0st_vol,0capacity,0net_inf,0st_rof,0lt_rof,0rest_demand,0unrest_demand,0unfulf_demand,0wastewater,0treat_capacity,0agg_price,0res_price,0gross_rev,0drought_cost,0cont_contrib,0debt_serv,0infra_npv,1st_vol,1capacity,1net_inf,1st_rof,1lt_rof,1rest_demand,1unrest_demand,1unfulf_demand,1wastewater,1treat_capacity,1agg_price,1res_price,1gross_rev,1drought_cost,1cont_contrib,1debt_serv,1infra_npv
85.139,85.139,10.0726,0.05,0,2.16737,2.46977,0,0,4.47552,4.17222e+06,2.70226e+06,9.04274e+06,0,0,0,0,62.3362,61.308,10.7523,0,1,1.73502,1.43262,0,0,2.1168,8.67071e+06,3.61194e+06,1.50438e+07,0,0,0,0
85.139,85.139,11.6879,0.05,0,2.18911,2.47078,0,0.406166,4.47552,4.17222e+06,2.70226e+06,9.13345e+06,0,0,0,0,62.3362,61.308,12.1944,0,1,1.71486,1.4332,0,1.34047,2.1168,8.67071e+06,3.61194e+06,1.48691e+07,0,0,0,0
85.139,85.139,9.03368,0.05,0,2.1907,2.47178,0,0.41024,4.47552,4.17222e+06,2.70226e+06,9.14007e+06,0,0,0,0,62.3362,61.308,9.64178,0,1,1.71486,1.43378,0,1.3249,2.1168,8.67071e+06,3.61194e+06,1.48691e+07,0,0,0,0
85.139,85.139,8.73229,0.05,0,2.19229,2.47279,0,0.410537,4.47552,4.17222e+06,2.70226e+06,9.1467e+06,0,0,0,0,62.3362,61.308,10.4007,0,1,1.71486,1.43436,0,1.3249,2.1168,8.67071e+06,3.61194e+06,1.48691e+07,0,0,0,0
85.139,85.139,7.0248,0.05,0,2.43516,2.71508,0,0.410835,4.47552,4.17222e+06,2.70226e+06,1.016e+07,0,0,0,0,62.3362,61.308,8.75679,0,1,1.88358,1.60367,0,1.3249,2.1168,8.67071e+06,3.61194e+06,1.6332e+07,0,0,0,0
85.139,85.139,6.73567,0.05,0,2.60557,2.71618,0,0.45635,4.47552,4.17222e+06,2.70226e+06,1.0871e+07,0,0,0,0,62.3362,61.308,8.98688,0,1,1.71493,1.60432,0,1.45526,2.1168,8.67071e+06,3.61194e+06,1.48697e+07,0,0,0,0
85.139,85.139,5.57858,0.05,0,2.60732,2.71729,0,0.488284,4.47552,4.17222e+06,2.70226e+06,1.08783e+07,0,0,0,0,62.3362,61.308,8.26714,0,1,1.71493,1.60497,0,1.32496,2.1168,8.67071e+06,3.61194e+06,1.48697e+07,0,0,0,0
85.139,85.139,6.47791,0.05,0,2.60908,2.71839,0,0.488613,4.47552,4.17222e+06,2.70226e+06,1.08856e+07,0,0,0,0,62.3362,61.308,8.49208,0,1,1.71493,1.60562,0,1.32496,2.1168,8.67071e+06,3.61194e+06,1.48697e+07,0,0,0,0
85.139,85.139,6.79626,0.05,0,2.26612,2.37478,0,0.488942,4.47552,4.17222e+06,2.70226e+06,9.45475e+06,0,0,0,0,62.3362,61.308,7.44225,0,1,1.48814,1.37948,0,1.32496,2.1168,8.67071e+06,3.61194e+06,1.29032e+07,0,0,0,0
85.139,85.139,6.14935,0.05,0,2.07335,2.37575,0,0.424672,4.47552,4.17222e+06,2.70226e+06,8.65044e+06,0,0,0,0,62.3362,61.308,8.73463,0,1,1.68244,1.38004,0,1.14974,2.1168,8.67071e+06,3.61194e+06,1.4588e+07,0,0,0,0
85.139,85.139,6.50088,0.05,0,2.07431,2.37671,0,0.388545,4.47552,4.17222e+06,2.70226e+06,8.65447e+06,0,0,0,0,62.3362,61.308,8.11401,0,1,1.683,1.3806,0,1.29986,2.1168,8.67071e+06,3.61194e+06,1.45928e+07,0,0,0,0
85.139,85.139,7.21193,0.05,0,2.07528,2.37768,0,0.388726,4.47552,4.17222e+06,2.70226e+06,8.65849e+06,0,0,0,0,62.3362,61.308,9.42028,0,1,1.68356,1.38116,0,1.30029,2.1168,8.67071e+06,3.61194e+06,1.45977e+07,0,0,0,0
85.139,85.139,6.36161,0.05,0,2.07624,2.37864,0,0.388907,4.47552,4.17222e+06,2.70226e+06,8.66252e+06,0,0,0,0,62.3362,61.308,7.89153,0,1,1.68413,1.38173,0,1.30072,2.1168,8.67071e+06,3.61194e+06,1.46026e+07,0,0,0,0
85.139,85.139,7.1488,0.05,0,2.16415,2.46655,0,0.389087,4.47552,4.17222e+06,2.70226e+06,9.02931e+06,0,0,0,0,62.3362,61.308,11.2715,0,1,1.74028,1.43788,0,1.30116,2.1168,8.67071e+06,3.61194e+06,1.50895e+07,0,0,0,0
85.139,85.139,6.8517,0.05,0,2.19115,2.46755,0,0.405562,4.47552,4.17222e+06,2.70226e+06,9.14196e+06,0,0,0,0,62.3362,61.308,11.3434,0,1,1.71486,1.43846,0,1.34454,2.1168,8.67071e+06,3.61194e+06,1.48691e+07,0,0,0,0
85.139,85.139,6.35803,0.05,0,2.19274,2.46855,0,0.410622,4.47552,4.17222e+06,2.70226e+06,9.14857e+06,0,0,0,0,62.3362,61.308,10.3695,0,1,1.71486,1.43905,0,1.3249,2.1168,8.67071e+06,3.61194e+06,1.48691e+07,0,0,0,0
85.139,85.139,5.5517,0.05,0,2.19432,2.46956,0,0.410919,4.47552,4.17222e+06,2.70226e+06,9.15519e+06,0,0,0,0,62.3362,61.308,7.9083,0,1,1.71486,1.43963,0,1.3249,2.1168,8.67071e+06,3.61194e+06,1.48691e+07,0,0,0,0
85.139,85.139,4.75441,0.05,0,2.16186,2.43651,0,0.411216,4.47552,4.17222e+06,2.70226e+06,9.01974e+06,0,0,0,0,62.3362,61.308,6.32395,0,1,1.69324,1.41859,0,1.3249,2.1168,8.67071e+06,3.61194e+06,1.46816e+07,0,0,0,0
85.139,85.139,4.37866,0.05,0,2.1418,2.43749,0,0.405132,4.47552,4.17222e+06,2.70226e+06,8.93606e+06,0,0,0,0,62.3362,61.308,5.33352,0,1,1.71486,1.41916,0,1.30819,2.1168,8.67071e+06,3.61194e+06,1.4869e+07,0,0,0,0
85.139,85.139,4.00191,0.05,0,2.14337,2.43848,0,0.401374,4.47552,4.17222e+06,2.70226e+06,8.94258e+06,0,0,0,0,62.3362,61.308,5.08766,0,1,1.71486,1.41974,0,1.3249,2.1168,8.67071e+06,3.61194e+06,1.4869e+07,0,0,0,0
85.139,85.139,3.74754,0.04,0,2.14493,2.43947,0,0.401667,4.47552,4.17222e+06,2.70226e+06,8.94911e+06,0,0,0,0,62.3362,61.308,5.14853,0,1,1.71486,1.42031,0,1.3249,2.1168,8.67071e+06,3.61194e+06,1.4869e+07,0,0,0,0
85.139,85.139,3.60276,0.04,0,2.26226,2.55623,0,0.40196,4.47552,4.17222e+06,2.70226e+06,9.43865e+06,0,0,0,0,62.3362,61.308,4.29033,0,1,1.79168,1.49771,0,1.3249,2.1168,8.67071e+06,3.61194e+06,1.55351e+07,0,0,0,0
85.139,85.139,3.24777,0.04,0,2.3407,2.55727,0,0.423948,4.47552,4.17222e+06,2.70226e+06,9.76589e+06,0,0,0,0,62.3362,61.308,4.18967,0,1,1.71489,1.49832,0,1.38425,2.1168,8.67071e+06,3.61194e+06,1.48693e+07,0,0,0,0
85.139,85.139,3.12374,0.03,0,2.34234,2.5583,0,0.438646,4.47552,4.17222e+06,2.70226e+06,9.77274e+06,0,0,0,0,62.3362,61.308,4.01342,0,1,1.71489,1.49893,0,1.32492,2.1168,8.67071e+06,3.61194e+06,1.48693e+07,0,0,0,0
85.139,85.139,2.81035,0.02,0,2.34398,2.55934,0,0.438954,4.47552,4.17222e+06,2.70226e+06,9.7796e+06,0,0,0,0,62.3362,61.308,3.34279,0,1,1.71489,1.49953,0,1.32492,2.1168,8.67071e+06,3.61194e+06,1.48693e+07,0,0,0,0
85.139,85.139,2.71843,0.02,0,2.34563,2.56037,0,0.439262,4.47552,4.17222e+06,2.70226e+06,9.78646e+06,0,0,0,0,62.3362,61.308,3.25887,0,1,1.71489,1.50014,0,1.32492,2.1168,8.67071e+06,3.61194e+06,1.48693e+07,0,0,0,0
84.9841,85.139,2.48524,0.02,0,2.32433,2.53847,0,0.439571,4.47552,4.17222e+06,2.70226e+06,9.69761e+06,0,0,0,0,62.3362,61.308,4.43229,0,1,1.7572,1.54306,0,1.32492,2.1168,8.67071e+06,3.61194e+06,1.52361e+07,0,0,0,0
84.587,85.139,2.27545,0.03,0,2.36827,2.5395,0,0.43558,4.47552,4.17222e+06,2.70226e+06,9.88095e+06,0,0,0,0,62.3362,61.308,4.4624,0,1,1.71491,1.54368,0,1.35761,2.1168,8.67071e+06,3.61194e+06,1.48694e+07,0,0,0,0
83.9835,85.139,2.0553,0.03,0,2.36993,2.54053,0,0.443815,4.47552,4.17222e+06,2.70226e+06,9.88785e+06,0,0,0,0,62.3362,61.308,3.96478,0,1,1.71491,1.54431,0,1.32494,2.1168,8.67071e+06,3.61194e+06,1.48695e+07,0,0,0,0
83.3226,85.139,1.95638,0.03,0,2.37158,2.54156,0,0.444125,4.47552,4.17222e+06,2.70226e+06,9.89475e+06,0,0,0,0,62.3362,61.308,3.86755,0,1,1.71491,1.54493,0,1.32494,2.1168,8.67071e+06,3.61194e+06,1.48695e+07,0,0,0,0
82.3666,85.139,1.6653,0.03,0,2.43257,2.60192,0,0.444434,4.47552,4.17222e+06,2.70226e+06,1.01492e+07,0,0,0,0,62.3362,61.308,3.46417,0,1,1.75267,1.58332,0,1.32494,2.1168,8.67071e+06,3.61194e+06,1.51969e+07,0,0,0,0
81.3957,85.139,1.7137,0.03,0,2.47202,2.60298,0,0.455865,4.47552,4.17222e+06,2.70226e+06,1.03138e+07,0,0,0,0,62.3362,61.308,3.91786,0,1,1.71492,1.58396,0,1.35411,2.1168,8.67071e+06,3.61194e+06,1.48696e+07,0,0,0,0
80.3235,85.139,1.57624,0.03,0,2.47371,2.60403,0,0.463257,4.47552,4.17222e+06,2.70226e+06,1.03209e+07,0,0,0,0,62.2938,61.308,3.7602,0,1,1.71492,1.5846,0,1.32495,2.1168,8.67071e+06,3.61194e+06,1.48696e+07,0,0,0,0
79.1245,85.139,1.43497,0.03,0,2.47541,2.60508,0,0.463574,4.47552,4.17222e+06,2.70226e+06,1.03279e+07,0,0,0,0,62.1947,61.308,3.26146,0,1,1.71492,1.58525,0,1.32495,2.1168,8.67071e+06,3.61194e+06,1.48696e+07,0,0,0,0
77.8592,85.139,1.49623,0.04,0,2.65116,2.78019,0,0.463892,4.47552,4.17222e+06,2.70226e+06,1.10612e+07,0,0,0,0,62.2505,61.308,4.28137,0,1,1.85146,1.72243,0,1.32495,2.1168,8.67071e+06,3.61194e+06,1.60535e+07,0,0,0,0
76.1875,85.139,1.17141,0.04,0,2.78132,2.78132,0,0.496827,4.47552,4.17222e+06,2.70226e+06,1.16042e+07,0,0,0,0,62.1589,61.308,3.89103,0,1,1.72312,1.72312,0,1.43044,2.1168,8.67071e+06,3.61194e+06,1.49407e+07,0,0,0,0
74.4143,85.139,1.04989,0.04,0,2.78244,2.78244,0,0.521219,4.47552,4.17222e+06,2.70226e+06,1.16089e+07,0,0,0,0,61.982,61.308,3.61225,0,1,1.72382,1.72382,0,1.33128,2.1168,8.67071e+06,3.61194e+06,1.49467e+07,0,0,0,0
72.8424,85.139,1.24299,0.04,0,2.78357,2.78357,0,0.521429,4.47552,4.17222e+06,2.70226e+06,1.16136e+07,0,0,0,0,61.8671,61.308,3.91327,0,1,1.72452,1.72452,0,1.33182,2.1168,8.67071e+06,3.61194e+06,1.49528e+07,0,0,0,0
72.0784,85.139,2.1212,0.04,0,2.78469,2.78469,0,0.52164,4.47552,4.17222e+06,2.70226e+06,1.16183e+07,0,0,0,0,62.0108,61.308,4.66468,0,1,1.72521,1.72521,0,1.33236,2.1168,8.67071e+06,3.61194e+06,1.49588e+07,0,0,0,0
70.9675,85.139,1.59652,0.05,0,2.70082,2.70082,0,0.521851,4.47552,4.17222e+06,2.70226e+06,1.12684e+07,0,0,0,0,62.2033,61.308,4.85216,0,1,1.64287,1.64287,0,1.3329,2.1168,8.67071e+06,3.61194e+06,1.42449e+07,0,0,0,0
69.8983,85.139,1.65919,0.05,0,2.6305,2.70191,0,0.506134,4.47552,4.17222e+06,2.70226e+06,1.0975e+07,0,0,0,0,62.3362,61.308,5.92421,0,1,1.71494,1.64353,0,1.26928,2.1168,8.67071e+06,3.61194e+06,1.48698e+07,0,0,0,0
68.8319,85.139,1.67501,0.05,0,2.63226,2.703,0,0.492956,4.47552,4.17222e+06,2.70226e+06,1.09823e+07,0,0,0,0,62.3362,61.308,6.18079,0,1,1.71494,1.6442,0,1.32497,2.1168,8.67071e+06,3.61194e+06,1.48698e+07,0,0,0,0
67.8895,85.139,1.8371,0.05,0,2.63401,2.7041,0,0.493285,4.47552,4.17222e+06,2.70226e+06,1.09897e+07,0,0,0,0,62.3362,61.308,6.59597,0,1,1.71494,1.64486,0,1.32497,2.1168,8.67071e+06,3.61194e+06,1.48698e+07,0,0,0,0
67.0875,85.139,1.99044,0.09,0,2.56589,2.63531,0,0.493614,4.47552,4.17222e+06,2.70226e+06,1.07054e+07,0,0,0,0,62.3362,61.308,5.68502,0,1,1.63923,1.56982,0,1.32497,2.1168,8.67071e+06,3.61194e+06,1.42133e+07,0,0,0,0
65.9152,85.139,1.47313,0.09,0,2.49191,2.63637,0,0.480848,4.47552,4.17222e+06,2.70226e+06,1.03968e+07,0,0,0,0,62.0516,61.308,1.9551,0,1,1.71491,1.57045,0,1.26647,2.1168,8.67071e+06,3.61194e+06,1.48695e+07,0,0,0,0
65.4588,85.139,2.22148,0.09,0,2.49361,2.63744,0,0.466984,4.47552,4.17222e+06,2.70226e+06,1.04039e+07,0,0,0,0,62.3362,61.308,5.3604,0,1,1.71491,1.57109,0,1.32494,2.1168,8.67071e+06,3.61194e+06,1.48695e+07,0,0,0,0
67.9963,85.139,5.40132,0.09,0,2.49531,2.6385,0,0.467302,4.47552,4.17222e+06,2.70226e+06,1.0411e+07,0,0,0,0,62.3362,61.308,9.43516,0,1,1.71491,1.57172,0,1.32494,2.1168,8.67071e+06,3.61194e+06,1.48695e+07,0,0,0,0
68.4722,85.139,3.09921,0.08,0,2.29822,2.44078,0,0.46762,4.47552,4.17222e+06,2.70226e+06,9.58865e+06,0,0,0,0,62.3362,61.308,6.35416,0,1,1.55698,1.41442,0,1.32494,2.1168,8.67071e+06,3.61194e+06,1.35001e+07,0,0,0,0
72.3907,85.139,6.52193,0.04,0,2.1419,2.44176,0,0.430686,4.47552,4.17222e+06,2.70226e+06,8.93646e+06,0,0,0,0,62.3362,61.308,13.3845,0,1,1.71485,1.41499,0,1.20292,2.1168,8.67071e+06,3.61194e+06,1.4869e+07,0,0,0,0
73.6885,85.139,3.89106,0.04,0,2.14346,2.44275,0,0.401392,4.47552,4.17222e+06,2.70226e+06,8.94296e+06,0,0,0,0,62.3362,61.308,10.0518,0,1,1.71485,1.41556,0,1.32489,2.1168,8.67071e+06,3.61194e+06,1.4869e+07,0,0,0,0
73.9548,85.139,2.77736,0.04,0,2.14501,2.44373,0,0.401684,4.47552,4.17222e+06,2.70226e+06,8.94946e+06,0,0,0,0,62.3362,61.308,5.98781,0,1,1.71485,1.41613,0,1.32489,2.1168,8.67071e+06,3.61194e+06,1.4869e+07,0,0,0,0
75.8651,85.139,4.53041,0.03,0,2.14657,2.44472,0,0.401975,4.47552,4.17222e+06,2.70226e+06,8.95595e+06,0,0,0,0,62.3362,61.308,9.48761,0,1,1.71485,1.4167,0,1.32489,2.1168,8.67071e+06,3.61194e+06,1.4869e+07,0,0,0,0
79.0847,85.139,6.05318,0.03,0,2.22472,2.5223,0,0.402267,4.47552,4.17222e+06,2.70226e+06,9.28203e+06,0,0,0,0,62.3362,61.308,11.1349,0,1,1.76067,1.46309,0,1.32489,2.1168,8.67071e+06,3.61194e+06,1.52662e+07,0,0,0,0
82.0267,85.139,5.79092,0.04,0,2.2721,2.52329,0,0.416913,4.47552,4.17222e+06,2.70226e+06,9.47968e+06,0,0,0,0,62.3362,61.308,11.8211,0,1,1.71485,1.46366,0,1.36029,2.1168,8.67071e+06,3.61194e+06,1.4869e+07,0,0,0,0
85.139,85.139,6.18468,0.03,0,2.27365,2.52428,0,0.425791,4.47552,4.17222e+06,2.70226e+06,9.48618e+06,0,0,0,0,62.3362,61.308,9.83727,0,1,1.71485,1.46423,0,1.32489,2.1168,8.67071e+06,3.61194e+06,1.4869e+07,0,0,0,0
85.139,85.139,6.14002,0.01,0,2.27521,2.52526,0,0.426083,4.47552,4.17222e+06,2.70226e+06,9.49268e+06,0,0,0,0,62.3362,61.308,9.61527,0,1,1.71485,1.4648,0,1.32489,2.1168,8.67071e+06,3.61194e+06,1.4869e+07,0,0,0,0
85.139,85.139,6.42348,0.02,0,2.52318,2.77265,0,0.426375,4.47552,4.17222e+06,2.70226e+06,1.05272e+07,0,0,0,0,62.3362,61.308,10.2712,0,1,1.88715,1.63767,0,1.32489,2.1168,8.67071e+06,3.61194e+06,1.63629e+07,0,0,0,0
85.139,85.139,7.6182,0.02,0,2.69713,2.77374,0,0.472843,4.47552,4.17222e+06,2.70226e+06,1.1253e+07,0,0,0,0,62.3362,61.308,11.2723,0,1,1.71492,1.63831,0,1.45801,2.1168,8.67071e+06,3.61194e+06,1.48696e+07,0,0,0,0
85.139,85.139,7.24188,0.03,0,2.69885,2.77482,0,0.505442,4.47552,4.17222e+06,2.70226e+06,1.12602e+07,0,0,0,0,62.3362,61.308,11.3731,0,1,1.71492,1.63895,0,1.32495,2.1168,8.67071e+06,3.61194e+06,1.48696e+07,0,0,0,0
85.139,85.139,6.76227,0.04,0,2.70058,2.7759,0,0.505765,4.47552,4.17222e+06,2.70226e+06,1.12674e+07,0,0,0,0,62.3362,61.308,14.1443,0,1,1.71492,1.63959,0,1.32495,2.1168,8.67071e+06,3.61194e+06,1.48696e+07,0,0,0,0
85.139,85.139,7.19502,0.05,0,2.3503,2.42499,0,0.506088,4.47552,4.17222e+06,2.70226e+06,9.80596e+06,0,0,0,0,62.3362,61.308,16.1044,0,1,1.48333,1.40865,0,1.32495,2.1168,8.67071e+06,3.61194e+06,1.28616e+07,0,0,0,0
85.139,85.139,7.249,0.05,0,2.12354,2.42594,0,0.440447,4.47552,4.17222e+06,2.70226e+06,8.85984e+06,0,0,0,0,62.3362,61.308,13.1085,0,1,1.7116,1.4092,0,1.14602,2.1168,8.67071e+06,3.61194e+06,1.48408e+07,0,0,0,0
85.139,85.139,10.3383,0.05,0,2.12448,2.42688,0,0.39795,4.47552,4.17222e+06,2.70226e+06,8.8638e+06,0,0,0,0,62.3362,61.308,27.1678,0,1,1.71215,1.40975,0,1.32238,2.1168,8.67071e+06,3.61194e+06,1.48455e+07,0,0,0,0
85.139,85.139,12.2824,0.05,0,2.12543,2.42783,0,0.398128,4.47552,4.17222e+06,2.70226e+06,8.86775e+06,0,0,0,0,62.3362,61.308,26.0507,0,1,1.7127,1.4103,0,1.32281,2.1168,8.67071e+06,3.61194e+06,1.48503e+07,0,0,0,0
85.139,85.139,7.77607,0.05,0,2.12638,2.42878,0,0.398306,4.47552,4.17222e+06,2.70226e+06,8.8717e+06,0,0,0,0,62.3362,61.308,11.8216,0,1,1.71325,1.41085,0,1.32323,2.1168,8.67071e+06,3.61194e+06,1.48551e+07,0,0,0,0
85.139,85.139,10.7941,0.05,0,2.2161,2.5185,0,0.398483,4.47552,4.17222e+06,2.70226e+06,9.24606e+06,0,0,0,0,62.3362,61.308,34.5154,0,1,1.77057,1.46817,0,1.32366,2.1168,8.67071e+06,3.61194e+06,1.53521e+07,0,0,0,0
85.139,85.139,7.40749,0.05,0,2.27337,2.51949,0,0.415298,4.47552,4.17222e+06,2.70226e+06,9.48499e+06,0,0,0,0,62.3362,61.308,25.2088,0,1,1.71485,1.46874,0,1.36794,2.1168,8.67071e+06,3.61194e+06,1.4869e+07,0,0,0,0
85.139,85.139,5.94691,0.05,0,2.27493,2.52047,0,0.42603,4.47552,4.17222e+06,2.70226e+06,9.49148e+06,0,0,0,0,62.3362,61.308,22.9774,0,1,1.71485,1.46931,0,1.3249,2.1168,8.67071e+06,3.61194e+06,1.4869e+07,0,0,0,0
85.139,85.139,5.56203,0.05,0,2.27648,2.52145,0,0.426321,4.47552,4.17222e+06,2.70226e+06,9.49798e+06,0,0,0,0,62.3362,61.308,25.0487,0,1,1.71485,1.46988,0,1.3249,2.1168,8.67071e+06,3.61194e+06,1.4869e+07,0,0,0,0
85.139,85.139,6.04551,0.05,0,2.24327,2.48767,0,0.426613,4.47552,4.17222e+06,2.70226e+06,9.35942e+06,0,0,0,0,62.3362,61.308,16.5019,0,1,1.69277,1.44838,0,1.3249,2.1168,8.67071e+06,3.61194e+06,1.46775e+07,0,0,0,0
85.139,85.139,5.94527,0.05,0,2.22274,2.48864,0,0.42039,4.47552,4.17222e+06,2.70226e+06,9.27373e+06,0,0,0,0,62.3362,61.308,12.6307,0,1,1.71484,1.44894,0,1.30784,2.1168,8.67071e+06,3.61194e+06,1.48689e+07,0,0,0,0
85.139,85.139,5.26773,0.05,0,2.22427,2.48961,0,0.416541,4.47552,4.17222e+06,2.70226e+06,9.28014e+06,0,0,0,0,62.3362,61.308,11.895,0,1,1.71485,1.44951,0,1.32489,2.1168,8.67071e+06,3.61194e+06,1.48689e+07,0,0,0,0
85.139,85.139,4.98215,0.04,0,2.22581,2.49058,0,0.416829,4.47552,4.17222e+06,2.70226e+06,9.28655e+06,0,0,0,0,62.3362,61.308,11.3787,0,1,1.71485,1.45007,0,1.32489,2.1168,8.67071e+06,3.61194e+06,1.48689e+07,0,0,0,0
85.139,85.139,4.78147,0.04,0,2.34554,2.60974,0,0.417116,4.47552,4.17222e+06,2.70226e+06,9.78608e+06,0,0,0,0,62.3362,61.308,10.2722,0,1,1.79327,1.52907,0,1.32489,2.1168,8.67071e+06,3.61194e+06,1.5549e+07,0,0,0,0
85.139,85.139,4.78176,0.04,0,2.42555,2.61076,0,0.439553,4.47552,4.17222e+06,2.70226e+06,1.01199e+07,0,0,0,0,62.3362,61.308,8.74568,0,1,1.71488,1.52966,0,1.38548,2.1168,8.67071e+06,3.61194e+06,1.48692e+07,0,0,0,0
85.139,85.139,4.02373,0.03,0,2.42716,2.61178,0,0.454548,4.47552,4.17222e+06,2.70226e+06,1.01266e+07,0,0,0,0,62.3362,61.308,8.90257,0,1,1.71488,1.53026,0,1.32491,2.1168,8.67071e+06,3.61194e+06,1.48692e+07,0,0,0,0
85.139,85.139,4.10169,0.02,0,2.42877,2.6128,0,0.45485,4.47552,4.17222e+06,2.70226e+06,1.01334e+07,0,0,0,0,62.3362,61.308,7.14715,0,1,1.71488,1.53085,0,1.32491,2.1168,8.67071e+06,3.61194e+06,1.48692e+07,0,0,0,0
85.139,85.139,3.51437,0.02,0,2.43039,2.61381,0,0.455152,4.47552,4.17222e+06,2.70226e+06,1.01401e+07,0,0,0,0,62.3362,61.308,6.31676,0,1,1.71488,1.53145,0,1.32491,2.1168,8.67071e+06,3.61194e+06,1.48692e+07,0,0,0,0
85.139,85.139,3.76796,0.02,0,2.40858,2.59141,0,0.455455,4.47552,4.17222e+06,2.70226e+06,1.00491e+07,0,0,0,0,62.3362,61.308,4.9142,0,1,1.75807,1.57524,0,1.32491,2.1168,8.67071e+06,3.61194e+06,1.52437e+07,0,0,0,0
85.139,85.139,3.56078,0.02,0,2.45338,2.59242,0,0.451369,4.47552,4.17222e+06,2.70226e+06,1.0236e+07,0,0,0,0,62.3362,61.308,4.73229,0,1,1.71489,1.57585,0,1.35828,2.1168,8.67071e+06,3.61194e+06,1.48694e+07,0,0,0,0
85.139,85.139,3.3716,0.02,0,2.455,2.59343,0,0.459763,4.47552,4.17222e+06,2.70226e+06,1.02428e+07,0,0,0,0,62.3362,61.308,4.47695,0,1,1.71489,1.57646,0,1.32493,2.1168,8.67071e+06,3.61194e+06,1.48694e+07,0,0,0,0
85.139,85.139,3.12901,0.02,0,2.45663,2.59444,0,0.460068,4.47552,4.17222e+06,2.70226e+06,1.02496e+07,0,0,0,0,62.3362,61.308,4.18476,0,1,1.71489,1.57708,0,1.32493,2.1168,8.67071e+06,3.61194e+06,1.48694e+07,0,0,0,0
85.0285,85.139,2.64498,0.02,0,2.51882,2.65603,0,0.460372,4.47552,4.17222e+06,2.70226e+06,1.05091e+07,0,0,0,0,62.3362,61.308,3.39481,0,1,1.75345,1.61624,0,1.32493,2.1168,8.67071e+06,3.61194e+06,1.52036e+07,0,0,0,0
84.976,85.139,2.7549,0.03,0,2.55902,2.65706,0,0.472028,4.47552,4.17222e+06,2.70226e+06,1.06768e+07,0,0,0,0,62.3362,61.308,3.76625,0,1,1.71491,1.61687,0,1.35471,2.1168,8.67071e+06,3.61194e+06,1.48695e+07,0,0,0,0
84.6916,85.139,2.48823,0.03,0,2.56069,2.65809,0,0.479561,4.47552,4.17222e+06,2.70226e+06,1.06837e+07,0,0,0,0,62.3191,61.308,3.61869,0,1,1.71491,1.6175,0,1.32494,2.1168,8.67071e+06,3.61194e+06,1.48695e+07,0,0,0,0
84.1955,85.139,2.26643,0.03,0,2.56235,2.65913,0,0.479873,4.47552,4.17222e+06,2.70226e+06,1.06907e+07,0,0,0,0,62.2362,61.308,3.13829,0,1,1.71491,1.61813,0,1.32494,2.1168,8.67071e+06,3.61194e+06,1.48695e+07,0,0,0,0
83.7595,85.139,2.4671,0.03,0,2.74168,2.83782,0,0.480185,4.47552,4.17222e+06,2.70226e+06,1.14389e+07,0,0,0,0,62.311,61.308,3.91896,0,1,1.85428,1.75813,0,1.32494,2.1168,8.67071e+06,3.61194e+06,1.60779e+07,0,0,0,0
83.1672,85.139,2.3869,0.03,0,2.83893,2.83893,0,0.51379,4.47552,4.17222e+06,2.70226e+06,1.18446e+07,0,0,0,0,62.3116,61.308,3.61247,0,1,1.75881,1.75881,0,1.43262,2.1168,8.67071e+06,3.61194e+06,1.52502e+07,0,0,0,0
82.7295,85.139,2.53903,0.03,0,2.84003,2.84003,0,0.532015,4.47552,4.17222e+06,2.70226e+06,1.18492e+07,0,0,0,0,62.3253,61.308,3.84653,0,1,1.7595,1.7595,0,1.35886,2.1168,8.67071e+06,3.61194e+06,1.52561e+07,0,0,0,0
82.5993,85.139,2.83863,0.03,0,2.84114,2.84114,0,0.532222,4.47552,4.17222e+06,2.70226e+06,1.18538e+07,0,0,0,0,62.3362,61.308,3.79449,0,1,1.76018,1.76018,0,1.35939,2.1168,8.67071e+06,3.61194e+06,1.5262e+07,0,0,0,0
81.7172,85.139,2.091,0.03,0,2.84224,2.84224,0,0.532429,4.47552,4.17222e+06,2.70226e+06,1.18584e+07,0,0,0,0,62.245,61.308,3.4915,0,1,1.76087,1.76087,0,1.35992,2.1168,8.67071e+06,3.61194e+06,1.5268e+07,0,0,0,0
81.1859,85.139,2.44421,0.03,0,2.75659,2.75659,0,0.532636,4.47552,4.17222e+06,2.70226e+06,1.15011e+07,0,0,0,0,62.3362,61.308,3.81722,0,1,1.6768,1.6768,0,1.36045,2.1168,8.67071e+06,3.61194e+06,1.4539e+07,0,0,0,0
82.1165,85.139,3.85221,0.03,0,2.72018,2.75766,0,0.516586,4.47552,4.17222e+06,2.70226e+06,1.13492e+07,0,0,0,0,62.3362,61.308,6.5955,0,1,1.71493,1.67745,0,1.29549,2.1168,8.67071e+06,3.61194e+06,1.48697e+07,0,0,0,0
81.3729,85.139,2.22818,0.03,0,2.72191,2.75874,0,0.509762,4.47552,4.17222e+06,2.70226e+06,1.13564e+07,0,0,0,0,62.3362,61.308,4.45441,0,1,1.71493,1.6781,0,1.32496,2.1168,8.67071e+06,3.61194e+06,1.48697e+07,0,0,0,0
80.4863,85.139,1.99878,0.03,0,2.72363,2.75981,0,0.510085,4.47552,4.17222e+06,2.70226e+06,1.13636e+07,0,0,0,0,62.3362,61.308,3.71293,0,1,1.71493,1.67875,0,1.32496,2.1168,8.67071e+06,3.61194e+06,1.48697e+07,0,0,0,0
79.7607,85.139,2.2449,0.03,0,2.65403,2.68956,0,0.510408,4.47552,4.17222e+06,2.70226e+06,1.10732e+07,0,0,0,0,62.3362,61.308,3.86419,0,1,1.63766,1.60214,0,1.32496,2.1168,8.67071e+06,3.61194e+06,1.41997e+07,0,0,0,0
78.9669,85.139,2.16038,0.03,0,2.57846,2.69061,0,0.497366,4.47552,4.17222e+06,2.70226e+06,1.07579e+07,0,0,0,0,62.3362,61.308,3.35586,0,1,1.7149,1.60276,0,1.26526,2.1168,8.67071e+06,3.61194e+06,1.48694e+07,0,0,0,0
77.6628,85.139,1.63843,0.05,0,2.58013,2.69165,0,0.483204,4.47552,4.17222e+06,2.70226e+06,1.07649e+07,0,0,0,0,62.3362,61.308,2.8107,0,1,1.7149,1.60338,0,1.32493,2.1168,8.67071e+06,3.61194e+06,1.48694e+07,0,0,0,0
78.5817,85.139,3.83107,0.05,0,2.5818,2.6927,0,0.483516,4.47552,4.17222e+06,2.70226e+06,1.07718e+07,0,0,0,0,62.3362,61.308,4.14304,0,1,1.7149,1.604,0,1.32493,2.1168,8.67071e+06,3.61194e+06,1.48694e+07,0,0,0,0
83.6905,85.139,8.18859,0.04,0,2.3806,2.49087,0,0.483829,4.47552,4.17222e+06,2.70226e+06,9.93237e+06,0,0,0,0,62.3362,61.308,6.14917,0,1,1.55372,1.44345,0,1.32493,2.1168,8.67071e+06,3.61194e+06,1.34719e+07,0,0,0,0
85.139,85.139,5.66033,0.03,0,2.22101,2.49184,0,0.446124,4.47552,4.17222e+06,2.70226e+06,9.26653e+06,0,0,0,0,62.3362,61.308,3.57208,0,1,1.71484,1.44401,0,1.20041,2.1168,8.67071e+06,3.61194e+06,1.48689e+07,0,0,0,0
85.139,85.139,4.33748,0.02,0,2.22254,2.49281,0,0.416217,4.47552,4.17222e+06,2.70226e+06,9.2729e+06,0,0,0,0,62.3362,61.308,4.49368,0,1,1.71484,1.44457,0,1.32489,2.1168,8.67071e+06,3.61194e+06,1.48689e+07,0,0,0,0
85.139,85.139,4.29656,0.03,0,2.22407,2.49378,0,0.416503,4.47552,4.17222e+06,2.70226e+06,9.27928e+06,0,0,0,0,62.3362,61.308,7.63919,0,1,1.71484,1.44513,0,1.32489,2.1168,8.67071e+06,3.61194e+06,1.48689e+07,0,0,0,0
85.139,85.139,4.50131,0.03,0,2.22559,2.49474,0,0.41679,4.47552,4.17222e+06,2.70226e+06,9.28566e+06,0,0,0,0,62.3362,61.308,6.18906,0,1,1.71484,1.44569,0,1.32489,2.1168,8.67071e+06,3.61194e+06,1.48689e+07,0,0,0,0
85.139,85.139,3.91466,0.04,0,2.30529,2.57387,0,0.417076,4.47552,4.17222e+06,2.70226e+06,9.61815e+06,0,0,0,0,62.3362,61.308,4.23052,0,1,1.76159,1.493,0,1.32489,2.1168,8.67071e+06,3.61194e+06,1.52743e+07,0,0,0,6.40623e+07
85.139,85.139,3.32777,0.04,0,2.35356,2.57484,0,0.43201,4.47552,4.17222e+06,2.70226e+06,9.81957e+06,0,0,0,0,62.3362,61.308,4.44084,0,1,1.71484,1.49356,0,1.36101,2.1168,8.67071e+06,3.61194e+06,1.48689e+07,0,0,0,6.40623e+07
85.139,85.139,11.685,0.04,0,2.35509,2.57581,0,0.441058,4.47552,4.17222e+06,2.70226e+06,9.82594e+06,0,0,0,0,62.3362,61.308,14.7664,0,1,1.71484,1.49412,0,1.32489,2.1168,8.67071e+06,3.61194e+06,1.48689e+07,0,0,0,6.40623e+07
85.139,85.139,14.3993,0.05,0,2.35662,2.57677,0,0.441344,4.47552,4.17222e+06,2.70226e+06,9.83231e+06,0,0,0,0,62.3362,61.308,24.1984,0,1,1.71484,1.49468,0,1.32489,2.1168,8.67071e+06,3.61194e+06,1.48689e+07,0,0,0,6.40623e+07
85.139,85.139,8.03285,0.05,0,2.60957,2.82917,0,0.44163,4.47552,4.17222e+06,2.70226e+06,1.08877e+07,0,0,0,0,62.3362,61.308,16.1871,0,1,1.89065,1.67105,0,1.32489,2.1168,8.67071e+06,3.61194e+06,1.63933e+07,0,0,0,6.40623e+07
85.139,85.139,5.67117,0.05,0,2.787,2.83023,0,0.489033,4.47552,4.17222e+06,2.70226e+06,1.1628e+07,0,0,0,0,62.3362,61.308,10.682,0,1,1.71491,1.67168,0,1.46072,2.1168,8.67071e+06,3.61194e+06,1.48695e+07,0,0,0,6.40623e+07
85.139,85.139,4.79301,0.05,0,2.78869,2.83129,0,0.522284,4.47552,4.17222e+06,2.70226e+06,1.1635e+07,0,0,0,0,62.3362,61.308,8.74752,0,1,1.71491,1.67231,0,1.32494,2.1168,8.67071e+06,3.61194e+06,1.48695e+07,0,0,0,6.40623e+07
85.139,85.139,4.06934,0.05,0,2.79038,2.83235,0,0.5226,4.47552,4.17222e+06,2.70226e+06,1.16421e+07,0,0,0,0,62.3362,61.308,8.0136,0,1,1.71491,1.67293,0,1.32494,2.1168,8.67071e+06,3.61194e+06,1.48695e+07,0,0,0,6.40623e+07
85.139,85.139,5.0284,0.05,0,2.43291,2.47426,0,0.522917,4.47552,4.17222e+06,2.70226e+06,1.01506e+07,0,0,0,0,62.3362,61.308,8.27178,0,1,1.47862,1.43727,0,1.32494,2.1168,8.67071e+06,3.61194e+06,1.28207e+07,0,0,0,6.40623e+07
85.139,85.139,6.8578,0.05,0,2.19818,2.47519,0,0.455928,4.47552,4.17222e+06,2.70226e+06,9.17126e+06,0,0,0,0,62.3362,61.308,7.8107,0,1,1.71482,1.43781,0,1.14238,2.1168,8.67071e+06,3.61194e+06,1.48687e+07,0,0,0,6.40623e+07
85.139,85.139,5.43586,0.05,0,2.19964,2.47611,0,0.411938,4.47552,4.17222e+06,2.70226e+06,9.17738e+06,0,0,0,0,62.3362,61.308,6.06592,0,1,1.71482,1.43835,0,1.32487,2.1168,8.67071e+06,3.61194e+06,1.48687e+07,0,0,0,6.40623e+07
85.139,85.139,4.39626,0.05,0,2.20111,2.47704,0,0.412213,4.47552,4.17222e+06,2.70226e+06,9.1835e+06,0,0,0,0,62.3362,61.308,4.37855,0,1,1.71482,1.43889,0,1.32487,2.1168,8.67071e+06,3.61194e+06,1.48687e+07,0,0,0,6.40623e+07
85.139,85.139,4.95587,0.05,0,2.20258,2.47797,0,0.412488,4.47552,4.17222e+06,2.70226e+06,9.18962e+06,0,0,0,0,62.3362,61.308,5.68085,0,1,1.71482,1.43943,0,1.32487,2.1168,8.67071e+06,3.61194e+06,1.48687e+07,0,0,0,6.40623e+07
85.139,85.139,3.71949,0.05,0,2.29462,2.56947,0,0.412763,4.47552,4.17222e+06,2.70226e+06,9.57364e+06,0,0,0,0,62.3362,61.308,3.51496,0,1,1.77273,1.49788,0,1.32487,2.1168,8.67071e+06,3.61194e+06,1.53709e+07,0,0,0,6.40623e+07
85.139,85.139,6.07915,0.05,0,2.35403,2.57044,0,0.430011,4.47552,4.17222e+06,2.70226e+06,9.82154e+06,0,0,0,0,62.3362,61.308,5.45782,0,1,1.71484,1.49844,0,1.36961,2.1168,8.67071e+06,3.61194e+06,1.48689e+07,0,0,0,6.40623e+07
85.139,85.139,4.77503,0.05,0,2.35556,2.5714,0,0.441146,4.47552,4.17222e+06,2.70226e+06,9.8279e+06,0,0,0,0,62.3362,61.308,4.59271,0,1,1.71484,1.499,0,1.32489,2.1168,8.67071e+06,3.61194e+06,1.48689e+07,0,0,0,6.40623e+07
85.139,85.139,3.7845,0.05,0,2.35708,2.57236,0,0.441432,4.47552,4.17222e+06,2.70226e+06,9.83426e+06,0,0,0,0,62.3362,61.308,3.58962,0,1,1.71484,1.49956,0,1.32489,2.1168,8.67071e+06,3.61194e+06,1.48689e+07,0,0,0,6.40623e+07
85.139,85.139,3.76934,0.05,0,2.32314,2.53786,0,0.441717,4.47552,4.17222e+06,2.70226e+06,9.69264e+06,0,0,0,0,62.2906,61.308,3.38438,0,1,1.69231,1.4776,0,1.32489,2.1168,8.67071e+06,3.61194e+06,1.46736e+07,0,0,0,6.40623e+07
85.139,85.139,3.12652,0.05,0,2.30213,2.53881,0,0.435357,4.47552,4.17222e+06,2.70226e+06,9.60496e+06,0,0,0,0,62.3085,61.308,2.97295,0,1,1.71483,1.47815,0,1.30748,2.1168,8.67071e+06,3.61194e+06,1.48688e+07,0,0,0,6.40623e+07
85.139,85.139,2.81166,0.05,0,2.30363,2.53976,0,0.431418,4.47552,4.17222e+06,2.70226e+06,9.61123e+06,0,0,0,0,62.3362,61.308,2.61564,0,1,1.71483,1.4787,0,1.32488,2.1168,8.67071e+06,3.61194e+06,1.48688e+07,0,0,0,6.40623e+07
85.139,85.139,2.70842,0.05,0,2.30513,2.54071,0,0.4317,4.47552,4.17222e+06,2.70226e+06,9.61751e+06,0,0,0,0,62.279,61.308,2.73032,0,1,1.71483,1.47926,0,1.32488,2.1168,8.67071e+06,3.61194e+06,1.48688e+07,0,0,0,6.40623e+07
84.9274,85.139,2.54187,0.05,0,2.42721,2.66223,0,0.431982,4.47552,4.17222e+06,2.70226e+06,1.01268e+07,0,0,0,0,62.3362,61.308,2.56942,0,1,1.79484,1.55982,0,1.32488,2.1168,8.67071e+06,3.61194e+06,1.55625e+07,0,0,0,6.40623e+07
84.6282,85.139,2.55638,0.07,0,2.50876,2.66322,0,0.454858,4.47552,4.17222e+06,2.70226e+06,1.04671e+07,0,0,0,0,62.3362,61.308,2.87816,0,1,1.71486,1.5604,0,1.38669,2.1168,8.67071e+06,3.61194e+06,1.48691e+07,0,0,0,6.40623e+07
84.4133,85.139,2.53399,0.07,0,2.51034,2.66422,0,0.470142,4.47552,4.17222e+06,2.70226e+06,1.04737e+07,0,0,0,0,62.3336,61.308,2.85484,0,1,1.71486,1.56098,0,1.3249,2.1168,8.67071e+06,3.61194e+06,1.48691e+07,0,0,0,6.40623e+07
83.9337,85.139,2.25154,0.05,0,2.51192,2.66522,0,0.470438,4.47552,4.17222e+06,2.70226e+06,1.04803e+07,0,0,0,0,62.2344,61.308,2.38202,0,1,1.71486,1.56157,0,1.3249,2.1168,8.67071e+06,3.61194e+06,1.48691e+07,0,0,0,6.40623e+07
83.3776,85.139,2.16212,0.05,0,2.5135,2.66622,0,0.470734,4.47552,4.17222e+06,2.70226e+06,1.04869e+07,0,0,0,0,61.9416,61.308,2.07712,0,1,1.71486,1.56215,0,1.3249,2.1168,8.67071e+06,3.61194e+06,1.48691e+07,0,0,0,6.40623e+07
82.4697,85.139,1.76482,0.05,0,2.4912,2.64332,0,0.471031,4.47552,4.17222e+06,2.70226e+06,1.03938e+07,0,0,0,0,61.5859,61.308,1.95641,0,1,1.75892,1.60679,0,1.3249,2.1168,8.67071e+06,3.61194e+06,1.52511e+07,0,0,0,6.40623e+07
81.4109,85.139,1.64352,0.04,0,2.53682,2.64431,0,0.46685,4.47552,4.17222e+06,2.70226e+06,1.05842e+07,0,0,0,0,61.2208,61.308,1.84,0,1,1.71488,1.60739,0,1.35894,2.1168,8.67071e+06,3.61194e+06,1.48692e+07,0,0,0,6.40623e+07
80.2242,85.139,1.50969,0.03,0,2.53841,2.6453,0,0.475401,4.47552,4.17222e+06,2.70226e+06,1.05908e+07,0,0,0,0,60.6873,61.308,1.83848,0,1,1.71488,1.60799,0,1.32492,2.1168,8.67071e+06,3.61194e+06,1.48692e+07,0,0,0,6.40623e+07
78.9214,85.139,1.38233,0.04,0,2.54,2.64629,0,0.475699,4.47552,4.17222e+06,2.70226e+06,1.05974e+07,0,0,0,0,60.0746,61.308,1.6367,0,1,1.71488,1.6086,0,1.32492,2.1168,8.67071e+06,3.61194e+06,1.48692e+07,0,0,0,6.40623e+07
77.5259,85.139,1.3125,0.04,0,2.60338,2.70906,0,0.475997,4.47552,4.17222e+06,2.70226e+06,1.08618e+07,0,0,0,0,59.4643,61.308,1.61479,0,1,1.7542,1.64852,0,1.32492,2.1168,8.67071e+06,3.61194e+06,1.52102e+07,0,0,0,6.40623e+07
76.1085,85.139,1.30187,0.04,0,2.64431,2.71007,0,0.487873,4.47552,4.17222e+06,2.70226e+06,1.10326e+07,0,0,0,0,58.8872,61.308,1.70828,0,1,1.7149,1.64913,0,1.3553,2.1168,8.67071e+06,3.61194e+06,1.48694e+07,0,0,0,6.40623e+07
74.5577,85.139,1.15672,0.04,0,2.64594,2.71109,0,0.495544,4.47552,4.17222e+06,2.70226e+06,1.10394e+07,0,0,0,0,58.1947,61.308,1.61244,0,1,1.7149,1.64975,0,1.32493,2.1168,8.67071e+06,3.61194e+06,1.48694e+07,0,0,0,6.40623e+07
72.9228,85.139,1.05933,0.04,0,2.64757,2.7121,0,0.495849,4.47552,4.17222e+06,2.70226e+06,1.10462e+07,0,0,0,0,57.4696,61.308,1.52038,0,1,1.7149,1.65037,0,1.32493,2.1168,8.67071e+06,3.61194e+06,1.48694e+07,0,0,0,6.40623e+07
71.0225,85.139,0.915392,0.07,0,2.8304,2.89431,0,0.496155,4.47552,4.17222e+06,2.70226e+06,1.1809e+07,0,0,0,0,56.4304,61.308,1.50978,0,1,1.85704,1.79313,0,1.32493,2.1168,8.67071e+06,3.61194e+06,1.61019e+07,0,0,0,6.40623e+07
69.3162,85.139,1.15732,0.07,0,2.89539,2.89539,0,0.530416,4.47552,4.17222e+06,2.70226e+06,1.20802e+07,0,0,0,0,55.6798,61.308,1.19149,0,1,1.7938,1.7938,0,1.43475,2.1168,8.67071e+06,3.61194e+06,1.55535e+07,0,0,0,6.40623e+07
67.5552,85.139,1.08832,0.07,0,2.89647,2.89647,0,0.542596,4.47552,4.17222e+06,2.70226e+06,1.20847e+07,0,0,0,0,54.9298,61.308,1.4619,0,1,1.79447,1.79447,0,1.38589,2.1168,8.67071e+06,3.61194e+06,1.55593e+07,0,0,0,6.40623e+07
65.7545,85.139,1.0339,0.11,0,2.89755,2.89755,0,0.542799,4.47552,4.17222e+06,2.70226e+06,1.20892e+07,0,0,0,0,54.1489,61.308,1.4351,0,1,1.79514,1.79514,0,1.3864,2.1168,8.67071e+06,3.61194e+06,1.55651e+07,0,0,0,6.40623e+07
63.9558,85.139,1.01775,0.11,0,2.89864,2.89864,0,0.543002,4.47552,4.17222e+06,2.70226e+06,1.20937e+07,0,0,0,0,53.2253,61.308,1.42305,0,1,1.79581,1.79581,0,1.38692,2.1168,8.67071e+06,3.61194e+06,1.55709e+07,0,0,0,6.40623e+07
62.7165,85.139,1.5291,0.11,0,2.81124,2.81124,0,0.543204,4.47552,4.17222e+06,2.70226e+06,1.17291e+07,0,0,0,0,52.3538,61.308,1.32126,0,1,1.71004,1.71004,0,1.38744,2.1168,8.67071e+06,3.61194e+06,1.48273e+07,0,0,0,6.40623e+07
61.9285,85.139,1.97123,0.12,0,2.80805,2.81229,0,0.526827,4.47552,4.17222e+06,2.70226e+06,1.17158e+07,0,0,0,0,52.0119,61.308,1.42146,0,1,1.71492,1.71068,0,1.32118,2.1168,8.67071e+06,3.61194e+06,1.48696e+07,0,0,0,6.40623e+07
60.8112,85.139,1.63285,0.14,0,2.80974,2.81334,0,0.526229,4.47552,4.17222e+06,2.70226e+06,1.17229e+07,0,0,0,0,51.5218,61.308,2.16747,0,1,1.71492,1.71132,0,1.32495,2.1168,8.67071e+06,3.61194e+06,1.48696e+07,0,0,0,6.40623e+07
59.4396,85.139,1.36492,0.14,0,2.81143,2.81439,0,0.526546,4.47552,4.17222e+06,2.70226e+06,1.17299e+07,0,0,0,0,50.5642,61.308,1.14562,0,1,1.71492,1.71196,0,1.32495,2.1168,8.67071e+06,3.61194e+06,1.48696e+07,0,0,0,6.40623e+07
58.2439,85.139,1.50785,0.14,0,2.74039,2.74271,0,0.526862,4.47552,4.17222e+06,2.70226e+06,1.14335e+07,0,0,0,0,50.2759,61.308,1.13673,0,1,1.63612,1.6338,0,1.32495,2.1168,8.67071e+06,3.61194e+06,1.41863e+07,0,0,0,6.40623e+07
58.4685,85.139,2.97463,0.14,0,2.66326,2.74374,0,0.513549,4.47552,4.17222e+06,2.70226e+06,1.11117e+07,0,0,0,0,50.1771,61.308,2.23999,0,1,1.71489,1.63441,0,1.26407,2.1168,8.67071e+06,3.61194e+06,1.48693e+07,0,0,0,6.40623e+07
61.4849,85.139,5.84011,0.14,0,2.66489,2.74476,0,0.499094,4.47552,4.17222e+06,2.70226e+06,1.11185e+07,0,0,0,0,50.7233,61.308,3.74544,0,1,1.71489,1.63502,0,1.32492,2.1168,8.67071e+06,3.61194e+06,1.48693e+07,0,0,0,6.40623e+07
63.045,85.139,4.35506,0.14,0,2.66652,2.74578,0,0.4994,4.47552,4.17222e+06,2.70226e+06,1.11253e+07,0,0,0,0,51.341,61.308,4.05264,0,1,1.71489,1.63563,0,1.32492,2.1168,8.67071e+06,3.61194e+06,1.48693e+07,0,0,0,6.40623e+07
65.9664,85.139,5.65562,0.13,0,2.46129,2.53994,0,0.499706,4.47552,4.17222e+06,2.70226e+06,1.0269e+07,0,0,0,0,51.7243,61.308,3.00469,0,1,1.55054,1.47188,0,1.32492,2.1168,8.67071e+06,3.61194e+06,1.34442e+07,0,0,0,6.40623e+07
66.8617,85.139,3.45647,0.13,0,2.29849,2.54089,0,0.461246,4.47552,4.17222e+06,2.70226e+06,9.58981e+06,0,0,0,0,51.5833,61.308,2.11583,0,1,1.71483,1.47243,0,1.19794,2.1168,8.67071e+06,3.61194e+06,1.48688e+07,0,0,0,6.40623e+07
68.7804,85.139,4.50958,0.13,0,2.29999,2.54184,0,0.430738,4.47552,4.17222e+06,2.70226e+06,9.59605e+06,0,0,0,0,51.1529,61.308,2.55487,0,1,1.71483,1.47298,0,1.32488,2.1168,8.67071e+06,3.61194e+06,1.48688e+07,0,0,0,6.40623e+07
71.1641,85.139,5.00793,0.1,0,2.30149,2.54278,0,0.431018,4.47552,4.17222e+06,2.70226e+06,9.60229e+06,0,0,0,0,50.7693,61.308,1.72364,0,1,1.71483,1.47353,0,1.32488,2.1168,8.67071e+06,3.61194e+06,1.48688e+07,0,0,0,6.40623e+07
75.2903,85.139,6.82394,0.11,0,2.30298,2.54373,0,0.431298,4.47552,4.17222e+06,2.70226e+06,9.60854e+06,0,0,0,0,51.5058,61.308,2.8593,0,1,1.71483,1.47408,0,1.32488,2.1168,8.67071e+06,3.61194e+06,1.48688e+07,0,0,0,6.40623e+07
77.0142,85.139,4.56616,0.05,0,2.38417,2.62438,0,0.431579,4.47552,4.17222e+06,2.70226e+06,9.94729e+06,0,0,0,0,52.365,61.308,3.62625,0,1,1.7625,1.5223,0,1.32488,2.1168,8.67071e+06,3.61194e+06,1.52821e+07,0,0,0,6.40623e+07
78.8377,85.139,4.82293,0.05,0,2.43334,2.62532,0,0.446794,4.47552,4.17222e+06,2.70226e+06,1.01524e+07,0,0,0,0,52.955,61.308,3.54154,0,1,1.71483,1.52284,0,1.3617,2.1168,8.67071e+06,3.61194e+06,1.48688e+07,0,0,0,6.40623e+07
85.139,85.139,12.2899,0.06,0,2.43483,2.62626,0,0.456007,4.47552,4.17222e+06,2.70226e+06,1.01586e+07,0,0,0,0,54.9772,61.308,6.3709,0,1,1.71483,1.52339,0,1.32488,2.1168,8.67071e+06,3.61194e+06,1.48688e+07,0,0,0,6.40623e+07
85.139,85.139,6.14955,0.04,0,2.43632,2.62721,0,0.456287,4.47552,4.17222e+06,2.70226e+06,1.01649e+07,0,0,0,0,56.4789,61.308,5.48263,0,1,1.71483,1.52394,0,1.32488,2.1168,8.67071e+06,3.61194e+06,1.48688e+07,0,0,0,6.40623e+07
85.139,85.139,6.23409,0.04,0,2.69416,2.8845,0,0.456566,4.47552,4.17222e+06,2.70226e+06,1.12406e+07,0,0,0,0,58.3901,61.308,6.42557,0,1,1.89408,1.70373,0,1.32488,2.1168,8.67071e+06,3.61194e+06,1.6423e+07,0,0,0,6.40623e+07
85.139,85.139,7.31375,0.04,0,2.87499,2.88554,0,0.504885,4.47552,4.17222e+06,2.70226e+06,1.19951e+07,0,0,0,0,59.8214,61.308,4.98468,0,1,1.71489,1.70435,0,1.46336,2.1168,8.67071e+06,3.61194e+06,1.48693e+07,0,0,0,6.40623e+07
85.139,85.139,7.96689,0.04,0,2.87664,2.88657,0,0.538773,4.47552,4.17222e+06,2.70226e+06,1.2002e+07,0,0,0,0,61.8137,61.308,6.36421,0,1,1.71489,1.70496,0,1.32493,2.1168,8.67071e+06,3.61194e+06,1.48693e+07,0,0,0,6.40623e+07
85.139,85.139,6.07732,0.04,0,2.87829,2.88761,0,0.539082,4.47552,4.17222e+06,2.70226e+06,1.20088e+07,0,0,0,0,62.3362,61.308,4.89293,0,1,1.71489,1.70557,0,1.32493,2.1168,8.67071e+06,3.61194e+06,1.48693e+07,0,0,0,6.40623e+07
85.139,85.139,6.03059,0.05,0,2.51379,2.52249,0,0.539392,4.47552,4.17222e+06,2.70226e+06,1.04881e+07,0,0,0,0,62.3362,61.308,4.98658,0,1,1.47399,1.46529,0,1.32493,2.1168,8.67071e+06,3.61194e+06,1.27806e+07,0,0,0,6.40623e+07
85.139,85.139,10.2374,0.05,0,2.27441,2.5234,0,0.471084,4.47552,4.17222e+06,2.70226e+06,9.48932e+06,0,0,0,0,62.3362,61.308,8.48764,0,1,1.71481,1.46581,0,1.13881,2.1168,8.67071e+06,3.61194e+06,1.48686e+07,0,0,0,6.40623e+07
85.139,85.139,11.4629,0.07,0,2.27584,2.52431,0,0.426224,4.47552,4.17222e+06,2.70226e+06,9.4953e+06,0,0,0,0,62.3362,61.308,10.0472,0,1,1.71481,1.46634,0,1.32486,2.1168,8.67071e+06,3.61194e+06,1.48686e+07,0,0,0,6.40623e+07
85.139,85.139,9.87189,0.07,0,2.27727,2.52521,0,0.426493,4.47552,4.17222e+06,2.70226e+06,9.50128e+06,0,0,0,0,62.3362,61.308,7.8419,0,1,1.71481,1.46687,0,1.32486,2.1168,8.67071e+06,3.61194e+06,1.48686e+07,0,0,0,6.40623e+07
85.139,85.139,12.4632,0.07,0,2.27871,2.52612,0,0.426761,4.47552,4.17222e+06,2.70226e+06,9.50726e+06,0,0,0,0,62.3362,61.308,7.49951,0,1,1.71481,1.46739,0,1.32486,2.1168,8.67071e+06,3.61194e+06,1.48686e+07,0,0,0,6.40623e+07
85.139,85.139,8.23225,0.07,0,2.37248,2.61936,0,0.42703,4.47552,4.17222e+06,2.70226e+06,9.89848e+06,0,0,0,0,62.3362,61.308,8.88628,0,1,1.77385,1.52696,0,1.32486,2.1168,8.67071e+06,3.61194e+06,1.53805e+07,0,0,0,6.40623e+07
85.139,85.139,6.42613,0.07,0,2.43298,2.6203,0,0.444602,4.47552,4.17222e+06,2.70226e+06,1.01509e+07,0,0,0,0,62.3362,61.308,5.94755,0,1,1.71483,1.52751,0,1.37047,2.1168,8.67071e+06,3.61194e+06,1.48688e+07,0,0,0,6.40623e+07
85.139,85.139,5.75523,0.07,0,2.43447,2.62124,0,0.455941,4.47552,4.17222e+06,2.70226e+06,1.01571e+07,0,0,0,0,62.3362,61.308,5.01729,0,1,1.71483,1.52806,0,1.32488,2.1168,8.67071e+06,3.61194e+06,1.48688e+07,0,0,0,6.40623e+07
85.139,85.139,5.29548,0.07,0,2.43596,2.62218,0,0.45622,4.47552,4.17222e+06,2.70226e+06,1.01634e+07,0,0,0,0,62.3362,61.308,5.74557,0,1,1.71483,1.52861,0,1.32488,2.1168,8.67071e+06,3.61194e+06,1.48688e+07,0,0,0,6.40623e+07
85.139,85.139,4.52677,0.07,0,2.4013,2.58697,0,0.456499,4.47552,4.17222e+06,2.70226e+06,1.00187e+07,0,0,0,0,62.3362,61.308,5.55392,0,1,1.69187,1.50619,0,1.32488,2.1168,8.67071e+06,3.61194e+06,1.46697e+07,0,0,0,6.40623e+07
85.139,85.139,4.12233,0.07,0,2.37981,2.5879,0,0.450003,4.47552,4.17222e+06,2.70226e+06,9.92909e+06,0,0,0,0,62.3362,61.308,4.95902,0,1,1.71482,1.50673,0,1.30714,2.1168,8.67071e+06,3.61194e+06,1.48687e+07,0,0,0,6.40623e+07
85.139,85.139,3.54597,0.07,0,2.38128,2.58883,0,0.445977,4.47552,4.17222e+06,2.70226e+06,9.93522e+06,0,0,0,0,62.3362,61.308,3.27408,0,1,1.71482,1.50727,0,1.32487,2.1168,8.67071e+06,3.61194e+06,1.48687e+07,0,0,0,6.40623e+07
85.139,85.139,3.82273,0.07,0,2.38275,2.58976,0,0.446252,4.47552,4.17222e+06,2.70226e+06,9.94135e+06,0,0,0,0,62.3362,61.308,3.3419,0,1,1.71482,1.50781,0,1.32487,2.1168,8.67071e+06,3.61194e+06,1.48687e+07,0,0,0,6.40623e+07
85.139,85.139,3.45837,0.06,0,2.50712,2.71358,0,0.446528,4.47552,4.17222e+06,2.70226e+06,1.04602e+07,0,0,0,0,62.3362,61.308,3.2534,0,1,1.79637,1.58991,0,1.32487,2.1168,8.67071e+06,3.61194e+06,1.55758e+07,0,0,0,6.40623e+07
85.139,85.139,2.9622,0.06,0,2.59018,2.71456,0,0.469834,4.47552,4.17222e+06,2.70226e+06,1.08068e+07,0,0,0,0,62.3362,61.308,3.15531,0,1,1.71485,1.59048,0,1.38788,2.1168,8.67071e+06,3.61194e+06,1.4869e+07,0,0,0,6.40623e+07
85.139,85.139,2.98457,0.05,0,2.59173,2.71553,0,0.4854,4.47552,4.17222e+06,2.70226e+06,1.08132e+07,0,0,0,0,62.3362,61.308,3.60966,0,1,1.71485,1.59105,0,1.32489,2.1168,8.67071e+06,3.61194e+06,1.4869e+07,0,0,0,6.40623e+07
84.9352,85.139,2.64015,0.05,0,2.59327,2.7165,0,0.485689,4.47552,4.17222e+06,2.70226e+06,1.08197e+07,0,0,0,0,62.3362,61.308,3.01787,0,1,1.71485,1.59162,0,1.32489,2.1168,8.67071e+06,3.61194e+06,1.4869e+07,0,0,0,6.40623e+07
84.5902,85.139,2.48717,0.06,0,2.59481,2.71748,0,0.485979,4.47552,4.17222e+06,2.70226e+06,1.08261e+07,0,0,0,0,62.3362,61.308,2.57163,0,1,1.71485,1.59219,0,1.32489,2.1168,8.67071e+06,3.61194e+06,1.4869e+07,0,0,0,6.40623e+07
84.876,85.139,3.14543,0.06,0,2.57201,2.6941,0,0.486268,4.47552,4.17222e+06,2.70226e+06,1.0731e+07,0,0,0,0,62.3362,61.308,4.05326,0,1,1.75975,1.63766,0,1.32489,2.1168,8.67071e+06,3.61194e+06,1.52583e+07,0,0,0,6.40623e+07
85.1375,85.139,3.16651,0.05,0,2.61845,2.69507,0,0.481995,4.47552,4.17222e+06,2.70226e+06,1.09247e+07,0,0,0,0,62.3362,61.308,4.50747,0,1,1.71487,1.63825,0,1.35958,2.1168,8.67071e+06,3.61194e+06,1.48691e+07,0,0,0,6.40623e+07
85.139,85.139,3.05328,0.04,0,2.62,2.69604,0,0.490698,4.47552,4.17222e+06,2.70226e+06,1.09312e+07,0,0,0,0,62.3362,61.308,4.04421,0,1,1.71487,1.63883,0,1.32491,2.1168,8.67071e+06,3.61194e+06,1.48691e+07,0,0,0,6.40623e+07
85.139,85.139,2.91889,0.03,0,2.62156,2.697,0,0.490989,4.47552,4.17222e+06,2.70226e+06,1.09377e+07,0,0,0,0,62.3362,61.308,3.87642,0,1,1.71487,1.63942,0,1.32491,2.1168,8.67071e+06,3.61194e+06,1.48691e+07,0,0,0,6.40623e+07
85.139,85.139,3.18088,0.03,0,2.68608,2.76094,0,0.49128,4.47552,4.17222e+06,2.70226e+06,1.12069e+07,0,0,0,0,62.3362,61.308,4.35095,0,1,1.75494,1.68008,0,1.32491,2.1168,8.67071e+06,3.61194e+06,1.52166e+07,0,0,0,6.40623e+07
84.9699,85.139,2.76485,0.03,0,2.72773,2.76192,0,0.503371,4.47552,4.17222e+06,2.70226e+06,1.13807e+07,0,0,0,0,62.311,61.308,3.41357,0,1,1.71488,1.68069,0,1.35587,2.1168,8.67071e+06,3.61194e+06,1.48692e+07,0,0,0,6.40623e+07
84.5374,85.139,2.49335,0.04,0,2.72932,2.76291,0,0.511176,4.47552,4.17222e+06,2.70226e+06,1.13873e+07,0,0,0,0,62.226,61.308,3.27548,0,1,1.71488,1.68129,0,1.32492,2.1168,8.67071e+06,3.61194e+06,1.48693e+07,0,0,0,6.40623e+07
83.8945,85.139,2.2732,0.04,0,2.73091,2.7639,0,0.511475,4.47552,4.17222e+06,2.70226e+06,1.1394e+07,0,0,0,0,62.1043,61.308,3.01478,0,1,1.71488,1.68189,0,1.32492,2.1168,8.67071e+06,3.61194e+06,1.48693e+07,0,0,0,6.40623e+07
82.8246,85.139,1.97878,0.04,0,2.91716,2.94955,0,0.511773,4.47552,4.17222e+06,2.70226e+06,1.2171e+07,0,0,0,0,61.9722,61.308,2.98763,0,1,1.85974,1.82735,0,1.32492,2.1168,8.67071e+06,3.61194e+06,1.61253e+07,0,0,0,6.40623e+07
81.3104,85.139,1.55256,0.04,0,2.95061,2.95061,0,0.546676,4.47552,4.17222e+06,2.70226e+06,1.23106e+07,0,0,0,0,61.6553,61.308,2.54307,0,1,1.828,1.828,0,1.43683,2.1168,8.67071e+06,3.61194e+06,1.58501e+07,0,0,0,6.40623e+07
79.9454,85.139,1.70117,0.04,0,2.95166,2.95166,0,0.552944,4.47552,4.17222e+06,2.70226e+06,1.2315e+07,0,0,0,0,61.4287,61.308,3.02005,0,1,1.82866,1.82866,0,1.41232,2.1168,8.67071e+06,3.61194e+06,1.58558e+07,0,0,0,6.40623e+07
78.2555,85.139,1.37693,0.04,0,2.95272,2.95272,0,0.553142,4.47552,4.17222e+06,2.70226e+06,1.23194e+07,0,0,0,0,61.018,61.308,2.26785,0,1,1.82931,1.82931,0,1.41282,2.1168,8.67071e+06,3.61194e+06,1.58615e+07,0,0,0,6.40623e+07
76.8516,85.139,1.63887,0.07,0,2.95378,2.95378,0,0.55334,4.47552,4.17222e+06,2.70226e+06,1.23238e+07,0,0,0,0,60.9456,61.308,3.73208,0,1,1.82997,1.82997,0,1.41333,2.1168,8.67071e+06,3.61194e+06,1.58671e+07,0,0,0,6.40623e+07
75.6289,85.139,1.8108,0.07,0,2.86468,2.86468,0,0.553538,4.47552,4.17222e+06,2.70226e+06,1.19521e+07,0,0,0,0,60.8818,61.308,3.27639,0,1,1.74254,1.74254,0,1.41383,2.1168,8.67071e+06,3.61194e+06,1.51091e+07,0,0,0,6.40623e+07
75.8624,85.139,3.25837,0.08,0,2.86571,2.86571,0,0.536841,4.47552,4.17222e+06,2.70226e+06,1.19563e+07,0,0,0,0,61.5404,61.308,5.92008,0,1,1.74317,1.74317,0,1.34629,2.1168,8.67071e+06,3.61194e+06,1.51145e+07,0,0,0,6.40623e+07
74.9565,85.139,2.19152,0.08,0,2.86673,2.86673,0,0.537033,4.47552,4.17222e+06,2.70226e+06,1.19606e+07,0,0,0,0,61.7195,61.308,4.59988,0,1,1.74379,1.74379,0,1.34677,2.1168,8.67071e+06,3.61194e+06,1.51199e+07,0,0,0,6.40623e+07
73.6986,85.139,1.74827,0.08,0,2.86776,2.86776,0,0.537225,4.47552,4.17222e+06,2.70226e+06,1.19649e+07,0,0,0,0,61.7999,61.308,3.42511,0,1,1.74442,1.74442,0,1.34725,2.1168,8.67071e+06,3.61194e+06,1.51253e+07,0,0,0,6.40623e+07
73.4001,85.139,2.74467,0.11,0,2.79468,2.79468,0,0.537418,4.47552,4.17222e+06,2.70226e+06,1.166e+07,0,0,0,0,62.1044,61.308,4.64575,0,1,1.66475,1.66475,0,1.34774,2.1168,8.67071e+06,3.61194e+06,1.44346e+07,0,0,0,6.40623e+07
71.4586,85.139,1.0619,0.11,0,2.74615,2.79568,0,0.523722,4.47552,4.17222e+06,2.70226e+06,1.14575e+07,0,0,0,0,61.7891,61.308,2.04587,0,1,1.71488,1.66535,0,1.28619,2.1168,8.67071e+06,3.61194e+06,1.48692e+07,0,0,0,6.40623e+07
69.9438,85.139,1.49795,0.13,0,2.74774,2.79668,0,0.514628,4.47552,4.17222e+06,2.70226e+06,1.14642e+07,0,0,0,0,61.598,61.308,1.86351,0,1,1.71488,1.66594,0,1.32491,2.1168,8.67071e+06,3.61194e+06,1.48692e+07,0,0,0,6.40623e+07
70.6529,85.139,3.87272,0.13,0,2.74934,2.79768,0,0.514927,4.47552,4.17222e+06,2.70226e+06,1.14708e+07,0,0,0,0,62.3362,61.308,6.08517,0,1,1.71488,1.66654,0,1.32491,2.1168,8.67071e+06,3.61194e+06,1.48692e+07,0,0,0,6.40623e+07
70.4118,85.139,2.69694,0.12,0,2.54016,2.5879,0,0.515226,4.47552,4.17222e+06,2.70226e+06,1.05981e+07,0,0,0,0,62.3362,61.308,4.14067,0,1,1.54742,1.49968,0,1.32491,2.1168,8.67071e+06,3.61194e+06,1.34172e+07,0,0,0,6.40623e+07
70.1398,85.139,2.43341,0.13,0,2.37423,2.58883,0,0.476026,4.47552,4.17222e+06,2.70226e+06,9.90578e+06,0,0,0,0,62.1507,61.308,2.11084,0,1,1.71482,1.50021,0,1.19554,2.1168,8.67071e+06,3.61194e+06,1.48687e+07,0,0,0,6.40623e+07
70.1182,85.139,2.82223,0.13,0,2.37569,2.58975,0,0.44493,4.47552,4.17222e+06,2.70226e+06,9.91188e+06,0,0,0,0,61.8933,61.308,2.66977,0,1,1.71482,1.50075,0,1.32487,2.1168,8.67071e+06,3.61194e+06,1.48687e+07,0,0,0,6.40623e+07
71.5663,85.139,4.38374,0.12,0,2.37715,2.59068,0,0.445204,4.47552,4.17222e+06,2.70226e+06,9.91798e+06,0,0,0,0,62.3362,61.308,5.02554,0,1,1.71482,1.50129,0,1.32487,2.1168,8.67071e+06,3.61194e+06,1.48687e+07,0,0,0,6.40623e+07
72.8656,85.139,4.10859,0.12,0,2.37861,2.59161,0,0.445478,4.47552,4.17222e+06,2.70226e+06,9.92408e+06,0,0,0,0,61.9571,61.308,2.31138,0,1,1.71482,1.50182,0,1.32487,2.1168,8.67071e+06,3.61194e+06,1.48687e+07,0,0,0,6.40623e+07
74.456,85.139,4.59469,0.14,0.02,2.46127,2.67373,0,0.445752,4.47552,4.17222e+06,2.70226e+06,1.02689e+07,0,0,0,0,62.3362,61.308,5.16975,0,1,1.76338,1.55092,0,1.32487,2.1168,8.67071e+06,3.61194e+06,1.52898e+07,0,0,0,6.40623e+07
77.8352,85.139,6.67021,0.08,0.02,2.51129,2.67465,0,0.461242,4.47552,4.17222e+06,2.70226e+06,1.04776e+07,0,0,0,0,62.3362,61.308,6.63328,0,1,1.71481,1.55146,0,1.36239,2.1168,8.67071e+06,3.61194e+06,1.48687e+07,0,0,0,6.40623e+07
81.0076,85.139,6.40082,0.08,0.02,2.51275,2.67557,0,0.470616,4.47552,4.17222e+06,2.70226e+06,1.04837e+07,0,0,0,0,62.3362,61.308,5.96838,0,1,1.71481,1.55199,0,1.32487,2.1168,8.67071e+06,3.61194e+06,1.48687e+07,0,0,0,6.40623e+07
84.4512,85.139,6.71442,0.06,0.02,2.5142,2.67649,0,0.470889,4.47552,4.17222e+06,2.70226e+06,1.04898e+07,0,0,0,0,62.3362,61.308,8.89142,0,1,1.71481,1.55253,0,1.32487,2.1168,8.67071e+06,3.61194e+06,1.48687e+07,0,0,0,6.40623e+07
85.139,85.139,5.66991,0.07,0.02,2.77681,2.93856,0,0.471162,4.47552,4.17222e+06,2.70226e+06,1.15854e+07,0,0,0,0,62.3362,61.308,6.10021,0,1,1.89742,1.73567,0,1.32487,2.1168,8.67071e+06,3.61194e+06,1.6452e+07,0,0,0,6.40623e+07
85.139,85.139,8.46966,0.05,0.02,2.93957,2.93957,0,0.520374,4.47552,4.17222e+06,2.70226e+06,1.22645e+07,0,0,0,0,62.3362,61.308,8.39087,0,1,1.73627,1.73627,0,1.46595,2.1168,8.67071e+06,3.61194e+06,1.50547e+07,0,0,0,6.40623e+07
85.139,85.139,6.89139,0.05,0.02,2.94059,2.94059,0,0.550876,4.47552,4.17222e+06,2.70226e+06,1.22688e+07,0,0,0,0,62.3362,61.308,6.93427,0,1,1.73686,1.73686,0,1.34144,2.1168,8.67071e+06,3.61194e+06,1.50598e+07,0,0,0,6.40623e+07
85.139,85.139,6.61462,0.04,0.02,2.9416,2.9416,0,0.551066,4.47552,4.17222e+06,2.70226e+06,1.2273e+07,0,0,0,0,62.3362,61.308,7.28923,0,1,1.73746,1.73746,0,1.3419,2.1168,8.67071e+06,3.61194e+06,1.5065e+07,0,0,0,6.40623e+07
85.139,85.139,8.55469,0.05,0.02,2.56962,2.56962,0,0.551256,4.47552,4.17222e+06,2.70226e+06,1.0721e+07,0,0,0,0,62.3362,61.308,8.89879,0,1,1.49266,1.49266,0,1.34236,2.1168,8.67071e+06,3.61194e+06,1.29424e+07,0,0,0,6.40623e+07
85.139,85.139,8.96783,0.07,0.02,2.34888,2.5705,0,0.481546,4.47552,4.17222e+06,2.70226e+06,9.80004e+06,0,0,0,0,62.3362,61.308,6.40286,0,1,1.71479,1.49317,0,1.15323,2.1168,8.67071e+06,3.61194e+06,1.48685e+07,0,0,0,6.40623e+07
85.139,85.139,6.41865,0.08,0.02,2.35028,2.57139,0,0.44018,4.47552,4.17222e+06,2.70226e+06,9.80588e+06,0,0,0,0,62.3362,61.308,7.66801,0,1,1.71479,1.49369,0,1.32485,2.1168,8.67071e+06,3.61194e+06,1.48685e+07,0,0,0,6.40623e+07
85.139,85.139,9.21998,0.08,0.02,2.35168,2.57227,0,0.440443,4.47552,4.17222e+06,2.70226e+06,9.81171e+06,0,0,0,0,62.3362,61.308,9.50334,0,1,1.71479,1.4942,0,1.32485,2.1168,8.67071e+06,3.61194e+06,1.48685e+07,0,0,0,6.40623e+07
85.139,85.139,7.57556,0.08,0.02,2.35308,2.57316,0,0.440705,4.47552,4.17222e+06,2.70226e+06,9.81755e+06,0,0,0,0,62.3362,61.308,8.6159,0,1,1.71479,1.49472,0,1.32485,2.1168,8.67071e+06,3.61194e+06,1.48685e+07,0,0,0,6.40623e+07
85.139,85.139,5.70944,0.08,0.02,2.44853,2.66809,0,0.440967,4.47552,4.17222e+06,2.70226e+06,1.02158e+07,0,0,0,0,62.3362,61.308,6.10778,0,1,1.77493,1.55537,0,1.32485,2.1168,8.67071e+06,3.61194e+06,1.53899e+07,0,0,0,6.40623e+07
85.139,85.139,6.55998,0.08,0.02,2.5101,2.66901,0,0.458854,4.47552,4.17222e+06,2.70226e+06,1.04727e+07,0,0,0,0,62.3362,61.308,11.2738,0,1,1.71482,1.5559,0,1.37131,2.1168,8.67071e+06,3.61194e+06,1.48687e+07,0,0,0,6.40623e+07
85.139,85.139,4.77754,0.07,0.02,2.51155,2.66993,0,0.470392,4.47552,4.17222e+06,2.70226e+06,1.04787e+07,0,0,0,0,62.3362,61.308,5.28331,0,1,1.71482,1.55644,0,1.32487,2.1168,8.67071e+06,3.61194e+06,1.48687e+07,0,0,0,6.40623e+07
85.139,85.139,7.03556,0.07,0.02,2.513,2.67085,0,0.470665,4.47552,4.17222e+06,2.70226e+06,1.04848e+07,0,0,0,0,62.3362,61.308,9.15777,0,1,1.71482,1.55697,0,1.32487,2.1168,8.67071e+06,3.61194e+06,1.48687e+07,0,0,0,6.40623e+07
85.139,85.139,4.75554,0.07,0.02,2.47763,2.63494,0,0.470937,4.47552,4.17222e+06,2.70226e+06,1.03372e+07,0,0,0,0,62.3362,61.308,5.10102,0,1,1.69143,1.53412,0,1.32487,2.1168,8.67071e+06,3.61194e+06,1.46659e+07,0,0,0,6.40623e+07
85.139,85.139,3.55175,0.07,0.02,2.45569,2.63585,0,0.464309,4.47552,4.17222e+06,2.70226e+06,1.02457e+07,0,0,0,0,62.3362,61.308,4.71893,0,1,1.71481,1.53465,0,1.3068,2.1168,8.67071e+06,3.61194e+06,1.48686e+07,0,0,0,6.40623e+07
85.139,85.139,3.21487,0.07,0.02,2.45712,2.63675,0,0.460196,4.47552,4.17222e+06,2.70226e+06,1.02516e+07,0,0,0,0,62.3362,61.308,3.95382,0,1,1.71481,1.53518,0,1.32486,2.1168,8.67071e+06,3.61194e+06,1.48686e+07,0,0,0,6.40623e+07
85.139,85.139,3.83573,0.07,0.02,2.45855,2.63766,0,0.460464,4.47552,4.17222e+06,2.70226e+06,1.02576e+07,0,0,0,0,62.3362,61.308,4.00117,0,1,1.71481,1.5357,0,1.32486,2.1168,8.67071e+06,3.61194e+06,1.48686e+07,0,0,0,6.40623e+07
85.139,85.139,2.94014,0.07,0.02,2.58515,2.76373,0,0.460733,4.47552,4.17222e+06,2.70226e+06,1.07858e+07,0,0,0,0,62.3362,61.308,3.88568,0,1,1.79786,1.61929,0,1.32486,2.1168,8.67071e+06,3.61194e+06,1.55888e+07,0,0,0,6.40623e+07
84.7774,85.139,2.62775,0.07,0.02,2.66969,2.76468,0,0.484458,4.47552,4.17222e+06,2.70226e+06,1.11385e+07,0,0,0,0,62.3362,61.308,3.74545,0,1,1.71484,1.61984,0,1.38903,2.1168,8.67071e+06,3.61194e+06,1.48689e+07,0,0,0,6.40623e+07
84.4562,85.139,2.58331,0.09,0.02,2.6712,2.76563,0,0.5003,4.47552,4.17222e+06,2.70226e+06,1.11448e+07,0,0,0,0,62.3362,61.308,3.71862,0,1,1.71484,1.6204,0,1.32488,2.1168,8.67071e+06,3.61194e+06,1.48689e+07,0,0,0,6.40623e+07
83.8641,85.139,2.29529,0.09,0.02,2.6727,2.76658,0,0.500582,4.47552,4.17222e+06,2.70226e+06,1.11511e+07,0,0,0,0,62.3362,61.308,3.11695,0,1,1.71484,1.62096,0,1.32488,2.1168,8.67071e+06,3.61194e+06,1.48689e+07,0,0,0,6.40623e+07
83.1946,85.139,2.20468,0.08,0.02,2.67421,2.76753,0,0.500864,4.47552,4.17222e+06,2.70226e+06,1.11574e+07,0,0,0,0,62.2718,61.308,2.75825,0,1,1.71484,1.62151,0,1.32488,2.1168,8.67071e+06,3.61194e+06,1.48689e+07,0,0,0,6.40623e+07
83.2547,85.139,2.9774,0.06,0.02,2.65092,2.74369,0,0.501147,4.47552,4.17222e+06,2.70226e+06,1.10602e+07,0,0,0,0,62.2853,61.308,3.29543,0,1,1.76056,1.6678,0,1.32488,2.1168,8.67071e+06,3.61194e+06,1.52654e+07,0,0,0,6.40623e+07
83.7596,85.139,3.4557,0.06,0.02,2.69815,2.74463,0,0.496783,4.47552,4.17222e+06,2.70226e+06,1.12573e+07,0,0,0,0,62.3362,61.308,3.91104,0,1,1.71485,1.66837,0,1.36021,2.1168,8.67071e+06,3.61194e+06,1.4869e+07,0,0,0,6.40623e+07
84.0496,85.139,3.19646,0.05,0.02,2.69966,2.74557,0,0.505633,4.47552,4.17222e+06,2.70226e+06,1.12636e+07,0,0,0,0,62.3362,61.308,3.73285,0,1,1.71485,1.66895,0,1.3249,2.1168,8.67071e+06,3.61194e+06,1.4869e+07,0,0,0,6.40623e+07
84.1389,85.139,2.98504,0.04,0.02,2.70118,2.74651,0,0.505917,4.47552,4.17222e+06,2.70226e+06,1.12699e+07,0,0,0,0,62.3362,61.308,3.86372,0,1,1.71485,1.66952,0,1.3249,2.1168,8.67071e+06,3.61194e+06,1.4869e+07,0,0,0,6.40623e+07
83.9906,85.139,2.79099,0.04,0.02,2.76682,2.81158,0,0.506201,4.47552,4.17222e+06,2.70226e+06,1.15438e+07,0,0,0,0,62.3362,61.308,3.67567,0,1,1.75566,1.7109,0,1.3249,2.1168,8.67071e+06,3.61194e+06,1.52228e+07,0,0,0,6.40623e+07
84.03,85.139,3.04006,0.04,0.02,2.80916,2.81254,0,0.518501,4.47552,4.17222e+06,2.70226e+06,1.17204e+07,0,0,0,0,62.3362,61.308,3.54298,0,1,1.71487,1.71149,0,1.35643,2.1168,8.67071e+06,3.61194e+06,1.48691e+07,0,0,0,6.40623e+07
83.9185,85.139,2.86957,0.04,0.02,2.81072,2.81351,0,0.526437,4.47552,4.17222e+06,2.70226e+06,1.17269e+07,0,0,0,0,62.3362,61.308,3.64154,0,1,1.71487,1.71208,0,1.32491,2.1168,8.67071e+06,3.61194e+06,1.48691e+07,0,0,0,6.40623e+07
83.6298,85.139,2.68511,0.04,0.02,2.81227,2.81447,0,0.526728,4.47552,4.17222e+06,2.70226e+06,1.17334e+07,0,0,0,0,62.3362,61.308,3.34044,0,1,1.71487,1.71266,0,1.32491,2.1168,8.67071e+06,3.61194e+06,1.48691e+07,0,0,0,6.40623e+07
83.1482,85.139,2.64008,0.04,0.02,3.00185,3.00347,0,0.527019,4.47552,4.17222e+06,2.70226e+06,1.25244e+07,0,0,0,0,62.3362,61.308,3.58021,0,1,1.86237,1.86076,0,1.32491,2.1168,8.67071e+06,3.61194e+06,1.61481e+07,0,0,0,6.40623e+07
82.6806,85.139,2.64001,0.04,0.02,3.0045,3.0045,0,0.562548,4.47552,4.17222e+06,2.70226e+06,1.25354e+07,0,0,0,0,62.3362,61.308,3.80976,0,1,1.86139,1.86139,0,1.43887,2.1168,8.67071e+06,3.61194e+06,1.61396e+07,0,0,0,6.40623e+07
82.3436,85.139,2.78275,0.04,0.02,3.00553,3.00553,0,0.563044,4.47552,4.17222e+06,2.70226e+06,1.25397e+07,0,0,0,0,62.3362,61.308,4.49367,0,1,1.86203,1.86203,0,1.43811,2.1168,8.67071e+06,3.61194e+06,1.61451e+07,0,0,0,6.40623e+07
81.4849,85.139,2.28404,0.04,0.02,3.00656,3.00656,0,0.563237,4.47552,4.17222e+06,2.70226e+06,1.2544e+07,0,0,0,0,62.3362,61.308,3.58469,0,1,1.86267,1.86267,0,1.43861,2.1168,8.67071e+06,3.61194e+06,1.61507e+07,0,0,0,6.40623e+07
81.0221,85.139,2.65238,0.05,0.02,3.00759,3.00759,0,0.56343,4.47552,4.17222e+06,2.70226e+06,1.25483e+07,0,0,0,0,62.3362,61.308,5.4145,0,1,1.86331,1.86331,0,1.4391,2.1168,8.67071e+06,3.61194e+06,1.61562e+07,0,0,0,6.40623e+07
80.5915,85.139,2.60812,0.05,0.02,2.91683,2.91683,0,0.563623,4.47552,4.17222e+06,2.70226e+06,1.21696e+07,0,0,0,0,62.3362,61.308,4.00122,0,1,1.77427,1.77427,0,1.43959,2.1168,8.67071e+06,3.61194e+06,1.53842e+07,0,0,0,6.40623e+07
80.7248,85.139,3.2197,0.05,0.02,2.91783,2.91783,0,0.546614,4.47552,4.17222e+06,2.70226e+06,1.21738e+07,0,0,0,0,62.3362,61.308,4.56672,0,1,1.77487,1.77487,0,1.3708,2.1168,8.67071e+06,3.61194e+06,1.53894e+07,0,0,0,6.40623e+07
80.8549,85.139,3.24326,0.05,0.02,2.91883,2.91883,0,0.546801,4.47552,4.17222e+06,2.70226e+06,1.2178e+07,0,0,0,0,62.3362,61.308,4.7742,0,1,1.77548,1.77548,0,1.37127,2.1168,8.67071e+06,3.61194e+06,1.53947e+07,0,0,0,6.40623e+07
81.2131,85.139,3.53391,0.05,0.02,2.91983,2.91983,0,0.546989,4.47552,4.17222e+06,2.70226e+06,1.21822e+07,0,0,0,0,62.3362,61.308,5.09267,0,1,1.77609,1.77609,0,1.37174,2.1168,8.67071e+06,3.61194e+06,1.54e+07,0,0,0,6.40623e+07
81.92,85.139,4.08186,0.05,0.02,2.84538,2.84538,0,0.547176,4.47552,4.17222e+06,2.70226e+06,1.18715e+07,0,0,0,0,62.3362,61.308,6.5705,0,1,1.69495,1.69495,0,1.37221,2.1168,8.67071e+06,3.61194e+06,1.46965e+07,0,0,0,6.40623e+07
80.9338,85.139,2.18079,0.06,0.02,2.82703,2.84636,0,0.533224,4.47552,4.17222e+06,2.70226e+06,1.1795e+07,0,0,0,0,62.3362,61.308,3.93334,0,1,1.71486,1.69554,0,1.30952,2.1168,8.67071e+06,3.61194e+06,1.48691e+07,0,0,0,6.40623e+07
81.005,85.139,3.23171,0.06,0.02,2.82859,2.84733,0,0.529785,4.47552,4.17222e+06,2.70226e+06,1.18015e+07,0,0,0,0,62.3362,61.308,4.02552,0,1,1.71486,1.69612,0,1.3249,2.1168,8.67071e+06,3.61194e+06,1.48691e+07,0,0,0,6.40623e+07
81.6057,85.139,3.84913,0.06,0.02,2.83014,2.84831,0,0.530077,4.47552,4.17222e+06,2.70226e+06,1.1808e+07,0,0,0,0,62.3362,61.308,4.23432,0,1,1.71486,1.6967,0,1.3249,2.1168,8.67071e+06,3.61194e+06,1.48691e+07,0,0,0,6.40623e+07
82.2803,85.139,3.8479,0.07,0.02,2.61712,2.6347,0,0.530369,4.47552,4.17222e+06,2.70226e+06,1.09192e+07,0,0,0,0,62.3362,61.308,5.37246,0,1,1.54438,1.52679,0,1.3249,2.1168,8.67071e+06,3.61194e+06,1.33908e+07,0,0,0,6.40623e+07
81.7048,85.139,2.42066,0.07,0.02,2.44811,2.6356,0,0.490448,4.47552,4.17222e+06,2.70226e+06,1.02141e+07,0,0,0,0,62.3362,61.308,4.51772,0,1,1.7148,1.52732,0,1.19318,2.1168,8.67071e+06,3.61194e+06,1.48686e+07,0,0,0,6.40623e+07
82.6347,85.139,3.86884,0.05,0.02,2.44954,2.6365,0,0.458777,4.47552,4.17222e+06,2.70226e+06,1.022e+07,0,0,0,0,62.3362,61.308,3.87263,0,1,1.7148,1.52784,0,1.32486,2.1168,8.67071e+06,3.61194e+06,1.48686e+07,0,0,0,6.40623e+07
82.9065,85.139,3.29224,0.06,0.02,2.45097,2.63741,0,0.459044,4.47552,4.17222e+06,2.70226e+06,1.0226e+07,0,0,0,0,62.3362,61.308,3.90021,0,1,1.7148,1.52836,0,1.32486,2.1168,8.67071e+06,3.61194e+06,1.48686e+07,0,0,0,6.40623e+07
84.0567,85.139,4.29507,0.06,0.02,2.45239,2.63831,0,0.459311,4.47552,4.17222e+06,2.70226e+06,1.02319e+07,0,0,0,0,62.3362,61.308,10.5844,0,1,1.7148,1.52889,0,1.32486,2.1168,8.67071e+06,3.61194e+06,1.48686e+07,0,0,0,6.40623e+07
85.139,85.139,4.58385,0.06,0.02,2.53648,2.72187,0,0.459579,4.47552,4.17222e+06,2.70226e+06,1.05827e+07,0,0,0,0,62.3362,61.308,5.53638,0,1,1.76424,1.57885,0,1.32486,2.1168,8.67071e+06,3.61194e+06,1.52972e+07,0,0,0,6.40623e+07
85.139,85.139,6.20673,0.04,0.02,2.42037,2.72277,0,0.475336,4.47552,4.17222e+06,2.70226e+06,1.00983e+07,0,0,0,0,62.3362,61.308,6.16257,0,1,1.88177,1.57937,0,1.36305,2.96352,8.67071e+06,3.61194e+06,1.63163e+07,0,0,0,6.40623e+07
85.139,85.139,6.50622,0.06,0.02,2.42127,2.72367,0,0.453577,4.47552,4.17222e+06,2.70226e+06,1.0102e+07,0,0,0,0,62.3362,61.308,6.61735,0,1,1.88229,1.57989,0,1.45385,2.96352,8.67071e+06,3.61194e+06,1.63208e+07,0,0,0,6.40623e+07
85.139,85.139,5.06869,0.07,0.02,2.42216,2.72456,0,0.453745,4.47552,4.17222e+06,2.70226e+06,1.01058e+07,0,0,0,0,62.3362,61.308,5.15111,0,1,1.88281,1.58041,0,1.45426,2.96352,8.67071e+06,3.61194e+06,1.63253e+07,0,0,0,6.40623e+07
85.139,85.139,4.57836,0.06,0.02,2.6889,2.9913,0,0.453914,4.47552,4.17222e+06,2.70226e+06,1.12187e+07,0,0,0,0,62.3362,61.308,4.7899,0,1,2.06922,1.76682,0,1.45466,2.96352,8.67071e+06,3.61194e+06,1.79416e+07,0,0,0,6.40623e+07
85.139,85.139,3.22938,0.06,0.02,2.68988,2.99228,0,0.503899,4.47552,4.17222e+06,2.70226e+06,1.12228e+07,0,0,0,0,62.3362,61.308,3.29164,0,1,2.0698,1.7674,0,1.59868,2.96352,8.67071e+06,3.61194e+06,1.79466e+07,0,0,0,6.40623e+07
85.1378,85.139,3.16583,0.06,0.02,2.69087,2.99327,0,0.504084,4.47552,4.17222e+06,2.70226e+06,1.12269e+07,0,0,0,0,62.3362,61.308,3.31306,0,1,2.07038,1.76798,0,1.59913,2.96352,8.67071e+06,3.61194e+06,1.79517e+07,0,0,0,6.40623e+07
85.139,85.139,4.07171,0.08,0.02,2.69186,2.99426,0,0.504269,4.47552,4.17222e+06,2.70226e+06,1.1231e+07,0,0,0,0,62.3362,61.308,3.63837,0,1,2.07096,1.76856,0,1.59958,2.96352,8.67071e+06,3.61194e+06,1.79567e+07,0,0,0,6.40623e+07
85.139,85.139,4.21987,0.05,0.02,2.31318,2.61558,0,0.504454,4.47552,4.17222e+06,2.70226e+06,9.65107e+06,0,0,0,0,62.3362,61.308,3.85568,0,1,1.82176,1.51936,0,1.60003,2.96352,8.67071e+06,3.61194e+06,1.57959e+07,0,0,0,6.40623e+07
85.139,85.139,5.90124,0.05,0.02,2.31404,2.61644,0,0.433489,4.47552,4.17222e+06,2.70226e+06,9.65467e+06,0,0,0,0,62.3362,61.308,4.89552,0,1,1.82226,1.51986,0,1.40749,2.96352,8.67071e+06,3.61194e+06,1.58003e+07,0,0,0,6.40623e+07
85.139,85.139,5.23041,0.05,0.02,2.3149,2.6173,0,0.433651,4.47552,4.17222e+06,2.70226e+06,9.65826e+06,0,0,0,0,62.3362,61.308,4.05418,0,1,1.82276,1.52036,0,1.40788,2.96352,8.67071e+06,3.61194e+06,1.58046e+07,0,0,0,6.40623e+07
85.139,85.139,5.66063,0.06,0.02,2.31576,2.61816,0,0.433812,4.47552,4.17222e+06,2.70226e+06,9.66186e+06,0,0,0,0,62.3362,61.308,4.43544,0,1,1.82326,1.52086,0,1.40826,2.96352,8.67071e+06,3.61194e+06,1.5809e+07,0,0,0,6.40623e+07
85.139,85.139,8.93014,0.07,0.02,2.31663,2.61903,0,0.433974,4.47552,4.17222e+06,2.70226e+06,9.66546e+06,0,0,0,0,62.3362,61.308,7.87725,0,1,1.82376,1.52136,0,1.40865,2.96352,8.67071e+06,3.61194e+06,1.58133e+07,0,0,0,6.40623e+07
85.139,85.139,7.9337,0.08,0.02,2.41321,2.71561,0,0.434136,4.47552,4.17222e+06,2.70226e+06,1.00684e+07,0,0,0,0,62.3362,61.308,6.10142,0,1,1.88547,1.58307,0,1.40904,2.96352,8.67071e+06,3.61194e+06,1.63484e+07,0,0,0,6.40623e+07
85.139,85.139,5.7786,0.07,0.02,2.41411,2.71651,0,0.452236,4.47552,4.17222e+06,2.70226e+06,1.00722e+07,0,0,0,0,62.3362,61.308,4.91175,0,1,1.88599,1.58359,0,1.45672,2.96352,8.67071e+06,3.61194e+06,1.63529e+07,0,0,0,6.40623e+07
85.139,85.139,4.93292,0.07,0.02,2.415,2.7174,0,0.452404,4.47552,4.17222e+06,2.70226e+06,1.00759e+07,0,0,0,0,62.3362,61.308,4.75511,0,1,1.88651,1.58411,0,1.45712,2.96352,8.67071e+06,3.61194e+06,1.63574e+07,0,0,0,6.40623e+07
85.139,85.139,4.72944,0.07,0.02,2.4159,2.7183,0,0.452571,4.47552,4.17222e+06,2.70226e+06,1.00796e+07,0,0,0,0,62.3362,61.308,4.31269,0,1,1.88704,1.58464,0,1.45752,2.96352,8.67071e+06,3.61194e+06,1.63619e+07,0,0,0,6.40623e+07
85.139,85.139,5.03106,0.06,0.02,2.37931,2.68171,0,0.452739,4.47552,4.17222e+06,2.70226e+06,9.92701e+06,0,0,0,0,62.3362,61.308,4.34067,0,1,1.86375,1.56135,0,1.45792,2.96352,8.67071e+06,3.61194e+06,1.61601e+07,0,0,0,6.40623e+07
85.139,85.139,3.83749,0.06,0.02,2.3802,2.6826,0,0.445883,4.47552,4.17222e+06,2.70226e+06,9.93069e+06,0,0,0,0,62.3362,61.308,3.06878,0,1,1.86427,1.56187,0,1.43994,2.96352,8.67071e+06,3.61194e+06,1.61645e+07,0,0,0,6.40623e+07
85.139,85.139,3.59914,0.06,0.02,2.38108,2.68348,0,0.446049,4.47552,4.17222e+06,2.70226e+06,9.93438e+06,0,0,0,0,62.3006,61.308,2.53661,0,1,1.86478,1.56238,0,1.44033,2.96352,8.67071e+06,3.61194e+06,1.6169e+07,0,0,0,6.40623e+07
85.139,85.139,4.22846,0.06,0.02,2.38196,2.68436,0,0.446214,4.47552,4.17222e+06,2.70226e+06,9.93806e+06,0,0,0,0,62.2479,61.308,2.61781,0,1,1.8653,1.5629,0,1.44073,2.96352,8.67071e+06,3.61194e+06,1.61734e+07,0,0,0,6.40623e+07
85.139,85.139,3.19238,0.06,0.02,2.51023,2.81263,0,0.44638,4.47552,4.17222e+06,2.70226e+06,1.04732e+07,0,0,0,0,62.1292,61.308,2.4834,0,1,1.95034,1.64794,0,1.44113,2.96352,8.67071e+06,3.61194e+06,1.69108e+07,0,0,0,6.40623e+07
85.139,85.139,3.14855,0.06,0.02,2.51115,2.81355,0,0.470416,4.47552,4.17222e+06,2.70226e+06,1.04771e+07,0,0,0,0,61.9686,61.308,2.43969,0,1,1.95088,1.64848,0,1.50683,2.96352,8.67071e+06,3.61194e+06,1.69155e+07,0,0,0,6.40623e+07
85.139,85.139,3.07239,0.06,0.02,2.51208,2.81448,0,0.47059,4.47552,4.17222e+06,2.70226e+06,1.04809e+07,0,0,0,0,61.7779,61.308,2.36261,0,1,1.95142,1.64902,0,1.50725,2.96352,8.67071e+06,3.61194e+06,1.69202e+07,0,0,0,6.40623e+07
85.0893,85.139,2.8109,0.04,0.02,2.513,2.8154,0,0.470763,4.47552,4.17222e+06,2.70226e+06,1.04848e+07,0,0,0,0,61.5267,61.308,2.13938,0,1,1.95196,1.64956,0,1.50767,2.96352,8.67071e+06,3.61194e+06,1.69249e+07,0,0,0,6.40623e+07
84.8943,85.139,2.60388,0.07,0.02,2.51393,2.81633,0,0.470937,4.47552,4.17222e+06,2.70226e+06,1.04887e+07,0,0,0,0,61.2199,61.308,2.06015,0,1,1.95251,1.65011,0,1.50809,2.96352,8.67071e+06,3.61194e+06,1.69296e+07,0,0,0,6.40623e+07
84.3497,85.139,2.21251,0.05,0.02,2.48962,2.79202,0,0.47111,4.47552,4.17222e+06,2.70226e+06,1.03872e+07,0,0,0,0,60.8933,61.308,2.01798,0,1,1.99958,1.69718,0,1.50851,2.96352,8.67071e+06,3.61194e+06,1.73378e+07,0,0,0,6.40623e+07
83.3312,85.139,1.7194,0.04,0.02,2.49054,2.79294,0,0.466555,4.47552,4.17222e+06,2.70226e+06,1.03911e+07,0,0,0,0,60.5673,61.308,2.13324,0,1,2.00014,1.69774,0,1.54488,2.96352,8.67071e+06,3.61194e+06,1.73426e+07,0,0,0,6.40623e+07
82.1808,85.139,1.57492,0.03,0.02,2.49146,2.79386,0,0.466727,4.47552,4.17222e+06,2.70226e+06,1.03949e+07,0,0,0,0,60.2053,61.308,1.86833,0,1,2.0007,1.6983,0,1.54531,2.96352,8.67071e+06,3.61194e+06,1.73475e+07,0,0,0,6.40623e+07
80.9381,85.139,1.44519,0.03,0.02,2.49238,2.79478,0,0.466899,4.47552,4.17222e+06,2.70226e+06,1.03987e+07,0,0,0,0,59.7731,61.308,1.84172,0,1,2.00126,1.69886,0,1.54574,2.96352,8.67071e+06,3.61194e+06,1.73523e+07,0,0,0,6.40623e+07
79.5773,85.139,1.35071,0.02,0.02,2.55854,2.86094,0,0.467072,4.47552,4.17222e+06,2.70226e+06,1.06748e+07,0,0,0,0,59.2064,61.308,1.77809,0,1,2.04334,1.74094,0,1.54617,2.96352,8.67071e+06,3.61194e+06,1.77172e+07,0,0,0,6.40623e+07
78.2188,85.139,1.32911,0.02,0.02,2.55948,2.86188,0,0.479471,4.47552,4.17222e+06,2.70226e+06,1.06787e+07,0,0,0,0,58.6617,61.308,1.68292,0,1,2.04391,1.74151,0,1.57868,2.96352,8.67071e+06,3.61194e+06,1.77222e+07,0,0,0,6.40623e+07
76.8457,85.139,1.30074,0.04,0.02,2.56042,2.86282,0,0.479647,4.47552,4.17222e+06,2.70226e+06,1.06826e+07,0,0,0,0,58.0382,61.308,1.7111,0,1,2.04448,1.74208,0,1.57913,2.96352,8.67071e+06,3.61194e+06,1.77271e+07,0,0,0,6.40623e+07
75.3225,85.139,1.13813,0.04,0.02,2.56136,2.86376,0,0.479823,4.47552,4.17222e+06,2.70226e+06,1.06866e+07,0,0,0,0,57.3291,61.308,1.5777,0,1,2.04506,1.74266,0,1.57957,2.96352,8.67071e+06,3.61194e+06,1.77321e+07,0,0,0,6.40623e+07
73.5662,85.139,1.04996,0.05,0.02,2.75363,3.05603,0,0.479999,4.47552,4.17222e+06,2.70226e+06,1.14887e+07,0,0,0,0,56.6127,61.308,1.51,0,1,2.19571,1.89331,0,1.58001,2.96352,8.67071e+06,3.61194e+06,1.90384e+07,0,0,0,6.40623e+07
71.8679,85.139,1.06501,0.08,0.02,2.75463,3.05703,0,0.516029,4.47552,4.17222e+06,2.70226e+06,1.14929e+07,0,0,0,0,56.0005,61.308,1.50765,0,1,2.19634,1.89394,0,1.69641,2.96352,8.67071e+06,3.61194e+06,1.90438e+07,0,0,0,6.40623e+07
70.351,85.139,1.23405,0.08,0.02,2.75563,3.05803,0,0.516218,4.47552,4.17222e+06,2.70226e+06,1.14971e+07,0,0,0,0,55.2965,61.308,1.66572,0,1,2.19696,1.89456,0,1.69689,2.96352,8.67071e+06,3.61194e+06,1.90492e+07,0,0,0,6.40623e+07
68.6395,85.139,1.04637,0.08,0.02,2.75664,3.05904,0,0.516406,4.47552,4.17222e+06,2.70226e+06,1.15013e+07,0,0,0,0,54.6945,61.308,1.46588,0,1,2.19758,1.89518,0,1.69737,2.96352,8.67071e+06,3.61194e+06,1.90546e+07,0,0,0,6.40623e+07
67.0423,85.139,1.13527,0.08,0.02,2.75764,3.06004,0,0.516594,4.47552,4.17222e+06,2.70226e+06,1.15055e+07,0,0,0,0,54.241,61.308,1.94433,0,1,2.1982,1.8958,0,1.69785,2.96352,8.67071e+06,3.61194e+06,1.906e+07,0,0,0,6.40623e+07
65.4805,85.139,1.08654,0.12,0.02,2.66525,2.96765,0,0.516782,4.47552,4.17222e+06,2.70226e+06,1.112e+07,0,0,0,0,53.6954,61.308,1.83965,0,1,2.10758,1.80518,0,1.69833,2.96352,8.67071e+06,3.61194e+06,1.82742e+07,0,0,0,6.40623e+07
64.0073,85.139,1.15772,0.12,0.02,2.66623,2.96863,0,0.499468,4.47552,4.17222e+06,2.70226e+06,1.11241e+07,0,0,0,0,53.1764,61.308,1.99133,0,1,2.10817,1.80577,0,1.62832,2.96352,8.67071e+06,3.61194e+06,1.82794e+07,0,0,0,6.40623e+07
62.6563,85.139,1.30674,0.12,0.02,2.6672,2.9696,0,0.499651,4.47552,4.17222e+06,2.70226e+06,1.11281e+07,0,0,0,0,52.6837,61.308,1.91811,0,1,2.10877,1.80637,0,1.62877,2.96352,8.67071e+06,3.61194e+06,1.82845e+07,0,0,0,6.40623e+07
62.0085,85.139,2.0382,0.12,0.02,2.66818,2.97058,0,0.499833,4.47552,4.17222e+06,2.70226e+06,1.11322e+07,0,0,0,0,52.4948,61.308,3.27463,0,1,2.10936,1.80696,0,1.62923,2.96352,8.67071e+06,3.61194e+06,1.82896e+07,0,0,0,6.40623e+07
61.2722,85.139,1.96853,0.13,0.02,2.59239,2.89479,0,0.500016,4.47552,4.17222e+06,2.70226e+06,1.0816e+07,0,0,0,0,52.2451,61.308,2.98344,0,1,2.02679,1.72439,0,1.62969,2.96352,8.67071e+06,3.61194e+06,1.75737e+07,0,0,0,6.40623e+07
60.0078,85.139,1.47066,0.13,0.02,2.59334,2.89574,0,0.485813,4.47552,4.17222e+06,2.70226e+06,1.082e+07,0,0,0,0,51.9672,61.308,2.32404,0,1,2.02735,1.72495,0,1.5659,2.96352,8.67071e+06,3.61194e+06,1.75786e+07,0,0,0,6.40623e+07
58.3074,85.139,1.03913,0.12,0.02,2.59429,2.89669,0,0.485991,4.47552,4.17222e+06,2.70226e+06,1.08239e+07,0,0,0,0,51.6095,61.308,1.99366,0,1,2.02792,1.72552,0,1.56633,2.96352,8.67071e+06,3.61194e+06,1.75835e+07,0,0,0,6.40623e+07
57.5702,85.139,1.94816,0.12,0.02,2.59524,2.89764,0,0.48617,4.47552,4.17222e+06,2.70226e+06,1.08279e+07,0,0,0,0,51.4383,61.308,2.62995,0,1,2.02848,1.72608,0,1.56677,2.96352,8.67071e+06,3.61194e+06,1.75884e+07,0,0,0,6.40623e+07
60.6069,85.139,5.75615,0.12,0.02,2.37789,2.68029,0,0.486348,4.47552,4.17222e+06,2.70226e+06,9.92108e+06,0,0,0,0,51.8484,61.308,4.30554,0,1,1.85561,1.55321,0,1.56721,2.96352,8.67071e+06,3.61194e+06,1.60895e+07,0,0,0,6.40623e+07
59.9308,85.139,1.92314,0.12,0.02,2.37877,2.68117,0,0.445617,4.47552,4.17222e+06,2.70226e+06,9.92474e+06,0,0,0,0,51.6523,61.308,2.40599,0,1,1.85612,1.55372,0,1.43365,2.96352,8.67071e+06,3.61194e+06,1.60939e+07,0,0,0,6.40623e+07
58.9551,85.139,1.61948,0.12,0.02,2.37965,2.68205,0,0.445782,4.47552,4.17222e+06,2.70226e+06,9.92841e+06,0,0,0,0,51.4948,61.308,2.70259,0,1,1.85663,1.55423,0,1.43404,2.96352,8.67071e+06,3.61194e+06,1.60983e+07,0,0,0,6.40623e+07
58.6409,85.139,2.3398,0.13,0.02,2.38053,2.68293,0,0.445946,4.47552,4.17222e+06,2.70226e+06,9.93208e+06,0,0,0,0,51.6372,61.308,3.60501,0,1,1.85714,1.55474,0,1.43444,2.96352,8.67071e+06,3.61194e+06,1.61028e+07,0,0,0,6.40623e+07
58.3715,85.139,2.37216,0.14,0.02,2.38141,2.68381,0,0.446111,4.47552,4.17222e+06,2.70226e+06,9.93575e+06,0,0,0,0,51.7283,61.308,3.18644,0,1,1.85765,1.55525,0,1.43483,2.96352,8.67071e+06,3.61194e+06,1.61072e+07,0,0,0,6.40623e+07
59.0986,85.139,3.40394,0.15,0.02,2.38141,2.68381,0,0.446276,4.47552,4.17222e+06,2.70226e+06,9.93575e+06,0,0,0,0,52.2085,61.308,4.83482,0,1,1.85765,1.55525,0,1.43522,2.96352,8.67071e+06,3.61194e+06,1.61072e+07,0,0,0,6.40623e+07
60.3012,85.139,3.91527,0.16,0.04,2.46637,2.76877,0,0.446276,4.47552,4.17222e+06,2.70226e+06,1.02902e+07,0,0,0,0,53.2122,61.308,5.49405,0,0,1.90845,1.60605,0,1.43522,2.96352,8.67071e+06,3.61194e+06,1.65477e+07,0,0,0,6.40623e+07
62.658,85.139,5.16083,0.17,0.04,2.46724,2.76964,0,0.462198,4.47552,4.17222e+06,2.70226e+06,1.02939e+07,0,0,0,0,55.2555,61.308,8.10029,0,0,1.90896,1.60656,0,1.47447,2.96352,8.67071e+06,3.61194e+06,1.6552e+07,0,0,0,6.40623e+07
66.5936,85.139,6.92338,0.14,0.04,2.46812,2.77052,0,0.462362,4.47552,4.17222e+06,2.70226e+06,1.02975e+07,0,0,0,0,57.301,61.308,9.12444,0,0,1.90947,1.60707,0,1.47486,2.96352,8.67071e+06,3.61194e+06,1.65564e+07,0,0,0,6.40623e+07
68.4018,85.139,4.7761,0.14,0.04,2.46899,2.77139,0,0.462525,4.47552,4.17222e+06,2.70226e+06,1.03012e+07,0,0,0,0,58.3591,61.308,5.59674,0,0,1.90997,1.60757,0,1.47525,2.96352,8.67071e+06,3.61194e+06,1.65608e+07,0,0,0,6.40623e+07
71.3568,85.139,6.15492,0.12,0.04,2.74027,3.04267,0,0.462689,4.47552,4.17222e+06,2.70226e+06,1.1433e+07,0,0,0,0,60.0986,61.308,7.15452,0,0,2.09956,1.79716,0,1.47565,2.96352,8.67071e+06,3.61194e+06,1.82046e+07,0,0,0,6.40623e+07
75.0749,85.139,7.13326,0.12,0.04,2.74122,3.04362,0,0.513526,4.47552,4.17222e+06,2.70226e+06,1.1437e+07,0,0,0,0,62.3362,61.308,8.42795,0,0,2.10012,1.79772,0,1.62212,2.96352,8.67071e+06,3.61194e+06,1.82096e+07,0,0,0,6.40623e+07
76.7268,85.139,4.84332,0.11,0.04,2.74218,3.04458,0,0.513705,4.47552,4.17222e+06,2.70226e+06,1.1441e+07,0,0,0,0,62.3362,61.308,5.14001,0,0,2.10069,1.79829,0,1.62255,2.96352,8.67071e+06,3.61194e+06,1.82145e+07,0,0,0,6.40623e+07
78.3064,85.139,4.77059,0.11,0.04,2.74314,3.04554,0,0.513885,4.47552,4.17222e+06,2.70226e+06,1.1445e+07,0,0,0,0,62.3362,61.308,6.51797,0,0,2.10126,1.79886,0,1.62299,2.96352,8.67071e+06,3.61194e+06,1.82194e+07,0,0,0,6.40623e+07
80.6172,85.139,5.26405,0.11,0.04,2.35794,2.66034,0,0.514065,4.47552,4.17222e+06,2.70226e+06,9.83783e+06,0,0,0,0,62.3362,61.308,4.46725,0,0,1.84776,1.54536,0,1.62343,2.96352,8.67071e+06,3.61194e+06,1.60214e+07,0,0,0,6.40623e+07
85.139,85.139,7.97968,0.09,0.04,2.35878,2.66118,0,0.441878,4.47552,4.17222e+06,2.70226e+06,9.84133e+06,0,0,0,0,62.3362,61.308,6.14167,0,0,1.84825,1.54585,0,1.42758,2.96352,8.67071e+06,3.61194e+06,1.60256e+07,0,0,0,6.40623e+07
85.139,85.139,10.1252,0.07,0.04,2.35962,2.66202,0,0.442035,4.47552,4.17222e+06,2.70226e+06,9.84482e+06,0,0,0,0,62.3362,61.308,10.0322,0,0,1.84873,1.54633,0,1.42796,2.96352,8.67071e+06,3.61194e+06,1.60298e+07,0,0,0,6.40623e+07
85.139,85.139,6.85459,0.07,0.04,2.36045,2.66285,0,0.442192,4.47552,4.17222e+06,2.70226e+06,9.84832e+06,0,0,0,0,62.3362,61.308,5.42516,0,0,1.84922,1.54682,0,1.42833,2.96352,8.67071e+06,3.61194e+06,1.60341e+07,0,0,0,6.40623e+07
85.139,85.139,7.3363,0.08,0.04,2.36129,2.66369,0,0.442349,4.47552,4.17222e+06,2.70226e+06,9.85182e+06,0,0,0,0,62.3362,61.308,7.97153,0,0,1.84971,1.54731,0,1.42871,2.96352,8.67071e+06,3.61194e+06,1.60383e+07,0,0,0,6.40623e+07
85.139,85.139,7.79646,0.08,0.04,2.45949,2.76189,0,0.442506,4.47552,4.17222e+06,2.70226e+06,1.02615e+07,0,0,0,0,62.3362,61.308,7.98195,0,0,1.91245,1.61005,0,1.42909,2.96352,8.67071e+06,3.61194e+06,1.65823e+07,0,0,0,6.40623e+07
85.139,85.139,5.55889,0.08,0.04,2.46036,2.76276,0,0.460908,4.47552,4.17222e+06,2.70226e+06,1.02651e+07,0,0,0,0,62.3362,61.308,5.43776,0,0,1.91295,1.61055,0,1.47756,2.96352,8.67071e+06,3.61194e+06,1.65867e+07,0,0,0,6.40623e+07
85.139,85.139,4.76288,0.08,0.04,2.46123,2.76363,0,0.461071,4.47552,4.17222e+06,2.70226e+06,1.02688e+07,0,0,0,0,62.3362,61.308,4.64067,0,0,1.91346,1.61106,0,1.47795,2.96352,8.67071e+06,3.61194e+06,1.65911e+07,0,0,0,6.40623e+07
85.139,85.139,4.30809,0.08,0.04,2.4621,2.7645,0,0.461234,4.47552,4.17222e+06,2.70226e+06,1.02724e+07,0,0,0,0,62.3362,61.308,4.22853,0,0,1.91397,1.61157,0,1.47834,2.96352,8.67071e+06,3.61194e+06,1.65955e+07,0,0,0,6.40623e+07
85.139,85.139,3.59573,0.07,0.04,2.42485,2.72725,0,0.461397,4.47552,4.17222e+06,2.70226e+06,1.0117e+07,0,0,0,0,62.3362,61.308,4.41911,0,0,1.89027,1.58787,0,1.47873,2.96352,8.67071e+06,3.61194e+06,1.639e+07,0,0,0,6.40623e+07
85.139,85.139,3.2544,0.07,0.04,2.42571,2.72811,0,0.454418,4.47552,4.17222e+06,2.70226e+06,1.01206e+07,0,0,0,0,62.3362,61.308,3.69588,0,0,1.89077,1.58837,0,1.46042,2.96352,8.67071e+06,3.61194e+06,1.63943e+07,0,0,0,6.40623e+07
85.139,85.139,3.88406,0.07,0.04,2.42657,2.72897,0,0.454579,4.47552,4.17222e+06,2.70226e+06,1.01242e+07,0,0,0,0,62.3362,61.308,3.74768,0,0,1.89127,1.58887,0,1.46081,2.96352,8.67071e+06,3.61194e+06,1.63986e+07,0,0,0,6.40623e+07
85.139,85.139,2.97773,0.07,0.04,2.42743,2.72983,0,0.45474,4.47552,4.17222e+06,2.70226e+06,1.01278e+07,0,0,0,0,62.3362,61.308,3.64101,0,0,1.89177,1.58937,0,1.46119,2.96352,8.67071e+06,3.61194e+06,1.6403e+07,0,0,0,6.40623e+07
85.139,85.139,3.02633,0.07,0.04,2.55783,2.86023,0,0.454901,4.47552,4.17222e+06,2.70226e+06,1.06718e+07,0,0,0,0,62.3362,61.308,3.7524,0,0,1.97822,1.67582,0,1.46158,2.96352,8.67071e+06,3.61194e+06,1.71526e+07,0,0,0,6.40623e+07
85.139,85.139,2.90993,0.06,0.04,2.55873,2.86113,0,0.479337,4.47552,4.17222e+06,2.70226e+06,1.06756e+07,0,0,0,0,62.3362,61.308,3.3553,0,0,1.97875,1.67635,0,1.52838,2.96352,8.67071e+06,3.61194e+06,1.71572e+07,0,0,0,6.40623e+07
84.7962,85.139,2.53379,0.06,0.04,2.55963,2.86203,0,0.479505,4.47552,4.17222e+06,2.70226e+06,1.06793e+07,0,0,0,0,62.3362,61.308,3.27562,0,0,1.97928,1.67688,0,1.52878,2.96352,8.67071e+06,3.61194e+06,1.71618e+07,0,0,0,6.40623e+07
84.2138,85.139,2.28276,0.07,0.04,2.56053,2.86293,0,0.479674,4.47552,4.17222e+06,2.70226e+06,1.06831e+07,0,0,0,0,62.3362,61.308,2.79107,0,0,1.97981,1.67741,0,1.52919,2.96352,8.67071e+06,3.61194e+06,1.71663e+07,0,0,0,6.40623e+07
83.5544,85.139,2.16192,0.07,0.04,2.56143,2.86383,0,0.479843,4.47552,4.17222e+06,2.70226e+06,1.06868e+07,0,0,0,0,62.3254,61.308,2.87379,0,0,1.98033,1.67793,0,1.5296,2.96352,8.67071e+06,3.61194e+06,1.71709e+07,0,0,0,6.40623e+07
82.9818,85.139,2.19033,0.05,0.04,2.53667,2.83907,0,0.480011,4.47552,4.17222e+06,2.70226e+06,1.05835e+07,0,0,0,0,62.243,61.308,2.6344,0,0,2.02818,1.72578,0,1.53001,2.96352,8.67071e+06,3.61194e+06,1.75858e+07,0,0,0,6.40623e+07
82.2428,85.139,2.01976,0.04,0.04,2.53756,2.83996,0,0.475372,4.47552,4.17222e+06,2.70226e+06,1.05873e+07,0,0,0,0,62.1368,61.308,2.61119,0,0,2.02872,1.72632,0,1.56697,2.96352,8.67071e+06,3.61194e+06,1.75905e+07,0,0,0,6.40623e+07
81.3355,85.139,1.84364,0.03,0.04,2.53846,2.84086,0,0.475539,4.47552,4.17222e+06,2.70226e+06,1.0591e+07,0,0,0,0,61.9783,61.308,2.3182,0,0,2.02927,1.72687,0,1.56739,2.96352,8.67071e+06,3.61194e+06,1.75952e+07,0,0,0,6.40623e+07
80.3064,85.139,1.692,0.03,0.04,2.53935,2.84175,0,0.475707,4.47552,4.17222e+06,2.70226e+06,1.05947e+07,0,0,0,0,61.753,61.308,2.27615,0,0,2.02981,1.72741,0,1.56781,2.96352,8.67071e+06,3.61194e+06,1.75999e+07,0,0,0,6.40623e+07
79.2781,85.139,1.73149,0.03,0.04,2.60658,2.90898,0,0.475874,4.47552,4.17222e+06,2.70226e+06,1.08752e+07,0,0,0,0,61.615,61.308,2.49618,0,0,2.07257,1.77017,0,1.56823,2.96352,8.67071e+06,3.61194e+06,1.79707e+07,0,0,0,6.40623e+07
78.1563,85.139,1.62039,0.06,0.04,2.6075,2.9099,0,0.488474,4.47552,4.17222e+06,2.70226e+06,1.0879e+07,0,0,0,0,61.3823,61.308,2.51968,0,0,2.07313,1.77073,0,1.60127,2.96352,8.67071e+06,3.61194e+06,1.79755e+07,0,0,0,6.40623e+07
76.9409,85.139,1.51617,0.06,0.04,2.60841,2.91081,0,0.488645,4.47552,4.17222e+06,2.70226e+06,1.08829e+07,0,0,0,0,61.0932,61.308,2.31145,0,0,2.07369,1.77129,0,1.6017,2.96352,8.67071e+06,3.61194e+06,1.79804e+07,0,0,0,6.40623e+07
75.7133,85.139,1.49094,0.06,0.04,2.60933,2.91173,0,0.488817,4.47552,4.17222e+06,2.70226e+06,1.08867e+07,0,0,0,0,60.8624,61.308,2.47747,0,0,2.07424,1.77184,0,1.60213,2.96352,8.67071e+06,3.61194e+06,1.79852e+07,0,0,0,6.40623e+07
74.1743,85.139,1.31443,0.06,0.04,2.80477,3.10717,0,0.488988,4.47552,4.17222e+06,2.70226e+06,1.17021e+07,0,0,0,0,60.6213,61.308,2.40353,0,0,2.2274,1.925,0,1.60256,2.96352,8.67071e+06,3.61194e+06,1.93131e+07,0,0,0,6.40623e+07
72.157,85.139,0.815997,0.06,0.04,2.80574,3.10814,0,0.525613,4.47552,4.17222e+06,2.70226e+06,1.17062e+07,0,0,0,0,60.2395,61.308,1.99947,0,0,2.228,1.9256,0,1.72089,2.96352,8.67071e+06,3.61194e+06,1.93184e+07,0,0,0,6.40623e+07
70.1702,85.139,0.827847,0.1,0.04,2.80672,3.10912,0,0.525796,4.47552,4.17222e+06,2.70226e+06,1.17102e+07,0,0,0,0,59.8327,61.308,1.91711,0,0,2.22861,1.92621,0,1.72135,2.96352,8.67071e+06,3.61194e+06,1.93236e+07,0,0,0,6.40623e+07
68.576,85.139,1.22381,0.1,0.04,2.80769,3.11009,0,0.525979,4.47552,4.17222e+06,2.70226e+06,1.17143e+07,0,0,0,0,59.535,61.308,2.29745,0,0,2.22921,1.92681,0,1.72182,2.96352,8.67071e+06,3.61194e+06,1.93289e+07,0,0,0,6.40623e+07
67.4575,85.139,1.72501,0.1,0.04,2.80867,3.11107,0,0.526162,4.47552,4.17222e+06,2.70226e+06,1.17184e+07,0,0,0,0,59.423,61.308,2.51375,0,0,2.22982,1.92742,0,1.72229,2.96352,8.67071e+06,3.61194e+06,1.93341e+07,0,0,0,6.40623e+07
66.0959,85.139,1.36,0.12,0.04,2.7147,3.0171,0,0.526345,4.47552,4.17222e+06,2.70226e+06,1.13263e+07,0,0,0,0,59.1224,61.308,1.99675,0,0,2.13766,1.83526,0,1.72276,2.96352,8.67071e+06,3.61194e+06,1.8535e+07,0,0,0,6.40623e+07
64.7164,85.139,1.41489,0.12,0.04,2.71564,3.01804,0,0.508734,4.47552,4.17222e+06,2.70226e+06,1.13303e+07,0,0,0,0,59.0726,61.308,2.45302,0,0,2.13823,1.83583,0,1.65155,2.96352,8.67071e+06,3.61194e+06,1.854e+07,0,0,0,6.40623e+07
63.3457,85.139,1.42671,0.12,0.04,2.71659,3.01899,0,0.508912,4.47552,4.17222e+06,2.70226e+06,1.13342e+07,0,0,0,0,59.1243,61.308,2.58554,0,0,2.13881,1.83641,0,1.652,2.96352,8.67071e+06,3.61194e+06,1.8545e+07,0,0,0,6.40623e+07
62.0887,85.139,1.55932,0.12,0.04,2.71754,3.01994,0,0.509089,4.47552,4.17222e+06,2.70226e+06,1.13382e+07,0,0,0,0,59.2268,61.308,2.75315,0,0,2.13939,1.83699,0,1.65244,2.96352,8.67071e+06,3.61194e+06,1.855e+07,0,0,0,6.40623e+07
60.7982,85.139,1.49058,0.14,0.04,2.64045,2.94285,0,0.509267,4.47552,4.17222e+06,2.70226e+06,1.10165e+07,0,0,0,0,59.4303,61.308,3.00461,0,0,2.05542,1.75302,0,1.65289,2.96352,8.67071e+06,3.61194e+06,1.78219e+07,0,0,0,6.40623e+07
60.3252,85.139,2.34418,0.14,0.04,2.64137,2.94377,0,0.49482,4.47552,4.17222e+06,2.70226e+06,1.10204e+07,0,0,0,0,59.6746,61.308,2.96684,0,0,2.05597,1.75357,0,1.58802,2.96352,8.67071e+06,3.61194e+06,1.78267e+07,0,0,0,6.40623e+07
60.9879,85.139,3.48899,0.13,0.04,2.6423,2.9447,0,0.494994,4.47552,4.17222e+06,2.70226e+06,1.10242e+07,0,0,0,0,60.9318,61.308,5.5214,0,0,2.05652,1.75412,0,1.58844,2.96352,8.67071e+06,3.61194e+06,1.78315e+07,0,0,0,6.40623e+07
60.3652,85.139,2.19368,0.12,0.04,2.64322,2.94562,0,0.495167,4.47552,4.17222e+06,2.70226e+06,1.10281e+07,0,0,0,0,61.4797,61.308,4.17736,0,0,2.05707,1.75467,0,1.58887,2.96352,8.67071e+06,3.61194e+06,1.78362e+07,0,0,0,6.40623e+07
62.4026,85.139,4.86371,0.12,0.04,2.42224,2.72464,0,0.49534,4.47552,4.17222e+06,2.70226e+06,1.01061e+07,0,0,0,0,62.3362,61.308,6.24684,0,0,1.88131,1.57891,0,1.58929,2.96352,8.67071e+06,3.61194e+06,1.63123e+07,0,0,0,6.40623e+07
66.817,85.139,7.44885,0.13,0.04,2.42309,2.72549,0,0.453927,4.47552,4.17222e+06,2.70226e+06,1.01097e+07,0,0,0,0,62.3362,61.308,11.4568,0,0,1.88181,1.57941,0,1.4535,2.96352,8.67071e+06,3.61194e+06,1.63166e+07,0,0,0,6.40623e+07
72.3838,85.139,8.98076,0.13,0.04,2.42395,2.72635,0,0.454088,4.47552,4.17222e+06,2.70226e+06,1.01132e+07,0,0,0,0,62.3362,61.308,15.3179,0,0,1.8823,1.5799,0,1.45389,2.96352,8.67071e+06,3.61194e+06,1.63209e+07,0,0,0,6.40623e+07
76.4133,85.139,7.20877,0.11,0.04,2.4248,2.7272,0,0.454248,4.47552,4.17222e+06,2.70226e+06,1.01168e+07,0,0,0,0,62.3362,61.308,13.5151,0,0,1.8828,1.5804,0,1.45427,2.96352,8.67071e+06,3.61194e+06,1.63252e+07,0,0,0,6.40623e+07
83.6016,85.139,10.5066,0.1,0.04,2.42566,2.72806,0,0.454408,4.47552,4.17222e+06,2.70226e+06,1.01204e+07,0,0,0,0,62.3362,61.308,14.7617,0,0,1.8833,1.5809,0,1.45465,2.96352,8.67071e+06,3.61194e+06,1.63295e+07,0,0,0,6.40623e+07
85.139,85.139,6.95215,0.07,0.04,2.51198,2.81438,0,0.454568,4.47552,4.17222e+06,2.70226e+06,1.04805e+07,0,0,0,0,62.3362,61.308,4.33387,0,0,1.93491,1.63251,0,1.45503,2.96352,8.67071e+06,3.61194e+06,1.6777e+07,0,0,0,6.40623e+07
85.139,85.139,5.18645,0.05,0.04,2.51283,2.81523,0,0.470745,4.47552,4.17222e+06,2.70226e+06,1.04841e+07,0,0,0,0,62.3362,61.308,5.02001,0,0,1.9354,1.633,0,1.49491,2.96352,8.67071e+06,3.61194e+06,1.67813e+07,0,0,0,6.40623e+07
85.139,85.139,3.71965,0.07,0.04,2.51368,2.81608,0,0.470904,4.47552,4.17222e+06,2.70226e+06,1.04876e+07,0,0,0,0,62.3362,61.308,3.73047,0,0,1.93589,1.63349,0,1.49529,2.96352,8.67071e+06,3.61194e+06,1.67856e+07,0,0,0,6.40623e+07
85.139,85.139,3.87669,0.07,0.04,2.51452,2.81692,0,0.471063,4.47552,4.17222e+06,2.70226e+06,1.04911e+07,0,0,0,0,62.3362,61.308,3.10296,0,0,1.93639,1.63399,0,1.49567,2.96352,8.67071e+06,3.61194e+06,1.67898e+07,0,0,0,6.40623e+07
85.139,85.139,4.94665,0.07,0.04,2.79021,3.09261,0,0.471222,4.47552,4.17222e+06,2.70226e+06,1.16414e+07,0,0,0,0,62.3362,61.308,5.62486,0,0,2.12906,1.82666,0,1.49605,2.96352,8.67071e+06,3.61194e+06,1.84604e+07,0,0,0,6.40623e+07
85.139,85.139,4.71109,0.07,0.04,2.79114,3.09354,0,0.522886,4.47552,4.17222e+06,2.70226e+06,1.16452e+07,0,0,0,0,62.3362,61.308,4.36877,0,0,2.12961,1.82721,0,1.64491,2.96352,8.67071e+06,3.61194e+06,1.84652e+07,0,0,0,6.40623e+07
85.139,85.139,5.18188,0.06,0.04,2.79207,3.09447,0,0.52306,4.47552,4.17222e+06,2.70226e+06,1.16491e+07,0,0,0,0,62.3362,61.308,4.27765,0,0,2.13016,1.82776,0,1.64533,2.96352,8.67071e+06,3.61194e+06,1.847e+07,0,0,0,6.40623e+07
85.139,85.139,3.99942,0.06,0.04,2.793,3.0954,0,0.523234,4.47552,4.17222e+06,2.70226e+06,1.1653e+07,0,0,0,0,62.3362,61.308,3.51283,0,0,2.13071,1.82831,0,1.64576,2.96352,8.67071e+06,3.61194e+06,1.84747e+07,0,0,0,6.40623e+07
85.139,85.139,7.72241,0.06,0.04,2.40146,2.70386,0,0.523409,4.47552,4.17222e+06,2.70226e+06,1.00194e+07,0,0,0,0,62.3362,61.308,8.65577,0,0,1.87304,1.57064,0,1.64618,2.96352,8.67071e+06,3.61194e+06,1.62406e+07,0,0,0,6.40623e+07
85.139,85.139,4.93264,0.06,0.04,2.40227,2.70467,0,0.450033,4.47552,4.17222e+06,2.70226e+06,1.00228e+07,0,0,0,0,62.3362,61.308,5.14651,0,0,1.87351,1.57111,0,1.44711,2.96352,8.67071e+06,3.61194e+06,1.62447e+07,0,0,0,6.40623e+07
85.139,85.139,4.0726,0.07,0.04,2.40308,2.70548,0,0.450185,4.47552,4.17222e+06,2.70226e+06,1.00262e+07,0,0,0,0,62.3362,61.308,3.81087,0,0,1.87398,1.57158,0,1.44748,2.96352,8.67071e+06,3.61194e+06,1.62488e+07,0,0,0,6.40623e+07
85.139,85.139,4.40635,0.08,0.04,2.4039,2.7063,0,0.450338,4.47552,4.17222e+06,2.70226e+06,1.00296e+07,0,0,0,0,62.3362,61.308,4.12889,0,0,1.87446,1.57206,0,1.44784,2.96352,8.67071e+06,3.61194e+06,1.62529e+07,0,0,0,6.40623e+07
85.139,85.139,7.0497,0.08,0.04,2.40471,2.70711,0,0.45049,4.47552,4.17222e+06,2.70226e+06,1.0033e+07,0,0,0,0,62.3362,61.308,7.11596,0,0,1.87493,1.57253,0,1.44821,2.96352,8.67071e+06,3.61194e+06,1.6257e+07,0,0,0,6.40623e+07
85.139,85.139,5.02827,0.08,0.04,2.50447,2.80687,0,0.450643,4.47552,4.17222e+06,2.70226e+06,1.04492e+07,0,0,0,0,62.3362,61.308,3.88162,0,0,1.93867,1.63627,0,1.44857,2.96352,8.67071e+06,3.61194e+06,1.68096e+07,0,0,0,6.40623e+07
85.139,85.139,7.85928,0.08,0.04,2.50531,2.80771,0,0.469337,4.47552,4.17222e+06,2.70226e+06,1.04527e+07,0,0,0,0,62.3362,61.308,6.55541,0,0,1.93916,1.63676,0,1.49781,2.96352,8.67071e+06,3.61194e+06,1.68139e+07,0,0,0,6.40623e+07
85.139,85.139,6.92287,0.08,0.04,2.50616,2.80856,0,0.469495,4.47552,4.17222e+06,2.70226e+06,1.04562e+07,0,0,0,0,62.3362,61.308,6.07328,0,0,1.93965,1.63725,0,1.4982,2.96352,8.67071e+06,3.61194e+06,1.68182e+07,0,0,0,6.40623e+07
85.139,85.139,5.28491,0.08,0.04,2.507,2.8094,0,0.469654,4.47552,4.17222e+06,2.70226e+06,1.04597e+07,0,0,0,0,62.3362,61.308,4.48089,0,0,1.94014,1.63774,0,1.49858,2.96352,8.67071e+06,3.61194e+06,1.68224e+07,0,0,0,6.40623e+07
85.139,85.139,4.28103,0.09,0.04,2.46911,2.77151,0,0.469812,4.47552,4.17222e+06,2.70226e+06,1.03017e+07,0,0,0,0,62.3362,61.308,3.28737,0,0,1.91604,1.61364,0,1.49896,2.96352,8.67071e+06,3.61194e+06,1.66134e+07,0,0,0,6.40623e+07
85.139,85.139,3.78711,0.08,0.04,2.46995,2.77235,0,0.462712,4.47552,4.17222e+06,2.70226e+06,1.03051e+07,0,0,0,0,62.3362,61.308,2.82988,0,0,1.91652,1.61412,0,1.48033,2.96352,8.67071e+06,3.61194e+06,1.66176e+07,0,0,0,6.40623e+07
85.139,85.139,3.56267,0.07,0.04,2.47078,2.77318,0,0.462868,4.47552,4.17222e+06,2.70226e+06,1.03086e+07,0,0,0,0,62.3352,61.308,2.79545,0,0,1.91701,1.61461,0,1.4807,2.96352,8.67071e+06,3.61194e+06,1.66218e+07,0,0,0,6.40623e+07
85.139,85.139,3.4321,0.07,0.04,2.47161,2.77401,0,0.463024,4.47552,4.17222e+06,2.70226e+06,1.03121e+07,0,0,0,0,62.3338,61.308,2.862,0,0,1.91749,1.61509,0,1.48108,2.96352,8.67071e+06,3.61194e+06,1.6626e+07,0,0,0,6.40623e+07
85.139,85.139,3.34907,0.07,0.04,2.60408,2.90648,0,0.46318,4.47552,4.17222e+06,2.70226e+06,1.08648e+07,0,0,0,0,62.3047,61.308,2.60621,0,0,2.00532,1.70292,0,1.48145,2.96352,8.67071e+06,3.61194e+06,1.73876e+07,0,0,0,6.40623e+07
85.139,85.139,3.04321,0.07,0.04,2.60495,2.90735,0,0.488004,4.47552,4.17222e+06,2.70226e+06,1.08684e+07,0,0,0,0,62.1149,61.308,2.13755,0,0,2.00584,1.70344,0,1.54931,2.96352,8.67071e+06,3.61194e+06,1.7392e+07,0,0,0,6.40623e+07
84.9224,85.139,2.67009,0.06,0.04,2.60582,2.90822,0,0.488168,4.47552,4.17222e+06,2.70226e+06,1.08721e+07,0,0,0,0,61.8024,61.308,1.99236,0,0,2.00635,1.70395,0,1.54971,2.96352,8.67071e+06,3.61194e+06,1.73965e+07,0,0,0,6.40623e+07
84.605,85.139,2.52216,0.07,0.04,2.6067,2.9091,0,0.488331,4.47552,4.17222e+06,2.70226e+06,1.08757e+07,0,0,0,0,61.3959,61.308,1.90288,0,0,2.00686,1.70446,0,1.5501,2.96352,8.67071e+06,3.61194e+06,1.74009e+07,0,0,0,6.40623e+07
84.1206,85.139,2.34821,0.07,0.04,2.60757,2.90997,0,0.488495,4.47552,4.17222e+06,2.70226e+06,1.08793e+07,0,0,0,0,61.1015,61.308,1.84117,0,0,2.00737,1.70497,0,1.5505,2.96352,8.67071e+06,3.61194e+06,1.74053e+07,0,0,0,6.40623e+07
83.2738,85.139,1.92279,0.06,0.04,2.58237,2.88477,0,0.488659,4.47552,4.17222e+06,2.70226e+06,1.07742e+07,0,0,0,0,60.837,61.308,2.04322,0,0,2.05596,1.75356,0,1.55089,2.96352,8.67071e+06,3.61194e+06,1.78267e+07,0,0,0,6.40623e+07
82.2748,85.139,1.75698,0.05,0.04,2.58324,2.88564,0,0.483937,4.47552,4.17222e+06,2.70226e+06,1.07778e+07,0,0,0,0,60.3874,61.308,1.95187,0,0,2.05649,1.75409,0,1.58844,2.96352,8.67071e+06,3.61194e+06,1.78312e+07,0,0,0,6.40623e+07
81.2271,85.139,1.69515,0.04,0.04,2.58411,2.88651,0,0.484099,4.47552,4.17222e+06,2.70226e+06,1.07815e+07,0,0,0,0,59.8552,61.308,1.75313,0,0,2.05702,1.75462,0,1.58884,2.96352,8.67071e+06,3.61194e+06,1.78358e+07,0,0,0,6.40623e+07
80.1288,85.139,1.62135,0.05,0.04,2.58497,2.88737,0,0.484262,4.47552,4.17222e+06,2.70226e+06,1.07851e+07,0,0,0,0,59.2702,61.308,1.6801,0,0,2.05754,1.75514,0,1.58925,2.96352,8.67071e+06,3.61194e+06,1.78404e+07,0,0,0,6.40623e+07
78.8866,85.139,1.50618,0.04,0.04,2.65325,2.95565,0,0.484424,4.47552,4.17222e+06,2.70226e+06,1.10699e+07,0,0,0,0,58.695,61.308,1.65357,0,0,2.10097,1.79857,0,1.58966,2.96352,8.67071e+06,3.61194e+06,1.82169e+07,0,0,0,6.40623e+07
77.5766,85.139,1.43079,0.08,0.04,2.65413,2.95653,0,0.497219,4.47552,4.17222e+06,2.70226e+06,1.10736e+07,0,0,0,0,58.047,61.308,1.67531,0,0,2.10151,1.79911,0,1.62321,2.96352,8.67071e+06,3.61194e+06,1.82216e+07,0,0,0,6.40623e+07
76.0996,85.139,1.25278,0.07,0.04,2.65502,2.95742,0,0.497385,4.47552,4.17222e+06,2.70226e+06,1.10773e+07,0,0,0,0,57.3232,61.308,1.5407,0,0,2.10205,1.79965,0,1.62363,2.96352,8.67071e+06,3.61194e+06,1.82263e+07,0,0,0,6.40623e+07
74.5437,85.139,1.15672,0.07,0.04,2.65591,2.95831,0,0.497551,4.47552,4.17222e+06,2.70226e+06,1.1081e+07,0,0,0,0,56.6622,61.308,1.4875,0,0,2.10259,1.80019,0,1.62404,2.96352,8.67071e+06,3.61194e+06,1.8231e+07,0,0,0,6.40623e+07
72.7306,85.139,1.04329,0.07,0.04,2.85443,3.15683,0,0.497718,4.47552,4.17222e+06,2.70226e+06,1.19093e+07,0,0,0,0,55.9329,61.308,1.59436,0,0,2.25817,1.95577,0,1.62446,2.96352,8.67071e+06,3.61194e+06,1.95799e+07,0,0,0,6.40623e+07
71.0328,85.139,1.1505,0.12,0.04,2.85538,3.15778,0,0.53492,4.47552,4.17222e+06,2.70226e+06,1.19133e+07,0,0,0,0,55.4549,61.308,1.42805,0,0,2.25875,1.95635,0,1.74466,2.96352,8.67071e+06,3.61194e+06,1.9585e+07,0,0,0,6.40623e+07
69.5786,85.139,1.37207,0.12,0.04,2.85633,3.15873,0,0.535098,4.47552,4.17222e+06,2.70226e+06,1.19172e+07,0,0,0,0,55.1629,61.308,2.34227,0,0,2.25934,1.95694,0,1.74511,2.96352,8.67071e+06,3.61194e+06,1.95901e+07,0,0,0,6.40623e+07
67.8772,85.139,1.10923,0.12,0.04,2.85727,3.15967,0,0.535275,4.47552,4.17222e+06,2.70226e+06,1.19212e+07,0,0,0,0,54.6693,61.308,1.68453,0,0,2.25993,1.95753,0,1.74557,2.96352,8.67071e+06,3.61194e+06,1.95952e+07,0,0,0,6.40623e+07
66.2544,85.139,1.18681,0.15,0.04,2.85822,3.16062,0,0.535453,4.47552,4.17222e+06,2.70226e+06,1.19251e+07,0,0,0,0,54.3526,61.308,1.71639,0,0,2.26051,1.95811,0,1.74602,2.96352,8.67071e+06,3.61194e+06,1.96003e+07,0,0,0,6.40623e+07
64.9322,85.139,1.34741,0.14,0.04,2.76271,3.06511,0,0.535631,4.47552,4.17222e+06,2.70226e+06,1.15266e+07,0,0,0,0,54.1208,61.308,2.88753,0,0,2.16686,1.86446,0,1.74647,2.96352,8.67071e+06,3.61194e+06,1.87882e+07,0,0,0,6.40623e+07
63.423,85.139,1.14971,0.14,0.04,2.76363,3.06603,0,0.517731,4.47552,4.17222e+06,2.70226e+06,1.15304e+07,0,0,0,0,53.5342,61.308,1.53817,0,0,2.16742,1.86502,0,1.67412,2.96352,8.67071e+06,3.61194e+06,1.87931e+07,0,0,0,6.40623e+07
62.0876,85.139,1.34347,0.15,0.04,2.76454,3.06694,0,0.517903,4.47552,4.17222e+06,2.70226e+06,1.15343e+07,0,0,0,0,53.1179,61.308,1.57283,0,0,2.16798,1.86558,0,1.67455,2.96352,8.67071e+06,3.61194e+06,1.87979e+07,0,0,0,6.40623e+07
63.0389,85.139,3.80325,0.16,0.04,2.76546,3.06786,0,0.518076,4.47552,4.17222e+06,2.70226e+06,1.15381e+07,0,0,0,0,53.4325,61.308,2.94381,0,0,2.16854,1.86614,0,1.67498,2.96352,8.67071e+06,3.61194e+06,1.88028e+07,0,0,0,6.40623e+07
62.5842,85.139,2.33585,0.13,0.04,2.68711,2.98951,0,0.518248,4.47552,4.17222e+06,2.70226e+06,1.12112e+07,0,0,0,0,53.4999,61.308,2.95642,0,0,2.08321,1.78081,0,1.67541,2.96352,8.67071e+06,3.61194e+06,1.80629e+07,0,0,0,6.40623e+07
64.9827,85.139,5.25628,0.12,0.04,2.68801,2.99041,0,0.503564,4.47552,4.17222e+06,2.70226e+06,1.12149e+07,0,0,0,0,54.2396,61.308,5.28797,0,0,2.08375,1.78135,0,1.60949,2.96352,8.67071e+06,3.61194e+06,1.80676e+07,0,0,0,6.40623e+07
66.9113,85.139,4.88333,0.11,0.04,2.6889,2.9913,0,0.503732,4.47552,4.17222e+06,2.70226e+06,1.12187e+07,0,0,0,0,54.949,61.308,4.7699,0,0,2.08428,1.78188,0,1.6099,2.96352,8.67071e+06,3.61194e+06,1.80722e+07,0,0,0,6.40623e+07
70.4103,85.139,6.51808,0.11,0.04,2.6898,2.9922,0,0.5039,4.47552,4.17222e+06,2.70226e+06,1.12224e+07,0,0,0,0,56.9546,61.308,6.74098,0,0,2.08481,1.78241,0,1.61031,2.96352,8.67071e+06,3.61194e+06,1.80768e+07,0,0,0,6.40623e+07
73.8203,85.139,6.34705,0.11,0.04,2.46528,2.76768,0,0.504068,4.47552,4.17222e+06,2.70226e+06,1.02857e+07,0,0,0,0,58.4516,61.308,6.47182,0,0,1.90626,1.60386,0,1.61073,2.96352,8.67071e+06,3.61194e+06,1.65286e+07,0,0,0,6.40623e+07
74.4909,85.139,3.5919,0.1,0.04,2.46611,2.76851,0,0.461994,4.47552,4.17222e+06,2.70226e+06,1.02891e+07,0,0,0,0,59.6204,61.308,6.84519,0,0,1.90674,1.60434,0,1.47277,2.96352,8.67071e+06,3.61194e+06,1.65328e+07,0,0,0,6.40623e+07
75.1035,85.139,3.48253,0.11,0.04,2.46694,2.76934,0,0.462149,4.47552,4.17222e+06,2.70226e+06,1.02926e+07,0,0,0,0,60.5245,61.308,5.81141,0,0,1.90722,1.60482,0,1.47315,2.96352,8.67071e+06,3.61194e+06,1.65369e+07,0,0,0,6.40623e+07
75.3305,85.139,3.13553,0.11,0.04,2.46777,2.77017,0,0.462305,4.47552,4.17222e+06,2.70226e+06,1.02961e+07,0,0,0,0,61.4724,61.308,5.89622,0,0,1.9077,1.6053,0,1.47352,2.96352,8.67071e+06,3.61194e+06,1.65411e+07,0,0,0,6.40623e+07
77.4539,85.139,5.00889,0.11,0.04,2.4686,2.771,0,0.46246,4.47552,4.17222e+06,2.70226e+06,1.02995e+07,0,0,0,2.35796e+08,62.3362,61.308,6.64086,0,0,1.90818,1.60578,0,1.47389,2.96352,8.67071e+06,3.61194e+06,1.65453e+07,0,0,0,6.40623e+07
80.5562,85.139,6.22169,0.11,0.04,2.55624,2.85864,0,0.462616,5.32224,4.17222e+06,2.70226e+06,1.06652e+07,0,0,0,2.35796e+08,62.3362,61.308,6.1507,0,0,1.96058,1.65818,0,1.47426,2.96352,8.67071e+06,3.61194e+06,1.69997e+07,0,0,0,6.40623e+07
85.139,85.139,9.2122,0.09,0.04,2.55706,2.85946,0,0.47904,5.32224,4.17222e+06,2.70226e+06,1.06686e+07,0,0,0,2.35796e+08,62.3362,61.308,7.51689,0,0,1.96106,1.65866,0,1.51475,2.96352,8.67071e+06,3.61194e+06,1.70038e+07,0,0,0,6.40623e+07
85.139,85.139,6.44355,0.07,0.04,2.55789,2.86029,0,0.479194,5.32224,4.17222e+06,2.70226e+06,1.0672e+07,0,0,0,2.35796e+08,62.3362,61.308,6.2622,0,0,1.96154,1.65914,0,1.51512,2.96352,8.67071e+06,3.61194e+06,1.70079e+07,0,0,0,6.40623e+07
85.139,85.139,6.98982,0.07,0.04,2.55871,2.86111,0,0.479348,5.32224,4.17222e+06,2.70226e+06,1.06755e+07,0,0,0,2.35796e+08,62.3362,61.308,7.38001,0,0,1.96201,1.65961,0,1.51548,2.96352,8.67071e+06,3.61194e+06,1.70121e+07,0,0,0,6.40623e+07
85.139,85.139,13.7308,0.07,0.04,2.83867,3.14107,0,0.479502,5.32224,4.17222e+06,2.70226e+06,1.18436e+07,0,0,0,2.35796e+08,62.3362,61.308,11.7327,0,0,2.15768,1.85528,0,1.51585,2.96352,8.67071e+06,3.61194e+06,1.87086e+07,0,0,0,6.40623e+07
85.139,85.139,13.5563,0.07,0.04,2.83958,3.14198,0,0.531968,5.32224,4.17222e+06,2.70226e+06,1.18473e+07,0,0,0,2.35796e+08,62.3362,61.308,12.2379,0,0,2.15822,1.85582,0,1.66703,2.96352,8.67071e+06,3.61194e+06,1.87133e+07,0,0,0,6.40623e+07
85.139,85.139,10.9232,0.08,0.04,2.84048,3.14288,0,0.532137,5.32224,4.17222e+06,2.70226e+06,1.18511e+07,0,0,0,2.35796e+08,62.3362,61.308,12.424,0,0,2.15875,1.85635,0,1.66744,2.96352,8.67071e+06,3.61194e+06,1.87179e+07,0,0,0,6.40623e+07
85.139,85.139,10.4595,0.1,0.04,2.84138,3.14378,0,0.532306,5.32224,4.17222e+06,2.70226e+06,1.18549e+07,0,0,0,2.35796e+08,62.3362,61.308,12.0577,0,0,2.15928,1.85688,0,1.66785,2.96352,8.67071e+06,3.61194e+06,1.87225e+07,0,0,0,6.40623e+07
85.139,85.139,8.64177,0.12,0.04,2.44368,2.74608,0,0.532475,5.32224,4.17222e+06,2.70226e+06,1.01955e+07,0,0,0,2.35796e+08,62.3362,61.308,13.3297,0,0,1.89756,1.59516,0,1.66826,2.96352,8.67071e+06,3.61194e+06,1.64532e+07,0,0,0,6.40623e+07
85.139,85.139,10.0334,0.12,0.04,2.44446,2.74686,0,0.457945,5.32224,4.17222e+06,2.70226e+06,1.01988e+07,0,0,0,2.35796e+08,62.3362,61.308,16.1149,0,0,1.89802,1.59562,0,1.46606,2.96352,8.67071e+06,3.61194e+06,1.64572e+07,0,0,0,6.40623e+07
85.139,85.139,11.9352,0.12,0.04,2.44525,2.74765,0,0.458093,5.32224,4.17222e+06,2.70226e+06,1.02021e+07,0,0,0,2.35796e+08,62.3362,61.308,20.8308,0,0,1.89848,1.59608,0,1.46641,2.96352,8.67071e+06,3.61194e+06,1.64612e+07,0,0,0,6.40623e+07
85.139,85.139,8.76211,0.12,0.04,2.44604,2.74844,0,0.45824,5.32224,4.17222e+06,2.70226e+06,1.02054e+07,0,0,0,2.35796e+08,62.3362,61.308,13.6072,0,0,1.89894,1.59654,0,1.46677,2.96352,8.67071e+06,3.61194e+06,1.64652e+07,0,0,0,6.40623e+07
85.139,85.139,12.4802,0.12,0.04,2.44683,2.74923,0,0.458388,5.32224,4.17222e+06,2.70226e+06,1.02087e+07,0,0,0,2.35796e+08,62.3362,61.308,15.46,0,0,1.8994,1.597,0,1.46712,2.96352,8.67071e+06,3.61194e+06,1.64691e+07,0,0,0,6.40623e+07
85.139,85.139,10.6314,0.11,0.04,2.5481,2.8505,0,0.458536,5.32224,4.17222e+06,2.70226e+06,1.06312e+07,0,0,0,2.35796e+08,62.3362,61.308,24.6611,0,0,1.9641,1.6617,0,1.46747,2.96352,8.67071e+06,3.61194e+06,1.70302e+07,0,0,0,6.40623e+07
85.139,85.139,10.1082,0.11,0.04,2.54892,2.85132,0,0.477514,5.32224,4.17222e+06,2.70226e+06,1.06346e+07,0,0,0,2.35796e+08,62.3362,61.308,33.5043,0,0,1.96458,1.66218,0,1.51747,2.96352,8.67071e+06,3.61194e+06,1.70343e+07,0,0,0,6.40623e+07
85.139,85.139,8.48562,0.11,0.04,2.54974,2.85214,0,0.477667,5.32224,4.17222e+06,2.70226e+06,1.0638e+07,0,0,0,2.35796e+08,62.3362,61.308,15.0244,0,0,1.96506,1.66266,0,1.51783,2.96352,8.67071e+06,3.61194e+06,1.70384e+07,0,0,0,6.40623e+07
85.139,85.139,9.60727,0.1,0.04,2.55055,2.85295,0,0.47782,5.32224,4.17222e+06,2.70226e+06,1.06415e+07,0,0,0,2.35796e+08,62.3362,61.308,17.9919,0,0,1.96553,1.66313,0,1.5182,2.96352,8.67071e+06,3.61194e+06,1.70426e+07,0,0,0,6.40623e+07
85.139,85.139,7.64626,0.1,0.04,2.51204,2.81444,0,0.477974,5.32224,4.17222e+06,2.70226e+06,1.04808e+07,0,0,0,2.35796e+08,62.3362,61.308,10.6444,0,0,1.94103,1.63863,0,1.51857,2.96352,8.67071e+06,3.61194e+06,1.68301e+07,0,0,0,6.40623e+07
85.139,85.139,7.76735,0.09,0.04,2.51285,2.81525,0,0.470756,5.32224,4.17222e+06,2.70226e+06,1.04841e+07,0,0,0,2.35796e+08,62.3362,61.308,10.838,0,0,1.9415,1.6391,0,1.49964,2.96352,8.67071e+06,3.61194e+06,1.68342e+07,0,0,0,6.40623e+07
85.139,85.139,6.47217,0.07,0.04,2.51366,2.81606,0,0.470908,5.32224,4.17222e+06,2.70226e+06,1.04875e+07,0,0,0,2.35796e+08,62.3362,61.308,10.6694,0,0,1.94197,1.63957,0,1.5,2.96352,8.67071e+06,3.61194e+06,1.68383e+07,0,0,0,6.40623e+07
85.139,85.139,5.7954,0.07,0.04,2.51446,2.81686,0,0.471059,5.32224,4.17222e+06,2.70226e+06,1.04909e+07,0,0,0,2.35796e+08,62.3362,61.308,9.98847,0,0,1.94244,1.64004,0,1.50037,2.96352,8.67071e+06,3.61194e+06,1.68423e+07,0,0,0,6.40623e+07
85.139,85.139,5.7223,0.07,0.04,2.64893,2.95133,0,0.47121,5.32224,4.17222e+06,2.70226e+06,1.10519e+07,0,0,0,2.35796e+08,62.3362,61.308,9.11214,0,0,2.0316,1.7292,0,1.50073,2.96352,8.67071e+06,3.61194e+06,1.76155e+07,0,0,0,6.40623e+07
85.139,85.139,5.85677,0.07,0.04,2.64978,2.95218,0,0.49641,5.32224,4.17222e+06,2.70226e+06,1.10554e+07,0,0,0,2.35796e+08,62.3362,61.308,7.7935,0,0,2.0321,1.7297,0,1.56962,2.96352,8.67071e+06,3.61194e+06,1.76198e+07,0,0,0,6.40623e+07
85.139,85.139,5.46102,0.07,0.04,2.65063,2.95303,0,0.496568,5.32224,4.17222e+06,2.70226e+06,1.1059e+07,0,0,0,2.35796e+08,62.3362,61.308,7.58532,0,0,2.0326,1.7302,0,1.57,2.96352,8.67071e+06,3.61194e+06,1.76241e+07,0,0,0,6.40623e+07
85.139,85.139,5.1952,0.06,0.04,2.65147,2.95387,0,0.496727,5.32224,4.17222e+06,2.70226e+06,1.10625e+07,0,0,0,2.35796e+08,62.3362,61.308,7.87488,0,0,2.03309,1.73069,0,1.57038,2.96352,8.67071e+06,3.61194e+06,1.76284e+07,0,0,0,6.40623e+07
85.139,85.139,4.92066,0.05,0.04,2.65232,2.95472,0,0.496886,5.32224,4.17222e+06,2.70226e+06,1.1066e+07,0,0,0,2.35796e+08,62.3362,61.308,7.38417,0,0,2.03359,1.73119,0,1.57077,2.96352,8.67071e+06,3.61194e+06,1.76327e+07,0,0,0,6.40623e+07
85.139,85.139,4.85673,0.04,0.04,2.62669,2.92909,0,0.497044,5.32224,4.17222e+06,2.70226e+06,1.09591e+07,0,0,0,2.35796e+08,62.3362,61.308,4.41197,0,0,2.0829,1.7805,0,1.57115,2.96352,8.67071e+06,3.61194e+06,1.80603e+07,0,0,0,6.40623e+07
85.139,85.139,4.60112,0.03,0.04,2.62753,2.92993,0,0.492243,5.32224,4.17222e+06,2.70226e+06,1.09626e+07,0,0,0,2.35796e+08,62.3362,61.308,4.19922,0,0,2.08341,1.78101,0,1.60925,2.96352,8.67071e+06,3.61194e+06,1.80647e+07,0,0,0,6.40623e+07
85.139,85.139,4.38188,0.03,0.04,2.62837,2.93077,0,0.4924,5.32224,4.17222e+06,2.70226e+06,1.09661e+07,0,0,0,2.35796e+08,62.3362,61.308,4.11089,0,0,2.08392,1.78152,0,1.60964,2.96352,8.67071e+06,3.61194e+06,1.80691e+07,0,0,0,6.40623e+07
85.139,85.139,4.13514,0.03,0.04,2.62921,2.93161,0,0.492557,5.32224,4.17222e+06,2.70226e+06,1.09696e+07,0,0,0,2.35796e+08,62.3362,61.308,4.11616,0,0,2.08443,1.78203,0,1.61004,2.96352,8.67071e+06,3.61194e+06,1.80735e+07,0,0,0,6.40623e+07
85.139,85.139,3.4565,0.03,0.04,2.69849,3.00089,0,0.492715,5.32224,4.17222e+06,2.70226e+06,1.12587e+07,0,0,0,2.35796e+08,62.3362,61.308,3.16559,0,0,2.1285,1.8261,0,1.61043,2.96352,8.67071e+06,3.61194e+06,1.84556e+07,0,0,0,6.40623e+07
85.139,85.139,3.65139,0.04,0.04,2.69935,3.00175,0,0.505697,5.32224,4.17222e+06,2.70226e+06,1.12623e+07,0,0,0,2.35796e+08,62.3362,61.308,3.30364,0,0,2.12903,1.82663,0,1.64448,2.96352,8.67071e+06,3.61194e+06,1.84602e+07,0,0,0,6.40623e+07
85.139,85.139,3.30027,0.04,0.04,2.70021,3.00261,0,0.505858,5.32224,4.17222e+06,2.70226e+06,1.12659e+07,0,0,0,2.35796e+08,62.3362,61.308,3.12651,0,0,2.12955,1.82715,0,1.64488,2.96352,8.67071e+06,3.61194e+06,1.84647e+07,0,0,0,6.40623e+07
85.139,85.139,3.00566,0.04,0.04,2.70107,3.00347,0,0.506019,5.32224,4.17222e+06,2.70226e+06,1.12694e+07,0,0,0,2.35796e+08,62.3311,61.308,2.72995,0,0,2.13007,1.82767,0,1.64529,2.96352,8.67071e+06,3.61194e+06,1.84692e+07,0,0,0,6.40623e+07
85.139,85.139,3.14892,0.04,0.04,2.90258,3.20498,0,0.506181,5.32224,4.17222e+06,2.70226e+06,1.21102e+07,0,0,0,2.35796e+08,62.3362,61.308,3.30382,0,0,2.288,1.9856,0,1.64569,2.96352,8.67071e+06,3.61194e+06,1.98385e+07,0,0,0,6.40623e+07
84.3849,85.139,2.25441,0.04,0.04,2.9035,3.2059,0,0.543943,5.32224,4.17222e+06,2.70226e+06,1.2114e+07,0,0,0,2.35796e+08,62.1926,61.308,2.64385,0,0,2.28856,1.98616,0,1.76771,2.96352,8.67071e+06,3.61194e+06,1.98435e+07,0,0,0,6.40623e+07
83.6785,85.139,2.28849,0.07,0.04,2.90441,3.20681,0,0.544115,5.32224,4.17222e+06,2.70226e+06,1.21178e+07,0,0,0,2.35796e+08,62.0128,61.308,2.53485,0,0,2.28913,1.98673,0,1.76814,2.96352,8.67071e+06,3.61194e+06,1.98484e+07,0,0,0,6.40623e+07
84.0324,85.139,3.38566,0.07,0.04,2.90533,3.20773,0,0.544287,5.32224,4.17222e+06,2.70226e+06,1.21217e+07,0,0,0,2.35796e+08,61.9867,61.308,3.03655,0,0,2.2897,1.9873,0,1.76858,2.96352,8.67071e+06,3.61194e+06,1.98533e+07,0,0,0,6.40623e+07
85.139,85.139,4.83528,0.08,0.04,2.90625,3.20865,0,0.544459,5.32224,4.17222e+06,2.70226e+06,1.21255e+07,0,0,0,2.35796e+08,62.2564,61.308,3.42098,0,0,2.29027,1.98787,0,1.76902,2.96352,8.67071e+06,3.61194e+06,1.98583e+07,0,0,0,6.40623e+07
84.763,85.139,2.58879,0.05,0.04,2.80924,3.11164,0,0.544631,5.32224,4.17222e+06,2.70226e+06,1.17208e+07,0,0,0,2.35796e+08,62.3362,61.308,3.14287,0,0,2.19517,1.89277,0,1.76946,2.96352,8.67071e+06,3.61194e+06,1.90337e+07,0,0,0,6.40623e+07
84.4622,85.139,2.67612,0.08,0.04,2.81013,3.11253,0,0.526452,5.32224,4.17222e+06,2.70226e+06,1.17245e+07,0,0,0,2.35796e+08,62.3362,61.308,2.98494,0,0,2.19571,1.89331,0,1.69599,2.96352,8.67071e+06,3.61194e+06,1.90384e+07,0,0,0,6.40623e+07
85.139,85.139,4.17381,0.09,0.04,2.81102,3.11342,0,0.526619,5.32224,4.17222e+06,2.70226e+06,1.17282e+07,0,0,0,2.35796e+08,62.3362,61.308,5.07289,0,0,2.19625,1.89385,0,1.6964,2.96352,8.67071e+06,3.61194e+06,1.90431e+07,0,0,0,6.40623e+07
85.139,85.139,4.02623,0.06,0.04,2.81191,3.11431,0,0.526786,5.32224,4.17222e+06,2.70226e+06,1.17319e+07,0,0,0,2.35796e+08,62.3362,61.308,4.62853,0,0,2.19679,1.89439,0,1.69682,2.96352,8.67071e+06,3.61194e+06,1.90478e+07,0,0,0,6.40623e+07
85.139,85.139,3.86549,0.07,0.04,2.73233,3.03473,0,0.526953,5.32224,4.17222e+06,2.70226e+06,1.13999e+07,0,0,0,2.35796e+08,62.3362,61.308,3.53031,0,0,2.11015,1.80775,0,1.69724,2.96352,8.67071e+06,3.61194e+06,1.82965e+07,0,0,0,6.40623e+07
85.139,85.139,3.40444,0.08,0.04,2.7332,3.0356,0,0.512039,5.32224,4.17222e+06,2.70226e+06,1.14035e+07,0,0,0,2.35796e+08,62.3362,61.308,3.09583,0,0,2.11067,1.80827,0,1.6303,2.96352,8.67071e+06,3.61194e+06,1.8301e+07,0,0,0,6.40623e+07
85.139,85.139,3.43306,0.08,0.04,2.73407,3.03647,0,0.512202,5.32224,4.17222e+06,2.70226e+06,1.14071e+07,0,0,0,2.35796e+08,62.3362,61.308,3.2752,0,0,2.11118,1.80878,0,1.6307,2.96352,8.67071e+06,3.61194e+06,1.83055e+07,0,0,0,6.40623e+07
85.139,85.139,3.70768,0.09,0.04,2.73494,3.03734,0,0.512364,5.32224,4.17222e+06,2.70226e+06,1.14107e+07,0,0,0,2.35796e+08,62.3362,61.308,4.6007,0,0,2.1117,1.8093,0,1.6311,2.96352,8.67071e+06,3.61194e+06,1.831e+07,0,0,0,6.40623e+07
85.139,85.139,3.27722,0.08,0.04,2.50699,2.80939,0,0.512527,5.32224,4.17222e+06,2.70226e+06,1.04597e+07,0,0,0,2.35796e+08,62.3362,61.308,4.40544,0,0,1.93043,1.62803,0,1.6315,2.96352,8.67071e+06,3.61194e+06,1.67382e+07,0,0,0,6.40623e+07
85.139,85.139,3.55698,0.08,0.04,2.5078,2.8102,0,0.469811,5.32224,4.17222e+06,2.70226e+06,1.04631e+07,0,0,0,2.35796e+08,62.3362,61.308,3.23528,0,0,1.93089,1.62849,0,1.49145,2.96352,8.67071e+06,3.61194e+06,1.67422e+07,0,0,0,6.40623e+07
85.139,85.139,3.54385,0.08,0.04,2.5086,2.811,0,0.469961,5.32224,4.17222e+06,2.70226e+06,1.04664e+07,0,0,0,2.35796e+08,62.3362,61.308,3.53263,0,0,1.93136,1.62896,0,1.49181,2.96352,8.67071e+06,3.61194e+06,1.67463e+07,0,0,0,6.40623e+07
85.139,85.139,6.30519,0.09,0.04,2.50941,2.81181,0,0.470112,5.32224,4.17222e+06,2.70226e+06,1.04698e+07,0,0,0,2.35796e+08,62.3362,61.308,7.99267,0,0,1.93183,1.62943,0,1.49217,2.96352,8.67071e+06,3.61194e+06,1.67503e+07,0,0,0,6.40623e+07
85.139,85.139,4.22565,0.09,0.04,2.51021,2.81261,0,0.470262,5.32224,4.17222e+06,2.70226e+06,1.04731e+07,0,0,0,2.35796e+08,62.3362,61.308,4.32984,0,0,1.93229,1.62989,0,1.49253,2.96352,8.67071e+06,3.61194e+06,1.67543e+07,0,0,0,6.40623e+07
85.139,85.139,5.40566,0.1,0,2.59913,2.90153,0,0.470413,5.32224,4.17222e+06,2.70226e+06,1.08441e+07,0,0,0,2.35796e+08,62.3362,61.308,7.77161,0,0,1.98546,1.68306,0,1.49289,2.96352,8.67071e+06,3.61194e+06,1.72154e+07,0,0,0,6.40623e+07
85.139,85.139,4.14438,0.1,0,2.59992,2.90232,0,0.487076,5.32224,4.17222e+06,2.70226e+06,1.08474e+07,0,0,0,2.35796e+08,62.3362,61.308,5.26611,0,0,1.98592,1.68352,0,1.53397,2.96352,8.67071e+06,3.61194e+06,1.72194e+07,0,0,0,6.40623e+07
85.139,85.139,3.71136,0.1,0,2.60072,2.90312,0,0.487225,5.32224,4.17222e+06,2.70226e+06,1.08508e+07,0,0,0,2.35796e+08,62.3362,61.308,4.52896,0,0,1.98638,1.68398,0,1.53432,2.96352,8.67071e+06,3.61194e+06,1.72234e+07,0,0,0,6.40623e+07
84.943,85.139,2.91784,0.1,0,2.60151,2.90391,0,0.487374,5.32224,4.17222e+06,2.70226e+06,1.08541e+07,0,0,0,2.35796e+08,62.3362,61.308,3.51485,0,0,1.98684,1.68444,0,1.53468,2.96352,8.67071e+06,3.61194e+06,1.72274e+07,0,0,0,6.40623e+07
85.139,85.139,3.65395,0.16,0,2.88563,3.18803,0,0.487523,5.32224,4.17222e+06,2.70226e+06,1.20395e+07,0,0,0,2.35796e+08,62.3362,61.308,4.1906,0,0,2.18541,1.88301,0,1.53504,2.96352,8.67071e+06,3.61194e+06,1.89491e+07,0,0,0,6.40623e+07
85.139,85.139,6.29959,0.1,0,2.8865,3.1889,0,0.540766,5.32224,4.17222e+06,2.70226e+06,1.20431e+07,0,0,0,2.35796e+08,62.3362,61.308,7.89028,0,0,2.18593,1.88353,0,1.68845,2.96352,8.67071e+06,3.61194e+06,1.89536e+07,0,0,0,6.40623e+07
85.139,85.139,7.21309,0.11,0,2.88737,3.18977,0,0.54093,5.32224,4.17222e+06,2.70226e+06,1.20467e+07,0,0,0,2.35796e+08,62.3362,61.308,6.7615,0,0,2.18645,1.88405,0,1.68885,2.96352,8.67071e+06,3.61194e+06,1.8958e+07,0,0,0,6.40623e+07
85.139,85.139,8.5062,0.15,0,2.88825,3.19065,0,0.541093,5.32224,4.17222e+06,2.70226e+06,1.20504e+07,0,0,0,2.35796e+08,62.3362,61.308,7.10324,0,0,2.18696,1.88456,0,1.68925,2.96352,8.67071e+06,3.61194e+06,1.89625e+07,0,0,0,6.40623e+07
85.139,85.139,7.41199,0.15,0,2.48457,2.78697,0,0.541257,5.32224,4.17222e+06,2.70226e+06,1.03662e+07,0,0,0,2.35796e+08,62.3362,61.308,7.08276,0,0,1.92132,1.61892,0,1.68965,2.96352,8.67071e+06,3.61194e+06,1.66592e+07,0,0,0,6.40623e+07
85.139,85.139,5.98036,0.15,0,2.48534,2.78774,0,0.465609,5.32224,4.17222e+06,2.70226e+06,1.03694e+07,0,0,0,2.35796e+08,62.3362,61.308,7.31284,0,0,1.92176,1.61936,0,1.48441,2.96352,8.67071e+06,3.61194e+06,1.66631e+07,0,0,0,6.40623e+07
85.139,85.139,7.52488,0.15,0,2.4861,2.7885,0,0.465752,5.32224,4.17222e+06,2.70226e+06,1.03725e+07,0,0,0,2.35796e+08,62.3362,61.308,10.6583,0,0,1.92221,1.61981,0,1.48476,2.96352,8.67071e+06,3.61194e+06,1.66669e+07,0,0,0,6.40623e+07
85.139,85.139,5.68204,0.15,0,2.48686,2.78926,0,0.465895,5.32224,4.17222e+06,2.70226e+06,1.03757e+07,0,0,0,2.35796e+08,62.3362,61.308,7.44797,0,0,1.92265,1.62025,0,1.4851,2.96352,8.67071e+06,3.61194e+06,1.66708e+07,0,0,0,6.40623e+07
85.139,85.139,5.80313,0.15,0,2.48763,2.79003,0,0.466038,5.32224,4.17222e+06,2.70226e+06,1.03789e+07,0,0,0,2.35796e+08,62.3362,61.308,6.74517,0,0,1.92309,1.62069,0,1.48544,2.96352,8.67071e+06,3.61194e+06,1.66746e+07,0,0,0,6.40623e+07
85.139,85.139,6.28715,0.15,0,2.59036,2.89276,0,0.466181,5.32224,4.17222e+06,2.70226e+06,1.08075e+07,0,0,0,2.35796e+08,62.3362,61.308,7.38992,0,0,1.98874,1.68634,0,1.48578,2.96352,8.67071e+06,3.61194e+06,1.72438e+07,0,0,0,6.40623e+07
85.139,85.139,9.00527,0.15,0,2.59115,2.89355,0,0.485433,5.32224,4.17222e+06,2.70226e+06,1.08108e+07,0,0,0,2.35796e+08,62.3362,61.308,9.59673,0,0,1.9892,1.6868,0,1.5365,2.96352,8.67071e+06,3.61194e+06,1.72478e+07,0,0,0,6.40623e+07
85.139,85.139,7.79042,0.13,0,2.59194,2.89434,0,0.485581,5.32224,4.17222e+06,2.70226e+06,1.08141e+07,0,0,0,2.35796e+08,62.3362,61.308,12.2608,0,0,1.98966,1.68726,0,1.53686,2.96352,8.67071e+06,3.61194e+06,1.72518e+07,0,0,0,6.40623e+07
85.139,85.139,6.37265,0.12,0,2.59273,2.89513,0,0.48573,5.32224,4.17222e+06,2.70226e+06,1.08174e+07,0,0,0,2.35796e+08,62.3362,61.308,7.42292,0,0,1.99012,1.68772,0,1.53721,2.96352,8.67071e+06,3.61194e+06,1.72558e+07,0,0,0,6.40623e+07
85.139,85.139,5.4387,0.11,0,2.55361,2.85601,0,0.485878,5.32224,4.17222e+06,2.70226e+06,1.06542e+07,0,0,0,2.35796e+08,62.3362,61.308,6.52268,0,0,1.96523,1.66283,0,1.53757,2.96352,8.67071e+06,3.61194e+06,1.704e+07,0,0,0,6.40623e+07
85.139,85.139,4.62556,0.11,0,2.55439,2.85679,0,0.478547,5.32224,4.17222e+06,2.70226e+06,1.06575e+07,0,0,0,2.35796e+08,62.3362,61.308,5.67459,0,0,1.96569,1.66329,0,1.51834,2.96352,8.67071e+06,3.61194e+06,1.70439e+07,0,0,0,6.40623e+07
85.139,85.139,4.377,0.11,0,2.55517,2.85757,0,0.478693,5.32224,4.17222e+06,2.70226e+06,1.06607e+07,0,0,0,2.35796e+08,62.3362,61.308,4.89055,0,0,1.96614,1.66374,0,1.51869,2.96352,8.67071e+06,3.61194e+06,1.70479e+07,0,0,0,6.40623e+07
85.139,85.139,4.0259,0.08,0,2.55596,2.85836,0,0.47884,5.32224,4.17222e+06,2.70226e+06,1.0664e+07,0,0,0,2.35796e+08,62.3362,61.308,4.61628,0,0,1.9666,1.6642,0,1.51904,2.96352,8.67071e+06,3.61194e+06,1.70518e+07,0,0,0,6.40623e+07
85.139,85.139,3.75512,0.07,0,2.69237,2.99477,0,0.478986,5.32224,4.17222e+06,2.70226e+06,1.12331e+07,0,0,0,2.35796e+08,62.3362,61.308,4.25788,0,0,2.05705,1.75465,0,1.51939,2.96352,8.67071e+06,3.61194e+06,1.78361e+07,0,0,0,6.40623e+07
85.139,85.139,3.28282,0.07,0,2.69318,2.99558,0,0.504549,5.32224,4.17222e+06,2.70226e+06,1.12365e+07,0,0,0,2.35796e+08,62.3362,61.308,3.46345,0,0,2.05753,1.75513,0,1.58928,2.96352,8.67071e+06,3.61194e+06,1.78403e+07,0,0,0,6.40623e+07
84.9271,85.139,2.75418,0.07,0,2.694,2.9964,0,0.504703,5.32224,4.17222e+06,2.70226e+06,1.124e+07,0,0,0,2.35796e+08,62.3362,61.308,3.14833,0,0,2.05801,1.75561,0,1.58965,2.96352,8.67071e+06,3.61194e+06,1.78444e+07,0,0,0,6.40623e+07
84.6084,85.139,2.61968,0.08,0,2.69482,2.99722,0,0.504856,5.32224,4.17222e+06,2.70226e+06,1.12434e+07,0,0,0,2.35796e+08,62.3362,61.308,2.96349,0,0,2.05849,1.75609,0,1.59002,2.96352,8.67071e+06,3.61194e+06,1.78486e+07,0,0,0,6.40623e+07
84.2077,85.139,2.52901,0.08,0,2.69564,2.99804,0,0.50501,5.32224,4.17222e+06,2.70226e+06,1.12468e+07,0,0,0,2.35796e+08,62.3362,61.308,3.17152,0,0,2.05897,1.75657,0,1.59039,2.96352,8.67071e+06,3.61194e+06,1.78528e+07,0,0,0,6.40623e+07
83.8948,85.139,2.58607,0.09,0,2.6696,2.972,0,0.505163,5.32224,4.17222e+06,2.70226e+06,1.11382e+07,0,0,0,2.35796e+08,62.3362,61.308,2.46758,0,0,2.10899,1.80659,0,1.59076,2.96352,8.67071e+06,3.61194e+06,1.82864e+07,0,0,0,6.40623e+07
83.5121,85.139,2.50856,0.08,0,2.67041,2.97281,0,0.500284,5.32224,4.17222e+06,2.70226e+06,1.11415e+07,0,0,0,2.35796e+08,62.26,61.308,2.33777,0,0,2.10948,1.80708,0,1.6294,2.96352,8.67071e+06,3.61194e+06,1.82907e+07,0,0,0,6.40623e+07
83.0354,85.139,2.37669,0.08,0,2.67123,2.97363,0,0.500436,5.32224,4.17222e+06,2.70226e+06,1.11449e+07,0,0,0,2.35796e+08,62.0996,61.308,2.30707,0,0,2.10997,1.80757,0,1.62978,2.96352,8.67071e+06,3.61194e+06,1.8295e+07,0,0,0,6.40623e+07
82.369,85.139,2.1929,0.08,0,2.67204,2.97444,0,0.500588,5.32224,4.17222e+06,2.70226e+06,1.11483e+07,0,0,0,2.35796e+08,61.9426,61.308,2.27557,0,0,2.11047,1.80807,0,1.63017,2.96352,8.67071e+06,3.61194e+06,1.82993e+07,0,0,0,6.40623e+07
81.7445,85.139,2.27049,0.08,0,2.74229,3.04469,0,0.50074,5.32224,4.17222e+06,2.70226e+06,1.14414e+07,0,0,0,2.35796e+08,61.7721,61.308,2.17404,0,0,2.15515,1.85275,0,1.63055,2.96352,8.67071e+06,3.61194e+06,1.86867e+07,0,0,0,6.40623e+07
81.306,85.139,2.43588,0.07,0,2.74312,3.04552,0,0.513905,5.32224,4.17222e+06,2.70226e+06,1.14449e+07,0,0,0,2.35796e+08,61.6275,61.308,2.21686,0,0,2.15566,1.85326,0,1.66507,2.96352,8.67071e+06,3.61194e+06,1.86911e+07,0,0,0,6.40623e+07
80.605,85.139,2.16399,0.07,0,2.74395,3.04635,0,0.514061,5.32224,4.17222e+06,2.70226e+06,1.14484e+07,0,0,0,2.35796e+08,61.3879,61.308,2.09504,0,0,2.15617,1.85377,0,1.66546,2.96352,8.67071e+06,3.61194e+06,1.86955e+07,0,0,0,6.40623e+07
79.7329,85.139,1.98168,0.07,0,2.74478,3.04718,0,0.514217,5.32224,4.17222e+06,2.70226e+06,1.14518e+07,0,0,0,2.35796e+08,61.1104,61.308,1.9651,0,0,2.15667,1.85427,0,1.66585,2.96352,8.67071e+06,3.61194e+06,1.86999e+07,0,0,0,6.40623e+07
78.4461,85.139,1.71197,0.07,0,2.94918,3.25158,0,0.514373,5.32224,4.17222e+06,2.70226e+06,1.23046e+07,0,0,0,2.35796e+08,60.6722,61.308,1.95014,0,0,2.31687,2.01447,0,1.66625,2.96352,8.67071e+06,3.61194e+06,2.00889e+07,0,0,0,6.40623e+07
76.7831,85.139,1.28756,0.12,0,2.95007,3.25247,0,0.552676,5.32224,4.17222e+06,2.70226e+06,1.23083e+07,0,0,0,2.35796e+08,60.0811,61.308,1.64087,0,0,2.31742,2.01502,0,1.79001,2.96352,8.67071e+06,3.61194e+06,2.00937e+07,0,0,0,6.40623e+07
75.1557,85.139,1.30674,0.12,0,2.95096,3.25336,0,0.552843,5.32224,4.17222e+06,2.70226e+06,1.2312e+07,0,0,0,2.35796e+08,59.6717,61.308,1.57315,0,0,2.31797,2.01557,0,1.79044,2.96352,8.67071e+06,3.61194e+06,2.00984e+07,0,0,0,6.40623e+07
74.1392,85.139,1.93264,0.12,0,2.95184,3.25424,0,0.553009,5.32224,4.17222e+06,2.70226e+06,1.23157e+07,0,0,0,2.35796e+08,59.3906,61.308,1.88338,0,0,2.31852,2.01612,0,1.79086,2.96352,8.67071e+06,3.61194e+06,2.01032e+07,0,0,0,6.40623e+07
73.892,85.139,2.76031,0.12,0,2.95273,3.25513,0,0.553176,5.32224,4.17222e+06,2.70226e+06,1.23194e+07,0,0,0,2.35796e+08,58.9316,61.308,2.13758,0,0,2.31907,2.01667,0,1.79129,2.96352,8.67071e+06,3.61194e+06,2.0108e+07,0,0,0,6.40623e+07
72.7546,85.139,1.80243,0.12,0,2.85428,3.15668,0,0.553342,5.32224,4.17222e+06,2.70226e+06,1.19087e+07,0,0,0,2.35796e+08,58.5794,61.308,1.45434,0,0,2.22256,1.92016,0,1.79171,2.96352,8.67071e+06,3.61194e+06,1.92712e+07,0,0,0,6.40623e+07
71.3635,85.139,1.52213,0.15,0,2.85514,3.15754,0,0.534891,5.32224,4.17222e+06,2.70226e+06,1.19123e+07,0,0,0,2.35796e+08,57.9831,61.308,2.00947,0,0,2.22309,1.92069,0,1.71715,2.96352,8.67071e+06,3.61194e+06,1.92757e+07,0,0,0,6.40623e+07
69.8141,85.139,1.35517,0.15,0,2.856,3.1584,0,0.535053,5.32224,4.17222e+06,2.70226e+06,1.19158e+07,0,0,0,2.35796e+08,56.9665,61.308,1.22351,0,0,2.22361,1.92121,0,1.71756,2.96352,8.67071e+06,3.61194e+06,1.92803e+07,0,0,0,6.40623e+07
68.0569,85.139,1.12831,0.13,0,2.85686,3.15926,0,0.535214,5.32224,4.17222e+06,2.70226e+06,1.19194e+07,0,0,0,2.35796e+08,55.9337,61.308,1.08411,0,0,2.22413,1.92173,0,1.71796,2.96352,8.67071e+06,3.61194e+06,1.92848e+07,0,0,0,6.40623e+07
66.8655,85.139,1.70288,0.16,0,2.77609,3.07849,0,0.535376,5.32224,4.17222e+06,2.70226e+06,1.15824e+07,0,0,0,2.35796e+08,54.7562,61.308,1.21365,0,0,2.13622,1.83382,0,1.71837,2.96352,8.67071e+06,3.61194e+06,1.85225e+07,0,0,0,6.40623e+07
64.8578,85.139,0.837369,0.15,0,2.77693,3.07933,0,0.520239,5.32224,4.17222e+06,2.70226e+06,1.1586e+07,0,0,0,2.35796e+08,53.9108,61.308,0.70986,0,0,2.13672,1.83432,0,1.65044,2.96352,8.67071e+06,3.61194e+06,1.85269e+07,0,0,0,6.40623e+07
63.1239,85.139,1.10548,0.15,0,2.77777,3.08017,0,0.520397,5.32224,4.17222e+06,2.70226e+06,1.15895e+07,0,0,0,2.35796e+08,53.6628,61.308,1.73225,0,0,2.13722,1.83482,0,1.65083,2.96352,8.67071e+06,3.61194e+06,1.85312e+07,0,0,0,6.40623e+07
63.1981,85.139,3.00732,0.14,0,2.77861,3.08101,0,0.520554,5.32224,4.17222e+06,2.70226e+06,1.1593e+07,0,0,0,2.35796e+08,53.8297,61.308,3.46346,0,0,2.13772,1.83532,0,1.65121,2.96352,8.67071e+06,3.61194e+06,1.85355e+07,0,0,0,6.40623e+07
62.2569,85.139,1.77534,0.14,0,2.54735,2.84975,0,0.520712,5.32224,4.17222e+06,2.70226e+06,1.06281e+07,0,0,0,2.35796e+08,53.8128,61.308,1.72635,0,0,1.95382,1.65142,0,1.6516,2.96352,8.67071e+06,3.61194e+06,1.6941e+07,0,0,0,6.40623e+07
61.7761,85.139,2.30796,0.16,0,2.54813,2.85053,0,0.477374,5.32224,4.17222e+06,2.70226e+06,1.06313e+07,0,0,0,2.35796e+08,53.6865,61.308,2.3269,0,0,1.95427,1.65187,0,1.50952,2.96352,8.67071e+06,3.61194e+06,1.69449e+07,0,0,0,6.40623e+07
60.5079,85.139,1.50645,0.17,0,2.54891,2.85131,0,0.477519,5.32224,4.17222e+06,2.70226e+06,1.06346e+07,0,0,0,2.35796e+08,53.5276,61.308,2.07563,0,0,1.95472,1.65232,0,1.50987,2.96352,8.67071e+06,3.61194e+06,1.69488e+07,0,0,0,6.40623e+07
60.0213,85.139,2.29493,0.18,0,2.54968,2.85208,0,0.477665,5.32224,4.17222e+06,2.70226e+06,1.06378e+07,0,0,0,2.35796e+08,53.5373,61.308,2.24265,0,0,1.95517,1.65277,0,1.51021,2.96352,8.67071e+06,3.61194e+06,1.69527e+07,0,0,0,6.40623e+07
61.8693,85.139,4.60238,0.21,0,2.55046,2.85286,0,0.477811,5.32224,4.17222e+06,2.70226e+06,1.06411e+07,0,0,0,2.35796e+08,53.9482,61.308,3.03674,0,0,1.95562,1.65322,0,1.51056,2.96352,8.67071e+06,3.61194e+06,1.69566e+07,0,0,0,6.40623e+07
67.1577,85.139,8.31654,0.22,0,2.64062,2.94302,0,0.477957,5.32224,4.17222e+06,2.70226e+06,1.10172e+07,0,0,0,2.35796e+08,55.3814,61.308,5.52008,0,0,2.00953,1.70713,0,1.51091,2.96352,8.67071e+06,3.61194e+06,1.7424e+07,0,0,0,6.40623e+07
68.7645,85.139,4.84541,0.2,0,2.64139,2.94379,0,0.494852,5.32224,4.17222e+06,2.70226e+06,1.10204e+07,0,0,0,2.35796e+08,56.4102,61.308,5.33152,0,0,2.00997,1.70757,0,1.55256,2.96352,8.67071e+06,3.61194e+06,1.74279e+07,0,0,0,6.40623e+07
74.0612,85.139,8.40022,0.17,0,2.64216,2.94456,0,0.494996,5.32224,4.17222e+06,2.70226e+06,1.10236e+07,0,0,0,2.35796e+08,56.6668,61.308,3.59506,0,0,2.01042,1.70802,0,1.55291,2.96352,8.67071e+06,3.61194e+06,1.74318e+07,0,0,0,6.40623e+07
78.4625,85.139,7.73776,0.13,0,2.64293,2.94533,0,0.49514,5.32224,4.17222e+06,2.70226e+06,1.10269e+07,0,0,0,2.35796e+08,57.3815,61.308,4.49905,0,0,2.01087,1.70847,0,1.55325,2.96352,8.67071e+06,3.61194e+06,1.74356e+07,0,0,0,6.40623e+07
81.7176,85.139,6.79817,0.15,0,2.93105,3.23345,0,0.495284,5.32224,4.17222e+06,2.70226e+06,1.2229e+07,0,0,0,2.35796e+08,58.4115,61.308,6.02999,0,0,2.21224,1.90984,0,1.5536,2.96352,8.67071e+06,3.61194e+06,1.91817e+07,0,0,0,6.40623e+07
85.139,85.139,7.72923,0.12,0,2.9319,3.2343,0,0.549279,5.32224,4.17222e+06,2.70226e+06,1.22325e+07,0,0,0,2.35796e+08,60.3967,61.308,8.1395,0,0,2.21274,1.91034,0,1.70918,2.96352,8.67071e+06,3.61194e+06,1.91861e+07,0,0,0,6.40623e+07
85.139,85.139,8.75199,0.09,0,2.93274,3.23514,0,0.549437,5.32224,4.17222e+06,2.70226e+06,1.2236e+07,0,0,0,2.35796e+08,62.0057,61.308,7.02768,0,0,2.21324,1.91084,0,1.70957,2.96352,8.67071e+06,3.61194e+06,1.91904e+07,0,0,0,6.40623e+07
85.139,85.139,5.93396,0.1,0,2.93359,3.23599,0,0.549596,5.32224,4.17222e+06,2.70226e+06,1.22396e+07,0,0,0,2.35796e+08,62.3362,61.308,6.2734,0,0,2.21374,1.91134,0,1.70995,2.96352,8.67071e+06,3.61194e+06,1.91947e+07,0,0,0,6.40623e+07
85.139,85.139,9.51037,0.1,0,2.52414,2.82654,0,0.549754,5.32224,4.17222e+06,2.70226e+06,1.05313e+07,0,0,0,2.35796e+08,62.3362,61.308,8.37846,0,0,1.94431,1.64191,0,1.71034,2.96352,8.67071e+06,3.61194e+06,1.68585e+07,0,0,0,6.40623e+07
85.139,85.139,6.79233,0.1,0,2.52488,2.82728,0,0.473025,5.32224,4.17222e+06,2.70226e+06,1.05344e+07,0,0,0,2.35796e+08,62.3362,61.308,8.79758,0,0,1.94474,1.64234,0,1.50217,2.96352,8.67071e+06,3.61194e+06,1.68622e+07,0,0,0,6.40623e+07
85.139,85.139,5.5712,0.12,0,2.52562,2.82802,0,0.473163,5.32224,4.17222e+06,2.70226e+06,1.05374e+07,0,0,0,2.35796e+08,62.3362,61.308,5.82199,0,0,1.94517,1.64277,0,1.5025,2.96352,8.67071e+06,3.61194e+06,1.6866e+07,0,0,0,6.40623e+07
85.139,85.139,3.96246,0.13,0,2.52636,2.82876,0,0.473301,5.32224,4.17222e+06,2.70226e+06,1.05405e+07,0,0,0,2.35796e+08,62.3362,61.308,4.81316,0,0,1.94559,1.64319,0,1.50283,2.96352,8.67071e+06,3.61194e+06,1.68697e+07,0,0,0,6.40623e+07
85.139,85.139,4.33338,0.13,0,2.5271,2.8295,0,0.47344,5.32224,4.17222e+06,2.70226e+06,1.05436e+07,0,0,0,2.35796e+08,62.3362,61.308,4.33717,0,0,1.94602,1.64362,0,1.50317,2.96352,8.67071e+06,3.61194e+06,1.68734e+07,0,0,0,6.40623e+07
85.139,85.139,6.09889,0.14,0,2.63125,2.93365,0,0.473578,5.32224,4.17222e+06,2.70226e+06,1.09781e+07,0,0,0,2.35796e+08,62.3362,61.308,5.77304,0,0,2.01258,1.71018,0,1.5035,2.96352,8.67071e+06,3.61194e+06,1.74505e+07,0,0,0,6.40623e+07
85.139,85.139,5.01431,0.14,0,2.63201,2.93441,0,0.493096,5.32224,4.17222e+06,2.70226e+06,1.09813e+07,0,0,0,2.35796e+08,62.3362,61.308,5.35909,0,0,2.01302,1.71062,0,1.55492,2.96352,8.67071e+06,3.61194e+06,1.74543e+07,0,0,0,6.40623e+07
85.139,85.139,4.62036,0.15,0,2.63278,2.93518,0,0.49324,5.32224,4.17222e+06,2.70226e+06,1.09845e+07,0,0,0,2.35796e+08,62.3362,61.308,5.4782,0,0,2.01347,1.71107,0,1.55526,2.96352,8.67071e+06,3.61194e+06,1.74582e+07,0,0,0,6.40623e+07
85.139,85.139,4.29957,0.14,0,2.63355,2.93595,0,0.493383,5.32224,4.17222e+06,2.70226e+06,1.09877e+07,0,0,0,2.35796e+08,62.3362,61.308,6.84722,0,0,2.01392,1.71152,0,1.55561,2.96352,8.67071e+06,3.61194e+06,1.74621e+07,0,0,0,6.40623e+07
85.139,85.139,3.95402,0.14,0,2.59384,2.89624,0,0.493527,5.32224,4.17222e+06,2.70226e+06,1.08221e+07,0,0,0,2.35796e+08,62.3362,61.308,5.72937,0,0,1.98865,1.68625,0,1.55595,2.96352,8.67071e+06,3.61194e+06,1.72431e+07,0,0,0,6.40623e+07
85.139,85.139,3.69371,0.11,0,2.5946,2.897,0,0.486085,5.32224,4.17222e+06,2.70226e+06,1.08252e+07,0,0,0,2.35796e+08,62.3362,61.308,5.18128,0,0,1.98909,1.68669,0,1.53643,2.96352,8.67071e+06,3.61194e+06,1.72469e+07,0,0,0,6.40623e+07
85.139,85.139,3.30677,0.11,0,2.59535,2.89775,0,0.486227,5.32224,4.17222e+06,2.70226e+06,1.08284e+07,0,0,0,2.35796e+08,62.3362,61.308,4.00385,0,0,1.98954,1.68714,0,1.53677,2.96352,8.67071e+06,3.61194e+06,1.72507e+07,0,0,0,6.40623e+07
85.139,85.139,4.01006,0.11,0,2.59611,2.89851,0,0.486369,5.32224,4.17222e+06,2.70226e+06,1.08315e+07,0,0,0,2.35796e+08,62.3362,61.308,4.11541,0,0,1.98998,1.68758,0,1.53711,2.96352,8.67071e+06,3.61194e+06,1.72545e+07,0,0,0,6.40623e+07
85.139,85.139,3.2008,0.08,0,2.7344,3.0368,0,0.486511,5.32224,4.17222e+06,2.70226e+06,1.14085e+07,0,0,0,2.35796e+08,62.3362,61.308,4.38159,0,0,2.08168,1.77928,0,1.53746,2.96352,8.67071e+06,3.61194e+06,1.80496e+07,0,0,0,6.40623e+07
84.9893,85.139,2.84284,0.08,0,2.73519,3.03759,0,0.512426,5.32224,4.17222e+06,2.70226e+06,1.14118e+07,0,0,0,2.35796e+08,62.3362,61.308,3.62365,0,0,2.08214,1.77974,0,1.60831,2.96352,8.67071e+06,3.61194e+06,1.80537e+07,0,0,0,6.40623e+07
84.6137,85.139,2.60134,0.12,0,2.73598,3.03838,0,0.512575,5.32224,4.17222e+06,2.70226e+06,1.14151e+07,0,0,0,2.35796e+08,62.3362,61.308,3.28033,0,0,2.08261,1.78021,0,1.60866,2.96352,8.67071e+06,3.61194e+06,1.80577e+07,0,0,0,6.40623e+07
84.1073,85.139,2.41063,0.12,0,2.73678,3.03918,0,0.512723,5.32224,4.17222e+06,2.70226e+06,1.14184e+07,0,0,0,2.35796e+08,62.3125,61.308,3.15937,0,0,2.08307,1.78067,0,1.60902,2.96352,8.67071e+06,3.61194e+06,1.80617e+07,0,0,0,6.40623e+07
83.476,85.139,2.27454,0.1,0,2.73757,3.03997,0,0.512872,5.32224,4.17222e+06,2.70226e+06,1.14217e+07,0,0,0,2.35796e+08,62.2441,61.308,2.96192,0,0,2.08354,1.78114,0,1.60938,2.96352,8.67071e+06,3.61194e+06,1.80658e+07,0,0,0,6.40623e+07
82.8356,85.139,2.25597,0.09,0,2.71113,3.01353,0,0.51302,5.32224,4.17222e+06,2.70226e+06,1.13114e+07,0,0,0,2.35796e+08,62.3362,61.308,3.47051,0,0,2.13423,1.83183,0,1.60974,2.96352,8.67071e+06,3.61194e+06,1.85053e+07,0,0,0,6.40623e+07
82.1292,85.139,2.19441,0.09,0,2.71191,3.01431,0,0.508065,5.32224,4.17222e+06,2.70226e+06,1.13147e+07,0,0,0,2.35796e+08,62.3362,61.308,3.53455,0,0,2.13471,1.83231,0,1.6489,2.96352,8.67071e+06,3.61194e+06,1.85094e+07,0,0,0,6.40623e+07
81.2598,85.139,2.02563,0.09,0,2.7127,3.0151,0,0.508213,5.32224,4.17222e+06,2.70226e+06,1.1318e+07,0,0,0,2.35796e+08,62.3362,61.308,3.50319,0,0,2.13518,1.83278,0,1.64927,2.96352,8.67071e+06,3.61194e+06,1.85136e+07,0,0,0,6.40623e+07
80.2254,85.139,1.85059,0.09,0,2.71349,3.01589,0,0.50836,5.32224,4.17222e+06,2.70226e+06,1.13213e+07,0,0,0,2.35796e+08,62.3362,61.308,3.11062,0,0,2.13566,1.83326,0,1.64964,2.96352,8.67071e+06,3.61194e+06,1.85177e+07,0,0,0,6.40623e+07
78.9294,85.139,1.61504,0.09,0,2.78468,3.08708,0,0.508507,5.32224,4.17222e+06,2.70226e+06,1.16183e+07,0,0,0,2.35796e+08,62.2685,61.308,2.76655,0,0,2.18095,1.87855,0,1.65001,2.96352,8.67071e+06,3.61194e+06,1.89104e+07,0,0,0,6.40623e+07
77.5624,85.139,1.52426,0.14,0,2.78548,3.08788,0,0.521848,5.32224,4.17222e+06,2.70226e+06,1.16216e+07,0,0,0,2.35796e+08,62.1651,61.308,2.59392,0,0,2.18144,1.87904,0,1.685,2.96352,8.67071e+06,3.61194e+06,1.89146e+07,0,0,0,6.40623e+07
76.13,85.139,1.43717,0.14,0,2.78629,3.08869,0,0.521999,5.32224,4.17222e+06,2.70226e+06,1.1625e+07,0,0,0,2.35796e+08,61.9693,61.308,2.66852,0,0,2.18193,1.87953,0,1.68538,2.96352,8.67071e+06,3.61194e+06,1.89189e+07,0,0,0,6.40623e+07
74.6195,85.139,1.34515,0.13,0,2.78709,3.08949,0,0.52215,5.32224,4.17222e+06,2.70226e+06,1.16283e+07,0,0,0,2.35796e+08,61.7152,61.308,2.44775,0,0,2.18242,1.88002,0,1.68576,2.96352,8.67071e+06,3.61194e+06,1.89231e+07,0,0,0,6.40623e+07
72.9312,85.139,1.32139,0.13,0,2.99429,3.29669,0,0.522301,5.32224,4.17222e+06,2.70226e+06,1.24928e+07,0,0,0,2.35796e+08,61.5211,61.308,2.62329,0,0,2.34481,2.04241,0,1.68614,2.96352,8.67071e+06,3.61194e+06,2.03312e+07,0,0,0,6.40623e+07
71.2978,85.139,1.36551,0.15,0,2.99515,3.29755,0,0.561129,5.32224,4.17222e+06,2.70226e+06,1.24964e+07,0,0,0,2.35796e+08,61.2672,61.308,2.72207,0,0,2.34534,2.04294,0,1.8116,2.96352,8.67071e+06,3.61194e+06,2.03358e+07,0,0,0,6.40623e+07
69.5536,85.139,1.24597,0.15,0,2.996,3.2984,0,0.56129,5.32224,4.17222e+06,2.70226e+06,1.25e+07,0,0,0,2.35796e+08,60.9619,61.308,2.53833,0,0,2.34588,2.04348,0,1.81201,2.96352,8.67071e+06,3.61194e+06,2.03404e+07,0,0,0,6.40623e+07
67.9837,85.139,1.40761,0.15,0,2.99686,3.29926,0,0.561451,5.32224,4.17222e+06,2.70226e+06,1.25036e+07,0,0,0,2.35796e+08,60.6744,61.308,2.71279,0,0,2.34641,2.04401,0,1.81242,2.96352,8.67071e+06,3.61194e+06,2.0345e+07,0,0,0,6.40623e+07
66.4137,85.139,1.38676,0.17,0,2.99772,3.30012,0,0.561612,5.32224,4.17222e+06,2.70226e+06,1.25072e+07,0,0,0,2.35796e+08,60.3993,61.308,2.66386,0,0,2.34694,2.04454,0,1.81284,2.96352,8.67071e+06,3.61194e+06,2.03497e+07,0,0,0,6.40623e+07
64.672,85.139,1.09189,0.17,0,2.89787,3.20027,0,0.561774,5.32224,4.17222e+06,2.70226e+06,1.20905e+07,0,0,0,2.35796e+08,60.4929,61.308,4.69419,0,0,2.24908,1.94668,0,1.81325,2.96352,8.67071e+06,3.61194e+06,1.95011e+07,0,0,0,6.40623e+07
62.833,85.139,0.954545,0.17,0,2.8987,3.2011,0,0.54306,5.32224,4.17222e+06,2.70226e+06,1.2094e+07,0,0,0,2.35796e+08,60.1434,61.308,2.78857,0,0,2.24958,1.94718,0,1.73764,2.96352,8.67071e+06,3.61194e+06,1.95055e+07,0,0,0,6.40623e+07
60.9868,85.139,0.924651,0.17,0,2.89954,3.20194,0,0.543217,5.32224,4.17222e+06,2.70226e+06,1.20975e+07,0,0,0,2.35796e+08,59.7491,61.308,2.55641,0,0,2.25009,1.94769,0,1.73803,2.96352,8.67071e+06,3.61194e+06,1.95099e+07,0,0,0,6.40623e+07
59.9219,85.139,1.90129,0.18,0,2.90037,3.20277,0,0.543373,5.32224,4.17222e+06,2.70226e+06,1.2101e+07,0,0,0,2.35796e+08,60.1026,61.308,4.0716,0,0,2.2506,1.9482,0,1.73842,2.96352,8.67071e+06,3.61194e+06,1.95143e+07,0,0,0,6.40623e+07
59.8733,85.139,2.84849,0.18,0,2.81845,3.12085,0,0.543529,5.32224,4.17222e+06,2.70226e+06,1.17592e+07,0,0,0,2.35796e+08,60.2856,61.308,4.20966,0,0,2.16145,1.85905,0,1.73881,2.96352,8.67071e+06,3.61194e+06,1.87413e+07,0,0,0,6.40623e+07
58.253,85.139,1.14041,0.18,0,2.81926,3.12166,0,0.528177,5.32224,4.17222e+06,2.70226e+06,1.17626e+07,0,0,0,2.35796e+08,59.9893,61.308,2.09466,0,0,2.16193,1.85953,0,1.66993,2.96352,8.67071e+06,3.61194e+06,1.87455e+07,0,0,0,6.40623e+07
58.8986,85.139,3.53566,0.18,0,2.82007,3.12247,0,0.528329,5.32224,4.17222e+06,2.70226e+06,1.1766e+07,0,0,0,2.35796e+08,60.9784,61.308,6.70022,0,0,2.16242,1.86002,0,1.67031,2.96352,8.67071e+06,3.61194e+06,1.87497e+07,0,0,0,6.40623e+07
58.9135,85.139,2.90094,0.18,0,2.82089,3.12329,0,0.528482,5.32224,4.17222e+06,2.70226e+06,1.17693e+07,0,0,0,2.35796e+08,61.7143,61.308,3.70302,0,0,2.1629,1.8605,0,1.67068,2.96352,8.67071e+06,3.61194e+06,1.87539e+07,0,0,0,6.40623e+07
58.5769,85.139,2.32076,0.18,0,2.58642,2.88882,0,0.528634,5.32224,4.17222e+06,2.70226e+06,1.07911e+07,0,0,0,2.35796e+08,62.2198,61.308,3.94886,0,0,1.97646,1.67406,0,1.67106,2.96352,8.67071e+06,3.61194e+06,1.71373e+07,0,0,0,6.40623e+07
59.736,85.139,3.97817,0.19,0,2.58717,2.88957,0,0.484695,5.32224,4.17222e+06,2.70226e+06,1.07942e+07,0,0,0,2.35796e+08,62.3362,61.308,5.85965,0,0,1.97689,1.67449,0,1.52701,2.96352,8.67071e+06,3.61194e+06,1.71411e+07,0,0,0,6.40623e+07
58.9052,85.139,1.90735,0.2,0,2.58793,2.89033,0,0.484836,5.32224,4.17222e+06,2.70226e+06,1.07974e+07,0,0,0,2.35796e+08,62.3362,61.308,3.71779,0,0,1.97733,1.67493,0,1.52735,2.96352,8.67071e+06,3.61194e+06,1.71448e+07,0,0,0,6.40623e+07
58.7436,85.139,2.54686,0.19,0,2.58868,2.89108,0,0.484977,5.32224,4.17222e+06,2.70226e+06,1.08005e+07,0,0,0,2.35796e+08,62.3362,61.308,4.14673,0,0,1.97776,1.67536,0,1.52768,2.96352,8.67071e+06,3.61194e+06,1.71486e+07,0,0,0,6.40623e+07
60.2524,85.139,4.31019,0.22,0,2.58943,2.89183,0,0.485118,5.32224,4.17222e+06,2.70226e+06,1.08037e+07,0,0,0,2.35796e+08,62.3362,61.308,7.07041,0,0,1.9782,1.6758,0,1.52802,2.96352,8.67071e+06,3.61194e+06,1.71524e+07,0,0,0,6.40623e+07
63.4336,85.139,6.22256,0.24,0,2.68078,2.98318,0,0.485259,5.32224,4.17222e+06,2.70226e+06,1.11848e+07,0,0,0,2.35796e+08,62.3362,61.308,7.05497,0,0,2.03282,1.73042,0,1.52836,2.96352,8.67071e+06,3.61194e+06,1.7626e+07,0,0,0,6.40623e+07
67.5778,85.139,7.50143,0.21,0,2.68153,2.98393,0,0.502378,5.32224,4.17222e+06,2.70226e+06,1.11879e+07,0,0,0,2.35796e+08,62.3362,61.308,6.26238,0,0,2.03326,1.73086,0,1.57056,2.96352,8.67071e+06,3.61194e+06,1.76298e+07,0,0,0,6.40623e+07
71.4034,85.139,7.28228,0.23,0,2.68227,2.98467,0,0.502518,5.32224,4.17222e+06,2.70226e+06,1.1191e+07,0,0,0,2.35796e+08,62.3362,61.308,8.04795,0,0,2.03369,1.73129,0,1.57089,2.96352,8.67071e+06,3.61194e+06,1.76335e+07,0,0,0,6.40623e+07
72.7499,85.139,4.59602,0.19,0,2.68302,2.98542,0,0.502658,5.32224,4.17222e+06,2.70226e+06,1.11941e+07,0,0,0,2.35796e+08,62.3362,61.308,4.65296,0,0,2.03412,1.73172,0,1.57123,2.96352,8.67071e+06,3.61194e+06,1.76373e+07,0,0,0,6.40623e+07
77.4094,85.139,8.19052,0.2,0,2.97503,3.27743,0,0.502797,5.32224,4.17222e+06,2.70226e+06,1.24125e+07,0,0,0,2.35796e+08,62.3362,61.308,6.21773,0,0,2.23822,1.93582,0,1.57156,2.96352,8.67071e+06,3.61194e+06,1.9407e+07,0,0,0,6.40623e+07
79.2866,85.139,5.46467,0.17,0,2.97585,3.27825,0,0.55752,5.32224,4.17222e+06,2.70226e+06,1.24159e+07,0,0,0,2.35796e+08,62.3362,61.308,6.48378,0,0,2.2387,1.9363,0,1.72925,2.96352,8.67071e+06,3.61194e+06,1.94111e+07,0,0,0,6.40623e+07
81.8199,85.139,6.14146,0.17,0,2.97666,3.27906,0,0.557673,5.32224,4.17222e+06,2.70226e+06,1.24193e+07,0,0,0,2.35796e+08,62.3362,61.308,6.63622,0,0,2.23919,1.93679,0,1.72962,2.96352,8.67071e+06,3.61194e+06,1.94153e+07,0,0,0,6.40623e+07
84.4895,85.139,6.31336,0.13,0,2.97748,3.27988,0,0.557827,5.32224,4.17222e+06,2.70226e+06,1.24227e+07,0,0,0,2.35796e+08,62.3362,61.308,6.29899,0,0,2.23967,1.93727,0,1.73,2.96352,8.67071e+06,3.61194e+06,1.94195e+07,0,0,0,6.40623e+07
85.139,85.139,6.60108,0.15,0,2.56245,2.86485,0,0.55798,5.32224,4.17222e+06,2.70226e+06,1.06911e+07,0,0,0,2.35796e+08,62.3362,61.308,6.06014,0,0,1.96656,1.66416,0,1.73037,2.96352,8.67071e+06,3.61194e+06,1.70515e+07,0,0,0,6.40623e+07
85.139,85.139,5.96574,0.1,0,2.56317,2.86557,0,0.480204,5.32224,4.17222e+06,2.70226e+06,1.06941e+07,0,0,0,2.35796e+08,62.3362,61.308,6.69153,0,0,1.96698,1.66458,0,1.51936,2.96352,8.67071e+06,3.61194e+06,1.70551e+07,0,0,0,6.40623e+07
85.139,85.139,4.93555,0.12,0,2.56388,2.86628,0,0.480338,5.32224,4.17222e+06,2.70226e+06,1.06971e+07,0,0,0,2.35796e+08,62.3362,61.308,5.95993,0,0,1.96739,1.66499,0,1.51969,2.96352,8.67071e+06,3.61194e+06,1.70587e+07,0,0,0,6.40623e+07
85.139,85.139,4.64181,0.14,0,2.5646,2.867,0,0.480472,5.32224,4.17222e+06,2.70226e+06,1.07001e+07,0,0,0,2.35796e+08,62.3362,61.308,6.10354,0,0,1.96781,1.66541,0,1.52001,2.96352,8.67071e+06,3.61194e+06,1.70623e+07,0,0,0,6.40623e+07
85.139,85.139,6.76746,0.15,0,2.56531,2.86771,0,0.480606,5.32224,4.17222e+06,2.70226e+06,1.0703e+07,0,0,0,2.35796e+08,62.3362,61.308,6.99214,0,0,1.96822,1.66582,0,1.52033,2.96352,8.67071e+06,3.61194e+06,1.70659e+07,0,0,0,6.40623e+07
85.139,85.139,7.01158,0.15,0,2.67084,2.97324,0,0.48074,5.32224,4.17222e+06,2.70226e+06,1.11433e+07,0,0,0,2.35796e+08,62.3362,61.308,8.85664,0,0,2.03565,1.73325,0,1.52065,2.96352,8.67071e+06,3.61194e+06,1.76506e+07,0,0,0,6.40623e+07
85.139,85.139,6.01599,0.16,0,2.67158,2.97398,0,0.500515,5.32224,4.17222e+06,2.70226e+06,1.11464e+07,0,0,0,2.35796e+08,62.3362,61.308,8.15877,0,0,2.03609,1.73369,0,1.57275,2.96352,8.67071e+06,3.61194e+06,1.76543e+07,0,0,0,6.40623e+07
85.139,85.139,4.83176,0.16,0,2.67232,2.97472,0,0.500654,5.32224,4.17222e+06,2.70226e+06,1.11495e+07,0,0,0,2.35796e+08,62.3362,61.308,7.40921,0,0,2.03652,1.73412,0,1.57308,2.96352,8.67071e+06,3.61194e+06,1.76581e+07,0,0,0,6.40623e+07
85.139,85.139,4.53288,0.17,0,2.67306,2.97546,0,0.500793,5.32224,4.17222e+06,2.70226e+06,1.11526e+07,0,0,0,2.35796e+08,62.3362,61.308,7.93181,0,0,2.03695,1.73455,0,1.57341,2.96352,8.67071e+06,3.61194e+06,1.76618e+07,0,0,0,6.40623e+07
85.139,85.139,4.43831,0.15,0,2.63279,2.93519,0,0.500932,5.32224,4.17222e+06,2.70226e+06,1.09845e+07,0,0,0,2.35796e+08,62.3362,61.308,6.77713,0,0,2.01133,1.70893,0,1.57375,2.96352,8.67071e+06,3.61194e+06,1.74397e+07,0,0,0,6.40623e+07
85.139,85.139,4.04958,0.13,0,2.63352,2.93592,0,0.493384,5.32224,4.17222e+06,2.70226e+06,1.09876e+07,0,0,0,2.35796e+08,62.3362,61.308,6.32561,0,0,2.01176,1.70936,0,1.55395,2.96352,8.67071e+06,3.61194e+06,1.74434e+07,0,0,0,6.40623e+07
85.139,85.139,3.55939,0.12,0,2.63425,2.93665,0,0.493521,5.32224,4.17222e+06,2.70226e+06,1.09907e+07,0,0,0,2.35796e+08,62.3362,61.308,4.95576,0,0,2.01218,1.70978,0,1.55428,2.96352,8.67071e+06,3.61194e+06,1.74471e+07,0,0,0,6.40623e+07
85.139,85.139,3.41091,0.11,0,2.63498,2.93738,0,0.493658,5.32224,4.17222e+06,2.70226e+06,1.09937e+07,0,0,0,2.35796e+08,62.3362,61.308,5.93947,0,0,2.01261,1.71021,0,1.55461,2.96352,8.67071e+06,3.61194e+06,1.74508e+07,0,0,0,6.40623e+07
85.0425,85.139,3.19354,0.09,0,2.77509,3.07749,0,0.493796,5.32224,4.17222e+06,2.70226e+06,1.15783e+07,0,0,0,2.35796e+08,62.3362,61.308,5.8347,0,0,2.10552,1.80312,0,1.55494,2.96352,8.67071e+06,3.61194e+06,1.82564e+07,0,0,0,6.40623e+07
84.7028,85.139,2.93131,0.16,0,2.77586,3.07826,0,0.520052,5.32224,4.17222e+06,2.70226e+06,1.15815e+07,0,0,0,2.35796e+08,62.3362,61.308,4.9667,0,0,2.10597,1.80357,0,1.62673,2.96352,8.67071e+06,3.61194e+06,1.82603e+07,0,0,0,6.40623e+07
84.2238,85.139,2.70966,0.16,0,2.77663,3.07903,0,0.520196,5.32224,4.17222e+06,2.70226e+06,1.15847e+07,0,0,0,2.35796e+08,62.3362,61.308,4.60252,0,0,2.10642,1.80402,0,1.62707,2.96352,8.67071e+06,3.61194e+06,1.82642e+07,0,0,0,6.40623e+07
83.6525,85.139,2.59444,0.13,0,2.77739,3.07979,0,0.52034,5.32224,4.17222e+06,2.70226e+06,1.15879e+07,0,0,0,2.35796e+08,62.3362,61.308,4.16609,0,0,2.10687,1.80447,0,1.62742,2.96352,8.67071e+06,3.61194e+06,1.82681e+07,0,0,0,6.40623e+07
82.9662,85.139,2.46022,0.13,0,2.77816,3.08056,0,0.520484,5.32224,4.17222e+06,2.70226e+06,1.15911e+07,0,0,0,2.35796e+08,62.3362,61.308,3.88202,0,0,2.10732,1.80492,0,1.62777,2.96352,8.67071e+06,3.61194e+06,1.8272e+07,0,0,0,6.40623e+07
82.5021,85.139,2.60119,0.12,0,2.75133,3.05373,0,0.520628,5.32224,4.17222e+06,2.70226e+06,1.14792e+07,0,0,0,2.35796e+08,62.3362,61.308,3.6197,0,0,2.15867,1.85627,0,1.62812,2.96352,8.67071e+06,3.61194e+06,1.87172e+07,0,0,0,6.40623e+07
82.1135,85.139,2.63741,0.12,0,2.75209,3.05449,0,0.5156,5.32224,4.17222e+06,2.70226e+06,1.14823e+07,0,0,0,2.35796e+08,62.3362,61.308,3.22498,0,0,2.15913,1.85673,0,1.66779,2.96352,8.67071e+06,3.61194e+06,1.87212e+07,0,0,0,6.40623e+07
81.508,85.139,2.41067,0.12,0,2.75286,3.05526,0,0.515742,5.32224,4.17222e+06,2.70226e+06,1.14855e+07,0,0,0,2.35796e+08,62.3362,61.308,2.86312,0,0,2.15959,1.85719,0,1.66814,2.96352,8.67071e+06,3.61194e+06,1.87252e+07,0,0,0,6.40623e+07
80.7411,85.139,2.21033,0.11,0,2.75362,3.05602,0,0.515885,5.32224,4.17222e+06,2.70226e+06,1.14887e+07,0,0,0,2.35796e+08,62.3141,61.308,2.81118,0,0,2.16006,1.85766,0,1.6685,2.96352,8.67071e+06,3.61194e+06,1.87292e+07,0,0,0,6.40623e+07
79.7896,85.139,2.03964,0.11,0,2.82572,3.12812,0,0.516028,5.32224,4.17222e+06,2.70226e+06,1.17895e+07,0,0,0,2.35796e+08,62.1471,61.308,2.61142,0,0,2.20592,1.90352,0,1.66886,2.96352,8.67071e+06,3.61194e+06,1.91269e+07,0,0,0,6.40623e+07
78.8365,85.139,2.04835,0.1,0,2.8265,3.1289,0,0.52954,5.32224,4.17222e+06,2.70226e+06,1.17928e+07,0,0,0,2.35796e+08,61.9517,61.308,2.58866,0,0,2.2064,1.904,0,1.7043,2.96352,8.67071e+06,3.61194e+06,1.9131e+07,0,0,0,6.40623e+07
77.7394,85.139,1.86936,0.15,0,2.82728,3.12968,0,0.529686,5.32224,4.17222e+06,2.70226e+06,1.1796e+07,0,0,0,2.35796e+08,61.6342,61.308,2.57424,0,0,2.20687,1.90447,0,1.70466,2.96352,8.67071e+06,3.61194e+06,1.91351e+07,0,0,0,6.40623e+07
76.5027,85.139,1.71638,0.14,0,2.82806,3.13046,0,0.529832,5.32224,4.17222e+06,2.70226e+06,1.17993e+07,0,0,0,2.35796e+08,61.267,61.308,2.24927,0,0,2.20735,1.90495,0,1.70503,2.96352,8.67071e+06,3.61194e+06,1.91393e+07,0,0,0,6.40623e+07
75.1989,85.139,1.80376,0.14,0,3.03796,3.34036,0,0.529978,5.32224,4.17222e+06,2.70226e+06,1.2675e+07,0,0,0,2.35796e+08,60.989,61.308,2.66624,0,0,2.37187,2.06947,0,1.7054,2.96352,8.67071e+06,3.61194e+06,2.05658e+07,0,0,0,6.40623e+07
73.7872,85.139,1.68353,0.15,0,3.03879,3.34119,0,0.569314,5.32224,4.17222e+06,2.70226e+06,1.26785e+07,0,0,0,2.35796e+08,60.6863,61.308,2.61331,0,0,2.37238,2.06998,0,1.83251,2.96352,8.67071e+06,3.61194e+06,2.05703e+07,0,0,0,6.40623e+07
72.1465,85.139,1.42908,0.15,0,3.03962,3.34202,0,0.56947,5.32224,4.17222e+06,2.70226e+06,1.2682e+07,0,0,0,2.35796e+08,60.2853,61.308,2.42266,0,0,2.3729,2.0705,0,1.8329,2.96352,8.67071e+06,3.61194e+06,2.05747e+07,0,0,0,6.40623e+07
70.6306,85.139,1.53594,0.16,0,3.04046,3.34286,0,0.569626,5.32224,4.17222e+06,2.70226e+06,1.26854e+07,0,0,0,2.35796e+08,59.8925,61.308,2.44339,0,0,2.37342,2.07102,0,1.8333,2.96352,8.67071e+06,3.61194e+06,2.05792e+07,0,0,0,6.40623e+07
69.8845,85.139,2.38079,0.15,0,3.04129,3.34369,0,0.569782,5.32224,4.17222e+06,2.70226e+06,1.26889e+07,0,0,0,2.35796e+08,59.6304,61.308,2.9315,0,0,2.37393,2.07153,0,1.8337,2.96352,8.67071e+06,3.61194e+06,2.05837e+07,0,0,0,6.40623e+07
69.6469,85.139,2.73162,0.15,0,2.94008,3.24248,0,0.569938,5.32224,4.17222e+06,2.70226e+06,1.22666e+07,0,0,0,2.35796e+08,59.3783,61.308,2.86829,0,0,2.27475,1.97235,0,1.8341,2.96352,8.67071e+06,3.61194e+06,1.97237e+07,0,0,0,6.40623e+07
68.0807,85.139,1.37404,0.15,0,2.94088,3.24328,0,0.55097,5.32224,4.17222e+06,2.70226e+06,1.227e+07,0,0,0,2.35796e+08,58.8724,61.308,2.32271,0,0,2.27524,1.97284,0,1.75747,2.96352,8.67071e+06,3.61194e+06,1.9728e+07,0,0,0,6.40623e+07
66.685,85.139,1.56447,0.17,0,2.94169,3.24409,0,0.551122,5.32224,4.17222e+06,2.70226e+06,1.22734e+07,0,0,0,2.35796e+08,58.5709,61.308,2.94143,0,0,2.27574,1.97334,0,1.75785,2.96352,8.67071e+06,3.61194e+06,1.97322e+07,0,0,0,6.40623e+07
65.2395,85.139,1.53574,0.17,0,2.9425,3.2449,0,0.551273,5.32224,4.17222e+06,2.70226e+06,1.22767e+07,0,0,0,2.35796e+08,58.256,61.308,2.86721,0,0,2.27623,1.97383,0,1.75823,2.96352,8.67071e+06,3.61194e+06,1.97365e+07,0,0,0,6.40623e+07
64.0801,85.139,1.9082,0.17,0,2.85946,3.16186,0,0.551424,5.32224,4.17222e+06,2.70226e+06,1.19303e+07,0,0,0,2.35796e+08,58.2144,61.308,3.67771,0,0,2.18588,1.88348,0,1.75861,2.96352,8.67071e+06,3.61194e+06,1.89531e+07,0,0,0,6.40623e+07
62.8825,85.139,1.86783,0.17,0,2.86025,3.16265,0,0.535863,5.32224,4.17222e+06,2.70226e+06,1.19336e+07,0,0,0,2.35796e+08,58.302,61.308,3.94493,0,0,2.18635,1.88395,0,1.68881,2.96352,8.67071e+06,3.61194e+06,1.89572e+07,0,0,0,6.40623e+07
61.7677,85.139,2.01916,0.17,0,2.86104,3.16344,0,0.536011,5.32224,4.17222e+06,2.70226e+06,1.19369e+07,0,0,0,2.35796e+08,58.4836,61.308,3.96697,0,0,2.18682,1.88442,0,1.68917,2.96352,8.67071e+06,3.61194e+06,1.89613e+07,0,0,0,6.40623e+07
60.4329,85.139,1.70025,0.19,0,2.86182,3.16422,0,0.536158,5.32224,4.17222e+06,2.70226e+06,1.19401e+07,0,0,0,2.35796e+08,58.6325,61.308,3.95144,0,0,2.18729,1.88489,0,1.68954,2.96352,8.67071e+06,3.61194e+06,1.89653e+07,0,0,0,6.40623e+07
62.6615,85.139,5.20804,0.19,0,2.62425,2.92665,0,0.536306,5.32224,4.17222e+06,2.70226e+06,1.09489e+07,0,0,0,2.35796e+08,59.2799,61.308,5.56581,0,0,1.99838,1.69598,0,1.6899,2.96352,8.67071e+06,3.61194e+06,1.73274e+07,0,0,0,6.40623e+07
65.1817,85.139,5.62907,0.16,0,2.62498,2.92738,0,0.491785,5.32224,4.17222e+06,2.70226e+06,1.0952e+07,0,0,0,2.35796e+08,60.4507,61.308,6.69533,0,0,1.9988,1.6964,0,1.54395,2.96352,8.67071e+06,3.61194e+06,1.7331e+07,0,0,0,6.40623e+07
64.9903,85.139,2.89758,0.15,0,2.62571,2.92811,0,0.491921,5.32224,4.17222e+06,2.70226e+06,1.0955e+07,0,0,0,2.35796e+08,60.7058,61.308,4.28681,0,0,1.99922,1.69682,0,1.54427,2.96352,8.67071e+06,3.61194e+06,1.73347e+07,0,0,0,6.40623e+07
65.7736,85.139,3.86461,0.18,0,2.62644,2.92884,0,0.492058,5.32224,4.17222e+06,2.70226e+06,1.09581e+07,0,0,0,2.35796e+08,61.0636,61.308,4.3998,0,0,1.99964,1.69724,0,1.5446,2.96352,8.67071e+06,3.61194e+06,1.73383e+07,0,0,0,6.40623e+07
67.9739,85.139,5.50245,0.2,0,2.62717,2.92957,0,0.492194,5.32224,4.17222e+06,2.70226e+06,1.09611e+07,0,0,0,2.35796e+08,62.3362,61.308,6.42797,0,0,2.00007,1.69767,0,1.54493,2.96352,8.67071e+06,3.61194e+06,1.7342e+07,0,0,0,6.40623e+07
68.9812,85.139,4.1886,0.21,0,2.62717,2.92957,0,0.492331,5.32224,4.17222e+06,2.70226e+06,1.09611e+07,0,0,0,2.35796e+08,62.3362,61.308,7.11604,0,0,2.00007,1.69767,0,1.54525,2.96352,8.67071e+06,3.61194e+06,1.7342e+07,0,0,0,6.40623e+07
68.0015,85.139,2.01988,0.2,0,2.71967,3.02207,0,0.492331,5.32224,4.17222e+06,2.70226e+06,1.13471e+07,0,0,0,2.35796e+08,62.1843,61.308,2.54227,0,0,2.05538,1.75298,0,1.54525,2.96352,8.67071e+06,3.61194e+06,1.78216e+07,0,0,0,6.40623e+07
67.9841,85.139,2.93817,0.23,0,2.72039,3.02279,0,0.509667,5.32224,4.17222e+06,2.70226e+06,1.13501e+07,0,0,0,2.35796e+08,62.1603,61.308,2.91847,0,0,2.0558,1.7534,0,1.58799,2.96352,8.67071e+06,3.61194e+06,1.78253e+07,0,0,0,6.40623e+07
74.6474,85.139,9.79834,0.23,0,2.72111,3.02351,0,0.509802,5.32224,4.17222e+06,2.70226e+06,1.13531e+07,0,0,0,2.35796e+08,62.3362,61.308,4.80845,0,0,2.05622,1.75382,0,1.58831,2.96352,8.67071e+06,3.61194e+06,1.78289e+07,0,0,0,6.40623e+07
80.9591,85.139,9.99195,0.17,0,2.72184,3.02424,0,0.509937,5.32224,4.17222e+06,2.70226e+06,1.13561e+07,0,0,0,2.35796e+08,62.3362,61.308,7.08655,0,0,2.05664,1.75424,0,1.58864,2.96352,8.67071e+06,3.61194e+06,1.78325e+07,0,0,0,6.40623e+07
83.7422,85.139,6.27143,0.13,0,3.0176,3.32,0,0.510072,5.32224,4.17222e+06,2.70226e+06,1.25901e+07,0,0,0,2.35796e+08,62.3362,61.308,3.78456,0,0,2.26337,1.96097,0,1.58896,2.96352,8.67071e+06,3.61194e+06,1.9625e+07,0,0,0,6.40623e+07
85.139,85.139,6.13715,0.14,0,3.0184,3.3208,0,0.565499,5.32224,4.17222e+06,2.70226e+06,1.25934e+07,0,0,0,2.35796e+08,62.3362,61.308,4.33964,0,0,2.26383,1.96143,0,1.74868,2.96352,8.67071e+06,3.61194e+06,1.96291e+07,0,0,0,6.40623e+07
85.139,85.139,8.82694,0.11,0,3.01919,3.32159,0,0.565647,5.32224,4.17222e+06,2.70226e+06,1.25967e+07,0,0,0,2.35796e+08,62.3362,61.308,4.18713,0,0,2.2643,1.9619,0,1.74904,2.96352,8.67071e+06,3.61194e+06,1.96331e+07,0,0,0,6.40623e+07
85.139,85.139,8.04703,0.11,0,3.01998,3.32238,0,0.565796,5.32224,4.17222e+06,2.70226e+06,1.26e+07,0,0,0,2.35796e+08,62.3362,61.308,5.4067,0,0,2.26477,1.96237,0,1.7494,2.96352,8.67071e+06,3.61194e+06,1.96372e+07,0,0,0,6.40623e+07
85.139,85.139,6.25458,0.13,0,2.59954,2.90194,0,0.565944,5.32224,4.17222e+06,2.70226e+06,1.08458e+07,0,0,0,2.35796e+08,62.3362,61.308,3.98025,0,0,1.9881,1.6857,0,1.74976,2.96352,8.67071e+06,3.61194e+06,1.72383e+07,0,0,0,6.40623e+07
85.139,85.139,4.56716,0.15,0,2.60023,2.90263,0,0.487153,5.32224,4.17222e+06,2.70226e+06,1.08487e+07,0,0,0,2.35796e+08,62.2428,61.308,2.65291,0,0,1.9885,1.6861,0,1.53601,2.96352,8.67071e+06,3.61194e+06,1.72418e+07,0,0,0,6.40623e+07
85.139,85.139,9.41041,0.15,0,2.60092,2.90332,0,0.487283,5.32224,4.17222e+06,2.70226e+06,1.08516e+07,0,0,0,2.35796e+08,62.3362,61.308,4.46018,0,0,1.98891,1.68651,0,1.53632,2.96352,8.67071e+06,3.61194e+06,1.72452e+07,0,0,0,6.40623e+07
85.139,85.139,8.74043,0.17,0,2.60161,2.90401,0,0.487413,5.32224,4.17222e+06,2.70226e+06,1.08545e+07,0,0,0,2.35796e+08,62.3362,61.308,4.04845,0,0,1.98931,1.68691,0,1.53663,2.96352,8.67071e+06,3.61194e+06,1.72487e+07,0,0,0,6.40623e+07
85.139,85.139,8.6123,0.18,0,2.6023,2.9047,0,0.487542,5.32224,4.17222e+06,2.70226e+06,1.08574e+07,0,0,0,2.35796e+08,62.3362,61.308,4.53001,0,0,1.98971,1.68731,0,1.53694,2.96352,8.67071e+06,3.61194e+06,1.72522e+07,0,0,0,6.40623e+07
85.139,85.139,8.90885,0.19,0,2.70915,3.01155,0,0.487672,5.32224,4.17222e+06,2.70226e+06,1.13032e+07,0,0,0,2.35796e+08,62.3362,61.308,5.53846,0,0,2.05799,1.75559,0,1.53725,2.96352,8.67071e+06,3.61194e+06,1.78442e+07,0,0,0,6.40623e+07
85.139,85.139,8.26616,0.19,0,2.70987,3.01227,0,0.507695,5.32224,4.17222e+06,2.70226e+06,1.13062e+07,0,0,0,2.35796e+08,62.3362,61.308,5.62397,0,0,2.05841,1.75601,0,1.59,2.96352,8.67071e+06,3.61194e+06,1.78479e+07,0,0,0,6.40623e+07
85.139,85.139,8.77701,0.19,0,2.71059,3.01299,0,0.50783,5.32224,4.17222e+06,2.70226e+06,1.13092e+07,0,0,0,2.35796e+08,62.3362,61.308,6.35677,0,0,2.05883,1.75643,0,1.59033,2.96352,8.67071e+06,3.61194e+06,1.78515e+07,0,0,0,6.40623e+07
85.139,85.139,7.61525,0.2,0,2.71131,3.01371,0,0.507964,5.32224,4.17222e+06,2.70226e+06,1.13122e+07,0,0,0,2.35796e+08,62.2928,61.308,2.78575,0,0,2.05924,1.75684,0,1.59065,2.96352,8.67071e+06,3.61194e+06,1.78551e+07,0,0,0,6.40623e+07
85.139,85.139,5.61676,0.19,0,2.67048,2.97288,0,0.508099,5.32224,4.17222e+06,2.70226e+06,1.11418e+07,0,0,0,2.35796e+08,62.3362,61.308,4.1651,0,0,2.03327,1.73087,0,1.59097,2.96352,8.67071e+06,3.61194e+06,1.76299e+07,0,0,0,6.40623e+07
85.139,85.139,4.37971,0.15,0,2.67119,2.97359,0,0.500447,5.32224,4.17222e+06,2.70226e+06,1.11448e+07,0,0,0,2.35796e+08,62.3362,61.308,3.42241,0,0,2.03369,1.73129,0,1.57091,2.96352,8.67071e+06,3.61194e+06,1.76335e+07,0,0,0,6.40623e+07
85.139,85.139,3.84792,0.15,0,2.67189,2.97429,0,0.50058,5.32224,4.17222e+06,2.70226e+06,1.11477e+07,0,0,0,2.35796e+08,62.3362,61.308,3.0698,0,0,2.0341,1.7317,0,1.57123,2.96352,8.67071e+06,3.61194e+06,1.76371e+07,0,0,0,6.40623e+07
85.139,85.139,4.17223,0.13,0,2.6726,2.975,0,0.500713,5.32224,4.17222e+06,2.70226e+06,1.11507e+07,0,0,0,2.35796e+08,62.3156,61.308,2.62729,0,0,2.03451,1.73211,0,1.57155,2.96352,8.67071e+06,3.61194e+06,1.76407e+07,0,0,0,6.40623e+07
85.139,85.139,3.82997,0.09,0,2.81447,3.11687,0,0.500846,5.32224,4.17222e+06,2.70226e+06,1.17426e+07,0,0,0,2.35796e+08,62.2984,61.308,3.12488,0,0,2.12859,1.82619,0,1.57186,2.96352,8.67071e+06,3.61194e+06,1.84564e+07,0,0,0,6.40623e+07
85.139,85.139,3.39248,0.08,0,2.81521,3.11761,0,0.527431,5.32224,4.17222e+06,2.70226e+06,1.17457e+07,0,0,0,2.35796e+08,62.1975,61.308,2.58034,0,0,2.12903,1.82663,0,1.64455,2.96352,8.67071e+06,3.61194e+06,1.84602e+07,0,0,0,6.40623e+07
85.139,85.139,3.0902,0.09,0,2.81595,3.11835,0,0.52757,5.32224,4.17222e+06,2.70226e+06,1.17488e+07,0,0,0,2.35796e+08,62.063,61.308,2.29992,0,0,2.12946,1.82706,0,1.64489,2.96352,8.67071e+06,3.61194e+06,1.8464e+07,0,0,0,6.40623e+07
84.8245,85.139,2.71291,0.09,0,2.8167,3.1191,0,0.52771,5.32224,4.17222e+06,2.70226e+06,1.17519e+07,0,0,0,2.35796e+08,61.8547,61.308,2.10137,0,0,2.1299,1.8275,0,1.64522,2.96352,8.67071e+06,3.61194e+06,1.84677e+07,0,0,0,6.40623e+07
84.5983,85.139,2.76875,0.13,0,2.81744,3.11984,0,0.527849,5.32224,4.17222e+06,2.70226e+06,1.1755e+07,0,0,0,2.35796e+08,61.6814,61.308,2.2852,0,0,2.13033,1.82793,0,1.64556,2.96352,8.67071e+06,3.61194e+06,1.84715e+07,0,0,0,6.40623e+07
84.629,85.139,2.99439,0.12,0,2.79023,3.09263,0,0.527988,5.32224,4.17222e+06,2.70226e+06,1.16414e+07,0,0,0,2.35796e+08,61.5595,61.308,2.45526,0,0,2.18231,1.87991,0,1.6459,2.96352,8.67071e+06,3.61194e+06,1.89222e+07,0,0,0,6.40623e+07
84.4278,85.139,2.76096,0.13,0,2.79097,3.09337,0,0.522889,5.32224,4.17222e+06,2.70226e+06,1.16445e+07,0,0,0,2.35796e+08,61.4136,61.308,2.43174,0,0,2.18276,1.88036,0,1.68605,2.96352,8.67071e+06,3.61194e+06,1.89261e+07,0,0,0,6.40623e+07
83.9917,85.139,2.52004,0.13,0,2.7917,3.0941,0,0.523027,5.32224,4.17222e+06,2.70226e+06,1.16476e+07,0,0,0,2.35796e+08,61.2151,61.308,2.16332,0,0,2.18321,1.88081,0,1.6864,2.96352,8.67071e+06,3.61194e+06,1.893e+07,0,0,0,6.40623e+07
83.3796,85.139,2.31286,0.12,0,2.79244,3.09484,0,0.523165,5.32224,4.17222e+06,2.70226e+06,1.16507e+07,0,0,0,2.35796e+08,60.9122,61.308,2.12168,0,0,2.18365,1.88125,0,1.68675,2.96352,8.67071e+06,3.61194e+06,1.89338e+07,0,0,0,6.40623e+07
82.4932,85.139,2.07443,0.14,0,2.86542,3.16782,0,0.523303,5.32224,4.17222e+06,2.70226e+06,1.19551e+07,0,0,0,2.35796e+08,60.5693,61.308,1.89055,0,0,2.23008,1.92768,0,1.68709,2.96352,8.67071e+06,3.61194e+06,1.93364e+07,0,0,0,6.40623e+07
81.5764,85.139,2.03252,0.13,0,2.86617,3.16857,0,0.53698,5.32224,4.17222e+06,2.70226e+06,1.19583e+07,0,0,0,2.35796e+08,60.1411,61.308,1.91679,0,0,2.23054,1.92814,0,1.72296,2.96352,8.67071e+06,3.61194e+06,1.93404e+07,0,0,0,6.40623e+07
80.412,85.139,1.77489,0.13,0,2.86693,3.16933,0,0.537121,5.32224,4.17222e+06,2.70226e+06,1.19614e+07,0,0,0,2.35796e+08,59.6151,61.308,1.77016,0,0,2.231,1.9286,0,1.72332,2.96352,8.67071e+06,3.61194e+06,1.93444e+07,0,0,0,6.40623e+07
79.1208,85.139,1.63643,0.13,0,2.86768,3.17008,0,0.537262,5.32224,4.17222e+06,2.70226e+06,1.19646e+07,0,0,0,2.35796e+08,59.0924,61.308,1.69751,0,0,2.23146,1.92906,0,1.72367,2.96352,8.67071e+06,3.61194e+06,1.93483e+07,0,0,0,6.40623e+07
77.3632,85.139,1.30777,0.15,0,3.0802,3.3826,0,0.537403,5.32224,4.17222e+06,2.70226e+06,1.28513e+07,0,0,0,2.35796e+08,58.519,61.308,1.70383,0,0,2.39804,2.09564,0,1.72402,2.96352,8.67071e+06,3.61194e+06,2.07927e+07,0,0,0,6.40623e+07
75.3947,85.139,1.08319,0.15,0,3.08101,3.38341,0,0.57723,5.32224,4.17222e+06,2.70226e+06,1.28546e+07,0,0,0,2.35796e+08,57.8776,61.308,1.60604,0,0,2.39854,2.09614,0,1.85273,2.96352,8.67071e+06,3.61194e+06,2.0797e+07,0,0,0,6.40623e+07
73.461,85.139,1.09949,0.15,0,3.08181,3.38421,0,0.577381,5.32224,4.17222e+06,2.70226e+06,1.2858e+07,0,0,0,2.35796e+08,57.3984,61.308,1.53985,0,0,2.39904,2.09664,0,1.85311,2.96352,8.67071e+06,3.61194e+06,2.08014e+07,0,0,0,6.40623e+07
72.0466,85.139,1.62644,0.16,0,3.08262,3.38502,0,0.577531,5.32224,4.17222e+06,2.70226e+06,1.28613e+07,0,0,0,2.35796e+08,57.0118,61.308,1.8449,0,0,2.39954,2.09714,0,1.8535,2.96352,8.67071e+06,3.61194e+06,2.08057e+07,0,0,0,6.40623e+07
70.9873,85.139,2.01247,0.17,0,3.08342,3.38582,0,0.577682,5.32224,4.17222e+06,2.70226e+06,1.28647e+07,0,0,0,2.35796e+08,56.7488,61.308,2.0075,0,0,2.40003,2.09763,0,1.85388,2.96352,8.67071e+06,3.61194e+06,2.081e+07,0,0,0,6.40623e+07
69.1588,85.139,1.09962,0.17,0,2.9809,3.2833,0,0.577833,5.32224,4.17222e+06,2.70226e+06,1.24369e+07,0,0,0,2.35796e+08,56.4746,61.308,2.66671,0,0,2.29958,1.99718,0,1.85427,2.96352,8.67071e+06,3.61194e+06,1.9939e+07,0,0,0,6.40623e+07
67.2226,85.139,0.979235,0.17,0,2.98168,3.28408,0,0.55862,5.32224,4.17222e+06,2.70226e+06,1.24402e+07,0,0,0,2.35796e+08,55.763,61.308,1.58231,0,0,2.30006,1.99766,0,1.77666,2.96352,8.67071e+06,3.61194e+06,1.99431e+07,0,0,0,6.40623e+07
65.164,85.139,0.835594,0.18,0,2.98246,3.28486,0,0.558766,5.32224,4.17222e+06,2.70226e+06,1.24435e+07,0,0,0,2.35796e+08,55.2106,61.308,1.43956,0,0,2.30053,1.99813,0,1.77702,2.96352,8.67071e+06,3.61194e+06,1.99472e+07,0,0,0,6.40623e+07
63.9065,85.139,1.78558,0.17,0,2.98324,3.28564,0,0.558912,5.32224,4.17222e+06,2.70226e+06,1.24467e+07,0,0,0,2.35796e+08,55.0588,61.308,2.12289,0,0,2.30101,1.99861,0,1.77739,2.96352,8.67071e+06,3.61194e+06,1.99514e+07,0,0,0,6.40623e+07
62.4463,85.139,1.50564,0.18,0,2.89912,3.20152,0,0.559059,5.32224,4.17222e+06,2.70226e+06,1.20958e+07,0,0,0,2.35796e+08,54.6682,61.308,1.8646,0,0,2.2095,1.9071,0,1.77776,2.96352,8.67071e+06,3.61194e+06,1.9158e+07,0,0,0,6.40623e+07
60.6915,85.139,1.15052,0.18,0,2.89988,3.20228,0,0.543295,5.32224,4.17222e+06,2.70226e+06,1.20989e+07,0,0,0,2.35796e+08,54.2454,61.308,1.49345,0,0,2.20996,1.90756,0,1.70706,2.96352,8.67071e+06,3.61194e+06,1.91619e+07,0,0,0,6.40623e+07
59.8755,85.139,2.16109,0.2,0,2.90064,3.20304,0,0.543438,5.32224,4.17222e+06,2.70226e+06,1.21021e+07,0,0,0,2.35796e+08,54.5574,61.308,4.43249,0,0,2.21041,1.90801,0,1.70741,2.96352,8.67071e+06,3.61194e+06,1.91658e+07,0,0,0,6.40623e+07
60.7123,85.139,3.98279,0.2,0,2.90141,3.20381,0,0.543581,5.32224,4.17222e+06,2.70226e+06,1.21053e+07,0,0,0,2.35796e+08,55.7344,61.308,5.32237,0,0,2.21086,1.90846,0,1.70776,2.96352,8.67071e+06,3.61194e+06,1.91698e+07,0,0,0,6.40623e+07
59.5498,85.139,1.63419,0.23,0,2.66083,2.96323,0,0.543723,5.32224,4.17222e+06,2.70226e+06,1.11015e+07,0,0,0,2.35796e+08,55.5935,61.308,1.91449,0,0,2.01957,1.71717,0,1.70811,2.96352,8.67071e+06,3.61194e+06,1.75111e+07,0,0,0,6.40623e+07
59.1498,85.139,2.4504,0.24,0,2.66153,2.96393,0,0.498639,5.32224,4.17222e+06,2.70226e+06,1.11045e+07,0,0,0,2.35796e+08,55.6298,61.308,3.16991,0,0,2.01998,1.71758,0,1.56032,2.96352,8.67071e+06,3.61194e+06,1.75147e+07,0,0,0,6.40623e+07
58.7457,85.139,2.47826,0.23,0,2.66223,2.96463,0,0.498771,5.32224,4.17222e+06,2.70226e+06,1.11074e+07,0,0,0,2.35796e+08,55.8117,61.308,3.2236,0,0,2.02039,1.71799,0,1.56064,2.96352,8.67071e+06,3.61194e+06,1.75182e+07,0,0,0,6.40623e+07
59.009,85.139,3.17595,0.25,0,2.66294,2.96534,0,0.498903,5.32224,4.17222e+06,2.70226e+06,1.11104e+07,0,0,0,2.35796e+08,56.2218,61.308,3.93023,0,0,2.0208,1.7184,0,1.56095,2.96352,8.67071e+06,3.61194e+06,1.75218e+07,0,0,0,6.40623e+07
60.071,85.139,3.9898,0.26,0,2.66364,2.96604,0,0.499035,5.32224,4.17222e+06,2.70226e+06,1.11133e+07,0,0,0,2.35796e+08,56.8824,61.308,4.93392,0,0,2.02121,1.71881,0,1.56127,2.96352,8.67071e+06,3.61194e+06,1.75253e+07,0,0,0,6.40623e+07
61.9568,85.139,4.91588,0.29,0.02,2.75727,3.05967,0,0.499167,5.32224,4.17222e+06,2.70226e+06,1.15039e+07,0,0,0,2.35796e+08,57.8451,61.308,5.62675,0,0,2.07719,1.77479,0,1.56158,2.96352,8.67071e+06,3.61194e+06,1.80107e+07,0,0,0,6.40623e+07
64.622,85.139,5.85094,0.31,0.02,2.75796,3.06036,0,0.516712,5.32224,4.17222e+06,2.70226e+06,1.15068e+07,0,0,0,2.35796e+08,58.7343,61.308,5.45807,0,0,2.0776,1.7752,0,1.60484,2.96352,8.67071e+06,3.61194e+06,1.80142e+07,0,0,0,6.40623e+07
65.8169,85.139,4.26267,0.29,0.02,2.75866,3.06106,0,0.516843,5.32224,4.17222e+06,2.70226e+06,1.15097e+07,0,0,0,2.35796e+08,59.3786,61.308,4.63626,0,0,2.078,1.7756,0,1.60515,2.96352,8.67071e+06,3.61194e+06,1.80177e+07,0,0,0,6.40623e+07
66.5314,85.139,3.75665,0.29,0.02,2.75936,3.06176,0,0.516973,5.32224,4.17222e+06,2.70226e+06,1.15126e+07,0,0,0,2.35796e+08,59.7543,61.308,3.73136,0,0,2.0784,1.776,0,1.60546,2.96352,8.67071e+06,3.61194e+06,1.80212e+07,0,0,0,6.40623e+07
67.1669,85.139,3.99408,0.31,0.02,3.05876,3.36116,0,0.517103,5.32224,4.17222e+06,2.70226e+06,1.27618e+07,0,0,0,2.35796e+08,60.1685,61.308,4.06244,0,0,2.28767,1.98527,0,1.60577,2.96352,8.67071e+06,3.61194e+06,1.98358e+07,0,0,0,6.40623e+07
68.0847,85.139,4.26466,0.3,0.02,3.05952,3.36192,0,0.573211,5.32224,4.17222e+06,2.70226e+06,1.2765e+07,0,0,0,2.35796e+08,60.5806,61.308,4.04946,0,0,2.28813,1.98573,0,1.76746,2.96352,8.67071e+06,3.61194e+06,1.98397e+07,0,0,0,6.40623e+07
68.3536,85.139,3.66591,0.31,0.02,3.06028,3.36268,0,0.573354,5.32224,4.17222e+06,2.70226e+06,1.27682e+07,0,0,0,2.35796e+08,61.1211,61.308,4.54676,0,0,2.28858,1.98618,0,1.76781,2.96352,8.67071e+06,3.61194e+06,1.98436e+07,0,0,0,6.40623e+07
70.0785,85.139,5.15809,0.26,0.02,3.06105,3.36345,0,0.573497,5.32224,4.17222e+06,2.70226e+06,1.27714e+07,0,0,0,2.35796e+08,61.6656,61.308,4.47053,0,0,2.28903,1.98663,0,1.76815,2.96352,8.67071e+06,3.61194e+06,1.98475e+07,0,0,0,6.40623e+07
73.2238,85.139,6.45484,0.29,0.02,2.63538,2.93778,0,0.573641,5.32224,4.17222e+06,2.70226e+06,1.09954e+07,0,0,0,2.35796e+08,62.257,61.308,4.86715,0,0,2.00892,1.70652,0,1.7685,2.96352,8.67071e+06,3.61194e+06,1.74188e+07,0,0,0,6.40623e+07
74.6518,85.139,4.66392,0.33,0.02,2.63604,2.93844,0,0.49387,5.32224,4.17222e+06,2.70226e+06,1.09981e+07,0,0,0,2.35796e+08,62.3362,61.308,3.75207,0,0,2.00931,1.70691,0,1.55209,2.96352,8.67071e+06,3.61194e+06,1.74221e+07,0,0,0,6.40623e+07
77.0054,85.139,5.79135,0.28,0.02,2.63671,2.93911,0,0.493995,5.32224,4.17222e+06,2.70226e+06,1.10009e+07,0,0,0,2.35796e+08,62.3362,61.308,6.51324,0,0,2.0097,1.7073,0,1.55239,2.96352,8.67071e+06,3.61194e+06,1.74255e+07,0,0,0,6.40623e+07
79.605,85.139,5.86386,0.29,0.02,2.63738,2.93978,0,0.49412,5.32224,4.17222e+06,2.70226e+06,1.10037e+07,0,0,0,2.35796e+08,62.3362,61.308,5.42846,0,0,2.01008,1.70768,0,1.55269,2.96352,8.67071e+06,3.61194e+06,1.74289e+07,0,0,0,6.40623e+07
81.029,85.139,4.63907,0.24,0.02,2.63805,2.94045,0,0.494245,5.32224,4.17222e+06,2.70226e+06,1.10065e+07,0,0,0,2.35796e+08,62.3362,61.308,4.95514,0,0,2.01047,1.70807,0,1.55299,2.96352,8.67071e+06,3.61194e+06,1.74322e+07,0,0,0,6.40623e+07
81.6576,85.139,3.83215,0.27,0.02,2.74618,3.04858,0,0.49437,5.32224,4.17222e+06,2.70226e+06,1.14576e+07,0,0,0,2.35796e+08,62.3362,61.308,4.12544,0,0,2.07957,1.77717,0,1.55329,2.96352,8.67071e+06,3.61194e+06,1.80314e+07,0,0,0,6.40623e+07
82.2839,85.139,3.86285,0.3,0.02,2.74687,3.04927,0,0.514634,5.32224,4.17222e+06,2.70226e+06,1.14605e+07,0,0,0,2.35796e+08,62.3362,61.308,4.26937,0,0,2.07998,1.77758,0,1.60668,2.96352,8.67071e+06,3.61194e+06,1.80349e+07,0,0,0,6.40623e+07
82.5546,85.139,3.42777,0.31,0.02,2.74756,3.04996,0,0.514764,5.32224,4.17222e+06,2.70226e+06,1.14634e+07,0,0,0,2.35796e+08,62.3362,61.308,2.81832,0,0,2.08038,1.77798,0,1.60699,2.96352,8.67071e+06,3.61194e+06,1.80384e+07,0,0,0,6.40623e+07
82.2074,85.139,2.7239,0.33,0.02,2.74826,3.05066,0,0.514893,5.32224,4.17222e+06,2.70226e+06,1.14663e+07,0,0,0,2.35796e+08,62.3362,61.308,2.75989,0,0,2.08078,1.77838,0,1.6073,2.96352,8.67071e+06,3.61194e+06,1.80419e+07,0,0,0,6.40623e+07
82.5351,85.139,3.4628,0.29,0.02,2.70689,3.00929,0,0.515023,5.32224,4.17222e+06,2.70226e+06,1.12937e+07,0,0,0,2.35796e+08,62.3362,61.308,3.60365,0,0,2.05448,1.75208,0,1.60761,2.96352,8.67071e+06,3.61194e+06,1.78138e+07,0,0,0,6.40623e+07
82.6296,85.139,3.19817,0.28,0.02,2.70758,3.00998,0,0.507272,5.32224,4.17222e+06,2.70226e+06,1.12966e+07,0,0,0,2.35796e+08,62.3362,61.308,2.93147,0,0,2.05487,1.75247,0,1.58729,2.96352,8.67071e+06,3.61194e+06,1.78172e+07,0,0,0,6.40623e+07
82.457,85.139,2.89115,0.27,0.02,2.70826,3.01066,0,0.5074,5.32224,4.17222e+06,2.70226e+06,1.12994e+07,0,0,0,2.35796e+08,62.3362,61.308,2.82205,0,0,2.05527,1.75287,0,1.5876,2.96352,8.67071e+06,3.61194e+06,1.78207e+07,0,0,0,6.40623e+07
82.0189,85.139,2.53794,0.27,0.02,2.70894,3.01134,0,0.507528,5.32224,4.17222e+06,2.70226e+06,1.13023e+07,0,0,0,2.35796e+08,62.3362,61.308,3.03126,0,0,2.05567,1.75327,0,1.5879,2.96352,8.67071e+06,3.61194e+06,1.78241e+07,0,0,0,6.40623e+07
81.3478,85.139,2.40036,0.21,0.02,2.85251,3.15491,0,0.507656,5.32224,4.17222e+06,2.70226e+06,1.19013e+07,0,0,0,2.35796e+08,62.3362,61.308,3.05002,0,0,2.15088,1.84848,0,1.58821,2.96352,8.67071e+06,3.61194e+06,1.86497e+07,0,0,0,6.40623e+07
80.7799,85.139,2.53267,0.2,0.02,2.85322,3.15562,0,0.53456,5.32224,4.17222e+06,2.70226e+06,1.19043e+07,0,0,0,2.35796e+08,62.3362,61.308,2.96668,0,0,2.1513,1.8489,0,1.66177,2.96352,8.67071e+06,3.61194e+06,1.86533e+07,0,0,0,6.40623e+07
79.9641,85.139,2.24048,0.19,0.02,2.85394,3.15634,0,0.534694,5.32224,4.17222e+06,2.70226e+06,1.19073e+07,0,0,0,2.35796e+08,62.3362,61.308,2.79354,0,0,2.15172,1.84932,0,1.6621,2.96352,8.67071e+06,3.61194e+06,1.8657e+07,0,0,0,6.40623e+07
79.0698,85.139,2.1173,0.15,0.02,2.85466,3.15706,0,0.534829,5.32224,4.17222e+06,2.70226e+06,1.19102e+07,0,0,0,2.35796e+08,62.3362,61.308,2.65886,0,0,2.15214,1.84974,0,1.66242,2.96352,8.67071e+06,3.61194e+06,1.86606e+07,0,0,0,6.40623e+07
78.0801,85.139,2.01062,0.22,0.02,2.85537,3.15777,0,0.534963,5.32224,4.17222e+06,2.70226e+06,1.19132e+07,0,0,0,2.35796e+08,62.3362,61.308,2.51365,0,0,2.15256,1.85016,0,1.66274,2.96352,8.67071e+06,3.61194e+06,1.86642e+07,0,0,0,6.40623e+07
77.029,85.139,1.90241,0.2,0.02,2.8278,3.1302,0,0.535097,5.32224,4.17222e+06,2.70226e+06,1.17982e+07,0,0,0,2.35796e+08,62.2086,61.308,2.46412,0,0,2.20515,1.90275,0,1.66307,2.96352,8.67071e+06,3.61194e+06,1.91202e+07,0,0,0,6.40623e+07
75.8232,85.139,1.7386,0.2,0.02,2.82851,3.13091,0,0.52993,5.32224,4.17222e+06,2.70226e+06,1.18012e+07,0,0,0,2.35796e+08,62.0622,61.308,2.42309,0,0,2.20558,1.90318,0,1.7037,2.96352,8.67071e+06,3.61194e+06,1.9124e+07,0,0,0,6.40623e+07
74.4754,85.139,1.5761,0.18,0.02,2.82922,3.13162,0,0.530063,5.32224,4.17222e+06,2.70226e+06,1.18041e+07,0,0,0,2.35796e+08,61.87,61.308,2.18775,0,0,2.20601,1.90361,0,1.70403,2.96352,8.67071e+06,3.61194e+06,1.91277e+07,0,0,0,6.40623e+07
73.0921,85.139,1.49019,0.18,0.02,2.82993,3.13233,0,0.530196,5.32224,4.17222e+06,2.70226e+06,1.18071e+07,0,0,0,2.35796e+08,61.5582,61.308,2.15028,0,0,2.20645,1.90405,0,1.70437,2.96352,8.67071e+06,3.61194e+06,1.91315e+07,0,0,0,6.40623e+07
71.8194,85.139,1.66006,0.21,0.02,2.90376,3.20616,0,0.530329,5.32224,4.17222e+06,2.70226e+06,1.21151e+07,0,0,0,2.35796e+08,61.1922,61.308,2.2603,0,0,2.25341,1.95101,0,1.7047,2.96352,8.67071e+06,3.61194e+06,1.95387e+07,0,0,0,6.40623e+07
70.4686,85.139,1.56945,0.21,0.02,2.90449,3.20689,0,0.544165,5.32224,4.17222e+06,2.70226e+06,1.21182e+07,0,0,0,2.35796e+08,60.7857,61.308,2.22465,0,0,2.25386,1.95146,0,1.74099,2.96352,8.67071e+06,3.61194e+06,1.95425e+07,0,0,0,6.40623e+07
68.9889,85.139,1.42451,0.21,0.02,2.90522,3.20762,0,0.544301,5.32224,4.17222e+06,2.70226e+06,1.21212e+07,0,0,0,2.35796e+08,60.3545,61.308,2.03081,0,0,2.2543,1.9519,0,1.74133,2.96352,8.67071e+06,3.61194e+06,1.95464e+07,0,0,0,6.40623e+07
67.3664,85.139,1.25278,0.2,0.02,2.90594,3.20834,0,0.544438,5.32224,4.17222e+06,2.70226e+06,1.21242e+07,0,0,0,2.35796e+08,59.9126,61.308,2.00325,0,0,2.25474,1.95234,0,1.74167,2.96352,8.67071e+06,3.61194e+06,1.95502e+07,0,0,0,6.40623e+07
65.4792,85.139,1.16526,0.22,0.02,3.12099,3.42339,0,0.544574,5.32224,4.17222e+06,2.70226e+06,1.30215e+07,0,0,0,2.35796e+08,59.4958,61.308,2.13315,0,0,2.42331,2.12091,0,1.74201,2.96352,8.67071e+06,3.61194e+06,2.10118e+07,0,0,0,6.40623e+07
63.5749,85.139,1.14312,0.21,0.02,3.12177,3.42417,0,0.584874,5.32224,4.17222e+06,2.70226e+06,1.30247e+07,0,0,0,2.35796e+08,59.0503,61.308,2.2007,0,0,2.42379,2.12139,0,1.87225,2.96352,8.67071e+06,3.61194e+06,2.1016e+07,0,0,0,6.40623e+07
61.7579,85.139,1.20496,0.2,0.02,3.12255,3.42495,0,0.58502,5.32224,4.17222e+06,2.70226e+06,1.30279e+07,0,0,0,2.35796e+08,58.6014,61.308,2.17054,0,0,2.42427,2.12187,0,1.87262,2.96352,8.67071e+06,3.61194e+06,2.10202e+07,0,0,0,6.40623e+07
60.5121,85.139,1.80646,0.21,0.02,3.12332,3.42572,0,0.585165,5.32224,4.17222e+06,2.70226e+06,1.30312e+07,0,0,0,2.35796e+08,58.2551,61.308,2.59579,0,0,2.42475,2.12235,0,1.87299,2.96352,8.67071e+06,3.61194e+06,2.10244e+07,0,0,0,6.40623e+07
59.8557,85.139,2.43706,0.21,0.02,3.1241,3.4265,0,0.585311,5.32224,4.17222e+06,2.70226e+06,1.30344e+07,0,0,0,2.35796e+08,58.1514,61.308,3.22864,0,0,2.42524,2.12284,0,1.87337,2.96352,8.67071e+06,3.61194e+06,2.10285e+07,0,0,0,6.40623e+07
57.8983,85.139,1.06348,0.22,0.02,3.02031,3.32271,0,0.585456,5.32224,4.17222e+06,2.70226e+06,1.26014e+07,0,0,0,2.35796e+08,57.8839,61.308,2.51364,0,0,2.32355,2.02115,0,1.87374,2.96352,8.67071e+06,3.61194e+06,2.01469e+07,0,0,0,6.40623e+07
56.3338,85.139,1.47241,0.22,0.02,3.02106,3.32346,0,0.566005,5.32224,4.17222e+06,2.70226e+06,1.26045e+07,0,0,0,2.35796e+08,57.6232,61.308,2.27832,0,0,2.32401,2.02161,0,1.79518,2.96352,8.67071e+06,3.61194e+06,2.01508e+07,0,0,0,6.40623e+07
54.9001,85.139,1.58246,0.24,0.02,3.02181,3.32421,0,0.566146,5.32224,4.17222e+06,2.70226e+06,1.26077e+07,0,0,0,2.35796e+08,57.5904,61.308,3.91489,0,0,2.32447,2.02207,0,1.79553,2.96352,8.67071e+06,3.61194e+06,2.01548e+07,0,0,0,6.40623e+07
54.2505,85.139,2.39398,0.25,0.02,3.02257,3.32497,0,0.566288,5.32224,4.17222e+06,2.70226e+06,1.26108e+07,0,0,0,2.35796e+08,58.5632,61.308,10.6138,0,0,2.32493,2.02253,0,1.79589,2.96352,8.67071e+06,3.61194e+06,2.01588e+07,0,0,0,6.40623e+07
54.9989,85.139,3.79974,0.25,0.02,2.93741,3.23981,0,0.566429,5.32224,4.17222e+06,2.70226e+06,1.22555e+07,0,0,0,2.35796e+08,59.1952,61.308,5.49962,0,0,2.23231,1.92991,0,1.79624,2.96352,8.67071e+06,3.61194e+06,1.93557e+07,0,0,0,6.40623e+07
55.4161,85.139,3.48123,0.25,0.02,2.93814,3.24054,0,0.55047,5.32224,4.17222e+06,2.70226e+06,1.22586e+07,0,0,0,2.35796e+08,59.6914,61.308,5.0556,0,0,2.23275,1.93035,0,1.72468,2.96352,8.67071e+06,3.61194e+06,1.93595e+07,0,0,0,6.40623e+07
55.618,85.139,3.33275,0.27,0.02,2.93888,3.24128,0,0.550608,5.32224,4.17222e+06,2.70226e+06,1.22616e+07,0,0,0,2.35796e+08,60.2257,61.308,4.92874,0,0,2.23319,1.93079,0,1.72502,2.96352,8.67071e+06,3.61194e+06,1.93633e+07,0,0,0,6.40623e+07
56.1734,85.139,3.57778,0.28,0.02,2.93961,3.24201,0,0.550745,5.32224,4.17222e+06,2.70226e+06,1.22647e+07,0,0,0,2.35796e+08,60.9464,61.308,5.61869,0,0,2.23362,1.93122,0,1.72536,2.96352,8.67071e+06,3.61194e+06,1.93671e+07,0,0,0,6.40623e+07
61.0273,85.139,7.76623,0.27,0.02,2.69613,2.99853,0,0.550883,5.32224,4.17222e+06,2.70226e+06,1.12488e+07,0,0,0,2.35796e+08,62.3362,61.308,7.26703,0,0,2.04003,1.73763,0,1.7257,2.96352,8.67071e+06,3.61194e+06,1.76885e+07,0,0,0,6.40623e+07
66.0961,85.139,8.1961,0.27,0.02,2.69681,2.99921,0,0.505255,5.32224,4.17222e+06,2.70226e+06,1.12517e+07,0,0,0,2.35796e+08,62.3362,61.308,6.64118,0,0,2.04043,1.73803,0,1.57613,2.96352,8.67071e+06,3.61194e+06,1.76919e+07,0,0,0,6.40623e+07
71.694,85.139,8.79566,0.22,0.02,2.69749,2.99989,0,0.505382,5.32224,4.17222e+06,2.70226e+06,1.12545e+07,0,0,0,2.35796e+08,62.3362,61.308,7.57514,0,0,2.04082,1.73842,0,1.57643,2.96352,8.67071e+06,3.61194e+06,1.76954e+07,0,0,0,6.40623e+07
73.8155,85.139,5.25964,0.19,0.02,2.69817,3.00057,0,0.505509,5.32224,4.17222e+06,2.70226e+06,1.12573e+07,0,0,0,2.35796e+08,62.3362,61.308,4.71023,0,0,2.04121,1.73881,0,1.57674,2.96352,8.67071e+06,3.61194e+06,1.76988e+07,0,0,0,6.40623e+07
74.4575,85.139,3.67465,0.17,0.02,2.69885,3.00125,0,0.505637,5.32224,4.17222e+06,2.70226e+06,1.12602e+07,0,0,0,2.35796e+08,62.3362,61.308,3.39412,0,0,2.04161,1.73921,0,1.57704,2.96352,8.67071e+06,3.61194e+06,1.77022e+07,0,0,0,6.40623e+07
76.4631,85.139,5.33617,0.17,0.02,2.79355,3.09595,0,0.505764,5.32224,4.17222e+06,2.70226e+06,1.16553e+07,0,0,0,2.35796e+08,62.3362,61.308,5.64569,0,1,2.09824,1.79584,0,1.57735,2.96352,8.67071e+06,3.61194e+06,1.81932e+07,0,0,0,6.40623e+07
77.6989,85.139,4.52093,0.18,0.02,2.79422,3.09662,0,0.523512,5.32224,4.17222e+06,2.70226e+06,1.16581e+07,0,0,0,2.35796e+08,62.3362,61.308,4.92079,0,1,2.09863,1.79623,0,1.6211,2.96352,8.67071e+06,3.61194e+06,1.81966e+07,0,0,0,6.40623e+07
78.6034,85.139,4.17231,0.19,0.02,2.79489,3.09729,0,0.523637,5.32224,4.17222e+06,2.70226e+06,1.16609e+07,0,0,0,2.35796e+08,62.3362,61.308,4.7317,0,1,2.09902,1.79662,0,1.6214,2.96352,8.67071e+06,3.61194e+06,1.82e+07,0,0,0,6.40623e+07
79.6429,85.139,4.37221,0.19,0.02,2.79556,3.09796,0,0.523763,5.32224,4.17222e+06,2.70226e+06,1.16637e+07,0,0,0,2.35796e+08,62.3362,61.308,4.78021,0,1,2.0994,1.797,0,1.6217,2.96352,8.67071e+06,3.61194e+06,1.82033e+07,0,0,0,6.40623e+07
80.19,85.139,4.14748,0.17,0.02,3.09847,3.40087,0,0.523888,5.32224,4.17222e+06,2.70226e+06,1.29275e+07,0,0,0,2.35796e+08,62.3362,61.308,4.26127,0,1,2.31113,2.00873,0,1.622,2.96352,8.67071e+06,3.61194e+06,2.00391e+07,0,0,0,6.40623e+07
80.2156,85.139,3.56838,0.16,0.02,3.0992,3.4016,0,0.580652,5.32224,4.17222e+06,2.70226e+06,1.29305e+07,0,0,0,2.35796e+08,62.3362,61.308,3.49989,0,1,2.31156,2.00916,0,1.78558,2.96352,8.67071e+06,3.61194e+06,2.00429e+07,0,0,0,6.40623e+07
80.6307,85.139,3.99824,0.17,0.02,3.09994,3.40234,0,0.58079,5.32224,4.17222e+06,2.70226e+06,1.29336e+07,0,0,0,2.35796e+08,62.3362,61.308,3.95623,0,1,2.312,2.0096,0,1.78591,2.96352,8.67071e+06,3.61194e+06,2.00467e+07,0,0,0,6.40623e+07
81.1113,85.139,4.07461,0.18,0.02,3.10067,3.40307,0,0.580928,5.32224,4.17222e+06,2.70226e+06,1.29367e+07,0,0,0,2.35796e+08,62.3362,61.308,3.52072,0,1,2.31243,2.01003,0,1.78625,2.96352,8.67071e+06,3.61194e+06,2.00504e+07,0,0,0,6.40623e+07
84.3099,85.139,6.58131,0.19,0.02,2.66996,2.97236,0,0.581066,5.32224,4.17222e+06,2.70226e+06,1.11396e+07,0,0,0,2.35796e+08,62.3362,61.308,7.12707,0,1,2.02901,1.72661,0,1.78659,2.96352,8.67071e+06,3.61194e+06,1.75929e+07,0,0,0,6.40623e+07
85.139,85.139,6.66037,0.21,0.02,2.6706,2.973,0,0.50035,5.32224,4.17222e+06,2.70226e+06,1.11423e+07,0,0,0,2.35796e+08,62.3362,61.308,6.67642,0,1,2.02938,1.72698,0,1.56761,2.96352,8.67071e+06,3.61194e+06,1.75962e+07,0,0,0,6.40623e+07
85.139,85.139,4.64908,0.19,0.02,2.67124,2.97364,0,0.50047,5.32224,4.17222e+06,2.70226e+06,1.1145e+07,0,0,0,2.35796e+08,62.3362,61.308,5.09989,0,1,2.02975,1.72735,0,1.5679,2.96352,8.67071e+06,3.61194e+06,1.75994e+07,0,0,0,6.40623e+07
85.139,85.139,6.41583,0.19,0.02,2.67188,2.97428,0,0.500591,5.32224,4.17222e+06,2.70226e+06,1.11477e+07,0,0,0,2.35796e+08,62.3362,61.308,6.39953,0,1,2.03013,1.72773,0,1.56819,2.96352,8.67071e+06,3.61194e+06,1.76027e+07,0,0,0,6.40623e+07
85.139,85.139,7.60322,0.21,0.02,2.67253,2.97493,0,0.500711,5.32224,4.17222e+06,2.70226e+06,1.11504e+07,0,0,0,2.35796e+08,62.3362,61.308,9.57652,0,1,2.0305,1.7281,0,1.56848,2.96352,8.67071e+06,3.61194e+06,1.76059e+07,0,0,0,6.40623e+07
85.139,85.139,5.6204,0.22,0.02,2.78189,3.08429,0,0.500832,5.32224,4.17222e+06,2.70226e+06,1.16067e+07,0,0,0,2.35796e+08,62.3362,61.308,8.49191,0,1,2.10039,1.79799,0,1.56877,2.96352,8.67071e+06,3.61194e+06,1.82119e+07,0,0,0,6.40623e+07
85.139,85.139,4.99985,0.22,0.02,2.78256,3.08496,0,0.521326,5.32224,4.17222e+06,2.70226e+06,1.16094e+07,0,0,0,2.35796e+08,62.3362,61.308,6.01926,0,1,2.10078,1.79838,0,1.62276,2.96352,8.67071e+06,3.61194e+06,1.82153e+07,0,0,0,6.40623e+07
85.139,85.139,5.75036,0.24,0.02,2.78323,3.08563,0,0.521451,5.32224,4.17222e+06,2.70226e+06,1.16122e+07,0,0,0,2.35796e+08,62.3362,61.308,8.43341,0,1,2.10117,1.79877,0,1.62306,2.96352,8.67071e+06,3.61194e+06,1.82186e+07,0,0,0,6.40623e+07
85.139,85.139,4.43437,0.23,0.02,2.78389,3.08629,0,0.521576,5.32224,4.17222e+06,2.70226e+06,1.1615e+07,0,0,0,2.35796e+08,62.3362,61.308,6.26167,0,1,2.10156,1.79916,0,1.62336,2.96352,8.67071e+06,3.61194e+06,1.8222e+07,0,0,0,6.40623e+07
85.139,85.139,5.14667,0.22,0.02,2.74201,3.04441,0,0.521701,5.32224,4.17222e+06,2.70226e+06,1.14403e+07,0,0,0,2.35796e+08,62.3362,61.308,6.44859,0,1,2.07493,1.77253,0,1.62366,2.96352,8.67071e+06,3.61194e+06,1.79911e+07,0,0,0,6.40623e+07
85.139,85.139,4.36601,0.19,0.02,2.74267,3.04507,0,0.513853,5.32224,4.17222e+06,2.70226e+06,1.1443e+07,0,0,0,2.35796e+08,62.3362,61.308,5.76762,0,1,2.07531,1.77291,0,1.60309,2.96352,8.67071e+06,3.61194e+06,1.79944e+07,0,0,0,6.40623e+07
85.139,85.139,4.03326,0.17,0.02,2.74333,3.04573,0,0.513977,5.32224,4.17222e+06,2.70226e+06,1.14458e+07,0,0,0,2.35796e+08,62.3362,61.308,4.67648,0,1,2.07569,1.77329,0,1.60338,2.96352,8.67071e+06,3.61194e+06,1.79977e+07,0,0,0,6.40623e+07
85.139,85.139,3.64567,0.16,0.02,2.74399,3.04639,0,0.5141,5.32224,4.17222e+06,2.70226e+06,1.14485e+07,0,0,0,2.35796e+08,62.3362,61.308,4.53209,0,1,2.07607,1.77367,0,1.60368,2.96352,8.67071e+06,3.61194e+06,1.8001e+07,0,0,0,6.40623e+07
85.139,85.139,3.37032,0.15,0.02,2.88919,3.19159,0,0.514223,5.32224,4.17222e+06,2.70226e+06,1.20543e+07,0,0,0,2.35796e+08,62.3362,61.308,4.71569,0,1,2.17237,1.86997,0,1.60398,2.96352,8.67071e+06,3.61194e+06,1.8836e+07,0,0,0,6.40623e+07
85.0432,85.139,3.07712,0.12,0.02,2.88988,3.19228,0,0.541434,5.32224,4.17222e+06,2.70226e+06,1.20572e+07,0,0,0,2.35796e+08,62.3362,61.308,4.25482,0,1,2.17278,1.87038,0,1.67838,2.96352,8.67071e+06,3.61194e+06,1.88395e+07,0,0,0,6.40623e+07
84.6796,85.139,2.79287,0.2,0.02,2.89057,3.19297,0,0.541563,5.32224,4.17222e+06,2.70226e+06,1.20601e+07,0,0,0,2.35796e+08,62.3362,61.308,3.76281,0,1,2.17318,1.87078,0,1.67869,2.96352,8.67071e+06,3.61194e+06,1.8843e+07,0,0,0,6.40623e+07
84.1846,85.139,2.62306,0.17,0.02,2.89126,3.19366,0,0.541693,5.32224,4.17222e+06,2.70226e+06,1.2063e+07,0,0,0,2.35796e+08,62.3362,61.308,3.50114,0,1,2.17359,1.87119,0,1.679,2.96352,8.67071e+06,3.61194e+06,1.88465e+07,0,0,0,6.40623e+07
83.4449,85.139,2.35931,0.17,0.02,2.89195,3.19435,0,0.541822,5.32224,4.17222e+06,2.70226e+06,1.20658e+07,0,0,0,2.35796e+08,62.3362,61.308,3.14053,0,1,2.17399,1.87159,0,1.67931,2.96352,8.67071e+06,3.61194e+06,1.885e+07,0,0,0,6.40623e+07
82.1201,85.139,1.69929,0.15,0.02,2.86402,3.16642,0,0.541951,5.32224,4.17222e+06,2.70226e+06,1.19493e+07,0,0,0,2.35796e+08,62.1609,61.308,2.16092,0,1,2.22717,1.92477,0,1.67962,2.96352,8.67071e+06,3.61194e+06,1.93111e+07,0,0,0,6.40623e+07
80.7271,85.139,1.61073,0.15,0.02,2.86471,3.16711,0,0.536718,5.32224,4.17222e+06,2.70226e+06,1.19522e+07,0,0,0,2.35796e+08,61.8803,61.308,2.05558,0,1,2.22758,1.92518,0,1.72071,2.96352,8.67071e+06,3.61194e+06,1.93147e+07,0,0,0,6.40623e+07
79.228,85.139,1.48966,0.16,0.02,2.86539,3.16779,0,0.536846,5.32224,4.17222e+06,2.70226e+06,1.1955e+07,0,0,0,2.35796e+08,61.4233,61.308,1.91127,0,1,2.228,1.9256,0,1.72103,2.96352,8.67071e+06,3.61194e+06,1.93183e+07,0,0,0,6.40623e+07
77.6775,85.139,1.42166,0.18,0.02,2.86608,3.16848,0,0.536974,5.32224,4.17222e+06,2.70226e+06,1.19579e+07,0,0,0,2.35796e+08,60.8471,61.308,1.79954,0,1,2.22842,1.92602,0,1.72135,2.96352,8.67071e+06,3.61194e+06,1.93219e+07,0,0,0,6.40623e+07
76.0122,85.139,1.35129,0.19,0.02,2.94072,3.24312,0,0.537103,5.32224,4.17222e+06,2.70226e+06,1.22693e+07,0,0,0,2.35796e+08,60.3078,61.308,1.68824,0,1,2.2759,1.9735,0,1.72167,2.96352,8.67071e+06,3.61194e+06,1.97337e+07,0,0,0,6.40623e+07
74.2001,85.139,1.1701,0.18,0.02,2.94142,3.24382,0,0.551091,5.32224,4.17222e+06,2.70226e+06,1.22722e+07,0,0,0,2.35796e+08,59.5199,61.308,1.60374,0,1,2.27633,1.97393,0,1.75836,2.96352,8.67071e+06,3.61194e+06,1.97374e+07,0,0,0,6.40623e+07
72.3195,85.139,1.08507,0.18,0.02,2.94212,3.24452,0,0.551223,5.32224,4.17222e+06,2.70226e+06,1.22752e+07,0,0,0,2.35796e+08,58.827,61.308,1.43331,0,1,2.27676,1.97436,0,1.75869,2.96352,8.67071e+06,3.61194e+06,1.97411e+07,0,0,0,6.40623e+07
70.4795,85.139,1.10276,0.2,0.02,2.94282,3.24522,0,0.551354,5.32224,4.17222e+06,2.70226e+06,1.22781e+07,0,0,0,2.35796e+08,58.1233,61.308,1.6153,0,1,2.27718,1.97478,0,1.75902,2.96352,8.67071e+06,3.61194e+06,1.97448e+07,0,0,0,6.40623e+07
68.4049,85.139,1.01966,0.2,0.02,3.16031,3.46271,0,0.551485,5.32224,4.17222e+06,2.70226e+06,1.31855e+07,0,0,0,2.35796e+08,56.9828,61.308,1.51814,0,1,2.44767,2.14527,0,1.75935,2.96352,8.67071e+06,3.61194e+06,2.1223e+07,0,0,0,6.40623e+07
65.8973,85.139,0.564259,0.19,0.02,3.17473,3.46345,0,0.592241,5.32224,4.17222e+06,2.70226e+06,1.32457e+07,0,0,0,2.35796e+08,55.6714,61.308,0.900163,0,1,2.43446,2.14573,0,1.89107,2.96352,8.67071e+06,3.61194e+06,2.11085e+07,0,0,0,6.40623e+07
63.4584,85.139,0.60705,0.21,0.02,3.17594,3.4642,0,0.594944,5.32224,4.17222e+06,2.70226e+06,1.32507e+07,0,0,0,2.35796e+08,54.4879,61.308,0.908165,0,1,2.43446,2.14619,0,1.88086,2.96352,8.67071e+06,3.61194e+06,2.11085e+07,0,0,0,6.40623e+07
61.3391,85.139,0.940656,0.2,0.02,3.17715,3.46495,0,0.595171,5.32224,4.17222e+06,2.70226e+06,1.32558e+07,0,0,0,2.35796e+08,53.3904,61.308,1.08984,0,1,2.43446,2.14666,0,1.88086,2.96352,8.67071e+06,3.61194e+06,2.11085e+07,0,0,0,6.40623e+07
59.5479,85.139,1.26728,0.21,0.02,3.17836,3.4657,0,0.595398,5.32224,4.17222e+06,2.70226e+06,1.32608e+07,0,0,0,2.35796e+08,52.6458,61.308,1.20405,0,1,2.43446,2.14712,0,1.88086,2.96352,8.67071e+06,3.61194e+06,2.11085e+07,0,0,0,6.40623e+07
57.3134,85.139,0.70696,0.22,0.02,3.07381,3.36068,0,0.595625,5.32224,4.17222e+06,2.70226e+06,1.28246e+07,0,0,0,2.35796e+08,51.9449,61.308,1.77333,0,1,2.33113,2.04425,0,1.88086,2.96352,8.67071e+06,3.61194e+06,2.02125e+07,0,0,0,6.40623e+07
55.0395,85.139,0.62874,0.22,0.02,3.05901,3.36141,0,0.576032,5.32224,4.17222e+06,2.70226e+06,1.27628e+07,0,0,0,2.35796e+08,50.7915,61.308,1.20185,0,1,2.3471,2.0447,0,1.80103,2.96352,8.67071e+06,3.61194e+06,2.0351e+07,0,0,0,6.40623e+07
52.6913,85.139,0.518573,0.25,0.02,3.05973,3.36213,0,0.573258,5.32224,4.17222e+06,2.70226e+06,1.27659e+07,0,0,0,2.35796e+08,49.7096,61.308,0.958562,0,1,2.34754,2.04514,0,1.81337,2.96352,8.67071e+06,3.61194e+06,2.03548e+07,0,0,0,6.40623e+07
50.6173,85.139,0.842551,0.25,0.02,3.06046,3.36286,0,0.573394,5.32224,4.17222e+06,2.70226e+06,1.27689e+07,0,0,0,2.35796e+08,49.0829,61.308,1.31387,0,1,2.34798,2.04558,0,1.81371,2.96352,8.67071e+06,3.61194e+06,2.03586e+07,0,0,0,6.40623e+07
48.6445,85.139,0.906098,0.27,0.02,2.97429,3.27669,0,0.573529,5.32224,4.17222e+06,2.70226e+06,1.24094e+07,0,0,0,2.35796e+08,48.7959,61.308,1.74239,0,1,2.25428,1.95188,0,1.81405,2.96352,8.67071e+06,3.61194e+06,1.95462e+07,0,0,0,6.40623e+07
46.7762,85.139,0.90788,0.3,0.02,2.975,3.2774,0,0.557382,5.32224,4.17222e+06,2.70226e+06,1.24123e+07,0,0,0,2.35796e+08,48.548,61.308,1.66196,0,1,2.2547,1.9523,0,1.74166,2.96352,8.67071e+06,3.61194e+06,1.95499e+07,0,0,0,6.40623e+07
45.4416,85.139,1.50897,0.3,0.02,2.97571,3.27811,0,0.557515,5.32224,4.17222e+06,2.70226e+06,1.24153e+07,0,0,0,2.35796e+08,48.9032,61.308,2.42426,0,1,2.25512,1.95272,0,1.74198,2.96352,8.67071e+06,3.61194e+06,1.95535e+07,0,0,0,6.40623e+07
44.7735,85.139,2.27304,0.31,0.02,2.97641,3.27881,0,0.557647,5.32224,4.17222e+06,2.70226e+06,1.24182e+07,0,0,0,2.35796e+08,49.5263,61.308,3.30658,0,1,2.25555,1.95315,0,1.74231,2.96352,8.67071e+06,3.61194e+06,1.95572e+07,0,0,0,6.40623e+07
44.0905,85.139,1.9921,0.39,0.02,2.66611,3.03254,0,0.55778,5.32224,4.17222e+06,2.85518e+06,1.11236e+07,0,0,0,2.35796e+08,49.2426,61.308,2.50232,0,1,2.02263,1.75734,0,1.74263,2.96352,8.67071e+06,3.81634e+06,1.75377e+07,0,0,0,6.40623e+07
42.7808,85.139,1.04648,0.4,0.02,2.41059,3.03319,0,0.499629,5.32224,4.17222e+06,3.42622e+06,1.00575e+07,0,0,0,2.35796e+08,48.6269,61.308,1.21892,0,1,1.87456,1.75772,0,1.56269,2.96352,8.67071e+06,4.57961e+06,1.62538e+07,0,0,0,6.40623e+07
41.8074,85.139,1.39775,0.43,0.02,2.41118,3.03384,0,0.451745,5.32224,4.17222e+06,3.42622e+06,1.00599e+07,0,0,0,2.35796e+08,48.1498,61.308,2.56447,0,1,1.8749,1.7581,0,1.44829,2.96352,8.67071e+06,4.57961e+06,1.62567e+07,0,0,0,6.40623e+07
42.2137,85.139,2.92576,0.44,0.02,2.41176,3.0345,0,0.451854,5.32224,4.17222e+06,3.42622e+06,1.00624e+07,0,0,0,2.35796e+08,47.9261,61.308,2.39165,0,1,1.87524,1.75848,0,1.44855,2.96352,8.67071e+06,4.57961e+06,1.62597e+07,0,0,0,6.40623e+07
47.213,85.139,8.00391,0.49,0.02,2.41235,3.03515,0,0.451964,5.32224,4.17222e+06,3.42622e+06,1.00648e+07,0,0,0,2.35796e+08,49.5635,61.308,4.5521,0,1,1.87558,1.75885,0,1.44881,2.96352,8.67071e+06,4.57961e+06,1.62626e+07,0,0,0,6.40623e+07
50.1782,85.139,5.83345,0.44,0.02,2.49798,3.13089,0,0.452074,5.32224,4.17222e+06,3.42622e+06,1.04221e+07,0,0,0,2.35796e+08,50.666,61.308,4.60791,0,1,1.92679,1.81611,0,1.44907,2.96352,8.67071e+06,4.57961e+06,1.67066e+07,0,0,0,6.40623e+07
52.7447,85.139,5.41122,0.47,0.02,2.49855,3.13154,0,0.468121,5.32224,4.17222e+06,3.42622e+06,1.04245e+07,0,0,0,2.35796e+08,51.6738,61.308,4.50039,0,1,1.92712,1.81648,0,1.48864,2.96352,8.67071e+06,4.57961e+06,1.67095e+07,0,0,0,6.40623e+07
54.3902,85.139,4.44888,0.44,0.02,2.49913,3.13218,0,0.468229,5.32224,4.17222e+06,3.42622e+06,1.04269e+07,0,0,0,2.35796e+08,52.2528,61.308,3.4629,0,1,1.92746,1.81685,0,1.48889,2.96352,8.67071e+06,4.57961e+06,1.67124e+07,0,0,0,6.40623e+07
57.1453,85.139,5.71657,0.48,0.02,2.4997,3.13282,0,0.468337,5.32224,4.17222e+06,3.42622e+06,1.04293e+07,0,0,0,2.35796e+08,52.8307,61.308,3.62127,0,1,1.92779,1.81723,0,1.48915,2.96352,8.67071e+06,4.57961e+06,1.67153e+07,0,0,0,6.40623e+07
58.4187,85.139,4.37779,0.43,0.02,2.77365,3.4391,0,0.468445,5.32224,4.17222e+06,3.42622e+06,1.15723e+07,0,0,0,2.35796e+08,53.5045,61.308,4.18674,0,1,2.11927,2.03131,0,1.48941,2.96352,8.67071e+06,4.57961e+06,1.83756e+07,0,0,0,6.40623e+07
60.6339,85.139,5.47579,0.46,0.02,2.77428,3.4398,0,0.519781,5.32224,4.17222e+06,3.42622e+06,1.15749e+07,0,0,0,2.35796e+08,54.7039,61.308,5.15131,0,1,2.11965,2.03173,0,1.63735,2.96352,8.67071e+06,4.57961e+06,1.83788e+07,0,0,0,6.40623e+07
61.2551,85.139,3.73433,0.46,0.02,2.77491,3.44051,0,0.5199,5.32224,4.17222e+06,3.42622e+06,1.15775e+07,0,0,0,2.35796e+08,55.4475,61.308,4.41984,0,1,2.12002,2.03214,0,1.63764,2.96352,8.67071e+06,4.57961e+06,1.83821e+07,0,0,0,6.40623e+07
62.4219,85.139,4.27714,0.49,0.02,2.77554,3.44122,0,0.520018,5.32224,4.17222e+06,3.42622e+06,1.15802e+07,0,0,0,2.35796e+08,56.367,61.308,4.67355,0,1,2.12039,2.03256,0,1.63793,2.96352,8.67071e+06,4.57961e+06,1.83853e+07,0,0,0,6.40623e+07
65.3497,85.139,5.78079,0.51,0.02,2.38595,3.00564,0,0.520137,5.32224,4.17222e+06,3.42622e+06,9.95468e+06,0,0,0,2.35796e+08,57.3756,61.308,5.03863,0,1,1.86403,1.74594,0,1.63822,2.96352,8.67071e+06,4.57961e+06,1.61625e+07,0,0,0,6.40623e+07
68.9013,85.139,6.40477,0.48,0.02,2.3865,3.00625,0,0.447126,5.32224,4.17222e+06,3.42622e+06,9.95698e+06,0,0,0,2.35796e+08,58.2977,61.308,4.78355,0,1,1.86435,1.7463,0,1.44015,2.96352,8.67071e+06,4.57961e+06,1.61652e+07,0,0,0,6.40623e+07
74.571,85.139,8.73519,0.44,0.02,2.38705,3.00687,0,0.44723,5.32224,4.17222e+06,3.42622e+06,9.95929e+06,0,0,0,2.35796e+08,59.917,61.308,6.91424,0,1,1.86467,1.74666,0,1.4404,2.96352,8.67071e+06,4.57961e+06,1.6168e+07,0,0,0,6.40623e+07
82.0321,85.139,10.9343,0.39,0.02,2.64159,3.00749,0,0.447333,5.32224,4.17222e+06,2.85518e+06,1.10213e+07,0,0,0,2.35796e+08,61.8071,61.308,7.93777,0,1,2.01253,1.74702,0,1.44064,2.96352,8.67071e+06,3.81634e+06,1.74501e+07,0,0,0,6.40623e+07
85.139,85.139,10.132,0.29,0.02,2.70571,3.00811,0,0.495034,5.32224,4.17222e+06,2.70226e+06,1.12888e+07,0,0,0,2.35796e+08,62.3362,61.308,7.13833,0,1,2.04978,1.74738,0,1.55488,2.96352,8.67071e+06,3.61194e+06,1.7773e+07,0,0,0,6.40623e+07
85.139,85.139,4.60992,0.25,0.02,2.81626,3.11866,0,0.507049,5.32224,4.17222e+06,2.70226e+06,1.175e+07,0,0,0,2.35796e+08,62.3362,61.308,4.25361,0,1,2.12043,1.81803,0,1.58366,2.96352,8.67071e+06,3.61194e+06,1.83856e+07,0,0,0,6.40623e+07
85.139,85.139,7.2071,0.26,0.02,2.8169,3.1193,0,0.527767,5.32224,4.17222e+06,2.70226e+06,1.17527e+07,0,0,0,2.35796e+08,62.3362,61.308,7.14123,0,1,2.1208,1.8184,0,1.63824,2.96352,8.67071e+06,3.61194e+06,1.83888e+07,0,0,0,6.40623e+07
85.139,85.139,6.34787,0.26,0.02,2.81754,3.11994,0,0.527886,5.32224,4.17222e+06,2.70226e+06,1.17554e+07,0,0,0,2.35796e+08,62.3362,61.308,6.64702,0,1,2.12117,1.81877,0,1.63853,2.96352,8.67071e+06,3.61194e+06,1.83921e+07,0,0,0,6.40623e+07
85.139,85.139,4.84522,0.26,0.02,2.81818,3.12058,0,0.528007,5.32224,4.17222e+06,2.70226e+06,1.1758e+07,0,0,0,2.35796e+08,62.3362,61.308,4.91783,0,1,2.12155,1.81915,0,1.63882,2.96352,8.67071e+06,3.61194e+06,1.83953e+07,0,0,0,6.40623e+07
85.139,85.139,3.54661,0.25,0.02,2.7758,3.0782,0,0.528127,5.32224,4.17222e+06,2.70226e+06,1.15812e+07,0,0,0,2.35796e+08,62.3362,61.308,2.9025,0,1,2.0946,1.7922,0,1.63911,2.96352,8.67071e+06,3.61194e+06,1.81616e+07,0,0,0,6.40623e+07
84.8882,85.139,2.9165,0.24,0.02,2.77643,3.07883,0,0.520185,5.32224,4.17222e+06,2.70226e+06,1.15839e+07,0,0,0,2.35796e+08,62.32,61.308,2.41342,0,1,2.09496,1.79256,0,1.61828,2.96352,8.67071e+06,3.61194e+06,1.81648e+07,0,0,0,6.40623e+07
85.096,85.139,3.37886,0.34,0.02,2.77706,3.07946,0,0.520303,5.32224,4.17222e+06,2.70226e+06,1.15865e+07,0,0,0,2.35796e+08,62.3362,61.308,2.46852,0,1,2.09533,1.79293,0,1.61857,2.96352,8.67071e+06,3.61194e+06,1.8168e+07,0,0,0,6.40623e+07
85.139,85.139,3.79749,0.33,0.02,2.7777,3.0801,0,0.520422,5.32224,4.17222e+06,2.70226e+06,1.15891e+07,0,0,0,2.35796e+08,62.3362,61.308,2.56459,0,1,2.0957,1.7933,0,1.61885,2.96352,8.67071e+06,3.61194e+06,1.81712e+07,0,0,0,6.40623e+07
84.7516,85.139,2.84052,0.19,0.02,2.92447,3.22687,0,0.52054,5.32224,4.17222e+06,2.70226e+06,1.22015e+07,0,0,0,2.35796e+08,62.3362,61.308,2.55334,0,1,2.19304,1.89064,0,1.61914,2.96352,8.67071e+06,3.61194e+06,1.90152e+07,0,0,0,6.40623e+07
84.5984,85.139,3.06396,0.25,0.02,2.92513,3.22753,0,0.548045,5.32224,4.17222e+06,2.70226e+06,1.22043e+07,0,0,0,2.35796e+08,62.0191,61.308,2.29784,0,1,2.19343,1.89103,0,1.69434,2.96352,8.67071e+06,3.61194e+06,1.90186e+07,0,0,0,6.40623e+07
84.2228,85.139,2.83408,0.23,0.02,2.92579,3.22819,0,0.548169,5.32224,4.17222e+06,2.70226e+06,1.2207e+07,0,0,0,2.35796e+08,61.5636,61.308,1.92447,0,1,2.19382,1.89142,0,1.69464,2.96352,8.67071e+06,3.61194e+06,1.9022e+07,0,0,0,6.40623e+07
83.5848,85.139,2.55301,0.22,0.02,2.92645,3.22885,0,0.548293,5.32224,4.17222e+06,2.70226e+06,1.22098e+07,0,0,0,2.35796e+08,61.1089,61.308,1.68241,0,1,2.19421,1.89181,0,1.69494,2.96352,8.67071e+06,3.61194e+06,1.90253e+07,0,0,0,6.40623e+07
82.7085,85.139,2.28412,0.2,0.02,2.92712,3.22952,0,0.548418,5.32224,4.17222e+06,2.70226e+06,1.22126e+07,0,0,0,2.35796e+08,60.8945,61.308,1.75916,0,1,2.19459,1.89219,0,1.69524,2.96352,8.67071e+06,3.61194e+06,1.90287e+07,0,0,0,6.40623e+07
81.7019,85.139,2.07034,0.18,0.02,2.89885,3.20125,0,0.548542,5.32224,4.17222e+06,2.70226e+06,1.20946e+07,0,0,0,2.35796e+08,60.8403,61.308,2.50868,0,1,2.24834,1.94594,0,1.69554,2.96352,8.67071e+06,3.61194e+06,1.94947e+07,0,0,0,6.40623e+07
80.5868,85.139,1.95486,0.18,0.02,2.89951,3.20191,0,0.543244,5.32224,4.17222e+06,2.70226e+06,1.20974e+07,0,0,0,2.35796e+08,60.7371,61.308,2.35074,0,1,2.24874,1.94634,0,1.73707,2.96352,8.67071e+06,3.61194e+06,1.94981e+07,0,0,0,6.40623e+07
79.3161,85.139,1.79129,0.2,0.02,2.90016,3.20256,0,0.543367,5.32224,4.17222e+06,2.70226e+06,1.21001e+07,0,0,0,2.35796e+08,60.6257,61.308,2.34464,0,1,2.24914,1.94674,0,1.73737,2.96352,8.67071e+06,3.61194e+06,1.95016e+07,0,0,0,6.40623e+07
77.8959,85.139,1.61979,0.22,0.02,2.90082,3.20322,0,0.54349,5.32224,4.17222e+06,2.70226e+06,1.21028e+07,0,0,0,2.35796e+08,60.4167,61.308,2.09598,0,1,2.24953,1.94713,0,1.73768,2.96352,8.67071e+06,3.61194e+06,1.95051e+07,0,0,0,6.40623e+07
76.3622,85.139,1.51875,0.22,0.02,2.97625,3.27865,0,0.543613,5.32224,4.17222e+06,2.70226e+06,1.24175e+07,0,0,0,2.35796e+08,60.1031,61.308,1.98098,0,1,2.29752,1.99512,0,1.73799,2.96352,8.67071e+06,3.61194e+06,1.99212e+07,0,0,0,6.40623e+07
74.7715,85.139,1.46803,0.22,0.02,2.97692,3.27932,0,0.557749,5.32224,4.17222e+06,2.70226e+06,1.24204e+07,0,0,0,2.35796e+08,59.685,61.308,1.83213,0,1,2.29793,1.99553,0,1.77507,2.96352,8.67071e+06,3.61194e+06,1.99247e+07,0,0,0,6.40623e+07
73.1065,85.139,1.35857,0.2,0.02,2.97759,3.27999,0,0.557875,5.32224,4.17222e+06,2.70226e+06,1.24232e+07,0,0,0,2.35796e+08,59.0409,61.308,1.76646,0,1,2.29834,1.99594,0,1.77538,2.96352,8.67071e+06,3.61194e+06,1.99283e+07,0,0,0,6.40623e+07
71.3409,85.139,1.23703,0.22,0.02,2.97827,3.28067,0,0.558001,5.32224,4.17222e+06,2.70226e+06,1.2426e+07,0,0,0,2.35796e+08,58.6139,61.308,1.55375,0,1,2.29875,1.99635,0,1.7757,2.96352,8.67071e+06,3.61194e+06,1.99318e+07,0,0,0,6.40623e+07
69.6015,85.139,1.42542,0.21,0.02,3.19808,3.50048,0,0.558127,5.32224,4.17222e+06,2.70226e+06,1.33431e+07,0,0,0,2.35796e+08,58.3427,61.308,2.13704,0,1,2.47107,2.16867,0,1.77601,2.96352,8.67071e+06,3.61194e+06,2.1426e+07,0,0,0,6.40623e+07
67.6652,85.139,1.25959,0.2,0.02,3.23588,3.5012,0,0.599321,5.32224,4.17222e+06,2.70226e+06,1.35008e+07,0,0,0,2.35796e+08,58.0786,61.308,1.98228,0,1,2.43444,2.16912,0,1.90915,2.96352,8.67071e+06,3.61194e+06,2.11083e+07,0,0,0,6.40623e+07
65.9089,85.139,1.42301,0.22,0.02,3.23704,3.50192,0,0.606404,5.32224,4.17222e+06,2.70226e+06,1.35056e+07,0,0,0,2.35796e+08,57.8333,61.308,2.10801,0,1,2.43444,2.16956,0,1.88085,2.96352,8.67071e+06,3.61194e+06,2.11083e+07,0,0,0,6.40623e+07
64.1562,85.139,1.40193,0.2,0.02,3.23821,3.50264,0,0.606622,5.32224,4.17222e+06,2.70226e+06,1.35105e+07,0,0,0,2.35796e+08,57.601,61.308,2.07903,0,1,2.43444,2.17001,0,1.88085,2.96352,8.67071e+06,3.61194e+06,2.11083e+07,0,0,0,6.40623e+07
62.0983,85.139,1.08622,0.2,0.02,3.23937,3.50336,0,0.60684,5.32224,4.17222e+06,2.70226e+06,1.35153e+07,0,0,0,2.35796e+08,57.2681,61.308,1.87063,0,1,2.43444,2.17045,0,1.88085,2.96352,8.67071e+06,3.61194e+06,2.11083e+07,0,0,0,6.40623e+07
61.4384,85.139,2.36034,0.21,0.02,3.13362,3.39716,0,0.607058,5.32224,4.17222e+06,2.70226e+06,1.30741e+07,0,0,0,2.35796e+08,57.1157,61.308,2.67551,0,1,2.32999,2.06644,0,1.88085,2.96352,8.67071e+06,3.61194e+06,2.02026e+07,0,0,0,6.40623e+07
60.7943,85.139,2.42913,0.22,0.02,3.09546,3.39786,0,0.58724,5.32224,4.17222e+06,2.70226e+06,1.29149e+07,0,0,0,2.35796e+08,57.1992,61.308,3.07054,0,1,2.36927,2.06687,0,1.80015,2.96352,8.67071e+06,3.61194e+06,2.05432e+07,0,0,0,6.40623e+07
60.5061,85.139,2.79881,0.22,0.02,3.09615,3.39855,0,0.580088,5.32224,4.17222e+06,2.70226e+06,1.29178e+07,0,0,0,2.35796e+08,57.5715,61.308,3.81504,0,1,2.36969,2.06729,0,1.8305,2.96352,8.67071e+06,3.61194e+06,2.05469e+07,0,0,0,6.40623e+07
60.1413,85.139,2.78489,0.22,0.02,3.09685,3.39925,0,0.580219,5.32224,4.17222e+06,2.70226e+06,1.29207e+07,0,0,0,2.35796e+08,57.9374,61.308,3.79423,0,1,2.37011,2.06771,0,1.83082,2.96352,8.67071e+06,3.61194e+06,2.05506e+07,0,0,0,6.40623e+07
60.7661,85.139,3.90862,0.23,0.02,3.00972,3.31212,0,0.58035,5.32224,4.17222e+06,2.70226e+06,1.25572e+07,0,0,0,2.35796e+08,58.8343,61.308,5.21589,0,1,2.27538,1.97298,0,1.83115,2.96352,8.67071e+06,3.61194e+06,1.97292e+07,0,0,0,6.40623e+07
64.3549,85.139,6.83011,0.22,0.02,3.0104,3.3128,0,0.564021,5.32224,4.17222e+06,2.70226e+06,1.256e+07,0,0,0,2.35796e+08,60.0074,61.308,6.03672,0,1,2.27579,1.97339,0,1.75796,2.96352,8.67071e+06,3.61194e+06,1.97327e+07,0,0,0,6.40623e+07
68.3284,85.139,7.13724,0.2,0.02,3.01107,3.31347,0,0.564148,5.32224,4.17222e+06,2.70226e+06,1.25628e+07,0,0,0,2.35796e+08,61.1437,61.308,5.76885,0,1,2.27619,1.97379,0,1.75827,2.96352,8.67071e+06,3.61194e+06,1.97362e+07,0,0,0,6.40623e+07
70.6043,85.139,5.62444,0.18,0.02,3.01175,3.31415,0,0.564275,5.32224,4.17222e+06,2.70226e+06,1.25657e+07,0,0,0,2.35796e+08,61.8193,61.308,4.19035,0,1,2.2766,1.9742,0,1.75859,2.96352,8.67071e+06,3.61194e+06,1.97397e+07,0,0,0,6.40623e+07
75.1385,85.139,7.77989,0.18,0.02,2.76279,3.06519,0,0.564402,5.32224,4.17222e+06,2.70226e+06,1.15269e+07,0,0,0,2.35796e+08,62.3362,61.308,5.91455,0,1,2.07866,1.77626,0,1.7589,2.96352,8.67071e+06,3.61194e+06,1.80235e+07,0,0,0,6.40623e+07
77.6899,85.139,5.84009,0.15,0.02,2.76341,3.06581,0,0.517746,5.32224,4.17222e+06,2.70226e+06,1.15296e+07,0,0,0,2.35796e+08,62.3362,61.308,5.46974,0,1,2.07902,1.77662,0,1.60597,2.96352,8.67071e+06,3.61194e+06,1.80266e+07,0,0,0,6.40623e+07
79.4404,85.139,5.07777,0.15,0.02,2.76404,3.06644,0,0.517864,5.32224,4.17222e+06,2.70226e+06,1.15322e+07,0,0,0,2.35796e+08,62.3362,61.308,6.88503,0,1,2.07939,1.77699,0,1.60625,2.96352,8.67071e+06,3.61194e+06,1.80298e+07,0,0,0,6.40623e+07
82.2772,85.139,6.27203,0.17,0.02,2.76467,3.06707,0,0.517982,5.32224,4.17222e+06,2.70226e+06,1.15348e+07,0,0,0,2.35796e+08,62.3362,61.308,9.76704,0,1,2.07975,1.77735,0,1.60653,2.96352,8.67071e+06,3.61194e+06,1.80329e+07,0,0,0,6.40623e+07
85.139,85.139,8.81718,0.16,0.02,2.7653,3.0677,0,0.518099,5.32224,4.17222e+06,2.70226e+06,1.15374e+07,0,0,0,2.35796e+08,62.3362,61.308,8.88183,0,1,2.08011,1.77771,0,1.60682,2.96352,8.67071e+06,3.61194e+06,1.80361e+07,0,0,0,6.40623e+07
85.139,85.139,4.06987,0.12,0.02,2.86203,3.16443,0,0.518217,5.32224,4.17222e+06,2.70226e+06,1.1941e+07,0,0,0,2.35796e+08,62.3362,61.308,4.01405,0,1,2.13796,1.83556,0,1.6071,2.96352,8.67071e+06,3.61194e+06,1.85376e+07,0,0,0,6.40623e+07
85.139,85.139,7.04129,0.13,0.02,2.86265,3.16505,0,0.536344,5.32224,4.17222e+06,2.70226e+06,1.19436e+07,0,0,0,2.35796e+08,62.3362,61.308,4.57144,0,1,2.13832,1.83592,0,1.65179,2.96352,8.67071e+06,3.61194e+06,1.85407e+07,0,0,0,6.40623e+07
85.139,85.139,10.531,0.11,0.02,2.86326,3.16566,0,0.53646,5.32224,4.17222e+06,2.70226e+06,1.19461e+07,0,0,0,2.35796e+08,62.3362,61.308,6.30344,0,1,2.13867,1.83627,0,1.65206,2.96352,8.67071e+06,3.61194e+06,1.85438e+07,0,0,0,6.40623e+07
85.139,85.139,6.06168,0.11,0.02,2.86388,3.16628,0,0.536575,5.32224,4.17222e+06,2.70226e+06,1.19487e+07,0,0,0,2.35796e+08,62.3362,61.308,6.66457,0,1,2.13903,1.83663,0,1.65234,2.96352,8.67071e+06,3.61194e+06,1.85469e+07,0,0,0,6.40623e+07
85.139,85.139,5.45621,0.11,0.02,3.17338,3.47578,0,0.53669,5.32224,4.17222e+06,2.70226e+06,1.324e+07,0,0,0,2.35796e+08,62.3362,61.308,5.8269,0,1,2.35538,2.05298,0,1.65262,2.96352,8.67071e+06,3.61194e+06,2.04228e+07,0,0,0,6.40623e+07
85.139,85.139,4.51487,0.12,0.02,3.17406,3.47646,0,0.594692,5.32224,4.17222e+06,2.70226e+06,1.32429e+07,0,0,0,2.35796e+08,62.3362,61.308,6.01802,0,1,2.35578,2.05338,0,1.81977,2.96352,8.67071e+06,3.61194e+06,2.04263e+07,0,0,0,6.40623e+07
85.139,85.139,5.88271,0.14,0.02,3.17474,3.47714,0,0.594819,5.32224,4.17222e+06,2.70226e+06,1.32457e+07,0,0,0,2.35796e+08,62.3362,61.308,6.98552,0,1,2.35618,2.05378,0,1.82007,2.96352,8.67071e+06,3.61194e+06,2.04297e+07,0,0,0,6.40623e+07
85.139,85.139,5.33794,0.15,0.02,3.17541,3.47781,0,0.594945,5.32224,4.17222e+06,2.70226e+06,1.32485e+07,0,0,0,2.35796e+08,62.3362,61.308,7.31405,0,1,2.35658,2.05418,0,1.82038,2.96352,8.67071e+06,3.61194e+06,2.04332e+07,0,0,0,6.40623e+07
85.139,85.139,8.09871,0.15,0.02,2.73517,3.03757,0,0.595072,5.32224,4.17222e+06,2.70226e+06,1.14117e+07,0,0,0,2.35796e+08,62.3362,61.308,5.84464,0,1,2.06689,1.76449,0,1.82069,2.96352,8.67071e+06,3.61194e+06,1.79214e+07,0,0,0,6.40623e+07
85.139,85.139,4.16516,0.18,0.02,2.73576,3.03816,0,0.51257,5.32224,4.17222e+06,2.70226e+06,1.14142e+07,0,0,0,2.35796e+08,62.3362,61.308,4.4516,0,1,2.06723,1.76483,0,1.59688,2.96352,8.67071e+06,3.61194e+06,1.79244e+07,0,0,0,6.40623e+07
85.139,85.139,4.49742,0.2,0.02,2.73635,3.03875,0,0.512681,5.32224,4.17222e+06,2.70226e+06,1.14166e+07,0,0,0,2.35796e+08,62.3362,61.308,5.15983,0,1,2.06757,1.76517,0,1.59714,2.96352,8.67071e+06,3.61194e+06,1.79273e+07,0,0,0,6.40623e+07
85.139,85.139,5.9323,0.21,0.02,2.73694,3.03934,0,0.512792,5.32224,4.17222e+06,2.70226e+06,1.14191e+07,0,0,0,2.35796e+08,62.3362,61.308,5.1704,0,1,2.06792,1.76552,0,1.59741,2.96352,8.67071e+06,3.61194e+06,1.79303e+07,0,0,0,6.40623e+07
85.139,85.139,5.20177,0.23,0.02,2.73753,3.03993,0,0.512902,5.32224,4.17222e+06,2.70226e+06,1.14216e+07,0,0,0,2.35796e+08,62.3362,61.308,4.93958,0,1,2.06826,1.76586,0,1.59767,2.96352,8.67071e+06,3.61194e+06,1.79333e+07,0,0,0,6.40623e+07
85.139,85.139,5.86262,0.24,0.02,2.84921,3.15161,0,0.513013,5.32224,4.17222e+06,2.70226e+06,1.18875e+07,0,0,0,2.35796e+08,62.3362,61.308,7.94211,0,1,2.13964,1.83724,0,1.59794,2.96352,8.67071e+06,3.61194e+06,1.85522e+07,0,0,0,6.40623e+07
85.139,85.139,4.34257,0.25,0.02,2.84983,3.15223,0,0.533943,5.32224,4.17222e+06,2.70226e+06,1.18901e+07,0,0,0,2.35796e+08,62.3362,61.308,4.71689,0,1,2.14,1.8376,0,1.65308,2.96352,8.67071e+06,3.61194e+06,1.85553e+07,0,0,0,6.40623e+07
85.139,85.139,3.96566,0.25,0.02,2.85044,3.15284,0,0.534058,5.32224,4.17222e+06,2.70226e+06,1.18926e+07,0,0,0,2.35796e+08,62.3362,61.308,4.15263,0,1,2.14035,1.83795,0,1.65336,2.96352,8.67071e+06,3.61194e+06,1.85584e+07,0,0,0,6.40623e+07
85.139,85.139,3.80359,0.25,0.02,2.85105,3.15345,0,0.534172,5.32224,4.17222e+06,2.70226e+06,1.18952e+07,0,0,0,2.35796e+08,62.3362,61.308,3.91484,0,1,2.14071,1.83831,0,1.65364,2.96352,8.67071e+06,3.61194e+06,1.85615e+07,0,0,0,6.40623e+07
85.139,85.139,3.53201,0.25,0.02,2.80819,3.11059,0,0.534287,5.32224,4.17222e+06,2.70226e+06,1.17164e+07,0,0,0,2.35796e+08,62.3362,61.308,3.81891,0,1,2.11346,1.81106,0,1.65391,2.96352,8.67071e+06,3.61194e+06,1.83252e+07,0,0,0,6.40623e+07
85.139,85.139,3.42022,0.24,0.02,2.8088,3.1112,0,0.526255,5.32224,4.17222e+06,2.70226e+06,1.17189e+07,0,0,0,2.35796e+08,62.3362,61.308,3.66152,0,1,2.11381,1.81141,0,1.63286,2.96352,8.67071e+06,3.61194e+06,1.83282e+07,0,0,0,6.40623e+07
85.139,85.139,3.31997,0.21,0.02,2.8094,3.1118,0,0.526369,5.32224,4.17222e+06,2.70226e+06,1.17214e+07,0,0,0,2.35796e+08,62.3362,61.308,3.93524,0,1,2.11416,1.81176,0,1.63313,2.96352,8.67071e+06,3.61194e+06,1.83313e+07,0,0,0,6.40623e+07
85.0921,85.139,3.08481,0.2,0.02,2.81001,3.11241,0,0.526482,5.32224,4.17222e+06,2.70226e+06,1.1724e+07,0,0,0,2.35796e+08,62.3362,61.308,3.58693,0,1,2.11451,1.81211,0,1.6334,2.96352,8.67071e+06,3.61194e+06,1.83343e+07,0,0,0,6.40623e+07
84.9713,85.139,3.129,0.31,0.02,2.95828,3.26068,0,0.526595,5.32224,4.17222e+06,2.70226e+06,1.23426e+07,0,0,0,2.35796e+08,62.3362,61.308,3.50735,0,1,2.21286,1.91046,0,1.63367,2.96352,8.67071e+06,3.61194e+06,1.9187e+07,0,0,0,6.40623e+07
84.4525,85.139,2.66003,0.28,0.02,2.95892,3.26132,0,0.554382,5.32224,4.17222e+06,2.70226e+06,1.23452e+07,0,0,0,2.35796e+08,62.3362,61.308,3.04191,0,1,2.21323,1.91083,0,1.70965,2.96352,8.67071e+06,3.61194e+06,1.91903e+07,0,0,0,6.40623e+07
83.6421,85.139,2.3551,0.24,0.02,2.95955,3.26195,0,0.554501,5.32224,4.17222e+06,2.70226e+06,1.23479e+07,0,0,0,2.35796e+08,62.3053,61.308,2.8048,0,1,2.2136,1.9112,0,1.70994,2.96352,8.67071e+06,3.61194e+06,1.91935e+07,0,0,0,6.40623e+07
82.7412,85.139,2.25232,0.23,0.02,2.96018,3.26258,0,0.55462,5.32224,4.17222e+06,2.70226e+06,1.23505e+07,0,0,0,2.35796e+08,62.2158,61.308,2.57786,0,1,2.21397,1.91157,0,1.71023,2.96352,8.67071e+06,3.61194e+06,1.91967e+07,0,0,0,6.40623e+07
81.6107,85.139,2.00579,0.2,0.02,2.96082,3.26322,0,0.554738,5.32224,4.17222e+06,2.70226e+06,1.23532e+07,0,0,0,2.35796e+08,62.0445,61.308,2.35475,0,1,2.21434,1.91194,0,1.71051,2.96352,8.67071e+06,3.61194e+06,1.91999e+07,0,0,0,6.40623e+07
80.5128,85.139,1.93077,0.19,0.02,2.93222,3.23462,0,0.554857,5.32224,4.17222e+06,2.70226e+06,1.22338e+07,0,0,0,2.35796e+08,61.5161,61.308,1.82742,0,1,2.26862,1.96622,0,1.7108,2.96352,8.67071e+06,3.61194e+06,1.96706e+07,0,0,0,6.40623e+07
79.3219,85.139,1.82722,0.19,0.02,2.93285,3.23525,0,0.549498,5.32224,4.17222e+06,2.70226e+06,1.22365e+07,0,0,0,2.35796e+08,60.9533,61.308,1.63733,0,1,2.269,1.9666,0,1.75274,2.96352,8.67071e+06,3.61194e+06,1.96739e+07,0,0,0,6.40623e+07
77.9886,85.139,1.6761,0.23,0.02,2.93347,3.23587,0,0.549615,5.32224,4.17222e+06,2.70226e+06,1.22391e+07,0,0,0,2.35796e+08,60.2051,61.308,1.64826,0,1,2.26938,1.96698,0,1.75303,2.96352,8.67071e+06,3.61194e+06,1.96772e+07,0,0,0,6.40623e+07
76.5263,85.139,1.53387,0.2,0.02,2.9341,3.2365,0,0.549733,5.32224,4.17222e+06,2.70226e+06,1.22417e+07,0,0,0,2.35796e+08,59.324,61.308,1.4441,0,1,2.26977,1.96737,0,1.75333,2.96352,8.67071e+06,3.61194e+06,1.96805e+07,0,0,0,6.40623e+07
74.8772,85.139,1.37465,0.2,0.02,3.01028,3.31268,0,0.549851,5.32224,4.17222e+06,2.70226e+06,1.25595e+07,0,0,0,2.35796e+08,58.5134,61.308,1.31084,0,1,2.31823,2.01583,0,1.75362,2.96352,8.67071e+06,3.61194e+06,2.01007e+07,0,0,0,6.40623e+07
73.3728,85.139,1.51358,0.2,0.02,3.01092,3.31332,0,0.564126,5.32224,4.17222e+06,2.70226e+06,1.25622e+07,0,0,0,2.35796e+08,57.8648,61.308,1.57162,0,1,2.31862,2.01622,0,1.79107,2.96352,8.67071e+06,3.61194e+06,2.01041e+07,0,0,0,6.40623e+07
71.7507,85.139,1.36943,0.22,0.02,3.01157,3.31397,0,0.564247,5.32224,4.17222e+06,2.70226e+06,1.25649e+07,0,0,0,2.35796e+08,56.9593,61.308,1.50504,0,1,2.31901,2.01661,0,1.79137,2.96352,8.67071e+06,3.61194e+06,2.01075e+07,0,0,0,6.40623e+07
70.023,85.139,1.24695,0.22,0.02,3.01221,3.31461,0,0.564367,5.32224,4.17222e+06,2.70226e+06,1.25676e+07,0,0,0,2.35796e+08,56.2643,61.308,1.30718,0,1,2.31941,2.01701,0,1.79167,2.96352,8.67071e+06,3.61194e+06,2.01109e+07,0,0,0,6.40623e+07
68.241,85.139,1.35291,0.2,0.02,3.23426,3.53666,0,0.564488,5.32224,4.17222e+06,2.70226e+06,1.3494e+07,0,0,0,2.35796e+08,55.3409,61.308,1.61598,0,1,2.49349,2.19109,0,1.79197,2.96352,8.67071e+06,3.61194e+06,2.16203e+07,0,0,0,6.40623e+07
66.3675,85.139,1.2814,0.19,0.02,3.29444,3.53735,0,0.606101,5.32224,4.17222e+06,2.70226e+06,1.37451e+07,0,0,0,2.35796e+08,54.4779,61.308,1.14885,0,1,2.43442,2.19151,0,1.92647,2.96352,8.67071e+06,3.61194e+06,2.11081e+07,0,0,0,6.40623e+07
64.5917,85.139,1.37518,0.2,0.02,3.29556,3.53804,0,0.617379,5.32224,4.17222e+06,2.70226e+06,1.37498e+07,0,0,0,2.35796e+08,53.3543,61.308,1.41525,0,1,2.43442,2.19194,0,1.88083,2.96352,8.67071e+06,3.61194e+06,2.11081e+07,0,0,0,6.40623e+07
62.6015,85.139,1.13746,0.18,0.02,3.29667,3.53872,0,0.617587,5.32224,4.17222e+06,2.70226e+06,1.37544e+07,0,0,0,2.35796e+08,52.6494,61.308,0.983729,0,1,2.43442,2.19236,0,1.88083,2.96352,8.67071e+06,3.61194e+06,2.11081e+07,0,0,0,6.40623e+07
60.8978,85.139,1.40122,0.18,0.02,3.29778,3.53941,0,0.617796,5.32224,4.17222e+06,2.70226e+06,1.37591e+07,0,0,0,2.35796e+08,51.9824,61.308,1.87872,0,1,2.43442,2.19279,0,1.88083,2.96352,8.67071e+06,3.61194e+06,2.11081e+07,0,0,0,6.40623e+07
58.8519,85.139,0.907859,0.2,0.02,3.19088,3.43208,0,0.618004,5.32224,4.17222e+06,2.70226e+06,1.3313e+07,0,0,0,2.35796e+08,51.0064,61.308,1.42195,0,1,2.32889,2.08769,0,1.88083,2.96352,8.67071e+06,3.61194e+06,2.01932e+07,0,0,0,6.40623e+07
56.7207,85.139,0.733578,0.2,0.02,3.13035,3.43275,0,0.597971,5.32224,4.17222e+06,2.70226e+06,1.30605e+07,0,0,0,2.35796e+08,49.9941,61.308,1.12896,0,1,2.39049,2.08809,0,1.7993,2.96352,8.67071e+06,3.61194e+06,2.07273e+07,0,0,0,6.40623e+07
54.7074,85.139,0.856262,0.23,0.02,3.13102,3.43342,0,0.586628,5.32224,4.17222e+06,2.70226e+06,1.30633e+07,0,0,0,2.35796e+08,49.4013,61.308,1.1548,0,1,2.3909,2.0885,0,1.8469,2.96352,8.67071e+06,3.61194e+06,2.07308e+07,0,0,0,6.40623e+07
54.1376,85.139,2.42617,0.24,0.02,3.13168,3.43408,0,0.586752,5.32224,4.17222e+06,2.70226e+06,1.30661e+07,0,0,0,2.35796e+08,49.2752,61.308,2.12687,0,1,2.3913,2.0889,0,1.84721,2.96352,8.67071e+06,3.61194e+06,2.07343e+07,0,0,0,6.40623e+07
52.6487,85.139,1.41391,0.23,0.02,3.04362,3.34602,0,0.586877,5.32224,4.17222e+06,2.70226e+06,1.26986e+07,0,0,0,2.35796e+08,48.8876,61.308,1.67847,0,1,2.29558,1.99318,0,1.84752,2.96352,8.67071e+06,3.61194e+06,1.99043e+07,0,0,0,6.40623e+07
51.0672,85.139,1.35311,0.23,0.02,3.04427,3.34667,0,0.570375,5.32224,4.17222e+06,2.70226e+06,1.27013e+07,0,0,0,2.35796e+08,48.5654,61.308,1.74659,0,1,2.29597,1.99357,0,1.77357,2.96352,8.67071e+06,3.61194e+06,1.99077e+07,0,0,0,6.40623e+07
50.675,85.139,2.59544,0.29,0.02,3.04492,3.34732,0,0.570496,5.32224,4.17222e+06,2.70226e+06,1.27041e+07,0,0,0,2.35796e+08,48.5114,61.308,2.27333,0,1,2.29635,1.99395,0,1.77386,2.96352,8.67071e+06,3.61194e+06,1.9911e+07,0,0,0,6.40623e+07
51.5349,85.139,3.85782,0.33,0.02,3.04557,3.34797,0,0.570618,5.32224,4.17222e+06,2.70226e+06,1.27068e+07,0,0,0,2.35796e+08,49.1738,61.308,4.22597,0,1,2.29674,1.99434,0,1.77416,2.96352,8.67071e+06,3.61194e+06,1.99144e+07,0,0,0,6.40623e+07
51.1642,85.139,2.42848,0.26,0.02,2.79403,3.09643,0,0.570739,5.32224,4.17222e+06,2.70226e+06,1.16573e+07,0,0,0,2.35796e+08,49.3342,61.308,3.21494,0,1,2.09676,1.79436,0,1.77446,2.96352,8.67071e+06,3.61194e+06,1.81804e+07,0,0,0,6.40623e+07
51.2948,85.139,2.93007,0.26,0.02,2.79463,3.09703,0,0.523601,5.32224,4.17222e+06,2.70226e+06,1.16598e+07,0,0,0,2.35796e+08,49.1429,61.308,2.65172,0,1,2.09711,1.79471,0,1.61996,2.96352,8.67071e+06,3.61194e+06,1.81834e+07,0,0,0,6.40623e+07
53.2964,85.139,4.90152,0.28,0.02,2.79523,3.09763,0,0.523713,5.32224,4.17222e+06,2.70226e+06,1.16623e+07,0,0,0,2.35796e+08,49.3299,61.308,3.99975,0,1,2.09746,1.79506,0,1.62023,2.96352,8.67071e+06,3.61194e+06,1.81865e+07,0,0,0,6.40623e+07
54.9417,85.139,4.55309,0.32,0.02,2.79583,3.09823,0,0.523826,5.32224,4.17222e+06,2.70226e+06,1.16648e+07,0,0,0,2.35796e+08,49.2942,61.308,2.95603,0,1,2.09781,1.79541,0,1.6205,2.96352,8.67071e+06,3.61194e+06,1.81895e+07,0,0,0,6.40623e+07
58.4148,85.139,6.47712,0.36,0.02,2.79643,3.09883,0,0.523938,5.32224,4.17222e+06,2.70226e+06,1.16673e+07,0,0,0,2.35796e+08,49.813,61.308,5.35951,0,1,2.09816,1.79576,0,1.62077,2.96352,8.67071e+06,3.61194e+06,1.81925e+07,0,0,0,6.40623e+07
65.6419,85.139,10.5528,0.34,0.02,2.89411,3.19651,0,0.524051,5.32224,4.17222e+06,2.70226e+06,1.20748e+07,0,0,0,2.35796e+08,50.7337,61.308,5.78175,0,1,2.15657,1.85417,0,1.62103,2.96352,8.67071e+06,3.61194e+06,1.8699e+07,0,0,0,6.40623e+07
68.5344,85.139,6.32501,0.31,0.04,2.8947,3.1971,0,0.542356,5.32224,4.17222e+06,2.70226e+06,1.20773e+07,0,0,0,2.35796e+08,50.9321,61.308,3.63893,0,1,2.15691,1.85451,0,1.66616,2.96352,8.67071e+06,3.61194e+06,1.87019e+07,0,0,0,6.40623e+07
70.4498,85.139,5.25784,0.3,0.04,2.89528,3.19768,0,0.542466,5.32224,4.17222e+06,2.70226e+06,1.20797e+07,0,0,0,2.35796e+08,51.9225,61.308,6.26847,0,1,2.15725,1.85485,0,1.66643,2.96352,8.67071e+06,3.61194e+06,1.87049e+07,0,0,0,6.40623e+07
71.7703,85.139,4.62251,0.31,0.04,2.89587,3.19827,0,0.542576,5.32224,4.17222e+06,2.70226e+06,1.20822e+07,0,0,0,2.35796e+08,52.253,61.308,4.02303,0,1,2.15759,1.85519,0,1.66669,2.96352,8.67071e+06,3.61194e+06,1.87078e+07,0,0,0,6.40623e+07
74.298,85.139,6.27826,0.33,0.04,3.20847,3.51087,0,0.542686,5.32224,4.17222e+06,2.70226e+06,1.33864e+07,0,0,0,2.35796e+08,53.0133,61.308,5.4267,0,1,2.3761,2.0737,0,1.66695,2.96352,8.67071e+06,3.61194e+06,2.06025e+07,0,0,0,6.40623e+07
78.4478,85.139,8.00598,0.27,0.04,3.20911,3.51151,0,0.601267,5.32224,4.17222e+06,2.70226e+06,1.33891e+07,0,0,0,2.35796e+08,54.0769,61.308,5.91521,0,1,2.37648,2.07408,0,1.83578,2.96352,8.67071e+06,3.61194e+06,2.06058e+07,0,0,0,6.40623e+07
81.1365,85.139,6.4885,0.28,0.04,3.20976,3.51216,0,0.601388,5.32224,4.17222e+06,2.70226e+06,1.33918e+07,0,0,0,2.35796e+08,55.0457,61.308,5.80004,0,1,2.37686,2.07446,0,1.83607,2.96352,8.67071e+06,3.61194e+06,2.06091e+07,0,0,0,6.40623e+07
83.886,85.139,6.6161,0.21,0.04,3.2104,3.5128,0,0.601508,5.32224,4.17222e+06,2.70226e+06,1.33945e+07,0,0,0,2.35796e+08,55.9944,61.308,5.30377,0,1,2.37724,2.07484,0,1.83636,2.96352,8.67071e+06,3.61194e+06,2.06124e+07,0,0,0,6.40623e+07
85.139,85.139,5.33208,0.21,0.04,2.76569,3.06809,0,0.601629,5.32224,4.17222e+06,2.70226e+06,1.15391e+07,0,0,0,2.35796e+08,56.7125,61.308,4.88355,0,1,2.08462,1.78222,0,1.83666,2.96352,8.67071e+06,3.61194e+06,1.80752e+07,0,0,0,6.40623e+07
85.139,85.139,7.32072,0.19,0.04,2.76626,3.06866,0,0.518291,5.32224,4.17222e+06,2.70226e+06,1.15414e+07,0,0,0,2.35796e+08,57.8555,61.308,6.08179,0,1,2.08495,1.78255,0,1.61058,2.96352,8.67071e+06,3.61194e+06,1.8078e+07,0,0,0,6.40623e+07
85.139,85.139,7.6131,0.21,0.04,2.76682,3.06922,0,0.518397,5.32224,4.17222e+06,2.70226e+06,1.15438e+07,0,0,0,2.35796e+08,59.3007,61.308,5.70321,0,1,2.08528,1.78288,0,1.61083,2.96352,8.67071e+06,3.61194e+06,1.80808e+07,0,0,0,6.40623e+07
85.139,85.139,7.77525,0.21,0.04,2.76739,3.06979,0,0.518502,5.32224,4.17222e+06,2.70226e+06,1.15461e+07,0,0,0,2.35796e+08,60.7075,61.308,5.8516,0,1,2.0856,1.7832,0,1.61108,2.96352,8.67071e+06,3.61194e+06,1.80837e+07,0,0,0,6.40623e+07
85.139,85.139,6.78054,0.24,0.04,2.76795,3.07035,0,0.518608,5.32224,4.17222e+06,2.70226e+06,1.15485e+07,0,0,0,2.35796e+08,61.3839,61.308,4.60621,0,1,2.08593,1.78353,0,1.61134,2.96352,8.67071e+06,3.61194e+06,1.80865e+07,0,0,0,6.40623e+07
85.139,85.139,5.52776,0.26,0.04,2.88072,3.18312,0,0.518714,5.32224,4.17222e+06,2.70226e+06,1.2019e+07,0,0,0,2.35796e+08,62.3362,61.308,4.50184,0,1,2.158,1.8556,0,1.61159,2.96352,8.67071e+06,3.61194e+06,1.87114e+07,0,0,0,6.40623e+07
85.139,85.139,5.13069,0.28,0.04,2.8813,3.1837,0,0.539846,5.32224,4.17222e+06,2.70226e+06,1.20214e+07,0,0,0,2.35796e+08,62.3362,61.308,4.82141,0,1,2.15834,1.85594,0,1.66727,2.96352,8.67071e+06,3.61194e+06,1.87144e+07,0,0,0,6.40623e+07
85.1367,85.139,3.31355,0.29,0.04,2.88189,3.18429,0,0.539956,5.32224,4.17222e+06,2.70226e+06,1.20238e+07,0,0,0,2.35796e+08,62.2826,61.308,3.14257,0,1,2.15868,1.85628,0,1.66754,2.96352,8.67071e+06,3.61194e+06,1.87173e+07,0,0,0,6.40623e+07
84.8393,85.139,2.69934,0.41,0.04,2.54626,3.18487,0,0.540065,5.32224,4.17222e+06,3.42622e+06,1.06235e+07,0,0,0,2.35796e+08,62.3362,61.308,2.62165,0,1,1.96303,1.85663,0,1.6678,2.96352,8.67071e+06,4.57961e+06,1.70209e+07,0,0,0,6.40623e+07
84.6551,85.139,2.746,0.41,0.04,2.50751,3.14155,0,0.477169,5.32224,4.17222e+06,3.42622e+06,1.04619e+07,0,0,0,2.35796e+08,62.3362,61.308,3.05772,0,1,1.93839,1.82908,0,1.51664,2.96352,8.67071e+06,4.57961e+06,1.68072e+07,0,0,0,6.40623e+07
84.4621,85.139,2.74177,0.41,0.04,2.50803,3.14213,0,0.469908,5.32224,4.17222e+06,3.42622e+06,1.0464e+07,0,0,0,2.35796e+08,62.3362,61.308,3.65658,0,1,1.93869,1.82942,0,1.4976,2.96352,8.67071e+06,4.57961e+06,1.68099e+07,0,0,0,6.40623e+07
85.139,85.139,4.28858,0.41,0.04,2.50854,3.1427,0,0.470004,5.32224,4.17222e+06,3.42622e+06,1.04662e+07,0,0,0,2.35796e+08,62.3362,61.308,4.35332,0,1,1.93899,1.82975,0,1.49783,2.96352,8.67071e+06,4.57961e+06,1.68125e+07,0,0,0,6.40623e+07
84.6999,85.139,2.73297,0.23,0.04,2.84088,3.14328,0,0.470101,5.32224,4.17222e+06,2.70226e+06,1.18528e+07,0,0,0,2.35796e+08,62.3362,61.308,3.71391,0,1,2.13249,1.83009,0,1.49807,2.96352,8.67071e+06,3.61194e+06,1.84902e+07,0,0,0,6.40623e+07
83.8147,85.139,2.38329,0.37,0.04,2.99059,3.29299,0,0.532381,5.32224,4.17222e+06,2.70226e+06,1.24774e+07,0,0,0,2.35796e+08,62.3362,61.308,3.12562,0,1,2.23179,1.92939,0,1.64756,2.96352,8.67071e+06,3.61194e+06,1.93512e+07,0,0,0,6.40623e+07
83.5832,85.139,3.00969,0.31,0.04,2.9912,3.2936,0,0.560437,5.32224,4.17222e+06,2.70226e+06,1.24799e+07,0,0,0,2.35796e+08,62.3362,61.308,3.93555,0,1,2.23214,1.92974,0,1.72428,2.96352,8.67071e+06,3.61194e+06,1.93542e+07,0,0,0,6.40623e+07
82.9639,85.139,2.60754,0.27,0.04,2.9918,3.2942,0,0.56055,5.32224,4.17222e+06,2.70226e+06,1.24824e+07,0,0,0,2.35796e+08,62.3362,61.308,3.60461,0,1,2.23249,1.93009,0,1.72455,2.96352,8.67071e+06,3.61194e+06,1.93573e+07,0,0,0,6.40623e+07
82.1044,85.139,2.3538,0.24,0.04,2.99241,3.29481,0,0.560664,5.32224,4.17222e+06,2.70226e+06,1.2485e+07,0,0,0,2.35796e+08,62.3362,61.308,3.18978,0,1,2.23285,1.93045,0,1.72482,2.96352,8.67071e+06,3.61194e+06,1.93604e+07,0,0,0,6.40623e+07
81.0927,85.139,2.16836,0.22,0.04,2.99301,3.29541,0,0.560777,5.32224,4.17222e+06,2.70226e+06,1.24875e+07,0,0,0,2.35796e+08,62.3362,61.308,3.2461,0,1,2.2332,1.9308,0,1.7251,2.96352,8.67071e+06,3.61194e+06,1.93635e+07,0,0,0,6.40623e+07
80.5669,85.139,2.60598,0.22,0.04,2.96409,3.26649,0,0.56089,5.32224,4.17222e+06,2.70226e+06,1.23668e+07,0,0,0,2.35796e+08,62.3362,61.308,3.71048,0,1,2.288,1.9856,0,1.72537,2.96352,8.67071e+06,3.61194e+06,1.98386e+07,0,0,0,6.40623e+07
80.1281,85.139,2.65834,0.19,0.04,2.96469,3.26709,0,0.555471,5.32224,4.17222e+06,2.70226e+06,1.23693e+07,0,0,0,2.35796e+08,62.3362,61.308,3.8875,0,1,2.28836,1.98596,0,1.76771,2.96352,8.67071e+06,3.61194e+06,1.98417e+07,0,0,0,6.40623e+07
79.5712,85.139,2.52235,0.19,0.04,2.96529,3.26769,0,0.555583,5.32224,4.17222e+06,2.70226e+06,1.23718e+07,0,0,0,2.35796e+08,62.3362,61.308,3.76165,0,1,2.28873,1.98633,0,1.76799,2.96352,8.67071e+06,3.61194e+06,1.98449e+07,0,0,0,6.40623e+07
78.853,85.139,2.3487,0.19,0.04,2.96589,3.26829,0,0.555696,5.32224,4.17222e+06,2.70226e+06,1.23743e+07,0,0,0,2.35796e+08,62.3362,61.308,3.48519,0,1,2.28909,1.98669,0,1.76827,2.96352,8.67071e+06,3.61194e+06,1.9848e+07,0,0,0,6.40623e+07
78.0266,85.139,2.30591,0.21,0.04,3.04278,3.34518,0,0.555808,5.32224,4.17222e+06,2.70226e+06,1.26951e+07,0,0,0,2.35796e+08,62.3362,61.308,3.29918,0,1,2.33801,2.03561,0,1.76855,2.96352,8.67071e+06,3.61194e+06,2.02722e+07,0,0,0,6.40623e+07
77.1256,85.139,2.20056,0.21,0.04,3.04339,3.34579,0,0.570217,5.32224,4.17222e+06,2.70226e+06,1.26977e+07,0,0,0,2.35796e+08,62.2457,61.308,2.88865,0,1,2.33838,2.03598,0,1.80635,2.96352,8.67071e+06,3.61194e+06,2.02754e+07,0,0,0,6.40623e+07
76.0968,85.139,2.05532,0.19,0.04,3.04401,3.34641,0,0.570332,5.32224,4.17222e+06,2.70226e+06,1.27003e+07,0,0,0,2.35796e+08,62.0885,61.308,2.7364,0,1,2.33876,2.03636,0,1.80663,2.96352,8.67071e+06,3.61194e+06,2.02787e+07,0,0,0,6.40623e+07
74.9152,85.139,1.88647,0.19,0.04,3.04462,3.34702,0,0.570447,5.32224,4.17222e+06,2.70226e+06,1.27028e+07,0,0,0,2.35796e+08,61.9226,61.308,2.57084,0,1,2.33913,2.03673,0,1.80692,2.96352,8.67071e+06,3.61194e+06,2.02819e+07,0,0,0,6.40623e+07
73.9311,85.139,2.25144,0.17,0.04,3.26881,3.57121,0,0.570562,5.32224,4.17222e+06,2.70226e+06,1.36382e+07,0,0,0,2.35796e+08,61.951,61.308,3.37083,0,1,2.51489,2.21249,0,1.80721,2.96352,8.67071e+06,3.61194e+06,2.18059e+07,0,0,0,6.40623e+07
72.5577,85.139,1.91228,0.17,0.04,3.35036,3.57186,0,0.612575,5.32224,4.17222e+06,2.70226e+06,1.39784e+07,0,0,0,2.35796e+08,62.028,61.308,3.12965,0,1,2.4344,2.21289,0,1.943,2.96352,8.67071e+06,3.61194e+06,2.1108e+07,0,0,0,6.40623e+07
71.6023,85.139,2.36898,0.18,0.04,3.35142,3.57252,0,0.627857,5.32224,4.17222e+06,2.70226e+06,1.39828e+07,0,0,0,2.35796e+08,62.14,61.308,3.4223,0,1,2.4344,2.2133,0,1.88082,2.96352,8.67071e+06,3.61194e+06,2.1108e+07,0,0,0,6.40623e+07
70.4739,85.139,2.16652,0.18,0.04,3.35248,3.57317,0,0.628056,5.32224,4.17222e+06,2.70226e+06,1.39873e+07,0,0,0,2.35796e+08,61.9813,61.308,2.7761,0,1,2.4344,2.21371,0,1.88082,2.96352,8.67071e+06,3.61194e+06,2.1108e+07,0,0,0,6.40623e+07
68.6563,85.139,1.48598,0.18,0.04,3.35354,3.57383,0,0.628255,5.32224,4.17222e+06,2.70226e+06,1.39917e+07,0,0,0,2.35796e+08,61.7132,61.308,2.45434,0,1,2.4344,2.21411,0,1.88082,2.96352,8.67071e+06,3.61194e+06,2.1108e+07,0,0,0,6.40623e+07
67.0619,85.139,1.60508,0.18,0.04,3.24554,3.46542,0,0.628454,5.32224,4.17222e+06,2.70226e+06,1.35411e+07,0,0,0,2.35796e+08,61.5342,61.308,2.55292,0,1,2.32785,2.10797,0,1.88082,2.96352,8.67071e+06,3.61194e+06,2.01841e+07,0,0,0,6.40623e+07
67.0287,85.139,3.11938,0.19,0.04,3.16366,3.46606,0,0.608214,5.32224,4.17222e+06,2.70226e+06,1.31995e+07,0,0,0,2.35796e+08,61.9942,61.308,4.60831,0,1,2.41075,2.10835,0,1.7985,2.96352,8.67071e+06,3.61194e+06,2.0903e+07,0,0,0,6.40623e+07
65.3568,85.139,1.44516,0.19,0.04,3.16429,3.46669,0,0.592869,5.32224,4.17222e+06,2.70226e+06,1.32021e+07,0,0,0,2.35796e+08,61.8532,61.308,2.43358,0,1,2.41114,2.10874,0,1.86255,2.96352,8.67071e+06,3.61194e+06,2.09063e+07,0,0,0,6.40623e+07
64.0153,85.139,1.77616,0.19,0.04,3.16493,3.46733,0,0.592988,5.32224,4.17222e+06,2.70226e+06,1.32048e+07,0,0,0,2.35796e+08,61.9239,61.308,2.7165,0,1,2.41153,2.10913,0,1.86285,2.96352,8.67071e+06,3.61194e+06,2.09097e+07,0,0,0,6.40623e+07
65.7007,85.139,4.86538,0.19,0.04,3.07598,3.37838,0,0.593107,5.32224,4.17222e+06,2.70226e+06,1.28336e+07,0,0,0,2.35796e+08,62.3362,61.308,6.15234,0,1,2.31485,2.01245,0,1.86315,2.96352,8.67071e+06,3.61194e+06,2.00714e+07,0,0,0,6.40623e+07
65.8791,85.139,3.46694,0.2,0.04,3.0766,3.379,0,0.576438,5.32224,4.17222e+06,2.70226e+06,1.28362e+07,0,0,0,2.35796e+08,62.3362,61.308,5.08084,0,1,2.31522,2.01282,0,1.78846,2.96352,8.67071e+06,3.61194e+06,2.00746e+07,0,0,0,6.40623e+07
69.4576,85.139,7.04861,0.2,0.04,3.07722,3.37962,0,0.576554,5.32224,4.17222e+06,2.70226e+06,1.28388e+07,0,0,0,2.35796e+08,62.3362,61.308,13.8257,0,1,2.31559,2.01319,0,1.78874,2.96352,8.67071e+06,3.61194e+06,2.00778e+07,0,0,0,6.40623e+07
70.5823,85.139,4.50559,0.18,0.04,3.07783,3.38023,0,0.57667,5.32224,4.17222e+06,2.70226e+06,1.28414e+07,0,0,0,2.35796e+08,62.3362,61.308,7.64137,0,1,2.31596,2.01356,0,1.78903,2.96352,8.67071e+06,3.61194e+06,2.0081e+07,0,0,0,6.40623e+07
74.8707,85.139,7.67279,0.2,0.04,2.82384,3.12624,0,0.576786,5.32224,4.17222e+06,2.70226e+06,1.17817e+07,0,0,0,2.35796e+08,62.3362,61.308,8.32389,0,1,2.11404,1.81164,0,1.78931,2.96352,8.67071e+06,3.61194e+06,1.83302e+07,0,0,0,6.40623e+07
79.952,85.139,8.5213,0.16,0.04,2.82441,3.12681,0,0.529187,5.32224,4.17222e+06,2.70226e+06,1.1784e+07,0,0,0,2.35796e+08,62.3362,61.308,7.50618,0,1,2.11437,1.81197,0,1.63331,2.96352,8.67071e+06,3.61194e+06,1.83331e+07,0,0,0,6.40623e+07
85.139,85.139,9.37403,0.14,0.04,2.82498,3.12738,0,0.529294,5.32224,4.17222e+06,2.70226e+06,1.17864e+07,0,0,0,2.35796e+08,62.3362,61.308,8.42137,0,1,2.1147,1.8123,0,1.63356,2.96352,8.67071e+06,3.61194e+06,1.8336e+07,0,0,0,6.40623e+07
85.139,85.139,7.28754,0.14,0.04,2.82555,3.12795,0,0.529402,5.32224,4.17222e+06,2.70226e+06,1.17888e+07,0,0,0,2.35796e+08,62.3362,61.308,7.20512,0,1,2.11503,1.81263,0,1.63382,2.96352,8.67071e+06,3.61194e+06,1.83388e+07,0,0,0,6.40623e+07
85.139,85.139,8.94867,0.14,0.04,2.82613,3.12853,0,0.529509,5.32224,4.17222e+06,2.70226e+06,1.17912e+07,0,0,0,2.35796e+08,62.3362,61.308,7.81709,0,1,2.11536,1.81296,0,1.63407,2.96352,8.67071e+06,3.61194e+06,1.83417e+07,0,0,0,6.40623e+07
85.139,85.139,7.7227,0.14,0.04,2.82613,3.12853,0,0.529616,5.32224,4.17222e+06,2.70226e+06,1.17912e+07,0,0,0,2.35796e+08,62.3362,61.308,6.59426,0,1,2.11536,1.81296,0,1.63433,2.96352,8.67071e+06,3.61194e+06,1.83417e+07,0,0,0,6.40623e+07
85.139,85.139,13.6973,0.14,0.04,2.92471,3.22711,0,0.529616,6.048,4.17222e+06,2.70226e+06,1.22025e+07,0,0,0,2.35796e+08,62.3362,61.308,8.73625,0,1,2.17432,1.87192,0,1.63433,2.96352,8.67071e+06,3.61194e+06,1.88529e+07,0,0,0,6.40623e+07
85.139,85.139,15.8239,0.15,0.04,2.92527,3.22767,0,0.54809,6.048,4.17222e+06,2.70226e+06,1.22048e+07,0,0,0,2.35796e+08,62.3362,61.308,14.0296,0,1,2.17464,1.87224,0,1.67988,2.96352,8.67071e+06,3.61194e+06,1.88557e+07,0,0,0,6.40623e+07
85.139,85.139,8.34029,0.15,0.04,2.92583,3.22823,0,0.548195,6.048,4.17222e+06,2.70226e+06,1.22072e+07,0,0,0,2.35796e+08,62.3362,61.308,7.67048,0,1,2.17497,1.87257,0,1.68013,2.96352,8.67071e+06,3.61194e+06,1.88585e+07,0,0,0,6.40623e+07
85.139,85.139,9.21011,0.16,0.04,2.92638,3.22878,0,0.5483,6.048,4.17222e+06,2.70226e+06,1.22095e+07,0,0,0,2.35796e+08,62.3362,61.308,5.80179,0,1,2.17529,1.87289,0,1.68038,2.96352,8.67071e+06,3.61194e+06,1.88613e+07,0,0,0,6.40623e+07
85.139,85.139,8.86823,0.18,0.04,3.24193,3.54433,0,0.548405,6.048,4.17222e+06,2.70226e+06,1.3526e+07,0,0,0,2.35796e+08,62.3362,61.308,7.66247,0,1,2.39586,2.09346,0,1.68063,2.96352,8.67071e+06,3.61194e+06,2.07738e+07,0,0,0,6.40623e+07
85.139,85.139,7.5874,0.16,0.04,3.24254,3.54494,0,0.607537,6.048,4.17222e+06,2.70226e+06,1.35286e+07,0,0,0,2.35796e+08,62.3362,61.308,6.40128,0,1,2.39623,2.09383,0,1.85104,2.96352,8.67071e+06,3.61194e+06,2.0777e+07,0,0,0,6.40623e+07
85.139,85.139,8.0954,0.18,0.04,3.24315,3.54555,0,0.607652,6.048,4.17222e+06,2.70226e+06,1.35311e+07,0,0,0,2.35796e+08,62.3362,61.308,7.75038,0,1,2.39659,2.09419,0,1.85132,2.96352,8.67071e+06,3.61194e+06,2.07801e+07,0,0,0,6.40623e+07
85.139,85.139,12.3672,0.18,0.04,3.24377,3.54617,0,0.607767,6.048,4.17222e+06,2.70226e+06,1.35337e+07,0,0,0,2.35796e+08,62.3362,61.308,11.9636,0,1,2.39695,2.09455,0,1.8516,2.96352,8.67071e+06,3.61194e+06,2.07833e+07,0,0,0,6.40623e+07
85.139,85.139,4.98965,0.2,0.04,2.7948,3.0972,0,0.607882,6.048,4.17222e+06,2.70226e+06,1.16605e+07,0,0,0,2.35796e+08,62.3362,61.308,5.06688,0,1,2.10153,1.79913,0,1.85188,2.96352,8.67071e+06,3.61194e+06,1.82218e+07,0,0,0,6.40623e+07
85.139,85.139,5.40163,0.23,0.04,2.79534,3.09774,0,0.523746,6.048,4.17222e+06,2.70226e+06,1.16628e+07,0,0,0,2.35796e+08,62.3362,61.308,5.56228,0,1,2.10184,1.79944,0,1.62364,2.96352,8.67071e+06,3.61194e+06,1.82245e+07,0,0,0,6.40623e+07
85.139,85.139,8.5318,0.24,0.04,2.79588,3.09828,0,0.523847,6.048,4.17222e+06,2.70226e+06,1.1665e+07,0,0,0,2.35796e+08,62.3362,61.308,9.82562,0,1,2.10215,1.79975,0,1.62388,2.96352,8.67071e+06,3.61194e+06,1.82272e+07,0,0,0,6.40623e+07
85.139,85.139,7.72801,0.26,0.04,2.79641,3.09881,0,0.523947,6.048,4.17222e+06,2.70226e+06,1.16672e+07,0,0,0,2.35796e+08,62.3362,61.308,7.79314,0,1,2.10246,1.80006,0,1.62412,2.96352,8.67071e+06,3.61194e+06,1.82299e+07,0,0,0,6.40623e+07
85.139,85.139,6.82254,0.29,0.04,2.79695,3.09935,0,0.524048,6.048,4.17222e+06,2.70226e+06,1.16695e+07,0,0,0,2.35796e+08,62.3362,61.308,6.26788,0,1,2.10278,1.80038,0,1.62436,2.96352,8.67071e+06,3.61194e+06,1.82326e+07,0,0,0,6.40623e+07
85.139,85.139,8.11339,0.33,0.04,2.91075,3.21315,0,0.524148,6.048,4.17222e+06,2.70226e+06,1.21443e+07,0,0,0,2.35796e+08,62.3362,61.308,7.41935,0,1,2.17551,1.87311,0,1.6246,2.96352,8.67071e+06,3.61194e+06,1.88632e+07,0,0,0,6.40623e+07
85.139,85.139,9.4656,0.34,0.04,2.9113,3.2137,0,0.545474,6.048,4.17222e+06,2.70226e+06,1.21466e+07,0,0,0,2.35796e+08,62.3362,61.308,9.73922,0,1,2.17583,1.87343,0,1.6808,2.96352,8.67071e+06,3.61194e+06,1.8866e+07,0,0,0,6.40623e+07
85.139,85.139,8.97601,0.33,0.04,2.91186,3.21426,0,0.545578,6.048,4.17222e+06,2.70226e+06,1.21489e+07,0,0,0,2.35796e+08,62.3362,61.308,10.3032,0,1,2.17616,1.87376,0,1.68105,2.96352,8.67071e+06,3.61194e+06,1.88688e+07,0,0,0,6.40623e+07
85.139,85.139,6.59696,0.29,0.04,2.91242,3.21482,0,0.545682,6.048,4.17222e+06,2.70226e+06,1.21512e+07,0,0,0,2.35796e+08,62.3362,61.308,6.2252,0,1,2.17648,1.87408,0,1.6813,2.96352,8.67071e+06,3.61194e+06,1.88717e+07,0,0,0,6.40623e+07
85.139,85.139,5.40282,0.3,0.04,2.86866,3.17106,0,0.545787,6.048,4.17222e+06,2.70226e+06,1.19686e+07,0,0,0,2.35796e+08,62.3362,61.308,4.2416,0,1,2.14866,1.84626,0,1.68155,2.96352,8.67071e+06,3.61194e+06,1.86304e+07,0,0,0,6.40623e+07
85.139,85.139,5.08591,0.3,0.04,2.8692,3.1716,0,0.537586,6.048,4.17222e+06,2.70226e+06,1.19709e+07,0,0,0,2.35796e+08,62.3362,61.308,3.6247,0,1,2.14898,1.84658,0,1.66005,2.96352,8.67071e+06,3.61194e+06,1.86332e+07,0,0,0,6.40623e+07
85.139,85.139,4.67044,0.28,0.04,2.86975,3.17215,0,0.537689,6.048,4.17222e+06,2.70226e+06,1.19732e+07,0,0,0,2.35796e+08,62.3362,61.308,3.47582,0,1,2.1493,1.8469,0,1.6603,2.96352,8.67071e+06,3.61194e+06,1.86359e+07,0,0,0,6.40623e+07
85.139,85.139,4.30688,0.24,0.04,2.8703,3.1727,0,0.537792,6.048,4.17222e+06,2.70226e+06,1.19755e+07,0,0,0,2.35796e+08,62.3362,61.308,3.33332,0,1,2.14962,1.84722,0,1.66055,2.96352,8.67071e+06,3.61194e+06,1.86387e+07,0,0,0,6.40623e+07
85.139,85.139,4.45179,0.23,0.04,3.02138,3.32378,0,0.537894,6.048,4.17222e+06,2.70226e+06,1.26058e+07,0,0,0,2.35796e+08,62.3362,61.308,3.31259,0,1,2.24982,1.94742,0,1.66079,2.96352,8.67071e+06,3.61194e+06,1.95076e+07,0,0,0,6.40623e+07
85.139,85.139,4.23165,0.2,0.04,3.02195,3.32435,0,0.566207,6.048,4.17222e+06,2.70226e+06,1.26082e+07,0,0,0,2.35796e+08,62.3362,61.308,3.14743,0,1,2.25016,1.94776,0,1.73821,2.96352,8.67071e+06,3.61194e+06,1.95105e+07,0,0,0,6.40623e+07
85.139,85.139,3.93001,0.2,0.04,3.02253,3.32493,0,0.566314,6.048,4.17222e+06,2.70226e+06,1.26106e+07,0,0,0,2.35796e+08,62.3362,61.308,2.84109,0,1,2.2505,1.9481,0,1.73847,2.96352,8.67071e+06,3.61194e+06,1.95134e+07,0,0,0,6.40623e+07
85.139,85.139,3.69367,0.18,0.04,3.0231,3.3255,0,0.566422,6.048,4.17222e+06,2.70226e+06,1.2613e+07,0,0,0,2.35796e+08,62.3362,61.308,3.06215,0,1,2.25083,1.94843,0,1.73873,2.96352,8.67071e+06,3.61194e+06,1.95163e+07,0,0,0,6.40623e+07
85.139,85.139,3.38189,0.17,0.04,3.02368,3.32608,0,0.56653,6.048,4.17222e+06,2.70226e+06,1.26154e+07,0,0,0,2.35796e+08,62.3362,61.308,3.02638,0,1,2.25117,1.94877,0,1.73899,2.96352,8.67071e+06,3.61194e+06,1.95193e+07,0,0,0,6.40623e+07
84.9301,85.139,3.03819,0.18,0.04,2.99446,3.29686,0,0.566637,6.048,4.17222e+06,2.70226e+06,1.24935e+07,0,0,0,2.35796e+08,62.3362,61.308,2.7625,0,1,2.30646,2.00406,0,1.73925,2.96352,8.67071e+06,3.61194e+06,1.99986e+07,0,0,0,6.40623e+07
84.4936,85.139,2.77458,0.2,0.04,2.99503,3.29743,0,0.561162,6.048,4.17222e+06,2.70226e+06,1.24959e+07,0,0,0,2.35796e+08,62.3081,61.308,2.64251,0,1,2.3068,2.0044,0,1.78197,2.96352,8.67071e+06,3.61194e+06,2.00016e+07,0,0,0,6.40623e+07
83.9386,85.139,2.60895,0.2,0.04,2.9956,3.298,0,0.561269,6.048,4.17222e+06,2.70226e+06,1.24983e+07,0,0,0,2.35796e+08,62.1668,61.308,2.55316,0,1,2.30715,2.00475,0,1.78224,2.96352,8.67071e+06,3.61194e+06,2.00046e+07,0,0,0,6.40623e+07
83.1514,85.139,2.36952,0.2,0.04,2.99617,3.29857,0,0.561375,6.048,4.17222e+06,2.70226e+06,1.25007e+07,0,0,0,2.35796e+08,61.9709,61.308,2.43263,0,1,2.3075,2.0051,0,1.7825,2.96352,8.67071e+06,3.61194e+06,2.00076e+07,0,0,0,6.40623e+07
82.3067,85.139,2.37268,0.18,0.04,3.07374,3.37614,0,0.561482,6.048,4.17222e+06,2.70226e+06,1.28243e+07,0,0,0,2.35796e+08,61.7193,61.308,2.15393,0,1,2.35685,2.05445,0,1.78277,2.96352,8.67071e+06,3.61194e+06,2.04355e+07,0,0,0,6.40623e+07
81.2779,85.139,2.17442,0.17,0.04,3.07432,3.37672,0,0.576018,6.048,4.17222e+06,2.70226e+06,1.28267e+07,0,0,0,2.35796e+08,61.4256,61.308,2.08417,0,1,2.3572,2.0548,0,1.8209,2.96352,8.67071e+06,3.61194e+06,2.04386e+07,0,0,0,6.40623e+07
80.0634,85.139,1.97404,0.16,0.04,3.0749,3.3773,0,0.576127,6.048,4.17222e+06,2.70226e+06,1.28292e+07,0,0,0,2.35796e+08,61.0998,61.308,1.90994,0,1,2.35756,2.05516,0,1.82117,2.96352,8.67071e+06,3.61194e+06,2.04417e+07,0,0,0,6.40623e+07
78.6403,85.139,1.73689,0.17,0.04,3.07549,3.37789,0,0.576237,6.048,4.17222e+06,2.70226e+06,1.28316e+07,0,0,0,2.35796e+08,60.7653,61.308,1.88511,0,1,2.35791,2.05551,0,1.82145,2.96352,8.67071e+06,3.61194e+06,2.04448e+07,0,0,0,6.40623e+07
77.0042,85.139,1.73357,0.17,0.04,3.3017,3.6041,0,0.576346,6.048,4.17222e+06,2.70226e+06,1.37754e+07,0,0,0,2.35796e+08,60.5051,61.308,2.19487,0,1,2.53527,2.23287,0,1.82172,2.96352,8.67071e+06,3.61194e+06,2.19826e+07,0,0,0,6.40623e+07
75.2025,85.139,1.63603,0.17,0.04,3.4036,3.60473,0,0.618739,6.048,4.17222e+06,2.70226e+06,1.42006e+07,0,0,0,2.35796e+08,60.2084,61.308,2.16748,0,1,2.43438,2.23325,0,1.95875,2.96352,8.67071e+06,3.61194e+06,2.11078e+07,0,0,0,6.40623e+07
73.598,85.139,1.81802,0.17,0.04,3.40461,3.60535,0,0.637835,6.048,4.17222e+06,2.70226e+06,1.42048e+07,0,0,0,2.35796e+08,59.9289,61.308,2.22655,0,1,2.43438,2.23364,0,1.8808,2.96352,8.67071e+06,3.61194e+06,2.11078e+07,0,0,0,6.40623e+07
73.0108,85.139,2.91659,0.18,0.04,3.40562,3.60597,0,0.638024,6.048,4.17222e+06,2.70226e+06,1.4209e+07,0,0,0,2.35796e+08,59.8066,61.308,2.71439,0,1,2.43438,2.23403,0,1.8808,2.96352,8.67071e+06,3.61194e+06,2.11078e+07,0,0,0,6.40623e+07
72.8661,85.139,3.3521,0.18,0.04,3.40663,3.6066,0,0.638213,6.048,4.17222e+06,2.70226e+06,1.42132e+07,0,0,0,2.35796e+08,59.8131,61.308,2.75553,0,1,2.43438,2.23441,0,1.8808,2.96352,8.67071e+06,3.61194e+06,2.11078e+07,0,0,0,6.40623e+07
71.7783,85.139,2.35047,0.19,0.04,3.29758,3.49716,0,0.638402,6.048,4.17222e+06,2.70226e+06,1.37582e+07,0,0,0,2.35796e+08,59.6264,61.308,2.56303,0,1,2.32685,2.12727,0,1.8808,2.96352,8.67071e+06,3.61194e+06,2.01755e+07,0,0,0,6.40623e+07
70.724,85.139,2.35131,0.19,0.04,3.19536,3.49776,0,0.617966,6.048,4.17222e+06,2.70226e+06,1.33317e+07,0,0,0,2.35796e+08,59.4606,61.308,2.56197,0,1,2.43004,2.12764,0,1.79773,2.96352,8.67071e+06,3.61194e+06,2.10702e+07,0,0,0,6.40623e+07
69.268,85.139,1.83996,0.19,0.04,3.19597,3.49837,0,0.598811,6.048,4.17222e+06,2.70226e+06,1.33343e+07,0,0,0,2.35796e+08,59.2364,61.308,2.53221,0,1,2.43041,2.12801,0,1.87745,2.96352,8.67071e+06,3.61194e+06,2.10734e+07,0,0,0,6.40623e+07
67.8234,85.139,1.82984,0.19,0.04,3.19657,3.49897,0,0.598924,6.048,4.17222e+06,2.70226e+06,1.33368e+07,0,0,0,2.35796e+08,59.0631,61.308,2.50591,0,1,2.43077,2.12837,0,1.87773,2.96352,8.67071e+06,3.61194e+06,2.10765e+07,0,0,0,6.40623e+07
66.4072,85.139,1.69959,0.21,0.04,3.10677,3.40917,0,0.599037,6.048,4.17222e+06,2.70226e+06,1.29621e+07,0,0,0,2.35796e+08,58.7726,61.308,2.24903,0,1,2.3332,2.0308,0,1.87802,2.96352,8.67071e+06,3.61194e+06,2.02305e+07,0,0,0,6.40623e+07
65.4072,85.139,2.2294,0.23,0.04,3.10736,3.40976,0,0.582209,6.048,4.17222e+06,2.70226e+06,1.29646e+07,0,0,0,2.35796e+08,58.3635,61.308,1.8996,0,1,2.33355,2.03115,0,1.80263,2.96352,8.67071e+06,3.61194e+06,2.02335e+07,0,0,0,6.40623e+07
64.0997,85.139,1.89102,0.22,0.04,3.10795,3.41035,0,0.58232,6.048,4.17222e+06,2.70226e+06,1.2967e+07,0,0,0,2.35796e+08,58.0157,61.308,2.27743,0,1,2.3339,2.0315,0,1.8029,2.96352,8.67071e+06,3.61194e+06,2.02366e+07,0,0,0,6.40623e+07
66.5586,85.139,5.85819,0.23,0.04,3.10854,3.41094,0,0.58243,6.048,4.17222e+06,2.70226e+06,1.29695e+07,0,0,0,2.35796e+08,58.8921,61.308,7.28463,0,1,2.33425,2.03185,0,1.80317,2.96352,8.67071e+06,3.61194e+06,2.02396e+07,0,0,0,6.40623e+07
67.0456,85.139,3.6358,0.26,0.04,2.8522,3.1546,0,0.58254,6.048,4.17222e+06,2.70226e+06,1.19e+07,0,0,0,2.35796e+08,59.5951,61.308,5.06259,0,1,2.13047,1.82807,0,1.80344,2.96352,8.67071e+06,3.61194e+06,1.84727e+07,0,0,0,6.40623e+07
67.0327,85.139,3.22669,0.26,0.04,2.85275,3.15515,0,0.534503,6.048,4.17222e+06,2.70226e+06,1.19023e+07,0,0,0,2.35796e+08,60.1577,61.308,4.59709,0,1,2.13079,1.82839,0,1.646,2.96352,8.67071e+06,3.61194e+06,1.84755e+07,0,0,0,6.40623e+07
67.1718,85.139,3.33092,0.27,0.04,2.85329,3.15569,0,0.534605,6.048,4.17222e+06,2.70226e+06,1.19045e+07,0,0,0,2.35796e+08,60.7772,61.308,4.89599,0,1,2.13111,1.82871,0,1.64625,2.96352,8.67071e+06,3.61194e+06,1.84782e+07,0,0,0,6.40623e+07
68.3965,85.139,4.73814,0.29,0.04,2.85384,3.15624,0,0.534707,6.048,4.17222e+06,2.70226e+06,1.19068e+07,0,0,0,2.35796e+08,62.3362,61.308,7.75748,0,1,2.13142,1.82902,0,1.64649,2.96352,8.67071e+06,3.61194e+06,1.84809e+07,0,0,0,6.40623e+07
71.5251,85.139,6.5456,0.28,0.04,2.85438,3.15678,0,0.534809,6.048,4.17222e+06,2.70226e+06,1.19091e+07,0,0,0,2.35796e+08,62.3362,61.308,9.19693,0,1,2.13174,1.82934,0,1.64674,2.96352,8.67071e+06,3.61194e+06,1.84837e+07,0,0,0,6.40623e+07
77.6939,85.139,9.79225,0.3,0.02,2.95382,3.25622,0,0.534911,6.048,4.17222e+06,2.70226e+06,1.2324e+07,0,0,0,2.35796e+08,62.3362,61.308,9.50711,0,1,2.1912,1.8888,0,1.64698,3.38688,8.67071e+06,3.61194e+06,1.89993e+07,0,0,0,6.40623e+07
82.6182,85.139,8.63332,0.27,0.02,2.95435,3.25675,0,0.553545,6.048,4.17222e+06,2.70226e+06,1.23262e+07,0,0,0,2.35796e+08,62.3362,61.308,8.54184,0,1,2.19151,1.88911,0,1.69292,3.38688,8.67071e+06,3.61194e+06,1.90019e+07,0,0,0,6.40623e+07
85.139,85.139,14.5128,0.24,0.02,2.95488,3.25728,0,0.553645,6.048,4.17222e+06,2.70226e+06,1.23284e+07,0,0,0,2.35796e+08,62.3362,61.308,10.1649,0,1,2.19182,1.88942,0,1.69316,3.38688,8.67071e+06,3.61194e+06,1.90046e+07,0,0,0,6.40623e+07
85.139,85.139,13.8682,0.17,0.02,2.95541,3.25781,0,0.553744,6.048,4.17222e+06,2.70226e+06,1.23306e+07,0,0,0,2.35796e+08,62.3362,61.308,11.6861,0,1,2.19212,1.88972,0,1.6934,3.38688,8.67071e+06,3.61194e+06,1.90073e+07,0,0,0,6.40623e+07
85.139,85.139,7.35623,0.19,0.02,3.27375,3.57615,0,0.553843,6.048,4.17222e+06,2.70226e+06,1.36588e+07,0,0,0,2.35796e+08,62.3362,61.308,6.55146,0,1,2.41466,2.11226,0,1.69364,3.38688,8.67071e+06,3.61194e+06,2.09368e+07,0,0,0,6.40623e+07
85.139,85.139,7.28467,0.2,0.02,3.27433,3.57673,0,0.6135,6.048,4.17222e+06,2.70226e+06,1.36612e+07,0,0,0,2.35796e+08,62.3362,61.308,6.85071,0,1,2.415,2.1126,0,1.86557,3.38688,8.67071e+06,3.61194e+06,2.09398e+07,0,0,0,6.40623e+07
85.139,85.139,9.99177,0.2,0.02,3.27491,3.57731,0,0.613609,6.048,4.17222e+06,2.70226e+06,1.36636e+07,0,0,0,2.35796e+08,62.3362,61.308,11.1647,0,1,2.41535,2.11295,0,1.86583,3.38688,8.67071e+06,3.61194e+06,2.09428e+07,0,0,0,6.40623e+07
85.139,85.139,8.0644,0.21,0.02,3.27549,3.57789,0,0.613718,6.048,4.17222e+06,2.70226e+06,1.36661e+07,0,0,0,2.35796e+08,62.3362,61.308,8.71082,0,1,2.41569,2.11329,0,1.8661,3.38688,8.67071e+06,3.61194e+06,2.09458e+07,0,0,0,6.40623e+07
85.139,85.139,5.84596,0.23,0.02,2.82248,3.12488,0,0.613827,6.048,4.17222e+06,2.70226e+06,1.1776e+07,0,0,0,2.35796e+08,62.3362,61.308,4.56876,0,1,2.11761,1.81521,0,1.86636,3.38688,8.67071e+06,3.61194e+06,1.83612e+07,0,0,0,6.40623e+07
85.139,85.139,7.45685,0.24,0.02,2.82299,3.12539,0,0.528933,6.048,4.17222e+06,2.70226e+06,1.17781e+07,0,0,0,2.35796e+08,62.3362,61.308,5.72989,0,1,2.1179,1.8155,0,1.63606,3.38688,8.67071e+06,3.61194e+06,1.83637e+07,0,0,0,6.40623e+07
85.139,85.139,9.46121,0.26,0.02,2.8235,3.1259,0,0.529028,6.048,4.17222e+06,2.70226e+06,1.17802e+07,0,0,0,2.35796e+08,62.3362,61.308,9.31215,0,1,2.1182,1.8158,0,1.63629,3.38688,8.67071e+06,3.61194e+06,1.83663e+07,0,0,0,6.40623e+07
85.139,85.139,6.41968,0.3,0.02,2.82401,3.12641,0,0.529123,6.048,4.17222e+06,2.70226e+06,1.17824e+07,0,0,0,2.35796e+08,62.3362,61.308,5.03548,0,1,2.11849,1.81609,0,1.63652,3.38688,8.67071e+06,3.61194e+06,1.83689e+07,0,0,0,6.40623e+07
85.139,85.139,6.69944,0.33,0.02,2.82451,3.12691,0,0.529219,6.048,4.17222e+06,2.70226e+06,1.17845e+07,0,0,0,2.35796e+08,62.3362,61.308,6.9114,0,1,2.11879,1.81639,0,1.63675,3.38688,8.67071e+06,3.61194e+06,1.83714e+07,0,0,0,6.40623e+07
85.139,85.139,7.63463,0.36,0.02,2.93929,3.24169,0,0.529314,6.048,4.17222e+06,2.70226e+06,1.22634e+07,0,0,0,2.35796e+08,62.3362,61.308,5.86214,0,1,2.19215,1.88975,0,1.63698,3.38688,8.67071e+06,3.61194e+06,1.90075e+07,0,0,0,6.40623e+07
85.139,85.139,9.50778,0.38,0.02,2.93982,3.24222,0,0.550823,6.048,4.17222e+06,2.70226e+06,1.22656e+07,0,0,0,2.35796e+08,62.3362,61.308,10.2381,0,1,2.19246,1.89006,0,1.69365,3.38688,8.67071e+06,3.61194e+06,1.90102e+07,0,0,0,6.40623e+07
85.139,85.139,6.96259,0.38,0.02,2.94035,3.24275,0,0.550922,6.048,4.17222e+06,2.70226e+06,1.22678e+07,0,0,0,2.35796e+08,62.3362,61.308,6.22247,0,1,2.19276,1.89036,0,1.69389,3.38688,8.67071e+06,3.61194e+06,1.90128e+07,0,0,0,6.40623e+07
85.139,85.139,5.96984,0.35,0.02,2.94087,3.24327,0,0.551021,6.048,4.17222e+06,2.70226e+06,1.227e+07,0,0,0,2.35796e+08,62.3362,61.308,5.07232,0,1,2.19307,1.89067,0,1.69413,3.38688,8.67071e+06,3.61194e+06,1.90155e+07,0,0,0,6.40623e+07
85.139,85.139,4.54421,0.31,0.02,2.89669,3.19909,0,0.55112,6.048,4.17222e+06,2.70226e+06,1.20856e+07,0,0,0,2.35796e+08,62.3362,61.308,3.78292,0,1,2.16498,1.86258,0,1.69437,3.38688,8.67071e+06,3.61194e+06,1.87719e+07,0,0,0,6.40623e+07
85.139,85.139,4.00736,0.32,0.02,2.89721,3.19961,0,0.54284,6.048,4.17222e+06,2.70226e+06,1.20878e+07,0,0,0,2.35796e+08,62.3362,61.308,3.41265,0,1,2.16529,1.86289,0,1.67267,3.38688,8.67071e+06,3.61194e+06,1.87746e+07,0,0,0,6.40623e+07
85.139,85.139,3.60397,0.3,0.02,2.89773,3.20013,0,0.542938,6.048,4.17222e+06,2.70226e+06,1.209e+07,0,0,0,2.35796e+08,62.3362,61.308,3.04712,0,1,2.16559,1.86319,0,1.6729,3.38688,8.67071e+06,3.61194e+06,1.87772e+07,0,0,0,6.40623e+07
85.139,85.139,3.32065,0.27,0.02,2.89825,3.20065,0,0.543035,6.048,4.17222e+06,2.70226e+06,1.20921e+07,0,0,0,2.35796e+08,62.3362,61.308,2.89158,0,1,2.16589,1.86349,0,1.67313,3.38688,8.67071e+06,3.61194e+06,1.87798e+07,0,0,0,6.40623e+07
85.139,85.139,3.74147,0.25,0.02,3.05063,3.35303,0,0.543133,6.048,4.17222e+06,2.70226e+06,1.27279e+07,0,0,0,2.35796e+08,62.3362,61.308,2.97368,0,1,2.26696,1.96456,0,1.67337,3.38688,8.67071e+06,3.61194e+06,1.96562e+07,0,0,0,6.40623e+07
85.139,85.139,3.94985,0.24,0.02,3.05117,3.35357,0,0.571688,6.048,4.17222e+06,2.70226e+06,1.27302e+07,0,0,0,2.35796e+08,62.3362,61.308,3.53824,0,1,2.26728,1.96488,0,1.75145,3.38688,8.67071e+06,3.61194e+06,1.96589e+07,0,0,0,6.40623e+07
85.139,85.139,3.60021,0.2,0.02,3.05172,3.35412,0,0.57179,6.048,4.17222e+06,2.70226e+06,1.27324e+07,0,0,0,2.35796e+08,62.3362,61.308,3.07656,0,1,2.2676,1.9652,0,1.7517,3.38688,8.67071e+06,3.61194e+06,1.96617e+07,0,0,0,6.40623e+07
85.139,85.139,3.30882,0.22,0.02,3.05226,3.35466,0,0.571892,6.048,4.17222e+06,2.70226e+06,1.27347e+07,0,0,0,2.35796e+08,62.332,61.308,2.55548,0,1,2.26792,1.96552,0,1.75195,3.38688,8.67071e+06,3.61194e+06,1.96645e+07,0,0,0,6.40623e+07
84.9892,85.139,3.09556,0.19,0.02,3.05281,3.35521,0,0.571994,6.048,4.17222e+06,2.70226e+06,1.2737e+07,0,0,0,2.35796e+08,62.3362,61.308,2.38162,0,1,2.26824,1.96584,0,1.75219,3.38688,8.67071e+06,3.61194e+06,1.96672e+07,0,0,0,6.40623e+07
84.5719,85.139,2.77393,0.23,0.02,3.0233,3.3257,0,0.572096,6.048,4.17222e+06,2.70226e+06,1.26139e+07,0,0,0,2.35796e+08,62.3114,61.308,2.4397,0,1,2.32399,2.02159,0,1.75244,3.38688,8.67071e+06,3.61194e+06,2.01506e+07,0,0,0,6.40623e+07
83.9104,85.139,2.52488,0.21,0.02,3.02384,3.32624,0,0.566566,6.048,4.17222e+06,2.70226e+06,1.26161e+07,0,0,0,2.35796e+08,62.1906,61.308,2.32429,0,1,2.32431,2.02191,0,1.79551,3.38688,8.67071e+06,3.61194e+06,2.01535e+07,0,0,0,6.40623e+07
83.0451,85.139,2.29426,0.21,0.02,3.02438,3.32678,0,0.566667,6.048,4.17222e+06,2.70226e+06,1.26184e+07,0,0,0,2.35796e+08,62.1419,61.308,2.14599,0,1,2.32464,2.02224,0,1.79577,3.38688,8.67071e+06,3.61194e+06,2.01563e+07,0,0,0,6.40623e+07
82.1038,85.139,2.17168,0.21,0.02,3.02492,3.32732,0,0.566769,6.048,4.17222e+06,2.70226e+06,1.26206e+07,0,0,0,2.35796e+08,61.7629,61.308,2.09828,0,1,2.32497,2.02257,0,1.79602,3.38688,8.67071e+06,3.61194e+06,2.01592e+07,0,0,0,6.40623e+07
81.0221,85.139,2.09933,0.19,0.02,3.10313,3.40553,0,0.56687,6.048,4.17222e+06,2.70226e+06,1.29469e+07,0,0,0,2.35796e+08,61.4546,61.308,1.86108,0,1,2.37473,2.07233,0,1.79627,3.38688,8.67071e+06,3.61194e+06,2.05906e+07,0,0,0,6.40623e+07
79.8438,85.139,1.98188,0.19,0.02,3.10368,3.40608,0,0.581526,6.048,4.17222e+06,2.70226e+06,1.29492e+07,0,0,0,2.35796e+08,60.9953,61.308,1.85935,0,1,2.37507,2.07267,0,1.83472,3.38688,8.67071e+06,3.61194e+06,2.05935e+07,0,0,0,6.40623e+07
78.5508,85.139,1.85442,0.17,0.02,3.10423,3.40663,0,0.58163,6.048,4.17222e+06,2.70226e+06,1.29515e+07,0,0,0,2.35796e+08,60.5413,61.308,1.70845,0,1,2.3754,2.073,0,1.83498,3.38688,8.67071e+06,3.61194e+06,2.05964e+07,0,0,0,6.40623e+07
77.2428,85.139,1.82354,0.2,0.02,3.10479,3.40719,0,0.581733,6.048,4.17222e+06,2.70226e+06,1.29538e+07,0,0,0,2.35796e+08,60.0823,61.308,1.83446,0,1,2.37574,2.07334,0,1.83524,3.38688,8.67071e+06,3.61194e+06,2.05994e+07,0,0,0,6.40623e+07
75.5419,85.139,1.62169,0.18,0.02,3.33293,3.63533,0,0.581837,6.048,4.17222e+06,2.70226e+06,1.39057e+07,0,0,0,2.35796e+08,59.5562,61.308,1.76731,0,1,2.55461,2.25221,0,1.8355,3.38688,8.67071e+06,3.61194e+06,2.21503e+07,0,0,0,6.40623e+07
73.5641,85.139,1.34777,0.18,0.02,3.33352,3.63592,0,0.624591,6.048,4.17222e+06,2.70226e+06,1.39082e+07,0,0,0,2.35796e+08,59.1096,61.308,1.63085,0,1,2.55498,2.25258,0,1.97369,3.38688,8.67071e+06,3.61194e+06,2.21535e+07,0,0,0,6.40623e+07
71.9061,85.139,1.64923,0.18,0.02,3.33411,3.63651,0,0.624701,6.048,4.17222e+06,2.70226e+06,1.39106e+07,0,0,0,2.35796e+08,58.6195,61.308,1.78415,0,1,2.55534,2.25294,0,1.97398,3.38688,8.67071e+06,3.61194e+06,2.21567e+07,0,0,0,6.40623e+07
69.8793,85.139,1.26375,0.18,0.02,3.3347,3.6371,0,0.624812,6.048,4.17222e+06,2.70226e+06,1.39131e+07,0,0,0,2.35796e+08,57.9771,61.308,1.59977,0,1,2.55571,2.25331,0,1.97426,3.38688,8.67071e+06,3.61194e+06,2.21598e+07,0,0,0,6.40623e+07
67.8072,85.139,1.23818,0.19,0.02,3.33529,3.63769,0,0.624923,6.048,4.17222e+06,2.70226e+06,1.39155e+07,0,0,0,2.35796e+08,57.3232,61.308,1.5351,0,1,2.55608,2.25368,0,1.97454,3.38688,8.67071e+06,3.61194e+06,2.2163e+07,0,0,0,6.40623e+07
66.2866,85.139,1.74285,0.21,0.02,3.22487,3.52727,0,0.625033,6.048,4.17222e+06,2.70226e+06,1.34549e+07,0,0,0,2.35796e+08,57.3207,61.308,1.72356,0,1,2.44799,2.14559,0,1.97482,3.38688,8.67071e+06,3.61194e+06,2.12258e+07,0,0,0,6.40623e+07
64.5587,85.139,1.50493,0.21,0.02,3.22545,3.52785,0,0.604341,6.048,4.17222e+06,2.70226e+06,1.34573e+07,0,0,0,2.35796e+08,57.2875,61.308,2.71363,0,1,2.44834,2.14594,0,1.89132,3.38688,8.67071e+06,3.61194e+06,2.12288e+07,0,0,0,6.40623e+07
62.6633,85.139,1.32053,0.21,0.02,3.22602,3.52842,0,0.604449,6.048,4.17222e+06,2.70226e+06,1.34596e+07,0,0,0,2.35796e+08,56.5845,61.308,1.54154,0,1,2.44869,2.14629,0,1.89159,3.38688,8.67071e+06,3.61194e+06,2.12319e+07,0,0,0,6.40623e+07
60.7569,85.139,1.27897,0.21,0.02,3.22659,3.52899,0,0.604556,6.048,4.17222e+06,2.70226e+06,1.3462e+07,0,0,0,2.35796e+08,56.3426,61.308,1.41758,0,1,2.44904,2.14664,0,1.89186,3.38688,8.67071e+06,3.61194e+06,2.12349e+07,0,0,0,6.40623e+07
60.5228,85.139,3.14901,0.26,0.02,3.13599,3.43839,0,0.604663,6.048,4.17222e+06,2.70226e+06,1.3084e+07,0,0,0,2.35796e+08,57.0127,61.308,4.15446,0,1,2.3506,2.0482,0,1.89213,3.38688,8.67071e+06,3.61194e+06,2.03814e+07,0,0,0,6.40623e+07
61.3527,85.139,4.11899,0.26,0.02,3.13655,3.43895,0,0.587684,6.048,4.17222e+06,2.70226e+06,1.30863e+07,0,0,0,2.35796e+08,58.0335,61.308,5.20194,0,1,2.35093,2.04853,0,1.81607,3.38688,8.67071e+06,3.61194e+06,2.03843e+07,0,0,0,6.40623e+07
62.4239,85.139,4.26911,0.27,0.02,3.1371,3.4395,0,0.587789,6.048,4.17222e+06,2.70226e+06,1.30887e+07,0,0,0,2.35796e+08,59.0204,61.308,4.97638,0,1,2.35127,2.04887,0,1.81633,3.38688,8.67071e+06,3.61194e+06,2.03872e+07,0,0,0,6.40623e+07
62.4873,85.139,3.40025,0.27,0.02,3.13766,3.44006,0,0.587893,6.048,4.17222e+06,2.70226e+06,1.3091e+07,0,0,0,2.35796e+08,59.5836,61.308,3.62352,0,1,2.3516,2.0492,0,1.81659,3.38688,8.67071e+06,3.61194e+06,2.039e+07,0,0,0,6.40623e+07
65.5285,85.139,6.30647,0.26,0.02,2.8791,3.1815,0,0.587998,6.048,4.17222e+06,2.70226e+06,1.20122e+07,0,0,0,2.35796e+08,61.2022,61.308,4.40215,0,1,2.14606,1.84366,0,1.81685,3.38688,8.67071e+06,3.61194e+06,1.86079e+07,0,0,0,6.40623e+07
69.7442,85.139,7.59586,0.26,0.02,2.87962,3.18202,0,0.539544,6.048,4.17222e+06,2.70226e+06,1.20144e+07,0,0,0,2.35796e+08,62.3362,61.308,4.75024,0,1,2.14636,1.84396,0,1.65805,3.38688,8.67071e+06,3.61194e+06,1.86105e+07,0,0,0,6.40623e+07
72.3712,85.139,5.99478,0.26,0.02,2.88014,3.18254,0,0.539641,6.048,4.17222e+06,2.70226e+06,1.20165e+07,0,0,0,2.35796e+08,62.3362,61.308,5.52348,0,1,2.14666,1.84426,0,1.65828,3.38688,8.67071e+06,3.61194e+06,1.86131e+07,0,0,0,6.40623e+07
75.1213,85.139,6.11769,0.27,0.02,2.88065,3.18305,0,0.539737,6.048,4.17222e+06,2.70226e+06,1.20187e+07,0,0,0,2.35796e+08,62.3362,61.308,8.10391,0,1,2.14696,1.84456,0,1.65851,3.38688,8.67071e+06,3.61194e+06,1.86157e+07,0,0,0,6.40623e+07
78.4124,85.139,6.68805,0.24,0.02,2.88117,3.18357,0,0.539834,6.048,4.17222e+06,2.70226e+06,1.20209e+07,0,0,0,2.35796e+08,62.3362,61.308,6.48415,0,1,2.14726,1.84486,0,1.65874,3.38688,8.67071e+06,3.61194e+06,1.86183e+07,0,0,0,6.40623e+07
81.2513,85.139,6.41979,0.28,0.02,2.98142,3.28382,0,0.539931,6.048,4.17222e+06,2.70226e+06,1.24391e+07,0,0,0,2.35796e+08,62.3362,61.308,5.66331,0,0,2.20721,1.90481,0,1.65897,3.38688,8.67071e+06,3.61194e+06,1.91381e+07,0,0,0,6.40623e+07
83.5696,85.139,5.85706,0.23,0.02,2.98192,3.28432,0,0.558717,6.048,4.17222e+06,2.70226e+06,1.24412e+07,0,0,0,2.35796e+08,62.3362,61.308,5.28915,0,0,2.2075,1.9051,0,1.70529,3.38688,8.67071e+06,3.61194e+06,1.91406e+07,0,0,0,6.40623e+07
85.139,85.139,5.14256,0.25,0.02,2.98242,3.28482,0,0.558811,6.048,4.17222e+06,2.70226e+06,1.24433e+07,0,0,0,2.35796e+08,62.3362,61.308,3.93924,0,0,2.20779,1.90539,0,1.70551,3.38688,8.67071e+06,3.61194e+06,1.91431e+07,0,0,0,6.40623e+07
85.139,85.139,5.8964,0.21,0.02,2.98292,3.28532,0,0.558905,6.048,4.17222e+06,2.70226e+06,1.24454e+07,0,0,0,2.35796e+08,62.3362,61.308,4.20303,0,0,2.20808,1.90568,0,1.70574,3.38688,8.67071e+06,3.61194e+06,1.91456e+07,0,0,0,6.40623e+07
85.139,85.139,5.3359,0.21,0.02,3.30391,3.60631,0,0.558998,6.048,4.17222e+06,2.70226e+06,1.37846e+07,0,0,0,2.35796e+08,62.3362,61.308,5.26775,0,0,2.43247,2.13007,0,1.70596,3.38688,8.67071e+06,3.61194e+06,2.10913e+07,0,0,0,6.40623e+07
85.139,85.139,5.93503,0.22,0.02,3.30446,3.60686,0,0.619152,6.048,4.17222e+06,2.70226e+06,1.37869e+07,0,0,0,2.35796e+08,62.3362,61.308,6.00458,0,0,2.4328,2.1304,0,1.87933,3.38688,8.67071e+06,3.61194e+06,2.10941e+07,0,0,0,6.40623e+07
85.139,85.139,5.47387,0.21,0.02,3.305,3.6074,0,0.619255,6.048,4.17222e+06,2.70226e+06,1.37892e+07,0,0,0,2.35796e+08,62.3362,61.308,5.72757,0,0,2.43312,2.13072,0,1.87958,3.38688,8.67071e+06,3.61194e+06,2.10969e+07,0,0,0,6.40623e+07
85.139,85.139,5.47769,0.22,0.02,3.30555,3.60795,0,0.619358,6.048,4.17222e+06,2.70226e+06,1.37915e+07,0,0,0,2.35796e+08,62.3362,61.308,6.1687,0,0,2.43345,2.13105,0,1.87983,3.38688,8.67071e+06,3.61194e+06,2.10997e+07,0,0,0,6.40623e+07
85.139,85.139,7.34196,0.24,0.02,2.8487,3.1511,0,0.619461,6.048,4.17222e+06,2.70226e+06,1.18854e+07,0,0,0,2.35796e+08,62.3362,61.308,6.03044,0,0,2.13284,1.83044,0,1.88008,3.38688,8.67071e+06,3.61194e+06,1.84932e+07,0,0,0,6.40623e+07
85.139,85.139,6.64427,0.25,0.02,2.84918,3.15158,0,0.533847,6.048,4.17222e+06,2.70226e+06,1.18874e+07,0,0,0,2.35796e+08,62.3362,61.308,4.59841,0,0,2.13312,1.83072,0,1.64783,3.38688,8.67071e+06,3.61194e+06,1.84957e+07,0,0,0,6.40623e+07
85.139,85.139,6.38389,0.26,0.02,2.84966,3.15206,0,0.533937,6.048,4.17222e+06,2.70226e+06,1.18894e+07,0,0,0,2.35796e+08,62.3362,61.308,4.82251,0,0,2.1334,1.831,0,1.64805,3.38688,8.67071e+06,3.61194e+06,1.84981e+07,0,0,0,6.40623e+07
85.139,85.139,11.1208,0.3,0.02,2.85014,3.15254,0,0.534027,6.048,4.17222e+06,2.70226e+06,1.18914e+07,0,0,0,2.35796e+08,62.3362,61.308,8.6359,0,0,2.13368,1.83128,0,1.64826,3.38688,8.67071e+06,3.61194e+06,1.85005e+07,0,0,0,6.40623e+07
85.139,85.139,10.1037,0.34,0.02,2.85062,3.15302,0,0.534117,6.048,4.17222e+06,2.70226e+06,1.18934e+07,0,0,0,2.35796e+08,62.3362,61.308,7.37576,0,0,2.13395,1.83155,0,1.64848,3.38688,8.67071e+06,3.61194e+06,1.85029e+07,0,0,0,6.40623e+07
85.139,85.139,8.50721,0.38,0.02,2.96632,3.26872,0,0.534206,6.048,4.17222e+06,2.70226e+06,1.23761e+07,0,0,0,2.35796e+08,62.3362,61.308,6.19693,0,0,2.20791,1.90551,0,1.64869,3.38688,8.67071e+06,3.61194e+06,1.91441e+07,0,0,0,6.40623e+07
85.139,85.139,7.41809,0.39,0.02,2.8978,3.26922,0,0.555889,6.048,4.17222e+06,2.85518e+06,1.20902e+07,0,0,0,2.35796e+08,62.3362,61.308,5.6715,0,0,2.16796,1.9058,0,1.70583,3.38688,8.67071e+06,3.81634e+06,1.87978e+07,0,0,0,6.40623e+07
85.139,85.139,7.08027,0.4,0.02,2.62215,3.26972,0,0.543047,6.048,4.17222e+06,3.42622e+06,1.09402e+07,0,0,0,2.35796e+08,62.3362,61.308,5.62592,0,0,2.00727,1.90609,0,1.67497,3.38688,8.67071e+06,4.57961e+06,1.74045e+07,0,0,0,6.40623e+07
85.139,85.139,7.89022,0.4,0.02,2.62259,3.27022,0,0.491391,6.048,4.17222e+06,3.42622e+06,1.0942e+07,0,0,0,2.35796e+08,62.3362,61.308,5.27913,0,0,2.00753,1.90638,0,1.55082,3.38688,8.67071e+06,4.57961e+06,1.74067e+07,0,0,0,6.40623e+07
85.139,85.139,4.24159,0.36,0.02,2.92324,3.22564,0,0.491474,6.048,4.17222e+06,2.70226e+06,1.21964e+07,0,0,0,2.35796e+08,62.3362,61.308,3.13603,0,0,2.18044,1.87804,0,1.55102,3.38688,8.67071e+06,3.61194e+06,1.89059e+07,0,0,0,6.40623e+07
85.139,85.139,3.83907,0.35,0.02,2.92373,3.22613,0,0.547814,6.048,4.17222e+06,2.70226e+06,1.21984e+07,0,0,0,2.35796e+08,62.3362,61.308,2.62303,0,0,2.18072,1.87832,0,1.6846,3.38688,8.67071e+06,3.61194e+06,1.89084e+07,0,0,0,6.40623e+07
85.139,85.139,4.58131,0.33,0.02,2.92422,3.22662,0,0.547906,6.048,4.17222e+06,2.70226e+06,1.22005e+07,0,0,0,2.35796e+08,62.3362,61.308,2.65953,0,0,2.18101,1.87861,0,1.68483,3.38688,8.67071e+06,3.61194e+06,1.89109e+07,0,0,0,6.40623e+07
85.139,85.139,3.51202,0.3,0.02,2.92471,3.22711,0,0.547998,6.048,4.17222e+06,2.70226e+06,1.22025e+07,0,0,0,2.35796e+08,62.291,61.308,2.58379,0,0,2.18129,1.87889,0,1.68505,3.38688,8.67071e+06,3.61194e+06,1.89134e+07,0,0,0,6.40623e+07
85.0434,85.139,3.18659,0.27,0.02,3.07831,3.38071,0,0.54809,6.048,4.17222e+06,2.70226e+06,1.28434e+07,0,0,0,2.35796e+08,62,61.308,2.25351,0,0,2.28318,1.98078,0,1.68527,3.38688,8.67071e+06,3.61194e+06,1.97968e+07,0,0,0,6.40623e+07
84.7776,85.139,2.96364,0.38,0.02,3.07882,3.38122,0,0.576875,6.048,4.17222e+06,2.70226e+06,1.28455e+07,0,0,0,2.35796e+08,61.722,61.308,1.96093,0,0,2.28348,1.98108,0,1.76398,3.38688,8.67071e+06,3.61194e+06,1.97994e+07,0,0,0,6.40623e+07
84.3971,85.139,2.83614,0.32,0.02,3.07933,3.38173,0,0.576971,6.048,4.17222e+06,2.70226e+06,1.28476e+07,0,0,0,2.35796e+08,61.4808,61.308,1.94238,0,0,2.28378,1.98138,0,1.76422,3.38688,8.67071e+06,3.61194e+06,1.9802e+07,0,0,0,6.40623e+07
83.8985,85.139,2.70963,0.32,0.02,3.07985,3.38225,0,0.577067,6.048,4.17222e+06,2.70226e+06,1.28498e+07,0,0,0,2.35796e+08,61.2427,61.308,2.05854,0,0,2.28408,1.98168,0,1.76445,3.38688,8.67071e+06,3.61194e+06,1.98046e+07,0,0,0,6.40623e+07
83.467,85.139,2.80726,0.26,0.02,3.08036,3.38276,0,0.577164,6.048,4.17222e+06,2.70226e+06,1.28519e+07,0,0,0,2.35796e+08,61.0482,61.308,2.37348,0,0,2.28438,1.98198,0,1.76468,3.38688,8.67071e+06,3.61194e+06,1.98072e+07,0,0,0,6.40623e+07
83.5117,85.139,3.27471,0.23,0.02,3.05058,3.35298,0,0.57726,6.048,4.17222e+06,2.70226e+06,1.27277e+07,0,0,0,2.35796e+08,61.0031,61.308,3.21901,0,0,2.34057,2.03817,0,1.76491,3.38688,8.67071e+06,3.61194e+06,2.02944e+07,0,0,0,6.40623e+07
83.2791,85.139,2.99412,0.22,0.02,3.05109,3.35349,0,0.571678,6.048,4.17222e+06,2.70226e+06,1.27298e+07,0,0,0,2.35796e+08,60.9451,61.308,3.24206,0,0,2.34088,2.03848,0,1.80832,3.38688,8.67071e+06,3.61194e+06,2.02971e+07,0,0,0,6.40623e+07
82.769,85.139,2.70289,0.21,0.02,3.0516,3.354,0,0.571774,6.048,4.17222e+06,2.70226e+06,1.27319e+07,0,0,0,2.35796e+08,60.8297,61.308,2.87827,0,0,2.34119,2.03879,0,1.80856,3.38688,8.67071e+06,3.61194e+06,2.02998e+07,0,0,0,6.40623e+07
82.1739,85.139,2.57589,0.21,0.02,3.05211,3.35451,0,0.571869,6.048,4.17222e+06,2.70226e+06,1.2734e+07,0,0,0,2.35796e+08,60.6175,61.308,2.80916,0,0,2.3415,2.0391,0,1.8088,3.38688,8.67071e+06,3.61194e+06,2.03025e+07,0,0,0,6.40623e+07
81.6626,85.139,2.73582,0.2,0.02,3.13092,3.43332,0,0.571965,6.048,4.17222e+06,2.70226e+06,1.30629e+07,0,0,0,2.35796e+08,60.6223,61.308,2.95462,0,0,2.39164,2.08924,0,1.80904,3.38688,8.67071e+06,3.61194e+06,2.07372e+07,0,0,0,6.40623e+07
81.0224,85.139,2.58495,0.19,0.02,3.13144,3.43384,0,0.586734,6.048,4.17222e+06,2.70226e+06,1.3065e+07,0,0,0,2.35796e+08,60.5313,61.308,2.99805,0,0,2.39196,2.08956,0,1.84778,3.38688,8.67071e+06,3.61194e+06,2.074e+07,0,0,0,6.40623e+07
80.2269,85.139,2.41876,0.17,0.02,3.13196,3.43436,0,0.586832,6.048,4.17222e+06,2.70226e+06,1.30672e+07,0,0,0,2.35796e+08,60.3741,61.308,2.75007,0,0,2.39228,2.08988,0,1.84803,3.38688,8.67071e+06,3.61194e+06,2.07427e+07,0,0,0,6.40623e+07
79.4058,85.139,2.37829,0.17,0.02,3.13248,3.43488,0,0.586929,6.048,4.17222e+06,2.70226e+06,1.30694e+07,0,0,0,2.35796e+08,60.2845,61.308,2.94734,0,0,2.39259,2.09019,0,1.84827,3.38688,8.67071e+06,3.61194e+06,2.07455e+07,0,0,0,6.40623e+07
78.3409,85.139,2.3094,0.18,0.02,3.36244,3.66484,0,0.587027,6.048,4.17222e+06,2.70226e+06,1.40288e+07,0,0,0,2.35796e+08,60.2122,61.308,2.97312,0,0,2.5729,2.2705,0,1.84852,3.38688,8.67071e+06,3.61194e+06,2.23088e+07,0,0,0,6.40623e+07
76.9889,85.139,2.00855,0.18,0.02,3.363,3.6654,0,0.630121,6.048,4.17222e+06,2.70226e+06,1.40312e+07,0,0,0,2.35796e+08,60.1173,61.308,3.02505,0,0,2.57324,2.27084,0,1.98782,3.38688,8.67071e+06,3.61194e+06,2.23118e+07,0,0,0,6.40623e+07
75.4119,85.139,1.79695,0.18,0.02,3.36356,3.66596,0,0.630226,6.048,4.17222e+06,2.70226e+06,1.40335e+07,0,0,0,2.35796e+08,59.9913,61.308,2.89859,0,0,2.57359,2.27119,0,1.98809,3.38688,8.67071e+06,3.61194e+06,2.23148e+07,0,0,0,6.40623e+07
73.8833,85.139,1.81803,0.18,0.02,3.36411,3.66651,0,0.63033,6.048,4.17222e+06,2.70226e+06,1.40358e+07,0,0,0,2.35796e+08,59.9916,61.308,3.14041,0,0,2.57393,2.27153,0,1.98835,3.38688,8.67071e+06,3.61194e+06,2.23178e+07,0,0,0,6.40623e+07
72.4057,85.139,1.8706,0.18,0.02,3.36467,3.66707,0,0.630435,6.048,4.17222e+06,2.70226e+06,1.40381e+07,0,0,0,2.35796e+08,59.9596,61.308,3.46804,0,0,2.57428,2.27188,0,1.98862,3.38688,8.67071e+06,3.61194e+06,2.23208e+07,0,0,0,6.40623e+07
71.7823,85.139,2.63596,0.2,0.02,3.25332,3.55572,0,0.630539,6.048,4.17222e+06,2.70226e+06,1.35736e+07,0,0,0,2.35796e+08,59.9625,61.308,2.83929,0,0,2.4653,2.1629,0,1.98889,3.38688,8.67071e+06,3.61194e+06,2.13759e+07,0,0,0,6.40623e+07
70.5442,85.139,2.06786,0.2,0.02,3.25386,3.55626,0,0.609673,6.048,4.17222e+06,2.70226e+06,1.35758e+07,0,0,0,2.35796e+08,59.6685,61.308,2.56423,0,0,2.46563,2.16323,0,1.90469,3.38688,8.67071e+06,3.61194e+06,2.13787e+07,0,0,0,6.40623e+07
68.6817,85.139,1.37262,0.2,0.02,3.2544,3.5568,0,0.609774,6.048,4.17222e+06,2.70226e+06,1.35781e+07,0,0,0,2.35796e+08,59.2989,61.308,1.70628,0,0,2.46595,2.16355,0,1.90494,3.38688,8.67071e+06,3.61194e+06,2.13816e+07,0,0,0,6.40623e+07
68.0089,85.139,2.61425,0.19,0.02,3.25495,3.55735,0,0.609875,6.048,4.17222e+06,2.70226e+06,1.35803e+07,0,0,0,2.35796e+08,59.2029,61.308,2.55122,0,0,2.46628,2.16388,0,1.9052,3.38688,8.67071e+06,3.61194e+06,2.13844e+07,0,0,0,6.40623e+07
68.0867,85.139,3.3287,0.23,0.02,3.16358,3.46598,0,0.609977,6.048,4.17222e+06,2.70226e+06,1.31991e+07,0,0,0,2.35796e+08,59.4841,61.308,4.25499,0,0,2.36704,2.06464,0,1.90545,3.38688,8.67071e+06,3.61194e+06,2.05239e+07,0,0,0,6.40623e+07
67.9735,85.139,3.197,0.25,0.02,3.1641,3.4665,0,0.592854,6.048,4.17222e+06,2.70226e+06,1.32013e+07,0,0,0,2.35796e+08,59.6472,61.308,3.37635,0,0,2.36735,2.06495,0,1.82877,3.38688,8.67071e+06,3.61194e+06,2.05266e+07,0,0,0,6.40623e+07
69.4158,85.139,4.76831,0.26,0.02,3.16463,3.46703,0,0.592953,6.048,4.17222e+06,2.70226e+06,1.32035e+07,0,0,0,2.35796e+08,60.7295,61.308,6.26498,0,0,2.36766,2.06526,0,1.82901,3.38688,8.67071e+06,3.61194e+06,2.05293e+07,0,0,0,6.40623e+07
69.0894,85.139,2.99241,0.23,0.02,3.16516,3.46756,0,0.593052,6.048,4.17222e+06,2.70226e+06,1.32057e+07,0,0,0,2.35796e+08,61.1681,61.308,4.80863,0,0,2.36798,2.06558,0,1.82926,3.38688,8.67071e+06,3.61194e+06,2.05321e+07,0,0,0,6.40623e+07
71.6291,85.139,5.88654,0.24,0.02,2.9045,3.2069,0,0.593151,6.048,4.17222e+06,2.70226e+06,1.21182e+07,0,0,0,2.35796e+08,61.9377,61.308,5.26572,0,0,2.16078,1.85838,0,1.8295,3.38688,8.67071e+06,3.61194e+06,1.87355e+07,0,0,0,6.40623e+07
72.9486,85.139,4.66523,0.26,0.02,2.90499,3.20739,0,0.544303,6.048,4.17222e+06,2.70226e+06,1.21202e+07,0,0,0,2.35796e+08,62.3362,61.308,5.60661,0,0,2.16106,1.85866,0,1.66942,3.38688,8.67071e+06,3.61194e+06,1.87379e+07,0,0,0,6.40623e+07
73.8562,85.139,4.187,0.26,0.02,2.90547,3.20787,0,0.544394,6.048,4.17222e+06,2.70226e+06,1.21223e+07,0,0,0,2.35796e+08,62.3362,61.308,5.39429,0,0,2.16134,1.85894,0,1.66964,3.38688,8.67071e+06,3.61194e+06,1.87404e+07,0,0,0,6.40623e+07
77.2342,85.139,6.79489,0.25,0.02,2.90596,3.20836,0,0.544486,6.048,4.17222e+06,2.70226e+06,1.21243e+07,0,0,0,2.35796e+08,62.3362,61.308,5.72715,0,0,2.16163,1.85923,0,1.66985,3.38688,8.67071e+06,3.61194e+06,1.87428e+07,0,0,0,6.40623e+07
78.6719,85.139,4.89015,0.27,0.02,2.90645,3.20885,0,0.544577,6.048,4.17222e+06,2.70226e+06,1.21263e+07,0,0,0,2.35796e+08,62.3362,61.308,5.30118,0,0,2.16191,1.85951,0,1.67007,3.38688,8.67071e+06,3.61194e+06,1.87453e+07,0,0,0,6.40623e+07
82.7414,85.139,7.74759,0.29,0.02,3.00746,3.30986,0,0.544668,6.048,4.17222e+06,2.70226e+06,1.25478e+07,0,0,0,2.35796e+08,62.3362,61.308,6.27744,0,0,2.22232,1.91992,0,1.67029,3.38688,8.67071e+06,3.61194e+06,1.92691e+07,0,0,0,6.40623e+07
85.139,85.139,7.24113,0.24,0.02,3.00793,3.31033,0,0.563597,6.048,4.17222e+06,2.70226e+06,1.25497e+07,0,0,0,2.35796e+08,62.3362,61.308,5.90309,0,0,2.22259,1.92019,0,1.71696,3.38688,8.67071e+06,3.61194e+06,1.92714e+07,0,0,0,6.40623e+07
85.139,85.139,6.61144,0.2,0.02,3.0084,3.3108,0,0.563685,6.048,4.17222e+06,2.70226e+06,1.25517e+07,0,0,0,2.35796e+08,62.3362,61.308,4.36634,0,0,2.22286,1.92046,0,1.71717,3.38688,8.67071e+06,3.61194e+06,1.92738e+07,0,0,0,6.40623e+07
85.139,85.139,7.02643,0.22,0.02,3.00887,3.31127,0,0.563773,6.048,4.17222e+06,2.70226e+06,1.25536e+07,0,0,0,2.35796e+08,62.3362,61.308,4.65463,0,0,2.22313,1.92073,0,1.71738,3.38688,8.67071e+06,3.61194e+06,1.92761e+07,0,0,0,6.40623e+07
85.139,85.139,5.87508,0.23,0.02,3.33235,3.63475,0,0.563861,6.048,4.17222e+06,2.70226e+06,1.39033e+07,0,0,0,2.35796e+08,62.3362,61.308,4.53671,0,0,2.44928,2.14688,0,1.71759,3.38688,8.67071e+06,3.61194e+06,2.1237e+07,0,0,0,6.40623e+07
85.139,85.139,5.58951,0.23,0.02,3.33287,3.63527,0,0.624483,6.048,4.17222e+06,2.70226e+06,1.39055e+07,0,0,0,2.35796e+08,62.3362,61.308,5.00698,0,0,2.44958,2.14718,0,1.89231,3.38688,8.67071e+06,3.61194e+06,2.12396e+07,0,0,0,6.40623e+07
85.139,85.139,7.34706,0.23,0.02,3.33339,3.63579,0,0.62458,6.048,4.17222e+06,2.70226e+06,1.39076e+07,0,0,0,2.35796e+08,62.3362,61.308,5.42246,0,0,2.44988,2.14748,0,1.89255,3.38688,8.67071e+06,3.61194e+06,2.12422e+07,0,0,0,6.40623e+07
85.139,85.139,7.66421,0.23,0.02,3.3339,3.6363,0,0.624677,6.048,4.17222e+06,2.70226e+06,1.39098e+07,0,0,0,2.35796e+08,62.3362,61.308,6.16766,0,0,2.45019,2.14779,0,1.89278,3.38688,8.67071e+06,3.61194e+06,2.12449e+07,0,0,0,6.40623e+07
85.139,85.139,7.46424,0.24,0.02,2.87343,3.17583,0,0.624773,6.048,4.17222e+06,2.70226e+06,1.19886e+07,0,0,0,2.35796e+08,62.3362,61.308,5.78324,0,0,2.1472,1.8448,0,1.89302,3.38688,8.67071e+06,3.61194e+06,1.86178e+07,0,0,0,6.40623e+07
85.139,85.139,7.90122,0.28,0.02,2.87388,3.17628,0,0.538481,6.048,4.17222e+06,2.70226e+06,1.19904e+07,0,0,0,2.35796e+08,62.3362,61.308,5.29808,0,0,2.14746,1.84506,0,1.65893,3.38688,8.67071e+06,3.61194e+06,1.862e+07,0,0,0,6.40623e+07
85.139,85.139,7.86835,0.31,0.02,2.87433,3.17673,0,0.538565,6.048,4.17222e+06,2.70226e+06,1.19923e+07,0,0,0,2.35796e+08,62.3362,61.308,4.73818,0,0,2.14773,1.84533,0,1.65913,3.38688,8.67071e+06,3.61194e+06,1.86223e+07,0,0,0,6.40623e+07
85.139,85.139,7.96147,0.33,0.02,2.87478,3.17718,0,0.53865,6.048,4.17222e+06,2.70226e+06,1.19942e+07,0,0,0,2.35796e+08,62.3362,61.308,4.90044,0,0,2.14799,1.84559,0,1.65933,3.38688,8.67071e+06,3.61194e+06,1.86246e+07,0,0,0,6.40623e+07
85.139,85.139,8.34186,0.39,0.02,2.80814,3.17763,0,0.538734,6.048,4.17222e+06,2.85518e+06,1.17162e+07,0,0,0,2.35796e+08,62.3362,61.308,5.88917,0,0,2.10928,1.84585,0,1.65954,3.38688,8.67071e+06,3.81634e+06,1.8289e+07,0,0,0,6.40623e+07
85.139,85.139,10.862,0.4,0.02,2.64405,3.2942,0,0.526246,6.048,4.17222e+06,3.42622e+06,1.10315e+07,0,0,0,2.35796e+08,62.3362,61.308,5.97613,0,0,2.02004,1.92036,0,1.62963,3.38688,8.67071e+06,4.57961e+06,1.75152e+07,0,0,0,6.40623e+07
85.139,85.139,8.09478,0.41,0.02,2.64447,3.29467,0,0.495495,6.048,4.17222e+06,3.42622e+06,1.10333e+07,0,0,0,2.35796e+08,62.3362,61.308,5.12474,0,0,2.02028,1.92063,0,1.56068,3.38688,8.67071e+06,4.57961e+06,1.75173e+07,0,0,0,6.40623e+07
85.139,85.139,8.41178,0.4,0.02,2.64489,3.29514,0,0.495573,6.048,4.17222e+06,3.42622e+06,1.1035e+07,0,0,0,2.35796e+08,62.3362,61.308,5.72097,0,0,2.02053,1.92091,0,1.56087,3.38688,8.67071e+06,4.57961e+06,1.75194e+07,0,0,0,6.40623e+07
85.139,85.139,7.72259,0.41,0.02,2.6453,3.29561,0,0.495652,6.048,4.17222e+06,3.42622e+06,1.10368e+07,0,0,0,2.35796e+08,62.3362,61.308,5.33758,0,0,2.02077,1.92118,0,1.56106,3.38688,8.67071e+06,4.57961e+06,1.75215e+07,0,0,0,6.40623e+07
85.139,85.139,5.86288,0.41,0.02,2.60509,3.25065,0,0.49573,6.048,4.17222e+06,3.42622e+06,1.0869e+07,0,0,0,2.35796e+08,62.3362,61.308,3.83626,0,0,1.9952,1.8926,0,1.56125,3.38688,8.67071e+06,4.57961e+06,1.72998e+07,0,0,0,6.40623e+07
85.139,85.139,5.01546,0.36,0.02,2.94871,3.25111,0,0.488194,6.048,4.17222e+06,2.70226e+06,1.23026e+07,0,0,0,2.35796e+08,62.3362,61.308,3.95518,0,0,2.19527,1.89287,0,1.5415,3.38688,8.67071e+06,3.61194e+06,1.90345e+07,0,0,0,6.40623e+07
85.139,85.139,5.10272,0.35,0.02,2.94917,3.25157,0,0.552588,6.048,4.17222e+06,2.70226e+06,1.23046e+07,0,0,0,2.35796e+08,62.3362,61.308,3.29656,0,0,2.19553,1.89313,0,1.69606,3.38688,8.67071e+06,3.61194e+06,1.90369e+07,0,0,0,6.40623e+07
85.139,85.139,5.2228,0.32,0.02,2.94963,3.25203,0,0.552674,6.048,4.17222e+06,2.70226e+06,1.23065e+07,0,0,0,2.35796e+08,62.3276,61.308,3.38145,0,0,2.1958,1.8934,0,1.69627,3.38688,8.67071e+06,3.61194e+06,1.90392e+07,0,0,0,6.40623e+07
85.139,85.139,4.31949,0.31,0.02,3.10438,3.40678,0,0.55276,6.048,4.17222e+06,2.70226e+06,1.29521e+07,0,0,0,2.35796e+08,62.2692,61.308,3.25344,0,0,2.29845,1.99605,0,1.69648,3.38688,8.67071e+06,3.61194e+06,1.99292e+07,0,0,0,6.40623e+07
85.139,85.139,4.23635,0.28,0.02,3.10486,3.40726,0,0.581761,6.048,4.17222e+06,2.70226e+06,1.29542e+07,0,0,0,2.35796e+08,62.1213,61.308,2.78571,0,0,2.29874,1.99634,0,1.77579,3.38688,8.67071e+06,3.61194e+06,1.99317e+07,0,0,0,6.40623e+07
85.139,85.139,4.0459,0.26,0.02,3.10535,3.40775,0,0.581851,6.048,4.17222e+06,2.70226e+06,1.29562e+07,0,0,0,2.35796e+08,61.9394,61.308,2.67701,0,0,2.29902,1.99662,0,1.776,3.38688,8.67071e+06,3.61194e+06,1.99341e+07,0,0,0,6.40623e+07
85.139,85.139,3.87345,0.22,0.02,3.10583,3.40823,0,0.581942,6.048,4.17222e+06,2.70226e+06,1.29582e+07,0,0,0,2.35796e+08,61.77,61.308,2.92481,0,0,2.2993,1.9969,0,1.77622,3.38688,8.67071e+06,3.61194e+06,1.99366e+07,0,0,0,6.40623e+07
85.139,85.139,3.53186,0.21,0.02,3.10631,3.40871,0,0.582032,6.048,4.17222e+06,2.70226e+06,1.29602e+07,0,0,0,2.35796e+08,61.5621,61.308,2.71727,0,0,2.29959,1.99719,0,1.77644,3.38688,8.67071e+06,3.61194e+06,1.99391e+07,0,0,0,6.40623e+07
85.0246,85.139,3.11279,0.2,0.02,3.07626,3.37866,0,0.582123,6.048,4.17222e+06,2.70226e+06,1.28348e+07,0,0,0,2.35796e+08,61.3557,61.308,2.4901,0,0,2.35618,2.05378,0,1.77666,3.38688,8.67071e+06,3.61194e+06,2.04298e+07,0,0,0,6.40623e+07
84.8974,85.139,3.09,0.22,0.02,3.07674,3.37914,0,0.576491,6.048,4.17222e+06,2.70226e+06,1.28368e+07,0,0,0,2.35796e+08,61.1226,61.308,2.50455,0,0,2.35647,2.05407,0,1.82038,3.38688,8.67071e+06,3.61194e+06,2.04323e+07,0,0,0,6.40623e+07
84.6427,85.139,2.93857,0.21,0.02,3.07722,3.37962,0,0.576581,6.048,4.17222e+06,2.70226e+06,1.28388e+07,0,0,0,2.35796e+08,60.8504,61.308,2.46344,0,0,2.35676,2.05436,0,1.82061,3.38688,8.67071e+06,3.61194e+06,2.04348e+07,0,0,0,6.40623e+07
84.0326,85.139,2.55313,0.21,0.02,3.0777,3.3801,0,0.576671,6.048,4.17222e+06,2.70226e+06,1.28408e+07,0,0,0,2.35796e+08,60.5135,61.308,2.29985,0,0,2.35705,2.05465,0,1.82083,3.38688,8.67071e+06,3.61194e+06,2.04373e+07,0,0,0,6.40623e+07
83.2647,85.139,2.46108,0.22,0.02,3.15707,3.45947,0,0.576761,6.048,4.17222e+06,2.70226e+06,1.3172e+07,0,0,0,2.35796e+08,60.1757,61.308,2.16172,0,0,2.40756,2.10516,0,1.82106,3.38688,8.67071e+06,3.61194e+06,2.08753e+07,0,0,0,6.40623e+07
82.3569,85.139,2.31306,0.2,0.02,3.15756,3.45996,0,0.591636,6.048,4.17222e+06,2.70226e+06,1.3174e+07,0,0,0,2.35796e+08,59.7472,61.308,2.04045,0,0,2.40786,2.10546,0,1.86008,3.38688,8.67071e+06,3.61194e+06,2.08778e+07,0,0,0,6.40623e+07
81.3141,85.139,2.16022,0.19,0.02,3.15806,3.46046,0,0.591728,6.048,4.17222e+06,2.70226e+06,1.31761e+07,0,0,0,2.35796e+08,59.2793,61.308,1.93588,0,0,2.40816,2.10576,0,1.86031,3.38688,8.67071e+06,3.61194e+06,2.08804e+07,0,0,0,6.40623e+07
80.1103,85.139,1.98275,0.18,0.02,3.15855,3.46095,0,0.59182,6.048,4.17222e+06,2.70226e+06,1.31781e+07,0,0,0,2.35796e+08,58.8068,61.308,1.81251,0,0,2.40845,2.10605,0,1.86054,3.38688,8.67071e+06,3.61194e+06,2.0883e+07,0,0,0,6.40623e+07
78.8611,85.139,2.10555,0.18,0.02,3.39021,3.69261,0,0.591911,6.048,4.17222e+06,2.70226e+06,1.41447e+07,0,0,0,2.35796e+08,58.4067,61.308,2.21828,0,0,2.5901,2.2877,0,1.86077,3.38688,8.67071e+06,3.61194e+06,2.2458e+07,0,0,0,6.40623e+07
76.851,85.139,1.30308,0.18,0.02,3.39073,3.69313,0,0.635326,6.048,4.17222e+06,2.70226e+06,1.41469e+07,0,0,0,2.35796e+08,57.8628,61.308,1.71969,0,0,2.59043,2.28803,0,2.00111,3.38688,8.67071e+06,3.61194e+06,2.24608e+07,0,0,0,6.40623e+07
75.0985,85.139,1.54836,0.18,0.02,3.39126,3.69366,0,0.635424,6.048,4.17222e+06,2.70226e+06,1.41491e+07,0,0,0,2.35796e+08,57.3484,61.308,1.86311,0,0,2.59075,2.28835,0,2.00136,3.38688,8.67071e+06,3.61194e+06,2.24637e+07,0,0,0,6.40623e+07
74.3838,85.139,2.6441,0.18,0.02,3.39178,3.69418,0,0.635522,6.048,4.17222e+06,2.70226e+06,1.41512e+07,0,0,0,2.35796e+08,56.9577,61.308,2.21962,0,0,2.59107,2.28867,0,2.00161,3.38688,8.67071e+06,3.61194e+06,2.24665e+07,0,0,0,6.40623e+07
73.5955,85.139,2.58018,0.18,0.02,3.39231,3.69471,0,0.63562,6.048,4.17222e+06,2.70226e+06,1.41534e+07,0,0,0,2.35796e+08,56.5942,61.308,2.14843,0,0,2.5914,2.289,0,2.00186,3.38688,8.67071e+06,3.61194e+06,2.24693e+07,0,0,0,6.40623e+07
71.9401,85.139,1.52497,0.2,0.02,3.28008,3.58248,0,0.635718,6.048,4.17222e+06,2.70226e+06,1.36852e+07,0,0,0,2.35796e+08,56.3037,61.308,3.0539,0,0,2.48157,2.17917,0,2.00211,3.38688,8.67071e+06,3.61194e+06,2.1517e+07,0,0,0,6.40623e+07
70.0882,85.139,1.3149,0.2,0.02,3.28059,3.58299,0,0.614688,6.048,4.17222e+06,2.70226e+06,1.36873e+07,0,0,0,2.35796e+08,55.7423,61.308,1.69904,0,0,2.48188,2.17948,0,1.91726,3.38688,8.67071e+06,3.61194e+06,2.15197e+07,0,0,0,6.40623e+07
68.2886,85.139,1.36612,0.21,0.02,3.2811,3.5835,0,0.614783,6.048,4.17222e+06,2.70226e+06,1.36895e+07,0,0,0,2.35796e+08,55.1838,61.308,1.64477,0,0,2.48219,2.17979,0,1.9175,3.38688,8.67071e+06,3.61194e+06,2.15224e+07,0,0,0,6.40623e+07
68.8723,85.139,3.9707,0.21,0.02,3.28161,3.58401,0,0.614878,6.048,4.17222e+06,2.70226e+06,1.36916e+07,0,0,0,2.35796e+08,55.1501,61.308,2.79744,0,0,2.4825,2.1801,0,1.91774,3.38688,8.67071e+06,3.61194e+06,2.1525e+07,0,0,0,6.40623e+07
68.1275,85.139,2.51281,0.21,0.02,3.18952,3.49192,0,0.614973,6.048,4.17222e+06,2.70226e+06,1.33074e+07,0,0,0,2.35796e+08,54.6132,61.308,1.94081,0,0,2.38249,2.08009,0,1.91798,3.38688,8.67071e+06,3.61194e+06,2.06579e+07,0,0,0,6.40623e+07
66.4884,85.139,1.54554,0.23,0.02,3.19001,3.49241,0,0.597716,6.048,4.17222e+06,2.70226e+06,1.33094e+07,0,0,0,2.35796e+08,54.0599,61.308,1.42594,0,0,2.38278,2.08038,0,1.84071,3.38688,8.67071e+06,3.61194e+06,2.06604e+07,0,0,0,6.40623e+07
67.914,85.139,4.79128,0.26,0.02,3.19051,3.49291,0,0.597808,6.048,4.17222e+06,2.70226e+06,1.33115e+07,0,0,0,2.35796e+08,54.1873,61.308,4.56091,0,0,2.38308,2.08068,0,1.84094,3.38688,8.67071e+06,3.61194e+06,2.0663e+07,0,0,0,6.40623e+07
68.4871,85.139,3.93115,0.26,0.02,3.191,3.4934,0,0.597901,6.048,4.17222e+06,2.70226e+06,1.33135e+07,0,0,0,2.35796e+08,54.1913,61.308,2.40258,0,0,2.38337,2.08097,0,1.84117,3.38688,8.67071e+06,3.61194e+06,2.06655e+07,0,0,0,6.40623e+07
68.8078,85.139,3.43823,0.26,0.02,2.92837,3.23077,0,0.597994,6.048,4.17222e+06,2.70226e+06,1.22178e+07,0,0,0,2.35796e+08,54.1574,61.308,2.85194,0,0,2.17461,1.87221,0,1.84139,3.38688,8.67071e+06,3.61194e+06,1.88554e+07,0,0,0,6.40623e+07
68.3461,85.139,2.79504,0.26,0.02,2.92883,3.23123,0,0.548776,6.048,4.17222e+06,2.70226e+06,1.22197e+07,0,0,0,2.35796e+08,54.1454,61.308,3.58682,0,0,2.17488,1.87248,0,1.68011,3.38688,8.67071e+06,3.61194e+06,1.88577e+07,0,0,0,6.40623e+07
70.2034,85.139,5.09357,0.27,0.02,2.92928,3.23168,0,0.548862,6.048,4.17222e+06,2.70226e+06,1.22216e+07,0,0,0,2.35796e+08,54.1357,61.308,3.84943,0,0,2.17514,1.87274,0,1.68031,3.38688,8.67071e+06,3.61194e+06,1.886e+07,0,0,0,6.40623e+07
71.9397,85.139,5.20494,0.29,0.02,2.92974,3.23214,0,0.548948,6.048,4.17222e+06,2.70226e+06,1.22235e+07,0,0,0,2.35796e+08,54.2845,61.308,3.92243,0,0,2.17541,1.87301,0,1.68052,3.38688,8.67071e+06,3.61194e+06,1.88623e+07,0,0,0,6.40623e+07
71.453,85.139,2.72104,0.32,0.02,2.9302,3.2326,0,0.549033,6.048,4.17222e+06,2.70226e+06,1.22254e+07,0,0,0,2.35796e+08,53.9273,61.308,2.32981,0,0,2.17567,1.87327,0,1.68072,3.38688,8.67071e+06,3.61194e+06,1.88646e+07,0,0,0,6.40623e+07
72.7003,85.139,4.57316,0.34,0.02,3.03192,3.33432,0,0.549119,6.048,4.17222e+06,2.70226e+06,1.26498e+07,0,0,0,2.35796e+08,54.0985,61.308,3.53583,0,0,2.23651,1.93411,0,1.68093,3.38688,8.67071e+06,3.61194e+06,1.93921e+07,0,0,0,6.40623e+07
73.0584,85.139,3.754,0.38,0.02,3.03236,3.33476,0,0.568182,6.048,4.17222e+06,2.70226e+06,1.26517e+07,0,0,0,2.35796e+08,54.0819,61.308,2.89231,0,0,2.23676,1.93436,0,1.72793,3.38688,8.67071e+06,3.61194e+06,1.93943e+07,0,0,0,6.40623e+07
73.498,85.139,3.47673,0.42,0.02,2.68072,3.3352,0,0.568265,6.048,4.17222e+06,3.42622e+06,1.11845e+07,0,0,0,2.35796e+08,53.9962,61.308,2.64141,0,0,2.03279,1.93462,0,1.72812,3.38688,8.67071e+06,4.57961e+06,1.76257e+07,0,0,0,6.40623e+07
73.6027,85.139,3.21532,0.43,0.02,2.68111,3.33564,0,0.502367,6.048,4.17222e+06,3.42622e+06,1.11862e+07,0,0,0,2.35796e+08,53.8693,61.308,2.56322,0,0,2.03302,1.93487,0,1.57053,3.38688,8.67071e+06,4.57961e+06,1.76277e+07,0,0,0,6.40623e+07
73.4309,85.139,3.17352,0.45,0.02,2.97255,3.66148,0,0.502441,6.048,4.17222e+06,3.42622e+06,1.24021e+07,0,0,0,2.35796e+08,53.9804,61.308,3.1756,0,0,2.23676,2.16266,0,1.57071,3.38688,8.67071e+06,4.57961e+06,1.93943e+07,0,0,0,6.40623e+07
73.4563,85.139,3.33537,0.47,0.02,2.97298,3.66196,0,0.557056,6.048,4.17222e+06,3.42622e+06,1.24039e+07,0,0,0,2.35796e+08,53.7926,61.308,2.68532,0,0,2.23701,2.16294,0,1.72812,3.38688,8.67071e+06,4.57961e+06,1.93965e+07,0,0,0,6.40623e+07
72.7266,85.139,2.52078,0.48,0.02,2.97342,3.66244,0,0.557137,6.048,4.17222e+06,3.42622e+06,1.24057e+07,0,0,0,2.35796e+08,53.3632,61.308,1.92992,0,0,2.23727,2.16323,0,1.72832,3.38688,8.67071e+06,4.57961e+06,1.93987e+07,0,0,0,6.40623e+07
71.9791,85.139,2.55254,0.49,0.02,2.97385,3.66293,0,0.557218,6.048,4.17222e+06,3.42622e+06,1.24075e+07,0,0,0,2.35796e+08,53.053,61.308,2.12568,0,0,2.23752,2.16352,0,1.72851,3.38688,8.67071e+06,4.57961e+06,1.94009e+07,0,0,0,6.40623e+07
73.0043,85.139,4.04152,0.51,0.02,2.55894,3.19905,0,0.557299,6.048,4.17222e+06,3.42622e+06,1.06765e+07,0,0,0,2.35796e+08,53.6688,61.308,3.63586,0,0,1.96452,1.85829,0,1.72871,3.38688,8.67071e+06,4.57961e+06,1.70338e+07,0,0,0,6.40623e+07
74.8415,85.139,4.92315,0.56,0.02,2.55932,3.19947,0,0.479546,6.048,4.17222e+06,3.42622e+06,1.0678e+07,0,0,0,2.35796e+08,53.9977,61.308,3.72475,0,0,1.96474,1.85854,0,1.51779,3.38688,8.67071e+06,4.57961e+06,1.70357e+07,0,0,0,6.40623e+07
75.8102,85.139,4.02425,0.52,0.02,2.5597,3.19989,0,0.479616,6.048,4.17222e+06,3.42622e+06,1.06796e+07,0,0,0,2.35796e+08,54.2053,61.308,3.12979,0,0,1.96496,1.85878,0,1.51796,3.38688,8.67071e+06,4.57961e+06,1.70376e+07,0,0,0,6.40623e+07
78.0864,85.139,5.51102,0.56,0.02,2.56007,3.20032,0,0.479687,6.048,4.17222e+06,3.42622e+06,1.06812e+07,0,0,0,2.35796e+08,54.8346,61.308,4.53121,0,0,1.96518,1.85903,0,1.51813,3.38688,8.67071e+06,4.57961e+06,1.70395e+07,0,0,0,6.40623e+07
81.5998,85.139,6.90849,0.61,0.02,2.56045,3.20074,0,0.479758,6.048,4.17222e+06,3.42622e+06,1.06828e+07,0,0,0,2.35796e+08,55.64,61.308,5.2121,0,0,1.9654,1.85927,0,1.5183,3.38688,8.67071e+06,4.57961e+06,1.70414e+07,0,0,0,6.40623e+07
84.4653,85.139,6.346,0.56,0.02,2.66545,3.31813,0,0.479829,6.048,4.17222e+06,3.42622e+06,1.11208e+07,0,0,0,2.35796e+08,56.5345,61.308,5.16552,0,0,2.03251,1.93431,0,1.51847,3.38688,8.67071e+06,4.57961e+06,1.76233e+07,0,0,0,6.40623e+07
85.139,85.139,7.11806,0.57,0.02,2.66584,3.31856,0,0.499505,6.048,4.17222e+06,3.42622e+06,1.11225e+07,0,0,0,2.35796e+08,57.4066,61.308,4.70752,0,0,2.03274,1.93456,0,1.57032,3.38688,8.67071e+06,4.57961e+06,1.76253e+07,0,0,0,6.40623e+07
85.139,85.139,5.71648,0.43,0.02,2.66623,3.319,0,0.499578,6.048,4.17222e+06,3.42622e+06,1.11241e+07,0,0,0,2.35796e+08,58.0654,61.308,4.64371,0,0,2.03297,1.93482,0,1.57049,3.38688,8.67071e+06,4.57961e+06,1.76273e+07,0,0,0,6.40623e+07
85.139,85.139,4.60347,0.41,0.02,2.66662,3.31944,0,0.499652,6.048,4.17222e+06,3.42622e+06,1.11257e+07,0,0,0,2.35796e+08,58.2746,61.308,3.08532,0,0,2.0332,1.93507,0,1.57067,3.38688,8.67071e+06,4.57961e+06,1.76293e+07,0,0,0,6.40623e+07
85.139,85.139,3.67549,0.42,0.02,2.62609,3.27412,0,0.499725,6.048,4.17222e+06,3.42622e+06,1.09566e+07,0,0,0,2.35796e+08,58.3178,61.308,2.92933,0,0,2.00743,1.90627,0,1.57085,3.38688,8.67071e+06,4.57961e+06,1.74059e+07,0,0,0,6.40623e+07
84.9431,85.139,3.20664,0.38,0.02,2.97215,3.27455,0,0.492129,6.048,4.17222e+06,2.70226e+06,1.24005e+07,0,0,0,2.35796e+08,58.3617,61.308,3.09852,0,0,2.20892,1.90652,0,1.55094,3.38688,8.67071e+06,3.61194e+06,1.91529e+07,0,0,0,6.40623e+07
85.139,85.139,3.47147,0.51,0.02,2.62686,3.27499,0,0.556982,6.048,4.17222e+06,3.42622e+06,1.09598e+07,0,0,0,2.35796e+08,58.284,61.308,2.65493,0,0,2.00788,1.90677,0,1.70661,3.38688,8.67071e+06,4.57961e+06,1.74098e+07,0,0,0,6.40623e+07
84.9295,85.139,3.13361,0.33,0.02,2.97302,3.27542,0,0.492274,6.048,4.17222e+06,2.70226e+06,1.24041e+07,0,0,0,2.35796e+08,58.1702,61.308,2.72054,0,0,2.20942,1.90702,0,1.55129,3.38688,8.67071e+06,3.61194e+06,1.91573e+07,0,0,0,6.40623e+07
84.6728,85.139,2.77833,0.45,0.02,2.76663,3.43125,0,0.557144,6.048,4.17222e+06,3.42622e+06,1.1543e+07,0,0,0,2.35796e+08,58.0359,61.308,2.56307,0,0,2.10056,2.01039,0,1.707,3.38688,8.67071e+06,4.57961e+06,1.82134e+07,0,0,0,6.40623e+07
84.3986,85.139,2.79633,0.41,0.02,2.76703,3.4317,0,0.518466,6.048,4.17222e+06,3.42622e+06,1.15446e+07,0,0,0,2.35796e+08,57.9196,61.308,2.59073,0,0,2.1008,2.01066,0,1.62289,3.38688,8.67071e+06,4.57961e+06,1.82154e+07,0,0,0,6.40623e+07
83.5266,85.139,2.49377,0.36,0.02,3.12975,3.43215,0,0.518542,6.048,4.17222e+06,2.70226e+06,1.3058e+07,0,0,0,2.35796e+08,57.6993,61.308,2.35839,0,0,2.31332,2.01092,0,1.62308,3.38688,8.67071e+06,3.61194e+06,2.00581e+07,0,0,0,6.40623e+07
82.4826,85.139,2.2913,0.32,0.02,3.13021,3.43261,0,0.586516,6.048,4.17222e+06,2.70226e+06,1.30599e+07,0,0,0,2.35796e+08,57.4526,61.308,2.3255,0,0,2.31359,2.01119,0,1.78727,3.38688,8.67071e+06,3.61194e+06,2.00604e+07,0,0,0,6.40623e+07
81.3623,85.139,2.18292,0.29,0.02,3.13066,3.43306,0,0.586601,6.048,4.17222e+06,2.70226e+06,1.30618e+07,0,0,0,2.35796e+08,57.1157,61.308,2.0699,0,0,2.31385,2.01145,0,1.78748,3.38688,8.67071e+06,3.61194e+06,2.00627e+07,0,0,0,6.40623e+07
80.0802,85.139,1.96569,0.23,0.02,3.10036,3.40276,0,0.586685,6.048,4.17222e+06,2.70226e+06,1.29354e+07,0,0,0,2.35796e+08,56.7958,61.308,1.96154,0,0,2.37083,2.06843,0,1.78768,3.38688,8.67071e+06,3.61194e+06,2.05568e+07,0,0,0,6.40623e+07
78.642,85.139,1.79796,0.22,0.02,3.10081,3.40321,0,0.581007,6.048,4.17222e+06,2.70226e+06,1.29372e+07,0,0,0,2.35796e+08,56.39,61.308,1.92931,0,0,2.3711,2.0687,0,1.8317,3.38688,8.67071e+06,3.61194e+06,2.05591e+07,0,0,0,6.40623e+07
77.061,85.139,1.62958,0.25,0.02,3.10126,3.40366,0,0.581092,6.048,4.17222e+06,2.70226e+06,1.29391e+07,0,0,0,2.35796e+08,55.9551,61.308,1.74012,0,0,2.37137,2.06897,0,1.83191,3.38688,8.67071e+06,3.61194e+06,2.05615e+07,0,0,0,6.40623e+07
75.4458,85.139,1.53981,0.23,0.02,3.10171,3.40411,0,0.581176,6.048,4.17222e+06,2.70226e+06,1.2941e+07,0,0,0,2.35796e+08,55.4313,61.308,1.71248,0,0,2.37165,2.06925,0,1.83212,3.38688,8.67071e+06,3.61194e+06,2.05639e+07,0,0,0,6.40623e+07
73.7152,85.139,1.47395,0.23,0.02,3.18161,3.48401,0,0.58126,6.048,4.17222e+06,2.70226e+06,1.32744e+07,0,0,0,2.35796e+08,54.939,61.308,1.70271,0,0,2.42249,2.12009,0,1.83233,3.38688,8.67071e+06,3.61194e+06,2.10047e+07,0,0,0,6.40623e+07
72.0462,85.139,1.5189,0.25,0.02,3.18207,3.48447,0,0.596234,6.048,4.17222e+06,2.70226e+06,1.32763e+07,0,0,0,2.35796e+08,54.3363,61.308,1.73802,0,0,2.42277,2.12037,0,1.87162,3.38688,8.67071e+06,3.61194e+06,2.10071e+07,0,0,0,6.40623e+07
70.2065,85.139,1.32871,0.24,0.02,3.18253,3.48493,0,0.59632,6.048,4.17222e+06,2.70226e+06,1.32782e+07,0,0,0,2.35796e+08,53.6808,61.308,1.60223,0,0,2.42305,2.12065,0,1.87183,3.38688,8.67071e+06,3.61194e+06,2.10096e+07,0,0,0,6.40623e+07
68.2855,85.139,1.22567,0.24,0.02,3.18299,3.48539,0,0.596406,6.048,4.17222e+06,2.70226e+06,1.32801e+07,0,0,0,2.35796e+08,52.9568,61.308,1.53314,0,0,2.42333,2.12093,0,1.87205,3.38688,8.67071e+06,3.61194e+06,2.1012e+07,0,0,0,6.40623e+07
66.0228,85.139,1.03744,0.22,0.02,3.41625,3.71865,0,0.596492,6.048,4.17222e+06,2.70226e+06,1.42533e+07,0,0,0,2.35796e+08,51.8786,61.308,1.4589,0,0,2.60624,2.30384,0,1.87226,3.38688,8.67071e+06,3.61194e+06,2.25979e+07,0,0,0,6.40623e+07
63.7016,85.139,0.986247,0.26,0.02,3.41674,3.71914,0,0.640206,6.048,4.17222e+06,2.70226e+06,1.42554e+07,0,0,0,2.35796e+08,50.8868,61.308,1.04277,0,0,2.60654,2.30414,0,2.01358,3.38688,8.67071e+06,3.61194e+06,2.26006e+07,0,0,0,6.40623e+07
61.5194,85.139,1.1122,0.26,0.02,3.41724,3.71964,0,0.640298,6.048,4.17222e+06,2.70226e+06,1.42574e+07,0,0,0,2.35796e+08,49.7312,61.308,1.30101,0,0,2.60684,2.30444,0,2.01381,3.38688,8.67071e+06,3.61194e+06,2.26032e+07,0,0,0,6.40623e+07
59.1481,85.139,0.898862,0.29,0.02,3.41773,3.72013,0,0.64039,6.048,4.17222e+06,2.70226e+06,1.42595e+07,0,0,0,2.35796e+08,48.9868,61.308,0.937297,0,0,2.60715,2.30475,0,2.01405,3.38688,8.67071e+06,3.61194e+06,2.26058e+07,0,0,0,6.40623e+07
57.0018,85.139,1.08293,0.29,0.02,3.41822,3.72062,0,0.640482,6.048,4.17222e+06,2.70226e+06,1.42615e+07,0,0,0,2.35796e+08,48.2118,61.308,1.63794,0,0,2.60745,2.30505,0,2.01428,3.38688,8.67071e+06,3.61194e+06,2.26085e+07,0,0,0,6.40623e+07
54.9687,85.139,1.11052,0.3,0.02,3.30517,3.60757,0,0.640574,6.048,4.17222e+06,2.70226e+06,1.37899e+07,0,0,0,2.35796e+08,47.4181,61.308,1.36106,0,0,2.49683,2.19443,0,2.01452,3.38688,8.67071e+06,3.61194e+06,2.16493e+07,0,0,0,6.40623e+07
52.8419,85.139,1.06914,0.37,0.02,3.30565,3.60805,0,0.619389,6.048,4.17222e+06,2.70226e+06,1.37919e+07,0,0,0,2.35796e+08,46.9691,61.308,1.47008,0,0,2.49712,2.19472,0,1.92905,3.38688,8.67071e+06,3.61194e+06,2.16518e+07,0,0,0,6.40623e+07
50.929,85.139,1.21703,0.39,0.02,3.22994,3.60852,0,0.619478,6.048,4.17222e+06,2.85518e+06,1.3476e+07,0,0,0,2.35796e+08,46.6634,61.308,1.87755,0,0,2.45107,2.19501,0,1.92928,3.38688,8.67071e+06,3.81634e+06,2.12525e+07,0,0,0,6.40623e+07
49.2302,85.139,1.19547,0.46,0.02,2.92561,3.609,0,0.60529,6.048,4.17222e+06,3.42622e+06,1.22063e+07,0,0,0,2.35796e+08,46.381,61.308,1.83152,0,0,2.26595,2.1953,0,1.8937,3.38688,8.67071e+06,4.57961e+06,1.96474e+07,0,0,0,6.40623e+07
47.9809,85.139,1.61133,0.47,0.02,2.84264,3.51623,0,0.54826,6.048,4.17222e+06,3.42622e+06,1.18601e+07,0,0,0,2.35796e+08,45.9891,61.308,2.24505,0,0,2.17586,2.09457,0,1.75068,3.38688,8.67071e+06,4.57961e+06,1.88662e+07,0,0,0,6.40623e+07
46.6467,85.139,1.45638,0.48,0.02,2.84306,3.5167,0,0.532711,6.048,4.17222e+06,3.42622e+06,1.18618e+07,0,0,0,2.35796e+08,45.5292,61.308,1.43877,0,0,2.17611,2.09485,0,1.68107,3.38688,8.67071e+06,4.57961e+06,1.88684e+07,0,0,0,6.40623e+07
46.4943,85.139,2.72729,0.48,0.02,2.84347,3.51716,0,0.532789,6.048,4.17222e+06,3.42622e+06,1.18636e+07,0,0,0,2.35796e+08,45.3802,61.308,2.30567,0,0,2.17635,2.09513,0,1.68126,3.38688,8.67071e+06,4.57961e+06,1.88705e+07,0,0,0,6.40623e+07
46.0281,85.139,2.41131,0.52,0.02,2.84388,3.51762,0,0.532866,6.048,4.17222e+06,3.42622e+06,1.18653e+07,0,0,0,2.35796e+08,45.2694,61.308,3.021,0,0,2.1766,2.0954,0,1.68145,3.38688,8.67071e+06,4.57961e+06,1.88727e+07,0,0,0,6.40623e+07
47.2519,85.139,4.05297,0.51,0.02,2.60732,3.25314,0,0.532944,6.048,4.17222e+06,3.42622e+06,1.08783e+07,0,0,0,2.35796e+08,45.8945,61.308,4.2857,0,0,1.98856,1.88517,0,1.68164,3.38688,8.67071e+06,4.57961e+06,1.72423e+07,0,0,0,6.40623e+07
47.4351,85.139,2.99775,0.52,0.02,2.6077,3.25356,0,0.488611,6.048,4.17222e+06,3.42622e+06,1.08799e+07,0,0,0,2.35796e+08,46.3959,61.308,3.67441,0,0,1.98879,1.88542,0,1.53637,3.38688,8.67071e+06,4.57961e+06,1.72442e+07,0,0,0,6.40623e+07
48.6241,85.139,3.97096,0.54,0.02,2.60808,3.25399,0,0.488683,6.048,4.17222e+06,3.42622e+06,1.08815e+07,0,0,0,2.35796e+08,47.1242,61.308,4.80286,0,0,1.98901,1.88567,0,1.53654,3.38688,8.67071e+06,4.57961e+06,1.72461e+07,0,0,0,6.40623e+07
51.2959,85.139,5.53578,0.6,0.02,2.60847,3.25442,0,0.488755,6.048,4.17222e+06,3.42622e+06,1.08831e+07,0,0,0,2.35796e+08,47.8556,61.308,4.76639,0,0,1.98923,1.88592,0,1.53671,3.38688,8.67071e+06,4.57961e+06,1.72481e+07,0,0,0,6.40623e+07
54.2001,85.139,5.82012,0.53,0.02,2.60885,3.25485,0,0.488827,6.048,4.17222e+06,3.42622e+06,1.08847e+07,0,0,0,2.35796e+08,49.0887,61.308,4.90477,0,0,1.98945,1.88617,0,1.53688,3.38688,8.67071e+06,4.57961e+06,1.725e+07,0,0,0,6.40623e+07
57.7579,85.139,6.53034,0.57,0.02,2.70043,3.35724,0,0.488899,6.048,4.17222e+06,3.42622e+06,1.12668e+07,0,0,0,2.35796e+08,50.3322,61.308,5.25684,0,0,2.04422,1.9474,0,1.53705,3.38688,8.67071e+06,4.57961e+06,1.77249e+07,0,0,0,6.40623e+07
59.6071,110.355,4.93441,0.59,0.02,2.7008,3.35765,0,0.506061,6.048,4.17222e+06,3.42622e+06,1.12683e+07,0,0,0,2.35796e+08,50.9273,61.308,4.18211,0,0,2.04444,1.94764,0,1.57937,3.38688,8.67071e+06,4.57961e+06,1.77267e+07,0,0,0,6.40623e+07
59.7286,110.355,3.07034,0.61,0.02,2.70117,3.35806,0,0.50613,6.048,4.17222e+06,3.42622e+06,1.12699e+07,0,0,0,2.35796e+08,51.1774,61.308,3.08781,0,0,2.04465,1.94788,0,1.57953,3.38688,8.67071e+06,4.57961e+06,1.77286e+07,0,0,0,6.40623e+07
59.9442,110.355,3.156,0.62,0.02,2.70154,3.35847,0,0.506199,6.048,4.17222e+06,3.42622e+06,1.12714e+07,0,0,0,2.35796e+08,51.3008,61.308,2.50243,0,0,2.04486,1.94812,0,1.5797,3.38688,8.67071e+06,4.57961e+06,1.77304e+07,0,0,0,6.40623e+07
60.0905,110.355,3.3659,0.62,0.02,2.99494,3.6865,0,0.506268,6.048,4.17222e+06,3.42622e+06,1.24955e+07,0,0,0,2.35796e+08,51.8417,61.308,3.41716,0,0,2.24998,2.17744,0,1.57986,3.38688,8.67071e+06,4.57961e+06,1.95089e+07,0,0,0,6.40623e+07
61.4636,110.355,4.72706,0.65,0.02,2.99534,3.68696,0,0.561251,6.048,4.17222e+06,3.42622e+06,1.24972e+07,0,0,0,2.35796e+08,52.5479,61.308,4.52719,0,0,2.25022,2.17771,0,1.73833,3.38688,8.67071e+06,4.57961e+06,1.9511e+07,0,0,0,6.40623e+07
63.0971,110.355,4.95967,0.67,0.02,2.99574,3.68741,0,0.561327,6.048,4.17222e+06,3.42622e+06,1.24989e+07,0,0,0,2.35796e+08,53.2368,61.308,4.52081,0,0,2.25046,2.17797,0,1.73852,3.38688,8.67071e+06,4.57961e+06,1.95131e+07,0,0,0,6.40623e+07
64.3311,110.355,4.57664,0.65,0.02,2.99615,3.68786,0,0.561402,6.048,4.17222e+06,3.42622e+06,1.25006e+07,0,0,0,2.35796e+08,53.8705,61.308,4.31616,0,0,2.25069,2.17824,0,1.7387,3.38688,8.67071e+06,4.57961e+06,1.95151e+07,0,0,0,6.40623e+07
65.3664,110.355,4.01757,0.67,0.02,2.57839,3.22079,0,0.561478,6.048,4.17222e+06,3.42622e+06,1.07576e+07,0,0,0,2.35796e+08,54.5824,61.308,4.56595,0,0,1.97582,1.87092,0,1.73889,3.38688,8.67071e+06,4.57961e+06,1.71317e+07,0,0,0,6.40623e+07
67.6463,110.355,5.367,0.69,0.02,2.57874,3.22119,0,0.48319,6.048,4.17222e+06,3.42622e+06,1.07591e+07,0,0,0,2.35796e+08,55.6272,61.308,5.42045,0,0,1.97602,1.87115,0,1.52652,3.38688,8.67071e+06,4.57961e+06,1.71335e+07,0,0,0,6.40623e+07
71.818,110.355,7.33341,0.68,0.02,2.57909,3.22158,0,0.483256,6.048,4.17222e+06,3.42622e+06,1.07605e+07,0,0,0,2.35796e+08,56.5337,61.308,5.38309,0,0,1.97623,1.87138,0,1.52667,3.38688,8.67071e+06,4.57961e+06,1.71353e+07,0,0,0,6.40623e+07
74.0756,110.355,5.36773,0.71,0.02,2.57945,3.22198,0,0.483322,6.048,4.17222e+06,3.42622e+06,1.0762e+07,0,0,0,2.35796e+08,57.3637,61.308,5.40257,0,0,1.97643,1.87161,0,1.52683,3.38688,8.67071e+06,4.57961e+06,1.71371e+07,0,0,0,6.40623e+07
77.4612,110.355,6.53593,0.7,0.02,2.5798,3.22237,0,0.483388,6.048,4.17222e+06,3.42622e+06,1.07635e+07,0,0,0,2.35796e+08,58.4557,61.308,5.73715,0,0,1.97664,1.87184,0,1.52699,3.38688,8.67071e+06,4.57961e+06,1.71389e+07,0,0,0,6.40623e+07
80.1309,110.355,5.89272,0.72,0.02,2.68547,3.34052,0,0.483454,6.048,4.17222e+06,3.42622e+06,1.12044e+07,0,0,0,2.35796e+08,58.8161,61.308,5.26735,0,0,2.04419,1.94736,0,1.52715,3.38688,8.67071e+06,4.57961e+06,1.77246e+07,0,0,0,6.40623e+07
84.1578,110.355,7.26117,0.68,0.02,2.68584,3.34093,0,0.503258,6.048,4.17222e+06,3.42622e+06,1.12059e+07,0,0,0,2.35796e+08,59.9724,61.308,6.21284,0,0,2.0444,1.9476,0,1.57934,3.38688,8.67071e+06,4.57961e+06,1.77264e+07,0,0,0,6.40623e+07
87.2441,110.355,6.38367,0.7,0.02,2.68621,3.34134,0,0.503326,6.048,4.17222e+06,3.42622e+06,1.12074e+07,0,0,0,2.35796e+08,61.6315,61.308,8.16692,0,0,2.04461,1.94784,0,1.5795,3.38688,8.67071e+06,4.57961e+06,1.77283e+07,0,0,0,6.40623e+07
88.8644,110.355,5.10697,0.59,0.02,2.68657,3.34174,0,0.503395,6.048,4.17222e+06,3.42622e+06,1.1209e+07,0,0,0,2.35796e+08,62.3362,61.308,7.70511,0,0,2.04483,1.94808,0,1.57967,3.38688,8.67071e+06,4.57961e+06,1.77301e+07,0,0,0,6.40623e+07
89.7422,110.355,4.12102,0.6,0.02,2.64574,3.29609,0,0.503464,6.048,4.17222e+06,3.42622e+06,1.10386e+07,0,0,0,2.35796e+08,62.3362,61.308,4.79616,0,0,2.01887,1.91906,0,1.57983,3.38688,8.67071e+06,4.57961e+06,1.7505e+07,0,0,0,6.40623e+07
90.4543,110.355,3.88623,0.58,0.02,2.6461,3.29649,0,0.495811,6.048,4.17222e+06,3.42622e+06,1.10401e+07,0,0,0,2.35796e+08,62.3362,61.308,3.94463,0,0,2.01908,1.91929,0,1.55978,3.38688,8.67071e+06,4.57961e+06,1.75069e+07,0,0,0,6.40623e+07
90.5145,110.355,3.46245,0.39,0.02,2.92489,3.2969,0,0.495879,6.048,4.17222e+06,2.85518e+06,1.22033e+07,0,0,0,2.35796e+08,62.3362,61.308,4.22685,0,0,2.1814,1.91953,0,1.55994,3.38688,8.67071e+06,3.81634e+06,1.89143e+07,0,0,0,6.40623e+07
90.6586,110.355,3.60516,0.36,0.02,2.9949,3.2973,0,0.548124,6.048,4.17222e+06,2.70226e+06,1.24954e+07,0,0,0,2.35796e+08,62.3362,61.308,3.53932,0,0,2.22216,1.91976,0,1.68535,3.38688,8.67071e+06,3.61194e+06,1.92677e+07,0,0,0,6.40623e+07
90.6657,110.355,3.54435,0.33,0.02,3.15174,3.45414,0,0.561244,6.048,4.17222e+06,2.70226e+06,1.31497e+07,0,0,0,2.35796e+08,62.3362,61.308,3.63312,0,0,2.3262,2.0238,0,1.71684,3.38688,8.67071e+06,3.61194e+06,2.01698e+07,0,0,0,6.40623e+07
90.2792,110.355,3.06955,0.31,0.02,3.15216,3.45456,0,0.590635,6.048,4.17222e+06,2.70226e+06,1.31515e+07,0,0,0,2.35796e+08,62.3362,61.308,3.24436,0,0,2.32645,2.02405,0,1.79722,3.38688,8.67071e+06,3.61194e+06,2.0172e+07,0,0,0,6.40623e+07
89.705,110.355,2.8649,0.28,0.02,3.15258,3.45498,0,0.590715,6.048,4.17222e+06,2.70226e+06,1.31533e+07,0,0,0,2.35796e+08,62.3362,61.308,2.90205,0,0,2.3267,2.0243,0,1.79741,3.38688,8.67071e+06,3.61194e+06,2.01741e+07,0,0,0,6.40623e+07
89.0644,110.355,2.71116,0.34,0.02,3.153,3.4554,0,0.590794,6.048,4.17222e+06,2.70226e+06,1.3155e+07,0,0,0,2.35796e+08,62.2112,61.308,2.60988,0,0,2.32694,2.02454,0,1.79761,3.38688,8.67071e+06,3.61194e+06,2.01763e+07,0,0,0,6.40623e+07
88.2766,110.355,2.51883,0.32,0.02,3.15343,3.45583,0,0.590873,6.048,4.17222e+06,2.70226e+06,1.31568e+07,0,0,0,2.35796e+08,62.014,61.308,2.48002,0,0,2.32719,2.02479,0,1.7978,3.38688,8.67071e+06,3.61194e+06,2.01784e+07,0,0,0,6.40623e+07
87.1077,110.355,2.12409,0.25,0.02,3.12289,3.42529,0,0.590952,6.048,4.17222e+06,2.70226e+06,1.30294e+07,0,0,0,2.35796e+08,61.7219,61.308,2.12026,0,0,2.38453,2.08213,0,1.79799,3.38688,8.67071e+06,3.61194e+06,2.06756e+07,0,0,0,6.40623e+07
85.8288,110.355,1.97013,0.24,0.02,3.12331,3.42571,0,0.58523,6.048,4.17222e+06,2.70226e+06,1.30311e+07,0,0,0,2.35796e+08,61.334,61.308,1.97622,0,0,2.38478,2.08238,0,1.84229,3.38688,8.67071e+06,3.61194e+06,2.06778e+07,0,0,0,6.40623e+07
84.472,110.355,1.86893,0.22,0.02,3.12373,3.42613,0,0.585309,6.048,4.17222e+06,2.70226e+06,1.30329e+07,0,0,0,2.35796e+08,60.9244,61.308,1.91144,0,0,2.38504,2.08264,0,1.84248,3.38688,8.67071e+06,3.61194e+06,2.068e+07,0,0,0,6.40623e+07
83.0283,110.355,1.74024,0.24,0.02,3.12415,3.42655,0,0.585388,6.048,4.17222e+06,2.70226e+06,1.30346e+07,0,0,0,2.35796e+08,60.3794,61.308,1.78323,0,0,2.38529,2.08289,0,1.84268,3.38688,8.67071e+06,3.61194e+06,2.06822e+07,0,0,0,6.40623e+07
81.4494,110.355,1.66394,0.24,0.02,3.20455,3.50695,0,0.585466,6.048,4.17222e+06,2.70226e+06,1.33701e+07,0,0,0,2.35796e+08,59.6673,61.308,1.65722,0,0,2.43645,2.13405,0,1.84288,3.38688,8.67071e+06,3.61194e+06,2.11257e+07,0,0,0,6.40623e+07
79.6625,110.355,1.43044,0.23,0.02,3.20498,3.50738,0,0.600533,6.048,4.17222e+06,2.70226e+06,1.33719e+07,0,0,0,2.35796e+08,58.7703,61.308,1.4069,0,0,2.43671,2.13431,0,1.8824,3.38688,8.67071e+06,3.61194e+06,2.1128e+07,0,0,0,6.40623e+07
77.8014,110.355,1.33566,0.22,0.02,3.20541,3.50781,0,0.600613,6.048,4.17222e+06,2.70226e+06,1.33736e+07,0,0,0,2.35796e+08,57.7996,61.308,1.33705,0,0,2.43697,2.13457,0,1.8826,3.38688,8.67071e+06,3.61194e+06,2.11303e+07,0,0,0,6.40623e+07
75.8503,110.355,1.22588,0.25,0.02,3.20584,3.50824,0,0.600693,6.048,4.17222e+06,2.70226e+06,1.33754e+07,0,0,0,2.35796e+08,57.1119,61.308,1.24709,0,0,2.43723,2.13483,0,1.8828,3.38688,8.67071e+06,3.61194e+06,2.11325e+07,0,0,0,6.40623e+07
73.9652,110.355,1.46159,0.23,0.02,3.44059,3.74299,0,0.600774,6.048,4.17222e+06,2.70226e+06,1.43549e+07,0,0,0,2.35796e+08,56.236,61.308,1.65207,0,0,2.62132,2.31892,0,1.88301,3.38688,8.67071e+06,3.61194e+06,2.27287e+07,0,0,0,6.40623e+07
72.1307,110.355,1.50755,0.23,0.02,3.44105,3.74345,0,0.644767,6.048,4.17222e+06,2.70226e+06,1.43568e+07,0,0,0,2.35796e+08,55.5246,61.308,1.28069,0,0,2.6216,2.3192,0,2.02523,3.38688,8.67071e+06,3.61194e+06,2.27311e+07,0,0,0,6.40623e+07
70.4043,110.355,1.62249,0.28,0.02,3.44151,3.74391,0,0.644853,6.048,4.17222e+06,2.70226e+06,1.43587e+07,0,0,0,2.35796e+08,54.5181,61.308,1.57776,0,0,2.62188,2.31948,0,2.02545,3.38688,8.67071e+06,3.61194e+06,2.27336e+07,0,0,0,6.40623e+07
68.4244,110.355,1.34464,0.27,0.02,3.44197,3.74437,0,0.644939,6.048,4.17222e+06,2.70226e+06,1.43606e+07,0,0,0,2.35796e+08,53.814,61.308,1.09429,0,0,2.62217,2.31977,0,2.02567,3.38688,8.67071e+06,3.61194e+06,2.27361e+07,0,0,0,6.40623e+07
66.7706,110.355,1.6495,0.28,0.02,3.44243,3.74483,0,0.645025,6.048,4.17222e+06,2.70226e+06,1.43625e+07,0,0,0,2.35796e+08,53.3025,61.308,2.0992,0,0,2.62245,2.32005,0,2.02589,3.38688,8.67071e+06,3.61194e+06,2.27385e+07,0,0,0,6.40623e+07
65.8106,110.355,2.32156,0.32,0.02,3.32861,3.63101,0,0.645111,6.048,4.17222e+06,2.70226e+06,1.38877e+07,0,0,0,2.35796e+08,52.7836,61.308,2.26857,0,0,2.51109,2.20869,0,2.0261,3.38688,8.67071e+06,3.61194e+06,2.1773e+07,0,0,0,6.40623e+07
65.1626,110.355,2.64244,0.32,0.02,3.32905,3.63145,0,0.623782,6.048,4.17222e+06,2.70226e+06,1.38895e+07,0,0,0,2.35796e+08,52.5164,61.308,4.18781,0,0,2.51136,2.20896,0,1.94007,3.38688,8.67071e+06,3.61194e+06,2.17753e+07,0,0,0,6.40623e+07
64.2143,110.355,2.33806,0.34,0.02,3.3295,3.6319,0,0.623865,6.048,4.17222e+06,2.70226e+06,1.38914e+07,0,0,0,2.35796e+08,51.9924,61.308,2.95933,0,0,2.51163,2.20923,0,1.94028,3.38688,8.67071e+06,3.61194e+06,2.17776e+07,0,0,0,6.40623e+07
62.8711,110.355,1.91931,0.34,0.02,3.32994,3.63234,0,0.623948,6.048,4.17222e+06,2.70226e+06,1.38932e+07,0,0,0,2.35796e+08,51.3958,61.308,2.32826,0,0,2.5119,2.2095,0,1.94049,3.38688,8.67071e+06,3.61194e+06,2.178e+07,0,0,0,6.40623e+07
63.2715,110.355,3.7153,0.34,0.02,3.23654,3.53894,0,0.624031,6.048,4.17222e+06,2.70226e+06,1.35036e+07,0,0,0,2.35796e+08,51.1932,61.308,3.29194,0,0,2.4105,2.1081,0,1.9407,3.38688,8.67071e+06,3.61194e+06,2.09008e+07,0,0,0,6.40623e+07
66.737,110.355,7.02361,0.32,0.02,3.23698,3.53938,0,0.606528,6.048,4.17222e+06,2.70226e+06,1.35054e+07,0,0,0,2.35796e+08,52.1184,61.308,6.13959,0,0,2.41076,2.10836,0,1.86235,3.38688,8.67071e+06,3.61194e+06,2.0903e+07,0,0,0,6.40623e+07
67.2773,110.355,3.94734,0.36,0.02,3.23741,3.53981,0,0.606609,6.048,4.17222e+06,2.70226e+06,1.35072e+07,0,0,0,2.35796e+08,52.2394,61.308,3.37174,0,0,2.41102,2.10862,0,1.86255,3.38688,8.67071e+06,3.61194e+06,2.09052e+07,0,0,0,6.40623e+07
68.2308,110.355,4.36854,0.34,0.02,3.23784,3.54024,0,0.60669,6.048,4.17222e+06,2.70226e+06,1.3509e+07,0,0,0,2.35796e+08,52.4931,61.308,4.0316,0,0,2.41127,2.10887,0,1.86275,3.38688,8.67071e+06,3.61194e+06,2.09075e+07,0,0,0,6.40623e+07
70.5225,110.355,5.55385,0.28,0.02,2.97162,3.27402,0,0.606771,6.048,4.17222e+06,2.70226e+06,1.23982e+07,0,0,0,2.35796e+08,52.9011,61.308,4.72345,0,0,2.19968,1.89728,0,1.86295,3.38688,8.67071e+06,3.61194e+06,1.90728e+07,0,0,0,6.40623e+07
78.782,110.355,12.1433,0.29,0.02,2.97202,3.27442,0,0.556882,6.048,4.17222e+06,2.70226e+06,1.23999e+07,0,0,0,2.35796e+08,56.0761,61.308,10.3482,0,0,2.19991,1.89751,0,1.69947,3.38688,8.67071e+06,3.61194e+06,1.90748e+07,0,0,0,6.40623e+07
87.3536,110.355,12.2666,0.29,0.02,2.97242,3.27482,0,0.556957,6.048,4.17222e+06,2.70226e+06,1.24016e+07,0,0,0,2.35796e+08,59.4292,61.308,10.7768,0,0,2.20014,1.89774,0,1.69965,3.38688,8.67071e+06,3.61194e+06,1.90768e+07,0,0,0,6.40623e+07
98.0433,110.355,14.5758,0.25,0.02,2.97282,3.27522,0,0.557032,6.048,4.17222e+06,2.70226e+06,1.24032e+07,0,0,0,2.35796e+08,62.3362,61.308,14.3331,0,0,2.20037,1.89797,0,1.69983,3.38688,8.67071e+06,3.61194e+06,1.90788e+07,0,0,0,6.40623e+07
108.843,110.355,14.9098,0.19,0.02,2.97322,3.27562,0,0.557107,6.048,4.17222e+06,2.70226e+06,1.24049e+07,0,0,0,2.35796e+08,62.3362,61.308,16.8676,0,0,2.2006,1.8982,0,1.70001,3.38688,8.67071e+06,3.61194e+06,1.90808e+07,0,0,0,6.40623e+07
110.355,110.355,7.78519,0.1,0.02,2.97322,3.27562,0,0.557182,6.048,4.17222e+06,2.70226e+06,1.24049e+07,0,0,0,2.35796e+08,62.3362,61.308,8.3548,0,0,2.2006,1.8982,0,1.70019,3.38688,8.67071e+06,3.61194e+06,1.90808e+07,0,0,0,6.40623e+07
110.355,110.355,4.01114,0.1,0.02,3.07623,3.37863,0,0.557182,6.048,4.17222e+06,2.70226e+06,1.28347e+07,0,0,0,2.35796e+08,62.3362,61.308,4.84428,0,0,2.26221,1.95981,0,1.70019,3.38688,8.67071e+06,3.61194e+06,1.9615e+07,0,0,0,6.40623e+07
110.032,110.355,3.60191,0.1,0.02,3.07662,3.37902,0,0.576486,6.048,4.17222e+06,2.70226e+06,1.28363e+07,0,0,0,2.35796e+08,62.3362,61.308,6.08451,0,0,2.26243,1.96003,0,1.74778,3.38688,8.67071e+06,3.61194e+06,1.96169e+07,0,0,0,6.40623e+07
109.997,110.355,3.73859,0.09,0.02,3.077,3.3794,0,0.576558,6.048,4.17222e+06,2.70226e+06,1.28379e+07,0,0,0,2.35796e+08,62.3362,61.308,3.6099,0,0,2.26265,1.96025,0,1.74796,3.38688,8.67071e+06,3.61194e+06,1.96188e+07,0,0,0,6.40623e+07
110.355,110.355,5.18655,0.1,0.02,3.07738,3.37978,0,0.576629,6.048,4.17222e+06,2.70226e+06,1.28395e+07,0,0,0,2.35796e+08,62.3362,61.308,3.89965,0,0,2.26288,1.96048,0,1.74813,3.38688,8.67071e+06,3.61194e+06,1.96207e+07,0,0,0,6.40623e+07
109.585,110.355,3.37364,0.11,0.02,3.40745,3.70985,0,0.576701,6.048,4.17222e+06,2.70226e+06,1.42166e+07,0,0,0,2.35796e+08,62.3362,61.308,3.27097,0,0,2.49363,2.19123,0,1.7483,3.38688,8.67071e+06,3.61194e+06,2.16216e+07,0,0,0,6.40623e+07
110.355,110.355,4.93367,0.11,0.02,3.40787,3.71027,0,0.638557,6.048,4.17222e+06,2.70226e+06,1.42184e+07,0,0,0,2.35796e+08,62.3362,61.308,3.71558,0,0,2.49388,2.19148,0,1.92658,3.38688,8.67071e+06,3.61194e+06,2.16237e+07,0,0,0,6.40623e+07
110.355,110.355,5.38261,0.11,0.02,3.40829,3.71069,0,0.638636,6.048,4.17222e+06,2.70226e+06,1.42201e+07,0,0,0,2.35796e+08,62.3362,61.308,4.52557,0,0,2.49413,2.19173,0,1.92677,3.38688,8.67071e+06,3.61194e+06,2.16259e+07,0,0,0,6.40623e+07
110.355,110.355,4.28487,0.11,0.02,3.40871,3.71111,0,0.638714,6.048,4.17222e+06,2.70226e+06,1.42219e+07,0,0,0,2.35796e+08,62.3362,61.308,3.81048,0,0,2.49438,2.19198,0,1.92696,3.38688,8.67071e+06,3.61194e+06,2.1628e+07,0,0,0,6.40623e+07
110.355,110.355,5.56068,0.12,0.02,2.93867,3.24107,0,0.638793,6.048,4.17222e+06,2.70226e+06,1.22608e+07,0,0,0,2.35796e+08,62.3362,61.308,5.11789,0,0,2.1851,1.8827,0,1.92715,3.38688,8.67071e+06,3.61194e+06,1.89464e+07,0,0,0,6.40623e+07
110.355,110.355,4.40413,0.13,0.02,2.93904,3.24144,0,0.550707,6.048,4.17222e+06,2.70226e+06,1.22623e+07,0,0,0,2.35796e+08,62.3362,61.308,3.21633,0,0,2.18531,1.88291,0,1.68821,3.38688,8.67071e+06,3.61194e+06,1.89482e+07,0,0,0,6.40623e+07
110.355,110.355,3.86813,0.12,0.02,2.9394,3.2418,0,0.550776,6.048,4.17222e+06,2.70226e+06,1.22638e+07,0,0,0,2.35796e+08,62.3362,61.308,3.21439,0,0,2.18553,1.88313,0,1.68837,3.38688,8.67071e+06,3.61194e+06,1.89501e+07,0,0,0,6.40623e+07
110.355,110.355,7.11092,0.14,0.02,2.93977,3.24217,0,0.550844,6.048,4.17222e+06,2.70226e+06,1.22654e+07,0,0,0,2.35796e+08,62.3362,61.308,5.58741,0,0,2.18574,1.88334,0,1.68854,3.38688,8.67071e+06,3.61194e+06,1.89519e+07,0,0,0,6.40623e+07
110.355,110.355,8.09329,0.14,0.02,2.94014,3.24254,0,0.550913,6.048,4.17222e+06,2.70226e+06,1.22669e+07,0,0,0,2.35796e+08,62.3362,61.308,6.77235,0,0,2.18595,1.88355,0,1.6887,3.38688,8.67071e+06,3.61194e+06,1.89538e+07,0,0,0,6.40623e+07
110.355,110.355,6.15422,0.13,0.02,3.05899,3.36139,0,0.550982,6.048,4.17222e+06,2.70226e+06,1.27628e+07,0,0,0,2.35796e+08,62.3362,61.308,5.28314,0,0,2.26193,1.95953,0,1.68887,3.38688,8.67071e+06,3.61194e+06,1.96125e+07,0,0,0,6.40623e+07
110.355,110.355,5.99198,0.13,0.02,3.05937,3.36177,0,0.573255,6.048,4.17222e+06,2.70226e+06,1.27644e+07,0,0,0,2.35796e+08,62.3362,61.308,5.32591,0,0,2.26215,1.95975,0,1.74757,3.38688,8.67071e+06,3.61194e+06,1.96145e+07,0,0,0,6.40623e+07
110.355,110.355,5.65775,0.13,0.02,3.05975,3.36215,0,0.573326,6.048,4.17222e+06,2.70226e+06,1.27659e+07,0,0,0,2.35796e+08,62.3362,61.308,5.74057,0,0,2.26237,1.95997,0,1.74774,3.38688,8.67071e+06,3.61194e+06,1.96164e+07,0,0,0,6.40623e+07
110.355,110.355,4.97859,0.13,0.02,3.06013,3.36253,0,0.573397,6.048,4.17222e+06,2.70226e+06,1.27675e+07,0,0,0,2.35796e+08,62.3362,61.308,4.66881,0,0,2.26259,1.96019,0,1.74791,3.38688,8.67071e+06,3.61194e+06,1.96183e+07,0,0,0,6.40623e+07
110.355,110.355,3.92823,0.12,0.02,3.01416,3.31656,0,0.573469,6.048,4.17222e+06,2.70226e+06,1.25757e+07,0,0,0,2.35796e+08,62.3362,61.308,3.64153,0,0,2.23338,1.93098,0,1.74808,3.38688,8.67071e+06,3.61194e+06,1.9365e+07,0,0,0,6.40623e+07
109.948,110.355,3.13052,0.1,0.02,3.01454,3.31694,0,0.564854,6.048,4.17222e+06,2.70226e+06,1.25773e+07,0,0,0,2.35796e+08,62.3362,61.308,3.03518,0,0,2.23359,1.93119,0,1.72551,3.38688,8.67071e+06,3.61194e+06,1.93668e+07,0,0,0,6.40623e+07
109.206,110.355,2.7817,0.11,0.02,3.01491,3.31731,0,0.564924,6.048,4.17222e+06,2.70226e+06,1.25789e+07,0,0,0,2.35796e+08,62.2546,61.308,2.49966,0,0,2.23381,1.93141,0,1.72567,3.38688,8.67071e+06,3.61194e+06,1.93687e+07,0,0,0,6.40623e+07
108.933,110.355,3.27078,0.12,0.02,3.01529,3.31769,0,0.564994,6.048,4.17222e+06,2.70226e+06,1.25804e+07,0,0,0,2.35796e+08,62.2799,61.308,2.66941,0,0,2.23403,1.93163,0,1.72584,3.38688,8.67071e+06,3.61194e+06,1.93706e+07,0,0,0,6.40623e+07
107.891,110.355,2.54753,0.11,0.02,3.17306,3.47546,0,0.565065,6.048,4.17222e+06,2.70226e+06,1.32387e+07,0,0,0,2.35796e+08,62.1367,61.308,2.3545,0,0,2.33869,2.03629,0,1.72601,3.38688,8.67071e+06,3.61194e+06,2.02781e+07,0,0,0,6.40623e+07
106.734,110.355,2.41082,0.1,0.02,3.17345,3.47585,0,0.594631,6.048,4.17222e+06,2.70226e+06,1.32403e+07,0,0,0,2.35796e+08,61.9592,61.308,2.11648,0,0,2.33892,2.03652,0,1.80687,3.38688,8.67071e+06,3.61194e+06,2.02801e+07,0,0,0,6.40623e+07
105.432,110.355,2.18161,0.16,0.02,3.17384,3.47624,0,0.594705,6.048,4.17222e+06,2.70226e+06,1.3242e+07,0,0,0,2.35796e+08,61.6558,61.308,2.03818,0,0,2.33915,2.03675,0,1.80705,3.38688,8.67071e+06,3.61194e+06,2.02821e+07,0,0,0,6.40623e+07
104.047,110.355,2.0647,0.15,0.02,3.17424,3.47664,0,0.594778,6.048,4.17222e+06,2.70226e+06,1.32436e+07,0,0,0,2.35796e+08,61.0717,61.308,1.91597,0,0,2.33938,2.03698,0,1.80723,3.38688,8.67071e+06,3.61194e+06,2.02841e+07,0,0,0,6.40623e+07
102.575,110.355,1.9558,0.15,0.02,3.17463,3.47703,0,0.594852,6.048,4.17222e+06,2.70226e+06,1.32452e+07,0,0,0,2.35796e+08,60.2495,61.308,1.46701,0,0,2.33961,2.03721,0,1.80741,3.38688,8.67071e+06,3.61194e+06,2.02861e+07,0,0,0,6.40623e+07
100.982,110.355,1.79099,0.13,0.02,3.14388,3.44628,0,0.594926,6.048,4.17222e+06,2.70226e+06,1.31169e+07,0,0,0,2.35796e+08,59.2753,61.308,1.33092,0,0,2.39728,2.09488,0,1.80759,3.38688,8.67071e+06,3.61194e+06,2.07861e+07,0,0,0,6.40623e+07
99.2299,110.355,1.61691,0.17,0.02,3.14427,3.44667,0,0.589163,6.048,4.17222e+06,2.70226e+06,1.31186e+07,0,0,0,2.35796e+08,58.2665,61.308,1.18301,0,0,2.39752,2.09512,0,1.85214,3.38688,8.67071e+06,3.61194e+06,2.07882e+07,0,0,0,6.40623e+07
97.4582,110.355,1.54067,0.15,0.02,3.14466,3.44706,0,0.589235,6.048,4.17222e+06,2.70226e+06,1.31202e+07,0,0,0,2.35796e+08,57.1349,61.308,1.15367,0,0,2.39775,2.09535,0,1.85232,3.38688,8.67071e+06,3.61194e+06,2.07902e+07,0,0,0,6.40623e+07
95.5417,110.355,1.37157,0.16,0.02,3.14504,3.44744,0,0.589308,6.048,4.17222e+06,2.70226e+06,1.31218e+07,0,0,0,2.35796e+08,55.8896,61.308,1.07798,0,0,2.39799,2.09559,0,1.85251,3.38688,8.67071e+06,3.61194e+06,2.07923e+07,0,0,0,6.40623e+07
93.4705,110.355,1.29039,0.17,0.02,3.2259,3.5283,0,0.589381,6.048,4.17222e+06,2.70226e+06,1.34591e+07,0,0,0,2.35796e+08,54.6243,61.308,0.993228,0,0,2.44944,2.14704,0,1.85269,3.38688,8.67071e+06,3.61194e+06,2.12384e+07,0,0,0,6.40623e+07
91.3077,110.355,1.18241,0.17,0.02,3.2263,3.5287,0,0.604534,6.048,4.17222e+06,2.70226e+06,1.34608e+07,0,0,0,2.35796e+08,53.3075,61.308,0.962662,0,0,2.44968,2.14728,0,1.89244,3.38688,8.67071e+06,3.61194e+06,2.12405e+07,0,0,0,6.40623e+07
89.0528,110.355,1.07327,0.17,0.02,3.2267,3.5291,0,0.604608,6.048,4.17222e+06,2.70226e+06,1.34625e+07,0,0,0,2.35796e+08,51.9714,61.308,0.880062,0,0,2.44993,2.14753,0,1.89263,3.38688,8.67071e+06,3.61194e+06,2.12426e+07,0,0,0,6.40623e+07
86.7066,110.355,0.943911,0.19,0.02,3.22709,3.52949,0,0.604683,6.048,4.17222e+06,2.70226e+06,1.34641e+07,0,0,0,2.35796e+08,50.602,61.308,0.868293,0,0,2.45017,2.14777,0,1.89281,3.38688,8.67071e+06,3.61194e+06,2.12447e+07,0,0,0,6.40623e+07
83.9526,110.355,0.742619,0.19,0.02,3.46324,3.76564,0,0.604758,6.048,4.17222e+06,2.70226e+06,1.44494e+07,0,0,0,2.35796e+08,49.1768,61.308,0.814641,0,0,2.63535,2.33295,0,1.893,3.38688,8.67071e+06,3.61194e+06,2.28503e+07,0,0,0,6.40623e+07
81.1623,110.355,0.648971,0.2,0.02,3.46366,3.76606,0,0.649011,6.048,4.17222e+06,2.70226e+06,1.44512e+07,0,0,0,2.35796e+08,47.7404,61.308,0.755974,0,0,2.63561,2.33321,0,2.03607,3.38688,8.67071e+06,3.61194e+06,2.28526e+07,0,0,0,6.40623e+07
78.4309,110.355,0.684865,0.2,0.02,3.46409,3.76649,0,0.649091,6.048,4.17222e+06,2.70226e+06,1.44529e+07,0,0,0,2.35796e+08,46.4133,61.308,0.745776,0,0,2.63587,2.33347,0,2.03627,3.38688,8.67071e+06,3.61194e+06,2.28549e+07,0,0,0,6.40623e+07
76.0317,110.355,1.02688,0.24,0.02,3.46452,3.76692,0,0.649171,6.048,4.17222e+06,2.70226e+06,1.44547e+07,0,0,0,2.35796e+08,45.1311,61.308,0.891755,0,0,2.63614,2.33374,0,2.03647,3.38688,8.67071e+06,3.61194e+06,2.28572e+07,0,0,0,6.40623e+07
73.6122,110.355,1.04167,0.23,0.02,3.46494,3.76734,0,0.64925,6.048,4.17222e+06,2.70226e+06,1.44565e+07,0,0,0,2.35796e+08,43.8898,61.308,0.915194,0,0,2.6364,2.334,0,2.03668,3.38688,8.67071e+06,3.61194e+06,2.28595e+07,0,0,0,6.40623e+07
71.1603,110.355,0.898057,0.22,0.02,3.35041,3.65281,0,0.64933,6.048,4.17222e+06,2.70226e+06,1.39786e+07,0,0,0,2.35796e+08,43.1405,61.308,0.911133,0,0,2.52435,2.22195,0,2.03688,3.38688,8.67071e+06,3.61194e+06,2.18879e+07,0,0,0,6.40623e+07
68.5934,110.355,0.75396,0.27,0.02,3.35082,3.65322,0,0.627866,6.048,4.17222e+06,2.70226e+06,1.39803e+07,0,0,0,2.35796e+08,41.9589,61.308,1.51525,0,0,2.5246,2.2222,0,1.95031,3.38688,8.67071e+06,3.61194e+06,2.18901e+07,0,0,0,6.40623e+07
65.9488,110.355,0.650372,0.26,0.02,3.35123,3.65363,0,0.627944,6.048,4.17222e+06,2.70226e+06,1.39821e+07,0,0,0,2.35796e+08,40.7405,61.308,0.806108,0,0,2.52485,2.22245,0,1.95051,3.38688,8.67071e+06,3.61194e+06,2.18923e+07,0,0,0,6.40623e+07
63.4084,110.355,0.772684,0.35,0.02,3.35164,3.65404,0,0.628021,6.048,4.17222e+06,2.70226e+06,1.39838e+07,0,0,0,2.35796e+08,40.1402,61.308,1.02139,0,0,2.5251,2.2227,0,1.9507,3.38688,8.67071e+06,3.61194e+06,2.18944e+07,0,0,0,6.40623e+07
61.684,110.355,1.60504,0.33,0.02,3.25765,3.56005,0,0.628098,6.048,4.17222e+06,2.70226e+06,1.35916e+07,0,0,0,2.35796e+08,39.6204,61.308,2.10419,0,0,2.42308,2.12068,0,1.95089,3.38688,8.67071e+06,3.61194e+06,2.10098e+07,0,0,0,6.40623e+07
59.4438,110.355,0.688083,0.46,0.02,2.88219,3.56045,0,0.610484,6.048,4.17222e+06,3.42622e+06,1.20251e+07,0,0,0,2.35796e+08,39.0858,61.308,1.38328,0,0,2.19942,2.12092,0,1.87207,3.38688,8.67071e+06,4.57961e+06,1.90705e+07,0,0,0,6.40623e+07
57.4568,110.355,0.950009,0.46,0.02,2.88255,3.56086,0,0.540123,6.048,4.17222e+06,3.42622e+06,1.20266e+07,0,0,0,2.35796e+08,38.651,61.308,1.75555,0,0,2.19963,2.12115,0,1.69927,3.38688,8.67071e+06,4.57961e+06,1.90724e+07,0,0,0,6.40623e+07
55.9515,110.355,1.47949,0.47,0.02,2.88291,3.56126,0,0.54019,6.048,4.17222e+06,3.42622e+06,1.20281e+07,0,0,0,2.35796e+08,38.4062,61.308,2.26262,0,0,2.19985,2.12139,0,1.69944,3.38688,8.67071e+06,4.57961e+06,1.90743e+07,0,0,0,6.40623e+07
54.9522,110.355,1.74795,0.56,0.02,2.64335,3.29343,0,0.540258,6.048,4.17222e+06,3.42622e+06,1.10286e+07,0,0,0,2.35796e+08,38.3373,61.308,2.49918,0,0,2.00945,1.90852,0,1.6996,3.38688,8.67071e+06,4.57961e+06,1.74234e+07,0,0,0,6.40623e+07
53.7906,110.355,1.59123,0.6,0.02,2.64369,3.2938,0,0.495365,6.048,4.17222e+06,3.42622e+06,1.103e+07,0,0,0,2.35796e+08,38.1683,61.308,2.41022,0,0,2.00964,1.90874,0,1.5525,3.38688,8.67071e+06,4.57961e+06,1.7425e+07,0,0,0,6.40623e+07
52.457,110.355,1.37472,0.64,0.02,2.64402,3.29417,0,0.495427,6.048,4.17222e+06,3.42622e+06,1.10314e+07,0,0,0,2.35796e+08,37.9339,61.308,2.09728,0,0,2.00983,1.90895,0,1.55265,3.38688,8.67071e+06,4.57961e+06,1.74267e+07,0,0,0,6.40623e+07
51.4097,110.355,1.62905,0.65,0.02,2.64435,3.29454,0,0.495489,6.048,4.17222e+06,3.42622e+06,1.10328e+07,0,0,0,2.35796e+08,37.7682,61.308,2.56088,0,0,2.01003,1.90917,0,1.5528,3.38688,8.67071e+06,4.57961e+06,1.74284e+07,0,0,0,6.40623e+07
51.7219,110.355,3.05699,0.65,0.02,2.64468,3.29491,0,0.495552,6.048,4.17222e+06,3.42622e+06,1.10342e+07,0,0,0,2.35796e+08,37.9433,61.308,3.51235,0,0,2.01022,1.90938,0,1.55295,3.38688,8.67071e+06,4.57961e+06,1.743e+07,0,0,0,6.40623e+07
53.7933,110.355,5.10469,0.66,0.02,2.73734,3.3985,0,0.495614,6.048,4.17222e+06,3.42622e+06,1.14208e+07,0,0,0,2.35796e+08,38.8686,61.308,4.87039,0,0,2.06563,1.97133,0,1.5531,3.38688,8.67071e+06,4.57961e+06,1.79105e+07,0,0,0,6.40623e+07
54.8003,110.355,3.98263,0.68,0.02,2.73765,3.39885,0,0.512977,6.048,4.17222e+06,3.42622e+06,1.14221e+07,0,0,0,2.35796e+08,39.2438,61.308,3.69399,0,0,2.06581,1.97154,0,1.59591,3.38688,8.67071e+06,4.57961e+06,1.79121e+07,0,0,0,6.40623e+07
55.6244,110.355,3.7686,0.69,0.02,2.73797,3.39921,0,0.513036,6.048,4.17222e+06,3.42622e+06,1.14234e+07,0,0,0,2.35796e+08,39.5378,61.308,3.58713,0,0,2.066,1.97174,0,1.59605,3.38688,8.67071e+06,4.57961e+06,1.79137e+07,0,0,0,6.40623e+07
56.4865,110.355,3.81211,0.7,0.02,2.73828,3.39956,0,0.513095,6.048,4.17222e+06,3.42622e+06,1.14247e+07,0,0,0,2.35796e+08,39.8086,61.308,3.7074,0,0,2.06618,1.97195,0,1.59619,3.38688,8.67071e+06,4.57961e+06,1.79152e+07,0,0,0,6.40623e+07
57.6875,110.355,4.44586,0.68,0.02,3.03521,3.73153,0,0.513154,6.048,4.17222e+06,3.42622e+06,1.26635e+07,0,0,0,2.35796e+08,40.4165,61.308,3.62456,0,0,2.27377,2.20404,0,1.59633,3.38688,8.67071e+06,4.57961e+06,1.97152e+07,0,0,0,6.40623e+07
59.3641,110.355,4.98048,0.7,0.02,3.03556,3.73192,0,0.568798,6.048,4.17222e+06,3.42622e+06,1.2665e+07,0,0,0,2.35796e+08,41.153,61.308,4.0797,0,0,2.27397,2.20426,0,1.75671,3.38688,8.67071e+06,4.57961e+06,1.97169e+07,0,0,0,6.40623e+07
61.1048,110.355,5.07546,0.72,0.02,3.0359,3.73231,0,0.568863,6.048,4.17222e+06,3.42622e+06,1.26664e+07,0,0,0,2.35796e+08,41.7833,61.308,3.65081,0,0,2.27418,2.20449,0,1.75687,3.38688,8.67071e+06,4.57961e+06,1.97187e+07,0,0,0,6.40623e+07
63.085,110.355,5.33515,0.72,0.02,3.03625,3.73269,0,0.568928,6.048,4.17222e+06,3.42622e+06,1.26679e+07,0,0,0,2.35796e+08,42.5785,61.308,4.49931,0,0,2.27438,2.20472,0,1.75703,3.38688,8.67071e+06,4.57961e+06,1.97205e+07,0,0,0,6.40623e+07
66.4149,110.355,6.48635,0.71,0.02,2.61336,3.25989,0,0.568993,6.048,4.17222e+06,3.42622e+06,1.09035e+07,0,0,0,2.35796e+08,44.2192,61.308,5.98053,0,0,1.99613,1.89363,0,1.75719,3.38688,8.67071e+06,4.57961e+06,1.73079e+07,0,0,0,6.40623e+07
69.0443,110.355,5.6746,0.73,0.02,2.61366,3.26023,0,0.489743,6.048,4.17222e+06,3.42622e+06,1.09047e+07,0,0,0,2.35796e+08,45.9116,61.308,5.83693,0,0,1.99631,1.89383,0,1.54221,3.38688,8.67071e+06,4.57961e+06,1.73094e+07,0,0,0,6.40623e+07
70.1975,110.355,4.20496,0.73,0.02,2.61396,3.26056,0,0.4898,6.048,4.17222e+06,3.42622e+06,1.0906e+07,0,0,0,2.35796e+08,46.9834,61.308,4.45183,0,0,1.99648,1.89402,0,1.54235,3.38688,8.67071e+06,4.57961e+06,1.73109e+07,0,0,0,6.40623e+07
72.5392,110.355,5.43096,0.77,0.02,2.61426,3.2609,0,0.489856,6.048,4.17222e+06,3.42622e+06,1.09073e+07,0,0,0,2.35796e+08,48.2492,61.308,4.97705,0,0,1.99666,1.89422,0,1.54248,3.38688,8.67071e+06,4.57961e+06,1.73124e+07,0,0,0,6.40623e+07
75.7451,110.355,6.46994,0.79,0.02,2.61457,3.26124,0,0.489913,6.048,4.17222e+06,3.42622e+06,1.09085e+07,0,0,0,2.35796e+08,51.2117,61.308,8.47693,0,0,1.99683,1.89442,0,1.54262,3.38688,8.67071e+06,4.57961e+06,1.7314e+07,0,0,0,6.40623e+07
78.2378,110.355,5.80751,0.76,0.02,2.72146,3.38075,0,0.48997,6.048,4.17222e+06,3.42622e+06,1.13545e+07,0,0,0,2.35796e+08,52.7479,61.308,5.60031,0,0,2.06516,1.97081,0,1.54275,3.38688,8.67071e+06,4.57961e+06,1.79064e+07,0,0,0,6.40623e+07
80.1684,110.355,5.18901,0.79,0.02,2.72177,3.3811,0,0.510002,6.048,4.17222e+06,3.42622e+06,1.13558e+07,0,0,0,2.35796e+08,53.8362,61.308,4.62545,0,0,2.06535,1.97102,0,1.59555,3.38688,8.67071e+06,4.57961e+06,1.7908e+07,0,0,0,6.40623e+07
81.724,110.355,4.78708,0.73,0.02,2.72209,3.38145,0,0.51006,6.048,4.17222e+06,3.42622e+06,1.13571e+07,0,0,0,2.35796e+08,54.6485,61.308,3.94165,0,0,2.06553,1.97122,0,1.59569,3.38688,8.67071e+06,4.57961e+06,1.79096e+07,0,0,0,6.40623e+07
82.5257,110.355,3.93178,0.72,0.02,2.7224,3.3818,0,0.510119,6.048,4.17222e+06,3.42622e+06,1.13584e+07,0,0,0,2.35796e+08,55.2964,61.308,3.51494,0,0,2.06571,1.97143,0,1.59583,3.38688,8.67071e+06,4.57961e+06,1.79112e+07,0,0,0,6.40623e+07
82.5634,110.355,3.1268,0.72,0.02,2.68102,3.33554,0,0.510178,6.048,4.17222e+06,3.42622e+06,1.11858e+07,0,0,0,2.35796e+08,55.5111,61.308,2.71677,0,0,2.03941,1.94202,0,1.59597,3.38688,8.67071e+06,4.57961e+06,1.76832e+07,0,0,0,6.40623e+07
82.3476,110.355,2.81194,0.69,0.02,2.68133,3.33588,0,0.502423,6.048,4.17222e+06,3.42622e+06,1.11871e+07,0,0,0,2.35796e+08,55.5925,61.308,2.40959,0,0,2.03959,1.94223,0,1.57565,3.38688,8.67071e+06,4.57961e+06,1.76847e+07,0,0,0,6.40623e+07
82.0785,110.355,2.70874,0.67,0.02,2.68164,3.33623,0,0.502481,6.048,4.17222e+06,3.42622e+06,1.11884e+07,0,0,0,2.35796e+08,55.6985,61.308,2.51451,0,0,2.03977,1.94243,0,1.57579,3.38688,8.67071e+06,4.57961e+06,1.76863e+07,0,0,0,6.40623e+07
81.624,110.355,2.50684,0.65,0.02,2.68195,3.33658,0,0.502539,6.048,4.17222e+06,3.42622e+06,1.11897e+07,0,0,0,2.35796e+08,55.4351,61.308,2.34945,0,0,2.03995,1.94263,0,1.57593,3.38688,8.67071e+06,4.57961e+06,1.76879e+07,0,0,0,6.40623e+07
80.9258,110.355,2.36632,0.59,0.02,2.82384,3.49522,0,0.502597,6.048,4.17222e+06,3.42622e+06,1.17817e+07,0,0,0,2.35796e+08,54.9935,61.308,1.9413,0,0,2.13409,2.04787,0,1.57607,3.38688,8.67071e+06,4.57961e+06,1.8504e+07,0,0,0,6.40623e+07
79.9662,110.355,2.03309,0.53,0.02,2.82417,3.49558,0,0.529188,6.048,4.17222e+06,3.42622e+06,1.1783e+07,0,0,0,2.35796e+08,54.4551,61.308,1.68702,0,0,2.13428,2.04808,0,1.64879,3.38688,8.67071e+06,4.57961e+06,1.85057e+07,0,0,0,6.40623e+07
78.9378,110.355,1.94352,0.47,0.02,2.82449,3.49594,0,0.529249,6.048,4.17222e+06,3.42622e+06,1.17844e+07,0,0,0,2.35796e+08,53.9005,61.308,1.71247,0,0,2.13447,2.04829,0,1.64894,3.38688,8.67071e+06,4.57961e+06,1.85073e+07,0,0,0,6.40623e+07
77.8343,110.355,1.85489,0.42,0.02,2.82481,3.4963,0,0.529309,6.048,4.17222e+06,3.42622e+06,1.17857e+07,0,0,0,2.35796e+08,53.6552,61.308,1.66811,0,0,2.13466,2.04851,0,1.64909,3.38688,8.67071e+06,4.57961e+06,1.8509e+07,0,0,0,6.40623e+07
76.7653,110.355,1.89005,0.47,0.02,2.82514,3.49667,0,0.52937,6.048,4.17222e+06,3.42622e+06,1.17871e+07,0,0,0,2.35796e+08,53.4971,61.308,2.04816,0,0,2.13485,2.04872,0,1.64923,3.38688,8.67071e+06,4.57961e+06,1.85106e+07,0,0,0,6.40623e+07
75.6995,110.355,1.87057,0.44,0.02,2.79745,3.46571,0,0.529431,6.048,4.17222e+06,3.42622e+06,1.16716e+07,0,0,0,2.35796e+08,53.3865,61.308,2.23874,0,0,2.1867,2.10669,0,1.64938,3.38688,8.67071e+06,4.57961e+06,1.89602e+07,0,0,0,6.40623e+07
74.182,110.355,1.71434,0.38,0.02,3.16367,3.46607,0,0.524242,6.048,4.17222e+06,2.70226e+06,1.31995e+07,0,0,0,2.35796e+08,53.2684,61.308,2.23315,0,0,2.40931,2.10691,0,1.68944,3.38688,8.67071e+06,3.61194e+06,2.08904e+07,0,0,0,6.40623e+07
72.5261,110.355,1.55016,0.34,0.02,3.16403,3.46643,0,0.592871,6.048,4.17222e+06,2.70226e+06,1.3201e+07,0,0,0,2.35796e+08,53.0454,61.308,1.99537,0,0,2.40953,2.10713,0,1.86143,3.38688,8.67071e+06,3.61194e+06,2.08923e+07,0,0,0,6.40623e+07
70.8996,110.355,1.46883,0.39,0.02,3.09119,3.46679,0,0.592938,6.048,4.17222e+06,2.85518e+06,1.28971e+07,0,0,0,2.35796e+08,52.2778,61.308,1.89072,0,0,2.36526,2.10735,0,1.8616,3.38688,8.67071e+06,3.81634e+06,2.05085e+07,0,0,0,6.40623e+07
69.0703,110.355,1.36578,0.35,0.02,3.24566,3.54806,0,0.579289,6.048,4.17222e+06,2.70226e+06,1.35416e+07,0,0,0,2.35796e+08,51.3861,61.308,1.37059,0,0,2.46147,2.15907,0,1.8274,3.38688,8.67071e+06,3.61194e+06,2.13427e+07,0,0,0,6.40623e+07
67.1119,110.355,1.21463,0.31,0.02,3.24603,3.54843,0,0.608237,6.048,4.17222e+06,2.70226e+06,1.35431e+07,0,0,0,2.35796e+08,50.4355,61.308,1.29469,0,0,2.46169,2.15929,0,1.90173,3.38688,8.67071e+06,3.61194e+06,2.13446e+07,0,0,0,6.40623e+07
65.0762,110.355,1.11283,0.36,0.02,3.2464,3.5488,0,0.608306,6.048,4.17222e+06,2.70226e+06,1.35447e+07,0,0,0,2.35796e+08,49.4618,61.308,1.21676,0,0,2.46191,2.15951,0,1.9019,3.38688,8.67071e+06,3.61194e+06,2.13465e+07,0,0,0,6.40623e+07
62.9293,110.355,0.963252,0.32,0.02,3.24676,3.54916,0,0.608375,6.048,4.17222e+06,2.70226e+06,1.35462e+07,0,0,0,2.35796e+08,48.4909,61.308,1.2078,0,0,2.46214,2.15974,0,1.90207,3.38688,8.67071e+06,3.61194e+06,2.13485e+07,0,0,0,6.40623e+07
60.7346,110.355,1.08219,0.32,0.02,3.48419,3.78659,0,0.608444,6.048,4.17222e+06,2.70226e+06,1.45368e+07,0,0,0,2.35796e+08,47.6373,61.308,1.19481,0,0,2.64832,2.34592,0,1.90225,3.38688,8.67071e+06,3.61194e+06,2.29629e+07,0,0,0,6.40623e+07
59.0718,110.355,1.27709,0.41,0.02,3.08481,3.78698,0,0.652937,6.048,4.17222e+06,3.42622e+06,1.28705e+07,0,0,0,2.35796e+08,46.7074,61.308,1.41176,0,0,2.40089,2.34617,0,2.0461,3.38688,8.67071e+06,4.57961e+06,2.08175e+07,0,0,0,6.40623e+07
57.1925,110.355,1.05631,0.41,0.02,3.08516,3.78738,0,0.578093,6.048,4.17222e+06,3.42622e+06,1.28719e+07,0,0,0,2.35796e+08,45.9994,61.308,1.12348,0,0,2.40111,2.34641,0,1.85493,3.38688,8.67071e+06,4.57961e+06,2.08193e+07,0,0,0,6.40623e+07
55.5126,110.355,1.21854,0.4,0.02,3.08551,3.78777,0,0.578159,6.048,4.17222e+06,3.42622e+06,1.28734e+07,0,0,0,2.35796e+08,45.6465,61.308,1.69995,0,0,2.40133,2.34665,0,1.8551,3.38688,8.67071e+06,4.57961e+06,2.08212e+07,0,0,0,6.40623e+07
53.9838,110.355,1.42445,0.48,0.02,3.08586,3.78816,0,0.578225,6.048,4.17222e+06,3.42622e+06,1.28749e+07,0,0,0,2.35796e+08,45.3658,61.308,1.78535,0,0,2.40155,2.3469,0,1.85527,3.38688,8.67071e+06,4.57961e+06,2.08231e+07,0,0,0,6.40623e+07
54.0962,110.355,2.98558,0.49,0.02,2.98282,3.67296,0,0.57829,6.048,4.17222e+06,3.42622e+06,1.2445e+07,0,0,0,2.35796e+08,45.7441,61.308,3.90261,0,0,2.30075,2.23421,0,1.85543,3.38688,8.67071e+06,4.57961e+06,1.99492e+07,0,0,0,6.40623e+07
53.1842,110.355,2.05479,0.48,0.02,2.98316,3.67334,0,0.558981,6.048,4.17222e+06,3.42622e+06,1.24464e+07,0,0,0,2.35796e+08,45.7357,61.308,3.00822,0,0,2.30096,2.23444,0,1.77756,3.38688,8.67071e+06,4.57961e+06,1.9951e+07,0,0,0,6.40623e+07
51.9628,110.355,1.62103,0.48,0.02,2.9835,3.67372,0,0.559045,6.048,4.17222e+06,3.42622e+06,1.24478e+07,0,0,0,2.35796e+08,45.6479,61.308,2.27867,0,0,2.30117,2.23467,0,1.77772,3.38688,8.67071e+06,4.57961e+06,1.99528e+07,0,0,0,6.40623e+07
52.8447,110.355,3.81395,0.5,0.02,2.98384,3.6741,0,0.559108,6.048,4.17222e+06,3.42622e+06,1.24492e+07,0,0,0,2.35796e+08,46.0483,61.308,4.57364,0,0,2.30138,2.2349,0,1.77788,3.38688,8.67071e+06,4.57961e+06,1.99546e+07,0,0,0,6.40623e+07
54.192,110.355,4.50795,0.52,0.02,2.89928,3.57956,0,0.559172,6.048,4.17222e+06,3.42622e+06,1.20964e+07,0,0,0,2.35796e+08,47.5943,61.308,6.05057,0,0,2.2096,2.1323,0,1.77804,3.38688,8.67071e+06,4.57961e+06,1.91588e+07,0,0,0,6.40623e+07
56.4782,110.355,5.23691,0.51,0.02,2.89962,3.57993,0,0.543326,6.048,4.17222e+06,3.42622e+06,1.20978e+07,0,0,0,2.35796e+08,49.1996,61.308,6.08352,0,0,2.2098,2.13252,0,1.70714,3.38688,8.67071e+06,4.57961e+06,1.91605e+07,0,0,0,6.40623e+07
58.5426,110.355,5.18371,0.46,0.02,2.89995,3.5803,0,0.543388,6.048,4.17222e+06,3.42622e+06,1.20992e+07,0,0,0,2.35796e+08,50.3488,61.308,4.59251,0,0,2.21,2.13274,0,1.70729,3.38688,8.67071e+06,4.57961e+06,1.91622e+07,0,0,0,6.40623e+07
60.4176,110.355,5.05888,0.47,0.02,2.90028,3.58067,0,0.54345,6.048,4.17222e+06,3.42622e+06,1.21006e+07,0,0,0,2.35796e+08,51.5224,61.308,4.7911,0,0,2.21019,2.13296,0,1.70744,3.38688,8.67071e+06,4.57961e+06,1.9164e+07,0,0,0,6.40623e+07
61.6457,110.355,4.15263,0.48,0.02,2.65939,3.31135,0,0.543512,6.048,4.17222e+06,3.42622e+06,1.10955e+07,0,0,0,2.35796e+08,52.6377,61.308,4.39155,0,0,2.01874,1.91891,0,1.7076,3.38688,8.67071e+06,4.57961e+06,1.75039e+07,0,0,0,6.40623e+07
62.3263,110.355,3.67679,0.5,0.02,2.65969,3.31169,0,0.498369,6.048,4.17222e+06,3.42622e+06,1.10968e+07,0,0,0,2.35796e+08,53.9595,61.308,4.69448,0,0,2.01892,1.91911,0,1.55968,3.38688,8.67071e+06,4.57961e+06,1.75055e+07,0,0,0,6.40623e+07
65.1822,110.355,6.07261,0.44,0.02,2.66,3.31204,0,0.498427,6.048,4.17222e+06,3.42622e+06,1.10981e+07,0,0,0,2.35796e+08,55.8218,61.308,6.14479,0,0,2.0191,1.91931,0,1.55982,3.38688,8.67071e+06,4.57961e+06,1.7507e+07,0,0,0,6.40623e+07
73.8755,110.355,12.1649,0.48,0.02,2.66031,3.31238,0,0.498484,6.048,4.17222e+06,3.42622e+06,1.10994e+07,0,0,0,2.35796e+08,60.3591,61.308,15.1136,0,0,2.01927,1.91951,0,1.55995,3.38688,8.67071e+06,4.57961e+06,1.75085e+07,0,0,0,6.40623e+07
77.8525,110.355,7.67814,0.37,0.02,3.01032,3.31272,0,0.498542,6.048,4.17222e+06,2.70226e+06,1.25597e+07,0,0,0,2.35796e+08,62.3362,61.308,9.07782,0,0,2.22211,1.91971,0,1.56009,3.38688,8.67071e+06,3.61194e+06,1.92672e+07,0,0,0,6.40623e+07
79.4978,110.355,5.02158,0.42,0.04,2.75374,3.41684,0,0.564135,6.048,4.17222e+06,3.42622e+06,1.14892e+07,0,0,0,4.87373e+08,62.3362,61.308,6.66466,0,0,2.07515,1.98197,0,1.7168,3.38688,8.67071e+06,4.57961e+06,1.7993e+07,0,0,0,6.40623e+07
83.4441,110.355,7.81227,0.38,0.04,3.11476,3.41716,0,0.516051,6.048,4.17222e+06,2.70226e+06,1.29955e+07,0,0,0,4.87373e+08,62.3362,61.308,9.45576,0,0,2.28456,1.98216,0,1.60326,3.38688,8.67071e+06,3.61194e+06,1.98088e+07,0,0,0,6.40623e+07
86.3491,110.355,6.69496,0.39,0.04,3.04293,3.41749,0,0.583707,6.048,4.17222e+06,2.85518e+06,1.26958e+07,0,0,0,4.87373e+08,62.3362,61.308,8.75025,0,0,2.24289,1.98235,0,1.76505,3.38688,8.67071e+06,3.81634e+06,1.94475e+07,0,0,0,6.40623e+07
88.4486,110.355,6.0311,0.32,0.04,3.11541,3.41781,0,0.570246,6.048,4.17222e+06,2.70226e+06,1.29982e+07,0,0,0,4.87373e+08,62.3362,61.308,8.38938,0,0,2.28494,1.98254,0,1.73286,3.38688,8.67071e+06,3.61194e+06,1.9812e+07,0,0,0,6.40623e+07
91.3249,110.355,7.23875,0.32,0.04,3.44913,3.75153,0,0.583828,6.048,4.17222e+06,2.70226e+06,1.43905e+07,0,0,0,4.87373e+08,62.3362,61.308,15.1662,0,0,2.51825,2.21585,0,1.76534,3.38688,8.67071e+06,3.61194e+06,2.1835e+07,0,0,0,6.40623e+07
92.4772,110.355,5.61567,0.26,0.04,3.44949,3.75189,0,0.646367,6.048,4.17222e+06,2.70226e+06,1.4392e+07,0,0,0,4.87373e+08,62.3362,61.308,9.86252,0,0,2.51846,2.21606,0,1.9456,3.38688,8.67071e+06,3.61194e+06,2.18368e+07,0,0,0,6.40623e+07
92.3273,110.355,4.08551,0.28,0.04,3.44984,3.75224,0,0.646434,6.048,4.17222e+06,2.70226e+06,1.43935e+07,0,0,0,4.87373e+08,62.3362,61.308,6.46904,0,0,2.51867,2.21627,0,1.94576,3.38688,8.67071e+06,3.61194e+06,2.18387e+07,0,0,0,6.40623e+07
92.0215,110.355,3.76037,0.31,0.04,3.4502,3.7526,0,0.6465,6.048,4.17222e+06,2.70226e+06,1.4395e+07,0,0,0,4.87373e+08,62.3362,61.308,5.84596,0,0,2.51888,2.21648,0,1.94592,3.38688,8.67071e+06,3.61194e+06,2.18405e+07,0,0,0,6.40623e+07
91.8466,110.355,3.60796,0.32,0.04,2.97484,3.27724,0,0.646567,6.048,4.17222e+06,2.70226e+06,1.24117e+07,0,0,0,4.87373e+08,62.3362,61.308,5.55739,0,0,2.20611,1.90371,0,1.94609,3.38688,8.67071e+06,3.61194e+06,1.91286e+07,0,0,0,6.40623e+07
91.7434,110.355,3.62713,0.34,0.04,2.97515,3.27755,0,0.557485,6.048,4.17222e+06,2.70226e+06,1.2413e+07,0,0,0,4.87373e+08,62.3362,61.308,5.24445,0,0,2.20629,1.90389,0,1.70444,3.38688,8.67071e+06,3.61194e+06,1.91301e+07,0,0,0,6.40623e+07
91.7133,110.355,3.68756,0.39,0.04,2.90626,3.27786,0,0.557543,6.048,4.17222e+06,2.85518e+06,1.21255e+07,0,0,0,4.87373e+08,62.3362,61.308,5.25755,0,0,2.16627,1.90407,0,1.70458,3.38688,8.67071e+06,3.81634e+06,1.87831e+07,0,0,0,6.40623e+07
94.5042,110.355,6.24164,0.42,0.04,2.62971,3.27817,0,0.544632,6.048,4.17222e+06,3.42622e+06,1.09717e+07,0,0,0,4.87373e+08,62.3362,61.308,8.92216,0,0,2.00563,1.90425,0,1.67366,3.38688,8.67071e+06,4.57961e+06,1.73902e+07,0,0,0,6.40623e+07
98.8552,110.355,8.02546,0.45,0.04,2.62999,3.27848,0,0.492808,6.048,4.17222e+06,3.42622e+06,1.09729e+07,0,0,0,4.87373e+08,62.3362,61.308,9.91278,0,0,2.00579,1.90443,0,1.54955,3.38688,8.67071e+06,4.57961e+06,1.73916e+07,0,0,0,6.40623e+07
100.251,110.355,5.33173,0.33,0.04,3.09619,3.39859,0,0.49286,6.048,4.17222e+06,2.70226e+06,1.2918e+07,0,0,0,4.87373e+08,62.3362,61.308,10.2306,0,0,2.28362,1.98122,0,1.54967,3.38688,8.67071e+06,3.61194e+06,1.98006e+07,0,0,0,6.40623e+07
100.469,110.355,4.06381,0.31,0.04,3.09651,3.39891,0,0.580227,6.048,4.17222e+06,2.70226e+06,1.29193e+07,0,0,0,4.87373e+08,62.3362,61.308,7.76764,0,0,2.2838,1.9814,0,1.76432,3.38688,8.67071e+06,3.61194e+06,1.98022e+07,0,0,0,6.40623e+07
99.9801,110.355,3.29795,0.32,0.04,3.09684,3.39924,0,0.580287,6.048,4.17222e+06,2.70226e+06,1.29207e+07,0,0,0,4.87373e+08,62.3362,61.308,6.28316,0,0,2.28399,1.98159,0,1.76447,3.38688,8.67071e+06,3.61194e+06,1.98038e+07,0,0,0,6.40623e+07
99.2775,110.355,2.99321,0.32,0.04,3.09716,3.39956,0,0.580347,6.048,4.17222e+06,2.70226e+06,1.2922e+07,0,0,0,4.87373e+08,62.3362,61.308,5.36446,0,0,2.28418,1.98178,0,1.76461,3.38688,8.67071e+06,3.61194e+06,1.98055e+07,0,0,0,6.40623e+07
98.1869,110.355,2.49593,0.28,0.04,3.05062,3.35302,0,0.580407,6.048,4.17222e+06,2.70226e+06,1.27278e+07,0,0,0,4.87373e+08,62.3362,61.308,3.35575,0,0,2.2546,1.9522,0,1.76476,3.38688,8.67071e+06,3.61194e+06,1.9549e+07,0,0,0,6.40623e+07
96.6238,110.355,1.97845,0.28,0.04,3.05094,3.35334,0,0.571686,6.048,4.17222e+06,2.70226e+06,1.27292e+07,0,0,0,4.87373e+08,62.3362,61.308,2.97791,0,0,2.25479,1.95239,0,1.74191,3.38688,8.67071e+06,3.61194e+06,1.95506e+07,0,0,0,6.40623e+07
94.9563,110.355,1.85537,0.26,0.04,3.05126,3.35366,0,0.571746,6.048,4.17222e+06,2.70226e+06,1.27305e+07,0,0,0,4.87373e+08,62.3362,61.308,2.92273,0,0,2.25497,1.95257,0,1.74205,3.38688,8.67071e+06,3.61194e+06,1.95522e+07,0,0,0,6.40623e+07
94.3156,110.355,2.89475,0.32,0.04,3.05157,3.35397,0,0.571805,6.048,4.17222e+06,2.70226e+06,1.27318e+07,0,0,0,4.87373e+08,62.3362,61.308,3.65918,0,0,2.25516,1.95276,0,1.74219,3.38688,8.67071e+06,3.61194e+06,1.95538e+07,0,0,0,6.40623e+07
92.738,110.355,2.00383,0.31,0.04,3.21101,3.51341,0,0.571865,6.048,4.17222e+06,2.70226e+06,1.3397e+07,0,0,0,4.87373e+08,62.2953,61.308,2.6318,0,0,2.36093,2.05853,0,1.74233,3.38688,8.67071e+06,3.61194e+06,2.04709e+07,0,0,0,6.40623e+07
91.2126,110.355,2.04081,0.27,0.04,3.21134,3.51374,0,0.601743,6.048,4.17222e+06,2.70226e+06,1.33984e+07,0,0,0,4.87373e+08,62.3051,61.308,2.38637,0,0,2.36112,2.05872,0,1.82405,3.38688,8.67071e+06,3.61194e+06,2.04726e+07,0,0,0,6.40623e+07
89.4672,110.355,1.78387,0.23,0.04,3.21167,3.51407,0,0.601805,6.048,4.17222e+06,2.70226e+06,1.33998e+07,0,0,0,4.87373e+08,62.2373,61.308,2.22432,0,0,2.36132,2.05892,0,1.8242,3.38688,8.67071e+06,3.61194e+06,2.04743e+07,0,0,0,6.40623e+07
87.7001,110.355,1.67428,0.33,0.04,3.212,3.5144,0,0.601867,6.048,4.17222e+06,2.70226e+06,1.34012e+07,0,0,0,4.87373e+08,62.0495,61.308,2.12687,0,0,2.36151,2.05911,0,1.82435,3.38688,8.67071e+06,3.61194e+06,2.0476e+07,0,0,0,6.40623e+07
85.7657,110.355,1.46356,0.26,0.04,3.21234,3.51474,0,0.60193,6.048,4.17222e+06,2.70226e+06,1.34026e+07,0,0,0,4.87373e+08,61.6358,61.308,1.91941,0,0,2.36171,2.05931,0,1.8245,3.38688,8.67071e+06,3.61194e+06,2.04777e+07,0,0,0,6.40623e+07
83.6633,110.355,1.20723,0.24,0.04,3.18119,3.48359,0,0.601992,6.048,4.17222e+06,2.70226e+06,1.32726e+07,0,0,0,4.87373e+08,61.001,61.308,1.67587,0,0,2.41996,2.11756,0,1.82466,3.38688,8.67071e+06,3.61194e+06,2.09828e+07,0,0,0,6.40623e+07
81.5215,110.355,1.103,0.28,0.04,3.18152,3.48392,0,0.596155,6.048,4.17222e+06,2.70226e+06,1.3274e+07,0,0,0,4.87373e+08,60.2124,61.308,1.60066,0,0,2.42016,2.11776,0,1.86966,3.38688,8.67071e+06,3.61194e+06,2.09845e+07,0,0,0,6.40623e+07
79.3609,110.355,1.06343,0.25,0.04,3.18185,3.48425,0,0.596216,6.048,4.17222e+06,2.70226e+06,1.32753e+07,0,0,0,4.87373e+08,59.3579,61.308,1.43556,0,0,2.42036,2.11796,0,1.86982,3.38688,8.67071e+06,3.61194e+06,2.09863e+07,0,0,0,6.40623e+07
77.1847,110.355,1.01652,0.24,0.04,3.18218,3.48458,0,0.596278,6.048,4.17222e+06,2.70226e+06,1.32767e+07,0,0,0,4.87373e+08,58.5003,61.308,1.3761,0,0,2.42056,2.11816,0,1.86997,3.38688,8.67071e+06,3.61194e+06,2.0988e+07,0,0,0,6.40623e+07
74.9924,110.355,1.04159,0.26,0.04,3.26384,3.56624,0,0.59634,6.048,4.17222e+06,2.70226e+06,1.36174e+07,0,0,0,4.87373e+08,57.6572,61.308,1.4449,0,0,2.47253,2.17013,0,1.87013,3.38688,8.67071e+06,3.61194e+06,2.14386e+07,0,0,0,6.40623e+07
72.7045,110.355,0.925459,0.25,0.04,3.26417,3.56657,0,0.611643,6.048,4.17222e+06,2.70226e+06,1.36188e+07,0,0,0,4.87373e+08,56.7483,61.308,1.36585,0,0,2.47273,2.17033,0,1.91027,3.38688,8.67071e+06,3.61194e+06,2.14403e+07,0,0,0,6.40623e+07
70.3612,110.355,0.847544,0.29,0.04,3.26451,3.56691,0,0.611706,6.048,4.17222e+06,2.70226e+06,1.36202e+07,0,0,0,4.87373e+08,55.8168,61.308,1.27975,0,0,2.47294,2.17054,0,1.91043,3.38688,8.67071e+06,3.61194e+06,2.14421e+07,0,0,0,6.40623e+07
67.9406,110.355,0.732394,0.28,0.04,3.26485,3.56725,0,0.611769,6.048,4.17222e+06,2.70226e+06,1.36217e+07,0,0,0,4.87373e+08,54.6954,61.308,1.26986,0,0,2.47314,2.17074,0,1.91059,3.38688,8.67071e+06,3.61194e+06,2.14439e+07,0,0,0,6.40623e+07
65.0849,110.355,0.451566,0.28,0.04,3.50345,3.80585,0,0.611833,6.048,4.17222e+06,2.70226e+06,1.46171e+07,0,0,0,4.87373e+08,53.35,61.308,0.968994,0,0,2.66026,2.35786,0,1.91075,3.38688,8.67071e+06,3.61194e+06,2.30663e+07,0,0,0,6.40623e+07
61.4711,110.355,0.331018,0.33,0.04,3.50381,3.80621,0,0.656546,6.048,4.17222e+06,2.70226e+06,1.46186e+07,0,0,0,4.87373e+08,52.0634,61.308,0.796834,0,0,2.66048,2.35808,0,2.05531,3.38688,8.67071e+06,3.61194e+06,2.30683e+07,0,0,0,6.40623e+07
59.7172,110.355,0.531389,0.43,0.04,3.10233,3.80657,0,0.656614,6.048,4.17222e+06,3.42622e+06,1.29436e+07,0,0,0,4.87373e+08,50.8352,61.308,0.971933,0,0,2.41175,2.3583,0,2.05549,3.38688,8.67071e+06,4.57961e+06,2.09116e+07,0,0,0,6.40623e+07
57.4576,110.355,0.663355,0.42,0.04,3.10265,3.80693,0,0.581376,6.048,4.17222e+06,3.42622e+06,1.29449e+07,0,0,0,4.87373e+08,49.8628,61.308,1.03416,0,0,2.41195,2.35853,0,1.86332,3.38688,8.67071e+06,4.57961e+06,2.09133e+07,0,0,0,6.40623e+07
55.2962,110.355,0.724411,0.42,0.04,3.10297,3.80729,0,0.581437,6.048,4.17222e+06,3.42622e+06,1.29463e+07,0,0,0,4.87373e+08,48.6565,61.308,1.24949,0,0,2.41215,2.35875,0,1.86347,3.38688,8.67071e+06,4.57961e+06,2.0915e+07,0,0,0,6.40623e+07
52.9772,110.355,0.466531,0.51,0.04,2.99938,3.69147,0,0.581497,6.048,4.17222e+06,3.42622e+06,1.25141e+07,0,0,0,4.87373e+08,47.7699,61.308,0.831533,0,0,2.31083,2.24547,0,1.86362,3.38688,8.67071e+06,4.57961e+06,2.00365e+07,0,0,0,6.40623e+07
51.0676,110.355,0.851943,0.5,0.04,2.99969,3.69182,0,0.562084,6.048,4.17222e+06,3.42622e+06,1.25154e+07,0,0,0,4.87373e+08,46.6467,61.308,1.5142,0,0,2.31102,2.24568,0,1.78535,3.38688,8.67071e+06,4.57961e+06,2.00382e+07,0,0,0,6.40623e+07
48.7449,110.355,0.397936,0.5,0.04,3.00001,3.69217,0,0.562143,6.048,4.17222e+06,3.42622e+06,1.25167e+07,0,0,0,4.87373e+08,45.3078,61.308,0.805087,0,0,2.31121,2.2459,0,1.78549,3.38688,8.67071e+06,4.57961e+06,2.00398e+07,0,0,0,6.40623e+07
46.5322,110.355,0.4868,0.57,0.04,3.00032,3.69252,0,0.562201,6.048,4.17222e+06,3.42622e+06,1.2518e+07,0,0,0,4.87373e+08,44.4702,61.308,0.91046,0,0,2.3114,2.24611,0,1.78564,3.38688,8.67071e+06,4.57961e+06,2.00415e+07,0,0,0,6.40623e+07
44.9646,110.355,1.11343,0.57,0.04,2.91531,3.59747,0,0.56226,6.048,4.17222e+06,3.42622e+06,1.21633e+07,0,0,0,4.87373e+08,43.9613,61.308,1.34488,0,0,2.21914,2.14297,0,1.78579,3.38688,8.67071e+06,4.57961e+06,1.92416e+07,0,0,0,6.40623e+07
44.3999,110.355,2.10823,0.58,0.04,2.91561,3.59782,0,0.546328,6.048,4.17222e+06,3.42622e+06,1.21646e+07,0,0,0,4.87373e+08,43.8037,61.308,1.87286,0,0,2.21933,2.14317,0,1.71451,3.38688,8.67071e+06,4.57961e+06,1.92431e+07,0,0,0,6.40623e+07
43.4668,110.355,1.72045,0.66,0.04,2.91591,3.59816,0,0.546385,6.048,4.17222e+06,3.42622e+06,1.21658e+07,0,0,0,4.87373e+08,43.743,61.308,2.72006,0,0,2.21951,2.14337,0,1.71465,3.38688,8.67071e+06,4.57961e+06,1.92447e+07,0,0,0,6.40623e+07
42.3796,110.355,1.56629,0.68,0.04,2.91622,3.5985,0,0.546442,6.048,4.17222e+06,3.42622e+06,1.21671e+07,0,0,0,4.87373e+08,43.5111,61.308,1.89113,0,0,2.21969,2.14358,0,1.71479,3.38688,8.67071e+06,4.57961e+06,1.92463e+07,0,0,0,6.40623e+07
43.6648,110.355,3.90329,0.68,0.04,2.6741,3.3278,0,0.546499,6.048,4.17222e+06,3.42622e+06,1.11569e+07,0,0,0,4.87373e+08,43.4814,61.308,2.84117,0,0,2.02727,1.92844,0,1.71493,3.38688,8.67071e+06,4.57961e+06,1.75778e+07,0,0,0,6.40623e+07
44.542,110.355,3.47194,0.67,0.04,2.67438,3.32812,0,0.501127,6.048,4.17222e+06,3.42622e+06,1.11581e+07,0,0,0,4.87373e+08,43.2231,61.308,2.1903,0,0,2.02743,1.92863,0,1.56627,3.38688,8.67071e+06,4.57961e+06,1.75793e+07,0,0,0,6.40623e+07
44.7154,110.355,2.7462,0.68,0.04,2.67466,3.32843,0,0.501179,6.048,4.17222e+06,3.42622e+06,1.11593e+07,0,0,0,4.87373e+08,42.9193,61.308,1.97962,0,0,2.02759,1.92881,0,1.56639,3.38688,8.67071e+06,4.57961e+06,1.75807e+07,0,0,0,6.40623e+07
44.6198,110.355,2.52344,0.7,0.04,2.67495,3.32875,0,0.501232,6.048,4.17222e+06,3.42622e+06,1.11604e+07,0,0,0,4.87373e+08,42.6289,61.308,2.27071,0,0,2.02776,1.92899,0,1.56652,3.38688,8.67071e+06,4.57961e+06,1.75821e+07,0,0,0,6.40623e+07
45.6433,110.355,3.69679,0.72,0.04,2.67523,3.32906,0,0.501285,6.048,4.17222e+06,3.42622e+06,1.11616e+07,0,0,0,4.87373e+08,42.5219,61.308,2.41318,0,0,2.02792,1.92917,0,1.56664,3.38688,8.67071e+06,4.57961e+06,1.75835e+07,0,0,0,6.40623e+07
47.271,110.355,4.34371,0.7,0.04,2.76878,3.43366,0,0.501338,6.048,4.17222e+06,3.42622e+06,1.1552e+07,0,0,0,4.87373e+08,42.1704,61.308,2.27024,0,0,2.08387,1.99173,0,1.56677,3.38688,8.67071e+06,4.57961e+06,1.80687e+07,0,0,0,6.40623e+07
48.1574,110.355,3.61645,0.7,0.04,2.76905,3.43395,0,0.51887,6.048,4.17222e+06,3.42622e+06,1.15531e+07,0,0,0,4.87373e+08,41.9129,61.308,1.92565,0,0,2.08402,1.9919,0,1.61,3.38688,8.67071e+06,4.57961e+06,1.807e+07,0,0,0,6.40623e+07
49.7518,110.355,4.3328,0.7,0.04,2.76931,3.43425,0,0.51892,6.048,4.17222e+06,3.42622e+06,1.15542e+07,0,0,0,4.87373e+08,42.0466,61.308,2.6143,0,0,2.08418,1.99207,0,1.61012,3.38688,8.67071e+06,4.57961e+06,1.80713e+07,0,0,0,6.40623e+07
50.5792,110.355,3.60661,0.74,0.04,2.76958,3.43454,0,0.518969,6.048,4.17222e+06,3.42622e+06,1.15553e+07,0,0,0,4.87373e+08,42.2339,61.308,2.66632,0,0,2.08433,1.99224,0,1.61024,3.38688,8.67071e+06,4.57961e+06,1.80726e+07,0,0,0,6.40623e+07
53.5567,110.355,6.13448,0.72,0.04,3.0695,3.76987,0,0.519018,6.048,4.17222e+06,3.42622e+06,1.28066e+07,0,0,0,4.87373e+08,42.7521,61.308,3.68992,0,0,2.29402,2.22668,0,1.61035,3.38688,8.67071e+06,4.57961e+06,1.98908e+07,0,0,0,6.40623e+07
55.3849,110.355,5.01634,0.75,0.04,3.06979,3.77019,0,0.575224,6.048,4.17222e+06,3.42622e+06,1.28078e+07,0,0,0,4.87373e+08,43.3831,61.308,4.046,0,0,2.29419,2.22687,0,1.77236,3.38688,8.67071e+06,4.57961e+06,1.98923e+07,0,0,0,6.40623e+07
57.4576,110.355,5.27546,0.76,0.04,3.07008,3.77051,0,0.575278,6.048,4.17222e+06,3.42622e+06,1.2809e+07,0,0,0,4.87373e+08,44.0475,61.308,4.22149,0,0,2.29436,2.22706,0,1.77249,3.38688,8.67071e+06,4.57961e+06,1.98937e+07,0,0,0,6.40623e+07
59.8294,110.355,5.59739,0.72,0.04,3.07037,3.77084,0,0.575332,6.048,4.17222e+06,3.42622e+06,1.28102e+07,0,0,0,4.87373e+08,44.752,61.308,4.63488,0,0,2.29453,2.22725,0,1.77262,3.38688,8.67071e+06,4.57961e+06,1.98952e+07,0,0,0,6.40623e+07
62.919,110.355,6.10297,0.74,0.04,2.6431,3.29314,0,0.575387,6.048,4.17222e+06,3.42622e+06,1.10276e+07,0,0,0,4.87373e+08,47.0444,61.308,8.14421,0,0,2.01341,1.91295,0,1.77275,3.38688,8.67071e+06,4.57961e+06,1.74577e+07,0,0,0,6.40623e+07
65.5031,110.355,5.59831,0.73,0.04,2.64335,3.29342,0,0.495317,6.048,4.17222e+06,3.42622e+06,1.10286e+07,0,0,0,4.87373e+08,48.0852,61.308,5.72943,0,0,2.01355,1.91311,0,1.55556,3.38688,8.67071e+06,4.57961e+06,1.74589e+07,0,0,0,6.40623e+07
67.0927,110.355,4.59166,0.77,0.04,2.64361,3.29371,0,0.495364,6.048,4.17222e+06,3.42622e+06,1.10297e+07,0,0,0,4.87373e+08,48.8191,61.308,4.6124,0,0,2.0137,1.91328,0,1.55567,3.38688,8.67071e+06,4.57961e+06,1.74602e+07,0,0,0,6.40623e+07
69.7448,110.355,5.75718,0.8,0.04,2.64386,3.29399,0,0.495412,6.048,4.17222e+06,3.42622e+06,1.10307e+07,0,0,0,4.87373e+08,50.0401,61.308,5.96943,0,0,2.01385,1.91344,0,1.55579,3.38688,8.67071e+06,4.57961e+06,1.74615e+07,0,0,0,6.40623e+07
73.5121,110.355,7.03036,0.79,0.04,2.64411,3.29427,0,0.495459,6.048,4.17222e+06,3.42622e+06,1.10318e+07,0,0,0,4.87373e+08,51.9439,61.308,8.54712,0,0,2.01399,1.91361,0,1.5559,3.38688,8.67071e+06,4.57961e+06,1.74628e+07,0,0,0,6.40623e+07
76.7549,110.355,6.44195,0.76,0.04,2.75203,3.41493,0,0.495506,6.048,4.17222e+06,3.42622e+06,1.14821e+07,0,0,0,4.87373e+08,54.1583,61.308,8.33778,0,0,2.08299,1.99074,0,1.55601,3.38688,8.67071e+06,4.57961e+06,1.8061e+07,0,0,0,6.40623e+07
78.8392,110.355,5.27896,0.79,0.04,2.75229,3.41522,0,0.515731,6.048,4.17222e+06,3.42622e+06,1.14832e+07,0,0,0,4.87373e+08,55.6927,61.308,6.48575,0,0,2.08314,1.99091,0,1.60932,3.38688,8.67071e+06,4.57961e+06,1.80623e+07,0,0,0,6.40623e+07
79.6818,110.355,3.98617,0.73,0.04,2.75256,3.41552,0,0.51578,6.048,4.17222e+06,3.42622e+06,1.14843e+07,0,0,0,4.87373e+08,56.7668,61.308,5.38765,0,0,2.08329,1.99108,0,1.60943,3.38688,8.67071e+06,4.57961e+06,1.80636e+07,0,0,0,6.40623e+07
80.0269,110.355,3.38916,0.72,0.04,2.75282,3.41581,0,0.515829,6.048,4.17222e+06,3.42622e+06,1.14854e+07,0,0,0,4.87373e+08,57.4735,61.308,4.52594,0,0,2.08344,1.99125,0,1.60955,3.38688,8.67071e+06,4.57961e+06,1.8065e+07,0,0,0,6.40623e+07
79.8285,110.355,2.85159,0.72,0.04,2.71097,3.36902,0,0.515878,6.048,4.17222e+06,3.42622e+06,1.13107e+07,0,0,0,4.87373e+08,57.7119,61.308,3.07594,0,0,2.05685,1.96152,0,1.60967,3.38688,8.67071e+06,4.57961e+06,1.78344e+07,0,0,0,6.40623e+07
79.3621,110.355,2.54384,0.69,0.04,2.71123,3.36931,0,0.508035,6.048,4.17222e+06,3.42622e+06,1.13118e+07,0,0,0,4.87373e+08,57.7469,61.308,2.75374,0,0,2.057,1.96169,0,1.58912,3.38688,8.67071e+06,4.57961e+06,1.78357e+07,0,0,0,6.40623e+07
78.8113,110.355,2.39285,0.67,0.04,2.71149,3.3696,0,0.508084,6.048,4.17222e+06,3.42622e+06,1.13129e+07,0,0,0,4.87373e+08,57.7515,61.308,2.72062,0,0,2.05715,1.96185,0,1.58924,3.38688,8.67071e+06,4.57961e+06,1.7837e+07,0,0,0,6.40623e+07
78.1823,110.355,2.30495,0.78,0.04,2.71174,3.36989,0,0.508132,6.048,4.17222e+06,3.42622e+06,1.1314e+07,0,0,0,4.87373e+08,57.7557,61.308,2.78406,0,0,2.0573,1.96202,0,1.58935,3.38688,8.67071e+06,4.57961e+06,1.78383e+07,0,0,0,6.40623e+07
77.29,110.355,2.1376,0.76,0.04,2.855,3.53005,0,0.508181,6.048,4.17222e+06,3.42622e+06,1.19117e+07,0,0,0,4.87373e+08,57.7585,61.308,2.57562,0,0,2.15234,2.06828,0,1.58947,3.38688,8.67071e+06,4.57961e+06,1.86623e+07,0,0,0,6.40623e+07
76.2597,110.355,1.97353,0.71,0.04,2.85527,3.53035,0,0.535026,6.048,4.17222e+06,3.42622e+06,1.19128e+07,0,0,0,4.87373e+08,57.5849,61.308,2.21892,0,0,2.1525,2.06846,0,1.6629,3.38688,8.67071e+06,4.57961e+06,1.86637e+07,0,0,0,6.40623e+07
75.0188,110.355,1.73164,0.62,0.04,2.85554,3.53065,0,0.535077,6.048,4.17222e+06,3.42622e+06,1.19139e+07,0,0,0,4.87373e+08,57.3505,61.308,2.06824,0,0,2.15266,2.06863,0,1.66302,3.38688,8.67071e+06,4.57961e+06,1.86651e+07,0,0,0,6.40623e+07
73.7315,110.355,1.63556,0.56,0.04,2.85581,3.53096,0,0.535128,6.048,4.17222e+06,3.42622e+06,1.19151e+07,0,0,0,4.87373e+08,57.0036,61.308,1.97493,0,0,2.15282,2.06881,0,1.66314,3.38688,8.67071e+06,4.57961e+06,1.86664e+07,0,0,0,6.40623e+07
72.3893,110.355,1.56873,0.46,0.04,2.85608,3.53126,0,0.535179,6.048,4.17222e+06,3.42622e+06,1.19162e+07,0,0,0,4.87373e+08,56.6452,61.308,1.90082,0,0,2.15297,2.06899,0,1.66327,3.38688,8.67071e+06,4.57961e+06,1.86678e+07,0,0,0,6.40623e+07
71.1302,110.355,1.61129,0.6,0.04,2.82806,3.49993,0,0.535229,6.048,4.17222e+06,3.42622e+06,1.17993e+07,0,0,0,4.87373e+08,56.2859,61.308,1.93114,0,0,2.20531,2.1275,0,1.66339,3.38688,8.67071e+06,4.57961e+06,1.91216e+07,0,0,0,6.40623e+07
69.7841,110.355,1.51444,0.49,0.04,2.82833,3.50023,0,0.529978,6.048,4.17222e+06,3.42622e+06,1.18004e+07,0,0,0,4.87373e+08,55.8787,61.308,1.82199,0,0,2.20547,2.12768,0,1.70382,3.38688,8.67071e+06,4.57961e+06,1.9123e+07,0,0,0,6.40623e+07
68.3199,110.355,1.3837,0.43,0.04,2.8286,3.50053,0,0.530029,6.048,4.17222e+06,3.42622e+06,1.18015e+07,0,0,0,4.87373e+08,55.3245,61.308,1.7908,0,0,2.20563,2.12786,0,1.70395,3.38688,8.67071e+06,4.57961e+06,1.91244e+07,0,0,0,6.40623e+07
66.4482,110.355,1.25444,0.38,0.04,3.19843,3.50083,0,0.530079,6.048,4.17222e+06,2.70226e+06,1.33445e+07,0,0,0,4.87373e+08,54.8476,61.308,1.62051,0,0,2.43044,2.12804,0,1.70407,3.38688,8.67071e+06,3.61194e+06,2.10737e+07,0,0,0,6.40623e+07
65.0135,110.355,1.40799,0.46,0.04,2.90222,3.58284,0,0.599386,6.048,4.17222e+06,3.42622e+06,1.21087e+07,0,0,0,4.87373e+08,54.2956,61.308,1.69113,0,0,2.25247,2.18023,0,1.87776,3.38688,8.67071e+06,4.57961e+06,1.95306e+07,0,0,0,6.40623e+07
63.5144,110.355,1.32746,0.41,0.04,2.90249,3.58315,0,0.543876,6.048,4.17222e+06,3.42622e+06,1.21098e+07,0,0,0,4.87373e+08,53.6312,61.308,1.65958,0,0,2.25264,2.18042,0,1.74026,3.38688,8.67071e+06,4.57961e+06,1.9532e+07,0,0,0,6.40623e+07
61.6095,110.355,1.20474,0.36,0.04,3.28106,3.58346,0,0.543927,6.048,4.17222e+06,2.70226e+06,1.36893e+07,0,0,0,4.87373e+08,52.929,61.308,1.51926,0,0,2.48301,2.18061,0,1.74039,3.38688,8.67071e+06,3.61194e+06,2.15294e+07,0,0,0,6.40623e+07
59.8953,110.355,1.05918,0.45,0.04,2.90304,3.58376,0,0.61487,6.048,4.17222e+06,3.42622e+06,1.21121e+07,0,0,0,4.87373e+08,52.1563,61.308,1.49928,0,0,2.25298,2.18079,0,1.91837,3.38688,8.67071e+06,4.57961e+06,1.95349e+07,0,0,0,6.40623e+07
57.8455,110.355,0.875674,0.45,0.04,3.11741,3.82344,0,0.54403,6.048,4.17222e+06,3.42622e+06,1.30065e+07,0,0,0,4.87373e+08,51.2635,61.308,1.41232,0,0,2.42109,2.36875,0,1.74065,3.38688,8.67071e+06,4.57961e+06,2.09926e+07,0,0,0,6.40623e+07
55.7315,110.355,0.783868,0.42,0.04,3.11771,3.82376,0,0.584203,6.048,4.17222e+06,3.42622e+06,1.30077e+07,0,0,0,4.87373e+08,50.4227,61.308,1.24908,0,0,2.42128,2.36896,0,1.87054,3.38688,8.67071e+06,4.57961e+06,2.09942e+07,0,0,0,6.40623e+07
53.7947,110.355,0.933465,0.5,0.04,3.118,3.82409,0,0.584258,6.048,4.17222e+06,3.42622e+06,1.3009e+07,0,0,0,4.87373e+08,49.5642,61.308,1.32584,0,0,2.42146,2.36916,0,1.87068,3.38688,8.67071e+06,4.57961e+06,2.09958e+07,0,0,0,6.40623e+07
51.7775,110.355,0.823085,0.5,0.04,3.11829,3.82442,0,0.584313,6.048,4.17222e+06,3.42622e+06,1.30102e+07,0,0,0,4.87373e+08,48.6586,61.308,1.29747,0,0,2.42164,2.36936,0,1.87082,3.38688,8.67071e+06,4.57961e+06,2.09973e+07,0,0,0,6.40623e+07
49.6455,110.355,0.678362,0.49,0.04,3.11859,3.82475,0,0.584368,6.048,4.17222e+06,3.42622e+06,1.30114e+07,0,0,0,4.87373e+08,47.656,61.308,1.18447,0,0,2.42182,2.36957,0,1.87096,3.38688,8.67071e+06,4.57961e+06,2.09989e+07,0,0,0,6.40623e+07
47.6776,110.355,0.683145,0.55,0.04,3.01449,3.70837,0,0.584423,6.048,4.17222e+06,3.42622e+06,1.25771e+07,0,0,0,4.87373e+08,46.4905,61.308,1.0469,0,0,2.32002,2.25575,0,1.8711,3.38688,8.67071e+06,4.57961e+06,2.01162e+07,0,0,0,6.40623e+07
45.6445,110.355,0.582624,0.55,0.04,3.01478,3.70869,0,0.564916,6.048,4.17222e+06,3.42622e+06,1.25783e+07,0,0,0,4.87373e+08,45.5523,61.308,0.952391,0,0,2.32019,2.25594,0,1.79245,3.38688,8.67071e+06,4.57961e+06,2.01177e+07,0,0,0,6.40623e+07
44.1875,110.355,1.24473,0.55,0.04,3.01506,3.709,0,0.564969,6.048,4.17222e+06,3.42622e+06,1.25795e+07,0,0,0,4.87373e+08,45.1546,61.308,1.39034,0,0,2.32037,2.25613,0,1.79258,3.38688,8.67071e+06,4.57961e+06,2.01192e+07,0,0,0,6.40623e+07
43.5388,110.355,2.07765,0.64,0.04,3.01535,3.70932,0,0.565023,6.048,4.17222e+06,3.42622e+06,1.25807e+07,0,0,0,4.87373e+08,44.8552,61.308,1.73418,0,0,2.32054,2.25633,0,1.79271,3.38688,8.67071e+06,4.57961e+06,2.01207e+07,0,0,0,6.40623e+07
42.9186,110.355,1.97051,0.63,0.04,2.92992,3.61381,0,0.565076,6.048,4.17222e+06,3.42622e+06,1.22243e+07,0,0,0,4.87373e+08,44.5883,61.308,2.03503,0,0,2.22785,2.1527,0,1.79285,3.38688,8.67071e+06,4.57961e+06,1.9317e+07,0,0,0,6.40623e+07
42.9988,110.355,2.74586,0.63,0.04,2.9302,3.61412,0,0.549067,6.048,4.17222e+06,3.42622e+06,1.22254e+07,0,0,0,4.87373e+08,44.2617,61.308,1.99138,0,0,2.22801,2.15288,0,1.72124,3.38688,8.67071e+06,4.57961e+06,1.93185e+07,0,0,0,6.40623e+07
42.6827,110.355,2.32949,0.65,0.04,2.93047,3.61443,0,0.549119,6.048,4.17222e+06,3.42622e+06,1.22266e+07,0,0,0,4.87373e+08,43.9996,61.308,2.38712,0,0,2.22818,2.15307,0,1.72136,3.38688,8.67071e+06,4.57961e+06,1.93199e+07,0,0,0,6.40623e+07
47.014,110.355,7.21278,0.67,0.04,2.93075,3.61474,0,0.549171,6.048,4.17222e+06,3.42622e+06,1.22277e+07,0,0,0,4.87373e+08,45.0286,61.308,7.63547,0,0,2.22834,2.15325,0,1.72149,3.38688,8.67071e+06,4.57961e+06,1.93213e+07,0,0,0,6.40623e+07
50.2744,110.355,6.00695,0.62,0.04,2.68751,3.3428,0,0.549223,6.048,4.17222e+06,3.42622e+06,1.12129e+07,0,0,0,4.87373e+08,45.6814,61.308,4.81902,0,0,2.03504,1.93713,0,1.72162,3.38688,8.67071e+06,4.57961e+06,1.76452e+07,0,0,0,6.40623e+07
52.1748,110.355,4.64936,0.64,0.04,2.68777,3.34308,0,0.50364,6.048,4.17222e+06,3.42622e+06,1.1214e+07,0,0,0,4.87373e+08,45.4569,61.308,2.76346,0,0,2.03519,1.9373,0,1.57227,3.38688,8.67071e+06,4.57961e+06,1.76465e+07,0,0,0,6.40623e+07
54.7726,110.355,5.39831,0.6,0.04,2.68803,3.34337,0,0.503688,6.048,4.17222e+06,3.42622e+06,1.1215e+07,0,0,0,4.87373e+08,45.8393,61.308,3.49746,0,0,2.03534,1.93746,0,1.57239,3.38688,8.67071e+06,4.57961e+06,1.76478e+07,0,0,0,6.40623e+07
59.7868,110.355,8.15184,0.65,0.04,2.68828,3.34366,0,0.503736,6.048,4.17222e+06,3.42622e+06,1.12161e+07,0,0,0,4.87373e+08,46.8016,61.308,5.77294,0,0,2.03548,1.93763,0,1.5725,3.38688,8.67071e+06,4.57961e+06,1.76491e+07,0,0,0,6.40623e+07
63.8093,110.355,6.98768,0.6,0.04,2.68854,3.34394,0,0.503784,6.048,4.17222e+06,3.42622e+06,1.12172e+07,0,0,0,4.87373e+08,47.0168,61.308,4.44059,0,0,2.03563,1.9378,0,1.57261,3.38688,8.67071e+06,4.57961e+06,1.76504e+07,0,0,0,6.40623e+07
65.6391,110.355,4.86402,0.56,0.04,2.78249,3.44898,0,0.503832,6.048,4.17222e+06,3.42622e+06,1.16091e+07,0,0,0,4.87373e+08,47.0368,61.308,2.88199,0,0,2.09182,2.00062,0,1.57273,3.38688,8.67071e+06,4.57961e+06,1.81376e+07,0,0,0,1.24441e+08
65.8016,110.355,3.16526,0.57,0.04,2.78272,3.44925,0,0.521438,6.048,4.17222e+06,3.42622e+06,1.16101e+07,0,0,0,4.87373e+08,46.794,61.308,2.15009,0,0,2.09196,2.00077,0,1.61614,3.38688,8.67071e+06,4.57961e+06,1.81388e+07,0,0,0,1.24441e+08
65.3723,110.355,2.59086,0.58,0.04,2.78296,3.44951,0,0.521483,6.048,4.17222e+06,3.42622e+06,1.16111e+07,0,0,0,4.87373e+08,46.6883,61.308,2.33337,0,0,2.0921,2.00092,0,1.61625,3.38688,8.67071e+06,4.57961e+06,1.814e+07,0,0,0,1.24441e+08
66.6257,110.355,4.45453,0.6,0.04,2.7832,3.44978,0,0.521527,6.048,4.17222e+06,3.42622e+06,1.16121e+07,0,0,0,4.87373e+08,47.0523,61.308,3.89024,0,0,2.09223,2.00108,0,1.61635,3.38688,8.67071e+06,4.57961e+06,1.81412e+07,0,0,0,1.24441e+08
67.3348,110.355,4.10978,0.62,0.04,3.08442,3.78655,0,0.521572,6.048,4.17222e+06,3.42622e+06,1.28689e+07,0,0,0,4.87373e+08,47.2751,61.308,3.54015,0,0,2.30283,2.23654,0,1.61646,3.38688,8.67071e+06,4.57961e+06,1.99672e+07,0,0,0,1.24441e+08
68.4425,110.355,4.54041,0.63,0.04,3.08469,3.78684,0,0.578021,6.048,4.17222e+06,3.42622e+06,1.287e+07,0,0,0,4.87373e+08,47.8361,61.308,4.33464,0,0,2.30299,2.23671,0,1.77917,3.38688,8.67071e+06,4.57961e+06,1.99686e+07,0,0,0,1.24441e+08
68.8594,110.355,4.15907,0.32,0.04,3.48474,3.78714,0,0.57807,6.048,4.17222e+06,2.70226e+06,1.45391e+07,0,0,0,4.87373e+08,48.472,61.308,4.5651,0,0,2.53928,2.23688,0,1.77929,3.38688,8.67071e+06,3.61194e+06,2.20174e+07,0,0,0,1.24441e+08
69.8047,110.355,4.68301,0.33,0.04,3.48503,3.78743,0,0.65304,6.048,4.17222e+06,2.70226e+06,1.45403e+07,0,0,0,4.87373e+08,49.0203,61.308,4.62921,0,0,2.53945,2.23705,0,1.96185,3.38688,8.67071e+06,3.61194e+06,2.20189e+07,0,0,0,1.24441e+08
74.622,110.355,8.35497,0.35,0.04,3.0052,3.3076,0,0.653094,6.048,4.17222e+06,2.70226e+06,1.25384e+07,0,0,0,4.87373e+08,50.0279,61.308,6.30005,0,0,2.22375,1.92135,0,1.96198,3.38688,8.67071e+06,3.61194e+06,1.92815e+07,0,0,0,1.24441e+08
80.184,110.355,9.15937,0.32,0.04,3.00546,3.30786,0,0.563175,6.048,4.17222e+06,2.70226e+06,1.25394e+07,0,0,0,4.87373e+08,51.0284,61.308,6.11251,0,0,2.2239,1.9215,0,1.71807,3.38688,8.67071e+06,3.61194e+06,1.92828e+07,0,0,0,1.24441e+08
84.4004,110.355,7.76791,0.3,0.04,3.00571,3.30811,0,0.563223,6.048,4.17222e+06,2.70226e+06,1.25405e+07,0,0,0,4.87373e+08,51.8597,61.308,5.55528,0,0,2.22405,1.92165,0,1.71818,3.38688,8.67071e+06,3.61194e+06,1.92841e+07,0,0,0,1.24441e+08
89.2368,110.355,8.39376,0.39,0.04,2.93612,3.30837,0,0.563271,6.048,4.17222e+06,2.85518e+06,1.22501e+07,0,0,0,4.87373e+08,52.6329,61.308,6.07326,0,0,2.18362,1.92179,0,1.7183,3.38688,8.67071e+06,3.81634e+06,1.89335e+07,0,0,0,1.24441e+08
96.3795,110.355,11.0199,0.32,0.04,3.00622,3.30862,0,0.550229,6.048,4.17222e+06,2.70226e+06,1.25426e+07,0,0,0,4.87373e+08,53.7483,61.308,6.83434,0,0,2.22434,1.92194,0,1.68706,3.38688,8.67071e+06,3.61194e+06,1.92866e+07,0,0,0,1.24441e+08
101.006,110.355,8.67273,0.14,0.04,3.12738,3.42978,0,0.563366,6.048,4.17222e+06,2.70226e+06,1.30481e+07,0,0,0,4.87373e+08,55.439,61.308,8.22105,0,0,2.30179,1.99939,0,1.71853,3.38688,8.67071e+06,3.61194e+06,1.99582e+07,0,0,0,1.24441e+08
106.509,110.355,9.65327,0.26,0.04,3.12764,3.43004,0,0.586071,6.048,4.17222e+06,2.70226e+06,1.30492e+07,0,0,0,4.87373e+08,57.6205,61.308,8.3048,0,0,2.30195,1.99955,0,1.77837,3.38688,8.67071e+06,3.61194e+06,1.99595e+07,0,0,0,1.24441e+08
110.355,110.355,7.99511,0.2,0.04,3.12791,3.43031,0,0.58612,6.048,4.17222e+06,2.70226e+06,1.30503e+07,0,0,0,4.87373e+08,59.3721,61.308,7.88378,0,0,2.3021,1.9997,0,1.77849,3.38688,8.67071e+06,3.61194e+06,1.99609e+07,0,0,0,1.24441e+08
110.355,110.355,6.42628,0.09,0.04,3.12817,3.43057,0,0.58617,6.048,4.17222e+06,2.70226e+06,1.30514e+07,0,0,0,4.87373e+08,60.3353,61.308,5.44191,0,0,2.30226,1.99986,0,1.7786,3.38688,8.67071e+06,3.61194e+06,1.99622e+07,0,0,0,1.24441e+08
110.355,110.355,5.48499,0.15,0.04,3.08115,3.38355,0,0.586219,6.048,4.17222e+06,2.70226e+06,1.28552e+07,0,0,0,4.87373e+08,60.8108,61.308,4.44221,0,0,2.27238,1.96998,0,1.77872,3.38688,8.67071e+06,3.61194e+06,1.97031e+07,0,0,0,1.24441e+08
110.355,110.355,5.10282,0.13,0.04,3.08141,3.38381,0,0.577407,6.048,4.17222e+06,2.70226e+06,1.28563e+07,0,0,0,4.87373e+08,61.1183,61.308,4.17816,0,0,2.27253,1.97013,0,1.75564,3.38688,8.67071e+06,3.61194e+06,1.97044e+07,0,0,0,1.24441e+08
110.355,110.355,4.69006,0.13,0.04,3.08167,3.38407,0,0.577456,6.048,4.17222e+06,2.70226e+06,1.28574e+07,0,0,0,4.87373e+08,61.4149,61.308,4.21287,0,0,2.27268,1.97028,0,1.75576,3.38688,8.67071e+06,3.61194e+06,1.97058e+07,0,0,0,1.24441e+08
110.355,110.355,4.53037,0.13,0.04,3.08193,3.38433,0,0.577505,6.048,4.17222e+06,2.70226e+06,1.28585e+07,0,0,0,4.87373e+08,62.0516,61.308,5.17914,0,0,2.27283,1.97043,0,1.75587,3.38688,8.67071e+06,3.61194e+06,1.97071e+07,0,0,0,1.24441e+08
110.355,110.355,3.94521,0.12,0.04,3.24275,3.54515,0,0.577554,6.048,4.17222e+06,2.70226e+06,1.35294e+07,0,0,0,4.87373e+08,62.2983,61.308,3.96499,0,0,2.37953,2.07713,0,1.75599,3.38688,8.67071e+06,3.61194e+06,2.06322e+07,0,0,0,1.24441e+08
110.199,110.355,3.54511,0.11,0.04,3.24302,3.54542,0,0.607691,6.048,4.17222e+06,2.70226e+06,1.35306e+07,0,0,0,4.87373e+08,62.301,61.308,3.435,0,0,2.37969,2.07729,0,1.83842,3.38688,8.67071e+06,3.61194e+06,2.06336e+07,0,0,0,1.24441e+08
109.652,110.355,3.11058,0.11,0.04,3.24329,3.54569,0,0.607742,6.048,4.17222e+06,2.70226e+06,1.35317e+07,0,0,0,4.87373e+08,62.2312,61.308,3.2019,0,0,2.37985,2.07745,0,1.83854,3.38688,8.67071e+06,3.61194e+06,2.0635e+07,0,0,0,1.24441e+08
109.01,110.355,2.93802,0.08,0.04,3.24357,3.54597,0,0.607793,6.048,4.17222e+06,2.70226e+06,1.35329e+07,0,0,0,4.87373e+08,62.1047,61.308,3.05568,0,0,2.38001,2.07761,0,1.83867,3.38688,8.67071e+06,3.61194e+06,2.06363e+07,0,0,0,1.24441e+08
108.376,110.355,2.94124,0.08,0.04,3.24384,3.54624,0,0.607845,6.048,4.17222e+06,2.70226e+06,1.3534e+07,0,0,0,4.87373e+08,61.9741,61.308,2.97375,0,0,2.38017,2.07777,0,1.83879,3.38688,8.67071e+06,3.61194e+06,2.06377e+07,0,0,0,1.24441e+08
108.275,110.355,3.44077,0.07,0.04,3.21235,3.51475,0,0.607896,6.048,4.17222e+06,2.70226e+06,1.34026e+07,0,0,0,4.87373e+08,62.0411,61.308,3.40303,0,0,2.4389,2.1365,0,1.83892,3.38688,8.67071e+06,3.61194e+06,2.1147e+07,0,0,0,1.24441e+08
107.883,110.355,3.14473,0.05,0.04,3.21262,3.51502,0,0.601994,6.048,4.17222e+06,2.70226e+06,1.34037e+07,0,0,0,4.87373e+08,62.093,61.308,3.42481,0,0,2.43907,2.13667,0,1.8843,3.38688,8.67071e+06,3.61194e+06,2.11485e+07,0,0,0,1.24441e+08
107.198,110.355,2.8384,0.05,0.04,3.21289,3.51529,0,0.602045,6.048,4.17222e+06,2.70226e+06,1.34049e+07,0,0,0,4.87373e+08,62.0781,61.308,3.04549,0,0,2.43923,2.13683,0,1.88442,3.38688,8.67071e+06,3.61194e+06,2.11499e+07,0,0,0,1.24441e+08
106.439,110.355,2.70593,0.11,0.04,3.21316,3.51556,0,0.602096,6.048,4.17222e+06,2.70226e+06,1.3406e+07,0,0,0,4.87373e+08,61.9592,61.308,2.96909,0,0,2.4394,2.137,0,1.88455,3.38688,8.67071e+06,3.61194e+06,2.11513e+07,0,0,0,1.24441e+08
105.367,110.355,2.43074,0.12,0.04,3.29549,3.59789,0,0.602147,6.048,4.17222e+06,2.70226e+06,1.37495e+07,0,0,0,4.87373e+08,61.7088,61.308,2.53726,0,0,2.49179,2.18939,0,1.88468,3.38688,8.67071e+06,3.61194e+06,2.16056e+07,0,0,0,1.24441e+08
104.229,110.355,2.3885,0.07,0.04,3.29576,3.59816,0,0.617574,6.048,4.17222e+06,2.70226e+06,1.37506e+07,0,0,0,4.87373e+08,61.3568,61.308,2.48527,0,0,2.49195,2.18955,0,1.92515,3.38688,8.67071e+06,3.61194e+06,2.1607e+07,0,0,0,1.24441e+08
102.952,110.355,2.21835,0.07,0.04,3.29604,3.59844,0,0.617626,6.048,4.17222e+06,2.70226e+06,1.37518e+07,0,0,0,4.87373e+08,60.9616,61.308,2.40695,0,0,2.49212,2.18972,0,1.92528,3.38688,8.67071e+06,3.61194e+06,2.16085e+07,0,0,0,1.24441e+08
101.493,110.355,2.01983,0.07,0.04,3.29632,3.59872,0,0.617678,6.048,4.17222e+06,2.70226e+06,1.37529e+07,0,0,0,4.87373e+08,60.5378,61.308,2.09667,0,0,2.49229,2.18989,0,1.92541,3.38688,8.67071e+06,3.61194e+06,2.16099e+07,0,0,0,1.24441e+08
99.9837,110.355,2.16784,0.07,0.04,3.53696,3.83936,0,0.61773,6.048,4.17222e+06,2.70226e+06,1.47569e+07,0,0,0,4.87373e+08,60.1809,61.308,2.62143,0,0,2.68102,2.37862,0,1.92554,3.38688,8.67071e+06,3.61194e+06,2.32463e+07,0,0,0,1.24441e+08
98.0296,110.355,1.73543,0.07,0.04,3.53725,3.83965,0,0.662826,6.048,4.17222e+06,2.70226e+06,1.47582e+07,0,0,0,4.87373e+08,59.6347,61.308,1.87003,0,0,2.6812,2.3788,0,2.07135,3.38688,8.67071e+06,3.61194e+06,2.32479e+07,0,0,0,1.24441e+08
95.6212,110.355,1.55279,0,0.04,3.83995,3.83995,0,0.662881,6.048,4.17222e+06,2.70226e+06,1.60211e+07,0,0,0,4.87373e+08,59.0738,61.308,1.79088,0,0,2.37898,2.37898,0,2.07149,3.38688,8.67071e+06,3.61194e+06,2.06275e+07,0,0,0,1.24441e+08
93.5218,110.355,1.57091,0.08,0.04,3.53784,3.84024,0,0.719606,6.048,4.17222e+06,2.70226e+06,1.47606e+07,0,0,0,4.87373e+08,58.5776,61.308,1.93149,0,0,2.68156,2.37916,0,1.838,3.38688,8.67071e+06,3.61194e+06,2.32511e+07,0,0,0,1.24441e+08
91.1866,110.355,1.58552,0,0.04,3.84054,3.84054,0,0.662992,6.048,4.17222e+06,2.70226e+06,1.60236e+07,0,0,0,4.87373e+08,58.093,61.308,2.28598,0,0,2.37935,2.37935,0,2.07178,3.38688,8.67071e+06,3.61194e+06,2.06306e+07,0,0,0,1.24441e+08
89.401,110.355,2.03731,0,0.04,3.72365,3.72365,0,0.719717,6.048,4.17222e+06,2.70226e+06,1.55359e+07,0,0,0,4.87373e+08,57.7775,61.308,2.73894,0,0,2.26504,2.26504,0,1.83828,3.38688,8.67071e+06,3.61194e+06,1.96395e+07,0,0,0,1.24441e+08
87.7834,110.355,2.25134,0,0.04,3.72393,3.72393,0,0.697812,6.048,4.17222e+06,2.70226e+06,1.55371e+07,0,0,0,4.87373e+08,57.4645,61.308,2.49749,0,0,2.26522,2.26522,0,1.74997,3.38688,8.67071e+06,3.61194e+06,1.9641e+07,0,0,0,1.24441e+08
86.8923,110.355,3.0137,0,0.04,3.72422,3.72422,0,0.697865,6.048,4.17222e+06,2.70226e+06,1.55383e+07,0,0,0,4.87373e+08,57.3033,61.308,3.24715,0,0,2.26539,2.26539,0,1.75011,3.38688,8.67071e+06,3.61194e+06,1.96426e+07,0,0,0,1.24441e+08
86.754,110.355,3.90604,0,0.04,3.72451,3.72451,0,0.697919,6.048,4.17222e+06,2.70226e+06,1.55394e+07,0,0,0,4.87373e+08,57.5288,61.308,4.8711,0,0,2.26557,2.26557,0,1.75024,3.38688,8.67071e+06,3.61194e+06,1.96441e+07,0,0,0,1.24441e+08
86.1685,110.355,3.41416,0,0.04,3.62857,3.62857,0,0.697973,6.048,4.17222e+06,2.70226e+06,1.51392e+07,0,0,0,4.87373e+08,57.9233,61.308,4.09401,0,0,2.16149,2.16149,0,1.75038,3.38688,8.67071e+06,3.61194e+06,1.87417e+07,0,0,0,1.24441e+08
85.6486,110.355,3.51877,0,0.04,3.62885,3.62885,0,0.679995,6.048,4.17222e+06,2.70226e+06,1.51404e+07,0,0,0,4.87373e+08,58.2425,61.308,4.0018,0,0,2.16166,2.16166,0,1.66997,3.38688,8.67071e+06,3.61194e+06,1.87431e+07,0,0,0,1.24441e+08
85.1419,110.355,3.54791,0,0.04,3.62913,3.62913,0,0.680047,6.048,4.17222e+06,2.70226e+06,1.51415e+07,0,0,0,4.87373e+08,58.7328,61.308,4.19852,0,0,2.16183,2.16183,0,1.6701,3.38688,8.67071e+06,3.61194e+06,1.87446e+07,0,0,0,1.24441e+08
84.9413,110.355,3.83264,0,0.04,3.62941,3.62941,0,0.6801,6.048,4.17222e+06,2.70226e+06,1.51427e+07,0,0,0,4.87373e+08,59.9332,61.308,5.84125,0,0,2.16199,2.16199,0,1.67023,3.38688,8.67071e+06,3.61194e+06,1.8746e+07,0,0,0,1.24441e+08
85.3781,110.355,4.2178,0,0.04,3.35633,3.35633,0,0.680152,6.048,4.17222e+06,2.70226e+06,1.40034e+07,0,0,0,4.87373e+08,61.1913,61.308,5.91538,0,0,1.94498,1.94498,0,1.67036,3.38688,8.67071e+06,3.61194e+06,1.68643e+07,0,0,0,1.24441e+08
87.8747,110.355,6.43317,0,0.04,3.35659,3.35659,0,0.628977,6.048,4.17222e+06,2.70226e+06,1.40044e+07,0,0,0,4.87373e+08,62.3362,61.308,6.38733,0,0,1.94513,1.94513,0,1.50269,3.38688,8.67071e+06,3.61194e+06,1.68656e+07,0,0,0,1.24441e+08
91.1356,110.355,7.38064,0,0.04,3.35685,3.35685,0,0.629026,6.048,4.17222e+06,2.70226e+06,1.40055e+07,0,0,0,4.87373e+08,62.3362,61.308,9.10315,0,0,1.94528,1.94528,0,1.50281,3.38688,8.67071e+06,3.61194e+06,1.68669e+07,0,0,0,1.24441e+08
95.7752,110.355,8.8636,0,0.04,3.35711,3.35711,0,0.629074,6.048,4.17222e+06,2.70226e+06,1.40066e+07,0,0,0,4.87373e+08,62.3362,61.308,9.00969,0,0,1.94543,1.94543,0,1.50292,3.38688,8.67071e+06,3.61194e+06,1.68682e+07,0,0,0,1.24441e+08
96.9095,110.355,5.24819,0,0.04,3.35737,3.35737,0,0.629123,6.048,4.17222e+06,2.70226e+06,1.40077e+07,0,0,0,4.87373e+08,62.3362,61.308,7.3386,0,0,1.94558,1.94558,0,1.50304,3.38688,8.67071e+06,3.61194e+06,1.68695e+07,0,0,0,1.24441e+08
99.0216,110.355,6.18551,0,0.04,3.4628,3.4628,0,0.629171,6.048,4.17222e+06,2.70226e+06,1.44475e+07,0,0,0,4.87373e+08,62.3362,61.308,6.84005,0,0,2.00863,2.00863,0,1.50315,3.38688,8.67071e+06,3.61194e+06,1.74163e+07,0,0,0,1.24441e+08
99.714,110.355,4.79503,0,0.04,3.46303,3.46303,0,0.648928,6.048,4.17222e+06,2.70226e+06,1.44485e+07,0,0,0,4.87373e+08,62.3362,61.308,5.25288,0,0,2.00877,2.00877,0,1.55187,3.38688,8.67071e+06,3.61194e+06,1.74175e+07,0,0,0,1.24441e+08
101.184,110.355,5.70553,0,0.04,3.46327,3.46327,0,0.648973,6.048,4.17222e+06,2.70226e+06,1.44495e+07,0,0,0,4.87373e+08,62.3362,61.308,5.09566,0,0,2.00891,2.00891,0,1.55197,3.38688,8.67071e+06,3.61194e+06,1.74186e+07,0,0,0,1.24441e+08
101.234,110.355,4.15741,0,0.04,3.46351,3.46351,0,0.649017,6.048,4.17222e+06,2.70226e+06,1.44505e+07,0,0,0,4.87373e+08,62.3362,61.308,4.32807,0,0,2.00904,2.00904,0,1.55208,3.38688,8.67071e+06,3.61194e+06,1.74198e+07,0,0,0,1.24441e+08
103.018,110.355,6.43232,0,0.04,3.80159,3.80159,0,0.649061,6.048,4.17222e+06,2.70226e+06,1.58611e+07,0,0,0,4.87373e+08,62.3362,61.308,5.71643,0,0,2.24542,2.24542,0,1.55219,3.38688,8.67071e+06,3.61194e+06,1.94694e+07,0,0,0,1.24441e+08
105.887,110.355,7.55427,0,0.04,3.80185,3.80185,0,0.712418,6.048,4.17222e+06,2.70226e+06,1.58621e+07,0,0,0,4.87373e+08,62.3362,61.308,8.66246,0,0,2.24557,2.24557,0,1.73481,3.38688,8.67071e+06,3.61194e+06,1.94707e+07,0,0,0,1.24441e+08
106.86,110.355,5.50467,0,0.04,3.80211,3.80211,0,0.712467,6.048,4.17222e+06,2.70226e+06,1.58632e+07,0,0,0,4.87373e+08,62.3362,61.308,4.58846,0,0,2.24572,2.24572,0,1.73493,3.38688,8.67071e+06,3.61194e+06,1.9472e+07,0,0,0,1.24441e+08
106.994,110.355,4.57187,0,0.04,3.80237,3.80237,0,0.712516,6.048,4.17222e+06,2.70226e+06,1.58643e+07,0,0,0,4.87373e+08,62.3362,61.308,3.77918,0,0,2.24588,2.24588,0,1.73505,3.38688,8.67071e+06,3.61194e+06,1.94734e+07,0,0,0,1.24441e+08
106.8,110.355,3.76391,0,0.04,3.32062,3.32062,0,0.712564,6.048,4.17222e+06,2.70226e+06,1.38544e+07,0,0,0,4.87373e+08,62.3265,61.308,3.08303,0,0,1.92891,1.92891,0,1.73517,3.38688,8.67071e+06,3.61194e+06,1.6725e+07,0,0,0,1.24441e+08
107.8,110.355,5.0068,0,0.04,3.32085,3.32085,0,0.622285,6.048,4.17222e+06,2.70226e+06,1.38553e+07,0,0,0,4.87373e+08,62.3362,61.308,5.87396,0,0,1.92904,1.92904,0,1.49028,3.38688,8.67071e+06,3.61194e+06,1.67262e+07,0,0,0,1.24441e+08
108.614,110.355,4.94642,0,0.04,3.32108,3.32108,0,0.622327,6.048,4.17222e+06,2.70226e+06,1.38562e+07,0,0,0,4.87373e+08,62.3362,61.308,4.35566,0,0,1.92918,1.92918,0,1.49038,3.38688,8.67071e+06,3.61194e+06,1.67273e+07,0,0,0,1.24441e+08
108.089,110.355,3.54716,0,0.04,3.3213,3.3213,0,0.62237,6.048,4.17222e+06,2.70226e+06,1.38572e+07,0,0,0,4.87373e+08,62.3362,61.308,4.93039,0,0,1.92931,1.92931,0,1.49048,3.38688,8.67071e+06,3.61194e+06,1.67285e+07,0,0,0,1.24441e+08
109.058,110.355,5.08837,0,0.04,3.32153,3.32153,0,0.622412,6.048,4.17222e+06,2.70226e+06,1.38581e+07,0,0,0,4.87373e+08,62.3362,61.308,6.0872,0,0,1.92944,1.92944,0,1.49058,3.38688,8.67071e+06,3.61194e+06,1.67296e+07,0,0,0,1.24441e+08
110.243,110.355,5.41136,0,0.04,3.44313,3.44313,0,0.622455,6.048,4.17222e+06,2.70226e+06,1.43655e+07,0,0,0,4.87373e+08,62.3362,61.308,5.61689,0,0,2.00718,2.00718,0,1.49069,3.38688,8.67071e+06,3.61194e+06,1.74037e+07,0,0,0,1.24441e+08
109.783,110.355,3.65275,0,0.04,3.44336,3.44336,0,0.645242,6.048,4.17222e+06,2.70226e+06,1.43665e+07,0,0,0,4.87373e+08,62.3362,61.308,4.41773,0,0,2.00731,2.00731,0,1.55075,3.38688,8.67071e+06,3.61194e+06,1.74048e+07,0,0,0,1.24441e+08
109.519,110.355,3.9007,0,0.04,3.4436,3.4436,0,0.645286,6.048,4.17222e+06,2.70226e+06,1.43674e+07,0,0,0,4.87373e+08,62.3362,61.308,4.42339,0,0,2.00745,2.00745,0,1.55085,3.38688,8.67071e+06,3.61194e+06,1.7406e+07,0,0,0,1.24441e+08
108.563,110.355,3.13169,0,0.04,3.44383,3.44383,0,0.64533,6.048,4.17222e+06,2.70226e+06,1.43684e+07,0,0,0,4.87373e+08,62.3362,61.308,4.15695,0,0,2.00759,2.00759,0,1.55096,3.38688,8.67071e+06,3.61194e+06,1.74072e+07,0,0,0,1.24441e+08
108.197,110.355,3.65769,0,0.04,3.3966,3.3966,0,0.645375,6.048,4.17222e+06,2.70226e+06,1.41714e+07,0,0,0,4.87373e+08,62.3362,61.308,4.33977,0,0,1.97758,1.97758,0,1.55106,3.38688,8.67071e+06,3.61194e+06,1.7147e+07,0,0,0,1.24441e+08
107.442,110.355,3.31538,0,0.04,3.39683,3.39683,0,0.636523,6.048,4.17222e+06,2.70226e+06,1.41723e+07,0,0,0,4.87373e+08,62.3362,61.308,3.96467,0,0,1.97771,1.97771,0,1.52788,3.38688,8.67071e+06,3.61194e+06,1.71482e+07,0,0,0,1.24441e+08
106.555,110.355,3.01917,0,0.04,3.39707,3.39707,0,0.636567,6.048,4.17222e+06,2.70226e+06,1.41733e+07,0,0,0,4.87373e+08,62.3362,61.308,3.5312,0,0,1.97785,1.97785,0,1.52798,3.38688,8.67071e+06,3.61194e+06,1.71493e+07,0,0,0,1.24441e+08
105.626,110.355,2.94235,0,0.04,3.3973,3.3973,0,0.63661,6.048,4.17222e+06,2.70226e+06,1.41743e+07,0,0,0,4.87373e+08,62.3362,61.308,3.85215,0,0,1.97798,1.97798,0,1.52808,3.38688,8.67071e+06,3.61194e+06,1.71505e+07,0,0,0,1.24441e+08
104.288,110.355,2.65301,0,0.04,3.5587,3.5587,0,0.636654,6.048,4.17222e+06,2.70226e+06,1.48477e+07,0,0,0,4.87373e+08,62.3362,61.308,3.41345,0,0,2.08507,2.08507,0,1.52819,3.38688,8.67071e+06,3.61194e+06,1.8079e+07,0,0,0,1.24441e+08
102.89,110.355,2.58339,0,0.04,3.55894,3.55894,0,0.6669,6.048,4.17222e+06,2.70226e+06,1.48487e+07,0,0,0,4.87373e+08,62.3362,61.308,3.24975,0,0,2.08521,2.08521,0,1.61092,3.38688,8.67071e+06,3.61194e+06,1.80802e+07,0,0,0,1.24441e+08
101.296,110.355,2.27052,0,0.04,3.55919,3.55919,0,0.666946,6.048,4.17222e+06,2.70226e+06,1.48497e+07,0,0,0,4.87373e+08,62.3362,61.308,3.08206,0,0,2.08535,2.08535,0,1.61103,3.38688,8.67071e+06,3.61194e+06,1.80815e+07,0,0,0,1.24441e+08
99.6491,110.355,2.20168,0,0.04,3.55943,3.55943,0,0.666992,6.048,4.17222e+06,2.70226e+06,1.48507e+07,0,0,0,4.87373e+08,62.3362,61.308,3.11788,0,0,2.08549,2.08549,0,1.61114,3.38688,8.67071e+06,3.61194e+06,1.80827e+07,0,0,0,1.24441e+08
97.9069,110.355,2.08763,0,0.04,3.55967,3.55967,0,0.667037,6.048,4.17222e+06,2.70226e+06,1.48517e+07,0,0,0,4.87373e+08,62.3362,61.308,2.99989,0,0,2.08564,2.08564,0,1.61125,3.38688,8.67071e+06,3.61194e+06,1.80839e+07,0,0,0,1.24441e+08
96.5765,110.355,2.3887,0,0.04,3.52803,3.52803,0,0.667083,6.048,4.17222e+06,2.70226e+06,1.47197e+07,0,0,0,4.87373e+08,62.1052,61.308,2.51348,0,0,2.14458,2.14458,0,1.61136,3.38688,8.67071e+06,3.61194e+06,1.8595e+07,0,0,0,1.24441e+08
95.1188,110.355,2.25214,0,0.04,3.52827,3.52827,0,0.661153,6.048,4.17222e+06,2.70226e+06,1.47207e+07,0,0,0,4.87373e+08,61.8349,61.308,2.3536,0,0,2.14473,2.14473,0,1.6569,3.38688,8.67071e+06,3.61194e+06,1.85963e+07,0,0,0,1.24441e+08
93.4779,110.355,2.05857,0,0.04,3.52852,3.52852,0,0.661199,6.048,4.17222e+06,2.70226e+06,1.47217e+07,0,0,0,4.87373e+08,61.5584,61.308,2.34933,0,0,2.14487,2.14487,0,1.65701,3.38688,8.67071e+06,3.61194e+06,1.85976e+07,0,0,0,1.24441e+08
91.6612,110.355,1.86189,0,0.04,3.52876,3.52876,0,0.661244,6.048,4.17222e+06,2.70226e+06,1.47227e+07,0,0,0,4.87373e+08,61.2353,61.308,2.09201,0,0,2.14502,2.14502,0,1.65713,3.38688,8.67071e+06,3.61194e+06,1.85988e+07,0,0,0,1.24441e+08
89.9136,110.355,1.93795,0,0.04,3.61136,3.61136,0,0.661289,6.048,4.17222e+06,2.70226e+06,1.50674e+07,0,0,0,4.87373e+08,60.8966,61.308,2.20786,0,0,2.19758,2.19758,0,1.65724,3.38688,8.67071e+06,3.61194e+06,1.90546e+07,0,0,0,1.24441e+08
88.227,110.355,1.99717,0,0.04,3.6116,3.6116,0,0.676768,6.048,4.17222e+06,2.70226e+06,1.50684e+07,0,0,0,4.87373e+08,60.4856,61.308,2.24939,0,0,2.19773,2.19773,0,1.69785,3.38688,8.67071e+06,3.61194e+06,1.90559e+07,0,0,0,1.24441e+08
86.4312,110.355,1.85741,0,0.04,3.61185,3.61185,0,0.676815,6.048,4.17222e+06,2.70226e+06,1.50694e+07,0,0,0,4.87373e+08,60.0342,61.308,2.17741,0,0,2.19788,2.19788,0,1.69797,3.38688,8.67071e+06,3.61194e+06,1.90572e+07,0,0,0,1.24441e+08
84.4889,110.355,1.69118,0,0.04,3.6121,3.6121,0,0.676861,6.048,4.17222e+06,2.70226e+06,1.50704e+07,0,0,0,4.87373e+08,59.5561,61.308,1.89878,0,0,2.19803,2.19803,0,1.69808,3.38688,8.67071e+06,3.61194e+06,1.90585e+07,0,0,0,1.24441e+08
82.6713,110.355,1.96255,0,0.04,3.8536,3.8536,0,0.676907,6.048,4.17222e+06,2.70226e+06,1.6078e+07,0,0,0,4.87373e+08,59.1893,61.308,2.52334,0,0,2.38744,2.38744,0,1.6982,3.38688,8.67071e+06,3.61194e+06,2.07008e+07,0,0,0,1.24441e+08
81.0964,110.355,2.18852,0,0.04,3.85386,3.85386,0,0.722164,6.048,4.17222e+06,2.70226e+06,1.60791e+07,0,0,0,4.87373e+08,58.7839,61.308,2.2764,0,0,2.3876,2.3876,0,1.84453,3.38688,8.67071e+06,3.61194e+06,2.07022e+07,0,0,0,1.24441e+08
79.1174,110.355,1.78668,0,0.04,3.85412,3.85412,0,0.722214,6.048,4.17222e+06,2.70226e+06,1.60802e+07,0,0,0,4.87373e+08,58.2481,61.308,1.81633,0,0,2.38776,2.38776,0,1.84466,3.38688,8.67071e+06,3.61194e+06,2.07036e+07,0,0,0,1.24441e+08
77.4658,110.355,2.08445,0,0.04,3.85439,3.85439,0,0.722263,6.048,4.17222e+06,2.70226e+06,1.60813e+07,0,0,0,4.87373e+08,57.9679,61.308,2.74301,0,0,2.38793,2.38793,0,1.84479,3.38688,8.67071e+06,3.61194e+06,2.0705e+07,0,0,0,1.24441e+08
75.4955,110.355,1.74798,0,0.04,3.85465,3.85465,0,0.722312,6.048,4.17222e+06,2.70226e+06,1.60824e+07,0,0,0,4.87373e+08,57.2984,61.308,2.1235,0,0,2.38809,2.38809,0,1.84491,3.38688,8.67071e+06,3.61194e+06,2.07065e+07,0,0,0,1.24441e+08
73.4108,110.355,1.45055,0,0.04,3.7373,3.7373,0,0.722362,6.048,4.17222e+06,2.70226e+06,1.55928e+07,0,0,0,4.87373e+08,56.5306,61.308,1.42503,0,0,2.27334,2.27334,0,1.84504,3.38688,8.67071e+06,3.61194e+06,1.97115e+07,0,0,0,1.24441e+08
71.1811,110.355,1.38083,0,0.04,3.73755,3.73755,0,0.700369,6.048,4.17222e+06,2.70226e+06,1.55939e+07,0,0,0,4.87373e+08,55.9208,61.308,1.57347,0,0,2.2735,2.2735,0,1.75639,3.38688,8.67071e+06,3.61194e+06,1.97129e+07,0,0,0,1.24441e+08
69.0744,110.355,1.4963,0,0.04,3.73781,3.73781,0,0.700417,6.048,4.17222e+06,2.70226e+06,1.55949e+07,0,0,0,4.87373e+08,55.4777,61.308,1.71056,0,0,2.27366,2.27366,0,1.75651,3.38688,8.67071e+06,3.61194e+06,1.97142e+07,0,0,0,1.24441e+08
67.0167,110.355,1.54298,0,0.04,3.73806,3.73806,0,0.700465,6.048,4.17222e+06,2.70226e+06,1.5596e+07,0,0,0,4.87373e+08,55.0659,61.308,1.80125,0,0,2.27381,2.27381,0,1.75663,3.38688,8.67071e+06,3.61194e+06,1.97156e+07,0,0,0,1.24441e+08
65.0311,110.355,1.54115,0,0.04,3.64175,3.64175,0,0.700513,6.048,4.17222e+06,2.70226e+06,1.51942e+07,0,0,0,4.87373e+08,54.7096,61.308,2.19071,0,0,2.16934,2.16934,0,1.75675,3.38688,8.67071e+06,3.61194e+06,1.88097e+07,0,0,0,1.24441e+08
63.386,110.355,1.9319,0,0.04,3.642,3.642,0,0.682464,6.048,4.17222e+06,2.70226e+06,1.51952e+07,0,0,0,4.87373e+08,53.8622,61.308,1.5564,0,0,2.16949,2.16949,0,1.67603,3.38688,8.67071e+06,3.61194e+06,1.8811e+07,0,0,0,1.24441e+08
61.4266,110.355,1.60528,0,0.04,3.64225,3.64225,0,0.68251,6.048,4.17222e+06,2.70226e+06,1.51962e+07,0,0,0,4.87373e+08,53.319,61.308,1.12469,0,0,2.16964,2.16964,0,1.67615,3.38688,8.67071e+06,3.61194e+06,1.88123e+07,0,0,0,1.24441e+08
60.2563,110.355,2.42166,0,0.04,3.6425,3.6425,0,0.682557,6.048,4.17222e+06,2.70226e+06,1.51973e+07,0,0,0,4.87373e+08,53.2238,61.308,3.10349,0,0,2.16979,2.16979,0,1.67626,3.38688,8.67071e+06,3.61194e+06,1.88136e+07,0,0,0,1.24441e+08
62.5948,110.355,5.96163,0,0.04,3.3684,3.3684,0,0.682604,6.048,4.17222e+06,2.70226e+06,1.40537e+07,0,0,0,4.87373e+08,54.0651,61.308,5.46388,0,0,1.95197,1.95197,0,1.67638,3.38688,8.67071e+06,3.61194e+06,1.6925e+07,0,0,0,1.24441e+08
61.94,110.355,2.81706,0,0.04,3.36863,3.36863,0,0.631239,6.048,4.17222e+06,2.70226e+06,1.40547e+07,0,0,0,4.87373e+08,53.8867,61.308,2.44173,0,0,1.95211,1.95211,0,1.50809,3.38688,8.67071e+06,3.61194e+06,1.69261e+07,0,0,0,1.24441e+08
61.3594,110.355,2.78409,0,0.04,3.36886,3.36886,0,0.631282,6.048,4.17222e+06,2.70226e+06,1.40556e+07,0,0,0,4.87373e+08,53.6776,61.308,2.32938,0,0,1.95224,1.95224,0,1.5082,3.38688,8.67071e+06,3.61194e+06,1.69273e+07,0,0,0,1.24441e+08
65.2706,110.355,7.42198,0,0.04,3.36909,3.36909,0,0.631325,6.048,4.17222e+06,2.70226e+06,1.40566e+07,0,0,0,4.87373e+08,54.4334,61.308,4.85858,0,0,1.95237,1.95237,0,1.5083,3.38688,8.67071e+06,3.61194e+06,1.69285e+07,0,0,0,1.24441e+08
70.9982,110.355,9.6848,0,0.04,3.36932,3.36932,0,0.631368,6.048,4.17222e+06,2.70226e+06,1.40575e+07,0,0,0,4.87373e+08,55.8254,61.308,6.47506,0,0,1.95251,1.95251,0,1.5084,3.38688,8.67071e+06,3.61194e+06,1.69296e+07,0,0,0,1.24441e+08
71.9386,110.355,4.64021,0,0.04,3.36932,3.36932,0,0.631411,6.048,4.17222e+06,2.70226e+06,1.40575e+07,0,0,0,4.87373e+08,55.9382,61.308,3.2789,0,0,1.95251,1.95251,0,1.50851,3.38688,8.67071e+06,3.61194e+06,1.69296e+07,0,0,0,1.24441e+08
71.4562,110.355,3.23669,0,0.04,3.4751,3.4751,0,0.631411,6.048,4.17222e+06,2.70226e+06,1.44989e+07,0,0,0,4.87373e+08,55.747,61.308,2.39905,0,0,2.01577,2.01577,0,1.50851,3.38688,8.67071e+06,3.61194e+06,1.74781e+07,0,0,0,1.24441e+08
73.4273,110.355,5.67018,0,0.04,3.47531,3.47531,0,0.651234,6.048,4.17222e+06,2.70226e+06,1.44997e+07,0,0,0,4.87373e+08,55.6647,61.308,2.73013,0,0,2.01589,2.01589,0,1.55738,3.38688,8.67071e+06,3.61194e+06,1.74792e+07,0,0,0,1.24441e+08
72.5909,110.355,2.85332,0,0.04,3.47551,3.47551,0,0.651272,6.048,4.17222e+06,2.70226e+06,1.45006e+07,0,0,0,4.87373e+08,55.5539,61.308,2.66876,0,0,2.01601,2.01601,0,1.55747,3.38688,8.67071e+06,3.61194e+06,1.74802e+07,0,0,0,1.24441e+08
71.8225,110.355,2.93934,0,0.04,3.47572,3.47572,0,0.651311,6.048,4.17222e+06,2.70226e+06,1.45015e+07,0,0,0,4.87373e+08,55.4403,61.308,2.69197,0,0,2.01613,2.01613,0,1.55757,3.38688,8.67071e+06,3.61194e+06,1.74813e+07,0,0,0,1.24441e+08
71.5487,110.355,3.77747,0,0.04,3.81496,3.81496,0,0.65135,6.048,4.17222e+06,2.70226e+06,1.59169e+07,0,0,0,4.87373e+08,55.096,61.308,2.47287,0,0,2.25332,2.25332,0,1.55766,3.38688,8.67071e+06,3.61194e+06,1.95379e+07,0,0,0,1.24441e+08
71.7905,110.355,4.31316,0,0.04,3.81519,3.81519,0,0.714924,6.048,4.17222e+06,2.70226e+06,1.59178e+07,0,0,0,4.87373e+08,54.8967,61.308,2.69869,0,0,2.25345,2.25345,0,1.74091,3.38688,8.67071e+06,3.61194e+06,1.9539e+07,0,0,0,1.24441e+08
71.7951,110.355,4.08147,0,0.04,3.81542,3.81542,0,0.714967,6.048,4.17222e+06,2.70226e+06,1.59188e+07,0,0,0,4.87373e+08,54.7729,61.308,3.00636,0,0,2.25359,2.25359,0,1.74102,3.38688,8.67071e+06,3.61194e+06,1.95402e+07,0,0,0,1.24441e+08
72.6809,110.355,5.01295,0,0.04,3.81565,3.81565,0,0.71501,6.048,4.17222e+06,2.70226e+06,1.59197e+07,0,0,0,4.87373e+08,54.9307,61.308,4.62412,0,0,2.25372,2.25372,0,1.74112,3.38688,8.67071e+06,3.61194e+06,1.95414e+07,0,0,0,1.24441e+08
74.3613,110.355,5.47422,0,0.04,3.33219,3.33219,0,0.715052,6.048,4.17222e+06,2.70226e+06,1.39026e+07,0,0,0,4.87373e+08,55.4853,61.308,4.94178,0,0,1.93563,1.93563,0,1.74122,3.38688,8.67071e+06,3.61194e+06,1.67833e+07,0,0,0,1.24441e+08
75.113,110.355,4.52022,0,0.04,3.33239,3.33239,0,0.624452,6.048,4.17222e+06,2.70226e+06,1.39034e+07,0,0,0,4.87373e+08,55.9982,61.308,4.4387,0,0,1.93575,1.93575,0,1.49547,3.38688,8.67071e+06,3.61194e+06,1.67843e+07,0,0,0,1.24441e+08
78.1374,110.355,7.05117,0,0.04,3.33259,3.33259,0,0.62449,6.048,4.17222e+06,2.70226e+06,1.39043e+07,0,0,0,4.87373e+08,57.0812,61.308,6.93059,0,0,1.93586,1.93586,0,1.49556,3.38688,8.67071e+06,3.61194e+06,1.67853e+07,0,0,0,1.24441e+08
81.7101,110.355,7.69314,0,0.04,3.33279,3.33279,0,0.624527,6.048,4.17222e+06,2.70226e+06,1.39051e+07,0,0,0,4.87373e+08,58.196,61.308,7.04991,0,0,1.93598,1.93598,0,1.49565,3.38688,8.67071e+06,3.61194e+06,1.67863e+07,0,0,0,1.24441e+08
84.9809,110.355,7.25248,0,0.04,3.33299,3.33299,0,0.624564,6.048,4.17222e+06,2.70226e+06,1.39059e+07,0,0,0,4.87373e+08,59.1724,61.308,6.99278,0,0,1.93609,1.93609,0,1.49574,3.38688,8.67071e+06,3.61194e+06,1.67873e+07,0,0,0,1.24441e+08
87.365,110.355,6.51437,0,0.04,3.45497,3.45497,0,0.624602,6.048,4.17222e+06,2.70226e+06,1.44149e+07,0,0,0,4.87373e+08,60.3158,61.308,6.82364,0,0,2.01408,2.01408,0,1.49583,3.38688,8.67071e+06,3.61194e+06,1.74635e+07,0,0,0,1.24441e+08
87.9306,110.355,4.85923,0,0.04,3.45518,3.45518,0,0.647462,6.048,4.17222e+06,2.70226e+06,1.44158e+07,0,0,0,4.87373e+08,60.9461,61.308,6.78293,0,0,2.0142,2.0142,0,1.55608,3.38688,8.67071e+06,3.61194e+06,1.74646e+07,0,0,0,1.24441e+08
87.9364,110.355,4.09542,0,0.04,3.45539,3.45539,0,0.647501,6.048,4.17222e+06,2.70226e+06,1.44166e+07,0,0,0,4.87373e+08,61.2416,61.308,5.18528,0,0,2.01432,2.01432,0,1.55617,3.38688,8.67071e+06,3.61194e+06,1.74656e+07,0,0,0,1.24441e+08
88.3007,110.355,4.38197,0,0.04,3.45559,3.45559,0,0.647539,6.048,4.17222e+06,2.70226e+06,1.44175e+07,0,0,0,4.87373e+08,61.7061,61.308,6.35628,0,0,2.01444,2.01444,0,1.55627,3.38688,8.67071e+06,3.61194e+06,1.74667e+07,0,0,0,1.24441e+08
88.6419,110.355,4.40741,0,0.04,3.40817,3.40817,0,0.647578,6.048,4.17222e+06,2.70226e+06,1.42196e+07,0,0,0,4.87373e+08,62.0405,61.308,5.70785,0,0,1.98431,1.98431,0,1.55636,3.38688,8.67071e+06,3.61194e+06,1.72054e+07,0,0,0,1.24441e+08
88.378,110.355,3.66364,0,0.04,3.40837,3.40837,0,0.638691,6.048,4.17222e+06,2.70226e+06,1.42205e+07,0,0,0,4.87373e+08,62.1574,61.308,5.75222,0,0,1.98443,1.98443,0,1.53308,3.38688,8.67071e+06,3.61194e+06,1.72064e+07,0,0,0,1.24441e+08
87.9598,110.355,3.43078,0,0.04,3.40858,3.40858,0,0.638729,6.048,4.17222e+06,2.70226e+06,1.42213e+07,0,0,0,4.87373e+08,62.1054,61.308,4.49104,0,0,1.98455,1.98455,0,1.53317,3.38688,8.67071e+06,3.61194e+06,1.72075e+07,0,0,0,1.24441e+08
87.2501,110.355,3.01946,0,0.04,3.40878,3.40878,0,0.638767,6.048,4.17222e+06,2.70226e+06,1.42222e+07,0,0,0,4.87373e+08,61.9659,61.308,4.22467,0,0,1.98467,1.98467,0,1.53326,3.38688,8.67071e+06,3.61194e+06,1.72085e+07,0,0,0,1.24441e+08
86.5034,110.355,3.08317,0,0.04,3.5707,3.5707,0,0.638805,6.048,4.17222e+06,2.70226e+06,1.48977e+07,0,0,0,4.87373e+08,61.9262,61.308,4.79514,0,0,2.09209,2.09209,0,1.53335,3.38688,8.67071e+06,3.61194e+06,1.81399e+07,0,0,0,1.24441e+08
85.5019,110.355,2.81335,0,0.04,3.57091,3.57091,0,0.669148,6.048,4.17222e+06,2.70226e+06,1.48986e+07,0,0,0,4.87373e+08,61.8529,61.308,3.90144,0,0,2.09222,2.09222,0,1.61635,3.38688,8.67071e+06,3.61194e+06,1.8141e+07,0,0,0,1.24441e+08
84.2102,110.355,2.48671,0,0.04,3.57112,3.57112,0,0.669188,6.048,4.17222e+06,2.70226e+06,1.48995e+07,0,0,0,4.87373e+08,61.6952,61.308,3.45873,0,0,2.09234,2.09234,0,1.61645,3.38688,8.67071e+06,3.61194e+06,1.81421e+07,0,0,0,1.24441e+08
82.8067,110.355,2.27059,0,0.04,3.57134,3.57134,0,0.669228,6.048,4.17222e+06,2.70226e+06,1.49004e+07,0,0,0,4.87373e+08,61.5235,61.308,3.76912,0,0,2.09247,2.09247,0,1.61654,3.38688,8.67071e+06,3.61194e+06,1.81432e+07,0,0,0,1.24441e+08
81.3419,110.355,2.1794,0,0.04,3.57155,3.57155,0,0.669268,6.048,4.17222e+06,2.70226e+06,1.49013e+07,0,0,0,4.87373e+08,61.2626,61.308,2.60612,0,0,2.09259,2.09259,0,1.61664,3.38688,8.67071e+06,3.61194e+06,1.81443e+07,0,0,0,1.24441e+08
79.736,110.355,2.00022,0,0.04,3.53977,3.53977,0,0.669308,6.048,4.17222e+06,2.70226e+06,1.47687e+07,0,0,0,4.87373e+08,61.0075,61.308,2.62341,0,0,2.15172,2.15172,0,1.61674,3.38688,8.67071e+06,3.61194e+06,1.86569e+07,0,0,0,1.24441e+08
77.9729,110.355,1.81277,0,0.04,3.53998,3.53998,0,0.663353,6.048,4.17222e+06,2.70226e+06,1.47696e+07,0,0,0,4.87373e+08,60.714,61.308,2.35953,0,0,2.15184,2.15184,0,1.66242,3.38688,8.67071e+06,3.61194e+06,1.8658e+07,0,0,0,1.24441e+08
76.17,110.355,1.71261,0,0.04,3.5402,3.5402,0,0.663393,6.048,4.17222e+06,2.70226e+06,1.47705e+07,0,0,0,4.87373e+08,60.3083,61.308,2.32995,0,0,2.15197,2.15197,0,1.66251,3.38688,8.67071e+06,3.61194e+06,1.86591e+07,0,0,0,1.24441e+08
74.1856,110.355,1.51989,0,0.04,3.54041,3.54041,0,0.663433,6.048,4.17222e+06,2.70226e+06,1.47713e+07,0,0,0,4.87373e+08,59.8024,61.308,2.10418,0,0,2.1521,2.1521,0,1.66261,3.38688,8.67071e+06,3.61194e+06,1.86602e+07,0,0,0,1.24441e+08
72.0486,110.355,1.40974,0,0.04,3.62325,3.62325,0,0.663472,6.048,4.17222e+06,2.70226e+06,1.5117e+07,0,0,0,4.87373e+08,59.1771,61.308,1.98884,0,0,2.20482,2.20482,0,1.66271,3.38688,8.67071e+06,3.61194e+06,1.91174e+07,0,0,0,1.24441e+08
69.822,110.355,1.29472,0,0.04,3.62347,3.62347,0,0.678997,6.048,4.17222e+06,2.70226e+06,1.51179e+07,0,0,0,4.87373e+08,58.5285,61.308,1.7237,0,0,2.20495,2.20495,0,1.70344,3.38688,8.67071e+06,3.61194e+06,1.91185e+07,0,0,0,1.24441e+08
67.6933,110.355,1.35992,0,0.04,3.62368,3.62368,0,0.679038,6.048,4.17222e+06,2.70226e+06,1.51188e+07,0,0,0,4.87373e+08,57.9213,61.308,2.05253,0,0,2.20508,2.20508,0,1.70355,3.38688,8.67071e+06,3.61194e+06,1.91196e+07,0,0,0,1.24441e+08
65.6005,110.355,1.36824,0,0.04,3.6239,3.6239,0,0.679078,6.048,4.17222e+06,2.70226e+06,1.51197e+07,0,0,0,4.87373e+08,57.0281,61.308,2.08724,0,0,2.20522,2.20522,0,1.70365,3.38688,8.67071e+06,3.61194e+06,1.91208e+07,0,0,0,1.24441e+08
62.9592,110.355,1.01674,0,0.04,3.86616,3.86616,0,0.679119,6.048,4.17222e+06,2.70226e+06,1.61304e+07,0,0,0,4.87373e+08,56.1907,61.308,1.14749,0,0,2.39522,2.39522,0,1.70375,3.38688,8.67071e+06,3.61194e+06,2.07682e+07,0,0,0,1.24441e+08
60.4678,110.355,1.14712,0,0.04,3.86639,3.86639,0,0.724518,6.048,4.17222e+06,2.70226e+06,1.61314e+07,0,0,0,4.87373e+08,55.0898,61.308,1.43538,0,0,2.39536,2.39536,0,1.85055,3.38688,8.67071e+06,3.61194e+06,2.07695e+07,0,0,0,1.24441e+08
57.7896,110.355,0.928118,0,0.04,3.86662,3.86662,0,0.724561,6.048,4.17222e+06,2.70226e+06,1.61324e+07,0,0,0,4.87373e+08,54.3096,61.308,1.03181,0,0,2.3955,2.3955,0,1.85066,3.38688,8.67071e+06,3.61194e+06,2.07707e+07,0,0,0,1.24441e+08
55.3515,110.355,1.11665,0,0.04,3.86685,3.86685,0,0.724604,6.048,4.17222e+06,2.70226e+06,1.61333e+07,0,0,0,4.87373e+08,53.4496,61.308,1.81781,0,0,2.39565,2.39565,0,1.85077,3.38688,8.67071e+06,3.61194e+06,2.0772e+07,0,0,0,1.24441e+08
52.5466,110.355,0.707558,0,0.04,3.86708,3.86708,0,0.724647,6.048,4.17222e+06,2.70226e+06,1.61343e+07,0,0,0,4.87373e+08,52.4219,61.308,1.29164,0,0,2.39579,2.39579,0,1.85088,3.38688,8.67071e+06,3.61194e+06,2.07732e+07,0,0,0,1.24441e+08
49.808,110.355,0.666355,0,0.04,3.74931,3.74931,0,0.724691,6.048,4.17222e+06,2.70226e+06,1.56429e+07,0,0,0,4.87373e+08,51.7226,61.308,1.21097,0,0,2.28065,2.28065,0,1.85099,3.38688,8.67071e+06,3.61194e+06,1.97749e+07,0,0,0,1.24441e+08
47.3226,110.355,0.891621,0,0.04,3.74954,3.74954,0,0.702622,6.048,4.17222e+06,2.70226e+06,1.56439e+07,0,0,0,4.87373e+08,51.1016,61.308,1.57726,0,0,2.28079,2.28079,0,1.76203,3.38688,8.67071e+06,3.61194e+06,1.97761e+07,0,0,0,1.24441e+08
45.1026,110.355,1.18601,0,0.04,3.74976,3.74976,0,0.702663,6.048,4.17222e+06,2.70226e+06,1.56448e+07,0,0,0,4.87373e+08,50.6432,61.308,2.36611,0,0,2.28093,2.28093,0,1.76214,3.38688,8.67071e+06,3.61194e+06,1.97773e+07,0,0,0,1.24441e+08
42.6858,110.355,0.918418,0,0.04,3.74999,3.74999,0,0.702705,6.048,4.17222e+06,2.70226e+06,1.56457e+07,0,0,0,4.87373e+08,50.0265,61.308,1.62204,0,0,2.28106,2.28106,0,1.76224,3.38688,8.67071e+06,3.61194e+06,1.97784e+07,0,0,0,1.24441e+08
40.2713,110.355,0.738123,0,0.04,3.65333,3.65333,0,0.702747,6.048,4.17222e+06,2.70226e+06,1.52425e+07,0,0,0,4.87373e+08,49.6064,61.308,1.6179,0,0,2.17624,2.17624,0,1.76235,3.38688,8.67071e+06,3.61194e+06,1.88696e+07,0,0,0,1.24441e+08
38.1601,110.355,1.0706,0,0.04,3.65355,3.65355,0,0.684635,6.048,4.17222e+06,2.70226e+06,1.52434e+07,0,0,0,4.87373e+08,49.461,61.308,2.16149,0,0,2.17637,2.17637,0,1.68136,3.38688,8.67071e+06,3.61194e+06,1.88707e+07,0,0,0,1.24441e+08
37.0603,110.355,2.09078,0,0.04,3.65377,3.65377,0,0.684676,6.048,4.17222e+06,2.70226e+06,1.52443e+07,0,0,0,4.87373e+08,49.5741,61.308,3.13212,0,0,2.1765,2.1765,0,1.68147,3.38688,8.67071e+06,3.61194e+06,1.88718e+07,0,0,0,1.24441e+08
35.8363,110.355,1.98275,0,0.04,3.65399,3.65399,0,0.684716,6.048,4.17222e+06,2.70226e+06,1.52452e+07,0,0,0,4.87373e+08,49.4673,61.308,3.02219,0,0,2.17663,2.17663,0,1.68157,3.38688,8.67071e+06,3.61194e+06,1.8873e+07,0,0,0,1.24441e+08
34.5609,110.355,1.59678,0,0.04,3.379,3.379,0,0.684757,6.048,4.17222e+06,2.70226e+06,1.40979e+07,0,0,0,4.87373e+08,49.0306,61.308,1.95348,0,0,1.95811,1.95811,0,1.68167,3.38688,8.67071e+06,3.61194e+06,1.69782e+07,0,0,0,1.24441e+08
33.6327,110.355,1.95301,0,0.04,3.3792,3.3792,0,0.633225,6.048,4.17222e+06,2.70226e+06,1.40988e+07,0,0,0,4.87373e+08,48.8005,61.308,2.84182,0,0,1.95823,1.95823,0,1.51284,3.38688,8.67071e+06,3.61194e+06,1.69793e+07,0,0,0,1.24441e+08
32.8195,110.355,2.0676,0,0.04,3.37941,3.37941,0,0.633263,6.048,4.17222e+06,2.70226e+06,1.40996e+07,0,0,0,4.87373e+08,48.5737,61.308,2.64569,0,0,1.95835,1.95835,0,1.51293,3.38688,8.67071e+06,3.61194e+06,1.69803e+07,0,0,0,1.24441e+08
31.3276,110.355,1.29264,0,0.04,3.37961,3.37961,0,0.633301,6.048,4.17222e+06,2.70226e+06,1.41005e+07,0,0,0,4.87373e+08,48.2298,61.308,2.10798,0,0,1.95846,1.95846,0,1.51302,3.38688,8.67071e+06,3.61194e+06,1.69813e+07,0,0,0,1.24441e+08
32.7469,110.355,4.31003,0,0.04,3.37981,3.37981,0,0.633339,6.048,4.17222e+06,2.70226e+06,1.41013e+07,0,0,0,4.87373e+08,48.5786,61.308,3.44027,0,0,1.95858,1.95858,0,1.51311,3.38688,8.67071e+06,3.61194e+06,1.69823e+07,0,0,0,1.24441e+08
35.2604,110.355,5.50394,0,0.04,3.48588,3.48588,0,0.633376,6.048,4.17222e+06,2.70226e+06,1.45439e+07,0,0,0,4.87373e+08,49.3343,61.308,4.71919,0,0,2.02202,2.02202,0,1.5132,3.38688,8.67071e+06,3.61194e+06,1.75324e+07,0,0,0,1.24441e+08
37.7069,110.355,5.74198,0,0.04,3.48606,3.48606,0,0.653255,6.048,4.17222e+06,2.70226e+06,1.45446e+07,0,0,0,4.87373e+08,50.4072,61.308,4.89881,0,0,2.02213,2.02213,0,1.56221,3.38688,8.67071e+06,3.61194e+06,1.75333e+07,0,0,0,1.24441e+08
39.0259,110.355,4.54097,0,0.04,3.48624,3.48624,0,0.653288,6.048,4.17222e+06,2.70226e+06,1.45453e+07,0,0,0,4.87373e+08,50.8845,61.308,3.96659,0,0,2.02223,2.02223,0,1.56229,3.38688,8.67071e+06,3.61194e+06,1.75342e+07,0,0,0,1.24441e+08
40.3387,110.355,4.60694,0,0.04,3.48642,3.48642,0,0.653322,6.048,4.17222e+06,2.70226e+06,1.45461e+07,0,0,0,4.87373e+08,51.4512,61.308,3.96722,0,0,2.02233,2.02233,0,1.56237,3.38688,8.67071e+06,3.61194e+06,1.75351e+07,0,0,0,1.24441e+08
46.3476,110.355,9.87602,0,0.04,3.82667,3.82667,0,0.653355,6.048,4.17222e+06,2.70226e+06,1.59657e+07,0,0,0,4.87373e+08,53.7806,61.308,7.67457,0,0,2.26023,2.26023,0,1.56245,3.38688,8.67071e+06,3.61194e+06,1.95978e+07,0,0,0,1.24441e+08
59.823,110.355,17.8327,0,0.04,3.82687,3.82687,0,0.717119,6.048,4.17222e+06,2.70226e+06,1.59665e+07,0,0,0,4.87373e+08,57.3291,61.308,10.8375,0,0,2.26035,2.26035,0,1.74626,3.38688,8.67071e+06,3.61194e+06,1.95988e+07,0,0,0,1.24441e+08
62.7732,110.355,7.41259,0,0.04,3.82707,3.82707,0,0.717156,6.048,4.17222e+06,2.70226e+06,1.59673e+07,0,0,0,4.87373e+08,58.5285,61.308,5.40712,0,0,2.26047,2.26047,0,1.74635,3.38688,8.67071e+06,3.61194e+06,1.95998e+07,0,0,0,1.24441e+08
64.6889,110.355,6.1392,0,0.04,3.82726,3.82726,0,0.717192,6.048,4.17222e+06,2.70226e+06,1.59682e+07,0,0,0,4.87373e+08,59.6986,61.308,5.55196,0,0,2.26058,2.26058,0,1.74644,3.38688,8.67071e+06,3.61194e+06,1.96009e+07,0,0,0,1.24441e+08
66.5638,110.355,5.673,0,0.04,3.34231,3.34231,0,0.717229,6.048,4.17222e+06,2.70226e+06,1.39448e+07,0,0,0,4.87373e+08,60.9363,61.308,5.68452,0,0,1.94151,1.94151,0,1.74653,3.38688,8.67071e+06,3.61194e+06,1.68343e+07,0,0,0,1.24441e+08
67.4608,110.355,4.57995,0,0.04,3.34248,3.34248,0,0.626348,6.048,4.17222e+06,2.70226e+06,1.39455e+07,0,0,0,4.87373e+08,61.4229,61.308,3.78443,0,0,1.94161,1.94161,0,1.50001,3.38688,8.67071e+06,3.61194e+06,1.68351e+07,0,0,0,1.24441e+08
69.4529,110.355,5.79635,0,0.04,3.34265,3.34265,0,0.62638,6.048,4.17222e+06,2.70226e+06,1.39462e+07,0,0,0,4.87373e+08,62.3362,61.308,4.96674,0,0,1.94171,1.94171,0,1.50009,3.38688,8.67071e+06,3.61194e+06,1.6836e+07,0,0,0,1.24441e+08
73.6415,110.355,8.18063,0,0.04,3.34282,3.34282,0,0.626412,6.048,4.17222e+06,2.70226e+06,1.3947e+07,0,0,0,4.87373e+08,62.3362,61.308,8.74929,0,0,1.94181,1.94181,0,1.50016,3.38688,8.67071e+06,3.61194e+06,1.68368e+07,0,0,0,1.24441e+08
77.0695,110.355,7.3158,0,0.04,3.34299,3.34299,0,0.626444,6.048,4.17222e+06,2.70226e+06,1.39477e+07,0,0,0,4.87373e+08,62.3362,61.308,8.82125,0,0,1.94191,1.94191,0,1.50024,3.38688,8.67071e+06,3.61194e+06,1.68377e+07,0,0,0,1.24441e+08
79.5535,110.355,6.50261,0,0.04,3.46532,3.46532,0,0.626477,6.048,4.17222e+06,2.70226e+06,1.4458e+07,0,0,0,4.87373e+08,62.3362,61.308,6.5683,0,0,2.02011,2.02011,0,1.50032,3.38688,8.67071e+06,3.61194e+06,1.75158e+07,0,0,0,1.24441e+08
81.3419,110.355,5.821,0,0.04,3.46549,3.46549,0,0.6494,6.048,4.17222e+06,2.70226e+06,1.44588e+07,0,0,0,4.87373e+08,62.3362,61.308,5.56236,0,0,2.02022,2.02022,0,1.56074,3.38688,8.67071e+06,3.61194e+06,1.75167e+07,0,0,0,1.24441e+08
82.8072,110.355,5.35987,0,0.04,3.46567,3.46567,0,0.649433,6.048,4.17222e+06,2.70226e+06,1.44595e+07,0,0,0,4.87373e+08,62.3362,61.308,6.35004,0,0,2.02032,2.02032,0,1.56082,3.38688,8.67071e+06,3.61194e+06,1.75176e+07,0,0,0,1.24441e+08
83.5194,110.355,4.53823,0,0.04,3.46585,3.46585,0,0.649467,6.048,4.17222e+06,2.70226e+06,1.44603e+07,0,0,0,4.87373e+08,62.3362,61.308,4.68665,0,0,2.02042,2.02042,0,1.5609,3.38688,8.67071e+06,3.61194e+06,1.75185e+07,0,0,0,1.24441e+08
84.0699,110.355,4.36933,0,0.04,3.41826,3.41826,0,0.6495,6.048,4.17222e+06,2.70226e+06,1.42617e+07,0,0,0,4.87373e+08,62.3362,61.308,4.79052,0,0,1.99018,1.99018,0,1.56098,3.38688,8.67071e+06,3.61194e+06,1.72563e+07,0,0,0,1.24441e+08
84.2943,110.355,3.95575,0,0.04,3.41843,3.41843,0,0.640581,6.048,4.17222e+06,2.70226e+06,1.42624e+07,0,0,0,4.87373e+08,62.3362,61.308,4.14343,0,0,1.99029,1.99029,0,1.53762,3.38688,8.67071e+06,3.61194e+06,1.72572e+07,0,0,0,1.24441e+08
84.2723,110.355,3.6905,0,0.04,3.41861,3.41861,0,0.640614,6.048,4.17222e+06,2.70226e+06,1.42632e+07,0,0,0,4.87373e+08,62.3362,61.308,3.75424,0,0,1.99039,1.99039,0,1.5377,3.38688,8.67071e+06,3.61194e+06,1.72581e+07,0,0,0,1.24441e+08
84.1589,110.355,3.54569,0,0.04,3.41878,3.41878,0,0.640647,6.048,4.17222e+06,2.70226e+06,1.42639e+07,0,0,0,4.87373e+08,62.3362,61.308,3.71368,0,0,1.99049,1.99049,0,1.53777,3.38688,8.67071e+06,3.61194e+06,1.7259e+07,0,0,0,1.24441e+08
83.0745,110.355,2.63699,0,0.04,3.58114,3.58114,0,0.64068,6.048,4.17222e+06,2.70226e+06,1.49413e+07,0,0,0,4.87373e+08,62.3362,61.308,2.71136,0,0,2.09821,2.09821,0,1.53785,3.38688,8.67071e+06,3.61194e+06,1.8193e+07,0,0,0,1.24441e+08
81.9254,110.355,2.55707,0,0.04,3.58133,3.58133,0,0.671106,6.048,4.17222e+06,2.70226e+06,1.49421e+07,0,0,0,4.87373e+08,62.3362,61.308,2.74886,0,0,2.09832,2.09832,0,1.62108,3.38688,8.67071e+06,3.61194e+06,1.8194e+07,0,0,0,1.24441e+08
80.6614,110.355,2.42459,0,0.04,3.58151,3.58151,0,0.671141,6.048,4.17222e+06,2.70226e+06,1.49428e+07,0,0,0,4.87373e+08,62.3362,61.308,2.64606,0,0,2.09843,2.09843,0,1.62116,3.38688,8.67071e+06,3.61194e+06,1.81949e+07,0,0,0,1.24441e+08
79.2658,110.355,2.26398,0,0.04,3.58169,3.58169,0,0.671175,6.048,4.17222e+06,2.70226e+06,1.49436e+07,0,0,0,4.87373e+08,62.3362,61.308,2.49421,0,0,2.09854,2.09854,0,1.62125,3.38688,8.67071e+06,3.61194e+06,1.81958e+07,0,0,0,1.24441e+08
78.2361,110.355,2.59185,0,0.04,3.58188,3.58188,0,0.671209,6.048,4.17222e+06,2.70226e+06,1.49444e+07,0,0,0,4.87373e+08,62.3123,61.308,2.77817,0,0,2.09865,2.09865,0,1.62133,3.38688,8.67071e+06,3.61194e+06,1.81968e+07,0,0,0,1.24441e+08
77.2272,110.355,2.58895,0,0.04,3.54998,3.54998,0,0.671244,6.048,4.17222e+06,2.70226e+06,1.48113e+07,0,0,0,4.87373e+08,62.2809,61.308,2.77627,0,0,2.15792,2.15792,0,1.62141,3.38688,8.67071e+06,3.61194e+06,1.87107e+07,0,0,0,1.24441e+08
75.9971,110.355,2.35667,0,0.04,3.55016,3.55016,0,0.665266,6.048,4.17222e+06,2.70226e+06,1.4812e+07,0,0,0,4.87373e+08,62.2115,61.308,2.64283,0,0,2.15803,2.15803,0,1.66721,3.38688,8.67071e+06,3.61194e+06,1.87117e+07,0,0,0,1.24441e+08
74.5841,110.355,2.14134,0,0.04,3.55034,3.55034,0,0.6653,6.048,4.17222e+06,2.70226e+06,1.48128e+07,0,0,0,4.87373e+08,62.0866,61.308,2.42427,0,0,2.15814,2.15814,0,1.66729,3.38688,8.67071e+06,3.61194e+06,1.87126e+07,0,0,0,1.24441e+08
73.1097,110.355,2.02633,0,0.04,3.55053,3.55053,0,0.665334,6.048,4.17222e+06,2.70226e+06,1.48136e+07,0,0,0,4.87373e+08,61.846,61.308,2.34875,0,0,2.15825,2.15825,0,1.66738,3.38688,8.67071e+06,3.61194e+06,1.87136e+07,0,0,0,1.24441e+08
71.7198,110.355,2.18705,0,0.04,3.63357,3.63357,0,0.665369,6.048,4.17222e+06,2.70226e+06,1.51601e+07,0,0,0,4.87373e+08,61.7861,61.308,2.57308,0,0,2.2111,2.2111,0,1.66746,3.38688,8.67071e+06,3.61194e+06,1.91718e+07,0,0,0,1.24441e+08
70.2018,110.355,2.02502,0,0.04,3.63376,3.63376,0,0.680932,6.048,4.17222e+06,2.70226e+06,1.51608e+07,0,0,0,4.87373e+08,61.6054,61.308,2.58658,0,0,2.21122,2.21122,0,1.7083,3.38688,8.67071e+06,3.61194e+06,1.91728e+07,0,0,0,1.24441e+08
68.5549,110.355,1.87619,0,0.04,3.63395,3.63395,0,0.680967,6.048,4.17222e+06,2.70226e+06,1.51616e+07,0,0,0,4.87373e+08,61.3675,61.308,2.31067,0,0,2.21133,2.21133,0,1.70839,3.38688,8.67071e+06,3.61194e+06,1.91738e+07,0,0,0,1.24441e+08
66.9686,110.355,1.91008,0,0.04,3.63413,3.63413,0,0.681002,6.048,4.17222e+06,2.70226e+06,1.51624e+07,0,0,0,4.87373e+08,61.2087,61.308,2.60452,0,0,2.21144,2.21144,0,1.70847,3.38688,8.67071e+06,3.61194e+06,1.91748e+07,0,0,0,1.24441e+08
65.0545,110.355,1.74853,0,0.04,3.87704,3.87704,0,0.681037,6.048,4.17222e+06,2.70226e+06,1.61758e+07,0,0,0,4.87373e+08,60.936,61.308,2.38643,0,0,2.40196,2.40196,0,1.70856,3.38688,8.67071e+06,3.61194e+06,2.08267e+07,0,0,0,1.24441e+08
62.9021,110.355,1.50812,0,0.04,3.87724,3.87724,0,0.726557,6.048,4.17222e+06,2.70226e+06,1.61767e+07,0,0,0,4.87373e+08,60.6094,61.308,2.21793,0,0,2.40209,2.40209,0,1.85576,3.38688,8.67071e+06,3.61194e+06,2.08278e+07,0,0,0,1.24441e+08
60.8078,110.355,1.52511,0,0.04,3.87744,3.87744,0,0.726595,6.048,4.17222e+06,2.70226e+06,1.61775e+07,0,0,0,4.87373e+08,60.3814,61.308,2.40379,0,0,2.40221,2.40221,0,1.85585,3.38688,8.67071e+06,3.61194e+06,2.08289e+07,0,0,0,1.24441e+08
58.7544,110.355,1.53929,0,0.04,3.87764,3.87764,0,0.726632,6.048,4.17222e+06,2.70226e+06,1.61783e+07,0,0,0,4.87373e+08,60.1664,61.308,2.81039,0,0,2.40233,2.40233,0,1.85595,3.38688,8.67071e+06,3.61194e+06,2.08299e+07,0,0,0,1.24441e+08
56.5375,110.355,1.3301,0,0.04,3.87784,3.87784,0,0.726669,6.048,4.17222e+06,2.70226e+06,1.61792e+07,0,0,0,4.87373e+08,59.9423,61.308,2.38392,0,0,2.40246,2.40246,0,1.85604,3.38688,8.67071e+06,3.61194e+06,2.0831e+07,0,0,0,1.24441e+08
54.5322,110.355,1.42714,0,0.04,3.75971,3.75971,0,0.726707,6.048,4.17222e+06,2.70226e+06,1.56863e+07,0,0,0,4.87373e+08,59.8169,61.308,2.5712,0,0,2.28698,2.28698,0,1.85614,3.38688,8.67071e+06,3.61194e+06,1.98297e+07,0,0,0,1.24441e+08
52.9638,110.355,1.86104,0,0.04,3.75991,3.75991,0,0.70457,6.048,4.17222e+06,2.70226e+06,1.56871e+07,0,0,0,4.87373e+08,59.764,61.308,2.73582,0,0,2.2871,2.2871,0,1.76692,3.38688,8.67071e+06,3.61194e+06,1.98308e+07,0,0,0,1.24441e+08
52.1907,110.355,2.6836,0,0.04,3.7601,3.7601,0,0.704606,6.048,4.17222e+06,2.70226e+06,1.56879e+07,0,0,0,4.87373e+08,60.3069,61.308,4.57989,0,0,2.28721,2.28721,0,1.76701,3.38688,8.67071e+06,3.61194e+06,1.98318e+07,0,0,0,1.24441e+08
50.8976,110.355,2.20714,0,0.04,3.76029,3.76029,0,0.704642,6.048,4.17222e+06,2.70226e+06,1.56887e+07,0,0,0,4.87373e+08,60.5398,61.308,3.67267,0,0,2.28733,2.28733,0,1.7671,3.38688,8.67071e+06,3.61194e+06,1.98328e+07,0,0,0,1.24441e+08
49.9467,110.355,2.54128,0,0.04,3.66334,3.66334,0,0.704679,6.048,4.17222e+06,2.70226e+06,1.52842e+07,0,0,0,4.87373e+08,61.4793,61.308,5.14452,0,0,2.1822,2.1822,0,1.76719,3.38688,8.67071e+06,3.61194e+06,1.89213e+07,0,0,0,1.24441e+08
48.8322,110.355,2.32932,0,0.04,3.66353,3.66353,0,0.68651,6.048,4.17222e+06,2.70226e+06,1.5285e+07,0,0,0,4.87373e+08,62.3362,61.308,6.72056,0,0,2.18232,2.18232,0,1.68597,3.38688,8.67071e+06,3.61194e+06,1.89222e+07,0,0,0,1.24441e+08
47.8251,110.355,2.50913,0,0.04,3.66372,3.66372,0,0.686545,6.048,4.17222e+06,2.70226e+06,1.52858e+07,0,0,0,4.87373e+08,62.3362,61.308,7.41105,0,0,2.18243,2.18243,0,1.68606,3.38688,8.67071e+06,3.61194e+06,1.89232e+07,0,0,0,1.24441e+08
49.1991,110.355,4.94969,0,0.04,3.66391,3.66391,0,0.686581,6.048,4.17222e+06,2.70226e+06,1.52866e+07,0,0,0,4.87373e+08,62.3362,61.308,7.90222,0,0,2.18254,2.18254,0,1.68614,3.38688,8.67071e+06,3.61194e+06,1.89242e+07,0,0,0,1.24441e+08
49.6015,110.355,3.67008,0,0.04,3.38815,3.38815,0,0.686616,6.048,4.17222e+06,2.70226e+06,1.41361e+07,0,0,0,4.87373e+08,62.3362,61.308,4.77048,0,0,1.96341,1.96341,0,1.68623,3.38688,8.67071e+06,3.61194e+06,1.70242e+07,0,0,0,1.24441e+08
49.4767,110.355,3.27913,0,0.04,3.38832,3.38832,0,0.634938,6.048,4.17222e+06,2.70226e+06,1.41368e+07,0,0,0,4.87373e+08,62.3362,61.308,6.81973,0,0,1.96351,1.96351,0,1.51693,3.38688,8.67071e+06,3.61194e+06,1.70251e+07,0,0,0,1.24441e+08
50.7297,110.355,4.79607,0,0.04,3.38849,3.38849,0,0.634971,6.048,4.17222e+06,2.70226e+06,1.41375e+07,0,0,0,4.87373e+08,62.3362,61.308,7.6996,0,0,1.96361,1.96361,0,1.51701,3.38688,8.67071e+06,3.61194e+06,1.70259e+07,0,0,0,1.24441e+08
58.1692,110.355,11.3875,0,0.04,3.38867,3.38867,0,0.635004,6.048,4.17222e+06,2.70226e+06,1.41382e+07,0,0,0,4.87373e+08,62.3362,61.308,20.821,0,0,1.96371,1.96371,0,1.51709,3.38688,8.67071e+06,3.61194e+06,1.70268e+07,0,0,0,1.24441e+08
60.2578,110.355,5.71545,0,0.04,3.38884,3.38884,0,0.635036,6.048,4.17222e+06,2.70226e+06,1.4139e+07,0,0,0,4.87373e+08,62.3362,61.308,9.65924,0,0,1.96381,1.96381,0,1.51717,3.38688,8.67071e+06,3.61194e+06,1.70277e+07,0,0,0,1.24441e+08
65.4213,110.355,9.11077,0,0.04,3.49517,3.49517,0,0.635069,6.048,4.17222e+06,2.70226e+06,1.45826e+07,0,0,0,4.87373e+08,62.3362,61.308,7.42615,0,0,2.02741,2.02741,0,1.51724,3.38688,8.67071e+06,3.61194e+06,1.75791e+07,0,0,0,1.24441e+08
66.2568,110.355,4.6604,0,0.04,3.49532,3.49532,0,0.654995,6.048,4.17222e+06,2.70226e+06,1.45832e+07,0,0,0,4.87373e+08,62.3362,61.308,4.69672,0,0,2.02749,2.02749,0,1.56638,3.38688,8.67071e+06,3.61194e+06,1.75798e+07,0,0,0,1.24441e+08
66.9513,110.355,4.50291,0,0.04,3.49547,3.49547,0,0.655023,6.048,4.17222e+06,2.70226e+06,1.45838e+07,0,0,0,4.87373e+08,62.3362,61.308,9.16121,0,0,2.02758,2.02758,0,1.56644,3.38688,8.67071e+06,3.61194e+06,1.75806e+07,0,0,0,1.24441e+08
67.6892,110.355,4.48534,0,0.04,3.49562,3.49562,0,0.655051,6.048,4.17222e+06,2.70226e+06,1.45845e+07,0,0,0,4.87373e+08,62.3362,61.308,6.59994,0,0,2.02767,2.02767,0,1.56651,3.38688,8.67071e+06,3.61194e+06,1.75813e+07,0,0,0,1.24441e+08
66.9928,110.355,3.3084,0,0.04,3.83674,3.83674,0,0.655079,6.048,4.17222e+06,2.70226e+06,1.60077e+07,0,0,0,4.87373e+08,62.3362,61.308,4.60795,0,0,2.26618,2.26618,0,1.56658,3.38688,8.67071e+06,3.61194e+06,1.96494e+07,0,0,0,1.24441e+08
68.516,110.355,5.64985,0,0.04,3.8369,3.8369,0,0.719005,6.048,4.17222e+06,2.70226e+06,1.60084e+07,0,0,0,4.87373e+08,62.3362,61.308,5.99458,0,0,2.26627,2.26627,0,1.75085,3.38688,8.67071e+06,3.61194e+06,1.96502e+07,0,0,0,1.24441e+08
69.1627,110.355,4.86555,0,0.04,3.83707,3.83707,0,0.719036,6.048,4.17222e+06,2.70226e+06,1.60091e+07,0,0,0,4.87373e+08,62.3362,61.308,6.12257,0,0,2.26637,2.26637,0,1.75092,3.38688,8.67071e+06,3.61194e+06,1.96511e+07,0,0,0,1.24441e+08
69.0763,110.355,4.00153,0,0.04,3.83723,3.83723,0,0.719066,6.048,4.17222e+06,2.70226e+06,1.60098e+07,0,0,0,4.87373e+08,62.3362,61.308,5.71605,0,0,2.26647,2.26647,0,1.751,3.38688,8.67071e+06,3.61194e+06,1.96519e+07,0,0,0,1.24441e+08
72.2488,110.355,6.97398,0,0.04,3.35098,3.35098,0,0.719097,6.048,4.17222e+06,2.70226e+06,1.3981e+07,0,0,0,4.87373e+08,62.3362,61.308,6.51512,0,0,1.94655,1.94655,0,1.75107,3.38688,8.67071e+06,3.61194e+06,1.6878e+07,0,0,0,1.24441e+08
74.4454,110.355,6.02182,0,0.04,3.35113,3.35113,0,0.627974,6.048,4.17222e+06,2.70226e+06,1.39816e+07,0,0,0,4.87373e+08,62.3362,61.308,5.72282,0,0,1.94663,1.94663,0,1.5039,3.38688,8.67071e+06,3.61194e+06,1.68787e+07,0,0,0,1.24441e+08
76.4516,110.355,5.74051,0,0.04,3.35127,3.35127,0,0.628001,6.048,4.17222e+06,2.70226e+06,1.39822e+07,0,0,0,4.87373e+08,62.3362,61.308,6.05501,0,0,1.94671,1.94671,0,1.50397,3.38688,8.67071e+06,3.61194e+06,1.68794e+07,0,0,0,1.24441e+08
78.6784,110.355,6.10326,0,0.04,3.35141,3.35141,0,0.628028,6.048,4.17222e+06,2.70226e+06,1.39828e+07,0,0,0,4.87373e+08,62.3362,61.308,5.57579,0,0,1.9468,1.9468,0,1.50403,3.38688,8.67071e+06,3.61194e+06,1.68801e+07,0,0,0,1.24441e+08
81.82,110.355,7.09805,0,0.04,3.35156,3.35156,0,0.628055,6.048,4.17222e+06,2.70226e+06,1.39834e+07,0,0,0,4.87373e+08,62.3362,61.308,7.02131,0,0,1.94688,1.94688,0,1.5041,3.38688,8.67071e+06,3.61194e+06,1.68809e+07,0,0,0,1.24441e+08
84.977,110.355,7.38983,0,0.04,3.47417,3.47417,0,0.628082,6.048,4.17222e+06,2.70226e+06,1.4495e+07,0,0,0,4.87373e+08,62.3362,61.308,5.92511,0,0,2.02527,2.02527,0,1.50416,3.38688,8.67071e+06,3.61194e+06,1.75605e+07,0,0,0,1.24441e+08
86.4637,110.355,5.48108,0,0.04,3.47431,3.47431,0,0.651059,6.048,4.17222e+06,2.70226e+06,1.44956e+07,0,0,0,4.87373e+08,62.3362,61.308,5.07964,0,0,2.02536,2.02536,0,1.56472,3.38688,8.67071e+06,3.61194e+06,1.75613e+07,0,0,0,1.24441e+08
88.0199,110.355,5.69373,0,0.04,3.47446,3.47446,0,0.651087,6.048,4.17222e+06,2.70226e+06,1.44962e+07,0,0,0,4.87373e+08,62.3362,61.308,5.671,0,0,2.02544,2.02544,0,1.56479,3.38688,8.67071e+06,3.61194e+06,1.75621e+07,0,0,0,1.24441e+08
89.3638,110.355,5.44323,0,0.04,3.47461,3.47461,0,0.651115,6.048,4.17222e+06,2.70226e+06,1.44968e+07,0,0,0,4.87373e+08,62.3362,61.308,5.49977,0,0,2.02553,2.02553,0,1.56486,3.38688,8.67071e+06,3.61194e+06,1.75628e+07,0,0,0,1.24441e+08
90.6551,110.355,5.26375,0,0.04,3.42687,3.42687,0,0.651143,6.048,4.17222e+06,2.70226e+06,1.42976e+07,0,0,0,4.87373e+08,62.3362,61.308,5.0537,0,0,1.9952,1.9952,0,1.56493,3.38688,8.67071e+06,3.61194e+06,1.72998e+07,0,0,0,1.24441e+08
91.2957,110.355,4.58843,0,0.04,3.42702,3.42702,0,0.642196,6.048,4.17222e+06,2.70226e+06,1.42983e+07,0,0,0,4.87373e+08,62.3362,61.308,4.60805,0,0,1.99529,1.99529,0,1.54149,3.38688,8.67071e+06,3.61194e+06,1.73006e+07,0,0,0,1.24441e+08
91.4836,110.355,4.10045,0,0.04,3.42717,3.42717,0,0.642223,6.048,4.17222e+06,2.70226e+06,1.42989e+07,0,0,0,4.87373e+08,62.3362,61.308,4.0509,0,0,1.99537,1.99537,0,1.54156,3.38688,8.67071e+06,3.61194e+06,1.73013e+07,0,0,0,1.24441e+08
91.4106,110.355,3.79767,0,0.04,3.42731,3.42731,0,0.642251,6.048,4.17222e+06,2.70226e+06,1.42995e+07,0,0,0,4.87373e+08,62.3362,61.308,3.82122,0,0,1.99546,1.99546,0,1.54162,3.38688,8.67071e+06,3.61194e+06,1.7302e+07,0,0,0,1.24441e+08
91.0234,110.355,3.56175,0,0.04,3.59005,3.59005,0,0.642278,6.048,4.17222e+06,2.70226e+06,1.49785e+07,0,0,0,4.87373e+08,62.3362,61.308,3.40716,0,0,2.10343,2.10343,0,1.54169,3.38688,8.67071e+06,3.61194e+06,1.82383e+07,0,0,0,1.24441e+08
90.762,110.355,3.6027,0,0.04,3.5902,3.5902,0,0.672775,6.048,4.17222e+06,2.70226e+06,1.49791e+07,0,0,0,4.87373e+08,62.3362,61.308,4.15629,0,0,2.10352,2.10352,0,1.62511,3.38688,8.67071e+06,3.61194e+06,1.8239e+07,0,0,0,1.24441e+08
90.195,110.355,3.21281,0,0.04,3.59036,3.59036,0,0.672804,6.048,4.17222e+06,2.70226e+06,1.49797e+07,0,0,0,4.87373e+08,62.3362,61.308,3.48862,0,0,2.10361,2.10361,0,1.62518,3.38688,8.67071e+06,3.61194e+06,1.82398e+07,0,0,0,1.24441e+08
89.4327,110.355,2.99955,0,0.04,3.59051,3.59051,0,0.672833,6.048,4.17222e+06,2.70226e+06,1.49804e+07,0,0,0,4.87373e+08,62.3362,61.308,2.94274,0,0,2.1037,2.1037,0,1.62525,3.38688,8.67071e+06,3.61194e+06,1.82406e+07,0,0,0,1.24441e+08
88.3267,110.355,2.62812,0,0.04,3.59067,3.59067,0,0.672862,6.048,4.17222e+06,2.70226e+06,1.4981e+07,0,0,0,4.87373e+08,62.3128,61.308,2.97988,0,0,2.10379,2.10379,0,1.62532,3.38688,8.67071e+06,3.61194e+06,1.82414e+07,0,0,0,1.24441e+08
86.958,110.355,2.32059,0,0.04,3.55866,3.55866,0,0.672891,6.048,4.17222e+06,2.70226e+06,1.48475e+07,0,0,0,4.87373e+08,62.319,61.308,2.98459,0,0,2.16319,2.16319,0,1.62539,3.38688,8.67071e+06,3.61194e+06,1.87564e+07,0,0,0,1.24441e+08
85.4331,110.355,2.15324,0,0.04,3.55881,3.55881,0,0.666893,6.048,4.17222e+06,2.70226e+06,1.48481e+07,0,0,0,4.87373e+08,62.2945,61.308,2.91902,0,0,2.16329,2.16329,0,1.67128,3.38688,8.67071e+06,3.61194e+06,1.87572e+07,0,0,0,1.24441e+08
83.7321,110.355,1.96194,0,0.04,3.55896,3.55896,0,0.666921,6.048,4.17222e+06,2.70226e+06,1.48488e+07,0,0,0,4.87373e+08,62.2205,61.308,2.67094,0,0,2.16338,2.16338,0,1.67136,3.38688,8.67071e+06,3.61194e+06,1.87581e+07,0,0,0,1.24441e+08
82.0155,110.355,1.87154,0,0.04,3.55912,3.55912,0,0.66695,6.048,4.17222e+06,2.70226e+06,1.48494e+07,0,0,0,4.87373e+08,62.1002,61.308,2.59545,0,0,2.16347,2.16347,0,1.67143,3.38688,8.67071e+06,3.61194e+06,1.87589e+07,0,0,0,1.24441e+08
80.5475,110.355,2.17062,0,0.04,3.64234,3.64234,0,0.666978,6.048,4.17222e+06,2.70226e+06,1.51966e+07,0,0,0,4.87373e+08,62.027,61.308,3.08427,0,0,2.21643,2.21643,0,1.6715,3.38688,8.67071e+06,3.61194e+06,1.92181e+07,0,0,0,1.24441e+08
78.9152,110.355,1.98846,0,0.04,3.64249,3.64249,0,0.682574,6.048,4.17222e+06,2.70226e+06,1.51973e+07,0,0,0,4.87373e+08,61.8997,61.308,2.98897,0,0,2.21653,2.21653,0,1.71242,3.38688,8.67071e+06,3.61194e+06,1.92189e+07,0,0,0,1.24441e+08
77.1176,110.355,1.80417,0,0.04,3.64265,3.64265,0,0.682603,6.048,4.17222e+06,2.70226e+06,1.51979e+07,0,0,0,4.87373e+08,61.7348,61.308,2.73305,0,0,2.21662,2.21662,0,1.71249,3.38688,8.67071e+06,3.61194e+06,1.92197e+07,0,0,0,1.24441e+08
75.1347,110.355,1.58532,0,0.04,3.64281,3.64281,0,0.682632,6.048,4.17222e+06,2.70226e+06,1.51986e+07,0,0,0,4.87373e+08,61.5567,61.308,2.69665,0,0,2.21672,2.21672,0,1.71256,3.38688,8.67071e+06,3.61194e+06,1.92205e+07,0,0,0,1.24441e+08
73.2363,110.355,1.84563,0,0.04,3.88626,3.88626,0,0.682662,6.048,4.17222e+06,2.70226e+06,1.62143e+07,0,0,0,4.87373e+08,61.422,61.308,2.90472,0,0,2.40767,2.40767,0,1.71264,3.38688,8.67071e+06,3.61194e+06,2.08762e+07,0,0,0,1.24441e+08
71.6383,110.355,2.12429,0,0.04,3.88643,3.88643,0,0.728285,6.048,4.17222e+06,2.70226e+06,1.6215e+07,0,0,0,4.87373e+08,61.373,61.308,3.33339,0,0,2.40778,2.40778,0,1.86017,3.38688,8.67071e+06,3.61194e+06,2.08771e+07,0,0,0,1.24441e+08
69.807,110.355,1.89878,0,0.04,3.88659,3.88659,0,0.728316,6.048,4.17222e+06,2.70226e+06,1.62157e+07,0,0,0,4.87373e+08,61.2901,61.308,3.19385,0,0,2.40788,2.40788,0,1.86025,3.38688,8.67071e+06,3.61194e+06,2.0878e+07,0,0,0,1.24441e+08
68.0331,110.355,1.92189,0,0.04,3.88676,3.88676,0,0.728347,6.048,4.17222e+06,2.70226e+06,1.62164e+07,0,0,0,4.87373e+08,61.3442,61.308,3.45897,0,0,2.40798,2.40798,0,1.86033,3.38688,8.67071e+06,3.61194e+06,2.08789e+07,0,0,0,1.24441e+08
66.85,110.355,2.49935,0,0.04,3.88693,3.88693,0,0.728379,6.048,4.17222e+06,2.70226e+06,1.62171e+07,0,0,0,4.87373e+08,61.4554,61.308,4.42117,0,0,2.40809,2.40809,0,1.86041,3.38688,8.67071e+06,3.61194e+06,2.08798e+07,0,0,0,1.24441e+08
66.446,110.355,3.21195,0,0.04,3.76849,3.76849,0,0.72841,6.048,4.17222e+06,2.70226e+06,1.5723e+07,0,0,0,4.87373e+08,61.7859,61.308,5.09935,0,0,2.29232,2.29232,0,1.86049,3.38688,8.67071e+06,3.61194e+06,1.98761e+07,0,0,0,1.24441e+08
66.0464,110.355,3.23366,0,0.04,3.76866,3.76866,0,0.706216,6.048,4.17222e+06,2.70226e+06,1.57236e+07,0,0,0,4.87373e+08,62.2665,61.308,5.32091,0,0,2.29242,2.29242,0,1.77105,3.38688,8.67071e+06,3.61194e+06,1.98769e+07,0,0,0,1.24441e+08
65.8817,110.355,3.51758,0,0.04,3.76882,3.76882,0,0.706246,6.048,4.17222e+06,2.70226e+06,1.57243e+07,0,0,0,4.87373e+08,62.3362,61.308,5.67816,0,0,2.29252,2.29252,0,1.77112,3.38688,8.67071e+06,3.61194e+06,1.98778e+07,0,0,0,1.24441e+08
66.0081,110.355,4.03568,0,0.04,3.76898,3.76898,0,0.706276,6.048,4.17222e+06,2.70226e+06,1.5725e+07,0,0,0,4.87373e+08,62.3362,61.308,7.30184,0,0,2.29262,2.29262,0,1.7712,3.38688,8.67071e+06,3.61194e+06,1.98786e+07,0,0,0,1.24441e+08
67.1743,110.355,4.95256,0,0.04,3.67177,3.67177,0,0.706307,6.048,4.17222e+06,2.70226e+06,1.53194e+07,0,0,0,4.87373e+08,62.3362,61.308,5.07211,0,0,2.18723,2.18723,0,1.77128,3.38688,8.67071e+06,3.61194e+06,1.89648e+07,0,0,0,1.24441e+08
68.1836,110.355,4.79525,0,0.04,3.67193,3.67193,0,0.688091,6.048,4.17222e+06,2.70226e+06,1.53201e+07,0,0,0,4.87373e+08,62.3362,61.308,6.36888,0,0,2.18732,2.18732,0,1.68985,3.38688,8.67071e+06,3.61194e+06,1.89656e+07,0,0,0,1.24441e+08
70.2306,110.355,5.90045,0,0.04,3.67209,3.67209,0,0.68812,6.048,4.17222e+06,2.70226e+06,1.53207e+07,0,0,0,4.87373e+08,62.3362,61.308,6.53256,0,0,2.18742,2.18742,0,1.68992,3.38688,8.67071e+06,3.61194e+06,1.89664e+07,0,0,0,1.24441e+08
70.1359,110.355,3.84373,0,0.04,3.67225,3.67225,0,0.68815,6.048,4.17222e+06,2.70226e+06,1.53214e+07,0,0,0,4.87373e+08,62.3362,61.308,4.6344,0,0,2.18751,2.18751,0,1.69,3.38688,8.67071e+06,3.61194e+06,1.89673e+07,0,0,0,1.24441e+08
69.8781,110.355,3.29107,0,0.04,3.39583,3.39583,0,0.688179,6.048,4.17222e+06,2.70226e+06,1.41681e+07,0,0,0,4.87373e+08,62.3362,61.308,4.28273,0,0,1.96787,1.96787,0,1.69007,3.38688,8.67071e+06,3.61194e+06,1.70628e+07,0,0,0,1.24441e+08
68.8738,110.355,2.59473,0,0.04,3.39598,3.39598,0,0.636379,6.048,4.17222e+06,2.70226e+06,1.41687e+07,0,0,0,4.87373e+08,62.3362,61.308,4.52225,0,0,1.96795,1.96795,0,1.52037,3.38688,8.67071e+06,3.61194e+06,1.70635e+07,0,0,0,1.24441e+08
71.8556,110.355,6.73236,0,0.04,3.39612,3.39612,0,0.636406,6.048,4.17222e+06,2.70226e+06,1.41694e+07,0,0,0,4.87373e+08,62.3362,61.308,9.355,0,0,1.96803,1.96803,0,1.52044,3.38688,8.67071e+06,3.61194e+06,1.70643e+07,0,0,0,1.24441e+08
75.6586,110.355,7.7931,0,0.04,3.39627,3.39627,0,0.636433,6.048,4.17222e+06,2.70226e+06,1.417e+07,0,0,0,4.87373e+08,62.3362,61.308,6.74349,0,0,1.96812,1.96812,0,1.5205,3.38688,8.67071e+06,3.61194e+06,1.7065e+07,0,0,0,1.24441e+08
77.0006,110.355,5.10044,0,0.04,3.39641,3.39641,0,0.636461,6.048,4.17222e+06,2.70226e+06,1.41706e+07,0,0,0,4.87373e+08,62.3362,61.308,7.66085,0,0,1.9682,1.9682,0,1.52057,3.38688,8.67071e+06,3.61194e+06,1.70657e+07,0,0,0,1.24441e+08
81.106,110.355,8.05673,0,0.04,3.50295,3.50295,0,0.636488,6.048,4.17222e+06,2.70226e+06,1.46151e+07,0,0,0,4.87373e+08,62.3362,61.308,9.19254,0,0,2.03192,2.03192,0,1.52063,3.38688,8.67071e+06,3.61194e+06,1.76182e+07,0,0,0,1.24441e+08
85.7649,110.355,8.92811,0,0.04,3.50307,3.50307,0,0.656453,6.048,4.17222e+06,2.70226e+06,1.46156e+07,0,0,0,4.87373e+08,62.3362,61.308,16.3926,0,0,2.03199,2.03199,0,1.56986,3.38688,8.67071e+06,3.61194e+06,1.76188e+07,0,0,0,1.24441e+08
89.1705,110.355,7.73589,0,0.04,3.50319,3.50319,0,0.656475,6.048,4.17222e+06,2.70226e+06,1.46161e+07,0,0,0,4.87373e+08,62.3362,61.308,11.516,0,0,2.03206,2.03206,0,1.56992,3.38688,8.67071e+06,3.61194e+06,1.76194e+07,0,0,0,1.24441e+08
92.7724,110.355,7.90186,0,0.04,3.50331,3.50331,0,0.656498,6.048,4.17222e+06,2.70226e+06,1.46166e+07,0,0,0,4.87373e+08,62.3362,61.308,7.88558,0,0,2.03213,2.03213,0,1.56997,3.38688,8.67071e+06,3.61194e+06,1.762e+07,0,0,0,1.24441e+08
107.77,110.355,19.8279,0,0.04,3.84515,3.84515,0,0.656521,6.048,4.17222e+06,2.70226e+06,1.60428e+07,0,0,0,4.87373e+08,62.3362,61.308,16.6802,0,0,2.27115,2.27115,0,1.57002,3.38688,8.67071e+06,3.61194e+06,1.96924e+07,0,0,0,1.24441e+08
110.355,110.355,10.5847,0,0.04,3.84528,3.84528,0,0.720581,6.048,4.17222e+06,2.70226e+06,1.60433e+07,0,0,0,4.87373e+08,62.3362,61.308,10.1378,0,0,2.27122,2.27122,0,1.75469,3.38688,8.67071e+06,3.61194e+06,1.96931e+07,0,0,0,1.24441e+08
110.355,110.355,7.10419,0,0.04,3.84541,3.84541,0,0.720606,6.048,4.17222e+06,2.70226e+06,1.60439e+07,0,0,0,4.87373e+08,62.3362,61.308,7.96951,0,0,2.2713,2.2713,0,1.75475,3.38688,8.67071e+06,3.61194e+06,1.96938e+07,0,0,0,1.24441e+08
110.355,110.355,6.67767,0,0.04,3.84555,3.84555,0,0.720631,6.048,4.17222e+06,2.70226e+06,1.60445e+07,0,0,0,4.87373e+08,62.3362,61.308,11.4559,0,0,2.27138,2.27138,0,1.75481,3.38688,8.67071e+06,3.61194e+06,1.96945e+07,0,0,0,1.24441e+08
110.355,110.355,5.2187,0,0.04,3.35822,3.35822,0,0.720656,6.048,4.17222e+06,2.70226e+06,1.40112e+07,0,0,0,4.87373e+08,62.3362,61.308,7.5867,0,0,1.95075,1.95075,0,1.75487,3.38688,8.67071e+06,3.61194e+06,1.69144e+07,0,0,0,1.24441e+08
110.355,110.355,5.24007,0,0.04,3.35833,3.35833,0,0.62933,6.048,4.17222e+06,2.70226e+06,1.40117e+07,0,0,0,4.87373e+08,62.3362,61.308,6.52115,0,0,1.95082,1.95082,0,1.50715,3.38688,8.67071e+06,3.61194e+06,1.6915e+07,0,0,0,1.24441e+08
110.355,110.355,4.83067,0,0.04,3.35845,3.35845,0,0.629351,6.048,4.17222e+06,2.70226e+06,1.40122e+07,0,0,0,4.87373e+08,62.3362,61.308,5.55773,0,0,1.95088,1.95088,0,1.5072,3.38688,8.67071e+06,3.61194e+06,1.69156e+07,0,0,0,1.24441e+08
110.355,110.355,5.81017,0,0.04,3.35856,3.35856,0,0.629373,6.048,4.17222e+06,2.70226e+06,1.40126e+07,0,0,0,4.87373e+08,62.3362,61.308,9.38218,0,0,1.95095,1.95095,0,1.50725,3.38688,8.67071e+06,3.61194e+06,1.69161e+07,0,0,0,1.24441e+08
110.355,110.355,9.25709,0,0.04,3.35868,3.35868,0,0.629395,6.048,4.17222e+06,2.70226e+06,1.40131e+07,0,0,0,4.87373e+08,62.3362,61.308,11.9883,0,0,1.95102,1.95102,0,1.5073,3.38688,8.67071e+06,3.61194e+06,1.69167e+07,0,0,0,1.24441e+08
110.355,110.355,8.03888,0,0.04,3.48152,3.48152,0,0.629416,6.048,4.17222e+06,2.70226e+06,1.45256e+07,0,0,0,4.87373e+08,62.3362,61.308,10.9115,0,0,2.02956,2.02956,0,1.50736,3.38688,8.67071e+06,3.61194e+06,1.75977e+07,0,0,0,1.24441e+08
110.355,110.355,7.62817,0,0.04,3.48164,3.48164,0,0.652436,6.048,4.17222e+06,2.70226e+06,1.45261e+07,0,0,0,4.87373e+08,62.3362,61.308,11.5117,0,0,2.02963,2.02963,0,1.56804,3.38688,8.67071e+06,3.61194e+06,1.75983e+07,0,0,0,1.24441e+08
110.355,110.355,5.77185,0,0.04,3.48176,3.48176,0,0.652459,6.048,4.17222e+06,2.70226e+06,1.45266e+07,0,0,0,4.87373e+08,62.3362,61.308,7.62607,0,0,2.0297,2.0297,0,1.56809,3.38688,8.67071e+06,3.61194e+06,1.75989e+07,0,0,0,1.24441e+08
110.355,110.355,5.31856,0,0.04,3.48188,3.48188,0,0.652481,6.048,4.17222e+06,2.70226e+06,1.45271e+07,0,0,0,4.87373e+08,62.3362,61.308,6.77204,0,0,2.02977,2.02977,0,1.56814,3.38688,8.67071e+06,3.61194e+06,1.75995e+07,0,0,0,1.24441e+08
110.355,110.355,4.64476,0,0.04,3.43401,3.43401,0,0.652504,6.048,4.17222e+06,2.70226e+06,1.43274e+07,0,0,0,4.87373e+08,62.3362,61.308,5.83386,0,0,1.99935,1.99935,0,1.5682,3.38688,8.67071e+06,3.61194e+06,1.73358e+07,0,0,0,1.24441e+08
110.355,110.355,4.12297,0,0.04,3.43413,3.43413,0,0.643533,6.048,4.17222e+06,2.70226e+06,1.43279e+07,0,0,0,4.87373e+08,62.3362,61.308,6.42991,0,0,1.99942,1.99942,0,1.5447,3.38688,8.67071e+06,3.61194e+06,1.73364e+07,0,0,0,1.24441e+08
110.048,110.355,3.72687,0,0.04,3.43424,3.43424,0,0.643555,6.048,4.17222e+06,2.70226e+06,1.43284e+07,0,0,0,4.87373e+08,62.3362,61.308,5.54031,0,0,1.99949,1.99949,0,1.54475,3.38688,8.67071e+06,3.61194e+06,1.7337e+07,0,0,0,1.24441e+08
110.353,110.355,4.34232,0,0.04,3.43436,3.43436,0,0.643577,6.048,4.17222e+06,2.70226e+06,1.43289e+07,0,0,0,4.87373e+08,62.3362,61.308,5.44375,0,0,1.99956,1.99956,0,1.54481,3.38688,8.67071e+06,3.61194e+06,1.73376e+07,0,0,0,1.24441e+08
110.006,110.355,3.70657,0,0.04,3.5974,3.5974,0,0.643599,6.048,4.17222e+06,2.70226e+06,1.50091e+07,0,0,0,4.87373e+08,62.3362,61.308,5.03581,0,0,2.10774,2.10774,0,1.54486,3.38688,8.67071e+06,3.61194e+06,1.82756e+07,0,0,0,1.24441e+08
109.51,110.355,3.48735,0,0.04,3.59753,3.59753,0,0.674153,6.048,4.17222e+06,2.70226e+06,1.50097e+07,0,0,0,4.87373e+08,62.3362,61.308,4.54533,0,0,2.10781,2.10781,0,1.62844,3.38688,8.67071e+06,3.61194e+06,1.82762e+07,0,0,0,1.24441e+08
108.972,110.355,3.42954,0,0.04,3.59765,3.59765,0,0.674176,6.048,4.17222e+06,2.70226e+06,1.50102e+07,0,0,0,4.87373e+08,62.3362,61.308,4.69416,0,0,2.10789,2.10789,0,1.6285,3.38688,8.67071e+06,3.61194e+06,1.82769e+07,0,0,0,1.24441e+08
108.083,110.355,3.08768,0,0.04,3.59777,3.59777,0,0.6742,6.048,4.17222e+06,2.70226e+06,1.50107e+07,0,0,0,4.87373e+08,62.3362,61.308,4.66234,0,0,2.10796,2.10796,0,1.62855,3.38688,8.67071e+06,3.61194e+06,1.82775e+07,0,0,0,1.24441e+08
107.105,110.355,2.96847,0,0.04,3.5979,3.5979,0,0.674223,6.048,4.17222e+06,2.70226e+06,1.50112e+07,0,0,0,4.87373e+08,62.3362,61.308,4.00555,0,0,2.10803,2.10803,0,1.62861,3.38688,8.67071e+06,3.61194e+06,1.82781e+07,0,0,0,1.24441e+08
106.119,110.355,2.85804,0,0.04,3.5658,3.5658,0,0.674246,6.048,4.17222e+06,2.70226e+06,1.48773e+07,0,0,0,4.87373e+08,62.2944,61.308,3.06907,0,0,2.16753,2.16753,0,1.62867,3.38688,8.67071e+06,3.61194e+06,1.87941e+07,0,0,0,1.24441e+08
104.965,110.355,2.66925,0,0.04,3.56592,3.56592,0,0.66823,6.048,4.17222e+06,2.70226e+06,1.48778e+07,0,0,0,4.87373e+08,62.1782,61.308,2.75029,0,0,2.16761,2.16761,0,1.67464,3.38688,8.67071e+06,3.61194e+06,1.87947e+07,0,0,0,1.24441e+08
103.74,110.355,2.57428,0,0.04,3.56604,3.56604,0,0.668253,6.048,4.17222e+06,2.70226e+06,1.48783e+07,0,0,0,4.87373e+08,62.0316,61.308,2.61097,0,0,2.16768,2.16768,0,1.67469,3.38688,8.67071e+06,3.61194e+06,1.87954e+07,0,0,0,1.24441e+08
102.68,110.355,2.67652,0,0.04,3.56617,3.56617,0,0.668276,6.048,4.17222e+06,2.70226e+06,1.48788e+07,0,0,0,4.87373e+08,62.0006,61.308,2.83306,0,0,2.16776,2.16776,0,1.67475,3.38688,8.67071e+06,3.61194e+06,1.8796e+07,0,0,0,1.24441e+08
101.223,110.355,2.34856,0,0.04,3.64952,3.64952,0,0.668299,6.048,4.17222e+06,2.70226e+06,1.52266e+07,0,0,0,4.87373e+08,61.8379,61.308,2.55491,0,0,2.2208,2.2208,0,1.67481,3.38688,8.67071e+06,3.61194e+06,1.9256e+07,0,0,0,1.24441e+08
99.7191,110.355,2.29417,0,0.04,3.64964,3.64964,0,0.68392,6.048,4.17222e+06,2.70226e+06,1.52271e+07,0,0,0,4.87373e+08,61.6118,61.308,2.64681,0,0,2.22088,2.22088,0,1.71579,3.38688,8.67071e+06,3.61194e+06,1.92566e+07,0,0,0,1.24441e+08
98.0854,110.355,2.14214,0,0.04,3.64977,3.64977,0,0.683943,6.048,4.17222e+06,2.70226e+06,1.52276e+07,0,0,0,4.87373e+08,61.3307,61.308,2.50976,0,0,2.22096,2.22096,0,1.71585,3.38688,8.67071e+06,3.61194e+06,1.92573e+07,0,0,0,1.24441e+08
96.2959,110.355,1.96608,0,0.04,3.6499,3.6499,0,0.683967,6.048,4.17222e+06,2.70226e+06,1.52281e+07,0,0,0,4.87373e+08,61.0424,61.308,2.35278,0,0,2.22103,2.22103,0,1.71591,3.38688,8.67071e+06,3.61194e+06,1.9258e+07,0,0,0,1.24441e+08
94.1825,110.355,1.80696,0,0.04,3.89379,3.89379,0,0.68399,6.048,4.17222e+06,2.70226e+06,1.62457e+07,0,0,0,4.87373e+08,60.7709,61.308,2.72162,0,0,2.41234,2.41234,0,1.71597,3.38688,8.67071e+06,3.61194e+06,2.09167e+07,0,0,0,1.24441e+08
91.634,110.355,1.34601,0,0.04,3.89392,3.89392,0,0.729696,6.048,4.17222e+06,2.70226e+06,1.62463e+07,0,0,0,4.87373e+08,60.3543,61.308,2.20525,0,0,2.41242,2.41242,0,1.86377,3.38688,8.67071e+06,3.61194e+06,2.09174e+07,0,0,0,1.24441e+08
89.6716,110.355,1.9277,0,0.04,3.89406,3.89406,0,0.729722,6.048,4.17222e+06,2.70226e+06,1.62469e+07,0,0,0,4.87373e+08,60.0243,61.308,2.58071,0,0,2.41251,2.41251,0,1.86384,3.38688,8.67071e+06,3.61194e+06,2.09181e+07,0,0,0,1.24441e+08
88.4848,110.355,2.79763,0,0.04,3.89419,3.89419,0,0.729747,6.048,4.17222e+06,2.70226e+06,1.62474e+07,0,0,0,4.87373e+08,59.9182,61.308,2.95594,0,0,2.41259,2.41259,0,1.8639,3.38688,8.67071e+06,3.61194e+06,2.09189e+07,0,0,0,1.24441e+08
86.641,110.355,2.1537,0,0.04,3.89433,3.89433,0,0.729772,6.048,4.17222e+06,2.70226e+06,1.6248e+07,0,0,0,4.87373e+08,59.6745,61.308,2.51892,0,0,2.41267,2.41267,0,1.86397,3.38688,8.67071e+06,3.61194e+06,2.09196e+07,0,0,0,1.24441e+08
85.3703,110.355,2.63075,0,0.04,3.77564,3.77564,0,0.729797,6.048,4.17222e+06,2.70226e+06,1.57528e+07,0,0,0,4.87373e+08,59.474,61.308,2.39357,0,0,2.29667,2.29667,0,1.86403,3.38688,8.67071e+06,3.61194e+06,1.99137e+07,0,0,0,1.24441e+08
83.7182,110.355,2.22387,0,0.04,3.77577,3.77577,0,0.707554,6.048,4.17222e+06,2.70226e+06,1.57533e+07,0,0,0,4.87373e+08,59.5792,61.308,3.92056,0,0,2.29675,2.29675,0,1.7744,3.38688,8.67071e+06,3.61194e+06,1.99144e+07,0,0,0,1.24441e+08
81.8207,110.355,1.92412,0,0.04,3.7759,3.7759,0,0.707579,6.048,4.17222e+06,2.70226e+06,1.57539e+07,0,0,0,4.87373e+08,59.2208,61.308,2.17992,0,0,2.29682,2.29682,0,1.77447,3.38688,8.67071e+06,3.61194e+06,1.99151e+07,0,0,0,1.24441e+08
79.9961,110.355,1.99533,0,0.04,3.77603,3.77603,0,0.707603,6.048,4.17222e+06,2.70226e+06,1.57544e+07,0,0,0,4.87373e+08,58.8566,61.308,2.10933,0,0,2.2969,2.2969,0,1.77453,3.38688,8.67071e+06,3.61194e+06,1.99158e+07,0,0,0,1.24441e+08
78.7992,110.355,2.71105,0,0.04,3.67861,3.67861,0,0.707628,6.048,4.17222e+06,2.70226e+06,1.5348e+07,0,0,0,4.87373e+08,58.9117,61.308,2.94766,0,0,2.1913,2.1913,0,1.77459,3.38688,8.67071e+06,3.61194e+06,1.90001e+07,0,0,0,1.24441e+08
77.6796,110.355,2.77321,0,0.04,3.67874,3.67874,0,0.689372,6.048,4.17222e+06,2.70226e+06,1.53485e+07,0,0,0,4.87373e+08,59.0118,61.308,3.11755,0,0,2.19137,2.19137,0,1.693,3.38688,8.67071e+06,3.61194e+06,1.90008e+07,0,0,0,1.24441e+08
78.0306,110.355,4.23433,0,0.04,3.67886,3.67886,0,0.689395,6.048,4.17222e+06,2.70226e+06,1.5349e+07,0,0,0,4.87373e+08,59.3482,61.308,4.02643,0,0,2.19145,2.19145,0,1.69306,3.38688,8.67071e+06,3.61194e+06,1.90014e+07,0,0,0,1.24441e+08
78.2333,110.355,4.08402,0,0.04,3.67899,3.67899,0,0.689419,6.048,4.17222e+06,2.70226e+06,1.53495e+07,0,0,0,4.87373e+08,59.7243,61.308,3.91412,0,0,2.19153,2.19153,0,1.69311,3.38688,8.67071e+06,3.61194e+06,1.90021e+07,0,0,0,1.24441e+08
81.1698,110.355,6.69012,0,0.04,3.40204,3.40204,0,0.689443,6.048,4.17222e+06,2.70226e+06,1.4194e+07,0,0,0,4.87373e+08,60.6234,61.308,6.29981,0,0,1.97146,1.97146,0,1.69317,3.38688,8.67071e+06,3.61194e+06,1.7094e+07,0,0,0,1.24441e+08
86.2633,110.355,9.14188,0,0.04,3.40215,3.40215,0,0.637542,6.048,4.17222e+06,2.70226e+06,1.41945e+07,0,0,0,4.87373e+08,61.2062,61.308,6.91689,0,0,1.97153,1.97153,0,1.52315,3.38688,8.67071e+06,3.61194e+06,1.70946e+07,0,0,0,1.24441e+08
105.063,110.355,24.0082,0,0.04,3.40227,3.40227,0,0.637564,6.048,4.17222e+06,2.70226e+06,1.4195e+07,0,0,0,4.87373e+08,62.3362,61.308,24.7699,0,0,1.9716,1.9716,0,1.5232,3.38688,8.67071e+06,3.61194e+06,1.70952e+07,0,0,0,1.24441e+08
110.355,110.355,13.8158,0,0.04,3.40239,3.40239,0,0.637586,6.048,4.17222e+06,2.70226e+06,1.41955e+07,0,0,0,4.87373e+08,62.3362,61.308,14.8089,0,0,1.97167,1.97167,0,1.52326,3.38688,8.67071e+06,3.61194e+06,1.70958e+07,0,0,0,1.24441e+08
110.355,110.355,10.29,0,0.04,3.40251,3.40251,0,0.637608,6.048,4.17222e+06,2.70226e+06,1.4196e+07,0,0,0,4.87373e+08,62.3362,61.308,11.7229,0,0,1.97173,1.97173,0,1.52331,3.38688,8.67071e+06,3.61194e+06,1.70963e+07,0,0,0,1.24441e+08
110.355,110.355,7.55552,0,0.04,3.5092,3.5092,0,0.63763,6.048,4.17222e+06,2.70226e+06,1.46412e+07,0,0,0,4.87373e+08,62.3362,61.308,6.87512,0,0,2.03555,2.03555,0,1.52336,3.38688,8.67071e+06,3.61194e+06,1.76497e+07,0,0,0,1.24441e+08
110.355,110.355,5.86989,0,0.04,3.5093,3.5093,0,0.657625,6.048,4.17222e+06,2.70226e+06,1.46415e+07,0,0,0,4.87373e+08,62.3362,61.308,6.58426,0,0,2.0356,2.0356,0,1.57267,3.38688,8.67071e+06,3.61194e+06,1.76501e+07,0,0,0,1.24441e+08
110.355,110.355,4.7299,0,0.04,3.50939,3.50939,0,0.657642,6.048,4.17222e+06,2.70226e+06,1.46419e+07,0,0,0,4.87373e+08,62.3362,61.308,5.15813,0,0,2.03566,2.03566,0,1.57271,3.38688,8.67071e+06,3.61194e+06,1.76506e+07,0,0,0,1.24441e+08
110.355,110.355,5.72188,0,0.04,3.50948,3.50948,0,0.657659,6.048,4.17222e+06,2.70226e+06,1.46423e+07,0,0,0,4.87373e+08,62.3362,61.308,4.85396,0,0,2.03571,2.03571,0,1.57275,3.38688,8.67071e+06,3.61194e+06,1.7651e+07,0,0,0,1.24441e+08
110.161,110.355,4.47139,0,0.04,3.85188,3.85188,0,0.657676,6.048,4.17222e+06,2.70226e+06,1.60709e+07,0,0,0,4.87373e+08,62.3362,61.308,4.6171,0,0,2.27512,2.27512,0,1.57279,3.38688,8.67071e+06,3.61194e+06,1.97269e+07,0,0,0,1.24441e+08
110.355,110.355,5.0636,0,0.04,3.85198,3.85198,0,0.721843,6.048,4.17222e+06,2.70226e+06,1.60713e+07,0,0,0,4.87373e+08,62.3362,61.308,4.88951,0,0,2.27518,2.27518,0,1.75776,3.38688,8.67071e+06,3.61194e+06,1.97275e+07,0,0,0,1.24441e+08
110.355,110.355,4.66843,0.01,0.04,3.54969,3.85209,0,0.721862,6.048,4.17222e+06,2.70226e+06,1.481e+07,0,0,0,4.87373e+08,62.3362,61.308,5.73876,0,0,2.57764,2.27524,0,1.75781,3.38688,8.67071e+06,3.61194e+06,2.235e+07,0,0,0,1.24441e+08
110.355,110.355,4.5709,0.02,0.04,3.54979,3.85219,0,0.665211,6.048,4.17222e+06,2.70226e+06,1.48105e+07,0,0,0,4.87373e+08,62.3362,61.308,5.828,0,0,2.5777,2.2753,0,1.99149,3.38688,8.67071e+06,3.61194e+06,2.23505e+07,0,0,0,1.24441e+08
110.355,110.355,5.01251,0.01,0.04,3.06158,3.36398,0,0.66523,6.048,4.17222e+06,2.70226e+06,1.27736e+07,0,0,0,4.87373e+08,62.3362,61.308,5.34659,0,0,2.2565,1.9541,0,1.99153,3.38688,8.67071e+06,3.61194e+06,1.95655e+07,0,0,0,1.24441e+08
110.355,110.355,4.95419,0.03,0.04,3.06167,3.36407,0,0.573741,6.048,4.17222e+06,2.70226e+06,1.2774e+07,0,0,0,4.87373e+08,62.3362,61.308,5.54264,0,0,2.25655,1.95415,0,1.74337,3.38688,8.67071e+06,3.61194e+06,1.95659e+07,0,0,0,1.24441e+08
110.355,110.355,9.11197,0.06,0.04,3.06176,3.36416,0,0.573757,6.048,4.17222e+06,2.70226e+06,1.27743e+07,0,0,0,4.87373e+08,62.3362,61.308,9.44162,0,0,2.2566,1.9542,0,1.74341,3.38688,8.67071e+06,3.61194e+06,1.95663e+07,0,0,0,1.24441e+08
110.355,110.355,8.5446,0.12,0.04,3.06185,3.36425,0,0.573774,6.048,4.17222e+06,2.70226e+06,1.27747e+07,0,0,0,4.87373e+08,62.3362,61.308,8.73212,0,0,2.25665,1.95425,0,1.74345,3.38688,8.67071e+06,3.61194e+06,1.95668e+07,0,0,0,1.24441e+08
110.355,110.355,7.64864,0.14,0.04,3.06193,3.36433,0,0.57379,6.048,4.17222e+06,2.70226e+06,1.2775e+07,0,0,0,4.87373e+08,62.3362,61.308,8.72655,0,0,2.2567,1.9543,0,1.74349,3.38688,8.67071e+06,3.61194e+06,1.95672e+07,0,0,0,1.24441e+08
110.355,110.355,6.74129,0.15,0.04,3.18495,3.48735,0,0.573806,6.048,4.17222e+06,2.70226e+06,1.32883e+07,0,0,0,4.87373e+08,62.3362,61.308,8.52473,0,0,2.33536,2.03296,0,1.74353,3.38688,8.67071e+06,3.61194e+06,2.02492e+07,0,0,0,1.24441e+08
110.355,110.355,6.18753,0.15,0.04,3.18504,3.48744,0,0.59686,6.048,4.17222e+06,2.70226e+06,1.32887e+07,0,0,0,4.87373e+08,62.3362,61.308,8.95152,0,0,2.33541,2.03301,0,1.8043,3.38688,8.67071e+06,3.61194e+06,2.02497e+07,0,0,0,1.24441e+08
110.355,110.355,5.88858,0.15,0.04,3.18513,3.48753,0,0.596877,6.048,4.17222e+06,2.70226e+06,1.32891e+07,0,0,0,4.87373e+08,62.3362,61.308,9.39,0,0,2.33546,2.03306,0,1.80434,3.38688,8.67071e+06,3.61194e+06,2.02501e+07,0,0,0,1.24441e+08
110.355,110.355,4.67755,0.15,0.04,3.18522,3.48762,0,0.596894,6.048,4.17222e+06,2.70226e+06,1.32894e+07,0,0,0,4.87373e+08,62.3362,61.308,6.771,0,0,2.33552,2.03312,0,1.80438,3.38688,8.67071e+06,3.61194e+06,2.02506e+07,0,0,0,1.24441e+08
110.355,110.355,4.55677,0.14,0.04,3.13724,3.43964,0,0.596911,6.048,4.17222e+06,2.70226e+06,1.30893e+07,0,0,0,4.87373e+08,62.3362,61.308,6.70149,0,0,2.30504,2.00264,0,1.80442,3.38688,8.67071e+06,3.61194e+06,1.99863e+07,0,0,0,1.24441e+08
110.355,110.355,4.23874,0.14,0.04,3.13733,3.43973,0,0.587919,6.048,4.17222e+06,2.70226e+06,1.30896e+07,0,0,0,4.87373e+08,62.3362,61.308,6.33982,0,0,2.30509,2.00269,0,1.78087,3.38688,8.67071e+06,3.61194e+06,1.99868e+07,0,0,0,1.24441e+08
110.321,110.355,3.83915,0.14,0.04,3.13742,3.43982,0,0.587936,6.048,4.17222e+06,2.70226e+06,1.309e+07,0,0,0,4.87373e+08,62.3362,61.308,5.668,0,0,2.30514,2.00274,0,1.78091,3.38688,8.67071e+06,3.61194e+06,1.99872e+07,0,0,0,1.24441e+08
110.139,110.355,3.62656,0.14,0.04,3.13751,3.43991,0,0.587953,6.048,4.17222e+06,2.70226e+06,1.30904e+07,0,0,0,4.87373e+08,62.3362,61.308,5.05033,0,0,2.30519,2.00279,0,1.78095,3.38688,8.67071e+06,3.61194e+06,1.99877e+07,0,0,0,1.24441e+08
109.72,110.355,3.44421,0.13,0.04,3.30078,3.60318,0,0.58797,6.048,4.17222e+06,2.70226e+06,1.37716e+07,0,0,0,4.87373e+08,62.3362,61.308,5.239,0,0,2.41353,2.11113,0,1.78099,3.38688,8.67071e+06,3.61194e+06,2.0927e+07,0,0,0,1.24441e+08
109.108,110.355,3.19378,0.13,0.04,3.30088,3.60328,0,0.618567,6.048,4.17222e+06,2.70226e+06,1.3772e+07,0,0,0,4.87373e+08,62.3362,61.308,4.82325,0,0,2.41358,2.11118,0,1.86469,3.38688,8.67071e+06,3.61194e+06,2.09275e+07,0,0,0,1.24441e+08
108.216,110.355,2.90167,0.11,0.04,3.30097,3.60337,0,0.618585,6.048,4.17222e+06,2.70226e+06,1.37724e+07,0,0,0,4.87373e+08,62.3362,61.308,3.87276,0,0,2.41364,2.11124,0,1.86474,3.38688,8.67071e+06,3.61194e+06,2.0928e+07,0,0,0,1.24441e+08
107.033,110.355,2.57713,0.1,0.04,3.30107,3.60347,0,0.618602,6.048,4.17222e+06,2.70226e+06,1.37728e+07,0,0,0,4.87373e+08,62.3362,61.308,3.39905,0,0,2.41369,2.11129,0,1.86478,3.38688,8.67071e+06,3.61194e+06,2.09285e+07,0,0,0,1.24441e+08
105.76,110.355,2.45188,0.12,0.04,3.30116,3.60356,0,0.61862,6.048,4.17222e+06,2.70226e+06,1.37731e+07,0,0,0,4.87373e+08,62.3362,61.308,3.36944,0,0,2.41375,2.11135,0,1.86482,3.38688,8.67071e+06,3.61194e+06,2.09289e+07,0,0,0,1.24441e+08
104.74,110.355,2.60098,0.12,0.04,3.26898,3.57138,0,0.618637,6.048,4.17222e+06,2.70226e+06,1.36389e+07,0,0,0,4.87373e+08,62.3277,61.308,3.10371,0,0,2.47333,2.17093,0,1.86486,3.38688,8.67071e+06,3.61194e+06,2.14455e+07,0,0,0,1.24441e+08
103.613,110.355,2.46649,0.12,0.04,3.26907,3.57147,0,0.612607,6.048,4.17222e+06,2.70226e+06,1.36393e+07,0,0,0,4.87373e+08,62.2858,61.308,3.00231,0,0,2.47338,2.17098,0,1.91089,3.38688,8.67071e+06,3.61194e+06,2.1446e+07,0,0,0,1.24441e+08
102.334,110.355,2.2966,0.11,0.04,3.26916,3.57156,0,0.612624,6.048,4.17222e+06,2.70226e+06,1.36397e+07,0,0,0,4.87373e+08,62.1267,61.308,2.79602,0,0,2.47344,2.17104,0,1.91094,3.38688,8.67071e+06,3.61194e+06,2.14465e+07,0,0,0,1.24441e+08
100.946,110.355,2.17299,0.11,0.04,3.26926,3.57166,0,0.612641,6.048,4.17222e+06,2.70226e+06,1.364e+07,0,0,0,4.87373e+08,61.9217,61.308,2.63339,0,0,2.4735,2.1711,0,1.91098,3.38688,8.67071e+06,3.61194e+06,2.1447e+07,0,0,0,1.24441e+08
99.3837,110.355,2.00391,0.12,0.04,3.35271,3.65511,0,0.612659,6.048,4.17222e+06,2.70226e+06,1.39882e+07,0,0,0,4.87373e+08,61.7247,61.308,2.43369,0,0,2.52661,2.22421,0,1.91102,3.38688,8.67071e+06,3.61194e+06,2.19075e+07,0,0,0,1.24441e+08
97.8149,110.355,2.01846,0.12,0.04,3.3528,3.6552,0,0.628297,6.048,4.17222e+06,2.70226e+06,1.39886e+07,0,0,0,4.87373e+08,61.462,61.308,2.52782,0,0,2.52666,2.22426,0,1.95206,3.38688,8.67071e+06,3.61194e+06,2.1908e+07,0,0,0,1.24441e+08
96.1368,110.355,1.86836,0.12,0.04,3.3529,3.6553,0,0.628315,6.048,4.17222e+06,2.70226e+06,1.3989e+07,0,0,0,4.87373e+08,61.1502,61.308,2.4445,0,0,2.52672,2.22432,0,1.9521,3.38688,8.67071e+06,3.61194e+06,2.19085e+07,0,0,0,1.24441e+08
94.3129,110.355,1.70119,0.12,0.04,3.35299,3.65539,0,0.628333,6.048,4.17222e+06,2.70226e+06,1.39894e+07,0,0,0,4.87373e+08,60.8058,61.308,2.13631,0,0,2.52678,2.22438,0,1.95215,3.38688,8.67071e+06,3.61194e+06,2.1909e+07,0,0,0,1.24441e+08
92.5145,110.355,1.90729,0.13,0.04,3.59722,3.89962,0,0.628351,6.048,4.17222e+06,2.70226e+06,1.50084e+07,0,0,0,4.87373e+08,60.5293,61.308,2.69105,0,0,2.71835,2.41595,0,1.95219,3.38688,8.67071e+06,3.61194e+06,2.357e+07,0,0,0,1.24441e+08
90.7814,110.355,1.97152,0.13,0.04,3.59732,3.89972,0,0.674119,6.048,4.17222e+06,2.70226e+06,1.50088e+07,0,0,0,4.87373e+08,60.2083,61.308,2.44871,0,0,2.71841,2.41601,0,2.1002,3.38688,8.67071e+06,3.61194e+06,2.35706e+07,0,0,0,1.24441e+08
88.6935,110.355,1.62626,0.08,0.04,3.59743,3.89983,0,0.674138,6.048,4.17222e+06,2.70226e+06,1.50092e+07,0,0,0,4.87373e+08,59.7455,61.308,1.95372,0,0,2.71848,2.41608,0,2.10025,3.38688,8.67071e+06,3.61194e+06,2.35711e+07,0,0,0,1.24441e+08
86.8941,110.355,1.88045,0.16,0.04,3.59753,3.89993,0,0.674157,6.048,4.17222e+06,2.70226e+06,1.50097e+07,0,0,0,4.87373e+08,59.5597,61.308,2.95061,0,0,2.71854,2.41614,0,2.1003,3.38688,8.67071e+06,3.61194e+06,2.35717e+07,0,0,0,1.24441e+08
84.8423,110.355,1.60816,0.08,0.04,3.59763,3.90003,0,0.674176,6.048,4.17222e+06,2.70226e+06,1.50101e+07,0,0,0,4.87373e+08,59.2179,61.308,2.48425,0,0,2.7186,2.4162,0,2.10034,3.38688,8.67071e+06,3.61194e+06,2.35722e+07,0,0,0,1.24441e+08
83.0232,110.355,1.72118,0.08,0.04,3.47873,3.78113,0,0.674195,6.048,4.17222e+06,2.70226e+06,1.4514e+07,0,0,0,4.87373e+08,59.0148,61.308,2.91262,0,0,2.60241,2.30001,0,2.10039,3.38688,8.67071e+06,3.61194e+06,2.25647e+07,0,0,0,1.24441e+08
81.7607,110.355,2.30394,0.09,0.04,3.47883,3.78123,0,0.651914,6.048,4.17222e+06,2.70226e+06,1.45144e+07,0,0,0,4.87373e+08,58.9923,61.308,3.78491,0,0,2.60247,2.30007,0,2.01062,3.38688,8.67071e+06,3.61194e+06,2.25653e+07,0,0,0,1.24441e+08
81.0747,110.355,2.99516,0.1,0.04,3.47893,3.78133,0,0.651933,6.048,4.17222e+06,2.70226e+06,1.45148e+07,0,0,0,4.87373e+08,59.4333,61.308,5.67776,0,0,2.60253,2.30013,0,2.01067,3.38688,8.67071e+06,3.61194e+06,2.25658e+07,0,0,0,1.24441e+08
80.1446,110.355,2.7632,0.11,0.04,3.47903,3.78143,0,0.651951,6.048,4.17222e+06,2.70226e+06,1.45152e+07,0,0,0,4.87373e+08,59.4459,61.308,3.79978,0,0,2.60259,2.30019,0,2.01071,3.38688,8.67071e+06,3.61194e+06,2.25663e+07,0,0,0,1.24441e+08
77.7834,110.355,1.36536,0,0.04,3.68384,3.68384,0,0.65197,6.048,4.17222e+06,2.70226e+06,1.53698e+07,0,0,0,4.87373e+08,59.2158,61.308,2.2628,0,0,2.19441,2.19441,0,2.01076,3.38688,8.67071e+06,3.61194e+06,1.90271e+07,0,0,0,1.24441e+08
75.988,110.355,1.7598,0.14,0.04,3.38154,3.68394,0,0.690352,6.048,4.17222e+06,2.70226e+06,1.41085e+07,0,0,0,4.87373e+08,58.7951,61.308,1.83746,0,0,2.49687,2.19447,0,1.6954,3.38688,8.67071e+06,3.61194e+06,2.16497e+07,0,0,0,1.24441e+08
73.6159,110.355,1.41268,0,0.04,3.68403,3.68403,0,0.6337,6.048,4.17222e+06,2.70226e+06,1.53706e+07,0,0,0,4.87373e+08,58.3867,61.308,1.55286,0,0,2.19453,2.19453,0,1.92908,3.38688,8.67071e+06,3.61194e+06,1.90281e+07,0,0,0,1.24441e+08
72.4271,110.355,2.64939,0,0.04,3.68413,3.68413,0,0.690387,6.048,4.17222e+06,2.70226e+06,1.5371e+07,0,0,0,4.87373e+08,58.7877,61.308,4.59999,0,0,2.19459,2.19459,0,1.69549,3.38688,8.67071e+06,3.61194e+06,1.90286e+07,0,0,0,1.24441e+08
72.7301,110.355,4.04312,0,0.04,3.40676,3.40676,0,0.690405,6.048,4.17222e+06,2.70226e+06,1.42137e+07,0,0,0,4.87373e+08,60.0511,61.308,5.75451,0,0,1.9742,1.9742,0,1.69554,3.38688,8.67071e+06,3.61194e+06,1.71177e+07,0,0,0,1.24441e+08
70.0469,110.355,0.928032,0,0.04,3.40685,3.40685,0,0.638427,6.048,4.17222e+06,2.70226e+06,1.42141e+07,0,0,0,4.87373e+08,59.9902,61.308,3.06716,0,0,1.97425,1.97425,0,1.52527,3.38688,8.67071e+06,3.61194e+06,1.71181e+07,0,0,0,1.24441e+08
67.5865,110.355,1.14254,0,0.04,3.40694,3.40694,0,0.638443,6.048,4.17222e+06,2.70226e+06,1.42145e+07,0,0,0,4.87373e+08,60.0321,61.308,3.40372,0,0,1.9743,1.9743,0,1.52531,3.38688,8.67071e+06,3.61194e+06,1.71186e+07,0,0,0,1.24441e+08
66.5637,110.355,2.53426,0,0.04,3.40702,3.40702,0,0.63846,6.048,4.17222e+06,2.70226e+06,1.42148e+07,0,0,0,4.87373e+08,60.3933,61.308,4.23994,0,0,1.97435,1.97435,0,1.52534,3.38688,8.67071e+06,3.61194e+06,1.7119e+07,0,0,0,1.24441e+08
66.7135,110.355,3.71929,0,0.04,3.40711,3.40711,0,0.638476,6.048,4.17222e+06,2.70226e+06,1.42152e+07,0,0,0,4.87373e+08,60.9813,61.308,4.7737,0,0,1.9744,1.9744,0,1.52538,3.38688,8.67071e+06,3.61194e+06,1.71195e+07,0,0,0,1.24441e+08
65.7147,110.355,2.61624,0,0.04,3.51393,3.51393,0,0.638493,6.048,4.17222e+06,2.70226e+06,1.46609e+07,0,0,0,4.87373e+08,61.1588,61.308,3.39932,0,0,2.03829,2.03829,0,1.52542,3.38688,8.67071e+06,3.61194e+06,1.76734e+07,0,0,0,1.24441e+08
64.0773,110.355,1.95209,0,0.04,3.51399,3.51399,0,0.65851,6.048,4.17222e+06,2.70226e+06,1.46611e+07,0,0,0,4.87373e+08,61.1253,61.308,2.887,0,0,2.03832,2.03832,0,1.57478,3.38688,8.67071e+06,3.61194e+06,1.76737e+07,0,0,0,1.24441e+08
62.3504,110.355,1.83271,0,0.04,3.51405,3.51405,0,0.658521,6.048,4.17222e+06,2.70226e+06,1.46614e+07,0,0,0,4.87373e+08,61.0208,61.308,2.71718,0,0,2.03836,2.03836,0,1.57481,3.38688,8.67071e+06,3.61194e+06,1.7674e+07,0,0,0,1.24441e+08
60.8879,110.355,2.04755,0,0.04,3.51411,3.51411,0,0.658533,6.048,4.17222e+06,2.70226e+06,1.46616e+07,0,0,0,4.87373e+08,61.6922,61.308,4.02068,0,0,2.0384,2.0384,0,1.57484,3.38688,8.67071e+06,3.61194e+06,1.76743e+07,0,0,0,1.24441e+08
59.3434,110.355,2.27116,0,0.04,3.85694,3.85694,0,0.658545,6.048,4.17222e+06,2.70226e+06,1.6092e+07,0,0,0,4.87373e+08,62.0951,61.308,3.63065,0,0,2.27811,2.27811,0,1.57486,3.38688,8.67071e+06,3.61194e+06,1.97528e+07,0,0,0,1.24441e+08
59.7241,110.355,4.28373,0,0.04,3.85701,3.85701,0,0.72279,6.048,4.17222e+06,2.70226e+06,1.60923e+07,0,0,0,4.87373e+08,62.3362,61.308,5.01122,0,0,2.27815,2.27815,0,1.76007,3.38688,8.67071e+06,3.61194e+06,1.97532e+07,0,0,0,1.24441e+08
59.2282,110.355,3.36271,0,0.04,3.85707,3.85707,0,0.722803,6.048,4.17222e+06,2.70226e+06,1.60925e+07,0,0,0,4.87373e+08,62.3362,61.308,4.09702,0,0,2.27819,2.27819,0,1.7601,3.38688,8.67071e+06,3.61194e+06,1.97535e+07,0,0,0,1.24441e+08
57.8602,110.355,2.42276,0,0.04,3.85714,3.85714,0,0.722816,6.048,4.17222e+06,2.70226e+06,1.60928e+07,0,0,0,4.87373e+08,62.1972,61.308,2.58584,0,0,2.27823,2.27823,0,1.76013,3.38688,8.67071e+06,3.61194e+06,1.97539e+07,0,0,0,1.24441e+08
59.9754,110.355,5.65016,0,0.04,3.36828,3.36828,0,0.722828,6.048,4.17222e+06,2.70226e+06,1.40532e+07,0,0,0,4.87373e+08,62.3362,61.308,10.1292,0,0,1.9566,1.9566,0,1.76016,3.38688,8.67071e+06,3.61194e+06,1.69651e+07,0,0,0,1.24441e+08
63.4905,110.355,7.23426,0,0.04,3.36834,3.36834,0,0.631217,6.048,4.17222e+06,2.70226e+06,1.40535e+07,0,0,0,4.87373e+08,62.3362,61.308,12.1694,0,0,1.95663,1.95663,0,1.51167,3.38688,8.67071e+06,3.61194e+06,1.69654e+07,0,0,0,1.24441e+08
64.9196,110.355,5.18872,0,0.04,3.3684,3.3684,0,0.631228,6.048,4.17222e+06,2.70226e+06,1.40537e+07,0,0,0,4.87373e+08,62.3362,61.308,9.81464,0,0,1.95667,1.95667,0,1.51169,3.38688,8.67071e+06,3.61194e+06,1.69657e+07,0,0,0,1.24441e+08
66.4755,110.355,5.23516,0,0.04,3.36846,3.36846,0,0.631239,6.048,4.17222e+06,2.70226e+06,1.4054e+07,0,0,0,4.87373e+08,62.3362,61.308,7.76355,0,0,1.9567,1.9567,0,1.51172,3.38688,8.67071e+06,3.61194e+06,1.6966e+07,0,0,0,1.24441e+08
67.7208,110.355,4.95251,0,0.04,3.36852,3.36852,0,0.63125,6.048,4.17222e+06,2.70226e+06,1.40542e+07,0,0,0,4.87373e+08,62.3362,61.308,9.04329,0,0,1.95674,1.95674,0,1.51175,3.38688,8.67071e+06,3.61194e+06,1.69663e+07,0,0,0,1.24441e+08
67.2643,110.355,3.24925,0,0.04,3.49166,3.49166,0,0.631261,6.048,4.17222e+06,2.70226e+06,1.4568e+07,0,0,0,4.87373e+08,62.3362,61.308,4.8171,0,0,2.03547,2.03547,0,1.51177,3.38688,8.67071e+06,3.61194e+06,1.7649e+07,0,0,0,1.24441e+08
67.5498,110.355,4.11495,0,0.04,3.49172,3.49172,0,0.654338,6.048,4.17222e+06,2.70226e+06,1.45682e+07,0,0,0,4.87373e+08,62.3362,61.308,10.5616,0,0,2.03551,2.03551,0,1.5726,3.38688,8.67071e+06,3.61194e+06,1.76493e+07,0,0,0,1.24441e+08
67.1199,110.355,3.26524,0,0.04,3.49179,3.49179,0,0.654349,6.048,4.17222e+06,2.70226e+06,1.45685e+07,0,0,0,4.87373e+08,62.3362,61.308,6.70883,0,0,2.03554,2.03554,0,1.57263,3.38688,8.67071e+06,3.61194e+06,1.76496e+07,0,0,0,1.24441e+08
66.1666,110.355,2.63796,0,0.04,3.49185,3.49185,0,0.654361,6.048,4.17222e+06,2.70226e+06,1.45687e+07,0,0,0,4.87373e+08,62.3362,61.308,5.16046,0,0,2.03558,2.03558,0,1.57266,3.38688,8.67071e+06,3.61194e+06,1.76499e+07,0,0,0,1.24441e+08
65.0116,110.355,2.40015,0,0.04,3.44378,3.44378,0,0.654372,6.048,4.17222e+06,2.70226e+06,1.43682e+07,0,0,0,4.87373e+08,62.3362,61.308,4.07014,0,0,2.00505,2.00505,0,1.57269,3.38688,8.67071e+06,3.61194e+06,1.73852e+07,0,0,0,1.24441e+08
63.7201,110.355,2.17913,0,0.04,3.44384,3.44384,0,0.645365,6.048,4.17222e+06,2.70226e+06,1.43685e+07,0,0,0,4.87373e+08,62.3362,61.308,3.49927,0,0,2.00508,2.00508,0,1.5491,3.38688,8.67071e+06,3.61194e+06,1.73855e+07,0,0,0,1.24441e+08
62.4093,110.355,2.11511,0,0.04,3.4439,3.4439,0,0.645376,6.048,4.17222e+06,2.70226e+06,1.43687e+07,0,0,0,4.87373e+08,62.3362,61.308,3.76018,0,0,2.00512,2.00512,0,1.54913,3.38688,8.67071e+06,3.61194e+06,1.73858e+07,0,0,0,1.24441e+08
60.977,110.355,1.96498,0,0.04,3.44396,3.44396,0,0.645388,6.048,4.17222e+06,2.70226e+06,1.4369e+07,0,0,0,4.87373e+08,62.3362,61.308,3.42565,0,0,2.00515,2.00515,0,1.54915,3.38688,8.67071e+06,3.61194e+06,1.73861e+07,0,0,0,1.24441e+08
59.3842,110.355,1.91353,0,0.04,3.6074,3.6074,0,0.645399,6.048,4.17222e+06,2.70226e+06,1.50508e+07,0,0,0,4.87373e+08,62.3362,61.308,3.0706,0,0,2.1136,2.1136,0,1.54918,3.38688,8.67071e+06,3.61194e+06,1.83264e+07,0,0,0,1.24441e+08
57.5275,110.355,1.56482,0,0.04,3.60746,3.60746,0,0.676027,6.048,4.17222e+06,2.70226e+06,1.50511e+07,0,0,0,4.87373e+08,62.0855,61.308,2.5937,0,0,2.11364,2.11364,0,1.63297,3.38688,8.67071e+06,3.61194e+06,1.83267e+07,0,0,0,1.24441e+08
55.6555,110.355,1.5173,0,0.04,3.60753,3.60753,0,0.676039,6.048,4.17222e+06,2.70226e+06,1.50514e+07,0,0,0,4.87373e+08,61.8758,61.308,2.61211,0,0,2.11367,2.11367,0,1.633,3.38688,8.67071e+06,3.61194e+06,1.83271e+07,0,0,0,1.24441e+08
53.7402,110.355,1.43864,0,0.04,3.60759,3.60759,0,0.676051,6.048,4.17222e+06,2.70226e+06,1.50516e+07,0,0,0,4.87373e+08,61.6468,61.308,2.51088,0,0,2.11371,2.11371,0,1.63302,3.38688,8.67071e+06,3.61194e+06,1.83274e+07,0,0,0,1.24441e+08
51.7744,110.355,1.34479,0,0.04,3.60765,3.60765,0,0.676063,6.048,4.17222e+06,2.70226e+06,1.50519e+07,0,0,0,4.87373e+08,61.3746,61.308,2.3214,0,0,2.11375,2.11375,0,1.63305,3.38688,8.67071e+06,3.61194e+06,1.83277e+07,0,0,0,1.24441e+08
49.8317,110.355,1.27535,0,0.04,3.57541,3.57541,0,0.676075,6.048,4.17222e+06,2.70226e+06,1.49174e+07,0,0,0,4.87373e+08,61.0796,61.308,2.2291,0,0,2.17338,2.17338,0,1.63308,3.38688,8.67071e+06,3.61194e+06,1.88447e+07,0,0,0,1.24441e+08
47.8128,110.355,1.16132,0,0.04,3.57547,3.57547,0,0.670031,6.048,4.17222e+06,2.70226e+06,1.49176e+07,0,0,0,4.87373e+08,60.7565,61.308,2.1217,0,0,2.17341,2.17341,0,1.67915,3.38688,8.67071e+06,3.61194e+06,1.8845e+07,0,0,0,1.24441e+08
45.7411,110.355,1.05505,0,0.04,3.57553,3.57553,0,0.670043,6.048,4.17222e+06,2.70226e+06,1.49179e+07,0,0,0,4.87373e+08,60.3896,61.308,1.94443,0,0,2.17345,2.17345,0,1.67918,3.38688,8.67071e+06,3.61194e+06,1.88454e+07,0,0,0,1.24441e+08
43.6842,110.355,0.998443,0,0.04,3.5756,3.5756,0,0.670055,6.048,4.17222e+06,2.70226e+06,1.49182e+07,0,0,0,4.87373e+08,59.8934,61.308,1.92628,0,0,2.17349,2.17349,0,1.67921,3.38688,8.67071e+06,3.61194e+06,1.88457e+07,0,0,0,1.24441e+08
41.5539,110.355,0.932755,0,0.04,3.65911,3.65911,0,0.670067,6.048,4.17222e+06,2.70226e+06,1.52666e+07,0,0,0,4.87373e+08,59.4643,61.308,1.82129,0,0,2.22664,2.22664,0,1.67924,3.38688,8.67071e+06,3.61194e+06,1.93066e+07,0,0,0,1.24441e+08
39.5243,110.355,0.998114,0,0.04,3.65917,3.65917,0,0.685717,6.048,4.17222e+06,2.70226e+06,1.52669e+07,0,0,0,4.87373e+08,59.0801,61.308,2.02965,0,0,2.22668,2.22668,0,1.7203,3.38688,8.67071e+06,3.61194e+06,1.93069e+07,0,0,0,1.24441e+08
37.4922,110.355,0.920135,0,0.04,3.65924,3.65924,0,0.685729,6.048,4.17222e+06,2.70226e+06,1.52671e+07,0,0,0,4.87373e+08,58.5679,61.308,1.94319,0,0,2.22672,2.22672,0,1.72033,3.38688,8.67071e+06,3.61194e+06,1.93072e+07,0,0,0,1.24441e+08
35.4486,110.355,0.837545,0,0.04,3.6593,3.6593,0,0.685741,6.048,4.17222e+06,2.70226e+06,1.52674e+07,0,0,0,4.87373e+08,58.0854,61.308,1.68957,0,0,2.22676,2.22676,0,1.72036,3.38688,8.67071e+06,3.61194e+06,1.93076e+07,0,0,0,1.24441e+08
33.4469,110.355,0.957934,0,0.04,3.90376,3.90376,0,0.685753,6.048,4.17222e+06,2.70226e+06,1.62873e+07,0,0,0,4.87373e+08,57.7322,61.308,2.12154,0,0,2.41852,2.41852,0,1.72039,3.38688,8.67071e+06,3.61194e+06,2.09703e+07,0,0,0,1.24441e+08
31.5256,110.355,0.965971,0,0.04,3.90383,3.90383,0,0.731565,6.048,4.17222e+06,2.70226e+06,1.62876e+07,0,0,0,4.87373e+08,57.4476,61.308,1.96869,0,0,2.41856,2.41856,0,1.86854,3.38688,8.67071e+06,3.61194e+06,2.09706e+07,0,0,0,1.24441e+08
29.6425,110.355,0.909383,0,0.04,3.9039,3.9039,0,0.731577,6.048,4.17222e+06,2.70226e+06,1.62879e+07,0,0,0,4.87373e+08,57.1499,61.308,2.35973,0,0,2.4186,2.4186,0,1.86858,3.38688,8.67071e+06,3.61194e+06,2.0971e+07,0,0,0,1.24441e+08
27.8283,110.355,0.871926,0,0.04,3.90397,3.90397,0,0.73159,6.048,4.17222e+06,2.70226e+06,1.62882e+07,0,0,0,4.87373e+08,56.8428,61.308,2.31979,0,0,2.41864,2.41864,0,1.86861,3.38688,8.67071e+06,3.61194e+06,2.09714e+07,0,0,0,1.24441e+08
26.13,110.355,0.873765,0,0.04,3.90404,3.90404,0,0.731603,6.048,4.17222e+06,2.70226e+06,1.62885e+07,0,0,0,4.87373e+08,56.5053,61.308,2.26322,0,0,2.41869,2.41869,0,1.86864,3.38688,8.67071e+06,3.61194e+06,2.09717e+07,0,0,0,1.24441e+08
24.5609,110.355,0.649394,0.22,0.04,3.48259,3.78499,0,0.731616,6.048,4.17222e+06,2.70226e+06,1.45301e+07,0,0,0,4.87373e+08,55.9202,61.308,1.90177,0,0,2.60475,2.30235,0,1.86868,3.38688,8.67071e+06,3.61194e+06,2.25851e+07,0,0,0,1.24441e+08
22.9636,110.355,0.49742,0.08,0.04,3.48265,3.78505,0,0.652637,6.048,4.17222e+06,2.70226e+06,1.45304e+07,0,0,0,4.87373e+08,55.1382,61.308,1.48774,0,0,2.60479,2.30239,0,2.01243,3.38688,8.67071e+06,3.61194e+06,2.25854e+07,0,0,0,1.24441e+08
21.1138,110.355,0.597687,0.05,0.04,3.48272,3.78512,0,0.652649,6.048,4.17222e+06,2.70226e+06,1.45307e+07,0,0,0,4.87373e+08,54.5128,61.308,1.45257,0,0,2.60483,2.30243,0,2.01246,3.38688,8.67071e+06,3.61194e+06,2.25858e+07,0,0,0,1.24441e+08
22.1084,110.355,2.27269,0.55,0.04,3.0832,3.78519,0,0.652662,6.048,4.17222e+06,3.42622e+06,1.28638e+07,0,0,0,4.87373e+08,54.3382,61.308,2.99205,0,0,2.36181,2.30248,0,2.0125,3.38688,8.67071e+06,4.57961e+06,2.04786e+07,0,0,0,1.24441e+08
22.7482,110.355,2.66186,0.38,0.04,3.38507,3.68747,0,0.577792,6.048,4.17222e+06,2.70226e+06,1.41232e+07,0,0,0,4.87373e+08,54.7516,61.308,3.63624,0,0,2.49898,2.19658,0,1.82474,3.38688,8.67071e+06,3.61194e+06,2.16679e+07,0,0,0,1.24441e+08
24.6057,110.355,3.97162,0.37,0.04,3.38514,3.68754,0,0.634362,6.048,4.17222e+06,2.70226e+06,1.41235e+07,0,0,0,4.87373e+08,55.0066,61.308,3.25679,0,0,2.49902,2.19662,0,1.93071,3.38688,8.67071e+06,3.61194e+06,2.16683e+07,0,0,0,1.24441e+08
24.3159,110.355,1.69824,0.42,0.04,2.99592,3.6876,0,0.634374,6.048,4.17222e+06,3.42622e+06,1.24996e+07,0,0,0,4.87373e+08,54.8147,61.308,2.12226,0,0,2.26716,2.19665,0,1.93074,3.38688,8.67071e+06,4.57961e+06,1.96579e+07,0,0,0,1.24441e+08
24.4515,110.355,2.32784,0.35,0.04,3.38527,3.68767,0,0.561435,6.048,4.17222e+06,2.70226e+06,1.41241e+07,0,0,0,4.87373e+08,54.8506,61.308,2.70675,0,0,2.49909,2.19669,0,1.75161,3.38688,8.67071e+06,3.61194e+06,2.16689e+07,0,0,0,1.24441e+08
25.4294,110.355,3.11282,0.35,0.04,3.1076,3.41,0,0.634399,6.048,4.17222e+06,2.70226e+06,1.29656e+07,0,0,0,4.87373e+08,55.0538,61.308,3.20416,0,0,2.27848,1.97608,0,1.9308,3.38688,8.67071e+06,3.61194e+06,1.9756e+07,0,0,0,1.24441e+08
26.8915,110.355,3.69713,0.38,0.04,3.10766,3.41006,0,0.582365,6.048,4.17222e+06,2.70226e+06,1.29658e+07,0,0,0,4.87373e+08,55.3024,61.308,3.40527,0,0,2.27851,1.97611,0,1.76035,3.38688,8.67071e+06,3.61194e+06,1.97563e+07,0,0,0,1.24441e+08
28.5098,110.355,3.99419,0.39,0.04,3.03573,3.41012,0,0.582376,6.048,4.17222e+06,2.85518e+06,1.26657e+07,0,0,0,4.87373e+08,55.8128,61.308,3.80639,0,0,2.23683,1.97615,0,1.76038,3.38688,8.67071e+06,3.81634e+06,1.93949e+07,0,0,0,1.24441e+08
31.2413,110.355,5.49061,0,0.04,3.41018,3.41018,0,0.568895,6.048,4.17222e+06,2.70226e+06,1.4228e+07,0,0,0,4.87373e+08,56.9192,61.308,5.20901,0,0,1.97618,1.97618,0,1.72817,3.38688,8.67071e+06,3.61194e+06,1.71349e+07,0,0,0,1.24441e+08
34.2091,110.355,5.96576,0,0.04,3.41024,3.41024,0,0.639068,6.048,4.17222e+06,2.70226e+06,1.42283e+07,0,0,0,4.87373e+08,58.7303,61.308,6.97075,0,0,1.97622,1.97622,0,1.5268,3.38688,8.67071e+06,3.61194e+06,1.71352e+07,0,0,0,1.24441e+08
35.8192,110.355,4.50101,0,0.04,3.41024,3.41024,0,0.63908,6.048,4.17222e+06,2.70226e+06,1.42283e+07,0,0,0,4.87373e+08,59.7701,61.308,4.09877,0,0,1.97622,1.97622,0,1.52683,3.38688,8.67071e+06,3.61194e+06,1.71352e+07,0,0,0,1.24441e+08
40.9135,110.355,8.34551,0,0.04,3.51713,3.51713,0,0.63908,6.048,4.17222e+06,2.70226e+06,1.46742e+07,0,0,0,4.87373e+08,62.0074,61.308,6.41247,0,0,2.04014,2.04014,0,1.52683,3.38688,8.67071e+06,3.61194e+06,1.76895e+07,0,0,0,1.24441e+08
45.787,110.355,8.35,0,0.04,3.51716,3.51716,0,0.659109,6.048,4.17222e+06,2.70226e+06,1.46743e+07,0,0,0,4.87373e+08,62.3362,61.308,6.97493,0,0,2.04016,2.04016,0,1.57622,3.38688,8.67071e+06,3.61194e+06,1.76897e+07,0,0,0,1.24441e+08
52.2536,110.355,10.4933,0,0.04,3.51719,3.51719,0,0.659115,6.048,4.17222e+06,2.70226e+06,1.46745e+07,0,0,0,4.87373e+08,62.3362,61.308,7.43573,0,0,2.04018,2.04018,0,1.57623,3.38688,8.67071e+06,3.61194e+06,1.76898e+07,0,0,0,1.24441e+08
57.0752,110.355,8.60068,0,0.04,3.51723,3.51723,0,0.659122,6.048,4.17222e+06,2.70226e+06,1.46746e+07,0,0,0,4.87373e+08,62.3362,61.308,7.46154,0,0,2.0402,2.0402,0,1.57625,3.38688,8.67071e+06,3.61194e+06,1.769e+07,0,0,0,1.24441e+08
64.1609,110.355,11.4891,0,0.04,3.86032,3.86032,0,0.659128,6.048,4.17222e+06,2.70226e+06,1.61061e+07,0,0,0,4.87373e+08,62.3362,61.308,8.5277,0,0,2.28011,2.28011,0,1.57626,3.38688,8.67071e+06,3.61194e+06,1.97702e+07,0,0,0,1.24441e+08
66.8408,110.355,6.89178,0,0.04,3.86036,3.86036,0,0.723425,6.048,4.17222e+06,2.70226e+06,1.61063e+07,0,0,0,4.87373e+08,62.3362,61.308,5.12372,0,0,2.28013,2.28013,0,1.76161,3.38688,8.67071e+06,3.61194e+06,1.97703e+07,0,0,0,1.24441e+08
67.7199,110.355,4.93745,0,0.04,3.8604,3.8604,0,0.723431,6.048,4.17222e+06,2.70226e+06,1.61064e+07,0,0,0,4.87373e+08,62.3362,61.308,3.93022,0,0,2.28015,2.28015,0,1.76163,3.38688,8.67071e+06,3.61194e+06,1.97705e+07,0,0,0,1.24441e+08
72.5559,110.355,9.37533,0,0.04,3.86043,3.86043,0,0.723438,6.048,4.17222e+06,2.70226e+06,1.61066e+07,0,0,0,4.87373e+08,62.3362,61.308,10.9883,0,0,2.28017,2.28017,0,1.76164,3.38688,8.67071e+06,3.61194e+06,1.97707e+07,0,0,0,1.24441e+08
77.6131,110.355,9.28741,0,0.04,3.37113,3.37113,0,0.723445,6.048,4.17222e+06,2.70226e+06,1.40651e+07,0,0,0,4.87373e+08,62.3362,61.308,8.95733,0,0,1.95825,1.95825,0,1.76166,3.38688,8.67071e+06,3.61194e+06,1.69794e+07,0,0,0,1.24441e+08
82.5825,110.355,9.24008,0,0.04,3.37116,3.37116,0,0.63175,6.048,4.17222e+06,2.70226e+06,1.40652e+07,0,0,0,4.87373e+08,62.3362,61.308,7.7334,0,0,1.95827,1.95827,0,1.51294,3.38688,8.67071e+06,3.61194e+06,1.69796e+07,0,0,0,1.24441e+08
88.158,110.355,10.0207,0,0.04,3.37119,3.37119,0,0.631756,6.048,4.17222e+06,2.70226e+06,1.40653e+07,0,0,0,4.87373e+08,62.3362,61.308,9.09866,0,0,1.95829,1.95829,0,1.51296,3.38688,8.67071e+06,3.61194e+06,1.69798e+07,0,0,0,1.24441e+08
95.3986,110.355,11.9399,0,0.04,3.37123,3.37123,0,0.631762,6.048,4.17222e+06,2.70226e+06,1.40655e+07,0,0,0,4.87373e+08,62.3362,61.308,12.2638,0,0,1.95831,1.95831,0,1.51297,3.38688,8.67071e+06,3.61194e+06,1.69799e+07,0,0,0,1.24441e+08
100.72,110.355,9.78058,0.23,0.04,3.06886,3.37126,0,0.631768,6.048,4.17222e+06,2.70226e+06,1.28039e+07,0,0,0,4.87373e+08,62.3362,61.308,11.0269,0,0,2.26073,1.95833,0,1.51299,3.38688,8.67071e+06,3.61194e+06,1.96021e+07,0,0,0,1.24441e+08
105.313,110.355,9.30127,0.16,0.04,3.19207,3.49447,0,0.575104,6.048,4.17222e+06,2.70226e+06,1.3318e+07,0,0,0,4.87373e+08,62.3362,61.308,11.6632,0,0,2.33951,2.03711,0,1.74664,3.38688,8.67071e+06,3.61194e+06,2.02852e+07,0,0,0,1.24441e+08
107.865,110.355,7.03478,0.07,0.04,3.1921,3.4945,0,0.598194,6.048,4.17222e+06,2.70226e+06,1.33181e+07,0,0,0,4.87373e+08,62.3362,61.308,7.51345,0,0,2.33953,2.03713,0,1.8075,3.38688,8.67071e+06,3.61194e+06,2.02854e+07,0,0,0,1.24441e+08
109.945,110.355,6.69216,0,0.04,3.49453,3.49453,0,0.5982,6.048,4.17222e+06,2.70226e+06,1.458e+07,0,0,0,4.87373e+08,62.3362,61.308,7.02319,0,0,2.03715,2.03715,0,1.80752,3.38688,8.67071e+06,3.61194e+06,1.76635e+07,0,0,0,1.24441e+08
110.355,110.355,6.65287,0.04,0.04,3.19217,3.49457,0,0.654876,6.048,4.17222e+06,2.70226e+06,1.33184e+07,0,0,0,4.87373e+08,62.3362,61.308,6.89859,0,0,2.33956,2.03716,0,1.5739,3.38688,8.67071e+06,3.61194e+06,2.02857e+07,0,0,0,1.24441e+08
110.355,110.355,6.20141,0.09,0.04,3.14404,3.44644,0,0.598212,6.048,4.17222e+06,2.70226e+06,1.31176e+07,0,0,0,4.87373e+08,62.3362,61.308,6.49411,0,0,2.30899,2.00659,0,1.80755,3.38688,8.67071e+06,3.61194e+06,2.00206e+07,0,0,0,1.24441e+08
110.355,110.355,5.8382,0.09,0.04,3.14407,3.44647,0,0.589192,6.048,4.17222e+06,2.70226e+06,1.31177e+07,0,0,0,4.87373e+08,62.3362,61.308,6.18354,0,0,2.30901,2.00661,0,1.78393,3.38688,8.67071e+06,3.61194e+06,2.00208e+07,0,0,0,1.24441e+08
110.355,110.355,5.81104,0.13,0.04,3.1441,3.4465,0,0.589199,6.048,4.17222e+06,2.70226e+06,1.31179e+07,0,0,0,4.87373e+08,62.3362,61.308,6.65975,0,0,2.30903,2.00663,0,1.78394,3.38688,8.67071e+06,3.61194e+06,2.00209e+07,0,0,0,1.24441e+08
110.355,110.355,5.33157,0.15,0.04,3.14413,3.44653,0,0.589205,6.048,4.17222e+06,2.70226e+06,1.3118e+07,0,0,0,4.87373e+08,62.3362,61.308,5.76154,0,0,2.30905,2.00665,0,1.78396,3.38688,8.67071e+06,3.61194e+06,2.00211e+07,0,0,0,1.24441e+08
110.355,110.355,5.06307,0.15,0.04,3.30766,3.61006,0,0.589211,6.048,4.17222e+06,2.70226e+06,1.38003e+07,0,0,0,4.87373e+08,62.3362,61.308,4.8409,0,0,2.41756,2.11516,0,1.78397,3.38688,8.67071e+06,3.61194e+06,2.0962e+07,0,0,0,1.24441e+08
110.355,110.355,4.75659,0.13,0.04,3.3077,3.6101,0,0.619856,6.048,4.17222e+06,2.70226e+06,1.38004e+07,0,0,0,4.87373e+08,62.3362,61.308,4.71289,0,0,2.41758,2.11518,0,1.86781,3.38688,8.67071e+06,3.61194e+06,2.09621e+07,0,0,0,1.24441e+08
110.355,110.355,4.56715,0.12,0.04,3.30773,3.61013,0,0.619862,6.048,4.17222e+06,2.70226e+06,1.38006e+07,0,0,0,4.87373e+08,62.3362,61.308,4.60098,0,0,2.4176,2.1152,0,1.86782,3.38688,8.67071e+06,3.61194e+06,2.09623e+07,0,0,0,1.24441e+08
110.355,110.355,4.38739,0.11,0.04,3.30776,3.61016,0,0.619869,6.048,4.17222e+06,2.70226e+06,1.38007e+07,0,0,0,4.87373e+08,62.3362,61.308,4.713,0,0,2.41762,2.11522,0,1.86784,3.38688,8.67071e+06,3.61194e+06,2.09625e+07,0,0,0,1.24441e+08
110.355,110.355,4.61563,0.1,0.04,3.3078,3.6102,0,0.619875,6.048,4.17222e+06,2.70226e+06,1.38008e+07,0,0,0,4.87373e+08,62.3362,61.308,3.37383,0,0,2.41764,2.11524,0,1.86785,3.38688,8.67071e+06,3.61194e+06,2.09626e+07,0,0,0,1.24441e+08
110.355,110.355,4.36858,0.1,0.04,3.2755,3.5779,0,0.619881,6.048,4.17222e+06,2.70226e+06,1.36661e+07,0,0,0,4.87373e+08,62.3362,61.308,3.22679,0,0,2.47729,2.17489,0,1.86787,3.38688,8.67071e+06,3.61194e+06,2.14799e+07,0,0,0,1.24441e+08
110.355,110.355,4.1676,0.1,0.04,3.27553,3.57793,0,0.613828,6.048,4.17222e+06,2.70226e+06,1.36662e+07,0,0,0,4.87373e+08,62.3362,61.308,3.1651,0,0,2.47731,2.17491,0,1.91395,3.38688,8.67071e+06,3.61194e+06,2.148e+07,0,0,0,1.24441e+08
110.355,110.355,3.93791,0.1,0.04,3.27557,3.57797,0,0.613835,6.048,4.17222e+06,2.70226e+06,1.36664e+07,0,0,0,4.87373e+08,62.3362,61.308,3.16389,0,0,2.47733,2.17493,0,1.91397,3.38688,8.67071e+06,3.61194e+06,2.14802e+07,0,0,0,1.24441e+08
110.281,110.355,3.46723,0.09,0.04,3.2756,3.578,0,0.613841,6.048,4.17222e+06,2.70226e+06,1.36665e+07,0,0,0,4.87373e+08,62.1907,61.308,2.61628,0,0,2.47735,2.17495,0,1.91399,3.38688,8.67071e+06,3.61194e+06,2.14804e+07,0,0,0,1.24441e+08
110.355,110.355,3.8301,0.09,0.04,3.35914,3.66154,0,0.613847,6.048,4.17222e+06,2.70226e+06,1.4015e+07,0,0,0,4.87373e+08,62.1413,61.308,2.90396,0,0,2.53052,2.22812,0,1.914,3.38688,8.67071e+06,3.61194e+06,2.19414e+07,0,0,0,1.24441e+08
110.219,110.355,3.4636,0.09,0.04,3.35917,3.66157,0,0.629502,6.048,4.17222e+06,2.70226e+06,1.40152e+07,0,0,0,4.87373e+08,61.9305,61.308,2.78533,0,0,2.53054,2.22814,0,1.95508,3.38688,8.67071e+06,3.61194e+06,2.19416e+07,0,0,0,1.24441e+08
109.787,110.355,3.15408,0.09,0.04,3.35921,3.66161,0,0.629509,6.048,4.17222e+06,2.70226e+06,1.40153e+07,0,0,0,4.87373e+08,61.668,61.308,2.41742,0,0,2.53056,2.22816,0,1.95509,3.38688,8.67071e+06,3.61194e+06,2.19418e+07,0,0,0,1.24441e+08
109.662,110.355,3.44363,0.09,0.04,3.35924,3.66164,0,0.629515,6.048,4.17222e+06,2.70226e+06,1.40155e+07,0,0,0,4.87373e+08,61.5105,61.308,2.92742,0,0,2.53058,2.22818,0,1.95511,3.38688,8.67071e+06,3.61194e+06,2.19419e+07,0,0,0,1.24441e+08
109.47,110.355,3.53926,0.09,0.04,3.60382,3.90622,0,0.629522,6.048,4.17222e+06,2.70226e+06,1.50359e+07,0,0,0,4.87373e+08,61.1959,61.308,2.50357,0,0,2.72244,2.42004,0,1.95513,3.38688,8.67071e+06,3.61194e+06,2.36055e+07,0,0,0,1.24441e+08
109.61,110.355,3.91137,0.08,0.04,3.60386,3.90626,0,0.675356,6.048,4.17222e+06,2.70226e+06,1.50361e+07,0,0,0,4.87373e+08,61.0375,61.308,3.10544,0,0,2.72246,2.42006,0,2.10336,3.38688,8.67071e+06,3.61194e+06,2.36057e+07,0,0,0,1.24441e+08
109.016,110.355,3.17447,0.06,0.04,3.6039,3.9063,0,0.675363,6.048,4.17222e+06,2.70226e+06,1.50362e+07,0,0,0,4.87373e+08,60.6531,61.308,2.17974,0,0,2.72249,2.42009,0,2.10338,3.38688,8.67071e+06,3.61194e+06,2.36059e+07,0,0,0,1.24441e+08
109.16,110.355,3.89324,0.04,0.04,3.60393,3.90633,0,0.67537,6.048,4.17222e+06,2.70226e+06,1.50364e+07,0,0,0,4.87373e+08,60.6891,61.308,4.01523,0,0,2.72251,2.42011,0,2.10339,3.38688,8.67071e+06,3.61194e+06,2.36061e+07,0,0,0,1.24441e+08
108.409,110.355,2.9706,0.04,0.04,3.60397,3.90637,0,0.675377,6.048,4.17222e+06,2.70226e+06,1.50365e+07,0,0,0,4.87373e+08,60.5233,61.308,2.90436,0,0,2.72253,2.42013,0,2.10341,3.38688,8.67071e+06,3.61194e+06,2.36063e+07,0,0,0,1.24441e+08
106.355,110.355,1.58615,0.04,0.04,3.48482,3.78722,0,0.675384,6.048,4.17222e+06,2.70226e+06,1.45394e+07,0,0,0,4.87373e+08,59.8768,61.308,1.85897,0,0,2.60611,2.30371,0,2.10343,3.38688,8.67071e+06,3.61194e+06,2.25968e+07,0,0,0,1.24441e+08
104.206,110.355,1.41854,0.06,0.04,3.48485,3.78725,0,0.653055,6.048,4.17222e+06,2.70226e+06,1.45396e+07,0,0,0,4.87373e+08,59.4257,61.308,1.54806,0,0,2.60613,2.30373,0,2.01348,3.38688,8.67071e+06,3.61194e+06,2.2597e+07,0,0,0,1.24441e+08
104.093,110.355,3.64443,0.05,0.04,3.48489,3.78729,0,0.653062,6.048,4.17222e+06,2.70226e+06,1.45397e+07,0,0,0,4.87373e+08,59.3572,61.308,3.56996,0,0,2.60615,2.30375,0,2.0135,3.38688,8.67071e+06,3.61194e+06,2.25972e+07,0,0,0,1.24441e+08
104.02,110.355,3.97627,0.04,0.04,3.48493,3.78733,0,0.653068,6.048,4.17222e+06,2.70226e+06,1.45399e+07,0,0,0,4.87373e+08,59.4989,61.308,3.41353,0,0,2.60618,2.30378,0,2.01352,3.38688,8.67071e+06,3.61194e+06,2.25974e+07,0,0,0,1.24441e+08
104.526,110.355,4.60997,0.03,0.04,3.38712,3.68952,0,0.653075,6.048,4.17222e+06,2.70226e+06,1.41318e+07,0,0,0,4.87373e+08,60.2839,61.308,5.88388,0,0,2.5002,2.1978,0,2.01353,3.38688,8.67071e+06,3.61194e+06,2.16785e+07,0,0,0,1.24441e+08
105.889,110.355,5.24414,0.03,0.04,3.38716,3.68956,0,0.634747,6.048,4.17222e+06,2.70226e+06,1.4132e+07,0,0,0,4.87373e+08,61.0752,61.308,5.62836,0,0,2.50022,2.19782,0,1.93165,3.38688,8.67071e+06,3.61194e+06,2.16787e+07,0,0,0,1.24441e+08
107.452,110.355,5.57099,0.05,0.04,3.38719,3.68959,0,0.634754,6.048,4.17222e+06,2.70226e+06,1.41321e+07,0,0,0,4.87373e+08,61.647,61.308,4.46272,0,0,2.50024,2.19784,0,1.93167,3.38688,8.67071e+06,3.61194e+06,2.16789e+07,0,0,0,1.24441e+08
107.517,110.355,4.40539,0,0.04,3.68963,3.68963,0,0.63476,6.048,4.17222e+06,2.70226e+06,1.53939e+07,0,0,0,4.87373e+08,61.9959,61.308,3.99391,0,0,2.19786,2.19786,0,1.93169,3.38688,8.67071e+06,3.61194e+06,1.9057e+07,0,0,0,1.24441e+08
107.324,110.355,3.85906,0,0.04,3.41179,3.41179,0,0.691436,6.048,4.17222e+06,2.70226e+06,1.42347e+07,0,0,0,4.87373e+08,61.6644,61.308,2.56838,0,0,1.97711,1.97711,0,1.69807,3.38688,8.67071e+06,3.61194e+06,1.7143e+07,0,0,0,1.24441e+08
107.516,110.355,4.40012,0,0.04,3.41182,3.41182,0,0.639369,6.048,4.17222e+06,2.70226e+06,1.42349e+07,0,0,0,4.87373e+08,61.454,61.308,2.73158,0,0,1.97713,1.97713,0,1.52752,3.38688,8.67071e+06,3.61194e+06,1.71431e+07,0,0,0,1.24441e+08
108.526,110.355,5.25599,0,0.04,3.41185,3.41185,0,0.639375,6.048,4.17222e+06,2.70226e+06,1.4235e+07,0,0,0,4.87373e+08,61.7008,61.308,4.23687,0,0,1.97715,1.97715,0,1.52753,3.38688,8.67071e+06,3.61194e+06,1.71433e+07,0,0,0,1.24441e+08
110.355,110.355,8.26214,0,0.04,3.41189,3.41189,0,0.639381,6.048,4.17222e+06,2.70226e+06,1.42351e+07,0,0,0,4.87373e+08,62.3362,61.308,6.66424,0,0,1.97717,1.97717,0,1.52755,3.38688,8.67071e+06,3.61194e+06,1.71435e+07,0,0,0,1.24441e+08
110.355,110.355,4.21822,0.05,0.04,3.10952,3.41192,0,0.639387,6.048,4.17222e+06,2.70226e+06,1.29736e+07,0,0,0,4.87373e+08,61.956,61.308,2.58255,0,0,2.27959,1.97719,0,1.52756,3.38688,8.67071e+06,3.61194e+06,1.97657e+07,0,0,0,1.24441e+08
109.261,110.355,2.75024,0.05,0.04,3.21642,3.51882,0,0.582724,6.048,4.17222e+06,2.70226e+06,1.34196e+07,0,0,0,4.87373e+08,61.3501,61.308,1.73797,0,0,2.34353,2.04113,0,1.76121,3.38688,8.67071e+06,3.61194e+06,2.03201e+07,0,0,0,1.24441e+08
107.669,110.355,2.26009,0.05,0.04,3.21643,3.51883,0,0.602758,6.048,4.17222e+06,2.70226e+06,1.34196e+07,0,0,0,4.87373e+08,61.099,61.308,1.88821,0,0,2.34353,2.04113,0,1.81061,3.38688,8.67071e+06,3.61194e+06,2.03201e+07,0,0,0,1.24441e+08
107.243,110.355,3.89379,0,0.04,3.51883,3.51883,0,0.602759,6.048,4.17222e+06,2.70226e+06,1.46813e+07,0,0,0,4.87373e+08,61.2295,61.308,3.14832,0,0,2.04113,2.04113,0,1.81061,3.38688,8.67071e+06,3.61194e+06,1.76981e+07,0,0,0,1.24441e+08
106.453,110.355,3.4491,0,0.04,3.51884,3.51884,0,0.659429,6.048,4.17222e+06,2.70226e+06,1.46813e+07,0,0,0,4.87373e+08,60.9445,61.308,2.5792,0,0,2.04114,2.04114,0,1.57698,3.38688,8.67071e+06,3.61194e+06,1.76981e+07,0,0,0,1.24441e+08
108.543,110.355,6.52058,0.08,0.04,3.55966,3.86206,0,0.65943,6.048,4.17222e+06,2.70226e+06,1.48517e+07,0,0,0,4.87373e+08,60.8916,61.308,2.99405,0,0,2.58353,2.28113,0,1.57698,3.38688,8.67071e+06,3.61194e+06,2.24011e+07,0,0,0,1.24441e+08
108.595,110.355,4.41104,0.01,0.04,3.55967,3.86207,0,0.667081,6.048,4.17222e+06,2.70226e+06,1.48517e+07,0,0,0,4.87373e+08,60.7878,61.308,2.75631,0,0,2.58354,2.28114,0,1.99604,3.38688,8.67071e+06,3.61194e+06,2.24011e+07,0,0,0,1.24441e+08
109.046,110.355,4.74559,0.01,0.04,3.55967,3.86207,0,0.667081,6.048,4.17222e+06,2.70226e+06,1.48517e+07,0,0,0,4.87373e+08,60.6376,61.308,2.67813,0,0,2.58354,2.28114,0,1.99604,3.38688,8.67071e+06,3.61194e+06,2.24011e+07,0,0,0,1.24441e+08
110.355,110.355,6.6825,0.03,0.04,3.55968,3.86208,0,0.667082,6.048,4.17222e+06,2.70226e+06,1.48517e+07,0,0,0,4.87373e+08,60.7552,61.308,3.26208,0,0,2.58354,2.28114,0,1.99604,3.38688,8.67071e+06,3.61194e+06,2.24012e+07,0,0,0,1.24441e+08
110.355,110.355,4.65152,0.07,0.04,3.07014,3.37254,0,0.667083,6.048,4.17222e+06,2.70226e+06,1.28093e+07,0,0,0,4.87373e+08,61.4674,61.308,4.21924,0,0,2.26147,1.95907,0,1.99605,3.38688,8.67071e+06,3.61194e+06,1.96085e+07,0,0,0,1.24441e+08
110.355,110.355,5.86582,0.07,0.04,3.07014,3.37254,0,0.575344,6.048,4.17222e+06,2.70226e+06,1.28093e+07,0,0,0,4.87373e+08,62.2076,61.308,4.37099,0,0,2.26147,1.95907,0,1.74721,3.38688,8.67071e+06,3.61194e+06,1.96086e+07,0,0,0,1.24441e+08
110.355,110.355,5.05663,0.08,0.04,3.07015,3.37255,0,0.575345,6.048,4.17222e+06,2.70226e+06,1.28093e+07,0,0,0,4.87373e+08,62.3362,61.308,3.48634,0,0,2.26147,1.95907,0,1.74721,3.38688,8.67071e+06,3.61194e+06,1.96086e+07,0,0,0,1.24441e+08
110.355,110.355,5.05945,0.1,0.04,3.07015,3.37255,0,0.575345,6.048,4.17222e+06,2.70226e+06,1.28093e+07,0,0,0,4.87373e+08,62.3362,61.308,4.20463,0,0,2.26148,1.95908,0,1.74721,3.38688,8.67071e+06,3.61194e+06,1.96086e+07,0,0,0,1.24441e+08
110.355,110.355,9.2437,0.17,0.04,3.07015,3.37255,0,0.575346,6.048,4.17222e+06,2.70226e+06,1.28093e+07,0,0,0,4.87373e+08,62.3362,61.308,5.87151,0,0,2.26148,1.95908,0,1.74722,3.38688,8.67071e+06,3.61194e+06,1.96086e+07,0,0,0,1.24441e+08
110.355,110.355,7.66232,0.17,0.04,3.19339,3.49579,0,0.575347,6.048,4.17222e+06,2.70226e+06,1.33235e+07,0,0,0,4.87373e+08,62.3362,61.308,4.34608,0,0,2.34027,2.03787,0,1.74722,3.38688,8.67071e+06,3.61194e+06,2.02918e+07,0,0,0,1.24441e+08
110.355,110.355,6.74293,0.17,0.04,3.19339,3.49579,0,0.59844,6.048,4.17222e+06,2.70226e+06,1.33235e+07,0,0,0,4.87373e+08,62.3362,61.308,4.20518,0,0,2.34028,2.03788,0,1.8081,3.38688,8.67071e+06,3.61194e+06,2.02919e+07,0,0,0,1.24441e+08
110.355,110.355,6.72498,0.18,0.04,3.19339,3.49579,0,0.598441,6.048,4.17222e+06,2.70226e+06,1.33235e+07,0,0,0,4.87373e+08,62.3362,61.308,4.59963,0,0,2.34028,2.03788,0,1.8081,3.38688,8.67071e+06,3.61194e+06,2.02919e+07,0,0,0,1.24441e+08
110.355,110.355,5.35472,0.17,0.04,3.1934,3.4958,0,0.598442,6.048,4.17222e+06,2.70226e+06,1.33235e+07,0,0,0,4.87373e+08,62.3362,61.308,3.34242,0,0,2.34028,2.03788,0,1.8081,3.38688,8.67071e+06,3.61194e+06,2.02919e+07,0,0,0,1.24441e+08
110.355,110.355,4.62201,0.17,0.04,3.14522,3.44762,0,0.598443,6.048,4.17222e+06,2.70226e+06,1.31225e+07,0,0,0,4.87373e+08,62.1892,61.308,2.66115,0,0,2.30968,2.00728,0,1.8081,3.38688,8.67071e+06,3.61194e+06,2.00266e+07,0,0,0,1.24441e+08
110.355,110.355,4.24838,0.17,0.04,3.14523,3.44763,0,0.589415,6.048,4.17222e+06,2.70226e+06,1.31226e+07,0,0,0,4.87373e+08,62.0364,61.308,2.68476,0,0,2.30968,2.00728,0,1.78446,3.38688,8.67071e+06,3.61194e+06,2.00266e+07,0,0,0,1.24441e+08
110.355,110.355,4.10372,0.16,0.04,3.14523,3.44763,0,0.589415,6.048,4.17222e+06,2.70226e+06,1.31226e+07,0,0,0,4.87373e+08,62.0874,61.308,3.29626,0,0,2.30969,2.00729,0,1.78446,3.38688,8.67071e+06,3.61194e+06,2.00266e+07,0,0,0,1.24441e+08
110.355,110.355,3.70288,0.15,0.04,3.14524,3.44764,0,0.589416,6.048,4.17222e+06,2.70226e+06,1.31226e+07,0,0,0,4.87373e+08,61.9877,61.308,2.54823,0,0,2.30969,2.00729,0,1.78446,3.38688,8.67071e+06,3.61194e+06,2.00267e+07,0,0,0,1.24441e+08
110.026,110.355,3.34383,0.15,0.04,3.30879,3.61119,0,0.589417,6.048,4.17222e+06,2.70226e+06,1.3805e+07,0,0,0,4.87373e+08,61.8698,61.308,2.56559,0,0,2.41822,2.11582,0,1.78447,3.38688,8.67071e+06,3.61194e+06,2.09677e+07,0,0,0,1.24441e+08
109.52,110.355,3.04677,0.13,0.04,3.30879,3.61119,0,0.620066,6.048,4.17222e+06,2.70226e+06,1.3805e+07,0,0,0,4.87373e+08,61.6189,61.308,2.25246,0,0,2.41822,2.11582,0,1.86831,3.38688,8.67071e+06,3.61194e+06,2.09677e+07,0,0,0,1.24441e+08
108.784,110.355,2.80024,0.12,0.04,3.30879,3.61119,0,0.620067,6.048,4.17222e+06,2.70226e+06,1.3805e+07,0,0,0,4.87373e+08,61.2476,61.308,1.89238,0,0,2.41822,2.11582,0,1.86832,3.38688,8.67071e+06,3.61194e+06,2.09677e+07,0,0,0,1.24441e+08
107.983,110.355,2.72477,0.12,0.04,3.3088,3.6112,0,0.620068,6.048,4.17222e+06,2.70226e+06,1.3805e+07,0,0,0,4.87373e+08,60.4396,61.308,1.7435,0,0,2.41822,2.11582,0,1.86832,3.38688,8.67071e+06,3.61194e+06,2.09677e+07,0,0,0,1.24441e+08
105.986,110.355,1.47232,0.11,0.04,3.3088,3.6112,0,0.620069,6.048,4.17222e+06,2.70226e+06,1.3805e+07,0,0,0,4.87373e+08,59.5623,61.308,1.44473,0,0,2.41823,2.11583,0,1.86832,3.38688,8.67071e+06,3.61194e+06,2.09678e+07,0,0,0,1.24441e+08
103.774,110.355,1.21717,0.14,0.04,3.27646,3.57886,0,0.62007,6.048,4.17222e+06,2.70226e+06,1.36701e+07,0,0,0,4.87373e+08,58.6809,61.308,1.36059,0,0,2.47788,2.17548,0,1.86832,3.38688,8.67071e+06,3.61194e+06,2.1485e+07,0,0,0,1.24441e+08
101.467,110.355,1.10905,0.13,0.04,3.27647,3.57887,0,0.61401,6.048,4.17222e+06,2.70226e+06,1.36701e+07,0,0,0,4.87373e+08,57.6974,61.308,1.29524,0,0,2.47788,2.17548,0,1.91441,3.38688,8.67071e+06,3.61194e+06,2.1485e+07,0,0,0,1.24441e+08
99.0868,110.355,1.0073,0.15,0.04,3.27647,3.57887,0,0.61401,6.048,4.17222e+06,2.70226e+06,1.36702e+07,0,0,0,4.87373e+08,56.6872,61.308,1.18863,0,0,2.47788,2.17548,0,1.91441,3.38688,8.67071e+06,3.61194e+06,2.1485e+07,0,0,0,1.24441e+08
96.6773,110.355,0.931232,0.14,0.04,3.27648,3.57888,0,0.614011,6.048,4.17222e+06,2.70226e+06,1.36702e+07,0,0,0,4.87373e+08,55.5487,61.308,1.15805,0,0,2.47789,2.17549,0,1.91441,3.38688,8.67071e+06,3.61194e+06,2.1485e+07,0,0,0,1.24441e+08
94.0905,110.355,0.830263,0.14,0.04,3.36001,3.66241,0,0.614012,6.048,4.17222e+06,2.70226e+06,1.40187e+07,0,0,0,4.87373e+08,54.3572,61.308,1.08792,0,0,2.53105,2.22865,0,1.91441,3.38688,8.67071e+06,3.61194e+06,2.1946e+07,0,0,0,1.24441e+08
91.4293,110.355,0.738269,0.15,0.04,3.36001,3.66241,0,0.629665,6.048,4.17222e+06,2.70226e+06,1.40187e+07,0,0,0,4.87373e+08,53.125,61.308,1.02898,0,0,2.53105,2.22865,0,1.95549,3.38688,8.67071e+06,3.61194e+06,2.1946e+07,0,0,0,1.24441e+08
88.7248,110.355,0.676335,0.15,0.04,3.36002,3.66242,0,0.629666,6.048,4.17222e+06,2.70226e+06,1.40187e+07,0,0,0,4.87373e+08,51.8784,61.308,0.961761,0,0,2.53105,2.22865,0,1.95549,3.38688,8.67071e+06,3.61194e+06,2.1946e+07,0,0,0,1.24441e+08
85.9712,110.355,0.58525,0.17,0.04,3.36002,3.66242,0,0.629667,6.048,4.17222e+06,2.70226e+06,1.40187e+07,0,0,0,4.87373e+08,50.6841,61.308,0.954024,0,0,2.53106,2.22866,0,1.95549,3.38688,8.67071e+06,3.61194e+06,2.19461e+07,0,0,0,1.24441e+08
83.0635,110.355,0.676504,0.17,0.04,3.60462,3.90702,0,0.629668,6.048,4.17222e+06,2.70226e+06,1.50393e+07,0,0,0,4.87373e+08,49.4943,61.308,1.05249,0,0,2.72294,2.42054,0,1.95549,3.38688,8.67071e+06,3.61194e+06,2.36098e+07,0,0,0,1.24441e+08
80.1617,110.355,0.634017,0.19,0.04,3.60463,3.90703,0,0.675506,6.048,4.17222e+06,2.70226e+06,1.50393e+07,0,0,0,4.87373e+08,48.3911,61.308,0.994821,0,0,2.72294,2.42054,0,2.10374,3.38688,8.67071e+06,3.61194e+06,2.36098e+07,0,0,0,1.24441e+08
77.4226,110.355,0.776122,0.11,0.04,3.60463,3.90703,0,0.675507,6.048,4.17222e+06,2.70226e+06,1.50393e+07,0,0,0,4.87373e+08,47.2452,61.308,1.09164,0,0,2.72294,2.42054,0,2.10374,3.38688,8.67071e+06,3.61194e+06,2.36099e+07,0,0,0,1.24441e+08
74.5657,110.355,0.632109,0.23,0.04,3.60464,3.90704,0,0.675508,6.048,4.17222e+06,2.70226e+06,1.50393e+07,0,0,0,4.87373e+08,46.096,61.308,0.999559,0,0,2.72295,2.42055,0,2.10375,3.38688,8.67071e+06,3.61194e+06,2.36099e+07,0,0,0,1.24441e+08
71.6887,110.355,0.551429,0.13,0.04,3.60464,3.90704,0,0.675509,6.048,4.17222e+06,2.70226e+06,1.50393e+07,0,0,0,4.87373e+08,44.8582,61.308,0.935577,0,0,2.72295,2.42055,0,2.10375,3.38688,8.67071e+06,3.61194e+06,2.36099e+07,0,0,0,1.24441e+08
68.825,110.355,0.518246,0.15,0.04,3.48544,3.78784,0,0.67551,6.048,4.17222e+06,2.70226e+06,1.4542e+07,0,0,0,4.87373e+08,43.8318,61.308,0.962295,0,0,2.60649,2.30409,0,2.10375,3.38688,8.67071e+06,3.61194e+06,2.26001e+07,0,0,0,1.24441e+08
66.0279,110.355,0.588575,0.14,0.04,3.48544,3.78784,0,0.653171,6.048,4.17222e+06,2.70226e+06,1.4542e+07,0,0,0,4.87373e+08,42.8708,61.308,1.2187,0,0,2.60649,2.30409,0,2.01377,3.38688,8.67071e+06,3.61194e+06,2.26001e+07,0,0,0,1.24441e+08
63.2393,110.355,0.581935,0.19,0.04,3.48545,3.78785,0,0.653172,6.048,4.17222e+06,2.70226e+06,1.4542e+07,0,0,0,4.87373e+08,42.1566,61.308,1.18795,0,0,2.6065,2.3041,0,2.01378,3.38688,8.67071e+06,3.61194e+06,2.26002e+07,0,0,0,1.24441e+08
60.4272,110.355,0.80899,0,0.04,3.78785,3.78785,0,0.653173,6.048,4.17222e+06,2.70226e+06,1.58037e+07,0,0,0,4.87373e+08,41.3123,61.308,1.54932,0,0,2.3041,2.3041,0,2.01378,3.38688,8.67071e+06,3.61194e+06,1.99782e+07,0,0,0,1.24441e+08
57.936,110.355,1.00614,0,0.04,3.69001,3.69001,0,0.709844,6.048,4.17222e+06,2.70226e+06,1.53955e+07,0,0,0,4.87373e+08,40.733,61.308,1.2154,0,0,2.19809,2.19809,0,1.78015,3.38688,8.67071e+06,3.61194e+06,1.9059e+07,0,0,0,1.24441e+08
55.8928,110.355,1.47554,0,0.04,3.69001,3.69001,0,0.691508,6.048,4.17222e+06,2.70226e+06,1.53955e+07,0,0,0,4.87373e+08,40.3554,61.308,1.9449,0,0,2.19809,2.19809,0,1.69824,3.38688,8.67071e+06,3.61194e+06,1.9059e+07,0,0,0,1.24441e+08
55.2085,110.355,2.88442,0,0.04,3.69002,3.69002,0,0.691509,6.048,4.17222e+06,2.70226e+06,1.53956e+07,0,0,0,4.87373e+08,40.3543,61.308,2.55519,0,0,2.1981,2.1981,0,1.69825,3.38688,8.67071e+06,3.61194e+06,1.90591e+07,0,0,0,1.24441e+08
54.6343,110.355,2.98307,0,0.04,3.69002,3.69002,0,0.69151,6.048,4.17222e+06,2.70226e+06,1.53956e+07,0,0,0,4.87373e+08,40.1642,61.308,2.47745,0,0,2.1981,2.1981,0,1.69825,3.38688,8.67071e+06,3.61194e+06,1.90591e+07,0,0,0,1.24441e+08
55.0892,110.355,3.79002,0,0.04,3.41213,3.41213,0,0.69151,6.048,4.17222e+06,2.70226e+06,1.42361e+07,0,0,0,4.87373e+08,39.6208,61.308,1.81857,0,0,1.97731,1.97731,0,1.69825,3.38688,8.67071e+06,3.61194e+06,1.71447e+07,0,0,0,1.24441e+08
54.8896,110.355,3.18537,0,0.04,3.41213,3.41213,0,0.639433,6.048,4.17222e+06,2.70226e+06,1.42361e+07,0,0,0,4.87373e+08,39.4417,61.308,2.51568,0,0,1.97731,1.97731,0,1.52767,3.38688,8.67071e+06,3.61194e+06,1.71447e+07,0,0,0,1.24441e+08
55.4669,110.355,4.01713,0,0.04,3.41214,3.41214,0,0.639433,6.048,4.17222e+06,2.70226e+06,1.42362e+07,0,0,0,4.87373e+08,40.7649,61.308,6.57143,0,0,1.97731,1.97731,0,1.52767,3.38688,8.67071e+06,3.61194e+06,1.71447e+07,0,0,0,1.24441e+08
54.6314,110.355,2.49844,0,0.04,3.41214,3.41214,0,0.639434,6.048,4.17222e+06,2.70226e+06,1.42362e+07,0,0,0,4.87373e+08,40.5664,61.308,2.76624,0,0,1.97732,1.97732,0,1.52767,3.38688,8.67071e+06,3.61194e+06,1.71447e+07,0,0,0,1.24441e+08
56.5021,110.355,5.30511,0,0.04,3.41214,3.41214,0,0.639435,6.048,4.17222e+06,2.70226e+06,1.42362e+07,0,0,0,4.87373e+08,41.1928,61.308,3.60668,0,0,1.97732,1.97732,0,1.52767,3.38688,8.67071e+06,3.61194e+06,1.71448e+07,0,0,0,1.24441e+08
57.4599,110.355,4.652,0,0.04,3.51903,3.51903,0,0.639436,6.048,4.17222e+06,2.70226e+06,1.46821e+07,0,0,0,4.95381e+08,42.002,61.308,4.24164,0,0,2.04125,2.04125,0,1.52768,3.38688,8.67071e+06,3.61194e+06,1.76991e+07,0,0,0,1.24441e+08
60.3737,110.355,6.48518,0,0.04,3.519,3.519,0,0.659466,6.048,4.17222e+06,2.70226e+06,1.4682e+07,0,0,0,4.95381e+08,42.0546,61.308,2.63429,0,0,2.04123,2.04123,0,1.57707,3.38688,8.67071e+06,3.61194e+06,1.7699e+07,0,0,0,1.24441e+08
64.0499,110.355,7.40777,0,0.04,3.51898,3.51898,0,0.659461,6.048,4.17222e+06,2.70226e+06,1.46819e+07,0,0,0,4.95381e+08,42.4054,61.308,3.15262,0,0,2.04122,2.04122,0,1.57706,3.38688,8.67071e+06,3.61194e+06,1.76988e+07,0,0,0,1.24441e+08
65.8527,110.355,5.56331,0,0.04,3.51895,3.51895,0,0.659457,6.048,4.17222e+06,2.70226e+06,1.46818e+07,0,0,0,4.95381e+08,42.7524,61.308,3.43356,0,0,2.04121,2.04121,0,1.57705,3.38688,8.67071e+06,3.61194e+06,1.76987e+07,0,0,0,1.24441e+08
66.0042,110.355,4.23989,0,0.04,3.86216,3.86216,0,0.659452,6.048,4.17222e+06,2.70226e+06,1.61138e+07,0,0,0,4.95381e+08,43.1841,61.308,3.23813,0,0,2.28119,2.28119,0,1.57704,3.38688,8.67071e+06,3.61194e+06,1.97796e+07,0,0,0,1.24441e+08
67.5755,110.355,5.78697,0,0.04,3.86213,3.86213,0,0.723769,6.048,4.17222e+06,2.70226e+06,1.61136e+07,0,0,0,4.95381e+08,44.2165,61.308,3.96752,0,0,2.28118,2.28118,0,1.76245,3.38688,8.67071e+06,3.61194e+06,1.97794e+07,0,0,0,1.24441e+08
72.1695,110.355,8.79344,0,0.04,3.86211,3.86211,0,0.723764,6.048,4.17222e+06,2.70226e+06,1.61135e+07,0,0,0,4.95381e+08,45.8272,61.308,5.26901,0,0,2.28116,2.28116,0,1.76244,3.38688,8.67071e+06,3.61194e+06,1.97793e+07,0,0,0,1.24441e+08
74.3852,110.355,6.46394,0,0.04,3.86208,3.86208,0,0.723759,6.048,4.17222e+06,2.70226e+06,1.61134e+07,0,0,0,4.95381e+08,47.1048,61.308,4.51564,0,0,2.28115,2.28115,0,1.76242,3.38688,8.67071e+06,3.61194e+06,1.97792e+07,0,0,0,1.24441e+08
73.7033,110.355,3.11067,0,0.04,3.37251,3.37251,0,0.723754,6.048,4.17222e+06,2.70226e+06,1.40708e+07,0,0,0,4.95381e+08,47.5055,61.308,2.9581,0,0,1.95905,1.95905,0,1.76241,3.38688,8.67071e+06,3.61194e+06,1.69864e+07,0,0,0,1.24441e+08
73.2262,110.355,3.2656,0,0.04,3.37249,3.37249,0,0.632009,6.048,4.17222e+06,2.70226e+06,1.40708e+07,0,0,0,4.95381e+08,47.8761,61.308,2.82965,0,0,1.95904,1.95904,0,1.51357,3.38688,8.67071e+06,3.61194e+06,1.69863e+07,0,0,0,1.24441e+08
72.6174,110.355,3.20018,0,0.04,3.37247,3.37247,0,0.632005,6.048,4.17222e+06,2.70226e+06,1.40707e+07,0,0,0,4.95381e+08,48.2635,61.308,2.91834,0,0,1.95903,1.95903,0,1.51355,3.38688,8.67071e+06,3.61194e+06,1.69862e+07,0,0,0,1.24441e+08
75.9723,110.355,7.11976,0,0.04,3.37244,3.37244,0,0.632,6.048,4.17222e+06,2.70226e+06,1.40706e+07,0,0,0,4.95381e+08,49.9624,61.308,5.48624,0,0,1.95901,1.95901,0,1.51354,3.38688,8.67071e+06,3.61194e+06,1.6986e+07,0,0,0,1.24441e+08
79.0827,110.355,7.01417,0,0.04,3.37242,3.37242,0,0.631996,6.048,4.17222e+06,2.70226e+06,1.40705e+07,0,0,0,4.95381e+08,51.0225,61.308,4.44691,0,0,1.959,1.959,0,1.51353,3.38688,8.67071e+06,3.61194e+06,1.69859e+07,0,0,0,1.24441e+08
80.4402,110.355,5.31826,0,0.04,3.49562,3.49562,0,0.631991,6.048,4.17222e+06,2.70226e+06,1.45845e+07,0,0,0,4.95381e+08,51.7296,61.308,3.96606,0,0,2.03778,2.03778,0,1.51352,3.38688,8.67071e+06,3.61194e+06,1.7669e+07,0,0,0,1.24441e+08
82.3341,110.355,5.9218,0,0.04,3.49559,3.49559,0,0.655079,6.048,4.17222e+06,2.70226e+06,1.45844e+07,0,0,0,4.95381e+08,52.7304,61.308,4.08403,0,0,2.03776,2.03776,0,1.57439,3.38688,8.67071e+06,3.61194e+06,1.76688e+07,0,0,0,1.24441e+08
83.3018,110.355,4.89328,0,0.04,3.49557,3.49557,0,0.655074,6.048,4.17222e+06,2.70226e+06,1.45843e+07,0,0,0,4.95381e+08,53.4748,61.308,3.83158,0,0,2.03775,2.03775,0,1.57437,3.38688,8.67071e+06,3.61194e+06,1.76687e+07,0,0,0,1.24441e+08
83.3121,110.355,3.84331,0,0.04,3.49554,3.49554,0,0.65507,6.048,4.17222e+06,2.70226e+06,1.45842e+07,0,0,0,4.95381e+08,53.8061,61.308,3.04385,0,0,2.03773,2.03773,0,1.57436,3.38688,8.67071e+06,3.61194e+06,1.76686e+07,0,0,0,1.24441e+08
83.2059,110.355,3.65214,0,0.04,3.44734,3.44734,0,0.655065,6.048,4.17222e+06,2.70226e+06,1.43831e+07,0,0,0,4.95381e+08,54.1806,61.308,3.29698,0,0,2.00712,2.00712,0,1.57435,3.38688,8.67071e+06,3.61194e+06,1.74032e+07,0,0,0,1.24441e+08
82.7782,110.355,3.25722,0,0.04,3.44732,3.44732,0,0.646032,6.048,4.17222e+06,2.70226e+06,1.4383e+07,0,0,0,4.95381e+08,54.7212,61.308,3.21436,0,0,2.00711,2.00711,0,1.5507,3.38688,8.67071e+06,3.61194e+06,1.7403e+07,0,0,0,1.24441e+08
82.2018,110.355,3.06697,0,0.04,3.4473,3.4473,0,0.646028,6.048,4.17222e+06,2.70226e+06,1.43829e+07,0,0,0,4.95381e+08,55.0997,61.308,2.90799,0,0,2.00709,2.00709,0,1.55069,3.38688,8.67071e+06,3.61194e+06,1.74029e+07,0,0,0,1.24441e+08
81.4007,110.355,2.83788,0,0.04,3.44727,3.44727,0,0.646023,6.048,4.17222e+06,2.70226e+06,1.43828e+07,0,0,0,4.95381e+08,55.4502,61.308,2.79256,0,0,2.00708,2.00708,0,1.55068,3.38688,8.67071e+06,3.61194e+06,1.74028e+07,0,0,0,1.24441e+08
80.473,110.355,2.83357,0,0.04,3.61078,3.61078,0,0.646019,6.048,4.17222e+06,2.70226e+06,1.50649e+07,0,0,0,4.95381e+08,55.9029,61.308,3.06911,0,0,2.11558,2.11558,0,1.55067,3.38688,8.67071e+06,3.61194e+06,1.83436e+07,0,0,0,1.24441e+08
79.4473,110.355,2.64654,0,0.04,3.61075,3.61075,0,0.676659,6.048,4.17222e+06,2.70226e+06,1.50648e+07,0,0,0,4.95381e+08,56.1799,61.308,2.80295,0,0,2.11556,2.11556,0,1.63449,3.38688,8.67071e+06,3.61194e+06,1.83434e+07,0,0,0,1.24441e+08
78.2074,110.355,2.4071,0,0.04,3.61073,3.61073,0,0.676655,6.048,4.17222e+06,2.70226e+06,1.50647e+07,0,0,0,4.95381e+08,56.2366,61.308,2.328,0,0,2.11555,2.11555,0,1.63448,3.38688,8.67071e+06,3.61194e+06,1.83433e+07,0,0,0,1.24441e+08
76.9159,110.355,2.33483,0,0.04,3.6107,3.6107,0,0.67665,6.048,4.17222e+06,2.70226e+06,1.50646e+07,0,0,0,4.95381e+08,56.1131,61.308,2.08865,0,0,2.11553,2.11553,0,1.63447,3.38688,8.67071e+06,3.61194e+06,1.83432e+07,0,0,0,1.24441e+08
76.5094,110.355,3.22675,0,0.04,3.61068,3.61068,0,0.676645,6.048,4.17222e+06,2.70226e+06,1.50645e+07,0,0,0,4.95381e+08,56.0554,61.308,2.39631,0,0,2.11552,2.11552,0,1.63446,3.38688,8.67071e+06,3.61194e+06,1.83431e+07,0,0,0,1.24441e+08
76.3601,110.355,3.46285,0,0.04,3.57831,3.57831,0,0.676641,6.048,4.17222e+06,2.70226e+06,1.49295e+07,0,0,0,4.95381e+08,56.0666,61.308,2.5213,0,0,2.17514,2.17514,0,1.63445,3.38688,8.67071e+06,3.61194e+06,1.886e+07,0,0,0,1.24441e+08
76.0471,110.355,3.29394,0,0.04,3.57829,3.57829,0,0.670576,6.048,4.17222e+06,2.70226e+06,1.49294e+07,0,0,0,4.95381e+08,56.0558,61.308,2.43289,0,0,2.17513,2.17513,0,1.68051,3.38688,8.67071e+06,3.61194e+06,1.88599e+07,0,0,0,1.24441e+08
75.5967,110.355,3.12463,0,0.04,3.57826,3.57826,0,0.670571,6.048,4.17222e+06,2.70226e+06,1.49293e+07,0,0,0,4.95381e+08,55.9646,61.308,2.37251,0,0,2.17511,2.17511,0,1.6805,3.38688,8.67071e+06,3.61194e+06,1.88598e+07,0,0,0,1.24441e+08
74.9562,110.355,2.91351,0,0.04,3.57824,3.57824,0,0.670567,6.048,4.17222e+06,2.70226e+06,1.49292e+07,0,0,0,4.95381e+08,55.7987,61.308,2.22366,0,0,2.1751,2.1751,0,1.68049,3.38688,8.67071e+06,3.61194e+06,1.88596e+07,0,0,0,1.24441e+08
74.5819,110.355,3.2577,0,0.04,3.66172,3.66172,0,0.670562,6.048,4.17222e+06,2.70226e+06,1.52775e+07,0,0,0,4.95381e+08,55.6523,61.308,2.20168,0,0,2.22823,2.22823,0,1.68048,3.38688,8.67071e+06,3.61194e+06,1.93204e+07,0,0,0,1.24441e+08
73.9664,110.355,2.98105,0,0.04,3.6617,3.6617,0,0.686207,6.048,4.17222e+06,2.70226e+06,1.52774e+07,0,0,0,4.95381e+08,55.376,61.308,2.16014,0,0,2.22822,2.22822,0,1.72153,3.38688,8.67071e+06,3.61194e+06,1.93202e+07,0,0,0,1.24441e+08
73.1175,110.355,2.73476,0,0.04,3.66167,3.66167,0,0.686202,6.048,4.17222e+06,2.70226e+06,1.52773e+07,0,0,0,4.95381e+08,55.0539,61.308,1.89632,0,0,2.2282,2.2282,0,1.72152,3.38688,8.67071e+06,3.61194e+06,1.93201e+07,0,0,0,1.24441e+08
72.432,110.355,2.87882,0,0.04,3.66165,3.66165,0,0.686197,6.048,4.17222e+06,2.70226e+06,1.52772e+07,0,0,0,4.95381e+08,54.823,61.308,2.242,0,0,2.22819,2.22819,0,1.72151,3.38688,8.67071e+06,3.61194e+06,1.932e+07,0,0,0,1.24441e+08
71.1818,110.355,2.49003,0,0.04,3.90617,3.90617,0,0.686193,6.048,4.17222e+06,2.70226e+06,1.62974e+07,0,0,0,4.95381e+08,54.4381,61.308,1.92618,0,0,2.42001,2.42001,0,1.7215,3.38688,8.67071e+06,3.61194e+06,2.09832e+07,0,0,0,1.24441e+08
69.6494,110.355,2.17607,0,0.04,3.90614,3.90614,0,0.732015,6.048,4.17222e+06,2.70226e+06,1.62973e+07,0,0,0,4.95381e+08,54.0616,61.308,1.7476,0,0,2.41999,2.41999,0,1.8697,3.38688,8.67071e+06,3.61194e+06,2.0983e+07,0,0,0,1.24441e+08
68.5403,110.355,2.58693,0,0.04,3.90611,3.90611,0,0.73201,6.048,4.17222e+06,2.70226e+06,1.62971e+07,0,0,0,4.95381e+08,53.7291,61.308,1.89115,0,0,2.41997,2.41997,0,1.86968,3.38688,8.67071e+06,3.61194e+06,2.09829e+07,0,0,0,1.24441e+08
69.1777,110.355,4.41802,0,0.04,3.90608,3.90608,0,0.732005,6.048,4.17222e+06,2.70226e+06,1.6297e+07,0,0,0,4.95381e+08,53.4907,61.308,2.27701,0,0,2.41996,2.41996,0,1.86967,3.38688,8.67071e+06,3.61194e+06,2.09827e+07,0,0,0,1.24441e+08
69.3593,110.355,3.97899,0,0.04,3.90606,3.90606,0,0.732,6.048,4.17222e+06,2.70226e+06,1.62969e+07,0,0,0,4.95381e+08,52.9038,61.308,1.85277,0,0,2.41994,2.41994,0,1.86966,3.38688,8.67071e+06,3.61194e+06,2.09826e+07,0,0,0,1.24441e+08
68.7776,110.355,3.11165,0,0.04,3.78685,3.78685,0,0.731995,6.048,4.17222e+06,2.70226e+06,1.57996e+07,0,0,0,4.95381e+08,52.5115,61.308,1.45071,0,0,2.30349,2.30349,0,1.86964,3.38688,8.67071e+06,3.61194e+06,1.99729e+07,0,0,0,1.24441e+08
67.699,110.355,2.59849,0,0.04,3.78683,3.78683,0,0.709656,6.048,4.17222e+06,2.70226e+06,1.57995e+07,0,0,0,4.95381e+08,51.9348,61.308,2.35929,0,0,2.30347,2.30347,0,1.77968,3.38688,8.67071e+06,3.61194e+06,1.99728e+07,0,0,0,1.24441e+08
66.2555,110.355,2.22078,0,0.04,3.7868,3.7868,0,0.709651,6.048,4.17222e+06,2.70226e+06,1.57993e+07,0,0,0,4.95381e+08,51.0774,61.308,1.25842,0,0,2.30346,2.30346,0,1.77966,3.38688,8.67071e+06,3.61194e+06,1.99726e+07,0,0,0,1.24441e+08
64.9391,110.355,2.36554,0,0.04,3.78678,3.78678,0,0.709647,6.048,4.17222e+06,2.70226e+06,1.57992e+07,0,0,0,4.95381e+08,50.5996,61.308,1.34509,0,0,2.30344,2.30344,0,1.77965,3.38688,8.67071e+06,3.61194e+06,1.99725e+07,0,0,0,1.24441e+08
63.8973,110.355,2.58047,0,0.04,3.68893,3.68893,0,0.709642,6.048,4.17222e+06,2.70226e+06,1.5391e+07,0,0,0,4.95381e+08,50.2906,61.308,1.86235,0,0,2.19745,2.19745,0,1.77964,3.38688,8.67071e+06,3.61194e+06,1.90534e+07,0,0,0,1.24441e+08
63.6609,110.355,3.44844,0,0.04,3.6889,3.6889,0,0.691305,6.048,4.17222e+06,2.70226e+06,1.53909e+07,0,0,0,4.95381e+08,50.0968,61.308,1.96336,0,0,2.19743,2.19743,0,1.69775,3.38688,8.67071e+06,3.61194e+06,1.90533e+07,0,0,0,1.24441e+08
64.5051,110.355,4.53855,0,0.04,3.68888,3.68888,0,0.6913,6.048,4.17222e+06,2.70226e+06,1.53908e+07,0,0,0,4.95381e+08,50.1198,61.308,2.41733,0,0,2.19741,2.19741,0,1.69773,3.38688,8.67071e+06,3.61194e+06,1.90532e+07,0,0,0,1.24441e+08
64.7269,110.355,4.05581,0,0.04,3.68885,3.68885,0,0.691296,6.048,4.17222e+06,2.70226e+06,1.53907e+07,0,0,0,4.95381e+08,50.5559,61.308,2.8763,0,0,2.1974,2.1974,0,1.69772,3.38688,8.67071e+06,3.61194e+06,1.9053e+07,0,0,0,1.24441e+08
65.6812,110.355,4.54822,0,0.04,3.41102,3.41102,0,0.691291,6.048,4.17222e+06,2.70226e+06,1.42315e+07,0,0,0,4.95381e+08,51.016,61.308,3.08357,0,0,1.97666,1.97666,0,1.69771,3.38688,8.67071e+06,3.61194e+06,1.71391e+07,0,0,0,1.24441e+08
67.2193,110.355,5.13825,0,0.04,3.41099,3.41099,0,0.639224,6.048,4.17222e+06,2.70226e+06,1.42314e+07,0,0,0,4.95381e+08,51.1161,61.308,3.47206,0,0,1.97665,1.97665,0,1.52717,3.38688,8.67071e+06,3.61194e+06,1.7139e+07,0,0,0,1.24441e+08
67.3142,110.355,3.67527,0,0.04,3.41097,3.41097,0,0.63922,6.048,4.17222e+06,2.70226e+06,1.42313e+07,0,0,0,4.95381e+08,50.2907,61.308,1.65955,0,0,1.97664,1.97664,0,1.52716,3.38688,8.67071e+06,3.61194e+06,1.71389e+07,0,0,0,1.24441e+08
67.4922,110.355,3.72978,0,0.04,3.41094,3.41094,0,0.639215,6.048,4.17222e+06,2.70226e+06,1.42312e+07,0,0,0,4.95381e+08,49.4476,61.308,1.52673,0,0,1.97662,1.97662,0,1.52715,3.38688,8.67071e+06,3.61194e+06,1.71387e+07,0,0,0,1.24441e+08
67.0106,110.355,3.09647,0,0.04,3.41092,3.41092,0,0.639211,6.048,4.17222e+06,2.70226e+06,1.42311e+07,0,0,0,4.95381e+08,48.7136,61.308,1.43906,0,0,1.97661,1.97661,0,1.52714,3.38688,8.67071e+06,3.61194e+06,1.71386e+07,0,0,0,1.24441e+08
65.0375,110.355,1.62647,0,0.04,3.51774,3.51774,0,0.639207,6.048,4.17222e+06,2.70226e+06,1.46768e+07,0,0,0,4.95381e+08,48.2207,61.308,1.80817,0,0,2.0405,2.0405,0,1.52713,3.38688,8.67071e+06,3.61194e+06,1.76926e+07,0,0,0,1.24441e+08
63.0135,110.355,1.51386,0,0.04,3.51769,3.51769,0,0.659224,6.048,4.17222e+06,2.70226e+06,1.46765e+07,0,0,0,4.95381e+08,48.0777,61.308,1.97295,0,0,2.04047,2.04047,0,1.57649,3.38688,8.67071e+06,3.61194e+06,1.76923e+07,0,0,0,1.24441e+08
63.757,110.355,4.36183,0,0.04,3.51763,3.51763,0,0.659214,6.048,4.17222e+06,2.70226e+06,1.46763e+07,0,0,0,4.95381e+08,48.1962,61.308,2.68477,0,0,2.04044,2.04044,0,1.57647,3.38688,8.67071e+06,3.61194e+06,1.76921e+07,0,0,0,1.24441e+08
69.094,110.355,9.44691,0,0.04,3.51758,3.51758,0,0.659204,6.048,4.17222e+06,2.70226e+06,1.46761e+07,0,0,0,4.95381e+08,49.3641,61.308,5.76537,0,0,2.04041,2.04041,0,1.57644,3.38688,8.67071e+06,3.61194e+06,1.76918e+07,0,0,0,1.24441e+08
70.8437,110.355,6.00542,0,0.04,3.86062,3.86062,0,0.659194,6.048,4.17222e+06,2.70226e+06,1.61073e+07,0,0,0,4.95381e+08,49.5152,61.308,3.34965,0,0,2.28028,2.28028,0,1.57642,3.38688,8.67071e+06,3.61194e+06,1.97717e+07,0,0,0,1.24441e+08
72.5005,110.355,5.8311,0,0.04,3.86056,3.86056,0,0.72348,6.048,4.17222e+06,2.70226e+06,1.61071e+07,0,0,0,4.95381e+08,50.1911,61.308,4.19246,0,0,2.28025,2.28025,0,1.76175,3.38688,8.67071e+06,3.61194e+06,1.97714e+07,0,0,0,1.24441e+08
73.1857,110.355,4.97318,0,0.04,3.8605,3.8605,0,0.723469,6.048,4.17222e+06,2.70226e+06,1.61068e+07,0,0,0,4.95381e+08,50.536,61.308,3.45683,0,0,2.28021,2.28021,0,1.76172,3.38688,8.67071e+06,3.61194e+06,1.97711e+07,0,0,0,1.24441e+08
73.2136,110.355,4.15567,0,0.04,3.86044,3.86044,0,0.723458,6.048,4.17222e+06,2.70226e+06,1.61066e+07,0,0,0,4.95381e+08,50.5991,61.308,2.83413,0,0,2.28018,2.28018,0,1.76169,3.38688,8.67071e+06,3.61194e+06,1.97708e+07,0,0,0,1.24441e+08
74.9064,110.355,5.35828,0,0.04,3.37106,3.37106,0,0.723447,6.048,4.17222e+06,2.70226e+06,1.40648e+07,0,0,0,4.95381e+08,50.7342,61.308,3.29862,0,0,1.95821,1.95821,0,1.76167,3.38688,8.67071e+06,3.61194e+06,1.69791e+07,0,0,0,1.24441e+08
76.3924,110.355,5.28961,0,0.04,3.37101,3.37101,0,0.631736,6.048,4.17222e+06,2.70226e+06,1.40646e+07,0,0,0,4.95381e+08,50.8522,61.308,2.60075,0,0,1.95818,1.95818,0,1.51291,3.38688,8.67071e+06,3.61194e+06,1.69788e+07,0,0,0,1.24441e+08
76.4359,110.355,3.79203,0,0.04,3.37096,3.37096,0,0.631727,6.048,4.17222e+06,2.70226e+06,1.40644e+07,0,0,0,4.95381e+08,51.7636,61.308,3.25017,0,0,1.95815,1.95815,0,1.51289,3.38688,8.67071e+06,3.61194e+06,1.69786e+07,0,0,0,1.24441e+08
78.0548,110.355,5.44091,0,0.04,3.37091,3.37091,0,0.631717,6.048,4.17222e+06,2.70226e+06,1.40641e+07,0,0,0,4.95381e+08,53.12,61.308,4.03921,0,0,1.95812,1.95812,0,1.51287,3.38688,8.67071e+06,3.61194e+06,1.69783e+07,0,0,0,1.24441e+08
80.5884,110.355,6.44284,0,0.04,3.37086,3.37086,0,0.631708,6.048,4.17222e+06,2.70226e+06,1.40639e+07,0,0,0,4.95381e+08,54.759,61.308,4.73914,0,0,1.95809,1.95809,0,1.51284,3.38688,8.67071e+06,3.61194e+06,1.69781e+07,0,0,0,1.24441e+08
83.5073,110.355,7.17682,0,0.04,3.49397,3.49397,0,0.631698,6.048,4.17222e+06,2.70226e+06,1.45776e+07,0,0,0,4.95381e+08,56.5936,61.308,5.37046,0,0,2.03681,2.03681,0,1.51282,3.38688,8.67071e+06,3.61194e+06,1.76606e+07,0,0,0,1.24441e+08
85.5377,110.355,6.25844,0,0.04,3.49392,3.49392,0,0.65477,6.048,4.17222e+06,2.70226e+06,1.45774e+07,0,0,0,4.95381e+08,57.8678,61.308,4.42162,0,0,2.03678,2.03678,0,1.57364,3.38688,8.67071e+06,3.61194e+06,1.76604e+07,0,0,0,1.24441e+08
87.0603,110.355,5.6818,0,0.04,3.49386,3.49386,0,0.65476,6.048,4.17222e+06,2.70226e+06,1.45771e+07,0,0,0,4.95381e+08,59.3871,61.308,4.95048,0,0,2.03675,2.03675,0,1.57362,3.38688,8.67071e+06,3.61194e+06,1.76601e+07,0,0,0,1.24441e+08
87.6864,110.355,4.73518,0,0.04,3.49381,3.49381,0,0.65475,6.048,4.17222e+06,2.70226e+06,1.45769e+07,0,0,0,4.95381e+08,60.1089,61.308,3.60374,0,0,2.03672,2.03672,0,1.5736,3.38688,8.67071e+06,3.61194e+06,1.76598e+07,0,0,0,1.24441e+08
88.0648,110.355,4.4281,0,0.04,3.44561,3.44561,0,0.65474,6.048,4.17222e+06,2.70226e+06,1.43758e+07,0,0,0,4.95381e+08,60.44,61.308,3.23938,0,0,2.00611,2.00611,0,1.57357,3.38688,8.67071e+06,3.61194e+06,1.73944e+07,0,0,0,1.24441e+08
87.9907,110.355,3.93324,0,0.04,3.44555,3.44555,0,0.645706,6.048,4.17222e+06,2.70226e+06,1.43756e+07,0,0,0,4.95381e+08,60.6057,61.308,3.04652,0,0,2.00608,2.00608,0,1.54992,3.38688,8.67071e+06,3.61194e+06,1.73941e+07,0,0,0,1.24441e+08
87.6926,110.355,3.64324,0,0.04,3.4455,3.4455,0,0.645697,6.048,4.17222e+06,2.70226e+06,1.43754e+07,0,0,0,4.95381e+08,60.6409,61.308,2.89324,0,0,2.00605,2.00605,0,1.5499,3.38688,8.67071e+06,3.61194e+06,1.73939e+07,0,0,0,1.24441e+08
87.1648,110.355,3.38499,0,0.04,3.44545,3.44545,0,0.645687,6.048,4.17222e+06,2.70226e+06,1.43752e+07,0,0,0,4.95381e+08,60.6741,61.308,2.89861,0,0,2.00602,2.00602,0,1.54987,3.38688,8.67071e+06,3.61194e+06,1.73936e+07,0,0,0,1.24441e+08
86.3469,110.355,3.22271,0,0.04,3.60884,3.60884,0,0.645677,6.048,4.17222e+06,2.70226e+06,1.50568e+07,0,0,0,4.95381e+08,60.624,61.308,2.69705,0,0,2.11444,2.11444,0,1.54985,3.38688,8.67071e+06,3.61194e+06,1.83337e+07,0,0,0,1.24441e+08
85.4066,110.355,2.93522,0,0.04,3.60878,3.60878,0,0.676296,6.048,4.17222e+06,2.70226e+06,1.50566e+07,0,0,0,4.95381e+08,60.4796,61.308,2.33349,0,0,2.11441,2.11441,0,1.63362,3.38688,8.67071e+06,3.61194e+06,1.83334e+07,0,0,0,1.24441e+08
84.3617,110.355,2.80739,0,0.04,3.60873,3.60873,0,0.676286,6.048,4.17222e+06,2.70226e+06,1.50564e+07,0,0,0,4.95381e+08,60.3168,61.308,2.31263,0,0,2.11438,2.11438,0,1.63359,3.38688,8.67071e+06,3.61194e+06,1.83332e+07,0,0,0,1.24441e+08
83.2712,110.355,2.68219,0,0.04,3.60868,3.60868,0,0.676276,6.048,4.17222e+06,2.70226e+06,1.50562e+07,0,0,0,4.95381e+08,60.1572,61.308,2.45538,0,0,2.11435,2.11435,0,1.63357,3.38688,8.67071e+06,3.61194e+06,1.83329e+07,0,0,0,1.24441e+08
81.6477,110.355,2.09878,0,0.04,3.60862,3.60862,0,0.676266,6.048,4.17222e+06,2.70226e+06,1.50559e+07,0,0,0,4.95381e+08,59.8247,61.308,2.04976,0,0,2.11431,2.11431,0,1.63354,3.38688,8.67071e+06,3.61194e+06,1.83326e+07,0,0,0,1.24441e+08
79.6935,110.355,1.67523,0,0.04,3.57625,3.57625,0,0.676256,6.048,4.17222e+06,2.70226e+06,1.49209e+07,0,0,0,4.95381e+08,59.2754,61.308,1.84183,0,0,2.17389,2.17389,0,1.63352,3.38688,8.67071e+06,3.61194e+06,1.88491e+07,0,0,0,1.24441e+08
77.616,110.355,1.53112,0,0.04,3.57619,3.57619,0,0.670189,6.048,4.17222e+06,2.70226e+06,1.49207e+07,0,0,0,4.95381e+08,58.7226,61.308,1.63704,0,0,2.17385,2.17385,0,1.67954,3.38688,8.67071e+06,3.61194e+06,1.88489e+07,0,0,0,1.24441e+08
75.456,110.355,1.40393,0,0.04,3.57614,3.57614,0,0.670179,6.048,4.17222e+06,2.70226e+06,1.49204e+07,0,0,0,4.95381e+08,58.1178,61.308,1.60635,0,0,2.17382,2.17382,0,1.67952,3.38688,8.67071e+06,3.61194e+06,1.88486e+07,0,0,0,1.24441e+08
73.2817,110.355,1.34158,0,0.04,3.57609,3.57609,0,0.670169,6.048,4.17222e+06,2.70226e+06,1.49202e+07,0,0,0,4.95381e+08,57.4294,61.308,1.60418,0,0,2.17379,2.17379,0,1.67949,3.38688,8.67071e+06,3.61194e+06,1.88483e+07,0,0,0,1.24441e+08
70.9949,110.355,1.28961,0,0.04,3.65949,3.65949,0,0.670159,6.048,4.17222e+06,2.70226e+06,1.52682e+07,0,0,0,4.95381e+08,56.7001,61.308,1.53944,0,0,2.22687,2.22687,0,1.67947,3.38688,8.67071e+06,3.61194e+06,1.93086e+07,0,0,0,1.24441e+08
68.6557,110.355,1.19262,0,0.04,3.65944,3.65944,0,0.685789,6.048,4.17222e+06,2.70226e+06,1.5268e+07,0,0,0,4.95381e+08,55.7801,61.308,1.4852,0,0,2.22684,2.22684,0,1.72048,3.38688,8.67071e+06,3.61194e+06,1.93083e+07,0,0,0,1.24441e+08
66.2422,110.355,1.08592,0,0.04,3.65938,3.65938,0,0.685778,6.048,4.17222e+06,2.70226e+06,1.52677e+07,0,0,0,4.95381e+08,55.2601,61.308,1.30457,0,0,2.22681,2.22681,0,1.72046,3.38688,8.67071e+06,3.61194e+06,1.9308e+07,0,0,0,1.24441e+08
64.0411,110.355,1.2644,0,0.04,3.65933,3.65933,0,0.685768,6.048,4.17222e+06,2.70226e+06,1.52675e+07,0,0,0,4.95381e+08,54.5283,61.308,1.80258,0,0,2.22677,2.22677,0,1.72043,3.38688,8.67071e+06,3.61194e+06,1.93077e+07,0,0,0,1.24441e+08
61.3019,110.355,0.865705,0,0.04,3.90366,3.90366,0,0.685758,6.048,4.17222e+06,2.70226e+06,1.62869e+07,0,0,0,4.95381e+08,53.524,61.308,1.34889,0,0,2.41845,2.41845,0,1.7204,3.38688,8.67071e+06,3.61194e+06,2.09697e+07,0,0,0,1.24441e+08
58.4596,110.355,0.710063,0,0.04,3.9036,3.9036,0,0.731546,6.048,4.17222e+06,2.70226e+06,1.62867e+07,0,0,0,4.95381e+08,52.5608,61.308,1.14883,0,0,2.41842,2.41842,0,1.8685,3.38688,8.67071e+06,3.61194e+06,2.09694e+07,0,0,0,1.24441e+08
55.9063,110.355,0.962189,0,0.04,3.90354,3.90354,0,0.731535,6.048,4.17222e+06,2.70226e+06,1.62864e+07,0,0,0,4.95381e+08,51.7733,61.308,1.29348,0,0,2.41838,2.41838,0,1.86847,3.38688,8.67071e+06,3.61194e+06,2.09691e+07,0,0,0,1.24441e+08
53.7816,110.355,1.41448,0,0.04,3.90348,3.90348,0,0.731524,6.048,4.17222e+06,2.70226e+06,1.62862e+07,0,0,0,4.95381e+08,51.1442,61.308,1.54092,0,0,2.41834,2.41834,0,1.86844,3.38688,8.67071e+06,3.61194e+06,2.09688e+07,0,0,0,1.24441e+08
51.786,110.355,1.48575,0,0.04,3.90342,3.90342,0,0.731513,6.048,4.17222e+06,2.70226e+06,1.62859e+07,0,0,0,4.95381e+08,50.5128,61.308,1.52391,0,0,2.41831,2.41831,0,1.86841,3.38688,8.67071e+06,3.61194e+06,2.09684e+07,0,0,0,1.24441e+08
49.95,110.355,1.51532,0,0.04,3.78427,3.78427,0,0.731502,6.048,4.17222e+06,2.70226e+06,1.57888e+07,0,0,0,4.95381e+08,50.0586,61.308,1.55008,0,0,2.30192,2.30192,0,1.86838,3.38688,8.67071e+06,3.61194e+06,1.99593e+07,0,0,0,1.24441e+08
48.2765,110.355,1.69086,0,0.04,3.78421,3.78421,0,0.709172,6.048,4.17222e+06,2.70226e+06,1.57885e+07,0,0,0,4.95381e+08,49.8379,61.308,2.06944,0,0,2.30188,2.30188,0,1.77846,3.38688,8.67071e+06,3.61194e+06,1.9959e+07,0,0,0,1.24441e+08
46.5379,110.355,1.61485,0,0.04,3.78416,3.78416,0,0.709161,6.048,4.17222e+06,2.70226e+06,1.57883e+07,0,0,0,4.95381e+08,49.628,61.308,2.04011,0,0,2.30185,2.30185,0,1.77843,3.38688,8.67071e+06,3.61194e+06,1.99587e+07,0,0,0,1.24441e+08
45.0222,110.355,1.87154,0,0.04,3.7841,3.7841,0,0.709151,6.048,4.17222e+06,2.70226e+06,1.57881e+07,0,0,0,4.95381e+08,49.0668,61.308,2.47301,0,0,2.30181,2.30181,0,1.77841,3.38688,8.67071e+06,3.61194e+06,1.99584e+07,0,0,0,1.24441e+08
42.5796,110.355,0.707767,0,0.04,3.68629,3.68629,0,0.70914,6.048,4.17222e+06,2.70226e+06,1.538e+07,0,0,0,4.95381e+08,48.2199,61.308,1.17613,0,0,2.19587,2.19587,0,1.77838,3.38688,8.67071e+06,3.61194e+06,1.90398e+07,0,0,0,1.24441e+08
41.0908,110.355,1.67114,0,0.04,3.68624,3.68624,0,0.690811,6.048,4.17222e+06,2.70226e+06,1.53798e+07,0,0,0,4.95381e+08,47.5973,61.308,1.35756,0,0,2.19584,2.19584,0,1.69653,3.38688,8.67071e+06,3.61194e+06,1.90395e+07,0,0,0,1.24441e+08
40.3927,110.355,2.46345,0,0.04,3.68618,3.68618,0,0.690801,6.048,4.17222e+06,2.70226e+06,1.53795e+07,0,0,0,4.95381e+08,47.5174,61.308,1.71761,0,0,2.19581,2.19581,0,1.69651,3.38688,8.67071e+06,3.61194e+06,1.90392e+07,0,0,0,1.24441e+08
