0cont_fund,0ins_pout,0ins_price,0infra_npv,0debt_serv,0gross_rev,0cont_contrib,0drought_cost,0water_price
0,0,0,0,0.000745969,2.40866e+07,-874358,874358,1.28429e+07
0,0,0,0,0,2.40025e+07,-814400,814400,1.28429e+07
0,0,0,0,0,2.40092e+07,-812716,812716,1.28429e+07
0,0,0,0,0,2.40158e+07,-811031,811031,1.28429e+07
0,0,0,0,0,2.6492e+07,-809346,809346,1.28429e+07
0,0,0,0,0,2.57407e+07,-319826,319826,1.28429e+07
0,0,0,0,0,2.5748e+07,-317941,317941,1.28429e+07
0,0,0,0,0,2.57553e+07,-316057,316057,1.28429e+07
0,0,0,0,0,2.2358e+07,-314172,314172,1.28429e+07
0,0,0,0,0,2.32384e+07,-874358,874358,1.28429e+07
0,0,0,0,0,2.32473e+07,-874358,874358,1.28429e+07
0,0,0,0,0,2.32562e+07,-874358,874358,1.28429e+07
0,0,0,0,0,2.32651e+07,-874358,874358,1.28429e+07
0,0,0,0,0,2.41188e+07,-874358,874358,1.28429e+07
0,0,0,0,0,2.4011e+07,-799181,799181,1.28429e+07
0,0,0,0,0,2.40177e+07,-797494,797494,1.28429e+07
0,0,0,0,0,2.40243e+07,-795806,795806,1.28429e+07
0,0,0,0,0,2.37013e+07,-794118,794118,1.28429e+07
0,0,0,0,0,2.38051e+07,-854963,854963,1.28429e+07
0,0,0,0,0,2.38116e+07,-853299,853299,1.28429e+07
0,0,0,0,0,2.38181e+07,-851635,851635,1.28429e+07
0,0,0,0,0,2.49738e+07,-849971,849971,1.28429e+07
0,0,0,0,0,2.46352e+07,-626186,626186,1.28429e+07
0,0,0,0,0,2.4642e+07,-624431,624431,1.28429e+07
0,0,0,0,0,2.46489e+07,-622675,622675,1.28429e+07
0,0,0,0,0,2.46558e+07,-620919,620919,1.28429e+07
0,0,0,0,0,2.49337e+07,-619163,619163,1.28429e+07
0,0,0,0,0,2.47504e+07,-495078,495078,1.28429e+07
0,0,0,0,0,2.47573e+07,-493271,493271,1.28429e+07
0,0,0,0,0,2.47642e+07,-491463,491463,1.28429e+07
0,0,0,0,0,2.53461e+07,-489655,489655,1.28429e+07
0,0,0,0,0,2.51834e+07,-378649,378649,1.28429e+07
0,0,0,0,0,2.51905e+07,-376796,376796,1.28429e+07
0,0,0,0,0,2.51975e+07,-374942,374942,1.28429e+07
0,0,0,0,0,2.71147e+07,-373088,373088,1.28429e+07
0,0,0,0,0,2.65449e+07,0,0,1.28429e+07
0,0,0,0,0,2.65557e+07,0,0,1.28429e+07
0,0,0,0,0,2.65664e+07,0,0,1.28429e+07
0,0,0,0,0,2.65772e+07,0,0,1.28429e+07
0,0,0,0,0,2.55133e+07,0,0,1.28429e+07
0,0,0,0,0,2.58448e+07,-206475,206475,1.28429e+07
0,0,0,0,0,2.58521e+07,-204554,204554,1.28429e+07
0,0,0,0,0,2.58595e+07,-202634,202634,1.28429e+07
0,0,0,0,0,2.49188e+07,-200713,200713,1.28429e+07
0,0,0,0,0,2.52663e+07,-417700,417700,1.28429e+07
0,0,0,0,0,2.52734e+07,-415866,415866,1.28429e+07
0,0,0,0,0,2.52805e+07,-414032,414032,1.28429e+07
0,0,0,0,0,2.30888e+07,-412198,412198,1.28429e+07
0,0,0,0,0,2.38054e+07,-867023,867023,1.28429e+07
0,0,0,0,0,2.38119e+07,-865372,865372,1.28429e+07
0,0,0,0,0,2.38184e+07,-863720,863720,1.28429e+07
0,0,0,0,0,2.38249e+07,-862068,862068,1.28429e+07
0,0,0,6.03784e+07,0.000745969,2.45483e+07,-860416,860416,1.28429e+07
0,0,0,6.03784e+07,0,2.43487e+07,-726297,726297,1.28429e+07
0,0,0,6.03784e+07,0,2.43552e+07,-724643,724643,1.28429e+07
0,0,0,6.03784e+07,0,2.43617e+07,-722989,722989,1.28429e+07
0,0,0,6.03784e+07,0,2.68902e+07,-721334,721334,1.28429e+07
0,0,0,6.03784e+07,0,2.61226e+07,-221500,221500,1.28429e+07
0,0,0,6.03784e+07,0,2.61298e+07,-219649,219649,1.28429e+07
0,0,0,6.03784e+07,0,2.6137e+07,-217799,217799,1.28429e+07
0,0,0,6.03784e+07,0,2.26675e+07,-215947,215947,1.28429e+07
0,0,0,6.03784e+07,0,2.37006e+07,-874358,874358,1.28429e+07
0,0,0,6.03784e+07,0,2.37093e+07,-874358,874358,1.28429e+07
0,0,0,6.03784e+07,0,2.37181e+07,-874358,874358,1.28429e+07
0,0,0,6.03784e+07,0,2.37268e+07,-874358,874358,1.28429e+07
0,0,0,6.03784e+07,0,2.45981e+07,-874358,874358,1.28429e+07
0,0,0,6.03784e+07,0,2.4354e+07,-711615,711615,1.28429e+07
0,0,0,6.03784e+07,0,2.43605e+07,-709958,709958,1.28429e+07
0,0,0,6.03784e+07,0,2.4367e+07,-708302,708302,1.28429e+07
0,0,0,6.03784e+07,0,2.4037e+07,-706644,706644,1.28429e+07
0,0,0,6.03784e+07,0,2.41427e+07,-768833,768833,1.28429e+07
0,0,0,6.03784e+07,0,2.41491e+07,-767199,767199,1.28429e+07
0,0,0,6.03784e+07,0,2.41555e+07,-765565,765565,1.28429e+07
0,0,0,6.03784e+07,0,2.5335e+07,-763931,763931,1.28429e+07
0,0,0,6.03784e+07,0,2.49891e+07,-535527,535527,1.28429e+07
0,0,0,6.03784e+07,0,2.49958e+07,-533804,533804,1.28429e+07
0,0,0,6.03784e+07,0,2.50026e+07,-532080,532080,1.28429e+07
0,0,0,6.03784e+07,0,2.50093e+07,-530356,530356,1.28429e+07
0,0,0,6.03784e+07,0,2.52928e+07,-528631,528631,1.28429e+07
0,0,0,6.03784e+07,0,2.51054e+07,-402027,402027,1.28429e+07
0,0,0,6.03784e+07,0,2.51122e+07,-400253,400253,1.28429e+07
0,0,0,6.03784e+07,0,2.51189e+07,-398478,398478,1.28429e+07
0,0,0,6.03784e+07,0,2.57127e+07,-396704,396704,1.28429e+07
0,0,0,6.03784e+07,0,2.55463e+07,-283460,283460,1.28429e+07
0,0,0,6.03784e+07,0,2.55532e+07,-281640,281640,1.28429e+07
0,0,0,6.03784e+07,0,2.55602e+07,-279821,279821,1.28429e+07
0,0,0,6.03784e+07,0,2.75168e+07,-278001,278001,1.28429e+07
0,0,0,6.03784e+07,0,2.70948e+07,0,0,1.28429e+07
0,0,0,6.03784e+07,0,2.71053e+07,0,0,1.28429e+07
0,0,0,6.03784e+07,0,2.71159e+07,0,0,1.28429e+07
0,0,0,6.03784e+07,0,2.71264e+07,0,0,1.28429e+07
0,0,0,6.03784e+07,0,2.60401e+07,0,0,1.28429e+07
0,0,0,6.03784e+07,0,2.62189e+07,-108379,108379,1.28429e+07
0,0,0,6.03784e+07,0,2.62261e+07,-106495,106495,1.28429e+07
0,0,0,6.03784e+07,0,2.62333e+07,-104609,104609,1.28429e+07
0,0,0,6.03784e+07,0,2.52729e+07,-102723,102723,1.28429e+07
0,0,0,6.03784e+07,0,2.56273e+07,-324253,324253,1.28429e+07
0,0,0,6.03784e+07,0,2.56343e+07,-322453,322453,1.28429e+07
0,0,0,6.03784e+07,0,2.56413e+07,-320652,320652,1.28429e+07
0,0,0,6.03784e+07,0,2.34043e+07,-318851,318851,1.28429e+07
0,0,0,6.03784e+07,0,2.41354e+07,-783084,783084,1.28429e+07
0,0,0,6.03784e+07,0,2.41418e+07,-781463,781463,1.28429e+07
0,0,0,6.03784e+07,0,2.41482e+07,-779842,779842,1.28429e+07
0,0,0,6.03784e+07,0,2.41546e+07,-778220,778220,1.28429e+07
0,0,0,6.03784e+07,0.000745969,2.48924e+07,-776598,776598,1.28429e+07
0,0,0,6.03784e+07,0,2.46885e+07,-639802,639802,1.28429e+07
0,0,0,6.03784e+07,0,2.46948e+07,-638182,638182,1.28429e+07
0,0,0,6.03784e+07,0,2.47012e+07,-636562,636562,1.28429e+07
0,0,0,6.03784e+07,0,2.7281e+07,-634941,634941,1.28429e+07
0,0,0,6.03784e+07,0,2.64974e+07,-124987,124987,1.28429e+07
0,0,0,6.03784e+07,0,2.65045e+07,-123175,123175,1.28429e+07
0,0,0,6.03784e+07,0,2.65115e+07,-121362,121362,1.28429e+07
0,0,0,6.03784e+07,0,2.29713e+07,-119549,119549,1.28429e+07
0,0,0,6.03784e+07,0,2.404e+07,-800948,800948,1.28429e+07
0,0,0,6.03784e+07,0,2.40461e+07,-799390,799390,1.28429e+07
0,0,0,6.03784e+07,0,2.40522e+07,-797831,797831,1.28429e+07
0,0,0,6.03784e+07,0,2.40583e+07,-796273,796273,1.28429e+07
0,0,0,6.03784e+07,0,2.49445e+07,-794714,794714,1.28429e+07
0,0,0,6.03784e+07,0,2.46904e+07,-625702,625702,1.28429e+07
0,0,0,6.03784e+07,0,2.46968e+07,-624079,624079,1.28429e+07
0,0,0,6.03784e+07,0,2.47032e+07,-622457,622457,1.28429e+07
0,0,0,6.03784e+07,0,2.43662e+07,-620833,620833,1.28429e+07
0,0,0,6.03784e+07,0,2.44738e+07,-684344,684344,1.28429e+07
0,0,0,6.03784e+07,0,2.44801e+07,-682744,682744,1.28429e+07
0,0,0,6.03784e+07,0,2.44863e+07,-681144,681144,1.28429e+07
0,0,0,6.03784e+07,0,2.56894e+07,-679544,679544,1.28429e+07
0,0,0,6.03784e+07,0,2.53362e+07,-446613,446613,1.28429e+07
0,0,0,6.03784e+07,0,2.53428e+07,-444925,444925,1.28429e+07
0,0,0,6.03784e+07,0,2.53494e+07,-443238,443238,1.28429e+07
0,0,0,6.03784e+07,0,2.5356e+07,-441549,441549,1.28429e+07
0,0,0,6.03784e+07,0,2.56449e+07,-439860,439860,1.28429e+07
0,0,0,6.03784e+07,0,2.54534e+07,-310790,310790,1.28429e+07
0,0,0,6.03784e+07,0,2.54601e+07,-309053,309053,1.28429e+07
0,0,0,6.03784e+07,0,2.54667e+07,-307315,307315,1.28429e+07
0,0,0,6.03784e+07,0,2.6072e+07,-305577,305577,1.28429e+07
0,0,0,6.03784e+07,0,2.5902e+07,-190144,190144,1.28429e+07
0,0,0,6.03784e+07,0,2.59088e+07,-188362,188362,1.28429e+07
0,0,0,6.03784e+07,0,2.59156e+07,-186580,186580,1.28429e+07
0,0,0,6.03784e+07,0,2.79109e+07,-184798,184798,1.28429e+07
0,0,0,6.03784e+07,0,2.76337e+07,0,0,1.28429e+07
0,0,0,6.03784e+07,0,2.7644e+07,0,0,1.28429e+07
0,0,0,6.03784e+07,0,2.76543e+07,0,0,1.28429e+07
0,0,0,6.03784e+07,0,2.76647e+07,0,0,1.28429e+07
0,0,0,6.03784e+07,0,2.65564e+07,0,0,1.28429e+07
0,0,0,6.03784e+07,0,2.65854e+07,-12258.6,12258.6,1.28429e+07
0,0,0,6.03784e+07,0,2.65924e+07,-10412.8,10412.8,1.28429e+07
0,0,0,6.03784e+07,0,2.65995e+07,-8566.33,8566.33,1.28429e+07
0,0,0,6.03784e+07,0,2.56198e+07,-6719.88,6719.88,1.28429e+07
0,0,0,6.03784e+07,0,2.5981e+07,-232704,232704,1.28429e+07
0,0,0,6.03784e+07,0,2.59878e+07,-230942,230942,1.28429e+07
0,0,0,6.03784e+07,0,2.59946e+07,-229179,229179,1.28429e+07
0,0,0,6.03784e+07,0,2.37133e+07,-227415,227415,1.28429e+07
0,0,0,6.03784e+07,0,2.44586e+07,-700866,700866,1.28429e+07
0,0,0,6.03784e+07,0,2.44648e+07,-699279,699279,1.28429e+07
0,0,0,6.03784e+07,0,2.44711e+07,-697692,697692,1.28429e+07
0,0,0,6.03784e+07,0,2.44773e+07,-696104,696104,1.28429e+07
0,0,0,6.03784e+07,0.000745969,2.52294e+07,-694516,694516,1.28429e+07
0,0,0,6.03784e+07,0,2.50212e+07,-555102,555102,1.28429e+07
0,0,0,6.03784e+07,0,2.50274e+07,-553519,553519,1.28429e+07
0,0,0,6.03784e+07,0,2.50336e+07,-551935,551935,1.28429e+07
0,0,0,6.03784e+07,0,2.76636e+07,-550351,550351,1.28429e+07
0,0,0,6.03784e+07,0,2.68644e+07,-30491.2,30491.2,1.28429e+07
0,0,0,6.03784e+07,0,2.68713e+07,-28719.8,28719.8,1.28429e+07
0,0,0,6.03784e+07,0,2.68782e+07,-26948.2,26948.2,1.28429e+07
0,0,0,6.03784e+07,0,2.32686e+07,-25175.8,25175.8,1.28429e+07
0,0,0,6.03784e+07,0,2.43579e+07,-719935,719935,1.28429e+07
0,0,0,6.03784e+07,0,2.43639e+07,-718412,718412,1.28429e+07
0,0,0,6.03784e+07,0,2.43699e+07,-716889,716889,1.28429e+07
0,0,0,6.03784e+07,0,2.43759e+07,-715366,715366,1.28429e+07
0,0,0,6.03784e+07,0,2.5279e+07,-713842,713842,1.28429e+07
0,0,0,6.03784e+07,0,2.50197e+07,-541614,541614,1.28429e+07
0,0,0,6.03784e+07,0,2.50259e+07,-540029,540029,1.28429e+07
0,0,0,6.03784e+07,0,2.50321e+07,-538442,538442,1.28429e+07
0,0,0,6.03784e+07,0,2.46884e+07,-536856,536856,1.28429e+07
0,0,0,6.03784e+07,0,2.47978e+07,-601664,601664,1.28429e+07
0,0,0,6.03784e+07,0,2.48039e+07,-600101,600101,1.28429e+07
0,0,0,6.03784e+07,0,2.48101e+07,-598537,598537,1.28429e+07
0,0,0,6.03784e+07,0,2.6036e+07,-596973,596973,1.28429e+07
0,0,0,6.03784e+07,0,2.56758e+07,-359616,359616,1.28429e+07
0,0,0,6.03784e+07,0,2.56822e+07,-357967,357967,1.28429e+07
0,0,0,6.03784e+07,0,2.56887e+07,-356317,356317,1.28429e+07
0,0,0,6.03784e+07,0,2.56951e+07,-354667,354667,1.28429e+07
0,0,0,6.03784e+07,0,2.59893e+07,-353017,353017,1.28429e+07
0,0,0,6.03784e+07,0,2.57939e+07,-221538,221538,1.28429e+07
0,0,0,6.03784e+07,0,2.58003e+07,-219840,219840,1.28429e+07
0,0,0,6.03784e+07,0,2.58068e+07,-218142,218142,1.28429e+07
0,0,0,6.03784e+07,0,2.64235e+07,-216443,216443,1.28429e+07
0,0,0,6.03784e+07,0,2.62499e+07,-98872.8,98872.8,1.28429e+07
0,0,0,6.03784e+07,0,2.62566e+07,-97132.2,97132.2,1.28429e+07
0,0,0,6.03784e+07,0,2.62632e+07,-95390.8,95390.8,1.28429e+07
0,0,0,6.03784e+07,0,2.82963e+07,-93649.2,93649.2,1.28429e+07
0,0,0,6.03784e+07,0,2.81607e+07,0,0,1.28429e+07
0,0,0,6.03784e+07,0,2.81707e+07,0,0,1.28429e+07
0,0,0,6.03784e+07,0,2.81808e+07,0,0,1.28429e+07
0,0,0,6.03784e+07,0,2.81909e+07,0,0,1.28429e+07
0,0,0,6.03784e+07,0,2.70612e+07,0,0,1.28429e+07
0,0,0,6.03784e+07,0,2.70708e+07,0,0,1.28429e+07
0,0,0,6.03784e+07,0,2.70805e+07,0,0,1.28429e+07
0,0,0,6.03784e+07,0,2.70902e+07,0,0,1.28429e+07
0,0,0,6.03784e+07,0,2.60946e+07,0,0,1.28429e+07
0,0,0,6.03784e+07,0,2.63267e+07,-143208,143208,1.28429e+07
0,0,0,6.03784e+07,0,2.63334e+07,-141486,141486,1.28429e+07
0,0,0,6.03784e+07,0,2.634e+07,-139764,139764,1.28429e+07
0,0,0,6.03784e+07,0,2.40153e+07,-138041,138041,1.28429e+07
0,0,0,6.03784e+07,0,2.47745e+07,-620505,620505,1.28429e+07
0,0,0,6.03784e+07,0,2.47806e+07,-618954,618954,1.28429e+07
0,0,0,6.03784e+07,0,2.47867e+07,-617404,617404,1.28429e+07
0,0,0,6.03784e+07,0,2.47928e+07,-615852,615852,1.28429e+07
0,0,0,6.03784e+07,0.000745969,2.55587e+07,-614300,614300,1.28429e+07
0,0,0,6.03784e+07,0,2.53463e+07,-472331,472331,1.28429e+07
0,0,0,6.03784e+07,0,2.53524e+07,-470787,470787,1.28429e+07
0,0,0,6.03784e+07,0,2.53585e+07,-469241,469241,1.28429e+07
0,0,0,6.03784e+07,0,2.80374e+07,-467695,467695,1.28429e+07
0,0,0,6.03784e+07,0,2.73192e+07,0,0,1.28429e+07
0,0,0,6.03784e+07,0,2.73286e+07,0,0,1.28429e+07
0,0,0,6.03784e+07,0,2.7338e+07,0,0,1.28429e+07
0,0,0,6.03784e+07,0,2.36634e+07,0,0,1.28429e+07
0,0,0,6.03784e+07,0,2.46685e+07,-640788,640788,1.28429e+07
0,0,0,6.03784e+07,0,2.46744e+07,-639302,639302,1.28429e+07
0,0,0,6.03784e+07,0,2.46802e+07,-637816,637816,1.28429e+07
0,0,0,6.03784e+07,0,2.4686e+07,-636330,636330,1.28429e+07
0,0,0,6.03784e+07,0,2.56057e+07,-634843,634843,1.28429e+07
0,0,0,6.03784e+07,0,2.53413e+07,-459477,459477,1.28429e+07
0,0,0,6.03784e+07,0,2.53474e+07,-457930,457930,1.28429e+07
0,0,0,6.03784e+07,0,2.53535e+07,-456382,456382,1.28429e+07
0,0,0,6.03784e+07,0,2.50031e+07,-454834,454834,1.28429e+07
0,0,0,6.03784e+07,0,2.51143e+07,-520913,520913,1.28429e+07
0,0,0,6.03784e+07,0,2.51202e+07,-519387,519387,1.28429e+07
0,0,0,6.03784e+07,0,2.51262e+07,-517862,517862,1.28429e+07
0,0,0,6.03784e+07,0,2.63746e+07,-516336,516336,1.28429e+07
0,0,0,6.03784e+07,0,2.60074e+07,-274660,274660,1.28429e+07
0,0,0,6.03784e+07,0,2.60137e+07,-273051,273051,1.28429e+07
0,0,0,6.03784e+07,0,2.60199e+07,-271441,271441,1.28429e+07
0,0,0,6.03784e+07,0,2.60262e+07,-269831,269831,1.28429e+07
0,0,0,6.03784e+07,0,2.63256e+07,-268221,268221,1.28429e+07
0,0,0,6.03784e+07,0,2.61263e+07,-134393,134393,1.28429e+07
0,0,0,6.03784e+07,0,2.61326e+07,-132737,132737,1.28429e+07
0,0,0,6.03784e+07,0,2.61389e+07,-131081,131081,1.28429e+07
0,0,0,6.03784e+07,0,2.67666e+07,-129423,129423,1.28429e+07
0,0,0,6.03784e+07,0,2.65896e+07,-9769.27,9769.27,1.28429e+07
0,0,0,6.03784e+07,0,2.6596e+07,-8071.03,8071.03,1.28429e+07
0,0,0,6.03784e+07,0,2.66025e+07,-6372.44,6372.44,1.28429e+07
0,0,0,6.03784e+07,0,2.86725e+07,-4673.51,4673.51,1.28429e+07
0,0,0,6.03784e+07,0,2.8675e+07,0,0,1.28429e+07
0,0,0,6.03784e+07,0,2.86849e+07,0,0,1.28429e+07
0,0,0,6.03784e+07,0,2.86947e+07,0,0,1.28429e+07
0,0,0,6.03784e+07,0,2.87046e+07,0,0,1.28429e+07
0,0,0,6.03784e+07,0,2.75538e+07,0,0,1.28429e+07
0,0,0,6.03784e+07,0,2.75632e+07,0,0,1.28429e+07
0,0,0,6.03784e+07,0,2.75727e+07,0,0,1.28429e+07
0,0,0,6.03784e+07,0,2.75821e+07,0,0,1.28429e+07
0,0,0,6.03784e+07,0,2.6568e+07,0,0,1.28429e+07
0,0,0,6.03784e+07,0,2.6664e+07,-55876.6,55876.6,1.28429e+07
0,0,0,6.03784e+07,0,2.66705e+07,-54196.6,54196.6,1.28429e+07
0,0,0,6.03784e+07,0,2.6677e+07,-52516.6,52516.6,1.28429e+07
0,0,0,6.03784e+07,0,2.431e+07,-50836,50836,1.28429e+07
0,0,0,6.03784e+07,0,2.50826e+07,-542098,542098,1.28429e+07
0,0,0,6.03784e+07,0,2.50886e+07,-540585,540585,1.28429e+07
0,0,0,6.03784e+07,0,2.50945e+07,-539073,539073,1.28429e+07
0,0,0,6.03784e+07,0,2.51005e+07,-537560,537560,1.28429e+07
0,0,0,6.03784e+07,0,2.588e+07,-536046,536046,1.28429e+07
0,0,0,6.03784e+07,0.000745969,2.56635e+07,-391586,391586,1.28429e+07
0,0,0,6.03784e+07,0,2.56694e+07,-390080,390080,1.28429e+07
0,0,0,6.03784e+07,0,2.56753e+07,-388575,388575,1.28429e+07
0,0,0,6.03784e+07,0,2.84021e+07,-387068,387068,1.28429e+07
0,0,0,6.03784e+07,0,2.78091e+07,0,0,1.28429e+07
0,0,0,6.03784e+07,0,2.78182e+07,0,0,1.28429e+07
0,0,0,6.03784e+07,0,2.78274e+07,0,0,1.28429e+07
0,0,0,6.03784e+07,0,2.40867e+07,0,0,1.28429e+07
0,0,0,6.03784e+07,0,2.49715e+07,-563594,563594,1.28429e+07
0,0,0,6.03784e+07,0,2.49772e+07,-562146,562146,1.28429e+07
0,0,0,6.03784e+07,0,2.49828e+07,-560698,560698,1.28429e+07
0,0,0,6.03784e+07,0,2.49885e+07,-559250,559250,1.28429e+07
0,0,0,6.03784e+07,0,2.59243e+07,-557802,557802,1.28429e+07
0,0,0,6.03784e+07,0,2.5655e+07,-379376,379376,1.28429e+07
0,0,0,6.03784e+07,0,2.56609e+07,-377869,377869,1.28429e+07
0,0,0,6.03784e+07,0,2.56668e+07,-376361,376361,1.28429e+07
0,0,0,6.03784e+07,0,2.53099e+07,-374853,374853,1.28429e+07
0,0,0,6.03784e+07,0,2.54228e+07,-442171,442171,1.28429e+07
0,0,0,6.03784e+07,0,2.54286e+07,-440686,440686,1.28429e+07
0,0,0,6.03784e+07,0,2.54345e+07,-439199,439199,1.28429e+07
0,0,0,6.03784e+07,0,2.67047e+07,-437713,437713,1.28429e+07
0,0,0,6.03784e+07,0,2.63307e+07,-191827,191827,1.28429e+07
0,0,0,6.03784e+07,0,2.63368e+07,-190260,190260,1.28429e+07
0,0,0,6.03784e+07,0,2.63429e+07,-188692,188692,1.28429e+07
0,0,0,6.03784e+07,0,2.6349e+07,-187123,187123,1.28429e+07
0,0,0,6.03784e+07,0,2.66534e+07,-185555,185555,1.28429e+07
0,0,0,6.03784e+07,0,2.64503e+07,-49439.3,49439.3,1.28429e+07
0,0,0,6.03784e+07,0,2.64564e+07,-47825.5,47825.5,1.28429e+07
0,0,0,6.03784e+07,0,2.64626e+07,-46211.7,46211.7,1.28429e+07
0,0,0,6.03784e+07,0,2.7101e+07,-44597.6,44597.6,1.28429e+07
0,0,0,6.03784e+07,0,2.70405e+07,0,0,1.28429e+07
0,0,0,6.03784e+07,0,2.70494e+07,0,0,1.28429e+07
0,0,0,6.03784e+07,0,2.70583e+07,0,0,1.28429e+07
0,0,0,6.03784e+07,0,2.91668e+07,0,0,1.28429e+07
0,0,0,6.03784e+07,0,2.91764e+07,0,0,1.28429e+07
0,0,0,6.03784e+07,0,2.91859e+07,0,0,1.28429e+07
0,0,0,6.03784e+07,0,2.91955e+07,0,0,1.28429e+07
0,0,0,6.03784e+07,0,2.92051e+07,0,0,1.28429e+07
0,0,0,6.03784e+07,0,2.80339e+07,0,0,1.28429e+07
0,0,0,6.03784e+07,0,2.80431e+07,0,0,1.28429e+07
0,0,0,6.03784e+07,0,2.80523e+07,0,0,1.28429e+07
0,0,0,6.03784e+07,0,2.80615e+07,0,0,1.28429e+07
0,0,0,6.03784e+07,0,2.70293e+07,0,0,1.28429e+07
0,0,0,6.03784e+07,0,2.70382e+07,0,0,1.28429e+07
0,0,0,6.03784e+07,0,2.70471e+07,0,0,1.28429e+07
0,0,0,6.03784e+07,0,2.7056e+07,0,0,1.28429e+07
0,0,0,6.03784e+07,0,2.46502e+07,0,0,1.28429e+07
0,0,0,6.03784e+07,0,2.53829e+07,-465704,465704,1.28429e+07
0,0,0,6.03784e+07,0,2.53887e+07,-464231,464231,1.28429e+07
0,0,0,6.03784e+07,0,2.53945e+07,-462758,462758,1.28429e+07
0,0,0,6.03784e+07,0,2.54003e+07,-461284,461284,1.28429e+07
0,0,0,6.03784e+07,0,2.5398e+07,-459810,459810,1.28429e+07
0,0,0,6.03784e+07,9.22528e+06,2.68379e+07,-874358,874358,1.28429e+07
0,0,0,6.03784e+07,0,2.68459e+07,-874358,874358,1.28429e+07
0,0,0,6.03784e+07,0,2.6854e+07,-874358,874358,1.28429e+07
0,0,0,6.03784e+07,0,2.6862e+07,-874358,874358,1.28429e+07
0,0,0,6.03784e+07,0,2.96376e+07,-874358,874358,1.28429e+07
0,0,0,6.03784e+07,0,2.96465e+07,-874358,874358,1.28429e+07
0,0,0,6.03784e+07,0,2.96555e+07,-874358,874358,1.28429e+07
0,0,0,6.03784e+07,0,2.96644e+07,-874358,874358,1.28429e+07
0,0,0,6.03784e+07,0,2.58592e+07,-874358,874358,1.28429e+07
0,0,0,6.03784e+07,0,2.5867e+07,-874358,874358,1.28429e+07
0,0,0,6.03784e+07,0,2.58747e+07,-874358,874358,1.28429e+07
0,0,0,6.03784e+07,0,2.58824e+07,-874358,874358,1.28429e+07
0,0,0,6.03784e+07,0,2.58901e+07,-874358,874358,1.28429e+07
0,0,0,6.03784e+07,0,2.68438e+07,-874358,874358,1.28429e+07
0,0,0,6.03784e+07,0,2.68518e+07,-874358,874358,1.28429e+07
0,0,0,6.03784e+07,0,2.68598e+07,-874358,874358,1.28429e+07
0,0,0,6.03784e+07,0,2.68679e+07,-874358,874358,1.28429e+07
0,0,0,6.03784e+07,0,2.6507e+07,-874358,874358,1.28429e+07
0,0,0,6.03784e+07,0,2.65149e+07,-874358,874358,1.28429e+07
0,0,0,6.03784e+07,0,2.65228e+07,-874358,874358,1.28429e+07
0,0,0,6.03784e+07,0,2.65307e+07,-874358,874358,1.28429e+07
0,0,0,6.03784e+07,0,2.78244e+07,-874358,874358,1.28429e+07
0,0,0,6.03784e+07,0,2.78327e+07,-874358,874358,1.28429e+07
0,0,0,6.03784e+07,0,2.78411e+07,-874358,874358,1.28429e+07
0,0,0,6.03784e+07,0,2.78494e+07,-874358,874358,1.28429e+07
0,0,0,6.03784e+07,0,2.78577e+07,-874358,874358,1.28429e+07
0,0,0,6.03784e+07,0,2.81693e+07,-874358,874358,1.28429e+07
0,0,0,6.03784e+07,0,2.81777e+07,-874358,874358,1.28429e+07
0,0,0,6.03784e+07,0,2.81862e+07,-874358,874358,1.28429e+07
0,0,0,6.03784e+07,0,2.81946e+07,-874358,874358,1.28429e+07
0,0,0,6.03784e+07,0,2.88459e+07,-874358,874358,1.28429e+07
0,0,0,6.03784e+07,0,2.88546e+07,-874358,874358,1.28429e+07
0,0,0,6.03784e+07,0,2.88632e+07,-874358,874358,1.28429e+07
0,0,0,6.03784e+07,0,2.88719e+07,-874358,874358,1.28429e+07
0,0,0,6.03784e+07,0,2.90288e+07,-626106,626106,1.28429e+07
0,0,0,6.03784e+07,0,2.90379e+07,-626302,626302,1.28429e+07
0,0,0,6.03784e+07,0,2.9047e+07,-626499,626499,1.28429e+07
0,0,0,6.03784e+07,0,2.90561e+07,-626696,626696,1.28429e+07
0,0,0,6.03784e+07,0,2.90653e+07,-626893,626893,1.28429e+07
0,0,0,6.03784e+07,0,2.98613e+07,-874358,874358,1.28429e+07
0,0,0,6.03784e+07,0,2.98703e+07,-874358,874358,1.28429e+07
0,0,0,6.03784e+07,0,2.98792e+07,-874358,874358,1.28429e+07
0,0,0,6.03784e+07,0,2.98882e+07,-874358,874358,1.28429e+07
0,0,0,6.03784e+07,0,2.88385e+07,-874358,874358,1.28429e+07
0,0,0,6.03784e+07,0,2.88471e+07,-874358,874358,1.28429e+07
0,0,0,6.03784e+07,0,2.88557e+07,-874358,874358,1.28429e+07
0,0,0,6.03784e+07,0,2.88643e+07,-874358,874358,1.28429e+07
0,0,0,6.03784e+07,0,2.64184e+07,-874358,874358,1.28429e+07
0,0,0,6.03784e+07,0,2.64263e+07,-874358,874358,1.28429e+07
0,0,0,6.03784e+07,0,2.64341e+07,-874358,874358,1.28429e+07
0,0,0,6.03784e+07,0,2.6442e+07,-874358,874358,1.28429e+07
0,0,0,6.03784e+07,0,2.64499e+07,-874358,874358,1.28429e+07
0,0,0,6.03784e+07,9.22528e+06,2.72576e+07,-874358,874358,1.28429e+07
0,0,0,6.03784e+07,0,2.72654e+07,-874358,874358,1.28429e+07
0,0,0,6.03784e+07,0,2.72732e+07,-874358,874358,1.28429e+07
0,0,0,6.03784e+07,0,2.7281e+07,-874358,874358,1.28429e+07
0,0,0,6.03784e+07,0,3.01018e+07,-874358,874358,1.28429e+07
0,0,0,6.03784e+07,0,3.01105e+07,-874358,874358,1.28429e+07
0,0,0,6.03784e+07,0,3.01191e+07,-874358,874358,1.28429e+07
0,0,0,6.03784e+07,0,3.01278e+07,-874358,874358,1.28429e+07
0,0,0,6.03784e+07,0,2.626e+07,-874358,874358,1.28429e+07
0,0,0,6.03784e+07,0,2.62675e+07,-874358,874358,1.28429e+07
0,0,0,6.03784e+07,0,2.6275e+07,-874358,874358,1.28429e+07
0,0,0,6.03784e+07,0,2.62825e+07,-874358,874358,1.28429e+07
0,0,0,6.03784e+07,0,2.629e+07,-874358,874358,1.28429e+07
0,0,0,6.03784e+07,0,2.72588e+07,-874358,874358,1.28429e+07
0,0,0,6.03784e+07,0,2.72666e+07,-874358,874358,1.28429e+07
0,0,0,6.03784e+07,0,2.72744e+07,-874358,874358,1.28429e+07
0,0,0,6.03784e+07,0,2.72822e+07,-874358,874358,1.28429e+07
0,0,0,6.03784e+07,0,2.69151e+07,-874358,874358,1.28429e+07
0,0,0,6.03784e+07,0,2.69227e+07,-874358,874358,1.28429e+07
0,0,0,6.03784e+07,0,2.69304e+07,-874358,874358,1.28429e+07
0,0,0,6.03784e+07,0,2.69381e+07,-874358,874358,1.28429e+07
0,0,0,6.03784e+07,0,2.82524e+07,-874358,874358,1.28429e+07
0,0,0,6.03784e+07,0,2.82604e+07,-874358,874358,1.28429e+07
0,0,0,6.03784e+07,0,2.82685e+07,-874358,874358,1.28429e+07
0,0,0,6.03784e+07,0,2.82766e+07,-874358,874358,1.28429e+07
0,0,0,6.03784e+07,0,2.82847e+07,-874358,874358,1.28429e+07
0,0,0,6.03784e+07,0,2.86009e+07,-874358,874358,1.28429e+07
0,0,0,6.03784e+07,0,2.86091e+07,-874358,874358,1.28429e+07
0,0,0,6.03784e+07,0,2.86173e+07,-874358,874358,1.28429e+07
0,0,0,6.03784e+07,0,2.86254e+07,-874358,874358,1.28429e+07
0,0,0,6.03784e+07,0,2.92868e+07,-874358,874358,1.28429e+07
0,0,0,6.03784e+07,0,2.92952e+07,-874358,874358,1.28429e+07
0,0,0,6.03784e+07,0,2.93036e+07,-874358,874358,1.28429e+07
0,0,0,6.03784e+07,0,2.9312e+07,-874358,874358,1.28429e+07
0,0,0,6.03784e+07,0,3.14892e+07,-874358,874358,1.28429e+07
0,0,0,6.03784e+07,0,3.14983e+07,-874358,874358,1.28429e+07
0,0,0,6.03784e+07,0,3.15073e+07,-874358,874358,1.28429e+07
0,0,0,6.03784e+07,0,3.15163e+07,-874358,874358,1.28429e+07
0,0,0,6.03784e+07,0,3.15254e+07,-874358,874358,1.28429e+07
0,0,0,6.03784e+07,0,3.03148e+07,-874358,874358,1.28429e+07
0,0,0,6.03784e+07,0,3.03235e+07,-874358,874358,1.28429e+07
0,0,0,6.03784e+07,0,3.03322e+07,-874358,874358,1.28429e+07
0,0,0,6.03784e+07,0,3.03409e+07,-874358,874358,1.28429e+07
0,0,0,6.03784e+07,0,2.92741e+07,-874358,874358,1.28429e+07
0,0,0,6.03784e+07,0,2.92825e+07,-874358,874358,1.28429e+07
0,0,0,6.03784e+07,0,2.92909e+07,-874358,874358,1.28429e+07
0,0,0,6.03784e+07,0,2.92992e+07,-874358,874358,1.28429e+07
0,0,0,6.03784e+07,0,2.68143e+07,-874358,874358,1.28429e+07
0,0,0,6.03784e+07,0,2.68219e+07,-874358,874358,1.28429e+07
0,0,0,6.03784e+07,0,2.68296e+07,-874358,874358,1.28429e+07
0,0,0,6.03784e+07,0,2.68372e+07,-874358,874358,1.28429e+07
0,0,0,6.03784e+07,0,2.68448e+07,-874358,874358,1.28429e+07
0,0,0,6.03784e+07,9.22528e+06,2.76649e+07,-874358,874358,1.28429e+07
0,0,0,6.03784e+07,0,2.76724e+07,-874358,874358,1.28429e+07
0,0,0,6.03784e+07,0,2.768e+07,-874358,874358,1.28429e+07
0,0,0,6.03784e+07,0,2.76875e+07,-874358,874358,1.28429e+07
0,0,0,6.03784e+07,0,3.05522e+07,-874358,874358,1.28429e+07
0,0,0,6.03784e+07,0,3.05606e+07,-874358,874358,1.28429e+07
0,0,0,6.03784e+07,0,3.0569e+07,-874358,874358,1.28429e+07
0,0,0,6.03784e+07,0,3.05774e+07,-874358,874358,1.28429e+07
0,0,0,6.03784e+07,0,2.66488e+07,-874358,874358,1.28429e+07
0,0,0,6.03784e+07,0,2.6656e+07,-874358,874358,1.28429e+07
0,0,0,6.03784e+07,0,2.66633e+07,-874358,874358,1.28429e+07
0,0,0,6.03784e+07,0,2.66706e+07,-874358,874358,1.28429e+07
0,0,0,6.03784e+07,0,2.66778e+07,-874358,874358,1.28429e+07
0,0,0,6.03784e+07,0,2.76614e+07,-874358,874358,1.28429e+07
0,0,0,6.03784e+07,0,2.76689e+07,-874358,874358,1.28429e+07
0,0,0,6.03784e+07,0,2.76765e+07,-874358,874358,1.28429e+07
0,0,0,6.03784e+07,0,2.7684e+07,-874358,874358,1.28429e+07
0,0,0,6.03784e+07,0,2.73109e+07,-874358,874358,1.28429e+07
0,0,0,6.03784e+07,0,2.73183e+07,-874358,874358,1.28429e+07
0,0,0,6.03784e+07,0,2.73258e+07,-874358,874358,1.28429e+07
0,0,0,6.03784e+07,0,2.73332e+07,-874358,874358,1.28429e+07
0,0,0,6.03784e+07,0,2.86674e+07,-874358,874358,1.28429e+07
0,0,0,6.03784e+07,0,2.86752e+07,-874358,874358,1.28429e+07
0,0,0,6.03784e+07,0,2.8683e+07,-874358,874358,1.28429e+07
0,0,0,6.03784e+07,0,2.86909e+07,-874358,874358,1.28429e+07
0,0,0,6.03784e+07,0,2.86987e+07,-874358,874358,1.28429e+07
0,0,0,6.03784e+07,0,2.90194e+07,-874358,874358,1.28429e+07
0,0,0,6.03784e+07,0,2.90273e+07,-874358,874358,1.28429e+07
0,0,0,6.03784e+07,0,2.90352e+07,-874358,874358,1.28429e+07
0,0,0,6.03784e+07,0,2.90432e+07,-874358,874358,1.28429e+07
0,0,0,6.03784e+07,0,2.97143e+07,-874358,874358,1.28429e+07
0,0,0,6.03784e+07,0,2.97224e+07,-874358,874358,1.28429e+07
0,0,0,6.03784e+07,0,2.97306e+07,-874358,874358,1.28429e+07
0,0,0,6.03784e+07,0,2.97387e+07,-874358,874358,1.28429e+07
0,0,0,6.03784e+07,0,3.19487e+07,-874358,874358,1.28429e+07
0,0,0,6.03784e+07,0,3.19575e+07,-874358,874358,1.28429e+07
0,0,0,6.03784e+07,0,3.19662e+07,-874358,874358,1.28429e+07
0,0,0,6.03784e+07,0,3.1975e+07,-874358,874358,1.28429e+07
0,0,0,6.03784e+07,0,3.19838e+07,-874358,874358,1.28429e+07
0,0,0,6.03784e+07,0,3.07544e+07,-874358,874358,1.28429e+07
0,0,0,6.03784e+07,0,3.07628e+07,-874358,874358,1.28429e+07
0,0,0,6.03784e+07,0,3.07712e+07,-874358,874358,1.28429e+07
0,0,0,6.03784e+07,0,3.07797e+07,-874358,874358,1.28429e+07
0,0,0,6.03784e+07,0,2.96964e+07,-874358,874358,1.28429e+07
0,0,0,6.03784e+07,0,2.97045e+07,-874358,874358,1.28429e+07
0,0,0,6.03784e+07,0,2.97126e+07,-874358,874358,1.28429e+07
0,0,0,6.03784e+07,0,2.97207e+07,-874358,874358,1.28429e+07
0,0,0,6.03784e+07,0,2.71979e+07,-874358,874358,1.28429e+07
0,0,0,6.03784e+07,0,2.72053e+07,-874358,874358,1.28429e+07
0,0,0,6.03784e+07,0,2.72127e+07,-874358,874358,1.28429e+07
0,0,0,6.03784e+07,0,2.72201e+07,-874358,874358,1.28429e+07
0,0,0,6.03784e+07,0,2.72275e+07,-874358,874358,1.28429e+07
0,0,0,6.03784e+07,9.22528e+06,2.80595e+07,-874358,874358,1.28429e+07
0,0,0,6.03784e+07,0,2.80668e+07,-874358,874358,1.28429e+07
0,0,0,6.03784e+07,0,2.80741e+07,-874358,874358,1.28429e+07
0,0,0,6.03784e+07,0,2.80814e+07,-874358,874358,1.28429e+07
0,0,0,6.03784e+07,0,3.09885e+07,-874358,874358,1.28429e+07
0,0,0,6.03784e+07,0,3.09967e+07,-874358,874358,1.28429e+07
0,0,0,6.03784e+07,0,3.10048e+07,-874358,874358,1.28429e+07
0,0,0,6.03784e+07,0,3.10129e+07,-874358,874358,1.28429e+07
0,0,0,6.03784e+07,0,2.70254e+07,-874358,874358,1.28429e+07
0,0,0,6.03784e+07,0,2.70324e+07,-874358,874358,1.28429e+07
0,0,0,6.03784e+07,0,2.70394e+07,-874358,874358,1.28429e+07
0,0,0,6.03784e+07,0,2.70465e+07,-874358,874358,1.28429e+07
0,0,0,6.03784e+07,0,2.70535e+07,-874358,874358,1.28429e+07
0,0,0,6.03784e+07,0,2.80513e+07,-874358,874358,1.28429e+07
0,0,0,6.03784e+07,0,2.80586e+07,-874358,874358,1.28429e+07
0,0,0,6.03784e+07,0,2.80659e+07,-874358,874358,1.28429e+07
0,0,0,6.03784e+07,0,2.80732e+07,-874358,874358,1.28429e+07
0,0,0,6.03784e+07,0,2.76942e+07,-874358,874358,1.28429e+07
0,0,0,6.03784e+07,0,2.77014e+07,-874358,874358,1.28429e+07
0,0,0,6.03784e+07,0,2.77086e+07,-874358,874358,1.28429e+07
0,0,0,6.03784e+07,0,2.77158e+07,-874358,874358,1.28429e+07
0,0,0,6.03784e+07,0,2.90692e+07,-874358,874358,1.28429e+07
0,0,0,6.03784e+07,0,2.90768e+07,-874358,874358,1.28429e+07
0,0,0,6.03784e+07,0,2.90844e+07,-874358,874358,1.28429e+07
0,0,0,6.03784e+07,0,2.9092e+07,-874358,874358,1.28429e+07
0,0,0,6.03784e+07,0,2.90996e+07,-874358,874358,1.28429e+07
0,0,0,6.03784e+07,0,2.94246e+07,-874358,874358,1.28429e+07
0,0,0,6.03784e+07,0,2.94322e+07,-874358,874358,1.28429e+07
0,0,0,6.03784e+07,0,2.94399e+07,-874358,874358,1.28429e+07
0,0,0,6.03784e+07,0,2.94476e+07,-874358,874358,1.28429e+07
0,0,0,6.03784e+07,0,3.01281e+07,-874358,874358,1.28429e+07
0,0,0,6.03784e+07,0,3.0136e+07,-874358,874358,1.28429e+07
0,0,0,6.03784e+07,0,3.01439e+07,-874358,874358,1.28429e+07
0,0,0,6.03784e+07,0,3.01517e+07,-874358,874358,1.28429e+07
0,0,0,6.03784e+07,0,3.23935e+07,-874358,874358,1.28429e+07
0,0,0,6.03784e+07,0,3.2402e+07,-874358,874358,1.28429e+07
0,0,0,6.03784e+07,0,3.24105e+07,-874358,874358,1.28429e+07
0,0,0,6.03784e+07,0,3.24189e+07,-874358,874358,1.28429e+07
0,0,0,6.03784e+07,0,3.24274e+07,-874358,874358,1.28429e+07
0,0,0,6.03784e+07,0,3.11799e+07,-874358,874358,1.28429e+07
0,0,0,6.03784e+07,0,3.1188e+07,-874358,874358,1.28429e+07
0,0,0,6.03784e+07,0,3.11961e+07,-874358,874358,1.28429e+07
0,0,0,6.03784e+07,0,3.12043e+07,-874358,874358,1.28429e+07
0,0,0,6.03784e+07,0,3.0105e+07,-874358,874358,1.28429e+07
0,0,0,6.03784e+07,0,3.01128e+07,-874358,874358,1.28429e+07
0,0,0,6.03784e+07,0,3.01206e+07,-874358,874358,1.28429e+07
0,0,0,6.03784e+07,0,3.01285e+07,-874358,874358,1.28429e+07
0,0,0,6.03784e+07,0,2.75691e+07,-874358,874358,1.28429e+07
0,0,0,6.03784e+07,0,2.75762e+07,-874358,874358,1.28429e+07
0,0,0,6.03784e+07,0,2.75834e+07,-874358,874358,1.28429e+07
0,0,0,6.03784e+07,0,2.75905e+07,-874358,874358,1.28429e+07
0,0,0,6.03784e+07,0,2.75977e+07,-874358,874358,1.28429e+07
0,0,0,6.03784e+07,9.22528e+06,2.84412e+07,-874358,874358,1.28429e+07
0,0,0,6.03784e+07,0,2.84483e+07,-874358,874358,1.28429e+07
0,0,0,6.03784e+07,0,2.84554e+07,-874358,874358,1.28429e+07
0,0,0,6.03784e+07,0,2.84625e+07,-874358,874358,1.28429e+07
0,0,0,6.03784e+07,0,3.14107e+07,-874358,874358,1.28429e+07
0,0,0,6.03784e+07,0,3.14186e+07,-874358,874358,1.28429e+07
0,0,0,6.03784e+07,0,3.14264e+07,-874358,874358,1.28429e+07
0,0,0,6.03784e+07,0,3.14343e+07,-874358,874358,1.28429e+07
0,0,0,6.03784e+07,0,2.73898e+07,-874358,874358,1.28429e+07
0,0,0,6.03784e+07,0,2.73966e+07,-874358,874358,1.28429e+07
0,0,0,6.03784e+07,0,2.74034e+07,-874358,874358,1.28429e+07
0,0,0,6.03784e+07,0,2.74102e+07,-874358,874358,1.28429e+07
0,0,0,6.03784e+07,0,2.7417e+07,-874358,874358,1.28429e+07
0,0,0,6.03784e+07,0,2.84286e+07,-874358,874358,1.28429e+07
0,0,0,6.03784e+07,0,2.84357e+07,-874358,874358,1.28429e+07
0,0,0,6.03784e+07,0,2.84427e+07,-874358,874358,1.28429e+07
0,0,0,6.03784e+07,0,2.84498e+07,-874358,874358,1.28429e+07
0,0,0,6.03784e+07,0,2.80651e+07,-874358,874358,1.28429e+07
0,0,0,6.03784e+07,0,2.80721e+07,-874358,874358,1.28429e+07
0,0,0,6.03784e+07,0,2.80791e+07,-874358,874358,1.28429e+07
0,0,0,6.03784e+07,0,2.8086e+07,-874358,874358,1.28429e+07
0,0,0,6.03784e+07,0,2.94581e+07,-874358,874358,1.28429e+07
0,0,0,6.03784e+07,0,2.94655e+07,-874358,874358,1.28429e+07
0,0,0,6.03784e+07,0,2.94728e+07,-874358,874358,1.28429e+07
0,0,0,6.03784e+07,0,2.94801e+07,-874358,874358,1.28429e+07
0,0,0,6.03784e+07,0,2.94875e+07,-874358,874358,1.28429e+07
0,0,0,6.03784e+07,0,2.98167e+07,-874358,874358,1.28429e+07
0,0,0,6.03784e+07,0,2.98241e+07,-874358,874358,1.28429e+07
0,0,0,6.03784e+07,0,2.98315e+07,-874358,874358,1.28429e+07
0,0,0,6.03784e+07,0,2.9839e+07,-874358,874358,1.28429e+07
0,0,0,6.03784e+07,0,3.05286e+07,-874358,874358,1.28429e+07
0,0,0,6.03784e+07,0,3.05362e+07,-874358,874358,1.28429e+07
0,0,0,6.03784e+07,0,3.05439e+07,-874358,874358,1.28429e+07
0,0,0,6.03784e+07,0,3.05515e+07,-874358,874358,1.28429e+07
0,0,0,6.03784e+07,0,3.2824e+07,-874358,874358,1.28429e+07
0,0,0,6.03784e+07,0,3.28322e+07,-874358,874358,1.28429e+07
0,0,0,6.03784e+07,0,3.28404e+07,-874358,874358,1.28429e+07
0,0,0,6.03784e+07,0,3.28486e+07,-874358,874358,1.28429e+07
0,0,0,6.03784e+07,0,3.28568e+07,-874358,874358,1.28429e+07
0,0,0,6.03784e+07,0,3.15916e+07,-874358,874358,1.28429e+07
0,0,0,6.03784e+07,0,3.15995e+07,-874358,874358,1.28429e+07
0,0,0,6.03784e+07,0,3.16074e+07,-874358,874358,1.28429e+07
0,0,0,6.03784e+07,0,3.16153e+07,-874358,874358,1.28429e+07
0,0,0,6.03784e+07,0,3.05005e+07,-874358,874358,1.28429e+07
0,0,0,6.03784e+07,0,3.05081e+07,-874358,874358,1.28429e+07
0,0,0,6.03784e+07,0,3.05156e+07,-874358,874358,1.28429e+07
0,0,0,6.03784e+07,0,3.05232e+07,-874358,874358,1.28429e+07
0,0,0,6.03784e+07,0,2.79284e+07,-874358,874358,1.28429e+07
0,0,0,6.03784e+07,0,2.79353e+07,-874358,874358,1.28429e+07
0,0,0,6.03784e+07,0,2.79422e+07,-874358,874358,1.28429e+07
0,0,0,6.03784e+07,0,2.79491e+07,-874358,874358,1.28429e+07
0,0,0,6.03784e+07,0,2.79561e+07,-874358,874358,1.28429e+07
0,0,0,6.03784e+07,0,2.88108e+07,-874358,874358,1.28429e+07
0,0,0,6.03784e+07,9.22528e+06,2.88177e+07,-874358,874358,1.28429e+07
0,0,0,6.03784e+07,0,2.88246e+07,-874358,874358,1.28429e+07
0,0,0,6.03784e+07,0,2.88314e+07,-874358,874358,1.28429e+07
0,0,0,6.03784e+07,0,3.18194e+07,-874358,874358,1.28429e+07
0,0,0,6.03784e+07,0,3.1827e+07,-874358,874358,1.28429e+07
0,0,0,6.03784e+07,0,3.18346e+07,-874358,874358,1.28429e+07
0,0,0,6.03784e+07,0,3.18422e+07,-874358,874358,1.28429e+07
0,0,0,6.03784e+07,0,2.77426e+07,-874358,874358,1.28429e+07
0,0,0,6.03784e+07,0,2.77492e+07,-874358,874358,1.28429e+07
0,0,0,6.03784e+07,0,2.77558e+07,-874358,874358,1.28429e+07
0,0,0,6.03784e+07,0,2.77623e+07,-874358,874358,1.28429e+07
0,0,0,6.03784e+07,0,2.77689e+07,-874358,874358,1.28429e+07
0,0,0,6.03784e+07,0,2.87939e+07,-874358,874358,1.28429e+07
0,0,0,6.03784e+07,0,2.88007e+07,-874358,874358,1.28429e+07
0,0,0,6.03784e+07,0,2.88076e+07,-874358,874358,1.28429e+07
0,0,0,6.03784e+07,0,2.88144e+07,-874358,874358,1.28429e+07
0,0,0,6.03784e+07,0,2.84242e+07,-874358,874358,1.28429e+07
0,0,0,6.03784e+07,0,2.8431e+07,-874358,874358,1.28429e+07
0,0,0,6.03784e+07,0,2.84377e+07,-874358,874358,1.28429e+07
0,0,0,6.03784e+07,0,2.84445e+07,-874358,874358,1.28429e+07
0,0,0,6.03784e+07,0,2.98347e+07,-874358,874358,1.28429e+07
0,0,0,6.03784e+07,0,2.98418e+07,-874358,874358,1.28429e+07
0,0,0,6.03784e+07,0,2.98489e+07,-874358,874358,1.28429e+07
0,0,0,6.03784e+07,0,2.9856e+07,-874358,874358,1.28429e+07
0,0,0,6.03784e+07,0,2.98631e+07,-874358,874358,1.28429e+07
0,0,0,6.03784e+07,0,3.01963e+07,-874358,874358,1.28429e+07
0,0,0,6.03784e+07,0,3.02035e+07,-874358,874358,1.28429e+07
0,0,0,6.03784e+07,0,3.02107e+07,-874358,874358,1.28429e+07
0,0,0,6.03784e+07,0,3.02179e+07,-874358,874358,1.28429e+07
0,0,0,6.03784e+07,0,3.09164e+07,-874358,874358,1.28429e+07
0,0,0,6.03784e+07,0,3.09238e+07,-874358,874358,1.28429e+07
0,0,0,6.03784e+07,0,3.09312e+07,-874358,874358,1.28429e+07
0,0,0,6.03784e+07,0,3.09385e+07,-874358,874358,1.28429e+07
0,0,0,6.03784e+07,0,3.32408e+07,-874358,874358,1.28429e+07
0,0,0,6.03784e+07,0,3.32488e+07,-874358,874358,1.28429e+07
0,0,0,6.03784e+07,0,3.32567e+07,-874358,874358,1.28429e+07
0,0,0,6.03784e+07,0,3.32646e+07,-874358,874358,1.28429e+07
0,0,0,6.03784e+07,0,3.32726e+07,-874358,874358,1.28429e+07
0,0,0,6.03784e+07,0,3.19904e+07,-874358,874358,1.28429e+07
0,0,0,6.03784e+07,0,3.1998e+07,-874358,874358,1.28429e+07
0,0,0,6.03784e+07,0,3.20056e+07,-874358,874358,1.28429e+07
0,0,0,6.03784e+07,0,3.20132e+07,-874358,874358,1.28429e+07
0,0,0,6.03784e+07,0,3.08834e+07,-874358,874358,1.28429e+07
0,0,0,6.03784e+07,0,3.08908e+07,-874358,874358,1.28429e+07
0,0,0,6.03784e+07,0,3.08981e+07,-874358,874358,1.28429e+07
0,0,0,6.03784e+07,0,3.09055e+07,-874358,874358,1.28429e+07
0,0,0,6.03784e+07,0,2.82763e+07,-874358,874358,1.28429e+07
0,0,0,6.03784e+07,0,2.8283e+07,-874358,874358,1.28429e+07
0,0,0,6.03784e+07,0,2.82897e+07,-874358,874358,1.28429e+07
0,0,0,6.03784e+07,0,2.82964e+07,-874358,874358,1.28429e+07
0,0,0,6.03784e+07,0,2.83031e+07,-874358,874358,1.28429e+07
0,0,0,6.03784e+07,0,2.83031e+07,-874358,874358,1.28429e+07
0,0,0,6.03784e+07,9.22528e+06,2.91687e+07,-874358,874358,1.28429e+07
0,0,0,6.03784e+07,0,2.91753e+07,-874358,874358,1.28429e+07
0,0,0,6.03784e+07,0,2.9182e+07,-874358,874358,1.28429e+07
0,0,0,6.03784e+07,0,2.91886e+07,-874358,874358,1.28429e+07
0,0,0,6.03784e+07,0,3.22151e+07,-874358,874358,1.28429e+07
0,0,0,6.03784e+07,0,3.22225e+07,-874358,874358,1.28429e+07
0,0,0,6.03784e+07,0,3.22298e+07,-874358,874358,1.28429e+07
0,0,0,6.03784e+07,0,3.22372e+07,-874358,874358,1.28429e+07
0,0,0,6.03784e+07,0,2.80841e+07,-874358,874358,1.28429e+07
0,0,0,6.03784e+07,0,2.80905e+07,-874358,874358,1.28429e+07
0,0,0,6.03784e+07,0,2.80968e+07,-874358,874358,1.28429e+07
0,0,0,6.03784e+07,0,2.81032e+07,-874358,874358,1.28429e+07
0,0,0,6.03784e+07,0,2.81096e+07,-874358,874358,1.28429e+07
0,0,0,6.03784e+07,0,2.91474e+07,-874358,874358,1.28429e+07
0,0,0,6.03784e+07,0,2.9154e+07,-874358,874358,1.28429e+07
0,0,0,6.03784e+07,0,2.91607e+07,-874358,874358,1.28429e+07
0,0,0,6.03784e+07,0,2.91673e+07,-874358,874358,1.28429e+07
0,0,0,6.03784e+07,0,2.87717e+07,-874358,874358,1.28429e+07
0,0,0,6.03784e+07,0,2.87783e+07,-874358,874358,1.28429e+07
0,0,0,6.03784e+07,0,2.87848e+07,-874358,874358,1.28429e+07
0,0,0,6.03784e+07,0,2.87913e+07,-874358,874358,1.28429e+07
0,0,0,6.03784e+07,0,3.0199e+07,-874358,874358,1.28429e+07
0,0,0,6.03784e+07,0,3.02059e+07,-874358,874358,1.28429e+07
0,0,0,6.03784e+07,0,3.02127e+07,-874358,874358,1.28429e+07
0,0,0,6.03784e+07,0,3.02196e+07,-874358,874358,1.28429e+07
0,0,0,6.03784e+07,0,3.02265e+07,-874358,874358,1.28429e+07
0,0,0,6.03784e+07,0,3.05636e+07,-874358,874358,1.28429e+07
0,0,0,6.03784e+07,0,3.05706e+07,-874358,874358,1.28429e+07
0,0,0,6.03784e+07,0,3.05775e+07,-874358,874358,1.28429e+07
0,0,0,6.03784e+07,0,3.05845e+07,-874358,874358,1.28429e+07
0,0,0,6.03784e+07,0,3.12915e+07,-874358,874358,1.28429e+07
0,0,0,6.03784e+07,0,3.12987e+07,-874358,874358,1.28429e+07
0,0,0,6.03784e+07,0,3.13058e+07,-874358,874358,1.28429e+07
0,0,0,6.03784e+07,0,3.13129e+07,-874358,874358,1.28429e+07
0,0,0,6.03784e+07,0,3.3644e+07,-874358,874358,1.28429e+07
0,0,0,6.03784e+07,0,3.36517e+07,-874358,874358,1.28429e+07
0,0,0,6.03784e+07,0,3.36593e+07,-874358,874358,1.28429e+07
0,0,0,6.03784e+07,0,3.3667e+07,-874358,874358,1.28429e+07
0,0,0,6.03784e+07,0,3.36747e+07,-874358,874358,1.28429e+07
0,0,0,6.03784e+07,0,3.2376e+07,-874358,874358,1.28429e+07
0,0,0,6.03784e+07,0,3.23833e+07,-874358,874358,1.28429e+07
0,0,0,6.03784e+07,0,3.23907e+07,-874358,874358,1.28429e+07
0,0,0,6.03784e+07,0,3.23981e+07,-874358,874358,1.28429e+07
0,0,0,6.03784e+07,0,3.12537e+07,-874358,874358,1.28429e+07
0,0,0,6.03784e+07,0,3.12608e+07,-874358,874358,1.28429e+07
0,0,0,6.03784e+07,0,3.12679e+07,-874358,874358,1.28429e+07
0,0,0,6.03784e+07,0,3.12751e+07,-874358,874358,1.28429e+07
0,0,0,6.03784e+07,0,2.86127e+07,-874358,874358,1.28429e+07
0,0,0,6.03784e+07,0,2.86192e+07,-874358,874358,1.28429e+07
0,0,0,6.03784e+07,0,2.86256e+07,-874358,874358,1.28429e+07
0,0,0,6.03784e+07,0,2.86321e+07,-874358,874358,1.28429e+07
0,0,0,6.03784e+07,0,2.86386e+07,-874358,874358,1.28429e+07
0,0,0,6.03784e+07,9.22528e+06,2.95147e+07,-874358,874358,1.28429e+07
0,0,0,6.03784e+07,0.000745969,2.95211e+07,-874358,874358,1.28429e+07
0,0,0,6.03784e+07,0,2.95275e+07,-874358,874358,1.28429e+07
0,0,0,6.03784e+07,0,2.95339e+07,-874358,874358,1.28429e+07
0,0,0,6.03784e+07,0,3.25976e+07,-874358,874358,1.28429e+07
0,0,0,6.03784e+07,0,3.26047e+07,-874358,874358,1.28429e+07
0,0,0,6.03784e+07,0,3.26118e+07,-874358,874358,1.28429e+07
0,0,0,6.03784e+07,0,3.26189e+07,-874358,874358,1.28429e+07
0,0,0,6.03784e+07,0,2.84141e+07,-874358,874358,1.28429e+07
0,0,0,6.03784e+07,0,2.84203e+07,-874358,874358,1.28429e+07
0,0,0,6.03784e+07,0,2.84264e+07,-874358,874358,1.28429e+07
0,0,0,6.03784e+07,0,2.84326e+07,-874358,874358,1.28429e+07
0,0,0,6.03784e+07,0,2.84387e+07,-874358,874358,1.28429e+07
0,0,0,6.03784e+07,0,2.9489e+07,-874358,874358,1.28429e+07
0,0,0,6.03784e+07,0,2.94954e+07,-874358,874358,1.28429e+07
0,0,0,6.03784e+07,0,2.95018e+07,-874358,874358,1.28429e+07
0,0,0,6.03784e+07,0,2.95082e+07,-874358,874358,1.28429e+07
0,0,0,6.03784e+07,0,2.91075e+07,-874358,874358,1.28429e+07
0,0,0,6.03784e+07,0,2.91138e+07,-874358,874358,1.28429e+07
0,0,0,6.03784e+07,0,2.91201e+07,-874358,874358,1.28429e+07
0,0,0,6.03784e+07,0,2.91264e+07,-874358,874358,1.28429e+07
0,0,0,6.03784e+07,0,3.0551e+07,-874358,874358,1.28429e+07
0,0,0,6.03784e+07,0,3.05576e+07,-874358,874358,1.28429e+07
0,0,0,6.03784e+07,0,3.05642e+07,-874358,874358,1.28429e+07
0,0,0,6.03784e+07,0,3.05708e+07,-874358,874358,1.28429e+07
0,0,0,6.03784e+07,0,3.05775e+07,-874358,874358,1.28429e+07
0,0,0,6.03784e+07,0,3.09184e+07,-874358,874358,1.28429e+07
0,0,0,6.03784e+07,0,3.09251e+07,-874358,874358,1.28429e+07
0,0,0,6.03784e+07,0,3.09318e+07,-874358,874358,1.28429e+07
0,0,0,6.03784e+07,0,3.09385e+07,-874358,874358,1.28429e+07
0,0,0,6.03784e+07,0,3.16538e+07,-874358,874358,1.28429e+07
0,0,0,6.03784e+07,0,3.16607e+07,-874358,874358,1.28429e+07
0,0,0,6.03784e+07,0,3.16676e+07,-874358,874358,1.28429e+07
0,0,0,6.03784e+07,0,3.16744e+07,-874358,874358,1.28429e+07
0,0,0,6.03784e+07,0,3.40333e+07,-874358,874358,1.28429e+07
0,0,0,6.03784e+07,0,3.40407e+07,-874358,874358,1.28429e+07
0,0,0,6.03784e+07,0,3.40481e+07,-874358,874358,1.28429e+07
0,0,0,6.03784e+07,0,3.40555e+07,-874358,874358,1.28429e+07
0,0,0,6.03784e+07,0,3.40629e+07,-874358,874358,1.28429e+07
0,0,0,6.03784e+07,0,3.27482e+07,-874358,874358,1.28429e+07
0,0,0,6.03784e+07,0,3.27554e+07,-874358,874358,1.28429e+07
0,0,0,6.03784e+07,0,3.27625e+07,-874358,874358,1.28429e+07
0,0,0,6.03784e+07,0,3.27696e+07,-874358,874358,1.28429e+07
0,0,0,6.03784e+07,0,3.16112e+07,-874358,874358,1.28429e+07
0,0,0,6.03784e+07,0,3.16181e+07,-874358,874358,1.28429e+07
0,0,0,6.03784e+07,0,3.16249e+07,-874358,874358,1.28429e+07
0,0,0,6.03784e+07,0,3.16318e+07,-874358,874358,1.28429e+07
0,0,0,6.03784e+07,0,2.89374e+07,-874358,874358,1.28429e+07
0,0,0,6.03784e+07,0,2.89436e+07,-874358,874358,1.28429e+07
0,0,0,6.03784e+07,0,2.89499e+07,-874358,874358,1.28429e+07
0,0,0,6.03784e+07,0,2.89561e+07,-874358,874358,1.28429e+07
0,0,0,6.03784e+07,0,2.89624e+07,-874358,874358,1.28429e+07
0,0,0,1.20757e+08,9.22528e+06,2.98485e+07,-874358,874358,1.28429e+07
0,0,0,1.20757e+08,0,2.98547e+07,-874358,874358,1.28429e+07
0,0,0,1.20757e+08,0,2.98609e+07,-874358,874358,1.28429e+07
0,0,0,1.20757e+08,0,2.9867e+07,-874358,874358,1.28429e+07
0,0,0,1.20757e+08,0,3.29666e+07,-874358,874358,1.28429e+07
0,0,0,1.20757e+08,0,3.29734e+07,-874358,874358,1.28429e+07
0,0,0,1.20757e+08,0,3.29803e+07,-874358,874358,1.28429e+07
0,0,0,1.20757e+08,0,3.29871e+07,-874358,874358,1.28429e+07
0,0,0,1.20757e+08,0,2.87326e+07,-874358,874358,1.28429e+07
0,0,0,1.20757e+08,0,2.87385e+07,-874358,874358,1.28429e+07
0,0,0,1.20757e+08,0,2.87444e+07,-874358,874358,1.28429e+07
0,0,0,1.20757e+08,0,2.87503e+07,-874358,874358,1.28429e+07
0,0,0,1.20757e+08,0,2.87563e+07,-874358,874358,1.28429e+07
0,0,0,1.20757e+08,0,2.98186e+07,-874358,874358,1.28429e+07
0,0,0,1.20757e+08,0,2.98247e+07,-874358,874358,1.28429e+07
0,0,0,1.20757e+08,0,2.98309e+07,-874358,874358,1.28429e+07
0,0,0,1.20757e+08,0,2.9837e+07,-874358,874358,1.28429e+07
0,0,0,1.20757e+08,0,2.94314e+07,-874358,874358,1.28429e+07
0,0,0,1.20757e+08,0,2.94374e+07,-874358,874358,1.28429e+07
0,0,0,1.20757e+08,0,2.94435e+07,-874358,874358,1.28429e+07
0,0,0,1.20757e+08,0,2.94496e+07,-874358,874358,1.28429e+07
0,0,0,1.20757e+08,0,3.08903e+07,-874358,874358,1.28429e+07
0,0,0,1.20757e+08,0,3.08967e+07,-874358,874358,1.28429e+07
0,0,0,1.20757e+08,0,3.09031e+07,-874358,874358,1.28429e+07
0,0,0,1.20757e+08,0,3.09095e+07,-874358,874358,1.28429e+07
0,0,0,1.20757e+08,0,3.09159e+07,-874358,874358,1.28429e+07
0,0,0,1.20757e+08,0,3.12605e+07,-874358,874358,1.28429e+07
0,0,0,1.20757e+08,0,3.12669e+07,-874358,874358,1.28429e+07
0,0,0,1.20757e+08,0,3.12734e+07,-874358,874358,1.28429e+07
0,0,0,1.20757e+08,0,3.12798e+07,-874358,874358,1.28429e+07
0,0,0,1.20757e+08,0,3.2003e+07,-874358,874358,1.28429e+07
0,0,0,1.20757e+08,0,3.20097e+07,-874358,874358,1.28429e+07
0,0,0,1.20757e+08,0,3.20163e+07,-874358,874358,1.28429e+07
0,0,0,1.20757e+08,0,3.20229e+07,-874358,874358,1.28429e+07
0,0,0,1.20757e+08,0,3.44085e+07,-874358,874358,1.28429e+07
0,0,0,1.20757e+08,0,3.43541e+07,-834818,834818,1.28429e+07
0,0,0,1.20757e+08,0,3.43592e+07,-833479,833479,1.28429e+07
0,0,0,1.20757e+08,0,3.43642e+07,-832140,832140,1.28429e+07
0,0,0,1.20757e+08,0,3.43693e+07,-830800,830800,1.28429e+07
0,0,0,1.20757e+08,0,3.30371e+07,-829460,829460,1.28429e+07
0,0,0,1.20757e+08,0,3.31138e+07,-874358,874358,1.28429e+07
0,0,0,1.20757e+08,0,3.31207e+07,-874358,874358,1.28429e+07
0,0,0,1.20757e+08,0,3.31275e+07,-874358,874358,1.28429e+07
0,0,0,1.20757e+08,0,3.19556e+07,-874358,874358,1.28429e+07
0,0,0,1.20757e+08,0,3.19622e+07,-874358,874358,1.28429e+07
0,0,0,1.20757e+08,0,3.19688e+07,-874358,874358,1.28429e+07
0,0,0,1.20757e+08,0,3.19754e+07,-874358,874358,1.28429e+07
0,0,0,1.20757e+08,0,2.86613e+07,-1.4632e+06,1.4632e+06,1.28429e+07
0,0,0,1.20757e+08,0,2.63113e+07,-3.81919e+06,3.81919e+06,1.4524e+07
0,0,0,1.20757e+08,0,2.63167e+07,-3.81982e+06,3.81982e+06,1.4524e+07
0,0,0,1.20757e+08,0,2.63221e+07,-3.82046e+06,3.82046e+06,1.4524e+07
0,0,0,1.20757e+08,0,2.63274e+07,-3.82109e+06,3.82109e+06,1.4524e+07
0,0,0,1.20757e+08,9.22528e+06,2.71287e+07,-3.91566e+06,3.91566e+06,1.4524e+07
0,0,0,1.20757e+08,0,2.7134e+07,-3.91629e+06,3.91629e+06,1.4524e+07
0,0,0,1.20757e+08,0,2.71393e+07,-3.91691e+06,3.91691e+06,1.4524e+07
0,0,0,1.20757e+08,0,2.71446e+07,-3.91754e+06,3.91754e+06,1.4524e+07
0,0,0,1.20757e+08,0,2.99479e+07,-4.24839e+06,4.24839e+06,1.4524e+07
0,0,0,1.20757e+08,0,2.99537e+07,-4.24909e+06,4.24909e+06,1.4524e+07
0,0,0,1.20757e+08,0,2.99596e+07,-4.24978e+06,4.24978e+06,1.4524e+07
0,0,0,1.20757e+08,0,2.99655e+07,-4.25047e+06,4.25047e+06,1.4524e+07
0,0,0,1.20757e+08,0,2.61171e+07,-3.79627e+06,3.79627e+06,1.4524e+07
0,0,0,1.20757e+08,0,2.61222e+07,-3.79687e+06,3.79687e+06,1.4524e+07
0,0,0,1.20757e+08,0,2.61273e+07,-3.79747e+06,3.79747e+06,1.4524e+07
0,0,0,1.20757e+08,0,2.84714e+07,-1.4591e+06,1.4591e+06,1.28429e+07
0,0,0,1.20757e+08,0,2.90618e+07,-874358,874358,1.28429e+07
0,0,0,1.20757e+08,0,3.01356e+07,-874358,874358,1.28429e+07
0,0,0,1.20757e+08,0,3.01415e+07,-874358,874358,1.28429e+07
0,0,0,1.20757e+08,0,3.01475e+07,-874358,874358,1.28429e+07
0,0,0,1.20757e+08,0,3.01534e+07,-874358,874358,1.28429e+07
0,0,0,1.20757e+08,0,2.97429e+07,-874358,874358,1.28429e+07
0,0,0,1.20757e+08,0,2.97487e+07,-874358,874358,1.28429e+07
0,0,0,1.20757e+08,0,2.97545e+07,-874358,874358,1.28429e+07
0,0,0,1.20757e+08,0,2.97604e+07,-874358,874358,1.28429e+07
0,0,0,1.20757e+08,0,3.12168e+07,-874358,874358,1.28429e+07
0,0,0,1.20757e+08,0,3.12229e+07,-874358,874358,1.28429e+07
0,0,0,1.20757e+08,0,3.1229e+07,-874358,874358,1.28429e+07
0,0,0,1.20757e+08,0,3.12351e+07,-874358,874358,1.28429e+07
0,0,0,1.20757e+08,0,3.12413e+07,-874358,874358,1.28429e+07
0,0,0,1.20757e+08,0,3.15893e+07,-874358,874358,1.28429e+07
0,0,0,1.20757e+08,0,3.15955e+07,-874358,874358,1.28429e+07
0,0,0,1.20757e+08,0,3.16017e+07,-874358,874358,1.28429e+07
0,0,0,1.20757e+08,0,3.16079e+07,-874358,874358,1.28429e+07
0,0,0,1.20757e+08,0,3.23387e+07,-874358,874358,1.28429e+07
0,0,0,1.20757e+08,0,3.23451e+07,-874358,874358,1.28429e+07
0,0,0,1.20757e+08,0,3.23514e+07,-874358,874358,1.28429e+07
0,0,0,1.20757e+08,0,3.23578e+07,-874358,874358,1.28429e+07
0,0,0,1.20757e+08,0,3.47691e+07,-874358,874358,1.28429e+07
0,0,0,1.20757e+08,0,3.46091e+07,-767145,767145,1.28429e+07
0,0,0,1.20757e+08,0,3.46139e+07,-765859,765859,1.28429e+07
0,0,0,1.20757e+08,0,3.46188e+07,-764573,764573,1.28429e+07
0,0,0,1.20757e+08,0,3.46236e+07,-763288,763288,1.28429e+07
0,0,0,1.20757e+08,0,3.32768e+07,-762002,762002,1.28429e+07
0,0,0,1.20757e+08,0,3.34582e+07,-874358,874358,1.28429e+07
0,0,0,1.20757e+08,0,3.34647e+07,-874358,874358,1.28429e+07
0,0,0,1.20757e+08,0,3.34713e+07,-874358,874358,1.28429e+07
0,0,0,1.20757e+08,0,3.22864e+07,-874358,874358,1.28429e+07
0,0,0,1.20757e+08,0,3.22927e+07,-874358,874358,1.28429e+07
0,0,0,1.20757e+08,0,3.22991e+07,-874358,874358,1.28429e+07
0,0,0,1.20757e+08,0,3.23054e+07,-874358,874358,1.28429e+07
0,0,0,1.20757e+08,0,2.95504e+07,-874358,874358,1.28429e+07
0,0,0,1.20757e+08,0,2.95562e+07,-874358,874358,1.28429e+07
0,0,0,1.20757e+08,0,2.95619e+07,-874358,874358,1.28429e+07
0,0,0,1.20757e+08,0,2.95677e+07,-874358,874358,1.28429e+07
0,0,0,1.20757e+08,0,2.95735e+07,-874358,874358,1.28429e+07
0,0,0,3.87683e+08,9.22528e+06,3.04786e+07,-874358,874358,1.28429e+07
0,0,0,3.87683e+08,0,3.04843e+07,-874358,874358,1.28429e+07
0,0,0,3.87683e+08,0,3.049e+07,-874358,874358,1.28429e+07
0,0,0,3.87683e+08,0,3.04956e+07,-874358,874358,1.28429e+07
0,0,0,3.87683e+08,0,3.36629e+07,-874358,874358,1.28429e+07
0,0,0,3.87683e+08,0,3.36691e+07,-874358,874358,1.28429e+07
0,0,0,3.87683e+08,0,3.36754e+07,-874358,874358,1.28429e+07
0,0,0,3.87683e+08,0,3.36817e+07,-874358,874358,1.28429e+07
0,0,0,3.87683e+08,0,2.93331e+07,-874358,874358,1.28429e+07
0,0,0,3.87683e+08,0,2.93385e+07,-874358,874358,1.28429e+07
0,0,0,3.87683e+08,0,2.9344e+07,-874358,874358,1.28429e+07
0,0,0,3.87683e+08,0,2.93494e+07,-874358,874358,1.28429e+07
0,0,0,3.87683e+08,0,2.93549e+07,-874358,874358,1.28429e+07
0,0,0,3.87683e+08,0,3.04397e+07,-874358,874358,1.28429e+07
0,0,0,3.87683e+08,0,3.04454e+07,-874358,874358,1.28429e+07
0,0,0,3.87683e+08,0,3.0451e+07,-874358,874358,1.28429e+07
0,0,0,3.87683e+08,0,3.04567e+07,-874358,874358,1.28429e+07
0,0,0,3.87683e+08,0,3.00416e+07,-874358,874358,1.28429e+07
0,0,0,3.87683e+08,0,3.00471e+07,-874358,874358,1.28429e+07
0,0,0,3.87683e+08,0,3.00527e+07,-874358,874358,1.28429e+07
0,0,0,3.87683e+08,0,3.00583e+07,-874358,874358,1.28429e+07
0,0,0,3.87683e+08,0,3.15296e+07,-874358,874358,1.28429e+07
0,0,0,3.87683e+08,0,3.15355e+07,-874358,874358,1.28429e+07
0,0,0,3.87683e+08,0,3.15413e+07,-874358,874358,1.28429e+07
0,0,0,3.87683e+08,0,3.15472e+07,-874358,874358,1.28429e+07
0,0,0,3.87683e+08,0,3.15531e+07,-874358,874358,1.28429e+07
0,0,0,3.87683e+08,0,3.19044e+07,-874358,874358,1.28429e+07
0,0,0,3.87683e+08,0,3.19103e+07,-874358,874358,1.28429e+07
0,0,0,3.87683e+08,0,3.19163e+07,-874358,874358,1.28429e+07
0,0,0,3.87683e+08,0,3.19222e+07,-874358,874358,1.28429e+07
0,0,0,3.87683e+08,0,3.26603e+07,-874358,874358,1.28429e+07
0,0,0,3.87683e+08,0,3.26663e+07,-874358,874358,1.28429e+07
0,0,0,3.87683e+08,0,3.26724e+07,-874358,874358,1.28429e+07
0,0,0,3.87683e+08,0,3.26785e+07,-874358,874358,1.28429e+07
0,0,0,3.87683e+08,0,3.51144e+07,-874358,874358,1.28429e+07
0,0,0,3.87683e+08,0,3.48533e+07,-702336,702336,1.28429e+07
0,0,0,3.87683e+08,0,3.48579e+07,-701106,701106,1.28429e+07
0,0,0,3.87683e+08,0,3.48625e+07,-699876,699876,1.28429e+07
0,0,0,3.87683e+08,0,3.48672e+07,-698646,698646,1.28429e+07
0,0,0,3.87683e+08,0,3.35062e+07,-697416,697416,1.28429e+07
0,0,0,3.87683e+08,0,3.37878e+07,-874358,874358,1.28429e+07
0,0,0,3.87683e+08,0,3.37941e+07,-874358,874358,1.28429e+07
0,0,0,3.87683e+08,0,3.38004e+07,-874358,874358,1.28429e+07
0,0,0,3.87683e+08,0,3.2603e+07,-874358,874358,1.28429e+07
0,0,0,3.87683e+08,0,3.2609e+07,-874358,874358,1.28429e+07
0,0,0,3.87683e+08,0,3.26151e+07,-874358,874358,1.28429e+07
0,0,0,3.87683e+08,0,3.26211e+07,-874358,874358,1.28429e+07
0,0,0,3.87683e+08,0,2.98377e+07,-874358,874358,1.28429e+07
0,0,0,3.87683e+08,0,2.98432e+07,-874358,874358,1.28429e+07
0,0,0,3.87683e+08,0,2.98488e+07,-874358,874358,1.28429e+07
0,0,0,3.87683e+08,0,2.98543e+07,-874358,874358,1.28429e+07
0,0,0,3.87683e+08,0,2.98598e+07,-874358,874358,1.28429e+07
0,0,0,3.87683e+08,0,3.07738e+07,-874358,874358,1.28429e+07
0,0,0,3.87683e+08,9.22528e+06,3.07792e+07,-874358,874358,1.28429e+07
0,0,0,3.87683e+08,0,3.07846e+07,-874358,874358,1.28429e+07
0,0,0,3.87683e+08,0,3.079e+07,-874358,874358,1.28429e+07
0,0,0,3.87683e+08,0,3.39889e+07,-874358,874358,1.28429e+07
0,0,0,3.87683e+08,0,3.39949e+07,-874358,874358,1.28429e+07
0,0,0,3.87683e+08,0,3.40009e+07,-874358,874358,1.28429e+07
0,0,0,3.87683e+08,0,3.40069e+07,-874358,874358,1.28429e+07
0,0,0,3.87683e+08,0,2.96142e+07,-874358,874358,1.28429e+07
0,0,0,3.87683e+08,0,2.96194e+07,-874358,874358,1.28429e+07
0,0,0,3.87683e+08,0,2.96246e+07,-874358,874358,1.28429e+07
0,0,0,3.87683e+08,0,2.96298e+07,-874358,874358,1.28429e+07
0,0,0,3.87683e+08,0,2.9635e+07,-874358,874358,1.28429e+07
0,0,0,3.87683e+08,0,3.07304e+07,-874358,874358,1.28429e+07
0,0,0,3.87683e+08,0,3.07358e+07,-874358,874358,1.28429e+07
0,0,0,3.87683e+08,0,3.07412e+07,-874358,874358,1.28429e+07
0,0,0,3.87683e+08,0,2.76444e+07,-3.97653e+06,3.97653e+06,1.4524e+07
0,0,0,3.87683e+08,0,2.72691e+07,-3.93223e+06,3.93223e+06,1.4524e+07
0,0,0,3.87683e+08,0,2.72739e+07,-3.9328e+06,3.9328e+06,1.4524e+07
0,0,0,3.87683e+08,0,2.72786e+07,-3.93336e+06,3.93336e+06,1.4524e+07
0,0,0,3.87683e+08,0,3.0343e+07,-874358,874358,1.28429e+07
0,0,0,3.87683e+08,0,3.18286e+07,-874358,874358,1.28429e+07
0,0,0,3.87683e+08,0,3.18342e+07,-874358,874358,1.28429e+07
0,0,0,3.87683e+08,0,3.18398e+07,-874358,874358,1.28429e+07
0,0,0,3.87683e+08,0,3.18453e+07,-874358,874358,1.28429e+07
0,0,0,3.87683e+08,0,3.18509e+07,-874358,874358,1.28429e+07
0,0,0,3.87683e+08,0,3.22054e+07,-874358,874358,1.28429e+07
0,0,0,3.87683e+08,0,3.22111e+07,-874358,874358,1.28429e+07
0,0,0,3.87683e+08,0,3.22167e+07,-874358,874358,1.28429e+07
0,0,0,3.87683e+08,0,3.22224e+07,-874358,874358,1.28429e+07
0,0,0,3.87683e+08,0,3.29673e+07,-874358,874358,1.28429e+07
0,0,0,3.87683e+08,0,3.29731e+07,-874358,874358,1.28429e+07
0,0,0,3.87683e+08,0,3.29789e+07,-874358,874358,1.28429e+07
0,0,0,3.87683e+08,0,3.29847e+07,-874358,874358,1.28429e+07
0,0,0,3.87683e+08,0,3.5444e+07,-874358,874358,1.28429e+07
0,0,0,3.87683e+08,0,3.50864e+07,-640454,640454,1.28429e+07
0,0,0,3.87683e+08,0,3.50908e+07,-639281,639281,1.28429e+07
0,0,0,3.87683e+08,0,3.50952e+07,-638109,638109,1.28429e+07
0,0,0,3.87683e+08,0,3.50997e+07,-636935,636935,1.28429e+07
0,0,0,3.87683e+08,0,3.37252e+07,-635762,635762,1.28429e+07
0,0,0,3.87683e+08,0,3.41024e+07,-874358,874358,1.28429e+07
0,0,0,3.87683e+08,0,3.41084e+07,-874358,874358,1.28429e+07
0,0,0,3.87683e+08,0,3.41144e+07,-874358,874358,1.28429e+07
0,0,0,3.87683e+08,0,3.29051e+07,-874358,874358,1.28429e+07
0,0,0,3.87683e+08,0,3.29109e+07,-874358,874358,1.28429e+07
0,0,0,3.87683e+08,0,3.29166e+07,-874358,874358,1.28429e+07
0,0,0,3.87683e+08,0,3.29224e+07,-874358,874358,1.28429e+07
0,0,0,3.87683e+08,0,3.01119e+07,-874358,874358,1.28429e+07
0,0,0,3.87683e+08,0,3.01171e+07,-874358,874358,1.28429e+07
0,0,0,3.87683e+08,0,3.01224e+07,-874358,874358,1.28429e+07
0,0,0,3.87683e+08,0,3.01277e+07,-874358,874358,1.28429e+07
0,0,0,3.87683e+08,0,3.01329e+07,-874358,874358,1.28429e+07
0,0,0,3.87683e+08,0,3.01329e+07,-874358,874358,1.28429e+07
0,0,0,3.87683e+08,0,3.10554e+07,-874358,874358,1.28429e+07
0,0,0,3.87683e+08,0,3.10605e+07,-874358,874358,1.28429e+07
0,0,0,3.87683e+08,0,3.10657e+07,-874358,874358,1.28429e+07
0,0,0,3.87683e+08,0,3.10708e+07,-874358,874358,1.28429e+07
0,0,0,3.87683e+08,0,3.42999e+07,-874358,874358,1.28429e+07
0,0,0,3.87683e+08,0,3.43056e+07,-874358,874358,1.28429e+07
0,0,0,3.87683e+08,0,3.43113e+07,-874358,874358,1.28429e+07
0,0,0,3.87683e+08,0,3.4317e+07,-874358,874358,1.28429e+07
0,0,0,3.87683e+08,0,2.98823e+07,-874358,874358,1.28429e+07
0,0,0,3.87683e+08,0,2.98872e+07,-874358,874358,1.28429e+07
0,0,0,3.87683e+08,0,2.98922e+07,-874358,874358,1.28429e+07
0,0,0,3.87683e+08,0,2.98971e+07,-874358,874358,1.28429e+07
0,0,0,3.87683e+08,0,2.9902e+07,-874358,874358,1.28429e+07
0,0,0,3.87683e+08,0,3.10075e+07,-874358,874358,1.28429e+07
0,0,0,3.87683e+08,0,3.10126e+07,-874358,874358,1.28429e+07
0,0,0,3.87683e+08,0,3.10177e+07,-874358,874358,1.28429e+07
0,0,0,3.87683e+08,0,3.10229e+07,-874358,874358,1.28429e+07
0,0,0,3.87683e+08,0,3.05991e+07,-874358,874358,1.28429e+07
0,0,0,3.87683e+08,0,3.06041e+07,-874358,874358,1.28429e+07
0,0,0,3.87683e+08,0,3.06092e+07,-874358,874358,1.28429e+07
0,0,0,3.87683e+08,0,3.06142e+07,-874358,874358,1.28429e+07
0,0,0,3.87683e+08,0,3.21134e+07,-874358,874358,1.28429e+07
0,0,0,3.87683e+08,0,3.21187e+07,-874358,874358,1.28429e+07
0,0,0,3.87683e+08,0,3.21241e+07,-874358,874358,1.28429e+07
0,0,0,3.87683e+08,0,3.21294e+07,-874358,874358,1.28429e+07
0,0,0,3.87683e+08,0,3.21347e+07,-874358,874358,1.28429e+07
0,0,0,3.87683e+08,0,3.24921e+07,-874358,874358,1.28429e+07
0,0,0,3.87683e+08,0,3.24975e+07,-874358,874358,1.28429e+07
0,0,0,3.87683e+08,0,3.25029e+07,-874358,874358,1.28429e+07
0,0,0,3.87683e+08,0,3.25083e+07,-874358,874358,1.28429e+07
0,0,0,3.87683e+08,0,3.32598e+07,-874358,874358,1.28429e+07
0,0,0,3.87683e+08,0,3.32653e+07,-874358,874358,1.28429e+07
0,0,0,3.87683e+08,0,3.32708e+07,-874358,874358,1.28429e+07
0,0,0,3.87683e+08,0,3.32764e+07,-874358,874358,1.28429e+07
0,0,0,3.87683e+08,0,3.5758e+07,-874358,874358,1.28429e+07
0,0,0,3.87683e+08,0,3.53084e+07,-581530,581530,1.28429e+07
0,0,0,3.87683e+08,0,3.53126e+07,-580414,580414,1.28429e+07
0,0,0,3.87683e+08,0,3.53168e+07,-579298,579298,1.28429e+07
0,0,0,3.87683e+08,0,3.5321e+07,-578182,578182,1.28429e+07
0,0,0,3.87683e+08,0,3.39337e+07,-577066,577066,1.28429e+07
0,0,0,3.87683e+08,0,3.44019e+07,-874358,874358,1.28429e+07
0,0,0,3.87683e+08,0,3.44076e+07,-874358,874358,1.28429e+07
0,0,0,3.87683e+08,0,3.44133e+07,-874358,874358,1.28429e+07
0,0,0,3.87683e+08,0,3.31926e+07,-874358,874358,1.28429e+07
0,0,0,3.87683e+08,0,3.31981e+07,-874358,874358,1.28429e+07
0,0,0,3.87683e+08,0,3.32036e+07,-874358,874358,1.28429e+07
0,0,0,3.87683e+08,0,3.32091e+07,-874358,874358,1.28429e+07
0,0,0,3.87683e+08,0,3.03727e+07,-874358,874358,1.28429e+07
0,0,0,3.87683e+08,0,3.03777e+07,-874358,874358,1.28429e+07
0,0,0,3.87683e+08,0,3.03827e+07,-874358,874358,1.28429e+07
0,0,0,3.87683e+08,0,3.03878e+07,-874358,874358,1.28429e+07
0,0,0,3.87683e+08,0,3.03928e+07,-874358,874358,1.28429e+07
0,0,0,3.87683e+08,0,3.13232e+07,-874358,874358,1.28429e+07
0,0,0,3.87683e+08,0,3.13281e+07,-874358,874358,1.28429e+07
0,0,0,3.87683e+08,0,3.1333e+07,-874358,874358,1.28429e+07
0,0,0,3.87683e+08,0,3.13379e+07,-874358,874358,1.28429e+07
0,0,0,3.87683e+08,0,3.45956e+07,-874358,874358,1.28429e+07
0,0,0,3.87683e+08,0,3.4601e+07,-874358,874358,1.28429e+07
0,0,0,3.87683e+08,0,3.46064e+07,-874358,874358,1.28429e+07
0,0,0,3.87683e+08,0,3.46118e+07,-874358,874358,1.28429e+07
0,0,0,3.87683e+08,0,3.01372e+07,-874358,874358,1.28429e+07
0,0,0,3.87683e+08,0,3.01418e+07,-874358,874358,1.28429e+07
0,0,0,3.87683e+08,0,3.01465e+07,-874358,874358,1.28429e+07
0,0,0,3.87683e+08,0,3.01512e+07,-874358,874358,1.28429e+07
0,0,0,3.87683e+08,0,3.01559e+07,-874358,874358,1.28429e+07
0,0,0,3.87683e+08,0,3.12709e+07,-874358,874358,1.28429e+07
0,0,0,3.87683e+08,0,3.12757e+07,-874358,874358,1.28429e+07
0,0,0,3.87683e+08,0,3.12806e+07,-874358,874358,1.28429e+07
0,0,0,3.87683e+08,0,3.12855e+07,-874358,874358,1.28429e+07
0,0,0,3.87683e+08,0,3.08576e+07,-874358,874358,1.28429e+07
0,0,0,3.87683e+08,0,3.08624e+07,-874358,874358,1.28429e+07
0,0,0,3.87683e+08,0,3.08672e+07,-874358,874358,1.28429e+07
0,0,0,3.87683e+08,0,3.0872e+07,-874358,874358,1.28429e+07
0,0,0,3.87683e+08,0,3.2384e+07,-874358,874358,1.28429e+07
0,0,0,3.87683e+08,0,3.23891e+07,-874358,874358,1.28429e+07
0,0,0,3.87683e+08,0,3.23941e+07,-874358,874358,1.28429e+07
0,0,0,3.87683e+08,0,3.23992e+07,-874358,874358,1.28429e+07
0,0,0,3.87683e+08,0,3.24042e+07,-874358,874358,1.28429e+07
0,0,0,3.87683e+08,0,3.27645e+07,-874358,874358,1.28429e+07
0,0,0,3.87683e+08,0,3.27696e+07,-874358,874358,1.28429e+07
0,0,0,3.87683e+08,0,3.27747e+07,-874358,874358,1.28429e+07
0,0,0,3.87683e+08,0,3.27798e+07,-874358,874358,1.28429e+07
0,0,0,3.87683e+08,0,3.35375e+07,-874358,874358,1.28429e+07
0,0,0,3.87683e+08,0,3.35427e+07,-874358,874358,1.28429e+07
0,0,0,3.87683e+08,0,3.3548e+07,-874358,874358,1.28429e+07
0,0,0,3.87683e+08,0,3.35532e+07,-874358,874358,1.28429e+07
0,0,0,3.87683e+08,0,3.6056e+07,-874358,874358,1.28429e+07
0,0,0,3.87683e+08,0,3.60616e+07,-874358,874358,1.28429e+07
0,0,0,3.87683e+08,0,3.60673e+07,-874358,874358,1.28429e+07
0,0,0,3.87683e+08,0,3.60729e+07,-874358,874358,1.28429e+07
0,0,0,3.87683e+08,0,3.60786e+07,-874358,874358,1.28429e+07
0,0,0,3.87683e+08,0,3.46807e+07,-874358,874358,1.28429e+07
0,0,0,3.87683e+08,0,3.46861e+07,-874358,874358,1.28429e+07
0,0,0,3.87683e+08,0,3.46915e+07,-874358,874358,1.28429e+07
0,0,0,3.87683e+08,0,3.46969e+07,-874358,874358,1.28429e+07
0,0,0,3.87683e+08,0,3.34654e+07,-874358,874358,1.28429e+07
0,0,0,3.87683e+08,0,3.34706e+07,-874358,874358,1.28429e+07
0,0,0,3.87683e+08,0,3.34758e+07,-874358,874358,1.28429e+07
0,0,0,3.87683e+08,0,3.3481e+07,-874358,874358,1.28429e+07
0,0,0,3.87683e+08,0,3.06201e+07,-874358,874358,1.28429e+07
0,0,0,3.87683e+08,0,3.06249e+07,-874358,874358,1.28429e+07
0,0,0,3.87683e+08,0,3.06296e+07,-874358,874358,1.28429e+07
0,0,0,3.87683e+08,0,3.06344e+07,-874358,874358,1.28429e+07
0,0,0,3.87683e+08,0,3.06391e+07,-874358,874358,1.28429e+07
0,0,0,3.87683e+08,0,3.15772e+07,-874358,874358,1.28429e+07
0,0,0,3.87683e+08,0,3.15818e+07,-874358,874358,1.28429e+07
0,0,0,3.87683e+08,0,3.15864e+07,-874358,874358,1.28429e+07
0,0,0,3.87683e+08,0,3.1591e+07,-874358,874358,1.28429e+07
0,0,0,3.87683e+08,0,3.48759e+07,-874358,874358,1.28429e+07
0,0,0,3.87683e+08,0,3.4881e+07,-874358,874358,1.28429e+07
0,0,0,3.87683e+08,0,3.48861e+07,-874358,874358,1.28429e+07
0,0,0,3.87683e+08,0,3.48912e+07,-874358,874358,1.28429e+07
0,0,0,3.87683e+08,0,3.03786e+07,-874358,874358,1.28429e+07
0,0,0,3.87683e+08,0,3.03831e+07,-874358,874358,1.28429e+07
0,0,0,3.87683e+08,0,3.03875e+07,-874358,874358,1.28429e+07
0,0,0,3.87683e+08,0,3.03919e+07,-874358,874358,1.28429e+07
0,0,0,3.87683e+08,0,3.03963e+07,-874358,874358,1.28429e+07
0,0,0,3.87683e+08,0,3.15203e+07,-874358,874358,1.28429e+07
0,0,0,3.87683e+08,0,3.0888e+07,-1.51122e+06,1.51122e+06,1.28429e+07
0,0,0,3.87683e+08,0,2.83446e+07,-4.05917e+06,4.05917e+06,1.4524e+07
0,0,0,3.87683e+08,0,2.83487e+07,-4.05966e+06,4.05966e+06,1.4524e+07
0,0,0,3.87683e+08,0,3.11023e+07,-874358,874358,1.28429e+07
0,0,0,3.87683e+08,0,3.11068e+07,-874358,874358,1.28429e+07
0,0,0,3.87683e+08,0,3.11114e+07,-874358,874358,1.28429e+07
0,0,0,3.87683e+08,0,3.11159e+07,-874358,874358,1.28429e+07
0,0,0,3.87683e+08,0,3.26401e+07,-874358,874358,1.28429e+07
0,0,0,3.87683e+08,0,3.26449e+07,-874358,874358,1.28429e+07
0,0,0,3.87683e+08,0,3.26497e+07,-874358,874358,1.28429e+07
0,0,0,3.87683e+08,0,3.26544e+07,-874358,874358,1.28429e+07
0,0,0,3.87683e+08,0,3.26592e+07,-874358,874358,1.28429e+07
0,0,0,3.87683e+08,0,3.3022e+07,-874358,874358,1.28429e+07
0,0,0,3.87683e+08,0,3.30269e+07,-874358,874358,1.28429e+07
0,0,0,3.87683e+08,0,3.30317e+07,-874358,874358,1.28429e+07
0,0,0,3.87683e+08,0,3.30365e+07,-874358,874358,1.28429e+07
0,0,0,3.87683e+08,0,3.38001e+07,-874358,874358,1.28429e+07
0,0,0,3.87683e+08,0,3.3805e+07,-874358,874358,1.28429e+07
0,0,0,3.87683e+08,0,3.381e+07,-874358,874358,1.28429e+07
0,0,0,3.87683e+08,0,3.38149e+07,-874358,874358,1.28429e+07
0,0,0,3.87683e+08,0,3.63377e+07,-874358,874358,1.28429e+07
0,0,0,3.87683e+08,0,3.6343e+07,-874358,874358,1.28429e+07
0,0,0,3.87683e+08,0,3.63483e+07,-874358,874358,1.28429e+07
0,0,0,3.87683e+08,0,3.63536e+07,-874358,874358,1.28429e+07
0,0,0,3.87683e+08,0,3.6359e+07,-874358,874358,1.28429e+07
0,0,0,3.87683e+08,0,3.49494e+07,-874358,874358,1.28429e+07
0,0,0,3.87683e+08,0,3.49546e+07,-874358,874358,1.28429e+07
0,0,0,3.87683e+08,0,3.49597e+07,-874358,874358,1.28429e+07
0,0,0,3.87683e+08,0,3.49648e+07,-874358,874358,1.28429e+07
0,0,0,3.87683e+08,0,3.3723e+07,-874358,874358,1.28429e+07
0,0,0,3.87683e+08,0,3.37279e+07,-874358,874358,1.28429e+07
0,0,0,3.87683e+08,0,3.37329e+07,-874358,874358,1.28429e+07
0,0,0,3.87683e+08,0,3.37378e+07,-874358,874358,1.28429e+07
0,0,0,3.87683e+08,0,3.08537e+07,-874358,874358,1.28429e+07
0,0,0,3.87683e+08,0,3.08582e+07,-874358,874358,1.28429e+07
0,0,0,3.87683e+08,0,3.08627e+07,-874358,874358,1.28429e+07
0,0,0,3.87683e+08,0,3.08671e+07,-874358,874358,1.28429e+07
0,0,0,3.87683e+08,0,3.08716e+07,-874358,874358,1.28429e+07
0,0,0,3.87683e+08,0,3.18168e+07,-874358,874358,1.28429e+07
0,0,0,3.87683e+08,0,3.18211e+07,-874358,874358,1.28429e+07
0,0,0,3.87683e+08,0,3.18255e+07,-874358,874358,1.28429e+07
0,0,0,3.87683e+08,0,3.18298e+07,-874358,874358,1.28429e+07
0,0,0,3.87683e+08,0,3.51403e+07,-874358,874358,1.28429e+07
0,0,0,3.87683e+08,0,3.51451e+07,-874358,874358,1.28429e+07
0,0,0,3.87683e+08,0,3.51499e+07,-874358,874358,1.28429e+07
0,0,0,3.87683e+08,0,3.51546e+07,-874358,874358,1.28429e+07
0,0,0,3.87683e+08,0,3.06063e+07,-874358,874358,1.28429e+07
0,0,0,3.87683e+08,0,3.06105e+07,-874358,874358,1.28429e+07
0,0,0,3.87683e+08,0,3.06146e+07,-874358,874358,1.28429e+07
0,0,0,3.87683e+08,0,3.06188e+07,-874358,874358,1.28429e+07
0,0,0,3.87683e+08,0,3.00051e+07,-1.49218e+06,1.49218e+06,1.28429e+07
0,0,0,3.87683e+08,0,2.85467e+07,-4.08302e+06,4.08302e+06,1.4524e+07
0,0,0,3.87683e+08,0,2.85506e+07,-4.08348e+06,4.08348e+06,1.4524e+07
0,0,0,3.87683e+08,0,2.85544e+07,-4.08393e+06,4.08393e+06,1.4524e+07
0,0,0,3.87683e+08,0,2.85583e+07,-4.08439e+06,4.08439e+06,1.4524e+07
0,0,0,3.87683e+08,0,2.81688e+07,-4.03842e+06,4.03842e+06,1.4524e+07
0,0,0,3.87683e+08,0,3.13372e+07,-874358,874358,1.28429e+07
0,0,0,3.87683e+08,0,3.13414e+07,-874358,874358,1.28429e+07
0,0,0,3.87683e+08,0,3.13457e+07,-874358,874358,1.28429e+07
0,0,0,3.87683e+08,0,3.28814e+07,-874358,874358,1.28429e+07
0,0,0,3.87683e+08,0,3.28858e+07,-874358,874358,1.28429e+07
0,0,0,3.87683e+08,0,3.28903e+07,-874358,874358,1.28429e+07
0,0,0,3.87683e+08,0,3.28948e+07,-874358,874358,1.28429e+07
0,0,0,3.87683e+08,0,3.28993e+07,-874358,874358,1.28429e+07
0,0,0,3.87683e+08,0,3.32646e+07,-874358,874358,1.28429e+07
0,0,0,3.87683e+08,0,3.32691e+07,-874358,874358,1.28429e+07
0,0,0,3.87683e+08,0,3.32736e+07,-874358,874358,1.28429e+07
0,0,0,3.87683e+08,0,3.32782e+07,-874358,874358,1.28429e+07
0,0,0,3.87683e+08,0,3.40472e+07,-874358,874358,1.28429e+07
0,0,0,3.87683e+08,0,3.40519e+07,-874358,874358,1.28429e+07
0,0,0,3.87683e+08,0,3.40565e+07,-874358,874358,1.28429e+07
0,0,0,3.87683e+08,0,3.40612e+07,-874358,874358,1.28429e+07
0,0,0,3.87683e+08,0,3.66027e+07,-874358,874358,1.28429e+07
0,0,0,3.87683e+08,0,3.66077e+07,-874358,874358,1.28429e+07
0,0,0,3.87683e+08,0,3.66127e+07,-874358,874358,1.28429e+07
0,0,0,3.87683e+08,0,3.66177e+07,-874358,874358,1.28429e+07
0,0,0,3.87683e+08,0,3.66227e+07,-874358,874358,1.28429e+07
0,0,0,3.87683e+08,0,3.52022e+07,-874358,874358,1.28429e+07
0,0,0,3.87683e+08,0,3.5207e+07,-874358,874358,1.28429e+07
0,0,0,3.87683e+08,0,3.52118e+07,-874358,874358,1.28429e+07
0,0,0,3.87683e+08,0,3.52166e+07,-874358,874358,1.28429e+07
0,0,0,3.87683e+08,0,3.39652e+07,-874358,874358,1.28429e+07
0,0,0,3.87683e+08,0,3.39699e+07,-874358,874358,1.28429e+07
0,0,0,3.87683e+08,0,3.39745e+07,-874358,874358,1.28429e+07
0,0,0,3.87683e+08,0,3.39791e+07,-874358,874358,1.28429e+07
0,0,0,3.87683e+08,0,3.10732e+07,-874358,874358,1.28429e+07
0,0,0,3.87683e+08,0,3.10774e+07,-874358,874358,1.28429e+07
0,0,0,3.87683e+08,0,3.10816e+07,-874358,874358,1.28429e+07
0,0,0,3.87683e+08,0,3.10858e+07,-874358,874358,1.28429e+07
0,0,0,3.87683e+08,0,3.10901e+07,-874358,874358,1.28429e+07
0,0,0,3.87683e+08,0,3.20419e+07,-874358,874358,1.28429e+07
0,0,0,3.87683e+08,0,3.2046e+07,-874358,874358,1.28429e+07
0,0,0,3.87683e+08,0,2.88103e+07,-4.11413e+06,4.11413e+06,1.4524e+07
0,0,0,3.87683e+08,0,2.88139e+07,-4.11456e+06,4.11456e+06,1.4524e+07
0,0,0,3.87683e+08,0,3.17964e+07,-4.46657e+06,4.46657e+06,1.4524e+07
0,0,0,3.87683e+08,0,3.18004e+07,-4.46704e+06,4.46704e+06,1.4524e+07
0,0,0,3.87683e+08,0,3.18044e+07,-4.46751e+06,4.46751e+06,1.4524e+07
0,0,0,3.87683e+08,0,3.18085e+07,-4.46799e+06,4.46799e+06,1.4524e+07
0,0,0,3.87683e+08,0,2.77102e+07,-3.9843e+06,3.9843e+06,1.4524e+07
0,0,0,3.87683e+08,0,2.77137e+07,-3.98471e+06,3.98471e+06,1.4524e+07
0,0,0,3.87683e+08,0,2.77172e+07,-3.98512e+06,3.98512e+06,1.4524e+07
0,0,0,3.87683e+08,0,2.77207e+07,-3.98553e+06,3.98553e+06,1.4524e+07
0,0,0,3.87683e+08,0,2.77242e+07,-3.98594e+06,3.98594e+06,1.4524e+07
0,0,0,3.87683e+08,0,2.87441e+07,-4.10632e+06,4.10632e+06,1.4524e+07
0,0,0,3.87683e+08,0,2.87478e+07,-4.10675e+06,4.10675e+06,1.4524e+07
0,0,0,3.87683e+08,0,2.87514e+07,-4.10718e+06,4.10718e+06,1.4524e+07
0,0,0,3.87683e+08,0,2.8755e+07,-4.1076e+06,4.1076e+06,1.4524e+07
0,0,0,3.87683e+08,0,2.83625e+07,-4.06127e+06,4.06127e+06,1.4524e+07
0,0,0,3.87683e+08,0,3.15534e+07,-874358,874358,1.28429e+07
0,0,0,3.87683e+08,0,2.83696e+07,-4.06212e+06,4.06212e+06,1.4524e+07
0,0,0,3.87683e+08,0,3.15613e+07,-874358,874358,1.28429e+07
0,0,0,3.87683e+08,0,2.97563e+07,-4.22579e+06,4.22579e+06,1.4524e+07
0,0,0,3.87683e+08,0,2.97601e+07,-4.22623e+06,4.22623e+06,1.4524e+07
0,0,0,3.87683e+08,0,3.31161e+07,-874358,874358,1.28429e+07
0,0,0,3.87683e+08,0,3.31203e+07,-874358,874358,1.28429e+07
0,0,0,3.87683e+08,0,3.31245e+07,-874358,874358,1.28429e+07
0,0,0,3.87683e+08,0,3.34921e+07,-874358,874358,1.28429e+07
0,0,0,3.87683e+08,0,3.34964e+07,-874358,874358,1.28429e+07
0,0,0,3.87683e+08,0,3.35006e+07,-874358,874358,1.28429e+07
0,0,0,3.87683e+08,0,3.35049e+07,-874358,874358,1.28429e+07
0,0,0,3.87683e+08,0,3.42791e+07,-874358,874358,1.28429e+07
0,0,0,3.87683e+08,0,3.42834e+07,-874358,874358,1.28429e+07
0,0,0,3.87683e+08,0,3.42878e+07,-874358,874358,1.28429e+07
0,0,0,3.87683e+08,0,3.42921e+07,-874358,874358,1.28429e+07
0,0,0,3.87683e+08,0,3.68513e+07,-874358,874358,1.28429e+07
0,0,0,3.87683e+08,0,3.6856e+07,-874358,874358,1.28429e+07
0,0,0,3.87683e+08,0,3.68606e+07,-874358,874358,1.28429e+07
0,0,0,3.87683e+08,0,3.68653e+07,-874358,874358,1.28429e+07
0,0,0,3.87683e+08,0,3.687e+07,-874358,874358,1.28429e+07
0,0,0,3.87683e+08,0,3.54392e+07,-874358,874358,1.28429e+07
0,0,0,3.87683e+08,0,3.54437e+07,-874358,874358,1.28429e+07
0,0,0,3.87683e+08,0,3.47285e+07,-1.59406e+06,1.59406e+06,1.28429e+07
0,0,0,3.87683e+08,0,3.18537e+07,-4.47333e+06,4.47333e+06,1.4524e+07
0,0,0,3.87683e+08,0,3.07264e+07,-4.34027e+06,4.34027e+06,1.4524e+07
0,0,0,3.87683e+08,0,3.07302e+07,-4.34073e+06,4.34073e+06,1.4524e+07
0,0,0,3.87683e+08,0,3.07341e+07,-4.34119e+06,4.34119e+06,1.4524e+07
0,0,0,3.87683e+08,0,3.0738e+07,-4.34164e+06,4.34164e+06,1.4524e+07
0,0,0,3.87683e+08,0,2.81206e+07,-4.03273e+06,4.03273e+06,1.4524e+07
0,0,0,3.87683e+08,0,2.81241e+07,-4.03314e+06,4.03314e+06,1.4524e+07
0,0,0,3.87683e+08,0,2.81276e+07,-4.03356e+06,4.03356e+06,1.4524e+07
0,0,0,3.87683e+08,0,2.81311e+07,-4.03397e+06,4.03397e+06,1.4524e+07
0,0,0,3.87683e+08,0,2.81347e+07,-4.03439e+06,4.03439e+06,1.4524e+07
0,0,0,3.87683e+08,0,2.89917e+07,-4.13554e+06,4.13554e+06,1.4524e+07
0,0,0,3.87683e+08,0,2.8995e+07,-4.13594e+06,4.13594e+06,1.4524e+07
0,0,0,3.87683e+08,0,2.89984e+07,-4.13634e+06,4.13634e+06,1.4524e+07
0,0,0,3.87683e+08,0,2.90018e+07,-4.13674e+06,4.13674e+06,1.4524e+07
0,0,0,3.87683e+08,0,3.20044e+07,-4.49112e+06,4.49112e+06,1.4524e+07
0,0,0,3.87683e+08,0,3.20082e+07,-4.49156e+06,4.49156e+06,1.4524e+07
0,0,0,3.87683e+08,0,3.20119e+07,-4.492e+06,4.492e+06,1.4524e+07
0,0,0,3.87683e+08,0,3.20157e+07,-4.49245e+06,4.49245e+06,1.4524e+07
0,0,0,3.87683e+08,0,2.78893e+07,-4.00544e+06,4.00544e+06,1.4524e+07
0,0,0,3.87683e+08,0,2.78926e+07,-4.00582e+06,4.00582e+06,1.4524e+07
0,0,0,3.87683e+08,0,2.78958e+07,-4.0062e+06,4.0062e+06,1.4524e+07
0,0,0,3.87683e+08,0,2.78991e+07,-4.00659e+06,4.00659e+06,1.4524e+07
0,0,0,3.87683e+08,0,2.79023e+07,-4.00697e+06,4.00697e+06,1.4524e+07
0,0,0,3.87683e+08,0,2.89289e+07,-4.12813e+06,4.12813e+06,1.4524e+07
0,0,0,3.87683e+08,0,2.89323e+07,-4.12853e+06,4.12853e+06,1.4524e+07
0,0,0,3.87683e+08,0,2.89357e+07,-4.12893e+06,4.12893e+06,1.4524e+07
0,0,0,3.87683e+08,0,2.89391e+07,-4.12933e+06,4.12933e+06,1.4524e+07
0,0,0,3.87683e+08,0,2.85436e+07,-4.08266e+06,4.08266e+06,1.4524e+07
0,0,0,3.87683e+08,0,2.8547e+07,-4.08305e+06,4.08305e+06,1.4524e+07
0,0,0,3.87683e+08,0,3.11176e+07,-1.51617e+06,1.51617e+06,1.28429e+07
0,0,0,3.87683e+08,0,3.17631e+07,-874358,874358,1.28429e+07
0,0,0,3.87683e+08,0,3.33195e+07,-874358,874358,1.28429e+07
0,0,0,3.87683e+08,0,3.33235e+07,-874358,874358,1.28429e+07
0,0,0,3.87683e+08,0,3.33274e+07,-874358,874358,1.28429e+07
0,0,0,3.87683e+08,0,3.33313e+07,-874358,874358,1.28429e+07
0,0,0,3.87683e+08,0,3.33352e+07,-874358,874358,1.28429e+07
0,0,0,3.87683e+08,0,3.37049e+07,-874358,874358,1.28429e+07
0,0,0,3.87683e+08,0,3.37089e+07,-874358,874358,1.28429e+07
0,0,0,3.87683e+08,0,3.37129e+07,-874358,874358,1.28429e+07
0,0,0,3.87683e+08,0,3.37168e+07,-874358,874358,1.28429e+07
0,0,0,3.87683e+08,0,3.44958e+07,-874358,874358,1.28429e+07
0,0,0,3.87683e+08,0,3.44999e+07,-874358,874358,1.28429e+07
0,0,0,3.87683e+08,0,3.45039e+07,-874358,874358,1.28429e+07
0,0,0,3.87683e+08,0,3.4508e+07,-874358,874358,1.28429e+07
0,0,0,3.87683e+08,0,3.70836e+07,-874358,874358,1.28429e+07
0,0,0,3.87683e+08,0,3.70879e+07,-874358,874358,1.28429e+07
0,0,0,3.87683e+08,0,3.70923e+07,-874358,874358,1.28429e+07
0,0,0,3.87683e+08,0,3.70967e+07,-874358,874358,1.28429e+07
0,0,0,3.87683e+08,0,3.71011e+07,-874358,874358,1.28429e+07
0,0,0,3.87683e+08,0,3.56606e+07,-874358,874358,1.28429e+07
0,0,0,3.87683e+08,0,3.56648e+07,-874358,874358,1.28429e+07
0,0,0,3.87683e+08,0,3.5669e+07,-874358,874358,1.28429e+07
0,0,0,3.87683e+08,0,3.56732e+07,-874358,874358,1.28429e+07
0,0,0,3.87683e+08,0,3.44043e+07,-874358,874358,1.28429e+07
0,0,0,3.87683e+08,0,3.44084e+07,-874358,874358,1.28429e+07
0,0,0,3.87683e+08,0,3.44124e+07,-874358,874358,1.28429e+07
0,0,0,3.87683e+08,0,3.44164e+07,-874358,874358,1.28429e+07
0,0,0,3.87683e+08,0,3.1471e+07,-874358,874358,1.28429e+07
0,0,0,3.87683e+08,0,3.14747e+07,-874358,874358,1.28429e+07
0,0,0,3.87683e+08,0,3.14784e+07,-874358,874358,1.28429e+07
0,0,0,3.87683e+08,0,3.1482e+07,-874358,874358,1.28429e+07
0,0,0,3.87683e+08,0,3.14857e+07,-874358,874358,1.28429e+07
0,0,0,3.87683e+08,0,3.14857e+07,-874358,874358,1.28429e+07
0,0,0,3.87683e+08,0,3.24497e+07,-874358,874358,1.28429e+07
0,0,0,3.87683e+08,0,3.24532e+07,-874358,874358,1.28429e+07
0,0,0,3.87683e+08,0,3.24567e+07,-874358,874358,1.28429e+07
0,0,0,3.87683e+08,0,3.24602e+07,-874358,874358,1.28429e+07
0,0,0,3.87683e+08,0,3.58382e+07,-874358,874358,1.28429e+07
0,0,0,3.87683e+08,0,3.58421e+07,-874358,874358,1.28429e+07
0,0,0,3.87683e+08,0,3.5846e+07,-874358,874358,1.28429e+07
0,0,0,3.87683e+08,0,3.58499e+07,-874358,874358,1.28429e+07
0,0,0,3.87683e+08,0,3.12072e+07,-874358,874358,1.28429e+07
0,0,0,3.87683e+08,0,3.12105e+07,-874358,874358,1.28429e+07
0,0,0,3.87683e+08,0,3.05836e+07,-1.50466e+06,1.50466e+06,1.28429e+07
0,0,0,3.87683e+08,0,2.80654e+07,-4.02622e+06,4.02622e+06,1.4524e+07
0,0,0,3.87683e+08,0,2.80684e+07,-4.02657e+06,4.02657e+06,1.4524e+07
0,0,0,3.87683e+08,0,2.91012e+07,-4.14846e+06,4.14846e+06,1.4524e+07
0,0,0,3.87683e+08,0,2.91043e+07,-4.14883e+06,4.14883e+06,1.4524e+07
0,0,0,3.87683e+08,0,2.91075e+07,-4.1492e+06,4.1492e+06,1.4524e+07
0,0,0,3.87683e+08,0,2.91106e+07,-4.14957e+06,4.14957e+06,1.4524e+07
0,0,0,3.87683e+08,0,2.87125e+07,-4.10258e+06,4.10258e+06,1.4524e+07
0,0,0,3.87683e+08,0,3.12984e+07,-1.52008e+06,1.52008e+06,1.28429e+07
0,0,0,3.87683e+08,0,2.87186e+07,-4.10331e+06,4.10331e+06,1.4524e+07
0,0,0,3.87683e+08,0,2.87217e+07,-4.10368e+06,4.10368e+06,1.4524e+07
0,0,0,3.87683e+08,0,3.01222e+07,-4.26897e+06,4.26897e+06,1.4524e+07
0,0,0,3.87683e+08,0,3.28415e+07,-1.55336e+06,1.55336e+06,1.28429e+07
0,0,0,3.87683e+08,0,3.35241e+07,-874358,874358,1.28429e+07
0,0,0,3.87683e+08,0,3.35277e+07,-874358,874358,1.28429e+07
0,0,0,3.87683e+08,0,3.35314e+07,-874358,874358,1.28429e+07
0,0,0,3.87683e+08,0,3.39031e+07,-874358,874358,1.28429e+07
0,0,0,3.87683e+08,0,3.39067e+07,-874358,874358,1.28429e+07
0,0,0,3.87683e+08,0,3.39104e+07,-874358,874358,1.28429e+07
0,0,0,3.87683e+08,0,3.39141e+07,-874358,874358,1.28429e+07
0,0,0,3.87683e+08,0,3.46975e+07,-874358,874358,1.28429e+07
0,0,0,3.87683e+08,0,3.47013e+07,-874358,874358,1.28429e+07
0,0,0,3.87683e+08,0,3.47051e+07,-874358,874358,1.28429e+07
0,0,0,3.87683e+08,0,3.47088e+07,-874358,874358,1.28429e+07
0,0,0,3.87683e+08,0,3.72997e+07,-874358,874358,1.28429e+07
0,0,0,3.87683e+08,0,3.73038e+07,-874358,874358,1.28429e+07
0,0,0,3.87683e+08,0,3.73078e+07,-874358,874358,1.28429e+07
0,0,0,3.87683e+08,0,3.73119e+07,-874358,874358,1.28429e+07
0,0,0,3.87683e+08,0,3.35203e+07,-4.67002e+06,4.67002e+06,1.4524e+07
0,0,0,3.87683e+08,0,3.22239e+07,-4.51702e+06,4.51702e+06,1.4524e+07
0,0,0,3.87683e+08,0,3.22274e+07,-4.51743e+06,4.51743e+06,1.4524e+07
0,0,0,3.87683e+08,0,3.22308e+07,-4.51784e+06,4.51784e+06,1.4524e+07
0,0,0,3.87683e+08,0,3.22343e+07,-4.51825e+06,4.51825e+06,1.4524e+07
0,0,0,3.87683e+08,0,3.10923e+07,-4.38347e+06,4.38347e+06,1.4524e+07
0,0,0,3.87683e+08,0,3.10957e+07,-4.38386e+06,4.38386e+06,1.4524e+07
0,0,0,3.87683e+08,0,3.1099e+07,-4.38426e+06,4.38426e+06,1.4524e+07
0,0,0,3.87683e+08,0,3.11024e+07,-4.38465e+06,4.38465e+06,1.4524e+07
0,0,0,3.87683e+08,0,2.8452e+07,-4.07184e+06,4.07184e+06,1.4524e+07
0,0,0,3.87683e+08,0,2.84551e+07,-4.0722e+06,4.0722e+06,1.4524e+07
0,0,0,3.87683e+08,0,2.84581e+07,-4.07256e+06,4.07256e+06,1.4524e+07
0,0,0,3.87683e+08,0,2.84612e+07,-4.07293e+06,4.07293e+06,1.4524e+07
0,0,0,3.87683e+08,0,2.84642e+07,-4.07329e+06,4.07329e+06,1.4524e+07
0,0,0,3.87683e+08,0,2.93312e+07,-4.17562e+06,4.17562e+06,1.4524e+07
0,0,0,3.87683e+08,0,2.93341e+07,-4.17596e+06,4.17596e+06,1.4524e+07
0,0,0,3.87683e+08,0,2.9337e+07,-4.1763e+06,4.1763e+06,1.4524e+07
0,0,0,3.87683e+08,0,2.93399e+07,-4.17664e+06,4.17664e+06,1.4524e+07
0,0,0,3.87683e+08,0,3.23787e+07,-4.53529e+06,4.53529e+06,1.4524e+07
0,0,0,3.87683e+08,0,3.23819e+07,-4.53567e+06,4.53567e+06,1.4524e+07
0,0,0,3.87683e+08,0,3.23852e+07,-4.53605e+06,4.53605e+06,1.4524e+07
0,0,0,3.87683e+08,0,3.23884e+07,-4.53643e+06,4.53643e+06,1.4524e+07
0,0,0,3.87683e+08,0,2.82114e+07,-4.04344e+06,4.04344e+06,1.4524e+07
0,0,0,3.87683e+08,0,2.82141e+07,-4.04377e+06,4.04377e+06,1.4524e+07
0,0,0,3.87683e+08,0,2.82169e+07,-4.0441e+06,4.0441e+06,1.4524e+07
0,0,0,3.87683e+08,0,2.82197e+07,-4.04443e+06,4.04443e+06,1.4524e+07
0,0,0,3.87683e+08,0,2.82225e+07,-4.04476e+06,4.04476e+06,1.4524e+07
0,0,0,3.87683e+08,0,2.9261e+07,-4.16732e+06,4.16732e+06,1.4524e+07
0,0,0,3.87683e+08,0,2.92639e+07,-4.16766e+06,4.16766e+06,1.4524e+07
0,0,0,3.87683e+08,0,2.92667e+07,-4.168e+06,4.168e+06,1.4524e+07
0,0,0,3.87683e+08,0,2.92696e+07,-4.16835e+06,4.16835e+06,1.4524e+07
0,0,0,3.87683e+08,0,2.8869e+07,-4.12106e+06,4.12106e+06,1.4524e+07
0,0,0,3.87683e+08,0,2.88718e+07,-4.12139e+06,4.12139e+06,1.4524e+07
0,0,0,3.87683e+08,0,2.88747e+07,-4.12173e+06,4.12173e+06,1.4524e+07
0,0,0,3.87683e+08,0,2.88775e+07,-4.12207e+06,4.12207e+06,1.4524e+07
0,0,0,3.87683e+08,0,3.02857e+07,-4.28827e+06,4.28827e+06,1.4524e+07
0,0,0,3.87683e+08,0,3.02887e+07,-4.28862e+06,4.28862e+06,1.4524e+07
0,0,0,3.87683e+08,0,3.02917e+07,-4.28897e+06,4.28897e+06,1.4524e+07
0,0,0,3.87683e+08,0,3.02947e+07,-4.28933e+06,4.28933e+06,1.4524e+07
0,0,0,3.87683e+08,0,3.02977e+07,-4.28968e+06,4.28968e+06,1.4524e+07
0,0,0,3.87683e+08,0,3.06318e+07,-4.32911e+06,4.32911e+06,1.4524e+07
0,0,0,3.87683e+08,0,3.06348e+07,-4.32947e+06,4.32947e+06,1.4524e+07
0,0,0,3.87683e+08,0,3.06379e+07,-4.32983e+06,4.32983e+06,1.4524e+07
0,0,0,3.87683e+08,0,3.34056e+07,-1.56552e+06,1.56552e+06,1.28429e+07
0,0,0,3.87683e+08,0,3.13453e+07,-4.41332e+06,4.41332e+06,1.4524e+07
0,0,0,3.87683e+08,0,3.13484e+07,-4.41369e+06,4.41369e+06,1.4524e+07
0,0,0,3.87683e+08,0,3.48912e+07,-874358,874358,1.28429e+07
0,0,0,3.87683e+08,0,3.13546e+07,-4.41442e+06,4.41442e+06,1.4524e+07
0,0,0,3.87683e+08,0,3.36846e+07,-4.68942e+06,4.68942e+06,1.4524e+07
0,0,0,3.87683e+08,0,3.36879e+07,-4.68981e+06,4.68981e+06,1.4524e+07
0,0,0,3.87683e+08,0,3.36913e+07,-4.69021e+06,4.69021e+06,1.4524e+07
0,0,0,3.87683e+08,0,3.36946e+07,-4.69061e+06,4.69061e+06,1.4524e+07
0,0,0,3.87683e+08,0,3.3698e+07,-4.691e+06,4.691e+06,1.4524e+07
0,0,0,3.87683e+08,0,3.23942e+07,-4.53711e+06,4.53711e+06,1.4524e+07
0,0,0,3.87683e+08,0,3.23974e+07,-4.53749e+06,4.53749e+06,1.4524e+07
0,0,0,3.87683e+08,0,3.24006e+07,-4.53787e+06,4.53787e+06,1.4524e+07
0,0,0,3.87683e+08,0,3.24038e+07,-4.53825e+06,4.53825e+06,1.4524e+07
0,0,0,3.87683e+08,0,3.12552e+07,-4.4027e+06,4.4027e+06,1.4524e+07
0,0,0,3.87683e+08,0,3.12583e+07,-4.40306e+06,4.40306e+06,1.4524e+07
0,0,0,3.87683e+08,0,3.12614e+07,-4.40343e+06,4.40343e+06,1.4524e+07
0,0,0,3.87683e+08,0,3.12645e+07,-4.40379e+06,4.40379e+06,1.4524e+07
0,0,0,3.87683e+08,0,2.85994e+07,-4.08925e+06,4.08925e+06,1.4524e+07
0,0,0,3.87683e+08,0,2.86023e+07,-4.08958e+06,4.08958e+06,1.4524e+07
0,0,0,3.87683e+08,0,2.86051e+07,-4.08991e+06,4.08991e+06,1.4524e+07
0,0,0,3.87683e+08,0,2.86079e+07,-4.09024e+06,4.09024e+06,1.4524e+07
0,0,0,3.87683e+08,0,2.86107e+07,-4.09058e+06,4.09058e+06,1.4524e+07
0,0,0,3.87683e+08,0,2.94822e+07,-4.19343e+06,4.19343e+06,1.4524e+07
0,0,0,3.87683e+08,0,2.94848e+07,-4.19374e+06,4.19374e+06,1.4524e+07
0,0,0,3.87683e+08,0,3.21433e+07,-1.5383e+06,1.5383e+06,1.28429e+07
0,0,0,3.87683e+08,0,3.28102e+07,-874358,874358,1.28429e+07
0,0,0,3.87683e+08,0,3.62255e+07,-874358,874358,1.28429e+07
0,0,0,3.87683e+08,0,3.62288e+07,-874358,874358,1.28429e+07
0,0,0,3.87683e+08,0,3.62321e+07,-874358,874358,1.28429e+07
0,0,0,3.87683e+08,0,3.62354e+07,-874358,874358,1.28429e+07
0,0,0,3.87683e+08,0,2.83543e+07,-4.06031e+06,4.06031e+06,1.4524e+07
0,0,0,3.87683e+08,0,3.15431e+07,-874358,874358,1.28429e+07
0,0,0,3.87683e+08,0,3.09086e+07,-1.51167e+06,1.51167e+06,1.28429e+07
0,0,0,3.87683e+08,0,2.8362e+07,-4.06122e+06,4.06122e+06,1.4524e+07
0,0,0,3.87683e+08,0,2.83645e+07,-4.06152e+06,4.06152e+06,1.4524e+07
0,0,0,3.87683e+08,0,2.94082e+07,-4.1847e+06,4.1847e+06,1.4524e+07
0,0,0,3.87683e+08,0,2.94109e+07,-4.18501e+06,4.18501e+06,1.4524e+07
0,0,0,3.87683e+08,0,2.94135e+07,-4.18533e+06,4.18533e+06,1.4524e+07
0,0,0,3.87683e+08,0,2.94162e+07,-4.18564e+06,4.18564e+06,1.4524e+07
0,0,0,3.87683e+08,0,2.90131e+07,-4.13807e+06,4.13807e+06,1.4524e+07
0,0,0,3.87683e+08,0,2.90158e+07,-4.13838e+06,4.13838e+06,1.4524e+07
0,0,0,3.87683e+08,0,2.90184e+07,-4.13869e+06,4.13869e+06,1.4524e+07
0,0,0,3.87683e+08,0,2.9021e+07,-4.139e+06,4.139e+06,1.4524e+07
0,0,0,3.87683e+08,0,3.04363e+07,-4.30604e+06,4.30604e+06,1.4524e+07
0,0,0,3.87683e+08,0,3.3871e+07,-874358,874358,1.28429e+07
0,0,0,3.87683e+08,0,3.38741e+07,-874358,874358,1.28429e+07
0,0,0,3.87683e+08,0,3.04445e+07,-4.30701e+06,4.30701e+06,1.4524e+07
0,0,0,3.87683e+08,0,3.38802e+07,-874358,874358,1.28429e+07
0,0,0,3.87683e+08,0,3.42554e+07,-874358,874358,1.28429e+07
0,0,0,3.87683e+08,0,3.42585e+07,-874358,874358,1.28429e+07
0,0,0,3.87683e+08,0,3.42616e+07,-874358,874358,1.28429e+07
0,0,0,3.87683e+08,0,3.42647e+07,-874358,874358,1.28429e+07
0,0,0,3.87683e+08,0,3.5056e+07,-874358,874358,1.28429e+07
0,0,0,3.87683e+08,0,3.50592e+07,-874358,874358,1.28429e+07
0,0,0,3.87683e+08,0,3.50624e+07,-874358,874358,1.28429e+07
0,0,0,3.87683e+08,0,3.50656e+07,-874358,874358,1.28429e+07
0,0,0,3.87683e+08,0,3.76835e+07,-874358,874358,1.28429e+07
0,0,0,3.87683e+08,0,3.38521e+07,-4.70919e+06,4.70919e+06,1.4524e+07
0,0,0,3.87683e+08,0,3.38551e+07,-4.70955e+06,4.70955e+06,1.4524e+07
0,0,0,3.87683e+08,0,3.38582e+07,-4.70991e+06,4.70991e+06,1.4524e+07
0,0,0,3.87683e+08,0,3.38613e+07,-4.71027e+06,4.71027e+06,1.4524e+07
0,0,0,3.87683e+08,0,3.25506e+07,-4.55558e+06,4.55558e+06,1.4524e+07
0,0,0,3.87683e+08,0,3.25535e+07,-4.55593e+06,4.55593e+06,1.4524e+07
0,0,0,3.87683e+08,0,3.25565e+07,-4.55627e+06,4.55627e+06,1.4524e+07
0,0,0,3.87683e+08,0,3.25594e+07,-4.55662e+06,4.55662e+06,1.4524e+07
0,0,0,3.87683e+08,0,3.14048e+07,-4.42035e+06,4.42035e+06,1.4524e+07
0,0,0,3.87683e+08,0,3.14077e+07,-4.42069e+06,4.42069e+06,1.4524e+07
0,0,0,3.87683e+08,0,3.14105e+07,-4.42102e+06,4.42102e+06,1.4524e+07
0,0,0,3.87683e+08,0,3.14134e+07,-4.42136e+06,4.42136e+06,1.4524e+07
0,0,0,3.87683e+08,0,2.87348e+07,-4.10522e+06,4.10522e+06,1.4524e+07
0,0,0,3.87683e+08,0,2.87374e+07,-4.10552e+06,4.10552e+06,1.4524e+07
0,0,0,3.87683e+08,0,2.87399e+07,-4.10583e+06,4.10583e+06,1.4524e+07
0,0,0,3.87683e+08,0,2.87425e+07,-4.10613e+06,4.10613e+06,1.4524e+07
0,0,0,3.87683e+08,0,2.87451e+07,-4.10644e+06,4.10644e+06,1.4524e+07
0,0,0,3.87683e+08,0,2.96206e+07,-4.20977e+06,4.20977e+06,1.4524e+07
0,0,0,3.87683e+08,0,2.9623e+07,-4.21006e+06,4.21006e+06,1.4524e+07
0,0,0,3.87683e+08,0,2.96255e+07,-4.21034e+06,4.21034e+06,1.4524e+07
0,0,0,3.87683e+08,0,2.96279e+07,-4.21063e+06,4.21063e+06,1.4524e+07
0,0,0,3.87683e+08,0,3.26974e+07,-4.5729e+06,4.5729e+06,1.4524e+07
0,0,0,3.87683e+08,0,3.27001e+07,-4.57322e+06,4.57322e+06,1.4524e+07
0,0,0,3.87683e+08,0,3.27028e+07,-4.57354e+06,4.57354e+06,1.4524e+07
0,0,0,3.87683e+08,0,3.27055e+07,-4.57386e+06,4.57386e+06,1.4524e+07
0,0,0,3.87683e+08,0,2.84853e+07,-4.07577e+06,4.07577e+06,1.4524e+07
0,0,0,3.87683e+08,0,2.84876e+07,-4.07604e+06,4.07604e+06,1.4524e+07
0,0,0,3.87683e+08,0,2.84899e+07,-4.07632e+06,4.07632e+06,1.4524e+07
0,0,0,3.87683e+08,0,2.84922e+07,-4.07659e+06,4.07659e+06,1.4524e+07
0,0,0,3.87683e+08,0,2.84946e+07,-4.07687e+06,4.07687e+06,1.4524e+07
0,0,0,3.87683e+08,0,2.9543e+07,-4.20061e+06,4.20061e+06,1.4524e+07
0,0,0,3.87683e+08,0,2.95455e+07,-4.2009e+06,4.2009e+06,1.4524e+07
0,0,0,3.87683e+08,0,2.95479e+07,-4.20118e+06,4.20118e+06,1.4524e+07
0,0,0,3.87683e+08,0,2.95503e+07,-4.20147e+06,4.20147e+06,1.4524e+07
0,0,0,3.87683e+08,0,2.91451e+07,-4.15365e+06,4.15365e+06,1.4524e+07
0,0,0,3.87683e+08,0,2.91475e+07,-4.15393e+06,4.15393e+06,1.4524e+07
0,0,0,3.87683e+08,0,2.91499e+07,-4.15421e+06,4.15421e+06,1.4524e+07
0,0,0,3.87683e+08,0,2.91522e+07,-4.15449e+06,4.15449e+06,1.4524e+07
0,0,0,3.87683e+08,0,3.0574e+07,-4.32229e+06,4.32229e+06,1.4524e+07
0,0,0,3.87683e+08,0,3.05765e+07,-4.32258e+06,4.32258e+06,1.4524e+07
0,0,0,3.87683e+08,0,3.0579e+07,-4.32288e+06,4.32288e+06,1.4524e+07
0,0,0,3.87683e+08,0,3.05815e+07,-4.32318e+06,4.32318e+06,1.4524e+07
0,0,0,3.87683e+08,0,3.0584e+07,-4.32347e+06,4.32347e+06,1.4524e+07
0,0,0,3.87683e+08,0,3.09209e+07,-4.36323e+06,4.36323e+06,1.4524e+07
0,0,0,3.87683e+08,0,3.09234e+07,-4.36353e+06,4.36353e+06,1.4524e+07
0,0,0,3.87683e+08,0,3.09259e+07,-4.36383e+06,4.36383e+06,1.4524e+07
0,0,0,3.87683e+08,0,3.44182e+07,-874358,874358,1.28429e+07
0,0,0,3.87683e+08,0,3.16392e+07,-4.44802e+06,4.44802e+06,1.4524e+07
0,0,0,3.87683e+08,0,3.16418e+07,-4.44832e+06,4.44832e+06,1.4524e+07
0,0,0,3.87683e+08,0,3.52187e+07,-874358,874358,1.28429e+07
0,0,0,3.87683e+08,0,3.52216e+07,-874358,874358,1.28429e+07
0,0,0,3.87683e+08,0,3.39991e+07,-4.72654e+06,4.72654e+06,1.4524e+07
0,0,0,3.87683e+08,0,3.40019e+07,-4.72687e+06,4.72687e+06,1.4524e+07
0,0,0,3.87683e+08,0,3.40047e+07,-4.7272e+06,4.7272e+06,1.4524e+07
0,0,0,3.87683e+08,0,3.40075e+07,-4.72753e+06,4.72753e+06,1.4524e+07
0,0,0,3.87683e+08,0,3.40103e+07,-4.72786e+06,4.72786e+06,1.4524e+07
0,0,0,3.87683e+08,0,3.26933e+07,-4.57243e+06,4.57243e+06,1.4524e+07
0,0,0,3.87683e+08,0,3.2696e+07,-4.57274e+06,4.57274e+06,1.4524e+07
0,0,0,3.87683e+08,0,3.26987e+07,-4.57306e+06,4.57306e+06,1.4524e+07
0,0,0,3.87683e+08,0,3.27014e+07,-4.57338e+06,4.57338e+06,1.4524e+07
0,0,0,3.87683e+08,0,3.15413e+07,-4.43646e+06,4.43646e+06,1.4524e+07
0,0,0,3.87683e+08,0,3.15439e+07,-4.43676e+06,4.43676e+06,1.4524e+07
0,0,0,3.87683e+08,0,3.15465e+07,-4.43707e+06,4.43707e+06,1.4524e+07
0,0,0,3.87683e+08,0,3.15491e+07,-4.43737e+06,4.43737e+06,1.4524e+07
0,0,0,3.87683e+08,0,2.88581e+07,-4.11977e+06,4.11977e+06,1.4524e+07
0,0,0,3.87683e+08,0,2.88605e+07,-4.12005e+06,4.12005e+06,1.4524e+07
0,0,0,3.87683e+08,0,2.88628e+07,-4.12033e+06,4.12033e+06,1.4524e+07
0,0,0,3.87683e+08,0,2.88652e+07,-4.12061e+06,4.12061e+06,1.4524e+07
0,0,0,3.87683e+08,0,2.88675e+07,-4.12089e+06,4.12089e+06,1.4524e+07
0,0,0,3.87683e+08,0,2.97467e+07,-4.22465e+06,4.22465e+06,1.4524e+07
0,0,0,3.87683e+08,0,2.97489e+07,-4.22491e+06,4.22491e+06,1.4524e+07
0,0,0,3.87683e+08,0,2.97511e+07,-4.22517e+06,4.22517e+06,1.4524e+07
0,0,0,3.87683e+08,0,2.97533e+07,-4.22543e+06,4.22543e+06,1.4524e+07
0,0,0,3.87683e+08,0,3.6551e+07,-874358,874358,1.28429e+07
0,0,0,3.87683e+08,0,3.65537e+07,-874358,874358,1.28429e+07
0,0,0,3.87683e+08,0,3.65564e+07,-874358,874358,1.28429e+07
0,0,0,3.87683e+08,0,3.65592e+07,-874358,874358,1.28429e+07
0,0,0,3.87683e+08,0,3.18198e+07,-874358,874358,1.28429e+07
0,0,0,3.87683e+08,0,3.18222e+07,-874358,874358,1.28429e+07
0,0,0,3.87683e+08,0,3.18245e+07,-874358,874358,1.28429e+07
0,0,0,3.87683e+08,0,3.18269e+07,-874358,874358,1.28429e+07
0,0,0,3.87683e+08,0,3.04689e+07,0,0,1.28429e+07
0,0,0,3.87683e+08,0,2.96656e+07,-4.21507e+06,4.21507e+06,1.4524e+07
0,0,0,3.87683e+08,0,2.96678e+07,-4.21533e+06,4.21533e+06,1.4524e+07
0,0,0,3.87683e+08,0,2.96699e+07,-4.21559e+06,4.21559e+06,1.4524e+07
0,0,0,3.87683e+08,0,2.96721e+07,-4.21585e+06,4.21585e+06,1.4524e+07
0,0,0,3.87683e+08,0,2.92649e+07,-4.16779e+06,4.16779e+06,1.4524e+07
0,0,0,3.87683e+08,0,3.1902e+07,-1.53309e+06,1.53309e+06,1.28429e+07
0,0,0,3.87683e+08,0,3.25632e+07,-874358,874358,1.28429e+07
0,0,0,3.87683e+08,0,3.25656e+07,-874358,874358,1.28429e+07
0,0,0,3.87683e+08,0,3.41616e+07,-874358,874358,1.28429e+07
0,0,0,3.87683e+08,0,3.41641e+07,-874358,874358,1.28429e+07
0,0,0,3.87683e+08,0,3.41667e+07,-874358,874358,1.28429e+07
0,0,0,3.87683e+08,0,3.41692e+07,-874358,874358,1.28429e+07
0,0,0,3.87683e+08,0,3.41717e+07,-874358,874358,1.28429e+07
0,0,0,3.87683e+08,0,3.45497e+07,-874358,874358,1.28429e+07
0,0,0,3.87683e+08,0,3.45522e+07,-874358,874358,1.28429e+07
0,0,0,3.87683e+08,0,3.45548e+07,-874358,874358,1.28429e+07
0,0,0,3.87683e+08,0,3.45573e+07,-874358,874358,1.28429e+07
0,0,0,3.87683e+08,0,3.5355e+07,-874358,874358,1.28429e+07
0,0,0,3.87683e+08,0,3.53577e+07,-874358,874358,1.28429e+07
0,0,0,3.87683e+08,0,3.53603e+07,-874358,874358,1.28429e+07
0,0,0,3.87683e+08,0,3.53629e+07,-874358,874358,1.28429e+07
0,0,0,3.87683e+08,0,3.80033e+07,-874358,874358,1.28429e+07
0,0,0,3.87683e+08,0,3.80061e+07,-874358,874358,1.28429e+07
0,0,0,3.87683e+08,0,3.80089e+07,-874358,874358,1.28429e+07
0,0,0,3.87683e+08,0,3.80117e+07,-874358,874358,1.28429e+07
0,0,0,3.87683e+08,0,3.80145e+07,-874358,874358,1.28429e+07
0,0,0,3.87683e+08,0,3.65357e+07,-874358,874358,1.28429e+07
0,0,0,3.87683e+08,0,3.65384e+07,-874358,874358,1.28429e+07
0,0,0,3.87683e+08,0,3.65412e+07,-874358,874358,1.28429e+07
0,0,0,3.87683e+08,0,3.65439e+07,-874358,874358,1.28429e+07
0,0,0,3.87683e+08,0,3.52412e+07,-874358,874358,1.28429e+07
0,0,0,3.87683e+08,0,3.52438e+07,-874358,874358,1.28429e+07
0,0,0,3.87683e+08,0,3.52464e+07,-874358,874358,1.28429e+07
0,0,0,3.87683e+08,0,3.52491e+07,-874358,874358,1.28429e+07
0,0,0,3.87683e+08,0,3.2228e+07,-874358,874358,1.28429e+07
0,0,0,3.87683e+08,0,3.22304e+07,-874358,874358,1.28429e+07
0,0,0,3.87683e+08,0,3.22328e+07,-874358,874358,1.28429e+07
0,0,0,3.87683e+08,0,3.22352e+07,-874358,874358,1.28429e+07
0,0,0,3.87683e+08,0,3.22376e+07,-874358,874358,1.28429e+07
0,0,0,3.87683e+08,0,3.32241e+07,-874358,874358,1.28429e+07
0,0,0,3.87683e+08,0,3.32263e+07,-874358,874358,1.28429e+07
0,0,0,3.87683e+08,0,3.32285e+07,-874358,874358,1.28429e+07
0,0,0,3.87683e+08,0,3.32307e+07,-874358,874358,1.28429e+07
0,0,0,3.87683e+08,0,3.66908e+07,-874358,874358,1.28429e+07
0,0,0,3.87683e+08,0,3.66932e+07,-874358,874358,1.28429e+07
0,0,0,3.87683e+08,0,3.66956e+07,-874358,874358,1.28429e+07
0,0,0,3.87683e+08,0,3.6698e+07,-874358,874358,1.28429e+07
0,0,0,3.87683e+08,0,3.19397e+07,-874358,874358,1.28429e+07
0,0,0,3.87683e+08,0,3.19418e+07,-874358,874358,1.28429e+07
0,0,0,3.87683e+08,0,3.12982e+07,-1.52007e+06,1.52007e+06,1.28429e+07
0,0,0,3.87683e+08,0,2.87172e+07,-4.10315e+06,4.10315e+06,1.4524e+07
0,0,0,3.87683e+08,0,2.87191e+07,-4.10337e+06,4.10337e+06,1.4524e+07
0,0,0,3.87683e+08,0,2.97758e+07,-4.22808e+06,4.22808e+06,1.4524e+07
0,0,0,3.87683e+08,0,2.97777e+07,-4.22831e+06,4.22831e+06,1.4524e+07
0,0,0,3.87683e+08,0,2.97796e+07,-4.22854e+06,4.22854e+06,1.4524e+07
0,0,0,3.87683e+08,0,2.97816e+07,-4.22877e+06,4.22877e+06,1.4524e+07
0,0,0,3.87683e+08,0,2.93726e+07,-4.18049e+06,4.18049e+06,1.4524e+07
0,0,0,3.87683e+08,0,3.20196e+07,-1.53563e+06,1.53563e+06,1.28429e+07
0,0,0,3.87683e+08,0,2.93764e+07,-4.18095e+06,4.18095e+06,1.4524e+07
0,0,0,3.87683e+08,0,2.93783e+07,-4.18117e+06,4.18117e+06,1.4524e+07
0,0,0,3.87683e+08,0,3.08111e+07,-4.35027e+06,4.35027e+06,1.4524e+07
0,0,0,3.87683e+08,0,3.42893e+07,-874358,874358,1.28429e+07
0,0,0,3.87683e+08,0,3.42915e+07,-874358,874358,1.28429e+07
0,0,0,3.87683e+08,0,3.42938e+07,-874358,874358,1.28429e+07
0,0,0,3.87683e+08,0,3.4296e+07,-874358,874358,1.28429e+07
0,0,0,3.87683e+08,0,3.46751e+07,-874358,874358,1.28429e+07
0,0,0,3.87683e+08,0,3.46774e+07,-874358,874358,1.28429e+07
0,0,0,3.87683e+08,0,3.46796e+07,-874358,874358,1.28429e+07
0,0,0,3.87683e+08,0,3.46819e+07,-874358,874358,1.28429e+07
0,0,0,3.87683e+08,0,3.4122e+07,0,0,1.28429e+07
0,0,0,3.87683e+08,0,3.54847e+07,-874358,874358,1.28429e+07
0,0,0,3.87683e+08,0,3.41266e+07,0,0,1.28429e+07
0,0,0,3.87683e+08,0,3.4129e+07,0,0,1.28429e+07
0,0,0,3.87683e+08,0,3.67788e+07,0,0,1.28429e+07
0,0,0,3.87683e+08,0,3.67813e+07,0,0,1.28429e+07
0,0,0,3.87683e+08,0,3.67839e+07,0,0,1.28429e+07
0,0,0,3.87683e+08,0,3.67864e+07,0,0,1.28429e+07
0,0,0,3.87683e+08,0,3.67889e+07,0,0,1.28429e+07
0,0,0,3.87683e+08,0,3.53043e+07,0,0,1.28429e+07
0,0,0,3.87683e+08,0,3.53067e+07,0,0,1.28429e+07
0,0,0,3.87683e+08,0,3.53092e+07,0,0,1.28429e+07
0,0,0,3.87683e+08,0,3.53116e+07,0,0,1.28429e+07
0,0,0,3.87683e+08,0,3.40039e+07,0,0,1.28429e+07
0,0,0,3.87683e+08,0,3.40062e+07,0,0,1.28429e+07
0,0,0,3.87683e+08,0,3.40085e+07,0,0,1.28429e+07
0,0,0,3.87683e+08,0,3.40109e+07,0,0,1.28429e+07
0,0,0,3.87683e+08,0,3.09787e+07,0,0,1.28429e+07
0,0,0,3.87683e+08,0,3.09808e+07,0,0,1.28429e+07
0,0,0,3.87683e+08,0,3.09829e+07,0,0,1.28429e+07
0,0,0,3.87683e+08,0,3.0985e+07,0,0,1.28429e+07
0,0,0,3.87683e+08,0,3.09872e+07,0,0,1.28429e+07
0,0,0,3.87683e+08,0,3.09872e+07,0,0,1.28429e+07
0,0,0,3.87683e+08,0,3.1977e+07,0,0,1.28429e+07
0,0,0,3.87683e+08,0,3.19789e+07,0,0,1.28429e+07
0,0,0,3.87683e+08,0,3.19808e+07,0,0,1.28429e+07
0,0,0,3.87683e+08,0,3.19827e+07,0,0,1.28429e+07
0,0,0,3.87683e+08,0,3.54547e+07,0,0,1.28429e+07
0,0,0,3.87683e+08,0,3.54568e+07,0,0,1.28429e+07
0,0,0,3.87683e+08,0,3.54589e+07,0,0,1.28429e+07
0,0,0,3.87683e+08,0,3.54611e+07,0,0,1.28429e+07
0,0,0,3.87683e+08,0,3.06859e+07,0,0,1.28429e+07
0,0,0,3.87683e+08,0,3.06877e+07,0,0,1.28429e+07
0,0,0,3.87683e+08,0,3.06896e+07,0,0,1.28429e+07
0,0,0,3.87683e+08,0,3.06914e+07,0,0,1.28429e+07
0,0,0,3.87683e+08,0,3.06933e+07,0,0,1.28429e+07
0,0,0,3.87683e+08,0,3.18784e+07,0,0,1.28429e+07
0,0,0,3.87683e+08,0,3.18803e+07,0,0,1.28429e+07
0,0,0,3.87683e+08,0,3.18822e+07,0,0,1.28429e+07
0,0,0,3.87683e+08,0,3.18841e+07,0,0,1.28429e+07
0,0,0,3.87683e+08,0,3.1425e+07,0,0,1.28429e+07
0,0,0,3.87683e+08,0,3.14269e+07,0,0,1.28429e+07
0,0,0,3.87683e+08,0,3.14288e+07,0,0,1.28429e+07
0,0,0,3.87683e+08,0,3.14306e+07,0,0,1.28429e+07
0,0,0,3.87683e+08,0,3.30377e+07,0,0,1.28429e+07
0,0,0,3.87683e+08,0,3.30396e+07,0,0,1.28429e+07
0,0,0,3.87683e+08,0,3.30416e+07,0,0,1.28429e+07
0,0,0,3.87683e+08,0,3.30436e+07,0,0,1.28429e+07
0,0,0,3.87683e+08,0,3.30456e+07,0,0,1.28429e+07
0,0,0,3.87683e+08,0,3.34256e+07,0,0,1.28429e+07
0,0,0,3.87683e+08,0,3.34276e+07,0,0,1.28429e+07
0,0,0,3.87683e+08,0,3.34296e+07,0,0,1.28429e+07
0,0,0,3.87683e+08,0,3.34316e+07,0,0,1.28429e+07
0,0,0,3.87683e+08,0,3.42343e+07,0,0,1.28429e+07
0,0,0,3.87683e+08,0,3.42364e+07,0,0,1.28429e+07
0,0,0,3.87683e+08,0,3.42384e+07,0,0,1.28429e+07
0,0,0,3.87683e+08,0,3.42405e+07,0,0,1.28429e+07
0,0,0,3.87683e+08,0,3.68987e+07,0,0,1.28429e+07
0,0,0,3.87683e+08,0,3.69009e+07,0,0,1.28429e+07
0,0,0,3.87683e+08,0,3.69031e+07,0,0,1.28429e+07
0,0,0,3.87683e+08,0,3.69053e+07,0,0,1.28429e+07
0,0,0,3.87683e+08,0,3.69075e+07,0,0,1.28429e+07
0,0,0,3.87683e+08,0,3.54178e+07,0,0,1.28429e+07
0,0,0,3.87683e+08,0,3.542e+07,0,0,1.28429e+07
0,0,0,3.87683e+08,0,3.54221e+07,0,0,1.28429e+07
0,0,0,3.87683e+08,0,3.54242e+07,0,0,1.28429e+07
0,0,0,3.87683e+08,0,3.41121e+07,0,0,1.28429e+07
0,0,0,3.87683e+08,0,3.41141e+07,0,0,1.28429e+07
0,0,0,3.87683e+08,0,3.41161e+07,0,0,1.28429e+07
0,0,0,3.87683e+08,0,3.41182e+07,0,0,1.28429e+07
0,0,0,3.87683e+08,0,3.10762e+07,0,0,1.28429e+07
0,0,0,3.87683e+08,0,3.1078e+07,0,0,1.28429e+07
0,0,0,3.87683e+08,0,3.10799e+07,0,0,1.28429e+07
0,0,0,3.87683e+08,0,3.10817e+07,0,0,1.28429e+07
0,0,0,3.87683e+08,0,3.10836e+07,0,0,1.28429e+07
0,0,0,3.87683e+08,0,3.20762e+07,0,0,1.28429e+07
0,0,0,3.87683e+08,0,3.20779e+07,0,0,1.28429e+07
0,0,0,3.87683e+08,0,3.20795e+07,0,0,1.28429e+07
0,0,0,3.87683e+08,0,3.20812e+07,0,0,1.28429e+07
0,0,0,3.87683e+08,0,3.55635e+07,0,0,1.28429e+07
0,0,0,3.87683e+08,0,3.55654e+07,0,0,1.28429e+07
0,0,0,3.87683e+08,0,3.55672e+07,0,0,1.28429e+07
0,0,0,3.87683e+08,0,3.5569e+07,0,0,1.28429e+07
0,0,0,3.87683e+08,0,3.07791e+07,0,0,1.28429e+07
0,0,0,3.87683e+08,0,3.07806e+07,0,0,1.28429e+07
0,0,0,3.87683e+08,0,3.07822e+07,0,0,1.28429e+07
0,0,0,3.87683e+08,0,3.07838e+07,0,0,1.28429e+07
0,0,0,3.87683e+08,0,3.07854e+07,0,0,1.28429e+07
0,0,0,3.87683e+08,0,3.19738e+07,0,0,1.28429e+07
0,0,0,3.87683e+08,0,3.19755e+07,0,0,1.28429e+07
0,0,0,3.87683e+08,0,3.19771e+07,0,0,1.28429e+07
0,0,0,3.87683e+08,0,3.19788e+07,0,0,1.28429e+07
0,0,0,3.87683e+08,0,3.1518e+07,0,0,1.28429e+07
0,0,0,3.87683e+08,0,3.15196e+07,0,0,1.28429e+07
0,0,0,3.87683e+08,0,3.15213e+07,0,0,1.28429e+07
0,0,0,3.87683e+08,0,3.15229e+07,0,0,1.28429e+07
0,0,0,3.87683e+08,0,3.31343e+07,0,0,1.28429e+07
0,0,0,3.87683e+08,0,3.3136e+07,0,0,1.28429e+07
0,0,0,3.87683e+08,0,3.31377e+07,0,0,1.28429e+07
0,0,0,3.87683e+08,0,3.31394e+07,0,0,1.28429e+07
0,0,0,3.87683e+08,0,3.31411e+07,0,0,1.28429e+07
0,0,0,3.87683e+08,0,3.3522e+07,0,0,1.28429e+07
0,0,0,3.87683e+08,0,3.35237e+07,0,0,1.28429e+07
0,0,0,3.87683e+08,0,3.35254e+07,0,0,1.28429e+07
0,0,0,3.87683e+08,0,3.35271e+07,0,0,1.28429e+07
0,0,0,3.87683e+08,0,3.43319e+07,0,0,1.28429e+07
0,0,0,3.87683e+08,0,3.43337e+07,0,0,1.28429e+07
0,0,0,3.87683e+08,0,3.43354e+07,0,0,1.28429e+07
0,0,0,3.87683e+08,0,3.43372e+07,0,0,1.28429e+07
0,0,0,3.87683e+08,0,3.70026e+07,0,0,1.28429e+07
0,0,0,3.87683e+08,0,3.70045e+07,0,0,1.28429e+07
0,0,0,3.87683e+08,0,3.70064e+07,0,0,1.28429e+07
0,0,0,3.87683e+08,0,3.70083e+07,0,0,1.28429e+07
0,0,0,3.87683e+08,0,3.70102e+07,0,0,1.28429e+07
0,0,0,3.87683e+08,0,3.55161e+07,0,0,1.28429e+07
0,0,0,3.87683e+08,0,3.55179e+07,0,0,1.28429e+07
0,0,0,3.87683e+08,0,3.55197e+07,0,0,1.28429e+07
0,0,0,3.87683e+08,0,3.55215e+07,0,0,1.28429e+07
0,0,0,3.87683e+08,0,3.42055e+07,0,0,1.28429e+07
0,0,0,3.87683e+08,0,3.42073e+07,0,0,1.28429e+07
0,0,0,3.87683e+08,0,3.4209e+07,0,0,1.28429e+07
0,0,0,3.87683e+08,0,3.42108e+07,0,0,1.28429e+07
0,0,0,3.87683e+08,0,3.11602e+07,0,0,1.28429e+07
0,0,0,3.87683e+08,0,3.11618e+07,0,0,1.28429e+07
0,0,0,3.87683e+08,0,3.11634e+07,0,0,1.28429e+07
0,0,0,3.87683e+08,0,3.1165e+07,0,0,1.28429e+07
0,0,0,3.87683e+08,0,3.11666e+07,0,0,1.28429e+07
0,0,0,3.87683e+08,0,3.21617e+07,0,0,1.28429e+07
0,0,0,3.87683e+08,0,3.2163e+07,0,0,1.28429e+07
0,0,0,3.87683e+08,0,3.21644e+07,0,0,1.28429e+07
0,0,0,3.87683e+08,0,3.21658e+07,0,0,1.28429e+07
0,0,0,3.87683e+08,0,3.56571e+07,0,0,1.28429e+07
0,0,0,3.87683e+08,0,3.56586e+07,0,0,1.28429e+07
0,0,0,3.87683e+08,0,3.56601e+07,0,0,1.28429e+07
0,0,0,3.87683e+08,0,3.56617e+07,0,0,1.28429e+07
0,0,0,3.87683e+08,0,3.0859e+07,0,0,1.28429e+07
0,0,0,3.87683e+08,0,3.08603e+07,0,0,1.28429e+07
0,0,0,3.87683e+08,0,3.08616e+07,0,0,1.28429e+07
0,0,0,3.87683e+08,0,3.08629e+07,0,0,1.28429e+07
0,0,0,3.87683e+08,0,3.08643e+07,0,0,1.28429e+07
0,0,0,3.87683e+08,0,3.20555e+07,0,0,1.28429e+07
0,0,0,3.87683e+08,0,3.20569e+07,0,0,1.28429e+07
0,0,0,3.87683e+08,0,3.20583e+07,0,0,1.28429e+07
0,0,0,3.87683e+08,0,3.20596e+07,0,0,1.28429e+07
0,0,0,3.87683e+08,0,3.15975e+07,0,0,1.28429e+07
0,0,0,3.87683e+08,0,3.15988e+07,0,0,1.28429e+07
0,0,0,3.87683e+08,0,3.16002e+07,0,0,1.28429e+07
0,0,0,3.87683e+08,0,3.16015e+07,0,0,1.28429e+07
0,0,0,3.87683e+08,0,3.32167e+07,0,0,1.28429e+07
0,0,0,3.87683e+08,0,3.32181e+07,0,0,1.28429e+07
0,0,0,3.87683e+08,0,3.32196e+07,0,0,1.28429e+07
0,0,0,3.87683e+08,0,3.3221e+07,0,0,1.28429e+07
0,0,0,3.87683e+08,0,3.32224e+07,0,0,1.28429e+07
0,0,0,3.87683e+08,0,3.36039e+07,0,0,1.28429e+07
0,0,0,3.87683e+08,0,3.36054e+07,0,0,1.28429e+07
0,0,0,3.87683e+08,0,3.36068e+07,0,0,1.28429e+07
0,0,0,3.87683e+08,0,3.36083e+07,0,0,1.28429e+07
0,0,0,3.87683e+08,0,3.44147e+07,0,0,1.28429e+07
0,0,0,3.87683e+08,0,3.44162e+07,0,0,1.28429e+07
0,0,0,3.87683e+08,0,3.44176e+07,0,0,1.28429e+07
0,0,0,3.87683e+08,0,3.44191e+07,0,0,1.28429e+07
0,0,0,3.87683e+08,0,3.70906e+07,0,0,1.28429e+07
0,0,0,3.87683e+08,0,3.70921e+07,0,0,1.28429e+07
0,0,0,3.87683e+08,0,3.70937e+07,0,0,1.28429e+07
0,0,0,3.87683e+08,0,3.70953e+07,0,0,1.28429e+07
0,0,0,3.87683e+08,0,3.70969e+07,0,0,1.28429e+07
0,0,0,3.87683e+08,0,3.5599e+07,0,0,1.28429e+07
0,0,0,3.87683e+08,0,3.56006e+07,0,0,1.28429e+07
0,0,0,3.87683e+08,0,3.56021e+07,0,0,1.28429e+07
0,0,0,3.87683e+08,0,3.56036e+07,0,0,1.28429e+07
0,0,0,3.87683e+08,0,3.42843e+07,0,0,1.28429e+07
0,0,0,3.87683e+08,0,3.42857e+07,0,0,1.28429e+07
0,0,0,3.87683e+08,0,3.42872e+07,0,0,1.28429e+07
0,0,0,3.87683e+08,0,3.42887e+07,0,0,1.28429e+07
0,0,0,3.87683e+08,0,3.12309e+07,0,0,1.28429e+07
0,0,0,3.87683e+08,0,3.12323e+07,0,0,1.28429e+07
0,0,0,3.87683e+08,0,3.12336e+07,0,0,1.28429e+07
0,0,0,3.87683e+08,0,3.1235e+07,0,0,1.28429e+07
0,0,0,3.87683e+08,0,3.12363e+07,0,0,1.28429e+07
0,0,0,3.87683e+08,0,3.22333e+07,0,0,1.28429e+07
0,0,0,3.87683e+08,0,3.22344e+07,0,0,1.28429e+07
0,0,0,3.87683e+08,0,3.22355e+07,0,0,1.28429e+07
0,0,0,3.87683e+08,0,3.22366e+07,0,0,1.28429e+07
0,0,0,3.87683e+08,0,3.57352e+07,0,0,1.28429e+07
0,0,0,3.87683e+08,0,3.57365e+07,0,0,1.28429e+07
0,0,0,3.87683e+08,0,3.57377e+07,0,0,1.28429e+07
0,0,0,3.87683e+08,0,3.57389e+07,0,0,1.28429e+07
0,0,0,3.87683e+08,0,3.09256e+07,0,0,1.28429e+07
0,0,0,3.87683e+08,0,3.09266e+07,0,0,1.28429e+07
0,0,0,3.87683e+08,0,3.09277e+07,0,0,1.28429e+07
0,0,0,3.87683e+08,0,3.09288e+07,0,0,1.28429e+07
0,0,0,3.87683e+08,0,3.09298e+07,0,0,1.28429e+07
0,0,0,3.87683e+08,0,3.21233e+07,0,0,1.28429e+07
0,0,0,3.87683e+08,0,3.34848e+07,-874358,874358,1.28429e+07
0,0,0,3.87683e+08,0,3.00946e+07,-4.26571e+06,4.26571e+06,1.4524e+07
0,0,0,3.87683e+08,0,3.00955e+07,-4.26582e+06,4.26582e+06,1.4524e+07
0,0,0,3.87683e+08,0,3.30236e+07,-874358,874358,1.28429e+07
0,0,0,3.87683e+08,0,3.30247e+07,-874358,874358,1.28429e+07
0,0,0,3.87683e+08,0,3.30258e+07,-874358,874358,1.28429e+07
0,0,0,3.87683e+08,0,3.30269e+07,-874358,874358,1.28429e+07
0,0,0,3.87683e+08,0,3.46451e+07,-874358,874358,1.28429e+07
0,0,0,3.87683e+08,0,3.46462e+07,-874358,874358,1.28429e+07
0,0,0,3.87683e+08,0,3.46474e+07,-874358,874358,1.28429e+07
0,0,0,3.87683e+08,0,3.46485e+07,-874358,874358,1.28429e+07
0,0,0,3.87683e+08,0,3.46497e+07,-874358,874358,1.28429e+07
0,0,0,3.87683e+08,0,3.50317e+07,-874358,874358,1.28429e+07
0,0,0,3.87683e+08,0,3.50328e+07,-874358,874358,1.28429e+07
0,0,0,3.87683e+08,0,3.5034e+07,-874358,874358,1.28429e+07
0,0,0,3.87683e+08,0,3.50352e+07,-874358,874358,1.28429e+07
0,0,0,3.87683e+08,0,3.58429e+07,-874358,874358,1.28429e+07
0,0,0,3.87683e+08,0,3.58441e+07,-874358,874358,1.28429e+07
0,0,0,3.87683e+08,0,3.58453e+07,-874358,874358,1.28429e+07
0,0,0,3.87683e+08,0,3.58464e+07,-874358,874358,1.28429e+07
0,0,0,3.87683e+08,0,3.71624e+07,0,0,1.28429e+07
0,0,0,3.87683e+08,0,3.71637e+07,0,0,1.28429e+07
0,0,0,3.87683e+08,0,3.7165e+07,0,0,1.28429e+07
0,0,0,3.87683e+08,0,3.71663e+07,0,0,1.28429e+07
0,0,0,3.87683e+08,0,3.71676e+07,0,0,1.28429e+07
0,0,0,3.87683e+08,0,3.56665e+07,0,0,1.28429e+07
0,0,0,3.87683e+08,0,3.56677e+07,0,0,1.28429e+07
0,0,0,3.87683e+08,0,3.5669e+07,0,0,1.28429e+07
0,0,0,3.87683e+08,0,3.56702e+07,0,0,1.28429e+07
0,0,0,3.87683e+08,0,3.43481e+07,0,0,1.28429e+07
0,0,0,3.87683e+08,0,3.43493e+07,0,0,1.28429e+07
0,0,0,3.87683e+08,0,3.43504e+07,0,0,1.28429e+07
0,0,0,3.87683e+08,0,3.43516e+07,0,0,1.28429e+07
0,0,0,3.87683e+08,0,3.1288e+07,0,0,1.28429e+07
0,0,0,3.87683e+08,0,3.12891e+07,0,0,1.28429e+07
0,0,0,3.87683e+08,0,3.12902e+07,0,0,1.28429e+07
0,0,0,3.87683e+08,0,3.12913e+07,0,0,1.28429e+07
0,0,0,3.87683e+08,0,3.26527e+07,-874358,874358,1.28429e+07
0,0,0,3.87683e+08,0,3.36512e+07,-874358,874358,1.28429e+07
0,0,0,3.87683e+08,0,3.3652e+07,-874358,874358,1.28429e+07
0,0,0,3.87683e+08,0,3.36528e+07,-874358,874358,1.28429e+07
0,0,0,3.87683e+08,0,3.36537e+07,-874358,874358,1.28429e+07
0,0,0,3.87683e+08,0,3.71582e+07,-874358,874358,1.28429e+07
0,0,0,3.87683e+08,0,3.71591e+07,-874358,874358,1.28429e+07
0,0,0,3.87683e+08,0,3.716e+07,-874358,874358,1.28429e+07
0,0,0,3.87683e+08,0,3.7161e+07,-874358,874358,1.28429e+07
0,0,0,3.87683e+08,0,3.2339e+07,-874358,874358,1.28429e+07
0,0,0,3.87683e+08,0,3.23399e+07,-874358,874358,1.28429e+07
0,0,0,3.87683e+08,0,2.90702e+07,-4.14481e+06,4.14481e+06,1.4524e+07
0,0,0,3.87683e+08,0,2.90709e+07,-4.14489e+06,4.14489e+06,1.4524e+07
0,0,0,3.87683e+08,0,2.90717e+07,-4.14498e+06,4.14498e+06,1.4524e+07
0,0,0,3.87683e+08,0,3.01407e+07,-4.27115e+06,4.27115e+06,1.4524e+07
0,0,0,3.87683e+08,0,3.01415e+07,-4.27124e+06,4.27124e+06,1.4524e+07
0,0,0,3.87683e+08,0,3.01422e+07,-4.27133e+06,4.27133e+06,1.4524e+07
0,0,0,3.87683e+08,0,3.0143e+07,-4.27142e+06,4.27142e+06,1.4524e+07
0,0,0,3.87683e+08,0,3.30756e+07,-874358,874358,1.28429e+07
0,0,0,3.87683e+08,0,3.30764e+07,-874358,874358,1.28429e+07
0,0,0,3.87683e+08,0,3.30772e+07,-874358,874358,1.28429e+07
0,0,0,3.87683e+08,0,3.3078e+07,-874358,874358,1.28429e+07
0,0,0,3.87683e+08,0,3.46986e+07,-874358,874358,1.28429e+07
0,0,0,3.87683e+08,0,3.46995e+07,-874358,874358,1.28429e+07
0,0,0,3.87683e+08,0,3.47003e+07,-874358,874358,1.28429e+07
0,0,0,3.87683e+08,0,3.47012e+07,-874358,874358,1.28429e+07
0,0,0,3.87683e+08,0,3.47021e+07,-874358,874358,1.28429e+07
0,0,0,3.87683e+08,0,3.50844e+07,-874358,874358,1.28429e+07
0,0,0,3.87683e+08,0,3.50853e+07,-874358,874358,1.28429e+07
0,0,0,3.87683e+08,0,3.50861e+07,-874358,874358,1.28429e+07
0,0,0,3.87683e+08,0,3.5087e+07,-874358,874358,1.28429e+07
0,0,0,3.87683e+08,0,3.58957e+07,-874358,874358,1.28429e+07
0,0,0,3.87683e+08,0,3.58966e+07,-874358,874358,1.28429e+07
0,0,0,3.87683e+08,0,3.58975e+07,-874358,874358,1.28429e+07
0,0,0,3.87683e+08,0,3.58984e+07,-874358,874358,1.28429e+07
0,0,0,3.87683e+08,0,3.85784e+07,-874358,874358,1.28429e+07
0,0,0,3.87683e+08,0,3.85794e+07,-874358,874358,1.28429e+07
0,0,0,3.87683e+08,0,3.85804e+07,-874358,874358,1.28429e+07
0,0,0,3.87683e+08,0,3.85813e+07,-874358,874358,1.28429e+07
0,0,0,3.87683e+08,0,3.85823e+07,-874358,874358,1.28429e+07
0,0,0,3.87683e+08,0,3.70788e+07,-874358,874358,1.28429e+07
0,0,0,3.87683e+08,0,3.70797e+07,-874358,874358,1.28429e+07
0,0,0,3.87683e+08,0,3.70806e+07,-874358,874358,1.28429e+07
0,0,0,3.87683e+08,0,3.70815e+07,-874358,874358,1.28429e+07
0,0,0,3.87683e+08,0,3.57573e+07,-874358,874358,1.28429e+07
0,0,0,3.87683e+08,0,3.57581e+07,-874358,874358,1.28429e+07
0,0,0,3.87683e+08,0,3.21277e+07,-4.50567e+06,4.50567e+06,1.4524e+07
0,0,0,3.87683e+08,0,3.21285e+07,-4.50576e+06,4.50576e+06,1.4524e+07
0,0,0,3.87683e+08,0,2.93843e+07,-4.18187e+06,4.18187e+06,1.4524e+07
0,0,0,3.87683e+08,0,2.9385e+07,-4.18196e+06,4.18196e+06,1.4524e+07
0,0,0,3.87683e+08,0,2.93857e+07,-4.18205e+06,4.18205e+06,1.4524e+07
0,0,0,3.87683e+08,0,3.26942e+07,-874358,874358,1.28429e+07
0,0,0,3.87683e+08,0,3.2695e+07,-874358,874358,1.28429e+07
0,0,0,3.87683e+08,0,3.36946e+07,-874358,874358,1.28429e+07
0,0,0,3.87683e+08,0,3.23348e+07,0,0,1.28429e+07
0,0,0,3.87683e+08,0,3.36958e+07,-874358,874358,1.28429e+07
0,0,0,3.87683e+08,0,3.36963e+07,-874358,874358,1.28429e+07
0,0,0,3.87683e+08,0,3.58448e+07,0,0,1.28429e+07
0,0,0,3.87683e+08,0,3.58454e+07,0,0,1.28429e+07
0,0,0,3.87683e+08,0,3.58461e+07,0,0,1.28429e+07
0,0,0,3.87683e+08,0,3.58467e+07,0,0,1.28429e+07
0,0,0,3.87683e+08,0,3.10183e+07,0,0,1.28429e+07
0,0,0,3.87683e+08,0,3.10189e+07,0,0,1.28429e+07
0,0,0,3.87683e+08,0,3.10194e+07,0,0,1.28429e+07
0,0,0,3.87683e+08,0,3.102e+07,0,0,1.28429e+07
0,0,0,3.87683e+08,0,3.10205e+07,0,0,1.28429e+07
0,0,0,3.87683e+08,0,3.2217e+07,0,0,1.28429e+07
0,0,0,3.87683e+08,0,3.22175e+07,0,0,1.28429e+07
0,0,0,3.87683e+08,0,3.22181e+07,0,0,1.28429e+07
0,0,0,3.87683e+08,0,3.22187e+07,0,0,1.28429e+07
0,0,0,3.87683e+08,0,3.17534e+07,0,0,1.28429e+07
0,0,0,3.87683e+08,0,3.17539e+07,0,0,1.28429e+07
0,0,0,3.87683e+08,0,3.17545e+07,0,0,1.28429e+07
0,0,0,3.87683e+08,0,3.17551e+07,0,0,1.28429e+07
0,0,0,3.87683e+08,0,3.33773e+07,0,0,1.28429e+07
0,0,0,3.87683e+08,0,3.33778e+07,0,0,1.28429e+07
0,0,0,3.87683e+08,0,3.33784e+07,0,0,1.28429e+07
0,0,0,3.87683e+08,0,3.3379e+07,0,0,1.28429e+07
0,0,0,3.87683e+08,0,3.33796e+07,0,0,1.28429e+07
0,0,0,3.87683e+08,0,3.37621e+07,0,0,1.28429e+07
0,0,0,3.87683e+08,0,3.37627e+07,0,0,1.28429e+07
0,0,0,3.87683e+08,0,3.37633e+07,0,0,1.28429e+07
0,0,0,3.87683e+08,0,3.37639e+07,0,0,1.28429e+07
0,0,0,3.87683e+08,0,3.45731e+07,0,0,1.28429e+07
0,0,0,3.87683e+08,0,3.45738e+07,0,0,1.28429e+07
0,0,0,3.87683e+08,0,3.45744e+07,0,0,1.28429e+07
0,0,0,3.87683e+08,0,3.4575e+07,0,0,1.28429e+07
0,0,0,3.87683e+08,0,3.72576e+07,0,0,1.28429e+07
0,0,0,3.87683e+08,0,3.72582e+07,0,0,1.28429e+07
0,0,0,3.87683e+08,0,3.72589e+07,0,0,1.28429e+07
0,0,0,3.87683e+08,0,3.72596e+07,0,0,1.28429e+07
0,0,0,3.87683e+08,0,3.86206e+07,-874358,874358,1.28429e+07
0,0,0,3.87683e+08,0,3.71152e+07,-874358,874358,1.28429e+07
0,0,0,3.87683e+08,0,3.71158e+07,-874358,874358,1.28429e+07
0,0,0,3.87683e+08,0,3.71164e+07,-874358,874358,1.28429e+07
0,0,0,3.87683e+08,0,3.33424e+07,-4.64903e+06,4.64903e+06,1.4524e+07
0,0,0,3.87683e+08,0,3.57912e+07,-874358,874358,1.28429e+07
0,0,0,3.87683e+08,0,3.57918e+07,-874358,874358,1.28429e+07
0,0,0,3.87683e+08,0,3.21575e+07,-4.50919e+06,4.50919e+06,1.4524e+07
0,0,0,3.87683e+08,0,3.5793e+07,-874358,874358,1.28429e+07
0,0,0,3.87683e+08,0,3.27216e+07,-874358,874358,1.28429e+07
0,0,0,3.87683e+08,0,3.13618e+07,0,0,1.28429e+07
0,0,0,3.87683e+08,0,3.13624e+07,0,0,1.28429e+07
0,0,0,3.87683e+08,0,3.13629e+07,0,0,1.28429e+07
0,0,0,3.87683e+08,0,3.13635e+07,0,0,1.28429e+07
0,0,0,3.87683e+08,0,3.13635e+07,0,0,1.28429e+07
0,0,0,3.87683e+08,0,3.23637e+07,0,0,1.28429e+07
0,0,0,3.87683e+08,0,3.2364e+07,0,0,1.28429e+07
0,0,0,3.87683e+08,0,3.23643e+07,0,0,1.28429e+07
0,0,0,3.87683e+08,0,3.23646e+07,0,0,1.28429e+07
0,0,0,3.87683e+08,0,3.58763e+07,0,0,1.28429e+07
0,0,0,3.87683e+08,0,3.58766e+07,0,0,1.28429e+07
0,0,0,3.87683e+08,0,3.58769e+07,0,0,1.28429e+07
0,0,0,3.87683e+08,0,3.58773e+07,0,0,1.28429e+07
0,0,0,3.87683e+08,0,3.10445e+07,0,0,1.28429e+07
0,0,0,3.87683e+08,0,3.10448e+07,0,0,1.28429e+07
0,0,0,3.87683e+08,0,3.10451e+07,0,0,1.28429e+07
0,0,0,3.87683e+08,0,3.10454e+07,0,0,1.28429e+07
0,0,0,3.87683e+08,0,3.2406e+07,-874358,874358,1.28429e+07
0,0,0,3.87683e+08,0,3.01995e+07,-4.27809e+06,4.27809e+06,1.4524e+07
0,0,0,3.87683e+08,0,3.01997e+07,-4.27812e+06,4.27812e+06,1.4524e+07
0,0,0,3.87683e+08,0,3.02e+07,-4.27815e+06,4.27815e+06,1.4524e+07
0,0,0,3.87683e+08,0,3.02003e+07,-4.27818e+06,4.27818e+06,1.4524e+07
0,0,0,3.87683e+08,0,2.97836e+07,-4.229e+06,4.229e+06,1.4524e+07
0,0,0,3.87683e+08,0,3.31385e+07,-874358,874358,1.28429e+07
0,0,0,3.87683e+08,0,3.31388e+07,-874358,874358,1.28429e+07
0,0,0,3.87683e+08,0,3.31391e+07,-874358,874358,1.28429e+07
0,0,0,3.87683e+08,0,3.47622e+07,-874358,874358,1.28429e+07
0,0,0,3.87683e+08,0,3.47625e+07,-874358,874358,1.28429e+07
0,0,0,3.87683e+08,0,3.47629e+07,-874358,874358,1.28429e+07
0,0,0,3.87683e+08,0,3.47632e+07,-874358,874358,1.28429e+07
0,0,0,3.87683e+08,0,3.47635e+07,-874358,874358,1.28429e+07
0,0,0,3.87683e+08,0,3.51459e+07,-874358,874358,1.28429e+07
0,0,0,3.87683e+08,0,3.51463e+07,-874358,874358,1.28429e+07
0,0,0,3.87683e+08,0,3.51466e+07,-874358,874358,1.28429e+07
0,0,0,3.87683e+08,0,3.51469e+07,-874358,874358,1.28429e+07
0,0,0,3.87683e+08,0,3.59564e+07,-874358,874358,1.28429e+07
0,0,0,3.87683e+08,0,3.59568e+07,-874358,874358,1.28429e+07
0,0,0,3.87683e+08,0,3.59571e+07,-874358,874358,1.28429e+07
0,0,0,3.87683e+08,0,3.59574e+07,-874358,874358,1.28429e+07
0,0,0,3.87683e+08,0,3.86414e+07,-874358,874358,1.28429e+07
0,0,0,3.87683e+08,0,3.86418e+07,-874358,874358,1.28429e+07
0,0,0,3.87683e+08,0,3.86421e+07,-874358,874358,1.28429e+07
0,0,0,3.87683e+08,0,3.86425e+07,-874358,874358,1.28429e+07
0,0,0,3.87683e+08,0,3.86428e+07,-874358,874358,1.28429e+07
0,0,0,3.87683e+08,0,3.71363e+07,-874358,874358,1.28429e+07
0,0,0,3.87683e+08,0,3.71366e+07,-874358,874358,1.28429e+07
0,0,0,3.87683e+08,0,3.71369e+07,-874358,874358,1.28429e+07
0,0,0,3.87683e+08,0,3.71373e+07,-874358,874358,1.28429e+07
0,0,0,3.87683e+08,0,3.58103e+07,-874358,874358,1.28429e+07
0,0,0,3.87683e+08,0,3.58107e+07,-874358,874358,1.28429e+07
0,0,0,3.87683e+08,0,3.5811e+07,-874358,874358,1.28429e+07
0,0,0,3.87683e+08,0,3.58113e+07,-874358,874358,1.28429e+07
0,0,0,3.87683e+08,0,3.2738e+07,-874358,874358,1.28429e+07
0,0,0,3.87683e+08,0,3.27383e+07,-874358,874358,1.28429e+07
0,0,0,3.87683e+08,0,3.27386e+07,-874358,874358,1.28429e+07
0,0,0,3.87683e+08,0,3.27389e+07,-874358,874358,1.28429e+07
0,0,0,3.87683e+08,0,3.27392e+07,-874358,874358,1.28429e+07
0,0,0,3.87683e+08,0,3.37397e+07,-874358,874358,1.28429e+07
0,0,0,3.87683e+08,0,3.37397e+07,-874358,874358,1.28429e+07
0,0,0,3.87683e+08,0,3.37398e+07,-874358,874358,1.28429e+07
0,0,0,3.87683e+08,0,3.37398e+07,-874358,874358,1.28429e+07
0,0,0,3.87683e+08,0,3.34638e+07,-4.66336e+06,4.66336e+06,1.4524e+07
0,0,0,3.87683e+08,0,3.72528e+07,-874358,874358,1.28429e+07
0,0,0,3.87683e+08,0,3.72529e+07,-874358,874358,1.28429e+07
0,0,0,3.87683e+08,0,3.72529e+07,-874358,874358,1.28429e+07
0,0,0,3.87683e+08,0,3.24178e+07,-874358,874358,1.28429e+07
0,0,0,3.87683e+08,0,2.91393e+07,-4.15296e+06,4.15296e+06,1.4524e+07
0,0,0,3.87683e+08,0,2.91393e+07,-4.15296e+06,4.15296e+06,1.4524e+07
0,0,0,3.87683e+08,0,2.91393e+07,-4.15297e+06,4.15297e+06,1.4524e+07
0,0,0,3.87683e+08,0,2.91394e+07,-4.15297e+06,4.15297e+06,1.4524e+07
0,0,0,3.87683e+08,0,3.02103e+07,-4.27937e+06,4.27937e+06,1.4524e+07
0,0,0,3.87683e+08,0,3.02104e+07,-4.27937e+06,4.27937e+06,1.4524e+07
0,0,0,3.87683e+08,0,3.02104e+07,-4.27938e+06,4.27938e+06,1.4524e+07
0,0,0,3.87683e+08,0,3.29345e+07,-1.55536e+06,1.55536e+06,1.28429e+07
0,0,0,3.87683e+08,0,3.31491e+07,-874358,874358,1.28429e+07
0,0,0,3.87683e+08,0,3.31492e+07,-874358,874358,1.28429e+07
0,0,0,3.87683e+08,0,3.31492e+07,-874358,874358,1.28429e+07
0,0,0,3.87683e+08,0,3.31493e+07,-874358,874358,1.28429e+07
0,0,0,3.87683e+08,0,3.47726e+07,-874358,874358,1.28429e+07
0,0,0,3.87683e+08,0,3.47727e+07,-874358,874358,1.28429e+07
0,0,0,3.87683e+08,0,3.47727e+07,-874358,874358,1.28429e+07
0,0,0,3.87683e+08,0,3.47728e+07,-874358,874358,1.28429e+07
0,0,0,3.87683e+08,0,3.47728e+07,-874358,874358,1.28429e+07
0,0,0,3.87683e+08,0,3.51551e+07,-874358,874358,1.28429e+07
0,0,0,3.87683e+08,0,3.51551e+07,-874358,874358,1.28429e+07
0,0,0,3.87683e+08,0,3.51552e+07,-874358,874358,1.28429e+07
0,0,0,3.87683e+08,0,3.51552e+07,-874358,874358,1.28429e+07
0,0,0,3.87683e+08,0,3.59647e+07,-874358,874358,1.28429e+07
0,0,0,3.87683e+08,0,3.59647e+07,-874358,874358,1.28429e+07
0,0,0,3.87683e+08,0,3.59647e+07,-874358,874358,1.28429e+07
0,0,0,3.87683e+08,0,3.59648e+07,-874358,874358,1.28429e+07
0,0,0,3.87683e+08,0,3.86491e+07,-874358,874358,1.28429e+07
0,0,0,3.87683e+08,0,3.78618e+07,-1.66164e+06,1.66164e+06,1.28429e+07
0,0,0,3.87683e+08,0,3.86492e+07,-874358,874358,1.28429e+07
0,0,0,3.87683e+08,0,3.47128e+07,-4.81077e+06,4.81077e+06,1.4524e+07
0,0,0,3.87683e+08,0,3.47128e+07,-4.81078e+06,4.81078e+06,1.4524e+07
0,0,0,3.87683e+08,0,3.33648e+07,-4.65168e+06,4.65168e+06,1.4524e+07
0,0,0,3.87683e+08,0,3.33648e+07,-4.65168e+06,4.65168e+06,1.4524e+07
0,0,0,3.87683e+08,0,3.33649e+07,-4.65169e+06,4.65169e+06,1.4524e+07
0,0,0,3.87683e+08,0,3.33649e+07,-4.65169e+06,4.65169e+06,1.4524e+07
0,0,0,3.87683e+08,0,3.21777e+07,-4.51156e+06,4.51156e+06,1.4524e+07
0,0,0,3.87683e+08,0,3.21777e+07,-4.51157e+06,4.51157e+06,1.4524e+07
0,0,0,3.87683e+08,0,3.21777e+07,-4.51157e+06,4.51157e+06,1.4524e+07
0,0,0,3.87683e+08,0,3.21778e+07,-4.51158e+06,4.51158e+06,1.4524e+07
0,0,0,3.87683e+08,0,2.94284e+07,-4.18709e+06,4.18709e+06,1.4524e+07
0,0,0,3.87683e+08,0,3.27412e+07,-874358,874358,1.28429e+07
0,0,0,3.87683e+08,0,3.13809e+07,0,0,1.28429e+07
0,0,0,3.87683e+08,0,3.13809e+07,0,0,1.28429e+07
0,0,0,3.87683e+08,0,3.1381e+07,0,0,1.28429e+07
0,0,0,3.87683e+08,0,3.23812e+07,0,0,1.28429e+07
0,0,0,3.87683e+08,0,3.2381e+07,0,0,1.28429e+07
0,0,0,3.87683e+08,0,3.23808e+07,0,0,1.28429e+07
0,0,0,3.87683e+08,0,3.23805e+07,0,0,1.28429e+07
0,0,0,3.87683e+08,0,3.58933e+07,0,0,1.28429e+07
0,0,0,3.87683e+08,0,3.58931e+07,0,0,1.28429e+07
0,0,0,3.87683e+08,0,3.58928e+07,0,0,1.28429e+07
0,0,0,3.87683e+08,0,3.58926e+07,0,0,1.28429e+07
0,0,0,3.87683e+08,0,3.10572e+07,0,0,1.28429e+07
0,0,0,3.87683e+08,0,3.1057e+07,0,0,1.28429e+07
0,0,0,3.87683e+08,0,3.10568e+07,0,0,1.28429e+07
0,0,0,3.87683e+08,0,3.10566e+07,0,0,1.28429e+07
0,0,0,3.87683e+08,0,3.10564e+07,0,0,1.28429e+07
0,0,0,3.87683e+08,0,3.22534e+07,0,0,1.28429e+07
0,0,0,3.87683e+08,0,3.22532e+07,0,0,1.28429e+07
0,0,0,3.87683e+08,0,3.2253e+07,0,0,1.28429e+07
0,0,0,3.87683e+08,0,3.22528e+07,0,0,1.28429e+07
0,0,0,3.87683e+08,0,3.17862e+07,0,0,1.28429e+07
0,0,0,3.87683e+08,0,3.1786e+07,0,0,1.28429e+07
0,0,0,3.87683e+08,0,3.17858e+07,0,0,1.28429e+07
0,0,0,3.87683e+08,0,3.17856e+07,0,0,1.28429e+07
0,0,0,3.87683e+08,0,3.34085e+07,0,0,1.28429e+07
0,0,0,3.87683e+08,0,3.34083e+07,0,0,1.28429e+07
0,0,0,3.87683e+08,0,3.3408e+07,0,0,1.28429e+07
0,0,0,3.87683e+08,0,3.34078e+07,0,0,1.28429e+07
0,0,0,3.87683e+08,0,3.34076e+07,0,0,1.28429e+07
0,0,0,3.87683e+08,0,3.37895e+07,0,0,1.28429e+07
0,0,0,3.87683e+08,0,3.37893e+07,0,0,1.28429e+07
0,0,0,3.87683e+08,0,3.37891e+07,0,0,1.28429e+07
0,0,0,3.87683e+08,0,3.37888e+07,0,0,1.28429e+07
0,0,0,3.87683e+08,0,3.45978e+07,0,0,1.28429e+07
0,0,0,3.87683e+08,0,3.45976e+07,0,0,1.28429e+07
0,0,0,3.87683e+08,0,3.45974e+07,0,0,1.28429e+07
0,0,0,3.87683e+08,0,3.45971e+07,0,0,1.28429e+07
0,0,0,3.87683e+08,0,3.72805e+07,0,0,1.28429e+07
0,0,0,3.87683e+08,0,3.72803e+07,0,0,1.28429e+07
0,0,0,3.87683e+08,0,3.728e+07,0,0,1.28429e+07
0,0,0,3.87683e+08,0,3.72798e+07,0,0,1.28429e+07
0,0,0,3.87683e+08,0,3.72795e+07,0,0,1.28429e+07
0,0,0,3.87683e+08,0,3.57725e+07,0,0,1.28429e+07
0,0,0,3.87683e+08,0,3.57722e+07,0,0,1.28429e+07
0,0,0,3.87683e+08,0,3.5772e+07,0,0,1.28429e+07
0,0,0,3.87683e+08,0,3.57717e+07,0,0,1.28429e+07
0,0,0,3.87683e+08,0,3.44444e+07,0,0,1.28429e+07
0,0,0,3.87683e+08,0,3.44442e+07,0,0,1.28429e+07
0,0,0,3.87683e+08,0,3.44439e+07,0,0,1.28429e+07
0,0,0,3.87683e+08,0,3.44437e+07,0,0,1.28429e+07
0,0,0,3.87683e+08,0,3.13706e+07,0,0,1.28429e+07
0,0,0,3.87683e+08,0,3.13704e+07,0,0,1.28429e+07
0,0,0,3.87683e+08,0,3.13701e+07,0,0,1.28429e+07
0,0,0,3.87683e+08,0,3.13699e+07,0,0,1.28429e+07
0,0,0,3.87683e+08,0,3.13697e+07,0,0,1.28429e+07
0,0,0,3.87683e+08,0,3.23693e+07,0,0,1.28429e+07
0,0,0,3.87683e+08,0,3.23689e+07,0,0,1.28429e+07
0,0,0,3.87683e+08,0,3.23684e+07,0,0,1.28429e+07
0,0,0,3.87683e+08,0,3.23679e+07,0,0,1.28429e+07
0,0,0,3.87683e+08,0,3.5879e+07,0,0,1.28429e+07
0,0,0,3.87683e+08,0,3.58785e+07,0,0,1.28429e+07
0,0,0,3.87683e+08,0,3.58779e+07,0,0,1.28429e+07
0,0,0,3.87683e+08,0,3.58774e+07,0,0,1.28429e+07
0,0,0,3.87683e+08,0,3.10439e+07,0,0,1.28429e+07
0,0,0,3.87683e+08,0,3.10434e+07,0,0,1.28429e+07
0,0,0,3.87683e+08,0,3.10429e+07,0,0,1.28429e+07
0,0,0,3.87683e+08,0,3.10425e+07,0,0,1.28429e+07
0,0,0,3.87683e+08,0,3.1042e+07,0,0,1.28429e+07
0,0,0,3.87683e+08,0,3.22382e+07,0,0,1.28429e+07
0,0,0,3.87683e+08,0,3.22377e+07,0,0,1.28429e+07
0,0,0,3.87683e+08,0,3.22372e+07,0,0,1.28429e+07
0,0,0,3.87683e+08,0,3.22368e+07,0,0,1.28429e+07
0,0,0,3.87683e+08,0,3.17702e+07,0,0,1.28429e+07
0,0,0,3.87683e+08,0,3.17697e+07,0,0,1.28429e+07
0,0,0,3.87683e+08,0,3.17692e+07,0,0,1.28429e+07
0,0,0,3.87683e+08,0,3.17688e+07,0,0,1.28429e+07
0,0,0,3.87683e+08,0,3.33906e+07,0,0,1.28429e+07
0,0,0,3.87683e+08,0,3.33901e+07,0,0,1.28429e+07
0,0,0,3.87683e+08,0,3.33896e+07,0,0,1.28429e+07
0,0,0,3.87683e+08,0,3.33891e+07,0,0,1.28429e+07
0,0,0,3.87683e+08,0,3.33886e+07,0,0,1.28429e+07
0,0,0,3.87683e+08,0,3.377e+07,0,0,1.28429e+07
0,0,0,3.87683e+08,0,3.37695e+07,0,0,1.28429e+07
0,0,0,3.87683e+08,0,3.3769e+07,0,0,1.28429e+07
0,0,0,3.87683e+08,0,3.37685e+07,0,0,1.28429e+07
0,0,0,3.87683e+08,0,3.45768e+07,0,0,1.28429e+07
0,0,0,3.87683e+08,0,3.45762e+07,0,0,1.28429e+07
0,0,0,3.87683e+08,0,3.45757e+07,0,0,1.28429e+07
0,0,0,3.87683e+08,0,3.45752e+07,0,0,1.28429e+07
0,0,0,3.87683e+08,0,3.72566e+07,0,0,1.28429e+07
0,0,0,3.87683e+08,0,3.7256e+07,0,0,1.28429e+07
0,0,0,3.87683e+08,0,3.72555e+07,0,0,1.28429e+07
0,0,0,3.87683e+08,0,3.72549e+07,0,0,1.28429e+07
0,0,0,3.87683e+08,0,3.72544e+07,0,0,1.28429e+07
0,0,0,3.87683e+08,0,3.5748e+07,0,0,1.28429e+07
0,0,0,3.87683e+08,0,3.57475e+07,0,0,1.28429e+07
0,0,0,3.87683e+08,0,3.5747e+07,0,0,1.28429e+07
0,0,0,3.87683e+08,0,3.57464e+07,0,0,1.28429e+07
0,0,0,3.87683e+08,0,3.44198e+07,0,0,1.28429e+07
0,0,0,3.87683e+08,0,3.44193e+07,0,0,1.28429e+07
0,0,0,3.87683e+08,0,3.44188e+07,0,0,1.28429e+07
