0volume,0demand,0up_spill,0ww_inflow,0catch_inflow,0evap,0ds_spill,0treat_cap,1volume,1demand,1up_spill,1ww_inflow,1catch_inflow,1evap,1ds_spill,1treat_cap,2volume,2s_area,2demand,2up_spill,2ww_inflow,2catch_inflow,2evap,2ds_spill,2treat_cap,2valloc_0,2talloc_0,2valloc_1,2talloc_1,3volume,3demand,3up_spill,3ww_inflow,3catch_inflow,3evap,3ds_spill,3treat_cap,3valloc_0,3talloc_0,3valloc_1,3talloc_1,3valloc_2,3talloc_2,4demand,4up_spill,4ww_inflow,4catch_inflow,4ds_spill,4treat_cap,11volume,11s_area,11demand,11up_spill,11ww_inflow,11catch_inflow,11evap,11ds_spill,11treat_cap
72.29,2.09699,0,0,8.62389,0.291214,6.23569,3.6288,61.308,0,0,0,7.75122,0.238931,7.51229,0.66528,12.849,1,0.372725,6.23569,0,207.821,4.04828,209.636,0.84672,12.849,0.84672,3695.15,0,0.0036966,5.36156e-05,5.64086,0,18.5903,1.16014,23.071,0.42336,0.0018483,0.21168,0.0018483,0.21168,460.486,0,1.12031,0,0,6.76116,5.64086,1.028160,1,0,240.219,0,0,0,240.219,0
72.29,2.09789,0,0,5.70251,0.291214,3.31341,3.6288,61.308,0.0926197,0,0,3.61864,0.238931,3.28709,0.66528,12.849,1,0.372883,3.31341,0,158.312,4.04828,157.205,0.84672,12.849,0.84672,3695.15,0,0.0036966,2.79228e-06,4.4888,1.32838,14.1394,1.16014,18.7964,0.42336,0.0018483,0.21168,0.0018483,0.21168,460.486,0,1.02816,0,0,5.51696,4.4888,1.028160,1,0,179.288,0,0,0,179.288,0
72.29,2.09878,0,0,5.0114,0.291214,2.62141,3.6288,61.308,0.093096,0,0,3.20073,0.238931,2.8687,0.66528,12.849,1,0.373042,2.62141,0,129.681,4.04828,127.881,0.84672,12.849,0.84672,3695.15,0,0.0036966,2.80664e-06,4.12963,1.32895,12.4991,1.16014,16.7975,0.42336,0.0018483,0.21168,0.0018483,0.21168,460.486,0,1.02816,0,0,5.15779,4.12963,1.028160,1,0,147.547,0,0,0,147.547,0
72.29,2.09967,0,0,4.24987,0.291214,1.85899,3.6288,61.308,0.0935725,0,0,2.15492,0.238931,1.82242,0.66528,12.849,1,0.3732,1.85899,0,102.2,4.04828,99.6375,0.84672,12.849,0.84672,3695.15,0,0.0036966,2.821e-06,2.99319,1.32951,12.4488,1.16014,15.6113,0.42336,0.0018483,0.21168,0.0018483,0.21168,460.486,0,1.02816,0,0,4.02135,2.99319,1.028160,1,0,117.071,0,0,0,117.071,0
72.29,2.30545,0,0,5.70339,0.34796,3.04999,3.6288,61.308,0.225993,0,0,3.8888,0.214921,3.44789,0.66528,12.849,1,0.409775,3.04999,0,127.023,3.75965,125.903,0.84672,12.849,0.84672,3695.15,0,0.0036966,6.8132e-06,4.55223,1.33008,12.0555,1.19172,16.7461,0.42336,0.0018483,0.21168,0.0018483,0.21168,460.486,0,1.02816,0,0,5.58039,4.55223,1.028160,1,0,146.097,0,0,0,146.097,0
72.29,2.30642,0,0,5.87131,0.355458,3.20943,3.6288,61.308,0.226526,0,0,5.09963,0.206286,4.66682,0.66528,12.849,1,0.40995,3.20943,0,129.903,3.44348,129.259,0.84672,12.849,0.84672,3695.15,0,0.0036966,6.82926e-06,5.04895,1.47781,14.1204,1.04157,19.6055,0.42336,0.0018483,0.21168,0.0018483,0.21168,460.486,0,1.02816,0,0,6.07711,5.04895,1.028160,1,0,153.532,0,0,0,153.532,0
72.29,2.3074,0,0,7.14466,0.355458,4.4818,3.6288,61.308,0.227059,0,0,5.32407,0.206286,4.89073,0.66528,12.849,1,0.410124,4.4818,0,171.552,3.44348,172.18,0.84672,12.849,0.84672,3695.15,0,0.0036966,6.84533e-06,5.53401,1.47844,19.3019,1.04157,25.2728,0.42336,0.0018483,0.21168,0.0018483,0.21168,460.486,0,1.02816,0,0,6.56217,5.53401,1.028160,1,0,202.343,0,0,0,202.343,0
72.29,2.30838,0,0,6.51332,0.362076,3.84286,3.6288,61.308,0.227592,0,0,6.1282,0.19379,5.70682,0.66528,12.849,1,0.410298,3.84286,0,177.478,3.02384,177.886,0.84672,12.849,0.84672,3695.15,0,0.0036966,6.8614e-06,6.77148,1.47906,15.8213,0.901106,23.1707,0.42336,0.0018483,0.21168,0.0018483,0.21168,460.486,0,1.02816,0,0,7.79964,6.77148,1.028160,1,0,206.764,0,0,0,206.764,0
72.29,2.01664,0,0,7.10878,0.351032,4.74111,3.6288,61.308,0.0507535,0,0,5.68224,0.185464,5.44603,0.66528,12.849,1,0.358442,4.74111,0,160.969,3.31943,162.032,0.84672,12.849,0.84672,3695.15,0,0.0036966,1.5301e-06,5.93969,1.47969,17.8137,0.893076,24.34,0.42336,0.0018483,0.21168,0.0018483,0.21168,460.486,0,1.02816,0,0,6.96785,5.93969,1.028160,1,0,191.819,0,0,0,191.819,0
72.29,2.01749,0,0,6.03129,0.339026,3.67477,3.6288,61.308,0.0512115,0,0,3.26979,0.186249,3.03233,0.66528,12.849,1,0.358594,3.67477,0,118.162,3.77716,117.701,0.84672,12.849,0.84672,3695.15,0,0.0036966,1.54391e-06,2.43391,1.27867,8.93367,0.966062,11.6802,0.42336,0.0018483,0.21168,0.0018483,0.21168,460.486,0,1.02816,0,0,3.46207,2.43391,1.028160,1,0,132.413,0,0,0,132.413,0
72.29,2.01835,0,0,4.24583,0.339026,1.88846,3.6288,61.308,0.0516697,0,0,2.31944,0.186249,2.08152,0.66528,12.849,1,0.358746,1.88846,0,105.046,3.77716,102.799,0.84672,12.849,0.84672,3695.15,0,0.0036966,1.55773e-06,1.96103,1.27921,8.58574,0.966062,10.8599,0.42336,0.0018483,0.21168,0.0018483,0.21168,460.486,0,1.02816,0,0,2.98919,1.96103,1.028160,1,0,115.74,0,0,0,115.74,0
72.29,2.01921,0,0,5.15932,0.259729,2.88038,3.6288,61.308,0.0521279,0,0,2.46917,0.144135,2.2729,0.66528,12.849,1,0.358899,2.88038,0,99.4067,3.1668,98.7613,0.84672,12.849,0.84672,3695.15,0,0.0036966,1.57154e-06,2.17218,1.27976,8.60717,0.878384,11.1807,0.42336,0.0018483,0.21168,0.0018483,0.21168,460.486,0,1.02816,0,0,3.20034,2.17218,1.028160,1,0,112.215,0,0,0,112.215,0
72.29,2.02006,0,0,5.79285,0.260462,3.51233,3.6288,61.308,0.0525863,0,0,2.82375,0.152838,2.61833,0.66528,12.849,1,0.359051,3.51233,0,121.951,3.31617,121.788,0.84672,12.849,0.84672,3695.15,0,0.0036966,1.58536e-06,2.37616,1.2803,8.19271,0.877561,10.9716,0.42336,0.0018483,0.21168,0.0018483,0.21168,460.486,0,1.02816,0,0,3.40432,2.37616,1.028160,1,0,135.378,0,0,0,135.378,0
72.29,2.09476,0,0,7.51369,0.26486,5.15407,3.6288,61.308,0.0965286,0,0,3.26951,0.205059,2.96792,0.66528,12.849,1,0.372328,5.15407,0,137.657,4.21239,138.226,0.84672,12.849,0.84672,3695.15,0,0.0036966,2.91012e-06,2.48238,1.28084,8.67836,0.872624,11.569,0.42336,0.0018483,0.21168,0.0018483,0.21168,460.486,0,1.02816,0,0,3.51054,2.48238,1.028160,1,0,152.763,0,0,0,152.763,0
72.29,2.09565,0,0,5.48566,0.26486,3.12515,3.6288,61.308,0.0970056,0,0,2.85317,0.205059,2.5511,0.66528,12.849,1,0.372486,3.12515,0,127.634,4.21239,126.175,0.84672,12.849,0.84672,3695.15,0,0.0036966,2.9245e-06,2.12998,1.33128,7.11962,0.872624,9.70826,0.42336,0.0018483,0.21168,0.0018483,0.21168,460.486,0,1.02816,0,0,3.15814,2.12998,1.028160,1,0,138.434,0,0,0,138.434,0
72.29,2.09654,0,0,4.54373,0.275094,2.1721,3.6288,61.308,0.0974828,0,0,2.44964,0.1775,2.17466,0.66528,12.849,1,0.372644,2.1721,0,90.6906,3.80538,88.6847,0.84672,12.849,0.84672,3695.15,0,0.0036966,2.93889e-06,1.84681,1.33184,6.28196,0.830953,8.62966,0.42336,0.0018483,0.21168,0.0018483,0.21168,460.486,0,1.02816,0,0,2.87497,1.84681,1.028160,1,0,99.489,0,0,0,99.489,0
72.29,2.09743,0,0,3.95824,0.236679,1.62414,3.6288,61.308,0.0979601,0,0,2.16934,0.177674,1.89371,0.66528,12.849,1,0.372802,1.62414,0,74.7732,3.67972,72.3448,0.84672,12.849,0.84672,3695.15,0,0.0036966,2.95328e-06,1.5707,1.33241,5.47132,0.976278,7.39815,0.42336,0.0018483,0.21168,0.0018483,0.21168,460.486,0,1.02816,0,0,2.59886,1.5707,1.028160,1,0,81.6366,0,0,0,81.6366,0
72.29,2.0694,0,0,3.93758,0.200277,1.66791,3.6288,61.308,0.0815201,0,0,1.83243,0.240771,1.51014,0.66528,12.849,1,0.367819,1.66791,0,77.5086,4.24447,74.5642,0.84672,12.849,0.84672,3695.15,0,0.0036966,2.45765e-06,1.16516,1.33297,5.37435,1.03394,6.83854,0.42336,0.0018483,0.21168,0.0018483,0.21168,460.486,0,1.02816,0,0,2.19332,1.16516,1.028160,1,0,82.9129,0,0,0,82.9129,0
72.29,2.07027,0,0,3.5727,0.19421,1.30822,3.6288,61.308,0.0819905,0,0,1.61948,0.251287,1.2862,0.66528,12.849,1,0.367975,1.30822,0,68.9679,4.3386,65.5696,0.84672,12.849,0.84672,3695.15,0,0.0036966,2.47183e-06,0.84386,1.31408,4.73655,1.04355,5.85094,0.42336,0.0018483,0.21168,0.0018483,0.21168,460.486,0,1.02816,0,0,1.87202,0.84386,1.028160,1,0,72.7067,0,0,0,72.7067,0
72.29,2.07115,0,0,3.23721,0.189889,0.97617,3.6288,61.308,0.082461,0,0,1.45201,0.245598,1.12395,0.66528,12.849,1,0.368131,0.97617,0,60.7667,4.22064,57.1541,0.84672,12.849,0.84672,3695.15,0,0.0036966,2.48602e-06,0.673851,1.31464,4.3323,1.01363,5.30716,0.42336,0.0018483,0.21168,0.0018483,0.21168,460.486,0,1.02816,0,0,1.70201,0.673851,1.028160,1,0,63.5852,0,0,0,63.5852,0
72.29,2.07203,0,0,2.96726,0.163964,0.731269,3.6288,61.308,0.0829315,0,0,1.37229,0.211465,1.07789,0.66528,12.849,1,0.368287,0.731269,0,58.5063,3.51288,55.3564,0.84672,12.849,0.84672,3695.15,0,0.0036966,2.5002e-06,0.591011,1.3152,3.94472,0.834124,5.0168,0.42336,0.0018483,0.21168,0.0018483,0.21168,460.486,0,1.02816,0,0,1.61917,0.591011,1.028160,1,0,61.4511,0,0,0,61.4511,0
72.29,2.17124,0,0,3.16846,0.13686,0.860363,3.6288,61.308,0.143498,0,0,1.52055,0.226075,1.15098,0.66528,12.849,1,0.385921,0.860363,0,58.5658,4.19076,54.8495,0.84672,12.849,0.84672,3695.15,0,0.0036966,4.32613e-06,0.886283,1.31576,4.62402,0.933974,5.89208,0.42336,0.0018483,0.21168,0.0018483,0.21168,460.486,0,1.02816,0,0,1.91444,0.886283,1.028160,1,0,61.8925,0,0,0,61.8925,0
72.29,2.17216,0,0,3.21972,0.100721,0.946843,3.6288,61.308,0.143994,0,0,1.5013,0.245556,1.11175,0.66528,12.849,1,0.386085,0.946843,0,61.9074,5.0946,57.3736,0.84672,12.849,0.84672,3695.15,0,0.0036966,4.34109e-06,0.569471,1.38445,4.53257,1.06711,5.41938,0.42336,0.0018483,0.21168,0.0018483,0.21168,460.486,0,1.02816,0,0,1.59763,0.569471,1.028160,1,0,63.9047,0,0,0,63.9047,0
72.29,2.17308,0,0,3.08297,0.100721,0.809169,3.6288,61.308,0.14449,0,0,1.52621,0.245556,1.13617,0.66528,12.849,1,0.386248,0.809169,0,59.0655,5.0946,54.3939,0.84672,12.849,0.84672,3695.15,0,0.0036966,4.35606e-06,0.76305,1.38503,4.31552,1.06711,5.39649,0.42336,0.0018483,0.21168,0.0018483,0.21168,460.486,0,1.02816,0,0,1.79121,0.76305,1.028160,1,0,60.9265,0,0,0,60.9265,0
72.29,2.174,0,0,2.83985,0.130224,0.535625,3.6288,61.308,0.144987,0,0,1.43026,0.237655,1.04762,0.66528,12.849,1,0.386412,0.535625,0,55.2151,4.58691,50.7774,0.84672,12.849,0.84672,3695.15,0,0.0036966,4.37103e-06,0.674628,1.38562,3.9517,1.08669,4.92525,0.42336,0.0018483,0.21168,0.0018483,0.21168,460.486,0,1.02816,0,0,1.70279,0.674628,1.028160,1,0,56.7503,0,0,0,56.7503,0
72.2599,2.17492,0,0,2.58244,0.0747486,0.36288,3.6288,61.308,0.145483,0,0,1.40687,0.258837,1.00255,0.66528,12.849,1,0.386575,0.36288,0,49.1416,4.67032,44.4476,0.84672,12.849,0.84672,3695.15,0,0.0036966,4.386e-06,0.707936,1.38621,3.86712,1.13815,4.82311,0.42336,0.0018483,0.21168,0.0018483,0.21168,460.486,0,1.02816,0,0,1.7361,0.707936,1.028160,1,0,50.2733,0,0,0,50.2733,0
71.3791,2.15622,0,0,1.73948,0.101207,0.36288,3.6288,61.308,0.179079,0,0,1.17446,0.24855,0.746832,0.66528,12.849,1,0.383411,0.36288,0,33.177,4.55658,28.5999,0.84672,12.849,0.84672,3695.15,0,0.0036966,5.39885e-06,0.740534,1.38679,3.35089,1.09403,4.38418,0.42336,0.0018483,0.21168,0.0018483,0.21168,460.486,0,1.02816,0,0,1.76869,0.740534,1.028160,1,0,33.7309,0,0,0,33.7309,0
70.3417,2.15312,0,0,1.57916,0.100531,0.36288,3.6288,61.308,0.17959,0,0,1.10951,0.24855,0.681374,0.66528,12.849,1,0.387584,0.36288,0,32.1909,4.55658,27.6096,0.84672,12.849,0.84672,3695.15,0,0.0036966,5.41425e-06,0.567017,1.40865,3.1498,1.09403,4.03143,0.42336,0.0018483,0.21168,0.0018483,0.21168,460.486,0,1.02816,0,0,1.59518,0.567017,1.028160,1,0,32.3224,0,0,0,32.3224,0
69.1853,2.14919,0,0,1.44597,0.0903554,0.36288,3.6288,61.308,0.180101,0,0,1.05597,0.270488,0.605383,0.66528,12.849,1,0.392583,0.36288,0,28.3884,4.83888,23.5198,0.84672,12.849,0.84672,3695.15,0,0.0036966,5.42966e-06,0.501569,1.40925,3.05891,1.19708,3.77264,0.42336,0.0018483,0.21168,0.0018483,0.21168,460.486,0,1.02816,0,0,1.52973,0.501569,1.028160,1,0,27.8978,0,0,0,27.8978,0
67.9766,2.14456,0,0,1.36512,0.0663125,0.36288,3.6288,61.308,0.180613,0,0,0.985452,0.325333,0.479506,0.66528,12.849,1,0.398286,0.36288,0,25.2492,5.54463,19.6692,0.84672,12.849,0.84672,3695.15,0,0.0036966,5.44507e-06,0.474828,1.40985,2.91781,1.45469,3.34779,0.42336,0.0018483,0.21168,0.0018483,0.21168,460.486,0,1.02816,0,0,1.50299,0.474828,1.028160,1,0,23.4965,0,0,0,23.4965,0
66.6645,2.18944,0,0,1.30665,0.0664335,0.36288,3.6288,61.308,0.210673,0,0,0.932524,0.306878,0.414973,0.66528,12.849,1,0.413851,0.36288,0,25.9409,5.42223,20.4677,0.84672,12.849,0.84672,3695.15,0,0.0036966,6.35131e-06,0.354456,1.41044,2.61429,1.42218,2.957,0.42336,0.0018483,0.21168,0.0018483,0.21168,460.486,0,1.02816,0,0,1.38262,0.354456,1.028160,1,0,23.8397,0,0,0,23.8397,0
65.3561,2.18354,0,0,1.304,0.0660441,0.36288,3.6288,61.308,0.211197,0,0,0.907165,0.299496,0.396473,0.66528,12.849,1,0.420858,0.36288,0,24.5429,5.37327,19.1116,0.84672,12.849,0.84672,3695.15,0,0.0036966,6.36711e-06,0.331975,1.445,2.49506,1.40918,2.86284,0.42336,0.0018483,0.21168,0.0018483,0.21168,460.486,0,1.02816,0,0,1.36013,0.331975,1.028160,1,0,22.3709,0,0,0,22.3709,0
63.9046,2.17742,0,0,1.15419,0.0653592,0.36288,3.6288,61.308,0.211721,0,0,0.851455,0.299496,0.340238,0.66528,12.849,1,0.42808,0.36288,0,23.1682,5.37327,17.7298,0.84672,12.849,0.84672,3695.15,0,0.0036966,6.38291e-06,0.262483,1.44561,2.49646,1.40918,2.79536,0.42336,0.0018483,0.21168,0.0018483,0.21168,460.486,0,1.02816,0,0,1.29064,0.262483,1.028160,1,0,20.8654,0,0,0,20.8654,0
62.3622,2.17024,0,0,1.05528,0.0645994,0.36288,3.6288,61.308,0.278641,0,0,0.822493,0.299496,0.244356,0.66528,12.849,1,0.436359,0.36288,0,21.7575,5.37327,16.3108,0.84672,12.849,0.84672,3695.15,0,0.0036966,8.40041e-06,0.227405,1.44622,2.37859,1.40918,2.64303,0.42336,0.0018483,0.21168,0.0018483,0.21168,460.486,0,0.961762,0,0,1.18917,0.227405,1.028160,1,0,19.1981,0,0,0,19.1981,0
60.5583,2.3066,0,0,0.916298,0.05062,0.36288,3.6288,61.308,0.451266,0,0,0.781989,0.305561,0.0251614,0.66528,12.849,1,0.475249,0.36288,0,19.3937,5.65928,13.622,0.84672,12.849,0.84672,3695.15,0,0.0036966,1.36047e-05,0.227405,1.44683,2.27092,1.47855,2.46659,0.42336,0.0018483,0.21168,0.0018483,0.21168,460.486,0,0.896495,0,0,1.1239,0.227405,1.028160,1,0,16.1138,0,0,0,16.1138,0
58.7948,2.29589,0,0,0.959541,0.0643111,0.36288,3.6288,61.308,0.419558,0,0,0.81184,0.29353,0.0987529,0.66528,12.849,1,0.487133,0.36288,0,18.0859,5.58915,12.3725,0.84672,12.849,0.84672,3695.15,0,0.0036966,1.26487e-05,0.227405,1.56262,2.08968,1.49512,2.38457,0.42336,0.0018483,0.21168,0.0018483,0.21168,460.486,0,0.928774,0,0,1.15618,0.227405,1.028160,1,0,14.8558,0,0,0,14.8558,0
56.8537,2.28487,0,0,0.769867,0.0632509,0.36288,3.6288,61.027,0.625866,0,0,0.63837,0.29353,0,0.66528,12.849,1,0.499334,0.36288,0,21.2728,5.58915,15.5472,0.84672,12.849,0.84672,3695.15,0,0.0036966,1.88685e-05,0.204422,1.56328,1.73589,1.49512,2.00846,0.42336,0.0018483,0.21168,0.0018483,0.21168,460.486,0,0.72303,0,0,0.927452,0.204422,1.028160,1,0,17.5557,0,0,0,17.5557,0
55.0686,2.27192,0,0,0.911779,0.062063,0.36288,3.6288,61.308,0.321315,0,0,0.974453,0.293008,0.0791048,0.66528,12.849,1,0.513457,0.36288,0,18.2592,5.58915,12.5194,0.84672,12.849,0.84672,3695.15,0,0.0036966,9.73153e-06,0.367001,1.56394,2.34744,1.49512,2.78325,0.42336,0.0018483,0.21168,0.0018483,0.21168,460.486,0,1.02816,0,0,1.39516,0.367001,1.028160,1,0,15.3818,0,0,0,15.3818,0
53.1439,2.25938,0,0,0.76178,0.0642574,0.36288,3.6288,61.2966,0.453718,0,0,0.715124,0.272845,0,0.66528,12.849,1,0.527174,0.36288,0,16.6623,5.03462,11.4634,0.84672,12.849,0.84672,3695.15,0,0.0036966,1.36786e-05,0.204422,1.5646,2.43204,1.27926,2.9218,0.42336,0.0018483,0.21168,0.0018483,0.21168,460.486,0,0.896322,0,0,1.10074,0.204422,1.028160,1,0,14.3852,0,0,0,14.3852,0
51.6085,2.17645,0,0,1.0611,0.0570747,0.36288,3.6288,61.308,0.257472,0,0,1.43706,0.270083,0.898062,0.66528,12.849,1,0.526217,0.36288,0,25.2704,5.27835,19.8287,0.84672,12.849,0.84672,3695.15,0,0.0036966,7.76367e-06,1.28238,1.56527,2.34967,1.34386,3.85344,0.42336,0.0018483,0.21168,0.0018483,0.21168,460.486,0,1.02816,0,0,2.31054,1.28238,1.028160,1,0,24.5802,0,0,0,24.5802,0
49.9326,2.16483,0,0,0.907943,0.0561779,0.36288,3.6288,61.308,0.258015,0,0,0.793722,0.270102,0.265604,0.66528,12.849,1,0.538979,0.36288,0,25.2456,5.27835,19.7912,0.84672,12.849,0.84672,3695.15,0,0.0036966,7.77859e-06,0.259641,1.49978,1.74871,1.34386,2.16426,0.42336,0.0018483,0.21168,0.0018483,0.21168,460.486,0,1.02816,0,0,1.2878,0.259641,1.028160,1,0,22.2211,0,0,0,22.2211,0
48.2944,2.15135,0,0,0.947272,0.071277,0.36288,3.6288,61.308,0.258558,0,0,0.764113,0.254941,0.250613,0.66528,12.849,1,0.5536,0.36288,0,24.266,5.07072,19.0046,0.84672,12.849,0.84672,3695.15,0,0.0036966,7.79496e-06,0.220199,1.50041,1.75977,1.27897,2.20141,0.42336,0.0018483,0.21168,0.0018483,0.21168,460.486,0,1.02816,0,0,1.24836,0.220199,1.028160,1,0,21.4566,0,0,0,21.4566,0
48.3773,2.13742,0,0,2.74803,0.164816,0.36288,3.6288,61.308,0.259102,0,0,1.80059,0.163974,1.37752,0.66528,12.849,1,0.568672,0.36288,0,73.1388,3.82494,69.1081,0.84672,12.849,0.84672,3695.15,0,0.0036966,7.81134e-06,0.895648,1.50105,4.62203,0.889578,6.12914,0.42336,0.0018483,0.21168,0.0018483,0.21168,460.486,0,1.02816,0,0,1.92381,0.895648,1.028160,1,0,76.6147,0,0,0,76.6147,0
48.2925,2.08383,0,0,2.52409,0.162117,0.36288,3.6288,61.308,0.200395,0,0,1.32796,0.170122,0.957443,0.66528,12.849,1,0.553465,0.36288,0,57.2618,3.96474,53.1064,0.84672,12.849,0.84672,3695.15,0,0.0036966,6.04145e-06,0.936541,1.50168,3.06691,0.927244,4.57788,0.42336,0.0018483,0.21168,0.0018483,0.21168,460.486,0,1.02816,0,0,1.9647,0.936541,1.028160,1,0,58.6418,0,0,0,58.6418,0
49.8014,2.08394,0,0,4.11547,0.159834,0.36288,3.6288,61.308,0.200913,0,0,1.70866,0.174734,1.33302,0.66528,12.849,1,0.554466,0.36288,0,62.6009,4.06959,58.3397,0.84672,12.849,0.84672,3695.15,0,0.0036966,6.05708e-06,1.59281,1.44343,5.91553,0.955493,7.99627,0.42336,0.0018483,0.21168,0.0018483,0.21168,460.486,0,1.02816,0,0,2.62097,1.59281,1.028160,1,0,67.669,0,0,0,67.669,0
50.8585,2.09818,0,0,3.68065,0.162452,0.36288,3.6288,61.308,0.201431,0,0,1.55956,0.174734,1.1834,0.66528,12.849,1,0.541342,0.36288,0,85.8142,4.06959,81.5662,0.84672,12.849,0.84672,3695.15,0,0.0036966,6.07271e-06,1.18909,1.44404,5.42098,0.955493,7.09861,0.42336,0.0018483,0.21168,0.0018483,0.21168,460.486,0,1.02816,0,0,2.21725,1.18909,1.028160,1,0,89.8482,0,0,0,89.8482,0
53.6862,2.10805,0,0,5.47236,0.17374,0.36288,3.6288,61.308,0.20195,0,0,3.34287,0.178723,2.96219,0.66528,12.849,1,0.532584,0.36288,0,95.1981,4.16751,90.8609,0.84672,12.849,0.84672,3695.15,0,0.0036966,6.08835e-06,1.74153,1.44465,6.61713,0.992996,8.8103,0.42336,0.0018483,0.21168,0.0018483,0.21168,460.486,0,1.02816,0,0,2.76969,1.74153,1.028160,1,0,102.633,0,0,0,102.633,0
56.8579,1.97106,0,0,5.7411,0.235387,0.36288,3.6288,61.308,0.0788597,0,0,2.64023,0.190887,2.37048,0.66528,12.849,1,0.471744,0.36288,0,114.374,4.51653,109.748,0.84672,12.849,0.84672,3695.15,0,0.0036966,2.37744e-06,2.06834,1.44526,7.60268,1.14301,9.97326,0.42336,0.0018483,0.21168,0.0018483,0.21168,460.486,0,1.02816,0,0,3.0965,2.06834,1.028160,1,0,122.092,0,0,0,122.092,0
58.7276,1.99337,0,0,4.46369,0.237842,0.36288,3.6288,61.308,0.0793265,0,0,3.01782,0.161456,2.77704,0.66528,12.849,1,0.450469,0.36288,0,85.18,3.92028,81.1722,0.84672,12.849,0.84672,3695.15,0,0.0036966,2.39152e-06,1.69411,1.31308,9.8731,0.95552,11.9248,0.42336,0.0018483,0.21168,0.0018483,0.21168,460.486,0,1.02816,0,0,2.72227,1.69411,1.028160,1,0,95.874,0,0,0,95.874,0
64.7038,2.00598,0,0,8.58731,0.242226,0.36288,3.6288,61.308,0.0797934,0,0,4.48204,0.161456,4.24079,0.66528,12.849,1,0.438888,0.36288,0,218.53,3.92028,214.533,0.84672,12.849,0.84672,3695.15,0,0.0036966,2.40559e-06,3.05254,1.31363,14.7328,0.95552,18.1435,0.42336,0.0018483,0.21168,0.0018483,0.21168,460.486,0,1.02816,0,0,4.0807,3.05254,1.028160,1,0,236.918,0,0,0,236.918,0
68.6384,2.04066,0,0,6.5937,0.25558,0.36288,3.6288,61.308,0.0802606,0,0,5.86606,0.169491,5.61631,0.66528,12.849,1,0.405239,0.36288,0,184.275,4.04072,180.192,0.84672,12.849,0.84672,3695.15,0,0.0036966,2.41968e-06,3.37163,1.31419,13.2837,1.00302,16.9664,0.42336,0.0018483,0.21168,0.0018483,0.21168,460.486,0,1.02816,0,0,4.39979,3.37163,1.028160,1,0,202.774,0,0,0,202.774,0
71.6752,2.0611,0,0,5.72837,0.267535,0.36288,3.6288,61.308,0.0807277,0,0,3.13945,0.217699,2.84102,0.66528,12.849,1,0.385835,0.36288,0,118.439,4.76333,113.653,0.84672,12.849,0.84672,3695.15,0,0.0036966,2.43376e-06,2.22755,1.31474,10.6404,1.28803,12.8947,0.42336,0.0018483,0.21168,0.0018483,0.21168,460.486,0,1.02816,0,0,3.25571,2.22755,1.028160,1,0,129.388,0,0,0,129.388,0
72.29,2.14085,0,0,15.0085,0.284129,11.9687,3.6288,61.308,0.117054,0,0,8.45683,0.220621,8.11916,0.66528,12.849,1,0.383784,11.9687,0,345.366,3.88254,353.068,0.84672,12.849,0.84672,3695.15,0,0.0036966,3.52891e-06,3.0531,1.31529,23.4895,1.07947,26.7784,0.42336,0.0018483,0.21168,0.0018483,0.21168,460.486,0,1.02816,0,0,4.08126,3.0531,1.028160,1,0,387.966,0,0,0,387.966,0
72.29,2.1445,0,0,11.1622,0.306739,8.71095,3.6288,61.308,0.117521,0,0,3.31779,0.211155,2.98912,0.66528,12.849,1,0.381168,8.71095,0,334.636,3.65486,339.311,0.84672,12.849,0.84672,3695.15,0,0.0036966,3.54301e-06,5.4316,1.35792,21.8887,1.0491,27.6292,0.42336,0.0018483,0.21168,0.0018483,0.21168,460.486,0,1.02816,0,0,6.45976,5.4316,1.028160,1,0,369.929,0,0,0,369.929,0
72.29,2.14537,0,0,10.1623,0.322884,7.69402,3.6288,61.308,0.117989,0,0,3.03507,0.211819,2.70526,0.66528,12.849,1,0.381324,7.69402,0,276.398,3.69684,280.014,0.84672,12.849,0.84672,3695.15,0,0.0036966,3.55711e-06,4.67885,1.35848,17.7403,1.09039,22.6873,0.42336,0.0018483,0.21168,0.0018483,0.21168,460.486,0,1.02816,0,0,5.70701,4.67885,1.028160,1,0,305.406,0,0,0,305.406,0
72.29,2.14625,0,0,6.9082,0.322884,4.43907,3.6288,61.308,0.118457,0,0,1.82714,0.211819,1.49686,0.66528,12.849,1,0.38148,4.43907,0,188.814,3.69684,189.175,0.84672,12.849,0.84672,3695.15,0,0.0036966,3.57122e-06,1.96933,1.35903,8.56449,1.09039,10.8025,0.42336,0.0018483,0.21168,0.0018483,0.21168,460.486,0,1.02816,0,0,2.99749,1.96933,1.028160,1,0,201.474,0,0,0,201.474,0
72.29,2.35655,0,0,9.66296,0.305115,7.00129,3.6288,61.308,0.253794,0,0,2.96301,0.195702,2.51351,0.66528,12.849,1,0.418859,7.00129,0,190.892,3.39322,194.081,0.84672,12.849,0.84672,3695.15,0,0.0036966,7.65133e-06,2.71109,1.35959,13.5664,1.02766,16.6094,0.42336,0.0018483,0.21168,0.0018483,0.21168,460.486,0,1.02816,0,0,3.73925,2.71109,1.028160,1,0,213.204,0,0,0,213.204,0
72.29,2.35751,0,0,18.6857,0.281425,16.0468,3.6288,61.308,0.254317,0,0,5.55845,0.174214,5.12992,0.66528,12.849,1,0.41903,16.0468,0,406.356,2.9884,418.996,0.84672,12.849,0.84672,3695.15,0,0.0036966,7.6671e-06,6.27917,1.51057,34.6192,0.944027,41.4649,0.42336,0.0018483,0.21168,0.0018483,0.21168,460.486,0,1.02816,0,0,7.30733,6.27917,1.028160,1,0,465.591,0,0,0,465.591,0
72.29,2.35848,0,0,7.46582,0.281425,4.82592,3.6288,61.308,0.254841,0,0,2.69464,0.174214,2.26559,0.66528,12.849,1,0.419201,4.82592,0,244.691,2.9884,246.109,0.84672,12.849,0.84672,3695.15,0,0.0036966,7.68288e-06,2.91305,1.51118,14.7194,0.944027,18.1996,0.42336,0.0018483,0.21168,0.0018483,0.21168,460.486,0,1.02816,0,0,3.94121,2.91305,1.028160,1,0,266.574,0,0,0,266.574,0
72.29,2.35944,0,0,6.14396,0.292271,3.49226,3.6288,61.308,0.255364,0,0,2.82825,0.254581,2.31831,0.66528,12.849,1,0.419372,3.49226,0,183.66,3.95118,182.781,0.84672,12.849,0.84672,3695.15,0,0.0036966,7.69866e-06,2.91165,1.5118,13.9086,1.11044,17.2216,0.42336,0.0018483,0.21168,0.0018483,0.21168,460.486,0,1.02816,0,0,3.93981,2.91165,1.028160,1,0,202.321,0,0,0,202.321,0
72.29,2.0612,0,0,6.50238,0.308197,4.13298,3.6288,61.308,0.074596,0,0,4.84844,0.219517,4.55433,0.66528,12.849,1,0.366363,4.13298,0,186.192,3.59789,186.361,0.84672,12.849,0.84672,3695.15,0,0.0036966,2.2489e-06,4.45035,1.51242,16.5638,0.919578,21.607,0.42336,0.0018483,0.21168,0.0018483,0.21168,460.486,0,1.02816,0,0,5.47851,4.45035,1.028160,1,0,212.522,0,0,0,212.522,0
72.29,2.06204,0,0,5.89361,0.307716,3.52385,3.6288,61.308,0.0750458,0,0,2.09345,0.187535,1.83087,0.66528,12.849,1,0.366513,3.52385,0,134.152,3.55425,133.756,0.84672,12.849,0.84672,3695.15,0,0.0036966,2.26246e-06,2.99937,1.30693,8.24757,0.8526,11.7013,0.42336,0.0018483,0.21168,0.0018483,0.21168,460.486,0,1.02816,0,0,4.02753,2.99937,1.028160,1,0,147.288,0,0,0,147.288,0
72.29,2.06289,0,0,6.36775,0.307716,3.99715,3.6288,61.308,0.0754956,0,0,2.02111,0.187535,1.75808,0.66528,12.849,1,0.366662,3.99715,0,145.318,3.55425,145.394,0.84672,12.849,0.84672,3695.15,0,0.0036966,2.27602e-06,3.59195,1.30746,9.6139,0.8526,13.6607,0.42336,0.0018483,0.21168,0.0018483,0.21168,460.486,0,1.02816,0,0,4.62011,3.59195,1.028160,1,0,160.813,0,0,0,160.813,0
72.29,2.06373,0,0,8.12938,0.307716,5.75793,3.6288,61.308,0.0759456,0,0,2.31682,0.187535,2.05334,0.66528,12.849,1,0.366812,5.75793,0,181.961,3.55425,183.798,0.84672,12.849,0.84672,3695.15,0,0.0036966,2.28959e-06,3.79867,1.30799,10.3739,0.8526,14.6279,0.42336,0.0018483,0.21168,0.0018483,0.21168,460.486,0,1.02816,0,0,4.82683,3.79867,1.028160,1,0,200.479,0,0,0,200.479,0
72.29,2.06457,0,0,9.65805,0.307386,7.2861,3.6288,61.308,0.0763957,0,0,2.68229,0.18856,2.41733,0.66528,12.849,1,0.366961,7.2861,0,262.114,3.80072,265.233,0.84672,12.849,0.84672,3695.15,0,0.0036966,2.30316e-06,4.20853,1.30853,14.891,0.935733,19.4723,0.42336,0.0018483,0.21168,0.0018483,0.21168,460.486,0,1.02816,0,0,5.23669,4.20853,1.028160,1,0,287.122,0,0,0,287.122,0
72.29,2.14087,0,0,9.44594,0.311363,6.9937,3.6288,61.308,0.121287,0,0,3.47268,0.179511,3.17189,0.66528,12.849,1,0.380524,6.9937,0,175.294,4.50555,177.401,0.84672,12.849,0.84672,3695.15,0,0.0036966,3.65653e-06,3.86777,1.30906,13.8709,0.977555,18.0702,0.42336,0.0018483,0.21168,0.0018483,0.21168,460.486,0,1.02816,0,0,4.89593,3.86777,1.028160,1,0,198.643,0,0,0,198.643,0
72.29,2.14175,0,0,7.88417,0.311363,5.43106,3.6288,61.308,0.121755,0,0,2.97488,0.179511,2.67362,0.66528,12.849,1,0.380679,5.43106,0,126.446,4.50555,126.99,0.84672,12.849,0.84672,3695.15,0,0.0036966,3.67065e-06,3.66009,1.36059,12.3016,0.977555,16.3447,0.42336,0.0018483,0.21168,0.0018483,0.21168,460.486,0,1.02816,0,0,4.68825,3.66009,1.028160,1,0,146.009,0,0,0,146.009,0
72.29,2.14262,0,0,6.96341,0.311363,4.50942,3.6288,61.308,0.122224,0,0,2.70537,0.179511,2.40364,0.66528,12.849,1,0.380834,4.50942,0,107.52,4.50555,107.144,0.84672,12.849,0.84672,3695.15,0,0.0036966,3.68478e-06,3.32993,1.36114,11.1584,0.977555,14.8719,0.42336,0.0018483,0.21168,0.0018483,0.21168,460.486,0,1.02816,0,0,4.35809,3.32993,1.028160,1,0,124.419,0,0,0,124.419,0
72.29,2.14349,0,0,7.81497,0.273869,5.3976,3.6288,61.308,0.122693,0,0,2.75149,0.158191,2.47061,0.66528,12.849,1,0.38099,5.3976,0,109.763,3.67944,111.101,0.84672,12.849,0.84672,3695.15,0,0.0036966,3.69891e-06,3.21629,1.36169,11.9018,0.965538,15.5142,0.42336,0.0018483,0.21168,0.0018483,0.21168,460.486,0,1.02816,0,0,4.24445,3.21629,1.028160,1,0,129.085,0,0,0,129.085,0
72.29,2.11481,0,0,6.44442,0.236933,4.09268,3.6288,61.308,0.105873,0,0,2.13107,0.193301,1.8319,0.66528,12.849,1,0.375892,4.09268,0,97.1326,4.2262,96.6232,0.84672,12.849,0.84672,3695.15,0,0.0036966,3.19182e-06,2.30822,1.36225,8.56051,1.03503,11.1959,0.42336,0.0018483,0.21168,0.0018483,0.21168,460.486,0,1.02816,0,0,3.33638,2.30822,1.028160,1,0,109.651,0,0,0,109.651,0
72.29,2.11567,0,0,5.17565,0.224658,2.83532,3.6288,61.308,0.106334,0,0,1.73266,0.208766,1.41756,0.66528,12.849,1,0.376045,2.83532,0,75.2337,4.49998,73.193,0.84672,12.849,0.84672,3695.15,0,0.0036966,3.20575e-06,1.43057,1.34292,5.97793,1.06363,7.68779,0.42336,0.0018483,0.21168,0.0018483,0.21168,460.486,0,1.02816,0,0,2.45873,1.43057,1.028160,1,0,82.2983,0,0,0,82.2983,0
72.29,2.11653,0,0,4.56774,0.224658,2.22655,3.6288,61.308,0.106796,0,0,1.6213,0.208766,1.30574,0.66528,12.849,1,0.376198,2.22655,0,65.575,4.49998,62.9254,0.84672,12.849,0.84672,3695.15,0,0.0036966,3.21967e-06,1.1231,1.34347,5.28253,1.06363,6.68547,0.42336,0.0018483,0.21168,0.0018483,0.21168,460.486,0,1.02816,0,0,2.15126,1.1231,1.028160,1,0,70.9166,0,0,0,70.9166,0
72.29,2.1174,0,0,4.11588,0.224658,1.77383,3.6288,61.308,0.107258,0,0,1.43685,0.208766,1.12083,0.66528,12.849,1,0.376351,1.77383,0,57.2422,4.49998,54.1397,0.84672,12.849,0.84672,3695.15,0,0.0036966,3.2336e-06,0.905075,1.34402,4.77038,1.06363,5.95584,0.42336,0.0018483,0.21168,0.0018483,0.21168,460.486,0,1.02816,0,0,1.93323,0.905075,1.028160,1,0,61.2163,0,0,0,61.2163,0
72.29,2.21874,0,0,3.92252,0.206016,1.49776,3.6288,61.308,0.169131,0,0,1.37301,0.175354,1.02852,0.66528,12.849,1,0.394364,1.49776,0,55.1169,3.85283,52.3675,0.84672,12.849,0.84672,3695.15,0,0.0036966,5.09891e-06,0.725639,1.34456,4.43703,0.913123,5.5941,0.42336,0.0018483,0.21168,0.0018483,0.21168,460.486,0,1.02816,0,0,1.7538,0.725639,1.028160,1,0,58.9901,0,0,0,58.9901,0
72.29,2.21964,0,0,4.29672,0.171683,1.9054,3.6288,61.308,0.169618,0,0,1.62435,0.213909,1.24083,0.66528,12.849,1,0.394525,1.9054,0,58.4179,4.60151,55.3273,0.84672,12.849,0.84672,3695.15,0,0.0036966,5.1136e-06,0.890775,1.41474,5.37142,1.12124,6.55569,0.42336,0.0018483,0.21168,0.0018483,0.21168,460.486,0,1.02816,0,0,1.91894,0.890775,1.028160,1,0,63.1238,0,0,0,63.1238,0
72.29,2.22055,0,0,3.8231,0.124174,1.47838,3.6288,61.308,0.170105,0,0,1.33185,0.230806,0.930937,0.66528,12.849,1,0.394685,1.47838,0,54.1829,4.82822,50.4384,0.84672,12.849,0.84672,3695.15,0,0.0036966,5.12829e-06,0.601655,1.41531,4.59844,1.16685,5.44855,0.42336,0.0018483,0.21168,0.0018483,0.21168,460.486,0,1.02816,0,0,1.62981,0.601655,1.028160,1,0,56.8179,0,0,0,56.8179,0
72.29,2.22145,0,0,3.5722,0.124174,1.22657,3.6288,61.308,0.170593,0,0,1.06305,0.230806,0.66165,0.66528,12.849,1,0.394846,1.22657,0,49.8975,4.82822,45.901,0.84672,12.849,0.84672,3695.15,0,0.0036966,5.14299e-06,0.383262,1.41589,4.25136,1.16685,4.88366,0.42336,0.0018483,0.21168,0.0018483,0.21168,460.486,0,1.02816,0,0,1.41142,0.383262,1.028160,1,0,51.4463,0,0,0,51.4463,0
72.29,2.22235,0,0,3.46146,0.127044,1.11206,3.6288,61.308,0.17108,0,0,0.904651,0.271444,0.462127,0.66528,12.849,1,0.395007,1.11206,0,45.2801,5.52251,40.4746,0.84672,12.849,0.84672,3695.15,0,0.0036966,5.15769e-06,0.326964,1.41646,4.10334,1.30853,4.53824,0.42336,0.0018483,0.21168,0.0018483,0.21168,460.486,0,1.02816,0,0,1.35512,0.326964,1.028160,1,0,45.475,0,0,0,45.475,0
72.1774,2.20335,0,0,2.57845,0.124807,0.36288,3.6288,61.308,0.205389,0,0,0.950348,0.291484,0.453476,0.66528,12.849,1,0.391628,0.36288,0,37.0874,5.46115,31.5975,0.84672,12.849,0.84672,3695.15,0,0.0036966,6.19201e-06,0.500265,1.41704,4.45405,1.32294,5.04841,0.42336,0.0018483,0.21168,0.0018483,0.21168,460.486,0,1.02816,0,0,1.52842,0.500265,1.028160,1,0,37.0994,0,0,0,37.0994,0
71.9255,2.20372,0,0,2.43935,0.124701,0.36288,3.6288,61.308,0.20589,0,0,0.901878,0.291484,0.404504,0.66528,12.849,1,0.392306,0.36288,0,37.2073,5.46115,31.7167,0.84672,12.849,0.84672,3695.15,0,0.0036966,6.20714e-06,0.383953,1.43935,4.74083,1.32294,5.24119,0.42336,0.0018483,0.21168,0.0018483,0.21168,460.486,0,1.02816,0,0,1.41211,0.383953,1.028160,1,0,37.3624,0,0,0,37.3624,0
71.4563,2.20345,0,0,2.22166,0.124462,0.36288,3.6288,61.308,0.206392,0,0,0.888166,0.291484,0.39029,0.66528,12.849,1,0.393632,0.36288,0,36.3421,5.46115,30.8502,0.84672,12.849,0.84672,3695.15,0,0.0036966,6.22226e-06,0.405397,1.43994,4.57301,1.32294,5.09539,0.42336,0.0018483,0.21168,0.0018483,0.21168,460.486,0,1.02816,0,0,1.43356,0.405397,1.028160,1,0,36.3359,0,0,0,36.3359,0
70.7696,2.20216,0,0,2.00228,0.124018,0.36288,3.6288,61.308,0.245315,0,0,0.827064,0.291484,0.290266,0.66528,12.849,1,0.395983,0.36288,0,33.6836,5.46115,28.1894,0.84672,12.849,0.84672,3695.15,0,0.0036966,7.3957e-06,0.261274,1.44052,4.35408,1.32294,4.73293,0.42336,0.0018483,0.21168,0.0018483,0.21168,460.486,0,0.989738,0,0,1.25101,0.261274,1.028160,1,0,33.2126,0,0,0,33.2126,0
70.2729,2.25114,0,0,2.21918,0.101826,0.36288,3.6288,61.308,0.237587,0,0,0.89227,0.330353,0.324331,0.66528,12.849,1,0.408719,0.36288,0,32.8959,5.93236,26.9176,0.84672,12.849,0.84672,3695.15,0,0.0036966,7.16271e-06,0.267296,1.44111,4.26226,1.50603,4.46463,0.42336,0.0018483,0.21168,0.0018483,0.21168,460.486,0,1.02816,0,0,1.29546,0.267296,1.028160,1,0,31.7066,0,0,0,31.7066,0
69.9611,2.24961,0,0,2.39425,0.0935464,0.36288,3.6288,61.308,0.238101,0,0,0.973261,0.340309,0.394852,0.66528,12.849,1,0.411328,0.36288,0,31.9601,6.03876,25.8729,0.84672,12.849,0.84672,3695.15,0,0.0036966,7.17822e-06,0.403307,1.47639,4.47534,1.55318,4.80184,0.42336,0.0018483,0.21168,0.0018483,0.21168,460.486,0,1.02816,0,0,1.43147,0.403307,1.028160,1,0,31.0696,0,0,0,31.0696,0
69.3762,2.24897,0,0,2.12027,0.0933216,0.36288,3.6288,61.308,0.238616,0,0,0.913948,0.340309,0.335024,0.66528,12.849,1,0.413044,0.36288,0,30.1122,6.03876,24.0233,0.84672,12.849,0.84672,3695.15,0,0.0036966,7.19373e-06,0.304439,1.47699,4.43176,1.55318,4.66,0.42336,0.0018483,0.21168,0.0018483,0.21168,460.486,0,1.02816,0,0,1.3326,0.304439,1.028160,1,0,29.0183,0,0,0,29.0183,0
68.5995,2.24695,0,0,1.92603,0.0929,0.36288,3.6288,61.308,0.248141,0,0,0.889177,0.340309,0.300727,0.66528,12.849,1,0.416152,0.36288,0,28.3459,6.03876,22.2538,0.84672,12.849,0.84672,3695.15,0,0.0036966,7.48091e-06,0.227405,1.47759,4.27356,1.55318,4.42536,0.42336,0.0018483,0.21168,0.0018483,0.21168,460.486,0,1.01915,0,0,1.24655,0.227405,1.028160,1,0,26.9799,0,0,0,26.9799,0
67.4058,2.39375,0,0,1.64277,0.0798459,0.36288,3.6288,61.308,0.393713,0,0,0.858583,0.345528,0.119342,0.66528,12.849,1,0.44836,0.36288,0,26.7277,6.3168,20.3254,0.84672,12.849,0.84672,3695.15,0,0.0036966,1.18696e-05,0.227405,1.47819,4.12254,1.56067,4.26745,0.42336,0.0018483,0.21168,0.0018483,0.21168,460.486,0,0.983241,0,0,1.21065,0.227405,1.028160,1,0,24.7122,0,0,0,24.7122,0
66.2606,2.38805,0,0,1.72116,0.115384,0.36288,3.6288,61.308,0.349354,0,0,0.862739,0.332307,0.181078,0.66528,12.849,1,0.455214,0.36288,0,27.3471,6.1699,21.0848,0.84672,12.849,0.84672,3695.15,0,0.0036966,1.05322e-05,0.269326,1.59647,3.98659,1.49868,4.35369,0.42336,0.0018483,0.21168,0.0018483,0.21168,460.486,0,1.02816,0,0,1.29749,0.269326,1.028160,1,0,25.6196,0,0,0,25.6196,0
64.7837,2.38243,0,0,1.38272,0.114343,0.36288,3.6288,60.918,0.681714,0,0,0.624001,0.332307,0,0.66528,12.849,1,0.46199,0.36288,0,26.7224,6.1699,20.4534,0.84672,12.849,0.84672,3695.15,0,0.0036966,2.05522e-05,0.204422,1.59712,3.20032,1.49868,3.50315,0.42336,0.0018483,0.21168,0.0018483,0.21168,460.486,0,0.696349,0,0,0.900772,0.204422,1.028160,1,0,23.9565,0,0,0,23.9565,0
63.6552,2.3746,0,0,1.722,0.113,0.36288,3.6288,61.3026,0.350473,0,0,1.06654,0.331488,0,0.66528,12.849,1,0.47097,0.36288,0,24.4058,6.1699,18.1278,0.84672,12.849,0.84672,3695.15,0,0.0036966,1.06336e-05,0.675786,1.59776,4.94831,1.49868,5.72317,0.42336,0.0018483,0.21168,0.0018483,0.21168,460.486,0,1.02816,0,0,1.70395,0.675786,1.028160,1,0,23.8509,0,0,0,23.8509,0
62.2006,2.36861,0,0,1.39596,0.119083,0.36288,3.6288,61.308,0.406292,0,0,0.758376,0.290929,0.0557134,0.66528,12.849,1,0.478111,0.36288,0,18.416,5.06084,13.2399,0.84672,12.849,0.84672,3695.15,0,0.0036966,1.22499e-05,0.204422,1.59841,4.95164,1.06695,5.68751,0.42336,0.0018483,0.21168,0.0018483,0.21168,460.486,0,0.972899,0,0,1.17732,0.204422,1.028160,1,0,18.9831,0,0,0,18.9831,0
61.163,2.28829,0,0,1.74542,0.131889,0.36288,3.6288,61.308,0.285208,0,0,1.44995,0.280702,0.884038,0.66528,12.849,1,0.472699,0.36288,0,17.4853,4.7931,12.5824,0.84672,12.849,0.84672,3695.15,0,0.0036966,8.59838e-06,1.40733,1.59906,7.28175,1.05145,9.23668,0.42336,0.0018483,0.21168,0.0018483,0.21168,460.486,0,1.02816,0,0,2.43549,1.40733,1.028160,1,0,22.7031,0,0,0,22.7031,0
59.8836,2.28258,0,0,1.49895,0.132919,0.36288,3.6288,61.308,0.285741,0,0,0.79488,0.280145,0.228994,0.66528,12.849,1,0.479521,0.36288,0,17.7324,4.77928,12.8365,0.84672,12.849,0.84672,3695.15,0,0.0036966,8.61445e-06,0.2747,1.53214,5.4313,1.06086,6.17727,0.42336,0.0018483,0.21168,0.0018483,0.21168,460.486,0,1.02816,0,0,1.30286,0.2747,1.028160,1,0,19.2427,0,0,0,19.2427,0
58.8407,2.27507,0,0,1.76207,0.166984,0.36288,3.6288,61.308,0.286274,0,0,0.807581,0.249822,0.271485,0.66528,12.849,1,0.488154,0.36288,0,17.8618,4.36402,13.3725,0.84672,12.849,0.84672,3695.15,0,0.0036966,8.63052e-06,0.307627,1.53276,5.67201,0.931063,6.58133,0.42336,0.0018483,0.21168,0.0018483,0.21168,460.486,0,1.02816,0,0,1.33579,0.307627,1.028160,1,0,20.2253,0,0,0,20.2253,0
60.92,2.26889,0,0,4.9644,0.253283,0.36288,3.6288,61.308,0.286807,0,0,1.96052,0.174016,1.4997,0.66528,12.849,1,0.495456,0.36288,0,57.0722,3.32588,53.6138,0.84672,12.849,0.84672,3695.15,0,0.0036966,8.6466e-06,1.16366,1.53338,15.0971,0.606574,17.1876,0.42336,0.0018483,0.21168,0.0018483,0.21168,460.486,0,1.02816,0,0,2.19182,1.16366,1.028160,1,0,72.301,0,0,0,72.301,0
60.9897,2.22479,0,0,2.87159,0.214257,0.36288,3.6288,61.308,0.226816,0,0,1.09253,0.187118,0.678594,0.66528,12.849,1,0.469243,0.36288,0,37.1059,3.4247,33.5749,0.84672,12.849,0.84672,3695.15,0,0.0036966,6.83799e-06,0.760899,1.534,7.85208,0.70335,9.44362,0.42336,0.0018483,0.21168,0.0018483,0.21168,460.486,0,1.02816,0,0,1.78906,0.760899,1.028160,1,0,43.6971,0,0,0,43.6971,0
60.6043,2.22613,0,0,2.48244,0.278801,0.36288,3.6288,61.308,0.227325,0,0,0.704991,0.190287,0.287379,0.66528,12.849,1,0.46899,0.36288,0,32.4776,3.69274,28.6787,0.84672,12.849,0.84672,3695.15,0,0.0036966,6.85334e-06,0.383702,1.47447,6.48676,1.006,7.33892,0.42336,0.0018483,0.21168,0.0018483,0.21168,460.486,0,1.02816,0,0,1.41186,0.383702,1.028160,1,0,36.305,0,0,0,36.305,0
59.7914,2.22457,0,0,2.05244,0.27791,0.36288,3.6288,61.308,0.227834,0,0,0.607473,0.190287,0.189352,0.66528,12.849,1,0.471642,0.36288,0,26.0466,3.69274,22.2451,0.84672,12.849,0.84672,3695.15,0,0.0036966,6.86869e-06,0.504455,1.47507,6.29204,1.006,7.26555,0.42336,0.0018483,0.21168,0.0018483,0.21168,460.486,0,1.02816,0,0,1.53262,0.504455,1.028160,1,0,29.7,0,0,0,29.7,0
62.1513,2.22019,0,0,5.21884,0.275858,0.36288,3.6288,61.308,0.228343,0,0,1.94485,0.190287,1.52622,0.66528,12.849,1,0.477113,0.36288,0,72.6673,3.69274,68.8604,0.84672,12.849,0.84672,3695.15,0,0.0036966,6.88403e-06,3.63555,1.47567,14.7048,1.006,18.81,0.42336,0.0018483,0.21168,0.0018483,0.21168,460.486,0,1.02816,0,0,4.66371,3.63555,1.028160,1,0,89.1965,0,0,0,89.1965,0
65.4497,2.06771,0,0,6.01824,0.289221,0.36288,3.6288,61.308,0.102593,0,0,2.53484,0.185971,2.24627,0.66528,12.849,1,0.427473,0.36288,0,88.0848,3.60555,84.4147,0.84672,12.849,0.84672,3695.15,0,0.0036966,3.09295e-06,2.18788,1.47627,16.378,0.970689,19.0714,0.42336,0.0018483,0.21168,0.0018483,0.21168,460.486,0,1.02816,0,0,3.21604,2.18788,1.028160,1,0,105.732,0,0,0,105.732,0
70.1474,2.08656,0,0,7.41627,0.269201,0.36288,3.6288,61.308,0.103051,0,0,1.46893,0.214888,1.15099,0.66528,12.849,1,0.409631,0.36288,0,67.7298,3.84416,63.8389,0.84672,12.849,0.84672,3695.15,0,0.0036966,3.10676e-06,2.28959,1.34123,16.8288,0.974594,19.485,0.42336,0.0018483,0.21168,0.0018483,0.21168,460.486,0,1.02816,0,0,3.31775,2.28959,1.028160,1,0,84.4749,0,0,0,84.4749,0
72.29,2.11061,0,0,6.09039,0.279322,1.55783,3.6288,61.308,0.10351,0,0,1.77581,0.214888,1.45741,0.66528,12.849,1,0.386603,1.55783,0,89.5104,3.84416,86.8375,0.84672,12.849,0.84672,3695.15,0,0.0036966,3.12058e-06,2.08691,1.34177,12.8453,0.974594,15.2994,0.42336,0.0018483,0.21168,0.0018483,0.21168,460.486,0,1.02816,0,0,3.11507,2.08691,1.028160,1,0,103.594,0,0,0,103.594,0
72.29,2.1212,0,0,7.88685,0.283938,5.48172,3.6288,61.308,0.103968,0,0,5.86291,0.214888,5.54405,0.66528,12.849,1,0.377027,5.48172,0,125.239,3.84416,126.5,0.84672,12.849,0.84672,3695.15,0,0.0036966,3.1344e-06,6.6286,1.34232,19.1058,0.974594,26.1021,0.42336,0.0018483,0.21168,0.0018483,0.21168,460.486,0,1.02816,0,0,7.65676,6.6286,1.028160,1,0,158.146,0,0,0,158.146,0
72.29,2.12206,0,0,5.8523,0.326513,3.40373,3.6288,61.308,0.104427,0,0,2.31648,0.211016,2.00104,0.66528,12.849,1,0.377179,3.40373,0,62.859,4.47116,61.4144,0.84672,12.849,0.84672,3695.15,0,0.0036966,3.14823e-06,3.00002,1.34286,10.6728,1.23818,13.7775,0.42336,0.0018483,0.21168,0.0018483,0.21168,460.486,0,1.02816,0,0,4.02818,3.00002,1.028160,1,0,77.193,0,0,0,77.193,0
72.171,2.1894,0,0,2.76548,0.332201,0.36288,3.6288,61.308,0.141509,0,0,1.08373,0.206411,0.735807,0.66528,12.849,1,0.389149,0.36288,0,36.5454,4.18863,32.3305,0.84672,12.849,0.84672,3695.15,0,0.0036966,4.26619e-06,1.37805,1.34341,7.06687,1.13225,8.65606,0.42336,0.0018483,0.21168,0.0018483,0.21168,460.486,0,1.02816,0,0,2.40621,1.37805,1.028160,1,0,41.7224,0,0,0,41.7224,0
72.29,2.18971,0,0,3.23227,0.327368,0.596188,3.6288,61.308,0.141967,0,0,1.40331,0.205188,1.05615,0.66528,12.849,1,0.389847,0.596188,0,48.3505,3.9753,44.5815,0.84672,12.849,0.84672,3695.15,0,0.0036966,4.28e-06,1.65433,1.38692,8.8198,1.04771,10.8133,0.42336,0.0018483,0.21168,0.0018483,0.21168,460.486,0,1.02816,0,0,2.68249,1.65433,1.028160,1,0,56.451,0,0,0,56.451,0
71.8195,2.19112,0,0,2.41118,0.327664,0.36288,3.6288,61.308,0.142426,0,0,1.6208,0.205188,1.27319,0.66528,12.849,1,0.389454,0.36288,0,36.1144,3.9753,32.1125,0.84672,12.849,0.84672,3695.15,0,0.0036966,4.29381e-06,2.08549,1.38746,6.09981,1.04771,8.52505,0.42336,0.0018483,0.21168,0.0018483,0.21168,460.486,0,1.02816,0,0,3.11365,2.08549,1.028160,1,0,41.9108,0,0,0,41.9108,0
70.6732,2.18981,0,0,1.73281,0.326494,0.36288,3.6288,61.308,0.142884,0,0,1.20712,0.205188,0.859049,0.66528,12.849,1,0.391771,0.36288,0,24.7863,3.9753,20.7822,0.84672,12.849,0.84672,3695.15,0,0.0036966,4.30763e-06,1.28197,1.38801,5.39612,1.04771,7.01838,0.42336,0.0018483,0.21168,0.0018483,0.21168,460.486,0,1.02816,0,0,2.31013,1.28197,1.028160,1,0,28.6596,0,0,0,28.6596,0
69.2299,2.39843,0,0,1.68388,0.365837,0.36288,3.6288,61.308,0.281082,0,0,0.888596,0.172829,0.434685,0.66528,12.849,1,0.436056,0.36288,0,28.693,3.80298,24.8169,0.84672,12.849,0.84672,3695.15,0,0.0036966,8.47401e-06,0.662299,1.38855,6.99791,0.986576,8.06217,0.42336,0.0018483,0.21168,0.0018483,0.21168,460.486,0,1.02816,0,0,1.69046,0.662299,1.028160,1,0,33.3137,0,0,0,33.3137,0
67.5841,2.3917,0,0,1.42822,0.319401,0.36288,3.6288,61.2982,0.446277,0,0,0.604293,0.167863,0,0.66528,12.849,1,0.443897,0.36288,0,23.5522,3.81639,19.6548,0.84672,12.849,0.84672,3695.15,0,0.0036966,1.34543e-05,0.503194,1.54272,3.65072,1.10804,4.58858,0.42336,0.0018483,0.21168,0.0018483,0.21168,460.486,0,0.863473,0,0,1.36667,0.503194,1.028160,1,0,24.2434,0,0,0,24.2434,0
66.1511,2.38355,0,0,1.62825,0.314863,0.36288,3.6288,61.308,0.282107,0,0,0.758894,0.165072,0.301868,0.66528,12.849,1,0.453157,0.36288,0,27.7157,3.83901,23.7865,0.84672,12.849,0.84672,3695.15,0,0.0036966,8.50627e-06,1.08896,1.54333,5.1019,1.11308,6.6211,0.42336,0.0018483,0.21168,0.0018483,0.21168,460.486,0,1.02816,0,0,2.11712,1.08896,1.028160,1,0,30.7094,0,0,0,30.7094,0
65.1606,2.37626,0,0,2.05994,0.311312,0.36288,3.6288,61.308,0.28262,0,0,0.779872,0.165082,0.33217,0.66528,12.849,1,0.461558,0.36288,0,36.2372,3.83901,32.2995,0.84672,12.849,0.84672,3695.15,0,0.0036966,8.52036e-06,0.892469,1.54393,4.70065,1.11308,6.02396,0.42336,0.0018483,0.21168,0.0018483,0.21168,460.486,0,1.02816,0,0,1.92063,0.892469,1.028160,1,0,38.6556,0,0,0,38.6556,0
65.2434,2.07074,0,0,2.81568,0.299214,0.36288,3.6288,61.308,0.0979943,0,0,1.10176,0.169252,0.834518,0.66528,12.849,1,0.408329,0.36288,0,53.6864,3.82479,49.8161,0.84672,12.849,0.84672,3695.15,0,0.0036966,2.95431e-06,1.99602,1.54453,6.93773,1.08231,9.39597,0.42336,0.0018483,0.21168,0.0018483,0.21168,460.486,0,1.02816,0,0,3.02418,1.99602,1.028160,1,0,60.0466,0,0,0,60.0466,0
69.1573,2.07199,0,0,6.66395,0.315235,0.36288,3.6288,61.308,0.0984348,0,0,2.01721,0.165259,1.75351,0.66528,12.849,1,0.408056,0.36288,0,103.521,3.8767,99.5991,0.84672,12.849,0.84672,3695.15,0,0.0036966,2.96759e-06,4.24825,1.33466,12.07,1.06396,16.5889,0.42336,0.0018483,0.21168,0.0018483,0.21168,460.486,0,1.02816,0,0,5.27641,4.24825,1.028160,1,0,117.942,0,0,0,117.942,0
71.7962,2.09228,0,0,5.4192,0.325125,0.36288,3.6288,61.308,0.0988754,0,0,1.34861,0.165259,1.08447,0.66528,12.849,1,0.388733,0.36288,0,92.5042,3.8767,88.6016,0.84672,12.849,0.84672,3695.15,0,0.0036966,2.98087e-06,2.33501,1.33518,8.44975,1.06396,11.056,0.42336,0.0018483,0.21168,0.0018483,0.21168,460.486,0,1.02816,0,0,3.36317,2.33501,1.028160,1,0,100.742,0,0,0,100.742,0
72.29,2.10522,0,0,3.8022,0.331794,0.871354,3.6288,61.308,0.0993161,0,0,1.02184,0.165259,0.757261,0.66528,12.849,1,0.376762,0.871354,0,90.0711,3.8767,86.689,0.84672,12.849,0.84672,3695.15,0,0.0036966,2.99416e-06,1.88226,1.3357,7.63111,1.06396,9.78511,0.42336,0.0018483,0.21168,0.0018483,0.21168,460.486,0,1.02816,0,0,2.91042,1.88226,1.028160,1,0,97.2314,0,0,0,97.2314,0
72.29,2.10823,0,0,3.88085,0.276401,1.49622,3.6288,61.308,0.0997569,0,0,0.776701,0.135177,0.541767,0.66528,12.849,1,0.374723,1.49622,0,78.3683,3.44073,76.049,0.84672,12.849,0.84672,3695.15,0,0.0036966,3.00745e-06,1.36916,1.33622,6.95261,1.00133,8.65666,0.42336,0.0018483,0.21168,0.0018483,0.21168,460.486,0,1.02816,0,0,2.39732,1.36916,1.028160,1,0,85.2475,0,0,0,85.2475,0
72.29,2.18612,0,0,6.50922,0.259875,4.06323,3.6288,61.308,0.145578,0,0,2.13305,0.123206,1.86427,0.66528,12.849,1,0.388566,4.06323,0,140.162,4.34249,139.495,0.84672,12.849,0.84672,3695.15,0,0.0036966,4.38886e-06,3.96557,1.33675,13.3999,1.04298,17.6593,0.42336,0.0018483,0.21168,0.0018483,0.21168,460.486,0,1.02816,0,0,4.99373,3.96557,1.028160,1,0,159.018,0,0,0,159.018,0
72.29,2.18697,0,0,6.65498,0.263182,4.20482,3.6288,61.308,0.146037,0,0,1.39427,0.168323,1.07991,0.66528,12.849,1,0.388718,4.20482,0,185.742,4.48046,185.078,0.84672,12.849,0.84672,3695.15,0,0.0036966,4.40269e-06,2.95057,1.38934,10.3486,1.00657,13.6819,0.42336,0.0018483,0.21168,0.0018483,0.21168,460.486,0,1.02816,0,0,3.97873,2.95057,1.028160,1,0,199.839,0,0,0,199.839,0
72.29,2.18783,0,0,4.14423,0.263182,1.69322,3.6288,61.308,0.146496,0,0,0.895856,0.168323,0.581037,0.66528,12.849,1,0.38887,1.69322,0,112.228,4.48046,109.051,0.84672,12.849,0.84672,3695.15,0,0.0036966,4.41652e-06,1.69303,1.38988,6.9844,1.00657,9.06073,0.42336,0.0018483,0.21168,0.0018483,0.21168,460.486,0,1.02816,0,0,2.72119,1.69303,1.028160,1,0,118.693,0,0,0,118.693,0
72.29,2.18868,0,0,3.45907,0.263182,1.0072,3.6288,61.308,0.146955,0,0,0.767431,0.168323,0.452153,0.66528,12.849,1,0.389022,1.0072,0,80.9533,4.48046,77.0911,0.84672,12.849,0.84672,3695.15,0,0.0036966,4.43036e-06,1.57759,1.39043,6.19423,1.00657,8.15567,0.42336,0.0018483,0.21168,0.0018483,0.21168,460.486,0,1.02816,0,0,2.60575,1.57759,1.028160,1,0,85.6989,0,0,0,85.6989,0
72.29,2.15936,0,0,3.79615,0.217166,1.41962,3.6288,61.308,0.129761,0,0,0.964423,0.195779,0.638883,0.66528,12.849,1,0.38381,1.41962,0,83.859,4.53901,80.3558,0.84672,12.849,0.84672,3695.15,0,0.0036966,3.912e-06,1.72308,1.39097,7.90237,1.05129,9.96512,0.42336,0.0018483,0.21168,0.0018483,0.21168,460.486,0,1.02816,0,0,2.75124,1.72308,1.028160,1,0,90.9598,0,0,0,90.9598,0
72.29,2.1602,0,0,3.74487,0.182654,1.40201,3.6288,61.308,0.130213,0,0,1.05945,0.216371,0.712861,0.66528,12.849,1,0.38396,1.40201,0,82.0143,4.58294,78.4495,0.84672,12.849,0.84672,3695.15,0,0.0036966,3.92564e-06,1.64303,1.37121,7.77989,1.08482,9.70931,0.42336,0.0018483,0.21168,0.0018483,0.21168,460.486,0,1.02816,0,0,2.67119,1.64303,1.028160,1,0,88.8716,0,0,0,88.8716,0
72.29,2.16105,0,0,3.30502,0.182654,0.961314,3.6288,61.308,0.130666,0,0,0.991362,0.216371,0.644325,0.66528,12.849,1,0.38411,0.961314,0,71.4865,4.58294,67.4808,0.84672,12.849,0.84672,3695.15,0,0.0036966,3.93928e-06,1.30899,1.37175,6.87485,1.08482,8.47076,0.42336,0.0018483,0.21168,0.0018483,0.21168,460.486,0,1.02816,0,0,2.33715,1.30899,1.028160,1,0,76.5959,0,0,0,76.5959,0
72.29,2.16189,0,0,2.97807,0.182654,0.633524,3.6288,61.308,0.131118,0,0,0.878576,0.216371,0.531086,0.66528,12.849,1,0.38426,0.633524,0,62.4012,4.58294,58.0675,0.84672,12.849,0.84672,3695.15,0,0.0036966,3.95292e-06,1.07213,1.37228,6.20819,1.08482,7.56778,0.42336,0.0018483,0.21168,0.0018483,0.21168,460.486,0,1.02816,0,0,2.10029,1.07213,1.028160,1,0,66.1664,0,0,0,66.1664,0
72.2684,2.26533,0,0,2.75892,0.152295,0.36288,3.6288,61.308,0.19427,0,0,0.833812,0.186575,0.452967,0.66528,12.849,1,0.402645,0.36288,0,59.2206,3.94457,55.2363,0.84672,12.849,0.84672,3695.15,0,0.0036966,5.85682e-06,0.971352,1.37282,5.5816,0.899162,7.0266,0.42336,0.0018483,0.21168,0.0018483,0.21168,460.486,0,1.02816,0,0,1.99951,0.971352,1.028160,1,0,62.7159,0,0,0,62.7159,0
72.0373,2.26611,0,0,2.52528,0.127362,0.36288,3.6288,61.308,0.194747,0,0,0.747066,0.231136,0.321183,0.66528,12.849,1,0.402904,0.36288,0,46.9489,4.61309,42.2958,0.84672,12.849,0.84672,3695.15,0,0.0036966,5.8712e-06,0.913931,1.44444,4.93646,1.03922,6.2556,0.42336,0.0018483,0.21168,0.0018483,0.21168,460.486,0,1.02816,0,0,1.94209,0.913931,1.028160,1,0,48.8726,0,0,0,48.8726,0
71.6189,2.2659,0,0,2.30682,0.0965197,0.36288,3.6288,61.308,0.195225,0,0,0.740759,0.234785,0.310749,0.66528,12.849,1,0.404159,0.36288,0,41.961,4.72678,37.193,0.84672,12.849,0.84672,3695.15,0,0.0036966,5.88559e-06,0.913447,1.44501,4.71536,1.00369,6.07011,0.42336,0.0018483,0.21168,0.0018483,0.21168,460.486,0,1.02816,0,0,1.94161,0.913447,1.028160,1,0,43.5738,0,0,0,43.5738,0
71.1561,2.26478,0,0,2.26107,0.0962127,0.36288,3.6288,61.308,0.195702,0,0,0.801179,0.234785,0.370691,0.66528,12.849,1,0.40632,0.36288,0,40.1972,4.72678,35.4269,0.84672,12.849,0.84672,3695.15,0,0.0036966,5.89998e-06,0.876804,1.44557,5.08095,1.00369,6.39963,0.42336,0.0018483,0.21168,0.0018483,0.21168,460.486,0,1.02816,0,0,1.90496,0.876804,1.028160,1,0,42.1973,0,0,0,42.1973,0
70.5442,2.26342,0,0,2.11034,0.0958731,0.36288,3.6288,61.308,0.19618,0,0,0.732171,0.234785,0.301206,0.66528,12.849,1,0.408718,0.36288,0,37.5773,4.72678,32.8046,0.84672,12.849,0.84672,3695.15,0,0.0036966,5.91438e-06,0.740085,1.44614,4.49925,1.00369,5.68178,0.42336,0.0018483,0.21168,0.0018483,0.21168,460.486,0,1.02816,0,0,1.76825,0.740085,1.028160,1,0,38.7876,0,0,0,38.7876,0
69.6777,2.24105,0,0,1.84689,0.109456,0.36288,3.6288,61.308,0.231185,0,0,0.70022,0.237567,0.231468,0.66528,12.849,1,0.408188,0.36288,0,37.3588,4.67648,32.637,0.84672,12.849,0.84672,3695.15,0,0.0036966,6.96972e-06,0.508023,1.4467,3.6534,1.05239,4.55572,0.42336,0.0018483,0.21168,0.0018483,0.21168,460.486,0,1.02816,0,0,1.53618,0.508023,1.028160,1,0,37.4242,0,0,0,37.4242,0
68.6637,2.23764,0,0,1.69751,0.11105,0.36288,3.6288,61.308,0.231676,0,0,0.648061,0.238031,0.178353,0.66528,12.849,1,0.412634,0.36288,0,35.4241,4.66809,30.7062,0.84672,12.849,0.84672,3695.15,0,0.0036966,6.98453e-06,0.262941,1.46945,3.33221,1.06051,4.00409,0.42336,0.0018483,0.21168,0.0018483,0.21168,460.486,0,1.02816,0,0,1.2911,0.262941,1.028160,1,0,34.8887,0,0,0,34.8887,0
67.5366,2.23338,0,0,1.5609,0.0916612,0.36288,3.6288,61.308,0.232168,0,0,0.614109,0.281907,0.100034,0.66528,12.849,1,0.417931,0.36288,0,31.7167,5.23269,26.429,0.84672,12.849,0.84672,3695.15,0,0.0036966,6.99934e-06,0.263779,1.47003,3.17273,1.2666,3.63993,0.42336,0.0018483,0.21168,0.0018483,0.21168,460.486,0,1.02816,0,0,1.29194,0.263779,1.028160,1,0,30.169,0,0,0,30.169,0
66.3318,2.22838,0,0,1.4635,0.0770895,0.36288,3.6288,61.3077,0.261965,0,0,0.576447,0.314814,0,0.66528,12.849,1,0.423955,0.36288,0,28.506,5.65614,22.7888,0.84672,12.849,0.84672,3695.15,0,0.0036966,7.89767e-06,0.261274,1.4706,3.05723,1.42116,3.36793,0.42336,0.0018483,0.21168,0.0018483,0.21168,460.486,0,0.998853,0,0,1.26013,0.261274,1.028160,1,0,26.1568,0,0,0,26.1568,0
64.9453,2.27467,0,0,1.326,0.0749744,0.36288,3.6288,61.2732,0.27376,0,0,0.56188,0.322584,0,0.66528,12.849,1,0.440623,0.36288,0,28.3949,5.62334,22.6939,0.84672,12.849,0.84672,3695.15,0,0.0036966,8.25329e-06,0.261274,1.47117,2.92103,1.43501,3.21846,0.42336,0.0018483,0.21168,0.0018483,0.21168,460.486,0,1.01837,0,0,1.27964,0.261274,1.028160,1,0,25.9123,0,0,0,25.9123,0
63.5535,2.2677,0,0,1.3111,0.0723233,0.36288,3.6288,61.2462,0.264474,0,0,0.570373,0.332871,0,0.66528,12.849,1,0.448651,0.36288,0,27.0862,5.5796,21.4209,0.84672,12.849,0.84672,3695.15,0,0.0036966,7.97785e-06,0.39649,1.50716,2.74603,1.45347,3.1962,0.42336,0.0018483,0.21168,0.0018483,0.21168,460.486,0,1.02816,0,0,1.42465,0.39649,1.028160,1,0,24.6171,0,0,0,24.6171,0
62.0511,2.26041,0,0,1.19243,0.0715145,0.36288,3.6288,61.1267,0.317948,0,0,0.531183,0.332814,0,0.66528,12.849,1,0.457001,0.36288,0,25.2505,5.5796,19.5768,0.84672,12.849,0.84672,3695.15,0,0.0036966,9.59511e-06,0.227405,1.50775,2.44725,1.45347,2.72893,0.42336,0.0018483,0.21168,0.0018483,0.21168,460.486,0,0.975188,0,0,1.20259,0.227405,1.028160,1,0,22.3057,0,0,0,22.3057,0
60.6709,2.25212,0,0,1.29856,0.0637546,0.36288,3.6288,61.1574,0.265482,0,0,0.627,0.330764,0,0.66528,12.849,1,0.46635,0.36288,0,25.37,5.68773,19.5788,0.84672,12.849,0.84672,3695.15,0,0.0036966,8.02744e-06,0.487357,1.50834,3.46023,1.47938,3.97655,0.42336,0.0018483,0.21168,0.0018483,0.21168,460.486,0,1.02816,0,0,1.51552,0.487357,1.028160,1,0,23.5553,0,0,0,23.5553,0
59.1455,2.39412,0,0,1.28508,0.0534622,0.36288,3.6288,61.0736,0.377404,0,0,0.595474,0.301924,0,0.66528,12.849,1,0.507032,0.36288,0,25.1364,5.81311,19.1791,0.84672,12.849,0.84672,3695.15,0,0.0036966,1.14059e-05,0.497431,1.50893,3.06722,1.53025,3.54331,0.42336,0.0018483,0.21168,0.0018483,0.21168,460.486,0,1.02816,0,0,1.52559,0.497431,1.028160,1,0,22.7224,0,0,0,22.7224,0
57.2925,2.38431,0,0,0.966151,0.0720077,0.36288,3.6288,60.9463,0.377952,0,0,0.557573,0.306919,0,0.66528,12.849,1,0.517976,0.36288,0,23.9227,5.49444,18.2732,0.84672,12.849,0.84672,3695.15,0,0.0036966,1.14381e-05,0.325166,1.62964,3.25511,1.43513,3.77478,0.42336,0.0018483,0.21168,0.0018483,0.21168,460.486,0,1.02816,0,0,1.35333,0.325166,1.028160,1,0,22.0479,0,0,0,22.0479,0
55.4011,2.37154,0,0,0.91381,0.0707211,0.36288,3.6288,60.7739,0.378499,0,0,0.512819,0.306672,0,0.66528,12.849,1,0.531867,0.36288,0,21.4993,5.49444,15.8359,0.84672,12.849,0.84672,3695.15,0,0.0036966,1.14786e-05,0.240659,1.63027,3.21817,1.43513,3.65396,0.42336,0.0018483,0.21168,0.0018483,0.21168,460.486,0,1.02816,0,0,1.26882,0.240659,1.028160,1,0,19.4899,0,0,0,19.4899,0
53.8731,2.35772,0,0,1.26194,0.0694079,0.36288,3.6288,60.6565,0.379047,0,0,0.567933,0.306337,0,0.66528,12.849,1,0.546819,0.36288,0,23.0614,5.49444,17.383,0.84672,12.849,0.84672,3695.15,0,0.0036966,1.15279e-05,0.411756,1.63091,3.58754,1.43513,4.19507,0.42336,0.0018483,0.21168,0.0018483,0.21168,460.486,0,1.02816,0,0,1.43992,0.411756,1.028160,1,0,21.5781,0,0,0,21.5781,0
52.909,2.34611,0,0,1.83729,0.0923083,0.36288,3.6288,60.7341,0.379595,0,0,0.755983,0.298768,0,0.66528,12.849,1,0.559559,0.36288,0,38.4824,5.35452,32.9312,0.84672,12.849,0.84672,3695.15,0,0.0036966,1.15669e-05,0.591814,1.63154,3.98958,1.41277,4.80016,0.42336,0.0018483,0.21168,0.0018483,0.21168,460.486,0,1.02816,0,0,1.61997,0.591814,1.028160,1,0,37.7313,0,0,0,37.7313,0
52.0108,2.26746,0,0,1.85252,0.120429,0.36288,3.6288,60.7535,0.312385,0,0,0.584027,0.25217,0,0.66528,12.849,1,0.550653,0.36288,0,36.5257,4.87566,31.4623,0.84672,12.849,0.84672,3695.15,0,0.0036966,9.50671e-06,0.66674,1.63218,4.69814,1.27194,5.72511,0.42336,0.0018483,0.21168,0.0018483,0.21168,460.486,0,1.02816,0,0,1.6949,0.66674,1.028160,1,0,37.1874,0,0,0,37.1874,0
51.285,2.26071,0,0,2.03786,0.14003,0.36288,3.6288,60.941,0.312907,0,0,0.735057,0.234667,0,0.66528,12.849,1,0.558497,0.36288,0,40.9698,4.56277,36.2115,0.84672,12.849,0.84672,3695.15,0,0.0036966,9.51954e-06,0.902474,1.56384,5.51712,1.2132,6.77023,0.42336,0.0018483,0.21168,0.0018483,0.21168,460.486,0,1.02816,0,0,1.93063,0.902474,1.028160,1,0,42.9817,0,0,0,42.9817,0
50.9153,2.25527,0,0,2.38735,0.138978,0.36288,3.6288,61.2236,0.313429,0,0,0.830987,0.234946,0,0.66528,12.849,1,0.565036,0.36288,0,36.3182,4.56277,31.5532,0.84672,12.849,0.84672,3695.15,0,0.0036966,9.50609e-06,1.02284,1.56445,5.37014,1.2132,6.74422,0.42336,0.0018483,0.21168,0.0018483,0.21168,460.486,0,1.02816,0,0,2.051,1.02284,1.028160,1,0,38.2974,0,0,0,38.2974,0
51.3851,2.25287,0,0,3.22405,0.138441,0.36288,3.6288,61.308,0.313951,0,0,1.22313,0.235366,0.589449,0.66528,12.849,1,0.568534,0.36288,0,52.9502,4.56277,48.1817,0.84672,12.849,0.84672,3695.15,0,0.0036966,9.47797e-06,1.40351,1.56506,7.33277,1.2132,9.08812,0.42336,0.0018483,0.21168,0.0018483,0.21168,460.486,0,1.02816,0,0,2.43167,1.40351,1.028160,1,0,57.8593,0,0,0,57.8593,0
51.5257,2.19958,0,0,2.85302,0.15,0.36288,3.6288,61.308,0.2527,0,0,1.57444,0.234972,1.08677,0.66528,12.849,1,0.55001,0.36288,0,120.042,4.46053,115.394,0.84672,12.849,0.84672,3695.15,0,0.0036966,7.61836e-06,1.95208,1.56567,8.11434,1.1564,10.4757,0.42336,0.0018483,0.21168,0.0018483,0.21168,460.486,0,1.02816,0,0,2.98024,1.95208,1.028160,1,0,126.956,0,0,0,126.956,0
52.1857,2.20163,0,0,3.402,0.177454,0.36288,3.6288,61.308,0.253199,0,0,1.20723,0.233671,0.720363,0.66528,12.849,1,0.549023,0.36288,0,101.292,4.20493,96.9008,0.84672,12.849,0.84672,3695.15,0,0.0036966,7.63338e-06,1.74879,1.50489,7.75302,1.0144,9.99229,0.42336,0.0018483,0.21168,0.0018483,0.21168,460.486,0,1.02816,0,0,2.77695,1.74879,1.028160,1,0,107.613,0,0,0,107.613,0
52.1847,2.20806,0,0,2.74856,0.178673,0.36288,3.6288,61.308,0.253697,0,0,1.19734,0.233671,0.709972,0.66528,12.849,1,0.543662,0.36288,0,105.729,4.20493,101.343,0.84672,12.849,0.84672,3695.15,0,0.0036966,7.64841e-06,1.22194,1.50547,7.64605,1.0144,9.35906,0.42336,0.0018483,0.21168,0.0018483,0.21168,460.486,0,1.02816,0,0,2.2501,1.22194,1.028160,1,0,111.412,0,0,0,111.412,0
52.7632,2.20891,0,0,3.32899,0.178671,0.36288,3.6288,61.308,0.254196,0,0,0.952561,0.233671,0.464694,0.66528,12.849,1,0.543883,0.36288,0,93.7077,4.20493,89.3218,0.84672,12.849,0.84672,3695.15,0,0.0036966,7.66344e-06,1.40681,1.50606,7.57771,1.0144,9.47617,0.42336,0.0018483,0.21168,0.0018483,0.21168,460.486,0,1.02816,0,0,2.43497,1.40681,1.028160,1,0,99.2626,0,0,0,99.2626,0
53.1124,2.04779,0,0,2.96816,0.208271,0.36288,3.6288,61.308,0.125839,0,0,0.66604,0.208284,0.331918,0.66528,12.849,1,0.498682,0.36288,0,109.669,3.90789,105.626,0.84672,12.849,0.84672,3695.15,0,0.0036966,3.79377e-06,0.676408,1.50664,6.76184,0.916935,8.02795,0.42336,0.0018483,0.21168,0.0018483,0.21168,460.486,0,1.02816,0,0,1.70457,0.676408,1.028160,1,0,113.985,0,0,0,113.985,0
55.7359,2.05123,0,0,5.27871,0.241149,0.36288,3.6288,61.308,0.126288,0,0,1.63484,0.212135,1.29642,0.66528,12.849,1,0.496234,0.36288,0,91.2496,4.23224,86.884,0.84672,12.849,0.84672,3695.15,0,0.0036966,3.8073e-06,2.05753,1.3688,7.47211,1.00598,9.89246,0.42336,0.0018483,0.21168,0.0018483,0.21168,460.486,0,1.02816,0,0,3.08569,2.05753,1.028160,1,0,98.0729,0,0,0,98.0729,0
57.1456,2.07101,0,0,4.09125,0.247626,0.36288,3.6288,61.308,0.126737,0,0,1.49431,0.212135,1.15543,0.66528,12.849,1,0.477439,0.36288,0,94.8318,4.23224,90.485,0.84672,12.849,0.84672,3695.15,0,0.0036966,3.82083e-06,1.9032,1.36934,7.01551,1.00598,9.28207,0.42336,0.0018483,0.21168,0.0018483,0.21168,460.486,0,1.02816,0,0,2.93136,1.9032,1.028160,1,0,100.922,0,0,0,100.922,0
59.3585,2.08144,0,0,4.90832,0.251107,0.36288,3.6288,61.308,0.127186,0,0,2.07054,0.212135,1.73122,0.66528,12.849,1,0.468005,0.36288,0,162.791,4.23224,158.453,0.84672,12.849,0.84672,3695.15,0,0.0036966,3.83436e-06,2.6321,1.36987,10.4138,1.00598,13.4098,0.42336,0.0018483,0.21168,0.0018483,0.21168,460.486,0,1.02816,0,0,3.66026,2.6321,1.028160,1,0,173.594,0,0,0,173.594,0
60.5301,2.0966,0,0,3.88769,0.25657,0.36288,3.6288,61.308,0.127635,0,0,0.686026,0.212135,0.346256,0.66528,12.849,1,0.453839,0.36288,0,119.832,4.23224,115.509,0.84672,12.849,0.84672,3695.15,0,0.0036966,3.8479e-06,0.669427,1.3704,5.60272,1.00598,6.63657,0.42336,0.0018483,0.21168,0.0018483,0.21168,460.486,0,1.02816,0,0,1.69759,0.669427,1.028160,1,0,122.492,0,0,0,122.492,0
65.8026,2.17058,0,0,8.09463,0.288751,0.36288,3.6288,61.308,0.165457,0,0,1.81511,0.2109,1.43875,0.66528,12.849,1,0.460758,0.36288,0,155.884,4.84128,150.945,0.84672,12.849,0.84672,3695.15,0,0.0036966,4.98818e-06,1.85249,1.37093,8.66611,1.08802,10.8015,0.42336,0.0018483,0.21168,0.0018483,0.21168,460.486,0,1.02816,0,0,2.88065,1.85249,1.028160,1,0,163.185,0,0,0,163.185,0
72.29,2.20229,0,0,10.1025,0.28617,1.12659,3.6288,61.308,0.165905,0,0,2.95298,0.212408,2.57467,0.66528,12.849,1,0.430033,1.12659,0,214.644,4.64247,210.698,0.84672,12.849,0.84672,3695.15,0,0.0036966,5.00167e-06,3.27859,1.41532,12.3236,1.07059,15.9469,0.42336,0.0018483,0.21168,0.0018483,0.21168,460.486,0,1.02816,0,0,4.30675,3.27859,1.028160,1,0,229.22,0,0,0,229.22,0
72.29,2.2359,0,0,6.9552,0.321021,4.39828,3.6288,61.308,0.166353,0,0,1.94339,0.207053,1.56998,0.66528,12.849,1,0.397415,4.39828,0,133.135,4.69944,132.436,0.84672,12.849,0.84672,3695.15,0,0.0036966,5.01518e-06,1.88799,1.41585,8.48111,1.16992,10.615,0.42336,0.0018483,0.21168,0.0018483,0.21168,460.486,0,1.02816,0,0,2.91615,1.88799,1.028160,1,0,144.621,0,0,0,144.621,0
72.29,2.23674,0,0,10.8462,0.289853,8.31965,3.6288,61.308,0.166801,0,0,2.21978,0.231678,1.8213,0.66528,12.849,1,0.397564,8.31965,0,131.431,4.84686,134.506,0.84672,12.849,0.84672,3695.15,0,0.0036966,5.02868e-06,2.35723,1.41638,8.72718,1.31761,11.1832,0.42336,0.0018483,0.21168,0.0018483,0.21168,460.486,0,1.02816,0,0,3.38539,2.35723,1.028160,1,0,147.511,0,0,0,147.511,0
72.29,2.45583,0,0,9.94326,0.259553,7.22787,3.6288,61.308,0.3078,0,0,2.20612,0.218578,1.67974,0.66528,12.849,1,0.436505,7.22787,0,189.979,4.43548,192.335,0.84672,12.849,0.84672,3695.15,0,0.0036966,9.27949e-06,2.60463,1.41691,8.67983,1.16102,11.5403,0.42336,0.0018483,0.21168,0.0018483,0.21168,460.486,0,1.02816,0,0,3.63279,2.60463,1.028160,1,0,205.555,0,0,0,205.555,0
72.29,2.45675,0,0,12.8569,0.278024,10.1222,3.6288,61.308,0.308301,0,0,2.40369,0.193276,1.90211,0.66528,12.849,1,0.436669,10.1222,0,284.555,3.98454,290.256,0.84672,12.849,0.84672,3695.15,0,0.0036966,9.29459e-06,3.12174,1.57421,8.57157,1.0554,12.2121,0.42336,0.0018483,0.21168,0.0018483,0.21168,460.486,0,1.02816,0,0,4.1499,3.12174,1.028160,1,0,304.37,0,0,0,304.37,0
72.29,2.45767,0,0,8.83561,0.278024,6.09991,3.6288,61.308,0.308802,0,0,1.68361,0.193276,1.18153,0.66528,12.849,1,0.436832,6.09991,0,168.493,3.98454,170.172,0.84672,12.849,0.84672,3695.15,0,0.0036966,9.30969e-06,1.81481,1.5748,5.78629,1.0554,8.12048,0.42336,0.0018483,0.21168,0.0018483,0.21168,460.486,0,1.02816,0,0,2.84297,1.81481,1.028160,1,0,179.474,0,0,0,179.474,0
72.29,2.45859,0,0,7.47732,0.280291,4.73843,3.6288,61.308,0.309303,0,0,1.69065,0.180144,1.2012,0.66528,12.849,1,0.436996,4.73843,0,136.707,3.75769,137.251,0.84672,12.849,0.84672,3695.15,0,0.0036966,9.32479e-06,2.28207,1.57539,5.44729,0.990352,8.31438,0.42336,0.0018483,0.21168,0.0018483,0.21168,460.486,0,1.02816,0,0,3.31023,2.28207,1.028160,1,0,146.767,0,0,0,146.767,0
72.29,2.14775,0,0,7.33709,0.276691,4.91264,3.6288,61.308,0.1209,0,0,1.75533,0.171414,1.46301,0.66528,12.849,1,0.381747,4.91264,0,140.927,3.5121,141.946,0.84672,12.849,0.84672,3695.15,0,0.0036966,3.64487e-06,2.24898,1.57598,6.0401,0.890751,8.97431,0.42336,0.0018483,0.21168,0.0018483,0.21168,460.486,0,1.02816,0,0,3.27714,2.24898,1.028160,1,0,152.383,0,0,0,152.383,0
72.29,2.14856,0,0,7.87812,0.349556,5.38001,3.6288,61.308,0.121331,0,0,2.5906,0.148804,2.32047,0.66528,12.849,1,0.38189,5.38001,0,165.399,3.25264,167.144,0.84672,12.849,0.84672,3695.15,0,0.0036966,3.65785e-06,3.32184,1.36181,9.47514,0.85055,13.3082,0.42336,0.0018483,0.21168,0.0018483,0.21168,460.486,0,1.02816,0,0,4.35,3.32184,1.028160,1,0,182.773,0,0,0,182.773,0
72.29,2.14936,0,0,6.46032,0.339764,3.97119,3.6288,61.308,0.121761,0,0,2.39665,0.15535,2.11954,0.66528,12.849,1,0.382033,3.97119,0,126.064,3.30488,126.348,0.84672,12.849,0.84672,3695.15,0,0.0036966,3.67083e-06,2.64219,1.36232,7.88072,0.847329,11.0379,0.42336,0.0018483,0.21168,0.0018483,0.21168,460.486,0,1.02816,0,0,3.67035,2.64219,1.028160,1,0,139.505,0,0,0,139.505,0
72.29,2.15017,0,0,5.86939,0.339764,3.37945,3.6288,61.308,0.122192,0,0,2.12471,0.15535,1.84716,0.66528,12.849,1,0.382176,3.37945,0,112.961,3.30488,112.653,0.84672,12.849,0.84672,3695.15,0,0.0036966,3.68381e-06,2.99676,1.36283,7.37666,0.847329,10.8889,0.42336,0.0018483,0.21168,0.0018483,0.21168,460.486,0,1.02816,0,0,4.02492,2.99676,1.028160,1,0,125.39,0,0,0,125.39,0
72.29,2.15097,0,0,8.63274,0.339764,6.142,3.6288,61.308,0.122623,0,0,2.59575,0.15535,2.31778,0.66528,12.849,1,0.382319,6.142,0,153.54,3.30488,155.995,0.84672,12.849,0.84672,3695.15,0,0.0036966,3.6968e-06,3.45181,1.36334,10.3983,0.847329,14.3661,0.42336,0.0018483,0.21168,0.0018483,0.21168,460.486,0,1.02816,0,0,4.47997,3.45181,1.028160,1,0,172.678,0,0,0,172.678,0
72.29,2.2304,0,0,8.26788,0.34117,5.6963,3.6288,61.308,0.169353,0,0,2.36297,0.143529,2.05009,0.66528,12.849,1,0.396437,5.6963,0,135.698,3.23925,137.759,0.84672,12.849,0.84672,3695.15,0,0.0036966,5.10562e-06,3.21755,1.36385,8.89678,0.82274,12.6554,0.42336,0.0018483,0.21168,0.0018483,0.21168,460.486,0,1.02816,0,0,4.24571,3.21755,1.028160,1,0,152.464,0,0,0,152.464,0
72.29,2.23124,0,0,7.6127,0.341732,5.03973,3.6288,61.308,0.169801,0,0,2.84669,0.1388,2.53809,0.66528,12.849,1,0.396585,5.03973,0,143.249,3.213,144.679,0.84672,12.849,0.84672,3695.15,0,0.0036966,5.11914e-06,4.26797,1.41748,12.4443,0.812904,17.3168,0.42336,0.0018483,0.21168,0.0018483,0.21168,460.486,0,1.02816,0,0,5.29613,4.26797,1.028160,1,0,164.534,0,0,0,164.534,0
72.29,2.23207,0,0,5.97938,0.341732,3.40558,3.6288,61.308,0.17025,0,0,2.3707,0.1388,2.06165,0.66528,12.849,1,0.396734,3.40558,0,167.524,3.213,167.319,0.84672,12.849,0.84672,3695.15,0,0.0036966,5.13266e-06,4.42836,1.41801,9.18043,0.812904,14.2139,0.42336,0.0018483,0.21168,0.0018483,0.21168,460.486,0,1.02816,0,0,5.45652,4.42836,1.028160,1,0,183.595,0,0,0,183.595,0
72.29,2.23291,0,0,4.60422,0.315243,2.05607,3.6288,61.308,0.170698,0,0,1.66267,0.101267,1.39071,0.66528,12.849,1,0.396882,2.05607,0,118.269,2.0454,117.882,0.84672,12.849,0.84672,3695.15,0,0.0036966,5.14618e-06,3.01007,1.41854,7.12256,0.667385,10.8838,0.42336,0.0018483,0.21168,0.0018483,0.21168,460.486,0,1.02816,0,0,4.03823,3.01007,1.028160,1,0,130.157,0,0,0,130.157,0
72.29,2.20296,0,0,4.85282,0.24676,2.4031,3.6288,61.308,0.153138,0,0,1.74399,0.170252,1.4206,0.66528,12.849,1,0.391559,2.4031,0,104.681,3.01513,103.678,0.84672,12.849,0.84672,3695.15,0,0.0036966,4.61677e-06,3.18017,1.41908,6.58356,0.884505,10.2983,0.42336,0.0018483,0.21168,0.0018483,0.21168,460.486,0,1.02816,0,0,4.20833,3.18017,1.028160,1,0,115.397,0,0,0,115.397,0
72.29,2.20378,0,0,5.06548,0.232444,2.62925,3.6288,61.308,0.15358,0,0,1.8322,0.193828,1.48479,0.66528,12.849,1,0.391705,2.62925,0,98.877,3.57662,97.538,0.84672,12.849,0.84672,3695.15,0,0.0036966,4.63009e-06,3.4808,1.3989,7.41761,0.929111,11.3682,0.42336,0.0018483,0.21168,0.0018483,0.21168,460.486,0,1.02816,0,0,4.50896,3.4808,1.028160,1,0,110.391,0,0,0,110.391,0
72.29,2.20461,0,0,4.58577,0.232444,2.14873,3.6288,61.308,0.154022,0,0,1.691,0.193828,1.34315,0.66528,12.849,1,0.391852,2.14873,0,89.9156,3.57662,88.0959,0.84672,12.849,0.84672,3695.15,0,0.0036966,4.64342e-06,3.32199,1.39942,6.7614,0.929111,10.5537,0.42336,0.0018483,0.21168,0.0018483,0.21168,460.486,0,1.02816,0,0,4.35015,3.32199,1.028160,1,0,99.9927,0,0,0,99.9927,0
72.29,2.20543,0,0,4.16614,0.227534,1.73317,3.6288,61.308,0.154464,0,0,1.43204,0.195266,1.08231,0.66528,12.849,1,0.391999,1.73317,0,83.4106,3.59407,81.1577,0.84672,12.849,0.84672,3695.15,0,0.0036966,4.65676e-06,2.58886,1.39994,6.17672,0.920502,9.24502,0.42336,0.0018483,0.21168,0.0018483,0.21168,460.486,0,1.02816,0,0,3.61702,2.58886,1.028160,1,0,91.485,0,0,0,91.485,0
72.29,2.31091,0,0,4.14337,0.190465,1.64199,3.6288,61.308,0.218868,0,0,1.39505,0.205682,0.970499,0.66528,12.849,1,0.410747,1.64199,0,82.5422,3.75302,80.0205,0.84672,12.849,0.84672,3695.15,0,0.0036966,6.59838e-06,2.74307,1.40047,6.16473,0.858818,9.44945,0.42336,0.0018483,0.21168,0.0018483,0.21168,460.486,0,1.02816,0,0,3.77123,2.74307,1.028160,1,0,90.4404,0,0,0,90.4404,0
72.29,2.31178,0,0,3.96941,0.149421,1.50822,3.6288,61.308,0.219334,0,0,1.29533,0.175328,0.900664,0.66528,12.849,1,0.410901,1.50822,0,78.713,4.01478,75.7955,0.84672,12.849,0.84672,3695.15,0,0.0036966,6.61244e-06,2.59601,1.47351,5.69264,0.921911,8.84024,0.42336,0.0018483,0.21168,0.0018483,0.21168,460.486,0,1.02816,0,0,3.62417,2.59601,1.028160,1,0,85.5364,0,0,0,85.5364,0
72.29,2.31264,0,0,3.90098,0.149421,1.43892,3.6288,61.308,0.219801,0,0,1.46348,0.175328,1.06835,0.66528,12.849,1,0.411055,1.43892,0,70.5586,4.01478,67.5716,0.84672,12.849,0.84672,3695.15,0,0.0036966,6.6265e-06,2.94206,1.47406,6.10805,0.921911,9.60225,0.42336,0.0018483,0.21168,0.0018483,0.21168,460.486,0,1.02816,0,0,3.97022,2.94206,1.028160,1,0,78.2422,0,0,0,78.2422,0
72.29,2.31351,0,0,3.69674,0.149421,1.23381,3.6288,61.308,0.220267,0,0,1.21706,0.175328,0.82147,0.66528,12.849,1,0.411208,1.23381,0,65.2389,4.01478,62.0467,0.84672,12.849,0.84672,3695.15,0,0.0036966,6.64056e-06,2.36485,1.47461,5.71463,0.921911,8.63217,0.42336,0.0018483,0.21168,0.0018483,0.21168,460.486,0,1.02816,0,0,3.39301,2.36485,1.028160,1,0,71.5004,0,0,0,71.5004,0
72.29,2.31437,0,0,3.49313,0.128371,1.05038,3.6288,61.308,0.220734,0,0,1.15992,0.205319,0.733868,0.66528,12.849,1,0.411362,1.05038,0,59.094,4.42224,55.3108,0.84672,12.849,0.84672,3695.15,0,0.0036966,6.65463e-06,1.87547,1.47516,4.79172,1.03102,7.11132,0.42336,0.0018483,0.21168,0.0018483,0.21168,460.486,0,1.02816,0,0,2.90363,1.87547,1.028160,1,0,63.1559,0,0,0,63.1559,0
72.29,2.2945,0,0,3.30366,0.0936293,0.91553,3.6288,61.308,0.25642,0,0,0.912073,0.271136,0.384516,0.66528,12.849,1,0.40783,0.91553,0,42.1507,5.02022,37.6382,0.84672,12.849,0.84672,3695.15,0,0.0036966,7.7305e-06,1.09164,1.47571,3.29848,1.27163,4.5942,0.42336,0.0018483,0.21168,0.0018483,0.21168,460.486,0,1.02816,0,0,2.1198,1.09164,1.028160,1,0,42.6169,0,0,0,42.6169,0
72.29,2.29536,0,0,3.20992,0.100782,0.813776,3.6288,61.308,0.2569,0,0,0.792504,0.267473,0.268131,0.66528,12.849,1,0.407982,0.813776,0,35.5378,4.85194,31.0916,0.84672,12.849,0.84672,3695.15,0,0.0036966,7.74498e-06,0.716558,1.4989,2.91884,1.25877,3.87553,0.42336,0.0018483,0.21168,0.0018483,0.21168,460.486,0,1.02816,0,0,1.74472,0.716558,1.028160,1,0,35.2353,0,0,0,35.2353,0
72.29,2.29622,0,0,2.94983,0.100782,0.552837,3.6288,61.308,0.257381,0,0,0.769712,0.267473,0.244858,0.66528,12.849,1,0.408135,0.552837,0,34.9768,4.85194,30.2696,0.84672,12.849,0.84672,3695.15,0,0.0036966,7.75945e-06,0.717301,1.49946,2.94328,1.25877,3.90126,0.42336,0.0018483,0.21168,0.0018483,0.21168,460.486,0,1.02816,0,0,1.74546,0.717301,1.028160,1,0,34.4157,0,0,0,34.4157,0
72.2143,2.29707,0,0,2.68507,0.100782,0.36288,3.6288,61.308,0.257861,0,0,0.719937,0.267473,0.194603,0.66528,12.849,1,0.408287,0.36288,0,33.5775,4.85194,28.6801,0.84672,12.849,0.84672,3695.15,0,0.0036966,7.77393e-06,0.48416,1.50002,2.76494,1.25877,3.49034,0.42336,0.0018483,0.21168,0.0018483,0.21168,460.486,0,1.02816,0,0,1.51232,0.48416,1.028160,1,0,32.3651,0,0,0,32.3651,0
71.8417,2.35119,0,0,2.43623,0.0948265,0.36288,3.6288,61.308,0.289777,0,0,0.636321,0.290891,0.055654,0.66528,12.849,1,0.418344,0.36288,0,28.4221,5.25696,23.1096,0.84672,12.849,0.84672,3695.15,0,0.0036966,8.73612e-06,0.385828,1.50058,2.50985,1.35765,3.0386,0.42336,0.0018483,0.21168,0.0018483,0.21168,460.486,0,1.02816,0,0,1.41399,0.385828,1.028160,1,0,26.2039,0,0,0,26.2039,0
71.5864,2.35022,0,0,2.53616,0.0783506,0.36288,3.6288,61.308,0.290269,0,0,0.655359,0.326592,0.0384976,0.66528,12.849,1,0.420342,0.36288,0,30.5674,5.90835,24.6016,0.84672,12.849,0.84672,3695.15,0,0.0036966,8.75097e-06,0.443301,1.53727,2.34653,1.50324,2.82384,0.42336,0.0018483,0.21168,0.0018483,0.21168,460.486,0,1.02816,0,0,1.47146,0.443301,1.028160,1,0,27.4639,0,0,0,27.4639,0
71.1991,2.34983,0,0,2.40364,0.0781983,0.36288,3.6288,61.277,0.290761,0,0,0.58631,0.326592,0,0.66528,12.849,1,0.42177,0.36288,0,27.0088,5.90835,21.0416,0.84672,12.849,0.84672,3695.15,0,0.0036966,8.76581e-06,0.586717,1.53784,2.45089,1.50324,3.0722,0.42336,0.0018483,0.21168,0.0018483,0.21168,460.486,0,1.02816,0,0,1.61488,0.586717,1.028160,1,0,24.1138,0,0,0,24.1138,0
70.6565,2.34876,0,0,2.24698,0.0779673,0.36288,3.6288,61.2016,0.291254,0,0,0.542468,0.326528,0,0.66528,12.849,1,0.423871,0.36288,0,25.6814,5.90835,19.712,0.84672,12.849,0.84672,3695.15,0,0.0036966,8.7851e-06,0.447751,1.53841,2.15057,1.50324,2.63348,0.42336,0.0018483,0.21168,0.0018483,0.21168,460.486,0,1.02816,0,0,1.47591,0.447751,1.028160,1,0,22.3455,0,0,0,22.3455,0
69.9291,2.50362,0,0,2.21677,0.0776436,0.36288,3.6288,61.0568,0.405382,0,0,0.586895,0.326372,0,0.66528,12.849,1,0.455288,0.36288,0,23.8298,5.90835,17.8291,0.84672,12.849,0.84672,3695.15,0,0.0036966,1.22426e-05,0.547223,1.53899,2.43203,1.50324,3.01499,0.42336,0.0018483,0.21168,0.0018483,0.21168,460.486,0,1.02816,0,0,1.57538,0.547223,1.028160,1,0,20.844,0,0,0,20.844,0
68.6725,2.50056,0,0,1.67715,0.0703092,0.36288,3.6288,60.8311,0.405917,0,0,0.50502,0.324837,0,0.66528,12.849,1,0.45946,0.36288,0,21.7946,6.09113,15.6069,0.84672,12.849,0.84672,3695.15,0,0.0036966,1.22878e-05,0.332562,1.66208,2.10101,1.51523,2.58041,0.42336,0.0018483,0.21168,0.0018483,0.21168,460.486,0,1.02816,0,0,1.36072,0.332562,1.028160,1,0,18.1873,0,0,0,18.1873,0
67.1289,2.4944,0,0,1.38769,0.0740484,0.36288,3.6288,60.5414,0.406452,0,0,0.437958,0.321154,0,0.66528,12.849,1,0.466716,0.36288,0,18.9894,6.03435,12.8512,0.84672,12.849,0.84672,3695.15,0,0.0036966,1.23497e-05,0.206254,1.6627,1.84886,1.49979,2.21801,0.42336,0.0018483,0.21168,0.0018483,0.21168,460.486,0,1.02816,0,0,1.23441,0.206254,1.028160,1,0,15.0692,0,0,0,15.0692,0
65.7138,2.48632,0,0,1.50731,0.0731566,0.36288,3.6288,60.257,0.406987,0,0,0.443153,0.320564,0,0.66528,12.849,1,0.475902,0.36288,0,18.1488,6.03435,12.0015,0.84672,12.849,0.84672,3695.15,0,0.0036966,1.24251e-05,0.215438,1.66332,1.96378,1.49979,2.34273,0.42336,0.0018483,0.21168,0.0018483,0.21168,460.486,0,1.02816,0,0,1.2436,0.215438,1.028160,1,0,14.3442,0,0,0,14.3442,0
65.1135,2.47867,0,0,2.32812,0.0868501,0.36288,3.6288,60.0657,0.407523,0,0,0.533036,0.316788,0,0.66528,12.849,1,0.484654,0.36288,0,29.3134,5.94529,23.2464,0.84672,12.849,0.84672,3695.15,0,0.0036966,1.25002e-05,0.462568,1.66394,2.07535,1.48887,2.71298,0.42336,0.0018483,0.21168,0.0018483,0.21168,460.486,0,1.02816,0,0,1.49073,0.462568,1.028160,1,0,25.9594,0,0,0,25.9594,0
65.3127,2.40032,0,0,3.0289,0.0665625,0.36288,3.6288,60.3392,0.338957,0,0,0.939899,0.327485,0,0.66528,12.849,1,0.473661,0.36288,0,31.8748,5.80384,25.9601,0.84672,12.849,0.84672,3695.15,0,0.0036966,1.04302e-05,1.01668,1.66456,4.18291,1.47926,5.38488,0.42336,0.0018483,0.21168,0.0018483,0.21168,460.486,0,1.02816,0,0,2.04484,1.01668,1.028160,1,0,31.345,0,0,0,31.345,0
65.1314,2.40243,0,0,2.69146,0.107431,0.36288,3.6288,60.7079,0.339467,0,0,1.00133,0.293196,0,0.66528,12.849,1,0.472631,0.36288,0,29.507,5.33347,24.0638,0.84672,12.849,0.84672,3695.15,0,0.0036966,1.03985e-05,1.08899,1.59484,3.83328,1.35112,5.16599,0.42336,0.0018483,0.21168,0.0018483,0.21168,460.486,0,1.02816,0,0,2.11715,1.08899,1.028160,1,0,29.2297,0,0,0,29.2297,0
65.8196,2.40222,0,0,3.56057,0.107275,0.36288,3.6288,61.308,0.339977,0,0,1.30268,0.293883,0.0686743,0.66528,12.849,1,0.473906,0.36288,0,42.9535,5.33347,37.509,0.84672,12.849,0.84672,3695.15,0,0.0036966,1.03509e-05,1.90163,1.59543,5.50301,1.35112,7.64895,0.42336,0.0018483,0.21168,0.0018483,0.21168,460.486,0,1.02816,0,0,2.92979,1.90163,1.028160,1,0,45.2266,0,0,0,45.2266,0
67.5752,2.40727,0,0,4.63368,0.107867,0.36288,3.6288,61.308,0.340488,0,0,1.8433,0.295002,1.20781,0.66528,12.849,1,0.469936,0.36288,0,84.1043,5.33347,78.6637,0.84672,12.849,0.84672,3695.15,0,0.0036966,1.02649e-05,3.07693,1.59603,6.53504,1.35112,9.85687,0.42336,0.0018483,0.21168,0.0018483,0.21168,460.486,0,1.02816,0,0,4.10509,3.07693,1.028160,1,0,89.7284,0,0,0,89.7284,0
68.3367,2.35595,0,0,3.66813,0.187805,0.36288,3.6288,61.308,0.278004,0,0,1.19689,0.275416,0.64347,0.66528,12.849,1,0.447969,0.36288,0,57.7326,5.35781,52.2897,0.84672,12.849,0.84672,3695.15,0,0.0036966,8.38122e-06,1.69265,1.59663,3.886,1.39545,5.77982,0.42336,0.0018483,0.21168,0.0018483,0.21168,460.486,0,1.02816,0,0,2.72081,1.69265,1.028160,1,0,58.713,0,0,0,58.713,0
70.4418,2.36104,0,0,5.03295,0.203946,0.36288,3.6288,61.308,0.278491,0,0,2.58828,0.283207,2.02659,0.66528,12.849,1,0.443933,0.36288,0,57.2927,5.50337,51.7083,0.84672,12.849,0.84672,3695.15,0,0.0036966,8.3959e-06,5.08865,1.53462,8.96954,1.38453,14.2083,0.42336,0.0018483,0.21168,0.0018483,0.21168,460.486,0,1.02816,0,0,6.11681,5.08865,1.028160,1,0,67.9431,0,0,0,67.9431,0
72.29,2.37314,0,0,5.9311,0.28194,1.42784,3.6288,61.308,0.278978,0,0,3.0436,0.199489,2.56513,0.66528,12.849,1,0.432875,1.42784,0,104.372,4.59196,100.775,0.84672,12.849,0.84672,3695.15,0,0.0036966,8.41058e-06,5.59545,1.53519,8.85254,1.10091,14.8823,0.42336,0.0018483,0.21168,0.0018483,0.21168,460.486,0,1.02816,0,0,6.62361,5.59545,1.028160,1,0,118.222,0,0,0,118.222,0
72.29,2.38343,0,0,5.40791,0.28595,2.73853,3.6288,61.308,0.279466,0,0,2.15096,0.199489,1.67201,0.66528,12.849,1,0.423636,2.73853,0,81.1374,4.59196,78.8603,0.84672,12.849,0.84672,3695.15,0,0.0036966,8.42527e-06,3.8803,1.53576,8.45356,1.10091,12.7687,0.42336,0.0018483,0.21168,0.0018483,0.21168,460.486,0,1.02816,0,0,4.90846,3.8803,1.028160,1,0,93.301,0,0,0,93.301,0
72.29,2.20475,0,0,6.59054,0.283673,4.10212,3.6288,61.308,0.14856,0,0,3.64004,0.204883,3.2866,0.66528,12.849,1,0.391877,4.10212,0,185.433,4.62761,184.515,0.84672,12.849,0.84672,3695.15,0,0.0036966,4.47876e-06,5.59962,1.53633,15.2533,1.13143,21.2578,0.42336,0.0018483,0.21168,0.0018483,0.21168,460.486,0,1.02816,0,0,6.62778,5.59962,1.028160,1,0,209.06,0,0,0,209.06,0
72.29,2.20557,0,0,9.59245,0.290848,7.09603,3.6288,61.308,0.148999,0,0,2.85935,0.240104,2.47025,0.66528,12.849,1,0.392023,7.09603,0,149.492,4.12716,152.069,0.84672,12.849,0.84672,3695.15,0,0.0036966,4.49198e-06,4.3206,1.39576,8.4742,1.05551,13.135,0.42336,0.0018483,0.21168,0.0018483,0.21168,460.486,0,1.02816,0,0,5.34876,4.3206,1.028160,1,0,167.674,0,0,0,167.674,0
72.29,2.20639,0,0,10.7838,0.300915,8.27654,3.6288,61.308,0.149437,0,0,4.47037,0.248095,4.07284,0.66528,12.849,1,0.392169,8.27654,0,131.81,4.16882,135.526,0.84672,12.849,0.84672,3695.15,0,0.0036966,4.5052e-06,5.96342,1.39628,11.5374,1.05765,17.8395,0.42336,0.0018483,0.21168,0.0018483,0.21168,460.486,0,1.02816,0,0,6.99158,5.96342,1.028160,1,0,157.438,0,0,0,157.438,0
72.29,2.20721,0,0,8.9132,0.300915,6.40507,3.6288,61.308,0.149876,0,0,3.09858,0.248095,2.70061,0.66528,12.849,1,0.392316,6.40507,0,127.92,4.16882,129.764,0.84672,12.849,0.84672,3695.15,0,0.0036966,4.51842e-06,4.43953,1.3968,9.96451,1.05898,14.7419,0.42336,0.0018483,0.21168,0.0018483,0.21168,460.486,0,1.02816,0,0,5.46769,4.43953,1.028160,1,0,147.207,0,0,0,147.207,0
72.29,2.20804,0,0,11.9732,0.28349,9.4817,3.6288,61.308,0.150315,0,0,5.44351,0.241443,5.05175,0.66528,12.849,1,0.392462,9.4817,0,167.045,4.23126,171.903,0.84672,12.849,0.84672,3695.15,0,0.0036966,4.53165e-06,5.56191,1.39732,13.5264,1.04146,19.4442,0.42336,0.0018483,0.21168,0.0018483,0.21168,460.486,0,1.02816,0,0,6.59007,5.56191,1.028160,1,0,196.399,0,0,0,196.399,0
72.29,2.27803,0,0,9.67749,0.250722,7.14874,3.6288,61.308,0.18886,0,0,3.07087,0.238006,2.64401,0.66528,12.849,1,0.404903,7.14874,0,142.52,3.94122,145.323,0.84672,12.849,0.84672,3695.15,0,0.0036966,5.69371e-06,5.51429,1.39784,9.09212,1.00811,14.9961,0.42336,0.0018483,0.21168,0.0018483,0.21168,460.486,0,1.02816,0,0,6.54245,5.51429,1.028160,1,0,162.963,0,0,0,162.963,0
72.29,2.27885,0,0,6.48768,0.251319,3.95751,3.6288,61.308,0.189297,0,0,1.1021,0.24058,0.672224,0.66528,12.849,1,0.405049,3.95751,0,113.638,4.10466,113.086,0.84672,12.849,0.84672,3695.15,0,0.0036966,5.70688e-06,4.31974,1.44307,7.59357,1.07415,12.2822,0.42336,0.0018483,0.21168,0.0018483,0.21168,460.486,0,1.02816,0,0,5.3479,4.31974,1.028160,1,0,126.041,0,0,0,126.041,0
72.29,2.27967,0,0,9.93757,0.251319,7.40658,3.6288,61.308,0.189734,0,0,2.1755,0.24058,1.74519,0.66528,12.849,1,0.405194,7.40658,0,148.819,4.10466,151.716,0.84672,12.849,0.84672,3695.15,0,0.0036966,5.72006e-06,6.54605,1.44359,10.3003,1.07415,17.2158,0.42336,0.0018483,0.21168,0.0018483,0.21168,460.486,0,1.02816,0,0,7.57421,6.54605,1.028160,1,0,170.677,0,0,0,170.677,0
72.29,2.28049,0,0,6.18847,0.285218,3.62276,3.6288,61.308,0.190171,0,0,1.17812,0.208714,0.779239,0.66528,12.849,1,0.40534,3.62276,0,172.931,3.88593,172.263,0.84672,12.849,0.84672,3695.15,0,0.0036966,5.73324e-06,4.0778,1.4441,4.87522,1.10387,9.29326,0.42336,0.0018483,0.21168,0.0018483,0.21168,460.486,0,1.02816,0,0,5.10596,4.0778,1.028160,1,0,182.335,0,0,0,182.335,0
72.29,2.50382,0,0,6.07303,0.275581,3.29363,3.6288,61.308,0.333906,0,0,1.16832,0.194187,0.640226,0.66528,12.849,1,0.445035,3.29363,0,129.294,3.62219,128.521,0.84672,12.849,0.84672,3695.15,0,0.0036966,1.00665e-05,3.18711,1.44462,3.97078,0.952314,7.65019,0.42336,0.0018483,0.21168,0.0018483,0.21168,460.486,0,1.02816,0,0,4.21527,3.18711,1.028160,1,0,136.811,0,0,0,136.811,0
72.29,2.50472,0,0,4.22303,0.310722,1.40759,3.6288,61.308,0.334394,0,0,1.1628,0.172709,0.655693,0.66528,12.849,1,0.445195,1.40759,0,96.5485,3.91419,93.5968,0.84672,12.849,0.84672,3695.15,0,0.0036966,1.00813e-05,5.28263,1.60497,6.96107,1.08333,12.7653,0.42336,0.0018483,0.21168,0.0018483,0.21168,460.486,0,1.02816,0,0,6.31079,5.28263,1.028160,1,0,107.018,0,0,0,107.018,0
71.9636,2.50562,0,0,2.85283,0.310722,0.36288,3.6288,61.308,0.334883,0,0,0.927219,0.172709,0.419626,0.66528,12.849,1,0.445354,0.36288,0,51.9878,3.91419,47.9912,0.84672,12.849,0.84672,3695.15,0,0.0036966,1.0096e-05,3.10724,1.60554,3.94525,1.08333,7.57469,0.42336,0.0018483,0.21168,0.0018483,0.21168,460.486,0,1.02816,0,0,4.1354,3.10724,1.028160,1,0,55.9855,0,0,0,55.9855,0
71.5934,2.5048,0,0,2.80742,0.309952,0.36288,3.6288,61.308,0.335372,0,0,0.837,0.172709,0.328919,0.66528,12.849,1,0.447229,0.36288,0,50.0382,3.91419,46.0397,0.84672,12.849,0.84672,3695.15,0,0.0036966,1.01107e-05,1.98027,1.60612,3.38855,1.08333,5.8916,0.42336,0.0018483,0.21168,0.0018483,0.21168,460.486,0,1.02816,0,0,3.00843,1.98027,1.028160,1,0,52.2602,0,0,0,52.2602,0
72.29,2.18637,0,0,4.49601,0.309079,1.30396,3.6288,61.308,0.143278,0,0,1.3217,0.172709,1.00571,0.66528,12.849,1,0.392392,1.30396,0,129.134,3.91419,126.132,0.84672,12.849,0.84672,3695.15,0,0.0036966,4.31952e-06,3.15493,1.6067,10.1134,1.08333,13.7917,0.42336,0.0018483,0.21168,0.0018483,0.21168,460.486,0,1.02816,0,0,4.18309,3.15493,1.028160,1,0,140.929,0,0,0,140.929,0
72.29,2.19037,0,0,4.54451,0.306214,2.04793,3.6288,61.308,0.143698,0,0,1.63821,0.158473,1.33604,0.66528,12.849,1,0.389321,2.04793,0,88.8451,3.60906,86.8947,0.84672,12.849,0.84672,3695.15,0,0.0036966,4.33218e-06,3.59256,1.38833,8.30819,0.942397,12.3467,0.42336,0.0018483,0.21168,0.0018483,0.21168,460.486,0,1.02816,0,0,4.62072,3.59256,1.028160,1,0,100.577,0,0,0,100.577,0
72.29,2.19115,0,0,4.01594,0.306214,1.51857,3.6288,61.308,0.144118,0,0,0.889091,0.158473,0.586499,0.66528,12.849,1,0.389461,1.51857,0,73.1635,3.60906,70.6836,0.84672,12.849,0.84672,3695.15,0,0.0036966,4.34484e-06,2.08826,1.38883,5.92183,0.942397,8.45652,0.42336,0.0018483,0.21168,0.0018483,0.21168,460.486,0,1.02816,0,0,3.11642,2.08826,1.028160,1,0,79.7266,0,0,0,79.7266,0
72.29,2.19194,0,0,3.30294,0.306214,0.804789,3.6288,61.308,0.144538,0,0,0.86222,0.158473,0.559209,0.66528,12.849,1,0.389601,0.804789,0,63.9316,3.60906,60.7377,0.84672,12.849,0.84672,3695.15,0,0.0036966,4.35751e-06,1.68583,1.38932,4.77737,0.942397,6.91012,0.42336,0.0018483,0.21168,0.0018483,0.21168,460.486,0,1.02816,0,0,2.71399,1.68583,1.028160,1,0,68.207,0,0,0,68.207,0
72.29,2.19273,0,0,5.0898,0.306214,2.59086,3.6288,61.308,0.144959,0,0,1.23371,0.158473,0.930283,0.66528,12.849,1,0.38974,2.59086,0,116.542,3.60906,115.134,0.84672,12.849,0.84672,3695.15,0,0.0036966,4.37018e-06,3.36022,1.38982,6.68349,0.942397,10.4911,0.42336,0.0018483,0.21168,0.0018483,0.21168,460.486,0,1.02816,0,0,4.38838,3.36022,1.028160,1,0,126.555,0,0,0,126.555,0
72.29,2.27366,0,0,4.32629,0.301825,1.75081,3.6288,61.308,0.192577,0,0,1.22495,0.140493,0.891884,0.66528,12.849,1,0.404125,1.75081,0,91.8145,3.5723,89.5889,0.84672,12.849,0.84672,3695.15,0,0.0036966,5.80576e-06,2.79702,1.39032,7.26517,0.925427,10.5271,0.42336,0.0018483,0.21168,0.0018483,0.21168,460.486,0,1.02816,0,0,3.82518,2.79702,1.028160,1,0,101.008,0,0,0,101.008,0
72.29,2.27447,0,0,3.39503,0.302119,0.818437,3.6288,61.308,0.193014,0,0,1.14191,0.157075,0.791816,0.66528,12.849,1,0.40427,0.818437,0,77.1621,4.01541,73.5609,0.84672,12.849,0.84672,3695.15,0,0.0036966,5.81895e-06,1.9221,1.44497,5.18908,0.993314,7.56283,0.42336,0.0018483,0.21168,0.0018483,0.21168,460.486,0,1.02816,0,0,2.95026,1.9221,1.028160,1,0,81.9155,0,0,0,81.9155,0
72.1037,2.27529,0,0,2.75403,0.302119,0.36288,3.6288,61.308,0.193452,0,0,0.917844,0.157075,0.567318,0.66528,12.849,1,0.404415,0.36288,0,51.9341,4.01541,47.8771,0.84672,12.849,0.84672,3695.15,0,0.0036966,5.83214e-06,2.06608,1.44549,4.17461,0.993314,6.69286,0.42336,0.0018483,0.21168,0.0018483,0.21168,460.486,0,1.02816,0,0,3.09424,2.06608,1.028160,1,0,55.1373,0,0,0,55.1373,0
72.0921,2.27522,0,0,2.91604,0.289646,0.36288,3.6288,61.308,0.193889,0,0,0.79634,0.130535,0.471915,0.66528,12.849,1,0.405447,0.36288,0,54.7344,3.48931,51.2025,0.84672,12.849,0.84672,3695.15,0,0.0036966,5.84533e-06,2.20118,1.44601,3.56013,0.919594,6.28772,0.42336,0.0018483,0.21168,0.0018483,0.21168,460.486,0,1.02816,0,0,3.22934,2.20118,1.028160,1,0,57.9622,0,0,0,57.9622,0
72.0004,2.24461,0,0,2.79033,0.27454,0.36288,3.6288,61.308,0.17597,0,0,0.733562,0.118328,0.439264,0.66528,12.849,1,0.400057,0.36288,0,50.4447,3.25781,47.1497,0.84672,12.849,0.84672,3695.15,0,0.0036966,5.3051e-06,1.96292,1.44653,3.01018,0.891923,5.52771,0.42336,0.0018483,0.21168,0.0018483,0.21168,460.486,0,1.02816,0,0,2.99108,1.96292,1.028160,1,0,53.1167,0,0,0,53.1167,0
71.5134,2.24498,0,0,2.39682,0.275949,0.36288,3.6288,61.308,0.176401,0,0,0.67055,0.213923,0.280226,0.66528,12.849,1,0.400633,0.36288,0,47.5743,5.48415,42.0524,0.84672,12.849,0.84672,3695.15,0,0.0036966,5.3181e-06,1.26395,1.42594,3.48611,1.18416,4.99184,0.42336,0.0018483,0.21168,0.0018483,0.21168,460.486,0,1.02816,0,0,2.29211,1.26395,1.028160,1,0,47.3245,0,0,0,47.3245,0
70.9146,2.24347,0,0,2.20595,0.198403,0.36288,3.6288,61.308,0.176832,0,0,0.688686,0.190154,0.3217,0.66528,12.849,1,0.40309,0.36288,0,48.0011,4.21953,43.7413,0.84672,12.849,0.84672,3695.15,0,0.0036966,5.3311e-06,1.05201,1.42645,3.2988,1.03863,4.73861,0.42336,0.0018483,0.21168,0.0018483,0.21168,460.486,0,1.02816,0,0,2.08017,1.05201,1.028160,1,0,48.8016,0,0,0,48.8016,0
70.1512,2.24139,0,0,2.03837,0.197496,0.36288,3.6288,61.308,0.177264,0,0,0.722045,0.190154,0.354627,0.66528,12.849,1,0.406117,0.36288,0,40.5994,4.21953,36.3366,0.84672,12.849,0.84672,3695.15,0,0.0036966,5.34411e-06,0.879708,1.42696,3.0497,1.03863,4.31773,0.42336,0.0018483,0.21168,0.0018483,0.21168,460.486,0,1.02816,0,0,1.90787,0.879708,1.028160,1,0,41.009,0,0,0,41.009,0
69.217,2.34464,0,0,1.96967,0.19634,0.36288,3.6288,61.308,0.242888,0,0,0.64552,0.190154,0.212478,0.66528,12.849,1,0.429448,0.36288,0,36.7155,4.21953,32.4294,0.84672,12.849,0.84672,3695.15,0,0.0036966,7.32255e-06,0.71045,1.42747,2.96689,1.03863,4.06617,0.42336,0.0018483,0.21168,0.0018483,0.21168,460.486,0,1.02816,0,0,1.73861,0.71045,1.028160,1,0,36.7081,0,0,0,36.7081,0
68.2978,2.34059,0,0,1.9651,0.180842,0.36288,3.6288,61.308,0.243343,0,0,0.601064,0.220544,0.137176,0.66528,12.849,1,0.434492,0.36288,0,38.3603,4.27158,34.0171,0.84672,12.849,0.84672,3695.15,0,0.0036966,7.33626e-06,0.65467,1.50189,2.63227,1.07788,3.71095,0.42336,0.0018483,0.21168,0.0018483,0.21168,460.486,0,1.02816,0,0,1.68283,0.65467,1.028160,1,0,37.8652,0,0,0,37.8652,0
67.2489,2.3365,0,0,1.78416,0.133638,0.36288,3.6288,61.308,0.243799,0,0,0.577161,0.227876,0.105487,0.66528,12.849,1,0.439571,0.36288,0,33.7166,4.35592,29.2839,0.84672,12.849,0.84672,3695.15,0,0.0036966,7.34998e-06,0.653538,1.50243,2.42057,1.03662,3.53991,0.42336,0.0018483,0.21168,0.0018483,0.21168,460.486,0,1.02816,0,0,1.6817,0.653538,1.028160,1,0,32.9293,0,0,0,32.9293,0
66.1844,2.33158,0,0,1.76252,0.132541,0.36288,3.6288,61.308,0.244254,0,0,0.622397,0.227876,0.150268,0.66528,12.849,1,0.445486,0.36288,0,32.7115,4.35592,28.2729,0.84672,12.849,0.84672,3695.15,0,0.0036966,7.3637e-06,0.622719,1.50297,2.62275,1.03662,3.71181,0.42336,0.0018483,0.21168,0.0018483,0.21168,460.486,0,1.02816,0,0,1.65088,0.622719,1.028160,1,0,32.135,0,0,0,32.135,0
65.0151,2.32641,0,0,1.65135,0.131428,0.36288,3.6288,61.308,0.244709,0,0,0.584013,0.227876,0.111428,0.66528,12.849,1,0.451647,0.36288,0,30.5211,4.35592,26.0764,0.84672,12.849,0.84672,3695.15,0,0.0036966,7.37743e-06,0.569532,1.50351,2.34516,1.03662,3.38156,0.42336,0.0018483,0.21168,0.0018483,0.21168,460.486,0,1.02816,0,0,1.59769,0.569532,1.028160,1,0,29.5694,0,0,0,29.5694,0
63.928,2.29967,0,0,1.68752,0.11203,0.36288,3.6288,61.2897,0.28106,0,0,0.514731,0.251978,0,0.66528,12.849,1,0.454487,0.36288,0,28.9157,4.91362,23.9105,0.84672,12.849,0.84672,3695.15,0,0.0036966,8.47333e-06,0.472669,1.50404,2.28519,1.16637,3.09553,0.42336,0.0018483,0.21168,0.0018483,0.21168,460.486,0,1.02816,0,0,1.50083,0.472669,1.028160,1,0,27.006,0,0,0,27.006,0
62.9106,2.29406,0,0,1.73707,0.0975401,0.36288,3.6288,61.2001,0.281528,0,0,0.461935,0.270023,0,0.66528,12.849,1,0.461086,0.36288,0,29.0615,5.3319,23.6314,0.84672,12.849,0.84672,3695.15,0,0.0036966,8.48998e-06,0.462214,1.52765,2.29107,1.26368,3.01724,0.42336,0.0018483,0.21168,0.0018483,0.21168,460.486,0,1.02816,0,0,1.49037,0.462214,1.028160,1,0,26.6486,0,0,0,26.6486,0
61.7681,2.28868,0,0,1.60582,0.0967361,0.36288,3.6288,61.0948,0.281996,0,0,0.446587,0.26987,0,0.66528,12.849,1,0.467445,0.36288,0,28.8859,5.3319,23.4495,0.84672,12.849,0.84672,3695.15,0,0.0036966,8.51656e-06,0.437003,1.5282,2.32316,1.26368,3.02467,0.42336,0.0018483,0.21168,0.0018483,0.21168,460.486,0,1.02816,0,0,1.46516,0.437003,1.028160,1,0,26.4741,0,0,0,26.4741,0
60.4849,2.28234,0,0,1.45782,0.0958333,0.36288,3.6288,60.9645,0.282465,0,0,0.421886,0.26969,0,0.66528,12.849,1,0.474772,0.36288,0,28.0274,5.3319,22.5836,0.84672,12.849,0.84672,3695.15,0,0.0036966,8.54541e-06,0.293259,1.52874,2.18373,1.26368,2.74204,0.42336,0.0018483,0.21168,0.0018483,0.21168,460.486,0,1.02816,0,0,1.32142,0.293259,1.028160,1,0,25.3256,0,0,0,25.3256,0
59.044,2.32793,0,0,1.33805,0.0880921,0.36288,3.6288,60.6807,0.391276,0,0,0.393111,0.285701,0,0.66528,12.849,1,0.494531,0.36288,0,24.5446,5.54111,18.8718,0.84672,12.849,0.84672,3695.15,0,0.0036966,1.18626e-05,0.261274,1.52929,2.10131,1.3471,2.54476,0.42336,0.0018483,0.21168,0.0018483,0.21168,460.486,0,0.951852,0,0,1.21313,0.261274,1.028160,1,0,21.4166,0,0,0,21.4166,0
57.5709,2.31885,0,0,1.28557,0.0770095,0.36288,3.6288,60.1541,0.559454,0,0,0.338776,0.305932,0,0.66528,12.849,1,0.504622,0.36288,0,22.0299,5.80829,16.0799,0.84672,12.849,0.84672,3695.15,0,0.0036966,1.70407e-05,0.261274,1.56665,1.94036,1.48691,2.28136,0.42336,0.0018483,0.21168,0.0018483,0.21168,460.486,0,0.784149,0,0,1.04542,0.261274,1.028160,1,0,18.3613,0,0,0,18.3613,0
56.0266,2.30912,0,0,1.20363,0.0759146,0.36288,3.6288,59.6572,0.518627,0,0,0.326686,0.304909,0,0.66528,12.849,1,0.515362,0.36288,0,20.6651,5.80829,14.7043,0.84672,12.849,0.84672,3695.15,0,0.0036966,1.59354e-05,0.227405,1.56721,2.00698,1.48691,2.31466,0.42336,0.0018483,0.21168,0.0018483,0.21168,460.486,0,0.825457,0,0,1.05286,0.227405,1.028160,1,0,17.019,0,0,0,17.019,0
54.3548,2.29838,0,0,1.06421,0.0747668,0.36288,3.6288,59.0326,0.628193,0,0,0.307537,0.303944,0,0.66528,12.849,1,0.527106,0.36288,0,19.521,5.80829,13.5484,0.84672,12.849,0.84672,3695.15,0,0.0036966,1.94627e-05,0.227405,1.56777,1.8828,1.48691,2.19105,0.42336,0.0018483,0.21168,0.0018483,0.21168,460.486,0,0.716368,0,0,0.943773,0.227405,1.028160,1,0,15.7395,0,0,0,15.7395,0
52.4497,2.43876,0,0,0.961684,0.0651186,0.36288,3.6288,58.2566,0.77263,0,0,0.304499,0.307837,0,0.66528,12.849,1,0.576503,0.36288,0,18.5045,5.95783,12.333,0.84672,12.849,0.84672,3695.15,0,0.0036966,2.41909e-05,0.227405,1.56833,1.87865,1.51679,2.15757,0.42336,0.0018483,0.21168,0.0018483,0.21168,460.486,0,0.688211,0,0,0.915615,0.227405,1.028160,1,0,14.4906,0,0,0,14.4906,0
50.6282,2.42281,0,0,1.02533,0.0611195,0.36288,3.6288,57.3942,0.805706,0,0,0.271193,0.32789,0,0.66528,12.849,1,0.593534,0.36288,0,18.3819,5.95755,12.1937,0.84672,12.849,0.84672,3695.15,0,0.0036966,2.55625e-05,0.227405,1.69374,1.75022,1.51604,2.1553,0.42336,0.0018483,0.21168,0.0018483,0.21168,460.486,0,0.655655,0,0,0.88306,0.227405,1.028160,1,0,14.349,0,0,0,14.349,0
49.0508,2.40663,0,0,1.25438,0.0623017,0.36288,3.6288,56.7657,0.608145,0,0,0.313741,0.334098,0,0.66528,12.849,1,0.610783,0.36288,0,22.2077,5.88808,16.0717,0.84672,12.849,0.84672,3695.15,0,0.0036966,1.95844e-05,0.204422,1.69435,1.82876,1.52745,2.20006,0.42336,0.0018483,0.21168,0.0018483,0.21168,460.486,0,0.853744,0,0,1.05817,0.204422,1.028160,1,0,18.2718,0,0,0,18.2718,0
47.2293,2.39192,0,0,0.994594,0.0612665,0.36288,3.6288,55.7964,0.872092,0,0,0.235488,0.332737,0,0.66528,12.849,1,0.626571,0.36288,0,24.3849,5.88808,18.2332,0.84672,12.849,0.84672,3695.15,0,0.0036966,2.83954e-05,0.204422,1.69495,1.46837,1.52745,1.84026,0.42336,0.0018483,0.21168,0.0018483,0.21168,460.486,0,0.590311,0,0,0.794733,0.204422,1.028160,1,0,20.0734,0,0,0,20.0734,0
45.6415,2.37377,0,0,1.20887,0.0600626,0.36288,3.6288,55.4096,0.434779,0,0,0.378598,0.330638,0,0.66528,12.849,1,0.645797,0.36288,0,21.2563,5.88808,15.0853,0.84672,12.849,0.84672,3695.15,0,0.0036966,1.44024e-05,0.289466,1.69556,2.11573,1.52745,2.57328,0.42336,0.0018483,0.21168,0.0018483,0.21168,460.486,0,1.02816,0,0,1.31763,0.289466,1.028160,1,0,17.6586,0,0,0,17.6586,0
44.2016,2.28516,0,0,1.23346,0.0252682,0.36288,3.6288,54.6758,0.65013,0,0,0.247387,0.331058,0,0.66528,12.849,1,0.643319,0.36288,0,19.9822,5.80917,13.8926,0.84672,12.849,0.84672,3695.15,0,0.0036966,2.16864e-05,0.204422,1.69616,1.66018,1.51811,2.04264,0.42336,0.0018483,0.21168,0.0018483,0.21168,460.486,0,0.74291,0,0,0.947333,0.204422,1.028160,1,0,15.9352,0,0,0,15.9352,0
42.9954,2.26973,0,0,1.47549,0.0490676,0.36288,3.6288,53.8763,0.734795,0,0,0.219664,0.284324,0,0.66528,12.849,1,0.65979,0.36288,0,17.4976,4.5451,12.6556,0.84672,12.849,0.84672,3695.15,0,0.0036966,2.48395e-05,0.216518,1.62509,1.09116,1.26865,1.6641,0.42336,0.0018483,0.21168,0.0018483,0.21168,460.486,0,0.65874,0,0,0.875258,0.216518,1.028160,1,0,14.3197,0,0,0,14.3197,0
41.9631,2.25629,0,0,1.67947,0.0926743,0.36288,3.6288,53.506,0.423191,0,0,0.31765,0.264778,0,0.66528,12.849,1,0.674281,0.36288,0,17.2358,4.02297,12.9014,0.84672,12.849,0.84672,3695.15,0,0.0036966,1.45182e-05,0.216518,1.62567,1.52263,1.17193,2.19287,0.42336,0.0018483,0.21168,0.0018483,0.21168,460.486,0,0.970851,0,0,1.18737,0.216518,1.028160,1,0,15.0943,0,0,0,15.0943,0
40.8629,2.24439,0,0,1.59869,0.09157,0.36288,3.6288,53.0534,0.497619,0,0,0.309072,0.264015,0,0.66528,12.849,1,0.687226,0.36288,0,21.9402,4.02297,17.5928,0.84672,12.849,0.84672,3695.15,0,0.0036966,1.71896e-05,0.216518,1.62625,1.50745,1.17193,2.17827,0.42336,0.0018483,0.21168,0.0018483,0.21168,460.486,0,0.896918,0,0,1.11344,0.216518,1.028160,1,0,19.7711,0,0,0,19.7711,0
40.0332,2.17347,0,0,1.79707,0.0903932,0.36288,3.6288,52.8936,0.302695,0,0,0.40588,0.263064,0,0.66528,12.849,1,0.683429,0.36288,0,43.5051,4.02297,39.1616,0.84672,12.849,0.84672,3695.15,0,0.0036966,1.05454e-05,0.336269,1.62684,2.00216,1.17193,2.79333,0.42336,0.0018483,0.21168,0.0018483,0.21168,460.486,0,1.02816,0,0,1.36443,0.336269,1.028160,1,0,41.9549,0,0,0,41.9549,0
39.1365,2.16352,0,0,1.69957,0.0699181,0.36288,3.6288,52.5602,0.540157,0,0,0.402783,0.195998,0,0.66528,12.849,1,0.694399,0.36288,0,24.2786,4.23349,19.7136,0.84672,12.849,0.84672,3695.15,0,0.0036966,1.88751e-05,0.216518,1.56363,1.92434,0.906696,2.79778,0.42336,0.0018483,0.21168,0.0018483,0.21168,460.486,0,0.791165,0,0,1.00768,0.216518,1.028160,1,0,22.5113,0,0,0,22.5113,0
38.8827,2.15231,0,0,2.42813,0.166747,0.36288,3.6288,52.0639,0.664197,0,0,0.349937,0.181988,0,0.66528,12.849,1,0.706629,0.36288,0,37.2812,4.36979,32.5676,0.84672,12.849,0.84672,3695.15,0,0.0036966,2.33568e-05,0.292723,1.56419,2.04828,1.08031,2.82486,0.42336,0.0018483,0.21168,0.0018483,0.21168,460.486,0,0.667596,0,0,0.960319,0.292723,1.028160,1,0,35.3925,0,0,0,35.3925,0
38.2115,2.1496,0,0,2.00755,0.166258,0.36288,3.6288,51.6017,0.582534,0,0,0.301525,0.181263,0,0.66528,12.849,1,0.710349,0.36288,0,29.8988,4.36979,25.1816,0.84672,12.849,0.84672,3695.15,0,0.0036966,2.06803e-05,0.292723,1.56474,1.98681,1.08031,2.76395,0.42336,0.0018483,0.21168,0.0018483,0.21168,460.486,0,0.749736,0,0,1.04246,0.292723,1.028160,1,0,27.9455,0,0,0,27.9455,0
40.8085,1.97979,0,0,5.10464,0.164965,0.36288,3.6288,52.2157,0.170728,0,0,0.965342,0.180588,0,0.66528,12.849,1,0.665723,0.36288,0,83.4154,4.36979,78.7428,0.84672,12.849,0.84672,3695.15,0,0.0036966,6.11525e-06,2.14393,1.5653,4.64325,1.08031,7.27216,0.42336,0.0018483,0.21168,0.0018483,0.21168,460.486,0,1.02816,0,0,3.17209,2.14393,1.028160,1,0,86.0149,0,0,0,86.0149,0
45.5989,2.01273,0,0,7.34918,0.183205,0.36288,3.6288,53.1783,0.171156,0,0,1.35401,0.220225,0,0.66528,12.849,1,0.633729,0.36288,0,125.024,4.36101,120.392,0.84672,12.849,0.84672,3695.15,0,0.0036966,6.05848e-06,1.2487,1.42205,6.37482,1.05594,7.98963,0.42336,0.0018483,0.21168,0.0018483,0.21168,460.486,0,1.02816,0,0,2.27686,1.2487,1.028160,1,0,128.382,0,0,0,128.382,0
47.9594,2.06541,0,0,4.98796,0.199156,0.36288,3.6288,53.7092,0.171584,0,0,0.940032,0.237548,0,0.66528,12.849,1,0.581998,0.36288,0,104.734,4.3575,100.157,0.84672,12.849,0.84672,3695.15,0,0.0036966,5.96368e-06,1.30645,1.42256,5.75182,1.04619,7.43463,0.42336,0.0018483,0.21168,0.0018483,0.21168,460.486,0,1.02816,0,0,2.33461,1.30645,1.028160,1,0,107.592,0,0,0,107.592,0
50.0463,2.08875,0,0,4.74295,0.204424,0.36288,3.6288,54.3301,0.172012,0,0,1.03142,0.238556,0,0.66528,12.849,1,0.559606,0.36288,0,82.5621,4.3575,78.0079,0.84672,12.849,0.84672,3695.15,0,0.0036966,5.91945e-06,3.03979,1.42307,8.31737,1.04619,11.734,0.42336,0.0018483,0.21168,0.0018483,0.21168,460.486,0,1.02816,0,0,4.06795,3.03979,1.028160,1,0,89.7419,0,0,0,89.7419,0
52.0973,2.10807,0,0,4.73104,0.209069,0.36288,3.6288,54.8854,0.17244,0,0,0.967343,0.239577,0,0.66528,12.849,1,0.541231,0.36288,0,91.6713,4.3575,87.1354,0.84672,12.849,0.84672,3695.15,0,0.0036966,5.86637e-06,3.02086,1.42357,7.73107,1.04619,11.1293,0.42336,0.0018483,0.21168,0.0018483,0.21168,460.486,0,1.02816,0,0,4.04902,3.02086,1.028160,1,0,98.2647,0,0,0,98.2647,0
56.3758,2.1925,0,0,7.05294,0.219063,0.36288,3.6288,55.7056,0.211689,0,0,1.2686,0.236737,0,0.66528,12.849,1,0.540747,0.36288,0,112.056,4.2087,107.669,0.84672,12.849,0.84672,3695.15,0,0.0036966,7.12878e-06,2.48176,1.42408,8.32657,1.06151,11.1709,0.42336,0.0018483,0.21168,0.0018483,0.21168,460.486,0,1.02816,0,0,3.50992,2.48176,1.028160,1,0,118.84,0,0,0,118.84,0
60.2231,2.22669,0,0,6.67985,0.243016,0.36288,3.6288,56.5695,0.212115,0,0,1.30468,0.228665,0,0.66528,12.849,1,0.507501,0.36288,0,159.633,3.8367,155.652,0.84672,12.849,0.84672,3695.15,0,0.0036966,7.03794e-06,2.23239,1.47014,9.20385,1.09982,11.8065,0.42336,0.0018483,0.21168,0.0018483,0.21168,460.486,0,1.02816,0,0,3.26055,2.23239,1.028160,1,0,167.459,0,0,0,167.459,0
61.8549,2.25419,0,0,4.50124,0.252279,0.36288,3.6288,57.4609,0.212541,0,0,1.33394,0.22996,0,0.66528,12.849,1,0.480947,0.36288,0,111.095,3.8367,107.14,0.84672,12.849,0.84672,3695.15,0,0.0036966,6.94438e-06,1.53297,1.47064,12.1529,1.09982,14.0566,0.42336,0.0018483,0.21168,0.0018483,0.21168,460.486,0,1.02816,0,0,2.56113,1.53297,1.028160,1,0,121.197,0,0,0,121.197,0
66.2548,2.26547,0,0,7.29622,0.268043,0.36288,3.6288,59.5034,0.212967,0,0,2.48323,0.227813,0,0.66528,12.849,1,0.470602,0.36288,0,195.66,3.87468,191.677,0.84672,12.849,0.84672,3695.15,0,0.0036966,6.85035e-06,2.56388,1.47115,13.8183,1.16605,16.6873,0.42336,0.0018483,0.21168,0.0018483,0.21168,460.486,0,1.02816,0,0,3.59204,2.56388,1.028160,1,0,208.365,0,0,0,208.365,0
67.0752,2.51604,0,0,3.9906,0.291232,0.36288,3.6288,60.2466,0.35937,0,0,1.2959,0.19328,0,0.66528,12.849,1,0.487943,0.36288,0,149.474,3.44214,145.907,0.84672,12.849,0.84672,3695.15,0,0.0036966,1.11628e-05,1.09652,1.47165,6.09729,1.02851,7.63695,0.42336,0.0018483,0.21168,0.0018483,0.21168,460.486,0,1.02816,0,0,2.12468,1.09652,1.028160,1,0,153.543,0,0,0,153.543,0
67.5776,2.52191,0,0,3.64017,0.253045,0.36288,3.6288,61.308,0.359846,0,0,2.2711,0.160674,0.689192,0.66528,12.849,1,0.4831,0.36288,0,108.369,3.55529,104.693,0.84672,12.849,0.84672,3695.15,0,0.0036966,1.10397e-05,1.28685,1.63497,9.98552,1.01933,11.888,0.42336,0.0018483,0.21168,0.0018483,0.21168,460.486,0,1.02816,0,0,2.31501,1.28685,1.028160,1,0,117.271,0,0,0,117.271,0
70.2465,2.5258,0,0,5.81248,0.254828,0.36288,3.6288,61.308,0.360323,0,0,1.74396,0.153173,1.23046,0.66528,12.849,1,0.480248,0.36288,0,162.448,3.61068,158.72,0.84672,12.849,0.84672,3695.15,0,0.0036966,1.08629e-05,1.71354,1.63553,11.1751,1.01663,13.5076,0.42336,0.0018483,0.21168,0.0018483,0.21168,460.486,0,1.02816,0,0,2.7417,1.71354,1.028160,1,0,173.458,0,0,0,173.458,0
72.29,2.5421,0,0,7.01952,0.317882,2.11608,3.6288,61.308,0.360799,0,0,1.87767,0.151137,1.36574,0.66528,12.849,1,0.464982,2.11608,0,141.294,3.68538,139.26,0.84672,12.849,0.84672,3695.15,0,0.0036966,1.08773e-05,2.90973,1.6361,11.8552,0.989968,15.411,0.42336,0.0018483,0.21168,0.0018483,0.21168,460.486,0,1.02816,0,0,3.93789,2.90973,1.028160,1,0,156.037,0,0,0,156.037,0
72.29,2.23038,0,0,5.9635,0.3432,3.38992,3.6288,61.308,0.165104,0,0,1.50917,0.178569,1.16549,0.66528,12.849,1,0.396433,3.38992,0,180.276,3.6099,179.66,0.84672,12.849,0.84672,3695.15,0,0.0036966,4.97752e-06,1.23588,1.63666,10.7635,1.03108,12.6049,0.42336,0.0018483,0.21168,0.0018483,0.21168,460.486,0,1.02816,0,0,2.26404,1.23588,1.028160,1,0,193.43,0,0,0,193.43,0
72.29,2.23115,0,0,5.00707,0.317614,2.45831,3.6288,61.308,0.165513,0,0,1.19058,0.0993903,0.92568,0.66528,12.849,1,0.396569,2.45831,0,124.927,3.0033,123.986,0.84672,12.849,0.84672,3695.15,0,0.0036966,4.98986e-06,0.840188,1.4142,9.46434,0.778025,10.9407,0.42336,0.0018483,0.21168,0.0018483,0.21168,460.486,0,1.02816,0,0,1.86835,0.840188,1.028160,1,0,135.852,0,0,0,135.852,0
72.29,2.23191,0,0,3.50643,0.313349,0.961172,3.6288,61.308,0.165923,0,0,0.957433,0.0861939,0.705316,0.66528,12.849,1,0.396705,0.961172,0,117.695,2.9022,115.357,0.84672,12.849,0.84672,3695.15,0,0.0036966,5.0022e-06,0.928515,1.41468,7.34694,0.73585,8.95428,0.42336,0.0018483,0.21168,0.0018483,0.21168,460.486,0,1.02816,0,0,1.95667,0.928515,1.028160,1,0,125.017,0,0,0,125.017,0
72.29,2.23268,0,0,4.79529,0.313349,2.24926,3.6288,61.308,0.166332,0,0,1.01521,0.0861939,0.762683,0.66528,12.849,1,0.396841,2.24926,0,130.853,2.9022,129.803,0.84672,12.849,0.84672,3695.15,0,0.0036966,5.01454e-06,0.729959,1.41517,8.37691,0.73585,9.78618,0.42336,0.0018483,0.21168,0.0018483,0.21168,460.486,0,1.02816,0,0,1.75812,0.729959,1.028160,1,0,140.352,0,0,0,140.352,0
72.29,2.23344,0,0,4.03697,0.274097,1.52943,3.6288,61.308,0.166742,0,0,1.06905,0.10487,0.797442,0.66528,12.849,1,0.396977,1.52943,0,124.775,3.63411,122.274,0.84672,12.849,0.84672,3695.15,0,0.0036966,5.02689e-06,1.27296,1.41565,7.66731,0.921309,9.4346,0.42336,0.0018483,0.21168,0.0018483,0.21168,460.486,0,1.02816,0,0,2.30112,1.27296,1.028160,1,0,132.506,0,0,0,132.506,0
72.29,2.31584,0,0,3.82563,0.301385,1.2084,3.6288,61.308,0.215224,0,0,0.904971,0.097671,0.592075,0.66528,12.849,1,0.411623,1.2084,0,74.4091,3.62678,71.5792,0.84672,12.849,0.84672,3695.15,0,0.0036966,6.48854e-06,0.580694,1.41614,5.9806,0.749757,7.22767,0.42336,0.0018483,0.21168,0.0018483,0.21168,460.486,0,1.02816,0,0,1.60885,0.580694,1.028160,1,0,79.3989,0,0,0,79.3989,0
72.29,2.31663,0,0,3.56533,0.320167,0.928529,3.6288,61.308,0.215651,0,0,0.889103,0.120104,0.553348,0.66528,12.849,1,0.411764,0.928529,0,62.5926,3.21264,59.8967,0.84672,12.849,0.84672,3695.15,0,0.0036966,6.50139e-06,0.901921,1.47178,4.9002,0.714203,6.5597,0.42336,0.0018483,0.21168,0.0018483,0.21168,460.486,0,1.02816,0,0,1.93008,0.901921,1.028160,1,0,67.0097,0,0,0,67.0097,0
72.29,2.31743,0,0,3.26975,0.318947,0.633373,3.6288,61.308,0.613064,0,0,0.740991,0.125759,0.00216773,0.66528,12.849,1,0.411905,0.633373,0,72.4462,3.30813,69.3596,0.84672,12.849,0.84672,3695.15,0,0.0036966,1.84825e-05,0.528595,1.47229,4.62805,0.771089,5.85782,0.42336,0.0018483,0.21168,0.0018483,0.21168,460.486,0,0.631161,0,0,1.15976,0.528595,1.028160,1,0,75.2196,0,0,0,75.2196,0
72.29,2.31822,0,0,3.24408,0.318947,0.606909,3.6288,61.308,0.216503,0,0,1.22554,0.125759,0.883279,0.66528,12.849,1,0.412046,0.606909,0,74.0382,3.30813,70.925,0.84672,12.849,0.84672,3695.15,0,0.0036966,6.52709e-06,1.41823,1.47279,6.71469,0.771089,8.83461,0.42336,0.0018483,0.21168,0.0018483,0.21168,460.486,0,1.02816,0,0,2.44639,1.41823,1.028160,1,0,80.6429,0,0,0,80.6429,0
72.1733,2.28705,0,0,2.84275,0.309537,0.36288,3.6288,61.308,0.198233,0,0,1.09701,0.136306,0.762473,0.66528,12.849,1,0.406507,0.36288,0,73.9222,3.40845,70.4701,0.84672,12.849,0.84672,3695.15,0,0.0036966,5.97628e-06,0.727816,1.4733,5.51553,0.804563,6.91207,0.42336,0.0018483,0.21168,0.0018483,0.21168,460.486,0,1.02816,0,0,1.75598,0.727816,1.028160,1,0,78.1447,0,0,0,78.1447,0
71.224,2.28728,0,0,1.9537,0.252852,0.36288,3.6288,61.308,0.343006,0,0,0.828429,0.199591,0.285832,0.66528,12.849,1,0.407204,0.36288,0,51.6784,4.01037,47.6237,0.84672,12.849,0.84672,3695.15,0,0.0036966,1.03409e-05,0.528595,1.4523,3.67626,1.0054,4.65174,0.42336,0.0018483,0.21168,0.0018483,0.21168,460.486,0,0.883803,0,0,1.4124,0.528595,1.028160,1,0,52.5613,0,0,0,52.5613,0
70.1575,2.28346,0,0,1.83088,0.25103,0.36288,3.6288,61.308,0.376318,0,0,0.819616,0.199591,0.243708,0.66528,12.849,1,0.411943,0.36288,0,48.9631,4.01037,44.9036,0.84672,12.849,0.84672,3695.15,0,0.0036966,1.13451e-05,0.528595,1.4528,3.49839,1.0054,4.47436,0.42336,0.0018483,0.21168,0.0018483,0.21168,460.486,0,0.85091,0,0,1.37951,0.528595,1.028160,1,0,49.6217,0,0,0,49.6217,0
70.1617,2.27895,0,0,2.88758,0.241494,0.36288,3.6288,61.308,0.199494,0,0,1.04745,0.201376,0.646584,0.66528,12.849,1,0.417379,0.36288,0,64.2476,4.06455,60.1285,0.84672,12.849,0.84672,3695.15,0,0.0036966,6.01429e-06,0.677048,1.4533,3.46515,0.995375,4.60011,0.42336,0.0018483,0.21168,0.0018483,0.21168,460.486,0,1.02816,0,0,1.70521,0.677048,1.028160,1,0,65.3752,0,0,0,65.3752,0
68.9881,2.3879,0,0,1.77377,0.196572,0.36288,3.6288,61.308,0.339893,0,0,0.833803,0.212086,0.281824,0.66528,12.849,1,0.437305,0.36288,0,48.4574,4.38963,43.9933,0.84672,12.849,0.84672,3695.15,0,0.0036966,1.0247e-05,0.402797,1.45379,3.0446,0.935197,3.96598,0.42336,0.0018483,0.21168,0.0018483,0.21168,460.486,0,0.954573,0,0,1.35737,0.402797,1.028160,1,0,48.2411,0,0,0,48.2411,0
67.7208,2.38244,0,0,1.6676,0.189585,0.36288,3.6288,61.308,0.508915,0,0,0.776831,0.219531,0.0483848,0.66528,12.849,1,0.443728,0.36288,0,40.6422,4.29363,36.2677,0.84672,12.849,0.84672,3695.15,0,0.0036966,1.53427e-05,0.402797,1.52957,2.86159,1.01319,3.78074,0.42336,0.0018483,0.21168,0.0018483,0.21168,460.486,0,0.785989,0,0,1.18879,0.402797,1.028160,1,0,40.0969,0,0,0,40.0969,0
66.4463,2.37627,0,0,1.65031,0.185653,0.36288,3.6288,61.2421,0.586269,0,0,0.742833,0.222509,0,0.66528,12.849,1,0.450862,0.36288,0,36.6089,4.25523,32.2657,0.84672,12.849,0.84672,3695.15,0,0.0036966,1.76747e-05,0.402797,1.53009,2.80878,1.04439,3.69725,0.42336,0.0018483,0.21168,0.0018483,0.21168,460.486,0,0.709076,0,0,1.11187,0.402797,1.028160,1,0,35.9629,0,0,0,35.9629,0
65.0261,2.36984,0,0,1.46871,0.156277,0.36288,3.6288,61.1739,0.531876,0,0,0.705067,0.241295,0,0.66528,12.849,1,0.458265,0.36288,0,32.3868,4.46943,27.822,0.84672,12.849,0.84672,3695.15,0,0.0036966,1.60522e-05,0.30119,1.53061,2.73234,1.09912,3.46501,0.42336,0.0018483,0.21168,0.0018483,0.21168,460.486,0,0.763914,0,0,1.0651,0.30119,1.028160,1,0,31.287,0,0,0,31.287,0
63.5573,2.36229,0,0,1.39055,0.134111,0.36288,3.6288,60.9991,0.595226,0,0,0.675691,0.255344,0,0.66528,12.849,1,0.466782,0.36288,0,30.8593,4.63008,26.1253,0.84672,12.849,0.84672,3695.15,0,0.0036966,1.79841e-05,0.30119,1.53114,2.70218,1.14017,3.39432,0.42336,0.0018483,0.21168,0.0018483,0.21168,460.486,0,0.701006,0,0,1.0022,0.30119,1.028160,1,0,29.5197,0,0,0,29.5197,0
62.5708,2.33303,0,0,1.83364,0.124216,0.36288,3.6288,61.2198,0.344727,0,0,0.827513,0.262024,0,0.66528,12.849,1,0.471655,0.36288,0,37.6481,4.96474,32.5746,0.84672,12.849,0.84672,3695.15,0,0.0036966,1.04454e-05,0.30119,1.53166,3.60609,1.18406,4.25488,0.42336,0.0018483,0.21168,0.0018483,0.21168,460.486,0,0.988511,0,0,1.2897,0.30119,1.028160,1,0,36.8295,0,0,0,36.8295,0
62.1842,2.32766,0,0,2.39649,0.092627,0.36288,3.6288,61.308,0.305536,0,0,0.981547,0.301143,0.286701,0.66528,12.849,1,0.477988,0.36288,0,45.6333,5.44262,40.0756,0.84672,12.849,0.84672,3695.15,0,0.0036966,9.22449e-06,0.662861,1.55568,4.63869,1.34021,5.51701,0.42336,0.0018483,0.21168,0.0018483,0.21168,460.486,0,1.02816,0,0,1.69102,0.662861,1.028160,1,0,45.8793,0,0,0,45.8793,0
61.6854,2.32599,0,0,2.27467,0.0845191,0.36288,3.6288,61.308,0.305992,0,0,0.95415,0.3131,0.335057,0.66528,12.849,1,0.480615,0.36288,0,42.2905,5.45527,36.7175,0.84672,12.849,0.84672,3695.15,0,0.0036966,9.22498e-06,0.603953,1.55621,4.59878,1.37927,5.37967,0.42336,0.0018483,0.21168,0.0018483,0.21168,460.486,0,1.02816,0,0,1.63211,0.603953,1.028160,1,0,42.4322,0,0,0,42.4322,0
61.0392,2.32357,0,0,2.12443,0.0841727,0.36288,3.6288,61.308,0.306449,0,0,0.835514,0.3131,0.215965,0.66528,12.849,1,0.483997,0.36288,0,38.9419,5.45527,33.3655,0.84672,12.849,0.84672,3695.15,0,0.0036966,9.23874e-06,0.540423,1.55674,4.35901,1.37927,5.0769,0.42336,0.0018483,0.21168,0.0018483,0.21168,460.486,0,1.02816,0,0,1.56858,0.540423,1.028160,1,0,38.6583,0,0,0,38.6583,0
60.2219,2.37428,0,0,2.00349,0.0837239,0.36288,3.6288,61.308,0.339527,0,0,0.779242,0.3131,0.126614,0.66528,12.849,1,0.499795,0.36288,0,37.2894,5.45527,31.6972,0.84672,12.849,0.84672,3695.15,0,0.0036966,1.0236e-05,0.451725,1.55728,4.13085,1.37927,4.76058,0.42336,0.0018483,0.21168,0.0018483,0.21168,460.486,0,1.02816,0,0,1.47989,0.451725,1.028160,1,0,36.5844,0,0,0,36.5844,0
59.648,2.3695,0,0,2.23231,0.0738006,0.36288,3.6288,61.308,0.339995,0,0,0.987777,0.340818,0.306964,0.66528,12.849,1,0.505558,0.36288,0,43.422,6.0144,37.2649,0.84672,12.849,0.84672,3695.15,0,0.0036966,1.02501e-05,0.362336,1.5953,4.3074,1.48371,4.78132,0.42336,0.0018483,0.21168,0.0018483,0.21168,460.486,0,1.02816,0,0,1.3905,0.362336,1.028160,1,0,42.3532,0,0,0,42.3532,0
58.924,2.3663,0,0,2.07855,0.0733964,0.36288,3.6288,61.308,0.340463,0,0,0.856967,0.340818,0.175686,0.66528,12.849,1,0.509734,0.36288,0,36.7661,6.0144,30.6049,0.84672,12.849,0.84672,3695.15,0,0.0036966,1.02642e-05,0.474915,1.59584,4.34712,1.48371,4.93416,0.42336,0.0018483,0.21168,0.0018483,0.21168,460.486,0,1.02816,0,0,1.50307,0.474915,1.028160,1,0,35.7147,0,0,0,35.7147,0
58.048,2.36197,0,0,1.92174,0.0728865,0.36288,3.6288,61.308,0.340931,0,0,0.794716,0.340818,0.112967,0.66528,12.849,1,0.515052,0.36288,0,35.2555,6.0144,29.0889,0.84672,12.849,0.84672,3695.15,0,0.0036966,1.02783e-05,0.291997,1.59639,3.77979,1.48371,4.18446,0.42336,0.0018483,0.21168,0.0018483,0.21168,460.486,0,1.02816,0,0,1.32016,0.291997,1.028160,1,0,33.3864,0,0,0,33.3864,0
57.0679,2.51378,0,0,1.96445,0.0679103,0.36288,3.6288,61.308,0.45931,0,0,0.882567,0.343408,0.0798502,0.66528,12.849,1,0.556429,0.36288,0,33.5316,6.08918,27.2489,0.84672,12.849,0.84672,3695.15,0,0.0036966,1.38472e-05,0.470154,1.59693,4.6753,1.49865,5.24373,0.42336,0.0018483,0.21168,0.0018483,0.21168,460.486,0,1.02816,0,0,1.49831,0.470154,1.028160,1,0,32.5724,0,0,0,32.5724,0
56.5862,2.50684,0,0,2.42247,0.0343752,0.36288,3.6288,61.308,0.459818,0,0,1.16623,0.325564,0.380845,0.66528,12.849,1,0.564422,0.36288,0,39.8621,6.19446,33.4661,0.84672,12.849,0.84672,3695.15,0,0.0036966,1.38625e-05,0.84742,1.7246,7.11051,1.52227,8.16025,0.42336,0.0018483,0.21168,0.0018483,0.21168,460.486,0,1.02816,0,0,1.87558,0.84742,1.028160,1,0,42.0072,0,0,0,42.0072,0
56.2584,2.50378,0,0,2.55315,0.0143158,0.36288,3.6288,61.308,0.460327,0,0,1.08009,0.32949,0.29027,0.66528,12.849,1,0.568531,0.36288,0,42.3879,6.21275,35.9695,0.84672,12.849,0.84672,3695.15,0,0.0036966,1.38778e-05,0.888676,1.72519,5.84876,1.51281,6.94981,0.42336,0.0018483,0.21168,0.0018483,0.21168,460.486,0,1.02816,0,0,1.91684,0.888676,1.028160,1,0,43.2096,0,0,0,43.2096,0
55.0899,2.50194,0,0,1.74588,0.0495355,0.36288,3.6288,61.308,0.460835,0,0,0.839272,0.317866,0.0605714,0.66528,12.849,1,0.571423,0.36288,0,30.0974,6.06003,23.8289,0.84672,12.849,0.84672,3695.15,0,0.0036966,1.38932e-05,0.551647,1.72578,4.13899,1.47857,4.93784,0.42336,0.0018483,0.21168,0.0018483,0.21168,460.486,0,1.02816,0,0,1.57981,0.551647,1.028160,1,0,28.8273,0,0,0,28.8273,0
53.6941,2.49296,0,0,1.5499,0.0899304,0.36288,3.6288,61.308,0.461344,0,0,0.842374,0.300069,0.0809608,0.66528,12.849,1,0.58145,0.36288,0,27.2554,5.98994,21.0469,0.84672,12.849,0.84672,3695.15,0,0.0036966,1.39085e-05,0.615168,1.72637,3.83048,1.43119,4.74082,0.42336,0.0018483,0.21168,0.0018483,0.21168,460.486,0,1.02816,0,0,1.64333,0.615168,1.028160,1,0,25.8687,0,0,0,25.8687,0
52.517,2.40589,0,0,1.66145,0.0696948,0.36288,3.6288,61.308,0.390163,0,0,0.956794,0.312821,0.253809,0.66528,12.849,1,0.57573,0.36288,0,31.6037,6.11861,25.2723,0.84672,12.849,0.84672,3695.15,0,0.0036966,1.17626e-05,0.947307,1.72696,5.14339,1.47396,6.34369,0.42336,0.0018483,0.21168,0.0018483,0.21168,460.486,0,1.02816,0,0,1.97547,0.947307,1.028160,1,0,31.8698,0,0,0,31.8698,0
52.1362,2.39634,0,0,2.41717,0.0387636,0.36288,3.6288,61.308,0.390648,0,0,1.41624,0.330899,0.694696,0.66528,12.849,1,0.586297,0.36288,0,36.6155,6.32985,30.0622,0.84672,12.849,0.84672,3695.15,0,0.0036966,1.17772e-05,2.14751,1.65458,10.0601,1.54297,12.3192,0.42336,0.0018483,0.21168,0.0018483,0.21168,460.486,0,1.02816,0,0,3.17567,2.14751,1.028160,1,0,43.0761,0,0,0,43.0761,0
52.2343,2.39372,0,0,2.93502,0.0803851,0.36288,3.6288,61.308,0.391133,0,0,1.43577,0.296395,0.748242,0.66528,12.849,1,0.589934,0.36288,0,33.2407,6.05377,26.9598,0.84672,12.849,0.84672,3695.15,0,0.0036966,1.17918e-05,2.20042,1.65514,7.44284,1.44814,9.85025,0.42336,0.0018483,0.21168,0.0018483,0.21168,460.486,0,1.02816,0,0,3.22858,2.20042,1.028160,1,0,37.5583,0,0,0,37.5583,0
53.9071,2.39543,0,0,4.51166,0.0804666,0.36288,3.6288,61.308,0.391617,0,0,2.4251,0.296395,1.73709,0.66528,12.849,1,0.589247,0.36288,0,61.6799,6.05377,55.3998,0.84672,12.849,0.84672,3695.15,0,0.0036966,1.18064e-05,4.59952,1.65571,14.3888,1.44814,19.1959,0.42336,0.0018483,0.21168,0.0018483,0.21168,460.486,0,1.02816,0,0,5.62768,4.59952,1.028160,1,0,76.3327,0,0,0,76.3327,0
54.8707,2.34874,0,0,3.75699,0.0818572,0.36288,3.6288,61.308,0.326757,0,0,1.92685,0.296395,1.3037,0.66528,12.849,1,0.559832,0.36288,0,91.5261,6.05377,85.2754,0.84672,12.849,0.84672,3695.15,0,0.0036966,9.85101e-06,3.41659,1.65627,10.1303,1.44814,13.755,0.42336,0.0018483,0.21168,0.0018483,0.21168,460.486,0,1.02816,0,0,4.44475,3.41659,1.028160,1,0,100.334,0,0,0,100.334,0
56.529,2.35751,0,0,4.57283,0.194138,0.36288,3.6288,61.308,0.32722,0,0,2.39938,0.224501,1.84766,0.66528,12.849,1,0.552055,0.36288,0,89.8128,4.3458,85.2778,0.84672,12.849,0.84672,3695.15,0,0.0036966,9.86496e-06,3.5869,1.5919,15.7846,1.1141,19.8493,0.42336,0.0018483,0.21168,0.0018483,0.21168,460.486,0,1.02816,0,0,4.61506,3.5869,1.028160,1,0,106.975,0,0,0,106.975,0
57.0275,2.37151,0,0,3.43079,0.197905,0.36288,3.6288,61.308,0.327683,0,0,2.48971,0.219135,1.94289,0.66528,12.849,1,0.539044,0.36288,0,95.0789,4.07631,90.8264,0.84672,12.849,0.84672,3695.15,0,0.0036966,9.87891e-06,2.53526,1.59244,16.0985,1.05162,19.1746,0.42336,0.0018483,0.21168,0.0018483,0.21168,460.486,0,1.02816,0,0,3.56342,2.53526,1.028160,1,0,111.944,0,0,0,111.944,0
58.6759,2.37617,0,0,4.58635,0.198881,0.36288,3.6288,61.308,0.328146,0,0,2.21147,0.219135,1.66419,0.66528,12.849,1,0.535381,0.36288,0,87.9414,4.07631,83.6926,0.84672,12.849,0.84672,3695.15,0,0.0036966,9.89286e-06,3.27924,1.59298,17.3607,1.05162,21.1813,0.42336,0.0018483,0.21168,0.0018483,0.21168,460.486,0,1.02816,0,0,4.3074,3.27924,1.028160,1,0,106.538,0,0,0,106.538,0
59.651,2.20938,0,0,3.76964,0.222285,0.36288,3.6288,61.308,0.192329,0,0,1.38643,0.20221,0.991887,0.66528,12.849,1,0.483817,0.36288,0,97.5249,3.87828,93.5256,0.84672,12.849,0.84672,3695.15,0,0.0036966,5.79829e-06,1.8038,1.59353,14.6511,0.986646,17.0618,0.42336,0.0018483,0.21168,0.0018483,0.21168,460.486,0,1.02816,0,0,2.83196,1.8038,1.028160,1,0,111.579,0,0,0,111.579,0
60.0572,2.21665,0,0,3.26156,0.27583,0.36288,3.6288,61.308,0.192745,0,0,2.10961,0.174616,1.74225,0.66528,12.849,1,0.477473,0.36288,0,63.1543,3.67103,59.3686,0.84672,12.849,0.84672,3695.15,0,0.0036966,5.81084e-06,2.49385,1.44767,14.099,0.856252,17.1843,0.42336,0.0018483,0.21168,0.0018483,0.21168,460.486,0,1.02816,0,0,3.52201,2.49385,1.028160,1,0,78.2952,0,0,0,78.2952,0
60.9001,2.22007,0,0,3.70316,0.277302,0.36288,3.6288,61.308,0.193162,0,0,3.04168,0.185655,2.66286,0.66528,12.849,1,0.474974,0.36288,0,67.6369,3.88689,63.638,0.84672,12.849,0.84672,3695.15,0,0.0036966,5.8234e-06,2.67217,1.44817,13.2091,0.880286,16.4491,0.42336,0.0018483,0.21168,0.0018483,0.21168,460.486,0,1.02816,0,0,3.70033,2.67217,1.028160,1,0,82.75,0,0,0,82.75,0
61.7474,2.22625,0,0,3.71576,0.279341,0.36288,3.6288,61.308,0.193579,0,0,2.49812,0.185655,2.11888,0.66528,12.849,1,0.469706,0.36288,0,79.1709,3.88689,75.1772,0.84672,12.849,0.84672,3695.15,0,0.0036966,5.83596e-06,2.8171,1.44866,12.2564,0.880286,15.6419,0.42336,0.0018483,0.21168,0.0018483,0.21168,460.486,0,1.02816,0,0,3.84526,2.8171,1.028160,1,0,92.938,0,0,0,92.938,0
63.766,2.23235,0,0,4.89514,0.281306,0.36288,3.6288,61.308,0.193995,0,0,2.51655,0.185655,2.1369,0.66528,12.849,1,0.46453,0.36288,0,74.4155,3.88689,70.4269,0.84672,12.849,0.84672,3695.15,0,0.0036966,5.84853e-06,2.7604,1.44916,9.38848,0.880286,12.7177,0.42336,0.0018483,0.21168,0.0018483,0.21168,460.486,0,1.02816,0,0,3.78856,2.7604,1.028160,1,0,85.2816,0,0,0,85.2816,0
67.8075,2.24459,0,0,6.93186,0.282816,0.36288,3.6288,61.308,0.193995,0,0,4.80814,0.196319,4.41783,0.66528,12.849,1,0.452291,0.36288,0,124.41,4.05057,120.27,0.84672,12.849,0.84672,3695.15,0,0.0036966,5.84853e-06,4.01594,1.44965,22.4753,0.933842,27.0071,0.42336,0.0018483,0.21168,0.0018483,0.21168,460.486,0,1.02816,0,0,5.0441,4.01594,1.028160,1,0,151.695,0,0,0,151.695,0
68.9842,2.33906,0,0,4.15106,0.272422,0.36288,3.6288,61.308,0.233931,0,0,2.10406,0.260306,1.60982,0.66528,12.849,1,0.443234,0.36288,0,98.896,5.03265,93.783,0.84672,12.849,0.84672,3695.15,0,0.0036966,7.05249e-06,1.96297,1.44965,12.346,1.25518,14.5034,0.42336,0.0018483,0.21168,0.0018483,0.21168,460.486,0,1.02816,0,0,2.99113,1.96297,1.028160,1,0,109.896,0,0,0,109.896,0
69.2585,2.34621,0,0,3.25829,0.27494,0.36288,3.6288,61.308,0.234345,0,0,1.70999,0.260306,1.21534,0.66528,12.849,1,0.437004,0.36288,0,94.9406,5.03265,89.8339,0.84672,12.849,0.84672,3695.15,0,0.0036966,7.06497e-06,1.48326,1.49651,9.8712,1.25518,11.5958,0.42336,0.0018483,0.21168,0.0018483,0.21168,460.486,0,1.02816,0,0,2.51142,1.48326,1.028160,1,0,102.645,0,0,0,102.645,0
69.3472,2.34844,0,0,3.07874,0.278731,0.36288,3.6288,61.308,0.234759,0,0,1.47512,0.231369,1.009,0.66528,12.849,1,0.435687,0.36288,0,71.4571,4.21247,67.1719,0.84672,12.849,0.84672,3695.15,0,0.0036966,7.07746e-06,1.10661,1.497,7.14811,1.05724,8.69447,0.42336,0.0018483,0.21168,0.0018483,0.21168,460.486,0,1.02816,0,0,2.13477,1.10661,1.028160,1,0,76.8753,0,0,0,76.8753,0
68.6507,2.34968,0,0,2.30354,0.287461,0.36288,3.6288,61.308,0.235173,0,0,1.75087,0.192612,1.32308,0.66528,12.849,1,0.43536,0.36288,0,60.3103,3.76593,56.4719,0.84672,12.849,0.84672,3695.15,0,0.0036966,7.08995e-06,1.15471,1.49749,6.17631,1.10979,7.71872,0.42336,0.0018483,0.21168,0.0018483,0.21168,460.486,0,1.02816,0,0,2.18287,1.15471,1.028160,1,0,65.5137,0,0,0,65.5137,0
67.7846,2.57562,0,0,2.35101,0.278669,0.36288,3.6288,61.308,0.384174,0,0,1.20919,0.225424,0.599587,0.66528,12.849,1,0.482065,0.36288,0,50.6494,3.68196,46.8483,0.84672,12.849,0.84672,3695.15,0,0.0036966,1.1582e-05,0.804453,1.49798,7.58125,1.02765,8.85603,0.42336,0.0018483,0.21168,0.0018483,0.21168,460.486,0,1.02816,0,0,1.83261,0.804453,1.028160,1,0,56.3039,0,0,0,56.3039,0
66.5272,2.57128,0,0,1.95009,0.273272,0.36288,3.6288,61.308,0.384637,0,0,1.07252,0.234657,0.453224,0.66528,12.849,1,0.487403,0.36288,0,44.484,3.68004,40.6794,0.84672,12.849,0.84672,3695.15,0,0.0036966,1.15959e-05,1.00969,1.6642,6.93056,1.00185,8.60259,0.42336,0.0018483,0.21168,0.0018483,0.21168,460.486,0,1.02816,0,0,2.03785,1.00969,1.028160,1,0,49.7352,0,0,0,49.7352,0
65.7128,2.5644,0,0,2.38341,0.270573,0.36288,3.6288,61.308,0.3851,0,0,1.16748,0.234657,0.547723,0.66528,12.849,1,0.495286,0.36288,0,55.9443,3.68004,52.1318,0.84672,12.849,0.84672,3695.15,0,0.0036966,1.16099e-05,1.0186,1.66475,7.1096,1.00185,8.79108,0.42336,0.0018483,0.21168,0.0018483,0.21168,460.486,0,1.02816,0,0,2.04676,1.0186,1.028160,1,0,61.4706,0,0,0,61.4706,0
65.0751,2.56011,0,0,2.54268,0.257367,0.36288,3.6288,61.308,0.385563,0,0,1.24044,0.238776,0.616097,0.66528,12.849,1,0.500584,0.36288,0,59.9641,3.65505,56.1713,0.84672,12.849,0.84672,3695.15,0,0.0036966,1.16239e-05,0.870419,1.66529,6.96142,0.985109,8.51201,0.42336,0.0018483,0.21168,0.0018483,0.21168,460.486,0,1.02816,0,0,1.89858,0.870419,1.028160,1,0,65.2995,0,0,0,65.2995,0
64.5866,2.23275,0,0,2.38505,0.277914,0.36288,3.6288,61.308,0.186361,0,0,1.19693,0.24269,0.767875,0.66528,12.849,1,0.440854,0.36288,0,56.6133,2.68328,53.8521,0.84672,12.849,0.84672,3695.15,0,0.0036966,5.61836e-06,0.822252,1.66584,4.63297,0.824572,6.29648,0.42336,0.0018483,0.21168,0.0018483,0.21168,460.486,0,1.02816,0,0,1.85041,0.822252,1.028160,1,0,60.9164,0,0,0,60.9164,0
64.1822,2.2307,0,0,2.48602,0.296887,0.36288,3.6288,61.308,0.186759,0,0,1.26169,0.240136,0.834796,0.66528,12.849,1,0.44378,0.36288,0,60.714,2.31956,58.3135,0.84672,12.849,0.84672,3695.15,0,0.0036966,5.63037e-06,0.932196,1.43939,4.47842,0.777094,6.07291,0.42336,0.0018483,0.21168,0.0018483,0.21168,460.486,0,1.02816,0,0,1.96036,0.932196,1.028160,1,0,65.2212,0,0,0,65.2212,0
67.1151,2.2291,0,0,5.81505,0.290133,0.36288,3.6288,61.308,0.187157,0,0,2.05629,0.273453,1.59568,0.66528,12.849,1,0.446256,0.36288,0,56.0108,3.06002,52.8674,0.84672,12.849,0.84672,3695.15,0,0.0036966,5.64237e-06,2.31634,1.43986,10.9869,0.978929,13.7641,0.42336,0.0018483,0.21168,0.0018483,0.21168,460.486,0,1.02816,0,0,3.3445,2.31634,1.028160,1,0,68.2272,0,0,0,68.2272,0
68.3441,2.24621,0,0,4.09099,0.252958,0.36288,3.6288,61.308,0.187555,0,0,1.60855,0.259332,1.16167,0.66528,12.849,1,0.43003,0.36288,0,130.438,4.1054,126.266,0.84672,12.849,0.84672,3695.15,0,0.0036966,5.65438e-06,1.57524,1.44033,7.04792,1.17519,8.88829,0.42336,0.0018483,0.21168,0.0018483,0.21168,460.486,0,1.02816,0,0,2.6034,1.57524,1.028160,1,0,136.315,0,0,0,136.315,0
69.2869,2.25345,0,0,3.81805,0.258867,0.36288,3.6288,61.308,0.187954,0,0,1.44788,0.219319,1.04061,0.66528,12.849,1,0.42366,0.36288,0,97.9145,4.11904,93.7347,0.84672,12.849,0.84672,3695.15,0,0.0036966,5.66638e-06,1.38433,1.4408,7.0326,1.05351,8.80421,0.42336,0.0018483,0.21168,0.0018483,0.21168,460.486,0,1.02816,0,0,2.41249,1.38433,1.028160,1,0,103.58,0,0,0,103.58,0
70.0219,2.3416,0,0,3.71889,0.279452,0.36288,3.6288,61.308,0.237278,0,0,1.10177,0.194765,0.66973,0.66528,12.849,1,0.434241,0.36288,0,95.9826,4.26237,91.6489,0.84672,12.849,0.84672,3695.15,0,0.0036966,7.1534e-06,1.3472,1.44128,7.04617,1.04426,8.79038,0.42336,0.0018483,0.21168,0.0018483,0.21168,460.486,0,1.02816,0,0,2.37536,1.3472,1.028160,1,0,101.109,0,0,0,101.109,0
70.1794,2.34622,0,0,3.14766,0.281046,0.36288,3.6288,61.308,0.237692,0,0,1.31128,0.194765,0.878818,0.66528,12.849,1,0.43053,0.36288,0,85.3943,4.26237,81.0643,0.84672,12.849,0.84672,3695.15,0,0.0036966,7.1659e-06,1.47217,1.49789,7.40729,1.04426,9.33308,0.42336,0.0018483,0.21168,0.0018483,0.21168,460.486,0,1.02816,0,0,2.50033,1.47217,1.028160,1,0,91.2762,0,0,0,91.2762,0
70.6009,2.3478,0,0,3.41359,0.281388,0.36288,3.6288,61.308,0.238107,0,0,1.11739,0.194765,0.684522,0.66528,12.849,1,0.429854,0.36288,0,92.4229,4.26237,88.0936,0.84672,12.849,0.84672,3695.15,0,0.0036966,7.1784e-06,1.42037,1.49838,7.06455,1.04426,8.93903,0.42336,0.0018483,0.21168,0.0018483,0.21168,460.486,0,1.02816,0,0,2.44853,1.42037,1.028160,1,0,97.7172,0,0,0,97.7172,0
70.397,2.35074,0,0,2.76496,0.255226,0.36288,3.6288,61.308,0.238522,0,0,0.846236,0.224367,0.383348,0.66528,12.849,1,0.427823,0.36288,0,71.7604,4.6446,67.0508,0.84672,12.849,0.84672,3695.15,0,0.0036966,7.1909e-06,0.9255,1.49887,5.70107,1.15119,6.97424,0.42336,0.0018483,0.21168,0.0018483,0.21168,460.486,0,1.02816,0,0,1.95366,0.9255,1.028160,1,0,74.4084,0,0,0,74.4084,0
70.9172,2.31807,0,0,3.41163,0.210495,0.36288,3.6288,61.308,0.219909,0,0,0.776572,0.238893,0.31777,0.66528,12.849,1,0.423099,0.36288,0,78.7044,5.10906,73.5351,0.84672,12.849,0.84672,3695.15,0,0.0036966,6.62977e-06,0.973953,1.49936,6.69902,1.19346,7.97887,0.42336,0.0018483,0.21168,0.0018483,0.21168,460.486,0,1.02816,0,0,2.00211,0.973953,1.028160,1,0,81.8317,0,0,0,81.8317,0
71.1041,2.32146,0,0,3.04991,0.178691,0.36288,3.6288,61.308,0.220318,0,0,0.874644,0.228706,0.425621,0.66528,12.849,1,0.420609,0.36288,0,68.3761,4.56708,63.7513,0.84672,12.849,0.84672,3695.15,0,0.0036966,6.64209e-06,0.74018,1.47797,6.30866,1.13109,7.39571,0.42336,0.0018483,0.21168,0.0018483,0.21168,460.486,0,1.02816,0,0,1.76834,0.74018,1.028160,1,0,71.5726,0,0,0,71.5726,0
71.1341,2.32316,0,0,2.895,0.178947,0.36288,3.6288,61.308,0.220727,0,0,0.773911,0.228706,0.324478,0.66528,12.849,1,0.41981,0.36288,0,58.5116,4.56708,53.8876,0.84672,12.849,0.84672,3695.15,0,0.0036966,6.65442e-06,0.598743,1.47845,5.84302,1.13109,6.78911,0.42336,0.0018483,0.21168,0.0018483,0.21168,460.486,0,1.02816,0,0,1.6269,0.598743,1.028160,1,0,61.0012,0,0,0,61.0012,0
70.9297,2.32407,0,0,2.66971,0.187191,0.36288,3.6288,61.308,0.221135,0,0,0.744656,0.208298,0.315222,0.66528,12.849,1,0.419797,0.36288,0,56.4252,4.39959,51.9687,0.84672,12.849,0.84672,3695.15,0,0.0036966,6.66674e-06,0.531913,1.47894,5.70115,1.08278,6.62921,0.42336,0.0018483,0.21168,0.0018483,0.21168,460.486,0,1.02816,0,0,1.56007,0.531913,1.028160,1,0,58.9131,0,0,0,58.9131,0
70.368,2.43404,0,0,2.40532,0.170116,0.36288,3.6288,61.308,0.289108,0,0,0.711651,0.22114,0.201403,0.66528,12.849,1,0.440929,0.36288,0,47.7763,4.81271,42.8856,0.84672,12.849,0.84672,3695.15,0,0.0036966,8.71597e-06,0.567881,1.47942,5.34953,1.13328,6.26355,0.42336,0.0018483,0.21168,0.0018483,0.21168,460.486,0,1.02816,0,0,1.59604,0.567881,1.028160,1,0,49.3505,0,0,0,49.3505,0
69.6668,2.43185,0,0,2.23514,0.141561,0.36288,3.6288,61.308,0.289539,0,0,0.683208,0.269037,0.124632,0.66528,12.849,1,0.44405,0.36288,0,42.6544,5.43658,37.1366,0.84672,12.849,0.84672,3695.15,0,0.0036966,8.72897e-06,0.508352,1.55651,4.85762,1.26176,5.66071,0.42336,0.0018483,0.21168,0.0018483,0.21168,460.486,0,1.02816,0,0,1.53651,0.508352,1.028160,1,0,42.922,0,0,0,42.922,0
68.7784,2.42888,0,0,2.04415,0.140797,0.36288,3.6288,61.308,0.28997,0,0,0.63949,0.269037,0.0804827,0.66528,12.849,1,0.44797,0.36288,0,40.0055,5.43658,34.4839,0.84672,12.849,0.84672,3695.15,0,0.0036966,8.74196e-06,0.386277,1.55702,4.44075,1.26176,5.12228,0.42336,0.0018483,0.21168,0.0018483,0.21168,460.486,0,1.02816,0,0,1.41444,0.386277,1.028160,1,0,39.6866,0,0,0,39.6866,0
67.7913,2.42479,0,0,1.94035,0.139828,0.36288,3.6288,61.2645,0.358103,0,0,0.583635,0.269037,0,0.66528,12.849,1,0.452993,0.36288,0,36.2538,5.43658,30.7271,0.84672,12.849,0.84672,3695.15,0,0.0036966,1.0796e-05,0.30119,1.55753,4.16812,1.26176,4.76507,0.42336,0.0018483,0.21168,0.0018483,0.21168,460.486,0,0.960457,0,0,1.26165,0.30119,1.028160,1,0,35.4922,0,0,0,35.4922,0
66.4897,2.42004,0,0,1.59359,0.11224,0.36288,3.6288,60.9007,0.57593,0,0,0.486973,0.274833,0,0.66528,12.849,1,0.458688,0.36288,0,29.6314,5.28155,24.254,0.84672,12.849,0.84672,3695.15,0,0.0036966,1.73753e-05,0.30119,1.55804,3.42554,1.26336,4.0214,0.42336,0.0018483,0.21168,0.0018483,0.21168,460.486,0,0.743055,0,0,1.04425,0.30119,1.028160,1,0,28.2754,0,0,0,28.2754,0
64.7309,2.39169,0,0,1.11347,0.117743,0.36288,3.6288,59.9243,1.04395,0,0,0.306951,0.239395,0,0.66528,12.849,1,0.462189,0.36288,0,21.7881,4.33167,17.3571,0.84672,12.849,0.84672,3695.15,0,0.0036966,3.16832e-05,0.30119,1.55855,1.86268,1.1237,2.59868,0.42336,0.0018483,0.21168,0.0018483,0.21168,460.486,0,0.31265,0,0,0.613841,0.30119,1.028160,1,0,19.9558,0,0,0,19.9558,0
62.9527,2.38199,0,0,1.0828,0.1161,0.36288,3.6288,58.9719,1.0049,0,0,0.290431,0.237913,0,0.66528,12.849,1,0.472821,0.36288,0,20.4633,4.33167,16.0217,0.84672,12.849,0.84672,3695.15,0,0.0036966,3.09952e-05,0.261274,1.58296,1.91921,1.1237,2.63971,0.42336,0.0018483,0.21168,0.0018483,0.21168,460.486,0,0.352138,0,0,0.613411,0.261274,1.028160,1,0,18.6614,0,0,0,18.6614,0
61.1179,2.37167,0,0,0.987483,0.0877671,0.36288,3.6288,57.9168,1.05552,0,0,0.282777,0.282413,0,0.66528,12.849,1,0.484071,0.36288,0,19.46,4.98318,14.3556,0.84672,12.849,0.84672,3695.15,0,0.0036966,3.30823e-05,0.261274,1.58348,1.84975,1.3442,2.35027,0.42336,0.0018483,0.21168,0.0018483,0.21168,460.486,0,0.301959,0,0,0.563233,0.261274,1.028160,1,0,16.7059,0,0,0,16.7059,0
59.204,2.36043,0,0,0.892149,0.0827329,0.36288,3.6288,56.8644,1.04068,0,0,0.267265,0.278929,0,0.66528,12.849,1,0.496241,0.36288,0,17.8256,5.56637,12.1259,0.84672,12.849,0.84672,3695.15,0,0.0036966,3.32112e-05,0.261274,1.584,1.82955,1.55699,2.1178,0.42336,0.0018483,0.21168,0.0018483,0.21168,460.486,0,0.31725,0,0,0.578523,0.261274,1.028160,1,0,14.2437,0,0,0,14.2437,0
57.3956,2.40281,0,0,1.03344,0.0760932,0.36288,3.6288,55.8663,1.01771,0,0,0.319725,0.300101,0,0.66528,12.849,1,0.521481,0.36288,0,18.0944,5.64268,12.2931,0.84672,12.849,0.84672,3695.15,0,0.0036966,3.30793e-05,0.261274,1.58451,1.94488,1.51884,2.2718,0.42336,0.0018483,0.21168,0.0018483,0.21168,460.486,0,0.373853,0,0,0.635126,0.261274,1.028160,1,0,14.5649,0,0,0,14.5649,0
55.5973,2.39017,0,0,1.02868,0.0739126,0.36288,3.6288,54.8946,0.993975,0,0,0.324238,0.301973,0,0.66528,12.849,1,0.53508,0.36288,0,17.1608,5.6554,11.3332,0.84672,12.849,0.84672,3695.15,0,0.0036966,3.2885e-05,0.261274,1.62318,2.00554,1.51248,2.37748,0.42336,0.0018483,0.21168,0.0018483,0.21168,460.486,0,0.398045,0,0,0.659318,0.261274,1.028160,1,0,13.7106,0,0,0,13.7106,0
53.6795,2.37688,0,0,0.894551,0.072609,0.36288,3.6288,53.8831,1.01622,0,0,0.30471,0.300052,0,0.66528,12.849,1,0.549318,0.36288,0,16.2359,5.6554,10.3941,0.84672,12.849,0.84672,3695.15,0,0.0036966,3.42162e-05,0.227405,1.62371,1.95169,1.51248,2.29028,0.42336,0.0018483,0.21168,0.0018483,0.21168,460.486,0,0.37625,0,0,0.603654,0.227405,1.028160,1,0,12.6844,0,0,0,12.6844,0
51.7073,2.36182,0,0,0.823746,0.0712187,0.36288,3.6288,52.8358,1.04772,0,0,0.298553,0.298052,0,0.66528,12.849,1,0.565337,0.36288,0,15.3128,5.6554,9.45498,0.84672,12.849,0.84672,3695.15,0,0.0036966,3.59388e-05,0.227405,1.62424,1.93193,1.51248,2.27105,0.42336,0.0018483,0.21168,0.0018483,0.21168,460.486,0,0.34521,0,0,0.572615,0.227405,1.028160,1,0,11.726,0,0,0,11.726,0
49.542,2.50195,0,0,0.758471,0.0589732,0.36288,3.6288,51.5661,1.23394,0,0,0.274946,0.310781,0,0.66528,12.849,1,0.62172,0.36288,0,13.7642,6.16331,7.34207,0.84672,12.849,0.84672,3695.15,0,0.0036966,4.31657e-05,0.227405,1.62477,1.83197,1.58037,2.10373,0.42336,0.0018483,0.21168,0.0018483,0.21168,460.486,0,0.279399,0,0,0.506803,0.227405,1.028160,1,0,9.4458,0,0,0,9.4458,0
47.5357,2.48118,0,0,0.910898,0.0731534,0.36288,3.6288,50.2709,1.26431,0,0,0.281363,0.31224,0,0.66528,12.849,1,0.643507,0.36288,0,13.7337,6.27627,7.17682,0.84672,12.849,0.84672,3695.15,0,0.0036966,4.53171e-05,0.227405,1.75463,1.84863,1.60078,2.22984,0.42336,0.0018483,0.21168,0.0018483,0.21168,460.486,0,0.249526,0,0,0.476931,0.227405,1.028160,1,0,9.40666,0,0,0,9.40666,0
45.3715,2.4606,0,0,0.730832,0.0715788,0.36288,3.6288,48.847,1.33616,0,0,0.221244,0.308967,0,0.66528,12.849,1,0.665105,0.36288,0,16.1539,6.27627,9.57537,0.84672,12.849,0.84672,3695.15,0,0.0036966,4.91263e-05,0.204422,1.75521,1.53564,1.60078,1.89443,0.42336,0.0018483,0.21168,0.0018483,0.21168,460.486,0,0.178166,0,0,0.382589,0.204422,1.028160,1,0,11.4698,0,0,0,11.4698,0
43.3676,2.43667,0,0,0.865555,0.0698798,0.36288,3.6288,47.7356,1.14373,0,0,0.337719,0.305369,0,0.66528,12.849,1,0.690053,0.36288,0,13.8652,6.27627,7.26177,0.84672,12.849,0.84672,3695.15,0,0.0036966,4.32772e-05,0.204422,1.75578,2.07666,1.60078,2.43603,0.42336,0.0018483,0.21168,0.0018483,0.21168,460.486,0,0.371094,0,0,0.575516,0.204422,1.028160,1,0,9.6978,0,0,0,9.6978,0
41.2766,2.41285,0,0,0.757313,0.0725914,0.36288,3.6288,46.446,1.26349,0,0,0.258428,0.284549,0,0.66528,12.849,1,0.714883,0.36288,0,12.998,5.83045,6.81556,0.84672,12.849,0.84672,3695.15,0,0.0036966,4.89217e-05,0.204422,1.75635,2.12325,1.42958,2.6544,0.42336,0.0018483,0.21168,0.0018483,0.21168,460.486,0,0.251827,0,0,0.456249,0.204422,1.028160,1,0,9.46995,0,0,0,9.46995,0
39.4077,2.31321,0,0,0.889989,0.0827418,0.36288,3.6288,45.7855,0.850805,0,0,0.451403,0.261083,0,0.66528,12.849,1,0.72008,0.36288,0,13.5792,5.74339,7.47863,0.84672,12.849,0.84672,3695.15,0,0.0036966,3.38574e-05,0.204422,1.75693,2.37127,1.4097,2.92289,0.42336,0.0018483,0.21168,0.0018483,0.21168,460.486,0,0.592085,0,0,0.796508,0.204422,1.028160,1,0,10.4015,0,0,0,10.4015,0
37.4373,2.2882,0,0,0.76153,0.0809379,0.36288,3.6288,44.5594,1.21593,0,0,0.249321,0.259492,0,0.66528,12.849,1,0.746075,0.36288,0,13.566,5.74339,7.43942,0.84672,12.849,0.84672,3695.15,0,0.0036966,4.90856e-05,0.216518,1.68326,1.7648,1.4097,2.25483,0.42336,0.0018483,0.21168,0.0018483,0.21168,460.486,0,0.227413,0,0,0.443931,0.216518,1.028160,1,0,9.69425,0,0,0,9.69425,0
35.5161,2.2597,0,0,0.794517,0.0930504,0.36288,3.6288,43.3263,1.22999,0,0,0.240019,0.24318,0,0.66528,12.849,1,0.775562,0.36288,0,13.0397,5.53577,7.09121,0.84672,12.849,0.84672,3695.15,0,0.0036966,5.10195e-05,0.216518,1.68381,1.77596,1.3448,2.33144,0.42336,0.0018483,0.21168,0.0018483,0.21168,460.486,0,0.213821,0,0,0.430339,0.216518,1.028160,1,0,9.42265,0,0,0,9.42265,0
35.0557,2.22962,0,0,2.30485,0.172744,0.36288,3.6288,42.7331,0.99763,0,0,0.56558,0.16115,0,0.66528,12.849,1,0.806631,0.36288,0,39.3012,4.28999,34.5675,0.84672,12.849,0.84672,3695.15,0,0.0036966,4.25589e-05,0.216518,1.68436,4.66452,0.955412,5.60995,0.42336,0.0018483,0.21168,0.0018483,0.21168,460.486,0,0.446666,0,0,0.663184,0.216518,1.028160,1,0,40.1774,0,0,0,40.1774,0
33.7885,2.16518,0,0,1.42491,0.164141,0.36288,3.6288,41.924,0.950636,0,0,0.322263,0.18066,0,0.66528,12.849,1,0.793604,0.36288,0,24.7969,4.19249,20.1737,0.84672,12.849,0.84672,3695.15,0,0.0036966,4.11171e-05,0.216518,1.68491,2.58662,1.00358,3.48443,0.42336,0.0018483,0.21168,0.0018483,0.21168,460.486,0,0.427657,0,0,0.644175,0.216518,1.028160,1,0,23.6581,0,0,0,23.6581,0
32.3825,2.14431,0,0,1.25986,0.158609,0.36288,3.6288,41.6998,0.396562,0,0,0.359674,0.187368,0,0.66528,12.849,1,0.815434,0.36288,0,19.178,4.15348,14.572,0.84672,12.849,0.84672,3695.15,0,0.0036966,1.74832e-05,0.216518,1.6194,3.09104,1.02285,3.90409,0.42336,0.0018483,0.21168,0.0018483,0.21168,460.486,0,0.982205,0,0,1.19872,0.216518,1.028160,1,0,18.4761,0,0,0,18.4761,0
33.2752,2.11965,0,0,3.53107,0.155864,0.36288,3.6288,42.2387,0.351058,0,0,1.07691,0.186963,0,0.66528,12.849,1,0.841054,0.36288,0,59.4017,4.15348,54.7701,0.84672,12.849,0.84672,3695.15,0,0.0036966,1.55603e-05,1.40474,1.61993,6.41692,1.02285,8.41873,0.42336,0.0018483,0.21168,0.0018483,0.21168,460.486,0,1.02816,0,0,2.4329,1.40474,1.028160,1,0,63.1888,0,0,0,63.1888,0
32.8603,2.13663,0,0,2.27299,0.188364,0.36288,3.6288,41.9152,0.813016,0,0,0.650449,0.16094,0,0.66528,12.849,1,0.825046,0.36288,0,37.0039,3.71819,32.8236,0.84672,12.849,0.84672,3695.15,0,0.0036966,3.55764e-05,0.292723,1.62046,3.81636,0.899542,4.82996,0.42336,0.0018483,0.21168,0.0018483,0.21168,460.486,0,0.566632,0,0,0.859355,0.292723,1.028160,1,0,37.6535,0,0,0,37.6535,0
32.7358,1.96943,0,0,2.38385,0.176016,0.36288,3.6288,42.2835,0.213335,0,0,0.771103,0.189461,0,0.66528,12.849,1,0.770086,0.36288,0,43.0122,4.04369,38.5613,0.84672,12.849,0.84672,3695.15,0,0.0036966,9.40725e-06,0.393206,1.62098,5.22258,0.880476,6.35628,0.42336,0.0018483,0.21168,0.0018483,0.21168,460.486,0,1.02816,0,0,1.42137,0.393206,1.028160,1,0,44.9176,0,0,0,44.9176,0
35.0367,1.96797,0,0,4.82694,0.195217,0.36288,3.6288,43.7943,0.21374,0,0,1.92254,0.197968,0,0.66528,12.849,1,0.772441,0.36288,0,111.948,4.27277,107.266,0.84672,12.849,0.84672,3695.15,0,0.0036966,9.34302e-06,2.36193,1.47259,10.7975,1.07828,13.5537,0.42336,0.0018483,0.21168,0.0018483,0.21168,460.486,0,1.02816,0,0,3.39009,2.36193,1.028160,1,0,120.819,0,0,0,120.819,0
37.3007,2.00575,0,0,4.8335,0.20082,0.36288,3.6288,44.598,0.214145,0,0,1.21865,0.200838,0,0.66528,12.849,1,0.735567,0.36288,0,95.4504,4.27277,90.8049,0.84672,12.849,0.84672,3695.15,0,0.0036966,9.03781e-06,1.18206,1.47307,8.67819,1.07828,10.255,0.42336,0.0018483,0.21168,0.0018483,0.21168,460.486,0,1.02816,0,0,2.21022,1.18206,1.028160,1,0,101.06,0,0,0,101.06,0
39.6655,2.03962,0,0,4.95521,0.187914,0.36288,3.6288,45.0197,0.214551,0,0,0.829552,0.193222,0,0.66528,12.849,1,0.702589,0.36288,0,68.8703,3.74147,64.7891,0.84672,12.849,0.84672,3695.15,0,0.0036966,8.89174e-06,0.807494,1.47355,7.11688,0.990217,8.4077,0.42336,0.0018483,0.21168,0.0018483,0.21168,460.486,0,1.02816,0,0,1.83565,0.807494,1.028160,1,0,73.1968,0,0,0,73.1968,0
42.6705,2.07194,0,0,5.63299,0.193159,0.36288,3.6288,46.5066,0.214956,0,0,1.89583,0.193987,0,0.66528,12.849,1,0.671171,0.36288,0,73.432,3.74147,69.3822,0.84672,12.849,0.84672,3695.15,0,0.0036966,8.82508e-06,1.15221,1.47403,8.30952,0.990217,9.94554,0.42336,0.0018483,0.21168,0.0018483,0.21168,460.486,0,1.02816,0,0,2.18037,1.15221,1.028160,1,0,79.3277,0,0,0,79.3277,0
41.2409,2.17501,0,0,1.29984,0.191566,0.36288,3.6288,46.6259,0.442865,0,0,0.742703,0.180584,0,0.66528,12.849,1,0.65494,0.36288,0,36.2175,3.60822,32.3172,0.84672,12.849,0.84672,3695.15,0,0.0036966,1.76006e-05,0.412474,1.47452,4.04687,0.816599,5.11724,0.42336,0.0018483,0.21168,0.0018483,0.21168,460.486,0,0.840845,0,0,1.25332,0.412474,1.028160,1,0,37.4345,0,0,0,37.4345,0
40.2277,2.15837,0,0,1.6964,0.188393,0.36288,3.6288,46.7165,0.45976,0,0,0.731202,0.180782,0,0.66528,12.849,1,0.672461,0.36288,0,34.03,3.60822,30.1122,0.84672,12.849,0.84672,3695.15,0,0.0036966,1.82254e-05,0.503194,1.52216,3.67026,0.816599,4.879,0.42336,0.0018483,0.21168,0.0018483,0.21168,460.486,0,0.824351,0,0,1.32754,0.503194,1.028160,1,0,34.9912,0,0,0,34.9912,0
40.28,2.1462,0,0,2.7475,0.186144,0.36288,3.6288,47.0638,0.309866,0,0,0.838002,0.180933,0,0.66528,12.849,1,0.685512,0.36288,0,53.3498,3.60822,49.419,0.84672,12.849,0.84672,3695.15,0,0.0036966,1.22596e-05,0.503194,1.52263,5.97835,0.816599,7.18757,0.42336,0.0018483,0.21168,0.0018483,0.21168,460.486,0,0.974652,0,0,1.47785,0.503194,1.028160,1,0,56.6066,0,0,0,56.6066,0
41.4815,2.14755,0,0,3.95029,0.238309,0.36288,3.6288,47.2983,0.379869,0,0,0.802189,0.187819,0,0.66528,12.849,1,0.685052,0.36288,0,81.9685,4.0125,77.6339,0.84672,12.849,0.84672,3695.15,0,0.0036966,1.49183e-05,0.503194,1.52311,6.11541,1.0428,7.0989,0.42336,0.0018483,0.21168,0.0018483,0.21168,460.486,0,0.905049,0,0,1.40824,0.503194,1.028160,1,0,84.7328,0,0,0,84.7328,0
40.2105,2.37439,0,0,1.69074,0.224522,0.36288,3.6288,46.9344,0.79888,0,0,0.617689,0.182706,0,0.66528,12.849,1,0.735473,0.36288,0,47.2421,3.76314,43.1063,0.84672,12.849,0.84672,3695.15,0,0.0036966,3.12183e-05,0.503194,1.52359,3.41053,1.07682,4.36045,0.42336,0.0018483,0.21168,0.0018483,0.21168,460.486,0,0.637553,0,0,1.14075,0.503194,1.028160,1,0,47.4668,0,0,0,47.4668,0
41.1695,2.35751,0,0,3.88138,0.201961,0.36288,3.6288,47.2718,0.408737,0,0,0.923443,0.177256,0,0.66528,12.849,1,0.753327,0.36288,0,87.7643,3.52558,83.8483,0.84672,12.849,0.84672,3695.15,0,0.0036966,1.60963e-05,1.2372,1.69262,4.86369,1.07406,6.71943,0.42336,0.0018483,0.21168,0.0018483,0.21168,460.486,0,1.02816,0,0,2.26536,1.2372,1.028160,1,0,90.5677,0,0,0,90.5677,0
40.568,2.37163,0,0,2.33728,0.204271,0.36288,3.6288,46.8469,0.731645,0,0,0.484546,0.177759,0,0.66528,12.849,1,0.740184,0.36288,0,61.748,3.52558,57.8451,0.84672,12.849,0.84672,3695.15,0,0.0036966,2.86069e-05,0.608429,1.69315,3.14371,1.07406,4.37119,0.42336,0.0018483,0.21168,0.0018483,0.21168,460.486,0,0.705689,0,0,1.31412,0.608429,1.028160,1,0,62.2163,0,0,0,62.2163,0
39.3046,2.36403,0,0,1.64411,0.180598,0.36288,3.6288,45.9378,1.0875,0,0,0.364797,0.186393,0,0.66528,12.849,1,0.748753,0.36288,0,39.6158,3.46311,35.7668,0.84672,12.849,0.84672,3695.15,0,0.0036966,4.29064e-05,0.608429,1.69368,2.62666,1.03222,3.8965,0.42336,0.0018483,0.21168,0.0018483,0.21168,460.486,0,0.350266,0,0,0.958694,0.608429,1.028160,1,0,39.6633,0,0,0,39.6633,0
40.1504,2.04917,0,0,3.45312,0.195276,0.36288,3.6288,46.2052,0.207024,0,0,0.652246,0.177883,0,0.66528,12.849,1,0.669892,0.36288,0,66.8492,3.50784,63.0344,0.84672,12.849,0.84672,3695.15,0,0.0036966,8.32957e-06,0.633822,1.69421,4.30468,0.969171,5.66353,0.42336,0.0018483,0.21168,0.0018483,0.21168,460.486,0,1.02816,0,0,1.66198,0.633822,1.028160,1,0,68.6979,0,0,0,68.6979,0
42.3276,2.06051,0,0,4.81757,0.216984,0.36288,3.6288,47.3441,0.20741,0,0,1.51667,0.170321,0,0.66528,12.849,1,0.659408,0.36288,0,97.3918,3.56013,93.5351,0.84672,12.849,0.84672,3695.15,0,0.0036966,8.29683e-06,1.88097,1.46388,7.2099,0.934436,9.62031,0.42336,0.0018483,0.21168,0.0018483,0.21168,460.486,0,1.02816,0,0,2.90913,1.88097,1.028160,1,0,103.155,0,0,0,103.155,0
43.8265,2.08718,0,0,4.17156,0.222622,0.36288,3.6288,47.8257,0.207797,0,0,0.861373,0.172035,0,0.66528,12.849,1,0.633587,0.36288,0,82.4844,3.56013,78.6535,0.84672,12.849,0.84672,3695.15,0,0.0036966,8.11234e-06,1.02088,1.46434,4.38286,0.934436,5.93363,0.42336,0.0018483,0.21168,0.0018483,0.21168,460.486,0,1.02816,0,0,2.04904,1.02088,1.028160,1,0,84.5871,0,0,0,84.5871,0
44.997,2.1046,0,0,3.90817,0.2702,0.36288,3.6288,48.2992,0.208184,0,0,0.785652,0.103965,0,0.66528,12.849,1,0.617025,0.36288,0,60.6957,2.69104,57.7505,0.84672,12.849,0.84672,3695.15,0,0.0036966,8.04559e-06,0.875137,1.4648,3.85756,0.692894,5.50459,0.42336,0.0018483,0.21168,0.0018483,0.21168,460.486,0,1.02816,0,0,1.9033,0.875137,1.028160,1,0,63.2551,0,0,0,63.2551,0
46.1288,2.11775,0,0,3.87475,0.262286,0.36288,3.6288,48.9792,0.20857,0,0,1.03904,0.150397,0,0.66528,12.849,1,0.604729,0.36288,0,81.5106,3.80085,77.4679,0.84672,12.849,0.84672,3695.15,0,0.0036966,7.98152e-06,1.26669,1.46525,5.71717,0.995717,7.4534,0.42336,0.0018483,0.21168,0.0018483,0.21168,460.486,0,1.02816,0,0,2.29485,1.26669,1.028160,1,0,84.9213,0,0,0,84.9213,0
47.9008,2.20785,0,0,4.58068,0.237976,0.36288,3.6288,49.6269,0.258711,0,0,1.06823,0.161896,0,0.66528,12.849,1,0.614988,0.36288,0,90.6103,3.98065,86.3775,0.84672,12.849,0.84672,3695.15,0,0.0036966,9.76284e-06,1.70285,1.46571,5.52425,1.04659,7.64621,0.42336,0.0018483,0.21168,0.0018483,0.21168,460.486,0,1.02816,0,0,2.73101,1.70285,1.028160,1,0,94.0237,0,0,0,94.0237,0
49.7709,2.22648,0,0,4.70216,0.242673,0.36288,3.6288,50.3533,0.259114,0,0,1.14833,0.162763,0,0.66528,12.849,1,0.597237,0.36288,0,85.2777,3.98065,81.0627,0.84672,12.849,0.84672,3695.15,0,0.0036966,9.65042e-06,1.58942,1.52326,5.5429,1.04659,7.60898,0.42336,0.0018483,0.21168,0.0018483,0.21168,460.486,0,1.02816,0,0,2.61758,1.58942,1.028160,1,0,88.6716,0,0,0,88.6716,0
51.1367,2.24502,0,0,4.22137,0.247624,0.36288,3.6288,51.2764,0.259516,0,0,1.34637,0.163735,0,0.66528,12.849,1,0.579582,0.36288,0,85.0003,3.98065,80.803,0.84672,12.849,0.84672,3695.15,0,0.0036966,9.52597e-06,2.02243,1.52374,6.29799,1.04659,8.79755,0.42336,0.0018483,0.21168,0.0018483,0.21168,460.486,0,1.02816,0,0,3.05059,2.02243,1.028160,1,0,89.6005,0,0,0,89.6005,0
52.6246,2.2581,0,0,4.36005,0.251209,0.36288,3.6288,51.766,0.259919,0,0,0.914406,0.16497,0,0.66528,12.849,1,0.567388,0.36288,0,75.2884,3.98065,71.1033,0.84672,12.849,0.84672,3695.15,0,0.0036966,9.36899e-06,1.28136,1.52421,4.18851,1.04659,5.94748,0.42336,0.0018483,0.21168,0.0018483,0.21168,460.486,0,1.02816,0,0,2.30952,1.28136,1.028160,1,0,77.0508,0,0,0,77.0508,0
53.3844,2.2404,0,0,3.57244,0.209385,0.36288,3.6288,52.4096,0.240973,0,0,1.03718,0.152583,0,0.66528,12.849,1,0.547023,0.36288,0,61.9984,4.09743,57.7168,0.84672,12.849,0.84672,3695.15,0,0.0036966,8.60394e-06,1.29007,1.52469,4.55796,1.00636,6.36635,0.42336,0.0018483,0.21168,0.0018483,0.21168,460.486,0,1.02816,0,0,2.31823,1.29007,1.028160,1,0,64.0832,0,0,0,64.0832,0
53.8608,2.24738,0,0,3.28685,0.200154,0.36288,3.6288,52.9358,0.24137,0,0,0.942607,0.175013,0,0.66528,12.849,1,0.540917,0.36288,0,55.5568,4.39921,50.9796,0.84672,12.849,0.84672,3695.15,0,0.0036966,8.51227e-06,1.19402,1.50292,4.43545,1.02354,6.10884,0.42336,0.0018483,0.21168,0.0018483,0.21168,460.486,0,1.02816,0,0,2.22218,1.19402,1.028160,1,0,57.0884,0,0,0,57.0884,0
54.1491,2.25194,0,0,3.04436,0.141213,0.36288,3.6288,53.3463,0.241767,0,0,0.858954,0.206684,0,0.66528,12.849,1,0.537222,0.36288,0,50.981,4.68752,46.1192,0.84672,12.849,0.84672,3695.15,0,0.0036966,8.4415e-06,1.02752,1.50339,4.18465,1.04075,5.67479,0.42336,0.0018483,0.21168,0.0018483,0.21168,460.486,0,1.02816,0,0,2.05568,1.02752,1.028160,1,0,51.7939,0,0,0,51.7939,0
54.3643,2.25496,0,0,2.97464,0.141626,0.36288,3.6288,53.8608,0.242164,0,0,0.964025,0.207363,0,0.66528,12.849,1,0.535077,0.36288,0,49.4956,4.68752,44.6359,0.84672,12.849,0.84672,3695.15,0,0.0036966,8.39029e-06,1.31852,1.50386,4.98158,1.04075,6.76319,0.42336,0.0018483,0.21168,0.0018483,0.21168,460.486,0,1.02816,0,0,2.34668,1.31852,1.028160,1,0,51.3991,0,0,0,51.3991,0
54.219,2.36446,0,0,2.73072,0.14873,0.36288,3.6288,54.2293,0.31126,0,0,0.87334,0.193596,0,0.66528,12.849,1,0.55884,0.36288,0,44.8905,4.23585,40.4587,0.84672,12.849,0.84672,3695.15,0,0.0036966,1.06813e-05,0.870471,1.50433,3.88037,1.05576,5.19939,0.42336,0.0018483,0.21168,0.0018483,0.21168,460.486,0,1.02816,0,0,1.89863,0.870471,1.028160,1,0,45.6581,0,0,0,45.6581,0
53.6753,2.36399,0,0,2.29513,0.111937,0.36288,3.6288,54.4166,0.311679,0,0,0.685506,0.186479,0,0.66528,12.849,1,0.560226,0.36288,0,37.715,4.01289,33.5047,0.84672,12.849,0.84672,3695.15,0,0.0036966,1.0623e-05,0.653357,1.58269,3.15757,1.00557,4.38803,0.42336,0.0018483,0.21168,0.0018483,0.21168,460.486,0,1.02816,0,0,1.68152,0.653357,1.028160,1,0,37.8928,0,0,0,37.8928,0
53.0687,2.36015,0,0,2.22776,0.111321,0.36288,3.6288,54.6458,0.312097,0,0,0.727989,0.18671,0,0.66528,12.849,1,0.564981,0.36288,0,35.948,4.01289,31.733,0.84672,12.849,0.84672,3695.15,0,0.0036966,1.06006e-05,0.634107,1.58318,3.35901,1.00557,4.57072,0.42336,0.0018483,0.21168,0.0018483,0.21168,460.486,0,1.02816,0,0,1.66227,0.634107,1.028160,1,0,36.3037,0,0,0,36.3037,0
52.353,2.35568,0,0,2.11348,0.110633,0.36288,3.6288,54.8537,0.312516,0,0,0.707426,0.186993,0,0.66528,12.849,1,0.570358,0.36288,0,33.7636,4.01289,29.5432,0.84672,12.849,0.84672,3695.15,0,0.0036966,1.05703e-05,0.563337,1.58367,3.10557,1.00557,4.247,0.42336,0.0018483,0.21168,0.0018483,0.21168,460.486,0,1.02816,0,0,1.5915,0.563337,1.028160,1,0,33.7902,0,0,0,33.7902,0
51.4961,2.35015,0,0,1.96194,0.105801,0.36288,3.6288,55.0139,0.312935,0,0,0.659111,0.185964,0,0.66528,12.849,1,0.576798,0.36288,0,30.649,4.12686,26.3082,0.84672,12.849,0.84672,3695.15,0,0.0036966,1.05444e-05,0.424647,1.58417,3.05437,1.02271,4.04046,0.42336,0.0018483,0.21168,0.0018483,0.21168,460.486,0,1.02816,0,0,1.45281,0.424647,1.028160,1,0,30.3487,0,0,0,30.3487,0
50.4891,2.32222,0,0,1.75904,0.0809506,0.36288,3.6288,55.0164,0.409282,0,0,0.590135,0.178437,0,0.66528,12.849,1,0.579425,0.36288,0,26.4392,4.81068,21.412,0.84672,12.849,0.84672,3695.15,0,0.0036966,1.37506e-05,0.30119,1.58466,3.12403,1.12558,3.88429,0.42336,0.0018483,0.21168,0.0018483,0.21168,460.486,0,0.970047,0,0,1.27124,0.30119,1.028160,1,0,25.2962,0,0,0,25.2962,0
49.3293,2.31372,0,0,1.59691,0.080102,0.36288,3.6288,54.9009,0.494485,0,0,0.557493,0.17844,0,0.66528,12.849,1,0.588821,0.36288,0,25.6535,4.81068,20.6168,0.84672,12.849,0.84672,3695.15,0,0.0036966,1.66125e-05,0.261274,1.60946,2.93655,1.12558,3.6817,0.42336,0.0018483,0.21168,0.0018483,0.21168,460.486,0,0.885272,0,0,1.14655,0.261274,1.028160,1,0,24.2985,0,0,0,24.2985,0
48.0538,2.30346,0,0,1.46222,0.0713748,0.36288,3.6288,54.6902,0.541976,0,0,0.530595,0.199354,0,0.66528,12.849,1,0.599991,0.36288,0,22.6231,5.09298,17.2931,0.84672,12.849,0.84672,3695.15,0,0.0036966,1.82462e-05,0.261274,1.60997,2.85183,1.22862,3.49443,0.42336,0.0018483,0.21168,0.0018483,0.21168,460.486,0,0.83821,0,0,1.09948,0.261274,1.028160,1,0,20.7875,0,0,0,20.7875,0
46.7285,2.29161,0,0,1.38045,0.05129,0.36288,3.6288,54.3721,0.561622,0,0,0.495163,0.251628,0,0.66528,12.849,1,0.612747,0.36288,0,20.1215,5.79873,14.0729,0.84672,12.849,0.84672,3695.15,0,0.0036966,1.89805e-05,0.261274,1.61047,2.72027,1.48624,3.10576,0.42336,0.0018483,0.21168,0.0018483,0.21168,460.486,0,0.818994,0,0,1.08027,0.261274,1.028160,1,0,17.1787,0,0,0,17.1787,0
45.4656,2.33187,0,0,1.4826,0.0507552,0.36288,3.6288,54.0741,0.545342,0,0,0.515692,0.268402,0,0.66528,12.849,1,0.641196,0.36288,0,22.0444,5.78516,15.981,0.84672,12.849,0.84672,3695.15,0,0.0036966,1.85381e-05,0.261274,1.61097,2.68482,1.47216,3.08488,0.42336,0.0018483,0.21168,0.0018483,0.21168,460.486,0,0.869452,0,0,1.13073,0.261274,1.028160,1,0,19.0659,0,0,0,19.0659,0
44.26,2.3187,0,0,1.52611,0.0501274,0.36288,3.6288,53.8129,0.507553,0,0,0.521214,0.27478,0,0.66528,12.849,1,0.655286,0.36288,0,21.5965,5.77973,15.5244,0.84672,12.849,0.84672,3695.15,0,0.0036966,1.73486e-05,0.261274,1.65025,2.71792,1.46654,3.16289,0.42336,0.0018483,0.21168,0.0018483,0.21168,460.486,0,0.907684,0,0,1.16896,0.261274,1.028160,1,0,18.6873,0,0,0,18.6873,0
42.8936,2.30558,0,0,1.35148,0.0494492,0.36288,3.6288,53.4732,0.554856,0,0,0.489452,0.274299,0,0.66528,12.849,1,0.669328,0.36288,0,20.3479,5.77973,14.2617,0.84672,12.849,0.84672,3695.15,0,0.0036966,1.90575e-05,0.227405,1.65077,2.69147,1.46654,3.10309,0.42336,0.0018483,0.21168,0.0018483,0.21168,460.486,0,0.86082,0,0,1.08823,0.227405,1.028160,1,0,17.3648,0,0,0,17.3648,0
41.4198,2.28989,0,0,1.22767,0.0486805,0.36288,3.6288,53.0503,0.625582,0,0,0.476188,0.273558,0,0.66528,12.849,1,0.685949,0.36288,0,19.1543,5.77973,13.0515,0.84672,12.849,0.84672,3695.15,0,0.0036966,2.16232e-05,0.227405,1.65128,2.5954,1.46654,3.00753,0.42336,0.0018483,0.21168,0.0018483,0.21168,460.486,0,0.790534,0,0,1.01794,0.227405,1.028160,1,0,16.059,0,0,0,16.059,0
39.6482,2.4237,0,0,1.0487,0.0336696,0.36288,3.6288,52.5167,0.715944,0,0,0.464164,0.281833,0,0.66528,12.849,1,0.751867,0.36288,0,18.1352,6.0519,11.6943,0.84672,12.849,0.84672,3695.15,0,0.0036966,2.49439e-05,0.227405,1.6518,2.6523,1.52101,3.01046,0.42336,0.0018483,0.21168,0.0018483,0.21168,460.486,0,0.822571,0,0,1.04998,0.227405,1.028160,1,0,14.7048,0,0,0,14.7048,0
37.7758,2.39908,0,0,0.927487,0.0379461,0.36288,3.6288,51.9898,0.651687,0,0,0.40503,0.280209,0,0.66528,12.849,1,0.777481,0.36288,0,16.9925,5.88599,10.692,0.84672,12.849,0.84672,3695.15,0,0.0036966,2.29358e-05,0.227405,1.7838,2.83391,1.55204,3.29305,0.42336,0.0018483,0.21168,0.0018483,0.21168,460.486,0,0.887311,0,0,1.11472,0.227405,1.028160,1,0,13.985,0,0,0,13.985,0
35.9126,2.37106,0,0,0.907813,0.0371302,0.36288,3.6288,51.3977,0.691805,0,0,0.378694,0.279023,0,0.66528,12.849,1,0.806487,0.36288,0,15.5063,5.88599,9.1767,0.84672,12.849,0.84672,3695.15,0,0.0036966,2.45945e-05,0.204422,1.78435,2.84436,1.55204,3.28107,0.42336,0.0018483,0.21168,0.0018483,0.21168,460.486,0,0.84767,0,0,1.05209,0.204422,1.028160,1,0,12.4578,0,0,0,12.4578,0
34.4913,2.34097,0,0,1.31892,0.0363183,0.36288,3.6288,51.0433,0.511802,0,0,0.435132,0.277691,0,0.66528,12.849,1,0.837564,0.36288,0,17.6607,5.88599,11.3,0.84672,12.849,0.84672,3695.15,0,0.0036966,1.84048e-05,0.210937,1.78491,3.15361,1.55204,3.5974,0.42336,0.0018483,0.21168,0.0018483,0.21168,460.486,0,1.02816,0,0,1.2391,0.210937,1.028160,1,0,14.8974,0,0,0,14.8974,0
33.6399,2.3328,0,0,1.90098,0.0567665,0.36288,3.6288,50.8388,0.512282,0,0,0.575962,0.268157,0,0.66528,12.849,1,0.84672,0.36288,0,28.814,5.75457,22.5756,0.84672,12.849,0.84672,3695.15,0,0.0036966,1.85499e-05,0.315014,1.78547,3.51091,1.52552,4.08585,0.42336,0.0018483,0.21168,0.0018483,0.21168,460.486,0,1.02816,0,0,1.34317,0.315014,1.028160,1,0,26.6614,0,0,0,26.6614,0
32.8052,2.23674,0,0,1.81938,0.0543593,0.36288,3.6288,50.7834,0.438623,0,0,0.65332,0.270112,0,0.66528,12.849,1,0.84672,0.36288,0,28.5155,4.66294,23.3688,0.84672,12.849,0.84672,3695.15,0,0.0036966,1.59466e-05,0.887414,1.78602,4.15924,1.42559,5.40707,0.42336,0.0018483,0.21168,0.0018483,0.21168,460.486,0,1.02816,0,0,1.91557,0.887414,1.028160,1,0,28.7758,0,0,0,28.7758,0
31.7216,2.2377,0,0,1.57075,0.0537997,0.36288,3.6288,51.0202,0.43908,0,0,0.94588,0.26999,0,0.66528,12.849,1,0.84672,0.36288,0,24.6809,4.66294,19.5341,0.84672,12.849,0.84672,3695.15,0,0.0036966,1.59807e-05,2.27148,1.71111,4.73978,1.42559,7.29677,0.42336,0.0018483,0.21168,0.0018483,0.21168,460.486,0,1.02816,0,0,3.29964,2.27148,1.028160,1,0,26.8308,0,0,0,26.8308,0
30.4301,2.23866,0,0,1.36311,0.0530731,0.36288,3.6288,50.8336,0.439538,0,0,0.523415,0.27051,0,0.66528,12.849,1,0.84672,0.36288,0,25.3426,4.66294,20.1958,0.84672,12.849,0.84672,3695.15,0,0.0036966,1.59231e-05,0.894015,1.71165,3.5157,1.42559,4.69576,0.42336,0.0018483,0.21168,0.0018483,0.21168,460.486,0,1.02816,0,0,1.92218,0.894015,1.028160,1,0,24.8916,0,0,0,24.8916,0
29.1014,2.23962,0,0,1.32597,0.0521911,0.36288,3.6288,50.6077,0.439995,0,0,0.484218,0.2701,0,0.66528,12.849,1,0.84672,0.36288,0,23.1499,4.66294,18.0031,0.84672,12.849,0.84672,3695.15,0,0.0036966,1.59981e-05,0.729536,1.71218,3.45452,1.42559,4.47063,0.42336,0.0018483,0.21168,0.0018483,0.21168,460.486,0,1.02816,0,0,1.7577,0.729536,1.028160,1,0,22.4738,0,0,0,22.4738,0
28.0129,2.09464,0,0,1.51872,0.149731,0.36288,3.6288,50.6,0.439062,0,0,0.636587,0.205246,0,0.66528,12.849,1,0.84672,0.36288,0,40.3024,3.59149,36.2271,0.84672,12.849,0.84672,3695.15,0,0.0036966,1.60355e-05,0.801205,1.71271,4.90758,0.970872,6.45061,0.42336,0.0018483,0.21168,0.0018483,0.21168,460.486,0,1.02816,0,0,1.82936,0.801205,1.028160,1,0,42.6777,0,0,0,42.6777,0
26.6397,2.02847,0,0,1.17348,0.155276,0.36288,3.6288,50.4764,0.50661,0,0,0.613913,0.230856,0,0.66528,12.849,1,0.84672,0.36288,0,32.4368,3.87797,28.075,0.84672,12.849,0.84672,3695.15,0,0.0036966,1.85053e-05,0.472081,1.68482,4.84971,0.970545,6.03605,0.42336,0.0018483,0.21168,0.0018483,0.21168,460.486,0,1.02816,0,0,1.50024,0.472081,1.028160,1,0,34.1111,0,0,0,34.1111,0
25.9264,2.02983,0,0,1.83173,0.152341,0.36288,3.6288,50.465,0.50661,0,0,0.725758,0.230623,0,0.66528,12.849,1,0.84672,0.36288,0,43.4677,3.87797,39.1059,0.84672,12.849,0.84672,3695.15,0,0.0036966,1.85506e-05,0.820394,1.72461,6.42675,0.970545,8.00119,0.42336,0.0018483,0.21168,0.0018483,0.21168,460.486,0,1.02816,0,0,1.84855,0.820394,1.028160,1,0,47.1071,0,0,0,47.1071,0
27.6909,2.16361,0,0,4.44177,0.150817,0.36288,3.6288,51.654,0.374193,0,0,1.79384,0.230602,0,0.66528,12.849,1,0.84672,0.36288,0,99.4507,3.87797,95.0889,0.84672,12.849,0.84672,3695.15,0,0.0036966,1.3705e-05,3.77585,1.72487,10.6553,0.970545,15.1855,0.42336,0.0018483,0.21168,0.0018483,0.21168,460.486,0,1.02816,0,0,4.80401,3.77585,1.028160,1,0,110.274,0,0,0,110.274,0
27.5194,1.93778,0,0,2.29259,0.163414,0.36288,3.6288,52.1018,0.233728,0,0,0.912946,0.231413,0,0.66528,12.849,1,0.84672,0.36288,0,54.5967,3.95443,50.1584,0.84672,12.849,0.84672,3695.15,0,0.0036966,8.36334e-06,1.55386,1.64763,5.38583,0.979438,7.60788,0.42336,0.0018483,0.21168,0.0018483,0.21168,460.486,0,1.02816,0,0,2.58202,1.55386,1.028160,1,0,57.7663,0,0,0,57.7663,0
26.8938,1.93865,0,0,1.84574,0.169742,0.36288,3.6288,52.3404,0.234121,0,0,0.693731,0.221062,0,0.66528,12.849,1,0.84672,0.36288,0,79.8912,4.36054,75.0468,0.84672,12.849,0.84672,3695.15,0,0.0036966,8.3054e-06,1.26631,1.49678,5.77119,1.07591,7.45837,0.42336,0.0018483,0.21168,0.0018483,0.21168,460.486,0,1.02816,0,0,2.29447,1.26631,1.028160,1,0,82.5052,0,0,0,82.5052,0
27.3299,1.93951,0,0,2.90676,0.168271,0.36288,3.6288,53.3733,0.234514,0,0,1.48896,0.221487,0,0.66528,12.849,1,0.84672,0.36288,0,107.396,4.36054,102.552,0.84672,12.849,0.84672,3695.15,0,0.0036966,8.28143e-06,3.10273,1.49725,6.35956,1.07591,9.88361,0.42336,0.0018483,0.21168,0.0018483,0.21168,460.486,0,1.02816,0,0,4.13089,3.10273,1.028160,1,0,112.435,0,0,0,112.435,0
27.8958,1.71102,0,0,2.79752,0.15771,0.36288,3.6288,53.2031,0.506568,0,0,0.552615,0.216292,0,0.66528,12.849,1,0.804426,0.36288,0,69.9222,3.98105,65.4996,0.84672,12.849,0.84672,3695.15,0,0.0036966,1.75423e-05,1.00767,1.49771,4.31368,1.01301,5.80604,0.42336,0.0018483,0.21168,0.0018483,0.21168,460.486,0,1.02816,0,0,2.03583,1.00767,1.028160,1,0,71.3057,0,0,0,71.3057,0
28.5026,1.72306,0,0,2.84695,0.154279,0.36288,3.6288,53.6336,0.506568,0,0,1.15025,0.213189,0,0.66528,12.849,1,0.793652,0.36288,0,59.1814,3.82924,54.9214,0.84672,12.849,0.84672,3695.15,0,0.0036966,1.75984e-05,1.37345,1.65716,5.06165,0.987853,7.10439,0.42336,0.0018483,0.21168,0.0018483,0.21168,460.486,0,1.02816,0,0,2.40161,1.37345,1.028160,1,0,62.0258,0,0,0,62.0258,0
29.2015,1.79578,0,0,3.01221,0.154665,0.36288,3.6288,53.8455,0.547421,0,0,0.941259,0.181868,0,0.66528,12.849,1,0.809539,0.36288,0,94.6996,3.58588,90.667,0.84672,12.849,0.84672,3695.15,0,0.0036966,1.8865e-05,2.55082,1.6574,3.53052,0.934219,6.8045,0.42336,0.0018483,0.21168,0.0018483,0.21168,460.486,0,1.02816,0,0,3.57898,2.55082,1.028160,1,0,97.4715,0,0,0,97.4715,0
33.1544,1.83847,0,0,6.31031,0.15599,0.36288,3.6288,54.8563,0.506564,0,0,1.69414,0.17682,0,0.66528,12.849,1,0.80895,0.36288,0,118.416,3.54533,114.424,0.84672,12.849,0.84672,3695.15,0,0.0036966,1.73883e-05,6.97092,1.70557,11.8682,0.92528,19.6194,0.42336,0.0018483,0.21168,0.0018483,0.21168,460.486,0,1.02816,0,0,7.99908,6.97092,1.028160,1,0,134.043,0,0,0,134.043,0
33.6652,2.0741,0,0,3.11196,0.164185,0.36288,3.6288,55.2153,0.277327,0,0,0.814363,0.178005,0,0.66528,12.849,1,0.803818,0.36288,0,93.3837,3.54533,89.3975,0.84672,12.849,0.84672,3695.15,0,0.0036966,9.3441e-06,5.05804,1.68189,7.11832,0.92528,12.933,0.42336,0.0018483,0.21168,0.0018483,0.21168,460.486,0,1.02816,0,0,6.0862,5.05804,1.028160,1,0,102.33,0,0,0,102.33,0
33.7408,1.91792,0,0,2.52158,0.165225,0.36288,3.6288,55.2431,0.506565,0,0,0.712748,0.178427,0,0.66528,12.849,1,0.732012,0.36288,0,76.1245,3.54533,72.21,0.84672,12.849,0.84672,3695.15,0,0.0036966,1.69569e-05,4.21075,1.54797,5.62839,0.92528,10.4618,0.42336,0.0018483,0.21168,0.0018483,0.21168,460.486,0,1.02816,0,0,5.23891,4.21075,1.028160,1,0,82.6718,0,0,0,82.6718,0
35.1656,2.12342,0,0,4.12563,0.214506,0.36288,3.6288,55.3467,0.66015,0,0,0.939159,0.175379,0,0.66528,12.849,1,0.808631,0.36288,0,101.692,3.62728,97.6189,0.84672,12.849,0.84672,3695.15,0,0.0036966,2.2087e-05,4.45498,1.68236,9.53086,1.00892,14.6593,0.42336,0.0018483,0.21168,0.0018483,0.21168,460.486,0,1.02816,0,0,5.48314,4.45498,1.028160,1,0,112.278,0,0,0,112.278,0
37.275,2.26088,0,0,4.94421,0.211089,0.36288,3.6288,55.8118,0.506611,0,0,1.1367,0.165005,0,0.66528,12.849,1,0.826093,0.36288,0,122.293,3.27023,118.56,0.84672,12.849,0.84672,3695.15,0,0.0036966,1.69182e-05,4.15403,1.85389,8.0409,0.889388,13.1594,0.42336,0.0018483,0.21168,0.0018483,0.21168,460.486,0,1.02816,0,0,5.18219,4.15403,1.028160,1,0,131.719,0,0,0,131.719,0
39.0279,2.29667,0,0,4.62718,0.214638,0.36288,3.6288,56.4207,0.506611,0,0,1.28638,0.170849,0,0.66528,12.849,1,0.791683,0.36288,0,114.211,3.40126,110.381,0.84672,12.849,0.84672,3695.15,0,0.0036966,1.67773e-05,5.02819,1.7643,7.39299,0.930384,13.2551,0.42336,0.0018483,0.21168,0.0018483,0.21168,460.486,0,1.02816,0,0,6.05635,5.02819,1.028160,1,0,123.636,0,0,0,123.636,0
40.0044,2.37985,0,0,3.92684,0.207655,0.36288,3.6288,56.8704,0.432999,0,0,1.08077,0.198111,0,0.66528,12.849,1,0.783506,0.36288,0,137.504,4.03502,133.048,0.84672,12.849,0.84672,3695.15,0,0.0036966,1.41847e-05,3.48158,1.76456,7.85953,1.11507,11.9906,0.42336,0.0018483,0.21168,0.0018483,0.21168,460.486,0,1.02816,0,0,4.50974,3.48158,1.028160,1,0,145.039,0,0,0,145.039,0
44.6836,2.09145,0,0,7.37198,0.23844,0.36288,3.6288,58.8535,0.227075,0,0,2.3768,0.166589,0,0.66528,12.849,1,0.671753,0.36288,0,171.107,3.65712,167.141,0.84672,12.849,0.84672,3695.15,0,0.0036966,7.38e-06,6.66667,1.72174,13.4089,0.916869,20.8804,0.42336,0.0018483,0.21168,0.0018483,0.21168,460.486,0,1.02816,0,0,7.69483,6.66667,1.028160,1,0,188.021,0,0,0,188.021,0
51.1703,2.14673,0,0,9.2886,0.292294,0.36288,3.6288,61.308,0.22745,0,0,3.29645,0.144313,0.470194,0.66528,12.849,1,0.617304,0.36288,0,228.986,3.66156,225.07,0.84672,12.849,0.84672,3695.15,0,0.0036966,7.14309e-06,7.62221,1.48764,20.1212,0.856893,28.3741,0.42336,0.0018483,0.21168,0.0018483,0.21168,460.486,0,1.02816,0,0,8.65037,7.62221,1.028160,1,0,253.914,0,0,0,253.914,0
57.6981,2.20995,0,0,9.41432,0.313705,0.36288,3.6288,61.308,0.227825,0,0,2.44167,0.146588,2.06726,0.66528,12.849,1,0.554923,0.36288,0,255.589,3.66156,251.736,0.84672,12.849,0.84672,3695.15,0,0.0036966,6.86841e-06,5.14191,1.48809,16.2423,0.856893,22.0154,0.42336,0.0018483,0.21168,0.0018483,0.21168,460.486,0,1.02816,0,0,6.17007,5.14191,1.028160,1,0,275.818,0,0,0,275.818,0
61.3274,2.26197,0,0,6.53126,0.277135,0.36288,3.6288,61.308,0.228199,0,0,1.68365,0.183222,1.27223,0.66528,12.849,1,0.503727,0.36288,0,159.209,4.17555,154.893,0.84672,12.849,0.84672,3695.15,0,0.0036966,6.8797e-06,3.31296,1.48853,10.7152,1.02855,14.4881,0.42336,0.0018483,0.21168,0.0018483,0.21168,460.486,0,1.02816,0,0,4.34112,3.31296,1.028160,1,0,170.653,0,0,0,170.653,0
64.7876,2.2873,0,0,6.35028,0.239856,0.36288,3.6288,61.308,0.228574,0,0,2.00291,0.192291,1.58204,0.66528,12.849,1,0.479225,0.36288,0,161.352,4.63113,156.605,0.84672,12.849,0.84672,3695.15,0,0.0036966,6.891e-06,3.03545,1.48897,11.3015,1.14577,14.6801,0.42336,0.0018483,0.21168,0.0018483,0.21168,460.486,0,1.02816,0,0,4.06361,3.03545,1.028160,1,0,172.867,0,0,0,172.867,0
68.4179,2.39373,0,0,6.63612,0.249186,0.36288,3.6288,61.308,0.279507,0,0,2.78874,0.206929,2.30231,0.66528,12.849,1,0.474737,0.36288,0,170.863,5.10216,165.649,0.84672,12.849,0.84672,3695.15,0,0.0036966,8.42652e-06,6.52069,1.48942,15.3362,1.21209,22.1342,0.42336,0.0018483,0.21168,0.0018483,0.21168,460.486,0,1.02816,0,0,7.54885,6.52069,1.028160,1,0,190.085,0,0,0,190.085,0
71.9646,2.41566,0,0,6.58169,0.256465,0.36288,3.6288,61.308,0.279897,0,0,2.75941,0.206929,2.27258,0.66528,12.849,1,0.453666,0.36288,0,166.475,5.10216,161.282,0.84672,12.849,0.84672,3695.15,0,0.0036966,8.43828e-06,6.38004,1.54787,14.4363,1.21209,21.1521,0.42336,0.0018483,0.21168,0.0018483,0.21168,460.486,0,1.02816,0,0,7.4082,6.38004,1.028160,1,0,184.706,0,0,0,184.706,0
72.29,2.43536,0,0,7.0465,0.263575,4.02217,3.6288,61.308,0.280287,0,0,2.93113,0.206929,2.44391,0.66528,12.849,1,0.434824,4.02217,0,156.702,5.10216,155.187,0.84672,12.849,0.84672,3695.15,0,0.0036966,8.45003e-06,6.34634,1.54834,14.2865,1.21209,20.9691,0.42336,0.0018483,0.21168,0.0018483,0.21168,460.486,0,1.02816,0,0,7.3745,6.34634,1.028160,1,0,178.6,0,0,0,178.6,0
72.29,2.43775,0,0,7.54358,0.252628,4.8532,3.6288,61.308,0.280677,0,0,2.80601,0.212148,2.31319,0.66528,12.849,1,0.433292,4.8532,0,336.504,5.17251,335.751,0.84672,12.849,0.84672,3695.15,0,0.0036966,8.46179e-06,7.00721,1.5488,15.2437,1.22196,22.5778,0.42336,0.0018483,0.21168,0.0018483,0.21168,460.486,0,1.02816,0,0,8.03537,7.00721,1.028160,1,0,360.642,0,0,0,360.642,0
72.29,2.40487,0,0,5.58617,0.175149,3.00616,3.6288,61.308,0.261407,0,0,2.02255,0.227786,1.53336,0.66528,12.849,1,0.427447,3.00616,0,165.596,4.73406,163.441,0.84672,12.849,0.84672,3695.15,0,0.0036966,7.88085e-06,5.32957,1.54926,11.3527,1.20348,17.028,0.42336,0.0018483,0.21168,0.0018483,0.21168,460.486,0,1.02816,0,0,6.35773,5.32957,1.028160,1,0,182.002,0,0,0,182.002,0
72.29,2.40559,0,0,4.71842,0.171995,2.14084,3.6288,61.308,0.261792,0,0,1.62871,0.221513,1.1454,0.66528,12.849,1,0.427575,2.14084,0,132.163,4.38984,129.486,0.84672,12.849,0.84672,3695.15,0,0.0036966,7.89243e-06,4.57737,1.52711,9.87198,1.17239,14.8041,0.42336,0.0018483,0.21168,0.0018483,0.21168,460.486,0,1.02816,0,0,5.60553,4.57737,1.028160,1,0,145.436,0,0,0,145.436,0
72.29,2.4063,0,0,4.47619,0.171995,1.8979,3.6288,61.308,0.262176,0,0,1.50776,0.221513,1.02407,0.66528,12.849,1,0.427702,1.8979,0,119.159,4.38984,116.239,0.84672,12.849,0.84672,3695.15,0,0.0036966,7.90402e-06,4.26559,1.52757,9.3566,1.17239,13.9774,0.42336,0.0018483,0.21168,0.0018483,0.21168,460.486,0,1.02816,0,0,5.29375,4.26559,1.028160,1,0,131.24,0,0,0,131.24,0
72.29,2.40702,0,0,4.1595,0.180004,1.57248,3.6288,61.308,0.26256,0,0,1.49921,0.213632,1.02302,0.66528,12.849,1,0.42783,1.57248,0,112.223,3.87192,109.496,0.84672,12.849,0.84672,3695.15,0,0.0036966,7.91561e-06,4.19227,1.52802,8.72389,1.02615,13.418,0.42336,0.0018483,0.21168,0.0018483,0.21168,460.486,0,1.02816,0,0,5.22043,4.19227,1.028160,1,0,123.937,0,0,0,123.937,0
72.29,2.52195,0,0,4.00323,0.145877,1.3354,3.6288,61.308,0.332747,0,0,1.53771,0.209388,0.995577,0.66528,12.849,1,0.448258,1.3354,0,102.497,3.76305,99.6213,0.84672,12.849,0.84672,3695.15,0,0.0036966,1.00316e-05,4.40295,1.52848,8.47178,0.970417,13.4328,0.42336,0.0018483,0.21168,0.0018483,0.21168,460.486,0,1.02816,0,0,5.43111,4.40295,1.028160,1,0,114.05,0,0,0,114.05,0
72.29,2.5227,0,0,3.5508,0.0819608,0.946134,3.6288,61.308,0.333152,0,0,1.47359,0.190861,0.949573,0.66528,12.849,1,0.448391,0.946134,0,91.2254,4.1748,87.5484,0.84672,12.849,0.84672,3695.15,0,0.0036966,1.00438e-05,4.50584,1.60807,8.2715,1.03872,13.3467,0.42336,0.0018483,0.21168,0.0018483,0.21168,460.486,0,1.02816,0,0,5.534,4.50584,1.028160,1,0,101.845,0,0,0,101.845,0
72.29,2.52345,0,0,3.19494,0.0819608,0.589527,3.6288,61.308,0.333558,0,0,1.19515,0.190861,0.670727,0.66528,12.849,1,0.448525,0.589527,0,81.9513,4.1748,77.9175,0.84672,12.849,0.84672,3695.15,0,0.0036966,1.0056e-05,3.63993,1.60855,7.17993,1.03872,11.3897,0.42336,0.0018483,0.21168,0.0018483,0.21168,460.486,0,1.02816,0,0,4.66809,3.63993,1.028160,1,0,89.9779,0,0,0,89.9779,0
72.29,2.52421,0,0,3.09551,0.0819608,0.489346,3.6288,61.308,0.333963,0,0,0.967429,0.190861,0.442605,0.66528,12.849,1,0.448659,0.489346,0,74.8604,4.1748,70.7263,0.84672,12.849,0.84672,3695.15,0,0.0036966,1.00683e-05,3.37308,1.60903,6.94129,1.03872,10.8847,0.42336,0.0018483,0.21168,0.0018483,0.21168,460.486,0,1.02816,0,0,4.40124,3.37308,1.028160,1,0,82.0536,0,0,0,82.0536,0
72.1942,2.52496,0,0,2.87099,0.0789303,0.36288,3.6288,61.308,0.334369,0,0,0.88071,0.287731,0.25861,0.66528,12.849,1,0.448792,0.36288,0,69.6203,5.82051,63.7138,0.84672,12.849,0.84672,3695.15,0,0.0036966,1.00805e-05,3.20955,1.60951,6.68822,1.37728,10.13,0.42336,0.0018483,0.21168,0.0018483,0.21168,460.486,0,1.02816,0,0,4.23771,3.20955,1.028160,1,0,74.1024,0,0,0,74.1024,0
72.29,2.50259,0,0,3.38752,0.0998487,0.689309,3.6288,61.308,0.373196,0,0,1.01153,0.267799,0.370532,0.66528,12.849,1,0.445406,0.689309,0,67.5924,4.97343,62.8629,0.84672,12.849,0.84672,3695.15,0,0.0036966,1.1251e-05,2.26008,1.60999,6.05826,1.18024,8.74807,0.42336,0.0018483,0.21168,0.0018483,0.21168,460.486,0,1.02816,0,0,3.28824,2.26008,1.028160,1,0,71.9815,0,0,0,71.9815,0
72.29,2.50383,0,0,3.22992,0.0951367,0.630947,3.6288,61.308,0.373613,0,0,0.977806,0.275572,0.328621,0.66528,12.849,1,0.445037,0.630947,0,65.0791,5.08202,60.183,0.84672,12.849,0.84672,3695.15,0,0.0036966,1.12636e-05,2.22092,1.63516,5.79143,1.21699,8.4305,0.42336,0.0018483,0.21168,0.0018483,0.21168,460.486,0,1.02816,0,0,3.24908,2.22092,1.028160,1,0,68.9421,0,0,0,68.9421,0
72.29,2.50458,0,0,3.05245,0.0743131,0.473559,3.6288,61.308,0.374031,0,0,0.938174,0.307059,0.257085,0.66528,12.849,1,0.44517,0.473559,0,61.3096,5.74817,55.5898,0.84672,12.849,0.84672,3695.15,0,0.0036966,1.12762e-05,2.28435,1.63565,5.69698,1.40118,8.21579,0.42336,0.0018483,0.21168,0.0018483,0.21168,460.486,0,1.02816,0,0,3.31251,2.28435,1.028160,1,0,64.0627,0,0,0,64.0627,0
72.1328,2.50532,0,0,2.79127,0.0802261,0.36288,3.6288,61.308,0.374448,0,0,0.913058,0.295699,0.242911,0.66528,12.849,1,0.445302,0.36288,0,61.1634,5.75914,55.3219,0.84672,12.849,0.84672,3695.15,0,0.0036966,1.12888e-05,2.16327,1.63614,5.38244,1.37394,7.8079,0.42336,0.0018483,0.21168,0.0018483,0.21168,460.486,0,1.02816,0,0,3.19143,2.16327,1.028160,1,0,63.3727,0,0,0,63.3727,0
71.6766,2.56371,0,0,2.54068,0.0703209,0.36288,3.6288,61.308,0.409148,0,0,0.780956,0.308082,0.0637257,0.66528,12.849,1,0.456674,0.36288,0,47.9187,5.80097,42.024,0.84672,12.849,0.84672,3695.15,0,0.0036966,1.23349e-05,1.89884,1.63662,4.62639,1.40588,6.75596,0.42336,0.0018483,0.21168,0.0018483,0.21168,460.486,0,1.02816,0,0,2.927,1.89884,1.028160,1,0,48.8437,0,0,0,48.8437,0
71.1556,2.56201,0,0,2.46662,0.0627455,0.36288,3.6288,61.2875,0.409576,0,0,0.706432,0.317369,0,0.66528,12.849,1,0.459275,0.36288,0,58.5467,5.83233,52.618,0.84672,12.849,0.84672,3695.15,0,0.0036966,1.23478e-05,2.32207,1.67651,4.8409,1.42983,7.40963,0.42336,0.0018483,0.21168,0.0018483,0.21168,460.486,0,1.02816,0,0,3.35023,2.32207,1.028160,1,0,60.0276,0,0,0,60.0276,0
70.4708,2.55992,0,0,2.30049,0.0624963,0.36288,3.6288,61.1859,0.410004,0,0,0.625717,0.317328,0,0.66528,12.849,1,0.462261,0.36288,0,46.3158,5.83233,40.3841,0.84672,12.849,0.84672,3695.15,0,0.0036966,1.23648e-05,2.2789,1.67701,4.41862,1.42983,6.94468,0.42336,0.0018483,0.21168,0.0018483,0.21168,460.486,0,1.02816,0,0,3.30706,2.2789,1.028160,1,0,47.3288,0,0,0,47.3288,0
69.5814,2.55688,0,0,2.09252,0.0621687,0.36288,3.6288,61.0461,0.410432,0,0,0.587738,0.317124,0,0.66528,12.849,1,0.466199,0.36288,0,42.5889,5.83233,36.6532,0.84672,12.849,0.84672,3695.15,0,0.0036966,1.23983e-05,1.76136,1.6775,4.04398,1.42983,6.053,0.42336,0.0018483,0.21168,0.0018483,0.21168,460.486,0,1.02816,0,0,2.78952,1.76136,1.028160,1,0,42.7062,0,0,0,42.7062,0
68.6908,2.72309,0,0,2.25062,0.0551826,0.36288,3.6288,60.9062,0.53475,0,0,0.708243,0.313301,0,0.66528,12.849,1,0.50285,0.36288,0,40.9808,5.96771,34.8731,0.84672,12.849,0.84672,3695.15,0,0.0036966,1.61907e-05,2.63317,1.678,5.51718,1.44277,8.38556,0.42336,0.0018483,0.21168,0.0018483,0.21168,460.486,0,1.02816,0,0,3.66133,2.63317,1.028160,1,0,43.2587,0,0,0,43.2587,0
67.3626,2.71841,0,0,1.81956,0.066551,0.36288,3.6288,60.7013,0.535215,0,0,0.634637,0.304361,0,0.66528,12.849,1,0.508493,0.36288,0,36.0841,6.02301,29.9155,0.84672,12.849,0.84672,3695.15,0,0.0036966,1.6242e-05,1.98416,1.81207,3.82245,1.33908,6.27958,0.42336,0.0018483,0.21168,0.0018483,0.21168,460.486,0,1.02816,0,0,3.01232,1.98416,1.028160,1,0,36.1951,0,0,0,36.1951,0
66.529,2.71079,0,0,2.30601,0.0658614,0.36288,3.6288,60.5043,0.53568,0,0,0.642592,0.303966,0,0.66528,12.849,1,0.517067,0.36288,0,46.6513,6.02301,40.4741,0.84672,12.849,0.84672,3695.15,0,0.0036966,1.6311e-05,2.29572,1.81261,3.98214,1.33908,6.75137,0.42336,0.0018483,0.21168,0.0018483,0.21168,460.486,0,1.02816,0,0,3.32388,2.29572,1.028160,1,0,47.2255,0,0,0,47.2255,0
65.1813,2.70617,0,0,1.79652,0.0751642,0.36288,3.6288,60.1314,0.536145,0,0,0.464695,0.301451,0,0.66528,12.849,1,0.522652,0.36288,0,35.6187,5.96364,29.4952,0.84672,12.849,0.84672,3695.15,0,0.0036966,1.63783e-05,1.63706,1.81315,2.45725,1.3318,4.57564,0.42336,0.0018483,0.21168,0.0018483,0.21168,460.486,0,1.02816,0,0,2.66522,1.63706,1.028160,1,0,34.0709,0,0,0,34.0709,0
63.3217,2.69794,0,0,1.34185,0.140723,0.36288,3.6288,59.7334,0.53661,0,0,0.415479,0.276772,0,0.66528,12.849,1,0.531837,0.36288,0,25.8578,5.80234,19.8865,0.84672,12.849,0.84672,3695.15,0,0.0036966,1.64942e-05,1.53091,1.81369,2.10935,1.26548,4.18846,0.42336,0.0018483,0.21168,0.0018483,0.21168,460.486,0,1.02816,0,0,2.55907,1.53091,1.028160,1,0,24.0749,0,0,0,24.0749,0
63.1675,2.60381,0,0,2.98934,0.17679,0.36288,3.6288,60.6368,0.461766,0,0,1.64329,0.278162,0,0.66528,12.849,1,0.528355,0.36288,0,85.7765,5.59923,80.0117,0.84672,12.849,0.84672,3695.15,0,0.0036966,1.42882e-05,5.74686,1.81423,5.33389,1.24936,11.6456,0.42336,0.0018483,0.21168,0.0018483,0.21168,460.486,0,1.02816,0,0,6.77502,5.74686,1.028160,1,0,91.6574,0,0,0,91.6574,0
63.6187,2.60351,0,0,3.59929,0.181765,0.36288,3.6288,61.308,0.46221,0,0,2.51755,0.280636,1.10351,0.66528,12.849,1,0.529584,0.36288,0,91.565,5.56574,85.8326,0.84672,12.849,0.84672,3695.15,0,0.0036966,1.40888e-05,8.05326,1.73811,7.17002,1.24801,15.7134,0.42336,0.0018483,0.21168,0.0018483,0.21168,460.486,0,1.02816,0,0,9.08142,8.05326,1.028160,1,0,102.649,0,0,0,102.649,0
63.3073,2.60741,0,0,2.84134,0.182433,0.36288,3.6288,61.308,0.462653,0,0,1.7431,0.281832,0.998618,0.66528,12.849,1,0.526616,0.36288,0,72.0602,5.56574,66.3307,0.84672,12.849,0.84672,3695.15,0,0.0036966,1.3948e-05,6.44311,1.73863,6.70322,1.24801,13.6369,0.42336,0.0018483,0.21168,0.0018483,0.21168,460.486,0,1.02816,0,0,7.47127,6.44311,1.028160,1,0,80.9663,0,0,0,80.9663,0
63.3657,2.60603,0,0,3.24393,0.216648,0.36288,3.6288,61.308,0.463096,0,0,1.66766,0.255717,0.948845,0.66528,12.849,1,0.528926,0.36288,0,60.2497,5.23413,54.8496,0.84672,12.849,0.84672,3695.15,0,0.0036966,1.39613e-05,6.1268,1.73914,8.25085,1.06348,15.0533,0.42336,0.0018483,0.21168,0.0018483,0.21168,460.486,0,1.02816,0,0,7.15496,6.1268,1.028160,1,0,70.8517,0,0,0,70.8517,0
66.451,2.53986,0,0,6.17518,0.187117,0.36288,3.6288,61.308,0.394908,0,0,2.73657,0.2702,2.07147,0.66528,12.849,1,0.515021,0.36288,0,100.901,5.10594,95.6424,0.84672,12.849,0.84672,3695.15,0,0.0036966,1.19056e-05,7.77147,1.73966,15.187,1.05294,23.6452,0.42336,0.0018483,0.21168,0.0018483,0.21168,460.486,0,1.02816,0,0,8.79963,7.77147,1.028160,1,0,121.359,0,0,0,121.359,0
67.1478,2.56066,0,0,3.85315,0.232769,0.36288,3.6288,61.308,0.39533,0,0,3.02682,0.237329,2.39416,0.66528,12.849,1,0.495131,0.36288,0,130.015,3.9564,125.926,0.84672,12.849,0.84672,3695.15,0,0.0036966,1.19183e-05,5.4356,1.67197,12.6387,0.960085,18.7861,0.42336,0.0018483,0.21168,0.0018483,0.21168,460.486,0,1.02816,0,0,6.46376,5.4356,1.028160,1,0,147.106,0,0,0,147.106,0
68.6368,2.56573,0,0,4.65168,0.234057,0.36288,3.6288,61.308,0.395753,0,0,3.04017,0.237329,2.40709,0.66528,12.849,1,0.490963,0.36288,0,67.31,3.9564,63.2255,0.84672,12.849,0.84672,3695.15,0,0.0036966,1.19311e-05,5.03134,1.67247,14.1731,0.960085,19.9169,0.42336,0.0018483,0.21168,0.0018483,0.21168,460.486,0,1.02816,0,0,6.0595,5.03134,1.028160,1,0,85.5495,0,0,0,85.5495,0
70.3305,2.57547,0,0,4.9062,0.274211,0.36288,3.6288,61.308,0.396176,0,0,2.63434,0.230457,2.0077,0.66528,12.849,1,0.482135,0.36288,0,82.1277,3.9781,78.0303,0.84672,12.849,0.84672,3695.15,0,0.0036966,1.19438e-05,3.58561,1.67296,8.62764,0.982042,12.9042,0.42336,0.0018483,0.21168,0.0018483,0.21168,460.486,0,1.02816,0,0,4.61377,3.58561,1.028160,1,0,92.9422,0,0,0,92.9422,0
72.29,2.3913,0,0,5.11129,0.280317,0.480147,3.6288,61.308,0.25349,0,0,3.12935,0.234011,2.64185,0.66528,12.849,1,0.436877,0.480147,0,117.8,4.16978,113.674,0.84672,12.849,0.84672,3695.15,0,0.0036966,7.64217e-06,5.6838,1.67346,13.7033,1.17561,19.8849,0.42336,0.0018483,0.21168,0.0018483,0.21168,460.486,0,1.02816,0,0,6.71196,5.6838,1.028160,1,0,136.201,0,0,0,136.201,0
72.29,2.40207,0,0,9.14198,0.271389,6.46853,3.6288,61.308,0.253871,0,0,4.41913,0.198455,3.9668,0.66528,12.849,1,0.426949,6.46853,0,260.114,4.16924,261.986,0.84672,12.849,0.84672,3695.15,0,0.0036966,7.65365e-06,7.16429,1.52022,18.2834,1.12593,25.8419,0.42336,0.0018483,0.21168,0.0018483,0.21168,460.486,0,1.02816,0,0,8.19245,7.16429,1.028160,1,0,291.795,0,0,0,291.795,0
72.29,2.40278,0,0,7.9094,0.271389,5.23523,3.6288,61.308,0.254252,0,0,3.61315,0.198455,3.16045,0.66528,12.849,1,0.427076,5.23523,0,190.43,4.16924,191.069,0.84672,12.849,0.84672,3695.15,0,0.0036966,7.66513e-06,4.49931,1.52067,21.0131,1.12593,25.9071,0.42336,0.0018483,0.21168,0.0018483,0.21168,460.486,0,1.02816,0,0,5.52747,4.49931,1.028160,1,0,220.136,0,0,0,220.136,0
72.29,2.40349,0,0,6.90379,0.271389,4.22891,3.6288,61.308,0.254633,0,0,3.47582,0.198455,3.02273,0.66528,12.849,1,0.427203,4.22891,0,175.39,4.16924,175.023,0.84672,12.849,0.84672,3695.15,0,0.0036966,7.6766e-06,4.4906,1.52112,15.0547,1.12593,19.9405,0.42336,0.0018483,0.21168,0.0018483,0.21168,460.486,0,1.02816,0,0,5.51876,4.4906,1.028160,1,0,197.986,0,0,0,197.986,0
72.29,2.40421,0,0,9.93781,0.259101,7.27451,3.6288,61.308,0.255014,0,0,3.65654,0.189154,3.21238,0.66528,12.849,1,0.42733,7.27451,0,189.421,3.84767,192.42,0.84672,12.849,0.84672,3695.15,0,0.0036966,7.68809e-06,4.51291,1.52158,20.1391,1.08576,25.0878,0.42336,0.0018483,0.21168,0.0018483,0.21168,460.486,0,1.02816,0,0,5.54107,4.51291,1.028160,1,0,220.72,0,0,0,220.72,0
72.29,2.48024,0,0,7.01165,0.275801,4.25561,3.6288,61.308,0.296885,0,0,3.43375,0.227868,2.909,0.66528,12.849,1,0.440844,4.25561,0,196.491,4.51203,195.794,0.84672,12.849,0.84672,3695.15,0,0.0036966,8.95042e-06,4.57218,1.52203,15.1393,1.2547,19.9788,0.42336,0.0018483,0.21168,0.0018483,0.21168,460.486,0,1.02816,0,0,5.60034,4.57218,1.028160,1,0,218.681,0,0,0,218.681,0
72.29,2.48095,0,0,6.10393,0.289034,3.33395,3.6288,61.308,0.297262,0,0,3.7311,0.248314,3.18552,0.66528,12.849,1,0.44097,3.33395,0,133.996,4.94928,131.94,0.84672,12.849,0.84672,3695.15,0,0.0036966,8.96178e-06,5.58916,1.57116,14.8079,1.3437,20.6245,0.42336,0.0018483,0.21168,0.0018483,0.21168,460.486,0,1.02816,0,0,6.61732,5.58916,1.028160,1,0,155.75,0,0,0,155.75,0
72.29,2.48165,0,0,14.5715,0.289034,11.8008,3.6288,61.308,0.297639,0,0,6.98882,0.248314,6.44287,0.66528,12.849,1,0.441095,11.8008,0,351.368,4.94928,357.779,0.84672,12.849,0.84672,3695.15,0,0.0036966,8.97315e-06,6.64563,1.57161,28.9837,1.3437,35.8573,0.42336,0.0018483,0.21168,0.0018483,0.21168,460.486,0,1.02816,0,0,7.67379,6.64563,1.028160,1,0,400.079,0,0,0,400.079,0
72.29,2.48236,0,0,7.17011,0.289034,4.39872,3.6288,61.308,0.298016,0,0,3.74521,0.248314,3.19888,0.66528,12.849,1,0.44122,4.39872,0,238.86,4.94928,237.868,0.84672,12.849,0.84672,3695.15,0,0.0036966,8.98451e-06,4.26038,1.57205,17.1558,1.3437,21.6446,0.42336,0.0018483,0.21168,0.0018483,0.21168,460.486,0,1.02816,0,0,5.28854,4.26038,1.028160,1,0,262.711,0,0,0,262.711,0
72.29,2.72526,0,0,6.24232,0.288804,3.22826,3.6288,61.308,0.454364,0,0,2.60023,0.237028,1.90884,0.66528,12.849,1,0.484394,3.22826,0,163.711,4.70736,161.747,0.84672,12.849,0.84672,3695.15,0,0.0036966,1.36981e-05,3.45044,1.5725,14.6443,1.22126,18.4459,0.42336,0.0018483,0.21168,0.0018483,0.21168,460.486,0,1.02816,0,0,4.4786,3.45044,1.028160,1,0,182.102,0,0,0,182.102,0
72.29,2.72603,0,0,10.232,0.30885,7.19712,3.6288,61.308,0.454785,0,0,5.78747,0.217325,5.11536,0.66528,12.849,1,0.484531,7.19712,0,245.083,4.15821,247.637,0.84672,12.849,0.84672,3695.15,0,0.0036966,1.37108e-05,6.58485,1.74691,28.4419,1.01111,35.7626,0.42336,0.0018483,0.21168,0.0018483,0.21168,460.486,0,1.02816,0,0,7.61301,6.58485,1.028160,1,0,288.515,0,0,0,288.515,0
72.29,2.72681,0,0,6.42487,0.30885,3.38921,3.6288,61.308,0.455207,0,0,4.81821,0.217325,4.14568,0.66528,12.849,1,0.484669,3.38921,0,210.974,4.15821,209.72,0.84672,12.849,0.84672,3695.15,0,0.0036966,1.37235e-05,6.99209,1.74741,22.7083,1.01111,30.4366,0.42336,0.0018483,0.21168,0.0018483,0.21168,460.486,0,1.02816,0,0,8.02025,6.99209,1.028160,1,0,244.303,0,0,0,244.303,0
72.29,2.72758,0,0,9.36377,0.294193,6.342,3.6288,61.308,0.455628,0,0,7.45312,0.237614,6.75988,0.66528,12.849,1,0.484807,6.342,0,347.885,4.19731,349.545,0.84672,12.849,0.84672,3695.15,0,0.0036966,1.37362e-05,9.74359,1.7479,28.26,1.04551,38.7059,0.42336,0.0018483,0.21168,0.0018483,0.21168,460.486,0,1.02816,0,0,10.7717,9.74359,1.028160,1,0,395.011,0,0,0,395.011,0
72.29,2.38252,0,0,6.08157,0.313018,3.38603,3.6288,61.308,0.246498,0,0,4.36835,0.216194,3.90566,0.66528,12.849,1,0.423475,3.38603,0,280.054,3.49469,279.522,0.84672,12.849,0.84672,3695.15,0,0.0036966,7.43135e-06,5.8402,1.7484,17.3167,0.924081,23.9812,0.42336,0.0018483,0.21168,0.0018483,0.21168,460.486,0,1.02816,0,0,6.86836,5.8402,1.028160,1,0,307.409,0,0,0,307.409,0
72.29,2.3832,0,0,7.57106,0.348341,4.83952,3.6288,61.308,0.24686,0,0,3.50386,0.193303,3.06369,0.66528,12.849,1,0.423595,4.83952,0,176.515,3.00552,177.926,0.84672,12.849,0.84672,3695.15,0,0.0036966,7.44228e-06,7.23157,1.51066,14.6373,0.79508,22.5844,0.42336,0.0018483,0.21168,0.0018483,0.21168,460.486,0,1.02816,0,0,8.25973,7.23157,1.028160,1,0,203.574,0,0,0,203.574,0
72.29,2.38388,0,0,7.20429,0.348341,4.47208,3.6288,61.308,0.247222,0,0,3.60681,0.193303,3.16629,0.66528,12.849,1,0.423716,4.47208,0,169.478,3.00552,170.521,0.84672,12.849,0.84672,3695.15,0,0.0036966,7.4532e-06,7.62553,1.51109,16.6565,0.79508,24.998,0.42336,0.0018483,0.21168,0.0018483,0.21168,460.486,0,1.02816,0,0,8.65369,7.62553,1.028160,1,0,198.685,0,0,0,198.685,0
72.29,2.38455,0,0,7.28058,0.348341,4.54769,3.6288,61.308,0.247585,0,0,3.18593,0.193303,2.74504,0.66528,12.849,1,0.423836,4.54769,0,159.458,3.00552,160.576,0.84672,12.849,0.84672,3695.15,0,0.0036966,7.46413e-06,6.86932,1.51152,13.631,0.79508,21.2167,0.42336,0.0018483,0.21168,0.0018483,0.21168,460.486,0,1.02816,0,0,7.89748,6.86932,1.028160,1,0,184.538,0,0,0,184.538,0
72.29,2.38523,0,0,8.83716,0.34417,6.10776,3.6288,61.308,0.247947,0,0,5.27653,0.199191,4.82939,0.66528,12.849,1,0.423957,6.10776,0,206.591,3.17395,209.101,0.84672,12.849,0.84672,3695.15,0,0.0036966,7.47505e-06,8.64268,1.51195,22.4916,0.819157,31.8271,0.42336,0.0018483,0.21168,0.0018483,0.21168,460.486,0,1.02816,0,0,9.67084,8.64268,1.028160,1,0,245.757,0,0,0,245.757,0
72.29,2.47308,0,0,6.3725,0.320422,3.579,3.6288,61.308,0.299647,0,0,3.85511,0.181213,3.37425,0.66528,12.849,1,0.439572,3.579,0,130.302,3.02609,130.416,0.84672,12.849,0.84672,3695.15,0,0.0036966,9.03369e-06,7.30197,1.51238,13.224,0.69738,21.3409,0.42336,0.0018483,0.21168,0.0018483,0.21168,460.486,0,1.02816,0,0,8.33013,7.30197,1.028160,1,0,155.131,0,0,0,155.131,0
72.29,2.47379,0,0,4.87019,0.320634,2.07577,3.6288,61.308,0.300024,0,0,3.12704,0.172329,2.65469,0.66528,12.849,1,0.439697,2.07577,0,89.5346,2.833,88.3377,0.84672,12.849,0.84672,3695.15,0,0.0036966,9.04506e-06,5.3496,1.57171,9.44577,0.653008,15.7141,0.42336,0.0018483,0.21168,0.0018483,0.21168,460.486,0,1.02816,0,0,6.37776,5.3496,1.028160,1,0,106.706,0,0,0,106.706,0
72.29,2.47449,0,0,4.44033,0.320634,1.64521,3.6288,61.308,0.300401,0,0,2.88448,0.172329,2.41175,0.66528,12.849,1,0.439822,1.64521,0,76.8226,2.833,75.1949,0.84672,12.849,0.84672,3695.15,0,0.0036966,9.05643e-06,4.84128,1.57216,7.83622,0.653008,13.5966,0.42336,0.0018483,0.21168,0.0018483,0.21168,460.486,0,1.02816,0,0,5.86944,4.84128,1.028160,1,0,91.2033,0,0,0,91.2033,0
72.29,2.47519,0,0,4.60163,0.289775,1.83666,3.6288,61.308,0.300779,0,0,2.99833,0.17635,2.5212,0.66528,12.849,1,0.439947,1.83666,0,93.3742,2.58667,92.1842,0.84672,12.849,0.84672,3695.15,0,0.0036966,9.06781e-06,6.4421,1.57261,8.70065,0.749772,15.9656,0.42336,0.0018483,0.21168,0.0018483,0.21168,460.486,0,1.02816,0,0,7.47026,6.4421,1.028160,1,0,110.671,0,0,0,110.671,0
72.29,2.44177,0,0,4.47437,0.247599,1.785,3.6288,61.308,0.281194,0,0,2.6564,0.182092,2.19312,0.66528,12.849,1,0.434006,1.785,0,86.1227,2.95632,84.5173,0.84672,12.849,0.84672,3695.15,0,0.0036966,8.47739e-06,4.75252,1.57305,9.19495,0.840579,14.6799,0.42336,0.0018483,0.21168,0.0018483,0.21168,460.486,0,1.02816,0,0,5.78068,4.75252,1.028160,1,0,101.39,0,0,0,101.39,0
72.29,2.44246,0,0,3.9703,0.210195,1.31764,3.6288,61.308,0.281566,0,0,2.36193,0.197575,1.88278,0.66528,12.849,1,0.434129,1.31764,0,88.8252,3.57493,86.1338,0.84672,12.849,0.84672,3695.15,0,0.0036966,8.4886e-06,4.29189,1.55055,7.92132,0.919213,12.8445,0.42336,0.0018483,0.21168,0.0018483,0.21168,460.486,0,1.02816,0,0,5.32005,4.29189,1.028160,1,0,100.861,0,0,0,100.861,0
72.29,2.44316,0,0,3.62289,0.197356,0.982377,3.6288,61.308,0.281938,0,0,2.09653,0.213147,1.60145,0.66528,12.849,1,0.434253,0.982377,0,67.1924,3.98906,63.7515,0.84672,12.849,0.84672,3695.15,0,0.0036966,8.49981e-06,3.80647,1.55099,6.71803,0.94938,11.1261,0.42336,0.0018483,0.21168,0.0018483,0.21168,460.486,0,1.02816,0,0,4.83463,3.80647,1.028160,1,0,76.479,0,0,0,76.479,0
72.29,2.44385,0,0,3.48567,0.197356,0.844463,3.6288,61.308,0.28231,0,0,1.98546,0.213147,1.49001,0.66528,12.849,1,0.434376,0.844463,0,60.0938,3.98906,56.5148,0.84672,12.849,0.84672,3695.15,0,0.0036966,8.51102e-06,3.62023,1.55143,6.57876,0.94938,10.801,0.42336,0.0018483,0.21168,0.0018483,0.21168,460.486,0,1.02816,0,0,4.64839,3.62023,1.028160,1,0,68.8059,0,0,0,68.8059,0
72.29,2.56051,0,0,3.30698,0.191662,0.554809,3.6288,61.308,0.353551,0,0,1.81171,0.21537,1.24279,0.66528,12.849,1,0.455111,0.554809,0,49.1041,4.03986,45.1639,0.84672,12.849,0.84672,3695.15,0,0.0036966,1.06588e-05,3.25532,1.55187,6.06668,0.9643,9.90955,0.42336,0.0018483,0.21168,0.0018483,0.21168,460.486,0,1.02816,0,0,4.28348,3.25532,1.028160,1,0,56.3162,0,0,0,56.3162,0
72.29,2.56123,0,0,3.25066,0.157029,0.532399,3.6288,61.308,0.353944,0,0,1.82873,0.221729,1.25306,0.66528,12.849,1,0.45524,0.532399,0,61.6133,4.13865,57.5518,0.84672,12.849,0.84672,3695.15,0,0.0036966,1.06706e-05,2.96079,1.63266,6.13237,1.06301,9.6628,0.42336,0.0018483,0.21168,0.0018483,0.21168,460.486,0,1.02816,0,0,3.98895,2.96079,1.028160,1,0,68.4677,0,0,0,68.4677,0
72.1035,2.56196,0,0,2.84858,0.110195,0.36288,3.6288,61.308,0.354336,0,0,1.45552,0.214982,0.886202,0.66528,12.849,1,0.455369,0.36288,0,53.3335,3.94863,49.2924,0.84672,12.849,0.84672,3695.15,0,0.0036966,1.06824e-05,2.8924,1.63312,5.60308,1.02579,9.10281,0.42336,0.0018483,0.21168,0.0018483,0.21168,460.486,0,1.02816,0,0,3.92056,2.8924,1.028160,1,0,59.2814,0,0,0,59.2814,0
71.8025,2.56169,0,0,2.72601,0.102439,0.36288,3.6288,61.308,0.354728,0,0,1.53039,0.216767,0.95889,0.66528,12.849,1,0.456498,0.36288,0,50.1105,4.00281,46.0141,0.84672,12.849,0.84672,3695.15,0,0.0036966,1.06943e-05,2.87043,1.63358,5.83731,1.01576,9.32556,0.42336,0.0018483,0.21168,0.0018483,0.21168,460.486,0,1.02816,0,0,3.89859,2.87043,1.028160,1,0,56.2986,0,0,0,56.2986,0
71.3809,2.56079,0,0,2.60422,0.102204,0.36288,3.6288,61.308,0.355121,0,0,1.53684,0.216767,0.964952,0.66528,12.849,1,0.458251,0.36288,0,47.0815,4.00281,42.9833,0.84672,12.849,0.84672,3695.15,0,0.0036966,1.07061e-05,2.69869,1.63405,5.61296,1.01576,8.92993,0.42336,0.0018483,0.21168,0.0018483,0.21168,460.486,0,1.02816,0,0,3.72685,2.69869,1.028160,1,0,52.8782,0,0,0,52.8782,0
71.3995,2.5363,0,0,3.01491,0.0970965,0.36288,3.6288,61.308,0.394519,0,0,1.45373,0.242407,0.816805,0.66528,12.849,1,0.45655,0.36288,0,51.9381,4.59384,47.2506,0.84672,12.849,0.84672,3695.15,0,0.0036966,1.18939e-05,1.97156,1.63451,6.54107,1.12102,9.02611,0.42336,0.0018483,0.21168,0.0018483,0.21168,460.486,0,1.02816,0,0,2.99972,1.97156,1.028160,1,0,57.0935,0,0,0,57.0935,0
71.3186,2.53712,0,0,2.91539,0.0963136,0.36288,3.6288,61.308,0.394923,0,0,1.37288,0.246681,0.731275,0.66528,12.849,1,0.456578,0.36288,0,52.8675,4.69234,48.0814,0.84672,12.849,0.84672,3695.15,0,0.0036966,1.1906e-05,1.64773,1.66004,7.07504,1.13857,9.24424,0.42336,0.0018483,0.21168,0.0018483,0.21168,460.486,0,1.02816,0,0,2.67589,1.64773,1.028160,1,0,58.0569,0,0,0,58.0569,0
70.9767,2.5374,0,0,2.65467,0.096254,0.36288,3.6288,61.308,0.395326,0,0,1.35899,0.246681,0.716978,0.66528,12.849,1,0.457147,0.36288,0,52.4585,4.69234,47.6718,0.84672,12.849,0.84672,3695.15,0,0.0036966,1.19182e-05,1.65156,1.66051,6.80927,1.13857,8.98277,0.42336,0.0018483,0.21168,0.0018483,0.21168,460.486,0,1.02816,0,0,2.67972,1.65156,1.028160,1,0,57.3716,0,0,0,57.3716,0
70.3835,2.53626,0,0,2.40187,0.0960025,0.36288,3.6288,61.308,0.39573,0,0,1.26122,0.246681,0.618804,0.66528,12.849,1,0.459142,0.36288,0,47.1083,4.69234,42.3197,0.84672,12.849,0.84672,3695.15,0,0.0036966,1.19304e-05,1.31916,1.66099,6.53063,1.13857,8.3722,0.42336,0.0018483,0.21168,0.0018483,0.21168,460.486,0,1.02816,0,0,2.34732,1.31916,1.028160,1,0,51.3107,0,0,0,51.3107,0
69.6944,2.59283,0,0,2.33558,0.0689598,0.36288,3.6288,61.308,0.430937,0,0,1.13579,0.312766,0.392086,0.66528,12.849,1,0.47334,0.36288,0,44.6037,5.66336,38.8299,0.84672,12.849,0.84672,3695.15,0,0.0036966,1.29918e-05,1.19262,1.66146,6.1098,1.45936,7.50451,0.42336,0.0018483,0.21168,0.0018483,0.21168,460.486,0,1.02816,0,0,2.22078,1.19262,1.028160,1,0,46.7265,0,0,0,46.7265,0
69.0843,2.58962,0,0,2.40841,0.065977,0.36288,3.6288,61.308,0.43135,0,0,1.02674,0.324096,0.271296,0.66528,12.849,1,0.477427,0.36288,0,42.7404,5.96999,36.6558,0.84672,12.849,0.84672,3695.15,0,0.0036966,1.30043e-05,1.05611,1.70192,5.94771,1.52642,7.17931,0.42336,0.0018483,0.21168,0.0018483,0.21168,460.486,0,1.02816,0,0,2.08427,1.05611,1.028160,1,0,44.1064,0,0,0,44.1064,0
68.2018,2.58679,0,0,2.1328,0.0656655,0.36288,3.6288,61.308,0.431764,0,0,0.964172,0.324096,0.208312,0.66528,12.849,1,0.481118,0.36288,0,40.2691,5.96999,34.1809,0.84672,12.849,0.84672,3695.15,0,0.0036966,1.30167e-05,0.912159,1.7024,5.88984,1.52642,6.97797,0.42336,0.0018483,0.21168,0.0018483,0.21168,460.486,0,1.02816,0,0,1.94032,0.912159,1.028160,1,0,41.3672,0,0,0,41.3672,0
67.1288,2.58229,0,0,1.93742,0.0652148,0.36288,3.6288,61.308,0.432178,0,0,0.938045,0.324096,0.18177,0.66528,12.849,1,0.486495,0.36288,0,37.9069,5.96999,31.8133,0.84672,12.849,0.84672,3695.15,0,0.0036966,1.30292e-05,0.786828,1.70289,5.6796,1.52642,6.64288,0.42336,0.0018483,0.21168,0.0018483,0.21168,460.486,0,1.02816,0,0,1.81499,0.786828,1.028160,1,0,38.6379,0,0,0,38.6379,0
65.6102,2.74856,0,0,1.64093,0.0480925,0.36288,3.6288,61.308,0.558354,0,0,0.932956,0.329754,0.0448474,0.66528,12.849,1,0.526097,0.36288,0,36.126,6.24678,29.716,0.84672,12.849,0.84672,3695.15,0,0.0036966,1.68331e-05,0.771232,1.70337,5.57337,1.52692,6.52104,0.42336,0.0018483,0.21168,0.0018483,0.21168,460.486,0,1.02816,0,0,1.79939,0.771232,1.028160,1,0,36.2819,0,0,0,36.2819,0
64.7974,2.73915,0,0,2.33471,0.0454465,0.36288,3.6288,61.308,0.558804,0,0,1.04316,0.343544,0.140811,0.66528,12.849,1,0.536432,0.36288,0,40.7903,6.04587,34.5709,0.84672,12.849,0.84672,3695.15,0,0.0036966,1.68467e-05,1.07581,1.83944,6.82963,1.59802,8.14683,0.42336,0.0018483,0.21168,0.0018483,0.21168,460.486,0,1.02816,0,0,2.10397,1.07581,1.028160,1,0,42.8585,0,0,0,42.8585,0
64.191,2.73431,0,0,2.53567,0.044934,0.36288,3.6288,61.308,0.559254,0,0,1.21031,0.332173,0.318882,0.66528,12.849,1,0.5422,0.36288,0,45.777,6.03781,39.5598,0.84672,12.849,0.84672,3695.15,0,0.0036966,1.68603e-05,1.5032,1.83996,6.389,1.60502,8.12713,0.42336,0.0018483,0.21168,0.0018483,0.21168,460.486,0,1.02816,0,0,2.53136,1.5032,1.028160,1,0,48.0058,0,0,0,48.0058,0
63.087,2.73082,0,0,2.03445,0.0447148,0.36288,3.6288,61.308,0.559703,0,0,0.951705,0.332173,0.0598282,0.66528,12.849,1,0.546623,0.36288,0,53.8438,6.03781,47.6222,0.84672,12.849,0.84672,3695.15,0,0.0036966,1.68738e-05,1.00245,1.84048,5.30725,1.60502,6.54514,0.42336,0.0018483,0.21168,0.0018483,0.21168,460.486,0,1.02816,0,0,2.03061,1.00245,1.028160,1,0,54.2272,0,0,0,54.2272,0
62.3656,2.72364,0,0,2.40945,0.0443157,0.36288,3.6288,61.308,0.560153,0,0,1.45275,0.332173,0.560421,0.66528,12.849,1,0.554727,0.36288,0,46.2154,6.03781,39.9857,0.84672,12.849,0.84672,3695.15,0,0.0036966,1.68874e-05,2.02647,1.841,7.17702,1.60502,9.43946,0.42336,0.0018483,0.21168,0.0018483,0.21168,460.486,0,1.02816,0,0,3.05463,2.02647,1.028160,1,0,49.9856,0,0,0,49.9856,0
61.7385,2.63613,0,0,2.41239,0.0404866,0.36288,3.6288,61.308,0.484162,0,0,0.833466,0.331598,0.0177062,0.66528,12.849,1,0.543114,0.36288,0,34.0651,5.58423,28.3006,0.84672,12.849,0.84672,3695.15,0,0.0036966,1.45964e-05,1.66675,1.84153,5.71603,1.54831,7.67598,0.42336,0.0018483,0.21168,0.0018483,0.21168,460.486,0,1.02816,0,0,2.69491,1.66675,1.028160,1,0,35.9943,0,0,0,35.9943,0
61.2668,2.63231,0,0,2.64476,0.121302,0.36288,3.6288,61.308,0.484591,0,0,0.938494,0.280838,0.173065,0.66528,12.849,1,0.547835,0.36288,0,26.6091,4.13217,22.292,0.84672,12.849,0.84672,3695.15,0,0.0036966,1.46093e-05,2.23265,1.76424,6.07713,1.22279,8.85121,0.42336,0.0018483,0.21168,0.0018483,0.21168,460.486,0,1.02816,0,0,3.26081,2.23265,1.028160,1,0,31.3163,0,0,0,31.3163,0
60.7963,2.62956,0,0,2.65124,0.129305,0.36288,3.6288,61.308,0.48502,0,0,1.04986,0.283857,0.280988,0.66528,12.849,1,0.551478,0.36288,0,30.3451,4.181,25.9756,0.84672,12.849,0.84672,3695.15,0,0.0036966,1.46223e-05,2.29087,1.76474,6.65349,1.25075,9.45833,0.42336,0.0018483,0.21168,0.0018483,0.21168,460.486,0,1.02816,0,0,3.31903,2.29087,1.028160,1,0,35.7149,0,0,0,35.7149,0
60.5247,2.62678,0,0,2.84691,0.128802,0.36288,3.6288,61.308,0.485448,0,0,1.10407,0.283857,0.334766,0.66528,12.849,1,0.555158,0.36288,0,44.5778,4.181,40.2045,0.84672,12.849,0.84672,3695.15,0,0.0036966,1.46352e-05,2.53297,1.76524,7.28784,1.25075,10.3353,0.42336,0.0018483,0.21168,0.0018483,0.21168,460.486,0,1.02816,0,0,3.56113,2.53297,1.028160,1,0,50.8746,0,0,0,50.8746,0
61.2002,2.55765,0,0,3.74903,0.152995,0.36288,3.6288,61.308,0.416218,0,0,1.72304,0.257045,1.04978,0.66528,12.849,1,0.542972,0.36288,0,115.696,4.30253,111.213,0.84672,12.849,0.84672,3695.15,0,0.0036966,1.2548e-05,3.37141,1.76574,15.862,1.22412,19.775,0.42336,0.0018483,0.21168,0.0018483,0.21168,460.486,0,1.02816,0,0,4.39957,3.37141,1.028160,1,0,132.038,0,0,0,132.038,0
68.3278,2.56333,0,0,10.2692,0.215412,0.36288,3.6288,61.308,0.416627,0,0,3.87144,0.190014,3.2648,0.66528,12.849,1,0.538172,0.36288,0,156.19,4.60635,151.409,0.84672,12.849,0.84672,3695.15,0,0.0036966,1.25604e-05,7.6554,1.69701,25.4458,1.15756,33.6406,0.42336,0.0018483,0.21168,0.0018483,0.21168,460.486,0,1.02816,0,0,8.68356,7.6554,1.028160,1,0,188.314,0,0,0,188.314,0
71.2024,2.61133,0,0,6.07699,0.228132,0.36288,3.6288,61.308,0.417036,0,0,2.16897,0.190014,1.56192,0.66528,12.849,1,0.491059,0.36288,0,106.481,4.60635,101.747,0.84672,12.849,0.84672,3695.15,0,0.0036966,1.25727e-05,3.64761,1.69749,10.6804,1.15756,14.8679,0.42336,0.0018483,0.21168,0.0018483,0.21168,460.486,0,1.02816,0,0,4.67577,3.64761,1.028160,1,0,118.176,0,0,0,118.176,0
72.29,2.62887,0,0,5.68941,0.233262,1.73968,3.6288,61.308,0.417445,0,0,2.0681,0.190014,1.46064,0.66528,12.849,1,0.474399,1.73968,0,76.2981,4.60635,72.957,0.84672,12.849,0.84672,3695.15,0,0.0036966,1.2585e-05,3.91243,1.69797,9.60975,1.15756,14.0626,0.42336,0.0018483,0.21168,0.0018483,0.21168,460.486,0,1.02816,0,0,4.94059,3.91243,1.028160,1,0,88.4803,0,0,0,88.4803,0
72.29,2.43718,0,0,7.20711,0.230238,4.53969,3.6288,61.308,0.27261,0,0,2.82069,0.251042,2.29704,0.66528,12.849,1,0.43319,4.53969,0,106.752,4.5687,106.289,0.84672,12.849,0.84672,3695.15,0,0.0036966,8.21859e-06,5.06873,1.69845,11.0809,1.25211,16.5959,0.42336,0.0018483,0.21168,0.0018483,0.21168,460.486,0,1.02816,0,0,6.09689,5.06873,1.028160,1,0,125.182,0,0,0,125.182,0
72.29,2.43787,0,0,9.35794,0.268173,6.6519,3.6288,61.308,0.272978,0,0,4.19195,0.156545,3.76242,0.66528,12.849,1,0.433313,6.6519,0,149.863,3.9355,152.146,0.84672,12.849,0.84672,3695.15,0,0.0036966,8.22969e-06,4.54874,1.5429,21.3157,0.838906,26.5685,0.42336,0.0018483,0.21168,0.0018483,0.21168,460.486,0,1.02816,0,0,5.5769,4.54874,1.028160,1,0,182.477,0,0,0,182.477,0
72.29,2.43856,0,0,10.9712,0.268173,8.26451,3.6288,61.308,0.273347,0,0,5.85217,0.156545,5.42228,0.66528,12.849,1,0.433435,8.26451,0,249.523,3.9355,253.419,0.84672,12.849,0.84672,3695.15,0,0.0036966,8.24079e-06,5.95414,1.54334,26.9102,0.838906,33.5688,0.42336,0.0018483,0.21168,0.0018483,0.21168,460.486,0,1.02816,0,0,6.9823,5.95414,1.028160,1,0,292.41,0,0,0,292.41,0
72.29,2.43925,0,0,8.9716,0.270158,6.2622,3.6288,61.308,0.273715,0,0,5.21829,0.180649,4.76393,0.66528,12.849,1,0.433558,6.2622,0,163.847,4.29681,165.379,0.84672,12.849,0.84672,3695.15,0,0.0036966,8.2519e-06,5.02717,1.54377,20.9049,0.98141,26.4944,0.42336,0.0018483,0.21168,0.0018483,0.21168,460.486,0,1.02816,0,0,6.05533,5.02717,1.028160,1,0,196.637,0,0,0,196.637,0
72.29,2.43994,0,0,13.2747,0.272804,10.5619,3.6288,61.308,0.274083,0,0,4.99162,0.212788,4.50475,0.66528,12.849,1,0.433681,10.5619,0,194.734,4.77855,200.084,0.84672,12.849,0.84672,3695.15,0,0.0036966,8.263e-06,6.94227,1.54421,27.2431,1.17141,34.5582,0.42336,0.0018483,0.21168,0.0018483,0.21168,460.486,0,1.02816,0,0,7.97043,6.94227,1.028160,1,0,239.147,0,0,0,239.147,0
72.29,2.51707,0,0,7.18284,0.298785,4.36698,3.6288,61.308,0.316559,0,0,3.04666,0.214891,2.51521,0.66528,12.849,1,0.44739,4.36698,0,122.822,4.78443,121.957,0.84672,12.849,0.84672,3695.15,0,0.0036966,9.54356e-06,5.44574,1.54465,16.9462,1.18862,22.7479,0.42336,0.0018483,0.21168,0.0018483,0.21168,460.486,0,1.02816,0,0,6.4739,5.44574,1.028160,1,0,147.22,0,0,0,147.22,0
72.29,2.51775,0,0,7.1791,0.293693,4.36765,3.6288,61.308,0.316924,0,0,2.60464,0.197865,2.08985,0.66528,12.849,1,0.447511,4.36765,0,114.706,4.1457,114.481,0.84672,12.849,0.84672,3695.15,0,0.0036966,9.55457e-06,2.87372,1.59449,13.0406,1.12117,16.3876,0.42336,0.0018483,0.21168,0.0018483,0.21168,460.486,0,1.02816,0,0,3.90188,2.87372,1.028160,1,0,132.958,0,0,0,132.958,0
72.29,2.51844,0,0,5.1107,0.289597,2.30267,3.6288,61.308,0.317289,0,0,1.84511,0.194765,1.33305,0.66528,12.849,1,0.447633,2.30267,0,163.545,4.03851,161.361,0.84672,12.849,0.84672,3695.15,0,0.0036966,9.56557e-06,2.13834,1.59492,8.41277,1.10778,11.0382,0.42336,0.0018483,0.21168,0.0018483,0.21168,460.486,0,1.02816,0,0,3.1665,2.13834,1.028160,1,0,173.733,0,0,0,173.733,0
72.29,2.51912,0,0,4.01935,0.289597,1.21064,3.6288,61.308,0.317654,0,0,3.0189,0.194765,2.50648,0.66528,12.849,1,0.447754,1.21064,0,104.541,4.03851,101.266,0.84672,12.849,0.84672,3695.15,0,0.0036966,9.57658e-06,3.87971,1.59535,10.907,1.10778,15.2742,0.42336,0.0018483,0.21168,0.0018483,0.21168,460.486,0,1.02816,0,0,4.90787,3.87971,1.028160,1,0,119.047,0,0,0,119.047,0
72.29,2.76558,0,0,3.7115,0.285654,0.66027,3.6288,61.308,0.476298,0,0,2.02414,0.194943,1.3529,0.66528,12.849,1,0.491561,0.66027,0,95.6543,4.10085,91.7222,0.84672,12.849,0.84672,3695.15,0,0.0036966,1.43593e-05,2.36104,1.59579,8.30796,1.02032,11.2445,0.42336,0.0018483,0.21168,0.0018483,0.21168,460.486,0,1.02816,0,0,3.3892,2.36104,1.028160,1,0,104.32,0,0,0,104.32,0
72.29,2.76633,0,0,4.31095,0.330045,1.21457,3.6288,61.308,0.476706,0,0,1.42619,0.17867,0.770811,0.66528,12.849,1,0.491694,1.21457,0,85.0694,3.30393,82.4884,0.84672,12.849,0.84672,3695.15,0,0.0036966,1.43716e-05,1.5143,1.77276,5.04026,0.831815,7.49548,0.42336,0.0018483,0.21168,0.0018483,0.21168,460.486,0,1.02816,0,0,2.54246,1.5143,1.028160,1,0,90.7547,0,0,0,90.7547,0
72.29,2.76708,0,0,3.84689,0.330045,0.749766,3.6288,61.308,0.477114,0,0,1.45695,0.17867,0.801161,0.66528,12.849,1,0.491827,0.749766,0,80.5395,3.30393,77.4935,0.84672,12.849,0.84672,3695.15,0,0.0036966,1.43839e-05,1.52319,1.77324,5.04035,0.831815,7.50495,0.42336,0.0018483,0.21168,0.0018483,0.21168,460.486,0,1.02816,0,0,2.55135,1.52319,1.028160,1,0,85.7996,0,0,0,85.7996,0
72.29,2.76783,0,0,4.0534,0.306642,0.978924,3.6288,61.308,0.477523,0,0,1.51599,0.206495,0.831974,0.66528,12.849,1,0.491961,0.978924,0,81.2981,4.47507,77.31,0.84672,12.849,0.84672,3695.15,0,0.0036966,1.43962e-05,1.63787,1.77372,5.61397,1.23087,7.79467,0.42336,0.0018483,0.21168,0.0018483,0.21168,460.486,0,1.02816,0,0,2.66603,1.63787,1.028160,1,0,85.9366,0,0,0,85.9366,0
72.29,2.41765,0,0,4.30607,0.281928,1.6065,3.6288,61.308,0.265289,0,0,1.46626,0.207009,0.993962,0.66528,12.849,1,0.429718,1.6065,0,82.8697,4.14111,79.9054,0.84672,12.849,0.84672,3695.15,0,0.0036966,7.99787e-06,1.88012,1.7742,6.14694,1.04364,8.75761,0.42336,0.0018483,0.21168,0.0018483,0.21168,460.486,0,1.02816,0,0,2.90828,1.88012,1.028160,1,0,89.6569,0,0,0,89.6569,0
72.29,2.4183,0,0,4.73755,0.311451,2.0078,3.6288,61.308,0.26564,0,0,1.11089,0.18746,0.657789,0.66528,12.849,1,0.429835,2.0078,0,57.1014,3.59562,55.0838,0.84672,12.849,0.84672,3695.15,0,0.0036966,8.00844e-06,1.53892,1.53293,4.94545,0.836162,7.18113,0.42336,0.0018483,0.21168,0.0018483,0.21168,460.486,0,1.02816,0,0,2.56708,1.53892,1.028160,1,0,62.9227,0,0,0,62.9227,0
72.29,2.41896,0,0,4.17492,0.311451,1.44451,3.6288,61.308,0.26599,0,0,1.3563,0.18746,0.902849,0.66528,12.849,1,0.429951,1.44451,0,69.5148,3.59562,66.9337,0.84672,12.849,0.84672,3695.15,0,0.0036966,8.01902e-06,1.88318,1.53335,6.08398,0.836162,8.66434,0.42336,0.0018483,0.21168,0.0018483,0.21168,460.486,0,1.02816,0,0,2.91134,1.88318,1.028160,1,0,76.5009,0,0,0,76.5009,0
72.29,2.41961,0,0,6.38649,0.311451,3.65543,3.6288,61.308,0.266341,0,0,1.61759,0.18746,1.16379,0.66528,12.849,1,0.430068,3.65543,0,122.227,3.59562,121.856,0.84672,12.849,0.84672,3695.15,0,0.0036966,8.0296e-06,2.18551,1.53376,7.59923,0.836162,10.4823,0.42336,0.0018483,0.21168,0.0018483,0.21168,460.486,0,1.02816,0,0,3.21367,2.18551,1.028160,1,0,133.502,0,0,0,133.502,0
72.29,2.42027,0,0,7.68433,0.311451,4.95261,3.6288,61.308,0.266692,0,0,1.45539,0.18746,1.00124,0.66528,12.849,1,0.430184,4.95261,0,126.64,3.59562,127.567,0.84672,12.849,0.84672,3695.15,0,0.0036966,8.04018e-06,2.34955,1.53418,8.44482,0.836162,11.4924,0.42336,0.0018483,0.21168,0.0018483,0.21168,460.486,0,1.02816,0,0,3.37771,2.34955,1.028160,1,0,140.06,0,0,0,140.06,0
72.29,2.50938,0,0,6.67151,0.321832,3.84029,3.6288,61.308,0.319134,0,0,1.33321,0.186275,0.827803,0.66528,12.849,1,0.446023,3.84029,0,111.708,3.58785,111.515,0.84672,12.849,0.84672,3695.15,0,0.0036966,9.62118e-06,2.12858,1.5346,9.65235,0.885262,12.4302,0.42336,0.0018483,0.21168,0.0018483,0.21168,460.486,0,1.02816,0,0,3.15674,2.12858,1.028160,1,0,124.773,0,0,0,124.773,0
72.29,2.51006,0,0,5.11957,0.3303,2.27921,3.6288,61.308,0.319499,0,0,1.35452,0.162479,0.87254,0.66528,12.849,1,0.446144,2.27921,0,104.15,3.06642,102.917,0.84672,12.849,0.84672,3695.15,0,0.0036966,9.63219e-06,2.34586,1.59478,7.98967,0.763617,11.1667,0.42336,0.0018483,0.21168,0.0018483,0.21168,460.486,0,1.02816,0,0,3.37402,2.34586,1.028160,1,0,114.956,0,0,0,114.956,0
72.29,2.51074,0,0,3.88669,0.3303,1.04565,3.6288,61.308,0.319864,0,0,1.10383,0.162479,0.621486,0.66528,12.849,1,0.446265,1.04565,0,70.8273,3.06642,68.3602,0.84672,12.849,0.84672,3695.15,0,0.0036966,9.6432e-06,1.59834,1.59521,5.76444,0.763617,8.19437,0.42336,0.0018483,0.21168,0.0018483,0.21168,460.486,0,1.02816,0,0,2.6265,1.59834,1.028160,1,0,77.1761,0,0,0,77.1761,0
72.29,2.51142,0,0,3.49491,0.3303,0.653185,3.6288,61.308,0.32023,0,0,0.993159,0.162479,0.51045,0.66528,12.849,1,0.446386,0.653185,0,59.0581,3.06642,56.1985,0.84672,12.849,0.84672,3695.15,0,0.0036966,9.65422e-06,1.33556,1.59565,4.7507,0.763617,6.91828,0.42336,0.0018483,0.21168,0.0018483,0.21168,460.486,0,1.02816,0,0,2.36372,1.33556,1.028160,1,0,63.6272,0,0,0,63.6272,0
72.29,2.47748,0,0,3.48064,0.309277,0.693886,3.6288,61.308,0.300342,0,0,1.02833,0.142688,0.585303,0.66528,12.849,1,0.440353,0.693886,0,64.052,2.664,61.6416,0.84672,12.849,0.84672,3695.15,0,0.0036966,9.05463e-06,1.46715,1.59608,4.90158,0.783786,7.18101,0.42336,0.0018483,0.21168,0.0018483,0.21168,460.486,0,1.02816,0,0,2.49531,1.46715,1.028160,1,0,69.4079,0,0,0,69.4079,0
72.29,2.47815,0,0,3.69943,0.259534,0.961748,3.6288,61.308,0.300702,0,0,1.14394,0.162508,0.680726,0.66528,12.849,1,0.440472,0.961748,0,61.87,2.95608,59.4352,0.84672,12.849,0.84672,3695.15,0,0.0036966,9.06548e-06,0.984969,1.57322,5.16639,0.913632,6.81094,0.42336,0.0018483,0.21168,0.0018483,0.21168,460.486,0,1.02816,0,0,2.01313,0.984969,1.028160,1,0,66.9269,0,0,0,66.9269,0
72.29,2.47882,0,0,3.17586,0.241249,0.455787,3.6288,61.308,0.301062,0,0,1.1447,0.182243,0.661401,0.66528,12.849,1,0.440592,0.455787,0,52.5939,3.2109,49.3982,0.84672,12.849,0.84672,3695.15,0,0.0036966,9.07634e-06,0.932515,1.57365,4.75081,0.984918,6.27204,0.42336,0.0018483,0.21168,0.0018483,0.21168,460.486,0,1.02816,0,0,1.96068,0.932515,1.028160,1,0,56.3317,0,0,0,56.3317,0
72.2669,2.47949,0,0,3.06053,0.241249,0.36288,3.6288,61.308,0.301422,0,0,1.10414,0.182243,0.620476,0.66528,12.849,1,0.440711,0.36288,0,55.3251,3.2109,52.0364,0.84672,12.849,0.84672,3695.15,0,0.0036966,9.08719e-06,0.938762,1.57407,4.70136,0.984918,6.22927,0.42336,0.0018483,0.21168,0.0018483,0.21168,460.486,0,1.02816,0,0,1.96692,0.938762,1.028160,1,0,58.8861,0,0,0,58.8861,0
71.9055,2.59769,0,0,2.83561,0.236458,0.36288,3.6288,61.308,0.373684,0,0,0.992166,0.188766,0.429716,0.66528,12.849,1,0.461867,0.36288,0,45.9208,3.2505,42.5713,0.84672,12.849,0.84672,3695.15,0,0.0036966,1.12657e-05,0.640181,1.5745,4.1539,0.91043,5.45814,0.42336,0.0018483,0.21168,0.0018483,0.21168,460.486,0,1.02816,0,0,1.66834,0.640181,1.028160,1,0,48.4592,0,0,0,48.4592,0
71.3985,2.59642,0,0,2.6518,0.199531,0.36288,3.6288,61.308,0.374063,0,0,1.12462,0.201192,0.549361,0.66528,12.849,1,0.463962,0.36288,0,46.937,4.4099,42.426,0.84672,12.849,0.84672,3695.15,0,0.0036966,1.12772e-05,0.625052,1.65645,3.6552,1.1005,4.83618,0.42336,0.0018483,0.21168,0.0018483,0.21168,460.486,0,1.02816,0,0,1.65321,0.625052,1.028160,1,0,47.8115,0,0,0,47.8115,0
70.6955,2.59433,0,0,2.42119,0.166899,0.36288,3.6288,61.308,0.374443,0,0,0.898344,0.183893,0.340008,0.66528,12.849,1,0.466881,0.36288,0,42.6104,3.90547,38.6009,0.84672,12.849,0.84672,3695.15,0,0.0036966,1.12886e-05,0.617319,1.6569,3.39397,1.09252,4.57565,0.42336,0.0018483,0.21168,0.0018483,0.21168,460.486,0,1.02816,0,0,1.64548,0.617319,1.028160,1,0,43.5166,0,0,0,43.5166,0
69.8381,2.59111,0,0,2.23999,0.143446,0.36288,3.6288,61.308,0.374823,0,0,0.913239,0.189248,0.349168,0.66528,12.849,1,0.470937,0.36288,0,38.6022,4.06801,34.4262,0.84672,12.849,0.84672,3695.15,0,0.0036966,1.13001e-05,0.620525,1.65734,3.34887,1.06243,4.5643,0.42336,0.0018483,0.21168,0.0018483,0.21168,460.486,0,1.02816,0,0,1.64868,0.620525,1.028160,1,0,39.3396,0,0,0,39.3396,0
68.916,2.58692,0,0,2.17022,0.142501,0.36288,3.6288,61.308,0.375203,0,0,0.956949,0.189248,0.392498,0.66528,12.849,1,0.475949,0.36288,0,36.6282,4.06801,32.4472,0.84672,12.849,0.84672,3695.15,0,0.0036966,1.13115e-05,0.560529,1.65779,3.47631,1.06243,4.63219,0.42336,0.0018483,0.21168,0.0018483,0.21168,460.486,0,1.02816,0,0,1.58869,0.560529,1.028160,1,0,37.4718,0,0,0,37.4718,0
67.6896,2.55913,0,0,1.81596,0.120367,0.36288,3.6288,61.308,0.415155,0,0,0.838477,0.22223,0.201093,0.66528,12.849,1,0.477134,0.36288,0,28.5849,4.59931,23.8714,0.84672,12.849,0.84672,3695.15,0,0.0036966,1.2516e-05,0.516853,1.65824,2.8554,1.19213,3.83835,0.42336,0.0018483,0.21168,0.0018483,0.21168,460.486,0,1.02816,0,0,1.54501,0.516853,1.028160,1,0,27.9108,0,0,0,27.9108,0
66.2668,2.55255,0,0,1.60345,0.110851,0.36288,3.6288,61.308,0.415545,0,0,0.776114,0.235422,0.125146,0.66528,12.849,1,0.484531,0.36288,0,25.5105,4.81183,20.5771,0.84672,12.849,0.84672,3695.15,0,0.0036966,1.25278e-05,0.480099,1.68412,2.85905,1.24401,3.77925,0.42336,0.0018483,0.21168,0.0018483,0.21168,460.486,0,1.02816,0,0,1.50826,0.480099,1.028160,1,0,24.4815,0,0,0,24.4815,0
64.7098,2.54452,0,0,1.46003,0.109611,0.36288,3.6288,61.308,0.415936,0,0,0.768277,0.235422,0.116919,0.66528,12.849,1,0.493378,0.36288,0,25.3134,4.81183,20.3711,0.84672,12.849,0.84672,3695.15,0,0.0036966,1.25396e-05,0.48225,1.68458,2.75169,1.24401,3.6745,0.42336,0.0018483,0.21168,0.0018483,0.21168,460.486,0,1.02816,0,0,1.51041,0.48225,1.028160,1,0,24.1625,0,0,0,24.1625,0
63.0243,2.5353,0,0,1.321,0.108254,0.36288,3.6288,61.308,0.416327,0,0,0.712999,0.235422,0.0612493,0.66528,12.849,1,0.503419,0.36288,0,22.7317,4.81183,17.7793,0.84672,12.849,0.84672,3695.15,0,0.0036966,1.25513e-05,0.294901,1.68503,2.63913,1.24401,3.37504,0.42336,0.0018483,0.21168,0.0018483,0.21168,460.486,0,1.02816,0,0,1.32306,0.294901,1.028160,1,0,21.2156,0,0,0,21.2156,0
61.3131,2.58373,0,0,1.31551,0.0801698,0.36288,3.6288,61.2912,0.452024,0,0,0.734322,0.299137,0,0.66528,12.849,1,0.526754,0.36288,0,22.1277,5.64701,16.3169,0.84672,12.849,0.84672,3695.15,0,0.0036966,1.36275e-05,0.366284,1.68549,2.54931,1.50027,3.1008,0.42336,0.0018483,0.21168,0.0018483,0.21168,460.486,0,1.02816,0,0,1.39444,0.366284,1.028160,1,0,19.4176,0,0,0,19.4176,0
59.7545,2.57227,0,0,1.45113,0.0745383,0.36288,3.6288,61.308,0.452424,0,0,0.869927,0.304825,0.0958394,0.66528,12.849,1,0.539054,0.36288,0,23.3642,5.75883,17.4292,0.84672,12.849,0.84672,3695.15,0,0.0036966,1.36433e-05,0.520508,1.72652,2.60184,1.41961,3.42924,0.42336,0.0018483,0.21168,0.0018483,0.21168,460.486,0,1.02816,0,0,1.54867,0.520508,1.028160,1,0,20.9543,0,0,0,20.9543,0
58.062,2.56139,0,0,1.30525,0.0735279,0.36288,3.6288,61.308,0.452825,0,0,0.815988,0.304857,0.0583054,0.66528,12.849,1,0.550774,0.36288,0,22.0196,5.75883,16.0729,0.84672,12.849,0.84672,3695.15,0,0.0036966,1.36517e-05,0.471044,1.72699,2.65614,1.41961,3.43455,0.42336,0.0018483,0.21168,0.0018483,0.21168,460.486,0,1.02816,0,0,1.4992,0.471044,1.028160,1,0,19.5658,0,0,0,19.5658,0
56.2657,2.54893,0,0,1.18784,0.072335,0.36288,3.6288,61.308,0.453225,0,0,0.78281,0.304857,0.0247271,0.66528,12.849,1,0.564073,0.36288,0,20.682,5.75883,14.722,0.84672,12.849,0.84672,3695.15,0,0.0036966,1.36637e-05,0.329417,1.72745,2.46933,1.41961,3.10657,0.42336,0.0018483,0.21168,0.0018483,0.21168,460.486,0,1.02816,0,0,1.35758,0.329417,1.028160,1,0,17.8533,0,0,0,17.8533,0
54.1689,2.70425,0,0,1.02786,0.0574752,0.36288,3.6288,61.1944,0.581199,0,0,0.779544,0.311924,0,0.66528,12.849,1,0.617551,0.36288,0,19.733,6.00065,13.4777,0.84672,12.849,0.84672,3695.15,0,0.0036966,1.75219e-05,0.314539,1.72792,2.5023,1.44966,3.09508,0.42336,0.0018483,0.21168,0.0018483,0.21168,460.486,0,1.02816,0,0,1.3427,0.314539,1.028160,1,0,16.5727,0,0,0,16.5727,0
52.0201,2.68565,0,0,0.961995,0.0623403,0.36288,3.6288,61.1353,0.581634,0,0,0.844525,0.322042,0,0.66528,12.849,1,0.637043,0.36288,0,20.3437,5.72223,14.3474,0.84672,12.849,0.84672,3695.15,0,0.0036966,1.75675e-05,0.327629,1.86593,2.3435,1.47045,3.06659,0.42336,0.0018483,0.21168,0.0018483,0.21168,460.486,0,1.02816,0,0,1.35579,0.327629,1.028160,1,0,17.4139,0,0,0,17.4139,0
49.7959,2.66527,0,0,0.864622,0.0606303,0.36288,3.6288,60.9959,0.58207,0,0,0.768372,0.325642,0,0.66528,12.849,1,0.658324,0.36288,0,18.4733,5.69572,12.4821,0.84672,12.849,0.84672,3695.15,0,0.0036966,1.75977e-05,0.255485,1.86643,2.27852,1.49615,2.90427,0.42336,0.0018483,0.21168,0.0018483,0.21168,460.486,0,1.02816,0,0,1.28364,0.255485,1.028160,1,0,15.3864,0,0,0,15.3864,0
47.6703,2.64261,0,0,0.939142,0.0592341,0.36288,3.6288,60.8656,0.582505,0,0,0.777488,0.325354,0,0.66528,12.849,1,0.681881,0.36288,0,17.6555,5.69572,11.6408,0.84672,12.849,0.84672,3695.15,0,0.0036966,1.76511e-05,0.265032,1.86694,2.42015,1.49615,3.05595,0.42336,0.0018483,0.21168,0.0018483,0.21168,460.486,0,1.02816,0,0,1.29319,0.265032,1.028160,1,0,14.6967,0,0,0,14.6967,0
46.0685,2.61936,0,0,1.45057,0.0700959,0.36288,3.6288,60.8959,0.58294,0,0,0.935168,0.321877,0,0.66528,12.849,1,0.70602,0.36288,0,28.5167,5.60667,22.5669,0.84672,12.849,0.84672,3695.15,0,0.0036966,1.77021e-05,0.522011,1.86744,2.55765,1.48523,3.46185,0.42336,0.0018483,0.21168,0.0018483,0.21168,460.486,0,1.02816,0,0,1.55017,0.522011,1.028160,1,0,26.0287,0,0,0,26.0287,0
45.2198,2.52151,0,0,2.0727,0.0370077,0.36288,3.6288,61.269,0.50584,0,0,1.22647,0.347543,0,0.66528,12.849,1,0.703277,0.36288,0,30.7444,6.31908,24.0849,0.84672,12.849,0.84672,3695.15,0,0.0036966,1.53531e-05,0.789748,1.86795,4.11074,1.60838,5.16004,0.42336,0.0018483,0.21168,0.0018483,0.21168,460.486,0,1.02816,0,0,1.81791,0.789748,1.028160,1,0,29.245,0,0,0,29.245,0
44.0122,2.51191,0,0,1.75986,0.0927486,0.36288,3.6288,61.308,0.506254,0,0,1.27225,0.295556,0.431432,0.66528,12.849,1,0.713748,0.36288,0,29.5809,4.98371,24.2464,0.84672,12.849,0.84672,3695.15,0,0.0036966,1.52722e-05,0.981461,1.78952,4.55796,1.23601,6.09292,0.42336,0.0018483,0.21168,0.0018483,0.21168,460.486,0,1.02816,0,0,2.00962,0.981461,1.028160,1,0,30.7707,0,0,0,30.7707,0
43.0534,2.49743,0,0,2.02137,0.119803,0.36288,3.6288,61.308,0.506669,0,0,1.73635,0.288677,0.941009,0.66528,12.849,1,0.729104,0.36288,0,29.8935,4.76333,24.764,0.84672,12.849,0.84672,3695.15,0,0.0036966,1.5275e-05,1.45715,1.79001,6.32075,1.21095,8.35695,0.42336,0.0018483,0.21168,0.0018483,0.21168,460.486,0,1.02816,0,0,2.48531,1.45715,1.028160,1,0,34.0619,0,0,0,34.0619,0
42.0219,2.48559,0,0,1.9354,0.118493,0.36288,3.6288,61.308,0.507084,0,0,1.70303,0.288677,0.907269,0.66528,12.849,1,0.741808,0.36288,0,39.8577,4.76333,34.7155,0.84672,12.849,0.84672,3695.15,0,0.0036966,1.52875e-05,1.38945,1.79049,6.31918,1.21095,8.28816,0.42336,0.0018483,0.21168,0.0018483,0.21168,460.486,0,1.02816,0,0,2.41761,1.38945,1.028160,1,0,43.9109,0,0,0,43.9109,0
41.3236,2.40845,0,0,2.19901,0.125961,0.36288,3.6288,61.308,0.436845,0,0,2.10756,0.278966,1.39175,0.66528,12.849,1,0.73643,0.36288,0,73.274,4.66674,68.2337,0.84672,12.849,0.84672,3695.15,0,0.0036966,1.31699e-05,1.86075,1.79098,8.4354,1.17249,10.9146,0.42336,0.0018483,0.21168,0.0018483,0.21168,460.486,0,1.02816,0,0,2.88891,1.86075,1.028160,1,0,80.5401,0,0,0,80.5401,0
43.1481,2.3996,0,0,4.76473,0.177765,0.36288,3.6288,61.308,0.437241,0,0,2.78408,0.220699,2.12614,0.66528,12.849,1,0.746123,0.36288,0,91.7974,4.08723,87.3269,0.84672,12.849,0.84672,3695.15,0,0.0036966,1.31818e-05,4.13874,1.72124,14.9413,0.941745,19.8596,0.42336,0.0018483,0.21168,0.0018483,0.21168,460.486,0,1.02816,0,0,5.1669,4.13874,1.028160,1,0,109.313,0,0,0,109.313,0
43.017,2.42457,0,0,2.83801,0.181582,0.36288,3.6288,61.308,0.437637,0,0,1.33745,0.220699,0.679119,0.66528,12.849,1,0.722009,0.36288,0,57.0837,4.08723,52.6373,0.84672,12.849,0.84672,3695.15,0,0.0036966,1.31938e-05,1.3682,1.72171,8.08898,0.941745,10.2371,0.42336,0.0018483,0.21168,0.0018483,0.21168,460.486,0,1.02816,0,0,2.39636,1.3682,1.028160,1,0,63.5536,0,0,0,63.5536,0
45.2033,2.42353,0,0,5.15826,0.185596,0.36288,3.6288,61.308,0.438033,0,0,2.1107,0.227141,1.44553,0.66528,12.849,1,0.723898,0.36288,0,104.883,4.22498,100.297,0.84672,12.849,0.84672,3695.15,0,0.0036966,1.32057e-05,2.00543,1.72217,13.7721,0.980591,16.5191,0.42336,0.0018483,0.21168,0.0018483,0.21168,460.486,0,1.02816,0,0,3.03359,2.00543,1.028160,1,0,118.261,0,0,0,118.261,0
46.9358,2.26684,0,0,4.57886,0.216652,0.36288,3.6288,61.308,0.291118,0,0,2.7706,0.265791,2.21369,0.66528,12.849,1,0.644346,0.36288,0,94.7747,5.05145,89.4418,0.84672,12.849,0.84672,3695.15,0,0.0036966,8.77657e-06,4.05828,1.72264,15.7014,1.21366,20.2686,0.42336,0.0018483,0.21168,0.0018483,0.21168,460.486,0,1.02816,0,0,5.08644,4.05828,1.028160,1,0,111.924,0,0,0,111.924,0
47.8699,2.28613,0,0,3.78701,0.203891,0.36288,3.6288,61.308,0.291475,0,0,3.24091,0.214171,2.73526,0.66528,12.849,1,0.625843,0.36288,0,85.2803,4.75363,80.2637,0.84672,12.849,0.84672,3695.15,0,0.0036966,8.78731e-06,2.54599,1.56485,10.777,1.08744,13.8004,0.42336,0.0018483,0.21168,0.0018483,0.21168,460.486,0,1.02816,0,0,3.57415,2.54599,1.028160,1,0,96.7993,0,0,0,96.7993,0
46.8431,2.29638,0,0,1.83556,0.203133,0.36288,3.6288,61.308,0.291831,0,0,2.4318,0.205568,1.9344,0.66528,12.849,1,0.616382,0.36288,0,48.693,4.704,43.7355,0.84672,12.849,0.84672,3695.15,0,0.0036966,8.79806e-06,1.05769,1.56528,7.41606,1.0664,8.97262,0.42336,0.0018483,0.21168,0.0018483,0.21168,460.486,0,1.02816,0,0,2.08585,1.05769,1.028160,1,0,54.6425,0,0,0,54.6425,0
47.2581,2.28639,0,0,3.27675,0.212461,0.36288,3.6288,61.308,0.292188,0,0,2.54504,0.216479,2.03637,0.66528,12.849,1,0.627154,0.36288,0,44.2662,4.2327,39.7692,0.84672,12.849,0.84672,3695.15,0,0.0036966,8.80881e-06,2.05411,1.5657,7.76373,1.06862,10.3149,0.42336,0.0018483,0.21168,0.0018483,0.21168,460.486,0,1.02816,0,0,3.08227,2.05411,1.028160,1,0,52.1205,0,0,0,52.1205,0
48.8719,2.29134,0,0,4.49785,0.229822,0.36288,3.6288,61.308,0.292544,0,0,3.5032,0.186837,3.02382,0.66528,12.849,1,0.622992,0.36288,0,74.0279,3.46673,70.301,0.84672,12.849,0.84672,3695.15,0,0.0036966,8.81956e-06,3.57248,1.56612,14.0312,0.958443,18.2113,0.42336,0.0018483,0.21168,0.0018483,0.21168,460.486,0,1.02816,0,0,4.60064,3.57248,1.028160,1,0,91.5362,0,0,0,91.5362,0
53.4775,2.38055,0,0,7.6004,0.25137,0.36288,3.6288,61.308,0.335606,0,0,4.06326,0.181375,3.54628,0.66528,12.849,1,0.625875,0.36288,0,113.753,3.49892,109.991,0.84672,12.849,0.84672,3695.15,0,0.0036966,1.01178e-05,4.21869,1.56655,15.2575,0.96536,20.0773,0.42336,0.0018483,0.21168,0.0018483,0.21168,460.486,0,1.02816,0,0,5.24685,4.21869,1.028160,1,0,133.614,0,0,0,133.614,0
60.1596,2.42464,0,0,9.76415,0.294537,0.36288,3.6288,61.308,0.335959,0,0,3.46932,0.194781,2.93858,0.66528,12.849,1,0.582567,0.36288,0,177.67,3.79449,173.656,0.84672,12.849,0.84672,3695.15,0,0.0036966,1.01284e-05,3.74976,1.61707,14.377,1.06635,18.6775,0.42336,0.0018483,0.21168,0.0018483,0.21168,460.486,0,1.02816,0,0,4.77792,3.74976,1.028160,1,0,195.272,0,0,0,195.272,0
65.6818,2.47861,0,0,8.67828,0.314611,0.36288,3.6288,61.308,0.336313,0,0,4.14452,0.194781,3.61343,0.66528,12.849,1,0.529386,0.36288,0,191.092,3.79449,187.131,0.84672,12.849,0.84672,3695.15,0,0.0036966,1.01391e-05,4.24105,1.61749,18.193,1.06635,22.9852,0.42336,0.0018483,0.21168,0.0018483,0.21168,460.486,0,1.02816,0,0,5.26921,4.24105,1.028160,1,0,213.729,0,0,0,213.729,0
70.0316,2.51649,0,0,7.55844,0.329188,0.36288,3.6288,61.308,0.336666,0,0,3.52675,0.194781,2.99531,0.66528,12.849,1,0.492289,0.36288,0,200.666,3.79449,196.742,0.84672,12.849,0.84672,3695.15,0,0.0036966,1.01497e-05,3.89505,1.61791,15.9104,1.06635,20.357,0.42336,0.0018483,0.21168,0.0018483,0.21168,460.486,0,1.02816,0,0,4.92321,3.89505,1.028160,1,0,220.094,0,0,0,220.094,0
72.29,2.79103,0,0,12.9667,0.340627,7.57664,3.6288,61.308,0.497532,0,0,4.2572,0.194781,3.56489,0.66528,12.849,1,0.512082,7.57664,0,246.787,3.79449,250.057,0.84672,12.849,0.84672,3695.15,0,0.0036966,1.49995e-05,4.77265,1.61833,21.0569,1.06635,26.3815,0.42336,0.0018483,0.21168,0.0018483,0.21168,460.486,0,1.02816,0,0,5.80081,4.77265,1.028160,1,0,280.003,0,0,0,280.003,0
72.29,2.80534,0,0,6.73583,0.374334,3.55616,3.6288,61.308,0.497928,0,0,3.27678,0.154531,2.62432,0.66528,12.849,1,0.498628,3.55616,0,149.088,3.49566,148.65,0.84672,12.849,0.84672,3695.15,0,0.0036966,1.50114e-05,3.62578,1.79778,11.9123,0.806438,16.5294,0.42336,0.0018483,0.21168,0.0018483,0.21168,460.486,0,1.02816,0,0,4.65394,3.62578,1.028160,1,0,167.804,0,0,0,167.804,0
72.29,2.80607,0,0,8.59213,0.374334,5.41173,3.6288,61.308,0.498323,0,0,3.93187,0.154531,3.27902,0.66528,12.849,1,0.498757,5.41173,0,185.187,3.49566,186.604,0.84672,12.849,0.84672,3695.15,0,0.0036966,1.50233e-05,5.04643,1.79824,16.6561,0.806438,22.6943,0.42336,0.0018483,0.21168,0.0018483,0.21168,460.486,0,1.02816,0,0,6.07459,5.04643,1.028160,1,0,212.578,0,0,0,212.578,0
72.29,2.80679,0,0,10.9467,0.35875,7.78116,3.6288,61.308,0.498718,0,0,6.5789,0.187727,5.89246,0.66528,12.849,1,0.498886,7.78116,0,203.501,4.2819,206.502,0.84672,12.849,0.84672,3695.15,0,0.0036966,1.50353e-05,8.19288,1.79871,28.7879,1.05241,37.727,0.42336,0.0018483,0.21168,0.0018483,0.21168,460.486,0,1.02816,0,0,9.22104,8.19288,1.028160,1,0,250.121,0,0,0,250.121,0
72.29,2.45165,0,0,8.84347,0.36436,6.02746,3.6288,61.308,0.283481,0,0,4.56888,0.141023,4.14438,0.66528,12.849,1,0.435762,6.02746,0,207.505,3.66145,209.435,0.84672,12.849,0.84672,3695.15,0,0.0036966,8.54632e-06,6.35334,1.79918,20.7356,0.76378,28.1243,0.42336,0.0018483,0.21168,0.0018483,0.21168,460.486,0,1.02816,0,0,7.3815,6.35334,1.028160,1,0,241.704,0,0,0,241.704,0
72.29,2.45228,0,0,10.4397,0.345344,7.64208,3.6288,61.308,0.283821,0,0,4.47677,0.178413,4.01454,0.66528,12.849,1,0.435875,7.64208,0,134.584,4.06319,137.727,0.84672,12.849,0.84672,3695.15,0,0.0036966,8.55656e-06,5.39494,1.55449,20.5076,1.02141,26.4356,0.42336,0.0018483,0.21168,0.0018483,0.21168,460.486,0,1.02816,0,0,6.4231,5.39494,1.028160,1,0,168.177,0,0,0,168.177,0
72.29,2.45292,0,0,7.32083,0.345344,4.52256,3.6288,61.308,0.28416,0,0,3.53706,0.178413,3.07449,0.66528,12.849,1,0.435988,4.52256,0,136.059,4.06319,136.083,0.84672,12.849,0.84672,3695.15,0,0.0036966,8.56681e-06,4.0699,1.5549,17.3693,1.02141,21.9727,0.42336,0.0018483,0.21168,0.0018483,0.21168,460.486,0,1.02816,0,0,5.09806,4.0699,1.028160,1,0,161.13,0,0,0,161.13,0
72.29,2.45355,0,0,6.5673,0.300031,3.81371,3.6288,61.308,0.2845,0,0,2.35082,0.154348,1.91197,0.66528,12.849,1,0.436101,3.81371,0,114.245,3.71441,113.908,0.84672,12.849,0.84672,3695.15,0,0.0036966,8.57705e-06,2.89278,1.5553,15.3349,0.971306,18.8116,0.42336,0.0018483,0.21168,0.0018483,0.21168,460.486,0,1.02816,0,0,3.92094,2.89278,1.028160,1,0,134.632,0,0,0,134.632,0
72.29,2.45419,0,0,6.93432,0.266047,4.21408,3.6288,61.308,0.28484,0,0,3.09887,0.136299,2.67773,0.66528,12.849,1,0.436214,4.21408,0,120.226,3.45282,120.552,0.84672,12.849,0.84672,3695.15,0,0.0036966,8.5873e-06,4.10292,1.5557,16.0938,0.93373,20.8187,0.42336,0.0018483,0.21168,0.0018483,0.21168,460.486,0,1.02816,0,0,5.13108,4.10292,1.028160,1,0,144.048,0,0,0,144.048,0
72.29,2.54452,0,0,8.2508,0.288869,5.41741,3.6288,61.308,0.338,0,0,3.60973,0.156716,3.11502,0.66528,12.849,1,0.452269,5.41741,0,131.86,3.47772,133.348,0.84672,12.849,0.84672,3695.15,0,0.0036966,1.019e-05,4.28714,1.5561,13.8044,0.902135,18.7455,0.42336,0.0018483,0.21168,0.0018483,0.21168,460.486,0,1.02816,0,0,5.3153,4.28714,1.028160,1,0,155.208,0,0,0,155.208,0
72.29,2.54518,0,0,5.79872,0.305985,2.94756,3.6288,61.308,0.338354,0,0,2.52397,0.172029,2.01359,0.66528,12.849,1,0.452386,2.94756,0,107.676,3.4964,106.675,0.84672,12.849,0.84672,3695.15,0,0.0036966,1.02006e-05,3.33033,1.61711,9.48421,0.878439,13.5532,0.42336,0.0018483,0.21168,0.0018483,0.21168,460.486,0,1.02816,0,0,4.35849,3.33033,1.028160,1,0,122.242,0,0,0,122.242,0
72.29,2.54584,0,0,5.06695,0.305985,2.21513,3.6288,61.308,0.338708,0,0,3.20716,0.172029,2.69642,0.66528,12.849,1,0.452503,2.21513,0,69.0293,3.4964,67.2955,0.84672,12.849,0.84672,3695.15,0,0.0036966,1.02113e-05,3.09341,1.61753,9.20255,0.878439,13.035,0.42336,0.0018483,0.21168,0.0018483,0.21168,460.486,0,1.02816,0,0,4.12157,3.09341,1.028160,1,0,83.027,0,0,0,83.027,0
72.29,2.5465,0,0,4.45185,0.305985,1.59937,3.6288,61.308,0.339061,0,0,2.24894,0.172029,1.73785,0.66528,12.849,1,0.45262,1.59937,0,76.9651,3.4964,74.6155,0.84672,12.849,0.84672,3695.15,0,0.0036966,1.02219e-05,2.33595,1.61795,8.13923,0.878439,11.2147,0.42336,0.0018483,0.21168,0.0018483,0.21168,460.486,0,1.02816,0,0,3.36411,2.33595,1.028160,1,0,87.568,0,0,0,87.568,0
72.29,2.51205,0,0,4.40188,0.262352,1.62748,3.6288,61.308,0.318879,0,0,1.84702,0.19158,1.33657,0.66528,12.849,1,0.446498,1.62748,0,86.3438,3.81883,83.706,0.84672,12.849,0.84672,3695.15,0,0.0036966,9.6135e-06,2.48849,1.61837,9.41034,0.944229,12.573,0.42336,0.0018483,0.21168,0.0018483,0.21168,460.486,0,1.02816,0,0,3.51665,2.48849,1.028160,1,0,97.6155,0,0,0,97.6155,0
72.29,2.5127,0,0,5.14868,0.215765,2.42022,3.6288,61.308,0.319228,0,0,1.85035,0.207154,1.32397,0.66528,12.849,1,0.446613,2.42022,0,87.3469,4.21774,85.1028,0.84672,12.849,0.84672,3695.15,0,0.0036966,9.62401e-06,3.12456,1.59517,10.6009,1.02855,14.2921,0.42336,0.0018483,0.21168,0.0018483,0.21168,460.486,0,1.02816,0,0,4.15272,3.12456,1.028160,1,0,100.719,0,0,0,100.719,0
72.29,2.51335,0,0,4.39436,0.215765,1.66525,3.6288,61.308,0.319576,0,0,1.74801,0.207154,1.22128,0.66528,12.849,1,0.446729,1.66525,0,76.5953,4.21774,73.5961,0.84672,12.849,0.84672,3695.15,0,0.0036966,9.63451e-06,2.6882,1.59559,9.0167,1.02855,12.2719,0.42336,0.0018483,0.21168,0.0018483,0.21168,460.486,0,1.02816,0,0,3.71636,2.6882,1.028160,1,0,87.0893,0,0,0,87.0893,0
72.29,2.514,0,0,3.90932,0.215765,1.17956,3.6288,61.308,0.319925,0,0,1.5641,0.207154,1.03702,0.66528,12.849,1,0.446844,1.17956,0,65.6761,4.21774,62.1911,0.84672,12.849,0.84672,3695.15,0,0.0036966,9.64503e-06,2.22331,1.596,7.70982,1.02855,10.5006,0.42336,0.0018483,0.21168,0.0018483,0.21168,460.486,0,1.02816,0,0,3.25147,2.22331,1.028160,1,0,73.7287,0,0,0,73.7287,0
72.29,2.63394,0,0,3.58416,0.202803,0.747417,3.6288,61.308,0.393176,0,0,1.4152,0.190087,0.831935,0.66528,12.849,1,0.468162,0.747417,0,60.2583,3.86386,56.6737,0.84672,12.849,0.84672,3695.15,0,0.0036966,1.18534e-05,1.98747,1.59641,7.20481,0.938799,9.84988,0.42336,0.0018483,0.21168,0.0018483,0.21168,460.486,0,1.02816,0,0,3.01563,1.98747,1.028160,1,0,67.3555,0,0,0,67.3555,0
72.29,2.63462,0,0,3.77459,0.154623,0.98535,3.6288,61.308,0.393543,0,0,1.32534,0.22171,0.710088,0.66528,12.849,1,0.468283,0.98535,0,61.2603,4.68037,57.097,0.84672,12.849,0.84672,3695.15,0,0.0036966,1.18645e-05,1.91337,1.67948,7.27825,1.10963,9.76146,0.42336,0.0018483,0.21168,0.0018483,0.21168,460.486,0,1.02816,0,0,2.94153,1.91337,1.028160,1,0,67.5685,0,0,0,67.5685,0
72.29,2.6353,0,0,3.76835,0.149473,0.98358,3.6288,61.308,0.393911,0,0,1.32195,0.230773,0.697262,0.66528,12.849,1,0.468405,0.98358,0,58.2543,4.8951,53.8744,0.84672,12.849,0.84672,3695.15,0,0.0036966,1.18755e-05,2.03452,1.67991,7.02389,1.15805,9.58026,0.42336,0.0018483,0.21168,0.0018483,0.21168,460.486,0,1.02816,0,0,3.06268,2.03452,1.028160,1,0,64.1519,0,0,0,64.1519,0
72.29,2.63598,0,0,3.38025,0.164225,0.580047,3.6288,61.308,0.394279,0,0,1.26054,0.226823,0.63944,0.66528,12.849,1,0.468526,0.580047,0,55.015,4.64125,50.4853,0.84672,12.849,0.84672,3695.15,0,0.0036966,1.18866e-05,2.05166,1.68035,6.4692,1.16784,9.03336,0.42336,0.0018483,0.21168,0.0018483,0.21168,460.486,0,1.02816,0,0,3.07982,2.05166,1.028160,1,0,60.1581,0,0,0,60.1581,0
72.29,2.63666,0,0,3.22663,0.150564,0.439398,3.6288,61.308,0.394647,0,0,1.24713,0.234008,0.618477,0.66528,12.849,1,0.468647,0.439398,0,51.0926,4.39896,46.6643,0.84672,12.849,0.84672,3695.15,0,0.0036966,1.18977e-05,2.10495,1.68078,6.19367,1.20946,8.76993,0.42336,0.0018483,0.21168,0.0018483,0.21168,460.486,0,1.02816,0,0,3.13311,2.10495,1.028160,1,0,56.0527,0,0,0,56.0527,0
72.0347,2.61372,0,0,2.8283,0.107029,0.36288,3.6288,61.308,0.435134,0,0,1.27555,0.240827,0.599588,0.66528,12.849,1,0.46457,0.36288,0,43.4944,4.5645,38.8282,0.84672,12.849,0.84672,3695.15,0,0.0036966,1.31183e-05,1.88063,1.68122,5.50237,1.19032,7.87388,0.42336,0.0018483,0.21168,0.0018483,0.21168,460.486,0,1.02816,0,0,2.90879,1.88063,1.028160,1,0,47.3016,0,0,0,47.3016,0
71.3723,2.613,0,0,2.42102,0.107498,0.36288,3.6288,61.308,0.435513,0,0,1.28232,0.233489,0.613321,0.66528,12.849,1,0.466088,0.36288,0,39.2834,4.59249,34.5877,0.84672,12.849,0.84672,3695.15,0,0.0036966,1.31297e-05,1.87612,1.70744,4.81271,1.1474,7.24886,0.42336,0.0018483,0.21168,0.0018483,0.21168,460.486,0,1.02816,0,0,2.90428,1.87612,1.028160,1,0,42.4499,0,0,0,42.4499,0
70.4744,2.61001,0,0,2.18195,0.106957,0.36288,3.6288,61.308,0.435891,0,0,1.19413,0.233489,0.524746,0.66528,12.849,1,0.469875,0.36288,0,36.4097,4.59249,31.7103,0.84672,12.849,0.84672,3695.15,0,0.0036966,1.31411e-05,1.50631,1.70788,4.58231,1.1474,6.64908,0.42336,0.0018483,0.21168,0.0018483,0.21168,460.486,0,1.02816,0,0,2.53447,1.50631,1.028160,1,0,38.8841,0,0,0,38.8841,0
69.5097,2.60562,0,0,2.08649,0.0827523,0.36288,3.6288,61.308,0.436269,0,0,1.12892,0.288334,0.404316,0.66528,12.849,1,0.475061,0.36288,0,32.8253,5.29824,27.4149,0.84672,12.849,0.84672,3695.15,0,0.0036966,1.31526e-05,1.47425,1.70832,4.35368,1.40501,6.13123,0.42336,0.0018483,0.21168,0.0018483,0.21168,460.486,0,1.02816,0,0,2.50241,1.47425,1.028160,1,0,33.9505,0,0,0,33.9505,0
68.3502,2.66142,0,0,1.93743,0.0725598,0.36288,3.6288,61.308,0.472441,0,0,1.13087,0.31424,0.344192,0.66528,12.849,1,0.491969,0.36288,0,29.3037,5.66671,23.5079,0.84672,12.849,0.84672,3695.15,0,0.0036966,1.4243e-05,1.42647,1.70876,4.23339,1.50626,5.86235,0.42336,0.0018483,0.21168,0.0018483,0.21168,460.486,0,1.02816,0,0,2.45463,1.42647,1.028160,1,0,29.7144,0,0,0,29.7144,0
67.1889,2.65508,0,0,1.927,0.0703645,0.36288,3.6288,61.308,0.472828,0,0,0.983465,0.338043,0.172594,0.66528,12.849,1,0.499123,0.36288,0,37.5568,6.18377,31.2368,0.84672,12.849,0.84672,3695.15,0,0.0036966,1.42547e-05,1.39527,1.75033,4.07313,1.4955,5.72322,0.42336,0.0018483,0.21168,0.0018483,0.21168,460.486,0,1.02816,0,0,2.42343,1.39527,1.028160,1,0,37.1326,0,0,0,37.1326,0
65.905,2.64852,0,0,1.79721,0.0697254,0.36288,3.6288,61.308,0.473216,0,0,0.871102,0.338043,0.0598427,0.66528,12.849,1,0.506496,0.36288,0,29.7109,6.18377,23.3835,0.84672,12.849,0.84672,3695.15,0,0.0036966,1.42664e-05,1.36405,1.75079,3.71783,1.4955,5.33715,0.42336,0.0018483,0.21168,0.0018483,0.21168,460.486,0,1.02816,0,0,2.39221,1.36405,1.028160,1,0,28.7805,0,0,0,28.7805,0
64.4669,2.64095,0,0,1.63473,0.0690188,0.36288,3.6288,61.308,0.473604,0,0,0.818225,0.338043,0.00657783,0.66528,12.849,1,0.514886,0.36288,0,27.3203,6.18377,20.9845,0.84672,12.849,0.84672,3695.15,0,0.0036966,1.42781e-05,0.989678,1.75124,3.40261,1.4955,4.64802,0.42336,0.0018483,0.21168,0.0018483,0.21168,460.486,0,1.02816,0,0,2.01784,0.989678,1.028160,1,0,25.6391,0,0,0,25.6391,0
63.0869,2.80783,0,0,1.84953,0.05879,0.36288,3.6288,61.308,0.603319,0,0,0.994784,0.331852,0.0596127,0.66528,12.849,1,0.559634,0.36288,0,28.0956,6.32526,21.5735,0.84672,12.849,0.84672,3695.15,0,0.0036966,1.81887e-05,1.7011,1.75169,4.98841,1.53238,6.90881,0.42336,0.0018483,0.21168,0.0018483,0.21168,460.486,0,1.02816,0,0,2.72926,1.7011,1.028160,1,0,28.542,0,0,0,28.542,0
61.5256,2.79838,0,0,1.66388,0.0638856,0.36288,3.6288,61.2153,0.60374,0,0,0.856526,0.345468,0,0.66528,12.849,1,0.569951,0.36288,0,25.6055,6.48988,18.9085,0.84672,12.849,0.84672,3695.15,0,0.0036966,1.82014e-05,1.37439,1.89157,3.74787,1.58212,5.43169,0.42336,0.0018483,0.21168,0.0018483,0.21168,460.486,0,1.02816,0,0,2.40255,1.37439,1.028160,1,0,24.3402,0,0,0,24.3402,0
60.0235,2.78714,0,0,1.71611,0.0682548,0.36288,3.6288,61.2709,0.604162,0,0,1.02026,0.36052,0,0.66528,12.849,1,0.582066,0.36288,0,31.1735,6.51892,24.4354,0.84672,12.849,0.84672,3695.15,0,0.0036966,1.82417e-05,1.8058,1.89206,3.99228,1.58606,6.10407,0.42336,0.0018483,0.21168,0.0018483,0.21168,460.486,0,1.02816,0,0,2.83396,1.8058,1.028160,1,0,30.5394,0,0,0,30.5394,0
58.2292,2.77586,0,0,1.41184,0.0673846,0.36288,3.6288,61.0487,0.604583,0,0,0.743049,0.360646,0,0.66528,12.849,1,0.594217,0.36288,0,28.5599,6.51892,21.8096,0.84672,12.849,0.84672,3695.15,0,0.0036966,1.82379e-05,0.908695,1.89255,3.26985,1.58606,4.48502,0.42336,0.0018483,0.21168,0.0018483,0.21168,460.486,0,1.02816,0,0,1.93685,0.908695,1.028160,1,0,26.2946,0,0,0,26.2946,0
56.7979,2.76157,0,0,1.75941,0.0662286,0.36288,3.6288,61.308,0.605005,0,0,1.28717,0.36014,0.0627438,0.66528,12.849,1,0.609374,0.36288,0,27.839,6.51892,21.0736,0.84672,12.849,0.84672,3695.15,0,0.0036966,1.8317e-05,2.79941,1.89304,5.09985,1.58606,8.20622,0.42336,0.0018483,0.21168,0.0018483,0.21168,460.486,0,1.02816,0,0,3.82757,2.79941,1.028160,1,0,29.3426,0,0,0,29.3426,0
54.8838,2.66585,0,0,1.20355,0.0888805,0.36288,3.6288,61.2217,0.526829,0,0,0.750591,0.310033,0,0.66528,12.849,1,0.603078,0.36288,0,22.7325,5.36829,17.124,0.84672,12.849,0.84672,3695.15,0,0.0036966,1.58827e-05,1.07151,1.89353,3.72267,1.22847,5.45922,0.42336,0.0018483,0.21168,0.0018483,0.21168,460.486,0,1.02816,0,0,2.09967,1.07151,1.028160,1,0,22.5833,0,0,0,22.5833,0
53.1091,2.64949,0,0,1.34551,0.107834,0.36288,3.6288,61.1313,0.527231,0,0,0.743399,0.306618,0,0.66528,12.849,1,0.62028,0.36288,0,18.0328,5.55933,12.2161,0.84672,12.849,0.84672,3695.15,0,0.0036966,1.59172e-05,1.16505,1.81401,2.86961,1.42325,4.4254,0.42336,0.0018483,0.21168,0.0018483,0.21168,460.486,0,1.02816,0,0,2.19321,1.16505,1.028160,1,0,16.6415,0,0,0,16.6415,0
51.0223,2.63348,0,0,1.01549,0.10591,0.36288,3.6288,60.8846,0.527632,0,0,0.58739,0.306443,0,0.66528,12.849,1,0.637134,0.36288,0,26.6717,5.55933,20.8381,0.84672,12.849,0.84672,3695.15,0,0.0036966,1.59529e-05,1.07422,1.81448,2.22674,1.42325,3.69216,0.42336,0.0018483,0.21168,0.0018483,0.21168,460.486,0,1.02816,0,0,2.10238,1.07422,1.028160,1,0,24.5303,0,0,0,24.5303,0
48.6196,2.61334,0,0,0.67716,0.103647,0.36288,3.6288,60.4976,0.528034,0,0,0.446985,0.305964,0,0.66528,12.849,1,0.658119,0.36288,0,16.7312,5.55933,10.8766,0.84672,12.849,0.84672,3695.15,0,0.0036966,1.60298e-05,0.289483,1.81495,1.5028,1.42325,2.18396,0.42336,0.0018483,0.21168,0.0018483,0.21168,460.486,0,1.02816,0,0,1.31764,0.289483,1.028160,1,0,13.0606,0,0,0,13.0606,0
46.9146,2.52142,0,0,1.32898,0.149701,0.36288,3.6288,60.3989,0.456818,0,0,0.666374,0.308277,0,0.66528,12.849,1,0.66635,0.36288,0,19.5795,5.19037,14.0857,0.84672,12.849,0.84672,3695.15,0,0.0036966,1.39565e-05,0.944836,1.81542,2.35303,1.34783,3.76545,0.42336,0.0018483,0.21168,0.0018483,0.21168,460.486,0,1.02816,0,0,1.973,0.944836,1.028160,1,0,17.8511,0,0,0,17.8511,0
44.7765,2.50305,0,0,0.843764,0.115933,0.36288,3.6288,60.1825,0.515779,0,0,0.509893,0.210479,0,0.66528,12.849,1,0.685537,0.36288,0,16.7544,4.58661,11.8452,0.84672,12.849,0.84672,3695.15,0,0.0036966,1.57837e-05,0.216518,1.74471,2.63828,1.16671,3.43278,0.42336,0.0018483,0.21168,0.0018483,0.21168,460.486,0,0.969581,0,0,1.1861,0.216518,1.028160,1,0,15.2779,0,0,0,15.2779,0
43.0405,2.47825,0,0,1.29512,0.190026,0.36288,3.6288,60.2034,0.457585,0,0,0.700329,0.221835,0,0.66528,12.849,1,0.711155,0.36288,0,23.3381,4.73385,18.256,0.84672,12.849,0.84672,3695.15,0,0.0036966,1.40532e-05,0.366535,1.74516,2.84681,1.1747,3.78379,0.42336,0.0018483,0.21168,0.0018483,0.21168,460.486,0,1.02816,0,0,1.39469,0.366535,1.028160,1,0,22.0398,0,0,0,22.0398,0
42.3231,2.45679,0,0,2.3011,0.198848,0.36288,3.6288,60.5222,0.457969,0,0,1.00056,0.223806,0,0.66528,12.849,1,0.733433,0.36288,0,34.1832,4.75839,29.0543,0.84672,12.849,0.84672,3695.15,0,0.0036966,1.40601e-05,0.75511,1.74561,3.84138,1.17603,5.16605,0.42336,0.0018483,0.21168,0.0018483,0.21168,460.486,0,1.02816,0,0,1.78327,0.75511,1.028160,1,0,34.2203,0,0,0,34.2203,0
42.1103,2.26353,0,0,2.61086,0.197202,0.36288,3.6288,61.0257,0.30904,0,0,1.03684,0.22426,0,0.66528,12.849,1,0.687193,0.36288,0,67.1749,4.75839,62.0922,0.84672,12.849,0.84672,3695.15,0,0.0036966,9.43784e-06,1.42728,1.74606,6.49432,1.17603,8.49161,0.42336,0.0018483,0.21168,0.0018483,0.21168,460.486,0,1.02816,0,0,2.45544,1.42728,1.028160,1,0,70.5838,0,0,0,70.5838,0
41.6561,2.26146,0,0,2.39143,0.221297,0.36288,3.6288,61.2822,0.309385,0,0,0.764815,0.198941,0,0.66528,12.849,1,0.690032,0.36288,0,40.7819,4.19754,36.2572,0.84672,12.849,0.84672,3695.15,0,0.0036966,9.37042e-06,0.852993,1.58611,5.12462,1.06634,6.49737,0.42336,0.0018483,0.21168,0.0018483,0.21168,460.486,0,1.02816,0,0,1.88115,0.852993,1.028160,1,0,42.7546,0,0,0,42.7546,0
40.3831,2.25629,0,0,1.57605,0.229905,0.36288,3.6288,61.2037,0.413615,0,0,0.523926,0.188832,0,0.66528,12.849,1,0.695961,0.36288,0,31.4236,3.9732,27.1173,0.84672,12.849,0.84672,3695.15,0,0.0036966,1.24748e-05,0.292723,1.58652,4.5961,1.02247,5.45286,0.42336,0.0018483,0.21168,0.0018483,0.21168,460.486,0,0.924273,0,0,1.217,0.292723,1.028160,1,0,32.5702,0,0,0,32.5702,0
41.3893,2.24022,0,0,3.83575,0.226474,0.36288,3.6288,61.308,0.310076,0,0,1.65397,0.188738,1.05085,0.66528,12.849,1,0.712788,0.36288,0,81.0397,3.9732,76.7166,0.84672,12.849,0.84672,3695.15,0,0.0036966,9.36402e-06,2.37167,1.58693,6.60832,1.02247,9.54445,0.42336,0.0018483,0.21168,0.0018483,0.21168,460.486,0,1.02816,0,0,3.39983,2.37167,1.028160,1,0,87.3119,0,0,0,87.3119,0
41.9015,2.25402,0,0,3.35278,0.223665,0.36288,3.6288,61.308,0.310421,0,0,0.605812,0.185899,0.109492,0.66528,12.849,1,0.699746,0.36288,0,50.9707,3.8214,46.8125,0.84672,12.849,0.84672,3695.15,0,0.0036966,9.3585e-06,0.721112,1.58734,4.87032,0.997308,6.18145,0.42336,0.0018483,0.21168,0.0018483,0.21168,460.486,0,1.02816,0,0,1.74927,0.721112,1.028160,1,0,53.1034,0,0,0,53.1034,0
42.4892,2.26057,0,0,3.41852,0.207375,0.36288,3.6288,61.308,0.310421,0,0,1.09851,0.184524,0.60357,0.66528,12.849,1,0.6932,0.36288,0,54.0046,3.59112,50.0831,0.84672,12.849,0.84672,3695.15,0,0.0036966,9.3585e-06,1.75222,1.58775,5.46715,0.912036,7.89507,0.42336,0.0018483,0.21168,0.0018483,0.21168,460.486,0,1.02816,0,0,2.78038,1.75222,1.028160,1,0,58.5818,0,0,0,58.5818,0
43.3626,2.33957,0,0,3.77523,0.199353,0.36288,3.6288,61.308,0.354049,0,0,2.35043,0.199612,1.79677,0.66528,12.849,1,0.707502,0.36288,0,101.271,3.96417,96.9624,0.84672,12.849,0.84672,3695.15,0,0.0036966,1.06738e-05,4.34399,1.58775,8.33777,0.856105,13.4134,0.42336,0.0018483,0.21168,0.0018483,0.21168,460.486,0,1.02816,0,0,5.37215,4.34399,1.028160,1,0,112.173,0,0,0,112.173,0
46.0533,2.35115,0,0,5.60614,0.201374,0.36288,3.6288,61.308,0.354391,0,0,2.76698,0.199612,2.21297,0.66528,12.849,1,0.696681,0.36288,0,135.657,3.96417,131.359,0.84672,12.849,0.84672,3695.15,0,0.0036966,1.06841e-05,5.51205,1.63894,8.19081,0.856105,14.4857,0.42336,0.0018483,0.21168,0.0018483,0.21168,460.486,0,1.02816,0,0,6.54021,5.51205,1.028160,1,0,148.057,0,0,0,148.057,0
46.58,2.38356,0,0,3.48068,0.207602,0.36288,3.6288,61.308,0.354732,0,0,2.05131,0.199612,1.49696,0.66528,12.849,1,0.665021,0.36288,0,82.0757,3.96417,77.8094,0.84672,12.849,0.84672,3695.15,0,0.0036966,1.06944e-05,3.50341,1.63935,6.30692,0.856105,10.5936,0.42336,0.0018483,0.21168,0.0018483,0.21168,460.486,0,1.02816,0,0,4.53157,3.50341,1.028160,1,0,89.8999,0,0,0,89.8999,0
46.1062,2.39005,0,0,2.4944,0.215254,0.36288,3.6288,61.308,0.355074,0,0,1.67803,0.199777,1.12318,0.66528,12.849,1,0.659291,0.36288,0,55.8344,3.94186,51.5962,0.84672,12.849,0.84672,3695.15,0,0.0036966,1.07047e-05,2.9335,1.63975,5.20588,0.871308,8.90781,0.42336,0.0018483,0.21168,0.0018483,0.21168,460.486,0,1.02816,0,0,3.96166,2.9335,1.028160,1,0,61.6272,0,0,0,61.6272,0
45.9927,2.618,0,0,3.10793,0.240505,0.36288,3.6288,61.308,0.518092,0,0,1.53,0.216152,0.795753,0.66528,12.849,1,0.729592,0.36288,0,53.7595,4.21294,49.1799,0.84672,12.849,0.84672,3695.15,0,0.0036966,1.56193e-05,1.77597,1.64016,5.88591,1.05266,8.24937,0.42336,0.0018483,0.21168,0.0018483,0.21168,460.486,0,1.02816,0,0,2.80413,1.77597,1.028160,1,0,58.225,0,0,0,58.225,0
47.7268,2.61724,0,0,4.95243,0.238201,0.36288,3.6288,61.308,0.518474,0,0,2.70067,0.218717,1.96347,0.66528,12.849,1,0.731179,0.36288,0,84.6262,4.28043,79.9775,0.84672,12.849,0.84672,3695.15,0,0.0036966,1.56308e-05,4.34877,1.822,8.16538,1.06768,13.2685,0.42336,0.0018483,0.21168,0.0018483,0.21168,460.486,0,1.02816,0,0,5.37693,4.34877,1.028160,1,0,95.2094,0,0,0,95.2094,0
48.7707,2.63883,0,0,4.28835,0.24281,0.36288,3.6288,61.308,0.518856,0,0,2.04603,0.218717,1.30846,0.66528,12.849,1,0.710424,0.36288,0,74.8207,4.28043,70.1927,0.84672,12.849,0.84672,3695.15,0,0.0036966,1.56424e-05,3.78851,1.82245,5.48766,1.06768,10.0309,0.42336,0.0018483,0.21168,0.0018483,0.21168,460.486,0,1.02816,0,0,4.81667,3.78851,1.028160,1,0,81.5321,0,0,0,81.5321,0
48.5367,2.65152,0,0,3.026,0.245584,0.36288,3.6288,61.308,0.519238,0,0,1.28308,0.218717,0.545128,0.66528,12.849,1,0.698562,0.36288,0,52.4473,4.28043,47.8312,0.84672,12.849,0.84672,3695.15,0,0.0036966,1.56539e-05,2.36309,1.82291,5.70196,1.06768,8.82026,0.42336,0.0018483,0.21168,0.0018483,0.21168,460.486,0,1.02816,0,0,3.39125,2.36309,1.028160,1,0,57.1966,0,0,0,57.1966,0
48.3427,2.31367,0,0,2.72157,0.239048,0.36288,3.6288,61.308,0.301092,0,0,1.60933,0.237338,1.0709,0.66528,12.849,1,0.612491,0.36288,0,45.3152,4.34316,40.7224,0.84672,12.849,0.84672,3695.15,0,0.0036966,9.07727e-06,1.09947,1.82336,5.67472,1.19134,7.4062,0.42336,0.0018483,0.21168,0.0018483,0.21168,460.486,0,1.02816,0,0,2.12763,1.09947,1.028160,1,0,49.1995,0,0,0,49.1995,0
48.0171,2.3123,0,0,2.58721,0.237561,0.36288,3.6288,61.308,0.579249,0,0,1.34406,0.240441,0.524375,0.66528,12.849,1,0.614585,0.36288,0,50.1817,4.35362,45.5764,0.84672,12.849,0.84672,3695.15,0,0.0036966,1.74631e-05,0.608429,1.57537,5.35506,1.21195,6.32689,0.42336,0.0018483,0.21168,0.0018483,0.21168,460.486,0,0.750324,0,0,1.35875,0.608429,1.028160,1,0,52.4277,0,0,0,52.4277,0
48.3921,2.30958,0,0,3.28413,0.23672,0.36288,3.6288,61.308,0.459666,0,0,1.57034,0.240441,0.87023,0.66528,12.849,1,0.618024,0.36288,0,54.7266,4.35362,50.1179,0.84672,12.849,0.84672,3695.15,0,0.0036966,1.38579e-05,0.558835,1.57576,5.61985,1.21195,6.54248,0.42336,0.0018483,0.21168,0.0018483,0.21168,460.486,0,0.870238,0,0,1.42907,0.558835,1.028160,1,0,57.5306,0,0,0,57.5306,0
49.4004,2.31393,0,0,3.90242,0.217339,0.36288,3.6288,61.308,0.302078,0,0,2.40216,0.227706,1.87238,0.66528,12.849,1,0.614392,0.36288,0,60.7104,4.39015,56.0688,0.84672,12.849,0.84672,3695.15,0,0.0036966,9.10697e-06,1.25385,1.57614,8.43242,1.14337,10.119,0.42336,0.0018483,0.21168,0.0018483,0.21168,460.486,0,1.02816,0,0,2.28201,1.25385,1.028160,1,0,68.0602,0,0,0,68.0602,0
50.3597,2.32446,0,0,3.85493,0.208306,0.36288,3.6288,61.308,0.302406,0,0,2.24262,0.233725,1.70649,0.66528,12.849,1,0.604591,0.36288,0,61.9733,4.76734,56.9643,0.84672,12.849,0.84672,3695.15,0,0.0036966,9.11688e-06,3.48411,1.57653,6.88244,1.18063,10.7625,0.42336,0.0018483,0.21168,0.0018483,0.21168,460.486,0,1.02816,0,0,4.51227,3.48411,1.028160,1,0,69.4332,0,0,0,69.4332,0
50.012,2.4195,0,0,2.65055,0.215843,0.36288,3.6288,61.308,0.495784,0,0,1.09837,0.254484,0.3481,0.66528,12.849,1,0.617323,0.36288,0,38.9277,5.23372,33.4395,0.84672,12.849,0.84672,3695.15,0,0.0036966,1.49468e-05,0.558835,1.57692,3.86192,1.29887,4.6988,0.42336,0.0018483,0.21168,0.0018483,0.21168,460.486,0,0.888633,0,0,1.44747,0.558835,1.028160,1,0,38.4864,0,0,0,38.4864,0
49.9766,2.41668,0,0,2.93816,0.19397,0.36288,3.6288,61.308,0.356603,0,0,1.40196,0.257836,0.787522,0.66528,12.849,1,0.62089,0.36288,0,42.1877,5.02845,36.9013,0.84672,12.849,0.84672,3695.15,0,0.0036966,1.07508e-05,0.540579,1.63873,4.72395,1.37951,5.52374,0.42336,0.0018483,0.21168,0.0018483,0.21168,460.486,0,1.02816,0,0,1.56874,0.540579,1.028160,1,0,43.2125,0,0,0,43.2125,0
49.417,2.41693,0,0,2.38249,0.162286,0.36288,3.6288,61.308,0.643534,0,0,1.03669,0.25171,0.141444,0.66528,12.849,1,0.621393,0.36288,0,37.1248,5.16075,31.7055,0.84672,12.849,0.84672,3695.15,0,0.0036966,1.94011e-05,0.528595,1.63913,3.53416,1.52925,4.17262,0.42336,0.0018483,0.21168,0.0018483,0.21168,460.486,0,0.741563,0,0,1.27016,0.528595,1.028160,1,0,36.0196,0,0,0,36.0196,0
48.6569,2.41194,0,0,2.17391,0.159247,0.36288,3.6288,61.308,0.676612,0,0,0.942529,0.241268,0.0246491,0.66528,12.849,1,0.627133,0.36288,0,32.5941,4.91353,27.4164,0.84672,12.849,0.84672,3695.15,0,0.0036966,2.03983e-05,0.528595,1.63954,3.29205,1.49279,3.96737,0.42336,0.0018483,0.21168,0.0018483,0.21168,460.486,0,0.708826,0,0,1.23742,0.528595,1.028160,1,0,31.4084,0,0,0,31.4084,0
48.0296,2.37164,0,0,2.25289,0.145585,0.36288,3.6288,61.308,0.336819,0,0,1.06582,0.178617,0.550385,0.66528,12.849,1,0.626287,0.36288,0,35.4821,3.43024,31.7884,0.84672,12.849,0.84672,3695.15,0,0.0036966,1.01544e-05,0.647136,1.63994,3.73213,1.27404,4.74517,0.42336,0.0018483,0.21168,0.0018483,0.21168,460.486,0,1.02816,0,0,1.6753,0.647136,1.028160,1,0,37.084,0,0,0,37.084,0
47.0641,2.36577,0,0,1.90768,0.144596,0.36288,3.6288,61.308,0.337156,0,0,0.825846,0.178617,0.310072,0.66528,12.849,1,0.632896,0.36288,0,31.1412,3.43024,27.441,0.84672,12.849,0.84672,3695.15,0,0.0036966,1.01645e-05,0.553029,1.61642,3.46192,1.27404,4.35732,0.42336,0.0018483,0.21168,0.0018483,0.21168,460.486,0,1.02816,0,0,1.58119,0.553029,1.028160,1,0,32.1084,0,0,0,32.1084,0
46.0057,2.35615,0,0,1.75907,0.0984525,0.36288,3.6288,61.308,0.337493,0,0,0.77938,0.232654,0.209232,0.66528,12.849,1,0.643254,0.36288,0,28.3004,5.04153,22.9785,0.84672,12.849,0.84672,3695.15,0,0.0036966,1.01747e-05,0.496774,1.61682,3.39572,1.41531,4.09399,0.42336,0.0018483,0.21168,0.0018483,0.21168,460.486,0,1.02816,0,0,1.52493,0.496774,1.028160,1,0,27.2817,0,0,0,27.2817,0
44.9459,2.34516,0,0,1.73307,0.0848325,0.36288,3.6288,61.308,0.337831,0,0,0.759603,0.228347,0.193425,0.66528,12.849,1,0.654983,0.36288,0,26.0733,5.55943,20.2217,0.84672,12.849,0.84672,3695.15,0,0.0036966,1.01848e-05,0.489551,1.61722,2.70677,1.39899,3.41453,0.42336,0.0018483,0.21168,0.0018483,0.21168,460.486,0,1.02816,0,0,1.51771,0.489551,1.028160,1,0,23.8297,0,0,0,23.8297,0
43.8514,2.44443,0,0,1.8042,0.0913211,0.36288,3.6288,61.308,0.412037,0,0,0.783916,0.240689,0.13119,0.66528,12.849,1,0.698806,0.36288,0,28.5818,4.79369,23.4522,0.84672,12.849,0.84672,3695.15,0,0.0036966,1.2422e-05,0.5799,1.61762,2.86722,1.23894,3.82578,0.42336,0.0018483,0.21168,0.0018483,0.21168,460.486,0,1.02816,0,0,1.60806,0.5799,1.028160,1,0,27.4092,0,0,0,27.4092,0
42.7754,2.43154,0,0,1.81157,0.0931524,0.36288,3.6288,61.308,0.412392,0,0,0.745373,0.245626,0.0873549,0.66528,12.849,1,0.71247,0.36288,0,27.7636,4.48739,22.9266,0.84672,12.849,0.84672,3695.15,0,0.0036966,1.24327e-05,0.475096,1.70177,2.84506,1.17492,3.84699,0.42336,0.0018483,0.21168,0.0018483,0.21168,460.486,0,1.02816,0,0,1.50326,0.475096,1.028160,1,0,26.861,0,0,0,26.861,0
41.5205,2.41835,0,0,1.60198,0.0756715,0.36288,3.6288,61.308,0.412748,0,0,0.699607,0.259791,0.0270683,0.66528,12.849,1,0.726431,0.36288,0,24.6801,4.64804,19.6685,0.84672,12.849,0.84672,3695.15,0,0.0036966,1.24434e-05,0.390208,1.70219,2.7783,1.21597,3.65472,0.42336,0.0018483,0.21168,0.0018483,0.21168,460.486,0,1.02816,0,0,1.41837,0.390208,1.028160,1,0,23.3503,0,0,0,23.3503,0
40.2187,2.40217,0,0,1.51637,0.0531086,0.36288,3.6288,61.2874,0.413103,0,0,0.671216,0.278677,0,0.66528,12.849,1,0.743381,0.36288,0,22.8286,4.86224,17.5859,0.84672,12.849,0.84672,3695.15,0,0.0036966,1.24541e-05,0.315092,1.70261,2.70474,1.27069,3.45174,0.42336,0.0018483,0.21168,0.0018483,0.21168,460.486,0,1.02816,0,0,1.34325,0.315092,1.028160,1,0,21.0376,0,0,0,21.0376,0
38.6895,2.38452,0,0,1.27435,0.0561835,0.36288,3.6288,61.2204,0.413459,0,0,0.63003,0.283585,0,0.66528,12.849,1,0.761804,0.36288,0,21.8115,5.10447,16.3081,0.84672,12.849,0.84672,3695.15,0,0.0036966,1.2469e-05,0.415299,1.70303,2.47315,1.28151,3.30995,0.42336,0.0018483,0.21168,0.0018483,0.21168,460.486,0,1.02816,0,0,1.44346,0.415299,1.028160,1,0,19.6181,0,0,0,19.6181,0
36.9508,2.34134,0,0,1.02582,0.0602825,0.36288,3.6288,61.0852,0.454464,0,0,0.609311,0.290053,0,0.66528,12.849,1,0.777573,0.36288,0,19.8086,5.42745,13.9664,0.84672,12.849,0.84672,3695.15,0,0.0036966,1.37207e-05,0.657564,1.70345,2.02071,1.29594,3.08578,0.42336,0.0018483,0.21168,0.0018483,0.21168,460.486,0,1.02816,0,0,1.68572,0.657564,1.028160,1,0,17.0522,0,0,0,17.0522,0
35.261,2.27639,0,0,1.00858,0.0590655,0.36288,3.6288,60.9021,0.506542,0,0,0.613275,0.289805,0,0.66528,12.849,1,0.791576,0.36288,0,18.7195,5.42745,12.8634,0.84672,12.849,0.84672,3695.15,0,0.0036966,1.53268e-05,0.776598,1.72999,2.17402,1.29594,3.38466,0.42336,0.0018483,0.21168,0.0018483,0.21168,460.486,0,1.02816,0,0,1.80476,0.776598,1.028160,1,0,16.248,0,0,0,16.248,0
33.5673,2.24942,0,0,0.976493,0.0578827,0.36288,3.6288,60.6877,0.506542,0,0,0.581609,0.28947,0,0.66528,12.849,1,0.819681,0.36288,0,17.5739,5.42745,11.6897,0.84672,12.849,0.84672,3695.15,0,0.0036966,1.53729e-05,0.773928,1.76068,2.20687,1.29594,3.44553,0.42336,0.0018483,0.21168,0.0018483,0.21168,460.486,0,1.02816,0,0,1.80209,0.773928,1.028160,1,0,15.1352,0,0,0,15.1352,0
31.7659,2.27449,0,0,0.869953,0.0340519,0.36288,3.6288,60.4543,0.455562,0,0,0.564075,0.341934,0,0.66528,12.849,1,0.84672,0.36288,0,16.6743,6.25534,9.93515,0.84672,12.849,0.84672,3695.15,0,0.0036966,1.38745e-05,0.595814,1.76089,2.1462,1.57833,2.92457,0.42336,0.0018483,0.21168,0.0018483,0.21168,460.486,0,1.02816,0,0,1.62397,0.595814,1.028160,1,0,12.8597,0,0,0,12.8597,0
29.9183,2.2975,0,0,0.859092,0.0462422,0.36288,3.6288,60.1231,0.542806,0,0,0.501878,0.290257,0,0.66528,12.849,1,0.84672,0.36288,0,14.8992,5.41716,8.99825,0.84672,12.849,0.84672,3695.15,0,0.0036966,1.65955e-05,0.380903,1.73127,1.78765,1.41744,2.48237,0.42336,0.0018483,0.21168,0.0018483,0.21168,460.486,0,1.02816,0,0,1.40906,0.380903,1.028160,1,0,11.4806,0,0,0,11.4806,0
27.9481,2.33491,0,0,0.772727,0.0451386,0.36288,3.6288,59.7977,0.506551,0,0,0.470758,0.289646,0,0.66528,12.849,1,0.84672,0.36288,0,14.0419,5.41716,8.1409,0.84672,12.849,0.84672,3695.15,0,0.0036966,1.55724e-05,0.335897,1.80299,1.82496,1.41744,2.54639,0.42336,0.0018483,0.21168,0.0018483,0.21168,460.486,0,1.02816,0,0,1.36406,0.335897,1.028160,1,0,10.6873,0,0,0,10.6873,0
25.9085,2.33606,0,0,0.70321,0.0439459,0.36288,3.6288,59.4333,0.526932,0,0,0.451617,0.289045,0,0.66528,12.849,1,0.84672,0.36288,0,13.1889,5.41716,7.28787,0.84672,12.849,0.84672,3695.15,0,0.0036966,1.62871e-05,0.227405,1.78199,1.69662,1.41744,2.28856,0.42336,0.0018483,0.21168,0.0018483,0.21168,460.486,0,1.00778,0,0,1.23518,0.227405,1.028160,1,0,9.57644,0,0,0,9.57644,0
23.7837,2.33721,0,0,0.608501,0.0331842,0.36288,3.6288,59.0472,0.540471,0,0,0.449723,0.295355,0,0.66528,12.849,1,0.84672,0.36288,0,12.5836,5.65898,6.44083,0.84672,12.849,0.84672,3695.15,0,0.0036966,1.68079e-05,0.227405,1.78221,1.71926,1.44749,2.28137,0.42336,0.0018483,0.21168,0.0018483,0.21168,460.486,0,0.994239,0,0,1.22164,0.227405,1.028160,1,0,8.7222,0,0,0,8.7222,0
21.495,2.55193,0,0,0.666084,0.0399509,0.36288,3.6288,58.5796,0.637573,0,0,0.479785,0.309883,0,0.66528,12.849,1,0.84672,0.36288,0,16.7006,5.82225,10.3945,0.84672,12.849,0.84672,3695.15,0,0.0036966,1.99574e-05,0.551284,1.78243,1.72867,1.50785,2.55451,0.42336,0.0018483,0.21168,0.0018483,0.21168,460.486,0,1.02816,0,0,1.57944,0.551284,1.028160,1,0,12.949,0,0,0,12.949,0
19.2482,2.56561,0,0,0.721846,0.0402103,0.36288,3.6288,58.0444,0.62512,0,0,0.4192,0.329202,0,0.66528,12.849,1,0.84672,0.36288,0,18.9103,6.03425,12.3922,0.84672,12.849,0.84672,3695.15,0,0.0036966,1.97238e-05,0.438074,1.92391,1.57487,1.65322,2.28361,0.42336,0.0018483,0.21168,0.0018483,0.21168,460.486,0,1.02816,0,0,1.46623,0.438074,1.028160,1,0,14.6758,0,0,0,14.6758,0
17.1788,2.56643,0,0,0.898949,0.038981,0.36288,3.6288,57.8073,0.625527,0,0,0.716488,0.328068,0,0.66528,12.849,1,0.84672,0.36288,0,17.2708,6.03425,10.7528,0.84672,12.849,0.84672,3695.15,0,0.0036966,1.99186e-05,1.74545,1.91685,2.43506,1.65322,4.44412,0.42336,0.0018483,0.21168,0.0018483,0.21168,460.486,0,1.02816,0,0,2.77361,1.74545,1.028160,1,0,15.1969,0,0,0,15.1969,0
14.9355,2.56724,0,0,0.728732,0.0419737,0.36288,3.6288,57.4037,0.625935,0,0,0.509466,0.287114,0,0.66528,12.849,1,0.84672,0.36288,0,13.0321,4.92517,7.62313,0.84672,12.849,0.84672,3695.15,0,0.0036966,2.00133e-05,0.888244,1.91732,2.43669,1.2215,4.02074,0.42336,0.0018483,0.21168,0.0018483,0.21168,460.486,0,1.02816,0,0,1.9164,0.888244,1.028160,1,0,11.6439,0,0,0,11.6439,0
12.6863,2.56804,0,0,0.738573,0.0568546,0.36288,3.6288,57.3296,0.626342,0,0,0.801724,0.249519,0,0.66528,12.849,1,0.84672,0.36288,0,9.92485,4.61143,4.82958,0.84672,12.849,0.84672,3695.15,0,0.0036966,2.01671e-05,2.77371,1.9178,2.39833,1.12704,5.96278,0.42336,0.0018483,0.21168,0.0018483,0.21168,460.486,0,1.02816,0,0,3.80187,2.77371,1.028160,1,0,10.7924,0,0,0,10.7924,0
10.4334,2.46461,0,0,0.6148,0.0401339,0.36288,3.6288,57.0193,0.547127,0,0,0.481634,0.244769,0,0.66528,12.849,1,0.84672,0.36288,0,10.1499,4.86896,4.79713,0.84672,12.849,0.84672,3695.15,0,0.0036966,1.76393e-05,1.67758,1.91827,1.47433,1.26991,3.80025,0.42336,0.0018483,0.21168,0.0018483,0.21168,460.486,0,1.02816,0,0,2.70574,1.67758,1.028160,1,0,8.59738,0,0,0,8.59738,0
8.07513,2.46535,0,0,0.508043,0.038131,0.36288,3.6288,56.6519,0.547515,0,0,0.424311,0.244276,0,0.66528,12.849,1,0.84672,0.36288,0,9.37129,4.86896,4.01849,0.84672,12.849,0.84672,3695.15,0,0.0036966,1.77479e-05,1.37773,1.83769,1.36534,1.26991,3.31084,0.42336,0.0018483,0.21168,0.0018483,0.21168,460.486,0,1.02816,0,0,2.40589,1.37773,1.028160,1,0,7.32933,0,0,0,7.32933,0
6.11165,2.46604,0,0,0.944377,0.0789378,0.36288,3.6288,56.594,0.547903,0,0,0.66011,0.170118,0,0.66528,12.849,1,0.84672,0.36288,0,16.5466,3.83081,12.232,0.84672,12.849,0.84672,3695.15,0,0.0036966,1.78756e-05,1.97771,1.83814,2.37058,0.945417,5.24101,0.42336,0.0018483,0.21168,0.0018483,0.21168,460.486,0,1.02816,0,0,3.00587,1.97771,1.028160,1,0,17.473,0,0,0,17.473,0
5.0726,2.46668,0,0,1.88104,0.090532,0.36288,3.6288,56.9104,0.548291,0,0,1.00535,0.140635,0,0.66528,12.849,1,0.84672,0.36288,0,33.1633,3.41554,29.264,0.84672,12.849,0.84672,3695.15,0,0.0036966,1.79066e-05,3.13766,1.8386,3.3869,0.815621,7.54751,0.42336,0.0018483,0.21168,0.0018483,0.21168,460.486,0,1.02816,0,0,4.16582,3.13766,1.028160,1,0,36.8115,0,0,0,36.8115,0
4.06075,2.38174,0,0,1.81405,0.0812848,0.36288,3.6288,56.8111,0.476131,0,0,0.578048,0.201227,0,0.66528,12.849,1,0.84672,0.36288,0,29.0063,3.62524,24.8972,0.84672,12.849,0.84672,3695.15,0,0.0036966,1.54635e-05,0.915875,1.83905,3.33494,0.869628,5.22023,0.42336,0.0018483,0.21168,0.0018483,0.21168,460.486,0,1.02816,0,0,1.94403,0.915875,1.028160,1,0,30.1174,0,0,0,30.1174,0
2.85506,2.35228,0,0,1.58693,0.0774591,0.36288,3.6288,56.6118,0.506546,0,0,0.518461,0.211141,0,0.66528,12.849,1,0.84672,0.36288,0,23.8966,3.6602,19.7526,0.84672,12.849,0.84672,3695.15,0,0.0036966,1.648e-05,0.9194,1.7674,3.57444,0.878629,5.38259,0.42336,0.0018483,0.21168,0.0018483,0.21168,460.486,0,1.02816,0,0,1.94756,0.9194,1.028160,1,0,25.1352,0,0,0,25.1352,0
4.10029,2.353,0,0,4.03512,0.0740166,0.36288,3.6288,57.5543,0.506546,0,0,1.65991,0.210867,0,0.66528,12.849,1,0.84672,0.36288,0,66.67,3.6602,62.526,0.84672,12.849,0.84672,3695.15,0,0.0036966,1.6538e-05,4.89815,1.78542,8.3535,0.878629,14.1584,0.42336,0.0018483,0.21168,0.0018483,0.21168,460.486,0,1.02816,0,0,5.92631,4.89815,1.028160,1,0,76.6844,0,0,0,76.6844,0
6.04477,2.35462,0,0,4.74837,0.0863874,0.36288,3.6288,58.9919,0.506546,0,0,2.14098,0.196872,0,0.66528,12.849,1,0.84672,0.36288,0,79.5449,3.44254,75.6185,0.84672,12.849,0.84672,3695.15,0,0.0036966,1.62672e-05,2.83773,1.78564,8.46325,0.816976,12.2696,0.42336,0.0018483,0.21168,0.0018483,0.21168,460.486,0,1.02816,0,0,3.86589,2.83773,1.028160,1,0,87.8881,0,0,0,87.8881,0
6.73564,2.11276,0,0,3.27052,0.103996,0.36288,3.6288,60.1053,0.3553,0,0,1.6448,0.176145,0,0.66528,12.849,1,0.84672,0.36288,0,54.4806,3.4406,50.5562,0.84672,12.849,0.84672,3695.15,0,0.0036966,1.11321e-05,2.41076,1.78586,6.57628,0.855185,9.9177,0.42336,0.0018483,0.21168,0.0018483,0.21168,460.486,0,1.02816,0,0,3.43892,2.41076,1.028160,1,0,60.4739,0,0,0,60.4739,0
7.64676,1.96272,0,0,3.34168,0.104966,0.36288,3.6288,61.308,0.50651,0,0,2.10911,0.176988,0.222868,0.66528,12.849,1,0.84672,0.36288,0,68.4611,3.72718,64.2501,0.84672,12.849,0.84672,3695.15,0,0.0036966,1.55757e-05,3.01086,1.6236,8.9492,1.01817,12.5655,0.42336,0.0018483,0.21168,0.0018483,0.21168,460.486,0,1.02816,0,0,4.03902,3.01086,1.028160,1,0,77.0384,0,0,0,77.0384,0
8.36838,1.96386,0,0,3.15691,0.108551,0.36288,3.6288,61.308,0.50651,0,0,1.86944,0.194413,1.16851,0.66528,12.849,1,0.84672,0.36288,0,69.4757,3.96805,65.0238,0.84672,12.849,0.84672,3695.15,0,0.0036966,1.52702e-05,2.56696,1.71229,7.48297,1.11318,10.649,0.42336,0.0018483,0.21168,0.0018483,0.21168,460.486,0,1.02816,0,0,3.59512,2.56696,1.028160,1,0,76.8414,0,0,0,76.8414,0
10.5906,1.96497,0,0,4.67186,0.121761,0.36288,3.6288,61.308,0.50651,0,0,2.4085,0.230953,1.67104,0.66528,12.849,1,0.84672,0.36288,0,75.8473,4.57424,70.7892,0.84672,12.849,0.84672,3695.15,0,0.0036966,1.52702e-05,3.78988,1.71249,10.0066,1.29834,14.2106,0.42336,0.0018483,0.21168,0.0018483,0.21168,460.486,0,1.02816,0,0,4.81804,3.78988,1.028160,1,0,86.6708,0,0,0,86.6708,0
13.9038,1.96613,0,0,5.78215,0.139989,0.36288,3.6288,61.308,0.50651,0,0,2.58555,0.219618,1.85943,0.66528,12.849,1,0.84672,0.36288,0,119.311,4.465,114.363,0.84672,12.849,0.84672,3695.15,0,0.0036966,1.52702e-05,3.98219,1.71269,11.9988,1.20114,16.4925,0.42336,0.0018483,0.21168,0.0018483,0.21168,460.486,0,1.02816,0,0,5.01035,3.98219,1.028160,1,0,132.715,0,0,0,132.715,0
18.1257,2.061,0,0,6.79796,0.15218,0.36288,3.6288,61.308,0.550352,0,0,3.19926,0.208577,2.44033,0.66528,12.849,1,0.84672,0.36288,0,141.244,4.74229,136.018,0.84672,12.849,0.84672,3695.15,0,0.0036966,1.65919e-05,3.786,1.71289,11.3728,1.15717,15.7145,0.42336,0.0018483,0.21168,0.0018483,0.21168,460.486,0,1.02816,0,0,4.81416,3.786,1.028160,1,0,154.173,0,0,0,154.173,0
23.22,2.10597,0,0,7.72295,0.159736,0.36288,3.6288,61.308,0.506507,0,0,4.66805,0.202376,3.95917,0.66528,12.849,1,0.84672,0.36288,0,99.3514,4.52792,94.3396,0.84672,12.849,0.84672,3695.15,0,0.0036966,1.527e-05,5.15923,1.76453,13.3253,1.13039,19.1187,0.42336,0.0018483,0.21168,0.0018483,0.21168,460.486,0,1.02816,0,0,6.18739,5.15923,1.028160,1,0,117.417,0,0,0,117.417,0
27.1861,2.10707,0,0,6.60733,0.171341,0.36288,3.6288,61.308,0.506507,0,0,3.25639,0.202376,2.54751,0.66528,12.849,1,0.84672,0.36288,0,111.027,4.52792,106.016,0.84672,12.849,0.84672,3695.15,0,0.0036966,1.527e-05,3.66131,1.73907,12.6369,1.13039,16.9068,0.42336,0.0018483,0.21168,0.0018483,0.21168,460.486,0,1.02816,0,0,4.68947,3.66131,1.028160,1,0,125.47,0,0,0,125.47,0
30.1365,2.10815,0,0,5.59951,0.178006,0.36288,3.6288,61.308,0.506507,0,0,2.41056,0.18649,1.71756,0.66528,12.849,1,0.84672,0.36288,0,128.16,4.56806,123.108,0.84672,12.849,0.84672,3695.15,0,0.0036966,1.52701e-05,2.56211,1.73927,10.6967,1.10177,13.8963,0.42336,0.0018483,0.21168,0.0018483,0.21168,460.486,0,1.02816,0,0,3.59027,2.56211,1.028160,1,0,138.722,0,0,0,138.722,0
34.5097,2.41054,0,0,7.33053,0.183981,0.36288,3.6288,61.308,0.66528,0,0,3.57464,0.21622,2.69314,0.66528,12.849,1,0.84672,0.36288,0,117.595,4.30503,112.806,0.84672,12.849,0.84672,3695.15,0,0.0036966,0.0018483,4.256,1.73947,12.2107,1.15429,17.05,0.42336,0.0018483,0.21168,0.0018483,0.21168,460.486,0,1.02816,0,0,5.28416,4.256,1.028160,1,0,132.549,0,0,0,132.549,0
39.6288,2.54466,0,0,8.22416,0.197541,0.36288,3.6288,61.308,0.538332,0,0,5.35771,0.243997,4.57538,0.66528,12.849,1,0.84672,0.36288,0,177.479,4.15968,172.835,0.84672,12.849,0.84672,3695.15,0,0.0036966,1.62295e-05,4.74778,1.92344,15.1379,1.20391,20.6052,0.42336,0.0018483,0.21168,0.0018483,0.21168,460.486,0,1.02816,0,0,5.77594,4.74778,1.028160,1,0,198.016,0,0,0,198.016,0
44.7308,2.56163,0,0,8.23643,0.209881,0.36288,3.6288,61.308,0.538701,0,0,4.60072,0.243997,3.81802,0.66528,12.849,1,0.830568,0.36288,0,178.675,4.15968,174.048,0.84672,12.849,0.84672,3695.15,0,0.0036966,1.62406e-05,5.46972,1.84585,18.9945,1.20391,25.1062,0.42336,0.0018483,0.21168,0.0018483,0.21168,460.486,0,1.02816,0,0,6.49788,5.46972,1.028160,1,0,202.972,0,0,0,202.972,0
48.2563,2.63585,0,0,6.75374,0.229513,0.36288,3.6288,61.308,0.53907,0,0,4.25399,0.198261,3.51666,0.66528,12.849,1,0.757154,0.36288,0,193.962,3.69745,189.87,0.84672,12.849,0.84672,3695.15,0,0.0036966,1.62518e-05,3.82905,1.84629,18.816,1.08135,23.41,0.42336,0.0018483,0.21168,0.0018483,0.21168,460.486,0,1.02816,0,0,4.85721,3.82905,1.028160,1,0,216.797,0,0,0,216.797,0
50.6748,2.34044,0,0,5.37548,0.253624,0.36288,3.6288,61.308,0.318112,0,0,2.51779,0.218453,1.98123,0.66528,12.849,1,0.62318,0.36288,0,141.107,3.61419,137.232,0.84672,12.849,0.84672,3695.15,0,0.0036966,9.59038e-06,1.63349,1.84672,9.81858,1.00896,12.2898,0.42336,0.0018483,0.21168,0.0018483,0.21168,460.486,0,1.02816,0,0,2.66165,1.63349,1.028160,1,0,151.503,0,0,0,151.503,0
53.4298,2.36473,0,0,5.74786,0.265246,0.36288,3.6288,61.308,0.318429,0,0,2.55526,0.233848,2.00299,0.66528,12.849,1,0.599596,0.36288,0,105.152,3.65484,101.261,0.84672,12.849,0.84672,3695.15,0,0.0036966,9.59993e-06,1.52214,1.59554,8.46366,0.999618,10.5817,0.42336,0.0018483,0.21168,0.0018483,0.21168,460.486,0,1.02816,0,0,2.5503,1.52214,1.028160,1,0,113.845,0,0,0,113.845,0
55.9448,2.39022,0,0,5.541,0.272918,0.36288,3.6288,61.308,0.318746,0,0,3.03837,0.233848,2.48577,0.66528,12.849,1,0.574809,0.36288,0,116.719,3.65484,112.853,0.84672,12.849,0.84672,3695.15,0,0.0036966,9.60949e-06,1.78925,1.59591,9.30018,0.999618,11.6857,0.42336,0.0018483,0.21168,0.0018483,0.21168,460.486,0,1.02816,0,0,2.81741,1.78925,1.028160,1,0,127.024,0,0,0,127.024,0
58.4049,2.4118,0,0,5.47525,0.240443,0.36288,3.6288,61.308,0.319063,0,0,2.91521,0.209783,2.38636,0.66528,12.849,1,0.553926,0.36288,0,124.967,3.30606,121.47,0.84672,12.849,0.84672,3695.15,0,0.0036966,9.61905e-06,1.84553,1.59629,8.89479,0.949516,11.3871,0.42336,0.0018483,0.21168,0.0018483,0.21168,460.486,0,1.02816,0,0,2.87369,1.84553,1.028160,1,0,135.244,0,0,0,135.244,0
62.7716,2.4315,0,0,7.40435,0.243258,0.36288,3.6288,61.308,0.319381,0,0,5.60993,0.226559,5.064,0.66528,12.849,1,0.534927,0.36288,0,155.679,3.63552,151.871,0.84672,12.849,0.84672,3695.15,0,0.0036966,9.62861e-06,3.5935,1.59666,15.4346,1.03592,19.5888,0.42336,0.0018483,0.21168,0.0018483,0.21168,460.486,0,1.02816,0,0,4.62166,3.5935,1.028160,1,0,176.524,0,0,0,176.524,0
65.3459,2.55297,0,0,5.7842,0.29411,0.36288,3.6288,61.308,0.373906,0,0,3.85524,0.2332,3.24813,0.66528,12.849,1,0.522578,0.36288,0,135.083,3.55204,131.371,0.84672,12.849,0.84672,3695.15,0,0.0036966,1.12724e-05,4.07391,1.59704,11.5362,1.0952,16.1119,0.42336,0.0018483,0.21168,0.0018483,0.21168,460.486,0,1.02816,0,0,5.10207,4.07391,1.028160,1,0,150.731,0,0,0,150.731,0
67.4839,2.57078,0,0,5.372,0.300302,0.36288,3.6288,61.308,0.374236,0,0,3.36842,0.2332,2.76098,0.66528,12.849,1,0.505494,0.36288,0,125.376,3.55204,121.681,0.84672,12.849,0.84672,3695.15,0,0.0036966,1.12824e-05,3.52941,1.65962,11.8787,1.0952,15.9725,0.42336,0.0018483,0.21168,0.0018483,0.21168,460.486,0,1.02816,0,0,4.55757,3.52941,1.028160,1,0,140.415,0,0,0,140.415,0
68.7574,2.58484,0,0,4.52661,0.305445,0.36288,3.6288,61.308,0.374566,0,0,3.13121,0.2332,2.52344,0.66528,12.849,1,0.492156,0.36288,0,104.476,3.55204,100.794,0.84672,12.849,0.84672,3695.15,0,0.0036966,1.12923e-05,3.60005,1.66001,9.74022,1.0952,13.9051,0.42336,0.0018483,0.21168,0.0018483,0.21168,460.486,0,1.02816,0,0,4.62821,3.60005,1.028160,1,0,117.223,0,0,0,117.223,0
68.8062,2.59313,0,0,3.26074,0.255852,0.36288,3.6288,61.308,0.374896,0,0,2.77589,0.265485,2.1355,0.66528,12.849,1,0.48459,0.36288,0,78.6361,3.98103,74.5334,0.84672,12.849,0.84672,3695.15,0,0.0036966,1.13023e-05,3.13316,1.6604,8.91518,1.1933,12.5154,0.42336,0.0018483,0.21168,0.0018483,0.21168,460.486,0,1.02816,0,0,4.16132,3.13316,1.028160,1,0,89.1843,0,0,0,89.1843,0
68.9371,2.55828,0,0,3.29975,0.247739,0.36288,3.6288,61.308,0.354153,0,0,1.78349,0.194379,1.23496,0.66528,12.849,1,0.477738,0.36288,0,70.3331,3.47067,66.7475,0.84672,12.849,0.84672,3695.15,0,0.0036966,1.06769e-05,2.71299,1.66079,5.79074,1.18239,8.98212,0.42336,0.0018483,0.21168,0.0018483,0.21168,460.486,0,1.02816,0,0,3.74115,2.71299,1.028160,1,0,76.9646,0,0,0,76.9646,0
68.7287,2.55965,0,0,2.96217,0.247991,0.36288,3.6288,61.308,0.354478,0,0,1.88141,0.194379,1.33255,0.66528,12.849,1,0.477086,0.36288,0,65.035,3.47067,61.4501,0.84672,12.849,0.84672,3695.15,0,0.0036966,1.06867e-05,2.81213,1.63695,5.81602,1.18239,9.0827,0.42336,0.0018483,0.21168,0.0018483,0.21168,460.486,0,1.02816,0,0,3.84029,2.81213,1.028160,1,0,71.8654,0,0,0,71.8654,0
68.7802,2.55903,0,0,3.22091,0.247589,0.36288,3.6288,61.308,0.354803,0,0,1.62173,0.194379,1.07255,0.66528,12.849,1,0.478417,0.36288,0,67.1,3.47067,63.5138,0.84672,12.849,0.84672,3695.15,0,0.0036966,1.06965e-05,2.2545,1.63733,7.12679,1.18239,9.83621,0.42336,0.0018483,0.21168,0.0018483,0.21168,460.486,0,1.02816,0,0,3.28266,2.2545,1.028160,1,0,74.4225,0,0,0,74.4225,0
68.5573,2.55993,0,0,2.90623,0.206247,0.36288,3.6288,61.308,0.355128,0,0,1.5875,0.21515,1.01723,0.66528,12.849,1,0.478228,0.36288,0,60.8506,5.10814,55.6271,0.84672,12.849,0.84672,3695.15,0,0.0036966,1.07063e-05,2.39579,1.63772,5.99839,1.24695,8.78494,0.42336,0.0018483,0.21168,0.0018483,0.21168,460.486,0,1.02816,0,0,3.42395,2.39579,1.028160,1,0,65.4292,0,0,0,65.4292,0
67.9787,2.68063,0,0,2.62966,0.16478,0.36288,3.6288,61.308,0.430258,0,0,1.51305,0.245854,0.836934,0.66528,12.849,1,0.502403,0.36288,0,49.9606,5.05847,44.7626,0.84672,12.849,0.84672,3695.15,0,0.0036966,1.29713e-05,2.22286,1.6381,5.3186,1.24005,7.9395,0.42336,0.0018483,0.21168,0.0018483,0.21168,460.486,0,1.02816,0,0,3.25102,2.22286,1.028160,1,0,53.5391,0,0,0,53.5391,0
67.4799,2.67766,0,0,2.71372,0.171996,0.36288,3.6288,61.308,0.430601,0,0,1.37595,0.2566,0.688745,0.66528,12.849,1,0.506118,0.36288,0,53.6811,4.81236,48.7255,0.84672,12.849,0.84672,3695.15,0,0.0036966,1.29817e-05,1.90675,1.7233,4.76131,1.14615,7.2452,0.42336,0.0018483,0.21168,0.0018483,0.21168,460.486,0,1.02816,0,0,2.93491,1.90675,1.028160,1,0,56.6595,0,0,0,56.6595,0
66.6456,2.67515,0,0,2.36809,0.164388,0.36288,3.6288,61.308,0.430944,0,0,1.2789,0.261322,0.586636,0.66528,12.849,1,0.509381,0.36288,0,47.9797,4.86591,42.9673,0.84672,12.849,0.84672,3695.15,0,0.0036966,1.2992e-05,1.71296,1.7237,4.60514,1.15983,6.88196,0.42336,0.0018483,0.21168,0.0018483,0.21168,460.486,0,1.02816,0,0,2.74112,1.71296,1.028160,1,0,50.4359,0,0,0,50.4359,0
65.7205,2.67043,0,0,2.23017,0.121968,0.36288,3.6288,61.308,0.431287,0,0,1.22564,0.289652,0.504697,0.66528,12.849,1,0.514848,0.36288,0,43.0244,5.18721,37.6853,0.84672,12.849,0.84672,3695.15,0,0.0036966,1.30023e-05,1.58867,1.72411,4.35535,1.24192,6.4262,0.42336,0.0018483,0.21168,0.0018483,0.21168,460.486,0,1.02816,0,0,2.61683,1.58867,1.028160,1,0,44.6162,0,0,0,44.6162,0
64.5852,2.66499,0,0,2.01146,0.118813,0.36288,3.6288,61.308,0.43163,0,0,1.01803,0.279156,0.307244,0.66528,12.849,1,0.521032,0.36288,0,40.3002,5.09613,35.046,0.84672,12.849,0.84672,3695.15,0,0.0036966,1.30127e-05,1.13646,1.72451,4.26774,1.21009,5.91861,0.42336,0.0018483,0.21168,0.0018483,0.21168,460.486,0,1.02816,0,0,2.16462,1.13646,1.028160,1,0,41.2718,0,0,0,41.2718,0
63.1633,2.63417,0,0,1.68723,0.112133,0.36288,3.6288,61.1838,0.473135,0,0,0.601876,0.252915,0,0.66528,12.849,1,0.524059,0.36288,0,32.0138,4.86843,26.9842,0.84672,12.849,0.84672,3695.15,0,0.0036966,1.4264e-05,0.505423,1.72492,3.13156,1.13052,4.23136,0.42336,0.0018483,0.21168,0.0018483,0.21168,460.486,0,1.02816,0,0,1.53358,0.505423,1.028160,1,0,31.2155,0,0,0,31.2155,0
61.6066,2.62498,0,0,1.54201,0.110848,0.36288,3.6288,61.0205,0.473488,0,0,0.562846,0.252717,0,0.66528,12.849,1,0.533988,0.36288,0,30.1118,4.86843,25.0722,0.84672,12.849,0.84672,3695.15,0,0.0036966,1.43036e-05,0.282459,1.75178,2.97995,1.13052,3.88365,0.42336,0.0018483,0.21168,0.0018483,0.21168,460.486,0,1.02816,0,0,1.31062,0.282459,1.028160,1,0,28.9559,0,0,0,28.9559,0
59.9552,2.61443,0,0,1.41792,0.0919429,0.36288,3.6288,60.7837,0.473841,0,0,0.533375,0.296252,0,0.66528,12.849,1,0.54528,0.36288,0,26.9603,5.43303,21.3449,0.84672,12.849,0.84672,3695.15,0,0.0036966,1.43526e-05,0.283314,1.75219,2.83732,1.33661,3.5362,0.42336,0.0018483,0.21168,0.0018483,0.21168,460.486,0,1.02816,0,0,1.31147,0.283314,1.028160,1,0,24.8811,0,0,0,24.8811,0
58.2414,2.60267,0,0,1.32945,0.0777115,0.36288,3.6288,60.4714,0.484449,0,0,0.500659,0.328606,0,0.66528,12.849,1,0.557779,0.36288,0,24.2311,5.85648,18.1798,0.84672,12.849,0.84672,3695.15,0,0.0036966,1.4731e-05,0.261274,1.7526,2.73403,1.49118,3.25671,0.42336,0.0018483,0.21168,0.0018483,0.21168,460.486,0,1.0179,0,0,1.27918,0.261274,1.028160,1,0,21.4365,0,0,0,21.4365,0
56.4494,2.65028,0,0,1.3003,0.0791235,0.36288,3.6288,60.0372,0.597724,0,0,0.460045,0.296505,0,0.66528,12.849,1,0.584694,0.36288,0,22.9734,5.53743,17.2142,0.84672,12.849,0.84672,3695.15,0,0.0036966,1.82694e-05,0.261274,1.75301,2.42445,1.40811,3.03061,0.42336,0.0018483,0.21168,0.0018483,0.21168,460.486,0,0.9417,0,0,1.20297,0.261274,1.028160,1,0,20.2448,0,0,0,20.2448,0
54.5719,2.63577,0,0,1.19927,0.0781843,0.36288,3.6288,59.5367,0.637482,0,0,0.427443,0.290459,0,0.66528,12.849,1,0.599954,0.36288,0,21.5794,5.48425,15.8581,0.84672,12.849,0.84672,3695.15,0,0.0036966,1.96255e-05,0.261274,1.79562,2.43614,1.39426,3.09875,0.42336,0.0018483,0.21168,0.0018483,0.21168,460.486,0,0.902301,0,0,1.16357,0.261274,1.028160,1,0,18.9569,0,0,0,18.9569,0
52.5985,2.61968,0,0,1.08588,0.0767311,0.36288,3.6288,58.9329,0.7226,0,0,0.408401,0.289533,0,0.66528,12.849,1,0.616806,0.36288,0,20.3236,5.48425,14.5854,0.84672,12.849,0.84672,3695.15,0,0.0036966,2.24329e-05,0.227405,1.79604,2.2651,1.39426,2.89426,0.42336,0.0018483,0.21168,0.0018483,0.21168,460.486,0,0.817543,0,0,1.04495,0.227405,1.028160,1,0,17.4797,0,0,0,17.4797,0
50.5207,2.60169,0,0,0.94964,0.0628182,0.36288,3.6288,58.3027,0.739645,0,0,0.405505,0.296069,0,0.66528,12.849,1,0.635553,0.36288,0,19.3526,5.70858,13.3713,0.84672,12.849,0.84672,3695.15,0,0.0036966,2.31973e-05,0.227405,1.79647,2.28932,1.43908,2.87409,0.42336,0.0018483,0.21168,0.0018483,0.21168,460.486,0,0.800859,0,0,1.02826,0.227405,1.028160,1,0,16.2454,0,0,0,16.2454,0
48.2105,2.75386,0,0,0.872294,0.0658038,0.36288,3.6288,57.3404,1.03196,0,0,0.3782,0.308622,0,0.66528,12.849,1,0.700393,0.36288,0,18.9085,5.54306,13.0279,0.84672,12.849,0.84672,3695.15,0,0.0036966,3.27149e-05,0.227405,1.79689,1.91296,1.34647,2.59075,0.42336,0.0018483,0.21168,0.0018483,0.21168,460.486,0,0.641563,0,0,0.868968,0.227405,1.028160,1,0,15.6186,0,0,0,15.6186,0
45.9558,2.728,0,0,0.907165,0.0709848,0.36288,3.6288,56.1137,1.24461,0,0,0.342073,0.324111,0,0.66528,12.849,1,0.727063,0.36288,0,18.1043,5.4228,12.3173,0.84672,12.849,0.84672,3695.15,0,0.0036966,4.01186e-05,0.227405,1.94033,1.63688,1.43215,2.37243,0.42336,0.0018483,0.21168,0.0018483,0.21168,460.486,0,0.429296,0,0,0.6567,0.227405,1.028160,1,0,14.6897,0,0,0,14.6897,0
43.6736,2.70075,0,0,0.851705,0.0702351,0.36288,3.6288,55.3203,0.81814,0,0,0.337767,0.313029,0,0.66528,12.849,1,0.755117,0.36288,0,17.4671,5.5271,11.5478,0.84672,12.849,0.84672,3695.15,0,0.0036966,2.69483e-05,0.204422,1.94079,1.7226,1.46694,2.40084,0.42336,0.0018483,0.21168,0.0018483,0.21168,460.486,0,0.856172,0,0,1.06059,0.204422,1.028160,1,0,13.9487,0,0,0,13.9487,0
41.3783,2.67089,0,0,0.806872,0.0684461,0.36288,3.6288,54.5149,0.819648,0,0,0.325687,0.311406,0,0.66528,12.849,1,0.785789,0.36288,0,17.3127,5.5271,11.3627,0.84672,12.849,0.84672,3695.15,0,0.0036966,2.73852e-05,0.204422,1.94124,1.63451,1.46694,2.3132,0.42336,0.0018483,0.21168,0.0018483,0.21168,460.486,0,0.855058,0,0,1.05948,0.204422,1.028160,1,0,13.6759,0,0,0,13.6759,0
39.0919,2.63824,0,0,0.775673,0.0608619,0.36288,3.6288,53.616,0.886342,0,0,0.303207,0.315778,0,0.66528,12.849,1,0.819241,0.36288,0,16.1637,5.73259,9.97476,0.84672,12.849,0.84672,3695.15,0,0.0036966,3.0051e-05,0.204422,1.9417,1.52393,1.49858,2.17144,0.42336,0.0018483,0.21168,0.0018483,0.21168,460.486,0,0.788754,0,0,0.993177,0.204422,1.028160,1,0,12.1462,0,0,0,12.1462,0
36.7522,2.52338,0,0,0.611929,0.065457,0.36288,3.6288,52.3033,1.17353,0,0,0.173471,0.312649,0,0.66528,12.849,1,0.8294,0.36288,0,12.6017,6.0115,6.12367,0.84672,12.849,0.84672,3695.15,0,0.0036966,4.04551e-05,0.204422,1.94216,0.78846,1.44547,1.48953,0.42336,0.0018483,0.21168,0.0018483,0.21168,460.486,0,0.42133,0,0,0.625752,0.204422,1.028160,1,0,7.6132,0,0,0,7.6132,0
34.4318,2.50684,0,0,0.675846,0.126443,0.36288,3.6288,51.2362,1.03368,0,0,0.231752,0.265217,0,0.66528,12.849,1,0.84672,0.36288,0,11.9165,4.82076,6.61195,0.84672,12.849,0.84672,3695.15,0,0.0036966,3.65281e-05,0.216518,1.86055,1.00052,1.16815,1.9094,0.42336,0.0018483,0.21168,0.0018483,0.21168,460.486,0,0.561565,0,0,0.778084,0.216518,1.028160,1,0,8.52135,0,0,0,8.52135,0
32.0679,2.50761,0,0,0.63376,0.127185,0.36288,3.6288,50.1973,1.0233,0,0,0.249225,0.264818,0,0.66528,12.849,1,0.84672,0.36288,0,14.1777,4.85331,8.84057,0.84672,12.849,0.84672,3695.15,0,0.0036966,3.69147e-05,0.216518,1.86099,1.05361,1.18679,1.94429,0.42336,0.0018483,0.21168,0.0018483,0.21168,460.486,0,0.572314,0,0,0.788832,0.216518,1.028160,1,0,10.7849,0,0,0,10.7849,0
29.7783,2.50839,0,0,0.705171,0.123513,0.36288,3.6288,49.2962,0.918427,0,0,0.279959,0.262586,0,0.66528,12.849,1,0.84672,0.36288,0,21.3758,4.85331,16.0386,0.84672,12.849,0.84672,3695.15,0,0.0036966,3.38171e-05,0.216518,1.86143,1.21555,1.18679,2.10667,0.42336,0.0018483,0.21168,0.0018483,0.21168,460.486,0,0.677566,0,0,0.894084,0.216518,1.028160,1,0,18.1453,0,0,0,18.1453,0
27.5192,2.42248,0,0,0.690517,0.164276,0.36288,3.6288,48.7973,0.637624,0,0,0.345266,0.206601,0,0.66528,12.849,1,0.84672,0.36288,0,26.5535,4.18918,21.8805,0.84672,12.849,0.84672,3695.15,0,0.0036966,2.39069e-05,0.216518,1.86187,1.3607,0.971993,2.46706,0.42336,0.0018483,0.21168,0.0018483,0.21168,460.486,0,0.885304,0,0,1.10182,0.216518,1.028160,1,0,24.3475,0,0,0,24.3475,0
26.0431,2.41184,0,0,1.47515,0.176508,0.36288,3.6288,48.1326,0.832058,0,0,0.351659,0.184221,0,0.66528,12.849,1,0.84672,0.36288,0,37.3447,3.92353,32.9373,0.84672,12.849,0.84672,3695.15,0,0.0036966,3.1516e-05,0.216518,1.78931,1.63748,0.886073,2.7572,0.42336,0.0018483,0.21168,0.0018483,0.21168,460.486,0,0.70262,0,0,0.919139,0.216518,1.028160,1,0,35.6945,0,0,0,35.6945,0
26.083,2.41295,0,0,2.98865,0.172898,0.36288,3.6288,48.2086,0.50653,0,0,0.765645,0.183207,0,0.66528,12.849,1,0.84672,0.36288,0,59.1558,3.92353,54.7485,0.84672,12.849,0.84672,3695.15,0,0.0036966,1.94508e-05,0.996097,1.7964,3.44132,0.886073,5.34772,0.42336,0.0018483,0.21168,0.0018483,0.21168,460.486,0,1.02816,0,0,2.02426,0.996097,1.028160,1,0,60.0962,0,0,0,60.0962,0
25.118,2.41408,0,0,1.98488,0.172995,0.36288,3.6288,48.2581,0.50653,0,0,0.739377,0.183323,0,0.66528,12.849,1,0.84672,0.36288,0,36.4097,3.92353,32.0024,0.84672,12.849,0.84672,3695.15,0,0.0036966,1.94202e-05,1.05807,1.79661,2.56309,0.886073,4.53168,0.42336,0.0018483,0.21168,0.0018483,0.21168,460.486,0,1.02816,0,0,2.08623,1.05807,1.028160,1,0,36.534,0,0,0,36.534,0
23.9716,2.16876,0,0,1.57152,0.186222,0.36288,3.6288,48.0998,0.416681,0,0,0.449633,0.191254,0,0.66528,12.849,1,0.84672,0.36288,0,43.9398,4.07984,39.3761,0.84672,12.849,0.84672,3695.15,0,0.0036966,1.5959e-05,0.292723,1.79682,3.17969,0.946558,4.32266,0.42336,0.0018483,0.21168,0.0018483,0.21168,460.486,0,0.964894,0,0,1.25762,0.292723,1.028160,1,0,43.6987,0,0,0,43.6987,0
22.8298,2.01672,0,0,1.41175,0.173956,0.36288,3.6288,47.8861,0.506494,0,0,0.479617,0.186825,0,0.66528,12.849,1,0.84672,0.36288,0,69.356,4.01762,64.8545,0.84672,12.849,0.84672,3695.15,0,0.0036966,1.94627e-05,0.397691,1.63255,2.62836,0.964025,3.69455,0.42336,0.0018483,0.21168,0.0018483,0.21168,460.486,0,1.02816,0,0,1.42585,0.397691,1.028160,1,0,68.5491,0,0,0,68.5491,0
21.5991,2.01774,0,0,1.32101,0.171173,0.36288,3.6288,47.4565,0.673378,0,0,0.430286,0.186492,0,0.66528,12.849,1,0.84672,0.36288,0,47.9256,4.01762,43.4241,0.84672,12.849,0.84672,3695.15,0,0.0036966,2.5991e-05,0.412474,1.72233,2.37999,0.964025,3.55074,0.42336,0.0018483,0.21168,0.0018483,0.21168,460.486,0,0.86127,0,0,1.27374,0.412474,1.028160,1,0,46.9748,0,0,0,46.9748,0
20.6048,2.01876,0,0,1.55574,0.168358,0.36288,3.6288,47.0517,0.646396,0,0,0.427467,0.185824,0,0.66528,12.849,1,0.84672,0.36288,0,59.4818,4.01762,54.9804,0.84672,12.849,0.84672,3695.15,0,0.0036966,2.51754e-05,0.412474,1.72252,2.3562,0.964025,3.52714,0.42336,0.0018483,0.21168,0.0018483,0.21168,460.486,0,0.888252,0,0,1.30073,0.412474,1.028160,1,0,58.5075,0,0,0,58.5075,0
19.8663,2.01979,0,0,1.80842,0.164214,0.36288,3.6288,46.7544,0.506494,0,0,0.428295,0.219183,0,0.66528,12.849,1,0.84672,0.36288,0,54.5848,5.17524,48.9257,0.84672,12.849,0.84672,3695.15,0,0.0036966,1.98962e-05,0.43181,1.72271,2.49291,1.3234,3.32401,0.42336,0.0018483,0.21168,0.0018483,0.21168,460.486,0,1.02816,0,0,1.45997,0.43181,1.028160,1,0,52.2497,0,0,0,52.2497,0
18.7272,2.11569,0,0,1.4926,0.153198,0.36288,3.6288,45.9282,1.08553,0,0,0.450153,0.190752,0,0.66528,12.849,1,0.84672,0.36288,0,25.852,3.86998,21.4982,0.84672,12.849,0.84672,3695.15,0,0.0036966,4.29134e-05,0.412474,1.72291,1.74125,0.950276,2.92631,0.42336,0.0018483,0.21168,0.0018483,0.21168,460.486,0,0.493482,0,0,0.905956,0.412474,1.028160,1,0,24.4245,0,0,0,24.4245,0
18.9725,2.16108,0,0,2.92005,0.15077,0.36288,3.6288,45.235,1.02373,0,0,0.519761,0.189303,0,0.66528,12.849,1,0.84672,0.36288,0,39.1282,3.86998,34.7744,0.84672,12.849,0.84672,3695.15,0,0.0036966,4.11981e-05,0.503194,1.77517,3.00874,0.950276,4.33679,0.42336,0.0018483,0.21168,0.0018483,0.21168,460.486,0,0.510901,0,0,1.01409,0.503194,1.028160,1,0,39.1112,0,0,0,39.1112,0
20.3426,2.1621,0,0,4.07926,0.184118,0.36288,3.6288,44.4859,1.05815,0,0,0.502414,0.193292,0,0.66528,12.849,1,0.84672,0.36288,0,60.4887,4.20689,55.798,0.84672,12.849,0.84672,3695.15,0,0.0036966,4.32359e-05,0.503194,1.74939,3.06024,1.13878,4.17399,0.42336,0.0018483,0.21168,0.0018483,0.21168,460.486,0,0.476479,0,0,0.979672,0.503194,1.028160,1,0,59.972,0,0,0,59.972,0
20.1756,2.16313,0,0,2.55997,0.201057,0.36288,3.6288,43.7044,1.07518,0,0,0.487653,0.194009,0,0.66528,12.849,1,0.84672,0.36288,0,48.1015,4.34165,43.276,0.84672,12.849,0.84672,3695.15,0,0.0036966,4.46717e-05,0.503194,1.74958,2.22535,1.21418,3.2639,0.42336,0.0018483,0.21168,0.0018483,0.21168,460.486,0,0.459441,0,0,0.962634,0.503194,1.028160,1,0,46.5399,0,0,0,46.5399,0
20.9511,2.46914,0,0,3.80203,0.194451,0.36288,3.6288,43.8381,0.66528,0,0,0.994671,0.195638,0,0.66528,12.849,1,0.84672,0.36288,0,64.6678,4.1002,60.0838,0.84672,12.849,0.84672,3695.15,0,0.0036966,0.0018483,1.23319,1.74977,5.12025,1.12748,6.97388,0.42336,0.0018483,0.21168,0.0018483,0.21168,460.486,0,1.02816,0,0,2.26135,1.23319,1.028160,1,0,67.0576,0,0,0,67.0576,0
23.717,2.58605,0,0,5.90673,0.191885,0.36288,3.6288,43.9461,0.557486,0,0,0.863672,0.19818,0,0.66528,12.849,1,0.84672,0.36288,0,96.5148,3.91913,92.1119,0.84672,12.849,0.84672,3695.15,0,0.0036966,2.35047e-05,1.06325,1.93598,6.31878,1.06246,8.25552,0.42336,0.0018483,0.21168,0.0018483,0.21168,460.486,0,1.02816,0,0,2.09141,1.06325,1.028160,1,0,100.367,0,0,0,100.367,0
28.0376,2.58685,0,0,7.46963,0.199285,0.36288,3.6288,44.2714,0.557841,0,0,1.0815,0.198382,0,0.66528,12.849,1,0.84672,0.36288,0,148.345,3.91913,143.942,0.84672,12.849,0.84672,3695.15,0,0.0036966,2.34619e-05,0.992943,1.86843,8.16591,1.06246,9.9648,0.42336,0.0018483,0.21168,0.0018483,0.21168,460.486,0,1.02816,0,0,2.0211,0.992943,1.028160,1,0,153.907,0,0,0,153.907,0
30.0188,2.58765,0,0,5.14359,0.211879,0.36288,3.6288,44.3582,0.558197,0,0,0.84399,0.198992,0,0.66528,12.849,1,0.84672,0.36288,0,90.2681,3.91913,85.8652,0.84672,12.849,0.84672,3695.15,0,0.0036966,2.33043e-05,0.811089,1.86885,6.00603,1.06246,7.62348,0.42336,0.0018483,0.21168,0.0018483,0.21168,460.486,0,1.02816,0,0,1.83925,0.811089,1.028160,1,0,93.4886,0,0,0,93.4886,0
32.9313,2.15301,0,0,5.62954,0.201171,0.36288,3.6288,44.6518,0.334529,0,0,0.779388,0.151247,0,0.66528,12.849,1,0.84672,0.36288,0,114.586,3.67938,110.423,0.84672,12.849,0.84672,3695.15,0,0.0036966,1.3939e-05,0.628672,1.86927,5.92919,0.896437,7.53068,0.42336,0.0018483,0.21168,0.0018483,0.21168,460.486,0,1.02816,0,0,1.65683,0.628672,1.028160,1,0,117.954,0,0,0,117.954,0
36.3343,2.03483,0,0,6.01301,0.212293,0.36288,3.6288,44.8888,0.506476,0,0,0.907044,0.163576,0,0.66528,12.849,1,0.793942,0.36288,0,103.269,3.97247,98.8652,0.84672,12.849,0.84672,3695.15,0,0.0036966,2.09649e-05,0.757175,1.615,10.5131,0.962856,11.9224,0.42336,0.0018483,0.21168,0.0018483,0.21168,460.486,0,1.02816,0,0,1.78534,0.757175,1.028160,1,0,110.788,0,0,0,110.788,0
38.0686,2.09049,0,0,4.409,0.221282,0.36288,3.6288,45.0286,0.506477,0,0,0.810138,0.16394,0,0.66528,12.849,1,0.739266,0.36288,0,100.06,3.97247,95.711,0.84672,12.849,0.84672,3695.15,0,0.0036966,2.08542e-05,0.775751,1.71581,6.61099,0.962856,8.13967,0.42336,0.0018483,0.21168,0.0018483,0.21168,460.486,0,1.02816,0,0,1.80391,0.775751,1.028160,1,0,103.851,0,0,0,103.851,0
43.9078,2.11641,0,0,8.52808,0.209642,0.36288,3.6288,45.6127,0.506477,0,0,1.24414,0.153507,0,0.66528,12.849,1,0.714333,0.36288,0,130.074,3.79808,125.925,0.84672,12.849,0.84672,3695.15,0,0.0036966,2.07895e-05,1.68985,1.71599,15.6667,0.937805,18.1348,0.42336,0.0018483,0.21168,0.0018483,0.21168,460.486,0,1.02816,0,0,2.71801,1.68985,1.028160,1,0,144.06,0,0,0,144.06,0
47.05,2.19066,0,0,5.96038,0.264636,0.36288,3.6288,46.2708,0.506477,0,0,1.36019,0.195617,0,0.66528,12.849,1,0.641066,0.36288,0,129.511,4.39074,124.842,0.84672,12.849,0.84672,3695.15,0,0.0036966,2.05233e-05,1.58263,1.71618,9.89774,1.03785,12.1587,0.42336,0.0018483,0.21168,0.0018483,0.21168,460.486,0,1.02816,0,0,2.61079,1.58263,1.028160,1,0,137.001,0,0,0,137.001,0
48.1804,2.44512,0,0,4.19311,0.254685,0.36288,3.6288,46.8732,0.390922,0,0,1.15918,0.165807,0,0.66528,12.849,1,0.667743,0.36288,0,81.4631,4.06182,77.0964,0.84672,12.849,0.84672,3695.15,0,0.0036966,1.56155e-05,1.20192,1.71636,5.83464,0.921395,7.83151,0.42336,0.0018483,0.21168,0.0018483,0.21168,460.486,0,1.02816,0,0,2.23008,1.20192,1.028160,1,0,84.9279,0,0,0,84.9279,0
51.3218,2.45804,0,0,6.22016,0.25786,0.36288,3.6288,48.0114,0.39124,0,0,1.69609,0.166714,0,0.66528,12.849,1,0.655522,0.36288,0,124.673,4.06182,120.319,0.84672,12.849,0.84672,3695.15,0,0.0036966,1.54273e-05,2.62634,1.67976,9.14622,0.921395,12.5309,0.42336,0.0018483,0.21168,0.0018483,0.21168,460.486,0,1.02816,0,0,3.6545,2.62634,1.028160,1,0,132.85,0,0,0,132.85,0
52.9511,2.49069,0,0,4.74949,0.266631,0.36288,3.6288,48.879,0.391559,0,0,1.4275,0.16831,0,0.66528,12.849,1,0.623572,0.36288,0,92.9215,4.06182,88.599,0.84672,12.849,0.84672,3695.15,0,0.0036966,1.50739e-05,1.62565,1.68014,7.36206,0.921395,9.74644,0.42336,0.0018483,0.21168,0.0018483,0.21168,460.486,0,1.02816,0,0,2.65381,1.62565,1.028160,1,0,98.3454,0,0,0,98.3454,0
53.6696,2.50669,0,0,3.85927,0.271162,0.36288,3.6288,49.4413,0.391877,0,0,1.12369,0.169527,0,0.66528,12.849,1,0.608269,0.36288,0,74.2176,4.06182,69.9104,0.84672,12.849,0.84672,3695.15,0,0.0036966,1.48183e-05,1.14529,1.68052,5.61921,0.921395,7.52361,0.42336,0.0018483,0.21168,0.0018483,0.21168,460.486,0,1.02816,0,0,2.17345,1.14529,1.028160,1,0,77.434,0,0,0,77.434,0
53.3317,2.47918,0,0,2.72169,0.217604,0.36288,3.6288,49.5533,0.435353,0,0,0.73678,0.189432,0,0.66528,12.849,1,0.593538,0.36288,0,54.02,4.18609,49.6033,0.84672,12.849,0.84672,3695.15,0,0.0036966,1.62751e-05,0.528595,1.68089,3.49872,1.01482,4.69338,0.42336,0.0018483,0.21168,0.0018483,0.21168,460.486,0,0.963671,0,0,1.49227,0.528595,1.028160,1,0,54.2967,0,0,0,54.2967,0
52.4806,2.4767,0,0,2.21252,0.22401,0.36288,3.6288,49.4323,0.5814,0,0,0.648035,0.187646,0,0.66528,12.849,1,0.596703,0.36288,0,43.1536,4.20094,38.7188,0.84672,12.849,0.84672,3695.15,0,0.0036966,2.16858e-05,0.528595,1.65674,3.68849,1.02277,4.85104,0.42336,0.0018483,0.21168,0.0018483,0.21168,460.486,0,0.817932,0,0,1.34653,0.528595,1.028160,1,0,43.5699,0,0,0,43.5699,0
51.7068,2.46948,0,0,2.28061,0.222063,0.36288,3.6288,49.4618,0.466927,0,0,0.683865,0.187459,0,0.66528,12.849,1,0.604611,0.36288,0,41.5651,4.20094,37.1224,0.84672,12.849,0.84672,3695.15,0,0.0036966,1.74586e-05,0.402797,1.65711,3.18063,1.02277,4.21776,0.42336,0.0018483,0.21168,0.0018483,0.21168,460.486,0,0.932723,0,0,1.33552,0.402797,1.028160,1,0,41.3401,0,0,0,41.3401,0
51.8075,2.46278,0,0,3.13394,0.207589,0.36288,3.6288,49.6513,0.371806,0,0,0.752077,0.190788,0,0.66528,12.849,1,0.611995,0.36288,0,54.1925,4.3093,49.6341,0.84672,12.849,0.84672,3695.15,0,0.0036966,1.38938e-05,0.469817,1.65748,3.17702,1.00271,4.3016,0.42336,0.0018483,0.21168,0.0018483,0.21168,460.486,0,1.02816,0,0,1.49798,0.469817,1.028160,1,0,53.9357,0,0,0,53.9357,0
50.8504,2.58119,0,0,2.15612,0.169124,0.36288,3.6288,49.5363,0.579545,0,0,0.662509,0.197901,0,0.66528,12.849,1,0.640172,0.36288,0,42.059,4.55235,37.2294,0.84672,12.849,0.84672,3695.15,0,0.0036966,2.15739e-05,0.402797,1.65785,2.9251,0.973717,4.01201,0.42336,0.0018483,0.21168,0.0018483,0.21168,460.486,0,0.896435,0,0,1.29923,0.402797,1.028160,1,0,41.2414,0,0,0,41.2414,0
49.8343,2.57214,0,0,2.07726,0.158349,0.36288,3.6288,49.2772,0.667905,0,0,0.604665,0.195841,0,0.66528,12.849,1,0.649935,0.36288,0,40.1408,4.51521,35.3386,0.84672,12.849,0.84672,3695.15,0,0.0036966,2.49209e-05,0.402797,1.74406,2.69883,1.00193,3.84374,0.42336,0.0018483,0.21168,0.0018483,0.21168,460.486,0,0.808402,0,0,1.2112,0.402797,1.028160,1,0,39.1823,0,0,0,39.1823,0
48.5652,2.56218,0,0,1.81259,0.156663,0.36288,3.6288,49.1028,0.535028,0,0,0.555977,0.195424,0,0.66528,12.849,1,0.660618,0.36288,0,37.8602,4.51521,33.0473,0.84672,12.849,0.84672,3695.15,0,0.0036966,2.00679e-05,0.30119,1.74445,2.76839,1.00193,3.81209,0.42336,0.0018483,0.21168,0.0018483,0.21168,460.486,0,0.941613,0,0,1.2428,0.30119,1.028160,1,0,36.8594,0,0,0,36.8594,0
47.1497,2.5491,0,0,1.65104,0.154541,0.36288,3.6288,48.7731,0.635588,0,0,0.501063,0.195142,0,0.66528,12.849,1,0.674421,0.36288,0,34.6563,4.51521,29.8296,0.84672,12.849,0.84672,3695.15,0,0.0036966,2.39245e-05,0.30119,1.74484,2.63338,1.00193,3.67746,0.42336,0.0018483,0.21168,0.0018483,0.21168,460.486,0,0.84138,0,0,1.14257,0.30119,1.028160,1,0,33.507,0,0,0,33.507,0
45.8178,2.53375,0,0,1.68676,0.122017,0.36288,3.6288,48.266,0.749685,0,0,0.473418,0.230797,0,0.66528,12.849,1,0.690486,0.36288,0,33.5583,5.20888,28.0218,0.84672,12.849,0.84672,3695.15,0,0.0036966,2.841e-05,0.30119,1.74523,2.60046,1.19305,3.4538,0.42336,0.0018483,0.21168,0.0018483,0.21168,460.486,0,0.727609,0,0,1.0288,0.30119,1.028160,1,0,31.4756,0,0,0,31.4756,0
45.2528,2.49608,0,0,2.39223,0.098219,0.36288,3.6288,47.9754,0.660347,0,0,0.626833,0.257139,0,0.66528,12.849,1,0.699993,0.36288,0,35.0481,5.2627,29.4483,0.84672,12.849,0.84672,3695.15,0,0.0036966,2.52874e-05,0.30119,1.74562,3.37052,1.21866,4.19865,0.42336,0.0018483,0.21168,0.0018483,0.21168,460.486,0,0.858937,0,0,1.16013,0.30119,1.028160,1,0,33.6469,0,0,0,33.6469,0
44.5329,2.48983,0,0,2.23036,0.0975987,0.36288,3.6288,47.6536,0.667513,0,0,0.602296,0.256517,0,0.66528,12.849,1,0.706957,0.36288,0,34.5844,5.2627,28.9776,0.84672,12.849,0.84672,3695.15,0,0.0036966,2.57166e-05,0.261274,1.77278,3.44406,1.21866,4.25943,0.42336,0.0018483,0.21168,0.0018483,0.21168,460.486,0,0.852111,0,0,1.11338,0.261274,1.028160,1,0,33.237,0,0,0,33.237,0
43.6121,2.48151,0,0,2.02039,0.0968083,0.36288,3.6288,47.2502,0.723198,0,0,0.575546,0.25583,0,0.66528,12.849,1,0.715987,0.36288,0,33.9876,5.2627,28.3718,0.84672,12.849,0.84672,3695.15,0,0.0036966,2.805e-05,0.261274,1.77318,3.25361,1.21866,4.06937,0.42336,0.0018483,0.21168,0.0018483,0.21168,460.486,0,0.796764,0,0,1.05804,0.261274,1.028160,1,0,32.4412,0,0,0,32.4412,0
42.5263,2.47039,0,0,1.83959,0.0921612,0.36288,3.6288,46.705,0.824579,0,0,0.544298,0.264871,0,0.66528,12.849,1,0.727826,0.36288,0,29.919,5.40385,24.1502,0.84672,12.849,0.84672,3695.15,0,0.0036966,3.22553e-05,0.261274,1.77357,3.15789,1.27019,3.92252,0.42336,0.0018483,0.21168,0.0018483,0.21168,460.486,0,0.695719,0,0,0.956992,0.261274,1.028160,1,0,28.0727,0,0,0,28.0727,0
41.5585,2.514,0,0,1.97593,0.0668597,0.36288,3.6288,46.1159,0.812199,0,0,0.519109,0.296012,0,0.66528,12.849,1,0.759586,0.36288,0,30.9845,5.75665,24.8311,0.84672,12.849,0.84672,3695.15,0,0.0036966,3.21419e-05,0.261274,1.77397,3.2154,1.48085,3.76977,0.42336,0.0018483,0.21168,0.0018483,0.21168,460.486,0,0.745597,0,0,1.00687,0.261274,1.028160,1,0,28.6009,0,0,0,28.6009,0
40.6613,2.50104,0,0,2.03186,0.0650767,0.36288,3.6288,45.5449,0.794049,0,0,0.506785,0.283747,0,0.66528,12.849,1,0.77327,0.36288,0,29.5518,5.55901,23.5824,0.84672,12.849,0.84672,3695.15,0,0.0036966,3.1825e-05,0.261274,1.81707,3.22818,1.44146,3.86503,0.42336,0.0018483,0.21168,0.0018483,0.21168,460.486,0,0.764096,0,0,1.02537,0.261274,1.028160,1,0,27.4475,0,0,0,27.4475,0
39.5438,2.48863,0,0,1.79843,0.0643915,0.36288,3.6288,44.9254,0.812886,0,0,0.475667,0.282247,0,0.66528,12.849,1,0.78641,0.36288,0,27.8965,5.55901,21.9139,0.84672,12.849,0.84672,3695.15,0,0.0036966,3.29885e-05,0.227405,1.81747,3.22998,1.44146,3.83337,0.42336,0.0018483,0.21168,0.0018483,0.21168,460.486,0,0.745606,0,0,0.973011,0.227405,1.028160,1,0,25.7473,0,0,0,25.7473,0
38.2893,2.47241,0,0,1.6443,0.0635468,0.36288,3.6288,44.2146,0.889738,0,0,0.459486,0.28062,0,0.66528,12.849,1,0.803362,0.36288,0,26.1979,5.55901,20.1984,0.84672,12.849,0.84672,3695.15,0,0.0036966,3.66052e-05,0.227405,1.81788,3.07749,1.44146,3.68128,0.42336,0.0018483,0.21168,0.0018483,0.21168,460.486,0,0.669099,0,0,0.896504,0.227405,1.028160,1,0,23.8796,0,0,0,23.8796,0
36.7074,2.64861,0,0,1.48166,0.0521062,0.36288,3.6288,43.2896,1.08786,0,0,0.448717,0.285833,0,0.66528,12.849,1,0.84672,0.36288,0,24.6111,5.8229,18.3044,0.84672,12.849,0.84672,3695.15,0,0.0036966,4.54757e-05,0.227405,1.81829,2.99951,1.50314,3.54203,0.42336,0.0018483,0.21168,0.0018483,0.21168,460.486,0,0.60556,0,0,0.832965,0.227405,1.028160,1,0,21.8464,0,0,0,21.8464,0
35.0941,2.64938,0,0,1.44848,0.0494958,0.36288,3.6288,42.1988,1.20678,0,0,0.401153,0.285107,0,0.66528,12.849,1,0.84672,0.36288,0,24.886,5.95917,18.443,0.84672,12.849,0.84672,3695.15,0,0.0036966,0.000403365,0.227405,1.96342,2.24944,1.55275,2.88711,0.42336,0.0018483,0.21168,0.0018483,0.21168,460.486,0,0.486657,0,0,0.714061,0.227405,1.028160,1,0,21.3301,0,0,0,21.3301,0
33.5749,2.65016,0,0,1.54241,0.0485468,0.36288,3.6288,41.3924,1.01777,0,0,0.493434,0.282151,0,0.66528,12.849,1,0.84672,0.36288,0,31.6681,5.95917,25.2251,0.84672,12.849,0.84672,3695.15,0,0.0036966,0.000782093,0.204422,1.96386,2.51255,1.55275,3.1273,0.42336,0.0018483,0.21168,0.0018483,0.21168,460.486,0,0.675665,0,0,0.880088,0.204422,1.028160,1,0,28.3524,0,0,0,28.3524,0
31.7824,2.65093,0,0,1.26894,0.0476532,0.36288,3.6288,40.1754,1.29636,0,0,0.359362,0.279965,0,0.66528,12.849,1,0.84672,0.36288,0,29.0132,5.95917,22.5702,0.84672,12.849,0.84672,3695.15,0,0.0036966,0.00116082,0.204422,1.9643,2.0579,1.55275,2.67271,0.42336,0.0018483,0.21168,0.0018483,0.21168,460.486,0,0.397077,0,0,0.601499,0.204422,1.028160,1,0,25.2429,0,0,0,25.2429,0
30.3025,2.65171,0,0,1.58132,0.0465987,0.36288,3.6288,39.812,0.709206,0,0,0.622522,0.276667,0,0.66528,12.849,1,0.84672,0.36288,0,28.2808,5.95917,21.8378,0.84672,12.849,0.84672,3695.15,0,0.0036966,0.00153967,0.204422,1.96474,3.20962,1.55275,3.82449,0.42336,0.0018483,0.21168,0.0018483,0.21168,460.486,0,0.984234,0,0,1.18866,0.204422,1.028160,1,0,25.6623,0,0,0,25.6623,0
28.1639,2.54572,0,0,0.809888,0.0399081,0.36288,3.6288,38.746,1.12519,0,0,0.362938,0.303824,0,0.66528,12.849,1,0.84672,0.36288,0,25.7595,6.38925,18.8864,0.84672,12.849,0.84672,3695.15,0,0.0036966,5.22379e-05,0.204422,1.96518,2.383,1.63649,2.91606,0.42336,0.0018483,0.21168,0.0018483,0.21168,460.486,0,0.48854,0,0,0.692963,0.204422,1.028160,1,0,21.8024,0,0,0,21.8024,0
26.0908,2.54647,0,0,0.919097,0.0828681,0.36288,3.6288,37.6531,1.18244,0,0,0.350082,0.260517,0,0.66528,12.849,1,0.84672,0.36288,0,21.7307,6.00274,15.2441,0.84672,12.849,0.84672,3695.15,0,0.0036966,5.64059e-05,0.216518,1.88258,1.797,1.50373,2.39231,0.42336,0.0018483,0.21168,0.0018483,0.21168,460.486,0,0.431654,0,0,0.648172,0.216518,1.028160,1,0,17.6365,0,0,0,17.6365,0
24.316,2.54721,0,0,1.21586,0.0805087,0.36288,3.6288,36.9167,0.93402,0,0,0.455435,0.257809,0,0.66528,12.849,1,0.84672,0.36288,0,31.6337,6.00274,25.1471,0.84672,12.849,0.84672,3695.15,0,0.0036966,4.58488e-05,0.216518,1.88301,2.57975,1.50373,3.17549,0.42336,0.0018483,0.21168,0.0018483,0.21168,460.486,0,0.680443,0,0,0.896962,0.216518,1.028160,1,0,28.3226,0,0,0,28.3226,0
22.909,2.54796,0,0,1.58233,0.0784888,0.36288,3.6288,36.7185,0.58668,0,0,0.644454,0.255984,0,0.66528,12.849,1,0.84672,0.36288,0,61.94,6.00274,55.4534,0.84672,12.849,0.84672,3695.15,0,0.0036966,2.93732e-05,0.228614,1.88343,3.06353,1.50373,3.67181,0.42336,0.0018483,0.21168,0.0018483,0.21168,460.486,0,1.02816,0,0,1.25677,0.228614,1.028160,1,0,59.1252,0,0,0,59.1252,0
21.149,2.46099,0,0,1.19285,0.129025,0.36288,3.6288,35.7791,1.08121,0,0,0.349836,0.208027,0,0.66528,12.849,1,0.84672,0.36288,0,45.0103,4.92906,39.5974,0.84672,12.849,0.84672,3695.15,0,0.0036966,5.44251e-05,0.216518,1.88385,2.91247,1.27785,3.73494,0.42336,0.0018483,0.21168,0.0018483,0.21168,460.486,0,0.459645,0,0,0.676164,0.216518,1.028160,1,0,43.3323,0,0,0,43.3323,0
20.6812,2.46171,0,0,2.5029,0.146138,0.36288,3.6288,35.9205,0.513072,0,0,0.833382,0.178894,0,0.66528,12.849,1,0.84672,0.36288,0,61.7397,4.14656,57.1093,0.84672,12.849,0.84672,3695.15,0,0.0036966,2.65046e-05,0.537598,1.81041,5.15824,1.09822,6.40801,0.42336,0.0018483,0.21168,0.0018483,0.21168,460.486,0,1.02816,0,0,1.56576,0.537598,1.028160,1,0,63.5173,0,0,0,63.5173,0
21.1942,2.46245,0,0,3.48362,0.145204,0.36288,3.6288,36.3837,0.513416,0,0,1.15574,0.179142,0,0.66528,12.849,1,0.84672,0.36288,0,93.1842,4.14656,88.5538,0.84672,12.849,0.84672,3695.15,0,0.0036966,2.6418e-05,1.77416,1.81082,6.98618,1.09822,9.47292,0.42336,0.0018483,0.21168,0.0018483,0.21168,460.486,0,1.02816,0,0,2.80232,1.77416,1.028160,1,0,98.0267,0,0,0,98.0267,0
21.3085,2.46319,0,0,3.11456,0.174229,0.36288,3.6288,36.6892,0.513761,0,0,1.01247,0.193142,0,0.66528,12.849,1,0.84672,0.36288,0,47.3546,3.71669,43.1541,0.84672,12.849,0.84672,3695.15,0,0.0036966,2.60992e-05,1.00627,1.81122,5.69857,0.949733,7.56631,0.42336,0.0018483,0.21168,0.0018483,0.21168,460.486,0,1.02816,0,0,2.03443,1.00627,1.028160,1,0,50.7204,0,0,0,50.7204,0
20.9777,2.21461,0,0,2.40317,0.156532,0.36288,3.6288,37.038,0.359195,0,0,0.896987,0.189034,0,0.66528,12.849,1,0.84672,0.36288,0,43.8985,3.8503,39.5644,0.84672,12.849,0.84672,3695.15,0,0.0036966,1.80953e-05,0.841147,1.81163,6.24266,0.972059,7.92336,0.42336,0.0018483,0.21168,0.0018483,0.21168,460.486,0,1.02816,0,0,1.86931,0.841147,1.028160,1,0,47.4878,0,0,0,47.4878,0
20.399,2.06832,0,0,1.99135,0.138806,0.36288,3.6288,37.0989,0.506477,0,0,0.73637,0.16902,0,0.66528,12.849,1,0.84672,0.36288,0,51.0768,4.17117,46.4218,0.84672,12.849,0.84672,3695.15,0,0.0036966,2.52746e-05,0.799235,1.64561,7.90059,1.01285,9.33256,0.42336,0.0018483,0.21168,0.0018483,0.21168,460.486,0,1.02816,0,0,1.82739,0.799235,1.028160,1,0,55.7544,0,0,0,55.7544,0
20.7739,2.06931,0,0,2.98145,0.174345,0.36288,3.6288,37.8221,0.506477,0,0,1.38696,0.157234,0,0.66528,12.849,1,0.84672,0.36288,0,96.2373,4.15359,91.5999,0.84672,12.849,0.84672,3695.15,0,0.0036966,2.52331e-05,2.02759,1.73199,9.99346,0.992825,12.7602,0.42336,0.0018483,0.21168,0.0018483,0.21168,460.486,0,1.02816,0,0,3.05575,2.02759,1.028160,1,0,104.36,0,0,0,104.36,0
26.3888,2.07031,0,0,8.2233,0.175247,0.36288,3.6288,38.9192,0.506477,0,0,1.7619,0.158334,0,0.66528,12.849,1,0.84672,0.36288,0,95.5593,4.15359,90.9218,0.84672,12.849,0.84672,3695.15,0,0.0036966,2.47506e-05,2.63843,1.73218,12.7434,0.992825,16.1212,0.42336,0.0018483,0.21168,0.0018483,0.21168,460.486,0,1.02816,0,0,3.66659,2.63843,1.028160,1,0,107.043,0,0,0,107.043,0
28.5991,2.07134,0,0,4.83522,0.190712,0.36288,3.6288,39.5663,0.506478,0,0,1.31159,0.158042,0,0.66528,12.849,1,0.84672,0.36288,0,174.862,4.17623,170.202,0.84672,12.849,0.84672,3695.15,0,0.0036966,2.4053e-05,1.8953,1.73237,11.2154,0.973565,13.8695,0.42336,0.0018483,0.21168,0.0018483,0.21168,460.486,0,1.02816,0,0,2.92346,1.8953,1.028160,1,0,184.072,0,0,0,184.072,0
30.1697,2.16834,0,0,4.27132,0.16945,0.36288,3.6288,40.2062,0.551377,0,0,1.38257,0.191239,0,0.66528,12.849,1,0.84672,0.36288,0,73.4815,4.62407,68.3736,0.84672,12.849,0.84672,3695.15,0,0.0036966,2.5757e-05,3.33941,1.73255,8.45044,1.00829,12.5141,0.42336,0.0018483,0.21168,0.0018483,0.21168,460.486,0,1.02816,0,0,4.36757,3.33941,1.028160,1,0,80.8877,0,0,0,80.8877,0
31.6342,2.21423,0,0,4.20883,0.16726,0.36288,3.6288,40.7722,0.506474,0,0,1.27219,0.199791,0,0.66528,12.849,1,0.84672,0.36288,0,127.958,4.67607,122.798,0.84672,12.849,0.84672,3695.15,0,0.0036966,2.32828e-05,2.69303,1.78542,8.56328,1.03334,12.0084,0.42336,0.0018483,0.21168,0.0018483,0.21168,460.486,0,1.02816,0,0,3.72119,2.69303,1.028160,1,0,134.806,0,0,0,134.806,0
32.3805,2.21521,0,0,3.49492,0.170489,0.36288,3.6288,41.0886,0.506474,0,0,1.02381,0.200898,0,0.66528,12.849,1,0.84672,0.36288,0,83.4071,4.67607,78.2472,0.84672,12.849,0.84672,3695.15,0,0.0036966,2.29597e-05,2.65375,1.75932,6.10806,1.03334,9.48777,0.42336,0.0018483,0.21168,0.0018483,0.21168,460.486,0,1.02816,0,0,3.68191,2.65375,1.028160,1,0,87.735,0,0,0,87.735,0
32.7247,2.21619,0,0,3.09742,0.174122,0.36288,3.6288,41.284,0.506474,0,0,0.884537,0.182627,0,0.66528,12.849,1,0.84672,0.36288,0,73.4668,4.33203,68.6509,0.84672,12.849,0.84672,3695.15,0,0.0036966,2.27829e-05,2.09272,1.75951,5.41605,0.941407,8.32685,0.42336,0.0018483,0.21168,0.0018483,0.21168,460.486,0,1.02816,0,0,3.12088,2.09272,1.028160,1,0,76.9778,0,0,0,76.9778,0
33.311,2.52573,0,0,3.67512,0.200241,0.36288,3.6288,41.4415,0.66528,0,0,0.994798,0.172072,0,0.66528,12.849,1,0.84672,0.36288,0,77.1379,3.87703,72.777,0.84672,12.849,0.84672,3695.15,0,0.0036966,0.0018483,2.42104,1.75969,7.54466,0.888356,10.8352,0.42336,0.0018483,0.21168,0.0018483,0.21168,460.486,0,1.02816,0,0,3.4492,2.42104,1.028160,1,0,83.6122,0,0,0,83.6122,0
34.1348,2.62607,0,0,4.04644,0.233729,0.36288,3.6288,42.1976,0.57593,0,0,1.5088,0.176732,0,0.66528,12.849,1,0.84672,0.36288,0,72.8317,3.61442,68.7335,0.84672,12.849,0.84672,3695.15,0,0.0036966,2.56866e-05,3.96712,1.94806,7.81876,0.909548,12.8244,0.42336,0.0018483,0.21168,0.0018483,0.21168,460.486,0,1.02816,0,0,4.99528,3.96712,1.028160,1,0,81.5578,0,0,0,81.5578,0
33.4996,2.62682,0,0,2.59059,0.236113,0.36288,3.6288,42.2023,0.576272,0,0,0.758954,0.178025,0,0.66528,12.849,1,0.84672,0.36288,0,49.7593,3.61442,45.6611,0.84672,12.849,0.84672,3695.15,0,0.0036966,2.52413e-05,1.9284,1.89017,5.96691,0.909548,8.8759,0.42336,0.0018483,0.21168,0.0018483,0.21168,460.486,0,1.02816,0,0,2.95656,1.9284,1.028160,1,0,54.537,0,0,0,54.537,0
32.4178,2.62755,0,0,2.12037,0.211681,0.36288,3.6288,42.0993,0.576613,0,0,0.659912,0.186269,0,0.66528,12.849,1,0.84672,0.36288,0,47.0742,3.67621,42.9141,0.84672,12.849,0.84672,3695.15,0,0.0036966,2.52535e-05,1.52343,1.89057,6.13473,0.975409,8.5733,0.42336,0.0018483,0.21168,0.0018483,0.21168,460.486,0,1.02816,0,0,2.55159,1.52343,1.028160,1,0,51.4874,0,0,0,51.4874,0
31.9437,2.18781,0,0,2.28099,0.204395,0.36288,3.6288,42.3189,0.350333,0,0,0.741975,0.172037,0,0.66528,12.849,1,0.84672,0.36288,0,59.9975,3.41346,56.1002,0.84672,12.849,0.84672,3695.15,0,0.0036966,1.53808e-05,1.73146,1.89097,5.91936,0.939766,8.60202,0.42336,0.0018483,0.21168,0.0018483,0.21168,460.486,0,1.02816,0,0,2.75962,1.73146,1.028160,1,0,64.7023,0,0,0,64.7023,0
33.3106,2.05339,0,0,4.00259,0.219432,0.36288,3.6288,42.9133,0.506463,0,0,1.24622,0.145384,0,0.66528,12.849,1,0.825953,0.36288,0,83.687,3.00132,80.2226,0.84672,12.849,0.84672,3695.15,0,0.0036966,2.212e-05,2.08518,1.63373,8.00271,0.826381,10.8952,0.42336,0.0018483,0.21168,0.0018483,0.21168,460.486,0,1.02816,0,0,3.11334,2.08518,1.028160,1,0,91.1178,0,0,0,91.1178,0
35.7693,2.07853,0,0,5.12336,0.223211,0.36288,3.6288,43.3724,0.506463,0,0,1.11175,0.146213,0,0.66528,12.849,1,0.801756,0.36288,0,89.8828,3.00132,86.4426,0.84672,12.849,0.84672,3695.15,0,0.0036966,2.18137e-05,2.22363,1.72528,9.20566,0.826381,12.3282,0.42336,0.0018483,0.21168,0.0018483,0.21168,460.486,0,1.02816,0,0,3.25179,2.22363,1.028160,1,0,98.7707,0,0,0,98.7707,0
36.9758,2.11977,0,0,3.91266,0.223564,0.36288,3.6288,43.8577,0.506464,0,0,1.18219,0.190391,0,0.66528,12.849,1,0.761459,0.36288,0,74.3299,4.11201,69.8193,0.84672,12.849,0.84672,3695.15,0,0.0036966,2.15828e-05,2.14065,1.72545,8.8706,1.12913,11.6075,0.42336,0.0018483,0.21168,0.0018483,0.21168,460.486,0,1.02816,0,0,3.16881,2.14065,1.028160,1,0,81.4269,0,0,0,81.4269,0
38.6705,2.1389,0,0,4.42218,0.225716,0.36288,3.6288,44.3415,0.506464,0,0,1.18883,0.198559,0,0.66528,12.849,1,0.743264,0.36288,0,70.4722,4.29712,65.7947,0.84672,12.849,0.84672,3695.15,0,0.0036966,2.1344e-05,2.15954,1.72563,8.47999,1.17959,11.1855,0.42336,0.0018483,0.21168,0.0018483,0.21168,460.486,0,1.02816,0,0,3.1877,2.15954,1.028160,1,0,76.9802,0,0,0,76.9802,0
39.6128,2.24737,0,0,3.76327,0.210638,0.36288,3.6288,44.7985,0.561963,0,0,1.1978,0.178814,0,0.66528,12.849,1,0.746733,0.36288,0,76.866,4.78957,71.6926,0.84672,12.849,0.84672,3695.15,0,0.0036966,2.34245e-05,2.05559,1.72581,8.36343,1.27477,10.87,0.42336,0.0018483,0.21168,0.0018483,0.21168,460.486,0,1.02816,0,0,3.08375,2.05559,1.028160,1,0,82.5626,0,0,0,82.5626,0
39.5612,2.30342,0,0,2.82759,0.212943,0.36288,3.6288,45.0466,0.506476,0,0,0.934122,0.179583,0,0.66528,12.849,1,0.747148,0.36288,0,49.4449,4.78957,44.2711,0.84672,12.849,0.84672,3695.15,0,0.0036966,2.08962e-05,1.31792,1.78966,7.55076,1.27477,9.38355,0.42336,0.0018483,0.21168,0.0018483,0.21168,460.486,0,1.02816,0,0,2.34608,1.31792,1.028160,1,0,53.6546,0,0,0,53.6546,0
39.2318,2.30342,0,0,2.52567,0.188784,0.36288,3.6288,45.1977,0.506476,0,0,0.828541,0.170984,0,0.66528,12.849,1,0.748123,0.36288,0,51.1811,4.24759,46.5483,0.84672,12.849,0.84672,3695.15,0,0.0036966,2.07812e-05,1.10753,1.75737,7.15591,1.2124,8.80838,0.42336,0.0018483,0.21168,0.0018483,0.21168,460.486,0,1.02816,0,0,2.13569,1.10753,1.028160,1,0,55.3567,0,0,0,55.3567,0
39.0685,2.29942,0,0,2.65515,0.156146,0.36288,3.6288,45.3795,0.506477,0,0,0.847541,0.159188,0,0.66528,12.849,1,0.753096,0.36288,0,53.01,3.52496,49.0949,0.84672,12.849,0.84672,3695.15,0,0.0036966,2.07117e-05,1.07715,1.75756,7.18381,1.12925,8.88925,0.42336,0.0018483,0.21168,0.0018483,0.21168,460.486,0,1.02816,0,0,2.10531,1.07715,1.028160,1,0,57.9841,0,0,0,57.9841,0
38.8365,2.2651,0,0,2.56196,0.16591,0.36288,3.6288,45.6723,0.484903,0,0,0.931876,0.154215,0,0.66528,12.849,1,0.744956,0.36288,0,49.1161,3.84489,44.8891,0.84672,12.849,0.84672,3695.15,0,0.0036966,1.975e-05,1.08073,1.75774,5.88599,1.16726,7.55717,0.42336,0.0018483,0.21168,0.0018483,0.21168,460.486,0,1.02816,0,0,2.10889,1.08073,1.028160,1,0,52.4463,0,0,0,52.4463,0
38.5928,2.24627,0,0,2.5115,0.146072,0.36288,3.6288,45.8597,0.506472,0,0,0.86819,0.174345,0,0.66528,12.849,1,0.743175,0.36288,0,47.3869,4.21264,42.7939,0.84672,12.849,0.84672,3695.15,0,0.0036966,2.04963e-05,1.09855,1.73311,5.35366,1.19959,6.98571,0.42336,0.0018483,0.21168,0.0018483,0.21168,460.486,0,1.02816,0,0,2.12671,1.09855,1.028160,1,0,49.7796,0,0,0,49.7796,0
38.2449,2.24347,0,0,2.36365,0.105189,0.36288,3.6288,46.0186,0.506472,0,0,0.863412,0.197976,0,0.66528,12.849,1,0.746936,0.36288,0,44.1911,4.44328,39.3638,0.84672,12.849,0.84672,3695.15,0,0.0036966,2.04125e-05,1.06617,1.74592,5.3278,1.21337,6.92649,0.42336,0.0018483,0.21168,0.0018483,0.21168,460.486,0,1.02816,0,0,2.09433,1.06617,1.028160,1,0,46.2902,0,0,0,46.2902,0
37.816,2.23911,0,0,2.27785,0.104764,0.36288,3.6288,46.1769,0.506472,0,0,0.862963,0.198268,0,0.66528,12.849,1,0.752264,0.36288,0,42.2512,4.44328,37.4185,0.84672,12.849,0.84672,3695.15,0,0.0036966,2.0342e-05,1.13967,1.7461,5.85434,1.21337,7.52672,0.42336,0.0018483,0.21168,0.0018483,0.21168,460.486,0,1.02816,0,0,2.16783,1.13967,1.028160,1,0,44.9452,0,0,0,44.9452,0
37.315,2.34359,0,0,2.30314,0.0976919,0.36288,3.6288,46.3087,0.583044,0,0,0.925802,0.210909,0,0.66528,12.849,1,0.796298,0.36288,0,40.5736,4.73981,35.4004,0.84672,12.849,0.84672,3695.15,0,0.0036966,2.33372e-05,0.969443,1.74628,5.11303,1.25121,6.57752,0.42336,0.0018483,0.21168,0.0018483,0.21168,460.486,0,1.02816,0,0,1.9976,0.969443,1.028160,1,0,41.9779,0,0,0,41.9779,0
36.4201,2.39334,0,0,1.94218,0.0808458,0.36288,3.6288,46.3274,0.506489,0,0,0.767292,0.242081,0,0.66528,12.849,1,0.824118,0.36288,0,33.0145,5.48111,27.0721,0.84672,12.849,0.84672,3695.15,0,0.0036966,2.02153e-05,0.91902,1.83327,4.38117,1.34582,5.78762,0.42336,0.0018483,0.21168,0.0018483,0.21168,460.486,0,1.02816,0,0,1.94718,0.91902,1.028160,1,0,32.8598,0,0,0,32.8598,0
35.3312,2.37911,0,0,1.73302,0.0799921,0.36288,3.6288,46.2948,0.506489,0,0,0.716023,0.242123,0,0.66528,12.849,1,0.839349,0.36288,0,30.4402,5.48111,24.4826,0.84672,12.849,0.84672,3695.15,0,0.0036966,2.02071e-05,0.757426,1.78866,3.94339,1.34582,5.14364,0.42336,0.0018483,0.21168,0.0018483,0.21168,460.486,0,1.02816,0,0,1.78559,0.757426,1.028160,1,0,29.6263,0,0,0,29.6263,0
34.2165,2.37275,0,0,1.69989,0.0789533,0.36288,3.6288,46.2091,0.506489,0,0,0.6628,0.24205,0,0.66528,12.849,1,0.84672,0.36288,0,28.5829,5.48111,22.618,0.84672,12.849,0.84672,3695.15,0,0.0036966,2.02213e-05,0.575899,1.78885,3.63943,1.34582,4.65833,0.42336,0.0018483,0.21168,0.0018483,0.21168,460.486,0,1.02816,0,0,1.60406,0.575899,1.028160,1,0,27.2763,0,0,0,27.2763,0
32.8902,2.37375,0,0,1.48338,0.0729682,0.36288,3.6288,46.0726,0.506489,0,0,0.616054,0.246083,0,0.66528,12.849,1,0.84672,0.36288,0,25.5474,5.53465,19.5289,0.84672,12.849,0.84672,3695.15,0,0.0036966,2.02589e-05,0.469973,1.78904,3.52007,1.3595,4.41955,0.42336,0.0018483,0.21168,0.0018483,0.21168,460.486,0,1.02816,0,0,1.49813,0.469973,1.028160,1,0,23.9484,0,0,0,23.9484,0
31.2528,2.34555,0,0,1.13676,0.0657671,0.36288,3.6288,45.8817,0.548618,0,0,0.58241,0.224674,0,0.66528,12.849,1,0.84672,0.36288,0,26.9061,4.96177,21.4605,0.84672,12.849,0.84672,3695.15,0,0.0036966,2.2009e-05,1.00455,1.78923,3.52177,1.16571,5.14981,0.42336,0.0018483,0.21168,0.0018483,0.21168,460.486,0,1.02816,0,0,2.03271,1.00455,1.028160,1,0,26.6103,0,0,0,26.6103,0
29.5708,2.38641,0,0,1.1317,0.0644264,0.36288,3.6288,45.709,0.508762,0,0,0.560336,0.224277,0,0.66528,12.849,1,0.84672,0.36288,0,25.388,4.96177,19.9424,0.84672,12.849,0.84672,3695.15,0,0.0036966,2.0495e-05,1.05204,1.81649,3.72907,1.16571,5.43187,0.42336,0.0018483,0.21168,0.0018483,0.21168,460.486,0,1.02816,0,0,2.0802,1.05204,1.028160,1,0,25.3743,0,0,0,25.3743,0
27.8439,2.38708,0,0,1.07677,0.0537545,0.36288,3.6288,45.5022,0.509089,0,0,0.547004,0.244681,0,0.66528,12.849,1,0.84672,0.36288,0,23.9298,5.28753,18.1584,0.84672,12.849,0.84672,3695.15,0,0.0036966,2.05856e-05,1.0237,1.79336,3.62501,1.27596,5.16609,0.42336,0.0018483,0.21168,0.0018483,0.21168,460.486,0,1.02816,0,0,2.05186,1.0237,1.028160,1,0,23.3245,0,0,0,23.3245,0
25.9842,2.38776,0,0,0.931746,0.0407175,0.36288,3.6288,45.2404,0.509415,0,0,0.514676,0.26708,0,0.66528,12.849,1,0.84672,0.36288,0,22.3249,5.99307,15.848,0.84672,12.849,0.84672,3695.15,0,0.0036966,2.06924e-05,0.881842,1.79374,3.62045,1.52355,4.77246,0.42336,0.0018483,0.21168,0.0018483,0.21168,460.486,0,1.02816,0,0,1.91,0.881842,1.028160,1,0,20.6204,0,0,0,20.6204,0
24.0708,2.46394,0,0,0.952361,0.038974,0.36288,3.6288,44.9013,0.54732,0,0,0.487246,0.279036,0,0.66528,12.849,1,0.84672,0.36288,0,21.5159,6.00711,15.025,0.84672,12.849,0.84672,3695.15,0,0.0036966,2.23608e-05,0.96514,1.79412,3.25795,1.52251,4.49467,0.42336,0.0018483,0.21168,0.0018483,0.21168,460.486,0,1.02816,0,0,1.9933,0.96514,1.028160,1,0,19.5197,0,0,0,19.5197,0
22.1992,2.46463,0,0,0.993211,0.0372699,0.36288,3.6288,44.5375,0.547654,0,0,0.474102,0.290242,0,0.66528,12.849,1,0.84672,0.36288,0,21.301,5.86509,14.952,0.84672,12.849,0.84672,3695.15,0,0.0036966,2.25434e-05,1.02772,1.83768,3.16552,1.46515,4.56575,0.42336,0.0018483,0.21168,0.0018483,0.21168,460.486,0,1.02816,0,0,2.05588,1.02772,1.028160,1,0,19.5178,0,0,0,19.5178,0
20.1985,2.46531,0,0,0.863732,0.0363121,0.36288,3.6288,44.1458,0.547988,0,0,0.445548,0.289254,0,0.66528,12.849,1,0.84672,0.36288,0,20.153,5.86509,13.804,0.84672,12.849,0.84672,3695.15,0,0.0036966,2.27414e-05,0.85415,1.83807,3.08051,1.46515,4.30756,0.42336,0.0018483,0.21168,0.0018483,0.21168,460.486,0,1.02816,0,0,1.88231,0.85415,1.028160,1,0,18.1116,0,0,0,18.1116,0
18.1296,2.466,0,0,0.795355,0.035333,0.36288,3.6288,43.7459,0.548322,0,0,0.436547,0.288189,0,0.66528,12.849,1,0.84672,0.36288,0,19.0073,5.86509,12.6584,0.84672,12.849,0.84672,3695.15,0,0.0036966,2.29572e-05,0.757348,1.83846,3.04934,1.46515,4.17998,0.42336,0.0018483,0.21168,0.0018483,0.21168,460.486,0,1.02816,0,0,1.78551,0.757348,1.028160,1,0,16.8384,0,0,0,16.8384,0
15.7524,2.68796,0,0,0.69857,0.0249666,0.36288,3.6288,43.2133,0.66528,0,0,0.426887,0.294168,0,0.66528,12.849,1,0.84672,0.36288,0,18.0889,6.19794,11.4071,0.84672,12.849,0.84672,3695.15,0,0.0036966,0.0018483,0.815167,1.83885,3.01975,1.48763,4.18429,0.42336,0.0018483,0.21168,0.0018483,0.21168,460.486,0,1.02816,0,0,1.84333,0.815167,1.028160,1,0,15.5914,0,0,0,15.5914,0
13.498,2.68866,0,0,0.83103,0.0338979,0.36288,3.6288,42.6052,0.66528,0,0,0.35764,0.300415,0,0.66528,12.849,1,0.84672,0.36288,0,17.7591,6.25747,11.0178,0.84672,12.849,0.84672,3695.15,0,0.0036966,0.0018483,1.19436,1.9856,3.1229,1.61899,4.68203,0.42336,0.0018483,0.21168,0.0018483,0.21168,460.486,0,1.02816,0,0,2.22252,1.19436,1.028160,1,0,15.6998,0,0,0,15.6998,0
11.2983,2.68936,0,0,0.884917,0.0323127,0.36288,3.6288,42.0812,0.66528,0,0,0.439911,0.298677,0,0.66528,12.849,1,0.84672,0.36288,0,22.5992,6.25747,15.8579,0.84672,12.849,0.84672,3695.15,0,0.0036966,0.0018483,1.71113,1.98603,3.48815,1.61899,5.56447,0.42336,0.0018483,0.21168,0.0018483,0.21168,460.486,0,1.02816,0,0,2.73929,1.71113,1.028160,1,0,21.4224,0,0,0,21.4224,0
8.94268,2.69004,0,0,0.728032,0.030766,0.36288,3.6288,41.4391,0.66528,0,0,0.320384,0.297179,0,0.66528,12.849,1,0.84672,0.36288,0,20.7044,6.25747,13.9631,0.84672,12.849,0.84672,3695.15,0,0.0036966,0.0018483,0.844007,1.98645,2.85694,1.61899,4.06655,0.42336,0.0018483,0.21168,0.0018483,0.21168,460.486,0,1.02816,0,0,1.87217,0.844007,1.028160,1,0,18.0296,0,0,0,18.0296,0
6.7674,2.69068,0,0,0.907243,0.0289638,0.36288,3.6288,41.0335,0.66528,0,0,0.555007,0.295344,0,0.66528,12.849,1,0.84672,0.36288,0,20.1818,6.25747,13.4405,0.84672,12.849,0.84672,3695.15,0,0.0036966,0.0018483,2.67157,1.98687,4.45588,1.61899,7.49349,0.42336,0.0018483,0.21168,0.0018483,0.21168,460.486,0,1.02816,0,0,3.69973,2.67157,1.028160,1,0,20.934,0,0,0,20.934,0
5.09547,2.58331,0,0,1.32347,0.0492122,0.36288,3.6288,40.6954,0.603742,0,0,0.499199,0.233591,0,0.66528,12.849,1,0.84672,0.36288,0,29.4292,5.28486,23.6605,0.84672,12.849,0.84672,3695.15,0,0.0036966,2.71947e-05,1.70014,1.98729,4.87383,1.37987,7.18137,0.42336,0.0018483,0.21168,0.0018483,0.21168,460.486,0,1.02816,0,0,2.7283,1.70014,1.028160,1,0,30.8419,0,0,0,30.8419,0
3.49847,2.5838,0,0,1.3992,0.0495219,0.36288,3.6288,40.6316,0.604088,0,0,0.769863,0.229587,0,0.66528,12.849,1,0.84672,0.36288,0,27.3218,5.33841,21.4996,0.84672,12.849,0.84672,3695.15,0,0.0036966,2.74364e-05,3.40457,1.90375,5.79821,1.42396,9.68254,0.42336,0.0018483,0.21168,0.0018483,0.21168,460.486,0,1.02816,0,0,4.43273,3.40457,1.028160,1,0,31.1821,0,0,0,31.1821,0
1.73071,2.5841,0,0,1.226,0.0467752,0.36288,3.6288,40.2735,0.604434,0,0,0.475856,0.229445,0,0.66528,12.849,1,0.84672,0.36288,0,27.7403,5.33841,21.918,0.84672,12.849,0.84672,3695.15,0,0.0036966,2.74953e-05,2.17952,1.90415,4.571,1.42396,7.23068,0.42336,0.0018483,0.21168,0.0018483,0.21168,460.486,0,1.02816,0,0,3.20768,2.17952,1.028160,1,0,29.1487,0,0,0,29.1487,0
0.590764,1.73071,0,0,0.997307,0.0436628,0.36288,3.6288,39.8318,0.60478,0,0,0.391664,0.228644,0,0.66528,12.849,1,0.84672,0.36288,0,25.4737,5.33841,19.6514,0.84672,12.849,0.84672,3695.15,0,0.0036966,2.77556e-05,1.47642,1.90456,4.1301,1.42396,6.08709,0.42336,0.0018483,0.21168,0.0018483,0.21168,460.486,0,1.02816,0,0,2.50458,1.47642,1.028160,1,0,25.7385,0,0,0,25.7385,0
0.722563,0.590764,0,0,1.14482,0.0593743,0.36288,3.6288,39.5701,0.529981,0,0,0.461976,0.193653,0,0.66528,12.849,1,0.84672,0.36288,0,27.4064,4.50307,22.4195,0.84672,12.849,0.84672,3695.15,0,0.0036966,2.45925e-05,1.34693,1.90496,3.92508,1.11692,6.06003,0.42336,0.0018483,0.21168,0.0018483,0.21168,460.486,0,1.02816,0,0,2.37509,1.34693,1.028160,1,0,28.4795,0,0,0,28.4795,0
1.32821,0.722563,0,0,1.75902,0.0679249,0.36288,3.6288,39.3151,0.530311,0,0,0.452947,0.177634,0,0.66528,12.849,1,0.84672,0.36288,0,44.026,3.87377,39.6684,0.84672,12.849,0.84672,3695.15,0,0.0036966,2.47706e-05,0.61331,1.83068,4.68325,0.858958,6.26826,0.42336,0.0018483,0.21168,0.0018483,0.21168,460.486,0,1.02816,0,0,1.64147,0.61331,1.028160,1,0,45.9366,0,0,0,45.9366,0
3.10549,1.32821,0,0,3.53803,0.069654,0.36288,3.6288,39.7583,0.530642,0,0,1.15103,0.177207,0,0.66528,12.849,1,0.84672,0.36288,0,72.3936,3.87377,68.036,0.84672,12.849,0.84672,3695.15,0,0.0036966,2.49468e-05,2.8172,1.83107,8.09431,0.858958,11.8836,0.42336,0.0018483,0.21168,0.0018483,0.21168,460.486,0,1.02816,0,0,3.84536,2.8172,1.028160,1,0,79.9196,0,0,0,79.9196,0
2.33794,2.49887,0,0,2.16892,0.0747284,0.36288,3.6288,40.0055,0.530972,0,0,0.956154,0.17795,0,0.66528,12.849,1,0.84672,0.36288,0,43.2041,3.87377,38.8465,0.84672,12.849,0.84672,3695.15,0,0.0036966,2.46841e-05,2.49099,1.83146,8.13224,0.858958,11.5957,0.42336,0.0018483,0.21168,0.0018483,0.21168,460.486,0,1.02816,0,0,3.51915,2.49099,1.028160,1,0,50.4422,0,0,0,50.4422,0
3.01511,2.24716,0,0,3.38123,0.0940108,0.36288,3.6288,40.205,0.374665,0,0,0.763662,0.189483,0,0.66528,12.849,1,0.84672,0.36288,0,83.8409,4.12738,79.2297,0.84672,12.849,0.84672,3695.15,0,0.0036966,1.73099e-05,1.66636,1.83185,9.34273,0.952066,11.8889,0.42336,0.0018483,0.21168,0.0018483,0.21168,460.486,0,1.02816,0,0,2.69452,1.66636,1.028160,1,0,91.1186,0,0,0,91.1186,0
3.15148,2.11679,0,0,2.706,0.089969,0.36288,3.6288,40.1981,0.506466,0,0,0.654156,0.154682,0,0.66528,12.849,1,0.84672,0.36288,0,51.1268,3.61946,47.0235,0.84672,12.849,0.84672,3695.15,0,0.0036966,2.32832e-05,1.73391,1.66396,6.77624,1.03687,9.13722,0.42336,0.0018483,0.21168,0.0018483,0.21168,460.486,0,1.02816,0,0,2.76207,1.73391,1.028160,1,0,56.1607,0,0,0,56.1607,0
4.1034,2.1178,0,0,3.52304,0.0904394,0.36288,3.6288,40.4695,0.506466,0,0,0.932602,0.154671,0,0.66528,12.849,1,0.84672,0.36288,0,63.6255,3.61946,59.5222,0.84672,12.849,0.84672,3695.15,0,0.0036966,2.32872e-05,2.78624,1.74127,10.6981,1.03687,14.1888,0.42336,0.0018483,0.21168,0.0018483,0.21168,460.486,0,1.02816,0,0,3.8144,2.78624,1.028160,1,0,73.7109,0,0,0,73.7109,0
4.44131,2.11904,0,0,2.91355,0.0937229,0.36288,3.6288,40.708,0.506466,0,0,0.900046,0.155082,0,0.66528,12.849,1,0.84672,0.36288,0,74.3089,3.61946,70.2056,0.84672,12.849,0.84672,3695.15,0,0.0036966,2.3131e-05,2.30842,1.74145,7.24928,1.03687,10.2623,0.42336,0.0018483,0.21168,0.0018483,0.21168,460.486,0,1.02816,0,0,3.33658,2.30842,1.028160,1,0,80.4679,0,0,0,80.4679,0
3.86992,2.12006,0,0,2.02131,0.109761,0.36288,3.6288,40.7627,0.506467,0,0,0.722909,0.161794,0,0.66528,12.849,1,0.84672,0.36288,0,52.8301,4.21638,48.1299,0.84672,12.849,0.84672,3695.15,0,0.0036966,2.29955e-05,1.69642,1.74163,5.19274,1.07606,7.55471,0.42336,0.0018483,0.21168,0.0018483,0.21168,460.486,0,1.02816,0,0,2.72458,1.69642,1.028160,1,0,55.6846,0,0,0,55.6846,0
3.67254,2.2179,0,0,2.48843,0.105027,0.36288,3.6288,40.6708,0.551863,0,0,0.615297,0.155272,0,0.66528,12.849,1,0.84672,0.36288,0,38.9146,4.07493,34.3559,0.84672,12.849,0.84672,3695.15,0,0.0036966,2.50231e-05,1.22115,1.74181,4.44514,1.07319,6.33489,0.42336,0.0018483,0.21168,0.0018483,0.21168,460.486,0,1.02816,0,0,2.24931,1.22115,1.028160,1,0,40.6908,0,0,0,40.6908,0
5.32208,2.26416,0,0,4.37936,0.102778,0.36288,3.6288,40.9989,0.506461,0,0,0.97341,0.138852,0,0.66528,12.849,1,0.84672,0.36288,0,69.161,3.77748,64.8996,0.84672,12.849,0.84672,3695.15,0,0.0036966,2.30163e-05,2.01571,1.79525,8.23844,0.977039,11.0723,0.42336,0.0018483,0.21168,0.0018483,0.21168,460.486,0,1.02816,0,0,3.04387,2.01571,1.028160,1,0,75.972,0,0,0,75.972,0
10.1044,2.26545,0,0,7.51961,0.108918,0.36288,3.6288,42.7423,0.506461,0,0,2.38911,0.139297,0,0.66528,12.849,1,0.84672,0.36288,0,144.45,3.77748,140.189,0.84672,12.849,0.84672,3695.15,0,0.0036966,2.28321e-05,5.5734,1.76886,15.4305,0.977039,21.7957,0.42336,0.0018483,0.21168,0.0018483,0.21168,460.486,0,1.02816,0,0,6.60156,5.5734,1.028160,1,0,161.985,0,0,0,161.985,0
15.9892,2.26676,0,0,8.65901,0.144623,0.36288,3.6288,44.2532,0.506462,0,0,2.17572,0.158324,0,0.66528,12.849,1,0.84672,0.36288,0,170.28,4.1433,165.653,0.84672,12.849,0.84672,3695.15,0,0.0036966,2.19009e-05,7.09935,1.76903,15.1838,1.07091,22.9813,0.42336,0.0018483,0.21168,0.0018483,0.21168,460.486,0,1.02816,0,0,8.12751,7.09935,1.028160,1,0,188.634,0,0,0,188.634,0
21.6693,2.57979,0,0,8.79535,0.17256,0.36288,3.6288,45.6194,0.66528,0,0,2.19001,0.15853,0,0.66528,12.849,1,0.84672,0.36288,0,261.282,4.30478,256.494,0.84672,12.849,0.84672,3695.15,0,0.0036966,0.0018483,6.85686,1.76921,17.3357,1.10289,24.8571,0.42336,0.0018483,0.21168,0.0018483,0.21168,460.486,0,1.02816,0,0,7.88502,6.85686,1.028160,1,0,281.351,0,0,0,281.351,0
26.0392,2.66432,0,0,7.57064,0.173599,0.36288,3.6288,47.1637,0.593633,0,0,2.27668,0.138743,0,0.66528,12.849,1,0.84672,0.36288,0,190.62,4.15008,185.986,0.84672,12.849,0.84672,3695.15,0,0.0036966,2.40514e-05,4.24718,1.95965,16.443,1.05136,21.5985,0.42336,0.0018483,0.21168,0.0018483,0.21168,460.486,0,1.02816,0,0,5.27534,4.24718,1.028160,1,0,207.585,0,0,0,207.585,0
29.7396,2.66506,0,0,6.93445,0.206032,0.36288,3.6288,48.8824,0.59396,0,0,2.49273,0.180116,0,0.66528,12.849,1,0.84672,0.36288,0,150.243,4.46891,145.29,0.84672,12.849,0.84672,3695.15,0,0.0036966,2.32767e-05,4.61102,1.91103,16.433,1.16264,21.7924,0.42336,0.0018483,0.21168,0.0018483,0.21168,460.486,0,1.02816,0,0,5.63918,4.61102,1.028160,1,0,167.082,0,0,0,167.082,0
32.2436,2.66579,0,0,5.74948,0.216818,0.36288,3.6288,50.1756,0.594287,0,0,2.0702,0.182713,0,0.66528,12.849,1,0.84672,0.36288,0,151.587,4.46891,146.634,0.84672,12.849,0.84672,3695.15,0,0.0036966,2.24707e-05,3.52661,1.91141,13.7795,1.16264,18.0549,0.42336,0.0018483,0.21168,0.0018483,0.21168,460.486,0,1.02816,0,0,4.55477,3.52661,1.028160,1,0,164.689,0,0,0,164.689,0
34.5726,2.22119,0,0,5.12946,0.216378,0.36288,3.6288,51.2352,0.365498,0,0,1.58748,0.162303,0,0.66528,12.849,1,0.84672,0.36288,0,125.364,3.83837,121.042,0.84672,12.849,0.84672,3695.15,0,0.0036966,1.34637e-05,2.62573,1.9118,11.3861,1.05141,14.8722,0.42336,0.0018483,0.21168,0.0018483,0.21168,460.486,0,1.02816,0,0,3.65389,2.62573,1.028160,1,0,135.914,0,0,0,135.914,0
36.9651,2.13455,0,0,5.10452,0.21459,0.36288,3.6288,51.5807,0.506454,0,0,1.07254,0.220588,0,0.66528,12.849,1,0.793311,0.36288,0,141.858,4.30901,137.118,0.84672,12.849,0.84672,3695.15,0,0.0036966,1.82702e-05,1.58993,1.6517,9.30364,1.13628,11.409,0.42336,0.0018483,0.21168,0.0018483,0.21168,460.486,0,1.02816,0,0,2.61809,1.58993,1.028160,1,0,148.527,0,0,0,148.527,0
39.1916,2.17332,0,0,4.99628,0.233643,0.36288,3.6288,53.5483,0.506454,0,0,2.65638,0.182321,0,0.66528,12.849,1,0.755442,0.36288,0,198.382,3.56065,194.429,0.84672,12.849,0.84672,3695.15,0,0.0036966,1.81478e-05,2.9304,1.73436,12.6053,0.893301,16.3768,0.42336,0.0018483,0.21168,0.0018483,0.21168,460.486,0,1.02816,0,0,3.95856,2.9304,1.028160,1,0,210.806,0,0,0,210.806,0
41.186,2.20632,0,0,4.80343,0.239806,0.36288,3.6288,54.0729,0.506455,0,0,1.21619,0.185224,0,0.66528,12.849,1,0.723345,0.36288,0,154.678,3.56065,150.757,0.84672,12.849,0.84672,3695.15,0,0.0036966,1.7481e-05,1.98173,1.73453,9.55558,0.893301,12.3785,0.42336,0.0018483,0.21168,0.0018483,0.21168,460.486,0,1.02816,0,0,3.00989,1.98173,1.028160,1,0,163.136,0,0,0,163.136,0
45.5389,2.23371,0,0,7.19497,0.2455,0.36288,3.6288,56.8466,0.506455,0,0,3.46613,0.185939,0,0.66528,12.849,1,0.696861,0.36288,0,166.847,3.56065,162.952,0.84672,12.849,0.84672,3695.15,0,0.0036966,1.73115e-05,5.02701,1.7347,14.3924,0.893301,20.2608,0.42336,0.0018483,0.21168,0.0018483,0.21168,460.486,0,1.02816,0,0,6.05517,5.02701,1.028160,1,0,183.213,0,0,0,183.213,0
50.8002,2.37388,0,0,8.23511,0.236987,0.36288,3.6288,59.4082,0.562563,0,0,3.33073,0.206598,0,0.66528,12.849,1,0.669802,0.36288,0,199.777,4.12234,195.347,0.84672,12.849,0.84672,3695.15,0,0.0036966,1.82911e-05,3.86413,1.73486,16.8422,0.915239,21.5259,0.42336,0.0018483,0.21168,0.0018483,0.21168,460.486,0,1.02816,0,0,4.89229,3.86413,1.028160,1,0,216.873,0,0,0,216.873,0
54.625,2.54115,0,0,6.97602,0.247209,0.36288,3.6288,61.308,0.423302,0,0,3.44212,0.212963,0.906024,0.66528,12.849,1,0.642738,0.36288,0,191.489,4.21596,186.993,0.84672,12.849,0.84672,3695.15,0,0.0036966,1.31697e-05,4.50874,1.79941,17.965,0.918895,23.3542,0.42336,0.0018483,0.21168,0.0018483,0.21168,460.486,0,1.02816,0,0,5.5369,4.50874,1.028160,1,0,211.254,0,0,0,211.254,0
58.5338,2.57811,0,0,7.10685,0.257124,0.36288,3.6288,61.308,0.423594,0,0,2.92522,0.215552,2.28607,0.66528,12.849,1,0.606427,0.36288,0,191.085,4.21596,186.625,0.84672,12.849,0.84672,3695.15,0,0.0036966,1.27704e-05,3.84212,1.71809,16.2405,0.918895,20.8818,0.42336,0.0018483,0.21168,0.0018483,0.21168,460.486,0,1.02816,0,0,4.87028,3.84212,1.028160,1,0,209.793,0,0,0,209.793,0
60.8498,2.61184,0,0,5.55131,0.260572,0.36288,3.6288,61.308,0.423886,0,0,2.40043,0.214418,1.76213,0.66528,12.849,1,0.573337,0.36288,0,181.55,4.09577,177.244,0.84672,12.849,0.84672,3695.15,0,0.0036966,1.27792e-05,3.14712,1.71843,12.989,0.918883,16.9357,0.42336,0.0018483,0.21168,0.0018483,0.21168,460.486,0,1.02816,0,0,4.17528,3.14712,1.028160,1,0,195.941,0,0,0,195.941,0
62.2631,2.59414,0,0,4.61168,0.24137,0.36288,3.6288,61.308,0.402369,0,0,1.9636,0.193701,1.36753,0.66528,12.849,1,0.547776,0.36288,0,129.133,3.83366,125.114,0.84672,12.849,0.84672,3695.15,0,0.0036966,1.21305e-05,2.67222,1.71878,11.2889,0.989518,14.6903,0.42336,0.0018483,0.21168,0.0018483,0.21168,460.486,0,1.02816,0,0,3.70038,2.67222,1.028160,1,0,141.172,0,0,0,141.172,0
63.1992,2.60497,0,0,4.08251,0.17856,0.36288,3.6288,61.308,0.402657,0,0,1.56001,0.222504,0.934852,0.66528,12.849,1,0.537578,0.36288,0,106.261,4.52391,101.562,0.84672,12.849,0.84672,3695.15,0,0.0036966,1.21392e-05,2.79989,1.69405,10.4728,1.0632,13.9035,0.42336,0.0018483,0.21168,0.0018483,0.21168,460.486,0,1.02816,0,0,3.82805,2.79989,1.028160,1,0,116.401,0,0,0,116.401,0
63.8793,2.61211,0,0,3.82198,0.166857,0.36288,3.6288,61.308,0.402944,0,0,1.62482,0.229043,0.992833,0.66528,12.849,1,0.531067,0.36288,0,98.7189,4.58157,93.9692,0.84672,12.849,0.84672,3695.15,0,0.0036966,1.21479e-05,2.66846,1.69439,9.2137,1.06665,12.5099,0.42336,0.0018483,0.21168,0.0018483,0.21168,460.486,0,1.02816,0,0,3.69662,2.66846,1.028160,1,0,107.472,0,0,0,107.472,0
64.5875,2.61734,0,0,3.85617,0.167781,0.36288,3.6288,61.308,0.403232,0,0,1.48989,0.229043,0.857615,0.66528,12.849,1,0.526466,0.36288,0,95.1687,4.58157,90.4236,0.84672,12.849,0.84672,3695.15,0,0.0036966,1.21566e-05,2.50599,1.69473,8.47256,1.06665,11.6066,0.42336,0.0018483,0.21168,0.0018483,0.21168,460.486,0,1.02816,0,0,3.53415,2.50599,1.028160,1,0,102.888,0,0,0,102.888,0
65.159,2.7471,0,0,3.84791,0.166369,0.36288,3.6288,61.308,0.480922,0,0,1.29302,0.226932,0.585164,0.66528,12.849,1,0.546507,0.36288,0,96.9615,4.74536,92.0326,0.84672,12.849,0.84672,3695.15,0,0.0036966,1.44987e-05,2.18551,1.69507,7.82412,1.06103,10.6436,0.42336,0.0018483,0.21168,0.0018483,0.21168,460.486,0,1.02816,0,0,3.21367,2.18551,1.028160,1,0,103.261,0,0,0,103.261,0
65.2114,2.75166,0,0,3.27812,0.111168,0.36288,3.6288,61.308,0.481226,0,0,1.12076,0.262169,0.377369,0.66528,12.849,1,0.542612,0.36288,0,82.3193,4.71434,77.4253,0.84672,12.849,0.84672,3695.15,0,0.0036966,1.45079e-05,1.94486,1.78316,7.57054,1.13717,10.1614,0.42336,0.0018483,0.21168,0.0018483,0.21168,460.486,0,1.02816,0,0,2.97302,1.94486,1.028160,1,0,87.964,0,0,0,87.964,0
65.135,2.75257,0,0,3.12857,0.0896069,0.36288,3.6288,61.308,0.481529,0,0,1.04637,0.269187,0.295657,0.66528,12.849,1,0.542356,0.36288,0,73.5022,4.83368,68.4891,0.84672,12.849,0.84672,3695.15,0,0.0036966,1.4517e-05,1.70243,1.78352,7.34901,1.18788,9.64707,0.42336,0.0018483,0.21168,0.0018483,0.21168,460.486,0,1.02816,0,0,2.73059,1.70243,1.028160,1,0,78.4318,0,0,0,78.4318,0
64.9737,2.7526,0,0,3.0438,0.089552,0.36288,3.6288,61.308,0.481832,0,0,1.06138,0.269187,0.310362,0.66528,12.849,1,0.542997,0.36288,0,69.8449,4.83368,64.8311,0.84672,12.849,0.84672,3695.15,0,0.0036966,1.45262e-05,1.92381,1.78388,6.9984,1.18788,9.5182,0.42336,0.0018483,0.21168,0.0018483,0.21168,460.486,0,1.02816,0,0,2.95197,1.92381,1.028160,1,0,74.6597,0,0,0,74.6597,0
64.5146,2.75202,0,0,2.76375,0.108013,0.36288,3.6288,61.308,0.482136,0,0,0.999086,0.263919,0.253031,0.66528,12.849,1,0.544232,0.36288,0,65.823,4.49522,61.1464,0.84672,12.849,0.84672,3695.15,0,0.0036966,1.45353e-05,1.83342,1.78424,6.40276,1.20094,8.81946,0.42336,0.0018483,0.21168,0.0018483,0.21168,460.486,0,1.02816,0,0,2.86158,1.83342,1.028160,1,0,70.2189,0,0,0,70.2189,0
64.599,2.72472,0,0,3.25737,0.0852961,0.36288,3.6288,61.308,0.525024,0,0,0.965157,0.307424,0.132709,0.66528,12.849,1,0.542667,0.36288,0,66.4304,5.48751,60.7631,0.84672,12.849,0.84672,3695.15,0,0.0036966,1.58283e-05,1.37507,1.7846,5.12487,1.31793,6.9666,0.42336,0.0018483,0.21168,0.0018483,0.21168,460.486,0,1.02816,0,0,2.40323,1.37507,1.028160,1,0,67.8624,0,0,0,67.8624,0
64.622,2.72586,0,0,3.19104,0.0793168,0.36288,3.6288,61.308,0.525336,0,0,0.974255,0.315334,0.133585,0.66528,12.849,1,0.542185,0.36288,0,63.6466,5.6952,57.7721,0.84672,12.849,0.84672,3695.15,0,0.0036966,1.58377e-05,1.37938,1.81233,5.13197,1.33579,6.98787,0.42336,0.0018483,0.21168,0.0018483,0.21168,460.486,0,1.02816,0,0,2.40754,1.37938,1.028160,1,0,64.8935,0,0,0,64.8935,0
64.63,2.72657,0,0,3.17682,0.0793315,0.36288,3.6288,61.308,0.525648,0,0,0.937319,0.315334,0.0963371,0.66528,12.849,1,0.542133,0.36288,0,60.0536,5.6952,54.1792,0.84672,12.849,0.84672,3695.15,0,0.0036966,1.58471e-05,1.43561,1.81269,5.43403,1.33579,7.34653,0.42336,0.0018483,0.21168,0.0018483,0.21168,460.486,0,1.02816,0,0,2.46377,1.43561,1.028160,1,0,61.622,0,0,0,61.622,0
64.4968,2.72717,0,0,3.02262,0.0658185,0.36288,3.6288,61.308,0.52596,0,0,0.915028,0.338651,0.0504168,0.66528,12.849,1,0.542185,0.36288,0,56.6051,6.02096,50.4049,0.84672,12.849,0.84672,3695.15,0,0.0036966,1.58565e-05,1.40206,1.81305,5.28239,1.44604,7.05145,0.42336,0.0018483,0.21168,0.0018483,0.21168,460.486,0,1.02816,0,0,2.43022,1.40206,1.028160,1,0,57.5067,0,0,0,57.5067,0
63.8959,2.79043,0,0,2.59839,0.0459509,0.36288,3.6288,61.2545,0.564255,0,0,0.865987,0.355227,0,0.66528,12.849,1,0.555906,0.36288,0,49.1518,6.37775,42.5811,0.84672,12.849,0.84672,3695.15,0,0.0036966,1.7011e-05,1.03325,1.81342,4.68639,1.5838,5.94924,0.42336,0.0018483,0.21168,0.0018483,0.21168,460.486,0,1.02816,0,0,2.06141,1.03325,1.028160,1,0,48.5303,0,0,0,48.5303,0
63.7053,2.78663,0,0,3.00199,0.0431255,0.36288,3.6288,61.308,0.564575,0,0,1.15149,0.338887,0.19453,0.66528,12.849,1,0.560371,0.36288,0,58.0774,6.11615,51.7638,0.84672,12.849,0.84672,3695.15,0,0.0036966,1.70356e-05,1.28238,1.85743,4.52058,1.51281,6.14757,0.42336,0.0018483,0.21168,0.0018483,0.21168,460.486,0,1.02816,0,0,2.31054,1.28238,1.028160,1,0,58.1058,0,0,0,58.1058,0
63.277,2.7858,0,0,2.76348,0.0430589,0.36288,3.6288,61.308,0.564895,0,0,0.976199,0.339002,0.072302,0.66528,12.849,1,0.56188,0.36288,0,47.7044,6.11615,41.3892,0.84672,12.849,0.84672,3695.15,0,0.0036966,1.70303e-05,1.42251,1.8578,4.37098,1.51281,6.13847,0.42336,0.0018483,0.21168,0.0018483,0.21168,460.486,0,1.02816,0,0,2.45067,1.42251,1.028160,1,0,47.6,0,0,0,47.6,0
62.6184,2.78319,0,0,2.5304,0.0429092,0.36288,3.6288,61.3079,0.565215,0,0,0.904159,0.339002,0,0.66528,12.849,1,0.565154,0.36288,0,45.3426,6.11615,39.0242,0.84672,12.849,0.84672,3695.15,0,0.0036966,1.704e-05,1.06672,1.85818,3.84204,1.51281,5.25411,0.42336,0.0018483,0.21168,0.0018483,0.21168,460.486,0,1.02816,0,0,2.09488,1.06672,1.028160,1,0,44.2783,0,0,0,44.2783,0
62.0699,2.82559,0,0,2.67354,0.0335966,0.36288,3.6288,61.308,0.621694,0,0,1.03797,0.344182,0.0720328,0.66528,12.849,1,0.579798,0.36288,0,44.4705,6.26569,37.9879,0.84672,12.849,0.84672,3695.15,0,0.0036966,1.87427e-05,1.48571,1.85855,5.08254,1.54269,6.88409,0.42336,0.0018483,0.21168,0.0018483,0.21168,460.486,0,1.02816,0,0,2.51387,1.48571,1.028160,1,0,44.944,0,0,0,44.944,0
62.0516,2.82192,0,0,3.18812,0.0215779,0.36288,3.6288,61.308,0.622025,0,0,1.10556,0.318599,0.164933,0.66528,12.849,1,0.584161,0.36288,0,53.2181,5.39235,47.6044,0.84672,12.849,0.84672,3695.15,0,0.0036966,1.87527e-05,0.769167,1.91288,4.53876,1.40653,5.81425,0.42336,0.0018483,0.21168,0.0018483,0.21168,460.486,0,1.02816,0,0,1.79733,0.769167,1.028160,1,0,53.5836,0,0,0,53.5836,0
61.8369,2.82234,0,0,2.9932,0.0227419,0.36288,3.6288,61.308,0.622356,0,0,1.09165,0.309806,0.159484,0.66528,12.849,1,0.58442,0.36288,0,51.3452,5.49665,45.627,0.84672,12.849,0.84672,3695.15,0,0.0036966,1.87627e-05,1.87453,1.91326,4.77647,1.44132,7.12292,0.42336,0.0018483,0.21168,0.0018483,0.21168,460.486,0,1.02816,0,0,2.90269,1.87453,1.028160,1,0,52.9094,0,0,0,52.9094,0
61.4657,2.82123,0,0,2.8356,0.0227017,0.36288,3.6288,61.308,0.622688,0,0,1.05261,0.309806,0.120117,0.66528,12.849,1,0.586218,0.36288,0,50.8914,5.49665,45.1714,0.84672,12.849,0.84672,3695.15,0,0.0036966,1.87727e-05,1.87152,1.91365,4.53219,1.44132,6.87601,0.42336,0.0018483,0.21168,0.0018483,0.21168,460.486,0,1.02816,0,0,2.89968,1.87152,1.028160,1,0,52.1676,0,0,0,52.1676,0
61.0581,2.81886,0,0,2.79681,0.0226323,0.36288,3.6288,61.308,0.623019,0,0,1.04405,0.309806,0.111223,0.66528,12.849,1,0.589265,0.36288,0,48.6212,5.49665,42.8981,0.84672,12.849,0.84672,3695.15,0,0.0036966,1.87826e-05,1.84634,1.91403,4.56753,1.44132,6.88656,0.42336,0.0018483,0.21168,0.0018483,0.21168,460.486,0,1.02816,0,0,2.8745,1.84634,1.028160,1,0,49.8959,0,0,0,49.8959,0
60.6322,2.86438,0,0,2.83686,0.0355095,0.36288,3.6288,61.308,0.621118,0,0,1.02521,0.233694,0.170402,0.66528,12.849,1,0.602777,0.36288,0,56.755,5.19874,51.3163,0.84672,12.849,0.84672,3695.15,0,0.0036966,1.87253e-05,2.03316,1.91441,5.43391,1.32868,8.05278,0.42336,0.0018483,0.21168,0.0018483,0.21168,460.486,0,1.02816,0,0,3.06132,2.03316,1.028160,1,0,59.5395,0,0,0,59.5395,0
60.3474,2.86146,0,0,2.98011,0.0405471,0.36288,3.6288,61.2709,0.621449,0,0,0.787614,0.203249,0,0.66528,12.849,1,0.606392,0.36288,0,67.5199,5.07958,62.1968,0.84672,12.849,0.84672,3695.15,0,0.0036966,1.87353e-05,1.41807,1.92401,4.9444,1.28363,7.00284,0.42336,0.0018483,0.21168,0.0018483,0.21168,460.486,0,1.02816,0,0,2.44623,1.41807,1.028160,1,0,69.1996,0,0,0,69.1996,0
62.363,2.85967,0,0,5.27863,0.040451,0.36288,3.6288,61.308,0.62178,0,0,1.26516,0.203201,0.403089,0.66528,12.849,1,0.608874,0.36288,0,78.5748,5.07958,73.2492,0.84672,12.849,0.84672,3695.15,0,0.0036966,1.87566e-05,1.85718,1.92439,4.48012,1.28363,6.97804,0.42336,0.0018483,0.21168,0.0018483,0.21168,460.486,0,1.02816,0,0,2.88534,1.85718,1.028160,1,0,80.6303,0,0,0,80.6303,0
61.6082,2.87657,0,0,2.52569,0.0411313,0.36288,3.6288,61.2679,0.622112,0,0,0.785221,0.203249,0,0.66528,12.849,1,0.592676,0.36288,0,72.1319,5.07958,66.8225,0.84672,12.849,0.84672,3695.15,0,0.0036966,1.87553e-05,1.32344,1.92478,3.02048,1.28363,4.98506,0.42336,0.0018483,0.21168,0.0018483,0.21168,460.486,0,1.02816,0,0,2.3516,1.32344,1.028160,1,0,71.8076,0,0,0,71.8076,0
62.1057,2.79697,0,0,3.75897,0.101625,0.36288,3.6288,61.308,0.5465,0,0,0.996002,0.203104,0.206258,0.66528,12.849,1,0.583336,0.36288,0,86.6713,4.47648,81.9744,0.84672,12.849,0.84672,3695.15,0,0.0036966,1.64866e-05,1.72034,1.92517,6.17359,1.20274,8.61635,0.42336,0.0018483,0.21168,0.0018483,0.21168,460.486,0,1.02816,0,0,2.7485,1.72034,1.028160,1,0,90.797,0,0,0,90.797,0
61.5426,2.8014,0,0,2.7704,0.169205,0.36288,3.6288,61.308,0.546816,0,0,1.05039,0.212022,0.291552,0.66528,12.849,1,0.579581,0.36288,0,94.4741,3.60035,90.657,0.84672,12.849,0.84672,3695.15,0,0.0036966,1.64853e-05,1.49891,1.85008,5.42433,1.09558,7.67772,0.42336,0.0018483,0.21168,0.0018483,0.21168,460.486,0,1.02816,0,0,2.52707,1.49891,1.028160,1,0,98.6263,0,0,0,98.6263,0
62.4655,2.79758,0,0,4.25184,0.168421,0.36288,3.6288,61.308,0.547132,0,0,1.86025,0.212022,1.1011,0.66528,12.849,1,0.584085,0.36288,0,103.016,3.60035,99.1949,0.84672,12.849,0.84672,3695.15,0,0.0036966,1.64948e-05,3.30634,1.85045,9.50746,1.09558,13.5686,0.42336,0.0018483,0.21168,0.0018483,0.21168,460.486,0,1.02816,0,0,4.3345,3.30634,1.028160,1,0,113.865,0,0,0,113.865,0
64.5166,2.8053,0,0,5.39472,0.175501,0.36288,3.6288,61.308,0.547449,0,0,1.88279,0.211576,1.12377,0.66528,12.849,1,0.577043,0.36288,0,169.276,3.6003,165.461,0.84672,12.849,0.84672,3695.15,0,0.0036966,1.65044e-05,4.27697,1.85082,12.7511,1.08371,17.7952,0.42336,0.0018483,0.21168,0.0018483,0.21168,460.486,0,1.02816,0,0,5.30513,4.27697,1.028160,1,0,184.38,0,0,0,184.38,0
68.4191,2.6087,0,0,7.08798,0.213814,0.36288,3.6288,61.308,0.389471,0,0,2.16194,0.2089,1.56357,0.66528,12.849,1,0.519544,0.36288,0,191.433,3.60003,187.676,0.84672,12.849,0.84672,3695.15,0,0.0036966,1.17417e-05,4.14049,1.85119,14.3174,1.0125,19.2966,0.42336,0.0018483,0.21168,0.0018483,0.21168,460.486,0,1.02816,0,0,5.16865,4.14049,1.028160,1,0,208.537,0,0,0,208.537,0
72.1433,2.63418,0,0,6.95368,0.232507,0.36288,3.6288,61.308,0.389756,0,0,3.69794,0.189506,3.11868,0.66528,12.849,1,0.494695,0.36288,0,190.929,3.95221,186.845,0.84672,12.849,0.84672,3695.15,0,0.0036966,1.17503e-05,4.23617,1.68152,15.4461,1.08275,20.281,0.42336,0.0018483,0.21168,0.0018483,0.21168,460.486,0,1.02816,0,0,5.26433,4.23617,1.028160,1,0,210.245,0,0,0,210.245,0
72.29,2.65639,0,0,6.14195,0.26015,3.07867,3.6288,61.308,0.39004,0,0,3.34053,0.196029,2.75446,0.66528,12.849,1,0.473114,3.07867,0,233.188,3.72519,232.068,0.84672,12.849,0.84672,3695.15,0,0.0036966,1.17589e-05,4.09412,1.68186,16.2966,1.04168,21.0309,0.42336,0.0018483,0.21168,0.0018483,0.21168,460.486,0,1.02816,0,0,5.12228,4.09412,1.028160,1,0,255.853,0,0,0,255.853,0
72.29,2.65774,0,0,5.95718,0.26044,3.039,3.6288,61.308,0.390325,0,0,3.08167,0.196029,2.49532,0.66528,12.849,1,0.472393,3.039,0,218.587,3.72519,217.428,0.84672,12.849,0.84672,3695.15,0,0.0036966,1.17674e-05,3.74266,1.68219,14.1528,1.04168,18.536,0.42336,0.0018483,0.21168,0.0018483,0.21168,460.486,0,1.02816,0,0,4.77082,3.74266,1.028160,1,0,238.46,0,0,0,238.46,0
72.29,2.65827,0,0,6.33456,0.26044,3.41585,3.6288,61.308,0.39061,0,0,2.93065,0.196029,2.34401,0.66528,12.849,1,0.472488,3.41585,0,231.015,3.72519,230.233,0.84672,12.849,0.84672,3695.15,0,0.0036966,1.1776e-05,3.30341,1.68253,10.7941,1.04168,14.7384,0.42336,0.0018483,0.21168,0.0018483,0.21168,460.486,0,1.02816,0,0,4.33157,3.30341,1.028160,1,0,247.315,0,0,0,247.315,0
72.29,2.74208,0,0,3.7092,0.274596,0.692526,3.6288,61.308,0.436767,0,0,1.78639,0.203506,1.14612,0.66528,12.849,1,0.487384,0.692526,0,138.67,3.85563,135.02,0.84672,12.849,0.84672,3695.15,0,0.0036966,1.31676e-05,2.78089,1.68287,8.00133,0.977338,11.4877,0.42336,0.0018483,0.21168,0.0018483,0.21168,460.486,0,1.02816,0,0,3.80905,2.78089,1.028160,1,0,147.654,0,0,0,147.654,0
72.0069,2.7426,0,0,3.10762,0.285212,0.36288,3.6288,61.308,0.437046,0,0,1.50651,0.209114,0.860345,0.66528,12.849,1,0.487477,0.36288,0,93.2057,3.95346,89.1277,0.84672,12.849,0.84672,3695.15,0,0.0036966,1.3176e-05,2.99203,1.73703,6.21245,0.929084,10.0124,0.42336,0.0018483,0.21168,0.0018483,0.21168,460.486,0,1.02816,0,0,4.02019,2.99203,1.028160,1,0,100,0,0,0,100,0
72.29,2.7415,0,0,6.85953,0.284599,3.55035,3.6288,61.308,0.437324,0,0,1.94323,0.209114,1.29679,0.66528,12.849,1,0.489196,3.55035,0,101.18,3.95346,100.288,0.84672,12.849,0.84672,3695.15,0,0.0036966,1.31844e-05,4.35754,1.73736,10.5087,0.929084,15.6745,0.42336,0.0018483,0.21168,0.0018483,0.21168,460.486,0,1.02816,0,0,5.3857,4.35754,1.028160,1,0,117.259,0,0,0,117.259,0
72.29,2.74365,0,0,10.0509,0.231976,7.07529,3.6288,61.308,0.437603,0,0,2.38135,0.188202,1.75554,0.66528,12.849,1,0.487662,7.07529,0,178.953,3.71568,181.824,0.84672,12.849,0.84672,3695.15,0,0.0036966,1.31928e-05,5.62477,1.73769,14.2473,0.908334,20.7014,0.42336,0.0018483,0.21168,0.0018483,0.21168,460.486,0,1.02816,0,0,6.65293,5.62477,1.028160,1,0,204.281,0,0,0,204.281,0
72.29,3.01183,0,0,6.98581,0.236402,3.73758,3.6288,61.308,0.610253,0,0,2.46208,0.189696,1.66213,0.66528,12.849,1,0.53533,3.73758,0,220.217,3.74928,219.67,0.84672,12.849,0.84672,3695.15,0,0.0036966,1.83978e-05,5.28059,1.73802,15.2102,0.934114,21.2947,0.42336,0.0018483,0.21168,0.0018483,0.21168,460.486,0,1.02816,0,0,6.30875,5.28059,1.028160,1,0,242.627,0,0,0,242.627,0
72.29,3.0124,0,0,7.94759,0.316196,4.61899,3.6288,61.308,0.610565,0,0,2.18762,0.219569,1.35749,0.66528,12.849,1,0.535431,4.61899,0,220.147,4.18866,220.042,0.84672,12.849,0.84672,3695.15,0,0.0036966,1.84072e-05,5.55783,1.9306,15.2533,1.10955,21.6322,0.42336,0.0018483,0.21168,0.0018483,0.21168,460.486,0,1.02816,0,0,6.58599,5.55783,1.028160,1,0,243.032,0,0,0,243.032,0
72.29,3.01297,0,0,8.62341,0.316196,5.29424,3.6288,61.308,0.610876,0,0,2.31592,0.219569,1.48547,0.66528,12.849,1,0.535533,5.29424,0,187.205,4.18866,187.775,0.84672,12.849,0.84672,3695.15,0,0.0036966,1.84166e-05,6.28533,1.93097,16.4311,1.10955,23.5379,0.42336,0.0018483,0.21168,0.0018483,0.21168,460.486,0,1.02816,0,0,7.31349,6.28533,1.028160,1,0,212.798,0,0,0,212.798,0
72.29,3.01354,0,0,8.81366,0.316196,5.48392,3.6288,61.308,0.611187,0,0,2.98875,0.219569,2.15799,0.66528,12.849,1,0.535635,5.48392,0,199.874,4.18866,200.634,0.84672,12.849,0.84672,3695.15,0,0.0036966,1.84259e-05,7.69219,1.93134,20.6546,1.10955,29.1686,0.42336,0.0018483,0.21168,0.0018483,0.21168,460.486,0,1.02816,0,0,8.72035,7.69219,1.028160,1,0,231.96,0,0,0,231.96,0
72.29,2.63206,0,0,8.04375,0.328211,5.08348,3.6288,61.308,0.379998,0,0,3.30983,0.224362,2.70547,0.66528,12.849,1,0.467828,5.08348,0,140.891,4.41165,141.095,0.84672,12.849,0.84672,3695.15,0,0.0036966,1.14561e-05,8.55256,1.9317,20.7189,1.16947,30.0337,0.42336,0.0018483,0.21168,0.0018483,0.21168,460.486,0,1.02816,0,0,9.58072,8.55256,1.028160,1,0,173.834,0,0,0,173.834,0
72.29,2.63256,0,0,8.77133,0.397515,5.74125,3.6288,61.308,0.380266,0,0,3.42751,0.164402,2.88284,0.66528,12.849,1,0.467917,5.74125,0,243.5,3.22612,245.547,0.84672,12.849,0.84672,3695.15,0,0.0036966,1.14642e-05,10.6484,1.66888,25.76,0.810024,37.2672,0.42336,0.0018483,0.21168,0.0018483,0.21168,460.486,0,1.02816,0,0,11.6765,10.6484,1.028160,1,0,285.698,0,0,0,285.698,0
72.29,2.63306,0,0,7.69506,0.397515,4.66449,3.6288,61.308,0.380533,0,0,2.63104,0.164402,2.0861,0.66528,12.849,1,0.468006,4.66449,0,245.468,3.22612,246.439,0.84672,12.849,0.84672,3695.15,0,0.0036966,1.14722e-05,8.78576,1.6692,21.363,0.810024,31.0079,0.42336,0.0018483,0.21168,0.0018483,0.21168,460.486,0,1.02816,0,0,9.81392,8.78576,1.028160,1,0,279.533,0,0,0,279.533,0
72.29,2.63356,0,0,5.74484,0.376096,2.73518,3.6288,61.308,0.380801,0,0,1.7795,0.18012,1.21858,0.66528,12.849,1,0.468095,2.73518,0,180.242,3.38411,179.125,0.84672,12.849,0.84672,3695.15,0,0.0036966,1.14803e-05,4.97959,1.66952,15.6399,0.869441,21.4195,0.42336,0.0018483,0.21168,0.0018483,0.21168,460.486,0,1.02816,0,0,6.00775,4.97959,1.028160,1,0,201.763,0,0,0,201.763,0
72.29,2.63406,0,0,5.00132,0.287036,2.08023,3.6288,61.308,0.381068,0,0,1.57501,0.211434,0.982509,0.66528,12.849,1,0.468184,2.08023,0,145.44,4.13617,142.916,0.84672,12.849,0.84672,3695.15,0,0.0036966,1.14884e-05,3.52233,1.66983,12.2411,1.08734,16.3459,0.42336,0.0018483,0.21168,0.0018483,0.21168,460.486,0,1.02816,0,0,4.55049,3.52233,1.028160,1,0,160.244,0,0,0,160.244,0
72.29,2.73082,0,0,6.08901,0.297914,3.06028,3.6288,61.308,0.438024,0,0,3.02552,0.176871,2.41063,0.66528,12.849,1,0.485383,3.06028,0,183.534,3.99935,182.11,0.84672,12.849,0.84672,3695.15,0,0.0036966,1.32054e-05,5.8537,1.67015,18.1353,1.04797,24.6111,0.42336,0.0018483,0.21168,0.0018483,0.21168,460.486,0,1.02816,0,0,6.88186,5.8537,1.028160,1,0,209.132,0,0,0,209.132,0
72.29,2.73134,0,0,6.8936,0.304632,3.85763,3.6288,61.308,0.438302,0,0,3.28827,0.163577,2.68639,0.66528,12.849,1,0.485475,3.85763,0,189.639,3.92081,189.091,0.84672,12.849,0.84672,3695.15,0,0.0036966,1.32138e-05,5.91909,1.73551,19.4738,1.0276,26.1008,0.42336,0.0018483,0.21168,0.0018483,0.21168,460.486,0,1.02816,0,0,6.94725,5.91909,1.028160,1,0,217.878,0,0,0,217.878,0
72.29,2.73186,0,0,9.69313,0.304632,6.65664,3.6288,61.308,0.43858,0,0,5.03681,0.163577,4.43465,0.66528,12.849,1,0.485567,6.65664,0,195.354,3.92081,197.604,0.84672,12.849,0.84672,3695.15,0,0.0036966,1.32222e-05,11.2486,1.73584,35.1505,1.0276,47.1073,0.42336,0.0018483,0.21168,0.0018483,0.21168,460.486,0,1.02816,0,0,12.2767,11.2486,1.028160,1,0,249.146,0,0,0,249.146,0
72.29,2.73238,0,0,7.10044,0.277848,4.09021,3.6288,61.308,0.438859,0,0,4.17326,0.17785,3.55655,0.66528,12.849,1,0.485659,4.09021,0,240.301,4.09531,239.81,0.84672,12.849,0.84672,3695.15,0,0.0036966,1.32306e-05,7.41597,1.73617,22.2839,1.06195,30.374,0.42336,0.0018483,0.21168,0.0018483,0.21168,460.486,0,1.02816,0,0,8.44413,7.41597,1.028160,1,0,273.741,0,0,0,273.741,0
72.29,2.69523,0,0,6.4482,0.223317,3.52966,3.6288,61.308,0.417104,0,0,2.62851,0.19461,2.0168,0.66528,12.849,1,0.479057,3.52966,0,192.182,3.96781,191.265,0.84672,12.849,0.84672,3695.15,0,0.0036966,1.25748e-05,5.54183,1.7365,17.591,1.05995,23.8094,0.42336,0.0018483,0.21168,0.0018483,0.21168,460.486,0,1.02816,0,0,6.56999,5.54183,1.028160,1,0,217.091,0,0,0,217.091,0
72.29,2.69574,0,0,5.59674,0.214684,2.68632,3.6288,61.308,0.417378,0,0,2.02459,0.175939,1.43127,0.66528,12.849,1,0.479148,2.68632,0,160.321,3.51929,159.009,0.84672,12.849,0.84672,3695.15,0,0.0036966,1.2583e-05,5.41192,1.71149,13.8265,0.950874,19.999,0.42336,0.0018483,0.21168,0.0018483,0.21168,460.486,0,1.02816,0,0,6.44008,5.41192,1.028160,1,0,180.439,0,0,0,180.439,0
72.29,2.69625,0,0,4.98116,0.214684,2.07022,3.6288,61.308,0.417653,0,0,1.97318,0.175939,1.37959,0.66528,12.849,1,0.479239,2.07022,0,130.079,3.51929,128.15,0.84672,12.849,0.84672,3695.15,0,0.0036966,1.25913e-05,5.02962,1.71182,12.9408,0.950874,18.7314,0.42336,0.0018483,0.21168,0.0018483,0.21168,460.486,0,1.02816,0,0,6.05778,5.02962,1.028160,1,0,148.261,0,0,0,148.261,0
72.29,2.69677,0,0,4.55622,0.192636,1.66682,3.6288,61.308,0.417927,0,0,1.87667,0.180934,1.27781,0.66528,12.849,1,0.47933,1.66682,0,119.012,3.61951,116.58,0.84672,12.849,0.84672,3695.15,0,0.0036966,1.25996e-05,4.14583,1.71214,12.4418,0.986436,17.3133,0.42336,0.0018483,0.21168,0.0018483,0.21168,460.486,0,1.02816,0,0,5.17399,4.14583,1.028160,1,0,135.171,0,0,0,135.171,0
72.29,2.82523,0,0,4.4292,0.160347,1.44363,3.6288,61.308,0.496398,0,0,1.87159,0.188027,1.18716,0.66528,12.849,1,0.502163,1.44363,0,111.799,4.41788,108.323,0.84672,12.849,0.84672,3695.15,0,0.0036966,1.49653e-05,4.589,1.71247,12.2043,1.0405,17.4653,0.42336,0.0018483,0.21168,0.0018483,0.21168,460.486,0,1.02816,0,0,5.61716,4.589,1.028160,1,0,126.975,0,0,0,126.975,0
72.29,2.82576,0,0,4.50549,0.168175,1.51155,3.6288,61.308,0.496688,0,0,1.65918,0.165085,0.99741,0.66528,12.849,1,0.502258,1.51155,0,110.659,4.15451,107.514,0.84672,12.849,0.84672,3695.15,0,0.0036966,1.4974e-05,4.20389,1.80145,10.1243,1.02773,15.1019,0.42336,0.0018483,0.21168,0.0018483,0.21168,460.486,0,1.02816,0,0,5.23205,4.20389,1.028160,1,0,123.613,0,0,0,123.613,0
72.29,2.8263,0,0,4.22968,0.0840188,1.31936,3.6288,61.308,0.496977,0,0,1.6007,0.175596,0.928125,0.66528,12.849,1,0.502353,1.31936,0,100.845,4.38659,97.2756,0.84672,12.849,0.84672,3695.15,0,0.0036966,1.49828e-05,3.71967,1.80179,9.16393,1.03684,13.6485,0.42336,0.0018483,0.21168,0.0018483,0.21168,460.486,0,1.02816,0,0,4.74783,3.71967,1.028160,1,0,111.852,0,0,0,111.852,0
72.29,2.82684,0,0,3.88827,0.0840188,0.977412,3.6288,61.308,0.497266,0,0,1.558,0.175596,0.885137,0.66528,12.849,1,0.502449,0.977412,0,91.2203,4.38659,87.3086,0.84672,12.849,0.84672,3695.15,0,0.0036966,1.49915e-05,3.40476,1.80214,8.85004,1.03684,13.0201,0.42336,0.0018483,0.21168,0.0018483,0.21168,460.486,0,1.02816,0,0,4.43292,3.40476,1.028160,1,0,101.214,0,0,0,101.214,0
72.29,2.82737,0,0,3.70062,0.0840188,0.789232,3.6288,61.308,0.497556,0,0,1.50595,0.175596,0.8328,0.66528,12.849,1,0.502544,0.789232,0,85.9974,4.38659,81.8975,0.84672,12.849,0.84672,3695.15,0,0.0036966,1.50002e-05,3.23375,1.80248,8.6349,1.03684,12.6343,0.42336,0.0018483,0.21168,0.0018483,0.21168,460.486,0,1.02816,0,0,4.26191,3.23375,1.028160,1,0,95.3646,0,0,0,95.3646,0
72.2707,2.80258,0,0,3.25561,0.109488,0.36288,3.6288,61.308,0.540864,0,0,1.40639,0.192777,0.672752,0.66528,12.849,1,0.498138,0.36288,0,61.2241,4.20651,56.8823,0.84672,12.849,0.84672,3695.15,0,0.0036966,1.63059e-05,1.99975,1.80282,7.83916,1.04295,10.5988,0.42336,0.0018483,0.21168,0.0018483,0.21168,460.486,0,1.02816,0,0,3.02791,1.99975,1.028160,1,0,68.1538,0,0,0,68.1538,0
71.9094,2.803,0,0,2.92431,0.119658,0.36288,3.6288,61.308,0.541162,0,0,1.29174,0.19965,0.550929,0.66528,12.849,1,0.498345,0.36288,0,50.519,4.13448,46.2491,0.84672,12.849,0.84672,3695.15,0,0.0036966,1.63148e-05,1.15723,1.83081,7.12368,1.0454,9.06631,0.42336,0.0018483,0.21168,0.0018483,0.21168,460.486,0,1.02816,0,0,2.18539,1.15723,1.028160,1,0,55.8663,0,0,0,55.8663,0
71.329,2.80141,0,0,2.68899,0.105092,0.36288,3.6288,61.308,0.54146,0,0,1.23328,0.232557,0.459266,0.66528,12.849,1,0.500564,0.36288,0,44.7866,4.55793,40.091,0.84672,12.849,0.84672,3695.15,0,0.0036966,1.63238e-05,1.14633,1.83116,6.85463,1.19997,8.63213,0.42336,0.0018483,0.21168,0.0018483,0.21168,460.486,0,1.02816,0,0,2.17449,1.14633,1.028160,1,0,49.1824,0,0,0,49.1824,0
70.6091,2.79849,0,0,2.52718,0.0857274,0.36288,3.6288,61.308,0.541758,0,0,1.15048,0.276433,0.332286,0.66528,12.849,1,0.504111,0.36288,0,39.7583,5.12253,34.4946,0.84672,12.849,0.84672,3695.15,0,0.0036966,1.63328e-05,1.10603,1.8315,6.59871,1.40606,8.13018,0.42336,0.0018483,0.21168,0.0018483,0.21168,460.486,0,1.02816,0,0,2.13419,1.10603,1.028160,1,0,42.957,0,0,0,42.957,0
69.5088,2.85989,0,0,2.20639,0.0839205,0.36288,3.6288,61.308,0.580424,0,0,0.989643,0.291099,0.11812,0.66528,12.849,1,0.520425,0.36288,0,36.3946,5.43417,30.8029,0.84672,12.849,0.84672,3695.15,0,0.0036966,1.74985e-05,0.918043,1.83185,5.86024,1.4489,7.16122,0.42336,0.0018483,0.21168,0.0018483,0.21168,460.486,0,1.02816,0,0,1.9462,0.918043,1.028160,1,0,38.0822,0,0,0,38.0822,0
68.5213,2.85348,0,0,2.30877,0.0799009,0.36288,3.6288,61.308,0.580729,0,0,1.00136,0.327765,0.0928649,0.66528,12.849,1,0.527477,0.36288,0,39.16,6.21327,32.7822,0.84672,12.849,0.84672,3695.15,0,0.0036966,1.75077e-05,0.915183,1.87629,5.56867,1.55601,6.80412,0.42336,0.0018483,0.21168,0.0018483,0.21168,460.486,0,1.02816,0,0,1.94334,0.915183,1.028160,1,0,39.6791,0,0,0,39.6791,0
67.3813,2.84762,0,0,2.14974,0.0792893,0.36288,3.6288,61.2679,0.581034,0,0,0.868735,0.327765,0,0.66528,12.849,1,0.53398,0.36288,0,33.1576,6.21327,26.7732,0.84672,12.849,0.84672,3695.15,0,0.0036966,1.75169e-05,1.07254,1.87665,5.62003,1.55601,7.01318,0.42336,0.0018483,0.21168,0.0018483,0.21168,460.486,0,1.02816,0,0,2.1007,1.07254,1.028160,1,0,33.7864,0,0,0,33.7864,0
66.0868,2.84057,0,0,1.98756,0.0785832,0.36288,3.6288,61.1645,0.581339,0,0,0.805628,0.327682,0,0.66528,12.849,1,0.54167,0.36288,0,31.7949,6.21327,25.4029,0.84672,12.849,0.84672,3695.15,0,0.0036966,1.75375e-05,0.816886,1.877,4.88658,1.55601,6.02444,0.42336,0.0018483,0.21168,0.0018483,0.21168,460.486,0,1.02816,0,0,1.84505,0.816886,1.028160,1,0,31.4273,0,0,0,31.4273,0
64.8027,2.87989,0,0,2.03174,0.0731114,0.36288,3.6288,61.0908,0.638371,0,0,0.894681,0.330055,0,0.66528,12.849,1,0.559926,0.36288,0,30.2403,6.28804,23.7552,0.84672,12.849,0.84672,3695.15,0,0.0036966,1.92906e-05,1.06584,1.87736,6.04428,1.57095,7.41652,0.42336,0.0018483,0.21168,0.0018483,0.21168,460.486,0,1.02816,0,0,2.094,1.06584,1.028160,1,0,31.1717,0,0,0,31.1717,0
63.1012,2.87118,0,0,1.63979,0.10724,0.36288,3.6288,60.7624,0.638687,0,0,0.643307,0.333046,0,0.66528,12.849,1,0.569293,0.36288,0,23.6854,6.56344,16.9156,0.84672,12.849,0.84672,3695.15,0,0.0036966,1.93234e-05,0.454784,1.93221,3.82326,1.46557,4.74467,0.42336,0.0018483,0.21168,0.0018483,0.21168,460.486,0,1.02816,0,0,1.48294,0.454784,1.028160,1,0,21.6602,0,0,0,21.6602,0
61.4259,2.85896,0,0,1.66265,0.116065,0.36288,3.6288,60.5317,0.639003,0,0,0.738596,0.330296,0,0.66528,12.849,1,0.582157,0.36288,0,28.2885,6.53457,21.5346,0.84672,12.849,0.84672,3695.15,0,0.0036966,1.94375e-05,0.691865,1.93258,3.68546,1.43306,4.87682,0.42336,0.0018483,0.21168,0.0018483,0.21168,460.486,0,1.02816,0,0,1.72003,0.691865,1.028160,1,0,26.4115,0,0,0,26.4115,0
59.47,2.84637,0,0,1.36784,0.114479,0.36288,3.6288,60.0434,0.69635,0,0,0.537906,0.329813,0,0.66528,12.849,1,0.5954,0.36288,0,25.9166,6.53457,19.1495,0.84672,12.849,0.84672,3695.15,0,0.0036966,2.12626e-05,0.204422,1.93295,3.01854,1.43306,3.72282,0.42336,0.0018483,0.21168,0.0018483,0.21168,460.486,0,0.971127,0,0,1.17555,0.204422,1.028160,1,0,22.8724,0,0,0,22.8724,0
57.8684,2.8308,0,0,1.70459,0.112514,0.36288,3.6288,60.0068,0.639635,0,0,0.931824,0.32879,0,0.66528,12.849,1,0.611619,0.36288,0,25.2625,6.53457,18.4792,0.84672,12.849,0.84672,3695.15,0,0.0036966,1.96897e-05,1.29492,1.93331,4.70794,1.43306,6.50309,0.42336,0.0018483,0.21168,0.0018483,0.21168,460.486,0,1.02816,0,0,2.32308,1.29492,1.028160,1,0,24.9823,0,0,0,24.9823,0
55.6203,2.86571,0,0,1.13657,0.156137,0.36288,3.6288,59.6211,0.637696,0,0,0.558567,0.306614,0,0.66528,12.849,1,0.636297,0.36288,0,17.4453,5.44616,11.7257,0.84672,12.849,0.84672,3695.15,0,0.0036966,1.9642e-05,0.275314,1.93368,3.24521,1.06542,4.38876,0.42336,0.0018483,0.21168,0.0018483,0.21168,460.486,0,1.02816,0,0,1.30347,0.275314,1.028160,1,0,16.1145,0,0,0,16.1145,0
53.3674,2.84535,0,0,1.1543,0.198943,0.36288,3.6288,59.3357,0.638011,0,0,0.68472,0.332107,0,0.66528,12.849,1,0.657313,0.36288,0,16.3086,5.7142,10.3,0.84672,12.849,0.84672,3695.15,0,0.0036966,1.97789e-05,0.483512,1.94335,3.29946,1.23268,4.49362,0.42336,0.0018483,0.21168,0.0018483,0.21168,460.486,0,1.02816,0,0,1.51167,0.483512,1.028160,1,0,14.7936,0,0,0,14.7936,0
51.0853,2.82352,0,0,1.0988,0.194469,0.36288,3.6288,59.0321,0.638327,0,0,0.666239,0.331501,0,0.66528,12.849,1,0.679805,0.36288,0,20.7599,5.7142,14.7288,0.84672,12.849,0.84672,3695.15,0,0.0036966,1.98838e-05,0.38937,1.94372,3.26658,1.23268,4.36696,0.42336,0.0018483,0.21168,0.0018483,0.21168,460.486,0,1.02816,0,0,1.41753,0.38937,1.028160,1,0,19.0958,0,0,0,19.0958,0
48.9679,2.79978,0,0,1.23512,0.189937,0.36288,3.6288,58.9375,0.638643,0,0,0.874912,0.330857,0,0.66528,12.849,1,0.704203,0.36288,0,41.1648,5.7142,35.1092,0.84672,12.849,0.84672,3695.15,0,0.0036966,1.9996e-05,0.708912,1.94409,4.33856,1.23268,5.75885,0.42336,0.0018483,0.21168,0.0018483,0.21168,460.486,0,1.02816,0,0,1.73707,0.708912,1.028160,1,0,40.8681,0,0,0,40.8681,0
46.9546,2.70447,0,0,1.25808,0.203999,0.36288,3.6288,58.856,0.562257,0,0,0.803466,0.32268,0,0.66528,12.849,1,0.709644,0.36288,0,63.6147,5.67158,57.5963,0.84672,12.849,0.84672,3695.15,0,0.0036966,1.76326e-05,0.471217,1.94445,4.40373,1.23836,5.58102,0.42336,0.0018483,0.21168,0.0018483,0.21168,460.486,0,1.02816,0,0,1.49938,0.471217,1.028160,1,0,63.1774,0,0,0,63.1774,0
44.6812,2.68109,0,0,0.9857,0.215131,0.36288,3.6288,58.5502,0.608038,0,0,0.552538,0.250324,0,0.66528,12.849,1,0.733672,0.36288,0,33.3284,4.29051,28.6671,0.84672,12.849,0.84672,3695.15,0,0.0036966,1.90947e-05,0.216518,1.86859,3.04062,1.05629,4.06942,0.42336,0.0018483,0.21168,0.0018483,0.21168,460.486,0,0.982679,0,0,1.1992,0.216518,1.028160,1,0,32.7365,0,0,0,32.7365,0
42.3918,2.65259,0,0,0.935772,0.209733,0.36288,3.6288,57.5253,1.15564,0,0,0.380589,0.249832,0,0.66528,12.849,1,0.762808,0.36288,0,30.4404,4.29051,25.75,0.84672,12.849,0.84672,3695.15,0,0.0036966,3.6481e-05,0.216518,1.86895,2.72074,1.05629,3.74988,0.42336,0.0018483,0.21168,0.0018483,0.21168,460.486,0,0.43536,0,0,0.651878,0.216518,1.028160,1,0,29.4999,0,0,0,29.4999,0
41.1218,2.62147,0,0,1.91867,0.204296,0.36288,3.6288,57.5543,0.563161,0,0,0.840334,0.248185,0,0.66528,12.849,1,0.794572,0.36288,0,47.0205,4.29051,42.2983,0.84672,12.849,0.84672,3695.15,0,0.0036966,1.80945e-05,0.583684,1.8693,3.8901,1.05629,5.28677,0.42336,0.0018483,0.21168,0.0018483,0.21168,460.486,0,1.02816,0,0,1.61184,0.583684,1.028160,1,0,47.5851,0,0,0,47.5851,0
41.9819,2.40721,0,0,3.83154,0.20128,0.36288,3.6288,58.5196,0.403592,0,0,1.61716,0.248231,0,0.66528,12.849,1,0.752162,0.36288,0,86.6771,4.29051,81.9973,0.84672,12.849,0.84672,3695.15,0,0.0036966,1.2961e-05,2.46681,1.86966,6.25846,1.05629,9.53862,0.42336,0.0018483,0.21168,0.0018483,0.21168,460.486,0,1.02816,0,0,3.49497,2.46681,1.028160,1,0,91.5359,0,0,0,91.5359,0
40.5067,2.34093,0,0,1.44937,0.220842,0.36288,3.6288,58.3052,0.506447,0,0,0.510223,0.218204,0,0.66528,12.849,1,0.716464,0.36288,0,53.6435,4.18737,49.1026,0.84672,12.849,0.84672,3695.15,0,0.0036966,1.59958e-05,0.479745,1.69827,4.0238,0.973992,5.22781,0.42336,0.0018483,0.21168,0.0018483,0.21168,460.486,0,1.02816,0,0,1.5079,0.479745,1.028160,1,0,54.3304,0,0,0,54.3304,0
39.4941,2.32177,0,0,1.89204,0.219907,0.36288,3.6288,58.3101,0.506447,0,0,0.724001,0.212647,0,0.66528,12.849,1,0.736483,0.36288,0,60.2861,4.17018,55.7423,0.84672,12.849,0.84672,3695.15,0,0.0036966,1.60546e-05,1.21607,1.75862,5.43636,0.960275,7.45076,0.42336,0.0018483,0.21168,0.0018483,0.21168,460.486,0,1.02816,0,0,2.24423,1.21607,1.028160,1,0,63.1931,0,0,0,63.1931,0
39.6262,2.30818,0,0,3.01234,0.209257,0.36288,3.6288,58.1703,0.506447,0,0,0.560988,0.194337,0,0.66528,12.849,1,0.750943,0.36288,0,78.6345,3.90813,74.3384,0.84672,12.849,0.84672,3695.15,0,0.0036966,1.60532e-05,0.783916,1.75879,5.59359,0.931319,7.20496,0.42336,0.0018483,0.21168,0.0018483,0.21168,460.486,0,1.02816,0,0,1.81208,0.783916,1.028160,1,0,81.5433,0,0,0,81.5433,0
41.9224,2.31073,0,0,5.15931,0.189445,0.36288,3.6288,58.166,0.506447,0,0,0.650571,0.14841,0,0.66528,12.849,1,0.749267,0.36288,0,74.0275,3.25301,70.3881,0.84672,12.849,0.84672,3695.15,0,0.0036966,1.60918e-05,0.954253,1.75895,6.35426,0.85893,8.20852,0.42336,0.0018483,0.21168,0.0018483,0.21168,460.486,0,1.02816,0,0,1.98241,0.954253,1.028160,1,0,78.5966,0,0,0,78.5966,0
43.813,2.34235,0,0,4.80613,0.210274,0.36288,3.6288,58.8232,0.506176,0,0,1.33072,0.167386,0,0.66528,12.849,1,0.717919,0.36288,0,84.666,3.51418,80.7967,0.84672,12.849,0.84672,3695.15,0,0.0036966,1.60844e-05,1.61163,1.75911,6.85765,0.942607,9.28577,0.42336,0.0018483,0.21168,0.0018483,0.21168,460.486,0,1.02816,0,0,2.63979,1.61163,1.028160,1,0,90.0825,0,0,0,90.0825,0
45.1034,2.44336,0,0,4.3328,0.23621,0.36288,3.6288,59.2875,0.552775,0,0,1.21064,0.193509,0,0.66528,12.849,1,0.716562,0.36288,0,70.4335,3.86243,66.2173,0.84672,12.849,0.84672,3695.15,0,0.0036966,1.73689e-05,1.35412,1.75895,4.23836,1.05418,6.29724,0.42336,0.0018483,0.21168,0.0018483,0.21168,460.486,0,1.02816,0,0,2.38228,1.35412,1.028160,1,0,72.5146,0,0,0,72.5146,0
45.1185,2.49604,0,0,3.11376,0.239695,0.36288,3.6288,59.4887,0.506441,0,0,0.901644,0.194086,0,0.66528,12.849,1,0.711069,0.36288,0,48.3403,3.86243,44.1297,0.84672,12.849,0.84672,3695.15,0,0.0036966,1.57884e-05,0.739342,1.81363,3.74934,1.05418,5.24812,0.42336,0.0018483,0.21168,0.0018483,0.21168,460.486,0,1.02816,0,0,1.7675,0.739342,1.028160,1,0,49.3778,0,0,0,49.3778,0
45.1707,2.49689,0,0,3.20074,0.288805,0.36288,3.6288,59.5092,0.590449,0,0,0.766098,0.1551,0,0.66528,12.849,1,0.711071,0.36288,0,65.6487,3.73021,61.5703,0.84672,12.849,0.84672,3695.15,0,0.0036966,1.83451e-05,0.503194,1.78668,6.23665,0.949586,7.57691,0.42336,0.0018483,0.21168,0.0018483,0.21168,460.486,0,0.94415,0,0,1.44734,0.503194,1.028160,1,0,69.1472,0,0,0,69.1472,0
47.0389,2.49819,0,0,5.02646,0.297158,0.36288,3.6288,60.2124,0.506441,0,0,1.35821,0.14858,0,0.66528,12.849,1,0.71062,0.36288,0,107.738,3.70818,103.682,0.84672,12.849,0.84672,3695.15,0,0.0036966,1.57296e-05,1.86929,1.78684,9.02836,0.932154,11.7523,0.42336,0.0018483,0.21168,0.0018483,0.21168,460.486,0,1.02816,0,0,2.89745,1.86929,1.028160,1,0,115.435,0,0,0,115.435,0
48.2607,2.81356,0,0,4.65038,0.252171,0.36288,3.6288,60.5256,0.626409,0,0,1.12934,0.189709,0,0.66528,12.849,1,0.768543,0.36288,0,67.9726,3.93865,63.6283,0.84672,12.849,0.84672,3695.15,0,0.0036966,1.92285e-05,2.31334,1.78699,7.3329,1.15242,10.2808,0.42336,0.0018483,0.21168,0.0018483,0.21168,460.486,0,1.02816,0,0,3.3415,2.31334,1.028160,1,0,73.9091,0,0,0,73.9091,0
48.1639,2.82943,0,0,3.35106,0.255568,0.36288,3.6288,60.849,0.626705,0,0,1.14013,0.190087,0,0.66528,12.849,1,0.753313,0.36288,0,43.6732,3.93865,39.3441,0.84672,12.849,0.84672,3695.15,0,0.0036966,1.9138e-05,0.869305,1.94964,4.80628,1.15242,6.47278,0.42336,0.0018483,0.21168,0.0018483,0.21168,460.486,0,1.02816,0,0,1.89746,0.869305,1.028160,1,0,45.8169,0,0,0,45.8169,0
49.2172,2.82875,0,0,4.50022,0.255299,0.36288,3.6288,61.1279,0.627002,0,0,1.09643,0.190478,0,0.66528,12.849,1,0.754643,0.36288,0,52.7037,3.93865,48.3732,0.84672,12.849,0.84672,3695.15,0,0.0036966,1.90453e-05,0.813439,1.94999,7.94889,1.15242,9.55987,0.42336,0.0018483,0.21168,0.0018483,0.21168,460.486,0,1.02816,0,0,1.8416,0.813439,1.028160,1,0,57.9331,0,0,0,57.9331,0
51.0302,2.84206,0,0,5.27604,0.258118,0.36288,3.6288,61.308,0.627298,0,0,1.71477,0.175159,0.732231,0.66528,12.849,1,0.74197,0.36288,0,127.654,3.80698,123.468,0.84672,12.849,0.84672,3695.15,0,0.0036966,1.89674e-05,1.54462,1.95034,10.6792,1.08888,13.0853,0.42336,0.0018483,0.21168,0.0018483,0.21168,460.486,0,1.02816,0,0,2.57278,1.54462,1.028160,1,0,137.286,0,0,0,137.286,0
53.516,2.50065,0,0,5.63825,0.288911,0.36288,3.6288,61.308,0.393821,0,0,1.59516,0.189988,1.01135,0.66528,12.849,1,0.629645,0.36288,0,128.065,2.98179,124.816,0.84672,12.849,0.84672,3695.15,0,0.0036966,1.18728e-05,2.31409,1.95069,9.20799,0.926258,12.5465,0.42336,0.0018483,0.21168,0.0018483,0.21168,460.486,0,1.02816,0,0,3.34225,2.31409,1.028160,1,0,138.374,0,0,0,138.374,0
56.614,2.43409,0,0,6.19142,0.296423,0.36288,3.6288,61.308,0.506431,0,0,2.06466,0.189988,1.36824,0.66528,12.849,1,0.584416,0.36288,0,143.726,2.98179,140.522,0.84672,12.849,0.84672,3695.15,0,0.0036966,1.52678e-05,1.95718,1.68527,12.0804,0.926258,14.7966,0.42336,0.0018483,0.21168,0.0018483,0.21168,460.486,0,1.02816,0,0,2.98534,1.95718,1.028160,1,0,156.687,0,0,0,156.687,0
59.2415,2.55218,0,0,5.83005,0.287498,0.36288,3.6288,61.308,0.394331,0,0,1.76623,0.219426,1.15248,0.66528,12.849,1,0.579239,0.36288,0,95.3891,3.82396,91.3487,0.84672,12.849,0.84672,3695.15,0,0.0036966,1.18882e-05,1.58836,1.75132,8.56302,1.04664,10.856,0.42336,0.0018483,0.21168,0.0018483,0.21168,460.486,0,1.02816,0,0,2.61652,1.58836,1.028160,1,0,103.357,0,0,0,103.357,0
61.0529,2.57376,0,0,5.03547,0.287459,0.36288,3.6288,61.308,0.394585,0,0,1.29503,0.231202,0.669245,0.66528,12.849,1,0.558228,0.36288,0,92.2605,4.16083,87.9043,0.84672,12.849,0.84672,3695.15,0,0.0036966,1.18959e-05,1.40957,1.68587,6.99096,1.09479,8.9916,0.42336,0.0018483,0.21168,0.0018483,0.21168,460.486,0,1.02816,0,0,2.43773,1.40957,1.028160,1,0,97.5652,0,0,0,97.5652,0
62.2169,2.58791,0,0,4.39671,0.281833,0.36288,3.6288,61.308,0.39484,0,0,1.86791,0.22337,1.2497,0.66528,12.849,1,0.544643,0.36288,0,79.7526,4.35241,75.2185,0.84672,12.849,0.84672,3695.15,0,0.0036966,1.19035e-05,0.960422,1.68617,5.70567,1.09616,7.25609,0.42336,0.0018483,0.21168,0.0018483,0.21168,460.486,0,1.02816,0,0,1.98858,0.960422,1.028160,1,0,83.7242,0,0,0,83.7242,0
62.0886,2.6917,0,0,3.20292,0.27669,0.36288,3.6288,61.308,0.489521,0,0,1.20047,0.217496,0.493451,0.66528,12.849,1,0.555888,0.36288,0,54.6493,4.4961,49.9602,0.84672,12.849,0.84672,3695.15,0,0.0036966,1.4758e-05,0.558835,1.68647,3.53631,1.09719,4.68442,0.42336,0.0018483,0.21168,0.0018483,0.21168,460.486,0,0.990973,0,0,1.54981,0.558835,1.028160,1,0,55.1381,0,0,0,55.1381,0
61.8048,2.69123,0,0,3.02334,0.253034,0.36288,3.6288,61.308,0.4526,0,0,1.40911,0.230842,0.725673,0.66528,12.849,1,0.55694,0.36288,0,61.7313,4.74198,56.7953,0.84672,12.849,0.84672,3695.15,0,0.0036966,1.36449e-05,1.02451,1.75245,4.13345,1.14272,5.76768,0.42336,0.0018483,0.21168,0.0018483,0.21168,460.486,0,1.02816,0,0,2.05267,1.02451,1.028160,1,0,63.2886,0,0,0,63.2886,0
61.8139,2.68959,0,0,3.25579,0.194167,0.36288,3.6288,61.308,0.452865,0,0,1.12814,0.264205,0.411071,0.66528,12.849,1,0.559157,0.36288,0,46.6861,5.35668,41.1331,0.84672,12.849,0.84672,3695.15,0,0.0036966,1.36529e-05,0.700471,1.75277,4.21996,1.25657,5.41662,0.42336,0.0018483,0.21168,0.0018483,0.21168,460.486,0,1.02816,0,0,1.72863,0.700471,1.028160,1,0,46.9608,0,0,0,46.9608,0
61.5513,2.69014,0,0,2.97252,0.182162,0.36288,3.6288,61.308,0.45313,0,0,0.970229,0.255492,0.261607,0.66528,12.849,1,0.559189,0.36288,0,42.5206,5.02899,37.2953,0.84672,12.849,0.84672,3695.15,0,0.0036966,1.36609e-05,0.735411,1.75308,4.1,1.20622,5.38226,0.42336,0.0018483,0.21168,0.0018483,0.21168,460.486,0,1.02816,0,0,1.76357,0.735411,1.028160,1,0,42.9392,0,0,0,42.9392,0
60.8389,2.65159,0,0,2.45384,0.151782,0.36288,3.6288,61.308,0.431147,0,0,1.1586,0.233708,0.493742,0.66528,12.849,1,0.553528,0.36288,0,47.4756,4.20977,43.0752,0.84672,12.849,0.84672,3695.15,0,0.0036966,1.29981e-05,0.859671,1.7534,3.6834,1.08037,5.21608,0.42336,0.0018483,0.21168,0.0018483,0.21168,460.486,0,1.02816,0,0,1.88783,0.859671,1.028160,1,0,48.785,0,0,0,48.785,0
59.8919,2.64671,0,0,2.21353,0.150889,0.36288,3.6288,61.308,0.431409,0,0,1.15672,0.233708,0.491606,0.66528,12.849,1,0.558979,0.36288,0,43.7776,4.20977,39.3717,0.84672,12.849,0.84672,3695.15,0,0.0036966,1.3006e-05,0.775483,1.72813,3.61385,1.08037,5.03708,0.42336,0.0018483,0.21168,0.0018483,0.21168,460.486,0,1.02816,0,0,1.80364,0.775483,1.028160,1,0,44.9004,0,0,0,44.9004,0
59.2479,2.63991,0,0,2.50295,0.14412,0.36288,3.6288,61.308,0.43167,0,0,1.01994,0.236676,0.351598,0.66528,12.849,1,0.566357,0.36288,0,46.3709,4.44369,41.7237,0.84672,12.849,0.84672,3695.15,0,0.0036966,1.30139e-05,0.603366,1.72843,4.60026,1.08959,5.84246,0.42336,0.0018483,0.21168,0.0018483,0.21168,460.486,0,1.02816,0,0,1.63153,0.603366,1.028160,1,0,47.9178,0,0,0,47.9178,0
58.2619,2.63532,0,0,2.12259,0.110392,0.36288,3.6288,61.308,0.431931,0,0,1.00092,0.254479,0.314508,0.66528,12.849,1,0.571518,0.36288,0,38.744,5.84724,32.6881,0.84672,12.849,0.84672,3695.15,0,0.0036966,1.30218e-05,0.657685,1.72874,3.67662,1.14492,4.91812,0.42336,0.0018483,0.21168,0.0018483,0.21168,460.486,0,1.02816,0,0,1.68585,0.657685,1.028160,1,0,37.9208,0,0,0,37.9208,0
56.9371,2.75252,0,0,1.88439,0.0938556,0.36288,3.6288,61.308,0.511145,0,0,0.990403,0.231324,0.247934,0.66528,12.849,1,0.607037,0.36288,0,31.805,4.72206,26.8387,0.84672,12.849,0.84672,3695.15,0,0.0036966,1.54099e-05,0.790975,1.72905,3.23349,1.08944,4.66406,0.42336,0.0018483,0.21168,0.0018483,0.21168,460.486,0,1.02816,0,0,1.81913,0.790975,1.028160,1,0,31.7507,0,0,0,31.7507,0
55.5131,2.74149,0,0,1.7822,0.101819,0.36288,3.6288,61.308,0.51142,0,0,0.910414,0.223371,0.175623,0.66528,12.849,1,0.618672,0.36288,0,29.456,4.46491,24.7353,0.84672,12.849,0.84672,3695.15,0,0.0036966,1.54182e-05,0.641278,1.81888,3.01722,1.05062,4.42674,0.42336,0.0018483,0.21168,0.0018483,0.21168,460.486,0,1.02816,0,0,1.66944,0.641278,1.028160,1,0,29.3377,0,0,0,29.3377,0
53.9676,2.72909,0,0,1.61561,0.0691687,0.36288,3.6288,61.308,0.511695,0,0,0.869106,0.24698,0.110431,0.66528,12.849,1,0.631672,0.36288,0,25.9724,4.73266,20.9709,0.84672,12.849,0.84672,3695.15,0,0.0036966,1.54265e-05,0.586742,1.8192,2.93884,1.11903,4.22574,0.42336,0.0018483,0.21168,0.0018483,0.21168,460.486,0,1.02816,0,0,1.6149,0.586742,1.028160,1,0,25.3071,0,0,0,25.3071,0
52.3606,2.71496,0,0,1.52671,0.0558048,0.36288,3.6288,61.308,0.511971,0,0,0.830218,0.256423,0.0618237,0.66528,12.849,1,0.646398,0.36288,0,25.1374,4.83977,20.0141,0.84672,12.849,0.84672,3695.15,0,0.0036966,1.54348e-05,0.477369,1.81953,2.93066,1.14639,4.08115,0.42336,0.0018483,0.21168,0.0018483,0.21168,460.486,0,1.02816,0,0,1.50553,0.477369,1.028160,1,0,24.1571,0,0,0,24.1571,0
51.3172,2.69951,0,0,2.07433,0.0553285,0.36288,3.6288,61.308,0.512246,0,0,0.998767,0.269122,0.217399,0.66528,12.849,1,0.662445,0.36288,0,33.7555,5.09872,28.3572,0.84672,12.849,0.84672,3695.15,0,0.0036966,1.54431e-05,0.773444,1.81985,3.34136,1.22924,4.7054,0.42336,0.0018483,0.21168,0.0018483,0.21168,460.486,0,1.02816,0,0,1.8016,0.773444,1.028160,1,0,33.28,0,0,0,33.28,0
50.6843,2.66513,0,0,2.4501,0.0550546,0.36288,3.6288,61.308,0.555954,0,0,1.10162,0.278645,0.267018,0.66528,12.849,1,0.667306,0.36288,0,40.4449,5.29294,34.8475,0.84672,12.849,0.84672,3695.15,0,0.0036966,1.67608e-05,0.923486,1.82018,3.63169,1.29137,5.08396,0.42336,0.0018483,0.21168,0.0018483,0.21168,460.486,0,1.02816,0,0,1.95165,0.923486,1.028160,1,0,40.1985,0,0,0,40.1985,0
49.8593,2.65896,0,0,2.25158,0.0546912,0.36288,3.6288,61.308,0.556237,0,0,1.06994,0.278645,0.235061,0.66528,12.849,1,0.674075,0.36288,0,39.8061,5.29294,34.202,0.84672,12.849,0.84672,3695.15,0,0.0036966,1.67693e-05,0.924307,1.84842,3.66211,1.29137,5.14344,0.42336,0.0018483,0.21168,0.0018483,0.21168,460.486,0,1.02816,0,0,1.95247,0.924307,1.028160,1,0,39.5805,0,0,0,39.5805,0
48.8411,2.65057,0,0,2.04949,0.0542175,0.36288,3.6288,61.308,0.556521,0,0,1.00073,0.278645,0.165562,0.66528,12.849,1,0.683065,0.36288,0,38.2138,5.29294,32.6006,0.84672,12.849,0.84672,3695.15,0,0.0036966,1.67779e-05,0.663526,1.84875,3.44021,1.29137,4.66109,0.42336,0.0018483,0.21168,0.0018483,0.21168,460.486,0,1.02816,0,0,1.69169,0.663526,1.028160,1,0,37.4273,0,0,0,37.4273,0
47.7844,2.63976,0,0,1.98994,0.0439736,0.36288,3.6288,61.308,0.556804,0,0,0.959714,0.304056,0.0988538,0.66528,12.849,1,0.694462,0.36288,0,35.0489,5.61009,29.1072,0.84672,12.849,0.84672,3695.15,0,0.0036966,1.67864e-05,0.674749,1.84908,3.3503,1.41321,4.4609,0.42336,0.0018483,0.21168,0.0018483,0.21168,460.486,0,1.02816,0,0,1.70291,0.674749,1.028160,1,0,33.6669,0,0,0,33.6669,0
47.21,2.68946,0,0,2.5174,0.0395394,0.36288,3.6288,61.308,0.595823,0,0,1.01221,0.302956,0.113432,0.66528,12.849,1,0.723183,0.36288,0,38.3132,5.53686,32.4161,0.84672,12.849,0.84672,3695.15,0,0.0036966,1.79627e-05,0.827055,1.84941,3.60632,1.4229,4.85986,0.42336,0.0018483,0.21168,0.0018483,0.21168,460.486,0,1.02816,0,0,1.85522,0.827055,1.028160,1,0,37.3893,0,0,0,37.3893,0
46.3891,2.68303,0,0,2.26437,0.0392909,0.36288,3.6288,61.308,0.596113,0,0,0.94945,0.302956,0.0503805,0.66528,12.849,1,0.730231,0.36288,0,36.1082,5.53686,30.204,0.84672,12.849,0.84672,3695.15,0,0.0036966,1.79715e-05,0.767776,1.89425,3.68158,1.4229,4.92069,0.42336,0.0018483,0.21168,0.0018483,0.21168,460.486,0,1.02816,0,0,1.79594,0.767776,1.028160,1,0,35.1751,0,0,0,35.1751,0
45.3746,2.67338,0,0,2.06069,0.038936,0.36288,3.6288,61.308,0.596403,0,0,0.910855,0.302956,0.0114952,0.66528,12.849,1,0.740482,0.36288,0,33.9149,5.53686,28.0004,0.84672,12.849,0.84672,3695.15,0,0.0036966,1.79802e-05,0.598113,1.89459,3.42264,1.4229,4.49243,0.42336,0.0018483,0.21168,0.0018483,0.21168,460.486,0,1.02816,0,0,1.62627,0.598113,1.028160,1,0,32.5043,0,0,0,32.5043,0
44.1075,2.66096,0,0,1.78312,0.0263773,0.36288,3.6288,61.308,0.596694,0,0,0.907036,0.310022,0.000319838,0.66528,12.849,1,0.753518,0.36288,0,32.3585,5.77867,26.1892,0.84672,12.849,0.84672,3695.15,0,0.0036966,1.7989e-05,0.58028,1.89493,3.46833,1.45295,4.49057,0.42336,0.0018483,0.21168,0.0018483,0.21168,460.486,0,1.02816,0,0,1.60844,0.58028,1.028160,1,0,30.6801,0,0,0,30.6801,0
42.7466,2.68918,0,0,1.7501,0.0589901,0.36288,3.6288,61.2318,0.654251,0,0,0.852837,0.274745,0,0.66528,12.849,1,0.783387,0.36288,0,30.918,5.12049,25.377,0.84672,12.849,0.84672,3695.15,0,0.0036966,1.97242e-05,0.546039,1.89527,3.51404,1.2497,4.70563,0.42336,0.0018483,0.21168,0.0018483,0.21168,460.486,0,1.02816,0,0,1.5742,0.546039,1.028160,1,0,30.0826,0,0,0,30.0826,0
41.731,2.67048,0,0,2.08594,0.068158,0.36288,3.6288,61.1861,0.654551,0,0,0.874092,0.265304,0,0.66528,12.849,1,0.802706,0.36288,0,29.5266,4.90497,24.1818,0.84672,12.849,0.84672,3695.15,0,0.0036966,1.97578e-05,0.469895,1.95063,4.32829,1.22179,5.52701,0.42336,0.0018483,0.21168,0.0018483,0.21168,460.486,0,1.02816,0,0,1.49805,0.469895,1.028160,1,0,29.7088,0,0,0,29.7088,0
40.1759,2.65601,0,0,1.53676,0.0729833,0.36288,3.6288,61.0222,0.654852,0,0,0.756276,0.265349,0,0.66528,12.849,1,0.817788,0.36288,0,28.7105,4.93827,23.3174,0.84672,12.849,0.84672,3695.15,0,0.0036966,1.97817e-05,0.409778,1.95097,2.95615,1.21527,4.10162,0.42336,0.0018483,0.21168,0.0018483,0.21168,460.486,0,1.02816,0,0,1.43794,0.409778,1.028160,1,0,27.419,0,0,0,27.419,0
38.7214,2.6325,0,0,1.61991,0.0790192,0.36288,3.6288,60.8915,0.655153,0,0,0.789739,0.265236,0,0.66528,12.849,1,0.841922,0.36288,0,25.9801,4.98267,20.5184,0.84672,12.849,0.84672,3695.15,0,0.0036966,1.98439e-05,0.335353,1.95132,3.02136,1.20657,4.10145,0.42336,0.0018483,0.21168,0.0018483,0.21168,460.486,0,1.02816,0,0,1.36351,0.335353,1.028160,1,0,24.6199,0,0,0,24.6199,0
37.0486,2.62832,0,0,1.41817,0.0997755,0.36288,3.6288,61.051,0.655454,0,0,1.05446,0.239529,0,0.66528,12.849,1,0.84672,0.36288,0,25.6136,5.0247,20.1051,0.84672,12.849,0.84672,3695.15,0,0.0036966,1.98956e-05,0.997419,1.95167,2.90061,1.2168,4.63288,0.42336,0.0018483,0.21168,0.0018483,0.21168,460.486,0,1.02816,0,0,2.02558,0.997419,1.028160,1,0,24.738,0,0,0,24.738,0
34.9922,2.68842,0,0,1.14907,0.154186,0.36288,3.6288,60.2611,1.10179,0,0,0.50019,0.188308,0,0.66528,12.849,1,0.84672,0.36288,0,23.8319,4.21894,19.1291,0.84672,12.849,0.84672,3695.15,0,0.0036966,3.33565e-05,0.204422,1.95202,1.62657,0.993069,2.78991,0.42336,0.0018483,0.21168,0.0018483,0.21168,460.486,0,0.57983,0,0,0.784253,0.204422,1.028160,1,0,21.919,0,0,0,21.919,0
33.112,2.68904,0,0,1.32918,0.15746,0.36288,3.6288,60.3186,0.653778,0,0,0.89659,0.185235,0,0.66528,12.849,1,0.84672,0.36288,0,27.4611,4.15957,22.8177,0.84672,12.849,0.84672,3695.15,0,0.0036966,2.00524e-05,0.269248,1.96176,2.35287,0.985788,3.59807,0.42336,0.0018483,0.21168,0.0018483,0.21168,460.486,0,1.02816,0,0,1.29741,0.269248,1.028160,1,0,26.4158,0,0,0,26.4158,0
31.1861,2.68967,0,0,1.28051,0.153868,0.36288,3.6288,60.3026,0.654079,0,0,0.823357,0.185302,0,0.66528,12.849,1,0.84672,0.36288,0,26.3376,4.15957,21.6942,0.84672,12.849,0.84672,3695.15,0,0.0036966,2.00425e-05,0.232381,1.96211,2.01817,0.985788,3.22685,0.42336,0.0018483,0.21168,0.0018483,0.21168,460.486,0,1.02816,0,0,1.26054,0.232381,1.028160,1,0,24.921,0,0,0,24.921,0
29.2425,2.69029,0,0,1.25976,0.150189,0.36288,3.6288,60.4042,0.654379,0,0,0.941276,0.185284,0,0.66528,12.849,1,0.84672,0.36288,0,25.7284,4.15957,21.085,0.84672,12.849,0.84672,3695.15,0,0.0036966,2.0057e-05,0.488281,1.96246,2.28322,0.985788,3.74816,0.42336,0.0018483,0.21168,0.0018483,0.21168,460.486,0,1.02816,0,0,1.51644,0.488281,1.028160,1,0,24.8331,0,0,0,24.8331,0
26.924,2.59953,0,0,0.785473,0.141533,0.36288,3.6288,60.1466,0.649715,0,0,0.630646,0.238583,0,0.66528,12.849,1,0.84672,0.36288,0,17.1985,4.45504,12.2596,0.84672,12.849,0.84672,3695.15,0,0.0036966,1.98805e-05,0.216518,1.96281,2.48608,0.968073,3.69732,0.42336,0.0018483,0.21168,0.0018483,0.21168,460.486,0,0.955696,0,0,1.17221,0.216518,1.028160,1,0,15.957,0,0,0,15.957,0
24.8625,2.60013,0,0,1.12221,0.220711,0.36288,3.6288,59.7654,0.705098,0,0,0.547904,0.223996,0,0.66528,12.849,1,0.84672,0.36288,0,26.409,4.59134,21.3338,0.84672,12.849,0.84672,3695.15,0,0.0036966,2.16676e-05,0.216518,1.88621,2.64618,1.14169,3.6072,0.42336,0.0018483,0.21168,0.0018483,0.21168,460.486,0,0.900599,0,0,1.11712,0.216518,1.028160,1,0,24.9411,0,0,0,24.9411,0
22.6124,2.60073,0,0,0.927815,0.214354,0.36288,3.6288,59.328,0.68604,0,0,0.472103,0.223453,0,0.66528,12.849,1,0.84672,0.36288,0,21.1796,4.59134,16.1044,0.84672,12.849,0.84672,3695.15,0,0.0036966,2.12164e-05,0.292723,1.88655,2.56678,1.14169,3.60434,0.42336,0.0018483,0.21168,0.0018483,0.21168,460.486,0,0.919944,0,0,1.21267,0.292723,1.028160,1,0,19.7087,0,0,0,19.7087,0
21.7997,2.60133,0,0,2.3592,0.207616,0.36288,3.6288,60.0385,0.578114,0,0,1.51147,0.222829,0,0.66528,12.849,1,0.84672,0.36288,0,59.0898,4.59134,54.0146,0.84672,12.849,0.84672,3695.15,0,0.0036966,1.80105e-05,2.66188,1.88689,5.99861,1.14169,9.40567,0.42336,0.0018483,0.21168,0.0018483,0.21168,460.486,0,1.02816,0,0,3.69004,2.66188,1.028160,1,0,63.4203,0,0,0,63.4203,0
21.953,2.34222,0,0,3.04199,0.183635,0.36288,3.6288,61.2688,0.417031,0,0,1.85253,0.205243,0,0.66528,12.849,1,0.84672,0.36288,0,72.3056,3.91989,67.9018,0.84672,12.849,0.84672,3695.15,0,0.0036966,1.28384e-05,1.88114,1.88722,7.12945,1.01888,9.87892,0.42336,0.0018483,0.21168,0.0018483,0.21168,460.486,0,1.02816,0,0,2.9093,1.88114,1.028160,1,0,77.7808,0,0,0,77.7808,0
22.0939,2.25365,0,0,2.95787,0.20039,0.36288,3.6288,61.308,0.506435,0,0,1.40695,0.184061,0.677246,0.66528,12.849,1,0.84672,0.36288,0,72.2678,3.8136,67.9704,0.84672,12.849,0.84672,3695.15,0,0.0036966,1.52777e-05,1.07752,1.71421,6.99317,0.982636,8.80225,0.42336,0.0018483,0.21168,0.0018483,0.21168,460.486,0,1.02816,0,0,2.10568,1.07752,1.028160,1,0,77.4499,0,0,0,77.4499,0
22.2787,2.25447,0,0,3.00285,0.200772,0.36288,3.6288,61.308,0.506435,0,0,1.47246,0.184107,0.781922,0.66528,12.849,1,0.84672,0.36288,0,71.4234,3.8136,67.126,0.84672,12.849,0.84672,3695.15,0,0.0036966,1.52679e-05,1.12946,1.76668,6.86638,0.982636,8.77987,0.42336,0.0018483,0.21168,0.0018483,0.21168,460.486,0,1.02816,0,0,2.15762,1.12946,1.028160,1,0,76.6878,0,0,0,76.6878,0
23.7756,2.2553,0,0,4.31201,0.19686,0.36288,3.6288,61.308,0.506435,0,0,2.57246,0.193093,1.87294,0.66528,12.849,1,0.84672,0.36288,0,131.403,3.96959,126.95,0.84672,12.849,0.84672,3695.15,0,0.0036966,1.52679e-05,2.08659,1.76684,11.4379,1.04603,14.2453,0.42336,0.0018483,0.21168,0.0018483,0.21168,460.486,0,1.02816,0,0,3.11475,2.08659,1.028160,1,0,143.068,0,0,0,143.068,0
26.1933,2.25614,0,0,5.21828,0.181609,0.36288,3.6288,61.308,0.506435,0,0,3.30793,0.245863,2.55563,0.66528,12.849,1,0.84672,0.36288,0,137.346,4.87729,131.985,0.84672,12.849,0.84672,3695.15,0,0.0036966,1.52679e-05,3.83138,1.76699,13.8245,1.38854,18.0343,0.42336,0.0018483,0.21168,0.0018483,0.21168,460.486,0,1.02816,0,0,4.85954,3.83138,1.028160,1,0,152.575,0,0,0,152.575,0
27.9296,2.35696,0,0,4.66406,0.207876,0.36288,3.6288,61.308,0.553195,0,0,2.77452,0.243001,1.97832,0.66528,12.849,1,0.84672,0.36288,0,88.0839,4.80679,82.7933,0.84672,12.849,0.84672,3695.15,0,0.0036966,1.66776e-05,3.80484,1.76715,9.72035,1.29387,13.9984,0.42336,0.0018483,0.21168,0.0018483,0.21168,460.486,0,1.02816,0,0,4.833,3.80484,1.028160,1,0,98.7701,0,0,0,98.7701,0
28.8604,2.40454,0,0,3.9112,0.212971,0.36288,3.6288,61.308,0.506428,0,0,2.05908,0.243001,1.30966,0.66528,12.849,1,0.84672,0.36288,0,102.601,4.80679,97.3102,0.84672,12.849,0.84672,3695.15,0,0.0036966,1.52677e-05,2.40107,1.82217,9.4551,1.29387,12.3845,0.42336,0.0018483,0.21168,0.0018483,0.21168,460.486,0,1.02816,0,0,3.42923,2.40107,1.028160,1,0,111.004,0,0,0,111.004,0
28.8175,2.40535,0,0,2.94187,0.216612,0.36288,3.6288,61.308,0.506428,0,0,1.66323,0.241247,0.91556,0.66528,12.849,1,0.84672,0.36288,0,89.1786,4.71088,83.9839,0.84672,12.849,0.84672,3695.15,0,0.0036966,1.52677e-05,1.78035,1.79495,6.87868,1.26805,9.18592,0.42336,0.0018483,0.21168,0.0018483,0.21168,460.486,0,1.02816,0,0,2.80851,1.78035,1.028160,1,0,94.0854,0,0,0,94.0854,0
28.7006,2.40615,0,0,2.87007,0.217854,0.36288,3.6288,61.308,0.506428,0,0,1.45308,0.206148,0.740508,0.66528,12.849,1,0.84672,0.36288,0,72.4257,3.90156,68.0403,0.84672,12.849,0.84672,3695.15,0,0.0036966,1.52677e-05,1.38258,1.7951,5.11421,1.10098,7.1909,0.42336,0.0018483,0.21168,0.0018483,0.21168,460.486,0,1.02816,0,0,2.41074,1.38258,1.028160,1,0,75.9717,0,0,0,75.9717,0
30.2569,2.72824,0,0,4.86417,0.21682,0.36288,3.6288,61.308,0.66528,0,0,2.05438,0.203339,1.18576,0.66528,12.849,1,0.84672,0.36288,0,116.235,4.12724,111.624,0.84672,12.849,0.84672,3695.15,0,0.0036966,0.0018483,2.55773,1.79525,7.37333,1.21951,10.5049,0.42336,0.0018483,0.21168,0.0018483,0.21168,460.486,0,1.02816,0,0,3.58589,2.55773,1.028160,1,0,123.314,0,0,0,123.314,0
33.6204,2.7692,0,0,6.71595,0.220389,0.36288,3.6288,61.308,0.642056,0,0,2.42673,0.20801,1.57667,0.66528,12.849,1,0.84672,0.36288,0,133.414,4.2251,128.705,0.84672,12.849,0.84672,3695.15,0,0.0036966,1.93566e-05,5.16935,1.99136,10.3997,1.23135,16.329,0.42336,0.0018483,0.21168,0.0018483,0.21168,460.486,0,1.02816,0,0,6.19751,5.16935,1.028160,1,0,146.61,0,0,0,146.61,0
35.1419,2.76983,0,0,4.88428,0.23002,0.36288,3.6288,61.308,0.642337,0,0,1.89323,0.20801,1.04288,0.66528,12.849,1,0.84672,0.36288,0,151.45,4.2251,146.741,0.84672,12.849,0.84672,3695.15,0,0.0036966,1.9365e-05,2.16533,1.96808,7.66451,1.23135,10.5665,0.42336,0.0018483,0.21168,0.0018483,0.21168,460.486,0,1.02816,0,0,3.19349,2.16533,1.028160,1,0,158.35,0,0,0,158.35,0
35.3817,2.77044,0,0,3.61055,0.237473,0.36288,3.6288,61.308,0.642618,0,0,1.38199,0.181746,0.55763,0.66528,12.849,1,0.84672,0.36288,0,97.5577,3.77141,93.3024,0.84672,12.849,0.84672,3695.15,0,0.0036966,1.93735e-05,0.854099,1.96841,4.58318,1.10126,6.30441,0.42336,0.0018483,0.21168,0.0018483,0.21168,460.486,0,1.02816,0,0,1.88226,0.854099,1.028160,1,0,100.164,0,0,0,100.164,0
39.6652,2.31757,0,0,7.20866,0.244708,0.36288,3.6288,61.308,0.406965,0,0,2.30454,0.181804,1.71577,0.66528,12.849,1,0.841634,0.36288,0,116.37,3.31881,112.572,0.84672,12.849,0.84672,3695.15,0,0.0036966,1.22691e-05,3.00882,1.96874,10.8753,0.899732,14.9532,0.42336,0.0018483,0.21168,0.0018483,0.21168,460.486,0,1.02816,0,0,4.03698,3.00882,1.028160,1,0,129.241,0,0,0,129.241,0
41.8406,2.31169,0,0,5.11798,0.267959,0.36288,3.6288,61.308,0.506418,0,0,2.03854,0.168007,1.36411,0.66528,12.849,1,0.748841,0.36288,0,115.827,3.04321,112.398,0.84672,12.849,0.84672,3695.15,0,0.0036966,1.52674e-05,3.40238,1.70084,9.02405,0.843525,13.2837,0.42336,0.0018483,0.21168,0.0018483,0.21168,460.486,0,1.02816,0,0,4.43054,3.40238,1.028160,1,0,127.046,0,0,0,127.046,0
45.86,2.34207,0,0,6.99926,0.274935,0.36288,3.6288,61.308,0.506418,0,0,2.16155,0.168007,1.48712,0.66528,12.849,1,0.719236,0.36288,0,128.777,3.04321,125.377,0.84672,12.849,0.84672,3695.15,0,0.0036966,1.52674e-05,2.95275,1.75919,10.2895,0.843525,14.1579,0.42336,0.0018483,0.21168,0.0018483,0.21168,460.486,0,1.02816,0,0,3.98091,2.95275,1.028160,1,0,141.022,0,0,0,141.022,0
48.7405,2.39192,0,0,5.89241,0.257107,0.36288,3.6288,61.308,0.506418,0,0,2.27623,0.186683,1.58312,0.66528,12.849,1,0.670166,0.36288,0,122.797,3.77512,118.714,0.84672,12.849,0.84672,3695.15,0,0.0036966,1.52674e-05,4.18234,1.75934,9.4176,1.02898,14.3303,0.42336,0.0018483,0.21168,0.0018483,0.21168,460.486,0,1.02816,0,0,5.2105,4.18234,1.028160,1,0,134.628,0,0,0,134.628,0
53.4418,2.42388,0,0,7.74922,0.261117,0.36288,3.6288,61.308,0.506418,0,0,3.63036,0.19148,2.93246,0.66528,12.849,1,0.638985,0.36288,0,118.696,4.15128,114.269,0.84672,12.849,0.84672,3695.15,0,0.0036966,1.52674e-05,4.97688,1.75948,13.7906,1.0327,19.4943,0.42336,0.0018483,0.21168,0.0018483,0.21168,460.486,0,1.02816,0,0,6.00504,4.97688,1.028160,1,0,136.696,0,0,0,136.696,0
56.2362,2.56296,0,0,5.97617,0.25596,0.36288,3.6288,61.308,0.564185,0,0,2.6651,0.215771,1.88515,0.66528,12.849,1,0.616212,0.36288,0,129.266,4.00974,125.003,0.84672,12.849,0.84672,3695.15,0,0.0036966,1.70089e-05,4.1962,1.75962,11.9125,1.08863,16.7797,0.42336,0.0018483,0.21168,0.0018483,0.21168,460.486,0,1.02816,0,0,5.22436,4.1962,1.028160,1,0,143.668,0,0,0,143.668,0
57.8249,2.66831,0,0,4.88314,0.263258,0.36288,3.6288,61.308,0.46619,0,0,1.53031,0.215771,0.848347,0.66528,12.849,1,0.609663,0.36288,0,131.567,4.00974,127.311,0.84672,12.849,0.84672,3695.15,0,0.0036966,1.40546e-05,2.85739,1.82605,8.59412,1.08863,12.1889,0.42336,0.0018483,0.21168,0.0018483,0.21168,460.486,0,1.02816,0,0,3.88555,2.85739,1.028160,1,0,140.348,0,0,0,140.348,0
59.0351,2.68247,0,0,4.52358,0.268062,0.36288,3.6288,61.308,0.466441,0,0,1.27056,0.219595,0.584527,0.66528,12.849,1,0.596059,0.36288,0,138.158,4.04739,133.877,0.84672,12.849,0.84672,3695.15,0,0.0036966,1.40622e-05,2.32412,1.76885,7.8179,1.1176,10.7933,0.42336,0.0018483,0.21168,0.0018483,0.21168,460.486,0,1.02816,0,0,3.35228,2.32412,1.028160,1,0,145.255,0,0,0,145.255,0
60.0224,2.69296,0,0,4.28337,0.240223,0.36288,3.6288,61.308,0.466693,0,0,1.17693,0.237763,0.472477,0.66528,12.849,1,0.586123,0.36288,0,107.971,4.27701,103.471,0.84672,12.849,0.84672,3695.15,0,0.0036966,1.40697e-05,2.32483,1.76915,7.53322,1.19028,10.4369,0.42336,0.0018483,0.21168,0.0018483,0.21168,460.486,0,1.02816,0,0,3.35299,2.32483,1.028160,1,0,114.381,0,0,0,114.381,0
61.1633,2.66412,0,0,4.35982,0.191878,0.36288,3.6288,61.308,0.444493,0,0,1.62091,0.216328,0.960086,0.66528,12.849,1,0.570309,0.36288,0,106.383,4.10508,102.071,0.84672,12.849,0.84672,3695.15,0,0.0036966,1.34005e-05,3.07924,1.76945,8.35186,1.05358,12.147,0.42336,0.0018483,0.21168,0.0018483,0.21168,460.486,0,1.02816,0,0,4.1074,3.07924,1.028160,1,0,115.178,0,0,0,115.178,0
62.044,2.67336,0,0,4.11075,0.193776,0.36288,3.6288,61.308,0.44474,0,0,1.47301,0.216328,0.811939,0.66528,12.849,1,0.561612,0.36288,0,93.3172,4.10508,89.0134,0.84672,12.849,0.84672,3695.15,0,0.0036966,1.34079e-05,2.39738,1.74393,7.67655,1.05358,10.7643,0.42336,0.0018483,0.21168,0.0018483,0.21168,460.486,0,1.02816,0,0,3.42554,2.39738,1.028160,1,0,100.59,0,0,0,100.59,0
62.5823,2.68042,0,0,3.76749,0.185977,0.36288,3.6288,61.308,0.444988,0,0,1.37496,0.222735,0.707238,0.66528,12.849,1,0.555101,0.36288,0,85.269,4.24508,80.8317,0.84672,12.849,0.84672,3695.15,0,0.0036966,1.34154e-05,2.2991,1.74422,6.53305,1.07321,9.50315,0.42336,0.0018483,0.21168,0.0018483,0.21168,460.486,0,1.02816,0,0,3.32726,2.2991,1.028160,1,0,91.0421,0,0,0,91.0421,0
62.8921,2.68483,0,0,3.5248,0.167271,0.36288,3.6288,61.308,0.445235,0,0,1.31611,0.245235,0.625635,0.66528,12.849,1,0.551233,0.36288,0,74.6401,4.23274,70.219,0.84672,12.849,0.84672,3695.15,0,0.0036966,1.34229e-05,2.33885,1.74452,6.74879,1.01566,9.81648,0.42336,0.0018483,0.21168,0.0018483,0.21168,460.486,0,1.02816,0,0,3.36701,2.33885,1.028160,1,0,80.6611,0,0,0,80.6611,0
62.6653,2.81503,0,0,3.08553,0.134404,0.36288,3.6288,61.308,0.525154,0,0,1.11707,0.236468,0.355443,0.66528,12.849,1,0.575117,0.36288,0,60.9731,4.6277,56.1332,0.84672,12.849,0.84672,3695.15,0,0.0036966,1.58322e-05,1.63625,1.74481,5.93504,1.01425,8.30183,0.42336,0.0018483,0.21168,0.0018483,0.21168,460.486,0,1.02816,0,0,2.66441,1.63625,1.028160,1,0,64.7904,0,0,0,64.7904,0
62.2876,2.81377,0,0,2.91737,0.118462,0.36288,3.6288,61.308,0.525415,0,0,1.05887,0.234024,0.299427,0.66528,12.849,1,0.576941,0.36288,0,54.4577,4.84249,49.4011,0.84672,12.849,0.84672,3695.15,0,0.0036966,1.58401e-05,1.51697,1.83543,5.38807,1.02537,7.71508,0.42336,0.0018483,0.21168,0.0018483,0.21168,460.486,0,1.02816,0,0,2.54513,1.51697,1.028160,1,0,57.4156,0,0,0,57.4156,0
61.5945,2.81134,0,0,2.60832,0.127184,0.36288,3.6288,61.308,0.525676,0,0,1.01844,0.231391,0.261373,0.66528,12.849,1,0.579939,0.36288,0,51.6272,4.67327,46.7369,0.84672,12.849,0.84672,3695.15,0,0.0036966,1.5848e-05,1.63039,1.83574,4.97911,1.0319,7.41333,0.42336,0.0018483,0.21168,0.0018483,0.21168,460.486,0,1.02816,0,0,2.65855,1.63039,1.028160,1,0,54.4116,0,0,0,54.4116,0
60.792,2.80642,0,0,2.49548,0.128634,0.36288,3.6288,61.308,0.525938,0,0,0.997471,0.233109,0.238425,0.66528,12.849,1,0.585436,0.36288,0,47.9356,4.3143,43.3987,0.84672,12.849,0.84672,3695.15,0,0.0036966,1.58558e-05,1.60694,1.83605,4.70812,1.06727,7.08382,0.42336,0.0018483,0.21168,0.0018483,0.21168,460.486,0,1.02816,0,0,2.6351,1.60694,1.028160,1,0,50.721,0,0,0,50.721,0
59.7946,2.80051,0,0,2.25866,0.0927022,0.36288,3.6288,61.308,0.526199,0,0,1.04771,0.232461,0.289053,0.66528,12.849,1,0.591915,0.36288,0,43.9858,4.46949,39.2873,0.84672,12.849,0.84672,3695.15,0,0.0036966,1.58637e-05,1.78621,1.83636,5.45829,1.06866,8.01219,0.42336,0.0018483,0.21168,0.0018483,0.21168,460.486,0,1.02816,0,0,2.81437,1.78621,1.028160,1,0,47.5885,0,0,0,47.5885,0
58.4737,2.76783,0,0,1.92235,0.112523,0.36288,3.6288,61.308,0.570285,0,0,1.13378,0.203924,0.359575,0.66528,12.849,1,0.594768,0.36288,0,41.9949,4.46271,37.3003,0.84672,12.849,0.84672,3695.15,0,0.0036966,1.71928e-05,2.20478,1.83667,6.35834,1.00703,9.39273,0.42336,0.0018483,0.21168,0.0018483,0.21168,460.486,0,1.02816,0,0,3.23294,2.20478,1.028160,1,0,47.0526,0,0,0,47.0526,0
56.9817,2.75728,0,0,1.73929,0.111099,0.36288,3.6288,61.308,0.570554,0,0,1.0522,0.203924,0.277719,0.66528,12.849,1,0.605884,0.36288,0,37.712,4.46271,33.0062,0.84672,12.849,0.84672,3695.15,0,0.0036966,1.72009e-05,1.80376,1.86514,6.09823,1.00703,8.76008,0.42336,0.0018483,0.21168,0.0018483,0.21168,460.486,0,1.02816,0,0,2.83192,1.80376,1.028160,1,0,42.044,0,0,0,42.044,0
55.4468,2.74479,0,0,1.65705,0.0843489,0.36288,3.6288,61.308,0.570822,0,0,0.99557,0.269738,0.155009,0.66528,12.849,1,0.618933,0.36288,0,34.1639,5.30961,28.5983,0.84672,12.849,0.84672,3695.15,0,0.0036966,1.7209e-05,1.81761,1.86545,5.77769,1.31617,8.14457,0.42336,0.0018483,0.21168,0.0018483,0.21168,460.486,0,1.02816,0,0,2.84577,1.81761,1.028160,1,0,36.8979,0,0,0,36.8979,0
53.7447,2.73134,0,0,1.4711,0.0789471,0.36288,3.6288,61.308,0.571091,0,0,0.9309,0.280707,0.0791011,0.66528,12.849,1,0.63295,0.36288,0,31.2467,5.45076,25.5259,0.84672,12.849,0.84672,3695.15,0,0.0036966,1.72171e-05,1.73981,1.86577,5.58723,1.36769,7.8251,0.42336,0.0018483,0.21168,0.0018483,0.21168,460.486,0,1.02816,0,0,2.76797,1.73981,1.028160,1,0,33.4301,0,0,0,33.4301,0
51.8847,2.77899,0,0,1.35762,0.0757838,0.36288,3.6288,61.308,0.610444,0,0,0.918043,0.304804,0.00279522,0.66528,12.849,1,0.664388,0.36288,0,31.131,5.88504,24.9445,0.84672,12.849,0.84672,3695.15,0,0.0036966,1.84035e-05,1.4313,1.86608,4.70691,1.52014,6.48413,0.42336,0.0018483,0.21168,0.0018483,0.21168,460.486,0,1.02816,0,0,2.45946,1.4313,1.028160,1,0,31.4314,0,0,0,31.4314,0
49.9738,2.76037,0,0,1.28669,0.07435,0.36288,3.6288,61.2138,0.610719,0,0,0.821318,0.304804,0,0.66528,12.849,1,0.683592,0.36288,0,27.5068,5.88504,21.3011,0.84672,12.849,0.84672,3695.15,0,0.0036966,1.84118e-05,1.671,1.91131,4.91621,1.52014,6.97836,0.42336,0.0018483,0.21168,0.0018483,0.21168,460.486,0,1.02816,0,0,2.69916,1.671,1.028160,1,0,28.2794,0,0,0,28.2794,0
48.0008,2.74003,0,0,1.20283,0.0728769,0.36288,3.6288,61.0581,0.610995,0,0,0.759914,0.304622,0,0.66528,12.849,1,0.704503,0.36288,0,26.155,5.88504,19.9283,0.84672,12.849,0.84672,3695.15,0,0.0036966,1.84485e-05,1.43873,1.91163,4.31381,1.52014,6.144,0.42336,0.0018483,0.21168,0.0018483,0.21168,460.486,0,1.02816,0,0,2.46689,1.43873,1.028160,1,0,26.0724,0,0,0,26.0724,0
46.0356,2.71764,0,0,1.18666,0.0713447,0.36288,3.6288,60.9646,0.61127,0,0,0.822148,0.304322,0,0.66528,12.849,1,0.727467,0.36288,0,24.2693,5.88504,18.0197,0.84672,12.849,0.84672,3695.15,0,0.0036966,1.85039e-05,1.605,1.91195,4.87843,1.52014,6.87522,0.42336,0.0018483,0.21168,0.0018483,0.21168,460.486,0,1.02816,0,0,2.63316,1.605,1.028160,1,0,24.8949,0,0,0,24.8949,0
44.1832,2.73916,0,0,1.31956,0.0698615,0.36288,3.6288,60.9194,0.66528,0,0,0.916644,0.296604,0,0.66528,12.849,1,0.764527,0.36288,0,26.6485,5.72317,20.5237,0.84672,12.849,0.84672,3695.15,0,0.0036966,0.0018483,2.07781,1.91227,5.90929,1.45866,8.43887,0.42336,0.0018483,0.21168,0.0018483,0.21168,460.486,0,1.02816,0,0,3.10597,2.07781,1.028160,1,0,28.9626,0,0,0,28.9626,0
42.2665,2.71478,0,0,1.23944,0.0785002,0.36288,3.6288,60.8693,0.66528,0,0,0.909196,0.294011,0,0.66528,12.849,1,0.789489,0.36288,0,27.5994,5.41254,21.7602,0.84672,12.849,0.84672,3695.15,0,0.0036966,0.0018483,2.09458,1.9681,5.28405,1.3672,7.97768,0.42336,0.0018483,0.21168,0.0018483,0.21168,460.486,0,1.02816,0,0,3.12274,2.09458,1.028160,1,0,29.7379,0,0,0,29.7379,0
40.4627,2.68777,0,0,1.32357,0.076787,0.36288,3.6288,60.8319,0.66528,0,0,0.921776,0.293917,0,0.66528,12.849,1,0.817081,0.36288,0,27.5935,5.41254,21.7267,0.84672,12.849,0.84672,3695.15,0,0.0036966,0.0018483,2.35365,1.96843,6.38185,1.3672,9.33488,0.42336,0.0018483,0.21168,0.0018483,0.21168,460.486,0,1.02816,0,0,3.38181,2.35365,1.028160,1,0,31.0616,0,0,0,31.0616,0
38.8567,2.66057,0,0,1.49269,0.0751747,0.36288,3.6288,60.8254,0.66528,0,0,0.952646,0.293848,0,0.66528,12.849,1,0.844869,0.36288,0,26.3945,5.41254,20.5,0.84672,12.849,0.84672,3695.15,0,0.0036966,0.0018483,2.25481,1.96876,7.09373,1.3672,9.94825,0.42336,0.0018483,0.21168,0.0018483,0.21168,460.486,0,1.02816,0,0,3.28297,2.25481,1.028160,1,0,30.4482,0,0,0,30.4482,0
36.8213,2.6593,0,0,1.07151,0.0847883,0.36288,3.6288,60.7029,0.66528,0,0,0.826312,0.283556,0,0.66528,12.849,1,0.84672,0.36288,0,23.7715,4.99698,18.2907,0.84672,12.849,0.84672,3695.15,0,0.0036966,0.0018483,1.89241,1.9691,6.29421,1.27958,8.8743,0.42336,0.0018483,0.21168,0.0018483,0.21168,460.486,0,1.02816,0,0,2.92057,1.89241,1.028160,1,0,27.165,0,0,0,27.165,0
34.7626,2.7199,0,0,1.12134,0.0972756,0.36288,3.6288,60.4947,0.66528,0,0,0.714455,0.257374,0,0.66528,12.849,1,0.84672,0.36288,0,19.8235,3.88038,15.4593,0.84672,12.849,0.84672,3695.15,0,0.0036966,0.0018483,0.690181,1.96943,8.26459,1.07572,9.84663,0.42336,0.0018483,0.21168,0.0018483,0.21168,460.486,0,1.02816,0,0,1.71834,0.690181,1.028160,1,0,25.3059,0,0,0,25.3059,0
32.9702,2.72049,0,0,1.3859,0.0948987,0.36288,3.6288,60.5988,0.66528,0,0,1.02641,0.257034,0,0.66528,12.849,1,0.84672,0.36288,0,25.8034,3.88038,21.4391,0.84672,12.849,0.84672,3695.15,0,0.0036966,0.0018483,2.09594,1.97923,6.93948,1.07572,9.93708,0.42336,0.0018483,0.21168,0.0018483,0.21168,460.486,0,1.02816,0,0,3.1241,2.09594,1.028160,1,0,31.3762,0,0,0,31.3762,0
30.9964,2.72108,0,0,1.20299,0.0928294,0.36288,3.6288,60.4973,0.66528,0,0,0.821042,0.257204,0,0.66528,12.849,1,0.84672,0.36288,0,21.8944,3.88038,17.5301,0.84672,12.849,0.84672,3695.15,0,0.0036966,0.0018483,1.31978,1.97956,8.60649,1.07572,10.8283,0.42336,0.0018483,0.21168,0.0018483,0.21168,460.486,0,1.02816,0,0,2.34794,1.31978,1.028160,1,0,28.3584,0,0,0,28.3584,0
31.5824,2.72167,0,0,3.77732,0.10676,0.36288,3.6288,61.308,0.66528,0,0,3.10147,0.238339,1.3872,0.66528,12.849,1,0.84672,0.36288,0,58.153,3.63966,54.0295,0.84672,12.849,0.84672,3695.15,0,0.0036966,0.0018483,11.1264,1.97989,13.8616,1.01502,25.951,0.42336,0.0018483,0.21168,0.0018483,0.21168,460.486,0,1.02816,0,0,12.1546,11.1264,1.028160,1,0,81.3677,0,0,0,81.3677,0
32.683,2.63008,0,0,4.28223,0.188657,0.36288,3.6288,61.308,0.591481,0,0,2.26348,0.246118,1.42588,0.66528,12.849,1,0.84672,0.36288,0,73.8084,4.48656,68.838,0.84672,12.849,0.84672,3695.15,0,0.0036966,1.78318e-05,2.63085,1.98023,15.8833,1.1884,19.3059,0.42336,0.0018483,0.21168,0.0018483,0.21168,460.486,0,1.02816,0,0,3.65901,2.63085,1.028160,1,0,89.5698,0,0,0,89.5698,0
32.4932,2.63067,0,0,2.99213,0.188427,0.36288,3.6288,61.308,0.591753,0,0,1.53957,0.266005,0.681812,0.66528,12.849,1,0.84672,0.36288,0,58.0065,4.86843,52.6543,0.84672,12.849,0.84672,3695.15,0,0.0036966,1.784e-05,2.19127,1.90293,8.50021,1.278,11.3164,0.42336,0.0018483,0.21168,0.0018483,0.21168,460.486,0,1.02816,0,0,3.21943,2.19127,1.028160,1,0,64.6525,0,0,0,64.6525,0
31.0602,2.63125,0,0,1.7492,0.18798,0.36288,3.6288,61.308,0.592025,0,0,1.00507,0.266005,0.147035,0.66528,12.849,1,0.84672,0.36288,0,28.7234,4.86843,23.3712,0.84672,12.849,0.84672,3695.15,0,0.0036966,1.78482e-05,1.14428,1.90325,6.0439,1.278,7.81341,0.42336,0.0018483,0.21168,0.0018483,0.21168,460.486,0,1.02816,0,0,2.17244,1.14428,1.028160,1,0,31.3316,0,0,0,31.3316,0
30.6089,2.63183,0,0,2.72797,0.184608,0.36288,3.6288,61.308,0.592297,0,0,1.49027,0.266005,0.631968,0.66528,12.849,1,0.84672,0.36288,0,48.9533,4.86843,43.601,0.84672,12.849,0.84672,3695.15,0,0.0036966,1.78564e-05,2.04892,1.90357,12.7588,1.278,15.4332,0.42336,0.0018483,0.21168,0.0018483,0.21168,460.486,0,1.02816,0,0,3.07708,2.04892,1.028160,1,0,59.6662,0,0,0,59.6662,0
31.1131,2.3704,0,0,3.43659,0.199062,0.36288,3.6288,61.308,0.429775,0,0,1.91398,0.212087,1.27211,0.66528,12.849,1,0.84672,0.36288,0,76.9186,4.21965,72.2152,0.84672,12.849,0.84672,3695.15,0,0.0036966,1.29568e-05,2.11929,1.90389,12.7284,1.11243,15.6392,0.42336,0.0018483,0.21168,0.0018483,0.21168,460.486,0,1.02816,0,0,3.14745,2.11929,1.028160,1,0,89.1264,0,0,0,89.1264,0
31.2783,2.29454,0,0,3.01591,0.193364,0.36288,3.6288,61.308,0.506421,0,0,1.69091,0.180127,1.00436,0.66528,12.849,1,0.84672,0.36288,0,95.7658,3.98328,91.2986,0.84672,12.849,0.84672,3695.15,0,0.0036966,1.52675e-05,2.44213,1.72933,13.0403,1.02459,16.1871,0.42336,0.0018483,0.21168,0.0018483,0.21168,460.486,0,1.02816,0,0,3.47029,2.44213,1.028160,1,0,108.49,0,0,0,108.49,0
32.5921,2.29532,0,0,4.16583,0.19377,0.36288,3.6288,61.308,0.506421,0,0,1.84677,0.180127,1.16023,0.66528,12.849,1,0.84672,0.36288,0,94.0585,3.98328,89.5914,0.84672,12.849,0.84672,3695.15,0,0.0036966,1.52675e-05,2.45317,1.77433,11.5677,1.02459,14.7706,0.42336,0.0018483,0.21168,0.0018483,0.21168,460.486,0,1.02816,0,0,3.48133,2.45317,1.028160,1,0,105.522,0,0,0,105.522,0
35.5867,2.29611,0,0,5.85061,0.197005,0.36288,3.6288,61.308,0.506421,0,0,3.24739,0.180127,2.56084,0.66528,12.849,1,0.84672,0.36288,0,152.868,3.98328,148.4,0.84672,12.849,0.84672,3695.15,0,0.0036966,1.52675e-05,3.66059,1.77447,24.828,1.02459,29.2384,0.42336,0.0018483,0.21168,0.0018483,0.21168,460.486,0,1.02816,0,0,4.68875,3.66059,1.028160,1,0,180.2,0,0,0,180.2,0
38.2345,2.30969,0,0,5.50371,0.183398,0.36288,3.6288,61.308,0.506422,0,0,5.10354,0.161595,4.43552,0.66528,12.849,1,0.83394,0.36288,0,155.019,3.33237,151.215,0.84672,12.849,0.84672,3695.15,0,0.0036966,1.52675e-05,4.89365,1.77462,22.9446,0.923491,28.6894,0.42336,0.0018483,0.21168,0.0018483,0.21168,460.486,0,1.02816,0,0,5.92181,4.89365,1.028160,1,0,184.34,0,0,0,184.34,0
44.786,2.42899,0,0,9.52621,0.182773,0.36288,3.6288,61.308,0.553592,0,0,7.0268,0.180615,6.29259,0.66528,12.849,1,0.816281,0.36288,0,248.596,3.92889,244.214,0.84672,12.849,0.84672,3695.15,0,0.0036966,1.66896e-05,7.28402,1.77477,38.3127,0.879335,46.4921,0.42336,0.0018483,0.21168,0.0018483,0.21168,460.486,0,1.02816,0,0,8.31218,7.28402,1.028160,1,0,296.999,0,0,0,296.999,0
50.7744,2.55904,0,0,9.13671,0.226396,0.36288,3.6288,61.308,0.506414,0,0,3.70673,0.182162,3.01816,0.66528,12.849,1,0.734181,0.36288,0,247.671,4.02685,243.273,0.84672,12.849,0.84672,3695.15,0,0.0036966,1.52673e-05,12.988,1.83026,40.9895,0.975681,54.832,0.42336,0.0018483,0.21168,0.0018483,0.21168,460.486,0,1.02816,0,0,14.0162,12.988,1.028160,1,0,301.123,0,0,0,301.123,0
53.2754,2.62876,0,0,5.73432,0.241696,0.36288,3.6288,61.308,0.506414,0,0,2.48606,0.182162,1.79749,0.66528,12.849,1,0.665234,0.36288,0,186.15,4.02685,181.82,0.84672,12.849,0.84672,3695.15,0,0.0036966,1.52673e-05,6.92937,1.80279,23.657,0.975681,31.4135,0.42336,0.0018483,0.21168,0.0018483,0.21168,460.486,0,1.02816,0,0,7.95753,6.92937,1.028160,1,0,215.031,0,0,0,215.031,0
54.6402,2.65453,0,0,4.63025,0.248036,0.36288,3.6288,61.308,0.506414,0,0,1.7756,0.182162,1.08702,0.66528,12.849,1,0.640221,0.36288,0,134.394,4.02685,130.09,0.84672,12.849,0.84672,3695.15,0,0.0036966,1.52673e-05,3.904,1.80294,14.4635,0.975681,19.1948,0.42336,0.0018483,0.21168,0.0018483,0.21168,460.486,0,1.02816,0,0,4.93216,3.904,1.028160,1,0,150.372,0,0,0,150.372,0
58.1993,2.93049,0,0,7.06406,0.211634,0.36288,3.6288,61.308,0.66528,0,0,3.68521,0.203625,2.81631,0.66528,12.849,1,0.689124,0.36288,0,242.094,4.24675,237.521,0.84672,12.849,0.84672,3695.15,0,0.0036966,0.0018483,6.02023,1.80308,25.0329,1.12244,31.732,0.42336,0.0018483,0.21168,0.0018483,0.21168,460.486,0,1.02816,0,0,7.04839,6.02023,1.028160,1,0,272.069,0,0,0,272.069,0
62.051,2.98785,0,0,7.4052,0.20271,0.36288,3.6288,61.308,0.656603,0,0,4.25405,0.21221,3.38524,0.66528,12.849,1,0.659644,0.36288,0,180.325,4.33472,175.693,0.84672,12.849,0.84672,3695.15,0,0.0036966,1.97951e-05,6.48715,2.00088,28.3649,1.18114,35.6717,0.42336,0.0018483,0.21168,0.0018483,0.21168,460.486,0,1.02816,0,0,7.51531,6.48715,1.028160,1,0,214.75,0,0,0,214.75,0
66.3947,3.02225,0,0,7.97446,0.245697,0.36288,3.6288,61.308,0.656868,0,0,4.85525,0.217165,3.98121,0.66528,12.849,1,0.625821,0.36288,0,176.136,4.25551,171.617,0.84672,12.849,0.84672,3695.15,0,0.0036966,1.98031e-05,6.64736,1.98522,31.3649,1.16025,38.8372,0.42336,0.0018483,0.21168,0.0018483,0.21168,460.486,0,1.02816,0,0,7.67552,6.64736,1.028160,1,0,214.436,0,0,0,214.436,0
70.1616,3.05704,0,0,7.49073,0.303941,0.36288,3.6288,61.308,0.657133,0,0,3.52667,0.223773,2.64576,0.66528,12.849,1,0.591612,0.36288,0,204.968,4.14992,200.589,0.84672,12.849,0.84672,3695.15,0,0.0036966,1.98111e-05,4.66189,1.98553,23.8784,1.1324,29.3934,0.42336,0.0018483,0.21168,0.0018483,0.21168,460.486,0,1.02816,0,0,5.69005,4.66189,1.028160,1,0,232.628,0,0,0,232.628,0
72.29,2.69341,0,0,5.7544,0.326065,0.606491,3.6288,61.308,0.419417,0,0,4.22439,0.207319,3.59765,0.66528,12.849,1,0.493256,0.606491,0,147.172,3.71694,143.568,0.84672,12.849,0.84672,3695.15,0,0.0036966,1.26445e-05,5.63371,1.98585,17.2352,1.01407,23.8406,0.42336,0.0018483,0.21168,0.0018483,0.21168,460.486,0,1.02816,0,0,6.66187,5.63371,1.028160,1,0,171.007,0,0,0,171.007,0
72.29,2.70617,0,0,5.89038,0.336715,2.8475,3.6288,61.308,0.419645,0,0,4.74242,0.200737,4.12204,0.66528,12.849,1,0.481001,2.8475,0,154.703,3.54375,153.525,0.84672,12.849,0.84672,3695.15,0,0.0036966,1.26514e-05,5.80815,1.7156,19.9004,0.966742,26.4574,0.42336,0.0018483,0.21168,0.0018483,0.21168,460.486,0,1.02816,0,0,6.83631,5.80815,1.028160,1,0,184.105,0,0,0,184.105,0
72.29,2.70659,0,0,5.61702,0.280074,2.63035,3.6288,61.308,0.419873,0,0,4.24303,0.170656,3.65251,0.66528,12.849,1,0.481076,2.63035,0,162.219,3.10778,161.261,0.84672,12.849,0.84672,3695.15,0,0.0036966,1.26582e-05,5.74767,1.71587,19.8175,0.904114,26.3769,0.42336,0.0018483,0.21168,0.0018483,0.21168,460.486,0,1.02816,0,0,6.77583,5.74767,1.028160,1,0,191.29,0,0,0,191.29,0
72.29,2.70702,0,0,4.84595,0.322509,1.81642,3.6288,61.308,0.420101,0,0,3.51574,0.169825,2.92581,0.66528,12.849,1,0.481152,1.81642,0,135.343,3.48949,133.189,0.84672,12.849,0.84672,3695.15,0,0.0036966,1.26651e-05,4.40696,1.71614,15.0461,0.953844,20.2154,0.42336,0.0018483,0.21168,0.0018483,0.21168,460.486,0,1.02816,0,0,5.43512,4.40696,1.028160,1,0,156.33,0,0,0,156.33,0
72.29,2.70744,0,0,4.55521,0.318746,1.52902,3.6288,61.308,0.420328,0,0,3.43298,0.165505,2.84715,0.66528,12.849,1,0.481228,1.52902,0,131.77,3.81084,129.007,0.84672,12.849,0.84672,3695.15,0,0.0036966,1.2672e-05,3.90657,1.71641,16.4501,1.02832,21.0448,0.42336,0.0018483,0.21168,0.0018483,0.21168,460.486,0,1.02816,0,0,4.93473,3.90657,1.028160,1,0,152.899,0,0,0,152.899,0
72.29,2.80681,0,0,6.65533,0.284174,3.56435,3.6288,61.308,0.478821,0,0,5.94145,0.1887,5.27393,0.66528,12.849,1,0.498889,3.56435,0,196.339,4.34702,195.057,0.84672,12.849,0.84672,3695.15,0,0.0036966,1.44354e-05,6.27558,1.71668,30.5995,1.14261,37.4491,0.42336,0.0018483,0.21168,0.0018483,0.21168,460.486,0,1.02816,0,0,7.30374,6.27558,1.028160,1,0,237.78,0,0,0,237.78,0
72.29,2.80725,0,0,5.12705,0.284957,2.03484,3.6288,61.308,0.479058,0,0,2.88381,0.204165,2.20058,0.66528,12.849,1,0.498968,2.03484,0,136.231,4.33282,133.434,0.84672,12.849,0.84672,3695.15,0,0.0036966,1.44425e-05,3.55369,1.78381,19.1804,1.12631,23.3915,0.42336,0.0018483,0.21168,0.0018483,0.21168,460.486,0,1.02816,0,0,4.58185,3.55369,1.028160,1,0,159.026,0,0,0,159.026,0
72.2009,2.80769,0,0,3.36643,0.284957,0.36288,3.6288,61.308,0.479295,0,0,2.16043,0.204165,1.47697,0.66528,12.849,1,0.499046,0.36288,0,87.6139,4.33282,83.1449,0.84672,12.849,0.84672,3695.15,0,0.0036966,1.44497e-05,2.57235,1.78409,14.5776,1.12631,17.8077,0.42336,0.0018483,0.21168,0.0018483,0.21168,460.486,0,1.02816,0,0,3.60051,2.57235,1.028160,1,0,102.43,0,0,0,102.43,0
71.6484,2.80761,0,0,2.90275,0.284765,0.36288,3.6288,61.308,0.479533,0,0,1.98347,0.204165,1.29977,0.66528,12.849,1,0.499648,0.36288,0,75.0323,4.33282,70.5628,0.84672,12.849,0.84672,3695.15,0,0.0036966,1.44568e-05,2.59067,1.78437,13.1771,1.12631,16.4258,0.42336,0.0018483,0.21168,0.0018483,0.21168,460.486,0,1.02816,0,0,3.61883,2.59067,1.028160,1,0,88.2884,0,0,0,88.2884,0
71.4943,2.76613,0,0,3.19304,0.21816,0.36288,3.6288,61.308,0.457126,0,0,1.78894,0.207121,1.12469,0.66528,12.849,1,0.496061,0.36288,0,76.4571,4.44349,71.8804,0.84672,12.849,0.84672,3695.15,0,0.0036966,1.37813e-05,2.71274,1.78465,13.5149,1.10346,16.9088,0.42336,0.0018483,0.21168,0.0018483,0.21168,460.486,0,1.02816,0,0,3.7409,2.71274,1.028160,1,0,89.9139,0,0,0,89.9139,0
70.8471,2.76566,0,0,2.69927,0.217904,0.36288,3.6288,61.308,0.45736,0,0,1.66654,0.207121,1.00206,0.66528,12.849,1,0.497046,0.36288,0,65.1065,4.44349,60.5288,0.84672,12.849,0.84672,3695.15,0,0.0036966,1.37884e-05,2.31839,1.75889,11.1387,1.10346,14.1125,0.42336,0.0018483,0.21168,0.0018483,0.21168,460.486,0,1.02816,0,0,3.34655,2.31839,1.028160,1,0,75.6434,0,0,0,75.6434,0
69.8988,2.76225,0,0,2.39364,0.216827,0.36288,3.6288,61.308,0.457593,0,0,1.49666,0.207121,0.831941,0.66528,12.849,1,0.500968,0.36288,0,56.1244,4.44349,51.5428,0.84672,12.849,0.84672,3695.15,0,0.0036966,1.37954e-05,1.88459,1.75917,9.60664,1.10346,12.1469,0.42336,0.0018483,0.21168,0.0018483,0.21168,460.486,0,1.02816,0,0,2.91275,1.88459,1.028160,1,0,64.5217,0,0,0,64.5217,0
68.7551,2.75694,0,0,2.1829,0.206765,0.36288,3.6288,61.308,0.457827,0,0,1.35029,0.195744,0.696723,0.66528,12.849,1,0.506789,0.36288,0,50.4146,4.20757,46.0631,0.84672,12.849,0.84672,3695.15,0,0.0036966,1.38025e-05,1.6527,1.75944,8.8611,1.04363,11.2296,0.42336,0.0018483,0.21168,0.0018483,0.21168,460.486,0,1.02816,0,0,2.68086,1.6527,1.028160,1,0,57.9894,0,0,0,57.9894,0
67.5962,2.88073,0,0,2.26015,0.175385,0.36288,3.6288,61.308,0.538412,0,0,1.45245,0.185782,0.728259,0.66528,12.849,1,0.538353,0.36288,0,52.527,4.28611,48.0654,0.84672,12.849,0.84672,3695.15,0,0.0036966,1.62319e-05,1.48991,1.75972,9.1228,1.00042,11.372,0.42336,0.0018483,0.21168,0.0018483,0.21168,460.486,0,1.02816,0,0,2.51807,1.48991,1.028160,1,0,60.1656,0,0,0,60.1656,0
66.4022,2.87343,0,0,2.19396,0.151657,0.36288,3.6288,61.308,0.538658,0,0,1.14873,0.185758,0.424315,0.66528,12.849,1,0.546194,0.36288,0,50.1616,4.38063,45.5977,0.84672,12.849,0.84672,3695.15,0,0.0036966,1.62393e-05,1.34011,1.8511,9.19296,1.0831,11.301,0.42336,0.0018483,0.21168,0.0018483,0.21168,460.486,0,1.02816,0,0,2.36827,1.34011,1.028160,1,0,57.323,0,0,0,57.323,0
65.029,2.86565,0,0,1.96869,0.113431,0.36288,3.6288,61.308,0.538904,0,0,1.11619,0.187701,0.389588,0.66528,12.849,1,0.55451,0.36288,0,43.8788,4.44549,39.2417,0.84672,12.849,0.84672,3695.15,0,0.0036966,1.62468e-05,1.3506,1.85139,8.59222,1.04214,10.7521,0.42336,0.0018483,0.21168,0.0018483,0.21168,460.486,0,1.02816,0,0,2.37876,1.3506,1.028160,1,0,50.3834,0,0,0,50.3834,0
63.6416,2.85632,0,0,1.94402,0.112194,0.36288,3.6288,61.308,0.539151,0,0,1.2124,0.187701,0.485548,0.66528,12.849,1,0.564377,0.36288,0,42.433,4.44549,37.786,0.84672,12.849,0.84672,3695.15,0,0.0036966,1.62542e-05,1.30067,1.85168,9.42045,1.04214,11.5306,0.42336,0.0018483,0.21168,0.0018483,0.21168,460.486,0,1.02816,0,0,2.32883,1.30067,1.028160,1,0,49.8022,0,0,0,49.8022,0
62.4142,2.84653,0,0,2.09117,0.109137,0.36288,3.6288,61.308,0.539397,0,0,1.1355,0.204723,0.391383,0.66528,12.849,1,0.574703,0.36288,0,42.2498,4.5447,37.4932,0.84672,12.849,0.84672,3695.15,0,0.0036966,1.62616e-05,1.2994,1.85197,8.11132,1.05761,10.2051,0.42336,0.0018483,0.21168,0.0018483,0.21168,460.486,0,1.02816,0,0,2.32756,1.2994,1.028160,1,0,48.0897,0,0,0,48.0897,0
61.7208,2.81219,0,0,2.58523,0.103579,0.36288,3.6288,61.308,0.583841,0,0,1.12838,0.247281,0.297254,0.66528,12.849,1,0.578935,0.36288,0,47.2618,4.79273,42.2531,0.84672,12.849,0.84672,3695.15,0,0.0036966,1.76015e-05,1.51688,1.85226,7.51308,1.09629,9.78592,0.42336,0.0018483,0.21168,0.0018483,0.21168,460.486,0,1.02816,0,0,2.54504,1.51688,1.028160,1,0,52.3362,0,0,0,52.3362,0
60.8009,2.80724,0,0,2.35319,0.102989,0.36288,3.6288,61.308,0.584094,0,0,1.05538,0.247281,0.224001,0.66528,12.849,1,0.58441,0.36288,0,45.3712,4.79273,40.357,0.84672,12.849,0.84672,3695.15,0,0.0036966,1.76091e-05,1.17695,1.88096,7.05776,1.09629,9.01936,0.42336,0.0018483,0.21168,0.0018483,0.21168,460.486,0,1.02816,0,0,2.20511,1.17695,1.028160,1,0,49.6003,0,0,0,49.6003,0
59.7123,2.80038,0,0,2.16381,0.0891735,0.36288,3.6288,61.308,0.584348,0,0,1.00761,0.280188,0.143079,0.66528,12.849,1,0.591803,0.36288,0,40.2231,5.21617,34.778,0.84672,12.849,0.84672,3695.15,0,0.0036966,1.76168e-05,1.16595,1.88125,6.79121,1.25086,8.58754,0.42336,0.0018483,0.21168,0.0018483,0.21168,460.486,0,1.02816,0,0,2.19411,1.16595,1.028160,1,0,43.5086,0,0,0,43.5086,0
58.52,2.79194,0,0,2.03362,0.0710937,0.36288,3.6288,61.308,0.584601,0,0,0.939963,0.324064,0.0312976,0.66528,12.849,1,0.600775,0.36288,0,35.7071,5.78078,29.6885,0.84672,12.849,0.84672,3695.15,0,0.0036966,1.76244e-05,1.1253,1.88155,6.5378,1.45695,8.08769,0.42336,0.0018483,0.21168,0.0018483,0.21168,460.486,0,1.02816,0,0,2.15346,1.1253,1.028160,1,0,37.8074,0,0,0,37.8074,0
57.2671,2.84728,0,0,2.02449,0.067199,0.36288,3.6288,61.308,0.624269,0,0,1.09695,0.332093,0.140589,0.66528,12.849,1,0.625165,0.36288,0,34.0907,5.74829,28.0801,0.84672,12.849,0.84672,3695.15,0,0.0036966,1.88203e-05,1.0125,1.88184,5.9375,1.48969,7.34214,0.42336,0.0018483,0.21168,0.0018483,0.21168,460.486,0,1.02816,0,0,2.04066,1.0125,1.028160,1,0,35.5628,0,0,0,35.5628,0
56.0409,2.83655,0,0,2.03912,0.0658749,0.36288,3.6288,61.308,0.624529,0,0,1.03931,0.333432,0.0813454,0.66528,12.849,1,0.636436,0.36288,0,44.3684,5.74287,38.352,0.84672,12.849,0.84672,3695.15,0,0.0036966,1.88281e-05,1.19862,1.92743,6.47672,1.49515,8.1076,0.42336,0.0018483,0.21168,0.0018483,0.21168,460.486,0,1.02816,0,0,2.22678,1.19862,1.028160,1,0,46.5409,0,0,0,46.5409,0
54.6966,2.82566,0,0,1.90934,0.0650816,0.36288,3.6288,61.308,0.624788,0,0,0.96654,0.333432,0.00831963,0.66528,12.849,1,0.647865,0.36288,0,35.6235,5.74287,29.5956,0.84672,12.849,0.84672,3695.15,0,0.0036966,1.8836e-05,1.15735,1.92774,5.83833,1.49515,7.42825,0.42336,0.0018483,0.21168,0.0018483,0.21168,460.486,0,1.02816,0,0,2.18551,1.15735,1.028160,1,0,37.0322,0,0,0,37.0322,0
53.1947,2.81321,0,0,1.73839,0.064212,0.36288,3.6288,61.2671,0.625048,0,0,0.917585,0.333432,0,0.66528,12.849,1,0.660862,0.36288,0,32.4661,5.74287,26.4252,0.84672,12.849,0.84672,3695.15,0,0.0036966,1.88438e-05,0.821033,1.92804,5.44584,1.49515,6.69975,0.42336,0.0018483,0.21168,0.0018483,0.21168,460.486,0,1.02816,0,0,1.84919,0.821033,1.028160,1,0,33.125,0,0,0,33.125,0
52.1253,2.84573,0,0,2.18637,0.0471702,0.36288,3.6288,61.308,0.66528,0,0,1.24663,0.353592,0.186865,0.66528,12.849,1,0.687376,0.36288,0,33.8874,6.05608,27.5068,0.84672,12.849,0.84672,3695.15,0,0.0036966,0.0018483,1.8916,1.92834,7.68201,1.5876,9.91249,0.42336,0.0018483,0.21168,0.0018483,0.21168,460.486,0,1.02816,0,0,2.91976,1.8916,1.028160,1,0,37.6062,0,0,0,37.6062,0
50.5238,2.83486,0,0,1.64086,0.0446307,0.36288,3.6288,61.2067,0.66528,0,0,0.932627,0.368599,0,0.66528,12.849,1,0.698799,0.36288,0,36.8527,6.12475,30.392,0.84672,12.849,0.84672,3695.15,0,0.0036966,0.0018483,1.14108,1.98462,5.04535,1.64116,6.52805,0.42336,0.0018483,0.21168,0.0018483,0.21168,460.486,0,1.02816,0,0,2.16924,1.14108,1.028160,1,0,36.9201,0,0,0,36.9201,0
49.1146,2.81764,0,0,1.81521,0.0438915,0.36288,3.6288,61.308,0.66528,0,0,1.28114,0.368363,0.146245,0.66528,12.849,1,0.71657,0.36288,0,31.5963,6.12475,25.1179,0.84672,12.849,0.84672,3695.15,0,0.0036966,0.0018483,1.81153,1.98493,6.02937,1.64116,8.18283,0.42336,0.0018483,0.21168,0.0018483,0.21168,460.486,0,1.02816,0,0,2.83969,1.81153,1.028160,1,0,33.4469,0,0,0,33.4469,0
47.5905,2.80178,0,0,1.68589,0.0452994,0.36288,3.6288,61.308,0.66528,0,0,1.02972,0.35481,0.00962553,0.66528,12.849,1,0.732982,0.36288,0,30.3134,5.75506,24.1882,0.84672,12.849,0.84672,3695.15,0,0.0036966,0.0018483,1.58659,1.98525,6.85014,1.49725,8.92287,0.42336,0.0018483,0.21168,0.0018483,0.21168,460.486,0,1.02816,0,0,2.61475,1.58659,1.028160,1,0,33.1207,0,0,0,33.1207,0
46.2486,2.78373,0,0,1.85475,0.0500207,0.36288,3.6288,61.308,0.66528,0,0,1.1511,0.326092,0.159726,0.66528,12.849,1,0.751582,0.36288,0,26.9676,4.90699,21.6719,0.84672,12.849,0.84672,3695.15,0,0.0036966,0.0018483,1.62933,1.98556,8.09222,1.18692,10.5183,0.42336,0.0018483,0.21168,0.0018483,0.21168,460.486,0,1.02816,0,0,2.65749,1.62933,1.028160,1,0,32.35,0,0,0,32.35,0
45.3034,2.81446,0,0,2.28379,0.0516487,0.36288,3.6288,61.308,0.66528,0,0,1.6031,0.360629,0.577191,0.66528,12.849,1,0.781926,0.36288,0,54.9133,5.36393,49.1304,0.84672,12.849,0.84672,3695.15,0,0.0036966,0.0018483,2.31389,1.98587,8.60043,1.48357,11.4148,0.42336,0.0018483,0.21168,0.0018483,0.21168,460.486,0,1.02816,0,0,3.34205,2.31389,1.028160,1,0,61.1223,0,0,0,61.1223,0
44.0782,2.80219,0,0,1.99094,0.0511056,0.36288,3.6288,61.308,0.66528,0,0,1.42293,0.360629,0.397021,0.66528,12.849,1,0.79476,0.36288,0,50.2058,5.36393,44.41,0.84672,12.849,0.84672,3695.15,0,0.0036966,0.0018483,2.04727,1.99573,8.3789,1.48357,10.9365,0.42336,0.0018483,0.21168,0.0018483,0.21168,460.486,0,1.02816,0,0,3.07543,2.04727,1.028160,1,0,55.7435,0,0,0,55.7435,0
43.7268,2.78552,0,0,2.84739,0.0504017,0.36288,3.6288,61.308,0.66528,0,0,1.98444,0.360629,0.958534,0.66528,12.849,1,0.811993,0.36288,0,62.467,5.36393,56.654,0.84672,12.849,0.84672,3695.15,0,0.0036966,0.0018483,2.84995,1.99605,13.6363,1.48357,16.9968,0.42336,0.0018483,0.21168,0.0018483,0.21168,460.486,0,1.02816,0,0,3.87811,2.84995,1.028160,1,0,74.6093,0,0,0,74.6093,0
45.8144,2.78092,0,0,5.30639,0.075012,0.36288,3.6288,61.308,0.66528,0,0,2.80394,0.339499,1.79916,0.66528,12.849,1,0.817164,0.36288,0,104.782,5.0279,99.3003,0.84672,12.849,0.84672,3695.15,0,0.0036966,0.0018483,3.90076,1.99636,26.054,1.39639,30.5529,0.42336,0.0018483,0.21168,0.0018483,0.21168,460.486,0,1.02816,0,0,4.92892,3.90076,1.028160,1,0,131.652,0,0,0,131.652,0
45.6468,2.73784,0,0,3.07709,0.143949,0.36288,3.6288,61.308,0.604917,0,0,2.06118,0.241945,1.21431,0.66528,12.849,1,0.767848,0.36288,0,70.849,4.52025,65.9238,0.84672,12.849,0.84672,3695.15,0,0.0036966,1.82369e-05,1.79756,1.99668,11.1274,1.0828,13.8388,0.42336,0.0018483,0.21168,0.0018483,0.21168,460.486,0,1.02816,0,0,2.82572,1.79756,1.028160,1,0,80.9769,0,0,0,80.9769,0
44.7195,2.73607,0,0,2.33279,0.161148,0.36288,3.6288,61.308,0.605174,0,0,1.31106,0.204106,0.50178,0.66528,12.849,1,0.770169,0.36288,0,64.5619,4.37377,59.7808,0.84672,12.849,0.84672,3695.15,0,0.0036966,1.82446e-05,1.22234,1.91872,9.51661,1.01888,11.6388,0.42336,0.0018483,0.21168,0.0018483,0.21168,460.486,0,1.02816,0,0,2.2505,1.22234,1.028160,1,0,71.9214,0,0,0,71.9214,0
44.5937,2.72409,0,0,3.12063,0.159475,0.36288,3.6288,61.308,0.60543,0,0,1.75675,0.204106,0.947218,0.66528,12.849,1,0.782697,0.36288,0,89.8891,4.37377,85.0955,0.84672,12.849,0.84672,3695.15,0,0.0036966,1.82524e-05,1.74849,1.91902,12.4352,1.01888,15.0838,0.42336,0.0018483,0.21168,0.0018483,0.21168,460.486,0,1.02816,0,0,2.77665,1.74849,1.028160,1,0,101.127,0,0,0,101.127,0
44.551,2.7228,0,0,3.20226,0.159248,0.36288,3.6288,61.308,0.605687,0,0,2.28606,0.204106,1.47627,0.66528,12.849,1,0.784535,0.36288,0,91.2997,4.37377,86.5043,0.84672,12.849,0.84672,3695.15,0,0.0036966,1.82601e-05,2.16835,1.91932,14.3836,1.01888,17.4524,0.42336,0.0018483,0.21168,0.0018483,0.21168,460.486,0,1.02816,0,0,3.19651,2.16835,1.028160,1,0,105.433,0,0,0,105.433,0
44.3383,2.5176,0,0,2.85226,0.184523,0.36288,3.6288,61.308,0.441806,0,0,1.58136,0.188872,0.950684,0.66528,12.849,1,0.726103,0.36288,0,76.0675,3.99543,71.7089,0.84672,12.849,0.84672,3695.15,0,0.0036966,1.33195e-05,1.552,1.91962,11.7238,1.04083,14.1546,0.42336,0.0018483,0.21168,0.0018483,0.21168,460.486,0,1.02816,0,0,2.58016,1.552,1.028160,1,0,86.8141,0,0,0,86.8141,0
44.3942,2.46539,0,0,3.08438,0.200167,0.36288,3.6288,61.308,0.506408,0,0,1.69838,0.218685,0.97329,0.66528,12.849,1,0.714456,0.36288,0,62.9649,3.46731,59.146,0.84672,12.849,0.84672,3695.15,0,0.0036966,1.52671e-05,1.52406,1.7436,9.3191,0.922726,11.664,0.42336,0.0018483,0.21168,0.0018483,0.21168,460.486,0,1.02816,0,0,2.55222,1.52406,1.028160,1,0,71.7833,0,0,0,71.7833,0
44.5352,2.46666,0,0,3.17083,0.200294,0.36288,3.6288,61.308,0.506408,0,0,2.40754,0.218685,1.68245,0.66528,12.849,1,0.713924,0.36288,0,69.1324,3.46731,65.3141,0.84672,12.849,0.84672,3695.15,0,0.0036966,1.52671e-05,2.49394,1.78154,11.9182,0.922726,15.2709,0.42336,0.0018483,0.21168,0.0018483,0.21168,460.486,0,1.02816,0,0,3.5221,2.49394,1.028160,1,0,82.2675,0,0,0,82.2675,0
44.7504,2.46899,0,0,3.24766,0.200615,0.36288,3.6288,61.308,0.506408,0,0,2.47314,0.218685,1.74805,0.66528,12.849,1,0.712336,0.36288,0,81.9625,3.46731,78.1457,0.84672,12.849,0.84672,3695.15,0,0.0036966,1.52671e-05,2.34647,1.78168,11.5946,0.922726,14.8,0.42336,0.0018483,0.21168,0.0018483,0.21168,460.486,0,1.02816,0,0,3.37463,2.34647,1.028160,1,0,94.6938,0,0,0,94.6938,0
49.3903,2.47222,0,0,7.69449,0.21947,0.36288,3.6288,61.308,0.506408,0,0,4.79299,0.208303,4.07828,0.66528,12.849,1,0.70984,0.36288,0,111.931,4.05075,107.533,0.84672,12.849,0.84672,3695.15,0,0.0036966,1.52671e-05,4.01672,1.78182,21.3628,1.06373,26.0976,0.42336,0.0018483,0.21168,0.0018483,0.21168,460.486,0,1.02816,0,0,5.04488,4.01672,1.028160,1,0,137.709,0,0,0,137.709,0
49.0557,2.60642,0,0,2.88856,0.25385,0.36288,3.6288,61.308,0.553965,0,0,1.98313,0.257087,1.17208,0.66528,12.849,1,0.678067,0.36288,0,50.8105,4.72311,45.7722,0.84672,12.849,0.84672,3695.15,0,0.0036966,1.67008e-05,2.10108,1.78196,9.46763,1.27029,12.0804,0.42336,0.0018483,0.21168,0.0018483,0.21168,460.486,0,1.02816,0,0,3.12924,2.10108,1.028160,1,0,59.0247,0,0,0,59.0247,0
48.0928,2.64101,0,0,2.29395,0.252937,0.36288,3.6288,61.308,0.5064,0,0,1.63215,0.257087,0.868661,0.66528,12.849,1,0.691752,0.36288,0,45.6428,4.72311,40.5908,0.84672,12.849,0.84672,3695.15,0,0.0036966,1.52668e-05,1.64174,1.83789,8.01507,1.27029,10.2244,0.42336,0.0018483,0.21168,0.0018483,0.21168,460.486,0,1.02816,0,0,2.6699,1.64174,1.028160,1,0,51.6839,0,0,0,51.6839,0
47.6344,2.63065,0,0,2.76644,0.231381,0.36288,3.6288,61.308,0.5064,0,0,2.28557,0.247358,1.53181,0.66528,12.849,1,0.702832,0.36288,0,48.0005,4.65951,43.001,0.84672,12.849,0.84672,3695.15,0,0.0036966,1.52668e-05,2.1486,1.81019,9.9538,1.16061,12.752,0.42336,0.0018483,0.21168,0.0018483,0.21168,460.486,0,1.02816,0,0,3.17676,2.1486,1.028160,1,0,57.2848,0,0,0,57.2848,0
46.8161,2.62588,0,0,2.38657,0.216099,0.36288,3.6288,61.308,0.5064,0,0,2.93744,0.240061,2.19098,0.66528,12.849,1,0.708311,0.36288,0,51.6046,4.61181,46.6473,0.84672,12.849,0.84672,3695.15,0,0.0036966,1.52668e-05,2.29363,1.81033,10.1825,1.07836,13.2081,0.42336,0.0018483,0.21168,0.0018483,0.21168,460.486,0,1.02816,0,0,3.32179,2.29363,1.028160,1,0,62.0464,0,0,0,62.0464,0
46.2665,2.8731,0,0,2.90501,0.218612,0.36288,3.6288,61.308,0.66528,0,0,1.76643,0.250868,0.850283,0.66528,12.849,1,0.788543,0.36288,0,68.3047,4.30419,63.5749,0.84672,12.849,0.84672,3695.15,0,0.0036966,0.0018483,1.2652,1.81046,7.97462,1.12194,9.92649,0.42336,0.0018483,0.21168,0.0018483,0.21168,460.486,0,1.02816,0,0,2.29336,1.2652,1.028160,1,0,74.3517,0,0,0,74.3517,0
45.7045,2.87793,0,0,2.89944,0.2206,0.36288,3.6288,61.308,0.66528,0,0,1.57359,0.258973,0.649333,0.66528,12.849,1,0.79925,0.36288,0,56.745,4.07347,52.2352,0.84672,12.849,0.84672,3695.15,0,0.0036966,0.0018483,1.51189,2.00987,7.11828,1.15462,9.48356,0.42336,0.0018483,0.21168,0.0018483,0.21168,460.486,0,1.02816,0,0,2.54005,1.51189,1.028160,1,0,62.3681,0,0,0,62.3681,0
45.2079,2.87068,0,0,2.96664,0.229698,0.36288,3.6288,61.308,0.66528,0,0,1.47033,0.252298,0.552752,0.66528,12.849,1,0.807039,0.36288,0,59.3035,4.07132,54.788,0.84672,12.849,0.84672,3695.15,0,0.0036966,0.0018483,1.23159,2.00139,7.68951,1.1619,9.75874,0.42336,0.0018483,0.21168,0.0018483,0.21168,460.486,0,1.02816,0,0,2.25975,1.23159,1.028160,1,0,65.0995,0,0,0,65.0995,0
44.7871,2.86419,0,0,3.06074,0.254468,0.36288,3.6288,61.308,0.66528,0,0,1.95489,0.23561,1.054,0.66528,12.849,1,0.814061,0.36288,0,51.5744,4.06591,47.0573,0.84672,12.849,0.84672,3695.15,0,0.0036966,0.0018483,1.75384,2.00168,9.63775,1.18011,12.2113,0.42336,0.0018483,0.21168,0.0018483,0.21168,460.486,0,1.02816,0,0,2.782,1.75384,1.028160,1,0,60.3226,0,0,0,60.3226,0
47.3314,2.49631,0,0,5.65617,0.252691,0.36288,3.6288,61.308,0.431159,0,0,4.72222,0.214164,4.07689,0.66528,12.849,1,0.716169,0.36288,0,100.348,3.69253,96.3022,0.84672,12.849,0.84672,3695.15,0,0.0036966,1.29985e-05,6.77774,2.00198,15.863,1.02235,23.6203,0.42336,0.0018483,0.21168,0.0018483,0.21168,460.486,0,1.02816,0,0,7.8059,6.77774,1.028160,1,0,123.999,0,0,0,123.999,0
50.1557,2.46796,0,0,5.91463,0.259521,0.36288,3.6288,61.308,0.506391,0,0,4.21173,0.19808,3.50726,0.66528,12.849,1,0.669975,0.36288,0,96.2245,3.4125,92.5049,0.84672,12.849,0.84672,3695.15,0,0.0036966,1.52666e-05,5.31086,1.72952,16.4843,0.904033,22.6206,0.42336,0.0018483,0.21168,0.0018483,0.21168,460.486,0,1.02816,0,0,6.33902,5.31086,1.028160,1,0,118.633,0,0,0,118.633,0
51.7292,2.49855,0,0,4.70253,0.267559,0.36288,3.6288,61.308,0.506391,0,0,3.19506,0.19808,2.49059,0.66528,12.849,1,0.640084,0.36288,0,109.45,3.4125,105.76,0.84672,12.849,0.84672,3695.15,0,0.0036966,1.52666e-05,3.33196,1.77367,12.1408,0.904033,16.3423,0.42336,0.0018483,0.21168,0.0018483,0.21168,460.486,0,1.02816,0,0,4.36012,3.33196,1.028160,1,0,124.593,0,0,0,124.593,0
51.7753,2.51469,0,0,3.18621,0.262548,0.36288,3.6288,61.308,0.506391,0,0,2.20792,0.192064,1.50946,0.66528,12.849,1,0.624624,0.36288,0,88.2939,3.32531,84.7068,0.84672,12.849,0.84672,3695.15,0,0.0036966,1.52666e-05,2.58164,1.7738,10.9638,0.891507,14.4277,0.42336,0.0018483,0.21168,0.0018483,0.21168,460.486,0,1.02816,0,0,3.6098,2.58164,1.028160,1,0,100.644,0,0,0,100.644,0
53.7691,2.51569,0,0,5.08882,0.216465,0.36288,3.6288,61.308,0.506391,0,0,2.45335,0.154703,1.79226,0.66528,12.849,1,0.624315,0.36288,0,94.8724,2.85188,91.7591,0.84672,12.849,0.84672,3695.15,0,0.0036966,1.52666e-05,2.9806,1.77393,11.9623,0.801842,15.9149,0.42336,0.0018483,0.21168,0.0018483,0.21168,460.486,0,1.02816,0,0,4.00876,2.9806,1.028160,1,0,109.466,0,0,0,109.466,0
58.5451,2.62974,0,0,8.05421,0.285578,0.36288,3.6288,61.308,0.565125,0,0,3.14995,0.147124,2.4377,0.66528,12.849,1,0.628418,0.36288,0,122.278,3.15031,118.862,0.84672,12.849,0.84672,3695.15,0,0.0036966,1.70373e-05,3.89251,1.77406,15.2817,0.714766,20.2334,0.42336,0.0018483,0.21168,0.0018483,0.21168,460.486,0,1.02816,0,0,4.92067,3.89251,1.028160,1,0,141.533,0,0,0,141.533,0
62.6414,2.73299,0,0,7.49166,0.299448,0.36288,3.6288,61.308,0.491187,0,0,3.69009,0.147124,3.05178,0.66528,12.849,1,0.599816,0.36288,0,138.751,3.15031,135.363,0.84672,12.849,0.84672,3695.15,0,0.0036966,1.48082e-05,3.99369,1.84158,22.2566,0.714766,27.3771,0.42336,0.0018483,0.21168,0.0018483,0.21168,460.486,0,1.02816,0,0,5.02185,3.99369,1.028160,1,0,165.792,0,0,0,165.792,0
64.5987,2.76595,0,0,5.39396,0.307821,0.36288,3.6288,61.308,0.49141,0,0,2.73103,0.139224,2.10039,0.66528,12.849,1,0.567352,0.36288,0,145.709,2.93448,142.57,0.84672,12.849,0.84672,3695.15,0,0.0036966,1.48149e-05,4.49206,1.79844,14.4057,0.684572,20.0116,0.42336,0.0018483,0.21168,0.0018483,0.21168,460.486,0,1.02816,0,0,5.52022,4.49206,1.028160,1,0,164.682,0,0,0,164.682,0
65.8091,2.7807,0,0,4.62457,0.270592,0.36288,3.6288,61.308,0.491633,0,0,2.08195,0.121425,1.46889,0.66528,12.849,1,0.553095,0.36288,0,105.748,2.0217,103.536,0.84672,12.849,0.84672,3695.15,0,0.0036966,1.48216e-05,3.19515,1.79871,11.8193,0.610339,16.2028,0.42336,0.0018483,0.21168,0.0018483,0.21168,460.486,0,1.02816,0,0,4.22331,3.19515,1.028160,1,0,121.208,0,0,0,121.208,0
67.0198,2.75117,0,0,4.54281,0.218099,0.36288,3.6288,61.308,0.46903,0,0,1.53084,0.201179,0.860626,0.66528,12.849,1,0.537157,0.36288,0,95.1912,4.13406,90.8829,0.84672,12.849,0.84672,3695.15,0,0.0036966,1.41402e-05,2.88232,1.79897,11.4058,0.965725,15.1213,0.42336,0.0018483,0.21168,0.0018483,0.21168,460.486,0,1.02816,0,0,3.91048,2.88232,1.028160,1,0,106.865,0,0,0,106.865,0
68.1696,2.75972,0,0,4.48916,0.21678,0.36288,3.6288,61.308,0.46925,0,0,1.51444,0.207893,0.837294,0.66528,12.849,1,0.529092,0.36288,0,89.4076,4.40118,84.8402,0.84672,12.849,0.84672,3695.15,0,0.0036966,1.41468e-05,2.44982,1.77299,10.1597,1.00119,13.3813,0.42336,0.0018483,0.21168,0.0018483,0.21168,460.486,0,1.02816,0,0,3.47798,2.44982,1.028160,1,0,99.0588,0,0,0,99.0588,0
69.022,2.76764,0,0,4.2017,0.21875,0.36288,3.6288,61.308,0.469469,0,0,1.45525,0.207893,0.777891,0.66528,12.849,1,0.52166,0.36288,0,80.1688,4.40118,75.6089,0.84672,12.849,0.84672,3695.15,0,0.0036966,1.41535e-05,2.13487,1.77325,9.4697,1.00119,12.3766,0.42336,0.0018483,0.21168,0.0018483,0.21168,460.486,0,1.02816,0,0,3.16303,2.13487,1.028160,1,0,88.7634,0,0,0,88.7634,0
69.5051,2.77347,0,0,3.82984,0.210348,0.36288,3.6288,61.308,0.469689,0,0,1.13435,0.206696,0.45797,0.66528,12.849,1,0.516305,0.36288,0,70.1888,4.37676,65.6586,0.84672,12.849,0.84672,3695.15,0,0.0036966,1.41601e-05,1.73061,1.77351,8.21197,0.981305,10.7348,0.42336,0.0018483,0.21168,0.0018483,0.21168,460.486,0,1.02816,0,0,2.75877,1.73061,1.028160,1,0,76.8513,0,0,0,76.8513,0
69.7623,2.90864,0,0,3.68107,0.152395,0.36288,3.6288,61.308,0.5509,0,0,1.21235,0.198781,0.462666,0.66528,12.849,1,0.537703,0.36288,0,65.9923,4.16287,61.6546,0.84672,12.849,0.84672,3695.15,0,0.0036966,1.66084e-05,1.83162,1.77377,8.27038,0.884505,10.9912,0.42336,0.0018483,0.21168,0.0018483,0.21168,460.486,0,1.02816,0,0,2.85978,1.83162,1.028160,1,0,73.1085,0,0,0,73.1085,0
69.9075,2.91074,0,0,3.57242,0.153571,0.36288,3.6288,61.308,0.551132,0,0,1.24759,0.197802,0.498657,0.66528,12.849,1,0.536108,0.36288,0,62.0743,4.07305,57.8281,0.84672,12.849,0.84672,3695.15,0,0.0036966,1.66154e-05,1.81984,1.86585,8.39514,0.914548,11.1663,0.42336,0.0018483,0.21168,0.0018483,0.21168,460.486,0,1.02816,0,0,2.848,1.81984,1.028160,1,0,69.493,0,0,0,69.493,0
69.5749,2.91211,0,0,3.09607,0.153743,0.36288,3.6288,61.308,0.551363,0,0,1.14524,0.197802,0.396076,0.66528,12.849,1,0.535245,0.36288,0,58.2517,4.07305,54.0063,0.84672,12.849,0.84672,3695.15,0,0.0036966,1.66224e-05,1.8602,1.86613,8.49718,0.914548,11.3089,0.42336,0.0018483,0.21168,0.0018483,0.21168,460.486,0,1.02816,0,0,2.88836,1.8602,1.028160,1,0,65.7113,0,0,0,65.7113,0
68.9554,2.91037,0,0,2.80709,0.153348,0.36288,3.6288,61.308,0.551595,0,0,0.996106,0.197802,0.246709,0.66528,12.849,1,0.537484,0.36288,0,53.6407,4.07305,49.393,0.84672,12.849,0.84672,3695.15,0,0.0036966,1.66294e-05,1.54855,1.8664,8.03468,0.914548,10.5351,0.42336,0.0018483,0.21168,0.0018483,0.21168,460.486,0,1.02816,0,0,2.57671,1.54855,1.028160,1,0,60.1748,0,0,0,60.1748,0
68.1703,2.90673,0,0,2.60815,0.123629,0.36288,3.6288,61.308,0.551826,0,0,0.910794,0.224507,0.134461,0.66528,12.849,1,0.541634,0.36288,0,48.72,4.63021,43.911,0.84672,12.849,0.84672,3695.15,0,0.0036966,1.66363e-05,1.35248,1.86667,7.31604,1.06086,9.47432,0.42336,0.0018483,0.21168,0.0018483,0.21168,460.486,0,1.02816,0,0,2.38064,1.35248,1.028160,1,0,53.5198,0,0,0,53.5198,0
67.1552,2.87591,0,0,2.3348,0.111099,0.36288,3.6288,61.2334,0.596605,0,0,0.733899,0.211872,0,0.66528,12.849,1,0.542064,0.36288,0,34.6588,4.54965,29.9299,0.84672,12.849,0.84672,3695.15,0,0.0036966,1.79863e-05,0.95472,1.86695,4.41422,1.00448,6.23139,0.42336,0.0018483,0.21168,0.0018483,0.21168,460.486,0,1.02816,0,0,1.98288,0.95472,1.028160,1,0,36.1613,0,0,0,36.1613,0
65.9323,2.86946,0,0,2.11962,0.110216,0.36288,3.6288,61.1181,0.596843,0,0,0.693317,0.211772,0,0.66528,12.849,1,0.549022,0.36288,0,33.6287,4.54965,28.8929,0.84672,12.849,0.84672,3695.15,0,0.0036966,1.80154e-05,0.760199,1.89585,4.14931,1.00448,5.80086,0.42336,0.0018483,0.21168,0.0018483,0.21168,460.486,0,1.02816,0,0,1.78836,0.760199,1.028160,1,0,34.6938,0,0,0,34.6938,0
64.5488,2.86135,0,0,1.94084,0.100092,0.36288,3.6288,60.9474,0.597081,0,0,0.659871,0.23353,0,0.66528,12.849,1,0.557626,0.36288,0,29.6563,4.83195,24.6296,0.84672,12.849,0.84672,3695.15,0,0.0036966,1.80566e-05,0.68682,1.89613,4.0296,1.10753,5.50501,0.42336,0.0018483,0.21168,0.0018483,0.21168,460.486,0,1.02816,0,0,1.71498,0.68682,1.028160,1,0,30.1346,0,0,0,30.1346,0
63.0898,2.8518,0,0,1.83231,0.0765875,0.36288,3.6288,60.6779,0.597319,0,0,0.615791,0.287998,0,0.66528,12.849,1,0.567676,0.36288,0,26.377,5.5377,20.6345,0.84672,12.849,0.84672,3695.15,0,0.0036966,1.81144e-05,0.656839,1.89641,3.84372,1.36514,5.03181,0.42336,0.0018483,0.21168,0.0018483,0.21168,460.486,0,1.02816,0,0,1.685,0.656839,1.028160,1,0,25.6663,0,0,0,25.6663,0
61.2493,2.90762,0,0,1.5023,0.0723471,0.36288,3.6288,60.0829,0.792901,0,0,0.49048,0.292524,0,0.66528,12.849,1,0.592172,0.36288,0,21.0999,5.79585,15.0748,0.84672,12.849,0.84672,3695.15,0,0.0036966,2.41524e-05,0.261274,1.89668,3.00857,1.40733,3.75917,0.42336,0.0018483,0.21168,0.0018483,0.21168,460.486,0,0.872536,0,0,1.13381,0.261274,1.028160,1,0,18.8339,0,0,0,18.8339,0
59.408,2.89333,0,0,1.48495,0.0699451,0.36288,3.6288,59.4055,0.847255,0,0,0.463289,0.293419,0,0.66528,12.849,1,0.60697,0.36288,0,26.7031,5.89911,20.5599,0.84672,12.849,0.84672,3695.15,0,0.0036966,2.60637e-05,0.261274,1.94261,3.04997,1.42421,3.82963,0.42336,0.0018483,0.21168,0.0018483,0.21168,460.486,0,0.818424,0,0,1.0797,0.261274,1.028160,1,0,24.3896,0,0,0,24.3896,0
57.483,2.87829,0,0,1.38492,0.0688042,0.36288,3.6288,58.6962,0.82755,0,0,0.410349,0.292153,0,0.66528,12.849,1,0.622527,0.36288,0,21.1247,5.89911,14.966,0.84672,12.849,0.84672,3695.15,0,0.0036966,2.57478e-05,0.227405,1.9429,2.78392,1.42421,3.52999,0.42336,0.0018483,0.21168,0.0018483,0.21168,460.486,0,0.838374,0,0,1.06578,0.227405,1.028160,1,0,18.4959,0,0,0,18.4959,0
55.4507,2.86167,0,0,1.25973,0.0675303,0.36288,3.6288,57.7962,0.994583,0,0,0.385443,0.290827,0,0.66528,12.849,1,0.639659,0.36288,0,19.4249,5.89911,13.249,0.84672,12.849,0.84672,3695.15,0,0.0036966,3.13187e-05,0.227405,1.94318,2.54788,1.42421,3.29423,0.42336,0.0018483,0.21168,0.0018483,0.21168,460.486,0,0.671579,0,0,0.898983,0.227405,1.028160,1,0,16.5432,0,0,0,16.5432,0
53.3938,2.8909,0,0,1.24876,0.0518296,0.36288,3.6288,57.1832,0.757961,0,0,0.437761,0.292788,0,0.66528,12.849,1,0.669878,0.36288,0,18.4551,6.00354,12.1446,0.84672,12.849,0.84672,3695.15,0,0.0036966,0.0018483,0.227405,1.94347,3.25965,1.46075,3.96792,0.42336,0.0018483,0.21168,0.0018483,0.21168,460.486,0,0.935479,0,0,1.16288,0.227405,1.028160,1,0,16.1125,0,0,0,16.1125,0
50.9408,2.87052,0,0,0.825111,0.0447431,0.36288,3.6288,56.2181,1.01701,0,0,0.334962,0.283043,0,0.66528,12.849,1,0.690779,0.36288,0,13.2196,5.74119,7.15054,0.84672,12.849,0.84672,3695.15,0,0.0036966,0.0018483,0.227405,2.00017,2.15477,1.44754,2.93295,0.42336,0.0018483,0.21168,0.0018483,0.21168,460.486,0,0.676426,0,0,0.90383,0.227405,1.028160,1,0,10.0835,0,0,0,10.0835,0
48.8293,2.84437,0,0,1.13943,0.0436227,0.36288,3.6288,55.4357,0.872139,0,0,0.37096,0.28127,0,0.66528,12.849,1,0.717447,0.36288,0,14.1801,5.74119,8.0843,0.84672,12.849,0.84672,3695.15,0,0.0036966,0.0018483,0.204422,2.00046,2.40208,1.44754,3.15757,0.42336,0.0018483,0.21168,0.0018483,0.21168,460.486,0,0.821301,0,0,1.02572,0.204422,1.028160,1,0,11.2419,0,0,0,11.2419,0
47.2397,2.82022,0,0,1.65891,0.0653858,0.36288,3.6288,54.9128,0.743887,0,0,0.493787,0.272735,0,0.66528,12.849,1,0.742116,0.36288,0,23.6621,5.60127,17.6816,0.84672,12.849,0.84672,3695.15,0,0.0036966,0.0018483,0.204422,2.00075,2.67127,1.42518,3.44942,0.42336,0.0018483,0.21168,0.0018483,0.21168,460.486,0,0.949553,0,0,1.15398,0.204422,1.028160,1,0,21.131,0,0,0,21.131,0
45.3727,2.801,0,0,1.35343,0.0565619,0.36288,3.6288,54.2398,0.848569,0,0,0.44094,0.265391,0,0.66528,12.849,1,0.761858,0.36288,0,27.1468,5.80072,20.9471,0.84672,12.849,0.84672,3695.15,0,0.0036966,0.0018483,0.204422,2.00105,2.02153,1.41845,2.8067,0.42336,0.0018483,0.21168,0.0018483,0.21168,460.486,0,0.844871,0,0,1.04929,0.204422,1.028160,1,0,23.7538,0,0,0,23.7538,0
43.5363,2.69224,0,0,1.2736,0.0548699,0.36288,3.6288,53.8478,0.615177,0,0,0.527953,0.304759,0,0.66528,12.849,1,0.762409,0.36288,0,16.411,5.41569,10.5958,0.84672,12.849,0.84672,3695.15,0,0.0036966,2.0963e-05,0.764173,2.00134,1.69159,1.46646,2.99063,0.42336,0.0018483,0.21168,0.0018483,0.21168,460.486,0,1.02816,0,0,1.79233,0.764173,1.028160,1,0,13.5864,0,0,0,13.5864,0
41.5679,2.6678,0,0,1.11594,0.0537379,0.36288,3.6288,53.2548,0.615418,0,0,0.326328,0.303968,0,0.66528,12.849,1,0.787354,0.36288,0,16.6625,5.41569,10.8223,0.84672,12.849,0.84672,3695.15,0,0.0036966,2.11239e-05,0.268834,1.91708,1.33357,1.46646,2.053,0.42336,0.0018483,0.21168,0.0018483,0.21168,460.486,0,1.02816,0,0,1.29699,0.268834,1.028160,1,0,12.8753,0,0,0,12.8753,0
39.4206,2.6397,0,0,0.907796,0.0525246,0.36288,3.6288,52.3732,0.847625,0,0,0.268594,0.302543,0,0.66528,12.849,1,0.815955,0.36288,0,15.301,5.41569,9.43224,0.84672,12.849,0.84672,3695.15,0,0.0036966,2.94183e-05,0.216518,1.91736,1.20495,1.46646,1.87235,0.42336,0.0018483,0.21168,0.0018483,0.21168,460.486,0,0.796185,0,0,1.0127,0.216518,1.028160,1,0,11.3046,0,0,0,11.3046,0
37.8398,2.60943,0,0,1.49984,0.108312,0.36288,3.6288,51.9207,0.615898,0,0,0.406736,0.243305,0,0.66528,12.849,1,0.84672,0.36288,0,21.7838,4.58517,16.7148,0.84672,12.849,0.84672,3695.15,0,0.0036966,2.17356e-05,0.259062,1.91764,1.59627,1.20686,2.56609,0.42336,0.0018483,0.21168,0.0018483,0.21168,460.486,0,1.02816,0,0,1.28722,0.259062,1.028160,1,0,19.2809,0,0,0,19.2809,0
36.3865,2.68607,0,0,1.75198,0.156321,0.36288,3.6288,51.7007,0.617546,0,0,0.623373,0.225898,0,0.66528,12.849,1,0.84672,0.36288,0,49.5643,4.51494,44.5655,0.84672,12.849,0.84672,3695.15,0,0.0036966,2.19837e-05,0.597292,1.91792,3.46872,1.15768,4.82623,0.42336,0.0018483,0.21168,0.0018483,0.21168,460.486,0,1.02816,0,0,1.62545,0.597292,1.028160,1,0,49.3918,0,0,0,49.3918,0
34.1471,2.68658,0,0,0.969529,0.159507,0.36288,3.6288,51.3043,0.617787,0,0,0.466473,0.245078,0,0.66528,12.849,1,0.84672,0.36288,0,26.8409,4.92943,21.4277,0.84672,12.849,0.84672,3695.15,0,0.0036966,2.20859e-05,0.361411,1.93356,2.21627,1.26681,3.24441,0.42336,0.0018483,0.21168,0.0018483,0.21168,460.486,0,1.02816,0,0,1.38957,0.361411,1.028160,1,0,24.6721,0,0,0,24.6721,0
32.4539,2.68709,0,0,1.51203,0.155245,0.36288,3.6288,51.1336,0.618028,0,0,0.691654,0.244293,0,0.66528,12.849,1,0.84672,0.36288,0,45.7448,4.92943,40.3316,0.84672,12.849,0.84672,3695.15,0,0.0036966,2.22652e-05,0.940032,1.93384,4.67863,1.26681,6.28567,0.42336,0.0018483,0.21168,0.0018483,0.21168,460.486,0,1.02816,0,0,1.96819,0.940032,1.028160,1,0,46.6172,0,0,0,46.6172,0
31.9334,2.6876,0,0,2.71477,0.184755,0.36288,3.6288,51.4297,0.618269,0,0,1.14476,0.230404,0,0.66528,12.849,1,0.84672,0.36288,0,62.2202,4.50049,57.2358,0.84672,12.849,0.84672,3695.15,0,0.0036966,2.23483e-05,1.28728,1.93412,6.69632,1.20451,8.71319,0.42336,0.0018483,0.21168,0.0018483,0.21168,460.486,0,1.02816,0,0,2.31544,1.28728,1.028160,1,0,65.949,0,0,0,65.949,0
31.9654,2.4219,0,0,3.00237,0.185567,0.36288,3.6288,51.7435,0.453111,0,0,1.0027,0.235742,0,0.66528,12.849,1,0.84672,0.36288,0,58.1013,4.35718,53.2603,0.84672,12.849,0.84672,3695.15,0,0.0036966,1.62841e-05,1.69493,1.93441,5.35931,1.13795,7.85068,0.42336,0.0018483,0.21168,0.0018483,0.21168,460.486,0,1.02816,0,0,2.72309,1.69493,1.028160,1,0,61.111,0,0,0,61.111,0
31.3457,2.36932,0,0,2.28961,0.177128,0.36288,3.6288,51.0036,0.693613,0,0,0.207715,0.254005,0,0.66528,12.849,1,0.84672,0.36288,0,55.7635,4.17763,51.102,0.84672,12.849,0.84672,3695.15,0,0.0036966,2.47761e-05,0.292723,1.75701,4.97563,0.997498,6.02784,0.42336,0.0018483,0.21168,0.0018483,0.21168,460.486,0,0.840931,0,0,1.13365,0.292723,1.028160,1,0,57.1299,0,0,0,57.1299,0
30.3168,2.37001,0,0,1.87971,0.175746,0.36288,3.6288,50.6224,0.557002,0,0,0.428216,0.252487,0,0.66528,12.849,1,0.84672,0.36288,0,69.161,4.17763,64.4995,0.84672,12.849,0.84672,3695.15,0,0.0036966,2.0185e-05,0.412474,1.78832,3.71992,0.997498,4.92319,0.42336,0.0018483,0.21168,0.0018483,0.21168,460.486,0,0.977547,0,0,1.39002,0.412474,1.028160,1,0,69.4227,0,0,0,69.4227,0
29.7797,2.3707,0,0,2.36988,0.173388,0.36288,3.6288,51.2043,0.50639,0,0,1.34,0.251704,0,0.66528,12.849,1,0.84672,0.36288,0,87.5386,4.17763,82.8771,0.84672,12.849,0.84672,3695.15,0,0.0036966,1.84891e-05,2.32274,1.78845,6.60981,0.997498,9.72348,0.42336,0.0018483,0.21168,0.0018483,0.21168,460.486,0,1.02816,0,0,3.3509,2.32274,1.028160,1,0,92.6006,0,0,0,92.6006,0
28.3441,2.3714,0,0,1.50935,0.21066,0.36288,3.6288,50.8652,0.506391,0,0,0.415122,0.247842,0,0.66528,12.849,1,0.84672,0.36288,0,36.7653,5.05543,31.226,0.84672,12.849,0.84672,3695.15,0,0.0036966,1.8279e-05,0.570802,1.78858,2.93983,1.36652,3.93267,0.42336,0.0018483,0.21168,0.0018483,0.21168,460.486,0,1.02816,0,0,1.59896,0.570802,1.028160,1,0,35.1587,0,0,0,35.1587,0
27.7921,2.47453,0,0,2.45724,0.171868,0.36288,3.6288,50.9285,0.554311,0,0,0.857621,0.239934,0,0.66528,12.849,1,0.84672,0.36288,0,59.1693,5.2447,53.4408,0.84672,12.849,0.84672,3695.15,0,0.0036966,2.01421e-05,0.635843,1.78871,4.43173,1.47875,5.37751,0.42336,0.0018483,0.21168,0.0018483,0.21168,460.486,0,1.02816,0,0,1.664,0.635843,1.028160,1,0,58.8183,0,0,0,58.8183,0
29.3137,2.52313,0,0,4.5725,0.164824,0.36288,3.6288,51.2782,0.506382,0,0,1.09486,0.238853,0,0.66528,12.849,1,0.84672,0.36288,0,50.0233,5.27625,44.2632,0.84672,12.849,0.84672,3695.15,0,0.0036966,1.83776e-05,0.933146,1.84507,5.21895,1.49746,6.49969,0.42336,0.0018483,0.21168,0.0018483,0.21168,460.486,0,1.02816,0,0,1.96131,0.933146,1.028160,1,0,50.7629,0,0,0,50.7629,0
29.5532,2.52381,0,0,3.29448,0.168286,0.36288,3.6288,51.5634,0.506383,0,0,1.03112,0.239532,0,0.66528,12.849,1,0.84672,0.36288,0,52.7504,5.27625,46.9903,0.84672,12.849,0.84672,3695.15,0,0.0036966,1.82523e-05,0.828853,1.81714,4.45796,1.49746,5.60648,0.42336,0.0018483,0.21168,0.0018483,0.21168,460.486,0,1.02816,0,0,1.85701,0.828853,1.028160,1,0,52.5968,0,0,0,52.5968,0
28.8479,2.52448,0,0,2.38652,0.204533,0.36288,3.6288,51.9707,0.506383,0,0,1.1306,0.216871,0,0.66528,12.849,1,0.84672,0.36288,0,38.0246,3.90906,33.6317,0.84672,12.849,0.84672,3695.15,0,0.0036966,1.81514e-05,1.0759,1.81727,4.4257,1.07621,6.24264,0.42336,0.0018483,0.21168,0.0018483,0.21168,460.486,0,1.02816,0,0,2.10406,1.0759,1.028160,1,0,39.8743,0,0,0,39.8743,0
27.7694,2.85435,0,0,2.34861,0.209853,0.36288,3.6288,52.1449,0.66528,0,0,1.03855,0.199068,0,0.66528,12.849,1,0.84672,0.36288,0,36.5577,3.83334,32.2405,0.84672,12.849,0.84672,3695.15,0,0.0036966,0.0018483,0.863482,1.81739,4.62439,1.0447,6.25872,0.42336,0.0018483,0.21168,0.0018483,0.21168,460.486,0,1.02816,0,0,1.89164,0.863482,1.028160,1,0,38.4992,0,0,0,38.4992,0
26.445,2.85828,0,0,2.10383,0.207089,0.36288,3.6288,52.2839,0.66528,0,0,0.970955,0.166738,0,0.66528,12.849,1,0.84672,0.36288,0,34.396,4.1493,29.7629,0.84672,12.849,0.84672,3695.15,0,0.0036966,0.0018483,0.511082,2.01831,5.02596,1.1215,6.432,0.42336,0.0018483,0.21168,0.0018483,0.21168,460.486,0,1.02816,0,0,1.53924,0.511082,1.028160,1,0,36.1949,0,0,0,36.1949,0
25.2967,2.85878,0,0,2.2761,0.202719,0.36288,3.6288,52.5486,0.66528,0,0,1.09166,0.161691,0,0.66528,12.849,1,0.84672,0.36288,0,38.1837,4.19454,33.5053,0.84672,12.849,0.84672,3695.15,0,0.0036966,0.0018483,1.14681,2.01657,6.52303,1.13158,8.55298,0.42336,0.0018483,0.21168,0.0018483,0.21168,460.486,0,1.02816,0,0,2.17497,1.14681,1.028160,1,0,42.0583,0,0,0,42.0583,0
24.6173,2.85928,0,0,2.74219,0.199445,0.36288,3.6288,52.8518,0.66528,0,0,1.13061,0.162036,0,0.66528,12.849,1,0.84672,0.36288,0,47.1542,4.19454,42.4758,0.84672,12.849,0.84672,3695.15,0,0.0036966,0.0018483,0.990766,2.01685,6.12856,1.13158,8.00274,0.42336,0.0018483,0.21168,0.0018483,0.21168,460.486,0,1.02816,0,0,2.01893,0.990766,1.028160,1,0,50.4785,0,0,0,50.4785,0
26.6395,2.38996,0,0,4.98128,0.206229,0.36288,3.6288,54.2491,0.442185,0,0,1.9811,0.141705,0,0.66528,12.849,1,0.84672,0.36288,0,77.0754,3.99186,72.5997,0.84672,12.849,0.84672,3695.15,0,0.0036966,1.54638e-05,1.70622,2.01712,9.51163,1.03202,12.2029,0.42336,0.0018483,0.21168,0.0018483,0.21168,460.486,0,1.02816,0,0,2.73438,1.70622,1.028160,1,0,84.8026,0,0,0,84.8026,0
30.1401,2.32643,0,0,6.41416,0.224218,0.36288,3.6288,56.0251,0.506375,0,0,2.39771,0.115286,0,0.66528,12.849,1,0.84672,0.36288,0,96.3956,3.72162,92.1902,0.84672,12.849,0.84672,3695.15,0,0.0036966,1.72525e-05,1.9663,1.74259,15.3185,0.899278,18.1281,0.42336,0.0018483,0.21168,0.0018483,0.21168,460.486,0,1.02816,0,0,2.99446,1.9663,1.028160,1,0,110.318,0,0,0,110.318,0
34.1343,2.32709,0,0,6.91933,0.235228,0.36288,3.6288,58.2533,0.506376,0,0,2.8512,0.11664,0,0.66528,12.849,1,0.84672,0.36288,0,109.185,3.72162,104.979,0.84672,12.849,0.84672,3695.15,0,0.0036966,1.67056e-05,2.08786,1.78027,12.4566,0.899278,15.4255,0.42336,0.0018483,0.21168,0.0018483,0.21168,460.486,0,1.02816,0,0,3.11602,2.08786,1.028160,1,0,120.405,0,0,0,120.405,0
41.9781,2.32775,0,0,10.78,0.245584,0.36288,3.6288,61.308,0.506377,0,0,4.42679,0.0958742,0.769833,0.66528,12.849,1,0.84672,0.36288,0,201.864,3.363,198.017,0.84672,12.849,0.84672,3695.15,0,0.0036966,1.60667e-05,4.95277,1.78039,26.2618,0.837858,32.1571,0.42336,0.0018483,0.21168,0.0018483,0.21168,460.486,0,1.02816,0,0,5.98093,4.95277,1.028160,1,0,230.944,0,0,0,230.944,0
48.5834,2.43102,0,0,9.66712,0.267961,0.36288,3.6288,61.308,0.506377,0,0,3.27569,0.0805808,2.68873,0.66528,12.849,1,0.744107,0.36288,0,202.073,3.09404,198.598,0.84672,12.849,0.84672,3695.15,0,0.0036966,1.52662e-05,3.89966,1.78051,17.262,0.791793,22.1504,0.42336,0.0018483,0.21168,0.0018483,0.21168,460.486,0,1.02816,0,0,4.92782,3.89966,1.028160,1,0,223.437,0,0,0,223.437,0
50.46,2.60514,0,0,5.06897,0.224341,0.36288,3.6288,61.308,0.565553,0,0,2.45423,0.142148,1.74653,0.66528,12.849,1,0.68899,0.36288,0,81.1106,3.1164,77.6681,0.84672,12.849,0.84672,3695.15,0,0.0036966,1.70502e-05,1.94546,1.78063,10.0832,0.831461,12.9778,0.42336,0.0018483,0.21168,0.0018483,0.21168,460.486,0,1.02816,0,0,2.97362,1.94546,1.028160,1,0,92.3925,0,0,0,92.3925,0
51.454,2.67326,0,0,4.25906,0.228883,0.36288,3.6288,61.308,0.506385,0,0,2.37861,0.142148,1.73008,0.66528,12.849,1,0.680711,0.36288,0,96.3809,3.1164,92.9467,0.84672,12.849,0.84672,3695.15,0,0.0036966,1.52664e-05,2.24368,1.84865,10.016,0.831461,13.2769,0.42336,0.0018483,0.21168,0.0018483,0.21168,460.486,0,1.02816,0,0,3.27184,2.24368,1.028160,1,0,107.954,0,0,0,107.954,0
52.9114,2.68431,0,0,4.73589,0.231277,0.36288,3.6288,61.308,0.506385,0,0,2.84081,0.142148,2.19227,0.66528,12.849,1,0.670322,0.36288,0,109.061,3.1164,105.637,0.84672,12.849,0.84672,3695.15,0,0.0036966,1.52664e-05,2.00801,1.81415,10.705,0.831461,13.6957,0.42336,0.0018483,0.21168,0.0018483,0.21168,460.486,0,1.02816,0,0,3.03617,2.00801,1.028160,1,0,121.525,0,0,0,121.525,0
53.5597,2.69971,0,0,3.94568,0.234787,0.36288,3.6288,61.308,0.506385,0,0,2.44032,0.142148,1.79178,0.66528,12.849,1,0.655596,0.36288,0,81.4856,3.1164,78.0764,0.84672,12.849,0.84672,3695.15,0,0.0036966,1.52664e-05,2.01164,1.81428,8.03287,0.831461,11.0273,0.42336,0.0018483,0.21168,0.0018483,0.21168,460.486,0,1.02816,0,0,3.0398,2.01164,1.028160,1,0,90.8955,0,0,0,90.8955,0
54.3333,2.67188,0,0,3.98043,0.172128,0.36288,3.6288,61.308,0.480205,0,0,1.68291,0.187641,1.01506,0.66528,12.849,1,0.640984,0.36288,0,91.0544,3.22672,87.5495,0.84672,12.849,0.84672,3695.15,0,0.0036966,1.44771e-05,1.57467,1.8144,9.50478,0.959542,11.9343,0.42336,0.0018483,0.21168,0.0018483,0.21168,460.486,0,1.02816,0,0,2.60283,1.57467,1.028160,1,0,100.499,0,0,0,100.499,0
54.5367,2.67962,0,0,3.40254,0.156649,0.36288,3.6288,61.308,0.48041,0,0,1.15687,0.207004,0.469456,0.66528,12.849,1,0.63369,0.36288,0,66.2567,3.20166,62.7842,0.84672,12.849,0.84672,3695.15,0,0.0036966,1.44833e-05,0.912928,1.78622,5.7464,1.00627,7.43926,0.42336,0.0018483,0.21168,0.0018483,0.21168,460.486,0,1.02816,0,0,1.94109,0.912928,1.028160,1,0,70.6929,0,0,0,70.6929,0
54.2983,2.66105,0,0,2.94248,0.156971,0.36288,3.6288,61.308,0.506382,0,0,1.10322,0.207004,0.38983,0.66528,12.849,1,0.62695,0.36288,0,58.6921,3.20166,55.2264,0.84672,12.849,0.84672,3695.15,0,0.0036966,1.52663e-05,0.720775,1.78646,5.02751,1.00627,6.52846,0.42336,0.0018483,0.21168,0.0018483,0.21168,460.486,0,1.02816,0,0,1.74893,0.720775,1.028160,1,0,62.1447,0,0,0,62.1447,0
53.7444,2.65935,0,0,2.62494,0.156593,0.36288,3.6288,61.308,0.506382,0,0,0.979586,0.207004,0.2662,0.66528,12.849,1,0.629302,0.36288,0,50.4097,3.20166,46.9417,0.84672,12.849,0.84672,3695.15,0,0.0036966,1.52663e-05,0.49648,1.80179,4.36586,1.00627,5.65784,0.42336,0.0018483,0.21168,0.0018483,0.21168,460.486,0,1.02816,0,0,1.52464,0.49648,1.028160,1,0,52.8657,0,0,0,52.8657,0
52.9143,2.80201,0,0,2.46913,0.134288,0.36288,3.6288,61.308,0.56262,0,0,0.891778,0.202021,0.127136,0.66528,12.849,1,0.669894,0.36288,0,47.0823,3.26001,43.5153,0.84672,12.849,0.84672,3695.15,0,0.0036966,1.69617e-05,0.57551,1.80191,4.33642,0.956203,5.75762,0.42336,0.0018483,0.21168,0.0018483,0.21168,460.486,0,1.02816,0,0,1.60367,0.57551,1.028160,1,0,49.4,0,0,0,49.4,0
52.3333,2.79393,0,0,2.68136,0.105595,0.36288,3.6288,61.308,0.562837,0,0,1.07781,0.229386,0.285591,0.66528,12.849,1,0.678441,0.36288,0,46.6226,4.23161,42.0754,0.84672,12.849,0.84672,3695.15,0,0.0036966,1.69683e-05,0.86705,1.8797,4.96308,1.04045,6.66936,0.42336,0.0018483,0.21168,0.0018483,0.21168,460.486,0,1.02816,0,0,1.89521,0.86705,1.028160,1,0,49.0303,0,0,0,49.0303,0
51.5148,2.78827,0,0,2.43764,0.104965,0.36288,3.6288,61.308,0.563054,0,0,1.03534,0.229386,0.2429,0.66528,12.849,1,0.684582,0.36288,0,44.6482,4.23161,40.0949,0.84672,12.849,0.84672,3695.15,0,0.0036966,1.69748e-05,0.453522,1.87996,4.79441,1.04045,6.08742,0.42336,0.0018483,0.21168,0.0018483,0.21168,460.486,0,1.02816,0,0,1.48168,0.453522,1.028160,1,0,46.4253,0,0,0,46.4253,0
50.4267,2.77994,0,0,2.15878,0.104079,0.36288,3.6288,61.308,0.58316,0,0,0.928636,0.229386,0.11609,0.66528,12.849,1,0.693382,0.36288,0,38.5017,4.23161,33.9396,0.84672,12.849,0.84672,3695.15,0,0.0036966,1.7581e-05,0.30119,1.88022,4.51361,1.04045,5.65455,0.42336,0.0018483,0.21168,0.0018483,0.21168,460.486,0,1.00827,0,0,1.30946,0.30119,1.028160,1,0,39.7103,0,0,0,39.7103,0
49.1849,2.76839,0,0,1.97315,0.0836828,0.36288,3.6288,61.308,0.563488,0,0,0.931012,0.245562,0.121962,0.66528,12.849,1,0.705401,0.36288,0,34.6921,4.49143,29.8581,0.84672,12.849,0.84672,3695.15,0,0.0036966,1.69879e-05,0.429633,1.88047,4.3925,1.10475,5.59783,0.42336,0.0018483,0.21168,0.0018483,0.21168,460.486,0,1.02816,0,0,1.45779,0.429633,1.028160,1,0,35.5779,0,0,0,35.5779,0
48.3934,2.72997,0,0,2.37096,0.0696265,0.36288,3.6288,61.1474,0.60858,0,0,0.720611,0.272647,0,0.66528,12.849,1,0.713175,0.36288,0,34.9845,5.02005,29.6141,0.84672,12.849,0.84672,3695.15,0,0.0036966,1.83473e-05,0.570802,1.88073,3.15215,1.18671,4.41695,0.42336,0.0018483,0.21168,0.0018483,0.21168,460.486,0,1.02816,0,0,1.59896,0.570802,1.028160,1,0,34.0311,0,0,0,34.0311,0
47.4708,2.72113,0,0,2.23045,0.0690328,0.36288,3.6288,60.946,0.608803,0,0,0.679752,0.27237,0,0.66528,12.849,1,0.72249,0.36288,0,34.7253,5.02005,29.3456,0.84672,12.849,0.84672,3695.15,0,0.0036966,1.84023e-05,0.464806,1.90982,3.2945,1.18671,4.4824,0.42336,0.0018483,0.21168,0.0018483,0.21168,460.486,0,1.02816,0,0,1.49297,0.464806,1.028160,1,0,33.828,0,0,0,33.828,0
46.3601,2.71044,0,0,2.03099,0.0683408,0.36288,3.6288,60.7378,0.609026,0,0,0.6729,0.272023,0,0.66528,12.849,1,0.73364,0.36288,0,34.4568,5.02005,29.0659,0.84672,12.849,0.84672,3695.15,0,0.0036966,1.84699e-05,0.466932,1.91008,3.17078,1.18671,4.36107,0.42336,0.0018483,0.21168,0.0018483,0.21168,460.486,0,1.02816,0,0,1.49509,0.466932,1.028160,1,0,33.427,0,0,0,33.427,0
45.0702,2.69705,0,0,1.83757,0.0675077,0.36288,3.6288,60.4814,0.609249,0,0,0.624466,0.271664,0,0.66528,12.849,1,0.747504,0.36288,0,30.9425,5.02005,25.5378,0.84672,12.849,0.84672,3695.15,0,0.0036966,1.85399e-05,0.281483,1.91035,3.04107,1.18671,4.04617,0.42336,0.0018483,0.21168,0.0018483,0.21168,460.486,0,1.02816,0,0,1.30964,0.281483,1.028160,1,0,29.584,0,0,0,29.584,0
43.5217,2.74333,0,0,1.61076,0.0531238,0.36288,3.6288,59.9192,0.763628,0,0,0.520606,0.319131,0,0.66528,12.849,1,0.78209,0.36288,0,25.0413,5.65515,18.967,0.84672,12.849,0.84672,3695.15,0,0.0036966,2.33363e-05,0.261274,1.91061,2.72824,1.42808,3.47202,0.42336,0.0018483,0.21168,0.0018483,0.21168,460.486,0,0.914017,0,0,1.17529,0.261274,1.028160,1,0,22.439,0,0,0,22.439,0
42.1352,2.72221,0,0,1.7536,0.055023,0.36288,3.6288,59.5798,0.649716,0,0,0.626074,0.31574,0,0.66528,12.849,1,0.803684,0.36288,0,29.4545,5.63745,23.3762,0.84672,12.849,0.84672,3695.15,0,0.0036966,2.00415e-05,0.314055,1.95685,3.09462,1.42877,3.93674,0.42336,0.0018483,0.21168,0.0018483,0.21168,460.486,0,1.02816,0,0,1.34222,0.314055,1.028160,1,0,27.3129,0,0,0,27.3129,0
40.612,2.70231,0,0,1.59618,0.0541478,0.36288,3.6288,59.1312,0.649945,0,0,0.516384,0.315057,0,0.66528,12.849,1,0.824062,0.36288,0,23.724,5.63745,17.6253,0.84672,12.849,0.84672,3695.15,0,0.0036966,2.01627e-05,0.343034,1.95712,2.87561,1.42877,3.74697,0.42336,0.0018483,0.21168,0.0018483,0.21168,460.486,0,1.02816,0,0,1.37119,0.343034,1.028160,1,0,21.3723,0,0,0,21.3723,0
38.9675,2.68013,0,0,1.45171,0.0531863,0.36288,3.6288,58.5497,0.74826,0,0,0.480901,0.314153,0,0.66528,12.849,1,0.84672,0.36288,0,22.116,5.63745,15.9947,0.84672,12.849,0.84672,3695.15,0,0.0036966,2.33888e-05,0.227405,1.95738,2.56272,1.42877,3.31871,0.42336,0.0018483,0.21168,0.0018483,0.21168,460.486,0,0.93007,0,0,1.15747,0.227405,1.028160,1,0,19.3134,0,0,0,19.3134,0
37.341,2.73998,0,0,1.523,0.0466583,0.36288,3.6288,58.1247,0.66528,0,0,0.557782,0.317472,0,0.66528,12.849,1,0.84672,0.36288,0,22.0579,5.82135,15.7527,0.84672,12.849,0.84672,3695.15,0,0.0036966,0.0018483,0.394286,1.95765,3.36347,1.46741,4.24614,0.42336,0.0018483,0.21168,0.0018483,0.21168,460.486,0,1.02816,0,0,1.42245,0.394286,1.028160,1,0,19.9989,0,0,0,19.9989,0
35.3241,2.74046,0,0,1.14842,0.0620316,0.36288,3.6288,57.437,0.847204,0,0,0.467426,0.307938,0,0.66528,12.849,1,0.84672,0.36288,0,18.8326,5.8779,12.4709,0.84672,12.849,0.84672,3695.15,0,0.0036966,0.0018483,0.227405,2.01474,2.1484,1.49009,2.8986,0.42336,0.0018483,0.21168,0.0018483,0.21168,460.486,0,0.846236,0,0,1.07364,0.227405,1.028160,1,0,15.3695,0,0,0,15.3695,0
33.1893,2.74094,0,0,1.02965,0.0605557,0.36288,3.6288,56.6373,0.916903,0,0,0.423714,0.306572,0,0.66528,12.849,1,0.84672,0.36288,0,16.8121,5.8779,10.4504,0.84672,12.849,0.84672,3695.15,0,0.0036966,0.0018483,0.227405,2.01502,2.09502,1.49009,2.8455,0.42336,0.0018483,0.21168,0.0018483,0.21168,460.486,0,0.776537,0,0,1.00394,0.227405,1.028160,1,0,13.2959,0,0,0,13.2959,0
31.2584,2.74142,0,0,1.23237,0.0589937,0.36288,3.6288,55.9799,0.807572,0,0,0.455183,0.304983,0,0.66528,12.849,1,0.84672,0.36288,0,17.3996,5.8779,11.0378,0.84672,12.849,0.84672,3695.15,0,0.0036966,0.0018483,0.204422,2.01529,2.29797,1.49009,3.02575,0.42336,0.0018483,0.21168,0.0018483,0.21168,460.486,0,0.885868,0,0,1.09029,0.204422,1.028160,1,0,14.0636,0,0,0,14.0636,0
30.1865,2.7419,0,0,2.10724,0.0743526,0.36288,3.6288,55.6008,0.66528,0,0,0.584642,0.298494,0,0.66528,12.849,1,0.84672,0.36288,0,28.9159,5.72947,22.7026,0.84672,12.849,0.84672,3695.15,0,0.0036966,0.0018483,0.241834,2.01557,2.54368,1.47189,3.32734,0.42336,0.0018483,0.21168,0.0018483,0.21168,460.486,0,1.02816,0,0,1.26999,0.241834,1.028160,1,0,26.0299,0,0,0,26.0299,0
28.5572,2.63288,0,0,1.46311,0.0966847,0.36288,3.6288,55.0057,0.901536,0,0,0.56971,0.263181,0,0.66528,12.849,1,0.84672,0.36288,0,28.9422,5.88424,22.5741,0.84672,12.849,0.84672,3695.15,0,0.0036966,2.99692e-05,0.204422,2.01584,1.79864,1.39933,2.61955,0.42336,0.0018483,0.21168,0.0018483,0.21168,460.486,0,0.753684,0,0,0.958107,0.204422,1.028160,1,0,25.1937,0,0,0,25.1937,0
27.9062,2.63334,0,0,2.44434,0.0991378,0.36288,3.6288,55.024,0.627295,0,0,0.903389,0.257804,0,0.66528,12.849,1,0.84672,0.36288,0,31.8134,5.87538,25.4542,0.84672,12.849,0.84672,3695.15,0,0.0036966,2.10783e-05,0.706838,1.93095,2.62805,1.38905,3.87678,0.42336,0.0018483,0.21168,0.0018483,0.21168,460.486,0,1.02816,0,0,1.735,0.706838,1.028160,1,0,29.331,0,0,0,29.331,0
25.9097,2.63381,0,0,1.0985,0.0982561,0.36288,3.6288,54.3679,0.92699,0,0,0.528662,0.257835,0,0.66528,12.849,1,0.84672,0.36288,0,27.32,5.87538,20.9608,0.84672,12.849,0.84672,3695.15,0,0.0036966,3.11383e-05,0.216518,1.93122,1.42068,1.38905,2.17934,0.42336,0.0018483,0.21168,0.0018483,0.21168,460.486,0,0.72868,0,0,0.945199,0.216518,1.028160,1,0,23.1401,0,0,0,23.1401,0
24.0601,2.63427,0,0,1.24311,0.0955524,0.36288,3.6288,53.7482,0.98269,0,0,0.619695,0.256721,0,0.66528,12.849,1,0.84672,0.36288,0,21.9312,5.87538,15.572,0.84672,12.849,0.84672,3695.15,0,0.0036966,3.34077e-05,0.216518,1.93148,1.58201,1.38905,2.34093,0.42336,0.0018483,0.21168,0.0018483,0.21168,460.486,0,0.673203,0,0,0.889721,0.216518,1.028160,1,0,17.9129,0,0,0,17.9129,0
23.7055,2.71141,0,0,2.88414,0.164444,0.36288,3.6288,53.7083,0.629388,0,0,0.819782,0.230278,0,0.66528,12.849,1,0.84672,0.36288,0,28.6657,4.58486,23.597,0.84672,12.849,0.84672,3695.15,0,0.0036966,2.16435e-05,0.856207,1.93174,2.93277,1.13957,4.58112,0.42336,0.0018483,0.21168,0.0018483,0.21168,460.486,0,1.02816,0,0,1.88437,0.856207,1.028160,1,0,28.1781,0,0,0,28.1781,0
22.9945,2.71189,0,0,2.51524,0.151437,0.36288,3.6288,53.9469,0.629614,0,0,1.05147,0.183253,0,0.66528,12.849,1,0.84672,0.36288,0,34.4425,3.94495,30.0137,0.84672,12.849,0.84672,3695.15,0,0.0036966,2.16673e-05,0.633229,1.94747,3.40252,1.03926,4.94394,0.42336,0.0018483,0.21168,0.0018483,0.21168,460.486,0,1.02816,0,0,1.66139,0.633229,1.028160,1,0,34.9576,0,0,0,34.9576,0
21.6492,2.71237,0,0,1.87987,0.149924,0.36288,3.6288,54.2394,0.62984,0,0,1.10595,0.183572,0,0.66528,12.849,1,0.84672,0.36288,0,24.1894,3.94495,19.7606,0.84672,12.849,0.84672,3695.15,0,0.0036966,2.15792e-05,0.799338,1.94774,2.65366,1.03926,4.36146,0.42336,0.0018483,0.21168,0.0018483,0.21168,460.486,0,1.02816,0,0,1.8275,0.799338,1.028160,1,0,24.1221,0,0,0,24.1221,0
20.8404,2.71284,0,0,2.43876,0.171846,0.36288,3.6288,54.2444,0.630066,0,0,0.832117,0.197109,0,0.66528,12.849,1,0.84672,0.36288,0,32.3164,4.17691,27.6556,0.84672,12.849,0.84672,3695.15,0,0.0036966,2.14706e-05,0.315355,1.948,4.57076,1.09341,5.74068,0.42336,0.0018483,0.21168,0.0018483,0.21168,460.486,0,1.02816,0,0,1.34351,0.315355,1.028160,1,0,33.3963,0,0,0,33.3963,0
22.9958,2.44521,0,0,5.15029,0.186834,0.36288,3.6288,54.7903,0.463709,0,0,1.21364,0.203994,0,0.66528,12.849,1,0.84672,0.36288,0,93.5359,4.32352,88.7286,0.84672,12.849,0.84672,3695.15,0,0.0036966,1.58002e-05,1.45263,1.94827,3.9265,1.11005,6.21733,0.42336,0.0018483,0.21168,0.0018483,0.21168,460.486,0,1.02816,0,0,2.48079,1.45263,1.028160,1,0,94.9459,0,0,0,94.9459,0
21.558,2.40322,0,0,1.5121,0.183835,0.36288,3.6288,54.2418,0.684028,0,0,0.322167,0.186622,0,0.66528,12.849,1,0.84672,0.36288,0,28.7836,4.15936,24.1404,0.84672,12.849,0.84672,3695.15,0,0.0036966,2.3075e-05,0.292723,1.76958,2.22842,0.966198,3.3245,0.42336,0.0018483,0.21168,0.0018483,0.21168,460.486,0,0.850504,0,0,1.14323,0.292723,1.028160,1,0,27.4649,0,0,0,27.4649,0
20.4868,2.40385,0,0,1.87589,0.18031,0.36288,3.6288,54.0591,0.506378,0,0,0.509644,0.185947,0,0.66528,12.849,1,0.84672,0.36288,0,37.1247,4.15936,32.4815,0.84672,12.849,0.84672,3695.15,0,0.0036966,1.72549e-05,1.3896,1.79467,3.74007,0.966198,5.95813,0.42336,0.0018483,0.21168,0.0018483,0.21168,460.486,0,1.02816,0,0,2.41776,1.3896,1.028160,1,0,38.4396,0,0,0,38.4396,0
20.8152,2.40449,0,0,3.27348,0.177685,0.36288,3.6288,53.8307,0.506378,0,0,0.463642,0.185722,0,0.66528,12.849,1,0.84672,0.36288,0,69.0451,4.15936,64.4019,0.84672,12.849,0.84672,3695.15,0,0.0036966,1.73132e-05,0.932282,1.79479,5.4985,0.966198,7.25936,0.42336,0.0018483,0.21168,0.0018483,0.21168,460.486,0,1.02816,0,0,1.96044,0.932282,1.028160,1,0,71.6612,0,0,0,71.6612,0
29.2846,2.40515,0,0,11.4112,0.173817,0.36288,3.6288,57.2986,0.506378,0,0,4.15387,0.179534,0,0.66528,12.849,1,0.84672,0.36288,0,227.748,3.94499,223.319,0.84672,12.849,0.84672,3695.15,0,0.0036966,1.73867e-05,1.51519,1.79492,11.0957,0.939416,13.4664,0.42336,0.0018483,0.21168,0.0018483,0.21168,460.486,0,1.02816,0,0,2.54335,1.51519,1.028160,1,0,236.785,0,0,0,236.785,0
34.9107,2.50904,0,0,8.66751,0.169446,0.36288,3.6288,58.4465,0.55464,0,0,1.87986,0.177307,0,0.66528,12.849,1,0.84672,0.36288,0,114.485,3.32114,110.68,0.84672,12.849,0.84672,3695.15,0,0.0036966,1.78912e-05,1.91202,1.79504,11.4208,0.831609,14.2962,0.42336,0.0018483,0.21168,0.0018483,0.21168,460.486,0,1.02816,0,0,2.94018,1.91202,1.028160,1,0,124.976,0,0,0,124.976,0
36.1543,2.55115,0,0,4.33402,0.176446,0.36288,3.6288,58.7058,0.513182,0,0,0.954634,0.182154,0,0.66528,12.849,1,0.84672,0.36288,0,101.135,3.28597,97.3648,0.84672,12.849,0.84672,3695.15,0,0.0036966,1.62288e-05,1.41938,1.85178,7.81436,0.815268,10.2702,0.42336,0.0018483,0.21168,0.0018483,0.21168,460.486,0,1.02816,0,0,2.44754,1.41938,1.028160,1,0,107.635,0,0,0,107.635,0
36.6093,2.55158,0,0,3.54856,0.17911,0.36288,3.6288,58.8228,0.513377,0,0,0.812851,0.182458,0,0.66528,12.849,1,0.84672,0.36288,0,80.1438,3.28597,76.374,0.84672,12.849,0.84672,3695.15,0,0.0036966,1.61632e-05,1.08194,1.82764,6.06039,0.815268,8.15469,0.42336,0.0018483,0.21168,0.0018483,0.21168,460.486,0,1.02816,0,0,2.1101,1.08194,1.028160,1,0,84.5287,0,0,0,84.5287,0
36.9899,2.55202,0,0,3.51512,0.219548,0.36288,3.6288,59.0641,0.513573,0,0,0.939505,0.184725,0,0.66528,12.849,1,0.84672,0.36288,0,69.6341,3.48355,65.6667,0.84672,12.849,0.84672,3695.15,0,0.0036966,1.61372e-05,1.0231,1.82787,6.05182,0.900214,8.00256,0.42336,0.0018483,0.21168,0.0018483,0.21168,460.486,0,1.02816,0,0,2.05126,1.0231,1.028160,1,0,73.6692,0,0,0,73.6692,0
38.0083,2.7093,0,0,4.32269,0.232107,0.36288,3.6288,59.1927,0.614372,0,0,0.925949,0.182932,0,0.66528,12.849,1,0.84672,0.36288,0,83.5462,3.45086,79.6115,0.84672,12.849,0.84672,3695.15,0,0.0036966,1.92256e-05,1.4071,1.8281,6.81855,0.839523,9.21421,0.42336,0.0018483,0.21168,0.0018483,0.21168,460.486,0,1.02816,0,0,2.43526,1.4071,1.028160,1,0,88.8257,0,0,0,88.8257,0
38.6216,2.70975,0,0,3.92107,0.235185,0.36288,3.6288,59.262,0.61458,0,0,0.878809,0.194961,0,0.66528,12.849,1,0.84672,0.36288,0,62.6985,3.90296,58.3117,0.84672,12.849,0.84672,3695.15,0,0.0036966,1.91903e-05,1.39158,1.93546,5.39294,1.14653,7.57343,0.42336,0.0018483,0.21168,0.0018483,0.21168,460.486,0,1.02816,0,0,2.41974,1.39158,1.028160,1,0,65.8851,0,0,0,65.8851,0
38.431,2.7102,0,0,3.11939,0.236873,0.36288,3.6288,59.29,0.638072,0,0,0.861175,0.195048,0,0.66528,12.849,1,0.84672,0.36288,0,47.9188,3.90296,43.532,0.84672,12.849,0.84672,3695.15,0,0.0036966,1.99006e-05,0.503194,1.9357,4.0854,1.14653,5.37775,0.42336,0.0018483,0.21168,0.0018483,0.21168,460.486,0,1.00488,0,0,1.50807,0.503194,1.028160,1,0,48.9098,0,0,0,48.9098,0
39.865,2.71065,0,0,4.7439,0.236349,0.36288,3.6288,59.466,0.614995,0,0,0.986014,0.195083,0,0.66528,12.849,1,0.84672,0.36288,0,83.9044,3.90296,79.5176,0.84672,12.849,0.84672,3695.15,0,0.0036966,1.91718e-05,0.632025,1.93595,9.61818,1.14653,11.0396,0.42336,0.0018483,0.21168,0.0018483,0.21168,460.486,0,1.02816,0,0,1.66018,0.632025,1.028160,1,0,90.5572,0,0,0,90.5572,0
41.8593,2.46498,0,0,5.06364,0.241571,0.36288,3.6288,60.578,0.452512,0,0,1.73597,0.17145,0,0.66528,12.849,1,0.794495,0.36288,0,136.393,3.77099,132.19,0.84672,12.849,0.84672,3695.15,0,0.0036966,1.40648e-05,1.40062,1.93619,9.45493,1.04986,11.7419,0.42336,0.0018483,0.21168,0.0018483,0.21168,460.486,0,1.02816,0,0,2.42878,1.40062,1.028160,1,0,143.932,0,0,0,143.932,0
44.0844,2.4532,0,0,5.29218,0.250941,0.36288,3.6288,61.308,0.506364,0,0,2.31629,0.167215,0.912683,0.66528,12.849,1,0.753028,0.36288,0,101.567,3.90191,97.2746,0.84672,12.849,0.84672,3695.15,0,0.0036966,1.54497e-05,1.59964,1.75483,14.8038,1.03059,17.1276,0.42336,0.0018483,0.21168,0.0018483,0.21168,460.486,0,1.02816,0,0,2.6278,1.59964,1.028160,1,0,115.315,0,0,0,115.315,0
45.3336,2.4831,0,0,4.35262,0.257472,0.36288,3.6288,61.308,0.506364,0,0,2.24626,0.167991,1.57191,0.66528,12.849,1,0.723733,0.36288,0,88.7535,3.90191,84.4908,0.84672,12.849,0.84672,3695.15,0,0.0036966,1.52657e-05,1.26032,1.78645,11.9429,1.03059,13.9591,0.42336,0.0018483,0.21168,0.0018483,0.21168,460.486,0,1.02816,0,0,2.28848,1.26032,1.028160,1,0,100.022,0,0,0,100.022,0
48.9176,2.49911,0,0,6.70717,0.261138,0.36288,3.6288,61.308,0.506364,0,0,3.21411,0.167991,2.53976,0.66528,12.849,1,0.708328,0.36288,0,161.782,3.90191,157.535,0.84672,12.849,0.84672,3695.15,0,0.0036966,1.52657e-05,2.67214,1.78657,16.7077,1.03059,20.1358,0.42336,0.0018483,0.21168,0.0018483,0.21168,460.486,0,1.02816,0,0,3.7003,2.67214,1.028160,1,0,180.21,0,0,0,180.21,0
53.0467,2.54069,0,0,7.30045,0.267784,0.36288,3.6288,61.308,0.506364,0,0,3.20395,0.127901,2.56968,0.66528,12.849,1,0.667353,0.36288,0,181.461,3.27432,177.882,0.84672,12.849,0.84672,3695.15,0,0.0036966,1.52657e-05,2.76421,1.78668,19.3972,0.923106,23.025,0.42336,0.0018483,0.21168,0.0018483,0.21168,460.486,0,1.02816,0,0,3.79237,2.76421,1.028160,1,0,203.477,0,0,0,203.477,0
56.9635,2.67893,0,0,7.18729,0.228675,0.36288,3.6288,61.308,0.565952,0,0,3.67146,0.191213,2.9143,0.66528,12.849,1,0.648891,0.36288,0,158.953,4.76175,153.905,0.84672,12.849,0.84672,3695.15,0,0.0036966,1.70622e-05,2.99938,1.78679,13.1179,1.2032,16.7008,0.42336,0.0018483,0.21168,0.0018483,0.21168,460.486,0,1.02816,0,0,4.02754,2.99938,1.028160,1,0,173.52,0,0,0,173.52,0
58.8089,2.75886,0,0,5.19612,0.229018,0.36288,3.6288,61.308,0.513231,0,0,2.48971,0.201765,1.77471,0.66528,12.849,1,0.622304,0.36288,0,121.555,5.00965,116.286,0.84672,12.849,0.84672,3695.15,0,0.0036966,1.54728e-05,2.24434,1.85527,11.6434,1.24988,14.4931,0.42336,0.0018483,0.21168,0.0018483,0.21168,460.486,0,1.02816,0,0,3.2725,2.24434,1.028160,1,0,132.554,0,0,0,132.554,0
59.9667,2.77524,0,0,4.52915,0.233181,0.36288,3.6288,61.308,0.513426,0,0,2.20239,0.201765,1.4872,0.66528,12.849,1,0.606355,0.36288,0,106.513,5.00965,101.26,0.84672,12.849,0.84672,3695.15,0,0.0036966,1.54787e-05,1.42547,1.82454,12.5196,1.24988,14.5197,0.42336,0.0018483,0.21168,0.0018483,0.21168,460.486,0,1.02816,0,0,2.45363,1.42547,1.028160,1,0,117.267,0,0,0,117.267,0
60.4835,2.78523,0,0,3.88615,0.22125,0.36288,3.6288,61.308,0.513621,0,0,1.86437,0.221231,1.12952,0.66528,12.849,1,0.596789,0.36288,0,100.767,5.52731,95.0062,0.84672,12.849,0.84672,3695.15,0,0.0036966,1.54845e-05,1.59611,1.82477,12.4565,1.28759,14.5898,0.42336,0.0018483,0.21168,0.0018483,0.21168,460.486,0,1.02816,0,0,2.62427,1.59611,1.028160,1,0,110.726,0,0,0,110.726,0
61.2017,2.75134,0,0,4.0173,0.184896,0.36288,3.6288,61.308,0.490661,0,0,1.78282,0.227909,1.06425,0.66528,12.849,1,0.58449,0.36288,0,88.2533,4.98208,83.0496,0.84672,12.849,0.84672,3695.15,0,0.0036966,1.47923e-05,1.52059,1.825,10.2966,1.20866,12.4335,0.42336,0.0018483,0.21168,0.0018483,0.21168,460.486,0,1.02816,0,0,2.54875,1.52059,1.028160,1,0,96.5474,0,0,0,96.5474,0
61.3472,2.75736,0,0,3.42789,0.162193,0.36288,3.6288,61.308,0.490853,0,0,1.51845,0.227078,0.800524,0.66528,12.849,1,0.578895,0.36288,0,77.1198,4.41788,72.4859,0.84672,12.849,0.84672,3695.15,0,0.0036966,1.47981e-05,1.45238,1.7986,7.87691,1.13816,9.98972,0.42336,0.0018483,0.21168,0.0018483,0.21168,460.486,0,1.02816,0,0,2.48054,1.45238,1.028160,1,0,83.2761,0,0,0,83.2761,0
61.1403,2.75884,0,0,3.07721,0.162388,0.36288,3.6288,61.308,0.491045,0,0,1.60184,0.227078,0.883716,0.66528,12.849,1,0.577833,0.36288,0,71.3102,4.41788,66.6774,0.84672,12.849,0.84672,3695.15,0,0.0036966,1.48039e-05,1.51808,1.79883,7.9113,1.13816,10.09,0.42336,0.0018483,0.21168,0.0018483,0.21168,460.486,0,1.02816,0,0,2.54624,1.51808,1.028160,1,0,77.6512,0,0,0,77.6512,0
61.2037,2.75758,0,0,3.346,0.16211,0.36288,3.6288,61.308,0.491237,0,0,1.38074,0.227078,0.662427,0.66528,12.849,1,0.579522,0.36288,0,73.5748,4.41788,68.9403,0.84672,12.849,0.84672,3695.15,0,0.0036966,1.48097e-05,1.14835,1.79906,9.69451,1.13816,11.5037,0.42336,0.0018483,0.21168,0.0018483,0.21168,460.486,0,1.02816,0,0,2.17651,1.14835,1.028160,1,0,81.1064,0,0,0,81.1064,0
60.7973,2.88927,0,0,2.96991,0.124132,0.36288,3.6288,61.308,0.573584,0,0,1.2828,0.243459,0.465755,0.66528,12.849,1,0.606569,0.36288,0,65.5137,5.81107,59.459,0.84672,12.849,0.84672,3695.15,0,0.0036966,1.72923e-05,1.15987,1.79929,7.85176,1.18213,9.62876,0.42336,0.0018483,0.21168,0.0018483,0.21168,460.486,0,1.02816,0,0,2.18803,1.15987,1.028160,1,0,69.5535,0,0,0,69.5535,0
59.5877,2.88629,0,0,2.1688,0.129276,0.36288,3.6288,61.308,0.573786,0,0,0.873366,0.217126,0.0824529,0.66528,12.849,1,0.609993,0.36288,0,38.0646,4.34542,33.472,0.84672,12.849,0.84672,3695.15,0,0.0036966,1.72984e-05,0.680633,1.89266,5.19909,1.05863,6.71373,0.42336,0.0018483,0.21168,0.0018483,0.21168,460.486,0,1.02816,0,0,1.70879,0.680633,1.028160,1,0,40.2682,0,0,0,40.2682,0
58.363,2.87647,0,0,2.14253,0.127866,0.36288,3.6288,61.308,0.573989,0,0,0.941812,0.217126,0.150697,0.66528,12.849,1,0.620258,0.36288,0,36.93,4.34542,32.3271,0.84672,12.849,0.84672,3695.15,0,0.0036966,1.73045e-05,0.649339,1.8929,5.63337,1.05863,7.11695,0.42336,0.0018483,0.21168,0.0018483,0.21168,460.486,0,1.02816,0,0,1.6775,0.649339,1.028160,1,0,39.5948,0,0,0,39.5948,0
57.015,2.86616,0,0,2.00737,0.126362,0.36288,3.6288,61.308,0.574191,0,0,0.883742,0.217126,0.0924246,0.66528,12.849,1,0.631004,0.36288,0,34.4569,4.34542,29.8434,0.84672,12.849,0.84672,3695.15,0,0.0036966,1.73106e-05,0.595296,1.89314,5.03709,1.05863,6.46688,0.42336,0.0018483,0.21168,0.0018483,0.21168,460.486,0,1.02816,0,0,1.62346,0.595296,1.028160,1,0,36.4027,0,0,0,36.4027,0
55.5738,2.85434,0,0,1.88328,0.10721,0.36288,3.6288,61.308,0.574394,0,0,0.837432,0.233964,0.0290741,0.66528,12.849,1,0.643261,0.36288,0,32.1271,4.73491,27.1119,0.84672,12.849,0.84672,3695.15,0,0.0036966,1.73167e-05,0.496584,1.89338,4.9423,1.11393,6.21832,0.42336,0.0018483,0.21168,0.0018483,0.21168,460.486,0,1.02816,0,0,1.52474,0.496584,1.028160,1,0,33.3592,0,0,0,33.3592,0
54.7714,2.81571,0,0,2.47041,0.0942609,0.36288,3.6288,61.308,0.619779,0,0,0.84354,0.219724,0.00403773,0.66528,12.849,1,0.651009,0.36288,0,44.072,4.52334,39.2606,0.84672,12.849,0.84672,3695.15,0,0.0036966,1.8685e-05,0.737303,1.89362,5.78289,1.04604,7.36775,0.42336,0.0018483,0.21168,0.0018483,0.21168,460.486,0,1.02816,0,0,1.76546,0.737303,1.028160,1,0,46.6324,0,0,0,46.6324,0
53.8578,2.80834,0,0,2.35637,0.0987457,0.36288,3.6288,61.2847,0.619987,0,0,0.807002,0.210335,0,0.66528,12.849,1,0.658817,0.36288,0,45.1779,4.32579,40.5561,0.84672,12.849,0.84672,3695.15,0,0.0036966,1.86912e-05,0.570171,1.92289,5.61012,1.01168,7.09149,0.42336,0.0018483,0.21168,0.0018483,0.21168,460.486,0,1.02816,0,0,1.59833,0.570171,1.028160,1,0,47.6476,0,0,0,47.6476,0
52.7631,2.79967,0,0,2.15762,0.0897156,0.36288,3.6288,61.2003,0.620195,0,0,0.768053,0.232239,0,0.66528,12.849,1,0.667924,0.36288,0,39.8412,4.60809,34.9281,0.84672,12.849,0.84672,3695.15,0,0.0036966,1.87046e-05,0.504576,1.92313,5.44819,1.11473,6.76116,0.42336,0.0018483,0.21168,0.0018483,0.21168,460.486,0,1.02816,0,0,1.53274,0.504576,1.028160,1,0,41.6892,0,0,0,41.6892,0
51.5797,2.78887,0,0,2.03698,0.0686387,0.36288,3.6288,61.0097,0.620403,0,0,0.716757,0.286923,0,0.66528,12.849,1,0.679153,0.36288,0,35.4356,5.31384,29.8055,0.84672,12.849,0.84672,3695.15,0,0.0036966,1.87367e-05,0.477775,1.92338,5.19691,1.37234,6.2257,0.42336,0.0018483,0.21168,0.0018483,0.21168,460.486,0,1.02816,0,0,1.50593,0.477775,1.028160,1,0,36.0312,0,0,0,36.0312,0
49.9698,2.84155,0,0,1.6643,0.0697847,0.36288,3.6288,60.6574,0.6609,0,0,0.604363,0.295785,0,0.66528,12.849,1,0.707858,0.36288,0,30.7123,5.37378,24.9935,0.84672,12.849,0.84672,3695.15,0,0.0036966,2.00221e-05,0.282182,1.92362,4.42772,1.39539,5.23811,0.42336,0.0018483,0.21168,0.0018483,0.21168,460.486,0,1.02816,0,0,1.31034,0.282182,1.028160,1,0,30.2316,0,0,0,30.2316,0
48.3457,2.82377,0,0,1.63374,0.0712126,0.36288,3.6288,60.3453,0.661113,0,0,0.656353,0.307375,0,0.66528,12.849,1,0.72609,0.36288,0,34.5038,5.4537,28.6869,0.84672,12.849,0.84672,3695.15,0,0.0036966,2.01449e-05,0.268643,1.97016,4.25631,1.42613,5.06896,0.42336,0.0018483,0.21168,0.0018483,0.21168,460.486,0,1.02816,0,0,1.2968,0.268643,1.028160,1,0,33.7559,0,0,0,33.7559,0
46.6119,2.80485,0,0,1.50395,0.0699806,0.36288,3.6288,59.9336,0.661326,0,0,0.556436,0.306766,0,0.66528,12.849,1,0.745454,0.36288,0,28.3411,5.4537,22.5048,0.84672,12.849,0.84672,3695.15,0,0.0036966,2.02556e-05,0.347285,1.97041,4.11547,1.42613,5.00701,0.42336,0.0018483,0.21168,0.0018483,0.21168,460.486,0,1.02816,0,0,1.37544,0.347285,1.028160,1,0,27.5118,0,0,0,27.5118,0
44.774,2.78346,0,0,1.37709,0.0686617,0.36288,3.6288,59.4017,0.741336,0,0,0.515378,0.305962,0,0.66528,12.849,1,0.767286,0.36288,0,26.938,5.4537,21.0799,0.84672,12.849,0.84672,3695.15,0,0.0036966,2.28621e-05,0.227405,1.97066,3.61746,1.42613,4.38936,0.42336,0.0018483,0.21168,0.0018483,0.21168,460.486,0,0.948361,0,0,1.17577,0.227405,1.028160,1,0,25.4692,0,0,0,25.4692,0
43.0006,2.80578,0,0,1.45498,0.0596767,0.36288,3.6288,59.018,0.66528,0,0,0.591644,0.310042,0,0.66528,12.849,1,0.805187,0.36288,0,26.42,5.60325,20.3744,0.84672,12.849,0.84672,3695.15,0,0.0036966,0.0018483,0.382769,1.97091,4.78539,1.45601,5.6812,0.42336,0.0018483,0.21168,0.0018483,0.21168,460.486,0,1.02816,0,0,1.41093,0.382769,1.028160,1,0,26.0556,0,0,0,26.0556,0
40.8402,2.78056,0,0,1.09605,0.11308,0.36288,3.6288,57.8777,1.17379,0,0,0.337877,0.304453,0,0.66528,12.849,1,0.830858,0.36288,0,14.1018,5.69655,7.93725,0.84672,12.849,0.84672,3695.15,0,0.0036966,0.0018483,0.227405,2.02837,2.84874,1.43956,3.6631,0.42336,0.0018483,0.21168,0.0018483,0.21168,460.486,0,0.519653,0,0,0.747058,0.227405,1.028160,1,0,11.6003,0,0,0,11.6003,0
38.8302,2.76515,0,0,1.22471,0.106636,0.36288,3.6288,57.0054,0.982696,0,0,0.415193,0.30476,0,0.66528,12.849,1,0.84672,0.36288,0,17.9442,5.77132,11.689,0.84672,12.849,0.84672,3695.15,0,0.0036966,0.0018483,0.227405,2.02862,3.02376,1.4545,3.82344,0.42336,0.0018483,0.21168,0.0018483,0.21168,460.486,0,0.710744,0,0,0.938148,0.227405,1.028160,1,0,15.5124,0,0,0,15.5124,0
36.5652,2.7656,0,0,0.967568,0.104153,0.36288,3.6288,55.7797,1.22575,0,0,0.303077,0.303042,0,0.66528,12.849,1,0.84672,0.36288,0,18.5179,5.77132,12.2628,0.84672,12.849,0.84672,3695.15,0,0.0036966,0.0018483,0.204422,2.02888,2.39594,1.4545,3.1729,0.42336,0.0018483,0.21168,0.0018483,0.21168,460.486,0,0.467692,0,0,0.672114,0.204422,1.028160,1,0,15.4357,0,0,0,15.4357,0
34.5332,2.76605,0,0,1.19835,0.101418,0.36288,3.6288,55.2842,0.699107,0,0,0.504217,0.300628,0,0.66528,12.849,1,0.84672,0.36288,0,16.411,5.77132,10.1558,0.84672,12.849,0.84672,3695.15,0,0.0036966,0.0018483,0.204422,2.02914,3.60038,1.4545,4.37759,0.42336,0.0018483,0.21168,0.0018483,0.21168,460.486,0,0.994333,0,0,1.19876,0.204422,1.028160,1,0,14.5334,0,0,0,14.5334,0
32.4885,2.65625,0,0,1.11508,0.140629,0.36288,3.6288,54.554,0.959352,0,0,0.513501,0.284288,0,0.66528,12.849,1,0.84672,0.36288,0,27.544,5.41095,21.6492,0.84672,12.849,0.84672,3695.15,0,0.0036966,3.20737e-05,0.204422,2.02939,4.54636,1.48295,5.29719,0.42336,0.0018483,0.21168,0.0018483,0.21168,460.486,0,0.706977,0,0,0.911399,0.204422,1.028160,1,0,26.9464,0,0,0,26.9464,0
31.4062,2.65669,0,0,2.09068,0.153371,0.36288,3.6288,54.5458,0.638389,0,0,0.906948,0.276808,0,0.66528,12.849,1,0.84672,0.36288,0,26.0467,5.2668,20.2961,0.84672,12.849,0.84672,3695.15,0,0.0036966,2.16287e-05,0.696168,1.94391,7.73616,1.49433,8.88189,0.42336,0.0018483,0.21168,0.0018483,0.21168,460.486,0,1.02816,0,0,1.72433,0.696168,1.028160,1,0,29.178,0,0,0,29.178,0
29.3811,2.65712,0,0,1.14613,0.151294,0.36288,3.6288,54.1556,0.700089,0,0,0.586662,0.276793,0,0.66528,12.849,1,0.84672,0.36288,0,32.9663,5.2668,27.2156,0.84672,12.849,0.84672,3695.15,0,0.0036966,2.37227e-05,0.216518,1.94416,4.81686,1.49433,5.48318,0.42336,0.0018483,0.21168,0.0018483,0.21168,460.486,0,0.966669,0,0,1.18319,0.216518,1.028160,1,0,32.6988,0,0,0,32.6988,0
27.2767,2.65756,0,0,1.06338,0.147288,0.36288,3.6288,53.501,0.97397,0,0,0.595528,0.276079,0,0.66528,12.849,1,0.84672,0.36288,0,19.581,5.2668,13.8304,0.84672,12.849,0.84672,3695.15,0,0.0036966,3.32411e-05,0.216518,1.94441,3.64008,1.49433,4.30663,0.42336,0.0018483,0.21168,0.0018483,0.21168,460.486,0,0.692988,0,0,0.909507,0.216518,1.028160,1,0,18.137,0,0,0,18.137,0
25.8046,2.73517,0,0,1.81966,0.193726,0.36288,3.6288,53.2648,0.640447,0,0,0.671326,0.267133,0,0.66528,12.849,1,0.84672,0.36288,0,33.1138,4.54657,28.0834,0.84672,12.849,0.84672,3695.15,0,0.0036966,2.21255e-05,0.296793,1.94465,6.63251,1.29944,7.57449,0.42336,0.0018483,0.21168,0.0018483,0.21168,460.486,0,1.02816,0,0,1.32495,0.296793,1.028160,1,0,35.6579,0,0,0,35.6579,0
25.3327,2.73562,0,0,2.8114,0.184736,0.36288,3.6288,53.5492,0.640658,0,0,1.16248,0.237367,0,0.66528,12.849,1,0.84672,0.36288,0,61.1032,4.03735,56.582,0.84672,12.849,0.84672,3695.15,0,0.0036966,2.2231e-05,0.955463,1.96046,9.74628,1.07621,11.586,0.42336,0.0018483,0.21168,0.0018483,0.21168,460.486,0,1.02816,0,0,1.98362,0.955463,1.028160,1,0,68.168,0,0,0,68.168,0
24.4988,2.73606,0,0,2.44847,0.183499,0.36288,3.6288,55.0712,0.640869,0,0,2.40074,0.237906,0,0.66528,12.849,1,0.84672,0.36288,0,66.3723,4.03735,61.8511,0.84672,12.849,0.84672,3695.15,0,0.0036966,2.21202e-05,3.25796,1.96071,12.591,1.07621,16.7334,0.42336,0.0018483,0.21168,0.0018483,0.21168,460.486,0,1.02816,0,0,4.28612,3.25796,1.028160,1,0,78.5845,0,0,0,78.5845,0
24.0515,2.73651,0,0,2.83341,0.181312,0.36288,3.6288,55.5673,0.64108,0,0,1.3776,0.240402,0,0.66528,12.849,1,0.84672,0.36288,0,67.237,4.03735,62.7158,0.84672,12.849,0.84672,3695.15,0,0.0036966,2.15159e-05,0.848094,1.96096,8.4552,1.07621,10.188,0.42336,0.0018483,0.21168,0.0018483,0.21168,460.486,0,1.02816,0,0,1.87625,0.848094,1.028160,1,0,72.9038,0,0,0,72.9038,0
24.431,2.46707,0,0,3.40646,0.196993,0.36288,3.6288,57.2008,0.473604,0,0,2.37931,0.272226,0,0.66528,12.849,1,0.84672,0.36288,0,81.9215,4.72608,76.7115,0.84672,12.849,0.84672,3695.15,0,0.0036966,1.57532e-05,2.81821,1.96121,14.5561,1.27044,18.065,0.42336,0.0018483,0.21168,0.0018483,0.21168,460.486,0,1.02816,0,0,3.84637,2.81821,1.028160,1,0,94.7766,0,0,0,94.7766,0
23.3211,2.43492,0,0,1.85375,0.165863,0.36288,3.6288,57.2799,0.506365,0,0,0.788244,0.2028,0,0.66528,12.849,1,0.84672,0.36288,0,41.7068,3.81336,37.4096,0.84672,12.849,0.84672,3695.15,0,0.0036966,1.63619e-05,0.873331,1.78131,6.33289,1.03069,7.95683,0.42336,0.0018483,0.21168,0.0018483,0.21168,460.486,0,1.02816,0,0,1.90149,0.873331,1.028160,1,0,45.3665,0,0,0,45.3665,0
22.4954,2.43552,0,0,2.15499,0.182258,0.36288,3.6288,57.4017,0.506365,0,0,0.824066,0.195845,0,0.66528,12.849,1,0.84672,0.36288,0,54.8249,3.80457,50.5365,0.84672,12.849,0.84672,3695.15,0,0.0036966,1.63393e-05,0.847731,1.8006,6.18805,1.02067,7.8157,0.42336,0.0018483,0.21168,0.0018483,0.21168,460.486,0,1.02816,0,0,1.87589,0.847731,1.028160,1,0,58.3522,0,0,0,58.3522,0
21.3877,2.43612,0,0,1.87158,0.180249,0.36288,3.6288,57.5031,0.506365,0,0,0.803771,0.195999,0,0.66528,12.849,1,0.84672,0.36288,0,46.0997,3.80457,41.8113,0.84672,12.849,0.84672,3695.15,0,0.0036966,1.63046e-05,0.766066,1.80072,6.04233,1.02067,7.58842,0.42336,0.0018483,0.21168,0.0018483,0.21168,460.486,0,1.02816,0,0,1.79423,0.766066,1.028160,1,0,49.3997,0,0,0,49.3997,0
20.9898,2.43672,0,0,2.57874,0.177029,0.36288,3.6288,57.5546,0.506365,0,0,0.76451,0.206642,0,0.66528,12.849,1,0.84672,0.36288,0,47.264,4.13532,42.6448,0.84672,12.849,0.84672,3695.15,0,0.0036966,1.62759e-05,0.838901,1.80083,5.95714,1.12335,7.4735,0.42336,0.0018483,0.21168,0.0018483,0.21168,460.486,0,1.02816,0,0,1.86706,0.838901,1.028160,1,0,50.1183,0,0,0,50.1183,0
22.6323,2.43691,0,0,4.61062,0.168385,0.36288,3.6288,58.4626,0.506176,0,0,1.63432,0.220235,0,0.66528,12.849,1,0.84672,0.36288,0,79.6897,4.33514,74.8707,0.84672,12.849,0.84672,3695.15,0,0.0036966,1.62552e-05,1.97914,1.80094,10.6601,1.12096,13.3192,0.42336,0.0018483,0.21168,0.0018483,0.21168,460.486,0,1.02816,0,0,3.0073,1.97914,1.028160,1,0,88.1899,0,0,0,88.1899,0
25.2054,2.5412,0,0,5.64445,0.16731,0.36288,3.6288,59.7479,0.554945,0,0,2.05216,0.211895,0,0.66528,12.849,1,0.84672,0.36288,0,105.526,3.86484,101.177,0.84672,12.849,0.84672,3695.15,0,0.0036966,1.75446e-05,2.47077,1.80083,12.0437,0.926638,15.3887,0.42336,0.0018483,0.21168,0.0018483,0.21168,460.486,0,1.02816,0,0,3.49893,2.47077,1.028160,1,0,116.566,0,0,0,116.566,0
30.44,2.57343,0,0,8.34451,0.173545,0.36288,3.6288,61.308,0.523313,0,0,2.58862,0.213649,0.291537,0.66528,12.849,1,0.84672,0.36288,0,144.338,3.86484,139.989,0.84672,12.849,0.84672,3695.15,0,0.0036966,1.61887e-05,3.33044,1.85806,12.2076,0.926638,16.4695,0.42336,0.0018483,0.21168,0.0018483,0.21168,460.486,0,1.02816,0,0,4.3586,3.33044,1.028160,1,0,156.75,0,0,0,156.75,0
32.2065,2.57386,0,0,4.88976,0.18655,0.36288,3.6288,61.308,0.523495,0,0,1.77519,0.215777,1.03592,0.66528,12.849,1,0.84672,0.36288,0,79.2193,3.86484,74.8706,0.84672,12.849,0.84672,3695.15,0,0.0036966,1.57822e-05,1.90568,1.83965,9.22761,0.926638,12.0463,0.42336,0.0018483,0.21168,0.0018483,0.21168,460.486,0,1.02816,0,0,2.93384,1.90568,1.028160,1,0,87.9528,0,0,0,87.9528,0
33.2786,2.57427,0,0,4.2107,0.201461,0.36288,3.6288,61.308,0.523676,0,0,1.72113,0.20786,0.989596,0.66528,12.849,1,0.84672,0.36288,0,73.4489,3.68748,69.2776,0.84672,12.849,0.84672,3695.15,0,0.0036966,1.57877e-05,2.06889,1.83987,9.32126,0.927135,12.3029,0.42336,0.0018483,0.21168,0.0018483,0.21168,460.486,0,1.02816,0,0,3.09705,2.06889,1.028160,1,0,82.57,0,0,0,82.57,0
37.7837,2.73255,0,0,7.83078,0.230226,0.36288,3.6288,61.308,0.62512,0,0,4.18002,0.159207,3.3957,0.66528,12.849,1,0.84672,0.36288,0,109.577,2.77946,106.314,0.84672,12.849,0.84672,3695.15,0,0.0036966,1.8846e-05,5.85455,1.84008,17.8346,0.823691,24.7055,0.42336,0.0018483,0.21168,0.0018483,0.21168,460.486,0,1.02816,0,0,6.88271,5.85455,1.028160,1,0,134.415,0,0,0,134.415,0
41.1527,2.73299,0,0,6.70239,0.237516,0.36288,3.6288,61.308,0.625313,0,0,3.93838,0.175805,3.13726,0.66528,12.849,1,0.84672,0.36288,0,131.767,3.17258,128.11,0.84672,12.849,0.84672,3695.15,0,0.0036966,1.88518e-05,6.3303,1.94812,18.8506,0.946678,26.1823,0.42336,0.0018483,0.21168,0.0018483,0.21168,460.486,0,1.02816,0,0,7.35846,6.3303,1.028160,1,0,157.43,0,0,0,157.43,0
43.3118,2.73341,0,0,5.49446,0.239073,0.36288,3.6288,61.308,0.625506,0,0,3.21874,0.186398,2.40683,0.66528,12.849,1,0.84672,0.36288,0,126.907,3.39176,123.031,0.84672,12.849,0.84672,3695.15,0,0.0036966,1.88576e-05,4.53091,1.94835,15.383,0.988086,20.8742,0.42336,0.0018483,0.21168,0.0018483,0.21168,460.486,0,1.02816,0,0,5.55907,4.53091,1.028160,1,0,146.312,0,0,0,146.312,0
45.9113,2.76136,0,0,5.96977,0.246021,0.36288,3.6288,61.308,0.625699,0,0,2.71362,0.17434,1.91358,0.66528,12.849,1,0.819194,0.36288,0,96.101,3.20343,92.4412,0.84672,12.849,0.84672,3695.15,0,0.0036966,1.88634e-05,4.20054,1.94858,12.8494,0.905888,18.0926,0.42336,0.0018483,0.21168,0.0018483,0.21168,460.486,0,1.02816,0,0,5.2287,4.20054,1.028160,1,0,112.447,0,0,0,112.447,0
50.2264,2.56331,0,0,7.50133,0.260078,0.36288,3.6288,61.308,0.462142,0,0,3.42061,0.153915,2.80455,0.66528,12.849,1,0.717382,0.36288,0,164.278,3.44589,160.477,0.84672,12.849,0.84672,3695.15,0,0.0036966,1.39326e-05,4.71678,1.9488,16.6735,0.964296,22.3747,0.42336,0.0018483,0.21168,0.0018483,0.21168,460.486,0,1.02816,0,0,5.74494,4.71678,1.028160,1,0,185.656,0,0,0,185.656,0
55.1554,2.57763,0,0,8.14208,0.272589,0.36288,3.6288,61.308,0.506351,0,0,3.20484,0.153915,2.54458,0.66528,12.849,1,0.659414,0.36288,0,173.105,3.44589,169.363,0.84672,12.849,0.84672,3695.15,0,0.0036966,1.52653e-05,5.27722,1.76624,20.6416,0.964296,26.7207,0.42336,0.0018483,0.21168,0.0018483,0.21168,460.486,0,1.02816,0,0,6.30538,5.27722,1.028160,1,0,198.628,0,0,0,198.628,0
59.2262,2.62588,0,0,7.28715,0.227595,0.36288,3.6288,61.308,0.506351,0,0,2.74297,0.113668,2.12295,0.66528,12.849,1,0.611726,0.36288,0,165.57,2.92821,162.393,0.84672,12.849,0.84672,3695.15,0,0.0036966,1.52653e-05,4.60572,1.79221,18.3229,0.889082,23.8318,0.42336,0.0018483,0.21168,0.0018483,0.21168,460.486,0,1.02816,0,0,5.63388,4.60572,1.028160,1,0,188.348,0,0,0,188.348,0
62.0696,2.69679,0,0,6.19856,0.295449,0.36288,3.6288,61.308,0.462664,0,0,2.34078,0.124869,1.75325,0.66528,12.849,1,0.585064,0.36288,0,142.265,3.48432,138.559,0.84672,12.849,0.84672,3695.15,0,0.0036966,1.39483e-05,3.38208,1.79232,13.7671,0.963862,17.9776,0.42336,0.0018483,0.21168,0.0018483,0.21168,460.486,0,1.02816,0,0,4.41024,3.38208,1.028160,1,0,158.29,0,0,0,158.29,0
68.8474,2.71932,0,0,10.1534,0.293354,0.36288,3.6288,61.308,0.462838,0,0,6.93989,0.151684,6.32537,0.66528,12.849,1,0.562925,0.36288,0,158.177,3.77045,154.206,0.84672,12.849,0.84672,3695.15,0,0.0036966,1.39535e-05,6.89909,1.76686,27.9071,1.09822,35.4748,0.42336,0.0018483,0.21168,0.0018483,0.21168,460.486,0,1.02816,0,0,7.92725,6.89909,1.028160,1,0,196.007,0,0,0,196.007,0
72.29,2.86743,0,0,7.96332,0.305669,1.34765,3.6288,61.308,0.522984,0,0,3.31916,0.16241,2.63377,0.66528,12.849,1,0.535148,1.34765,0,124.785,3.8849,121.713,0.84672,12.849,0.84672,3695.15,0,0.0036966,1.57668e-05,3.71603,1.76706,13.1589,1.15196,17.49,0.42336,0.0018483,0.21168,0.0018483,0.21168,460.486,0,1.02816,0,0,4.74419,3.71603,1.028160,1,0,141.836,0,0,0,141.836,0
72.29,2.8894,0,0,7.16299,0.313868,3.95972,3.6288,61.308,0.523165,0,0,2.69425,0.16241,2.00867,0.66528,12.849,1,0.51357,3.95972,0,101.879,3.8849,101.44,0.84672,12.849,0.84672,3695.15,0,0.0036966,1.57723e-05,2.93959,1.83608,11.0304,1.15196,14.6541,0.42336,0.0018483,0.21168,0.0018483,0.21168,460.486,0,1.02816,0,0,3.96775,2.93959,1.028160,1,0,118.103,0,0,0,118.103,0
72.29,2.88974,0,0,6.54866,0.25544,3.40348,3.6288,61.308,0.523346,0,0,2.3604,0.200764,1.63629,0.66528,12.849,1,0.51363,3.40348,0,105.991,4.64068,104.24,0.84672,12.849,0.84672,3695.15,0,0.0036966,1.57777e-05,2.28545,1.8363,9.83975,1.29137,12.6701,0.42336,0.0018483,0.21168,0.0018483,0.21168,460.486,0,1.02816,0,0,3.31361,2.28545,1.028160,1,0,118.547,0,0,0,118.547,0
72.29,2.89008,0,0,5.73481,0.254721,2.59001,3.6288,61.308,0.523527,0,0,2.25996,0.213887,1.52255,0.66528,12.849,1,0.513689,2.59001,0,84.329,4.51905,81.8863,0.84672,12.849,0.84672,3695.15,0,0.0036966,1.57832e-05,2.34717,1.83651,10.0221,1.24073,12.9651,0.42336,0.0018483,0.21168,0.0018483,0.21168,460.486,0,1.02816,0,0,3.37533,2.34717,1.028160,1,0,96.3739,0,0,0,96.3739,0
72.29,2.85058,0,0,5.66402,0.253762,2.55968,3.6288,61.308,0.500405,0,0,1.92858,0.231384,1.19679,0.66528,12.849,1,0.506669,2.55968,0,89.5968,4.35687,87.2929,0.84672,12.849,0.84672,3695.15,0,0.0036966,1.50861e-05,2.21814,1.83673,11.1464,1.17321,14.028,0.42336,0.0018483,0.21168,0.0018483,0.21168,460.486,0,1.02816,0,0,3.2463,2.21814,1.028160,1,0,102.518,0,0,0,102.518,0
72.29,2.85091,0,0,4.62282,0.253762,1.51815,3.6288,61.308,0.500583,0,0,1.68062,0.231384,0.948651,0.66528,12.849,1,0.506728,1.51815,0,77.3859,4.35687,74.0404,0.84672,12.849,0.84672,3695.15,0,0.0036966,1.50915e-05,1.82926,1.81014,10.2135,1.17321,12.6797,0.42336,0.0018483,0.21168,0.0018483,0.21168,460.486,0,1.02816,0,0,2.85742,1.82926,1.028160,1,0,87.6688,0,0,0,87.6688,0
72.29,2.85124,0,0,4.40172,0.253762,1.29671,3.6288,61.308,0.500761,0,0,1.46559,0.231384,0.733441,0.66528,12.849,1,0.506787,1.29671,0,69.0846,4.35687,65.5176,0.84672,12.849,0.84672,3695.15,0,0.0036966,1.50968e-05,1.29613,1.81035,10.3641,1.17321,12.2974,0.42336,0.0018483,0.21168,0.0018483,0.21168,460.486,0,1.02816,0,0,2.32429,1.29613,1.028160,1,0,78.5484,0,0,0,78.5484,0
72.29,2.85158,0,0,3.86598,0.218817,0.795584,3.6288,61.308,0.50094,0,0,1.2364,0.248616,0.486846,0.66528,12.849,1,0.506846,0.795584,0,63.9688,4.30129,59.9563,0.84672,12.849,0.84672,3695.15,0,0.0036966,1.51022e-05,1.42443,1.81056,8.82058,1.1425,10.9131,0.42336,0.0018483,0.21168,0.0018483,0.21168,460.486,0,1.02816,0,0,2.45259,1.42443,1.028160,1,0,71.3562,0,0,0,71.3562,0
72.29,2.98719,0,0,4.13315,0.215867,0.93009,3.6288,61.308,0.583797,0,0,1.64096,0.158739,0.898424,0.66528,12.849,1,0.530951,0.93009,0,59.1847,4.2186,55.3652,0.84672,12.849,0.84672,3695.15,0,0.0036966,1.76002e-05,1.73743,1.81078,8.9005,0.932445,11.5162,0.42336,0.0018483,0.21168,0.0018483,0.21168,460.486,0,1.02816,0,0,2.76559,1.73743,1.028160,1,0,67.7799,0,0,0,67.7799,0
72.29,2.98754,0,0,3.75743,0.152523,0.617367,3.6288,61.308,0.583985,0,0,1.39243,0.181268,0.627178,0.66528,12.849,1,0.531013,0.617367,0,56.0377,4.52088,51.6032,0.84672,12.849,0.84672,3695.15,0,0.0036966,1.76059e-05,1.43228,1.90473,7.96271,0.99326,10.3064,0.42336,0.0018483,0.21168,0.0018483,0.21168,460.486,0,1.02816,0,0,2.46044,1.43228,1.028160,1,0,62.5368,0,0,0,62.5368,0
72.2406,2.98789,0,0,3.45388,0.152523,0.36288,3.6288,61.308,0.584173,0,0,1.12253,0.181268,0.357093,0.66528,12.849,1,0.531075,0.36288,0,51.3789,4.52088,46.6898,0.84672,12.849,0.84672,3695.15,0,0.0036966,1.76115e-05,1.07069,1.90495,7.21509,0.99326,9.19746,0.42336,0.0018483,0.21168,0.0018483,0.21168,460.486,0,1.02816,0,0,2.09885,1.07069,1.028160,1,0,56.2444,0,0,0,56.2444,0
72.1074,2.98793,0,0,3.3744,0.156808,0.36288,3.6288,61.308,0.584361,0,0,0.93115,0.207848,0.138941,0.66528,12.849,1,0.531445,0.36288,0,46.631,4.97732,41.4852,0.84672,12.849,0.84672,3695.15,0,0.0036966,1.76172e-05,0.974799,1.90517,6.94414,1.08572,8.73838,0.42336,0.0018483,0.21168,0.0018483,0.21168,460.486,0,1.02816,0,0,2.00296,0.974799,1.028160,1,0,50.3625,0,0,0,50.3625,0
71.7059,2.98745,0,0,3.0785,0.129684,0.36288,3.6288,61.308,0.584549,0,0,1.13873,0.224212,0.329973,0.66528,12.849,1,0.532341,0.36288,0,47.0646,4.87487,42.0203,0.84672,12.849,0.84672,3695.15,0,0.0036966,1.76229e-05,1.44467,1.90539,7.25233,1.06822,9.53416,0.42336,0.0018483,0.21168,0.0018483,0.21168,460.486,0,1.02816,0,0,2.47283,1.44467,1.028160,1,0,51.8844,0,0,0,51.8844,0
71.0519,2.95853,0,0,2.79186,0.124376,0.36288,3.6288,61.308,0.630206,0,0,1.22519,0.202028,0.392953,0.66528,12.849,1,0.53014,0.36288,0,48.1861,4.35046,43.6684,0.84672,12.849,0.84672,3695.15,0,0.0036966,1.89993e-05,1.65744,1.90562,7.16325,0.960384,9.7659,0.42336,0.0018483,0.21168,0.0018483,0.21168,460.486,0,1.02816,0,0,2.6856,1.65744,1.028160,1,0,53.8273,0,0,0,53.8273,0
70.1366,2.95474,0,0,2.52602,0.123757,0.36288,3.6288,61.308,0.630399,0,0,1.13702,0.202028,0.304588,0.66528,12.849,1,0.534334,0.36288,0,43.2716,4.35046,38.7497,0.84672,12.849,0.84672,3695.15,0,0.0036966,1.90051e-05,1.3243,1.93506,6.87018,0.960384,9.16914,0.42336,0.0018483,0.21168,0.0018483,0.21168,460.486,0,1.02816,0,0,2.35246,1.3243,1.028160,1,0,48.2234,0,0,0,48.2234,0
69.1363,2.94919,0,0,2.40657,0.0947941,0.36288,3.6288,61.308,0.630593,0,0,1.07583,0.267842,0.177392,0.66528,12.849,1,0.540291,0.36288,0,39.2008,5.19736,33.826,0.84672,12.849,0.84672,3695.15,0,0.0036966,1.9011e-05,1.33581,1.93528,6.50912,1.26952,8.51068,0.42336,0.0018483,0.21168,0.0018483,0.21168,460.486,0,1.02816,0,0,2.36397,1.33581,1.028160,1,0,42.5141,0,0,0,42.5141,0
68.0056,2.94294,0,0,2.264,0.0889017,0.36288,3.6288,61.308,0.630786,0,0,1.02308,0.283093,0.109201,0.66528,12.849,1,0.546946,0.36288,0,37.2425,5.3353,31.7232,0.84672,12.849,0.84672,3695.15,0,0.0036966,1.90168e-05,1.29828,1.93551,6.27576,1.36956,8.13997,0.42336,0.0018483,0.21168,0.0018483,0.21168,460.486,0,1.02816,0,0,2.32644,1.29828,1.028160,1,0,39.9723,0,0,0,39.9723,0
66.985,3.00415,0,0,2.43329,0.086845,0.36288,3.6288,61.308,0.66528,0,0,1.0305,0.293797,0.0714242,0.66528,12.849,1,0.567604,0.36288,0,37.7456,5.32728,32.2136,0.84672,12.849,0.84672,3695.15,0,0.0036966,0.0018483,1.36502,1.93574,6.05149,1.49085,7.85954,0.42336,0.0018483,0.21168,0.0018483,0.21168,460.486,0,1.02816,0,0,2.39318,1.36502,1.028160,1,0,40.1445,0,0,0,40.1445,0
65.7647,2.99724,0,0,2.22597,0.0861499,0.36288,3.6288,61.308,0.66528,0,0,0.968561,0.293797,0.00948397,0.66528,12.849,1,0.574927,0.36288,0,35.4894,5.32728,29.9501,0.84672,12.849,0.84672,3695.15,0,0.0036966,0.0018483,1.32009,1.98255,6.15951,1.49085,7.96944,0.42336,0.0018483,0.21168,0.0018483,0.21168,460.486,0,1.02816,0,0,2.34825,1.32009,1.028160,1,0,37.929,0,0,0,37.929,0
64.3433,2.98866,0,0,2.01549,0.0853188,0.36288,3.6288,61.2743,0.66528,0,0,0.925404,0.293797,0,0.66528,12.849,1,0.58392,0.36288,0,33.424,5.32728,27.8757,0.84672,12.849,0.84672,3695.15,0,0.0036966,0.0018483,1.08072,1.98278,5.72708,1.49085,7.29787,0.42336,0.0018483,0.21168,0.0018483,0.21168,460.486,0,1.02816,0,0,2.10888,1.08072,1.028160,1,0,35.1736,0,0,0,35.1736,0
62.6942,2.97825,0,0,1.7626,0.0705347,0.36288,3.6288,61.2264,0.66528,0,0,0.918847,0.301503,0,0.66528,12.849,1,0.594741,0.36288,0,31.827,5.55161,26.0435,0.84672,12.849,0.84672,3695.15,0,0.0036966,0.0018483,1.04704,1.98301,5.78829,1.53567,7.28082,0.42336,0.0018483,0.21168,0.0018483,0.21168,460.486,0,1.02816,0,0,2.0752,1.04704,1.028160,1,0,33.3243,0,0,0,33.3243,0
60.8135,3.01553,0,0,1.55688,0.0592457,0.36288,3.6288,61.101,0.66528,0,0,0.805438,0.265531,0,0.66528,12.849,1,0.618025,0.36288,0,29.7843,5.6118,23.9174,0.84672,12.849,0.84672,3695.15,0,0.0036966,0.0018483,1.37373,1.98324,5.25599,1.49397,7.11714,0.42336,0.0018483,0.21168,0.0018483,0.21168,460.486,0,1.02816,0,0,2.40189,1.37373,1.028160,1,0,31.0345,0,0,0,31.0345,0
58.8085,3.0001,0,0,1.41334,0.0553017,0.36288,3.6288,60.8934,0.66528,0,0,0.719133,0.261458,0,0.66528,12.849,1,0.633878,0.36288,0,26.3476,5.63881,20.4378,0.84672,12.849,0.84672,3695.15,0,0.0036966,0.0018483,1.27464,2.04104,5.07476,1.51172,6.87688,0.42336,0.0018483,0.21168,0.0018483,0.21168,460.486,0,1.02816,0,0,2.3028,1.27464,1.028160,1,0,27.3147,0,0,0,27.3147,0
57.1002,2.98271,0,0,1.69159,0.0542819,0.36288,3.6288,60.7396,0.66528,0,0,0.772537,0.261114,0,0.66528,12.849,1,0.651689,0.36288,0,27.2682,5.63881,21.3406,0.84672,12.849,0.84672,3695.15,0,0.0036966,0.0018483,1.47273,2.04128,5.56639,1.51172,7.56683,0.42336,0.0018483,0.21168,0.0018483,0.21168,460.486,0,1.02816,0,0,2.50089,1.47273,1.028160,1,0,28.9074,0,0,0,28.9074,0
56.5869,2.96714,0,0,2.89246,0.0758173,0.36288,3.6288,60.811,0.66528,0,0,0.992252,0.255515,0,0.66528,12.849,1,0.667682,0.36288,0,45.3165,5.49039,39.5213,0.84672,12.849,0.84672,3695.15,0,0.0036966,0.0018483,1.88492,2.04152,6.16154,1.49352,8.59261,0.42336,0.0018483,0.21168,0.0018483,0.21168,460.486,0,1.02816,0,0,2.91308,1.88492,1.028160,1,0,48.1139,0,0,0,48.1139,0
56.3034,2.96255,0,0,3.11797,0.0760185,0.36288,3.6288,60.9387,0.66528,0,0,1.04816,0.255235,0,0.66528,12.849,1,0.672697,0.36288,0,49.8209,5.46513,44.046,0.84672,12.849,0.84672,3695.15,0,0.0036966,0.0018483,1.52964,2.04176,6.9478,1.43656,9.08079,0.42336,0.0018483,0.21168,0.0018483,0.21168,460.486,0,1.02816,0,0,2.5578,1.52964,1.028160,1,0,53.1268,0,0,0,53.1268,0
56.0832,2.86982,0,0,3.09335,0.080868,0.36288,3.6288,61.0562,0.648513,0,0,1.0277,0.261644,0,0.66528,12.849,1,0.654922,0.36288,0,45.4048,5.29022,39.8226,0.84672,12.849,0.84672,3695.15,0,0.0036966,1.96697e-05,1.42611,2.042,7.45917,1.40201,9.52525,0.42336,0.0018483,0.21168,0.0018483,0.21168,460.486,0,1.02816,0,0,2.45427,1.42611,1.028160,1,0,49.3478,0,0,0,49.3478,0
55.3151,2.86806,0,0,2.54358,0.0806914,0.36288,3.6288,61.308,0.648708,0,0,1.43642,0.261838,0.274075,0.66528,12.849,1,0.657091,0.36288,0,44.0775,5.29022,38.4931,0.84672,12.849,0.84672,3695.15,0,0.0036966,1.96378e-05,3.15899,1.95597,8.42201,1.40201,12.1349,0.42336,0.0018483,0.21168,0.0018483,0.21168,460.486,0,1.02816,0,0,4.18715,3.15899,1.028160,1,0,50.9021,0,0,0,50.9021,0
54.1217,2.86099,0,0,2.11056,0.0800757,0.36288,3.6288,61.1694,0.648903,0,0,0.77258,0.262256,0,0.66528,12.849,1,0.664572,0.36288,0,42.2325,5.29022,36.6406,0.84672,12.849,0.84672,3695.15,0,0.0036966,1.9563e-05,1.13954,1.95619,6.27221,1.40201,7.96591,0.42336,0.0018483,0.21168,0.0018483,0.21168,460.486,0,1.02816,0,0,2.1677,1.13954,1.028160,1,0,44.6065,0,0,0,44.6065,0
53.5495,2.84948,0,0,2.76548,0.125361,0.36288,3.6288,61.0868,0.649099,0,0,0.794284,0.227851,0,0.66528,12.849,1,0.676493,0.36288,0,45.7798,4.69743,40.7688,0.84672,12.849,0.84672,3695.15,0,0.0036966,1.96132e-05,1.16571,1.95642,6.71865,1.22451,8.61625,0.42336,0.0018483,0.21168,0.0018483,0.21168,460.486,0,1.02816,0,0,2.19387,1.16571,1.028160,1,0,49.385,0,0,0,49.385,0
54.903,2.90662,0,0,4.78983,0.166774,0.36288,3.6288,61.308,0.65073,0,0,1.50758,0.234751,0.40085,0.66528,12.849,1,0.697432,0.36288,0,83.6372,4.04754,79.2551,0.84672,12.849,0.84672,3695.15,0,0.0036966,1.96891e-05,2.40411,1.95665,8.06682,1.06811,11.3594,0.42336,0.0018483,0.21168,0.0018483,0.21168,460.486,0,1.02816,0,0,3.43227,2.40411,1.028160,1,0,91.0154,0,0,0,91.0154,0
55.1878,2.92089,0,0,3.73759,0.169075,0.36288,3.6288,61.308,0.650926,0,0,1.34727,0.23508,0.461264,0.66528,12.849,1,0.683579,0.36288,0,71.9719,4.04754,67.6037,0.84672,12.849,0.84672,3695.15,0,0.0036966,1.9624e-05,1.2368,1.97254,6.80746,1.06811,8.94866,0.42336,0.0018483,0.21168,0.0018483,0.21168,460.486,0,1.02816,0,0,2.26496,1.2368,1.028160,1,0,77.0136,0,0,0,77.0136,0
56.4206,2.92409,0,0,4.68938,0.169559,0.36288,3.6288,61.308,0.651122,0,0,1.37657,0.23508,0.490367,0.66528,12.849,1,0.680797,0.36288,0,78.6188,4.04754,74.2534,0.84672,12.849,0.84672,3695.15,0,0.0036966,1.96299e-05,1.89622,1.97277,7.5994,1.06811,10.4003,0.42336,0.0018483,0.21168,0.0018483,0.21168,460.486,0,1.02816,0,0,2.92438,1.89622,1.028160,1,0,85.144,0,0,0,85.144,0
56.6533,2.93655,0,0,3.7038,0.171655,0.36288,3.6288,61.2357,0.651317,0,0,0.814052,0.23508,0,0.66528,12.849,1,0.668759,0.36288,0,71.4516,4.04754,67.0982,0.84672,12.849,0.84672,3695.15,0,0.0036966,1.96358e-05,0.906751,1.973,6.35753,1.06811,8.16915,0.42336,0.0018483,0.21168,0.0018483,0.21168,460.486,0,1.02816,0,0,1.93491,0.906751,1.028160,1,0,75.2673,0,0,0,75.2673,0
57.5587,2.71779,0,0,4.22049,0.234482,0.36288,3.6288,61.308,0.482799,0,0,1.07391,0.215956,0.302809,0.66528,12.849,1,0.616395,0.36288,0,87.0653,4.128,82.6838,0.84672,12.849,0.84672,3695.15,0,0.0036966,1.45725e-05,1.64152,1.97323,8.60881,1.07976,11.1438,0.42336,0.0018483,0.21168,0.0018483,0.21168,460.486,0,1.02816,0,0,2.66968,1.64152,1.028160,1,0,94.1304,0,0,0,94.1304,0
59.1973,2.72603,0,0,4.97456,0.247078,0.36288,3.6288,61.308,0.482975,0,0,1.39304,0.212884,0.697177,0.66528,12.849,1,0.60854,0.36288,0,93.2463,4.14141,88.8593,0.84672,12.849,0.84672,3695.15,0,0.0036966,1.45606e-05,2.32916,1.79222,13.2995,1.0817,16.3391,0.42336,0.0018483,0.21168,0.0018483,0.21168,460.486,0,1.02816,0,0,3.35732,2.32916,1.028160,1,0,105.896,0,0,0,105.896,0
62.7354,2.74019,0,0,6.89221,0.251042,0.36288,3.6288,61.308,0.483151,0,0,1.66554,0.212884,0.969506,0.66528,12.849,1,0.594769,0.36288,0,223.741,4.14141,219.368,0.84672,12.849,0.84672,3695.15,0,0.0036966,1.45659e-05,3.326,1.79243,12.9793,1.0817,17.016,0.42336,0.0018483,0.21168,0.0018483,0.21168,460.486,0,1.02816,0,0,4.35416,3.326,1.028160,1,0,237.354,0,0,0,237.354,0
66.4724,2.76836,0,0,7.12714,0.258871,0.36288,3.6288,61.308,0.483327,0,0,2.18378,0.212884,1.48757,0.66528,12.849,1,0.566995,0.36288,0,145.023,4.14141,140.678,0.84672,12.849,0.84672,3695.15,0,0.0036966,1.45712e-05,2.88514,1.79264,15.8465,1.0817,19.4426,0.42336,0.0018483,0.21168,0.0018483,0.21168,460.486,0,1.02816,0,0,3.9133,2.88514,1.028160,1,0,161.608,0,0,0,161.608,0
67.8057,2.7954,0,0,4.75039,0.258829,0.36288,3.6288,61.308,0.483503,0,0,1.17368,0.200358,0.489815,0.66528,12.849,1,0.540346,0.36288,0,130.118,4.05402,125.887,0.84672,12.849,0.84672,3695.15,0,0.0036966,1.45765e-05,2.01106,1.79285,8.79535,1.02895,11.5703,0.42336,0.0018483,0.21168,0.0018483,0.21168,460.486,0,1.02816,0,0,3.03922,2.01106,1.028160,1,0,137.947,0,0,0,137.947,0
71.6241,2.89251,0,0,7.32717,0.253405,0.36288,3.6288,61.308,0.532554,0,0,1.60771,0.215796,0.859359,0.66528,12.849,1,0.548123,0.36288,0,113.124,4.41924,108.52,0.84672,12.849,0.84672,3695.15,0,0.0036966,1.60553e-05,3.91929,1.79306,17.1244,1.14862,21.6881,0.42336,0.0018483,0.21168,0.0018483,0.21168,460.486,0,1.02816,0,0,4.94745,3.91929,1.028160,1,0,131.067,0,0,0,131.067,0
72.29,2.9176,0,0,11.7596,0.26298,7.91312,3.6288,61.308,0.532721,0,0,4.2979,0.2399,3.52528,0.66528,12.849,1,0.523403,7.91312,0,329.867,4.78055,332.477,0.84672,12.849,0.84672,3695.15,0,0.0036966,1.60603e-05,9.59062,1.85061,32.4372,1.29113,42.5873,0.42336,0.0018483,0.21168,0.0018483,0.21168,460.486,0,1.02816,0,0,10.6188,9.59062,1.028160,1,0,378.589,0,0,0,378.589,0
72.29,2.92201,0,0,11.2861,0.264316,8.09976,3.6288,61.308,0.532888,0,0,4.68199,0.2399,3.9092,0.66528,12.849,1,0.519365,8.09976,0,366.429,4.78055,369.229,0.84672,12.849,0.84672,3695.15,0,0.0036966,1.60654e-05,8.14147,1.85081,30.6146,1.29113,39.3158,0.42336,0.0018483,0.21168,0.0018483,0.21168,460.486,0,1.02816,0,0,9.16963,8.14147,1.028160,1,0,412.454,0,0,0,412.454,0
72.29,2.92232,0,0,7.18121,0.277243,3.98165,3.6288,61.308,0.533055,0,0,2.38852,0.218094,1.63737,0.66528,12.849,1,0.51942,3.98165,0,181.123,4.58608,179.999,0.84672,12.849,0.84672,3695.15,0,0.0036966,1.60704e-05,4.8702,1.85101,21.7251,1.23343,27.2129,0.42336,0.0018483,0.21168,0.0018483,0.21168,460.486,0,1.02816,0,0,5.89836,4.8702,1.028160,1,0,208.849,0,0,0,208.849,0
72.29,3.0575,0,0,7.68018,0.282316,4.34037,3.6288,61.308,0.635096,0,0,3.01366,0.233501,2.14506,0.66528,12.849,1,0.543447,4.34037,0,283.604,3.88129,283.519,0.84672,12.849,0.84672,3695.15,0,0.0036966,1.91467e-05,4.82812,1.8512,19.0366,1.15447,24.5614,0.42336,0.0018483,0.21168,0.0018483,0.21168,460.486,0,1.02816,0,0,5.85628,4.82812,1.028160,1,0,310.226,0,0,0,310.226,0
72.29,3.05782,0,0,7.00497,0.284658,3.66248,3.6288,61.308,0.635275,0,0,2.19286,0.223163,1.33442,0.66528,12.849,1,0.543505,3.66248,0,193.962,3.7716,193.309,0.84672,12.849,0.84672,3695.15,0,0.0036966,1.91521e-05,3.47026,1.95988,15.1335,1.0967,19.4669,0.42336,0.0018483,0.21168,0.0018483,0.21168,460.486,0,1.02816,0,0,4.49842,3.47026,1.028160,1,0,214.111,0,0,0,214.111,0
72.29,3.05815,0,0,7.43481,0.284658,4.092,3.6288,61.308,0.635453,0,0,2.82563,0.223163,1.96701,0.66528,12.849,1,0.543563,4.092,0,207.024,3.7716,206.801,0.84672,12.849,0.84672,3695.15,0,0.0036966,1.91575e-05,4.31492,1.96009,18.9381,1.0967,24.1164,0.42336,0.0018483,0.21168,0.0018483,0.21168,460.486,0,1.02816,0,0,5.34308,4.31492,1.028160,1,0,232.884,0,0,0,232.884,0
72.29,3.05848,0,0,7.06921,0.282061,3.72867,3.6288,61.308,0.635631,0,0,2.97759,0.228695,2.11327,0.66528,12.849,1,0.543622,3.72867,0,185.785,3.90264,185.067,0.84672,12.849,0.84672,3695.15,0,0.0036966,1.91629e-05,5.0085,1.9603,18.7116,1.13769,24.5427,0.42336,0.0018483,0.21168,0.0018483,0.21168,460.486,0,1.02816,0,0,6.03666,5.0085,1.028160,1,0,211.723,0,0,0,211.723,0
72.221,2.8023,0,0,3.39072,0.294562,0.36288,3.6288,61.308,0.471078,0,0,1.31724,0.171472,0.674688,0.66528,12.849,1,0.498088,0.36288,0,74.1545,3.42374,70.5956,0.84672,12.849,0.84672,3695.15,0,0.0036966,1.42019e-05,1.27067,1.96051,6.84721,0.789592,9.28878,0.42336,0.0018483,0.21168,0.0018483,0.21168,460.486,0,1.02816,0,0,2.29883,1.27067,1.028160,1,0,80.559,0,0,0,80.559,0
72.2188,2.8022,0,0,3.45733,0.294408,0.36288,3.6288,61.308,0.471238,0,0,1.54482,0.171472,0.902113,0.66528,12.849,1,0.498546,0.36288,0,74.4587,3.42374,70.8993,0.84672,12.849,0.84672,3695.15,0,0.0036966,1.42068e-05,1.57409,1.77683,6.68377,0.789592,9.24508,0.42336,0.0018483,0.21168,0.0018483,0.21168,460.486,0,1.02816,0,0,2.60225,1.57409,1.028160,1,0,81.0464,0,0,0,81.0464,0
72.29,2.80249,0,0,5.62728,0.283081,2.47054,3.6288,61.308,0.471399,0,0,2.38576,0.165456,1.74891,0.66528,12.849,1,0.498612,2.47054,0,143.276,3.33654,141.912,0.84672,12.849,0.84672,3695.15,0,0.0036966,1.42116e-05,3.315,1.77702,13.2573,0.777067,17.5722,0.42336,0.0018483,0.21168,0.0018483,0.21168,460.486,0,1.02816,0,0,4.34316,3.315,1.028160,1,0,161.233,0,0,0,161.233,0
72.29,2.8032,0,0,5.6655,0.282084,2.58021,3.6288,61.308,0.471559,0,0,2.51894,0.190946,1.85643,0.66528,12.849,1,0.498248,2.58021,0,183.362,4.27896,181.165,0.84672,12.849,0.84672,3695.15,0,0.0036966,1.42165e-05,3.64003,1.77721,19.635,0.930089,24.1221,0.42336,0.0018483,0.21168,0.0018483,0.21168,460.486,0,1.02816,0,0,4.66819,3.64003,1.028160,1,0,207.143,0,0,0,207.143,0
72.29,2.8035,0,0,4.66119,0.28648,1.57121,3.6288,61.308,0.47172,0,0,3.45872,0.165706,2.8213,0.66528,12.849,1,0.498302,1.57121,0,125.363,3.92022,122.516,0.84672,12.849,0.84672,3695.15,0,0.0036966,1.42213e-05,2.76497,1.7774,10.2837,0.897376,13.9287,0.42336,0.0018483,0.21168,0.0018483,0.21168,460.486,0,1.02816,0,0,3.79313,2.76497,1.028160,1,0,139.266,0,0,0,139.266,0
72.29,2.90625,0,0,4.3119,0.310493,1.09516,3.6288,61.308,0.53221,0,0,3.48051,0.15143,2.79687,0.66528,12.849,1,0.516564,1.09516,0,105.935,3.44284,103.071,0.84672,12.849,0.84672,3695.15,0,0.0036966,1.60449e-05,2.84747,1.77759,7.90785,0.832385,11.7005,0.42336,0.0018483,0.21168,0.0018483,0.21168,460.486,0,1.02816,0,0,3.87563,2.84747,1.028160,1,0,117.568,0,0,0,117.568,0
72.29,2.90656,0,0,6.06017,0.312234,2.84138,3.6288,61.308,0.532377,0,0,3.71839,0.143697,3.04231,0.66528,12.849,1,0.516619,2.84138,0,131.689,3.22482,130.789,0.84672,12.849,0.84672,3695.15,0,0.0036966,1.605e-05,3.94633,1.847,19.2883,0.788408,24.2932,0.42336,0.0018483,0.21168,0.0018483,0.21168,460.486,0,1.02816,0,0,4.97449,3.94633,1.028160,1,0,158.125,0,0,0,158.125,0
72.29,2.90687,0,0,4.42572,0.276968,1.24188,3.6288,61.308,0.532544,0,0,3.44707,0.146639,2.76789,0.66528,12.849,1,0.516675,1.24188,0,114.523,2.55372,112.695,0.84672,12.849,0.84672,3695.15,0,0.0036966,1.6055e-05,3.39738,1.8472,11.1712,0.702764,15.713,0.42336,0.0018483,0.21168,0.0018483,0.21168,460.486,0,1.02816,0,0,4.42554,3.39738,1.028160,1,0,131.176,0,0,0,131.176,0
72.29,2.90718,0,0,4.08396,0.252235,0.924536,3.6288,61.308,0.532711,0,0,2.80184,0.176477,2.09265,0.66528,12.849,1,0.51673,0.924536,0,86.7931,3.17562,84.0253,0.84672,12.849,0.84672,3695.15,0,0.0036966,1.60601e-05,2.92685,1.8474,9.67041,0.831589,13.6131,0.42336,0.0018483,0.21168,0.0018483,0.21168,460.486,0,1.02816,0,0,3.95501,2.92685,1.028160,1,0,99.731,0,0,0,99.731,0
72.29,2.86742,0,0,3.79945,0.236117,0.695909,3.6288,61.308,0.509437,0,0,1.84253,0.201739,1.13136,0.66528,12.849,1,0.509663,0.695909,0,83.6749,4.09332,79.7679,0.84672,12.849,0.84672,3695.15,0,0.0036966,1.53584e-05,2.3423,1.8476,9.54435,0.975436,12.7588,0.42336,0.0018483,0.21168,0.0018483,0.21168,460.486,0,1.02816,0,0,3.37046,2.3423,1.028160,1,0,93.658,0,0,0,93.658,0
72.109,2.86773,0,0,3.2857,0.236117,0.36288,3.6288,61.308,0.509602,0,0,1.75706,0.201739,1.04572,0.66528,12.849,1,0.509717,0.36288,0,74.1217,4.09332,69.8815,0.84672,12.849,0.84672,3695.15,0,0.0036966,1.53634e-05,2.00864,1.82084,8.3503,0.975436,11.2043,0.42336,0.0018483,0.21168,0.0018483,0.21168,460.486,0,1.02816,0,0,3.0368,2.00864,1.028160,1,0,82.1316,0,0,0,82.1316,0
71.5745,2.86695,0,0,2.93111,0.235793,0.36288,3.6288,61.308,0.509766,0,0,1.56018,0.201739,0.848672,0.66528,12.849,1,0.510858,0.36288,0,63.6621,4.09332,59.4208,0.84672,12.849,0.84672,3695.15,0,0.0036966,1.53683e-05,1.61921,1.82103,7.25138,0.975436,9.71618,0.42336,0.0018483,0.21168,0.0018483,0.21168,460.486,0,1.02816,0,0,2.64737,1.61921,1.028160,1,0,69.9857,0,0,0,69.9857,0
70.8308,2.86402,0,0,2.70084,0.217645,0.36288,3.6288,61.308,0.509931,0,0,1.42975,0.178983,0.740833,0.66528,12.849,1,0.514147,0.36288,0,59.3796,3.62148,55.6069,0.84672,12.849,0.84672,3695.15,0,0.0036966,1.53733e-05,1.45826,1.82123,6.5302,0.855763,8.95391,0.42336,0.0018483,0.21168,0.0018483,0.21168,460.486,0,1.02816,0,0,2.48642,1.45826,1.028160,1,0,65.3016,0,0,0,65.3016,0
69.9589,2.99542,0,0,2.69888,0.21244,0.36288,3.6288,61.308,0.59326,0,0,1.33057,0.189636,0.547672,0.66528,12.849,1,0.543381,0.36288,0,57.5427,4.35165,53.0106,0.84672,12.849,0.84672,3695.15,0,0.0036966,1.78855e-05,1.22066,1.82142,5.79156,0.898568,7.93505,0.42336,0.0018483,0.21168,0.0018483,0.21168,460.486,0,1.02816,0,0,2.24882,1.22066,1.028160,1,0,61.4933,0,0,0,61.4933,0
69.2244,2.99001,0,0,2.75312,0.134704,0.36288,3.6288,61.308,0.593434,0,0,1.3992,0.222417,0.583354,0.66528,12.849,1,0.549161,0.36288,0,60.5619,4.91018,55.4655,0.84672,12.849,0.84672,3695.15,0,0.0036966,1.78907e-05,1.58881,1.91591,6.53724,0.996679,9.04526,0.42336,0.0018483,0.21168,0.0018483,0.21168,460.486,0,1.02816,0,0,2.61697,1.58881,1.028160,1,0,65.0941,0,0,0,65.0941,0
68.204,2.98542,0,0,2.43086,0.103004,0.36288,3.6288,61.308,0.593607,0,0,1.14625,0.233682,0.318962,0.66528,12.849,1,0.554135,0.36288,0,55.2147,5.06131,49.9621,0.84672,12.849,0.84672,3695.15,0,0.0036966,1.78959e-05,1.18849,1.91611,5.50735,1.02709,7.58485,0.42336,0.0018483,0.21168,0.0018483,0.21168,460.486,0,1.02816,0,0,2.21665,1.18849,1.028160,1,0,57.8659,0,0,0,57.8659,0
67.0529,2.97876,0,0,2.29279,0.102188,0.36288,3.6288,61.308,0.593781,0,0,0.915408,0.233682,0.0879452,0.66528,12.849,1,0.561171,0.36288,0,51.012,5.06131,45.7524,0.84672,12.849,0.84672,3695.15,0,0.0036966,1.79012e-05,0.935505,1.91632,5.17228,1.02709,6.997,0.42336,0.0018483,0.21168,0.0018483,0.21168,460.486,0,1.02816,0,0,1.96366,0.935505,1.028160,1,0,52.8374,0,0,0,52.8374,0
65.6846,2.97099,0,0,2.07139,0.105843,0.36288,3.6288,61.308,0.593955,0,0,0.919287,0.243261,0.0820713,0.66528,12.849,1,0.569316,0.36288,0,45.3895,4.86925,40.3139,0.84672,12.849,0.84672,3695.15,0,0.0036966,1.79064e-05,1.0524,1.91652,4.46506,1.16767,6.26629,0.42336,0.0018483,0.21168,0.0018483,0.21168,460.486,0,1.02816,0,0,2.08056,1.0524,1.028160,1,0,46.6622,0,0,0,46.6622,0
64.1421,2.93487,0,0,1.86339,0.108093,0.36288,3.6288,61.308,0.639861,0,0,0.960958,0.250446,0.0706508,0.66528,12.849,1,0.574109,0.36288,0,43.6907,4.72521,38.7542,0.84672,12.849,0.84672,3695.15,0,0.0036966,1.92904e-05,1.03964,1.91673,4.03663,1.27311,5.71987,0.42336,0.0018483,0.21168,0.0018483,0.21168,460.486,0,1.02816,0,0,2.0678,1.03964,1.028160,1,0,44.5447,0,0,0,44.5447,0
62.4612,2.92368,0,0,1.71241,0.106761,0.36288,3.6288,61.308,0.64004,0,0,0.933336,0.250446,0.0428501,0.66528,12.849,1,0.585673,0.36288,0,43.0007,4.72521,38.0527,0.84672,12.849,0.84672,3695.15,0,0.0036966,1.92958e-05,1.04053,1.94633,4.07043,1.27311,5.78415,0.42336,0.0018483,0.21168,0.0018483,0.21168,460.486,0,1.02816,0,0,2.06869,1.04053,1.028160,1,0,43.8797,0,0,0,43.8797,0
60.6408,2.91091,0,0,1.55871,0.10531,0.36288,3.6288,61.2903,0.640218,0,0,0.87296,0.250446,0,0.66528,12.849,1,0.598809,0.36288,0,41.2806,4.72521,36.3195,0.84672,12.849,0.84672,3695.15,0,0.0036966,1.93012e-05,0.764217,1.94653,3.8238,1.27311,5.26142,0.42336,0.0018483,0.21168,0.0018483,0.21168,460.486,0,1.02816,0,0,1.79238,0.764217,1.028160,1,0,41.5809,0,0,0,41.5809,0
58.7336,2.89639,0,0,1.44425,0.0922742,0.36288,3.6288,61.1733,0.640397,0,0,0.80346,0.280084,0,0.66528,12.849,1,0.613707,0.36288,0,36.8281,5.14237,31.4349,0.84672,12.849,0.84672,3695.15,0,0.0036966,1.93121e-05,0.732447,1.94674,3.58503,1.40327,4.86093,0.42336,0.0018483,0.21168,0.0018483,0.21168,460.486,0,1.02816,0,0,1.76061,0.732447,1.028160,1,0,36.2958,0,0,0,36.2958,0
56.7829,2.94757,0,0,1.44252,0.0827454,0.36288,3.6288,60.8272,0.66528,0,0,0.623549,0.304303,0,0.66528,12.849,1,0.644832,0.36288,0,34.7024,5.66926,28.7512,0.84672,12.849,0.84672,3695.15,0,0.0036966,0.0018483,0.593291,1.94695,3.01087,1.46292,4.08634,0.42336,0.0018483,0.21168,0.0018483,0.21168,460.486,0,1.02816,0,0,1.62145,0.593291,1.028160,1,0,32.8375,0,0,0,32.8375,0
54.7595,2.92981,0,0,1.35054,0.0811829,0.36288,3.6288,60.4596,0.66528,0,0,0.601295,0.303637,0,0.66528,12.849,1,0.662967,0.36288,0,32.5523,5.66926,26.583,0.84672,12.849,0.84672,3695.15,0,0.0036966,0.0018483,0.604817,1.99402,3.11424,1.46292,4.2483,0.42336,0.0018483,0.21168,0.0018483,0.21168,460.486,0,1.02816,0,0,1.63298,0.604817,1.028160,1,0,30.8313,0,0,0,30.8313,0
52.601,2.91028,0,0,1.19414,0.0795622,0.36288,3.6288,60.0574,0.66528,0,0,0.566042,0.302929,0,0.66528,12.849,1,0.68288,0.36288,0,30.7501,5.66926,24.7608,0.84672,12.849,0.84672,3695.15,0,0.0036966,0.0018483,0.43562,1.99423,2.92157,1.46292,3.88665,0.42336,0.0018483,0.21168,0.0018483,0.21168,460.486,0,1.02816,0,0,1.46378,0.43562,1.028160,1,0,28.6475,0,0,0,28.6475,0
50.3595,2.88807,0,0,1.07908,0.0695769,0.36288,3.6288,59.6453,0.66528,0,0,0.560454,0.307294,0,0.66528,12.849,1,0.705477,0.36288,0,29.149,5.81881,22.9876,0.84672,12.849,0.84672,3695.15,0,0.0036966,0.0018483,0.391945,1.99444,2.91508,1.4928,3.80681,0.42336,0.0018483,0.21168,0.0018483,0.21168,460.486,0,1.02816,0,0,1.4201,0.391945,1.028160,1,0,26.7944,0,0,0,26.7944,0
48.2568,2.91155,0,0,1.24121,0.0695197,0.36288,3.6288,59.1753,0.66528,0,0,0.503765,0.308475,0,0.66528,12.849,1,0.742869,0.36288,0,28.5611,5.93126,22.2498,0.84672,12.849,0.84672,3695.15,0,0.0036966,0.0018483,0.492566,1.99466,3.66422,1.40584,4.74375,0.42336,0.0018483,0.21168,0.0018483,0.21168,460.486,0,1.02816,0,0,1.52073,0.492566,1.028160,1,0,26.9936,0,0,0,26.9936,0
46.4853,2.88629,0,0,1.54954,0.0718974,0.36288,3.6288,58.7875,0.66528,0,0,0.585264,0.30778,0,0.66528,12.849,1,0.768513,0.36288,0,34.3168,5.90688,28.0043,0.84672,12.849,0.84672,3695.15,0,0.0036966,0.0018483,0.868717,2.05277,4.24138,1.38277,5.77825,0.42336,0.0018483,0.21168,0.0018483,0.21168,460.486,0,1.02816,0,0,1.89688,0.868717,1.028160,1,0,33.7825,0,0,0,33.7825,0
44.4168,2.86365,0,0,1.22861,0.0705115,0.36288,3.6288,58.2545,0.66528,0,0,0.439287,0.307015,0,0.66528,12.849,1,0.791543,0.36288,0,37.6813,5.90688,31.3457,0.84672,12.849,0.84672,3695.15,0,0.0036966,0.0018483,0.39649,2.05299,3.40553,1.38277,4.47039,0.42336,0.0018483,0.21168,0.0018483,0.21168,460.486,0,1.02816,0,0,1.42465,0.39649,1.028160,1,0,35.8161,0,0,0,35.8161,0
42.643,2.83536,0,0,1.49333,0.0688932,0.36288,3.6288,57.9895,0.66528,0,0,0.706256,0.305964,0,0.66528,12.849,1,0.82022,0.36288,0,32.8464,5.90688,26.4822,0.84672,12.849,0.84672,3695.15,0,0.0036966,0.0018483,1.33384,2.05321,4.90691,1.38277,6.90934,0.42336,0.0018483,0.21168,0.0018483,0.21168,460.486,0,1.02816,0,0,2.362,1.33384,1.028160,1,0,33.3915,0,0,0,33.3915,0
40.4976,2.80944,0,0,1.11308,0.0862115,0.36288,3.6288,57.5152,0.66528,0,0,0.489935,0.298995,0,0.66528,12.849,1,0.846528,0.36288,0,25.8875,5.39871,20.0052,0.84672,12.849,0.84672,3695.15,0,0.0036966,0.0018483,0.747524,2.05343,4.07899,1.18356,5.69454,0.42336,0.0018483,0.21168,0.0018483,0.21168,460.486,0,1.02816,0,0,1.77568,0.747524,1.028160,1,0,25.6997,0,0,0,25.6997,0
38.2045,2.69807,0,0,0.874057,0.10621,0.36288,3.6288,57.2242,0.658064,0,0,0.672227,0.305212,0,0.66528,12.849,1,0.84672,0.36288,0,16.86,5.15245,11.2237,0.84672,12.849,0.84672,3695.15,0,0.0036966,2.11474e-05,2.11629,2.05365,3.75164,1.08583,6.83573,0.42336,0.0018483,0.21168,0.0018483,0.21168,460.486,0,1.02816,0,0,3.14445,2.11629,1.028160,1,0,18.0594,0,0,0,18.0594,0
35.7876,2.69845,0,0,0.747904,0.103403,0.36288,3.6288,56.6326,0.658244,0,0,0.371288,0.304636,0,0.66528,12.849,1,0.84672,0.36288,0,16.8432,5.15245,11.207,0.84672,12.849,0.84672,3695.15,0,0.0036966,2.12608e-05,0.724412,1.96711,2.79216,1.08583,4.39784,0.42336,0.0018483,0.21168,0.0018483,0.21168,460.486,0,1.02816,0,0,1.75257,0.724412,1.028160,1,0,15.6048,0,0,0,15.6048,0
33.3921,2.69882,0,0,0.780304,0.114163,0.36288,3.6288,56.0428,0.658424,0,0,0.357438,0.288754,0,0.66528,12.849,1,0.84672,0.36288,0,16.1896,4.94483,10.761,0.84672,12.849,0.84672,3695.15,0,0.0036966,2.14888e-05,0.670758,1.96732,2.80982,1.02093,4.42695,0.42336,0.0018483,0.21168,0.0018483,0.21168,460.486,0,1.02816,0,0,1.69892,0.670758,1.028160,1,0,15.1879,0,0,0,15.1879,0
32.4031,2.69919,0,0,2.26363,0.190582,0.36288,3.6288,56.0268,0.658604,0,0,0.84228,0.199704,0,0.66528,12.849,1,0.84672,0.36288,0,48.7958,3.69905,44.6129,0.84672,12.849,0.84672,3695.15,0,0.0036966,2.17209e-05,1.58996,1.96753,7.37998,0.631543,10.3059,0.42336,0.0018483,0.21168,0.0018483,0.21168,460.486,0,1.02816,0,0,2.61812,1.58996,1.028160,1,0,54.9188,0,0,0,54.9188,0
30.6571,2.77767,0,0,1.59035,0.195711,0.36288,3.6288,55.6481,0.660229,0,0,0.555176,0.27366,0,0.66528,12.849,1,0.84672,0.36288,0,36.6844,4.89825,31.3023,0.84672,12.849,0.84672,3695.15,0,0.0036966,2.17807e-05,1.28592,1.96774,5.65178,1.21399,7.69143,0.42336,0.0018483,0.21168,0.0018483,0.21168,460.486,0,1.02816,0,0,2.31408,1.28592,1.028160,1,0,38.9937,0,0,0,38.9937,0
29.0522,2.77804,0,0,1.72733,0.191393,0.36288,3.6288,55.2673,0.660409,0,0,0.552611,0.272982,0,0.66528,12.849,1,0.84672,0.36288,0,35.5463,4.89825,30.1643,0.84672,12.849,0.84672,3695.15,0,0.0036966,2.19349e-05,1.16605,1.98371,5.31204,1.21399,7.24778,0.42336,0.0018483,0.21168,0.0018483,0.21168,460.486,0,1.02816,0,0,2.19421,1.16605,1.028160,1,0,37.412,0,0,0,37.412,0
27.5832,2.77842,0,0,1.86013,0.187756,0.36288,3.6288,55.2622,0.66059,0,0,0.927193,0.271734,0,0.66528,12.849,1,0.84672,0.36288,0,37.5691,5.2173,31.8679,0.84672,12.849,0.84672,3695.15,0,0.0036966,2.2092e-05,1.5557,1.98392,6.57643,1.30418,8.81185,0.42336,0.0018483,0.21168,0.0018483,0.21168,460.486,0,1.02816,0,0,2.58386,1.5557,1.028160,1,0,40.6798,0,0,0,40.6798,0
26.3693,2.7788,0,0,2.14761,0.21986,0.36288,3.6288,55.0906,0.66077,0,0,0.723025,0.233839,0,0.66528,12.849,1,0.84672,0.36288,0,47.0945,4.80079,41.8098,0.84672,12.849,0.84672,3695.15,0,0.0036966,2.21001e-05,1.29857,1.98413,6.72027,1.18612,8.81683,0.42336,0.0018483,0.21168,0.0018483,0.21168,460.486,0,1.02816,0,0,2.32673,1.29857,1.028160,1,0,50.6267,0,0,0,50.6267,0
24.9468,2.50611,0,0,1.65514,0.208669,0.36288,3.6288,55.3834,0.491289,0,0,0.996512,0.21242,0,0.66528,12.849,1,0.84672,0.36288,0,36.2463,4.4114,31.351,0.84672,12.849,0.84672,3695.15,0,0.0036966,1.64828e-05,2.29988,1.98434,7.18279,0.987915,10.4791,0.42336,0.0018483,0.21168,0.0018483,0.21168,460.486,0,1.02816,0,0,3.32804,2.29988,1.028160,1,0,41.8301,0,0,0,41.8301,0
22.7737,2.49158,0,0,0.877409,0.196052,0.36288,3.6288,55.4756,0.506338,0,0,0.808937,0.210381,0,0.66528,12.849,1,0.84672,0.36288,0,40.8761,4.3427,36.0496,0.84672,12.849,0.84672,3695.15,0,0.0036966,1.68979e-05,2.05781,1.80229,5.84179,0.933295,8.76858,0.42336,0.0018483,0.21168,0.0018483,0.21168,460.486,0,1.02816,0,0,3.08597,2.05781,1.028160,1,0,44.8181,0,0,0,44.8181,0
21.1964,2.49208,0,0,1.4677,0.19007,0.36288,3.6288,55.6017,0.506338,0,0,0.84291,0.210508,0,0.66528,12.849,1,0.84672,0.36288,0,39.186,4.3427,34.3595,0.84672,12.849,0.84672,3695.15,0,0.0036966,1.68698e-05,2.04268,1.8112,6.02261,0.933295,8.94317,0.42336,0.0018483,0.21168,0.0018483,0.21168,460.486,0,1.02816,0,0,3.07084,2.04268,1.028160,1,0,43.3027,0,0,0,43.3027,0
21.6499,2.49259,0,0,3.48665,0.177645,0.36288,3.6288,56.2871,0.506338,0,0,1.4082,0.216472,0,0.66528,12.849,1,0.84672,0.36288,0,36.1811,4.6655,31.0318,0.84672,12.849,0.84672,3695.15,0,0.0036966,1.68316e-05,3.42484,1.81129,8.74256,1.20824,12.7704,0.42336,0.0018483,0.21168,0.0018483,0.21168,460.486,0,1.02816,0,0,4.453,3.42484,1.028160,1,0,43.8022,0,0,0,43.8022,0
23.5143,2.49311,0,0,4.89912,0.178768,0.36288,3.6288,57.175,0.506338,0,0,1.60922,0.214989,0,0.66528,12.849,1,0.84672,0.36288,0,109.403,4.48475,104.434,0.84672,12.849,0.84672,3695.15,0,0.0036966,1.66266e-05,3.1577,1.81139,10.8808,1.24945,14.6005,0.42336,0.0018483,0.21168,0.0018483,0.21168,460.486,0,1.02816,0,0,4.18586,3.1577,1.028160,1,0,119.035,0,0,0,119.035,0
26.3051,2.59872,0,0,5.94451,0.192095,0.36288,3.6288,58.0369,0.555485,0,0,1.62167,0.204208,0,0.66528,12.849,1,0.84672,0.36288,0,173.87,3.71007,169.677,0.84672,12.849,0.84672,3695.15,0,0.0036966,1.79572e-05,2.76213,1.81149,9.36922,1.07754,12.8653,0.42336,0.0018483,0.21168,0.0018483,0.21168,460.486,0,1.02816,0,0,3.79029,2.76213,1.028160,1,0,182.542,0,0,0,182.542,0
27.804,2.61332,0,0,4.67511,0.19996,0.36288,3.6288,59.9435,0.541403,0,0,2.65331,0.205351,0,0.66528,12.849,1,0.84672,0.36288,0,111.142,3.71007,106.948,0.84672,12.849,0.84672,3695.15,0,0.0036966,1.7242e-05,4.8466,1.86925,12.1471,1.07754,17.7854,0.42336,0.0018483,0.21168,0.0018483,0.21168,460.486,0,1.02816,0,0,5.87476,4.8466,1.028160,1,0,124.734,0,0,0,124.734,0
28.8262,2.61366,0,0,4.19374,0.195012,0.36288,3.6288,61.0006,0.541557,0,0,1.81018,0.211494,0,0.66528,12.849,1,0.84672,0.36288,0,100.475,3.96099,96.0306,0.84672,12.849,0.84672,3695.15,0,0.0036966,1.66984e-05,3.04153,1.8611,9.50823,1.00549,13.4054,0.42336,0.0018483,0.21168,0.0018483,0.21168,460.486,0,1.02816,0,0,4.06969,3.04153,1.028160,1,0,109.436,0,0,0,109.436,0
30.8956,2.61401,0,0,5.26801,0.221729,0.36288,3.6288,61.308,0.541711,0,0,2.21858,0.219083,1.15039,0.66528,12.849,1,0.84672,0.36288,0,129.182,4.13942,124.559,0.84672,12.849,0.84672,3695.15,0,0.0036966,1.64137e-05,3.98674,1.86128,11.3113,1.01584,16.1435,0.42336,0.0018483,0.21168,0.0018483,0.21168,460.486,0,1.02816,0,0,5.0149,3.98674,1.028160,1,0,141.852,0,0,0,141.852,0
37.7572,2.77407,0,0,10.2279,0.229381,0.36288,3.6288,61.308,0.644302,0,0,4.2522,0.189555,3.41835,0.66528,12.849,1,0.84672,0.36288,0,281.542,3.48701,277.571,0.84672,12.849,0.84672,3695.15,0,0.0036966,1.94243e-05,6.02772,1.86147,20.061,0.955101,26.9951,0.42336,0.0018483,0.21168,0.0018483,0.21168,460.486,0,1.02816,0,0,7.05588,6.02772,1.028160,1,0,307.985,0,0,0,307.985,0
40.3116,2.77445,0,0,5.94145,0.249752,0.36288,3.6288,61.308,0.644465,0,0,3.00567,0.184562,2.17665,0.66528,12.849,1,0.84672,0.36288,0,172.881,3.37827,169.019,0.84672,12.849,0.84672,3695.15,0,0.0036966,1.94292e-05,2.8303,1.97073,11.112,0.944978,14.968,0.42336,0.0018483,0.21168,0.0018483,0.21168,460.486,0,1.02816,0,0,3.85846,2.8303,1.028160,1,0,186.164,0,0,0,186.164,0
41.4545,2.77481,0,0,4.53792,0.257307,0.36288,3.6288,61.308,0.644629,0,0,2.38909,0.184562,1.5599,0.66528,12.849,1,0.84672,0.36288,0,118.382,3.37827,114.52,0.84672,12.849,0.84672,3695.15,0,0.0036966,1.94341e-05,2.11532,1.97092,8.56319,0.944978,11.7044,0.42336,0.0018483,0.21168,0.0018483,0.21168,460.486,0,1.02816,0,0,3.14348,2.11532,1.028160,1,0,127.784,0,0,0,127.784,0
42.1307,2.77517,0,0,4.07787,0.263625,0.36288,3.6288,61.308,0.644792,0,0,2.4381,0.162675,1.63064,0.66528,12.849,1,0.84672,0.36288,0,105.677,3.0002,102.193,0.84672,12.849,0.84672,3695.15,0,0.0036966,1.94391e-05,2.64037,1.97111,8.55446,0.836569,12.3294,0.42336,0.0018483,0.21168,0.0018483,0.21168,460.486,0,1.02816,0,0,3.66853,2.64037,1.028160,1,0,116.153,0,0,0,116.153,0
47.5924,2.54295,0,0,8.63431,0.26677,0.36288,3.6288,61.308,0.479319,0,0,4.96244,0.153122,4.33,0.66528,12.849,1,0.775547,0.36288,0,215.113,2.93196,211.768,0.84672,12.849,0.84672,3695.15,0,0.0036966,1.44504e-05,6.7373,1.9713,19.7319,0.86705,27.5734,0.42336,0.0018483,0.21168,0.0018483,0.21168,460.486,0,1.02816,0,0,7.76546,6.7373,1.028160,1,0,243.671,0,0,0,243.671,0
51.6667,2.59214,0,0,7.31766,0.288304,0.36288,3.6288,61.308,0.506324,0,0,3.44234,0.14917,2.78685,0.66528,12.849,1,0.699827,0.36288,0,240.245,2.91533,236.992,0.84672,12.849,0.84672,3695.15,0,0.0036966,1.52645e-05,5.72867,1.7866,18.0271,0.881237,24.6611,0.42336,0.0018483,0.21168,0.0018483,0.21168,460.486,0,1.02816,0,0,6.75683,5.72867,1.028160,1,0,264.44,0,0,0,264.44,0
54.3577,2.63672,0,0,5.99173,0.301111,0.36288,3.6288,61.308,0.506324,0,0,2.46619,0.14917,1.8107,0.66528,12.849,1,0.655727,0.36288,0,197.911,2.91533,194.703,0.84672,12.849,0.84672,3695.15,0,0.0036966,1.52645e-05,3.18497,1.80249,13.0049,0.881237,17.1111,0.42336,0.0018483,0.21168,0.0018483,0.21168,460.486,0,1.02816,0,0,4.21313,3.18497,1.028160,1,0,213.625,0,0,0,213.625,0
55.9218,2.66336,0,0,4.81521,0.224947,0.36288,3.6288,61.308,0.506324,0,0,1.80577,0.198862,1.10058,0.66528,12.849,1,0.629562,0.36288,0,137.405,3.70633,133.432,0.84672,12.849,0.84672,3695.15,0,0.0036966,1.52645e-05,1.87052,1.80258,8.96573,1.13543,11.5034,0.42336,0.0018483,0.21168,0.0018483,0.21168,460.486,0,1.02816,0,0,2.89868,1.87052,1.028160,1,0,146.036,0,0,0,146.036,0
57.4059,2.69955,0,0,4.78282,0.236238,0.36288,3.6288,61.308,0.479908,0,0,1.94098,0.185406,1.27566,0.66528,12.849,1,0.620268,0.36288,0,136.102,3.59469,132.25,0.84672,12.849,0.84672,3695.15,0,0.0036966,1.44682e-05,2.13586,1.80267,9.3852,1.07215,12.2516,0.42336,0.0018483,0.21168,0.0018483,0.21168,460.486,0,1.02816,0,0,3.16402,2.13586,1.028160,1,0,145.777,0,0,0,145.777,0
59.6233,2.81204,0,0,5.6634,0.271121,0.36288,3.6288,61.308,0.540713,0,0,3.00574,0.172784,2.29225,0.66528,12.849,1,0.629411,0.36288,0,107.147,3.20775,103.673,0.84672,12.849,0.84672,3695.15,0,0.0036966,1.63013e-05,2.70696,1.78729,8.97653,0.941528,12.5292,0.42336,0.0018483,0.21168,0.0018483,0.21168,460.486,0,1.02816,0,0,3.73512,2.70696,1.028160,1,0,118.494,0,0,0,118.494,0
61.0728,2.83158,0,0,4.92096,0.277017,0.36288,3.6288,61.308,0.540866,0,0,3.76059,0.172784,3.04694,0.66528,12.849,1,0.610214,0.36288,0,118.165,3.20775,114.71,0.84672,12.849,0.84672,3695.15,0,0.0036966,1.63059e-05,3.99486,1.85707,12.9978,0.941528,17.9081,0.42336,0.0018483,0.21168,0.0018483,0.21168,460.486,0,1.02816,0,0,5.02302,3.99486,1.028160,1,0,135.665,0,0,0,135.665,0
61.4232,2.84382,0,0,3.83781,0.280618,0.36288,3.6288,61.308,0.54102,0,0,2.97767,0.172784,2.26387,0.66528,12.849,1,0.598307,0.36288,0,135.439,3.20775,131.996,0.84672,12.849,0.84672,3695.15,0,0.0036966,1.63105e-05,4.04899,1.85725,8.91778,0.941528,13.8825,0.42336,0.0018483,0.21168,0.0018483,0.21168,460.486,0,1.02816,0,0,5.07715,4.04899,1.028160,1,0,148.142,0,0,0,148.142,0
61.0796,2.84692,0,0,3.11276,0.246629,0.36288,3.6288,61.308,0.541173,0,0,2.09008,0.14238,1.40652,0.66528,12.849,1,0.595542,0.36288,0,95.6647,2.22851,93.2035,0.84672,12.849,0.84672,3695.15,0,0.0036966,1.63152e-05,2.85513,1.85743,7.23807,0.827471,11.1231,0.42336,0.0018483,0.21168,0.0018483,0.21168,460.486,0,1.02816,0,0,3.88329,2.85513,1.028160,1,0,105.733,0,0,0,105.733,0
61.0836,2.80523,0,0,3.37953,0.20735,0.36288,3.6288,61.308,0.517758,0,0,1.6778,0.222691,0.937352,0.66528,12.849,1,0.590122,0.36288,0,90.4504,4.52624,85.697,0.84672,12.849,0.84672,3695.15,0,0.0036966,1.56093e-05,2.2242,1.85761,7.31549,1.16177,10.2355,0.42336,0.0018483,0.21168,0.0018483,0.21168,460.486,0,1.02816,0,0,3.25236,2.2242,1.028160,1,0,96.8698,0,0,0,96.8698,0
60.6673,2.80554,0,0,2.95938,0.207357,0.36288,3.6288,61.308,0.517909,0,0,1.59217,0.222691,0.85157,0.66528,12.849,1,0.590147,0.36288,0,79.6314,4.52624,74.8779,0.84672,12.849,0.84672,3695.15,0,0.0036966,1.56138e-05,1.83814,1.83069,6.82111,1.16177,9.32816,0.42336,0.0018483,0.21168,0.0018483,0.21168,460.486,0,1.02816,0,0,2.8663,1.83814,1.028160,1,0,85.0577,0,0,0,85.0577,0
59.9555,2.80247,0,0,2.6602,0.206641,0.36288,3.6288,61.308,0.51806,0,0,1.41076,0.222691,0.670005,0.66528,12.849,1,0.593547,0.36288,0,68.8116,4.52624,64.0547,0.84672,12.849,0.84672,3695.15,0,0.0036966,1.56184e-05,1.51561,1.83087,5.96867,1.16177,8.15337,0.42336,0.0018483,0.21168,0.0018483,0.21168,460.486,0,1.02816,0,0,2.54377,1.51561,1.028160,1,0,72.878,0,0,0,72.878,0
59.0693,2.79694,0,0,2.45549,0.181841,0.36288,3.6288,61.308,0.518211,0,0,1.32079,0.188558,0.614019,0.66528,12.849,1,0.599409,0.36288,0,66.0364,3.81848,61.9814,0.84672,12.849,0.84672,3695.15,0,0.0036966,1.56229e-05,1.39723,1.83105,5.38996,0.98226,7.63597,0.42336,0.0018483,0.21168,0.0018483,0.21168,460.486,0,1.02816,0,0,2.42539,1.39723,1.028160,1,0,70.2314,0,0,0,70.2314,0
58.1019,2.92216,0,0,2.44835,0.130688,0.36288,3.6288,61.308,0.601974,0,0,1.25778,0.225702,0.430101,0.66528,12.849,1,0.635641,0.36288,0,64.4207,4.35812,59.7898,0.84672,12.849,0.84672,3695.15,0,0.0036966,1.81482e-05,1.14285,1.83123,5.41581,1.03799,7.35188,0.42336,0.0018483,0.21168,0.0018483,0.21168,460.486,0,1.02816,0,0,2.17101,1.14285,1.028160,1,0,67.5718,0,0,0,67.5718,0
57.153,2.91378,0,0,2.43912,0.111347,0.36288,3.6288,61.308,0.602133,0,0,1.23091,0.242835,0.385947,0.66528,12.849,1,0.64437,0.36288,0,61.7728,4.62115,56.8702,0.84672,12.849,0.84672,3695.15,0,0.0036966,1.8153e-05,1.06959,1.9262,5.39482,1.07224,7.31835,0.42336,0.0018483,0.21168,0.0018483,0.21168,460.486,0,1.02816,0,0,2.09775,1.06959,1.028160,1,0,64.5745,0,0,0,64.5745,0
56.11,2.90533,0,0,2.33553,0.110318,0.36288,3.6288,61.308,0.602292,0,0,1.25135,0.242835,0.406221,0.66528,12.849,1,0.653168,0.36288,0,58.937,4.62115,54.0255,0.84672,12.849,0.84672,3695.15,0,0.0036966,1.81578e-05,1.32373,1.92639,5.13646,1.07224,7.31433,0.42336,0.0018483,0.21168,0.0018483,0.21168,460.486,0,1.02816,0,0,2.35189,1.32373,1.028160,1,0,61.7461,0,0,0,61.7461,0
54.8678,2.89573,0,0,2.15134,0.134934,0.36288,3.6288,61.308,0.602452,0,0,1.17267,0.234934,0.335287,0.66528,12.849,1,0.663112,0.36288,0,55.0949,4.11346,50.6812,0.84672,12.849,0.84672,3695.15,0,0.0036966,1.81626e-05,1.20766,1.92658,4.70344,1.09183,6.74584,0.42336,0.0018483,0.21168,0.0018483,0.21168,460.486,0,1.02816,0,0,2.23582,1.20766,1.028160,1,0,57.7623,0,0,0,57.7623,0
53.9042,2.88385,0,0,2.38267,0.0995462,0.36288,3.6288,61.308,0.602611,0,0,1.23705,0.246362,0.388077,0.66528,12.849,1,0.675342,0.36288,0,51.404,4.31271,46.7789,0.84672,12.849,0.84672,3695.15,0,0.0036966,1.81674e-05,1.4072,1.92677,5.05106,1.0835,7.30152,0.42336,0.0018483,0.21168,0.0018483,0.21168,460.486,0,1.02816,0,0,2.43536,1.4072,1.028160,1,0,54.4684,0,0,0,54.4684,0
53.2268,2.84863,0,0,2.64896,0.114835,0.36288,3.6288,61.308,0.648747,0,0,1.25884,0.234298,0.375795,0.66528,12.849,1,0.679021,0.36288,0,48.7848,4.4668,44.0019,0.84672,12.849,0.84672,3695.15,0,0.0036966,1.95583e-05,1.42416,1.92696,5.32367,1.00138,7.67338,0.42336,0.0018483,0.21168,0.0018483,0.21168,460.486,0,1.02816,0,0,2.45232,1.42416,1.028160,1,0,52.051,0,0,0,52.051,0
52.3239,2.84195,0,0,2.41191,0.11001,0.36288,3.6288,61.308,0.648911,0,0,1.19051,0.245267,0.296337,0.66528,12.849,1,0.686049,0.36288,0,42.9451,4.60796,38.014,0.84672,12.849,0.84672,3695.15,0,0.0036966,1.95632e-05,1.18991,1.95669,5.16705,1.05291,7.26073,0.42336,0.0018483,0.21168,0.0018483,0.21168,460.486,0,1.02816,0,0,2.21807,1.18991,1.028160,1,0,45.5711,0,0,0,45.5711,0
51.3332,2.83272,0,0,2.28985,0.0850062,0.36288,3.6288,61.308,0.649074,0,0,1.1152,0.311081,0.155044,0.66528,12.849,1,0.695621,0.36288,0,38.7335,5.45485,32.9459,0.84672,12.849,0.84672,3695.15,0,0.0036966,1.95682e-05,1.22031,1.95688,4.92716,1.36204,6.74229,0.42336,0.0018483,0.21168,0.0018483,0.21168,460.486,0,1.02816,0,0,2.24847,1.22031,1.028160,1,0,39.8432,0,0,0,39.8432,0
50.0962,2.82226,0,0,2.0323,0.084137,0.36288,3.6288,61.308,0.649238,0,0,1.05123,0.311081,0.0909095,0.66528,12.849,1,0.706428,0.36288,0,36.5349,5.45485,30.7365,0.84672,12.849,0.84672,3695.15,0,0.0036966,1.95731e-05,1.18356,1.95708,4.72306,1.36204,6.50163,0.42336,0.0018483,0.21168,0.0018483,0.21168,460.486,0,1.02816,0,0,2.21172,1.18356,1.028160,1,0,37.3291,0,0,0,37.3291,0
48.7639,2.73961,0,0,1.84268,0.0724666,0.36288,3.6288,61.217,0.609922,0,0,0.825803,0.306839,0,0.66528,12.849,1,0.702673,0.36288,0,32.7682,5.65194,26.7764,0.84672,12.849,0.84672,3695.15,0,0.0036966,1.83878e-05,0.549081,1.95727,3.93246,1.4329,5.00589,0.42336,0.0018483,0.21168,0.0018483,0.21168,460.486,0,1.02816,0,0,1.57724,0.549081,1.028160,1,0,31.7823,0,0,0,31.7823,0
47.3692,2.72468,0,0,1.76429,0.0714412,0.36288,3.6288,61.1076,0.610082,0,0,0.80727,0.306663,0,0.66528,12.849,1,0.717936,0.36288,0,30.6634,5.65194,24.6564,0.84672,12.849,0.84672,3695.15,0,0.0036966,1.842e-05,0.580884,1.9107,4.04165,1.4329,5.10032,0.42336,0.0018483,0.21168,0.0018483,0.21168,460.486,0,1.02816,0,0,1.60904,0.580884,1.028160,1,0,29.7567,0,0,0,29.7567,0
45.7661,2.70831,0,0,1.53842,0.0703629,0.36288,3.6288,60.9521,0.610242,0,0,0.761253,0.30645,0,0.66528,12.849,1,0.734636,0.36288,0,29.0512,5.65194,23.0275,0.84672,12.849,0.84672,3695.15,0,0.0036966,1.84578e-05,0.431456,1.91089,3.86189,1.4329,4.77131,0.42336,0.0018483,0.21168,0.0018483,0.21168,460.486,0,1.02816,0,0,1.45962,0.431456,1.028160,1,0,27.7988,0,0,0,27.7988,0
44.0682,2.68848,0,0,1.41879,0.0652873,0.36288,3.6288,60.7812,0.610402,0,0,0.748172,0.308733,0,0.66528,12.849,1,0.754801,0.36288,0,27.4074,5.72671,21.2887,0.84672,12.849,0.84672,3695.15,0,0.0036966,1.85097e-05,0.366949,1.91107,3.82673,1.44784,4.65689,0.42336,0.0018483,0.21168,0.0018483,0.21168,460.486,0,1.02816,0,0,1.39511,0.366949,1.028160,1,0,25.9456,0,0,0,25.9456,0
41.9242,2.84429,0,0,1.11599,0.0528319,0.36288,3.6288,60.5484,0.66528,0,0,0.738443,0.305901,0,0.66528,12.849,1,0.829311,0.36288,0,26.083,5.85222,19.7643,0.84672,12.849,0.84672,3695.15,0,0.0036966,0.0018483,0.571311,1.91126,3.45791,1.49974,4.43889,0.42336,0.0018483,0.21168,0.0018483,0.21168,460.486,0,1.02816,0,0,1.59947,0.571311,1.028160,1,0,24.2032,0,0,0,24.2032,0
39.6409,2.82723,0,0,0.96139,0.0545425,0.36288,3.6288,60.247,0.66528,0,0,0.661591,0.297717,0,0.66528,12.849,1,0.84672,0.36288,0,22.4066,5.71011,16.2127,0.84672,12.849,0.84672,3695.15,0,0.0036966,0.0018483,0.603616,2.06355,3.14935,1.52343,4.29124,0.42336,0.0018483,0.21168,0.0018483,0.21168,460.486,0,1.02816,0,0,1.63178,0.603616,1.028160,1,0,20.5039,0,0,0,20.5039,0
37.4743,2.82758,0,0,1.07692,0.0530918,0.36288,3.6288,59.9632,0.66528,0,0,0.678655,0.297147,0,0.66528,12.849,1,0.84672,0.36288,0,22.2723,5.71011,16.0783,0.84672,12.849,0.84672,3695.15,0,0.0036966,0.0018483,0.649089,2.06375,3.37547,1.52343,4.56303,0.42336,0.0018483,0.21168,0.0018483,0.21168,460.486,0,1.02816,0,0,1.67725,0.649089,1.028160,1,0,20.6414,0,0,0,20.6414,0
35.9407,2.82793,0,0,1.72349,0.0662476,0.36288,3.6288,59.8397,0.66528,0,0,0.834071,0.292356,0,0.66528,12.849,1,0.84672,0.36288,0,37.0012,5.59137,30.926,0.84672,12.849,0.84672,3695.15,0,0.0036966,0.0018483,1.00951,2.06395,3.67956,1.50887,5.2423,0.42336,0.0018483,0.21168,0.0018483,0.21168,460.486,0,1.02816,0,0,2.03767,1.00951,1.028160,1,0,36.1683,0,0,0,36.1683,0
34.656,2.82829,0,0,1.97449,0.0680702,0.36288,3.6288,60.1677,0.66528,0,0,1.27471,0.281387,0,0.66528,12.849,1,0.84672,0.36288,0,33.3383,5.54294,27.3115,0.84672,12.849,0.84672,3695.15,0,0.0036966,0.0018483,2.02262,2.06416,3.88594,1.4468,6.52407,0.42336,0.0018483,0.21168,0.0018483,0.21168,460.486,0,1.02816,0,0,3.05078,2.02262,1.028160,1,0,33.8356,0,0,0,33.8356,0
32.2208,2.7165,0,0,0.716152,0.0719002,0.36288,3.6288,59.7577,0.66528,0,0,0.531259,0.276046,0,0.66528,12.849,1,0.84672,0.36288,0,12.3666,5.10983,6.77294,0.84672,12.849,0.84672,3695.15,0,0.0036966,0.00158093,0.683735,2.06436,2.04612,1.32618,3.46646,0.42336,0.0018483,0.21168,0.0018483,0.21168,460.486,0,1.02816,0,0,1.71189,0.683735,1.028160,1,0,10.2394,0,0,0,10.2394,0
29.6632,2.71684,0,0,0.591802,0.0697674,0.36288,3.6288,59.2851,0.66528,0,0,0.468029,0.275326,0,0.66528,12.849,1,0.84672,0.36288,0,11.418,5.10983,5.82435,0.84672,12.849,0.84672,3695.15,0,0.0036966,0.00174637,0.494009,1.97735,1.89487,1.32618,3.03831,0.42336,0.0018483,0.21168,0.0018483,0.21168,460.486,0,1.02816,0,0,1.52217,0.494009,1.028160,1,0,8.86266,0,0,0,8.86266,0
27.5524,2.71717,0,0,1.10007,0.130795,0.36288,3.6288,59.1483,0.66528,0,0,0.728133,0.199658,0,0.66528,12.849,1,0.84672,0.36288,0,20.1604,4.07167,15.6049,0.84672,12.849,0.84672,3695.15,0,0.0036966,0.0018483,0.873625,1.97754,3.28995,1.00169,5.13758,0.42336,0.0018483,0.21168,0.0018483,0.21168,460.486,0,1.02816,0,0,1.90179,0.873625,1.028160,1,0,20.7425,0,0,0,20.7425,0
26.5115,2.71751,0,0,2.19116,0.151686,0.36288,3.6288,59.4224,0.66528,0,0,1.10894,0.169575,0,0.66528,12.849,1,0.84672,0.36288,0,40.4062,3.65641,36.2659,0.84672,12.849,0.84672,3695.15,0,0.0036966,0.0018483,1.60751,1.97773,4.70051,0.871891,7.41202,0.42336,0.0018483,0.21168,0.0018483,0.21168,460.486,0,1.02816,0,0,2.63567,1.60751,1.028160,1,0,43.6779,0,0,0,43.6779,0
24.2414,2.79636,0,0,1.07133,0.182142,0.36288,3.6288,59.2573,0.66528,0,0,0.705339,0.205132,0,0.66528,12.849,1,0.84672,0.36288,0,24.7906,4.43843,19.8683,0.84672,12.849,0.84672,3695.15,0,0.0036966,0.0018483,0.842003,1.97793,3.18512,0.97818,5.02502,0.42336,0.0018483,0.21168,0.0018483,0.21168,460.486,0,1.02816,0,0,1.87016,0.842003,1.028160,1,0,24.8933,0,0,0,24.8933,0
22.8233,2.79669,0,0,1.92312,0.181599,0.36288,3.6288,59.5511,0.66528,0,0,1.16985,0.210785,0,0.66528,12.849,1,0.84672,0.36288,0,33.3046,4.56876,28.252,0.84672,12.849,0.84672,3695.15,0,0.0036966,0.0018483,1.14445,1.99396,5.44929,0.995895,7.58996,0.42336,0.0018483,0.21168,0.0018483,0.21168,460.486,0,1.02816,0,0,2.17261,1.14445,1.028160,1,0,35.842,0,0,0,35.842,0
21.7455,2.79704,0,0,2.26003,0.177978,0.36288,3.6288,60.6057,0.66528,0,0,1.93107,0.211182,0,0.66528,12.849,1,0.84672,0.36288,0,36.054,4.56876,31.0014,0.84672,12.849,0.84672,3695.15,0,0.0036966,0.0018483,3.03074,1.99415,6.62278,0.995895,10.6499,0.42336,0.0018483,0.21168,0.0018483,0.21168,460.486,0,1.02816,0,0,4.0589,3.03074,1.028160,1,0,41.6514,0,0,0,41.6514,0
20.0275,2.79738,0,0,1.62996,0.187736,0.36288,3.6288,61.0008,0.66528,0,0,1.27983,0.219474,0,0.66528,12.849,1,0.84672,0.36288,0,32.2438,4.68474,27.0752,0.84672,12.849,0.84672,3695.15,0,0.0036966,0.0018483,1.80432,1.99434,6.73817,1.02297,9.51201,0.42336,0.0018483,0.21168,0.0018483,0.21168,460.486,0,1.02816,0,0,2.83248,1.80432,1.028160,1,0,36.5872,0,0,0,36.5872,0
20.4091,2.52325,0,0,3.462,0.194262,0.36288,3.6288,61.308,0.499084,0,0,1.45894,0.221655,0.430964,0.66528,12.849,1,0.84672,0.36288,0,82.1408,4.81281,76.8442,0.84672,12.849,0.84672,3695.15,0,0.0036966,1.51221e-05,2.26947,1.99454,11.108,1.13078,14.2412,0.42336,0.0018483,0.21168,0.0018483,0.21168,460.486,0,1.02816,0,0,3.29763,2.26947,1.028160,1,0,91.5164,0,0,0,91.5164,0
21.1058,2.5165,0,0,3.75693,0.180824,0.36288,3.6288,61.308,0.506326,0,0,1.28883,0.210378,0.572125,0.66528,12.849,1,0.84672,0.36288,0,73.7726,4.6914,68.5974,0.84672,12.849,0.84672,3695.15,0,0.0036966,1.52646e-05,2.14298,1.81154,6.66282,1.16087,9.45645,0.42336,0.0018483,0.21168,0.0018483,0.21168,460.486,0,1.02816,0,0,3.17114,2.14298,1.028160,1,0,78.626,0,0,0,78.626,0
23.4672,2.51698,0,0,5.42153,0.180218,0.36288,3.6288,61.308,0.506326,0,0,2.72847,0.207277,2.01487,0.66528,12.849,1,0.84672,0.36288,0,134.181,4.58421,129.113,0.84672,12.849,0.84672,3695.15,0,0.0036966,1.52646e-05,3.67967,1.81586,16.3277,1.14748,20.6757,0.42336,0.0018483,0.21168,0.0018483,0.21168,460.486,0,1.02816,0,0,4.70783,3.67967,1.028160,1,0,151.803,0,0,0,151.803,0
24.8971,2.51748,0,0,4.48173,0.171555,0.36288,3.6288,61.308,0.506326,0,0,3.17219,0.188675,2.47719,0.66528,12.849,1,0.84672,0.36288,0,93.8771,3.94107,89.4521,0.84672,12.849,0.84672,3695.15,0,0.0036966,1.52646e-05,3.78722,1.81595,12.4844,1.06714,17.0204,0.42336,0.0018483,0.21168,0.0018483,0.21168,460.486,0,1.02816,0,0,4.81538,3.78722,1.028160,1,0,108.95,0,0,0,108.95,0
25.6937,2.51797,0,0,3.85862,0.181122,0.36288,3.6288,61.308,0.506326,0,0,1.49315,0.189371,0.797451,0.66528,12.849,1,0.84672,0.36288,0,76.6233,3.94904,72.1904,0.84672,12.849,0.84672,3695.15,0,0.0036966,1.52646e-05,2.40151,1.81604,7.38036,1.06592,10.532,0.42336,0.0018483,0.21168,0.0018483,0.21168,460.486,0,1.02816,0,0,3.42967,2.40151,1.028160,1,0,83.5199,0,0,0,83.5199,0
27.6351,2.62406,0,0,5.1477,0.219402,0.36288,3.6288,61.308,0.555723,0,0,3.0113,0.193544,2.26203,0.66528,12.849,1,0.84672,0.36288,0,146.079,3.99682,141.598,0.84672,12.849,0.84672,3695.15,0,0.0036966,1.67538e-05,3.23373,1.81613,12.8894,1.05866,16.8806,0.42336,0.0018483,0.21168,0.0018483,0.21168,460.486,0,1.02816,0,0,4.26189,3.23373,1.028160,1,0,160.741,0,0,0,160.741,0
29.4396,2.63088,0,0,5.0238,0.225457,0.36288,3.6288,61.308,0.549366,0,0,1.82425,0.193544,1.08134,0.66528,12.849,1,0.84672,0.36288,0,115.466,3.99682,110.985,0.84672,12.849,0.84672,3695.15,0,0.0036966,1.65622e-05,2.57869,1.87418,10.3713,1.05866,13.7655,0.42336,0.0018483,0.21168,0.0018483,0.21168,460.486,0,1.02816,0,0,3.60685,2.57869,1.028160,1,0,125.832,0,0,0,125.832,0
30.1833,2.6312,0,0,3.95313,0.215437,0.36288,3.6288,61.308,0.549506,0,0,1.40592,0.200363,0.656049,0.66528,12.849,1,0.84672,0.36288,0,86.1624,4.25176,81.4268,0.84672,12.849,0.84672,3695.15,0,0.0036966,1.65664e-05,1.99562,1.87054,8.62082,1.12422,11.3627,0.42336,0.0018483,0.21168,0.0018483,0.21168,460.486,0,1.02816,0,0,3.02378,1.99562,1.028160,1,0,93.4456,0,0,0,93.4456,0
30.6808,2.63151,0,0,3.69764,0.205745,0.36288,3.6288,61.308,0.549646,0,0,1.56956,0.205477,0.814437,0.66528,12.849,1,0.84672,0.36288,0,74.5563,4.44297,69.6295,0.84672,12.849,0.84672,3695.15,0,0.0036966,1.65706e-05,1.89251,1.87071,7.71008,1.1734,10.2999,0.42336,0.0018483,0.21168,0.0018483,0.21168,460.486,0,1.02816,0,0,2.92067,1.89251,1.028160,1,0,80.7438,0,0,0,80.7438,0
33.3015,2.79233,0,0,5.99598,0.220044,0.36288,3.6288,61.308,0.65274,0,0,2.26393,0.230532,1.38066,0.66528,12.849,1,0.84672,0.36288,0,116.454,3.93379,112.037,0.84672,12.849,0.84672,3695.15,0,0.0036966,1.96787e-05,2.36705,1.87088,10.0957,1.11426,13.2193,0.42336,0.0018483,0.21168,0.0018483,0.21168,460.486,0,1.02816,0,0,3.39521,2.36705,1.028160,1,0,126.637,0,0,0,126.637,0
34.3236,2.79267,0,0,4.41046,0.232816,0.36288,3.6288,61.308,0.652889,0,0,2.96075,0.240553,2.0673,0.66528,12.849,1,0.84672,0.36288,0,110.863,3.73013,106.649,0.84672,12.849,0.84672,3695.15,0,0.0036966,1.96832e-05,2.39552,1.98067,14.2247,1.09061,17.5103,0.42336,0.0018483,0.21168,0.0018483,0.21168,460.486,0,1.02816,0,0,3.42368,2.39552,1.028160,1,0,126.227,0,0,0,126.227,0
35.5112,2.793,0,0,4.57291,0.229452,0.36288,3.6288,61.308,0.653038,0,0,2.34118,0.219841,1.4683,0.66528,12.849,1,0.84672,0.36288,0,87.188,3.54998,83.1542,0.84672,12.849,0.84672,3695.15,0,0.0036966,1.96876e-05,2.28059,1.98084,11.2913,1.01787,14.5348,0.42336,0.0018483,0.21168,0.0018483,0.21168,460.486,0,1.02816,0,0,3.30875,2.28059,1.028160,1,0,99.1573,0,0,0,99.1573,0
36.959,2.79332,0,0,4.82077,0.216776,0.36288,3.6288,61.308,0.653187,0,0,2.39134,0.16806,1.57009,0.66528,12.849,1,0.84672,0.36288,0,82.6105,3.0996,79.0271,0.84672,12.849,0.84672,3695.15,0,0.0036966,1.96921e-05,2.2566,1.98102,11.5672,0.836026,14.9688,0.42336,0.0018483,0.21168,0.0018483,0.21168,460.486,0,1.02816,0,0,3.28476,2.2566,1.028160,1,0,95.5659,0,0,0,95.5659,0
38.6581,2.48838,0,0,4.74326,0.192881,0.36288,3.6288,61.308,0.486869,0,0,3.10711,0.248476,2.37176,0.66528,12.849,1,0.84672,0.36288,0,112.686,3.9354,108.267,0.84672,12.849,0.84672,3695.15,0,0.0036966,1.4678e-05,2.55364,1.9812,13.9399,1.05463,17.4201,0.42336,0.0018483,0.21168,0.0018483,0.21168,460.486,0,1.02816,0,0,3.5818,2.55364,1.028160,1,0,128.059,0,0,0,128.059,0
40.4973,2.48886,0,0,4.94119,0.250233,0.36288,3.6288,61.308,0.506311,0,0,2.79513,0.249738,2.03908,0.66528,12.849,1,0.827237,0.36288,0,116.146,4.03845,111.643,0.84672,12.849,0.84672,3695.15,0,0.0036966,1.52642e-05,2.07456,1.79554,13.6024,1.07466,16.3978,0.42336,0.0018483,0.21168,0.0018483,0.21168,460.486,0,1.02816,0,0,3.10272,2.07456,1.028160,1,0,130.08,0,0,0,130.08,0
43.381,2.51771,0,0,6.02167,0.257339,0.36288,3.6288,61.308,0.506311,0,0,3.27297,0.236606,2.53005,0.66528,12.849,1,0.798821,0.36288,0,142.498,3.8116,138.25,0.84672,12.849,0.84672,3695.15,0,0.0036966,1.52642e-05,2.47221,1.807,17.2016,1.00962,20.4712,0.42336,0.0018483,0.21168,0.0018483,0.21168,460.486,0,1.02816,0,0,3.50037,2.47221,1.028160,1,0,161.252,0,0,0,161.252,0
46.628,2.55901,0,0,6.435,0.266159,0.36288,3.6288,61.308,0.506311,0,0,2.94978,0.236606,2.20687,0.66528,12.849,1,0.757953,0.36288,0,153.417,3.8116,149.21,0.84672,12.849,0.84672,3695.15,0,0.0036966,1.52642e-05,2.27172,1.80708,14.7689,1.00962,17.838,0.42336,0.0018483,0.21168,0.0018483,0.21168,460.486,0,1.02816,0,0,3.29988,2.27172,1.028160,1,0,169.255,0,0,0,169.255,0
48.3151,2.60073,0,0,4.92737,0.276663,0.36288,3.6288,61.308,0.506311,0,0,2.6359,0.223172,1.90642,0.66528,12.849,1,0.716669,0.36288,0,112.64,3.79843,108.488,0.84672,12.849,0.84672,3695.15,0,0.0036966,1.52642e-05,2.40025,1.80716,13.8893,0.97525,17.1215,0.42336,0.0018483,0.21168,0.0018483,0.21168,460.486,0,1.02816,0,0,3.42841,2.40025,1.028160,1,0,127.515,0,0,0,127.515,0
50.3999,2.71714,0,0,5.44818,0.283294,0.36288,3.6288,61.308,0.56727,0,0,3.42779,0.189586,2.67093,0.66528,12.849,1,0.722603,0.36288,0,95.5921,3.76551,91.4669,0.84672,12.849,0.84672,3695.15,0,0.0036966,1.71019e-05,4.24475,1.80724,14.3481,0.889334,19.5107,0.42336,0.0018483,0.21168,0.0018483,0.21168,460.486,0,1.02816,0,0,5.27291,4.24475,1.028160,1,0,113.649,0,0,0,113.649,0
51.5494,2.75617,0,0,4.55817,0.28969,0.36288,3.6288,61.308,0.548639,0,0,3.22548,0.189586,2.48726,0.66528,12.849,1,0.70266,0.36288,0,87.3487,3.76551,83.2434,0.84672,12.849,0.84672,3695.15,0,0.0036966,1.65402e-05,3.05332,1.87727,13.7847,0.889334,17.8259,0.42336,0.0018483,0.21168,0.0018483,0.21168,460.486,0,1.02816,0,0,4.08148,3.05332,1.028160,1,0,103.557,0,0,0,103.557,0
51.8574,2.76896,0,0,3.67394,0.234025,0.36288,3.6288,61.308,0.548779,0,0,2.80212,0.241077,2.01226,0.66528,12.849,1,0.69018,0.36288,0,70.1317,4.52646,65.278,0.84672,12.849,0.84672,3695.15,0,0.0036966,1.65445e-05,2.41871,1.86645,11.3137,1.15168,14.4472,0.42336,0.0018483,0.21168,0.0018483,0.21168,460.486,0,1.02816,0,0,3.44687,2.41871,1.028160,1,0,81.7374,0,0,0,81.7374,0
51.6114,2.77249,0,0,3.11424,0.224882,0.36288,3.6288,61.308,0.548918,0,0,2.04619,0.249659,1.24761,0.66528,12.849,1,0.686954,0.36288,0,63.0844,4.65329,58.1071,0.84672,12.849,0.84672,3695.15,0,0.0036966,1.65487e-05,1.48922,1.86662,8.92175,1.19541,11.0822,0.42336,0.0018483,0.21168,0.0018483,0.21168,460.486,0,1.02816,0,0,2.51738,1.48922,1.028160,1,0,70.4369,0,0,0,70.4369,0
50.4976,2.73193,0,0,2.18667,0.205663,0.36288,3.6288,61.308,0.525374,0,0,1.13497,0.214936,0.394658,0.66528,12.849,1,0.680132,0.36288,0,45.486,3.8809,41.2878,0.84672,12.849,0.84672,3695.15,0,0.0036966,1.58389e-05,0.887337,1.86678,6.24405,1.19492,7.80324,0.42336,0.0018483,0.21168,0.0018483,0.21168,460.486,0,1.02816,0,0,1.9155,0.887337,1.028160,1,0,49.4857,0,0,0,49.4857,0
49.7601,2.72021,0,0,2.54883,0.203282,0.36288,3.6288,61.308,0.525511,0,0,1.21188,0.214936,0.471434,0.66528,12.849,1,0.692152,0.36288,0,46.971,3.8809,42.7608,0.84672,12.849,0.84672,3695.15,0,0.0036966,1.5843e-05,0.883837,1.83971,5.35391,1.19492,6.88252,0.42336,0.0018483,0.21168,0.0018483,0.21168,460.486,0,1.02816,0,0,1.912,0.883837,1.028160,1,0,50.1148,0,0,0,50.1148,0
49.3567,2.7123,0,0,2.8548,0.183035,0.36288,3.6288,61.308,0.525649,0,0,1.24685,0.220291,0.500907,0.66528,12.849,1,0.700367,0.36288,0,56.4118,4.04344,52.0308,0.84672,12.849,0.84672,3695.15,0,0.0036966,1.58471e-05,0.969546,1.83987,5.16132,1.16483,6.8059,0.42336,0.0018483,0.21168,0.0018483,0.21168,460.486,0,1.02816,0,0,1.99771,0.969546,1.028160,1,0,59.3376,0,0,0,59.3376,0
48.0828,2.708,0,0,1.95447,0.157463,0.36288,3.6288,61.308,0.525786,0,0,1.08346,0.227431,0.330247,0.66528,12.849,1,0.704972,0.36288,0,41.4995,4.26017,36.8972,0.84672,12.849,0.84672,3695.15,0,0.0036966,1.58513e-05,0.686059,1.84004,4.63693,1.12471,6.0383,0.42336,0.0018483,0.21168,0.0018483,0.21168,460.486,0,1.02816,0,0,1.71422,0.686059,1.028160,1,0,43.2658,0,0,0,43.2658,0
46.642,2.82127,0,0,1.88306,0.139658,0.36288,3.6288,61.308,0.609944,0,0,0.996132,0.226991,0.159197,0.66528,12.849,1,0.753917,0.36288,0,39.7885,4.56694,34.8305,0.84672,12.849,0.84672,3695.15,0,0.0036966,1.83885e-05,0.622719,1.8402,4.48346,1.1469,5.79947,0.42336,0.0018483,0.21168,0.0018483,0.21168,460.486,0,1.02816,0,0,1.65088,0.622719,1.028160,1,0,40.7892,0,0,0,40.7892,0
45.3216,2.80325,0,0,1.97156,0.125912,0.36288,3.6288,61.308,0.614159,0,0,0.899096,0.22666,0.0582769,0.66528,12.849,1,0.772243,0.36288,0,38.8939,4.79703,33.6875,0.84672,12.849,0.84672,3695.15,0,0.0036966,1.85155e-05,0.402797,1.93562,4.13263,1.16354,5.3075,0.42336,0.0018483,0.21168,0.0018483,0.21168,460.486,0,1.02409,0,0,1.42689,0.402797,1.028160,1,0,39.0533,0,0,0,39.0533,0
43.7747,2.78597,0,0,1.72046,0.118465,0.36288,3.6288,61.3021,0.610235,0,0,0.835695,0.231382,0,0.66528,12.849,1,0.789843,0.36288,0,34.7632,4.85058,29.4857,0.84672,12.849,0.84672,3695.15,0,0.0036966,1.83972e-05,0.304525,1.93579,3.99707,1.17722,5.06016,0.42336,0.0018483,0.21168,0.0018483,0.21168,460.486,0,1.02816,0,0,1.33269,0.304525,1.028160,1,0,34.5458,0,0,0,34.5458,0
42.1841,2.76463,0,0,1.62026,0.0833535,0.36288,3.6288,61.1758,0.667488,0,0,0.800876,0.259702,0,0.66528,12.849,1,0.811491,0.36288,0,31.1728,5.17188,25.5523,0.84672,12.849,0.84672,3695.15,0,0.0036966,2.01252e-05,0.30119,1.93597,3.78028,1.25931,4.7581,0.42336,0.0018483,0.21168,0.0018483,0.21168,460.486,0,0.97105,0,0,1.27224,0.30119,1.028160,1,0,30.3104,0,0,0,30.3104,0
40.7044,2.74142,0,0,1.70535,0.0807653,0.36288,3.6288,61.0634,0.612987,0,0,0.756847,0.256261,0,0.66528,12.849,1,0.835018,0.36288,0,31.4961,5.16222,25.8617,0.84672,12.849,0.84672,3695.15,0,0.0036966,1.85201e-05,0.30119,1.93614,3.82323,1.26373,4.79681,0.42336,0.0018483,0.21168,0.0018483,0.21168,460.486,0,1.0257,0,0,1.32689,0.30119,1.028160,1,0,30.6585,0,0,0,30.6585,0
39.6587,2.698,0,0,2.09191,0.0767404,0.36288,3.6288,60.8379,0.656869,0,0,0.679424,0.248,0,0.66528,12.849,1,0.84672,0.36288,0,32.3224,5.13807,26.7005,0.84672,12.849,0.84672,3695.15,0,0.0036966,1.98825e-05,0.536708,1.93631,3.1448,1.27477,4.34303,0.42336,0.0018483,0.21168,0.0018483,0.21168,460.486,0,1.02816,0,0,1.56487,0.536708,1.028160,1,0,31.0435,0,0,0,31.0435,0
38.4441,2.69831,0,0,1.92242,0.0757949,0.36288,3.6288,60.5931,0.657018,0,0,0.659889,0.247646,0,0.66528,12.849,1,0.84672,0.36288,0,31.812,5.13807,26.1901,0.84672,12.849,0.84672,3695.15,0,0.0036966,1.99607e-05,0.537382,1.96617,3.17112,1.27477,4.39989,0.42336,0.0018483,0.21168,0.0018483,0.21168,460.486,0,1.02816,0,0,1.56554,0.537382,1.028160,1,0,30.59,0,0,0,30.59,0
37.0577,2.69862,0,0,1.74986,0.0747379,0.36288,3.6288,60.3059,0.657167,0,0,0.617197,0.247261,0,0.66528,12.849,1,0.84672,0.36288,0,30.5394,5.13807,24.9175,0.84672,12.849,0.84672,3695.15,0,0.0036966,2.00459e-05,0.328285,1.96635,2.97899,1.27477,3.99884,0.42336,0.0018483,0.21168,0.0018483,0.21168,460.486,0,1.02816,0,0,1.35645,0.328285,1.028160,1,0,28.9163,0,0,0,28.9163,0
35.5415,2.69893,0,0,1.60904,0.063428,0.36288,3.6288,59.9584,0.657316,0,0,0.589266,0.279509,0,0.66528,12.849,1,0.84672,0.36288,0,27.074,5.56152,21.0287,0.84672,12.849,0.84672,3695.15,0,0.0036966,2.01459e-05,0.321512,1.96652,2.86643,1.42934,3.72511,0.42336,0.0018483,0.21168,0.0018483,0.21168,460.486,0,1.02816,0,0,1.34967,0.321512,1.028160,1,0,24.7538,0,0,0,24.7538,0
34.2602,2.61207,0,0,1.74779,0.0541682,0.36288,3.6288,59.6469,0.617796,0,0,0.596904,0.290577,0,0.66528,12.849,1,0.84672,0.36288,0,26.3276,5.67693,20.1669,0.84672,12.849,0.84672,3695.15,0,0.0036966,1.90444e-05,0.303134,1.96669,2.63312,1.41877,3.48416,0.42336,0.0018483,0.21168,0.0018483,0.21168,460.486,0,1.02816,0,0,1.33129,0.303134,1.028160,1,0,23.651,0,0,0,23.651,0
32.9112,2.61237,0,0,1.68039,0.0541699,0.36288,3.6288,59.3254,0.617942,0,0,0.581178,0.284708,0,0.66528,12.849,1,0.84672,0.36288,0,25.2452,5.60207,19.1593,0.84672,12.849,0.84672,3695.15,0,0.0036966,1.91484e-05,0.296827,1.91988,2.68915,1.38266,3.52318,0.42336,0.0018483,0.21168,0.0018483,0.21168,460.486,0,1.02816,0,0,1.32499,0.296827,1.028160,1,0,22.6825,0,0,0,22.6825,0
31.3681,2.61267,0,0,1.48576,0.0532753,0.36288,3.6288,58.9025,0.685952,0,0,0.547117,0.284123,0,0.66528,12.849,1,0.84672,0.36288,0,23.8477,5.60207,17.7618,0.84672,12.849,0.84672,3695.15,0,0.0036966,2.1371e-05,0.227405,1.92005,2.52277,1.38266,3.28754,0.42336,0.0018483,0.21168,0.0018483,0.21168,460.486,0,0.960293,0,0,1.1877,0.227405,1.028160,1,0,21.0493,0,0,0,21.0493,0
29.6891,2.61297,0,0,1.34262,0.0457836,0.36288,3.6288,58.4342,0.721512,0,0,0.541712,0.288455,0,0.66528,12.849,1,0.84672,0.36288,0,22.606,5.75161,16.3705,0.84672,12.849,0.84672,3695.15,0,0.0036966,2.26403e-05,0.227405,1.92022,2.51718,1.41254,3.25224,0.42336,0.0018483,0.21168,0.0018483,0.21168,460.486,0,0.924877,0,0,1.15228,0.227405,1.028160,1,0,19.6227,0,0,0,19.6227,0
27.6746,2.84435,0,0,1.23454,0.0417795,0.36288,3.6288,58.0352,0.677808,0,0,0.554746,0.275969,0,0.66528,12.849,1,0.84672,0.36288,0,21.7624,5.59278,15.6858,0.84672,12.849,0.84672,3695.15,0,0.0036966,0.0018483,0.227405,1.92039,2.36586,1.35965,3.15215,0.42336,0.0018483,0.21168,0.0018483,0.21168,460.486,0,1.01563,0,0,1.24304,0.227405,1.028160,1,0,18.838,0,0,0,18.838,0
25.71,2.84466,0,0,1.28237,0.0394612,0.36288,3.6288,57.6727,0.66528,0,0,0.568269,0.265479,0,0.66528,12.849,1,0.84672,0.36288,0,22.909,5.2835,17.1416,0.84672,12.849,0.84672,3695.15,0,0.0036966,0.0018483,0.259623,2.07339,2.24784,1.39752,3.18149,0.42336,0.0018483,0.21168,0.0018483,0.21168,460.486,0,1.02816,0,0,1.28778,0.259623,1.028160,1,0,20.3231,0,0,0,20.3231,0
23.758,2.84497,0,0,1.29429,0.0383892,0.36288,3.6288,57.3042,0.66528,0,0,0.56163,0.264858,0,0.66528,12.849,1,0.84672,0.36288,0,22.5253,5.2835,16.758,0.84672,12.849,0.84672,3695.15,0,0.0036966,0.0018483,0.326143,2.07358,2.41908,1.39752,3.41943,0.42336,0.0018483,0.21168,0.0018483,0.21168,460.486,0,1.02816,0,0,1.3543,0.326143,1.028160,1,0,20.1774,0,0,0,20.1774,0
22.0615,2.84528,0,0,1.54892,0.0373242,0.36288,3.6288,56.9658,0.66528,0,0,0.591182,0.264226,0,0.66528,12.849,1,0.84672,0.36288,0,22.0254,5.2835,16.2581,0.84672,12.849,0.84672,3695.15,0,0.0036966,0.0018483,0.342714,2.07376,3.24993,1.39752,4.26703,0.42336,0.0018483,0.21168,0.0018483,0.21168,460.486,0,1.02816,0,0,1.37087,0.342714,1.028160,1,0,20.5251,0,0,0,20.5251,0
20.099,2.84559,0,0,1.2841,0.038118,0.36288,3.6288,56.539,0.66528,0,0,0.498029,0.259571,0,0.66528,12.849,1,0.84672,0.36288,0,22.3432,5.30208,16.5573,0.84672,12.849,0.84672,3695.15,0,0.0036966,0.0018483,0.272022,2.07395,2.26066,1.40926,3.19553,0.42336,0.0018483,0.21168,0.0018483,0.21168,460.486,0,1.02816,0,0,1.30018,0.272022,1.028160,1,0,19.7528,0,0,0,19.7528,0
18.9683,2.73323,0,0,2.0161,0.0507038,0.36288,3.6288,56.1174,0.66528,0,0,0.463138,0.219523,0,0.66528,12.849,1,0.84672,0.36288,0,31.8734,4.5122,26.8774,0.84672,12.849,0.84672,3695.15,0,0.0036966,0.0018483,0.348201,2.07413,3.07472,1.25277,4.24243,0.42336,0.0018483,0.21168,0.0018483,0.21168,460.486,0,1.02816,0,0,1.37636,0.348201,1.028160,1,0,31.1198,0,0,0,31.1198,0
17.782,2.73353,0,0,1.97739,0.0672487,0.36288,3.6288,55.907,0.66528,0,0,0.663678,0.208712,0,0.66528,12.849,1,0.84672,0.36288,0,30.3937,4.05804,25.8518,0.84672,12.849,0.84672,3695.15,0,0.0036966,0.0018483,0.746168,1.98669,3.98405,1.14063,5.57443,0.42336,0.0018483,0.21168,0.0018483,0.21168,460.486,0,1.02816,0,0,1.77433,0.746168,1.028160,1,0,31.4263,0,0,0,31.4263,0
16.6502,2.73383,0,0,2.03106,0.0661246,0.36288,3.6288,55.9044,0.66528,0,0,0.871059,0.208425,0,0.66528,12.849,1,0.84672,0.36288,0,30.7746,4.05804,26.2327,0.84672,12.849,0.84672,3695.15,0,0.0036966,0.0018483,1.24656,1.98687,4.5462,1.14063,6.63714,0.42336,0.0018483,0.21168,0.0018483,0.21168,460.486,0,1.02816,0,0,2.27472,1.24656,1.028160,1,0,32.8698,0,0,0,32.8698,0
15.3328,2.73413,0,0,1.84464,0.0650521,0.36288,3.6288,55.7056,0.66528,0,0,0.674894,0.208421,0,0.66528,12.849,1,0.84672,0.36288,0,27.556,4.05804,23.0141,0.84672,12.849,0.84672,3695.15,0,0.0036966,0.0018483,0.763759,1.98704,3.57642,1.14063,5.18475,0.42336,0.0018483,0.21168,0.0018483,0.21168,460.486,0,1.02816,0,0,1.79192,0.763759,1.028160,1,0,28.1989,0,0,0,28.1989,0
13.5849,2.81329,0,0,1.5241,0.0958289,0.36288,3.6288,55.5004,0.66528,0,0,0.696151,0.236078,0,0.66528,12.849,1,0.84672,0.36288,0,33.8438,3.76382,29.5962,0.84672,12.849,0.84672,3695.15,0,0.0036966,0.0018483,0.633329,1.98722,4.51302,0.917622,6.21409,0.42336,0.0018483,0.21168,0.0018483,0.21168,460.486,0,1.02816,0,0,1.66149,0.633329,1.028160,1,0,35.8103,0,0,0,35.8103,0
12.8212,2.81357,0,0,2.51758,0.104794,0.36288,3.6288,55.3697,0.66528,0,0,0.78149,0.246916,0,0.66528,12.849,1,0.84672,0.36288,0,44.2191,3.64613,40.0891,0.84672,12.849,0.84672,3695.15,0,0.0036966,0.0018483,0.630253,2.0033,5.69562,0.828418,7.49891,0.42336,0.0018483,0.21168,0.0018483,0.21168,460.486,0,1.02816,0,0,1.65841,0.630253,1.028160,1,0,47.588,0,0,0,47.588,0
15.6464,2.81387,0,0,6.10494,0.103056,0.36288,3.6288,56.3893,0.66528,0,0,1.93157,0.246704,0,0.66528,12.849,1,0.84672,0.36288,0,101.169,3.64613,97.0392,0.84672,12.849,0.84672,3695.15,0,0.0036966,0.0018483,3.28171,2.00348,9.44317,0.828418,13.8981,0.42336,0.0018483,0.21168,0.0018483,0.21168,460.486,0,1.02816,0,0,4.30987,3.28171,1.028160,1,0,110.937,0,0,0,110.937,0
17.1044,2.81427,0,0,4.75574,0.12054,0.36288,3.6288,56.8739,0.66528,0,0,1.40505,0.25508,0,0.66528,12.849,1,0.84672,0.36288,0,58.0432,3.46189,54.0974,0.84672,12.849,0.84672,3695.15,0,0.0036966,0.0018483,1.8619,2.00366,5.62303,0.764782,8.72196,0.42336,0.0018483,0.21168,0.0018483,0.21168,460.486,0,1.02816,0,0,2.89006,1.8619,1.028160,1,0,62.8194,0,0,0,62.8194,0
18.0758,2.53889,0,0,4.01377,0.140635,0.36288,3.6288,58.1888,0.506186,0,0,2.07097,0.249922,0,0.66528,12.849,1,0.84672,0.36288,0,69.011,3.75315,64.7741,0.84672,12.849,0.84672,3695.15,0,0.0036966,1.64501e-05,2.84895,2.00383,8.383,0.878179,12.3576,0.42336,0.0018483,0.21168,0.0018483,0.21168,460.486,0,1.02816,0,0,3.87711,2.84895,1.028160,1,0,77.1317,0,0,0,77.1317,0
18.8553,2.5392,0,0,3.82689,0.145286,0.36288,3.6288,60.4255,0.506322,0,0,2.97494,0.231946,0,0.66528,12.849,1,0.84672,0.36288,0,98.134,4.46901,93.1811,0.84672,12.849,0.84672,3695.15,0,0.0036966,1.60827e-05,4.06917,1.81996,9.34528,1.14251,14.0919,0.42336,0.0018483,0.21168,0.0018483,0.21168,460.486,0,1.02816,0,0,5.09733,4.06917,1.028160,1,0,107.273,0,0,0,107.273,0
22.3702,2.53951,0,0,6.56422,0.146902,0.36288,3.6288,61.308,0.506459,0,0,2.80041,0.235291,1.17614,0.66528,12.849,1,0.84672,0.36288,0,101.761,4.46901,96.8082,0.84672,12.849,0.84672,3695.15,0,0.0036966,1.54916e-05,4.63146,1.82012,9.42572,1.14251,14.7348,0.42336,0.0018483,0.21168,0.0018483,0.21168,460.486,0,1.02816,0,0,5.65962,4.63146,1.028160,1,0,112.719,0,0,0,112.719,0
25.8925,2.53985,0,0,6.58058,0.155602,0.36288,3.6288,61.308,0.506595,0,0,3.75574,0.231719,3.01742,0.66528,12.849,1,0.84672,0.36288,0,98.4787,4.0532,93.9417,0.84672,12.849,0.84672,3695.15,0,0.0036966,1.52727e-05,4.17747,1.82029,11.3189,1.10265,16.214,0.42336,0.0018483,0.21168,0.0018483,0.21168,460.486,0,1.02816,0,0,5.20563,4.17747,1.028160,1,0,113.173,0,0,0,113.173,0
34.2222,2.54018,0,0,11.4162,0.183395,0.36288,3.6288,61.308,0.506731,0,0,5.6527,0.217689,4.92828,0.66528,12.849,1,0.84672,0.36288,0,143.999,3.43455,140.081,0.84672,12.849,0.84672,3695.15,0,0.0036966,1.52768e-05,4.89403,1.82045,16.0667,1.09716,21.684,0.42336,0.0018483,0.21168,0.0018483,0.21168,460.486,0,1.02816,0,0,5.92219,4.89403,1.028160,1,0,166.693,0,0,0,166.693,0
36.7368,2.64662,0,0,5.69361,0.169539,0.36288,3.6288,61.308,0.556491,0,0,3.49828,0.219997,2.7218,0.66528,12.849,1,0.84672,0.36288,0,134.687,3.81455,130.389,0.84672,12.849,0.84672,3695.15,0,0.0036966,1.6777e-05,5.77538,1.82061,12.5532,1.13014,19.0191,0.42336,0.0018483,0.21168,0.0018483,0.21168,460.486,0,1.02816,0,0,6.80354,5.77538,1.028160,1,0,152.13,0,0,0,152.13,0
38.5455,2.64691,0,0,4.9932,0.174759,0.36288,3.6288,61.308,0.556618,0,0,3.11072,0.219997,2.33411,0.66528,12.849,1,0.84672,0.36288,0,103.13,3.81455,98.8312,0.84672,12.849,0.84672,3695.15,0,0.0036966,1.67808e-05,4.58815,1.87899,10.9859,1.13014,16.3229,0.42336,0.0018483,0.21168,0.0018483,0.21168,460.486,0,1.02816,0,0,5.61631,4.58815,1.028160,1,0,117.488,0,0,0,117.488,0
40.8272,2.64719,0,0,5.48954,0.197748,0.36288,3.6288,61.308,0.556744,0,0,2.48398,0.212857,1.71438,0.66528,12.849,1,0.84672,0.36288,0,112.318,3.8905,107.944,0.84672,12.849,0.84672,3695.15,0,0.0036966,1.67846e-05,4.01147,1.87914,13.2545,1.26259,17.8825,0.42336,0.0018483,0.21168,0.0018483,0.21168,460.486,0,1.02816,0,0,5.03963,4.01147,1.028160,1,0,127.541,0,0,0,127.541,0
42.0443,2.65776,0,0,4.45571,0.217918,0.36288,3.6288,61.308,0.55687,0,0,2.34874,0.207502,1.58437,0.66528,12.849,1,0.836441,0.36288,0,99.7687,3.94748,95.3476,0.84672,12.849,0.84672,3695.15,0,0.0036966,1.67884e-05,3.64798,1.87929,9.82558,1.36193,13.9909,0.42336,0.0018483,0.21168,0.0018483,0.21168,460.486,0,1.02816,0,0,4.67614,3.64798,1.028160,1,0,110.923,0,0,0,110.923,0
43.5782,2.80901,0,0,4.92604,0.220312,0.36288,3.6288,61.308,0.660421,0,0,2.61674,0.195887,1.76044,0.66528,12.849,1,0.84672,0.36288,0,151.887,3.88087,147.522,0.84672,12.849,0.84672,3695.15,0,0.0036966,1.99102e-05,4.15187,1.87944,10.203,1.11754,15.1167,0.42336,0.0018483,0.21168,0.0018483,0.21168,460.486,0,1.02816,0,0,5.18003,4.15187,1.028160,1,0,164.399,0,0,0,164.399,0
47.6719,2.82351,0,0,7.50298,0.222843,0.36288,3.6288,61.308,0.660555,0,0,3.63989,0.161322,2.81801,0.66528,12.849,1,0.832511,0.36288,0,168.778,3.4971,164.811,0.84672,12.849,0.84672,3695.15,0,0.0036966,1.99143e-05,6.02751,1.98972,14.4717,0.863798,21.6251,0.42336,0.0018483,0.21168,0.0018483,0.21168,460.486,0,1.02816,0,0,7.05567,6.02751,1.028160,1,0,189.254,0,0,0,189.254,0
55.3208,2.88006,0,0,11.1248,0.232949,0.36288,3.6288,61.308,0.66069,0,0,4.41341,0.15098,3.60174,0.66528,12.849,1,0.776262,0.36288,0,284.99,3.36357,281.213,0.84672,12.849,0.84672,3695.15,0,0.0036966,1.99183e-05,8.12087,1.98988,23.9,0.835618,33.1751,0.42336,0.0018483,0.21168,0.0018483,0.21168,460.486,0,1.02816,0,0,9.14903,8.12087,1.028160,1,0,317.989,0,0,0,317.989,0
56.183,2.96741,0,0,4.44485,0.252316,0.36288,3.6288,61.308,0.660824,0,0,2.13958,0.15098,1.32778,0.66528,12.849,1,0.68922,0.36288,0,171.611,3.36357,167.921,0.84672,12.849,0.84672,3695.15,0,0.0036966,1.99224e-05,3.90634,1.99004,10.1618,0.835618,15.2225,0.42336,0.0018483,0.21168,0.0018483,0.21168,460.486,0,1.02816,0,0,4.9345,3.90634,1.028160,1,0,184.472,0,0,0,184.472,0
57.6777,2.72667,0,0,4.85131,0.267154,0.36288,3.6288,61.308,0.493737,0,0,2.38606,0.177998,1.71432,0.66528,12.849,1,0.623587,0.36288,0,253.035,3.77057,249.004,0.84672,12.849,0.84672,3695.15,0,0.0036966,1.48851e-05,3.92824,1.99019,12.6801,0.902267,17.6962,0.42336,0.0018483,0.21168,0.0018483,0.21168,460.486,0,1.02816,0,0,4.9564,3.92824,1.028160,1,0,268.415,0,0,0,268.415,0
59.8696,2.74011,0,0,5.57237,0.277389,0.36288,3.6288,61.308,0.493858,0,0,1.1718,0.170133,0.507809,0.66528,12.849,1,0.61042,0.36288,0,246.521,3.73884,242.534,0.84672,12.849,0.84672,3695.15,0,0.0036966,1.48887e-05,2.95919,1.80368,12.2092,0.894007,16.078,0.42336,0.0018483,0.21168,0.0018483,0.21168,460.486,0,1.02816,0,0,3.98735,2.95919,1.028160,1,0,259.12,0,0,0,259.12,0
64.6897,2.75873,0,0,8.22505,0.283336,0.36288,3.6288,61.308,0.493979,0,0,2.73206,0.170133,2.06795,0.66528,12.849,1,0.592068,0.36288,0,249.805,3.73884,245.837,0.84672,12.849,0.84672,3695.15,0,0.0036966,1.48924e-05,6.59701,1.80383,17.6551,0.894007,25.162,0.42336,0.0018483,0.21168,0.0018483,0.21168,460.486,0,1.02816,0,0,7.62517,6.59701,1.028160,1,0,273.067,0,0,0,273.067,0
71.1247,2.79576,0,0,9.88926,0.295684,0.36288,3.6288,61.308,0.4941,0,0,2.95982,0.136069,2.32965,0.66528,12.849,1,0.555308,0.36288,0,253.775,3.58256,250,0.84672,12.849,0.84672,3695.15,0,0.0036966,1.4896e-05,5.56714,1.80397,19.8967,0.837683,26.4301,0.42336,0.0018483,0.21168,0.0018483,0.21168,460.486,0,1.02816,0,0,6.5953,5.56714,1.028160,1,0,278.76,0,0,0,278.76,0
72.29,2.83854,0,0,6.58039,0.314625,2.2619,3.6288,61.308,0.494221,0,0,1.0922,0.104197,0.493781,0.66528,12.849,1,0.512796,2.2619,0,205.006,3.49277,203.262,0.84672,12.849,0.84672,3695.15,0,0.0036966,1.48997e-05,2.70509,1.80411,11.7055,0.773818,15.4408,0.42336,0.0018483,0.21168,0.0018483,0.21168,460.486,0,1.02816,0,0,3.73325,2.70509,1.028160,1,0,219.197,0,0,0,219.197,0
72.29,2.94977,0,0,7.92392,0.332963,4.64119,3.6288,61.308,0.555575,0,0,2.02834,0.185478,1.28728,0.66528,12.849,1,0.524299,4.64119,0,235.926,4.20431,235.839,0.84672,12.849,0.84672,3695.15,0,0.0036966,1.67494e-05,4.51665,1.80426,13.5458,0.841215,19.0255,0.42336,0.0018483,0.21168,0.0018483,0.21168,460.486,0,1.02816,0,0,5.54481,4.51665,1.028160,1,0,256.152,0,0,0,256.152,0
72.29,2.95,0,0,7.57547,0.332963,4.2925,3.6288,61.308,0.555701,0,0,3.76145,0.185478,3.02027,0.66528,12.849,1,0.524341,4.2925,0,263.854,4.20431,263.418,0.84672,12.849,0.84672,3695.15,0,0.0036966,1.67531e-05,7.89299,1.87466,16.7473,0.841215,25.6738,0.42336,0.0018483,0.21168,0.0018483,0.21168,460.486,0,1.02816,0,0,8.92115,7.89299,1.028160,1,0,292.112,0,0,0,292.112,0
72.29,2.95024,0,0,6.27006,0.324035,2.99578,3.6288,61.308,0.555827,0,0,1.35166,0.190235,0.605596,0.66528,12.849,1,0.524383,2.99578,0,198.82,4.26247,197.029,0.84672,12.849,0.84672,3695.15,0,0.0036966,1.67569e-05,3.47975,1.87481,11.5885,0.852666,16.0904,0.42336,0.0018483,0.21168,0.0018483,0.21168,460.486,0,1.02816,0,0,4.50791,3.47975,1.028160,1,0,213.725,0,0,0,213.725,0
72.29,2.95047,0,0,7.16738,0.279588,3.93732,3.6288,61.308,0.555953,0,0,1.73201,0.203602,0.972454,0.66528,12.849,1,0.524424,3.93732,0,208.195,4.29366,207.314,0.84672,12.849,0.84672,3695.15,0,0.0036966,1.67607e-05,4.37605,1.87496,13.5403,0.927993,18.8633,0.42336,0.0018483,0.21168,0.0018483,0.21168,460.486,0,1.02816,0,0,5.40421,4.37605,1.028160,1,0,227.15,0,0,0,227.15,0
72.29,2.91004,0,0,5.33738,0.263855,2.16348,3.6288,61.308,0.532289,0,0,1.71173,0.2218,0.957642,0.66528,12.849,1,0.517238,2.16348,0,136.871,4.74663,133.771,0.84672,12.849,0.84672,3695.15,0,0.0036966,1.60473e-05,3.98974,1.87511,10.8167,1.06899,15.6125,0.42336,0.0018483,0.21168,0.0018483,0.21168,460.486,0,1.02816,0,0,5.0179,3.98974,1.028160,1,0,150.341,0,0,0,150.341,0
72.29,2.91027,0,0,4.58152,0.251055,1.4202,3.6288,61.308,0.532414,0,0,1.59693,0.222273,0.842244,0.66528,12.849,1,0.517279,1.4202,0,122.76,4.6852,118.977,0.84672,12.849,0.84672,3695.15,0,0.0036966,1.60511e-05,3.38068,1.8479,8.35203,1.06091,12.5197,0.42336,0.0018483,0.21168,0.0018483,0.21168,460.486,0,1.02816,0,0,4.40884,3.38068,1.028160,1,0,132.339,0,0,0,132.339,0
72.29,2.9105,0,0,4.23284,0.251055,1.07128,3.6288,61.308,0.532538,0,0,1.45281,0.222273,0.697996,0.66528,12.849,1,0.51732,1.07128,0,115.575,4.6852,111.443,0.84672,12.849,0.84672,3695.15,0,0.0036966,1.60548e-05,2.54672,1.84805,7.15608,1.06091,10.4899,0.42336,0.0018483,0.21168,0.0018483,0.21168,460.486,0,1.02816,0,0,3.57488,2.54672,1.028160,1,0,122.631,0,0,0,122.631,0
72.29,2.91073,0,0,3.94,0.251055,0.778214,3.6288,61.308,0.532662,0,0,1.36354,0.222273,0.608604,0.66528,12.849,1,0.517361,0.778214,0,105.246,4.6852,100.822,0.84672,12.849,0.84672,3695.15,0,0.0036966,1.60586e-05,2.17911,1.8482,6.40223,1.06091,9.36861,0.42336,0.0018483,0.21168,0.0018483,0.21168,460.486,0,1.02816,0,0,3.20727,2.17911,1.028160,1,0,110.799,0,0,0,110.799,0
72.259,3.04905,0,0,3.58316,0.202245,0.36288,3.6288,61.308,0.617177,0,0,1.23337,0.23364,0.382551,0.66528,12.849,1,0.541946,0.36288,0,90.663,5.09277,85.3911,0.84672,12.849,0.84672,3695.15,0,0.0036966,1.86065e-05,2.04997,1.84834,5.73902,1.19598,8.44133,0.42336,0.0018483,0.21168,0.0018483,0.21168,460.486,0,1.02816,0,0,3.07813,2.04997,1.028160,1,0,94.215,0,0,0,94.215,0
72.0218,3.0491,0,0,3.33523,0.160437,0.36288,3.6288,61.308,0.617308,0,0,1.20335,0.233848,0.352198,0.66528,12.849,1,0.542187,0.36288,0,76.5141,5.30953,71.0253,0.84672,12.849,0.84672,3695.15,0,0.0036966,1.86105e-05,2.02162,1.94417,5.55055,1.33028,8.18605,0.42336,0.0018483,0.21168,0.0018483,0.21168,460.486,0,1.02816,0,0,3.04978,2.02162,1.028160,1,0,79.5635,0,0,0,79.5635,0
71.4354,3.04783,0,0,2.98445,0.160149,0.36288,3.6288,61.308,0.617439,0,0,1.09424,0.233848,0.242952,0.66528,12.849,1,0.543745,0.36288,0,73.3493,5.30953,67.8589,0.84672,12.849,0.84672,3695.15,0,0.0036966,1.86144e-05,1.83372,1.94432,5.47101,1.33028,7.91876,0.42336,0.0018483,0.21168,0.0018483,0.21168,460.486,0,1.02816,0,0,2.86188,1.83372,1.028160,1,0,76.0206,0,0,0,76.0206,0
70.6956,3.04428,0,0,2.8268,0.159435,0.36288,3.6288,61.308,0.61757,0,0,1.12931,0.233848,0.277891,0.66528,12.849,1,0.547572,0.36288,0,62.5293,5.30953,57.0351,0.84672,12.849,0.84672,3695.15,0,0.0036966,1.86184e-05,1.88508,1.94448,5.21794,1.33028,7.7172,0.42336,0.0018483,0.21168,0.0018483,0.21168,460.486,0,1.02816,0,0,2.91324,1.88508,1.028160,1,0,65.0302,0,0,0,65.0302,0
69.7501,3.03968,0,0,2.56363,0.106558,0.36288,3.6288,61.308,0.617701,0,0,1.08116,0.253978,0.209479,0.66528,12.849,1,0.552464,0.36288,0,60.1052,5.41439,54.5012,0.84672,12.849,0.84672,3695.15,0,0.0036966,1.86223e-05,1.78603,1.94463,5.08466,1.36809,7.44722,0.42336,0.0018483,0.21168,0.0018483,0.21168,460.486,0,1.02816,0,0,2.81419,1.78603,1.028160,1,0,62.1579,0,0,0,62.1579,0
68.6418,3.00642,0,0,2.36225,0.10127,0.36288,3.6288,61.1615,0.664233,0,0,0.776287,0.258533,0,0.66528,12.849,1,0.553827,0.36288,0,55.9323,5.14595,50.5954,0.84672,12.849,0.84672,3695.15,0,0.0036966,2.00251e-05,0.598251,1.94479,4.30062,1.32835,5.51529,0.42336,0.0018483,0.21168,0.0018483,0.21168,460.486,0,1.02816,0,0,1.62641,0.598251,1.028160,1,0,56.1106,0,0,0,56.1106,0
67.4683,2.99913,0,0,2.28894,0.100402,0.36288,3.6288,61.0278,0.664367,0,0,0.788893,0.258294,0,0.66528,12.849,1,0.561404,0.36288,0,52.7023,5.14595,47.3578,0.84672,12.849,0.84672,3695.15,0,0.0036966,2.00772e-05,0.706268,1.97476,4.54143,1.32835,5.8941,0.42336,0.0018483,0.21168,0.0018483,0.21168,460.486,0,1.02816,0,0,1.73443,0.706268,1.028160,1,0,53.2519,0,0,0,53.2519,0
66.2497,2.99116,0,0,2.23493,0.0994827,0.36288,3.6288,60.8471,0.664502,0,0,0.741969,0.258075,0,0.66528,12.849,1,0.569652,0.36288,0,49.5918,5.14595,44.2391,0.84672,12.849,0.84672,3695.15,0,0.0036966,2.01253e-05,0.700134,1.97492,4.69133,1.32835,6.03802,0.42336,0.0018483,0.21168,0.0018483,0.21168,460.486,0,1.02816,0,0,1.72829,0.700134,1.028160,1,0,50.2771,0,0,0,50.2771,0
64.9097,2.98262,0,0,2.08122,0.0757025,0.36288,3.6288,60.6131,0.664636,0,0,0.727116,0.296529,0,0.66528,12.849,1,0.578474,0.36288,0,47.1025,5.68887,41.1981,0.84672,12.849,0.84672,3695.15,0,0.0036966,2.01891e-05,0.603971,1.97508,4.49461,1.5121,5.56155,0.42336,0.0018483,0.21168,0.0018483,0.21168,460.486,0,1.02816,0,0,1.63213,0.603971,1.028160,1,0,46.7596,0,0,0,46.7596,0
63.2933,2.89981,0,0,1.71678,0.070551,0.36288,3.6288,60.2567,0.62493,0,0,0.574456,0.3059,0,0.66528,12.849,1,0.574023,0.36288,0,36.9751,5.78912,30.9748,0.84672,12.849,0.84672,3695.15,0,0.0036966,1.90562e-05,0.333314,1.97524,3.76122,1.5232,4.54655,0.42336,0.0018483,0.21168,0.0018483,0.21168,460.486,0,1.02816,0,0,1.36147,0.333314,1.028160,1,0,35.5213,0,0,0,35.5213,0
61.6247,2.88786,0,0,1.65352,0.071351,0.36288,3.6288,59.7905,0.625061,0,0,0.463636,0.304811,0,0.66528,12.849,1,0.586256,0.36288,0,44.6753,5.64743,38.8045,0.84672,12.849,0.84672,3695.15,0,0.0036966,1.9173e-05,0.347553,1.9282,3.72249,1.46303,4.5352,0.42336,0.0018483,0.21168,0.0018483,0.21168,460.486,0,1.02816,0,0,1.37571,0.347553,1.028160,1,0,43.3397,0,0,0,43.3397,0
59.8648,2.87495,0,0,1.5483,0.0703815,0.36288,3.6288,59.2926,0.625192,0,0,0.431165,0.303906,0,0.66528,12.849,1,0.599438,0.36288,0,35.8698,5.64743,29.9858,0.84672,12.849,0.84672,3695.15,0,0.0036966,1.93265e-05,0.322056,1.92836,3.35553,1.46303,4.1429,0.42336,0.0018483,0.21168,0.0018483,0.21168,460.486,0,1.02816,0,0,1.35022,0.322056,1.028160,1,0,34.1287,0,0,0,34.1287,0
57.9816,2.86067,0,0,1.40968,0.069322,0.36288,3.6288,58.6605,0.738426,0,0,0.409335,0.30294,0,0.66528,12.849,1,0.613995,0.36288,0,32.6905,5.64743,26.7919,0.84672,12.849,0.84672,3695.15,0,0.0036966,2.30186e-05,0.227405,1.92851,3.12996,1.46303,3.82282,0.42336,0.0018483,0.21168,0.0018483,0.21168,460.486,0,0.915054,0,0,1.14246,0.227405,1.028160,1,0,30.6148,0,0,0,30.6148,0
55.9157,3.03454,0,0,1.39331,0.0617745,0.36288,3.6288,58.1605,0.66528,0,0,0.457886,0.292591,0,0.66528,12.849,1,0.672469,0.36288,0,30.9979,5.65854,25.0298,0.84672,12.849,0.84672,3695.15,0,0.0036966,0.0018483,0.474846,1.92866,4.29742,1.48851,5.21057,0.42336,0.0018483,0.21168,0.0018483,0.21168,460.486,0,1.02816,0,0,1.50301,0.474846,1.028160,1,0,30.2403,0,0,0,30.2403,0
53.1684,3.01458,0,0,0.698,0.0678686,0.36288,3.6288,57.2794,0.895908,0,0,0.289837,0.27509,0,0.66528,12.849,1,0.692726,0.36288,0,19.7159,5.30786,14.0782,0.84672,12.849,0.84672,3695.15,0,0.0036966,0.0018483,0.227405,2.08231,2.71677,1.46151,3.56312,0.42336,0.0018483,0.21168,0.0018483,0.21168,460.486,0,0.797532,0,0,1.02494,0.227405,1.028160,1,0,17.6413,0,0,0,17.6413,0
50.5354,2.98598,0,0,0.781894,0.0660129,0.36288,3.6288,56.4358,0.867361,0,0,0.297321,0.273527,0,0.66528,12.849,1,0.721611,0.36288,0,19.5979,5.30786,13.9313,0.84672,12.849,0.84672,3695.15,0,0.0036966,0.0018483,0.227405,2.08247,2.91184,1.46151,3.75836,0.42336,0.0018483,0.21168,0.0018483,0.21168,460.486,0,0.826079,0,0,1.05348,0.227405,1.028160,1,0,17.6896,0,0,0,17.6896,0
48.3866,2.95624,0,0,1.25135,0.0810192,0.36288,3.6288,55.8681,0.66528,0,0,0.365406,0.267871,0,0.66528,12.849,1,0.751645,0.36288,0,32.558,5.18911,26.9801,0.84672,12.849,0.84672,3695.15,0,0.0036966,0.0018483,0.251726,2.08264,3.17416,1.44695,4.05973,0.42336,0.0018483,0.21168,0.0018483,0.21168,460.486,0,1.02816,0,0,1.27989,0.251726,1.028160,1,0,31.0399,0,0,0,31.0399,0
46.5825,2.93009,0,0,1.56843,0.0795822,0.36288,3.6288,55.39,0.66528,0,0,0.445601,0.258359,0,0.66528,12.849,1,0.778082,0.36288,0,38.8284,5.3292,33.084,0.84672,12.849,0.84672,3695.15,0,0.0036966,0.0018483,0.228252,2.0828,3.11308,1.43293,3.98936,0.42336,0.0018483,0.21168,0.0018483,0.21168,460.486,0,1.02816,0,0,1.25641,0.228252,1.028160,1,0,37.0734,0,0,0,37.0734,0
44.4758,2.81801,0,0,1.14824,0.0740356,0.36288,3.6288,54.7572,0.66528,0,0,0.271804,0.239393,0,0.66528,12.849,1,0.777302,0.36288,0,38.1582,4.49724,33.2466,0.84672,12.849,0.84672,3695.15,0,0.0036966,0.0018483,0.209235,2.08297,2.63396,1.22056,3.70375,0.42336,0.0018483,0.21168,0.0018483,0.21168,460.486,0,1.02816,0,0,1.23739,0.209235,1.028160,1,0,36.9503,0,0,0,36.9503,0
42.2748,2.78967,0,0,1.05405,0.102508,0.36288,3.6288,54.2237,0.66528,0,0,0.356544,0.224764,0,0.66528,12.849,1,0.805931,0.36288,0,33.7476,3.86054,29.444,0.84672,12.849,0.84672,3695.15,0,0.0036966,0.0018483,0.421355,1.99514,3.12771,1.05782,4.48454,0.42336,0.0018483,0.21168,0.0018483,0.21168,460.486,0,1.02816,0,0,1.44952,0.421355,1.028160,1,0,33.9285,0,0,0,33.9285,0
40.2396,2.7577,0,0,1.18529,0.0999471,0.36288,3.6288,53.8541,0.66528,0,0,0.519687,0.223973,0,0.66528,12.849,1,0.838176,0.36288,0,37.9118,3.86054,33.576,0.84672,12.849,0.84672,3695.15,0,0.0036966,0.0018483,0.949666,1.9953,4.11158,1.05782,5.99688,0.42336,0.0018483,0.21168,0.0018483,0.21168,460.486,0,1.02816,0,0,1.97783,0.949666,1.028160,1,0,39.5728,0,0,0,39.5728,0
38.0819,2.74944,0,0,1.05219,0.0975795,0.36288,3.6288,53.3701,0.66528,0,0,0.404734,0.223426,0,0.66528,12.849,1,0.84672,0.36288,0,33.0682,3.86054,28.7238,0.84672,12.849,0.84672,3695.15,0,0.0036966,0.0018483,0.575225,1.99546,3.15458,1.05782,4.66559,0.42336,0.0018483,0.21168,0.0018483,0.21168,460.486,0,1.02816,0,0,1.60339,0.575225,1.028160,1,0,33.3894,0,0,0,33.3894,0
35.6915,2.82893,0,0,0.898551,0.0970652,0.36288,3.6288,52.9895,0.66528,0,0,0.505039,0.220399,0,0.66528,12.849,1,0.84672,0.36288,0,29.4572,4.50543,24.4679,0.84672,12.849,0.84672,3695.15,0,0.0036966,0.0018483,1.00164,1.99561,3.27414,1.04412,5.22543,0.42336,0.0018483,0.21168,0.0018483,0.21168,460.486,0,1.02816,0,0,2.0298,1.00164,1.028160,1,0,29.6934,0,0,0,29.6934,0
33.6242,2.82921,0,0,1.24879,0.124023,0.36288,3.6288,52.5366,0.66528,0,0,0.411958,0.19959,0,0.66528,12.849,1,0.84672,0.36288,0,22.6693,4.59296,17.5925,0.84672,12.849,0.84672,3695.15,0,0.0036966,0.0018483,0.513579,2.01175,2.87081,0.953591,4.4407,0.42336,0.0018483,0.21168,0.0018483,0.21168,460.486,0,1.02816,0,0,1.54174,0.513579,1.028160,1,0,22.0332,0,0,0,22.0332,0
32.3398,2.82949,0,0,2.08501,0.177083,0.36288,3.6288,52.3876,0.66528,0,0,0.72435,0.208084,0,0.66528,12.849,1,0.84672,0.36288,0,35.8544,4.71565,30.6549,0.84672,12.849,0.84672,3695.15,0,0.0036966,0.0018483,0.899726,2.01191,2.91906,0.960248,4.8686,0.42336,0.0018483,0.21168,0.0018483,0.21168,460.486,0,1.02816,0,0,1.92789,0.899726,1.028160,1,0,35.5235,0,0,0,35.5235,0
32.0203,2.82978,0,0,3.04741,0.174277,0.36288,3.6288,52.401,0.66528,0,0,0.886559,0.207835,0,0.66528,12.849,1,0.84672,0.36288,0,72.0945,4.71565,66.895,0.84672,12.849,0.84672,3695.15,0,0.0036966,0.0018483,1.86512,2.01207,6.14341,0.960248,9.0585,0.42336,0.0018483,0.21168,0.0018483,0.21168,460.486,0,1.02816,0,0,2.89328,1.86512,1.028160,1,0,75.9535,0,0,0,75.9535,0
32.7971,2.55317,0,0,3.86472,0.171806,0.36288,3.6288,52.5174,0.512599,0,0,0.832196,0.203231,0,0.66528,12.849,1,0.84672,0.36288,0,82.4818,4.52162,77.4763,0.84672,12.849,0.84672,3695.15,0,0.0036966,1.80805e-05,2.14242,2.01223,6.87651,0.96954,10.0616,0.42336,0.0018483,0.21168,0.0018483,0.21168,460.486,0,1.02816,0,0,3.17058,2.14242,1.028160,1,0,87.5379,0,0,0,87.5379,0
35.3917,2.55344,0,0,5.67989,0.169012,0.36288,3.6288,52.9879,0.512721,0,0,1.17514,0.191843,0,0.66528,12.849,1,0.84672,0.36288,0,94.1613,4.03652,89.641,0.84672,12.849,0.84672,3695.15,0,0.0036966,1.80447e-05,2.92433,1.82757,11.5839,0.992771,15.343,0.42336,0.0018483,0.21168,0.0018483,0.21168,460.486,0,1.02816,0,0,3.95249,2.92433,1.028160,1,0,104.984,0,0,0,104.984,0
37.8171,2.55372,0,0,5.51648,0.174478,0.36288,3.6288,53.2856,0.512844,0,0,1.0031,0.192568,0,0.66528,12.849,1,0.84672,0.36288,0,182.923,4.03652,178.402,0.84672,12.849,0.84672,3695.15,0,0.0036966,1.78888e-05,2.26376,1.82772,7.33061,0.992771,10.4293,0.42336,0.0018483,0.21168,0.0018483,0.21168,460.486,0,1.02816,0,0,3.29192,2.26376,1.028160,1,0,188.832,0,0,0,188.832,0
39.3511,2.554,0,0,4.63501,0.184058,0.36288,3.6288,53.4311,0.512966,0,0,0.81114,0.152731,0,0.66528,12.849,1,0.84672,0.36288,0,156.375,3.50897,152.383,0.84672,12.849,0.84672,3695.15,0,0.0036966,1.77931e-05,1.39156,1.82786,5.23625,0.9034,7.55225,0.42336,0.0018483,0.21168,0.0018483,0.21168,460.486,0,1.02816,0,0,2.41972,1.39156,1.028160,1,0,159.935,0,0,0,159.935,0
41.7482,2.56385,0,0,5.50424,0.180411,0.36288,3.6288,53.6656,0.513089,0,0,0.913818,0.166175,0,0.66528,12.849,1,0.837151,0.36288,0,112.613,3.57556,108.563,0.84672,12.849,0.84672,3695.15,0,0.0036966,1.77489e-05,2.10918,1.82801,6.81019,0.993015,9.75434,0.42336,0.0018483,0.21168,0.0018483,0.21168,460.486,0,1.02816,0,0,3.13734,2.10918,1.028160,1,0,118.317,0,0,0,118.317,0
41.0542,2.68228,0,0,2.58797,0.236837,0.36288,3.6288,53.7211,0.563041,0,0,0.83824,0.219724,0,0.66528,12.849,1,0.825533,0.36288,0,42.0938,4.52345,37.1077,0.84672,12.849,0.84672,3695.15,0,0.0036966,1.93917e-05,0.638315,1.82815,4.80885,1.21894,6.05636,0.42336,0.0018483,0.21168,0.0018483,0.21168,460.486,0,1.02816,0,0,1.66647,0.638315,1.028160,1,0,43.1641,0,0,0,43.1641,0
39.2651,2.67183,0,0,1.48894,0.243386,0.36288,3.6288,53.5283,0.661145,0,0,0.697092,0.228698,0,0.66528,12.849,1,0.836221,0.36288,0,29.8573,4.68143,24.7026,0.84672,12.849,0.84672,3695.15,0,0.0036966,2.2747e-05,0.412474,1.88676,4.21196,1.25659,5.25458,0.42336,0.0018483,0.21168,0.0018483,0.21168,460.486,0,0.930165,0,0,1.34264,0.412474,1.028160,1,0,29.9571,0,0,0,29.9571,0
37.1821,2.66158,0,0,1.17984,0.238313,0.36288,3.6288,52.9118,0.960061,0,0,0.571826,0.228347,0,0.66528,12.849,1,0.84672,0.36288,0,26.8716,4.68143,21.7063,0.84672,12.849,0.84672,3695.15,0,0.0036966,3.31503e-05,0.503194,1.8869,3.52896,1.25659,4.66243,0.42336,0.0018483,0.21168,0.0018483,0.21168,460.486,0,0.631351,0,0,1.13454,0.503194,1.028160,1,0,26.3688,0,0,0,26.3688,0
35.2911,2.66182,0,0,1.35371,0.220061,0.36288,3.6288,52.5685,0.83018,0,0,0.707202,0.220324,0,0.66528,12.849,1,0.84672,0.36288,0,27.5522,4.63373,22.4346,0.84672,12.849,0.84672,3695.15,0,0.0036966,2.89996e-05,0.503194,1.88703,4.02455,1.17434,5.2404,0.42336,0.0018483,0.21168,0.0018483,0.21168,460.486,0,0.761348,0,0,1.26454,0.503194,1.028160,1,0,27.675,0,0,0,27.675,0
33.2455,2.82397,0,0,1.34697,0.205734,0.36288,3.6288,52.8519,0.66528,0,0,1.17361,0.224891,0,0.66528,12.849,1,0.84672,0.36288,0,31.9009,4.70926,26.7078,0.84672,12.849,0.84672,3695.15,0,0.0036966,0.0018483,0.576867,1.88716,4.92996,1.11847,6.27367,0.42336,0.0018483,0.21168,0.0018483,0.21168,460.486,0,1.02816,0,0,1.60503,0.576867,1.028160,1,0,32.9814,0,0,0,32.9814,0
31.0929,2.82422,0,0,1.24423,0.209643,0.36288,3.6288,52.1501,1.10904,0,0,0.651843,0.244579,0,0.66528,12.849,1,0.84672,0.36288,0,21.4928,4.89478,16.1142,0.84672,12.849,0.84672,3695.15,0,0.0036966,0.0018483,0.503194,1.99787,3.03383,1.19022,4.34284,0.42336,0.0018483,0.21168,0.0018483,0.21168,460.486,0,0.584401,0,0,1.08759,0.503194,1.028160,1,0,20.457,0,0,0,20.457,0
29.6454,2.82447,0,0,1.94834,0.20854,0.36288,3.6288,51.5977,1.09153,0,0,0.759105,0.219988,0,0.66528,12.849,1,0.84672,0.36288,0,24.4774,4.49154,19.502,0.84672,12.849,0.84672,3695.15,0,0.0036966,0.0018483,0.503194,1.99802,3.4357,1.07182,4.86324,0.42336,0.0018483,0.21168,0.0018483,0.21168,460.486,0,0.601906,0,0,1.1051,0.503194,1.028160,1,0,24.3652,0,0,0,24.3652,0
28.0452,2.82472,0,0,1.79784,0.210428,0.36288,3.6288,51.4175,0.881073,0,0,0.889076,0.188191,0,0.66528,12.849,1,0.84672,0.36288,0,25.0617,3.95388,20.624,0.84672,12.849,0.84672,3695.15,0,0.0036966,0.0018483,0.608429,1.99816,4.03243,0.91395,5.72322,0.42336,0.0018483,0.21168,0.0018483,0.21168,460.486,0,0.812367,0,0,1.4208,0.608429,1.028160,1,0,26.3472,0,0,0,26.3472,0
27.1515,2.51707,0,0,2.19214,0.205888,0.36288,3.6288,51.8659,0.499917,0,0,1.13352,0.185235,0,0.66528,12.849,1,0.84672,0.36288,0,37.5696,3.65468,33.4311,0.84672,12.849,0.84672,3695.15,0,0.0036966,1.79705e-05,0.612196,1.9983,5.13058,0.863891,6.87716,0.42336,0.0018483,0.21168,0.0018483,0.21168,460.486,0,1.02816,0,0,1.64036,0.612196,1.028160,1,0,40.3082,0,0,0,40.3082,0
28.3404,2.51105,0,0,4.2662,0.203348,0.36288,3.6288,53.0755,0.506282,0,0,1.89823,0.18232,0,0.66528,12.849,1,0.84672,0.36288,0,83.4561,3.25574,79.7165,0.84672,12.849,0.84672,3695.15,0,0.0036966,1.80419e-05,1.54211,1.81101,8.79371,0.797145,11.3497,0.42336,0.0018483,0.21168,0.0018483,0.21168,460.486,0,1.02816,0,0,2.57027,1.54211,1.028160,1,0,91.0662,0,0,0,91.0662,0
31.1516,2.5114,0,0,5.89216,0.206715,0.36288,3.6288,54.1429,0.506282,0,0,1.75775,0.1841,0,0.66528,12.849,1,0.84672,0.36288,0,95.7502,3.25574,92.0106,0.84672,12.849,0.84672,3695.15,0,0.0036966,1.76308e-05,1.61412,1.8148,9.98836,0.797145,12.6201,0.42336,0.0018483,0.21168,0.0018483,0.21168,460.486,0,1.02816,0,0,2.64228,1.61412,1.028160,1,0,104.631,0,0,0,104.631,0
32.3656,2.51176,0,0,4.29824,0.209597,0.36288,3.6288,55.1327,0.506283,0,0,1.72143,0.225356,0,0.66528,12.849,1,0.84672,0.36288,0,74.3083,4.18131,69.6432,0.84672,12.849,0.84672,3695.15,0,0.0036966,1.72832e-05,1.65371,1.81487,9.49622,1.04944,11.9153,0.42336,0.0018483,0.21168,0.0018483,0.21168,460.486,0,1.02816,0,0,2.68187,1.65371,1.028160,1,0,81.5585,0,0,0,81.5585,0
34.5506,2.51211,0,0,5.27077,0.210775,0.36288,3.6288,56.3907,0.506283,0,0,2.00712,0.242841,0,0.66528,12.849,1,0.84672,0.36288,0,79.6954,4.55154,74.66,0.84672,12.849,0.84672,3695.15,0,0.0036966,1.69729e-05,1.69369,1.81493,9.51696,1.15036,11.8752,0.42336,0.0018483,0.21168,0.0018483,0.21168,460.486,0,1.02816,0,0,2.72185,1.69369,1.028160,1,0,86.5352,0,0,0,86.5352,0
35.5015,2.63541,0,0,4.17812,0.228895,0.36288,3.6288,56.9376,0.567762,0,0,1.29752,0.182805,0,0.66528,12.849,1,0.84672,0.36288,0,95.3977,3.3516,91.5623,0.84672,12.849,0.84672,3695.15,0,0.0036966,1.86093e-05,1.23681,1.815,8.00194,0.878221,10.1755,0.42336,0.0018483,0.21168,0.0018483,0.21168,460.486,0,1.02816,0,0,2.26497,1.23681,1.028160,1,0,101.738,0,0,0,101.738,0
36.1665,2.64149,0,0,3.90091,0.23155,0.36288,3.6288,57.6192,0.562049,0,0,1.42706,0.183457,0,0.66528,12.849,1,0.84672,0.36288,0,71.7068,3.3516,67.8714,0.84672,12.849,0.84672,3695.15,0,0.0036966,1.82451e-05,1.21026,1.8856,7.11063,0.878221,9.32825,0.42336,0.0018483,0.21168,0.0018483,0.21168,460.486,0,1.02816,0,0,2.23842,1.21026,1.028160,1,0,77.1996,0,0,0,77.1996,0
36.5604,2.64174,0,0,3.63041,0.231884,0.36288,3.6288,58.7135,0.562161,0,0,1.83528,0.178784,0,0.66528,12.849,1,0.84672,0.36288,0,66.6204,3.13484,63.0018,0.84672,12.849,0.84672,3695.15,0,0.0036966,1.80329e-05,1.73025,1.88233,10.6936,0.835168,13.471,0.42336,0.0018483,0.21168,0.0018483,0.21168,460.486,0,1.02816,0,0,2.75841,1.73025,1.028160,1,0,76.4728,0,0,0,76.4728,0
36.3961,2.64199,0,0,3.05648,0.215927,0.36288,3.6288,59.2292,0.562274,0,0,1.27085,0.19293,0,0.66528,12.849,1,0.84672,0.36288,0,58.3731,3.35044,54.5388,0.84672,12.849,0.84672,3695.15,0,0.0036966,1.77004e-05,0.898957,1.88246,6.28411,0.873711,8.1918,0.42336,0.0018483,0.21168,0.0018483,0.21168,460.486,0,1.02816,0,0,1.92712,0.898957,1.028160,1,0,62.7307,0,0,0,62.7307,0
35.6832,2.59415,0,0,2.46074,0.21665,0.36288,3.6288,59.3294,0.614117,0,0,0.896512,0.182167,0,0.66528,12.849,1,0.84672,0.36288,0,48.2995,3.98164,43.834,0.84672,12.849,0.84672,3695.15,0,0.0036966,1.91641e-05,0.528595,1.88259,4.78349,0.997782,6.19688,0.42336,0.0018483,0.21168,0.0018483,0.21168,460.486,0,0.952543,0,0,1.48114,0.528595,1.028160,1,0,50.0309,0,0,0,50.0309,0
34.6882,2.59439,0,0,2.12871,0.166386,0.36288,3.6288,59.2164,0.668891,0,0,0.765884,0.21001,0,0.66528,12.849,1,0.84672,0.36288,0,42.1965,4.52242,37.1902,0.84672,12.849,0.84672,3695.15,0,0.0036966,2.08381e-05,0.528595,1.85526,4.46564,1.06462,5.78484,0.42336,0.0018483,0.21168,0.0018483,0.21168,460.486,0,0.897877,0,0,1.42647,0.528595,1.028160,1,0,42.975,0,0,0,42.975,0
33.6527,2.59463,0,0,2.06708,0.145078,0.36288,3.6288,59.2554,0.566197,0,0,0.828023,0.222765,0,0.66528,12.849,1,0.84672,0.36288,0,40.6984,4.63775,35.5768,0.84672,12.849,0.84672,3695.15,0,0.0036966,1.76725e-05,0.528595,1.85539,4.94191,1.07151,6.25436,0.42336,0.0018483,0.21168,0.0018483,0.21168,460.486,0,1.00068,0,0,1.52928,0.528595,1.028160,1,0,41.8312,0,0,0,41.8312,0
32.4741,2.59486,0,0,1.92238,0.143248,0.36288,3.6288,59.2139,0.584848,0,0,0.766169,0.22282,0,0.66528,12.849,1,0.84672,0.36288,0,37.2272,4.63775,32.1056,0.84672,12.849,0.84672,3695.15,0,0.0036966,1.82426e-05,0.402797,1.85552,4.56308,1.07151,5.74987,0.42336,0.0018483,0.21168,0.0018483,0.21168,460.486,0,0.982143,0,0,1.38494,0.402797,1.028160,1,0,37.8555,0,0,0,37.8555,0
31.1398,2.75837,0,0,1.92573,0.138784,0.36288,3.6288,59.0372,0.763977,0,0,0.813663,0.226461,0,0.66528,12.849,1,0.84672,0.36288,0,37.6247,4.60339,32.5375,0.84672,12.849,0.84672,3695.15,0,0.0036966,2.38467e-05,0.402797,1.85565,4.2158,1.07962,5.39461,0.42336,0.0018483,0.21168,0.0018483,0.21168,460.486,0,0.887846,0,0,1.29064,0.402797,1.028160,1,0,37.9321,0,0,0,37.9321,0
29.4212,2.75862,0,0,1.51806,0.115203,0.36288,3.6288,58.6142,0.84421,0,0,0.653357,0.23212,0,0.66528,12.849,1,0.84672,0.36288,0,30.1006,4.42251,25.1943,0.84672,12.849,0.84672,3695.15,0,0.0036966,2.643e-05,0.402797,1.95184,3.60836,1.08128,4.88169,0.42336,0.0018483,0.21168,0.0018483,0.21168,460.486,0,0.807728,0,0,1.21052,0.402797,1.028160,1,0,30.076,0,0,0,30.076,0
27.5933,2.75886,0,0,1.38672,0.0928657,0.36288,3.6288,58.1823,0.84462,0,0,0.647836,0.235078,0,0.66528,12.849,1,0.84672,0.36288,0,26.9029,4.53621,21.8828,0.84672,12.849,0.84672,3695.15,0,0.0036966,2.66337e-05,0.402797,1.95198,3.44675,1.04575,4.75574,0.42336,0.0018483,0.21168,0.0018483,0.21168,460.486,0,0.807434,0,0,1.21023,0.402797,1.028160,1,0,26.6386,0,0,0,26.6386,0
25.7399,2.7591,0,0,1.35923,0.0905739,0.36288,3.6288,57.8826,0.765985,0,0,0.700687,0.234425,0,0.66528,12.849,1,0.84672,0.36288,0,25.7719,4.53621,20.7519,0.84672,12.849,0.84672,3695.15,0,0.0036966,2.43333e-05,0.30119,1.95212,3.71399,1.04575,4.92152,0.42336,0.0018483,0.21168,0.0018483,0.21168,460.486,0,0.886188,0,0,1.18738,0.30119,1.028160,1,0,25.6734,0,0,0,25.6734,0
23.7981,2.75935,0,0,1.26861,0.0882503,0.36288,3.6288,57.4377,0.851307,0,0,0.640328,0.233972,0,0.66528,12.849,1,0.84672,0.36288,0,24.0919,4.53621,19.0719,0.84672,12.849,0.84672,3695.15,0,0.0036966,2.71838e-05,0.30119,1.95225,3.2888,1.04575,4.49646,0.42336,0.0018483,0.21168,0.0018483,0.21168,460.486,0,0.80098,0,0,1.10217,0.30119,1.028160,1,0,23.5684,0,0,0,23.5684,0
22.2139,2.72728,0,0,1.57397,0.0679413,0.36288,3.6288,57.006,0.696004,0,0,0.54713,0.282769,0,0.66528,12.849,1,0.84672,0.36288,0,23.8284,5.5377,17.8069,0.84672,12.849,0.84672,3695.15,0,0.0036966,0.0018483,0.30119,1.95239,3.32833,1.24567,4.33439,0.42336,0.0018483,0.21168,0.0018483,0.21168,460.486,0,0.997436,0,0,1.29863,0.30119,1.028160,1,0,22.1413,0,0,0,22.1413,0
20.5461,2.72752,0,0,1.48907,0.0664722,0.36288,3.6288,56.4484,0.794828,0,0,0.519229,0.281978,0,0.66528,12.849,1,0.84672,0.36288,0,23.9054,5.5377,17.8839,0.84672,12.849,0.84672,3695.15,0,0.0036966,0.0018483,0.30119,1.98247,3.54263,1.24567,4.57877,0.42336,0.0018483,0.21168,0.0018483,0.21168,460.486,0,0.898612,0,0,1.1998,0.30119,1.028160,1,0,22.4626,0,0,0,22.4626,0
18.7467,2.72776,0,0,1.35618,0.0649783,0.36288,3.6288,55.9421,0.736681,0,0,0.51133,0.280956,0,0.66528,12.849,1,0.84672,0.36288,0,23.3496,5.5377,17.3281,0.84672,12.849,0.84672,3695.15,0,0.0036966,0.0018483,0.261274,1.98261,3.41722,1.24567,4.41358,0.42336,0.0018483,0.21168,0.0018483,0.21168,460.486,0,0.956759,0,0,1.21803,0.261274,1.028160,1,0,21.7416,0,0,0,21.7416,0
16.8147,2.72798,0,0,1.22227,0.0633666,0.36288,3.6288,55.2465,0.891778,0,0,0.476164,0.280028,0,0.66528,12.849,1,0.84672,0.36288,0,21.6416,5.5377,15.6201,0.84672,12.849,0.84672,3695.15,0,0.0036966,0.0018483,0.261274,1.98275,3.25363,1.24567,4.25013,0.42336,0.0018483,0.21168,0.0018483,0.21168,460.486,0,0.801662,0,0,1.06294,0.261274,1.028160,1,0,19.8702,0,0,0,19.8702,0
14.9968,2.64033,0,0,1.23695,0.0516693,0.36288,3.6288,54.6128,0.803229,0,0,0.462637,0.293087,0,0.66528,12.849,1,0.84672,0.36288,0,20.1666,5.74209,13.9407,0.84672,12.849,0.84672,3695.15,0,0.0036966,2.68724e-05,0.261274,1.98289,3.05167,1.41654,3.87926,0.42336,0.0018483,0.21168,0.0018483,0.21168,460.486,0,0.856241,0,0,1.11751,0.261274,1.028160,1,0,17.82,0,0,0,17.82,0
13.23,2.64054,0,0,1.28368,0.0470537,0.36288,3.6288,54.1269,0.671512,0,0,0.469797,0.284189,0,0.66528,12.849,1,0.84672,0.36288,0,19.1563,5.64837,13.0241,0.84672,12.849,0.84672,3695.15,0,0.0036966,2.27264e-05,0.261274,1.93566,3.11995,1.45453,3.86233,0.42336,0.0018483,0.21168,0.0018483,0.21168,460.486,0,0.988079,0,0,1.24935,0.261274,1.028160,1,0,16.8864,0,0,0,16.8864,0
11.2974,2.64075,0,0,1.11633,0.0453017,0.36288,3.6288,53.508,0.777111,0,0,0.441501,0.283277,0,0.66528,12.849,1,0.84672,0.36288,0,18.1239,5.64837,11.9917,0.84672,12.849,0.84672,3695.15,0,0.0036966,2.65364e-05,0.261274,1.93579,3.03617,1.45453,3.77869,0.42336,0.0018483,0.21168,0.0018483,0.21168,460.486,0,0.882593,0,0,1.14387,0.261274,1.028160,1,0,15.7703,0,0,0,15.7703,0
9.27816,2.64093,0,0,1.02795,0.0433854,0.36288,3.6288,52.8564,0.802171,0,0,0.432581,0.281997,0,0.66528,12.849,1,0.84672,0.36288,0,17.0935,5.64837,10.9613,0.84672,12.849,0.84672,3695.15,0,0.0036966,2.7709e-05,0.227405,1.93593,3.00544,1.45453,3.71422,0.42336,0.0018483,0.21168,0.0018483,0.21168,460.486,0,0.85765,0,0,1.08505,0.227405,1.028160,1,0,14.6755,0,0,0,14.6755,0
6.92027,2.87401,0,0,0.911917,0.0329251,0.36288,3.6288,52.1498,0.853356,0,0,0.432484,0.285726,0,0.66528,12.849,1,0.84672,0.36288,0,16.1855,5.90476,9.79688,0.84672,12.849,0.84672,3695.15,0,0.0036966,0.0018483,0.227405,1.93606,2.92186,1.46175,3.62172,0.42336,0.0018483,0.21168,0.0018483,0.21168,460.486,0,0.840084,0,0,1.06749,0.227405,1.028160,1,0,13.4186,0,0,0,13.4186,0
4.78102,2.87407,0,0,1.13323,0.0355231,0.36288,3.6288,51.3516,0.937734,0,0,0.41734,0.277858,0,0.66528,12.849,1,0.84672,0.36288,0,15.3692,5.50557,9.37977,0.84672,12.849,0.84672,3695.15,0,0.0036966,0.0018483,0.227405,2.09028,2.75387,1.50161,3.56809,0.42336,0.0018483,0.21168,0.0018483,0.21168,460.486,0,0.755706,0,0,0.983111,0.227405,1.028160,1,0,12.9479,0,0,0,12.9479,0
2.71773,2.87399,0,0,1.20673,0.0331453,0.36288,3.6288,50.8797,0.709154,0,0,0.513349,0.276071,0,0.66528,12.849,1,0.84672,0.36288,0,19.5577,5.50557,13.5683,0.84672,12.849,0.84672,3695.15,0,0.0036966,0.0018483,0.227405,2.09042,3.07595,1.50161,3.89032,0.42336,0.0018483,0.21168,0.0018483,0.21168,460.486,0,0.984286,0,0,1.21169,0.227405,1.028160,1,0,17.4586,0,0,0,17.4586,0
0.599183,2.71773,0,0,0.992771,0.0307074,0.36288,3.6288,49.9088,1.06972,0,0,0.373862,0.275015,0,0.66528,12.849,1,0.84672,0.36288,0,17.918,5.50557,11.9286,0.84672,12.849,0.84672,3695.15,0,0.0036966,0.0018483,0.204422,2.09057,2.51935,1.50161,3.31088,0.42336,0.0018483,0.21168,0.0018483,0.21168,460.486,0,0.623722,0,0,0.828144,0.204422,1.028160,1,0,15.2394,0,0,0,15.2394,0
0.846106,0.599183,0,0,1.23717,0.0281845,0.36288,3.6288,49.6184,0.66528,0,0,0.647644,0.272842,0,0.66528,12.849,1,0.84672,0.36288,0,17.4658,5.50557,11.4763,0.84672,12.849,0.84672,3695.15,0,0.0036966,0.0018483,0.608377,2.09072,3.92933,1.50161,5.12496,0.42336,0.0018483,0.21168,0.0018483,0.21168,460.486,0,1.02816,0,0,1.63654,0.608377,1.028160,1,0,16.6013,0,0,0,16.6013,0
1.1486,0.846106,0,0,1.53586,0.0243835,0.36288,3.6288,49.3785,0.66528,0,0,0.72784,0.302423,0,0.66528,12.849,1,0.84672,0.36288,0,29.976,5.9239,23.5682,0.84672,12.849,0.84672,3695.15,0,0.0036966,0.0018483,0.614062,2.09087,6.46148,1.40791,7.75665,0.42336,0.0018483,0.21168,0.0018483,0.21168,460.486,0,1.02816,0,0,1.64222,0.614062,1.028160,1,0,31.3249,0,0,0,31.3249,0
1.26176,1.1486,0,0,1.66533,0.0406978,0.36288,3.6288,49.1576,0.66528,0,0,0.726875,0.282538,0,0.66528,12.849,1,0.84672,0.36288,0,25.878,5.9332,19.461,0.84672,12.849,0.84672,3695.15,0,0.0036966,0.0018483,0.525312,2.00269,5.84377,1.38141,6.98851,0.42336,0.0018483,0.21168,0.0018483,0.21168,460.486,0,1.02816,0,0,1.55347,0.525312,1.028160,1,0,26.4495,0,0,0,26.4495,0
2.08696,1.26176,0,0,2.49764,0.0478034,0.36288,3.6288,49.0595,0.66528,0,0,0.836568,0.269363,0,0.66528,12.849,1,0.84672,0.36288,0,31.5156,5.82277,25.209,0.84672,12.849,0.84672,3695.15,0,0.0036966,0.0018483,0.904815,2.00283,6.21562,1.34348,7.77794,0.42336,0.0018483,0.21168,0.0018483,0.21168,460.486,0,1.02816,0,0,1.93298,0.904815,1.028160,1,0,32.9869,0,0,0,32.9869,0
2.9599,2.08696,0,0,3.37221,0.0494248,0.36288,3.6288,49.4769,0.66528,0,0,1.35185,0.269145,0,0.66528,12.849,1,0.84672,0.36288,0,62.89,5.82277,56.5834,0.84672,12.849,0.84672,3695.15,0,0.0036966,0.0018483,2.11476,2.00297,9.79102,1.34348,12.5634,0.42336,0.0018483,0.21168,0.0018483,0.21168,460.486,0,1.02816,0,0,3.14292,2.11476,1.028160,1,0,69.1468,0,0,0,69.1468,0
2.22068,2.66841,0,0,2.36771,0.0756443,0.36288,3.6288,49.5941,0.610034,0,0,0.967843,0.240642,0,0.66528,12.849,1,0.84672,0.36288,0,53.7635,5.08982,48.1899,0.84672,12.849,0.84672,3695.15,0,0.0036966,2.27889e-05,1.37947,2.00311,6.4899,1.20985,8.66261,0.42336,0.0018483,0.21168,0.0018483,0.21168,460.486,0,1.02816,0,0,2.40763,1.37947,1.028160,1,0,56.8525,0,0,0,56.8525,0
0.908041,2.22068,0,0,1.37616,0.105241,0.36288,3.6288,49.0748,0.864709,0,0,0.547017,0.201595,0,0.66528,12.849,1,0.84672,0.36288,0,33.64,4.11253,29.0436,0.84672,12.849,0.84672,3695.15,0,0.0036966,3.22265e-05,0.216518,1.92473,5.32418,1.03168,6.43372,0.42336,0.0018483,0.21168,0.0018483,0.21168,460.486,0,0.773591,0,0,0.990109,0.216518,1.028160,1,0,35.4774,0,0,0,35.4774,0
2.54313,0.908041,0,0,3.00579,0.0997779,0.36288,3.6288,49.2137,0.610265,0,0,0.949862,0.200734,0,0.66528,12.849,1,0.84672,0.36288,0,47.4704,4.11253,42.874,0.84672,12.849,0.84672,3695.15,0,0.0036966,2.29843e-05,0.913922,1.92487,7.61713,1.03168,9.42422,0.42336,0.0018483,0.21168,0.0018483,0.21168,460.486,0,1.02816,0,0,1.94208,0.913922,1.028160,1,0,52.2982,0,0,0,52.2982,0
5.92765,2.54313,0,0,6.39712,0.106582,0.36288,3.6288,50.3711,0.61038,0,0,1.9688,0.200964,0,0.66528,12.849,1,0.84672,0.36288,0,103.74,4.11253,99.1441,0.84672,12.849,0.84672,3695.15,0,0.0036966,2.29238e-05,3.61355,1.925,12.3647,1.03168,16.8716,0.42336,0.0018483,0.21168,0.0018483,0.21168,460.486,0,1.02816,0,0,4.64171,3.61355,1.028160,1,0,116.016,0,0,0,116.016,0
7.82557,2.56513,0,0,4.95259,0.126661,0.36288,3.6288,51.2198,0.518316,0,0,1.58301,0.216037,0,0.66528,12.849,1,0.84672,0.36288,0,54.2491,3.96444,49.8008,0.84672,12.849,0.84672,3695.15,0,0.0036966,1.90189e-05,1.88531,1.92514,7.42997,0.953133,10.2873,0.42336,0.0018483,0.21168,0.0018483,0.21168,460.486,0,1.02816,0,0,2.91347,1.88531,1.028160,1,0,60.0881,0,0,0,60.0881,0
9.69435,2.56557,0,0,4.92045,0.123224,0.36288,3.6288,52.5226,0.518425,0,0,2.00072,0.179423,0,0.66528,12.849,1,0.84672,0.36288,0,67.1939,4.03743,62.6726,0.84672,12.849,0.84672,3695.15,0,0.0036966,1.87077e-05,1.75047,1.83435,9.08945,0.861663,11.8126,0.42336,0.0018483,0.21168,0.0018483,0.21168,460.486,0,1.02816,0,0,2.77863,1.75047,1.028160,1,0,74.4852,0,0,0,74.4852,0
11.4467,2.56593,0,0,4.81654,0.135413,0.36288,3.6288,54.1893,0.518534,0,0,2.33731,0.152109,0,0.66528,12.849,1,0.84672,0.36288,0,83.3717,3.90621,78.9816,0.84672,12.849,0.84672,3695.15,0,0.0036966,1.82475e-05,1.90655,1.83448,11.0459,0.835401,13.9515,0.42336,0.0018483,0.21168,0.0018483,0.21168,460.486,0,1.02816,0,0,2.93471,1.90655,1.028160,1,0,92.9332,0,0,0,92.9332,0
17.1147,2.56624,0,0,8.73833,0.141203,0.36288,3.6288,59.1811,0.518644,0,0,5.66447,0.154073,0,0.66528,12.849,1,0.84672,0.36288,0,115.976,3.90621,111.586,0.84672,12.849,0.84672,3695.15,0,0.0036966,1.769e-05,5.36704,1.83461,20.3706,0.835401,26.7368,0.42336,0.0018483,0.21168,0.0018483,0.21168,460.486,0,1.02816,0,0,6.3952,5.36704,1.028160,1,0,138.322,0,0,0,138.322,0
19.6771,2.56662,0,0,5.64795,0.156051,0.36288,3.6288,61.1974,0.518755,0,0,2.73398,0.198896,0,0.66528,12.849,1,0.84672,0.36288,0,117.683,4.38318,112.816,0.84672,12.849,0.84672,3695.15,0,0.0036966,1.62014e-05,2.6539,1.83474,13.8302,0.958761,17.3601,0.42336,0.0018483,0.21168,0.0018483,0.21168,460.486,0,1.02816,0,0,3.68206,2.6539,1.028160,1,0,130.176,0,0,0,130.176,0
23.5258,2.56666,0,0,6.93084,0.152545,0.36288,3.6288,61.308,0.518755,0,0,2.1099,0.257002,1.22353,0.66528,12.849,1,0.84672,0.36288,0,138.853,4.72368,133.645,0.84672,12.849,0.84672,3695.15,0,0.0036966,1.56676e-05,2.49811,1.83487,12.2694,1.07593,15.5264,0.42336,0.0018483,0.21168,0.0018483,0.21168,460.486,0,1.02816,0,0,3.52627,2.49811,1.028160,1,0,150.395,0,0,0,150.395,0
27.8389,2.67386,0,0,7.50244,0.152604,0.36288,3.6288,61.308,0.568877,0,0,2.09835,0.240221,1.28925,0.66528,12.849,1,0.84672,0.36288,0,143.741,4.20735,139.05,0.84672,12.849,0.84672,3695.15,0,0.0036966,1.71504e-05,3.12356,1.83487,12.8028,0.925633,16.8356,0.42336,0.0018483,0.21168,0.0018483,0.21168,460.486,0,1.02816,0,0,4.15172,3.12356,1.028160,1,0,157.175,0,0,0,157.175,0
30.0148,2.67411,0,0,5.37514,0.162259,0.36288,3.6288,61.308,0.568976,0,0,1.49941,0.240221,0.690214,0.66528,12.849,1,0.84672,0.36288,0,117.575,4.21386,112.877,0.84672,12.849,0.84672,3695.15,0,0.0036966,1.71534e-05,2.09783,1.89368,10.6676,0.925633,13.7335,0.42336,0.0018483,0.21168,0.0018483,0.21168,460.486,0,1.02816,0,0,3.12599,2.09783,1.028160,1,0,127.301,0,0,0,127.301,0
33.1347,2.67434,0,0,6.32422,0.16713,0.36288,3.6288,61.308,0.569074,0,0,1.82823,0.240221,1.01894,0.66528,12.849,1,0.84672,0.36288,0,94.6572,4.20735,89.9661,0.84672,12.849,0.84672,3695.15,0,0.0036966,1.71563e-05,2.82941,1.8938,12.2324,0.925633,16.03,0.42336,0.0018483,0.21168,0.0018483,0.21168,460.486,0,1.02816,0,0,3.85757,2.82941,1.028160,1,0,107.015,0,0,0,107.015,0
36.2029,2.67457,0,0,6.31132,0.205658,0.36288,3.6288,61.308,0.569173,0,0,1.7262,0.234572,0.922459,0.66528,12.849,1,0.84672,0.36288,0,115.968,4.15263,111.331,0.84672,12.849,0.84672,3695.15,0,0.0036966,1.71593e-05,2.62093,1.89391,12.1184,1.03404,15.5992,0.42336,0.0018483,0.21168,0.0018483,0.21168,460.486,0,1.02816,0,0,3.64909,2.62093,1.028160,1,0,127.853,0,0,0,127.853,0
38.1874,2.8373,0,0,5.3962,0.211537,0.36288,3.6288,61.308,0.66528,0,0,1.5673,0.257596,0.64442,0.66528,12.849,1,0.84672,0.36288,0,122.971,3.75606,118.731,0.84672,12.849,0.84672,3695.15,0,0.0036966,0.0018483,2.58333,1.89403,11.0839,1.06863,14.4908,0.42336,0.0018483,0.21168,0.0018483,0.21168,460.486,0,1.02816,0,0,3.61149,2.58333,1.028160,1,0,133.867,0,0,0,133.867,0
40.3166,2.83753,0,0,5.54609,0.216459,0.36288,3.6288,61.308,0.66528,0,0,1.46759,0.241923,0.560387,0.66528,12.849,1,0.84672,0.36288,0,126.696,3.62439,122.588,0.84672,12.849,0.84672,3695.15,0,0.0036966,0.0018483,2.43706,2.00513,10.2635,1.00509,13.6988,0.42336,0.0018483,0.21168,0.0018483,0.21168,460.486,0,1.02816,0,0,3.46522,2.43706,1.028160,1,0,136.847,0,0,0,136.847,0
42.712,2.83777,0,0,5.83925,0.243251,0.36288,3.6288,61.308,0.66528,0,0,1.41871,0.221348,0.532086,0.66528,12.849,1,0.84672,0.36288,0,122.115,3.36684,118.264,0.84672,12.849,0.84672,3695.15,0,0.0036966,0.0018483,2.29307,2.00525,9.9144,0.917602,13.2933,0.42336,0.0018483,0.21168,0.0018483,0.21168,460.486,0,1.02816,0,0,3.32123,2.29307,1.028160,1,0,132.09,0,0,0,132.09,0
44.7507,2.838,0,0,5.50248,0.262881,0.36288,3.6288,61.308,0.66528,0,0,2.28822,0.22672,1.39622,0.66528,12.849,1,0.84672,0.36288,0,174.189,3.55536,170.15,0.84672,12.849,0.84672,3695.15,0,0.0036966,0.0018483,3.22917,2.00538,11.9237,0.967044,16.1894,0.42336,0.0018483,0.21168,0.0018483,0.21168,460.486,0,1.02816,0,0,4.25733,3.22917,1.028160,1,0,187.736,0,0,0,187.736,0
48.2358,2.62286,0,0,6.74965,0.278821,0.36288,3.6288,61.308,0.505413,0,0,2.43874,0.22154,1.71178,0.66528,12.849,1,0.753085,0.36288,0,252.299,3.95504,247.954,0.84672,12.849,0.84672,3695.15,0,0.0036966,1.52371e-05,3.40425,2.0055,12.6095,1.01929,16.9999,0.42336,0.0018483,0.21168,0.0018483,0.21168,460.486,0,1.02816,0,0,4.43241,3.40425,1.028160,1,0,266.666,0,0,0,266.666,0
54.5309,2.66539,0,0,9.61321,0.289814,0.36288,3.6288,61.308,0.506271,0,0,3.36122,0.22154,2.63341,0.66528,12.849,1,0.710004,0.36288,0,214.064,3.95504,209.762,0.84672,12.849,0.84672,3695.15,0,0.0036966,1.5263e-05,6.66169,1.81752,17.0425,1.01929,24.5024,0.42336,0.0018483,0.21168,0.0018483,0.21168,460.486,0,1.02816,0,0,7.68985,6.66169,1.028160,1,0,236.897,0,0,0,236.897,0
63.8623,2.73198,0,0,12.736,0.309743,0.36288,3.6288,61.308,0.506271,0,0,5.30341,0.210185,4.58696,0.66528,12.849,1,0.64373,0.36288,0,232.44,3.90294,228.256,0.84672,12.849,0.84672,3695.15,0,0.0036966,1.5263e-05,7.38348,1.81808,21.9751,1.00051,30.1761,0.42336,0.0018483,0.21168,0.0018483,0.21168,460.486,0,1.02816,0,0,8.41164,7.38348,1.028160,1,0,263.019,0,0,0,263.019,0
68.3235,2.81102,0,0,7.97412,0.339021,0.36288,3.6288,61.308,0.505697,0,0,1.83658,0.142057,1.18883,0.66528,12.849,1,0.565573,0.36288,0,186.501,3.59037,182.708,0.84672,12.849,0.84672,3695.15,0,0.0036966,1.52456e-05,3.28541,1.81814,12.3254,0.887867,16.5411,0.42336,0.0018483,0.21168,0.0018483,0.21168,460.486,0,1.02816,0,0,4.31357,3.28541,1.028160,1,0,200.438,0,0,0,200.438,0
72.29,2.84228,0,0,10.8467,0.320963,3.71697,3.6288,61.308,0.505791,0,0,3.61398,0.168395,2.9398,0.66528,12.849,1,0.534524,3.71697,0,216.822,3.9771,216.027,0.84672,12.849,0.84672,3695.15,0,0.0036966,1.52485e-05,6.14389,1.81786,22.9481,0.960667,29.9492,0.42336,0.0018483,0.21168,0.0018483,0.21168,460.486,0,1.02816,0,0,7.17205,6.14389,1.028160,1,0,248.916,0,0,0,248.916,0
72.29,2.97213,0,0,11.7531,0.325713,8.45523,3.6288,61.308,0.567583,0,0,3.55398,0.172784,2.81361,0.66528,12.849,1,0.528274,8.45523,0,224.824,4.04156,228.709,0.84672,12.849,0.84672,3695.15,0,0.0036966,1.71114e-05,6.34643,1.81797,22.3406,0.972801,29.5322,0.42336,0.0018483,0.21168,0.0018483,0.21168,460.486,0,1.02816,0,0,7.37459,6.34643,1.028160,1,0,261.055,0,0,0,261.055,0
72.29,2.97232,0,0,9.22787,0.325713,5.92983,3.6288,61.308,0.567681,0,0,2.82121,0.172784,2.08075,0.66528,12.849,1,0.528307,5.92983,0,221.603,4.04156,222.963,0.84672,12.849,0.84672,3695.15,0,0.0036966,1.71143e-05,4.97977,1.88887,18.7808,0.972801,24.6766,0.42336,0.0018483,0.21168,0.0018483,0.21168,460.486,0,1.02816,0,0,6.00793,4.97977,1.028160,1,0,249.72,0,0,0,249.72,0
72.29,2.9725,0,0,8.18199,0.250159,4.95933,3.6288,61.308,0.567779,0,0,2.67254,0.175286,1.92948,0.66528,12.849,1,0.528339,4.95933,0,166.61,3.34089,167.7,0.84672,12.849,0.84672,3695.15,0,0.0036966,1.71173e-05,4.68465,1.88899,15.3021,0.992468,20.8833,0.42336,0.0018483,0.21168,0.0018483,0.21168,460.486,0,1.02816,0,0,5.71281,4.68465,1.028160,1,0,190.513,0,0,0,190.513,0
72.29,2.97268,0,0,7.64009,0.239388,4.42802,3.6288,61.308,0.567878,0,0,2.35269,0.189339,1.59547,0.66528,12.849,1,0.528372,4.42802,0,144.934,3.65604,145.178,0.84672,12.849,0.84672,3695.15,0,0.0036966,1.71202e-05,3.78982,1.88911,12.8557,1.01571,17.5189,0.42336,0.0018483,0.21168,0.0018483,0.21168,460.486,0,1.02816,0,0,4.81798,3.78982,1.028160,1,0,164.292,0,0,0,164.292,0
72.29,2.93189,0,0,6.95028,0.243547,3.77483,3.6288,61.308,0.544008,0,0,2.11906,0.197627,1.37742,0.66528,12.849,1,0.521122,3.77483,0,128.875,3.84294,128.286,0.84672,12.849,0.84672,3695.15,0,0.0036966,1.64006e-05,3.18111,1.88922,11.5642,1.01127,15.6233,0.42336,0.0018483,0.21168,0.0018483,0.21168,460.486,0,1.02816,0,0,4.20927,3.18111,1.028160,1,0,145.287,0,0,0,145.287,0
72.29,2.93207,0,0,6.16598,0.23094,3.00296,3.6288,61.308,0.544105,0,0,1.81897,0.209434,1.06543,0.66528,12.849,1,0.521154,3.00296,0,113.995,4.12509,112.352,0.84672,12.849,0.84672,3695.15,0,0.0036966,1.64035e-05,3.17199,1.86178,10.6764,1.00948,14.7006,0.42336,0.0018483,0.21168,0.0018483,0.21168,460.486,0,1.02816,0,0,4.20015,3.17199,1.028160,1,0,128.118,0,0,0,128.118,0
72.29,2.93226,0,0,5.77908,0.21211,2.63471,3.6288,61.308,0.544202,0,0,1.65446,0.215675,0.894588,0.66528,12.849,1,0.521186,2.63471,0,106.085,4.18068,104.018,0.84672,12.849,0.84672,3695.15,0,0.0036966,1.64065e-05,3.03423,1.86189,9.79137,1.01337,13.6741,0.42336,0.0018483,0.21168,0.0018483,0.21168,460.486,0,1.02816,0,0,4.06239,3.03423,1.028160,1,0,118.587,0,0,0,118.587,0
72.29,2.93244,0,0,5.45938,0.215074,2.31187,3.6288,61.308,0.544299,0,0,1.60522,0.216684,0.844234,0.66528,12.849,1,0.521218,2.31187,0,99.4861,4.06599,97.2108,0.84672,12.849,0.84672,3695.15,0,0.0036966,1.64094e-05,2.99979,1.86201,9.42909,1.00664,13.2842,0.42336,0.0018483,0.21168,0.0018483,0.21168,460.486,0,1.02816,0,0,4.02795,2.99979,1.028160,1,0,111.339,0,0,0,111.339,0
72.29,3.07173,0,0,5.00818,0.190282,1.74617,3.6288,61.308,0.629415,0,0,1.34553,0.24351,0.472609,0.66528,12.849,1,0.545977,1.74617,0,97.0566,5.01532,93.2414,0.84672,12.849,0.84672,3695.15,0,0.0036966,1.89755e-05,2.40009,1.86212,8.24688,1.03086,11.4782,0.42336,0.0018483,0.21168,0.0018483,0.21168,460.486,0,1.02816,0,0,3.42825,2.40009,1.028160,1,0,105.192,0,0,0,105.192,0
72.29,3.07192,0,0,4.29024,0.121778,1.09654,3.6288,61.308,0.629517,0,0,1.26719,0.264564,0.373114,0.66528,12.849,1,0.546011,1.09654,0,62.7973,5.37335,57.9745,0.84672,12.849,0.84672,3695.15,0,0.0036966,1.89785e-05,2.00693,1.95863,7.44543,1.18299,10.228,0.42336,0.0018483,0.21168,0.0018483,0.21168,460.486,0,1.02816,0,0,3.03509,2.00693,1.028160,1,0,68.5756,0,0,0,68.5756,0
72.29,3.07211,0,0,4.09221,0.110361,0.909735,3.6288,61.308,0.629619,0,0,1.1958,0.268073,0.29811,0.66528,12.849,1,0.546044,0.909735,0,57.3204,5.43302,52.251,0.84672,12.849,0.84672,3695.15,0,0.0036966,1.89816e-05,1.82324,1.95875,7.19764,1.20834,9.77127,0.42336,0.0018483,0.21168,0.0018483,0.21168,460.486,0,1.02816,0,0,2.8514,1.82324,1.028160,1,0,62.3204,0,0,0,62.3204,0
72.29,3.0723,0,0,3.95383,0.110361,0.771168,3.6288,61.308,0.629721,0,0,1.21978,0.268073,0.321984,0.66528,12.849,1,0.546078,0.771168,0,54.6509,5.43302,49.4429,0.84672,12.849,0.84672,3695.15,0,0.0036966,1.89847e-05,2.13384,1.95887,6.88452,1.20834,9.76888,0.42336,0.0018483,0.21168,0.0018483,0.21168,460.486,0,1.02816,0,0,3.162,2.13384,1.028160,1,0,59.5338,0,0,0,59.5338,0
72.29,3.07249,0,0,4.98303,0.0932027,1.81733,3.6288,61.304,0.629824,0,0,0.886594,0.260723,0,0.66528,12.849,1,0.546112,1.81733,0,58.5231,5.2522,54.5421,0.84672,12.849,0.84672,3695.15,0,0.0036966,1.89878e-05,1.05985,1.95899,6.24724,1.28296,7.98311,0.42336,0.0018483,0.21168,0.0018483,0.21168,460.486,0,1.02816,0,0,2.08801,1.05985,1.028160,1,0,62.5252,0,0,0,62.5252,0
72.29,3.04516,0,0,4.70964,0.0903431,1.57414,3.6288,61.1762,0.66528,0,0,0.796954,0.259491,0,0.66528,12.849,1,0.541254,1.57414,0,61.3901,5.22207,57.2009,0.84672,12.849,0.84672,3695.15,0,0.0036966,0.0018483,0.837138,1.95911,6.06799,1.29539,7.567,0.42336,0.0018483,0.21168,0.0018483,0.21168,460.486,0,1.02816,0,0,1.8653,0.837138,1.028160,1,0,64.7679,0,0,0,64.7679,0
72.29,3.04535,0,0,4.29547,0.0903431,1.15978,3.6288,60.9867,0.66528,0,0,0.735022,0.259281,0,0.66528,12.849,1,0.541287,1.15978,0,63.6293,5.22207,59.0257,0.84672,12.849,0.84672,3695.15,0,0.0036966,0.0018483,0.712981,1.98927,5.82182,1.29539,7.22684,0.42336,0.0018483,0.21168,0.0018483,0.21168,460.486,0,1.02816,0,0,1.74114,0.712981,1.028160,1,0,66.2525,0,0,0,66.2525,0
72.29,3.04553,0,0,4.08323,0.0903431,0.947352,3.6288,60.8011,0.66528,0,0,0.738642,0.25897,0,0.66528,12.849,1,0.541321,0.947352,0,53.8698,5.22207,49.0538,0.84672,12.849,0.84672,3695.15,0,0.0036966,0.0018483,0.728291,1.9894,5.72295,1.29539,7.14339,0.42336,0.0018483,0.21168,0.0018483,0.21168,460.486,0,1.02816,0,0,1.75645,0.728291,1.028160,1,0,56.1972,0,0,0,56.1972,0
72.29,3.04572,0,0,3.83871,0.0857641,0.707223,3.6288,60.5224,0.66528,0,0,0.669902,0.28327,0,0.66528,12.849,1,0.541354,0.707223,0,48.732,5.66278,43.2351,0.84672,12.849,0.84672,3695.15,0,0.0036966,0.0018483,0.626305,1.98952,5.19639,1.37424,6.43613,0.42336,0.0018483,0.21168,0.0018483,0.21168,460.486,0,1.02816,0,0,1.65446,0.626305,1.028160,1,0,49.6712,0,0,0,49.6712,0
72.29,2.97104,0,0,3.95997,0.0587023,0.930229,3.6288,60.3502,0.636957,0,0,0.785212,0.320525,0,0.66528,12.849,1,0.52808,0.930229,0,49.0616,6.01975,43.4439,0.84672,12.849,0.84672,3695.15,0,0.0036966,1.94521e-05,0.833665,1.98964,5.11755,1.48912,6.45172,0.42336,0.0018483,0.21168,0.0018483,0.21168,460.486,0,1.02816,0,0,1.86182,0.833665,1.028160,1,0,49.8957,0,0,0,49.8957,0
72.29,2.97122,0,0,3.86271,0.0587023,0.832786,3.6288,60.1164,0.637059,0,0,0.72347,0.320175,0,0.66528,12.849,1,0.528112,0.832786,0,48.9985,6.01975,43.2834,0.84672,12.849,0.84672,3695.15,0,0.0036966,1.95107e-05,0.999769,1.94223,5.48382,1.48912,6.93668,0.42336,0.0018483,0.21168,0.0018483,0.21168,460.486,0,1.02816,0,0,2.02793,0.999769,1.028160,1,0,50.2201,0,0,0,50.2201,0
72.29,2.97141,0,0,3.61461,0.0587023,0.584505,3.6288,59.8292,0.637162,0,0,0.669661,0.319699,0,0.66528,12.849,1,0.528145,0.584505,0,44.2333,6.01975,38.2699,0.84672,12.849,0.84672,3695.15,0,0.0036966,1.95898e-05,0.91273,1.94235,4.89426,1.48912,6.26021,0.42336,0.0018483,0.21168,0.0018483,0.21168,460.486,0,1.02816,0,0,1.94089,0.91273,1.028160,1,0,44.5301,0,0,0,44.5301,0
72.2152,2.97159,0,0,3.31839,0.0587023,0.36288,3.6288,59.5351,0.637264,0,0,0.662317,0.319114,0,0.66528,12.849,1,0.528177,0.36288,0,40.4345,6.01975,34.2495,0.84672,12.849,0.84672,3695.15,0,0.0036966,1.9687e-05,0.75333,1.94247,4.78676,1.48912,5.99343,0.42336,0.0018483,0.21168,0.0018483,0.21168,460.486,0,1.02816,0,0,1.78149,0.75333,1.028160,1,0,40.2429,0,0,0,40.2429,0
71.6568,3.16975,0,0,3.04335,0.069194,0.36288,3.6288,59.0389,0.66528,0,0,0.495829,0.326752,0,0.66528,12.849,1,0.563982,0.36288,0,29.4864,6.33883,22.9465,0.84672,12.849,0.84672,3695.15,0,0.0036966,0.0018483,0.277577,1.94259,3.17024,1.56674,3.82182,0.42336,0.0018483,0.21168,0.0018483,0.21168,460.486,0,1.02816,0,0,1.30574,0.277577,1.028160,1,0,26.7683,0,0,0,26.7683,0
71.4642,3.16622,0,0,3.40062,0.0640233,0.36288,3.6288,58.6547,0.66528,0,0,0.609296,0.328269,0,0.66528,12.849,1,0.567744,0.36288,0,37.521,6.41361,30.9025,0.84672,12.849,0.84672,3695.15,0,0.0036966,0.0018483,0.611574,2.09731,3.36502,1.58168,4.49037,0.42336,0.0018483,0.21168,0.0018483,0.21168,460.486,0,1.02816,0,0,1.63973,0.611574,1.028160,1,0,35.3929,0,0,0,35.3929,0
70.5589,3.16511,0,0,2.6866,0.0639293,0.36288,3.6288,58.0489,0.723133,0,0,0.444762,0.32746,0,0.66528,12.849,1,0.569076,0.36288,0,38.7206,6.41361,32.1008,0.84672,12.849,0.84672,3695.15,0,0.0036966,0.0018483,0.204422,2.09744,2.66634,1.58168,3.38466,0.42336,0.0018483,0.21168,0.0018483,0.21168,460.486,0,0.970307,0,0,1.17473,0.204422,1.028160,1,0,35.4855,0,0,0,35.4855,0
70.3008,3.15913,0,0,3.32742,0.0634874,0.36288,3.6288,57.7973,0.66528,0,0,0.73993,0.326184,0,0.66528,12.849,1,0.575288,0.36288,0,34.3151,6.41361,27.689,0.84672,12.849,0.84672,3695.15,0,0.0036966,0.0018483,1.06707,2.09756,4.00672,1.58168,5.58783,0.42336,0.0018483,0.21168,0.0018483,0.21168,460.486,0,1.02816,0,0,2.09523,1.06707,1.028160,1,0,33.2769,0,0,0,33.2769,0
70.0758,3.15754,0,0,3.39289,0.0974818,0.36288,3.6288,57.5472,0.66528,0,0,0.711422,0.296234,0,0.66528,12.849,1,0.577109,0.36288,0,28.511,5.45784,22.8389,0.84672,12.849,0.84672,3695.15,0,0.0036966,0.0018483,0.389154,2.09769,4.19406,1.43036,5.24871,0.42336,0.0018483,0.21168,0.0018483,0.21168,460.486,0,1.02816,0,0,1.41731,0.389154,1.028160,1,0,28.0876,0,0,0,28.0876,0
70.725,3.05987,0,0,4.2264,0.154454,0.36288,3.6288,57.7154,0.66528,0,0,1.10556,0.272147,0,0.66528,12.849,1,0.561053,0.36288,0,26.0127,4.72794,21.0866,0.84672,12.849,0.84672,3695.15,0,0.0036966,0.0018483,0.844836,2.09782,6.03379,1.31237,7.66223,0.42336,0.0018483,0.21168,0.0018483,0.21168,460.486,0,1.02816,0,0,1.873,0.844836,1.028160,1,0,28.7488,0,0,0,28.7488,0
71.1042,3.06442,0,0,3.96474,0.158274,0.36288,3.6288,57.8998,0.66528,0,0,1.12318,0.273426,0,0.66528,12.849,1,0.55673,0.36288,0,32.0174,4.74421,27.0794,0.84672,12.849,0.84672,3695.15,0,0.0036966,0.0018483,0.789117,2.00933,6.10493,1.32169,7.57984,0.42336,0.0018483,0.21168,0.0018483,0.21168,460.486,0,1.02816,0,0,1.81728,0.789117,1.028160,1,0,34.6592,0,0,0,34.6592,0
71.9666,3.06712,0,0,4.45113,0.158735,0.36288,3.6288,58.3596,0.66528,0,0,1.39882,0.273753,0,0.66528,12.849,1,0.554249,0.36288,0,51.51,4.74421,46.5745,0.84672,12.849,0.84672,3695.15,0,0.0036966,0.0018483,1.14204,2.00946,7.77211,1.32169,9.60006,0.42336,0.0018483,0.21168,0.0018483,0.21168,460.486,0,1.02816,0,0,2.1702,1.14204,1.028160,1,0,56.1745,0,0,0,56.1745,0
72.29,3.07295,0,0,4.07122,0.15119,0.523673,3.6288,58.8629,0.66528,0,0,1.4468,0.278266,0,0.66528,12.849,1,0.548648,0.523673,0,109.529,4.70554,104.799,0.84672,12.849,0.84672,3695.15,0,0.0036966,0.0018483,0.970566,2.00958,7.99192,1.29215,9.67807,0.42336,0.0018483,0.21168,0.0018483,0.21168,460.486,0,1.02816,0,0,1.99873,0.970566,1.028160,1,0,114.477,0,0,0,114.477,0
72.0066,2.99578,0,0,3.28101,0.205724,0.36288,3.6288,59.444,0.615414,0,0,1.40255,0.206025,0,0.66528,12.849,1,0.532477,0.36288,0,65.9014,3.69747,62.0344,0.84672,12.849,0.84672,3695.15,0,0.0036966,1.93241e-05,1.13681,2.0097,7.05864,0.934665,9.27046,0.42336,0.0018483,0.21168,0.0018483,0.21168,460.486,0,1.02816,0,0,2.16497,1.13681,1.028160,1,0,71.3048,0,0,0,71.3048,0
71.6415,2.99419,0,0,3.2274,0.235495,0.36288,3.6288,60.818,0.615516,0,0,2.16327,0.173702,0,0.66528,12.849,1,0.534289,0.36288,0,108.37,3.33291,104.866,0.84672,12.849,0.84672,3695.15,0,0.0036966,1.91383e-05,1.69779,1.93105,11.003,0.821218,13.8106,0.42336,0.0018483,0.21168,0.0018483,0.21168,460.486,0,1.02816,0,0,2.72595,1.69779,1.028160,1,0,118.677,0,0,0,118.677,0
71.3913,2.99206,0,0,3.33958,0.234841,0.36288,3.6288,61.308,0.615618,0,0,2.12579,0.175228,0.844978,0.66528,12.849,1,0.536631,0.36288,0,108.372,3.33291,104.866,0.84672,12.849,0.84672,3695.15,0,0.0036966,1.8709e-05,2.91105,1.93117,14.4396,0.821218,18.4606,0.42336,0.0018483,0.21168,0.0018483,0.21168,460.486,0,1.02816,0,0,3.93921,2.91105,1.028160,1,0,124.171,0,0,0,124.171,0
72.29,2.99065,0,0,5.40003,0.242024,1.26862,3.6288,61.308,0.615719,0,0,1.70497,0.174544,0.914711,0.66528,12.849,1,0.538258,1.26862,0,122.388,3.50784,119.611,0.84672,12.849,0.84672,3695.15,0,0.0036966,1.85626e-05,2.36565,1.93129,12.4173,0.863518,15.8507,0.42336,0.0018483,0.21168,0.0018483,0.21168,460.486,0,1.02816,0,0,3.39381,2.36565,1.028160,1,0,136.376,0,0,0,136.376,0
72.29,2.90697,0,0,4.71453,0.271337,1.53622,3.6288,61.308,0.52334,0,0,2.40342,0.231186,1.6489,0.66528,12.849,1,0.516692,1.53622,0,86.2289,4.08355,83.1649,0.84672,12.849,0.84672,3695.15,0,0.0036966,1.57775e-05,2.97345,1.93141,13.5803,0.990352,17.4948,0.42336,0.0018483,0.21168,0.0018483,0.21168,460.486,0,1.02816,0,0,4.00161,2.97345,1.028160,1,0,102.309,0,0,0,102.309,0
72.29,2.90715,0,0,4.82446,0.271337,1.64598,3.6288,61.308,0.523436,0,0,2.43238,0.231186,1.67775,0.66528,12.849,1,0.516724,1.64598,0,96.0224,4.08355,93.0681,0.84672,12.849,0.84672,3695.15,0,0.0036966,1.57804e-05,3.12007,1.84031,17.1628,0.990352,21.1329,0.42336,0.0018483,0.21168,0.0018483,0.21168,460.486,0,1.02816,0,0,4.14823,3.12007,1.028160,1,0,115.879,0,0,0,115.879,0
72.29,2.90733,0,0,4.59993,0.275178,1.41742,3.6288,61.308,0.523531,0,0,2.15665,0.216056,1.41706,0.66528,12.849,1,0.516755,1.41742,0,187.251,3.91856,184.233,0.84672,12.849,0.84672,3695.15,0,0.0036966,1.57833e-05,2.51044,1.84042,10.4496,0.945615,13.8548,0.42336,0.0018483,0.21168,0.0018483,0.21168,460.486,0,1.02816,0,0,3.5386,2.51044,1.028160,1,0,199.505,0,0,0,199.505,0
72.29,2.90751,0,0,4.22415,0.272812,1.04383,3.6288,61.308,0.523627,0,0,1.93164,0.195692,1.21232,0.66528,12.849,1,0.516787,1.04383,0,137.14,3.5893,134.078,0.84672,12.849,0.84672,3695.15,0,0.0036966,1.57862e-05,2.05362,1.84054,8.81392,0.94579,11.7623,0.42336,0.0018483,0.21168,0.0018483,0.21168,460.486,0,1.02816,0,0,3.08178,2.05362,1.028160,1,0,147.052,0,0,0,147.052,0
72.29,2.90769,0,0,7.29298,0.281105,4.10419,3.6288,61.308,0.523722,0,0,1.86012,0.202235,1.13417,0.66528,12.849,1,0.516819,4.10419,0,123.897,4.08017,123.404,0.84672,12.849,0.84672,3695.15,0,0.0036966,1.57891e-05,2.06615,1.84065,11.1666,1.07802,13.9954,0.42336,0.0018483,0.21168,0.0018483,0.21168,460.486,0,1.02816,0,0,3.09431,2.06615,1.028160,1,0,138.533,0,0,0,138.533,0
72.29,2.99895,0,0,7.85307,0.290915,4.56321,3.6288,61.308,0.573991,0,0,1.58836,0.201905,0.812464,0.66528,12.849,1,0.53304,4.56321,0,84.5424,4.42334,84.1492,0.84672,12.849,0.84672,3695.15,0,0.0036966,1.73046e-05,2.09066,1.84076,10.3424,1.14359,13.1302,0.42336,0.0018483,0.21168,0.0018483,0.21168,460.486,0,1.02816,0,0,3.11882,2.09066,1.028160,1,0,98.0919,0,0,0,98.0919,0
72.29,2.99911,0,0,7.91027,0.290915,4.62024,3.6288,61.308,0.574076,0,0,1.90182,0.201905,1.12584,0.66528,12.849,1,0.533068,4.62024,0,140.883,4.42334,140.547,0.84672,12.849,0.84672,3695.15,0,0.0036966,1.73071e-05,1.95119,1.89974,12.1952,1.14359,14.9025,0.42336,0.0018483,0.21168,0.0018483,0.21168,460.486,0,1.02816,0,0,2.97935,1.95119,1.028160,1,0,156.575,0,0,0,156.575,0
72.29,2.99926,0,0,6.34495,0.290915,3.05477,3.6288,61.308,0.574161,0,0,1.31729,0.201905,0.541223,0.66528,12.849,1,0.533096,3.05477,0,94.7678,4.42334,92.8662,0.84672,12.849,0.84672,3695.15,0,0.0036966,1.73097e-05,1.61141,1.89984,8.01066,1.14359,10.3783,0.42336,0.0018483,0.21168,0.0018483,0.21168,460.486,0,1.02816,0,0,2.63957,1.61141,1.028160,1,0,103.786,0,0,0,103.786,0
72.29,2.99942,0,0,5.22212,0.296723,1.92597,3.6288,61.308,0.574246,0,0,1.17067,0.185476,0.410947,0.66528,12.849,1,0.533125,1.92597,0,78.3102,4.09252,75.6105,0.84672,12.849,0.84672,3695.15,0,0.0036966,1.73122e-05,1.28322,1.89995,7.10165,1.05412,9.23068,0.42336,0.0018483,0.21168,0.0018483,0.21168,460.486,0,1.02816,0,0,2.31138,1.28322,1.028160,1,0,85.2521,0,0,0,85.2521,0
71.8809,3.138,0,0,3.41278,0.320977,0.36288,3.6288,61.308,0.66528,0,0,0.857183,0.164477,0.027426,0.66528,12.849,1,0.557755,0.36288,0,50.011,3.3118,46.5043,0.84672,12.849,0.84672,3695.15,0,0.0036966,0.0018483,1.08023,1.90005,5.79872,0.839015,7.93814,0.42336,0.0018483,0.21168,0.0018483,0.21168,460.486,0,1.02816,0,0,2.10839,1.08023,1.028160,1,0,54.4699,0,0,0,54.4699,0
71.5875,3.13547,0,0,3.5249,0.31998,0.36288,3.6288,61.308,0.66528,0,0,0.907606,0.164477,0.0778491,0.66528,12.849,1,0.560478,0.36288,0,54.3293,3.3118,50.8199,0.84672,12.849,0.84672,3695.15,0,0.0036966,0.0018483,1.20715,2.01148,6.18963,0.839015,8.5674,0.42336,0.0018483,0.21168,0.0018483,0.21168,460.486,0,1.02816,0,0,2.23531,1.20715,1.028160,1,0,59.4651,0,0,0,59.4651,0
71.2373,3.13369,0,0,3.46045,0.314099,0.36288,3.6288,61.308,0.66528,0,0,1.01291,0.175542,0.172088,0.66528,12.849,1,0.562455,0.36288,0,48.2579,3.57389,44.4844,0.84672,12.849,0.84672,3695.15,0,0.0036966,0.0018483,1.04295,2.01159,7.73379,0.921006,9.86547,0.42336,0.0018483,0.21168,0.0018483,0.21168,460.486,0,1.02816,0,0,2.07111,1.04295,1.028160,1,0,54.522,0,0,0,54.522,0
72.29,3.13151,0,0,4.97477,0.290469,0.500072,3.6288,61.308,0.66528,0,0,1.32837,0.18244,0.480654,0.66528,12.849,1,0.564827,0.500072,0,86.6869,4.22136,82.4008,0.84672,12.849,0.84672,3695.15,0,0.0036966,0.0018483,1.45106,2.01169,11.9101,0.99527,14.3757,0.42336,0.0018483,0.21168,0.0018483,0.21168,460.486,0,1.02816,0,0,2.47922,1.45106,1.028160,1,0,97.2572,0,0,0,97.2572,0
71.2532,2.87546,0,0,2.51297,0.31139,0.36288,3.6288,60.9615,0.82663,0,0,0.644841,0.164697,0,0.66528,12.849,1,0.511092,0.36288,0,37.6811,3.06621,34.4667,0.84672,12.849,0.84672,3695.15,0,0.0036966,2.4921e-05,0.608429,2.0118,5.29585,0.878873,7.03717,0.42336,0.0018483,0.21168,0.0018483,0.21168,460.486,0,0.711737,0,0,1.32017,0.608429,1.028160,1,0,41.5039,0,0,0,41.5039,0
70.7091,2.86931,0,0,2.99702,0.30894,0.36288,3.6288,61.1916,0.510298,0,0,0.904686,0.164336,0,0.66528,12.849,1,0.517419,0.36288,0,48.2569,3.06621,45.0362,0.84672,12.849,0.84672,3695.15,0,0.0036966,1.54718e-05,0.740612,1.82322,7.18769,0.878873,8.87262,0.42336,0.0018483,0.21168,0.0018483,0.21168,460.486,0,1.02816,0,0,1.76877,0.740612,1.028160,1,0,53.9088,0,0,0,53.9088,0
70.0081,2.86609,0,0,2.80428,0.276368,0.36288,3.6288,61.308,0.510379,0,0,0.818139,0.190617,0.000709631,0.66528,12.849,1,0.520816,0.36288,0,49.4605,4.09731,45.2052,0.84672,12.849,0.84672,3695.15,0,0.0036966,1.54161e-05,0.561574,1.82331,6.19756,1.10165,7.48078,0.42336,0.0018483,0.21168,0.0018483,0.21168,460.486,0,1.02816,0,0,1.58973,0.561574,1.028160,1,0,52.6867,0,0,0,52.6867,0
71.6336,2.86184,0,0,5.11269,0.262433,0.36288,3.6288,61.308,0.510461,0,0,1.56902,0.201182,0.857373,0.66528,12.849,1,0.52525,0.36288,0,70.3275,4.50975,65.6554,0.84672,12.849,0.84672,3695.15,0,0.0036966,1.53893e-05,1.81982,1.82341,9.61889,1.19076,12.0713,0.42336,0.0018483,0.21168,0.0018483,0.21168,460.486,0,1.02816,0,0,2.84798,1.81982,1.028160,1,0,78.5841,0,0,0,78.5841,0
72.29,2.8721,0,0,4.74948,0.297142,0.923836,3.6288,61.308,0.510542,0,0,1.46716,0.184723,0.771893,0.66528,12.849,1,0.515172,0.923836,0,70.1252,4.34482,66.189,0.84672,12.849,0.84672,3695.15,0,0.0036966,1.53917e-05,1.63893,1.82351,7.8494,1.08858,10.2232,0.42336,0.0018483,0.21168,0.0018483,0.21168,460.486,0,1.02816,0,0,2.66709,1.63893,1.028160,1,0,77.1841,0,0,0,77.1841,0
72.29,2.98131,0,0,4.11572,0.311258,0.823153,3.6288,61.308,0.572511,0,0,1.28886,0.17814,0.538212,0.66528,12.849,1,0.529906,0.823153,0,50.4177,4.27886,46.4321,0.84672,12.849,0.84672,3695.15,0,0.0036966,1.72599e-05,1.24598,1.8236,8.05006,1.04771,10.0719,0.42336,0.0018483,0.21168,0.0018483,0.21168,460.486,0,1.02816,0,0,2.27414,1.24598,1.028160,1,0,57.0422,0,0,0,57.0422,0
72.29,2.98147,0,0,3.67628,0.278267,0.416537,3.6288,61.308,0.572596,0,0,1.14318,0.167953,0.402627,0.66528,12.849,1,0.529934,0.416537,0,52.1878,3.73688,48.3376,0.84672,12.849,0.84672,3695.15,0,0.0036966,1.72625e-05,1.04202,1.89471,7.62929,0.985342,9.58066,0.42336,0.0018483,0.21168,0.0018483,0.21168,460.486,0,1.02816,0,0,2.07018,1.04202,1.028160,1,0,58.3209,0,0,0,58.3209,0
72.29,2.98163,0,0,3.86473,0.23428,0.648822,3.6288,61.308,0.572681,0,0,1.16942,0.15437,0.442364,0.66528,12.849,1,0.529962,0.648822,0,54.0526,3.01423,51.1572,0.84672,12.849,0.84672,3695.15,0,0.0036966,1.72651e-05,1.01256,1.89481,7.65884,0.902185,9.66401,0.42336,0.0018483,0.21168,0.0018483,0.21168,460.486,0,1.02816,0,0,2.04072,1.01256,1.028160,1,0,61.2636,0,0,0,61.2636,0
72.0009,2.98179,0,0,3.28914,0.233546,0.36288,3.6288,61.308,0.572765,0,0,0.991034,0.150874,0.267394,0.66528,12.849,1,0.52999,0.36288,0,48.3473,3.34467,44.8355,0.84672,12.849,0.84672,3695.15,0,0.0036966,1.72676e-05,0.865616,1.89491,6.743,0.971132,8.53238,0.42336,0.0018483,0.21168,0.0018483,0.21168,460.486,0,1.02816,0,0,1.89378,0.865616,1.028160,1,0,53.6353,0,0,0,53.6353,0
71.529,2.93907,0,0,3.09681,0.266747,0.36288,3.6288,61.308,0.548809,0,0,1.04557,0.163654,0.333106,0.66528,12.849,1,0.524494,0.36288,0,46.3854,4.02383,42.2,0.84672,12.849,0.84672,3695.15,0,0.0036966,1.65454e-05,0.845579,1.89501,6.29732,1.08734,7.95055,0.42336,0.0018483,0.21168,0.0018483,0.21168,460.486,0,1.02816,0,0,1.87374,0.845579,1.028160,1,0,50.4836,0,0,0,50.4836,0
70.7915,2.93629,0,0,2.78543,0.223762,0.36288,3.6288,61.308,0.548892,0,0,0.867231,0.19679,0.121549,0.66528,12.849,1,0.527455,0.36288,0,41.6112,4.3499,37.0967,0.84672,12.849,0.84672,3695.15,0,0.0036966,1.65479e-05,0.711711,1.86746,5.76792,1.11082,7.23626,0.42336,0.0018483,0.21168,0.0018483,0.21168,460.486,0,1.02816,0,0,1.73987,0.711711,1.028160,1,0,44.4545,0,0,0,44.4545,0
70.0003,2.93179,0,0,2.68426,0.180847,0.36288,3.6288,61.308,0.548976,0,0,0.9072,0.216409,0.141816,0.66528,12.849,1,0.532134,0.36288,0,39.8515,4.52287,35.1594,0.84672,12.849,0.84672,3695.15,0,0.0036966,1.65504e-05,0.784607,1.86756,6.12475,1.12115,7.65575,0.42336,0.0018483,0.21168,0.0018483,0.21168,460.486,0,1.02816,0,0,1.81277,0.784607,1.028160,1,0,42.9569,0,0,0,42.9569,0
69.0173,2.92686,0,0,2.48653,0.179749,0.36288,3.6288,61.308,0.549059,0,0,0.842028,0.216409,0.0765606,0.66528,12.849,1,0.537245,0.36288,0,36.3633,4.52287,31.666,0.84672,12.849,0.84672,3695.15,0,0.0036966,1.65529e-05,0.672892,1.86766,6.01102,1.12115,7.43041,0.42336,0.0018483,0.21168,0.0018483,0.21168,460.486,0,1.02816,0,0,1.70105,0.672892,1.028160,1,0,39.173,0,0,0,39.173,0
67.9598,3.05911,0,0,2.56686,0.20242,0.36288,3.6288,61.308,0.634418,0,0,1.06484,0.175578,0.254841,0.66528,12.849,1,0.569516,0.36288,0,34.668,4.16248,30.2989,0.84672,12.849,0.84672,3695.15,0,0.0036966,1.91263e-05,0.846781,1.86776,4.91188,1.09674,6.52967,0.42336,0.0018483,0.21168,0.0018483,0.21168,460.486,0,1.02816,0,0,1.87494,0.846781,1.028160,1,0,37.0834,0,0,0,37.0834,0
66.8963,3.05182,0,0,2.46007,0.108859,0.36288,3.6288,61.308,0.634506,0,0,0.981901,0.209371,0.138024,0.66528,12.849,1,0.577,0.36288,0,34.8833,4.6159,30.0533,0.84672,12.849,0.84672,3695.15,0,0.0036966,1.9129e-05,0.802414,1.96454,4.84783,1.18796,6.4268,0.42336,0.0018483,0.21168,0.0018483,0.21168,460.486,0,1.02816,0,0,1.83057,0.802414,1.028160,1,0,36.6181,0,0,0,36.6181,0
65.5947,3.04428,0,0,2.21352,0.107951,0.36288,3.6288,61.2604,0.634594,0,0,0.796366,0.209371,0,0.66528,12.849,1,0.584726,0.36288,0,31.3367,4.6159,26.4989,0.84672,12.849,0.84672,3695.15,0,0.0036966,1.91316e-05,0.515989,1.96465,4.20806,1.18796,5.50072,0.42336,0.0018483,0.21168,0.0018483,0.21168,460.486,0,1.02816,0,0,1.54415,0.515989,1.028160,1,0,31.9996,0,0,0,31.9996,0
64.2349,3.03474,0,0,2.14464,0.106839,0.36288,3.6288,61.061,0.634682,0,0,0.64463,0.209308,0,0.66528,12.849,1,0.594459,0.36288,0,28.6255,4.6159,23.778,0.84672,12.849,0.84672,3695.15,0,0.0036966,1.91491e-05,0.427715,1.96475,4.06812,1.18796,5.2726,0.42336,0.0018483,0.21168,0.0018483,0.21168,460.486,0,1.02816,0,0,1.45587,0.427715,1.028160,1,0,29.0506,0,0,0,29.0506,0
62.6117,3.02441,0,0,1.87529,0.111207,0.36288,3.6288,60.9029,0.63477,0,0,0.729509,0.252856,0,0.66528,12.849,1,0.604978,0.36288,0,25.1306,5.23831,19.6502,0.84672,12.849,0.84672,3695.15,0,0.0036966,1.92143e-05,0.302219,1.96485,3.33513,1.25759,4.34459,0.42336,0.0018483,0.21168,0.0018483,0.21168,460.486,0,1.02816,0,0,1.33038,0.302219,1.028160,1,0,23.9947,0,0,0,23.9947,0
60.836,2.98458,0,0,1.67804,0.106295,0.36288,3.6288,60.7722,0.66528,0,0,0.767595,0.232992,0,0.66528,12.849,1,0.612488,0.36288,0,24.1448,4.84827,19.0469,0.84672,12.849,0.84672,3695.15,0,0.0036966,0.0018483,0.312457,1.96496,2.99633,1.15601,4.11589,0.42336,0.0018483,0.21168,0.0018483,0.21168,460.486,0,1.02816,0,0,1.34062,0.312457,1.028160,1,0,23.1628,0,0,0,23.1628,0
58.932,2.96998,0,0,1.53362,0.104749,0.36288,3.6288,60.4483,0.808998,0,0,0.71782,0.2328,0,0.66528,12.849,1,0.627281,0.36288,0,22.7102,4.84827,17.5976,0.84672,12.849,0.84672,3695.15,0,0.0036966,0.0018483,0.261274,1.99519,2.85126,1.15601,3.94987,0.42336,0.0018483,0.21168,0.0018483,0.21168,460.486,0,0.884442,0,0,1.14572,0.261274,1.028160,1,0,21.5474,0,0,0,21.5474,0
56.94,2.95349,0,0,1.4102,0.08584,0.36288,3.6288,60.0443,0.808246,0,0,0.680236,0.275959,0,0.66528,12.849,1,0.643954,0.36288,0,20.3335,5.41287,14.6395,0.84672,12.849,0.84672,3695.15,0,0.0036966,0.0018483,0.261274,1.9953,2.71481,1.3621,3.60743,0.42336,0.0018483,0.21168,0.0018483,0.21168,460.486,0,0.885194,0,0,1.14647,0.261274,1.028160,1,0,18.247,0,0,0,18.247,0
54.9483,2.93527,0,0,1.37669,0.0702037,0.36288,3.6288,59.581,0.854531,0,0,0.70265,0.3114,0,0.66528,12.849,1,0.662369,0.36288,0,17.8329,5.80767,11.7257,0.84672,12.849,0.84672,3695.15,0,0.0036966,0.0018483,0.261274,1.9954,2.54808,1.50321,3.2997,0.42336,0.0018483,0.21168,0.0018483,0.21168,460.486,0,0.838909,0,0,1.10018,0.261274,1.028160,1,0,15.0254,0,0,0,15.0254,0
53.0343,2.84429,0,0,1.35848,0.0653459,0.36288,3.6288,59.2626,0.732146,0,0,0.732914,0.319218,0,0.66528,12.849,1,0.665102,0.36288,0,23.5182,5.73604,17.4799,0.84672,12.849,0.84672,3695.15,0,0.0036966,2.27124e-05,0.261274,1.99551,2.52853,1.46958,3.31571,0.42336,0.0018483,0.21168,0.0018483,0.21168,460.486,0,0.937863,0,0,1.19914,0.261274,1.028160,1,0,20.7956,0,0,0,20.7956,0
51.0492,2.82511,0,0,1.26699,0.064089,0.36288,3.6288,58.8455,0.747691,0,0,0.649166,0.318568,0,0.66528,12.849,1,0.68446,0.36288,0,18.6051,5.73604,12.5475,0.84672,12.849,0.84672,3695.15,0,0.0036966,2.33192e-05,0.261274,1.94794,2.30797,1.46958,3.04758,0.42336,0.0018483,0.21168,0.0018483,0.21168,460.486,0,0.922406,0,0,1.18368,0.261274,1.028160,1,0,15.5951,0,0,0,15.5951,0
48.972,2.80399,0,0,1.15245,0.0627855,0.36288,3.6288,58.2384,0.899164,0,0,0.609764,0.317717,0,0.66528,12.849,1,0.705761,0.36288,0,17.1079,5.73604,11.029,0.84672,12.849,0.84672,3695.15,0,0.0036966,2.82422e-05,0.227405,1.94805,2.11228,1.46958,2.81812,0.42336,0.0018483,0.21168,0.0018483,0.21168,460.486,0,0.771016,0,0,0.998421,0.227405,1.028160,1,0,13.8471,0,0,0,13.8471,0
47.0792,2.78042,0,0,1.30387,0.0532834,0.36288,3.6288,58.0272,0.642117,0,0,0.741338,0.310408,0,0.66528,12.849,1,0.729513,0.36288,0,17.5934,5.87754,11.3492,0.84672,12.849,0.84672,3695.15,0,0.0036966,2.03787e-05,0.322307,1.94815,3.09672,1.50646,3.8607,0.42336,0.0018483,0.21168,0.0018483,0.21168,460.486,0,1.02816,0,0,1.35047,0.322307,1.028160,1,0,15.2099,0,0,0,15.2099,0
45.087,2.94169,0,0,1.35473,0.0423681,0.36288,3.6288,57.815,0.690319,0,0,0.774196,0.296081,0,0.66528,12.849,1,0.802854,0.36288,0,20.2471,5.45521,14.3519,0.84672,12.849,0.84672,3695.15,0,0.0036966,0.0018483,0.227405,1.94825,3.06547,1.44371,3.79558,0.42336,0.0018483,0.21168,0.0018483,0.21168,460.486,0,1.00312,0,0,1.23053,0.227405,1.028160,1,0,18.1474,0,0,0,18.1474,0
42.9743,2.91423,0,0,1.20525,0.0408622,0.36288,3.6288,57.4312,0.785981,0,0,0.699589,0.297361,0,0.66528,12.849,1,0.830505,0.36288,0,18.9145,5.36949,13.0774,0.84672,12.849,0.84672,3695.15,0,0.0036966,0.0018483,0.227405,2.1034,3.00856,1.4266,3.91092,0.42336,0.0018483,0.21168,0.0018483,0.21168,460.486,0,0.907459,0,0,1.13486,0.227405,1.028160,1,0,16.9883,0,0,0,16.9883,0
40.9566,2.89821,0,0,1.28327,0.0398892,0.36288,3.6288,57.0479,0.780529,0,0,0.69387,0.296623,0,0.66528,12.849,1,0.84672,0.36288,0,17.6689,5.36949,11.8156,0.84672,12.849,0.84672,3695.15,0,0.0036966,0.0018483,0.204422,2.10351,3.17089,1.4266,4.05038,0.42336,0.0018483,0.21168,0.0018483,0.21168,460.486,0,0.912911,0,0,1.11733,0.204422,1.028160,1,0,15.8659,0,0,0,15.8659,0
39.575,2.8984,0,0,1.92613,0.0465009,0.36288,3.6288,56.9151,0.66528,0,0,0.8262,0.293799,0,0.66528,12.849,1,0.84672,0.36288,0,26.091,5.31012,20.297,0.84672,12.849,0.84672,3695.15,0,0.0036966,0.0018483,0.309951,2.10362,3.36971,1.41932,4.36212,0.42336,0.0018483,0.21168,0.0018483,0.21168,460.486,0,1.02816,0,0,1.33811,0.309951,1.028160,1,0,24.6591,0,0,0,24.6591,0
38.7284,2.8986,0,0,2.46616,0.0512644,0.36288,3.6288,56.681,0.71731,0,0,0.745423,0.262163,0,0.66528,12.849,1,0.84672,0.36288,0,28.928,5.19529,23.2489,0.84672,12.849,0.84672,3695.15,0,0.0036966,0.0018483,0.204422,2.10373,2.91166,1.37265,3.84532,0.42336,0.0018483,0.21168,0.0018483,0.21168,460.486,0,0.97613,0,0,1.18055,0.204422,1.028160,1,0,27.0942,0,0,0,27.0942,0
38.0042,2.78451,0,0,2.482,0.0587846,0.36288,3.6288,56.3325,0.804747,0,0,0.683699,0.227489,0,0.66528,12.849,1,0.84672,0.36288,0,27.9755,4.3968,23.0949,0.84672,12.849,0.84672,3695.15,0,0.0036966,0.0018483,0.204422,2.10384,2.74476,1.1092,3.94198,0.42336,0.0018483,0.21168,0.0018483,0.21168,460.486,0,0.888693,0,0,1.09312,0.204422,1.028160,1,0,27.0369,0,0,0,27.0369,0
37.2103,2.7847,0,0,2.43435,0.0806042,0.36288,3.6288,56.4302,0.66528,0,0,0.979733,0.21675,0,0.66528,12.849,1,0.84672,0.36288,0,26.6767,3.94265,22.2502,0.84672,12.849,0.84672,3695.15,0,0.0036966,0.0018483,0.381015,2.01508,3.55654,0.997063,4.95372,0.42336,0.0018483,0.21168,0.0018483,0.21168,460.486,0,1.02816,0,0,1.40918,0.381015,1.028160,1,0,27.2039,0,0,0,27.2039,0
36.4831,2.78489,0,0,2.50041,0.0798553,0.36288,3.6288,56.8339,0.66528,0,0,1.28588,0.216888,0,0.66528,12.849,1,0.84672,0.36288,0,27.011,3.94265,22.5845,0.84672,12.849,0.84672,3695.15,0,0.0036966,0.0018483,0.778421,2.01519,4.05835,0.997063,5.85305,0.42336,0.0018483,0.21168,0.0018483,0.21168,460.486,0,1.02816,0,0,1.80658,0.778421,1.028160,1,0,28.4375,0,0,0,28.4375,0
36.4932,2.78508,0,0,3.24332,0.0852471,0.36288,3.6288,56.957,0.66528,0,0,1.00577,0.217341,0,0.66528,12.849,1,0.84672,0.36288,0,30.8997,3.97122,26.4447,0.84672,12.849,0.84672,3695.15,0,0.0036966,0.0018483,0.5515,2.01529,3.24594,1.00435,4.80654,0.42336,0.0018483,0.21168,0.0018483,0.21168,460.486,0,1.02816,0,0,1.57966,0.5515,1.028160,1,0,31.2512,0,0,0,31.2512,0
38.4155,2.69145,0,0,5.09833,0.121729,0.36288,3.6288,57.2055,0.620059,0,0,1.08535,0.216806,0,0.66528,12.849,1,0.84672,0.36288,0,71.1444,4.14267,66.5178,0.84672,12.849,0.84672,3695.15,0,0.0036966,2.01214e-05,1.76688,2.0154,5.51,1.04809,8.24418,0.42336,0.0018483,0.21168,0.0018483,0.21168,460.486,0,1.02816,0,0,2.79504,1.76688,1.028160,1,0,74.762,0,0,0,74.762,0
41.4797,2.69165,0,0,6.2432,0.124517,0.36288,3.6288,57.8002,0.620147,0,0,1.43203,0.217156,0,0.66528,12.849,1,0.84672,0.36288,0,80.1084,4.14267,75.4818,0.84672,12.849,0.84672,3695.15,0,0.0036966,2.00368e-05,1.81947,1.93651,5.746,1.04809,8.45387,0.42336,0.0018483,0.21168,0.0018483,0.21168,460.486,0,1.02816,0,0,2.84763,1.81947,1.028160,1,0,83.9357,0,0,0,83.9357,0
44.0411,2.70167,0,0,5.75506,0.129072,0.36288,3.6288,58.7787,0.620234,0,0,1.81669,0.217994,0,0.66528,12.849,1,0.836888,0.36288,0,68.4729,4.14267,63.8562,0.84672,12.849,0.84672,3695.15,0,0.0036966,1.98335e-05,2.75266,1.93661,7.92797,1.04809,11.5691,0.42336,0.0018483,0.21168,0.0018483,0.21168,460.486,0,1.02816,0,0,3.78082,2.75266,1.028160,1,0,75.4253,0,0,0,75.4253,0
46.8177,2.7395,0,0,6.03588,0.156938,0.36288,3.6288,60.2993,0.620322,0,0,2.36932,0.228448,0,0.66528,12.849,1,0.799251,0.36288,0,98.6092,3.43185,94.741,0.84672,12.849,0.84672,3695.15,0,0.0036966,1.95061e-05,2.72928,1.93671,7.33872,0.896899,11.1078,0.42336,0.0018483,0.21168,0.0018483,0.21168,460.486,0,1.02816,0,0,3.75744,2.72928,1.028160,1,0,105.849,0,0,0,105.849,0
49.2224,2.69386,0,0,5.64837,0.186878,0.36288,3.6288,61.308,0.527671,0,0,1.93054,0.203447,0.190671,0.66528,12.849,1,0.739324,0.36288,0,73.4478,3.52713,69.5442,0.84672,12.849,0.84672,3695.15,0,0.0036966,1.61742e-05,1.21217,1.93682,4.25054,0.887513,6.512,0.42336,0.0018483,0.21168,0.0018483,0.21168,460.486,0,1.02816,0,0,2.24033,1.21217,1.028160,1,0,76.2469,0,0,0,76.2469,0
51.1629,2.72265,0,0,5.22142,0.195413,0.36288,3.6288,61.308,0.527754,0,0,2.78465,0.199928,2.05696,0.66528,12.849,1,0.71072,0.36288,0,66.7907,3.56276,62.8801,0.84672,12.849,0.84672,3695.15,0,0.0036966,1.59106e-05,1.70338,1.84545,5.30988,0.890149,7.96853,0.42336,0.0018483,0.21168,0.0018483,0.21168,460.486,0,1.02816,0,0,2.73154,1.70338,1.028160,1,0,72.9056,0,0,0,72.9056,0
53.2041,2.74434,0,0,5.34794,0.199461,0.36288,3.6288,61.308,0.527836,0,0,2.86054,0.199928,2.13278,0.66528,12.849,1,0.689212,0.36288,0,79.1847,3.56276,75.2957,0.84672,12.849,0.84672,3695.15,0,0.0036966,1.59131e-05,1.58901,1.84554,5.16574,0.890149,7.71013,0.42336,0.0018483,0.21168,0.0018483,0.21168,460.486,0,1.02816,0,0,2.61717,1.58901,1.028160,1,0,85.1386,0,0,0,85.1386,0
62.5221,2.76579,0,0,12.6705,0.223829,0.36288,3.6288,61.308,0.527918,0,0,5.54382,0.189546,4.82636,0.66528,12.849,1,0.667949,0.36288,0,108.137,4.14619,103.685,0.84672,12.849,0.84672,3695.15,0,0.0036966,1.59156e-05,2.88437,1.84564,9.51777,1.03115,13.2166,0.42336,0.0018483,0.21168,0.0018483,0.21168,460.486,0,1.02816,0,0,3.91253,2.88437,1.028160,1,0,121.728,0,0,0,121.728,0
65.2706,2.84853,0,0,6.20749,0.247566,0.36288,3.6288,61.308,0.528001,0,0,2.424,0.220428,1.67558,0.66528,12.849,1,0.585405,0.36288,0,99.2609,4.29812,94.7403,0.84672,12.849,0.84672,3695.15,0,0.0036966,1.5918e-05,1.78065,1.84574,6.34891,1.13172,8.84357,0.42336,0.0018483,0.21168,0.0018483,0.21168,460.486,0,1.02816,0,0,2.80881,1.78065,1.028160,1,0,105.259,0,0,0,105.259,0
64.0843,2.95915,0,0,2.39552,0.259789,0.36288,3.6288,61.308,0.578394,0,0,0.970739,0.187256,0.205088,0.66528,12.849,1,0.582531,0.36288,0,79.7308,3.15619,76.3549,0.84672,12.849,0.84672,3695.15,0,0.0036966,1.74373e-05,1.60809,1.84584,4.65165,0.845916,7.25964,0.42336,0.0018483,0.21168,0.0018483,0.21168,460.486,0,1.02816,0,0,2.63625,1.60809,1.028160,1,0,83.8197,0,0,0,83.8197,0
63.9212,2.9503,0,0,3.40744,0.257319,0.36288,3.6288,61.308,0.578465,0,0,1.5551,0.187256,0.789375,0.66528,12.849,1,0.59154,0.36288,0,93.4615,3.15619,90.0766,0.84672,12.849,0.84672,3695.15,0,0.0036966,1.74394e-05,2.17014,1.90496,4.6287,0.845916,7.85787,0.42336,0.0018483,0.21168,0.0018483,0.21168,460.486,0,1.02816,0,0,3.1983,2.17014,1.028160,1,0,98.7239,0,0,0,98.7239,0
67.9504,2.94918,0,0,7.59815,0.256979,0.36288,3.6288,61.308,0.578537,0,0,2.0613,0.187256,1.2955,0.66528,12.849,1,0.592823,0.36288,0,104.093,3.15619,100.707,0.84672,12.849,0.84672,3695.15,0,0.0036966,1.74416e-05,3.29799,1.90505,6.05973,0.845916,10.4168,0.42336,0.0018483,0.21168,0.0018483,0.21168,460.486,0,1.02816,0,0,4.32615,3.29799,1.028160,1,0,112.419,0,0,0,112.419,0
72.29,2.97887,0,0,10.3658,0.231046,2.8162,3.6288,61.308,0.578608,0,0,2.58744,0.173315,1.83552,0.66528,12.849,1,0.563287,2.8162,0,145.465,2.99768,144.72,0.84672,12.849,0.84672,3695.15,0,0.0036966,1.74437e-05,3.94857,1.90513,10.7914,0.832082,15.813,0.42336,0.0018483,0.21168,0.0018483,0.21168,460.486,0,1.02816,0,0,4.97673,3.94857,1.028160,1,0,162.369,0,0,0,162.369,0
72.29,3.14651,0,0,4.04032,0.313323,0.580489,3.6288,61.308,0.66528,0,0,1.46007,0.154317,0.640477,0.66528,12.849,1,0.559269,0.580489,0,89.9001,2.66742,87.2539,0.84672,12.849,0.84672,3695.15,0,0.0036966,0.0018483,2.59069,1.90522,5.29276,0.794564,8.99225,0.42336,0.0018483,0.21168,0.0018483,0.21168,460.486,0,1.02816,0,0,3.61885,2.59069,1.028160,1,0,96.8866,0,0,0,96.8866,0
71.9771,3.14665,0,0,3.50736,0.310726,0.36288,3.6288,61.308,0.66528,0,0,1.54097,0.159849,0.715841,0.66528,12.849,1,0.559293,0.36288,0,82.7029,2.79846,79.7081,0.84672,12.849,0.84672,3695.15,0,0.0036966,0.0018483,2.64862,2.01694,5.4832,0.83556,9.31135,0.42336,0.0018483,0.21168,0.0018483,0.21168,460.486,0,1.02816,0,0,3.67678,2.64862,1.028160,1,0,89.7353,0,0,0,89.7353,0
72.1653,3.14473,0,0,3.98376,0.287929,0.36288,3.6288,61.308,0.66528,0,0,1.58479,0.179415,0.740097,0.66528,12.849,1,0.561381,0.36288,0,84.1787,3.90203,80.0781,0.84672,12.849,0.84672,3695.15,0,0.0036966,0.0018483,2.93609,2.01703,6.20404,1.22164,9.93367,0.42336,0.0018483,0.21168,0.0018483,0.21168,460.486,0,1.02816,0,0,3.96425,2.93609,1.028160,1,0,90.7519,0,0,0,90.7519,0
72.29,3.14611,0,0,3.88698,0.252698,0.363504,3.6288,61.308,0.66528,0,0,1.66628,0.189328,0.811676,0.66528,12.849,1,0.560163,0.363504,0,90.6595,3.47167,86.9912,0.84672,12.849,0.84672,3695.15,0,0.0036966,0.0018483,3.44724,2.01712,7.12394,0.97334,11.6131,0.42336,0.0018483,0.21168,0.0018483,0.21168,460.486,0,1.02816,0,0,4.4754,3.44724,1.028160,1,0,99.416,0,0,0,99.416,0
72.29,2.88316,0,0,7.34003,0.318077,4.13879,3.6288,61.308,0.514337,0,0,1.33024,0.190689,0.625214,0.66528,12.849,1,0.512461,4.13879,0,128.448,3.38888,128.686,0.84672,12.849,0.84672,3695.15,0,0.0036966,1.55061e-05,1.70976,2.01721,5.22653,0.908597,8.04488,0.42336,0.0018483,0.21168,0.0018483,0.21168,460.486,0,1.02816,0,0,2.73792,1.70976,1.028160,1,0,137.356,0,0,0,137.356,0
72.29,2.88329,0,0,4.84981,0.318077,1.64844,3.6288,61.308,0.514405,0,0,1.3345,0.190689,0.629405,0.66528,12.849,1,0.512483,1.64844,0,84.7377,3.38888,82.4847,0.84672,12.849,0.84672,3695.15,0,0.0036966,1.55082e-05,1.07802,1.8281,5.06847,0.908597,7.06597,0.42336,0.0018483,0.21168,0.0018483,0.21168,460.486,0,1.02816,0,0,2.10618,1.07802,1.028160,1,0,90.1801,0,0,0,90.1801,0
72.1652,2.88342,0,0,3.43961,0.318077,0.36288,3.6288,61.308,0.514474,0,0,1.03514,0.190689,0.329978,0.66528,12.849,1,0.512506,0.36288,0,77.3867,3.38888,73.8482,0.84672,12.849,0.84672,3695.15,0,0.0036966,1.55102e-05,1.02916,1.82818,3.99744,0.908597,5.94617,0.42336,0.0018483,0.21168,0.0018483,0.21168,460.486,0,1.02816,0,0,2.05732,1.02916,1.028160,1,0,80.1244,0,0,0,80.1244,0
72.29,2.88279,0,0,4.62297,0.306458,1.30895,3.6288,61.308,0.514542,0,0,1.10585,0.184673,0.406636,0.66528,12.849,1,0.513281,1.30895,0,89.221,3.30168,86.715,0.84672,12.849,0.84672,3695.15,0,0.0036966,1.55123e-05,0.795606,1.82826,4.40635,0.896072,6.13413,0.42336,0.0018483,0.21168,0.0018483,0.21168,460.486,0,1.02816,0,0,1.82377,0.795606,1.028160,1,0,93.2557,0,0,0,93.2557,0
72.29,2.88367,0,0,5.14344,0.281034,1.97873,3.6288,61.308,0.51461,0,0,1.75294,0.189813,1.04851,0.66528,12.849,1,0.512551,1.97873,0,105.213,4.35606,102.323,0.84672,12.849,0.84672,3695.15,0,0.0036966,1.55144e-05,2.2292,1.82834,6.06537,1.08031,9.04259,0.42336,0.0018483,0.21168,0.0018483,0.21168,460.486,0,1.02816,0,0,3.25736,2.2292,1.028160,1,0,112.414,0,0,0,112.414,0
72.29,2.98917,0,0,6.94623,0.284694,3.67237,3.6288,61.308,0.576729,0,0,2.66909,0.178188,1.91418,0.66528,12.849,1,0.531302,3.67237,0,130.056,4.59963,128.598,0.84672,12.849,0.84672,3695.15,0,0.0036966,1.73871e-05,3.84273,1.82842,8.79094,1.08365,13.3784,0.42336,0.0018483,0.21168,0.0018483,0.21168,460.486,0,1.02816,0,0,4.87089,3.84273,1.028160,1,0,143.89,0,0,0,143.89,0
72.29,2.9893,0,0,4.96149,0.284694,1.6875,3.6288,61.308,0.5768,0,0,2.0247,0.178188,1.26971,0.66528,12.849,1,0.531326,1.6875,0,90.1679,4.59963,86.7244,0.84672,12.849,0.84672,3695.15,0,0.0036966,1.73892e-05,2.08084,1.8997,6.66863,1.08365,9.5655,0.42336,0.0018483,0.21168,0.0018483,0.21168,460.486,0,1.02816,0,0,3.109,2.08084,1.028160,1,0,97.5597,0,0,0,97.5597,0
72.29,2.98944,0,0,4.25387,0.2516,1.01283,3.6288,61.308,0.576871,0,0,1.64187,0.18778,0.877216,0.66528,12.849,1,0.53135,1.01283,0,76.4355,4.60968,72.3073,0.84672,12.849,0.84672,3695.15,0,0.0036966,1.73914e-05,1.71239,1.89979,5.32955,1.09672,7.84499,0.42336,0.0018483,0.21168,0.0018483,0.21168,460.486,0,1.02816,0,0,2.74055,1.71239,1.028160,1,0,81.0295,0,0,0,81.0295,0
72.29,2.98957,0,0,3.93387,0.263246,0.681056,3.6288,61.308,0.576943,0,0,1.42086,0.198533,0.645381,0.66528,12.849,1,0.531373,0.681056,0,72.4499,4.71671,67.8828,0.84672,12.849,0.84672,3695.15,0,0.0036966,1.73935e-05,1.52204,1.89987,4.65773,1.07954,7.00008,0.42336,0.0018483,0.21168,0.0018483,0.21168,460.486,0,1.02816,0,0,2.5502,1.52204,1.028160,1,0,75.5283,0,0,0,75.5283,0
72.29,2.94849,0,0,3.62543,0.201609,0.475327,3.6288,61.308,0.55291,0,0,1.35861,0.215573,0.590131,0.66528,12.849,1,0.524073,0.475327,0,74.3195,4.11558,70.1552,0.84672,12.849,0.84672,3695.15,0,0.0036966,1.6669e-05,1.68119,1.89995,3.97615,1.0601,6.49717,0.42336,0.0018483,0.21168,0.0018483,0.21168,460.486,0,1.02816,0,0,2.70935,1.68119,1.028160,1,0,77.2425,0,0,0,77.2425,0
72.0473,2.94863,0,0,3.2704,0.201609,0.36288,3.6288,61.308,0.55298,0,0,1.35643,0.215573,0.587875,0.66528,12.849,1,0.524096,0.36288,0,68.5308,4.11558,64.254,0.84672,12.849,0.84672,3695.15,0,0.0036966,1.66711e-05,1.56035,1.87232,3.90109,1.0601,6.27364,0.42336,0.0018483,0.21168,0.0018483,0.21168,460.486,0,1.02816,0,0,2.58851,1.56035,1.028160,1,0,71.1155,0,0,0,71.1155,0
72.24,2.94726,0,0,3.69798,0.195167,0.36288,3.6288,61.308,0.55305,0,0,1.19604,0.21854,0.424445,0.66528,12.849,1,0.525617,0.36288,0,72.5898,4.3495,68.0776,0.84672,12.849,0.84672,3695.15,0,0.0036966,1.66732e-05,1.31332,1.8724,4.96589,1.06932,7.08228,0.42336,0.0018483,0.21168,0.0018483,0.21168,460.486,0,1.02816,0,0,2.34148,1.31332,1.028160,1,0,75.5843,0,0,0,75.5843,0
71.9056,2.94858,0,0,3.13603,0.158974,0.36288,3.6288,61.308,0.55312,0,0,1.17373,0.236344,0.384263,0.66528,12.849,1,0.524451,0.36288,0,60.6506,5.75306,54.7359,0.84672,12.849,0.84672,3695.15,0,0.0036966,1.66753e-05,1.3913,1.87249,3.96883,1.12465,6.10794,0.42336,0.0018483,0.21168,0.0018483,0.21168,460.486,0,1.02816,0,0,2.41946,1.3913,1.028160,1,0,61.2281,0,0,0,61.2281,0
71.0608,3.08642,0,0,2.76411,0.159555,0.36288,3.6288,61.308,0.638684,0,0,1.12953,0.221902,0.268947,0.66528,12.849,1,0.551521,0.36288,0,48.9864,5.02514,43.7726,0.84672,12.849,0.84672,3695.15,0,0.0036966,1.92549e-05,1.04636,1.87257,3.17834,1.05492,5.04232,0.42336,0.0018483,0.21168,0.0018483,0.21168,460.486,0,1.02816,0,0,2.07452,1.04636,1.028160,1,0,49.0839,0,0,0,49.0839,0
69.9822,3.081,0,0,2.51312,0.14788,0.36288,3.6288,61.308,0.638758,0,0,0.882498,0.199809,0.0439314,0.66528,12.849,1,0.557097,0.36288,0,45.6328,4.37862,41.0599,0.84672,12.849,0.84672,3695.15,0,0.0036966,1.92571e-05,0.965278,1.96958,2.89134,1.01118,4.815,0.42336,0.0018483,0.21168,0.0018483,0.21168,460.486,0,1.02816,0,0,1.99344,0.965278,1.028160,1,0,45.9189,0,0,0,45.9189,0
68.7246,3.07388,0,0,2.29569,0.116518,0.36288,3.6288,61.308,0.638832,0,0,0.875051,0.203458,0.0327609,0.66528,12.849,1,0.564377,0.36288,0,40.7851,4.49232,36.0913,0.84672,12.849,0.84672,3695.15,0,0.0036966,1.92594e-05,0.96476,1.96967,2.76185,0.975653,4.7206,0.42336,0.0018483,0.21168,0.0018483,0.21168,460.486,0,1.02816,0,0,1.99292,0.96476,1.028160,1,0,40.8447,0,0,0,40.8447,0
67.4312,3.06532,0,0,2.25017,0.115386,0.36288,3.6288,61.308,0.638906,0,0,0.946434,0.203458,0.104071,0.66528,12.849,1,0.573103,0.36288,0,39.0705,4.49232,34.368,0.84672,12.849,0.84672,3695.15,0,0.0036966,1.92616e-05,0.927141,1.96976,2.97597,0.975653,4.8972,0.42336,0.0018483,0.21168,0.0018483,0.21168,460.486,0,1.02816,0,0,1.9553,0.927141,1.028160,1,0,39.3692,0,0,0,39.3692,0
66.1018,3.05622,0,0,2.19918,0.10941,0.36288,3.6288,61.308,0.638979,0,0,0.958496,0.206427,0.11309,0.66528,12.849,1,0.582362,0.36288,0,36.0021,4.52244,31.2602,0.84672,12.849,0.84672,3695.15,0,0.0036966,1.92638e-05,0.886758,1.96985,3.5851,1.01149,5.4302,0.42336,0.0018483,0.21168,0.0018483,0.21168,460.486,0,1.02816,0,0,1.91492,0.886758,1.028160,1,0,36.8035,0,0,0,36.8035,0
64.6728,3.01926,0,0,2.05778,0.104693,0.36288,3.6288,61.308,0.66528,0,0,1.02386,0.208653,0.149924,0.66528,12.849,1,0.586889,0.36288,0,34.0918,4.54503,29.3228,0.84672,12.849,0.84672,3695.15,0,0.0036966,0.0018483,0.963386,1.96993,4.19768,1.03836,6.09079,0.42336,0.0018483,0.21168,0.0018483,0.21168,460.486,0,1.02816,0,0,1.99155,0.963386,1.028160,1,0,35.5635,0,0,0,35.5635,0
63.0656,3.00857,0,0,1.86774,0.103502,0.36288,3.6288,61.308,0.66528,0,0,0.960535,0.208653,0.0866015,0.66528,12.849,1,0.597735,0.36288,0,30.3785,4.54503,25.5986,0.84672,12.849,0.84672,3695.15,0,0.0036966,0.0018483,0.738798,2.00023,4.06071,1.03836,5.75952,0.42336,0.0018483,0.21168,0.0018483,0.21168,460.486,0,1.02816,0,0,1.76696,0.738798,1.028160,1,0,31.4447,0,0,0,31.4447,0
61.4075,2.99605,0,0,1.772,0.0711713,0.36288,3.6288,61.2583,0.66528,0,0,0.901014,0.285437,0,0.66528,12.849,1,0.610416,0.36288,0,27.3254,5.53308,21.5448,0.84672,12.849,0.84672,3695.15,0,0.0036966,0.0018483,0.745701,2.00031,3.84837,1.39902,5.19352,0.42336,0.0018483,0.21168,0.0018483,0.21168,460.486,0,1.02816,0,0,1.77386,0.745701,1.028160,1,0,26.7383,0,0,0,26.7383,0
59.5518,2.98255,0,0,1.55993,0.0702247,0.36288,3.6288,61.1428,0.66528,0,0,0.835341,0.285537,0,0.66528,12.849,1,0.624074,0.36288,0,25.165,5.52785,19.3759,0.84672,12.849,0.84672,3695.15,0,0.0036966,0.0018483,0.661936,2.0004,3.60787,1.41609,4.85227,0.42336,0.0018483,0.21168,0.0018483,0.21168,460.486,0,1.02816,0,0,1.6901,0.661936,1.028160,1,0,24.2282,0,0,0,24.2282,0
57.8582,2.89376,0,0,1.63223,0.06918,0.36288,3.6288,61.1673,0.646007,0,0,0.956992,0.286471,0,0.66528,12.849,1,0.624363,0.36288,0,29.098,5.49644,23.34,0.84672,12.849,0.84672,3695.15,0,0.0036966,1.95283e-05,0.583122,2.00049,3.38067,1.51854,4.44572,0.42336,0.0018483,0.21168,0.0018483,0.21168,460.486,0,1.02816,0,0,1.61128,0.583122,1.028160,1,0,27.7858,0,0,0,27.7858,0
56.0681,2.87893,0,0,1.51979,0.0680547,0.36288,3.6288,61.065,0.646081,0,0,0.830244,0.286515,0,0.66528,12.849,1,0.639346,0.36288,0,24.6381,5.49644,18.8652,0.84672,12.849,0.84672,3695.15,0,0.0036966,1.95227e-05,0.713569,1.95279,3.41183,1.51854,4.55963,0.42336,0.0018483,0.21168,0.0018483,0.21168,460.486,0,1.02816,0,0,1.74173,0.713569,1.028160,1,0,23.4248,0,0,0,23.4248,0
54.181,2.86245,0,0,1.40514,0.0668654,0.36288,3.6288,60.9024,0.646155,0,0,0.769945,0.28633,0,0.66528,12.849,1,0.655981,0.36288,0,23.6256,5.49644,17.8361,0.84672,12.849,0.84672,3695.15,0,0.0036966,1.95577e-05,0.501604,1.95288,2.96657,1.51854,3.90249,0.42336,0.0018483,0.21168,0.0018483,0.21168,460.486,0,1.02816,0,0,1.52976,0.501604,1.028160,1,0,21.7386,0,0,0,21.7386,0
52.349,2.84411,0,0,1.43636,0.0614165,0.36288,3.6288,60.8226,0.646229,0,0,0.855049,0.288618,0,0.66528,12.849,1,0.674478,0.36288,0,22.4703,5.57121,16.5875,0.84672,12.849,0.84672,3695.15,0,0.0036966,1.96121e-05,0.708031,1.95296,3.66941,1.53348,4.7969,0.42336,0.0018483,0.21168,0.0018483,0.21168,460.486,0,1.02816,0,0,1.73619,0.708031,1.028160,1,0,21.3844,0,0,0,21.3844,0
49.7899,3.01396,0,0,0.88407,0.0663042,0.36288,3.6288,60.5437,0.66528,0,0,0.658494,0.272207,0,0.66528,12.849,1,0.739774,0.36288,0,15.0936,5.4716,9.24516,0.84672,12.849,0.84672,3695.15,0,0.0036966,0.0018483,0.261109,1.95305,3.29706,1.49883,4.01054,0.42336,0.0018483,0.21168,0.0018483,0.21168,460.486,0,1.02816,0,0,1.28927,0.261109,1.028160,1,0,13.2557,0,0,0,13.2557,0
46.9819,2.98387,0,0,0.606934,0.0682353,0.36288,3.6288,59.9202,0.877919,0,0,0.526878,0.272379,0,0.66528,12.849,1,0.77003,0.36288,0,10.8105,5.41495,4.98835,0.84672,12.849,0.84672,3695.15,0,0.0036966,0.0018483,0.227405,2.10856,2.77315,1.47558,3.63168,0.42336,0.0018483,0.21168,0.0018483,0.21168,460.486,0,0.815521,0,0,1.04293,0.227405,1.028160,1,0,8.62003,0,0,0,8.62003,0
44.4431,2.94786,0,0,0.838158,0.0661866,0.36288,3.6288,59.5181,0.714295,0,0,0.583494,0.2713,0,0.66528,12.849,1,0.806205,0.36288,0,11.5958,5.41495,5.73755,0.84672,12.849,0.84672,3695.15,0,0.0036966,0.0018483,0.204422,2.10865,3.09144,1.47558,3.92708,0.42336,0.0018483,0.21168,0.0018483,0.21168,460.486,0,0.979145,0,0,1.18357,0.204422,1.028160,1,0,9.66463,0,0,0,9.66463,0
42.3022,2.91226,0,0,1.22028,0.0859868,0.36288,3.6288,59.3662,0.66528,0,0,0.77671,0.263318,0,0.66528,12.849,1,0.841966,0.36288,0,19.3501,5.27504,13.5959,0.84672,12.849,0.84672,3695.15,0,0.0036966,0.0018483,0.303402,2.10875,3.43788,1.45322,4.39496,0.42336,0.0018483,0.21168,0.0018483,0.21168,460.486,0,1.02816,0,0,1.33156,0.303402,1.028160,1,0,17.9909,0,0,0,17.9909,0
40.2415,2.90766,0,0,1.2891,0.0793171,0.36288,3.6288,59.2156,0.697533,0,0,0.800928,0.254085,0,0.66528,12.849,1,0.84672,0.36288,0,24.6026,5.22132,18.8974,0.84672,12.849,0.84672,3695.15,0,0.0036966,0.0018483,0.204422,2.10884,3.02268,1.41657,3.91752,0.42336,0.0018483,0.21168,0.0018483,0.21168,460.486,0,0.995907,0,0,1.20033,0.204422,1.028160,1,0,22.8149,0,0,0,22.8149,0
38.2101,2.79327,0,0,1.2057,0.0809331,0.36288,3.6288,59.4847,0.66528,0,0,1.18513,0.250669,0,0.66528,12.849,1,0.84672,0.36288,0,22.39,4.88376,17.0224,0.84672,12.849,0.84672,3695.15,0,0.0036966,0.0018483,0.717526,2.10893,3.64416,1.37669,5.09209,0.42336,0.0018483,0.21168,0.0018483,0.21168,460.486,0,1.02816,0,0,1.74569,0.717526,1.028160,1,0,22.1145,0,0,0,22.1145,0
36.0386,2.79342,0,0,1.06386,0.0790402,0.36288,3.6288,59.1075,0.813966,0,0,0.687796,0.251101,0,0.66528,12.849,1,0.84672,0.36288,0,22.934,4.88376,17.5664,0.84672,12.849,0.84672,3695.15,0,0.0036966,0.0018483,0.216518,2.01994,2.79904,1.37669,3.65696,0.42336,0.0018483,0.21168,0.0018483,0.21168,460.486,0,0.879474,0,0,1.09599,0.216518,1.028160,1,0,21.2234,0,0,0,21.2234,0
33.6843,2.79358,0,0,0.879129,0.0770362,0.36288,3.6288,58.5275,0.935427,0,0,0.605955,0.250495,0,0.66528,12.849,1,0.84672,0.36288,0,21.175,4.88376,15.8074,0.84672,12.849,0.84672,3695.15,0,0.0036966,0.0018483,0.216518,2.02003,2.59215,1.37669,3.45016,0.42336,0.0018483,0.21168,0.0018483,0.21168,460.486,0,0.758013,0,0,0.974532,0.216518,1.028160,1,0,19.2576,0,0,0,19.2576,0
32.0203,2.79373,0,0,1.63417,0.141524,0.36288,3.6288,58.6027,0.692392,0,0,0.942697,0.17509,0,0.66528,12.849,1,0.84672,0.36288,0,37.388,3.84561,33.0585,0.84672,12.849,0.84672,3695.15,0,0.0036966,0.0018483,0.216518,2.02012,4.50062,1.0522,5.68321,0.42336,0.0018483,0.21168,0.0018483,0.21168,460.486,0,1.00105,0,0,1.21757,0.216518,1.028160,1,0,38.7417,0,0,0,38.7417,0
29.5003,2.69984,0,0,0.688869,0.146131,0.36288,3.6288,57.6428,1.16878,0,0,0.429731,0.220901,0,0.66528,12.849,1,0.84672,0.36288,0,16.7696,4.56441,11.7214,0.84672,12.849,0.84672,3695.15,0,0.0036966,3.68628e-05,0.216518,2.02021,2.96049,1.08407,4.11311,0.42336,0.0018483,0.21168,0.0018483,0.21168,460.486,0,0.483335,0,0,0.699853,0.216518,1.028160,1,0,15.8345,0,0,0,15.8345,0
26.8377,2.69998,0,0,0.553986,0.153765,0.36288,3.6288,56.5045,1.2463,0,0,0.325622,0.217542,0,0.66528,12.849,1,0.84672,0.36288,0,13.0663,4.58388,7.99855,0.84672,12.849,0.84672,3695.15,0,0.0036966,3.99621e-05,0.216518,1.94111,2.5442,1.10887,3.59292,0.42336,0.0018483,0.21168,0.0018483,0.21168,460.486,0,0.405892,0,0,0.62241,0.216518,1.028160,1,0,11.5915,0,0,0,11.5915,0
24.6616,2.70012,0,0,1.03512,0.148243,0.36288,3.6288,56.5529,0.62412,0,0,0.888409,0.215939,0,0.66528,12.849,1,0.84672,0.36288,0,26.0318,4.58388,20.9641,0.84672,12.849,0.84672,3695.15,0,0.0036966,2.04154e-05,0.878342,1.94119,5.61284,1.10887,7.32349,0.42336,0.0018483,0.21168,0.0018483,0.21168,460.486,0,1.02816,0,0,1.9065,0.878342,1.028160,1,0,28.2876,0,0,0,28.2876,0
23.3479,2.70026,0,0,1.90005,0.150577,0.36288,3.6288,57.329,0.624193,0,0,1.60867,0.208412,0,0.66528,12.849,1,0.84672,0.36288,0,50.0506,4.47505,45.0917,0.84672,12.849,0.84672,3695.15,0,0.0036966,2.04003e-05,0.849554,1.94128,7.34584,1.07804,9.05861,0.42336,0.0018483,0.21168,0.0018483,0.21168,460.486,0,1.02816,0,0,1.87771,0.849554,1.028160,1,0,54.1503,0,0,0,54.1503,0
21.2466,2.5944,0,0,1.02315,0.16714,0.36288,3.6288,56.771,0.887002,0,0,0.556375,0.22732,0,0.66528,12.849,1,0.84672,0.36288,0,23.1804,4.31255,18.384,0.84672,12.849,0.84672,3695.15,0,0.0036966,2.85972e-05,0.292723,1.94137,3.93646,1.0253,5.14522,0.42336,0.0018483,0.21168,0.0018483,0.21168,460.486,0,0.672458,0,0,0.965181,0.292723,1.028160,1,0,23.5293,0,0,0,23.5293,0
19.3592,2.59453,0,0,1.23086,0.160896,0.36288,3.6288,56.5405,0.53138,0,0,0.549436,0.248574,0,0.66528,12.849,1,0.84672,0.36288,0,34.3544,4.40863,29.4619,0.84672,12.849,0.84672,3695.15,0,0.0036966,1.73002e-05,0.43683,1.84977,5.34076,1.06366,6.56368,0.42336,0.0018483,0.21168,0.0018483,0.21168,460.486,0,1.02816,0,0,1.46499,0.43683,1.028160,1,0,36.0256,0,0,0,36.0256,0
17.6086,2.59466,0,0,1.36369,0.15675,0.36288,3.6288,56.3336,0.531449,0,0,0.572721,0.248201,0,0.66528,12.849,1,0.84672,0.36288,0,35.9326,4.40863,31.0402,0.84672,12.849,0.84672,3695.15,0,0.0036966,1.7373e-05,0.530859,1.84985,5.731,1.06366,7.04803,0.42336,0.0018483,0.21168,0.0018483,0.21168,460.486,0,1.02816,0,0,1.55902,0.530859,1.028160,1,0,38.0882,0,0,0,38.0882,0
15.7613,2.59479,0,0,1.26333,0.152904,0.36288,3.6288,55.7795,0.796239,0,0,0.490084,0.247867,0,0.66528,12.849,1,0.84672,0.36288,0,27.3962,4.40863,22.5038,0.84672,12.849,0.84672,3695.15,0,0.0036966,2.61245e-05,0.412474,1.84993,7.40814,1.06366,8.60686,0.42336,0.0018483,0.21168,0.0018483,0.21168,460.486,0,0.76343,0,0,1.1759,0.412474,1.028160,1,0,31.1106,0,0,0,31.1106,0
14.2414,2.59491,0,0,1.57203,0.134133,0.36288,3.6288,55.7877,0.531587,0,0,0.735316,0.195542,0,0.66528,12.849,1,0.84672,0.36288,0,32.542,3.67658,28.3815,0.84672,12.849,0.84672,3695.15,0,0.0036966,1.76146e-05,0.469524,1.85001,5.75761,0.853702,7.22342,0.42336,0.0018483,0.21168,0.0018483,0.21168,460.486,0,1.02816,0,0,1.49768,0.469524,1.028160,1,0,35.605,0,0,0,35.605,0
12.9144,2.70283,0,0,1.87283,0.134147,0.36288,3.6288,55.8056,0.728837,0,0,0.95345,0.206762,0,0.66528,12.849,1,0.84672,0.36288,0,35.1905,4.59168,30.115,0.84672,12.849,0.84672,3695.15,0,0.0036966,2.4147e-05,0.412474,1.85009,4.56278,1.09578,5.72954,0.42336,0.0018483,0.21168,0.0018483,0.21168,460.486,0,0.881401,0,0,1.29387,0.412474,1.028160,1,0,35.8446,0,0,0,35.8446,0
11.5086,2.70292,0,0,1.8047,0.144728,0.36288,3.6288,55.5496,0.894889,0,0,0.848405,0.209543,0,0.66528,12.849,1,0.84672,0.36288,0,33.8289,4.29355,29.0515,0.84672,12.849,0.84672,3695.15,0,0.0036966,2.9639e-05,0.412474,1.90934,4.91991,1.03323,6.20847,0.42336,0.0018483,0.21168,0.0018483,0.21168,460.486,0,0.715401,0,0,1.12787,0.412474,1.028160,1,0,35.26,0,0,0,35.26,0
11.2244,2.703,0,0,2.92193,0.140244,0.36288,3.6288,55.56,0.760711,0,0,0.980372,0.209191,0,0.66528,12.849,1,0.84672,0.36288,0,60.0227,4.29355,55.2453,0.84672,12.849,0.84672,3695.15,0,0.0036966,2.53111e-05,0.503194,1.90941,6.74127,1.03323,8.12062,0.42336,0.0018483,0.21168,0.0018483,0.21168,460.486,0,0.84964,0,0,1.35283,0.503194,1.028160,1,0,63.3659,0,0,0,63.3659,0
10.0119,2.70312,0,0,1.9929,0.139337,0.36288,3.6288,55.2328,0.976743,0,0,0.858712,0.209206,0,0.66528,12.849,1,0.84672,0.36288,0,38.0551,4.29355,33.2777,0.84672,12.849,0.84672,3695.15,0,0.0036966,3.24931e-05,0.503194,1.90948,5.25586,1.03323,6.63527,0.42336,0.0018483,0.21168,0.0018483,0.21168,460.486,0,0.633658,0,0,1.13685,0.503194,1.028160,1,0,39.913,0,0,0,39.913,0
9.63152,2.86699,0,0,2.98894,0.139475,0.36288,3.6288,55.3382,0.694259,0,0,0.961649,0.161985,0,0.66528,12.849,1,0.84672,0.36288,0,58.8591,3.72622,54.6491,0.84672,12.849,0.84672,3695.15,0,0.0036966,0.0018483,0.503194,1.90954,7.53542,0.922089,9.02422,0.42336,0.0018483,0.21168,0.0018483,0.21168,460.486,0,0.999181,0,0,1.50238,0.503194,1.028160,1,0,63.6733,0,0,0,63.6733,0
9.78102,2.8671,0,0,3.52766,0.148172,0.36288,3.6288,55.4523,0.66528,0,0,0.932576,0.153183,0,0.66528,12.849,1,0.84672,0.36288,0,64.6491,3.9836,60.1816,0.84672,12.849,0.84672,3695.15,0,0.0036966,0.0018483,0.84164,2.0215,8.32023,1.01812,10.1634,0.42336,0.0018483,0.21168,0.0018483,0.21168,460.486,0,1.02816,0,0,1.8698,0.84164,1.028160,1,0,70.345,0,0,0,70.345,0
10.8312,2.86724,0,0,4.42913,0.148811,0.36288,3.6288,55.5191,0.66528,0,0,0.885384,0.153298,0,0.66528,12.849,1,0.84672,0.36288,0,88.9998,3.9836,84.5323,0.84672,12.849,0.84672,3695.15,0,0.0036966,0.0018483,0.962099,2.02157,9.20963,1.01812,11.1733,0.42336,0.0018483,0.21168,0.0018483,0.21168,460.486,0,1.02816,0,0,1.99026,0.962099,1.028160,1,0,95.7057,0,0,0,95.7057,0
11.6732,2.86743,0,0,4.22488,0.152618,0.36288,3.6288,55.7148,0.66528,0,0,1.01437,0.153365,0,0.66528,12.849,1,0.84672,0.36288,0,79.4267,3.9836,74.9592,0.84672,12.849,0.84672,3695.15,0,0.0036966,0.0018483,0.975059,2.02164,9.41821,1.01812,11.3949,0.42336,0.0018483,0.21168,0.0018483,0.21168,460.486,0,1.02816,0,0,2.00322,0.975059,1.028160,1,0,86.3542,0,0,0,86.3542,0
13.6611,2.47647,0,0,4.96505,0.137795,0.36288,3.6288,56.305,0.481576,0,0,1.23396,0.162215,0,0.66528,12.849,1,0.84672,0.36288,0,66.0588,4.08493,61.49,0.84672,12.849,0.84672,3695.15,0,0.0036966,1.5976e-05,1.49588,2.02171,9.12159,0.930275,11.7089,0.42336,0.0018483,0.21168,0.0018483,0.21168,460.486,0,1.02816,0,0,2.52404,1.49588,1.028160,1,0,73.1989,0,0,0,73.1989,0
17.3089,2.47664,0,0,6.62824,0.140903,0.36288,3.6288,58.218,0.48163,0,0,2.55889,0.16429,0,0.66528,12.849,1,0.84672,0.36288,0,101.05,4.10182,96.4643,0.84672,12.849,0.84672,3695.15,0,0.0036966,1.58103e-05,3.43789,1.78927,13.6731,0.915635,17.9846,0.42336,0.0018483,0.21168,0.0018483,0.21168,460.486,0,1.02816,0,0,4.46605,3.43789,1.028160,1,0,114.449,0,0,0,114.449,0
20.0466,2.47683,0,0,5.73296,0.155513,0.36288,3.6288,58.988,0.481685,0,0,1.40742,0.155726,0,0.66528,12.849,1,0.84672,0.36288,0,75.1378,3.97767,70.6762,0.84672,12.849,0.84672,3695.15,0,0.0036966,1.52925e-05,1.88777,1.78934,8.95899,0.881128,11.755,0.42336,0.0018483,0.21168,0.0018483,0.21168,460.486,0,1.02816,0,0,2.91593,1.88777,1.028160,1,0,82.4312,0,0,0,82.4312,0
22.6308,2.47699,0,0,5.61331,0.189263,0.36288,3.6288,59.7582,0.481738,0,0,1.34444,0.092487,0,0.66528,12.849,1,0.84672,0.36288,0,60.4339,3.23274,56.7174,0.84672,12.849,0.84672,3695.15,0,0.0036966,1.50946e-05,1.82718,1.7894,7.78092,0.674092,10.7234,0.42336,0.0018483,0.21168,0.0018483,0.21168,460.486,0,1.02816,0,0,2.85534,1.82718,1.028160,1,0,67.4408,0,0,0,67.4408,0
25.2329,2.55682,0,0,5.71497,0.193213,0.36288,3.6288,60.5998,0.517991,0,0,1.51902,0.159461,0,0.66528,12.849,1,0.84672,0.36288,0,84.71,4.48201,79.7442,0.84672,12.849,0.84672,3695.15,0,0.0036966,1.60213e-05,1.98774,1.78946,7.89636,1.03693,10.6366,0.42336,0.0018483,0.21168,0.0018483,0.21168,460.486,0,1.02816,0,0,3.0159,1.98774,1.028160,1,0,90.3808,0,0,0,90.3808,0
26.9946,2.68132,0,0,5.01123,0.205298,0.36288,3.6288,61.2705,0.580233,0,0,1.42309,0.172091,0,0.66528,12.849,1,0.84672,0.36288,0,57.87,4.41997,52.9662,0.84672,12.849,0.84672,3695.15,0,0.0036966,1.76972e-05,1.21014,1.83243,6.61616,1.04977,8.60893,0.42336,0.0018483,0.21168,0.0018483,0.21168,460.486,0,1.02816,0,0,2.2383,1.21014,1.028160,1,0,61.5751,0,0,0,61.5751,0
28.0283,2.68146,0,0,4.28162,0.203633,0.36288,3.6288,61.308,0.58029,0,0,1.22897,0.169429,0.4418,0.66528,12.849,1,0.84672,0.36288,0,54.704,4.23932,49.9808,0.84672,12.849,0.84672,3695.15,0,0.0036966,1.75051e-05,1.00674,1.90385,6.29037,1.02898,8.17196,0.42336,0.0018483,0.21168,0.0018483,0.21168,460.486,0,1.02816,0,0,2.0349,1.00674,1.028160,1,0,58.5946,0,0,0,58.5946,0
29.4686,2.59898,0,0,4.56716,0.16494,0.36288,3.6288,61.308,0.542688,0,0,1.23337,0.149095,0.541586,0.66528,12.849,1,0.84672,0.36288,0,59.2726,3.15536,55.6335,0.84672,12.849,0.84672,3695.15,0,0.0036966,1.63608e-05,0.88452,1.90392,6.14689,0.90425,8.03106,0.42336,0.0018483,0.21168,0.0018483,0.21168,460.486,0,1.02816,0,0,1.91268,0.88452,1.028160,1,0,64.2061,0,0,0,64.2061,0
29.8358,2.59911,0,0,3.49648,0.16731,0.36288,3.6288,61.308,0.542744,0,0,0.996875,0.148759,0.305372,0.66528,12.849,1,0.84672,0.36288,0,45.7506,3.15425,42.1125,0.84672,12.849,0.84672,3695.15,0,0.0036966,1.63625e-05,0.612248,1.85941,5.229,0.909304,6.79133,0.42336,0.0018483,0.21168,0.0018483,0.21168,460.486,0,1.02816,0,0,1.64041,0.612248,1.028160,1,0,49.2092,0,0,0,49.2092,0
29.5766,2.63322,0,0,2.93107,0.194198,0.36288,3.6288,61.1889,0.753672,0,0,0.805689,0.171161,0,0.66528,12.849,1,0.84672,0.36288,0,39.2859,3.48159,35.3205,0.84672,12.849,0.84672,3695.15,0,0.0036966,2.27215e-05,0.528595,1.85947,4.2992,0.973616,5.71363,0.42336,0.0018483,0.21168,0.0018483,0.21168,460.486,0,0.830788,0,0,1.35938,0.528595,1.028160,1,0,41.0341,0,0,0,41.0341,0
29.1108,2.63334,0,0,2.66971,0.139219,0.36288,3.6288,60.7847,0.867453,0,0,0.673523,0.210241,0,0.66528,12.849,1,0.84672,0.36288,0,35.6519,3.82755,31.3405,0.84672,12.849,0.84672,3695.15,0,0.0036966,2.62027e-05,0.528595,1.87634,3.96935,0.994273,5.37999,0.42336,0.0018483,0.21168,0.0018483,0.21168,460.486,0,0.71706,0,0,1.24565,0.528595,1.028160,1,0,36.7205,0,0,0,36.7205,0
28.5877,2.63346,0,0,2.6026,0.129351,0.36288,3.6288,60.5491,0.755046,0,0,0.735687,0.216221,0,0.66528,12.849,1,0.84672,0.36288,0,34.5471,3.88521,30.1781,0.84672,12.849,0.84672,3695.15,0,0.0036966,2.29589e-05,0.528595,1.87641,4.49889,0.997716,5.90616,0.42336,0.0018483,0.21168,0.0018483,0.21168,460.486,0,0.829526,0,0,1.35812,0.528595,1.028160,1,0,36.0842,0,0,0,36.0842,0
27.8963,2.63358,0,0,2.43341,0.128434,0.36288,3.6288,60.281,0.775777,0,0,0.723531,0.215898,0,0.66528,12.849,1,0.84672,0.36288,0,31.5033,3.88521,27.1343,0.84672,12.849,0.84672,3695.15,0,0.0036966,2.36811e-05,0.402797,1.87648,4.0381,0.997716,5.31964,0.42336,0.0018483,0.21168,0.0018483,0.21168,460.486,0,0.808851,0,0,1.21165,0.402797,1.028160,1,0,32.4539,0,0,0,32.4539,0
27.1067,2.7988,0,0,2.48834,0.116172,0.36288,3.6288,59.9325,0.809359,0,0,0.711236,0.250297,0,0.66528,12.849,1,0.84672,0.36288,0,29.1541,4.68141,23.9889,0.84672,12.849,0.84672,3695.15,0,0.0036966,2.48161e-05,0.402797,1.87654,3.84176,1.08627,5.0348,0.42336,0.0018483,0.21168,0.0018483,0.21168,460.486,0,0.861002,0,0,1.2638,0.402797,1.028160,1,0,29.0237,0,0,0,29.0237,0
26.0281,2.79893,0,0,2.1937,0.110536,0.36288,3.6288,59.4759,0.861542,0,0,0.668537,0.263618,0,0.66528,12.849,1,0.84672,0.36288,0,25.024,4.99989,19.5403,0.84672,12.849,0.84672,3695.15,0,0.0036966,2.65697e-05,0.402797,1.97375,3.45775,1.12169,4.71258,0.42336,0.0018483,0.21168,0.0018483,0.21168,460.486,0,0.808877,0,0,1.21167,0.402797,1.028160,1,0,24.2529,0,0,0,24.2529,0
24.8164,2.79905,0,0,2.05907,0.108875,0.36288,3.6288,58.8784,0.961986,0,0,0.627273,0.26285,0,0.66528,12.849,1,0.84672,0.36288,0,23.6525,4.99989,18.1688,0.84672,12.849,0.84672,3695.15,0,0.0036966,2.98951e-05,0.402797,1.97382,3.20052,1.12169,4.4554,0.42336,0.0018483,0.21168,0.0018483,0.21168,460.486,0,0.708489,0,0,1.11129,0.402797,1.028160,1,0,22.6242,0,0,0,22.6242,0
23.4335,2.79917,0,0,1.88616,0.107008,0.36288,3.6288,58.2204,0.969847,0,0,0.573776,0.261846,0,0.66528,12.849,1,0.84672,0.36288,0,21.2232,4.99989,15.7395,0.84672,12.849,0.84672,3695.15,0,0.0036966,3.04453e-05,0.30119,1.97389,3.05707,1.12169,4.21043,0.42336,0.0018483,0.21168,0.0018483,0.21168,460.486,0,0.700687,0,0,1.00188,0.30119,1.028160,1,0,19.9499,0,0,0,19.9499,0
21.8219,2.79928,0,0,1.6279,0.0773464,0.36288,3.6288,57.3455,1.12294,0,0,0.524673,0.276681,0,0.66528,12.849,1,0.84672,0.36288,0,19.0313,5.26462,13.2829,0.84672,12.849,0.84672,3695.15,0,0.0036966,3.56495e-05,0.30119,1.97396,2.68783,1.25543,3.70752,0.42336,0.0018483,0.21168,0.0018483,0.21168,460.486,0,0.547646,0,0,0.848837,0.30119,1.028160,1,0,16.9904,0,0,0,16.9904,0
20.1733,2.59754,0,0,1.38073,0.0689008,0.36288,3.6288,56.2818,1.28311,0,0,0.483419,0.264031,0,0.66528,12.849,1,0.84672,0.36288,0,18.7402,5.24276,13.0136,0.84672,12.849,0.84672,3695.15,0,0.0036966,4.13557e-05,0.30119,1.97403,2.47451,1.33797,3.41172,0.42336,0.0018483,0.21168,0.0018483,0.21168,460.486,0,0.354197,0,0,0.655387,0.30119,1.028160,1,0,16.4253,0,0,0,16.4253,0
18.4327,2.59765,0,0,1.28732,0.0673621,0.36288,3.6288,55.1745,1.30958,0,0,0.464493,0.26221,0,0.66528,12.849,1,0.84672,0.36288,0,18.4925,5.24276,12.7659,0.84672,12.849,0.84672,3695.15,0,0.0036966,4.30069e-05,0.30119,1.91051,2.52851,1.33797,3.4022,0.42336,0.0018483,0.21168,0.0018483,0.21168,460.486,0,0.327776,0,0,0.628966,0.30119,1.028160,1,0,16.1681,0,0,0,16.1681,0
16.5725,2.59775,0,0,1.16613,0.0657375,0.36288,3.6288,54.057,1.30097,0,0,0.443858,0.260314,0,0.66528,12.849,1,0.84672,0.36288,0,18.1733,5.24276,12.4467,0.84672,12.849,0.84672,3695.15,0,0.0036966,4.35815e-05,0.261274,1.91058,2.3887,1.33797,3.22254,0.42336,0.0018483,0.21168,0.0018483,0.21168,460.486,0,0.336444,0,0,0.597718,0.261274,1.028160,1,0,15.6692,0,0,0,15.6692,0
14.6121,2.59784,0,0,1.06176,0.0614443,0.36288,3.6288,52.8498,1.35812,0,0,0.419767,0.268867,0,0.66528,12.849,1,0.84672,0.36288,0,15.9979,5.38391,10.1302,0.84672,12.849,0.84672,3695.15,0,0.0036966,4.64363e-05,0.261274,1.91064,2.31841,1.38949,3.1008,0.42336,0.0018483,0.21168,0.0018483,0.21168,460.486,0,0.279354,0,0,0.540627,0.261274,1.028160,1,0,13.231,0,0,0,13.231,0
12.6455,2.67831,0,0,1.11884,0.0442543,0.36288,3.6288,51.5061,1.43308,0,0,0.39728,0.307939,0,0.66528,12.849,1,0.84672,0.36288,0,18.1502,5.60437,12.062,0.84672,12.849,0.84672,3695.15,0,0.0036966,5.01185e-05,0.261274,1.91071,2.12728,1.50001,2.79921,0.42336,0.0018483,0.21168,0.0018483,0.21168,460.486,0,0.244467,0,0,0.505741,0.261274,1.028160,1,0,14.8612,0,0,0,14.8612,0
10.6036,2.67838,0,0,1.04178,0.0424053,0.36288,3.6288,50.1539,1.39219,0,0,0.344667,0.304625,0,0.66528,12.849,1,0.84672,0.36288,0,15.3684,5.60437,9.28018,0.84672,12.849,0.84672,3695.15,0,0.0036966,4.99589e-05,0.261274,1.95676,2.14688,1.50001,2.86486,0.42336,0.0018483,0.21168,0.0018483,0.21168,460.486,0,0.28541,0,0,0.546684,0.261274,1.028160,1,0,12.145,0,0,0,12.145,0
8.48494,2.67843,0,0,0.963179,0.0404854,0.36288,3.6288,48.7135,1.45878,0,0,0.319629,0.30129,0,0.66528,12.849,1,0.84672,0.36288,0,14.7369,5.60437,8.64869,0.84672,12.849,0.84672,3695.15,0,0.0036966,5.37596e-05,0.261274,1.95683,1.86671,1.50001,2.58475,0.42336,0.0018483,0.21168,0.0018483,0.21168,460.486,0,0.218881,0,0,0.480154,0.261274,1.028160,1,0,11.2334,0,0,0,11.2334,0
6.39219,2.67844,0,0,0.984589,0.0360205,0.36288,3.6288,47.4082,1.36019,0,0,0.354961,0.300105,0,0.66528,12.849,1,0.84672,0.36288,0,14.0162,5.67915,7.85316,0.84672,12.849,0.84672,3695.15,0,0.0036966,5.16085e-05,0.227405,1.9569,2.30897,1.51495,2.97828,0.42336,0.0018483,0.21168,0.0018483,0.21168,460.486,0,0.317533,0,0,0.544938,0.227405,1.028160,1,0,10.8314,0,0,0,10.8314,0
4.28062,2.91379,0,0,1.19188,0.0267786,0.36288,3.6288,46.1964,1.35041,0,0,0.439332,0.300661,0,0.66528,12.849,1,0.84672,0.36288,0,17.2269,6.02726,10.7158,0.84672,12.849,0.84672,3695.15,0,0.0036966,0.0018483,0.227405,1.95697,2.61941,1.60486,3.19708,0.42336,0.0018483,0.21168,0.0018483,0.21168,460.486,0,0.34303,0,0,0.570434,0.227405,1.028160,1,0,13.9128,0,0,0,13.9128,0
1.94006,2.91351,0,0,0.957969,0.0221437,0.36288,3.6288,44.6521,1.54581,0,0,0.317293,0.315787,0,0.66528,12.849,1,0.84672,0.36288,0,20.0153,6.22765,13.3038,0.84672,12.849,0.84672,3695.15,0,0.0036966,0.0018483,0.227405,2.11277,1.79115,1.6451,2.48438,0.42336,0.0018483,0.21168,0.0018483,0.21168,460.486,0,0.147633,0,0,0.375037,0.227405,1.028160,1,0,15.7882,0,0,0,15.7882,0
0.781267,1.94006,0,0,1.1644,0.0202486,0.36288,3.6288,43.5519,1.29906,0,0,0.510122,0.311275,0,0.66528,12.849,1,0.84672,0.36288,0,17.4474,6.22765,10.7359,0.84672,12.849,0.84672,3695.15,0,0.0036966,0.0018483,0.227405,2.11285,2.58083,1.6451,3.27414,0.42336,0.0018483,0.21168,0.0018483,0.21168,460.486,0,0.394385,0,0,0.62179,0.227405,1.028160,1,0,14.0101,0,0,0,14.0101,0
0.55431,0.781267,0,0,0.938226,0.021036,0.36288,3.6288,42.182,1.44688,0,0,0.360992,0.283995,0,0.66528,12.849,1,0.84672,0.36288,0,15.014,5.48828,9.04187,0.84672,12.849,0.84672,3695.15,0,0.0036966,0.0018483,0.204422,2.11292,2.58757,1.35728,3.54578,0.42336,0.0018483,0.21168,0.0018483,0.21168,460.486,0,0.246565,0,0,0.450987,0.204422,1.028160,1,0,12.5877,0,0,0,12.5877,0
0.761576,0.55431,0,0,1.14534,0.0208799,0.36288,3.6288,40.985,1.34913,0,0,0.414526,0.262436,0,0.66528,12.849,1,0.84672,0.36288,0,14.1159,5.3797,8.2524,0.84672,12.849,0.84672,3695.15,0,0.0036966,0.0018483,0.204422,2.113,3.12962,1.27673,4.16846,0.42336,0.0018483,0.21168,0.0018483,0.21168,460.486,0,0.344313,0,0,0.548735,0.204422,1.028160,1,0,12.4209,0,0,0,12.4209,0
1.18612,0.761576,0,0,1.56186,0.0128621,0.36288,3.6288,40.1276,1.10792,0,0,0.518632,0.2681,0,0.66528,12.849,1,0.84672,0.36288,0,19.5157,6.57744,12.4544,0.84672,12.849,0.84672,3695.15,0,0.0036966,0.0018483,0.204422,2.11307,3.87453,1.64347,4.54671,0.42336,0.0018483,0.21168,0.0018483,0.21168,460.486,0,0.585524,0,0,0.789947,0.204422,1.028160,1,0,17.0011,0,0,0,17.0011,0
1.50327,1.18612,0,0,1.89647,0.0303261,0.36288,3.6288,39.3219,1.09475,0,0,0.525783,0.236733,0,0.66528,12.849,1,0.84672,0.36288,0,17.7169,6.30137,10.9317,0.84672,12.849,0.84672,3695.15,0,0.0036966,0.0018483,0.204422,2.02389,2.86655,1.54865,3.54437,0.42336,0.0018483,0.21168,0.0018483,0.21168,460.486,0,0.598692,0,0,0.803114,0.204422,1.028160,1,0,14.4761,0,0,0,14.4761,0
2.52163,1.50327,0,0,2.91523,0.0307227,0.36288,3.6288,39.3098,0.66528,0,0,0.888073,0.234937,0,0.66528,12.849,1,0.84672,0.36288,0,32.8749,6.30137,26.0897,0.84672,12.849,0.84672,3695.15,0,0.0036966,0.0018483,0.371727,2.02396,5.54177,1.54865,6.38697,0.42336,0.0018483,0.21168,0.0018483,0.21168,460.486,0,1.02816,0,0,1.39989,0.371727,1.028160,1,0,32.4767,0,0,0,32.4767,0
2.03272,2.52163,0,0,2.4276,0.031996,0.36288,3.6288,38.9762,0.804315,0,0,0.705612,0.23491,0,0.66528,12.849,1,0.84672,0.36288,0,48.7823,6.30137,41.9971,0.84672,12.849,0.84672,3695.15,0,0.0036966,0.0018483,0.216518,2.02403,3.90161,1.54865,4.59166,0.42336,0.0018483,0.21168,0.0018483,0.21168,460.486,0,0.889125,0,0,1.10564,0.216518,1.028160,1,0,46.5888,0,0,0,46.5888,0
5.00574,2.03272,0,0,5.43965,0.0710283,0.36288,3.6288,39.3064,0.627138,0,0,1.11141,0.154086,0,0.66528,12.849,1,0.84672,0.36288,0,73.9261,3.92676,69.5155,0.84672,12.849,0.84672,3695.15,0,0.0036966,2.97397e-05,1.25873,2.0241,8.54028,1.0433,10.7798,0.42336,0.0018483,0.21168,0.0018483,0.21168,460.486,0,1.02816,0,0,2.28689,1.25873,1.028160,1,0,80.2953,0,0,0,80.2953,0
7.51283,2.70593,0,0,5.65426,0.0783574,0.36288,3.6288,40.4801,0.627197,0,0,1.94772,0.146724,0,0.66528,12.849,1,0.84672,0.36288,0,79.1191,3.54616,75.0891,0.84672,12.849,0.84672,3695.15,0,0.0036966,2.94926e-05,1.99729,1.94484,9.7994,0.95226,12.7892,0.42336,0.0018483,0.21168,0.0018483,0.21168,460.486,0,1.02816,0,0,3.02545,1.99729,1.028160,1,0,87.8783,0,0,0,87.8783,0
11.8327,2.70639,0,0,7.47408,0.0848959,0.36288,3.6288,41.5336,0.627256,0,0,1.82904,0.148378,0,0.66528,12.849,1,0.84672,0.36288,0,86.8424,3.54616,82.8124,0.84672,12.849,0.84672,3695.15,0,0.0036966,2.86402e-05,2.50736,1.94491,17.2732,0.95226,20.7732,0.42336,0.0018483,0.21168,0.0018483,0.21168,460.486,0,1.02816,0,0,3.53552,2.50736,1.028160,1,0,103.586,0,0,0,103.586,0
13.3196,2.70676,0,0,4.65181,0.0952893,0.36288,3.6288,41.9624,0.627316,0,0,1.2061,0.149905,0,0.66528,12.849,1,0.84672,0.36288,0,114.421,3.54616,110.391,0.84672,12.849,0.84672,3695.15,0,0.0036966,2.79164e-05,1.51584,1.94497,8.71344,0.95226,11.222,0.42336,0.0018483,0.21168,0.0018483,0.21168,460.486,0,1.02816,0,0,2.544,1.51584,1.028160,1,0,121.613,0,0,0,121.613,0
17.0039,2.60074,0,0,6.76955,0.12168,0.36288,3.6288,44.546,0.534245,0,0,3.28563,0.167802,0,0.66528,12.849,1,0.84672,0.36288,0,155.589,4.33624,150.769,0.84672,12.849,0.84672,3695.15,0,0.0036966,2.35317e-05,4.01509,1.94504,22.621,0.973709,27.6074,0.42336,0.0018483,0.21168,0.0018483,0.21168,460.486,0,1.02816,0,0,5.04325,4.01509,1.028160,1,0,178.376,0,0,0,178.376,0
22.6893,2.60094,0,0,8.78308,0.133805,0.36288,3.6288,47.0548,0.534302,0,0,3.23364,0.190575,0,0.66528,12.849,1,0.84672,0.36288,0,260.163,4.4393,255.239,0.84672,12.849,0.84672,3695.15,0,0.0036966,2.21692e-05,4.18054,1.85325,19.223,0.885204,24.3716,0.42336,0.0018483,0.21168,0.0018483,0.21168,460.486,0,1.02816,0,0,5.2087,4.18054,1.028160,1,0,279.611,0,0,0,279.611,0
28.162,2.60113,0,0,8.58151,0.14483,0.36288,3.6288,49.8748,0.534359,0,0,3.54941,0.195019,0,0.66528,12.849,1,0.84672,0.36288,0,151.922,4.4393,146.999,0.84672,12.849,0.84672,3695.15,0,0.0036966,2.09895e-05,5.17092,1.85332,21.6604,0.885204,27.7994,0.42336,0.0018483,0.21168,0.0018483,0.21168,460.486,0,1.02816,0,0,6.19908,5.17092,1.028160,1,0,174.799,0,0,0,174.799,0
35.1847,2.60129,0,0,10.1415,0.154559,0.36288,3.6288,56.2072,0.534416,0,0,7.0821,0.215338,0,0.66528,12.849,1,0.84672,0.36288,0,103.174,4.34462,98.3452,0.84672,12.849,0.84672,3695.15,0,0.0036966,1.98048e-05,5.77028,1.85339,23.9214,0.955839,30.5892,0.42336,0.0018483,0.21168,0.0018483,0.21168,460.486,0,1.02816,0,0,6.79844,5.77028,1.028160,1,0,128.934,0,0,0,128.934,0
38.3575,2.60145,0,0,6.33267,0.195591,0.36288,3.6288,58.3317,0.534473,0,0,2.909,0.250008,0,0.66528,12.849,1,0.84672,0.36288,0,148.161,4.44072,143.237,0.84672,12.849,0.84672,3695.15,0,0.0036966,1.75755e-05,3.35333,1.85345,14.9687,1.12011,19.0554,0.42336,0.0018483,0.21168,0.0018483,0.21168,460.486,0,1.02816,0,0,4.38149,3.35333,1.028160,1,0,162.292,0,0,0,162.292,0
42.9385,2.70959,0,0,7.83795,0.18445,0.36288,3.6288,58.7391,0.585049,0,0,1.19756,0.205127,0,0.66528,12.849,1,0.84672,0.36288,0,118.458,4.1223,113.852,0.84672,12.849,0.84672,3695.15,0,0.0036966,1.85379e-05,1.57912,1.85352,13.591,1.09591,15.9277,0.42336,0.0018483,0.21168,0.0018483,0.21168,460.486,0,1.02816,0,0,2.60728,1.57912,1.028160,1,0,129.779,0,0,0,129.779,0
48.0878,2.7373,0,0,8.44413,0.194605,0.36288,3.6288,60.2096,0.585093,0,0,2.2613,0.205665,0,0.66528,12.849,1,0.819116,0.36288,0,200.105,4.1223,195.526,0.84672,12.849,0.84672,3695.15,0,0.0036966,1.84107e-05,3.52246,1.91286,19.8583,1.09591,24.1977,0.42336,0.0018483,0.21168,0.0018483,0.21168,460.486,0,1.02816,0,0,4.55062,3.52246,1.028160,1,0,219.724,0,0,0,219.724,0
52.0189,2.80661,0,0,7.30676,0.206179,0.36288,3.6288,61.308,0.585136,0,0,2.2266,0.207609,0.33544,0.66528,12.849,1,0.749921,0.36288,0,176.168,4.1223,171.659,0.84672,12.849,0.84672,3695.15,0,0.0036966,1.79624e-05,1.66711,1.91291,12.56,1.09591,15.0441,0.42336,0.0018483,0.21168,0.0018483,0.21168,460.486,0,1.02816,0,0,2.69527,1.66711,1.028160,1,0,187.038,0,0,0,187.038,0
56.131,2.85213,0,0,7.54108,0.214034,0.36288,3.6288,61.308,0.58518,0,0,1.1827,0.183206,0.414318,0.66528,12.849,1,0.704495,0.36288,0,157.863,3.78847,153.733,0.84672,12.849,0.84672,3695.15,0,0.0036966,1.76419e-05,1.08624,1.91296,9.71879,1.02546,11.6925,0.42336,0.0018483,0.21168,0.0018483,0.21168,460.486,0,1.02816,0,0,2.1144,1.08624,1.028160,1,0,165.84,0,0,0,165.84,0
63.2962,3.02777,0,0,10.7934,0.237537,0.36288,3.6288,61.308,0.66528,0,0,2.11917,0.160527,1.29336,0.66528,12.849,1,0.693089,0.36288,0,273.911,3.21147,270.37,0.84672,12.849,0.84672,3695.15,0,0.0036966,0.0018483,3.04412,1.91301,19.277,0.932422,23.2998,0.42336,0.0018483,0.21168,0.0018483,0.21168,460.486,0,1.02816,0,0,4.07228,3.04412,1.028160,1,0,294.963,0,0,0,294.963,0
66.5148,3.09308,0,0,6.93439,0.25987,0.36288,3.6288,61.308,0.66528,0,0,1.7289,0.155591,0.908027,0.66528,12.849,1,0.627888,0.36288,0,189.446,3.03408,186.147,0.84672,12.849,0.84672,3695.15,0,0.0036966,0.0018483,1.51522,2.02515,12.8193,0.906478,15.4513,0.42336,0.0018483,0.21168,0.0018483,0.21168,460.486,0,1.02816,0,0,2.54338,1.51522,1.028160,1,0,202.506,0,0,0,202.506,0
67.7777,3.11863,0,0,5.01107,0.266681,0.36288,3.6288,61.308,0.66528,0,0,1.30903,0.155591,0.488158,0.66528,12.849,1,0.602441,0.36288,0,121.66,3.03408,118.386,0.84672,12.849,0.84672,3695.15,0,0.0036966,0.0018483,0.937984,2.02521,9.28904,0.906478,11.3439,0.42336,0.0018483,0.21168,0.0018483,0.21168,460.486,0,1.02816,0,0,1.96614,0.937984,1.028160,1,0,130.218,0,0,0,130.218,0
68.4078,3.12815,0,0,4.39342,0.272273,0.36288,3.6288,61.308,0.66528,0,0,1.3021,0.138082,0.498738,0.66528,12.849,1,0.593021,0.36288,0,103.886,2.73162,100.925,0.84672,12.849,0.84672,3695.15,0,0.0036966,0.0018483,1.2151,2.02526,9.02958,0.819751,11.4483,0.42336,0.0018483,0.21168,0.0018483,0.21168,460.486,0,1.02816,0,0,2.24326,1.2151,1.028160,1,0,112.872,0,0,0,112.872,0
69.0083,2.87012,0,0,4.11365,0.280171,0.36288,3.6288,61.308,0.520511,0,0,1.19976,0.121903,0.557345,0.66528,12.849,1,0.539093,0.36288,0,112.042,2.78221,109.083,0.84672,12.849,0.84672,3695.15,0,0.0036966,1.56923e-05,1.1555,2.02531,8.53788,0.757403,10.9613,0.42336,0.0018483,0.21168,0.0018483,0.21168,460.486,0,1.02816,0,0,2.18366,1.1555,1.028160,1,0,120.602,0,0,0,120.602,0
68.9548,2.87415,0,0,3.47347,0.289918,0.36288,3.6288,61.308,0.520553,0,0,1.07281,0.116102,0.436157,0.66528,12.849,1,0.535153,0.36288,0,100.532,2.85663,97.5035,0.84672,12.849,0.84672,3695.15,0,0.0036966,1.56935e-05,0.869106,1.83542,7.92896,0.760737,9.87273,0.42336,0.0018483,0.21168,0.0018483,0.21168,460.486,0,1.02816,0,0,1.89727,0.869106,1.028160,1,0,107.812,0,0,0,107.812,0
70.1288,2.87388,0,0,4.70054,0.289797,0.36288,3.6288,61.308,0.520594,0,0,1.49486,0.116102,0.858162,0.66528,12.849,1,0.535517,0.36288,0,157.876,2.85663,154.847,0.84672,12.849,0.84672,3695.15,0,0.0036966,1.56948e-05,1.77242,1.83547,9.96441,0.760737,12.8115,0.42336,0.0018483,0.21168,0.0018483,0.21168,460.486,0,1.02816,0,0,2.80058,1.77242,1.028160,1,0,168.517,0,0,0,168.517,0
72.29,2.88153,0,0,5.86758,0.288415,0.536406,3.6288,61.308,0.520636,0,0,1.63931,0.0817392,1.03694,0.66528,12.849,1,0.527955,0.536406,0,206.84,2.3187,204.53,0.84672,12.849,0.84672,3695.15,0,0.0036966,1.5696e-05,2.26717,1.83552,13.2435,0.668607,16.6775,0.42336,0.0018483,0.21168,0.0018483,0.21168,460.486,0,1.02816,0,0,3.29533,2.26717,1.028160,1,0,222.244,0,0,0,222.244,0
72.29,2.89502,0,0,5.61414,0.30767,2.41146,3.6288,61.308,0.520678,0,0,1.73133,0.0859207,1.12473,0.66528,12.849,1,0.514567,2.41146,0,225.41,2.47055,224.836,0.84672,12.849,0.84672,3695.15,0,0.0036966,1.56973e-05,2.68697,1.83556,12.2242,0.660441,16.0863,0.42336,0.0018483,0.21168,0.0018483,0.21168,460.486,0,1.02816,0,0,3.71513,2.68697,1.028160,1,0,242.047,0,0,0,242.047,0
72.29,3.00087,0,0,6.25734,0.345493,2.91097,3.6288,61.308,0.583013,0,0,2.92583,0.110692,2.23213,0.66528,12.849,1,0.533383,2.91097,0,212.949,3.0743,212.253,0.84672,12.849,0.84672,3695.15,0,0.0036966,1.75765e-05,4.5331,1.83561,20.6773,0.678412,26.3676,0.42336,0.0018483,0.21168,0.0018483,0.21168,460.486,0,1.02816,0,0,5.56126,4.5331,1.028160,1,0,240.852,0,0,0,240.852,0
72.29,3.00095,0,0,5.74137,0.345493,2.39492,3.6288,61.308,0.583056,0,0,2.26283,0.110692,1.56909,0.66528,12.849,1,0.533397,2.39492,0,245.789,3.0743,244.576,0.84672,12.849,0.84672,3695.15,0,0.0036966,1.75778e-05,3.41118,1.90714,16.2154,0.678412,20.8553,0.42336,0.0018483,0.21168,0.0018483,0.21168,460.486,0,1.02816,0,0,4.43934,3.41118,1.028160,1,0,267.001,0,0,0,267.001,0
72.29,3.00103,0,0,4.5418,0.315576,1.22519,3.6288,61.308,0.583099,0,0,2.02314,0.106156,1.33389,0.66528,12.849,1,0.533411,1.22519,0,175.246,2.59351,173.344,0.84672,12.849,0.84672,3695.15,0,0.0036966,1.75791e-05,3.0463,1.90719,13.0133,0.678365,17.2884,0.42336,0.0018483,0.21168,0.0018483,0.21168,460.486,0,1.02816,0,0,4.07446,3.0463,1.028160,1,0,191.967,0,0,0,191.967,0
72.29,3.00112,0,0,4.20109,0.223542,0.97643,3.6288,61.308,0.583142,0,0,1.81946,0.134073,1.10225,0.66528,12.849,1,0.533426,0.97643,0,153.58,2.65503,151.368,0.84672,12.849,0.84672,3695.15,0,0.0036966,1.75804e-05,2.71175,1.90724,11.0583,0.737577,14.9397,0.42336,0.0018483,0.21168,0.0018483,0.21168,460.486,0,1.02816,0,0,3.73991,2.71175,1.028160,1,0,167.41,0,0,0,167.41,0
72.29,2.95983,0,0,3.88023,0.261047,0.659354,3.6288,61.308,0.558989,0,0,1.32888,0.178804,0.591091,0.66528,12.849,1,0.526088,0.659354,0,160.869,3.61463,157.388,0.84672,12.849,0.84672,3695.15,0,0.0036966,1.68523e-05,1.83655,1.90729,9.2054,0.869907,12.0793,0.42336,0.0018483,0.21168,0.0018483,0.21168,460.486,0,1.02816,0,0,2.86471,1.83655,1.028160,1,0,170.058,0,0,0,170.058,0
72.149,2.95991,0,0,3.44282,0.261047,0.36288,3.6288,61.308,0.559031,0,0,1.2157,0.178804,0.477864,0.66528,12.849,1,0.526102,0.36288,0,103.127,3.61463,99.3492,0.84672,12.849,0.84672,3695.15,0,0.0036966,1.68536e-05,1.47264,1.87952,8.35505,0.869907,10.8373,0.42336,0.0018483,0.21168,0.0018483,0.21168,460.486,0,1.02816,0,0,2.5008,1.47264,1.028160,1,0,110.664,0,0,0,110.664,0
71.7628,2.95912,0,0,3.19657,0.260767,0.36288,3.6288,61.308,0.559074,0,0,1.1415,0.178804,0.403621,0.66528,12.849,1,0.526989,0.36288,0,88.0848,3.61463,84.3061,0.84672,12.849,0.84672,3695.15,0,0.0036966,1.68548e-05,1.31518,1.87957,7.6267,0.869907,9.95153,0.42336,0.0018483,0.21168,0.0018483,0.21168,460.486,0,1.02816,0,0,2.34334,1.31518,1.028160,1,0,94.6612,0,0,0,94.6612,0
71.1593,2.95679,0,0,2.95674,0.240507,0.36288,3.6288,61.308,0.559117,0,0,1.08546,0.184226,0.342118,0.66528,12.849,1,0.529408,0.36288,0,75.9698,3.6385,72.1648,0.84672,12.849,0.84672,3695.15,0,0.0036966,1.68561e-05,1.19027,1.87962,7.04488,0.863084,9.25168,0.42336,0.0018483,0.21168,0.0018483,0.21168,460.486,0,1.02816,0,0,2.21843,1.19027,1.028160,1,0,81.7586,0,0,0,81.7586,0
70.5034,3.09315,0,0,2.97659,0.176461,0.36288,3.6288,61.308,0.644976,0,0,0.9807,0.210583,0.125141,0.66528,12.849,1,0.55852,0.36288,0,85.7529,4.34338,81.2138,0.84672,12.849,0.84672,3695.15,0,0.0036966,1.94446e-05,0.795822,1.87967,6.78102,0.959565,8.49693,0.42336,0.0018483,0.21168,0.0018483,0.21168,460.486,0,1.02816,0,0,1.82398,0.795822,1.028160,1,0,89.8359,0,0,0,89.8359,0
69.8553,3.08884,0,0,2.96834,0.16481,0.36288,3.6288,61.308,0.645021,0,0,0.891899,0.220185,0.0266927,0.66528,12.849,1,0.56293,0.36288,0,82.9621,4.82727,77.9348,0.84672,12.849,0.84672,3695.15,0,0.0036966,1.9446e-05,0.542903,1.97702,6.46825,1.04472,7.94343,0.42336,0.0018483,0.21168,0.0018483,0.21168,460.486,0,1.02816,0,0,1.57106,0.542903,1.028160,1,0,85.9049,0,0,0,85.9049,0
69.1118,3.08451,0,0,2.86796,0.163988,0.36288,3.6288,61.308,0.645066,0,0,0.909792,0.220185,0.0445413,0.66528,12.849,1,0.567357,0.36288,0,79.0983,4.82727,74.0666,0.84672,12.849,0.84672,3695.15,0,0.0036966,1.94473e-05,0.714027,1.97707,6.18691,1.04472,7.83326,0.42336,0.0018483,0.21168,0.0018483,0.21168,460.486,0,1.02816,0,0,1.74219,0.714027,1.028160,1,0,81.9444,0,0,0,81.9444,0
68.1148,3.07945,0,0,2.63236,0.187038,0.36288,3.6288,61.3021,0.645111,0,0,0.852837,0.213601,0,0.66528,12.849,1,0.572518,0.36288,0,74.3723,4.4042,69.7584,0.84672,12.849,0.84672,3695.15,0,0.0036966,1.94487e-05,0.636232,1.97712,5.64215,1.06104,7.19445,0.42336,0.0018483,0.21168,0.0018483,0.21168,460.486,0,1.02816,0,0,1.66439,0.636232,1.028160,1,0,76.9529,0,0,0,76.9529,0
67.1657,3.07248,0,0,2.62953,0.143301,0.36288,3.6288,61.2765,0.645156,0,0,0.845847,0.226294,0,0.66528,12.849,1,0.579584,0.36288,0,69.1053,4.26354,64.6251,0.84672,12.849,0.84672,3695.15,0,0.0036966,1.94519e-05,0.721155,1.97718,5.49614,1.09983,7.09462,0.42336,0.0018483,0.21168,0.0018483,0.21168,460.486,0,1.02816,0,0,1.74931,0.721155,1.028160,1,0,71.7197,0,0,0,71.7197,0
66.5327,2.89596,0,0,2.75164,0.12579,0.36288,3.6288,61.2627,0.61181,0,0,0.819012,0.221014,0,0.66528,12.849,1,0.554006,0.36288,0,62.6685,3.9984,58.479,0.84672,12.849,0.84672,3695.15,0,0.0036966,1.84542e-05,0.758143,1.97723,5.2853,1.0805,6.94015,0.42336,0.0018483,0.21168,0.0018483,0.21168,460.486,0,1.02816,0,0,1.7863,0.758143,1.028160,1,0,65.4191,0,0,0,65.4191,0
65.6799,2.89162,0,0,2.52685,0.125162,0.36288,3.6288,61.2169,0.611854,0,0,0.786992,0.220994,0,0.66528,12.849,1,0.558438,0.36288,0,59.3988,3.9984,55.2048,0.84672,12.849,0.84672,3695.15,0,0.0036966,1.84597e-05,0.703823,1.91359,5.03379,1.0805,6.57069,0.42336,0.0018483,0.21168,0.0018483,0.21168,460.486,0,1.02816,0,0,1.73198,0.703823,1.028160,1,0,61.7755,0,0,0,61.7755,0
64.5821,2.88563,0,0,2.27501,0.124315,0.36288,3.6288,61.1259,0.611898,0,0,0.741891,0.22093,0,0.66528,12.849,1,0.564518,0.36288,0,56.8414,3.9984,52.6414,0.84672,12.849,0.84672,3695.15,0,0.0036966,1.84748e-05,0.585179,1.91364,4.63375,1.0805,6.05205,0.42336,0.0018483,0.21168,0.0018483,0.21168,460.486,0,1.02816,0,0,1.61334,0.585179,1.028160,1,0,58.6935,0,0,0,58.6935,0
63.5739,2.8777,0,0,2.32602,0.0936673,0.36288,3.6288,61.0034,0.611942,0,0,0.739886,0.250458,0,0.66528,12.849,1,0.572537,0.36288,0,56.8415,4.62552,52.0063,0.84672,12.849,0.84672,3695.15,0,0.0036966,1.85036e-05,0.602173,1.9137,4.66531,1.27461,5.90654,0.42336,0.0018483,0.21168,0.0018483,0.21168,460.486,0,1.02816,0,0,1.63033,0.602173,1.028160,1,0,57.9129,0,0,0,57.9129,0
62.6646,2.93721,0,0,2.47718,0.0863881,0.36288,3.6288,60.8994,0.652063,0,0,0.848871,0.300835,0,0.66528,12.849,1,0.593644,0.36288,0,54.6425,5.75496,48.6567,0.84672,12.849,0.84672,3695.15,0,0.0036966,1.97564e-05,0.482069,1.91375,4.16041,1.47367,5.08254,0.42336,0.0018483,0.21168,0.0018483,0.21168,460.486,0,1.02816,0,0,1.51023,0.482069,1.028160,1,0,53.7393,0,0,0,53.7393,0
61.6616,2.93014,0,0,2.3755,0.0854799,0.36288,3.6288,60.7123,0.652108,0,0,0.77322,0.308237,0,0.66528,12.849,1,0.600808,0.36288,0,53.7159,5.92578,47.5522,0.84672,12.849,0.84672,3695.15,0,0.0036966,1.97915e-05,0.527757,1.95985,4.32912,1.50145,5.31526,0.42336,0.0018483,0.21168,0.0018483,0.21168,460.486,0,1.02816,0,0,1.55592,0.527757,1.028160,1,0,52.8675,0,0,0,52.8675,0
60.5147,2.92213,0,0,2.22293,0.0847782,0.36288,3.6288,60.4679,0.652153,0,0,0.71572,0.307871,0,0.66528,12.849,1,0.608912,0.36288,0,48.492,5.92578,42.3202,0.84672,12.849,0.84672,3695.15,0,0.0036966,1.98539e-05,0.460987,1.95991,3.8637,1.50145,4.78312,0.42336,0.0018483,0.21168,0.0018483,0.21168,460.486,0,1.02816,0,0,1.48915,0.460987,1.028160,1,0,47.1033,0,0,0,47.1033,0
59.1959,2.91269,0,0,2.04075,0.0839757,0.36288,3.6288,60.2162,0.652198,0,0,0.707849,0.307394,0,0.66528,12.849,1,0.618447,0.36288,0,44.3276,5.92578,38.1463,0.84672,12.849,0.84672,3695.15,0,0.0036966,1.99355e-05,0.338671,1.95996,3.77884,1.50145,4.576,0.42336,0.0018483,0.21168,0.0018483,0.21168,460.486,0,1.02816,0,0,1.36683,0.338671,1.028160,1,0,42.7223,0,0,0,42.7223,0
58.0488,3.09522,0,0,2.38427,0.0733165,0.36288,3.6288,60.024,0.66528,0,0,0.789903,0.316806,0,0.66528,12.849,1,0.671845,0.36288,0,42.4936,6.31868,35.866,0.84672,12.849,0.84672,3695.15,0,0.0036966,0.0018483,0.581489,1.96001,4.77478,1.58969,5.72474,0.42336,0.0018483,0.21168,0.0018483,0.21168,460.486,0,1.02816,0,0,1.60965,0.581489,1.028160,1,0,41.5907,0,0,0,41.5907,0
56.8785,3.08443,0,0,2.35234,0.0753154,0.36288,3.6288,59.7442,0.66528,0,0,0.719232,0.333775,0,0.66528,12.849,1,0.682734,0.36288,0,39.3461,6.59022,32.4361,0.84672,12.849,0.84672,3695.15,0,0.0036966,0.0018483,0.33766,2.11604,2.887,1.64689,3.69195,0.42336,0.0018483,0.21168,0.0018483,0.21168,460.486,0,1.02816,0,0,1.36582,0.33766,1.028160,1,0,36.128,0,0,0,36.128,0
55.3052,3.07305,0,0,1.93711,0.0744564,0.36288,3.6288,59.323,0.714001,0,0,0.626009,0.333179,0,0.66528,12.849,1,0.694211,0.36288,0,48.8459,6.59022,41.9243,0.84672,12.849,0.84672,3695.15,0,0.0036966,0.0018483,0.227405,2.1161,2.57564,1.64689,3.2704,0.42336,0.0018483,0.21168,0.0018483,0.21168,460.486,0,0.979439,0,0,1.20684,0.227405,1.028160,1,0,45.1947,0,0,0,45.1947,0
53.9549,3.05711,0,0,2.14296,0.0733017,0.36288,3.6288,59.1854,0.66528,0,0,0.859933,0.332283,0,0.66528,12.849,1,0.710255,0.36288,0,41.8787,6.59022,34.9411,0.84672,12.849,0.84672,3695.15,0,0.0036966,0.0018483,0.551707,2.11615,3.07793,1.64689,4.09705,0.42336,0.0018483,0.21168,0.0018483,0.21168,460.486,0,1.02816,0,0,1.57987,0.551707,1.028160,1,0,39.0381,0,0,0,39.0381,0
52.4937,3.04283,0,0,2.01728,0.0727669,0.36288,3.6288,58.8956,0.66528,0,0,0.702899,0.32746,0,0.66528,12.849,1,0.72463,0.36288,0,43.9466,6.32496,37.2599,0.84672,12.849,0.84672,3695.15,0,0.0036966,0.0018483,0.441055,2.11621,3.73393,1.5848,4.70454,0.42336,0.0018483,0.21168,0.0018483,0.21168,460.486,0,1.02816,0,0,1.46921,0.441055,1.028160,1,0,41.9644,0,0,0,41.9644,0
51.3645,2.93436,0,0,2.2434,0.0752998,0.36288,3.6288,58.6487,0.66528,0,0,0.758912,0.340449,0,0.66528,12.849,1,0.71825,0.36288,0,50.9362,5.9721,44.6087,0.84672,12.849,0.84672,3695.15,0,0.0036966,0.0018483,0.413623,2.11627,5.71088,1.69699,6.54192,0.42336,0.0018483,0.21168,0.0018483,0.21168,460.486,0,1.02816,0,0,1.44178,0.413623,1.028160,1,0,51.1506,0,0,0,51.1506,0
50.5303,2.92181,0,0,2.57463,0.12415,0.36288,3.6288,58.4208,0.66528,0,0,0.736491,0.299201,0,0.66528,12.849,1,0.730899,0.36288,0,43.659,5.64081,37.6502,0.84672,12.849,0.84672,3695.15,0,0.0036966,0.0018483,0.357359,2.02693,4.16261,1.58321,4.96184,0.42336,0.0018483,0.21168,0.0018483,0.21168,460.486,0,1.02816,0,0,1.38552,0.357359,1.028160,1,0,42.6121,0,0,0,42.6121,0
51.1391,2.91226,0,0,4.007,0.12307,0.36288,3.6288,58.6778,0.66528,0,0,1.22111,0.298762,0,0.66528,12.849,1,0.740539,0.36288,0,70.9704,5.64081,64.952,0.84672,12.849,0.84672,3695.15,0,0.0036966,0.0018483,1.35872,2.02698,7.42516,1.58321,9.22581,0.42336,0.0018483,0.21168,0.0018483,0.21168,460.486,0,1.02816,0,0,2.38688,1.35872,1.028160,1,0,74.1778,0,0,0,74.1778,0
51.4187,2.91939,0,0,3.68574,0.123858,0.36288,3.6288,58.8364,0.66528,0,0,1.12308,0.299257,0,0.66528,12.849,1,0.733513,0.36288,0,128.589,5.64081,122.578,0.84672,12.849,0.84672,3695.15,0,0.0036966,0.0018483,1.1402,2.02703,6.27615,1.58321,7.85833,0.42336,0.0018483,0.21168,0.0018483,0.21168,460.486,0,1.02816,0,0,2.16836,1.1402,1.028160,1,0,130.436,0,0,0,130.436,0
50.4581,2.84716,0,0,2.44617,0.19679,0.36288,3.6288,58.5144,0.691375,0,0,0.62569,0.256241,0,0.66528,12.849,1,0.711475,0.36288,0,61.5902,5.04071,56.2009,0.84672,12.849,0.84672,3695.15,0,0.0036966,2.1719e-05,0.216518,2.02709,5.29909,1.29349,6.24919,0.42336,0.0018483,0.21168,0.0018483,0.21168,460.486,0,0.966358,0,0,1.18288,0.216518,1.028160,1,0,62.45,0,0,0,62.45,0
50.6113,2.83644,0,0,3.55544,0.20285,0.36288,3.6288,58.37,0.629619,0,0,0.731368,0.246218,0,0.66528,12.849,1,0.72229,0.36288,0,66.1137,4.81887,60.9354,0.84672,12.849,0.84672,3695.15,0,0.0036966,1.98878e-05,0.470353,1.94769,7.65458,1.16943,8.90317,0.42336,0.0018483,0.21168,0.0018483,0.21168,460.486,0,1.02816,0,0,1.49851,0.470353,1.028160,1,0,69.8386,0,0,0,69.8386,0
50.3035,2.83826,0,0,3.09649,0.203177,0.36288,3.6288,59.0047,0.629664,0,0,1.51042,0.245989,0,0.66528,12.849,1,0.720565,0.36288,0,71.8166,4.81887,66.6401,0.84672,12.849,0.84672,3695.15,0,0.0036966,1.99385e-05,2.20979,1.94774,9.88895,1.16943,12.877,0.42336,0.0018483,0.21168,0.0018483,0.21168,460.486,0,1.02816,0,0,3.23795,2.20979,1.028160,1,0,79.5171,0,0,0,79.5171,0
50.4866,2.83482,0,0,3.5833,0.20252,0.36288,3.6288,58.9947,0.629708,0,0,0.866717,0.246995,0,0.66528,12.849,1,0.724097,0.36288,0,72.7515,4.81887,67.5714,0.84672,12.849,0.84672,3695.15,0,0.0036966,1.97254e-05,0.389223,1.94779,6.64074,1.16943,7.8083,0.42336,0.0018483,0.21168,0.0018483,0.21168,460.486,0,1.02816,0,0,1.41738,0.389223,1.028160,1,0,75.3797,0,0,0,75.3797,0
53.0308,2.75221,0,0,5.87671,0.217415,0.36288,3.6288,59.8141,0.536489,0,0,1.59957,0.243716,0,0.66528,12.849,1,0.700445,0.36288,0,109.372,4.72999,104.304,0.84672,12.849,0.84672,3695.15,0,0.0036966,1.68081e-05,2.30183,1.94784,14.3966,1.20194,17.4443,0.42336,0.0018483,0.21168,0.0018483,0.21168,460.486,0,1.02816,0,0,3.32999,2.30183,1.028160,1,0,121.749,0,0,0,121.749,0
55.0131,2.77933,0,0,5.34526,0.220779,0.36288,3.6288,60.3606,0.536531,0,0,1.29386,0.210847,0,0.66528,12.849,1,0.673414,0.36288,0,103.044,3.96868,98.7649,0.84672,12.849,0.84672,3695.15,0,0.0036966,1.65792e-05,1.82523,1.85591,9.86783,1.06401,12.4849,0.42336,0.0018483,0.21168,0.0018483,0.21168,460.486,0,1.02816,0,0,2.85339,1.82523,1.028160,1,0,111.25,0,0,0,111.25,0
57.0253,2.79908,0,0,5.3995,0.225263,0.36288,3.6288,61.1962,0.536573,0,0,1.58376,0.211583,0,0.66528,12.849,1,0.653761,0.36288,0,145.864,3.96868,141.604,0.84672,12.849,0.84672,3695.15,0,0.0036966,1.64304e-05,2.21546,1.85596,11.7146,1.06401,14.722,0.42336,0.0018483,0.21168,0.0018483,0.21168,460.486,0,1.02816,0,0,3.24362,2.21546,1.028160,1,0,156.326,0,0,0,156.326,0
61.7791,2.81799,0,0,8.16447,0.229815,0.36288,3.6288,61.308,0.536615,0,0,1.92614,0.212707,1.06501,0.66528,12.849,1,0.634951,0.36288,0,167.571,3.96868,163.33,0.84672,12.849,0.84672,3695.15,0,0.0036966,1.62073e-05,2.53172,1.85601,18.3798,1.06401,21.7035,0.42336,0.0018483,0.21168,0.0018483,0.21168,460.486,0,1.02816,0,0,3.55988,2.53172,1.028160,1,0,186.099,0,0,0,186.099,0
62.9932,2.85851,0,0,4.69003,0.254586,0.36288,3.6288,61.308,0.536657,0,0,1.67395,0.209176,0.928115,0.66528,12.849,1,0.594522,0.36288,0,128.483,4.12128,124.13,0.84672,12.849,0.84672,3695.15,0,0.0036966,1.6179e-05,1.99458,1.85606,9.27893,1.04009,12.0895,0.42336,0.0018483,0.21168,0.0018483,0.21168,460.486,0,1.02816,0,0,3.02274,1.99458,1.028160,1,0,137.147,0,0,0,137.147,0
64.9183,2.95795,0,0,5.47416,0.228208,0.36288,3.6288,61.308,0.587289,0,0,1.85684,0.187417,1.08213,0.66528,12.849,1,0.603346,0.36288,0,111.083,3.52264,107.32,0.84672,12.849,0.84672,3695.15,0,0.0036966,1.77055e-05,2.12052,1.85611,10.8949,1.02429,13.8472,0.42336,0.0018483,0.21168,0.0018483,0.21168,460.486,0,1.02816,0,0,3.14868,2.12052,1.028160,1,0,122.249,0,0,0,122.249,0
67.0891,2.97294,0,0,5.7384,0.231795,0.36288,3.6288,61.308,0.587318,0,0,2.4001,0.187417,1.62536,0.66528,12.849,1,0.588421,0.36288,0,94.6996,3.52264,90.9514,0.84672,12.849,0.84672,3695.15,0,0.0036966,1.77063e-05,2.65843,1.91551,14.059,1.02429,17.6086,0.42336,0.0018483,0.21168,0.0018483,0.21168,460.486,0,1.02816,0,0,3.68659,2.65843,1.028160,1,0,110.185,0,0,0,110.185,0
70.02,2.98897,0,0,6.51859,0.235839,0.36288,3.6288,61.308,0.587348,0,0,2.08282,0.187417,1.30805,0.66528,12.849,1,0.572453,0.36288,0,54.4196,3.52264,50.6873,0.84672,12.849,0.84672,3695.15,0,0.0036966,1.77072e-05,2.53105,1.91555,12.4051,1.02429,15.8273,0.42336,0.0018483,0.21168,0.0018483,0.21168,460.486,0,1.02816,0,0,3.55921,2.53105,1.028160,1,0,67.8227,0,0,0,67.8227,0
72.29,3.00928,0,0,9.00582,0.255028,3.47149,3.6288,61.308,0.587377,0,0,2.09208,0.204896,1.29981,0.66528,12.849,1,0.552217,3.47149,0,151.891,3.65017,151.16,0.84672,12.849,0.84672,3695.15,0,0.0036966,1.77081e-05,2.70232,1.91558,17.5313,1.0688,21.0803,0.42336,0.0018483,0.21168,0.0018483,0.21168,460.486,0,1.02816,0,0,3.73048,2.70232,1.028160,1,0,173.54,0,0,0,173.54,0
72.29,3.1636,0,0,7.65802,0.319789,4.17463,3.6288,61.308,0.66528,0,0,2.1437,0.195322,1.28309,0.66528,12.849,1,0.562306,4.17463,0,143.862,4.15776,143.317,0.84672,12.849,0.84672,3695.15,0,0.0036966,0.0018483,3.18685,1.91562,17.9154,1.29233,21.7237,0.42336,0.0018483,0.21168,0.0018483,0.21168,460.486,0,1.02816,0,0,4.21501,3.18685,1.028160,1,0,166.323,0,0,0,166.323,0
72.29,3.16366,0,0,4.66358,0.339861,1.16006,3.6288,61.308,0.66528,0,0,1.57715,0.180015,0.73186,0.66528,12.849,1,0.562317,1.16006,0,85.1265,4.34784,81.3764,0.84672,12.849,0.84672,3695.15,0,0.0036966,0.0018483,2.37903,2.02789,12.7604,1.43081,15.7347,0.42336,0.0018483,0.21168,0.0018483,0.21168,460.486,0,1.02816,0,0,3.40719,2.37903,1.028160,1,0,97.8429,0,0,0,97.8429,0
72.29,3.16372,0,0,5.25746,0.317817,1.77592,3.6288,61.308,0.66528,0,0,1.54785,0.190258,0.692309,0.66528,12.849,1,0.562327,1.77592,0,82.8732,3.97632,80.1104,0.84672,12.849,0.84672,3695.15,0,0.0036966,0.0018483,2.39233,2.02793,11.8131,1.22792,15.0036,0.42336,0.0018483,0.21168,0.0018483,0.21168,460.486,0,1.02816,0,0,3.42049,2.39233,1.028160,1,0,95.8064,0,0,0,95.8064,0
72.29,3.16378,0,0,6.26584,0.301284,2.80078,3.6288,61.308,0.66528,0,0,1.57871,0.197941,0.715488,0.66528,12.849,1,0.562337,2.80078,0,127.141,3.69768,125.682,0.84672,12.849,0.84672,3695.15,0,0.0036966,0.0018483,2.33949,2.02797,12.4385,1.07575,15.7283,0.42336,0.0018483,0.21168,0.0018483,0.21168,460.486,0,1.02816,0,0,3.36765,2.33949,1.028160,1,0,142.126,0,0,0,142.126,0
72.29,2.89852,0,0,6.54151,0.294907,3.34808,3.6288,61.308,0.522554,0,0,2.57767,0.214505,1.84062,0.66528,12.849,1,0.51519,3.34808,0,142.129,4.10868,140.853,0.84672,12.849,0.84672,3695.15,0,0.0036966,1.57538e-05,3.15591,2.028,14.7997,1.19455,18.7891,0.42336,0.0018483,0.21168,0.0018483,0.21168,460.486,0,1.02816,0,0,4.18407,3.15591,1.028160,1,0,161.483,0,0,0,161.483,0
72.29,2.89858,0,0,4.24544,0.290124,1.05674,3.6288,61.308,0.522582,0,0,1.06309,0.226928,0.313582,0.66528,12.849,1,0.5152,1.05674,0,104.92,4.41693,101.044,0.84672,12.849,0.84672,3695.15,0,0.0036966,1.57547e-05,0.958418,1.83784,5.89613,1.28365,7.40872,0.42336,0.0018483,0.21168,0.0018483,0.21168,460.486,0,1.02816,0,0,1.98658,0.958418,1.028160,1,0,108.767,0,0,0,108.767,0
72.29,2.89863,0,0,4.81487,0.293163,1.62308,3.6288,61.308,0.52261,0,0,2.23769,0.218999,1.49608,0.66528,12.849,1,0.515209,1.62308,0,139.352,4.40177,136.058,0.84672,12.849,0.84672,3695.15,0,0.0036966,1.57555e-05,2.96735,1.83787,13.0956,1.26541,16.6354,0.42336,0.0018483,0.21168,0.0018483,0.21168,460.486,0,1.02816,0,0,3.99551,2.96735,1.028160,1,0,154.19,0,0,0,154.19,0
72.29,2.89868,0,0,4.53065,0.311398,1.32057,3.6288,61.308,0.522639,0,0,1.35901,0.171429,0.664944,0.66528,12.849,1,0.515219,1.32057,0,75.0513,4.31077,71.5459,0.84672,12.849,0.84672,3695.15,0,0.0036966,1.57564e-05,1.67105,1.8379,9.16877,1.15595,11.5218,0.42336,0.0018483,0.21168,0.0018483,0.21168,460.486,0,1.02816,0,0,2.69921,1.67105,1.028160,1,0,83.7326,0,0,0,83.7326,0
72.29,2.89873,0,0,5.82301,0.31021,2.61407,3.6288,61.308,0.522667,0,0,3.41057,0.167951,2.71995,0.66528,12.849,1,0.515228,2.61407,0,107.673,4.30033,105.472,0.84672,12.849,0.84672,3695.15,0,0.0036966,1.57572e-05,4.98674,1.83794,16.3712,1.13576,22.0601,0.42336,0.0018483,0.21168,0.0018483,0.21168,460.486,0,1.02816,0,0,6.0149,4.98674,1.028160,1,0,130.252,0,0,0,130.252,0
72.29,3.0047,0,0,6.24126,0.303077,2.93348,3.6288,61.308,0.585068,0,0,1.69898,0.147081,0.96683,0.66528,12.849,1,0.534063,2.93348,0,152.039,4.2377,150.201,0.84672,12.849,0.84672,3695.15,0,0.0036966,1.76385e-05,2.34053,1.83797,10.9623,1.01459,14.1262,0.42336,0.0018483,0.21168,0.0018483,0.21168,460.486,0,1.02816,0,0,3.36869,2.34053,1.028160,1,0,165.294,0,0,0,165.294,0
72.29,3.00476,0,0,7.84287,0.303077,4.53504,3.6288,61.308,0.585097,0,0,2.89865,0.147081,2.16647,0.66528,12.849,1,0.534073,4.53504,0,167.822,4.2377,167.585,0.84672,12.849,0.84672,3695.15,0,0.0036966,1.76394e-05,4.95602,1.90957,17.2397,1.01459,23.0907,0.42336,0.0018483,0.21168,0.0018483,0.21168,460.486,0,1.02816,0,0,5.98418,4.95602,1.028160,1,0,192.842,0,0,0,192.842,0
72.29,3.00481,0,0,5.48753,0.258437,2.22428,3.6288,61.308,0.585127,0,0,1.84378,0.170869,1.08779,0.66528,12.849,1,0.534082,2.22428,0,201.437,4.52854,198.599,0.84672,12.849,0.84672,3695.15,0,0.0036966,1.76403e-05,2.48816,1.90961,10.0268,1.07184,13.3527,0.42336,0.0018483,0.21168,0.0018483,0.21168,460.486,0,1.02816,0,0,3.51632,2.48816,1.028160,1,0,213.039,0,0,0,213.039,0
72.29,3.00487,0,0,4.91874,0.198258,1.71562,3.6288,61.308,0.585156,0,0,1.46452,0.220609,0.658758,0.66528,12.849,1,0.534092,1.71562,0,144.591,4.56335,141.209,0.84672,12.849,0.84672,3695.15,0,0.0036966,1.76412e-05,2.04701,1.90964,8.87432,1.21135,11.6196,0.42336,0.0018483,0.21168,0.0018483,0.21168,460.486,0,1.02816,0,0,3.07517,2.04701,1.028160,1,0,153.488,0,0,0,153.488,0
72.29,2.96351,0,0,4.50724,0.213756,1.32998,3.6288,61.308,0.560959,0,0,1.19184,0.18892,0.441957,0.66528,12.849,1,0.526741,1.32998,0,101.186,3.797,98.1927,0.84672,12.849,0.84672,3695.15,0,0.0036966,1.69117e-05,1.66644,1.90968,7.78836,1.14175,10.2227,0.42336,0.0018483,0.21168,0.0018483,0.21168,460.486,0,1.02816,0,0,2.6946,1.66644,1.028160,1,0,108.857,0,0,0,108.857,0
72.29,2.96356,0,0,4.08192,0.217514,0.900851,3.6288,61.308,0.560988,0,0,1.14589,0.182521,0.40238,0.66528,12.849,1,0.52675,0.900851,0,88.6196,3.67154,85.3222,0.84672,12.849,0.84672,3695.15,0,0.0036966,1.69125e-05,1.48078,1.88185,7.52363,1.12691,9.75933,0.42336,0.0018483,0.21168,0.0018483,0.21168,460.486,0,1.02816,0,0,2.50894,1.48078,1.028160,1,0,95.4839,0,0,0,95.4839,0
72.29,2.96361,0,0,4.61563,0.211432,1.44058,3.6288,61.308,0.561017,0,0,1.01038,0.185489,0.263874,0.66528,12.849,1,0.52676,1.44058,0,93.8701,3.90546,90.8785,0.84672,12.849,0.84672,3695.15,0,0.0036966,1.69134e-05,1.24133,1.88189,9.57718,1.13613,11.5643,0.42336,0.0018483,0.21168,0.0018483,0.21168,460.486,0,1.02816,0,0,2.26949,1.24133,1.028160,1,0,102.707,0,0,0,102.707,0
72.29,2.96367,0,0,3.91421,0.174939,0.775607,3.6288,61.308,0.561046,0,0,0.991526,0.203292,0.227189,0.66528,12.849,1,0.526769,0.775607,0,78.4312,5.30901,73.3711,0.84672,12.849,0.84672,3695.15,0,0.0036966,1.69143e-05,1.31693,1.88192,7.65418,1.19147,9.66154,0.42336,0.0018483,0.21168,0.0018483,0.21168,460.486,0,1.02816,0,0,2.34509,1.31693,1.028160,1,0,83.2598,0,0,0,83.2598,0
72.29,3.10431,0,0,3.59817,0.104953,0.388907,3.6288,61.308,0.646995,0,0,0.893376,0.228249,0.0181316,0.66528,12.849,1,0.551768,0.388907,0,60.5841,5.41048,55.0108,0.84672,12.849,0.84672,3695.15,0,0.0036966,1.95055e-05,0.898629,1.88196,6.93662,1.25957,8.45762,0.42336,0.0018483,0.21168,0.0018483,0.21168,460.486,0,1.02816,0,0,1.92679,0.898629,1.028160,1,0,63.4865,0,0,0,63.4865,0
72.2823,3.10437,0,0,3.57772,0.118199,0.36288,3.6288,61.2629,0.647026,0,0,0.830727,0.228776,0,0.66528,12.849,1,0.551778,0.36288,0,64.7041,4.98887,59.5263,0.84672,12.849,0.84672,3695.15,0,0.0036966,1.95064e-05,0.737459,1.9794,6.5518,1.11373,8.15491,0.42336,0.0018483,0.21168,0.0018483,0.21168,460.486,0,1.02816,0,0,1.76562,0.737459,1.028160,1,0,67.6812,0,0,0,67.6812,0
72.115,3.10437,0,0,3.41813,0.118192,0.36288,3.6288,61.2211,0.647056,0,0,0.833976,0.22871,0,0.66528,12.849,1,0.551838,0.36288,0,61.8256,4.98887,56.6478,0.84672,12.849,0.84672,3695.15,0,0.0036966,1.95217e-05,0.894542,1.97944,6.23971,1.11373,7.99994,0.42336,0.0018483,0.21168,0.0018483,0.21168,460.486,0,1.02816,0,0,1.9227,0.894542,1.028160,1,0,64.6477,0,0,0,64.6477,0
71.6581,3.10334,0,0,3.16181,0.152417,0.36288,3.6288,61.1415,0.647087,0,0,0.786862,0.219437,0,0.66528,12.849,1,0.552935,0.36288,0,57.5201,4.39656,52.9335,0.84672,12.849,0.84672,3695.15,0,0.0036966,1.95359e-05,0.827798,1.97948,5.67519,1.13658,7.34587,0.42336,0.0018483,0.21168,0.0018483,0.21168,460.486,0,1.02816,0,0,1.85596,0.827798,1.028160,1,0,60.2794,0,0,0,60.2794,0
71.0769,3.10041,0,0,2.95965,0.0775559,0.36288,3.6288,61.0551,0.647117,0,0,0.809991,0.249207,0,0.66528,12.849,1,0.555934,0.36288,0,53.1786,4.66221,48.3233,0.84672,12.849,0.84672,3695.15,0,0.0036966,1.95623e-05,0.819858,1.97951,5.55219,1.19188,7.15966,0.42336,0.0018483,0.21168,0.0018483,0.21168,460.486,0,1.02816,0,0,1.84802,0.819858,1.028160,1,0,55.483,0,0,0,55.483,0
70.5224,2.92518,0,0,2.82906,0.095519,0.36288,3.6288,61.0997,0.613718,0,0,0.912444,0.254195,0,0.66528,12.849,1,0.528802,0.36288,0,47.7052,4.9098,42.6295,0.84672,12.849,0.84672,3695.15,0,0.0036966,1.85789e-05,0.911926,1.97955,4.66056,1.12376,6.42826,0.42336,0.0018483,0.21168,0.0018483,0.21168,460.486,0,1.02816,0,0,1.94009,0.911926,1.028160,1,0,49.0578,0,0,0,49.0578,0
69.905,2.92172,0,0,2.76232,0.0951134,0.36288,3.6288,61.0898,0.613748,0,0,0.858133,0.254267,0,0.66528,12.849,1,0.532329,0.36288,0,44.8896,4.9098,39.8104,0.84672,12.849,0.84672,3695.15,0,0.0036966,1.85662e-05,0.905066,1.91582,4.81438,1.12376,6.51149,0.42336,0.0018483,0.21168,0.0018483,0.21168,460.486,0,1.02816,0,0,1.93323,0.905066,1.028160,1,0,46.3219,0,0,0,46.3219,0
69.1255,2.9178,0,0,2.57233,0.071176,0.36288,3.6288,61.0239,0.613778,0,0,0.840983,0.293059,0,0.66528,12.849,1,0.53631,0.36288,0,42.6364,5.45272,37.0103,0.84672,12.849,0.84672,3695.15,0,0.0036966,1.85701e-05,0.797515,1.91585,4.61252,1.30751,6.01836,0.42336,0.0018483,0.21168,0.0018483,0.21168,460.486,0,1.02816,0,0,1.82568,0.797515,1.028160,1,0,43.0286,0,0,0,43.0286,0
68.0547,2.91275,0,0,2.26686,0.0620123,0.36288,3.6288,60.9046,0.613808,0,0,0.79494,0.300429,0,0.66528,12.849,1,0.54142,0.36288,0,39.1522,6.0767,32.897,0.84672,12.849,0.84672,3695.15,0,0.0036966,1.85911e-05,0.793549,1.91589,4.6181,1.53189,5.79562,0.42336,0.0018483,0.21168,0.0018483,0.21168,460.486,0,1.02816,0,0,1.82171,0.793549,1.028160,1,0,38.6926,0,0,0,38.6926,0
66.8438,2.97345,0,0,2.19267,0.0672904,0.36288,3.6288,60.6708,0.65396,0,0,0.715072,0.294928,0,0.66528,12.849,1,0.561399,0.36288,0,32.9351,5.86962,26.8669,0.84672,12.849,0.84672,3695.15,0,0.0036966,1.9846e-05,0.601016,1.91592,3.69976,1.42688,4.7898,0.42336,0.0018483,0.21168,0.0018483,0.21168,460.486,0,1.02816,0,0,1.62918,0.601016,1.028160,1,0,31.6567,0,0,0,31.6567,0
65.5458,2.96497,0,0,2.09882,0.0689078,0.36288,3.6288,60.4003,0.65399,0,0,0.676391,0.292918,0,0.66528,12.849,1,0.56994,0.36288,0,29.9536,5.75967,23.9869,0.84672,12.849,0.84672,3695.15,0,0.0036966,1.99234e-05,0.547707,1.96207,3.45409,1.37481,4.58903,0.42336,0.0018483,0.21168,0.0018483,0.21168,460.486,0,1.02816,0,0,1.57587,0.547707,1.028160,1,0,28.5759,0,0,0,28.5759,0
63.9893,2.95559,0,0,1.83016,0.0682,0.36288,3.6288,60.0917,0.654021,0,0,0.637831,0.292415,0,0.66528,12.849,1,0.579386,0.36288,0,28.3788,5.75967,22.4026,0.84672,12.849,0.84672,3695.15,0,0.0036966,2.00136e-05,0.401354,1.9621,3.30043,1.37481,4.28905,0.42336,0.0018483,0.21168,0.0018483,0.21168,460.486,0,1.02816,0,0,1.42951,0.401354,1.028160,1,0,26.6916,0,0,0,26.6916,0
62.3076,2.9439,0,0,1.68782,0.0627584,0.36288,3.6288,59.7701,0.654051,0,0,0.626875,0.294411,0,0.66528,12.849,1,0.591133,0.36288,0,26.7728,5.83445,20.7101,0.84672,12.849,0.84672,3695.15,0,0.0036966,2.01173e-05,0.338204,1.96214,3.2704,1.38975,4.18097,0.42336,0.0018483,0.21168,0.0018483,0.21168,460.486,0,1.02816,0,0,1.36636,0.338204,1.028160,1,0,24.891,0,0,0,24.891,0
60.3187,3.12646,0,0,1.55491,0.0545004,0.36288,3.6288,59.4362,0.66528,0,0,0.632284,0.300893,0,0.66528,12.849,1,0.644734,0.36288,0,24.9769,6.07185,18.6232,0.84672,12.849,0.84672,3695.15,0,0.0036966,0.0018483,0.342852,1.96217,3.07435,1.39208,3.98545,0.42336,0.0018483,0.21168,0.0018483,0.21168,460.486,0,1.02816,0,0,1.37101,0.342852,1.028160,1,0,22.6086,0,0,0,22.6086,0
58.81,3.10899,0,0,2.02675,0.063558,0.36288,3.6288,59.1249,0.66528,0,0,0.667635,0.313714,0,0.66528,12.849,1,0.662272,0.36288,0,23.956,6.14523,17.5114,0.84672,12.849,0.84672,3695.15,0,0.0036966,0.0018483,0.420932,2.11835,2.60667,1.4858,3.65831,0.42336,0.0018483,0.21168,0.0018483,0.21168,460.486,0,1.02816,0,0,1.44909,0.420932,1.028160,1,0,21.1697,0,0,0,21.1697,0
57.0679,3.0951,0,0,1.77857,0.0626444,0.36288,3.6288,58.7906,0.66528,0,0,0.644092,0.313089,0,0.66528,12.849,1,0.676227,0.36288,0,30.4526,6.14523,23.9941,0.84672,12.849,0.84672,3695.15,0,0.0036966,0.0018483,0.356365,2.11839,2.50313,1.4858,3.49024,0.42336,0.0018483,0.21168,0.0018483,0.21168,460.486,0,1.02816,0,0,1.38453,0.356365,1.028160,1,0,27.4843,0,0,0,27.4843,0
55.3816,3.0783,0,0,1.81646,0.0615887,0.36288,3.6288,58.5517,0.66528,0,0,0.738838,0.312418,0,0.66528,12.849,1,0.693088,0.36288,0,26.3793,6.14523,19.9039,0.84672,12.849,0.84672,3695.15,0,0.0036966,0.0018483,0.434851,2.11843,2.59946,1.4858,3.66509,0.42336,0.0018483,0.21168,0.0018483,0.21168,460.486,0,1.02816,0,0,1.46301,0.434851,1.028160,1,0,23.569,0,0,0,23.569,0
53.7286,3.06123,0,0,1.83278,0.0616659,0.36288,3.6288,58.3257,0.66528,0,0,0.744434,0.305165,0,0.66528,12.849,1,0.71023,0.36288,0,26.7663,5.96038,20.4586,0.84672,12.849,0.84672,3695.15,0,0.0036966,0.0018483,0.792279,2.11847,3.32487,1.41385,4.81993,0.42336,0.0018483,0.21168,0.0018483,0.21168,460.486,0,1.02816,0,0,1.82044,0.792279,1.028160,1,0,25.2785,0,0,0,25.2785,0
53.3558,2.95078,0,0,3.04335,0.102494,0.36288,3.6288,58.6078,0.66528,0,0,1.22341,0.276025,0,0.66528,12.849,1,0.705668,0.36288,0,41.2709,5.3066,35.6216,0.84672,12.849,0.84672,3695.15,0,0.0036966,0.0018483,0.946417,2.11851,3.83696,1.29384,5.6062,0.42336,0.0018483,0.21168,0.0018483,0.21168,460.486,0,1.02816,0,0,1.97458,0.946417,1.028160,1,0,41.2278,0,0,0,41.2278,0
52.6501,2.94686,0,0,2.70609,0.102105,0.36288,3.6288,59.4552,0.66528,0,0,1.78923,0.276526,0,0.66528,12.849,1,0.709655,0.36288,0,35.0112,5.3066,29.3578,0.84672,12.849,0.84672,3695.15,0,0.0036966,0.0018483,2.22713,2.02906,4.40996,1.29384,7.37046,0.42336,0.0018483,0.21168,0.0018483,0.21168,460.486,0,1.02816,0,0,3.25529,2.22713,1.028160,1,0,36.7283,0,0,0,36.7283,0
51.6338,2.93927,0,0,2.38722,0.101369,0.36288,3.6288,59.5193,0.66528,0,0,1.00735,0.278033,0,0.66528,12.849,1,0.717314,0.36288,0,36.2662,5.3066,30.6052,0.84672,12.849,0.84672,3695.15,0,0.0036966,0.0018483,0.942909,2.02909,3.30706,1.29384,4.98337,0.42336,0.0018483,0.21168,0.0018483,0.21168,460.486,0,1.02816,0,0,1.97107,0.942909,1.028160,1,0,35.5886,0,0,0,35.5886,0
50.2683,2.92801,0,0,2.02568,0.100309,0.36288,3.6288,59.4941,0.66528,0,0,0.918242,0.278147,0,0.66528,12.849,1,0.728632,0.36288,0,33.5107,5.3066,27.8383,0.84672,12.849,0.84672,3695.15,0,0.0036966,0.0018483,0.763819,2.02913,3.14682,1.29384,4.64408,0.42336,0.0018483,0.21168,0.0018483,0.21168,460.486,0,1.02816,0,0,1.79198,0.763819,1.028160,1,0,32.4824,0,0,0,32.4824,0
49.0769,2.83707,0,0,2.18289,0.17434,0.36288,3.6288,59.7157,0.631261,0,0,1.06421,0.211347,0,0.66528,12.849,1,0.725179,0.36288,0,48.119,3.99037,43.7663,0.84672,12.849,0.84672,3695.15,0,0.0036966,1.96113e-05,0.769392,2.02917,4.60149,0.996229,6.4038,0.42336,0.0018483,0.21168,0.0018483,0.21168,460.486,0,1.02816,0,0,1.79755,0.769392,1.028160,1,0,50.1701,0,0,0,50.1701,0
47.3983,2.82317,0,0,1.67974,0.172261,0.36288,3.6288,60.1152,0.631291,0,0,1.24483,0.214039,0,0.66528,12.849,1,0.739144,0.36288,0,39.7891,3.72992,35.6829,0.84672,12.849,0.84672,3695.15,0,0.0036966,1.95395e-05,0.640958,1.94967,4.72224,1.00016,6.31269,0.42336,0.0018483,0.21168,0.0018483,0.21168,460.486,0,1.02816,0,0,1.66912,0.640958,1.028160,1,0,41.9956,0,0,0,41.9956,0
46.6856,2.80262,0,0,2.62197,0.169142,0.36288,3.6288,60.7409,0.631321,0,0,1.47161,0.214585,0,0.66528,12.849,1,0.759751,0.36288,0,53.3201,3.72992,49.1933,0.84672,12.849,0.84672,3695.15,0,0.0036966,1.94106e-05,1.02851,1.9497,6.25789,1.00016,8.23592,0.42336,0.0018483,0.21168,0.0018483,0.21168,460.486,0,1.02816,0,0,2.05667,1.02851,1.028160,1,0,57.4293,0,0,0,57.4293,0
49.7193,2.79358,0,0,6.35796,0.167818,0.36288,3.6288,61.308,0.631352,0,0,3.63739,0.215441,2.22348,0.66528,12.849,1,0.76886,0.36288,0,121.993,3.72992,117.857,0.84672,12.849,0.84672,3695.15,0,0.0036966,1.92116e-05,4.31666,1.94974,10.3753,1.00016,15.6415,0.42336,0.0018483,0.21168,0.0018483,0.21168,460.486,0,1.02816,0,0,5.34482,4.31666,1.028160,1,0,135.722,0,0,0,135.722,0
49.6306,2.74631,0,0,3.21659,0.196148,0.36288,3.6288,61.308,0.538026,0,0,1.99552,0.217185,1.24031,0.66528,12.849,1,0.709731,0.36288,0,66.9527,3.80771,62.7981,0.84672,12.849,0.84672,3695.15,0,0.0036966,1.62203e-05,2.26312,1.94978,5.73509,0.994482,8.95349,0.42336,0.0018483,0.21168,0.0018483,0.21168,460.486,0,1.02816,0,0,3.29128,2.26312,1.028160,1,0,72.9919,0,0,0,72.9919,0
47.5149,2.74535,0,0,1.22532,0.232718,0.36288,3.6288,61.308,0.538055,0,0,1.25348,0.211513,0.503915,0.66528,12.849,1,0.710752,0.36288,0,43.6406,4.21711,39.0757,0.84672,12.849,0.84672,3695.15,0,0.0036966,1.62212e-05,1.55074,1.85773,5.17993,1.05453,7.53386,0.42336,0.0018483,0.21168,0.0018483,0.21168,460.486,0,1.02816,0,0,2.5789,1.55074,1.028160,1,0,47.1134,0,0,0,47.1134,0
45.7303,2.72049,0,0,1.52617,0.227443,0.36288,3.6288,61.308,0.538083,0,0,1.40942,0.211513,0.659821,0.66528,12.849,1,0.735675,0.36288,0,50.3459,4.21711,45.756,0.84672,12.849,0.84672,3695.15,0,0.0036966,1.6222e-05,1.81979,1.85776,5.5219,1.05453,8.14491,0.42336,0.0018483,0.21168,0.0018483,0.21168,460.486,0,1.02816,0,0,2.84795,1.81979,1.028160,1,0,54.5607,0,0,0,54.5607,0
46.176,2.69812,0,0,3.72976,0.22299,0.36288,3.6288,61.308,0.538112,0,0,1.8937,0.211513,1.14407,0.66528,12.849,1,0.758101,0.36288,0,45.4785,4.21711,40.8661,0.84672,12.849,0.84672,3695.15,0,0.0036966,1.62229e-05,2.41472,1.8578,7.19261,1.05453,10.4106,0.42336,0.0018483,0.21168,0.0018483,0.21168,460.486,0,1.02816,0,0,3.44288,2.41472,1.028160,1,0,52.4208,0,0,0,52.4208,0
48.4189,2.7039,0,0,5.51762,0.207948,0.36288,3.6288,61.308,0.53814,0,0,2.25122,0.219922,1.49316,0.66528,12.849,1,0.75239,0.36288,0,58.3241,4.66903,53.2655,0.84672,12.849,0.84672,3695.15,0,0.0036966,1.62237e-05,2.75778,1.85783,7.56867,1.43945,10.7448,0.42336,0.0018483,0.21168,0.0018483,0.21168,460.486,0,1.02816,0,0,3.78594,2.75778,1.028160,1,0,65.5035,0,0,0,65.5035,0
55.0241,2.73144,0,0,9.91855,0.219053,0.36288,3.6288,61.308,0.53814,0,0,3.90428,0.199213,3.16692,0.66528,12.849,1,0.724847,0.36288,0,106.37,3.55538,102.453,0.84672,12.849,0.84672,3695.15,0,0.0036966,1.62237e-05,3.1207,1.85786,12.1099,0.924302,16.1641,0.42336,0.0018483,0.21168,0.0018483,0.21168,460.486,0,1.02816,0,0,4.14886,3.1207,1.028160,1,0,121.784,0,0,0,121.784,0
56.9196,2.88981,0,0,5.38389,0.235696,0.36288,3.6288,61.308,0.588806,0,0,2.04214,0.195761,1.25757,0.66528,12.849,1,0.674817,0.36288,0,101.666,3.36976,97.9843,0.84672,12.849,0.84672,3695.15,0,0.0036966,1.77512e-05,2.43353,1.85786,8.42746,0.838444,11.8804,0.42336,0.0018483,0.21168,0.0018483,0.21168,460.486,0,1.02816,0,0,3.46169,2.43353,1.028160,1,0,111.122,0,0,0,111.122,0
57.8165,2.90818,0,0,4.40816,0.240182,0.36288,3.6288,61.308,0.588822,0,0,1.73882,0.195761,0.954234,0.66528,12.849,1,0.65649,0.36288,0,80.5645,3.36976,76.9012,0.84672,12.849,0.84672,3695.15,0,0.0036966,1.77517e-05,1.95627,1.91731,6.53573,0.838444,9.57085,0.42336,0.0018483,0.21168,0.0018483,0.21168,460.486,0,1.02816,0,0,2.98443,1.95627,1.028160,1,0,87.4263,0,0,0,87.4263,0
58.6117,2.91654,0,0,4.36664,0.292069,0.36288,3.6288,61.308,0.588838,0,0,2.00976,0.197924,1.223,0.66528,12.849,1,0.648164,0.36288,0,70.0013,3.56734,66.1487,0.84672,12.849,0.84672,3695.15,0,0.0036966,1.77522e-05,1.87303,1.91733,6.52638,0.92339,9.39333,0.42336,0.0018483,0.21168,0.0018483,0.21168,460.486,0,1.02816,0,0,2.90119,1.87303,1.028160,1,0,76.765,0,0,0,76.765,0
60.0773,2.92378,0,0,5.04738,0.295134,0.36288,3.6288,61.308,0.588854,0,0,1.96654,0.206186,1.1715,0.66528,12.849,1,0.640958,0.36288,0,82.0403,3.62259,78.1396,0.84672,12.849,0.84672,3695.15,0,0.0036966,1.77526e-05,2.20178,1.91735,7.70177,0.87382,10.9471,0.42336,0.0018483,0.21168,0.0018483,0.21168,460.486,0,1.02816,0,0,3.22994,2.20178,1.028160,1,0,90.2581,0,0,0,90.2581,0
63.0554,3.0722,0,0,6.69399,0.280806,0.36288,3.6288,61.308,0.66528,0,0,2.08934,0.226435,1.19763,0.66528,12.849,1,0.657066,0.36288,0,96.4267,3.98097,92.1516,0.84672,12.849,0.84672,3695.15,0,0.0036966,0.0018483,2.42021,1.91737,8.05438,1.05238,11.3377,0.42336,0.0018483,0.21168,0.0018483,0.21168,460.486,0,1.02816,0,0,3.44837,2.42021,1.028160,1,0,104.687,0,0,0,104.687,0
65.0212,3.09802,0,0,5.71459,0.287879,0.36288,3.6288,61.308,0.66528,0,0,2.49694,0.226435,1.60523,0.66528,12.849,1,0.631293,0.36288,0,137.434,3.98097,133.185,0.84672,12.849,0.84672,3695.15,0,0.0036966,0.0018483,2.17651,2.02973,10.7023,1.05238,13.8543,0.42336,0.0018483,0.21168,0.0018483,0.21168,460.486,0,1.02816,0,0,3.20467,2.17651,1.028160,1,0,148.644,0,0,0,148.644,0
66.3961,3.11398,0,0,5.13992,0.288142,0.36288,3.6288,61.308,0.66528,0,0,1.98375,0.216079,1.10239,0.66528,12.849,1,0.615362,0.36288,0,88.8831,3.8909,84.7398,0.84672,12.849,0.84672,3695.15,0,0.0036966,0.0018483,2.00833,2.02975,8.14441,1.01601,11.1646,0.42336,0.0018483,0.21168,0.0018483,0.21168,460.486,0,1.02816,0,0,3.03649,2.00833,1.028160,1,0,97.0068,0,0,0,97.0068,0
68.6578,3.12469,0,0,6.02569,0.276434,0.36288,3.6288,61.308,0.66528,0,0,1.89984,0.198164,1.0364,0.66528,12.849,1,0.604692,0.36288,0,129.613,3.9475,125.424,0.84672,12.849,0.84672,3695.15,0,0.0036966,0.0018483,2.20938,2.02977,11.1734,0.977524,14.4332,0.42336,0.0018483,0.21168,0.0018483,0.21168,460.486,0,1.02816,0,0,3.23754,2.20938,1.028160,1,0,140.893,0,0,0,140.893,0
71.2053,2.87807,0,0,6.09586,0.307379,0.36288,3.6288,61.308,0.523905,0,0,2.61351,0.218706,1.8709,0.66528,12.849,1,0.538617,0.36288,0,249.814,4.11632,245.521,0.84672,12.849,0.84672,3695.15,0,0.0036966,1.57946e-05,2.74158,2.02979,15.0743,1.03298,18.8127,0.42336,0.0018483,0.21168,0.0018483,0.21168,460.486,0,1.02816,0,0,3.76974,2.74158,1.028160,1,0,266.205,0,0,0,266.205,0
72.29,2.89442,0,0,6.36193,0.313489,2.06935,3.6288,61.308,0.52392,0,0,1.54312,0.218706,0.800495,0.66528,12.849,1,0.522298,2.06935,0,190.416,4.11632,187.847,0.84672,12.849,0.84672,3695.15,0,0.0036966,1.5795e-05,2.89399,1.83944,13.2888,1.03298,16.9892,0.42336,0.0018483,0.21168,0.0018483,0.21168,460.486,0,1.02816,0,0,3.92215,2.89399,1.028160,1,0,205.637,0,0,0,205.637,0
72.29,2.9011,0,0,11.3583,0.316091,8.14112,3.6288,61.308,0.523935,0,0,3.65816,0.218706,2.91552,0.66528,12.849,1,0.515649,8.14112,0,209.828,4.11632,213.337,0.84672,12.849,0.84672,3695.15,0,0.0036966,1.57955e-05,4.58926,1.83946,19.3685,1.03298,24.7642,0.42336,0.0018483,0.21168,0.0018483,0.21168,460.486,0,1.02816,0,0,5.61742,4.58926,1.028160,1,0,241.016,0,0,0,241.016,0
72.29,2.90113,0,0,8.35747,0.317421,5.13892,3.6288,61.308,0.52395,0,0,2.36378,0.161933,1.6779,0.66528,12.849,1,0.515654,5.13892,0,192.56,3.85584,193.327,0.84672,12.849,0.84672,3695.15,0,0.0036966,1.57959e-05,2.90621,1.83947,16.0648,0.93911,19.8713,0.42336,0.0018483,0.21168,0.0018483,0.21168,460.486,0,1.02816,0,0,3.93437,2.90621,1.028160,1,0,214.876,0,0,0,214.876,0
72.29,2.90116,0,0,5.88125,0.254465,2.72562,3.6288,61.308,0.523966,0,0,2.70492,0.239932,1.94103,0.66528,12.849,1,0.515659,2.72562,0,115.817,5.00272,113.024,0.84672,12.849,0.84672,3695.15,0,0.0036966,1.57964e-05,2.27442,1.83949,7.10925,1.333,9.89015,0.42336,0.0018483,0.21168,0.0018483,0.21168,460.486,0,1.02816,0,0,3.30258,2.27442,1.028160,1,0,124.855,0,0,0,124.855,0
72.29,3.00719,0,0,4.32581,0.254465,1.06415,3.6288,61.308,0.586405,0,0,1.81949,0.239932,0.993152,0.66528,12.849,1,0.534506,1.06415,0,91.6618,5.00272,87.1887,0.84672,12.849,0.84672,3695.15,0,0.0036966,1.76788e-05,1.75792,1.83951,6.5778,1.333,8.84222,0.42336,0.0018483,0.21168,0.0018483,0.21168,460.486,0,1.02816,0,0,2.78608,1.75792,1.028160,1,0,97.0241,0,0,0,97.0241,0
72.29,3.00722,0,0,3.77054,0.254465,0.508852,3.6288,61.308,0.586421,0,0,1.60949,0.239932,0.783141,0.66528,12.849,1,0.534511,0.508852,0,80.3183,5.00272,75.2899,0.84672,12.849,0.84672,3695.15,0,0.0036966,1.76793e-05,1.06076,1.91116,7.07279,1.333,8.71169,0.42336,0.0018483,0.21168,0.0018483,0.21168,460.486,0,1.02816,0,0,2.08892,1.06076,1.028160,1,0,84.7848,0,0,0,84.7848,0
71.9167,3.00725,0,0,3.23524,0.238415,0.36288,3.6288,61.308,0.586437,0,0,1.36248,0.259397,0.516651,0.66528,12.849,1,0.534516,0.36288,0,75.9853,5.52038,70.2933,0.84672,12.849,0.84672,3695.15,0,0.0036966,1.76798e-05,1.20605,1.91117,7.03711,1.3707,8.78361,0.42336,0.0018483,0.21168,0.0018483,0.21168,460.486,0,1.02816,0,0,2.23421,1.20605,1.028160,1,0,79.5936,0,0,0,79.5936,0
72.29,3.00493,0,0,4.18114,0.202892,0.600012,3.6288,61.308,0.586452,0,0,1.85405,0.240977,1.02662,0.66528,12.849,1,0.536875,0.600012,0,83.5946,4.93873,78.719,0.84672,12.849,0.84672,3695.15,0,0.0036966,1.76802e-05,1.58849,1.91119,6.60309,1.27458,8.82817,0.42336,0.0018483,0.21168,0.0018483,0.21168,460.486,0,1.02816,0,0,2.61665,1.58849,1.028160,1,0,88.5738,0,0,0,88.5738,0
72.29,2.96586,0,0,3.81317,0.192057,0.65525,3.6288,61.308,0.562222,0,0,1.73027,0.230495,0.937555,0.66528,12.849,1,0.527159,0.65525,0,82.2934,4.62325,77.7982,0.84672,12.849,0.84672,3695.15,0,0.0036966,1.69497e-05,1.32323,1.91121,5.39224,1.2301,7.39657,0.42336,0.0018483,0.21168,0.0018483,0.21168,460.486,0,1.02816,0,0,2.35139,1.32323,1.028160,1,0,86.1324,0,0,0,86.1324,0
72.1852,2.96589,0,0,3.416,0.192057,0.36288,3.6288,61.308,0.562237,0,0,1.41546,0.230495,0.622724,0.66528,12.849,1,0.527165,0.36288,0,69.9339,4.62325,65.1464,0.84672,12.849,0.84672,3695.15,0,0.0036966,1.69502e-05,0.77538,1.88335,5.57402,1.2301,7.00263,0.42336,0.0018483,0.21168,0.0018483,0.21168,460.486,0,1.02816,0,0,1.80354,0.77538,1.028160,1,0,72.7717,0,0,0,72.7717,0
71.844,2.96527,0,0,3.16726,0.180265,0.36288,3.6288,61.308,0.562253,0,0,1.31534,0.236239,0.516845,0.66528,12.849,1,0.52782,0.36288,0,64.6998,4.60473,59.9301,0.84672,12.849,0.84672,3695.15,0,0.0036966,1.69507e-05,0.816869,1.88337,4.83559,1.21987,6.31594,0.42336,0.0018483,0.21168,0.0018483,0.21168,460.486,0,1.02816,0,0,1.84503,0.816869,1.028160,1,0,66.7629,0,0,0,66.7629,0
71.4617,2.96317,0,0,3.05049,0.106759,0.36288,3.6288,61.308,0.562268,0,0,1.32853,0.27946,0.486801,0.66528,12.849,1,0.529951,0.36288,0,61.0784,4.65783,56.2535,0.84672,12.849,0.84672,3695.15,0,0.0036966,1.69511e-05,1.16962,1.88339,4.7705,1.20692,6.61657,0.42336,0.0018483,0.21168,0.0018483,0.21168,460.486,0,1.02816,0,0,2.19778,1.16962,1.028160,1,0,63.3569,0,0,0,63.3569,0
71.2518,3.10125,0,0,3.35225,0.0980097,0.36288,3.6288,61.308,0.64827,0,0,1.52429,0.301355,0.574661,0.66528,12.849,1,0.557613,0.36288,0,59.6543,5.06846,54.3911,0.84672,12.849,0.84672,3695.15,0,0.0036966,1.95439e-05,1.22571,1.8834,4.91638,1.32808,6.6974,0.42336,0.0018483,0.21168,0.0018483,0.21168,460.486,0,1.02816,0,0,2.25387,1.22571,1.028160,1,0,61.6631,0,0,0,61.6631,0
70.7053,3.09989,0,0,3.01406,0.0978526,0.36288,3.6288,61.308,0.648286,0,0,1.42609,0.301355,0.476451,0.66528,12.849,1,0.55901,0.36288,0,55.0061,5.06846,49.7415,0.84672,12.849,0.84672,3695.15,0,0.0036966,1.95444e-05,1.05507,1.98091,4.56248,1.32808,6.27037,0.42336,0.0018483,0.21168,0.0018483,0.21168,460.486,0,1.02816,0,0,2.08323,1.05507,1.028160,1,0,56.4884,0,0,0,56.4884,0
70.0748,3.09626,0,0,2.92616,0.0974436,0.36288,3.6288,61.308,0.648303,0,0,1.31179,0.301355,0.362128,0.66528,12.849,1,0.562672,0.36288,0,51.4225,5.06846,46.1543,0.84672,12.849,0.84672,3695.15,0,0.0036966,1.95449e-05,0.8377,1.98093,4.19058,1.32808,5.68111,0.42336,0.0018483,0.21168,0.0018483,0.21168,460.486,0,1.02816,0,0,1.86586,0.8377,1.028160,1,0,52.1975,0,0,0,52.1975,0
69.1318,3.09201,0,0,2.58761,0.07574,0.36288,3.6288,61.308,0.648319,0,0,1.23123,0.31552,0.267387,0.66528,12.849,1,0.566955,0.36288,0,45.7112,5.2291,40.278,0.84672,12.849,0.84672,3695.15,0,0.0036966,1.95454e-05,0.732352,1.98095,4.09226,1.36912,5.43642,0.42336,0.0018483,0.21168,0.0018483,0.21168,460.486,0,1.02816,0,0,1.76051,0.732352,1.028160,1,0,45.9818,0,0,0,45.9818,0
68.5003,3.08552,0,0,2.89977,0.0828477,0.36288,3.6288,61.1308,0.648335,0,0,0.751231,0.280086,0,0.66528,12.849,1,0.573482,0.36288,0,44.7829,4.91074,39.6616,0.84672,12.849,0.84672,3695.15,0,0.0036966,1.95459e-05,0.458283,1.98097,3.43574,1.18481,4.69016,0.42336,0.0018483,0.21168,0.0018483,0.21168,460.486,0,1.02816,0,0,1.48644,0.458283,1.028160,1,0,44.3518,0,0,0,44.3518,0
68.0474,2.91052,0,0,2.90292,0.082441,0.36288,3.6288,60.9616,0.614898,0,0,0.725466,0.279772,0,0.66528,12.849,1,0.545943,0.36288,0,42.2849,4.91074,37.191,0.84672,12.849,0.84672,3695.15,0,0.0036966,1.85915e-05,0.498692,1.98099,3.64748,1.18481,4.94233,0.42336,0.0018483,0.21168,0.0018483,0.21168,460.486,0,1.02816,0,0,1.52685,0.498692,1.028160,1,0,42.1334,0,0,0,42.1334,0
67.4733,2.90749,0,0,2.76916,0.0728891,0.36288,3.6288,60.7599,0.614914,0,0,0.708229,0.294983,0,0.66528,12.849,1,0.549005,0.36288,0,39.7627,5.12792,34.4487,0.84672,12.849,0.84672,3695.15,0,0.0036966,1.86436e-05,0.508213,1.9172,3.65335,1.25831,4.82043,0.42336,0.0018483,0.21168,0.0018483,0.21168,460.486,0,1.02816,0,0,1.53637,0.508213,1.028160,1,0,39.2691,0,0,0,39.2691,0
66.5804,2.90359,0,0,2.42336,0.0498122,0.36288,3.6288,60.4848,0.61493,0,0,0.669142,0.329328,0,0.66528,12.849,1,0.552934,0.36288,0,37.3637,5.87424,31.2994,0.84672,12.849,0.84672,3695.15,0,0.0036966,1.8706e-05,0.358759,1.91722,3.55515,1.5175,4.31361,0.42336,0.0018483,0.21168,0.0018483,0.21168,460.486,0,1.02816,0,0,1.38692,0.358759,1.028160,1,0,35.613,0,0,0,35.613,0
65.5789,2.89741,0,0,2.31972,0.0609546,0.36288,3.6288,60.0841,0.644709,0,0,0.545607,0.301619,0,0.66528,12.849,1,0.559155,0.36288,0,32.238,5.82765,26.2141,0.84672,12.849,0.84672,3695.15,0,0.0036966,1.97011e-05,0.261274,1.91723,3.20854,1.43458,3.95245,0.42336,0.0018483,0.21168,0.0018483,0.21168,460.486,0,0.998395,0,0,1.25967,0.261274,1.028160,1,0,30.1665,0,0,0,30.1665,0
64.8321,2.95775,0,0,2.62532,0.0514806,0.36288,3.6288,59.7407,0.655111,0,0,0.611666,0.299969,0,0.66528,12.849,1,0.579517,0.36288,0,38.4944,5.72219,32.5556,0.84672,12.849,0.84672,3695.15,0,0.0036966,2.01525e-05,0.298132,1.91725,3.35434,1.37565,4.19405,0.42336,0.0018483,0.21168,0.0018483,0.21168,460.486,0,1.02816,0,0,1.32629,0.298132,1.028160,1,0,36.7496,0,0,0,36.7496,0
63.9103,2.9522,0,0,2.4445,0.0511733,0.36288,3.6288,59.3169,0.655128,0,0,0.530659,0.299313,0,0.66528,12.849,1,0.585094,0.36288,0,32.5945,5.72219,26.6501,0.84672,12.849,0.84672,3695.15,0,0.0036966,2.02688e-05,0.405501,1.96341,3.38528,1.37565,4.37852,0.42336,0.0018483,0.21168,0.0018483,0.21168,460.486,0,1.02816,0,0,1.43366,0.405501,1.028160,1,0,31.0286,0,0,0,31.0286,0
62.8115,2.94521,0,0,2.26009,0.0507939,0.36288,3.6288,58.8554,0.655144,0,0,0.492111,0.298503,0,0.66528,12.849,1,0.592126,0.36288,0,31.255,5.72219,25.3036,0.84672,12.849,0.84672,3695.15,0,0.0036966,2.04141e-05,0.231042,1.96343,2.94347,1.37565,3.76226,0.42336,0.0018483,0.21168,0.0018483,0.21168,460.486,0,1.02816,0,0,1.2592,0.231042,1.028160,1,0,29.0659,0,0,0,29.0659,0
61.8785,2.93663,0,0,2.41366,0.0471827,0.36288,3.6288,58.4499,0.65516,0,0,0.552329,0.302607,0,0.66528,12.849,1,0.600731,0.36288,0,30.3483,5.78354,24.3269,0.84672,12.849,0.84672,3695.15,0,0.0036966,2.05747e-05,0.383227,1.96345,3.3828,1.40858,4.32087,0.42336,0.0018483,0.21168,0.0018483,0.21168,460.486,0,1.02816,0,0,1.41139,0.383227,1.028160,1,0,28.6477,0,0,0,28.6477,0
60.8082,3.12479,0,0,2.44536,0.0280138,0.36288,3.6288,57.7001,0.854626,0,0,0.436487,0.331662,0,0.66528,12.849,1,0.648859,0.36288,0,39.6491,6.15164,33.2115,0.84672,12.849,0.84672,3695.15,0,0.0036966,0.0018483,0.227405,1.96347,2.21253,1.60616,2.79539,0.42336,0.0018483,0.21168,0.0018483,0.21168,460.486,0,0.838814,0,0,1.06622,0.227405,1.028160,1,0,36.0069,0,0,0,36.0069,0
60.0074,3.11539,0,0,2.70521,0.0277667,0.36288,3.6288,57.3044,0.66528,0,0,0.599592,0.330061,0,0.66528,12.849,1,0.658293,0.36288,0,33.9937,6.15164,27.5467,0.84672,12.849,0.84672,3695.15,0,0.0036966,0.0018483,0.367597,2.11973,2.644,1.60616,3.52332,0.42336,0.0018483,0.21168,0.0018483,0.21168,460.486,0,1.02816,0,0,1.39576,0.367597,1.028160,1,0,31.07,0,0,0,31.07,0
59.0189,3.10818,0,0,2.51247,0.0298717,0.36288,3.6288,56.8053,0.66528,0,0,0.481927,0.315776,0,0.66528,12.849,1,0.665535,0.36288,0,32.6135,5.78195,26.5289,0.84672,12.849,0.84672,3695.15,0,0.0036966,0.0018483,0.257023,2.11975,3.00397,1.46226,3.91665,0.42336,0.0018483,0.21168,0.0018483,0.21168,460.486,0,1.02816,0,0,1.28518,0.257023,1.028160,1,0,30.4455,0,0,0,30.4455,0
58.0643,3.09906,0,0,2.5516,0.0442333,0.36288,3.6288,56.2821,0.718883,0,0,0.470311,0.274557,0,0.66528,12.849,1,0.674695,0.36288,0,21.8516,4.8025,16.7373,0.84672,12.849,0.84672,3695.15,0,0.0036966,0.0018483,0.204422,2.11977,3.34338,1.08352,4.58221,0.42336,0.0018483,0.21168,0.0018483,0.21168,460.486,0,0.974557,0,0,1.17898,0.204422,1.028160,1,0,21.3195,0,0,0,21.3195,0
55.9854,3.09,0,0,1.43929,0.0653016,0.36288,3.6288,55.8388,0.66528,0,0,0.476857,0.254873,0,0.66528,12.849,1,0.683784,0.36288,0,16.4215,4.75742,11.3432,0.84672,12.849,0.84672,3695.15,0,0.0036966,0.0018483,0.374138,2.11979,1.96799,1.3246,3.13547,0.42336,0.0018483,0.21168,0.0018483,0.21168,460.486,0,1.02816,0,0,1.4023,0.374138,1.028160,1,0,14.4787,0,0,0,14.4787,0
53.6585,2.97573,0,0,1.07048,0.0587989,0.36288,3.6288,55.1923,0.787303,0,0,0.398469,0.257682,0,0.66528,12.849,1,0.682948,0.36288,0,14.9483,4.80512,9.82314,0.84672,12.849,0.84672,3695.15,0,0.0036966,0.0018483,0.204422,2.11982,1.6565,1.38375,2.59514,0.42336,0.0018483,0.21168,0.0018483,0.21168,460.486,0,0.906137,0,0,1.11056,0.204422,1.028160,1,0,12.4183,0,0,0,12.4183,0
51.7758,2.95186,0,0,1.53964,0.107573,0.36288,3.6288,54.8043,0.66528,0,0,0.490127,0.212866,0,0.66528,12.849,1,0.706849,0.36288,0,17.4461,4.18222,12.92,0.84672,12.849,0.84672,3695.15,0,0.0036966,0.0018483,0.223275,2.03029,1.82279,1.18906,2.88545,0.42336,0.0018483,0.21168,0.0018483,0.21168,460.486,0,1.02816,0,0,1.25143,0.223275,1.028160,1,0,15.8054,0,0,0,15.8054,0
52.072,2.93129,0,0,3.76142,0.171076,0.36288,3.6288,54.992,0.66528,0,0,1.00714,0.154171,0,0.66528,12.849,1,0.727448,0.36288,0,52.6142,3.35171,48.898,0.84672,12.849,0.84672,3695.15,0,0.0036966,0.0018483,0.965123,2.03031,4.85511,0.929464,6.91923,0.42336,0.0018483,0.21168,0.0018483,0.21168,460.486,0,1.02816,0,0,1.99328,0.965123,1.028160,1,0,55.8172,0,0,0,55.8172,0
50.3256,2.93464,0,0,1.73811,0.186956,0.36288,3.6288,54.6902,0.66528,0,0,0.528448,0.164931,0,0.66528,12.849,1,0.724136,0.36288,0,28.2205,3.48261,24.3766,0.84672,12.849,0.84672,3695.15,0,0.0036966,0.0018483,0.456434,2.03033,2.00806,0.87703,3.61594,0.42336,0.0018483,0.21168,0.0018483,0.21168,460.486,0,1.02816,0,0,1.48459,0.456434,1.028160,1,0,27.9926,0,0,0,27.9926,0
48.8174,2.83936,0,0,1.89768,0.20368,0.36288,3.6288,54.2811,0.674417,0,0,0.443915,0.178668,0,0.66528,12.849,1,0.724937,0.36288,0,29.035,3.65715,25.0158,0.84672,12.849,0.84672,3695.15,0,0.0036966,2.27925e-05,0.216518,2.03035,2.80144,0.807117,4.24117,0.42336,0.0018483,0.21168,0.0018483,0.21168,460.486,0,0.985954,0,0,1.20247,0.216518,1.028160,1,0,29.2569,0,0,0,29.2569,0
49.2494,2.82165,0,0,3.81694,0.200428,0.36288,3.6288,54.5987,0.632228,0,0,1.12807,0.178185,0,0.66528,12.849,1,0.742675,0.36288,0,47.7434,3.65715,43.7065,0.84672,12.849,0.84672,3695.15,0,0.0036966,2.15277e-05,1.78878,1.95079,4.84191,0.807117,7.77434,0.42336,0.0018483,0.21168,0.0018483,0.21168,460.486,0,1.02816,0,0,2.81694,1.78878,1.028160,1,0,51.4808,0,0,0,51.4808,0
48.1982,2.82685,0,0,2.3399,0.201365,0.36288,3.6288,54.725,0.632244,0,0,0.937077,0.17856,0,0.66528,12.849,1,0.737515,0.36288,0,28.4929,3.65715,24.4611,0.84672,12.849,0.84672,3695.15,0,0.0036966,2.1403e-05,1.54981,1.95081,4.86451,0.807117,7.55799,0.42336,0.0018483,0.21168,0.0018483,0.21168,460.486,0,1.02816,0,0,2.57797,1.54981,1.028160,1,0,32.0191,0,0,0,32.0191,0
48.4932,2.81417,0,0,3.72052,0.248467,0.36288,3.6288,54.6252,0.632261,0,0,0.734818,0.202334,0,0.66528,12.849,1,0.750222,0.36288,0,55.6055,4.03547,51.1827,0.84672,12.849,0.84672,3695.15,0,0.0036966,2.13542e-05,0.892037,1.95083,5.75607,0.951643,7.64727,0.42336,0.0018483,0.21168,0.0018483,0.21168,460.486,0,1.02816,0,0,1.9202,0.892037,1.028160,1,0,58.8299,0,0,0,58.8299,0
47.5535,2.7336,0,0,2.40231,0.245449,0.36288,3.6288,54.3987,0.538871,0,0,0.540639,0.228236,0,0.66528,12.849,1,0.724308,0.36288,0,36.6066,4.2757,31.9695,0.84672,12.849,0.84672,3695.15,0,0.0036966,1.82332e-05,0.627333,1.95085,4.10831,1.34495,5.34152,0.42336,0.0018483,0.21168,0.0018483,0.21168,460.486,0,1.02816,0,0,1.65549,0.627333,1.028160,1,0,37.311,0,0,0,37.311,0
46.2966,2.72236,0,0,2.07128,0.242945,0.36288,3.6288,54.2555,0.538886,0,0,0.623525,0.227895,0,0.66528,12.849,1,0.735583,0.36288,0,52.632,4.2757,47.9836,0.84672,12.849,0.84672,3695.15,0,0.0036966,1.83097e-05,0.768805,1.85873,5.12555,1.34495,6.40812,0.42336,0.0018483,0.21168,0.0018483,0.21168,460.486,0,1.02816,0,0,1.79696,0.768805,1.028160,1,0,54.3917,0,0,0,54.3917,0
45.6654,2.70675,0,0,2.67799,0.239597,0.36288,3.6288,54.8127,0.538901,0,0,1.32377,0.227679,0,0.66528,12.849,1,0.751221,0.36288,0,49.3852,4.2757,44.7212,0.84672,12.849,0.84672,3695.15,0,0.0036966,1.83585e-05,2.35331,1.85875,9.54497,1.34495,12.4121,0.42336,0.0018483,0.21168,0.0018483,0.21168,460.486,0,1.02816,0,0,3.38147,2.35331,1.028160,1,0,57.1332,0,0,0,57.1332,0
45.7942,2.69867,0,0,3.42821,0.237915,0.36288,3.6288,54.8777,0.538917,0,0,0.832471,0.228519,0,0.66528,12.849,1,0.759332,0.36288,0,75.3477,4.2757,70.6756,0.84672,12.849,0.84672,3695.15,0,0.0036966,1.81724e-05,1.12667,1.85877,6.82493,1.34495,8.46541,0.42336,0.0018483,0.21168,0.0018483,0.21168,460.486,0,1.02816,0,0,2.15483,1.12667,1.028160,1,0,79.141,0,0,0,79.141,0
47.6831,2.70036,0,0,5.17927,0.227093,0.36288,3.6288,56.542,0.538932,0,0,2.42864,0.225453,0,0.66528,12.849,1,0.757673,0.36288,0,107.946,4.17086,103.38,0.84672,12.849,0.84672,3695.15,0,0.0036966,1.81514e-05,3.8664,1.85879,12.1328,1.37866,16.4793,0.42336,0.0018483,0.21168,0.0018483,0.21168,460.486,0,1.02816,0,0,4.89456,3.8664,1.028160,1,0,119.859,0,0,0,119.859,0
56.9386,2.80936,0,0,12.6551,0.227329,0.36288,3.6288,60.1119,0.58961,0,0,4.38618,0.226646,0,0.66528,12.849,1,0.757029,0.36288,0,252.737,4.12892,248.214,0.84672,12.849,0.84672,3695.15,0,0.0036966,1.92738e-05,5.30621,1.85881,23.1246,1.39214,28.8975,0.42336,0.0018483,0.21168,0.0018483,0.21168,460.486,0,1.02816,0,0,6.33437,5.30621,1.028160,1,0,277.112,0,0,0,277.112,0
62.5034,2.90978,0,0,9.08764,0.250186,0.36288,3.6288,61.308,0.589614,0,0,3.72006,0.23192,1.70242,0.66528,12.849,1,0.656632,0.36288,0,256.912,4.12892,252.489,0.84672,12.849,0.84672,3695.15,0,0.0036966,1.81292e-05,4.09153,1.91827,19.2745,1.39214,23.8922,0.42336,0.0018483,0.21168,0.0018483,0.21168,460.486,0,1.02816,0,0,5.11969,4.09153,1.028160,1,0,278.084,0,0,0,278.084,0
64.4872,2.95828,0,0,5.56273,0.257773,0.36288,3.6288,61.308,0.589616,0,0,2.00496,0.231255,1.18408,0.66528,12.849,1,0.608142,0.36288,0,118.616,4.11302,114.258,0.84672,12.849,0.84672,3695.15,0,0.0036966,1.77756e-05,2.72114,1.91827,10.2994,1.36473,13.5741,0.42336,0.0018483,0.21168,0.0018483,0.21168,460.486,0,1.02816,0,0,3.7493,2.72114,1.028160,1,0,129.016,0,0,0,129.016,0
66.9367,2.97389,0,0,6.06784,0.281552,0.36288,3.6288,61.308,0.589618,0,0,2.67852,0.158946,1.92996,0.66528,12.849,1,0.592543,0.36288,0,132.286,3.5948,128.462,0.84672,12.849,0.84672,3695.15,0,0.0036966,1.77757e-05,4.88681,1.91827,13.4205,1.07676,19.1488,0.42336,0.0018483,0.21168,0.0018483,0.21168,460.486,0,1.02816,0,0,5.91497,4.88681,1.028160,1,0,149.54,0,0,0,149.54,0
71.0922,3.13015,0,0,7.97066,0.322161,0.36288,3.6288,61.308,0.66528,0,0,3.64292,0.168858,2.80878,0.66528,12.849,1,0.600856,0.36288,0,188.08,3.99672,183.845,0.84672,12.849,0.84672,3695.15,0,0.0036966,0.0018483,3.57636,1.91827,15.8922,1.04431,20.3406,0.42336,0.0018483,0.21168,0.0018483,0.21168,460.486,0,1.02816,0,0,4.60452,3.57636,1.028160,1,0,206.995,0,0,0,206.995,0
72.29,3.15991,0,0,6.58428,0.332749,1.89383,3.6288,61.308,0.66528,0,0,3.0842,0.168858,2.25007,0.66528,12.849,1,0.571112,1.89383,0,131.641,3.99672,128.967,0.84672,12.849,0.84672,3695.15,0,0.0036966,0.0018483,2.72191,2.03067,12.6579,1.04431,16.3644,0.42336,0.0018483,0.21168,0.0018483,0.21168,460.486,0,1.02816,0,0,3.75007,2.72191,1.028160,1,0,147.581,0,0,0,147.581,0
72.29,3.16795,0,0,6.32707,0.311372,2.84775,3.6288,61.308,0.66528,0,0,3.18943,0.202674,2.32148,0.66528,12.849,1,0.563078,2.84775,0,124.832,4.0619,123.055,0.84672,12.849,0.84672,3695.15,0,0.0036966,0.0018483,2.95324,2.03067,16.5679,1.10164,20.4483,0.42336,0.0018483,0.21168,0.0018483,0.21168,460.486,0,1.02816,0,0,3.9814,2.95324,1.028160,1,0,145.825,0,0,0,145.825,0
72.29,3.16795,0,0,8.2391,0.328598,4.74256,3.6288,61.308,0.66528,0,0,3.83356,0.201169,2.96711,0.66528,12.849,1,0.563079,4.74256,0,129.042,4.13021,129.091,0.84672,12.849,0.84672,3695.15,0,0.0036966,0.0018483,4.38015,2.03068,23.8442,1.07633,29.1769,0.42336,0.0018483,0.21168,0.0018483,0.21168,460.486,0,1.02816,0,0,5.40831,4.38015,1.028160,1,0,161.235,0,0,0,161.235,0
72.29,2.9023,0,0,6.77773,0.396091,3.47934,3.6288,61.308,0.524573,0,0,2.78557,0.163593,2.0974,0.66528,12.849,1,0.515861,3.47934,0,129.116,4.2358,127.844,0.84672,12.849,0.84672,3695.15,0,0.0036966,1.58147e-05,2.92299,2.03068,16.216,0.955711,20.2139,0.42336,0.0018483,0.21168,0.0018483,0.21168,460.486,0,1.02816,0,0,3.95115,2.92299,1.028160,1,0,150.155,0,0,0,150.155,0
72.29,2.9023,0,0,4.77132,0.396091,1.47293,3.6288,61.308,0.524575,0,0,1.97597,0.163593,1.2878,0.66528,12.849,1,0.515862,1.47293,0,114.784,4.2358,111.505,0.84672,12.849,0.84672,3695.15,0,0.0036966,1.58148e-05,2.38332,1.84023,15.5841,0.955711,18.852,0.42336,0.0018483,0.21168,0.0018483,0.21168,460.486,0,1.02816,0,0,3.41148,2.38332,1.028160,1,0,131.645,0,0,0,131.645,0
72.29,2.90231,0,0,5.79785,0.316794,2.57875,3.6288,61.308,0.524578,0,0,2.10351,0.121479,1.45745,0.66528,12.849,1,0.515863,2.57875,0,108.624,3.62544,107.061,0.84672,12.849,0.84672,3695.15,0,0.0036966,1.58148e-05,2.6243,1.84023,15.6233,0.868032,19.2198,0.42336,0.0018483,0.21168,0.0018483,0.21168,460.486,0,1.02816,0,0,3.65246,2.6243,1.028160,1,0,127.738,0,0,0,127.738,0
72.29,2.90231,0,0,6.27963,0.316794,3.06053,3.6288,61.308,0.52458,0,0,2.72395,0.121479,2.07789,0.66528,12.849,1,0.515863,3.06053,0,131.562,3.62544,130.481,0.84672,12.849,0.84672,3695.15,0,0.0036966,1.58149e-05,3.24594,1.84024,15.9298,0.868032,20.1479,0.42336,0.0018483,0.21168,0.0018483,0.21168,460.486,0,1.02816,0,0,4.2741,3.24594,1.028160,1,0,152.707,0,0,0,152.707,0
72.29,2.90231,0,0,7.81186,0.310618,4.59893,3.6288,61.308,0.524582,0,0,3.71872,0.123802,3.07033,0.66528,12.849,1,0.515864,4.59893,0,122.402,3.48009,123.005,0.84672,12.849,0.84672,3695.15,0,0.0036966,1.5815e-05,3.08083,1.84024,20.7101,0.748515,24.8826,0.42336,0.0018483,0.21168,0.0018483,0.21168,460.486,0,1.02816,0,0,4.10899,3.08083,1.028160,1,0,150.958,0,0,0,150.958,0
72.29,3.00836,0,0,5.71308,0.309588,2.39513,3.6288,61.308,0.587032,0,0,2.98338,0.124189,2.27216,0.66528,12.849,1,0.534713,2.39513,0,105.077,3.45587,103.482,0.84672,12.849,0.84672,3695.15,0,0.0036966,1.76977e-05,2.96086,1.84024,14.7567,0.728595,18.8292,0.42336,0.0018483,0.21168,0.0018483,0.21168,460.486,0,1.02816,0,0,3.98902,2.96086,1.028160,1,0,124.583,0,0,0,124.583,0
72.29,3.00836,0,0,4.4633,0.309588,1.14535,3.6288,61.308,0.587035,0,0,2.44828,0.124189,1.73706,0.66528,12.849,1,0.534714,1.14535,0,72.0878,3.45587,69.2426,0.84672,12.849,0.84672,3695.15,0,0.0036966,1.76978e-05,2.1666,1.9119,11.2894,0.728595,14.6393,0.42336,0.0018483,0.21168,0.0018483,0.21168,460.486,0,1.02816,0,0,3.19476,2.1666,1.028160,1,0,85.6189,0,0,0,85.6189,0
72.29,3.00837,0,0,4.14396,0.309588,0.826003,3.6288,61.308,0.587037,0,0,2.29488,0.124189,1.58365,0.66528,12.849,1,0.534715,0.826003,0,66.1081,3.45587,62.9435,0.84672,12.849,0.84672,3695.15,0,0.0036966,1.76979e-05,2.35213,1.9119,9.47212,0.728595,13.0075,0.42336,0.0018483,0.21168,0.0018483,0.21168,460.486,0,1.02816,0,0,3.38029,2.35213,1.028160,1,0,77.5347,0,0,0,77.5347,0
72.29,3.00837,0,0,4.08879,0.273867,0.806553,3.6288,61.308,0.587039,0,0,2.10859,0.114056,1.4075,0.66528,12.849,1,0.534715,0.806553,0,71.9651,2.73624,69.5007,0.84672,12.849,0.84672,3695.15,0,0.0036966,1.76979e-05,2.20291,1.9119,10.1392,0.815901,13.4381,0.42336,0.0018483,0.21168,0.0018483,0.21168,460.486,0,1.02816,0,0,3.23107,2.20291,1.028160,1,0,84.3463,0,0,0,84.3463,0
72.29,2.96691,0,0,3.99877,0.24665,0.785209,3.6288,61.308,0.562786,0,0,1.87612,0.132538,1.1808,0.66528,12.849,1,0.527346,0.785209,0,68.0925,2.79429,65.5561,0.84672,12.849,0.84672,3695.15,0,0.0036966,1.69668e-05,1.80331,1.91191,8.66747,0.903641,11.479,0.42336,0.0018483,0.21168,0.0018483,0.21168,460.486,0,1.02816,0,0,2.83147,1.80331,1.028160,1,0,78.2159,0,0,0,78.2159,0
72.2011,2.96692,0,0,3.45102,0.21008,0.36288,3.6288,61.308,0.562788,0,0,1.86828,0.172008,1.13348,0.66528,12.849,1,0.527347,0.36288,0,54.9901,3.30393,51.5217,0.84672,12.849,0.84672,3695.15,0,0.0036966,1.69668e-05,1.56818,1.88402,7.76174,1.04621,10.1677,0.42336,0.0018483,0.21168,0.0018483,0.21168,460.486,0,1.02816,0,0,2.59634,1.56818,1.028160,1,0,62.8229,0,0,0,62.8229,0
71.973,2.96637,0,0,3.31104,0.209938,0.36288,3.6288,61.308,0.56279,0,0,1.84675,0.172008,1.11195,0.66528,12.849,1,0.527899,0.36288,0,61.7451,3.30393,58.2761,0.84672,12.849,0.84672,3695.15,0,0.0036966,1.69669e-05,1.75581,1.88402,7.8052,1.04621,10.3988,0.42336,0.0018483,0.21168,0.0018483,0.21168,460.486,0,1.02816,0,0,2.78397,1.75581,1.028160,1,0,69.7869,0,0,0,69.7869,0
71.5612,2.96495,0,0,3.12311,0.207026,0.36288,3.6288,61.308,0.562792,0,0,1.6845,0.177859,0.943847,0.66528,12.849,1,0.529319,0.36288,0,53.3294,3.46421,49.6988,0.84672,12.849,0.84672,3695.15,0,0.0036966,1.69669e-05,1.29448,1.88402,7.05551,1.05831,9.17568,0.42336,0.0018483,0.21168,0.0018483,0.21168,460.486,0,1.02816,0,0,2.32264,1.29448,1.028160,1,0,59.8183,0,0,0,59.8183,0
71.0777,3.1029,0,0,3.14149,0.159233,0.36288,3.6288,61.308,0.648808,0,0,1.50805,0.195666,0.663578,0.66528,12.849,1,0.557134,0.36288,0,50.9189,3.92143,46.8032,0.84672,12.849,0.84672,3695.15,0,0.0036966,1.95601e-05,1.39989,1.88402,6.52916,1.12293,8.69013,0.42336,0.0018483,0.21168,0.0018483,0.21168,460.486,0,1.02816,0,0,2.42805,1.39989,1.028160,1,0,56.1569,0,0,0,56.1569,0
70.3855,3.0997,0,0,2.90639,0.136022,0.36288,3.6288,61.308,0.64881,0,0,1.53308,0.201021,0.68325,0.66528,12.849,1,0.560344,0.36288,0,46.1291,4.08397,41.8477,0.84672,12.849,0.84672,3695.15,0,0.0036966,1.95602e-05,1.4046,1.98155,6.44233,1.09284,8.73561,0.42336,0.0018483,0.21168,0.0018483,0.21168,460.486,0,1.02816,0,0,2.43276,1.4046,1.028160,1,0,51.2666,0,0,0,51.2666,0
69.6082,3.09504,0,0,2.81586,0.135301,0.36288,3.6288,61.308,0.648813,0,0,1.60644,0.201021,0.75661,0.66528,12.849,1,0.565005,0.36288,0,43.7703,4.08397,39.4842,0.84672,12.849,0.84672,3695.15,0,0.0036966,1.95603e-05,1.31608,1.98155,6.6876,1.09284,8.89237,0.42336,0.0018483,0.21168,0.0018483,0.21168,460.486,0,1.02816,0,0,2.34424,1.31608,1.028160,1,0,49.1332,0,0,0,49.1332,0
68.6581,3.08972,0,0,2.63705,0.134492,0.36288,3.6288,61.308,0.648815,0,0,1.48198,0.201021,0.632149,0.66528,12.849,1,0.570332,0.36288,0,41.0253,4.08397,36.7339,0.84672,12.849,0.84672,3695.15,0,0.0036966,1.95603e-05,1.10341,1.98155,6.05941,1.09284,8.05151,0.42336,0.0018483,0.21168,0.0018483,0.21168,460.486,0,1.02816,0,0,2.13157,1.10341,1.028160,1,0,45.4175,0,0,0,45.4175,0
67.8717,3.08307,0,0,2.75772,0.0981321,0.36288,3.6288,61.308,0.648817,0,0,1.32712,0.247228,0.431076,0.66528,12.849,1,0.57698,0.36288,0,39.6914,4.73377,34.7435,0.84672,12.849,0.84672,3695.15,0,0.0036966,1.95604e-05,0.757192,1.98155,5.35985,1.2801,6.81847,0.42336,0.0018483,0.21168,0.0018483,0.21168,460.486,0,1.02816,0,0,1.78535,0.757192,1.028160,1,0,41.9931,0,0,0,41.9931,0
67.1976,2.90708,0,0,2.68753,0.0916712,0.36288,3.6288,61.308,0.615356,0,0,1.25379,0.254929,0.3835,0.66528,12.849,1,0.550348,0.36288,0,39.4356,4.84207,34.406,0.84672,12.849,0.84672,3695.15,0,0.0036966,1.85516e-05,0.580021,1.98156,5.40206,1.31131,6.6523,0.42336,0.0018483,0.21168,0.0018483,0.21168,460.486,0,1.02816,0,0,1.60818,0.580021,1.028160,1,0,41.4418,0,0,0,41.4418,0
66.2983,2.90245,0,0,2.45716,0.091186,0.36288,3.6288,61.308,0.615358,0,0,1.22367,0.254929,0.353379,0.66528,12.849,1,0.554983,0.36288,0,38.8786,4.84207,33.8444,0.84672,12.849,0.84672,3695.15,0,0.0036966,1.85517e-05,0.609561,1.91773,5.33565,1.31131,6.55161,0.42336,0.0018483,0.21168,0.0018483,0.21168,460.486,0,1.02816,0,0,1.63772,0.609561,1.028160,1,0,40.7494,0,0,0,40.7494,0
65.1944,2.89614,0,0,2.24567,0.0905388,0.36288,3.6288,61.308,0.61536,0,0,1.14431,0.254929,0.274018,0.66528,12.849,1,0.56129,0.36288,0,36.5689,4.84207,31.5284,0.84672,12.849,0.84672,3695.15,0,0.0036966,1.85517e-05,0.371442,1.91773,5.07731,1.31131,6.05516,0.42336,0.0018483,0.21168,0.0018483,0.21168,460.486,0,1.02816,0,0,1.3996,0.371442,1.028160,1,0,37.8576,0,0,0,37.8576,0
63.9181,2.88821,0,0,2.04846,0.073699,0.36288,3.6288,61.308,0.668238,0,0,0.971361,0.286341,0.0167818,0.66528,12.849,1,0.56923,0.36288,0,31.9061,5.24427,26.4554,0.84672,12.849,0.84672,3695.15,0,0.0036966,2.01459e-05,0.261274,1.91774,4.40822,1.40481,5.1824,0.42336,0.0018483,0.21168,0.0018483,0.21168,460.486,0,0.975283,0,0,1.23656,0.261274,1.028160,1,0,31.6546,0,0,0,31.6546,0
62.5054,2.94593,0,0,1.95836,0.0621714,0.36288,3.6288,61.008,0.820854,0,0,0.823522,0.302629,0,0.66528,12.849,1,0.5922,0.36288,0,28.3501,5.45118,22.6696,0.84672,12.849,0.84672,3695.15,0,0.0036966,2.47469e-05,0.261274,1.91774,3.96582,1.40926,4.73555,0.42336,0.0018483,0.21168,0.0018483,0.21168,460.486,0,0.862825,0,0,1.1241,0.261274,1.028160,1,0,27.4051,0,0,0,27.4051,0
60.8805,2.93483,0,0,1.73426,0.0614599,0.36288,3.6288,60.5808,0.898485,0,0,0.773323,0.302055,0,0.66528,12.849,1,0.603302,0.36288,0,26.7108,5.45118,21.0192,0.84672,12.849,0.84672,3695.15,0,0.0036966,2.72205e-05,0.261274,1.96389,3.92721,1.40926,4.74308,0.42336,0.0018483,0.21168,0.0018483,0.21168,460.486,0,0.785195,0,0,1.04647,0.261274,1.028160,1,0,25.7623,0,0,0,25.7623,0
59.1109,2.92154,0,0,1.57538,0.0606413,0.36288,3.6288,60.0998,0.932207,0,0,0.752388,0.301238,0,0.66528,12.849,1,0.616598,0.36288,0,25.144,5.45118,19.4391,0.84672,12.849,0.84672,3695.15,0,0.0036966,2.84413e-05,0.227405,1.96389,3.78703,1.40926,4.56904,0.42336,0.0018483,0.21168,0.0018483,0.21168,460.486,0,0.751473,0,0,0.978877,0.227405,1.028160,1,0,24.0081,0,0,0,24.0081,0
57.1317,2.90638,0,0,1.3343,0.0441613,0.36288,3.6288,59.6015,0.940607,0,0,0.748302,0.305933,0,0.66528,12.849,1,0.631762,0.36288,0,23.9627,5.72797,17.9658,0.84672,12.849,0.84672,3695.15,0,0.0036966,2.89273e-05,0.227405,1.9639,3.7162,1.40976,4.49771,0.42336,0.0018483,0.21168,0.0018483,0.21168,460.486,0,0.743075,0,0,0.970479,0.227405,1.028160,1,0,22.4635,0,0,0,22.4635,0
55.3923,3.08142,0,0,1.74394,0.0390277,0.36288,3.6288,58.8138,1.08553,0,0,0.609268,0.311492,0,0.66528,12.849,1,0.693016,0.36288,0,24.9782,5.61225,19.0358,0.84672,12.849,0.84672,3695.15,0,0.0036966,0.0018483,0.227405,1.9639,3.39016,1.46942,4.1102,0.42336,0.0018483,0.21168,0.0018483,0.21168,460.486,0,0.60791,0,0,0.835315,0.227405,1.028160,1,0,23.146,0,0,0,23.146,0
53.8412,3.06376,0,0,1.9139,0.0383602,0.36288,3.6288,58.3732,0.883034,0,0,0.752344,0.309924,0,0.66528,12.849,1,0.71068,0.36288,0,32.124,5.61225,26.1639,0.84672,12.849,0.84672,3695.15,0,0.0036966,0.0018483,0.227405,2.12018,3.69825,1.46942,4.57457,0.42336,0.0018483,0.21168,0.0018483,0.21168,460.486,0,0.810406,0,0,1.03781,0.227405,1.028160,1,0,30.7385,0,0,0,30.7385,0
51.9309,3.04723,0,0,1.53753,0.037765,0.36288,3.6288,57.4309,1.17736,0,0,0.544168,0.309047,0,0.66528,12.849,1,0.72721,0.36288,0,31.3902,5.61225,25.4136,0.84672,12.849,0.84672,3695.15,0,0.0036966,0.0018483,0.204422,2.12018,2.96887,1.46942,3.82221,0.42336,0.0018483,0.21168,0.0018483,0.21168,460.486,0,0.516076,0,0,0.720498,0.204422,1.028160,1,0,29.2358,0,0,0,29.2358,0
50.42,3.02579,0,0,1.91483,0.0370318,0.36288,3.6288,57.3885,0.66528,0,0,0.930072,0.307171,0,0.66528,12.849,1,0.748656,0.36288,0,28.669,5.61225,22.671,0.84672,12.849,0.84672,3695.15,0,0.0036966,0.0018483,0.334765,2.12019,4.59046,1.46942,5.57415,0.42336,0.0018483,0.21168,0.0018483,0.21168,460.486,0,1.02816,0,0,1.36293,0.334765,1.028160,1,0,28.2451,0,0,0,28.2451,0
48.3405,3.00791,0,0,1.31453,0.0232451,0.36288,3.6288,56.6872,0.961762,0,0,0.601852,0.341423,0,0.66528,12.849,1,0.766534,0.36288,0,23.2873,6.36927,16.5144,0.84672,12.849,0.84672,3695.15,0,0.0036966,0.0018483,0.204422,2.12019,3.25838,1.51077,4.07038,0.42336,0.0018483,0.21168,0.0018483,0.21168,460.486,0,0.731678,0,0,0.936101,0.204422,1.028160,1,0,20.5848,0,0,0,20.5848,0
46.4733,2.89088,0,0,1.42156,0.035048,0.36288,3.6288,55.9971,0.945639,0,0,0.586299,0.330774,0,0.66528,12.849,1,0.768402,0.36288,0,16.1179,6.30287,9.40953,0.84672,12.849,0.84672,3695.15,0,0.0036966,0.0018483,0.204422,2.12019,3.28958,1.38864,4.2237,0.42336,0.0018483,0.21168,0.0018483,0.21168,460.486,0,0.747801,0,0,0.952223,0.204422,1.028160,1,0,13.6332,0,0,0,13.6332,0
44.8961,2.8667,0,0,1.7261,0.0736494,0.36288,3.6288,55.3536,0.941881,0,0,0.594378,0.295942,0,0.66528,12.849,1,0.792589,0.36288,0,14.6324,6.02679,8.17595,0.84672,12.849,0.84672,3695.15,0,0.0036966,0.0018483,0.216518,2.03063,2.43378,1.29382,3.38526,0.42336,0.0018483,0.21168,0.0018483,0.21168,460.486,0,0.751559,0,0,0.968077,0.216518,1.028160,1,0,11.5612,0,0,0,11.5612,0
44.2692,2.84505,0,0,2.65333,0.0723604,0.36288,3.6288,55.3976,0.66528,0,0,1.00393,0.294696,0,0.66528,12.849,1,0.814236,0.36288,0,27.1511,6.02679,20.673,0.84672,12.849,0.84672,3695.15,0,0.0036966,0.0018483,0.659284,2.03064,4.70502,1.29382,6.09928,0.42336,0.0018483,0.21168,0.0018483,0.21168,460.486,0,1.02816,0,0,1.68744,0.659284,1.028160,1,0,26.7722,0,0,0,26.7722,0
44.0116,2.83612,0,0,3.01457,0.0731021,0.36288,3.6288,55.4782,0.66528,0,0,1.027,0.281092,0,0.66528,12.849,1,0.823175,0.36288,0,59.6759,5.29407,53.9215,0.84672,12.849,0.84672,3695.15,0,0.0036966,0.0018483,1.10028,2.03064,4.51307,1.17133,6.47081,0.42336,0.0018483,0.21168,0.0018483,0.21168,460.486,0,1.02816,0,0,2.12844,1.10028,1.028160,1,0,60.3923,0,0,0,60.3923,0
45.4502,2.75922,0,0,4.66206,0.101365,0.36288,3.6288,55.7006,0.632438,0,0,1.10864,0.253807,0,0.66528,12.849,1,0.805543,0.36288,0,106.019,3.78378,101.792,0.84672,12.849,0.84672,3695.15,0,0.0036966,2.10701e-05,1.92788,2.03064,5.53719,0.926852,8.56883,0.42336,0.0018483,0.21168,0.0018483,0.21168,460.486,0,1.02816,0,0,2.95604,1.92788,1.028160,1,0,110.361,0,0,0,110.361,0
46.6815,2.77911,0,0,4.54067,0.167449,0.36288,3.6288,55.622,0.63244,0,0,0.825008,0.271222,0,0.66528,12.849,1,0.785667,0.36288,0,55.9357,4.58755,50.9254,0.84672,12.849,0.84672,3695.15,0,0.0036966,2.09861e-05,0.559656,1.95105,3.99116,1.08124,5.42061,0.42336,0.0018483,0.21168,0.0018483,0.21168,460.486,0,1.02816,0,0,1.58782,0.559656,1.028160,1,0,56.346,0,0,0,56.346,0
48.3844,2.79536,0,0,5.0309,0.169763,0.36288,3.6288,55.5073,0.632442,0,0,0.788806,0.271082,0,0.66528,12.849,1,0.769419,0.36288,0,28.401,4.58755,23.4069,0.84672,12.849,0.84672,3695.15,0,0.0036966,2.10158e-05,1.03994,1.95106,3.56549,1.08124,5.47523,0.42336,0.0018483,0.21168,0.0018483,0.21168,460.486,0,1.02816,0,0,2.0681,1.03994,1.028160,1,0,28.8821,0,0,0,28.8821,0
49.6994,2.81677,0,0,4.66768,0.172963,0.36288,3.6288,55.5581,0.632444,0,0,0.954132,0.270878,0,0.66528,12.849,1,0.748023,0.36288,0,33.2868,4.58755,28.3141,0.84672,12.849,0.84672,3695.15,0,0.0036966,2.10593e-05,1.14345,1.95106,3.98504,1.08124,5.9983,0.42336,0.0018483,0.21168,0.0018483,0.21168,460.486,0,1.02816,0,0,2.17161,1.14345,1.028160,1,0,34.3124,0,0,0,34.3124,0
51.5286,2.74785,0,0,5.1351,0.195196,0.36288,3.6288,55.5798,0.539031,0,0,0.781453,0.220719,0,0.66528,12.849,1,0.710413,0.36288,0,70.0367,4.49226,65.1969,0.84672,12.849,0.84672,3695.15,0,0.0036966,1.79324e-05,0.866687,1.95106,4.50824,1.0047,6.32127,0.42336,0.0018483,0.21168,0.0018483,0.21168,460.486,0,1.02816,0,0,1.89485,0.866687,1.028160,1,0,71.5182,0,0,0,71.5182,0
53.5757,2.76804,0,0,5.39563,0.217659,0.36288,3.6288,55.7011,0.539033,0,0,0.821401,0.16103,0,0.66528,12.849,1,0.690229,0.36288,0,93.7639,4.22982,89.2067,0.84672,12.849,0.84672,3695.15,0,0.0036966,1.79255e-05,0.855058,1.85892,4.68501,0.952178,6.4468,0.42336,0.0018483,0.21168,0.0018483,0.21168,460.486,0,1.02816,0,0,1.88322,0.855058,1.028160,1,0,95.6535,0,0,0,95.6535,0
59.1274,2.78932,0,0,8.9262,0.222296,0.36288,3.6288,57.2155,0.539035,0,0,2.21455,0.161158,0,0.66528,12.849,1,0.668959,0.36288,0,126.15,4.22982,121.614,0.84672,12.849,0.84672,3695.15,0,0.0036966,1.78865e-05,3.4025,1.85893,9.62032,0.952178,13.9296,0.42336,0.0018483,0.21168,0.0018483,0.21168,460.486,0,1.02816,0,0,4.43066,3.4025,1.028160,1,0,135.544,0,0,0,135.544,0
62.8008,2.84093,0,0,7.11208,0.234871,0.36288,3.6288,57.6425,0.539037,0,0,1.1288,0.162757,0,0.66528,12.849,1,0.617363,0.36288,0,142.824,4.22982,138.339,0.84672,12.849,0.84672,3695.15,0,0.0036966,1.74132e-05,1.75803,1.85893,7.57947,0.952178,10.2442,0.42336,0.0018483,0.21168,0.0018483,0.21168,460.486,0,1.02816,0,0,2.78619,1.75803,1.028160,1,0,148.583,0,0,0,148.583,0
62.0816,2.87091,0,0,2.7546,0.239981,0.36288,3.6288,57.0889,0.802966,0,0,0.507648,0.258261,0,0.66528,12.849,1,0.587387,0.36288,0,72.5401,5.53436,66.7813,0.84672,12.849,0.84672,3695.15,0,0.0036966,2.5747e-05,0.412474,1.85893,3.40309,1.38794,4.28653,0.42336,0.0018483,0.21168,0.0018483,0.21168,460.486,0,0.764225,0,0,1.1767,0.412474,1.028160,1,0,71.0678,0,0,0,71.0678,0
59.3194,2.95503,0,0,0.796988,0.241224,0.36288,3.6288,55.9536,1.33295,0,0,0.423787,0.22613,0,0.66528,12.849,1,0.6116,0.36288,0,30.84,5.15099,25.4403,0.84672,12.849,0.84672,3695.15,0,0.0036966,4.31553e-05,0.412474,1.85893,1.72826,1.34481,2.65481,0.42336,0.0018483,0.21168,0.0018483,0.21168,460.486,0,0.284895,0,0,0.697369,0.412474,1.028160,1,0,28.0952,0,0,0,28.0952,0
56.9999,2.93159,0,0,1.2104,0.235464,0.36288,3.6288,54.8979,1.3267,0,0,0.495438,0.224463,0,0.66528,12.849,1,0.635003,0.36288,0,24.9432,5.15099,19.5201,0.84672,12.849,0.84672,3695.15,0,0.0036966,4.38244e-05,0.503194,1.91838,2.07902,1.34481,3.15573,0.42336,0.0018483,0.21168,0.0018483,0.21168,460.486,0,0.291133,0,0,0.794327,0.503194,1.028160,1,0,22.6758,0,0,0,22.6758,0
57.6046,2.91048,0,0,4.10829,0.230207,0.36288,3.6288,54.666,0.782772,0,0,0.773833,0.222912,0,0.66528,12.849,1,0.656085,0.36288,0,55.2103,5.15099,49.7661,0.84672,12.849,0.84672,3695.15,0,0.0036966,2.63543e-05,0.503194,1.91837,6.29022,1.34481,7.36694,0.42336,0.0018483,0.21168,0.0018483,0.21168,460.486,0,0.835065,0,0,1.33826,0.503194,1.028160,1,0,57.133,0,0,0,57.133,0
57.9734,2.91609,0,0,3.88833,0.240627,0.36288,3.6288,54.9847,0.589672,0,0,1.1184,0.210054,0,0.66528,12.849,1,0.650449,0.36288,0,133.291,4.63073,128.373,0.84672,12.849,0.84672,3695.15,0,0.0036966,1.99373e-05,0.926268,1.91835,3.63513,1.20704,5.2727,0.42336,0.0018483,0.21168,0.0018483,0.21168,460.486,0,1.02816,0,0,1.95443,0.926268,1.028160,1,0,133.646,0,0,0,133.646,0
56.3545,3.05418,0,0,2.06759,0.269396,0.36288,3.6288,54.9223,0.699469,0,0,0.807719,0.170603,0,0.66528,12.849,1,0.676917,0.36288,0,55.4442,3.52327,51.6069,0.84672,12.849,0.84672,3695.15,0,0.0036966,0.0018483,0.503194,1.91834,3.56667,0.92259,5.06377,0.42336,0.0018483,0.21168,0.0018483,0.21168,460.486,0,0.993971,0,0,1.49717,0.503194,1.028160,1,0,56.6706,0,0,0,56.6706,0
55.2841,3.03832,0,0,2.59592,0.265143,0.36288,3.6288,54.8534,0.66528,0,0,0.766835,0.170533,0,0.66528,12.849,1,0.692746,0.36288,0,76.3284,3.52327,72.4752,0.84672,12.849,0.84672,3695.15,0,0.0036966,0.0018483,0.565462,2.03072,3.94796,0.92259,5.61971,0.42336,0.0018483,0.21168,0.0018483,0.21168,460.486,0,1.02816,0,0,1.59362,0.565462,1.028160,1,0,78.0949,0,0,0,78.0949,0
54.1077,3.02741,0,0,2.47622,0.262331,0.36288,3.6288,54.8636,0.697879,0,0,0.878558,0.170455,0,0.66528,12.849,1,0.703625,0.36288,0,68.1164,3.52327,64.2524,0.84672,12.849,0.84672,3695.15,0,0.0036966,0.0018483,0.608429,2.03071,4.03738,0.92259,5.75208,0.42336,0.0018483,0.21168,0.0018483,0.21168,460.486,0,0.995561,0,0,1.60399,0.608429,1.028160,1,0,70.0044,0,0,0,70.0044,0
53.7704,3.01503,0,0,3.30357,0.262905,0.36288,3.6288,55.2849,0.66528,0,0,1.26493,0.178296,0,0.66528,12.849,1,0.715981,0.36288,0,84.2088,3.85025,80.0055,0.84672,12.849,0.84672,3695.15,0,0.0036966,0.0018483,1.08414,2.0307,7.70135,1.005,9.80933,0.42336,0.0018483,0.21168,0.0018483,0.21168,460.486,0,1.02816,0,0,2.1123,1.08414,1.028160,1,0,89.8148,0,0,0,89.8148,0
55.7053,2.75886,0,0,5.39819,0.341566,0.36288,3.6288,56.4811,0.52456,0,0,1.85197,0.131264,0,0.66528,12.849,1,0.659257,0.36288,0,142.526,2.87542,139.355,0.84672,12.849,0.84672,3695.15,0,0.0036966,1.75372e-05,2.09148,2.03068,10.1708,0.749897,13.5431,0.42336,0.0018483,0.21168,0.0018483,0.21168,460.486,0,1.02816,0,0,3.11964,2.09148,1.028160,1,0,152.898,0,0,0,152.898,0
55.9715,2.77744,0,0,3.75482,0.348287,0.36288,3.6288,57.1474,0.524549,0,0,1.3231,0.132296,0,0.66528,12.849,1,0.640646,0.36288,0,132.16,2.87542,129.007,0.84672,12.849,0.84672,3695.15,0,0.0036966,1.71655e-05,1.73571,1.84022,9.7778,0.749897,12.6038,0.42336,0.0018483,0.21168,0.0018483,0.21168,460.486,0,1.02816,0,0,2.76387,1.73571,1.028160,1,0,141.611,0,0,0,141.611,0
56.7123,2.7799,0,0,4.17347,0.289977,0.36288,3.6288,57.697,0.524538,0,0,1.17191,0.0977223,0,0.66528,12.849,1,0.638163,0.36288,0,120.086,2.35225,117.459,0.84672,12.849,0.84672,3695.15,0,0.0036966,1.6965e-05,1.48041,1.8402,9.24083,0.674744,11.8867,0.42336,0.0018483,0.21168,0.0018483,0.21168,460.486,0,1.02816,0,0,2.50857,1.48041,1.028160,1,0,129.346,0,0,0,129.346,0
57.9081,2.78668,0,0,4.6276,0.282168,0.36288,3.6288,58.6373,0.524528,0,0,1.55706,0.092192,0,0.66528,12.849,1,0.631364,0.36288,0,148.81,2.26506,146.277,0.84672,12.849,0.84672,3695.15,0,0.0036966,1.6803e-05,2.13639,1.84019,9.47497,0.662218,12.7893,0.42336,0.0018483,0.21168,0.0018483,0.21168,460.486,0,1.02816,0,0,3.16455,2.13639,1.028160,1,0,159.066,0,0,0,159.066,0
60.044,2.79733,0,0,5.55523,0.259118,0.36288,3.6288,61.221,0.524517,0,0,3.24809,0.139914,0,0.66528,12.849,1,0.620689,0.36288,0,143.579,2.85841,140.462,0.84672,12.849,0.84672,3695.15,0,0.0036966,1.65332e-05,4.60604,1.84018,13.3936,0.758564,19.0812,0.42336,0.0018483,0.21168,0.0018483,0.21168,460.486,0,1.02816,0,0,5.6342,4.60604,1.028160,1,0,159.544,0,0,0,159.544,0
61.4084,2.91837,0,0,4.89539,0.249762,0.36288,3.6288,61.308,0.586952,0,0,2.59672,0.16974,1.75302,0.66528,12.849,1,0.624512,0.36288,0,197.091,3.56743,193.262,0.84672,12.849,0.84672,3695.15,0,0.0036966,1.77204e-05,3.36024,1.84016,7.82542,0.877414,12.1484,0.42336,0.0018483,0.21168,0.0018483,0.21168,460.486,0,1.02816,0,0,4.3884,3.36024,1.028160,1,0,207.164,0,0,0,207.164,0
62.1485,2.92983,0,0,4.26379,0.230972,0.36288,3.6288,61.308,0.586941,0,0,2.17432,0.164514,1.42286,0.66528,12.849,1,0.613033,0.36288,0,125.177,3.80552,121.122,0.84672,12.849,0.84672,3695.15,0,0.0036966,1.7695e-05,2.06899,1.9118,5.90388,0.92365,8.96102,0.42336,0.0018483,0.21168,0.0018483,0.21168,460.486,0,1.02816,0,0,3.09715,2.06899,1.028160,1,0,131.505,0,0,0,131.505,0
62.4038,2.93586,0,0,3.78645,0.232386,0.36288,3.6288,61.308,0.586929,0,0,1.72944,0.164514,0.977999,0.66528,12.849,1,0.606979,0.36288,0,114.373,3.80552,110.323,0.84672,12.849,0.84672,3695.15,0,0.0036966,1.76946e-05,1.96007,1.91179,4.83312,0.92365,7.78131,0.42336,0.0018483,0.21168,0.0018483,0.21168,460.486,0,1.02816,0,0,2.98823,1.96007,1.028160,1,0,119.083,0,0,0,119.083,0
63.7662,2.9379,0,0,4.85091,0.187765,0.36288,3.6288,61.308,0.586918,0,0,1.69455,0.17578,0.931856,0.66528,12.849,1,0.604915,0.36288,0,121.601,4.01818,117.341,0.84672,12.849,0.84672,3695.15,0,0.0036966,1.76943e-05,2.70332,1.91178,12.6956,0.994028,16.3167,0.42336,0.0018483,0.21168,0.0018483,0.21168,460.486,0,1.02816,0,0,3.73148,2.70332,1.028160,1,0,134.589,0,0,0,134.589,0
62.8426,2.90799,0,0,2.47633,0.129047,0.36288,3.6288,61.308,0.562654,0,0,1.05024,0.190802,0.29678,0.66528,12.849,1,0.585966,0.36288,0,84.2435,4.30175,79.7186,0.84672,12.849,0.84672,3695.15,0,0.0036966,1.69628e-05,1.40975,1.91176,5.07065,1.08787,7.30429,0.42336,0.0018483,0.21168,0.0018483,0.21168,460.486,0,1.02816,0,0,2.43791,1.40975,1.028160,1,0,87.3197,0,0,0,87.3197,0
61.4741,2.90082,0,0,2.02325,0.12808,0.36288,3.6288,61.308,0.562642,0,0,0.90066,0.190802,0.147216,0.66528,12.849,1,0.593112,0.36288,0,63.6284,4.30175,59.0964,0.84672,12.849,0.84672,3695.15,0,0.0036966,1.69624e-05,1.05765,1.88386,3.40845,1.08787,5.26208,0.42336,0.0018483,0.21168,0.0018483,0.21168,460.486,0,1.02816,0,0,2.08581,1.05765,1.028160,1,0,64.5057,0,0,0,64.5057,0
59.8803,2.88988,0,0,1.7856,0.126648,0.36288,3.6288,61.308,0.562631,0,0,0.842772,0.190802,0.0893389,0.66528,12.849,1,0.604028,0.36288,0,55.4603,4.30175,50.9174,0.84672,12.849,0.84672,3695.15,0,0.0036966,1.69621e-05,0.796815,1.88385,3.01193,1.08787,4.60471,0.42336,0.0018483,0.21168,0.0018483,0.21168,460.486,0,1.02816,0,0,1.82498,0.796815,1.028160,1,0,55.6115,0,0,0,55.6115,0
58.1248,2.87662,0,0,1.60897,0.124915,0.36288,3.6288,61.3015,0.56262,0,0,0.746893,0.190802,0,0.66528,12.849,1,0.61726,0.36288,0,48.4124,4.30175,43.8563,0.84672,12.849,0.84672,3695.15,0,0.0036966,1.69617e-05,0.611842,1.88383,2.71992,1.08787,4.12771,0.42336,0.0018483,0.21168,0.0018483,0.21168,460.486,0,1.02816,0,0,1.64,0.611842,1.028160,1,0,47.984,0,0,0,47.984,0
56.1367,2.99707,0,0,1.46597,0.094171,0.36288,3.6288,61.0844,0.691223,0,0,0.689619,0.215452,0,0.66528,12.849,1,0.662527,0.36288,0,43.2257,5.02992,37.8961,0.84672,12.849,0.84672,3695.15,0,0.0036966,2.08411e-05,0.402797,1.88382,2.79849,1.14316,3.94193,0.42336,0.0018483,0.21168,0.0018483,0.21168,460.486,0,0.985547,0,0,1.38834,0.402797,1.028160,1,0,41.838,0,0,0,41.838,0
54.1249,2.97795,0,0,1.42136,0.0923478,0.36288,3.6288,60.655,0.844878,0,0,0.630652,0.215156,0,0.66528,12.849,1,0.681616,0.36288,0,39.7391,5.02992,34.3904,0.84672,12.849,0.84672,3695.15,0,0.0036966,2.55644e-05,0.402797,1.98131,2.60291,1.14316,3.84384,0.42336,0.0018483,0.21168,0.0018483,0.21168,460.486,0,0.831876,0,0,1.23467,0.402797,1.028160,1,0,38.2343,0,0,0,38.2343,0
52.0036,2.95745,0,0,1.26497,0.0658705,0.36288,3.6288,60.2251,0.795178,0,0,0.598606,0.23338,0,0.66528,12.849,1,0.702085,0.36288,0,35.156,5.24412,29.5727,0.84672,12.849,0.84672,3695.15,0,0.0036966,2.42309e-05,0.30119,1.9813,2.53209,1.19789,3.61667,0.42336,0.0018483,0.21168,0.0018483,0.21168,460.486,0,0.881565,0,0,1.18276,0.30119,1.028160,1,0,33.1893,0,0,0,33.1893,0
49.8575,2.93446,0,0,1.19763,0.0463775,0.36288,3.6288,59.6869,0.865027,0,0,0.573655,0.246811,0,0.66528,12.849,1,0.725044,0.36288,0,33.4981,5.40477,27.7311,0.84672,12.849,0.84672,3695.15,0,0.0036966,2.65476e-05,0.30119,1.98129,2.50414,1.23893,3.54766,0.42336,0.0018483,0.21168,0.0018483,0.21168,460.486,0,0.811702,0,0,1.11289,0.30119,1.028160,1,0,31.2788,0,0,0,31.2788,0
48.0282,2.90962,0,0,1.5025,0.0593222,0.36288,3.6288,58.9992,0.994905,0,0,0.538907,0.231709,0,0.66528,12.849,1,0.749852,0.36288,0,36.6225,4.94562,31.2899,0.84672,12.849,0.84672,3695.15,0,0.0036966,3.08088e-05,0.30119,1.98127,2.52228,1.12804,3.67667,0.42336,0.0018483,0.21168,0.0018483,0.21168,460.486,0,0.681808,0,0,0.982999,0.30119,1.028160,1,0,34.9665,0,0,0,34.9665,0
46.3848,2.72723,0,0,1.51037,0.0636448,0.36288,3.6288,58.1688,1.10396,0,0,0.498594,0.225014,0,0.66528,12.849,1,0.729617,0.36288,0,37.2805,4.76196,32.1518,0.84672,12.849,0.84672,3695.15,0,0.0036966,3.45842e-05,0.30119,1.98126,2.33887,1.08368,3.5376,0.42336,0.0018483,0.21168,0.0018483,0.21168,460.486,0,0.539283,0,0,0.840473,0.30119,1.028160,1,0,35.6894,0,0,0,35.6894,0
44.6429,2.70697,0,0,1.38296,0.0550005,0.36288,3.6288,57.2995,1.09851,0,0,0.474539,0.245318,0,0.66528,12.849,1,0.749854,0.36288,0,32.8768,5.04426,27.4456,0.84672,12.849,0.84672,3695.15,0,0.0036966,3.49049e-05,0.261274,1.91743,2.27138,1.18673,3.26332,0.42336,0.0018483,0.21168,0.0018483,0.21168,460.486,0,0.544717,0,0,0.805991,0.261274,1.028160,1,0,30.7089,0,0,0,30.7089,0
42.8659,2.68423,0,0,1.30563,0.0355409,0.36288,3.6288,56.3324,1.1126,0,0,0.44285,0.297398,0,0.66528,12.849,1,0.772566,0.36288,0,29.2413,5.75001,23.0816,0.84672,12.849,0.84672,3695.15,0,0.0036966,3.58888e-05,0.261274,1.91741,2.16661,1.44434,2.90092,0.42336,0.0018483,0.21168,0.0018483,0.21168,460.486,0,0.530617,0,0,0.791891,0.261274,1.028160,1,0,25.9825,0,0,0,25.9825,0
41.0177,2.65957,0,0,1.21087,0.0367026,0.36288,3.6288,55.3505,1.10995,0,0,0.431641,0.303596,0,0.66528,12.849,1,0.797201,0.36288,0,28.5413,5.67531,22.4317,0.84672,12.849,0.84672,3695.15,0,0.0036966,3.64181e-05,0.261274,1.9174,2.0866,1.4575,2.80774,0.42336,0.0018483,0.21168,0.0018483,0.21168,460.486,0,0.533252,0,0,0.794526,0.261274,1.028160,1,0,25.2394,0,0,0,25.2394,0
39.1737,2.69362,0,0,1.25309,0.0405108,0.36288,3.6288,54.3691,1.12081,0,0,0.461073,0.321678,0,0.66528,12.849,1,0.843791,0.36288,0,27.3361,5.48856,21.3666,0.84672,12.849,0.84672,3695.15,0,0.0036966,3.74268e-05,0.261274,1.91739,2.09688,1.49039,2.78511,0.42336,0.0018483,0.21168,0.0018483,0.21168,460.486,0,0.562533,0,0,0.823807,0.261274,1.028160,1,0,24.1517,0,0,0,24.1517,0
37.2077,2.69066,0,0,1.12715,0.0396417,0.36288,3.6288,53.3348,1.14711,0,0,0.432483,0.319604,0,0.66528,12.849,1,0.84672,0.36288,0,25.7628,5.48856,19.7904,0.84672,12.849,0.84672,3695.15,0,0.0036966,3.89966e-05,0.261274,1.96351,2.14066,1.49039,2.87501,0.42336,0.0018483,0.21168,0.0018483,0.21168,460.486,0,0.536216,0,0,0.797489,0.261274,1.028160,1,0,22.6654,0,0,0,22.6654,0
35.1412,2.69063,0,0,1.02575,0.0387418,0.36288,3.6288,52.2439,1.18857,0,0,0.414901,0.317212,0,0.66528,12.849,1,0.84672,0.36288,0,24.1979,5.48856,18.2255,0.84672,12.849,0.84672,3695.15,0,0.0036966,4.11895e-05,0.227405,1.9635,1.99009,1.49039,2.69056,0.42336,0.0018483,0.21168,0.0018483,0.21168,460.486,0,0.494744,0,0,0.722148,0.227405,1.028160,1,0,20.916,0,0,0,20.916,0
32.9483,2.6906,0,0,0.887604,0.0270417,0.36288,3.6288,51.1396,1.19645,0,0,0.413161,0.321098,0,0.66528,12.849,1,0.84672,0.36288,0,23.0875,5.73037,16.8732,0.84672,12.849,0.84672,3695.15,0,0.0036966,4.23285e-05,0.227405,1.96348,2.01665,1.52044,2.68706,0.42336,0.0018483,0.21168,0.0018483,0.21168,460.486,0,0.486847,0,0,0.714252,0.227405,1.028160,1,0,19.5603,0,0,0,19.5603,0
30.3109,2.9268,0,0,0.72239,0.0701217,0.36288,3.6288,49.8215,1.39978,0,0,0.384362,0.302598,0,0.66528,12.849,1,0.84672,0.36288,0,16.9737,4.72251,11.7674,0.84672,12.849,0.84672,3695.15,0,0.0036966,0.0018483,0.227405,1.96347,1.92964,1.28973,2.82894,0.42336,0.0018483,0.21168,0.0018483,0.21168,460.486,0,0.293665,0,0,0.52107,0.227405,1.028160,1,0,14.5963,0,0,0,14.5963,0
27.6185,2.92676,0,0,0.671034,0.0738113,0.36288,3.6288,48.5446,1.34816,0,0,0.369874,0.298623,0,0.66528,12.849,1,0.84672,0.36288,0,16.4341,4.57443,11.3758,0.84672,12.849,0.84672,3695.15,0,0.0036966,0.0018483,0.227405,2.1197,1.77081,1.27352,2.84255,0.42336,0.0018483,0.21168,0.0018483,0.21168,460.486,0,0.345278,0,0,0.572682,0.227405,1.028160,1,0,14.2183,0,0,0,14.2183,0
24.9071,2.92671,0,0,0.649417,0.0711601,0.36288,3.6288,47.2816,1.33401,0,0,0.366504,0.295493,0,0.66528,12.849,1,0.84672,0.36288,0,15.3634,4.57443,10.3051,0.84672,12.849,0.84672,3695.15,0,0.0036966,0.0018483,0.204422,2.11969,1.76393,1.27352,2.81267,0.42336,0.0018483,0.21168,0.0018483,0.21168,460.486,0,0.359433,0,0,0.563855,0.204422,1.028160,1,0,13.1178,0,0,0,13.1178,0
22.1972,2.92666,0,0,0.648147,0.0684903,0.36288,3.6288,45.9897,1.34601,0,0,0.346484,0.292397,0,0.66528,12.849,1,0.84672,0.36288,0,14.6905,4.57443,9.63224,0.84672,12.849,0.84672,3695.15,0,0.0036966,0.0018483,0.204422,2.11967,1.79843,1.27352,2.84716,0.42336,0.0018483,0.21168,0.0018483,0.21168,460.486,0,0.347429,0,0,0.551852,0.204422,1.028160,1,0,12.4794,0,0,0,12.4794,0
19.2068,2.92661,0,0,0.412836,0.113808,0.36288,3.6288,44.5123,1.49172,0,0,0.267195,0.252841,0,0.66528,12.849,1,0.84672,0.36288,0,10.6187,3.84579,6.2891,0.84672,12.849,0.84672,3695.15,0,0.0036966,0.0018483,0.204422,2.11966,1.46099,0.949318,2.8339,0.42336,0.0018483,0.21168,0.0018483,0.21168,460.486,0,0.20172,0,0,0.406142,0.204422,1.028160,1,0,9.123,0,0,0,9.123,0
16.1558,2.81142,0,0,0.231053,0.107759,0.36288,3.6288,42.7862,1.64288,0,0,0.179359,0.262622,0,0.66528,12.849,1,0.84672,0.36288,0,8.10397,4.41242,3.20772,0.84672,12.849,0.84672,3695.15,0,0.0036966,0.0018483,0.204422,2.11964,1.16265,0.989592,2.49527,0.42336,0.0018483,0.21168,0.0018483,0.21168,460.486,0,0.0505604,0,0,0.254983,0.204422,1.028160,1,0,5.70299,0,0,0,5.70299,0
13.1291,2.81134,0,0,0.271608,0.124061,0.36288,3.6288,41.0878,1.64853,0,0,0.182226,0.232093,0,0.66528,12.849,1,0.84672,0.36288,0,8.16307,3.99715,3.68208,0.84672,12.849,0.84672,3695.15,0,0.0036966,0.0018483,0.216518,2.03009,1.21418,0.859796,2.59914,0.42336,0.0018483,0.21168,0.0018483,0.21168,460.486,0,0.044909,0,0,0.261427,0.216518,1.028160,1,0,6.28122,0,0,0,6.28122,0
10.5547,2.81124,0,0,0.765221,0.165457,0.36288,3.6288,39.8855,1.481,0,0,0.442379,0.16372,0,0.66528,12.849,1,0.84672,0.36288,0,26.0825,2.959,22.6397,0.84672,12.849,0.84672,3695.15,0,0.0036966,0.0018483,0.216518,2.03008,3.23177,0.535307,4.9412,0.42336,0.0018483,0.21168,0.0018483,0.21168,460.486,0,0.212444,0,0,0.428962,0.216518,1.028160,1,0,27.5809,0,0,0,27.5809,0
7.69313,2.81112,0,0,0.465731,0.153334,0.36288,3.6288,38.4599,1.5288,0,0,0.273076,0.16985,0,0.66528,12.849,1,0.84672,0.36288,0,18.2852,3.26389,14.5374,0.84672,12.849,0.84672,3695.15,0,0.0036966,0.0018483,0.216518,2.03006,1.60409,0.603061,3.24576,0.42336,0.0018483,0.21168,0.0018483,0.21168,460.486,0,0.164638,0,0,0.381156,0.216518,1.028160,1,0,17.7832,0,0,0,17.7832,0
4.7715,2.71643,0,0,0.283754,0.126072,0.36288,3.6288,36.9166,1.52349,0,0,0.195287,0.215095,0,0.66528,12.849,1,0.84672,0.36288,0,12.4674,5.09324,6.89036,0.84672,12.849,0.84672,3695.15,0,0.0036966,7.32157e-05,0.216518,2.03005,1.33849,1.00959,2.57539,0.42336,0.0018483,0.21168,0.0018483,0.21168,460.486,0,0.136552,0,0,0.35307,0.216518,1.028160,1,0,9.46575,0,0,0,9.46575,0
1.9864,2.71601,0,0,0.408605,0.114819,0.36288,3.6288,35.7071,1.31438,0,0,0.316846,0.211928,0,0.66528,12.849,1,0.84672,0.36288,0,22.4489,5.09324,16.8718,0.84672,12.849,0.84672,3695.15,0,0.0036966,6.58071e-05,0.216518,1.95046,2.11198,1.00959,3.26931,0.42336,0.0018483,0.21168,0.0018483,0.21168,460.486,0,0.345655,0,0,0.562174,0.216518,1.028160,1,0,20.1411,0,0,0,20.1411,0
0.338633,1.9864,0,0,0.825297,0.123784,0.36288,3.6288,34.7559,1.29236,0,0,0.536868,0.195724,0,0.66528,12.849,1,0.84672,0.36288,0,29.1949,4.5928,24.1183,0.84672,12.849,0.84672,3695.15,0,0.0036966,6.68959e-05,0.292723,1.95045,3.42424,0.936909,4.73044,0.42336,0.0018483,0.21168,0.0018483,0.21168,460.486,0,0.367671,0,0,0.660394,0.292723,1.028160,1,0,28.8487,0,0,0,28.8487,0
0.37663,0.338633,0,0,0.855153,0.115643,0.36288,3.6288,33.7354,1.24843,0,0,0.421807,0.1939,0,0.66528,12.849,1,0.84672,0.36288,0,29.2957,4.5928,24.2191,0.84672,12.849,0.84672,3695.15,0,0.0036966,6.63908e-05,0.292723,1.95044,2.17529,0.936909,3.48148,0.42336,0.0018483,0.21168,0.0018483,0.21168,460.486,0,0.411585,0,0,0.704309,0.292723,1.028160,1,0,27.7006,0,0,0,27.7006,0
0.646817,0.37663,0,0,1.11078,0.101087,0.36288,3.6288,33.4061,0.788686,0,0,0.605892,0.146455,0,0.66528,12.849,1,0.84672,0.36288,0,60.8642,3.97064,56.4097,0.84672,12.849,0.84672,3695.15,0,0.0036966,4.32106e-05,0.292723,1.95042,4.2917,1.03216,5.50265,0.42336,0.0018483,0.21168,0.0018483,0.21168,460.486,0,0.777953,0,0,1.07068,0.292723,1.028160,1,0,61.9124,0,0,0,61.9124,0
0.743204,0.646817,0,0,1.20585,0.0997665,0.36288,3.6288,33.2099,0.62936,0,0,0.571463,0.138385,0,0.66528,12.849,1,0.84672,0.36288,0,93.1418,3.86694,88.791,0.84672,12.849,0.84672,3695.15,0,0.0036966,3.48213e-05,0.292723,1.8583,4.75006,1.04803,5.85302,0.42336,0.0018483,0.21168,0.0018483,0.21168,460.486,0,0.937276,0,0,1.23,0.292723,1.028160,1,0,94.644,0,0,0,94.644,0
0.693628,0.743204,0,0,1.15668,0.100172,0.36288,3.6288,32.9071,0.789185,0,0,0.624483,0.138093,0,0.66528,12.849,1,0.84672,0.36288,0,69.5801,3.86694,65.2293,0.84672,12.849,0.84672,3695.15,0,0.0036966,4.39222e-05,0.412474,1.85829,4.42863,1.04803,5.65131,0.42336,0.0018483,0.21168,0.0018483,0.21168,460.486,0,0.74075,0,0,1.15322,0.412474,1.028160,1,0,70.8806,0,0,0,70.8806,0
0.685325,0.693628,0,0,1.15057,0.102366,0.36288,3.6288,32.3967,0.980194,0,0,0.588168,0.11831,0,0.66528,12.849,1,0.84672,0.36288,0,69.7394,3.51382,65.7417,0.84672,12.849,0.84672,3695.15,0,0.0036966,5.50548e-05,0.412474,1.81476,4.04321,0.867722,5.40267,0.42336,0.0018483,0.21168,0.0018483,0.21168,460.486,0,0.54972,0,0,0.962194,0.412474,1.028160,1,0,71.1444,0,0,0,71.1444,0
0.889856,0.685325,0,0,1.35311,0.100375,0.36288,3.6288,32.2732,0.828714,0,0,0.808194,0.102982,0,0.66528,12.849,1,0.84672,0.36288,0,66.5099,3.44513,62.581,0.84672,12.849,0.84672,3695.15,0,0.0036966,4.72798e-05,0.412474,1.81475,5.33682,0.701107,6.8629,0.42336,0.0018483,0.21168,0.0018483,0.21168,460.486,0,0.701197,0,0,1.11367,0.412474,1.028160,1,0,69.4439,0,0,0,69.4439,0
1.23913,0.889856,0,0,1.69631,0.0943015,0.36288,3.6288,32.0797,0.96702,0,0,0.890901,0.117437,0,0.66528,12.849,1,0.84672,0.36288,0,36.8407,3.98128,32.3756,0.84672,12.849,0.84672,3695.15,0,0.0036966,5.53816e-05,0.412474,1.81474,5.12816,0.799509,6.55581,0.42336,0.0018483,0.21168,0.0018483,0.21168,460.486,0,0.612334,0,0,1.02481,0.412474,1.028160,1,0,38.9314,0,0,0,38.9314,0
2.09904,1.23913,0,0,2.56169,0.099769,0.36288,3.6288,32.0692,0.882043,0,0,0.989626,0.118105,0,0.66528,12.849,1,0.84672,0.36288,0,60.3315,4.04866,55.799,0.84672,12.849,0.84672,3695.15,0,0.0036966,5.08197e-05,0.412474,1.87276,6.3394,0.83721,7.78737,0.42336,0.0018483,0.21168,0.0018483,0.21168,460.486,0,0.697291,0,0,1.10976,0.412474,1.028160,1,0,63.5863,0,0,0,63.5863,0
2.73251,2.09904,0,0,3.22411,0.128724,0.36288,3.6288,32.0109,0.935972,0,0,1.00135,0.123584,0,0.66528,12.849,1,0.84672,0.36288,0,79.3601,4.45294,74.4233,0.84672,12.849,0.84672,3695.15,0,0.0036966,5.39446e-05,0.503194,1.87273,6.30812,1.06341,7.62058,0.42336,0.0018483,0.21168,0.0018483,0.21168,460.486,0,0.643334,0,0,1.14653,0.503194,1.028160,1,0,82.0439,0,0,0,82.0439,0
1.84136,2.63323,0,0,2.23692,0.131964,0.36288,3.6288,32.8246,0.551145,0,0,1.48832,0.123506,0,0.66528,12.849,1,0.84672,0.36288,0,59.8021,4.45294,54.8653,0.84672,12.849,0.84672,3695.15,0,0.0036966,3.18229e-05,0.781108,1.8727,6.62846,1.06341,8.21882,0.42336,0.0018483,0.21168,0.0018483,0.21168,460.486,0,1.02816,0,0,1.80927,0.781108,1.028160,1,0,63.0841,0,0,0,63.0841,0
3.1604,1.84136,0,0,3.65565,0.132372,0.36288,3.6288,33.1923,0.762238,0,0,1.27837,0.148472,0,0.66528,12.849,1,0.84672,0.36288,0,59.9808,4.19979,55.2972,0.84672,12.849,0.84672,3695.15,0,0.0036966,0.0018483,0.503194,1.87267,4.23361,1.06083,5.54679,0.42336,0.0018483,0.21168,0.0018483,0.21168,460.486,0,0.931202,0,0,1.4344,0.503194,1.028160,1,0,60.8439,0,0,0,60.8439,0
2.3866,2.88119,0,0,2.60965,0.139381,0.36288,3.6288,32.5287,1.23917,0,0,0.724672,0.149062,0,0.66528,12.849,1,0.84672,0.36288,0,46.8475,4.19979,42.1638,0.84672,12.849,0.84672,3695.15,0,0.0036966,0.0018483,0.503194,2.02989,2.97816,1.06083,4.44857,0.42336,0.0018483,0.21168,0.0018483,0.21168,460.486,0,0.454265,0,0,0.957459,0.503194,1.028160,1,0,46.6124,0,0,0,46.6124,0
1.12466,2.3866,0,0,1.61406,0.126515,0.36288,3.6288,31.3318,1.56047,0,0,0.51797,0.15445,0,0.66528,12.849,1,0.84672,0.36288,0,28.4333,4.14981,23.7996,0.84672,12.849,0.84672,3695.15,0,0.0036966,0.0018483,0.503194,2.02986,2.15179,1.02736,3.65564,0.42336,0.0018483,0.21168,0.0018483,0.21168,460.486,0,0.132972,0,0,0.636166,0.503194,1.028160,1,0,27.4553,0,0,0,27.4553,0
1.82918,1.12466,0,0,2.30606,0.114003,0.36288,3.6288,30.6075,1.37683,0,0,0.809749,0.157222,0,0.66528,12.849,1,0.84672,0.36288,0,40.6133,4.11232,36.0171,0.84672,12.849,0.84672,3695.15,0,0.0036966,0.0018483,0.608429,2.02983,3.46815,1.00225,5.1023,0.42336,0.0018483,0.21168,0.0018483,0.21168,460.486,0,0.316613,0,0,0.925042,0.608429,1.028160,1,0,41.1194,0,0,0,41.1194,0
2.49505,1.82918,0,0,2.98166,0.123721,0.36288,3.6288,30.169,1.19899,0,0,0.941786,0.181226,0,0.66528,12.849,1,0.84672,0.36288,0,54.127,2.68422,50.9589,0.84672,12.849,0.84672,3695.15,0,0.0036966,7.24036e-05,0.608429,2.02979,3.20516,0.719819,5.1235,0.42336,0.0018483,0.21168,0.0018483,0.21168,460.486,0,0.316647,0,0,0.925076,0.608429,1.028160,1,0,56.0824,0,0,0,56.0824,0
2.64018,2.48808,0,0,3.12312,0.12703,0.36288,3.6288,29.8044,1.20559,0,0,1.02133,0.180346,0,0.66528,12.849,1,0.84672,0.36288,0,56.074,2.68422,52.906,0.84672,12.849,0.84672,3695.15,0,0.0036966,7.38603e-05,0.608429,1.79633,2.7652,0.719819,4.45007,0.42336,0.0018483,0.21168,0.0018483,0.21168,460.486,0,0.31002,0,0,0.918449,0.608429,1.028160,1,0,57.356,0,0,0,57.356,0
6.76916,2.48813,0,0,7.10275,0.122767,0.36288,3.6288,30.46,0.627889,0,0,1.49048,0.207025,0,0.66528,12.849,1,0.84672,0.36288,0,53.5342,3.6798,49.3706,0.84672,12.849,0.84672,3695.15,0,0.0036966,3.89381e-05,0.608429,1.7963,6.80697,0.978526,8.23314,0.42336,0.0018483,0.21168,0.0018483,0.21168,460.486,0,0.887734,0,0,1.49616,0.608429,1.028160,1,0,57.6037,0,0,0,57.6037,0
8.28006,2.48914,0,0,4.48843,0.125508,0.36288,3.6288,30.481,0.958793,0,0,1.17541,0.195629,0,0.66528,12.849,1,0.84672,0.36288,0,126.715,4.47006,121.761,0.84672,12.849,0.84672,3695.15,0,0.0036966,5.81792e-05,0.558835,1.79628,3.99456,1.11792,5.23169,0.42336,0.0018483,0.21168,0.0018483,0.21168,460.486,0,0.556788,0,0,1.11562,0.558835,1.028160,1,0,126.993,0,0,0,126.993,0
9.77601,2.48921,0,0,4.47527,0.12723,0.36288,3.6288,31.0188,0.487425,0,0,1.19994,0.174689,0,0.66528,12.849,1,0.84672,0.36288,0,96.9114,4.39434,92.0332,0.84672,12.849,0.84672,3695.15,0,0.0036966,2.95564e-05,0.644147,1.79625,4.22164,1.02579,5.63622,0.42336,0.0018483,0.21168,0.0018483,0.21168,460.486,0,1.02816,0,0,1.67231,0.644147,1.028160,1,0,97.6695,0,0,0,97.6695,0
9.81473,2.52823,0,0,3.06123,0.131395,0.36288,3.6288,29.9842,1.4955,0,0,0.642626,0.181706,0,0.66528,12.849,1,0.84672,0.36288,0,72.7471,4.3785,67.8847,0.84672,12.849,0.84672,3695.15,0,0.0036966,8.91117e-05,0.558835,1.79622,3.8036,1.0673,5.09127,0.42336,0.0018483,0.21168,0.0018483,0.21168,460.486,0,0.0431594,0,0,0.601995,0.558835,1.028160,1,0,72.976,0,0,0,72.976,0
11.6329,2.61108,0,0,4.92369,0.131541,0.36288,3.6288,29.7797,1.00864,0,0,0.983716,0.179632,0,0.66528,12.849,1,0.84672,0.36288,0,100.015,4.3785,95.1526,0.84672,12.849,0.84672,3695.15,0,0.0036966,6.21751e-05,0.558835,1.82139,3.99541,1.0673,5.30828,0.42336,0.0018483,0.21168,0.0018483,0.21168,460.486,0,0.567819,0,0,1.12665,0.558835,1.028160,1,0,100.461,0,0,0,100.461,0
13.2676,2.5282,0,0,4.66303,0.137271,0.36288,3.6288,29.574,1.09829,0,0,1.07185,0.179222,0,0.66528,12.849,1,0.84672,0.36288,0,100.701,4.3785,95.8386,0.84672,12.849,0.84672,3695.15,0,0.0036966,6.81662e-05,0.528595,1.8661,4.44719,1.0673,5.77452,0.42336,0.0018483,0.21168,0.0018483,0.21168,460.486,0,0.440346,0,0,0.968941,0.528595,1.028160,1,0,101.613,0,0,0,101.613,0
13.9846,2.6111,0,0,3.80741,0.116454,0.36288,3.6288,29.1723,1.18992,0,0,0.97187,0.183613,0,0.66528,12.849,1,0.84672,0.36288,0,74.8585,4.64795,69.7267,0.84672,12.849,0.84672,3695.15,0,0.0036966,7.43667e-05,0.528595,1.82134,3.87215,1.18119,5.04082,0.42336,0.0018483,0.21168,0.0018483,0.21168,460.486,0,0.386484,0,0,0.91508,0.528595,1.028160,1,0,74.7675,0,0,0,74.7675,0
13.4597,2.56341,0,0,2.53504,0.133599,0.36288,3.6288,28.7365,1.10395,0,0,0.80803,0.139892,0,0.66528,12.849,1,0.84672,0.36288,0,50.5339,4.22847,45.8216,0.84672,12.849,0.84672,3695.15,0,0.0036966,6.99437e-05,0.528595,1.86605,3.0907,1.0311,4.45418,0.42336,0.0018483,0.21168,0.0018483,0.21168,460.486,0,0.448762,0,0,0.977357,0.528595,1.028160,1,0,50.2758,0,0,0,50.2758,0
12.7029,2.56334,0,0,2.28016,0.110777,0.36288,3.6288,28.0689,1.17376,0,0,0.670205,0.164093,0,0.66528,12.849,1,0.84672,0.36288,0,45.3328,4.55454,40.2944,0.84672,12.849,0.84672,3695.15,0,0.0036966,7.54949e-05,0.528595,1.8388,2.8309,1.05458,4.14364,0.42336,0.0018483,0.21168,0.0018483,0.21168,460.486,0,0.378916,0,0,0.907511,0.528595,1.028160,1,0,44.438,0,0,0,44.438,0
11.886,2.56327,0,0,2.19734,0.0880592,0.36288,3.6288,27.4568,1.1357,0,0,0.701101,0.177477,0,0.66528,12.849,1,0.84672,0.36288,0,43.4156,4.72752,38.2042,0.84672,12.849,0.84672,3695.15,0,0.0036966,7.47841e-05,0.528595,1.83877,3.00602,1.06491,4.3084,0.42336,0.0018483,0.21168,0.0018483,0.21168,460.486,0,0.416958,0,0,0.945553,0.528595,1.028160,1,0,42.5126,0,0,0,42.5126,0
10.9907,2.48144,0,0,2.03548,0.0864663,0.36288,3.6288,26.9003,1.03094,0,0,0.650722,0.176262,0,0.66528,12.849,1,0.84672,0.36288,0,39.6153,4.72752,34.4039,0.84672,12.849,0.84672,3695.15,0,0.0036966,6.93994e-05,0.402797,1.83874,2.95024,1.06491,4.1268,0.42336,0.0018483,0.21168,0.0018483,0.21168,460.486,0,0.484471,0,0,0.887268,0.402797,1.028160,1,0,38.5307,0,0,0,38.5307,0
9.66176,2.63923,0,0,1.74385,0.0706928,0.36288,3.6288,26.3124,1.07165,0,0,0.640561,0.156799,0,0.66528,12.849,1,0.84672,0.36288,0,33.7868,5.0841,28.2189,0.84672,12.849,0.84672,3695.15,0,0.0036966,7.36322e-05,0.402797,1.79463,2.39003,1.18748,3.39991,0.42336,0.0018483,0.21168,0.0018483,0.21168,460.486,0,0.525666,0,0,0.928463,0.402797,1.028160,1,0,31.6188,0,0,0,31.6188,0
8.21161,2.63911,0,0,1.61802,0.0661778,0.36288,3.6288,25.5568,1.16089,0,0,0.557923,0.15272,0,0.66528,12.849,1,0.84672,0.36288,0,29.64,5.14353,24.0127,0.84672,12.849,0.84672,3695.15,0,0.0036966,8.15463e-05,0.402797,1.88749,2.18625,1.2079,3.26855,0.42336,0.0018483,0.21168,0.0018483,0.21168,460.486,0,0.436389,0,0,0.839186,0.402797,1.028160,1,0,27.2812,0,0,0,27.2812,0
6.59908,2.63897,0,0,1.43999,0.05067,0.36288,3.6288,24.7251,1.19614,0,0,0.529565,0.165094,0,0.66528,12.849,1,0.84672,0.36288,0,26.2217,5.35773,20.3801,0.84672,12.849,0.84672,3695.15,0,0.0036966,8.65067e-05,0.402797,1.88746,2.12675,1.26263,3.15429,0.42336,0.0018483,0.21168,0.0018483,0.21168,460.486,0,0.401112,0,0,0.803909,0.402797,1.028160,1,0,23.5344,0,0,0,23.5344,0
4.92165,2.63877,0,0,1.36333,0.0391195,0.36288,3.6288,23.9169,1.142,0,0,0.507498,0.173688,0,0.66528,12.849,1,0.84672,0.36288,0,24.985,5.51838,18.9828,0.84672,12.849,0.84672,3695.15,0,0.0036966,8.53689e-05,0.30119,1.88743,2.10329,1.30368,2.98815,0.42336,0.0018483,0.21168,0.0018483,0.21168,460.486,0,0.455233,0,0,0.756423,0.30119,1.028160,1,0,21.9709,0,0,0,21.9709,0
3.10082,2.72406,0,0,1.30855,0.0424357,0.36288,3.6288,23.2082,1.08648,0,0,0.54951,0.171772,0,0.66528,12.849,1,0.84672,0.36288,0,27.1816,5.13102,21.5668,0.84672,12.849,0.84672,3695.15,0,0.0036966,8.39633e-05,0.30119,1.88741,2.29783,1.23394,3.25241,0.42336,0.0018483,0.21168,0.0018483,0.21168,460.486,0,0.549962,0,0,0.851152,0.30119,1.028160,1,0,24.8192,0,0,0,24.8192,0
1.42239,2.60662,0,0,1.33456,0.0434944,0.36288,3.6288,22.6819,0.946406,0,0,0.590266,0.170133,0,0.66528,12.849,1,0.84672,0.36288,0,27.9745,4.8405,22.6502,0.84672,12.849,0.84672,3695.15,0,0.0036966,7.53719e-05,0.30119,1.93374,2.54947,1.18163,3.60269,0.42336,0.0018483,0.21168,0.0018483,0.21168,460.486,0,0.695814,0,0,0.997004,0.30119,1.028160,1,0,26.2529,0,0,0,26.2529,0
0.87945,1.42239,0,0,1.28136,0.0390339,0.36288,3.6288,22.1384,0.936374,0,0,0.567464,0.174526,0,0.66528,12.849,1,0.84672,0.36288,0,26.2584,4.94909,20.8255,0.84672,12.849,0.84672,3695.15,0,0.0036966,7.63032e-05,0.30119,1.91628,2.58417,1.21838,3.58319,0.42336,0.0018483,0.21168,0.0018483,0.21168,460.486,0,0.705819,0,0,1.00701,0.30119,1.028160,1,0,24.4087,0,0,0,24.4087,0
0.735919,0.87945,0,0,1.12723,0.0284358,0.36288,3.6288,21.4486,1.02293,0,0,0.536979,0.203931,0,0.66528,12.849,1,0.84672,0.36288,0,24.8435,5.7362,18.6235,0.84672,12.849,0.84672,3695.15,0,0.0036966,8.54026e-05,0.261274,1.91626,2.48021,1.48917,3.16848,0.42336,0.0018483,0.21168,0.0018483,0.21168,460.486,0,0.619229,0,0,0.880502,0.261274,1.028160,1,0,21.792,0,0,0,21.792,0
0.67134,0.735919,0,0,1.06262,0.0283962,0.36288,3.6288,20.7953,0.973191,0,0,0.519008,0.199106,0,0.66528,12.849,1,0.84672,0.36288,0,22.5916,6.03111,16.0767,0.84672,12.849,0.84672,3695.15,0,0.0036966,8.38634e-05,0.261274,1.91623,2.39705,1.59712,2.97735,0.42336,0.0018483,0.21168,0.0018483,0.21168,460.486,0,0.668943,0,0,0.930217,0.261274,1.028160,1,0,19.054,0,0,0,19.054,0
0.583509,0.67134,0,0,0.974445,0.0280565,0.36288,3.6288,20.0555,1.06485,0,0,0.532294,0.207239,0,0.66528,12.849,1,0.84672,0.36288,0,20.0621,5.7666,13.8116,0.84672,12.849,0.84672,3695.15,0,0.0036966,9.46444e-05,0.261274,1.9162,2.11142,1.49034,2.79845,0.42336,0.0018483,0.21168,0.0018483,0.21168,460.486,0,0.61738,0,0,0.878653,0.261274,1.028160,1,0,16.6101,0,0,0,16.6101,0
0.521499,0.583509,0,0,0.912332,0.0279527,0.36288,3.6288,19.305,1.05858,0,0,0.513299,0.205169,0,0.66528,12.849,1,0.84672,0.36288,0,18.8192,5.7666,12.5688,0.84672,12.849,0.84672,3695.15,0,0.0036966,9.7558e-05,0.261274,1.96228,2.18389,1.49034,2.91701,0.42336,0.0018483,0.21168,0.0018483,0.21168,460.486,0,0.623618,0,0,0.884892,0.261274,1.028160,1,0,15.4858,0,0,0,15.4858,0
0.415897,0.521499,0,0,0.806656,0.0278794,0.36288,3.6288,18.435,1.15022,0,0,0.483211,0.20307,0,0.66528,12.849,1,0.84672,0.36288,0,17.7771,5.7666,11.5267,0.84672,12.849,0.84672,3695.15,0,0.0036966,0.000110124,0.261274,1.96225,2.04878,1.49034,2.78185,0.42336,0.0018483,0.21168,0.0018483,0.21168,460.486,0,0.531939,0,0,0.793212,0.261274,1.028160,1,0,14.3086,0,0,0,14.3086,0
0.341596,0.415897,0,0,0.728948,0.0244719,0.36288,3.6288,17.5693,1.13999,0,0,0.478437,0.204064,0,0.66528,12.849,1,0.84672,0.36288,0,16.8515,5.91615,10.4516,0.84672,12.849,0.84672,3695.15,0,0.0036966,0.000114296,0.227405,1.96222,2.04423,1.52022,2.71352,0.42336,0.0018483,0.21168,0.0018483,0.21168,460.486,0,0.542143,0,0,0.769548,0.227405,1.028160,1,0,13.1651,0,0,0,13.1651,0
0.183404,0.341596,0,0,0.57454,0.028256,0.36288,3.6288,16.5755,1.23255,0,0,0.440155,0.201421,0,0.66528,12.849,1,0.84672,0.36288,0,15.9494,5.47434,9.99117,0.84672,12.849,0.84672,3695.15,0,0.0036966,0.0018483,0.227405,1.96219,1.91837,1.50106,2.60505,0.42336,0.0018483,0.21168,0.0018483,0.21168,460.486,0,0.460892,0,0,0.688297,0.227405,1.028160,1,0,12.5962,0,0,0,12.5962,0
0.113465,0.183404,0,0,0.507313,0.0309682,0.36288,3.6288,15.4677,1.29927,0,0,0.389569,0.198082,0,0.66528,12.849,1,0.84672,0.36288,0,14.0281,5.22826,8.31597,0.84672,12.849,0.84672,3695.15,0,0.0036966,0.0018483,0.227405,2.1183,1.84561,1.50512,2.68434,0.42336,0.0018483,0.21168,0.0018483,0.21168,460.486,0,0.394165,0,0,0.62157,0.227405,1.028160,1,0,11.0003,0,0,0,11.0003,0
0.174514,0.113465,0,0,0.568269,0.0308751,0.36288,3.6288,14.3906,1.28197,0,0,0.399628,0.194815,0,0.66528,12.849,1,0.84672,0.36288,0,13.944,5.22826,8.2319,0.84672,12.849,0.84672,3695.15,0,0.0036966,0.0018483,0.227405,2.11826,1.97814,1.50512,2.81684,0.42336,0.0018483,0.21168,0.0018483,0.21168,460.486,0,0.411471,0,0,0.638876,0.227405,1.028160,1,0,11.0487,0,0,0,11.0487,0
0.508896,0.174514,0,0,0.909481,0.037705,0.36288,3.6288,13.5711,1.12171,0,0,0.491141,0.188963,0,0.66528,12.849,1,0.84672,0.36288,0,23.1653,5.10952,17.5719,0.84672,12.849,0.84672,3695.15,0,0.0036966,0.0018483,0.204422,2.11823,2.15634,1.49056,2.98659,0.42336,0.0018483,0.21168,0.0018483,0.21168,460.486,0,0.571735,0,0,0.776157,0.204422,1.028160,1,0,20.5585,0,0,0,20.5585,0
1.09693,0.508896,0,0,1.49792,0.0381043,0.36288,3.6288,13.1027,1.05181,0,0,0.760716,0.177249,0,0.66528,12.849,1,0.84672,0.36288,0,26.7907,4.84798,21.4588,0.84672,12.849,0.84672,3695.15,0,0.0036966,0.0018483,0.204422,2.1182,3.08234,1.45474,3.94837,0.42336,0.0018483,0.21168,0.0018483,0.21168,460.486,0,0.641632,0,0,0.846055,0.204422,1.028160,1,0,25.4072,0,0,0,25.4072,0
1.06036,1.09693,0,0,1.46102,0.0377808,0.36288,3.6288,13.5356,0.66528,0,0,1.26842,0.170222,0,0.66528,12.849,1,0.84672,0.36288,0,26.5957,4.35067,21.7612,0.84672,12.849,0.84672,3695.15,0,0.0036966,0.0018483,0.46948,2.11817,4.43527,1.42516,5.59591,0.42336,0.0018483,0.21168,0.0018483,0.21168,460.486,0,1.02816,0,0,1.49764,0.46948,1.028160,1,0,27.3571,0,0,0,27.3571,0
0.879559,1.06036,0,0,1.28016,0.0377236,0.36288,3.6288,13.3342,0.814113,0,0,0.784011,0.171379,0,0.66528,12.849,1,0.84672,0.36288,0,27.0031,4.35067,22.1686,0.84672,12.849,0.84672,3695.15,0,0.0036966,0.0018483,0.204422,2.02866,3.49658,1.42516,4.30266,0.42336,0.0018483,0.21168,0.0018483,0.21168,460.486,0,0.879327,0,0,1.08375,0.204422,1.028160,1,0,26.4713,0,0,0,26.4713,0
0.641058,0.879559,0,0,1.04138,0.0374409,0.36288,3.6288,12.7449,1.06377,0,0,0.645314,0.170841,0,0.66528,12.849,1,0.84672,0.36288,0,24.7967,4.35067,19.9622,0.84672,12.849,0.84672,3695.15,0,0.0036966,0.0018483,0.216518,2.02863,3.15933,1.42516,3.97747,0.42336,0.0018483,0.21168,0.0018483,0.21168,460.486,0,0.629666,0,0,0.846184,0.216518,1.028160,1,0,23.9397,0,0,0,23.9397,0
1.29406,0.641058,0,0,1.72055,0.063611,0.36288,3.6288,12.7553,0.834391,0,0,0.97721,0.132416,0,0.66528,12.849,1,0.84672,0.36288,0,35.3026,3.52016,31.2986,0.84672,12.849,0.84672,3695.15,0,0.0036966,0.0018483,0.216518,2.0286,4.18539,1.16557,5.26309,0.42336,0.0018483,0.21168,0.0018483,0.21168,460.486,0,0.859049,0,0,1.07557,0.216518,1.028160,1,0,36.5617,0,0,0,36.5617,0
0.920973,1.29406,0,0,1.32386,0.0400022,0.36288,3.6288,12.2146,0.976934,0,0,0.564824,0.128592,0,0.66528,12.849,1,0.84672,0.36288,0,20.6013,4.29066,15.8268,0.84672,12.849,0.84672,3695.15,0,0.0036966,0.000141563,0.216518,2.02857,2.94328,0.861236,4.32698,0.42336,0.0018483,0.21168,0.0018483,0.21168,460.486,0,0.681817,0,0,0.898335,0.216518,1.028160,1,0,20.1538,0,0,0,20.1538,0
1.29016,0.920973,0,0,1.73189,0.0788469,0.36288,3.6288,11.4433,1.09787,0,0,0.446773,0.120128,0,0.66528,12.849,1,0.84672,0.36288,0,28.543,4.40748,23.6517,0.84672,12.849,0.84672,3695.15,0,0.0036966,0.000166129,0.216518,1.94903,2.85645,1.01005,4.01178,0.42336,0.0018483,0.21168,0.0018483,0.21168,460.486,0,0.560831,0,0,0.777349,0.216518,1.028160,1,0,27.6635,0,0,0,27.6635,0
1.02878,1.29016,0,0,1.47172,0.0800604,0.36288,3.6288,10.9038,0.922213,0,0,0.501403,0.118716,0,0.66528,12.849,1,0.84672,0.36288,0,23.3326,4.40748,18.4413,0.84672,12.849,0.84672,3695.15,0,0.0036966,0.000148954,0.216518,1.94899,3.17493,1.01005,4.33025,0.42336,0.0018483,0.21168,0.0018483,0.21168,460.486,0,0.73648,0,0,0.952998,0.216518,1.028160,1,0,22.7715,0,0,0,22.7715,0
