0st_vol,0capacity,0net_inf,0st_rof,0lt_rof,0rest_demand,0unrest_demand,0unfulf_demand,0wastewater,0treat_capacity,0agg_price,0res_price,0gross_rev,0drought_cost,0cont_contrib,0debt_serv,0infra_npv,1st_vol,1capacity,1net_inf,1st_rof,1lt_rof,1rest_demand,1unrest_demand,1unfulf_demand,1wastewater,1treat_capacity,1agg_price,1res_price,1gross_rev,1drought_cost,1cont_contrib,1debt_serv,1infra_npv
85.1408,85.1408,7.9536,0,0,2.46977,2.46977,0,0,4.6872,4.29233e+06,2.93738e+06,1.06011e+07,0,0,0,0,62.338,61.3098,7.3956,0,0,1.12031,1.12031,0,0,1.90512,8.92034e+06,3.92621e+06,9.99351e+06,0,0,0,0
85.1408,85.1408,6.62366,0,0,2.47035,2.47035,0,0.462835,4.6872,4.29233e+06,2.93738e+06,1.06035e+07,0,0,0,0,62.338,61.3098,6.12883,0,0,1.12057,1.12057,0,0.865549,1.90512,8.92034e+06,3.92621e+06,9.99583e+06,0,0,0,0
85.1408,85.1408,5.44704,0,0,2.47092,2.47092,0,0.462943,4.6872,4.29233e+06,2.93738e+06,1.0606e+07,0,0,0,0,62.338,61.3098,4.71379,0,0,1.12083,1.12083,0,0.86575,1.90512,8.92034e+06,3.92621e+06,9.99815e+06,0,0,0,0
85.1408,85.1408,6.99695,0,0,2.4715,2.4715,0,0.463051,4.6872,4.29233e+06,2.93738e+06,1.06085e+07,0,0,0,0,62.338,61.3098,4.94924,0,0,1.12109,1.12109,0,0.865951,1.90512,8.92034e+06,3.92621e+06,1.00005e+07,0,0,0,0
85.1408,85.1408,5.7862,0,0,2.71319,2.71319,0,0.463158,4.6872,4.29233e+06,2.93738e+06,1.16459e+07,0,0,0,0,62.338,61.3098,4.51658,0,0,1.2532,1.2532,0,0.866152,1.90512,8.92034e+06,3.92621e+06,1.11789e+07,0,0,0,0
85.1408,85.1408,5.60171,0,0,2.71382,2.71382,0,0.508452,4.6872,4.29233e+06,2.93738e+06,1.16486e+07,0,0,0,0,62.338,61.3098,3.99704,0,0,1.25349,1.25349,0,0.968218,1.90512,8.92034e+06,3.92621e+06,1.11815e+07,0,0,0,0
85.1408,85.1408,6.27382,0,0,2.71445,2.71445,0,0.50857,4.6872,4.29233e+06,2.93738e+06,1.16513e+07,0,0,0,0,62.338,61.3098,4.50565,0,0,1.25378,1.25378,0,0.968444,1.90512,8.92034e+06,3.92621e+06,1.11841e+07,0,0,0,0
85.1408,85.1408,6.39339,0,0,2.71508,2.71508,0,0.508688,4.6872,4.29233e+06,2.93738e+06,1.1654e+07,0,0,0,0,62.338,61.3098,4.02419,0,0,1.25407,1.25407,0,0.968669,1.90512,8.92034e+06,3.92621e+06,1.11867e+07,0,0,0,0
85.1408,85.1408,7.26135,0,0,2.37148,2.37148,0,0.508807,4.6872,4.29233e+06,2.93738e+06,1.01792e+07,0,0,0,0,62.338,61.3098,6.44046,0,0,1.07726,1.07726,0,0.968894,1.90512,8.92034e+06,3.92621e+06,9.60949e+06,0,0,0,0
85.1408,85.1408,7.27541,0,0,2.37203,2.37203,0,0.444415,4.6872,4.29233e+06,2.93738e+06,1.01815e+07,0,0,0,0,62.338,61.3098,6.47669,0,0,1.07751,1.07751,0,0.832288,1.90512,8.92034e+06,3.92621e+06,9.61172e+06,0,0,0,0
85.1408,85.1408,7.27245,0,0,2.37258,2.37258,0,0.444519,4.6872,4.29233e+06,2.93738e+06,1.01839e+07,0,0,0,0,62.338,61.3098,6.34917,0,0,1.07776,1.07776,0,0.832482,1.90512,8.92034e+06,3.92621e+06,9.61396e+06,0,0,0,0
85.1408,85.1408,6.30123,0,0,2.37313,2.37313,0,0.444622,4.6872,4.29233e+06,2.93738e+06,1.01863e+07,0,0,0,0,62.338,61.3098,5.29,0,0,1.07801,1.07801,0,0.832675,1.90512,8.92034e+06,3.92621e+06,9.61619e+06,0,0,0,0
85.1408,85.1408,6.26151,0,0,2.37369,2.37369,0,0.444725,4.6872,4.29233e+06,2.93738e+06,1.01886e+07,0,0,0,0,62.338,61.3098,5.67591,0,0,1.07826,1.07826,0,0.832869,1.90512,8.92034e+06,3.92621e+06,9.61843e+06,0,0,0,0
85.1408,85.1408,5.23476,0,0,2.46099,2.46099,0,0.444829,4.6872,4.29233e+06,2.93738e+06,1.05634e+07,0,0,0,0,62.338,61.3098,4.03131,0,0,1.12189,1.12189,0,0.833063,1.90512,8.92034e+06,3.92621e+06,1.00076e+07,0,0,0,0
85.1408,85.1408,5.0265,0,0,2.46156,2.46156,0,0.461189,4.6872,4.29233e+06,2.93738e+06,1.05658e+07,0,0,0,0,62.338,61.3098,3.77512,0,0,1.12215,1.12215,0,0.866769,1.90512,8.92034e+06,3.92621e+06,1.00099e+07,0,0,0,0
85.1408,85.1408,6.00862,0,0,2.46213,2.46213,0,0.461296,4.6872,4.29233e+06,2.93738e+06,1.05683e+07,0,0,0,0,62.338,61.3098,3.40483,0,0,1.12241,1.12241,0,0.866971,1.90512,8.92034e+06,3.92621e+06,1.00123e+07,0,0,0,0
85.1408,85.1408,4.35468,0,0,2.46271,2.46271,0,0.461404,4.6872,4.29233e+06,2.93738e+06,1.05707e+07,0,0,0,0,62.338,61.3098,2.48052,0,0,1.12267,1.12267,0,0.867172,1.90512,8.92034e+06,3.92621e+06,1.00146e+07,0,0,0,0
85.1408,85.1408,4.15592,0,0,2.42933,2.42933,0,0.461511,4.6872,4.29233e+06,2.93738e+06,1.04275e+07,0,0,0,0,62.338,61.3098,3.14734,0,0,1.10607,1.10607,0,0.867374,1.90512,8.92034e+06,3.92621e+06,9.86649e+06,0,0,0,0
85.1408,85.1408,3.75252,0,0,2.42989,2.42989,0,0.455256,4.6872,4.29233e+06,2.93738e+06,1.04299e+07,0,0,0,0,62.338,61.3098,2.93111,0,0,1.10632,1.10632,0,0.854548,1.90512,8.92034e+06,3.92621e+06,9.86879e+06,0,0,0,0
85.1408,85.1408,3.44055,0,0,2.43046,2.43046,0,0.455362,4.6872,4.29233e+06,2.93738e+06,1.04323e+07,0,0,0,0,62.338,61.3098,2.69497,0,0,1.10658,1.10658,0,0.854746,1.90512,8.92034e+06,3.92621e+06,9.87108e+06,0,0,0,0
85.1408,85.1408,3.23996,0,0,2.43102,2.43102,0,0.455468,4.6872,4.29233e+06,2.93738e+06,1.04348e+07,0,0,0,0,62.338,61.3098,2.7386,0,0,1.10684,1.10684,0,0.854945,1.90512,8.92034e+06,3.92621e+06,9.87338e+06,0,0,0,0
85.1408,85.1408,3.05283,0,0,2.54694,2.54694,0,0.455574,4.6872,4.29233e+06,2.93738e+06,1.09323e+07,0,0,0,0,62.338,61.3098,2.89429,0,0,1.16695,1.16695,0,0.855144,1.90512,8.92034e+06,3.92621e+06,1.04096e+07,0,0,0,0
84.9967,85.1408,2.67386,0,0,2.54753,2.54753,0,0.477296,4.6872,4.29233e+06,2.93738e+06,1.09348e+07,0,0,0,0,62.338,61.3098,2.20766,0,0,1.16722,1.16722,0,0.901587,1.90512,8.92034e+06,3.92621e+06,1.0412e+07,0,0,0,0
84.8141,85.1408,2.62622,0,0,2.54812,2.54812,0,0.477407,4.6872,4.29233e+06,2.93738e+06,1.09374e+07,0,0,0,0,62.338,61.3098,2.23779,0,0,1.16749,1.16749,0,0.901797,1.90512,8.92034e+06,3.92621e+06,1.04144e+07,0,0,0,0
84.359,85.1408,2.35561,0,0,2.54871,2.54871,0,0.477518,4.6872,4.29233e+06,2.93738e+06,1.09399e+07,0,0,0,0,62.338,61.3098,2.27422,0,0,1.16777,1.16777,0,0.902007,1.90512,8.92034e+06,3.92621e+06,1.04169e+07,0,0,0,0
83.8022,85.1408,2.2465,0,0,2.54931,2.54931,0,0.477629,4.6872,4.29233e+06,2.93738e+06,1.09425e+07,0,0,0,0,62.181,61.3098,2.16164,0,0,1.16804,1.16804,0,0.902216,1.90512,8.92034e+06,3.92621e+06,1.04193e+07,0,0,0,0
83.1504,85.1408,2.08128,0,0,2.52706,2.52706,0,0.47774,4.6872,4.29233e+06,2.93738e+06,1.0847e+07,0,0,0,0,62.135,61.3098,1.72902,0,0,1.20125,1.20125,0,0.902426,1.90512,8.92034e+06,3.92621e+06,1.07155e+07,0,0,0,0
82.3183,85.1408,1.89564,0,0,2.52765,2.52765,0,0.473571,4.6872,4.29233e+06,2.93738e+06,1.08495e+07,0,0,0,0,61.9577,61.3098,1.64603,0,0,1.20152,1.20152,0,0.928082,1.90512,8.92034e+06,3.92621e+06,1.0718e+07,0,0,0,0
81.337,85.1408,1.72202,0,0,2.52824,2.52824,0,0.473681,4.6872,4.29233e+06,2.93738e+06,1.0852e+07,0,0,0,0,61.7541,61.3098,1.51074,0,0,1.2018,1.2018,0,0.928298,1.90512,8.92034e+06,3.92621e+06,1.07205e+07,0,0,0,0
80.3071,85.1408,1.62937,0,0,2.52882,2.52882,0,0.473792,4.6872,4.29233e+06,2.93738e+06,1.08545e+07,0,0,0,0,61.3766,61.3098,1.49273,0,0,1.20208,1.20208,0,0.928514,1.90512,8.92034e+06,3.92621e+06,1.0723e+07,0,0,0,0
79.0592,85.1408,1.44235,0,0,2.58844,2.58844,0,0.473902,4.6872,4.29233e+06,2.93738e+06,1.11105e+07,0,0,0,0,61.0513,61.3098,1.45365,0,0,1.23174,1.23174,0,0.92873,1.90512,8.92034e+06,3.92621e+06,1.09876e+07,0,0,0,0
77.7748,85.1408,1.42193,0,0,2.58905,2.58905,0,0.485074,4.6872,4.29233e+06,2.93738e+06,1.1113e+07,0,0,0,0,60.7061,61.3098,1.43542,0,0,1.23203,1.23203,0,0.951645,1.90512,8.92034e+06,3.92621e+06,1.09901e+07,0,0,0,0
76.4141,85.1408,1.31673,0,0,2.58965,2.58965,0,0.485187,4.6872,4.29233e+06,2.93738e+06,1.11156e+07,0,0,0,0,60.1821,61.3098,1.38484,0,0,1.23232,1.23232,0,0.951867,1.90512,8.92034e+06,3.92621e+06,1.09927e+07,0,0,0,0
74.9512,85.1408,1.19893,0,0,2.59025,2.59025,0,0.4853,4.6872,4.29233e+06,2.93738e+06,1.11182e+07,0,0,0,0,59.9834,61.3098,1.21641,0,0,1.2326,1.2326,0,0.952088,1.90512,8.92034e+06,3.92621e+06,1.09952e+07,0,0,0,0
73.547,85.1408,1.3936,0,0,2.76389,2.76389,0,0.485413,4.6872,4.29233e+06,2.93738e+06,1.18635e+07,0,0,0,0,59.6819,61.3098,1.67225,0,0,1.33904,1.33904,0,0.95231,1.90512,8.92034e+06,3.92621e+06,1.19447e+07,0,0,0,0
72.0473,85.1408,1.301,0,0,2.76453,2.76453,0,0.517952,4.6872,4.29233e+06,2.93738e+06,1.18663e+07,0,0,0,0,59.4943,61.3098,1.52331,0,0,1.33935,1.33935,0,1.03454,1.90512,8.92034e+06,3.92621e+06,1.19474e+07,0,0,0,0
70.6402,85.1408,1.38315,0,0,2.76517,2.76517,0,0.518073,4.6872,4.29233e+06,2.93738e+06,1.1869e+07,0,0,0,0,59.2812,61.3098,1.61559,0,0,1.33966,1.33966,0,1.03478,1.90512,8.92034e+06,3.92621e+06,1.19502e+07,0,0,0,0
69.4085,85.1408,1.54442,0,0,2.76582,2.76582,0,0.518193,4.6872,4.29233e+06,2.93738e+06,1.18718e+07,0,0,0,0,59.0205,61.3098,1.59972,0,0,1.33997,1.33997,0,1.03502,1.90512,8.92034e+06,3.92621e+06,1.1953e+07,0,0,0,0
67.7765,85.1408,1.14021,0,0,2.76646,2.76646,0,0.518314,4.6872,4.29233e+06,2.93738e+06,1.18746e+07,0,0,0,0,58.9023,61.3098,1.46438,0,0,1.34028,1.34028,0,1.03526,1.90512,8.92034e+06,3.92621e+06,1.19558e+07,0,0,0,0
66.8409,85.1408,1.79713,0,0,2.68267,2.68267,0,0.518434,4.6872,4.29233e+06,2.93738e+06,1.15149e+07,0,0,0,0,58.8266,61.3098,1.72769,0,0,1.27609,1.27609,0,1.0355,1.90512,8.92034e+06,3.92621e+06,1.13832e+07,0,0,0,0
65.8566,85.1408,1.77313,0,0,2.6833,2.6833,0,0.502733,4.6872,4.29233e+06,2.93738e+06,1.15176e+07,0,0,0,0,58.8936,61.3098,1.67288,0,0,1.27639,1.27639,0,0.98591,1.90512,8.92034e+06,3.92621e+06,1.13858e+07,0,0,0,0
65.016,85.1408,1.92885,0,0,2.68392,2.68392,0,0.50285,4.6872,4.29233e+06,2.93738e+06,1.15203e+07,0,0,0,0,59.3051,61.3098,2.74354,0,0,1.27669,1.27669,0,0.986139,1.90512,8.92034e+06,3.92621e+06,1.13885e+07,0,0,0,0
64.1258,85.1408,1.86727,0.01,0,2.68455,2.68455,0,0.502967,4.6872,4.29233e+06,2.93738e+06,1.1523e+07,0,0,0,0,59.717,61.3098,2.74996,0,0,1.27698,1.27698,0,0.986369,1.90512,8.92034e+06,3.92621e+06,1.13911e+07,0,0,0,0
63.1391,85.1408,1.65986,0.01,0,2.61581,2.61581,0,0.503084,4.6872,4.29233e+06,2.93738e+06,1.12279e+07,0,0,0,0,59.856,61.3098,1.96223,0,0,1.21851,1.21851,0,0.986598,1.90512,8.92034e+06,3.92621e+06,1.08696e+07,0,0,0,0
63.0019,85.1408,2.61831,0.01,0,2.61642,2.61642,0,0.490202,4.6872,4.29233e+06,2.93738e+06,1.12305e+07,0,0,0,0,59.6804,61.3098,1.67471,0,0,1.2188,1.2188,0,0.941424,1.90512,8.92034e+06,3.92621e+06,1.08721e+07,0,0,0,0
62.3596,85.1408,2.1028,0,0,2.61703,2.61703,0,0.490316,4.6872,4.29233e+06,2.93738e+06,1.12331e+07,0,0,0,0,59.6669,61.3098,1.42245,0,0,1.21908,1.21908,0,0.941643,1.90512,8.92034e+06,3.92621e+06,1.08746e+07,0,0,0,0
63.4729,85.1408,3.94006,0,0,2.61763,2.61763,0,0.490431,4.6872,4.29233e+06,2.93738e+06,1.12357e+07,0,0,0,0,60.3193,61.3098,4.22821,0,0,1.21936,1.21936,0,0.941862,1.90512,8.92034e+06,3.92621e+06,1.08771e+07,0,0,0,0
67.5523,85.1408,6.93138,0,0,2.42106,2.42106,0,0.490545,4.6872,4.29233e+06,2.93738e+06,1.0392e+07,0,0,0,0,61.9266,61.3098,5.22321,0,0,1.09714,1.09714,0,0.942081,1.90512,8.92034e+06,3.92621e+06,9.78685e+06,0,0,0,0
69.1616,85.1408,4.38574,0,0,2.42162,2.42162,0,0.453707,4.6872,4.29233e+06,2.93738e+06,1.03944e+07,0,0,0,0,62.338,61.3098,3.09492,0,0,1.09739,1.09739,0,0.847649,1.90512,8.92034e+06,3.92621e+06,9.78912e+06,0,0,0,0
71.1737,85.1408,4.91743,0,0,2.42219,2.42219,0,0.453812,4.6872,4.29233e+06,2.93738e+06,1.03968e+07,0,0,0,0,62.338,61.3098,3.03297,0,0,1.09765,1.09765,0,0.847847,1.90512,8.92034e+06,3.92621e+06,9.7914e+06,0,0,0,0
74.3027,85.1408,6.09345,0,0,2.42275,2.42275,0,0.453918,4.6872,4.29233e+06,2.93738e+06,1.03992e+07,0,0,0,0,62.338,61.3098,5.71956,0,0,1.0979,1.0979,0,0.848044,1.90512,8.92034e+06,3.92621e+06,9.79368e+06,0,0,0,0
79.4525,85.1408,8.29341,0,0,2.42331,2.42331,0,0.454023,4.6872,4.29233e+06,2.93738e+06,1.04017e+07,0,0,0,0,62.338,61.3098,7.17549,0,0,1.09816,1.09816,0,0.848241,1.90512,8.92034e+06,3.92621e+06,9.79596e+06,0,0,0,0
80.81,85.1408,4.44926,0,0,2.4998,2.4998,0,0.454129,4.6872,4.29233e+06,2.93738e+06,1.073e+07,0,0,0,0,62.338,61.3098,3.26903,0,0,1.13393,1.13393,0,0.848439,1.90512,8.92034e+06,3.92621e+06,1.0115e+07,0,0,0,0
81.5285,85.1408,3.75785,0,0,2.50037,2.50037,0,0.468463,4.6872,4.29233e+06,2.93738e+06,1.07324e+07,0,0,0,0,62.338,61.3098,2.76376,0,0,1.13418,1.13418,0,0.876073,1.90512,8.92034e+06,3.92621e+06,1.01173e+07,0,0,0,0
82.1539,85.1408,3.66026,0,0,2.50093,2.50093,0,0.468569,4.6872,4.29233e+06,2.93738e+06,1.07348e+07,0,0,0,0,62.338,61.3098,2.84468,0,0,1.13444,1.13444,0,0.876271,1.90512,8.92034e+06,3.92621e+06,1.01196e+07,0,0,0,0
82.8207,85.1408,3.80048,0,0,2.5015,2.5015,0,0.468675,4.6872,4.29233e+06,2.93738e+06,1.07372e+07,0,0,0,0,62.338,61.3098,2.67785,0,0,1.1347,1.1347,0,0.876468,1.90512,8.92034e+06,3.92621e+06,1.01219e+07,0,0,0,0
83.3328,85.1408,3.88821,0,0,2.7461,2.7461,0,0.46878,4.6872,4.29233e+06,2.93738e+06,1.17872e+07,0,0,0,0,62.338,61.3098,3.38674,0,0,1.2684,1.2684,0,0.876666,1.90512,8.92034e+06,3.92621e+06,1.13145e+07,0,0,0,0
84.5154,85.1408,4.6407,0,0,2.74672,2.74672,0,0.51462,4.6872,4.29233e+06,2.93738e+06,1.17898e+07,0,0,0,0,62.338,61.3098,4.1871,0,0,1.26868,1.26868,0,0.979964,1.90512,8.92034e+06,3.92621e+06,1.13171e+07,0,0,0,0
85.1408,85.1408,4.35657,0,0,2.74734,2.74734,0,0.514736,4.6872,4.29233e+06,2.93738e+06,1.17925e+07,0,0,0,0,62.338,61.3098,3.92661,0,0,1.26897,1.26897,0,0.980185,1.90512,8.92034e+06,3.92621e+06,1.13196e+07,0,0,0,0
85.1408,85.1408,4.70663,0,0,2.74796,2.74796,0,0.514852,4.6872,4.29233e+06,2.93738e+06,1.17952e+07,0,0,0,0,62.338,61.3098,3.67087,0,0,1.26926,1.26926,0,0.980407,1.90512,8.92034e+06,3.92621e+06,1.13222e+07,0,0,0,0
85.1408,85.1408,7.70318,0,0,2.40018,2.40018,0,0.514968,4.6872,4.29233e+06,2.93738e+06,1.03024e+07,0,0,0,0,62.338,61.3098,5.06893,0,0,1.09029,1.09029,0,0.980628,1.90512,8.92034e+06,3.92621e+06,9.7258e+06,0,0,0,0
85.1408,85.1408,7.99311,0,0,2.40072,2.40072,0,0.449794,4.6872,4.29233e+06,2.93738e+06,1.03047e+07,0,0,0,0,62.338,61.3098,5.37898,0,0,1.09054,1.09054,0,0.842362,1.90512,8.92034e+06,3.92621e+06,9.72799e+06,0,0,0,0
85.1408,85.1408,6.82727,0,0,2.40127,2.40127,0,0.449896,4.6872,4.29233e+06,2.93738e+06,1.0307e+07,0,0,0,0,62.338,61.3098,4.20543,0,0,1.09079,1.09079,0,0.842552,1.90512,8.92034e+06,3.92621e+06,9.73018e+06,0,0,0,0
85.1408,85.1408,5.91939,0,0,2.40181,2.40181,0,0.449997,4.6872,4.29233e+06,2.93738e+06,1.03094e+07,0,0,0,0,62.338,61.3098,3.76883,0,0,1.09103,1.09103,0,0.842742,1.90512,8.92034e+06,3.92621e+06,9.73238e+06,0,0,0,0
85.1408,85.1408,5.37813,0,0,2.40235,2.40235,0,0.450099,4.6872,4.29233e+06,2.93738e+06,1.03117e+07,0,0,0,0,62.338,61.3098,3.35441,0,0,1.09128,1.09128,0,0.842932,1.90512,8.92034e+06,3.92621e+06,9.73458e+06,0,0,0,0
85.1408,85.1408,6.70307,0,0,2.49069,2.49069,0,0.4502,4.6872,4.29233e+06,2.93738e+06,1.06909e+07,0,0,0,0,62.338,61.3098,7.71138,0,0,1.13543,1.13543,0,0.843122,1.90512,8.92034e+06,3.92621e+06,1.01284e+07,0,0,0,0
85.1408,85.1408,6.61407,0,0,2.49125,2.49125,0,0.466755,4.6872,4.29233e+06,2.93738e+06,1.06933e+07,0,0,0,0,62.338,61.3098,5.36266,0,0,1.13568,1.13568,0,0.87723,1.90512,8.92034e+06,3.92621e+06,1.01307e+07,0,0,0,0
85.1408,85.1408,4.02953,0,0,2.49181,2.49181,0,0.46686,4.6872,4.29233e+06,2.93738e+06,1.06957e+07,0,0,0,0,62.338,61.3098,3.75918,0,0,1.13594,1.13594,0,0.877428,1.90512,8.92034e+06,3.92621e+06,1.01329e+07,0,0,0,0
85.1408,85.1408,3.37004,0,0,2.49237,2.49237,0,0.466966,4.6872,4.29233e+06,2.93738e+06,1.06981e+07,0,0,0,0,62.338,61.3098,3.49145,0,0,1.13619,1.13619,0,0.877626,1.90512,8.92034e+06,3.92621e+06,1.01352e+07,0,0,0,0
85.1408,85.1408,3.38735,0,0,2.45858,2.45858,0,0.467071,4.6872,4.29233e+06,2.93738e+06,1.0553e+07,0,0,0,0,62.338,61.3098,4.07453,0,0,1.11938,1.11938,0,0.877823,1.90512,8.92034e+06,3.92621e+06,9.98529e+06,0,0,0,0
85.1408,85.1408,3.22819,0,0,2.45913,2.45913,0,0.460737,4.6872,4.29233e+06,2.93738e+06,1.05554e+07,0,0,0,0,62.338,61.3098,4.11911,0,0,1.11964,1.11964,0,0.864836,1.90512,8.92034e+06,3.92621e+06,9.98754e+06,0,0,0,0
85.1408,85.1408,3.63147,0,0,2.45969,2.45969,0,0.460841,4.6872,4.29233e+06,2.93738e+06,1.05578e+07,0,0,0,0,62.338,61.3098,3.70004,0,0,1.11989,1.11989,0,0.865032,1.90512,8.92034e+06,3.92621e+06,9.98979e+06,0,0,0,0
85.1408,85.1408,3.07616,0,0,2.46024,2.46024,0,0.460945,4.6872,4.29233e+06,2.93738e+06,1.05602e+07,0,0,0,0,62.338,61.3098,3.77102,0,0,1.12014,1.12014,0,0.865227,1.90512,8.92034e+06,3.92621e+06,9.99205e+06,0,0,0,0
84.8375,85.1408,2.57819,0,0,2.57753,2.57753,0,0.461049,4.6872,4.29233e+06,2.93738e+06,1.10636e+07,0,0,0,0,62.338,61.3098,3.15213,0,0,1.18097,1.18097,0,0.865422,1.90512,8.92034e+06,3.92621e+06,1.05346e+07,0,0,0,0
84.1271,85.1408,2.1859,0,0,2.57811,2.57811,0,0.483029,4.6872,4.29233e+06,2.93738e+06,1.10661e+07,0,0,0,0,62.338,61.3098,2.42269,0,0,1.18124,1.18124,0,0.912417,1.90512,8.92034e+06,3.92621e+06,1.0537e+07,0,0,0,0
83.3399,85.1408,2.09426,0,0,2.57869,2.57869,0,0.483138,4.6872,4.29233e+06,2.93738e+06,1.10686e+07,0,0,0,0,62.338,61.3098,2.42129,0,0,1.1815,1.1815,0,0.912623,1.90512,8.92034e+06,3.92621e+06,1.05394e+07,0,0,0,0
82.4527,85.1408,1.98877,0,0,2.57927,2.57927,0,0.483247,4.6872,4.29233e+06,2.93738e+06,1.10711e+07,0,0,0,0,62.338,61.3098,2.55059,0,0,1.18177,1.18177,0,0.912829,1.90512,8.92034e+06,3.92621e+06,1.05418e+07,0,0,0,0
81.4197,85.1408,1.84572,0,0,2.57986,2.57986,0,0.483356,4.6872,4.29233e+06,2.93738e+06,1.10736e+07,0,0,0,0,62.0289,61.3098,2.46159,0,0,1.18204,1.18204,0,0.913035,1.90512,8.92034e+06,3.92621e+06,1.05442e+07,0,0,0,0
80.6046,85.1408,1.95888,0,0,2.55733,2.55733,0,0.483465,4.6872,4.29233e+06,2.93738e+06,1.09769e+07,0,0,0,0,61.7652,61.3098,1.46753,0,0,1.21563,1.21563,0,0.913241,1.90512,8.92034e+06,3.92621e+06,1.08439e+07,0,0,0,0
79.6444,85.1408,1.80747,0,0,2.5579,2.5579,0,0.479243,4.6872,4.29233e+06,2.93738e+06,1.09794e+07,0,0,0,0,61.3526,61.3098,1.45511,0,0,1.21591,1.21591,0,0.939198,1.90512,8.92034e+06,3.92621e+06,1.08463e+07,0,0,0,0
78.5374,85.1408,1.65073,0,0,2.55848,2.55848,0,0.479351,4.6872,4.29233e+06,2.93738e+06,1.09818e+07,0,0,0,0,60.9077,61.3098,1.29068,0,0,1.21618,1.21618,0,0.93941,1.90512,8.92034e+06,3.92621e+06,1.08487e+07,0,0,0,0
77.3262,85.1408,1.51439,0,0,2.55906,2.55906,0,0.47946,4.6872,4.29233e+06,2.93738e+06,1.09843e+07,0,0,0,0,60.3769,61.3098,1.26788,0,0,1.21646,1.21646,0,0.939622,1.90512,8.92034e+06,3.92621e+06,1.08512e+07,0,0,0,0
76.0767,85.1408,1.4944,0,0,2.61937,2.61937,0,0.479568,4.6872,4.29233e+06,2.93738e+06,1.12432e+07,0,0,0,0,59.7443,61.3098,1.18611,0,0,1.24646,1.24646,0,0.939834,1.90512,8.92034e+06,3.92621e+06,1.11189e+07,0,0,0,0
74.7863,85.1408,1.44512,0,0,2.61996,2.61996,0,0.490871,4.6872,4.29233e+06,2.93738e+06,1.12458e+07,0,0,0,0,59.0603,61.3098,1.15642,0,0,1.24674,1.24674,0,0.963017,1.90512,8.92034e+06,3.92621e+06,1.11214e+07,0,0,0,0
73.3302,85.1408,1.26649,0,0,2.62056,2.62056,0,0.490981,4.6872,4.29233e+06,2.93738e+06,1.12483e+07,0,0,0,0,58.3254,61.3098,1.06036,0,0,1.24702,1.24702,0,0.963234,1.90512,8.92034e+06,3.92621e+06,1.11239e+07,0,0,0,0
71.796,85.1408,1.16971,0,0,2.62115,2.62115,0,0.491092,4.6872,4.29233e+06,2.93738e+06,1.12508e+07,0,0,0,0,57.5781,61.3098,1.02156,0,0,1.24731,1.24731,0,0.963451,1.90512,8.92034e+06,3.92621e+06,1.11264e+07,0,0,0,0
69.9129,85.1408,0.938806,0,0,2.79683,2.79683,0,0.491203,4.6872,4.29233e+06,2.93738e+06,1.20049e+07,0,0,0,0,56.6402,61.3098,1.00796,0,0,1.355,1.355,0,0.963669,1.90512,8.92034e+06,3.92621e+06,1.20871e+07,0,0,0,0
67.8678,85.1408,0.74714,0,0,2.79746,2.79746,0,0.524127,4.6872,4.29233e+06,2.93738e+06,1.20076e+07,0,0,0,0,55.7191,61.3098,0.875347,0,0,1.35531,1.35531,0,1.04687,1.90512,8.92034e+06,3.92621e+06,1.20898e+07,0,0,0,0
65.9759,85.1408,0.885352,0,0,2.7981,2.7981,0,0.524245,4.6872,4.29233e+06,2.93738e+06,1.20104e+07,0,0,0,0,54.9324,61.3098,0.94795,0,0,1.35561,1.35561,0,1.04711,1.90512,8.92034e+06,3.92621e+06,1.20925e+07,0,0,0,0
64.6671,85.1408,1.51114,0,0,2.79873,2.79873,0,0.524363,4.6872,4.29233e+06,2.93738e+06,1.20131e+07,0,0,0,0,54.1787,61.3098,1.13354,0,0,1.35592,1.35592,0,1.04735,1.90512,8.92034e+06,3.92621e+06,1.20952e+07,0,0,0,0
63.328,85.1408,1.48016,0.01,0,2.79936,2.79936,0,0.524482,4.6872,4.29233e+06,2.93738e+06,1.20158e+07,0,0,0,0,53.4006,61.3098,1.10102,0,0,1.35622,1.35622,0,1.04758,1.90512,8.92034e+06,3.92621e+06,1.2098e+07,0,0,0,0
61.767,85.1408,1.11751,0.01,0,2.71456,2.71456,0,0.5246,4.6872,4.29233e+06,2.93738e+06,1.16518e+07,0,0,0,0,52.4772,61.3098,0.902469,0,0,1.29126,1.29126,0,1.04782,1.90512,8.92034e+06,3.92621e+06,1.15185e+07,0,0,0,0
60.0861,85.1408,1.06266,0,0,2.71517,2.71517,0,0.508709,4.6872,4.29233e+06,2.93738e+06,1.16544e+07,0,0,0,0,51.7933,61.3098,0.926,0,0,1.29155,1.29155,0,0.997628,1.90512,8.92034e+06,3.92621e+06,1.15211e+07,0,0,0,0
58.5431,85.1408,1.21224,0,0,2.71579,2.71579,0,0.508823,4.6872,4.29233e+06,2.93738e+06,1.1657e+07,0,0,0,0,51.1539,61.3098,1.16691,0,0,1.29184,1.29184,0,0.997853,1.90512,8.92034e+06,3.92621e+06,1.15237e+07,0,0,0,0
56.9694,85.1408,1.18354,0.02,0,2.7164,2.7164,0,0.508938,4.6872,4.29233e+06,2.93738e+06,1.16597e+07,0,0,0,0,50.4969,61.3098,1.13698,0,0,1.29214,1.29214,0,0.998078,1.90512,8.92034e+06,3.92621e+06,1.15263e+07,0,0,0,0
55.3667,85.1408,1.11602,0.02,0,2.64683,2.64683,0,0.509053,4.6872,4.29233e+06,2.93738e+06,1.1361e+07,0,0,0,0,50.3296,61.3098,1.17016,0,0,1.23296,1.23296,0,0.998304,1.90512,8.92034e+06,3.92621e+06,1.09984e+07,0,0,0,0
54.4841,85.1408,1.86553,0.02,0,2.64742,2.64742,0,0.496015,4.6872,4.29233e+06,2.93738e+06,1.13636e+07,0,0,0,0,50.6507,61.3098,2.42726,0,0,1.23324,1.23324,0,0.952587,1.90512,8.92034e+06,3.92621e+06,1.10009e+07,0,0,0,0
52.9362,85.1408,1.14175,0.02,0,2.64802,2.64802,0,0.496127,4.6872,4.29233e+06,2.93738e+06,1.13662e+07,0,0,0,0,50.8495,61.3098,2.16068,0,0,1.23352,1.23352,0,0.952802,1.90512,8.92034e+06,3.92621e+06,1.10034e+07,0,0,0,0
52.119,85.1408,1.99194,0.01,0,2.64862,2.64862,0,0.496239,4.6872,4.29233e+06,2.93738e+06,1.13687e+07,0,0,0,0,50.9938,61.3098,2.01206,0,0,1.2338,1.2338,0,0.953017,1.90512,8.92034e+06,3.92621e+06,1.10059e+07,0,0,0,0
53.127,85.1408,3.7406,0.01,0,2.4497,2.4497,0,0.496351,4.6872,4.29233e+06,2.93738e+06,1.05149e+07,0,0,0,0,51.2915,61.3098,2.60308,0,0,1.11012,1.11012,0,0.953232,1.90512,8.92034e+06,3.92621e+06,9.90262e+06,0,0,0,0
53.4077,85.1408,2.91917,0.01,0,2.45025,2.45025,0,0.459074,4.6872,4.29233e+06,2.93738e+06,1.05173e+07,0,0,0,0,51.8563,61.3098,2.81075,0,0,1.11037,1.11037,0,0.857677,1.90512,8.92034e+06,3.92621e+06,9.90486e+06,0,0,0,0
53.6925,85.1408,3.01772,0.01,0,2.45081,2.45081,0,0.459177,4.6872,4.29233e+06,2.93738e+06,1.05197e+07,0,0,0,0,52.3408,61.3098,3.46378,0,0,1.11062,1.11062,0,0.85787,1.90512,8.92034e+06,3.92621e+06,9.90709e+06,0,0,0,0
52.9104,85.1408,1.83972,0.01,0,2.45136,2.45136,0,0.459281,4.6872,4.29233e+06,2.93738e+06,1.0522e+07,0,0,0,0,52.4098,61.3098,2.05033,0,0,1.11087,1.11087,0,0.858064,1.90512,8.92034e+06,3.92621e+06,9.90933e+06,0,0,0,0
52.156,85.1408,1.85427,0.01,0,2.45191,2.45191,0,0.459385,4.6872,4.29233e+06,2.93738e+06,1.05244e+07,0,0,0,0,52.4907,61.3098,1.68174,0,0,1.11112,1.11112,0,0.858258,1.90512,8.92034e+06,3.92621e+06,9.91157e+06,0,0,0,0
54.9603,85.1408,5.6965,0.01,0,2.52929,2.52929,0,0.459488,4.6872,4.29233e+06,2.93738e+06,1.08565e+07,0,0,0,0,53.4899,61.3098,5.19489,0,0,1.1473,1.1473,0,0.858451,1.90512,8.92034e+06,3.92621e+06,1.02343e+07,0,0,0,0
57.8821,85.1408,5.9274,0.01,0,2.52984,2.52984,0,0.473988,4.6872,4.29233e+06,2.93738e+06,1.08589e+07,0,0,0,0,54.3407,61.3098,5.5594,0,0,1.14755,1.14755,0,0.886406,1.90512,8.92034e+06,3.92621e+06,1.02366e+07,0,0,0,0
60.0963,85.1408,5.14441,0.01,0,2.53039,2.53039,0,0.474092,4.6872,4.29233e+06,2.93738e+06,1.08613e+07,0,0,0,0,55.0589,61.3098,4.66451,0,0,1.1478,1.1478,0,0.886599,1.90512,8.92034e+06,3.92621e+06,1.02388e+07,0,0,0,0
62.737,85.1408,5.65203,0,0,2.53094,2.53094,0,0.474195,4.6872,4.29233e+06,2.93738e+06,1.08636e+07,0,0,0,0,55.571,61.3098,4.08185,0,0,1.14805,1.14805,0,0.886793,1.90512,8.92034e+06,3.92621e+06,1.0241e+07,0,0,0,0
64.0706,85.1408,4.55841,0,0,2.77841,2.77841,0,0.474299,4.6872,4.29233e+06,2.93738e+06,1.19259e+07,0,0,0,0,55.9093,61.3098,3.75554,0,0,1.28332,1.28332,0,0.886986,1.90512,8.92034e+06,3.92621e+06,1.14477e+07,0,0,0,0
65.259,85.1408,4.33162,0,0,2.77902,2.77902,0,0.520675,4.6872,4.29233e+06,2.93738e+06,1.19285e+07,0,0,0,0,56.302,61.3098,3.47193,0,0,1.2836,1.2836,0,0.991494,1.90512,8.92034e+06,3.92621e+06,1.14502e+07,0,0,0,0
65.7906,85.1408,3.73312,0,0,2.77963,2.77963,0,0.520788,4.6872,4.29233e+06,2.93738e+06,1.19311e+07,0,0,0,0,56.7795,61.3098,3.9078,0,0,1.28388,1.28388,0,0.99171,1.90512,8.92034e+06,3.92621e+06,1.14527e+07,0,0,0,0
67.7869,85.1408,5.23997,0.01,0,2.78023,2.78023,0,0.520902,4.6872,4.29233e+06,2.93738e+06,1.19337e+07,0,0,0,0,57.2641,61.3098,3.83842,0,0,1.28416,1.28416,0,0.991927,1.90512,8.92034e+06,3.92621e+06,1.14552e+07,0,0,0,0
70.4381,85.1408,5.73858,0.01,0,2.42835,2.42835,0,0.521016,4.6872,4.29233e+06,2.93738e+06,1.04233e+07,0,0,0,0,58.4393,61.3098,4.66448,0,0,1.10309,1.10309,0,0.992143,1.90512,8.92034e+06,3.92621e+06,9.83994e+06,0,0,0,0
71.4862,85.1408,4.10317,0,0,2.42888,2.42888,0,0.455073,4.6872,4.29233e+06,2.93738e+06,1.04256e+07,0,0,0,0,59.9739,61.3098,4.98437,0,0,1.10333,1.10333,0,0.852248,1.90512,8.92034e+06,3.92621e+06,9.84208e+06,0,0,0,0
73.8472,85.1408,5.36727,0,0,2.42941,2.42941,0,0.455172,4.6872,4.29233e+06,2.93738e+06,1.04278e+07,0,0,0,0,61.5649,61.3098,5.7195,0,0,1.10357,1.10357,0,0.852434,1.90512,8.92034e+06,3.92621e+06,9.84423e+06,0,0,0,0
75.6422,85.1408,4.81694,0,0,2.42994,2.42994,0,0.455272,4.6872,4.29233e+06,2.93738e+06,1.04301e+07,0,0,0,0,62.338,61.3098,3.95186,0,0,1.10381,1.10381,0,0.85262,1.90512,8.92034e+06,3.92621e+06,9.84638e+06,0,0,0,0
77.1441,85.1408,4.54413,0,0,2.43047,2.43047,0,0.455371,4.6872,4.29233e+06,2.93738e+06,1.04324e+07,0,0,0,0,62.338,61.3098,5.08716,0,0,1.10405,1.10405,0,0.852806,1.90512,8.92034e+06,3.92621e+06,9.84853e+06,0,0,0,0
80.6438,85.1408,6.78371,0,0,2.51983,2.51983,0,0.455471,4.6872,4.29233e+06,2.93738e+06,1.08159e+07,0,0,0,0,62.338,61.3098,9.41459,0,0,1.14871,1.14871,0,0.852992,1.90512,8.92034e+06,3.92621e+06,1.02469e+07,0,0,0,0
82.2487,85.1408,4.82023,0,0,2.52038,2.52038,0,0.472216,4.6872,4.29233e+06,2.93738e+06,1.08183e+07,0,0,0,0,62.338,61.3098,5.93918,0,0,1.14896,1.14896,0,0.887493,1.90512,8.92034e+06,3.92621e+06,1.02491e+07,0,0,0,0
83.3563,85.1408,4.32369,0,0,2.52093,2.52093,0,0.472319,4.6872,4.29233e+06,2.93738e+06,1.08207e+07,0,0,0,0,62.338,61.3098,5.04908,0,0,1.14921,1.14921,0,0.887686,1.90512,8.92034e+06,3.92621e+06,1.02513e+07,0,0,0,0
84.2442,85.1408,3.96902,0,0,2.52148,2.52148,0,0.472422,4.6872,4.29233e+06,2.93738e+06,1.0823e+07,0,0,0,0,62.338,61.3098,5.74621,0,0,1.14946,1.14946,0,0.88788,1.90512,8.92034e+06,3.92621e+06,1.02536e+07,0,0,0,0
85.1096,85.1408,3.86976,0,0,2.48727,2.48727,0,0.472525,4.6872,4.29233e+06,2.93738e+06,1.06762e+07,0,0,0,0,62.338,61.3098,4.54699,0,0,1.13245,1.13245,0,0.888074,1.90512,8.92034e+06,3.92621e+06,1.01018e+07,0,0,0,0
85.1408,85.1408,3.65965,0,0,2.48781,2.48781,0,0.466114,4.6872,4.29233e+06,2.93738e+06,1.06785e+07,0,0,0,0,62.338,61.3098,3.8378,0,0,1.1327,1.1327,0,0.874929,1.90512,8.92034e+06,3.92621e+06,1.0104e+07,0,0,0,0
85.1408,85.1408,2.9815,0,0,2.48836,2.48836,0,0.466216,4.6872,4.29233e+06,2.93738e+06,1.06808e+07,0,0,0,0,62.338,61.3098,3.47064,0,0,1.13294,1.13294,0,0.87512,1.90512,8.92034e+06,3.92621e+06,1.01062e+07,0,0,0,0
84.9047,85.1408,2.67336,0,0,2.4889,2.4889,0,0.466318,4.6872,4.29233e+06,2.93738e+06,1.06832e+07,0,0,0,0,62.338,61.3098,2.6983,0,0,1.13319,1.13319,0,0.875312,1.90512,8.92034e+06,3.92621e+06,1.01084e+07,0,0,0,0
85.0718,85.1408,3.18794,0,0,2.60753,2.60753,0,0.46642,4.6872,4.29233e+06,2.93738e+06,1.11924e+07,0,0,0,0,62.338,61.3098,2.96451,0,0,1.19472,1.19472,0,0.875503,1.90512,8.92034e+06,3.92621e+06,1.06573e+07,0,0,0,0
84.6388,85.1408,2.45614,0,0,2.6081,2.6081,0,0.488652,4.6872,4.29233e+06,2.93738e+06,1.11948e+07,0,0,0,0,62.338,61.3098,3.04001,0,0,1.19498,1.19498,0,0.923039,1.90512,8.92034e+06,3.92621e+06,1.06596e+07,0,0,0,0
84.0131,85.1408,2.25041,0,0,2.60867,2.60867,0,0.488759,4.6872,4.29233e+06,2.93738e+06,1.11973e+07,0,0,0,0,62.338,61.3098,2.81199,0,0,1.19524,1.19524,0,0.92324,1.90512,8.92034e+06,3.92621e+06,1.06619e+07,0,0,0,0
83.2847,85.1408,2.12899,0,0,2.60924,2.60924,0,0.488866,4.6872,4.29233e+06,2.93738e+06,1.11997e+07,0,0,0,0,62.338,61.3098,2.52517,0,0,1.1955,1.1955,0,0.923442,1.90512,8.92034e+06,3.92621e+06,1.06643e+07,0,0,0,0
82.4105,85.1408,1.92627,0,0,2.60981,2.60981,0,0.488972,4.6872,4.29233e+06,2.93738e+06,1.12022e+07,0,0,0,0,62.338,61.3098,2.43319,0,0,1.19576,1.19576,0,0.923644,1.90512,8.92034e+06,3.92621e+06,1.06666e+07,0,0,0,0
82.3423,85.1408,2.72186,0,0,2.587,2.587,0,0.489079,4.6872,4.29233e+06,2.93738e+06,1.11043e+07,0,0,0,0,62.338,61.3098,3.34054,0,0,1.22974,1.22974,0,0.923845,1.90512,8.92034e+06,3.92621e+06,1.09697e+07,0,0,0,0
82.2699,85.1408,2.72417,0,0,2.58757,2.58757,0,0.484805,4.6872,4.29233e+06,2.93738e+06,1.11067e+07,0,0,0,0,62.338,61.3098,3.25667,0,0,1.23001,1.23001,0,0.950097,1.90512,8.92034e+06,3.92621e+06,1.09721e+07,0,0,0,0
81.968,85.1408,2.4911,0,0,2.58813,2.58813,0,0.484911,4.6872,4.29233e+06,2.93738e+06,1.11091e+07,0,0,0,0,62.338,61.3098,3.27988,0,0,1.23028,1.23028,0,0.950304,1.90512,8.92034e+06,3.92621e+06,1.09745e+07,0,0,0,0
81.436,85.1408,2.24893,0,0,2.5887,2.5887,0,0.485016,4.6872,4.29233e+06,2.93738e+06,1.11116e+07,0,0,0,0,62.338,61.3098,2.91209,0,0,1.23055,1.23055,0,0.950512,1.90512,8.92034e+06,3.92621e+06,1.09769e+07,0,0,0,0
80.6499,85.1408,2.01613,0,0,2.64969,2.64969,0,0.485122,4.6872,4.29233e+06,2.93738e+06,1.13734e+07,0,0,0,0,62.338,61.3098,2.63619,0,0,1.26089,1.26089,0,0.95072,1.90512,8.92034e+06,3.92621e+06,1.12476e+07,0,0,0,0
79.9079,85.1408,2.03366,0,0,2.65027,2.65027,0,0.496553,4.6872,4.29233e+06,2.93738e+06,1.13758e+07,0,0,0,0,62.338,61.3098,2.7697,0,0,1.26117,1.26117,0,0.974164,1.90512,8.92034e+06,3.92621e+06,1.125e+07,0,0,0,0
79.1228,85.1408,1.98653,0,0,2.65085,2.65085,0,0.496661,4.6872,4.29233e+06,2.93738e+06,1.13783e+07,0,0,0,0,62.338,61.3098,2.88116,0,0,1.26144,1.26144,0,0.974377,1.90512,8.92034e+06,3.92621e+06,1.12525e+07,0,0,0,0
78.2219,85.1408,1.85493,0,0,2.65143,2.65143,0,0.49677,4.6872,4.29233e+06,2.93738e+06,1.13808e+07,0,0,0,0,62.338,61.3098,2.73412,0,0,1.26172,1.26172,0,0.974589,1.90512,8.92034e+06,3.92621e+06,1.12549e+07,0,0,0,0
77.0349,85.1408,1.7025,0,0,2.82913,2.82913,0,0.496878,4.6872,4.29233e+06,2.93738e+06,1.21435e+07,0,0,0,0,62.338,61.3098,2.55857,0,0,1.37064,1.37064,0,0.974802,1.90512,8.92034e+06,3.92621e+06,1.22266e+07,0,0,0,0
75.655,85.1408,1.47834,0,0,2.82974,2.82974,0,0.530178,4.6872,4.29233e+06,2.93738e+06,1.21462e+07,0,0,0,0,62.287,61.3098,2.46806,0,0,1.37094,1.37094,0,1.05896,1.90512,8.92034e+06,3.92621e+06,1.22293e+07,0,0,0,0
74.2088,85.1408,1.39373,0,0,2.83036,2.83036,0,0.530294,4.6872,4.29233e+06,2.93738e+06,1.21489e+07,0,0,0,0,62.1867,61.3098,2.30306,0,0,1.37124,1.37124,0,1.05919,1.90512,8.92034e+06,3.92621e+06,1.2232e+07,0,0,0,0
73.27,85.1408,1.89812,0,0,2.83098,2.83098,0,0.53041,4.6872,4.29233e+06,2.93738e+06,1.21515e+07,0,0,0,0,62.1467,61.3098,2.59824,0,0,1.37154,1.37154,0,1.05942,1.90512,8.92034e+06,3.92621e+06,1.22346e+07,0,0,0,0
73.1351,85.1408,2.78317,0,0,2.8316,2.8316,0,0.530526,4.6872,4.29233e+06,2.93738e+06,1.21542e+07,0,0,0,0,62.3199,61.3098,3.05134,0,0,1.37184,1.37184,0,1.05965,1.90512,8.92034e+06,3.92621e+06,1.22373e+07,0,0,0,0
72.1036,85.1408,1.74584,0,0,2.7458,2.7458,0,0.530642,4.6872,4.29233e+06,2.93738e+06,1.17859e+07,0,0,0,0,62.2744,61.3098,2.16453,0,0,1.30612,1.30612,0,1.05989,1.90512,8.92034e+06,3.92621e+06,1.16511e+07,0,0,0,0
70.6148,85.1408,1.2736,0,0,2.7464,2.7464,0,0.514564,4.6872,4.29233e+06,2.93738e+06,1.17885e+07,0,0,0,0,62.138,61.3098,1.82479,0,0,1.30641,1.30641,0,1.00911,1.90512,8.92034e+06,3.92621e+06,1.16536e+07,0,0,0,0
69.6087,85.1408,1.7778,0,0,2.747,2.747,0,0.514676,4.6872,4.29233e+06,2.93738e+06,1.1791e+07,0,0,0,0,62.064,61.3098,2.04187,0,0,1.30669,1.30669,0,1.00933,1.90512,8.92034e+06,3.92621e+06,1.16561e+07,0,0,0,0
69.2517,85.1408,2.47287,0,0,2.7476,2.7476,0,0.514789,4.6872,4.29233e+06,2.93738e+06,1.17936e+07,0,0,0,0,62.3161,61.3098,3.35267,0,0,1.30698,1.30698,0,1.00955,1.90512,8.92034e+06,3.92621e+06,1.16587e+07,0,0,0,0
68.3068,85.1408,1.86417,0,0,2.67721,2.67721,0,0.514901,4.6872,4.29233e+06,2.93738e+06,1.14915e+07,0,0,0,0,61.6585,61.3098,2.14632,0,0,1.24712,1.24712,0,1.00977,1.90512,8.92034e+06,3.92621e+06,1.11247e+07,0,0,0,0
66.5093,85.1408,1.00789,0,0,2.6778,2.6778,0,0.50171,4.6872,4.29233e+06,2.93738e+06,1.1494e+07,0,0,0,0,61.4389,61.3098,0.7851,0,0,1.24739,1.24739,0,0.963523,1.90512,8.92034e+06,3.92621e+06,1.11271e+07,0,0,0,0
65.033,85.1408,1.33065,0.01,0,2.67838,2.67838,0,0.501819,4.6872,4.29233e+06,2.93738e+06,1.14965e+07,0,0,0,0,61.5008,61.3098,1.94152,0,0,1.24766,1.24766,0,0.963734,1.90512,8.92034e+06,3.92621e+06,1.11296e+07,0,0,0,0
65.7162,85.1408,3.62146,0.01,0,2.67897,2.67897,0,0.501929,4.6872,4.29233e+06,2.93738e+06,1.1499e+07,0,0,0,0,62.0717,61.3098,3.76677,0,0,1.24794,1.24794,0,0.963944,1.90512,8.92034e+06,3.92621e+06,1.1132e+07,0,0,0,0
65.1245,85.1408,2.13756,0.01,0,2.47775,2.47775,0,0.502039,4.6872,4.29233e+06,2.93738e+06,1.06353e+07,0,0,0,0,62.338,61.3098,1.82354,0,0,1.12283,1.12283,0,0.964155,1.90512,8.92034e+06,3.92621e+06,1.0016e+07,0,0,0,0
65.1738,85.1408,2.83019,0.01,0,2.47829,2.47829,0,0.464331,4.6872,4.29233e+06,2.93738e+06,1.06377e+07,0,0,0,0,62.338,61.3098,3.40941,0,0,1.12308,1.12308,0,0.867498,1.90512,8.92034e+06,3.92621e+06,1.00182e+07,0,0,0,0
66.2652,85.1408,3.99001,0.01,0,2.47884,2.47884,0,0.464432,4.6872,4.29233e+06,2.93738e+06,1.064e+07,0,0,0,0,62.338,61.3098,4.01581,0,0,1.12332,1.12332,0,0.867688,1.90512,8.92034e+06,3.92621e+06,1.00204e+07,0,0,0,0
65.8275,85.1408,2.41973,0.01,0,2.47938,2.47938,0,0.464534,4.6872,4.29233e+06,2.93738e+06,1.06423e+07,0,0,0,0,62.2383,61.3098,3.05949,0,0,1.12357,1.12357,0,0.867877,1.90512,8.92034e+06,3.92621e+06,1.00226e+07,0,0,0,0
64.7948,85.1408,1.70744,0,0,2.47992,2.47992,0,0.464635,4.6872,4.29233e+06,2.93738e+06,1.06446e+07,0,0,0,0,62.338,61.3098,1.82931,0,0,1.12381,1.12381,0,0.868067,1.90512,8.92034e+06,3.92621e+06,1.00248e+07,0,0,0,0
64.327,85.1408,2.40322,0,0,2.55816,2.55816,0,0.464737,4.6872,4.29233e+06,2.93738e+06,1.09805e+07,0,0,0,0,62.338,61.3098,3.11991,0,0,1.1604,1.1604,0,0.868257,1.90512,8.92034e+06,3.92621e+06,1.03511e+07,0,0,0,0
64.2378,85.1408,2.78753,0,0,2.5587,2.5587,0,0.479399,4.6872,4.29233e+06,2.93738e+06,1.09828e+07,0,0,0,0,62.338,61.3098,5.60625,0,0,1.16064,1.16064,0,0.896524,1.90512,8.92034e+06,3.92621e+06,1.03533e+07,0,0,0,0
64.7869,85.1408,3.60694,0,0,2.55924,2.55924,0,0.4795,4.6872,4.29233e+06,2.93738e+06,1.09851e+07,0,0,0,0,62.338,61.3098,4.82123,0,0,1.16089,1.16089,0,0.896713,1.90512,8.92034e+06,3.92621e+06,1.03555e+07,0,0,0,0
64.664,85.1408,2.75144,0,0,2.55978,2.55978,0,0.479601,4.6872,4.29233e+06,2.93738e+06,1.09874e+07,0,0,0,0,62.338,61.3098,4.15161,0,0,1.16113,1.16113,0,0.896902,1.90512,8.92034e+06,3.92621e+06,1.03577e+07,0,0,0,0
63.7979,85.1408,2.15943,0,0,2.81005,2.81005,0,0.479702,4.6872,4.29233e+06,2.93738e+06,1.20616e+07,0,0,0,0,62.338,61.3098,3.68111,0,0,1.29793,1.29793,0,0.897091,1.90512,8.92034e+06,3.92621e+06,1.1578e+07,0,0,0,0
62.7497,85.1408,2.01609,0,0,2.81064,2.81064,0,0.526602,4.6872,4.29233e+06,2.93738e+06,1.20642e+07,0,0,0,0,62.338,61.3098,3.64091,0,0,1.29821,1.29821,0,1.00278,1.90512,8.92034e+06,3.92621e+06,1.15804e+07,0,0,0,0
61.7205,85.1408,2.01059,0,0,2.81123,2.81123,0,0.526714,4.6872,4.29233e+06,2.93738e+06,1.20667e+07,0,0,0,0,62.338,61.3098,3.85002,0,0,1.29848,1.29848,0,1.00299,1.90512,8.92034e+06,3.92621e+06,1.15829e+07,0,0,0,0
60.8614,85.1408,2.17523,0.01,0,2.81182,2.81182,0,0.526825,4.6872,4.29233e+06,2.93738e+06,1.20693e+07,0,0,0,0,62.338,61.3098,4.14283,0,0,1.29875,1.29875,0,1.00321,1.90512,8.92034e+06,3.92621e+06,1.15853e+07,0,0,0,0
61.1348,85.1408,3.14477,0.01,0,2.45593,2.45593,0,0.526936,4.6872,4.29233e+06,2.93738e+06,1.05416e+07,0,0,0,0,62.338,61.3098,5.36474,0,0,1.11562,1.11562,0,1.00342,1.90512,8.92034e+06,3.92621e+06,9.95167e+06,0,0,0,0
63.7239,85.1408,5.58416,0.01,0,2.45644,2.45644,0,0.460241,4.6872,4.29233e+06,2.93738e+06,1.05439e+07,0,0,0,0,62.338,61.3098,8.29962,0,0,1.11585,1.11585,0,0.861925,1.90512,8.92034e+06,3.92621e+06,9.95377e+06,0,0,0,0
64.8879,85.1408,4.16072,0.01,0,2.45696,2.45696,0,0.460338,4.6872,4.29233e+06,2.93738e+06,1.05461e+07,0,0,0,0,62.338,61.3098,6.31748,0,0,1.11609,1.11609,0,0.862107,1.90512,8.92034e+06,3.92621e+06,9.95587e+06,0,0,0,0
67.1943,85.1408,5.35973,0.01,0,2.45748,2.45748,0,0.460435,4.6872,4.29233e+06,2.93738e+06,1.05483e+07,0,0,0,0,62.338,61.3098,7.03916,0,0,1.11632,1.11632,0,0.862289,1.90512,8.92034e+06,3.92621e+06,9.95797e+06,0,0,0,0
68.6816,85.1408,4.49234,0.01,0,2.458,2.458,0,0.460532,4.6872,4.29233e+06,2.93738e+06,1.05505e+07,0,0,0,0,62.338,61.3098,7.98537,0,0,1.11656,1.11656,0,0.862471,1.90512,8.92034e+06,3.92621e+06,9.96008e+06,0,0,0,0
69.5655,85.1408,3.90654,0,0,2.54835,2.54835,0,0.460629,4.6872,4.29233e+06,2.93738e+06,1.09383e+07,0,0,0,0,62.338,61.3098,8.45222,0,0,1.16171,1.16171,0,0.862653,1.90512,8.92034e+06,3.92621e+06,1.03628e+07,0,0,0,0
70.0964,85.1408,3.5935,0,0,2.54889,2.54889,0,0.47756,4.6872,4.29233e+06,2.93738e+06,1.09407e+07,0,0,0,0,62.338,61.3098,8.31626,0,0,1.16196,1.16196,0,0.897538,1.90512,8.92034e+06,3.92621e+06,1.0365e+07,0,0,0,0
70.6623,85.1408,3.63278,0,0,2.54942,2.54942,0,0.477661,4.6872,4.29233e+06,2.93738e+06,1.0943e+07,0,0,0,0,62.338,61.3098,9.4849,0,0,1.1622,1.1622,0,0.897727,1.90512,8.92034e+06,3.92621e+06,1.03672e+07,0,0,0,0
71.9322,85.1408,4.31926,0,0,2.54996,2.54996,0,0.477762,4.6872,4.29233e+06,2.93738e+06,1.09453e+07,0,0,0,0,62.338,61.3098,11.3617,0,0,1.16245,1.16245,0,0.897917,1.90512,8.92034e+06,3.92621e+06,1.03694e+07,0,0,0,0
73.2963,85.1408,4.35214,0,0,2.51535,2.51535,0,0.477863,4.6872,4.29233e+06,2.93738e+06,1.07967e+07,0,0,0,0,62.338,61.3098,10.8598,0,0,1.14523,1.14523,0,0.898106,1.90512,8.92034e+06,3.92621e+06,1.02159e+07,0,0,0,0
73.259,85.1408,2.78881,0,0,2.51588,2.51588,0,0.471376,4.6872,4.29233e+06,2.93738e+06,1.0799e+07,0,0,0,0,62.338,61.3098,4.87933,0,0,1.14547,1.14547,0,0.884806,1.90512,8.92034e+06,3.92621e+06,1.0218e+07,0,0,0,0
72.7344,85.1408,2.27193,0,0,2.51641,2.51641,0,0.471476,4.6872,4.29233e+06,2.93738e+06,1.08013e+07,0,0,0,0,62.338,61.3098,4.39845,0,0,1.14572,1.14572,0,0.884993,1.90512,8.92034e+06,3.92621e+06,1.02202e+07,0,0,0,0
71.9864,85.1408,2.03699,0,0,2.51694,2.51694,0,0.471575,4.6872,4.29233e+06,2.93738e+06,1.08035e+07,0,0,0,0,62.338,61.3098,3.46843,0,0,1.14596,1.14596,0,0.88518,1.90512,8.92034e+06,3.92621e+06,1.02223e+07,0,0,0,0
71.5661,85.1408,2.46587,0,0,2.63689,2.63689,0,0.471675,4.6872,4.29233e+06,2.93738e+06,1.13184e+07,0,0,0,0,62.338,61.3098,3.64355,0,0,1.20817,1.20817,0,0.885367,1.90512,8.92034e+06,3.92621e+06,1.07773e+07,0,0,0,0
70.9006,85.1408,2.17221,0,0,2.63745,2.63745,0,0.494154,4.6872,4.29233e+06,2.93738e+06,1.13208e+07,0,0,0,0,62.338,61.3098,3.73263,0,0,1.20842,1.20842,0,0.933431,1.90512,8.92034e+06,3.92621e+06,1.07795e+07,0,0,0,0
70.1817,85.1408,2.10266,0,0,2.63801,2.63801,0,0.494258,4.6872,4.29233e+06,2.93738e+06,1.13232e+07,0,0,0,0,62.338,61.3098,3.38083,0,0,1.20868,1.20868,0,0.933628,1.90512,8.92034e+06,3.92621e+06,1.07818e+07,0,0,0,0
69.2625,85.1408,1.86014,0,0,2.63856,2.63856,0,0.494362,4.6872,4.29233e+06,2.93738e+06,1.13256e+07,0,0,0,0,62.338,61.3098,3.18287,0,0,1.20893,1.20893,0,0.933825,1.90512,8.92034e+06,3.92621e+06,1.07841e+07,0,0,0,0
68.2838,85.1408,1.75768,0,0,2.63912,2.63912,0,0.494467,4.6872,4.29233e+06,2.93738e+06,1.1328e+07,0,0,0,0,62.338,61.3098,3.03097,0,0,1.20919,1.20919,0,0.934022,1.90512,8.92034e+06,3.92621e+06,1.07864e+07,0,0,0,0
67.1994,85.1408,1.60196,0,0,2.61604,2.61604,0,0.494571,4.6872,4.29233e+06,2.93738e+06,1.12289e+07,0,0,0,0,62.338,61.3098,2.5807,0,0,1.24354,1.24354,0,0.93422,1.90512,8.92034e+06,3.92621e+06,1.10928e+07,0,0,0,0
65.9726,85.1408,1.44136,0,0,2.61659,2.61659,0,0.490245,4.6872,4.29233e+06,2.93738e+06,1.12313e+07,0,0,0,0,62.338,61.3098,2.47043,0,0,1.2438,1.2438,0,0.960759,1.90512,8.92034e+06,3.92621e+06,1.10951e+07,0,0,0,0
64.6225,85.1408,1.30133,0,0,2.61714,2.61714,0,0.490349,4.6872,4.29233e+06,2.93738e+06,1.12336e+07,0,0,0,0,62.3365,61.3098,2.21298,0,0,1.24406,1.24406,0,0.960962,1.90512,8.92034e+06,3.92621e+06,1.10975e+07,0,0,0,0
63.2504,85.1408,1.23986,0,0,2.61769,2.61769,0,0.490452,4.6872,4.29233e+06,2.93738e+06,1.1236e+07,0,0,0,0,62.2992,61.3098,2.14687,0,0,1.24433,1.24433,0,0.961165,1.90512,8.92034e+06,3.92621e+06,1.10998e+07,0,0,0,0
61.7293,85.1408,1.11446,0,0,2.67935,2.67935,0,0.490556,4.6872,4.29233e+06,2.93738e+06,1.15007e+07,0,0,0,0,62.3119,61.3098,2.0582,0,0,1.275,1.275,0,0.961367,1.90512,8.92034e+06,3.92621e+06,1.13735e+07,0,0,0,0
60.2275,85.1408,1.12008,0,0,2.67992,2.67992,0,0.50211,4.6872,4.29233e+06,2.93738e+06,1.15031e+07,0,0,0,0,62.338,61.3098,2.0532,0,0,1.27527,1.27527,0,0.985067,1.90512,8.92034e+06,3.92621e+06,1.13759e+07,0,0,0,0
58.6731,85.1408,1.04878,0,0,2.68048,2.68048,0,0.502216,4.6872,4.29233e+06,2.93738e+06,1.15055e+07,0,0,0,0,62.2229,61.3098,2.034,0,0,1.27554,1.27554,0,0.985275,1.90512,8.92034e+06,3.92621e+06,1.13783e+07,0,0,0,0
57.0201,85.1408,0.930925,0.01,0,2.68105,2.68105,0,0.502322,4.6872,4.29233e+06,2.93738e+06,1.15079e+07,0,0,0,0,62.1889,61.3098,1.85753,0,0,1.27581,1.27581,0,0.985483,1.90512,8.92034e+06,3.92621e+06,1.13807e+07,0,0,0,0
55.1695,85.1408,0.843755,0.01,0,2.86071,2.86071,0,0.502428,4.6872,4.29233e+06,2.93738e+06,1.22791e+07,0,0,0,0,61.6828,61.3098,1.8164,0,0,1.38594,1.38594,0,0.985691,1.90512,8.92034e+06,3.92621e+06,1.23631e+07,0,0,0,0
53.1768,85.1408,0.681709,0.01,0,2.86131,2.86131,0,0.536096,4.6872,4.29233e+06,2.93738e+06,1.22817e+07,0,0,0,0,61.0933,61.3098,1.26947,0,0,1.38624,1.38624,0,1.07078,1.90512,8.92034e+06,3.92621e+06,1.23657e+07,0,0,0,0
51.2621,85.1408,0.739653,0.01,0,2.86191,2.86191,0,0.53621,4.6872,4.29233e+06,2.93738e+06,1.22843e+07,0,0,0,0,60.4007,61.3098,1.39548,0,0,1.38653,1.38653,0,1.07101,1.90512,8.92034e+06,3.92621e+06,1.23683e+07,0,0,0,0
49.2367,85.1408,0.609484,0.01,0,2.86252,2.86252,0,0.536323,4.6872,4.29233e+06,2.93738e+06,1.22869e+07,0,0,0,0,59.9152,61.3098,1.11024,0,0,1.38682,1.38682,0,1.07123,1.90512,8.92034e+06,3.92621e+06,1.23709e+07,0,0,0,0
47.3452,85.1408,0.705379,0.02,0,2.86312,2.86312,0,0.536436,4.6872,4.29233e+06,2.93738e+06,1.22895e+07,0,0,0,0,59.8436,61.3098,1.68022,0,0,1.38712,1.38712,0,1.07146,1.90512,8.92034e+06,3.92621e+06,1.23735e+07,0,0,0,0
45.8342,85.1408,1.01343,0.03,0,2.77635,2.77635,0,0.536549,4.6872,4.29233e+06,2.93738e+06,1.1917e+07,0,0,0,0,60.3944,61.3098,2.33565,0,0,1.32065,1.32065,0,1.07169,1.90512,8.92034e+06,3.92621e+06,1.17807e+07,0,0,0,0
44.6421,85.1408,1.34886,0.03,0,2.77694,2.77694,0,0.520288,4.6872,4.29233e+06,2.93738e+06,1.19195e+07,0,0,0,0,61.3742,61.3098,2.81012,0,0,1.32093,1.32093,0,1.02034,1.90512,8.92034e+06,3.92621e+06,1.17832e+07,0,0,0,0
43.8931,85.1408,1.80531,0.02,0,2.77753,2.77753,0,0.520398,4.6872,4.29233e+06,2.93738e+06,1.19221e+07,0,0,0,0,62.338,61.3098,3.57284,0,0,1.32121,1.32121,0,1.02055,1.90512,8.92034e+06,3.92621e+06,1.17857e+07,0,0,0,0
43.5967,85.1408,2.36385,0.02,0,2.77811,2.77811,0,0.520508,4.6872,4.29233e+06,2.93738e+06,1.19246e+07,0,0,0,0,62.338,61.3098,5.35843,0,0,1.32149,1.32149,0,1.02077,1.90512,8.92034e+06,3.92621e+06,1.17881e+07,0,0,0,0
43.604,85.1408,2.66737,0.02,0,2.70692,2.70692,0,0.520618,4.6872,4.29233e+06,2.93738e+06,1.1619e+07,0,0,0,0,62.338,61.3098,4.29282,0,0,1.26096,1.26096,0,1.02098,1.90512,8.92034e+06,3.92621e+06,1.12481e+07,0,0,0,0
45.0864,85.1408,4.33583,0.02,0,2.70749,2.70749,0,0.507276,4.6872,4.29233e+06,2.93738e+06,1.16214e+07,0,0,0,0,62.338,61.3098,4.74727,0,0,1.26122,1.26122,0,0.974214,1.90512,8.92034e+06,3.92621e+06,1.12505e+07,0,0,0,0
45.3406,85.1408,2.94929,0.02,0,2.70806,2.70806,0,0.507383,4.6872,4.29233e+06,2.93738e+06,1.16239e+07,0,0,0,0,62.338,61.3098,4.01744,0,0,1.26149,1.26149,0,0.97442,1.90512,8.92034e+06,3.92621e+06,1.12529e+07,0,0,0,0
46.9799,85.1408,4.46015,0.02,0,2.70863,2.70863,0,0.507491,4.6872,4.29233e+06,2.93738e+06,1.16263e+07,0,0,0,0,62.338,61.3098,5.88656,0,0,1.26175,1.26175,0,0.974626,1.90512,8.92034e+06,3.92621e+06,1.12553e+07,0,0,0,0
49.2941,85.1408,5.05486,0.02,0,2.50517,2.50517,0,0.507598,4.6872,4.29233e+06,2.93738e+06,1.0753e+07,0,0,0,0,62.338,61.3098,6.337,0,0,1.13525,1.13525,0,0.974831,1.90512,8.92034e+06,3.92621e+06,1.01269e+07,0,0,0,0
51.6661,85.1408,5.09033,0.02,0,2.5057,2.5057,0,0.469469,4.6872,4.29233e+06,2.93738e+06,1.07553e+07,0,0,0,0,62.338,61.3098,4.64277,0,0,1.13549,1.13549,0,0.877098,1.90512,8.92034e+06,3.92621e+06,1.0129e+07,0,0,0,0
54.0301,85.1408,5.12505,0.02,0,2.50623,2.50623,0,0.469568,4.6872,4.29233e+06,2.93738e+06,1.07576e+07,0,0,0,0,62.338,61.3098,6.24622,0,0,1.13573,1.13573,0,0.877283,1.90512,8.92034e+06,3.92621e+06,1.01311e+07,0,0,0,0
56.1516,85.1408,5.17791,0.02,0,2.50676,2.50676,0,0.469667,4.6872,4.29233e+06,2.93738e+06,1.07598e+07,0,0,0,0,62.338,61.3098,4.84602,0,0,1.13597,1.13597,0,0.877469,1.90512,8.92034e+06,3.92621e+06,1.01333e+07,0,0,0,0
57.8081,85.1408,4.71929,0.01,0,2.50729,2.50729,0,0.469766,4.6872,4.29233e+06,2.93738e+06,1.07621e+07,0,0,0,0,62.338,61.3098,3.99095,0,0,1.13621,1.13621,0,0.877654,1.90512,8.92034e+06,3.92621e+06,1.01354e+07,0,0,0,0
60.1174,85.1408,5.23598,0.01,0,2.58637,2.58637,0,0.469866,4.6872,4.29233e+06,2.93738e+06,1.11016e+07,0,0,0,0,62.338,61.3098,5.50911,0,1,1.1732,1.1732,0,0.877839,1.90512,8.92034e+06,3.92621e+06,1.04653e+07,0,0,0,0
61.8955,85.1408,4.69623,0,0,2.5869,2.5869,0,0.484686,4.6872,4.29233e+06,2.93738e+06,1.11038e+07,0,0,0,0,62.338,61.3098,5.72878,0,1,1.17344,1.17344,0,0.906411,1.90512,8.92034e+06,3.92621e+06,1.04674e+07,0,0,0,0
64.4836,85.1408,5.65819,0,0,2.58742,2.58742,0,0.484785,4.6872,4.29233e+06,2.93738e+06,1.11061e+07,0,0,0,0,62.338,61.3098,5.57097,0,1,1.17367,1.17367,0,0.906596,1.90512,8.92034e+06,3.92621e+06,1.04696e+07,0,0,0,0
65.5191,85.1408,3.96288,0,0,2.58795,2.58795,0,0.484883,4.6872,4.29233e+06,2.93738e+06,1.11083e+07,0,0,0,0,62.338,61.3098,4.34729,0,1,1.17391,1.17391,0,0.906781,1.90512,8.92034e+06,3.92621e+06,1.04717e+07,0,0,0,0
66.0415,85.1408,3.63423,0,0,2.84095,2.84095,0,0.484982,4.6872,4.29233e+06,2.93738e+06,1.21943e+07,0,0,0,0,62.338,61.3098,3.83631,0,1,1.31221,1.31221,0,0.906965,1.90512,8.92034e+06,3.92621e+06,1.17053e+07,0,0,0,0
66.8331,85.1408,3.99054,0,0,2.84153,2.84153,0,0.532395,4.6872,4.29233e+06,2.93738e+06,1.21968e+07,0,0,0,0,62.338,61.3098,4.98271,0,1,1.31247,1.31247,0,1.01381,1.90512,8.92034e+06,3.92621e+06,1.17077e+07,0,0,0,0
67.7579,85.1408,4.12436,0.01,0,2.84211,2.84211,0,0.532503,4.6872,4.29233e+06,2.93738e+06,1.21993e+07,0,0,0,0,62.338,61.3098,4.57602,0,1,1.31274,1.31274,0,1.01402,1.90512,8.92034e+06,3.92621e+06,1.17101e+07,0,0,0,0
68.1015,85.1408,3.52028,0.01,0,2.84269,2.84269,0,0.532612,4.6872,4.29233e+06,2.93738e+06,1.22018e+07,0,0,0,0,62.338,61.3098,5.01623,0,1,1.31301,1.31301,0,1.01422,1.90512,8.92034e+06,3.92621e+06,1.17125e+07,0,0,0,0
69.3818,85.1408,4.15687,0.01,0,2.48287,2.48287,0,0.53272,4.6872,4.29233e+06,2.93738e+06,1.06573e+07,0,0,0,0,62.338,61.3098,4.9997,0,1,1.12785,1.12785,0,1.01443,1.90512,8.92034e+06,3.92621e+06,1.00608e+07,0,0,0,0
71.7411,85.1408,5.441,0,0,2.48337,2.48337,0,0.465289,4.6872,4.29233e+06,2.93738e+06,1.06594e+07,0,0,0,0,62.338,61.3098,7.76704,0,1,1.12808,1.12808,0,0.87138,1.90512,8.92034e+06,3.92621e+06,1.00629e+07,0,0,0,0
73.2851,85.1408,4.49707,0,0,2.48388,2.48388,0,0.465384,4.6872,4.29233e+06,2.93738e+06,1.06616e+07,0,0,0,0,62.338,61.3098,5.3924,0,1,1.12831,1.12831,0,0.871557,1.90512,8.92034e+06,3.92621e+06,1.00649e+07,0,0,0,0
74.8579,85.1408,4.50732,0,0,2.48438,2.48438,0,0.465479,4.6872,4.29233e+06,2.93738e+06,1.06638e+07,0,0,0,0,62.338,61.3098,4.96875,0,1,1.12854,1.12854,0,0.871735,1.90512,8.92034e+06,3.92621e+06,1.0067e+07,0,0,0,0
76.6011,85.1408,4.68968,0,0,2.48489,2.48489,0,0.465573,4.6872,4.29233e+06,2.93738e+06,1.0666e+07,0,0,0,0,62.338,61.3098,5.49849,0,1,1.12877,1.12877,0,0.871913,1.90512,8.92034e+06,3.92621e+06,1.0069e+07,0,0,0,0
78.459,85.1408,4.92198,0,0,2.57621,2.57621,0,0.465668,4.6872,4.29233e+06,2.93738e+06,1.10579e+07,0,0,0,0,62.338,61.3098,4.9394,0,1,1.17441,1.17441,0,0.87209,1.90512,8.92034e+06,3.92621e+06,1.04761e+07,0,0,0,0
78.2446,85.1408,2.75928,0,0,2.57673,2.57673,0,0.482781,4.6872,4.29233e+06,2.93738e+06,1.10602e+07,0,0,0,0,62.338,61.3098,3.19705,0,1,1.17465,1.17465,0,0.90735,1.90512,8.92034e+06,3.92621e+06,1.04783e+07,0,0,0,0
77.7097,85.1408,2.42046,0,0,2.57726,2.57726,0,0.482879,4.6872,4.29233e+06,2.93738e+06,1.10624e+07,0,0,0,0,62.338,61.3098,3.37868,0,1,1.17489,1.17489,0,0.907534,1.90512,8.92034e+06,3.92621e+06,1.04804e+07,0,0,0,0
77.0696,85.1408,2.3057,0,0,2.57778,2.57778,0,0.482978,4.6872,4.29233e+06,2.93738e+06,1.10647e+07,0,0,0,0,62.338,61.3098,3.93268,0,1,1.17513,1.17513,0,0.907719,1.90512,8.92034e+06,3.92621e+06,1.04825e+07,0,0,0,0
76.3098,85.1408,2.09308,0,0,2.54277,2.54277,0,0.483076,4.6872,4.29233e+06,2.93738e+06,1.09144e+07,0,0,0,0,62.3285,61.3098,3.10632,0,1,1.15772,1.15772,0,0.907904,1.90512,8.92034e+06,3.92621e+06,1.03272e+07,0,0,0,0
75.1024,85.1408,1.64331,0,0,2.54329,2.54329,0,0.476515,4.6872,4.29233e+06,2.93738e+06,1.09166e+07,0,0,0,0,62.338,61.3098,2.25896,0,1,1.15795,1.15795,0,0.894453,1.90512,8.92034e+06,3.92621e+06,1.03293e+07,0,0,0,0
73.7805,85.1408,1.51378,0,0,2.54381,2.54381,0,0.476612,4.6872,4.29233e+06,2.93738e+06,1.09189e+07,0,0,0,0,62.338,61.3098,2.3047,0,1,1.15819,1.15819,0,0.894635,1.90512,8.92034e+06,3.92621e+06,1.03314e+07,0,0,0,0
73.3024,85.1408,2.37197,0,0,2.54432,2.54432,0,0.476709,4.6872,4.29233e+06,2.93738e+06,1.09211e+07,0,0,0,0,62.338,61.3098,2.74819,0,1,1.15843,1.15843,0,0.894817,1.90512,8.92034e+06,3.92621e+06,1.03335e+07,0,0,0,0
71.9359,85.1408,1.50842,0,0,2.66556,2.66556,0,0.476806,4.6872,4.29233e+06,2.93738e+06,1.14415e+07,0,0,0,0,62.338,61.3098,2.34347,0,1,1.2213,1.2213,0,0.894999,1.90512,8.92034e+06,3.92621e+06,1.08944e+07,0,0,0,0
70.6803,85.1408,1.56308,0,0,2.66611,2.66611,0,0.499526,4.6872,4.29233e+06,2.93738e+06,1.14438e+07,0,0,0,0,62.338,61.3098,2.47366,0,1,1.22155,1.22155,0,0.94358,1.90512,8.92034e+06,3.92621e+06,1.08967e+07,0,0,0,0
69.4299,85.1408,1.54519,0,0,2.66665,2.66665,0,0.499628,4.6872,4.29233e+06,2.93738e+06,1.14461e+07,0,0,0,0,62.338,61.3098,2.31801,0,1,1.2218,1.2218,0,0.943772,1.90512,8.92034e+06,3.92621e+06,1.08989e+07,0,0,0,0
68.0541,85.1408,1.37474,0,0,2.66719,2.66719,0,0.49973,4.6872,4.29233e+06,2.93738e+06,1.14485e+07,0,0,0,0,62.338,61.3098,2.21404,0,1,1.22205,1.22205,0,0.943964,1.90512,8.92034e+06,3.92621e+06,1.09011e+07,0,0,0,0
66.6391,85.1408,1.302,0,0,2.66774,2.66774,0,0.499832,4.6872,4.29233e+06,2.93738e+06,1.14508e+07,0,0,0,0,62.338,61.3098,2.09547,0,1,1.2223,1.2223,0,0.944157,1.90512,8.92034e+06,3.92621e+06,1.09033e+07,0,0,0,0
65.5161,85.1408,1.56832,0,0,2.64438,2.64438,0,0.499934,4.6872,4.29233e+06,2.93738e+06,1.13506e+07,0,0,0,0,62.338,61.3098,2.89138,0,1,1.25701,1.25701,0,0.944349,1.90512,8.92034e+06,3.92621e+06,1.1213e+07,0,0,0,0
64.5146,85.1408,1.67558,0,0,2.64492,2.64492,0,0.495557,4.6872,4.29233e+06,2.93738e+06,1.13529e+07,0,0,0,0,62.338,61.3098,3.23931,0,1,1.25727,1.25727,0,0.971169,1.90512,8.92034e+06,3.92621e+06,1.12153e+07,0,0,0,0
63.3864,85.1408,1.53099,0,0,2.64546,2.64546,0,0.495658,4.6872,4.29233e+06,2.93738e+06,1.13552e+07,0,0,0,0,62.338,61.3098,3.09397,0,1,1.25753,1.25753,0,0.971367,1.90512,8.92034e+06,3.92621e+06,1.12176e+07,0,0,0,0
62.2217,85.1408,1.47651,0,0,2.646,2.646,0,0.495759,4.6872,4.29233e+06,2.93738e+06,1.13575e+07,0,0,0,0,62.338,61.3098,2.77497,0,1,1.25778,1.25778,0,0.971565,1.90512,8.92034e+06,3.92621e+06,1.12198e+07,0,0,0,0
60.9577,85.1408,1.40016,0,0,2.7083,2.7083,0,0.49586,4.6872,4.29233e+06,2.93738e+06,1.16249e+07,0,0,0,0,62.338,61.3098,2.63058,0,1,1.28878,1.28878,0,0.971763,1.90512,8.92034e+06,3.92621e+06,1.14963e+07,0,0,0,0
59.7745,85.1408,1.46801,0,0,2.70885,2.70885,0,0.507536,4.6872,4.29233e+06,2.93738e+06,1.16273e+07,0,0,0,0,62.338,61.3098,2.83197,0,1,1.28904,1.28904,0,0.995711,1.90512,8.92034e+06,3.92621e+06,1.14987e+07,0,0,0,0
58.5309,85.1408,1.38563,0,0,2.70941,2.70941,0,0.507639,4.6872,4.29233e+06,2.93738e+06,1.16297e+07,0,0,0,0,62.338,61.3098,2.90297,0,1,1.2893,1.2893,0,0.995914,1.90512,8.92034e+06,3.92621e+06,1.1501e+07,0,0,0,0
57.2149,85.1408,1.29656,0.01,0,2.70996,2.70996,0,0.507743,4.6872,4.29233e+06,2.93738e+06,1.1632e+07,0,0,0,0,62.338,61.3098,2.66336,0,1,1.28957,1.28957,0,0.996117,1.90512,8.92034e+06,3.92621e+06,1.15034e+07,0,0,0,0
55.7562,85.1408,1.27477,0.01,0,2.89153,2.89153,0,0.507846,4.6872,4.29233e+06,2.93738e+06,1.24114e+07,0,0,0,0,62.338,61.3098,2.85501,0,1,1.40088,1.40088,0,0.99632,1.90512,8.92034e+06,3.92621e+06,1.24963e+07,0,0,0,0
54.4151,85.1408,1.35558,0.01,0,2.89212,2.89212,0,0.541873,4.6872,4.29233e+06,2.93738e+06,1.24139e+07,0,0,0,0,62.338,61.3098,2.55607,0,1,1.40116,1.40116,0,1.08232,1.90512,8.92034e+06,3.92621e+06,1.24989e+07,0,0,0,0
52.998,85.1408,1.27233,0.01,0,2.89271,2.89271,0,0.541984,4.6872,4.29233e+06,2.93738e+06,1.24165e+07,0,0,0,0,62.338,61.3098,2.62685,0,1,1.40145,1.40145,0,1.08254,1.90512,8.92034e+06,3.92621e+06,1.25014e+07,0,0,0,0
51.5263,85.1408,1.19612,0.01,0,2.8933,2.8933,0,0.542094,4.6872,4.29233e+06,2.93738e+06,1.2419e+07,0,0,0,0,62.338,61.3098,3.14507,0,1,1.40174,1.40174,0,1.08276,1.90512,8.92034e+06,3.92621e+06,1.2504e+07,0,0,0,0
50.03,85.1408,1.14724,0.02,0,2.89389,2.89389,0,0.542205,4.6872,4.29233e+06,2.93738e+06,1.24215e+07,0,0,0,0,62.338,61.3098,3.09189,0,1,1.40202,1.40202,0,1.08298,1.90512,8.92034e+06,3.92621e+06,1.25065e+07,0,0,0,0
48.931,85.1408,1.47394,0.03,0,2.80617,2.80617,0,0.542315,4.6872,4.29233e+06,2.93738e+06,1.2045e+07,0,0,0,0,62.338,61.3098,2.94559,0,1,1.33484,1.33484,0,1.0832,1.90512,8.92034e+06,3.92621e+06,1.19072e+07,0,0,0,0
48.363,85.1408,1.99155,0.03,0,2.80674,2.80674,0,0.525876,4.6872,4.29233e+06,2.93738e+06,1.20474e+07,0,0,0,0,62.338,61.3098,3.37268,0,1,1.33511,1.33511,0,1.03129,1.90512,8.92034e+06,3.92621e+06,1.19096e+07,0,0,0,0
47.6915,85.1408,1.90994,0.02,0,2.80731,2.80731,0,0.525983,4.6872,4.29233e+06,2.93738e+06,1.20499e+07,0,0,0,0,62.338,61.3098,3.74349,0,1,1.33538,1.33538,0,1.0315,1.90512,8.92034e+06,3.92621e+06,1.1912e+07,0,0,0,0
46.3047,85.1408,1.14682,0.02,0,2.80788,2.80788,0,0.52609,4.6872,4.29233e+06,2.93738e+06,1.20524e+07,0,0,0,0,62.338,61.3098,2.31669,0,1,1.33565,1.33565,0,1.03171,1.90512,8.92034e+06,3.92621e+06,1.19145e+07,0,0,0,0
45.368,85.1408,1.55554,0.02,0,2.73591,2.73591,0,0.526197,4.6872,4.29233e+06,2.93738e+06,1.17434e+07,0,0,0,0,62.338,61.3098,2.85953,0,1,1.27446,1.27446,0,1.03192,1.90512,8.92034e+06,3.92621e+06,1.13686e+07,0,0,0,0
44.3266,85.1408,1.48871,0.02,0,2.73646,2.73646,0,0.512709,4.6872,4.29233e+06,2.93738e+06,1.17458e+07,0,0,0,0,62.338,61.3098,2.59569,0,1,1.27472,1.27472,0,0.984647,1.90512,8.92034e+06,3.92621e+06,1.13709e+07,0,0,0,0
44.3519,85.1408,2.61233,0.02,0,2.73702,2.73702,0,0.512813,4.6872,4.29233e+06,2.93738e+06,1.17482e+07,0,0,0,0,62.338,61.3098,3.76433,0,1,1.27498,1.27498,0,0.984847,1.90512,8.92034e+06,3.92621e+06,1.13732e+07,0,0,0,0
45.2223,85.1408,3.59131,0.02,0,2.73758,2.73758,0,0.512918,4.6872,4.29233e+06,2.93738e+06,1.17506e+07,0,0,0,0,62.338,61.3098,5.06894,0,1,1.27524,1.27524,0,0.985048,1.90512,8.92034e+06,3.92621e+06,1.13755e+07,0,0,0,0
45.7758,85.1408,3.08577,0.02,0,2.53192,2.53192,0,0.513022,4.6872,4.29233e+06,2.93738e+06,1.08678e+07,0,0,0,0,62.338,61.3098,4.78879,0,1,1.14738,1.14738,0,0.985249,1.90512,8.92034e+06,3.92621e+06,1.0235e+07,0,0,0,0
44.8378,85.1408,1.51802,0.02,0,2.53244,2.53244,0,0.474482,4.6872,4.29233e+06,2.93738e+06,1.08701e+07,0,0,0,0,62.338,61.3098,2.67756,0,1,1.14761,1.14761,0,0.886464,1.90512,8.92034e+06,3.92621e+06,1.02371e+07,0,0,0,0
44.9055,85.1408,2.6127,0.02,0,2.53296,2.53296,0,0.474579,4.6872,4.29233e+06,2.93738e+06,1.08723e+07,0,0,0,0,62.338,61.3098,3.49784,0,1,1.14785,1.14785,0,0.886645,1.90512,8.92034e+06,3.92621e+06,1.02392e+07,0,0,0,0
44.7639,85.1408,2.40661,0.02,0,2.53347,2.53347,0,0.474676,4.6872,4.29233e+06,2.93738e+06,1.08745e+07,0,0,0,0,62.338,61.3098,3.01732,0,1,1.14808,1.14808,0,0.886826,1.90512,8.92034e+06,3.92621e+06,1.02413e+07,0,0,0,0
45.4589,85.1408,3.27595,0.02,0,2.53399,2.53399,0,0.474773,4.6872,4.29233e+06,2.93738e+06,1.08767e+07,0,0,0,0,62.338,61.3098,4.50052,0,1,1.14831,1.14831,0,0.887007,1.90512,8.92034e+06,3.92621e+06,1.02433e+07,0,0,0,0
46.6006,85.1408,3.86356,0.02,0,2.61389,2.61389,0,0.474869,4.6872,4.29233e+06,2.93738e+06,1.12197e+07,0,0,0,0,62.338,61.3098,4.62632,0,1,1.18568,1.18568,0,0.887187,1.90512,8.92034e+06,3.92621e+06,1.05767e+07,0,0,0,0
50.9123,85.1408,7.10856,0.02,0,2.61441,2.61441,0,0.489844,4.6872,4.29233e+06,2.93738e+06,1.12219e+07,0,0,0,0,62.338,61.3098,5.90874,0,1,1.18591,1.18591,0,0.916057,1.90512,8.92034e+06,3.92621e+06,1.05788e+07,0,0,0,0
53.3035,85.1408,5.32999,0.02,0,2.61492,2.61492,0,0.48994,4.6872,4.29233e+06,2.93738e+06,1.12241e+07,0,0,0,0,62.338,61.3098,6.0454,0,1,1.18615,1.18615,0,0.916237,1.90512,8.92034e+06,3.92621e+06,1.05808e+07,0,0,0,0
57.9292,85.1408,7.45002,0.01,0,2.61543,2.61543,0,0.490036,4.6872,4.29233e+06,2.93738e+06,1.12263e+07,0,0,0,0,62.338,61.3098,3.75729,0,1,1.18638,1.18638,0,0.916417,1.90512,8.92034e+06,3.92621e+06,1.05829e+07,0,0,0,0
63.223,85.1408,8.50378,0.01,0,2.8711,2.8711,0,0.490132,4.6872,4.29233e+06,2.93738e+06,1.23237e+07,0,0,0,0,62.338,61.3098,4.49372,0,1,1.32613,1.32613,0,0.916597,1.90512,8.92034e+06,3.92621e+06,1.18296e+07,0,0,0,0
64.5554,85.1408,4.53816,0,0,2.87167,2.87167,0,0.538044,4.6872,4.29233e+06,2.93738e+06,1.23261e+07,0,0,0,0,62.338,61.3098,4.01341,0,1,1.32639,1.32639,0,1.02457,1.90512,8.92034e+06,3.92621e+06,1.18319e+07,0,0,0,0
65.7827,85.1408,4.42945,0.01,0,2.87223,2.87223,0,0.53815,4.6872,4.29233e+06,2.93738e+06,1.23286e+07,0,0,0,0,62.338,61.3098,3.81176,0,1,1.32665,1.32665,0,1.02477,1.90512,8.92034e+06,3.92621e+06,1.18342e+07,0,0,0,0
66.8515,85.1408,4.2959,0.01,0,2.87279,2.87279,0,0.538256,4.6872,4.29233e+06,2.93738e+06,1.2331e+07,0,0,0,0,62.338,61.3098,4.46825,0,1,1.32691,1.32691,0,1.02497,1.90512,8.92034e+06,3.92621e+06,1.18365e+07,0,0,0,0
69.3969,85.1408,5.52727,0.01,0,2.50914,2.50914,0,0.538361,4.6872,4.29233e+06,2.93738e+06,1.07701e+07,0,0,0,0,62.338,61.3098,5.74653,0,1,1.13979,1.13979,0,1.02517,1.90512,8.92034e+06,3.92621e+06,1.01673e+07,0,0,0,0
74.1181,85.1408,7.84496,0,0,2.50963,2.50963,0,0.470213,4.6872,4.29233e+06,2.93738e+06,1.07722e+07,0,0,0,0,62.338,61.3098,6.09829,0,1,1.14001,1.14001,0,0.880602,1.90512,8.92034e+06,3.92621e+06,1.01693e+07,0,0,0,0
76.1042,85.1408,5.01174,0,0,2.51013,2.51013,0,0.470305,4.6872,4.29233e+06,2.93738e+06,1.07743e+07,0,0,0,0,62.338,61.3098,5.16388,0,1,1.14024,1.14024,0,0.880774,1.90512,8.92034e+06,3.92621e+06,1.01713e+07,0,0,0,0
76.5902,85.1408,3.5017,0,0,2.51062,2.51062,0,0.470398,4.6872,4.29233e+06,2.93738e+06,1.07764e+07,0,0,0,0,62.338,61.3098,4.74802,0,1,1.14046,1.14046,0,0.880947,1.90512,8.92034e+06,3.92621e+06,1.01733e+07,0,0,0,0
78.2641,85.1408,4.72274,0,0,2.51111,2.51111,0,0.47049,4.6872,4.29233e+06,2.93738e+06,1.07785e+07,0,0,0,0,62.338,61.3098,4.55631,0,1,1.14069,1.14069,0,0.88112,1.90512,8.92034e+06,3.92621e+06,1.01753e+07,0,0,0,0
79.9214,85.1408,4.82545,0,0,2.60337,2.60337,0,0.470583,4.6872,4.29233e+06,2.93738e+06,1.11745e+07,0,0,0,0,62.338,61.3098,5.81037,0,1,1.1868,1.1868,0,0.881293,1.90512,8.92034e+06,3.92621e+06,1.05866e+07,0,0,0,0
82.0591,85.1408,5.33047,0,0,2.60389,2.60389,0,0.487872,4.6872,4.29233e+06,2.93738e+06,1.11767e+07,0,0,0,0,62.338,61.3098,5.27159,0,1,1.18703,1.18703,0,0.916918,1.90512,8.92034e+06,3.92621e+06,1.05887e+07,0,0,0,0
83.7912,85.1408,4.8981,0,0,2.6044,2.6044,0,0.487968,4.6872,4.29233e+06,2.93738e+06,1.11789e+07,0,0,0,0,62.338,61.3098,4.50623,0,1,1.18726,1.18726,0,0.917098,1.90512,8.92034e+06,3.92621e+06,1.05908e+07,0,0,0,0
85.1408,85.1408,6.82994,0,0,2.60491,2.60491,0,0.488064,4.6872,4.29233e+06,2.93738e+06,1.11811e+07,0,0,0,0,62.338,61.3098,5.38677,0,1,1.18749,1.18749,0,0.917278,1.90512,8.92034e+06,3.92621e+06,1.05929e+07,0,0,0,0
85.1408,85.1408,5.04929,0,0,2.56951,2.56951,0,0.48816,4.6872,4.29233e+06,2.93738e+06,1.10292e+07,0,0,0,0,62.338,61.3098,4.88754,0,1,1.16989,1.16989,0,0.917459,1.90512,8.92034e+06,3.92621e+06,1.04358e+07,0,0,0,0
85.1408,85.1408,4.23655,0,0,2.57002,2.57002,0,0.481526,4.6872,4.29233e+06,2.93738e+06,1.10314e+07,0,0,0,0,62.338,61.3098,3.37194,0,1,1.17012,1.17012,0,0.903859,1.90512,8.92034e+06,3.92621e+06,1.04379e+07,0,0,0,0
85.1408,85.1408,4.22366,0,0,2.57052,2.57052,0,0.481621,4.6872,4.29233e+06,2.93738e+06,1.10335e+07,0,0,0,0,62.338,61.3098,3.14965,0,1,1.17035,1.17035,0,0.904036,1.90512,8.92034e+06,3.92621e+06,1.04399e+07,0,0,0,0
85.1408,85.1408,3.60351,0,0,2.57103,2.57103,0,0.481715,4.6872,4.29233e+06,2.93738e+06,1.10357e+07,0,0,0,0,62.338,61.3098,3.29915,0,1,1.17058,1.17058,0,0.904214,1.90512,8.92034e+06,3.92621e+06,1.0442e+07,0,0,0,0
85.1408,85.1408,3.04847,0,0,2.69352,2.69352,0,0.48181,4.6872,4.29233e+06,2.93738e+06,1.15615e+07,0,0,0,0,62.338,61.3098,3.16408,0,1,1.23411,1.23411,0,0.904392,1.90512,8.92034e+06,3.92621e+06,1.10087e+07,0,0,0,0
85.0787,85.1408,2.87494,0,0,2.69404,2.69404,0,0.504765,4.6872,4.29233e+06,2.93738e+06,1.15637e+07,0,0,0,0,62.338,61.3098,2.79466,0,1,1.23435,1.23435,0,0.953475,1.90512,8.92034e+06,3.92621e+06,1.10109e+07,0,0,0,0
84.9806,85.1408,2.84214,0,0,2.69457,2.69457,0,0.504864,4.6872,4.29233e+06,2.93738e+06,1.1566e+07,0,0,0,0,62.338,61.3098,2.52268,0,1,1.2346,1.2346,0,0.953662,1.90512,8.92034e+06,3.92621e+06,1.1013e+07,0,0,0,0
84.7978,85.1408,2.73751,0,0,2.6951,2.6951,0,0.504963,4.6872,4.29233e+06,2.93738e+06,1.15683e+07,0,0,0,0,62.338,61.3098,2.54644,0,1,1.23484,1.23484,0,0.95385,1.90512,8.92034e+06,3.92621e+06,1.10152e+07,0,0,0,0
84.5742,85.1408,2.67059,0,0,2.69563,2.69563,0,0.505062,4.6872,4.29233e+06,2.93738e+06,1.15705e+07,0,0,0,0,62.338,61.3098,2.45003,0,1,1.23508,1.23508,0,0.954037,1.90512,8.92034e+06,3.92621e+06,1.10173e+07,0,0,0,0
84.1129,85.1408,2.41067,0,0,2.67201,2.67201,0,0.505162,4.6872,4.29233e+06,2.93738e+06,1.14692e+07,0,0,0,0,62.338,61.3098,2.49782,0,1,1.27015,1.27015,0,0.954224,1.90512,8.92034e+06,3.92621e+06,1.13302e+07,0,0,0,0
83.3383,85.1408,2.09281,0,0,2.67254,2.67254,0,0.500735,4.6872,4.29233e+06,2.93738e+06,1.14714e+07,0,0,0,0,62.338,61.3098,2.43673,0,1,1.2704,1.2704,0,0.981317,1.90512,8.92034e+06,3.92621e+06,1.13324e+07,0,0,0,0
82.4317,85.1408,1.94465,0,0,2.67306,2.67306,0,0.500834,4.6872,4.29233e+06,2.93738e+06,1.14737e+07,0,0,0,0,62.338,61.3098,2.22719,0,1,1.27065,1.27065,0,0.98151,1.90512,8.92034e+06,3.92621e+06,1.13346e+07,0,0,0,0
81.4818,85.1408,1.88343,0,0,2.67359,2.67359,0,0.500932,4.6872,4.29233e+06,2.93738e+06,1.14759e+07,0,0,0,0,62.338,61.3098,2.07856,0,1,1.2709,1.2709,0,0.981703,1.90512,8.92034e+06,3.92621e+06,1.13368e+07,0,0,0,0
80.5204,85.1408,1.88582,0,0,2.73652,2.73652,0,0.501031,4.6872,4.29233e+06,2.93738e+06,1.17461e+07,0,0,0,0,62.338,61.3098,2.09399,0,1,1.30221,1.30221,0,0.981896,1.90512,8.92034e+06,3.92621e+06,1.16161e+07,0,0,0,0
79.5215,85.1408,1.83339,0,0,2.73706,2.73706,0,0.512824,4.6872,4.29233e+06,2.93738e+06,1.17484e+07,0,0,0,0,62.338,61.3098,1.94391,0,1,1.30246,1.30246,0,1.00609,1.90512,8.92034e+06,3.92621e+06,1.16184e+07,0,0,0,0
78.3541,85.1408,1.65346,0,0,2.7376,2.7376,0,0.512925,4.6872,4.29233e+06,2.93738e+06,1.17507e+07,0,0,0,0,62.2297,61.3098,1.86351,0,1,1.30272,1.30272,0,1.00628,1.90512,8.92034e+06,3.92621e+06,1.16207e+07,0,0,0,0
77.0532,85.1408,1.50749,0,0,2.73814,2.73814,0,0.513026,4.6872,4.29233e+06,2.93738e+06,1.1753e+07,0,0,0,0,62.0852,61.3098,1.71815,0,1,1.30298,1.30298,0,1.00648,1.90512,8.92034e+06,3.92621e+06,1.1623e+07,0,0,0,0
75.4313,85.1408,1.3124,0,0,2.92158,2.92158,0,0.513127,4.6872,4.29233e+06,2.93738e+06,1.25404e+07,0,0,0,0,61.9023,61.3098,1.70301,0,1,1.41544,1.41544,0,1.00668,1.90512,8.92034e+06,3.92621e+06,1.26262e+07,0,0,0,0
73.6513,85.1408,1.13209,0,0,2.92215,2.92215,0,0.547504,4.6872,4.29233e+06,2.93738e+06,1.25428e+07,0,0,0,0,61.727,61.3098,1.7673,0,1,1.41571,1.41571,0,1.09357,1.90512,8.92034e+06,3.92621e+06,1.26286e+07,0,0,0,0
71.8627,85.1408,1.09478,0,0,2.92273,2.92273,0,0.547611,4.6872,4.29233e+06,2.93738e+06,1.25453e+07,0,0,0,0,61.5222,61.3098,1.74834,0,1,1.41599,1.41599,0,1.09378,1.90512,8.92034e+06,3.92621e+06,1.26311e+07,0,0,0,0
70.4816,85.1408,1.49358,0,0,2.9233,2.9233,0,0.547719,4.6872,4.29233e+06,2.93738e+06,1.25478e+07,0,0,0,0,61.3707,61.3098,1.97059,0,1,1.41627,1.41627,0,1.09399,1.90512,8.92034e+06,3.92621e+06,1.26336e+07,0,0,0,0
69.7381,85.1408,2.18805,0,0,2.92387,2.92387,0,0.547826,4.6872,4.29233e+06,2.93738e+06,1.25502e+07,0,0,0,0,61.4076,61.3098,2.32973,0,1,1.41655,1.41655,0,1.09421,1.90512,8.92034e+06,3.92621e+06,1.26361e+07,0,0,0,0
68.9871,85.1408,2.12415,0,0,2.83522,2.83522,0,0.547934,4.6872,4.29233e+06,2.93738e+06,1.21697e+07,0,0,0,0,61.4435,61.3098,2.05066,0,1,1.34866,1.34866,0,1.09442,1.90512,8.92034e+06,3.92621e+06,1.20305e+07,0,0,0,0
68.293,85.1408,2.20794,0,0,2.83578,2.83578,0,0.53132,4.6872,4.29233e+06,2.93738e+06,1.21721e+07,0,0,0,0,61.5657,61.3098,2.26862,0,1,1.34892,1.34892,0,1.04197,1.90512,8.92034e+06,3.92621e+06,1.20328e+07,0,0,0,0
68.0151,85.1408,2.64093,0,0,2.83633,2.83633,0,0.531425,4.6872,4.29233e+06,2.93738e+06,1.21745e+07,0,0,0,0,62.0667,61.3098,3.24316,0,1,1.34919,1.34919,0,1.04218,1.90512,8.92034e+06,3.92621e+06,1.20352e+07,0,0,0,0
67.56,85.1408,2.45136,0.01,0,2.83689,2.83689,0,0.531529,4.6872,4.29233e+06,2.93738e+06,1.21769e+07,0,0,0,0,62.338,61.3098,3.02945,0,1,1.34945,1.34945,0,1.04238,1.90512,8.92034e+06,3.92621e+06,1.20376e+07,0,0,0,0
67.5434,85.1408,2.85051,0.01,0,2.76415,2.76415,0,0.531634,4.6872,4.29233e+06,2.93738e+06,1.18646e+07,0,0,0,0,62.338,61.3098,4.18,0,1,1.28762,1.28762,0,1.04259,1.90512,8.92034e+06,3.92621e+06,1.1486e+07,0,0,0,0
68.5811,85.1408,4.0236,0.01,0,2.76469,2.76469,0,0.518002,4.6872,4.29233e+06,2.93738e+06,1.1867e+07,0,0,0,0,62.338,61.3098,3.49077,0,1,1.28787,1.28787,0,0.994812,1.90512,8.92034e+06,3.92621e+06,1.14882e+07,0,0,0,0
69.5275,85.1408,3.99057,0,0,2.76524,2.76524,0,0.518104,4.6872,4.29233e+06,2.93738e+06,1.18693e+07,0,0,0,0,62.338,61.3098,3.12739,0,1,1.28812,1.28812,0,0.995008,1.90512,8.92034e+06,3.92621e+06,1.14905e+07,0,0,0,0
71.1886,85.1408,4.76429,0,0,2.76578,2.76578,0,0.518206,4.6872,4.29233e+06,2.93738e+06,1.18716e+07,0,0,0,0,62.338,61.3098,3.7463,0,1,1.28838,1.28838,0,0.995203,1.90512,8.92034e+06,3.92621e+06,1.14927e+07,0,0,0,0
73.7934,85.1408,5.70034,0,0,2.55799,2.55799,0,0.518307,4.6872,4.29233e+06,2.93738e+06,1.09797e+07,0,0,0,0,62.338,61.3098,4.79969,0,1,1.15919,1.15919,0,0.995399,1.90512,8.92034e+06,3.92621e+06,1.03404e+07,0,0,0,0
76.6975,85.1408,5.85703,0,0,2.55849,2.55849,0,0.479367,4.6872,4.29233e+06,2.93738e+06,1.09819e+07,0,0,0,0,62.338,61.3098,4.60452,0,1,1.15942,1.15942,0,0.89559,1.90512,8.92034e+06,3.92621e+06,1.03424e+07,0,0,0,0
77.9167,85.1408,4.20187,0,0,2.55899,2.55899,0,0.479461,4.6872,4.29233e+06,2.93738e+06,1.0984e+07,0,0,0,0,62.338,61.3098,4.65201,0,1,1.15965,1.15965,0,0.895766,1.90512,8.92034e+06,3.92621e+06,1.03444e+07,0,0,0,0
82.6065,85.1408,7.73357,0,0,2.5595,2.5595,0,0.479555,4.6872,4.29233e+06,2.93738e+06,1.09862e+07,0,0,0,0,62.338,61.3098,3.08684,0,1,1.15987,1.15987,0,0.895942,1.90512,8.92034e+06,3.92621e+06,1.03465e+07,0,0,0,0
85.1408,85.1408,6.94615,0,0,2.56,2.56,0,0.47965,4.6872,4.29233e+06,2.93738e+06,1.09884e+07,0,0,0,0,62.338,61.3098,9.40095,0,1,1.1601,1.1601,0,0.896118,1.90512,8.92034e+06,3.92621e+06,1.03485e+07,0,0,0,0
85.1408,85.1408,6.82208,0,0,2.56,2.56,0,0.479744,4.6872,4.29233e+06,2.93738e+06,1.09884e+07,0,0,0,0,62.338,61.3098,6.96152,0,1,1.1601,1.1601,0,0.896294,1.90512,8.92034e+06,3.92621e+06,1.03485e+07,0,0,0,0
84.6611,85.1408,2.74758,0,0,2.64071,2.64071,0,0.479744,4.6872,4.29233e+06,2.93738e+06,1.13348e+07,0,0,0,0,62.338,61.3098,4.20092,0,1,1.19784,1.19784,0,0.896294,1.90512,8.92034e+06,3.92621e+06,1.06852e+07,0,0,0,0
85.1408,85.1408,8.74514,0,0,2.64121,2.64121,0,0.494869,4.6872,4.29233e+06,2.93738e+06,1.13369e+07,0,0,0,0,62.338,61.3098,8.22167,0,1,1.19807,1.19807,0,0.925454,1.90512,8.92034e+06,3.92621e+06,1.06872e+07,0,0,0,0
85.1408,85.1408,5.61556,0,0,2.64171,2.64171,0,0.494962,4.6872,4.29233e+06,2.93738e+06,1.13391e+07,0,0,0,0,62.338,61.3098,5.70765,0,1,1.1983,1.1983,0,0.925629,1.90512,8.92034e+06,3.92621e+06,1.06892e+07,0,0,0,0
85.1408,85.1408,4.66048,0,0,2.64221,2.64221,0,0.495056,4.6872,4.29233e+06,2.93738e+06,1.13412e+07,0,0,0,0,62.338,61.3098,9.8675,0,1,1.19852,1.19852,0,0.925804,1.90512,8.92034e+06,3.92621e+06,1.06912e+07,0,0,0,0
85.1408,85.1408,4.77082,0,0,2.90047,2.90047,0,0.495149,4.6872,4.29233e+06,2.93738e+06,1.24498e+07,0,0,0,0,62.338,61.3098,5.36041,0,1,1.3397,1.3397,0,0.925979,1.90512,8.92034e+06,3.92621e+06,1.19505e+07,0,0,0,0
84.7296,85.1408,3.03037,0,0,2.90102,2.90102,0,0.543548,4.6872,4.29233e+06,2.93738e+06,1.24521e+07,0,0,0,0,62.338,61.3098,4.43758,0,1,1.33995,1.33995,0,1.03505,1.90512,8.92034e+06,3.92621e+06,1.19528e+07,0,0,0,0
84.5877,85.1408,3.24908,0,0,2.90156,2.90156,0,0.54365,4.6872,4.29233e+06,2.93738e+06,1.24545e+07,0,0,0,0,62.338,61.3098,4.24062,0,1,1.3402,1.3402,0,1.03525,1.90512,8.92034e+06,3.92621e+06,1.19551e+07,0,0,0,0
84.5799,85.1408,3.35488,0,0,2.90211,2.90211,0,0.543753,4.6872,4.29233e+06,2.93738e+06,1.24568e+07,0,0,0,0,62.338,61.3098,4.37015,0,1,1.34046,1.34046,0,1.03544,1.90512,8.92034e+06,3.92621e+06,1.19573e+07,0,0,0,0
84.8158,85.1408,3.34326,0,0,2.53473,2.53473,0,0.543856,4.6872,4.29233e+06,2.93738e+06,1.08799e+07,0,0,0,0,62.338,61.3098,4.05907,0,1,1.15141,1.15141,0,1.03564,1.90512,8.92034e+06,3.92621e+06,1.0271e+07,0,0,0,0
85.1408,85.1408,4.36225,0,0,2.53521,2.53521,0,0.475009,4.6872,4.29233e+06,2.93738e+06,1.0882e+07,0,0,0,0,62.338,61.3098,3.92507,0,1,1.15163,1.15163,0,0.889583,1.90512,8.92034e+06,3.92621e+06,1.02729e+07,0,0,0,0
85.1408,85.1408,4.29599,0,0,2.53569,2.53569,0,0.475098,4.6872,4.29233e+06,2.93738e+06,1.0884e+07,0,0,0,0,62.338,61.3098,3.80636,0,1,1.15185,1.15185,0,0.889751,1.90512,8.92034e+06,3.92621e+06,1.02749e+07,0,0,0,0
85.1408,85.1408,4.6125,0,0,2.53617,2.53617,0,0.475188,4.6872,4.29233e+06,2.93738e+06,1.08861e+07,0,0,0,0,62.338,61.3098,4.47658,0,1,1.15207,1.15207,0,0.889919,1.90512,8.92034e+06,3.92621e+06,1.02768e+07,0,0,0,0
85.1408,85.1408,4.45143,0,0,2.53665,2.53665,0,0.475278,4.6872,4.29233e+06,2.93738e+06,1.08881e+07,0,0,0,0,62.338,61.3098,3.94926,0,1,1.15229,1.15229,0,0.890087,1.90512,8.92034e+06,3.92621e+06,1.02788e+07,0,0,0,0
85.1408,85.1408,4.73473,0,0,2.62983,2.62983,0,0.475368,4.6872,4.29233e+06,2.93738e+06,1.12881e+07,0,0,0,0,62.338,61.3098,3.79036,0,1,1.19886,1.19886,0,0.890255,1.90512,8.92034e+06,3.92621e+06,1.06942e+07,0,0,0,0
85.1408,85.1408,4.40993,0,0,2.63033,2.63033,0,0.49283,4.6872,4.29233e+06,2.93738e+06,1.12902e+07,0,0,0,0,62.338,61.3098,4.24097,0,1,1.19908,1.19908,0,0.926236,1.90512,8.92034e+06,3.92621e+06,1.06962e+07,0,0,0,0
85.1408,85.1408,4.06098,0,0,2.63082,2.63082,0,0.492923,4.6872,4.29233e+06,2.93738e+06,1.12924e+07,0,0,0,0,62.338,61.3098,4.8365,0,1,1.19931,1.19931,0,0.926411,1.90512,8.92034e+06,3.92621e+06,1.06982e+07,0,0,0,0
85.1408,85.1408,3.47721,0,0,2.63132,2.63132,0,0.493016,4.6872,4.29233e+06,2.93738e+06,1.12945e+07,0,0,0,0,62.338,61.3098,3.91369,0,1,1.19954,1.19954,0,0.926586,1.90512,8.92034e+06,3.92621e+06,1.07003e+07,0,0,0,0
85.1408,85.1408,3.11719,0,0,2.59555,2.59555,0,0.49311,4.6872,4.29233e+06,2.93738e+06,1.11409e+07,0,0,0,0,62.338,61.3098,2.73638,0,1,1.18175,1.18175,0,0.926761,1.90512,8.92034e+06,3.92621e+06,1.05416e+07,0,0,0,0
84.9987,85.1408,2.81566,0,0,2.59604,2.59604,0,0.486405,4.6872,4.29233e+06,2.93738e+06,1.1143e+07,0,0,0,0,62.338,61.3098,2.72237,0,1,1.18197,1.18197,0,0.913017,1.90512,8.92034e+06,3.92621e+06,1.05436e+07,0,0,0,0
85.1408,85.1408,4.06229,0,0,2.59653,2.59653,0,0.486497,4.6872,4.29233e+06,2.93738e+06,1.11452e+07,0,0,0,0,62.338,61.3098,3.09827,0,1,1.18219,1.18219,0,0.91319,1.90512,8.92034e+06,3.92621e+06,1.05456e+07,0,0,0,0
85.1408,85.1408,3.07614,0,0,2.59702,2.59702,0,0.486589,4.6872,4.29233e+06,2.93738e+06,1.11473e+07,0,0,0,0,62.2656,61.3098,2.80638,0,1,1.18242,1.18242,0,0.913362,1.90512,8.92034e+06,3.92621e+06,1.05476e+07,0,0,0,0
84.6555,85.1408,2.49364,0,0,2.72073,2.72073,0,0.486681,4.6872,4.29233e+06,2.93738e+06,1.16783e+07,0,0,0,0,62.1288,61.3098,2.28842,0,1,1.24658,1.24658,0,0.913535,1.90512,8.92034e+06,3.92621e+06,1.11199e+07,0,0,0,0
83.9656,85.1408,2.24673,0,0,2.72124,2.72124,0,0.509864,4.6872,4.29233e+06,2.93738e+06,1.16805e+07,0,0,0,0,62.2074,61.3098,2.09492,0,1,1.24682,1.24682,0,0.963108,1.90512,8.92034e+06,3.92621e+06,1.1122e+07,0,0,0,0
83.2375,85.1408,2.19923,0,0,2.72176,2.72176,0,0.509961,4.6872,4.29233e+06,2.93738e+06,1.16827e+07,0,0,0,0,62.1213,61.3098,2.14308,0,1,1.24705,1.24705,0,0.96329,1.90512,8.92034e+06,3.92621e+06,1.11241e+07,0,0,0,0
82.375,85.1408,2.05282,0,0,2.72227,2.72227,0,0.510057,4.6872,4.29233e+06,2.93738e+06,1.16849e+07,0,0,0,0,62.1296,61.3098,1.97569,0,1,1.24729,1.24729,0,0.963472,1.90512,8.92034e+06,3.92621e+06,1.11262e+07,0,0,0,0
81.2465,85.1408,1.73825,0,0,2.72279,2.72279,0,0.510154,4.6872,4.29233e+06,2.93738e+06,1.16871e+07,0,0,0,0,62.1364,61.3098,1.89385,0,1,1.24752,1.24752,0,0.963654,1.90512,8.92034e+06,3.92621e+06,1.11283e+07,0,0,0,0
79.5933,85.1408,1.16011,0,0,2.69891,2.69891,0,0.51025,4.6872,4.29233e+06,2.93738e+06,1.15846e+07,0,0,0,0,62.0984,61.3098,1.76693,0,1,1.28293,1.28293,0,0.963837,1.90512,8.92034e+06,3.92621e+06,1.14442e+07,0,0,0,0
77.8477,85.1408,1.05669,0,0,2.69942,2.69942,0,0.505776,4.6872,4.29233e+06,2.93738e+06,1.15868e+07,0,0,0,0,61.9294,61.3098,1.68247,0,1,1.28318,1.28318,0,0.991195,1.90512,8.92034e+06,3.92621e+06,1.14464e+07,0,0,0,0
76.0295,85.1408,0.95988,0,0,2.69993,2.69993,0,0.505872,4.6872,4.29233e+06,2.93738e+06,1.1589e+07,0,0,0,0,61.7295,61.3098,1.54696,0,1,1.28342,1.28342,0,0.991383,1.90512,8.92034e+06,3.92621e+06,1.14485e+07,0,0,0,0
74.2042,85.1408,0.90821,0,0,2.70044,2.70044,0,0.505967,4.6872,4.29233e+06,2.93738e+06,1.15912e+07,0,0,0,0,61.4404,61.3098,1.5237,0,1,1.28366,1.28366,0,0.99157,1.90512,8.92034e+06,3.92621e+06,1.14507e+07,0,0,0,0
72.4339,85.1408,0.998396,0,0,2.76399,2.76399,0,0.506063,4.6872,4.29233e+06,2.93738e+06,1.18639e+07,0,0,0,0,61.2344,61.3098,1.63972,0,1,1.31528,1.31528,0,0.991758,1.90512,8.92034e+06,3.92621e+06,1.17327e+07,0,0,0,0
70.6835,85.1408,1.00184,0,0,2.76451,2.76451,0,0.517971,4.6872,4.29233e+06,2.93738e+06,1.18662e+07,0,0,0,0,60.9848,61.3098,1.66874,0,1,1.31553,1.31553,0,1.01618,1.90512,8.92034e+06,3.92621e+06,1.17349e+07,0,0,0,0
68.8233,85.1408,0.876072,0,0,2.76503,2.76503,0,0.518069,4.6872,4.29233e+06,2.93738e+06,1.18684e+07,0,0,0,0,60.6482,61.3098,1.54367,0,1,1.31578,1.31578,0,1.01638,1.90512,8.92034e+06,3.92621e+06,1.17372e+07,0,0,0,0
66.9126,85.1408,0.808064,0,0,2.76556,2.76556,0,0.518167,4.6872,4.29233e+06,2.93738e+06,1.18707e+07,0,0,0,0,60.2951,61.3098,1.48346,0,1,1.31602,1.31602,0,1.01657,1.90512,8.92034e+06,3.92621e+06,1.17394e+07,0,0,0,0
64.7983,85.1408,0.710469,0.01,0,2.95081,2.95081,0,0.518265,4.6872,4.29233e+06,2.93738e+06,1.26659e+07,0,0,0,0,59.777,61.3098,1.48165,0,1,1.4296,1.4296,0,1.01676,1.90512,8.92034e+06,3.92621e+06,1.27525e+07,0,0,0,0
62.6716,85.1408,0.672936,0.01,0,2.95137,2.95137,0,0.552983,4.6872,4.29233e+06,2.93738e+06,1.26683e+07,0,0,0,0,59.1782,61.3098,1.40554,0,1,1.42987,1.42987,0,1.10451,1.90512,8.92034e+06,3.92621e+06,1.27549e+07,0,0,0,0
60.5516,85.1408,0.655279,0.01,0,2.95193,2.95193,0,0.553087,4.6872,4.29233e+06,2.93738e+06,1.26707e+07,0,0,0,0,58.6856,61.3098,1.32163,0,1,1.43014,1.43014,0,1.10472,1.90512,8.92034e+06,3.92621e+06,1.27573e+07,0,0,0,0
58.7283,85.1408,0.937343,0.01,0,2.95249,2.95249,0,0.553192,4.6872,4.29233e+06,2.93738e+06,1.26731e+07,0,0,0,0,58.3256,61.3098,1.54148,0,1,1.43041,1.43041,0,1.10493,1.90512,8.92034e+06,3.92621e+06,1.27597e+07,0,0,0,0
57.1756,85.1408,1.25225,0.02,0,2.95305,2.95305,0,0.553296,4.6872,4.29233e+06,2.93738e+06,1.26755e+07,0,0,0,0,58.1084,61.3098,1.75852,0,1,1.43068,1.43068,0,1.10514,1.90512,8.92034e+06,3.92621e+06,1.27622e+07,0,0,0,0
55.4282,85.1408,0.995791,0.02,0,2.86349,2.86349,0,0.553401,4.6872,4.29233e+06,2.93738e+06,1.2291e+07,0,0,0,0,58.1773,61.3098,1.67055,0,1,1.3621,1.3621,0,1.10534,1.90512,8.92034e+06,3.92621e+06,1.21504e+07,0,0,0,0
53.5534,85.1408,0.841289,0.02,0,2.86403,2.86403,0,0.536618,4.6872,4.29233e+06,2.93738e+06,1.22934e+07,0,0,0,0,58.2281,61.3098,2.67343,0,1,1.36236,1.36236,0,1.05236,1.90512,8.92034e+06,3.92621e+06,1.21527e+07,0,0,0,0
51.5893,85.1408,0.726895,0.02,0,2.86457,2.86457,0,0.536719,4.6872,4.29233e+06,2.93738e+06,1.22957e+07,0,0,0,0,57.7995,61.3098,1.48499,0,1,1.36262,1.36262,0,1.05256,1.90512,8.92034e+06,3.92621e+06,1.2155e+07,0,0,0,0
49.6685,85.1408,0.754349,0.02,0,2.86511,2.86511,0,0.536821,4.6872,4.29233e+06,2.93738e+06,1.2298e+07,0,0,0,0,57.3129,61.3098,1.4358,0,1,1.36288,1.36288,0,1.05276,1.90512,8.92034e+06,3.92621e+06,1.21573e+07,0,0,0,0
47.9259,85.1408,0.941212,0.03,0,2.79163,2.79163,0,0.536922,4.6872,4.29233e+06,2.93738e+06,1.19826e+07,0,0,0,0,56.9237,61.3098,1.41959,0,1,1.30042,1.30042,0,1.05296,1.90512,8.92034e+06,3.92621e+06,1.16001e+07,0,0,0,0
46.1092,85.1408,0.841634,0.02,0,2.79216,2.79216,0,0.523151,4.6872,4.29233e+06,2.93738e+06,1.19849e+07,0,0,0,0,56.5182,61.3098,1.2397,0,1,1.30066,1.30066,0,1.0047,1.90512,8.92034e+06,3.92621e+06,1.16023e+07,0,0,0,0
44.6306,85.1408,1.20119,0.02,0,2.79268,2.79268,0,0.52325,4.6872,4.29233e+06,2.93738e+06,1.19871e+07,0,0,0,0,56.5887,61.3098,1.54842,0,1,1.30091,1.30091,0,1.00489,1.90512,8.92034e+06,3.92621e+06,1.16045e+07,0,0,0,0
44.4478,85.1408,2.50595,0.02,0,2.79321,2.79321,0,0.523349,4.6872,4.29233e+06,2.93738e+06,1.19894e+07,0,0,0,0,57.0144,61.3098,2.54952,0,1,1.30115,1.30115,0,1.00508,1.90512,8.92034e+06,3.92621e+06,1.16067e+07,0,0,0,0
43.7532,85.1408,1.8164,0.02,0,2.58334,2.58334,0,0.523448,4.6872,4.29233e+06,2.93738e+06,1.10885e+07,0,0,0,0,57.2776,61.3098,1.73315,0,1,1.17068,1.17068,0,1.00527,1.90512,8.92034e+06,3.92621e+06,1.04428e+07,0,0,0,0
43.3072,85.1408,2.07008,0.02,0,2.58383,2.58383,0,0.484118,4.6872,4.29233e+06,2.93738e+06,1.10906e+07,0,0,0,0,57.5675,61.3098,2.41481,0,1,1.1709,1.1709,0,0.904466,1.90512,8.92034e+06,3.92621e+06,1.04448e+07,0,0,0,0
42.7211,85.1408,1.91539,0.02,0,2.58432,2.58432,0,0.48421,4.6872,4.29233e+06,2.93738e+06,1.10927e+07,0,0,0,0,57.6265,61.3098,2.01797,0,1,1.17112,1.17112,0,0.904638,1.90512,8.92034e+06,3.92621e+06,1.04468e+07,0,0,0,0
42.1732,85.1408,1.91993,0.02,0,2.58481,2.58481,0,0.484301,4.6872,4.29233e+06,2.93738e+06,1.10948e+07,0,0,0,0,57.9708,61.3098,1.86265,0,1,1.17134,1.17134,0,0.904809,1.90512,8.92034e+06,3.92621e+06,1.04488e+07,0,0,0,0
42.3502,85.1408,2.64966,0.05,0,2.5853,2.5853,0,0.484393,4.6872,4.29233e+06,2.93738e+06,1.10969e+07,0,0,0,0,58.7665,61.3098,2.60608,0,1,1.17157,1.17157,0,0.90498,1.90512,8.92034e+06,3.92621e+06,1.04508e+07,0,0,0,0
45.251,85.1408,5.66743,0.05,0,2.66678,2.66678,0,0.484484,4.6872,4.29233e+06,2.93738e+06,1.14467e+07,0,0,0,0,59.8881,61.3098,4.91551,0,1,1.20967,1.20967,0,0.905151,1.90512,8.92034e+06,3.92621e+06,1.07907e+07,0,0,0,0
47.1498,85.1408,4.6409,0.02,0,2.66727,2.66727,0,0.499755,4.6872,4.29233e+06,2.93738e+06,1.14488e+07,0,0,0,0,61.2704,61.3098,6.24252,0,1,1.20989,1.20989,0,0.934592,1.90512,8.92034e+06,3.92621e+06,1.07926e+07,0,0,0,0
52.5758,85.1408,8.4578,0.02,0,2.66775,2.66775,0,0.499846,4.6872,4.29233e+06,2.93738e+06,1.14509e+07,0,0,0,0,62.338,61.3098,10.1762,0,1,1.21011,1.21011,0,0.934762,1.90512,8.92034e+06,3.92621e+06,1.07946e+07,0,0,0,0
57.2817,85.1408,7.83888,0.01,0,2.66824,2.66824,0,0.499937,4.6872,4.29233e+06,2.93738e+06,1.14529e+07,0,0,0,0,62.338,61.3098,7.43506,0,1,1.21033,1.21033,0,0.934932,1.90512,8.92034e+06,3.92621e+06,1.07966e+07,0,0,0,0
61.7423,85.1408,8.09487,0.01,0,2.92902,2.92902,0,0.500027,4.6872,4.29233e+06,2.93738e+06,1.25723e+07,0,0,0,0,62.338,61.3098,9.33102,0,1,1.35289,1.35289,0,0.935101,1.90512,8.92034e+06,3.92621e+06,1.20682e+07,0,0,0,0
67.3271,85.1408,9.29454,0.01,0,2.92955,2.92955,0,0.548899,4.6872,4.29233e+06,2.93738e+06,1.25746e+07,0,0,0,0,62.338,61.3098,10.8196,0,1,1.35313,1.35313,0,1.04524,1.90512,8.92034e+06,3.92621e+06,1.20704e+07,0,0,0,0
71.2064,85.1408,7.52032,0.01,0,2.93009,2.93009,0,0.548998,4.6872,4.29233e+06,2.93738e+06,1.25769e+07,0,0,0,0,62.338,61.3098,10.9326,0,1,1.35338,1.35338,0,1.04543,1.90512,8.92034e+06,3.92621e+06,1.20726e+07,0,0,0,0
75.5542,85.1408,8.04362,0,0,2.93062,2.93062,0,0.549098,4.6872,4.29233e+06,2.93738e+06,1.25792e+07,0,0,0,0,62.338,61.3098,9.06728,0,1,1.35362,1.35362,0,1.04562,1.90512,8.92034e+06,3.92621e+06,1.20748e+07,0,0,0,0
81.7459,85.1408,9.66065,0,0,2.55961,2.55961,0,0.549198,4.6872,4.29233e+06,2.93738e+06,1.09867e+07,0,0,0,0,62.338,61.3098,7.75633,0,1,1.16272,1.16272,0,1.04581,1.90512,8.92034e+06,3.92621e+06,1.03718e+07,0,0,0,0
82.8911,85.1408,4.40563,0,0,2.56007,2.56007,0,0.479671,4.6872,4.29233e+06,2.93738e+06,1.09887e+07,0,0,0,0,62.338,61.3098,4.32716,0,1,1.16293,1.16293,0,0.898314,1.90512,8.92034e+06,3.92621e+06,1.03737e+07,0,0,0,0
85.1408,85.1408,5.79079,0,0,2.56054,2.56054,0,0.479758,4.6872,4.29233e+06,2.93738e+06,1.09907e+07,0,0,0,0,62.338,61.3098,7.4247,0,1,1.16314,1.16314,0,0.898477,1.90512,8.92034e+06,3.92621e+06,1.03756e+07,0,0,0,0
85.1408,85.1408,5.77102,0,0,2.561,2.561,0,0.479845,4.6872,4.29233e+06,2.93738e+06,1.09927e+07,0,0,0,0,62.338,61.3098,6.21032,0,1,1.16335,1.16335,0,0.89864,1.90512,8.92034e+06,3.92621e+06,1.03775e+07,0,0,0,0
85.1408,85.1408,4.97313,0,0,2.56147,2.56147,0,0.479932,4.6872,4.29233e+06,2.93738e+06,1.09947e+07,0,0,0,0,62.338,61.3098,6.71871,0,1,1.16356,1.16356,0,0.898803,1.90512,8.92034e+06,3.92621e+06,1.03794e+07,0,0,0,0
85.1408,85.1408,5.7894,0,0,2.65554,2.65554,0,0.48002,4.6872,4.29233e+06,2.93738e+06,1.13985e+07,0,0,0,0,62.338,61.3098,4.81206,0,1,1.21058,1.21058,0,0.898967,1.90512,8.92034e+06,3.92621e+06,1.07988e+07,0,0,0,0
85.1408,85.1408,4.61817,0,0,2.65603,2.65603,0,0.497649,4.6872,4.29233e+06,2.93738e+06,1.14005e+07,0,0,0,0,62.338,61.3098,4.29765,0,1,1.2108,1.2108,0,0.935292,1.90512,8.92034e+06,3.92621e+06,1.08007e+07,0,0,0,0
85.1408,85.1408,4.02913,0,0,2.65651,2.65651,0,0.497739,4.6872,4.29233e+06,2.93738e+06,1.14026e+07,0,0,0,0,62.338,61.3098,4.01567,0,1,1.21102,1.21102,0,0.935462,1.90512,8.92034e+06,3.92621e+06,1.08027e+07,0,0,0,0
85.1408,85.1408,4.23991,0,0,2.65699,2.65699,0,0.49783,4.6872,4.29233e+06,2.93738e+06,1.14047e+07,0,0,0,0,62.338,61.3098,3.79436,0,1,1.21124,1.21124,0,0.935632,1.90512,8.92034e+06,3.92621e+06,1.08046e+07,0,0,0,0
85.1408,85.1408,4.35543,0,0,2.62085,2.62085,0,0.49792,4.6872,4.29233e+06,2.93738e+06,1.12495e+07,0,0,0,0,62.338,61.3098,4.04499,0,1,1.19327,1.19327,0,0.935802,1.90512,8.92034e+06,3.92621e+06,1.06443e+07,0,0,0,0
85.1408,85.1408,3.54734,0,0,2.62132,2.62132,0,0.491147,4.6872,4.29233e+06,2.93738e+06,1.12516e+07,0,0,0,0,62.338,61.3098,3.44368,0,1,1.19348,1.19348,0,0.921917,1.90512,8.92034e+06,3.92621e+06,1.06463e+07,0,0,0,0
85.1408,85.1408,3.12779,0,0,2.6218,2.6218,0,0.491236,4.6872,4.29233e+06,2.93738e+06,1.12536e+07,0,0,0,0,62.338,61.3098,3.06337,0,1,1.1937,1.1937,0,0.922085,1.90512,8.92034e+06,3.92621e+06,1.06482e+07,0,0,0,0
84.9397,85.1408,2.81187,0,0,2.62228,2.62228,0,0.491325,4.6872,4.29233e+06,2.93738e+06,1.12557e+07,0,0,0,0,62.338,61.3098,2.74327,0,1,1.19392,1.19392,0,0.922252,1.90512,8.92034e+06,3.92621e+06,1.06501e+07,0,0,0,0
84.63,85.1408,2.77075,0,0,2.74717,2.74717,0,0.491415,4.6872,4.29233e+06,2.93738e+06,1.17918e+07,0,0,0,0,62.338,61.3098,2.65455,0,1,1.25869,1.25869,0,0.92242,1.90512,8.92034e+06,3.92621e+06,1.1228e+07,0,0,0,0
84.4393,85.1408,2.87472,0,0,2.74767,2.74767,0,0.51482,4.6872,4.29233e+06,2.93738e+06,1.17939e+07,0,0,0,0,62.338,61.3098,2.6639,0,1,1.25892,1.25892,0,0.972468,1.90512,8.92034e+06,3.92621e+06,1.123e+07,0,0,0,0
84.1357,85.1408,2.75194,0,0,2.74817,2.74817,0,0.514913,4.6872,4.29233e+06,2.93738e+06,1.1796e+07,0,0,0,0,62.338,61.3098,2.91691,0,1,1.25915,1.25915,0,0.972644,1.90512,8.92034e+06,3.92621e+06,1.12321e+07,0,0,0,0
83.6025,85.1408,2.53754,0,0,2.74867,2.74867,0,0.515007,4.6872,4.29233e+06,2.93738e+06,1.17982e+07,0,0,0,0,62.338,61.3098,2.76377,0,1,1.25938,1.25938,0,0.972821,1.90512,8.92034e+06,3.92621e+06,1.12341e+07,0,0,0,0
83.0144,85.1408,2.40537,0,0,2.74917,2.74917,0,0.5151,4.6872,4.29233e+06,2.93738e+06,1.18003e+07,0,0,0,0,62.338,61.3098,2.82085,0,1,1.25961,1.25961,0,0.972998,1.90512,8.92034e+06,3.92621e+06,1.12361e+07,0,0,0,0
82.3413,85.1408,2.26704,0,0,2.72504,2.72504,0,0.515194,4.6872,4.29233e+06,2.93738e+06,1.16968e+07,0,0,0,0,62.338,61.3098,2.87763,0,1,1.29536,1.29536,0,0.973175,1.90512,8.92034e+06,3.92621e+06,1.1555e+07,0,0,0,0
81.4801,85.1408,2.0723,0,0,2.72554,2.72554,0,0.510672,4.6872,4.29233e+06,2.93738e+06,1.16989e+07,0,0,0,0,62.338,61.3098,2.8331,0,1,1.29559,1.29559,0,1.00079,1.90512,8.92034e+06,3.92621e+06,1.15571e+07,0,0,0,0
80.4458,85.1408,1.8785,0,0,2.72603,2.72603,0,0.510765,4.6872,4.29233e+06,2.93738e+06,1.1701e+07,0,0,0,0,62.338,61.3098,2.54384,0,1,1.29583,1.29583,0,1.00097,1.90512,8.92034e+06,3.92621e+06,1.15592e+07,0,0,0,0
79.3602,85.1408,1.77583,0,0,2.72653,2.72653,0,0.510858,4.6872,4.29233e+06,2.93738e+06,1.17031e+07,0,0,0,0,62.2986,61.3098,2.51711,0,1,1.29606,1.29606,0,1.00116,1.90512,8.92034e+06,3.92621e+06,1.15613e+07,0,0,0,0
78.1273,85.1408,1.67748,0,0,2.79067,2.79067,0,0.510951,4.6872,4.29233e+06,2.93738e+06,1.19785e+07,0,0,0,0,62.1741,61.3098,2.12889,0,1,1.32797,1.32797,0,1.00134,1.90512,8.92034e+06,3.92621e+06,1.1846e+07,0,0,0,0
77.1455,85.1408,1.93299,0,0,2.79117,2.79117,0,0.522971,4.6872,4.29233e+06,2.93738e+06,1.19806e+07,0,0,0,0,62.1595,61.3098,2.41122,0,1,1.32821,1.32821,0,1.02599,1.90512,8.92034e+06,3.92621e+06,1.18481e+07,0,0,0,0
76.0462,85.1408,1.78816,0,0,2.79168,2.79168,0,0.523066,4.6872,4.29233e+06,2.93738e+06,1.19828e+07,0,0,0,0,62.0623,61.3098,2.47378,0,1,1.32846,1.32846,0,1.02618,1.90512,8.92034e+06,3.92621e+06,1.18503e+07,0,0,0,0
74.8279,85.1408,1.6573,0,0,2.79219,2.79219,0,0.523161,4.6872,4.29233e+06,2.93738e+06,1.1985e+07,0,0,0,0,61.926,61.3098,2.19918,0,1,1.3287,1.3287,0,1.02637,1.90512,8.92034e+06,3.92621e+06,1.18524e+07,0,0,0,0
73.4714,85.1408,1.6625,0,0,2.97921,2.97921,0,0.523256,4.6872,4.29233e+06,2.93738e+06,1.27877e+07,0,0,0,0,61.7081,61.3098,2.29255,0,1,1.44336,1.44336,0,1.02655,1.90512,8.92034e+06,3.92621e+06,1.28752e+07,0,0,0,0
72.3092,85.1408,1.85073,0,0,2.97975,2.97975,0,0.558303,4.6872,4.29233e+06,2.93738e+06,1.27901e+07,0,0,0,0,61.5167,61.3098,2.63549,0,1,1.44362,1.44362,0,1.11514,1.90512,8.92034e+06,3.92621e+06,1.28776e+07,0,0,0,0
71.2685,85.1408,1.99413,0,0,2.98029,2.98029,0,0.558405,4.6872,4.29233e+06,2.93738e+06,1.27924e+07,0,0,0,0,61.4496,61.3098,3.24694,0,1,1.44388,1.44388,0,1.11534,1.90512,8.92034e+06,3.92621e+06,1.28799e+07,0,0,0,0
69.9078,85.1408,1.65395,0,0,2.98083,2.98083,0,0.558506,4.6872,4.29233e+06,2.93738e+06,1.27947e+07,0,0,0,0,61.202,61.3098,2.24887,0,1,1.44414,1.44414,0,1.11554,1.90512,8.92034e+06,3.92621e+06,1.28822e+07,0,0,0,0
68.9329,85.1408,2.02552,0,0,2.98137,2.98137,0,0.558608,4.6872,4.29233e+06,2.93738e+06,1.2797e+07,0,0,0,0,61.3086,61.3098,4.32628,0,1,1.44441,1.44441,0,1.11574,1.90512,8.92034e+06,3.92621e+06,1.28846e+07,0,0,0,0
68.3751,85.1408,2.36092,0,0,2.89093,2.89093,0,0.55871,4.6872,4.29233e+06,2.93738e+06,1.24088e+07,0,0,0,0,61.1317,61.3098,2.60009,0,1,1.37516,1.37516,0,1.11595,1.90512,8.92034e+06,3.92621e+06,1.22669e+07,0,0,0,0
67.423,85.1408,1.95871,0,0,2.89146,2.89146,0,0.541761,4.6872,4.29233e+06,2.93738e+06,1.24111e+07,0,0,0,0,61.1392,61.3098,4.29301,0,1,1.37541,1.37541,0,1.06245,1.90512,8.92034e+06,3.92621e+06,1.22691e+07,0,0,0,0
66.1649,85.1408,1.63987,0.02,0,2.89199,2.89199,0,0.54186,4.6872,4.29233e+06,2.93738e+06,1.24134e+07,0,0,0,0,60.847,61.3098,2.23555,0,1,1.37566,1.37566,0,1.06264,1.90512,8.92034e+06,3.92621e+06,1.22713e+07,0,0,0,0
65.5389,85.1408,2.32903,0.02,0,2.89251,2.89251,0,0.541958,4.6872,4.29233e+06,2.93738e+06,1.24156e+07,0,0,0,0,60.6804,61.3098,2.55507,0,1,1.37591,1.37591,0,1.06283,1.90512,8.92034e+06,3.92621e+06,1.22736e+07,0,0,0,0
65.1609,85.1408,2.69559,0.02,0,2.8183,2.8183,0,0.542057,4.6872,4.29233e+06,2.93738e+06,1.20971e+07,0,0,0,0,60.9456,61.3098,3.34447,0,1,1.31284,1.31284,0,1.06303,1.90512,8.92034e+06,3.92621e+06,1.1711e+07,0,0,0,0
64.1515,85.1408,1.91842,0.01,0,2.81882,2.81882,0,0.52815,4.6872,4.29233e+06,2.93738e+06,1.20993e+07,0,0,0,0,61.2723,61.3098,3.47209,0,1,1.31308,1.31308,0,1.0143,1.90512,8.92034e+06,3.92621e+06,1.17131e+07,0,0,0,0
68.5217,85.1408,7.40881,0.01,0,2.81933,2.81933,0,0.528246,4.6872,4.29233e+06,2.93738e+06,1.21015e+07,0,0,0,0,62.152,61.3098,5.36394,0,1,1.31332,1.31332,0,1.01449,1.90512,8.92034e+06,3.92621e+06,1.17152e+07,0,0,0,0
71.0565,85.1408,5.68936,0,0,2.81984,2.81984,0,0.528342,4.6872,4.29233e+06,2.93738e+06,1.21037e+07,0,0,0,0,62.338,61.3098,5.57122,0,1,1.31356,1.31356,0,1.01467,1.90512,8.92034e+06,3.92621e+06,1.17174e+07,0,0,0,0
72.5803,85.1408,4.59235,0,0,2.60795,2.60795,0,0.528438,4.6872,4.29233e+06,2.93738e+06,1.11942e+07,0,0,0,0,62.338,61.3098,4.76097,0,1,1.18183,1.18183,0,1.01485,1.90512,8.92034e+06,3.92621e+06,1.05423e+07,0,0,0,0
77.0211,85.1408,7.74798,0,0,2.60842,2.60842,0,0.48873,4.6872,4.29233e+06,2.93738e+06,1.11962e+07,0,0,0,0,62.338,61.3098,9.72521,0,1,1.18205,1.18205,0,0.913082,1.90512,8.92034e+06,3.92621e+06,1.05442e+07,0,0,0,0
80.41,85.1408,6.71404,0,0,2.6089,2.6089,0,0.488818,4.6872,4.29233e+06,2.93738e+06,1.11982e+07,0,0,0,0,62.338,61.3098,8.38958,0,1,1.18226,1.18226,0,0.913248,1.90512,8.92034e+06,3.92621e+06,1.05462e+07,0,0,0,0
83.4961,85.1408,6.46639,0,0,2.60937,2.60937,0,0.488907,4.6872,4.29233e+06,2.93738e+06,1.12003e+07,0,0,0,0,62.338,61.3098,8.17011,0,1,1.18248,1.18248,0,0.913414,1.90512,8.92034e+06,3.92621e+06,1.05481e+07,0,0,0,0
85.1408,85.1408,8.85874,0,0,2.60985,2.60985,0,0.488996,4.6872,4.29233e+06,2.93738e+06,1.12023e+07,0,0,0,0,62.338,61.3098,10.745,0,1,1.18269,1.18269,0,0.91358,1.90512,8.92034e+06,3.92621e+06,1.055e+07,0,0,0,0
85.1408,85.1408,7.30828,0,0,2.69209,2.69209,0,0.489085,4.6872,4.29233e+06,2.93738e+06,1.15553e+07,0,0,0,0,62.338,61.3098,6.2634,0,1,1.22115,1.22115,0,0.913746,1.90512,8.92034e+06,3.92621e+06,1.08931e+07,0,0,0,0
85.1408,85.1408,8.06821,0,0,2.69256,2.69256,0,0.504497,4.6872,4.29233e+06,2.93738e+06,1.15573e+07,0,0,0,0,62.338,61.3098,5.62646,0,1,1.22136,1.22136,0,0.94346,1.90512,8.92034e+06,3.92621e+06,1.0895e+07,0,0,0,0
85.1408,85.1408,7.12014,0,0,2.69303,2.69303,0,0.504585,4.6872,4.29233e+06,2.93738e+06,1.15594e+07,0,0,0,0,62.338,61.3098,5.6637,0,1,1.22158,1.22158,0,0.943624,1.90512,8.92034e+06,3.92621e+06,1.08969e+07,0,0,0,0
85.1408,85.1408,7.07162,0,0,2.6935,2.6935,0,0.504673,4.6872,4.29233e+06,2.93738e+06,1.15614e+07,0,0,0,0,62.338,61.3098,5.9056,0,1,1.22179,1.22179,0,0.943789,1.90512,8.92034e+06,3.92621e+06,1.08988e+07,0,0,0,0
85.1408,85.1408,6.21991,0,0,2.95673,2.95673,0,0.504761,4.6872,4.29233e+06,2.93738e+06,1.26913e+07,0,0,0,0,62.338,61.3098,4.52307,0,1,1.36568,1.36568,0,0.943954,1.90512,8.92034e+06,3.92621e+06,1.21823e+07,0,0,0,0
85.1408,85.1408,5.43457,0,0,2.95724,2.95724,0,0.554091,4.6872,4.29233e+06,2.93738e+06,1.26935e+07,0,0,0,0,62.338,61.3098,3.68411,0,1,1.36592,1.36592,0,1.05513,1.90512,8.92034e+06,3.92621e+06,1.21845e+07,0,0,0,0
85.1408,85.1408,6.38362,0,0,2.95776,2.95776,0,0.554188,4.6872,4.29233e+06,2.93738e+06,1.26957e+07,0,0,0,0,62.338,61.3098,3.69561,0,1,1.36616,1.36616,0,1.05531,1.90512,8.92034e+06,3.92621e+06,1.21866e+07,0,0,0,0
85.1408,85.1408,5.76078,0,0,2.95828,2.95828,0,0.554284,4.6872,4.29233e+06,2.93738e+06,1.26979e+07,0,0,0,0,62.338,61.3098,4.72832,0,1,1.3664,1.3664,0,1.05549,1.90512,8.92034e+06,3.92621e+06,1.21887e+07,0,0,0,0
85.1408,85.1408,4.2123,0,0,2.58375,2.58375,0,0.554381,4.6872,4.29233e+06,2.93738e+06,1.10903e+07,0,0,0,0,62.338,61.3098,3.10692,0,1,1.17368,1.17368,0,1.05568,1.90512,8.92034e+06,3.92621e+06,1.04696e+07,0,0,0,0
85.1408,85.1408,3.39193,0,0,2.5842,2.5842,0,0.484194,4.6872,4.29233e+06,2.93738e+06,1.10922e+07,0,0,0,0,62.338,61.3098,2.33208,0,1,1.17388,1.17388,0,0.906785,1.90512,8.92034e+06,3.92621e+06,1.04714e+07,0,0,0,0
85.1399,85.1408,3.19217,0,0,2.58465,2.58465,0,0.484279,4.6872,4.29233e+06,2.93738e+06,1.10942e+07,0,0,0,0,62.338,61.3098,2.45723,0,1,1.17409,1.17409,0,0.906943,1.90512,8.92034e+06,3.92621e+06,1.04733e+07,0,0,0,0
85.1408,85.1408,9.66651,0,0,2.5851,2.5851,0,0.484363,4.6872,4.29233e+06,2.93738e+06,1.10961e+07,0,0,0,0,62.338,61.3098,5.61114,0,1,1.17429,1.17429,0,0.907101,1.90512,8.92034e+06,3.92621e+06,1.04751e+07,0,0,0,0
85.1408,85.1408,10.2569,0,0,2.58555,2.58555,0,0.484448,4.6872,4.29233e+06,2.93738e+06,1.1098e+07,0,0,0,0,62.338,61.3098,6.50156,0,1,1.1745,1.1745,0,0.907259,1.90512,8.92034e+06,3.92621e+06,1.04769e+07,0,0,0,0
85.1408,85.1408,5.10874,0,0,2.68049,2.68049,0,0.484532,4.6872,4.29233e+06,2.93738e+06,1.15055e+07,0,0,0,0,62.338,61.3098,2.76785,0,1,1.22195,1.22195,0,0.907418,1.90512,8.92034e+06,3.92621e+06,1.09002e+07,0,0,0,0
85.1408,85.1408,5.68701,0,0,2.68096,2.68096,0,0.502323,4.6872,4.29233e+06,2.93738e+06,1.15075e+07,0,0,0,0,62.338,61.3098,4.99116,0,1,1.22216,1.22216,0,0.944078,1.90512,8.92034e+06,3.92621e+06,1.09021e+07,0,0,0,0
85.1408,85.1408,4.89064,0,0,2.68142,2.68142,0,0.502411,4.6872,4.29233e+06,2.93738e+06,1.15096e+07,0,0,0,0,62.338,61.3098,5.66323,0,1,1.22238,1.22238,0,0.944243,1.90512,8.92034e+06,3.92621e+06,1.0904e+07,0,0,0,0
85.1408,85.1408,3.5349,0,0,2.68189,2.68189,0,0.502499,4.6872,4.29233e+06,2.93738e+06,1.15116e+07,0,0,0,0,62.338,61.3098,4.03538,0,1,1.22259,1.22259,0,0.944407,1.90512,8.92034e+06,3.92621e+06,1.09059e+07,0,0,0,0
85.0268,85.1408,3.05478,0,0,2.64539,2.64539,0,0.502586,4.6872,4.29233e+06,2.93738e+06,1.13549e+07,0,0,0,0,62.3284,61.3098,2.87688,0,1,1.20444,1.20444,0,0.944572,1.90512,8.92034e+06,3.92621e+06,1.0744e+07,0,0,0,0
84.8324,85.1408,2.85086,0,0,2.64585,2.64585,0,0.495746,4.6872,4.29233e+06,2.93738e+06,1.13569e+07,0,0,0,0,62.338,61.3098,2.20298,0,1,1.20465,1.20465,0,0.93055,1.90512,8.92034e+06,3.92621e+06,1.07459e+07,0,0,0,0
84.573,85.1408,2.77917,0,0,2.64631,2.64631,0,0.495832,4.6872,4.29233e+06,2.93738e+06,1.13588e+07,0,0,0,0,62.338,61.3098,2.47787,0,1,1.20486,1.20486,0,0.930712,1.90512,8.92034e+06,3.92621e+06,1.07478e+07,0,0,0,0
84.2709,85.1408,2.72955,0,0,2.64677,2.64677,0,0.495919,4.6872,4.29233e+06,2.93738e+06,1.13608e+07,0,0,0,0,62.3323,61.3098,2.24388,0,1,1.20507,1.20507,0,0.930875,1.90512,8.92034e+06,3.92621e+06,1.07496e+07,0,0,0,0
83.7897,85.1408,2.62268,0,0,2.77281,2.77281,0,0.496005,4.6872,4.29233e+06,2.93738e+06,1.19018e+07,0,0,0,0,62.2101,61.3098,2.05062,0,1,1.27044,1.27044,0,0.931037,1.90512,8.92034e+06,3.92621e+06,1.13328e+07,0,0,0,0
83.4272,85.1408,2.70637,0,0,2.7733,2.7733,0,0.519625,4.6872,4.29233e+06,2.93738e+06,1.19039e+07,0,0,0,0,62.338,61.3098,2.00654,0,1,1.27067,1.27067,0,0.981545,1.90512,8.92034e+06,3.92621e+06,1.13348e+07,0,0,0,0
82.9807,85.1408,2.61276,0,0,2.77378,2.77378,0,0.519716,4.6872,4.29233e+06,2.93738e+06,1.1906e+07,0,0,0,0,62.338,61.3098,2.1626,0,1,1.27089,1.27089,0,0.981717,1.90512,8.92034e+06,3.92621e+06,1.13367e+07,0,0,0,0
82.3109,85.1408,2.40164,0,0,2.77426,2.77426,0,0.519806,4.6872,4.29233e+06,2.93738e+06,1.19081e+07,0,0,0,0,62.338,61.3098,2.05315,0,1,1.27111,1.27111,0,0.981888,1.90512,8.92034e+06,3.92621e+06,1.13387e+07,0,0,0,0
81.5722,85.1408,2.27392,0,0,2.77475,2.77475,0,0.519897,4.6872,4.29233e+06,2.93738e+06,1.19101e+07,0,0,0,0,62.1205,61.3098,2.07484,0,1,1.27133,1.27133,0,0.982059,1.90512,8.92034e+06,3.92621e+06,1.13407e+07,0,0,0,0
80.779,85.1408,2.13567,0,0,2.75038,2.75038,0,0.519988,4.6872,4.29233e+06,2.93738e+06,1.18055e+07,0,0,0,0,61.9887,61.3098,1.76505,0,1,1.3074,1.3074,0,0.98223,1.90512,8.92034e+06,3.92621e+06,1.16624e+07,0,0,0,0
79.9003,85.1408,2.02541,0,0,2.75086,2.75086,0,0.515421,4.6872,4.29233e+06,2.93738e+06,1.18076e+07,0,0,0,0,61.7775,61.3098,1.70499,0,1,1.30763,1.30763,0,1.0101,1.90512,8.92034e+06,3.92621e+06,1.16645e+07,0,0,0,0
78.9091,85.1408,1.89823,0,0,2.75134,2.75134,0,0.515511,4.6872,4.29233e+06,2.93738e+06,1.18096e+07,0,0,0,0,61.4337,61.3098,1.58955,0,1,1.30786,1.30786,0,1.01027,1.90512,8.92034e+06,3.92621e+06,1.16665e+07,0,0,0,0
77.81,85.1408,1.77989,0,0,2.75182,2.75182,0,0.515601,4.6872,4.29233e+06,2.93738e+06,1.18117e+07,0,0,0,0,61.0054,61.3098,1.49493,0,1,1.30808,1.30808,0,1.01045,1.90512,8.92034e+06,3.92621e+06,1.16685e+07,0,0,0,0
76.6291,85.1408,1.73087,0,0,2.81653,2.81653,0,0.51569,4.6872,4.29233e+06,2.93738e+06,1.20895e+07,0,0,0,0,60.6129,61.3098,1.52688,0,1,1.34028,1.34028,0,1.01063,1.90512,8.92034e+06,3.92621e+06,1.19558e+07,0,0,0,0
75.2609,85.1408,1.50432,0,0,2.81702,2.81702,0,0.527818,4.6872,4.29233e+06,2.93738e+06,1.20916e+07,0,0,0,0,60.0592,61.3098,1.42989,0,1,1.34052,1.34052,0,1.0355,1.90512,8.92034e+06,3.92621e+06,1.19578e+07,0,0,0,0
73.809,85.1408,1.40752,0,0,2.81751,2.81751,0,0.52791,4.6872,4.29233e+06,2.93738e+06,1.20937e+07,0,0,0,0,59.527,61.3098,1.31241,0,1,1.34075,1.34075,0,1.03568,1.90512,8.92034e+06,3.92621e+06,1.19599e+07,0,0,0,0
72.3492,85.1408,1.38426,0,0,2.81801,2.81801,0,0.528002,4.6872,4.29233e+06,2.93738e+06,1.20958e+07,0,0,0,0,59.1108,61.3098,1.40749,0,1,1.34098,1.34098,0,1.03586,1.90512,8.92034e+06,3.92621e+06,1.1962e+07,0,0,0,0
70.9207,85.1408,1.54383,0,0,3.00673,3.00673,0,0.528094,4.6872,4.29233e+06,2.93738e+06,1.29059e+07,0,0,0,0,58.4851,61.3098,1.51658,0,1,1.45669,1.45669,0,1.03604,1.90512,8.92034e+06,3.92621e+06,1.29942e+07,0,0,0,0
69.7862,85.1408,1.81567,0,0,3.00726,3.00726,0,0.563462,4.6872,4.29233e+06,2.93738e+06,1.29081e+07,0,0,0,0,57.8208,61.3098,1.36694,0,1,1.45694,1.45694,0,1.12544,1.90512,8.92034e+06,3.92621e+06,1.29964e+07,0,0,0,0
68.4471,85.1408,1.62129,0,0,3.00778,3.00778,0,0.56356,4.6872,4.29233e+06,2.93738e+06,1.29104e+07,0,0,0,0,57.1853,61.3098,1.31087,0,1,1.4572,1.4572,0,1.12564,1.90512,8.92034e+06,3.92621e+06,1.29987e+07,0,0,0,0
67.1517,85.1408,1.64183,0.01,0,3.00831,3.00831,0,0.563658,4.6872,4.29233e+06,2.93738e+06,1.29126e+07,0,0,0,0,56.8339,61.3098,1.43034,0,1,1.45745,1.45745,0,1.12583,1.90512,8.92034e+06,3.92621e+06,1.3001e+07,0,0,0,0
65.8805,85.1408,1.65701,0.02,0,3.00883,3.00883,0,0.563757,4.6872,4.29233e+06,2.93738e+06,1.29149e+07,0,0,0,0,56.2085,61.3098,1.6441,0,1,1.45771,1.45771,0,1.12603,1.90512,8.92034e+06,3.92621e+06,1.30032e+07,0,0,0,0
64.5718,85.1408,1.54372,0.01,0,2.91754,2.91754,0,0.563855,4.6872,4.29233e+06,2.93738e+06,1.2523e+07,0,0,0,0,56.1287,61.3098,1.3541,0,1,1.38781,1.38781,0,1.12622,1.90512,8.92034e+06,3.92621e+06,1.23798e+07,0,0,0,0
64.6072,85.1408,2.87569,0.01,0,2.91805,2.91805,0,0.546747,4.6872,4.29233e+06,2.93738e+06,1.25252e+07,0,0,0,0,56.0654,61.3098,2.41895,0,1,1.38806,1.38806,0,1.07222,1.90512,8.92034e+06,3.92621e+06,1.23819e+07,0,0,0,0
63.2279,85.1408,1.46254,0.02,0,2.91856,2.91856,0,0.546842,4.6872,4.29233e+06,2.93738e+06,1.25274e+07,0,0,0,0,55.5034,61.3098,1.4695,0,1,1.3883,1.3883,0,1.07241,1.90512,8.92034e+06,3.92621e+06,1.23841e+07,0,0,0,0
61.9002,85.1408,1.46689,0.02,0,2.91907,2.91907,0,0.546938,4.6872,4.29233e+06,2.93738e+06,1.25296e+07,0,0,0,0,55.4794,61.3098,1.38821,0,1,1.38854,1.38854,0,1.0726,1.90512,8.92034e+06,3.92621e+06,1.23862e+07,0,0,0,0
65.115,85.1408,6.15277,0.02,0,2.84416,2.84416,0,0.547033,4.6872,4.29233e+06,2.93738e+06,1.22081e+07,0,0,0,0,55.9598,61.3098,2.77086,0,1,1.32488,1.32488,0,1.07279,1.90512,8.92034e+06,3.92621e+06,1.18184e+07,0,0,0,0
66.8052,85.1408,4.66687,0.02,0,2.84465,2.84465,0,0.532995,4.6872,4.29233e+06,2.93738e+06,1.22102e+07,0,0,0,0,56.1009,61.3098,2.53869,0,1,1.32512,1.32512,0,1.02361,1.90512,8.92034e+06,3.92621e+06,1.18205e+07,0,0,0,0
67.1202,85.1408,3.24203,0.01,0,2.84515,2.84515,0,0.533088,4.6872,4.29233e+06,2.93738e+06,1.22123e+07,0,0,0,0,56.107,61.3098,1.75782,0,1,1.32535,1.32535,0,1.02378,1.90512,8.92034e+06,3.92621e+06,1.18225e+07,0,0,0,0
68.819,85.1408,4.70066,0.01,0,2.84565,2.84565,0,0.533181,4.6872,4.29233e+06,2.93738e+06,1.22144e+07,0,0,0,0,56.4607,61.3098,2.81577,0,1,1.32558,1.32558,0,1.02396,1.90512,8.92034e+06,3.92621e+06,1.18246e+07,0,0,0,0
74.2156,85.1408,8.33423,0,0,2.63179,2.63179,0,0.533274,4.6872,4.29233e+06,2.93738e+06,1.12965e+07,0,0,0,0,57.5026,61.3098,3.51423,0,1,1.19264,1.19264,0,1.02414,1.90512,8.92034e+06,3.92621e+06,1.06387e+07,0,0,0,0
76.0259,85.1408,4.7908,0,0,2.63225,2.63225,0,0.493198,4.6872,4.29233e+06,2.93738e+06,1.12985e+07,0,0,0,0,58.3424,61.3098,3.1931,0,1,1.19284,1.19284,0,0.921431,1.90512,8.92034e+06,3.92621e+06,1.06406e+07,0,0,0,0
78.405,85.1408,5.405,0,0,2.63271,2.63271,0,0.493284,4.6872,4.29233e+06,2.93738e+06,1.13005e+07,0,0,0,0,59.1894,61.3098,3.16937,0,1,1.19305,1.19305,0,0.921592,1.90512,8.92034e+06,3.92621e+06,1.06424e+07,0,0,0,0
79.6421,85.1408,4.24287,0,0,2.63317,2.63317,0,0.493371,4.6872,4.29233e+06,2.93738e+06,1.13024e+07,0,0,0,0,59.9081,61.3098,2.78553,0,1,1.19326,1.19326,0,0.921753,1.90512,8.92034e+06,3.92621e+06,1.06443e+07,0,0,0,0
82.6381,85.1408,6.0015,0,0,2.63363,2.63363,0,0.493457,4.6872,4.29233e+06,2.93738e+06,1.13044e+07,0,0,0,0,60.8189,61.3098,3.59106,0,1,1.19347,1.19347,0,0.921914,1.90512,8.92034e+06,3.92621e+06,1.06461e+07,0,0,0,0
83.5356,85.1408,3.94466,0,0,2.7166,2.7166,0,0.493543,4.6872,4.29233e+06,2.93738e+06,1.16606e+07,0,0,0,0,61.112,61.3098,2.15652,0,1,1.23227,1.23227,0,0.922075,1.90512,8.92034e+06,3.92621e+06,1.09923e+07,0,0,0,0
85.1408,85.1408,5.13323,0,0,2.71706,2.71706,0,0.509091,4.6872,4.29233e+06,2.93738e+06,1.16625e+07,0,0,0,0,61.5151,61.3098,2.508,0,1,1.23248,1.23248,0,0.952052,1.90512,8.92034e+06,3.92621e+06,1.09941e+07,0,0,0,0
85.1408,85.1408,8.89907,0,0,2.71751,2.71751,0,0.509177,4.6872,4.29233e+06,2.93738e+06,1.16645e+07,0,0,0,0,62.338,61.3098,5.66685,0,1,1.23268,1.23268,0,0.952211,1.90512,8.92034e+06,3.92621e+06,1.09959e+07,0,0,0,0
85.1408,85.1408,10.2607,0,0,2.71797,2.71797,0,0.509262,4.6872,4.29233e+06,2.93738e+06,1.16664e+07,0,0,0,0,62.338,61.3098,6.3501,0,1,1.23289,1.23289,0,0.952371,1.90512,8.92034e+06,3.92621e+06,1.09978e+07,0,0,0,0
85.1408,85.1408,9.60093,0,0,2.98357,2.98357,0,0.509347,4.6872,4.29233e+06,2.93738e+06,1.28065e+07,0,0,0,0,62.338,61.3098,5.99975,0,1,1.37808,1.37808,0,0.95253,1.90512,8.92034e+06,3.92621e+06,1.22929e+07,0,0,0,0
85.1408,85.1408,6.37026,0,0,2.98407,2.98407,0,0.559121,4.6872,4.29233e+06,2.93738e+06,1.28086e+07,0,0,0,0,62.338,61.3098,3.52308,0,1,1.37831,1.37831,0,1.06471,1.90512,8.92034e+06,3.92621e+06,1.2295e+07,0,0,0,0
85.1408,85.1408,5.62259,0,0,2.98457,2.98457,0,0.559215,4.6872,4.29233e+06,2.93738e+06,1.28107e+07,0,0,0,0,62.338,61.3098,3.72667,0,1,1.37854,1.37854,0,1.06488,1.90512,8.92034e+06,3.92621e+06,1.22971e+07,0,0,0,0
85.1408,85.1408,6.91713,0,0,2.98507,2.98507,0,0.559308,4.6872,4.29233e+06,2.93738e+06,1.28129e+07,0,0,0,0,62.338,61.3098,3.71113,0,1,1.37877,1.37877,0,1.06506,1.90512,8.92034e+06,3.92621e+06,1.22991e+07,0,0,0,0
85.1408,85.1408,6.80282,0,0,2.60713,2.60713,0,0.559402,4.6872,4.29233e+06,2.93738e+06,1.11906e+07,0,0,0,0,62.338,61.3098,4.55241,0,1,1.1843,1.1843,0,1.06524,1.90512,8.92034e+06,3.92621e+06,1.05644e+07,0,0,0,0
85.1408,85.1408,9.08086,0,0,2.60756,2.60756,0,0.488576,4.6872,4.29233e+06,2.93738e+06,1.11925e+07,0,0,0,0,62.338,61.3098,4.39083,0,1,1.1845,1.1845,0,0.91499,1.90512,8.92034e+06,3.92621e+06,1.05661e+07,0,0,0,0
85.1408,85.1408,8.46693,0,0,2.608,2.608,0,0.488657,4.6872,4.29233e+06,2.93738e+06,1.11944e+07,0,0,0,0,62.338,61.3098,5.68731,0,1,1.1847,1.1847,0,0.915143,1.90512,8.92034e+06,3.92621e+06,1.05679e+07,0,0,0,0
85.1408,85.1408,9.13042,0,0,2.60844,2.60844,0,0.488739,4.6872,4.29233e+06,2.93738e+06,1.11963e+07,0,0,0,0,62.338,61.3098,5.88958,0,1,1.18489,1.18489,0,0.915297,1.90512,8.92034e+06,3.92621e+06,1.05697e+07,0,0,0,0
85.1408,85.1408,16.272,0,0,2.60887,2.60887,0,0.488821,4.6872,4.29233e+06,2.93738e+06,1.11981e+07,0,0,0,0,62.338,61.3098,9.16344,0,1,1.18509,1.18509,0,0.91545,1.90512,8.92034e+06,3.92621e+06,1.05714e+07,0,0,0,0
85.1408,85.1408,9.52222,0,0,2.70465,2.70465,0,0.488903,4.6872,4.29233e+06,2.93738e+06,1.16092e+07,0,0,0,0,62.338,61.3098,8.34113,0,1,1.23296,1.23296,0,0.915603,1.90512,8.92034e+06,3.92621e+06,1.09984e+07,0,0,0,0
85.1408,85.1408,6.57667,0,0,2.7051,2.7051,0,0.506851,4.6872,4.29233e+06,2.93738e+06,1.16112e+07,0,0,0,0,62.338,61.3098,4.31262,0,1,1.23317,1.23317,0,0.952587,1.90512,8.92034e+06,3.92621e+06,1.10003e+07,0,0,0,0
85.1408,85.1408,5.7679,0,0,2.70555,2.70555,0,0.506936,4.6872,4.29233e+06,2.93738e+06,1.16131e+07,0,0,0,0,62.338,61.3098,3.35019,0,1,1.23338,1.23338,0,0.952746,1.90512,8.92034e+06,3.92621e+06,1.10021e+07,0,0,0,0
85.1408,85.1408,5.46156,0,0,2.706,2.706,0,0.50702,4.6872,4.29233e+06,2.93738e+06,1.16151e+07,0,0,0,0,62.338,61.3098,2.92712,0,1,1.23358,1.23358,0,0.952906,1.90512,8.92034e+06,3.92621e+06,1.1004e+07,0,0,0,0
85.1408,85.1408,5.3594,0,0,2.66916,2.66916,0,0.507105,4.6872,4.29233e+06,2.93738e+06,1.14569e+07,0,0,0,0,62.338,61.3098,3.23766,0,1,1.21526,1.21526,0,0.953065,1.90512,8.92034e+06,3.92621e+06,1.08405e+07,0,0,0,0
85.1408,85.1408,5.0294,0,0,2.6696,2.6696,0,0.5002,4.6872,4.29233e+06,2.93738e+06,1.14588e+07,0,0,0,0,62.338,61.3098,3.35688,0,1,1.21546,1.21546,0,0.93891,1.90512,8.92034e+06,3.92621e+06,1.08423e+07,0,0,0,0
85.1408,85.1408,4.4949,0,0,2.67005,2.67005,0,0.500283,4.6872,4.29233e+06,2.93738e+06,1.14607e+07,0,0,0,0,62.338,61.3098,2.95155,0,1,1.21567,1.21567,0,0.939067,1.90512,8.92034e+06,3.92621e+06,1.08442e+07,0,0,0,0
85.1408,85.1408,4.16278,0,0,2.6705,2.6705,0,0.500367,4.6872,4.29233e+06,2.93738e+06,1.14626e+07,0,0,0,0,62.338,61.3098,2.78286,0,1,1.21587,1.21587,0,0.939224,1.90512,8.92034e+06,3.92621e+06,1.0846e+07,0,0,0,0
85.1408,85.1408,4.10176,0,0,2.79764,2.79764,0,0.500451,4.6872,4.29233e+06,2.93738e+06,1.20084e+07,0,0,0,0,62.338,61.3098,2.98512,0,1,1.28182,1.28182,0,0.939382,1.90512,8.92034e+06,3.92621e+06,1.14343e+07,0,0,0,0
85.1408,85.1408,4.506,0,0,2.79811,2.79811,0,0.524278,4.6872,4.29233e+06,2.93738e+06,1.20104e+07,0,0,0,0,62.338,61.3098,3.11186,0,1,1.28204,1.28204,0,0.990335,1.90512,8.92034e+06,3.92621e+06,1.14362e+07,0,0,0,0
85.1408,85.1408,4.10214,0,0,2.79858,2.79858,0,0.524366,4.6872,4.29233e+06,2.93738e+06,1.20124e+07,0,0,0,0,62.338,61.3098,2.57338,0,1,1.28225,1.28225,0,0.990501,1.90512,8.92034e+06,3.92621e+06,1.14381e+07,0,0,0,0
85.1408,85.1408,3.62301,0,0,2.79905,2.79905,0,0.524454,4.6872,4.29233e+06,2.93738e+06,1.20144e+07,0,0,0,0,62.338,61.3098,2.67824,0,1,1.28246,1.28246,0,0.990666,1.90512,8.92034e+06,3.92621e+06,1.144e+07,0,0,0,0
85.1408,85.1408,3.3698,0,0,2.79952,2.79952,0,0.524542,4.6872,4.29233e+06,2.93738e+06,1.20164e+07,0,0,0,0,62.338,61.3098,2.87142,0,1,1.28268,1.28268,0,0.990832,1.90512,8.92034e+06,3.92621e+06,1.14419e+07,0,0,0,0
85.1408,85.1408,3.56953,0,0,2.77491,2.77491,0,0.524629,4.6872,4.29233e+06,2.93738e+06,1.19108e+07,0,0,0,0,62.338,61.3098,2.97854,0,1,1.31906,1.31906,0,0.990998,1.90512,8.92034e+06,3.92621e+06,1.17665e+07,0,0,0,0
85.1408,85.1408,3.43571,0,0,2.77537,2.77537,0,0.520018,4.6872,4.29233e+06,2.93738e+06,1.19128e+07,0,0,0,0,62.338,61.3098,2.99681,0,1,1.31928,1.31928,0,1.01911,1.90512,8.92034e+06,3.92621e+06,1.17684e+07,0,0,0,0
85.1408,85.1408,3.26014,0,0,2.77584,2.77584,0,0.520105,4.6872,4.29233e+06,2.93738e+06,1.19148e+07,0,0,0,0,62.338,61.3098,2.89921,0,1,1.3195,1.3195,0,1.01928,1.90512,8.92034e+06,3.92621e+06,1.17704e+07,0,0,0,0
85.1408,85.1408,3.03568,0,0,2.7763,2.7763,0,0.520192,4.6872,4.29233e+06,2.93738e+06,1.19168e+07,0,0,0,0,62.338,61.3098,2.69507,0,1,1.31972,1.31972,0,1.01945,1.90512,8.92034e+06,3.92621e+06,1.17724e+07,0,0,0,0
85.1408,85.1408,2.99266,0,0,2.84157,2.84157,0,0.520279,4.6872,4.29233e+06,2.93738e+06,1.2197e+07,0,0,0,0,62.338,61.3098,2.77677,0,1,1.3522,1.3522,0,1.01962,1.90512,8.92034e+06,3.92621e+06,1.2062e+07,0,0,0,0
85.0313,85.1408,2.892,0,0,2.84204,2.84204,0,0.53251,4.6872,4.29233e+06,2.93738e+06,1.2199e+07,0,0,0,0,62.338,61.3098,2.7649,0,1,1.35242,1.35242,0,1.04471,1.90512,8.92034e+06,3.92621e+06,1.20641e+07,0,0,0,0
84.7487,85.1408,2.68538,0,0,2.84252,2.84252,0,0.532599,4.6872,4.29233e+06,2.93738e+06,1.2201e+07,0,0,0,0,62.338,61.3098,2.66856,0,1,1.35265,1.35265,0,1.04488,1.90512,8.92034e+06,3.92621e+06,1.20661e+07,0,0,0,0
84.2389,85.1408,2.44508,0,0,2.843,2.843,0,0.532688,4.6872,4.29233e+06,2.93738e+06,1.22031e+07,0,0,0,0,62.338,61.3098,2.342,0,1,1.35288,1.35288,0,1.04506,1.90512,8.92034e+06,3.92621e+06,1.20681e+07,0,0,0,0
83.9872,85.1408,2.85472,0,0,3.03338,3.03338,0,0.532777,4.6872,4.29233e+06,2.93738e+06,1.30202e+07,0,0,0,0,62.338,61.3098,3.23953,0,1,1.4696,1.4696,0,1.04523,1.90512,8.92034e+06,3.92621e+06,1.31093e+07,0,0,0,0
83.5953,85.1408,2.74885,0,0,3.03388,3.03388,0,0.568454,4.6872,4.29233e+06,2.93738e+06,1.30224e+07,0,0,0,0,62.338,61.3098,2.43234,0,1,1.46984,1.46984,0,1.13541,1.90512,8.92034e+06,3.92621e+06,1.31115e+07,0,0,0,0
83.5179,85.1408,3.09143,0,0,3.03439,3.03439,0,0.56855,4.6872,4.29233e+06,2.93738e+06,1.30246e+07,0,0,0,0,62.338,61.3098,3.03256,0,1,1.47009,1.47009,0,1.1356,1.90512,8.92034e+06,3.92621e+06,1.31137e+07,0,0,0,0
82.8257,85.1408,2.48181,0,0,3.0349,3.0349,0,0.568645,4.6872,4.29233e+06,2.93738e+06,1.30268e+07,0,0,0,0,62.3143,61.3098,2.18614,0,1,1.47034,1.47034,0,1.13579,1.90512,8.92034e+06,3.92621e+06,1.31159e+07,0,0,0,0
82.6892,85.1408,3.01446,0,0,3.03541,3.03541,0,0.56874,4.6872,4.29233e+06,2.93738e+06,1.3029e+07,0,0,0,0,62.338,61.3098,3.81146,0,1,1.47058,1.47058,0,1.13598,1.90512,8.92034e+06,3.92621e+06,1.31181e+07,0,0,0,0
83.6603,85.1408,4.16982,0,0,2.94328,2.94328,0,0.568835,4.6872,4.29233e+06,2.93738e+06,1.26335e+07,0,0,0,0,62.338,61.3098,4.40735,0,1,1.40006,1.40006,0,1.13617,1.90512,8.92034e+06,3.92621e+06,1.2489e+07,0,0,0,0
84.1936,85.1408,3.73434,0,0,2.94378,2.94378,0,0.551572,4.6872,4.29233e+06,2.93738e+06,1.26357e+07,0,0,0,0,62.338,61.3098,3.93136,0,1,1.40029,1.40029,0,1.08169,1.90512,8.92034e+06,3.92621e+06,1.24911e+07,0,0,0,0
84.8132,85.1408,3.83873,0,0,2.94427,2.94427,0,0.551664,4.6872,4.29233e+06,2.93738e+06,1.26378e+07,0,0,0,0,62.338,61.3098,3.82104,0,1,1.40053,1.40053,0,1.08187,1.90512,8.92034e+06,3.92621e+06,1.24932e+07,0,0,0,0
85.1408,85.1408,4.48236,0,0,2.94476,2.94476,0,0.551756,4.6872,4.29233e+06,2.93738e+06,1.26399e+07,0,0,0,0,62.338,61.3098,4.87936,0,1,1.40076,1.40076,0,1.08205,1.90512,8.92034e+06,3.92621e+06,1.24953e+07,0,0,0,0
85.1408,85.1408,7.91257,0,0,2.86917,2.86917,0,0.551849,4.6872,4.29233e+06,2.93738e+06,1.23154e+07,0,0,0,0,62.338,61.3098,5.73328,0,1,1.33654,1.33654,0,1.08223,1.90512,8.92034e+06,3.92621e+06,1.19224e+07,0,0,0,0
85.1408,85.1408,6.26853,0,0,2.86965,2.86965,0,0.537683,4.6872,4.29233e+06,2.93738e+06,1.23175e+07,0,0,0,0,62.338,61.3098,5.46821,0,1,1.33676,1.33676,0,1.03261,1.90512,8.92034e+06,3.92621e+06,1.19244e+07,0,0,0,0
85.1408,85.1408,9.76114,0,0,2.87013,2.87013,0,0.537773,4.6872,4.29233e+06,2.93738e+06,1.23196e+07,0,0,0,0,62.338,61.3098,7.89879,0,1,1.33699,1.33699,0,1.03278,1.90512,8.92034e+06,3.92621e+06,1.19264e+07,0,0,0,0
85.1408,85.1408,8.49577,0,0,2.87061,2.87061,0,0.537863,4.6872,4.29233e+06,2.93738e+06,1.23216e+07,0,0,0,0,62.338,61.3098,7.72742,0,1,1.33721,1.33721,0,1.03295,1.90512,8.92034e+06,3.92621e+06,1.19284e+07,0,0,0,0
85.1408,85.1408,7.4997,0,0,2.65487,2.65487,0,0.537953,4.6872,4.29233e+06,2.93738e+06,1.13956e+07,0,0,0,0,62.338,61.3098,6.15981,0,1,1.20309,1.20309,0,1.03313,1.90512,8.92034e+06,3.92621e+06,1.0732e+07,0,0,0,0
85.1408,85.1408,16.3754,0,0,2.65531,2.65531,0,0.497522,4.6872,4.29233e+06,2.93738e+06,1.13975e+07,0,0,0,0,62.338,61.3098,18.6331,0,1,1.20329,1.20329,0,0.929509,1.90512,8.92034e+06,3.92621e+06,1.07338e+07,0,0,0,0
85.1408,85.1408,12.2998,0,0,2.65576,2.65576,0,0.497605,4.6872,4.29233e+06,2.93738e+06,1.13994e+07,0,0,0,0,62.338,61.3098,12.4235,0,1,1.2035,1.2035,0,0.929665,1.90512,8.92034e+06,3.92621e+06,1.07356e+07,0,0,0,0
85.1408,85.1408,14.1268,0,0,2.6562,2.6562,0,0.497689,4.6872,4.29233e+06,2.93738e+06,1.14013e+07,0,0,0,0,62.338,61.3098,13.9148,0,1,1.2037,1.2037,0,0.92982,1.90512,8.92034e+06,3.92621e+06,1.07374e+07,0,0,0,0
85.1408,85.1408,12.9283,0,0,2.65665,2.65665,0,0.497772,4.6872,4.29233e+06,2.93738e+06,1.14032e+07,0,0,0,0,62.338,61.3098,12.236,0,1,1.2039,1.2039,0,0.929976,1.90512,8.92034e+06,3.92621e+06,1.07392e+07,0,0,0,0
85.1408,85.1408,11.5519,0,0,2.74032,2.74032,0,0.497855,4.6872,4.29233e+06,2.93738e+06,1.17624e+07,0,0,0,0,62.338,61.3098,10.6882,0,1,1.24303,1.24303,0,0.930132,1.90512,8.92034e+06,3.92621e+06,1.10882e+07,0,0,0,0
85.1408,85.1408,14.2849,0,0,2.74076,2.74076,0,0.513536,4.6872,4.29233e+06,2.93738e+06,1.17643e+07,0,0,0,0,62.338,61.3098,17.3912,0,1,1.24323,1.24323,0,0.960365,1.90512,8.92034e+06,3.92621e+06,1.109e+07,0,0,0,0
85.1408,85.1408,13.9092,0,0,2.7412,2.7412,0,0.513619,4.6872,4.29233e+06,2.93738e+06,1.17661e+07,0,0,0,0,62.338,61.3098,16.696,0,1,1.24343,1.24343,0,0.960519,1.90512,8.92034e+06,3.92621e+06,1.10918e+07,0,0,0,0
85.1408,85.1408,8.64208,0,0,2.74164,2.74164,0,0.513701,4.6872,4.29233e+06,2.93738e+06,1.1768e+07,0,0,0,0,62.338,61.3098,9.66227,0,1,1.24363,1.24363,0,0.960673,1.90512,8.92034e+06,3.92621e+06,1.10936e+07,0,0,0,0
85.1408,85.1408,9.307,0,0,3.00954,3.00954,0,0.513784,4.6872,4.29233e+06,2.93738e+06,1.29179e+07,0,0,0,0,62.338,61.3098,10.1475,0,1,1.39008,1.39008,0,0.960827,1.90512,8.92034e+06,3.92621e+06,1.23999e+07,0,0,0,0
85.1408,85.1408,8.04639,0,0,3.01002,3.01002,0,0.563988,4.6872,4.29233e+06,2.93738e+06,1.292e+07,0,0,0,0,62.338,61.3098,9.4341,0,1,1.3903,1.3903,0,1.07397,1.90512,8.92034e+06,3.92621e+06,1.24019e+07,0,0,0,0
85.1408,85.1408,8.78141,0,0,3.01051,3.01051,0,0.564078,4.6872,4.29233e+06,2.93738e+06,1.29221e+07,0,0,0,0,62.338,61.3098,11.8944,0,1,1.39052,1.39052,0,1.07414,1.90512,8.92034e+06,3.92621e+06,1.24039e+07,0,0,0,0
85.1408,85.1408,8.45025,0,0,3.01099,3.01099,0,0.564169,4.6872,4.29233e+06,2.93738e+06,1.29242e+07,0,0,0,0,62.338,61.3098,13.3445,0,1,1.39075,1.39075,0,1.07432,1.90512,8.92034e+06,3.92621e+06,1.24059e+07,0,0,0,0
85.1408,85.1408,7.52387,0,0,2.62975,2.62975,0,0.564259,4.6872,4.29233e+06,2.93738e+06,1.12878e+07,0,0,0,0,62.338,61.3098,10.7787,0,1,1.19458,1.19458,0,1.07449,1.90512,8.92034e+06,3.92621e+06,1.0656e+07,0,0,0,0
85.1408,85.1408,6.99375,0,0,2.63017,2.63017,0,0.492815,4.6872,4.29233e+06,2.93738e+06,1.12896e+07,0,0,0,0,62.338,61.3098,7.42699,0,1,1.19477,1.19477,0,0.92293,1.90512,8.92034e+06,3.92621e+06,1.06577e+07,0,0,0,0
85.1408,85.1408,5.29984,0,0,2.63059,2.63059,0,0.492894,4.6872,4.29233e+06,2.93738e+06,1.12914e+07,0,0,0,0,62.338,61.3098,5.81988,0,1,1.19496,1.19496,0,0.923078,1.90512,8.92034e+06,3.92621e+06,1.06594e+07,0,0,0,0
85.1408,85.1408,5.59598,0,0,2.63102,2.63102,0,0.492973,4.6872,4.29233e+06,2.93738e+06,1.12932e+07,0,0,0,0,62.338,61.3098,5.99992,0,1,1.19515,1.19515,0,0.923226,1.90512,8.92034e+06,3.92621e+06,1.06612e+07,0,0,0,0
85.1408,85.1408,6.4083,0,0,2.63144,2.63144,0,0.493052,4.6872,4.29233e+06,2.93738e+06,1.1295e+07,0,0,0,0,62.338,61.3098,7.64859,0,1,1.19534,1.19534,0,0.923374,1.90512,8.92034e+06,3.92621e+06,1.06629e+07,0,0,0,0
85.1408,85.1408,7.89715,0,0,2.72802,2.72802,0,0.493132,4.6872,4.29233e+06,2.93738e+06,1.17096e+07,0,0,0,0,62.338,61.3098,9.6336,0,1,1.24362,1.24362,0,0.923523,1.90512,8.92034e+06,3.92621e+06,1.10935e+07,0,0,0,0
85.1408,85.1408,5.58183,0,0,2.72846,2.72846,0,0.511232,4.6872,4.29233e+06,2.93738e+06,1.17115e+07,0,0,0,0,62.338,61.3098,5.11182,0,1,1.24382,1.24382,0,0.96082,1.90512,8.92034e+06,3.92621e+06,1.10953e+07,0,0,0,0
85.1408,85.1408,4.82133,0,0,2.7289,2.7289,0,0.511314,4.6872,4.29233e+06,2.93738e+06,1.17133e+07,0,0,0,0,62.338,61.3098,3.89618,0,1,1.24402,1.24402,0,0.960975,1.90512,8.92034e+06,3.92621e+06,1.10971e+07,0,0,0,0
85.1408,85.1408,4.5599,0,0,2.72934,2.72934,0,0.511396,4.6872,4.29233e+06,2.93738e+06,1.17152e+07,0,0,0,0,62.338,61.3098,3.32565,0,1,1.24422,1.24422,0,0.961129,1.90512,8.92034e+06,3.92621e+06,1.10988e+07,0,0,0,0
85.1408,85.1408,4.01059,0,0,2.69215,2.69215,0,0.511478,4.6872,4.29233e+06,2.93738e+06,1.15556e+07,0,0,0,0,62.338,61.3098,3.49832,0,1,1.22573,1.22573,0,0.961283,1.90512,8.92034e+06,3.92621e+06,1.09339e+07,0,0,0,0
85.1408,85.1408,3.49446,0,0,2.69259,2.69259,0,0.50451,4.6872,4.29233e+06,2.93738e+06,1.15575e+07,0,0,0,0,62.338,61.3098,4.34398,0,1,1.22593,1.22593,0,0.947,1.90512,8.92034e+06,3.92621e+06,1.09357e+07,0,0,0,0
85.1408,85.1408,3.63495,0,0,2.69302,2.69302,0,0.504591,4.6872,4.29233e+06,2.93738e+06,1.15593e+07,0,0,0,0,62.338,61.3098,3.64365,0,1,1.22612,1.22612,0,0.947152,1.90512,8.92034e+06,3.92621e+06,1.09374e+07,0,0,0,0
85.1408,85.1408,3.55694,0,0,2.69345,2.69345,0,0.504672,4.6872,4.29233e+06,2.93738e+06,1.15612e+07,0,0,0,0,62.338,61.3098,3.72299,0,1,1.22632,1.22632,0,0.947304,1.90512,8.92034e+06,3.92621e+06,1.09392e+07,0,0,0,0
84.9737,85.1408,2.86686,0,0,2.82167,2.82167,0,0.504753,4.6872,4.29233e+06,2.93738e+06,1.21115e+07,0,0,0,0,62.338,61.3098,3.45019,0,1,1.29283,1.29283,0,0.947456,1.90512,8.92034e+06,3.92621e+06,1.15325e+07,0,0,0,0
85.0722,85.1408,3.32321,0,0,2.82213,2.82213,0,0.528781,4.6872,4.29233e+06,2.93738e+06,1.21135e+07,0,0,0,0,62.338,61.3098,3.43579,0,1,1.29304,1.29304,0,0.998841,1.90512,8.92034e+06,3.92621e+06,1.15343e+07,0,0,0,0
84.8055,85.1408,2.78287,0,0,2.82258,2.82258,0,0.528866,4.6872,4.29233e+06,2.93738e+06,1.21154e+07,0,0,0,0,62.338,61.3098,3.10672,0,1,1.29325,1.29325,0,0.999001,1.90512,8.92034e+06,3.92621e+06,1.15362e+07,0,0,0,0
84.4319,85.1408,2.64629,0,0,2.82303,2.82303,0,0.528951,4.6872,4.29233e+06,2.93738e+06,1.21174e+07,0,0,0,0,62.338,61.3098,2.92322,0,1,1.29345,1.29345,0,0.999162,1.90512,8.92034e+06,3.92621e+06,1.1538e+07,0,0,0,0
83.9767,85.1408,2.55452,0,0,2.82349,2.82349,0,0.529036,4.6872,4.29233e+06,2.93738e+06,1.21193e+07,0,0,0,0,62.338,61.3098,3.15079,0,1,1.29366,1.29366,0,0.999322,1.90512,8.92034e+06,3.92621e+06,1.15399e+07,0,0,0,0
83.1567,85.1408,2.14768,0,0,2.79865,2.79865,0,0.529121,4.6872,4.29233e+06,2.93738e+06,1.20127e+07,0,0,0,0,62.338,61.3098,2.98941,0,1,1.33034,1.33034,0,0.999483,1.90512,8.92034e+06,3.92621e+06,1.18671e+07,0,0,0,0
82.187,85.1408,1.98691,0,0,2.7991,2.7991,0,0.524466,4.6872,4.29233e+06,2.93738e+06,1.20146e+07,0,0,0,0,62.338,61.3098,2.80583,0,1,1.33056,1.33056,0,1.02782,1.90512,8.92034e+06,3.92621e+06,1.1869e+07,0,0,0,0
81.0643,85.1408,1.8266,0,0,2.79955,2.79955,0,0.524551,4.6872,4.29233e+06,2.93738e+06,1.20166e+07,0,0,0,0,62.338,61.3098,2.81657,0,1,1.33077,1.33077,0,1.02799,1.90512,8.92034e+06,3.92621e+06,1.18709e+07,0,0,0,0
79.8027,85.1408,1.67308,0,0,2.8,2.8,0,0.524635,4.6872,4.29233e+06,2.93738e+06,1.20185e+07,0,0,0,0,62.338,61.3098,2.48272,0,1,1.33099,1.33099,0,1.02815,1.90512,8.92034e+06,3.92621e+06,1.18728e+07,0,0,0,0
78.4626,85.1408,1.61721,0,0,2.8658,2.8658,0,0.524719,4.6872,4.29233e+06,2.93738e+06,1.2301e+07,0,0,0,0,62.338,61.3098,2.44788,0,1,1.36373,1.36373,0,1.02832,1.90512,8.92034e+06,3.92621e+06,1.21649e+07,0,0,0,0
77.2702,85.1408,1.74171,0,0,2.86626,2.86626,0,0.537051,4.6872,4.29233e+06,2.93738e+06,1.23029e+07,0,0,0,0,62.338,61.3098,2.60484,0,1,1.36395,1.36395,0,1.05362,1.90512,8.92034e+06,3.92621e+06,1.21669e+07,0,0,0,0
75.9487,85.1408,1.59916,0,0,2.86672,2.86672,0,0.537138,4.6872,4.29233e+06,2.93738e+06,1.23049e+07,0,0,0,0,62.338,61.3098,2.29627,0,1,1.36417,1.36417,0,1.05379,1.90512,8.92034e+06,3.92621e+06,1.21688e+07,0,0,0,0
74.7286,85.1408,1.6806,0,0,2.86718,2.86718,0,0.537224,4.6872,4.29233e+06,2.93738e+06,1.23069e+07,0,0,0,0,62.338,61.3098,2.70858,0,1,1.36439,1.36439,0,1.05395,1.90512,8.92034e+06,3.92621e+06,1.21708e+07,0,0,0,0
73.3743,85.1408,1.69131,0,0,3.05916,3.05916,0,0.53731,4.6872,4.29233e+06,2.93738e+06,1.31309e+07,0,0,0,0,62.338,61.3098,2.72872,0,1,1.48209,1.48209,0,1.05412,1.90512,8.92034e+06,3.92621e+06,1.32207e+07,0,0,0,0
71.7653,85.1408,1.40502,0,0,3.05965,3.05965,0,0.573287,4.6872,4.29233e+06,2.93738e+06,1.3133e+07,0,0,0,0,62.338,61.3098,2.46073,0,1,1.48233,1.48233,0,1.14506,1.90512,8.92034e+06,3.92621e+06,1.32229e+07,0,0,0,0
70.201,85.1408,1.43822,0,0,3.06014,3.06014,0,0.573379,4.6872,4.29233e+06,2.93738e+06,1.31351e+07,0,0,0,0,62.338,61.3098,2.73847,0,1,1.48257,1.48257,0,1.14525,1.90512,8.92034e+06,3.92621e+06,1.3225e+07,0,0,0,0
68.4115,85.1408,1.22308,0.01,0,3.06064,3.06064,0,0.573471,4.6872,4.29233e+06,2.93738e+06,1.31373e+07,0,0,0,0,62.338,61.3098,2.407,0,1,1.48281,1.48281,0,1.14543,1.90512,8.92034e+06,3.92621e+06,1.32271e+07,0,0,0,0
66.7547,85.1408,1.32441,0.01,0,3.06113,3.06113,0,0.573563,4.6872,4.29233e+06,2.93738e+06,1.31394e+07,0,0,0,0,62.338,61.3098,3.20505,0,1,1.48304,1.48304,0,1.14562,1.90512,8.92034e+06,3.92621e+06,1.32292e+07,0,0,0,0
65.5479,85.1408,1.7454,0.02,0,2.96821,2.96821,0,0.573655,4.6872,4.29233e+06,2.93738e+06,1.27405e+07,0,0,0,0,62.338,61.3098,3.15983,0,1,1.41191,1.41191,0,1.1458,1.90512,8.92034e+06,3.92621e+06,1.25948e+07,0,0,0,0
64.1276,85.1408,1.53322,0.02,0,2.96868,2.96868,0,0.556242,4.6872,4.29233e+06,2.93738e+06,1.27426e+07,0,0,0,0,62.338,61.3098,2.4863,0,1,1.41214,1.41214,0,1.09085,1.90512,8.92034e+06,3.92621e+06,1.25968e+07,0,0,0,0
62.5388,85.1408,1.34137,0.02,0,2.96916,2.96916,0,0.556331,4.6872,4.29233e+06,2.93738e+06,1.27446e+07,0,0,0,0,62.338,61.3098,2.25877,0,1,1.41237,1.41237,0,1.09102,1.90512,8.92034e+06,3.92621e+06,1.25988e+07,0,0,0,0
61.4994,85.1408,1.89939,0.02,0,2.96964,2.96964,0,0.55642,4.6872,4.29233e+06,2.93738e+06,1.27467e+07,0,0,0,0,62.338,61.3098,2.95438,0,1,1.4126,1.4126,0,1.0912,1.90512,8.92034e+06,3.92621e+06,1.26008e+07,0,0,0,0
61.1985,85.1408,2.63782,0.02,0,2.89339,2.89339,0,0.55651,4.6872,4.29233e+06,2.93738e+06,1.24194e+07,0,0,0,0,62.338,61.3098,3.08998,0,1,1.34782,1.34782,0,1.09137,1.90512,8.92034e+06,3.92621e+06,1.2023e+07,0,0,0,0
60.2856,85.1408,2.04803,0.02,0,2.89385,2.89385,0,0.542221,4.6872,4.29233e+06,2.93738e+06,1.24214e+07,0,0,0,0,62.338,61.3098,4.07334,0,1,1.34803,1.34803,0,1.04132,1.90512,8.92034e+06,3.92621e+06,1.20249e+07,0,0,0,0
58.6385,85.1408,1.2535,0.02,0,2.89432,2.89432,0,0.542308,4.6872,4.29233e+06,2.93738e+06,1.24234e+07,0,0,0,0,62.338,61.3098,3.60726,0,1,1.34825,1.34825,0,1.04149,1.90512,8.92034e+06,3.92621e+06,1.20269e+07,0,0,0,0
57.7928,85.1408,2.18547,0.02,0,2.89478,2.89478,0,0.542395,4.6872,4.29233e+06,2.93738e+06,1.24254e+07,0,0,0,0,62.338,61.3098,3.3619,0,1,1.34847,1.34847,0,1.04166,1.90512,8.92034e+06,3.92621e+06,1.20288e+07,0,0,0,0
58.9009,85.1408,4.0546,0.02,0,2.6772,2.6772,0,0.542482,4.6872,4.29233e+06,2.93738e+06,1.14914e+07,0,0,0,0,62.338,61.3098,3.86395,0,1,1.21321,1.21321,0,1.04183,1.90512,8.92034e+06,3.92621e+06,1.08223e+07,0,0,0,0
58.1692,85.1408,2.1051,0.02,0,2.67763,2.67763,0,0.501708,4.6872,4.29233e+06,2.93738e+06,1.14933e+07,0,0,0,0,62.338,61.3098,2.34028,0,1,1.21341,1.21341,0,0.937329,1.90512,8.92034e+06,3.92621e+06,1.0824e+07,0,0,0,0
59.5454,85.1408,4.43979,0.02,0,2.67806,2.67806,0,0.501788,4.6872,4.29233e+06,2.93738e+06,1.14951e+07,0,0,0,0,62.338,61.3098,7.94383,0,1,1.2136,1.2136,0,0.937479,1.90512,8.92034e+06,3.92621e+06,1.08258e+07,0,0,0,0
60.9094,85.1408,4.38983,0.02,0,2.67849,2.67849,0,0.501869,4.6872,4.29233e+06,2.93738e+06,1.1497e+07,0,0,0,0,62.338,61.3098,5.12648,0,1,1.2138,1.2138,0,0.93763,1.90512,8.92034e+06,3.92621e+06,1.08275e+07,0,0,0,0
62.3798,85.1408,4.40299,0.01,0,2.67892,2.67892,0,0.50195,4.6872,4.29233e+06,2.93738e+06,1.14988e+07,0,0,0,0,62.338,61.3098,3.98119,0,1,1.21399,1.21399,0,0.937781,1.90512,8.92034e+06,3.92621e+06,1.08292e+07,0,0,0,0
63.2477,85.1408,3.82741,0.01,0,2.76328,2.76328,0,0.50203,4.6872,4.29233e+06,2.93738e+06,1.18609e+07,0,0,0,0,62.338,61.3098,5.07154,0,1,1.25345,1.25345,0,0.937931,1.90512,8.92034e+06,3.92621e+06,1.11812e+07,0,0,0,0
62.3828,85.1408,2.05107,0.01,0,2.76371,2.76371,0,0.517839,4.6872,4.29233e+06,2.93738e+06,1.18628e+07,0,0,0,0,62.338,61.3098,3.34775,0,1,1.25364,1.25364,0,0.968412,1.90512,8.92034e+06,3.92621e+06,1.11829e+07,0,0,0,0
61.5983,85.1408,2.14473,0.01,0,2.76414,2.76414,0,0.517919,4.6872,4.29233e+06,2.93738e+06,1.18646e+07,0,0,0,0,62.338,61.3098,2.92549,0,1,1.25383,1.25383,0,0.968561,1.90512,8.92034e+06,3.92621e+06,1.11846e+07,0,0,0,0
61.7991,85.1408,3.1953,0.01,0,2.76456,2.76456,0,0.517999,4.6872,4.29233e+06,2.93738e+06,1.18664e+07,0,0,0,0,62.338,61.3098,3.42986,0,1,1.25402,1.25402,0,0.96871,1.90512,8.92034e+06,3.92621e+06,1.11863e+07,0,0,0,0
60.8512,85.1408,2.19159,0.01,0,3.03468,3.03468,0,0.518079,4.6872,4.29233e+06,2.93738e+06,1.30258e+07,0,0,0,0,62.338,61.3098,2.93762,0,1,1.40169,1.40169,0,0.96886,1.90512,8.92034e+06,3.92621e+06,1.25035e+07,0,0,0,0
62.3467,85.1408,4.81812,0.01,0,3.03515,3.03515,0,0.568699,4.6872,4.29233e+06,2.93738e+06,1.30279e+07,0,0,0,0,62.338,61.3098,4.01606,0,1,1.4019,1.4019,0,1.08294,1.90512,8.92034e+06,3.92621e+06,1.25055e+07,0,0,0,0
61.5626,85.1408,2.45962,0.01,0,3.03562,3.03562,0,0.568787,4.6872,4.29233e+06,2.93738e+06,1.30299e+07,0,0,0,0,62.1222,61.3098,2.41334,0,1,1.40212,1.40212,0,1.08311,1.90512,8.92034e+06,3.92621e+06,1.25074e+07,0,0,0,0
60.4786,85.1408,2.07848,0.01,0,3.03608,3.03608,0,0.568874,4.6872,4.29233e+06,2.93738e+06,1.30319e+07,0,0,0,0,62.0997,61.3098,1.97514,0,1,1.40234,1.40234,0,1.08328,1.90512,8.92034e+06,3.92621e+06,1.25093e+07,0,0,0,0
60.0076,85.1408,2.41203,0.01,0,2.65165,2.65165,0,0.568962,4.6872,4.29233e+06,2.93738e+06,1.13818e+07,0,0,0,0,62.338,61.3098,2.9641,0,1,1.20452,1.20452,0,1.08345,1.90512,8.92034e+06,3.92621e+06,1.07448e+07,0,0,0,0
60.2811,85.1408,3.1861,0.01,0,2.65206,2.65206,0,0.496919,4.6872,4.29233e+06,2.93738e+06,1.13835e+07,0,0,0,0,62.338,61.3098,2.6818,0,1,1.20471,1.20471,0,0.930616,1.90512,8.92034e+06,3.92621e+06,1.07464e+07,0,0,0,0
60.6766,85.1408,3.29718,0.01,0,2.65247,2.65247,0,0.496996,4.6872,4.29233e+06,2.93738e+06,1.13853e+07,0,0,0,0,62.338,61.3098,2.67312,0,1,1.2049,1.2049,0,0.930759,1.90512,8.92034e+06,3.92621e+06,1.07481e+07,0,0,0,0
61.3063,85.1408,3.55373,0.01,0,2.65288,2.65288,0,0.497072,4.6872,4.29233e+06,2.93738e+06,1.1387e+07,0,0,0,0,62.338,61.3098,2.93917,0,1,1.20508,1.20508,0,0.930903,1.90512,8.92034e+06,3.92621e+06,1.07497e+07,0,0,0,0
63.4277,85.1408,5.17494,0.02,0,2.65329,2.65329,0,0.497149,4.6872,4.29233e+06,2.93738e+06,1.13888e+07,0,0,0,0,62.338,61.3098,5.26483,0,1,1.20527,1.20527,0,0.931047,1.90512,8.92034e+06,3.92621e+06,1.07514e+07,0,0,0,0
65.9493,85.1408,5.70807,0.02,0,2.75066,2.75066,0,0.497226,4.6872,4.29233e+06,2.93738e+06,1.18067e+07,0,0,0,0,62.338,61.3098,3.67784,0,1,1.25394,1.25394,0,0.93119,1.90512,8.92034e+06,3.92621e+06,1.11855e+07,0,0,0,0
66.4911,85.1408,3.58264,0.02,0,2.75108,2.75108,0,0.515473,4.6872,4.29233e+06,2.93738e+06,1.18085e+07,0,0,0,0,62.338,61.3098,2.92514,0,1,1.25413,1.25413,0,0.968791,1.90512,8.92034e+06,3.92621e+06,1.11873e+07,0,0,0,0
66.5668,85.1408,3.10097,0.02,0,2.7515,2.7515,0,0.515552,4.6872,4.29233e+06,2.93738e+06,1.18104e+07,0,0,0,0,62.338,61.3098,3.21278,0,1,1.25432,1.25432,0,0.968941,1.90512,8.92034e+06,3.92621e+06,1.1189e+07,0,0,0,0
66.8835,85.1408,3.34855,0.02,0,2.75193,2.75193,0,0.515632,4.6872,4.29233e+06,2.93738e+06,1.18122e+07,0,0,0,0,62.338,61.3098,2.69933,0,1,1.25452,1.25452,0,0.96909,1.90512,8.92034e+06,3.92621e+06,1.11907e+07,0,0,0,0
66.6986,85.1408,2.72991,0.01,0,2.71442,2.71442,0,0.515711,4.6872,4.29233e+06,2.93738e+06,1.16512e+07,0,0,0,0,62.338,61.3098,2.18167,0,1,1.23587,1.23587,0,0.96924,1.90512,8.92034e+06,3.92621e+06,1.10244e+07,0,0,0,0
66.5139,85.1408,2.70708,0.01,0,2.71484,2.71484,0,0.508682,4.6872,4.29233e+06,2.93738e+06,1.1653e+07,0,0,0,0,62.3369,61.3098,2.36805,0,1,1.23606,1.23606,0,0.954832,1.90512,8.92034e+06,3.92621e+06,1.10261e+07,0,0,0,0
66.1756,85.1408,2.46517,0.01,0,2.71526,2.71526,0,0.50876,4.6872,4.29233e+06,2.93738e+06,1.16548e+07,0,0,0,0,62.338,61.3098,2.11608,0,1,1.23625,1.23625,0,0.954979,1.90512,8.92034e+06,3.92621e+06,1.10278e+07,0,0,0,0
65.7936,85.1408,2.40236,0.01,0,2.71567,2.71567,0,0.508839,4.6872,4.29233e+06,2.93738e+06,1.16566e+07,0,0,0,0,62.338,61.3098,2.30824,0,1,1.23644,1.23644,0,0.955127,1.90512,8.92034e+06,3.92621e+06,1.10295e+07,0,0,0,0
65.164,85.1408,2.24289,0.01,0,2.84494,2.84494,0,0.508917,4.6872,4.29233e+06,2.93738e+06,1.22114e+07,0,0,0,0,62.338,61.3098,2.11521,0,1,1.30349,1.30349,0,0.955274,1.90512,8.92034e+06,3.92621e+06,1.16276e+07,0,0,0,0
64.3599,85.1408,2.04182,0.01,0,2.84538,2.84538,0,0.533141,4.6872,4.29233e+06,2.93738e+06,1.22133e+07,0,0,0,0,62.2437,61.3098,1.97853,0,1,1.30369,1.30369,0,1.00708,1.90512,8.92034e+06,3.92621e+06,1.16294e+07,0,0,0,0
63.3025,85.1408,1.76558,0.01,0,2.84581,2.84581,0,0.533223,4.6872,4.29233e+06,2.93738e+06,1.22152e+07,0,0,0,0,62.0698,61.3098,1.82145,0,1,1.30389,1.30389,0,1.00723,1.90512,8.92034e+06,3.92621e+06,1.16312e+07,0,0,0,0
62.2065,85.1408,1.71051,0,0,2.84625,2.84625,0,0.533306,4.6872,4.29233e+06,2.93738e+06,1.22171e+07,0,0,0,0,61.7895,61.3098,1.64312,0,1,1.30409,1.30409,0,1.00739,1.90512,8.92034e+06,3.92621e+06,1.16329e+07,0,0,0,0
60.9518,85.1408,1.51304,0,0,2.84669,2.84669,0,0.533388,4.6872,4.29233e+06,2.93738e+06,1.22189e+07,0,0,0,0,61.4085,61.3098,1.54815,0,1,1.30429,1.30429,0,1.00754,1.90512,8.92034e+06,3.92621e+06,1.16347e+07,0,0,0,0
59.5253,85.1408,1.29103,0,0,2.82163,2.82163,0,0.53347,4.6872,4.29233e+06,2.93738e+06,1.21114e+07,0,0,0,0,60.8827,61.3098,1.48893,0,1,1.34127,1.34127,0,1.0077,1.90512,8.92034e+06,3.92621e+06,1.19646e+07,0,0,0,0
57.9343,85.1408,1.12151,0.02,0,2.82207,2.82207,0,0.528774,4.6872,4.29233e+06,2.93738e+06,1.21132e+07,0,0,0,0,60.4026,61.3098,1.3721,0,1,1.34148,1.34148,0,1.03627,1.90512,8.92034e+06,3.92621e+06,1.19664e+07,0,0,0,0
56.2667,85.1408,1.02581,0.02,0,2.8225,2.8225,0,0.528855,4.6872,4.29233e+06,2.93738e+06,1.21151e+07,0,0,0,0,59.7917,61.3098,1.38072,0,1,1.34168,1.34168,0,1.03643,1.90512,8.92034e+06,3.92621e+06,1.19683e+07,0,0,0,0
54.5238,85.1408,0.926211,0.01,0,2.82294,2.82294,0,0.528937,4.6872,4.29233e+06,2.93738e+06,1.2117e+07,0,0,0,0,59.1138,61.3098,1.22807,0,1,1.34189,1.34189,0,1.03659,1.90512,8.92034e+06,3.92621e+06,1.19701e+07,0,0,0,0
52.6946,85.1408,0.846657,0.02,0,2.88927,2.88927,0,0.529019,4.6872,4.29233e+06,2.93738e+06,1.24017e+07,0,0,0,0,58.3002,61.3098,1.15856,0,1,1.37489,1.37489,0,1.03675,1.90512,8.92034e+06,3.92621e+06,1.22645e+07,0,0,0,0
50.8759,85.1408,0.849344,0.02,0,2.88971,2.88971,0,0.541448,4.6872,4.29233e+06,2.93738e+06,1.24036e+07,0,0,0,0,57.5326,61.3098,1.16842,0,1,1.37511,1.37511,0,1.06224,1.90512,8.92034e+06,3.92621e+06,1.22664e+07,0,0,0,0
49.0125,85.1408,0.766636,0.03,0,2.89016,2.89016,0,0.541532,4.6872,4.29233e+06,2.93738e+06,1.24055e+07,0,0,0,0,56.6083,61.3098,1.12035,0,1,1.37532,1.37532,0,1.06241,1.90512,8.92034e+06,3.92621e+06,1.22683e+07,0,0,0,0
47.113,85.1408,0.698391,0.04,0,2.8906,2.8906,0,0.541615,4.6872,4.29233e+06,2.93738e+06,1.24074e+07,0,0,0,0,55.843,61.3098,0.972509,0,1,1.37553,1.37553,0,1.06257,1.90512,8.92034e+06,3.92621e+06,1.22702e+07,0,0,0,0
45.1676,85.1408,0.756664,0.04,0,3.08413,3.08413,0,0.541699,4.6872,4.29233e+06,2.93738e+06,1.32381e+07,0,0,0,0,54.8196,61.3098,1.20271,0,1,1.49419,1.49419,0,1.06273,1.90512,8.92034e+06,3.92621e+06,1.33287e+07,0,0,0,0
43.105,85.1408,0.663161,0.04,0,3.0846,3.0846,0,0.577966,4.6872,4.29233e+06,2.93738e+06,1.32401e+07,0,0,0,0,53.7028,61.3098,0.942276,0,1,1.49442,1.49442,0,1.15441,1.90512,8.92034e+06,3.92621e+06,1.33307e+07,0,0,0,0
41.014,85.1408,0.648726,0.05,0,3.08508,3.08508,0,0.578055,4.6872,4.29233e+06,2.93738e+06,1.32422e+07,0,0,0,0,52.5213,61.3098,0.915243,0,1,1.49465,1.49465,0,1.15459,1.90512,8.92034e+06,3.92621e+06,1.33328e+07,0,0,0,0
38.8582,85.1408,0.552536,0.11,0,3.04585,3.08556,0,0.578144,4.6872,4.29233e+06,2.93738e+06,1.30738e+07,0,0,0,0,51.4456,61.3098,0.805198,0,1,1.53458,1.49488,0,1.15477,1.90512,8.92034e+06,3.92621e+06,1.3689e+07,0,0,0,0
36.7573,85.1408,0.597704,0.09,0,3.04656,3.08603,0,0.570793,4.6872,4.29233e+06,2.93738e+06,1.30768e+07,0,0,0,0,50.3462,61.3098,1.06901,0,1,1.53458,1.49511,0,1.18562,1.90512,8.92034e+06,3.92621e+06,1.3689e+07,0,0,0,0
34.673,85.1408,0.525497,0.09,0,2.95309,2.99234,0,0.570925,4.6872,4.29233e+06,2.93738e+06,1.26757e+07,0,0,0,0,49.0901,61.3098,0.86225,0,1,1.46264,1.42339,0,1.18562,1.90512,8.92034e+06,3.92621e+06,1.30472e+07,0,0,0,0
31.7482,85.1408,0.460028,0.09,0,2.88184,2.9928,0,0.55341,4.6872,4.29233e+06,2.93738e+06,1.23698e+07,0,0,0,0,47.7225,61.3098,0.683049,0,1,1.53457,1.42361,0,1.13003,1.90512,8.92034e+06,3.92621e+06,1.36889e+07,0,0,0,0
28.889,85.1408,0.54998,0.12,0,2.88252,2.99326,0,0.540057,4.6872,4.29233e+06,2.93738e+06,1.23727e+07,0,0,0,0,46.7731,61.3098,0.693914,0,1,1.53457,1.42383,0,1.18561,1.90512,8.92034e+06,3.92621e+06,1.36889e+07,0,0,0,0
28.8304,85.1408,0.853542,0.12,0,2.8832,2.99372,0,0.540184,4.6872,4.29233e+06,2.93738e+06,1.23757e+07,0,0,0,0,45.7639,61.3098,1.19978,0,1,1.53457,1.42405,0,1.18561,1.90512,8.92034e+06,3.92621e+06,1.36889e+07,0,0,0,0
27.0409,85.1408,0.741557,0.12,0,2.80654,2.91684,0,0.540312,4.6872,4.29233e+06,2.93738e+06,1.20466e+07,0,0,0,0,44.6972,61.3098,0.949033,0,1,1.46904,1.35874,0,1.18561,1.90512,8.92034e+06,3.92621e+06,1.31043e+07,0,0,0,0
25.3821,85.1408,0.722254,0.1,0,2.74167,2.91729,0,0.525945,4.6872,4.29233e+06,2.93738e+06,1.17682e+07,0,0,0,0,43.646,61.3098,0.925165,0,1,1.53456,1.35895,0,1.13498,1.90512,8.92034e+06,3.92621e+06,1.36888e+07,0,0,0,0
23.9522,85.1408,1.03602,0.15,0,2.74233,2.91774,0,0.51379,4.6872,4.29233e+06,2.93738e+06,1.1771e+07,0,0,0,0,42.5484,61.3098,0.858,0,1,1.53456,1.35916,0,1.1856,1.90512,8.92034e+06,3.92621e+06,1.36888e+07,0,0,0,0
22.3572,85.1408,0.855084,0.15,0,2.74299,2.91819,0,0.513913,4.6872,4.29233e+06,2.93738e+06,1.17738e+07,0,0,0,0,42.0738,61.3098,0.876619,0,1,1.53456,1.35937,0,1.1856,1.90512,8.92034e+06,3.92621e+06,1.36888e+07,0,0,0,0
22.2322,85.1408,2.18608,0.16,0,2.52385,2.69883,0,0.514037,4.6872,4.29233e+06,2.93738e+06,1.08332e+07,0,0,0,0,42.2014,61.3098,2.7009,0,1,1.398,1.22301,0,1.1856,1.90512,8.92034e+06,3.92621e+06,1.24706e+07,0,0,0,0
22.3794,85.1408,2.34608,0.17,0,2.38791,2.69925,0,0.472969,4.6872,4.29233e+06,2.93738e+06,1.02497e+07,0,0,0,0,42.0887,61.3098,1.91659,0,1,1.53454,1.2232,0,1.08009,1.90512,8.92034e+06,3.92621e+06,1.36886e+07,0,0,0,0
22.7243,85.1408,2.68093,0.19,0,2.38851,2.69966,0,0.447494,4.6872,4.29233e+06,2.93738e+06,1.02523e+07,0,0,0,0,41.7818,61.3098,2.05487,0,1,1.53454,1.22339,0,1.18559,1.90512,8.92034e+06,3.92621e+06,1.36886e+07,0,0,0,0
24.4399,85.1408,4.1545,0.19,0,2.38912,2.70008,0,0.447607,4.6872,4.29233e+06,2.93738e+06,1.02549e+07,0,0,0,0,41.9473,61.3098,3.84186,0,1,1.53454,1.22358,0,1.18559,1.90512,8.92034e+06,3.92621e+06,1.36886e+07,0,0,0,0
26.0168,85.1408,3.87579,0.21,0,2.38972,2.7005,0,0.447721,4.6872,4.29233e+06,2.93738e+06,1.02575e+07,0,0,0,0,41.5633,61.3098,1.78592,0,1,1.53454,1.22377,0,1.18559,1.90512,8.92034e+06,3.92621e+06,1.36886e+07,0,0,0,0
27.4884,85.1408,3.72781,0.14,0,2.38991,2.7005,0,0.447834,4.6872,4.29233e+06,2.93738e+06,1.02583e+07,0,0,0,0,41.6315,61.3098,2.60454,0,1,1.53435,1.22377,0,1.18559,1.90512,8.92034e+06,3.92621e+06,1.36869e+07,0,0,0,0
29.8635,85.1408,4.80729,0.14,0,2.47494,2.78552,0,0.44787,4.6872,4.29233e+06,2.93738e+06,1.06232e+07,0,0,0,0,41.915,61.3098,3.16672,0,1,1.57411,1.26353,0,1.18544,1.90512,8.92034e+06,3.92621e+06,1.40416e+07,0,0,0,0
30.9876,85.1408,3.50869,0.17,0,2.51511,2.78593,0,0.463803,4.6872,4.29233e+06,2.93738e+06,1.07957e+07,0,0,0,0,41.9916,61.3098,2.69017,0,1,1.53454,1.26372,0,1.21616,1.90512,8.92034e+06,3.92621e+06,1.36886e+07,0,0,0,0
31.719,85.1408,3.09451,0.18,0,2.51571,2.78634,0,0.471332,4.6872,4.29233e+06,2.93738e+06,1.07982e+07,0,0,0,0,41.4175,61.3098,2.1652,0,1,1.53454,1.2639,0,1.18558,1.90512,8.92034e+06,3.92621e+06,1.36886e+07,0,0,0,0
32.0338,85.1408,2.67042,0.2,0,2.51631,2.78675,0,0.471444,4.6872,4.29233e+06,2.93738e+06,1.08008e+07,0,0,0,0,41.3161,61.3098,1.52103,0,1,1.53454,1.26409,0,1.18558,1.90512,8.92034e+06,3.92621e+06,1.36886e+07,0,0,0,0
34.0617,85.1408,4.77915,0.2,0,2.78876,3.05902,0,0.471556,4.6872,4.29233e+06,2.93738e+06,1.19703e+07,0,0,0,0,41.7265,61.3098,3.43028,0,1,1.68319,1.41293,0,1.18558,1.90512,8.92034e+06,3.92621e+06,1.50146e+07,0,0,0,0
35.5803,85.1408,4.42597,0.12,0,2.93805,3.05947,0,0.522614,4.6872,4.29233e+06,2.93738e+06,1.26111e+07,0,0,0,0,42.4709,61.3098,3.9198,0,1,1.53456,1.41314,0,1.30043,1.90512,8.92034e+06,3.92621e+06,1.36888e+07,0,0,0,0
37.6745,85.1408,4.99787,0.13,0,2.93871,3.05993,0,0.550591,4.6872,4.29233e+06,2.93738e+06,1.26139e+07,0,0,0,0,43.237,61.3098,4.1571,0,1,1.53456,1.41335,0,1.1856,1.90512,8.92034e+06,3.92621e+06,1.36888e+07,0,0,0,0
39.6683,85.1408,4.90203,0.13,0,2.93938,3.06038,0,0.550715,4.6872,4.29233e+06,2.93738e+06,1.26168e+07,0,0,0,0,44.0671,61.3098,4.58228,0,1,1.53456,1.41356,0,1.1856,1.90512,8.92034e+06,3.92621e+06,1.36888e+07,0,0,0,0
43.1634,85.1408,6.14381,0.14,0,2.55206,2.67285,0,0.550839,4.6872,4.29233e+06,2.93738e+06,1.09543e+07,0,0,0,0,45.9454,61.3098,6.38113,0,1,1.33495,1.21416,0,1.1856,1.90512,8.92034e+06,3.92621e+06,1.19082e+07,0,0,0,0
47.6427,85.1408,7.0142,0.09,0,2.35305,2.67325,0,0.478255,4.6872,4.29233e+06,2.93738e+06,1.01001e+07,0,0,0,0,47.4682,61.3098,5.82483,0,1,1.53453,1.21434,0,1.03138,1.90512,8.92034e+06,3.92621e+06,1.36885e+07,0,0,0,0
50.7508,85.1408,5.74648,0.09,0,2.35363,2.67364,0,0.440962,4.6872,4.29233e+06,2.93738e+06,1.01025e+07,0,0,0,0,48.3605,61.3098,3.93911,0,1,1.53453,1.21451,0,1.18558,1.90512,8.92034e+06,3.92621e+06,1.36885e+07,0,0,0,0
52.2083,85.1408,4.10678,0.12,0,2.3542,2.67404,0,0.441069,4.6872,4.29233e+06,2.93738e+06,1.0105e+07,0,0,0,0,48.8127,61.3098,3.16825,0,1,1.53453,1.21469,0,1.18558,1.90512,8.92034e+06,3.92621e+06,1.36885e+07,0,0,0,0
55.3253,85.1408,6.05982,0.05,0,2.67443,2.67443,0,0.441177,4.6872,4.29233e+06,2.93738e+06,1.14795e+07,0,0,0,0,50.1831,61.3098,4.09691,0,1,1.21487,1.21487,0,1.18558,1.90512,8.92034e+06,3.92621e+06,1.08371e+07,0,0,0,0
58.2588,85.1408,5.82712,0.06,0,2.45308,2.77256,0,0.501189,4.6872,4.29233e+06,2.93738e+06,1.05294e+07,0,0,0,0,51.9895,61.3098,6.50554,0,1,1.5834,1.26392,0,0.938612,1.90512,8.92034e+06,3.92621e+06,1.41245e+07,0,0,0,0
59.8769,85.1408,4.45599,0.06,0,2.50254,2.77297,0,0.459708,4.6872,4.29233e+06,2.93738e+06,1.07417e+07,0,0,0,0,53.3754,61.3098,4.9563,0,1,1.53454,1.26411,0,1.22333,1.90512,8.92034e+06,3.92621e+06,1.36886e+07,0,0,0,0
60.8947,85.1408,4.04747,0.03,0,2.77338,2.77338,0,0.468976,4.6872,4.29233e+06,2.93738e+06,1.19043e+07,0,0,0,0,54.8736,61.3098,4.56556,0,1,1.2643,1.2643,0,1.18558,1.90512,8.92034e+06,3.92621e+06,1.12779e+07,0,0,0,0
61.9337,85.1408,4.09447,0.02,0,2.77379,2.77379,0,0.519732,4.6872,4.29233e+06,2.93738e+06,1.1906e+07,0,0,0,0,56.3288,61.3098,5.16499,0,1,1.26448,1.26448,0,0.976795,1.90512,8.92034e+06,3.92621e+06,1.12796e+07,0,0,0,0
62.0271,85.1408,3.03634,0.02,0,2.73597,2.73597,0,0.519809,4.6872,4.29233e+06,2.93738e+06,1.17437e+07,0,0,0,0,57.1699,61.3098,4.21731,0,1,1.24568,1.24568,0,0.97694,1.90512,8.92034e+06,3.92621e+06,1.11119e+07,0,0,0,0
63.019,85.1408,3.95746,0.02,0,2.73637,2.73637,0,0.51272,4.6872,4.29233e+06,2.93738e+06,1.17454e+07,0,0,0,0,58.1537,61.3098,4.52953,0,1,1.24586,1.24586,0,0.962412,1.90512,8.92034e+06,3.92621e+06,1.11135e+07,0,0,0,0
63.6577,85.1408,3.61042,0.02,0,2.73678,2.73678,0,0.512796,4.6872,4.29233e+06,2.93738e+06,1.17471e+07,0,0,0,0,59.0947,61.3098,4.40101,0,1,1.24605,1.24605,0,0.962554,1.90512,8.92034e+06,3.92621e+06,1.11152e+07,0,0,0,0
63.4655,85.1408,2.70685,0.02,0,2.73718,2.73718,0,0.512872,4.6872,4.29233e+06,2.93738e+06,1.17489e+07,0,0,0,0,59.8473,61.3098,3.81448,0,1,1.24623,1.24623,0,0.962697,1.90512,8.92034e+06,3.92621e+06,1.11168e+07,0,0,0,0
63.1631,85.1408,2.70319,0.02,0,2.86745,2.86745,0,0.512948,4.6872,4.29233e+06,2.93738e+06,1.2308e+07,0,0,0,0,60.449,61.3098,3.5544,0,1,1.3138,1.3138,0,0.962839,1.90512,8.92034e+06,3.92621e+06,1.17196e+07,0,0,0,0
62.6977,85.1408,2.48959,0.02,0,2.86787,2.86787,0,0.53736,4.6872,4.29233e+06,2.93738e+06,1.23099e+07,0,0,0,0,60.8229,61.3098,3.20529,0,1,1.314,1.314,0,1.01505,1.90512,8.92034e+06,3.92621e+06,1.17213e+07,0,0,0,0
62.11,85.1408,2.33681,0,0,2.8683,2.8683,0,0.537439,4.6872,4.29233e+06,2.93738e+06,1.23117e+07,0,0,0,0,61.2281,61.3098,3.24665,0,1,1.31419,1.31419,0,1.0152,1.90512,8.92034e+06,3.92621e+06,1.1723e+07,0,0,0,0
61.4431,85.1408,2.24269,0,0,2.86872,2.86872,0,0.537519,4.6872,4.29233e+06,2.93738e+06,1.23135e+07,0,0,0,0,61.6493,61.3098,3.14623,0,1,1.31439,1.31439,0,1.01535,1.90512,8.92034e+06,3.92621e+06,1.17248e+07,0,0,0,0
60.9718,85.1408,2.41353,0,0,2.86915,2.86915,0,0.537598,4.6872,4.29233e+06,2.93738e+06,1.23153e+07,0,0,0,0,61.9724,61.3098,2.69604,0,1,1.31458,1.31458,0,1.0155,1.90512,8.92034e+06,3.92621e+06,1.17265e+07,0,0,0,0
60.7728,85.1408,2.64484,0,0,2.84387,2.84387,0,0.537678,4.6872,4.29233e+06,2.93738e+06,1.22068e+07,0,0,0,0,62.1674,61.3098,2.14829,0,1,1.35184,1.35184,0,1.01565,1.90512,8.92034e+06,3.92621e+06,1.20589e+07,0,0,0,0
60.3547,85.1408,2.40416,0,0,2.84429,2.84429,0,0.532941,4.6872,4.29233e+06,2.93738e+06,1.22086e+07,0,0,0,0,62.3126,61.3098,1.97234,0,1,1.35204,1.35204,0,1.04443,1.90512,8.92034e+06,3.92621e+06,1.20607e+07,0,0,0,0
59.8479,85.1408,2.27698,0,0,2.84471,2.84471,0,0.53302,4.6872,4.29233e+06,2.93738e+06,1.22104e+07,0,0,0,0,62.338,61.3098,1.94781,0,1,1.35224,1.35224,0,1.04459,1.90512,8.92034e+06,3.92621e+06,1.20624e+07,0,0,0,0
59.102,85.1408,2.02672,0.01,0,2.84513,2.84513,0,0.533099,4.6872,4.29233e+06,2.93738e+06,1.22122e+07,0,0,0,0,62.3197,61.3098,1.89019,0,1,1.35244,1.35244,0,1.04474,1.90512,8.92034e+06,3.92621e+06,1.20642e+07,0,0,0,0
58.3823,85.1408,2.09297,0.02,0,2.91196,2.91196,0,0.533178,4.6872,4.29233e+06,2.93738e+06,1.24991e+07,0,0,0,0,62.179,61.3098,1.80785,0,1,1.38569,1.38569,0,1.0449,1.90512,8.92034e+06,3.92621e+06,1.23609e+07,0,0,0,0
57.6217,85.1408,2.04392,0.02,0,2.91239,2.91239,0,0.545702,4.6872,4.29233e+06,2.93738e+06,1.2501e+07,0,0,0,0,61.9963,61.3098,1.87905,0,1,1.3859,1.3859,0,1.07059,1.90512,8.92034e+06,3.92621e+06,1.23627e+07,0,0,0,0
56.745,85.1408,1.90931,0.02,0,2.91282,2.91282,0,0.545783,4.6872,4.29233e+06,2.93738e+06,1.25028e+07,0,0,0,0,61.7376,61.3098,1.78285,0,1,1.3861,1.3861,0,1.07075,1.90512,8.92034e+06,3.92621e+06,1.23645e+07,0,0,0,0
55.7296,85.1408,1.75249,0.02,0,2.91326,2.91326,0,0.545863,4.6872,4.29233e+06,2.93738e+06,1.25047e+07,0,0,0,0,61.5134,61.3098,1.669,0,1,1.38631,1.38631,0,1.0709,1.90512,8.92034e+06,3.92621e+06,1.23663e+07,0,0,0,0
55.2252,85.1408,2.4146,0.02,0,3.10828,3.10828,0,0.545944,4.6872,4.29233e+06,2.93738e+06,1.33418e+07,0,0,0,0,61.1843,61.3098,2.06756,0,1,1.50589,1.50589,0,1.07106,1.90512,8.92034e+06,3.92621e+06,1.3433e+07,0,0,0,0
54.4081,85.1408,2.13627,0.02,0,3.10874,3.10874,0,0.582491,4.6872,4.29233e+06,2.93738e+06,1.33437e+07,0,0,0,0,60.8362,61.3098,1.63611,0,1,1.50611,1.50611,0,1.16345,1.90512,8.92034e+06,3.92621e+06,1.3435e+07,0,0,0,0
53.6451,85.1408,2.16198,0.02,0,3.1092,3.1092,0,0.582578,4.6872,4.29233e+06,2.93738e+06,1.33457e+07,0,0,0,0,60.5543,61.3098,1.76918,0,1,1.50633,1.50633,0,1.16362,1.90512,8.92034e+06,3.92621e+06,1.3437e+07,0,0,0,0
52.9104,85.1408,2.18207,0.03,0,3.10966,3.10966,0,0.582664,4.6872,4.29233e+06,2.93738e+06,1.33477e+07,0,0,0,0,60.2835,61.3098,2.08028,0,1,1.50656,1.50656,0,1.16379,1.90512,8.92034e+06,3.92621e+06,1.3439e+07,0,0,0,0
52.4098,85.1408,2.3857,0.02,0,3.11012,3.11012,0,0.58275,4.6872,4.29233e+06,2.93738e+06,1.33497e+07,0,0,0,0,60.0055,61.3098,1.89423,0,1,1.50678,1.50678,0,1.16397,1.90512,8.92034e+06,3.92621e+06,1.3441e+07,0,0,0,0
52.4331,85.1408,2.84079,0.03,0,3.01567,3.01567,0,0.582836,4.6872,4.29233e+06,2.93738e+06,1.29443e+07,0,0,0,0,60.0632,61.3098,3.54344,0,1,1.43449,1.43449,0,1.16414,1.90512,8.92034e+06,3.92621e+06,1.27962e+07,0,0,0,0
52.1323,85.1408,2.52093,0.03,0,3.01612,3.01612,0,0.565137,4.6872,4.29233e+06,2.93738e+06,1.29462e+07,0,0,0,0,59.7941,61.3098,2.11379,0,1,1.43471,1.43471,0,1.10829,1.90512,8.92034e+06,3.92621e+06,1.27981e+07,0,0,0,0
51.4691,85.1408,2.1467,0.03,0,3.01656,3.01656,0,0.565221,4.6872,4.29233e+06,2.93738e+06,1.29481e+07,0,0,0,0,59.4882,61.3098,1.92275,0,1,1.43492,1.43492,0,1.10845,1.90512,8.92034e+06,3.92621e+06,1.27999e+07,0,0,0,0
53.0563,85.1408,4.58352,0.03,0,3.01701,3.01701,0,0.565304,4.6872,4.29233e+06,2.93738e+06,1.295e+07,0,0,0,0,59.5898,61.3098,2.76773,0,1,1.43513,1.43513,0,1.10862,1.90512,8.92034e+06,3.92621e+06,1.28018e+07,0,0,0,0
55.2012,85.1408,5.14162,0.03,0,2.93951,2.93951,0,0.565388,4.6872,4.29233e+06,2.93738e+06,1.26173e+07,0,0,0,0,60.1563,61.3098,3.84565,0,1,1.3693,1.3693,0,1.10878,1.90512,8.92034e+06,3.92621e+06,1.22146e+07,0,0,0,0
56.5042,85.1408,4.29254,0.03,0,2.93994,2.93994,0,0.550864,4.6872,4.29233e+06,2.93738e+06,1.26192e+07,0,0,0,0,60.7609,61.3098,4.32671,0,1,1.36951,1.36951,0,1.05792,1.90512,8.92034e+06,3.92621e+06,1.22164e+07,0,0,0,0
57.8011,85.1408,4.32678,0.03,0,2.94038,2.94038,0,0.550945,4.6872,4.29233e+06,2.93738e+06,1.26211e+07,0,0,0,0,61.2613,61.3098,3.88862,0,1,1.36971,1.36971,0,1.05808,1.90512,8.92034e+06,3.92621e+06,1.22183e+07,0,0,0,0
61.7194,85.1408,7.11614,0.03,0,2.94081,2.94081,0,0.551027,4.6872,4.29233e+06,2.93738e+06,1.26229e+07,0,0,0,0,62.0067,61.3098,4.65345,0,1,1.36991,1.36991,0,1.05824,1.90512,8.92034e+06,3.92621e+06,1.22201e+07,0,0,0,0
66.4284,85.1408,7.77177,0.01,0,2.71974,2.71974,0,0.551109,4.6872,4.29233e+06,2.93738e+06,1.1674e+07,0,0,0,0,62.338,61.3098,4.4584,0,1,1.23249,1.23249,0,1.05839,1.90512,8.92034e+06,3.92621e+06,1.09942e+07,0,0,0,0
71.7499,85.1408,8.45417,0.01,0,2.72014,2.72014,0,0.509679,4.6872,4.29233e+06,2.93738e+06,1.16757e+07,0,0,0,0,62.338,61.3098,5.24416,0,1,1.23267,1.23267,0,0.952222,1.90512,8.92034e+06,3.92621e+06,1.09959e+07,0,0,0,0
77.6912,85.1408,9.29155,0,0,2.72054,2.72054,0,0.509755,4.6872,4.29233e+06,2.93738e+06,1.16775e+07,0,0,0,0,62.338,61.3098,4.82109,0,1,1.23285,1.23285,0,0.952363,1.90512,8.92034e+06,3.92621e+06,1.09975e+07,0,0,0,0
82.2658,85.1408,8.16513,0,0,2.72095,2.72095,0,0.50983,4.6872,4.29233e+06,2.93738e+06,1.16792e+07,0,0,0,0,62.338,61.3098,3.89829,0,1,1.23304,1.23304,0,0.952504,1.90512,8.92034e+06,3.92621e+06,1.09991e+07,0,0,0,0
85.1408,85.1408,7.63829,0,0,2.72135,2.72135,0,0.509905,4.6872,4.29233e+06,2.93738e+06,1.16809e+07,0,0,0,0,62.338,61.3098,3.95019,0,1,1.23322,1.23322,0,0.952644,1.90512,8.92034e+06,3.92621e+06,1.10007e+07,0,0,0,0
85.1408,85.1408,10.4801,0,0.02,2.80701,2.80701,0,0.509981,4.6872,4.29233e+06,2.93738e+06,1.20486e+07,0,0,0,0,62.338,61.3098,5.30098,0,1,1.27328,1.27328,0,0.952785,1.90512,8.92034e+06,3.92621e+06,1.13581e+07,0,0,0,0
85.1408,85.1408,7.75621,0,0.02,2.80741,2.80741,0,0.526034,4.6872,4.29233e+06,2.93738e+06,1.20503e+07,0,0,0,0,62.338,61.3098,4.16495,0,1,1.27346,1.27346,0,0.983736,1.90512,8.92034e+06,3.92621e+06,1.13597e+07,0,0,0,0
85.1408,85.1408,6.0131,0,0.02,2.80781,2.80781,0,0.526108,4.6872,4.29233e+06,2.93738e+06,1.2052e+07,0,0,0,0,62.338,61.3098,6.53657,0,1,1.27364,1.27364,0,0.983876,1.90512,8.92034e+06,3.92621e+06,1.13613e+07,0,0,0,0
85.1408,85.1408,5.39655,0,0.02,2.8082,2.8082,0,0.526183,4.6872,4.29233e+06,2.93738e+06,1.20537e+07,0,0,0,0,62.338,61.3098,4.51201,0,1,1.27382,1.27382,0,0.984015,1.90512,8.92034e+06,3.92621e+06,1.13629e+07,0,0,0,0
85.1408,85.1408,7.19314,0,0.02,3.08255,3.08255,0,0.526258,4.6872,4.29233e+06,2.93738e+06,1.32313e+07,0,0,0,0,62.338,61.3098,6.92339,0,1,1.4238,1.4238,0,0.984154,1.90512,8.92034e+06,3.92621e+06,1.27008e+07,0,0,0,0
85.1408,85.1408,8.54539,0,0.02,3.08298,3.08298,0,0.577669,4.6872,4.29233e+06,2.93738e+06,1.32332e+07,0,0,0,0,62.338,61.3098,7.53256,0,1,1.424,1.424,0,1.10003,1.90512,8.92034e+06,3.92621e+06,1.27025e+07,0,0,0,0
85.1408,85.1408,7.57028,0,0.02,3.08342,3.08342,0,0.577751,4.6872,4.29233e+06,2.93738e+06,1.32351e+07,0,0,0,0,62.338,61.3098,6.73421,0,1,1.4242,1.4242,0,1.10018,1.90512,8.92034e+06,3.92621e+06,1.27044e+07,0,0,0,0
85.1408,85.1408,5.50464,0,0.02,3.08386,3.08386,0,0.577833,4.6872,4.29233e+06,2.93738e+06,1.32369e+07,0,0,0,0,62.338,61.3098,4.93861,0,1,1.4244,1.4244,0,1.10034,1.90512,8.92034e+06,3.92621e+06,1.27061e+07,0,0,0,0
85.1408,85.1408,4.75199,0,0.02,2.69334,2.69334,0,0.577915,4.6872,4.29233e+06,2.93738e+06,1.15607e+07,0,0,0,0,62.338,61.3098,3.54697,0,1,1.22346,1.22346,0,1.10049,1.90512,8.92034e+06,3.92621e+06,1.09137e+07,0,0,0,0
85.1408,85.1408,5.11236,0,0.02,2.69372,2.69372,0,0.504732,4.6872,4.29233e+06,2.93738e+06,1.15623e+07,0,0,0,0,62.338,61.3098,3.47853,0,1,1.22364,1.22364,0,0.945248,1.90512,8.92034e+06,3.92621e+06,1.09152e+07,0,0,0,0
85.1408,85.1408,6.83392,0,0.02,2.6941,2.6941,0,0.504804,4.6872,4.29233e+06,2.93738e+06,1.1564e+07,0,0,0,0,62.338,61.3098,5.31621,0,1,1.22381,1.22381,0,0.945382,1.90512,8.92034e+06,3.92621e+06,1.09168e+07,0,0,0,0
85.1408,85.1408,7.47936,0,0.02,2.69449,2.69449,0,0.504875,4.6872,4.29233e+06,2.93738e+06,1.15656e+07,0,0,0,0,62.338,61.3098,6.56101,0,1,1.22398,1.22398,0,0.945515,1.90512,8.92034e+06,3.92621e+06,1.09183e+07,0,0,0,0
85.1408,85.1408,6.46624,0,0.02,2.69487,2.69487,0,0.504947,4.6872,4.29233e+06,2.93738e+06,1.15673e+07,0,0,0,0,62.338,61.3098,4.98802,0,1,1.22416,1.22416,0,0.945649,1.90512,8.92034e+06,3.92621e+06,1.09199e+07,0,0,0,0
85.1408,85.1408,8.29637,0,0.02,2.79373,2.79373,0,0.505018,4.6872,4.29233e+06,2.93738e+06,1.19916e+07,0,0,0,0,62.338,61.3098,7.29182,0,1,1.27357,1.27357,0,0.945783,1.90512,8.92034e+06,3.92621e+06,1.13607e+07,0,0,0,0
85.1408,85.1408,5.90069,0,0.02,2.79412,2.79412,0,0.523545,4.6872,4.29233e+06,2.93738e+06,1.19933e+07,0,0,0,0,62.338,61.3098,5.91837,0,1,1.27375,1.27375,0,0.983962,1.90512,8.92034e+06,3.92621e+06,1.13623e+07,0,0,0,0
85.1408,85.1408,5.20681,0,0.02,2.79452,2.79452,0,0.523619,4.6872,4.29233e+06,2.93738e+06,1.1995e+07,0,0,0,0,62.338,61.3098,5.77136,0,1,1.27393,1.27393,0,0.984101,1.90512,8.92034e+06,3.92621e+06,1.13639e+07,0,0,0,0
85.1408,85.1408,4.75387,0,0.02,2.79492,2.79492,0,0.523693,4.6872,4.29233e+06,2.93738e+06,1.19967e+07,0,0,0,0,62.338,61.3098,5.72022,0,1,1.27411,1.27411,0,0.98424,1.90512,8.92034e+06,3.92621e+06,1.13655e+07,0,0,0,0
85.1408,85.1408,3.39757,0,0.02,2.75679,2.75679,0,0.523767,4.6872,4.29233e+06,2.93738e+06,1.1833e+07,0,0,0,0,62.338,61.3098,3.63421,0,1,1.25516,1.25516,0,0.98438,1.90512,8.92034e+06,3.92621e+06,1.11964e+07,0,0,0,0
85.1408,85.1408,3.65923,0,0.02,2.75718,2.75718,0,0.516622,4.6872,4.29233e+06,2.93738e+06,1.18347e+07,0,0,0,0,62.338,61.3098,3.6781,0,1,1.25534,1.25534,0,0.969735,1.90512,8.92034e+06,3.92621e+06,1.1198e+07,0,0,0,0
85.1408,85.1408,3.31585,0,0.02,2.75757,2.75757,0,0.516695,4.6872,4.29233e+06,2.93738e+06,1.18364e+07,0,0,0,0,62.338,61.3098,3.61121,0,1,1.25551,1.25551,0,0.969872,1.90512,8.92034e+06,3.92621e+06,1.11996e+07,0,0,0,0
85.1163,85.1408,3.20739,0,0.02,2.75796,2.75796,0,0.516768,4.6872,4.29233e+06,2.93738e+06,1.18381e+07,0,0,0,0,62.338,61.3098,3.53397,0,1,1.25569,1.25569,0,0.97001,1.90512,8.92034e+06,3.92621e+06,1.12012e+07,0,0,0,0
84.7919,85.1408,2.93217,0,0.02,2.8892,2.8892,0,0.516841,4.6872,4.29233e+06,2.93738e+06,1.24014e+07,0,0,0,0,62.338,61.3098,3.28824,0,1,1.32377,1.32377,0,0.970147,1.90512,8.92034e+06,3.92621e+06,1.18085e+07,0,0,0,0
84.1947,85.1408,2.63502,0,0.02,2.88961,2.88961,0,0.541435,4.6872,4.29233e+06,2.93738e+06,1.24031e+07,0,0,0,0,62.338,61.3098,3.03554,0,1,1.32396,1.32396,0,1.02274,1.90512,8.92034e+06,3.92621e+06,1.18101e+07,0,0,0,0
83.3516,85.1408,2.37477,0,0.02,2.89001,2.89001,0,0.541512,4.6872,4.29233e+06,2.93738e+06,1.24049e+07,0,0,0,0,62.338,61.3098,2.78572,0,1,1.32414,1.32414,0,1.02289,1.90512,8.92034e+06,3.92621e+06,1.18118e+07,0,0,0,0
82.3347,85.1408,2.16753,0,0.02,2.89042,2.89042,0,0.541589,4.6872,4.29233e+06,2.93738e+06,1.24067e+07,0,0,0,0,62.338,61.3098,2.73815,0,1,1.32433,1.32433,0,1.02303,1.90512,8.92034e+06,3.92621e+06,1.18135e+07,0,0,0,0
81.4437,85.1408,2.2573,0,0.02,2.89083,2.89083,0,0.541665,4.6872,4.29233e+06,2.93738e+06,1.24084e+07,0,0,0,0,62.338,61.3098,2.6042,0,1,1.32452,1.32452,0,1.02318,1.90512,8.92034e+06,3.92621e+06,1.18152e+07,0,0,0,0
80.9281,85.1408,2.58267,0,0.02,2.86535,2.86535,0,0.541742,4.6872,4.29233e+06,2.93738e+06,1.2299e+07,0,0,0,0,62.338,61.3098,3.22936,0,1,1.36205,1.36205,0,1.02332,1.90512,8.92034e+06,3.92621e+06,1.215e+07,0,0,0,0
80.2532,85.1408,2.41784,0,0.02,2.86575,2.86575,0,0.536966,4.6872,4.29233e+06,2.93738e+06,1.23008e+07,0,0,0,0,62.338,61.3098,3.10038,0,1,1.36224,1.36224,0,1.05232,1.90512,8.92034e+06,3.92621e+06,1.21517e+07,0,0,0,0
79.3718,85.1408,2.20403,0,0.02,2.86616,2.86616,0,0.537042,4.6872,4.29233e+06,2.93738e+06,1.23025e+07,0,0,0,0,62.338,61.3098,2.95139,0,1,1.36244,1.36244,0,1.05247,1.90512,8.92034e+06,3.92621e+06,1.21534e+07,0,0,0,0
78.3192,85.1408,2.00147,0,0.02,2.86657,2.86657,0,0.537119,4.6872,4.29233e+06,2.93738e+06,1.23043e+07,0,0,0,0,62.338,61.3098,2.70748,0,1,1.36263,1.36263,0,1.05262,1.90512,8.92034e+06,3.92621e+06,1.21551e+07,0,0,0,0
77.1912,85.1408,1.95503,0,0.02,2.93388,2.93388,0,0.537195,4.6872,4.29233e+06,2.93738e+06,1.25932e+07,0,0,0,0,62.338,61.3098,2.79887,0,1,1.39613,1.39613,0,1.05277,1.90512,8.92034e+06,3.92621e+06,1.24539e+07,0,0,0,0
75.917,85.1408,1.77203,0,0.02,2.9343,2.9343,0,0.54981,4.6872,4.29233e+06,2.93738e+06,1.2595e+07,0,0,0,0,62.338,61.3098,2.7161,0,1,1.39632,1.39632,0,1.07865,1.90512,8.92034e+06,3.92621e+06,1.24557e+07,0,0,0,0
74.5282,85.1408,1.64298,0,0.02,2.93471,2.93471,0,0.549888,4.6872,4.29233e+06,2.93738e+06,1.25968e+07,0,0,0,0,62.338,61.3098,2.42331,0,1,1.39652,1.39652,0,1.0788,1.90512,8.92034e+06,3.92621e+06,1.24574e+07,0,0,0,0
73.1876,85.1408,1.6703,0.01,0.02,2.93513,2.93513,0,0.549965,4.6872,4.29233e+06,2.93738e+06,1.25985e+07,0,0,0,0,62.338,61.3098,2.73292,0,1,1.39672,1.39672,0,1.07895,1.90512,8.92034e+06,3.92621e+06,1.24592e+07,0,0,0,0
71.4401,85.1408,1.38486,0.01,0.02,3.1316,3.1316,0,0.550043,4.6872,4.29233e+06,2.93738e+06,1.34419e+07,0,0,0,0,62.2953,61.3098,2.55652,0,1,1.51719,1.51719,0,1.0791,1.90512,8.92034e+06,3.92621e+06,1.35338e+07,0,0,0,0
69.1397,85.1408,0.78357,0.01,0.02,3.13204,3.13204,0,0.586862,4.6872,4.29233e+06,2.93738e+06,1.34438e+07,0,0,0,0,62.0944,61.3098,1.99742,0,1,1.5174,1.5174,0,1.17218,1.90512,8.92034e+06,3.92621e+06,1.35357e+07,0,0,0,0
66.8443,85.1408,0.762397,0.01,0.02,3.13249,3.13249,0,0.586945,4.6872,4.29233e+06,2.93738e+06,1.34457e+07,0,0,0,0,61.8529,61.3098,1.87967,0,1,1.51762,1.51762,0,1.17234,1.90512,8.92034e+06,3.92621e+06,1.35376e+07,0,0,0,0
64.8873,85.1408,1.08797,0.02,0.02,3.13293,3.13293,0,0.587028,4.6872,4.29233e+06,2.93738e+06,1.34476e+07,0,0,0,0,61.6992,61.3098,2.19691,0,1,1.51783,1.51783,0,1.17251,1.90512,8.92034e+06,3.92621e+06,1.35396e+07,0,0,0,0
63.2483,85.1408,1.45791,0.02,0.02,3.13337,3.13337,0,0.587111,4.6872,4.29233e+06,2.93738e+06,1.34495e+07,0,0,0,0,61.5775,61.3098,2.39815,0,1,1.51805,1.51805,0,1.17268,1.90512,8.92034e+06,3.92621e+06,1.35415e+07,0,0,0,0
61.2615,85.1408,0.980826,0.02,0.02,3.0382,3.0382,0,0.587194,4.6872,4.29233e+06,2.93738e+06,1.3041e+07,0,0,0,0,61.2059,61.3098,1.7249,0,1,1.44521,1.44521,0,1.17284,1.90512,8.92034e+06,3.92621e+06,1.28918e+07,0,0,0,0
59.278,85.1408,0.977408,0.03,0.02,3.03863,3.03863,0,0.569359,4.6872,4.29233e+06,2.93738e+06,1.30428e+07,0,0,0,0,61.0836,61.3098,1.61508,0,1,1.44542,1.44542,0,1.11657,1.90512,8.92034e+06,3.92621e+06,1.28936e+07,0,0,0,0
57.747,85.1408,1.44123,0.05,0.02,3.03906,3.03906,0,0.56944,4.6872,4.29233e+06,2.93738e+06,1.30447e+07,0,0,0,0,61.0662,61.3098,1.95353,0,1,1.44562,1.44562,0,1.11673,1.90512,8.92034e+06,3.92621e+06,1.28954e+07,0,0,0,0
56.7025,85.1408,2.01468,0.04,0.02,3.03949,3.03949,0,0.569521,4.6872,4.29233e+06,2.93738e+06,1.30465e+07,0,0,0,0,61.4744,61.3098,3.16946,0,1,1.44583,1.44583,0,1.11689,1.90512,8.92034e+06,3.92621e+06,1.28972e+07,0,0,0,0
55.5233,85.1408,1.83175,0.04,0.02,2.9614,2.9614,0,0.569601,4.6872,4.29233e+06,2.93738e+06,1.27113e+07,0,0,0,0,61.7274,61.3098,2.62579,0,1,1.3795,1.3795,0,1.11704,1.90512,8.92034e+06,3.92621e+06,1.23056e+07,0,0,0,0
54.378,85.1408,1.8653,0.04,0.02,2.96182,2.96182,0,0.554966,4.6872,4.29233e+06,2.93738e+06,1.27131e+07,0,0,0,0,62.338,61.3098,4.06308,0,1,1.37969,1.37969,0,1.0658,1.90512,8.92034e+06,3.92621e+06,1.23073e+07,0,0,0,0
52.9595,85.1408,1.5653,0.04,0.02,2.96224,2.96224,0,0.555044,4.6872,4.29233e+06,2.93738e+06,1.27149e+07,0,0,0,0,62.338,61.3098,3.32436,0,1,1.37989,1.37989,0,1.06595,1.90512,8.92034e+06,3.92621e+06,1.23091e+07,0,0,0,0
52.8927,85.1408,3.05008,0.04,0.02,2.96266,2.96266,0,0.555123,4.6872,4.29233e+06,2.93738e+06,1.27167e+07,0,0,0,0,62.338,61.3098,5.39532,0,1,1.38009,1.38009,0,1.0661,1.90512,8.92034e+06,3.92621e+06,1.23108e+07,0,0,0,0
55.0785,85.1408,5.21096,0.04,0.02,2.73992,2.73992,0,0.555202,4.6872,4.29233e+06,2.93738e+06,1.17606e+07,0,0,0,0,62.338,61.3098,4.0021,0,1,1.24164,1.24164,0,1.06625,1.90512,8.92034e+06,3.92621e+06,1.10758e+07,0,0,0,0
57.0247,85.1408,5.08755,0.04,0.02,2.74031,2.74031,0,0.513461,4.6872,4.29233e+06,2.93738e+06,1.17623e+07,0,0,0,0,62.338,61.3098,5.11612,0,1,1.24181,1.24181,0,0.959288,1.90512,8.92034e+06,3.92621e+06,1.10774e+07,0,0,0,0
57.9413,85.1408,4.02902,0.04,0.02,2.7407,2.7407,0,0.513534,4.6872,4.29233e+06,2.93738e+06,1.1764e+07,0,0,0,0,62.338,61.3098,6.31174,0,1,1.24199,1.24199,0,0.959424,1.90512,8.92034e+06,3.92621e+06,1.1079e+07,0,0,0,0
58.9423,85.1408,4.10014,0.04,0.02,2.74109,2.74109,0,0.513607,4.6872,4.29233e+06,2.93738e+06,1.17657e+07,0,0,0,0,62.338,61.3098,9.70286,0,1,1.24216,1.24216,0,0.95956,1.90512,8.92034e+06,3.92621e+06,1.10805e+07,0,0,0,0
60.2398,85.1408,4.40454,0.04,0.02,2.74148,2.74148,0,0.51368,4.6872,4.29233e+06,2.93738e+06,1.17673e+07,0,0,0,0,62.338,61.3098,7.58974,0,1,1.24234,1.24234,0,0.959696,1.90512,8.92034e+06,3.92621e+06,1.10821e+07,0,0,0,0
59.8512,85.1408,2.59332,0.02,0.02,2.82775,2.82775,0,0.513753,4.6872,4.29233e+06,2.93738e+06,1.21377e+07,0,0,0,0,62.338,61.3098,3.77442,0,1,1.28269,1.28269,0,0.959832,1.90512,8.92034e+06,3.92621e+06,1.1442e+07,0,0,0,0
59.0243,85.1408,2.18847,0.02,0.02,2.82814,2.82814,0,0.529921,4.6872,4.29233e+06,2.93738e+06,1.21393e+07,0,0,0,0,62.338,61.3098,3.16704,0,1,1.28286,1.28286,0,0.991006,1.90512,8.92034e+06,3.92621e+06,1.14436e+07,0,0,0,0
59.8746,85.1408,3.99056,0.04,0.02,2.82852,2.82852,0,0.529993,4.6872,4.29233e+06,2.93738e+06,1.21409e+07,0,0,0,0,62.338,61.3098,4.74101,0,1,1.28304,1.28304,0,0.99114,1.90512,8.92034e+06,3.92621e+06,1.14451e+07,0,0,0,0
60.9457,85.1408,4.20274,0.02,0.02,2.8289,2.8289,0,0.530065,4.6872,4.29233e+06,2.93738e+06,1.21426e+07,0,0,0,0,62.338,61.3098,6.59875,0,1,1.28321,1.28321,0,0.991274,1.90512,8.92034e+06,3.92621e+06,1.14467e+07,0,0,0,0
63.4125,85.1408,6.15117,0.03,0.02,3.10525,3.10525,0,0.530136,4.6872,4.29233e+06,2.93738e+06,1.33288e+07,0,0,0,0,62.338,61.3098,9.85311,0,1,1.43428,1.43428,0,0.991408,1.90512,8.92034e+06,3.92621e+06,1.27943e+07,0,0,0,0
65.4778,85.1408,5.66238,0.03,0.02,3.10567,3.10567,0,0.581924,4.6872,4.29233e+06,2.93738e+06,1.33306e+07,0,0,0,0,62.338,61.3098,8.25609,0,1,1.43448,1.43448,0,1.10813,1.90512,8.92034e+06,3.92621e+06,1.2796e+07,0,0,0,0
67.1056,85.1408,5.09406,0.03,0.02,3.10609,3.10609,0,0.582002,4.6872,4.29233e+06,2.93738e+06,1.33324e+07,0,0,0,0,62.338,61.3098,6.18755,0,1,1.43467,1.43467,0,1.10828,1.90512,8.92034e+06,3.92621e+06,1.27978e+07,0,0,0,0
67.5913,85.1408,4.008,0.03,0.02,3.10651,3.10651,0,0.582081,4.6872,4.29233e+06,2.93738e+06,1.33342e+07,0,0,0,0,62.338,61.3098,5.64756,0,1,1.43487,1.43487,0,1.10843,1.90512,8.92034e+06,3.92621e+06,1.27995e+07,0,0,0,0
68.7492,85.1408,4.35059,0.03,0.02,2.71311,2.71311,0,0.58216,4.6872,4.29233e+06,2.93738e+06,1.16456e+07,0,0,0,0,62.338,61.3098,6.34469,0,1,1.23244,1.23244,0,1.10858,1.90512,8.92034e+06,3.92621e+06,1.09938e+07,0,0,0,0
69.5768,85.1408,3.93722,0.01,0.02,2.71348,2.71348,0,0.508436,4.6872,4.29233e+06,2.93738e+06,1.16471e+07,0,0,0,0,62.338,61.3098,6.91338,0,1,1.23261,1.23261,0,0.952185,1.90512,8.92034e+06,3.92621e+06,1.09953e+07,0,0,0,0
69.8467,85.1408,3.29216,0.01,0.02,2.71384,2.71384,0,0.508505,4.6872,4.29233e+06,2.93738e+06,1.16487e+07,0,0,0,0,62.338,61.3098,4.5881,0,1,1.23278,1.23278,0,0.952314,1.90512,8.92034e+06,3.92621e+06,1.09968e+07,0,0,0,0
71.5276,85.1408,4.82329,0.01,0.02,2.71421,2.71421,0,0.508574,4.6872,4.29233e+06,2.93738e+06,1.16503e+07,0,0,0,0,62.338,61.3098,7.56563,0,1,1.23294,1.23294,0,0.952443,1.90512,8.92034e+06,3.92621e+06,1.09983e+07,0,0,0,0
73.8386,85.1408,5.49478,0.01,0.02,2.71458,2.71458,0,0.508643,4.6872,4.29233e+06,2.93738e+06,1.16519e+07,0,0,0,0,62.338,61.3098,7.25492,0,1,1.23311,1.23311,0,0.952572,1.90512,8.92034e+06,3.92621e+06,1.09998e+07,0,0,0,0
76.1378,85.1408,5.59517,0.01,0.02,2.81415,2.81415,0,0.508712,4.6872,4.29233e+06,2.93738e+06,1.20792e+07,0,0,0,0,62.338,61.3098,5.55605,0,1,1.28288,1.28288,0,0.952701,1.90512,8.92034e+06,3.92621e+06,1.14437e+07,0,0,0,0
77.9275,85.1408,5.08021,0.01,0.02,2.81453,2.81453,0,0.527371,4.6872,4.29233e+06,2.93738e+06,1.20809e+07,0,0,0,0,62.338,61.3098,4.80656,0,1,1.28305,1.28305,0,0.991152,1.90512,8.92034e+06,3.92621e+06,1.14453e+07,0,0,0,0
79.5143,85.1408,4.82178,0,0.02,2.81491,2.81491,0,0.527442,4.6872,4.29233e+06,2.93738e+06,1.20825e+07,0,0,0,0,62.338,61.3098,4.49662,0,1,1.28323,1.28323,0,0.991287,1.90512,8.92034e+06,3.92621e+06,1.14468e+07,0,0,0,0
80.4831,85.1408,4.15344,0,0.02,2.81529,2.81529,0,0.527514,4.6872,4.29233e+06,2.93738e+06,1.20841e+07,0,0,0,0,62.338,61.3098,3.96221,0,1,1.2834,1.2834,0,0.991421,1.90512,8.92034e+06,3.92621e+06,1.14484e+07,0,0,0,0
81.0712,85.1408,3.7017,0,0.02,2.77686,2.77686,0,0.527585,4.6872,4.29233e+06,2.93738e+06,1.19192e+07,0,0,0,0,62.338,61.3098,3.08055,0,1,1.2643,1.2643,0,0.991555,1.90512,8.92034e+06,3.92621e+06,1.1278e+07,0,0,0,0
81.6776,85.1408,3.69638,0,0.02,2.77724,2.77724,0,0.520384,4.6872,4.29233e+06,2.93738e+06,1.19208e+07,0,0,0,0,62.338,61.3098,2.84926,0,1,1.26447,1.26447,0,0.976798,1.90512,8.92034e+06,3.92621e+06,1.12795e+07,0,0,0,0
81.9399,85.1408,3.29963,0,0.02,2.77762,2.77762,0,0.520455,4.6872,4.29233e+06,2.93738e+06,1.19224e+07,0,0,0,0,62.338,61.3098,2.7347,0,1,1.26464,1.26464,0,0.97693,1.90512,8.92034e+06,3.92621e+06,1.1281e+07,0,0,0,0
82.041,85.1408,3.1165,0,0.02,2.77799,2.77799,0,0.520525,4.6872,4.29233e+06,2.93738e+06,1.19241e+07,0,0,0,0,62.338,61.3098,2.48041,0,1,1.26481,1.26481,0,0.977062,1.90512,8.92034e+06,3.92621e+06,1.12826e+07,0,0,0,0
81.9586,85.1408,3.04751,0,0.02,2.91017,2.91017,0,0.520596,4.6872,4.29233e+06,2.93738e+06,1.24914e+07,0,0,0,0,62.338,61.3098,2.5607,0,1,1.33338,1.33338,0,0.977195,1.90512,8.92034e+06,3.92621e+06,1.18942e+07,0,0,0,0
81.9326,85.1408,3.10151,0,0.02,2.91056,2.91056,0,0.545365,4.6872,4.29233e+06,2.93738e+06,1.24931e+07,0,0,0,0,62.338,61.3098,2.5852,0,1,1.33356,1.33356,0,1.03017,1.90512,8.92034e+06,3.92621e+06,1.18958e+07,0,0,0,0
81.5576,85.1408,2.72155,0,0.02,2.91095,2.91095,0,0.545439,4.6872,4.29233e+06,2.93738e+06,1.24948e+07,0,0,0,0,62.338,61.3098,2.40955,0,1,1.33374,1.33374,0,1.03031,1.90512,8.92034e+06,3.92621e+06,1.18974e+07,0,0,0,0
81.0809,85.1408,2.57028,0,0.02,2.91135,2.91135,0,0.545513,4.6872,4.29233e+06,2.93738e+06,1.24965e+07,0,0,0,0,62.3334,61.3098,2.30214,0,1,1.33392,1.33392,0,1.03045,1.90512,8.92034e+06,3.92621e+06,1.1899e+07,0,0,0,0
80.3308,85.1408,2.28994,0,0.02,2.91174,2.91174,0,0.545587,4.6872,4.29233e+06,2.93738e+06,1.24982e+07,0,0,0,0,62.338,61.3098,2.15153,0,1,1.3341,1.3341,0,1.03059,1.90512,8.92034e+06,3.92621e+06,1.19006e+07,0,0,0,0
78.6168,85.1408,1.27292,0,0.02,2.88606,2.88606,0,0.545661,4.6872,4.29233e+06,2.93738e+06,1.23879e+07,0,0,0,0,62.338,61.3098,2.11409,0,1,1.37189,1.37189,0,1.03073,1.90512,8.92034e+06,3.92621e+06,1.22378e+07,0,0,0,0
76.9153,85.1408,1.26895,0,0.02,2.88645,2.88645,0,0.540847,4.6872,4.29233e+06,2.93738e+06,1.23896e+07,0,0,0,0,62.338,61.3098,2.1238,0,1,1.37208,1.37208,0,1.05993,1.90512,8.92034e+06,3.92621e+06,1.22394e+07,0,0,0,0
75.1798,85.1408,1.20926,0,0.02,2.88684,2.88684,0,0.54092,4.6872,4.29233e+06,2.93738e+06,1.23913e+07,0,0,0,0,62.2968,61.3098,2.11456,0,1,1.37227,1.37227,0,1.06007,1.90512,8.92034e+06,3.92621e+06,1.22411e+07,0,0,0,0
73.3378,85.1408,1.06367,0,0.02,2.88723,2.88723,0,0.540993,4.6872,4.29233e+06,2.93738e+06,1.23929e+07,0,0,0,0,62.3242,61.3098,1.93967,0,1,1.37245,1.37245,0,1.06021,1.90512,8.92034e+06,3.92621e+06,1.22427e+07,0,0,0,0
71.4839,85.1408,1.09386,0,0.02,2.95501,2.95501,0,0.541067,4.6872,4.29233e+06,2.93738e+06,1.26839e+07,0,0,0,0,62.2715,61.3098,1.97209,0,1,1.40618,1.40618,0,1.06036,1.90512,8.92034e+06,3.92621e+06,1.25436e+07,0,0,0,0
69.643,85.1408,1.08884,0,0.02,2.95541,2.95541,0,0.553769,4.6872,4.29233e+06,2.93738e+06,1.26856e+07,0,0,0,0,62.2028,61.3098,1.99466,0,1,1.40637,1.40637,0,1.08641,1.90512,8.92034e+06,3.92621e+06,1.25453e+07,0,0,0,0
67.701,85.1408,0.968462,0,0.02,2.95581,2.95581,0,0.553844,4.6872,4.29233e+06,2.93738e+06,1.26873e+07,0,0,0,0,62.0186,61.3098,1.86211,0,1,1.40656,1.40656,0,1.08656,1.90512,8.92034e+06,3.92621e+06,1.2547e+07,0,0,0,0
65.6933,85.1408,0.882059,0.02,0.02,2.95621,2.95621,0,0.553919,4.6872,4.29233e+06,2.93738e+06,1.2689e+07,0,0,0,0,61.8115,61.3098,1.76439,0,1,1.40675,1.40675,0,1.08671,1.90512,8.92034e+06,3.92621e+06,1.25487e+07,0,0,0,0
63.5244,85.1408,0.854047,0.02,0.02,3.15407,3.15407,0,0.553994,4.6872,4.29233e+06,2.93738e+06,1.35383e+07,0,0,0,0,61.5636,61.3098,1.77663,0,1,1.52807,1.52807,0,1.08686,1.90512,8.92034e+06,3.92621e+06,1.36309e+07,0,0,0,0
61.5665,85.1408,1.07929,0.02,0.02,3.1545,3.1545,0,0.591073,4.6872,4.29233e+06,2.93738e+06,1.35402e+07,0,0,0,0,61.3667,61.3098,1.9218,0,1,1.52828,1.52828,0,1.18059,1.90512,8.92034e+06,3.92621e+06,1.36328e+07,0,0,0,0
59.5073,85.1408,0.976995,0.02,0.02,3.15493,3.15493,0,0.591154,4.6872,4.29233e+06,2.93738e+06,1.3542e+07,0,0,0,0,61.1927,61.3098,1.84251,0,1,1.52849,1.52849,0,1.18075,1.90512,8.92034e+06,3.92621e+06,1.36346e+07,0,0,0,0
57.4911,85.1408,0.982833,0.04,0.02,3.15536,3.15536,0,0.591234,4.6872,4.29233e+06,2.93738e+06,1.35438e+07,0,0,0,0,61.1156,61.3098,2.00633,0,1,1.5287,1.5287,0,1.18091,1.90512,8.92034e+06,3.92621e+06,1.36365e+07,0,0,0,0
55.5073,85.1408,0.992148,0.04,0.02,3.15578,3.15578,0,0.591314,4.6872,4.29233e+06,2.93738e+06,1.35457e+07,0,0,0,0,60.7646,61.3098,2.31817,0,1,1.5289,1.5289,0,1.18107,1.90512,8.92034e+06,3.92621e+06,1.36383e+07,0,0,0,0
53.7615,85.1408,1.16645,0.04,0.02,3.05991,3.05991,0,0.591394,4.6872,4.29233e+06,2.93738e+06,1.31342e+07,0,0,0,0,60.556,61.3098,1.44496,0,1,1.45554,1.45554,0,1.18123,1.90512,8.92034e+06,3.92621e+06,1.29839e+07,0,0,0,0
51.8919,85.1408,1.00722,0.05,0.02,3.06033,3.06033,0,0.573427,4.6872,4.29233e+06,2.93738e+06,1.31359e+07,0,0,0,0,60.2762,61.3098,2.35196,0,1,1.45573,1.45573,0,1.12455,1.90512,8.92034e+06,3.92621e+06,1.29856e+07,0,0,0,0
49.9267,85.1408,0.884669,0.05,0.02,3.06074,3.06074,0,0.573505,4.6872,4.29233e+06,2.93738e+06,1.31377e+07,0,0,0,0,59.5923,61.3098,1.34905,0,1,1.45593,1.45593,0,1.1247,1.90512,8.92034e+06,3.92621e+06,1.29874e+07,0,0,0,0
48.0296,85.1408,0.856498,0.06,0.02,2.98274,3.06116,0,0.573583,4.6872,4.29233e+06,2.93738e+06,1.28029e+07,0,0,0,0,58.8739,61.3098,1.23786,0,1,1.53455,1.45613,0,1.12485,1.90512,8.92034e+06,3.92621e+06,1.36887e+07,0,0,0,0
46.677,85.1408,1.41023,0.06,0.02,2.90426,2.98248,0,0.558965,4.6872,4.29233e+06,2.93738e+06,1.2466e+07,0,0,0,0,58.4431,61.3098,1.38093,0,1,1.46754,1.38932,0,1.18559,1.90512,8.92034e+06,3.92621e+06,1.3091e+07,0,0,0,0
45.1278,85.1408,1.10029,0.06,0.02,2.83786,2.98289,0,0.544258,4.6872,4.29233e+06,2.93738e+06,1.2181e+07,0,0,0,0,58.0405,61.3098,1.31539,0,1,1.53454,1.38951,0,1.13382,1.90512,8.92034e+06,3.92621e+06,1.36886e+07,0,0,0,0
45.1104,85.1408,2.81204,0.05,0.02,2.98329,2.98329,0,0.531814,4.6872,4.29233e+06,2.93738e+06,1.28053e+07,0,0,0,0,58.4658,61.3098,4.05178,0,1,1.3897,1.3897,0,1.18559,1.90512,8.92034e+06,3.92621e+06,1.23966e+07,0,0,0,0
45.546,85.1408,3.31167,0.05,0.02,2.9837,2.9837,0,0.559069,4.6872,4.29233e+06,2.93738e+06,1.2807e+07,0,0,0,0,59.1933,61.3098,3.27564,0,1,1.38989,1.38989,0,1.07368,1.90512,8.92034e+06,3.92621e+06,1.23982e+07,0,0,0,0
45.1481,85.1408,2.27586,0.05,0.02,2.75936,2.75936,0,0.559145,4.6872,4.29233e+06,2.93738e+06,1.18441e+07,0,0,0,0,59.6725,61.3098,2.59704,0,1,1.25045,1.25045,0,1.07383,1.90512,8.92034e+06,3.92621e+06,1.11544e+07,0,0,0,0
44.8864,85.1408,2.44404,0.05,0.02,2.75974,2.75974,0,0.517105,4.6872,4.29233e+06,2.93738e+06,1.18457e+07,0,0,0,0,60.7345,61.3098,4.09658,0,1,1.25062,1.25062,0,0.966095,1.90512,8.92034e+06,3.92621e+06,1.11559e+07,0,0,0,0
45.1011,85.1408,2.79874,0.06,0.02,2.47637,2.76011,0,0.517175,4.6872,4.29233e+06,2.93738e+06,1.06294e+07,0,0,0,0,61.4712,61.3098,4.84901,0,1,1.53452,1.25078,0,0.966226,1.90512,8.92034e+06,3.92621e+06,1.36884e+07,0,0,0,0
45.2135,85.1408,2.62765,0.06,0.02,2.47692,2.76049,0,0.464073,4.6872,4.29233e+06,2.93738e+06,1.06318e+07,0,0,0,0,62.338,61.3098,4.61184,0,1,1.53452,1.25095,0,1.18557,1.90512,8.92034e+06,3.92621e+06,1.36884e+07,0,0,0,0
45.1113,85.1408,2.65068,0.05,0.02,2.76086,2.76086,0,0.464175,4.6872,4.29233e+06,2.93738e+06,1.18505e+07,0,0,0,0,62.338,61.3098,4.05179,0,1,1.25112,1.25112,0,1.18557,1.90512,8.92034e+06,3.92621e+06,1.11604e+07,0,0,0,0
50.1126,85.1408,7.9623,0.05,0.02,2.84773,2.84773,0,0.517385,4.6872,4.29233e+06,2.93738e+06,1.22234e+07,0,0,0,0,62.338,61.3098,11.2744,0,1,1.29175,1.29175,0,0.966619,1.90512,8.92034e+06,3.92621e+06,1.15228e+07,0,0,0,0
53.3513,85.1408,6.27808,0.06,0.02,2.6055,2.8481,0,0.533664,4.6872,4.29233e+06,2.93738e+06,1.11836e+07,0,0,0,0,62.338,61.3098,7.36661,0,1,1.53452,1.29192,0,0.998006,1.90512,8.92034e+06,3.92621e+06,1.36884e+07,0,0,0,0
56.1719,85.1408,6.04446,0.04,0.02,2.84846,2.84846,0,0.48827,4.6872,4.29233e+06,2.93738e+06,1.22266e+07,0,0,0,0,62.338,61.3098,6.25699,0,1,1.29208,1.29208,0,1.18557,1.90512,8.92034e+06,3.92621e+06,1.15258e+07,0,0,0,0
59.3693,85.1408,6.40655,0.04,0.02,2.84883,2.84883,0,0.533802,4.6872,4.29233e+06,2.93738e+06,1.22281e+07,0,0,0,0,62.338,61.3098,8.67306,0,1,1.29225,1.29225,0,0.998264,1.90512,8.92034e+06,3.92621e+06,1.15273e+07,0,0,0,0
62.7677,85.1408,6.95416,0.04,0.02,3.1271,3.1271,0,0.533871,4.6872,4.29233e+06,2.93738e+06,1.34226e+07,0,0,0,0,62.338,61.3098,9.64304,0,1,1.44438,1.44438,0,0.998393,1.90512,8.92034e+06,3.92621e+06,1.28843e+07,0,0,0,0
65.1862,85.1408,5.92417,0.03,0.02,3.12751,3.12751,0,0.586019,4.6872,4.29233e+06,2.93738e+06,1.34243e+07,0,0,0,0,62.338,61.3098,5.89667,0,1,1.44456,1.44456,0,1.11593,1.90512,8.92034e+06,3.92621e+06,1.2886e+07,0,0,0,0
68.4673,85.1408,6.79289,0.03,0.02,3.12791,3.12791,0,0.586095,4.6872,4.29233e+06,2.93738e+06,1.3426e+07,0,0,0,0,62.338,61.3098,6.3431,0,1,1.44475,1.44475,0,1.11607,1.90512,8.92034e+06,3.92621e+06,1.28877e+07,0,0,0,0
71.806,85.1408,7.03926,0.01,0.02,3.12832,3.12832,0,0.586171,4.6872,4.29233e+06,2.93738e+06,1.34278e+07,0,0,0,0,62.338,61.3098,7.19855,0,1,1.44494,1.44494,0,1.11621,1.90512,8.92034e+06,3.92621e+06,1.28893e+07,0,0,0,0
77.0743,85.1408,8.70019,0.01,0.02,2.73214,2.73214,0,0.586247,4.6872,4.29233e+06,2.93738e+06,1.17272e+07,0,0,0,0,62.338,61.3098,13.6049,0,1,1.24109,1.24109,0,1.11636,1.90512,8.92034e+06,3.92621e+06,1.10709e+07,0,0,0,0
79.4142,85.1408,5.85316,0,0.02,2.73249,2.73249,0,0.512002,4.6872,4.29233e+06,2.93738e+06,1.17287e+07,0,0,0,0,62.338,61.3098,8.32641,0,1,1.24125,1.24125,0,0.958863,1.90512,8.92034e+06,3.92621e+06,1.10723e+07,0,0,0,0
82.2168,85.1408,6.22617,0,0.02,2.73284,2.73284,0,0.512068,4.6872,4.29233e+06,2.93738e+06,1.17303e+07,0,0,0,0,62.338,61.3098,10.3892,0,1,1.24141,1.24141,0,0.958987,1.90512,8.92034e+06,3.92621e+06,1.10738e+07,0,0,0,0
84.7901,85.1408,6.07058,0,0.02,2.73319,2.73319,0,0.512134,4.6872,4.29233e+06,2.93738e+06,1.17318e+07,0,0,0,0,62.338,61.3098,11.8378,0,1,1.24157,1.24157,0,0.959111,1.90512,8.92034e+06,3.92621e+06,1.10752e+07,0,0,0,0
85.1408,85.1408,6.04141,0,0.02,2.73355,2.73355,0,0.512201,4.6872,4.29233e+06,2.93738e+06,1.17333e+07,0,0,0,0,62.338,61.3098,11.7667,0,1,1.24173,1.24173,0,0.959235,1.90512,8.92034e+06,3.92621e+06,1.10766e+07,0,0,0,0
85.1408,85.1408,4.67758,0,0.02,2.83379,2.83379,0,0.512267,4.6872,4.29233e+06,2.93738e+06,1.21636e+07,0,0,0,0,62.338,61.3098,6.71123,0,1,1.29184,1.29184,0,0.959359,1.90512,8.92034e+06,3.92621e+06,1.15236e+07,0,0,0,0
85.1408,85.1408,8.52174,0,0.02,2.83416,2.83416,0,0.531052,4.6872,4.29233e+06,2.93738e+06,1.21651e+07,0,0,0,0,62.338,61.3098,9.67013,0,1,1.292,1.292,0,0.998072,1.90512,8.92034e+06,3.92621e+06,1.15251e+07,0,0,0,0
85.1408,85.1408,6.01014,0,0.02,2.83452,2.83452,0,0.531121,4.6872,4.29233e+06,2.93738e+06,1.21667e+07,0,0,0,0,62.338,61.3098,7.36645,0,1,1.29217,1.29217,0,0.998201,1.90512,8.92034e+06,3.92621e+06,1.15266e+07,0,0,0,0
85.1408,85.1408,4.76418,0,0.02,2.83489,2.83489,0,0.53119,4.6872,4.29233e+06,2.93738e+06,1.21683e+07,0,0,0,0,62.338,61.3098,6.53451,0,1,1.29234,1.29234,0,0.99833,1.90512,8.92034e+06,3.92621e+06,1.15281e+07,0,0,0,0
85.1408,85.1408,4.75813,0,0.02,2.79618,2.79618,0,0.531258,4.6872,4.29233e+06,2.93738e+06,1.20021e+07,0,0,0,0,62.338,61.3098,6.56925,0,1,1.27309,1.27309,0,0.998459,1.90512,8.92034e+06,3.92621e+06,1.13564e+07,0,0,0,0
85.1408,85.1408,4.42302,0,0.02,2.79654,2.79654,0,0.524004,4.6872,4.29233e+06,2.93738e+06,1.20037e+07,0,0,0,0,62.338,61.3098,5.76109,0,1,1.27326,1.27326,0,0.983592,1.90512,8.92034e+06,3.92621e+06,1.13579e+07,0,0,0,0
85.1408,85.1408,3.95521,0,0.02,2.7969,2.7969,0,0.524072,4.6872,4.29233e+06,2.93738e+06,1.20052e+07,0,0,0,0,62.338,61.3098,5.54308,0,1,1.27342,1.27342,0,0.983719,1.90512,8.92034e+06,3.92621e+06,1.13594e+07,0,0,0,0
85.1408,85.1408,3.74512,0,0.02,2.79726,2.79726,0,0.524139,4.6872,4.29233e+06,2.93738e+06,1.20068e+07,0,0,0,0,62.338,61.3098,5.33938,0,1,1.27359,1.27359,0,0.983846,1.90512,8.92034e+06,3.92621e+06,1.13608e+07,0,0,0,0
85.1408,85.1408,3.47155,0,0.02,2.93033,2.93033,0,0.524207,4.6872,4.29233e+06,2.93738e+06,1.2578e+07,0,0,0,0,62.338,61.3098,5.78615,0,1,1.34262,1.34262,0,0.983973,1.90512,8.92034e+06,3.92621e+06,1.19766e+07,0,0,0,0
85.1408,85.1408,3.52187,0,0.02,2.93071,2.93071,0,0.549145,4.6872,4.29233e+06,2.93738e+06,1.25796e+07,0,0,0,0,62.338,61.3098,5.36182,0,1,1.34279,1.34279,0,1.03731,1.90512,8.92034e+06,3.92621e+06,1.19781e+07,0,0,0,0
85.1007,85.1408,3.21386,0,0.02,2.93109,2.93109,0,0.549216,4.6872,4.29233e+06,2.93738e+06,1.25812e+07,0,0,0,0,62.338,61.3098,4.50384,0,1,1.34296,1.34296,0,1.03744,1.90512,8.92034e+06,3.92621e+06,1.19797e+07,0,0,0,0
84.7201,85.1408,2.84064,0,0.02,2.93147,2.93147,0,0.549287,4.6872,4.29233e+06,2.93738e+06,1.25828e+07,0,0,0,0,62.338,61.3098,4.00241,0,1,1.34314,1.34314,0,1.03757,1.90512,8.92034e+06,3.92621e+06,1.19812e+07,0,0,0,0
84.1384,85.1408,2.5937,0,0.02,2.93185,2.93185,0,0.549358,4.6872,4.29233e+06,2.93738e+06,1.25845e+07,0,0,0,0,62.338,61.3098,4.28936,0,1,1.34331,1.34331,0,1.03771,1.90512,8.92034e+06,3.92621e+06,1.19828e+07,0,0,0,0
83.637,85.1408,2.59699,0,0.02,2.90597,2.90597,0,0.549428,4.6872,4.29233e+06,2.93738e+06,1.24734e+07,0,0,0,0,62.338,61.3098,2.99938,0,1,1.38136,1.38136,0,1.03784,1.90512,8.92034e+06,3.92621e+06,1.23222e+07,0,0,0,0
83.0228,85.1408,2.46139,0,0.02,2.90634,2.90634,0,0.544578,4.6872,4.29233e+06,2.93738e+06,1.2475e+07,0,0,0,0,62.338,61.3098,2.90277,0,1,1.38154,1.38154,0,1.06724,1.90512,8.92034e+06,3.92621e+06,1.23238e+07,0,0,0,0
82.2593,85.1408,2.2969,0,0.02,2.90672,2.90672,0,0.544648,4.6872,4.29233e+06,2.93738e+06,1.24766e+07,0,0,0,0,62.338,61.3098,2.69519,0,1,1.38172,1.38172,0,1.06738,1.90512,8.92034e+06,3.92621e+06,1.23254e+07,0,0,0,0
81.3772,85.1408,2.16811,0,0.02,2.90709,2.90709,0,0.544719,4.6872,4.29233e+06,2.93738e+06,1.24782e+07,0,0,0,0,62.338,61.3098,2.53232,0,1,1.38189,1.38189,0,1.06751,1.90512,8.92034e+06,3.92621e+06,1.2327e+07,0,0,0,0
80.3863,85.1408,2.09385,0,0.02,2.97532,2.97532,0,0.544789,4.6872,4.29233e+06,2.93738e+06,1.27711e+07,0,0,0,0,62.338,61.3098,2.27936,0,1,1.41584,1.41584,0,1.06765,1.90512,8.92034e+06,3.92621e+06,1.26298e+07,0,0,0,0
79.3617,85.1408,2.04012,0,0.02,2.97571,2.97571,0,0.557575,4.6872,4.29233e+06,2.93738e+06,1.27727e+07,0,0,0,0,62.338,61.3098,2.19809,0,1,1.41603,1.41603,0,1.09388,1.90512,8.92034e+06,3.92621e+06,1.26314e+07,0,0,0,0
78.1222,85.1408,1.81234,0,0.02,2.97609,2.97609,0,0.557647,4.6872,4.29233e+06,2.93738e+06,1.27744e+07,0,0,0,0,62.338,61.3098,2.07809,0,1,1.41621,1.41621,0,1.09402,1.90512,8.92034e+06,3.92621e+06,1.26331e+07,0,0,0,0
76.7446,85.1408,1.65964,0,0.02,2.97648,2.97648,0,0.557719,4.6872,4.29233e+06,2.93738e+06,1.2776e+07,0,0,0,0,62.2696,61.3098,1.9461,0,1,1.41639,1.41639,0,1.09416,1.90512,8.92034e+06,3.92621e+06,1.26347e+07,0,0,0,0
74.9963,85.1408,1.42453,0,0.02,3.17567,3.17567,0,0.557791,4.6872,4.29233e+06,2.93738e+06,1.3631e+07,0,0,0,0,61.8508,61.3098,1.83084,0,1,1.53854,1.53854,0,1.09431,1.90512,8.92034e+06,3.92621e+06,1.37243e+07,0,0,0,0
73.2748,85.1408,1.45444,0.01,0.02,3.17608,3.17608,0,0.595121,4.6872,4.29233e+06,2.93738e+06,1.36328e+07,0,0,0,0,61.1348,61.3098,1.53813,0,1,1.53874,1.53874,0,1.18867,1.90512,8.92034e+06,3.92621e+06,1.3726e+07,0,0,0,0
71.2965,85.1408,1.1988,0.01,0.02,3.17649,3.17649,0,0.595198,4.6872,4.29233e+06,2.93738e+06,1.36346e+07,0,0,0,0,60.7159,61.3098,1.22549,0,1,1.53893,1.53893,0,1.18883,1.90512,8.92034e+06,3.92621e+06,1.37278e+07,0,0,0,0
69.5376,85.1408,1.38711,0.01,0.02,3.1769,3.1769,0,0.595275,4.6872,4.29233e+06,2.93738e+06,1.36363e+07,0,0,0,0,60.2592,61.3098,1.8527,0,1,1.53913,1.53913,0,1.18898,1.90512,8.92034e+06,3.92621e+06,1.37296e+07,0,0,0,0
67.577,85.1408,1.16555,0.01,0.02,3.17731,3.17731,0,0.595351,4.6872,4.29233e+06,2.93738e+06,1.36381e+07,0,0,0,0,59.312,61.3098,1.42685,0,1,1.53933,1.53933,0,1.18913,1.90512,8.92034e+06,3.92621e+06,1.37314e+07,0,0,0,0
65.4324,85.1408,0.916687,0.02,0.02,3.08077,3.08077,0,0.595428,4.6872,4.29233e+06,2.93738e+06,1.32237e+07,0,0,0,0,58.8298,61.3098,1.04249,0,1,1.46546,1.46546,0,1.18929,1.90512,8.92034e+06,3.92621e+06,1.30724e+07,0,0,0,0
63.9481,85.1408,1.55909,0.03,0.02,3.08117,3.08117,0,0.577336,4.6872,4.29233e+06,2.93738e+06,1.32254e+07,0,0,0,0,58.1656,61.3098,1.76049,0,1,1.46565,1.46565,0,1.13221,1.90512,8.92034e+06,3.92621e+06,1.30741e+07,0,0,0,0
61.7294,85.1408,0.809808,0.03,0.02,3.08156,3.08156,0,0.57741,4.6872,4.29233e+06,2.93738e+06,1.32271e+07,0,0,0,0,57.1432,61.3098,1.06937,0,1,1.46584,1.46584,0,1.13236,1.90512,8.92034e+06,3.92621e+06,1.30758e+07,0,0,0,0
59.5559,85.1408,0.800256,0.03,0.02,3.08196,3.08196,0,0.577485,4.6872,4.29233e+06,2.93738e+06,1.32288e+07,0,0,0,0,56.4522,61.3098,1.00841,0,1,1.46603,1.46603,0,1.13251,1.90512,8.92034e+06,3.92621e+06,1.30774e+07,0,0,0,0
57.9231,85.1408,1.36544,0.04,0.02,3.00273,3.00273,0,0.57756,4.6872,4.29233e+06,2.93738e+06,1.28887e+07,0,0,0,0,55.882,61.3098,1.26519,0,1,1.39875,1.39875,0,1.13265,1.90512,8.92034e+06,3.92621e+06,1.24774e+07,0,0,0,0
56.437,85.1408,1.48728,0.04,0.02,3.00312,3.00312,0,0.562712,4.6872,4.29233e+06,2.93738e+06,1.28904e+07,0,0,0,0,55.8219,61.3098,1.41329,0,1,1.39894,1.39894,0,1.08068,1.90512,8.92034e+06,3.92621e+06,1.2479e+07,0,0,0,0
55.2169,85.1408,1.73989,0.04,0.02,3.00351,3.00351,0,0.562785,4.6872,4.29233e+06,2.93738e+06,1.28921e+07,0,0,0,0,55.9478,61.3098,2.52842,0,1,1.39912,1.39912,0,1.08082,1.90512,8.92034e+06,3.92621e+06,1.24806e+07,0,0,0,0
53.5388,85.1408,1.27088,0.04,0.02,3.0039,3.0039,0,0.562858,4.6872,4.29233e+06,2.93738e+06,1.28937e+07,0,0,0,0,55.9292,61.3098,1.73464,0,1,1.3993,1.3993,0,1.08096,1.90512,8.92034e+06,3.92621e+06,1.24822e+07,0,0,0,0
54.2727,85.1408,3.68629,0.04,0.02,2.77803,2.77803,0,0.562931,4.6872,4.29233e+06,2.93738e+06,1.19242e+07,0,0,0,0,55.9593,61.3098,2.39432,0,1,1.25891,1.25891,0,1.0811,1.90512,8.92034e+06,3.92621e+06,1.12299e+07,0,0,0,0
53.4508,85.1408,2.1114,0.04,0.02,2.77839,2.77839,0,0.520603,4.6872,4.29233e+06,2.93738e+06,1.19258e+07,0,0,0,0,55.9183,61.3098,1.46318,0,1,1.25907,1.25907,0,0.97263,1.90512,8.92034e+06,3.92621e+06,1.12313e+07,0,0,0,0
53.3999,85.1408,2.88914,0.04,0.02,2.77875,2.77875,0,0.52067,4.6872,4.29233e+06,2.93738e+06,1.19273e+07,0,0,0,0,55.9939,61.3098,1.96041,0,1,1.25923,1.25923,0,0.972756,1.90512,8.92034e+06,3.92621e+06,1.12328e+07,0,0,0,0
54.9202,85.1408,4.51846,0.04,0.02,2.77911,2.77911,0,0.520737,4.6872,4.29233e+06,2.93738e+06,1.19288e+07,0,0,0,0,55.9967,61.3098,1.97931,0,1,1.25939,1.25939,0,0.972881,1.90512,8.92034e+06,3.92621e+06,1.12342e+07,0,0,0,0
59.3141,85.1408,7.3917,0.04,0.02,2.77947,2.77947,0,0.520805,4.6872,4.29233e+06,2.93738e+06,1.19304e+07,0,0,0,0,55.9815,61.3098,1.86895,0,1,1.25956,1.25956,0,0.973007,1.90512,8.92034e+06,3.92621e+06,1.12357e+07,0,0,0,0
60.2918,85.1408,4.09332,0.04,0.02,2.8669,2.8669,0,0.520872,4.6872,4.29233e+06,2.93738e+06,1.23057e+07,0,0,0,0,55.9804,61.3098,2.13618,0,1,1.30045,1.30045,0,0.973133,1.90512,8.92034e+06,3.92621e+06,1.16004e+07,0,0,0,0
60.0666,85.1408,2.78638,0.02,0.02,2.86725,2.86725,0,0.537258,4.6872,4.29233e+06,2.93738e+06,1.23072e+07,0,0,0,0,55.3625,61.3098,1.95281,0,1,1.30061,1.30061,0,1.00473,1.90512,8.92034e+06,3.92621e+06,1.16018e+07,0,0,0,0
59.1019,85.1408,2.05213,0.02,0.02,2.86761,2.86761,0,0.537323,4.6872,4.29233e+06,2.93738e+06,1.23087e+07,0,0,0,0,54.7526,61.3098,1.0589,0,1,1.30077,1.30077,0,1.00485,1.90512,8.92034e+06,3.92621e+06,1.16033e+07,0,0,0,0
58.4845,85.1408,2.5261,0.04,0.02,2.86796,2.86796,0,0.537389,4.6872,4.29233e+06,2.93738e+06,1.23102e+07,0,0,0,0,54.8653,61.3098,1.56921,0,1,1.30093,1.30093,0,1.00497,1.90512,8.92034e+06,3.92621e+06,1.16047e+07,0,0,0,0
58.6853,85.1408,3.56509,0.04,0.02,3.14808,3.14808,0,0.537455,4.6872,4.29233e+06,2.93738e+06,1.35126e+07,0,0,0,0,54.9099,61.3098,2.3693,0,1,1.45407,1.45407,0,1.0051,1.90512,8.92034e+06,3.92621e+06,1.29708e+07,0,0,0,0
57.3669,85.1408,1.88228,0.04,0.02,3.14846,3.14846,0,0.58995,4.6872,4.29233e+06,2.93738e+06,1.35142e+07,0,0,0,0,54.5211,61.3098,1.97898,0,1,1.45424,1.45424,0,1.12341,1.90512,8.92034e+06,3.92621e+06,1.29723e+07,0,0,0,0
56.5329,85.1408,2.38671,0.05,0.02,3.14885,3.14885,0,0.590022,4.6872,4.29233e+06,2.93738e+06,1.35159e+07,0,0,0,0,53.9912,61.3098,1.88102,0,1,1.45442,1.45442,0,1.12355,1.90512,8.92034e+06,3.92621e+06,1.29739e+07,0,0,0,0
55.4597,85.1408,2.09217,0.05,0.02,3.14924,3.14924,0,0.590095,4.6872,4.29233e+06,2.93738e+06,1.35176e+07,0,0,0,0,53.5636,61.3098,1.70652,0,1,1.4546,1.4546,0,1.12369,1.90512,8.92034e+06,3.92621e+06,1.29755e+07,0,0,0,0
55.2614,85.1408,2.69965,0.05,0.02,2.75039,2.75039,0,0.590167,4.6872,4.29233e+06,2.93738e+06,1.18056e+07,0,0,0,0,53.6456,61.3098,1.8749,0,1,1.24938,1.24938,0,1.12382,1.90512,8.92034e+06,3.92621e+06,1.11449e+07,0,0,0,0
55.78,85.1408,3.21745,0.06,0.02,2.46575,2.75073,0,0.515423,4.6872,4.29233e+06,2.93738e+06,1.05838e+07,0,0,0,0,53.443,61.3098,2.20252,0,1,1.53451,1.24953,0,0.965269,1.90512,8.92034e+06,3.92621e+06,1.36883e+07,0,0,0,0
55.9575,85.1408,2.83901,0.06,0.02,2.46624,2.75106,0,0.462082,4.6872,4.29233e+06,2.93738e+06,1.05859e+07,0,0,0,0,53.3074,61.3098,1.92753,0,1,1.53451,1.24968,0,1.18556,1.90512,8.92034e+06,3.92621e+06,1.36883e+07,0,0,0,0
56.3846,85.1408,3.11553,0.06,0.02,2.46673,2.7514,0,0.462174,4.6872,4.29233e+06,2.93738e+06,1.0588e+07,0,0,0,0,53.3331,61.3098,2.16793,0,1,1.53451,1.24984,0,1.18556,1.90512,8.92034e+06,3.92621e+06,1.36883e+07,0,0,0,0
57.3386,85.1408,3.63602,0.06,0.02,2.46723,2.75174,0,0.462266,4.6872,4.29233e+06,2.93738e+06,1.05901e+07,0,0,0,0,53.5371,61.3098,2.41613,0,1,1.53451,1.24999,0,1.18556,1.90512,8.92034e+06,3.92621e+06,1.36883e+07,0,0,0,0
60.0189,85.1408,5.53129,0.06,0.02,2.56827,2.85263,0,0.462358,4.6872,4.29233e+06,2.93738e+06,1.10239e+07,0,0,0,0,53.0914,61.3098,2.38538,0,1,1.58479,1.30042,0,1.18556,1.90512,8.92034e+06,3.92621e+06,1.41368e+07,0,0,0,0
60.2884,85.1408,3.26715,0.03,0.02,2.85298,2.85298,0,0.481294,4.6872,4.29233e+06,2.93738e+06,1.22459e+07,0,0,0,0,52.7451,61.3098,1.57717,0,1,1.30058,1.30058,0,1.22441,1.90512,8.92034e+06,3.92621e+06,1.16016e+07,0,0,0,0
60.1788,85.1408,2.86535,0.03,0.02,2.85333,2.85333,0,0.534649,4.6872,4.29233e+06,2.93738e+06,1.22474e+07,0,0,0,0,52.5985,61.3098,1.66018,0,1,1.30074,1.30074,0,1.00483,1.90512,8.92034e+06,3.92621e+06,1.16031e+07,0,0,0,0
59.9429,85.1408,2.72934,0.03,0.02,2.85368,2.85368,0,0.534715,4.6872,4.29233e+06,2.93738e+06,1.22489e+07,0,0,0,0,52.3354,61.3098,1.92191,0,1,1.3009,1.3009,0,1.00495,1.90512,8.92034e+06,3.92621e+06,1.16045e+07,0,0,0,0
59.4654,85.1408,2.38965,0.03,0.02,2.8147,2.8147,0,0.53478,4.6872,4.29233e+06,2.93738e+06,1.20816e+07,0,0,0,0,51.8633,61.3098,1.60322,0,1,1.28153,1.28153,0,1.00508,1.90512,8.92034e+06,3.92621e+06,1.14316e+07,0,0,0,0
58.7211,85.1408,1.89089,0.06,0.02,2.56222,2.81504,0,0.527474,4.6872,4.29233e+06,2.93738e+06,1.09979e+07,0,0,0,0,51.2252,61.3098,1.51772,0,1,1.53451,1.28168,0,0.990106,1.90512,8.92034e+06,3.92621e+06,1.36883e+07,0,0,0,0
58.039,85.1408,1.94082,0.06,0.02,2.56272,2.81539,0,0.480159,4.6872,4.29233e+06,2.93738e+06,1.1e+07,0,0,0,0,50.7314,61.3098,1.54427,0,1,1.53451,1.28184,0,1.18556,1.90512,8.92034e+06,3.92621e+06,1.36883e+07,0,0,0,0
57.8614,85.1408,2.65869,0.05,0.02,2.81573,2.81573,0,0.480254,4.6872,4.29233e+06,2.93738e+06,1.20861e+07,0,0,0,0,50.3854,61.3098,1.71793,0,1,1.282,1.282,0,1.18556,1.90512,8.92034e+06,3.92621e+06,1.14358e+07,0,0,0,0
56.6737,85.1408,1.6768,0.05,0.02,2.94967,2.94967,0,0.527669,4.6872,4.29233e+06,2.93738e+06,1.26609e+07,0,0,0,0,49.7375,61.3098,1.43128,0,1,1.35147,1.35147,0,0.990471,1.90512,8.92034e+06,3.92621e+06,1.20556e+07,0,0,0,0
55.2056,85.1408,1.35248,0.05,0.02,2.95003,2.95003,0,0.552767,4.6872,4.29233e+06,2.93738e+06,1.26625e+07,0,0,0,0,49.0573,61.3098,1.19819,0,1,1.35164,1.35164,0,1.04415,1.90512,8.92034e+06,3.92621e+06,1.20571e+07,0,0,0,0
53.717,85.1408,1.30881,0.05,0.02,2.95039,2.95039,0,0.552835,4.6872,4.29233e+06,2.93738e+06,1.2664e+07,0,0,0,0,48.3365,61.3098,1.19395,0,1,1.35181,1.35181,0,1.04428,1.90512,8.92034e+06,3.92621e+06,1.20586e+07,0,0,0,0
52.1703,85.1408,1.22576,0.04,0.02,2.95075,2.95075,0,0.552903,4.6872,4.29233e+06,2.93738e+06,1.26656e+07,0,0,0,0,47.6032,61.3098,1.0921,0,1,1.35197,1.35197,0,1.04441,1.90512,8.92034e+06,3.92621e+06,1.206e+07,0,0,0,0
50.6169,85.1408,1.15641,0.03,0.02,2.95111,2.95111,0,0.552971,4.6872,4.29233e+06,2.93738e+06,1.26672e+07,0,0,0,0,47.2718,61.3098,1.09489,0,1,1.35214,1.35214,0,1.04453,1.90512,8.92034e+06,3.92621e+06,1.20615e+07,0,0,0,0
49.602,85.1408,1.54212,0.09,0.02,2.74283,2.92504,0,0.553039,4.6872,4.29233e+06,2.93738e+06,1.17731e+07,0,0,0,0,46.9402,61.3098,1.64075,0,1,1.57264,1.39043,0,1.04466,1.90512,8.92034e+06,3.92621e+06,1.40285e+07,0,0,0,0
48.5034,85.1408,1.47713,0.09,0.02,2.78148,2.9254,0,0.514006,4.6872,4.29233e+06,2.93738e+06,1.1939e+07,0,0,0,0,46.5242,61.3098,1.70508,0,1,1.53452,1.3906,0,1.21502,1.90512,8.92034e+06,3.92621e+06,1.36885e+07,0,0,0,0
47.2945,85.1408,1.33902,0.06,0.02,2.78201,2.92576,0,0.521249,4.6872,4.29233e+06,2.93738e+06,1.19413e+07,0,0,0,0,46.0809,61.3098,1.53917,0,1,1.53452,1.39077,0,1.18557,1.90512,8.92034e+06,3.92621e+06,1.36885e+07,0,0,0,0
46.0636,85.1408,1.26586,0.06,0.02,2.78254,2.92612,0,0.521348,4.6872,4.29233e+06,2.93738e+06,1.19436e+07,0,0,0,0,45.396,61.3098,1.51316,0,1,1.53452,1.39094,0,1.18557,1.90512,8.92034e+06,3.92621e+06,1.36885e+07,0,0,0,0
44.6007,85.1408,1.05497,0.06,0.02,2.85136,2.99478,0,0.521447,4.6872,4.29233e+06,2.93738e+06,1.2239e+07,0,0,0,0,44.5527,61.3098,1.27936,0,1,1.56852,1.4251,0,1.18557,1.90512,8.92034e+06,3.92621e+06,1.39917e+07,0,0,0,0
43.1546,85.1408,1.08541,0.07,0.02,2.8859,2.99515,0,0.534346,4.6872,4.29233e+06,2.93738e+06,1.23872e+07,0,0,0,0,43.8121,61.3098,1.24547,0,1,1.53453,1.42528,0,1.21183,1.90512,8.92034e+06,3.92621e+06,1.36885e+07,0,0,0,0
41.6443,85.1408,0.991066,0.06,0.02,2.88644,2.99551,0,0.540817,4.6872,4.29233e+06,2.93738e+06,1.23895e+07,0,0,0,0,42.8826,61.3098,1.24472,0,1,1.53453,1.42545,0,1.18558,1.90512,8.92034e+06,3.92621e+06,1.36885e+07,0,0,0,0
40.0561,85.1408,0.909805,0.13,0.02,2.88698,2.99588,0,0.540919,4.6872,4.29233e+06,2.93738e+06,1.23919e+07,0,0,0,0,42.0936,61.3098,1.08571,0,1,1.53453,1.42563,0,1.18558,1.90512,8.92034e+06,3.92621e+06,1.36885e+07,0,0,0,0
38.3219,85.1408,0.956454,0.15,0.02,3.08763,3.19636,0,0.54102,4.6872,4.29233e+06,2.93738e+06,1.32531e+07,0,0,0,0,41.1712,61.3098,1.28821,0,1,1.65728,1.54856,0,1.18558,1.90512,8.92034e+06,3.92621e+06,1.47835e+07,0,0,0,0
36.2979,85.1408,0.755212,0.16,0.02,3.19675,3.19675,0,0.578622,4.6872,4.29233e+06,2.93738e+06,1.37215e+07,0,0,0,0,40.2899,61.3098,1.17751,0,1,1.54875,1.54875,0,1.28042,1.90512,8.92034e+06,3.92621e+06,1.38154e+07,0,0,0,0
34.2591,85.1408,0.735811,0.14,0.02,3.19714,3.19714,0,0.59907,4.6872,4.29233e+06,2.93738e+06,1.37232e+07,0,0,0,0,39.5468,61.3098,1.10903,0,1,1.54894,1.54894,0,1.19656,1.90512,8.92034e+06,3.92621e+06,1.38171e+07,0,0,0,0
32.5324,85.1408,1.05432,0.13,0.02,3.19753,3.19753,0,0.599144,4.6872,4.29233e+06,2.93738e+06,1.37249e+07,0,0,0,0,38.9278,61.3098,1.29911,0,1,1.54913,1.54913,0,1.19671,1.90512,8.92034e+06,3.92621e+06,1.38187e+07,0,0,0,0
31.2301,85.1408,1.52976,0.19,0.02,3.19792,3.19792,0,0.599218,4.6872,4.29233e+06,2.93738e+06,1.37265e+07,0,0,0,0,38.226,61.3098,1.47586,0,1,1.54932,1.54932,0,1.19686,1.90512,8.92034e+06,3.92621e+06,1.38204e+07,0,0,0,0
29.557,85.1408,1.03721,0.17,0.02,3.10073,3.10073,0,0.599291,4.6872,4.29233e+06,2.93738e+06,1.33094e+07,0,0,0,0,37.8115,61.3098,1.17368,0,1,1.47496,1.47496,0,1.197,1.90512,8.92034e+06,3.92621e+06,1.31571e+07,0,0,0,0
28.5878,85.1408,1.75299,0.16,0.02,3.10111,3.10111,0,0.581077,4.6872,4.29233e+06,2.93738e+06,1.3311e+07,0,0,0,0,37.1295,61.3098,2.02676,0.01,1,1.47514,1.47514,0,1.13955,1.90512,8.92034e+06,3.92621e+06,1.31587e+07,0,0,0,0
26.7079,85.1408,0.817938,0.15,0.02,3.10149,3.10149,0,0.581149,4.6872,4.29233e+06,2.93738e+06,1.33126e+07,0,0,0,0,36.3182,61.3098,1.05777,0.01,1,1.47532,1.47532,0,1.13969,1.90512,8.92034e+06,3.92621e+06,1.31603e+07,0,0,0,0
25.0011,85.1408,1.0012,0.15,0.02,3.10188,3.10188,0,0.58122,4.6872,4.29233e+06,2.93738e+06,1.33143e+07,0,0,0,0,35.9376,61.3098,1.15372,0.01,1,1.4755,1.4755,0,1.13983,1.90512,8.92034e+06,3.92621e+06,1.31619e+07,0,0,0,0
24.8328,85.1408,2.45705,0.23,0.02,2.96326,3.02212,0,0.581291,4.6872,4.29233e+06,2.93738e+06,1.27193e+07,0,0,0,0,35.4386,61.3098,2.51141,0,1,1.46664,1.40778,0,1.13997,1.90512,8.92034e+06,3.92621e+06,1.30829e+07,0,0,0,0
23.3416,85.1408,1.05473,0.2,0.02,2.89592,3.02249,0,0.555316,4.6872,4.29233e+06,2.93738e+06,1.24302e+07,0,0,0,0,34.9902,61.3098,1.19137,0,1,1.53452,1.40796,0,1.13312,1.90512,8.92034e+06,3.92621e+06,1.36885e+07,0,0,0,0
23.2625,85.1408,2.69644,0.2,0.02,3.02286,3.02286,0,0.542695,4.6872,4.29233e+06,2.93738e+06,1.29751e+07,0,0,0,0,35.2081,61.3098,3.66404,0.01,1,1.40813,1.40813,0,1.18557,1.90512,8.92034e+06,3.92621e+06,1.2561e+07,0,0,0,0
23.6199,85.1408,3.17567,0.2,0.02,3.02323,3.02323,0,0.566484,4.6872,4.29233e+06,2.93738e+06,1.29767e+07,0,0,0,0,35.6649,61.3098,2.88947,0.01,1,1.4083,1.4083,0,1.08792,1.90512,8.92034e+06,3.92621e+06,1.25625e+07,0,0,0,0
23.2785,85.1408,2.18938,0.22,0.02,2.79589,2.79589,0,0.566553,4.6872,4.29233e+06,2.93738e+06,1.20009e+07,0,0,0,0,35.9109,61.3098,2.11764,0.01,1,1.267,1.267,0,1.08805,1.90512,8.92034e+06,3.92621e+06,1.13021e+07,0,0,0,0
21.6936,85.1408,0.92186,0.24,0.02,2.79623,2.79623,0,0.52395,4.6872,4.29233e+06,2.93738e+06,1.20024e+07,0,0,0,0,35.8071,61.3098,1.6487,0.01,1,1.26715,1.26715,0,0.978883,1.90512,8.92034e+06,3.92621e+06,1.13034e+07,0,0,0,0
20.2969,85.1408,1.11529,0.24,0.02,2.79658,2.79658,0,0.524014,4.6872,4.29233e+06,2.93738e+06,1.20038e+07,0,0,0,0,35.7549,61.3098,1.89155,0.01,1,1.26731,1.26731,0,0.979003,1.90512,8.92034e+06,3.92621e+06,1.13048e+07,0,0,0,0
19.9869,85.1408,2.19162,0.25,0.02,2.79692,2.79692,0,0.524078,4.6872,4.29233e+06,2.93738e+06,1.20053e+07,0,0,0,0,35.7824,61.3098,2.14099,0.01,1,1.26747,1.26747,0,0.979124,1.90512,8.92034e+06,3.92621e+06,1.13062e+07,0,0,0,0
21.5186,85.1408,4.02515,0.25,0.02,2.79726,2.79726,0,0.524143,4.6872,4.29233e+06,2.93738e+06,1.20068e+07,0,0,0,0,35.9518,61.3098,2.64139,0.01,1,1.26762,1.26762,0,0.979244,1.90512,8.92034e+06,3.92621e+06,1.13076e+07,0,0,0,0
23.4866,85.1408,4.75912,0.25,0.02,2.88524,2.88524,0,0.524207,4.6872,4.29233e+06,2.93738e+06,1.23844e+07,0,0,0,0,36.3748,61.3098,3.32374,0.01,1,1.30877,1.30877,0,0.979364,1.90512,8.92034e+06,3.92621e+06,1.16746e+07,0,0,0,0
28.3917,85.1408,8.03148,0.27,0.02,2.88558,2.88558,0,0.540694,4.6872,4.29233e+06,2.93738e+06,1.23858e+07,0,0,0,0,37.4053,61.3098,5.51846,0.01,1,1.30892,1.30892,0,1.01115,1.90512,8.92034e+06,3.92621e+06,1.1676e+07,0,0,0,0
33.2078,85.1408,7.57777,0.23,0.02,2.66048,2.88591,0,0.540757,4.6872,4.29233e+06,2.93738e+06,1.14197e+07,0,0,0,0,38.179,61.3098,5.40153,0,1,1.5345,1.30907,0,1.01127,1.90512,8.92034e+06,3.92621e+06,1.36883e+07,0,0,0,0
39.3007,85.1408,8.86829,0.23,0.02,2.66097,2.88625,0,0.498574,4.6872,4.29233e+06,2.93738e+06,1.14217e+07,0,0,0,0,39.903,61.3098,8.36729,0,1,1.5345,1.30922,0,1.18556,1.90512,8.92034e+06,3.92621e+06,1.36883e+07,0,0,0,0
43.9147,85.1408,7.67498,0.16,0.02,2.94301,3.16814,0,0.498665,4.6872,4.29233e+06,2.93738e+06,1.26324e+07,0,0,0,0,40.3498,61.3098,4.54507,0,1,1.68846,1.46333,0,1.18556,1.90512,8.92034e+06,3.92621e+06,1.50616e+07,0,0,0,0
48.2995,85.1408,7.59261,0.09,0.02,3.09748,3.1685,0,0.551519,4.6872,4.29233e+06,2.93738e+06,1.32954e+07,0,0,0,0,42.0726,61.3098,6.19668,0,1,1.53452,1.4635,0,1.3045,1.90512,8.92034e+06,3.92621e+06,1.36885e+07,0,0,0,0
54.7666,85.1408,9.74267,0.09,0.02,3.09802,3.16887,0,0.580468,4.6872,4.29233e+06,2.93738e+06,1.32977e+07,0,0,0,0,44.2899,61.3098,9.37872,0,1,1.53452,1.46367,0,1.18557,1.90512,8.92034e+06,3.92621e+06,1.36885e+07,0,0,0,0
58.5767,85.1408,7.25767,0.06,0.02,3.09856,3.16924,0,0.580569,4.6872,4.29233e+06,2.93738e+06,1.33e+07,0,0,0,0,45.8665,61.3098,5.60007,0,1,1.53452,1.46384,0,1.18557,1.90512,8.92034e+06,3.92621e+06,1.36885e+07,0,0,0,0
60.9919,85.1408,5.50759,0.06,0.02,2.69733,2.76784,0,0.58067,4.6872,4.29233e+06,2.93738e+06,1.15778e+07,0,0,0,0,47.1671,61.3098,4.02497,0,1,1.32782,1.25731,0,1.18557,1.90512,8.92034e+06,3.92621e+06,1.18446e+07,0,0,0,0
64.206,85.1408,6.9315,0.03,0.02,2.76816,2.76816,0,0.50548,4.6872,4.29233e+06,2.93738e+06,1.18819e+07,0,0,0,0,48.739,61.3098,5.11151,0,1,1.25745,1.25745,0,1.02587,1.90512,8.92034e+06,3.92621e+06,1.12169e+07,0,0,0,0
68.0436,85.1408,7.37238,0.03,0.02,2.76849,2.76849,0,0.518754,4.6872,4.29233e+06,2.93738e+06,1.18833e+07,0,0,0,0,49.7812,61.3098,5.24218,0,1,1.2576,1.2576,0,0.971508,1.90512,8.92034e+06,3.92621e+06,1.12182e+07,0,0,0,0
77.3725,85.1408,12.9699,0.03,0.02,2.76881,2.76881,0,0.518814,4.6872,4.29233e+06,2.93738e+06,1.18846e+07,0,0,0,0,52.5258,61.3098,8.2324,0,1,1.25774,1.25774,0,0.971621,1.90512,8.92034e+06,3.92621e+06,1.12195e+07,0,0,0,0
81.8702,85.1408,8.1509,0,0.02,2.76913,2.76913,0,0.518875,4.6872,4.29233e+06,2.93738e+06,1.1886e+07,0,0,0,0,53.7282,61.3098,4.58194,0,1,1.25789,1.25789,0,0.971734,1.90512,8.92034e+06,3.92621e+06,1.12208e+07,0,0,0,0
85.1408,85.1408,7.03283,0,0.02,2.87064,2.87064,0,0.518935,4.6872,4.29233e+06,2.93738e+06,1.23217e+07,0,0,0,0,55.3172,61.3098,4.99666,0,1,1.30863,1.30863,0,0.971847,1.90512,8.92034e+06,3.92621e+06,1.16735e+07,0,0,0,0
85.1408,85.1408,8.25967,0,0.02,2.87098,2.87098,0,0.537958,4.6872,4.29233e+06,2.93738e+06,1.23232e+07,0,0,0,0,57.1812,61.3098,5.67876,0,1,1.30879,1.30879,0,1.01105,1.90512,8.92034e+06,3.92621e+06,1.16748e+07,0,0,0,0
85.1408,85.1408,10.2835,0,0.02,2.87131,2.87131,0,0.538021,4.6872,4.29233e+06,2.93738e+06,1.23246e+07,0,0,0,0,60.6639,61.3098,9.92643,0,1,1.30894,1.30894,0,1.01117,1.90512,8.92034e+06,3.92621e+06,1.16762e+07,0,0,0,0
85.1408,85.1408,7.54115,0,0.02,2.87164,2.87164,0,0.538084,4.6872,4.29233e+06,2.93738e+06,1.2326e+07,0,0,0,0,62.338,61.3098,6.02264,0,1,1.30909,1.30909,0,1.01129,1.90512,8.92034e+06,3.92621e+06,1.16775e+07,0,0,0,0
85.1408,85.1408,7.10086,0,0.02,2.8324,2.8324,0,0.538146,4.6872,4.29233e+06,2.93738e+06,1.21576e+07,0,0,0,0,62.338,61.3098,4.88129,0,1,1.28958,1.28958,0,1.0114,1.90512,8.92034e+06,3.92621e+06,1.15035e+07,0,0,0,0
85.1408,85.1408,5.46362,0,0.02,2.83273,2.83273,0,0.530791,4.6872,4.29233e+06,2.93738e+06,1.2159e+07,0,0,0,0,62.338,61.3098,3.8009,0,1,1.28973,1.28973,0,0.996332,1.90512,8.92034e+06,3.92621e+06,1.15049e+07,0,0,0,0
85.1408,85.1408,4.81779,0,0.02,2.83306,2.83306,0,0.530853,4.6872,4.29233e+06,2.93738e+06,1.21604e+07,0,0,0,0,62.338,61.3098,3.39452,0,1,1.28988,1.28988,0,0.996448,1.90512,8.92034e+06,3.92621e+06,1.15062e+07,0,0,0,0
85.1408,85.1408,3.8757,0,0.02,2.83338,2.83338,0,0.530915,4.6872,4.29233e+06,2.93738e+06,1.21618e+07,0,0,0,0,62.338,61.3098,2.94934,0,1,1.29003,1.29003,0,0.996564,1.90512,8.92034e+06,3.92621e+06,1.15075e+07,0,0,0,0
85.1408,85.1408,3.36731,0,0.02,2.96814,2.96814,0,0.530976,4.6872,4.29233e+06,2.93738e+06,1.27402e+07,0,0,0,0,62.338,61.3098,2.69765,0,1,1.35994,1.35994,0,0.99668,1.90512,8.92034e+06,3.92621e+06,1.21311e+07,0,0,0,0
85.1408,85.1408,4.10962,0,0.02,2.96848,2.96848,0,0.556229,4.6872,4.29233e+06,2.93738e+06,1.27417e+07,0,0,0,0,62.338,61.3098,2.67677,0,1,1.3601,1.3601,0,1.05069,1.90512,8.92034e+06,3.92621e+06,1.21325e+07,0,0,0,0
85.1408,85.1408,3.93113,0,0.02,2.96883,2.96883,0,0.556294,4.6872,4.29233e+06,2.93738e+06,1.27432e+07,0,0,0,0,62.338,61.3098,2.65239,0,1,1.36025,1.36025,0,1.05081,1.90512,8.92034e+06,3.92621e+06,1.21339e+07,0,0,0,0
85.1408,85.1408,3.7558,0,0.02,2.96917,2.96917,0,0.556358,4.6872,4.29233e+06,2.93738e+06,1.27447e+07,0,0,0,0,62.338,61.3098,2.81444,0,1,1.36041,1.36041,0,1.05093,1.90512,8.92034e+06,3.92621e+06,1.21353e+07,0,0,0,0
85.1408,85.1408,3.47542,0,0.02,2.96952,2.96952,0,0.556423,4.6872,4.29233e+06,2.93738e+06,1.27462e+07,0,0,0,0,62.338,61.3098,2.69777,0,1,1.36057,1.36057,0,1.05105,1.90512,8.92034e+06,3.92621e+06,1.21368e+07,0,0,0,0
85.1071,85.1408,3.144,0,0.02,2.94327,2.94327,0,0.556488,4.6872,4.29233e+06,2.93738e+06,1.26335e+07,0,0,0,0,62.338,61.3098,2.65228,0,1,1.39909,1.39909,0,1.05118,1.90512,8.92034e+06,3.92621e+06,1.24803e+07,0,0,0,0
84.7536,85.1408,2.81743,0,0.02,2.94361,2.94361,0,0.551568,4.6872,4.29233e+06,2.93738e+06,1.26349e+07,0,0,0,0,62.338,61.3098,2.52725,0,1,1.39925,1.39925,0,1.08094,1.90512,8.92034e+06,3.92621e+06,1.24818e+07,0,0,0,0
84.3105,85.1408,2.70872,0,0.02,2.94395,2.94395,0,0.551632,4.6872,4.29233e+06,2.93738e+06,1.26364e+07,0,0,0,0,62.3231,61.3098,2.26265,0,1,1.39942,1.39942,0,1.08106,1.90512,8.92034e+06,3.92621e+06,1.24833e+07,0,0,0,0
83.7797,85.1408,2.59421,0,0.02,2.94429,2.94429,0,0.551696,4.6872,4.29233e+06,2.93738e+06,1.26379e+07,0,0,0,0,62.276,61.3098,2.14818,0,1,1.39958,1.39958,0,1.08119,1.90512,8.92034e+06,3.92621e+06,1.24847e+07,0,0,0,0
83.2018,85.1408,2.56102,0,0.02,3.01336,3.01336,0,0.551761,4.6872,4.29233e+06,2.93738e+06,1.29343e+07,0,0,0,0,62.2621,61.3098,2.25671,0,1,1.43394,1.43394,0,1.08131,1.90512,8.92034e+06,3.92621e+06,1.27913e+07,0,0,0,0
82.3253,85.1408,2.27729,0,0.02,3.01371,3.01371,0,0.564703,4.6872,4.29233e+06,2.93738e+06,1.29358e+07,0,0,0,0,62.2265,61.3098,2.10712,0,1,1.43411,1.43411,0,1.10787,1.90512,8.92034e+06,3.92621e+06,1.27928e+07,0,0,0,0
81.2862,85.1408,2.08003,0,0.02,3.01406,3.01406,0,0.564769,4.6872,4.29233e+06,2.93738e+06,1.29373e+07,0,0,0,0,62.0869,61.3098,2.08946,0,1,1.43428,1.43428,0,1.10799,1.90512,8.92034e+06,3.92621e+06,1.27942e+07,0,0,0,0
80.0893,85.1408,1.90928,0,0.02,3.01441,3.01441,0,0.564835,4.6872,4.29233e+06,2.93738e+06,1.29388e+07,0,0,0,0,61.9046,61.3098,1.82746,0,1,1.43445,1.43445,0,1.10812,1.90512,8.92034e+06,3.92621e+06,1.27957e+07,0,0,0,0
78.8412,85.1408,2.00756,0,0.02,3.2161,3.2161,0,0.5649,4.6872,4.29233e+06,2.93738e+06,1.38046e+07,0,0,0,0,61.599,61.3098,2.16506,0,1,1.55813,1.55813,0,1.10825,1.90512,8.92034e+06,3.92621e+06,1.3899e+07,0,0,0,0
76.8043,85.1408,1.16931,0,0.02,3.21648,3.21648,0,0.602698,4.6872,4.29233e+06,2.93738e+06,1.38062e+07,0,0,0,0,61.2036,61.3098,1.59823,0,1,1.55831,1.55831,0,1.20381,1.90512,8.92034e+06,3.92621e+06,1.39006e+07,0,0,0,0
75.0581,85.1408,1.44491,0.01,0.02,3.21685,3.21685,0,0.602768,4.6872,4.29233e+06,2.93738e+06,1.38078e+07,0,0,0,0,60.8278,61.3098,1.77479,0,1,1.55849,1.55849,0,1.20395,1.90512,8.92034e+06,3.92621e+06,1.39022e+07,0,0,0,0
73.8988,85.1408,2.09788,0.02,0.02,3.21723,3.21723,0,0.602838,4.6872,4.29233e+06,2.93738e+06,1.38094e+07,0,0,0,0,60.604,61.3098,2.02911,0,1,1.55867,1.55867,0,1.20409,1.90512,8.92034e+06,3.92621e+06,1.39039e+07,0,0,0,0
72.1303,85.1408,1.47772,0.01,0.02,3.2176,3.2176,0,0.602908,4.6872,4.29233e+06,2.93738e+06,1.3811e+07,0,0,0,0,60.2801,61.3098,1.78072,0,1,1.55885,1.55885,0,1.20423,1.90512,8.92034e+06,3.92621e+06,1.39055e+07,0,0,0,0
71.5613,85.1408,2.60009,0.01,0.02,3.11979,3.11979,0,0.602979,4.6872,4.29233e+06,2.93738e+06,1.33912e+07,0,0,0,0,59.8301,61.3098,2.69413,0,1,1.48402,1.48402,0,1.20437,1.90512,8.92034e+06,3.92621e+06,1.3238e+07,0,0,0,0
69.611,85.1408,1.1787,0.02,0.02,3.12016,3.12016,0,0.584649,4.6872,4.29233e+06,2.93738e+06,1.33927e+07,0,0,0,0,59.0814,61.3098,1.17222,0,1,1.48419,1.48419,0,1.14655,1.90512,8.92034e+06,3.92621e+06,1.32395e+07,0,0,0,0
67.9193,85.1408,1.43775,0.02,0.02,3.12052,3.12052,0,0.584717,4.6872,4.29233e+06,2.93738e+06,1.33943e+07,0,0,0,0,58.8738,61.3098,1.31203,0,1,1.48437,1.48437,0,1.14669,1.90512,8.92034e+06,3.92621e+06,1.3241e+07,0,0,0,0
68.5183,85.1408,3.87037,0.03,0.02,3.12088,3.12088,0,0.584785,4.6872,4.29233e+06,2.93738e+06,1.33959e+07,0,0,0,0,58.8381,61.3098,2.88141,0,1,1.48454,1.48454,0,1.14682,1.90512,8.92034e+06,3.92621e+06,1.32426e+07,0,0,0,0
67.7256,85.1408,2.40839,0.01,0.02,3.04062,3.04062,0,0.584853,4.6872,4.29233e+06,2.93738e+06,1.30513e+07,0,0,0,0,58.6977,61.3098,1.56414,0,1,1.4164,1.4164,0,1.14696,1.90512,8.92034e+06,3.92621e+06,1.26348e+07,0,0,0,0
69.1286,85.1408,4.75495,0.03,0.02,3.04097,3.04097,0,0.569811,4.6872,4.29233e+06,2.93738e+06,1.30528e+07,0,0,0,0,59.4005,61.3098,4.90913,0,1,1.41657,1.41657,0,1.09431,1.90512,8.92034e+06,3.92621e+06,1.26362e+07,0,0,0,0
69.5379,85.1408,3.73447,0.01,0.02,3.04132,3.04132,0,0.569878,4.6872,4.29233e+06,2.93738e+06,1.30544e+07,0,0,0,0,59.963,61.3098,3.54542,0,1,1.41673,1.41673,0,1.09444,1.90512,8.92034e+06,3.92621e+06,1.26377e+07,0,0,0,0
70.8278,85.1408,4.64351,0.01,0.02,3.04168,3.04168,0,0.569944,4.6872,4.29233e+06,2.93738e+06,1.30559e+07,0,0,0,0,60.5499,61.3098,4.2626,0,1,1.4169,1.4169,0,1.09457,1.90512,8.92034e+06,3.92621e+06,1.26392e+07,0,0,0,0
71.3752,85.1408,3.7012,0.01,0.02,2.81293,2.81293,0,0.57001,4.6872,4.29233e+06,2.93738e+06,1.2074e+07,0,0,0,0,60.79,61.3098,2.7364,0,1,1.27472,1.27472,0,1.09469,1.90512,8.92034e+06,3.92621e+06,1.13709e+07,0,0,0,0
71.199,85.1408,3.01896,0.01,0.02,2.81326,2.81326,0,0.527143,4.6872,4.29233e+06,2.93738e+06,1.20754e+07,0,0,0,0,61.3664,61.3098,3.1382,0,1,1.27487,1.27487,0,0.98485,1.90512,8.92034e+06,3.92621e+06,1.13723e+07,0,0,0,0
69.9936,85.1408,1.94749,0.01,0.02,2.81359,2.81359,0,0.527205,4.6872,4.29233e+06,2.93738e+06,1.20768e+07,0,0,0,0,61.6986,61.3098,2.38429,0,1,1.27502,1.27502,0,0.984964,1.90512,8.92034e+06,3.92621e+06,1.13736e+07,0,0,0,0
69.7716,85.1408,2.9226,0.01,0.02,2.81391,2.81391,0,0.527266,4.6872,4.29233e+06,2.93738e+06,1.20782e+07,0,0,0,0,62.2244,61.3098,3.21197,0,1,1.27517,1.27517,0,0.985079,1.90512,8.92034e+06,3.92621e+06,1.13749e+07,0,0,0,0
70.1879,85.1408,3.66177,0.01,0.02,2.81424,2.81424,0,0.527327,4.6872,4.29233e+06,2.93738e+06,1.20797e+07,0,0,0,0,62.338,61.3098,3.8431,0,1,1.27531,1.27531,0,0.985194,1.90512,8.92034e+06,3.92621e+06,1.13762e+07,0,0,0,0
71.3133,85.1408,4.34008,0.02,0.02,2.81424,2.81424,0,0.527389,4.6872,4.29233e+06,2.93738e+06,1.20797e+07,0,0,0,0,61.9388,61.3098,5.26474,0,1,1.27531,1.27531,0,0.985308,1.90512,8.92034e+06,3.92621e+06,1.13762e+07,0,0,0,0
70.0958,85.1408,1.84597,0,0.02,2.90274,2.90274,0,0.527389,4.6872,4.29233e+06,2.93738e+06,1.24595e+07,0,0,0,0,61.6084,61.3098,1.61499,0,1,1.3167,1.3167,0,0.985308,1.90512,8.92034e+06,3.92621e+06,1.17454e+07,0,0,0,0
69.7635,85.1408,2.80205,0.01,0.02,2.90305,2.90305,0,0.543973,4.6872,4.29233e+06,2.93738e+06,1.24609e+07,0,0,0,0,61.378,61.3098,1.76491,0,1,1.31685,1.31685,0,1.01728,1.90512,8.92034e+06,3.92621e+06,1.17467e+07,0,0,0,0
70.0488,85.1408,3.53707,0,0.02,2.90337,2.90337,0,0.544032,4.6872,4.29233e+06,2.93738e+06,1.24622e+07,0,0,0,0,61.5145,61.3098,1.80982,0,1,1.31699,1.31699,0,1.0174,1.90512,8.92034e+06,3.92621e+06,1.1748e+07,0,0,0,0
69.3221,85.1408,2.46853,0.01,0.02,2.90369,2.90369,0,0.544092,4.6872,4.29233e+06,2.93738e+06,1.24636e+07,0,0,0,0,61.9647,61.3098,2.79683,0,1,1.31714,1.31714,0,1.01751,1.90512,8.92034e+06,3.92621e+06,1.17493e+07,0,0,0,0
68.7999,85.1408,2.88792,0.01,0.02,3.18726,3.18726,0,0.544152,4.6872,4.29233e+06,2.93738e+06,1.36808e+07,0,0,0,0,62.3156,61.3098,2.77637,0,1,1.47216,1.47216,0,1.01762,1.90512,8.92034e+06,3.92621e+06,1.31322e+07,0,0,0,0
68.7119,85.1408,3.3636,0.01,0.02,3.18761,3.18761,0,0.597293,4.6872,4.29233e+06,2.93738e+06,1.36823e+07,0,0,0,0,62.338,61.3098,3.47392,0,1,1.47233,1.47233,0,1.13739,1.90512,8.92034e+06,3.92621e+06,1.31337e+07,0,0,0,0
69.5418,85.1408,4.38303,0.01,0.02,3.18797,3.18797,0,0.597359,4.6872,4.29233e+06,2.93738e+06,1.36838e+07,0,0,0,0,62.338,61.3098,3.63454,0,1,1.47249,1.47249,0,1.13752,1.90512,8.92034e+06,3.92621e+06,1.31351e+07,0,0,0,0
69.6071,85.1408,3.52738,0.01,0.02,3.18832,3.18832,0,0.597425,4.6872,4.29233e+06,2.93738e+06,1.36853e+07,0,0,0,0,62.295,61.3098,3.23002,0,1,1.47265,1.47265,0,1.13764,1.90512,8.92034e+06,3.92621e+06,1.31365e+07,0,0,0,0
70.2377,85.1408,3.71272,0.01,0.02,2.78448,2.78448,0,0.59749,4.6872,4.29233e+06,2.93738e+06,1.19519e+07,0,0,0,0,62.2257,61.3098,1.92332,0,1,1.26487,1.26487,0,1.13777,1.90512,8.92034e+06,3.92621e+06,1.1283e+07,0,0,0,0
72.2732,85.1408,5.26338,0.01,0.02,2.78479,2.78479,0,0.521812,4.6872,4.29233e+06,2.93738e+06,1.19532e+07,0,0,0,0,62.0144,61.3098,2.49151,0,1,1.265,1.265,0,0.977235,1.90512,8.92034e+06,3.92621e+06,1.12843e+07,0,0,0,0
72.5953,85.1408,3.51568,0.01,0.02,2.7851,2.7851,0,0.52187,4.6872,4.29233e+06,2.93738e+06,1.19546e+07,0,0,0,0,62.2693,61.3098,1.91766,0,1,1.26514,1.26514,0,0.977342,1.90512,8.92034e+06,3.92621e+06,1.12855e+07,0,0,0,0
73.6367,85.1408,4.35077,0.01,0.02,2.7854,2.7854,0,0.521927,4.6872,4.29233e+06,2.93738e+06,1.19559e+07,0,0,0,0,62.338,61.3098,3.36198,0,1,1.26528,1.26528,0,0.97745,1.90512,8.92034e+06,3.92621e+06,1.12867e+07,0,0,0,0
74.9814,85.1408,4.53833,0.01,0.02,2.78571,2.78571,0,0.521984,4.6872,4.29233e+06,2.93738e+06,1.19572e+07,0,0,0,0,62.338,61.3098,3.29361,0,1,1.26542,1.26542,0,0.977558,1.90512,8.92034e+06,3.92621e+06,1.1288e+07,0,0,0,0
76.3399,85.1408,4.67144,0.01,0.02,2.88781,2.88781,0,0.522042,4.6872,4.29233e+06,2.93738e+06,1.23954e+07,0,0,0,0,62.338,61.3098,3.39908,0,1,1.31646,1.31646,0,0.977665,1.90512,8.92034e+06,3.92621e+06,1.17433e+07,0,0,0,0
77.5074,85.1408,4.53928,0.01,0.02,2.88813,2.88813,0,0.541176,4.6872,4.29233e+06,2.93738e+06,1.23968e+07,0,0,0,0,62.338,61.3098,3.98865,0,1,1.31661,1.31661,0,1.0171,1.90512,8.92034e+06,3.92621e+06,1.17446e+07,0,0,0,0
78.3475,85.1408,4.21105,0,0.02,2.88845,2.88845,0,0.541235,4.6872,4.29233e+06,2.93738e+06,1.23982e+07,0,0,0,0,62.338,61.3098,3.8302,0,1,1.31675,1.31675,0,1.01721,1.90512,8.92034e+06,3.92621e+06,1.17459e+07,0,0,0,0
79.0205,85.1408,3.98135,0,0.02,2.88876,2.88876,0,0.541295,4.6872,4.29233e+06,2.93738e+06,1.23995e+07,0,0,0,0,62.338,61.3098,3.47743,0,1,1.3169,1.3169,0,1.01732,1.90512,8.92034e+06,3.92621e+06,1.17472e+07,0,0,0,0
79.0723,85.1408,3.24442,0,0.02,2.84926,2.84926,0,0.541354,4.6872,4.29233e+06,2.93738e+06,1.223e+07,0,0,0,0,62.338,61.3098,2.82374,0,1,1.29726,1.29726,0,1.01743,1.90512,8.92034e+06,3.92621e+06,1.1572e+07,0,0,0,0
78.6946,85.1408,2.80461,0,0.02,2.84958,2.84958,0,0.533952,4.6872,4.29233e+06,2.93738e+06,1.22313e+07,0,0,0,0,62.338,61.3098,2.55555,0,1,1.29741,1.29741,0,1.00227,1.90512,8.92034e+06,3.92621e+06,1.15733e+07,0,0,0,0
78.1917,85.1408,2.58123,0,0.02,2.84989,2.84989,0,0.534011,4.6872,4.29233e+06,2.93738e+06,1.22327e+07,0,0,0,0,62.338,61.3098,2.31982,0,1,1.29755,1.29755,0,1.00238,1.90512,8.92034e+06,3.92621e+06,1.15746e+07,0,0,0,0
77.6324,85.1408,2.51632,0,0.02,2.8502,2.8502,0,0.53407,4.6872,4.29233e+06,2.93738e+06,1.2234e+07,0,0,0,0,62.338,61.3098,2.60896,0,1,1.29769,1.29769,0,1.00249,1.90512,8.92034e+06,3.92621e+06,1.15758e+07,0,0,0,0
76.7295,85.1408,2.3046,0,0.02,2.98574,2.98574,0,0.534128,4.6872,4.29233e+06,2.93738e+06,1.28158e+07,0,0,0,0,62.338,61.3098,2.40816,0,1,1.368,1.368,0,1.0026,1.90512,8.92034e+06,3.92621e+06,1.2203e+07,0,0,0,0
75.953,85.1408,2.34672,0,0.02,2.98607,2.98607,0,0.559527,4.6872,4.29233e+06,2.93738e+06,1.28172e+07,0,0,0,0,62.338,61.3098,2.52208,0,1,1.36815,1.36815,0,1.05692,1.90512,8.92034e+06,3.92621e+06,1.22044e+07,0,0,0,0
74.9299,85.1408,2.06562,0,0.02,2.9864,2.9864,0,0.559589,4.6872,4.29233e+06,2.93738e+06,1.28186e+07,0,0,0,0,62.338,61.3098,2.13806,0,1,1.3683,1.3683,0,1.05703,1.90512,8.92034e+06,3.92621e+06,1.22057e+07,0,0,0,0
73.8236,85.1408,1.9655,0,0.02,2.98672,2.98672,0,0.55965,4.6872,4.29233e+06,2.93738e+06,1.282e+07,0,0,0,0,62.2827,61.3098,1.86442,0,1,1.36845,1.36845,0,1.05715,1.90512,8.92034e+06,3.92621e+06,1.22071e+07,0,0,0,0
72.7443,85.1408,1.97756,0,0.02,2.98705,2.98705,0,0.559712,4.6872,4.29233e+06,2.93738e+06,1.28214e+07,0,0,0,0,62.3102,61.3098,1.93945,0,1,1.3686,1.3686,0,1.05727,1.90512,8.92034e+06,3.92621e+06,1.22084e+07,0,0,0,0
71.5786,85.1408,1.84957,0,0.02,2.96063,2.96063,0,0.559774,4.6872,4.29233e+06,2.93738e+06,1.2708e+07,0,0,0,0,62.2373,61.3098,2.08512,0,1,1.40734,1.40734,0,1.05738,1.90512,8.92034e+06,3.92621e+06,1.2554e+07,0,0,0,0
70.2566,85.1408,1.67271,0,0.02,2.96095,2.96095,0,0.554821,4.6872,4.29233e+06,2.93738e+06,1.27094e+07,0,0,0,0,62.2065,61.3098,1.86439,0,1,1.4075,1.4075,0,1.08731,1.90512,8.92034e+06,3.92621e+06,1.25553e+07,0,0,0,0
68.8966,85.1408,1.58898,0,0.02,2.96128,2.96128,0,0.554882,4.6872,4.29233e+06,2.93738e+06,1.27108e+07,0,0,0,0,62.0096,61.3098,1.83384,0,1,1.40765,1.40765,0,1.08743,1.90512,8.92034e+06,3.92621e+06,1.25567e+07,0,0,0,0
67.3941,85.1408,1.42715,0.01,0.02,2.9616,2.9616,0,0.554943,4.6872,4.29233e+06,2.93738e+06,1.27122e+07,0,0,0,0,61.6444,61.3098,1.71687,0,1,1.40781,1.40781,0,1.08755,1.90512,8.92034e+06,3.92621e+06,1.25581e+07,0,0,0,0
65.9834,85.1408,1.56145,0.02,0.02,3.03105,3.03105,0,0.555004,4.6872,4.29233e+06,2.93738e+06,1.30103e+07,0,0,0,0,61.3118,61.3098,1.62872,0,1,1.44237,1.44237,0,1.08767,1.90512,8.92034e+06,3.92621e+06,1.28664e+07,0,0,0,0
64.5496,85.1408,1.5252,0.02,0.02,3.03139,3.03139,0,0.56802,4.6872,4.29233e+06,2.93738e+06,1.30117e+07,0,0,0,0,60.9185,61.3098,1.67316,0,1,1.44252,1.44252,0,1.11437,1.90512,8.92034e+06,3.92621e+06,1.28678e+07,0,0,0,0
63.0375,85.1408,1.42427,0.02,0.02,3.03172,3.03172,0,0.568082,4.6872,4.29233e+06,2.93738e+06,1.30131e+07,0,0,0,0,60.3967,61.3098,1.58394,0,1,1.44268,1.44268,0,1.11449,1.90512,8.92034e+06,3.92621e+06,1.28692e+07,0,0,0,0
61.4305,85.1408,1.30724,0.02,0.02,3.03206,3.03206,0,0.568145,4.6872,4.29233e+06,2.93738e+06,1.30146e+07,0,0,0,0,59.9576,61.3098,1.49032,0,1,1.44284,1.44284,0,1.11462,1.90512,8.92034e+06,3.92621e+06,1.28706e+07,0,0,0,0
59.8345,85.1408,1.463,0.02,0.02,3.23491,3.23491,0,0.568207,4.6872,4.29233e+06,2.93738e+06,1.38853e+07,0,0,0,0,59.4383,61.3098,1.61734,0,1,1.56724,1.56724,0,1.11474,1.90512,8.92034e+06,3.92621e+06,1.39803e+07,0,0,0,0
58.3233,85.1408,1.5447,0.03,0.02,3.23527,3.23527,0,0.606222,4.6872,4.29233e+06,2.93738e+06,1.38868e+07,0,0,0,0,58.7319,61.3098,1.66385,0,1,1.56741,1.56741,0,1.21085,1.90512,8.92034e+06,3.92621e+06,1.39818e+07,0,0,0,0
56.5267,85.1408,1.24772,0.07,0.02,3.23562,3.23562,0,0.606289,4.6872,4.29233e+06,2.93738e+06,1.38884e+07,0,0,0,0,58.3079,61.3098,1.24934,0,1,1.56758,1.56758,0,1.21098,1.90512,8.92034e+06,3.92621e+06,1.39834e+07,0,0,0,0
55.005,85.1408,1.48816,0.06,0.02,3.23598,3.23598,0,0.606355,4.6872,4.29233e+06,2.93738e+06,1.38899e+07,0,0,0,0,58.1572,61.3098,2.0489,0,1,1.56775,1.56775,0,1.21111,1.90512,8.92034e+06,3.92621e+06,1.39849e+07,0,0,0,0
53.8028,85.1408,1.78856,0.07,0.02,3.23633,3.23633,0,0.606422,4.6872,4.29233e+06,2.93738e+06,1.38914e+07,0,0,0,0,57.8786,61.3098,1.88566,0,1,1.56793,1.56793,0,1.21125,1.90512,8.92034e+06,3.92621e+06,1.39864e+07,0,0,0,0
53.2808,85.1408,2.41106,0.07,0.02,3.13794,3.13794,0,0.606489,4.6872,4.29233e+06,2.93738e+06,1.34691e+07,0,0,0,0,57.781,61.3098,2.31957,0,1,1.49265,1.49265,0,1.21138,1.90512,8.92034e+06,3.92621e+06,1.3315e+07,0,0,0,0
52.9698,85.1408,2.6413,0.06,0.02,3.09658,3.13828,0,0.588049,4.6872,4.29233e+06,2.93738e+06,1.32915e+07,0,0,0,0,57.9175,61.3098,2.94767,0,1,1.53452,1.49282,0,1.15322,1.90512,8.92034e+06,3.92621e+06,1.36884e+07,0,0,0,0
52.5023,85.1408,2.50928,0.06,0.02,3.09709,3.13863,0,0.580299,4.6872,4.29233e+06,2.93738e+06,1.32937e+07,0,0,0,0,58.1208,61.3098,3.04477,0,1,1.53452,1.49298,0,1.18557,1.90512,8.92034e+06,3.92621e+06,1.36884e+07,0,0,0,0
52.276,85.1408,2.85245,0.05,0.02,3.13897,3.13897,0,0.580395,4.6872,4.29233e+06,2.93738e+06,1.34735e+07,0,0,0,0,58.0423,61.3098,3.44105,0,1,1.49314,1.49314,0,1.18557,1.90512,8.92034e+06,3.92621e+06,1.33193e+07,0,0,0,0
50.9654,85.1408,1.61339,0.05,0.02,3.05822,3.05822,0,0.588243,4.6872,4.29233e+06,2.93738e+06,1.31269e+07,0,0,0,0,57.4449,61.3098,1.35239,0,1,1.4246,1.4246,0,1.1536,1.90512,8.92034e+06,3.92621e+06,1.27079e+07,0,0,0,0
49.4476,85.1408,1.29509,0.08,0.02,2.94881,3.05856,0,0.573111,4.6872,4.29233e+06,2.93738e+06,1.26573e+07,0,0,0,0,57.1394,61.3098,1.13006,0,1,1.53451,1.42476,0,1.10065,1.90512,8.92034e+06,3.92621e+06,1.36883e+07,0,0,0,0
49.0149,85.1408,2.42913,0.08,0.02,2.9493,3.05889,0,0.552606,4.6872,4.29233e+06,2.93738e+06,1.26594e+07,0,0,0,0,57.5579,61.3098,3.32153,0,1,1.53451,1.42492,0,1.18556,1.90512,8.92034e+06,3.92621e+06,1.36883e+07,0,0,0,0
50.4866,85.1408,4.47183,0.08,0.02,2.94979,3.05923,0,0.552699,4.6872,4.29233e+06,2.93738e+06,1.26615e+07,0,0,0,0,58.9084,61.3098,4.21368,0,1,1.53451,1.42507,0,1.18556,1.90512,8.92034e+06,3.92621e+06,1.36883e+07,0,0,0,0
51.6533,85.1408,3.93951,0.09,0.02,2.71987,2.82915,0,0.552791,4.6872,4.29233e+06,2.93738e+06,1.16746e+07,0,0,0,0,59.7528,61.3098,3.20356,0,1,1.39135,1.28207,0,1.18556,1.90512,8.92034e+06,3.92621e+06,1.24113e+07,0,0,0,0
53.3023,85.1408,4.54408,0.05,0.02,2.82946,2.82946,0,0.509703,4.6872,4.29233e+06,2.93738e+06,1.2145e+07,0,0,0,0,60.6616,61.3098,3.33217,0,1,1.28221,1.28221,0,1.07496,1.90512,8.92034e+06,3.92621e+06,1.14378e+07,0,0,0,0
54.3283,85.1408,3.94385,0.05,0.02,2.82977,2.82977,0,0.530241,4.6872,4.29233e+06,2.93738e+06,1.21463e+07,0,0,0,0,61.5352,61.3098,2.89156,0,1,1.28235,1.28235,0,0.990636,1.90512,8.92034e+06,3.92621e+06,1.1439e+07,0,0,0,0
58.7924,85.1408,7.72636,0.05,0.02,2.83008,2.83008,0,0.530299,4.6872,4.29233e+06,2.93738e+06,1.21476e+07,0,0,0,0,62.338,61.3098,4.27797,0,1,1.28249,1.28249,0,0.990745,1.90512,8.92034e+06,3.92621e+06,1.14403e+07,0,0,0,0
61.3487,85.1408,5.61736,0.07,0.02,2.57853,2.83039,0,0.530357,4.6872,4.29233e+06,2.93738e+06,1.10679e+07,0,0,0,0,62.338,61.3098,4.80283,0,1,1.53449,1.28263,0,0.990854,1.90512,8.92034e+06,3.92621e+06,1.36882e+07,0,0,0,0
61.6984,85.1408,3.62935,0.03,0.02,2.91938,2.91938,0,0.483217,4.6872,4.29233e+06,2.93738e+06,1.25309e+07,0,0,0,0,62.338,61.3098,4.59871,0,1,1.32425,1.32425,0,1.18555,1.90512,8.92034e+06,3.92621e+06,1.18128e+07,0,0,0,0
68.4323,85.1408,10.1181,0.03,0.02,2.91968,2.91968,0,0.547091,4.6872,4.29233e+06,2.93738e+06,1.25322e+07,0,0,0,0,62.338,61.3098,11.5298,0,1,1.32439,1.32439,0,1.02312,1.90512,8.92034e+06,3.92621e+06,1.1814e+07,0,0,0,0
78.4687,85.1408,14.2167,0,0.02,2.91998,2.91998,0,0.547148,4.6872,4.29233e+06,2.93738e+06,1.25335e+07,0,0,0,0,62.338,61.3098,26.15,0,1,1.32452,1.32452,0,1.02322,1.90512,8.92034e+06,3.92621e+06,1.18152e+07,0,0,0,0
85.1408,85.1408,13.9584,0,0.02,2.92029,2.92029,0,0.547205,4.6872,4.29233e+06,2.93738e+06,1.25348e+07,0,0,0,0,62.338,61.3098,21.31,0,1,1.32466,1.32466,0,1.02333,1.90512,8.92034e+06,3.92621e+06,1.18164e+07,0,0,0,0
85.1408,85.1408,11.1601,0,0.02,3.20546,3.20546,0,0.547262,4.6872,4.29233e+06,2.93738e+06,1.37589e+07,0,0,0,0,62.338,61.3098,19.1106,0,1,1.48057,1.48057,0,1.02343,1.90512,8.92034e+06,3.92621e+06,1.32072e+07,0,0,0,0
85.1408,85.1408,9.26885,0,0.02,3.20579,3.20579,0,0.600702,4.6872,4.29233e+06,2.93738e+06,1.37603e+07,0,0,0,0,62.338,61.3098,15.5243,0,1,1.48072,1.48072,0,1.14389,1.90512,8.92034e+06,3.92621e+06,1.32085e+07,0,0,0,0
85.1408,85.1408,11.0373,0,0.02,3.20612,3.20612,0,0.600765,4.6872,4.29233e+06,2.93738e+06,1.37617e+07,0,0,0,0,62.338,61.3098,22.533,0,1,1.48088,1.48088,0,1.14401,1.90512,8.92034e+06,3.92621e+06,1.32099e+07,0,0,0,0
85.1408,85.1408,6.34611,0,0.02,3.20645,3.20645,0,0.600827,4.6872,4.29233e+06,2.93738e+06,1.37632e+07,0,0,0,0,62.338,61.3098,8.39254,0,1,1.48103,1.48103,0,1.14412,1.90512,8.92034e+06,3.92621e+06,1.32113e+07,0,0,0,0
85.1408,85.1408,5.142,0,0.02,2.80031,2.80031,0,0.600889,4.6872,4.29233e+06,2.93738e+06,1.20198e+07,0,0,0,0,62.338,61.3098,8.70251,0,1,1.27205,1.27205,0,1.14424,1.90512,8.92034e+06,3.92621e+06,1.13471e+07,0,0,0,0
85.1408,85.1408,4.93208,0,0.02,2.8006,2.8006,0,0.524777,4.6872,4.29233e+06,2.93738e+06,1.20211e+07,0,0,0,0,62.338,61.3098,7.06972,0,1,1.27218,1.27218,0,0.982788,1.90512,8.92034e+06,3.92621e+06,1.13483e+07,0,0,0,0
85.1408,85.1408,5.11561,0,0.02,2.80089,2.80089,0,0.524832,4.6872,4.29233e+06,2.93738e+06,1.20223e+07,0,0,0,0,62.338,61.3098,6.29687,0,1,1.27232,1.27232,0,0.98289,1.90512,8.92034e+06,3.92621e+06,1.13495e+07,0,0,0,0
85.1408,85.1408,7.39791,0,0.02,2.80118,2.80118,0,0.524886,4.6872,4.29233e+06,2.93738e+06,1.20236e+07,0,0,0,0,62.338,61.3098,9.18783,0,1,1.27245,1.27245,0,0.982992,1.90512,8.92034e+06,3.92621e+06,1.13507e+07,0,0,0,0
85.1408,85.1408,5.98635,0,0.02,2.80147,2.80147,0,0.524941,4.6872,4.29233e+06,2.93738e+06,1.20248e+07,0,0,0,0,62.338,61.3098,9.03571,0,1,1.27258,1.27258,0,0.983094,1.90512,8.92034e+06,3.92621e+06,1.13518e+07,0,0,0,0
85.1408,85.1408,3.73623,0,0.02,2.90413,2.90413,0,0.524995,4.6872,4.29233e+06,2.93738e+06,1.24655e+07,0,0,0,0,62.338,61.3098,4.47405,0,1,1.3239,1.3239,0,0.983196,1.90512,8.92034e+06,3.92621e+06,1.18096e+07,0,0,0,0
85.1408,85.1408,4.67435,0,0.02,2.90443,2.90443,0,0.544234,4.6872,4.29233e+06,2.93738e+06,1.24668e+07,0,0,0,0,62.338,61.3098,6.2971,0,1,1.32404,1.32404,0,1.02285,1.90512,8.92034e+06,3.92621e+06,1.18109e+07,0,0,0,0
85.1408,85.1408,5.63904,0,0.02,2.90473,2.90473,0,0.54429,4.6872,4.29233e+06,2.93738e+06,1.24681e+07,0,0,0,0,62.338,61.3098,7.99549,0,1,1.32418,1.32418,0,1.02295,1.90512,8.92034e+06,3.92621e+06,1.18121e+07,0,0,0,0
85.1408,85.1408,3.96888,0,0.02,2.90503,2.90503,0,0.544347,4.6872,4.29233e+06,2.93738e+06,1.24694e+07,0,0,0,0,62.338,61.3098,5.49332,0,1,1.32431,1.32431,0,1.02306,1.90512,8.92034e+06,3.92621e+06,1.18133e+07,0,0,0,0
85.1408,85.1408,4.323,0,0.02,2.86529,2.86529,0,0.544403,4.6872,4.29233e+06,2.93738e+06,1.22988e+07,0,0,0,0,62.338,61.3098,7.82424,0,1,1.30456,1.30456,0,1.02316,1.90512,8.92034e+06,3.92621e+06,1.16371e+07,0,0,0,0
85.1408,85.1408,4.7693,0,0.02,2.86559,2.86559,0,0.536956,4.6872,4.29233e+06,2.93738e+06,1.23001e+07,0,0,0,0,62.338,61.3098,5.89844,0,1,1.3047,1.3047,0,1.0079,1.90512,8.92034e+06,3.92621e+06,1.16383e+07,0,0,0,0
85.1408,85.1408,3.62914,0,0.02,2.86589,2.86589,0,0.537011,4.6872,4.29233e+06,2.93738e+06,1.23013e+07,0,0,0,0,62.338,61.3098,5.18251,0,1,1.30483,1.30483,0,1.00801,1.90512,8.92034e+06,3.92621e+06,1.16395e+07,0,0,0,0
85.1408,85.1408,3.37252,0,0.02,2.86618,2.86618,0,0.537067,4.6872,4.29233e+06,2.93738e+06,1.23026e+07,0,0,0,0,62.338,61.3098,4.1029,0,1,1.30497,1.30497,0,1.00811,1.90512,8.92034e+06,3.92621e+06,1.16407e+07,0,0,0,0
85.1408,85.1408,3.59564,0,0.02,3.00246,3.00246,0,0.537123,4.6872,4.29233e+06,2.93738e+06,1.28875e+07,0,0,0,0,62.338,61.3098,4.68431,0,1,1.37566,1.37566,0,1.00822,1.90512,8.92034e+06,3.92621e+06,1.22714e+07,0,0,0,0
85.1408,85.1408,3.768,0,0.02,3.00277,3.00277,0,0.562661,4.6872,4.29233e+06,2.93738e+06,1.28889e+07,0,0,0,0,62.338,61.3098,5.07594,0,1,1.37581,1.37581,0,1.06284,1.90512,8.92034e+06,3.92621e+06,1.22727e+07,0,0,0,0
85.1408,85.1408,3.38188,0,0.02,3.00308,3.00308,0,0.562719,4.6872,4.29233e+06,2.93738e+06,1.28902e+07,0,0,0,0,62.338,61.3098,5.10868,0,1,1.37595,1.37595,0,1.06295,1.90512,8.92034e+06,3.92621e+06,1.22739e+07,0,0,0,0
85.1116,85.1408,3.22908,0,0.02,3.00339,3.00339,0,0.562778,4.6872,4.29233e+06,2.93738e+06,1.28916e+07,0,0,0,0,62.338,61.3098,5.03712,0,1,1.37609,1.37609,0,1.06306,1.90512,8.92034e+06,3.92621e+06,1.22752e+07,0,0,0,0
85.128,85.1408,3.20978,0,0.02,3.00371,3.00371,0,0.562836,4.6872,4.29233e+06,2.93738e+06,1.28929e+07,0,0,0,0,62.338,61.3098,4.75535,0,1,1.37623,1.37623,0,1.06317,1.90512,8.92034e+06,3.92621e+06,1.22765e+07,0,0,0,0
85.1408,85.1408,3.26953,0,0.02,2.97711,2.97711,0,0.562894,4.6872,4.29233e+06,2.93738e+06,1.27787e+07,0,0,0,0,62.338,61.3098,4.25679,0,1,1.41518,1.41518,0,1.06328,1.90512,8.92034e+06,3.92621e+06,1.26239e+07,0,0,0,0
85.0943,85.1408,3.11363,0,0.02,2.97742,2.97742,0,0.557911,4.6872,4.29233e+06,2.93738e+06,1.27801e+07,0,0,0,0,62.338,61.3098,4.16794,0,1,1.41533,1.41533,0,1.09337,1.90512,8.92034e+06,3.92621e+06,1.26252e+07,0,0,0,0
84.8948,85.1408,2.93821,0,0.02,2.97773,2.97773,0,0.557969,4.6872,4.29233e+06,2.93738e+06,1.27814e+07,0,0,0,0,62.338,61.3098,4.175,0,1,1.41547,1.41547,0,1.09348,1.90512,8.92034e+06,3.92621e+06,1.26265e+07,0,0,0,0
84.4565,85.1408,2.70043,0,0.02,2.97804,2.97804,0,0.558027,4.6872,4.29233e+06,2.93738e+06,1.27827e+07,0,0,0,0,62.338,61.3098,3.99918,0,1,1.41562,1.41562,0,1.09359,1.90512,8.92034e+06,3.92621e+06,1.26278e+07,0,0,0,0
83.9708,85.1408,2.66962,0,0.02,3.04786,3.04786,0,0.558085,4.6872,4.29233e+06,2.93738e+06,1.30824e+07,0,0,0,0,62.338,61.3098,3.41226,0,1,1.45036,1.45036,0,1.09371,1.90512,8.92034e+06,3.92621e+06,1.29377e+07,0,0,0,0
83.4254,85.1408,2.60709,0,0.02,3.04817,3.04817,0,0.571168,4.6872,4.29233e+06,2.93738e+06,1.30838e+07,0,0,0,0,62.338,61.3098,3.47545,0,1,1.45051,1.45051,0,1.12055,1.90512,8.92034e+06,3.92621e+06,1.29391e+07,0,0,0,0
82.7239,85.1408,2.43535,0,0.02,3.04849,3.04849,0,0.571228,4.6872,4.29233e+06,2.93738e+06,1.30851e+07,0,0,0,0,62.338,61.3098,3.28466,0,1,1.45066,1.45066,0,1.12067,1.90512,8.92034e+06,3.92621e+06,1.29404e+07,0,0,0,0
81.8366,85.1408,2.23531,0,0.02,3.04881,3.04881,0,0.571287,4.6872,4.29233e+06,2.93738e+06,1.30865e+07,0,0,0,0,62.338,61.3098,3.10209,0,1,1.45081,1.45081,0,1.12078,1.90512,8.92034e+06,3.92621e+06,1.29417e+07,0,0,0,0
81.4566,85.1408,2.90573,0,0.02,3.25276,3.25276,0,0.571346,4.6872,4.29233e+06,2.93738e+06,1.39619e+07,0,0,0,0,62.338,61.3098,3.70197,0,1,1.57589,1.57589,0,1.1209,1.90512,8.92034e+06,3.92621e+06,1.40574e+07,0,0,0,0
81.5798,85.1408,3.45348,0.01,0.02,3.2531,3.2531,0,0.609567,4.6872,4.29233e+06,2.93738e+06,1.39634e+07,0,0,0,0,62.338,61.3098,4.25382,0,1,1.57605,1.57605,0,1.21753,1.90512,8.92034e+06,3.92621e+06,1.40589e+07,0,0,0,0
81.0579,85.1408,2.8055,0.01,0.02,3.25344,3.25344,0,0.609631,4.6872,4.29233e+06,2.93738e+06,1.39648e+07,0,0,0,0,62.338,61.3098,2.99908,0,1,1.57621,1.57621,0,1.21766,1.90512,8.92034e+06,3.92621e+06,1.40603e+07,0,0,0,0
81.1848,85.1408,3.43584,0.01,0.02,3.25377,3.25377,0,0.609694,4.6872,4.29233e+06,2.93738e+06,1.39663e+07,0,0,0,0,62.338,61.3098,5.46473,0,1,1.57638,1.57638,0,1.21778,1.90512,8.92034e+06,3.92621e+06,1.40618e+07,0,0,0,0
80.9571,85.1408,3.05919,0.01,0.02,3.25411,3.25411,0,0.609757,4.6872,4.29233e+06,2.93738e+06,1.39677e+07,0,0,0,0,62.338,61.3098,3.68779,0,1,1.57654,1.57654,0,1.21791,1.90512,8.92034e+06,3.92621e+06,1.40633e+07,0,0,0,0
80.3743,85.1408,2.65466,0.01,0.02,3.15515,3.15515,0,0.60982,4.6872,4.29233e+06,2.93738e+06,1.3543e+07,0,0,0,0,62.338,61.3098,3.99256,0,1,1.50084,1.50084,0,1.21803,1.90512,8.92034e+06,3.92621e+06,1.3388e+07,0,0,0,0
81.4402,85.1408,4.29723,0.01,0.02,3.15548,3.15548,0,0.591275,4.6872,4.29233e+06,2.93738e+06,1.35444e+07,0,0,0,0,62.338,61.3098,6.31992,0,1,1.501,1.501,0,1.15955,1.90512,8.92034e+06,3.92621e+06,1.33894e+07,0,0,0,0
81.9194,85.1408,3.74238,0.01,0.02,3.15581,3.15581,0,0.591337,4.6872,4.29233e+06,2.93738e+06,1.35458e+07,0,0,0,0,62.338,61.3098,5.10291,0,1,1.50115,1.50115,0,1.15967,1.90512,8.92034e+06,3.92621e+06,1.33908e+07,0,0,0,0
81.9909,85.1408,3.34286,0.01,0.02,3.15613,3.15613,0,0.591398,4.6872,4.29233e+06,2.93738e+06,1.35472e+07,0,0,0,0,62.338,61.3098,5.02269,0,1,1.50131,1.50131,0,1.15979,1.90512,8.92034e+06,3.92621e+06,1.33922e+07,0,0,0,0
82.514,85.1408,3.87748,0.01,0.02,3.07492,3.07492,0,0.59146,4.6872,4.29233e+06,2.93738e+06,1.31986e+07,0,0,0,0,62.338,61.3098,6.07679,0,1,1.43238,1.43238,0,1.15991,1.90512,8.92034e+06,3.92621e+06,1.27773e+07,0,0,0,0
84.0977,85.1408,5.01055,0.01,0.02,3.07524,3.07524,0,0.576241,4.6872,4.29233e+06,2.93738e+06,1.32e+07,0,0,0,0,62.338,61.3098,5.77506,0,1,1.43253,1.43253,0,1.10666,1.90512,8.92034e+06,3.92621e+06,1.27787e+07,0,0,0,0
85.1408,85.1408,6.59048,0.01,0.02,3.07556,3.07556,0,0.5763,4.6872,4.29233e+06,2.93738e+06,1.32013e+07,0,0,0,0,62.338,61.3098,7.06362,0,1,1.43268,1.43268,0,1.10677,1.90512,8.92034e+06,3.92621e+06,1.278e+07,0,0,0,0
85.1408,85.1408,8.21952,0,0.02,3.07588,3.07588,0,0.57636,4.6872,4.29233e+06,2.93738e+06,1.32027e+07,0,0,0,0,62.338,61.3098,9.41125,0,1,1.43283,1.43283,0,1.10689,1.90512,8.92034e+06,3.92621e+06,1.27813e+07,0,0,0,0
85.1408,85.1408,7.0736,0,0.02,2.84453,2.84453,0,0.57642,4.6872,4.29233e+06,2.93738e+06,1.22096e+07,0,0,0,0,62.338,61.3098,9.76035,0,1,1.28904,1.28904,0,1.107,1.90512,8.92034e+06,3.92621e+06,1.14987e+07,0,0,0,0
85.1408,85.1408,7.56356,0,0.02,2.84482,2.84482,0,0.533064,4.6872,4.29233e+06,2.93738e+06,1.22109e+07,0,0,0,0,62.338,61.3098,9.45031,0,1,1.28917,1.28917,0,0.995912,1.90512,8.92034e+06,3.92621e+06,1.14999e+07,0,0,0,0
85.1408,85.1408,14.7788,0,0.02,2.84512,2.84512,0,0.53312,4.6872,4.29233e+06,2.93738e+06,1.22122e+07,0,0,0,0,62.338,61.3098,14.0229,0,1,1.28931,1.28931,0,0.996015,1.90512,8.92034e+06,3.92621e+06,1.1501e+07,0,0,0,0
85.1408,85.1408,11.0155,0,0.02,2.84541,2.84541,0,0.533175,4.6872,4.29233e+06,2.93738e+06,1.22134e+07,0,0,0,0,62.338,61.3098,14.9015,0,1,1.28944,1.28944,0,0.996118,1.90512,8.92034e+06,3.92621e+06,1.15022e+07,0,0,0,0
85.1408,85.1408,10.274,0,0.02,2.84571,2.84571,0,0.53323,4.6872,4.29233e+06,2.93738e+06,1.22147e+07,0,0,0,0,62.338,61.3098,11.1613,0,1,1.28957,1.28957,0,0.996222,1.90512,8.92034e+06,3.92621e+06,1.15034e+07,0,0,0,0
85.1408,85.1408,15.7057,0,0.02,2.93515,2.93515,0,0.533286,4.6872,4.29233e+06,2.93738e+06,1.25986e+07,0,0,0,0,62.338,61.3098,14.5052,0,1,1.33141,1.33141,0,0.996325,1.90512,8.92034e+06,3.92621e+06,1.18766e+07,0,0,0,0
85.1408,85.1408,14.5697,0,0.02,2.93544,2.93544,0,0.550048,4.6872,4.29233e+06,2.93738e+06,1.25999e+07,0,0,0,0,62.338,61.3098,14.4756,0,1,1.33154,1.33154,0,1.02864,1.90512,8.92034e+06,3.92621e+06,1.18778e+07,0,0,0,0
85.1408,85.1408,9.85603,0,0.02,2.93573,2.93573,0,0.550101,4.6872,4.29233e+06,2.93738e+06,1.26011e+07,0,0,0,0,62.338,61.3098,9.84924,0,1,1.33167,1.33167,0,1.02874,1.90512,8.92034e+06,3.92621e+06,1.18789e+07,0,0,0,0
85.1408,85.1408,7.82253,0,0.02,2.93601,2.93601,0,0.550155,4.6872,4.29233e+06,2.93738e+06,1.26023e+07,0,0,0,0,62.338,61.3098,6.0267,0,1,1.3318,1.3318,0,1.02885,1.90512,8.92034e+06,3.92621e+06,1.18801e+07,0,0,0,0
85.1408,85.1408,9.25495,0,0.02,3.2227,3.2227,0,0.550209,4.6872,4.29233e+06,2.93738e+06,1.38329e+07,0,0,0,0,62.338,61.3098,12.465,0,1,1.48853,1.48853,0,1.02895,1.90512,8.92034e+06,3.92621e+06,1.32782e+07,0,0,0,0
85.1408,85.1408,18.5377,0,0.02,3.22301,3.22301,0,0.603934,4.6872,4.29233e+06,2.93738e+06,1.38342e+07,0,0,0,0,62.338,61.3098,21.4627,0,1,1.48868,1.48868,0,1.15004,1.90512,8.92034e+06,3.92621e+06,1.32795e+07,0,0,0,0
85.1408,85.1408,8.94151,0,0.02,3.22333,3.22333,0,0.603992,4.6872,4.29233e+06,2.93738e+06,1.38356e+07,0,0,0,0,62.338,61.3098,11.6307,0,1,1.48882,1.48882,0,1.15015,1.90512,8.92034e+06,3.92621e+06,1.32808e+07,0,0,0,0
85.1408,85.1408,6.24645,0,0.02,3.22364,3.22364,0,0.604051,4.6872,4.29233e+06,2.93738e+06,1.38369e+07,0,0,0,0,62.338,61.3098,9.59972,0,1,1.48897,1.48897,0,1.15026,1.90512,8.92034e+06,3.92621e+06,1.32821e+07,0,0,0,0
85.1408,85.1408,7.35173,0,0.02,2.8153,2.8153,0,0.60411,4.6872,4.29233e+06,2.93738e+06,1.20842e+07,0,0,0,0,62.338,61.3098,8.77633,0,1,1.27886,1.27886,0,1.15038,1.90512,8.92034e+06,3.92621e+06,1.14079e+07,0,0,0,0
85.1408,85.1408,7.35304,0,0.02,2.81557,2.81557,0,0.527587,4.6872,4.29233e+06,2.93738e+06,1.20854e+07,0,0,0,0,62.338,61.3098,7.13198,0,1,1.27899,1.27899,0,0.988049,1.90512,8.92034e+06,3.92621e+06,1.1409e+07,0,0,0,0
85.1408,85.1408,7.9225,0,0.02,2.81585,2.81585,0,0.527638,4.6872,4.29233e+06,2.93738e+06,1.20865e+07,0,0,0,0,62.338,61.3098,9.24466,0,1,1.27911,1.27911,0,0.988145,1.90512,8.92034e+06,3.92621e+06,1.14101e+07,0,0,0,0
85.1408,85.1408,14.0034,0,0.02,2.81612,2.81612,0,0.527689,4.6872,4.29233e+06,2.93738e+06,1.20877e+07,0,0,0,0,62.338,61.3098,12.826,0,1,1.27924,1.27924,0,0.988242,1.90512,8.92034e+06,3.92621e+06,1.14112e+07,0,0,0,0
85.1408,85.1408,9.37797,0,0.02,2.81639,2.81639,0,0.527741,4.6872,4.29233e+06,2.93738e+06,1.20889e+07,0,0,0,0,62.338,61.3098,9.57543,0,1,1.27936,1.27936,0,0.988338,1.90512,8.92034e+06,3.92621e+06,1.14123e+07,0,0,0,0
85.1408,85.1408,11.8706,0,0.02,2.91958,2.91958,0,0.527792,4.6872,4.29233e+06,2.93738e+06,1.25318e+07,0,0,0,0,62.338,61.3098,14.2286,0,1,1.33095,1.33095,0,0.988434,1.90512,8.92034e+06,3.92621e+06,1.18725e+07,0,0,0,0
85.1408,85.1408,9.27212,0,0.02,2.91987,2.91987,0,0.54713,4.6872,4.29233e+06,2.93738e+06,1.2533e+07,0,0,0,0,62.338,61.3098,11.6092,0,1,1.33107,1.33107,0,1.02829,1.90512,8.92034e+06,3.92621e+06,1.18736e+07,0,0,0,0
85.1408,85.1408,8.70602,0,0.02,2.92015,2.92015,0,0.547183,4.6872,4.29233e+06,2.93738e+06,1.25343e+07,0,0,0,0,62.338,61.3098,11.7007,0,1,1.3312,1.3312,0,1.02839,1.90512,8.92034e+06,3.92621e+06,1.18748e+07,0,0,0,0
85.1408,85.1408,8.25183,0,0.02,2.92044,2.92044,0,0.547236,4.6872,4.29233e+06,2.93738e+06,1.25355e+07,0,0,0,0,62.338,61.3098,11.1088,0,1,1.33133,1.33133,0,1.02849,1.90512,8.92034e+06,3.92621e+06,1.18759e+07,0,0,0,0
85.1408,85.1408,6.21084,0,0.02,2.88047,2.88047,0,0.54729,4.6872,4.29233e+06,2.93738e+06,1.23639e+07,0,0,0,0,62.338,61.3098,10.4995,0,1,1.31147,1.31147,0,1.02859,1.90512,8.92034e+06,3.92621e+06,1.16987e+07,0,0,0,0
85.1408,85.1408,5.51526,0,0.02,2.88075,2.88075,0,0.539799,4.6872,4.29233e+06,2.93738e+06,1.23651e+07,0,0,0,0,62.338,61.3098,9.25338,0,1,1.3116,1.3116,0,1.01324,1.90512,8.92034e+06,3.92621e+06,1.16999e+07,0,0,0,0
85.1408,85.1408,5.21177,0,0.02,2.88103,2.88103,0,0.539852,4.6872,4.29233e+06,2.93738e+06,1.23663e+07,0,0,0,0,62.338,61.3098,8.81868,0,1,1.31173,1.31173,0,1.01334,1.90512,8.92034e+06,3.92621e+06,1.1701e+07,0,0,0,0
85.1408,85.1408,5.73391,0,0.02,2.88131,2.88131,0,0.539904,4.6872,4.29233e+06,2.93738e+06,1.23675e+07,0,0,0,0,62.338,61.3098,10.2231,0,1,1.31185,1.31185,0,1.01344,1.90512,8.92034e+06,3.92621e+06,1.17022e+07,0,0,0,0
85.1408,85.1408,5.18602,0,0.02,3.01828,3.01828,0,0.539957,4.6872,4.29233e+06,2.93738e+06,1.29555e+07,0,0,0,0,62.338,61.3098,8.13654,0,1,1.38291,1.38291,0,1.01354,1.90512,8.92034e+06,3.92621e+06,1.23361e+07,0,0,0,0
85.1408,85.1408,4.77321,0,0.02,3.01858,3.01858,0,0.565626,4.6872,4.29233e+06,2.93738e+06,1.29567e+07,0,0,0,0,62.338,61.3098,7.02056,0,1,1.38305,1.38305,0,1.06844,1.90512,8.92034e+06,3.92621e+06,1.23373e+07,0,0,0,0
85.1408,85.1408,4.53653,0,0.02,3.01887,3.01887,0,0.565681,4.6872,4.29233e+06,2.93738e+06,1.2958e+07,0,0,0,0,62.338,61.3098,6.63756,0,1,1.38318,1.38318,0,1.06854,1.90512,8.92034e+06,3.92621e+06,1.23385e+07,0,0,0,0
85.1408,85.1408,4.30534,0,0.02,3.01916,3.01916,0,0.565736,4.6872,4.29233e+06,2.93738e+06,1.29593e+07,0,0,0,0,62.338,61.3098,6.42039,0,1,1.38332,1.38332,0,1.06865,1.90512,8.92034e+06,3.92621e+06,1.23397e+07,0,0,0,0
85.1408,85.1408,4.82349,0,0.02,3.01946,3.01946,0,0.565791,4.6872,4.29233e+06,2.93738e+06,1.29605e+07,0,0,0,0,62.338,61.3098,6.15024,0,1,1.38345,1.38345,0,1.06875,1.90512,8.92034e+06,3.92621e+06,1.23409e+07,0,0,0,0
85.1408,85.1408,6.091,0,0.02,2.99271,2.99271,0,0.565847,4.6872,4.29233e+06,2.93738e+06,1.28457e+07,0,0,0,0,62.338,61.3098,5.66298,0,1,1.42259,1.42259,0,1.06886,1.90512,8.92034e+06,3.92621e+06,1.269e+07,0,0,0,0
85.1408,85.1408,5.74049,0,0.02,2.993,2.993,0,0.560833,4.6872,4.29233e+06,2.93738e+06,1.28469e+07,0,0,0,0,62.338,61.3098,5.32214,0,1,1.42273,1.42273,0,1.09909,1.90512,8.92034e+06,3.92621e+06,1.26912e+07,0,0,0,0
85.1408,85.1408,5.35616,0,0.02,2.99329,2.99329,0,0.560888,4.6872,4.29233e+06,2.93738e+06,1.28482e+07,0,0,0,0,62.338,61.3098,4.99037,0,1,1.42287,1.42287,0,1.0992,1.90512,8.92034e+06,3.92621e+06,1.26925e+07,0,0,0,0
85.1408,85.1408,5.12103,0,0.02,2.99358,2.99358,0,0.560943,4.6872,4.29233e+06,2.93738e+06,1.28494e+07,0,0,0,0,62.338,61.3098,4.58365,0,1,1.42301,1.42301,0,1.09931,1.90512,8.92034e+06,3.92621e+06,1.26937e+07,0,0,0,0
85.1408,85.1408,4.5974,0,0.02,3.06374,3.06374,0,0.560997,4.6872,4.29233e+06,2.93738e+06,1.31506e+07,0,0,0,0,62.338,61.3098,4.10113,0,1,1.45792,1.45792,0,1.09942,1.90512,8.92034e+06,3.92621e+06,1.30051e+07,0,0,0,0
85.1408,85.1408,4.59174,0,0.02,3.06404,3.06404,0,0.574146,4.6872,4.29233e+06,2.93738e+06,1.31519e+07,0,0,0,0,62.338,61.3098,4.25471,0,1,1.45806,1.45806,0,1.12639,1.90512,8.92034e+06,3.92621e+06,1.30064e+07,0,0,0,0
85.1408,85.1408,4.25739,0,0.02,3.06434,3.06434,0,0.574202,4.6872,4.29233e+06,2.93738e+06,1.31532e+07,0,0,0,0,62.338,61.3098,4.1056,0,1,1.45821,1.45821,0,1.1265,1.90512,8.92034e+06,3.92621e+06,1.30077e+07,0,0,0,0
85.1408,85.1408,3.87645,0,0.02,3.06464,3.06464,0,0.574258,4.6872,4.29233e+06,2.93738e+06,1.31544e+07,0,0,0,0,62.338,61.3098,3.60478,0,1,1.45835,1.45835,0,1.12661,1.90512,8.92034e+06,3.92621e+06,1.30089e+07,0,0,0,0
85.1408,85.1408,4.32497,0,0.02,3.26963,3.26963,0,0.574313,4.6872,4.29233e+06,2.93738e+06,1.40343e+07,0,0,0,0,62.338,61.3098,4.51692,0,1,1.58406,1.58406,0,1.12672,1.90512,8.92034e+06,3.92621e+06,1.41303e+07,0,0,0,0
85.1408,85.1408,4.22197,0,0.02,3.26995,3.26995,0,0.612729,4.6872,4.29233e+06,2.93738e+06,1.40357e+07,0,0,0,0,62.338,61.3098,3.88887,0,1,1.58421,1.58421,0,1.22384,1.90512,8.92034e+06,3.92621e+06,1.41317e+07,0,0,0,0
85.1408,85.1408,3.55857,0,0.02,3.27027,3.27027,0,0.612789,4.6872,4.29233e+06,2.93738e+06,1.40371e+07,0,0,0,0,62.338,61.3098,3.42094,0,1,1.58437,1.58437,0,1.22396,1.90512,8.92034e+06,3.92621e+06,1.41331e+07,0,0,0,0
85.1408,85.1408,3.87619,0,0.02,3.27059,3.27059,0,0.612849,4.6872,4.29233e+06,2.93738e+06,1.40384e+07,0,0,0,0,62.338,61.3098,4.5433,0,1,1.58452,1.58452,0,1.22408,1.90512,8.92034e+06,3.92621e+06,1.41345e+07,0,0,0,0
85.1408,85.1408,3.72291,0,0.02,3.27091,3.27091,0,0.612908,4.6872,4.29233e+06,2.93738e+06,1.40398e+07,0,0,0,0,62.338,61.3098,4.25242,0,1,1.58468,1.58468,0,1.2242,1.90512,8.92034e+06,3.92621e+06,1.41358e+07,0,0,0,0
85.1408,85.1408,4.4738,0,0.02,3.17142,3.17142,0,0.612968,4.6872,4.29233e+06,2.93738e+06,1.36128e+07,0,0,0,0,62.338,61.3098,4.86977,0,1,1.50858,1.50858,0,1.22432,1.90512,8.92034e+06,3.92621e+06,1.3457e+07,0,0,0,0
85.1408,85.1408,4.3338,0,0.02,3.17173,3.17173,0,0.594323,4.6872,4.29233e+06,2.93738e+06,1.36141e+07,0,0,0,0,62.338,61.3098,4.7487,0,1,1.50872,1.50872,0,1.16553,1.90512,8.92034e+06,3.92621e+06,1.34583e+07,0,0,0,0
85.1408,85.1408,5.16425,0,0.02,3.17203,3.17203,0,0.594381,4.6872,4.29233e+06,2.93738e+06,1.36154e+07,0,0,0,0,62.338,61.3098,6.11887,0,1,1.50887,1.50887,0,1.16564,1.90512,8.92034e+06,3.92621e+06,1.34596e+07,0,0,0,0
85.1408,85.1408,5.29133,0,0.02,3.17234,3.17234,0,0.594439,4.6872,4.29233e+06,2.93738e+06,1.36167e+07,0,0,0,0,62.338,61.3098,4.81655,0,1,1.50902,1.50902,0,1.16575,1.90512,8.92034e+06,3.92621e+06,1.3461e+07,0,0,0,0
85.1408,85.1408,5.42739,0,0.02,3.0907,3.0907,0,0.594497,4.6872,4.29233e+06,2.93738e+06,1.32663e+07,0,0,0,0,62.338,61.3098,5.00888,0,1,1.43973,1.43973,0,1.16587,1.90512,8.92034e+06,3.92621e+06,1.28429e+07,0,0,0,0
85.0793,85.1408,3.48119,0,0.02,3.091,3.091,0,0.579196,4.6872,4.29233e+06,2.93738e+06,1.32676e+07,0,0,0,0,62.338,61.3098,3.48123,0,1,1.43987,1.43987,0,1.11233,1.90512,8.92034e+06,3.92621e+06,1.28441e+07,0,0,0,0
85.0572,85.1408,3.46803,0.01,0.02,3.0913,3.0913,0,0.579253,4.6872,4.29233e+06,2.93738e+06,1.32689e+07,0,0,0,0,62.338,61.3098,3.7706,0,1,1.44001,1.44001,0,1.11244,1.90512,8.92034e+06,3.92621e+06,1.28454e+07,0,0,0,0
85.1408,85.1408,4.38583,0.01,0.02,3.0916,3.0916,0,0.579309,4.6872,4.29233e+06,2.93738e+06,1.32702e+07,0,0,0,0,62.338,61.3098,4.72149,0,1,1.44015,1.44015,0,1.11255,1.90512,8.92034e+06,3.92621e+06,1.28466e+07,0,0,0,0
85.1408,85.1408,4.95891,0,0.02,2.85904,2.85904,0,0.579366,4.6872,4.29233e+06,2.93738e+06,1.2272e+07,0,0,0,0,62.338,61.3098,4.55282,0,1,1.29562,1.29562,0,1.11266,1.90512,8.92034e+06,3.92621e+06,1.15573e+07,0,0,0,0
85.1408,85.1408,5.62232,0,0.02,2.85932,2.85932,0,0.535785,4.6872,4.29233e+06,2.93738e+06,1.22732e+07,0,0,0,0,62.338,61.3098,3.90311,0,1,1.29574,1.29574,0,1.00099,1.90512,8.92034e+06,3.92621e+06,1.15585e+07,0,0,0,0
85.1408,85.1408,6.81725,0,0.02,2.8596,2.8596,0,0.535837,4.6872,4.29233e+06,2.93738e+06,1.22744e+07,0,0,0,0,62.338,61.3098,5.10882,0,1,1.29587,1.29587,0,1.00109,1.90512,8.92034e+06,3.92621e+06,1.15596e+07,0,0,0,0
85.1408,85.1408,5.45176,0,0.02,2.85988,2.85988,0,0.535889,4.6872,4.29233e+06,2.93738e+06,1.22756e+07,0,0,0,0,62.338,61.3098,4.48322,0,1,1.296,1.296,0,1.00119,1.90512,8.92034e+06,3.92621e+06,1.15607e+07,0,0,0,0
85.1408,85.1408,7.92092,0,0.02,2.86016,2.86016,0,0.535942,4.6872,4.29233e+06,2.93738e+06,1.22767e+07,0,0,0,0,62.338,61.3098,5.21057,0,1,1.29612,1.29612,0,1.00129,1.90512,8.92034e+06,3.92621e+06,1.15619e+07,0,0,0,0
84.5191,85.1408,2.6247,0,0.04,2.95004,2.95004,0,0.535994,4.6872,4.29233e+06,2.93738e+06,1.26625e+07,0,0,0,0,62.338,61.3098,2.1522,0,1,1.33816,1.33816,0,1.00138,1.90512,8.92034e+06,3.92621e+06,1.19368e+07,0,0,0,0
85.1408,85.1408,5.85283,0,0.04,2.95031,2.95031,0,0.552838,4.6872,4.29233e+06,2.93738e+06,1.26637e+07,0,0,0,0,62.338,61.3098,4.1333,0,1,1.33828,1.33828,0,1.03386,1.90512,8.92034e+06,3.92621e+06,1.19379e+07,0,0,0,0
85.1408,85.1408,7.66955,0,0.04,2.95058,2.95058,0,0.552888,4.6872,4.29233e+06,2.93738e+06,1.26649e+07,0,0,0,0,62.338,61.3098,7.71728,0,1,1.3384,1.3384,0,1.03396,1.90512,8.92034e+06,3.92621e+06,1.1939e+07,0,0,0,0
85.1408,85.1408,10.8941,0,0.04,2.95085,2.95085,0,0.552938,4.6872,4.29233e+06,2.93738e+06,1.2666e+07,0,0,0,0,62.338,61.3098,10.1625,0,1,1.33853,1.33853,0,1.03405,1.90512,8.92034e+06,3.92621e+06,1.19401e+07,0,0,0,0
85.1408,85.1408,5.78282,0,0.04,3.23896,3.23896,0,0.552989,4.6872,4.29233e+06,2.93738e+06,1.39027e+07,0,0,0,0,62.338,61.3098,5.80702,0,1,1.49604,1.49604,0,1.03414,1.90512,8.92034e+06,3.92621e+06,1.33452e+07,0,0,0,0
85.1408,85.1408,4.48403,0,0.04,3.23926,3.23926,0,0.606981,4.6872,4.29233e+06,2.93738e+06,1.3904e+07,0,0,0,0,62.338,61.3098,5.08361,0,1,1.49618,1.49618,0,1.15584,1.90512,8.92034e+06,3.92621e+06,1.33464e+07,0,0,0,0
85.1408,85.1408,4.9754,0,0.04,3.23955,3.23955,0,0.607037,4.6872,4.29233e+06,2.93738e+06,1.39052e+07,0,0,0,0,62.338,61.3098,5.02796,0,1,1.49632,1.49632,0,1.15595,1.90512,8.92034e+06,3.92621e+06,1.33476e+07,0,0,0,0
85.1408,85.1408,4.58884,0,0.04,3.23985,3.23985,0,0.607092,4.6872,4.29233e+06,2.93738e+06,1.39065e+07,0,0,0,0,62.338,61.3098,3.79645,0,1,1.49645,1.49645,0,1.15605,1.90512,8.92034e+06,3.92621e+06,1.33489e+07,0,0,0,0
85.1408,85.1408,3.8034,0,0.04,2.82943,2.82943,0,0.607147,4.6872,4.29233e+06,2.93738e+06,1.21449e+07,0,0,0,0,62.338,61.3098,3.63858,0,1,1.28528,1.28528,0,1.15616,1.90512,8.92034e+06,3.92621e+06,1.14652e+07,0,0,0,0
85.1408,85.1408,4.407,0,0.04,2.82969,2.82969,0,0.530236,4.6872,4.29233e+06,2.93738e+06,1.2146e+07,0,0,0,0,62.338,61.3098,5.15202,0,1,1.2854,1.2854,0,0.99301,1.90512,8.92034e+06,3.92621e+06,1.14662e+07,0,0,0,0
85.1408,85.1408,5.10976,0,0.04,2.82995,2.82995,0,0.530284,4.6872,4.29233e+06,2.93738e+06,1.21471e+07,0,0,0,0,62.338,61.3098,5.80792,0,1,1.28552,1.28552,0,0.993101,1.90512,8.92034e+06,3.92621e+06,1.14673e+07,0,0,0,0
85.1408,85.1408,6.97622,0,0.04,2.83021,2.83021,0,0.530332,4.6872,4.29233e+06,2.93738e+06,1.21482e+07,0,0,0,0,62.338,61.3098,5.69142,0,1,1.28563,1.28563,0,0.993191,1.90512,8.92034e+06,3.92621e+06,1.14683e+07,0,0,0,0
85.1408,85.1408,5.17499,0,0.04,2.83046,2.83046,0,0.530381,4.6872,4.29233e+06,2.93738e+06,1.21493e+07,0,0,0,0,62.338,61.3098,5.49432,0,1,1.28575,1.28575,0,0.993281,1.90512,8.92034e+06,3.92621e+06,1.14693e+07,0,0,0,0
85.1408,85.1408,4.46173,0,0.04,2.93415,2.93415,0,0.530429,4.6872,4.29233e+06,2.93738e+06,1.25943e+07,0,0,0,0,62.338,61.3098,4.12246,0,1,1.33759,1.33759,0,0.993372,1.90512,8.92034e+06,3.92621e+06,1.19317e+07,0,0,0,0
85.1408,85.1408,3.53097,0,0.04,2.93442,2.93442,0,0.54986,4.6872,4.29233e+06,2.93738e+06,1.25955e+07,0,0,0,0,62.338,61.3098,3.38192,0,1,1.33771,1.33771,0,1.03342,1.90512,8.92034e+06,3.92621e+06,1.19328e+07,0,0,0,0
85.1408,85.1408,3.46481,0,0.04,2.93468,2.93468,0,0.54991,4.6872,4.29233e+06,2.93738e+06,1.25966e+07,0,0,0,0,62.338,61.3098,3.21653,0,1,1.33783,1.33783,0,1.03351,1.90512,8.92034e+06,3.92621e+06,1.19339e+07,0,0,0,0
85.054,85.1408,3.23757,0,0.04,2.93495,2.93495,0,0.54996,4.6872,4.29233e+06,2.93738e+06,1.25978e+07,0,0,0,0,62.338,61.3098,3.01809,0,1,1.33795,1.33795,0,1.03361,1.90512,8.92034e+06,3.92621e+06,1.1935e+07,0,0,0,0
84.9242,85.1408,3.18332,0,0.04,2.89476,2.89476,0,0.55001,4.6872,4.29233e+06,2.93738e+06,1.24253e+07,0,0,0,0,62.338,61.3098,3.75721,0,1,1.31798,1.31798,0,1.0337,1.90512,8.92034e+06,3.92621e+06,1.17568e+07,0,0,0,0
84.583,85.1408,2.95324,0,0.04,2.89503,2.89503,0,0.542479,4.6872,4.29233e+06,2.93738e+06,1.24264e+07,0,0,0,0,62.338,61.3098,3.64181,0,1,1.3181,1.3181,0,1.01827,1.90512,8.92034e+06,3.92621e+06,1.17579e+07,0,0,0,0
84.1114,85.1408,2.73358,0,0.04,2.89529,2.89529,0,0.542528,4.6872,4.29233e+06,2.93738e+06,1.24275e+07,0,0,0,0,62.338,61.3098,3.355,0,1,1.31822,1.31822,0,1.01836,1.90512,8.92034e+06,3.92621e+06,1.1759e+07,0,0,0,0
83.5845,85.1408,2.66977,0,0.04,2.89556,2.89556,0,0.542578,4.6872,4.29233e+06,2.93738e+06,1.24287e+07,0,0,0,0,62.338,61.3098,3.81225,0,1,1.31834,1.31834,0,1.01846,1.90512,8.92034e+06,3.92621e+06,1.176e+07,0,0,0,0
82.9081,85.1408,2.60517,0,0.04,3.03319,3.03319,0,0.542627,4.6872,4.29233e+06,2.93738e+06,1.30194e+07,0,0,0,0,62.338,61.3098,3.53872,0,1,1.38974,1.38974,0,1.01855,1.90512,8.92034e+06,3.92621e+06,1.2397e+07,0,0,0,0
82.1116,85.1408,2.44243,0,0.04,3.03346,3.03346,0,0.568419,4.6872,4.29233e+06,2.93738e+06,1.30206e+07,0,0,0,0,62.338,61.3098,3.55189,0,1,1.38987,1.38987,0,1.07372,1.90512,8.92034e+06,3.92621e+06,1.23981e+07,0,0,0,0
81.2752,85.1408,2.39051,0,0.04,3.03374,3.03374,0,0.568471,4.6872,4.29233e+06,2.93738e+06,1.30218e+07,0,0,0,0,62.338,61.3098,3.58496,0,1,1.39,1.39,0,1.07381,1.90512,8.92034e+06,3.92621e+06,1.23992e+07,0,0,0,0
80.295,85.1408,2.23137,0,0.04,3.03402,3.03402,0,0.568523,4.6872,4.29233e+06,2.93738e+06,1.3023e+07,0,0,0,0,62.338,61.3098,3.31218,0,1,1.39012,1.39012,0,1.07391,1.90512,8.92034e+06,3.92621e+06,1.24004e+07,0,0,0,0
79.2882,85.1408,2.15565,0,0.04,3.03429,3.03429,0,0.568575,4.6872,4.29233e+06,2.93738e+06,1.30242e+07,0,0,0,0,62.338,61.3098,3.39359,0,1,1.39025,1.39025,0,1.07401,1.90512,8.92034e+06,3.92621e+06,1.24015e+07,0,0,0,0
78.5202,85.1408,2.35572,0,0.04,3.00739,3.00739,0,0.568627,4.6872,4.29233e+06,2.93738e+06,1.29087e+07,0,0,0,0,62.338,61.3098,3.84439,0,1,1.42957,1.42957,0,1.07411,1.90512,8.92034e+06,3.92621e+06,1.27523e+07,0,0,0,0
77.5592,85.1408,2.15658,0,0.04,3.00766,3.00766,0,0.563585,4.6872,4.29233e+06,2.93738e+06,1.29099e+07,0,0,0,0,62.338,61.3098,3.8397,0,1,1.4297,1.4297,0,1.10449,1.90512,8.92034e+06,3.92621e+06,1.27534e+07,0,0,0,0
76.4129,85.1408,1.95025,0,0.04,3.00794,3.00794,0,0.563636,4.6872,4.29233e+06,2.93738e+06,1.29111e+07,0,0,0,0,62.338,61.3098,3.4089,0,1,1.42983,1.42983,0,1.10459,1.90512,8.92034e+06,3.92621e+06,1.27546e+07,0,0,0,0
75.2151,85.1408,1.85216,0.01,0.04,3.00821,3.00821,0,0.563688,4.6872,4.29233e+06,2.93738e+06,1.29122e+07,0,0,0,0,62.338,61.3098,3.37799,0,1,1.42996,1.42996,0,1.10469,1.90512,8.92034e+06,3.92621e+06,1.27557e+07,0,0,0,0
73.9493,85.1408,1.83322,0.01,0.04,3.0787,3.0787,0,0.563739,4.6872,4.29233e+06,2.93738e+06,1.32148e+07,0,0,0,0,62.167,61.3098,3.0011,0,1,1.46504,1.46504,0,1.10479,1.90512,8.92034e+06,3.92621e+06,1.30686e+07,0,0,0,0
72.6962,85.1408,1.83443,0.01,0.04,3.07898,3.07898,0,0.576948,4.6872,4.29233e+06,2.93738e+06,1.3216e+07,0,0,0,0,61.9319,61.3098,3.00149,0,1,1.46517,1.46517,0,1.13189,1.90512,8.92034e+06,3.92621e+06,1.30698e+07,0,0,0,0
71.2551,85.1408,1.63047,0.01,0.04,3.07926,3.07926,0,0.577001,4.6872,4.29233e+06,2.93738e+06,1.32172e+07,0,0,0,0,61.6666,61.3098,2.79828,0,1,1.4653,1.4653,0,1.13199,1.90512,8.92034e+06,3.92621e+06,1.3071e+07,0,0,0,0
69.6854,85.1408,1.48438,0.01,0.04,3.07954,3.07954,0,0.577053,4.6872,4.29233e+06,2.93738e+06,1.32184e+07,0,0,0,0,61.3888,61.3098,2.63524,0,1,1.46544,1.46544,0,1.13209,1.90512,8.92034e+06,3.92621e+06,1.30722e+07,0,0,0,0
67.8253,85.1408,1.33613,0.01,0.04,3.28551,3.28551,0,0.577106,4.6872,4.29233e+06,2.93738e+06,1.41025e+07,0,0,0,0,60.9245,61.3098,2.41792,0,1,1.59175,1.59175,0,1.1322,1.90512,8.92034e+06,3.92621e+06,1.4199e+07,0,0,0,0
66.1904,85.1408,1.5906,0.04,0.04,3.28581,3.28581,0,0.615704,4.6872,4.29233e+06,2.93738e+06,1.41038e+07,0,0,0,0,60.4239,61.3098,2.45454,0,1,1.5919,1.5919,0,1.22979,1.90512,8.92034e+06,3.92621e+06,1.42002e+07,0,0,0,0
64.2803,85.1408,1.29622,0.04,0.04,3.28611,3.28611,0,0.61576,4.6872,4.29233e+06,2.93738e+06,1.41051e+07,0,0,0,0,59.8144,61.3098,1.7156,0,1,1.59204,1.59204,0,1.2299,1.90512,8.92034e+06,3.92621e+06,1.42015e+07,0,0,0,0
62.6833,85.1408,1.57995,0.05,0.04,3.28641,3.28641,0,0.615817,4.6872,4.29233e+06,2.93738e+06,1.41063e+07,0,0,0,0,59.4096,61.3098,3.19289,0,1,1.59219,1.59219,0,1.23001,1.90512,8.92034e+06,3.92621e+06,1.42028e+07,0,0,0,0
60.8169,85.1408,1.2755,0.04,0.04,3.28671,3.28671,0,0.615873,4.6872,4.29233e+06,2.93738e+06,1.41076e+07,0,0,0,0,58.9044,61.3098,2.21598,0,1,1.59233,1.59233,0,1.23012,1.90512,8.92034e+06,3.92621e+06,1.42041e+07,0,0,0,0
58.6909,85.1408,0.931959,0.04,0.04,3.18672,3.18672,0,0.615929,4.6872,4.29233e+06,2.93738e+06,1.36784e+07,0,0,0,0,58.5126,61.3098,2.17687,0,1,1.51586,1.51586,0,1.23023,1.90512,8.92034e+06,3.92621e+06,1.35219e+07,0,0,0,0
56.6703,85.1408,1.03173,0.07,0.04,3.16851,3.18701,0,0.59719,4.6872,4.29233e+06,2.93738e+06,1.36003e+07,0,0,0,0,58.1176,61.3098,1.98175,0,1,1.53449,1.51599,0,1.17115,1.90512,8.92034e+06,3.92621e+06,1.36882e+07,0,0,0,0
55.0054,85.1408,1.38116,0.07,0.04,3.16894,3.1873,0,0.593778,4.6872,4.29233e+06,2.93738e+06,1.36021e+07,0,0,0,0,57.8278,61.3098,2.58356,0,1,1.53449,1.51613,0,1.18555,1.90512,8.92034e+06,3.92621e+06,1.36882e+07,0,0,0,0
53.7084,85.1408,1.78526,0.06,0.04,3.16937,3.18759,0,0.593859,4.6872,4.29233e+06,2.93738e+06,1.3604e+07,0,0,0,0,57.7997,61.3098,3.87573,0,1,1.53449,1.51627,0,1.18555,1.90512,8.92034e+06,3.92621e+06,1.36882e+07,0,0,0,0
52.036,85.1408,1.33675,0.05,0.04,3.10553,3.10553,0,0.593939,4.6872,4.29233e+06,2.93738e+06,1.33299e+07,0,0,0,0,57.0031,61.3098,1.96884,0,1,1.44664,1.44664,0,1.18555,1.90512,8.92034e+06,3.92621e+06,1.29045e+07,0,0,0,0
50.0777,85.1408,0.947251,0.06,0.04,3.01809,3.10581,0,0.581976,4.6872,4.29233e+06,2.93738e+06,1.29547e+07,0,0,0,0,56.5391,61.3098,0.92994,0,1,1.53448,1.44677,0,1.11767,1.90512,8.92034e+06,3.92621e+06,1.36881e+07,0,0,0,0
48.4386,85.1408,1.25064,0.09,0.04,3.01851,3.10609,0,0.565591,4.6872,4.29233e+06,2.93738e+06,1.29564e+07,0,0,0,0,56.4268,61.3098,2.29581,0,1,1.53448,1.4469,0,1.18554,1.90512,8.92034e+06,3.92621e+06,1.36881e+07,0,0,0,0
48.8428,85.1408,3.40419,0.09,0.04,3.01892,3.10637,0,0.565669,4.6872,4.29233e+06,2.93738e+06,1.29582e+07,0,0,0,0,56.9675,61.3098,4.47122,0,1,1.53448,1.44703,0,1.18554,1.90512,8.92034e+06,3.92621e+06,1.36881e+07,0,0,0,0
48.7851,85.1408,2.74411,0.09,0.04,2.78537,2.87269,0,0.565746,4.6872,4.29233e+06,2.93738e+06,1.19557e+07,0,0,0,0,57.1425,61.3098,1.87296,0,1,1.38912,1.3018,0,1.18554,1.90512,8.92034e+06,3.92621e+06,1.23914e+07,0,0,0,0
50.0455,85.1408,3.9951,0.09,0.04,2.6404,2.87295,0,0.521979,4.6872,4.29233e+06,2.93738e+06,1.13335e+07,0,0,0,0,56.9057,61.3098,3.10786,0,1,1.53447,1.30192,0,1.07323,1.90512,8.92034e+06,3.92621e+06,1.3688e+07,0,0,0,0
50.034,85.1408,2.63315,0.09,0.04,2.64078,2.87321,0,0.494811,4.6872,4.29233e+06,2.93738e+06,1.13351e+07,0,0,0,0,56.629,61.3098,1.54089,0,1,1.53447,1.30204,0,1.18553,1.90512,8.92034e+06,3.92621e+06,1.3688e+07,0,0,0,0
51.3953,85.1408,4.08066,0.1,0.04,2.64116,2.87348,0,0.494883,4.6872,4.29233e+06,2.93738e+06,1.13367e+07,0,0,0,0,56.5224,61.3098,2.3291,0,1,1.53447,1.30216,0,1.18553,1.90512,8.92034e+06,3.92621e+06,1.3688e+07,0,0,0,0
51.9539,85.1408,3.37592,0.07,0.04,2.64154,2.87374,0,0.494954,4.6872,4.29233e+06,2.93738e+06,1.13384e+07,0,0,0,0,56.3541,61.3098,1.94007,0,1,1.53447,1.30228,0,1.18553,1.90512,8.92034e+06,3.92621e+06,1.3688e+07,0,0,0,0
55.2328,85.1408,6.17066,0.07,0.04,2.73195,2.96403,0,0.495025,4.6872,4.29233e+06,2.93738e+06,1.17264e+07,0,0,0,0,57.0232,61.3098,4.40386,0,1,1.57658,1.3445,0,1.18553,1.90512,8.92034e+06,3.92621e+06,1.40636e+07,0,0,0,0
60.983,85.1408,8.92352,0.07,0.04,2.77443,2.96428,0,0.511968,4.6872,4.29233e+06,2.93738e+06,1.19088e+07,0,0,0,0,58.3702,61.3098,5.81779,0,1,1.53447,1.34462,0,1.21807,1.90512,8.92034e+06,3.92621e+06,1.3688e+07,0,0,0,0
68.1296,85.1408,10.6076,0.04,0.04,2.96453,2.96453,0,0.519929,4.6872,4.29233e+06,2.93738e+06,1.27247e+07,0,0,0,0,61.6171,61.3098,9.40005,0,1,1.34473,1.34473,0,1.18553,1.90512,8.92034e+06,3.92621e+06,1.19955e+07,0,0,0,0
75.0504,85.1408,10.9364,0.01,0.04,2.96478,2.96478,0,0.555553,4.6872,4.29233e+06,2.93738e+06,1.27258e+07,0,0,0,0,62.338,61.3098,11.6967,0,1,1.34485,1.34485,0,1.03894,1.90512,8.92034e+06,3.92621e+06,1.19965e+07,0,0,0,0
79.5786,85.1408,8.49047,0.02,0.04,3.25424,3.25424,0,0.5556,4.6872,4.29233e+06,2.93738e+06,1.39683e+07,0,0,0,0,62.338,61.3098,9.91243,0,1,1.5031,1.5031,0,1.03903,1.90512,8.92034e+06,3.92621e+06,1.34082e+07,0,0,0,0
85.1408,85.1408,10.8039,0,0.04,3.25451,3.25451,0,0.609844,4.6872,4.29233e+06,2.93738e+06,1.39694e+07,0,0,0,0,62.338,61.3098,15.4209,0,1,1.50323,1.50323,0,1.16129,1.90512,8.92034e+06,3.92621e+06,1.34093e+07,0,0,0,0
85.1408,85.1408,10.5574,0,0.04,3.25479,3.25479,0,0.609896,4.6872,4.29233e+06,2.93738e+06,1.39706e+07,0,0,0,0,62.338,61.3098,15.7964,0,1,1.50335,1.50335,0,1.16139,1.90512,8.92034e+06,3.92621e+06,1.34104e+07,0,0,0,0
85.1408,85.1408,9.83519,0,0.04,3.25507,3.25507,0,0.609948,4.6872,4.29233e+06,2.93738e+06,1.39718e+07,0,0,0,0,62.338,61.3098,14.1863,0,1,1.50348,1.50348,0,1.16149,1.90512,8.92034e+06,3.92621e+06,1.34116e+07,0,0,0,0
85.1408,85.1408,7.07381,0,0.04,2.84271,2.84271,0,0.61,4.6872,4.29233e+06,2.93738e+06,1.22018e+07,0,0,0,0,62.338,61.3098,8.2031,0,1,1.29131,1.29131,0,1.16159,1.90512,8.92034e+06,3.92621e+06,1.1519e+07,0,0,0,0
85.1408,85.1408,5.10822,0,0.04,2.84295,2.84295,0,0.532723,4.6872,4.29233e+06,2.93738e+06,1.22029e+07,0,0,0,0,62.338,61.3098,6.11824,0,1,1.29142,1.29142,0,0.997669,1.90512,8.92034e+06,3.92621e+06,1.15199e+07,0,0,0,0
85.1408,85.1408,6.40829,0,0.04,2.84319,2.84319,0,0.532769,4.6872,4.29233e+06,2.93738e+06,1.22039e+07,0,0,0,0,62.338,61.3098,7.93969,0,1,1.29153,1.29153,0,0.997754,1.90512,8.92034e+06,3.92621e+06,1.15209e+07,0,0,0,0
85.1408,85.1408,8.71231,0,0.04,2.84343,2.84343,0,0.532814,4.6872,4.29233e+06,2.93738e+06,1.22049e+07,0,0,0,0,62.338,61.3098,10.726,0,1,1.29164,1.29164,0,0.997839,1.90512,8.92034e+06,3.92621e+06,1.15219e+07,0,0,0,0
85.1408,85.1408,7.92435,0,0.04,2.84367,2.84367,0,0.532859,4.6872,4.29233e+06,2.93738e+06,1.2206e+07,0,0,0,0,62.338,61.3098,9.11756,0,1,1.29175,1.29175,0,0.997923,1.90512,8.92034e+06,3.92621e+06,1.15229e+07,0,0,0,0
85.1408,85.1408,5.61975,0,0.04,2.94783,2.94783,0,0.532904,4.6872,4.29233e+06,2.93738e+06,1.2653e+07,0,0,0,0,62.338,61.3098,5.47194,0,1,1.34382,1.34382,0,0.998008,1.90512,8.92034e+06,3.92621e+06,1.19873e+07,0,0,0,0
85.1408,85.1408,4.089,0,0.04,2.94808,2.94808,0,0.552423,4.6872,4.29233e+06,2.93738e+06,1.26541e+07,0,0,0,0,62.338,61.3098,5.49622,0,1,1.34393,1.34393,0,1.03824,1.90512,8.92034e+06,3.92621e+06,1.19883e+07,0,0,0,0
85.1408,85.1408,3.74838,0,0.04,2.94833,2.94833,0,0.55247,4.6872,4.29233e+06,2.93738e+06,1.26552e+07,0,0,0,0,62.338,61.3098,5.67074,0,1,1.34405,1.34405,0,1.03832,1.90512,8.92034e+06,3.92621e+06,1.19894e+07,0,0,0,0
85.1408,85.1408,3.49939,0,0.04,2.94858,2.94858,0,0.552516,4.6872,4.29233e+06,2.93738e+06,1.26563e+07,0,0,0,0,62.338,61.3098,7.11193,0,1,1.34416,1.34416,0,1.03841,1.90512,8.92034e+06,3.92621e+06,1.19904e+07,0,0,0,0
85.1408,85.1408,3.41491,0,0.04,2.90819,2.90819,0,0.552563,4.6872,4.29233e+06,2.93738e+06,1.24829e+07,0,0,0,0,62.338,61.3098,5.55735,0,1,1.32409,1.32409,0,1.0385,1.90512,8.92034e+06,3.92621e+06,1.18113e+07,0,0,0,0
84.6187,85.1408,2.79819,0,0.04,2.90843,2.90843,0,0.544994,4.6872,4.29233e+06,2.93738e+06,1.2484e+07,0,0,0,0,62.338,61.3098,4.36518,0,1,1.3242,1.3242,0,1.02299,1.90512,8.92034e+06,3.92621e+06,1.18123e+07,0,0,0,0
83.9179,85.1408,2.53553,0,0.04,2.90868,2.90868,0,0.54504,4.6872,4.29233e+06,2.93738e+06,1.2485e+07,0,0,0,0,62.338,61.3098,3.83914,0,1,1.32432,1.32432,0,1.02308,1.90512,8.92034e+06,3.92621e+06,1.18133e+07,0,0,0,0
83.1809,85.1408,2.46106,0,0.04,2.90893,2.90893,0,0.545087,4.6872,4.29233e+06,2.93738e+06,1.24861e+07,0,0,0,0,62.338,61.3098,4.13039,0,1,1.32443,1.32443,0,1.02317,1.90512,8.92034e+06,3.92621e+06,1.18143e+07,0,0,0,0
82.2307,85.1408,2.34226,0,0.04,3.04718,3.04718,0,0.545133,4.6872,4.29233e+06,2.93738e+06,1.30795e+07,0,0,0,0,62.338,61.3098,3.73949,0,1,1.39615,1.39615,0,1.02325,1.90512,8.92034e+06,3.92621e+06,1.24541e+07,0,0,0,0
81.3591,85.1408,2.40131,0,0.04,3.04744,3.04744,0,0.571041,4.6872,4.29233e+06,2.93738e+06,1.30806e+07,0,0,0,0,62.338,61.3098,3.64258,0,1,1.39627,1.39627,0,1.07867,1.90512,8.92034e+06,3.92621e+06,1.24552e+07,0,0,0,0
80.4329,85.1408,2.32948,0,0.04,3.04769,3.04769,0,0.571089,4.6872,4.29233e+06,2.93738e+06,1.30817e+07,0,0,0,0,62.338,61.3098,3.32376,0,1,1.39639,1.39639,0,1.07876,1.90512,8.92034e+06,3.92621e+06,1.24563e+07,0,0,0,0
79.2579,85.1408,2.04454,0,0.04,3.04795,3.04795,0,0.571138,4.6872,4.29233e+06,2.93738e+06,1.30828e+07,0,0,0,0,62.338,61.3098,3.09793,0,1,1.39651,1.39651,0,1.07885,1.90512,8.92034e+06,3.92621e+06,1.24573e+07,0,0,0,0
78.0228,85.1408,1.93013,0,0.04,3.04821,3.04821,0,0.571186,4.6872,4.29233e+06,2.93738e+06,1.30839e+07,0,0,0,0,62.338,61.3098,2.95991,0,1,1.39663,1.39663,0,1.07894,1.90512,8.92034e+06,3.92621e+06,1.24584e+07,0,0,0,0
77.3569,85.1408,2.4473,0,0.04,3.02117,3.02117,0,0.571235,4.6872,4.29233e+06,2.93738e+06,1.29678e+07,0,0,0,0,62.338,61.3098,4.43564,0,1,1.43612,1.43612,0,1.07903,1.90512,8.92034e+06,3.92621e+06,1.28107e+07,0,0,0,0
76.4536,85.1408,2.25071,0,0.04,3.02142,3.02142,0,0.566167,4.6872,4.29233e+06,2.93738e+06,1.29689e+07,0,0,0,0,62.338,61.3098,4.14414,0,1,1.43624,1.43624,0,1.10955,1.90512,8.92034e+06,3.92621e+06,1.28118e+07,0,0,0,0
75.3247,85.1408,2.01244,0.01,0.04,3.02168,3.02168,0,0.566215,4.6872,4.29233e+06,2.93738e+06,1.29701e+07,0,0,0,0,62.338,61.3098,3.83817,0,1,1.43636,1.43636,0,1.10964,1.90512,8.92034e+06,3.92621e+06,1.28129e+07,0,0,0,0
74.093,85.1408,1.89136,0.01,0.04,3.02194,3.02194,0,0.566263,4.6872,4.29233e+06,2.93738e+06,1.29712e+07,0,0,0,0,62.338,61.3098,3.72177,0,1,1.43649,1.43649,0,1.10974,1.90512,8.92034e+06,3.92621e+06,1.28139e+07,0,0,0,0
72.75,85.1408,1.79224,0.01,0.04,3.09273,3.09273,0,0.566311,4.6872,4.29233e+06,2.93738e+06,1.3275e+07,0,0,0,0,62.338,61.3098,3.25243,0,1,1.47171,1.47171,0,1.10983,1.90512,8.92034e+06,3.92621e+06,1.31282e+07,0,0,0,0
71.6598,85.1408,2.06008,0.01,0.04,3.09299,3.09299,0,0.579577,4.6872,4.29233e+06,2.93738e+06,1.32761e+07,0,0,0,0,62.338,61.3098,3.80518,0,1,1.47184,1.47184,0,1.13705,1.90512,8.92034e+06,3.92621e+06,1.31293e+07,0,0,0,0
70.4079,85.1408,1.85846,0.01,0.04,3.09325,3.09325,0,0.579626,4.6872,4.29233e+06,2.93738e+06,1.32773e+07,0,0,0,0,62.338,61.3098,3.55915,0,1,1.47196,1.47196,0,1.13714,1.90512,8.92034e+06,3.92621e+06,1.31304e+07,0,0,0,0
69.0099,85.1408,1.69318,0.01,0.04,3.09351,3.09351,0,0.579675,4.6872,4.29233e+06,2.93738e+06,1.32784e+07,0,0,0,0,62.338,61.3098,3.12429,0,1,1.47209,1.47209,0,1.13724,1.90512,8.92034e+06,3.92621e+06,1.31315e+07,0,0,0,0
67.5851,85.1408,1.81587,0.02,0.04,3.3004,3.3004,0,0.579725,4.6872,4.29233e+06,2.93738e+06,1.41664e+07,0,0,0,0,62.338,61.3098,3.78521,0,1,1.59896,1.59896,0,1.13734,1.90512,8.92034e+06,3.92621e+06,1.42633e+07,0,0,0,0
66.0619,85.1408,1.69182,0.04,0.04,3.30068,3.30068,0,0.618494,4.6872,4.29233e+06,2.93738e+06,1.41676e+07,0,0,0,0,62.338,61.3098,3.40627,0,1,1.5991,1.5991,0,1.23536,1.90512,8.92034e+06,3.92621e+06,1.42645e+07,0,0,0,0
64.7078,85.1408,1.87805,0.04,0.04,3.30096,3.30096,0,0.618547,4.6872,4.29233e+06,2.93738e+06,1.41688e+07,0,0,0,0,62.338,61.3098,4.22171,0,1,1.59924,1.59924,0,1.23546,1.90512,8.92034e+06,3.92621e+06,1.42657e+07,0,0,0,0
63.0272,85.1408,1.53405,0.05,0.04,3.30124,3.30124,0,0.6186,4.6872,4.29233e+06,2.93738e+06,1.417e+07,0,0,0,0,62.338,61.3098,2.97953,0,1,1.59937,1.59937,0,1.23557,1.90512,8.92034e+06,3.92621e+06,1.42669e+07,0,0,0,0
61.7065,85.1408,1.86325,0.05,0.04,3.30152,3.30152,0,0.618652,4.6872,4.29233e+06,2.93738e+06,1.41712e+07,0,0,0,0,62.338,61.3098,5.41528,0,1,1.59951,1.59951,0,1.23567,1.90512,8.92034e+06,3.92621e+06,1.42681e+07,0,0,0,0
61.2408,85.1408,2.65926,0.04,0.04,3.20106,3.20106,0,0.618705,4.6872,4.29233e+06,2.93738e+06,1.374e+07,0,0,0,0,62.338,61.3098,3.73867,0,1,1.52268,1.52268,0,1.23578,1.90512,8.92034e+06,3.92621e+06,1.35828e+07,0,0,0,0
60.555,85.1408,2.41638,0.05,0.04,3.20133,3.20133,0,0.599878,4.6872,4.29233e+06,2.93738e+06,1.37412e+07,0,0,0,0,62.338,61.3098,6.02242,0,1,1.52281,1.52281,0,1.17642,1.90512,8.92034e+06,3.92621e+06,1.35839e+07,0,0,0,0
59.5783,85.1408,2.12207,0.03,0.04,3.2016,3.2016,0,0.599929,4.6872,4.29233e+06,2.93738e+06,1.37423e+07,0,0,0,0,62.338,61.3098,3.44952,0,1,1.52294,1.52294,0,1.17652,1.90512,8.92034e+06,3.92621e+06,1.35851e+07,0,0,0,0
58.5687,85.1408,2.05463,0.06,0.04,3.19046,3.20187,0,0.59998,4.6872,4.29233e+06,2.93738e+06,1.36945e+07,0,0,0,0,62.338,61.3098,3.16624,0,1,1.53448,1.52307,0,1.17662,1.90512,8.92034e+06,3.92621e+06,1.36881e+07,0,0,0,0
58.1775,85.1408,2.76532,0.06,0.04,3.10814,3.11943,0,0.597892,4.6872,4.29233e+06,2.93738e+06,1.33412e+07,0,0,0,0,62.338,61.3098,4.33782,0,1,1.4644,1.45311,0,1.18554,1.90512,8.92034e+06,3.92621e+06,1.30629e+07,0,0,0,0
57.7605,85.1408,2.65583,0.07,0.04,3.03845,3.11969,0,0.582465,4.6872,4.29233e+06,2.93738e+06,1.3042e+07,0,0,0,0,62.338,61.3098,3.615,0,1,1.53448,1.45324,0,1.13139,1.90512,8.92034e+06,3.92621e+06,1.3688e+07,0,0,0,0
58.7379,85.1408,4.17234,0.05,0.04,3.11996,3.11996,0,0.569406,4.6872,4.29233e+06,2.93738e+06,1.33919e+07,0,0,0,0,62.338,61.3098,6.66937,0,1,1.45336,1.45336,0,1.18554,1.90512,8.92034e+06,3.92621e+06,1.29645e+07,0,0,0,0
58.2968,85.1408,2.69166,0.05,0.04,3.12022,3.12022,0,0.58468,4.6872,4.29233e+06,2.93738e+06,1.3393e+07,0,0,0,0,62.338,61.3098,5.46616,0,1,1.45348,1.45348,0,1.12287,1.90512,8.92034e+06,3.92621e+06,1.29656e+07,0,0,0,0
59.6457,85.1408,4.54015,0.05,0.04,2.88548,2.88548,0,0.58473,4.6872,4.29233e+06,2.93738e+06,1.23854e+07,0,0,0,0,62.338,61.3098,5.86073,0,1,1.3076,1.3076,0,1.12296,1.90512,8.92034e+06,3.92621e+06,1.16642e+07,0,0,0,0
58.4123,85.1408,1.79977,0.03,0.04,2.88572,2.88572,0,0.540739,4.6872,4.29233e+06,2.93738e+06,1.23865e+07,0,0,0,0,62.338,61.3098,4.55388,0,1,1.30771,1.30771,0,1.01025,1.90512,8.92034e+06,3.92621e+06,1.16652e+07,0,0,0,0
59.0453,85.1408,3.49769,0.06,0.04,2.65932,2.88597,0,0.540785,4.6872,4.29233e+06,2.93738e+06,1.14147e+07,0,0,0,0,62.338,61.3098,3.0143,0,1,1.53446,1.30782,0,1.01034,1.90512,8.92034e+06,3.92621e+06,1.36879e+07,0,0,0,0
59.1237,85.1408,3.00929,0.07,0.04,2.65968,2.88621,0,0.498357,4.6872,4.29233e+06,2.93738e+06,1.14162e+07,0,0,0,0,62.338,61.3098,3.92645,0,1,1.53446,1.30793,0,1.18553,1.90512,8.92034e+06,3.92621e+06,1.36879e+07,0,0,0,0
59.9813,85.1408,3.89135,0.07,0.04,2.66004,2.88646,0,0.498424,4.6872,4.29233e+06,2.93738e+06,1.14178e+07,0,0,0,0,62.338,61.3098,10.9095,0,1,1.53446,1.30804,0,1.18553,1.90512,8.92034e+06,3.92621e+06,1.36879e+07,0,0,0,0
66.3363,85.1408,9.95904,0.05,0.04,2.97713,2.97713,0,0.498491,4.6872,4.29233e+06,2.93738e+06,1.27788e+07,0,0,0,0,62.338,61.3098,12.2926,0,1,1.35045,1.35045,0,1.18553,1.90512,8.92034e+06,3.92621e+06,1.20464e+07,0,0,0,0
70.8998,85.1408,8.26768,0.05,0.04,2.97737,2.97737,0,0.557914,4.6872,4.29233e+06,2.93738e+06,1.27798e+07,0,0,0,0,62.338,61.3098,9.74114,0,1,1.35055,1.35055,0,1.04336,1.90512,8.92034e+06,3.92621e+06,1.20474e+07,0,0,0,0
73.9355,85.1408,6.56144,0.02,0.04,2.9776,2.9776,0,0.557958,4.6872,4.29233e+06,2.93738e+06,1.27808e+07,0,0,0,0,62.338,61.3098,5.95681,0,1,1.35066,1.35066,0,1.04344,1.90512,8.92034e+06,3.92621e+06,1.20483e+07,0,0,0,0
76.7812,85.1408,6.41004,0.01,0.04,2.97784,2.97784,0,0.558003,4.6872,4.29233e+06,2.93738e+06,1.27819e+07,0,0,0,0,62.338,61.3098,6.05677,0,1,1.35077,1.35077,0,1.04352,1.90512,8.92034e+06,3.92621e+06,1.20493e+07,0,0,0,0
81.5386,85.1408,8.67692,0,0.04,3.26855,3.26855,0,0.558047,4.6872,4.29233e+06,2.93738e+06,1.40297e+07,0,0,0,0,62.338,61.3098,9.46887,0,1,1.50971,1.50971,0,1.0436,1.90512,8.92034e+06,3.92621e+06,1.34671e+07,0,0,0,0
85.1408,85.1408,11.6209,0,0.04,3.2688,3.2688,0,0.612525,4.6872,4.29233e+06,2.93738e+06,1.40308e+07,0,0,0,0,62.338,61.3098,11.3137,0,1,1.50983,1.50983,0,1.1664,1.90512,8.92034e+06,3.92621e+06,1.34682e+07,0,0,0,0
85.1408,85.1408,8.51131,0,0.04,3.26906,3.26906,0,0.612574,4.6872,4.29233e+06,2.93738e+06,1.40319e+07,0,0,0,0,62.338,61.3098,7.19858,0,1,1.50995,1.50995,0,1.16649,1.90512,8.92034e+06,3.92621e+06,1.34692e+07,0,0,0,0
85.1408,85.1408,7.90083,0,0.04,3.26932,3.26932,0,0.612622,4.6872,4.29233e+06,2.93738e+06,1.4033e+07,0,0,0,0,62.338,61.3098,6.64662,0,1,1.51007,1.51007,0,1.16658,1.90512,8.92034e+06,3.92621e+06,1.34703e+07,0,0,0,0
85.1408,85.1408,7.17209,0,0.04,2.85514,2.85514,0,0.612671,4.6872,4.29233e+06,2.93738e+06,1.22552e+07,0,0,0,0,62.338,61.3098,7.52695,0,1,1.29696,1.29696,0,1.16668,1.90512,8.92034e+06,3.92621e+06,1.15693e+07,0,0,0,0
85.1408,85.1408,6.23449,0,0.04,2.85536,2.85536,0,0.535053,4.6872,4.29233e+06,2.93738e+06,1.22562e+07,0,0,0,0,62.338,61.3098,9.578,0,1,1.29706,1.29706,0,1.00203,1.90512,8.92034e+06,3.92621e+06,1.15702e+07,0,0,0,0
85.1408,85.1408,6.39572,0,0.04,2.85559,2.85559,0,0.535095,4.6872,4.29233e+06,2.93738e+06,1.22571e+07,0,0,0,0,62.338,61.3098,9.94628,0,1,1.29717,1.29717,0,1.00211,1.90512,8.92034e+06,3.92621e+06,1.15712e+07,0,0,0,0
85.1408,85.1408,8.55407,0,0.04,2.85581,2.85581,0,0.535137,4.6872,4.29233e+06,2.93738e+06,1.22581e+07,0,0,0,0,62.338,61.3098,11.1359,0,1,1.29727,1.29727,0,1.00219,1.90512,8.92034e+06,3.92621e+06,1.15721e+07,0,0,0,0
85.1408,85.1408,9.54705,0,0.04,2.85604,2.85604,0,0.53518,4.6872,4.29233e+06,2.93738e+06,1.22591e+07,0,0,0,0,62.338,61.3098,11.597,0,1,1.29737,1.29737,0,1.00227,1.90512,8.92034e+06,3.92621e+06,1.1573e+07,0,0,0,0
85.1408,85.1408,7.16933,0,0.04,2.96063,2.96063,0,0.535222,4.6872,4.29233e+06,2.93738e+06,1.2708e+07,0,0,0,0,62.338,61.3098,12.5895,0,1,1.34966,1.34966,0,1.00235,1.90512,8.92034e+06,3.92621e+06,1.20394e+07,0,0,0,0
85.1408,85.1408,6.81055,0,0.04,2.96086,2.96086,0,0.554822,4.6872,4.29233e+06,2.93738e+06,1.2709e+07,0,0,0,0,62.338,61.3098,11.392,0,1,1.34976,1.34976,0,1.04274,1.90512,8.92034e+06,3.92621e+06,1.20403e+07,0,0,0,0
85.1408,85.1408,9.40664,0,0.04,2.96109,2.96109,0,0.554865,4.6872,4.29233e+06,2.93738e+06,1.271e+07,0,0,0,0,62.338,61.3098,19.8347,0,1,1.34987,1.34987,0,1.04283,1.90512,8.92034e+06,3.92621e+06,1.20413e+07,0,0,0,0
85.1408,85.1408,6.87587,0,0.04,2.96133,2.96133,0,0.554909,4.6872,4.29233e+06,2.93738e+06,1.2711e+07,0,0,0,0,62.338,61.3098,13.1924,0,1,1.34998,1.34998,0,1.04291,1.90512,8.92034e+06,3.92621e+06,1.20422e+07,0,0,0,0
85.1408,85.1408,6.11008,0,0.04,2.92074,2.92074,0,0.554953,4.6872,4.29233e+06,2.93738e+06,1.25368e+07,0,0,0,0,62.338,61.3098,8.44982,0,1,1.32981,1.32981,0,1.04299,1.90512,8.92034e+06,3.92621e+06,1.18623e+07,0,0,0,0
85.1408,85.1408,4.65962,0,0.04,2.92098,2.92098,0,0.547348,4.6872,4.29233e+06,2.93738e+06,1.25378e+07,0,0,0,0,62.338,61.3098,7.26547,0,1,1.32991,1.32991,0,1.02741,1.90512,8.92034e+06,3.92621e+06,1.18633e+07,0,0,0,0
85.1408,85.1408,6.02065,0,0.04,2.92121,2.92121,0,0.547391,4.6872,4.29233e+06,2.93738e+06,1.25388e+07,0,0,0,0,62.338,61.3098,8.54179,0,1,1.33002,1.33002,0,1.02749,1.90512,8.92034e+06,3.92621e+06,1.18642e+07,0,0,0,0
85.1408,85.1408,4.75832,0,0.04,2.92144,2.92144,0,0.547434,4.6872,4.29233e+06,2.93738e+06,1.25398e+07,0,0,0,0,62.338,61.3098,8.09719,0,1,1.33012,1.33012,0,1.02757,1.90512,8.92034e+06,3.92621e+06,1.18651e+07,0,0,0,0
85.1408,85.1408,4.3665,0,0.04,3.06026,3.06026,0,0.547477,4.6872,4.29233e+06,2.93738e+06,1.31357e+07,0,0,0,0,62.338,61.3098,7.47729,0,1,1.40215,1.40215,0,1.02765,1.90512,8.92034e+06,3.92621e+06,1.25076e+07,0,0,0,0
85.1408,85.1408,4.37824,0,0.04,3.0605,3.0605,0,0.573493,4.6872,4.29233e+06,2.93738e+06,1.31367e+07,0,0,0,0,62.338,61.3098,7.39876,0,1,1.40226,1.40226,0,1.0833,1.90512,8.92034e+06,3.92621e+06,1.25086e+07,0,0,0,0
85.1408,85.1408,4.0131,0,0.04,3.06075,3.06075,0,0.573538,4.6872,4.29233e+06,2.93738e+06,1.31377e+07,0,0,0,0,62.338,61.3098,5.86265,0,1,1.40237,1.40237,0,1.08338,1.90512,8.92034e+06,3.92621e+06,1.25096e+07,0,0,0,0
85.1408,85.1408,3.89997,0,0.04,3.06099,3.06099,0,0.573584,4.6872,4.29233e+06,2.93738e+06,1.31388e+07,0,0,0,0,62.338,61.3098,8.43903,0,1,1.40248,1.40248,0,1.08347,1.90512,8.92034e+06,3.92621e+06,1.25106e+07,0,0,0,0
85.1408,85.1408,3.63414,0,0.04,3.06123,3.06123,0,0.573629,4.6872,4.29233e+06,2.93738e+06,1.31398e+07,0,0,0,0,62.338,61.3098,5.76012,0,1,1.40259,1.40259,0,1.08356,1.90512,8.92034e+06,3.92621e+06,1.25116e+07,0,0,0,0
85.1408,85.1408,4.11583,0,0.04,3.03405,3.03405,0,0.573674,4.6872,4.29233e+06,2.93738e+06,1.30231e+07,0,0,0,0,62.338,61.3098,6.41916,0,1,1.44224,1.44224,0,1.08364,1.90512,8.92034e+06,3.92621e+06,1.28653e+07,0,0,0,0
85.1408,85.1408,3.97169,0,0.04,3.03429,3.03429,0,0.568581,4.6872,4.29233e+06,2.93738e+06,1.30242e+07,0,0,0,0,62.338,61.3098,6.5973,0,1,1.44236,1.44236,0,1.11428,1.90512,8.92034e+06,3.92621e+06,1.28663e+07,0,0,0,0
85.1408,85.1408,3.67967,0,0.04,3.03453,3.03453,0,0.568626,4.6872,4.29233e+06,2.93738e+06,1.30252e+07,0,0,0,0,62.338,61.3098,6.37675,0,1,1.44247,1.44247,0,1.11437,1.90512,8.92034e+06,3.92621e+06,1.28673e+07,0,0,0,0
85.1408,85.1408,3.42133,0,0.04,3.03477,3.03477,0,0.568671,4.6872,4.29233e+06,2.93738e+06,1.30262e+07,0,0,0,0,62.338,61.3098,6.62437,0,1,1.44259,1.44259,0,1.11445,1.90512,8.92034e+06,3.92621e+06,1.28684e+07,0,0,0,0
84.8771,85.1408,2.99723,0,0.04,3.10584,3.10584,0,0.568716,4.6872,4.29233e+06,2.93738e+06,1.33313e+07,0,0,0,0,62.338,61.3098,5.44315,0,1,1.47795,1.47795,0,1.11454,1.90512,8.92034e+06,3.92621e+06,1.31838e+07,0,0,0,0
84.2523,85.1408,2.64755,0,0.04,3.10609,3.10609,0,0.582034,4.6872,4.29233e+06,2.93738e+06,1.33323e+07,0,0,0,0,62.338,61.3098,4.52419,0,1,1.47807,1.47807,0,1.14187,1.90512,8.92034e+06,3.92621e+06,1.31849e+07,0,0,0,0
83.4661,85.1408,2.44121,0,0.04,3.10633,3.10633,0,0.58208,4.6872,4.29233e+06,2.93738e+06,1.33334e+07,0,0,0,0,62.338,61.3098,4.35804,0,1,1.47819,1.47819,0,1.14196,1.90512,8.92034e+06,3.92621e+06,1.31859e+07,0,0,0,0
82.4782,85.1408,2.22206,0.01,0.04,3.10658,3.10658,0,0.582126,4.6872,4.29233e+06,2.93738e+06,1.33344e+07,0,0,0,0,62.338,61.3098,3.76631,0,1,1.4783,1.4783,0,1.14205,1.90512,8.92034e+06,3.92621e+06,1.3187e+07,0,0,0,0
81.604,85.1408,2.49919,0.01,0.04,3.31431,3.31431,0,0.582172,4.6872,4.29233e+06,2.93738e+06,1.42261e+07,0,0,0,0,62.338,61.3098,4.97315,0,1,1.60571,1.60571,0,1.14214,1.90512,8.92034e+06,3.92621e+06,1.43234e+07,0,0,0,0
80.9747,85.1408,2.7857,0.01,0.04,3.31457,3.31457,0,0.621102,4.6872,4.29233e+06,2.93738e+06,1.42272e+07,0,0,0,0,62.338,61.3098,3.66039,0,1,1.60583,1.60583,0,1.24057,1.90512,8.92034e+06,3.92621e+06,1.43246e+07,0,0,0,0
80.1926,85.1408,2.62122,0.01,0.04,3.31484,3.31484,0,0.621151,4.6872,4.29233e+06,2.93738e+06,1.42284e+07,0,0,0,0,62.338,61.3098,4.9767,0,1,1.60596,1.60596,0,1.24067,1.90512,8.92034e+06,3.92621e+06,1.43257e+07,0,0,0,0
79.2758,85.1408,2.48372,0.01,0.04,3.3151,3.3151,0,0.6212,4.6872,4.29233e+06,2.93738e+06,1.42295e+07,0,0,0,0,62.338,61.3098,5.16402,0,1,1.60609,1.60609,0,1.24076,1.90512,8.92034e+06,3.92621e+06,1.43268e+07,0,0,0,0
78.3166,85.1408,2.4257,0.01,0.04,3.31536,3.31536,0,0.621249,4.6872,4.29233e+06,2.93738e+06,1.42306e+07,0,0,0,0,62.338,61.3098,5.12851,0,1,1.60621,1.60621,0,1.24086,1.90512,8.92034e+06,3.92621e+06,1.4328e+07,0,0,0,0
77.4165,85.1408,2.33936,0.01,0.04,3.21446,3.21446,0,0.621298,4.6872,4.29233e+06,2.93738e+06,1.37975e+07,0,0,0,0,62.338,61.3098,5.82157,0,1,1.52905,1.52905,0,1.24096,1.90512,8.92034e+06,3.92621e+06,1.36397e+07,0,0,0,0
76.2515,85.1408,2.14354,0.01,0.04,3.21471,3.21471,0,0.602389,4.6872,4.29233e+06,2.93738e+06,1.37986e+07,0,0,0,0,62.338,61.3098,6.4298,0,1,1.52917,1.52917,0,1.18135,1.90512,8.92034e+06,3.92621e+06,1.36407e+07,0,0,0,0
75.3572,85.1408,2.44128,0.03,0.04,3.21497,3.21497,0,0.602437,4.6872,4.29233e+06,2.93738e+06,1.37997e+07,0,0,0,0,62.338,61.3098,8.08245,0,1,1.52929,1.52929,0,1.18144,1.90512,8.92034e+06,3.92621e+06,1.36418e+07,0,0,0,0
74.3729,85.1408,2.39459,0.03,0.04,3.21522,3.21522,0,0.602484,4.6872,4.29233e+06,2.93738e+06,1.38008e+07,0,0,0,0,62.338,61.3098,7.87365,0,1,1.52941,1.52941,0,1.18153,1.90512,8.92034e+06,3.92621e+06,1.36429e+07,0,0,0,0
74.1175,85.1408,3.21898,0.03,0.04,3.13241,3.13241,0,0.602532,4.6872,4.29233e+06,2.93738e+06,1.34453e+07,0,0,0,0,62.338,61.3098,9.65974,0,1,1.45916,1.45916,0,1.18163,1.90512,8.92034e+06,3.92621e+06,1.30162e+07,0,0,0,0
75.9428,85.1408,5.52731,0.03,0.04,3.13266,3.13266,0,0.587014,4.6872,4.29233e+06,2.93738e+06,1.34464e+07,0,0,0,0,62.338,61.3098,12.2379,0,1,1.45928,1.45928,0,1.12735,1.90512,8.92034e+06,3.92621e+06,1.30172e+07,0,0,0,0
77.0617,85.1408,4.75661,0.03,0.04,3.1329,3.1329,0,0.58706,4.6872,4.29233e+06,2.93738e+06,1.34475e+07,0,0,0,0,62.338,61.3098,8.97961,0,1,1.45939,1.45939,0,1.12744,1.90512,8.92034e+06,3.92621e+06,1.30183e+07,0,0,0,0
76.7246,85.1408,3.10906,0.01,0.04,3.13315,3.13315,0,0.587106,4.6872,4.29233e+06,2.93738e+06,1.34485e+07,0,0,0,0,62.338,61.3098,6.93557,0,1,1.45951,1.45951,0,1.12753,1.90512,8.92034e+06,3.92621e+06,1.30193e+07,0,0,0,0
77.7841,85.1408,4.39422,0.01,0.04,2.89742,2.89742,0,0.587153,4.6872,4.29233e+06,2.93738e+06,1.24367e+07,0,0,0,0,62.338,61.3098,10.0562,0,1,1.31301,1.31301,0,1.12761,1.90512,8.92034e+06,3.92621e+06,1.17125e+07,0,0,0,0
79.3298,85.1408,4.82515,0,0.04,2.89765,2.89765,0,0.542976,4.6872,4.29233e+06,2.93738e+06,1.24377e+07,0,0,0,0,62.338,61.3098,7.5835,0,1,1.31311,1.31311,0,1.01443,1.90512,8.92034e+06,3.92621e+06,1.17134e+07,0,0,0,0
82.6303,85.1408,6.9285,0,0.04,2.89788,2.89788,0,0.543019,4.6872,4.29233e+06,2.93738e+06,1.24386e+07,0,0,0,0,62.338,61.3098,9.64339,0,1,1.31322,1.31322,0,1.01451,1.90512,8.92034e+06,3.92621e+06,1.17143e+07,0,0,0,0
85.1408,85.1408,6.94248,0,0.04,2.8981,2.8981,0,0.543062,4.6872,4.29233e+06,2.93738e+06,1.24396e+07,0,0,0,0,62.338,61.3098,9.60069,0,1,1.31332,1.31332,0,1.01459,1.90512,8.92034e+06,3.92621e+06,1.17152e+07,0,0,0,0
85.1408,85.1408,7.53785,0,0.04,2.89833,2.89833,0,0.543105,4.6872,4.29233e+06,2.93738e+06,1.24406e+07,0,0,0,0,62.338,61.3098,8.22746,0,1,1.31342,1.31342,0,1.01467,1.90512,8.92034e+06,3.92621e+06,1.17162e+07,0,0,0,0
85.1408,85.1408,7.92703,0,0.04,2.89833,2.89833,0,0.543148,4.6872,4.29233e+06,2.93738e+06,1.24406e+07,0,0,0,0,62.338,61.3098,10.1105,0,1,1.31342,1.31342,0,1.01475,1.90512,8.92034e+06,3.92621e+06,1.17162e+07,0,0,0,0
85.1408,85.1408,7.85312,0,0.04,2.98936,2.98936,0,0.543148,4.6872,4.29233e+06,2.93738e+06,1.28313e+07,0,0,0,0,62.338,61.3098,9.84817,0,1,1.356,1.356,0,1.01475,1.90512,8.92034e+06,3.92621e+06,1.20959e+07,0,0,0,0
85.1408,85.1408,7.67998,0,0.04,2.98958,2.98958,0,0.560206,4.6872,4.29233e+06,2.93738e+06,1.28323e+07,0,0,0,0,62.338,61.3098,10.2799,0,1,1.35609,1.35609,0,1.04764,1.90512,8.92034e+06,3.92621e+06,1.20968e+07,0,0,0,0
85.1408,85.1408,7.64247,0,0.04,2.9898,2.9898,0,0.560247,4.6872,4.29233e+06,2.93738e+06,1.28332e+07,0,0,0,0,62.338,61.3098,12.3361,0,1,1.35619,1.35619,0,1.04772,1.90512,8.92034e+06,3.92621e+06,1.20977e+07,0,0,0,0
85.1408,85.1408,8.45888,0,0.04,2.99002,2.99002,0,0.560288,4.6872,4.29233e+06,2.93738e+06,1.28341e+07,0,0,0,0,62.338,61.3098,8.62636,0,1,1.35629,1.35629,0,1.04779,1.90512,8.92034e+06,3.92621e+06,1.20986e+07,0,0,0,0
85.1408,85.1408,7.54286,0,0.04,3.2819,3.2819,0,0.560329,4.6872,4.29233e+06,2.93738e+06,1.4087e+07,0,0,0,0,62.338,61.3098,8.71825,0,1,1.51587,1.51587,0,1.04787,1.90512,8.92034e+06,3.92621e+06,1.35221e+07,0,0,0,0
85.1408,85.1408,7.13058,0,0.04,3.28213,3.28213,0,0.615027,4.6872,4.29233e+06,2.93738e+06,1.4088e+07,0,0,0,0,62.338,61.3098,9.62848,0,1,1.51598,1.51598,0,1.17116,1.90512,8.92034e+06,3.92621e+06,1.35231e+07,0,0,0,0
85.1408,85.1408,6.73389,0,0.04,3.28237,3.28237,0,0.615072,4.6872,4.29233e+06,2.93738e+06,1.4089e+07,0,0,0,0,62.338,61.3098,7.91617,0,1,1.5161,1.5161,0,1.17125,1.90512,8.92034e+06,3.92621e+06,1.35241e+07,0,0,0,0
85.1408,85.1408,12.4283,0,0.04,3.28261,3.28261,0,0.615117,4.6872,4.29233e+06,2.93738e+06,1.40901e+07,0,0,0,0,62.338,61.3098,16.0828,0,1,1.51621,1.51621,0,1.17134,1.90512,8.92034e+06,3.92621e+06,1.35251e+07,0,0,0,0
85.1408,85.1408,9.89464,0,0.04,2.86673,2.86673,0,0.615162,4.6872,4.29233e+06,2.93738e+06,1.2305e+07,0,0,0,0,62.338,61.3098,9.18297,0,1,1.30223,1.30223,0,1.17142,1.90512,8.92034e+06,3.92621e+06,1.16163e+07,0,0,0,0
85.1408,85.1408,13.5193,0,0.04,2.86694,2.86694,0,0.537225,4.6872,4.29233e+06,2.93738e+06,1.23059e+07,0,0,0,0,62.338,61.3098,14.7756,0,1,1.30232,1.30232,0,1.0061,1.90512,8.92034e+06,3.92621e+06,1.16171e+07,0,0,0,0
85.1408,85.1408,17.7088,0,0.04,2.86715,2.86715,0,0.537265,4.6872,4.29233e+06,2.93738e+06,1.23068e+07,0,0,0,0,62.338,61.3098,18.3249,0,1,1.30242,1.30242,0,1.00617,1.90512,8.92034e+06,3.92621e+06,1.1618e+07,0,0,0,0
85.1408,85.1408,11.2496,0,0.04,2.86736,2.86736,0,0.537304,4.6872,4.29233e+06,2.93738e+06,1.23077e+07,0,0,0,0,62.338,61.3098,8.22324,0,1,1.30251,1.30251,0,1.00625,1.90512,8.92034e+06,3.92621e+06,1.16188e+07,0,0,0,0
85.1408,85.1408,12.6441,0,0.04,2.86757,2.86757,0,0.537343,4.6872,4.29233e+06,2.93738e+06,1.23086e+07,0,0,0,0,62.338,61.3098,14.3049,0,1,1.30261,1.30261,0,1.00632,1.90512,8.92034e+06,3.92621e+06,1.16197e+07,0,0,0,0
85.1408,85.1408,10.8507,0,0.04,2.97256,2.97256,0,0.537382,4.6872,4.29233e+06,2.93738e+06,1.27592e+07,0,0,0,0,62.338,61.3098,15.4275,0,1,1.3551,1.3551,0,1.00639,1.90512,8.92034e+06,3.92621e+06,1.20879e+07,0,0,0,0
85.1408,85.1408,9.96087,0,0.04,2.97278,2.97278,0,0.557058,4.6872,4.29233e+06,2.93738e+06,1.27601e+07,0,0,0,0,62.338,61.3098,15.6332,0,1,1.35519,1.35519,0,1.04695,1.90512,8.92034e+06,3.92621e+06,1.20888e+07,0,0,0,0
85.1408,85.1408,9.05247,0,0.04,2.973,2.973,0,0.557099,4.6872,4.29233e+06,2.93738e+06,1.27611e+07,0,0,0,0,62.338,61.3098,15.2474,0,1,1.35529,1.35529,0,1.04702,1.90512,8.92034e+06,3.92621e+06,1.20897e+07,0,0,0,0
85.1408,85.1408,8.55849,0,0.04,2.97321,2.97321,0,0.557139,4.6872,4.29233e+06,2.93738e+06,1.2762e+07,0,0,0,0,62.338,61.3098,12.6106,0,1,1.35539,1.35539,0,1.0471,1.90512,8.92034e+06,3.92621e+06,1.20906e+07,0,0,0,0
85.1408,85.1408,6.72195,0,0.04,2.93245,2.93245,0,0.55718,4.6872,4.29233e+06,2.93738e+06,1.2587e+07,0,0,0,0,62.338,61.3098,8.5133,0,1,1.33514,1.33514,0,1.04718,1.90512,8.92034e+06,3.92621e+06,1.19099e+07,0,0,0,0
85.1408,85.1408,6.4382,0,0.04,2.93266,2.93266,0,0.549541,4.6872,4.29233e+06,2.93738e+06,1.2588e+07,0,0,0,0,62.338,61.3098,8.34537,0,1,1.33523,1.33523,0,1.03153,1.90512,8.92034e+06,3.92621e+06,1.19107e+07,0,0,0,0
85.1408,85.1408,6.02143,0,0.04,2.93288,2.93288,0,0.549581,4.6872,4.29233e+06,2.93738e+06,1.25889e+07,0,0,0,0,62.338,61.3098,8.40947,0,1,1.33533,1.33533,0,1.0316,1.90512,8.92034e+06,3.92621e+06,1.19116e+07,0,0,0,0
85.1408,85.1408,5.62216,0,0.04,2.93309,2.93309,0,0.549621,4.6872,4.29233e+06,2.93738e+06,1.25898e+07,0,0,0,0,62.338,61.3098,7.87943,0,1,1.33543,1.33543,0,1.03168,1.90512,8.92034e+06,3.92621e+06,1.19125e+07,0,0,0,0
85.1408,85.1408,5.66236,0,0.04,3.07245,3.07245,0,0.549661,4.6872,4.29233e+06,2.93738e+06,1.3188e+07,0,0,0,0,62.338,61.3098,7.06706,0,1,1.40773,1.40773,0,1.03175,1.90512,8.92034e+06,3.92621e+06,1.25574e+07,0,0,0,0
85.1408,85.1408,5.19036,0,0.04,3.07268,3.07268,0,0.575778,4.6872,4.29233e+06,2.93738e+06,1.31889e+07,0,0,0,0,62.338,61.3098,6.2544,0,1,1.40784,1.40784,0,1.08761,1.90512,8.92034e+06,3.92621e+06,1.25584e+07,0,0,0,0
85.1408,85.1408,4.97471,0,0.04,3.0729,3.0729,0,0.57582,4.6872,4.29233e+06,2.93738e+06,1.31899e+07,0,0,0,0,62.338,61.3098,6.24266,0,1,1.40794,1.40794,0,1.08769,1.90512,8.92034e+06,3.92621e+06,1.25593e+07,0,0,0,0
85.1408,85.1408,4.72369,0,0.04,3.07313,3.07313,0,0.575862,4.6872,4.29233e+06,2.93738e+06,1.31909e+07,0,0,0,0,62.338,61.3098,6.51996,0,1,1.40804,1.40804,0,1.08777,1.90512,8.92034e+06,3.92621e+06,1.25602e+07,0,0,0,0
85.1408,85.1408,5.00033,0,0.04,3.07335,3.07335,0,0.575904,4.6872,4.29233e+06,2.93738e+06,1.31918e+07,0,0,0,0,62.338,61.3098,5.46956,0,1,1.40814,1.40814,0,1.08785,1.90512,8.92034e+06,3.92621e+06,1.25611e+07,0,0,0,0
85.1408,85.1408,4.94866,0,0.04,3.04605,3.04605,0,0.575946,4.6872,4.29233e+06,2.93738e+06,1.30746e+07,0,0,0,0,62.338,61.3098,4.96625,0,1,1.44795,1.44795,0,1.08793,1.90512,8.92034e+06,3.92621e+06,1.29162e+07,0,0,0,0
85.1408,85.1408,4.69531,0,0.04,3.04627,3.04627,0,0.570829,4.6872,4.29233e+06,2.93738e+06,1.30756e+07,0,0,0,0,62.338,61.3098,4.80332,0,1,1.44805,1.44805,0,1.11868,1.90512,8.92034e+06,3.92621e+06,1.29171e+07,0,0,0,0
85.1408,85.1408,4.37203,0,0.04,3.04649,3.04649,0,0.570871,4.6872,4.29233e+06,2.93738e+06,1.30765e+07,0,0,0,0,62.338,61.3098,4.48388,0,1,1.44816,1.44816,0,1.11877,1.90512,8.92034e+06,3.92621e+06,1.29181e+07,0,0,0,0
85.1408,85.1408,4.15414,0,0.04,3.04671,3.04671,0,0.570912,4.6872,4.29233e+06,2.93738e+06,1.30775e+07,0,0,0,0,62.338,61.3098,4.10752,0,1,1.44826,1.44826,0,1.11885,1.90512,8.92034e+06,3.92621e+06,1.2919e+07,0,0,0,0
85.1408,85.1408,4.80764,0,0.04,3.11805,3.11805,0,0.570954,4.6872,4.29233e+06,2.93738e+06,1.33837e+07,0,0,0,0,62.338,61.3098,4.737,0,1,1.48376,1.48376,0,1.11893,1.90512,8.92034e+06,3.92621e+06,1.32357e+07,0,0,0,0
85.1408,85.1408,4.40054,0,0.04,3.11827,3.11827,0,0.584322,4.6872,4.29233e+06,2.93738e+06,1.33847e+07,0,0,0,0,62.338,61.3098,4.71772,0,1,1.48387,1.48387,0,1.14635,1.90512,8.92034e+06,3.92621e+06,1.32366e+07,0,0,0,0
85.1408,85.1408,4.03663,0,0.04,3.1185,3.1185,0,0.584364,4.6872,4.29233e+06,2.93738e+06,1.33856e+07,0,0,0,0,62.338,61.3098,4.11997,0,1,1.48398,1.48398,0,1.14644,1.90512,8.92034e+06,3.92621e+06,1.32376e+07,0,0,0,0
85.1408,85.1408,4.24995,0,0.04,3.11873,3.11873,0,0.584407,4.6872,4.29233e+06,2.93738e+06,1.33866e+07,0,0,0,0,62.338,61.3098,4.88517,0,1,1.48409,1.48409,0,1.14652,1.90512,8.92034e+06,3.92621e+06,1.32385e+07,0,0,0,0
85.1408,85.1408,3.64662,0,0.04,3.32726,3.32726,0,0.58445,4.6872,4.29233e+06,2.93738e+06,1.42817e+07,0,0,0,0,62.338,61.3098,3.83978,0,1,1.61198,1.61198,0,1.14661,1.90512,8.92034e+06,3.92621e+06,1.43794e+07,0,0,0,0
85.1408,85.1408,3.94419,0,0.04,3.3275,3.3275,0,0.623528,4.6872,4.29233e+06,2.93738e+06,1.42827e+07,0,0,0,0,62.338,61.3098,4.50786,0,1,1.6121,1.6121,0,1.24541,1.90512,8.92034e+06,3.92621e+06,1.43804e+07,0,0,0,0
84.8512,85.1408,3.17232,0,0.04,3.32774,3.32774,0,0.623574,4.6872,4.29233e+06,2.93738e+06,1.42838e+07,0,0,0,0,62.3166,61.3098,3.38505,0,1,1.61221,1.61221,0,1.24551,1.90512,8.92034e+06,3.92621e+06,1.43815e+07,0,0,0,0
85.1408,85.1408,3.80015,0.01,0.04,3.32799,3.32799,0,0.623619,4.6872,4.29233e+06,2.93738e+06,1.42848e+07,0,0,0,0,62.338,61.3098,5.56534,0,1,1.61233,1.61233,0,1.2456,1.90512,8.92034e+06,3.92621e+06,1.43825e+07,0,0,0,0
85.1408,85.1408,4.65168,0,0.04,3.32823,3.32823,0,0.623665,4.6872,4.29233e+06,2.93738e+06,1.42859e+07,0,0,0,0,62.338,61.3098,4.9372,0,1,1.61245,1.61245,0,1.24569,1.90512,8.92034e+06,3.92621e+06,1.43836e+07,0,0,0,0
85.1408,85.1408,5.42193,0.01,0.04,3.22692,3.22692,0,0.62371,4.6872,4.29233e+06,2.93738e+06,1.3851e+07,0,0,0,0,62.338,61.3098,5.9883,0,1,1.53498,1.53498,0,1.24578,1.90512,8.92034e+06,3.92621e+06,1.36925e+07,0,0,0,0
85.1408,85.1408,6.1989,0,0.04,3.22715,3.22715,0,0.604725,4.6872,4.29233e+06,2.93738e+06,1.3852e+07,0,0,0,0,62.338,61.3098,7.65687,0,1,1.53509,1.53509,0,1.18592,1.90512,8.92034e+06,3.92621e+06,1.36935e+07,0,0,0,0
85.1408,85.1408,6.01433,0,0.04,3.22739,3.22739,0,0.604769,4.6872,4.29233e+06,2.93738e+06,1.3853e+07,0,0,0,0,62.338,61.3098,7.4698,0,1,1.5352,1.5352,0,1.18601,1.90512,8.92034e+06,3.92621e+06,1.36945e+07,0,0,0,0
85.1408,85.1408,6.18862,0,0.04,3.22763,3.22763,0,0.604813,4.6872,4.29233e+06,2.93738e+06,1.3854e+07,0,0,0,0,62.1865,61.3098,8.58508,0,1,1.53532,1.53532,0,1.1861,1.90512,8.92034e+06,3.92621e+06,1.36955e+07,0,0,0,0
83.3122,85.1408,1.59154,0,0.04,3.14448,3.14448,0,0.604857,4.6872,4.29233e+06,2.93738e+06,1.34971e+07,0,0,0,0,62.309,61.3098,1.86731,0,1,1.46478,1.46478,0,1.18618,1.90512,8.92034e+06,3.92621e+06,1.30664e+07,0,0,0,0
83.0266,85.1408,3.19472,0.01,0.04,3.14471,3.14471,0,0.589275,4.6872,4.29233e+06,2.93738e+06,1.34981e+07,0,0,0,0,62.338,61.3098,4.41227,0,1,1.46489,1.46489,0,1.13169,1.90512,8.92034e+06,3.92621e+06,1.30673e+07,0,0,0,0
85.1408,85.1408,6.34769,0.01,0.04,3.14494,3.14494,0,0.589318,4.6872,4.29233e+06,2.93738e+06,1.34991e+07,0,0,0,0,62.338,61.3098,9.15039,0,1,1.465,1.465,0,1.13177,1.90512,8.92034e+06,3.92621e+06,1.30683e+07,0,0,0,0
85.1408,85.1408,5.01738,0,0.04,3.14517,3.14517,0,0.589361,4.6872,4.29233e+06,2.93738e+06,1.35001e+07,0,0,0,0,62.338,61.3098,6.57234,0,1,1.4651,1.4651,0,1.13186,1.90512,8.92034e+06,3.92621e+06,1.30692e+07,0,0,0,0
85.1408,85.1408,7.33929,0,0.04,2.90851,2.90851,0,0.589404,4.6872,4.29233e+06,2.93738e+06,1.24843e+07,0,0,0,0,62.338,61.3098,7.85599,0,1,1.31804,1.31804,0,1.13194,1.90512,8.92034e+06,3.92621e+06,1.17573e+07,0,0,0,0
85.1408,85.1408,5.93605,0,0.04,2.90872,2.90872,0,0.545055,4.6872,4.29233e+06,2.93738e+06,1.24852e+07,0,0,0,0,62.338,61.3098,7.04477,0,1,1.31813,1.31813,0,1.01831,1.90512,8.92034e+06,3.92621e+06,1.17582e+07,0,0,0,0
85.1408,85.1408,7.28802,0,0.04,2.90894,2.90894,0,0.545095,4.6872,4.29233e+06,2.93738e+06,1.24861e+07,0,0,0,0,62.338,61.3098,9.18775,0,1,1.31823,1.31823,0,1.01839,1.90512,8.92034e+06,3.92621e+06,1.1759e+07,0,0,0,0
85.1408,85.1408,5.74159,0,0.04,2.90915,2.90915,0,0.545135,4.6872,4.29233e+06,2.93738e+06,1.2487e+07,0,0,0,0,62.338,61.3098,3.73692,0,1,1.31832,1.31832,0,1.01846,1.90512,8.92034e+06,3.92621e+06,1.17599e+07,0,0,0,0
85.1408,85.1408,6.10204,0,0.04,2.90936,2.90936,0,0.545175,4.6872,4.29233e+06,2.93738e+06,1.24879e+07,0,0,0,0,62.338,61.3098,4.63734,0,1,1.31842,1.31842,0,1.01854,1.90512,8.92034e+06,3.92621e+06,1.17608e+07,0,0,0,0
85.1408,85.1408,8.0289,0,0.04,3.00072,3.00072,0,0.545214,4.6872,4.29233e+06,2.93738e+06,1.28801e+07,0,0,0,0,62.338,61.3098,5.33044,0,1,1.36115,1.36115,0,1.01861,1.90512,8.92034e+06,3.92621e+06,1.21419e+07,0,0,0,0
85.1408,85.1408,7.55121,0,0.04,3.00092,3.00092,0,0.562335,4.6872,4.29233e+06,2.93738e+06,1.28809e+07,0,0,0,0,62.338,61.3098,5.16002,0,1,1.36124,1.36124,0,1.05162,1.90512,8.92034e+06,3.92621e+06,1.21427e+07,0,0,0,0
85.1408,85.1408,6.17878,0,0.04,3.00112,3.00112,0,0.562373,4.6872,4.29233e+06,2.93738e+06,1.28818e+07,0,0,0,0,62.338,61.3098,4.86105,0,1,1.36133,1.36133,0,1.05169,1.90512,8.92034e+06,3.92621e+06,1.21435e+07,0,0,0,0
85.1408,85.1408,10.9251,0,0.04,3.00132,3.00132,0,0.56241,4.6872,4.29233e+06,2.93738e+06,1.28827e+07,0,0,0,0,62.338,61.3098,7.02663,0,1,1.36142,1.36142,0,1.05176,1.90512,8.92034e+06,3.92621e+06,1.21443e+07,0,0,0,0
85.1408,85.1408,8.99212,0,0.04,3.29429,3.29429,0,0.562448,4.6872,4.29233e+06,2.93738e+06,1.41402e+07,0,0,0,0,62.338,61.3098,7.16895,0,1,1.5216,1.5216,0,1.05183,1.90512,8.92034e+06,3.92621e+06,1.35732e+07,0,0,0,0
85.1408,85.1408,9.56959,0,0.04,3.29451,3.29451,0,0.617349,4.6872,4.29233e+06,2.93738e+06,1.41411e+07,0,0,0,0,62.338,61.3098,8.66577,0,1,1.5217,1.5217,0,1.17559,1.90512,8.92034e+06,3.92621e+06,1.35741e+07,0,0,0,0
85.1408,85.1408,6.59288,0,0.04,3.29473,3.29473,0,0.617391,4.6872,4.29233e+06,2.93738e+06,1.41421e+07,0,0,0,0,62.338,61.3098,4.17493,0,1,1.5218,1.5218,0,1.17567,1.90512,8.92034e+06,3.92621e+06,1.3575e+07,0,0,0,0
85.1408,85.1408,5.33974,0,0.04,3.29495,3.29495,0,0.617432,4.6872,4.29233e+06,2.93738e+06,1.4143e+07,0,0,0,0,62.338,61.3098,3.01736,0,1,1.5219,1.5219,0,1.17574,1.90512,8.92034e+06,3.92621e+06,1.35759e+07,0,0,0,0
85.1408,85.1408,4.81563,0,0.04,2.87749,2.87749,0,0.617474,4.6872,4.29233e+06,2.93738e+06,1.23511e+07,0,0,0,0,62.338,61.3098,5.99644,0,1,1.30711,1.30711,0,1.17582,1.90512,8.92034e+06,3.92621e+06,1.16599e+07,0,0,0,0
85.1408,85.1408,4.58862,0,0.04,2.87768,2.87768,0,0.539241,4.6872,4.29233e+06,2.93738e+06,1.2352e+07,0,0,0,0,62.338,61.3098,4.28472,0,1,1.3072,1.3072,0,1.00988,1.90512,8.92034e+06,3.92621e+06,1.16607e+07,0,0,0,0
85.1408,85.1408,3.76484,0,0.04,2.87788,2.87788,0,0.539278,4.6872,4.29233e+06,2.93738e+06,1.23528e+07,0,0,0,0,62.338,61.3098,3.44907,0,1,1.30729,1.30729,0,1.00994,1.90512,8.92034e+06,3.92621e+06,1.16615e+07,0,0,0,0
85.1408,85.1408,4.72215,0,0.04,2.87807,2.87807,0,0.539314,4.6872,4.29233e+06,2.93738e+06,1.23536e+07,0,0,0,0,62.338,61.3098,4.4637,0,1,1.30738,1.30738,0,1.01001,1.90512,8.92034e+06,3.92621e+06,1.16622e+07,0,0,0,0
85.1408,85.1408,5.92608,0,0.04,2.87826,2.87826,0,0.53935,4.6872,4.29233e+06,2.93738e+06,1.23544e+07,0,0,0,0,62.338,61.3098,5.73011,0,1,1.30746,1.30746,0,1.01008,1.90512,8.92034e+06,3.92621e+06,1.1663e+07,0,0,0,0
85.1408,85.1408,6.17552,0,0.04,2.98363,2.98363,0,0.539386,4.6872,4.29233e+06,2.93738e+06,1.28067e+07,0,0,0,0,62.338,61.3098,6.6223,0,1,1.36014,1.36014,0,1.01015,1.90512,8.92034e+06,3.92621e+06,1.21329e+07,0,0,0,0
85.1408,85.1408,4.48698,0,0.04,2.98383,2.98383,0,0.559132,4.6872,4.29233e+06,2.93738e+06,1.28076e+07,0,0,0,0,62.338,61.3098,4.67537,0,1,1.36023,1.36023,0,1.05084,1.90512,8.92034e+06,3.92621e+06,1.21337e+07,0,0,0,0
85.1408,85.1408,3.80152,0,0.04,2.98403,2.98403,0,0.559169,4.6872,4.29233e+06,2.93738e+06,1.28084e+07,0,0,0,0,62.338,61.3098,3.9222,0,1,1.36032,1.36032,0,1.05092,1.90512,8.92034e+06,3.92621e+06,1.21345e+07,0,0,0,0
85.1312,85.1408,3.3774,0,0.04,2.98423,2.98423,0,0.559207,4.6872,4.29233e+06,2.93738e+06,1.28093e+07,0,0,0,0,62.338,61.3098,3.41743,0,1,1.36042,1.36042,0,1.05099,1.90512,8.92034e+06,3.92621e+06,1.21354e+07,0,0,0,0
84.6734,85.1408,2.8581,0,0.04,2.9433,2.9433,0,0.559245,4.6872,4.29233e+06,2.93738e+06,1.26336e+07,0,0,0,0,62.338,61.3098,2.64604,0,1,1.34008,1.34008,0,1.05106,1.90512,8.92034e+06,3.92621e+06,1.19539e+07,0,0,0,0
85.1408,85.1408,4.12446,0,0.04,2.94349,2.94349,0,0.551574,4.6872,4.29233e+06,2.93738e+06,1.26344e+07,0,0,0,0,62.338,61.3098,2.99834,0,1,1.34017,1.34017,0,1.03534,1.90512,8.92034e+06,3.92621e+06,1.19547e+07,0,0,0,0
84.9604,85.1408,3.12237,0,0.04,2.94369,2.94369,0,0.551611,4.6872,4.29233e+06,2.93738e+06,1.26353e+07,0,0,0,0,62.338,61.3098,2.71162,0,1,1.34026,1.34026,0,1.03541,1.90512,8.92034e+06,3.92621e+06,1.19555e+07,0,0,0,0
84.2539,85.1408,2.5375,0,0.04,2.94389,2.94389,0,0.551648,4.6872,4.29233e+06,2.93738e+06,1.26361e+07,0,0,0,0,62.338,61.3098,2.3747,0,1,1.34035,1.34035,0,1.03548,1.90512,8.92034e+06,3.92621e+06,1.19563e+07,0,0,0,0
83.638,85.1408,2.72833,0,0.04,3.08375,3.08375,0,0.551685,4.6872,4.29233e+06,2.93738e+06,1.32365e+07,0,0,0,0,62.2642,61.3098,2.12537,0,1,1.41291,1.41291,0,1.03555,1.90512,8.92034e+06,3.92621e+06,1.26036e+07,0,0,0,0
82.8938,85.1408,2.55835,0,0.04,3.08395,3.08395,0,0.577894,4.6872,4.29233e+06,2.93738e+06,1.32373e+07,0,0,0,0,62.2304,61.3098,1.89854,0,1,1.413,1.413,0,1.09161,1.90512,8.92034e+06,3.92621e+06,1.26045e+07,0,0,0,0
81.9756,85.1408,2.33429,0,0.04,3.08416,3.08416,0,0.577933,4.6872,4.29233e+06,2.93738e+06,1.32382e+07,0,0,0,0,62.1885,61.3098,1.89363,0,1,1.4131,1.4131,0,1.09169,1.90512,8.92034e+06,3.92621e+06,1.26053e+07,0,0,0,0
81.0199,85.1408,2.28524,0,0.04,3.08437,3.08437,0,0.577972,4.6872,4.29233e+06,2.93738e+06,1.32391e+07,0,0,0,0,61.8766,61.3098,1.9118,0,1,1.41319,1.41319,0,1.09176,1.90512,8.92034e+06,3.92621e+06,1.26061e+07,0,0,0,0
79.6643,85.1408,1.84474,0,0.04,3.08458,3.08458,0,0.578011,4.6872,4.29233e+06,2.93738e+06,1.324e+07,0,0,0,0,61.2152,61.3098,1.49312,0,1,1.41329,1.41329,0,1.09183,1.90512,8.92034e+06,3.92621e+06,1.2607e+07,0,0,0,0
78.0274,85.1408,1.50932,0,0.04,3.05715,3.05715,0,0.578049,4.6872,4.29233e+06,2.93738e+06,1.31223e+07,0,0,0,0,60.4866,61.3098,1.2061,0,1,1.45323,1.45323,0,1.09191,1.90512,8.92034e+06,3.92621e+06,1.29633e+07,0,0,0,0
76.2756,85.1408,1.38055,0,0.04,3.05736,3.05736,0,0.572911,4.6872,4.29233e+06,2.93738e+06,1.31232e+07,0,0,0,0,59.6505,61.3098,1.21183,0,1,1.45332,1.45332,0,1.12276,1.90512,8.92034e+06,3.92621e+06,1.29641e+07,0,0,0,0
74.4094,85.1408,1.24646,0.01,0.04,3.05756,3.05756,0,0.572949,4.6872,4.29233e+06,2.93738e+06,1.31241e+07,0,0,0,0,58.7674,61.3098,1.08141,0,1,1.45342,1.45342,0,1.12284,1.90512,8.92034e+06,3.92621e+06,1.2965e+07,0,0,0,0
72.4959,85.1408,1.15631,0.01,0.04,3.05777,3.05777,0,0.572988,4.6872,4.29233e+06,2.93738e+06,1.3125e+07,0,0,0,0,57.7456,61.3098,1.04076,0,1,1.45352,1.45352,0,1.12291,1.90512,8.92034e+06,3.92621e+06,1.29659e+07,0,0,0,0
70.4668,85.1408,1.07531,0.01,0.04,3.12934,3.12934,0,0.573026,4.6872,4.29233e+06,2.93738e+06,1.34322e+07,0,0,0,0,56.6615,61.3098,0.961965,0,1,1.48914,1.48914,0,1.12299,1.90512,8.92034e+06,3.92621e+06,1.32836e+07,0,0,0,0
68.391,85.1408,1.00686,0.01,0.04,3.12955,3.12955,0,0.586439,4.6872,4.29233e+06,2.93738e+06,1.34331e+07,0,0,0,0,55.5367,61.3098,0.954006,0,1,1.48924,1.48924,0,1.15051,1.90512,8.92034e+06,3.92621e+06,1.32845e+07,0,0,0,0
66.2249,85.1408,0.893917,0.02,0.04,3.12976,3.12976,0,0.586478,4.6872,4.29233e+06,2.93738e+06,1.3434e+07,0,0,0,0,54.3778,61.3098,0.870176,0,1,1.48934,1.48934,0,1.15058,1.90512,8.92034e+06,3.92621e+06,1.32854e+07,0,0,0,0
64.0076,85.1408,0.81033,0.05,0.04,3.12997,3.12997,0,0.586518,4.6872,4.29233e+06,2.93738e+06,1.34349e+07,0,0,0,0,53.2739,61.3098,0.85048,0,1,1.48944,1.48944,0,1.15066,1.90512,8.92034e+06,3.92621e+06,1.32863e+07,0,0,0,0
61.4583,85.1408,0.615886,0.05,0.04,3.33924,3.33924,0,0.586557,4.6872,4.29233e+06,2.93738e+06,1.43331e+07,0,0,0,0,51.9957,61.3098,0.877375,0,1,1.61778,1.61778,0,1.15074,1.90512,8.92034e+06,3.92621e+06,1.44311e+07,0,0,0,0
58.8991,85.1408,0.572368,0.06,0.04,3.33946,3.33946,0,0.625773,4.6872,4.29233e+06,2.93738e+06,1.43341e+07,0,0,0,0,50.7929,61.3098,0.841907,0,1,1.61789,1.61789,0,1.2499,1.90512,8.92034e+06,3.92621e+06,1.44321e+07,0,0,0,0
56.5743,85.1408,0.7773,0.1,0.04,3.33968,3.33968,0,0.625815,4.6872,4.29233e+06,2.93738e+06,1.4335e+07,0,0,0,0,49.7042,61.3098,0.948636,0,1,1.618,1.618,0,1.24998,1.90512,8.92034e+06,3.92621e+06,1.44331e+07,0,0,0,0
54.5935,85.1408,1.14139,0.09,0.04,3.33991,3.33991,0,0.625857,4.6872,4.29233e+06,2.93738e+06,1.4336e+07,0,0,0,0,48.6526,61.3098,1.12401,0,1,1.61811,1.61811,0,1.25007,1.90512,8.92034e+06,3.92621e+06,1.44341e+07,0,0,0,0
52.3657,85.1408,0.847747,0.08,0.04,3.34013,3.34013,0,0.625899,4.6872,4.29233e+06,2.93738e+06,1.4337e+07,0,0,0,0,47.4723,61.3098,0.996795,0,1,1.61822,1.61822,0,1.25015,1.90512,8.92034e+06,3.92621e+06,1.4435e+07,0,0,0,0
49.4543,85.1408,0.558084,0.08,0.04,3.23844,3.23844,0,0.625941,4.6872,4.29233e+06,2.93738e+06,1.39005e+07,0,0,0,0,46.2318,61.3098,0.883274,0,1,1.54046,1.54046,0,1.25023,1.90512,8.92034e+06,3.92621e+06,1.37414e+07,0,0,0,0
46.3379,85.1408,0.631303,0.11,0.04,3.23866,3.23866,0,0.606884,4.6872,4.29233e+06,2.93738e+06,1.39014e+07,0,0,0,0,45.4811,61.3098,0.850943,0,1,1.54056,1.54056,0,1.19016,1.90512,8.92034e+06,3.92621e+06,1.37423e+07,0,0,0,0
45.6974,85.1408,0.984383,0.1,0.04,3.23887,3.23887,0,0.606924,4.6872,4.29233e+06,2.93738e+06,1.39023e+07,0,0,0,0,44.7789,61.3098,1.45171,0,1,1.54067,1.54067,0,1.19024,1.90512,8.92034e+06,3.92621e+06,1.37433e+07,0,0,0,0
43.686,85.1408,0.944765,0.1,0.04,3.23909,3.23909,0,0.606965,4.6872,4.29233e+06,2.93738e+06,1.39033e+07,0,0,0,0,44.2418,61.3098,1.32292,0,1,1.54077,1.54077,0,1.19032,1.90512,8.92034e+06,3.92621e+06,1.37442e+07,0,0,0,0
41.5664,85.1408,0.766397,0.09,0.04,3.15563,3.15563,0,0.607006,4.6872,4.29233e+06,2.93738e+06,1.3545e+07,0,0,0,0,43.9252,61.3098,1.55422,0,1,1.46998,1.46998,0,1.1904,1.90512,8.92034e+06,3.92621e+06,1.31127e+07,0,0,0,0
39.7738,85.1408,1.05453,0.12,0.04,3.09147,3.15584,0,0.591365,4.6872,4.29233e+06,2.93738e+06,1.32696e+07,0,0,0,0,43.6613,61.3098,1.9735,0,1,1.53445,1.47008,0,1.1357,1.90512,8.92034e+06,3.92621e+06,1.36878e+07,0,0,0,0
38.5172,85.1408,1.64704,0.12,0.04,3.09178,3.15605,0,0.579341,4.6872,4.29233e+06,2.93738e+06,1.32709e+07,0,0,0,0,43.6202,61.3098,2.54792,0,1,1.53445,1.47018,0,1.18552,1.90512,8.92034e+06,3.92621e+06,1.36878e+07,0,0,0,0
38.269,85.1408,2.66928,0.13,0.04,3.09209,3.15627,0,0.5794,4.6872,4.29233e+06,2.93738e+06,1.32723e+07,0,0,0,0,43.8234,61.3098,3.17143,0,1,1.53445,1.47027,0,1.18552,1.90512,8.92034e+06,3.92621e+06,1.36878e+07,0,0,0,0
38.7164,85.1408,3.15901,0.13,0.04,2.85468,2.91876,0,0.579458,4.6872,4.29233e+06,2.93738e+06,1.22532e+07,0,0,0,0,44.3875,61.3098,4.09015,0,1,1.38676,1.32268,0,1.18552,1.90512,8.92034e+06,3.92621e+06,1.23703e+07,0,0,0,0
39.7713,85.1408,3.67932,0.14,0.04,2.70728,2.91896,0,0.534967,4.6872,4.29233e+06,2.93738e+06,1.16206e+07,0,0,0,0,45.9037,61.3098,7.33698,0,1,1.53444,1.32277,0,1.07141,1.90512,8.92034e+06,3.92621e+06,1.36877e+07,0,0,0,0
39.528,85.1408,2.29089,0.14,0.04,2.70757,2.91915,0,0.507345,4.6872,4.29233e+06,2.93738e+06,1.16218e+07,0,0,0,0,46.2316,61.3098,3.81876,0,1,1.53444,1.32286,0,1.18551,1.90512,8.92034e+06,3.92621e+06,1.36877e+07,0,0,0,0
39.119,85.1408,2.11871,0.14,0.04,2.70785,2.91935,0,0.507398,4.6872,4.29233e+06,2.93738e+06,1.1623e+07,0,0,0,0,46.5204,61.3098,3.10794,0,1,1.53444,1.32295,0,1.18551,1.90512,8.92034e+06,3.92621e+06,1.36877e+07,0,0,0,0
39.9691,85.1408,3.38953,0.17,0.04,2.70814,2.91954,0,0.507452,4.6872,4.29233e+06,2.93738e+06,1.16242e+07,0,0,0,0,47.5154,61.3098,3.97162,0,1,1.53444,1.32303,0,1.18551,1.90512,8.92034e+06,3.92621e+06,1.36877e+07,0,0,0,0
42.5009,85.1408,5.20897,0.18,0.04,2.79989,3.0112,0,0.507505,4.6872,4.29233e+06,2.93738e+06,1.2018e+07,0,0,0,0,47.8646,61.3098,3.28663,0,1,1.57722,1.3659,0,1.18551,1.90512,8.92034e+06,3.92621e+06,1.40693e+07,0,0,0,0
43.2823,85.1408,3.47013,0.19,0.04,2.84294,3.01139,0,0.524699,4.6872,4.29233e+06,2.93738e+06,1.22028e+07,0,0,0,0,48.0235,61.3098,2.60754,0,1,1.53444,1.36599,0,1.21856,1.90512,8.92034e+06,3.92621e+06,1.36877e+07,0,0,0,0
43.7355,85.1408,3.21083,0.13,0.04,2.84321,3.01157,0,0.532767,4.6872,4.29233e+06,2.93738e+06,1.2204e+07,0,0,0,0,48.5874,61.3098,3.22226,0,1,1.53444,1.36607,0,1.18551,1.90512,8.92034e+06,3.92621e+06,1.36877e+07,0,0,0,0
46.7288,85.1408,5.89133,0.13,0.04,2.84348,3.01176,0,0.532817,4.6872,4.29233e+06,2.93738e+06,1.22051e+07,0,0,0,0,49.7973,61.3098,5.32745,0,1,1.53444,1.36615,0,1.18551,1.90512,8.92034e+06,3.92621e+06,1.36877e+07,0,0,0,0
48.3672,85.1408,4.77586,0.12,0.04,3.13752,3.30572,0,0.532868,4.6872,4.29233e+06,2.93738e+06,1.34673e+07,0,0,0,0,50.3885,61.3098,3.74598,0,1,1.69508,1.52688,0,1.18551,1.90512,8.92034e+06,3.92621e+06,1.51207e+07,0,0,0,0
52.4162,85.1408,7.53769,0.13,0.04,3.29845,3.30592,0,0.587972,4.6872,4.29233e+06,2.93738e+06,1.4158e+07,0,0,0,0,51.581,61.3098,4.46469,0,1,1.53445,1.52697,0,1.30962,1.90512,8.92034e+06,3.92621e+06,1.36878e+07,0,0,0,0
54.0821,85.1408,5.0991,0.07,0.04,3.29875,3.30613,0,0.61813,4.6872,4.29233e+06,2.93738e+06,1.41593e+07,0,0,0,0,52.6539,61.3098,4.12695,0,1,1.53445,1.52707,0,1.18551,1.90512,8.92034e+06,3.92621e+06,1.36878e+07,0,0,0,0
56.1621,85.1408,5.48587,0.09,0.04,3.29905,3.30633,0,0.618185,4.6872,4.29233e+06,2.93738e+06,1.41606e+07,0,0,0,0,53.5765,61.3098,3.94822,0,1,1.53445,1.52716,0,1.18551,1.90512,8.92034e+06,3.92621e+06,1.36878e+07,0,0,0,0
59.5309,85.1408,6.46721,0.09,0.04,2.88022,2.88741,0,0.618241,4.6872,4.29233e+06,2.93738e+06,1.23628e+07,0,0,0,0,55.5479,61.3098,5.04987,0,1,1.31881,1.31162,0,1.18551,1.90512,8.92034e+06,3.92621e+06,1.17642e+07,0,0,0,0
63.2276,85.1408,6.95583,0.09,0.04,2.66485,2.88759,0,0.539753,4.6872,4.29233e+06,2.93738e+06,1.14384e+07,0,0,0,0,57.6024,61.3098,5.78042,0,1,1.53443,1.3117,0,1.01891,1.90512,8.92034e+06,3.92621e+06,1.36877e+07,0,0,0,0
66.1138,85.1408,6.45388,0.04,0.04,2.88776,2.88776,0,0.499394,4.6872,4.29233e+06,2.93738e+06,1.23952e+07,0,0,0,0,59.4756,61.3098,5.05244,0,1,1.31178,1.31178,0,1.1855,1.90512,8.92034e+06,3.92621e+06,1.17015e+07,0,0,0,0
69.4443,85.1408,6.87291,0.05,0.04,2.88794,2.88794,0,0.541167,4.6872,4.29233e+06,2.93738e+06,1.2396e+07,0,0,0,0,61.1277,61.3098,4.75049,0,1,1.31186,1.31186,0,1.01348,1.90512,8.92034e+06,3.92621e+06,1.17022e+07,0,0,0,0
71.3085,85.1408,5.30469,0.02,0.04,2.88812,2.88812,0,0.5412,4.6872,4.29233e+06,2.93738e+06,1.23968e+07,0,0,0,0,62.338,61.3098,4.24164,0,1,1.31194,1.31194,0,1.01354,1.90512,8.92034e+06,3.92621e+06,1.1703e+07,0,0,0,0
73.3105,85.1408,5.43185,0.02,0.04,2.99383,2.99383,0,0.541233,4.6872,4.29233e+06,2.93738e+06,1.28505e+07,0,0,0,0,62.338,61.3098,5.55379,0,1,1.36479,1.36479,0,1.01361,1.90512,8.92034e+06,3.92621e+06,1.21744e+07,0,0,0,0
76.337,85.1408,6.55059,0.02,0.04,2.99401,2.99401,0,0.561043,4.6872,4.29233e+06,2.93738e+06,1.28513e+07,0,0,0,0,62.338,61.3098,7.08514,0,1,1.36487,1.36487,0,1.05444,1.90512,8.92034e+06,3.92621e+06,1.21751e+07,0,0,0,0
77.5052,85.1408,4.58933,0.02,0.04,2.9942,2.9942,0,0.561078,4.6872,4.29233e+06,2.93738e+06,1.28521e+07,0,0,0,0,62.338,61.3098,4.90177,0,1,1.36496,1.36496,0,1.0545,1.90512,8.92034e+06,3.92621e+06,1.21759e+07,0,0,0,0
78.1796,85.1408,4.03106,0,0.04,2.99438,2.99438,0,0.561112,4.6872,4.29233e+06,2.93738e+06,1.28529e+07,0,0,0,0,62.338,61.3098,4.23118,0,1,1.36504,1.36504,0,1.05457,1.90512,8.92034e+06,3.92621e+06,1.21766e+07,0,0,0,0
78.3937,85.1408,3.51535,0,0.04,2.95329,2.95329,0,0.561147,4.6872,4.29233e+06,2.93738e+06,1.26765e+07,0,0,0,0,62.338,61.3098,3.66283,0,1,1.34463,1.34463,0,1.05463,1.90512,8.92034e+06,3.92621e+06,1.19945e+07,0,0,0,0
78.0401,85.1408,2.91965,0,0.04,2.95347,2.95347,0,0.553447,4.6872,4.29233e+06,2.93738e+06,1.26773e+07,0,0,0,0,62.338,61.3098,3.34947,0,1,1.34471,1.34471,0,1.03886,1.90512,8.92034e+06,3.92621e+06,1.19953e+07,0,0,0,0
77.4223,85.1408,2.64736,0,0.04,2.95365,2.95365,0,0.553481,4.6872,4.29233e+06,2.93738e+06,1.26781e+07,0,0,0,0,62.338,61.3098,2.65535,0,1,1.34479,1.34479,0,1.03892,1.90512,8.92034e+06,3.92621e+06,1.1996e+07,0,0,0,0
77.4212,85.1408,3.2541,0,0.04,2.95384,2.95384,0,0.553515,4.6872,4.29233e+06,2.93738e+06,1.26788e+07,0,0,0,0,62.338,61.3098,3.01316,0,1,1.34487,1.34487,0,1.03899,1.90512,8.92034e+06,3.92621e+06,1.19967e+07,0,0,0,0
76.6861,85.1408,2.54205,0,0.04,3.09415,3.09415,0,0.553549,4.6872,4.29233e+06,2.93738e+06,1.32811e+07,0,0,0,0,62.338,61.3098,2.73408,0,1,1.41767,1.41767,0,1.03905,1.90512,8.92034e+06,3.92621e+06,1.26461e+07,0,0,0,0
75.9359,85.1408,2.51049,0,0.04,3.09434,3.09434,0,0.579843,4.6872,4.29233e+06,2.93738e+06,1.32819e+07,0,0,0,0,62.338,61.3098,2.53055,0,1,1.41776,1.41776,0,1.09529,1.90512,8.92034e+06,3.92621e+06,1.26469e+07,0,0,0,0
75.092,85.1408,2.40331,0,0.04,3.09453,3.09453,0,0.579879,4.6872,4.29233e+06,2.93738e+06,1.32827e+07,0,0,0,0,62.338,61.3098,2.73639,0,1,1.41785,1.41785,0,1.09536,1.90512,8.92034e+06,3.92621e+06,1.26477e+07,0,0,0,0
74.0503,85.1408,2.2159,0,0.04,3.09472,3.09472,0,0.579914,4.6872,4.29233e+06,2.93738e+06,1.32835e+07,0,0,0,0,62.338,61.3098,2.58806,0,1,1.41793,1.41793,0,1.09543,1.90512,8.92034e+06,3.92621e+06,1.26484e+07,0,0,0,0
73.4207,85.1408,2.56167,0.01,0.04,3.09491,3.09491,0,0.57995,4.6872,4.29233e+06,2.93738e+06,1.32844e+07,0,0,0,0,62.338,61.3098,2.59414,0,1,1.41802,1.41802,0,1.0955,1.90512,8.92034e+06,3.92621e+06,1.26492e+07,0,0,0,0
73.2069,85.1408,2.94527,0.01,0.04,3.06738,3.06738,0,0.579986,4.6872,4.29233e+06,2.93738e+06,1.31662e+07,0,0,0,0,62.338,61.3098,2.44045,0,1,1.45809,1.45809,0,1.09556,1.90512,8.92034e+06,3.92621e+06,1.30066e+07,0,0,0,0
72.7412,85.1408,2.68892,0.01,0.04,3.06756,3.06756,0,0.574826,4.6872,4.29233e+06,2.93738e+06,1.3167e+07,0,0,0,0,62.338,61.3098,2.39986,0,1,1.45818,1.45818,0,1.12652,1.90512,8.92034e+06,3.92621e+06,1.30074e+07,0,0,0,0
72.0442,85.1408,2.43824,0.01,0.04,3.06775,3.06775,0,0.574862,4.6872,4.29233e+06,2.93738e+06,1.31678e+07,0,0,0,0,62.338,61.3098,2.16659,0,1,1.45827,1.45827,0,1.12659,1.90512,8.92034e+06,3.92621e+06,1.30082e+07,0,0,0,0
71.2646,85.1408,2.30696,0.01,0.04,3.06794,3.06794,0,0.574897,4.6872,4.29233e+06,2.93738e+06,1.31686e+07,0,0,0,0,62.2332,61.3098,2.12972,0,1,1.45835,1.45835,0,1.12666,1.90512,8.92034e+06,3.92621e+06,1.3009e+07,0,0,0,0
70.5757,85.1408,2.46157,0.01,0.04,3.13973,3.13973,0,0.574932,4.6872,4.29233e+06,2.93738e+06,1.34768e+07,0,0,0,0,61.9851,61.3098,1.88593,0,1,1.49408,1.49408,0,1.12672,1.90512,8.92034e+06,3.92621e+06,1.33277e+07,0,0,0,0
69.7429,85.1408,2.2992,0.01,0.04,3.13993,3.13993,0,0.588386,4.6872,4.29233e+06,2.93738e+06,1.34776e+07,0,0,0,0,61.6255,61.3098,1.78711,0,1,1.49417,1.49417,0,1.15433,1.90512,8.92034e+06,3.92621e+06,1.33285e+07,0,0,0,0
68.7387,85.1408,2.11031,0.01,0.04,3.14012,3.14012,0,0.588422,4.6872,4.29233e+06,2.93738e+06,1.34784e+07,0,0,0,0,61.359,61.3098,1.67778,0,1,1.49427,1.49427,0,1.1544,1.90512,8.92034e+06,3.92621e+06,1.33294e+07,0,0,0,0
68.1603,85.1408,2.51893,0.02,0.04,3.14031,3.14031,0,0.588458,4.6872,4.29233e+06,2.93738e+06,1.34793e+07,0,0,0,0,61.13,61.3098,2.2021,0,1,1.49436,1.49436,0,1.15447,1.90512,8.92034e+06,3.92621e+06,1.33302e+07,0,0,0,0
66.9921,85.1408,2.10766,0.02,0.04,3.35025,3.35025,0,0.588495,4.6872,4.29233e+06,2.93738e+06,1.43804e+07,0,0,0,0,60.6049,61.3098,1.65025,0,1,1.62311,1.62311,0,1.15454,1.90512,8.92034e+06,3.92621e+06,1.44787e+07,0,0,0,0
65.878,85.1408,2.16776,0.05,0.04,3.35045,3.35045,0,0.627836,4.6872,4.29233e+06,2.93738e+06,1.43812e+07,0,0,0,0,59.9536,61.3098,1.63681,0,1,1.62321,1.62321,0,1.25402,1.90512,8.92034e+06,3.92621e+06,1.44796e+07,0,0,0,0
64.4127,85.1408,1.83138,0.05,0.04,3.35066,3.35066,0,0.627875,4.6872,4.29233e+06,2.93738e+06,1.43821e+07,0,0,0,0,59.458,61.3098,1.43985,0,1,1.62331,1.62331,0,1.2541,1.90512,8.92034e+06,3.92621e+06,1.44805e+07,0,0,0,0
63.1435,85.1408,1.99177,0.05,0.04,3.35086,3.35086,0,0.627913,4.6872,4.29233e+06,2.93738e+06,1.4383e+07,0,0,0,0,59.1227,61.3098,1.91233,0,1,1.62341,1.62341,0,1.25417,1.90512,8.92034e+06,3.92621e+06,1.44814e+07,0,0,0,0
62.3048,85.1408,2.4113,0.05,0.04,3.35107,3.35107,0,0.627952,4.6872,4.29233e+06,2.93738e+06,1.43839e+07,0,0,0,0,58.8559,61.3098,2.15589,0,1,1.62351,1.62351,0,1.25425,1.90512,8.92034e+06,3.92621e+06,1.44823e+07,0,0,0,0
61.9369,85.1408,2.81481,0.05,0.04,3.24902,3.24902,0,0.62799,4.6872,4.29233e+06,2.93738e+06,1.39459e+07,0,0,0,0,58.9725,61.3098,2.64901,0,1,1.54549,1.54549,0,1.25433,1.90512,8.92034e+06,3.92621e+06,1.37863e+07,0,0,0,0
61.4934,85.1408,2.74548,0.04,0.04,3.24922,3.24922,0,0.608867,4.6872,4.29233e+06,2.93738e+06,1.39467e+07,0,0,0,0,58.9178,61.3098,2.32917,0,1,1.54559,1.54559,0,1.19405,1.90512,8.92034e+06,3.92621e+06,1.37872e+07,0,0,0,0
60.6676,85.1408,2.40062,0.04,0.04,3.24942,3.24942,0,0.608905,4.6872,4.29233e+06,2.93738e+06,1.39476e+07,0,0,0,0,58.8875,61.3098,2.29065,0,1,1.54568,1.54568,0,1.19412,1.90512,8.92034e+06,3.92621e+06,1.3788e+07,0,0,0,0
60.0748,85.1408,2.74898,0.04,0.04,3.24962,3.24962,0,0.608942,4.6872,4.29233e+06,2.93738e+06,1.39485e+07,0,0,0,0,58.9081,61.3098,2.33192,0,1,1.54578,1.54578,0,1.1942,1.90512,8.92034e+06,3.92621e+06,1.37889e+07,0,0,0,0
61.2874,85.1408,4.58651,0.04,0.04,3.16587,3.16587,0,0.608979,4.6872,4.29233e+06,2.93738e+06,1.3589e+07,0,0,0,0,59.6882,61.3098,4.4355,0,1,1.47475,1.47475,0,1.19427,1.90512,8.92034e+06,3.92621e+06,1.31553e+07,0,0,0,0
62.2297,85.1408,4.29966,0.05,0.04,3.16607,3.16607,0,0.593284,4.6872,4.29233e+06,2.93738e+06,1.35898e+07,0,0,0,0,61.0417,61.3098,5.35893,0,1,1.47484,1.47484,0,1.13939,1.90512,8.92034e+06,3.92621e+06,1.31561e+07,0,0,0,0
63.6013,85.1408,4.84455,0.04,0.04,3.16626,3.16626,0,0.593321,4.6872,4.29233e+06,2.93738e+06,1.35906e+07,0,0,0,0,62.1081,61.3098,5.32409,0,1,1.47493,1.47493,0,1.13946,1.90512,8.92034e+06,3.92621e+06,1.31569e+07,0,0,0,0
63.3481,85.1408,3.28413,0.03,0.04,3.16646,3.16646,0,0.593357,4.6872,4.29233e+06,2.93738e+06,1.35915e+07,0,0,0,0,62.338,61.3098,3.86369,0,1,1.47502,1.47502,0,1.13953,1.90512,8.92034e+06,3.92621e+06,1.31577e+07,0,0,0,0
64.6649,85.1408,4.6645,0.04,0.04,2.92816,2.92816,0,0.593394,4.6872,4.29233e+06,2.93738e+06,1.25686e+07,0,0,0,0,62.338,61.3098,4.67302,0,1,1.32694,1.32694,0,1.1396,1.90512,8.92034e+06,3.92621e+06,1.18368e+07,0,0,0,0
63.9643,85.1408,2.52113,0.04,0.04,2.92834,2.92834,0,0.548738,4.6872,4.29233e+06,2.93738e+06,1.25694e+07,0,0,0,0,62.338,61.3098,3.83466,0,1,1.32702,1.32702,0,1.02519,1.90512,8.92034e+06,3.92621e+06,1.18375e+07,0,0,0,0
64.0654,85.1408,3.35243,0.05,0.04,2.92852,2.92852,0,0.548772,4.6872,4.29233e+06,2.93738e+06,1.25702e+07,0,0,0,0,62.338,61.3098,4.66221,0,1,1.3271,1.3271,0,1.02526,1.90512,8.92034e+06,3.92621e+06,1.18382e+07,0,0,0,0
64.2243,85.1408,3.60072,0.05,0.04,2.9287,2.9287,0,0.548805,4.6872,4.29233e+06,2.93738e+06,1.2571e+07,0,0,0,0,62.338,61.3098,4.57666,0,1,1.32719,1.32719,0,1.02532,1.90512,8.92034e+06,3.92621e+06,1.18389e+07,0,0,0,0
68.1183,85.1408,7.69792,0.05,0.04,2.92888,2.92888,0,0.548839,4.6872,4.29233e+06,2.93738e+06,1.25717e+07,0,0,0,0,62.338,61.3098,9.34689,0,1,1.32727,1.32727,0,1.02538,1.90512,8.92034e+06,3.92621e+06,1.18397e+07,0,0,0,0
67.8408,85.1408,3.1326,0.02,0.06,3.02082,3.02082,0,0.548873,4.6872,4.29233e+06,2.93738e+06,1.29664e+07,0,0,0,0,62.338,61.3098,4.03406,0,1,1.37026,1.37026,0,1.02545,1.90512,8.92034e+06,3.92621e+06,1.22232e+07,0,0,0,0
70.5888,85.1408,6.19655,0.05,0.06,3.02099,3.02099,0,0.566102,4.6872,4.29233e+06,2.93738e+06,1.29671e+07,0,0,0,0,62.338,61.3098,6.09585,0,1,1.37034,1.37034,0,1.05867,1.90512,8.92034e+06,3.92621e+06,1.22239e+07,0,0,0,0
74.5125,85.1408,7.47081,0.02,0.06,3.02116,3.02116,0,0.566133,4.6872,4.29233e+06,2.93738e+06,1.29678e+07,0,0,0,0,62.338,61.3098,5.94368,0,1,1.37042,1.37042,0,1.05873,1.90512,8.92034e+06,3.92621e+06,1.22246e+07,0,0,0,0
82.8509,85.1408,12.1581,0.02,0.06,3.02132,3.02132,0,0.566165,4.6872,4.29233e+06,2.93738e+06,1.29685e+07,0,0,0,0,62.338,61.3098,8.01664,0,1,1.37049,1.37049,0,1.05878,1.90512,8.92034e+06,3.92621e+06,1.22253e+07,0,0,0,0
84.7982,85.1408,5.81208,0,0.06,3.3162,3.3162,0,0.566196,4.6872,4.29233e+06,2.93738e+06,1.42342e+07,0,0,0,0,62.338,61.3098,4.83125,0,1,1.53172,1.53172,0,1.05884,1.90512,8.92034e+06,3.92621e+06,1.36635e+07,0,0,0,0
85.0284,85.1408,3.97778,0,0.06,3.31639,3.31639,0,0.621456,4.6872,4.29233e+06,2.93738e+06,1.4235e+07,0,0,0,0,62.338,61.3098,3.53891,0,1,1.53181,1.53181,0,1.18341,1.90512,8.92034e+06,3.92621e+06,1.36642e+07,0,0,0,0
85.1408,85.1408,5.29604,0,0.06,3.31657,3.31657,0,0.621491,4.6872,4.29233e+06,2.93738e+06,1.42358e+07,0,0,0,0,62.338,61.3098,4.32826,0,1,1.53189,1.53189,0,1.18347,1.90512,8.92034e+06,3.92621e+06,1.3665e+07,0,0,0,0
85.1408,85.1408,4.72168,0,0.06,3.31676,3.31676,0,0.621526,4.6872,4.29233e+06,2.93738e+06,1.42366e+07,0,0,0,0,62.338,61.3098,3.78399,0,1,1.53198,1.53198,0,1.18354,1.90512,8.92034e+06,3.92621e+06,1.36657e+07,0,0,0,0
85.1408,85.1408,12.4221,0,0.06,2.8965,2.8965,0,0.62156,4.6872,4.29233e+06,2.93738e+06,1.24327e+07,0,0,0,0,62.338,61.3098,12.4542,0,1,1.31575,1.31575,0,1.18361,1.90512,8.92034e+06,3.92621e+06,1.17369e+07,0,0,0,0
85.1408,85.1408,11.9117,0,0.06,2.89666,2.89666,0,0.542804,4.6872,4.29233e+06,2.93738e+06,1.24334e+07,0,0,0,0,62.338,61.3098,11.2739,0,1,1.31582,1.31582,0,1.01655,1.90512,8.92034e+06,3.92621e+06,1.17376e+07,0,0,0,0
85.1408,85.1408,10.4505,0,0.06,2.89682,2.89682,0,0.542834,4.6872,4.29233e+06,2.93738e+06,1.24341e+07,0,0,0,0,62.338,61.3098,7.70909,0,1,1.3159,1.3159,0,1.0166,1.90512,8.92034e+06,3.92621e+06,1.17382e+07,0,0,0,0
85.1408,85.1408,7.76966,0,0.06,2.89698,2.89698,0,0.542864,4.6872,4.29233e+06,2.93738e+06,1.24348e+07,0,0,0,0,62.338,61.3098,5.16841,0,1,1.31597,1.31597,0,1.01666,1.90512,8.92034e+06,3.92621e+06,1.17389e+07,0,0,0,0
85.1408,85.1408,8.07599,0,0.06,2.89715,2.89715,0,0.542895,4.6872,4.29233e+06,2.93738e+06,1.24355e+07,0,0,0,0,62.338,61.3098,6.86367,0,1,1.31604,1.31604,0,1.01672,1.90512,8.92034e+06,3.92621e+06,1.17395e+07,0,0,0,0
85.1408,85.1408,8.10787,0,0.06,3.00317,3.00317,0,0.542925,4.6872,4.29233e+06,2.93738e+06,1.28906e+07,0,0,0,0,62.338,61.3098,6.84078,0,1,1.36905,1.36905,0,1.01677,1.90512,8.92034e+06,3.92621e+06,1.22124e+07,0,0,0,0
85.1408,85.1408,6.36641,0,0.06,3.00334,3.00334,0,0.562794,4.6872,4.29233e+06,2.93738e+06,1.28913e+07,0,0,0,0,62.338,61.3098,6.32032,0,1,1.36913,1.36913,0,1.05773,1.90512,8.92034e+06,3.92621e+06,1.22131e+07,0,0,0,0
85.1408,85.1408,6.48303,0,0.06,3.0035,3.0035,0,0.562825,4.6872,4.29233e+06,2.93738e+06,1.2892e+07,0,0,0,0,62.338,61.3098,6.93616,0,1,1.3692,1.3692,0,1.05779,1.90512,8.92034e+06,3.92621e+06,1.22137e+07,0,0,0,0
85.1408,85.1408,5.9437,0,0.06,3.00367,3.00367,0,0.562857,4.6872,4.29233e+06,2.93738e+06,1.28927e+07,0,0,0,0,62.338,61.3098,6.22233,0,1,1.36928,1.36928,0,1.05785,1.90512,8.92034e+06,3.92621e+06,1.22144e+07,0,0,0,0
85.1408,85.1408,5.99451,0,0.06,2.96244,2.96244,0,0.562888,4.6872,4.29233e+06,2.93738e+06,1.27158e+07,0,0,0,0,62.338,61.3098,4.86966,0,1,1.34879,1.34879,0,1.0579,1.90512,8.92034e+06,3.92621e+06,1.20317e+07,0,0,0,0
85.1408,85.1408,5.48205,0,0.06,2.9626,2.9626,0,0.555161,4.6872,4.29233e+06,2.93738e+06,1.27165e+07,0,0,0,0,62.338,61.3098,4.15392,0,1,1.34887,1.34887,0,1.04208,1.90512,8.92034e+06,3.92621e+06,1.20323e+07,0,0,0,0
85.1408,85.1408,5.12466,0,0.06,2.96277,2.96277,0,0.555192,4.6872,4.29233e+06,2.93738e+06,1.27172e+07,0,0,0,0,62.338,61.3098,3.69423,0,1,1.34894,1.34894,0,1.04213,1.90512,8.92034e+06,3.92621e+06,1.2033e+07,0,0,0,0
85.1408,85.1408,4.66582,0,0.06,2.96293,2.96293,0,0.555223,4.6872,4.29233e+06,2.93738e+06,1.27179e+07,0,0,0,0,62.338,61.3098,3.48141,0,1,1.34902,1.34902,0,1.04219,1.90512,8.92034e+06,3.92621e+06,1.20337e+07,0,0,0,0
85.1408,85.1408,4.25914,0,0.06,3.10366,3.10366,0,0.555254,4.6872,4.29233e+06,2.93738e+06,1.33219e+07,0,0,0,0,62.338,61.3098,3.38894,0,1,1.42203,1.42203,0,1.04225,1.90512,8.92034e+06,3.92621e+06,1.2685e+07,0,0,0,0
85.1408,85.1408,3.9503,0,0.06,3.10383,3.10383,0,0.581626,4.6872,4.29233e+06,2.93738e+06,1.33227e+07,0,0,0,0,62.338,61.3098,3.0526,0,1,1.42211,1.42211,0,1.09866,1.90512,8.92034e+06,3.92621e+06,1.26857e+07,0,0,0,0
85.1408,85.1408,3.83867,0,0.06,3.10401,3.10401,0,0.581658,4.6872,4.29233e+06,2.93738e+06,1.33234e+07,0,0,0,0,62.338,61.3098,3.22573,0,1,1.42219,1.42219,0,1.09872,1.90512,8.92034e+06,3.92621e+06,1.26864e+07,0,0,0,0
85.1408,85.1408,3.49215,0,0.06,3.10418,3.10418,0,0.581691,4.6872,4.29233e+06,2.93738e+06,1.33242e+07,0,0,0,0,62.338,61.3098,3.09524,0,1,1.42227,1.42227,0,1.09878,1.90512,8.92034e+06,3.92621e+06,1.26871e+07,0,0,0,0
85.0791,85.1408,3.25053,0,0.06,3.10435,3.10435,0,0.581723,4.6872,4.29233e+06,2.93738e+06,1.33249e+07,0,0,0,0,62.338,61.3098,2.91789,0,1,1.42235,1.42235,0,1.09885,1.90512,8.92034e+06,3.92621e+06,1.26878e+07,0,0,0,0
84.8556,85.1408,3.02786,0,0.06,3.07672,3.07672,0,0.581756,4.6872,4.29233e+06,2.93738e+06,1.32063e+07,0,0,0,0,62.338,61.3098,2.39647,0,1,1.46253,1.46253,0,1.09891,1.90512,8.92034e+06,3.92621e+06,1.30462e+07,0,0,0,0
84.5543,85.1408,2.93905,0,0.06,3.07689,3.07689,0,0.576577,4.6872,4.29233e+06,2.93738e+06,1.3207e+07,0,0,0,0,62.338,61.3098,2.35147,0,1,1.46261,1.46261,0,1.12995,1.90512,8.92034e+06,3.92621e+06,1.3047e+07,0,0,0,0
84.0381,85.1408,2.68626,0,0.06,3.07706,3.07706,0,0.57661,4.6872,4.29233e+06,2.93738e+06,1.32078e+07,0,0,0,0,62.338,61.3098,2.20192,0,1,1.46269,1.46269,0,1.13001,1.90512,8.92034e+06,3.92621e+06,1.30477e+07,0,0,0,0
83.2836,85.1408,2.42872,0.01,0.06,3.07724,3.07724,0,0.576642,4.6872,4.29233e+06,2.93738e+06,1.32085e+07,0,0,0,0,62.3159,61.3098,2.2001,0,1,1.46277,1.46277,0,1.13007,1.90512,8.92034e+06,3.92621e+06,1.30484e+07,0,0,0,0
82.6866,85.1408,2.64202,0.01,0.06,3.14923,3.14923,0,0.576674,4.6872,4.29233e+06,2.93738e+06,1.35175e+07,0,0,0,0,62.1732,61.3098,2.17979,0,1,1.4986,1.4986,0,1.13014,1.90512,8.92034e+06,3.92621e+06,1.3368e+07,0,0,0,0
81.8574,85.1408,2.40046,0.01,0.06,3.1494,3.1494,0,0.590165,4.6872,4.29233e+06,2.93738e+06,1.35183e+07,0,0,0,0,61.9764,61.3098,2.0807,0,1,1.49868,1.49868,0,1.15782,1.90512,8.92034e+06,3.92621e+06,1.33688e+07,0,0,0,0
80.8284,85.1408,2.18801,0.01,0.06,3.14958,3.14958,0,0.590198,4.6872,4.29233e+06,2.93738e+06,1.3519e+07,0,0,0,0,61.7556,61.3098,1.91647,0,1,1.49877,1.49877,0,1.15788,1.90512,8.92034e+06,3.92621e+06,1.33695e+07,0,0,0,0
79.5417,85.1408,1.90325,0.01,0.06,3.14975,3.14975,0,0.590231,4.6872,4.29233e+06,2.93738e+06,1.35198e+07,0,0,0,0,61.4852,61.3098,1.89937,0,1,1.49885,1.49885,0,1.15795,1.90512,8.92034e+06,3.92621e+06,1.33702e+07,0,0,0,0
78.0295,85.1408,1.84962,0.01,0.06,3.3603,3.3603,0,0.590264,4.6872,4.29233e+06,2.93738e+06,1.44235e+07,0,0,0,0,61.017,61.3098,1.73683,0,1,1.62799,1.62799,0,1.15801,1.90512,8.92034e+06,3.92621e+06,1.45222e+07,0,0,0,0
76.8556,85.1408,2.18653,0.01,0.06,3.36049,3.36049,0,0.62972,4.6872,4.29233e+06,2.93738e+06,1.44243e+07,0,0,0,0,60.4132,61.3098,1.69914,0,1,1.62808,1.62808,0,1.25778,1.90512,8.92034e+06,3.92621e+06,1.4523e+07,0,0,0,0
75.3207,85.1408,1.83787,0.01,0.06,3.36068,3.36068,0,0.629755,4.6872,4.29233e+06,2.93738e+06,1.44251e+07,0,0,0,0,59.9244,61.3098,1.49462,0,1,1.62817,1.62817,0,1.25785,1.90512,8.92034e+06,3.92621e+06,1.45238e+07,0,0,0,0
73.9819,85.1408,2.0056,0.02,0.06,3.36086,3.36086,0,0.629791,4.6872,4.29233e+06,2.93738e+06,1.44259e+07,0,0,0,0,59.602,61.3098,1.98516,0,1,1.62826,1.62826,0,1.25792,1.90512,8.92034e+06,3.92621e+06,1.45246e+07,0,0,0,0
72.5744,85.1408,1.93363,0.03,0.06,3.36105,3.36105,0,0.629826,4.6872,4.29233e+06,2.93738e+06,1.44267e+07,0,0,0,0,59.1775,61.3098,1.77413,0,1,1.62835,1.62835,0,1.25799,1.90512,8.92034e+06,3.92621e+06,1.45254e+07,0,0,0,0
71.0823,85.1408,1.77302,0.03,0.06,3.25868,3.25868,0,0.629861,4.6872,4.29233e+06,2.93738e+06,1.39873e+07,0,0,0,0,58.8833,61.3098,2.4728,0,1,1.55009,1.55009,0,1.25806,1.90512,8.92034e+06,3.92621e+06,1.38273e+07,0,0,0,0
69.4055,85.1408,1.57756,0.03,0.06,3.25886,3.25886,0,0.610677,4.6872,4.29233e+06,2.93738e+06,1.39881e+07,0,0,0,0,58.1757,61.3098,1.46638,0,1,1.55018,1.55018,0,1.1976,1.90512,8.92034e+06,3.92621e+06,1.38281e+07,0,0,0,0
67.5198,85.1408,1.34549,0.03,0.06,3.25905,3.25905,0,0.610711,4.6872,4.29233e+06,2.93738e+06,1.39889e+07,0,0,0,0,57.7166,61.3098,1.33413,0,1,1.55026,1.55026,0,1.19767,1.90512,8.92034e+06,3.92621e+06,1.38289e+07,0,0,0,0
66.9802,85.1408,2.87458,0.04,0.06,3.25923,3.25923,0,0.610745,4.6872,4.29233e+06,2.93738e+06,1.39897e+07,0,0,0,0,57.6565,61.3098,1.97258,0,1,1.55035,1.55035,0,1.19773,1.90512,8.92034e+06,3.92621e+06,1.38296e+07,0,0,0,0
67.872,85.1408,4.24034,0.05,0.06,3.17521,3.17521,0,0.610779,4.6872,4.29233e+06,2.93738e+06,1.36291e+07,0,0,0,0,57.6887,61.3098,2.37161,0,1,1.4791,1.4791,0,1.1978,1.90512,8.92034e+06,3.92621e+06,1.31941e+07,0,0,0,0
68.2693,85.1408,3.70961,0.05,0.06,3.17539,3.17539,0,0.595035,4.6872,4.29233e+06,2.93738e+06,1.36298e+07,0,0,0,0,57.7724,61.3098,2.38671,0,1,1.47918,1.47918,0,1.14275,1.90512,8.92034e+06,3.92621e+06,1.31948e+07,0,0,0,0
69.821,85.1408,4.91842,0.03,0.06,3.17557,3.17557,0,0.595068,4.6872,4.29233e+06,2.93738e+06,1.36306e+07,0,0,0,0,57.8367,61.3098,2.61882,0,1,1.47926,1.47926,0,1.14282,1.90512,8.92034e+06,3.92621e+06,1.31955e+07,0,0,0,0
71.0251,85.1408,4.70343,0.03,0.06,3.17574,3.17574,0,0.595101,4.6872,4.29233e+06,2.93738e+06,1.36313e+07,0,0,0,0,58.4647,61.3098,3.23242,0,1,1.47935,1.47935,0,1.14288,1.90512,8.92034e+06,3.92621e+06,1.31963e+07,0,0,0,0
73.0655,85.1408,5.43539,0.03,0.06,2.93674,2.93674,0,0.595134,4.6872,4.29233e+06,2.93738e+06,1.26054e+07,0,0,0,0,59.1816,61.3098,3.00391,0,1,1.33083,1.33083,0,1.14294,1.90512,8.92034e+06,3.92621e+06,1.18714e+07,0,0,0,0
77.7177,85.1408,8.17266,0.02,0.06,2.9369,2.9369,0,0.550345,4.6872,4.29233e+06,2.93738e+06,1.26061e+07,0,0,0,0,59.8811,61.3098,2.83102,0,1,1.3309,1.3309,0,1.0282,1.90512,8.92034e+06,3.92621e+06,1.18721e+07,0,0,0,0
80.52,85.1408,6.32956,0,0.06,2.93706,2.93706,0,0.550375,4.6872,4.29233e+06,2.93738e+06,1.26069e+07,0,0,0,0,60.4189,61.3098,3.53551,0,1,1.33097,1.33097,0,1.02825,1.90512,8.92034e+06,3.92621e+06,1.18727e+07,0,0,0,0
83.011,85.1408,5.944,0,0.06,2.93723,2.93723,0,0.550406,4.6872,4.29233e+06,2.93738e+06,1.26076e+07,0,0,0,0,61.061,61.3098,5.46213,0,1,1.33105,1.33105,0,1.02831,1.90512,8.92034e+06,3.92621e+06,1.18734e+07,0,0,0,0
85.1408,85.1408,5.96991,0,0.06,2.93739,2.93739,0,0.550437,4.6872,4.29233e+06,2.93738e+06,1.26083e+07,0,0,0,0,61.6283,61.3098,5.36846,0,1,1.33112,1.33112,0,1.02837,1.90512,8.92034e+06,3.92621e+06,1.18741e+07,0,0,0,0
85.1408,85.1408,8.88968,0,0.06,3.02958,3.02958,0,0.550467,4.6872,4.29233e+06,2.93738e+06,1.30039e+07,0,0,0,0,62.338,61.3098,7.47406,0,1,1.37424,1.37424,0,1.02843,1.90512,8.92034e+06,3.92621e+06,1.22587e+07,0,0,0,0
85.1408,85.1408,5.19518,0,0.06,3.02973,3.02973,0,0.567743,4.6872,4.29233e+06,2.93738e+06,1.30046e+07,0,0,0,0,62.338,61.3098,6.28464,0,1,1.37431,1.37431,0,1.06174,1.90512,8.92034e+06,3.92621e+06,1.22593e+07,0,0,0,0
85.1408,85.1408,4.39424,0,0.06,3.02988,3.02988,0,0.567771,4.6872,4.29233e+06,2.93738e+06,1.30053e+07,0,0,0,0,62.338,61.3098,5.62409,0,1,1.37438,1.37438,0,1.06179,1.90512,8.92034e+06,3.92621e+06,1.22599e+07,0,0,0,0
85.1408,85.1408,6.81441,0,0.06,3.03003,3.03003,0,0.5678,4.6872,4.29233e+06,2.93738e+06,1.30059e+07,0,0,0,0,62.338,61.3098,8.68879,0,1,1.37444,1.37444,0,1.06184,1.90512,8.92034e+06,3.92621e+06,1.22605e+07,0,0,0,0
85.1408,85.1408,5.56956,0,0.06,3.32574,3.32574,0,0.567828,4.6872,4.29233e+06,2.93738e+06,1.42752e+07,0,0,0,0,62.338,61.3098,5.88896,0,1,1.53613,1.53613,0,1.0619,1.90512,8.92034e+06,3.92621e+06,1.37028e+07,0,0,0,0
85.1408,85.1408,6.16682,0,0.06,3.32591,3.32591,0,0.623244,4.6872,4.29233e+06,2.93738e+06,1.42759e+07,0,0,0,0,62.338,61.3098,7.8974,0,1,1.5362,1.5362,0,1.18681,1.90512,8.92034e+06,3.92621e+06,1.37035e+07,0,0,0,0
85.1408,85.1408,5.03365,0,0.06,3.32608,3.32608,0,0.623276,4.6872,4.29233e+06,2.93738e+06,1.42766e+07,0,0,0,0,62.338,61.3098,7.3806,0,1,1.53628,1.53628,0,1.18687,1.90512,8.92034e+06,3.92621e+06,1.37041e+07,0,0,0,0
85.1408,85.1408,5.87772,0,0.06,3.32624,3.32624,0,0.623307,4.6872,4.29233e+06,2.93738e+06,1.42773e+07,0,0,0,0,62.338,61.3098,9.63219,0,1,1.53636,1.53636,0,1.18693,1.90512,8.92034e+06,3.92621e+06,1.37048e+07,0,0,0,0
85.1408,85.1408,4.509,0,0.06,2.90477,2.90477,0,0.623338,4.6872,4.29233e+06,2.93738e+06,1.24682e+07,0,0,0,0,62.338,61.3098,5.75045,0,1,1.3195,1.3195,0,1.18699,1.90512,8.92034e+06,3.92621e+06,1.17704e+07,0,0,0,0
85.1408,85.1408,4.5261,0,0.06,2.90491,2.90491,0,0.544353,4.6872,4.29233e+06,2.93738e+06,1.24688e+07,0,0,0,0,62.338,61.3098,6.23271,0,1,1.31957,1.31957,0,1.01945,1.90512,8.92034e+06,3.92621e+06,1.1771e+07,0,0,0,0
85.1408,85.1408,4.9491,0,0.06,2.90506,2.90506,0,0.544381,4.6872,4.29233e+06,2.93738e+06,1.24695e+07,0,0,0,0,62.338,61.3098,5.8609,0,1,1.31964,1.31964,0,1.0195,1.90512,8.92034e+06,3.92621e+06,1.17716e+07,0,0,0,0
85.1408,85.1408,4.4586,0,0.06,2.9052,2.9052,0,0.544408,4.6872,4.29233e+06,2.93738e+06,1.24701e+07,0,0,0,0,62.338,61.3098,5.9352,0,1,1.3197,1.3197,0,1.01955,1.90512,8.92034e+06,3.92621e+06,1.17722e+07,0,0,0,0
85.1408,85.1408,5.08096,0,0.06,2.90535,2.90535,0,0.544435,4.6872,4.29233e+06,2.93738e+06,1.24707e+07,0,0,0,0,62.338,61.3098,5.18019,0,1,1.31977,1.31977,0,1.0196,1.90512,8.92034e+06,3.92621e+06,1.17728e+07,0,0,0,0
85.1408,85.1408,4.04105,0,0.06,3.01166,3.01166,0,0.544463,4.6872,4.29233e+06,2.93738e+06,1.2927e+07,0,0,0,0,62.338,61.3098,4.50277,0,1,1.37292,1.37292,0,1.01965,1.90512,8.92034e+06,3.92621e+06,1.22469e+07,0,0,0,0
85.1339,85.1408,3.48166,0,0.06,3.01181,3.01181,0,0.564384,4.6872,4.29233e+06,2.93738e+06,1.29277e+07,0,0,0,0,62.338,61.3098,4.71279,0,1,1.37299,1.37299,0,1.06072,1.90512,8.92034e+06,3.92621e+06,1.22475e+07,0,0,0,0
85.1408,85.1408,3.87723,0,0.06,3.01196,3.01196,0,0.564413,4.6872,4.29233e+06,2.93738e+06,1.29283e+07,0,0,0,0,62.338,61.3098,4.84898,0,1,1.37306,1.37306,0,1.06077,1.90512,8.92034e+06,3.92621e+06,1.22481e+07,0,0,0,0
84.8991,85.1408,3.20164,0,0.06,3.01211,3.01211,0,0.564441,4.6872,4.29233e+06,2.93738e+06,1.2929e+07,0,0,0,0,62.338,61.3098,4.55152,0,1,1.37313,1.37313,0,1.06082,1.90512,8.92034e+06,3.92621e+06,1.22487e+07,0,0,0,0
84.2355,85.1408,2.66243,0,0.06,2.97074,2.97074,0,0.564469,4.6872,4.29233e+06,2.93738e+06,1.27514e+07,0,0,0,0,62.338,61.3098,3.18058,0,1,1.35257,1.35257,0,1.06088,1.90512,8.92034e+06,3.92621e+06,1.20654e+07,0,0,0,0
83.2008,85.1408,2.28812,0,0.06,2.97089,2.97089,0,0.556718,4.6872,4.29233e+06,2.93738e+06,1.27521e+07,0,0,0,0,62.338,61.3098,2.86356,0,1,1.35264,1.35264,0,1.045,1.90512,8.92034e+06,3.92621e+06,1.2066e+07,0,0,0,0
82.0952,85.1408,2.09789,0,0.06,2.97104,2.97104,0,0.556745,4.6872,4.29233e+06,2.93738e+06,1.27527e+07,0,0,0,0,62.338,61.3098,2.56576,0,1,1.35271,1.35271,0,1.04505,1.90512,8.92034e+06,3.92621e+06,1.20666e+07,0,0,0,0
80.9443,85.1408,2.03988,0,0.06,2.97119,2.97119,0,0.556773,4.6872,4.29233e+06,2.93738e+06,1.27533e+07,0,0,0,0,62.338,61.3098,2.84123,0,1,1.35278,1.35278,0,1.0451,1.90512,8.92034e+06,3.92621e+06,1.20672e+07,0,0,0,0
79.5507,85.1408,1.90431,0,0.06,3.11229,3.11229,0,0.556801,4.6872,4.29233e+06,2.93738e+06,1.3359e+07,0,0,0,0,62.3027,61.3098,2.46439,0,1,1.42599,1.42599,0,1.04516,1.90512,8.92034e+06,3.92621e+06,1.27203e+07,0,0,0,0
78.0248,85.1408,1.7369,0,0.06,3.11245,3.11245,0,0.583244,4.6872,4.29233e+06,2.93738e+06,1.33597e+07,0,0,0,0,62.3023,61.3098,2.15185,0,1,1.42606,1.42606,0,1.10172,1.90512,8.92034e+06,3.92621e+06,1.27209e+07,0,0,0,0
76.4006,85.1408,1.58405,0,0.06,3.1126,3.1126,0,0.583273,4.6872,4.29233e+06,2.93738e+06,1.33603e+07,0,0,0,0,62.338,61.3098,2.14511,0,1,1.42613,1.42613,0,1.10177,1.90512,8.92034e+06,3.92621e+06,1.27216e+07,0,0,0,0
74.7597,85.1408,1.55004,0.01,0.06,3.11276,3.11276,0,0.583302,4.6872,4.29233e+06,2.93738e+06,1.3361e+07,0,0,0,0,62.338,61.3098,2.17994,0,1,1.4262,1.4262,0,1.10183,1.90512,8.92034e+06,3.92621e+06,1.27222e+07,0,0,0,0
73.1263,85.1408,1.53781,0.01,0.06,3.11292,3.11292,0,0.583331,4.6872,4.29233e+06,2.93738e+06,1.33617e+07,0,0,0,0,62.338,61.3098,2.23024,0,1,1.42627,1.42627,0,1.10188,1.90512,8.92034e+06,3.92621e+06,1.27228e+07,0,0,0,0
72.0147,85.1408,2.01932,0.01,0.06,3.08519,3.08519,0,0.583361,4.6872,4.29233e+06,2.93738e+06,1.32427e+07,0,0,0,0,62.338,61.3098,3.29025,0,1,1.46655,1.46655,0,1.10194,1.90512,8.92034e+06,3.92621e+06,1.30822e+07,0,0,0,0
70.7918,85.1408,1.89846,0.01,0.06,3.08535,3.08535,0,0.578165,4.6872,4.29233e+06,2.93738e+06,1.32433e+07,0,0,0,0,62.338,61.3098,3.1041,0,1,1.46663,1.46663,0,1.13306,1.90512,8.92034e+06,3.92621e+06,1.30828e+07,0,0,0,0
69.4185,85.1408,1.73516,0.01,0.06,3.0855,3.0855,0,0.578194,4.6872,4.29233e+06,2.93738e+06,1.3244e+07,0,0,0,0,62.338,61.3098,3.05112,0,1,1.4667,1.4667,0,1.13312,1.90512,8.92034e+06,3.92621e+06,1.30835e+07,0,0,0,0
67.9082,85.1408,1.57295,0.01,0.06,3.08566,3.08566,0,0.578223,4.6872,4.29233e+06,2.93738e+06,1.32447e+07,0,0,0,0,62.338,61.3098,2.76028,0,1,1.46678,1.46678,0,1.13317,1.90512,8.92034e+06,3.92621e+06,1.30841e+07,0,0,0,0
66.3647,85.1408,1.54598,0.02,0.06,3.15783,3.15783,0,0.578252,4.6872,4.29233e+06,2.93738e+06,1.35544e+07,0,0,0,0,62.338,61.3098,2.64268,0,1,1.50269,1.50269,0,1.13323,1.90512,8.92034e+06,3.92621e+06,1.34045e+07,0,0,0,0
64.923,85.1408,1.664,0.03,0.06,3.15799,3.15799,0,0.591777,4.6872,4.29233e+06,2.93738e+06,1.35551e+07,0,0,0,0,62.338,61.3098,2.94554,0,1,1.50277,1.50277,0,1.16098,1.90512,8.92034e+06,3.92621e+06,1.34052e+07,0,0,0,0
63.3918,85.1408,1.53499,0.05,0.06,3.15814,3.15814,0,0.591807,4.6872,4.29233e+06,2.93738e+06,1.35558e+07,0,0,0,0,62.338,61.3098,2.79474,0,1,1.50284,1.50284,0,1.16104,1.90512,8.92034e+06,3.92621e+06,1.34059e+07,0,0,0,0
61.7466,85.1408,1.39716,0.05,0.06,3.1583,3.1583,0,0.591836,4.6872,4.29233e+06,2.93738e+06,1.35565e+07,0,0,0,0,62.338,61.3098,2.45184,0,1,1.50292,1.50292,0,1.1611,1.90512,8.92034e+06,3.92621e+06,1.34065e+07,0,0,0,0
60.1707,85.1408,1.59534,0.06,0.06,3.33797,3.3694,0,0.591866,4.6872,4.29233e+06,2.93738e+06,1.43277e+07,0,0,0,0,62.338,61.3098,3.18378,0,1,1.66383,1.6324,0,1.16115,1.90512,8.92034e+06,3.92621e+06,1.48419e+07,0,0,0,0
58.6499,85.1408,1.70406,0.06,0.06,3.36957,3.36957,0,0.625535,4.6872,4.29233e+06,2.93738e+06,1.44633e+07,0,0,0,0,62.338,61.3098,3.68387,0,1,1.63248,1.63248,0,1.28547,1.90512,8.92034e+06,3.92621e+06,1.45622e+07,0,0,0,0
56.8707,85.1408,1.41457,0.09,0.06,3.36974,3.36974,0,0.631458,4.6872,4.29233e+06,2.93738e+06,1.4464e+07,0,0,0,0,62.3049,61.3098,2.57502,0,1,1.63256,1.63256,0,1.26125,1.90512,8.92034e+06,3.92621e+06,1.4563e+07,0,0,0,0
55.4338,85.1408,1.72915,0.09,0.06,3.36991,3.36991,0,0.631489,4.6872,4.29233e+06,2.93738e+06,1.44648e+07,0,0,0,0,62.338,61.3098,4.86177,0,1,1.63264,1.63264,0,1.26132,1.90512,8.92034e+06,3.92621e+06,1.45637e+07,0,0,0,0
53.756,85.1408,1.43734,0.09,0.06,3.37008,3.37008,0,0.631521,4.6872,4.29233e+06,2.93738e+06,1.44655e+07,0,0,0,0,62.338,61.3098,3.42954,0,1,1.63272,1.63272,0,1.26138,1.90512,8.92034e+06,3.92621e+06,1.45644e+07,0,0,0,0
52.3482,85.1408,1.66685,0.07,0.06,3.26742,3.26742,0,0.631553,4.6872,4.29233e+06,2.93738e+06,1.40248e+07,0,0,0,0,62.3029,61.3098,2.75794,0,1,1.55424,1.55424,0,1.26144,1.90512,8.92034e+06,3.92621e+06,1.38644e+07,0,0,0,0
51.6308,85.1408,2.32116,0.07,0.06,3.26758,3.26758,0,0.612314,4.6872,4.29233e+06,2.93738e+06,1.40255e+07,0,0,0,0,62.338,61.3098,4.47371,0,1,1.55432,1.55432,0,1.20081,1.90512,8.92034e+06,3.92621e+06,1.38651e+07,0,0,0,0
49.9131,85.1408,1.33003,0.07,0.06,3.26775,3.26775,0,0.612345,4.6872,4.29233e+06,2.93738e+06,1.40262e+07,0,0,0,0,62.2262,61.3098,3.02527,0,1,1.5544,1.5544,0,1.20087,1.90512,8.92034e+06,3.92621e+06,1.38658e+07,0,0,0,0
48.137,85.1408,1.20009,0.09,0.06,3.26791,3.26791,0,0.612375,4.6872,4.29233e+06,2.93738e+06,1.40269e+07,0,0,0,0,62.1255,61.3098,2.50587,0,1,1.55448,1.55448,0,1.20093,1.90512,8.92034e+06,3.92621e+06,1.38665e+07,0,0,0,0
46.7964,85.1408,1.61358,0.08,0.06,3.18365,3.18365,0,0.612406,4.6872,4.29233e+06,2.93738e+06,1.36653e+07,0,0,0,0,62.0317,61.3098,2.29686,0,1,1.48303,1.48303,0,1.20099,1.90512,8.92034e+06,3.92621e+06,1.32291e+07,0,0,0,0
46.0457,85.1408,2.15927,0.08,0.06,3.13249,3.18381,0,0.596616,4.6872,4.29233e+06,2.93738e+06,1.34457e+07,0,0,0,0,62.0323,61.3098,3.65393,0,1,1.53443,1.4831,0,1.14579,1.90512,8.92034e+06,3.92621e+06,1.36876e+07,0,0,0,0
49.0134,85.1408,6.08053,0.08,0.06,3.13272,3.18397,0,0.587028,4.6872,4.29233e+06,2.93738e+06,1.34467e+07,0,0,0,0,62.338,61.3098,8.12571,0,1,1.53443,1.48318,0,1.1855,1.90512,8.92034e+06,3.92621e+06,1.36876e+07,0,0,0,0
49.8586,85.1408,3.90784,0.08,0.06,3.13296,3.18413,0,0.587072,4.6872,4.29233e+06,2.93738e+06,1.34477e+07,0,0,0,0,62.338,61.3098,3.42263,0,1,1.53443,1.48325,0,1.1855,1.90512,8.92034e+06,3.92621e+06,1.36876e+07,0,0,0,0
50.4544,85.1408,3.45318,0.07,0.06,2.89338,2.94448,0,0.587116,4.6872,4.29233e+06,2.93738e+06,1.24193e+07,0,0,0,0,62.338,61.3098,4.22274,0,1,1.38543,1.33433,0,1.1855,1.90512,8.92034e+06,3.92621e+06,1.23585e+07,0,0,0,0
52.0597,85.1408,4.4125,0.07,0.06,2.74461,2.94462,0,0.542219,4.6872,4.29233e+06,2.93738e+06,1.17808e+07,0,0,0,0,62.338,61.3098,5.59542,0,1,1.53442,1.3344,0,1.07038,1.90512,8.92034e+06,3.92621e+06,1.36875e+07,0,0,0,0
53.6262,85.1408,4.43178,0.06,0.06,2.74482,2.94477,0,0.514339,4.6872,4.29233e+06,2.93738e+06,1.17817e+07,0,0,0,0,62.338,61.3098,5.75769,0,1,1.53442,1.33447,0,1.18549,1.90512,8.92034e+06,3.92621e+06,1.36875e+07,0,0,0,0
56.4027,85.1408,5.69572,0.06,0.06,2.74503,2.94492,0,0.514379,4.6872,4.29233e+06,2.93738e+06,1.17826e+07,0,0,0,0,62.338,61.3098,7.02298,0,1,1.53442,1.33453,0,1.18549,1.90512,8.92034e+06,3.92621e+06,1.36875e+07,0,0,0,0
60.2468,85.1408,6.8134,0.06,0.06,2.74525,2.94507,0,0.51442,4.6872,4.29233e+06,2.93738e+06,1.17835e+07,0,0,0,0,62.338,61.3098,8.2348,0,1,1.53442,1.3346,0,1.18549,1.90512,8.92034e+06,3.92621e+06,1.36875e+07,0,0,0,0
61.7405,85.1408,4.75121,0.05,0.06,3.03748,3.03748,0,0.51446,4.6872,4.29233e+06,2.93738e+06,1.30379e+07,0,0,0,0,62.338,61.3098,5.73016,0,1,1.37782,1.37782,0,1.18549,1.90512,8.92034e+06,3.92621e+06,1.22906e+07,0,0,0,0
62.053,85.1408,3.61329,0.05,0.06,3.03761,3.03761,0,0.569223,4.6872,4.29233e+06,2.93738e+06,1.30384e+07,0,0,0,0,62.338,61.3098,4.70316,0,1,1.37788,1.37788,0,1.0645,1.90512,8.92034e+06,3.92621e+06,1.22912e+07,0,0,0,0
62.0543,85.1408,3.21823,0.05,0.06,3.03775,3.03775,0,0.569249,4.6872,4.29233e+06,2.93738e+06,1.3039e+07,0,0,0,0,62.338,61.3098,3.93742,0,1,1.37794,1.37794,0,1.06455,1.90512,8.92034e+06,3.92621e+06,1.22917e+07,0,0,0,0
61.3084,85.1408,2.44071,0.05,0.06,3.03788,3.03788,0,0.569274,4.6872,4.29233e+06,2.93738e+06,1.30396e+07,0,0,0,0,62.338,61.3098,3.95456,0,1,1.37801,1.37801,0,1.0646,1.90512,8.92034e+06,3.92621e+06,1.22923e+07,0,0,0,0
61.0478,85.1408,3.16607,0.05,0.06,3.33434,3.33434,0,0.569299,4.6872,4.29233e+06,2.93738e+06,1.43121e+07,0,0,0,0,62.338,61.3098,3.47125,0,1,1.5401,1.5401,0,1.06465,1.90512,8.92034e+06,3.92621e+06,1.37382e+07,0,0,0,0
61.0653,85.1408,3.48339,0.04,0.06,3.33449,3.33449,0,0.624855,4.6872,4.29233e+06,2.93738e+06,1.43127e+07,0,0,0,0,62.338,61.3098,4.05875,0,1,1.54017,1.54017,0,1.18988,1.90512,8.92034e+06,3.92621e+06,1.37388e+07,0,0,0,0
62.7705,85.1408,5.21909,0.04,0.06,3.33464,3.33464,0,0.624883,4.6872,4.29233e+06,2.93738e+06,1.43134e+07,0,0,0,0,62.338,61.3098,6.95968,0,1,1.54024,1.54024,0,1.18993,1.90512,8.92034e+06,3.92621e+06,1.37394e+07,0,0,0,0
62.7914,85.1408,3.47274,0.05,0.06,3.33479,3.33479,0,0.624911,4.6872,4.29233e+06,2.93738e+06,1.4314e+07,0,0,0,0,62.338,61.3098,4.16367,0,1,1.5403,1.5403,0,1.18999,1.90512,8.92034e+06,3.92621e+06,1.374e+07,0,0,0,0
63.7028,85.1408,4.16163,0.04,0.06,2.91221,2.91221,0,0.624939,4.6872,4.29233e+06,2.93738e+06,1.25002e+07,0,0,0,0,62.338,61.3098,6.69277,0,1,1.32289,1.32289,0,1.19004,1.90512,8.92034e+06,3.92621e+06,1.18006e+07,0,0,0,0
65.776,85.1408,5.52222,0.04,0.06,2.91234,2.91234,0,0.545748,4.6872,4.29233e+06,2.93738e+06,1.25007e+07,0,0,0,0,62.338,61.3098,10.3359,0,1,1.32294,1.32294,0,1.02206,1.90512,8.92034e+06,3.92621e+06,1.18011e+07,0,0,0,0
66.0527,85.1408,3.65256,0.04,0.06,2.91247,2.91247,0,0.545772,4.6872,4.29233e+06,2.93738e+06,1.25013e+07,0,0,0,0,62.338,61.3098,5.62353,0,1,1.323,1.323,0,1.02211,1.90512,8.92034e+06,3.92621e+06,1.18016e+07,0,0,0,0
69.6351,85.1408,7.23201,0.05,0.06,2.9126,2.9126,0,0.545797,4.6872,4.29233e+06,2.93738e+06,1.25018e+07,0,0,0,0,62.338,61.3098,6.4156,0,1,1.32306,1.32306,0,1.02215,1.90512,8.92034e+06,3.92621e+06,1.18022e+07,0,0,0,0
73.9134,85.1408,8.03222,0.02,0.06,2.91273,2.91273,0,0.545821,4.6872,4.29233e+06,2.93738e+06,1.25024e+07,0,0,0,0,62.338,61.3098,10.0938,0,1,1.32312,1.32312,0,1.0222,1.90512,8.92034e+06,3.92621e+06,1.18027e+07,0,0,0,0
74.5173,85.1408,4.18531,0.02,0.06,3.01929,3.01929,0,0.545846,4.6872,4.29233e+06,2.93738e+06,1.29598e+07,0,0,0,0,62.338,61.3098,8.01145,0,1,1.3764,1.3764,0,1.02224,1.90512,8.92034e+06,3.92621e+06,1.22779e+07,0,0,0,0
78.2108,85.1408,7.62779,0.02,0.06,3.01942,3.01942,0,0.565815,4.6872,4.29233e+06,2.93738e+06,1.29604e+07,0,0,0,0,62.338,61.3098,11.6924,0,1,1.37646,1.37646,0,1.0634,1.90512,8.92034e+06,3.92621e+06,1.22785e+07,0,0,0,0
79.907,85.1408,5.37591,0,0.06,3.01956,3.01956,0,0.56584,4.6872,4.29233e+06,2.93738e+06,1.29609e+07,0,0,0,0,62.338,61.3098,8.8244,0,1,1.37652,1.37652,0,1.06345,1.90512,8.92034e+06,3.92621e+06,1.2279e+07,0,0,0,0
80.5609,85.1408,4.26296,0,0.06,3.01969,3.01969,0,0.565865,4.6872,4.29233e+06,2.93738e+06,1.29615e+07,0,0,0,0,62.338,61.3098,7.81446,0,1,1.37658,1.37658,0,1.0635,1.90512,8.92034e+06,3.92621e+06,1.22796e+07,0,0,0,0
80.8068,85.1408,3.72461,0,0.06,2.97821,2.97821,0,0.56589,4.6872,4.29233e+06,2.93738e+06,1.27834e+07,0,0,0,0,62.338,61.3098,7.09134,0,1,1.35597,1.35597,0,1.06355,1.90512,8.92034e+06,3.92621e+06,1.20957e+07,0,0,0,0
81.07,85.1408,3.74464,0,0.06,2.97834,2.97834,0,0.558116,4.6872,4.29233e+06,2.93738e+06,1.2784e+07,0,0,0,0,62.338,61.3098,5.49635,0,1,1.35603,1.35603,0,1.04762,1.90512,8.92034e+06,3.92621e+06,1.20963e+07,0,0,0,0
80.7281,85.1408,3.12945,0,0.06,2.97847,2.97847,0,0.558141,4.6872,4.29233e+06,2.93738e+06,1.27846e+07,0,0,0,0,62.338,61.3098,4.55955,0,1,1.35609,1.35609,0,1.04767,1.90512,8.92034e+06,3.92621e+06,1.20968e+07,0,0,0,0
80.1041,85.1408,2.73672,0,0.06,2.97861,2.97861,0,0.558166,4.6872,4.29233e+06,2.93738e+06,1.27852e+07,0,0,0,0,62.338,61.3098,3.584,0,1,1.35615,1.35615,0,1.04772,1.90512,8.92034e+06,3.92621e+06,1.20973e+07,0,0,0,0
79.1265,85.1408,2.4546,0,0.06,3.12004,3.12004,0,0.558191,4.6872,4.29233e+06,2.93738e+06,1.33922e+07,0,0,0,0,62.338,61.3098,3.38638,0,1,1.42954,1.42954,0,1.04776,1.90512,8.92034e+06,3.92621e+06,1.27519e+07,0,0,0,0
78.3016,85.1408,2.57106,0,0.06,3.12018,3.12018,0,0.584696,4.6872,4.29233e+06,2.93738e+06,1.33928e+07,0,0,0,0,62.338,61.3098,3.60007,0,1,1.4296,1.4296,0,1.10446,1.90512,8.92034e+06,3.92621e+06,1.27525e+07,0,0,0,0
77.2349,85.1408,2.25086,0,0.06,3.12032,3.12032,0,0.584722,4.6872,4.29233e+06,2.93738e+06,1.33934e+07,0,0,0,0,62.338,61.3098,3.3099,0,1,1.42966,1.42966,0,1.10451,1.90512,8.92034e+06,3.92621e+06,1.27531e+07,0,0,0,0
76.0945,85.1408,2.15096,0,0.06,3.12046,3.12046,0,0.584748,4.6872,4.29233e+06,2.93738e+06,1.3394e+07,0,0,0,0,62.338,61.3098,3.34682,0,1,1.42973,1.42973,0,1.10456,1.90512,8.92034e+06,3.92621e+06,1.27537e+07,0,0,0,0
74.8745,85.1408,2.05225,0.01,0.06,3.1206,3.1206,0,0.584774,4.6872,4.29233e+06,2.93738e+06,1.33946e+07,0,0,0,0,62.3132,61.3098,3.24876,0,1,1.42979,1.42979,0,1.10461,1.90512,8.92034e+06,3.92621e+06,1.27542e+07,0,0,0,0
73.7167,85.1408,2.01164,0.01,0.06,3.09279,3.09279,0,0.5848,4.6872,4.29233e+06,2.93738e+06,1.32753e+07,0,0,0,0,62.3151,61.3098,2.10077,0,1,1.47016,1.47016,0,1.10466,1.90512,8.92034e+06,3.92621e+06,1.31144e+07,0,0,0,0
72.4,85.1408,1.84242,0.01,0.06,3.09292,3.09292,0,0.579588,4.6872,4.29233e+06,2.93738e+06,1.32758e+07,0,0,0,0,62.193,61.3098,2.09458,0,1,1.47023,1.47023,0,1.13585,1.90512,8.92034e+06,3.92621e+06,1.31149e+07,0,0,0,0
70.9312,85.1408,1.6661,0.01,0.06,3.09306,3.09306,0,0.579614,4.6872,4.29233e+06,2.93738e+06,1.32764e+07,0,0,0,0,62.1009,61.3098,1.87583,0,1,1.4703,1.4703,0,1.1359,1.90512,8.92034e+06,3.92621e+06,1.31155e+07,0,0,0,0
69.4274,85.1408,1.58186,0.01,0.06,3.0932,3.0932,0,0.57964,4.6872,4.29233e+06,2.93738e+06,1.3277e+07,0,0,0,0,61.7712,61.3098,1.84203,0,1,1.47036,1.47036,0,1.13595,1.90512,8.92034e+06,3.92621e+06,1.31161e+07,0,0,0,0
67.6901,85.1408,1.3807,0.01,0.06,3.16553,3.16553,0,0.579665,4.6872,4.29233e+06,2.93738e+06,1.35875e+07,0,0,0,0,61.2493,61.3098,1.5957,0,1,1.50636,1.50636,0,1.136,1.90512,8.92034e+06,3.92621e+06,1.34372e+07,0,0,0,0
65.9,85.1408,1.30634,0.03,0.06,3.16567,3.16567,0,0.59322,4.6872,4.29233e+06,2.93738e+06,1.35881e+07,0,0,0,0,60.6152,61.3098,1.49467,0,1,1.50642,1.50642,0,1.16381,1.90512,8.92034e+06,3.92621e+06,1.34378e+07,0,0,0,0
63.9879,85.1408,1.1617,0.05,0.06,3.16581,3.16581,0,0.593247,4.6872,4.29233e+06,2.93738e+06,1.35887e+07,0,0,0,0,59.9256,61.3098,1.3957,0,1,1.50649,1.50649,0,1.16386,1.90512,8.92034e+06,3.92621e+06,1.34384e+07,0,0,0,0
61.9967,85.1408,1.05793,0.05,0.06,3.16595,3.16595,0,0.593273,4.6872,4.29233e+06,2.93738e+06,1.35893e+07,0,0,0,0,59.198,61.3098,1.32394,0,1,1.50656,1.50656,0,1.16392,1.90512,8.92034e+06,3.92621e+06,1.3439e+07,0,0,0,0
59.7231,85.1408,0.90114,0.05,0.06,3.37754,3.37754,0,0.593299,4.6872,4.29233e+06,2.93738e+06,1.44975e+07,0,0,0,0,58.1739,61.3098,1.28508,0,1,1.63634,1.63634,0,1.16397,1.90512,8.92034e+06,3.92621e+06,1.45967e+07,0,0,0,0
57.3566,85.1408,0.770033,0.06,0.06,3.37769,3.37769,0,0.632952,4.6872,4.29233e+06,2.93738e+06,1.44982e+07,0,0,0,0,57.018,61.3098,1.03541,0,1,1.63641,1.63641,0,1.26424,1.90512,8.92034e+06,3.92621e+06,1.45973e+07,0,0,0,0
55.0066,85.1408,0.749351,0.09,0.06,3.37784,3.37784,0,0.63298,4.6872,4.29233e+06,2.93738e+06,1.44988e+07,0,0,0,0,55.9763,61.3098,0.974044,0,1,1.63649,1.63649,0,1.26429,1.90512,8.92034e+06,3.92621e+06,1.4598e+07,0,0,0,0
53.0024,85.1408,1.06985,0.08,0.06,3.378,3.378,0,0.633008,4.6872,4.29233e+06,2.93738e+06,1.44995e+07,0,0,0,0,55.0501,61.3098,1.1374,0,1,1.63656,1.63656,0,1.26435,1.90512,8.92034e+06,3.92621e+06,1.45987e+07,0,0,0,0
51.4487,85.1408,1.55499,0.09,0.06,3.37815,3.37815,0,0.633036,4.6872,4.29233e+06,2.93738e+06,1.45001e+07,0,0,0,0,54.3234,61.3098,1.3265,0,1,1.63663,1.63663,0,1.26441,1.90512,8.92034e+06,3.92621e+06,1.45993e+07,0,0,0,0
49.4336,85.1408,0.936241,0.07,0.06,3.27522,3.27522,0,0.633065,4.6872,4.29233e+06,2.93738e+06,1.40583e+07,0,0,0,0,53.6961,61.3098,1.31442,0,1,1.55796,1.55796,0,1.26446,1.90512,8.92034e+06,3.92621e+06,1.38975e+07,0,0,0,0
47.5141,85.1408,0.996365,0.09,0.06,3.27537,3.27537,0,0.613776,4.6872,4.29233e+06,2.93738e+06,1.4059e+07,0,0,0,0,53.0584,61.3098,1.46158,0,1,1.55802,1.55802,0,1.20368,1.90512,8.92034e+06,3.92621e+06,1.38981e+07,0,0,0,0
45.5681,85.1408,0.973184,0.09,0.06,3.27551,3.27551,0,0.613804,4.6872,4.29233e+06,2.93738e+06,1.40596e+07,0,0,0,0,52.3005,61.3098,1.28282,0,1,1.55809,1.55809,0,1.20373,1.90512,8.92034e+06,3.92621e+06,1.38987e+07,0,0,0,0
43.4755,85.1408,0.85445,0.09,0.06,3.27566,3.27566,0,0.613831,4.6872,4.29233e+06,2.93738e+06,1.40602e+07,0,0,0,0,51.6187,61.3098,1.26221,0,1,1.55816,1.55816,0,1.20378,1.90512,8.92034e+06,3.92621e+06,1.38993e+07,0,0,0,0
42.0833,85.1408,1.55227,0.08,0.06,3.19118,3.19118,0,0.613858,4.6872,4.29233e+06,2.93738e+06,1.36976e+07,0,0,0,0,50.9602,61.3098,1.38317,0,1,1.48654,1.48654,0,1.20384,1.90512,8.92034e+06,3.92621e+06,1.32604e+07,0,0,0,0
41.5598,85.1408,2.38915,0.09,0.06,3.14351,3.19133,0,0.598028,4.6872,4.29233e+06,2.93738e+06,1.3493e+07,0,0,0,0,50.7096,61.3098,1.15132,0,1,1.53442,1.48661,0,1.1485,1.90512,8.92034e+06,3.92621e+06,1.36875e+07,0,0,0,0
41.1052,85.1408,2.45857,0.1,0.06,3.14372,3.19147,0,0.589094,4.6872,4.29233e+06,2.93738e+06,1.34939e+07,0,0,0,0,50.6588,61.3098,2.05097,0,1,1.53442,1.48667,0,1.18549,1.90512,8.92034e+06,3.92621e+06,1.36875e+07,0,0,0,0
44.901,85.1408,6.92051,0.1,0.06,3.14393,3.19161,0,0.589133,4.6872,4.29233e+06,2.93738e+06,1.34948e+07,0,0,0,0,51.5966,61.3098,4.77234,0,1,1.53442,1.48674,0,1.18549,1.90512,8.92034e+06,3.92621e+06,1.36875e+07,0,0,0,0
46.5409,85.1408,4.47654,0.07,0.06,2.90376,2.95138,0,0.589172,4.6872,4.29233e+06,2.93738e+06,1.24639e+07,0,0,0,0,52.2514,61.3098,2.22169,0,1,1.38507,1.33746,0,1.18549,1.90512,8.92034e+06,3.92621e+06,1.23553e+07,0,0,0,0
48.0983,85.1408,4.36798,0.07,0.06,2.75462,2.95151,0,0.544165,4.6872,4.29233e+06,2.93738e+06,1.18237e+07,0,0,0,0,53.4483,61.3098,4.74057,0,1,1.53441,1.33752,0,1.07011,1.90512,8.92034e+06,3.92621e+06,1.36875e+07,0,0,0,0
48.8331,85.1408,3.53675,0.07,0.06,2.75481,2.95164,0,0.516215,4.6872,4.29233e+06,2.93738e+06,1.18245e+07,0,0,0,0,53.3616,61.3098,3.01128,0,1,1.53441,1.33758,0,1.18549,1.90512,8.92034e+06,3.92621e+06,1.36875e+07,0,0,0,0
49.5888,85.1408,3.56034,0.07,0.06,2.755,2.95177,0,0.516251,4.6872,4.29233e+06,2.93738e+06,1.18254e+07,0,0,0,0,52.8137,61.3098,1.73921,0,1,1.53441,1.33764,0,1.18549,1.90512,8.92034e+06,3.92621e+06,1.36875e+07,0,0,0,0
49.8984,85.1408,3.13281,0.1,0.06,2.75519,2.9519,0,0.516287,4.6872,4.29233e+06,2.93738e+06,1.18262e+07,0,0,0,0,52.5792,61.3098,1.67052,0,1,1.53441,1.3377,0,1.18549,1.90512,8.92034e+06,3.92621e+06,1.36875e+07,0,0,0,0
50.3238,85.1408,3.22971,0.1,0.06,2.75525,2.9519,0,0.516323,4.6872,4.29233e+06,2.93738e+06,1.18264e+07,0,0,0,0,52.4374,61.3098,2.35622,0,1,1.53435,1.3377,0,1.18549,1.90512,8.92034e+06,3.92621e+06,1.36869e+07,0,0,0,0
50.2012,85.1408,2.76268,0.11,0.06,2.84786,3.04451,0,0.516334,4.6872,4.29233e+06,2.93738e+06,1.22239e+07,0,0,0,0,51.8306,61.3098,1.89516,0,1,1.57766,1.38101,0,1.18544,1.90512,8.92034e+06,3.92621e+06,1.40733e+07,0,0,0,0
49.4968,85.1408,2.20309,0.11,0.06,2.89129,3.04463,0,0.533688,4.6872,4.29233e+06,2.93738e+06,1.24104e+07,0,0,0,0,50.9862,61.3098,1.57241,0,1,1.53441,1.38106,0,1.2189,1.90512,8.92034e+06,3.92621e+06,1.36874e+07,0,0,0,0
48.6912,85.1408,2.04523,0.11,0.06,2.89146,3.04475,0,0.541827,4.6872,4.29233e+06,2.93738e+06,1.24111e+07,0,0,0,0,50.0161,61.3098,1.34375,0,1,1.53441,1.38112,0,1.18548,1.90512,8.92034e+06,3.92621e+06,1.36874e+07,0,0,0,0
47.2901,85.1408,1.42666,0.1,0.06,2.89163,3.04487,0,0.54186,4.6872,4.29233e+06,2.93738e+06,1.24118e+07,0,0,0,0,49.8959,61.3098,1.33052,0,1,1.53441,1.38117,0,1.18548,1.90512,8.92034e+06,3.92621e+06,1.36874e+07,0,0,0,0
47.4974,85.1408,3.36753,0.1,0.06,3.18881,3.34199,0,0.541892,4.6872,4.29233e+06,2.93738e+06,1.36874e+07,0,0,0,0,49.7011,61.3098,2.74899,0,1,1.69681,1.54363,0,1.18548,1.90512,8.92034e+06,3.92621e+06,1.51361e+07,0,0,0,0
46.6523,85.1408,2.41927,0.11,0.06,3.34212,3.34212,0,0.597582,4.6872,4.29233e+06,2.93738e+06,1.43455e+07,0,0,0,0,48.7205,61.3098,1.73185,0,1,1.54369,1.54369,0,1.31095,1.90512,8.92034e+06,3.92621e+06,1.37702e+07,0,0,0,0
44.9706,85.1408,1.49426,0.12,0.06,3.34225,3.34225,0,0.626312,4.6872,4.29233e+06,2.93738e+06,1.4346e+07,0,0,0,0,48.0839,61.3098,1.17992,0,1,1.54375,1.54375,0,1.19265,1.90512,8.92034e+06,3.92621e+06,1.37708e+07,0,0,0,0
44.9638,85.1408,3.22606,0.13,0.06,3.34238,3.34238,0,0.626337,4.6872,4.29233e+06,2.93738e+06,1.43466e+07,0,0,0,0,48.0708,61.3098,1.95612,0,1,1.54381,1.54381,0,1.1927,1.90512,8.92034e+06,3.92621e+06,1.37713e+07,0,0,0,0
47.2034,85.1408,5.13383,0.13,0.06,2.91882,2.91882,0,0.626361,4.6872,4.29233e+06,2.93738e+06,1.25285e+07,0,0,0,0,48.492,61.3098,2.52506,0,1,1.32589,1.32589,0,1.19275,1.90512,8.92034e+06,3.92621e+06,1.18274e+07,0,0,0,0
52.4843,85.1408,8.23989,0.17,0.06,2.71047,2.91894,0,0.546987,4.6872,4.29233e+06,2.93738e+06,1.16342e+07,0,0,0,0,49.1478,61.3098,3.87645,0,1,1.5344,1.32594,0,1.02438,1.90512,8.92034e+06,3.92621e+06,1.36874e+07,0,0,0,0
57.0854,85.1408,7.62735,0.09,0.06,2.71064,2.91905,0,0.507943,4.6872,4.29233e+06,2.93738e+06,1.1635e+07,0,0,0,0,50.2382,61.3098,5.42008,0,1,1.5344,1.32599,0,1.18548,1.90512,8.92034e+06,3.92621e+06,1.36874e+07,0,0,0,0
62.4447,85.1408,8.63811,0.09,0.06,2.71081,2.91916,0,0.507974,4.6872,4.29233e+06,2.93738e+06,1.16357e+07,0,0,0,0,51.1296,61.3098,4.45566,0,1,1.5344,1.32604,0,1.18548,1.90512,8.92034e+06,3.92621e+06,1.36874e+07,0,0,0,0
65.336,85.1408,6.19177,0.05,0.06,2.91928,2.91928,0,0.508005,4.6872,4.29233e+06,2.93738e+06,1.25305e+07,0,0,0,0,52.1998,61.3098,3.9388,0,1,1.3261,1.3261,0,1.18548,1.90512,8.92034e+06,3.92621e+06,1.18292e+07,0,0,0,0
66.3622,85.1408,4.34171,0.05,0.06,3.02606,3.02606,0,0.547073,4.6872,4.29233e+06,2.93738e+06,1.29888e+07,0,0,0,0,53.0065,61.3098,3.34885,0,1,1.37948,1.37948,0,1.02454,1.90512,8.92034e+06,3.92621e+06,1.23055e+07,0,0,0,0
66.741,85.1408,3.62269,0.05,0.06,3.02618,3.02618,0,0.567084,4.6872,4.29233e+06,2.93738e+06,1.29894e+07,0,0,0,0,53.6095,61.3098,2.82371,0,1,1.37954,1.37954,0,1.06579,1.90512,8.92034e+06,3.92621e+06,1.23059e+07,0,0,0,0
67.0227,85.1408,3.52949,0.04,0.06,3.0263,3.0263,0,0.567106,4.6872,4.29233e+06,2.93738e+06,1.29899e+07,0,0,0,0,54.0638,61.3098,2.94164,0,1,1.37959,1.37959,0,1.06583,1.90512,8.92034e+06,3.92621e+06,1.23064e+07,0,0,0,0
66.7967,85.1408,2.97108,0.04,0.06,3.02641,3.02641,0,0.567128,4.6872,4.29233e+06,2.93738e+06,1.29904e+07,0,0,0,0,53.7316,61.3098,2.29588,0,1,1.37965,1.37965,0,1.06587,1.90512,8.92034e+06,3.92621e+06,1.23069e+07,0,0,0,0
65.5698,85.1408,1.86471,0.03,0.06,2.98482,2.98482,0,0.56715,4.6872,4.29233e+06,2.93738e+06,1.28118e+07,0,0,0,0,53.0875,61.3098,1.41762,0,1,1.35898,1.35898,0,1.06591,1.90512,8.92034e+06,3.92621e+06,1.21226e+07,0,0,0,0
64.169,85.1408,1.66001,0.02,0.06,2.98494,2.98494,0,0.559355,4.6872,4.29233e+06,2.93738e+06,1.28123e+07,0,0,0,0,52.6128,61.3098,1.41328,0,1,1.35903,1.35903,0,1.04995,1.90512,8.92034e+06,3.92621e+06,1.2123e+07,0,0,0,0
63.2757,85.1408,2.16374,0.03,0.06,2.98505,2.98505,0,0.559377,4.6872,4.29233e+06,2.93738e+06,1.28128e+07,0,0,0,0,52.1307,61.3098,1.52403,0,1,1.35909,1.35909,0,1.04999,1.90512,8.92034e+06,3.92621e+06,1.21235e+07,0,0,0,0
62.2066,85.1408,1.96621,0.03,0.06,2.98517,2.98517,0,0.559399,4.6872,4.29233e+06,2.93738e+06,1.28133e+07,0,0,0,0,51.3784,61.3098,1.41695,0,1,1.35914,1.35914,0,1.05003,1.90512,8.92034e+06,3.92621e+06,1.2124e+07,0,0,0,0
60.5705,85.1408,1.43668,0.03,0.06,3.1269,3.1269,0,0.559421,4.6872,4.29233e+06,2.93738e+06,1.34217e+07,0,0,0,0,50.3647,61.3098,1.03399,0,1,1.43268,1.43268,0,1.05007,1.90512,8.92034e+06,3.92621e+06,1.278e+07,0,0,0,0
58.8857,85.1408,1.34858,0.02,0.06,3.12702,3.12702,0,0.585981,4.6872,4.29233e+06,2.93738e+06,1.34222e+07,0,0,0,0,49.4339,61.3098,1.05123,0,1,1.43273,1.43273,0,1.10689,1.90512,8.92034e+06,3.92621e+06,1.27805e+07,0,0,0,0
57.2521,85.1408,1.29429,0.06,0.06,3.02552,3.12714,0,0.586004,4.6872,4.29233e+06,2.93738e+06,1.29866e+07,0,0,0,0,48.3679,61.3098,1.02576,0,1,1.53441,1.43279,0,1.10693,1.90512,8.92034e+06,3.92621e+06,1.36874e+07,0,0,0,0
55.5631,85.1408,1.21275,0.06,0.06,3.0257,3.12726,0,0.566983,4.6872,4.29233e+06,2.93738e+06,1.29873e+07,0,0,0,0,47.4473,61.3098,0.955394,0,1,1.53441,1.43285,0,1.18548,1.90512,8.92034e+06,3.92621e+06,1.36874e+07,0,0,0,0
54.06,85.1408,1.36456,0.06,0.06,3.02588,3.12739,0,0.567017,4.6872,4.29233e+06,2.93738e+06,1.29881e+07,0,0,0,0,46.4428,61.3098,1.09283,0,1,1.53441,1.4329,0,1.18548,1.90512,8.92034e+06,3.92621e+06,1.36874e+07,0,0,0,0
52.5053,85.1408,1.3458,0.04,0.06,3.0995,3.0995,0,0.56705,4.6872,4.29233e+06,2.93738e+06,1.33041e+07,0,0,0,0,45.5332,61.3098,1.04977,0,1,1.47335,1.47335,0,1.18548,1.90512,8.92034e+06,3.92621e+06,1.31428e+07,0,0,0,0
50.8659,85.1408,1.23658,0.05,0.06,3.09962,3.09962,0,0.580846,4.6872,4.29233e+06,2.93738e+06,1.33046e+07,0,0,0,0,44.5099,61.3098,1.05548,0,1,1.47341,1.47341,0,1.13831,1.90512,8.92034e+06,3.92621e+06,1.31433e+07,0,0,0,0
49.1989,85.1408,1.1324,0.11,0.06,3.0388,3.09974,0,0.580868,4.6872,4.29233e+06,2.93738e+06,1.30435e+07,0,0,0,0,43.3856,61.3098,0.927223,0,1,1.53441,1.47347,0,1.13836,1.90512,8.92034e+06,3.92621e+06,1.36874e+07,0,0,0,0
47.5197,85.1408,1.07605,0.12,0.06,3.03898,3.09986,0,0.569471,4.6872,4.29233e+06,2.93738e+06,1.30443e+07,0,0,0,0,42.2271,61.3098,0.890576,0,1,1.53441,1.47353,0,1.18548,1.90512,8.92034e+06,3.92621e+06,1.36874e+07,0,0,0,0
45.7785,85.1408,1.029,0.1,0.06,3.1115,3.17233,0,0.569504,4.6872,4.29233e+06,2.93738e+06,1.33556e+07,0,0,0,0,40.9512,61.3098,0.879452,0,1,1.57042,1.50959,0,1.18548,1.90512,8.92034e+06,3.92621e+06,1.40086e+07,0,0,0,0
43.8965,85.1408,0.913785,0.09,0.06,3.14769,3.17245,0,0.583096,4.6872,4.29233e+06,2.93738e+06,1.35109e+07,0,0,0,0,39.7161,61.3098,0.800274,0,1,1.53441,1.50965,0,1.2133,1.90512,8.92034e+06,3.92621e+06,1.36875e+07,0,0,0,0
41.9403,85.1408,0.828474,0.1,0.06,3.14788,3.17258,0,0.589878,4.6872,4.29233e+06,2.93738e+06,1.35117e+07,0,0,0,0,38.4698,61.3098,0.781381,0,1,1.53441,1.50971,0,1.18549,1.90512,8.92034e+06,3.92621e+06,1.36875e+07,0,0,0,0
39.8479,85.1408,0.687354,0.15,0.06,3.14806,3.1727,0,0.589912,4.6872,4.29233e+06,2.93738e+06,1.35125e+07,0,0,0,0,37.0938,61.3098,0.768552,0,1,1.53441,1.50977,0,1.18549,1.90512,8.92034e+06,3.92621e+06,1.36875e+07,0,0,0,0
37.4314,85.1408,0.574797,0.15,0.06,3.36014,3.38472,0,0.589946,4.6872,4.29233e+06,2.93738e+06,1.44228e+07,0,0,0,0,35.617,61.3098,0.57773,0,1,1.6644,1.63982,0,1.18549,1.90512,8.92034e+06,3.92621e+06,1.4847e+07,0,0,0,0
35.0592,85.1408,0.647748,0.14,0.06,3.38485,3.38485,0,0.62969,4.6872,4.29233e+06,2.93738e+06,1.45289e+07,0,0,0,0,34.0919,61.3098,0.720542,0.02,1,1.63988,1.63988,0,1.28592,1.90512,8.92034e+06,3.92621e+06,1.46283e+07,0,0,0,0
32.5627,85.1408,0.522624,0.13,0.06,3.38499,3.38499,0,0.634322,4.6872,4.29233e+06,2.93738e+06,1.45295e+07,0,0,0,0,32.7864,61.3098,0.519272,0.02,1,1.63995,1.63995,0,1.26697,1.90512,8.92034e+06,3.92621e+06,1.46289e+07,0,0,0,0
30.1821,85.1408,0.630935,0.19,0.06,3.38512,3.38512,0,0.634346,4.6872,4.29233e+06,2.93738e+06,1.453e+07,0,0,0,0,31.5413,61.3098,0.906337,0.02,1,1.64001,1.64001,0,1.26702,1.90512,8.92034e+06,3.92621e+06,1.46294e+07,0,0,0,0
28.133,85.1408,1.0043,0.16,0.06,3.38525,3.38525,0,0.634371,4.6872,4.29233e+06,2.93738e+06,1.45306e+07,0,0,0,0,30.7666,61.3098,0.846055,0.02,1,1.64007,1.64007,0,1.26707,1.90512,8.92034e+06,3.92621e+06,1.463e+07,0,0,0,0
26.2019,85.1408,1.02143,0.15,0.06,3.28209,3.28209,0,0.634396,4.6872,4.29233e+06,2.93738e+06,1.40878e+07,0,0,0,0,29.8164,61.3098,1.4707,0.05,1,1.56122,1.56122,0,1.26712,1.90512,8.92034e+06,3.92621e+06,1.39266e+07,0,0,0,0
24.162,85.1408,0.911776,0.15,0.06,3.28222,3.28222,0,0.615064,4.6872,4.29233e+06,2.93738e+06,1.40884e+07,0,0,0,0,28.6225,61.3098,0.872247,0.05,1,1.56128,1.56128,0,1.2062,1.90512,8.92034e+06,3.92621e+06,1.39272e+07,0,0,0,0
21.9984,85.1408,0.779126,0.21,0.06,3.28235,3.28235,0,0.615088,4.6872,4.29233e+06,2.93738e+06,1.40889e+07,0,0,0,0,27.9702,61.3098,0.793571,0.06,1,1.56135,1.56135,0,1.20625,1.90512,8.92034e+06,3.92621e+06,1.39277e+07,0,0,0,0
21.3116,85.1408,2.37124,0.22,0.06,3.28248,3.28248,0,0.615112,4.6872,4.29233e+06,2.93738e+06,1.40895e+07,0,0,0,0,27.7858,61.3098,1.64519,0.06,1,1.56141,1.56141,0,1.2063,1.90512,8.92034e+06,3.92621e+06,1.39283e+07,0,0,0,0
23.8295,85.1408,5.61668,0.23,0.06,3.19781,3.19781,0,0.615136,4.6872,4.29233e+06,2.93738e+06,1.3726e+07,0,0,0,0,28.0869,61.3098,2.98376,0.06,1,1.48962,1.48962,0,1.20634,1.90512,8.92034e+06,3.92621e+06,1.32879e+07,0,0,0,0
27.2794,85.1408,6.60697,0.24,0.06,3.19793,3.19793,0,0.599269,4.6872,4.29233e+06,2.93738e+06,1.37266e+07,0,0,0,0,28.9769,61.3098,4.2446,0.06,1,1.48968,1.48968,0,1.15088,1.90512,8.92034e+06,3.92621e+06,1.32885e+07,0,0,0,0
30.6502,85.1408,6.54224,0.17,0.06,3.19806,3.19806,0,0.599292,4.6872,4.29233e+06,2.93738e+06,1.37271e+07,0,0,0,0,29.5891,61.3098,3.78224,0.06,1,1.48974,1.48974,0,1.15093,1.90512,8.92034e+06,3.92621e+06,1.3289e+07,0,0,0,0
32.6776,85.1408,5.15648,0.19,0.06,3.19818,3.19818,0,0.599316,4.6872,4.29233e+06,2.93738e+06,1.37276e+07,0,0,0,0,29.9735,61.3098,2.92943,0.07,1,1.4898,1.4898,0,1.15097,1.90512,8.92034e+06,3.92621e+06,1.32895e+07,0,0,0,0
32.7426,85.1408,2.8611,0.2,0.06,2.95744,2.95744,0,0.599339,4.6872,4.29233e+06,2.93738e+06,1.26943e+07,0,0,0,0,29.9278,61.3098,2.36009,0.07,1,1.34021,1.34021,0,1.15102,1.90512,8.92034e+06,3.92621e+06,1.19551e+07,0,0,0,0
33.6978,85.1408,3.81365,0.22,0.06,2.95755,2.95755,0,0.554223,4.6872,4.29233e+06,2.93738e+06,1.26948e+07,0,0,0,0,30.1517,61.3098,4.96234,0.07,1,1.34026,1.34026,0,1.03544,1.90512,8.92034e+06,3.92621e+06,1.19555e+07,0,0,0,0
38.5341,85.1408,7.96183,0.22,0.06,2.95767,2.95767,0,0.554245,4.6872,4.29233e+06,2.93738e+06,1.26953e+07,0,0,0,0,30.871,61.3098,4.63665,0.07,1,1.34031,1.34031,0,1.03548,1.90512,8.92034e+06,3.92621e+06,1.1956e+07,0,0,0,0
56.4752,85.1408,21.8382,0.14,0.06,2.95778,2.95778,0,0.554267,4.6872,4.29233e+06,2.93738e+06,1.26958e+07,0,0,0,0,35.2311,61.3098,8.86629,0.07,1,1.34036,1.34036,0,1.03552,1.90512,8.92034e+06,3.92621e+06,1.19565e+07,0,0,0,0
60.3982,85.1408,7.26858,0.06,0.06,2.9579,2.9579,0,0.554288,4.6872,4.29233e+06,2.93738e+06,1.26963e+07,0,0,0,0,35.8723,61.3098,4.70268,0.03,1,1.34041,1.34041,0,1.03556,1.90512,8.92034e+06,3.92621e+06,1.19569e+07,0,0,0,0
63.4945,85.1408,6.53232,0.05,0.06,3.05068,3.05068,0,0.55431,4.6872,4.29233e+06,2.93738e+06,1.30945e+07,0,0,0,0,36.7379,61.3098,5.34436,0.03,1,1.38381,1.38381,0,1.0356,1.90512,8.92034e+06,3.92621e+06,1.2344e+07,0,0,0,0
74.9914,85.1408,15.6992,0.04,0.06,3.05078,3.05078,0,0.571697,4.6872,4.29233e+06,2.93738e+06,1.30949e+07,0,0,0,0,38.8237,61.3098,7.19596,0.04,1,1.38385,1.38385,0,1.06913,1.90512,8.92034e+06,3.92621e+06,1.23444e+07,0,0,0,0
78.9892,85.1408,7.94591,0.02,0.06,3.05088,3.05088,0,0.571716,4.6872,4.29233e+06,2.93738e+06,1.30954e+07,0,0,0,0,39.6893,61.3098,4.55749,0,1,1.3839,1.3839,0,1.06917,1.90512,8.92034e+06,3.92621e+06,1.23449e+07,0,0,0,0
81.3745,85.1408,5.95579,0,0.06,3.05098,3.05098,0,0.571735,4.6872,4.29233e+06,2.93738e+06,1.30958e+07,0,0,0,0,40.1713,61.3098,3.53504,0,1,1.38395,1.38395,0,1.0692,1.90512,8.92034e+06,3.92621e+06,1.23453e+07,0,0,0,0
82.05,85.1408,4.47319,0,0.06,3.34868,3.34868,0,0.571754,4.6872,4.29233e+06,2.93738e+06,1.43736e+07,0,0,0,0,40.753,61.3098,3.35305,0,1,1.54672,1.54672,0,1.06924,1.90512,8.92034e+06,3.92621e+06,1.37973e+07,0,0,0,0
81.3604,85.1408,3.11955,0,0.06,3.34879,3.34879,0,0.627543,4.6872,4.29233e+06,2.93738e+06,1.43741e+07,0,0,0,0,41.8536,61.3098,4.80724,0,1,1.54677,1.54677,0,1.195,1.90512,8.92034e+06,3.92621e+06,1.37977e+07,0,0,0,0
81.7352,85.1408,4.33368,0,0.06,3.3489,3.3489,0,0.627564,4.6872,4.29233e+06,2.93738e+06,1.43746e+07,0,0,0,0,42.3842,61.3098,4.06352,0,1,1.54683,1.54683,0,1.19504,1.90512,8.92034e+06,3.92621e+06,1.37982e+07,0,0,0,0
83.5201,85.1408,5.75335,0,0.06,3.34902,3.34902,0,0.627585,4.6872,4.29233e+06,2.93738e+06,1.43751e+07,0,0,0,0,43.171,61.3098,6.41828,0,1,1.54688,1.54688,0,1.19508,1.90512,8.92034e+06,3.92621e+06,1.37987e+07,0,0,0,0
85.1408,85.1408,7.32964,0,0.06,2.92461,2.92461,0,0.627606,4.6872,4.29233e+06,2.93738e+06,1.25534e+07,0,0,0,0,44.8431,61.3098,7.76911,0,1,1.32852,1.32852,0,1.19512,1.90512,8.92034e+06,3.92621e+06,1.18508e+07,0,0,0,0
85.1408,85.1408,6.33521,0,0.06,2.9247,2.9247,0,0.548071,4.6872,4.29233e+06,2.93738e+06,1.25538e+07,0,0,0,0,46.072,61.3098,6.20349,0,1,1.32856,1.32856,0,1.02641,1.90512,8.92034e+06,3.92621e+06,1.18512e+07,0,0,0,0
85.1408,85.1408,6.36033,0,0.06,2.9248,2.9248,0,0.548089,4.6872,4.29233e+06,2.93738e+06,1.25542e+07,0,0,0,0,47.4275,61.3098,7.59804,0,1,1.32861,1.32861,0,1.02645,1.90512,8.92034e+06,3.92621e+06,1.18516e+07,0,0,0,0
85.1408,85.1408,6.65564,0,0.06,2.9249,2.9249,0,0.548108,4.6872,4.29233e+06,2.93738e+06,1.25546e+07,0,0,0,0,49.0174,61.3098,7.57535,0,1,1.32865,1.32865,0,1.02648,1.90512,8.92034e+06,3.92621e+06,1.1852e+07,0,0,0,0
85.1408,85.1408,7.39131,0,0.06,2.925,2.925,0,0.548126,4.6872,4.29233e+06,2.93738e+06,1.25551e+07,0,0,0,0,50.6832,61.3098,6.53899,0,1,1.32869,1.32869,0,1.02652,1.90512,8.92034e+06,3.92621e+06,1.18524e+07,0,0,0,0
85.1408,85.1408,7.89212,0,0.06,3.03197,3.03197,0,0.548145,4.6872,4.29233e+06,2.93738e+06,1.30142e+07,0,0,0,0,53.3179,61.3098,9.39245,0,1,1.38218,1.38218,0,1.02655,1.90512,8.92034e+06,3.92621e+06,1.23295e+07,0,0,0,0
85.1408,85.1408,6.69157,0,0.06,3.03207,3.03207,0,0.568192,4.6872,4.29233e+06,2.93738e+06,1.30147e+07,0,0,0,0,55.3089,61.3098,7.66255,0,1,1.38223,1.38223,0,1.06787,1.90512,8.92034e+06,3.92621e+06,1.23299e+07,0,0,0,0
85.1408,85.1408,5.37407,0,0.06,3.03218,3.03218,0,0.568211,4.6872,4.29233e+06,2.93738e+06,1.30151e+07,0,0,0,0,56.5506,61.3098,5.48177,0,1,1.38227,1.38227,0,1.06791,1.90512,8.92034e+06,3.92621e+06,1.23303e+07,0,0,0,0
85.1408,85.1408,4.77026,0,0.06,3.03228,3.03228,0,0.56823,4.6872,4.29233e+06,2.93738e+06,1.30155e+07,0,0,0,0,57.5818,61.3098,4.65038,0,1,1.38232,1.38232,0,1.06794,1.90512,8.92034e+06,3.92621e+06,1.23308e+07,0,0,0,0
85.1408,85.1408,4.20057,0,0.06,2.99059,2.99059,0,0.568249,4.6872,4.29233e+06,2.93738e+06,1.28366e+07,0,0,0,0,58.2583,61.3098,3.43408,0,1,1.36161,1.36161,0,1.06798,1.90512,8.92034e+06,3.92621e+06,1.2146e+07,0,0,0,0
85.1408,85.1408,4.00386,0,0.06,2.99069,2.99069,0,0.560436,4.6872,4.29233e+06,2.93738e+06,1.2837e+07,0,0,0,0,58.8891,61.3098,3.38065,0,1,1.36165,1.36165,0,1.05198,1.90512,8.92034e+06,3.92621e+06,1.21464e+07,0,0,0,0
85.1408,85.1408,3.49389,0,0.06,2.99079,2.99079,0,0.560455,4.6872,4.29233e+06,2.93738e+06,1.28374e+07,0,0,0,0,59.37,61.3098,3.67191,0,1,1.3617,1.3617,0,1.05201,1.90512,8.92034e+06,3.92621e+06,1.21468e+07,0,0,0,0
84.7661,85.1408,2.87276,0,0.06,2.99089,2.99089,0,0.560473,4.6872,4.29233e+06,2.93738e+06,1.28379e+07,0,0,0,0,59.783,61.3098,3.45452,0,1,1.36174,1.36174,0,1.05205,1.90512,8.92034e+06,3.92621e+06,1.21472e+07,0,0,0,0
84.6704,85.1408,3.32909,0,0.06,3.13287,3.13287,0,0.560492,4.6872,4.29233e+06,2.93738e+06,1.34473e+07,0,0,0,0,60.1179,61.3098,3.57565,0,1,1.43542,1.43542,0,1.05208,1.90512,8.92034e+06,3.92621e+06,1.28044e+07,0,0,0,0
84.3334,85.1408,3.07673,0,0.06,3.13298,3.13298,0,0.5871,4.6872,4.29233e+06,2.93738e+06,1.34478e+07,0,0,0,0,60.4736,61.3098,2.84385,0,1,1.43546,1.43546,0,1.109,1.90512,8.92034e+06,3.92621e+06,1.28048e+07,0,0,0,0
83.7302,85.1408,2.79267,0,0.06,3.13308,3.13308,0,0.58712,4.6872,4.29233e+06,2.93738e+06,1.34482e+07,0,0,0,0,60.7177,61.3098,2.47778,0,1,1.43551,1.43551,0,1.10904,1.90512,8.92034e+06,3.92621e+06,1.28052e+07,0,0,0,0
82.8388,85.1408,2.47328,0,0.06,3.13319,3.13319,0,0.587139,4.6872,4.29233e+06,2.93738e+06,1.34487e+07,0,0,0,0,60.9391,61.3098,2.54217,0,1,1.43556,1.43556,0,1.10908,1.90512,8.92034e+06,3.92621e+06,1.28057e+07,0,0,0,0
81.7047,85.1408,2.16342,0,0.06,3.13329,3.13329,0,0.587159,4.6872,4.29233e+06,2.93738e+06,1.34491e+07,0,0,0,0,61.2146,61.3098,3.08206,0,1,1.43561,1.43561,0,1.10911,1.90512,8.92034e+06,3.92621e+06,1.28061e+07,0,0,0,0
80.4522,85.1408,2.01229,0,0.06,3.10533,3.10533,0,0.587179,4.6872,4.29233e+06,2.93738e+06,1.33291e+07,0,0,0,0,61.4124,61.3098,2.93311,0,1,1.47613,1.47613,0,1.10915,1.90512,8.92034e+06,3.92621e+06,1.31676e+07,0,0,0,0
79.0498,85.1408,1.85138,0,0.06,3.10544,3.10544,0,0.581939,4.6872,4.29233e+06,2.93738e+06,1.33296e+07,0,0,0,0,61.5878,61.3098,2.94805,0,1,1.47618,1.47618,0,1.14046,1.90512,8.92034e+06,3.92621e+06,1.3168e+07,0,0,0,0
77.5118,85.1408,1.69628,0.01,0.06,3.10554,3.10554,0,0.581959,4.6872,4.29233e+06,2.93738e+06,1.333e+07,0,0,0,0,61.7046,61.3098,2.59169,0,1,1.47623,1.47623,0,1.14049,1.90512,8.92034e+06,3.92621e+06,1.31684e+07,0,0,0,0
75.9671,85.1408,1.64287,0.01,0.06,3.10564,3.10564,0,0.581978,4.6872,4.29233e+06,2.93738e+06,1.33305e+07,0,0,0,0,61.8473,61.3098,2.67336,0,1,1.47628,1.47628,0,1.14053,1.90512,8.92034e+06,3.92621e+06,1.31689e+07,0,0,0,0
74.3016,85.1408,1.57185,0.02,0.06,3.17823,3.17823,0,0.581998,4.6872,4.29233e+06,2.93738e+06,1.3642e+07,0,0,0,0,61.7913,61.3098,2.41348,0,1,1.5124,1.5124,0,1.14057,1.90512,8.92034e+06,3.92621e+06,1.34911e+07,0,0,0,0
72.5586,85.1408,1.45201,0.02,0.06,3.17834,3.17834,0,0.5956,4.6872,4.29233e+06,2.93738e+06,1.36425e+07,0,0,0,0,61.6825,61.3098,2.32991,0,1,1.51245,1.51245,0,1.16848,1.90512,8.92034e+06,3.92621e+06,1.34916e+07,0,0,0,0
70.7106,85.1408,1.32211,0.02,0.06,3.17844,3.17844,0,0.59562,4.6872,4.29233e+06,2.93738e+06,1.36429e+07,0,0,0,0,61.5384,61.3098,2.04375,0,1,1.5125,1.5125,0,1.16852,1.90512,8.92034e+06,3.92621e+06,1.3492e+07,0,0,0,0
69.1012,85.1408,1.53825,0.03,0.06,3.17855,3.17855,0,0.59564,4.6872,4.29233e+06,2.93738e+06,1.36434e+07,0,0,0,0,61.571,61.3098,2.82884,0,1,1.51255,1.51255,0,1.16856,1.90512,8.92034e+06,3.92621e+06,1.34925e+07,0,0,0,0
66.893,85.1408,1.08572,0.03,0.06,3.39095,3.39095,0,0.59566,4.6872,4.29233e+06,2.93738e+06,1.45551e+07,0,0,0,0,61.3207,61.3098,2.1905,0,1,1.64283,1.64283,0,1.1686,1.90512,8.92034e+06,3.92621e+06,1.46546e+07,0,0,0,0
64.8616,85.1408,1.23988,0.06,0.06,3.39106,3.39106,0,0.635463,4.6872,4.29233e+06,2.93738e+06,1.45555e+07,0,0,0,0,61.0837,61.3098,2.27024,0,1,1.64289,1.64289,0,1.26925,1.90512,8.92034e+06,3.92621e+06,1.46551e+07,0,0,0,0
62.6285,85.1408,1.00959,0.05,0.06,3.39117,3.39117,0,0.635485,4.6872,4.29233e+06,2.93738e+06,1.4556e+07,0,0,0,0,60.7947,61.3098,2.07839,0,1,1.64294,1.64294,0,1.2693,1.90512,8.92034e+06,3.92621e+06,1.46556e+07,0,0,0,0
60.3141,85.1408,0.9122,0.06,0.06,3.39129,3.39129,0,0.635506,4.6872,4.29233e+06,2.93738e+06,1.45565e+07,0,0,0,0,60.4725,61.3098,1.97011,0,1,1.643,1.643,0,1.26934,1.90512,8.92034e+06,3.92621e+06,1.46561e+07,0,0,0,0
58.1442,85.1408,0.991091,0.06,0.06,3.3914,3.3914,0,0.635527,4.6872,4.29233e+06,2.93738e+06,1.4557e+07,0,0,0,0,60.231,61.3098,2.13398,0,1,1.64305,1.64305,0,1.26938,1.90512,8.92034e+06,3.92621e+06,1.46566e+07,0,0,0,0
55.9943,85.1408,0.875448,0.08,0.06,3.28804,3.28804,0,0.635549,4.6872,4.29233e+06,2.93738e+06,1.41133e+07,0,0,0,0,60.0296,61.3098,1.81647,0,1,1.56405,1.56405,0,1.26942,1.90512,8.92034e+06,3.92621e+06,1.39519e+07,0,0,0,0
53.986,85.1408,1.01855,0.07,0.06,3.28815,3.28815,0,0.616178,4.6872,4.29233e+06,2.93738e+06,1.41138e+07,0,0,0,0,59.868,61.3098,1.85684,0,1,1.5641,1.5641,0,1.20839,1.90512,8.92034e+06,3.92621e+06,1.39523e+07,0,0,0,0
53.6707,85.1408,2.89356,0.06,0.06,3.28826,3.28826,0,0.616199,4.6872,4.29233e+06,2.93738e+06,1.41143e+07,0,0,0,0,60.6464,61.3098,3.52364,0,1,1.56416,1.56416,0,1.20843,1.90512,8.92034e+06,3.92621e+06,1.39528e+07,0,0,0,0
52.3878,85.1408,1.87224,0.07,0.06,3.28837,3.28837,0,0.616219,4.6872,4.29233e+06,2.93738e+06,1.41148e+07,0,0,0,0,60.9178,61.3098,2.98625,0,1,1.56421,1.56421,0,1.20847,1.90512,8.92034e+06,3.92621e+06,1.39533e+07,0,0,0,0
50.9944,85.1408,1.7294,0.07,0.06,3.20353,3.20353,0,0.61624,4.6872,4.29233e+06,2.93738e+06,1.37506e+07,0,0,0,0,61.6624,61.3098,4.71511,0,1,1.49229,1.49229,0,1.20851,1.90512,8.92034e+06,3.92621e+06,1.33117e+07,0,0,0,0
49.2487,85.1408,1.31481,0.09,0.06,3.16157,3.20363,0,0.600341,4.6872,4.29233e+06,2.93738e+06,1.35705e+07,0,0,0,0,62.1119,61.3098,3.95152,0,1,1.5344,1.49234,0,1.15294,1.90512,8.92034e+06,3.92621e+06,1.36874e+07,0,0,0,0
49.2904,85.1408,3.05307,0.08,0.06,3.16173,3.20374,0,0.592479,4.6872,4.29233e+06,2.93738e+06,1.35712e+07,0,0,0,0,62.338,61.3098,5.81781,0,1,1.5344,1.49239,0,1.18548,1.90512,8.92034e+06,3.92621e+06,1.36874e+07,0,0,0,0
52.4065,85.1408,6.40333,0.09,0.06,3.16189,3.20385,0,0.592508,4.6872,4.29233e+06,2.93738e+06,1.35719e+07,0,0,0,0,62.338,61.3098,8.92866,0,1,1.5344,1.49244,0,1.18548,1.90512,8.92034e+06,3.92621e+06,1.36874e+07,0,0,0,0
53.9622,85.1408,4.66811,0.06,0.06,2.92075,2.96266,0,0.592538,4.6872,4.29233e+06,2.93738e+06,1.25368e+07,0,0,0,0,62.338,61.3098,8.76974,0,1,1.38449,1.34257,0,1.18548,1.90512,8.92034e+06,3.92621e+06,1.23501e+07,0,0,0,0
54.9432,85.1408,3.99486,0.06,0.06,2.77098,2.96276,0,0.547349,4.6872,4.29233e+06,2.93738e+06,1.1894e+07,0,0,0,0,62.338,61.3098,5.9543,0,1,1.5344,1.34262,0,1.06965,1.90512,8.92034e+06,3.92621e+06,1.36873e+07,0,0,0,0
55.95,85.1408,4.18891,0.06,0.06,2.77113,2.96286,0,0.519282,4.6872,4.29233e+06,2.93738e+06,1.18946e+07,0,0,0,0,62.338,61.3098,8.01986,0,1,1.5344,1.34266,0,1.18548,1.90512,8.92034e+06,3.92621e+06,1.36873e+07,0,0,0,0
59.083,85.1408,6.38881,0.06,0.06,2.77127,2.96296,0,0.519309,4.6872,4.29233e+06,2.93738e+06,1.18952e+07,0,0,0,0,62.338,61.3098,8.46739,0,1,1.5344,1.34271,0,1.18548,1.90512,8.92034e+06,3.92621e+06,1.36873e+07,0,0,0,0
58.9031,85.1408,2.87872,0.07,0.06,2.77142,2.96306,0,0.519336,4.6872,4.29233e+06,2.93738e+06,1.18958e+07,0,0,0,0,62.2889,61.3098,5.06274,0,1,1.5344,1.34275,0,1.18548,1.90512,8.92034e+06,3.92621e+06,1.36873e+07,0,0,0,0
57.5804,85.1408,1.6372,0.07,0.06,2.86439,3.05598,0,0.519364,4.6872,4.29233e+06,2.93738e+06,1.22949e+07,0,0,0,0,62.2484,61.3098,2.2732,0,1,1.57781,1.38622,0,1.18548,1.90512,8.92034e+06,3.92621e+06,1.40746e+07,0,0,0,0
56.3747,85.1408,1.75589,0.07,0.06,2.90793,3.05607,0,0.536786,4.6872,4.29233e+06,2.93738e+06,1.24818e+07,0,0,0,0,62.338,61.3098,2.33724,0,1,1.53439,1.38625,0,1.21902,1.90512,8.92034e+06,3.92621e+06,1.36873e+07,0,0,0,0
56.7526,85.1408,3.38304,0.07,0.06,2.90806,3.05615,0,0.544946,4.6872,4.29233e+06,2.93738e+06,1.24823e+07,0,0,0,0,62.338,61.3098,2.64785,0,1,1.53439,1.38629,0,1.18547,1.90512,8.92034e+06,3.92621e+06,1.36873e+07,0,0,0,0
58.352,85.1408,4.75251,0.07,0.06,2.90818,3.05624,0,0.54497,4.6872,4.29233e+06,2.93738e+06,1.24829e+07,0,0,0,0,62.338,61.3098,2.55858,0,1,1.53439,1.38633,0,1.18547,1.90512,8.92034e+06,3.92621e+06,1.36873e+07,0,0,0,0
59.8129,85.1408,4.82822,0.07,0.06,3.20641,3.35443,0,0.544993,4.6872,4.29233e+06,2.93738e+06,1.3763e+07,0,0,0,0,62.338,61.3098,3.26383,0,1,1.6974,1.54938,0,1.18547,1.90512,8.92034e+06,3.92621e+06,1.51414e+07,0,0,0,0
59.8242,85.1408,3.45068,0.04,0.06,3.35453,3.35453,0,0.600882,4.6872,4.29233e+06,2.93738e+06,1.43987e+07,0,0,0,0,62.3033,61.3098,2.44817,0,1,1.54942,1.54942,0,1.31141,1.90512,8.92034e+06,3.92621e+06,1.38214e+07,0,0,0,0
59.9539,85.1408,3.55848,0.05,0.06,3.35462,3.35462,0,0.628638,4.6872,4.29233e+06,2.93738e+06,1.43991e+07,0,0,0,0,62.3186,61.3098,2.72561,0,1,1.54947,1.54947,0,1.19708,1.90512,8.92034e+06,3.92621e+06,1.38218e+07,0,0,0,0
60.2965,85.1408,3.8245,0.05,0.06,3.35472,3.35472,0,0.628656,4.6872,4.29233e+06,2.93738e+06,1.43995e+07,0,0,0,0,62.338,61.3098,2.85721,0,1,1.54951,1.54951,0,1.19712,1.90512,8.92034e+06,3.92621e+06,1.38221e+07,0,0,0,0
62.4638,85.1408,5.34103,0.04,0.06,2.92957,2.92957,0,0.628674,4.6872,4.29233e+06,2.93738e+06,1.25747e+07,0,0,0,0,62.338,61.3098,4.05236,0,1,1.33077,1.33077,0,1.19715,1.90512,8.92034e+06,3.92621e+06,1.18709e+07,0,0,0,0
65.6279,85.1408,6.47634,0.04,0.06,2.92965,2.92965,0,0.549001,4.6872,4.29233e+06,2.93738e+06,1.2575e+07,0,0,0,0,62.338,61.3098,5.90459,0,1,1.33081,1.33081,0,1.02815,1.90512,8.92034e+06,3.92621e+06,1.18712e+07,0,0,0,0
70.569,85.1408,8.2192,0.06,0.06,2.72619,2.92973,0,0.549016,4.6872,4.29233e+06,2.93738e+06,1.17017e+07,0,0,0,0,62.338,61.3098,6.60414,0,1,1.53439,1.33084,0,1.02818,1.90512,8.92034e+06,3.92621e+06,1.36873e+07,0,0,0,0
75.5523,85.1408,8.58288,0.02,0.06,2.92981,2.92981,0,0.510887,4.6872,4.29233e+06,2.93738e+06,1.25757e+07,0,0,0,0,62.338,61.3098,6.45519,0,1,1.33088,1.33088,0,1.18547,1.90512,8.92034e+06,3.92621e+06,1.18719e+07,0,0,0,0
79.9784,85.1408,8.02294,0.02,0.06,2.9299,2.9299,0,0.549047,4.6872,4.29233e+06,2.93738e+06,1.25761e+07,0,0,0,0,62.338,61.3098,6.53331,0,1,1.33092,1.33092,0,1.02824,1.90512,8.92034e+06,3.92621e+06,1.18722e+07,0,0,0,0
83.9397,85.1408,7.69962,0,0.06,3.03703,3.03703,0,0.549062,4.6872,4.29233e+06,2.93738e+06,1.30359e+07,0,0,0,0,62.338,61.3098,6.22503,0,1,1.38449,1.38449,0,1.02827,1.90512,8.92034e+06,3.92621e+06,1.23501e+07,0,0,0,0
85.1408,85.1408,9.63679,0,0.06,3.03712,3.03712,0,0.56914,4.6872,4.29233e+06,2.93738e+06,1.30363e+07,0,0,0,0,62.338,61.3098,7.45373,0,1,1.38453,1.38453,0,1.06965,1.90512,8.92034e+06,3.92621e+06,1.23504e+07,0,0,0,0
85.1408,85.1408,6.18561,0,0.06,3.0372,3.0372,0,0.569156,4.6872,4.29233e+06,2.93738e+06,1.30367e+07,0,0,0,0,62.338,61.3098,5.43356,0,1,1.38456,1.38456,0,1.06968,1.90512,8.92034e+06,3.92621e+06,1.23508e+07,0,0,0,0
85.1408,85.1408,4.94245,0,0.06,3.03729,3.03729,0,0.569172,4.6872,4.29233e+06,2.93738e+06,1.3037e+07,0,0,0,0,62.338,61.3098,4.28112,0,1,1.3846,1.3846,0,1.06971,1.90512,8.92034e+06,3.92621e+06,1.23511e+07,0,0,0,0
85.1408,85.1408,4.84571,0,0.06,2.99551,2.99551,0,0.569188,4.6872,4.29233e+06,2.93738e+06,1.28577e+07,0,0,0,0,62.338,61.3098,2.79002,0,1,1.36385,1.36385,0,1.06974,1.90512,8.92034e+06,3.92621e+06,1.2166e+07,0,0,0,0
85.1408,85.1408,4.09835,0,0.06,2.9956,2.9956,0,0.561359,4.6872,4.29233e+06,2.93738e+06,1.28581e+07,0,0,0,0,62.338,61.3098,2.52443,0,1,1.36389,1.36389,0,1.05371,1.90512,8.92034e+06,3.92621e+06,1.21663e+07,0,0,0,0
85.1408,85.1408,3.62754,0,0.06,2.99568,2.99568,0,0.561375,4.6872,4.29233e+06,2.93738e+06,1.28584e+07,0,0,0,0,62.338,61.3098,2.21705,0,1,1.36393,1.36393,0,1.05374,1.90512,8.92034e+06,3.92621e+06,1.21667e+07,0,0,0,0
85.1172,85.1408,3.30495,0,0.06,2.99576,2.99576,0,0.56139,4.6872,4.29233e+06,2.93738e+06,1.28588e+07,0,0,0,0,62.338,61.3098,2.02883,0,1,1.36396,1.36396,0,1.05377,1.90512,8.92034e+06,3.92621e+06,1.2167e+07,0,0,0,0
85.1346,85.1408,3.39523,0,0.06,3.13796,3.13796,0,0.561406,4.6872,4.29233e+06,2.93738e+06,1.34692e+07,0,0,0,0,62.2631,61.3098,2.35123,0,1,1.43775,1.43775,0,1.0538,1.90512,8.92034e+06,3.92621e+06,1.28252e+07,0,0,0,0
84.9865,85.1408,3.21214,0,0.06,3.13805,3.13805,0,0.588054,4.6872,4.29233e+06,2.93738e+06,1.34695e+07,0,0,0,0,61.9673,61.3098,2.01664,0,1,1.43779,1.43779,0,1.1108,1.90512,8.92034e+06,3.92621e+06,1.28256e+07,0,0,0,0
84.5644,85.1408,2.92695,0,0.06,3.13814,3.13814,0,0.588071,4.6872,4.29233e+06,2.93738e+06,1.34699e+07,0,0,0,0,61.643,61.3098,1.60227,0,1,1.43783,1.43783,0,1.11084,1.90512,8.92034e+06,3.92621e+06,1.28259e+07,0,0,0,0
83.8177,85.1408,2.57322,0,0.06,3.13823,3.13823,0,0.588087,4.6872,4.29233e+06,2.93738e+06,1.34703e+07,0,0,0,0,61.2249,61.3098,1.64099,0,1,1.43787,1.43787,0,1.11087,1.90512,8.92034e+06,3.92621e+06,1.28263e+07,0,0,0,0
82.5483,85.1408,2.01441,0,0.06,3.13831,3.13831,0,0.588104,4.6872,4.29233e+06,2.93738e+06,1.34707e+07,0,0,0,0,60.7058,61.3098,1.53884,0,1,1.43791,1.43791,0,1.1109,1.90512,8.92034e+06,3.92621e+06,1.28266e+07,0,0,0,0
80.9288,85.1408,1.62021,0,0.06,3.11029,3.11029,0,0.58812,4.6872,4.29233e+06,2.93738e+06,1.33504e+07,0,0,0,0,60.1873,61.3098,1.47877,0,1,1.47849,1.47849,0,1.11093,1.90512,8.92034e+06,3.92621e+06,1.31886e+07,0,0,0,0
79.3137,85.1408,1.60597,0,0.06,3.11038,3.11038,0,0.582869,4.6872,4.29233e+06,2.93738e+06,1.33508e+07,0,0,0,0,59.6373,61.3098,1.48292,0,1,1.47853,1.47853,0,1.14228,1.90512,8.92034e+06,3.92621e+06,1.3189e+07,0,0,0,0
77.652,85.1408,1.52689,0.01,0.06,3.11047,3.11047,0,0.582885,4.6872,4.29233e+06,2.93738e+06,1.33512e+07,0,0,0,0,58.9862,61.3098,1.45788,0,1,1.47857,1.47857,0,1.14231,1.90512,8.92034e+06,3.92621e+06,1.31893e+07,0,0,0,0
75.8261,85.1408,1.32392,0.01,0.06,3.11056,3.11056,0,0.582902,4.6872,4.29233e+06,2.93738e+06,1.33515e+07,0,0,0,0,58.352,61.3098,1.3637,0,1,1.47861,1.47861,0,1.14234,1.90512,8.92034e+06,3.92621e+06,1.31897e+07,0,0,0,0
73.947,85.1408,1.30948,0.02,0.06,3.18324,3.18324,0,0.582918,4.6872,4.29233e+06,2.93738e+06,1.36635e+07,0,0,0,0,57.6142,61.3098,1.41944,0,1,1.51478,1.51478,0,1.14238,1.90512,8.92034e+06,3.92621e+06,1.35124e+07,0,0,0,0
71.9251,85.1408,1.14638,0.02,0.06,3.18333,3.18333,0,0.596539,4.6872,4.29233e+06,2.93738e+06,1.36639e+07,0,0,0,0,56.839,61.3098,1.31005,0,1,1.51483,1.51483,0,1.17032,1.90512,8.92034e+06,3.92621e+06,1.35128e+07,0,0,0,0
69.8368,85.1408,1.05772,0.02,0.06,3.18342,3.18342,0,0.596556,4.6872,4.29233e+06,2.93738e+06,1.36643e+07,0,0,0,0,56.0518,61.3098,1.25528,0,1,1.51487,1.51487,0,1.17036,1.90512,8.92034e+06,3.92621e+06,1.35131e+07,0,0,0,0
67.6185,85.1408,0.888643,0.03,0.06,3.18351,3.18351,0,0.596573,4.6872,4.29233e+06,2.93738e+06,1.36647e+07,0,0,0,0,55.2302,61.3098,1.2479,0,1,1.51491,1.51491,0,1.17039,1.90512,8.92034e+06,3.92621e+06,1.35135e+07,0,0,0,0
65.3592,85.1408,0.999763,0.06,0.06,3.37678,3.39622,0,0.596589,4.6872,4.29233e+06,2.93738e+06,1.44942e+07,0,0,0,0,54.3802,61.3098,1.27975,0,1,1.66483,1.64539,0,1.17042,1.90512,8.92034e+06,3.92621e+06,1.48508e+07,0,0,0,0
63.19,85.1408,1.08475,0.06,0.06,3.39631,3.39631,0,0.632808,4.6872,4.29233e+06,2.93738e+06,1.45781e+07,0,0,0,0,53.6152,61.3098,1.35663,0,1,1.64543,1.64543,0,1.28624,1.90512,8.92034e+06,3.92621e+06,1.46778e+07,0,0,0,0
61.2401,85.1408,1.2776,0.05,0.06,3.39641,3.39641,0,0.636469,4.6872,4.29233e+06,2.93738e+06,1.45785e+07,0,0,0,0,52.8273,61.3098,1.3928,0,1,1.64548,1.64548,0,1.27126,1.90512,8.92034e+06,3.92621e+06,1.46782e+07,0,0,0,0
59.0088,85.1408,0.972515,0.06,0.06,3.3965,3.3965,0,0.636487,4.6872,4.29233e+06,2.93738e+06,1.45789e+07,0,0,0,0,52.1731,61.3098,1.27686,0,1,1.64552,1.64552,0,1.2713,1.90512,8.92034e+06,3.92621e+06,1.46786e+07,0,0,0,0
56.881,85.1408,1.08518,0.1,0.06,3.3966,3.3966,0,0.636504,4.6872,4.29233e+06,2.93738e+06,1.45793e+07,0,0,0,0,51.7853,61.3098,1.52534,0,1,1.64557,1.64557,0,1.27133,1.90512,8.92034e+06,3.92621e+06,1.4679e+07,0,0,0,0
56.0498,85.1408,2.31434,0.08,0.06,3.29306,3.29306,0,0.636522,4.6872,4.29233e+06,2.93738e+06,1.41349e+07,0,0,0,0,51.9719,61.3098,2.9064,0,1,1.56644,1.56644,0,1.27137,1.90512,8.92034e+06,3.92621e+06,1.39732e+07,0,0,0,0
54.9305,85.1408,2.04232,0.07,0.06,3.29315,3.29315,0,0.617119,4.6872,4.29233e+06,2.93738e+06,1.41353e+07,0,0,0,0,51.9336,61.3098,2.35099,0,1,1.56648,1.56648,0,1.21023,1.90512,8.92034e+06,3.92621e+06,1.39736e+07,0,0,0,0
53.6181,85.1408,1.83853,0.06,0.06,3.29324,3.29324,0,0.617136,4.6872,4.29233e+06,2.93738e+06,1.41357e+07,0,0,0,0,51.8797,61.3098,2.31447,0,1,1.56653,1.56653,0,1.21026,1.90512,8.92034e+06,3.92621e+06,1.39739e+07,0,0,0,0
52.2273,85.1408,1.8821,0.07,0.06,3.29333,3.29333,0,0.617153,4.6872,4.29233e+06,2.93738e+06,1.41361e+07,0,0,0,0,51.8751,61.3098,2.28671,0,1,1.56657,1.56657,0,1.2103,1.90512,8.92034e+06,3.92621e+06,1.39743e+07,0,0,0,0
50.7723,85.1408,1.66876,0.07,0.06,3.20835,3.20835,0,0.617171,4.6872,4.29233e+06,2.93738e+06,1.37713e+07,0,0,0,0,51.5464,61.3098,2.28615,0,1,1.49454,1.49454,0,1.21033,1.90512,8.92034e+06,3.92621e+06,1.33318e+07,0,0,0,0
49.2965,85.1408,1.57826,0.09,0.06,3.16862,3.20844,0,0.601244,4.6872,4.29233e+06,2.93738e+06,1.36008e+07,0,0,0,0,51.3693,61.3098,1.36126,0,1,1.53439,1.49458,0,1.15468,1.90512,8.92034e+06,3.92621e+06,1.36873e+07,0,0,0,0
49.3462,85.1408,3.15934,0.08,0.06,3.16875,3.20853,0,0.5938,4.6872,4.29233e+06,2.93738e+06,1.36013e+07,0,0,0,0,51.8725,61.3098,3.21707,0,1,1.53439,1.49462,0,1.18547,1.90512,8.92034e+06,3.92621e+06,1.36873e+07,0,0,0,0
52.3112,85.1408,6.27317,0.09,0.06,3.16889,3.20862,0,0.593824,4.6872,4.29233e+06,2.93738e+06,1.36019e+07,0,0,0,0,53.5223,61.3098,6.67287,0,1,1.53439,1.49466,0,1.18547,1.90512,8.92034e+06,3.92621e+06,1.36873e+07,0,0,0,0
52.5012,85.1408,3.17637,0.06,0.06,2.92737,2.96706,0,0.593849,4.6872,4.29233e+06,2.93738e+06,1.25652e+07,0,0,0,0,54.7209,61.3098,4.8348,0,1,1.38426,1.34457,0,1.18547,1.90512,8.92034e+06,3.92621e+06,1.2348e+07,0,0,0,0
53.2433,85.1408,3.58703,0.06,0.06,2.77735,2.96714,0,0.548588,4.6872,4.29233e+06,2.93738e+06,1.19213e+07,0,0,0,0,56.428,61.3098,5.29101,0,1,1.53439,1.3446,0,1.06948,1.90512,8.92034e+06,3.92621e+06,1.36873e+07,0,0,0,0
55.6581,85.1408,5.51832,0.06,0.06,2.77747,2.96722,0,0.520476,4.6872,4.29233e+06,2.93738e+06,1.19218e+07,0,0,0,0,60.2356,61.3098,8.26672,0,1,1.53439,1.34464,0,1.18547,1.90512,8.92034e+06,3.92621e+06,1.36873e+07,0,0,0,0
57.3278,85.1408,4.79094,0.06,0.06,2.77759,2.96731,0,0.520499,4.6872,4.29233e+06,2.93738e+06,1.19224e+07,0,0,0,0,62.338,61.3098,10.0362,0,1,1.53439,1.34468,0,1.18547,1.90512,8.92034e+06,3.92621e+06,1.36873e+07,0,0,0,0
60.2207,85.1408,5.95502,0.07,0.06,2.77772,2.96739,0,0.520521,4.6872,4.29233e+06,2.93738e+06,1.19229e+07,0,0,0,0,62.338,61.3098,8.53654,0,1,1.53439,1.34472,0,1.18547,1.90512,8.92034e+06,3.92621e+06,1.36873e+07,0,0,0,0
63.8893,85.1408,7.20754,0.05,0.06,3.06043,3.06043,0,0.520544,4.6872,4.29233e+06,2.93738e+06,1.31364e+07,0,0,0,0,62.338,61.3098,9.39499,0,1,1.38823,1.38823,0,1.18547,1.90512,8.92034e+06,3.92621e+06,1.23835e+07,0,0,0,0
65.5249,85.1408,5.07455,0.05,0.06,3.0605,3.0605,0,0.573525,4.6872,4.29233e+06,2.93738e+06,1.31367e+07,0,0,0,0,62.338,61.3098,7.33931,0,1,1.38826,1.38826,0,1.07255,1.90512,8.92034e+06,3.92621e+06,1.23838e+07,0,0,0,0
67.1524,85.1408,4.99645,0.05,0.06,3.06057,3.06057,0,0.573538,4.6872,4.29233e+06,2.93738e+06,1.3137e+07,0,0,0,0,62.338,61.3098,7.15532,0,1,1.3883,1.3883,0,1.07257,1.90512,8.92034e+06,3.92621e+06,1.23841e+07,0,0,0,0
70.0457,85.1408,6.33762,0.05,0.06,3.06064,3.06064,0,0.573551,4.6872,4.29233e+06,2.93738e+06,1.31373e+07,0,0,0,0,62.338,61.3098,8.64267,0,1,1.38833,1.38833,0,1.0726,1.90512,8.92034e+06,3.92621e+06,1.23843e+07,0,0,0,0
70.0678,85.1408,3.73966,0.03,0.06,3.35924,3.35924,0,0.573564,4.6872,4.29233e+06,2.93738e+06,1.4419e+07,0,0,0,0,62.338,61.3098,6.13446,0,1,1.5516,1.5516,0,1.07262,1.90512,8.92034e+06,3.92621e+06,1.38408e+07,0,0,0,0
70.0263,85.1408,3.659,0.01,0.06,3.35932,3.35932,0,0.629522,4.6872,4.29233e+06,2.93738e+06,1.44193e+07,0,0,0,0,62.338,61.3098,6.09527,0,1,1.55163,1.55163,0,1.19877,1.90512,8.92034e+06,3.92621e+06,1.38411e+07,0,0,0,0
69.7105,85.1408,3.3541,0.01,0.06,3.35939,3.35939,0,0.629536,4.6872,4.29233e+06,2.93738e+06,1.44196e+07,0,0,0,0,62.338,61.3098,6.44318,0,1,1.55167,1.55167,0,1.19879,1.90512,8.92034e+06,3.92621e+06,1.38414e+07,0,0,0,0
69.824,85.1408,3.77124,0.01,0.06,3.35947,3.35947,0,0.62955,4.6872,4.29233e+06,2.93738e+06,1.442e+07,0,0,0,0,62.338,61.3098,6.43058,0,1,1.55171,1.55171,0,1.19882,1.90512,8.92034e+06,3.92621e+06,1.38417e+07,0,0,0,0
72.4581,85.1408,6.04482,0.01,0.06,2.9337,2.9337,0,0.629565,4.6872,4.29233e+06,2.93738e+06,1.25924e+07,0,0,0,0,62.338,61.3098,12.8653,0,1,1.33265,1.33265,0,1.19885,1.90512,8.92034e+06,3.92621e+06,1.18877e+07,0,0,0,0
74.2564,85.1408,5.20708,0.02,0.06,2.93377,2.93377,0,0.549776,4.6872,4.29233e+06,2.93738e+06,1.25927e+07,0,0,0,0,62.338,61.3098,11.7769,0,1,1.33268,1.33268,0,1.0296,1.90512,8.92034e+06,3.92621e+06,1.18879e+07,0,0,0,0
77.7575,85.1408,7.12001,0.02,0.06,2.93383,2.93383,0,0.549788,4.6872,4.29233e+06,2.93738e+06,1.2593e+07,0,0,0,0,62.338,61.3098,16.8065,0,1,1.33271,1.33271,0,1.02963,1.90512,8.92034e+06,3.92621e+06,1.18882e+07,0,0,0,0
82.867,85.1408,8.92062,0,0.06,2.9339,2.9339,0,0.5498,4.6872,4.29233e+06,2.93738e+06,1.25933e+07,0,0,0,0,62.338,61.3098,18.9971,0,1,1.33274,1.33274,0,1.02965,1.90512,8.92034e+06,3.92621e+06,1.18885e+07,0,0,0,0
85.1408,85.1408,6.88718,0,0.06,2.93397,2.93397,0,0.549813,4.6872,4.29233e+06,2.93738e+06,1.25936e+07,0,0,0,0,62.338,61.3098,14.4938,0,1,1.33277,1.33277,0,1.02967,1.90512,8.92034e+06,3.92621e+06,1.18887e+07,0,0,0,0
85.1408,85.1408,4.3787,0,0.06,3.04124,3.04124,0,0.549825,4.6872,4.29233e+06,2.93738e+06,1.3054e+07,0,0,0,0,62.338,61.3098,9.42943,0,1,1.3864,1.3864,0,1.0297,1.90512,8.92034e+06,3.92621e+06,1.23672e+07,0,0,0,0
85.1408,85.1408,4.26344,0,0.06,3.0413,3.0413,0,0.569928,4.6872,4.29233e+06,2.93738e+06,1.30543e+07,0,0,0,0,62.338,61.3098,11.3655,0,1,1.38643,1.38643,0,1.07113,1.90512,8.92034e+06,3.92621e+06,1.23675e+07,0,0,0,0
85.1408,85.1408,3.95708,0,0.06,3.04137,3.04137,0,0.56994,4.6872,4.29233e+06,2.93738e+06,1.30546e+07,0,0,0,0,62.338,61.3098,10.9961,0,1,1.38647,1.38647,0,1.07116,1.90512,8.92034e+06,3.92621e+06,1.23677e+07,0,0,0,0
85.094,85.1408,3.42857,0,0.06,3.04144,3.04144,0,0.569953,4.6872,4.29233e+06,2.93738e+06,1.30549e+07,0,0,0,0,62.338,61.3098,8.19474,0,1,1.3865,1.3865,0,1.07118,1.90512,8.92034e+06,3.92621e+06,1.2368e+07,0,0,0,0
84.5781,85.1408,2.81519,0,0.06,2.99959,2.99959,0,0.569966,4.6872,4.29233e+06,2.93738e+06,1.28752e+07,0,0,0,0,62.338,61.3098,4.53421,0,1,1.36571,1.36571,0,1.07121,1.90512,8.92034e+06,3.92621e+06,1.21826e+07,0,0,0,0
84.5009,85.1408,3.25632,0,0.06,2.99966,2.99966,0,0.562123,4.6872,4.29233e+06,2.93738e+06,1.28755e+07,0,0,0,0,62.338,61.3098,4.65002,0,1,1.36574,1.36574,0,1.05514,1.90512,8.92034e+06,3.92621e+06,1.21828e+07,0,0,0,0
84.8144,85.1408,3.66302,0,0.06,2.99973,2.99973,0,0.562136,4.6872,4.29233e+06,2.93738e+06,1.28758e+07,0,0,0,0,62.338,61.3098,4.82806,0,1,1.36577,1.36577,0,1.05517,1.90512,8.92034e+06,3.92621e+06,1.21831e+07,0,0,0,0
84.0746,85.1408,2.51976,0,0.06,2.99979,2.99979,0,0.562149,4.6872,4.29233e+06,2.93738e+06,1.28761e+07,0,0,0,0,62.338,61.3098,4.16425,0,1,1.3658,1.3658,0,1.05519,1.90512,8.92034e+06,3.92621e+06,1.21834e+07,0,0,0,0
83.0357,85.1408,2.32536,0,0.06,3.14217,3.14217,0,0.562161,4.6872,4.29233e+06,2.93738e+06,1.34872e+07,0,0,0,0,62.338,61.3098,3.37306,0,1,1.43967,1.43967,0,1.05522,1.90512,8.92034e+06,3.92621e+06,1.28424e+07,0,0,0,0
81.8493,85.1408,2.11311,0,0.06,3.14224,3.14224,0,0.588842,4.6872,4.29233e+06,2.93738e+06,1.34875e+07,0,0,0,0,62.338,61.3098,3.04546,0,1,1.43971,1.43971,0,1.11229,1.90512,8.92034e+06,3.92621e+06,1.28427e+07,0,0,0,0
80.6473,85.1408,2.08533,0,0.06,3.14231,3.14231,0,0.588855,4.6872,4.29233e+06,2.93738e+06,1.34878e+07,0,0,0,0,62.338,61.3098,3.10326,0,1,1.43974,1.43974,0,1.11232,1.90512,8.92034e+06,3.92621e+06,1.2843e+07,0,0,0,0
79.33,85.1408,1.95332,0,0.06,3.14238,3.14238,0,0.588868,4.6872,4.29233e+06,2.93738e+06,1.34881e+07,0,0,0,0,62.338,61.3098,2.96599,0,1,1.43977,1.43977,0,1.11234,1.90512,8.92034e+06,3.92621e+06,1.28432e+07,0,0,0,0
77.9103,85.1408,1.80954,0,0.06,3.14245,3.14245,0,0.588882,4.6872,4.29233e+06,2.93738e+06,1.34884e+07,0,0,0,0,62.338,61.3098,2.59797,0,1,1.4398,1.4398,0,1.11237,1.90512,8.92034e+06,3.92621e+06,1.28435e+07,0,0,0,0
76.4051,85.1408,1.65602,0,0.06,3.11437,3.11437,0,0.588895,4.6872,4.29233e+06,2.93738e+06,1.33679e+07,0,0,0,0,62.338,61.3098,2.44188,0,1,1.48043,1.48043,0,1.11239,1.90512,8.92034e+06,3.92621e+06,1.32059e+07,0,0,0,0
74.7769,85.1408,1.516,0.01,0.06,3.11444,3.11444,0,0.583634,4.6872,4.29233e+06,2.93738e+06,1.33682e+07,0,0,0,0,62.338,61.3098,2.1514,0,1,1.48046,1.48046,0,1.14378,1.90512,8.92034e+06,3.92621e+06,1.32062e+07,0,0,0,0
73.0641,85.1408,1.39187,0.02,0.06,3.11452,3.11452,0,0.583647,4.6872,4.29233e+06,2.93738e+06,1.33685e+07,0,0,0,0,62.3314,61.3098,2.11308,0,1,1.48049,1.48049,0,1.1438,1.90512,8.92034e+06,3.92621e+06,1.32065e+07,0,0,0,0
71.2961,85.1408,1.30192,0.02,0.06,3.11459,3.11459,0,0.58366,4.6872,4.29233e+06,2.93738e+06,1.33688e+07,0,0,0,0,62.0715,61.3098,2.03495,0,1,1.48053,1.48053,0,1.14383,1.90512,8.92034e+06,3.92621e+06,1.32068e+07,0,0,0,0
69.3059,85.1408,1.13337,0.02,0.06,3.18735,3.18735,0,0.583673,4.6872,4.29233e+06,2.93738e+06,1.36811e+07,0,0,0,0,61.7377,61.3098,1.64699,0,1,1.51674,1.51674,0,1.14386,1.90512,8.92034e+06,3.92621e+06,1.35298e+07,0,0,0,0
67.2782,85.1408,1.0695,0.02,0.06,3.18742,3.18742,0,0.597309,4.6872,4.29233e+06,2.93738e+06,1.36814e+07,0,0,0,0,61.2434,61.3098,1.69916,0,1,1.51677,1.51677,0,1.17183,1.90512,8.92034e+06,3.92621e+06,1.35301e+07,0,0,0,0
65.2042,85.1408,1.00081,0.05,0.06,3.18749,3.18749,0,0.597322,4.6872,4.29233e+06,2.93738e+06,1.36818e+07,0,0,0,0,60.8231,61.3098,1.55834,0,1,1.51681,1.51681,0,1.17186,1.90512,8.92034e+06,3.92621e+06,1.35304e+07,0,0,0,0
63.1525,85.1408,0.983792,0.06,0.06,3.17002,3.18756,0,0.597335,4.6872,4.29233e+06,2.93738e+06,1.36068e+07,0,0,0,0,60.1794,61.3098,1.6698,0,1,1.53439,1.51684,0,1.17189,1.90512,8.92034e+06,3.92621e+06,1.36872e+07,0,0,0,0
60.7702,85.1408,0.793672,0.06,0.06,3.38301,3.40052,0,0.594061,4.6872,4.29233e+06,2.93738e+06,1.4521e+07,0,0,0,0,59.1989,61.3098,1.35406,0,1,1.66498,1.64747,0,1.18547,1.90512,8.92034e+06,3.92621e+06,1.48522e+07,0,0,0,0
58.0069,85.1408,0.629527,0.06,0.06,3.4006,3.4006,0,0.633976,4.6872,4.29233e+06,2.93738e+06,1.45965e+07,0,0,0,0,58.0911,61.3098,1.17316,0,1,1.64751,1.64751,0,1.28637,1.90512,8.92034e+06,3.92621e+06,1.46963e+07,0,0,0,0
55.6276,85.1408,0.531974,0.09,0.06,3.40067,3.40067,0,0.637272,4.6872,4.29233e+06,2.93738e+06,1.45968e+07,0,0,0,0,57.1835,61.3098,1.03184,0,1,1.64755,1.64755,0,1.27287,1.90512,8.92034e+06,3.92621e+06,1.46967e+07,0,0,0,0
53.1154,85.1408,0.578475,0.09,0.06,3.40075,3.40075,0,0.637286,4.6872,4.29233e+06,2.93738e+06,1.45971e+07,0,0,0,0,56.3809,61.3098,1.37103,0,1,1.64758,1.64758,0,1.27289,1.90512,8.92034e+06,3.92621e+06,1.4697e+07,0,0,0,0
50.242,85.1408,0.583118,0.09,0.06,3.40083,3.40083,0,0.637301,4.6872,4.29233e+06,2.93738e+06,1.45975e+07,0,0,0,0,55.6756,61.3098,1.28059,0,1,1.64762,1.64762,0,1.27292,1.90512,8.92034e+06,3.92621e+06,1.46973e+07,0,0,0,0
47.1856,85.1408,0.714909,0.1,0.06,3.29714,3.29714,0,0.637315,4.6872,4.29233e+06,2.93738e+06,1.41524e+07,0,0,0,0,55.1161,61.3098,1.56336,0,1,1.56838,1.56838,0,1.27295,1.90512,8.92034e+06,3.92621e+06,1.39905e+07,0,0,0,0
44.1094,85.1408,0.692587,0.1,0.06,3.29721,3.29721,0,0.617884,4.6872,4.29233e+06,2.93738e+06,1.41527e+07,0,0,0,0,54.7106,61.3098,1.5245,0,1,1.56842,1.56842,0,1.21173,1.90512,8.92034e+06,3.92621e+06,1.39908e+07,0,0,0,0
43.9462,85.1408,0.825478,0.1,0.06,3.29729,3.29729,0,0.617898,4.6872,4.29233e+06,2.93738e+06,1.4153e+07,0,0,0,0,54.2326,61.3098,1.96444,0,1,1.56845,1.56845,0,1.21176,1.90512,8.92034e+06,3.92621e+06,1.39911e+07,0,0,0,0
41.7761,85.1408,0.845885,0.09,0.06,3.29736,3.29736,0,0.617912,4.6872,4.29233e+06,2.93738e+06,1.41534e+07,0,0,0,0,53.9122,61.3098,1.54642,0,1,1.56849,1.56849,0,1.21179,1.90512,8.92034e+06,3.92621e+06,1.39914e+07,0,0,0,0
40.5982,85.1408,1.85142,0.11,0.06,3.21226,3.21226,0,0.617926,4.6872,4.29233e+06,2.93738e+06,1.37881e+07,0,0,0,0,54.0394,61.3098,2.48889,0,1,1.49636,1.49636,0,1.21181,1.90512,8.92034e+06,3.92621e+06,1.3348e+07,0,0,0,0
38.6047,85.1408,0.930292,0.12,0.06,3.17433,3.21233,0,0.601977,4.6872,4.29233e+06,2.93738e+06,1.36253e+07,0,0,0,0,53.6602,61.3098,1.66291,0,1,1.53439,1.49639,0,1.15608,1.90512,8.92034e+06,3.92621e+06,1.36872e+07,0,0,0,0
36.5709,85.1408,0.874591,0.11,0.06,3.17444,3.2124,0,0.59487,4.6872,4.29233e+06,2.93738e+06,1.36257e+07,0,0,0,0,53.4464,61.3098,1.59668,0,1,1.53439,1.49642,0,1.18547,1.90512,8.92034e+06,3.92621e+06,1.36872e+07,0,0,0,0
34.8419,85.1408,1.22821,0.13,0.06,3.17454,3.21247,0,0.59489,4.6872,4.29233e+06,2.93738e+06,1.36262e+07,0,0,0,0,53.4129,61.3098,2.09683,0,1,1.53439,1.49646,0,1.18547,1.90512,8.92034e+06,3.92621e+06,1.36872e+07,0,0,0,0
34.0051,85.1408,1.91557,0.13,0.06,2.93271,2.9706,0,0.59491,4.6872,4.29233e+06,2.93738e+06,1.25882e+07,0,0,0,0,53.6126,61.3098,2.44667,0,1,1.38407,1.34617,0,1.18547,1.90512,8.92034e+06,3.92621e+06,1.23464e+07,0,0,0,0
33.0338,85.1408,1.61786,0.22,0.06,2.78249,2.97067,0,0.54959,4.6872,4.29233e+06,2.93738e+06,1.19434e+07,0,0,0,0,53.2838,61.3098,2.07804,0,1,1.53438,1.3462,0,1.06933,1.90512,8.92034e+06,3.92621e+06,1.36872e+07,0,0,0,0
32.531,85.1408,2.11328,0.22,0.06,2.78259,2.97074,0,0.521439,4.6872,4.29233e+06,2.93738e+06,1.19438e+07,0,0,0,0,52.8915,61.3098,2.58136,0,1,1.53438,1.34623,0,1.18546,1.90512,8.92034e+06,3.92621e+06,1.36872e+07,0,0,0,0
32.2462,85.1408,2.34765,0.22,0.06,2.78269,2.97081,0,0.521457,4.6872,4.29233e+06,2.93738e+06,1.19442e+07,0,0,0,0,52.5275,61.3098,1.65901,0,1,1.53438,1.34626,0,1.18546,1.90512,8.92034e+06,3.92621e+06,1.36872e+07,0,0,0,0
32.5479,85.1408,2.96979,0.23,0.06,2.78279,2.97087,0,0.521476,4.6872,4.29233e+06,2.93738e+06,1.19446e+07,0,0,0,0,52.4174,61.3098,2.19312,0,1,1.53438,1.34629,0,1.18546,1.90512,8.92034e+06,3.92621e+06,1.36872e+07,0,0,0,0
32.1987,85.1408,2.37563,0.23,0.06,2.87595,3.06401,0,0.521494,4.6872,4.29233e+06,2.93738e+06,1.23445e+07,0,0,0,0,52.2764,61.3098,2.01358,0,1,1.57791,1.38986,0,1.18546,1.90512,8.92034e+06,3.92621e+06,1.40755e+07,0,0,0,0
31.5462,85.1408,2.08639,0.26,0.06,2.91956,3.06406,0,0.538953,4.6872,4.29233e+06,2.93738e+06,1.25317e+07,0,0,0,0,52.4951,61.3098,2.29215,0,1,1.53438,1.38988,0,1.2191,1.90512,8.92034e+06,3.92621e+06,1.36871e+07,0,0,0,0
34.4326,85.1408,5.69964,0.3,0.06,2.91964,3.06411,0,0.547126,4.6872,4.29233e+06,2.93738e+06,1.25321e+07,0,0,0,0,53.0104,61.3098,3.04226,0,1,1.53438,1.3899,0,1.18546,1.90512,8.92034e+06,3.92621e+06,1.36871e+07,0,0,0,0
44.91,85.1408,13.804,0.2,0.06,2.91971,3.06416,0,0.54714,4.6872,4.29233e+06,2.93738e+06,1.25324e+07,0,0,0,0,54.759,61.3098,6.36889,0,1,1.53438,1.38993,0,1.18546,1.90512,8.92034e+06,3.92621e+06,1.36871e+07,0,0,0,0
47.573,85.1408,5.93354,0.1,0.06,3.21867,3.36309,0,0.547154,4.6872,4.29233e+06,2.93738e+06,1.38156e+07,0,0,0,0,55.4386,61.3098,4.31432,0,1,1.6978,1.55338,0,1.18546,1.90512,8.92034e+06,3.92621e+06,1.5145e+07,0,0,0,0
52.8302,85.1408,8.79092,0.11,0.06,3.36315,3.36315,0,0.603178,4.6872,4.29233e+06,2.93738e+06,1.44357e+07,0,0,0,0,56.2223,61.3098,4.34073,0,1,1.5534,1.5534,0,1.31172,1.90512,8.92034e+06,3.92621e+06,1.38569e+07,0,0,0,0
56.3226,85.1408,6.96085,0.08,0.06,3.36321,3.36321,0,0.630254,4.6872,4.29233e+06,2.93738e+06,1.4436e+07,0,0,0,0,57.658,61.3098,5.55145,0,1,1.55343,1.55343,0,1.20016,1.90512,8.92034e+06,3.92621e+06,1.38571e+07,0,0,0,0
59.7546,85.1408,7.01067,0.07,0.06,3.36326,3.36326,0,0.630265,4.6872,4.29233e+06,2.93738e+06,1.44362e+07,0,0,0,0,58.7838,61.3098,4.5944,0,1,1.55346,1.55346,0,1.20018,1.90512,8.92034e+06,3.92621e+06,1.38574e+07,0,0,0,0
64.1182,85.1408,8.05832,0.04,0.06,2.937,2.937,0,0.630276,4.6872,4.29233e+06,2.93738e+06,1.26066e+07,0,0,0,0,62.338,61.3098,10.6739,0,1,1.33415,1.33415,0,1.2002,1.90512,8.92034e+06,3.92621e+06,1.1901e+07,0,0,0,0
68.5696,85.1408,8.12978,0.04,0.06,2.93705,2.93705,0,0.550394,4.6872,4.29233e+06,2.93738e+06,1.26068e+07,0,0,0,0,62.338,61.3098,7.79544,0,1,1.33417,1.33417,0,1.03076,1.90512,8.92034e+06,3.92621e+06,1.19012e+07,0,0,0,0
76.4978,85.1408,11.666,0.02,0.06,2.9371,2.9371,0,0.550403,4.6872,4.29233e+06,2.93738e+06,1.2607e+07,0,0,0,0,62.338,61.3098,16.1005,0,1,1.33419,1.33419,0,1.03078,1.90512,8.92034e+06,3.92621e+06,1.19014e+07,0,0,0,0
85.1408,85.1408,13.8898,0.02,0.06,2.93715,2.93715,0,0.550412,4.6872,4.29233e+06,2.93738e+06,1.26072e+07,0,0,0,0,62.338,61.3098,15.3754,0,1,1.33421,1.33421,0,1.0308,1.90512,8.92034e+06,3.92621e+06,1.19016e+07,0,0,0,0
85.1408,85.1408,9.01527,0,0.06,2.9372,2.9372,0,0.550422,4.6872,4.29233e+06,2.93738e+06,1.26074e+07,0,0,0,0,62.338,61.3098,8.87818,0,1,1.33424,1.33424,0,1.03081,1.90512,8.92034e+06,3.92621e+06,1.19018e+07,0,0,0,0
85.1408,85.1408,7.86377,0,0.06,3.04457,3.04457,0,0.550431,4.6872,4.29233e+06,2.93738e+06,1.30683e+07,0,0,0,0,62.338,61.3098,10.9408,0,1,1.38792,1.38792,0,1.03083,1.90512,8.92034e+06,3.92621e+06,1.23807e+07,0,0,0,0
85.1408,85.1408,7.03782,0,0.06,3.04462,3.04462,0,0.570552,4.6872,4.29233e+06,2.93738e+06,1.30685e+07,0,0,0,0,62.338,61.3098,9.84501,0,1,1.38795,1.38795,0,1.07231,1.90512,8.92034e+06,3.92621e+06,1.23809e+07,0,0,0,0
85.1408,85.1408,7.22182,0,0.06,3.04467,3.04467,0,0.570562,4.6872,4.29233e+06,2.93738e+06,1.30687e+07,0,0,0,0,62.338,61.3098,11.0978,0,1,1.38797,1.38797,0,1.07233,1.90512,8.92034e+06,3.92621e+06,1.23812e+07,0,0,0,0
85.1408,85.1408,7.01924,0,0.06,3.04473,3.04473,0,0.570572,4.6872,4.29233e+06,2.93738e+06,1.3069e+07,0,0,0,0,62.338,61.3098,7.03171,0,1,1.38799,1.38799,0,1.07235,1.90512,8.92034e+06,3.92621e+06,1.23814e+07,0,0,0,0
85.1408,85.1408,5.02689,0,0.06,3.00281,3.00281,0,0.570582,4.6872,4.29233e+06,2.93738e+06,1.28891e+07,0,0,0,0,62.338,61.3098,3.71675,0,1,1.36717,1.36717,0,1.07236,1.90512,8.92034e+06,3.92621e+06,1.21957e+07,0,0,0,0
85.1408,85.1408,4.5981,0,0.06,3.00286,3.00286,0,0.562727,4.6872,4.29233e+06,2.93738e+06,1.28893e+07,0,0,0,0,62.338,61.3098,3.5417,0,1,1.3672,1.3672,0,1.05628,1.90512,8.92034e+06,3.92621e+06,1.21959e+07,0,0,0,0
85.1408,85.1408,4.30072,0,0.06,3.00292,3.00292,0,0.562737,4.6872,4.29233e+06,2.93738e+06,1.28895e+07,0,0,0,0,62.338,61.3098,3.47881,0,1,1.36722,1.36722,0,1.0563,1.90512,8.92034e+06,3.92621e+06,1.21961e+07,0,0,0,0
85.1408,85.1408,4.11564,0,0.06,3.00297,3.00297,0,0.562746,4.6872,4.29233e+06,2.93738e+06,1.28897e+07,0,0,0,0,62.338,61.3098,4.25682,0,1,1.36724,1.36724,0,1.05631,1.90512,8.92034e+06,3.92621e+06,1.21963e+07,0,0,0,0
85.1408,85.1408,3.75699,0,0.06,3.14547,3.14547,0,0.562756,4.6872,4.29233e+06,2.93738e+06,1.35014e+07,0,0,0,0,62.338,61.3098,2.96339,0,1,1.44119,1.44119,0,1.05633,1.90512,8.92034e+06,3.92621e+06,1.28559e+07,0,0,0,0
85.0567,85.1408,3.31804,0,0.06,3.14553,3.14553,0,0.589461,4.6872,4.29233e+06,2.93738e+06,1.35016e+07,0,0,0,0,62.338,61.3098,2.28421,0,1,1.44121,1.44121,0,1.11346,1.90512,8.92034e+06,3.92621e+06,1.28561e+07,0,0,0,0
84.7609,85.1408,3.06634,0,0.06,3.14558,3.14558,0,0.589471,4.6872,4.29233e+06,2.93738e+06,1.35019e+07,0,0,0,0,62.338,61.3098,2.29939,0,1,1.44124,1.44124,0,1.11348,1.90512,8.92034e+06,3.92621e+06,1.28563e+07,0,0,0,0
84.3766,85.1408,2.9676,0,0.06,3.14563,3.14563,0,0.589482,4.6872,4.29233e+06,2.93738e+06,1.35021e+07,0,0,0,0,62.338,61.3098,2.27861,0,1,1.44126,1.44126,0,1.1135,1.90512,8.92034e+06,3.92621e+06,1.28565e+07,0,0,0,0
83.8557,85.1408,2.81837,0,0.06,3.14569,3.14569,0,0.589492,4.6872,4.29233e+06,2.93738e+06,1.35023e+07,0,0,0,0,62.338,61.3098,2.04526,0,1,1.44129,1.44129,0,1.11352,1.90512,8.92034e+06,3.92621e+06,1.28568e+07,0,0,0,0
83.1334,85.1408,2.58024,0,0.06,3.11757,3.11757,0,0.589502,4.6872,4.29233e+06,2.93738e+06,1.33816e+07,0,0,0,0,62.073,61.3098,1.9183,0,1,1.48194,1.48194,0,1.11354,1.90512,8.92034e+06,3.92621e+06,1.32194e+07,0,0,0,0
82.1765,85.1408,2.3294,0.01,0.06,3.11762,3.11762,0,0.584232,4.6872,4.29233e+06,2.93738e+06,1.33818e+07,0,0,0,0,61.7957,61.3098,1.70573,0,1,1.48197,1.48197,0,1.14495,1.90512,8.92034e+06,3.92621e+06,1.32197e+07,0,0,0,0
81.1538,85.1408,2.21967,0.01,0.06,3.11767,3.11767,0,0.584242,4.6872,4.29233e+06,2.93738e+06,1.33821e+07,0,0,0,0,61.4133,61.3098,1.66301,0,1,1.48199,1.48199,0,1.14497,1.90512,8.92034e+06,3.92621e+06,1.32199e+07,0,0,0,0
79.9202,85.1408,1.98071,0.01,0.06,3.11772,3.11772,0,0.584252,4.6872,4.29233e+06,2.93738e+06,1.33823e+07,0,0,0,0,60.8133,61.3098,1.60994,0,1,1.48202,1.48202,0,1.14499,1.90512,8.92034e+06,3.92621e+06,1.32201e+07,0,0,0,0
78.3813,85.1408,1.70986,0.01,0.06,3.19054,3.19054,0,0.584262,4.6872,4.29233e+06,2.93738e+06,1.36949e+07,0,0,0,0,60.2965,61.3098,1.48097,0,1,1.51826,1.51826,0,1.14501,1.90512,8.92034e+06,3.92621e+06,1.35434e+07,0,0,0,0
76.8286,85.1408,1.71111,0.01,0.06,3.1906,3.1906,0,0.597907,4.6872,4.29233e+06,2.93738e+06,1.36951e+07,0,0,0,0,59.7342,61.3098,1.53316,0,1,1.51828,1.51828,0,1.17301,1.90512,8.92034e+06,3.92621e+06,1.35436e+07,0,0,0,0
75.1865,85.1408,1.58632,0.01,0.06,3.19065,3.19065,0,0.597918,4.6872,4.29233e+06,2.93738e+06,1.36953e+07,0,0,0,0,59.0122,61.3098,1.48119,0,1,1.51831,1.51831,0,1.17303,1.90512,8.92034e+06,3.92621e+06,1.35438e+07,0,0,0,0
73.4242,85.1408,1.44437,0.03,0.06,3.1907,3.1907,0,0.597928,4.6872,4.29233e+06,2.93738e+06,1.36956e+07,0,0,0,0,58.6211,61.3098,1.29715,0,1,1.51834,1.51834,0,1.17305,1.90512,8.92034e+06,3.92621e+06,1.35441e+07,0,0,0,0
71.4517,85.1408,1.38327,0.04,0.06,3.40386,3.40386,0,0.597938,4.6872,4.29233e+06,2.93738e+06,1.46105e+07,0,0,0,0,57.9378,61.3098,1.70063,0,1,1.64909,1.64909,0,1.17307,1.90512,8.92034e+06,3.92621e+06,1.47104e+07,0,0,0,0
69.0053,85.1408,0.879406,0.03,0.06,3.40391,3.40391,0,0.637882,4.6872,4.29233e+06,2.93738e+06,1.46107e+07,0,0,0,0,57.1879,61.3098,1.36749,0,1,1.64912,1.64912,0,1.27408,1.90512,8.92034e+06,3.92621e+06,1.47107e+07,0,0,0,0
66.6821,85.1408,0.977935,0.04,0.06,3.40397,3.40397,0,0.637893,4.6872,4.29233e+06,2.93738e+06,1.4611e+07,0,0,0,0,56.6499,61.3098,1.40489,0,1,1.64914,1.64914,0,1.27411,1.90512,8.92034e+06,3.92621e+06,1.47109e+07,0,0,0,0
64.9196,85.1408,1.56851,0.06,0.06,3.40403,3.40403,0,0.637904,4.6872,4.29233e+06,2.93738e+06,1.46112e+07,0,0,0,0,56.1646,61.3098,1.71174,0,1,1.64917,1.64917,0,1.27413,1.90512,8.92034e+06,3.92621e+06,1.47112e+07,0,0,0,0
63.5454,85.1408,1.95831,0.06,0.06,3.40409,3.40409,0,0.637915,4.6872,4.29233e+06,2.93738e+06,1.46115e+07,0,0,0,0,55.5037,61.3098,1.71911,0,1,1.6492,1.6492,0,1.27415,1.90512,8.92034e+06,3.92621e+06,1.47114e+07,0,0,0,0
61.8542,85.1408,1.52423,0.06,0.06,3.30028,3.30028,0,0.637926,4.6872,4.29233e+06,2.93738e+06,1.41659e+07,0,0,0,0,54.9635,61.3098,1.34935,0,1,1.56988,1.56988,0,1.27417,1.90512,8.92034e+06,3.92621e+06,1.40038e+07,0,0,0,0
60.0992,85.1408,1.47194,0.05,0.06,3.30034,3.30034,0,0.618473,4.6872,4.29233e+06,2.93738e+06,1.41661e+07,0,0,0,0,53.9757,61.3098,1.50729,0,1,1.5699,1.5699,0,1.21289,1.90512,8.92034e+06,3.92621e+06,1.40041e+07,0,0,0,0
57.8212,85.1408,0.887283,0.05,0.06,3.30039,3.30039,0,0.618483,4.6872,4.29233e+06,2.93738e+06,1.41664e+07,0,0,0,0,52.9501,61.3098,0.925704,0,1,1.56993,1.56993,0,1.21291,1.90512,8.92034e+06,3.92621e+06,1.40043e+07,0,0,0,0
55.844,85.1408,1.19577,0.07,0.06,3.30045,3.30045,0,0.618494,4.6872,4.29233e+06,2.93738e+06,1.41666e+07,0,0,0,0,52.5512,61.3098,1.13224,0,1,1.56996,1.56996,0,1.21293,1.90512,8.92034e+06,3.92621e+06,1.40045e+07,0,0,0,0
55.2684,85.1408,2.54594,0.07,0.06,3.21525,3.21525,0,0.618504,4.6872,4.29233e+06,2.93738e+06,1.38009e+07,0,0,0,0,52.3454,61.3098,2.14264,0,1,1.49775,1.49775,0,1.21295,1.90512,8.92034e+06,3.92621e+06,1.33604e+07,0,0,0,0
54.1528,85.1408,2.00807,0.07,0.06,3.1787,3.2153,0,0.602537,4.6872,4.29233e+06,2.93738e+06,1.3644e+07,0,0,0,0,52.1215,61.3098,1.86008,0,1,1.53438,1.49777,0,1.15716,1.90512,8.92034e+06,3.92621e+06,1.36872e+07,0,0,0,0
53.8464,85.1408,2.89708,0.07,0.06,3.17878,3.21536,0,0.595688,4.6872,4.29233e+06,2.93738e+06,1.36444e+07,0,0,0,0,52.0733,61.3098,2.28932,0,1,1.53438,1.4978,0,1.18546,1.90512,8.92034e+06,3.92621e+06,1.36872e+07,0,0,0,0
56.3757,85.1408,5.7688,0.07,0.06,3.17886,3.21541,0,0.595703,4.6872,4.29233e+06,2.93738e+06,1.36447e+07,0,0,0,0,52.5384,61.3098,3.44264,0,1,1.53438,1.49782,0,1.18546,1.90512,8.92034e+06,3.92621e+06,1.36872e+07,0,0,0,0
57.4145,85.1408,4.13485,0.06,0.06,2.93678,2.9733,0,0.595718,4.6872,4.29233e+06,2.93738e+06,1.26056e+07,0,0,0,0,52.7139,61.3098,2.83296,0,1,1.38392,1.3474,0,1.18546,1.90512,8.92034e+06,3.92621e+06,1.23451e+07,0,0,0,0
57.863,85.1408,3.38541,0.06,0.06,2.7864,2.97335,0,0.550352,4.6872,4.29233e+06,2.93738e+06,1.19601e+07,0,0,0,0,52.5766,61.3098,2.43497,0,1,1.53437,1.34742,0,1.06922,1.90512,8.92034e+06,3.92621e+06,1.36871e+07,0,0,0,0
58.4619,85.1408,3.57834,0.06,0.06,2.78647,2.9734,0,0.522171,4.6872,4.29233e+06,2.93738e+06,1.19605e+07,0,0,0,0,52.6431,61.3098,3.45184,0,1,1.53438,1.34744,0,1.18546,1.90512,8.92034e+06,3.92621e+06,1.36871e+07,0,0,0,0
57.7927,85.1408,2.22812,0.06,0.06,2.78655,2.97346,0,0.522185,4.6872,4.29233e+06,2.93738e+06,1.19608e+07,0,0,0,0,51.9556,61.3098,1.81478,0,1,1.53438,1.34747,0,1.18546,1.90512,8.92034e+06,3.92621e+06,1.36871e+07,0,0,0,0
56.9728,85.1408,2.06045,0.07,0.06,2.78662,2.97351,0,0.522199,4.6872,4.29233e+06,2.93738e+06,1.19611e+07,0,0,0,0,51.6185,61.3098,1.45978,0,1,1.53437,1.34749,0,1.18546,1.90512,8.92034e+06,3.92621e+06,1.36871e+07,0,0,0,0
62.1274,85.1408,8.27136,0.07,0.06,2.87984,3.06671,0,0.522212,4.6872,4.29233e+06,2.93738e+06,1.23612e+07,0,0,0,0,51.9202,61.3098,2.96887,0,1,1.57794,1.39108,0,1.18546,1.90512,8.92034e+06,3.92621e+06,1.40758e+07,0,0,0,0
64.9716,85.1408,6.27124,0.05,0.06,3.06674,3.06674,0,0.539682,4.6872,4.29233e+06,2.93738e+06,1.31635e+07,0,0,0,0,52.3194,61.3098,3.68175,0,1,1.3911,1.3911,0,1.21912,1.90512,8.92034e+06,3.92621e+06,1.2409e+07,0,0,0,0
66.234,85.1408,4.61853,0.05,0.06,3.06678,3.06678,0,0.574707,4.6872,4.29233e+06,2.93738e+06,1.31636e+07,0,0,0,0,52.3712,61.3098,2.75125,0,1,1.39111,1.39111,0,1.07476,1.90512,8.92034e+06,3.92621e+06,1.24092e+07,0,0,0,0
66.8087,85.1408,3.9077,0.05,0.06,3.06681,3.06681,0,0.574714,4.6872,4.29233e+06,2.93738e+06,1.31638e+07,0,0,0,0,52.369,61.3098,2.41398,0,1,1.39113,1.39113,0,1.07477,1.90512,8.92034e+06,3.92621e+06,1.24093e+07,0,0,0,0
68.6486,85.1408,5.51928,0.05,0.06,3.36598,3.36598,0,0.574721,4.6872,4.29233e+06,2.93738e+06,1.44479e+07,0,0,0,0,52.6104,61.3098,3.30123,0,1,1.55471,1.55471,0,1.07479,1.90512,8.92034e+06,3.92621e+06,1.38686e+07,0,0,0,0
70.5671,85.1408,5.71134,0.02,0.06,3.36602,3.36602,0,0.630785,4.6872,4.29233e+06,2.93738e+06,1.44481e+07,0,0,0,0,52.8585,61.3098,3.30673,0,1,1.55473,1.55473,0,1.20117,1.90512,8.92034e+06,3.92621e+06,1.38687e+07,0,0,0,0
72.5534,85.1408,5.66489,0.01,0.06,3.36606,3.36606,0,0.630792,4.6872,4.29233e+06,2.93738e+06,1.44482e+07,0,0,0,0,52.8936,61.3098,2.38071,0,1,1.55475,1.55475,0,1.20119,1.90512,8.92034e+06,3.92621e+06,1.38689e+07,0,0,0,0
76.2696,85.1408,7.53937,0.01,0.06,3.3661,3.3661,0,0.6308,4.6872,4.29233e+06,2.93738e+06,1.44484e+07,0,0,0,0,53.2761,61.3098,3.81676,0,1,1.55477,1.55477,0,1.2012,1.90512,8.92034e+06,3.92621e+06,1.3869e+07,0,0,0,0
80.5676,85.1408,7.87931,0.01,0.06,2.93946,2.93946,0,0.630807,4.6872,4.29233e+06,2.93738e+06,1.26171e+07,0,0,0,0,53.8237,61.3098,3.71727,0,1,1.33526,1.33526,0,1.20121,1.90512,8.92034e+06,3.92621e+06,1.1911e+07,0,0,0,0
81.8561,85.1408,4.8201,0.01,0.06,2.93949,2.93949,0,0.550854,4.6872,4.29233e+06,2.93738e+06,1.26173e+07,0,0,0,0,54.1037,61.3098,2.33116,0,1,1.33528,1.33528,0,1.03162,1.90512,8.92034e+06,3.92621e+06,1.19111e+07,0,0,0,0
84.112,85.1408,5.97756,0.01,0.06,2.93953,2.93953,0,0.550861,4.6872,4.29233e+06,2.93738e+06,1.26174e+07,0,0,0,0,55.3267,61.3098,4.00559,0,1,1.33529,1.33529,0,1.03164,1.90512,8.92034e+06,3.92621e+06,1.19113e+07,0,0,0,0
85.1408,85.1408,6.06721,0,0.06,2.93956,2.93956,0,0.550867,4.6872,4.29233e+06,2.93738e+06,1.26176e+07,0,0,0,0,56.2366,61.3098,3.34144,0,1,1.33531,1.33531,0,1.03165,1.90512,8.92034e+06,3.92621e+06,1.19114e+07,0,0,0,0
85.1408,85.1408,4.65864,0,0.06,2.93959,2.93959,0,0.550874,4.6872,4.29233e+06,2.93738e+06,1.26177e+07,0,0,0,0,57.1081,61.3098,3.48025,0,1,1.33533,1.33533,0,1.03166,1.90512,8.92034e+06,3.92621e+06,1.19115e+07,0,0,0,0
85.1408,85.1408,7.27981,0,0.06,3.04704,3.04704,0,0.55088,4.6872,4.29233e+06,2.93738e+06,1.30789e+07,0,0,0,0,59.0746,61.3098,6.08601,0,1,1.38905,1.38905,0,1.03167,1.90512,8.92034e+06,3.92621e+06,1.23908e+07,0,0,0,0
85.1408,85.1408,5.12276,0,0.06,3.04707,3.04707,0,0.571014,4.6872,4.29233e+06,2.93738e+06,1.3079e+07,0,0,0,0,59.831,61.3098,3.62174,0,1,1.38906,1.38906,0,1.07318,1.90512,8.92034e+06,3.92621e+06,1.23909e+07,0,0,0,0
85.1408,85.1408,4.68796,0,0.06,3.04711,3.04711,0,0.571021,4.6872,4.29233e+06,2.93738e+06,1.30792e+07,0,0,0,0,60.7035,61.3098,3.81504,0,1,1.38908,1.38908,0,1.07319,1.90512,8.92034e+06,3.92621e+06,1.2391e+07,0,0,0,0
85.1408,85.1408,4.47364,0,0.06,3.04714,3.04714,0,0.571028,4.6872,4.29233e+06,2.93738e+06,1.30793e+07,0,0,0,0,61.6323,61.3098,4.00539,0,1,1.38909,1.38909,0,1.0732,1.90512,8.92034e+06,3.92621e+06,1.23912e+07,0,0,0,0
85.1408,85.1408,5.1163,0,0.06,3.00518,3.00518,0,0.571034,4.6872,4.29233e+06,2.93738e+06,1.28992e+07,0,0,0,0,62.338,61.3098,4.83432,0,1,1.36825,1.36825,0,1.07321,1.90512,8.92034e+06,3.92621e+06,1.22053e+07,0,0,0,0
85.1408,85.1408,3.89108,0,0.06,3.00521,3.00521,0,0.563171,4.6872,4.29233e+06,2.93738e+06,1.28994e+07,0,0,0,0,62.338,61.3098,3.62322,0,1,1.36827,1.36827,0,1.05711,1.90512,8.92034e+06,3.92621e+06,1.22054e+07,0,0,0,0
85.0636,85.1408,3.32752,0,0.06,3.00525,3.00525,0,0.563177,4.6872,4.29233e+06,2.93738e+06,1.28995e+07,0,0,0,0,62.338,61.3098,3.30655,0,1,1.36828,1.36828,0,1.05712,1.90512,8.92034e+06,3.92621e+06,1.22055e+07,0,0,0,0
84.6465,85.1408,2.9524,0,0.06,3.00528,3.00528,0,0.563184,4.6872,4.29233e+06,2.93738e+06,1.28997e+07,0,0,0,0,62.338,61.3098,2.91711,0,1,1.3683,1.3683,0,1.05714,1.90512,8.92034e+06,3.92621e+06,1.22057e+07,0,0,0,0
83.9837,85.1408,2.77726,0,0.06,3.14788,3.14788,0,0.56319,4.6872,4.29233e+06,2.93738e+06,1.35117e+07,0,0,0,0,62.338,61.3098,2.8408,0,1,1.44229,1.44229,0,1.05715,1.90512,8.92034e+06,3.92621e+06,1.28657e+07,0,0,0,0
83.4194,85.1408,2.82194,0,0.06,3.14792,3.14792,0,0.589913,4.6872,4.29233e+06,2.93738e+06,1.35119e+07,0,0,0,0,62.338,61.3098,2.74145,0,1,1.44231,1.44231,0,1.11432,1.90512,8.92034e+06,3.92621e+06,1.28659e+07,0,0,0,0
82.5274,85.1408,2.46593,0,0.06,3.14795,3.14795,0,0.58992,4.6872,4.29233e+06,2.93738e+06,1.35121e+07,0,0,0,0,62.338,61.3098,2.55653,0,1,1.44233,1.44233,0,1.11433,1.90512,8.92034e+06,3.92621e+06,1.2866e+07,0,0,0,0
81.5491,85.1408,2.31583,0,0.06,3.14799,3.14799,0,0.589927,4.6872,4.29233e+06,2.93738e+06,1.35122e+07,0,0,0,0,62.338,61.3098,2.44356,0,1,1.44234,1.44234,0,1.11434,1.90512,8.92034e+06,3.92621e+06,1.28662e+07,0,0,0,0
80.5047,85.1408,2.2462,0,0.06,3.14803,3.14803,0,0.589933,4.6872,4.29233e+06,2.93738e+06,1.35124e+07,0,0,0,0,62.338,61.3098,2.26316,0,1,1.44236,1.44236,0,1.11435,1.90512,8.92034e+06,3.92621e+06,1.28663e+07,0,0,0,0
79.7994,85.1408,2.5625,0,0.06,3.11987,3.11987,0,0.58994,4.6872,4.29233e+06,2.93738e+06,1.33915e+07,0,0,0,0,62.338,61.3098,2.13386,0,1,1.48304,1.48304,0,1.11437,1.90512,8.92034e+06,3.92621e+06,1.32292e+07,0,0,0,0
78.9956,85.1408,2.43683,0.01,0.06,3.1199,3.1199,0,0.584663,4.6872,4.29233e+06,2.93738e+06,1.33917e+07,0,0,0,0,62.335,61.3098,2.09735,0,1,1.48306,1.48306,0,1.1458,1.90512,8.92034e+06,3.92621e+06,1.32294e+07,0,0,0,0
77.9057,85.1408,2.11785,0.01,0.06,3.11994,3.11994,0,0.58467,4.6872,4.29233e+06,2.93738e+06,1.33918e+07,0,0,0,0,62.2688,61.3098,1.95954,0,1,1.48307,1.48307,0,1.14581,1.90512,8.92034e+06,3.92621e+06,1.32295e+07,0,0,0,0
76.7846,85.1408,2.06935,0.01,0.06,3.11998,3.11998,0,0.584677,4.6872,4.29233e+06,2.93738e+06,1.3392e+07,0,0,0,0,62.0826,61.3098,2.02987,0,1,1.48309,1.48309,0,1.14582,1.90512,8.92034e+06,3.92621e+06,1.32297e+07,0,0,0,0
75.7019,85.1408,2.12783,0.01,0.06,3.19283,3.19283,0,0.584684,4.6872,4.29233e+06,2.93738e+06,1.37047e+07,0,0,0,0,61.9019,61.3098,1.79822,0,1,1.51935,1.51935,0,1.14584,1.90512,8.92034e+06,3.92621e+06,1.35531e+07,0,0,0,0
74.8007,85.1408,2.33055,0.02,0.06,3.19286,3.19286,0,0.598336,4.6872,4.29233e+06,2.93738e+06,1.37048e+07,0,0,0,0,61.7402,61.3098,1.97991,0,1,1.51936,1.51936,0,1.17385,1.90512,8.92034e+06,3.92621e+06,1.35532e+07,0,0,0,0
73.7592,85.1408,2.15334,0.02,0.06,3.1929,3.1929,0,0.598343,4.6872,4.29233e+06,2.93738e+06,1.3705e+07,0,0,0,0,61.3494,61.3098,1.88776,0,1,1.51938,1.51938,0,1.17386,1.90512,8.92034e+06,3.92621e+06,1.35534e+07,0,0,0,0
72.5416,85.1408,1.9598,0.03,0.06,3.19294,3.19294,0,0.59835,4.6872,4.29233e+06,2.93738e+06,1.37051e+07,0,0,0,0,61.0781,61.3098,1.6481,0,1,1.5194,1.5194,0,1.17387,1.90512,8.92034e+06,3.92621e+06,1.35536e+07,0,0,0,0
71.3741,85.1408,2.16326,0.04,0.06,3.40622,3.40622,0,0.598357,4.6872,4.29233e+06,2.93738e+06,1.46206e+07,0,0,0,0,60.607,61.3098,2.02166,0,1,1.65023,1.65023,0,1.17389,1.90512,8.92034e+06,3.92621e+06,1.47206e+07,0,0,0,0
70.0656,85.1408,1.99048,0.03,0.06,3.40626,3.40626,0,0.638326,4.6872,4.29233e+06,2.93738e+06,1.46208e+07,0,0,0,0,60.1227,61.3098,1.57811,0,1,1.65025,1.65025,0,1.27497,1.90512,8.92034e+06,3.92621e+06,1.47208e+07,0,0,0,0
68.8926,85.1408,2.1381,0.04,0.06,3.4063,3.4063,0,0.638333,4.6872,4.29233e+06,2.93738e+06,1.4621e+07,0,0,0,0,59.4529,61.3098,1.94389,0,1,1.65027,1.65027,0,1.27498,1.90512,8.92034e+06,3.92621e+06,1.4721e+07,0,0,0,0
67.3719,85.1408,1.76962,0.03,0.06,3.40634,3.40634,0,0.638341,4.6872,4.29233e+06,2.93738e+06,1.46211e+07,0,0,0,0,58.9224,61.3098,1.35406,0,1,1.65029,1.65029,0,1.275,1.90512,8.92034e+06,3.92621e+06,1.47211e+07,0,0,0,0
66.2762,85.1408,2.17702,0.06,0.06,3.40638,3.40638,0,0.638348,4.6872,4.29233e+06,2.93738e+06,1.46213e+07,0,0,0,0,58.5328,61.3098,2.57476,0,1,1.65031,1.65031,0,1.27501,1.90512,8.92034e+06,3.92621e+06,1.47213e+07,0,0,0,0
64.4925,85.1408,1.44992,0.06,0.06,3.30248,3.30248,0,0.638355,4.6872,4.29233e+06,2.93738e+06,1.41754e+07,0,0,0,0,58.1645,61.3098,1.53499,0,1,1.57092,1.57092,0,1.27503,1.90512,8.92034e+06,3.92621e+06,1.40132e+07,0,0,0,0
63.6732,85.1408,2.39106,0.05,0.06,3.30252,3.30252,0,0.618886,4.6872,4.29233e+06,2.93738e+06,1.41755e+07,0,0,0,0,58.0072,61.3098,2.70834,0,1,1.57094,1.57094,0,1.2137,1.90512,8.92034e+06,3.92621e+06,1.40133e+07,0,0,0,0
61.7067,85.1408,1.23553,0.05,0.06,3.30256,3.30256,0,0.618893,4.6872,4.29233e+06,2.93738e+06,1.41757e+07,0,0,0,0,57.3934,61.3098,1.64219,0,1,1.57096,1.57096,0,1.21371,1.90512,8.92034e+06,3.92621e+06,1.40135e+07,0,0,0,0
59.7949,85.1408,1.2254,0.05,0.06,3.3026,3.3026,0,0.6189,4.6872,4.29233e+06,2.93738e+06,1.41758e+07,0,0,0,0,57.0411,61.3098,1.503,0,1,1.57098,1.57098,0,1.21372,1.90512,8.92034e+06,3.92621e+06,1.40137e+07,0,0,0,0
58.0176,85.1408,1.4204,0.05,0.06,3.21732,3.21732,0,0.618907,4.6872,4.29233e+06,2.93738e+06,1.38098e+07,0,0,0,0,56.8663,61.3098,1.95868,0,1,1.49872,1.49872,0,1.21374,1.90512,8.92034e+06,3.92621e+06,1.3369e+07,0,0,0,0
56.3472,85.1408,1.52144,0.07,0.06,3.18172,3.21736,0,0.602926,4.6872,4.29233e+06,2.93738e+06,1.3657e+07,0,0,0,0,56.7952,61.3098,2.31061,0,1,1.53437,1.49873,0,1.15791,1.90512,8.92034e+06,3.92621e+06,1.36871e+07,0,0,0,0
54.3437,85.1408,1.15781,0.07,0.06,3.18178,3.2174,0,0.596255,4.6872,4.29233e+06,2.93738e+06,1.36572e+07,0,0,0,0,56.6054,61.3098,1.93687,0,1,1.53437,1.49875,0,1.18545,1.90512,8.92034e+06,3.92621e+06,1.36871e+07,0,0,0,0
53.9125,85.1408,2.68124,0.07,0.06,3.18183,3.21743,0,0.596265,4.6872,4.29233e+06,2.93738e+06,1.36575e+07,0,0,0,0,56.7119,61.3098,2.85034,0,1,1.53437,1.49877,0,1.18545,1.90512,8.92034e+06,3.92621e+06,1.36871e+07,0,0,0,0
56.5574,85.1408,5.841,0.06,0.06,2.93957,2.97516,0,0.596275,4.6872,4.29233e+06,2.93738e+06,1.26176e+07,0,0,0,0,57.5756,61.3098,4.59353,0,1,1.38382,1.34824,0,1.18545,1.90512,8.92034e+06,3.92621e+06,1.23442e+07,0,0,0,0
57.6149,85.1408,4.14484,0.06,0.06,2.78908,2.97519,0,0.550876,4.6872,4.29233e+06,2.93738e+06,1.19716e+07,0,0,0,0,57.8946,61.3098,3.35653,0,1,1.53437,1.34825,0,1.06914,1.90512,8.92034e+06,3.92621e+06,1.36871e+07,0,0,0,0
59.1495,85.1408,4.79734,0.06,0.06,2.78913,2.97523,0,0.522673,4.6872,4.29233e+06,2.93738e+06,1.19719e+07,0,0,0,0,58.7048,61.3098,4.76748,0,1,1.53437,1.34827,0,1.18545,1.90512,8.92034e+06,3.92621e+06,1.36871e+07,0,0,0,0
61.542,85.1408,5.75022,0.06,0.06,2.78918,2.97526,0,0.522682,4.6872,4.29233e+06,2.93738e+06,1.19721e+07,0,0,0,0,59.5959,61.3098,4.69218,0,1,1.53437,1.34828,0,1.18545,1.90512,8.92034e+06,3.92621e+06,1.36871e+07,0,0,0,0
61.7504,85.1408,3.42294,0.06,0.06,2.78923,2.9753,0,0.522692,4.6872,4.29233e+06,2.93738e+06,1.19723e+07,0,0,0,0,60.2205,61.3098,3.81557,0,1,1.53437,1.3483,0,1.18545,1.90512,8.92034e+06,3.92621e+06,1.36871e+07,0,0,0,0
62.9725,85.1408,4.47697,0.05,0.06,2.9753,2.9753,0,0.522701,4.6872,4.29233e+06,2.93738e+06,1.2771e+07,0,0,0,0,61.4356,61.3098,5.34047,0,1,1.3483,1.3483,0,1.18545,1.90512,8.92034e+06,3.92621e+06,1.20273e+07,0,0,0,0
64.2422,85.1408,4.56878,0.05,0.06,3.06854,3.06854,0,0.55757,4.6872,4.29233e+06,2.93738e+06,1.31712e+07,0,0,0,0,62.0952,61.3098,4.09135,0,1,1.39191,1.39191,0,1.0417,1.90512,8.92034e+06,3.92621e+06,1.24163e+07,0,0,0,0
65.1828,85.1408,4.21929,0.05,0.06,3.06855,3.06855,0,0.575044,4.6872,4.29233e+06,2.93738e+06,1.31712e+07,0,0,0,0,62.338,61.3098,4.3484,0,1,1.39192,1.39192,0,1.07539,1.90512,8.92034e+06,3.92621e+06,1.24164e+07,0,0,0,0
66.1833,85.1408,4.28278,0.05,0.06,3.06857,3.06857,0,0.575047,4.6872,4.29233e+06,2.93738e+06,1.31713e+07,0,0,0,0,62.338,61.3098,4.94677,0,1,1.39193,1.39193,0,1.0754,1.90512,8.92034e+06,3.92621e+06,1.24165e+07,0,0,0,0
68.0544,85.1408,5.2533,0.05,0.06,3.06859,3.06859,0,0.575051,4.6872,4.29233e+06,2.93738e+06,1.31714e+07,0,0,0,0,62.338,61.3098,5.37915,0,1,1.39194,1.39194,0,1.0754,1.90512,8.92034e+06,3.92621e+06,1.24165e+07,0,0,0,0
68.186,85.1408,3.53116,0.06,0.06,3.2255,3.36792,0,0.575054,4.6872,4.29233e+06,2.93738e+06,1.38449e+07,0,0,0,0,62.338,61.3098,3.39452,0,1,1.69802,1.55561,0,1.07541,1.90512,8.92034e+06,3.92621e+06,1.51469e+07,0,0,0,0
69.96,85.1408,5.40535,0.01,0.06,3.36794,3.36794,0,0.604459,4.6872,4.29233e+06,2.93738e+06,1.44563e+07,0,0,0,0,62.338,61.3098,3.79103,0,1,1.55562,1.55562,0,1.31189,1.90512,8.92034e+06,3.92621e+06,1.38766e+07,0,0,0,0
72.058,85.1408,5.9326,0.01,0.06,3.36796,3.36796,0,0.631152,4.6872,4.29233e+06,2.93738e+06,1.44564e+07,0,0,0,0,62.338,61.3098,4.95489,0,1,1.55563,1.55563,0,1.20187,1.90512,8.92034e+06,3.92621e+06,1.38767e+07,0,0,0,0
74.9152,85.1408,6.78061,0.01,0.06,3.36798,3.36798,0,0.631155,4.6872,4.29233e+06,2.93738e+06,1.44565e+07,0,0,0,0,62.338,61.3098,5.98879,0,1,1.55564,1.55564,0,1.20188,1.90512,8.92034e+06,3.92621e+06,1.38768e+07,0,0,0,0
77.6338,85.1408,6.46481,0.03,0.06,2.94108,2.94108,0,0.631159,4.6872,4.29233e+06,2.93738e+06,1.26241e+07,0,0,0,0,62.338,61.3098,7.23658,0,1,1.336,1.336,0,1.20188,1.90512,8.92034e+06,3.92621e+06,1.19176e+07,0,0,0,0
81.8563,85.1408,7.97863,0.01,0.06,2.9411,2.9411,0,0.551159,4.6872,4.29233e+06,2.93738e+06,1.26242e+07,0,0,0,0,62.338,61.3098,10.4298,0,1,1.33601,1.33601,0,1.0322,1.90512,8.92034e+06,3.92621e+06,1.19177e+07,0,0,0,0
84.6027,85.1408,6.5208,0,0.06,2.94112,2.94112,0,0.551163,4.6872,4.29233e+06,2.93738e+06,1.26243e+07,0,0,0,0,62.338,61.3098,8.05542,0,1,1.33602,1.33602,0,1.0322,1.90512,8.92034e+06,3.92621e+06,1.19177e+07,0,0,0,0
85.1408,85.1408,6.24472,0,0.06,2.94114,2.94114,0,0.551166,4.6872,4.29233e+06,2.93738e+06,1.26243e+07,0,0,0,0,62.338,61.3098,6.83318,0,1,1.33603,1.33603,0,1.03221,1.90512,8.92034e+06,3.92621e+06,1.19178e+07,0,0,0,0
85.1408,85.1408,9.20843,0,0.06,2.94116,2.94116,0,0.551169,4.6872,4.29233e+06,2.93738e+06,1.26244e+07,0,0,0,0,62.338,61.3098,9.42477,0,1,1.33604,1.33604,0,1.03221,1.90512,8.92034e+06,3.92621e+06,1.19179e+07,0,0,0,0
85.1408,85.1408,9.39445,0,0.06,3.04864,3.04864,0,0.551173,4.6872,4.29233e+06,2.93738e+06,1.30858e+07,0,0,0,0,62.338,61.3098,10.0974,0,1,1.38978,1.38978,0,1.03222,1.90512,8.92034e+06,3.92621e+06,1.23973e+07,0,0,0,0
85.1408,85.1408,7.95228,0,0.06,3.04866,3.04866,0,0.571315,4.6872,4.29233e+06,2.93738e+06,1.30858e+07,0,0,0,0,62.338,61.3098,9.53454,0,1,1.38979,1.38979,0,1.07374,1.90512,8.92034e+06,3.92621e+06,1.23974e+07,0,0,0,0
85.1408,85.1408,6.41636,0,0.06,3.04868,3.04868,0,0.571319,4.6872,4.29233e+06,2.93738e+06,1.30859e+07,0,0,0,0,62.338,61.3098,6.25234,0,1,1.3898,1.3898,0,1.07375,1.90512,8.92034e+06,3.92621e+06,1.23974e+07,0,0,0,0
85.1408,85.1408,5.50312,0,0.06,3.0487,3.0487,0,0.571322,4.6872,4.29233e+06,2.93738e+06,1.3086e+07,0,0,0,0,62.338,61.3098,5.38476,0,1,1.3898,1.3898,0,1.07376,1.90512,8.92034e+06,3.92621e+06,1.23975e+07,0,0,0,0
85.1408,85.1408,6.00778,0,0.06,3.0067,3.0067,0,0.571326,4.6872,4.29233e+06,2.93738e+06,1.29057e+07,0,0,0,0,62.338,61.3098,5.35133,0,1,1.36894,1.36894,0,1.07376,1.90512,8.92034e+06,3.92621e+06,1.22114e+07,0,0,0,0
85.1408,85.1408,4.96671,0,0.06,3.00672,3.00672,0,0.563455,4.6872,4.29233e+06,2.93738e+06,1.29058e+07,0,0,0,0,62.338,61.3098,5.67788,0,1,1.36895,1.36895,0,1.05764,1.90512,8.92034e+06,3.92621e+06,1.22115e+07,0,0,0,0
85.1408,85.1408,4.48008,0,0.06,3.00673,3.00673,0,0.563458,4.6872,4.29233e+06,2.93738e+06,1.29059e+07,0,0,0,0,62.338,61.3098,5.27143,0,1,1.36896,1.36896,0,1.05765,1.90512,8.92034e+06,3.92621e+06,1.22116e+07,0,0,0,0
85.1408,85.1408,4.26305,0,0.06,3.00675,3.00675,0,0.563462,4.6872,4.29233e+06,2.93738e+06,1.2906e+07,0,0,0,0,62.338,61.3098,4.52316,0,1,1.36897,1.36897,0,1.05766,1.90512,8.92034e+06,3.92621e+06,1.22116e+07,0,0,0,0
85.1408,85.1408,3.69248,0,0.06,3.1494,3.1494,0,0.563465,4.6872,4.29233e+06,2.93738e+06,1.35183e+07,0,0,0,0,62.338,61.3098,3.90635,0,1,1.44299,1.44299,0,1.05766,1.90512,8.92034e+06,3.92621e+06,1.2872e+07,0,0,0,0
85.06,85.1408,3.20484,0,0.06,3.14942,3.14942,0,0.590198,4.6872,4.29233e+06,2.93738e+06,1.35184e+07,0,0,0,0,62.338,61.3098,3.45166,0,1,1.443,1.443,0,1.11485,1.90512,8.92034e+06,3.92621e+06,1.2872e+07,0,0,0,0
84.8498,85.1408,3.05878,0,0.06,3.14944,3.14944,0,0.590202,4.6872,4.29233e+06,2.93738e+06,1.35184e+07,0,0,0,0,62.338,61.3098,3.31475,0,1,1.44301,1.44301,0,1.11486,1.90512,8.92034e+06,3.92621e+06,1.28721e+07,0,0,0,0
84.5188,85.1408,2.92822,0,0.06,3.14946,3.14946,0,0.590205,4.6872,4.29233e+06,2.93738e+06,1.35185e+07,0,0,0,0,62.338,61.3098,3.59264,0,1,1.44302,1.44302,0,1.11487,1.90512,8.92034e+06,3.92621e+06,1.28722e+07,0,0,0,0
84.3179,85.1408,3.13257,0,0.06,3.14948,3.14948,0,0.590209,4.6872,4.29233e+06,2.93738e+06,1.35186e+07,0,0,0,0,62.338,61.3098,3.37875,0,1,1.44303,1.44303,0,1.11487,1.90512,8.92034e+06,3.92621e+06,1.28723e+07,0,0,0,0
83.807,85.1408,2.77494,0.01,0.06,3.12129,3.12129,0,0.590213,4.6872,4.29233e+06,2.93738e+06,1.33976e+07,0,0,0,0,62.338,61.3098,3.04575,0,1,1.48372,1.48372,0,1.11488,1.90512,8.92034e+06,3.92621e+06,1.32352e+07,0,0,0,0
83.1114,85.1408,2.56828,0.01,0.06,3.12131,3.12131,0,0.58493,4.6872,4.29233e+06,2.93738e+06,1.33977e+07,0,0,0,0,62.338,61.3098,2.84017,0,1,1.48372,1.48372,0,1.14632,1.90512,8.92034e+06,3.92621e+06,1.32353e+07,0,0,0,0
82.3536,85.1408,2.4827,0.01,0.06,3.12133,3.12133,0,0.584934,4.6872,4.29233e+06,2.93738e+06,1.33978e+07,0,0,0,0,62.338,61.3098,2.61989,0,1,1.48373,1.48373,0,1.14633,1.90512,8.92034e+06,3.92621e+06,1.32354e+07,0,0,0,0
81.3735,85.1408,2.22837,0.01,0.06,3.12135,3.12135,0,0.584937,4.6872,4.29233e+06,2.93738e+06,1.33979e+07,0,0,0,0,62.338,61.3098,2.27254,0,1,1.48374,1.48374,0,1.14633,1.90512,8.92034e+06,3.92621e+06,1.32355e+07,0,0,0,0
80.4981,85.1408,2.39588,0.01,0.06,3.19422,3.19422,0,0.584941,4.6872,4.29233e+06,2.93738e+06,1.37106e+07,0,0,0,0,62.338,61.3098,2.58739,0,1,1.52001,1.52001,0,1.14634,1.90512,8.92034e+06,3.92621e+06,1.3559e+07,0,0,0,0
79.4756,85.1408,2.21586,0.01,0.06,3.19424,3.19424,0,0.598596,4.6872,4.29233e+06,2.93738e+06,1.37107e+07,0,0,0,0,62.338,61.3098,2.58381,0,1,1.52002,1.52002,0,1.17436,1.90512,8.92034e+06,3.92621e+06,1.35591e+07,0,0,0,0
78.3042,85.1408,2.05386,0.01,0.06,3.19426,3.19426,0,0.5986,4.6872,4.29233e+06,2.93738e+06,1.37108e+07,0,0,0,0,62.3322,61.3098,2.31188,0,1,1.52003,1.52003,0,1.17437,1.90512,8.92034e+06,3.92621e+06,1.35592e+07,0,0,0,0
77.1251,85.1408,2.02832,0.01,0.06,3.19428,3.19428,0,0.598604,4.6872,4.29233e+06,2.93738e+06,1.37109e+07,0,0,0,0,62.338,61.3098,2.52237,0,1,1.52004,1.52004,0,1.17437,1.90512,8.92034e+06,3.92621e+06,1.35592e+07,0,0,0,0
75.5965,85.1408,1.84619,0.01,0.06,3.40763,3.40763,0,0.598607,4.6872,4.29233e+06,2.93738e+06,1.46267e+07,0,0,0,0,62.1173,61.3098,2.1414,0,1,1.65092,1.65092,0,1.17438,1.90512,8.92034e+06,3.92621e+06,1.47267e+07,0,0,0,0
73.8664,85.1408,1.65949,0.04,0.06,3.40765,3.40765,0,0.63859,4.6872,4.29233e+06,2.93738e+06,1.46268e+07,0,0,0,0,61.871,61.3098,2.05288,0,1,1.65093,1.65093,0,1.2755,1.90512,8.92034e+06,3.92621e+06,1.47268e+07,0,0,0,0
72.1835,85.1408,1.67513,0.03,0.06,3.40767,3.40767,0,0.638594,4.6872,4.29233e+06,2.93738e+06,1.46268e+07,0,0,0,0,61.7298,61.3098,2.23349,0,1,1.65094,1.65094,0,1.2755,1.90512,8.92034e+06,3.92621e+06,1.47269e+07,0,0,0,0
70.5284,85.1408,1.69081,0.03,0.06,3.40769,3.40769,0,0.638597,4.6872,4.29233e+06,2.93738e+06,1.46269e+07,0,0,0,0,61.602,61.3098,2.58616,0,1,1.65095,1.65095,0,1.27551,1.90512,8.92034e+06,3.92621e+06,1.4727e+07,0,0,0,0
68.9853,85.1408,1.84915,0.03,0.06,3.40771,3.40771,0,0.638601,4.6872,4.29233e+06,2.93738e+06,1.4627e+07,0,0,0,0,62.1796,61.3098,4.37242,0,1,1.65096,1.65096,0,1.27552,1.90512,8.92034e+06,3.92621e+06,1.47271e+07,0,0,0,0
67.4171,85.1408,1.74314,0.03,0.06,3.30376,3.30376,0,0.638605,4.6872,4.29233e+06,2.93738e+06,1.41808e+07,0,0,0,0,62.3096,61.3098,3.13066,0,1,1.57153,1.57153,0,1.27553,1.90512,8.92034e+06,3.92621e+06,1.40186e+07,0,0,0,0
65.5647,85.1408,1.43183,0.05,0.06,3.30378,3.30378,0,0.619125,4.6872,4.29233e+06,2.93738e+06,1.41809e+07,0,0,0,0,62.2703,61.3098,2.48484,0,1,1.57154,1.57154,0,1.21416,1.90512,8.92034e+06,3.92621e+06,1.40187e+07,0,0,0,0
64.5209,85.1408,2.33796,0.05,0.06,3.3038,3.3038,0,0.619128,4.6872,4.29233e+06,2.93738e+06,1.4181e+07,0,0,0,0,62.338,61.3098,3.34972,0,1,1.57155,1.57155,0,1.21417,1.90512,8.92034e+06,3.92621e+06,1.40188e+07,0,0,0,0
64.7922,85.1408,3.75693,0.05,0.06,3.30382,3.30382,0,0.619132,4.6872,4.29233e+06,2.93738e+06,1.41811e+07,0,0,0,0,62.1849,61.3098,3.61025,0,1,1.57156,1.57156,0,1.21418,1.90512,8.92034e+06,3.92621e+06,1.40188e+07,0,0,0,0
62.8912,85.1408,1.31522,0.05,0.06,3.2185,3.2185,0,0.619136,4.6872,4.29233e+06,2.93738e+06,1.38148e+07,0,0,0,0,61.8293,61.3098,1.85501,0,1,1.49926,1.49926,0,1.21419,1.90512,8.92034e+06,3.92621e+06,1.33739e+07,0,0,0,0
60.8326,85.1408,1.17089,0.05,0.06,3.21852,3.21852,0,0.603146,4.6872,4.29233e+06,2.93738e+06,1.38149e+07,0,0,0,0,61.6867,61.3098,1.31748,0,1,1.49927,1.49927,0,1.15833,1.90512,8.92034e+06,3.92621e+06,1.3374e+07,0,0,0,0
59.149,85.1408,1.54619,0.05,0.06,3.21854,3.21854,0,0.60315,4.6872,4.29233e+06,2.93738e+06,1.3815e+07,0,0,0,0,62.2099,61.3098,3.21625,0,1,1.49928,1.49928,0,1.15834,1.90512,8.92034e+06,3.92621e+06,1.33741e+07,0,0,0,0
59.8325,85.1408,4.08716,0.06,0.06,3.18348,3.21856,0,0.603154,4.6872,4.29233e+06,2.93738e+06,1.36646e+07,0,0,0,0,62.338,61.3098,6.39714,0,1,1.53436,1.49929,0,1.15834,1.90512,8.92034e+06,3.92621e+06,1.3687e+07,0,0,0,0
58.4015,85.1408,1.74676,0.05,0.06,2.97618,2.97618,0,0.596585,4.6872,4.29233e+06,2.93738e+06,1.27747e+07,0,0,0,0,61.9273,61.3098,2.55643,0,1,1.3487,1.3487,0,1.18545,1.90512,8.92034e+06,3.92621e+06,1.20309e+07,0,0,0,0
56.3615,85.1408,0.850643,0.06,0.06,2.79055,2.9762,0,0.557736,4.6872,4.29233e+06,2.93738e+06,1.19779e+07,0,0,0,0,61.7517,61.3098,1.52975,0,1,1.53436,1.34871,0,1.04201,1.90512,8.92034e+06,3.92621e+06,1.3687e+07,0,0,0,0
54.8803,85.1408,1.37958,0.06,0.06,2.79057,2.97622,0,0.522948,4.6872,4.29233e+06,2.93738e+06,1.19781e+07,0,0,0,0,61.6904,61.3098,1.99339,0,1,1.53436,1.34872,0,1.18545,1.90512,8.92034e+06,3.92621e+06,1.3687e+07,0,0,0,0
53.8645,85.1408,1.9369,0.07,0.06,2.7906,2.97623,0,0.522953,4.6872,4.29233e+06,2.93738e+06,1.19782e+07,0,0,0,0,61.9028,61.3098,2.90005,0,1,1.53436,1.34872,0,1.18545,1.90512,8.92034e+06,3.92621e+06,1.3687e+07,0,0,0,0
54.8303,85.1408,3.87783,0.07,0.06,2.79063,2.97625,0,0.522958,4.6872,4.29233e+06,2.93738e+06,1.19783e+07,0,0,0,0,62.2972,61.3098,3.44215,0,1,1.53436,1.34873,0,1.18545,1.90512,8.92034e+06,3.92621e+06,1.3687e+07,0,0,0,0
55.1478,85.1408,3.25762,0.07,0.06,2.88389,3.06951,0,0.522963,4.6872,4.29233e+06,2.93738e+06,1.23786e+07,0,0,0,0,62.338,61.3098,2.48095,0,1,1.57797,1.39235,0,1.18545,1.90512,8.92034e+06,3.92621e+06,1.4076e+07,0,0,0,0
57.2434,85.1408,5.24182,0.07,0.06,2.92751,3.06951,0,0.540441,4.6872,4.29233e+06,2.93738e+06,1.25658e+07,0,0,0,0,62.338,61.3098,3.14598,0,1,1.53435,1.39235,0,1.21914,1.90512,8.92034e+06,3.92621e+06,1.36869e+07,0,0,0,0
58.6088,85.1408,4.46241,0.07,0.06,2.92751,3.06951,0,0.548615,4.6872,4.29233e+06,2.93738e+06,1.25658e+07,0,0,0,0,62.338,61.3098,4.10082,0,1,1.53435,1.39235,0,1.18544,1.90512,8.92034e+06,3.92621e+06,1.36869e+07,0,0,0,0
61.156,85.1408,5.749,0.07,0.06,2.92751,3.06951,0,0.548615,4.6872,4.29233e+06,2.93738e+06,1.25659e+07,0,0,0,0,62.338,61.3098,3.79625,0,1,1.53435,1.39235,0,1.18544,1.90512,8.92034e+06,3.92621e+06,1.36869e+07,0,0,0,0
63.255,85.1408,5.56087,0.06,0.06,3.22691,3.36891,0,0.548616,4.6872,4.29233e+06,2.93738e+06,1.3851e+07,0,0,0,0,62.1575,61.3098,3.82819,0,1,1.69806,1.55607,0,1.18544,1.90512,8.92034e+06,3.92621e+06,1.51473e+07,0,0,0,0
63.0977,85.1408,3.3737,0.05,0.06,3.36891,3.36891,0,0.604723,4.6872,4.29233e+06,2.93738e+06,1.44605e+07,0,0,0,0,61.5581,61.3098,2.13769,0,1,1.55607,1.55607,0,1.31192,1.90512,8.92034e+06,3.92621e+06,1.38806e+07,0,0,0,0
62.0185,85.1408,2.36238,0.05,0.06,3.36892,3.36892,0,0.631334,4.6872,4.29233e+06,2.93738e+06,1.44605e+07,0,0,0,0,61.2083,61.3098,1.57785,0,1,1.55607,1.55607,0,1.20222,1.90512,8.92034e+06,3.92621e+06,1.38807e+07,0,0,0,0
61.8202,85.1408,3.29383,0.05,0.06,3.36892,3.36892,0,0.631335,4.6872,4.29233e+06,2.93738e+06,1.44605e+07,0,0,0,0,61.3312,61.3098,2.32318,0,1,1.55607,1.55607,0,1.20222,1.90512,8.92034e+06,3.92621e+06,1.38807e+07,0,0,0,0
61.4941,85.1408,2.81142,0.06,0.06,2.94189,2.94189,0,0.631335,4.6872,4.29233e+06,2.93738e+06,1.26276e+07,0,0,0,0,62.0402,61.3098,3.45414,0,1,1.33637,1.33637,0,1.20222,1.90512,8.92034e+06,3.92621e+06,1.19208e+07,0,0,0,0
60.7035,85.1408,2.10782,0.06,0.06,2.74391,2.94189,0,0.55131,4.6872,4.29233e+06,2.93738e+06,1.17778e+07,0,0,0,0,61.9609,61.3098,2.03037,0,1,1.53435,1.33637,0,1.03248,1.90512,8.92034e+06,3.92621e+06,1.36869e+07,0,0,0,0
60.8457,85.1408,3.09763,0.06,0.06,2.74391,2.94189,0,0.514208,4.6872,4.29233e+06,2.93738e+06,1.17778e+07,0,0,0,0,62.3196,61.3098,3.18397,0,1,1.53435,1.33637,0,1.18544,1.90512,8.92034e+06,3.92621e+06,1.36869e+07,0,0,0,0
61.4299,85.1408,3.54801,0.06,0.06,2.74391,2.9419,0,0.514209,4.6872,4.29233e+06,2.93738e+06,1.17778e+07,0,0,0,0,62.338,61.3098,3.35011,0,1,1.53435,1.33637,0,1.18544,1.90512,8.92034e+06,3.92621e+06,1.36869e+07,0,0,0,0
61.3812,85.1408,3.07908,0.05,0.06,2.9419,2.9419,0,0.51421,4.6872,4.29233e+06,2.93738e+06,1.26276e+07,0,0,0,0,62.338,61.3098,2.87075,0,1,1.33637,1.33637,0,1.18544,1.90512,8.92034e+06,3.92621e+06,1.19209e+07,0,0,0,0
60.8824,85.1408,2.75213,0.05,0.06,3.04939,3.04939,0,0.551312,4.6872,4.29233e+06,2.93738e+06,1.3089e+07,0,0,0,0,62.338,61.3098,2.75858,0,1,1.39012,1.39012,0,1.03248,1.90512,8.92034e+06,3.92621e+06,1.24003e+07,0,0,0,0
60.4143,85.1408,2.69986,0.05,0.06,3.0494,3.0494,0,0.571456,4.6872,4.29233e+06,2.93738e+06,1.3089e+07,0,0,0,0,62.338,61.3098,2.84995,0,1,1.39012,1.39012,0,1.07401,1.90512,8.92034e+06,3.92621e+06,1.24004e+07,0,0,0,0
59.7421,85.1408,2.42784,0.04,0.06,3.0494,3.0494,0,0.571457,4.6872,4.29233e+06,2.93738e+06,1.3089e+07,0,0,0,0,62.338,61.3098,2.53371,0,1,1.39012,1.39012,0,1.07401,1.90512,8.92034e+06,3.92621e+06,1.24004e+07,0,0,0,0
59.1625,85.1408,2.51519,0.03,0.06,3.0494,3.0494,0,0.571457,4.6872,4.29233e+06,2.93738e+06,1.3089e+07,0,0,0,0,62.2672,61.3098,2.37535,0,1,1.39012,1.39012,0,1.07401,1.90512,8.92034e+06,3.92621e+06,1.24004e+07,0,0,0,0
58.4608,85.1408,2.21872,0.11,0.06,2.86315,3.00737,0,0.571458,4.6872,4.29233e+06,2.93738e+06,1.22896e+07,0,0,0,0,62.3194,61.3098,2.28234,0,1,1.51348,1.36925,0,1.07401,1.90512,8.92034e+06,3.92621e+06,1.35007e+07,0,0,0,0
57.7083,85.1408,2.13728,0.11,0.06,2.84228,3.00738,0,0.536554,4.6872,4.29233e+06,2.93738e+06,1.22e+07,0,0,0,0,62.2908,61.3098,2.33406,0,1,1.53435,1.36925,0,1.16931,1.90512,8.92034e+06,3.92621e+06,1.36869e+07,0,0,0,0
56.9901,85.1408,2.16163,0.11,0.06,2.84228,3.00738,0,0.532642,4.6872,4.29233e+06,2.93738e+06,1.22e+07,0,0,0,0,62.2986,61.3098,2.22406,0,1,1.53435,1.36925,0,1.18544,1.90512,8.92034e+06,3.92621e+06,1.36869e+07,0,0,0,0
56.0818,85.1408,1.91793,0.11,0.06,2.84228,3.00738,0,0.532643,4.6872,4.29233e+06,2.93738e+06,1.22e+07,0,0,0,0,62.2379,61.3098,2.06477,0,1,1.53435,1.36925,0,1.18544,1.90512,8.92034e+06,3.92621e+06,1.36869e+07,0,0,0,0
54.9054,85.1408,1.71897,0.09,0.06,2.98495,3.15005,0,0.532644,4.6872,4.29233e+06,2.93738e+06,1.28124e+07,0,0,0,0,61.9381,61.3098,2.0852,0,1,1.60838,1.44328,0,1.18544,1.90512,8.92034e+06,3.92621e+06,1.43473e+07,0,0,0,0
53.5093,85.1408,1.53083,0.08,0.06,3.05898,3.15005,0,0.559379,4.6872,4.29233e+06,2.93738e+06,1.31302e+07,0,0,0,0,61.7103,61.3098,1.90471,0,1,1.53435,1.44329,0,1.24264,1.90512,8.92034e+06,3.92621e+06,1.36869e+07,0,0,0,0
52.0908,85.1408,1.44168,0.07,0.06,3.05898,3.15005,0,0.573253,4.6872,4.29233e+06,2.93738e+06,1.31302e+07,0,0,0,0,61.3353,61.3098,1.83171,0,1,1.53435,1.44329,0,1.18544,1.90512,8.92034e+06,3.92621e+06,1.36869e+07,0,0,0,0
50.6122,85.1408,1.35899,0.07,0.06,3.05899,3.15005,0,0.573254,4.6872,4.29233e+06,2.93738e+06,1.31302e+07,0,0,0,0,61.1046,61.3098,1.71369,0,1,1.53435,1.44329,0,1.18544,1.90512,8.92034e+06,3.92621e+06,1.36869e+07,0,0,0,0
49.5855,85.1408,1.79593,0.18,0.06,3.05899,3.15006,0,0.573254,4.6872,4.29233e+06,2.93738e+06,1.31302e+07,0,0,0,0,60.998,61.3098,1.94235,0,1,1.53435,1.44329,0,1.18544,1.90512,8.92034e+06,3.92621e+06,1.36869e+07,0,0,0,0
48.5051,85.1408,1.70403,0.15,0.06,3.03078,3.12185,0,0.573255,4.6872,4.29233e+06,2.93738e+06,1.30091e+07,0,0,0,0,60.7566,61.3098,1.95503,0,1,1.57504,1.48398,0,1.18544,1.90512,8.92034e+06,3.92621e+06,1.40499e+07,0,0,0,0
47.2639,85.1408,1.54528,0.14,0.06,3.07147,3.12185,0,0.567969,4.6872,4.29233e+06,2.93738e+06,1.31838e+07,0,0,0,0,60.5225,61.3098,1.76604,0,1,1.53435,1.48398,0,1.21688,1.90512,8.92034e+06,3.92621e+06,1.36869e+07,0,0,0,0
45.9928,85.1408,1.46237,0.14,0.06,3.07148,3.12185,0,0.575594,4.6872,4.29233e+06,2.93738e+06,1.31838e+07,0,0,0,0,60.1344,61.3098,1.73474,0,1,1.53435,1.48398,0,1.18544,1.90512,8.92034e+06,3.92621e+06,1.36869e+07,0,0,0,0
44.6438,85.1408,1.36939,0.12,0.06,3.07148,3.12185,0,0.575595,4.6872,4.29233e+06,2.93738e+06,1.31838e+07,0,0,0,0,59.649,61.3098,1.61645,0,1,1.53435,1.48398,0,1.18544,1.90512,8.92034e+06,3.92621e+06,1.36869e+07,0,0,0,0
43.2708,85.1408,1.41606,0.13,0.06,3.14434,3.19471,0,0.575596,4.6872,4.29233e+06,2.93738e+06,1.34966e+07,0,0,0,0,58.9799,61.3098,1.51507,0,1,1.57062,1.52024,0,1.18544,1.90512,8.92034e+06,3.92621e+06,1.40104e+07,0,0,0,0
41.7077,85.1408,1.25752,0.14,0.06,3.18061,3.19472,0,0.58925,4.6872,4.29233e+06,2.93738e+06,1.36522e+07,0,0,0,0,58.2905,61.3098,1.41362,0,1,1.53435,1.52025,0,1.21346,1.90512,8.92034e+06,3.92621e+06,1.36869e+07,0,0,0,0
40.0361,85.1408,1.14422,0.18,0.06,3.18061,3.19472,0,0.596046,4.6872,4.29233e+06,2.93738e+06,1.36522e+07,0,0,0,0,57.5838,61.3098,1.33614,0,1,1.53435,1.52025,0,1.18544,1.90512,8.92034e+06,3.92621e+06,1.36869e+07,0,0,0,0
38.2099,85.1408,0.974903,0.17,0.06,3.18062,3.19472,0,0.596047,4.6872,4.29233e+06,2.93738e+06,1.36523e+07,0,0,0,0,56.7999,61.3098,1.32579,0,1,1.53435,1.52025,0,1.18544,1.90512,8.92034e+06,3.92621e+06,1.36869e+07,0,0,0,0
36.5166,85.1408,1.32262,0.16,0.06,3.39398,3.40809,0,0.596048,4.6872,4.29233e+06,2.93738e+06,1.45681e+07,0,0,0,0,56.0091,61.3098,1.1925,0,1,1.66524,1.65114,0,1.18544,1.90512,8.92034e+06,3.92621e+06,1.48545e+07,0,0,0,0
34.8929,85.1408,1.41902,0.15,0.06,3.40809,3.40809,0,0.636032,4.6872,4.29233e+06,2.93738e+06,1.46286e+07,0,0,0,0,54.9747,61.3098,1.46905,0,1,1.65114,1.65114,0,1.28656,1.90512,8.92034e+06,3.92621e+06,1.47287e+07,0,0,0,0
33.0303,85.1408,1.1735,0.14,0.06,3.40809,3.40809,0,0.638676,4.6872,4.29233e+06,2.93738e+06,1.46287e+07,0,0,0,0,54.3193,61.3098,1.02024,0,1,1.65114,1.65114,0,1.27567,1.90512,8.92034e+06,3.92621e+06,1.47287e+07,0,0,0,0
31.4433,85.1408,1.44622,0.19,0.06,3.4081,3.4081,0,0.638676,4.6872,4.29233e+06,2.93738e+06,1.46287e+07,0,0,0,0,53.7038,61.3098,1.95187,0,1,1.65114,1.65114,0,1.27567,1.90512,8.92034e+06,3.92621e+06,1.47287e+07,0,0,0,0
29.4896,85.1408,1.04284,0.18,0.06,3.4081,3.4081,0,0.638677,4.6872,4.29233e+06,2.93738e+06,1.46287e+07,0,0,0,0,52.8975,61.3098,1.43039,0,1,1.65114,1.65114,0,1.27567,1.90512,8.92034e+06,3.92621e+06,1.47287e+07,0,0,0,0
27.68,85.1408,1.09632,0.2,0.06,3.30412,3.30412,0,0.638678,4.6872,4.29233e+06,2.93738e+06,1.41824e+07,0,0,0,0,52.4326,61.3098,1.32626,0,1,1.5717,1.5717,0,1.27567,1.90512,8.92034e+06,3.92621e+06,1.40201e+07,0,0,0,0
26.2253,85.1408,1.46771,0.17,0.06,3.30412,3.30412,0,0.619191,4.6872,4.29233e+06,2.93738e+06,1.41824e+07,0,0,0,0,52.0544,61.3098,1.72358,0,1,1.5717,1.5717,0,1.2143,1.90512,8.92034e+06,3.92621e+06,1.40201e+07,0,0,0,0
25.1394,85.1408,1.88951,0.18,0.06,3.30412,3.30412,0,0.619192,4.6872,4.29233e+06,2.93738e+06,1.41824e+07,0,0,0,0,51.8871,61.3098,2.58554,0,1,1.5717,1.5717,0,1.2143,1.90512,8.92034e+06,3.92621e+06,1.40201e+07,0,0,0,0
23.7735,85.1408,1.61678,0.26,0.06,3.30412,3.30412,0,0.619192,4.6872,4.29233e+06,2.93738e+06,1.41824e+07,0,0,0,0,51.4099,61.3098,1.80468,0,1,1.5717,1.5717,0,1.2143,1.90512,8.92034e+06,3.92621e+06,1.40201e+07,0,0,0,0
22.0085,85.1408,1.16097,0.26,0.06,3.21877,3.21877,0,0.619193,4.6872,4.29233e+06,2.93738e+06,1.3816e+07,0,0,0,0,51.1571,61.3098,1.48515,0,1,1.49939,1.49939,0,1.2143,1.90512,8.92034e+06,3.92621e+06,1.33751e+07,0,0,0,0
20.121,85.1408,0.983992,0.27,0.06,3.18382,3.21878,0,0.603198,4.6872,4.29233e+06,2.93738e+06,1.3666e+07,0,0,0,0,50.9217,61.3098,1.777,0,1,1.53435,1.49939,0,1.15843,1.90512,8.92034e+06,3.92621e+06,1.36869e+07,0,0,0,0
20.1508,85.1408,3.05583,0.27,0.06,3.18382,3.21878,0,0.596647,4.6872,4.29233e+06,2.93738e+06,1.3666e+07,0,0,0,0,51.7278,61.3098,5.68397,0,1,1.53435,1.49939,0,1.18544,1.90512,8.92034e+06,3.92621e+06,1.36869e+07,0,0,0,0
19.6594,85.1408,2.50679,0.29,0.06,3.18382,3.21878,0,0.596648,4.6872,4.29233e+06,2.93738e+06,1.3666e+07,0,0,0,0,52.3314,61.3098,3.11175,0,1,1.53435,1.4994,0,1.18544,1.90512,8.92034e+06,3.92621e+06,1.36869e+07,0,0,0,0
19.4498,85.1408,2.49775,0.3,0.06,2.94142,2.97637,0,0.596648,4.6872,4.29233e+06,2.93738e+06,1.26255e+07,0,0,0,0,52.4585,61.3098,2.49969,0,1,1.38374,1.34879,0,1.18544,1.90512,8.92034e+06,3.92621e+06,1.23435e+07,0,0,0,0
19.9536,85.1408,3.09216,0.33,0.06,2.79081,2.97637,0,0.551221,4.6872,4.29233e+06,2.93738e+06,1.19791e+07,0,0,0,0,52.7345,61.3098,3.38367,0,1,1.53435,1.34879,0,1.06908,1.90512,8.92034e+06,3.92621e+06,1.36869e+07,0,0,0,0
20.0123,85.1408,2.59979,0.36,0.06,2.79081,2.97638,0,0.522998,4.6872,4.29233e+06,2.93738e+06,1.19791e+07,0,0,0,0,52.7079,61.3098,2.29587,0,1,1.53435,1.34879,0,1.18544,1.90512,8.92034e+06,3.92621e+06,1.36869e+07,0,0,0,0
20.339,85.1408,2.87348,0.36,0.06,2.79082,2.97638,0,0.522998,4.6872,4.29233e+06,2.93738e+06,1.19791e+07,0,0,0,0,52.9671,61.3098,2.93753,0,1,1.53435,1.34879,0,1.18544,1.90512,8.92034e+06,3.92621e+06,1.36869e+07,0,0,0,0
24.5244,85.1408,7.13459,0.37,0.06,2.79082,2.97638,0,0.522999,4.6872,4.29233e+06,2.93738e+06,1.19791e+07,0,0,0,0,53.596,61.3098,4.68891,0,1,1.53435,1.34879,0,1.18544,1.90512,8.92034e+06,3.92621e+06,1.36869e+07,0,0,0,0
27.6382,85.1408,6.0693,0.38,0.06,2.88406,3.06962,0,0.523,4.6872,4.29233e+06,2.93738e+06,1.23793e+07,0,0,0,0,54.461,61.3098,6.28933,0,1,1.57796,1.3924,0,1.18544,1.90512,8.92034e+06,3.92621e+06,1.4076e+07,0,0,0,0
30.2207,85.1408,5.58928,0.29,0.06,2.92766,3.06961,0,0.540473,4.6872,4.29233e+06,2.93738e+06,1.25665e+07,0,0,0,0,55.5777,61.3098,7.1347,0,1,1.53435,1.3924,0,1.21913,1.90512,8.92034e+06,3.92621e+06,1.36869e+07,0,0,0,0
33.4686,85.1408,6.22012,0.34,0.06,2.92764,3.0696,0,0.548643,4.6872,4.29233e+06,2.93738e+06,1.25664e+07,0,0,0,0,56.5167,61.3098,6.64897,0,1,1.53435,1.39239,0,1.18544,1.90512,8.92034e+06,3.92621e+06,1.36869e+07,0,0,0,0
36.8989,85.1408,6.47552,0.38,0.06,2.92762,3.06958,0,0.54864,4.6872,4.29233e+06,2.93738e+06,1.25663e+07,0,0,0,0,57.4362,61.3098,5.70028,0,1,1.53435,1.39238,0,1.18544,1.90512,8.92034e+06,3.92621e+06,1.36869e+07,0,0,0,0
38.3818,85.1408,4.70392,0.25,0.06,3.227,3.36897,0,0.548636,4.6872,4.29233e+06,2.93738e+06,1.38513e+07,0,0,0,0,58.275,61.3098,3.95289,0,1,1.69806,1.55609,0,1.18544,1.90512,8.92034e+06,3.92621e+06,1.51473e+07,0,0,0,0
39.5996,85.1408,4.62434,0.26,0.06,3.36895,3.36895,0,0.604739,4.6872,4.29233e+06,2.93738e+06,1.44606e+07,0,0,0,0,59.8479,61.3098,6.42155,0,1,1.55608,1.55608,0,1.31192,1.90512,8.92034e+06,3.92621e+06,1.38808e+07,0,0,0,0
40.8987,85.1408,4.81413,0.28,0.06,3.36894,3.36894,0,0.631341,4.6872,4.29233e+06,2.93738e+06,1.44606e+07,0,0,0,0,60.6612,61.3098,4.68931,0,1,1.55608,1.55608,0,1.20223,1.90512,8.92034e+06,3.92621e+06,1.38807e+07,0,0,0,0
45.1638,85.1408,7.81048,0.29,0.06,3.36892,3.36892,0,0.631339,4.6872,4.29233e+06,2.93738e+06,1.44605e+07,0,0,0,0,61.7325,61.3098,7.05454,0,1,1.55607,1.55607,0,1.20223,1.90512,8.92034e+06,3.92621e+06,1.38807e+07,0,0,0,0
49.6044,85.1408,7.55631,0.18,0.06,2.94188,2.94188,0,0.631336,4.6872,4.29233e+06,2.93738e+06,1.26275e+07,0,0,0,0,62.338,61.3098,5.11818,0,1,1.33636,1.33636,0,1.20222,1.90512,8.92034e+06,3.92621e+06,1.19208e+07,0,0,0,0
51.9708,85.1408,5.42774,0.23,0.06,2.74387,2.94186,0,0.551307,4.6872,4.29233e+06,2.93738e+06,1.17776e+07,0,0,0,0,62.338,61.3098,4.05468,0,1,1.53435,1.33636,0,1.03247,1.90512,8.92034e+06,3.92621e+06,1.36869e+07,0,0,0,0
53.8154,85.1408,4.84494,0.09,0.06,2.74385,2.94185,0,0.514201,4.6872,4.29233e+06,2.93738e+06,1.17775e+07,0,0,0,0,62.338,61.3098,2.94363,0,1,1.53435,1.33635,0,1.18544,1.90512,8.92034e+06,3.92621e+06,1.36869e+07,0,0,0,0
55.9082,85.1408,5.11448,0.12,0.06,2.74383,2.94184,0,0.514198,4.6872,4.29233e+06,2.93738e+06,1.17774e+07,0,0,0,0,62.338,61.3098,3.86278,0,1,1.53435,1.33634,0,1.18544,1.90512,8.92034e+06,3.92621e+06,1.36869e+07,0,0,0,0
58.0086,85.1408,5.21776,0.12,0.06,2.74381,2.94182,0,0.514194,4.6872,4.29233e+06,2.93738e+06,1.17774e+07,0,0,0,0,62.338,61.3098,3.84762,0,1,1.53435,1.33634,0,1.18544,1.90512,8.92034e+06,3.92621e+06,1.36869e+07,0,0,0,0
59.375,85.1408,4.68574,0.12,0.06,2.85128,3.0493,0,0.514191,4.6872,4.29233e+06,2.93738e+06,1.22386e+07,0,0,0,0,62.338,61.3098,3.99245,0,1,1.58809,1.39008,0,1.18544,1.90512,8.92034e+06,3.92621e+06,1.41663e+07,0,0,0,0
61.0829,85.1408,4.92058,0.11,0.06,2.90501,3.04928,0,0.53433,4.6872,4.29233e+06,2.93738e+06,1.24693e+07,0,0,0,0,62.338,61.3098,5.03463,0,1,1.53435,1.39007,0,1.22696,1.90512,8.92034e+06,3.92621e+06,1.36869e+07,0,0,0,0
61.6645,85.1408,3.75998,0.03,0.06,3.04927,3.04927,0,0.544398,4.6872,4.29233e+06,2.93738e+06,1.30885e+07,0,0,0,0,62.338,61.3098,2.98107,0,1,1.39006,1.39006,0,1.18544,1.90512,8.92034e+06,3.92621e+06,1.23998e+07,0,0,0,0
61.7636,85.1408,3.269,0.02,0.06,3.04925,3.04925,0,0.571433,4.6872,4.29233e+06,2.93738e+06,1.30884e+07,0,0,0,0,62.338,61.3098,3.18803,0,1,1.39006,1.39006,0,1.07396,1.90512,8.92034e+06,3.92621e+06,1.23998e+07,0,0,0,0
61.663,85.1408,3.05659,0.02,0.06,3.00722,3.00722,0,0.57143,4.6872,4.29233e+06,2.93738e+06,1.2908e+07,0,0,0,0,62.338,61.3098,3.14147,0,1,1.36918,1.36918,0,1.07396,1.90512,8.92034e+06,3.92621e+06,1.22135e+07,0,0,0,0
61.0798,85.1408,2.54031,0.03,0.06,3.0072,3.0072,0,0.563552,4.6872,4.29233e+06,2.93738e+06,1.29079e+07,0,0,0,0,62.338,61.3098,2.8731,0,1,1.36917,1.36917,0,1.05783,1.90512,8.92034e+06,3.92621e+06,1.22135e+07,0,0,0,0
60.2752,85.1408,2.3062,0.03,0.06,3.00719,3.00719,0,0.56355,4.6872,4.29233e+06,2.93738e+06,1.29078e+07,0,0,0,0,62.338,61.3098,2.26371,0,1,1.36917,1.36917,0,1.05782,1.90512,8.92034e+06,3.92621e+06,1.22134e+07,0,0,0,0
60.0036,85.1408,2.82963,0.03,0.06,3.00717,3.00717,0,0.563547,4.6872,4.29233e+06,2.93738e+06,1.29078e+07,0,0,0,0,62.338,61.3098,2.55632,0,1,1.36916,1.36916,0,1.05782,1.90512,8.92034e+06,3.92621e+06,1.22134e+07,0,0,0,0
59.6051,85.1408,2.71743,0.02,0.06,3.14981,3.14981,0,0.563544,4.6872,4.29233e+06,2.93738e+06,1.352e+07,0,0,0,0,62.338,61.3098,3.3163,0,1,1.44318,1.44318,0,1.05781,1.90512,8.92034e+06,3.92621e+06,1.28736e+07,0,0,0,0
58.9941,85.1408,2.4912,0.02,0.06,3.1498,3.1498,0,0.590275,4.6872,4.29233e+06,2.93738e+06,1.352e+07,0,0,0,0,62.338,61.3098,2.9152,0,1,1.44317,1.44317,0,1.115,1.90512,8.92034e+06,3.92621e+06,1.28736e+07,0,0,0,0
58.2518,85.1408,2.27116,0.07,0.06,3.0586,3.14978,0,0.590272,4.6872,4.29233e+06,2.93738e+06,1.31285e+07,0,0,0,0,62.338,61.3098,2.32056,0,1,1.53435,1.44316,0,1.11499,1.90512,8.92034e+06,3.92621e+06,1.36869e+07,0,0,0,0
57.2685,85.1408,1.9957,0.07,0.06,3.05858,3.14977,0,0.573182,4.6872,4.29233e+06,2.93738e+06,1.31284e+07,0,0,0,0,62.338,61.3098,2.37375,0,1,1.53435,1.44316,0,1.18544,1.90512,8.92034e+06,3.92621e+06,1.36869e+07,0,0,0,0
56.4259,85.1408,2.18327,0.05,0.06,3.14975,3.14975,0,0.573178,4.6872,4.29233e+06,2.93738e+06,1.35198e+07,0,0,0,0,62.338,61.3098,2.74725,0,1,1.44315,1.44315,0,1.18544,1.90512,8.92034e+06,3.92621e+06,1.28734e+07,0,0,0,0
55.7468,85.1408,2.30595,0.05,0.06,3.12153,3.12153,0,0.590264,4.6872,4.29233e+06,2.93738e+06,1.33986e+07,0,0,0,0,62.338,61.3098,2.93966,0,1,1.48383,1.48383,0,1.11498,1.90512,8.92034e+06,3.92621e+06,1.32362e+07,0,0,0,0
54.9843,85.1408,2.1978,0.05,0.06,3.12152,3.12152,0,0.584975,4.6872,4.29233e+06,2.93738e+06,1.33986e+07,0,0,0,0,62.338,61.3098,2.93473,0,1,1.48382,1.48382,0,1.14641,1.90512,8.92034e+06,3.92621e+06,1.32362e+07,0,0,0,0
53.992,85.1408,1.9318,0.05,0.06,3.1215,3.1215,0,0.584972,4.6872,4.29233e+06,2.93738e+06,1.33985e+07,0,0,0,0,62.3055,61.3098,2.68112,0,1,1.48381,1.48381,0,1.1464,1.90512,8.92034e+06,3.92621e+06,1.32361e+07,0,0,0,0
52.9815,85.1408,1.85119,0.06,0.06,3.07095,3.12149,0,0.584969,4.6872,4.29233e+06,2.93738e+06,1.31815e+07,0,0,0,0,62.1955,61.3098,2.67308,0,1,1.53435,1.48381,0,1.1464,1.90512,8.92034e+06,3.92621e+06,1.36869e+07,0,0,0,0
52.1901,85.1408,2.14157,0.08,0.06,3.14378,3.19432,0,0.575496,4.6872,4.29233e+06,2.93738e+06,1.34941e+07,0,0,0,0,62.2503,61.3098,3.04007,0,1,1.5706,1.52006,0,1.18544,1.90512,8.92034e+06,3.92621e+06,1.40103e+07,0,0,0,0
51.2457,85.1408,1.98195,0.1,0.06,3.18001,3.19431,0,0.589144,4.6872,4.29233e+06,2.93738e+06,1.36497e+07,0,0,0,0,62.2215,61.3098,3.09337,0,1,1.53435,1.52005,0,1.21345,1.90512,8.92034e+06,3.92621e+06,1.36869e+07,0,0,0,0
50.1759,85.1408,1.83661,0.09,0.06,3.17999,3.19429,0,0.595935,4.6872,4.29233e+06,2.93738e+06,1.36496e+07,0,0,0,0,62.1359,61.3098,2.75535,0,1,1.53435,1.52004,0,1.18544,1.90512,8.92034e+06,3.92621e+06,1.36869e+07,0,0,0,0
49.1653,85.1408,1.86912,0.13,0.06,3.17997,3.19428,0,0.595931,4.6872,4.29233e+06,2.93738e+06,1.36495e+07,0,0,0,0,62.1282,61.3098,3.10942,0,1,1.53435,1.52004,0,1.18544,1.90512,8.92034e+06,3.92621e+06,1.36869e+07,0,0,0,0
47.7507,85.1408,1.63827,0.13,0.06,3.39328,3.4076,0,0.595927,4.6872,4.29233e+06,2.93738e+06,1.45651e+07,0,0,0,0,61.8408,61.3098,2.42109,0,1,1.66521,1.6509,0,1.18544,1.90512,8.92034e+06,3.92621e+06,1.48543e+07,0,0,0,0
46.4402,85.1408,1.78079,0.12,0.06,3.40758,3.40758,0,0.635901,4.6872,4.29233e+06,2.93738e+06,1.46265e+07,0,0,0,0,61.689,61.3098,2.83091,0,1,1.65089,1.65089,0,1.28654,1.90512,8.92034e+06,3.92621e+06,1.47265e+07,0,0,0,0
44.7804,85.1408,1.4341,0.12,0.06,3.40757,3.40757,0,0.638581,4.6872,4.29233e+06,2.93738e+06,1.46264e+07,0,0,0,0,61.3221,61.3098,2.03891,0,1,1.65088,1.65088,0,1.27548,1.90512,8.92034e+06,3.92621e+06,1.47264e+07,0,0,0,0
43.436,85.1408,1.73527,0.12,0.06,3.40755,3.40755,0,0.638578,4.6872,4.29233e+06,2.93738e+06,1.46263e+07,0,0,0,0,61.3425,61.3098,3.56677,0,1,1.65088,1.65088,0,1.27547,1.90512,8.92034e+06,3.92621e+06,1.47264e+07,0,0,0,0
41.9587,85.1408,1.61368,0.12,0.06,3.40753,3.40753,0,0.638575,4.6872,4.29233e+06,2.93738e+06,1.46263e+07,0,0,0,0,61.2645,61.3098,2.43909,0,1,1.65087,1.65087,0,1.27547,1.90512,8.92034e+06,3.92621e+06,1.47263e+07,0,0,0,0
40.3978,85.1408,1.42489,0.14,0.06,3.30355,3.30355,0,0.638572,4.6872,4.29233e+06,2.93738e+06,1.41799e+07,0,0,0,0,61.7166,61.3098,3.5611,0,1,1.57143,1.57143,0,1.27546,1.90512,8.92034e+06,3.92621e+06,1.40177e+07,0,0,0,0
38.6614,85.1408,1.24985,0.13,0.06,3.30354,3.30354,0,0.619086,4.6872,4.29233e+06,2.93738e+06,1.41799e+07,0,0,0,0,61.5892,61.3098,2.03779,0,1,1.57142,1.57142,0,1.21409,1.90512,8.92034e+06,3.92621e+06,1.40176e+07,0,0,0,0
36.8952,85.1408,1.2107,0.13,0.06,3.30352,3.30352,0,0.619083,4.6872,4.29233e+06,2.93738e+06,1.41798e+07,0,0,0,0,61.4273,61.3098,1.87085,0,1,1.57142,1.57142,0,1.21408,1.90512,8.92034e+06,3.92621e+06,1.40176e+07,0,0,0,0
35.9485,85.1408,2.19588,0.12,0.06,3.30351,3.30351,0,0.61908,4.6872,4.29233e+06,2.93738e+06,1.41797e+07,0,0,0,0,61.8867,61.3098,2.80131,0,1,1.57141,1.57141,0,1.21408,1.90512,8.92034e+06,3.92621e+06,1.40175e+07,0,0,0,0
34.1257,85.1408,1.11435,0.12,0.06,3.21815,3.21815,0,0.619077,4.6872,4.29233e+06,2.93738e+06,1.38134e+07,0,0,0,0,61.7549,61.3098,2.12406,0,1,1.4991,1.4991,0,1.21407,1.90512,8.92034e+06,3.92621e+06,1.33725e+07,0,0,0,0
32.5201,85.1408,1.36814,0.13,0.06,3.18289,3.21814,0,0.603082,4.6872,4.29233e+06,2.93738e+06,1.3662e+07,0,0,0,0,61.5501,61.3098,1.61297,0,1,1.53435,1.4991,0,1.15821,1.90512,8.92034e+06,3.92621e+06,1.36869e+07,0,0,0,0
30.9565,85.1408,1.4074,0.2,0.06,3.18287,3.21813,0,0.596474,4.6872,4.29233e+06,2.93738e+06,1.36619e+07,0,0,0,0,61.5835,61.3098,2.91936,0,1,1.53435,1.49909,0,1.18544,1.90512,8.92034e+06,3.92621e+06,1.36869e+07,0,0,0,0
31.7695,85.1408,3.97144,0.21,0.06,3.18285,3.21811,0,0.59647,4.6872,4.29233e+06,2.93738e+06,1.36618e+07,0,0,0,0,62.338,61.3098,6.65445,0,1,1.53435,1.49908,0,1.18544,1.90512,8.92034e+06,3.92621e+06,1.36869e+07,0,0,0,0
31.4978,85.1408,2.499,0.23,0.06,2.94047,2.97574,0,0.596466,4.6872,4.29233e+06,2.93738e+06,1.26215e+07,0,0,0,0,62.338,61.3098,3.29007,0,1,1.38377,1.3485,0,1.18544,1.90512,8.92034e+06,3.92621e+06,1.23437e+07,0,0,0,0
31.609,85.1408,2.76009,0.23,0.06,2.78987,2.97572,0,0.551044,4.6872,4.29233e+06,2.93738e+06,1.1975e+07,0,0,0,0,62.338,61.3098,2.98534,0,1,1.53435,1.34849,0,1.0691,1.90512,8.92034e+06,3.92621e+06,1.36869e+07,0,0,0,0
31.3797,85.1408,2.39234,0.24,0.06,2.78985,2.97571,0,0.522822,4.6872,4.29233e+06,2.93738e+06,1.1975e+07,0,0,0,0,62.338,61.3098,2.87773,0,1,1.53435,1.34849,0,1.18544,1.90512,8.92034e+06,3.92621e+06,1.36869e+07,0,0,0,0
32.0006,85.1408,3.24501,0.23,0.06,2.78983,2.9757,0,0.522818,4.6872,4.29233e+06,2.93738e+06,1.19749e+07,0,0,0,0,62.338,61.3098,2.8913,0,1,1.53435,1.34848,0,1.18544,1.90512,8.92034e+06,3.92621e+06,1.36869e+07,0,0,0,0
35.6927,85.1408,6.5621,0.24,0.06,2.78981,2.97568,0,0.522814,4.6872,4.29233e+06,2.93738e+06,1.19748e+07,0,0,0,0,62.338,61.3098,7.83399,0,1,1.53435,1.34847,0,1.18544,1.90512,8.92034e+06,3.92621e+06,1.36869e+07,0,0,0,0
40.1785,85.1408,7.55444,0.19,0.06,2.88301,3.06889,0,0.522811,4.6872,4.29233e+06,2.93738e+06,1.23748e+07,0,0,0,0,62.338,61.3098,8.3635,0,1,1.57795,1.39207,0,1.18544,1.90512,8.92034e+06,3.92621e+06,1.40758e+07,0,0,0,0
46.8071,85.1408,9.84089,0.2,0.06,2.92657,3.06886,0,0.540276,4.6872,4.29233e+06,2.93738e+06,1.25618e+07,0,0,0,0,62.338,61.3098,10.4786,0,1,1.53434,1.39205,0,1.21912,1.90512,8.92034e+06,3.92621e+06,1.36868e+07,0,0,0,0
51.6659,85.1408,8.12287,0.13,0.06,2.92653,3.06883,0,0.54844,4.6872,4.29233e+06,2.93738e+06,1.25616e+07,0,0,0,0,62.338,61.3098,10.3879,0,1,1.53434,1.39204,0,1.18543,1.90512,8.92034e+06,3.92621e+06,1.36868e+07,0,0,0,0
54.1801,85.1408,5.67802,0.08,0.06,2.92648,3.0688,0,0.548431,4.6872,4.29233e+06,2.93738e+06,1.25614e+07,0,0,0,0,62.338,61.3098,6.74728,0,1,1.53434,1.39203,0,1.18543,1.90512,8.92034e+06,3.92621e+06,1.36868e+07,0,0,0,0
62.3408,85.1408,12.0699,0.08,0.06,3.22576,3.36809,0,0.548423,4.6872,4.29233e+06,2.93738e+06,1.3846e+07,0,0,0,0,62.338,61.3098,13.6534,0,1,1.69801,1.55568,0,1.18543,1.90512,8.92034e+06,3.92621e+06,1.51468e+07,0,0,0,0
71.2193,85.1408,12.9075,0.04,0.06,3.36805,3.36805,0,0.604508,4.6872,4.29233e+06,2.93738e+06,1.44568e+07,0,0,0,0,62.338,61.3098,14.8677,0,1,1.55567,1.55567,0,1.31188,1.90512,8.92034e+06,3.92621e+06,1.38771e+07,0,0,0,0
80.2519,85.1408,13.2237,0.01,0.06,3.36802,3.36802,0,0.631173,4.6872,4.29233e+06,2.93738e+06,1.44566e+07,0,0,0,0,62.338,61.3098,18.3178,0,1,1.55565,1.55565,0,1.20191,1.90512,8.92034e+06,3.92621e+06,1.3877e+07,0,0,0,0
85.1408,85.1408,10.9019,0,0.06,3.36799,3.36799,0,0.631167,4.6872,4.29233e+06,2.93738e+06,1.44565e+07,0,0,0,0,62.338,61.3098,15.9976,0,1,1.55564,1.55564,0,1.2019,1.90512,8.92034e+06,3.92621e+06,1.38768e+07,0,0,0,0
85.1408,85.1408,8.25463,0,0.06,2.94104,2.94104,0,0.631161,4.6872,4.29233e+06,2.93738e+06,1.26239e+07,0,0,0,0,62.338,61.3098,12.7862,0,1,1.33598,1.33598,0,1.20189,1.90512,8.92034e+06,3.92621e+06,1.19174e+07,0,0,0,0
85.1408,85.1408,7.2011,0,0.06,2.94101,2.94101,0,0.551152,4.6872,4.29233e+06,2.93738e+06,1.26238e+07,0,0,0,0,62.338,61.3098,13.6552,0,1,1.33597,1.33597,0,1.03218,1.90512,8.92034e+06,3.92621e+06,1.19173e+07,0,0,0,0
85.1408,85.1408,6.59452,0,0.06,2.94099,2.94099,0,0.551146,4.6872,4.29233e+06,2.93738e+06,1.26237e+07,0,0,0,0,62.338,61.3098,12.2999,0,1,1.33596,1.33596,0,1.03217,1.90512,8.92034e+06,3.92621e+06,1.19172e+07,0,0,0,0
85.1408,85.1408,6.66738,0,0.06,2.94096,2.94096,0,0.551141,4.6872,4.29233e+06,2.93738e+06,1.26236e+07,0,0,0,0,62.338,61.3098,11.9097,0,1,1.33594,1.33594,0,1.03216,1.90512,8.92034e+06,3.92621e+06,1.19171e+07,0,0,0,0
85.1408,85.1408,8.55277,0,0.06,2.94093,2.94093,0,0.551135,4.6872,4.29233e+06,2.93738e+06,1.26234e+07,0,0,0,0,62.338,61.3098,12.0007,0,1,1.33593,1.33593,0,1.03215,1.90512,8.92034e+06,3.92621e+06,1.1917e+07,0,0,0,0
85.1408,85.1408,10.2491,0,0.06,3.04835,3.04835,0,0.55113,4.6872,4.29233e+06,2.93738e+06,1.30845e+07,0,0,0,0,62.338,61.3098,11.8068,0,1,1.38965,1.38965,0,1.03214,1.90512,8.92034e+06,3.92621e+06,1.23961e+07,0,0,0,0
85.1408,85.1408,7.55441,0,0.06,3.04832,3.04832,0,0.571261,4.6872,4.29233e+06,2.93738e+06,1.30844e+07,0,0,0,0,62.338,61.3098,10.6925,0,1,1.38963,1.38963,0,1.07364,1.90512,8.92034e+06,3.92621e+06,1.2396e+07,0,0,0,0
85.1408,85.1408,6.40359,0,0.06,3.04829,3.04829,0,0.571256,4.6872,4.29233e+06,2.93738e+06,1.30843e+07,0,0,0,0,62.338,61.3098,8.16765,0,1,1.38962,1.38962,0,1.07363,1.90512,8.92034e+06,3.92621e+06,1.23959e+07,0,0,0,0
85.1408,85.1408,5.84,0,0.06,3.04826,3.04826,0,0.57125,4.6872,4.29233e+06,2.93738e+06,1.30842e+07,0,0,0,0,62.338,61.3098,7.85433,0,1,1.38961,1.38961,0,1.07362,1.90512,8.92034e+06,3.92621e+06,1.23958e+07,0,0,0,0
85.1408,85.1408,5.93042,0,0.06,3.00622,3.00622,0,0.571245,4.6872,4.29233e+06,2.93738e+06,1.29037e+07,0,0,0,0,62.338,61.3098,6.71282,0,1,1.36873,1.36873,0,1.07361,1.90512,8.92034e+06,3.92621e+06,1.22095e+07,0,0,0,0
85.1408,85.1408,5.42304,0,0.06,3.00619,3.00619,0,0.563366,4.6872,4.29233e+06,2.93738e+06,1.29036e+07,0,0,0,0,62.338,61.3098,5.69644,0,1,1.36871,1.36871,0,1.05748,1.90512,8.92034e+06,3.92621e+06,1.22094e+07,0,0,0,0
85.1408,85.1408,5.06976,0,0.06,3.00616,3.00616,0,0.56336,4.6872,4.29233e+06,2.93738e+06,1.29034e+07,0,0,0,0,62.338,61.3098,5.04724,0,1,1.3687,1.3687,0,1.05747,1.90512,8.92034e+06,3.92621e+06,1.22093e+07,0,0,0,0
85.1408,85.1408,4.6158,0,0.06,3.00613,3.00613,0,0.563355,4.6872,4.29233e+06,2.93738e+06,1.29033e+07,0,0,0,0,62.338,61.3098,4.76587,0,1,1.36869,1.36869,0,1.05746,1.90512,8.92034e+06,3.92621e+06,1.22091e+07,0,0,0,0
85.1408,85.1408,4.70218,0,0.06,3.1487,3.1487,0,0.563349,4.6872,4.29233e+06,2.93738e+06,1.35153e+07,0,0,0,0,62.338,61.3098,5.7831,0,1,1.44267,1.44267,0,1.05745,1.90512,8.92034e+06,3.92621e+06,1.28691e+07,0,0,0,0
85.1408,85.1408,4.43043,0,0.06,3.14867,3.14867,0,0.590067,4.6872,4.29233e+06,2.93738e+06,1.35151e+07,0,0,0,0,62.338,61.3098,4.91924,0,1,1.44266,1.44266,0,1.11461,1.90512,8.92034e+06,3.92621e+06,1.2869e+07,0,0,0,0
85.1408,85.1408,4.03634,0,0.06,3.14864,3.14864,0,0.590061,4.6872,4.29233e+06,2.93738e+06,1.3515e+07,0,0,0,0,62.338,61.3098,3.90886,0,1,1.44264,1.44264,0,1.1146,1.90512,8.92034e+06,3.92621e+06,1.28688e+07,0,0,0,0
85.1408,85.1408,3.54916,0,0.06,3.14861,3.14861,0,0.590055,4.6872,4.29233e+06,2.93738e+06,1.35149e+07,0,0,0,0,62.338,61.3098,4.00303,0,1,1.44263,1.44263,0,1.11458,1.90512,8.92034e+06,3.92621e+06,1.28687e+07,0,0,0,0
85.1408,85.1408,3.76598,0,0.06,3.14858,3.14858,0,0.59005,4.6872,4.29233e+06,2.93738e+06,1.35147e+07,0,0,0,0,62.338,61.3098,4.16547,0,1,1.44261,1.44261,0,1.11457,1.90512,8.92034e+06,3.92621e+06,1.28686e+07,0,0,0,0
85.1408,85.1408,3.90445,0,0.06,3.12035,3.12035,0,0.590044,4.6872,4.29233e+06,2.93738e+06,1.33936e+07,0,0,0,0,62.338,61.3098,4.31037,0,1,1.48327,1.48327,0,1.11456,1.90512,8.92034e+06,3.92621e+06,1.32312e+07,0,0,0,0
85.1408,85.1408,3.61156,0,0.06,3.12032,3.12032,0,0.584753,4.6872,4.29233e+06,2.93738e+06,1.33934e+07,0,0,0,0,62.338,61.3098,4.13559,0,1,1.48325,1.48325,0,1.14597,1.90512,8.92034e+06,3.92621e+06,1.32311e+07,0,0,0,0
85.1408,85.1408,3.37271,0,0.06,3.12029,3.12029,0,0.584748,4.6872,4.29233e+06,2.93738e+06,1.33933e+07,0,0,0,0,62.338,61.3098,4.26108,0,1,1.48324,1.48324,0,1.14596,1.90512,8.92034e+06,3.92621e+06,1.3231e+07,0,0,0,0
84.9689,85.1408,3.05858,0,0.06,3.12026,3.12026,0,0.584742,4.6872,4.29233e+06,2.93738e+06,1.33932e+07,0,0,0,0,62.338,61.3098,3.92926,0,1,1.48322,1.48322,0,1.14595,1.90512,8.92034e+06,3.92621e+06,1.32308e+07,0,0,0,0
84.3934,85.1408,2.73307,0.01,0.06,3.19305,3.19305,0,0.584736,4.6872,4.29233e+06,2.93738e+06,1.37056e+07,0,0,0,0,62.338,61.3098,2.97166,0,1,1.51945,1.51945,0,1.14594,1.90512,8.92034e+06,3.92621e+06,1.3554e+07,0,0,0,0
83.6452,85.1408,2.53026,0.01,0.06,3.19302,3.19302,0,0.598377,4.6872,4.29233e+06,2.93738e+06,1.37055e+07,0,0,0,0,62.338,61.3098,2.9497,0,1,1.51944,1.51944,0,1.17393,1.90512,8.92034e+06,3.92621e+06,1.35539e+07,0,0,0,0
82.7218,85.1408,2.3444,0.02,0.06,3.19298,3.19298,0,0.598371,4.6872,4.29233e+06,2.93738e+06,1.37053e+07,0,0,0,0,62.338,61.3098,2.64311,0,1,1.51942,1.51942,0,1.17392,1.90512,8.92034e+06,3.92621e+06,1.35538e+07,0,0,0,0
81.8581,85.1408,2.38652,0.02,0.06,3.19295,3.19295,0,0.598365,4.6872,4.29233e+06,2.93738e+06,1.37052e+07,0,0,0,0,62.338,61.3098,2.97559,0,1,1.51941,1.51941,0,1.17391,1.90512,8.92034e+06,3.92621e+06,1.35536e+07,0,0,0,0
80.7623,85.1408,2.34455,0.01,0.06,3.40616,3.40616,0,0.598359,4.6872,4.29233e+06,2.93738e+06,1.46204e+07,0,0,0,0,62.338,61.3098,2.54154,0,1,1.6502,1.6502,0,1.17389,1.90512,8.92034e+06,3.92621e+06,1.47204e+07,0,0,0,0
79.467,85.1408,2.15026,0.01,0.06,3.40613,3.40613,0,0.638315,4.6872,4.29233e+06,2.93738e+06,1.46202e+07,0,0,0,0,62.338,61.3098,2.4545,0,1,1.65019,1.65019,0,1.27495,1.90512,8.92034e+06,3.92621e+06,1.47202e+07,0,0,0,0
78.05,85.1408,2.01546,0.02,0.06,3.4061,3.4061,0,0.638309,4.6872,4.29233e+06,2.93738e+06,1.46201e+07,0,0,0,0,62.338,61.3098,3.09654,0,1,1.65017,1.65017,0,1.27494,1.90512,8.92034e+06,3.92621e+06,1.47201e+07,0,0,0,0
76.5534,85.1408,1.9192,0.02,0.06,3.40606,3.40606,0,0.638302,4.6872,4.29233e+06,2.93738e+06,1.46199e+07,0,0,0,0,62.338,61.3098,3.03433,0,1,1.65016,1.65016,0,1.27492,1.90512,8.92034e+06,3.92621e+06,1.47199e+07,0,0,0,0
75.3656,85.1408,2.18742,0.03,0.06,3.40603,3.40603,0,0.638296,4.6872,4.29233e+06,2.93738e+06,1.46198e+07,0,0,0,0,62.2561,61.3098,2.9635,0,1,1.65014,1.65014,0,1.27491,1.90512,8.92034e+06,3.92621e+06,1.47198e+07,0,0,0,0
74.3971,85.1408,2.35146,0.04,0.06,3.30207,3.30207,0,0.63829,4.6872,4.29233e+06,2.93738e+06,1.41736e+07,0,0,0,0,62.2448,61.3098,2.8701,0,1,1.57073,1.57073,0,1.2749,1.90512,8.92034e+06,3.92621e+06,1.40114e+07,0,0,0,0
73.6946,85.1408,2.66142,0.04,0.06,3.30204,3.30204,0,0.618809,4.6872,4.29233e+06,2.93738e+06,1.41735e+07,0,0,0,0,62.338,61.3098,3.96958,0,1,1.57071,1.57071,0,1.21355,1.90512,8.92034e+06,3.92621e+06,1.40113e+07,0,0,0,0
72.8753,85.1408,2.56461,0.04,0.06,3.30201,3.30201,0,0.618803,4.6872,4.29233e+06,2.93738e+06,1.41733e+07,0,0,0,0,62.338,61.3098,3.76574,0,1,1.5707,1.5707,0,1.21353,1.90512,8.92034e+06,3.92621e+06,1.40112e+07,0,0,0,0
72.3666,85.1408,2.98902,0.04,0.06,3.30198,3.30198,0,0.618797,4.6872,4.29233e+06,2.93738e+06,1.41732e+07,0,0,0,0,62.338,61.3098,4.71958,0,1,1.57068,1.57068,0,1.21352,1.90512,8.92034e+06,3.92621e+06,1.4011e+07,0,0,0,0
71.8588,85.1408,2.87024,0.04,0.06,3.21665,3.21665,0,0.61879,4.6872,4.29233e+06,2.93738e+06,1.38069e+07,0,0,0,0,62.338,61.3098,3.7297,0,1,1.4984,1.4984,0,1.21351,1.90512,8.92034e+06,3.92621e+06,1.33662e+07,0,0,0,0
71.1765,85.1408,2.72237,0.03,0.06,3.21662,3.21662,0,0.6028,4.6872,4.29233e+06,2.93738e+06,1.38068e+07,0,0,0,0,62.338,61.3098,5.74137,0,1,1.49839,1.49839,0,1.15766,1.90512,8.92034e+06,3.92621e+06,1.33661e+07,0,0,0,0
70.612,85.1408,2.80285,0.03,0.06,3.21658,3.21658,0,0.602794,4.6872,4.29233e+06,2.93738e+06,1.38066e+07,0,0,0,0,62.338,61.3098,4.95293,0,1,1.49837,1.49837,0,1.15765,1.90512,8.92034e+06,3.92621e+06,1.3366e+07,0,0,0,0
