0st_vol,0capacity,0net_inf,0st_rof,0lt_rof,0rest_demand,0unrest_demand,0unfulf_demand,0wastewater,0treat_capacity,0agg_price,0res_price,0gross_rev,0drought_cost,0cont_contrib,0debt_serv,0infra_npv,1st_vol,1capacity,1net_inf,1st_rof,1lt_rof,1rest_demand,1unrest_demand,1unfulf_demand,1wastewater,1treat_capacity,1agg_price,1res_price,1gross_rev,1drought_cost,1cont_contrib,1debt_serv,1infra_npv
84.4819,85.1408,2.23716,0,0,2.46977,2.46977,0,0,4.6872,4.4108e+06,3.01846e+06,1.08937e+07,0,0,0,0,62.338,61.3098,2.66254,0,0,1.12031,1.12031,0,0,1.90512,9.16655e+06,4.03458e+06,1.02693e+07,0,0,0,0
85.1408,85.1408,6.75464,0,0,2.47038,2.47038,0,0.462835,4.6872,4.4108e+06,3.01846e+06,1.08963e+07,0,0,0,0,62.338,61.3098,5.20877,0,0,1.12058,1.12058,0,0.865549,1.90512,9.16655e+06,4.03458e+06,1.02719e+07,0,0,0,0
84.7555,85.1408,2.53795,0,0,2.47098,2.47098,0,0.462949,4.6872,4.4108e+06,3.01846e+06,1.0899e+07,0,0,0,0,62.338,61.3098,3.73537,0,0,1.12085,1.12085,0,0.86576,1.90512,9.16655e+06,4.03458e+06,1.02744e+07,0,0,0,0
84.7004,85.1408,2.87726,0,0,2.47158,2.47158,0,0.463062,4.6872,4.4108e+06,3.01846e+06,1.09017e+07,0,0,0,0,62.338,61.3098,5.51252,0,0,1.12113,1.12113,0,0.865972,1.90512,9.16655e+06,4.03458e+06,1.02769e+07,0,0,0,0
85.1408,85.1408,9.87957,0,0,2.71332,2.71332,0,0.463175,4.6872,4.4108e+06,3.01846e+06,1.19679e+07,0,0,0,0,62.338,61.3098,15.2955,0,0,1.25326,1.25326,0,0.866183,1.90512,9.16655e+06,4.03458e+06,1.1488e+07,0,0,0,0
85.1408,85.1408,4.83694,0,0,2.71398,2.71398,0,0.508476,4.6872,4.4108e+06,3.01846e+06,1.19708e+07,0,0,0,0,62.338,61.3098,5.47407,0,0,1.25356,1.25356,0,0.968265,1.90512,9.16655e+06,4.03458e+06,1.14908e+07,0,0,0,0
85.1408,85.1408,5.52577,0,0,2.71465,2.71465,0,0.508601,4.6872,4.4108e+06,3.01846e+06,1.19738e+07,0,0,0,0,62.338,61.3098,5.53869,0,0,1.25387,1.25387,0,0.968502,1.90512,9.16655e+06,4.03458e+06,1.14936e+07,0,0,0,0
85.1408,85.1408,5.7504,0,0,2.71531,2.71531,0,0.508725,4.6872,4.4108e+06,3.01846e+06,1.19767e+07,0,0,0,0,62.338,61.3098,6.55007,0,0,1.25417,1.25417,0,0.968738,1.90512,9.16655e+06,4.03458e+06,1.14964e+07,0,0,0,0
85.1408,85.1408,8.25673,0,0,2.37171,2.37171,0,0.508849,4.6872,4.4108e+06,3.01846e+06,1.04611e+07,0,0,0,0,62.338,61.3098,14.2335,0,0,1.07736,1.07736,0,0.968975,1.90512,9.16655e+06,4.03458e+06,9.87567e+06,0,0,0,0
85.1408,85.1408,7.73736,0,0,2.37229,2.37229,0,0.444458,4.6872,4.4108e+06,3.01846e+06,1.04637e+07,0,0,0,0,62.338,61.3098,9.48181,0,0,1.07762,1.07762,0,0.832368,1.90512,9.16655e+06,4.03458e+06,9.87808e+06,0,0,0,0
85.1408,85.1408,7.59793,0,0,2.37287,2.37287,0,0.444567,4.6872,4.4108e+06,3.01846e+06,1.04662e+07,0,0,0,0,62.338,61.3098,8.67263,0,0,1.07789,1.07789,0,0.832572,1.90512,9.16655e+06,4.03458e+06,9.8805e+06,0,0,0,0
85.1408,85.1408,7.59639,0,0,2.37345,2.37345,0,0.444675,4.6872,4.4108e+06,3.01846e+06,1.04688e+07,0,0,0,0,62.338,61.3098,8.55423,0,0,1.07815,1.07815,0,0.832775,1.90512,9.16655e+06,4.03458e+06,9.88291e+06,0,0,0,0
85.1408,85.1408,6.99036,0,0,2.37403,2.37403,0,0.444784,4.6872,4.4108e+06,3.01846e+06,1.04714e+07,0,0,0,0,62.338,61.3098,8.46248,0,0,1.07841,1.07841,0,0.832979,1.90512,9.16655e+06,4.03458e+06,9.88533e+06,0,0,0,0
85.1408,85.1408,10.6788,0,0,2.46137,2.46137,0,0.444893,4.6872,4.4108e+06,3.01846e+06,1.08566e+07,0,0,0,0,62.338,61.3098,8.79583,0,0,1.12206,1.12206,0,0.833182,1.90512,9.16655e+06,4.03458e+06,1.02854e+07,0,0,0,0
85.1408,85.1408,8.82764,0,0,2.46197,2.46197,0,0.461261,4.6872,4.4108e+06,3.01846e+06,1.08593e+07,0,0,0,0,62.338,61.3098,8.33737,0,0,1.12234,1.12234,0,0.866904,1.90512,9.16655e+06,4.03458e+06,1.02879e+07,0,0,0,0
85.1408,85.1408,7.10572,0,0,2.46257,2.46257,0,0.461374,4.6872,4.4108e+06,3.01846e+06,1.08619e+07,0,0,0,0,62.338,61.3098,5.75572,0,0,1.12261,1.12261,0,0.867116,1.90512,9.16655e+06,4.03458e+06,1.02905e+07,0,0,0,0
85.1408,85.1408,6.14982,0,0,2.46318,2.46318,0,0.461486,4.6872,4.4108e+06,3.01846e+06,1.08646e+07,0,0,0,0,62.338,61.3098,4.64819,0,0,1.12288,1.12288,0,0.867328,1.90512,9.16655e+06,4.03458e+06,1.0293e+07,0,0,0,0
85.1408,85.1408,5.35746,0,0,2.42982,2.42982,0,0.461599,4.6872,4.4108e+06,3.01846e+06,1.07175e+07,0,0,0,0,62.338,61.3098,3.88248,0,0,1.10629,1.10629,0,0.86754,1.90512,9.16655e+06,4.03458e+06,1.01409e+07,0,0,0,0
85.1408,85.1408,4.85527,0,0,2.43042,2.43042,0,0.455349,4.6872,4.4108e+06,3.01846e+06,1.07201e+07,0,0,0,0,62.338,61.3098,4.14922,0,0,1.10656,1.10656,0,0.854721,1.90512,9.16655e+06,4.03458e+06,1.01434e+07,0,0,0,0
85.1408,85.1408,5.21612,0,0,2.43101,2.43101,0,0.45546,4.6872,4.4108e+06,3.01846e+06,1.07227e+07,0,0,0,0,62.338,61.3098,5.47999,0,0,1.10683,1.10683,0,0.85493,1.90512,9.16655e+06,4.03458e+06,1.01458e+07,0,0,0,0
85.1408,85.1408,4.50432,0,0,2.4316,2.4316,0,0.455571,4.6872,4.4108e+06,3.01846e+06,1.07253e+07,0,0,0,0,62.338,61.3098,4.77745,0,0,1.1071,1.1071,0,0.85514,1.90512,9.16655e+06,4.03458e+06,1.01483e+07,0,0,0,0
85.1408,85.1408,4.09953,0,0,2.54758,2.54758,0,0.455683,4.6872,4.4108e+06,3.01846e+06,1.12369e+07,0,0,0,0,62.338,61.3098,4.23794,0,0,1.16725,1.16725,0,0.855349,1.90512,9.16655e+06,4.03458e+06,1.06996e+07,0,0,0,0
85.1408,85.1408,3.80877,0,0,2.5482,2.5482,0,0.477416,4.6872,4.4108e+06,3.01846e+06,1.12396e+07,0,0,0,0,62.338,61.3098,3.52249,0,0,1.16753,1.16753,0,0.901814,1.90512,9.16655e+06,4.03458e+06,1.07022e+07,0,0,0,0
85.1408,85.1408,3.73945,0,0,2.54882,2.54882,0,0.477532,4.6872,4.4108e+06,3.01846e+06,1.12424e+07,0,0,0,0,62.338,61.3098,3.57169,0,0,1.16782,1.16782,0,0.902034,1.90512,9.16655e+06,4.03458e+06,1.07048e+07,0,0,0,0
85.1408,85.1408,3.35582,0,0,2.54944,2.54944,0,0.477649,4.6872,4.4108e+06,3.01846e+06,1.12451e+07,0,0,0,0,62.338,61.3098,3.63489,0,0,1.1681,1.1681,0,0.902255,1.90512,9.16655e+06,4.03458e+06,1.07075e+07,0,0,0,0
85.1408,85.1408,3.18207,0,0,2.55007,2.55007,0,0.477766,4.6872,4.4108e+06,3.01846e+06,1.12478e+07,0,0,0,0,62.338,61.3098,3.61017,0,0,1.16839,1.16839,0,0.902475,1.90512,9.16655e+06,4.03458e+06,1.07101e+07,0,0,0,0
85.1408,85.1408,2.85996,0,0,2.52785,2.52785,0,0.477883,4.6872,4.4108e+06,3.01846e+06,1.11498e+07,0,0,0,0,62.338,61.3098,3.47086,0,0,1.20162,1.20162,0,0.902696,1.90512,9.16655e+06,4.03458e+06,1.10147e+07,0,0,0,0
85.0963,85.1408,2.72849,0,0,2.52847,2.52847,0,0.473718,4.6872,4.4108e+06,3.01846e+06,1.11526e+07,0,0,0,0,62.338,61.3098,3.40658,0,0,1.20191,1.20191,0,0.928371,1.90512,9.16655e+06,4.03458e+06,1.10174e+07,0,0,0,0
84.9312,85.1408,2.57809,0,0,2.52908,2.52908,0,0.473834,4.6872,4.4108e+06,3.01846e+06,1.11553e+07,0,0,0,0,62.338,61.3098,3.41086,0,0,1.20221,1.20221,0,0.928598,1.90512,9.16655e+06,4.03458e+06,1.10201e+07,0,0,0,0
84.553,85.1408,2.37018,0,0,2.5297,2.5297,0,0.47395,4.6872,4.4108e+06,3.01846e+06,1.1158e+07,0,0,0,0,62.338,61.3098,3.29587,0,0,1.2025,1.2025,0,0.928825,1.90512,9.16655e+06,4.03458e+06,1.10228e+07,0,0,0,0
83.9489,85.1408,2.1535,0,0,2.58937,2.58937,0,0.474066,4.6872,4.4108e+06,3.01846e+06,1.14212e+07,0,0,0,0,62.338,61.3098,2.78849,0,0,1.23219,1.23219,0,0.929052,1.90512,9.16655e+06,4.03458e+06,1.12949e+07,0,0,0,0
83.2587,85.1408,2.08792,0,0,2.59001,2.59001,0,0.485248,4.6872,4.4108e+06,3.01846e+06,1.1424e+07,0,0,0,0,62.338,61.3098,2.67103,0,0,1.23249,1.23249,0,0.951987,1.90512,9.16655e+06,4.03458e+06,1.12977e+07,0,0,0,0
82.4477,85.1408,1.93618,0,0,2.59064,2.59064,0,0.485367,4.6872,4.4108e+06,3.01846e+06,1.14268e+07,0,0,0,0,62.338,61.3098,2.58369,0,0,1.23279,1.23279,0,0.95222,1.90512,9.16655e+06,4.03458e+06,1.13004e+07,0,0,0,0
81.4775,85.1408,1.76292,0,0,2.59127,2.59127,0,0.485486,4.6872,4.4108e+06,3.01846e+06,1.14296e+07,0,0,0,0,62.338,61.3098,2.25663,0,0,1.23309,1.23309,0,0.952452,1.90512,9.16655e+06,4.03458e+06,1.13032e+07,0,0,0,0
80.7015,85.1408,2.10349,0,0,2.76501,2.76501,0,0.485605,4.6872,4.4108e+06,3.01846e+06,1.21959e+07,0,0,0,0,62.338,61.3098,3.25064,0,0,1.33958,1.33958,0,0.952685,1.90512,9.16655e+06,4.03458e+06,1.22793e+07,0,0,0,0
79.8623,85.1408,2.06899,0,0,2.76569,2.76569,0,0.518163,4.6872,4.4108e+06,3.01846e+06,1.21989e+07,0,0,0,0,62.338,61.3098,3.18266,0,0,1.33991,1.33991,0,1.03496,1.90512,9.16655e+06,4.03458e+06,1.22823e+07,0,0,0,0
79.0459,85.1408,2.08501,0,0,2.76636,2.76636,0,0.518289,4.6872,4.4108e+06,3.01846e+06,1.22019e+07,0,0,0,0,62.338,61.3098,3.29341,0,0,1.34024,1.34024,0,1.03521,1.90512,9.16655e+06,4.03458e+06,1.22853e+07,0,0,0,0
78.6204,85.1408,2.46855,0,0,2.76704,2.76704,0,0.518416,4.6872,4.4108e+06,3.01846e+06,1.22049e+07,0,0,0,0,62.338,61.3098,3.3675,0,0,1.34056,1.34056,0,1.03547,1.90512,9.16655e+06,4.03458e+06,1.22883e+07,0,0,0,0
77.5964,85.1408,1.86697,0,0,2.76771,2.76771,0,0.518543,4.6872,4.4108e+06,3.01846e+06,1.22078e+07,0,0,0,0,62.338,61.3098,3.11271,0,0,1.34089,1.34089,0,1.03572,1.90512,9.16655e+06,4.03458e+06,1.22913e+07,0,0,0,0
76.4823,85.1408,1.69213,0,0,2.68392,2.68392,0,0.51867,4.6872,4.4108e+06,3.01846e+06,1.18383e+07,0,0,0,0,62.338,61.3098,4.29825,0,0,1.27669,1.27669,0,1.03597,1.90512,9.16655e+06,4.03458e+06,1.17028e+07,0,0,0,0
75.1618,85.1408,1.48085,0,0,2.68458,2.68458,0,0.502967,4.6872,4.4108e+06,3.01846e+06,1.18412e+07,0,0,0,0,62.3208,61.3098,2.47844,0,0,1.277,1.277,0,0.986369,1.90512,9.16655e+06,4.03458e+06,1.17057e+07,0,0,0,0
73.8119,85.1408,1.43573,0,0,2.68524,2.68524,0,0.50309,4.6872,4.4108e+06,3.01846e+06,1.18441e+07,0,0,0,0,62.2671,61.3098,2.27152,0,0,1.27731,1.27731,0,0.98661,1.90512,9.16655e+06,4.03458e+06,1.17085e+07,0,0,0,0
73.7223,85.1408,2.93812,0,0,2.68589,2.68589,0,0.503213,4.6872,4.4108e+06,3.01846e+06,1.1847e+07,0,0,0,0,62.338,61.3098,3.58129,0,0,1.27762,1.27762,0,0.986852,1.90512,9.16655e+06,4.03458e+06,1.17114e+07,0,0,0,0
74.6267,85.1408,3.81711,0,0,2.61715,2.61715,0,0.503337,4.6872,4.4108e+06,3.01846e+06,1.15437e+07,0,0,0,0,62.338,61.3098,3.70732,0,0,1.21914,1.21914,0,0.987093,1.90512,9.16655e+06,4.03458e+06,1.11753e+07,0,0,0,0
73.4962,85.1408,1.68633,0,0,2.61779,2.61779,0,0.490454,4.6872,4.4108e+06,3.01846e+06,1.15466e+07,0,0,0,0,62.338,61.3098,2.68886,0,0,1.21944,1.21944,0,0.941907,1.90512,9.16655e+06,4.03458e+06,1.1178e+07,0,0,0,0
72.9708,85.1408,2.35658,0,0,2.61843,2.61843,0,0.490574,4.6872,4.4108e+06,3.01846e+06,1.15494e+07,0,0,0,0,62.338,61.3098,3.52878,0,0,1.21974,1.21974,0,0.942137,1.90512,9.16655e+06,4.03458e+06,1.11808e+07,0,0,0,0
75.1286,85.1408,5.10315,0,0,2.61907,2.61907,0,0.490694,4.6872,4.4108e+06,3.01846e+06,1.15522e+07,0,0,0,0,62.338,61.3098,5.69197,0,0,1.22003,1.22003,0,0.942368,1.90512,9.16655e+06,4.03458e+06,1.11835e+07,0,0,0,0
76.1982,85.1408,3.85281,0,0,2.42242,2.42242,0,0.490814,4.6872,4.4108e+06,3.01846e+06,1.06848e+07,0,0,0,0,62.338,61.3098,4.47908,0,0,1.09775,1.09775,0,0.942598,1.90512,9.16655e+06,4.03458e+06,1.00626e+07,0,0,0,0
75.9892,85.1408,2.54203,0,0,2.42301,2.42301,0,0.453961,4.6872,4.4108e+06,3.01846e+06,1.06874e+07,0,0,0,0,62.338,61.3098,3.59158,0,0,1.09802,1.09802,0,0.848125,1.90512,9.16655e+06,4.03458e+06,1.00651e+07,0,0,0,0
78.9135,85.1408,5.92231,0,0,2.4236,2.4236,0,0.454072,4.6872,4.4108e+06,3.01846e+06,1.069e+07,0,0,0,0,62.338,61.3098,11.595,0,0,1.09829,1.09829,0,0.848332,1.90512,9.16655e+06,4.03458e+06,1.00675e+07,0,0,0,0
81.3198,85.1408,5.31675,0,0,2.4242,2.4242,0,0.454183,4.6872,4.4108e+06,3.01846e+06,1.06926e+07,0,0,0,0,62.338,61.3098,6.10198,0,0,1.09856,1.09856,0,0.84854,1.90512,9.16655e+06,4.03458e+06,1.007e+07,0,0,0,0
83.5538,85.1408,5.06211,0,0,2.42479,2.42479,0,0.454294,4.6872,4.4108e+06,3.01846e+06,1.06953e+07,0,0,0,0,62.338,61.3098,6.00808,0,0,1.09883,1.09883,0,0.848747,1.90512,9.16655e+06,4.03458e+06,1.00725e+07,0,0,0,0
84.2868,85.1408,3.68783,0,0,2.50135,2.50135,0,0.454405,4.6872,4.4108e+06,3.01846e+06,1.1033e+07,0,0,0,0,62.338,61.3098,3.41196,0,0,1.13463,1.13463,0,0.848955,1.90512,9.16655e+06,4.03458e+06,1.04007e+07,0,0,0,0
85.1408,85.1408,5.69021,0,0,2.50195,2.50195,0,0.468754,4.6872,4.4108e+06,3.01846e+06,1.10356e+07,0,0,0,0,62.338,61.3098,2.97005,0,0,1.1349,1.1349,0,0.876616,1.90512,9.16655e+06,4.03458e+06,1.04031e+07,0,0,0,0
85.1408,85.1408,7.38848,0,0,2.50254,2.50254,0,0.468865,4.6872,4.4108e+06,3.01846e+06,1.10382e+07,0,0,0,0,62.338,61.3098,6.031,0,0,1.13517,1.13517,0,0.876824,1.90512,9.16655e+06,4.03458e+06,1.04056e+07,0,0,0,0
85.1408,85.1408,8.3295,0,0,2.50313,2.50313,0,0.468976,4.6872,4.4108e+06,3.01846e+06,1.10408e+07,0,0,0,0,62.338,61.3098,6.18237,0,0,1.13544,1.13544,0,0.877032,1.90512,9.16655e+06,4.03458e+06,1.04081e+07,0,0,0,0
85.1408,85.1408,6.15579,0,0,2.74793,2.74793,0,0.469087,4.6872,4.4108e+06,3.01846e+06,1.21206e+07,0,0,0,0,62.338,61.3098,5.15538,0,0,1.26924,1.26924,0,0.87724,1.90512,9.16655e+06,4.03458e+06,1.16346e+07,0,0,0,0
85.1408,85.1408,4.68111,0,0,2.74858,2.74858,0,0.514963,4.6872,4.4108e+06,3.01846e+06,1.21235e+07,0,0,0,0,62.338,61.3098,4.28219,0,0,1.26954,1.26954,0,0.980617,1.90512,9.16655e+06,4.03458e+06,1.16373e+07,0,0,0,0
85.1408,85.1408,6.38916,0,0,2.74924,2.74924,0,0.515085,4.6872,4.4108e+06,3.01846e+06,1.21263e+07,0,0,0,0,62.338,61.3098,5.16459,0,0,1.26984,1.26984,0,0.980849,1.90512,9.16655e+06,4.03458e+06,1.16401e+07,0,0,0,0
85.1408,85.1408,9.70661,0,0,2.74989,2.74989,0,0.515207,4.6872,4.4108e+06,3.01846e+06,1.21292e+07,0,0,0,0,62.338,61.3098,6.86887,0,0,1.27015,1.27015,0,0.981082,1.90512,9.16655e+06,4.03458e+06,1.16428e+07,0,0,0,0
85.1408,85.1408,7.67754,0,0,2.40189,2.40189,0,0.515329,4.6872,4.4108e+06,3.01846e+06,1.05943e+07,0,0,0,0,62.338,61.3098,7.00549,0,0,1.09107,1.09107,0,0.981314,1.90512,9.16655e+06,4.03458e+06,1.00014e+07,0,0,0,0
85.1408,85.1408,6.00082,0,0,2.40246,2.40246,0,0.450114,4.6872,4.4108e+06,3.01846e+06,1.05968e+07,0,0,0,0,62.338,61.3098,6.33109,0,0,1.09133,1.09133,0,0.842961,1.90512,9.16655e+06,4.03458e+06,1.00037e+07,0,0,0,0
85.1408,85.1408,4.84812,0,0,2.40303,2.40303,0,0.450221,4.6872,4.4108e+06,3.01846e+06,1.05993e+07,0,0,0,0,62.338,61.3098,4.49523,0,0,1.09159,1.09159,0,0.843161,1.90512,9.16655e+06,4.03458e+06,1.00061e+07,0,0,0,0
85.1408,85.1408,3.38747,0,0,2.4036,2.4036,0,0.450328,4.6872,4.4108e+06,3.01846e+06,1.06018e+07,0,0,0,0,62.338,61.3098,3.5123,0,0,1.09185,1.09185,0,0.843361,1.90512,9.16655e+06,4.03458e+06,1.00085e+07,0,0,0,0
85.1408,85.1408,4.66691,0,0,2.40417,2.40417,0,0.450435,4.6872,4.4108e+06,3.01846e+06,1.06043e+07,0,0,0,0,62.338,61.3098,4.39323,0,0,1.09211,1.09211,0,0.843561,1.90512,9.16655e+06,4.03458e+06,1.00108e+07,0,0,0,0
85.1408,85.1408,8.01515,0,0,2.4926,2.4926,0,0.450541,4.6872,4.4108e+06,3.01846e+06,1.09944e+07,0,0,0,0,62.338,61.3098,6.43529,0,0,1.1363,1.1363,0,0.843761,1.90512,9.16655e+06,4.03458e+06,1.04159e+07,0,0,0,0
85.1408,85.1408,6.4593,0,0,2.49319,2.49319,0,0.467114,4.6872,4.4108e+06,3.01846e+06,1.0997e+07,0,0,0,0,62.338,61.3098,6.02339,0,0,1.13657,1.13657,0,0.877904,1.90512,9.16655e+06,4.03458e+06,1.04184e+07,0,0,0,0
85.1408,85.1408,5.15364,0,0,2.49379,2.49379,0,0.467225,4.6872,4.4108e+06,3.01846e+06,1.09996e+07,0,0,0,0,62.338,61.3098,5.34623,0,0,1.13684,1.13684,0,0.878113,1.90512,9.16655e+06,4.03458e+06,1.04209e+07,0,0,0,0
85.1408,85.1408,4.34259,0,0,2.49438,2.49438,0,0.467335,4.6872,4.4108e+06,3.01846e+06,1.10022e+07,0,0,0,0,62.338,61.3098,4.74851,0,0,1.13711,1.13711,0,0.878321,1.90512,9.16655e+06,4.03458e+06,1.04233e+07,0,0,0,0
85.1408,85.1408,4.2211,0,0,2.46058,2.46058,0,0.467446,4.6872,4.4108e+06,3.01846e+06,1.08531e+07,0,0,0,0,62.338,61.3098,4.56505,0,0,1.1203,1.1203,0,0.878529,1.90512,9.16655e+06,4.03458e+06,1.02693e+07,0,0,0,0
85.1408,85.1408,3.86403,0,0,2.46116,2.46116,0,0.461113,4.6872,4.4108e+06,3.01846e+06,1.08557e+07,0,0,0,0,62.338,61.3098,4.18982,0,0,1.12056,1.12056,0,0.865541,1.90512,9.16655e+06,4.03458e+06,1.02717e+07,0,0,0,0
85.1408,85.1408,3.46562,0,0,2.46175,2.46175,0,0.461222,4.6872,4.4108e+06,3.01846e+06,1.08583e+07,0,0,0,0,62.338,61.3098,3.71632,0,0,1.12083,1.12083,0,0.865747,1.90512,9.16655e+06,4.03458e+06,1.02741e+07,0,0,0,0
85.1408,85.1408,3.206,0,0,2.46233,2.46233,0,0.461332,4.6872,4.4108e+06,3.01846e+06,1.08609e+07,0,0,0,0,62.338,61.3098,3.52142,0,0,1.12109,1.12109,0,0.865952,1.90512,9.16655e+06,4.03458e+06,1.02766e+07,0,0,0,0
85.1408,85.1408,3.21897,0,0,2.57975,2.57975,0,0.461441,4.6872,4.4108e+06,3.01846e+06,1.13788e+07,0,0,0,0,62.338,61.3098,3.82489,0,0,1.18199,1.18199,0,0.866157,1.90512,9.16655e+06,4.03458e+06,1.08347e+07,0,0,0,0
85.1408,85.1408,3.11722,0,0,2.58036,2.58036,0,0.483445,4.6872,4.4108e+06,3.01846e+06,1.13815e+07,0,0,0,0,62.338,61.3098,3.50814,0,0,1.18227,1.18227,0,0.913203,1.90512,9.16655e+06,4.03458e+06,1.08373e+07,0,0,0,0
85.067,85.1408,2.84022,0,0,2.58097,2.58097,0,0.483559,4.6872,4.4108e+06,3.01846e+06,1.13842e+07,0,0,0,0,62.338,61.3098,2.79326,0,0,1.18255,1.18255,0,0.913419,1.90512,9.16655e+06,4.03458e+06,1.08399e+07,0,0,0,0
84.6747,85.1408,2.49717,0,0,2.58158,2.58158,0,0.483674,4.6872,4.4108e+06,3.01846e+06,1.13869e+07,0,0,0,0,62.338,61.3098,2.85684,0,0,1.18283,1.18283,0,0.913636,1.90512,9.16655e+06,4.03458e+06,1.08424e+07,0,0,0,0
84.1563,85.1408,2.3199,0,0,2.5822,2.5822,0,0.483789,4.6872,4.4108e+06,3.01846e+06,1.13896e+07,0,0,0,0,62.338,61.3098,2.90541,0,0,1.18311,1.18311,0,0.913852,1.90512,9.16655e+06,4.03458e+06,1.0845e+07,0,0,0,0
84.2831,85.1408,2.89086,0,0,2.55968,2.55968,0,0.483903,4.6872,4.4108e+06,3.01846e+06,1.12902e+07,0,0,0,0,62.338,61.3098,2.53954,0,0,1.21675,1.21675,0,0.914069,1.90512,9.16655e+06,4.03458e+06,1.11534e+07,0,0,0,0
84.259,85.1408,2.74162,0,0,2.56028,2.56028,0,0.479683,4.6872,4.4108e+06,3.01846e+06,1.12929e+07,0,0,0,0,62.338,61.3098,2.36479,0,0,1.21704,1.21704,0,0.94006,1.90512,9.16655e+06,4.03458e+06,1.1156e+07,0,0,0,0
84.0004,85.1408,2.50468,0,0,2.56089,2.56089,0,0.479797,4.6872,4.4108e+06,3.01846e+06,1.12956e+07,0,0,0,0,62.338,61.3098,2.37943,0,0,1.21733,1.21733,0,0.940283,1.90512,9.16655e+06,4.03458e+06,1.11587e+07,0,0,0,0
83.5066,85.1408,2.2603,0,0,2.5615,2.5615,0,0.479911,4.6872,4.4108e+06,3.01846e+06,1.12983e+07,0,0,0,0,62.338,61.3098,2.11684,0,0,1.21761,1.21761,0,0.940506,1.90512,9.16655e+06,4.03458e+06,1.11613e+07,0,0,0,0
83.245,85.1408,2.51351,0,0,2.6219,2.6219,0,0.480024,4.6872,4.4108e+06,3.01846e+06,1.15647e+07,0,0,0,0,62.338,61.3098,2.33349,0,0,1.24766,1.24766,0,0.940729,1.90512,9.16655e+06,4.03458e+06,1.14368e+07,0,0,0,0
83.0132,85.1408,2.5298,0,0,2.62252,2.62252,0,0.491344,4.6872,4.4108e+06,3.01846e+06,1.15674e+07,0,0,0,0,62.338,61.3098,2.48158,0,0,1.24796,1.24796,0,0.963945,1.90512,9.16655e+06,4.03458e+06,1.14395e+07,0,0,0,0
82.5523,85.1408,2.29423,0,0,2.62314,2.62314,0,0.49146,4.6872,4.4108e+06,3.01846e+06,1.15702e+07,0,0,0,0,62.338,61.3098,2.27197,0,0,1.24826,1.24826,0,0.964173,1.90512,9.16655e+06,4.03458e+06,1.14422e+07,0,0,0,0
81.8319,85.1408,2.01371,0,0,2.62376,2.62376,0,0.491577,4.6872,4.4108e+06,3.01846e+06,1.15729e+07,0,0,0,0,62.338,61.3098,2.2421,0,0,1.24855,1.24855,0,0.964402,1.90512,9.16655e+06,4.03458e+06,1.14449e+07,0,0,0,0
80.7294,85.1408,1.77735,0,0,2.79966,2.79966,0,0.491693,4.6872,4.4108e+06,3.01846e+06,1.23487e+07,0,0,0,0,62.338,61.3098,2.18139,0,0,1.35637,1.35637,0,0.964631,1.90512,9.16655e+06,4.03458e+06,1.24332e+07,0,0,0,0
80.011,85.1408,2.14932,0,0,2.80032,2.80032,0,0.524656,4.6872,4.4108e+06,3.01846e+06,1.23517e+07,0,0,0,0,62.3014,61.3098,2.0684,0,0,1.35669,1.35669,0,1.04793,1.90512,9.16655e+06,4.03458e+06,1.24362e+07,0,0,0,0
79.0429,85.1408,1.91669,0,0,2.80098,2.80098,0,0.52478,4.6872,4.4108e+06,3.01846e+06,1.23546e+07,0,0,0,0,62.2425,61.3098,1.98205,0,0,1.35701,1.35701,0,1.04818,1.90512,9.16655e+06,4.03458e+06,1.24391e+07,0,0,0,0
78.1189,85.1408,1.94221,0,0,2.80165,2.80165,0,0.524905,4.6872,4.4108e+06,3.01846e+06,1.23575e+07,0,0,0,0,62.2722,61.3098,2.14892,0,0,1.35733,1.35733,0,1.04843,1.90512,9.16655e+06,4.03458e+06,1.24421e+07,0,0,0,0
77.2158,85.1408,1.96016,0,0,2.80231,2.80231,0,0.525029,4.6872,4.4108e+06,3.01846e+06,1.23605e+07,0,0,0,0,62.3136,61.3098,2.5102,0,0,1.35765,1.35765,0,1.04868,1.90512,9.16655e+06,4.03458e+06,1.2445e+07,0,0,0,0
77.0296,85.1408,2.56755,0,0,2.71746,2.71746,0,0.525154,4.6872,4.4108e+06,3.01846e+06,1.19862e+07,0,0,0,0,62.338,61.3098,2.27674,0,0,1.29264,1.29264,0,1.04892,1.90512,9.16655e+06,4.03458e+06,1.1849e+07,0,0,0,0
77.2359,85.1408,3.02899,0,0,2.7181,2.7181,0,0.509251,4.6872,4.4108e+06,3.01846e+06,1.1989e+07,0,0,0,0,62.338,61.3098,2.96187,0,0,1.29294,1.29294,0,0.998692,1.90512,9.16655e+06,4.03458e+06,1.18518e+07,0,0,0,0
77.2498,85.1408,2.85658,0,0,2.71874,2.71874,0,0.509372,4.6872,4.4108e+06,3.01846e+06,1.19918e+07,0,0,0,0,62.338,61.3098,3.05988,0,0,1.29325,1.29325,0,0.998929,1.90512,9.16655e+06,4.03458e+06,1.18546e+07,0,0,0,0
77.5764,85.1408,3.2086,0,0,2.71939,2.71939,0,0.509493,4.6872,4.4108e+06,3.01846e+06,1.19947e+07,0,0,0,0,62.338,61.3098,3.45807,0,0,1.29356,1.29356,0,0.999166,1.90512,9.16655e+06,4.03458e+06,1.18575e+07,0,0,0,0
77.3341,85.1408,2.62527,0,0,2.64977,2.64977,0,0.509614,4.6872,4.4108e+06,3.01846e+06,1.16876e+07,0,0,0,0,62.338,61.3098,3.38903,0,0,1.23433,1.23433,0,0.999403,1.90512,9.16655e+06,4.03458e+06,1.13146e+07,0,0,0,0
76.4009,85.1408,1.87141,0,0,2.6504,2.6504,0,0.496567,4.6872,4.4108e+06,3.01846e+06,1.16904e+07,0,0,0,0,62.0528,61.3098,2.1219,0,0,1.23463,1.23463,0,0.953646,1.90512,9.16655e+06,4.03458e+06,1.13173e+07,0,0,0,0
75.2249,85.1408,1.66659,0,0,2.65103,2.65103,0,0.496684,4.6872,4.4108e+06,3.01846e+06,1.16932e+07,0,0,0,0,62.1475,61.3098,1.51492,0,0,1.23492,1.23492,0,0.953872,1.90512,9.16655e+06,4.03458e+06,1.13199e+07,0,0,0,0
74.5663,85.1408,2.19996,0,0,2.65165,2.65165,0,0.496802,4.6872,4.4108e+06,3.01846e+06,1.16959e+07,0,0,0,0,62.338,61.3098,3.7313,0,0,1.23521,1.23521,0,0.954099,1.90512,9.16655e+06,4.03458e+06,1.13226e+07,0,0,0,0
77.5049,85.1408,5.82936,0,0,2.45254,2.45254,0,0.49692,4.6872,4.4108e+06,3.01846e+06,1.08177e+07,0,0,0,0,62.338,61.3098,7.7519,0,0,1.1114,1.1114,0,0.954325,1.90512,9.16655e+06,4.03458e+06,1.01877e+07,0,0,0,0
77.7697,85.1408,3.14085,0,0,2.45312,2.45312,0,0.459605,4.6872,4.4108e+06,3.01846e+06,1.08202e+07,0,0,0,0,62.338,61.3098,5.85127,0,0,1.11167,1.11167,0,0.85867,1.90512,9.16655e+06,4.03458e+06,1.01901e+07,0,0,0,0
79.234,85.1408,4.36849,0,0,2.4537,2.4537,0,0.459714,4.6872,4.4108e+06,3.01846e+06,1.08228e+07,0,0,0,0,62.338,61.3098,9.64471,0,0,1.11193,1.11193,0,0.858873,1.90512,9.16655e+06,4.03458e+06,1.01926e+07,0,0,0,0
82.9324,85.1408,6.67708,0,0,2.45428,2.45428,0,0.459823,4.6872,4.4108e+06,3.01846e+06,1.08253e+07,0,0,0,0,62.338,61.3098,6.92379,0,0,1.11219,1.11219,0,0.859077,1.90512,9.16655e+06,4.03458e+06,1.0195e+07,0,0,0,0
85.1408,85.1408,11.2168,0,0,2.45486,2.45486,0,0.459932,4.6872,4.4108e+06,3.01846e+06,1.08279e+07,0,0,0,0,62.338,61.3098,9.04679,0,0,1.11246,1.11246,0,0.859281,1.90512,9.16655e+06,4.03458e+06,1.01974e+07,0,0,0,0
85.1408,85.1408,10.8981,0,0,2.53236,2.53236,0,0.460041,4.6872,4.4108e+06,3.01846e+06,1.11697e+07,0,0,0,0,62.338,61.3098,11.6177,0,0,1.1487,1.1487,0,0.859484,1.90512,9.16655e+06,4.03458e+06,1.05296e+07,0,0,0,0
85.1408,85.1408,7.42771,0,0,2.53294,2.53294,0,0.474564,4.6872,4.4108e+06,3.01846e+06,1.11723e+07,0,0,0,0,62.338,61.3098,5.88681,0,0,1.14896,1.14896,0,0.887482,1.90512,9.16655e+06,4.03458e+06,1.0532e+07,0,0,0,0
85.1408,85.1408,6.55706,0,0,2.53352,2.53352,0,0.474673,4.6872,4.4108e+06,3.01846e+06,1.11749e+07,0,0,0,0,62.338,61.3098,5.06862,0,0,1.14922,1.14922,0,0.887686,1.90512,9.16655e+06,4.03458e+06,1.05344e+07,0,0,0,0
85.1408,85.1408,5.18052,0,0,2.5341,2.5341,0,0.474782,4.6872,4.4108e+06,3.01846e+06,1.11774e+07,0,0,0,0,62.338,61.3098,3.92441,0,0,1.14949,1.14949,0,0.887889,1.90512,9.16655e+06,4.03458e+06,1.05368e+07,0,0,0,0
85.1408,85.1408,5.26613,0,0,2.78191,2.78191,0,0.47489,4.6872,4.4108e+06,3.01846e+06,1.22705e+07,0,0,0,0,62.338,61.3098,3.31196,0,0,1.28494,1.28494,0,0.888093,1.90512,9.16655e+06,4.03458e+06,1.17784e+07,0,0,0,0
85.1408,85.1408,8.15986,0,0,2.78255,2.78255,0,0.52133,4.6872,4.4108e+06,3.01846e+06,1.22733e+07,0,0,0,0,62.338,61.3098,5.69489,0,0,1.28523,1.28523,0,0.992741,1.90512,9.16655e+06,4.03458e+06,1.17811e+07,0,0,0,0
85.1408,85.1408,9.91068,0,0,2.78319,2.78319,0,0.521449,4.6872,4.4108e+06,3.01846e+06,1.22761e+07,0,0,0,0,62.338,61.3098,7.85332,0,0,1.28552,1.28552,0,0.992969,1.90512,9.16655e+06,4.03458e+06,1.17838e+07,0,0,0,0
85.1408,85.1408,6.93746,0,0,2.78382,2.78382,0,0.521569,4.6872,4.4108e+06,3.01846e+06,1.22789e+07,0,0,0,0,62.338,61.3098,3.90415,0,0,1.28582,1.28582,0,0.993197,1.90512,9.16655e+06,4.03458e+06,1.17865e+07,0,0,0,0
85.1408,85.1408,4.48948,0,0,2.43151,2.43151,0,0.521688,4.6872,4.4108e+06,3.01846e+06,1.07249e+07,0,0,0,0,62.338,61.3098,3.01354,0,0,1.10453,1.10453,0,0.993424,1.90512,9.16655e+06,4.03458e+06,1.01247e+07,0,0,0,0
85.1408,85.1408,4.04169,0,0,2.43207,2.43207,0,0.455666,4.6872,4.4108e+06,3.01846e+06,1.07274e+07,0,0,0,0,62.338,61.3098,3.46164,0,0,1.10478,1.10478,0,0.853357,1.90512,9.16655e+06,4.03458e+06,1.0127e+07,0,0,0,0
85.1408,85.1408,4.52562,0,0,2.43263,2.43263,0,0.45577,4.6872,4.4108e+06,3.01846e+06,1.07298e+07,0,0,0,0,62.338,61.3098,5.24638,0,0,1.10503,1.10503,0,0.853553,1.90512,9.16655e+06,4.03458e+06,1.01293e+07,0,0,0,0
85.1408,85.1408,4.0951,0,0,2.43319,2.43319,0,0.455875,4.6872,4.4108e+06,3.01846e+06,1.07323e+07,0,0,0,0,62.338,61.3098,3.3468,0,0,1.10529,1.10529,0,0.853749,1.90512,9.16655e+06,4.03458e+06,1.01317e+07,0,0,0,0
85.1408,85.1408,4.17192,0,0,2.43374,2.43374,0,0.455979,4.6872,4.4108e+06,3.01846e+06,1.07348e+07,0,0,0,0,62.338,61.3098,3.3711,0,0,1.10554,1.10554,0,0.853945,1.90512,9.16655e+06,4.03458e+06,1.0134e+07,0,0,0,0
85.1408,85.1408,4.60457,0,0,2.52325,2.52325,0,0.456084,4.6872,4.4108e+06,3.01846e+06,1.11295e+07,0,0,0,0,62.338,61.3098,2.95214,0,0,1.15027,1.15027,0,0.854141,1.90512,9.16655e+06,4.03458e+06,1.0544e+07,0,0,0,0
85.1408,85.1408,4.23733,0,0,2.52383,2.52383,0,0.472856,4.6872,4.4108e+06,3.01846e+06,1.11321e+07,0,0,0,0,62.338,61.3098,2.74881,0,0,1.15053,1.15053,0,0.888697,1.90512,9.16655e+06,4.03458e+06,1.05464e+07,0,0,0,0
85.1408,85.1408,4.50659,0,0,2.5244,2.5244,0,0.472965,4.6872,4.4108e+06,3.01846e+06,1.11347e+07,0,0,0,0,62.338,61.3098,3.59961,0,0,1.1508,1.1508,0,0.888901,1.90512,9.16655e+06,4.03458e+06,1.05488e+07,0,0,0,0
85.1408,85.1408,3.81826,0,0,2.52498,2.52498,0,0.473073,4.6872,4.4108e+06,3.01846e+06,1.11372e+07,0,0,0,0,62.338,61.3098,2.94266,0,0,1.15106,1.15106,0,0.889105,1.90512,9.16655e+06,4.03458e+06,1.05512e+07,0,0,0,0
85.1408,85.1408,3.42204,0,0,2.49075,2.49075,0,0.473182,4.6872,4.4108e+06,3.01846e+06,1.09862e+07,0,0,0,0,62.338,61.3098,2.6764,0,0,1.13403,1.13403,0,0.889309,1.90512,9.16655e+06,4.03458e+06,1.03952e+07,0,0,0,0
85.1408,85.1408,3.23935,0,0,2.49133,2.49133,0,0.466767,4.6872,4.4108e+06,3.01846e+06,1.09887e+07,0,0,0,0,62.338,61.3098,3.09098,0,0,1.13429,1.13429,0,0.876155,1.90512,9.16655e+06,4.03458e+06,1.03976e+07,0,0,0,0
85.1408,85.1408,2.9267,0,0,2.4919,2.4919,0,0.466874,4.6872,4.4108e+06,3.01846e+06,1.09913e+07,0,0,0,0,62.338,61.3098,2.99465,0,0,1.13455,1.13455,0,0.876356,1.90512,9.16655e+06,4.03458e+06,1.04e+07,0,0,0,0
85.1408,85.1408,3.29435,0,0,2.49247,2.49247,0,0.466981,4.6872,4.4108e+06,3.01846e+06,1.09938e+07,0,0,0,0,62.338,61.3098,2.68688,0,0,1.13482,1.13482,0,0.876557,1.90512,9.16655e+06,4.03458e+06,1.04023e+07,0,0,0,0
85.0336,85.1408,2.79894,0,0,2.6113,2.6113,0,0.467089,4.6872,4.4108e+06,3.01846e+06,1.15179e+07,0,0,0,0,62.338,61.3098,2.66048,0,0,1.19644,1.19644,0,0.876758,1.90512,9.16655e+06,4.03458e+06,1.09673e+07,0,0,0,0
84.5532,85.1408,2.42668,0,0,2.6119,2.6119,0,0.489358,4.6872,4.4108e+06,3.01846e+06,1.15206e+07,0,0,0,0,62.338,61.3098,2.51431,0,0,1.19672,1.19672,0,0.924372,1.90512,9.16655e+06,4.03458e+06,1.09698e+07,0,0,0,0
84.1601,85.1408,2.40468,0,0,2.6125,2.6125,0,0.48947,4.6872,4.4108e+06,3.01846e+06,1.15232e+07,0,0,0,0,62.338,61.3098,2.51482,0,0,1.19699,1.19699,0,0.924584,1.90512,9.16655e+06,4.03458e+06,1.09723e+07,0,0,0,0
83.5152,85.1408,2.13651,0,0,2.6131,2.6131,0,0.489583,4.6872,4.4108e+06,3.01846e+06,1.15259e+07,0,0,0,0,62.338,61.3098,2.10973,0,0,1.19727,1.19727,0,0.924796,1.90512,9.16655e+06,4.03458e+06,1.09748e+07,0,0,0,0
82.7989,85.1408,2.05244,0,0,2.6137,2.6137,0,0.489695,4.6872,4.4108e+06,3.01846e+06,1.15285e+07,0,0,0,0,62.1181,61.3098,1.87211,0,0,1.19754,1.19754,0,0.925008,1.90512,9.16655e+06,4.03458e+06,1.09773e+07,0,0,0,0
82.3445,85.1408,2.27929,0,0,2.59088,2.59088,0,0.489807,4.6872,4.4108e+06,3.01846e+06,1.14279e+07,0,0,0,0,61.974,61.3098,1.68384,0,0,1.23158,1.23158,0,0.925221,1.90512,9.16655e+06,4.03458e+06,1.12894e+07,0,0,0,0
81.7294,85.1408,2.11899,0,0,2.59148,2.59148,0,0.485532,4.6872,4.4108e+06,3.01846e+06,1.14305e+07,0,0,0,0,61.7415,61.3098,1.59351,0,0,1.23187,1.23187,0,0.951522,1.90512,9.16655e+06,4.03458e+06,1.1292e+07,0,0,0,0
80.9412,85.1408,1.9474,0,0,2.59207,2.59207,0,0.485643,4.6872,4.4108e+06,3.01846e+06,1.14331e+07,0,0,0,0,61.4741,61.3098,1.48123,0,0,1.23215,1.23215,0,0.95174,1.90512,9.16655e+06,4.03458e+06,1.12946e+07,0,0,0,0
80.0667,85.1408,1.83841,0,0,2.59267,2.59267,0,0.485754,4.6872,4.4108e+06,3.01846e+06,1.14357e+07,0,0,0,0,61.097,61.3098,1.49225,0,0,1.23243,1.23243,0,0.951958,1.90512,9.16655e+06,4.03458e+06,1.12971e+07,0,0,0,0
79.0877,85.1408,1.75471,0,0,2.65378,2.65378,0,0.485866,4.6872,4.4108e+06,3.01846e+06,1.17053e+07,0,0,0,0,60.7324,61.3098,1.35882,0,0,1.26284,1.26284,0,0.952177,1.90512,9.16655e+06,4.03458e+06,1.15758e+07,0,0,0,0
78.3242,85.1408,1.97558,0,0,2.65439,2.65439,0,0.497319,4.6872,4.4108e+06,3.01846e+06,1.1708e+07,0,0,0,0,60.6279,61.3098,1.64868,0,0,1.26313,1.26313,0,0.975667,1.90512,9.16655e+06,4.03458e+06,1.15785e+07,0,0,0,0
77.4168,85.1408,1.80724,0,0,2.655,2.655,0,0.497433,4.6872,4.4108e+06,3.01846e+06,1.17107e+07,0,0,0,0,60.2708,61.3098,1.60259,0,0,1.26342,1.26342,0,0.975891,1.90512,9.16655e+06,4.03458e+06,1.15812e+07,0,0,0,0
76.3699,85.1408,1.6581,0,0,2.65561,2.65561,0,0.497547,4.6872,4.4108e+06,3.01846e+06,1.17134e+07,0,0,0,0,60.0455,61.3098,1.41146,0,0,1.26371,1.26371,0,0.976115,1.90512,9.16655e+06,4.03458e+06,1.15838e+07,0,0,0,0
75.2791,85.1408,1.74509,0,0,2.83362,2.83362,0,0.497661,4.6872,4.4108e+06,3.01846e+06,1.24985e+07,0,0,0,0,59.335,61.3098,1.66573,0,0,1.37282,1.37282,0,0.976339,1.90512,9.16655e+06,4.03458e+06,1.2584e+07,0,0,0,0
74.0312,85.1408,1.57314,0,0,2.83427,2.83427,0,0.53102,4.6872,4.4108e+06,3.01846e+06,1.25014e+07,0,0,0,0,58.6932,61.3098,1.10054,0,0,1.37313,1.37313,0,1.06064,1.90512,9.16655e+06,4.03458e+06,1.25869e+07,0,0,0,0
72.6866,85.1408,1.46926,0,0,2.83492,2.83492,0,0.531142,4.6872,4.4108e+06,3.01846e+06,1.25043e+07,0,0,0,0,58.2325,61.3098,1.27025,0,0,1.37345,1.37345,0,1.06088,1.90512,9.16655e+06,4.03458e+06,1.25898e+07,0,0,0,0
71.2657,85.1408,1.38523,0,0,2.83557,2.83557,0,0.531263,4.6872,4.4108e+06,3.01846e+06,1.25071e+07,0,0,0,0,57.7464,61.3098,1.43065,0,0,1.37376,1.37376,0,1.06113,1.90512,9.16655e+06,4.03458e+06,1.25927e+07,0,0,0,0
69.8124,85.1408,1.33831,0,0,2.83622,2.83622,0,0.531385,4.6872,4.4108e+06,3.01846e+06,1.251e+07,0,0,0,0,57.0357,61.3098,1.41164,0,0,1.37408,1.37408,0,1.06137,1.90512,9.16655e+06,4.03458e+06,1.25956e+07,0,0,0,0
68.3086,85.1408,1.27944,0,0,2.75031,2.75031,0,0.531507,4.6872,4.4108e+06,3.01846e+06,1.21311e+07,0,0,0,0,56.3986,61.3098,1.09845,0,0,1.30827,1.30827,0,1.06161,1.90512,9.16655e+06,4.03458e+06,1.19923e+07,0,0,0,0
66.6157,85.1408,1.12577,0,0,2.75094,2.75094,0,0.515408,4.6872,4.4108e+06,3.01846e+06,1.21339e+07,0,0,0,0,56.1443,61.3098,1.23318,0,0,1.30857,1.30857,0,1.01077,1.90512,9.16655e+06,4.03458e+06,1.1995e+07,0,0,0,0
65.0708,85.1408,1.26585,0.01,0,2.75157,2.75157,0,0.515527,4.6872,4.4108e+06,3.01846e+06,1.21367e+07,0,0,0,0,55.8967,61.3098,1.72487,0,0,1.30887,1.30887,0,1.011,1.90512,9.16655e+06,4.03458e+06,1.19978e+07,0,0,0,0
63.406,85.1408,1.12268,0.01,0,2.75221,2.75221,0,0.515645,4.6872,4.4108e+06,3.01846e+06,1.21394e+07,0,0,0,0,55.8851,61.3098,1.37725,0,0,1.30917,1.30917,0,1.01123,1.90512,9.16655e+06,4.03458e+06,1.20005e+07,0,0,0,0
61.883,85.1408,1.18593,0.01,0,2.68172,2.68172,0,0.515763,4.6872,4.4108e+06,3.01846e+06,1.18286e+07,0,0,0,0,55.8742,61.3098,1.94723,0,0,1.24922,1.24922,0,1.01146,1.90512,9.16655e+06,4.03458e+06,1.1451e+07,0,0,0,0
60.274,85.1408,1.17305,0.01,0,2.68234,2.68234,0,0.502555,4.6872,4.4108e+06,3.01846e+06,1.18313e+07,0,0,0,0,55.6618,61.3098,1.43469,0,0,1.24951,1.24951,0,0.965147,1.90512,9.16655e+06,4.03458e+06,1.14537e+07,0,0,0,0
58.4933,85.1408,0.967939,0.01,0,2.68295,2.68295,0,0.50267,4.6872,4.4108e+06,3.01846e+06,1.1834e+07,0,0,0,0,55.6194,61.3098,1.46131,0,0,1.24979,1.24979,0,0.965368,1.90512,9.16655e+06,4.03458e+06,1.14563e+07,0,0,0,0
58.1312,85.1408,2.47655,0.02,0,2.68357,2.68357,0,0.502786,4.6872,4.4108e+06,3.01846e+06,1.18367e+07,0,0,0,0,56.3912,61.3098,4.50528,0,0,1.25008,1.25008,0,0.96559,1.90512,9.16655e+06,4.03458e+06,1.14589e+07,0,0,0,0
58.32,85.1408,2.91709,0.02,0,2.48204,2.48204,0,0.502901,4.6872,4.4108e+06,3.01846e+06,1.09478e+07,0,0,0,0,57.6455,61.3098,3.6937,0,0,1.12477,1.12477,0,0.965811,1.90512,9.16655e+06,4.03458e+06,1.03103e+07,0,0,0,0
57.2457,85.1408,1.58931,0.02,0,2.48261,2.48261,0,0.465134,4.6872,4.4108e+06,3.01846e+06,1.09503e+07,0,0,0,0,58.1462,61.3098,2.76669,0,0,1.12503,1.12503,0,0.868998,1.90512,9.16655e+06,4.03458e+06,1.03126e+07,0,0,0,0
56.6438,85.1408,2.10425,0.02,0,2.48317,2.48317,0,0.46524,4.6872,4.4108e+06,3.01846e+06,1.09528e+07,0,0,0,0,59.0083,61.3098,3.8539,0,0,1.12529,1.12529,0,0.869197,1.90512,9.16655e+06,4.03458e+06,1.0315e+07,0,0,0,0
55.7252,85.1408,1.72171,0.02,0,2.48374,2.48374,0,0.465347,4.6872,4.4108e+06,3.01846e+06,1.09553e+07,0,0,0,0,59.5123,61.3098,2.59002,0,0,1.12555,1.12555,0,0.869397,1.90512,9.16655e+06,4.03458e+06,1.03174e+07,0,0,0,0
54.9155,85.1408,1.81779,0.01,0,2.48431,2.48431,0,0.465454,4.6872,4.4108e+06,3.01846e+06,1.09578e+07,0,0,0,0,60.2517,61.3098,3.1552,0,0,1.1258,1.1258,0,0.869596,1.90512,9.16655e+06,4.03458e+06,1.03197e+07,0,0,0,0
56.2444,85.1408,4.11112,0.01,0,2.56272,2.56272,0,0.46556,4.6872,4.4108e+06,3.01846e+06,1.13037e+07,0,0,0,0,61.6084,61.3098,5.11209,0,0,1.16247,1.16247,0,0.869796,1.90512,9.16655e+06,4.03458e+06,1.06558e+07,0,0,0,0
60.6097,85.1408,7.37297,0.01,0,2.56329,2.56329,0,0.480254,4.6872,4.4108e+06,3.01846e+06,1.13062e+07,0,0,0,0,62.338,61.3098,7.85122,0,0,1.16272,1.16272,0,0.898122,1.90512,9.16655e+06,4.03458e+06,1.06582e+07,0,0,0,0
62.0527,85.1408,4.30387,0,0,2.56385,2.56385,0,0.48036,4.6872,4.4108e+06,3.01846e+06,1.13087e+07,0,0,0,0,62.338,61.3098,5.31572,0,0,1.16298,1.16298,0,0.898321,1.90512,9.16655e+06,4.03458e+06,1.06605e+07,0,0,0,0
62.4078,85.1408,3.17926,0,0,2.56442,2.56442,0,0.480466,4.6872,4.4108e+06,3.01846e+06,1.13112e+07,0,0,0,0,62.338,61.3098,4.58937,0,0,1.16324,1.16324,0,0.89852,1.90512,9.16655e+06,4.03458e+06,1.06629e+07,0,0,0,0
63.4225,85.1408,4.15926,0,0,2.81517,2.81517,0,0.480573,4.6872,4.4108e+06,3.01846e+06,1.24172e+07,0,0,0,0,62.338,61.3098,5.71804,0,0,1.3003,1.3003,0,0.898719,1.90512,9.16655e+06,4.03458e+06,1.19193e+07,0,0,0,0
65.8006,85.1408,5.66212,0,0,2.8158,2.8158,0,0.527564,4.6872,4.4108e+06,3.01846e+06,1.24199e+07,0,0,0,0,62.338,61.3098,5.49571,0,0,1.30059,1.30059,0,1.00461,1.90512,9.16655e+06,4.03458e+06,1.19219e+07,0,0,0,0
68.4881,85.1408,5.95058,0.01,0,2.81642,2.81642,0,0.52768,4.6872,4.4108e+06,3.01846e+06,1.24227e+07,0,0,0,0,62.338,61.3098,5.49334,0,0,1.30088,1.30088,0,1.00483,1.90512,9.16655e+06,4.03458e+06,1.19245e+07,0,0,0,0
70.6881,85.1408,5.4879,0,0,2.81704,2.81704,0,0.527797,4.6872,4.4108e+06,3.01846e+06,1.24254e+07,0,0,0,0,62.338,61.3098,5.23865,0,0,1.30116,1.30116,0,1.00506,1.90512,9.16655e+06,4.03458e+06,1.19272e+07,0,0,0,0
73.3706,85.1408,5.70403,0,0,2.46051,2.46051,0,0.527914,4.6872,4.4108e+06,3.01846e+06,1.08528e+07,0,0,0,0,62.338,61.3098,5.87604,0,0,1.1177,1.1177,0,1.00528,1.90512,9.16655e+06,4.03458e+06,1.02454e+07,0,0,0,0
78.5269,85.1408,8.42376,0,0,2.46106,2.46106,0,0.4611,4.6872,4.4108e+06,3.01846e+06,1.08552e+07,0,0,0,0,62.338,61.3098,7.03361,0,0,1.11795,1.11795,0,0.863535,1.90512,9.16655e+06,4.03458e+06,1.02477e+07,0,0,0,0
83.9354,85.1408,8.74711,0,0,2.4616,2.4616,0,0.461202,4.6872,4.4108e+06,3.01846e+06,1.08576e+07,0,0,0,0,62.338,61.3098,7.08815,0,0,1.11819,1.11819,0,0.863726,1.90512,9.16655e+06,4.03458e+06,1.025e+07,0,0,0,0
85.1408,85.1408,8.09101,0,0,2.46215,2.46215,0,0.461304,4.6872,4.4108e+06,3.01846e+06,1.086e+07,0,0,0,0,62.338,61.3098,6.59049,0,0,1.11844,1.11844,0,0.863917,1.90512,9.16655e+06,4.03458e+06,1.02523e+07,0,0,0,0
85.1408,85.1408,6.93852,0,0,2.46269,2.46269,0,0.461406,4.6872,4.4108e+06,3.01846e+06,1.08625e+07,0,0,0,0,62.338,61.3098,5.26505,0,0,1.11869,1.11869,0,0.864109,1.90512,9.16655e+06,4.03458e+06,1.02545e+07,0,0,0,0
85.1408,85.1408,11.698,0,0,2.55324,2.55324,0,0.461509,4.6872,4.4108e+06,3.01846e+06,1.12618e+07,0,0,0,0,62.338,61.3098,6.25185,0,0,1.16394,1.16394,0,0.8643,1.90512,9.16655e+06,4.03458e+06,1.06693e+07,0,0,0,0
85.1408,85.1408,8.06793,0,0,2.5538,2.5538,0,0.478477,4.6872,4.4108e+06,3.01846e+06,1.12643e+07,0,0,0,0,62.338,61.3098,4.77697,0,0,1.1642,1.1642,0,0.899261,1.90512,9.16655e+06,4.03458e+06,1.06717e+07,0,0,0,0
85.1408,85.1408,6.66622,0,0,2.55437,2.55437,0,0.478583,4.6872,4.4108e+06,3.01846e+06,1.12668e+07,0,0,0,0,62.338,61.3098,4.43574,0,0,1.16446,1.16446,0,0.89946,1.90512,9.16655e+06,4.03458e+06,1.0674e+07,0,0,0,0
85.1408,85.1408,5.87345,0,0,2.55494,2.55494,0,0.478689,4.6872,4.4108e+06,3.01846e+06,1.12693e+07,0,0,0,0,62.338,61.3098,4.09963,0,0,1.16471,1.16471,0,0.899659,1.90512,9.16655e+06,4.03458e+06,1.06764e+07,0,0,0,0
85.1408,85.1408,6.5733,0,0,2.52028,2.52028,0,0.478795,4.6872,4.4108e+06,3.01846e+06,1.11165e+07,0,0,0,0,62.338,61.3098,4.0773,0,0,1.14748,1.14748,0,0.899858,1.90512,9.16655e+06,4.03458e+06,1.05184e+07,0,0,0,0
85.1408,85.1408,6.06425,0,0,2.52084,2.52084,0,0.472301,4.6872,4.4108e+06,3.01846e+06,1.11189e+07,0,0,0,0,62.338,61.3098,3.71794,0,0,1.14773,1.14773,0,0.886542,1.90512,9.16655e+06,4.03458e+06,1.05207e+07,0,0,0,0
85.1408,85.1408,5.45677,0,0,2.5214,2.5214,0,0.472405,4.6872,4.4108e+06,3.01846e+06,1.11214e+07,0,0,0,0,62.338,61.3098,3.1279,0,0,1.14799,1.14799,0,0.886738,1.90512,9.16655e+06,4.03458e+06,1.05231e+07,0,0,0,0
85.1408,85.1408,5.11921,0,0,2.52196,2.52196,0,0.47251,4.6872,4.4108e+06,3.01846e+06,1.11239e+07,0,0,0,0,62.338,61.3098,2.67083,0,0,1.14824,1.14824,0,0.886934,1.90512,9.16655e+06,4.03458e+06,1.05254e+07,0,0,0,0
85.1408,85.1408,4.69082,0,0,2.64218,2.64218,0,0.472615,4.6872,4.4108e+06,3.01846e+06,1.16541e+07,0,0,0,0,62.338,61.3098,2.56558,0,0,1.21059,1.21059,0,0.887131,1.90512,9.16655e+06,4.03458e+06,1.10969e+07,0,0,0,0
85.1408,85.1408,4.46925,0,0,2.64276,2.64276,0,0.495144,4.6872,4.4108e+06,3.01846e+06,1.16567e+07,0,0,0,0,62.338,61.3098,2.77837,0,0,1.21086,1.21086,0,0.935301,1.90512,9.16655e+06,4.03458e+06,1.10994e+07,0,0,0,0
85.1408,85.1408,4.34255,0,0,2.64335,2.64335,0,0.495253,4.6872,4.4108e+06,3.01846e+06,1.16593e+07,0,0,0,0,62.338,61.3098,2.9488,0,0,1.21113,1.21113,0,0.935508,1.90512,9.16655e+06,4.03458e+06,1.11018e+07,0,0,0,0
85.1408,85.1408,3.95109,0,0,2.64393,2.64393,0,0.495363,4.6872,4.4108e+06,3.01846e+06,1.16619e+07,0,0,0,0,62.338,61.3098,2.83514,0,0,1.21139,1.21139,0,0.935716,1.90512,9.16655e+06,4.03458e+06,1.11043e+07,0,0,0,0
85.1408,85.1408,3.76092,0,0,2.64452,2.64452,0,0.495473,4.6872,4.4108e+06,3.01846e+06,1.16644e+07,0,0,0,0,62.338,61.3098,2.89222,0,0,1.21166,1.21166,0,0.935923,1.90512,9.16655e+06,4.03458e+06,1.11068e+07,0,0,0,0
85.1408,85.1408,3.6065,0,0,2.62141,2.62141,0,0.495583,4.6872,4.4108e+06,3.01846e+06,1.15625e+07,0,0,0,0,62.338,61.3098,2.78937,0,0,1.2461,1.2461,0,0.93613,1.90512,9.16655e+06,4.03458e+06,1.14224e+07,0,0,0,0
85.1408,85.1408,3.46746,0,0,2.62199,2.62199,0,0.491253,4.6872,4.4108e+06,3.01846e+06,1.15651e+07,0,0,0,0,62.338,61.3098,2.70619,0,0,1.24637,1.24637,0,0.962734,1.90512,9.16655e+06,4.03458e+06,1.14249e+07,0,0,0,0
85.1408,85.1408,3.29069,0,0,2.62257,2.62257,0,0.491362,4.6872,4.4108e+06,3.01846e+06,1.15677e+07,0,0,0,0,62.338,61.3098,2.57705,0,0,1.24665,1.24665,0,0.962947,1.90512,9.16655e+06,4.03458e+06,1.14275e+07,0,0,0,0
85.1408,85.1408,3.04149,0,0,2.62316,2.62316,0,0.491471,4.6872,4.4108e+06,3.01846e+06,1.15702e+07,0,0,0,0,62.338,61.3098,2.40058,0,0,1.24692,1.24692,0,0.96316,1.90512,9.16655e+06,4.03458e+06,1.143e+07,0,0,0,0
84.9853,85.1408,2.72899,0,0,2.68497,2.68497,0,0.491579,4.6872,4.4108e+06,3.01846e+06,1.18429e+07,0,0,0,0,62.338,61.3098,2.10793,0,0,1.27768,1.27768,0,0.963374,1.90512,9.16655e+06,4.03458e+06,1.17119e+07,0,0,0,0
84.7256,85.1408,2.62274,0,0,2.68556,2.68556,0,0.503163,4.6872,4.4108e+06,3.01846e+06,1.18455e+07,0,0,0,0,62.338,61.3098,2.12932,0,0,1.27796,1.27796,0,0.987133,1.90512,9.16655e+06,4.03458e+06,1.17145e+07,0,0,0,0
84.2445,85.1408,2.37191,0,0,2.68616,2.68616,0,0.503275,4.6872,4.4108e+06,3.01846e+06,1.18481e+07,0,0,0,0,62.2922,61.3098,2.03234,0,0,1.27824,1.27824,0,0.987352,1.90512,9.16655e+06,4.03458e+06,1.17171e+07,0,0,0,0
83.5616,85.1408,2.15995,0,0,2.68675,2.68675,0,0.503386,4.6872,4.4108e+06,3.01846e+06,1.18507e+07,0,0,0,0,62.29,61.3098,1.76779,0,0,1.27853,1.27853,0,0.98757,1.90512,9.16655e+06,4.03458e+06,1.17197e+07,0,0,0,0
82.92,85.1408,2.34286,0,0,2.86683,2.86683,0,0.503498,4.6872,4.4108e+06,3.01846e+06,1.2645e+07,0,0,0,0,62.2799,61.3098,2.18322,0,0,1.38891,1.38891,0,0.987789,1.90512,9.16655e+06,4.03458e+06,1.27315e+07,0,0,0,0
81.9411,85.1408,2.02523,0,0,2.86746,2.86746,0,0.537243,4.6872,4.4108e+06,3.01846e+06,1.26478e+07,0,0,0,0,62.1606,61.3098,1.87656,0,0,1.38922,1.38922,0,1.07307,1.90512,9.16655e+06,4.03458e+06,1.27343e+07,0,0,0,0
80.7475,85.1408,1.81064,0,0,2.8681,2.8681,0,0.537362,4.6872,4.4108e+06,3.01846e+06,1.26506e+07,0,0,0,0,62.0645,61.3098,1.71363,0,0,1.38952,1.38952,0,1.07331,1.90512,9.16655e+06,4.03458e+06,1.27371e+07,0,0,0,0
79.9142,85.1408,2.16318,0,0,2.86873,2.86873,0,0.537481,4.6872,4.4108e+06,3.01846e+06,1.26534e+07,0,0,0,0,61.9705,61.3098,1.81943,0,0,1.38983,1.38983,0,1.07355,1.90512,9.16655e+06,4.03458e+06,1.274e+07,0,0,0,0
78.8333,85.1408,1.90519,0,0,2.86937,2.86937,0,0.5376,4.6872,4.4108e+06,3.01846e+06,1.26562e+07,0,0,0,0,61.8888,61.3098,1.7802,0,0,1.39014,1.39014,0,1.07378,1.90512,9.16655e+06,4.03458e+06,1.27428e+07,0,0,0,0
78.0743,85.1408,2.24287,0,0,2.78244,2.78244,0,0.53772,4.6872,4.4108e+06,3.01846e+06,1.22728e+07,0,0,0,0,61.9347,61.3098,1.92371,0,0,1.32355,1.32355,0,1.07402,1.90512,9.16655e+06,4.03458e+06,1.21324e+07,0,0,0,0
77.193,85.1408,2.17524,0,0,2.78305,2.78305,0,0.521429,4.6872,4.4108e+06,3.01846e+06,1.22755e+07,0,0,0,0,62.0829,61.3098,1.9503,0,0,1.32384,1.32384,0,1.02257,1.90512,9.16655e+06,4.03458e+06,1.21351e+07,0,0,0,0
76.6898,85.1408,2.57555,0,0,2.78367,2.78367,0,0.521544,4.6872,4.4108e+06,3.01846e+06,1.22782e+07,0,0,0,0,62.338,61.3098,3.09164,0,0,1.32413,1.32413,0,1.0228,1.90512,9.16655e+06,4.03458e+06,1.21377e+07,0,0,0,0
76.1242,85.1408,2.50602,0,0,2.78429,2.78429,0,0.52166,4.6872,4.4108e+06,3.01846e+06,1.22809e+07,0,0,0,0,62.338,61.3098,2.83858,0,0,1.32443,1.32443,0,1.02303,1.90512,9.16655e+06,4.03458e+06,1.21404e+07,0,0,0,0
75.3889,85.1408,2.27015,0,0,2.71296,2.71296,0,0.521775,4.6872,4.4108e+06,3.01846e+06,1.19663e+07,0,0,0,0,62.2151,61.3098,3.37156,0,0,1.26377,1.26377,0,1.02325,1.90512,9.16655e+06,4.03458e+06,1.15844e+07,0,0,0,0
73.9401,85.1408,1.56623,0,0,2.71356,2.71356,0,0.508409,4.6872,4.4108e+06,3.01846e+06,1.1969e+07,0,0,0,0,62.338,61.3098,1.74267,0,0,1.26405,1.26405,0,0.97639,1.90512,9.16655e+06,4.03458e+06,1.1587e+07,0,0,0,0
74.0242,85.1408,3.15159,0,0,2.71416,2.71416,0,0.508522,4.6872,4.4108e+06,3.01846e+06,1.19716e+07,0,0,0,0,62.338,61.3098,4.14461,0,0,1.26433,1.26433,0,0.976606,1.90512,9.16655e+06,4.03458e+06,1.15896e+07,0,0,0,0
77.0674,85.1408,6.26569,0,0,2.71477,2.71477,0,0.508635,4.6872,4.4108e+06,3.01846e+06,1.19743e+07,0,0,0,0,62.338,61.3098,8.65255,0,0,1.26461,1.26461,0,0.976822,1.90512,9.16655e+06,4.03458e+06,1.15921e+07,0,0,0,0
79.0795,85.1408,4.96569,0,0,2.51087,2.51087,0,0.508747,4.6872,4.4108e+06,3.01846e+06,1.1075e+07,0,0,0,0,62.338,61.3098,6.17066,0,0,1.13784,1.13784,0,0.977039,1.90512,9.16655e+06,4.03458e+06,1.043e+07,0,0,0,0
81.5206,85.1408,5.523,0,0,2.51143,2.51143,0,0.470537,4.6872,4.4108e+06,3.01846e+06,1.10774e+07,0,0,0,0,62.338,61.3098,5.16444,0,0,1.13809,1.13809,0,0.879093,1.90512,9.16655e+06,4.03458e+06,1.04324e+07,0,0,0,0
83.7264,85.1408,5.27963,0,0,2.51198,2.51198,0,0.470641,4.6872,4.4108e+06,3.01846e+06,1.10799e+07,0,0,0,0,62.338,61.3098,4.87528,0,0,1.13834,1.13834,0,0.879288,1.90512,9.16655e+06,4.03458e+06,1.04347e+07,0,0,0,0
85.1408,85.1408,8.00812,0,0,2.51254,2.51254,0,0.470746,4.6872,4.4108e+06,3.01846e+06,1.10823e+07,0,0,0,0,62.338,61.3098,5.11845,0,0,1.13859,1.13859,0,0.879483,1.90512,9.16655e+06,4.03458e+06,1.0437e+07,0,0,0,0
85.1408,85.1408,6.35753,0,0,2.5131,2.5131,0,0.47085,4.6872,4.4108e+06,3.01846e+06,1.10848e+07,0,0,0,0,62.338,61.3098,4.90737,0,0,1.13885,1.13885,0,0.879678,1.90512,9.16655e+06,4.03458e+06,1.04393e+07,0,0,0,0
85.1408,85.1408,6.91578,0,0,2.59239,2.59239,0,0.470954,4.6872,4.4108e+06,3.01846e+06,1.14345e+07,0,0,0,0,62.338,61.3098,4.1566,0,1,1.17593,1.17593,0,0.879873,1.90512,9.16655e+06,4.03458e+06,1.07792e+07,0,0,0,0
85.1408,85.1408,4.55341,0,0,2.59294,2.59294,0,0.485814,4.6872,4.4108e+06,3.01846e+06,1.1437e+07,0,0,0,0,62.338,61.3098,3.66917,0,1,1.17618,1.17618,0,0.90852,1.90512,9.16655e+06,4.03458e+06,1.07815e+07,0,0,0,0
85.1408,85.1408,6.58786,0,0,2.5935,2.5935,0,0.485917,4.6872,4.4108e+06,3.01846e+06,1.14394e+07,0,0,0,0,62.338,61.3098,5.13716,0,1,1.17643,1.17643,0,0.908714,1.90512,9.16655e+06,4.03458e+06,1.07838e+07,0,0,0,0
85.1408,85.1408,11.0607,0,0,2.59405,2.59405,0,0.486021,4.6872,4.4108e+06,3.01846e+06,1.14418e+07,0,0,0,0,62.338,61.3098,9.02197,0,1,1.17668,1.17668,0,0.908909,1.90512,9.16655e+06,4.03458e+06,1.07861e+07,0,0,0,0
85.1408,85.1408,13.24,0,0,2.84768,2.84768,0,0.486125,4.6872,4.4108e+06,3.01846e+06,1.25605e+07,0,0,0,0,62.338,61.3098,8.11851,0,1,1.31531,1.31531,0,0.909103,1.90512,9.16655e+06,4.03458e+06,1.20569e+07,0,0,0,0
85.1408,85.1408,8.83324,0,0,2.84829,2.84829,0,0.533655,4.6872,4.4108e+06,3.01846e+06,1.25632e+07,0,0,0,0,62.338,61.3098,8.72233,0,1,1.31559,1.31559,0,1.01621,1.90512,9.16655e+06,4.03458e+06,1.20595e+07,0,0,0,0
85.1408,85.1408,8.38025,0,0,2.84889,2.84889,0,0.533769,4.6872,4.4108e+06,3.01846e+06,1.25659e+07,0,0,0,0,62.338,61.3098,7.77628,0,1,1.31588,1.31588,0,1.01643,1.90512,9.16655e+06,4.03458e+06,1.2062e+07,0,0,0,0
85.1408,85.1408,11.9128,0,0,2.8495,2.8495,0,0.533883,4.6872,4.4108e+06,3.01846e+06,1.25686e+07,0,0,0,0,62.338,61.3098,12.0423,0,1,1.31616,1.31616,0,1.01665,1.90512,9.16655e+06,4.03458e+06,1.20646e+07,0,0,0,0
85.1408,85.1408,12.0944,0,0,2.48884,2.48884,0,0.533997,4.6872,4.4108e+06,3.01846e+06,1.09778e+07,0,0,0,0,62.338,61.3098,13.8858,0,1,1.13057,1.13057,0,1.01686,1.90512,9.16655e+06,4.03458e+06,1.03634e+07,0,0,0,0
85.1408,85.1408,5.92575,0,0,2.48937,2.48937,0,0.466409,4.6872,4.4108e+06,3.01846e+06,1.09801e+07,0,0,0,0,62.338,61.3098,3.84071,0,1,1.13081,1.13081,0,0.873477,1.90512,9.16655e+06,4.03458e+06,1.03656e+07,0,0,0,0
85.1408,85.1408,5.08544,0,0,2.48991,2.48991,0,0.466509,4.6872,4.4108e+06,3.01846e+06,1.09825e+07,0,0,0,0,62.338,61.3098,4.21703,0,1,1.13105,1.13105,0,0.873664,1.90512,9.16655e+06,4.03458e+06,1.03678e+07,0,0,0,0
85.1408,85.1408,7.50126,0,0,2.49044,2.49044,0,0.466608,4.6872,4.4108e+06,3.01846e+06,1.09848e+07,0,0,0,0,62.338,61.3098,5.1531,0,1,1.13129,1.13129,0,0.873851,1.90512,9.16655e+06,4.03458e+06,1.03701e+07,0,0,0,0
85.1408,85.1408,7.27195,0,0,2.49097,2.49097,0,0.466708,4.6872,4.4108e+06,3.01846e+06,1.09872e+07,0,0,0,0,62.338,61.3098,7.783,0,1,1.13154,1.13154,0,0.874037,1.90512,9.16655e+06,4.03458e+06,1.03723e+07,0,0,0,0
85.1408,85.1408,7.67955,0,0,2.58254,2.58254,0,0.466808,4.6872,4.4108e+06,3.01846e+06,1.13911e+07,0,0,0,0,62.338,61.3098,6.37911,0,1,1.1773,1.1773,0,0.874224,1.90512,9.16655e+06,4.03458e+06,1.07917e+07,0,0,0,0
85.1408,85.1408,7.39775,0,0,2.58309,2.58309,0,0.483967,4.6872,4.4108e+06,3.01846e+06,1.13935e+07,0,0,0,0,62.338,61.3098,6.77834,0,1,1.17755,1.17755,0,0.909579,1.90512,9.16655e+06,4.03458e+06,1.0794e+07,0,0,0,0
85.1408,85.1408,5.84015,0,0,2.58364,2.58364,0,0.484071,4.6872,4.4108e+06,3.01846e+06,1.13959e+07,0,0,0,0,62.338,61.3098,5.88625,0,1,1.1778,1.1778,0,0.909773,1.90512,9.16655e+06,4.03458e+06,1.07964e+07,0,0,0,0
85.1408,85.1408,5.40373,0,0,2.58419,2.58419,0,0.484174,4.6872,4.4108e+06,3.01846e+06,1.13984e+07,0,0,0,0,62.338,61.3098,5.23923,0,1,1.17805,1.17805,0,0.909968,1.90512,9.16655e+06,4.03458e+06,1.07987e+07,0,0,0,0
85.1408,85.1408,4.40305,0,0,2.54912,2.54912,0,0.484277,4.6872,4.4108e+06,3.01846e+06,1.12437e+07,0,0,0,0,62.338,61.3098,4.38149,0,1,1.16061,1.16061,0,0.910162,1.90512,9.16655e+06,4.03458e+06,1.06388e+07,0,0,0,0
85.1408,85.1408,3.28732,0,0,2.54966,2.54966,0,0.477705,4.6872,4.4108e+06,3.01846e+06,1.12461e+07,0,0,0,0,62.338,61.3098,3.93821,0,1,1.16086,1.16086,0,0.896686,1.90512,9.16655e+06,4.03458e+06,1.0641e+07,0,0,0,0
85.1408,85.1408,4.74568,0,0,2.55021,2.55021,0,0.477807,4.6872,4.4108e+06,3.01846e+06,1.12485e+07,0,0,0,0,62.338,61.3098,4.4783,0,1,1.1611,1.1611,0,0.896878,1.90512,9.16655e+06,4.03458e+06,1.06433e+07,0,0,0,0
85.1408,85.1408,3.59088,0,0,2.55075,2.55075,0,0.477909,4.6872,4.4108e+06,3.01846e+06,1.12509e+07,0,0,0,0,62.338,61.3098,4.05518,0,1,1.16135,1.16135,0,0.897069,1.90512,9.16655e+06,4.03458e+06,1.06456e+07,0,0,0,0
85.0078,85.1408,2.91849,0,0,2.67232,2.67232,0,0.478011,4.6872,4.4108e+06,3.01846e+06,1.17871e+07,0,0,0,0,62.338,61.3098,3.54758,0,1,1.2244,1.2244,0,0.897261,1.90512,9.16655e+06,4.03458e+06,1.12235e+07,0,0,0,0
84.9346,85.1408,2.90907,0,0,2.6729,2.6729,0,0.500794,4.6872,4.4108e+06,3.01846e+06,1.17896e+07,0,0,0,0,62.338,61.3098,3.58947,0,1,1.22466,1.22466,0,0.945974,1.90512,9.16655e+06,4.03458e+06,1.12259e+07,0,0,0,0
84.8101,85.1408,2.84037,0,0,2.67347,2.67347,0,0.500901,4.6872,4.4108e+06,3.01846e+06,1.17921e+07,0,0,0,0,62.338,61.3098,3.32171,0,1,1.22493,1.22493,0,0.946176,1.90512,9.16655e+06,4.03458e+06,1.12283e+07,0,0,0,0
84.3884,85.1408,2.52943,0,0,2.67404,2.67404,0,0.501008,4.6872,4.4108e+06,3.01846e+06,1.17947e+07,0,0,0,0,62.338,61.3098,3.03474,0,1,1.22519,1.22519,0,0.946378,1.90512,9.16655e+06,4.03458e+06,1.12307e+07,0,0,0,0
83.8855,85.1408,2.38238,0,0,2.67461,2.67461,0,0.501115,4.6872,4.4108e+06,3.01846e+06,1.17972e+07,0,0,0,0,62.338,61.3098,2.91829,0,1,1.22545,1.22545,0,0.94658,1.90512,9.16655e+06,4.03458e+06,1.12331e+07,0,0,0,0
83.9363,85.1408,2.9745,0,0,2.65122,2.65122,0,0.501222,4.6872,4.4108e+06,3.01846e+06,1.1694e+07,0,0,0,0,62.338,61.3098,3.74761,0,1,1.26027,1.26027,0,0.946782,1.90512,9.16655e+06,4.03458e+06,1.15523e+07,0,0,0,0
84.3139,85.1408,3.31586,0,0,2.65179,2.65179,0,0.496839,4.6872,4.4108e+06,3.01846e+06,1.16965e+07,0,0,0,0,62.338,61.3098,4.26634,0,1,1.26053,1.26053,0,0.973681,1.90512,9.16655e+06,4.03458e+06,1.15548e+07,0,0,0,0
84.5394,85.1408,3.14504,0,0,2.65235,2.65235,0,0.496945,4.6872,4.4108e+06,3.01846e+06,1.1699e+07,0,0,0,0,62.338,61.3098,4.12853,0,1,1.2608,1.2608,0,0.973889,1.90512,9.16655e+06,4.03458e+06,1.15572e+07,0,0,0,0
84.5604,85.1408,2.92843,0,0,2.65292,2.65292,0,0.497051,4.6872,4.4108e+06,3.01846e+06,1.17015e+07,0,0,0,0,62.338,61.3098,3.82023,0,1,1.26107,1.26107,0,0.974097,1.90512,9.16655e+06,4.03458e+06,1.15597e+07,0,0,0,0
84.3355,85.1408,2.72082,0,0,2.71542,2.71542,0,0.497157,4.6872,4.4108e+06,3.01846e+06,1.19772e+07,0,0,0,0,62.338,61.3098,3.44464,0,1,1.29216,1.29216,0,0.974306,1.90512,9.16655e+06,4.03458e+06,1.18447e+07,0,0,0,0
84.0588,85.1408,2.65803,0,0,2.716,2.716,0,0.508869,4.6872,4.4108e+06,3.01846e+06,1.19797e+07,0,0,0,0,62.338,61.3098,3.01045,0,1,1.29244,1.29244,0,0.998327,1.90512,9.16655e+06,4.03458e+06,1.18472e+07,0,0,0,0
83.6533,85.1408,2.50795,0,0,2.71658,2.71658,0,0.508978,4.6872,4.4108e+06,3.01846e+06,1.19823e+07,0,0,0,0,62.338,61.3098,3.0633,0,1,1.29272,1.29272,0,0.99854,1.90512,9.16655e+06,4.03458e+06,1.18498e+07,0,0,0,0
83.0962,85.1408,2.34695,0,0,2.71716,2.71716,0,0.509086,4.6872,4.4108e+06,3.01846e+06,1.19848e+07,0,0,0,0,62.338,61.3098,2.81167,0,1,1.29299,1.29299,0,0.998753,1.90512,9.16655e+06,4.03458e+06,1.18523e+07,0,0,0,0
82.3588,85.1408,2.30681,0,0,2.89924,2.89924,0,0.509195,4.6872,4.4108e+06,3.01846e+06,1.2788e+07,0,0,0,0,62.338,61.3098,3.01541,0,1,1.40461,1.40461,0,0.998967,1.90512,9.16655e+06,4.03458e+06,1.28755e+07,0,0,0,0
81.8308,85.1408,2.50079,0,0,2.89986,2.89986,0,0.543318,4.6872,4.4108e+06,3.01846e+06,1.27907e+07,0,0,0,0,62.338,61.3098,3.04852,0,1,1.40491,1.40491,0,1.08521,1.90512,9.16655e+06,4.03458e+06,1.28782e+07,0,0,0,0
81.581,85.1408,2.80575,0,0,2.90048,2.90048,0,0.543434,4.6872,4.4108e+06,3.01846e+06,1.27935e+07,0,0,0,0,62.338,61.3098,3.60317,0,1,1.40522,1.40522,0,1.08544,1.90512,9.16655e+06,4.03458e+06,1.2881e+07,0,0,0,0
80.782,85.1408,2.2702,0,0,2.9011,2.9011,0,0.54355,4.6872,4.4108e+06,3.01846e+06,1.27962e+07,0,0,0,0,62.338,61.3098,2.7056,0,1,1.40552,1.40552,0,1.08567,1.90512,9.16655e+06,4.03458e+06,1.28837e+07,0,0,0,0
80.4414,85.1408,2.70301,0,0,2.90172,2.90172,0,0.543667,4.6872,4.4108e+06,3.01846e+06,1.27989e+07,0,0,0,0,62.338,61.3098,4.44002,0,1,1.40582,1.40582,0,1.0859,1.90512,9.16655e+06,4.03458e+06,1.28865e+07,0,0,0,0
79.393,85.1408,1.85791,0,0,2.81379,2.81379,0,0.543783,4.6872,4.4108e+06,3.01846e+06,1.24111e+07,0,0,0,0,62.338,61.3098,2.79535,0,1,1.33846,1.33846,0,1.08613,1.90512,9.16655e+06,4.03458e+06,1.22691e+07,0,0,0,0
77.989,85.1408,1.47693,0,0,2.81439,2.81439,0,0.527304,4.6872,4.4108e+06,3.01846e+06,1.24137e+07,0,0,0,0,62.1825,61.3098,1.85032,0,1,1.33875,1.33875,0,1.0341,1.90512,9.16655e+06,4.03458e+06,1.22717e+07,0,0,0,0
77.0533,85.1408,1.96102,0,0,2.81499,2.81499,0,0.527417,4.6872,4.4108e+06,3.01846e+06,1.24164e+07,0,0,0,0,62.1681,61.3098,2.52172,0,1,1.33903,1.33903,0,1.03432,1.90512,9.16655e+06,4.03458e+06,1.22743e+07,0,0,0,0
76.6908,85.1408,2.60375,0,0,2.81559,2.81559,0,0.527529,4.6872,4.4108e+06,3.01846e+06,1.2419e+07,0,0,0,0,62.338,61.3098,3.54176,0,1,1.33932,1.33932,0,1.03454,1.90512,9.16655e+06,4.03458e+06,1.22769e+07,0,0,0,0
75.9305,85.1408,2.18307,0,0,2.74345,2.74345,0,0.527642,4.6872,4.4108e+06,3.01846e+06,1.21008e+07,0,0,0,0,62.2861,61.3098,2.24256,0,1,1.27797,1.27797,0,1.03476,1.90512,9.16655e+06,4.03458e+06,1.17146e+07,0,0,0,0
74.9276,85.1408,1.85879,0,0,2.74403,2.74403,0,0.514122,4.6872,4.4108e+06,3.01846e+06,1.21034e+07,0,0,0,0,61.9166,61.3098,1.7008,0,1,1.27824,1.27824,0,0.987361,1.90512,9.16655e+06,4.03458e+06,1.17171e+07,0,0,0,0
73.9702,85.1408,1.97625,0,0,2.74462,2.74462,0,0.514232,4.6872,4.4108e+06,3.01846e+06,1.2106e+07,0,0,0,0,61.838,61.3098,1.26066,0,1,1.27852,1.27852,0,0.987572,1.90512,9.16655e+06,4.03458e+06,1.17196e+07,0,0,0,0
73.3335,85.1408,2.3064,0,0,2.74521,2.74521,0,0.514342,4.6872,4.4108e+06,3.01846e+06,1.21086e+07,0,0,0,0,62.1069,61.3098,2.78852,0,1,1.27879,1.27879,0,0.987783,1.90512,9.16655e+06,4.03458e+06,1.17221e+07,0,0,0,0
76.5262,85.1408,6.18679,0,0,2.539,2.539,0,0.514451,4.6872,4.4108e+06,3.01846e+06,1.1199e+07,0,0,0,0,62.338,61.3098,5.62664,0,1,1.15059,1.15059,0,0.987994,1.90512,9.16655e+06,4.03458e+06,1.05469e+07,0,0,0,0
77.6867,85.1408,4.1695,0,0,2.53955,2.53955,0,0.475809,4.6872,4.4108e+06,3.01846e+06,1.12014e+07,0,0,0,0,62.338,61.3098,4.65101,0,1,1.15083,1.15083,0,0.888943,1.90512,9.16655e+06,4.03458e+06,1.05492e+07,0,0,0,0
79.5362,85.1408,4.90173,0,0,2.54009,2.54009,0,0.475911,4.6872,4.4108e+06,3.01846e+06,1.12038e+07,0,0,0,0,62.338,61.3098,6.77243,0,1,1.15108,1.15108,0,0.889133,1.90512,9.16655e+06,4.03458e+06,1.05514e+07,0,0,0,0
84.0301,85.1408,7.56462,0,0,2.54063,2.54063,0,0.476012,4.6872,4.4108e+06,3.01846e+06,1.12062e+07,0,0,0,0,62.338,61.3098,7.35534,0,1,1.15132,1.15132,0,0.889323,1.90512,9.16655e+06,4.03458e+06,1.05537e+07,0,0,0,0
85.1408,85.1408,8.19226,0,0,2.54117,2.54117,0,0.476114,4.6872,4.4108e+06,3.01846e+06,1.12086e+07,0,0,0,0,62.338,61.3098,7.70621,0,1,1.15157,1.15157,0,0.889513,1.90512,9.16655e+06,4.03458e+06,1.05559e+07,0,0,0,0
85.1408,85.1408,11.7707,0,0,2.62133,2.62133,0,0.476216,4.6872,4.4108e+06,3.01846e+06,1.15622e+07,0,0,0,0,62.338,61.3098,9.50664,0,1,1.18905,1.18905,0,0.889703,1.90512,9.16655e+06,4.03458e+06,1.08995e+07,0,0,0,0
85.1408,85.1408,4.91865,0,0,2.62187,2.62187,0,0.491238,4.6872,4.4108e+06,3.01846e+06,1.15646e+07,0,0,0,0,62.338,61.3098,7.47698,0,1,1.1893,1.1893,0,0.918664,1.90512,9.16655e+06,4.03458e+06,1.09018e+07,0,0,0,0
85.1408,85.1408,4.19907,0,0,2.62241,2.62241,0,0.491339,4.6872,4.4108e+06,3.01846e+06,1.15669e+07,0,0,0,0,62.338,61.3098,6.28702,0,1,1.18954,1.18954,0,0.918853,1.90512,9.16655e+06,4.03458e+06,1.0904e+07,0,0,0,0
85.1408,85.1408,5.25306,0,0,2.62295,2.62295,0,0.49144,4.6872,4.4108e+06,3.01846e+06,1.15693e+07,0,0,0,0,62.338,61.3098,7.72533,0,1,1.18979,1.18979,0,0.919042,1.90512,9.16655e+06,4.03458e+06,1.09063e+07,0,0,0,0
85.1408,85.1408,3.96032,0,0,2.87938,2.87938,0,0.491541,4.6872,4.4108e+06,3.01846e+06,1.27004e+07,0,0,0,0,62.338,61.3098,5.7418,0,1,1.32996,1.32996,0,0.919231,1.90512,9.16655e+06,4.03458e+06,1.21911e+07,0,0,0,0
85.1408,85.1408,5.99333,0,0,2.87997,2.87997,0,0.539596,4.6872,4.4108e+06,3.01846e+06,1.2703e+07,0,0,0,0,62.338,61.3098,5.54855,0,1,1.33023,1.33023,0,1.02752,1.90512,9.16655e+06,4.03458e+06,1.21936e+07,0,0,0,0
85.1408,85.1408,6.38582,0,0,2.88057,2.88057,0,0.539707,4.6872,4.4108e+06,3.01846e+06,1.27056e+07,0,0,0,0,62.338,61.3098,5.3129,0,1,1.3305,1.3305,0,1.02774,1.90512,9.16655e+06,4.03458e+06,1.21961e+07,0,0,0,0
85.1408,85.1408,5.81028,0,0,2.88116,2.88116,0,0.539818,4.6872,4.4108e+06,3.01846e+06,1.27082e+07,0,0,0,0,62.338,61.3098,6.11748,0,1,1.33078,1.33078,0,1.02795,1.90512,9.16655e+06,4.03458e+06,1.21986e+07,0,0,0,0
85.1408,85.1408,5.12593,0,0,2.51647,2.51647,0,0.539929,4.6872,4.4108e+06,3.01846e+06,1.10997e+07,0,0,0,0,62.338,61.3098,6.25401,0,1,1.14312,1.14312,0,1.02816,1.90512,9.16655e+06,4.03458e+06,1.04785e+07,0,0,0,0
85.1408,85.1408,5.66649,0,0,2.51699,2.51699,0,0.471587,4.6872,4.4108e+06,3.01846e+06,1.1102e+07,0,0,0,0,62.338,61.3098,4.68331,0,1,1.14336,1.14336,0,0.883175,1.90512,9.16655e+06,4.03458e+06,1.04806e+07,0,0,0,0
85.1408,85.1408,5.00479,0,0,2.51751,2.51751,0,0.471684,4.6872,4.4108e+06,3.01846e+06,1.11042e+07,0,0,0,0,62.338,61.3098,4.28661,0,1,1.14359,1.14359,0,0.883356,1.90512,9.16655e+06,4.03458e+06,1.04828e+07,0,0,0,0
85.1408,85.1408,7.80504,0,0,2.51803,2.51803,0,0.471781,4.6872,4.4108e+06,3.01846e+06,1.11065e+07,0,0,0,0,62.338,61.3098,6.62763,0,1,1.14383,1.14383,0,0.883538,1.90512,9.16655e+06,4.03458e+06,1.04849e+07,0,0,0,0
85.1408,85.1408,8.51548,0,0,2.51855,2.51855,0,0.471878,4.6872,4.4108e+06,3.01846e+06,1.11088e+07,0,0,0,0,62.338,61.3098,6.72709,0,1,1.14406,1.14406,0,0.88372,1.90512,9.16655e+06,4.03458e+06,1.04871e+07,0,0,0,0
85.1408,85.1408,8.94313,0,0,2.61111,2.61111,0,0.471975,4.6872,4.4108e+06,3.01846e+06,1.15171e+07,0,0,0,0,62.338,61.3098,6.75031,0,1,1.19032,1.19032,0,0.883902,1.90512,9.16655e+06,4.03458e+06,1.09111e+07,0,0,0,0
85.1408,85.1408,5.51831,0,0,2.61164,2.61164,0,0.489321,4.6872,4.4108e+06,3.01846e+06,1.15194e+07,0,0,0,0,62.338,61.3098,3.31978,0,1,1.19057,1.19057,0,0.919641,1.90512,9.16655e+06,4.03458e+06,1.09134e+07,0,0,0,0
85.1408,85.1408,5.28279,0,0,2.61218,2.61218,0,0.489422,4.6872,4.4108e+06,3.01846e+06,1.15218e+07,0,0,0,0,62.338,61.3098,3.4158,0,1,1.19081,1.19081,0,0.919831,1.90512,9.16655e+06,4.03458e+06,1.09156e+07,0,0,0,0
85.1408,85.1408,4.73022,0,0,2.61272,2.61272,0,0.489523,4.6872,4.4108e+06,3.01846e+06,1.15242e+07,0,0,0,0,62.338,61.3098,3.3127,0,1,1.19106,1.19106,0,0.92002,1.90512,9.16655e+06,4.03458e+06,1.09179e+07,0,0,0,0
85.1408,85.1408,4.0647,0,0,2.57724,2.57724,0,0.489624,4.6872,4.4108e+06,3.01846e+06,1.13677e+07,0,0,0,0,62.338,61.3098,2.84645,0,1,1.17341,1.17341,0,0.92021,1.90512,9.16655e+06,4.03458e+06,1.07561e+07,0,0,0,0
85.1408,85.1408,3.75476,0,0,2.57777,2.57777,0,0.482975,4.6872,4.4108e+06,3.01846e+06,1.137e+07,0,0,0,0,62.338,61.3098,2.71596,0,1,1.17365,1.17365,0,0.906578,1.90512,9.16655e+06,4.03458e+06,1.07583e+07,0,0,0,0
85.1408,85.1408,3.31057,0,0,2.5783,2.5783,0,0.483074,4.6872,4.4108e+06,3.01846e+06,1.13724e+07,0,0,0,0,62.338,61.3098,2.54565,0,1,1.17389,1.17389,0,0.906764,1.90512,9.16655e+06,4.03458e+06,1.07606e+07,0,0,0,0
85.1408,85.1408,3.7514,0,0,2.57883,2.57883,0,0.483174,4.6872,4.4108e+06,3.01846e+06,1.13747e+07,0,0,0,0,62.338,61.3098,2.45386,0,1,1.17414,1.17414,0,0.906951,1.90512,9.16655e+06,4.03458e+06,1.07628e+07,0,0,0,0
85.1408,85.1408,3.27225,0,0,2.70172,2.70172,0,0.483273,4.6872,4.4108e+06,3.01846e+06,1.19168e+07,0,0,0,0,62.338,61.3098,2.31506,0,1,1.23787,1.23787,0,0.907138,1.90512,9.16655e+06,4.03458e+06,1.1347e+07,0,0,0,0
85.0818,85.1408,3.03146,0,0,2.70228,2.70228,0,0.506302,4.6872,4.4108e+06,3.01846e+06,1.19192e+07,0,0,0,0,62.1359,61.3098,2.14338,0,1,1.23813,1.23813,0,0.956379,1.90512,9.16655e+06,4.03458e+06,1.13493e+07,0,0,0,0
84.8694,85.1408,2.75311,0,0,2.70283,2.70283,0,0.506407,4.6872,4.4108e+06,3.01846e+06,1.19217e+07,0,0,0,0,62.1922,61.3098,1.91894,0,1,1.23838,1.23838,0,0.956576,1.90512,9.16655e+06,4.03458e+06,1.13517e+07,0,0,0,0
84.5463,85.1408,2.62756,0,0,2.70339,2.70339,0,0.506511,4.6872,4.4108e+06,3.01846e+06,1.19241e+07,0,0,0,0,62.3355,61.3098,1.84283,0,1,1.23864,1.23864,0,0.956773,1.90512,9.16655e+06,4.03458e+06,1.1354e+07,0,0,0,0
84.1199,85.1408,2.51539,0,0,2.70395,2.70395,0,0.506615,4.6872,4.4108e+06,3.01846e+06,1.19266e+07,0,0,0,0,62.2841,61.3098,1.99714,0,1,1.23889,1.23889,0,0.95697,1.90512,9.16655e+06,4.03458e+06,1.13564e+07,0,0,0,0
83.3165,85.1408,2.10444,0,0,2.68028,2.68028,0,0.50672,4.6872,4.4108e+06,3.01846e+06,1.18222e+07,0,0,0,0,62.1988,61.3098,1.79035,0,1,1.27408,1.27408,0,0.957167,1.90512,9.16655e+06,4.03458e+06,1.16789e+07,0,0,0,0
82.1201,85.1408,1.66533,0,0,2.68083,2.68083,0,0.502285,4.6872,4.4108e+06,3.01846e+06,1.18246e+07,0,0,0,0,62.0085,61.3098,1.56765,0,1,1.27434,1.27434,0,0.984353,1.90512,9.16655e+06,4.03458e+06,1.16813e+07,0,0,0,0
80.7913,85.1408,1.52376,0,0,2.68138,2.68138,0,0.502388,4.6872,4.4108e+06,3.01846e+06,1.18271e+07,0,0,0,0,61.6556,61.3098,1.58079,0,1,1.2746,1.2746,0,0.984556,1.90512,9.16655e+06,4.03458e+06,1.16837e+07,0,0,0,0
79.3301,85.1408,1.37598,0,0,2.68194,2.68194,0,0.502492,4.6872,4.4108e+06,3.01846e+06,1.18295e+07,0,0,0,0,61.2654,61.3098,1.39975,0,1,1.27487,1.27487,0,0.984759,1.90512,9.16655e+06,4.03458e+06,1.16861e+07,0,0,0,0
77.792,85.1408,1.31049,0,0,2.74509,2.74509,0,0.502595,4.6872,4.4108e+06,3.01846e+06,1.21081e+07,0,0,0,0,60.8574,61.3098,1.36853,0,1,1.30629,1.30629,0,0.984962,1.90512,9.16655e+06,4.03458e+06,1.19741e+07,0,0,0,0
76.1803,85.1408,1.22715,0,0,2.74566,2.74566,0,0.51443,4.6872,4.4108e+06,3.01846e+06,1.21106e+07,0,0,0,0,60.6122,61.3098,1.52423,0,1,1.30656,1.30656,0,1.00924,1.90512,9.16655e+06,4.03458e+06,1.19766e+07,0,0,0,0
74.5197,85.1408,1.15719,0,0,2.74622,2.74622,0,0.514536,4.6872,4.4108e+06,3.01846e+06,1.21131e+07,0,0,0,0,60.2533,61.3098,1.59677,0,1,1.30683,1.30683,0,1.00945,1.90512,9.16655e+06,4.03458e+06,1.19791e+07,0,0,0,0
72.7999,85.1408,1.08306,0,0,2.74679,2.74679,0,0.514642,4.6872,4.4108e+06,3.01846e+06,1.21155e+07,0,0,0,0,59.9473,61.3098,1.46315,0,1,1.30709,1.30709,0,1.00965,1.90512,9.16655e+06,4.03458e+06,1.19815e+07,0,0,0,0
70.9276,85.1408,1.064,0,0,2.93084,2.93084,0,0.514748,4.6872,4.4108e+06,3.01846e+06,1.29274e+07,0,0,0,0,59.4726,61.3098,1.56626,0,1,1.41992,1.41992,0,1.00986,1.90512,9.16655e+06,4.03458e+06,1.30158e+07,0,0,0,0
68.8598,85.1408,0.836139,0,0,2.93144,2.93144,0,0.549239,4.6872,4.4108e+06,3.01846e+06,1.293e+07,0,0,0,0,58.8282,61.3098,1.45117,0,1,1.42021,1.42021,0,1.09703,1.90512,9.16655e+06,4.03458e+06,1.30185e+07,0,0,0,0
66.5259,85.1408,0.545641,0,0,2.93205,2.93205,0,0.549352,4.6872,4.4108e+06,3.01846e+06,1.29327e+07,0,0,0,0,58.1073,61.3098,1.24557,0,1,1.42051,1.42051,0,1.09726,1.90512,9.16655e+06,4.03458e+06,1.30211e+07,0,0,0,0
64.2231,85.1408,0.552273,0.01,0,2.93265,2.93265,0,0.549465,4.6872,4.4108e+06,3.01846e+06,1.29353e+07,0,0,0,0,57.5744,61.3098,1.19446,0,1,1.4208,1.4208,0,1.09748,1.90512,9.16655e+06,4.03458e+06,1.30238e+07,0,0,0,0
62.1866,85.1408,0.813964,0.01,0,2.93325,2.93325,0,0.549579,4.6872,4.4108e+06,3.01846e+06,1.2938e+07,0,0,0,0,57.1308,61.3098,1.4342,0,1,1.42109,1.42109,0,1.09771,1.90512,9.16655e+06,4.03458e+06,1.30265e+07,0,0,0,0
60.552,85.1408,1.17961,0.01,0,2.84434,2.84434,0,0.549692,4.6872,4.4108e+06,3.01846e+06,1.25458e+07,0,0,0,0,56.7966,61.3098,1.60631,0,1,1.353,1.353,0,1.09794,1.90512,9.16655e+06,4.03458e+06,1.24023e+07,0,0,0,0
59.1395,85.1408,1.39784,0.01,0,2.84493,2.84493,0,0.53303,4.6872,4.4108e+06,3.01846e+06,1.25484e+07,0,0,0,0,56.7525,61.3098,1.67023,0,1,1.35327,1.35327,0,1.04532,1.90512,9.16655e+06,4.03458e+06,1.24049e+07,0,0,0,0
57.5652,85.1408,1.20705,0.02,0,2.84551,2.84551,0,0.53314,4.6872,4.4108e+06,3.01846e+06,1.2551e+07,0,0,0,0,56.8276,61.3098,2.72274,0,1,1.35355,1.35355,0,1.04554,1.90512,9.16655e+06,4.03458e+06,1.24074e+07,0,0,0,0
55.8611,85.1408,1.06122,0.02,0,2.8461,2.8461,0,0.533249,4.6872,4.4108e+06,3.01846e+06,1.25536e+07,0,0,0,0,56.4437,61.3098,1.5624,0,1,1.35383,1.35383,0,1.04575,1.90512,9.16655e+06,4.03458e+06,1.241e+07,0,0,0,0
54.208,85.1408,1.02705,0.02,0,2.77315,2.77315,0,0.533359,4.6872,4.4108e+06,3.01846e+06,1.22318e+07,0,0,0,0,56.0044,61.3098,1.43348,0,1,1.29181,1.29181,0,1.04597,1.90512,9.16655e+06,4.03458e+06,1.18414e+07,0,0,0,0
52.7802,85.1408,1.2595,0.02,0,2.77372,2.77372,0,0.519688,4.6872,4.4108e+06,3.01846e+06,1.22343e+07,0,0,0,0,55.6604,61.3098,1.32129,0,1,1.29207,1.29207,0,0.998051,1.90512,9.16655e+06,4.03458e+06,1.18439e+07,0,0,0,0
51.1718,85.1408,1.02879,0.02,0,2.77429,2.77429,0,0.519795,4.6872,4.4108e+06,3.01846e+06,1.22369e+07,0,0,0,0,55.4993,61.3098,1.32421,0,1,1.29234,1.29234,0,0.998256,1.90512,9.16655e+06,4.03458e+06,1.18463e+07,0,0,0,0
51.0931,85.1408,2.62882,0.02,0,2.77486,2.77486,0,0.519902,4.6872,4.4108e+06,3.01846e+06,1.22394e+07,0,0,0,0,56.0622,61.3098,4.08154,0,1,1.29261,1.29261,0,0.998462,1.90512,9.16655e+06,4.03458e+06,1.18487e+07,0,0,0,0
51.5941,85.1408,3.09581,0.02,0,2.56641,2.56641,0,0.520009,4.6872,4.4108e+06,3.01846e+06,1.13199e+07,0,0,0,0,57.0739,61.3098,3.33341,0,1,1.16301,1.16301,0,0.998668,1.90512,9.16655e+06,4.03458e+06,1.06608e+07,0,0,0,0
51.0525,85.1408,2.01692,0.02,0,2.56694,2.56694,0,0.480946,4.6872,4.4108e+06,3.01846e+06,1.13223e+07,0,0,0,0,57.7274,61.3098,3.42192,0,1,1.16325,1.16325,0,0.89854,1.90512,9.16655e+06,4.03458e+06,1.0663e+07,0,0,0,0
50.9653,85.1408,2.4851,0.02,0,2.56747,2.56747,0,0.481045,4.6872,4.4108e+06,3.01846e+06,1.13246e+07,0,0,0,0,58.2219,61.3098,3.33437,0,1,1.16349,1.16349,0,0.898725,1.90512,9.16655e+06,4.03458e+06,1.06652e+07,0,0,0,0
51.225,85.1408,2.85229,0.02,0,2.568,2.568,0,0.481144,4.6872,4.4108e+06,3.01846e+06,1.13269e+07,0,0,0,0,58.6059,61.3098,2.45866,0,1,1.16373,1.16373,0,0.89891,1.90512,9.16655e+06,4.03458e+06,1.06674e+07,0,0,0,0
52.1579,85.1408,3.56469,0.02,0,2.56853,2.56853,0,0.481243,4.6872,4.4108e+06,3.01846e+06,1.13293e+07,0,0,0,0,59.8157,61.3098,3.20756,0,1,1.16397,1.16397,0,0.899095,1.90512,9.16655e+06,4.03458e+06,1.06696e+07,0,0,0,0
53.0513,85.1408,3.55851,0.02,0,2.56853,2.56853,0,0.481342,4.6872,4.4108e+06,3.01846e+06,1.13293e+07,0,0,0,0,61.4353,61.3098,4.22133,0,1,1.16397,1.16397,0,0.89928,1.90512,9.16655e+06,4.03458e+06,1.06696e+07,0,0,0,0
59.9372,85.1408,9.76296,0.02,0,2.64953,2.64953,0,0.481342,4.6872,4.4108e+06,3.01846e+06,1.16865e+07,0,0,0,0,62.338,61.3098,5.39316,0,1,1.20184,1.20184,0,0.89928,1.90512,9.16655e+06,4.03458e+06,1.10168e+07,0,0,0,0
62.6036,85.1408,5.69603,0,0,2.65005,2.65005,0,0.496522,4.6872,4.4108e+06,3.01846e+06,1.16889e+07,0,0,0,0,62.338,61.3098,4.29886,0,1,1.20208,1.20208,0,0.928545,1.90512,9.16655e+06,4.03458e+06,1.1019e+07,0,0,0,0
64.2184,85.1408,4.57539,0,0,2.65058,2.65058,0,0.49662,4.6872,4.4108e+06,3.01846e+06,1.16912e+07,0,0,0,0,62.338,61.3098,3.60895,0,1,1.20232,1.20232,0,0.928729,1.90512,9.16655e+06,4.03458e+06,1.10211e+07,0,0,0,0
65.4314,85.1408,4.17882,0,0,2.6511,2.6511,0,0.496718,4.6872,4.4108e+06,3.01846e+06,1.16935e+07,0,0,0,0,62.338,61.3098,3.45488,0,1,1.20256,1.20256,0,0.928913,1.90512,9.16655e+06,4.03458e+06,1.10233e+07,0,0,0,0
69.9638,85.1408,7.87311,0,0,2.91026,2.91026,0,0.496817,4.6872,4.4108e+06,3.01846e+06,1.28366e+07,0,0,0,0,62.338,61.3098,5.26901,0,1,1.34422,1.34422,0,0.929097,1.90512,9.16655e+06,4.03458e+06,1.23219e+07,0,0,0,0
72.6261,85.1408,6.00117,0,0,2.91084,2.91084,0,0.545383,4.6872,4.4108e+06,3.01846e+06,1.28391e+07,0,0,0,0,62.1317,61.3098,4.34594,0,1,1.34449,1.34449,0,1.03855,1.90512,9.16655e+06,4.03458e+06,1.23243e+07,0,0,0,0
73.4499,85.1408,4.04087,0,0,2.91142,2.91142,0,0.545491,4.6872,4.4108e+06,3.01846e+06,1.28417e+07,0,0,0,0,61.8663,61.3098,2.31863,0,1,1.34475,1.34475,0,1.03875,1.90512,9.16655e+06,4.03458e+06,1.23267e+07,0,0,0,0
73.5975,85.1408,3.3127,0,0,2.91199,2.91199,0,0.545599,4.6872,4.4108e+06,3.01846e+06,1.28442e+07,0,0,0,0,62.119,61.3098,1.91698,0,1,1.34502,1.34502,0,1.03896,1.90512,9.16655e+06,4.03458e+06,1.23292e+07,0,0,0,0
77.8592,85.1408,7.41259,0,0,2.54338,2.54338,0,0.545708,4.6872,4.4108e+06,3.01846e+06,1.12184e+07,0,0,0,0,62.338,61.3098,7.85771,0,1,1.15534,1.15534,0,1.03916,1.90512,9.16655e+06,4.03458e+06,1.05905e+07,0,0,0,0
82.9646,85.1408,8.46868,0,0,2.54389,2.54389,0,0.47663,4.6872,4.4108e+06,3.01846e+06,1.12206e+07,0,0,0,0,62.338,61.3098,8.56362,0,1,1.15557,1.15557,0,0.892619,1.90512,9.16655e+06,4.03458e+06,1.05926e+07,0,0,0,0
85.1408,85.1408,9.12379,0,0,2.54439,2.54439,0,0.476724,4.6872,4.4108e+06,3.01846e+06,1.12228e+07,0,0,0,0,62.338,61.3098,9.34597,0,1,1.1558,1.1558,0,0.892796,1.90512,9.16655e+06,4.03458e+06,1.05947e+07,0,0,0,0
85.1408,85.1408,8.11327,0,0,2.5449,2.5449,0,0.476819,4.6872,4.4108e+06,3.01846e+06,1.1225e+07,0,0,0,0,62.338,61.3098,8.0561,0,1,1.15603,1.15603,0,0.892973,1.90512,9.16655e+06,4.03458e+06,1.05968e+07,0,0,0,0
85.1408,85.1408,6.74176,0,0,2.5454,2.5454,0,0.476913,4.6872,4.4108e+06,3.01846e+06,1.12273e+07,0,0,0,0,62.338,61.3098,5.96017,0,1,1.15626,1.15626,0,0.89315,1.90512,9.16655e+06,4.03458e+06,1.05989e+07,0,0,0,0
85.1408,85.1408,5.31083,0,0,2.63893,2.63893,0,0.477008,4.6872,4.4108e+06,3.01846e+06,1.16398e+07,0,0,0,0,62.338,61.3098,5.00981,0,1,1.203,1.203,0,0.893327,1.90512,9.16655e+06,4.03458e+06,1.10274e+07,0,0,0,0
85.1408,85.1408,7.34646,0,0,2.63945,2.63945,0,0.494535,4.6872,4.4108e+06,3.01846e+06,1.16421e+07,0,0,0,0,62.338,61.3098,11.1333,0,1,1.20324,1.20324,0,0.92944,1.90512,9.16655e+06,4.03458e+06,1.10296e+07,0,0,0,0
85.1408,85.1408,5.27558,0,0,2.63997,2.63997,0,0.494633,4.6872,4.4108e+06,3.01846e+06,1.16444e+07,0,0,0,0,62.338,61.3098,5.42087,0,1,1.20348,1.20348,0,0.929624,1.90512,9.16655e+06,4.03458e+06,1.10318e+07,0,0,0,0
85.1408,85.1408,4.70139,0,0,2.6405,2.6405,0,0.494731,4.6872,4.4108e+06,3.01846e+06,1.16467e+07,0,0,0,0,62.338,61.3098,4.49482,0,1,1.20372,1.20372,0,0.929808,1.90512,9.16655e+06,4.03458e+06,1.10339e+07,0,0,0,0
85.1408,85.1408,5.06894,0,0,2.60462,2.60462,0,0.494829,4.6872,4.4108e+06,3.01846e+06,1.14885e+07,0,0,0,0,62.338,61.3098,7.3431,0,1,1.18588,1.18588,0,0.929992,1.90512,9.16655e+06,4.03458e+06,1.08704e+07,0,0,0,0
85.1408,85.1408,4.18977,0,0,2.60513,2.60513,0,0.488106,4.6872,4.4108e+06,3.01846e+06,1.14907e+07,0,0,0,0,62.338,61.3098,5.35626,0,1,1.18611,1.18611,0,0.916208,1.90512,9.16655e+06,4.03458e+06,1.08725e+07,0,0,0,0
85.1408,85.1408,3.63504,0,0,2.60565,2.60565,0,0.488202,4.6872,4.4108e+06,3.01846e+06,1.1493e+07,0,0,0,0,62.338,61.3098,4.46496,0,1,1.18635,1.18635,0,0.91639,1.90512,9.16655e+06,4.03458e+06,1.08747e+07,0,0,0,0
85.1408,85.1408,3.28395,0,0,2.60617,2.60617,0,0.488299,4.6872,4.4108e+06,3.01846e+06,1.14953e+07,0,0,0,0,62.338,61.3098,4.01254,0,1,1.18658,1.18658,0,0.916572,1.90512,9.16655e+06,4.03458e+06,1.08769e+07,0,0,0,0
85.1408,85.1408,3.18557,0,0,2.73034,2.73034,0,0.488396,4.6872,4.4108e+06,3.01846e+06,1.2043e+07,0,0,0,0,62.338,61.3098,4.29649,0,1,1.25098,1.25098,0,0.916753,1.90512,9.16655e+06,4.03458e+06,1.14672e+07,0,0,0,0
85.1408,85.1408,3.13051,0,0,2.73088,2.73088,0,0.511665,4.6872,4.4108e+06,3.01846e+06,1.20454e+07,0,0,0,0,62.338,61.3098,4.16755,0,1,1.25123,1.25123,0,0.966509,1.90512,9.16655e+06,4.03458e+06,1.14695e+07,0,0,0,0
85.1292,85.1408,3.00051,0,0,2.73142,2.73142,0,0.511767,4.6872,4.4108e+06,3.01846e+06,1.20478e+07,0,0,0,0,62.338,61.3098,4.16786,0,1,1.25148,1.25148,0,0.966701,1.90512,9.16655e+06,4.03458e+06,1.14717e+07,0,0,0,0
84.9679,85.1408,2.84907,0,0,2.73196,2.73196,0,0.511868,4.6872,4.4108e+06,3.01846e+06,1.20501e+07,0,0,0,0,62.338,61.3098,4.40925,0,1,1.25173,1.25173,0,0.966892,1.90512,9.16655e+06,4.03458e+06,1.1474e+07,0,0,0,0
84.8125,85.1408,2.86488,0,0,2.7325,2.7325,0,0.511969,4.6872,4.4108e+06,3.01846e+06,1.20525e+07,0,0,0,0,62.338,61.3098,3.86512,0,1,1.25197,1.25197,0,0.967084,1.90512,9.16655e+06,4.03458e+06,1.14763e+07,0,0,0,0
85.1408,85.1408,3.38977,0,0,2.70857,2.70857,0,0.512071,4.6872,4.4108e+06,3.01846e+06,1.19469e+07,0,0,0,0,62.338,61.3098,3.13436,0,1,1.28752,1.28752,0,0.967276,1.90512,9.16655e+06,4.03458e+06,1.18022e+07,0,0,0,0
85.1408,85.1408,3.28915,0,0,2.7091,2.7091,0,0.507585,4.6872,4.4108e+06,3.01846e+06,1.19493e+07,0,0,0,0,62.338,61.3098,3.08272,0,1,1.28778,1.28778,0,0.994741,1.90512,9.16655e+06,4.03458e+06,1.18045e+07,0,0,0,0
85.1408,85.1408,3.00754,0,0,2.70964,2.70964,0,0.507686,4.6872,4.4108e+06,3.01846e+06,1.19517e+07,0,0,0,0,62.338,61.3098,2.87938,0,1,1.28803,1.28803,0,0.994938,1.90512,9.16655e+06,4.03458e+06,1.18068e+07,0,0,0,0
84.9492,85.1408,2.71963,0,0,2.71018,2.71018,0,0.507786,4.6872,4.4108e+06,3.01846e+06,1.19541e+07,0,0,0,0,62.338,61.3098,2.88722,0,1,1.28829,1.28829,0,0.995135,1.90512,9.16655e+06,4.03458e+06,1.18092e+07,0,0,0,0
84.8175,85.1408,2.8109,0,0,2.77398,2.77398,0,0.507887,4.6872,4.4108e+06,3.01846e+06,1.22355e+07,0,0,0,0,62.338,61.3098,2.77874,0,1,1.32003,1.32003,0,0.995333,1.90512,9.16655e+06,4.03458e+06,1.21001e+07,0,0,0,0
84.6803,85.1408,2.84933,0,0,2.77453,2.77453,0,0.519843,4.6872,4.4108e+06,3.01846e+06,1.22379e+07,0,0,0,0,62.338,61.3098,2.8937,0,1,1.32029,1.32029,0,1.01986,1.90512,9.16655e+06,4.03458e+06,1.21025e+07,0,0,0,0
84.3747,85.1408,2.64163,0,0,2.77508,2.77508,0,0.519946,4.6872,4.4108e+06,3.01846e+06,1.22403e+07,0,0,0,0,62.338,61.3098,2.80135,0,1,1.32055,1.32055,0,1.02006,1.90512,9.16655e+06,4.03458e+06,1.21049e+07,0,0,0,0
83.8479,85.1408,2.40524,0,0,2.77563,2.77563,0,0.520049,4.6872,4.4108e+06,3.01846e+06,1.22427e+07,0,0,0,0,62.338,61.3098,2.44245,0,1,1.32082,1.32082,0,1.02026,1.90512,9.16655e+06,4.03458e+06,1.21073e+07,0,0,0,0
83.6717,85.1408,2.89348,0,0,2.96158,2.96158,0,0.520152,4.6872,4.4108e+06,3.01846e+06,1.3063e+07,0,0,0,0,62.338,61.3098,3.20026,0,1,1.43482,1.43482,0,1.02046,1.90512,9.16655e+06,4.03458e+06,1.31523e+07,0,0,0,0
82.7233,85.1408,2.12199,0,0,2.96217,2.96217,0,0.555001,4.6872,4.4108e+06,3.01846e+06,1.30656e+07,0,0,0,0,62.1103,61.3098,1.91566,0,1,1.4351,1.4351,0,1.10854,1.90512,9.16655e+06,4.03458e+06,1.31549e+07,0,0,0,0
81.9916,85.1408,2.31468,0,0,2.96276,2.96276,0,0.555111,4.6872,4.4108e+06,3.01846e+06,1.30681e+07,0,0,0,0,62.0869,61.3098,2.54305,0,1,1.43539,1.43539,0,1.10876,1.90512,9.16655e+06,4.03458e+06,1.31575e+07,0,0,0,0
81.1046,85.1408,2.15324,0,0,2.96335,2.96335,0,0.555221,4.6872,4.4108e+06,3.01846e+06,1.30707e+07,0,0,0,0,61.9298,61.3098,2.25376,0,1,1.43567,1.43567,0,1.10898,1.90512,9.16655e+06,4.03458e+06,1.31601e+07,0,0,0,0
80.1345,85.1408,2.02679,0,0,2.96393,2.96393,0,0.555331,4.6872,4.4108e+06,3.01846e+06,1.30733e+07,0,0,0,0,61.3594,61.3098,2.01684,0,1,1.43595,1.43595,0,1.1092,1.90512,9.16655e+06,4.03458e+06,1.31627e+07,0,0,0,0
78.4341,85.1408,1.16843,0,0,2.87407,2.87407,0,0.555441,4.6872,4.4108e+06,3.01846e+06,1.2677e+07,0,0,0,0,60.8668,61.3098,1.29482,0,1,1.36714,1.36714,0,1.10942,1.90512,9.16655e+06,4.03458e+06,1.25319e+07,0,0,0,0
76.6185,85.1408,1.1505,0,0,2.87464,2.87464,0,0.538601,4.6872,4.4108e+06,3.01846e+06,1.26795e+07,0,0,0,0,60.5895,61.3098,1.53308,0,1,1.36741,1.36741,0,1.05625,1.90512,9.16655e+06,4.03458e+06,1.25344e+07,0,0,0,0
74.8937,85.1408,1.24719,0.01,0,2.87521,2.87521,0,0.538707,4.6872,4.4108e+06,3.01846e+06,1.2682e+07,0,0,0,0,60.4883,61.3098,1.68516,0,1,1.36768,1.36768,0,1.05646,1.90512,9.16655e+06,4.03458e+06,1.25369e+07,0,0,0,0
73.2026,85.1408,1.30049,0.01,0,2.87578,2.87578,0,0.538814,4.6872,4.4108e+06,3.01846e+06,1.26845e+07,0,0,0,0,60.4734,61.3098,1.76816,0,1,1.36795,1.36795,0,1.05667,1.90512,9.16655e+06,4.03458e+06,1.25394e+07,0,0,0,0
71.191,85.1408,0.938427,0.01,0,2.80205,2.80205,0,0.538921,4.6872,4.4108e+06,3.01846e+06,1.23593e+07,0,0,0,0,60.4217,61.3098,1.8551,0,1,1.30527,1.30527,0,1.05688,1.90512,9.16655e+06,4.03458e+06,1.19648e+07,0,0,0,0
69.7068,85.1408,1.50211,0,0,2.8026,2.8026,0,0.525103,4.6872,4.4108e+06,3.01846e+06,1.23617e+07,0,0,0,0,60.6205,61.3098,1.63006,0,1,1.30553,1.30553,0,1.00845,1.90512,9.16655e+06,4.03458e+06,1.19672e+07,0,0,0,0
69.6213,85.1408,2.9728,0,0,2.80316,2.80316,0,0.525207,4.6872,4.4108e+06,3.01846e+06,1.23642e+07,0,0,0,0,61.8507,61.3098,3.95152,0,1,1.30579,1.30579,0,1.00865,1.90512,9.16655e+06,4.03458e+06,1.19695e+07,0,0,0,0
68.4698,85.1408,1.81888,0,0,2.80371,2.80371,0,0.525311,4.6872,4.4108e+06,3.01846e+06,1.23666e+07,0,0,0,0,62.2181,61.3098,3.47261,0,1,1.30604,1.30604,0,1.00885,1.90512,9.16655e+06,4.03458e+06,1.19719e+07,0,0,0,0
67.7815,85.1408,2.19492,0,0,2.59307,2.59307,0,0.525416,4.6872,4.4108e+06,3.01846e+06,1.14375e+07,0,0,0,0,62.338,61.3098,2.19177,0,1,1.17509,1.17509,0,1.00905,1.90512,9.16655e+06,4.03458e+06,1.07715e+07,0,0,0,0
67.3289,85.1408,2.44976,0.01,0,2.59359,2.59359,0,0.485942,4.6872,4.4108e+06,3.01846e+06,1.14398e+07,0,0,0,0,62.1762,61.3098,2.72495,0,1,1.17532,1.17532,0,0.907874,1.90512,9.16655e+06,4.03458e+06,1.07736e+07,0,0,0,0
66.7036,85.1408,2.3163,0.01,0,2.5941,2.5941,0,0.486038,4.6872,4.4108e+06,3.01846e+06,1.14421e+07,0,0,0,0,62.338,61.3098,2.35668,0,1,1.17556,1.17556,0,0.908054,1.90512,9.16655e+06,4.03458e+06,1.07758e+07,0,0,0,0
67.1271,85.1408,3.3436,0.01,0,2.59462,2.59462,0,0.486135,4.6872,4.4108e+06,3.01846e+06,1.14443e+07,0,0,0,0,62.338,61.3098,3.62348,0,1,1.17579,1.17579,0,0.908234,1.90512,9.16655e+06,4.03458e+06,1.07779e+07,0,0,0,0
67.8601,85.1408,3.81338,0.01,0,2.59513,2.59513,0,0.486231,4.6872,4.4108e+06,3.01846e+06,1.14466e+07,0,0,0,0,62.338,61.3098,3.48078,0,1,1.17602,1.17602,0,0.908414,1.90512,9.16655e+06,4.03458e+06,1.07801e+07,0,0,0,0
66.5828,85.1408,1.58518,0.01,0,2.67695,2.67695,0,0.486327,4.6872,4.4108e+06,3.01846e+06,1.18075e+07,0,0,0,0,62.1217,61.3098,2.34448,0,1,1.21428,1.21428,0,0.908594,1.90512,9.16655e+06,4.03458e+06,1.11308e+07,0,0,0,0
65.3679,85.1408,1.65769,0.01,0,2.67746,2.67746,0,0.50166,4.6872,4.4108e+06,3.01846e+06,1.18097e+07,0,0,0,0,62.338,61.3098,2.04986,0,1,1.21451,1.21451,0,0.938155,1.90512,9.16655e+06,4.03458e+06,1.11329e+07,0,0,0,0
64.9155,85.1408,2.4707,0.01,0,2.67797,2.67797,0,0.501756,4.6872,4.4108e+06,3.01846e+06,1.1812e+07,0,0,0,0,62.1236,61.3098,2.40105,0,1,1.21475,1.21475,0,0.938334,1.90512,9.16655e+06,4.03458e+06,1.1135e+07,0,0,0,0
63.7509,85.1408,1.69393,0.01,0,2.67848,2.67848,0,0.501851,4.6872,4.4108e+06,3.01846e+06,1.18142e+07,0,0,0,0,62.3316,61.3098,2.05888,0,1,1.21498,1.21498,0,0.938512,1.90512,9.16655e+06,4.03458e+06,1.11371e+07,0,0,0,0
62.9857,85.1408,2.32048,0.01,0,2.94029,2.94029,0,0.501947,4.6872,4.4108e+06,3.01846e+06,1.2969e+07,0,0,0,0,62.2812,61.3098,2.34306,0,1,1.35809,1.35809,0,0.938691,1.90512,9.16655e+06,4.03458e+06,1.2449e+07,0,0,0,0
62.5066,85.1408,2.60849,0.01,0,2.94085,2.94085,0,0.55101,4.6872,4.4108e+06,3.01846e+06,1.29715e+07,0,0,0,0,62.338,61.3098,2.18081,0,1,1.35835,1.35835,0,1.04926,1.90512,9.16655e+06,4.03458e+06,1.24514e+07,0,0,0,0
62.569,85.1408,3.17532,0.01,0,2.94141,2.94141,0,0.551115,4.6872,4.4108e+06,3.01846e+06,1.2974e+07,0,0,0,0,62.338,61.3098,3.12001,0,1,1.35861,1.35861,0,1.04946,1.90512,9.16655e+06,4.03458e+06,1.24537e+07,0,0,0,0
63.39,85.1408,3.97791,0.01,0,2.94197,2.94197,0,0.55122,4.6872,4.4108e+06,3.01846e+06,1.29764e+07,0,0,0,0,62.338,61.3098,2.91198,0,1,1.35887,1.35887,0,1.04966,1.90512,9.16655e+06,4.03458e+06,1.24561e+07,0,0,0,0
65.3605,85.1408,4.90749,0.01,0,2.56955,2.56955,0,0.551325,4.6872,4.4108e+06,3.01846e+06,1.13338e+07,0,0,0,0,62.338,61.3098,3.87833,0,1,1.16723,1.16723,0,1.04986,1.90512,9.16655e+06,4.03458e+06,1.06995e+07,0,0,0,0
69.5575,85.1408,7.41963,0.01,0,2.57003,2.57003,0,0.481533,4.6872,4.4108e+06,3.01846e+06,1.13359e+07,0,0,0,0,62.338,61.3098,5.12494,0,1,1.16745,1.16745,0,0.901801,1.90512,9.16655e+06,4.03458e+06,1.07015e+07,0,0,0,0
74.4114,85.1408,8.14385,0,0,2.57052,2.57052,0,0.481624,4.6872,4.4108e+06,3.01846e+06,1.13381e+07,0,0,0,0,62.338,61.3098,8.54397,0,1,1.16767,1.16767,0,0.901972,1.90512,9.16655e+06,4.03458e+06,1.07035e+07,0,0,0,0
76.7622,85.1408,5.52353,0,0,2.57101,2.57101,0,0.481716,4.6872,4.4108e+06,3.01846e+06,1.13402e+07,0,0,0,0,62.338,61.3098,4.97114,0,1,1.1679,1.1679,0,0.902144,1.90512,9.16655e+06,4.03458e+06,1.07056e+07,0,0,0,0
79.9418,85.1408,6.50753,0,0,2.5715,2.5715,0,0.481808,4.6872,4.4108e+06,3.01846e+06,1.13424e+07,0,0,0,0,62.338,61.3098,10.2562,0,1,1.16812,1.16812,0,0.902316,1.90512,9.16655e+06,4.03458e+06,1.07076e+07,0,0,0,0
83.9066,85.1408,7.39286,0,0,2.66597,2.66597,0,0.4819,4.6872,4.4108e+06,3.01846e+06,1.17591e+07,0,0,0,0,62.338,61.3098,7.6287,0,1,1.21533,1.21533,0,0.902488,1.90512,9.16655e+06,4.03458e+06,1.11404e+07,0,0,0,0
85.1408,85.1408,6.3272,0,0,2.66647,2.66647,0,0.499602,4.6872,4.4108e+06,3.01846e+06,1.17613e+07,0,0,0,0,62.338,61.3098,6.18806,0,1,1.21556,1.21556,0,0.938964,1.90512,9.16655e+06,4.03458e+06,1.11425e+07,0,0,0,0
85.1408,85.1408,7.14565,0,0,2.66698,2.66698,0,0.499697,4.6872,4.4108e+06,3.01846e+06,1.17635e+07,0,0,0,0,62.338,61.3098,6.46543,0,1,1.21579,1.21579,0,0.939142,1.90512,9.16655e+06,4.03458e+06,1.11446e+07,0,0,0,0
85.1408,85.1408,7.0741,0,0,2.66749,2.66749,0,0.499792,4.6872,4.4108e+06,3.01846e+06,1.17658e+07,0,0,0,0,62.338,61.3098,7.88687,0,1,1.21602,1.21602,0,0.939321,1.90512,9.16655e+06,4.03458e+06,1.11467e+07,0,0,0,0
85.1408,85.1408,5.08662,0,0,2.63123,2.63123,0,0.499888,4.6872,4.4108e+06,3.01846e+06,1.16058e+07,0,0,0,0,62.338,61.3098,4.04674,0,1,1.19799,1.19799,0,0.9395,1.90512,9.16655e+06,4.03458e+06,1.09814e+07,0,0,0,0
85.1408,85.1408,4.6203,0,0,2.63173,2.63173,0,0.493092,4.6872,4.4108e+06,3.01846e+06,1.1608e+07,0,0,0,0,62.338,61.3098,3.53614,0,1,1.19822,1.19822,0,0.925568,1.90512,9.16655e+06,4.03458e+06,1.09835e+07,0,0,0,0
85.1408,85.1408,4.09195,0,0,2.63223,2.63223,0,0.493186,4.6872,4.4108e+06,3.01846e+06,1.16102e+07,0,0,0,0,62.338,61.3098,3.90349,0,1,1.19845,1.19845,0,0.925744,1.90512,9.16655e+06,4.03458e+06,1.09856e+07,0,0,0,0
85.1408,85.1408,3.7046,0,0,2.63273,2.63273,0,0.49328,4.6872,4.4108e+06,3.01846e+06,1.16125e+07,0,0,0,0,62.338,61.3098,3.26427,0,1,1.19868,1.19868,0,0.92592,1.90512,9.16655e+06,4.03458e+06,1.09877e+07,0,0,0,0
85.1408,85.1408,4.17674,0,0,2.75814,2.75814,0,0.493373,4.6872,4.4108e+06,3.01846e+06,1.21656e+07,0,0,0,0,62.338,61.3098,3.3918,0,1,1.26372,1.26372,0,0.926097,1.90512,9.16655e+06,4.03458e+06,1.1584e+07,0,0,0,0
85.1408,85.1408,3.23235,0,0,2.75867,2.75867,0,0.516876,4.6872,4.4108e+06,3.01846e+06,1.21679e+07,0,0,0,0,62.338,61.3098,3.14767,0,1,1.26396,1.26396,0,0.976352,1.90512,9.16655e+06,4.03458e+06,1.15862e+07,0,0,0,0
85.0891,85.1408,2.93987,0,0,2.75919,2.75919,0,0.516974,4.6872,4.4108e+06,3.01846e+06,1.21703e+07,0,0,0,0,62.338,61.3098,2.62108,0,1,1.2642,1.2642,0,0.976538,1.90512,9.16655e+06,4.03458e+06,1.15884e+07,0,0,0,0
84.9619,85.1408,2.85385,0,0,2.75972,2.75972,0,0.517073,4.6872,4.4108e+06,3.01846e+06,1.21726e+07,0,0,0,0,62.338,61.3098,2.37041,0,1,1.26444,1.26444,0,0.976724,1.90512,9.16655e+06,4.03458e+06,1.15906e+07,0,0,0,0
84.5649,85.1408,2.55605,0,0,2.76024,2.76024,0,0.517171,4.6872,4.4108e+06,3.01846e+06,1.21749e+07,0,0,0,0,62.338,61.3098,2.27561,0,1,1.26469,1.26469,0,0.97691,1.90512,9.16655e+06,4.03458e+06,1.15928e+07,0,0,0,0
83.6066,85.1408,1.95624,0,0,2.73604,2.73604,0,0.51727,4.6872,4.4108e+06,3.01846e+06,1.20681e+07,0,0,0,0,62.338,61.3098,2.34345,0,1,1.30059,1.30059,0,0.977096,1.90512,9.16655e+06,4.03458e+06,1.19219e+07,0,0,0,0
82.6553,85.1408,1.95106,0,0,2.73656,2.73656,0,0.512734,4.6872,4.4108e+06,3.01846e+06,1.20704e+07,0,0,0,0,62.338,61.3098,2.3558,0,1,1.30083,1.30083,0,1.00483,1.90512,9.16655e+06,4.03458e+06,1.19242e+07,0,0,0,0
81.6343,85.1408,1.85952,0,0,2.73708,2.73708,0,0.512832,4.6872,4.4108e+06,3.01846e+06,1.20727e+07,0,0,0,0,62.338,61.3098,2.34631,0,1,1.30108,1.30108,0,1.00502,1.90512,9.16655e+06,4.03458e+06,1.19264e+07,0,0,0,0
80.4239,85.1408,1.63469,0,0,2.73761,2.73761,0,0.51293,4.6872,4.4108e+06,3.01846e+06,1.2075e+07,0,0,0,0,62.299,61.3098,2.15118,0,1,1.30133,1.30133,0,1.00522,1.90512,9.16655e+06,4.03458e+06,1.19287e+07,0,0,0,0
79.0517,85.1408,1.50138,0,0,2.80203,2.80203,0,0.513027,4.6872,4.4108e+06,3.01846e+06,1.23592e+07,0,0,0,0,62.338,61.3098,1.89859,0,1,1.33338,1.33338,0,1.00541,1.90512,9.16655e+06,4.03458e+06,1.22225e+07,0,0,0,0
77.7185,85.1408,1.55796,0,0,2.80256,2.80256,0,0.5251,4.6872,4.4108e+06,3.01846e+06,1.23616e+07,0,0,0,0,62.338,61.3098,2.04001,0,1,1.33363,1.33363,0,1.03017,1.90512,9.16655e+06,4.03458e+06,1.22248e+07,0,0,0,0
76.296,85.1408,1.43708,0,0,2.8031,2.8031,0,0.5252,4.6872,4.4108e+06,3.01846e+06,1.23639e+07,0,0,0,0,62.2143,61.3098,1.94782,0,1,1.33389,1.33389,0,1.03037,1.90512,9.16655e+06,4.03458e+06,1.22272e+07,0,0,0,0
74.7607,85.1408,1.30805,0,0,2.80363,2.80363,0,0.5253,4.6872,4.4108e+06,3.01846e+06,1.23663e+07,0,0,0,0,62.154,61.3098,1.69815,0,1,1.33414,1.33414,0,1.03056,1.90512,9.16655e+06,4.03458e+06,1.22295e+07,0,0,0,0
73.1738,85.1408,1.39697,0,0,2.99144,2.99144,0,0.5254,4.6872,4.4108e+06,3.01846e+06,1.31947e+07,0,0,0,0,61.9815,61.3098,2.13396,0,1,1.44928,1.44928,0,1.03076,1.90512,9.16655e+06,4.03458e+06,1.32849e+07,0,0,0,0
71.3516,85.1408,1.15712,0,0,2.99201,2.99201,0,0.560596,4.6872,4.4108e+06,3.01846e+06,1.31972e+07,0,0,0,0,61.7036,61.3098,1.72148,0,1,1.44956,1.44956,0,1.11972,1.90512,9.16655e+06,4.03458e+06,1.32874e+07,0,0,0,0
69.4851,85.1408,1.0908,0,0,2.99258,2.99258,0,0.560703,4.6872,4.4108e+06,3.01846e+06,1.31997e+07,0,0,0,0,61.5254,61.3098,1.60378,0,1,1.44983,1.44983,0,1.11993,1.90512,9.16655e+06,4.03458e+06,1.329e+07,0,0,0,0
68.023,85.1408,1.48494,0,0,2.99315,2.99315,0,0.56081,4.6872,4.4108e+06,3.01846e+06,1.32022e+07,0,0,0,0,61.4134,61.3098,1.80566,0,1,1.45011,1.45011,0,1.12014,1.90512,9.16655e+06,4.03458e+06,1.32925e+07,0,0,0,0
67.1922,85.1408,2.1778,0.01,0,2.99372,2.99372,0,0.560917,4.6872,4.4108e+06,3.01846e+06,1.32047e+07,0,0,0,0,61.5016,61.3098,2.15148,0,1,1.45039,1.45039,0,1.12036,1.90512,9.16655e+06,4.03458e+06,1.3295e+07,0,0,0,0
66.119,85.1408,1.89035,0.01,0,2.90293,2.90293,0,0.561023,4.6872,4.4108e+06,3.01846e+06,1.28043e+07,0,0,0,0,61.4529,61.3098,2.09428,0,1,1.38087,1.38087,0,1.12057,1.90512,9.16655e+06,4.03458e+06,1.26578e+07,0,0,0,0
64.7228,85.1408,1.56618,0.01,0,2.90348,2.90348,0,0.544009,4.6872,4.4108e+06,3.01846e+06,1.28067e+07,0,0,0,0,61.5311,61.3098,2.30307,0,1,1.38113,1.38113,0,1.06686,1.90512,9.16655e+06,4.03458e+06,1.26602e+07,0,0,0,0
63.6239,85.1408,1.87365,0.02,0,2.90404,2.90404,0,0.544113,4.6872,4.4108e+06,3.01846e+06,1.28091e+07,0,0,0,0,61.9649,61.3098,3.28268,0,1,1.38139,1.38139,0,1.06706,1.90512,9.16655e+06,4.03458e+06,1.26626e+07,0,0,0,0
62.4123,85.1408,1.73891,0.02,0,2.90459,2.90459,0,0.544217,4.6872,4.4108e+06,3.01846e+06,1.28116e+07,0,0,0,0,62.2459,61.3098,3.07644,0,1,1.38165,1.38165,0,1.06726,1.90512,9.16655e+06,4.03458e+06,1.2665e+07,0,0,0,0
61.5943,85.1408,2.07772,0.02,0,2.8301,2.8301,0,0.54432,4.6872,4.4108e+06,3.01846e+06,1.2483e+07,0,0,0,0,62.338,61.3098,3.87626,0,1,1.31834,1.31834,0,1.06747,1.90512,9.16655e+06,4.03458e+06,1.20846e+07,0,0,0,0
61.0286,85.1408,2.40765,0.01,0,2.83064,2.83064,0,0.53036,4.6872,4.4108e+06,3.01846e+06,1.24854e+07,0,0,0,0,62.338,61.3098,3.21014,0,1,1.31859,1.31859,0,1.01855,1.90512,9.16655e+06,4.03458e+06,1.20869e+07,0,0,0,0
61.1959,85.1408,3.18946,0.01,0,2.83117,2.83117,0,0.530461,4.6872,4.4108e+06,3.01846e+06,1.24878e+07,0,0,0,0,62.338,61.3098,3.36269,0,1,1.31884,1.31884,0,1.01874,1.90512,9.16655e+06,4.03458e+06,1.20892e+07,0,0,0,0
62.3155,85.1408,4.16454,0.01,0,2.83171,2.83171,0,0.530562,4.6872,4.4108e+06,3.01846e+06,1.24901e+07,0,0,0,0,62.338,61.3098,4.12973,0,1,1.31909,1.31909,0,1.01893,1.90512,9.16655e+06,4.03458e+06,1.20915e+07,0,0,0,0
63.4784,85.1408,4.1986,0.01,0,2.61895,2.61895,0,0.530663,4.6872,4.4108e+06,3.01846e+06,1.15517e+07,0,0,0,0,62.338,61.3098,4.7106,0,1,1.18682,1.18682,0,1.01913,1.90512,9.16655e+06,4.03458e+06,1.0879e+07,0,0,0,0
67.4219,85.1408,7.29635,0.01,0,2.61945,2.61945,0,0.490792,4.6872,4.4108e+06,3.01846e+06,1.15539e+07,0,0,0,0,62.338,61.3098,6.81815,0,1,1.18704,1.18704,0,0.916934,1.90512,9.16655e+06,4.03458e+06,1.08811e+07,0,0,0,0
71.3696,85.1408,7.5025,0.01,0,2.61995,2.61995,0,0.490885,4.6872,4.4108e+06,3.01846e+06,1.15561e+07,0,0,0,0,62.338,61.3098,10.2689,0,1,1.18727,1.18727,0,0.917109,1.90512,9.16655e+06,4.03458e+06,1.08832e+07,0,0,0,0
74.3012,85.1408,6.23794,0,0,2.62045,2.62045,0,0.490978,4.6872,4.4108e+06,3.01846e+06,1.15583e+07,0,0,0,0,62.338,61.3098,5.72331,0,1,1.18749,1.18749,0,0.917284,1.90512,9.16655e+06,4.03458e+06,1.08852e+07,0,0,0,0
80.7109,85.1408,9.91401,0,0,2.62095,2.62095,0,0.491072,4.6872,4.4108e+06,3.01846e+06,1.15605e+07,0,0,0,0,62.338,61.3098,9.70885,0,1,1.18772,1.18772,0,0.917458,1.90512,9.16655e+06,4.03458e+06,1.08873e+07,0,0,0,0
83.2077,85.1408,5.7046,0,0,2.70356,2.70356,0,0.491165,4.6872,4.4108e+06,3.01846e+06,1.19249e+07,0,0,0,0,62.338,61.3098,6.988,0,1,1.22635,1.22635,0,0.917633,1.90512,9.16655e+06,4.03458e+06,1.12414e+07,0,0,0,0
84.2344,85.1408,4.24736,0,0,2.70405,2.70405,0,0.506647,4.6872,4.4108e+06,3.01846e+06,1.1927e+07,0,0,0,0,62.338,61.3098,4.43838,0,1,1.22658,1.22658,0,0.947481,1.90512,9.16655e+06,4.03458e+06,1.12435e+07,0,0,0,0
84.4028,85.1408,3.38508,0,0,2.70455,2.70455,0,0.50674,4.6872,4.4108e+06,3.01846e+06,1.19292e+07,0,0,0,0,62.338,61.3098,3.67954,0,1,1.2268,1.2268,0,0.947654,1.90512,9.16655e+06,4.03458e+06,1.12455e+07,0,0,0,0
84.3952,85.1408,3.14458,0,0,2.70504,2.70504,0,0.506832,4.6872,4.4108e+06,3.01846e+06,1.19314e+07,0,0,0,0,62.338,61.3098,3.14564,0,1,1.22703,1.22703,0,0.947827,1.90512,9.16655e+06,4.03458e+06,1.12476e+07,0,0,0,0
83.0034,85.1408,1.94647,0,0,2.96943,2.96943,0,0.506925,4.6872,4.4108e+06,3.01846e+06,1.30976e+07,0,0,0,0,62.338,61.3098,2.98628,0,1,1.37155,1.37155,0,0.948,1.90512,9.16655e+06,4.03458e+06,1.25724e+07,0,0,0,0
81.6717,85.1408,2.01141,0,0,2.96997,2.96997,0,0.556471,4.6872,4.4108e+06,3.01846e+06,1.30999e+07,0,0,0,0,62.338,61.3098,4.40577,0,1,1.3718,1.3718,0,1.05966,1.90512,9.16655e+06,4.03458e+06,1.25747e+07,0,0,0,0
82.5755,85.1408,4.36575,0,0,2.97051,2.97051,0,0.556572,4.6872,4.4108e+06,3.01846e+06,1.31023e+07,0,0,0,0,62.338,61.3098,4.49006,0,1,1.37205,1.37205,0,1.05985,1.90512,9.16655e+06,4.03458e+06,1.2577e+07,0,0,0,0
81.2541,85.1408,1.99175,0,0,2.97105,2.97105,0,0.556674,4.6872,4.4108e+06,3.01846e+06,1.31047e+07,0,0,0,0,62.338,61.3098,2.69499,0,1,1.3723,1.3723,0,1.06005,1.90512,9.16655e+06,4.03458e+06,1.25793e+07,0,0,0,0
80.9901,85.1408,2.71412,0,0,2.59493,2.59493,0,0.556776,4.6872,4.4108e+06,3.01846e+06,1.14457e+07,0,0,0,0,62.338,61.3098,2.58904,0,1,1.17876,1.17876,0,1.06024,1.90512,9.16655e+06,4.03458e+06,1.08051e+07,0,0,0,0
80.8193,85.1408,2.86317,0,0,2.5954,2.5954,0,0.48629,4.6872,4.4108e+06,3.01846e+06,1.14478e+07,0,0,0,0,62.1701,61.3098,3.21989,0,1,1.17897,1.17897,0,0.910709,1.90512,9.16655e+06,4.03458e+06,1.08071e+07,0,0,0,0
79.9203,85.1408,2.07423,0,0,2.59588,2.59588,0,0.486378,4.6872,4.4108e+06,3.01846e+06,1.14499e+07,0,0,0,0,62.338,61.3098,2.29496,0,1,1.17919,1.17919,0,0.910875,1.90512,9.16655e+06,4.03458e+06,1.08091e+07,0,0,0,0
79.3547,85.1408,2.43496,0,0,2.59635,2.59635,0,0.486467,4.6872,4.4108e+06,3.01846e+06,1.1452e+07,0,0,0,0,62.338,61.3098,2.76589,0,1,1.1794,1.1794,0,0.911042,1.90512,9.16655e+06,4.03458e+06,1.08111e+07,0,0,0,0
78.6998,85.1408,2.31759,0,0,2.59682,2.59682,0,0.486556,4.6872,4.4108e+06,3.01846e+06,1.14541e+07,0,0,0,0,62.338,61.3098,2.89777,0,1,1.17962,1.17962,0,0.911208,1.90512,9.16655e+06,4.03458e+06,1.0813e+07,0,0,0,0
78.4167,85.1408,2.79902,0,0,2.6922,2.6922,0,0.486645,4.6872,4.4108e+06,3.01846e+06,1.18748e+07,0,0,0,0,62.338,61.3098,2.7569,0,1,1.22729,1.22729,0,0.911375,1.90512,9.16655e+06,4.03458e+06,1.125e+07,0,0,0,0
79.5025,85.1408,4.27333,0,0,2.69269,2.69269,0,0.504518,4.6872,4.4108e+06,3.01846e+06,1.18769e+07,0,0,0,0,62.338,61.3098,4.96376,0,1,1.22751,1.22751,0,0.948203,1.90512,9.16655e+06,4.03458e+06,1.1252e+07,0,0,0,0
79.2604,85.1408,2.86394,0,0,2.69318,2.69318,0,0.50461,4.6872,4.4108e+06,3.01846e+06,1.18791e+07,0,0,0,0,62.338,61.3098,3.03068,0,1,1.22774,1.22774,0,0.948376,1.90512,9.16655e+06,4.03458e+06,1.12541e+07,0,0,0,0
78.7337,85.1408,2.5203,0,0,2.69367,2.69367,0,0.504702,4.6872,4.4108e+06,3.01846e+06,1.18813e+07,0,0,0,0,62.338,61.3098,2.54731,0,1,1.22796,1.22796,0,0.948549,1.90512,9.16655e+06,4.03458e+06,1.12562e+07,0,0,0,0
78.1557,85.1408,2.38724,0,0,2.65703,2.65703,0,0.504795,4.6872,4.4108e+06,3.01846e+06,1.17197e+07,0,0,0,0,62.338,61.3098,3.24006,0,1,1.20974,1.20974,0,0.948722,1.90512,9.16655e+06,4.03458e+06,1.10892e+07,0,0,0,0
77.4309,85.1408,2.21145,0,0,2.65752,2.65752,0,0.497928,4.6872,4.4108e+06,3.01846e+06,1.17218e+07,0,0,0,0,62.338,61.3098,3.58176,0,1,1.20996,1.20996,0,0.934646,1.90512,9.16655e+06,4.03458e+06,1.10912e+07,0,0,0,0
76.8894,85.1408,2.39532,0,0,2.658,2.658,0,0.498019,4.6872,4.4108e+06,3.01846e+06,1.17239e+07,0,0,0,0,62.338,61.3098,3.07132,0,1,1.21018,1.21018,0,0.934817,1.90512,9.16655e+06,4.03458e+06,1.10932e+07,0,0,0,0
76.1742,85.1408,2.1621,0,0,2.65849,2.65849,0,0.49811,4.6872,4.4108e+06,3.01846e+06,1.17261e+07,0,0,0,0,62.338,61.3098,3.12946,0,1,1.2104,1.2104,0,0.934988,1.90512,9.16655e+06,4.03458e+06,1.10952e+07,0,0,0,0
75.0708,85.1408,1.78108,0,0,2.78511,2.78511,0,0.498201,4.6872,4.4108e+06,3.01846e+06,1.22846e+07,0,0,0,0,62.338,61.3098,2.83255,0,1,1.27608,1.27608,0,0.935159,1.90512,9.16655e+06,4.03458e+06,1.16972e+07,0,0,0,0
73.7763,85.1408,1.6255,0,0,2.78562,2.78562,0,0.52193,4.6872,4.4108e+06,3.01846e+06,1.22868e+07,0,0,0,0,62.338,61.3098,2.49673,0,1,1.27631,1.27631,0,0.985898,1.90512,9.16655e+06,4.03458e+06,1.16994e+07,0,0,0,0
72.3244,85.1408,1.44792,0,0,2.78613,2.78613,0,0.522025,4.6872,4.4108e+06,3.01846e+06,1.22891e+07,0,0,0,0,62.3118,61.3098,2.28188,0,1,1.27654,1.27654,0,0.986078,1.90512,9.16655e+06,4.03458e+06,1.17015e+07,0,0,0,0
70.8541,85.1408,1.36229,0,0,2.78664,2.78664,0,0.52212,4.6872,4.4108e+06,3.01846e+06,1.22913e+07,0,0,0,0,62.2171,61.3098,2.19406,0,1,1.27678,1.27678,0,0.986259,1.90512,9.16655e+06,4.03458e+06,1.17036e+07,0,0,0,0
69.3191,85.1408,1.28516,0,0,2.78715,2.78715,0,0.522216,4.6872,4.4108e+06,3.01846e+06,1.22936e+07,0,0,0,0,62.338,61.3098,2.05746,0,1,1.27701,1.27701,0,0.986439,1.90512,9.16655e+06,4.03458e+06,1.17058e+07,0,0,0,0
67.9697,85.1408,1.41883,0,0,2.76269,2.76269,0,0.522311,4.6872,4.4108e+06,3.01846e+06,1.21857e+07,0,0,0,0,62.338,61.3098,2.19544,0,1,1.31325,1.31325,0,0.986619,1.90512,9.16655e+06,4.03458e+06,1.2038e+07,0,0,0,0
66.54,85.1408,1.32666,0,0,2.76319,2.76319,0,0.517728,4.6872,4.4108e+06,3.01846e+06,1.21879e+07,0,0,0,0,62.338,61.3098,2.10783,0,1,1.31349,1.31349,0,1.01462,1.90512,9.16655e+06,4.03458e+06,1.20402e+07,0,0,0,0
65.0039,85.1408,1.20713,0,0,2.7637,2.7637,0,0.517822,4.6872,4.4108e+06,3.01846e+06,1.21901e+07,0,0,0,0,62.2497,61.3098,2.00679,0,1,1.31373,1.31373,0,1.0148,1.90512,9.16655e+06,4.03458e+06,1.20424e+07,0,0,0,0
63.3834,85.1408,1.09705,0,0,2.7642,2.7642,0,0.517917,4.6872,4.4108e+06,3.01846e+06,1.21923e+07,0,0,0,0,62.3371,61.3098,1.8431,0,1,1.31397,1.31397,0,1.01499,1.90512,9.16655e+06,4.03458e+06,1.20446e+07,0,0,0,0
61.7514,85.1408,1.1005,0,0,2.82923,2.82923,0,0.518011,4.6872,4.4108e+06,3.01846e+06,1.24792e+07,0,0,0,0,62.3131,61.3098,1.89519,0,1,1.34632,1.34632,0,1.01517,1.90512,9.16655e+06,4.03458e+06,1.23411e+07,0,0,0,0
60.1481,85.1408,1.11377,0.01,0,2.82975,2.82975,0,0.530198,4.6872,4.4108e+06,3.01846e+06,1.24815e+07,0,0,0,0,62.271,61.3098,1.90145,0,1,1.34657,1.34657,0,1.04017,1.90512,9.16655e+06,4.03458e+06,1.23434e+07,0,0,0,0
58.4396,85.1408,0.989138,0.01,0,2.83026,2.83026,0,0.530294,4.6872,4.4108e+06,3.01846e+06,1.24837e+07,0,0,0,0,62.0946,61.3098,1.79824,0,1,1.34682,1.34682,0,1.04036,1.90512,9.16655e+06,4.03458e+06,1.23457e+07,0,0,0,0
56.6692,85.1408,0.905688,0.02,0,2.83078,2.83078,0,0.530391,4.6872,4.4108e+06,3.01846e+06,1.2486e+07,0,0,0,0,61.9018,61.3098,1.68156,0,1,1.34706,1.34706,0,1.04055,1.90512,9.16655e+06,4.03458e+06,1.23479e+07,0,0,0,0
54.6654,85.1408,0.783137,0.02,0,3.02039,3.02039,0,0.530488,4.6872,4.4108e+06,3.01846e+06,1.33223e+07,0,0,0,0,61.6271,61.3098,1.6785,0,1,1.46331,1.46331,0,1.04074,1.90512,9.16655e+06,4.03458e+06,1.34135e+07,0,0,0,0
52.59,85.1408,0.688134,0.02,0,3.02094,3.02094,0,0.566021,4.6872,4.4108e+06,3.01846e+06,1.33248e+07,0,0,0,0,61.2383,61.3098,1.67896,0,1,1.46357,1.46357,0,1.13055,1.90512,9.16655e+06,4.03458e+06,1.34159e+07,0,0,0,0
50.4762,85.1408,0.616812,0.02,0,3.02149,3.02149,0,0.566124,4.6872,4.4108e+06,3.01846e+06,1.33272e+07,0,0,0,0,60.9013,61.3098,1.55622,0,1,1.46384,1.46384,0,1.13076,1.90512,9.16655e+06,4.03458e+06,1.34184e+07,0,0,0,0
48.5088,85.1408,0.732694,0.03,0,3.02204,3.02204,0,0.566228,4.6872,4.4108e+06,3.01846e+06,1.33296e+07,0,0,0,0,60.6128,61.3098,1.68498,0,1,1.46411,1.46411,0,1.13096,1.90512,9.16655e+06,4.03458e+06,1.34208e+07,0,0,0,0
47.0506,85.1408,1.25112,0.03,0,3.0226,3.0226,0,0.566331,4.6872,4.4108e+06,3.01846e+06,1.33321e+07,0,0,0,0,60.4631,61.3098,2.01864,0,1,1.46438,1.46438,0,1.13117,1.90512,9.16655e+06,4.03458e+06,1.34233e+07,0,0,0,0
45.5224,85.1408,1.04879,0.02,0,2.93091,2.93091,0,0.566434,4.6872,4.4108e+06,3.01846e+06,1.29277e+07,0,0,0,0,60.6597,61.3098,2.88789,0,1,1.39417,1.39417,0,1.13138,1.90512,9.16655e+06,4.03458e+06,1.27798e+07,0,0,0,0
43.7965,85.1408,0.821361,0.03,0,2.93144,2.93144,0,0.549252,4.6872,4.4108e+06,3.01846e+06,1.293e+07,0,0,0,0,60.3909,61.3098,1.73366,0,1,1.39443,1.39443,0,1.07714,1.90512,9.16655e+06,4.03458e+06,1.27821e+07,0,0,0,0
41.9554,85.1408,0.683144,0.03,0,2.93198,2.93198,0,0.549353,4.6872,4.4108e+06,3.01846e+06,1.29324e+07,0,0,0,0,60.1734,61.3098,1.53782,0,1,1.39468,1.39468,0,1.07733,1.90512,9.16655e+06,4.03458e+06,1.27844e+07,0,0,0,0
40.6025,85.1408,1.26594,0.05,0,2.93252,2.93252,0,0.549453,4.6872,4.4108e+06,3.01846e+06,1.29347e+07,0,0,0,0,60.2522,61.3098,2.04333,0,1,1.39494,1.39494,0,1.07753,1.90512,9.16655e+06,4.03458e+06,1.27868e+07,0,0,0,0
40.3559,85.1408,2.378,0.05,0,2.85728,2.85728,0,0.549553,4.6872,4.4108e+06,3.01846e+06,1.26029e+07,0,0,0,0,60.6077,61.3098,2.47597,0,1,1.331,1.331,0,1.07773,1.90512,9.16655e+06,4.03458e+06,1.22007e+07,0,0,0,0
40.0526,85.1408,2.27227,0.04,0,2.85781,2.85781,0,0.535455,4.6872,4.4108e+06,3.01846e+06,1.26052e+07,0,0,0,0,60.728,61.3098,2.06743,0,1,1.33124,1.33124,0,1.02833,1.90512,9.16655e+06,4.03458e+06,1.22029e+07,0,0,0,0
39.5739,85.1408,2.17434,0.04,0,2.85833,2.85833,0,0.535553,4.6872,4.4108e+06,3.01846e+06,1.26075e+07,0,0,0,0,61.2216,61.3098,2.42839,0,1,1.33149,1.33149,0,1.02852,1.90512,9.16655e+06,4.03458e+06,1.22051e+07,0,0,0,0
38.9998,85.1408,2.08402,0.04,0,2.85885,2.85885,0,0.535651,4.6872,4.4108e+06,3.01846e+06,1.26098e+07,0,0,0,0,61.9179,61.3098,3.10618,0,1,1.33173,1.33173,0,1.02871,1.90512,9.16655e+06,4.03458e+06,1.22074e+07,0,0,0,0
40.119,85.1408,3.63996,0.04,0,2.64403,2.64403,0,0.535748,4.6872,4.4108e+06,3.01846e+06,1.16623e+07,0,0,0,0,62.1989,61.3098,3.26042,0,1,1.19818,1.19818,0,1.02889,1.90512,9.16655e+06,4.03458e+06,1.09832e+07,0,0,0,0
39.3753,85.1408,1.68333,0.04,0,2.64451,2.64451,0,0.495491,4.6872,4.4108e+06,3.01846e+06,1.16644e+07,0,0,0,0,62.338,61.3098,1.7205,0,1,1.1984,1.1984,0,0.925714,1.90512,9.16655e+06,4.03458e+06,1.09852e+07,0,0,0,0
39.1453,85.1408,2.27983,0.05,0,2.64499,2.64499,0,0.495581,4.6872,4.4108e+06,3.01846e+06,1.16666e+07,0,0,0,0,62.338,61.3098,2.34554,0,1,1.19862,1.19862,0,0.925883,1.90512,9.16655e+06,4.03458e+06,1.09872e+07,0,0,0,0
40.373,85.1408,3.55026,0.06,0,2.30974,2.64548,0,0.495672,4.6872,4.4108e+06,3.01846e+06,1.01878e+07,0,0,0,0,62.338,61.3098,4.46734,0,1,1.53457,1.19884,0,0.926052,1.90512,9.16655e+06,4.03458e+06,1.40667e+07,0,0,0,0
41.4613,85.1408,3.34407,0.06,0,2.31045,2.64596,0,0.432846,4.6872,4.4108e+06,3.01846e+06,1.01909e+07,0,0,0,0,62.233,61.3098,2.01704,0,1,1.53457,1.19906,0,1.18561,1.90512,9.16655e+06,4.03458e+06,1.40667e+07,0,0,0,0
42.0368,85.1408,2.91911,0.06,0,2.39405,2.72934,0,0.432978,4.6872,4.4108e+06,3.01846e+06,1.05597e+07,0,0,0,0,62.135,61.3098,2.34012,0,1,1.57334,1.23805,0,1.18561,1.90512,9.16655e+06,4.03458e+06,1.44221e+07,0,0,0,0
42.5098,85.1408,2.94464,0.07,0,2.43352,2.72982,0,0.448644,4.6872,4.4108e+06,3.01846e+06,1.07338e+07,0,0,0,0,62.1535,61.3098,2.53654,0,1,1.53457,1.23827,0,1.21557,1.90512,9.16655e+06,4.03458e+06,1.40667e+07,0,0,0,0
45.1707,85.1408,5.1935,0.09,0,2.43421,2.7303,0,0.456041,4.6872,4.4108e+06,3.01846e+06,1.07368e+07,0,0,0,0,62.338,61.3098,7.41029,0,1,1.53457,1.23848,0,1.18561,1.90512,9.16655e+06,4.03458e+06,1.40667e+07,0,0,0,0
46.2288,85.1408,3.85198,0.05,0,2.73078,2.73078,0,0.456171,4.6872,4.4108e+06,3.01846e+06,1.20449e+07,0,0,0,0,62.338,61.3098,4.45899,0,1,1.2387,1.2387,0,1.18561,1.90512,9.16655e+06,4.03458e+06,1.13546e+07,0,0,0,0
46.4284,85.1408,2.87811,0.06,0,2.702,2.99765,0,0.511747,4.6872,4.4108e+06,3.01846e+06,1.1918e+07,0,0,0,0,62.338,61.3098,3.13171,0,1,1.68024,1.38459,0,0.957019,1.90512,9.16655e+06,4.03458e+06,1.5402e+07,0,0,0,0
46.42,85.1408,2.79682,0.06,0,2.84841,2.99818,0,0.506355,4.6872,4.4108e+06,3.01846e+06,1.25638e+07,0,0,0,0,62.338,61.3098,3.2821,0,1,1.53459,1.38483,0,1.29815,1.90512,9.16655e+06,4.03458e+06,1.40669e+07,0,0,0,0
46.586,85.1408,3.1036,0.05,0,2.9987,2.9987,0,0.533792,4.6872,4.4108e+06,3.01846e+06,1.32267e+07,0,0,0,0,62.338,61.3098,3.7385,0,1,1.38507,1.38507,0,1.18563,1.90512,9.16655e+06,4.03458e+06,1.26963e+07,0,0,0,0
47.7937,85.1408,4.13196,0.06,0,2.84995,2.99923,0,0.561957,4.6872,4.4108e+06,3.01846e+06,1.25706e+07,0,0,0,0,62.338,61.3098,4.00074,0,1,1.53459,1.38531,0,1.07011,1.90512,9.16655e+06,4.03458e+06,1.40669e+07,0,0,0,0
49.7325,85.1408,4.6118,0.06,0,2.47048,2.61952,0,0.53408,4.6872,4.4108e+06,3.01846e+06,1.08968e+07,0,0,0,0,62.338,61.3098,4.55417,0,1,1.33897,1.18993,0,1.18563,1.90512,9.16655e+06,4.03458e+06,1.22737e+07,0,0,0,0
53.8541,85.1408,6.73093,0.06,0,2.27555,2.61997,0,0.462967,4.6872,4.4108e+06,3.01846e+06,1.0037e+07,0,0,0,0,62.338,61.3098,4.61686,0,1,1.53456,1.19014,0,1.03449,1.90512,9.16655e+06,4.03458e+06,1.40666e+07,0,0,0,0
56.4666,85.1408,5.49484,0.04,0,2.62043,2.62043,0,0.426438,4.6872,4.4108e+06,3.01846e+06,1.15582e+07,0,0,0,0,62.338,61.3098,3.87518,0,1,1.19034,1.19034,0,1.1856,1.90512,9.16655e+06,4.03458e+06,1.09113e+07,0,0,0,0
60.8794,85.1408,7.50036,0.04,0,2.62089,2.62089,0,0.491069,4.6872,4.4108e+06,3.01846e+06,1.15602e+07,0,0,0,0,62.338,61.3098,5.61384,0,1,1.19055,1.19055,0,0.91966,1.90512,9.16655e+06,4.03458e+06,1.09133e+07,0,0,0,0
66.9865,85.1408,9.3913,0.01,0,2.62135,2.62135,0,0.491155,4.6872,4.4108e+06,3.01846e+06,1.15623e+07,0,0,0,0,62.338,61.3098,6.46232,0,1,1.19076,1.19076,0,0.919821,1.90512,9.16655e+06,4.03458e+06,1.09152e+07,0,0,0,0
70.5916,85.1408,6.89223,0.02,0,2.7176,2.7176,0,0.491241,4.6872,4.4108e+06,3.01846e+06,1.19868e+07,0,0,0,0,62.338,61.3098,4.75336,0,1,1.23887,1.23887,0,0.919982,1.90512,9.16655e+06,4.03458e+06,1.13562e+07,0,0,0,0
72.1291,85.1408,4.68842,0.01,0,2.71808,2.71808,0,0.509279,4.6872,4.4108e+06,3.01846e+06,1.19889e+07,0,0,0,0,62.338,61.3098,3.66718,0,1,1.23909,1.23909,0,0.957151,1.90512,9.16655e+06,4.03458e+06,1.13581e+07,0,0,0,0
73.1323,85.1408,4.11115,0.01,0,2.71856,2.71856,0,0.509368,4.6872,4.4108e+06,3.01846e+06,1.1991e+07,0,0,0,0,62.338,61.3098,3.23133,0,1,1.2393,1.2393,0,0.957318,1.90512,9.16655e+06,4.03458e+06,1.13601e+07,0,0,0,0
74.1671,85.1408,4.16412,0,0,2.71903,2.71903,0,0.509457,4.6872,4.4108e+06,3.01846e+06,1.19931e+07,0,0,0,0,62.338,61.3098,3.94348,0,1,1.23952,1.23952,0,0.957486,1.90512,9.16655e+06,4.03458e+06,1.13621e+07,0,0,0,0
75.4408,85.1408,4.35132,0,0,2.68203,2.68203,0,0.509547,4.6872,4.4108e+06,3.01846e+06,1.18299e+07,0,0,0,0,62.338,61.3098,3.41942,0,1,1.22112,1.22112,0,0.957653,1.90512,9.16655e+06,4.03458e+06,1.11935e+07,0,0,0,0
76.3674,85.1408,3.95301,0,0,2.6825,2.6825,0,0.502612,4.6872,4.4108e+06,3.01846e+06,1.1832e+07,0,0,0,0,62.338,61.3098,2.86723,0,1,1.22133,1.22133,0,0.943438,1.90512,9.16655e+06,4.03458e+06,1.11954e+07,0,0,0,0
76.9211,85.1408,3.55469,0,0,2.68297,2.68297,0,0.5027,4.6872,4.4108e+06,3.01846e+06,1.1834e+07,0,0,0,0,62.338,61.3098,2.56615,0,1,1.22155,1.22155,0,0.943603,1.90512,9.16655e+06,4.03458e+06,1.11974e+07,0,0,0,0
77.229,85.1408,3.27572,0,0,2.68344,2.68344,0,0.502788,4.6872,4.4108e+06,3.01846e+06,1.18361e+07,0,0,0,0,62.338,61.3098,2.44028,0,1,1.22176,1.22176,0,0.943768,1.90512,9.16655e+06,4.03458e+06,1.11993e+07,0,0,0,0
77.4311,85.1408,3.25981,0,0,2.81122,2.81122,0,0.502876,4.6872,4.4108e+06,3.01846e+06,1.23997e+07,0,0,0,0,62.338,61.3098,2.90652,0,1,1.28804,1.28804,0,0.943933,1.90512,9.16655e+06,4.03458e+06,1.18069e+07,0,0,0,0
77.418,85.1408,3.00364,0,0,2.81171,2.81171,0,0.526823,4.6872,4.4108e+06,3.01846e+06,1.24019e+07,0,0,0,0,62.338,61.3098,2.61771,0,1,1.28827,1.28827,0,0.995142,1.90512,9.16655e+06,4.03458e+06,1.1809e+07,0,0,0,0
77.1892,85.1408,2.74024,0,0,2.81221,2.81221,0,0.526915,4.6872,4.4108e+06,3.01846e+06,1.24041e+07,0,0,0,0,62.338,61.3098,2.61096,0,1,1.28849,1.28849,0,0.995316,1.90512,9.16655e+06,4.03458e+06,1.1811e+07,0,0,0,0
76.9105,85.1408,2.6823,0,0,2.8127,2.8127,0,0.527008,4.6872,4.4108e+06,3.01846e+06,1.24063e+07,0,0,0,0,62.338,61.3098,2.63545,0,1,1.28872,1.28872,0,0.99549,1.90512,9.16655e+06,4.03458e+06,1.18131e+07,0,0,0,0
76.4647,85.1408,2.50372,0,0,2.81319,2.81319,0,0.5271,4.6872,4.4108e+06,3.01846e+06,1.24084e+07,0,0,0,0,62.2642,61.3098,2.43489,0,1,1.28894,1.28894,0,0.995665,1.90512,9.16655e+06,4.03458e+06,1.18152e+07,0,0,0,0
75.9664,85.1408,2.40248,0,0,2.78848,2.78848,0,0.527192,4.6872,4.4108e+06,3.01846e+06,1.22995e+07,0,0,0,0,62.1499,61.3098,1.87195,0,1,1.32551,1.32551,0,0.995839,1.90512,9.16655e+06,4.03458e+06,1.21504e+07,0,0,0,0
75.3878,85.1408,2.31525,0,0,2.78897,2.78897,0,0.522562,4.6872,4.4108e+06,3.01846e+06,1.23016e+07,0,0,0,0,62.0044,61.3098,1.69612,0,1,1.32575,1.32575,0,1.02409,1.90512,9.16655e+06,4.03458e+06,1.21525e+07,0,0,0,0
74.6251,85.1408,2.12582,0,0,2.78946,2.78946,0,0.522653,4.6872,4.4108e+06,3.01846e+06,1.23038e+07,0,0,0,0,61.6789,61.3098,1.70296,0,1,1.32598,1.32598,0,1.02427,1.90512,9.16655e+06,4.03458e+06,1.21546e+07,0,0,0,0
73.6952,85.1408,1.94615,0,0,2.78995,2.78995,0,0.522745,4.6872,4.4108e+06,3.01846e+06,1.23059e+07,0,0,0,0,61.2592,61.3098,1.50045,0,1,1.32621,1.32621,0,1.02445,1.90512,9.16655e+06,4.03458e+06,1.21568e+07,0,0,0,0
72.6419,85.1408,1.84269,0,0,2.85556,2.85556,0,0.522836,4.6872,4.4108e+06,3.01846e+06,1.25953e+07,0,0,0,0,60.9288,61.3098,1.41252,0,1,1.35885,1.35885,0,1.02463,1.90512,9.16655e+06,4.03458e+06,1.2456e+07,0,0,0,0
71.9092,85.1408,2.1741,0,0,2.85606,2.85606,0,0.535132,4.6872,4.4108e+06,3.01846e+06,1.25975e+07,0,0,0,0,60.8534,61.3098,1.75543,0,1,1.35909,1.35909,0,1.04985,1.90512,9.16655e+06,4.03458e+06,1.24582e+07,0,0,0,0
71.0192,85.1408,1.98846,0,0,2.85656,2.85656,0,0.535226,4.6872,4.4108e+06,3.01846e+06,1.25997e+07,0,0,0,0,60.509,61.3098,1.72177,0,1,1.35933,1.35933,0,1.05003,1.90512,9.16655e+06,4.03458e+06,1.24604e+07,0,0,0,0
69.9771,85.1408,1.82447,0,0,2.85706,2.85706,0,0.53532,4.6872,4.4108e+06,3.01846e+06,1.26019e+07,0,0,0,0,60.3225,61.3098,1.51164,0,1,1.35957,1.35957,0,1.05022,1.90512,9.16655e+06,4.03458e+06,1.24625e+07,0,0,0,0
68.8932,85.1408,1.91996,0,0,3.04841,3.04841,0,0.535413,4.6872,4.4108e+06,3.01846e+06,1.34459e+07,0,0,0,0,59.7983,61.3098,1.78711,0,1,1.47688,1.47688,0,1.0504,1.90512,9.16655e+06,4.03458e+06,1.35379e+07,0,0,0,0
67.7884,85.1408,1.89518,0,0,3.04894,3.04894,0,0.571271,4.6872,4.4108e+06,3.01846e+06,1.34483e+07,0,0,0,0,59.2107,61.3098,1.44901,0,1,1.47714,1.47714,0,1.14104,1.90512,9.16655e+06,4.03458e+06,1.35403e+07,0,0,0,0
66.4716,85.1408,1.69676,0.01,0,3.04947,3.04947,0,0.571371,4.6872,4.4108e+06,3.01846e+06,1.34506e+07,0,0,0,0,58.6534,61.3098,1.38954,0,1,1.4774,1.4774,0,1.14124,1.90512,9.16655e+06,4.03458e+06,1.35426e+07,0,0,0,0
65.2006,85.1408,1.71605,0.02,0,3.05001,3.05001,0,0.571471,4.6872,4.4108e+06,3.01846e+06,1.3453e+07,0,0,0,0,58.3972,61.3098,1.51607,0,1,1.47766,1.47766,0,1.14144,1.90512,9.16655e+06,4.03458e+06,1.3545e+07,0,0,0,0
63.9551,85.1408,1.732,0.02,0,3.05054,3.05054,0,0.571571,4.6872,4.4108e+06,3.01846e+06,1.34553e+07,0,0,0,0,57.8077,61.3098,1.74299,0,1,1.47791,1.47791,0,1.14164,1.90512,9.16655e+06,4.03458e+06,1.35474e+07,0,0,0,0
62.4618,85.1408,1.37533,0.01,0,2.95798,2.95798,0,0.571671,4.6872,4.4108e+06,3.01846e+06,1.30471e+07,0,0,0,0,57.338,61.3098,1.40152,0,1,1.40705,1.40705,0,1.14184,1.90512,9.16655e+06,4.03458e+06,1.28978e+07,0,0,0,0
61.3333,85.1408,1.7523,0.01,0,2.9585,2.9585,0,0.554326,4.6872,4.4108e+06,3.01846e+06,1.30494e+07,0,0,0,0,57.365,61.3098,1.54956,0,1,1.4073,1.4073,0,1.08709,1.90512,9.16655e+06,4.03458e+06,1.29001e+07,0,0,0,0
60.9302,85.1408,2.5351,0.02,0,2.95902,2.95902,0,0.554423,4.6872,4.4108e+06,3.01846e+06,1.30517e+07,0,0,0,0,57.6824,61.3098,2.58624,0,1,1.40755,1.40755,0,1.08728,1.90512,9.16655e+06,4.03458e+06,1.29023e+07,0,0,0,0
60.1333,85.1408,2.20272,0.02,0,2.95954,2.95954,0,0.55452,4.6872,4.4108e+06,3.01846e+06,1.30539e+07,0,0,0,0,57.5641,61.3098,1.96591,0,1,1.40779,1.40779,0,1.08747,1.90512,9.16655e+06,4.03458e+06,1.29046e+07,0,0,0,0
59.2374,85.1408,2.0293,0.02,0,2.88359,2.88359,0,0.554617,4.6872,4.4108e+06,3.01846e+06,1.2719e+07,0,0,0,0,57.6246,61.3098,1.53737,0,1,1.34325,1.34325,0,1.08766,1.90512,9.16655e+06,4.03458e+06,1.2313e+07,0,0,0,0
58.324,85.1408,1.97462,0.02,0,2.8841,2.8841,0,0.540385,4.6872,4.4108e+06,3.01846e+06,1.27212e+07,0,0,0,0,57.8608,61.3098,2.06702,0,1,1.34349,1.34349,0,1.0378,1.90512,9.16655e+06,4.03458e+06,1.23152e+07,0,0,0,0
58.3785,85.1408,2.94242,0.02,0,2.8846,2.8846,0,0.54048,4.6872,4.4108e+06,3.01846e+06,1.27234e+07,0,0,0,0,58.7909,61.3098,3.84585,0,1,1.34372,1.34372,0,1.03798,1.90512,9.16655e+06,4.03458e+06,1.23173e+07,0,0,0,0
57.3504,85.1408,1.84809,0.02,0,2.88511,2.88511,0,0.540574,4.6872,4.4108e+06,3.01846e+06,1.27256e+07,0,0,0,0,59.2333,61.3098,2.91311,0,1,1.34396,1.34396,0,1.03816,1.90512,9.16655e+06,4.03458e+06,1.23195e+07,0,0,0,0
59.8535,85.1408,5.44532,0.02,0,2.66829,2.66829,0,0.540669,4.6872,4.4108e+06,3.01846e+06,1.17693e+07,0,0,0,0,60.1402,61.3098,3.54475,0,1,1.20918,1.20918,0,1.03834,1.90512,9.16655e+06,4.03458e+06,1.1084e+07,0,0,0,0
61.2449,85.1408,4.36183,0.01,0,2.66876,2.66876,0,0.500038,4.6872,4.4108e+06,3.01846e+06,1.17714e+07,0,0,0,0,61.8828,61.3098,4.60442,0,1,1.20939,1.20939,0,0.934209,1.90512,9.16655e+06,4.03458e+06,1.10859e+07,0,0,0,0
65.7769,85.1408,7.61245,0.01,0,2.66923,2.66923,0,0.500125,4.6872,4.4108e+06,3.01846e+06,1.17734e+07,0,0,0,0,62.338,61.3098,8.55276,0,1,1.2096,1.2096,0,0.934373,1.90512,9.16655e+06,4.03458e+06,1.10878e+07,0,0,0,0
71.1053,85.1408,8.54351,0.01,0,2.66969,2.66969,0,0.500213,4.6872,4.4108e+06,3.01846e+06,1.17755e+07,0,0,0,0,62.338,61.3098,5.83938,0,1,1.20981,1.20981,0,0.934536,1.90512,9.16655e+06,4.03458e+06,1.10898e+07,0,0,0,0
76.1968,85.1408,8.15917,0,0,2.67016,2.67016,0,0.500301,4.6872,4.4108e+06,3.01846e+06,1.17776e+07,0,0,0,0,62.338,61.3098,6.70167,0,1,1.21002,1.21002,0,0.9347,1.90512,9.16655e+06,4.03458e+06,1.10917e+07,0,0,0,0
79.5758,85.1408,6.57821,0,0,2.75428,2.75428,0,0.500388,4.6872,4.4108e+06,3.01846e+06,1.21486e+07,0,0,0,0,62.338,61.3098,7.57264,0,1,1.24936,1.24936,0,0.934864,1.90512,9.16655e+06,4.03458e+06,1.14523e+07,0,0,0,0
81.6854,85.1408,5.25369,0,0,2.75475,2.75475,0,0.516153,4.6872,4.4108e+06,3.01846e+06,1.21506e+07,0,0,0,0,62.338,61.3098,4.84642,0,1,1.24957,1.24957,0,0.965258,1.90512,9.16655e+06,4.03458e+06,1.14543e+07,0,0,0,0
85.1408,85.1408,7.53846,0,0,2.75521,2.75521,0,0.51624,4.6872,4.4108e+06,3.01846e+06,1.21527e+07,0,0,0,0,62.338,61.3098,4.99696,0,1,1.24978,1.24978,0,0.96542,1.90512,9.16655e+06,4.03458e+06,1.14562e+07,0,0,0,0
85.1408,85.1408,10.8937,0,0,2.75567,2.75567,0,0.516326,4.6872,4.4108e+06,3.01846e+06,1.21547e+07,0,0,0,0,62.338,61.3098,9.83422,0,1,1.24999,1.24999,0,0.965582,1.90512,9.16655e+06,4.03458e+06,1.14581e+07,0,0,0,0
85.1408,85.1408,13.3305,0,0,3.02496,3.02496,0,0.516413,4.6872,4.4108e+06,3.01846e+06,1.33425e+07,0,0,0,0,62.338,61.3098,17.1347,0,1,1.3972,1.3972,0,0.965744,1.90512,9.16655e+06,4.03458e+06,1.28075e+07,0,0,0,0
85.1408,85.1408,11.9668,0,0,3.02547,3.02547,0,0.566878,4.6872,4.4108e+06,3.01846e+06,1.33448e+07,0,0,0,0,62.338,61.3098,13.5634,0,1,1.39743,1.39743,0,1.07948,1.90512,9.16655e+06,4.03458e+06,1.28096e+07,0,0,0,0
85.1408,85.1408,8.66128,0,0,3.02598,3.02598,0,0.566973,4.6872,4.4108e+06,3.01846e+06,1.3347e+07,0,0,0,0,62.338,61.3098,10.4924,0,1,1.39767,1.39767,0,1.07966,1.90512,9.16655e+06,4.03458e+06,1.28118e+07,0,0,0,0
85.1408,85.1408,5.5032,0,0,3.02649,3.02649,0,0.567068,4.6872,4.4108e+06,3.01846e+06,1.33492e+07,0,0,0,0,62.338,61.3098,6.67316,0,1,1.3979,1.3979,0,1.07984,1.90512,9.16655e+06,4.03458e+06,1.2814e+07,0,0,0,0
85.1408,85.1408,5.29014,0,0,2.6433,2.6433,0,0.567164,4.6872,4.4108e+06,3.01846e+06,1.16591e+07,0,0,0,0,62.338,61.3098,8.1871,0,1,1.20073,1.20073,0,1.08002,1.90512,9.16655e+06,4.03458e+06,1.10066e+07,0,0,0,0
85.1408,85.1408,12.9724,0,0,2.64375,2.64375,0,0.495355,4.6872,4.4108e+06,3.01846e+06,1.16611e+07,0,0,0,0,62.338,61.3098,29.3891,0,1,1.20094,1.20094,0,0.927687,1.90512,9.16655e+06,4.03458e+06,1.10084e+07,0,0,0,0
85.1408,85.1408,10.4474,0,0,2.64419,2.64419,0,0.495439,4.6872,4.4108e+06,3.01846e+06,1.1663e+07,0,0,0,0,62.338,61.3098,20.8826,0,1,1.20114,1.20114,0,0.927843,1.90512,9.16655e+06,4.03458e+06,1.10103e+07,0,0,0,0
85.1408,85.1408,8.55821,0,0,2.64464,2.64464,0,0.495522,4.6872,4.4108e+06,3.01846e+06,1.1665e+07,0,0,0,0,62.338,61.3098,13.9454,0,1,1.20134,1.20134,0,0.927999,1.90512,9.16655e+06,4.03458e+06,1.10121e+07,0,0,0,0
85.1408,85.1408,6.80831,0,0,2.64508,2.64508,0,0.495605,4.6872,4.4108e+06,3.01846e+06,1.16669e+07,0,0,0,0,62.338,61.3098,9.90957,0,1,1.20154,1.20154,0,0.928155,1.90512,9.16655e+06,4.03458e+06,1.1014e+07,0,0,0,0
85.1408,85.1408,9.7261,0,0,2.74219,2.74219,0,0.495688,4.6872,4.4108e+06,3.01846e+06,1.20952e+07,0,0,0,0,62.338,61.3098,18.5312,0,1,1.25008,1.25008,0,0.928311,1.90512,9.16655e+06,4.03458e+06,1.14589e+07,0,0,0,0
85.1408,85.1408,10.468,0,0,2.74265,2.74265,0,0.513886,4.6872,4.4108e+06,3.01846e+06,1.20973e+07,0,0,0,0,62.338,61.3098,12.6656,0,1,1.25029,1.25029,0,0.965809,1.90512,9.16655e+06,4.03458e+06,1.14608e+07,0,0,0,0
85.1408,85.1408,8.62734,0,0,2.74311,2.74311,0,0.513972,4.6872,4.4108e+06,3.01846e+06,1.20993e+07,0,0,0,0,62.338,61.3098,10.5151,0,1,1.2505,1.2505,0,0.965971,1.90512,9.16655e+06,4.03458e+06,1.14627e+07,0,0,0,0
85.1408,85.1408,7.8691,0,0,2.74357,2.74357,0,0.514059,4.6872,4.4108e+06,3.01846e+06,1.21013e+07,0,0,0,0,62.338,61.3098,9.62367,0,1,1.25071,1.25071,0,0.966133,1.90512,9.16655e+06,4.03458e+06,1.14647e+07,0,0,0,0
85.1408,85.1408,6.6974,0,0,2.70621,2.70621,0,0.514145,4.6872,4.4108e+06,3.01846e+06,1.19366e+07,0,0,0,0,62.338,61.3098,7.61222,0,1,1.23213,1.23213,0,0.966296,1.90512,9.16655e+06,4.03458e+06,1.12944e+07,0,0,0,0
85.1408,85.1408,5.98787,0,0,2.70667,2.70667,0,0.507144,4.6872,4.4108e+06,3.01846e+06,1.19386e+07,0,0,0,0,62.338,61.3098,4.76268,0,1,1.23234,1.23234,0,0.951945,1.90512,9.16655e+06,4.03458e+06,1.12963e+07,0,0,0,0
85.1408,85.1408,5.55116,0,0,2.70712,2.70712,0,0.507229,4.6872,4.4108e+06,3.01846e+06,1.19406e+07,0,0,0,0,62.338,61.3098,4.71188,0,1,1.23255,1.23255,0,0.952105,1.90512,9.16655e+06,4.03458e+06,1.12982e+07,0,0,0,0
85.1408,85.1408,4.91019,0,0,2.70758,2.70758,0,0.507314,4.6872,4.4108e+06,3.01846e+06,1.19426e+07,0,0,0,0,62.338,61.3098,5.13067,0,1,1.23275,1.23275,0,0.952265,1.90512,9.16655e+06,4.03458e+06,1.13001e+07,0,0,0,0
85.1408,85.1408,3.97077,0,0,2.83649,2.83649,0,0.5074,4.6872,4.4108e+06,3.01846e+06,1.25112e+07,0,0,0,0,62.338,61.3098,4.73293,0,1,1.29962,1.29962,0,0.952425,1.90512,9.16655e+06,4.03458e+06,1.1913e+07,0,0,0,0
85.1408,85.1408,4.69695,0,0,2.83697,2.83697,0,0.531558,4.6872,4.4108e+06,3.01846e+06,1.25133e+07,0,0,0,0,62.338,61.3098,3.74877,0,1,1.29984,1.29984,0,1.00409,1.90512,9.16655e+06,4.03458e+06,1.1915e+07,0,0,0,0
85.1408,85.1408,4.5638,0,0,2.83744,2.83744,0,0.531648,4.6872,4.4108e+06,3.01846e+06,1.25154e+07,0,0,0,0,62.338,61.3098,3.96833,0,1,1.30006,1.30006,0,1.00426,1.90512,9.16655e+06,4.03458e+06,1.1917e+07,0,0,0,0
85.1408,85.1408,4.15242,0,0,2.83792,2.83792,0,0.531737,4.6872,4.4108e+06,3.01846e+06,1.25175e+07,0,0,0,0,62.338,61.3098,3.81084,0,1,1.30028,1.30028,0,1.00442,1.90512,9.16655e+06,4.03458e+06,1.1919e+07,0,0,0,0
85.1408,85.1408,3.95253,0,0,2.8384,2.8384,0,0.531826,4.6872,4.4108e+06,3.01846e+06,1.25196e+07,0,0,0,0,62.338,61.3098,3.88288,0,1,1.30049,1.30049,0,1.00459,1.90512,9.16655e+06,4.03458e+06,1.1921e+07,0,0,0,0
85.1408,85.1408,4.13319,0,0,2.81345,2.81345,0,0.531916,4.6872,4.4108e+06,3.01846e+06,1.24096e+07,0,0,0,0,62.338,61.3098,3.87422,0,1,1.33738,1.33738,0,1.00476,1.90512,9.16655e+06,4.03458e+06,1.22592e+07,0,0,0,0
85.1408,85.1408,4.13304,0,0,2.81392,2.81392,0,0.52724,4.6872,4.4108e+06,3.01846e+06,1.24117e+07,0,0,0,0,62.338,61.3098,4.09138,0,1,1.33761,1.33761,0,1.03326,1.90512,9.16655e+06,4.03458e+06,1.22612e+07,0,0,0,0
85.1408,85.1408,3.7294,0,0,2.81439,2.81439,0,0.527329,4.6872,4.4108e+06,3.01846e+06,1.24137e+07,0,0,0,0,62.338,61.3098,3.66643,0,1,1.33783,1.33783,0,1.03343,1.90512,9.16655e+06,4.03458e+06,1.22633e+07,0,0,0,0
85.1408,85.1408,3.47665,0,0,2.81487,2.81487,0,0.527417,4.6872,4.4108e+06,3.01846e+06,1.24158e+07,0,0,0,0,62.338,61.3098,3.70995,0,1,1.33805,1.33805,0,1.03361,1.90512,9.16655e+06,4.03458e+06,1.22653e+07,0,0,0,0
85.1408,85.1408,3.27248,0,0,2.88104,2.88104,0,0.527506,4.6872,4.4108e+06,3.01846e+06,1.27077e+07,0,0,0,0,62.338,61.3098,3.27414,0,1,1.37098,1.37098,0,1.03378,1.90512,9.16655e+06,4.03458e+06,1.25672e+07,0,0,0,0
85.1408,85.1408,3.41039,0,0,2.88153,2.88153,0,0.539908,4.6872,4.4108e+06,3.01846e+06,1.27099e+07,0,0,0,0,62.338,61.3098,3.45759,0,1,1.37121,1.37121,0,1.05922,1.90512,9.16655e+06,4.03458e+06,1.25693e+07,0,0,0,0
85.1408,85.1408,3.1184,0,0,2.88201,2.88201,0,0.539998,4.6872,4.4108e+06,3.01846e+06,1.2712e+07,0,0,0,0,62.338,61.3098,3.42128,0,1,1.37144,1.37144,0,1.0594,1.90512,9.16655e+06,4.03458e+06,1.25714e+07,0,0,0,0
84.9384,85.1408,2.86144,0,0,2.8825,2.8825,0,0.540089,4.6872,4.4108e+06,3.01846e+06,1.27141e+07,0,0,0,0,62.338,61.3098,2.99453,0,1,1.37167,1.37167,0,1.05958,1.90512,9.16655e+06,4.03458e+06,1.25735e+07,0,0,0,0
84.7357,85.1408,3.01075,0,0,3.07552,3.07552,0,0.54018,4.6872,4.4108e+06,3.01846e+06,1.35655e+07,0,0,0,0,62.338,61.3098,3.54628,0,1,1.49002,1.49002,0,1.05975,1.90512,9.16655e+06,4.03458e+06,1.36583e+07,0,0,0,0
84.7926,85.1408,3.27291,0,0,3.07604,3.07604,0,0.576353,4.6872,4.4108e+06,3.01846e+06,1.35678e+07,0,0,0,0,62.338,61.3098,3.29601,0,1,1.49027,1.49027,0,1.15119,1.90512,9.16655e+06,4.03458e+06,1.36606e+07,0,0,0,0
85.1408,85.1408,3.72812,0,0,3.07656,3.07656,0,0.57645,4.6872,4.4108e+06,3.01846e+06,1.35701e+07,0,0,0,0,62.338,61.3098,4.05584,0,1,1.49052,1.49052,0,1.15138,1.90512,9.16655e+06,4.03458e+06,1.36629e+07,0,0,0,0
84.8691,85.1408,2.99475,0,0,3.07707,3.07707,0,0.576547,4.6872,4.4108e+06,3.01846e+06,1.35724e+07,0,0,0,0,62.338,61.3098,2.92243,0,1,1.49077,1.49077,0,1.15157,1.90512,9.16655e+06,4.03458e+06,1.36652e+07,0,0,0,0
85.1408,85.1408,3.63481,0,0,3.07759,3.07759,0,0.576644,4.6872,4.4108e+06,3.01846e+06,1.35746e+07,0,0,0,0,62.338,61.3098,5.10395,0,1,1.49102,1.49102,0,1.15177,1.90512,9.16655e+06,4.03458e+06,1.36675e+07,0,0,0,0
85.1408,85.1408,3.73818,0,0,2.98419,2.98419,0,0.57674,4.6872,4.4108e+06,3.01846e+06,1.31627e+07,0,0,0,0,62.338,61.3098,4.4353,0,1,1.41952,1.41952,0,1.15196,1.90512,9.16655e+06,4.03458e+06,1.30121e+07,0,0,0,0
85.1408,85.1408,3.91282,0,0,2.98469,2.98469,0,0.559237,4.6872,4.4108e+06,3.01846e+06,1.31649e+07,0,0,0,0,62.338,61.3098,4.92053,0,1,1.41976,1.41976,0,1.09672,1.90512,9.16655e+06,4.03458e+06,1.30143e+07,0,0,0,0
85.1408,85.1408,5.08809,0,0,2.98519,2.98519,0,0.559331,4.6872,4.4108e+06,3.01846e+06,1.31671e+07,0,0,0,0,62.338,61.3098,5.87016,0,1,1.42,1.42,0,1.0969,1.90512,9.16655e+06,4.03458e+06,1.30165e+07,0,0,0,0
85.1408,85.1408,7.36796,0,0,2.9857,2.9857,0,0.559425,4.6872,4.4108e+06,3.01846e+06,1.31693e+07,0,0,0,0,62.338,61.3098,6.96146,0,1,1.42023,1.42023,0,1.09709,1.90512,9.16655e+06,4.03458e+06,1.30186e+07,0,0,0,0
85.1408,85.1408,10.209,0,0,2.90906,2.90906,0,0.559519,4.6872,4.4108e+06,3.01846e+06,1.28313e+07,0,0,0,0,62.338,61.3098,8.95184,0,1,1.35512,1.35512,0,1.09727,1.90512,9.16655e+06,4.03458e+06,1.24217e+07,0,0,0,0
85.1408,85.1408,9.3349,0,0,2.90954,2.90954,0,0.545157,4.6872,4.4108e+06,3.01846e+06,1.28334e+07,0,0,0,0,62.338,61.3098,6.81714,0,1,1.35534,1.35534,0,1.04696,1.90512,9.16655e+06,4.03458e+06,1.24238e+07,0,0,0,0
85.1408,85.1408,6.0737,0,0,2.91003,2.91003,0,0.545249,4.6872,4.4108e+06,3.01846e+06,1.28356e+07,0,0,0,0,62.338,61.3098,4.72164,0,1,1.35557,1.35557,0,1.04714,1.90512,9.16655e+06,4.03458e+06,1.24259e+07,0,0,0,0
85.1408,85.1408,9.91066,0,0,2.91052,2.91052,0,0.54534,4.6872,4.4108e+06,3.01846e+06,1.28377e+07,0,0,0,0,62.338,61.3098,6.8411,0,1,1.3558,1.3558,0,1.04732,1.90512,9.16655e+06,4.03458e+06,1.2428e+07,0,0,0,0
85.1408,85.1408,14.5736,0,0,2.69178,2.69178,0,0.545432,4.6872,4.4108e+06,3.01846e+06,1.18729e+07,0,0,0,0,62.338,61.3098,7.56758,0,1,1.21982,1.21982,0,1.04749,1.90512,9.16655e+06,4.03458e+06,1.11815e+07,0,0,0,0
85.1408,85.1408,11.4512,0,0,2.69223,2.69223,0,0.504439,4.6872,4.4108e+06,3.01846e+06,1.18749e+07,0,0,0,0,62.338,61.3098,10.0303,0,1,1.22002,1.22002,0,0.942432,1.90512,9.16655e+06,4.03458e+06,1.11834e+07,0,0,0,0
85.1408,85.1408,12.3134,0,0,2.69268,2.69268,0,0.504524,4.6872,4.4108e+06,3.01846e+06,1.18769e+07,0,0,0,0,62.338,61.3098,11.1606,0,1,1.22023,1.22023,0,0.942591,1.90512,9.16655e+06,4.03458e+06,1.11853e+07,0,0,0,0
85.1408,85.1408,9.91896,0,0,2.69314,2.69314,0,0.504609,4.6872,4.4108e+06,3.01846e+06,1.18789e+07,0,0,0,0,62.338,61.3098,9.83073,0,1,1.22043,1.22043,0,0.942749,1.90512,9.16655e+06,4.03458e+06,1.11872e+07,0,0,0,0
85.1408,85.1408,14.4987,0,0,2.69359,2.69359,0,0.504694,4.6872,4.4108e+06,3.01846e+06,1.18809e+07,0,0,0,0,62.338,61.3098,10.9472,0,1,1.22064,1.22064,0,0.942908,1.90512,9.16655e+06,4.03458e+06,1.1189e+07,0,0,0,0
85.1408,85.1408,9.47102,0,0,2.77843,2.77843,0,0.504779,4.6872,4.4108e+06,3.01846e+06,1.22551e+07,0,0,0,0,62.338,61.3098,9.0451,0,1,1.26032,1.26032,0,0.943066,1.90512,9.16655e+06,4.03458e+06,1.15527e+07,0,0,0,0
85.1408,85.1408,3.84207,0,0,2.77888,2.77888,0,0.520678,4.6872,4.4108e+06,3.01846e+06,1.22571e+07,0,0,0,0,62.338,61.3098,4.20404,0,1,1.26052,1.26052,0,0.97372,1.90512,9.16655e+06,4.03458e+06,1.15546e+07,0,0,0,0
85.1408,85.1408,8.20812,0,0,2.77933,2.77933,0,0.520762,4.6872,4.4108e+06,3.01846e+06,1.22591e+07,0,0,0,0,62.338,61.3098,5.74882,0,1,1.26072,1.26072,0,0.973877,1.90512,9.16655e+06,4.03458e+06,1.15565e+07,0,0,0,0
85.1408,85.1408,12.1228,0,0,2.77978,2.77978,0,0.520846,4.6872,4.4108e+06,3.01846e+06,1.2261e+07,0,0,0,0,62.338,61.3098,7.02614,0,1,1.26093,1.26093,0,0.974034,1.90512,9.16655e+06,4.03458e+06,1.15583e+07,0,0,0,0
85.1408,85.1408,8.96601,0,0,3.0514,3.0514,0,0.52093,4.6872,4.4108e+06,3.01846e+06,1.34591e+07,0,0,0,0,62.338,61.3098,6.60243,0,1,1.40941,1.40941,0,0.974191,1.90512,9.16655e+06,4.03458e+06,1.29194e+07,0,0,0,0
85.1408,85.1408,12.2831,0,0,3.05189,3.05189,0,0.571832,4.6872,4.4108e+06,3.01846e+06,1.34613e+07,0,0,0,0,62.338,61.3098,8.26925,0,1,1.40964,1.40964,0,1.08891,1.90512,9.16655e+06,4.03458e+06,1.29215e+07,0,0,0,0
85.1408,85.1408,6.41725,0,0,3.05239,3.05239,0,0.571925,4.6872,4.4108e+06,3.01846e+06,1.34635e+07,0,0,0,0,62.338,61.3098,4.64207,0,1,1.40987,1.40987,0,1.08909,1.90512,9.16655e+06,4.03458e+06,1.29236e+07,0,0,0,0
85.1408,85.1408,5.01402,0,0,3.05288,3.05288,0,0.572017,4.6872,4.4108e+06,3.01846e+06,1.34656e+07,0,0,0,0,62.338,61.3098,4.00335,0,1,1.41009,1.41009,0,1.08926,1.90512,9.16655e+06,4.03458e+06,1.29257e+07,0,0,0,0
85.1408,85.1408,4.61761,0,0,2.66634,2.66634,0,0.572109,4.6872,4.4108e+06,3.01846e+06,1.17607e+07,0,0,0,0,62.338,61.3098,4.42066,0,1,1.2112,1.2112,0,1.08944,1.90512,9.16655e+06,4.03458e+06,1.11025e+07,0,0,0,0
85.0432,85.1408,3.13704,0,0,2.66677,2.66677,0,0.499671,4.6872,4.4108e+06,3.01846e+06,1.17626e+07,0,0,0,0,62.338,61.3098,3.39596,0,1,1.21139,1.21139,0,0.93577,1.90512,9.16655e+06,4.03458e+06,1.11043e+07,0,0,0,0
84.9536,85.1408,3.18602,0,0,2.6672,2.6672,0,0.499752,4.6872,4.4108e+06,3.01846e+06,1.17645e+07,0,0,0,0,62.338,61.3098,3.40384,0,1,1.21159,1.21159,0,0.935921,1.90512,9.16655e+06,4.03458e+06,1.11061e+07,0,0,0,0
85.1408,85.1408,5.40987,0,0,2.66763,2.66763,0,0.499832,4.6872,4.4108e+06,3.01846e+06,1.17664e+07,0,0,0,0,62.338,61.3098,5.79663,0,1,1.21178,1.21178,0,0.936072,1.90512,9.16655e+06,4.03458e+06,1.11079e+07,0,0,0,0
85.1408,85.1408,9.62648,0,0,2.66806,2.66806,0,0.499913,4.6872,4.4108e+06,3.01846e+06,1.17683e+07,0,0,0,0,62.338,61.3098,9.07012,0,1,1.21198,1.21198,0,0.936223,1.90512,9.16655e+06,4.03458e+06,1.11097e+07,0,0,0,0
85.1408,85.1408,9.22172,0,0,2.76599,2.76599,0,0.499994,4.6872,4.4108e+06,3.01846e+06,1.22002e+07,0,0,0,0,62.338,61.3098,7.90528,0,1,1.26093,1.26093,0,0.936374,1.90512,9.16655e+06,4.03458e+06,1.15583e+07,0,0,0,0
85.1408,85.1408,5.03285,0,0,2.76643,2.76643,0,0.518346,4.6872,4.4108e+06,3.01846e+06,1.22022e+07,0,0,0,0,62.338,61.3098,5.17988,0,1,1.26113,1.26113,0,0.974191,1.90512,9.16655e+06,4.03458e+06,1.15602e+07,0,0,0,0
85.1408,85.1408,4.14412,0,0,2.76688,2.76688,0,0.51843,4.6872,4.4108e+06,3.01846e+06,1.22042e+07,0,0,0,0,62.338,61.3098,4.77351,0,1,1.26133,1.26133,0,0.974348,1.90512,9.16655e+06,4.03458e+06,1.15621e+07,0,0,0,0
85.1408,85.1408,3.64827,0,0,2.76733,2.76733,0,0.518513,4.6872,4.4108e+06,3.01846e+06,1.22061e+07,0,0,0,0,62.338,61.3098,4.40541,0,1,1.26154,1.26154,0,0.974505,1.90512,9.16655e+06,4.03458e+06,1.15639e+07,0,0,0,0
85.1408,85.1408,4.00073,0,0,2.72963,2.72963,0,0.518597,4.6872,4.4108e+06,3.01846e+06,1.20398e+07,0,0,0,0,62.338,61.3098,4.1036,0,1,1.24279,1.24279,0,0.974663,1.90512,9.16655e+06,4.03458e+06,1.13921e+07,0,0,0,0
85.1408,85.1408,3.80607,0,0,2.73007,2.73007,0,0.511532,4.6872,4.4108e+06,3.01846e+06,1.20418e+07,0,0,0,0,62.338,61.3098,3.83522,0,1,1.24299,1.24299,0,0.960181,1.90512,9.16655e+06,4.03458e+06,1.1394e+07,0,0,0,0
85.1408,85.1408,3.42469,0,0,2.73051,2.73051,0,0.511614,4.6872,4.4108e+06,3.01846e+06,1.20437e+07,0,0,0,0,62.338,61.3098,3.97227,0,1,1.24319,1.24319,0,0.960336,1.90512,9.16655e+06,4.03458e+06,1.13958e+07,0,0,0,0
85.1408,85.1408,3.70862,0,0,2.73095,2.73095,0,0.511697,4.6872,4.4108e+06,3.01846e+06,1.20457e+07,0,0,0,0,62.338,61.3098,3.40493,0,1,1.24339,1.24339,0,0.960491,1.90512,9.16655e+06,4.03458e+06,1.13976e+07,0,0,0,0
85.1408,85.1408,3.34758,0,0,2.86096,2.86096,0,0.511779,4.6872,4.4108e+06,3.01846e+06,1.26191e+07,0,0,0,0,62.338,61.3098,3.47873,0,1,1.31083,1.31083,0,0.960646,1.90512,9.16655e+06,4.03458e+06,1.20158e+07,0,0,0,0
85.0032,85.1408,3.0755,0,0,2.86142,2.86142,0,0.536143,4.6872,4.4108e+06,3.01846e+06,1.26211e+07,0,0,0,0,62.338,61.3098,3.38217,0,1,1.31104,1.31104,0,1.01275,1.90512,9.16655e+06,4.03458e+06,1.20177e+07,0,0,0,0
84.748,85.1408,2.84131,0,0,2.86188,2.86188,0,0.53623,4.6872,4.4108e+06,3.01846e+06,1.26232e+07,0,0,0,0,62.338,61.3098,2.94636,0,1,1.31125,1.31125,0,1.01291,1.90512,9.16655e+06,4.03458e+06,1.20197e+07,0,0,0,0
84.3846,85.1408,2.71763,0,0,2.86234,2.86234,0,0.536316,4.6872,4.4108e+06,3.01846e+06,1.26252e+07,0,0,0,0,62.338,61.3098,2.91878,0,1,1.31146,1.31146,0,1.01307,1.90512,9.16655e+06,4.03458e+06,1.20216e+07,0,0,0,0
83.9097,85.1408,2.59643,0,0,2.8628,2.8628,0,0.536403,4.6872,4.4108e+06,3.01846e+06,1.26273e+07,0,0,0,0,62.338,61.3098,3.09433,0,1,1.31168,1.31168,0,1.01324,1.90512,9.16655e+06,4.03458e+06,1.20235e+07,0,0,0,0
83.0913,85.1408,2.22418,0,0,2.83762,2.83762,0,0.536489,4.6872,4.4108e+06,3.01846e+06,1.25162e+07,0,0,0,0,62.338,61.3098,2.46108,0,1,1.34887,1.34887,0,1.0134,1.90512,9.16655e+06,4.03458e+06,1.23645e+07,0,0,0,0
82.1343,85.1408,2.05054,0,0,2.83808,2.83808,0,0.53177,4.6872,4.4108e+06,3.01846e+06,1.25182e+07,0,0,0,0,62.338,61.3098,2.08089,0,1,1.34909,1.34909,0,1.04214,1.90512,9.16655e+06,4.03458e+06,1.23665e+07,0,0,0,0
81.1036,85.1408,1.95438,0,0,2.83854,2.83854,0,0.531856,4.6872,4.4108e+06,3.01846e+06,1.25202e+07,0,0,0,0,62.2843,61.3098,2.07228,0,1,1.34931,1.34931,0,1.04231,1.90512,9.16655e+06,4.03458e+06,1.23685e+07,0,0,0,0
79.8725,85.1408,1.71787,0,0,2.83899,2.83899,0,0.531941,4.6872,4.4108e+06,3.01846e+06,1.25222e+07,0,0,0,0,62.3112,61.3098,1.90027,0,1,1.34952,1.34952,0,1.04247,1.90512,9.16655e+06,4.03458e+06,1.23705e+07,0,0,0,0
78.5214,85.1408,1.6346,0,0,2.90572,2.90572,0,0.532027,4.6872,4.4108e+06,3.01846e+06,1.28165e+07,0,0,0,0,62.2054,61.3098,1.90231,0,1,1.38272,1.38272,0,1.04264,1.90512,9.16655e+06,4.03458e+06,1.26748e+07,0,0,0,0
77.3027,85.1408,1.76508,0,0,2.90619,2.90619,0,0.544532,4.6872,4.4108e+06,3.01846e+06,1.28186e+07,0,0,0,0,62.2076,61.3098,1.89792,0,1,1.38295,1.38295,0,1.06829,1.90512,9.16655e+06,4.03458e+06,1.26768e+07,0,0,0,0
75.9781,85.1408,1.63405,0,0,2.90666,2.90666,0,0.544619,4.6872,4.4108e+06,3.01846e+06,1.28207e+07,0,0,0,0,62.0066,61.3098,1.90371,0,1,1.38317,1.38317,0,1.06846,1.90512,9.16655e+06,4.03458e+06,1.26789e+07,0,0,0,0
74.5463,85.1408,1.51402,0,0,2.90712,2.90712,0,0.544707,4.6872,4.4108e+06,3.01846e+06,1.28228e+07,0,0,0,0,61.8733,61.3098,1.70152,0,1,1.38339,1.38339,0,1.06864,1.90512,9.16655e+06,4.03458e+06,1.26809e+07,0,0,0,0
72.9998,85.1408,1.54122,0,0,3.10178,3.10178,0,0.544795,4.6872,4.4108e+06,3.01846e+06,1.36813e+07,0,0,0,0,61.6451,61.3098,1.91753,0,1,1.50274,1.50274,0,1.06881,1.90512,9.16655e+06,4.03458e+06,1.37749e+07,0,0,0,0
71.1275,85.1408,1.18448,0,0,3.10228,3.10228,0,0.581273,4.6872,4.4108e+06,3.01846e+06,1.36835e+07,0,0,0,0,61.3465,61.3098,1.79103,0,1,1.50298,1.50298,0,1.16102,1.90512,9.16655e+06,4.03458e+06,1.37771e+07,0,0,0,0
69.1738,85.1408,1.07906,0.01,0,3.10278,3.10278,0,0.581367,4.6872,4.4108e+06,3.01846e+06,1.36858e+07,0,0,0,0,61.0966,61.3098,1.72053,0,1,1.50322,1.50322,0,1.1612,1.90512,9.16655e+06,4.03458e+06,1.37794e+07,0,0,0,0
67.7375,85.1408,1.61811,0.01,0,3.10328,3.10328,0,0.581461,4.6872,4.4108e+06,3.01846e+06,1.3688e+07,0,0,0,0,60.9525,61.3098,2.05679,0,1,1.50347,1.50347,0,1.16139,1.90512,9.16655e+06,4.03458e+06,1.37816e+07,0,0,0,0
66.9238,85.1408,2.2691,0.02,0,3.10378,3.10378,0,0.581555,4.6872,4.4108e+06,3.01846e+06,1.36902e+07,0,0,0,0,61.0004,61.3098,2.30663,0,1,1.50371,1.50371,0,1.16158,1.90512,9.16655e+06,4.03458e+06,1.37838e+07,0,0,0,0
65.2993,85.1408,1.35324,0.02,0,3.00957,3.00957,0,0.581649,4.6872,4.4108e+06,3.01846e+06,1.32746e+07,0,0,0,0,60.9058,61.3098,1.85069,0,1,1.43159,1.43159,0,1.16176,1.90512,9.16655e+06,4.03458e+06,1.31227e+07,0,0,0,0
63.488,85.1408,1.1223,0.02,0,3.01005,3.01005,0,0.563993,4.6872,4.4108e+06,3.01846e+06,1.32767e+07,0,0,0,0,61.0032,61.3098,2.96251,0,1,1.43182,1.43182,0,1.10605,1.90512,9.16655e+06,4.03458e+06,1.31248e+07,0,0,0,0
61.5411,85.1408,0.968323,0.02,0,3.01054,3.01054,0,0.564084,4.6872,4.4108e+06,3.01846e+06,1.32789e+07,0,0,0,0,60.7185,61.3098,1.64727,0,1,1.43205,1.43205,0,1.10622,1.90512,9.16655e+06,4.03458e+06,1.3127e+07,0,0,0,0
59.6386,85.1408,1.00569,0.02,0,3.01102,3.01102,0,0.564175,4.6872,4.4108e+06,3.01846e+06,1.3281e+07,0,0,0,0,60.4927,61.3098,1.59398,0,1,1.43228,1.43228,0,1.1064,1.90512,9.16655e+06,4.03458e+06,1.31291e+07,0,0,0,0
59.5358,85.1408,2.92353,0.02,0,2.93371,2.93371,0,0.564266,4.6872,4.4108e+06,3.01846e+06,1.294e+07,0,0,0,0,60.9776,61.3098,2.78984,0,1,1.3666,1.3666,0,1.10658,1.90512,9.16655e+06,4.03458e+06,1.2527e+07,0,0,0,0
58.5931,85.1408,2.01532,0.02,0,2.93419,2.93419,0,0.549778,4.6872,4.4108e+06,3.01846e+06,1.29421e+07,0,0,0,0,60.9317,61.3098,1.76943,0,1,1.36682,1.36682,0,1.05584,1.90512,9.16655e+06,4.03458e+06,1.25291e+07,0,0,0,0
57.3297,85.1408,1.66386,0.02,0,2.93466,2.93466,0,0.549867,4.6872,4.4108e+06,3.01846e+06,1.29442e+07,0,0,0,0,60.8153,61.3098,1.80705,0,1,1.36704,1.36704,0,1.05601,1.90512,9.16655e+06,4.03458e+06,1.25311e+07,0,0,0,0
58.5316,85.1408,4.2497,0.02,0,2.93513,2.93513,0,0.549955,4.6872,4.4108e+06,3.01846e+06,1.29463e+07,0,0,0,0,61.6626,61.3098,5.56807,0,1,1.36726,1.36726,0,1.05618,1.90512,9.16655e+06,4.03458e+06,1.25331e+07,0,0,0,0
60.585,85.1408,5.00428,0.02,0,2.71452,2.71452,0,0.550044,4.6872,4.4108e+06,3.01846e+06,1.19732e+07,0,0,0,0,62.338,61.3098,4.52567,0,1,1.23013,1.23013,0,1.05635,1.90512,9.16655e+06,4.03458e+06,1.1276e+07,0,0,0,0
60.8033,85.1408,3.12882,0.02,0,2.71496,2.71496,0,0.508702,4.6872,4.4108e+06,3.01846e+06,1.19752e+07,0,0,0,0,62.338,61.3098,2.69594,0,1,1.23032,1.23032,0,0.950395,1.90512,9.16655e+06,4.03458e+06,1.12778e+07,0,0,0,0
64.7006,85.1408,7.06846,0.02,0,2.7154,2.7154,0,0.508784,4.6872,4.4108e+06,3.01846e+06,1.19771e+07,0,0,0,0,62.338,61.3098,7.99425,0,1,1.23052,1.23052,0,0.950549,1.90512,9.16655e+06,4.03458e+06,1.12796e+07,0,0,0,0
67.9559,85.1408,6.35181,0.02,0,2.71584,2.71584,0,0.508866,4.6872,4.4108e+06,3.01846e+06,1.1979e+07,0,0,0,0,62.338,61.3098,4.24949,0,1,1.23072,1.23072,0,0.950702,1.90512,9.16655e+06,4.03458e+06,1.12815e+07,0,0,0,0
70.9833,85.1408,6.0535,0.01,0,2.71627,2.71627,0,0.508948,4.6872,4.4108e+06,3.01846e+06,1.1981e+07,0,0,0,0,62.338,61.3098,4.14938,0,1,1.23092,1.23092,0,0.950855,1.90512,9.16655e+06,4.03458e+06,1.12833e+07,0,0,0,0
75.8267,85.1408,8.04023,0,0,2.71627,2.71627,0,0.50903,4.6872,4.4108e+06,3.01846e+06,1.1981e+07,0,0,0,0,62.338,61.3098,6.05004,0,1,1.23092,1.23092,0,0.951009,1.90512,9.16655e+06,4.03458e+06,1.12833e+07,0,0,0,0
80.142,85.1408,7.67397,0,0.02,2.80181,2.80181,0,0.50903,4.6872,4.4108e+06,3.01846e+06,1.23582e+07,0,0,0,0,62.338,61.3098,6.75205,0,1,1.27092,1.27092,0,0.951009,1.90512,9.16655e+06,4.03458e+06,1.165e+07,0,0,0,0
83.3975,85.1408,6.52484,0,0.02,2.80225,2.80225,0,0.52506,4.6872,4.4108e+06,3.01846e+06,1.23602e+07,0,0,0,0,62.338,61.3098,7.80618,0,1,1.27112,1.27112,0,0.981914,1.90512,9.16655e+06,4.03458e+06,1.16518e+07,0,0,0,0
85.1408,85.1408,6.18022,0,0.02,2.80268,2.80268,0,0.525141,4.6872,4.4108e+06,3.01846e+06,1.23621e+07,0,0,0,0,62.338,61.3098,5.97332,0,1,1.27132,1.27132,0,0.982066,1.90512,9.16655e+06,4.03458e+06,1.16536e+07,0,0,0,0
85.1408,85.1408,5.29087,0,0.02,2.80311,2.80311,0,0.525222,4.6872,4.4108e+06,3.01846e+06,1.2364e+07,0,0,0,0,62.338,61.3098,6.06898,0,1,1.27151,1.27151,0,0.982218,1.90512,9.16655e+06,4.03458e+06,1.16554e+07,0,0,0,0
85.1408,85.1408,6.64672,0,0.02,3.077,3.077,0,0.525303,4.6872,4.4108e+06,3.01846e+06,1.3572e+07,0,0,0,0,62.338,61.3098,3.78255,0,1,1.42123,1.42123,0,0.98237,1.90512,9.16655e+06,4.03458e+06,1.30278e+07,0,0,0,0
85.1408,85.1408,6.96989,0,0.02,3.07747,3.07747,0,0.576629,4.6872,4.4108e+06,3.01846e+06,1.35741e+07,0,0,0,0,62.338,61.3098,3.65496,0,1,1.42145,1.42145,0,1.09805,1.90512,9.16655e+06,4.03458e+06,1.30298e+07,0,0,0,0
85.1408,85.1408,5.8836,0,0.02,3.07795,3.07795,0,0.576719,4.6872,4.4108e+06,3.01846e+06,1.35762e+07,0,0,0,0,62.338,61.3098,3.67877,0,1,1.42167,1.42167,0,1.09822,1.90512,9.16655e+06,4.03458e+06,1.30318e+07,0,0,0,0
85.1408,85.1408,6.60813,0,0.02,3.07843,3.07843,0,0.576808,4.6872,4.4108e+06,3.01846e+06,1.35783e+07,0,0,0,0,62.338,61.3098,7.72032,0,1,1.42189,1.42189,0,1.09839,1.90512,9.16655e+06,4.03458e+06,1.30339e+07,0,0,0,0
85.1408,85.1408,7.35897,0,0.02,2.68863,2.68863,0,0.576897,4.6872,4.4108e+06,3.01846e+06,1.1859e+07,0,0,0,0,62.338,61.3098,9.45563,0,1,1.22132,1.22132,0,1.09856,1.90512,9.16655e+06,4.03458e+06,1.11953e+07,0,0,0,0
85.1408,85.1408,6.09117,0,0.02,2.68905,2.68905,0,0.50385,4.6872,4.4108e+06,3.01846e+06,1.18609e+07,0,0,0,0,62.338,61.3098,9.87158,0,1,1.22151,1.22151,0,0.943595,1.90512,9.16655e+06,4.03458e+06,1.11971e+07,0,0,0,0
85.1408,85.1408,8.88501,0,0.02,2.68946,2.68946,0,0.503927,4.6872,4.4108e+06,3.01846e+06,1.18627e+07,0,0,0,0,62.338,61.3098,11.2931,0,1,1.2217,1.2217,0,0.943741,1.90512,9.16655e+06,4.03458e+06,1.11988e+07,0,0,0,0
85.1408,85.1408,8.68884,0,0.02,2.68988,2.68988,0,0.504005,4.6872,4.4108e+06,3.01846e+06,1.18645e+07,0,0,0,0,62.338,61.3098,10.9651,0,1,1.22189,1.22189,0,0.943887,1.90512,9.16655e+06,4.03458e+06,1.12005e+07,0,0,0,0
85.1408,85.1408,12.6778,0,0.02,2.69029,2.69029,0,0.504083,4.6872,4.4108e+06,3.01846e+06,1.18664e+07,0,0,0,0,62.338,61.3098,15.4436,0,1,1.22208,1.22208,0,0.944033,1.90512,9.16655e+06,4.03458e+06,1.12023e+07,0,0,0,0
85.1408,85.1408,10.5782,0,0.02,2.78902,2.78902,0,0.504161,4.6872,4.4108e+06,3.01846e+06,1.23018e+07,0,0,0,0,62.338,61.3098,12.2627,0,1,1.27143,1.27143,0,0.944179,1.90512,9.16655e+06,4.03458e+06,1.16546e+07,0,0,0,0
85.1408,85.1408,6.74017,0,0.02,2.78945,2.78945,0,0.522663,4.6872,4.4108e+06,3.01846e+06,1.23037e+07,0,0,0,0,62.338,61.3098,9.06109,0,1,1.27162,1.27162,0,0.982305,1.90512,9.16655e+06,4.03458e+06,1.16564e+07,0,0,0,0
85.1408,85.1408,5.75595,0,0.02,2.78989,2.78989,0,0.522744,4.6872,4.4108e+06,3.01846e+06,1.23056e+07,0,0,0,0,62.338,61.3098,8.72099,0,1,1.27182,1.27182,0,0.982457,1.90512,9.16655e+06,4.03458e+06,1.16582e+07,0,0,0,0
85.1408,85.1408,5.19786,0,0.02,2.79032,2.79032,0,0.522825,4.6872,4.4108e+06,3.01846e+06,1.23075e+07,0,0,0,0,62.338,61.3098,7.56727,0,1,1.27202,1.27202,0,0.982608,1.90512,9.16655e+06,4.03458e+06,1.166e+07,0,0,0,0
85.1408,85.1408,4.73259,0,0.02,2.75229,2.75229,0,0.522906,4.6872,4.4108e+06,3.01846e+06,1.21398e+07,0,0,0,0,62.338,61.3098,5.01397,0,1,1.25311,1.25311,0,0.98276,1.90512,9.16655e+06,4.03458e+06,1.14867e+07,0,0,0,0
85.1408,85.1408,4.50015,0,0.02,2.75271,2.75271,0,0.515778,4.6872,4.4108e+06,3.01846e+06,1.21417e+07,0,0,0,0,62.338,61.3098,5.06957,0,1,1.2533,1.2533,0,0.968152,1.90512,9.16655e+06,4.03458e+06,1.14885e+07,0,0,0,0
85.1408,85.1408,4.14338,0,0.02,2.75314,2.75314,0,0.515858,4.6872,4.4108e+06,3.01846e+06,1.21435e+07,0,0,0,0,62.338,61.3098,5.12861,0,1,1.2535,1.2535,0,0.968302,1.90512,9.16655e+06,4.03458e+06,1.14902e+07,0,0,0,0
85.1408,85.1408,4.4918,0,0.02,2.75356,2.75356,0,0.515938,4.6872,4.4108e+06,3.01846e+06,1.21454e+07,0,0,0,0,62.338,61.3098,4.82038,0,1,1.25369,1.25369,0,0.968452,1.90512,9.16655e+06,4.03458e+06,1.1492e+07,0,0,0,0
85.1408,85.1408,3.85757,0,0.02,2.88463,2.88463,0,0.516018,4.6872,4.4108e+06,3.01846e+06,1.27235e+07,0,0,0,0,62.338,61.3098,3.6821,0,1,1.32168,1.32168,0,0.968601,1.90512,9.16655e+06,4.03458e+06,1.21152e+07,0,0,0,0
85.1408,85.1408,3.61499,0,0.02,2.88508,2.88508,0,0.54058,4.6872,4.4108e+06,3.01846e+06,1.27255e+07,0,0,0,0,62.338,61.3098,3.58596,0,1,1.32188,1.32188,0,1.02113,1.90512,9.16655e+06,4.03458e+06,1.21171e+07,0,0,0,0
85.1408,85.1408,3.24337,0,0.02,2.88552,2.88552,0,0.540663,4.6872,4.4108e+06,3.01846e+06,1.27275e+07,0,0,0,0,62.338,61.3098,3.65579,0,1,1.32209,1.32209,0,1.02129,1.90512,9.16655e+06,4.03458e+06,1.2119e+07,0,0,0,0
85.1196,85.1408,3.09742,0,0.02,2.88597,2.88597,0,0.540747,4.6872,4.4108e+06,3.01846e+06,1.27294e+07,0,0,0,0,62.338,61.3098,3.61122,0,1,1.32229,1.32229,0,1.02144,1.90512,9.16655e+06,4.03458e+06,1.21208e+07,0,0,0,0
85.1408,85.1408,3.36348,0,0.02,2.88641,2.88641,0,0.54083,4.6872,4.4108e+06,3.01846e+06,1.27314e+07,0,0,0,0,62.338,61.3098,3.3669,0,1,1.32249,1.32249,0,1.0216,1.90512,9.16655e+06,4.03458e+06,1.21227e+07,0,0,0,0
85.1408,85.1408,3.68513,0,0.02,2.861,2.861,0,0.540914,4.6872,4.4108e+06,3.01846e+06,1.26193e+07,0,0,0,0,62.338,61.3098,3.09891,0,1,1.35999,1.35999,0,1.02176,1.90512,9.16655e+06,4.03458e+06,1.24664e+07,0,0,0,0
85.1408,85.1408,3.42489,0,0.02,2.86145,2.86145,0,0.536152,4.6872,4.4108e+06,3.01846e+06,1.26213e+07,0,0,0,0,62.338,61.3098,2.82913,0,1,1.3602,1.3602,0,1.05073,1.90512,9.16655e+06,4.03458e+06,1.24683e+07,0,0,0,0
85.1408,85.1408,3.31935,0,0.02,2.86189,2.86189,0,0.536235,4.6872,4.4108e+06,3.01846e+06,1.26232e+07,0,0,0,0,62.338,61.3098,2.63697,0,1,1.36041,1.36041,0,1.05089,1.90512,9.16655e+06,4.03458e+06,1.24702e+07,0,0,0,0
85.1408,85.1408,3.32563,0,0.02,2.86233,2.86233,0,0.536318,4.6872,4.4108e+06,3.01846e+06,1.26252e+07,0,0,0,0,62.338,61.3098,2.64302,0,1,1.36062,1.36062,0,1.05105,1.90512,9.16655e+06,4.03458e+06,1.24722e+07,0,0,0,0
85.1408,85.1408,3.1593,0,0.02,2.92959,2.92959,0,0.536401,4.6872,4.4108e+06,3.01846e+06,1.29218e+07,0,0,0,0,62.3358,61.3098,2.4004,0,1,1.39408,1.39408,0,1.05121,1.90512,9.16655e+06,4.03458e+06,1.27789e+07,0,0,0,0
85.0737,85.1408,2.98321,0,0.02,2.93004,2.93004,0,0.549005,4.6872,4.4108e+06,3.01846e+06,1.29238e+07,0,0,0,0,62.2601,61.3098,2.49345,0,1,1.3943,1.3943,0,1.07707,1.90512,9.16655e+06,4.03458e+06,1.27809e+07,0,0,0,0
84.8219,85.1408,2.79121,0,0.02,2.93049,2.93049,0,0.549089,4.6872,4.4108e+06,3.01846e+06,1.29258e+07,0,0,0,0,62.1379,61.3098,2.2859,0,1,1.39451,1.39451,0,1.07723,1.90512,9.16655e+06,4.03458e+06,1.27829e+07,0,0,0,0
84.5356,85.1408,2.74524,0,0.02,2.93095,2.93095,0,0.549174,4.6872,4.4108e+06,3.01846e+06,1.29278e+07,0,0,0,0,62.0629,61.3098,2.44832,0,1,1.39473,1.39473,0,1.0774,1.90512,9.16655e+06,4.03458e+06,1.27848e+07,0,0,0,0
83.4454,85.1408,2.06695,0,0.02,3.12717,3.12717,0,0.549259,4.6872,4.4108e+06,3.01846e+06,1.37934e+07,0,0,0,0,61.6466,61.3098,2.02252,0,1,1.51504,1.51504,0,1.07757,1.90512,9.16655e+06,4.03458e+06,1.38877e+07,0,0,0,0
81.5608,85.1408,1.23974,0,0.02,3.12766,3.12766,0,0.586033,4.6872,4.4108e+06,3.01846e+06,1.37955e+07,0,0,0,0,61.1106,61.3098,1.50785,0,1,1.51528,1.51528,0,1.17052,1.90512,9.16655e+06,4.03458e+06,1.38899e+07,0,0,0,0
79.7629,85.1408,1.31024,0,0.02,3.12814,3.12814,0,0.586123,4.6872,4.4108e+06,3.01846e+06,1.37976e+07,0,0,0,0,60.7184,61.3098,1.4875,0,1,1.51551,1.51551,0,1.1707,1.90512,9.16655e+06,4.03458e+06,1.3892e+07,0,0,0,0
78.588,85.1408,1.96489,0,0.02,3.12863,3.12863,0,0.586214,4.6872,4.4108e+06,3.01846e+06,1.37998e+07,0,0,0,0,60.3866,61.3098,1.77868,0,1,1.51575,1.51575,0,1.17088,1.90512,9.16655e+06,4.03458e+06,1.38941e+07,0,0,0,0
78.0272,85.1408,2.62357,0,0.02,3.12911,3.12911,0,0.586305,4.6872,4.4108e+06,3.01846e+06,1.38019e+07,0,0,0,0,59.8183,61.3098,1.80034,0,1,1.51598,1.51598,0,1.17106,1.90512,9.16655e+06,4.03458e+06,1.38963e+07,0,0,0,0
76.2424,85.1408,1.34193,0,0.02,3.03411,3.03411,0,0.586395,4.6872,4.4108e+06,3.01846e+06,1.33828e+07,0,0,0,0,59.6593,61.3098,1.33243,0,1,1.44326,1.44326,0,1.17125,1.90512,9.16655e+06,4.03458e+06,1.32297e+07,0,0,0,0
74.6977,85.1408,1.58889,0.01,0.02,3.03458,3.03458,0,0.568592,4.6872,4.4108e+06,3.01846e+06,1.33849e+07,0,0,0,0,59.8285,61.3098,2.11886,0,1,1.44349,1.44349,0,1.11506,1.90512,9.16655e+06,4.03458e+06,1.32318e+07,0,0,0,0
73.1246,85.1408,1.546,0.02,0.02,3.03504,3.03504,0,0.568679,4.6872,4.4108e+06,3.01846e+06,1.3387e+07,0,0,0,0,59.8966,61.3098,1.93969,0,1,1.44371,1.44371,0,1.11524,1.90512,9.16655e+06,4.03458e+06,1.32338e+07,0,0,0,0
71.5469,85.1408,1.5264,0.01,0.02,3.03551,3.03551,0,0.568767,4.6872,4.4108e+06,3.01846e+06,1.33891e+07,0,0,0,0,60.1385,61.3098,2.43462,0,1,1.44393,1.44393,0,1.11541,1.90512,9.16655e+06,4.03458e+06,1.32359e+07,0,0,0,0
70.3897,85.1408,2.09019,0.01,0.02,2.95756,2.95756,0,0.568855,4.6872,4.4108e+06,3.01846e+06,1.30452e+07,0,0,0,0,60.951,61.3098,3.40056,0,1,1.37771,1.37771,0,1.11558,1.90512,9.16655e+06,4.03458e+06,1.26288e+07,0,0,0,0
69.1727,85.1408,2.0304,0.01,0.02,2.95801,2.95801,0,0.554246,4.6872,4.4108e+06,3.01846e+06,1.30472e+07,0,0,0,0,61.8231,61.3098,3.53766,0,1,1.37792,1.37792,0,1.06442,1.90512,9.16655e+06,4.03458e+06,1.26308e+07,0,0,0,0
68.9744,85.1408,3.03889,0.01,0.02,2.95847,2.95847,0,0.554332,4.6872,4.4108e+06,3.01846e+06,1.30492e+07,0,0,0,0,62.338,61.3098,4.55351,0,1,1.37814,1.37814,0,1.06458,1.90512,9.16655e+06,4.03458e+06,1.26327e+07,0,0,0,0
68.6765,85.1408,2.93006,0.01,0.02,2.95893,2.95893,0,0.554418,4.6872,4.4108e+06,3.01846e+06,1.30513e+07,0,0,0,0,62.338,61.3098,4.45962,0,1,1.37835,1.37835,0,1.06475,1.90512,9.16655e+06,4.03458e+06,1.26347e+07,0,0,0,0
70.339,85.1408,4.66293,0.01,0.02,2.73651,2.73651,0,0.554503,4.6872,4.4108e+06,3.01846e+06,1.20702e+07,0,0,0,0,62.338,61.3098,4.31209,0,1,1.24009,1.24009,0,1.06491,1.90512,9.16655e+06,4.03458e+06,1.13673e+07,0,0,0,0
71.1974,85.1408,3.9551,0.01,0.02,2.73693,2.73693,0,0.512822,4.6872,4.4108e+06,3.01846e+06,1.20721e+07,0,0,0,0,62.338,61.3098,2.97361,0,1,1.24028,1.24028,0,0.958094,1.90512,9.16655e+06,4.03458e+06,1.13691e+07,0,0,0,0
74.4441,85.1408,6.45271,0.01,0.02,2.73736,2.73736,0,0.512902,4.6872,4.4108e+06,3.01846e+06,1.20739e+07,0,0,0,0,62.338,61.3098,7.37447,0,1,1.24047,1.24047,0,0.958242,1.90512,9.16655e+06,4.03458e+06,1.13709e+07,0,0,0,0
76.4314,85.1408,5.27341,0.01,0.02,2.73778,2.73778,0,0.512981,4.6872,4.4108e+06,3.01846e+06,1.20758e+07,0,0,0,0,62.338,61.3098,4.28343,0,1,1.24067,1.24067,0,0.95839,1.90512,9.16655e+06,4.03458e+06,1.13726e+07,0,0,0,0
77.3951,85.1408,4.22796,0,0.02,2.7382,2.7382,0,0.51306,4.6872,4.4108e+06,3.01846e+06,1.20777e+07,0,0,0,0,62.338,61.3098,3.4307,0,1,1.24086,1.24086,0,0.958538,1.90512,9.16655e+06,4.03458e+06,1.13744e+07,0,0,0,0
80.6969,85.1408,6.58236,0,0.02,2.82442,2.82442,0,0.51314,4.6872,4.4108e+06,3.01846e+06,1.24579e+07,0,0,0,0,62.338,61.3098,3.89256,0,1,1.28117,1.28117,0,0.958687,1.90512,9.16655e+06,4.03458e+06,1.17439e+07,0,0,0,0
83.9348,85.1408,6.52914,0,0.02,2.82483,2.82483,0,0.529295,4.6872,4.4108e+06,3.01846e+06,1.24598e+07,0,0,0,0,62.338,61.3098,2.80256,0,1,1.28136,1.28136,0,0.989836,1.90512,9.16655e+06,4.03458e+06,1.17457e+07,0,0,0,0
85.1408,85.1408,6.03477,0,0.02,2.82525,2.82525,0,0.529374,4.6872,4.4108e+06,3.01846e+06,1.24616e+07,0,0,0,0,62.338,61.3098,2.97646,0,1,1.28155,1.28155,0,0.989982,1.90512,9.16655e+06,4.03458e+06,1.17474e+07,0,0,0,0
85.1408,85.1408,6.12909,0,0.02,2.82567,2.82567,0,0.529452,4.6872,4.4108e+06,3.01846e+06,1.24635e+07,0,0,0,0,62.338,61.3098,3.40467,0,1,1.28174,1.28174,0,0.990129,1.90512,9.16655e+06,4.03458e+06,1.17492e+07,0,0,0,0
85.1408,85.1408,8.36053,0,0.02,3.10174,3.10174,0,0.529531,4.6872,4.4108e+06,3.01846e+06,1.36812e+07,0,0,0,0,62.338,61.3098,4.19478,0,1,1.43266,1.43266,0,0.990275,1.90512,9.16655e+06,4.03458e+06,1.31326e+07,0,0,0,0
85.1408,85.1408,6.38039,0,0.02,3.1022,3.1022,0,0.581266,4.6872,4.4108e+06,3.01846e+06,1.36832e+07,0,0,0,0,62.338,61.3098,3.18255,0,1,1.43287,1.43287,0,1.10687,1.90512,9.16655e+06,4.03458e+06,1.31345e+07,0,0,0,0
85.1408,85.1408,5.25016,0,0.02,3.10266,3.10266,0,0.581352,4.6872,4.4108e+06,3.01846e+06,1.36852e+07,0,0,0,0,62.338,61.3098,2.75199,0,1,1.43309,1.43309,0,1.10704,1.90512,9.16655e+06,4.03458e+06,1.31365e+07,0,0,0,0
85.1408,85.1408,5.49223,0,0.02,3.10312,3.10312,0,0.581438,4.6872,4.4108e+06,3.01846e+06,1.36872e+07,0,0,0,0,62.338,61.3098,2.93387,0,1,1.4333,1.4333,0,1.1072,1.90512,9.16655e+06,4.03458e+06,1.31384e+07,0,0,0,0
85.1408,85.1408,10.0797,0,0.02,2.71018,2.71018,0,0.581524,4.6872,4.4108e+06,3.01846e+06,1.19541e+07,0,0,0,0,62.338,61.3098,9.61099,0,1,1.23111,1.23111,0,1.10737,1.90512,9.16655e+06,4.03458e+06,1.1285e+07,0,0,0,0
85.1408,85.1408,8.89898,0,0.02,2.71058,2.71058,0,0.507887,4.6872,4.4108e+06,3.01846e+06,1.19558e+07,0,0,0,0,62.338,61.3098,7.48975,0,1,1.23129,1.23129,0,0.951157,1.90512,9.16655e+06,4.03458e+06,1.12867e+07,0,0,0,0
85.1408,85.1408,10.1944,0,0.02,2.71098,2.71098,0,0.507963,4.6872,4.4108e+06,3.01846e+06,1.19576e+07,0,0,0,0,62.338,61.3098,8.58814,0,1,1.23148,1.23148,0,0.951298,1.90512,9.16655e+06,4.03458e+06,1.12884e+07,0,0,0,0
85.1408,85.1408,14.8636,0,0.02,2.71138,2.71138,0,0.508038,4.6872,4.4108e+06,3.01846e+06,1.19594e+07,0,0,0,0,62.338,61.3098,15.3692,0,1,1.23166,1.23166,0,0.951439,1.90512,9.16655e+06,4.03458e+06,1.12901e+07,0,0,0,0
85.1408,85.1408,11.5344,0,0.02,2.71178,2.71178,0,0.508113,4.6872,4.4108e+06,3.01846e+06,1.19611e+07,0,0,0,0,62.338,61.3098,11.6385,0,1,1.23184,1.23184,0,0.95158,1.90512,9.16655e+06,4.03458e+06,1.12917e+07,0,0,0,0
85.1408,85.1408,11.8659,0,0.02,2.81128,2.81128,0,0.508188,4.6872,4.4108e+06,3.01846e+06,1.24e+07,0,0,0,0,62.338,61.3098,12.703,0,1,1.28157,1.28157,0,0.95172,1.90512,9.16655e+06,4.03458e+06,1.17476e+07,0,0,0,0
85.1408,85.1408,8.51353,0,0.02,2.8117,2.8117,0,0.526834,4.6872,4.4108e+06,3.01846e+06,1.24018e+07,0,0,0,0,62.338,61.3098,7.5067,0,1,1.28176,1.28176,0,0.990144,1.90512,9.16655e+06,4.03458e+06,1.17494e+07,0,0,0,0
85.1408,85.1408,7.93883,0,0.02,2.81212,2.81212,0,0.526912,4.6872,4.4108e+06,3.01846e+06,1.24037e+07,0,0,0,0,62.338,61.3098,8.10928,0,1,1.28195,1.28195,0,0.990291,1.90512,9.16655e+06,4.03458e+06,1.17511e+07,0,0,0,0
85.1408,85.1408,7.40139,0,0.02,2.81253,2.81253,0,0.52699,4.6872,4.4108e+06,3.01846e+06,1.24055e+07,0,0,0,0,62.2822,61.3098,8.34959,0,1,1.28214,1.28214,0,0.990438,1.90512,9.16655e+06,4.03458e+06,1.17528e+07,0,0,0,0
85.1408,85.1408,4.88302,0,0.02,2.77418,2.77418,0,0.527068,4.6872,4.4108e+06,3.01846e+06,1.22364e+07,0,0,0,0,62.283,61.3098,2.5271,0,1,1.26308,1.26308,0,0.990584,1.90512,9.16655e+06,4.03458e+06,1.15781e+07,0,0,0,0
85.1408,85.1408,4.41117,0,0.02,2.77459,2.77459,0,0.519881,4.6872,4.4108e+06,3.01846e+06,1.22382e+07,0,0,0,0,62.338,61.3098,2.51359,0,1,1.26326,1.26326,0,0.975853,1.90512,9.16655e+06,4.03458e+06,1.15798e+07,0,0,0,0
85.1408,85.1408,6.3903,0,0.02,2.775,2.775,0,0.519958,4.6872,4.4108e+06,3.01846e+06,1.224e+07,0,0,0,0,62.338,61.3098,2.86278,0,1,1.26345,1.26345,0,0.975998,1.90512,9.16655e+06,4.03458e+06,1.15815e+07,0,0,0,0
85.1408,85.1408,4.81421,0,0.02,2.77541,2.77541,0,0.520035,4.6872,4.4108e+06,3.01846e+06,1.22418e+07,0,0,0,0,62.2729,61.3098,2.59378,0,1,1.26364,1.26364,0,0.976142,1.90512,9.16655e+06,4.03458e+06,1.15832e+07,0,0,0,0
85.1408,85.1408,4.6908,0,0.02,2.9075,2.9075,0,0.520112,4.6872,4.4108e+06,3.01846e+06,1.28244e+07,0,0,0,0,62.1946,61.3098,2.38227,0,1,1.33215,1.33215,0,0.976287,1.90512,9.16655e+06,4.03458e+06,1.22113e+07,0,0,0,0
85.1408,85.1408,4.59263,0,0.02,2.90793,2.90793,0,0.544865,4.6872,4.4108e+06,3.01846e+06,1.28263e+07,0,0,0,0,62.2115,61.3098,2.23358,0,1,1.33235,1.33235,0,1.02922,1.90512,9.16655e+06,4.03458e+06,1.22131e+07,0,0,0,0
85.1408,85.1408,4.13021,0,0.02,2.90836,2.90836,0,0.544946,4.6872,4.4108e+06,3.01846e+06,1.28282e+07,0,0,0,0,62.1977,61.3098,2.02451,0,1,1.33255,1.33255,0,1.02937,1.90512,9.16655e+06,4.03458e+06,1.22149e+07,0,0,0,0
85.1408,85.1408,3.76744,0,0.02,2.90879,2.90879,0,0.545027,4.6872,4.4108e+06,3.01846e+06,1.28301e+07,0,0,0,0,62.2173,61.3098,1.98194,0,1,1.33275,1.33275,0,1.02953,1.90512,9.16655e+06,4.03458e+06,1.22167e+07,0,0,0,0
85.1408,85.1408,3.35569,0,0.02,2.90922,2.90922,0,0.545107,4.6872,4.4108e+06,3.01846e+06,1.2832e+07,0,0,0,0,62.338,61.3098,1.99308,0,1,1.33294,1.33294,0,1.02968,1.90512,9.16655e+06,4.03458e+06,1.22185e+07,0,0,0,0
84.5366,85.1408,2.45942,0,0.02,2.88359,2.88359,0,0.545188,4.6872,4.4108e+06,3.01846e+06,1.2719e+07,0,0,0,0,62.338,61.3098,2.44723,0,1,1.37072,1.37072,0,1.02983,1.90512,9.16655e+06,4.03458e+06,1.25648e+07,0,0,0,0
83.7615,85.1408,2.2765,0,0.02,2.88402,2.88402,0,0.540385,4.6872,4.4108e+06,3.01846e+06,1.27208e+07,0,0,0,0,62.338,61.3098,2.49032,0,1,1.37093,1.37093,0,1.05902,1.90512,9.16655e+06,4.03458e+06,1.25667e+07,0,0,0,0
82.8321,85.1408,2.11121,0,0.02,2.88445,2.88445,0,0.540465,4.6872,4.4108e+06,3.01846e+06,1.27227e+07,0,0,0,0,62.338,61.3098,2.2631,0,1,1.37113,1.37113,0,1.05918,1.90512,9.16655e+06,4.03458e+06,1.25685e+07,0,0,0,0
81.7493,85.1408,1.94362,0,0.02,2.88487,2.88487,0,0.540545,4.6872,4.4108e+06,3.01846e+06,1.27246e+07,0,0,0,0,62.1904,61.3098,2.25283,0,1,1.37133,1.37133,0,1.05933,1.90512,9.16655e+06,4.03458e+06,1.25704e+07,0,0,0,0
80.3522,85.1408,1.63149,0,0.02,2.95264,2.95264,0,0.540625,4.6872,4.4108e+06,3.01846e+06,1.30235e+07,0,0,0,0,61.9902,61.3098,1.76764,0,1,1.40505,1.40505,0,1.05949,1.90512,9.16655e+06,4.03458e+06,1.28795e+07,0,0,0,0
78.907,85.1408,1.5675,0,0.02,2.95308,2.95308,0,0.553324,4.6872,4.4108e+06,3.01846e+06,1.30254e+07,0,0,0,0,61.6991,61.3098,1.72246,0,1,1.40526,1.40526,0,1.08554,1.90512,9.16655e+06,4.03458e+06,1.28814e+07,0,0,0,0
77.2764,85.1408,1.36881,0,0.02,2.95351,2.95351,0,0.553406,4.6872,4.4108e+06,3.01846e+06,1.30274e+07,0,0,0,0,61.3192,61.3098,1.59163,0,1,1.40547,1.40547,0,1.0857,1.90512,9.16655e+06,4.03458e+06,1.28833e+07,0,0,0,0
75.5541,85.1408,1.26201,0,0.02,2.95395,2.95395,0,0.553488,4.6872,4.4108e+06,3.01846e+06,1.30293e+07,0,0,0,0,60.8183,61.3098,1.52749,0,1,1.40567,1.40567,0,1.08586,1.90512,9.16655e+06,4.03458e+06,1.28852e+07,0,0,0,0
73.524,85.1408,1.0947,0.01,0.02,3.1517,3.1517,0,0.55357,4.6872,4.4108e+06,3.01846e+06,1.39015e+07,0,0,0,0,60.0107,61.3098,1.3845,0,1,1.52692,1.52692,0,1.08602,1.90512,9.16655e+06,4.03458e+06,1.39966e+07,0,0,0,0
71.4505,85.1408,1.05146,0.01,0.02,3.15217,3.15217,0,0.590628,4.6872,4.4108e+06,3.01846e+06,1.39036e+07,0,0,0,0,59.3131,61.3098,1.18419,0,1,1.52715,1.52715,0,1.1797,1.90512,9.16655e+06,4.03458e+06,1.39987e+07,0,0,0,0
69.4593,85.1408,1.13099,0.01,0.02,3.15263,3.15263,0,0.590716,4.6872,4.4108e+06,3.01846e+06,1.39056e+07,0,0,0,0,58.4327,61.3098,1.45843,0,1,1.52738,1.52738,0,1.17988,1.90512,9.16655e+06,4.03458e+06,1.40008e+07,0,0,0,0
67.2978,85.1408,0.936958,0.01,0.02,3.1531,3.1531,0,0.590803,4.6872,4.4108e+06,3.01846e+06,1.39077e+07,0,0,0,0,58.0158,61.3098,1.02144,0,1,1.5276,1.5276,0,1.18005,1.90512,9.16655e+06,4.03458e+06,1.40028e+07,0,0,0,0
65.3615,85.1408,1.14288,0.02,0.02,3.15357,3.15357,0,0.590891,4.6872,4.4108e+06,3.01846e+06,1.39098e+07,0,0,0,0,57.6235,61.3098,1.95812,0,1,1.52783,1.52783,0,1.18022,1.90512,9.16655e+06,4.03458e+06,1.40049e+07,0,0,0,0
63.2437,85.1408,0.887569,0.02,0.02,3.0578,3.0578,0,0.590978,4.6872,4.4108e+06,3.01846e+06,1.34874e+07,0,0,0,0,57.1926,61.3098,1.60886,0,1,1.45453,1.45453,0,1.1804,1.90512,9.16655e+06,4.03458e+06,1.3333e+07,0,0,0,0
61.2879,85.1408,1.0635,0.02,0.02,3.05825,3.05825,0,0.573032,4.6872,4.4108e+06,3.01846e+06,1.34893e+07,0,0,0,0,57.0814,61.3098,1.63378,0,1,1.45475,1.45475,0,1.12377,1.90512,9.16655e+06,4.03458e+06,1.3335e+07,0,0,0,0
59.9039,85.1408,1.64821,0.02,0.02,3.05871,3.05871,0,0.573117,4.6872,4.4108e+06,3.01846e+06,1.34913e+07,0,0,0,0,57.4294,61.3098,2.81189,0,1,1.45496,1.45496,0,1.12394,1.90512,9.16655e+06,4.03458e+06,1.3337e+07,0,0,0,0
58.2743,85.1408,1.42343,0.02,0.02,3.05916,3.05916,0,0.573201,4.6872,4.4108e+06,3.01846e+06,1.34933e+07,0,0,0,0,57.5305,61.3098,2.22617,0,1,1.45518,1.45518,0,1.1241,1.90512,9.16655e+06,4.03458e+06,1.3339e+07,0,0,0,0
56.7644,85.1408,1.52028,0.02,0.02,2.98057,2.98057,0,0.573286,4.6872,4.4108e+06,3.01846e+06,1.31467e+07,0,0,0,0,57.3633,61.3098,1.95294,0,1,1.38843,1.38843,0,1.12427,1.90512,9.16655e+06,4.03458e+06,1.27271e+07,0,0,0,0
54.7781,85.1408,0.96451,0.02,0.02,2.98102,2.98102,0,0.55856,4.6872,4.4108e+06,3.01846e+06,1.31487e+07,0,0,0,0,57.2992,61.3098,1.54958,0,1,1.38864,1.38864,0,1.0727,1.90512,9.16655e+06,4.03458e+06,1.2729e+07,0,0,0,0
53.3168,85.1408,1.51543,0.02,0.02,2.98146,2.98146,0,0.558642,4.6872,4.4108e+06,3.01846e+06,1.31506e+07,0,0,0,0,57.5051,61.3098,2.23192,0,1,1.38884,1.38884,0,1.07286,1.90512,9.16655e+06,4.03458e+06,1.27309e+07,0,0,0,0
52.9422,85.1408,2.66339,0.02,0.02,2.9819,2.9819,0,0.558725,4.6872,4.4108e+06,3.01846e+06,1.31526e+07,0,0,0,0,58.2672,61.3098,3.02221,0,1,1.38905,1.38905,0,1.07302,1.90512,9.16655e+06,4.03458e+06,1.27328e+07,0,0,0,0
53.8678,85.1408,3.77881,0.02,0.02,2.75774,2.75774,0,0.558808,4.6872,4.4108e+06,3.01846e+06,1.21638e+07,0,0,0,0,59.1116,61.3098,3.50098,0,1,1.24971,1.24971,0,1.07318,1.90512,9.16655e+06,4.03458e+06,1.14555e+07,0,0,0,0
54.0965,85.1408,3.08233,0.02,0.02,2.75814,2.75814,0,0.5168,4.6872,4.4108e+06,3.01846e+06,1.21656e+07,0,0,0,0,59.5008,61.3098,2.64393,0,1,1.24989,1.24989,0,0.965525,1.90512,9.16655e+06,4.03458e+06,1.14572e+07,0,0,0,0
54.155,85.1408,2.96967,0.02,0.02,2.75855,2.75855,0,0.516876,4.6872,4.4108e+06,3.01846e+06,1.21674e+07,0,0,0,0,60.1009,61.3098,3.26334,0,1,1.25008,1.25008,0,0.965668,1.90512,9.16655e+06,4.03458e+06,1.14589e+07,0,0,0,0
54.8646,85.1408,3.55991,0.03,0.02,2.75896,2.75896,0,0.516953,4.6872,4.4108e+06,3.01846e+06,1.21692e+07,0,0,0,0,60.7488,61.3098,3.59971,0,1,1.25026,1.25026,0,0.965811,1.90512,9.16655e+06,4.03458e+06,1.14606e+07,0,0,0,0
55.5082,85.1408,3.66593,0.03,0.02,2.75937,2.75937,0,0.517029,4.6872,4.4108e+06,3.01846e+06,1.2171e+07,0,0,0,0,61.1652,61.3098,3.42035,0,1,1.25045,1.25045,0,0.965954,1.90512,9.16655e+06,4.03458e+06,1.14623e+07,0,0,0,0
54.4685,85.1408,1.9196,0.04,0.02,2.84623,2.84623,0,0.517106,4.6872,4.4108e+06,3.01846e+06,1.25542e+07,0,0,0,0,61.5916,61.3098,2.32655,0,1,1.29107,1.29107,0,0.966097,1.90512,9.16655e+06,4.03458e+06,1.18346e+07,0,0,0,0
54.0664,85.1408,2.6371,0.04,0.02,2.84663,2.84663,0,0.533383,4.6872,4.4108e+06,3.01846e+06,1.25559e+07,0,0,0,0,62.338,61.3098,2.68959,0,1,1.29125,1.29125,0,0.99748,1.90512,9.16655e+06,4.03458e+06,1.18363e+07,0,0,0,0
55.3043,85.1408,4.30903,0.04,0.02,2.84703,2.84703,0,0.533459,4.6872,4.4108e+06,3.01846e+06,1.25577e+07,0,0,0,0,62.338,61.3098,7.36466,0,1,1.29143,1.29143,0,0.997621,1.90512,9.16655e+06,4.03458e+06,1.1838e+07,0,0,0,0
55.6041,85.1408,3.39451,0.04,0.02,2.84744,2.84744,0,0.533534,4.6872,4.4108e+06,3.01846e+06,1.25595e+07,0,0,0,0,62.338,61.3098,5.26678,0,1,1.29162,1.29162,0,0.997762,1.90512,9.16655e+06,4.03458e+06,1.18397e+07,0,0,0,0
55.0431,85.1408,2.69871,0.04,0.02,3.12561,3.12561,0,0.53361,4.6872,4.4108e+06,3.01846e+06,1.37865e+07,0,0,0,0,62.338,61.3098,4.59452,0,1,1.44369,1.44369,0,0.997904,1.90512,9.16655e+06,4.03458e+06,1.32336e+07,0,0,0,0
55.1918,85.1408,3.45214,0.03,0.02,3.12605,3.12605,0,0.58574,4.6872,4.4108e+06,3.01846e+06,1.37884e+07,0,0,0,0,62.338,61.3098,5.79478,0,1,1.44389,1.44389,0,1.11539,1.90512,9.16655e+06,4.03458e+06,1.32355e+07,0,0,0,0
54.6856,85.1408,2.80278,0.04,0.02,3.1265,3.1265,0,0.585823,4.6872,4.4108e+06,3.01846e+06,1.37904e+07,0,0,0,0,62.338,61.3098,4.61912,0,1,1.4441,1.4441,0,1.11555,1.90512,9.16655e+06,4.03458e+06,1.32374e+07,0,0,0,0
54.333,85.1408,2.93998,0.04,0.02,3.12694,3.12694,0,0.585905,4.6872,4.4108e+06,3.01846e+06,1.37923e+07,0,0,0,0,62.338,61.3098,5.94733,0,1,1.4443,1.4443,0,1.11571,1.90512,9.16655e+06,4.03458e+06,1.32393e+07,0,0,0,0
55.3211,85.1408,3.99972,0.04,0.02,2.73097,2.73097,0,0.585988,4.6872,4.4108e+06,3.01846e+06,1.20458e+07,0,0,0,0,62.338,61.3098,7.69918,0,1,1.24055,1.24055,0,1.11587,1.90512,9.16655e+06,4.03458e+06,1.13716e+07,0,0,0,0
58.1589,85.1408,5.88943,0.04,0.02,2.73135,2.73135,0,0.511783,4.6872,4.4108e+06,3.01846e+06,1.20475e+07,0,0,0,0,62.338,61.3098,9.02555,0,1,1.24073,1.24073,0,0.958453,1.90512,9.16655e+06,4.03458e+06,1.13732e+07,0,0,0,0
59.8943,85.1408,4.82829,0.05,0.02,2.73174,2.73174,0,0.511855,4.6872,4.4108e+06,3.01846e+06,1.20492e+07,0,0,0,0,62.338,61.3098,6.0307,0,1,1.24091,1.24091,0,0.958588,1.90512,9.16655e+06,4.03458e+06,1.13748e+07,0,0,0,0
60.2323,85.1408,3.43138,0.02,0.02,2.73213,2.73213,0,0.511928,4.6872,4.4108e+06,3.01846e+06,1.20509e+07,0,0,0,0,62.338,61.3098,4.88362,0,1,1.24108,1.24108,0,0.958724,1.90512,9.16655e+06,4.03458e+06,1.13764e+07,0,0,0,0
60.9345,85.1408,3.71549,0.02,0.02,2.73251,2.73251,0,0.512,4.6872,4.4108e+06,3.01846e+06,1.20526e+07,0,0,0,0,62.338,61.3098,4.29314,0,1,1.24126,1.24126,0,0.95886,1.90512,9.16655e+06,4.03458e+06,1.1378e+07,0,0,0,0
61.0714,85.1408,3.16575,0.02,0.02,2.83275,2.83275,0,0.512073,4.6872,4.4108e+06,3.01846e+06,1.24947e+07,0,0,0,0,62.338,61.3098,4.56576,0,1,1.29136,1.29136,0,0.958995,1.90512,9.16655e+06,4.03458e+06,1.18373e+07,0,0,0,0
61.3699,85.1408,3.39171,0.02,0.02,2.83315,2.83315,0,0.530858,4.6872,4.4108e+06,3.01846e+06,1.24965e+07,0,0,0,0,62.338,61.3098,4.55174,0,1,1.29155,1.29155,0,0.997706,1.90512,9.16655e+06,4.03458e+06,1.1839e+07,0,0,0,0
61.0734,85.1408,2.71613,0.02,0.02,2.83356,2.83356,0,0.530933,4.6872,4.4108e+06,3.01846e+06,1.24983e+07,0,0,0,0,62.338,61.3098,4.11216,0,1,1.29173,1.29173,0,0.997848,1.90512,9.16655e+06,4.03458e+06,1.18407e+07,0,0,0,0
60.8683,85.1408,2.79695,0.02,0.02,2.83396,2.83396,0,0.531008,4.6872,4.4108e+06,3.01846e+06,1.25e+07,0,0,0,0,62.338,61.3098,4.14757,0,1,1.29191,1.29191,0,0.997989,1.90512,9.16655e+06,4.03458e+06,1.18424e+07,0,0,0,0
60.4024,85.1408,2.45275,0.01,0.02,2.79529,2.79529,0,0.531083,4.6872,4.4108e+06,3.01846e+06,1.23295e+07,0,0,0,0,62.338,61.3098,3.31673,0,1,1.27269,1.27269,0,0.99813,1.90512,9.16655e+06,4.03458e+06,1.16662e+07,0,0,0,0
59.6814,85.1408,2.16215,0.01,0.02,2.79569,2.79569,0,0.523838,4.6872,4.4108e+06,3.01846e+06,1.23312e+07,0,0,0,0,62.338,61.3098,2.92358,0,1,1.27287,1.27287,0,0.983281,1.90512,9.16655e+06,4.03458e+06,1.16678e+07,0,0,0,0
58.8763,85.1408,2.00124,0.01,0.02,2.79608,2.79608,0,0.523912,4.6872,4.4108e+06,3.01846e+06,1.2333e+07,0,0,0,0,62.338,61.3098,2.68873,0,1,1.27305,1.27305,0,0.98342,1.90512,9.16655e+06,4.03458e+06,1.16695e+07,0,0,0,0
58.0377,85.1408,1.9545,0.03,0.02,2.79648,2.79648,0,0.523986,4.6872,4.4108e+06,3.01846e+06,1.23347e+07,0,0,0,0,62.338,61.3098,3.0493,0,1,1.27323,1.27323,0,0.983559,1.90512,9.16655e+06,4.03458e+06,1.16711e+07,0,0,0,0
56.9681,85.1408,1.81094,0.04,0.02,2.92955,2.92955,0,0.52406,4.6872,4.4108e+06,3.01846e+06,1.29217e+07,0,0,0,0,62.0704,61.3098,2.62521,0,1,1.34226,1.34226,0,0.983698,1.90512,9.16655e+06,4.03458e+06,1.23039e+07,0,0,0,0
55.6252,85.1408,1.49269,0.03,0.02,2.92997,2.92997,0,0.548998,4.6872,4.4108e+06,3.01846e+06,1.29235e+07,0,0,0,0,62.1718,61.3098,1.98906,0,1,1.34245,1.34245,0,1.03703,1.90512,9.16655e+06,4.03458e+06,1.23056e+07,0,0,0,0
54.2026,85.1408,1.36154,0.03,0.02,2.93038,2.93038,0,0.549076,4.6872,4.4108e+06,3.01846e+06,1.29253e+07,0,0,0,0,62.1498,61.3098,1.9818,0,1,1.34264,1.34264,0,1.03718,1.90512,9.16655e+06,4.03458e+06,1.23074e+07,0,0,0,0
52.7735,85.1408,1.33249,0.02,0.02,2.9308,2.9308,0,0.549153,4.6872,4.4108e+06,3.01846e+06,1.29272e+07,0,0,0,0,62.1104,61.3098,2.02663,0,1,1.34283,1.34283,0,1.03732,1.90512,9.16655e+06,4.03458e+06,1.23091e+07,0,0,0,0
51.2818,85.1408,1.24358,0.02,0.02,2.93121,2.93121,0,0.549231,4.6872,4.4108e+06,3.01846e+06,1.2929e+07,0,0,0,0,62.1865,61.3098,1.89273,0,1,1.34302,1.34302,0,1.03747,1.90512,9.16655e+06,4.03458e+06,1.23108e+07,0,0,0,0
49.7627,85.1408,1.16704,0.02,0.02,2.90537,2.90537,0,0.549309,4.6872,4.4108e+06,3.01846e+06,1.2815e+07,0,0,0,0,62.0909,61.3098,1.81375,0,1,1.38108,1.38108,0,1.03762,1.90512,9.16655e+06,4.03458e+06,1.26597e+07,0,0,0,0
48.292,85.1408,1.07731,0.06,0.02,2.7525,2.90578,0,0.544466,4.6872,4.4108e+06,3.01846e+06,1.21407e+07,0,0,0,0,61.6665,61.3098,1.79597,0,1,1.53455,1.38127,0,1.06702,1.90512,9.16655e+06,4.03458e+06,1.40665e+07,0,0,0,0
46.6412,85.1408,0.984255,0.04,0.02,2.90619,2.90619,0,0.515819,4.6872,4.4108e+06,3.01846e+06,1.28186e+07,0,0,0,0,61.3506,61.3098,1.59862,0,1,1.38147,1.38147,0,1.18559,1.90512,9.16655e+06,4.03458e+06,1.26633e+07,0,0,0,0
44.955,85.1408,0.902739,0.04,0.02,2.9066,2.9066,0,0.54462,4.6872,4.4108e+06,3.01846e+06,1.28205e+07,0,0,0,0,60.9588,61.3098,1.56739,0,1,1.38166,1.38166,0,1.06732,1.90512,9.16655e+06,4.03458e+06,1.26651e+07,0,0,0,0
43.2817,85.1408,0.935494,0.05,0.02,2.97486,2.97486,0,0.544697,4.6872,4.4108e+06,3.01846e+06,1.31215e+07,0,0,0,0,60.5037,61.3098,1.53659,0,1,1.41562,1.41562,0,1.06747,1.90512,9.16655e+06,4.03458e+06,1.29764e+07,0,0,0,0
41.5903,85.1408,0.918994,0.05,0.02,2.97528,2.97528,0,0.557488,4.6872,4.4108e+06,3.01846e+06,1.31234e+07,0,0,0,0,60.037,61.3098,1.55138,0,1,1.41582,1.41582,0,1.09371,1.90512,9.16655e+06,4.03458e+06,1.29782e+07,0,0,0,0
39.92,85.1408,0.817158,0.08,0.02,2.85717,2.9757,0,0.557567,4.6872,4.4108e+06,3.01846e+06,1.26024e+07,0,0,0,0,59.3438,61.3098,1.46657,0,1,1.53455,1.41602,0,1.09387,1.90512,9.16655e+06,4.03458e+06,1.40665e+07,0,0,0,0
38.1853,85.1408,0.748597,0.09,0.02,2.85779,2.97612,0,0.535434,4.6872,4.4108e+06,3.01846e+06,1.26052e+07,0,0,0,0,58.8,61.3098,1.37382,0,1,1.53455,1.41622,0,1.1856,1.90512,9.16655e+06,4.03458e+06,1.40665e+07,0,0,0,0
36.3224,85.1408,0.812427,0.11,0.02,3.05721,3.17533,0,0.535551,4.6872,4.4108e+06,3.01846e+06,1.34847e+07,0,0,0,0,58.0866,61.3098,1.63774,0,1,1.6565,1.53837,0,1.1856,1.90512,9.16655e+06,4.03458e+06,1.51844e+07,0,0,0,0
34.2787,85.1408,0.779736,0.11,0.02,3.17578,3.17578,0,0.57292,4.6872,4.4108e+06,3.01846e+06,1.40078e+07,0,0,0,0,57.7171,61.3098,1.42166,0,1,1.53859,1.53859,0,1.27981,1.90512,9.16655e+06,4.03458e+06,1.41036e+07,0,0,0,0
32.311,85.1408,0.844034,0.1,0.02,3.17623,3.17623,0,0.595142,4.6872,4.4108e+06,3.01846e+06,1.40097e+07,0,0,0,0,57.4435,61.3098,1.89383,0,1,1.53881,1.53881,0,1.18872,1.90512,9.16655e+06,4.03458e+06,1.41056e+07,0,0,0,0
30.2875,85.1408,0.78587,0.15,0.02,3.17668,3.17668,0,0.595226,4.6872,4.4108e+06,3.01846e+06,1.40117e+07,0,0,0,0,56.9556,61.3098,1.66223,0,1,1.53903,1.53903,0,1.18888,1.90512,9.16655e+06,4.03458e+06,1.41076e+07,0,0,0,0
28.2674,85.1408,0.776939,0.15,0.02,3.17713,3.17713,0,0.59531,4.6872,4.4108e+06,3.01846e+06,1.40137e+07,0,0,0,0,56.6244,61.3098,1.55767,0,1,1.53924,1.53924,0,1.18905,1.90512,9.16655e+06,4.03458e+06,1.41096e+07,0,0,0,0
26.5924,85.1408,1.07682,0.14,0.02,3.08063,3.08063,0,0.595394,4.6872,4.4108e+06,3.01846e+06,1.35881e+07,0,0,0,0,56.3885,61.3098,1.63195,0,1,1.46539,1.46539,0,1.18922,1.90512,9.16655e+06,4.03458e+06,1.34326e+07,0,0,0,0
24.9224,85.1408,1.00149,0.13,0.02,3.01211,3.08107,0,0.57731,4.6872,4.4108e+06,3.01846e+06,1.32858e+07,0,0,0,0,56.2733,61.3098,2.63121,0,1,1.53456,1.4656,0,1.13216,1.90512,9.16655e+06,4.03458e+06,1.40666e+07,0,0,0,0
23.1435,85.1408,0.891025,0.19,0.02,3.01275,3.0815,0,0.564469,4.6872,4.4108e+06,3.01846e+06,1.32886e+07,0,0,0,0,55.718,61.3098,1.61707,0,1,1.53456,1.46581,0,1.1856,1.90512,9.16655e+06,4.03458e+06,1.40666e+07,0,0,0,0
21.222,85.1408,0.741435,0.18,0.02,3.01339,3.08194,0,0.564589,4.6872,4.4108e+06,3.01846e+06,1.32915e+07,0,0,0,0,55.2987,61.3098,1.43437,0,1,1.53456,1.46601,0,1.1856,1.90512,9.16655e+06,4.03458e+06,1.40666e+07,0,0,0,0
20.8714,85.1408,2.33281,0.16,0.02,2.93441,3.00275,0,0.56471,4.6872,4.4108e+06,3.01846e+06,1.29431e+07,0,0,0,0,55.5053,61.3098,2.76846,0,1,1.4671,1.39876,0,1.1856,1.90512,9.16655e+06,4.03458e+06,1.34482e+07,0,0,0,0
19.7292,85.1408,1.45589,0.16,0.02,2.86758,3.00317,0,0.549909,4.6872,4.4108e+06,3.01846e+06,1.26483e+07,0,0,0,0,55.4157,61.3098,2.32029,0,1,1.53455,1.39896,0,1.13348,1.90512,9.16655e+06,4.03458e+06,1.40665e+07,0,0,0,0
18.3732,85.1408,1.21236,0.15,0.02,2.86821,3.0036,0,0.537385,4.6872,4.4108e+06,3.01846e+06,1.26511e+07,0,0,0,0,55.2425,61.3098,1.98643,0,1,1.53455,1.39916,0,1.18559,1.90512,9.16655e+06,4.03458e+06,1.40665e+07,0,0,0,0
17.4026,85.1408,1.64127,0.15,0.02,2.86883,3.00402,0,0.537502,4.6872,4.4108e+06,3.01846e+06,1.26538e+07,0,0,0,0,55.2814,61.3098,2.72133,0,1,1.53455,1.39936,0,1.18559,1.90512,9.16655e+06,4.03458e+06,1.40665e+07,0,0,0,0
18.2359,85.1408,3.25712,0.15,0.02,2.64318,2.77818,0,0.537619,4.6872,4.4108e+06,3.01846e+06,1.16586e+07,0,0,0,0,56.0336,61.3098,3.62211,0,1,1.39397,1.25897,0,1.18559,1.90512,9.16655e+06,4.03458e+06,1.27779e+07,0,0,0,0
19.5191,85.1408,3.6145,0.18,0.02,2.50319,2.77857,0,0.495333,4.6872,4.4108e+06,3.01846e+06,1.10411e+07,0,0,0,0,56.9929,61.3098,4.82747,0,1,1.53453,1.25915,0,1.07698,1.90512,9.16655e+06,4.03458e+06,1.40663e+07,0,0,0,0
21.1441,85.1408,4.05807,0.17,0.02,2.50377,2.77897,0,0.469099,4.6872,4.4108e+06,3.01846e+06,1.10436e+07,0,0,0,0,57.8277,61.3098,5.11603,0,1,1.53453,1.25933,0,1.18558,1.90512,9.16655e+06,4.03458e+06,1.40663e+07,0,0,0,0
22.6079,85.1408,3.83222,0.18,0.02,2.50434,2.77936,0,0.469206,4.6872,4.4108e+06,3.01846e+06,1.10461e+07,0,0,0,0,58.8023,61.3098,5.03219,0,1,1.53453,1.25951,0,1.18558,1.90512,9.16655e+06,4.03458e+06,1.40663e+07,0,0,0,0
24.0428,85.1408,3.81363,0.18,0.02,2.50491,2.77975,0,0.469313,4.6872,4.4108e+06,3.01846e+06,1.10487e+07,0,0,0,0,59.7034,61.3098,4.37687,0,1,1.53453,1.25969,0,1.18558,1.90512,9.16655e+06,4.03458e+06,1.40663e+07,0,0,0,0
27.1114,85.1408,5.72121,0.18,0.02,2.59257,2.86723,0,0.46942,4.6872,4.4108e+06,3.01846e+06,1.14353e+07,0,0,0,0,60.7899,61.3098,5.3381,0,1,1.57526,1.3006,0,1.18558,1.90512,9.16655e+06,4.03458e+06,1.44397e+07,0,0,0,0
28.8701,85.1408,4.43462,0.15,0.02,2.63387,2.86762,0,0.485847,4.6872,4.4108e+06,3.01846e+06,1.16175e+07,0,0,0,0,61.5501,61.3098,4.63701,0,1,1.53453,1.30077,0,1.21705,1.90512,9.16655e+06,4.03458e+06,1.40663e+07,0,0,0,0
30.9347,85.1408,4.76425,0.16,0.02,2.63443,2.86801,0,0.493587,4.6872,4.4108e+06,3.01846e+06,1.16199e+07,0,0,0,0,62.338,61.3098,4.90723,0,1,1.53453,1.30095,0,1.18558,1.90512,9.16655e+06,4.03458e+06,1.40663e+07,0,0,0,0
32.9218,85.1408,4.68548,0.17,0.02,2.63499,2.86839,0,0.493692,4.6872,4.4108e+06,3.01846e+06,1.16224e+07,0,0,0,0,62.338,61.3098,4.89662,0,1,1.53453,1.30112,0,1.18558,1.90512,9.16655e+06,4.03458e+06,1.40663e+07,0,0,0,0
34.4658,85.1408,4.51711,0.18,0.02,2.91537,3.1486,0,0.493797,4.6872,4.4108e+06,3.01846e+06,1.28591e+07,0,0,0,0,62.338,61.3098,5.97436,0,1,1.68753,1.4543,0,1.18558,1.90512,9.16655e+06,4.03458e+06,1.54688e+07,0,0,0,0
37.512,85.1408,6.37075,0.13,0.02,3.06897,3.14902,0,0.54634,4.6872,4.4108e+06,3.01846e+06,1.35366e+07,0,0,0,0,62.338,61.3098,8.51409,0,1,1.53455,1.4545,0,1.30379,1.90512,9.16655e+06,4.03458e+06,1.40665e+07,0,0,0,0
39.7086,85.1408,5.3862,0.13,0.02,3.06959,3.14945,0,0.575126,4.6872,4.4108e+06,3.01846e+06,1.35394e+07,0,0,0,0,62.338,61.3098,4.97818,0,1,1.53455,1.4547,0,1.18559,1.90512,9.16655e+06,4.03458e+06,1.40665e+07,0,0,0,0
42.4703,85.1408,6.03929,0.14,0.02,3.07022,3.14987,0,0.575242,4.6872,4.4108e+06,3.01846e+06,1.35421e+07,0,0,0,0,62.338,61.3098,6.30684,0,1,1.53455,1.45489,0,1.18559,1.90512,9.16655e+06,4.03458e+06,1.40665e+07,0,0,0,0
45.1783,85.1408,5.67349,0.14,0.02,2.67152,2.75098,0,0.575358,4.6872,4.4108e+06,3.01846e+06,1.17835e+07,0,0,0,0,62.338,61.3098,6.39958,0,1,1.3291,1.24964,0,1.18559,1.90512,9.16655e+06,4.03458e+06,1.21833e+07,0,0,0,0
47.2134,85.1408,4.86056,0.11,0.02,2.46664,2.75135,0,0.500642,4.6872,4.4108e+06,3.01846e+06,1.08799e+07,0,0,0,0,62.338,61.3098,5.16578,0,1,1.53452,1.24981,0,1.02686,1.90512,9.16655e+06,4.03458e+06,1.40663e+07,0,0,0,0
49.4227,85.1408,5.13504,0.12,0.02,2.46718,2.75172,0,0.462248,4.6872,4.4108e+06,3.01846e+06,1.08822e+07,0,0,0,0,62.338,61.3098,5.28337,0,1,1.53452,1.24998,0,1.18557,1.90512,9.16655e+06,4.03458e+06,1.40663e+07,0,0,0,0
52.5378,85.1408,6.19431,0.12,0.02,2.46772,2.75209,0,0.462349,4.6872,4.4108e+06,3.01846e+06,1.08846e+07,0,0,0,0,62.338,61.3098,5.52559,0,1,1.53452,1.25015,0,1.18557,1.90512,9.16655e+06,4.03458e+06,1.40663e+07,0,0,0,0
55.0611,85.1408,5.58546,0.06,0.02,2.46826,2.75246,0,0.46245,4.6872,4.4108e+06,3.01846e+06,1.0887e+07,0,0,0,0,62.338,61.3098,5.60034,0,1,1.53452,1.25032,0,1.18557,1.90512,9.16655e+06,4.03458e+06,1.40663e+07,0,0,0,0
58.7962,85.1408,7.1963,0.07,0.02,2.56938,2.85341,0,0.462551,4.6872,4.4108e+06,3.01846e+06,1.1333e+07,0,0,0,0,62.338,61.3098,9.93177,0,1,1.58481,1.30078,0,1.18557,1.90512,9.16655e+06,4.03458e+06,1.45273e+07,0,0,0,0
60.9013,85.1408,5.51613,0.07,0.02,2.62023,2.8538,0,0.481502,4.6872,4.4108e+06,3.01846e+06,1.15573e+07,0,0,0,0,62.338,61.3098,8.48219,0,1,1.53453,1.30096,0,1.22443,1.90512,9.16655e+06,4.03458e+06,1.40663e+07,0,0,0,0
62.4775,85.1408,5.18072,0.03,0.02,2.85418,2.85418,0,0.491031,4.6872,4.4108e+06,3.01846e+06,1.25892e+07,0,0,0,0,62.338,61.3098,8.99796,0,1,1.30113,1.30113,0,1.18558,1.90512,9.16655e+06,4.03458e+06,1.19269e+07,0,0,0,0
63.7863,85.1408,4.77361,0.03,0.02,2.85457,2.85457,0,0.534874,4.6872,4.4108e+06,3.01846e+06,1.25909e+07,0,0,0,0,62.338,61.3098,8.45856,0,1,1.30131,1.30131,0,1.00525,1.90512,9.16655e+06,4.03458e+06,1.19285e+07,0,0,0,0
64.4023,85.1408,3.90475,0.02,0.02,2.81561,2.81561,0,0.534946,4.6872,4.4108e+06,3.01846e+06,1.24191e+07,0,0,0,0,62.338,61.3098,5.84774,0,1,1.28194,1.28194,0,1.00539,1.90512,9.16655e+06,4.03458e+06,1.1751e+07,0,0,0,0
64.4126,85.1408,3.19441,0.01,0.02,2.81598,2.81598,0,0.527644,4.6872,4.4108e+06,3.01846e+06,1.24208e+07,0,0,0,0,62.338,61.3098,4.58002,0,1,1.28211,1.28211,0,0.990426,1.90512,9.16655e+06,4.03458e+06,1.17525e+07,0,0,0,0
64.1656,85.1408,2.90867,0.01,0.02,2.81636,2.81636,0,0.527716,4.6872,4.4108e+06,3.01846e+06,1.24224e+07,0,0,0,0,62.338,61.3098,3.82847,0,1,1.28228,1.28228,0,0.990559,1.90512,9.16655e+06,4.03458e+06,1.17541e+07,0,0,0,0
63.9376,85.1408,2.8912,0.01,0.02,2.81674,2.81674,0,0.527787,4.6872,4.4108e+06,3.01846e+06,1.24241e+07,0,0,0,0,62.338,61.3098,3.9151,0,1,1.28246,1.28246,0,0.990693,1.90512,9.16655e+06,4.03458e+06,1.17557e+07,0,0,0,0
63.5248,85.1408,2.72993,0.01,0.02,2.95076,2.95076,0,0.527858,4.6872,4.4108e+06,3.01846e+06,1.30152e+07,0,0,0,0,62.338,61.3098,3.78872,0,1,1.35198,1.35198,0,0.990827,1.90512,9.16655e+06,4.03458e+06,1.2393e+07,0,0,0,0
62.8723,85.1408,2.44689,0.01,0.02,2.95116,2.95116,0,0.552973,4.6872,4.4108e+06,3.01846e+06,1.3017e+07,0,0,0,0,62.338,61.3098,3.32306,0,1,1.35216,1.35216,0,1.04454,1.90512,9.16655e+06,4.03458e+06,1.23946e+07,0,0,0,0
62.0002,85.1408,2.20771,0.01,0.02,2.95156,2.95156,0,0.553047,4.6872,4.4108e+06,3.01846e+06,1.30187e+07,0,0,0,0,62.338,61.3098,3.03703,0,1,1.35234,1.35234,0,1.04468,1.90512,9.16655e+06,4.03458e+06,1.23963e+07,0,0,0,0
60.9737,85.1408,2.0157,0,0.02,2.95195,2.95195,0,0.553122,4.6872,4.4108e+06,3.01846e+06,1.30205e+07,0,0,0,0,62.338,61.3098,2.98124,0,1,1.35252,1.35252,0,1.04482,1.90512,9.16655e+06,4.03458e+06,1.2398e+07,0,0,0,0
59.8982,85.1408,1.9374,0,0.02,2.95235,2.95235,0,0.553196,4.6872,4.4108e+06,3.01846e+06,1.30222e+07,0,0,0,0,62.338,61.3098,2.61606,0,1,1.35271,1.35271,0,1.04496,1.90512,9.16655e+06,4.03458e+06,1.23996e+07,0,0,0,0
59.5277,85.1408,2.62369,0,0.02,2.92631,2.92631,0,0.553271,4.6872,4.4108e+06,3.01846e+06,1.29074e+07,0,0,0,0,62.338,61.3098,2.70959,0,1,1.39103,1.39103,0,1.0451,1.90512,9.16655e+06,4.03458e+06,1.27509e+07,0,0,0,0
59.0769,85.1408,2.4775,0.02,0.02,2.9267,2.9267,0,0.54839,4.6872,4.4108e+06,3.01846e+06,1.29091e+07,0,0,0,0,62.338,61.3098,2.72726,0,1,1.39122,1.39122,0,1.07471,1.90512,9.16655e+06,4.03458e+06,1.27526e+07,0,0,0,0
58.4737,85.1408,2.29492,0.02,0.02,2.9271,2.9271,0,0.548464,4.6872,4.4108e+06,3.01846e+06,1.29108e+07,0,0,0,0,62.338,61.3098,2.64061,0,1,1.3914,1.3914,0,1.07485,1.90512,9.16655e+06,4.03458e+06,1.27544e+07,0,0,0,0
57.7294,85.1408,2.13363,0.02,0.02,2.92749,2.92749,0,0.548538,4.6872,4.4108e+06,3.01846e+06,1.29126e+07,0,0,0,0,62.338,61.3098,2.736,0,1,1.39159,1.39159,0,1.075,1.90512,9.16655e+06,4.03458e+06,1.27561e+07,0,0,0,0
56.9475,85.1408,2.15676,0.03,0.02,2.99622,2.99622,0,0.548612,4.6872,4.4108e+06,3.01846e+06,1.32157e+07,0,0,0,0,62.338,61.3098,2.68918,0,1,1.42579,1.42579,0,1.07514,1.90512,9.16655e+06,4.03458e+06,1.30695e+07,0,0,0,0
55.9655,85.1408,1.916,0.03,0.02,2.99662,2.99662,0,0.561491,4.6872,4.4108e+06,3.01846e+06,1.32175e+07,0,0,0,0,62.338,61.3098,2.46632,0,1,1.42598,1.42598,0,1.10156,1.90512,9.16655e+06,4.03458e+06,1.30713e+07,0,0,0,0
54.8805,85.1408,1.79347,0.03,0.02,2.99702,2.99702,0,0.561567,4.6872,4.4108e+06,3.01846e+06,1.32193e+07,0,0,0,0,62.3266,61.3098,2.2625,0,1,1.42617,1.42617,0,1.10171,1.90512,9.16655e+06,4.03458e+06,1.30731e+07,0,0,0,0
53.7874,85.1408,1.76115,0.03,0.02,2.99743,2.99743,0,0.561642,4.6872,4.4108e+06,3.01846e+06,1.32211e+07,0,0,0,0,62.338,61.3098,2.42501,0,1,1.42636,1.42636,0,1.10186,1.90512,9.16655e+06,4.03458e+06,1.30748e+07,0,0,0,0
52.663,85.1408,1.85245,0.03,0.02,3.19805,3.19805,0,0.561718,4.6872,4.4108e+06,3.01846e+06,1.41059e+07,0,0,0,0,62.314,61.3098,2.59833,0,1,1.54938,1.54938,0,1.10201,1.90512,9.16655e+06,4.03458e+06,1.42024e+07,0,0,0,0
51.2998,85.1408,1.5658,0.03,0.02,3.19848,3.19848,0,0.599314,4.6872,4.4108e+06,3.01846e+06,1.41079e+07,0,0,0,0,62.2466,61.3098,2.34997,0,1,1.54959,1.54959,0,1.19705,1.90512,9.16655e+06,4.03458e+06,1.42044e+07,0,0,0,0
49.6977,85.1408,1.32762,0.03,0.02,3.19891,3.19891,0,0.599395,4.6872,4.4108e+06,3.01846e+06,1.41098e+07,0,0,0,0,62.081,61.3098,2.06645,0,1,1.5498,1.5498,0,1.19721,1.90512,9.16655e+06,4.03458e+06,1.42063e+07,0,0,0,0
48.2512,85.1408,1.44045,0.07,0.02,3.19934,3.19934,0,0.599475,4.6872,4.4108e+06,3.01846e+06,1.41117e+07,0,0,0,0,62.1616,61.3098,2.74768,0,1,1.55,1.55,0,1.19737,1.90512,9.16655e+06,4.03458e+06,1.42082e+07,0,0,0,0
46.7272,85.1408,1.3408,0.06,0.02,3.19977,3.19977,0,0.599556,4.6872,4.4108e+06,3.01846e+06,1.41136e+07,0,0,0,0,62.0781,61.3098,2.42412,0,1,1.55021,1.55021,0,1.19753,1.90512,9.16655e+06,4.03458e+06,1.42101e+07,0,0,0,0
45.2373,85.1408,1.30786,0.05,0.02,3.10256,3.10256,0,0.599637,4.6872,4.4108e+06,3.01846e+06,1.36848e+07,0,0,0,0,61.9567,61.3098,2.04221,0,1,1.47582,1.47582,0,1.19769,1.90512,9.16655e+06,4.03458e+06,1.35282e+07,0,0,0,0
43.8211,85.1408,1.38607,0.05,0.02,3.10298,3.10298,0,0.58142,4.6872,4.4108e+06,3.01846e+06,1.36866e+07,0,0,0,0,61.8869,61.3098,2.08284,0,1,1.47602,1.47602,0,1.14022,1.90512,9.16655e+06,4.03458e+06,1.353e+07,0,0,0,0
42.9685,85.1408,1.92168,0.06,0.02,3.04507,3.1034,0,0.581498,4.6872,4.4108e+06,3.01846e+06,1.34312e+07,0,0,0,0,61.8399,61.3098,2.32353,0,1,1.53455,1.47622,0,1.14038,1.90512,9.16655e+06,4.03458e+06,1.40665e+07,0,0,0,0
42.7325,85.1408,2.7008,0.05,0.02,3.10382,3.10382,0,0.570646,4.6872,4.4108e+06,3.01846e+06,1.36903e+07,0,0,0,0,62.3273,61.3098,3.80954,0,1,1.47642,1.47642,0,1.18559,1.90512,9.16655e+06,4.03458e+06,1.35337e+07,0,0,0,0
42.2076,85.1408,2.36931,0.05,0.02,3.02405,3.02405,0,0.581655,4.6872,4.4108e+06,3.01846e+06,1.33385e+07,0,0,0,0,62.338,61.3098,2.91299,0,1,1.40868,1.40868,0,1.14068,1.90512,9.16655e+06,4.03458e+06,1.29128e+07,0,0,0,0
44.3606,85.1408,5.06849,0.08,0.02,2.89878,3.02445,0,0.566706,4.6872,4.4108e+06,3.01846e+06,1.2786e+07,0,0,0,0,62.338,61.3098,7.24603,0,1,1.53454,1.40887,0,1.08835,1.90512,9.16655e+06,4.03458e+06,1.40665e+07,0,0,0,0
44.6755,85.1408,3.24229,0.04,0.02,3.02486,3.02486,0,0.543232,4.6872,4.4108e+06,3.01846e+06,1.33421e+07,0,0,0,0,62.338,61.3098,4.00403,0,1,1.40906,1.40906,0,1.18559,1.90512,9.16655e+06,4.03458e+06,1.29162e+07,0,0,0,0
47.0894,85.1408,5.52459,0.04,0.02,3.02527,3.02527,0,0.566859,4.6872,4.4108e+06,3.01846e+06,1.33439e+07,0,0,0,0,62.338,61.3098,4.35875,0,1,1.40925,1.40925,0,1.08864,1.90512,9.16655e+06,4.03458e+06,1.2918e+07,0,0,0,0
49.1075,85.1408,4.8822,0.04,0.02,2.79781,2.79781,0,0.566936,4.6872,4.4108e+06,3.01846e+06,1.23406e+07,0,0,0,0,62.338,61.3098,6.99851,0,1,1.26787,1.26787,0,1.08879,1.90512,9.16655e+06,4.03458e+06,1.1622e+07,0,0,0,0
50.5281,85.1408,4.30344,0.05,0.02,2.79819,2.79819,0,0.52431,4.6872,4.4108e+06,3.01846e+06,1.23423e+07,0,0,0,0,62.338,61.3098,3.82707,0,1,1.26804,1.26804,0,0.979555,1.90512,9.16655e+06,4.03458e+06,1.16235e+07,0,0,0,0
52.3396,85.1408,4.62324,0.06,0.02,2.53225,2.79856,0,0.52438,4.6872,4.4108e+06,3.01846e+06,1.11693e+07,0,0,0,0,62.338,61.3098,10.954,0,1,1.53452,1.26821,0,0.979688,1.90512,9.16655e+06,4.03458e+06,1.40663e+07,0,0,0,0
53.1383,85.1408,3.71028,0.04,0.02,2.79894,2.79894,0,0.474544,4.6872,4.4108e+06,3.01846e+06,1.23456e+07,0,0,0,0,62.338,61.3098,5.4943,0,1,1.26838,1.26838,0,1.18557,1.90512,9.16655e+06,4.03458e+06,1.16267e+07,0,0,0,0
52.7107,85.1408,2.42329,0.04,0.02,2.79932,2.79932,0,0.524522,4.6872,4.4108e+06,3.01846e+06,1.23472e+07,0,0,0,0,62.338,61.3098,3.81946,0,1,1.26855,1.26855,0,0.979952,1.90512,9.16655e+06,4.03458e+06,1.16283e+07,0,0,0,0
56.1808,85.1408,6.68138,0.05,0.02,2.8874,2.8874,0,0.524593,4.6872,4.4108e+06,3.01846e+06,1.27357e+07,0,0,0,0,62.338,61.3098,5.80579,0,1,1.30974,1.30974,0,0.980084,1.90512,9.16655e+06,4.03458e+06,1.20058e+07,0,0,0,0
60.166,85.1408,7.13339,0.05,0.02,2.88777,2.88777,0,0.541098,4.6872,4.4108e+06,3.01846e+06,1.27374e+07,0,0,0,0,62.338,61.3098,5.99485,0,1,1.30991,1.30991,0,1.01191,1.90512,9.16655e+06,4.03458e+06,1.20074e+07,0,0,0,0
63.6621,85.1408,6.7366,0.02,0.02,2.88814,2.88814,0,0.541168,4.6872,4.4108e+06,3.01846e+06,1.2739e+07,0,0,0,0,62.338,61.3098,6.79218,0,1,1.31008,1.31008,0,1.01204,1.90512,9.16655e+06,4.03458e+06,1.20089e+07,0,0,0,0
65.8274,85.1408,5.42364,0.02,0.02,2.88851,2.88851,0,0.541237,4.6872,4.4108e+06,3.01846e+06,1.27406e+07,0,0,0,0,62.338,61.3098,4.96562,0,1,1.31025,1.31025,0,1.01217,1.90512,9.16655e+06,4.03458e+06,1.20104e+07,0,0,0,0
67.3755,85.1408,4.988,0.03,0.02,3.17065,3.17065,0,0.541306,4.6872,4.4108e+06,3.01846e+06,1.39851e+07,0,0,0,0,62.338,61.3098,5.2589,0,1,1.46449,1.46449,0,1.0123,1.90512,9.16655e+06,4.03458e+06,1.34243e+07,0,0,0,0
68.5273,85.1408,4.70752,0.02,0.02,3.17106,3.17106,0,0.59418,4.6872,4.4108e+06,3.01846e+06,1.39869e+07,0,0,0,0,62.338,61.3098,5.49936,0,1,1.46468,1.46468,0,1.13147,1.90512,9.16655e+06,4.03458e+06,1.34261e+07,0,0,0,0
71.8538,85.1408,6.83698,0.01,0.02,3.17146,3.17146,0,0.594256,4.6872,4.4108e+06,3.01846e+06,1.39887e+07,0,0,0,0,62.338,61.3098,6.68696,0,1,1.46487,1.46487,0,1.13161,1.90512,9.16655e+06,4.03458e+06,1.34278e+07,0,0,0,0
72.8452,85.1408,4.54168,0.01,0.02,3.17187,3.17187,0,0.594332,4.6872,4.4108e+06,3.01846e+06,1.39905e+07,0,0,0,0,62.338,61.3098,5.10612,0,1,1.46506,1.46506,0,1.13176,1.90512,9.16655e+06,4.03458e+06,1.34295e+07,0,0,0,0
75.5193,85.1408,5.97779,0.01,0.02,2.77017,2.77017,0,0.594409,4.6872,4.4108e+06,3.01846e+06,1.22187e+07,0,0,0,0,62.338,61.3098,5.64919,0,1,1.25836,1.25836,0,1.1319,1.90512,9.16655e+06,4.03458e+06,1.15349e+07,0,0,0,0
78.1968,85.1408,5.88234,0.01,0.02,2.77053,2.77053,0,0.51913,4.6872,4.4108e+06,3.01846e+06,1.22202e+07,0,0,0,0,62.338,61.3098,4.6802,0,1,1.25853,1.25853,0,0.972212,1.90512,9.16655e+06,4.03458e+06,1.15363e+07,0,0,0,0
81.1736,85.1408,6.17324,0,0.02,2.77088,2.77088,0,0.519197,4.6872,4.4108e+06,3.01846e+06,1.22218e+07,0,0,0,0,62.338,61.3098,5.11289,0,1,1.25869,1.25869,0,0.972336,1.90512,9.16655e+06,4.03458e+06,1.15378e+07,0,0,0,0
85.1408,85.1408,7.51917,0,0.02,2.77124,2.77124,0,0.519263,4.6872,4.4108e+06,3.01846e+06,1.22234e+07,0,0,0,0,62.338,61.3098,5.65936,0,1,1.25885,1.25885,0,0.972461,1.90512,9.16655e+06,4.03458e+06,1.15393e+07,0,0,0,0
85.1408,85.1408,8.6009,0,0.02,2.77159,2.77159,0,0.51933,4.6872,4.4108e+06,3.01846e+06,1.22249e+07,0,0,0,0,62.338,61.3098,6.67684,0,1,1.25901,1.25901,0,0.972586,1.90512,9.16655e+06,4.03458e+06,1.15408e+07,0,0,0,0
85.1408,85.1408,7.04638,0,0.02,2.87323,2.87323,0,0.519396,4.6872,4.4108e+06,3.01846e+06,1.26732e+07,0,0,0,0,62.338,61.3098,5.8373,0,1,1.30981,1.30981,0,0.97271,1.90512,9.16655e+06,4.03458e+06,1.20065e+07,0,0,0,0
85.1408,85.1408,4.63692,0,0.02,2.8736,2.8736,0,0.538443,4.6872,4.4108e+06,3.01846e+06,1.26749e+07,0,0,0,0,62.338,61.3098,3.79227,0,1,1.30998,1.30998,0,1.01196,1.90512,9.16655e+06,4.03458e+06,1.2008e+07,0,0,0,0
85.1408,85.1408,3.54388,0,0.02,2.87396,2.87396,0,0.538512,4.6872,4.4108e+06,3.01846e+06,1.26765e+07,0,0,0,0,62.338,61.3098,3.01527,0,1,1.31015,1.31015,0,1.01209,1.90512,9.16655e+06,4.03458e+06,1.20095e+07,0,0,0,0
85.1408,85.1408,3.32448,0,0.02,2.87433,2.87433,0,0.538581,4.6872,4.4108e+06,3.01846e+06,1.26781e+07,0,0,0,0,62.338,61.3098,2.78962,0,1,1.31032,1.31032,0,1.01222,1.90512,9.16655e+06,4.03458e+06,1.20111e+07,0,0,0,0
85.1408,85.1408,3.66969,0,0.02,2.83508,2.83508,0,0.53865,4.6872,4.4108e+06,3.01846e+06,1.2505e+07,0,0,0,0,62.338,61.3098,2.62715,0,1,1.29081,1.29081,0,1.01235,1.90512,9.16655e+06,4.03458e+06,1.18322e+07,0,0,0,0
85.1408,85.1408,3.37879,0,0.02,2.83544,2.83544,0,0.531294,4.6872,4.4108e+06,3.01846e+06,1.25066e+07,0,0,0,0,62.338,61.3098,2.2278,0,1,1.29097,1.29097,0,0.997276,1.90512,9.16655e+06,4.03458e+06,1.18337e+07,0,0,0,0
85.1164,85.1408,3.12831,0,0.02,2.83581,2.83581,0,0.531362,4.6872,4.4108e+06,3.01846e+06,1.25082e+07,0,0,0,0,62.338,61.3098,2.05164,0,1,1.29114,1.29114,0,0.997404,1.90512,9.16655e+06,4.03458e+06,1.18353e+07,0,0,0,0
85.0231,85.1408,3.05588,0,0.02,2.83617,2.83617,0,0.53143,4.6872,4.4108e+06,3.01846e+06,1.25098e+07,0,0,0,0,62.338,61.3098,2.33036,0,1,1.2913,1.2913,0,0.997532,1.90512,9.16655e+06,4.03458e+06,1.18368e+07,0,0,0,0
84.8224,85.1408,3.05452,0,0.02,2.97109,2.97109,0,0.531498,4.6872,4.4108e+06,3.01846e+06,1.31049e+07,0,0,0,0,62.338,61.3098,2.15494,0,1,1.36129,1.36129,0,0.99766,1.90512,9.16655e+06,4.03458e+06,1.24783e+07,0,0,0,0
84.6461,85.1408,3.03347,0,0.02,2.97147,2.97147,0,0.556782,4.6872,4.4108e+06,3.01846e+06,1.31066e+07,0,0,0,0,62.338,61.3098,2.21302,0,1,1.36147,1.36147,0,1.05173,1.90512,9.16655e+06,4.03458e+06,1.24799e+07,0,0,0,0
84.1497,85.1408,2.70102,0,0.02,2.97185,2.97185,0,0.556854,4.6872,4.4108e+06,3.01846e+06,1.31083e+07,0,0,0,0,62.338,61.3098,2.02123,0,1,1.36164,1.36164,0,1.05187,1.90512,9.16655e+06,4.03458e+06,1.24815e+07,0,0,0,0
83.5621,85.1408,2.54552,0,0.02,2.97223,2.97223,0,0.556925,4.6872,4.4108e+06,3.01846e+06,1.31099e+07,0,0,0,0,62.2483,61.3098,1.94382,0,1,1.36181,1.36181,0,1.052,1.90512,9.16655e+06,4.03458e+06,1.24831e+07,0,0,0,0
82.8322,85.1408,2.39817,0,0.02,2.97261,2.97261,0,0.556996,4.6872,4.4108e+06,3.01846e+06,1.31116e+07,0,0,0,0,61.9557,61.3098,1.81769,0,1,1.36199,1.36199,0,1.05214,1.90512,9.16655e+06,4.03458e+06,1.24847e+07,0,0,0,0
81.5573,85.1408,1.79854,0,0.02,2.94637,2.94637,0,0.557068,4.6872,4.4108e+06,3.01846e+06,1.29958e+07,0,0,0,0,61.6821,61.3098,1.63431,0,1,1.40056,1.40056,0,1.05227,1.90512,9.16655e+06,4.03458e+06,1.28383e+07,0,0,0,0
80.113,85.1408,1.61094,0,0.02,2.94674,2.94674,0,0.552149,4.6872,4.4108e+06,3.01846e+06,1.29975e+07,0,0,0,0,61.4389,61.3098,1.67497,0,1,1.40074,1.40074,0,1.08208,1.90512,9.16655e+06,4.03458e+06,1.284e+07,0,0,0,0
78.6547,85.1408,1.58233,0,0.02,2.94712,2.94712,0,0.55222,4.6872,4.4108e+06,3.01846e+06,1.29992e+07,0,0,0,0,61.1302,61.3098,1.67005,0,1,1.40092,1.40092,0,1.08221,1.90512,9.16655e+06,4.03458e+06,1.28416e+07,0,0,0,0
77.1518,85.1408,1.50546,0,0.02,2.9475,2.9475,0,0.552291,4.6872,4.4108e+06,3.01846e+06,1.30008e+07,0,0,0,0,60.6813,61.3098,1.61543,0,1,1.4011,1.4011,0,1.08235,1.90512,9.16655e+06,4.03458e+06,1.28433e+07,0,0,0,0
75.4806,85.1408,1.36833,0,0.02,3.01668,3.01668,0,0.552362,4.6872,4.4108e+06,3.01846e+06,1.3306e+07,0,0,0,0,60.1019,61.3098,1.47115,0,1,1.43552,1.43552,0,1.08249,1.90512,9.16655e+06,4.03458e+06,1.31588e+07,0,0,0,0
73.875,85.1408,1.42006,0.01,0.02,3.01706,3.01706,0,0.565325,4.6872,4.4108e+06,3.01846e+06,1.33077e+07,0,0,0,0,59.5041,61.3098,1.40676,0,1,1.43571,1.43571,0,1.10909,1.90512,9.16655e+06,4.03458e+06,1.31605e+07,0,0,0,0
72.1458,85.1408,1.28043,0.01,0.02,3.01745,3.01745,0,0.565397,4.6872,4.4108e+06,3.01846e+06,1.33094e+07,0,0,0,0,58.792,61.3098,1.34824,0,1,1.43589,1.43589,0,1.10923,1.90512,9.16655e+06,4.03458e+06,1.31622e+07,0,0,0,0
70.3213,85.1408,1.16724,0.01,0.02,3.01784,3.01784,0,0.56547,4.6872,4.4108e+06,3.01846e+06,1.33111e+07,0,0,0,0,58.0545,61.3098,1.24368,0,1,1.43608,1.43608,0,1.10937,1.90512,9.16655e+06,4.03458e+06,1.31639e+07,0,0,0,0
68.2123,85.1408,1.01573,0.01,0.02,3.2198,3.2198,0,0.565542,4.6872,4.4108e+06,3.01846e+06,1.42019e+07,0,0,0,0,57.1915,61.3098,1.23281,0,1,1.55991,1.55991,0,1.10951,1.90512,9.16655e+06,4.03458e+06,1.4299e+07,0,0,0,0
66.2545,85.1408,1.1547,0.01,0.02,3.22021,3.22021,0,0.60339,4.6872,4.4108e+06,3.01846e+06,1.42037e+07,0,0,0,0,56.3947,61.3098,1.22218,0,1,1.56011,1.56011,0,1.20519,1.90512,9.16655e+06,4.03458e+06,1.43009e+07,0,0,0,0
64.3479,85.1408,1.1879,0.02,0.02,3.22062,3.22062,0,0.603467,4.6872,4.4108e+06,3.01846e+06,1.42055e+07,0,0,0,0,55.5288,61.3098,1.29831,0,1,1.56031,1.56031,0,1.20534,1.90512,9.16655e+06,4.03458e+06,1.43027e+07,0,0,0,0
62.2619,85.1408,1.00357,0.02,0.02,3.22103,3.22103,0,0.603545,4.6872,4.4108e+06,3.01846e+06,1.42073e+07,0,0,0,0,54.855,61.3098,1.14182,0,1,1.56051,1.56051,0,1.2055,1.90512,9.16655e+06,4.03458e+06,1.43045e+07,0,0,0,0
60.2975,85.1408,1.09148,0.02,0.02,3.22145,3.22145,0,0.603622,4.6872,4.4108e+06,3.01846e+06,1.42092e+07,0,0,0,0,54.5161,61.3098,1.51757,0,1,1.56071,1.56071,0,1.20565,1.90512,9.16655e+06,4.03458e+06,1.43064e+07,0,0,0,0
58.6478,85.1408,1.26407,0.03,0.02,3.12356,3.12356,0,0.603699,4.6872,4.4108e+06,3.01846e+06,1.37774e+07,0,0,0,0,53.9587,61.3098,2.11613,0,1,1.48581,1.48581,0,1.20581,1.90512,9.16655e+06,4.03458e+06,1.36198e+07,0,0,0,0
56.9016,85.1408,1.13082,0.04,0.02,3.12396,3.12396,0,0.585355,4.6872,4.4108e+06,3.01846e+06,1.37792e+07,0,0,0,0,53.0713,61.3098,1.14029,0,1,1.486,1.486,0,1.14794,1.90512,9.16655e+06,4.03458e+06,1.36215e+07,0,0,0,0
55.147,85.1408,1.0974,0.04,0.02,3.12436,3.12436,0,0.58543,4.6872,4.4108e+06,3.01846e+06,1.37809e+07,0,0,0,0,52.4939,61.3098,1.04602,0,1,1.48619,1.48619,0,1.14809,1.90512,9.16655e+06,4.03458e+06,1.36233e+07,0,0,0,0
54.3801,85.1408,2.23449,0.04,0.02,3.12476,3.12476,0,0.585505,4.6872,4.4108e+06,3.01846e+06,1.37827e+07,0,0,0,0,52.5001,61.3098,1.70659,0,1,1.48638,1.48638,0,1.14823,1.90512,9.16655e+06,4.03458e+06,1.3625e+07,0,0,0,0
54.9008,85.1408,3.46315,0.04,0.02,3.04443,3.04443,0,0.58558,4.6872,4.4108e+06,3.01846e+06,1.34284e+07,0,0,0,0,52.0117,61.3098,1.87078,0,1,1.41818,1.41818,0,1.14838,1.90512,9.16655e+06,4.03458e+06,1.29998e+07,0,0,0,0
53.7992,85.1408,1.809,0.04,0.02,3.04482,3.04482,0,0.570526,4.6872,4.4108e+06,3.01846e+06,1.34301e+07,0,0,0,0,51.7288,61.3098,1.07388,0,1,1.41836,1.41836,0,1.09568,1.90512,9.16655e+06,4.03458e+06,1.30015e+07,0,0,0,0
53.0055,85.1408,2.1113,0.03,0.02,3.04521,3.04521,0,0.570599,4.6872,4.4108e+06,3.01846e+06,1.34318e+07,0,0,0,0,51.7585,61.3098,2.36963,0,1,1.41854,1.41854,0,1.09582,1.90512,9.16655e+06,4.03458e+06,1.30031e+07,0,0,0,0
55.6195,85.1408,5.65517,0.03,0.02,3.0456,3.0456,0,0.570672,4.6872,4.4108e+06,3.01846e+06,1.34335e+07,0,0,0,0,52.7085,61.3098,4.80075,0,1,1.41872,1.41872,0,1.09596,1.90512,9.16655e+06,4.03458e+06,1.30048e+07,0,0,0,0
56.0637,85.1408,3.28432,0.03,0.02,2.81659,2.81659,0,0.570745,4.6872,4.4108e+06,3.01846e+06,1.24234e+07,0,0,0,0,53.2207,61.3098,2.43751,0,1,1.27638,1.27638,0,1.0961,1.90512,9.16655e+06,4.03458e+06,1.17e+07,0,0,0,0
60.4016,85.1408,7.33448,0.03,0.02,2.81695,2.81695,0,0.527829,4.6872,4.4108e+06,3.01846e+06,1.2425e+07,0,0,0,0,54.6473,61.3098,5.73039,0,1,1.27654,1.27654,0,0.986131,1.90512,9.16655e+06,4.03458e+06,1.17015e+07,0,0,0,0
61.7115,85.1408,4.24528,0.02,0.02,2.81731,2.81731,0,0.527897,4.6872,4.4108e+06,3.01846e+06,1.24266e+07,0,0,0,0,55.2844,61.3098,3.38446,0,1,1.27671,1.27671,0,0.986258,1.90512,9.16655e+06,4.03458e+06,1.1703e+07,0,0,0,0
62.6761,85.1408,3.89152,0.02,0.02,2.81768,2.81768,0,0.527965,4.6872,4.4108e+06,3.01846e+06,1.24282e+07,0,0,0,0,55.5889,61.3098,2.55371,0,1,1.27687,1.27687,0,0.986384,1.90512,9.16655e+06,4.03458e+06,1.17045e+07,0,0,0,0
65.0259,85.1408,5.38813,0.02,0.02,2.81804,2.81804,0,0.528032,4.6872,4.4108e+06,3.01846e+06,1.24298e+07,0,0,0,0,56.4486,61.3098,4.10876,0,1,1.27703,1.27703,0,0.986511,1.90512,9.16655e+06,4.03458e+06,1.1706e+07,0,0,0,0
75.0003,85.1408,13.9008,0.02,0.02,2.90668,2.90668,0,0.5281,4.6872,4.4108e+06,3.01846e+06,1.28208e+07,0,0,0,0,61.3137,61.3098,8.20172,0,1,1.31849,1.31849,0,0.986637,1.90512,9.16655e+06,4.03458e+06,1.2086e+07,0,0,0,0
79.0217,85.1408,7.62168,0,0.02,2.90704,2.90704,0,0.544712,4.6872,4.4108e+06,3.01846e+06,1.28224e+07,0,0,0,0,62.338,61.3098,5.34634,0,1,1.31865,1.31865,0,1.01867,1.90512,9.16655e+06,4.03458e+06,1.20875e+07,0,0,0,0
80.3002,85.1408,4.7297,0,0.02,2.90739,2.90739,0,0.544779,4.6872,4.4108e+06,3.01846e+06,1.28239e+07,0,0,0,0,62.338,61.3098,4.52704,0,1,1.31881,1.31881,0,1.01879,1.90512,9.16655e+06,4.03458e+06,1.2089e+07,0,0,0,0
81.8834,85.1408,5.07013,0,0.02,2.90774,2.90774,0,0.544845,4.6872,4.4108e+06,3.01846e+06,1.28255e+07,0,0,0,0,62.338,61.3098,4.48815,0,1,1.31897,1.31897,0,1.01891,1.90512,9.16655e+06,4.03458e+06,1.20904e+07,0,0,0,0
83.4067,85.1408,5.32268,0,0.02,3.19174,3.19174,0,0.544911,4.6872,4.4108e+06,3.01846e+06,1.40782e+07,0,0,0,0,62.338,61.3098,4.73936,0,1,1.47423,1.47423,0,1.01904,1.90512,9.16655e+06,4.03458e+06,1.35136e+07,0,0,0,0
85.1408,85.1408,7.35088,0,0.02,3.19213,3.19213,0,0.598133,4.6872,4.4108e+06,3.01846e+06,1.40799e+07,0,0,0,0,62.338,61.3098,5.05164,0,1,1.47441,1.47441,0,1.13899,1.90512,9.16655e+06,4.03458e+06,1.35153e+07,0,0,0,0
85.1408,85.1408,6.94888,0,0.02,3.19252,3.19252,0,0.598205,4.6872,4.4108e+06,3.01846e+06,1.40816e+07,0,0,0,0,62.338,61.3098,5.52869,0,1,1.47459,1.47459,0,1.13913,1.90512,9.16655e+06,4.03458e+06,1.35169e+07,0,0,0,0
85.1408,85.1408,6.56215,0,0.02,3.19291,3.19291,0,0.598278,4.6872,4.4108e+06,3.01846e+06,1.40833e+07,0,0,0,0,62.338,61.3098,4.53817,0,1,1.47477,1.47477,0,1.13927,1.90512,9.16655e+06,4.03458e+06,1.35186e+07,0,0,0,0
85.1408,85.1408,10.9474,0,0.02,2.78852,2.78852,0,0.598351,4.6872,4.4108e+06,3.01846e+06,1.22996e+07,0,0,0,0,61.9527,61.3098,8.47184,0,1,1.2667,1.2667,0,1.13941,1.90512,9.16655e+06,4.03458e+06,1.16113e+07,0,0,0,0
84.2965,85.1408,2.41594,0,0.02,2.78886,2.78886,0,0.522569,4.6872,4.4108e+06,3.01846e+06,1.23011e+07,0,0,0,0,62.338,61.3098,2.2228,0,1,1.26685,1.26685,0,0.978653,1.90512,9.16655e+06,4.03458e+06,1.16127e+07,0,0,0,0
85.1408,85.1408,5.48493,0,0.02,2.7892,2.7892,0,0.522633,4.6872,4.4108e+06,3.01846e+06,1.23026e+07,0,0,0,0,62.338,61.3098,4.19609,0,1,1.26701,1.26701,0,0.978772,1.90512,9.16655e+06,4.03458e+06,1.16141e+07,0,0,0,0
85.1408,85.1408,7.30101,0,0.02,2.78954,2.78954,0,0.522696,4.6872,4.4108e+06,3.01846e+06,1.23041e+07,0,0,0,0,62.338,61.3098,6.16724,0,1,1.26716,1.26716,0,0.978891,1.90512,9.16655e+06,4.03458e+06,1.16155e+07,0,0,0,0
85.1408,85.1408,7.77486,0,0.02,2.78988,2.78988,0,0.52276,4.6872,4.4108e+06,3.01846e+06,1.23056e+07,0,0,0,0,62.338,61.3098,4.72689,0,1,1.26732,1.26732,0,0.97901,1.90512,9.16655e+06,4.03458e+06,1.16169e+07,0,0,0,0
85.1408,85.1408,8.56538,0,0.02,2.89217,2.89217,0,0.522823,4.6872,4.4108e+06,3.01846e+06,1.27568e+07,0,0,0,0,62.338,61.3098,5.65319,0,1,1.31845,1.31845,0,0.979129,1.90512,9.16655e+06,4.03458e+06,1.20856e+07,0,0,0,0
85.1408,85.1408,6.05002,0,0.02,2.89252,2.89252,0,0.541992,4.6872,4.4108e+06,3.01846e+06,1.27583e+07,0,0,0,0,62.338,61.3098,4.95583,0,1,1.31861,1.31861,0,1.01863,1.90512,9.16655e+06,4.03458e+06,1.20871e+07,0,0,0,0
85.1408,85.1408,5.09321,0,0.02,2.89287,2.89287,0,0.542058,4.6872,4.4108e+06,3.01846e+06,1.27599e+07,0,0,0,0,62.338,61.3098,4.58211,0,1,1.31877,1.31877,0,1.01876,1.90512,9.16655e+06,4.03458e+06,1.20885e+07,0,0,0,0
85.1408,85.1408,4.58663,0,0.02,2.89322,2.89322,0,0.542124,4.6872,4.4108e+06,3.01846e+06,1.27614e+07,0,0,0,0,62.338,61.3098,4.22361,0,1,1.31893,1.31893,0,1.01888,1.90512,9.16655e+06,4.03458e+06,1.209e+07,0,0,0,0
85.1408,85.1408,5.25354,0,0.02,2.85369,2.85369,0,0.54219,4.6872,4.4108e+06,3.01846e+06,1.25871e+07,0,0,0,0,62.338,61.3098,4.35105,0,1,1.29928,1.29928,0,1.019,1.90512,9.16655e+06,4.03458e+06,1.19099e+07,0,0,0,0
85.1408,85.1408,4.76136,0,0.02,2.85404,2.85404,0,0.534782,4.6872,4.4108e+06,3.01846e+06,1.25886e+07,0,0,0,0,62.338,61.3098,4.34729,0,1,1.29944,1.29944,0,1.00382,1.90512,9.16655e+06,4.03458e+06,1.19113e+07,0,0,0,0
85.1408,85.1408,4.58072,0,0.02,2.85438,2.85438,0,0.534847,4.6872,4.4108e+06,3.01846e+06,1.25901e+07,0,0,0,0,62.338,61.3098,3.92456,0,1,1.29959,1.29959,0,1.00394,1.90512,9.16655e+06,4.03458e+06,1.19128e+07,0,0,0,0
85.1408,85.1408,4.00882,0,0.02,2.85473,2.85473,0,0.534912,4.6872,4.4108e+06,3.01846e+06,1.25917e+07,0,0,0,0,62.338,61.3098,3.82275,0,1,1.29975,1.29975,0,1.00407,1.90512,9.16655e+06,4.03458e+06,1.19142e+07,0,0,0,0
85.1408,85.1408,4.00645,0,0.02,2.99051,2.99051,0,0.534977,4.6872,4.4108e+06,3.01846e+06,1.31906e+07,0,0,0,0,62.338,61.3098,4.65033,0,1,1.37019,1.37019,0,1.00419,1.90512,9.16655e+06,4.03458e+06,1.25599e+07,0,0,0,0
85.1408,85.1408,3.85543,0,0.02,2.99088,2.99088,0,0.560422,4.6872,4.4108e+06,3.01846e+06,1.31922e+07,0,0,0,0,62.338,61.3098,4.20622,0,1,1.37036,1.37036,0,1.05861,1.90512,9.16655e+06,4.03458e+06,1.25614e+07,0,0,0,0
85.1408,85.1408,3.55037,0,0.02,2.99124,2.99124,0,0.56049,4.6872,4.4108e+06,3.01846e+06,1.31938e+07,0,0,0,0,62.338,61.3098,3.58816,0,1,1.37052,1.37052,0,1.05874,1.90512,9.16655e+06,4.03458e+06,1.2563e+07,0,0,0,0
85.1408,85.1408,3.23299,0,0.02,2.9916,2.9916,0,0.560559,4.6872,4.4108e+06,3.01846e+06,1.31954e+07,0,0,0,0,62.338,61.3098,2.99606,0,1,1.37069,1.37069,0,1.05887,1.90512,9.16655e+06,4.03458e+06,1.25645e+07,0,0,0,0
84.8112,85.1408,2.8542,0,0.02,2.99197,2.99197,0,0.560627,4.6872,4.4108e+06,3.01846e+06,1.3197e+07,0,0,0,0,62.338,61.3098,3.07538,0,1,1.37086,1.37086,0,1.05899,1.90512,9.16655e+06,4.03458e+06,1.2566e+07,0,0,0,0
85.0601,85.1408,3.42733,0,0.02,2.96553,2.96553,0,0.560695,4.6872,4.4108e+06,3.01846e+06,1.30804e+07,0,0,0,0,62.338,61.3098,3.06573,0,1,1.40967,1.40967,0,1.05912,1.90512,9.16655e+06,4.03458e+06,1.29218e+07,0,0,0,0
85.1408,85.1408,3.48212,0,0.02,2.96589,2.96589,0,0.55574,4.6872,4.4108e+06,3.01846e+06,1.3082e+07,0,0,0,0,62.338,61.3098,2.75104,0,1,1.40984,1.40984,0,1.08911,1.90512,9.16655e+06,4.03458e+06,1.29234e+07,0,0,0,0
85.1408,85.1408,3.24405,0,0.02,2.96625,2.96625,0,0.555808,4.6872,4.4108e+06,3.01846e+06,1.30835e+07,0,0,0,0,62.338,61.3098,2.81299,0,1,1.41002,1.41002,0,1.08925,1.90512,9.16655e+06,4.03458e+06,1.2925e+07,0,0,0,0
85.0317,85.1408,3.01798,0,0.02,2.96661,2.96661,0,0.555875,4.6872,4.4108e+06,3.01846e+06,1.30851e+07,0,0,0,0,62.338,61.3098,2.78165,0,1,1.41019,1.41019,0,1.08938,1.90512,9.16655e+06,4.03458e+06,1.29265e+07,0,0,0,0
84.83,85.1408,2.96296,0,0.02,3.03621,3.03621,0,0.555943,4.6872,4.4108e+06,3.01846e+06,1.33921e+07,0,0,0,0,62.338,61.3098,2.50473,0,1,1.44482,1.44482,0,1.08951,1.90512,9.16655e+06,4.03458e+06,1.3244e+07,0,0,0,0
84.9858,85.1408,3.36183,0,0.02,3.03658,3.03658,0,0.568987,4.6872,4.4108e+06,3.01846e+06,1.33938e+07,0,0,0,0,62.338,61.3098,2.72072,0,1,1.445,1.445,0,1.11627,1.90512,9.16655e+06,4.03458e+06,1.32456e+07,0,0,0,0
84.8561,85.1408,3.03955,0,0.02,3.03695,3.03695,0,0.569056,4.6872,4.4108e+06,3.01846e+06,1.33954e+07,0,0,0,0,62.338,61.3098,2.54212,0,1,1.44517,1.44517,0,1.1164,1.90512,9.16655e+06,4.03458e+06,1.32472e+07,0,0,0,0
84.4659,85.1408,2.76804,0,0.02,3.03732,3.03732,0,0.569125,4.6872,4.4108e+06,3.01846e+06,1.3397e+07,0,0,0,0,62.338,61.3098,2.23258,0,1,1.44535,1.44535,0,1.11654,1.90512,9.16655e+06,4.03458e+06,1.32488e+07,0,0,0,0
84.1465,85.1408,3.00199,0,0.02,3.24056,3.24056,0,0.569194,4.6872,4.4108e+06,3.01846e+06,1.42935e+07,0,0,0,0,62.338,61.3098,2.73953,0,1,1.56998,1.56998,0,1.11668,1.90512,9.16655e+06,4.03458e+06,1.43913e+07,0,0,0,0
83.382,85.1408,2.55025,0,0.02,3.24096,3.24096,0,0.607282,4.6872,4.4108e+06,3.01846e+06,1.42952e+07,0,0,0,0,62.286,61.3098,2.22627,0,1,1.57017,1.57017,0,1.21296,1.90512,9.16655e+06,4.03458e+06,1.4393e+07,0,0,0,0
82.2606,85.1408,2.17687,0.01,0.02,3.24135,3.24135,0,0.607356,4.6872,4.4108e+06,3.01846e+06,1.4297e+07,0,0,0,0,62.2049,61.3098,1.97918,0,1,1.57036,1.57036,0,1.21311,1.90512,9.16655e+06,4.03458e+06,1.43948e+07,0,0,0,0
81.3233,85.1408,2.34847,0.01,0.02,3.24175,3.24175,0,0.607429,4.6872,4.4108e+06,3.01846e+06,1.42987e+07,0,0,0,0,62.1529,61.3098,1.99735,0,1,1.57055,1.57055,0,1.21326,1.90512,9.16655e+06,4.03458e+06,1.43965e+07,0,0,0,0
81.5922,85.1408,3.63562,0,0.02,3.24214,3.24214,0,0.607503,4.6872,4.4108e+06,3.01846e+06,1.43004e+07,0,0,0,0,62.2633,61.3098,2.39747,0,1,1.57074,1.57074,0,1.21341,1.90512,9.16655e+06,4.03458e+06,1.43983e+07,0,0,0,0
81.842,85.1408,3.55492,0.01,0.02,3.1436,3.1436,0,0.607577,4.6872,4.4108e+06,3.01846e+06,1.38658e+07,0,0,0,0,61.8888,61.3098,2.48664,0,1,1.49535,1.49535,0,1.21355,1.90512,9.16655e+06,4.03458e+06,1.37072e+07,0,0,0,0
80.5927,85.1408,2.05122,0.01,0.02,3.14398,3.14398,0,0.589111,4.6872,4.4108e+06,3.01846e+06,1.38675e+07,0,0,0,0,61.8889,61.3098,1.48348,0,1,1.49553,1.49553,0,1.1553,1.90512,9.16655e+06,4.03458e+06,1.37088e+07,0,0,0,0
79.8069,85.1408,2.54328,0.01,0.02,3.14436,3.14436,0,0.589182,4.6872,4.4108e+06,3.01846e+06,1.38692e+07,0,0,0,0,62.0209,61.3098,2.43001,0,1,1.49571,1.49571,0,1.15544,1.90512,9.16655e+06,4.03458e+06,1.37105e+07,0,0,0,0
78.7125,85.1408,2.20448,0.01,0.02,3.14475,3.14475,0,0.589254,4.6872,4.4108e+06,3.01846e+06,1.38709e+07,0,0,0,0,62.1254,61.3098,1.87494,0,1,1.49589,1.49589,0,1.15558,1.90512,9.16655e+06,4.03458e+06,1.37122e+07,0,0,0,0
81.3465,85.1408,6.0597,0.01,0.02,3.06388,3.06388,0,0.589325,4.6872,4.4108e+06,3.01846e+06,1.35142e+07,0,0,0,0,62.338,61.3098,7.97733,0,1,1.42724,1.42724,0,1.15573,1.90512,9.16655e+06,4.03458e+06,1.30828e+07,0,0,0,0
79.6782,85.1408,1.66935,0.01,0.02,3.06425,3.06425,0,0.574171,4.6872,4.4108e+06,3.01846e+06,1.35158e+07,0,0,0,0,62.2961,61.3098,2.52861,0,1,1.42741,1.42741,0,1.10268,1.90512,9.16655e+06,4.03458e+06,1.30844e+07,0,0,0,0
78.2955,85.1408,1.96376,0.01,0.02,3.06463,3.06463,0,0.574241,4.6872,4.4108e+06,3.01846e+06,1.35175e+07,0,0,0,0,62.3188,61.3098,1.84049,0,1,1.42759,1.42759,0,1.10282,1.90512,9.16655e+06,4.03458e+06,1.3086e+07,0,0,0,0
80.4616,85.1408,5.6429,0,0.02,3.065,3.065,0,0.574311,4.6872,4.4108e+06,3.01846e+06,1.35191e+07,0,0,0,0,62.338,61.3098,6.35133,0,1,1.42776,1.42776,0,1.10295,1.90512,9.16655e+06,4.03458e+06,1.30876e+07,0,0,0,0
81.6544,85.1408,4.53971,0,0.02,2.83451,2.83451,0,0.574381,4.6872,4.4108e+06,3.01846e+06,1.25025e+07,0,0,0,0,62.338,61.3098,5.47128,0,1,1.2845,1.2845,0,1.10309,1.90512,9.16655e+06,4.03458e+06,1.17744e+07,0,0,0,0
85.1408,85.1408,6.87982,0,0.02,2.83486,2.83486,0,0.531188,4.6872,4.4108e+06,3.01846e+06,1.2504e+07,0,0,0,0,62.338,61.3098,6.2915,0,1,1.28466,1.28466,0,0.992406,1.90512,9.16655e+06,4.03458e+06,1.17759e+07,0,0,0,0
85.1408,85.1408,6.85907,0,0.02,2.8352,2.8352,0,0.531252,4.6872,4.4108e+06,3.01846e+06,1.25055e+07,0,0,0,0,62.338,61.3098,6.94359,0,1,1.28481,1.28481,0,0.992526,1.90512,9.16655e+06,4.03458e+06,1.17773e+07,0,0,0,0
85.1408,85.1408,8.04125,0,0.02,2.83555,2.83555,0,0.531317,4.6872,4.4108e+06,3.01846e+06,1.2507e+07,0,0,0,0,62.338,61.3098,6.89486,0,1,1.28497,1.28497,0,0.992647,1.90512,9.16655e+06,4.03458e+06,1.17787e+07,0,0,0,0
85.1408,85.1408,6.22312,0,0.02,2.83589,2.83589,0,0.531381,4.6872,4.4108e+06,3.01846e+06,1.25086e+07,0,0,0,0,62.338,61.3098,2.9741,0,1,1.28513,1.28513,0,0.992767,1.90512,9.16655e+06,4.03458e+06,1.17802e+07,0,0,0,0
85.1408,85.1408,5.82451,0,0.02,2.83589,2.83589,0,0.531446,4.6872,4.4108e+06,3.01846e+06,1.25086e+07,0,0,0,0,62.338,61.3098,2.85496,0,1,1.28513,1.28513,0,0.992888,1.90512,9.16655e+06,4.03458e+06,1.17802e+07,0,0,0,0
84.1366,85.1408,2.25185,0,0.02,2.92508,2.92508,0,0.531446,4.6872,4.4108e+06,3.01846e+06,1.29019e+07,0,0,0,0,62.338,61.3098,2.57853,0,1,1.32684,1.32684,0,0.992888,1.90512,9.16655e+06,4.03458e+06,1.21625e+07,0,0,0,0
84.1686,85.1408,3.42283,0,0.02,2.92542,2.92542,0,0.54816,4.6872,4.4108e+06,3.01846e+06,1.29034e+07,0,0,0,0,62.1133,61.3098,2.34107,0,1,1.32699,1.32699,0,1.02511,1.90512,9.16655e+06,4.03458e+06,1.21639e+07,0,0,0,0
83.5054,85.1408,2.61582,0,0.02,2.92575,2.92575,0,0.548223,4.6872,4.4108e+06,3.01846e+06,1.29049e+07,0,0,0,0,61.9501,61.3098,1.98316,0,1,1.32714,1.32714,0,1.02523,1.90512,9.16655e+06,4.03458e+06,1.21653e+07,0,0,0,0
82.333,85.1408,2.03638,0,0.02,2.92609,2.92609,0,0.548286,4.6872,4.4108e+06,3.01846e+06,1.29064e+07,0,0,0,0,62.098,61.3098,1.74279,0,1,1.32729,1.32729,0,1.02535,1.90512,9.16655e+06,4.03458e+06,1.21667e+07,0,0,0,0
81.5137,85.1408,2.7277,0,0.02,3.21186,3.21186,0,0.548349,4.6872,4.4108e+06,3.01846e+06,1.41669e+07,0,0,0,0,62.338,61.3098,3.13317,0,1,1.48353,1.48353,0,1.02547,1.90512,9.16655e+06,4.03458e+06,1.35988e+07,0,0,0,0
81.4472,85.1408,3.55294,0,0.02,3.21223,3.21223,0,0.601902,4.6872,4.4108e+06,3.01846e+06,1.41685e+07,0,0,0,0,62.338,61.3098,3.28908,0,1,1.4837,1.4837,0,1.14617,1.90512,9.16655e+06,4.03458e+06,1.36004e+07,0,0,0,0
80.7667,85.1408,2.86084,0,0.02,3.2126,3.2126,0,0.601972,4.6872,4.4108e+06,3.01846e+06,1.41701e+07,0,0,0,0,62.338,61.3098,2.89982,0,1,1.48387,1.48387,0,1.1463,1.90512,9.16655e+06,4.03458e+06,1.36019e+07,0,0,0,0
81.9985,85.1408,4.93409,0,0.02,3.21297,3.21297,0,0.602041,4.6872,4.4108e+06,3.01846e+06,1.41718e+07,0,0,0,0,62.338,61.3098,4.1178,0,1,1.48404,1.48404,0,1.14644,1.90512,9.16655e+06,4.03458e+06,1.36035e+07,0,0,0,0
81.8795,85.1408,3.15809,0,0.02,2.80602,2.80602,0,0.60211,4.6872,4.4108e+06,3.01846e+06,1.23768e+07,0,0,0,0,62.338,61.3098,3.71597,0,1,1.27465,1.27465,0,1.14657,1.90512,9.16655e+06,4.03458e+06,1.16841e+07,0,0,0,0
82.5609,85.1408,4.02482,0,0.02,2.80635,2.80635,0,0.525849,4.6872,4.4108e+06,3.01846e+06,1.23782e+07,0,0,0,0,62.338,61.3098,4.39081,0,1,1.2748,1.2748,0,0.984795,1.90512,9.16655e+06,4.03458e+06,1.16855e+07,0,0,0,0
83.0956,85.1408,3.8198,0,0.02,2.80667,2.80667,0,0.525909,4.6872,4.4108e+06,3.01846e+06,1.23797e+07,0,0,0,0,62.338,61.3098,4.27596,0,1,1.27494,1.27494,0,0.984908,1.90512,9.16655e+06,4.03458e+06,1.16868e+07,0,0,0,0
84.5742,85.1408,4.83419,0,0.02,2.80699,2.80699,0,0.52597,4.6872,4.4108e+06,3.01846e+06,1.23811e+07,0,0,0,0,62.338,61.3098,4.93819,0,1,1.27509,1.27509,0,0.985021,1.90512,9.16655e+06,4.03458e+06,1.16882e+07,0,0,0,0
85.1408,85.1408,6.30574,0,0.02,2.80731,2.80731,0,0.52603,4.6872,4.4108e+06,3.01846e+06,1.23825e+07,0,0,0,0,62.338,61.3098,5.17308,0,1,1.27524,1.27524,0,0.985134,1.90512,9.16655e+06,4.03458e+06,1.16895e+07,0,0,0,0
85.1408,85.1408,6.79753,0,0.02,2.91022,2.91022,0,0.526091,4.6872,4.4108e+06,3.01846e+06,1.28364e+07,0,0,0,0,62.338,61.3098,6.11243,0,1,1.32668,1.32668,0,0.985247,1.90512,9.16655e+06,4.03458e+06,1.2161e+07,0,0,0,0
85.1408,85.1408,7.56596,0,0.02,2.91056,2.91056,0,0.545375,4.6872,4.4108e+06,3.01846e+06,1.28379e+07,0,0,0,0,62.338,61.3098,6.07119,0,1,1.32683,1.32683,0,1.02499,1.90512,9.16655e+06,4.03458e+06,1.21624e+07,0,0,0,0
85.1408,85.1408,6.26698,0,0.02,2.91089,2.91089,0,0.545438,4.6872,4.4108e+06,3.01846e+06,1.28394e+07,0,0,0,0,62.338,61.3098,5.82403,0,1,1.32698,1.32698,0,1.02511,1.90512,9.16655e+06,4.03458e+06,1.21638e+07,0,0,0,0
85.1408,85.1408,4.63287,0,0.02,2.91122,2.91122,0,0.545501,4.6872,4.4108e+06,3.01846e+06,1.28408e+07,0,0,0,0,62.338,61.3098,3.81792,0,1,1.32713,1.32713,0,1.02523,1.90512,9.16655e+06,4.03458e+06,1.21652e+07,0,0,0,0
85.1408,85.1408,3.2221,0,0.02,2.87143,2.87143,0,0.545563,4.6872,4.4108e+06,3.01846e+06,1.26653e+07,0,0,0,0,62.338,61.3098,2.89776,0,1,1.30736,1.30736,0,1.02534,1.90512,9.16655e+06,4.03458e+06,1.19839e+07,0,0,0,0
85.1408,85.1408,4.20828,0,0.02,2.87176,2.87176,0,0.538106,4.6872,4.4108e+06,3.01846e+06,1.26668e+07,0,0,0,0,62.338,61.3098,3.10504,0,1,1.30751,1.30751,0,1.01006,1.90512,9.16655e+06,4.03458e+06,1.19853e+07,0,0,0,0
85.1408,85.1408,3.83085,0,0.02,2.87209,2.87209,0,0.538168,4.6872,4.4108e+06,3.01846e+06,1.26682e+07,0,0,0,0,62.338,61.3098,3.01631,0,1,1.30766,1.30766,0,1.01018,1.90512,9.16655e+06,4.03458e+06,1.19867e+07,0,0,0,0
84.8658,85.1408,2.87197,0,0.02,2.87242,2.87242,0,0.53823,4.6872,4.4108e+06,3.01846e+06,1.26697e+07,0,0,0,0,62.338,61.3098,2.61469,0,1,1.30781,1.30781,0,1.01029,1.90512,9.16655e+06,4.03458e+06,1.19881e+07,0,0,0,0
84.3401,85.1408,2.70477,0,0.02,3.00902,3.00902,0,0.538291,4.6872,4.4108e+06,3.01846e+06,1.32722e+07,0,0,0,0,62.338,61.3098,2.28758,0,1,1.37867,1.37867,0,1.01041,1.90512,9.16655e+06,4.03458e+06,1.26377e+07,0,0,0,0
83.7042,85.1408,2.57519,0,0.02,3.00937,3.00937,0,0.563891,4.6872,4.4108e+06,3.01846e+06,1.32737e+07,0,0,0,0,62.3128,61.3098,2.00743,0,1,1.37883,1.37883,0,1.06516,1.90512,9.16655e+06,4.03458e+06,1.26391e+07,0,0,0,0
82.8785,85.1408,2.33148,0,0.02,3.00971,3.00971,0,0.563956,4.6872,4.4108e+06,3.01846e+06,1.32753e+07,0,0,0,0,62.2256,61.3098,1.93489,0,1,1.37899,1.37899,0,1.06528,1.90512,9.16655e+06,4.03458e+06,1.26406e+07,0,0,0,0
81.9497,85.1408,2.20562,0,0.02,3.01006,3.01006,0,0.56402,4.6872,4.4108e+06,3.01846e+06,1.32768e+07,0,0,0,0,61.8769,61.3098,1.81587,0,1,1.37915,1.37915,0,1.06541,1.90512,9.16655e+06,4.03458e+06,1.2642e+07,0,0,0,0
80.8712,85.1408,2.01357,0,0.02,3.01041,3.01041,0,0.564085,4.6872,4.4108e+06,3.01846e+06,1.32783e+07,0,0,0,0,61.3315,61.3098,1.57984,0,1,1.3793,1.3793,0,1.06553,1.90512,9.16655e+06,4.03458e+06,1.26435e+07,0,0,0,0
79.6482,85.1408,1.81202,0,0.02,2.98379,2.98379,0,0.56415,4.6872,4.4108e+06,3.01846e+06,1.31609e+07,0,0,0,0,60.7904,61.3098,1.36464,0,1,1.41835,1.41835,0,1.06565,1.90512,9.16655e+06,4.03458e+06,1.30014e+07,0,0,0,0
78.2787,85.1408,1.65591,0,0.02,2.98413,2.98413,0,0.559162,4.6872,4.4108e+06,3.01846e+06,1.31624e+07,0,0,0,0,60.1279,61.3098,1.37093,0,1,1.41851,1.41851,0,1.09582,1.90512,9.16655e+06,4.03458e+06,1.30029e+07,0,0,0,0
76.763,85.1408,1.49452,0,0.02,2.98447,2.98447,0,0.559226,4.6872,4.4108e+06,3.01846e+06,1.31639e+07,0,0,0,0,59.4113,61.3098,1.22377,0,1,1.41868,1.41868,0,1.09594,1.90512,9.16655e+06,4.03458e+06,1.30044e+07,0,0,0,0
75.1676,85.1408,1.375,0,0.02,2.98481,2.98481,0,0.55929,4.6872,4.4108e+06,3.01846e+06,1.31654e+07,0,0,0,0,58.6715,61.3098,1.17151,0,1,1.41884,1.41884,0,1.09607,1.90512,9.16655e+06,4.03458e+06,1.30059e+07,0,0,0,0
73.5574,85.1408,1.41255,0.01,0.02,3.05482,3.05482,0,0.559354,4.6872,4.4108e+06,3.01846e+06,1.34742e+07,0,0,0,0,58.0058,61.3098,1.30318,0,1,1.45368,1.45368,0,1.0962,1.90512,9.16655e+06,4.03458e+06,1.33252e+07,0,0,0,0
71.8672,85.1408,1.30859,0.01,0.02,3.05518,3.05518,0,0.572474,4.6872,4.4108e+06,3.01846e+06,1.34758e+07,0,0,0,0,57.2034,61.3098,1.30697,0,1,1.45384,1.45384,0,1.12311,1.90512,9.16655e+06,4.03458e+06,1.33267e+07,0,0,0,0
70.0963,85.1408,1.21215,0.01,0.02,3.05553,3.05553,0,0.57254,4.6872,4.4108e+06,3.01846e+06,1.34773e+07,0,0,0,0,56.4782,61.3098,1.1682,0,1,1.45401,1.45401,0,1.12324,1.90512,9.16655e+06,4.03458e+06,1.33283e+07,0,0,0,0
68.3695,85.1408,1.23454,0.01,0.02,3.05588,3.05588,0,0.572606,4.6872,4.4108e+06,3.01846e+06,1.34789e+07,0,0,0,0,55.688,61.3098,1.31649,0,1,1.45418,1.45418,0,1.12337,1.90512,9.16655e+06,4.03458e+06,1.33298e+07,0,0,0,0
66.4779,85.1408,1.22594,0.01,0.02,3.26034,3.26034,0,0.572671,4.6872,4.4108e+06,3.01846e+06,1.43807e+07,0,0,0,0,54.8558,61.3098,1.17809,0,1,1.57956,1.57956,0,1.1235,1.90512,9.16655e+06,4.03458e+06,1.44791e+07,0,0,0,0
64.7014,85.1408,1.33844,0.03,0.02,3.26072,3.26072,0,0.610988,4.6872,4.4108e+06,3.01846e+06,1.43824e+07,0,0,0,0,53.8769,61.3098,1.34177,0,1,1.57974,1.57974,0,1.22037,1.90512,9.16655e+06,4.03458e+06,1.44808e+07,0,0,0,0
62.6806,85.1408,1.08339,0.03,0.02,3.26109,3.26109,0,0.611058,4.6872,4.4108e+06,3.01846e+06,1.4384e+07,0,0,0,0,53.2286,61.3098,1.00753,0,1,1.57992,1.57992,0,1.22051,1.90512,9.16655e+06,4.03458e+06,1.44824e+07,0,0,0,0
60.8976,85.1408,1.28941,0.03,0.02,3.26146,3.26146,0,0.611128,4.6872,4.4108e+06,3.01846e+06,1.43857e+07,0,0,0,0,52.5835,61.3098,1.6535,0,1,1.5801,1.5801,0,1.22065,1.90512,9.16655e+06,4.03458e+06,1.44841e+07,0,0,0,0
59.4664,85.1408,1.65254,0.03,0.02,3.26184,3.26184,0,0.611198,4.6872,4.4108e+06,3.01846e+06,1.43873e+07,0,0,0,0,52.1593,61.3098,1.31276,0,1,1.58028,1.58028,0,1.22079,1.90512,9.16655e+06,4.03458e+06,1.44857e+07,0,0,0,0
58.6633,85.1408,2.21383,0.05,0.02,3.16268,3.16268,0,0.611269,4.6872,4.4108e+06,3.01846e+06,1.395e+07,0,0,0,0,52.0156,61.3098,2.28922,0,1,1.50442,1.50442,0,1.22093,1.90512,9.16655e+06,4.03458e+06,1.37904e+07,0,0,0,0
57.609,85.1408,1.95454,0.05,0.02,3.16304,3.16304,0,0.592686,4.6872,4.4108e+06,3.01846e+06,1.39516e+07,0,0,0,0,51.3709,61.3098,1.59133,0,1,1.50459,1.50459,0,1.16232,1.90512,9.16655e+06,4.03458e+06,1.37919e+07,0,0,0,0
56.2234,85.1408,1.60128,0.04,0.02,3.16341,3.16341,0,0.592754,4.6872,4.4108e+06,3.01846e+06,1.39532e+07,0,0,0,0,50.9151,61.3098,1.25868,0,1,1.50477,1.50477,0,1.16245,1.90512,9.16655e+06,4.03458e+06,1.37935e+07,0,0,0,0
55.776,85.1408,2.623,0.04,0.02,3.16377,3.16377,0,0.592822,4.6872,4.4108e+06,3.01846e+06,1.39548e+07,0,0,0,0,50.7229,61.3098,1.67638,0,1,1.50494,1.50494,0,1.16258,1.90512,9.16655e+06,4.03458e+06,1.37951e+07,0,0,0,0
54.5565,85.1408,1.83944,0.04,0.02,3.0824,3.0824,0,0.59289,4.6872,4.4108e+06,3.01846e+06,1.35958e+07,0,0,0,0,50.512,61.3098,2.36093,0,1,1.43586,1.43586,0,1.16272,1.90512,9.16655e+06,4.03458e+06,1.31619e+07,0,0,0,0
53.4872,85.1408,1.97719,0.04,0.02,3.08275,3.08275,0,0.577641,4.6872,4.4108e+06,3.01846e+06,1.35974e+07,0,0,0,0,50.366,61.3098,1.48457,0,1,1.43603,1.43603,0,1.10935,1.90512,9.16655e+06,4.03458e+06,1.31634e+07,0,0,0,0
55.1672,85.1408,4.79737,0.04,0.02,3.0831,3.0831,0,0.577707,4.6872,4.4108e+06,3.01846e+06,1.3599e+07,0,0,0,0,50.9947,61.3098,4.05137,0,1,1.43619,1.43619,0,1.10948,1.90512,9.16655e+06,4.03458e+06,1.31649e+07,0,0,0,0
58.6133,85.1408,6.70334,0.04,0.02,3.08346,3.08346,0,0.577774,4.6872,4.4108e+06,3.01846e+06,1.36005e+07,0,0,0,0,52.1031,61.3098,6.75017,0,1,1.43636,1.43636,0,1.1096,1.90512,9.16655e+06,4.03458e+06,1.31664e+07,0,0,0,0
59.9876,85.1408,4.34642,0.04,0.02,2.85157,2.85157,0,0.57784,4.6872,4.4108e+06,3.01846e+06,1.25777e+07,0,0,0,0,52.9493,61.3098,4.24001,0,1,1.29223,1.29223,0,1.10973,1.90512,9.16655e+06,4.03458e+06,1.18453e+07,0,0,0,0
59.582,85.1408,2.55697,0.03,0.02,2.85189,2.85189,0,0.534383,4.6872,4.4108e+06,3.01846e+06,1.25791e+07,0,0,0,0,53.4137,61.3098,3.03659,0,1,1.29238,1.29238,0,0.998376,1.90512,9.16655e+06,4.03458e+06,1.18466e+07,0,0,0,0
62.6812,85.1408,6.23986,0.05,0.02,2.85222,2.85222,0,0.534445,4.6872,4.4108e+06,3.01846e+06,1.25806e+07,0,0,0,0,55.8657,61.3098,8.81784,0,1,1.29253,1.29253,0,0.998491,1.90512,9.16655e+06,4.03458e+06,1.1848e+07,0,0,0,0
64.9995,85.1408,5.38082,0.04,0.02,2.85255,2.85255,0,0.534506,4.6872,4.4108e+06,3.01846e+06,1.2582e+07,0,0,0,0,56.4725,61.3098,4.10553,0,1,1.29267,1.29267,0,0.998605,1.90512,9.16655e+06,4.03458e+06,1.18494e+07,0,0,0,0
68.4371,85.1408,6.62674,0.04,0.02,2.85288,2.85288,0,0.534568,4.6872,4.4108e+06,3.01846e+06,1.25835e+07,0,0,0,0,57.6856,61.3098,5.75988,0,1,1.29282,1.29282,0,0.99872,1.90512,9.16655e+06,4.03458e+06,1.18507e+07,0,0,0,0
75.5878,85.1408,10.8915,0.01,0.04,2.94258,2.94258,0,0.534629,4.6872,4.4108e+06,3.01846e+06,1.29791e+07,0,0,0,0,59.7521,61.3098,8.44101,0,1,1.33477,1.33477,0,0.998835,1.90512,9.16655e+06,4.03458e+06,1.22353e+07,0,0,0,0
80.0745,85.1408,8.13012,0.01,0.04,2.9429,2.9429,0,0.551439,4.6872,4.4108e+06,3.01846e+06,1.29805e+07,0,0,0,0,60.5466,61.3098,4.81157,0,1,1.33492,1.33492,0,1.03125,1.90512,9.16655e+06,4.03458e+06,1.22366e+07,0,0,0,0
83.9803,85.1408,7.4954,0,0.04,2.94322,2.94322,0,0.551499,4.6872,4.4108e+06,3.01846e+06,1.29819e+07,0,0,0,0,61.1217,61.3098,4.18968,0,1,1.33506,1.33506,0,1.03136,1.90512,9.16655e+06,4.03458e+06,1.22379e+07,0,0,0,0
85.1408,85.1408,5.999,0,0.04,2.94354,2.94354,0,0.551559,4.6872,4.4108e+06,3.01846e+06,1.29834e+07,0,0,0,0,61.4748,61.3098,3.52791,0,1,1.33521,1.33521,0,1.03147,1.90512,9.16655e+06,4.03458e+06,1.22392e+07,0,0,0,0
85.1408,85.1408,9.43434,0,0.04,3.23099,3.23099,0,0.551618,4.6872,4.4108e+06,3.01846e+06,1.42513e+07,0,0,0,0,62.338,61.3098,7.65105,0,1,1.49236,1.49236,0,1.03158,1.90512,9.16655e+06,4.03458e+06,1.36798e+07,0,0,0,0
85.1408,85.1408,8.64099,0,0.04,3.23134,3.23134,0,0.605488,4.6872,4.4108e+06,3.01846e+06,1.42528e+07,0,0,0,0,62.338,61.3098,6.80975,0,1,1.49252,1.49252,0,1.153,1.90512,9.16655e+06,4.03458e+06,1.36813e+07,0,0,0,0
85.1408,85.1408,7.03332,0,0.04,3.23169,3.23169,0,0.605553,4.6872,4.4108e+06,3.01846e+06,1.42543e+07,0,0,0,0,62.338,61.3098,4.92631,0,1,1.49268,1.49268,0,1.15312,1.90512,9.16655e+06,4.03458e+06,1.36828e+07,0,0,0,0
85.1408,85.1408,6.20026,0,0.04,3.23204,3.23204,0,0.605619,4.6872,4.4108e+06,3.01846e+06,1.42559e+07,0,0,0,0,62.338,61.3098,4.48785,0,1,1.49285,1.49285,0,1.15325,1.90512,9.16655e+06,4.03458e+06,1.36842e+07,0,0,0,0
85.1408,85.1408,4.55411,0,0.04,2.82266,2.82266,0,0.605684,4.6872,4.4108e+06,3.01846e+06,1.24502e+07,0,0,0,0,62.338,61.3098,3.20455,0,1,1.28221,1.28221,0,1.15337,1.90512,9.16655e+06,4.03458e+06,1.17534e+07,0,0,0,0
85.1408,85.1408,4.71419,0,0.04,2.82297,2.82297,0,0.528967,4.6872,4.4108e+06,3.01846e+06,1.24516e+07,0,0,0,0,62.338,61.3098,3.333,0,1,1.28235,1.28235,0,0.990635,1.90512,9.16655e+06,4.03458e+06,1.17547e+07,0,0,0,0
85.1408,85.1408,5.08253,0,0.04,2.82327,2.82327,0,0.529024,4.6872,4.4108e+06,3.01846e+06,1.24529e+07,0,0,0,0,62.338,61.3098,3.85723,0,1,1.28249,1.28249,0,0.990742,1.90512,9.16655e+06,4.03458e+06,1.1756e+07,0,0,0,0
85.1408,85.1408,6.69864,0,0.04,2.82358,2.82358,0,0.529082,4.6872,4.4108e+06,3.01846e+06,1.24543e+07,0,0,0,0,62.338,61.3098,3.87002,0,1,1.28263,1.28263,0,0.990849,1.90512,9.16655e+06,4.03458e+06,1.17572e+07,0,0,0,0
85.1408,85.1408,7.90041,0,0.04,2.82389,2.82389,0,0.529139,4.6872,4.4108e+06,3.01846e+06,1.24556e+07,0,0,0,0,62.338,61.3098,6.69724,0,1,1.28276,1.28276,0,0.990956,1.90512,9.16655e+06,4.03458e+06,1.17585e+07,0,0,0,0
85.1408,85.1408,6.99294,0,0.04,2.92738,2.92738,0,0.529196,4.6872,4.4108e+06,3.01846e+06,1.29121e+07,0,0,0,0,62.338,61.3098,5.12299,0,1,1.3345,1.3345,0,0.991064,1.90512,9.16655e+06,4.03458e+06,1.22328e+07,0,0,0,0
85.1408,85.1408,6.56125,0,0.04,2.9277,2.9277,0,0.548591,4.6872,4.4108e+06,3.01846e+06,1.29135e+07,0,0,0,0,62.338,61.3098,5.45498,0,1,1.33464,1.33464,0,1.03103,1.90512,9.16655e+06,4.03458e+06,1.22341e+07,0,0,0,0
85.1408,85.1408,6.10407,0,0.04,2.92802,2.92802,0,0.548651,4.6872,4.4108e+06,3.01846e+06,1.29149e+07,0,0,0,0,62.338,61.3098,5.63215,0,1,1.33479,1.33479,0,1.03115,1.90512,9.16655e+06,4.03458e+06,1.22354e+07,0,0,0,0
85.1408,85.1408,5.16681,0,0.04,2.92833,2.92833,0,0.54871,4.6872,4.4108e+06,3.01846e+06,1.29163e+07,0,0,0,0,62.338,61.3098,4.13227,0,1,1.33493,1.33493,0,1.03126,1.90512,9.16655e+06,4.03458e+06,1.22367e+07,0,0,0,0
85.1408,85.1408,4.85627,0,0.04,2.88829,2.88829,0,0.54877,4.6872,4.4108e+06,3.01846e+06,1.27397e+07,0,0,0,0,62.338,61.3098,3.64005,0,1,1.31503,1.31503,0,1.03137,1.90512,9.16655e+06,4.03458e+06,1.20543e+07,0,0,0,0
85.1408,85.1408,4.04461,0,0.04,2.8886,2.8886,0,0.541265,4.6872,4.4108e+06,3.01846e+06,1.2741e+07,0,0,0,0,62.338,61.3098,3.18134,0,1,1.31517,1.31517,0,1.01599,1.90512,9.16655e+06,4.03458e+06,1.20556e+07,0,0,0,0
85.1408,85.1408,3.58145,0,0.04,2.88891,2.88891,0,0.541323,4.6872,4.4108e+06,3.01846e+06,1.27424e+07,0,0,0,0,62.338,61.3098,2.81059,0,1,1.31531,1.31531,0,1.0161,1.90512,9.16655e+06,4.03458e+06,1.20569e+07,0,0,0,0
85.1408,85.1408,3.24013,0,0.04,2.88922,2.88922,0,0.541382,4.6872,4.4108e+06,3.01846e+06,1.27438e+07,0,0,0,0,62.338,61.3098,2.5447,0,1,1.31546,1.31546,0,1.01621,1.90512,9.16655e+06,4.03458e+06,1.20582e+07,0,0,0,0
84.9631,85.1408,3.09177,0,0.04,3.02661,3.02661,0,0.541441,4.6872,4.4108e+06,3.01846e+06,1.33498e+07,0,0,0,0,62.338,61.3098,2.27934,0,1,1.38673,1.38673,0,1.01632,1.90512,9.16655e+06,4.03458e+06,1.27115e+07,0,0,0,0
84.8286,85.1408,3.11621,0,0.04,3.02694,3.02694,0,0.567186,4.6872,4.4108e+06,3.01846e+06,1.33512e+07,0,0,0,0,62.338,61.3098,2.24094,0,1,1.38688,1.38688,0,1.07139,1.90512,9.16655e+06,4.03458e+06,1.27129e+07,0,0,0,0
84.5079,85.1408,2.91903,0,0.04,3.02726,3.02726,0,0.567248,4.6872,4.4108e+06,3.01846e+06,1.33527e+07,0,0,0,0,62.338,61.3098,2.14753,0,1,1.38703,1.38703,0,1.0715,1.90512,9.16655e+06,4.03458e+06,1.27143e+07,0,0,0,0
84.0372,85.1408,2.73775,0,0.04,3.02759,3.02759,0,0.567309,4.6872,4.4108e+06,3.01846e+06,1.33541e+07,0,0,0,0,62.338,61.3098,2.02261,0,1,1.38718,1.38718,0,1.07162,1.90512,9.16655e+06,4.03458e+06,1.27156e+07,0,0,0,0
83.3166,85.1408,2.44547,0,0.04,3.02792,3.02792,0,0.56737,4.6872,4.4108e+06,3.01846e+06,1.33556e+07,0,0,0,0,62.338,61.3098,2.14497,0,1,1.38733,1.38733,0,1.07173,1.90512,9.16655e+06,4.03458e+06,1.2717e+07,0,0,0,0
82.3332,85.1408,2.17706,0,0.04,3.00112,3.00112,0,0.567432,4.6872,4.4108e+06,3.01846e+06,1.32374e+07,0,0,0,0,62.338,61.3098,2.22803,0,1,1.42659,1.42659,0,1.07185,1.90512,9.16655e+06,4.03458e+06,1.30769e+07,0,0,0,0
81.2006,85.1408,2.02086,0,0.04,3.00145,3.00145,0,0.562411,4.6872,4.4108e+06,3.01846e+06,1.32388e+07,0,0,0,0,62.3296,61.3098,2.17753,0,1,1.42675,1.42675,0,1.10219,1.90512,9.16655e+06,4.03458e+06,1.30783e+07,0,0,0,0
79.9002,85.1408,1.842,0,0.04,3.00177,3.00177,0,0.562472,4.6872,4.4108e+06,3.01846e+06,1.32402e+07,0,0,0,0,62.2771,61.3098,1.99633,0,1,1.4269,1.4269,0,1.1023,1.90512,9.16655e+06,4.03458e+06,1.30798e+07,0,0,0,0
78.4721,85.1408,1.68276,0,0.04,3.0021,3.0021,0,0.562532,4.6872,4.4108e+06,3.01846e+06,1.32417e+07,0,0,0,0,62.181,61.3098,1.90926,0,1,1.42706,1.42706,0,1.10242,1.90512,9.16655e+06,4.03458e+06,1.30812e+07,0,0,0,0
77.1155,85.1408,1.8058,0,0.04,3.07249,3.07249,0,0.562593,4.6872,4.4108e+06,3.01846e+06,1.35522e+07,0,0,0,0,62.338,61.3098,2.11659,0,1,1.46209,1.46209,0,1.10254,1.90512,9.16655e+06,4.03458e+06,1.34023e+07,0,0,0,0
75.6806,85.1408,1.70375,0,0.04,3.07283,3.07283,0,0.575785,4.6872,4.4108e+06,3.01846e+06,1.35536e+07,0,0,0,0,62.2961,61.3098,2.13901,0,1,1.46224,1.46224,0,1.12961,1.90512,9.16655e+06,4.03458e+06,1.34037e+07,0,0,0,0
74.1523,85.1408,1.59439,0.01,0.04,3.07316,3.07316,0,0.575848,4.6872,4.4108e+06,3.01846e+06,1.35551e+07,0,0,0,0,62.3046,61.3098,1.96409,0,1,1.4624,1.4624,0,1.12973,1.90512,9.16655e+06,4.03458e+06,1.34052e+07,0,0,0,0
72.6157,85.1408,1.56705,0.01,0.04,3.07349,3.07349,0,0.57591,4.6872,4.4108e+06,3.01846e+06,1.35566e+07,0,0,0,0,62.338,61.3098,2.10736,0,1,1.46256,1.46256,0,1.12985,1.90512,9.16655e+06,4.03458e+06,1.34066e+07,0,0,0,0
70.8469,85.1408,1.47635,0.01,0.04,3.27911,3.27911,0,0.575972,4.6872,4.4108e+06,3.01846e+06,1.44635e+07,0,0,0,0,62.3266,61.3098,2.22936,0,1,1.58865,1.58865,0,1.12997,1.90512,9.16655e+06,4.03458e+06,1.45625e+07,0,0,0,0
68.7961,85.1408,1.1698,0.02,0.04,3.27947,3.27947,0,0.614506,4.6872,4.4108e+06,3.01846e+06,1.44651e+07,0,0,0,0,62.2269,61.3098,2.08688,0,1,1.58882,1.58882,0,1.22739,1.90512,9.16655e+06,4.03458e+06,1.4564e+07,0,0,0,0
66.8351,85.1408,1.23502,0.02,0.04,3.27982,3.27982,0,0.614572,4.6872,4.4108e+06,3.01846e+06,1.44667e+07,0,0,0,0,62.1209,61.3098,2.06023,0,1,1.589,1.589,0,1.22753,1.90512,9.16655e+06,4.03458e+06,1.45656e+07,0,0,0,0
65.4659,85.1408,1.85188,0.03,0.04,3.28018,3.28018,0,0.614639,4.6872,4.4108e+06,3.01846e+06,1.44682e+07,0,0,0,0,62.1619,61.3098,2.46209,0,1,1.58917,1.58917,0,1.22766,1.90512,9.16655e+06,4.03458e+06,1.45672e+07,0,0,0,0
64.5749,85.1408,2.33479,0.03,0.04,3.28053,3.28053,0,0.614705,4.6872,4.4108e+06,3.01846e+06,1.44698e+07,0,0,0,0,62.338,61.3098,2.61649,0,1,1.58934,1.58934,0,1.22779,1.90512,9.16655e+06,4.03458e+06,1.45688e+07,0,0,0,0
62.8503,85.1408,1.37042,0.03,0.04,3.18078,3.18078,0,0.614772,4.6872,4.4108e+06,3.01846e+06,1.40298e+07,0,0,0,0,62.2691,61.3098,2.12307,0,1,1.51303,1.51303,0,1.22792,1.90512,9.16655e+06,4.03458e+06,1.38693e+07,0,0,0,0
61.3815,85.1408,1.64124,0.03,0.04,3.18113,3.18113,0,0.596079,4.6872,4.4108e+06,3.01846e+06,1.40313e+07,0,0,0,0,62.2448,61.3098,2.15634,0,1,1.5132,1.5132,0,1.16897,1.90512,9.16655e+06,4.03458e+06,1.38708e+07,0,0,0,0
60.7757,85.1408,2.54435,0.03,0.04,3.18147,3.18147,0,0.596144,4.6872,4.4108e+06,3.01846e+06,1.40329e+07,0,0,0,0,62.338,61.3098,3.71874,0,1,1.51336,1.51336,0,1.1691,1.90512,9.16655e+06,4.03458e+06,1.38723e+07,0,0,0,0
59.7727,85.1408,2.20026,0.03,0.04,3.18182,3.18182,0,0.596208,4.6872,4.4108e+06,3.01846e+06,1.40344e+07,0,0,0,0,62.338,61.3098,2.94295,0,1,1.51353,1.51353,0,1.16922,1.90512,9.16655e+06,4.03458e+06,1.38738e+07,0,0,0,0
60.6886,85.1408,4.20211,0.03,0.04,3.09996,3.09996,0,0.596273,4.6872,4.4108e+06,3.01846e+06,1.36733e+07,0,0,0,0,62.338,61.3098,5.82931,0,1,1.44404,1.44404,0,1.16935,1.90512,9.16655e+06,4.03458e+06,1.32369e+07,0,0,0,0
60.1256,85.1408,2.64466,0.03,0.04,3.1003,3.1003,0,0.580932,4.6872,4.4108e+06,3.01846e+06,1.36748e+07,0,0,0,0,62.338,61.3098,3.20827,0,1,1.4442,1.4442,0,1.11567,1.90512,9.16655e+06,4.03458e+06,1.32383e+07,0,0,0,0
61.2985,85.1408,4.50487,0.03,0.04,3.10063,3.10063,0,0.580995,4.6872,4.4108e+06,3.01846e+06,1.36763e+07,0,0,0,0,62.338,61.3098,3.48896,0,1,1.44436,1.44436,0,1.11579,1.90512,9.16655e+06,4.03458e+06,1.32398e+07,0,0,0,0
61.7412,85.1408,3.73887,0.03,0.04,3.10097,3.10097,0,0.581058,4.6872,4.4108e+06,3.01846e+06,1.36778e+07,0,0,0,0,62.338,61.3098,6.09048,0,1,1.44451,1.44451,0,1.11591,1.90512,9.16655e+06,4.03458e+06,1.32412e+07,0,0,0,0
62.3971,85.1408,3.89122,0.03,0.04,2.86774,2.86774,0,0.581121,4.6872,4.4108e+06,3.01846e+06,1.2649e+07,0,0,0,0,62.338,61.3098,5.69942,0,1,1.29956,1.29956,0,1.11603,1.90512,9.16655e+06,4.03458e+06,1.19125e+07,0,0,0,0
61.2215,85.1408,1.92187,0.03,0.04,2.86805,2.86805,0,0.537414,4.6872,4.4108e+06,3.01846e+06,1.26504e+07,0,0,0,0,62.338,61.3098,4.14276,0,1,1.2997,1.2997,0,1.00404,1.90512,9.16655e+06,4.03458e+06,1.19137e+07,0,0,0,0
60.5744,85.1408,2.44866,0.03,0.04,2.86836,2.86836,0,0.537472,4.6872,4.4108e+06,3.01846e+06,1.26518e+07,0,0,0,0,62.338,61.3098,5.52339,0,1,1.29984,1.29984,0,1.00415,1.90512,9.16655e+06,4.03458e+06,1.1915e+07,0,0,0,0
59.6107,85.1408,2.31043,0.04,0.04,2.86867,2.86867,0,0.537531,4.6872,4.4108e+06,3.01846e+06,1.26531e+07,0,0,0,0,62.338,61.3098,4.79,0,1,1.29998,1.29998,0,1.00426,1.90512,9.16655e+06,4.03458e+06,1.19163e+07,0,0,0,0
60.8218,85.1408,4.49757,0.04,0.04,2.86898,2.86898,0,0.537589,4.6872,4.4108e+06,3.01846e+06,1.26545e+07,0,0,0,0,62.338,61.3098,7.79579,0,1,1.30012,1.30012,0,1.00436,1.90512,9.16655e+06,4.03458e+06,1.19176e+07,0,0,0,0
64.908,85.1408,7.61231,0.04,0.04,2.95917,2.95917,0,0.537647,4.6872,4.4108e+06,3.01846e+06,1.30523e+07,0,0,0,0,62.338,61.3098,8.2938,0,1,1.3423,1.3423,0,1.00447,1.90512,9.16655e+06,4.03458e+06,1.23043e+07,0,0,0,0
68.8208,85.1408,7.38229,0.04,0.04,2.95947,2.95947,0,0.554549,4.6872,4.4108e+06,3.01846e+06,1.30536e+07,0,0,0,0,62.338,61.3098,8.61065,0,1,1.34244,1.34244,0,1.03706,1.90512,9.16655e+06,4.03458e+06,1.23055e+07,0,0,0,0
72.6957,85.1408,7.42679,0.01,0.04,2.95977,2.95977,0,0.554605,4.6872,4.4108e+06,3.01846e+06,1.3055e+07,0,0,0,0,62.338,61.3098,11.4027,0,1,1.34257,1.34257,0,1.03717,1.90512,9.16655e+06,4.03458e+06,1.23068e+07,0,0,0,0
75.9098,85.1408,6.65548,0.01,0.04,2.96007,2.96007,0,0.554661,4.6872,4.4108e+06,3.01846e+06,1.30563e+07,0,0,0,0,62.338,61.3098,6.77565,0,1,1.34271,1.34271,0,1.03727,1.90512,9.16655e+06,4.03458e+06,1.2308e+07,0,0,0,0
79.8101,85.1408,7.74771,0.01,0.04,3.24912,3.24912,0,0.554718,4.6872,4.4108e+06,3.01846e+06,1.43312e+07,0,0,0,0,62.338,61.3098,9.72729,0,1,1.50074,1.50074,0,1.03738,1.90512,9.16655e+06,4.03458e+06,1.37566e+07,0,0,0,0
82.6067,85.1408,6.53024,0,0.04,3.24945,3.24945,0,0.608885,4.6872,4.4108e+06,3.01846e+06,1.43327e+07,0,0,0,0,62.338,61.3098,6.24712,0,1,1.50089,1.50089,0,1.15947,1.90512,9.16655e+06,4.03458e+06,1.3758e+07,0,0,0,0
85.1408,85.1408,7.23022,0,0.04,3.24978,3.24978,0,0.608947,4.6872,4.4108e+06,3.01846e+06,1.43341e+07,0,0,0,0,62.338,61.3098,7.17046,0,1,1.50104,1.50104,0,1.15959,1.90512,9.16655e+06,4.03458e+06,1.37594e+07,0,0,0,0
85.1408,85.1408,7.84194,0,0.04,3.25011,3.25011,0,0.609009,4.6872,4.4108e+06,3.01846e+06,1.43356e+07,0,0,0,0,62.338,61.3098,13.1234,0,1,1.50119,1.50119,0,1.1597,1.90512,9.16655e+06,4.03458e+06,1.37608e+07,0,0,0,0
85.1408,85.1408,6.21261,0,0.04,2.83843,2.83843,0,0.609071,4.6872,4.4108e+06,3.01846e+06,1.25197e+07,0,0,0,0,62.338,61.3098,8.92329,0,1,1.28937,1.28937,0,1.15982,1.90512,9.16655e+06,4.03458e+06,1.18191e+07,0,0,0,0
85.1408,85.1408,4.71593,0,0.04,2.83872,2.83872,0,0.531921,4.6872,4.4108e+06,3.01846e+06,1.2521e+07,0,0,0,0,62.338,61.3098,7.33397,0,1,1.2895,1.2895,0,0.996167,1.90512,9.16655e+06,4.03458e+06,1.18203e+07,0,0,0,0
85.1408,85.1408,8.67471,0,0.04,2.839,2.839,0,0.531975,4.6872,4.4108e+06,3.01846e+06,1.25223e+07,0,0,0,0,62.338,61.3098,12.6926,0,1,1.28963,1.28963,0,0.996268,1.90512,9.16655e+06,4.03458e+06,1.18215e+07,0,0,0,0
85.1408,85.1408,8.13473,0,0.04,2.83929,2.83929,0,0.532029,4.6872,4.4108e+06,3.01846e+06,1.25236e+07,0,0,0,0,62.338,61.3098,11.7543,0,1,1.28976,1.28976,0,0.99637,1.90512,9.16655e+06,4.03458e+06,1.18227e+07,0,0,0,0
85.1408,85.1408,6.84817,0,0.04,2.83958,2.83958,0,0.532084,4.6872,4.4108e+06,3.01846e+06,1.25248e+07,0,0,0,0,62.338,61.3098,10.1683,0,1,1.28989,1.28989,0,0.996471,1.90512,9.16655e+06,4.03458e+06,1.18239e+07,0,0,0,0
85.1408,85.1408,4.99197,0,0.04,2.94363,2.94363,0,0.532138,4.6872,4.4108e+06,3.01846e+06,1.29838e+07,0,0,0,0,62.338,61.3098,8.78898,0,1,1.34191,1.34191,0,0.996572,1.90512,9.16655e+06,4.03458e+06,1.23007e+07,0,0,0,0
85.1408,85.1408,4.26082,0,0.04,2.94393,2.94393,0,0.551637,4.6872,4.4108e+06,3.01846e+06,1.29851e+07,0,0,0,0,62.338,61.3098,8.54779,0,1,1.34205,1.34205,0,1.03676,1.90512,9.16655e+06,4.03458e+06,1.23019e+07,0,0,0,0
85.1408,85.1408,4.08242,0,0.04,2.94423,2.94423,0,0.551693,4.6872,4.4108e+06,3.01846e+06,1.29864e+07,0,0,0,0,62.338,61.3098,7.73879,0,1,1.34218,1.34218,0,1.03686,1.90512,9.16655e+06,4.03458e+06,1.23032e+07,0,0,0,0
85.1408,85.1408,4.39697,0,0.04,2.94453,2.94453,0,0.551749,4.6872,4.4108e+06,3.01846e+06,1.29877e+07,0,0,0,0,62.338,61.3098,8.3338,0,1,1.34232,1.34232,0,1.03697,1.90512,9.16655e+06,4.03458e+06,1.23044e+07,0,0,0,0
85.1408,85.1408,3.79307,0,0.04,2.90424,2.90424,0,0.551805,4.6872,4.4108e+06,3.01846e+06,1.281e+07,0,0,0,0,62.338,61.3098,5.60357,0,1,1.32229,1.32229,0,1.03707,1.90512,9.16655e+06,4.03458e+06,1.21209e+07,0,0,0,0
85.1408,85.1408,3.59267,0,0.04,2.90454,2.90454,0,0.544255,4.6872,4.4108e+06,3.01846e+06,1.28113e+07,0,0,0,0,62.338,61.3098,5.40123,0,1,1.32243,1.32243,0,1.0216,1.90512,9.16655e+06,4.03458e+06,1.21221e+07,0,0,0,0
85.1346,85.1408,3.32593,0,0.04,2.90483,2.90483,0,0.54431,4.6872,4.4108e+06,3.01846e+06,1.28126e+07,0,0,0,0,62.338,61.3098,6.17256,0,1,1.32256,1.32256,0,1.02171,1.90512,9.16655e+06,4.03458e+06,1.21233e+07,0,0,0,0
84.9377,85.1408,3.1312,0,0.04,2.90513,2.90513,0,0.544366,4.6872,4.4108e+06,3.01846e+06,1.28139e+07,0,0,0,0,62.338,61.3098,5.86993,0,1,1.3227,1.3227,0,1.02181,1.90512,9.16655e+06,4.03458e+06,1.21246e+07,0,0,0,0
84.5556,85.1408,2.95416,0,0.04,3.04325,3.04325,0,0.544421,4.6872,4.4108e+06,3.01846e+06,1.34232e+07,0,0,0,0,62.338,61.3098,5.00026,0,1,1.39435,1.39435,0,1.02192,1.90512,9.16655e+06,4.03458e+06,1.27814e+07,0,0,0,0
84.1254,85.1408,2.86942,0,0.04,3.04356,3.04356,0,0.570305,4.6872,4.4108e+06,3.01846e+06,1.34245e+07,0,0,0,0,62.338,61.3098,4.76715,0,1,1.39449,1.39449,0,1.07728,1.90512,9.16655e+06,4.03458e+06,1.27827e+07,0,0,0,0
83.585,85.1408,2.74681,0,0.04,3.04387,3.04387,0,0.570362,4.6872,4.4108e+06,3.01846e+06,1.34259e+07,0,0,0,0,62.338,61.3098,5.21599,0,1,1.39463,1.39463,0,1.07739,1.90512,9.16655e+06,4.03458e+06,1.2784e+07,0,0,0,0
82.8182,85.1408,2.53297,0,0.04,3.04418,3.04418,0,0.57042,4.6872,4.4108e+06,3.01846e+06,1.34273e+07,0,0,0,0,62.338,61.3098,4.94163,0,1,1.39478,1.39478,0,1.07749,1.90512,9.16655e+06,4.03458e+06,1.27853e+07,0,0,0,0
82.0647,85.1408,2.47064,0,0.04,3.04448,3.04448,0,0.570478,4.6872,4.4108e+06,3.01846e+06,1.34286e+07,0,0,0,0,62.338,61.3098,4.725,0,1,1.39492,1.39492,0,1.0776,1.90512,9.16655e+06,4.03458e+06,1.27866e+07,0,0,0,0
81.3813,85.1408,2.47967,0,0.04,3.01752,3.01752,0,0.570536,4.6872,4.4108e+06,3.01846e+06,1.33097e+07,0,0,0,0,62.338,61.3098,3.7723,0,1,1.43439,1.43439,0,1.07771,1.90512,9.16655e+06,4.03458e+06,1.31484e+07,0,0,0,0
80.5962,85.1408,2.35143,0,0.04,3.01783,3.01783,0,0.565484,4.6872,4.4108e+06,3.01846e+06,1.33111e+07,0,0,0,0,62.338,61.3098,3.64387,0,1,1.43453,1.43453,0,1.10821,1.90512,9.16655e+06,4.03458e+06,1.31497e+07,0,0,0,0
79.6802,85.1408,2.20347,0,0.04,3.01814,3.01814,0,0.565541,4.6872,4.4108e+06,3.01846e+06,1.33124e+07,0,0,0,0,62.338,61.3098,3.40422,0,1,1.43468,1.43468,0,1.10832,1.90512,9.16655e+06,4.03458e+06,1.31511e+07,0,0,0,0
78.6387,85.1408,2.06634,0,0.04,3.01844,3.01844,0,0.565599,4.6872,4.4108e+06,3.01846e+06,1.33138e+07,0,0,0,0,62.338,61.3098,3.20256,0,1,1.43483,1.43483,0,1.10843,1.90512,9.16655e+06,4.03458e+06,1.31524e+07,0,0,0,0
77.6075,85.1408,2.11861,0,0.04,3.0892,3.0892,0,0.565656,4.6872,4.4108e+06,3.01846e+06,1.36259e+07,0,0,0,0,62.338,61.3098,3.01969,0,1,1.47004,1.47004,0,1.10855,1.90512,9.16655e+06,4.03458e+06,1.34752e+07,0,0,0,0
76.4602,85.1408,1.97451,0,0.04,3.08952,3.08952,0,0.578916,4.6872,4.4108e+06,3.01846e+06,1.36272e+07,0,0,0,0,62.338,61.3098,2.98495,0,1,1.47018,1.47018,0,1.13575,1.90512,9.16655e+06,4.03458e+06,1.34765e+07,0,0,0,0
75.1998,85.1408,1.84768,0.01,0.04,3.08983,3.08983,0,0.578975,4.6872,4.4108e+06,3.01846e+06,1.36286e+07,0,0,0,0,62.338,61.3098,2.73879,0,1,1.47033,1.47033,0,1.13586,1.90512,9.16655e+06,4.03458e+06,1.34779e+07,0,0,0,0
73.9252,85.1408,1.81635,0.01,0.04,3.09014,3.09014,0,0.579034,4.6872,4.4108e+06,3.01846e+06,1.363e+07,0,0,0,0,62.338,61.3098,2.93618,0,1,1.47048,1.47048,0,1.13598,1.90512,9.16655e+06,4.03458e+06,1.34793e+07,0,0,0,0
72.3469,85.1408,1.65361,0.02,0.04,3.29686,3.29686,0,0.579093,4.6872,4.4108e+06,3.01846e+06,1.45418e+07,0,0,0,0,62.338,61.3098,2.68813,0,1,1.59725,1.59725,0,1.1361,1.90512,9.16655e+06,4.03458e+06,1.46413e+07,0,0,0,0
70.2787,85.1408,1.13712,0.02,0.04,3.29719,3.29719,0,0.617831,4.6872,4.4108e+06,3.01846e+06,1.45433e+07,0,0,0,0,62.1266,61.3098,2.02659,0,1,1.59741,1.59741,0,1.23403,1.90512,9.16655e+06,4.03458e+06,1.46427e+07,0,0,0,0
68.2062,85.1408,1.10831,0.02,0.04,3.29753,3.29753,0,0.617894,4.6872,4.4108e+06,3.01846e+06,1.45447e+07,0,0,0,0,61.8728,61.3098,1.90695,0,1,1.59757,1.59757,0,1.23416,1.90512,9.16655e+06,4.03458e+06,1.46442e+07,0,0,0,0
66.6254,85.1408,1.58987,0.02,0.04,3.29786,3.29786,0,0.617956,4.6872,4.4108e+06,3.01846e+06,1.45462e+07,0,0,0,0,61.7106,61.3098,2.22831,0,1,1.59774,1.59774,0,1.23428,1.90512,9.16655e+06,4.03458e+06,1.46457e+07,0,0,0,0
65.4822,85.1408,2.08389,0.04,0.04,3.2982,3.2982,0,0.618019,4.6872,4.4108e+06,3.01846e+06,1.45477e+07,0,0,0,0,61.7838,61.3098,2.53149,0,1,1.5979,1.5979,0,1.23441,1.90512,9.16655e+06,4.03458e+06,1.46472e+07,0,0,0,0
63.4378,85.1408,1.07003,0.03,0.04,3.19789,3.19789,0,0.618082,4.6872,4.4108e+06,3.01846e+06,1.41053e+07,0,0,0,0,61.9037,61.3098,2.51135,0,1,1.52117,1.52117,0,1.23454,1.90512,9.16655e+06,4.03458e+06,1.39439e+07,0,0,0,0
61.3243,85.1408,0.97832,0.03,0.04,3.19821,3.19821,0,0.599284,4.6872,4.4108e+06,3.01846e+06,1.41067e+07,0,0,0,0,61.9197,61.3098,2.09254,0,1,1.52132,1.52132,0,1.17526,1.90512,9.16655e+06,4.03458e+06,1.39453e+07,0,0,0,0
59.5172,85.1408,1.36084,0.03,0.04,3.19854,3.19854,0,0.599345,4.6872,4.4108e+06,3.01846e+06,1.41081e+07,0,0,0,0,62.338,61.3098,4.31575,0,1,1.52148,1.52148,0,1.17538,1.90512,9.16655e+06,4.03458e+06,1.39467e+07,0,0,0,0
59.09,85.1408,2.7817,0.04,0.04,3.19886,3.19886,0,0.599406,4.6872,4.4108e+06,3.01846e+06,1.41096e+07,0,0,0,0,62.338,61.3098,4.04876,0,1,1.52163,1.52163,0,1.17549,1.90512,9.16655e+06,4.03458e+06,1.39481e+07,0,0,0,0
58.4103,85.1408,2.445,0.04,0.04,3.11655,3.11655,0,0.599467,4.6872,4.4108e+06,3.01846e+06,1.37465e+07,0,0,0,0,62.338,61.3098,3.69272,0,1,1.45177,1.45177,0,1.17561,1.90512,9.16655e+06,4.03458e+06,1.33077e+07,0,0,0,0
57.9605,85.1408,2.66693,0.04,0.04,3.11686,3.11686,0,0.584041,4.6872,4.4108e+06,3.01846e+06,1.37479e+07,0,0,0,0,62.338,61.3098,6.41768,0,1,1.45192,1.45192,0,1.12164,1.90512,9.16655e+06,4.03458e+06,1.33091e+07,0,0,0,0
56.7925,85.1408,1.94571,0.04,0.04,3.11718,3.11718,0,0.5841,4.6872,4.4108e+06,3.01846e+06,1.37493e+07,0,0,0,0,62.338,61.3098,4.40028,0,1,1.45207,1.45207,0,1.12175,1.90512,9.16655e+06,4.03458e+06,1.33104e+07,0,0,0,0
59.5822,85.1408,6.19752,0.04,0.04,3.1175,3.1175,0,0.584159,4.6872,4.4108e+06,3.01846e+06,1.37507e+07,0,0,0,0,62.338,61.3098,7.144,0,1,1.45221,1.45221,0,1.12187,1.90512,9.16655e+06,4.03458e+06,1.33118e+07,0,0,0,0
61.6496,85.1408,5.1826,0.05,0.04,2.88301,2.88301,0,0.584219,4.6872,4.4108e+06,3.01846e+06,1.27164e+07,0,0,0,0,62.338,61.3098,4.82578,0,1,1.30648,1.30648,0,1.12198,1.90512,9.16655e+06,4.03458e+06,1.19759e+07,0,0,0,0
63.5843,85.1408,5.00573,0.03,0.04,2.8833,2.8833,0,0.540275,4.6872,4.4108e+06,3.01846e+06,1.27177e+07,0,0,0,0,62.338,61.3098,2.9564,0,1,1.30661,1.30661,0,1.00938,1.90512,9.16655e+06,4.03458e+06,1.19771e+07,0,0,0,0
66.9106,85.1408,6.44727,0.03,0.04,2.88359,2.88359,0,0.54033,4.6872,4.4108e+06,3.01846e+06,1.2719e+07,0,0,0,0,62.338,61.3098,4.12022,0,1,1.30674,1.30674,0,1.00949,1.90512,9.16655e+06,4.03458e+06,1.19783e+07,0,0,0,0
72.7078,85.1408,9.07815,0.04,0.04,2.88388,2.88388,0,0.540385,4.6872,4.4108e+06,3.01846e+06,1.27202e+07,0,0,0,0,62.338,61.3098,5.28199,0,1,1.30687,1.30687,0,1.00959,1.90512,9.16655e+06,4.03458e+06,1.19795e+07,0,0,0,0
81.8067,85.1408,12.5874,0.01,0.04,2.88418,2.88418,0,0.54044,4.6872,4.4108e+06,3.01846e+06,1.27215e+07,0,0,0,0,62.338,61.3098,9.32989,0,1,1.30701,1.30701,0,1.00969,1.90512,9.16655e+06,4.03458e+06,1.19807e+07,0,0,0,0
83.9547,85.1408,5.57692,0,0.04,2.97483,2.97483,0,0.540495,4.6872,4.4108e+06,3.01846e+06,1.31214e+07,0,0,0,0,62.338,61.3098,3.12268,0,1,1.3494,1.3494,0,1.00979,1.90512,9.16655e+06,4.03458e+06,1.23694e+07,0,0,0,0
85.1408,85.1408,8.66502,0,0.04,2.97511,2.97511,0,0.557482,4.6872,4.4108e+06,3.01846e+06,1.31226e+07,0,0,0,0,62.338,61.3098,6.86368,0,1,1.34953,1.34953,0,1.04255,1.90512,9.16655e+06,4.03458e+06,1.23705e+07,0,0,0,0
85.1408,85.1408,11.3226,0,0.04,2.97539,2.97539,0,0.557535,4.6872,4.4108e+06,3.01846e+06,1.31239e+07,0,0,0,0,62.338,61.3098,7.98628,0,1,1.34966,1.34966,0,1.04265,1.90512,9.16655e+06,4.03458e+06,1.23717e+07,0,0,0,0
85.1408,85.1408,9.58277,0,0.04,2.97567,2.97567,0,0.557588,4.6872,4.4108e+06,3.01846e+06,1.31251e+07,0,0,0,0,62.338,61.3098,8.29376,0,1,1.34979,1.34979,0,1.04275,1.90512,9.16655e+06,4.03458e+06,1.23729e+07,0,0,0,0
85.1408,85.1408,9.1115,0,0.04,3.26622,3.26622,0,0.557641,4.6872,4.4108e+06,3.01846e+06,1.44067e+07,0,0,0,0,62.338,61.3098,8.54086,0,1,1.50864,1.50864,0,1.04285,1.90512,9.16655e+06,4.03458e+06,1.3829e+07,0,0,0,0
85.1408,85.1408,20.0162,0,0.04,3.26653,3.26653,0,0.61209,4.6872,4.4108e+06,3.01846e+06,1.4408e+07,0,0,0,0,62.338,61.3098,14.5324,0,1,1.50878,1.50878,0,1.16557,1.90512,9.16655e+06,4.03458e+06,1.38303e+07,0,0,0,0
85.1408,85.1408,9.52662,0,0.04,3.26684,3.26684,0,0.612149,4.6872,4.4108e+06,3.01846e+06,1.44094e+07,0,0,0,0,62.338,61.3098,7.97818,0,1,1.50892,1.50892,0,1.16568,1.90512,9.16655e+06,4.03458e+06,1.38316e+07,0,0,0,0
85.1408,85.1408,6.69767,0,0.04,3.26716,3.26716,0,0.612207,4.6872,4.4108e+06,3.01846e+06,1.44108e+07,0,0,0,0,62.338,61.3098,6.66025,0,1,1.50907,1.50907,0,1.16579,1.90512,9.16655e+06,4.03458e+06,1.38329e+07,0,0,0,0
85.1408,85.1408,6.75914,0,0.04,2.85329,2.85329,0,0.612265,4.6872,4.4108e+06,3.01846e+06,1.25853e+07,0,0,0,0,62.338,61.3098,8.08766,0,1,1.29612,1.29612,0,1.1659,1.90512,9.16655e+06,4.03458e+06,1.1881e+07,0,0,0,0
85.1408,85.1408,6.16007,0,0.04,2.85356,2.85356,0,0.534707,4.6872,4.4108e+06,3.01846e+06,1.25865e+07,0,0,0,0,62.338,61.3098,7.44627,0,1,1.29625,1.29625,0,1.00138,1.90512,9.16655e+06,4.03458e+06,1.18821e+07,0,0,0,0
85.1408,85.1408,5.59053,0,0.04,2.85384,2.85384,0,0.534758,4.6872,4.4108e+06,3.01846e+06,1.25877e+07,0,0,0,0,62.338,61.3098,7.63212,0,1,1.29637,1.29637,0,1.00148,1.90512,9.16655e+06,4.03458e+06,1.18832e+07,0,0,0,0
85.1408,85.1408,8.17366,0,0.04,2.85411,2.85411,0,0.534809,4.6872,4.4108e+06,3.01846e+06,1.25889e+07,0,0,0,0,62.338,61.3098,8.73952,0,1,1.29649,1.29649,0,1.00157,1.90512,9.16655e+06,4.03458e+06,1.18844e+07,0,0,0,0
85.1408,85.1408,6.72293,0,0.04,2.85438,2.85438,0,0.53486,4.6872,4.4108e+06,3.01846e+06,1.25901e+07,0,0,0,0,62.338,61.3098,7.88375,0,1,1.29662,1.29662,0,1.00167,1.90512,9.16655e+06,4.03458e+06,1.18855e+07,0,0,0,0
85.1408,85.1408,9.67219,0,0.04,2.95895,2.95895,0,0.53491,4.6872,4.4108e+06,3.01846e+06,1.30514e+07,0,0,0,0,62.338,61.3098,9.8646,0,1,1.34889,1.34889,0,1.00176,1.90512,9.16655e+06,4.03458e+06,1.23647e+07,0,0,0,0
85.1408,85.1408,7.39559,0,0.04,2.95923,2.95923,0,0.554507,4.6872,4.4108e+06,3.01846e+06,1.30526e+07,0,0,0,0,62.338,61.3098,5.63748,0,1,1.34902,1.34902,0,1.04215,1.90512,9.16655e+06,4.03458e+06,1.23659e+07,0,0,0,0
85.1408,85.1408,4.84917,0,0.04,2.95951,2.95951,0,0.55456,4.6872,4.4108e+06,3.01846e+06,1.30538e+07,0,0,0,0,62.338,61.3098,4.36105,0,1,1.34915,1.34915,0,1.04225,1.90512,9.16655e+06,4.03458e+06,1.2367e+07,0,0,0,0
85.1408,85.1408,4.17936,0,0.04,2.95979,2.95979,0,0.554613,4.6872,4.4108e+06,3.01846e+06,1.30551e+07,0,0,0,0,62.338,61.3098,4.26045,0,1,1.34928,1.34928,0,1.04235,1.90512,9.16655e+06,4.03458e+06,1.23682e+07,0,0,0,0
85.1408,85.1408,4.85627,0,0.04,2.91928,2.91928,0,0.554665,4.6872,4.4108e+06,3.01846e+06,1.28764e+07,0,0,0,0,62.338,61.3098,3.69712,0,1,1.32914,1.32914,0,1.04245,1.90512,9.16655e+06,4.03458e+06,1.21836e+07,0,0,0,0
85.1408,85.1408,4.78953,0,0.04,2.91956,2.91956,0,0.547073,4.6872,4.4108e+06,3.01846e+06,1.28776e+07,0,0,0,0,62.338,61.3098,3.53053,0,1,1.32927,1.32927,0,1.02689,1.90512,9.16655e+06,4.03458e+06,1.21848e+07,0,0,0,0
85.1408,85.1408,4.43479,0,0.04,2.91983,2.91983,0,0.547125,4.6872,4.4108e+06,3.01846e+06,1.28788e+07,0,0,0,0,62.338,61.3098,4.03845,0,1,1.32939,1.32939,0,1.02699,1.90512,9.16655e+06,4.03458e+06,1.21859e+07,0,0,0,0
85.1408,85.1408,4.17608,0,0.04,2.92011,2.92011,0,0.547177,4.6872,4.4108e+06,3.01846e+06,1.288e+07,0,0,0,0,62.338,61.3098,3.841,0,1,1.32952,1.32952,0,1.02709,1.90512,9.16655e+06,4.03458e+06,1.21871e+07,0,0,0,0
85.1408,85.1408,4.04474,0,0.04,3.05892,3.05892,0,0.547229,4.6872,4.4108e+06,3.01846e+06,1.34923e+07,0,0,0,0,62.338,61.3098,3.68526,0,1,1.40153,1.40153,0,1.02719,1.90512,9.16655e+06,4.03458e+06,1.28472e+07,0,0,0,0
85.1408,85.1408,3.77509,0,0.04,3.05921,3.05921,0,0.573242,4.6872,4.4108e+06,3.01846e+06,1.34936e+07,0,0,0,0,62.338,61.3098,3.57661,0,1,1.40167,1.40167,0,1.08282,1.90512,9.16655e+06,4.03458e+06,1.28484e+07,0,0,0,0
85.1408,85.1408,3.49302,0,0.04,3.0595,3.0595,0,0.573296,4.6872,4.4108e+06,3.01846e+06,1.34949e+07,0,0,0,0,62.338,61.3098,2.93286,0,1,1.4018,1.4018,0,1.08293,1.90512,9.16655e+06,4.03458e+06,1.28497e+07,0,0,0,0
84.9946,85.1408,3.14645,0,0.04,3.05979,3.05979,0,0.573351,4.6872,4.4108e+06,3.01846e+06,1.34961e+07,0,0,0,0,62.338,61.3098,2.55813,0,1,1.40193,1.40193,0,1.08303,1.90512,9.16655e+06,4.03458e+06,1.28509e+07,0,0,0,0
84.6992,85.1408,2.9726,0,0.04,3.06008,3.06008,0,0.573405,4.6872,4.4108e+06,3.01846e+06,1.34974e+07,0,0,0,0,62.338,61.3098,2.75018,0,1,1.40207,1.40207,0,1.08313,1.90512,9.16655e+06,4.03458e+06,1.28521e+07,0,0,0,0
85.1408,85.1408,3.78939,0,0.04,3.03296,3.03296,0,0.57346,4.6872,4.4108e+06,3.01846e+06,1.33778e+07,0,0,0,0,62.338,61.3098,3.70517,0,1,1.44173,1.44173,0,1.08324,1.90512,9.16655e+06,4.03458e+06,1.32157e+07,0,0,0,0
85.1408,85.1408,3.43338,0,0.04,3.03325,3.03325,0,0.568378,4.6872,4.4108e+06,3.01846e+06,1.33791e+07,0,0,0,0,62.338,61.3098,3.34394,0,1,1.44187,1.44187,0,1.11388,1.90512,9.16655e+06,4.03458e+06,1.32169e+07,0,0,0,0
85.0161,85.1408,3.13229,0,0.04,3.03354,3.03354,0,0.568432,4.6872,4.4108e+06,3.01846e+06,1.33804e+07,0,0,0,0,62.338,61.3098,3.37996,0,1,1.442,1.442,0,1.11399,1.90512,9.16655e+06,4.03458e+06,1.32182e+07,0,0,0,0
84.8317,85.1408,3.04885,0,0.04,3.03383,3.03383,0,0.568486,4.6872,4.4108e+06,3.01846e+06,1.33816e+07,0,0,0,0,62.338,61.3098,3.19277,0,1,1.44214,1.44214,0,1.11409,1.90512,9.16655e+06,4.03458e+06,1.32194e+07,0,0,0,0
84.5214,85.1408,2.94978,0,0.04,3.10493,3.10493,0,0.56854,4.6872,4.4108e+06,3.01846e+06,1.36952e+07,0,0,0,0,62.338,61.3098,3.07495,0,1,1.47752,1.47752,0,1.1142,1.90512,9.16655e+06,4.03458e+06,1.35437e+07,0,0,0,0
84.0375,85.1408,2.76761,0,0.04,3.10522,3.10522,0,0.581863,4.6872,4.4108e+06,3.01846e+06,1.36965e+07,0,0,0,0,62.338,61.3098,2.98945,0,1,1.47766,1.47766,0,1.14153,1.90512,9.16655e+06,4.03458e+06,1.3545e+07,0,0,0,0
83.3911,85.1408,2.58343,0,0.04,3.10552,3.10552,0,0.581919,4.6872,4.4108e+06,3.01846e+06,1.36978e+07,0,0,0,0,62.338,61.3098,2.83296,0,1,1.4778,1.4778,0,1.14164,1.90512,9.16655e+06,4.03458e+06,1.35463e+07,0,0,0,0
82.551,85.1408,2.37103,0.01,0.04,3.10581,3.10581,0,0.581974,4.6872,4.4108e+06,3.01846e+06,1.36991e+07,0,0,0,0,62.338,61.3098,2.65934,0,1,1.47794,1.47794,0,1.14175,1.90512,9.16655e+06,4.03458e+06,1.35476e+07,0,0,0,0
82.0175,85.1408,2.8432,0.01,0.04,3.31355,3.31355,0,0.582029,4.6872,4.4108e+06,3.01846e+06,1.46154e+07,0,0,0,0,62.338,61.3098,3.33799,0,1,1.60534,1.60534,0,1.14186,1.90512,9.16655e+06,4.03458e+06,1.47154e+07,0,0,0,0
81.6078,85.1408,2.97789,0.01,0.04,3.31387,3.31387,0,0.620959,4.6872,4.4108e+06,3.01846e+06,1.46168e+07,0,0,0,0,62.338,61.3098,3.14342,0,1,1.60549,1.60549,0,1.24028,1.90512,9.16655e+06,4.03458e+06,1.47168e+07,0,0,0,0
80.7056,85.1408,2.52456,0.01,0.04,3.31418,3.31418,0,0.621018,4.6872,4.4108e+06,3.01846e+06,1.46182e+07,0,0,0,0,62.2598,61.3098,2.7651,0,1,1.60564,1.60564,0,1.2404,1.90512,9.16655e+06,4.03458e+06,1.47182e+07,0,0,0,0
80.0548,85.1408,2.73936,0.01,0.04,3.3145,3.3145,0,0.621077,4.6872,4.4108e+06,3.01846e+06,1.46196e+07,0,0,0,0,62.338,61.3098,3.67262,0,1,1.60579,1.60579,0,1.24052,1.90512,9.16655e+06,4.03458e+06,1.47196e+07,0,0,0,0
79.2237,85.1408,2.54984,0.01,0.04,3.31481,3.31481,0,0.621136,4.6872,4.4108e+06,3.01846e+06,1.4621e+07,0,0,0,0,62.338,61.3098,3.2501,0,1,1.60595,1.60595,0,1.24064,1.90512,9.16655e+06,4.03458e+06,1.4721e+07,0,0,0,0
79.0897,85.1408,3.16669,0.01,0.04,3.21398,3.21398,0,0.621195,4.6872,4.4108e+06,3.01846e+06,1.41762e+07,0,0,0,0,62.338,61.3098,4.10036,0,1,1.52882,1.52882,0,1.24075,1.90512,9.16655e+06,4.03458e+06,1.4014e+07,0,0,0,0
78.9549,85.1408,3.19259,0.01,0.04,3.21428,3.21428,0,0.602299,4.6872,4.4108e+06,3.01846e+06,1.41776e+07,0,0,0,0,62.338,61.3098,4.28794,0,1,1.52897,1.52897,0,1.18117,1.90512,9.16655e+06,4.03458e+06,1.40154e+07,0,0,0,0
79.0455,85.1408,3.48754,0.01,0.04,3.21459,3.21459,0,0.602356,4.6872,4.4108e+06,3.01846e+06,1.41789e+07,0,0,0,0,62.338,61.3098,4.57368,0,1,1.52911,1.52911,0,1.18128,1.90512,9.16655e+06,4.03458e+06,1.40167e+07,0,0,0,0
79.4171,85.1408,4.06968,0.01,0.04,3.21489,3.21489,0,0.602414,4.6872,4.4108e+06,3.01846e+06,1.41803e+07,0,0,0,0,62.338,61.3098,5.90408,0,1,1.52926,1.52926,0,1.18139,1.90512,9.16655e+06,4.03458e+06,1.4018e+07,0,0,0,0
79.4636,85.1408,3.55656,0.01,0.04,3.13214,3.13214,0,0.602471,4.6872,4.4108e+06,3.01846e+06,1.38153e+07,0,0,0,0,62.338,61.3098,4.11169,0,1,1.45904,1.45904,0,1.18151,1.90512,9.16655e+06,4.03458e+06,1.33743e+07,0,0,0,0
80.1566,85.1408,4.20597,0.01,0.04,3.13244,3.13244,0,0.586963,4.6872,4.4108e+06,3.01846e+06,1.38166e+07,0,0,0,0,62.338,61.3098,4.47108,0,1,1.45917,1.45917,0,1.12725,1.90512,9.16655e+06,4.03458e+06,1.33756e+07,0,0,0,0
81.2268,85.1408,4.68178,0.01,0.04,3.13274,3.13274,0,0.587019,4.6872,4.4108e+06,3.01846e+06,1.38179e+07,0,0,0,0,62.338,61.3098,4.72378,0,1,1.45931,1.45931,0,1.12736,1.90512,9.16655e+06,4.03458e+06,1.33769e+07,0,0,0,0
83.7448,85.1408,6.283,0.01,0.04,3.13303,3.13303,0,0.587075,4.6872,4.4108e+06,3.01846e+06,1.38192e+07,0,0,0,0,62.338,61.3098,5.9735,0,1,1.45945,1.45945,0,1.12747,1.90512,9.16655e+06,4.03458e+06,1.33781e+07,0,0,0,0
85.1408,85.1408,6.76075,0.01,0.04,2.89736,2.89736,0,0.587131,4.6872,4.4108e+06,3.01846e+06,1.27797e+07,0,0,0,0,62.338,61.3098,7.15726,0,1,1.31298,1.31298,0,1.12757,1.90512,9.16655e+06,4.03458e+06,1.20355e+07,0,0,0,0
85.1408,85.1408,10.8923,0,0.04,2.89763,2.89763,0,0.542965,4.6872,4.4108e+06,3.01846e+06,1.27809e+07,0,0,0,0,62.338,61.3098,11.7176,0,1,1.3131,1.3131,0,1.01441,1.90512,9.16655e+06,4.03458e+06,1.20366e+07,0,0,0,0
85.1408,85.1408,8.02809,0,0.04,2.89791,2.89791,0,0.543016,4.6872,4.4108e+06,3.01846e+06,1.27821e+07,0,0,0,0,62.338,61.3098,7.75235,0,1,1.31323,1.31323,0,1.0145,1.90512,9.16655e+06,4.03458e+06,1.20378e+07,0,0,0,0
85.1408,85.1408,9.18799,0,0.04,2.89818,2.89818,0,0.543068,4.6872,4.4108e+06,3.01846e+06,1.27833e+07,0,0,0,0,62.338,61.3098,8.28047,0,1,1.31335,1.31335,0,1.0146,1.90512,9.16655e+06,4.03458e+06,1.20389e+07,0,0,0,0
85.1408,85.1408,8.03447,0,0.04,2.89846,2.89846,0,0.543119,4.6872,4.4108e+06,3.01846e+06,1.27845e+07,0,0,0,0,62.338,61.3098,7.21797,0,1,1.31348,1.31348,0,1.0147,1.90512,9.16655e+06,4.03458e+06,1.20401e+07,0,0,0,0
85.1408,85.1408,8.46619,0,0.04,2.98953,2.98953,0,0.543171,4.6872,4.4108e+06,3.01846e+06,1.31862e+07,0,0,0,0,62.338,61.3098,12.6222,0,1,1.35607,1.35607,0,1.01479,1.90512,9.16655e+06,4.03458e+06,1.24305e+07,0,0,0,0
85.1408,85.1408,6.25397,0,0.04,2.9898,2.9898,0,0.560239,4.6872,4.4108e+06,3.01846e+06,1.31874e+07,0,0,0,0,62.338,61.3098,8.06386,0,1,1.35619,1.35619,0,1.0477,1.90512,9.16655e+06,4.03458e+06,1.24316e+07,0,0,0,0
85.1408,85.1408,6.01043,0,0.04,2.99006,2.99006,0,0.560288,4.6872,4.4108e+06,3.01846e+06,1.31886e+07,0,0,0,0,62.338,61.3098,6.85115,0,1,1.35631,1.35631,0,1.0478,1.90512,9.16655e+06,4.03458e+06,1.24327e+07,0,0,0,0
85.1408,85.1408,6.33989,0,0.04,2.99033,2.99033,0,0.560338,4.6872,4.4108e+06,3.01846e+06,1.31898e+07,0,0,0,0,62.338,61.3098,9.52113,0,1,1.35643,1.35643,0,1.04789,1.90512,9.16655e+06,4.03458e+06,1.24338e+07,0,0,0,0
85.1408,85.1408,6.63028,0,0.04,3.28229,3.28229,0,0.560388,4.6872,4.4108e+06,3.01846e+06,1.44775e+07,0,0,0,0,62.338,61.3098,9.40454,0,1,1.51606,1.51606,0,1.04798,1.90512,9.16655e+06,4.03458e+06,1.3897e+07,0,0,0,0
85.1408,85.1408,6.57859,0,0.04,3.28258,3.28258,0,0.615101,4.6872,4.4108e+06,3.01846e+06,1.44788e+07,0,0,0,0,62.338,61.3098,8.28572,0,1,1.51619,1.51619,0,1.17131,1.90512,9.16655e+06,4.03458e+06,1.38982e+07,0,0,0,0
85.1408,85.1408,4.74792,0,0.04,3.28287,3.28287,0,0.615156,4.6872,4.4108e+06,3.01846e+06,1.44801e+07,0,0,0,0,62.338,61.3098,5.72417,0,1,1.51632,1.51632,0,1.17141,1.90512,9.16655e+06,4.03458e+06,1.38995e+07,0,0,0,0
85.1408,85.1408,4.69112,0,0.04,3.28316,3.28316,0,0.61521,4.6872,4.4108e+06,3.01846e+06,1.44814e+07,0,0,0,0,62.338,61.3098,5.20272,0,1,1.51646,1.51646,0,1.17151,1.90512,9.16655e+06,4.03458e+06,1.39007e+07,0,0,0,0
85.1408,85.1408,5.76736,0,0.04,2.86725,2.86725,0,0.615265,4.6872,4.4108e+06,3.01846e+06,1.26469e+07,0,0,0,0,62.338,61.3098,7.93682,0,1,1.30246,1.30246,0,1.17162,1.90512,9.16655e+06,4.03458e+06,1.19391e+07,0,0,0,0
85.1408,85.1408,7.85238,0,0.04,2.86751,2.86751,0,0.537323,4.6872,4.4108e+06,3.01846e+06,1.2648e+07,0,0,0,0,62.338,61.3098,10.2482,0,1,1.30258,1.30258,0,1.00628,1.90512,9.16655e+06,4.03458e+06,1.19402e+07,0,0,0,0
85.1408,85.1408,8.46002,0,0.04,2.86776,2.86776,0,0.537371,4.6872,4.4108e+06,3.01846e+06,1.26491e+07,0,0,0,0,62.338,61.3098,11.2162,0,1,1.30269,1.30269,0,1.00637,1.90512,9.16655e+06,4.03458e+06,1.19412e+07,0,0,0,0
85.1408,85.1408,7.52398,0,0.04,2.86802,2.86802,0,0.537419,4.6872,4.4108e+06,3.01846e+06,1.26503e+07,0,0,0,0,62.338,61.3098,9.66962,0,1,1.30281,1.30281,0,1.00646,1.90512,9.16655e+06,4.03458e+06,1.19423e+07,0,0,0,0
85.1408,85.1408,6.49139,0,0.04,2.86827,2.86827,0,0.537466,4.6872,4.4108e+06,3.01846e+06,1.26514e+07,0,0,0,0,62.338,61.3098,7.76511,0,1,1.30293,1.30293,0,1.00655,1.90512,9.16655e+06,4.03458e+06,1.19433e+07,0,0,0,0
85.1408,85.1408,6.73877,0,0.04,2.97333,2.97333,0,0.537514,4.6872,4.4108e+06,3.01846e+06,1.31148e+07,0,0,0,0,62.338,61.3098,9.46556,0,1,1.35545,1.35545,0,1.00664,1.90512,9.16655e+06,4.03458e+06,1.24248e+07,0,0,0,0
85.1408,85.1408,7.50272,0,0.04,2.9736,2.9736,0,0.557203,4.6872,4.4108e+06,3.01846e+06,1.31159e+07,0,0,0,0,62.338,61.3098,8.88773,0,1,1.35557,1.35557,0,1.04722,1.90512,9.16655e+06,4.03458e+06,1.24259e+07,0,0,0,0
85.1408,85.1408,6.10758,0,0.04,2.97386,2.97386,0,0.557252,4.6872,4.4108e+06,3.01846e+06,1.31171e+07,0,0,0,0,62.338,61.3098,8.73941,0,1,1.35569,1.35569,0,1.04731,1.90512,9.16655e+06,4.03458e+06,1.2427e+07,0,0,0,0
85.1408,85.1408,4.92111,0,0.04,2.97412,2.97412,0,0.557301,4.6872,4.4108e+06,3.01846e+06,1.31183e+07,0,0,0,0,62.338,61.3098,5.84918,0,1,1.35581,1.35581,0,1.0474,1.90512,9.16655e+06,4.03458e+06,1.24281e+07,0,0,0,0
85.1408,85.1408,5.12611,0,0.04,2.93339,2.93339,0,0.557351,4.6872,4.4108e+06,3.01846e+06,1.29386e+07,0,0,0,0,62.338,61.3098,5.45894,0,1,1.33557,1.33557,0,1.0475,1.90512,9.16655e+06,4.03458e+06,1.22425e+07,0,0,0,0
85.1408,85.1408,4.9667,0,0.04,2.93365,2.93365,0,0.549718,4.6872,4.4108e+06,3.01846e+06,1.29398e+07,0,0,0,0,62.338,61.3098,5.29928,0,1,1.33569,1.33569,0,1.03186,1.90512,9.16655e+06,4.03458e+06,1.22436e+07,0,0,0,0
85.1408,85.1408,4.6447,0,0.04,2.93391,2.93391,0,0.549766,4.6872,4.4108e+06,3.01846e+06,1.29409e+07,0,0,0,0,62.338,61.3098,5.21361,0,1,1.3358,1.3358,0,1.03195,1.90512,9.16655e+06,4.03458e+06,1.22447e+07,0,0,0,0
85.1408,85.1408,4.44464,0,0.04,2.93417,2.93417,0,0.549815,4.6872,4.4108e+06,3.01846e+06,1.29421e+07,0,0,0,0,62.338,61.3098,6.38678,0,1,1.33592,1.33592,0,1.03204,1.90512,9.16655e+06,4.03458e+06,1.22458e+07,0,0,0,0
85.1408,85.1408,4.28883,0,0.04,3.07363,3.07363,0,0.549864,4.6872,4.4108e+06,3.01846e+06,1.35572e+07,0,0,0,0,62.338,61.3098,5.28149,0,1,1.40827,1.40827,0,1.03213,1.90512,9.16655e+06,4.03458e+06,1.2909e+07,0,0,0,0
85.1408,85.1408,4.06513,0,0.04,3.0739,3.0739,0,0.575999,4.6872,4.4108e+06,3.01846e+06,1.35584e+07,0,0,0,0,62.338,61.3098,4.6728,0,1,1.4084,1.4084,0,1.08803,1.90512,9.16655e+06,4.03458e+06,1.29101e+07,0,0,0,0
85.1408,85.1408,3.99792,0,0.04,3.07418,3.07418,0,0.57605,4.6872,4.4108e+06,3.01846e+06,1.35596e+07,0,0,0,0,62.338,61.3098,4.57146,0,1,1.40852,1.40852,0,1.08813,1.90512,9.16655e+06,4.03458e+06,1.29113e+07,0,0,0,0
85.1408,85.1408,3.46641,0,0.04,3.07445,3.07445,0,0.576101,4.6872,4.4108e+06,3.01846e+06,1.35608e+07,0,0,0,0,62.338,61.3098,3.53907,0,1,1.40865,1.40865,0,1.08822,1.90512,9.16655e+06,4.03458e+06,1.29124e+07,0,0,0,0
85.0131,85.1408,3.22868,0,0.04,3.07472,3.07472,0,0.576152,4.6872,4.4108e+06,3.01846e+06,1.3562e+07,0,0,0,0,62.338,61.3098,3.28829,0,1,1.40877,1.40877,0,1.08832,1.90512,9.16655e+06,4.03458e+06,1.29136e+07,0,0,0,0
84.9328,85.1408,3.16254,0,0.04,3.04745,3.04745,0,0.576203,4.6872,4.4108e+06,3.01846e+06,1.34417e+07,0,0,0,0,62.338,61.3098,2.96407,0,1,1.44862,1.44862,0,1.08842,1.90512,9.16655e+06,4.03458e+06,1.32788e+07,0,0,0,0
84.7122,85.1408,2.98892,0,0.04,3.04772,3.04772,0,0.571093,4.6872,4.4108e+06,3.01846e+06,1.34429e+07,0,0,0,0,62.338,61.3098,2.83743,0,1,1.44874,1.44874,0,1.1192,1.90512,9.16655e+06,4.03458e+06,1.328e+07,0,0,0,0
84.3552,85.1408,2.83732,0,0.04,3.04799,3.04799,0,0.571143,4.6872,4.4108e+06,3.01846e+06,1.34441e+07,0,0,0,0,62.338,61.3098,2.69995,0,1,1.44887,1.44887,0,1.1193,1.90512,9.16655e+06,4.03458e+06,1.32812e+07,0,0,0,0
83.7922,85.1408,2.62209,0,0.04,3.04826,3.04826,0,0.571194,4.6872,4.4108e+06,3.01846e+06,1.34453e+07,0,0,0,0,62.338,61.3098,2.51173,0,1,1.449,1.449,0,1.1194,1.90512,9.16655e+06,4.03458e+06,1.32823e+07,0,0,0,0
83.1116,85.1408,2.54267,0,0.04,3.11968,3.11968,0,0.571244,4.6872,4.4108e+06,3.01846e+06,1.37603e+07,0,0,0,0,62.338,61.3098,2.52064,0,1,1.48454,1.48454,0,1.1195,1.90512,9.16655e+06,4.03458e+06,1.36081e+07,0,0,0,0
82.3343,85.1408,2.46076,0,0.04,3.11996,3.11996,0,0.584628,4.6872,4.4108e+06,3.01846e+06,1.37615e+07,0,0,0,0,62.338,61.3098,2.50802,0,1,1.48467,1.48467,0,1.14695,1.90512,9.16655e+06,4.03458e+06,1.36093e+07,0,0,0,0
81.4138,85.1408,2.28659,0.01,0.04,3.12023,3.12023,0,0.58468,4.6872,4.4108e+06,3.01846e+06,1.37627e+07,0,0,0,0,62.3157,61.3098,2.41871,0,1,1.4848,1.4848,0,1.14706,1.90512,9.16655e+06,4.03458e+06,1.36105e+07,0,0,0,0
80.304,85.1408,2.08194,0.01,0.04,3.12051,3.12051,0,0.584731,4.6872,4.4108e+06,3.01846e+06,1.37639e+07,0,0,0,0,62.254,61.3098,2.12634,0,1,1.48493,1.48493,0,1.14716,1.90512,9.16655e+06,4.03458e+06,1.36117e+07,0,0,0,0
79.3096,85.1408,2.35984,0.01,0.04,3.32921,3.32921,0,0.584783,4.6872,4.4108e+06,3.01846e+06,1.46845e+07,0,0,0,0,62.1109,61.3098,2.74775,0,1,1.61292,1.61292,0,1.14726,1.90512,9.16655e+06,4.03458e+06,1.47849e+07,0,0,0,0
77.8493,85.1408,1.86555,0.01,0.04,3.3295,3.3295,0,0.623894,4.6872,4.4108e+06,3.01846e+06,1.46858e+07,0,0,0,0,61.7582,61.3098,1.71902,0,1,1.61307,1.61307,0,1.24614,1.90512,9.16655e+06,4.03458e+06,1.47862e+07,0,0,0,0
76.5752,85.1408,2.06044,0.01,0.04,3.3298,3.3298,0,0.623949,4.6872,4.4108e+06,3.01846e+06,1.46871e+07,0,0,0,0,61.3017,61.3098,2.13144,0,1,1.61321,1.61321,0,1.24625,1.90512,9.16655e+06,4.03458e+06,1.47875e+07,0,0,0,0
74.9234,85.1408,1.67079,0.02,0.04,3.33009,3.33009,0,0.624004,4.6872,4.4108e+06,3.01846e+06,1.46884e+07,0,0,0,0,60.8897,61.3098,1.50002,0,1,1.61335,1.61335,0,1.24636,1.90512,9.16655e+06,4.03458e+06,1.47889e+07,0,0,0,0
73.6735,85.1408,2.05181,0.03,0.04,3.33039,3.33039,0,0.624059,4.6872,4.4108e+06,3.01846e+06,1.46897e+07,0,0,0,0,60.8369,61.3098,2.74536,0,1,1.61349,1.61349,0,1.24647,1.90512,9.16655e+06,4.03458e+06,1.47902e+07,0,0,0,0
73.2769,85.1408,2.88008,0.02,0.04,3.22906,3.22906,0,0.624115,4.6872,4.4108e+06,3.01846e+06,1.42427e+07,0,0,0,0,61.2068,61.3098,2.68025,0,1,1.536,1.536,0,1.24659,1.90512,9.16655e+06,4.03458e+06,1.40798e+07,0,0,0,0
72.715,85.1408,2.70121,0.02,0.04,3.22935,3.22935,0,0.605126,4.6872,4.4108e+06,3.01846e+06,1.4244e+07,0,0,0,0,62.2385,61.3098,4.44203,0,1,1.53613,1.53613,0,1.18671,1.90512,9.16655e+06,4.03458e+06,1.4081e+07,0,0,0,0
71.8548,85.1408,2.40283,0.02,0.04,3.22963,3.22963,0,0.605179,4.6872,4.4108e+06,3.01846e+06,1.42453e+07,0,0,0,0,62.338,61.3098,2.61306,0,1,1.53627,1.53627,0,1.18682,1.90512,9.16655e+06,4.03458e+06,1.40823e+07,0,0,0,0
70.6585,85.1408,2.04906,0.03,0.04,3.22992,3.22992,0,0.605233,4.6872,4.4108e+06,3.01846e+06,1.42465e+07,0,0,0,0,62.338,61.3098,2.37805,0,1,1.53641,1.53641,0,1.18692,1.90512,9.16655e+06,4.03458e+06,1.40835e+07,0,0,0,0
70.0356,85.1408,2.65341,0.02,0.04,3.14676,3.14676,0,0.605287,4.6872,4.4108e+06,3.01846e+06,1.38797e+07,0,0,0,0,62.1554,61.3098,2.32141,0,1,1.46585,1.46585,0,1.18703,1.90512,9.16655e+06,4.03458e+06,1.34367e+07,0,0,0,0
68.7367,85.1408,1.96371,0.02,0.04,3.14704,3.14704,0,0.589703,4.6872,4.4108e+06,3.01846e+06,1.3881e+07,0,0,0,0,62.2546,61.3098,1.80553,0,1,1.46598,1.46598,0,1.13251,1.90512,9.16655e+06,4.03458e+06,1.34379e+07,0,0,0,0
70.3822,85.1408,5.08521,0.02,0.04,3.14732,3.14732,0,0.589755,4.6872,4.4108e+06,3.01846e+06,1.38822e+07,0,0,0,0,62.338,61.3098,5.87245,0,1,1.46611,1.46611,0,1.13261,1.90512,9.16655e+06,4.03458e+06,1.34391e+07,0,0,0,0
70.537,85.1408,3.53838,0.02,0.04,3.1476,3.1476,0,0.589807,4.6872,4.4108e+06,3.01846e+06,1.38834e+07,0,0,0,0,62.338,61.3098,3.9956,0,1,1.46624,1.46624,0,1.13271,1.90512,9.16655e+06,4.03458e+06,1.34403e+07,0,0,0,0
71.5779,85.1408,4.1743,0.02,0.04,2.9108,2.9108,0,0.589859,4.6872,4.4108e+06,3.01846e+06,1.2839e+07,0,0,0,0,62.338,61.3098,4.52519,0,1,1.31907,1.31907,0,1.13281,1.90512,9.16655e+06,4.03458e+06,1.20914e+07,0,0,0,0
72.7173,85.1408,4.3688,0.01,0.04,2.91106,2.91106,0,0.545485,4.6872,4.4108e+06,3.01846e+06,1.28401e+07,0,0,0,0,62.338,61.3098,3.09819,0,1,1.31919,1.31919,0,1.01912,1.90512,9.16655e+06,4.03458e+06,1.20924e+07,0,0,0,0
75.9623,85.1408,6.52043,0.01,0.04,2.91132,2.91132,0,0.545533,4.6872,4.4108e+06,3.01846e+06,1.28413e+07,0,0,0,0,62.338,61.3098,3.50878,0,1,1.31931,1.31931,0,1.01921,1.90512,9.16655e+06,4.03458e+06,1.20935e+07,0,0,0,0
76.504,85.1408,3.79764,0.01,0.04,2.91158,2.91158,0,0.545581,4.6872,4.4108e+06,3.01846e+06,1.28424e+07,0,0,0,0,62.338,61.3098,3.0015,0,1,1.31942,1.31942,0,1.0193,1.90512,9.16655e+06,4.03458e+06,1.20946e+07,0,0,0,0
76.488,85.1408,3.26602,0.01,0.04,2.91183,2.91183,0,0.54563,4.6872,4.4108e+06,3.01846e+06,1.28435e+07,0,0,0,0,62.338,61.3098,2.54901,0,1,1.31954,1.31954,0,1.01939,1.90512,9.16655e+06,4.03458e+06,1.20956e+07,0,0,0,0
77.0087,85.1408,3.91578,0.02,0.04,3.00331,3.00331,0,0.545678,4.6872,4.4108e+06,3.01846e+06,1.3247e+07,0,0,0,0,62.338,61.3098,4.44678,0,1,1.36232,1.36232,0,1.01948,1.90512,9.16655e+06,4.03458e+06,1.24878e+07,0,0,0,0
78.3821,85.1408,4.74614,0,0.04,3.00356,3.00356,0,0.562821,4.6872,4.4108e+06,3.01846e+06,1.32481e+07,0,0,0,0,62.338,61.3098,6.24451,0,1,1.36244,1.36244,0,1.05253,1.90512,9.16655e+06,4.03458e+06,1.24888e+07,0,0,0,0
81.4602,85.1408,6.62443,0,0.04,3.00381,3.00381,0,0.562867,4.6872,4.4108e+06,3.01846e+06,1.32492e+07,0,0,0,0,62.338,61.3098,5.68361,0,1,1.36255,1.36255,0,1.05262,1.90512,9.16655e+06,4.03458e+06,1.24899e+07,0,0,0,0
85.1408,85.1408,8.21258,0,0.04,3.00406,3.00406,0,0.562914,4.6872,4.4108e+06,3.01846e+06,1.32503e+07,0,0,0,0,62.338,61.3098,7.68159,0,1,1.36266,1.36266,0,1.05271,1.90512,9.16655e+06,4.03458e+06,1.24909e+07,0,0,0,0
85.1408,85.1408,12.4085,0,0.04,3.29734,3.29734,0,0.56296,4.6872,4.4108e+06,3.01846e+06,1.45439e+07,0,0,0,0,62.338,61.3098,15.7807,0,1,1.52301,1.52301,0,1.05279,1.90512,9.16655e+06,4.03458e+06,1.39607e+07,0,0,0,0
85.1408,85.1408,6.30124,0,0.04,3.29761,3.29761,0,0.617921,4.6872,4.4108e+06,3.01846e+06,1.45451e+07,0,0,0,0,62.338,61.3098,6.84797,0,1,1.52313,1.52313,0,1.17667,1.90512,9.16655e+06,4.03458e+06,1.39619e+07,0,0,0,0
85.1408,85.1408,7.42888,0,0.04,3.29788,3.29788,0,0.617972,4.6872,4.4108e+06,3.01846e+06,1.45463e+07,0,0,0,0,62.338,61.3098,7.27278,0,1,1.52326,1.52326,0,1.17677,1.90512,9.16655e+06,4.03458e+06,1.3963e+07,0,0,0,0
85.1408,85.1408,6.8145,0,0.04,3.29815,3.29815,0,0.618022,4.6872,4.4108e+06,3.01846e+06,1.45475e+07,0,0,0,0,62.338,61.3098,7.90612,0,1,1.52338,1.52338,0,1.17687,1.90512,9.16655e+06,4.03458e+06,1.39642e+07,0,0,0,0
85.1408,85.1408,6.19271,0,0.04,2.88033,2.88033,0,0.618073,4.6872,4.4108e+06,3.01846e+06,1.27045e+07,0,0,0,0,62.338,61.3098,8.19221,0,1,1.3084,1.3084,0,1.17697,1.90512,9.16655e+06,4.03458e+06,1.19935e+07,0,0,0,0
85.1408,85.1408,4.8009,0,0.04,2.88056,2.88056,0,0.539773,4.6872,4.4108e+06,3.01846e+06,1.27056e+07,0,0,0,0,62.338,61.3098,4.88349,0,1,1.30851,1.30851,0,1.01087,1.90512,9.16655e+06,4.03458e+06,1.19945e+07,0,0,0,0
85.1408,85.1408,4.21959,0,0.04,2.8808,2.8808,0,0.539817,4.6872,4.4108e+06,3.01846e+06,1.27066e+07,0,0,0,0,62.338,61.3098,4.96054,0,1,1.30862,1.30862,0,1.01095,1.90512,9.16655e+06,4.03458e+06,1.19955e+07,0,0,0,0
85.1408,85.1408,7.77682,0,0.04,2.88104,2.88104,0,0.539862,4.6872,4.4108e+06,3.01846e+06,1.27077e+07,0,0,0,0,62.338,61.3098,8.43943,0,1,1.30873,1.30873,0,1.01104,1.90512,9.16655e+06,4.03458e+06,1.19965e+07,0,0,0,0
85.1408,85.1408,7.29476,0,0.04,2.88127,2.88127,0,0.539906,4.6872,4.4108e+06,3.01846e+06,1.27087e+07,0,0,0,0,62.338,61.3098,7.80443,0,1,1.30883,1.30883,0,1.01112,1.90512,9.16655e+06,4.03458e+06,1.19975e+07,0,0,0,0
85.1408,85.1408,4.77271,0,0.04,2.9868,2.9868,0,0.539951,4.6872,4.4108e+06,3.01846e+06,1.31742e+07,0,0,0,0,62.338,61.3098,5.01309,0,1,1.36159,1.36159,0,1.0112,1.90512,9.16655e+06,4.03458e+06,1.2481e+07,0,0,0,0
85.1408,85.1408,4.22749,0,0.04,2.98704,2.98704,0,0.559725,4.6872,4.4108e+06,3.01846e+06,1.31752e+07,0,0,0,0,62.338,61.3098,4.78993,0,1,1.3617,1.3617,0,1.05196,1.90512,9.16655e+06,4.03458e+06,1.24821e+07,0,0,0,0
85.1408,85.1408,6.86713,0,0.04,2.98729,2.98729,0,0.559771,4.6872,4.4108e+06,3.01846e+06,1.31763e+07,0,0,0,0,62.338,61.3098,7.78767,0,1,1.36181,1.36181,0,1.05205,1.90512,9.16655e+06,4.03458e+06,1.24831e+07,0,0,0,0
85.1408,85.1408,5.39405,0,0.04,2.98753,2.98753,0,0.559818,4.6872,4.4108e+06,3.01846e+06,1.31774e+07,0,0,0,0,62.338,61.3098,6.50037,0,1,1.36192,1.36192,0,1.05213,1.90512,9.16655e+06,4.03458e+06,1.24841e+07,0,0,0,0
85.1408,85.1408,4.09959,0,0.04,2.9466,2.9466,0,0.559864,4.6872,4.4108e+06,3.01846e+06,1.29969e+07,0,0,0,0,62.338,61.3098,5.04699,0,1,1.34158,1.34158,0,1.05222,1.90512,9.16655e+06,4.03458e+06,1.22977e+07,0,0,0,0
85.1408,85.1408,3.48253,0,0.04,2.94684,2.94684,0,0.552193,4.6872,4.4108e+06,3.01846e+06,1.29979e+07,0,0,0,0,62.338,61.3098,4.45125,0,1,1.34169,1.34169,0,1.0365,1.90512,9.16655e+06,4.03458e+06,1.22987e+07,0,0,0,0
85.1408,85.1408,3.94579,0,0.04,2.94708,2.94708,0,0.552238,4.6872,4.4108e+06,3.01846e+06,1.2999e+07,0,0,0,0,62.338,61.3098,4.34314,0,1,1.3418,1.3418,0,1.03659,1.90512,9.16655e+06,4.03458e+06,1.22997e+07,0,0,0,0
85.1408,85.1408,3.4403,0,0.04,2.94733,2.94733,0,0.552284,4.6872,4.4108e+06,3.01846e+06,1.30001e+07,0,0,0,0,62.338,61.3098,4.03361,0,1,1.34191,1.34191,0,1.03668,1.90512,9.16655e+06,4.03458e+06,1.23007e+07,0,0,0,0
84.7689,85.1408,3.07029,0,0.04,3.08739,3.08739,0,0.552329,4.6872,4.4108e+06,3.01846e+06,1.36179e+07,0,0,0,0,62.338,61.3098,3.66475,0,1,1.41458,1.41458,0,1.03676,1.90512,9.16655e+06,4.03458e+06,1.29668e+07,0,0,0,0
84.0494,85.1408,2.61624,0,0.04,3.08765,3.08765,0,0.578577,4.6872,4.4108e+06,3.01846e+06,1.3619e+07,0,0,0,0,62.338,61.3098,3.23014,0,1,1.41469,1.41469,0,1.0929,1.90512,9.16655e+06,4.03458e+06,1.29679e+07,0,0,0,0
83.006,85.1408,2.27816,0,0.04,3.0879,3.0879,0,0.578625,4.6872,4.4108e+06,3.01846e+06,1.36201e+07,0,0,0,0,62.338,61.3098,3.14341,0,1,1.41481,1.41481,0,1.09299,1.90512,9.16655e+06,4.03458e+06,1.29689e+07,0,0,0,0
81.7704,85.1408,2.06751,0,0.04,3.08816,3.08816,0,0.578673,4.6872,4.4108e+06,3.01846e+06,1.36212e+07,0,0,0,0,62.338,61.3098,2.77602,0,1,1.41493,1.41493,0,1.09308,1.90512,9.16655e+06,4.03458e+06,1.297e+07,0,0,0,0
80.4511,85.1408,1.94155,0,0.04,3.08841,3.08841,0,0.57872,4.6872,4.4108e+06,3.01846e+06,1.36224e+07,0,0,0,0,62.338,61.3098,2.58219,0,1,1.41504,1.41504,0,1.09317,1.90512,9.16655e+06,4.03458e+06,1.29711e+07,0,0,0,0
79.2221,85.1408,2.01892,0,0.04,3.061,3.061,0,0.578768,4.6872,4.4108e+06,3.01846e+06,1.35015e+07,0,0,0,0,62.338,61.3098,2.90674,0,1,1.45506,1.45506,0,1.09326,1.90512,9.16655e+06,4.03458e+06,1.33378e+07,0,0,0,0
78.0081,85.1408,2.0203,0,0.04,3.06125,3.06125,0,0.573632,4.6872,4.4108e+06,3.01846e+06,1.35026e+07,0,0,0,0,62.338,61.3098,2.97399,0,1,1.45518,1.45518,0,1.12418,1.90512,9.16655e+06,4.03458e+06,1.33389e+07,0,0,0,0
76.7264,85.1408,1.92079,0,0.04,3.0615,3.0615,0,0.573679,4.6872,4.4108e+06,3.01846e+06,1.35037e+07,0,0,0,0,62.338,61.3098,2.9213,0,1,1.45529,1.45529,0,1.12427,1.90512,9.16655e+06,4.03458e+06,1.334e+07,0,0,0,0
75.2337,85.1408,1.67246,0,0.04,3.06176,3.06176,0,0.573726,4.6872,4.4108e+06,3.01846e+06,1.35048e+07,0,0,0,0,62.338,61.3098,2.73109,0,1,1.45541,1.45541,0,1.12436,1.90512,9.16655e+06,4.03458e+06,1.33411e+07,0,0,0,0
73.5475,85.1408,1.49963,0.01,0.04,3.13347,3.13347,0,0.573773,4.6872,4.4108e+06,3.01846e+06,1.38211e+07,0,0,0,0,62.338,61.3098,2.39985,0,1,1.4911,1.4911,0,1.12445,1.90512,9.16655e+06,4.03458e+06,1.36682e+07,0,0,0,0
71.9279,85.1408,1.56538,0.01,0.04,3.13373,3.13373,0,0.587212,4.6872,4.4108e+06,3.01846e+06,1.38223e+07,0,0,0,0,62.338,61.3098,2.43302,0,1,1.49122,1.49122,0,1.15202,1.90512,9.16655e+06,4.03458e+06,1.36694e+07,0,0,0,0
70.2086,85.1408,1.42718,0.02,0.04,3.13399,3.13399,0,0.587261,4.6872,4.4108e+06,3.01846e+06,1.38234e+07,0,0,0,0,62.332,61.3098,2.35603,0,1,1.49135,1.49135,0,1.15212,1.90512,9.16655e+06,4.03458e+06,1.36705e+07,0,0,0,0
68.3937,85.1408,1.31079,0.02,0.04,3.13424,3.13424,0,0.587309,4.6872,4.4108e+06,3.01846e+06,1.38245e+07,0,0,0,0,62.338,61.3098,2.07783,0,1,1.49147,1.49147,0,1.15221,1.90512,9.16655e+06,4.03458e+06,1.36716e+07,0,0,0,0
66.5019,85.1408,1.37668,0.02,0.04,3.34384,3.34384,0,0.587357,4.6872,4.4108e+06,3.01846e+06,1.4749e+07,0,0,0,0,62.1171,61.3098,2.45032,0,1,1.62001,1.62001,0,1.15231,1.90512,9.16655e+06,4.03458e+06,1.48499e+07,0,0,0,0
64.2438,85.1408,0.947043,0.03,0.04,3.34412,3.34412,0,0.626636,4.6872,4.4108e+06,3.01846e+06,1.47502e+07,0,0,0,0,61.7992,61.3098,1.62929,0,1,1.62015,1.62015,0,1.25162,1.90512,9.16655e+06,4.03458e+06,1.48511e+07,0,0,0,0
62.1179,85.1408,1.0681,0.03,0.04,3.34439,3.34439,0,0.626687,4.6872,4.4108e+06,3.01846e+06,1.47515e+07,0,0,0,0,61.3141,61.3098,2.03001,0,1,1.62028,1.62028,0,1.25172,1.90512,9.16655e+06,4.03458e+06,1.48524e+07,0,0,0,0
59.809,85.1408,0.863473,0.03,0.04,3.34467,3.34467,0,0.626739,4.6872,4.4108e+06,3.01846e+06,1.47527e+07,0,0,0,0,60.9336,61.3098,1.46423,0,1,1.62041,1.62041,0,1.25183,1.90512,9.16655e+06,4.03458e+06,1.48536e+07,0,0,0,0
57.7145,85.1408,1.03992,0.04,0.04,3.34494,3.34494,0,0.626791,4.6872,4.4108e+06,3.01846e+06,1.47539e+07,0,0,0,0,60.9084,61.3098,2.54761,0,1,1.62055,1.62055,0,1.25193,1.90512,9.16655e+06,4.03458e+06,1.48548e+07,0,0,0,0
55.6174,85.1408,0.907342,0.06,0.04,3.24315,3.24315,0,0.626842,4.6872,4.4108e+06,3.01846e+06,1.43049e+07,0,0,0,0,61.3704,61.3098,3.38091,0,1,1.5427,1.5427,0,1.25203,1.90512,9.16655e+06,4.03458e+06,1.41412e+07,0,0,0,0
53.5167,85.1408,0.871249,0.06,0.04,3.24342,3.24342,0,0.607767,4.6872,4.4108e+06,3.01846e+06,1.43061e+07,0,0,0,0,61.3158,61.3098,2.15601,0,1,1.54283,1.54283,0,1.19189,1.90512,9.16655e+06,4.03458e+06,1.41424e+07,0,0,0,0
51.3066,85.1408,0.726473,0.06,0.04,3.24369,3.24369,0,0.607817,4.6872,4.4108e+06,3.01846e+06,1.43073e+07,0,0,0,0,61.2061,61.3098,1.91051,0,1,1.54295,1.54295,0,1.19199,1.90512,9.16655e+06,4.03458e+06,1.41436e+07,0,0,0,0
49.6312,85.1408,1.34464,0.05,0.04,3.24395,3.24395,0,0.607867,4.6872,4.4108e+06,3.01846e+06,1.43084e+07,0,0,0,0,61.5642,61.3098,2.60328,0,1,1.54308,1.54308,0,1.19209,1.90512,9.16655e+06,4.03458e+06,1.41447e+07,0,0,0,0
49.0435,85.1408,2.42842,0.08,0.04,3.16041,3.16041,0,0.607917,4.6872,4.4108e+06,3.01846e+06,1.394e+07,0,0,0,0,61.9552,61.3098,3.38343,0,1,1.47221,1.47221,0,1.19218,1.90512,9.16655e+06,4.03458e+06,1.3495e+07,0,0,0,0
47.4016,85.1408,1.23493,0.07,0.04,3.09853,3.16067,0,0.592261,4.6872,4.4108e+06,3.01846e+06,1.3667e+07,0,0,0,0,61.1184,61.3098,1.39197,0,1,1.53447,1.47233,0,1.13743,1.90512,9.16655e+06,4.03458e+06,1.40658e+07,0,0,0,0
45.5719,85.1408,1.02585,0.07,0.04,3.09891,3.16093,0,0.580664,4.6872,4.4108e+06,3.01846e+06,1.36687e+07,0,0,0,0,60.7415,61.3098,1.00176,0,1,1.53447,1.47245,0,1.18553,1.90512,9.16655e+06,4.03458e+06,1.40658e+07,0,0,0,0
44.2328,85.1408,1.5482,0.07,0.04,3.09929,3.16119,0,0.580735,4.6872,4.4108e+06,3.01846e+06,1.36704e+07,0,0,0,0,60.8935,61.3098,2.72152,0,1,1.53447,1.47257,0,1.18553,1.90512,9.16655e+06,4.03458e+06,1.40658e+07,0,0,0,0
45.1531,85.1408,3.77136,0.08,0.04,2.86158,2.92336,0,0.580807,4.6872,4.4108e+06,3.01846e+06,1.26219e+07,0,0,0,0,62.3075,61.3098,4.88135,0,1,1.38655,1.32476,0,1.18553,1.90512,9.16655e+06,4.03458e+06,1.27098e+07,0,0,0,0
46.6727,85.1408,4.30445,0.08,0.04,2.71401,2.9236,0,0.536259,4.6872,4.4108e+06,3.01846e+06,1.1971e+07,0,0,0,0,62.338,61.3098,3.41431,0,1,1.53446,1.32487,0,1.07125,1.90512,9.16655e+06,4.03458e+06,1.40657e+07,0,0,0,0
46.4885,85.1408,2.49016,0.09,0.04,2.71436,2.92384,0,0.508606,4.6872,4.4108e+06,3.01846e+06,1.19725e+07,0,0,0,0,61.8921,61.3098,2.01709,0,1,1.53446,1.32498,0,1.18552,1.90512,9.16655e+06,4.03458e+06,1.40657e+07,0,0,0,0
46.1191,85.1408,2.27017,0.09,0.04,2.71471,2.92408,0,0.508671,4.6872,4.4108e+06,3.01846e+06,1.19741e+07,0,0,0,0,61.6132,61.3098,1.52395,0,1,1.53446,1.32509,0,1.18552,1.90512,9.16655e+06,4.03458e+06,1.40657e+07,0,0,0,0
46.5378,85.1408,3.16171,0.1,0.04,2.71506,2.92432,0,0.508737,4.6872,4.4108e+06,3.01846e+06,1.19756e+07,0,0,0,0,61.64,61.3098,2.4478,0,1,1.53446,1.3252,0,1.18552,1.90512,9.16655e+06,4.03458e+06,1.40657e+07,0,0,0,0
49.9914,85.1408,6.36166,0.11,0.04,2.71517,2.92432,0,0.508802,4.6872,4.4108e+06,3.01846e+06,1.19761e+07,0,0,0,0,61.9909,61.3098,2.76495,0,1,1.53435,1.3252,0,1.18552,1.90512,9.16655e+06,4.03458e+06,1.40647e+07,0,0,0,0
53.4674,85.1408,6.48998,0.11,0.04,2.80702,3.01618,0,0.508823,4.6872,4.4108e+06,3.01846e+06,1.23812e+07,0,0,0,0,62.338,61.3098,3.18259,0,1,1.57731,1.36816,0,1.18544,1.90512,9.16655e+06,4.03458e+06,1.44585e+07,0,0,0,0
57.1184,85.1408,6.77204,0.08,0.04,2.85021,3.0164,0,0.526036,4.6872,4.4108e+06,3.01846e+06,1.25717e+07,0,0,0,0,62.338,61.3098,3.07037,0,1,1.53446,1.36826,0,1.21863,1.90512,9.16655e+06,4.03458e+06,1.40657e+07,0,0,0,0
60.502,85.1408,6.54379,0.08,0.04,2.85054,3.01663,0,0.53413,4.6872,4.4108e+06,3.01846e+06,1.25732e+07,0,0,0,0,62.338,61.3098,3.24602,0,1,1.53446,1.36837,0,1.18552,1.90512,9.16655e+06,4.03458e+06,1.40657e+07,0,0,0,0
63.6556,85.1408,6.45198,0.04,0.04,3.01686,3.01686,0,0.534192,4.6872,4.4108e+06,3.01846e+06,1.33068e+07,0,0,0,0,62.338,61.3098,3.45581,0,1,1.36847,1.36847,0,1.18552,1.90512,9.16655e+06,4.03458e+06,1.25442e+07,0,0,0,0
66.4672,85.1408,6.33594,0.04,0.04,3.31137,3.31137,0,0.56536,4.6872,4.4108e+06,3.01846e+06,1.46058e+07,0,0,0,0,62.338,61.3098,3.77037,0,1,1.52949,1.52949,0,1.05728,1.90512,9.16655e+06,4.03458e+06,1.40201e+07,0,0,0,0
67.5491,85.1408,4.56492,0.04,0.04,3.31163,3.31163,0,0.620552,4.6872,4.4108e+06,3.01846e+06,1.46069e+07,0,0,0,0,62.338,61.3098,2.36705,0,1,1.52961,1.52961,0,1.18168,1.90512,9.16655e+06,4.03458e+06,1.40212e+07,0,0,0,0
68.464,85.1408,4.43042,0.04,0.04,3.31188,3.31188,0,0.620599,4.6872,4.4108e+06,3.01846e+06,1.4608e+07,0,0,0,0,62.3071,61.3098,2.85516,0,1,1.52972,1.52972,0,1.18177,1.90512,9.16655e+06,4.03458e+06,1.40223e+07,0,0,0,0
69.9746,85.1408,5.07561,0.01,0.04,3.31213,3.31213,0,0.620646,4.6872,4.4108e+06,3.01846e+06,1.46092e+07,0,0,0,0,62.338,61.3098,3.02754,0,1,1.52984,1.52984,0,1.18186,1.90512,9.16655e+06,4.03458e+06,1.40233e+07,0,0,0,0
72.9017,85.1408,6.25449,0.01,0.04,2.89252,2.89252,0,0.620693,4.6872,4.4108e+06,3.01846e+06,1.27583e+07,0,0,0,0,62.338,61.3098,4.78291,0,1,1.31394,1.31394,0,1.18195,1.90512,9.16655e+06,4.03458e+06,1.20443e+07,0,0,0,0
76.2239,85.1408,6.69861,0.01,0.04,2.89274,2.89274,0,0.542058,4.6872,4.4108e+06,3.01846e+06,1.27593e+07,0,0,0,0,62.338,61.3098,4.43312,0,1,1.31404,1.31404,0,1.01515,1.90512,9.16655e+06,4.03458e+06,1.20452e+07,0,0,0,0
78.8023,85.1408,5.9427,0.01,0.04,2.89296,2.89296,0,0.542099,4.6872,4.4108e+06,3.01846e+06,1.27603e+07,0,0,0,0,62.338,61.3098,4.23281,0,1,1.31414,1.31414,0,1.01523,1.90512,9.16655e+06,4.03458e+06,1.20461e+07,0,0,0,0
82.5256,85.1408,7.18049,0,0.04,2.89318,2.89318,0,0.54214,4.6872,4.4108e+06,3.01846e+06,1.27612e+07,0,0,0,0,62.338,61.3098,3.95439,0,1,1.31424,1.31424,0,1.0153,1.90512,9.16655e+06,4.03458e+06,1.2047e+07,0,0,0,0
84.9594,85.1408,5.79788,0,0.04,2.8934,2.8934,0,0.542181,4.6872,4.4108e+06,3.01846e+06,1.27622e+07,0,0,0,0,62.338,61.3098,3.5626,0,1,1.31434,1.31434,0,1.01538,1.90512,9.16655e+06,4.03458e+06,1.2048e+07,0,0,0,0
85.1408,85.1408,5.98363,0,0.04,2.99934,2.99934,0,0.542223,4.6872,4.4108e+06,3.01846e+06,1.32295e+07,0,0,0,0,62.338,61.3098,3.3775,0,1,1.36731,1.36731,0,1.01546,1.90512,9.16655e+06,4.03458e+06,1.25335e+07,0,0,0,0
85.1408,85.1408,6.08911,0,0.04,2.99957,2.99957,0,0.562077,4.6872,4.4108e+06,3.01846e+06,1.32305e+07,0,0,0,0,62.338,61.3098,4.51633,0,1,1.36741,1.36741,0,1.05638,1.90512,9.16655e+06,4.03458e+06,1.25344e+07,0,0,0,0
85.1408,85.1408,5.27615,0,0.04,2.9998,2.9998,0,0.56212,4.6872,4.4108e+06,3.01846e+06,1.32315e+07,0,0,0,0,62.338,61.3098,3.59776,0,1,1.36751,1.36751,0,1.05646,1.90512,9.16655e+06,4.03458e+06,1.25354e+07,0,0,0,0
85.1408,85.1408,4.59361,0,0.04,3.00003,3.00003,0,0.562163,4.6872,4.4108e+06,3.01846e+06,1.32325e+07,0,0,0,0,62.1453,61.3098,2.91001,0,1,1.36762,1.36762,0,1.05654,1.90512,9.16655e+06,4.03458e+06,1.25363e+07,0,0,0,0
85.1408,85.1408,3.62028,0,0.04,2.95891,2.95891,0,0.562206,4.6872,4.4108e+06,3.01846e+06,1.30512e+07,0,0,0,0,62.0418,61.3098,2.1626,0,1,1.34718,1.34718,0,1.05662,1.90512,9.16655e+06,4.03458e+06,1.2349e+07,0,0,0,0
85.0559,85.1408,3.20374,0,0.04,2.95913,2.95913,0,0.554499,4.6872,4.4108e+06,3.01846e+06,1.30521e+07,0,0,0,0,61.9551,61.3098,1.95154,0,1,1.34729,1.34729,0,1.04083,1.90512,9.16655e+06,4.03458e+06,1.235e+07,0,0,0,0
84.8169,85.1408,2.966,0,0.04,2.95936,2.95936,0,0.554541,4.6872,4.4108e+06,3.01846e+06,1.30531e+07,0,0,0,0,61.9396,61.3098,1.79578,0,1,1.34739,1.34739,0,1.04091,1.90512,9.16655e+06,4.03458e+06,1.23509e+07,0,0,0,0
84.5147,85.1408,2.89716,0,0.04,2.95958,2.95958,0,0.554584,4.6872,4.4108e+06,3.01846e+06,1.30541e+07,0,0,0,0,61.683,61.3098,2.03786,0,1,1.34749,1.34749,0,1.04099,1.90512,9.16655e+06,4.03458e+06,1.23518e+07,0,0,0,0
83.8224,85.1408,2.5894,0,0.04,3.10021,3.10021,0,0.554626,4.6872,4.4108e+06,3.01846e+06,1.36744e+07,0,0,0,0,61.1238,61.3098,1.48893,0,1,1.42045,1.42045,0,1.04107,1.90512,9.16655e+06,4.03458e+06,1.30206e+07,0,0,0,0
83.0359,85.1408,2.47584,0,0.04,3.10045,3.10045,0,0.58098,4.6872,4.4108e+06,3.01846e+06,1.36755e+07,0,0,0,0,60.6452,61.3098,1.50774,0,1,1.42056,1.42056,0,1.09744,1.90512,9.16655e+06,4.03458e+06,1.30216e+07,0,0,0,0
82.1493,85.1408,2.36342,0,0.04,3.10068,3.10068,0,0.581024,4.6872,4.4108e+06,3.01846e+06,1.36765e+07,0,0,0,0,60.1178,61.3098,1.46548,0,1,1.42067,1.42067,0,1.09752,1.90512,9.16655e+06,4.03458e+06,1.30226e+07,0,0,0,0
81.1219,85.1408,2.20941,0,0.04,3.10092,3.10092,0,0.581068,4.6872,4.4108e+06,3.01846e+06,1.36775e+07,0,0,0,0,59.5363,61.3098,1.3792,0,1,1.42078,1.42078,0,1.09761,1.90512,9.16655e+06,4.03458e+06,1.30236e+07,0,0,0,0
80.0695,85.1408,2.13849,0,0.04,3.10116,3.10116,0,0.581112,4.6872,4.4108e+06,3.01846e+06,1.36786e+07,0,0,0,0,58.8813,61.3098,1.33317,0,1,1.42088,1.42088,0,1.09769,1.90512,9.16655e+06,4.03458e+06,1.30246e+07,0,0,0,0
78.8628,85.1408,1.96493,0,0.04,3.07362,3.07362,0,0.581157,4.6872,4.4108e+06,3.01846e+06,1.35571e+07,0,0,0,0,58.1196,61.3098,1.30061,0,1,1.46105,1.46105,0,1.09778,1.90512,9.16655e+06,4.03458e+06,1.33928e+07,0,0,0,0
77.4808,85.1408,1.77349,0,0.04,3.07385,3.07385,0,0.575996,4.6872,4.4108e+06,3.01846e+06,1.35581e+07,0,0,0,0,57.3196,61.3098,1.16028,0,1,1.46116,1.46116,0,1.12881,1.90512,9.16655e+06,4.03458e+06,1.33938e+07,0,0,0,0
76.0577,85.1408,1.69075,0,0.04,3.07408,3.07408,0,0.576039,4.6872,4.4108e+06,3.01846e+06,1.35592e+07,0,0,0,0,56.3752,61.3098,1.12874,0,1,1.46127,1.46127,0,1.12889,1.90512,9.16655e+06,4.03458e+06,1.33948e+07,0,0,0,0
74.4335,85.1408,1.46135,0.01,0.04,3.07432,3.07432,0,0.576083,4.6872,4.4108e+06,3.01846e+06,1.35602e+07,0,0,0,0,55.3509,61.3098,1.02303,0,1,1.46139,1.46139,0,1.12898,1.90512,9.16655e+06,4.03458e+06,1.33959e+07,0,0,0,0
72.7922,85.1408,1.50688,0.01,0.04,3.14631,3.14631,0,0.576127,4.6872,4.4108e+06,3.01846e+06,1.38777e+07,0,0,0,0,54.4094,61.3098,1.06307,0,1,1.49721,1.49721,0,1.12907,1.90512,9.16655e+06,4.03458e+06,1.37242e+07,0,0,0,0
71.0661,85.1408,1.39608,0.02,0.04,3.14654,3.14654,0,0.589618,4.6872,4.4108e+06,3.01846e+06,1.38788e+07,0,0,0,0,53.3634,61.3098,1.06188,0,1,1.49732,1.49732,0,1.15674,1.90512,9.16655e+06,4.03458e+06,1.37253e+07,0,0,0,0
69.255,85.1408,1.29318,0.02,0.04,3.14678,3.14678,0,0.589662,4.6872,4.4108e+06,3.01846e+06,1.38798e+07,0,0,0,0,52.3776,61.3098,0.950043,0,1,1.49744,1.49744,0,1.15683,1.90512,9.16655e+06,4.03458e+06,1.37263e+07,0,0,0,0
67.4918,85.1408,1.31711,0.02,0.04,3.14702,3.14702,0,0.589707,4.6872,4.4108e+06,3.01846e+06,1.38809e+07,0,0,0,0,51.3629,61.3098,1.07023,0,1,1.49755,1.49755,0,1.15692,1.90512,9.16655e+06,4.03458e+06,1.37274e+07,0,0,0,0
65.4091,85.1408,1.16261,0.03,0.04,3.35746,3.35746,0,0.589752,4.6872,4.4108e+06,3.01846e+06,1.48091e+07,0,0,0,0,50.1637,61.3098,0.979145,0,1,1.62661,1.62661,0,1.15701,1.90512,9.16655e+06,4.03458e+06,1.49104e+07,0,0,0,0
63.2221,85.1408,1.04135,0.03,0.04,3.35771,3.35771,0,0.629187,4.6872,4.4108e+06,3.01846e+06,1.48102e+07,0,0,0,0,49.018,61.3098,0.898828,0,1,1.62673,1.62673,0,1.25672,1.90512,9.16655e+06,4.03458e+06,1.49115e+07,0,0,0,0
61.262,85.1408,1.24293,0.03,0.04,3.35797,3.35797,0,0.629235,4.6872,4.4108e+06,3.01846e+06,1.48113e+07,0,0,0,0,47.8621,61.3098,0.952697,0,1,1.62686,1.62686,0,1.25681,1.90512,9.16655e+06,4.03458e+06,1.49126e+07,0,0,0,0
59.1813,85.1408,1.09505,0.04,0.04,3.35822,3.35822,0,0.629283,4.6872,4.4108e+06,3.01846e+06,1.48125e+07,0,0,0,0,46.8392,61.3098,0.93322,0,1,1.62698,1.62698,0,1.25691,1.90512,9.16655e+06,4.03458e+06,1.49138e+07,0,0,0,0
57.6674,85.1408,1.65662,0.07,0.04,3.35848,3.35848,0,0.629331,4.6872,4.4108e+06,3.01846e+06,1.48136e+07,0,0,0,0,46.4116,61.3098,1.16617,0,1,1.6271,1.6271,0,1.257,1.90512,9.16655e+06,4.03458e+06,1.49149e+07,0,0,0,0
56.3502,85.1408,1.75249,0.06,0.04,3.25625,3.25625,0,0.629379,4.6872,4.4108e+06,3.01846e+06,1.43627e+07,0,0,0,0,45.9029,61.3098,2.07807,0,1,1.54893,1.54893,0,1.2571,1.90512,9.16655e+06,4.03458e+06,1.41984e+07,0,0,0,0
54.8301,85.1408,1.53351,0.06,0.04,3.2565,3.2565,0,0.610222,4.6872,4.4108e+06,3.01846e+06,1.43638e+07,0,0,0,0,45.0037,61.3098,1.18947,0,1,1.54905,1.54905,0,1.19671,1.90512,9.16655e+06,4.03458e+06,1.41995e+07,0,0,0,0
53.2924,85.1408,1.48687,0.05,0.04,3.25675,3.25675,0,0.610269,4.6872,4.4108e+06,3.01846e+06,1.43649e+07,0,0,0,0,44.4065,61.3098,1.09195,0,1,1.54917,1.54917,0,1.1968,1.90512,9.16655e+06,4.03458e+06,1.42005e+07,0,0,0,0
53.0065,85.1408,2.91701,0.04,0.04,3.257,3.257,0,0.610315,4.6872,4.4108e+06,3.01846e+06,1.4366e+07,0,0,0,0,44.3451,61.3098,1.76044,0,1,1.54929,1.54929,0,1.19689,1.90512,9.16655e+06,4.03458e+06,1.42016e+07,0,0,0,0
52.1106,85.1408,2.17076,0.04,0.04,3.1731,3.1731,0,0.610362,4.6872,4.4108e+06,3.01846e+06,1.39959e+07,0,0,0,0,43.6604,61.3098,1.72785,0,1,1.47812,1.47812,0,1.19698,1.90512,9.16655e+06,4.03458e+06,1.35492e+07,0,0,0,0
51.1262,85.1408,2.05618,0.04,0.04,3.17335,3.17335,0,0.59464,4.6872,4.4108e+06,3.01846e+06,1.3997e+07,0,0,0,0,43.4134,61.3098,1.02184,0,1,1.47823,1.47823,0,1.14199,1.90512,9.16655e+06,4.03458e+06,1.35503e+07,0,0,0,0
52.1942,85.1408,4.15614,0.04,0.04,3.17359,3.17359,0,0.594685,4.6872,4.4108e+06,3.01846e+06,1.39981e+07,0,0,0,0,43.6412,61.3098,2.42292,0,1,1.47834,1.47834,0,1.14208,1.90512,9.16655e+06,4.03458e+06,1.35513e+07,0,0,0,0
57.2054,85.1408,8.27178,0.05,0.04,3.17383,3.17383,0,0.59473,4.6872,4.4108e+06,3.01846e+06,1.39991e+07,0,0,0,0,44.6682,61.3098,5.04268,0,1,1.47846,1.47846,0,1.14217,1.90512,9.16655e+06,4.03458e+06,1.35523e+07,0,0,0,0
59.0645,85.1408,4.89208,0.05,0.04,2.93503,2.93503,0,0.594775,4.6872,4.4108e+06,3.01846e+06,1.29458e+07,0,0,0,0,45.0685,61.3098,3.10113,0,1,1.33005,1.33005,0,1.14225,1.90512,9.16655e+06,4.03458e+06,1.2192e+07,0,0,0,0
60.2634,85.1408,4.10428,0.06,0.04,2.73095,2.93525,0,0.550024,4.6872,4.4108e+06,3.01846e+06,1.20457e+07,0,0,0,0,45.0909,61.3098,2.24329,0,1,1.53445,1.33015,0,1.0276,1.90512,9.16655e+06,4.03458e+06,1.40656e+07,0,0,0,0
64.4691,85.1408,7.54366,0.04,0.04,2.93547,2.93547,0,0.51178,4.6872,4.4108e+06,3.01846e+06,1.29478e+07,0,0,0,0,45.5373,61.3098,3.0063,0,1,1.33025,1.33025,0,1.18552,1.90512,9.16655e+06,4.03458e+06,1.21938e+07,0,0,0,0
67.7,85.1408,6.63118,0.04,0.04,2.9357,2.9357,0,0.550108,4.6872,4.4108e+06,3.01846e+06,1.29488e+07,0,0,0,0,46.5759,61.3098,3.95868,0,1,1.33035,1.33035,0,1.02775,1.90512,9.16655e+06,4.03458e+06,1.21948e+07,0,0,0,0
72.0293,85.1408,7.58248,0.05,0.04,2.93592,2.93592,0,0.55015,4.6872,4.4108e+06,3.01846e+06,1.29498e+07,0,0,0,0,48.0844,61.3098,4.91506,0,1,1.33046,1.33046,0,1.02783,1.90512,9.16655e+06,4.03458e+06,1.21957e+07,0,0,0,0
75.904,85.1408,7.42422,0.02,0.06,3.02812,3.02812,0,0.550191,4.6872,4.4108e+06,3.01846e+06,1.33564e+07,0,0,0,0,49.4279,61.3098,5.94604,0,1,1.37358,1.37358,0,1.02791,1.90512,9.16655e+06,4.03458e+06,1.2591e+07,0,0,0,0
77.905,85.1408,5.70685,0.02,0.06,3.02833,3.02833,0,0.56747,4.6872,4.4108e+06,3.01846e+06,1.33574e+07,0,0,0,0,50.0627,61.3098,3.53819,0,1,1.37367,1.37367,0,1.06122,1.90512,9.16655e+06,4.03458e+06,1.25918e+07,0,0,0,0
79.586,85.1408,5.3185,0,0.06,3.02854,3.02854,0,0.567509,4.6872,4.4108e+06,3.01846e+06,1.33583e+07,0,0,0,0,50.4849,61.3098,3.04163,0,1,1.37377,1.37377,0,1.0613,1.90512,9.16655e+06,4.03458e+06,1.25927e+07,0,0,0,0
81.6917,85.1408,5.73493,0,0.06,3.02876,3.02876,0,0.567549,4.6872,4.4108e+06,3.01846e+06,1.33592e+07,0,0,0,0,51.2331,61.3098,4.62399,0,1,1.37386,1.37386,0,1.06137,1.90512,9.16655e+06,4.03458e+06,1.25936e+07,0,0,0,0
84.1708,85.1408,6.34006,0,0.06,3.32441,3.32441,0,0.567589,4.6872,4.4108e+06,3.01846e+06,1.46633e+07,0,0,0,0,52.484,61.3098,5.22749,0,1,1.53551,1.53551,0,1.06145,1.90512,9.16655e+06,4.03458e+06,1.40753e+07,0,0,0,0
85.1408,85.1408,6.92449,0.01,0.06,3.32464,3.32464,0,0.622994,4.6872,4.4108e+06,3.01846e+06,1.46643e+07,0,0,0,0,53.7106,61.3098,5.24493,0,1,1.53562,1.53562,0,1.18633,1.90512,9.16655e+06,4.03458e+06,1.40763e+07,0,0,0,0
85.1408,85.1408,8.18862,0,0.06,3.32487,3.32487,0,0.623037,4.6872,4.4108e+06,3.01846e+06,1.46654e+07,0,0,0,0,55.0377,61.3098,5.44918,0,1,1.53572,1.53572,0,1.18642,1.90512,9.16655e+06,4.03458e+06,1.40773e+07,0,0,0,0
85.1408,85.1408,6.58665,0,0.06,3.3251,3.3251,0,0.623081,4.6872,4.4108e+06,3.01846e+06,1.46664e+07,0,0,0,0,56.0044,61.3098,4.56791,0,1,1.53583,1.53583,0,1.1865,1.90512,9.16655e+06,4.03458e+06,1.40783e+07,0,0,0,0
85.1408,85.1408,4.24717,0,0.06,2.90383,2.90383,0,0.623124,4.6872,4.4108e+06,3.01846e+06,1.28082e+07,0,0,0,0,56.4926,61.3098,3.08884,0,1,1.31908,1.31908,0,1.18658,1.90512,9.16655e+06,4.03458e+06,1.20914e+07,0,0,0,0
85.1408,85.1408,7.45344,0,0.06,2.90403,2.90403,0,0.544178,4.6872,4.4108e+06,3.01846e+06,1.28091e+07,0,0,0,0,58.6117,61.3098,7.45916,0,1,1.31917,1.31917,0,1.01912,1.90512,9.16655e+06,4.03458e+06,1.20922e+07,0,0,0,0
85.1408,85.1408,5.04253,0,0.06,2.90424,2.90424,0,0.544216,4.6872,4.4108e+06,3.01846e+06,1.281e+07,0,0,0,0,59.5306,61.3098,3.87091,0,1,1.31926,1.31926,0,1.01919,1.90512,9.16655e+06,4.03458e+06,1.20931e+07,0,0,0,0
85.1408,85.1408,3.70922,0,0.06,2.90444,2.90444,0,0.544254,4.6872,4.4108e+06,3.01846e+06,1.28109e+07,0,0,0,0,60.0054,61.3098,2.89879,0,1,1.31936,1.31936,0,1.01926,1.90512,9.16655e+06,4.03458e+06,1.20939e+07,0,0,0,0
85.1408,85.1408,4.1595,0,0.06,2.90464,2.90464,0,0.544292,4.6872,4.4108e+06,3.01846e+06,1.28118e+07,0,0,0,0,60.8114,61.3098,3.54673,0,1,1.31945,1.31945,0,1.01933,1.90512,9.16655e+06,4.03458e+06,1.20948e+07,0,0,0,0
85.1408,85.1408,5.0098,0,0.06,3.01098,3.01098,0,0.54433,4.6872,4.4108e+06,3.01846e+06,1.32809e+07,0,0,0,0,61.822,61.3098,3.95868,0,1,1.37261,1.37261,0,1.01941,1.90512,9.16655e+06,4.03458e+06,1.25821e+07,0,0,0,0
85.1408,85.1408,6.89621,0,0.06,3.01119,3.01119,0,0.564258,4.6872,4.4108e+06,3.01846e+06,1.32818e+07,0,0,0,0,62.338,61.3098,5.9539,0,1,1.37271,1.37271,0,1.06048,1.90512,9.16655e+06,4.03458e+06,1.2583e+07,0,0,0,0
85.1408,85.1408,6.94375,0,0.06,3.0114,3.0114,0,0.564298,4.6872,4.4108e+06,3.01846e+06,1.32827e+07,0,0,0,0,62.338,61.3098,6.88196,0,1,1.3728,1.3728,0,1.06055,1.90512,9.16655e+06,4.03458e+06,1.25839e+07,0,0,0,0
85.1408,85.1408,5.01142,0,0.06,3.01162,3.01162,0,0.564337,4.6872,4.4108e+06,3.01846e+06,1.32836e+07,0,0,0,0,62.338,61.3098,4.87021,0,1,1.3729,1.3729,0,1.06063,1.90512,9.16655e+06,4.03458e+06,1.25847e+07,0,0,0,0
85.1408,85.1408,3.69419,0,0.06,2.97032,2.97032,0,0.564377,4.6872,4.4108e+06,3.01846e+06,1.31015e+07,0,0,0,0,62.338,61.3098,4.19159,0,1,1.35238,1.35238,0,1.0607,1.90512,9.16655e+06,4.03458e+06,1.23966e+07,0,0,0,0
84.8289,85.1408,3.06946,0,0.06,2.97052,2.97052,0,0.556637,4.6872,4.4108e+06,3.01846e+06,1.31024e+07,0,0,0,0,62.338,61.3098,3.83337,0,1,1.35247,1.35247,0,1.04485,1.90512,9.16655e+06,4.03458e+06,1.23975e+07,0,0,0,0
84.2414,85.1408,2.78536,0,0.06,2.97073,2.97073,0,0.556676,4.6872,4.4108e+06,3.01846e+06,1.31033e+07,0,0,0,0,62.338,61.3098,3.02527,0,1,1.35257,1.35257,0,1.04492,1.90512,9.16655e+06,4.03458e+06,1.23984e+07,0,0,0,0
84.2946,85.1408,3.41979,0,0.06,2.97094,2.97094,0,0.556715,4.6872,4.4108e+06,3.01846e+06,1.31042e+07,0,0,0,0,62.338,61.3098,3.42078,0,1,1.35266,1.35266,0,1.04499,1.90512,9.16655e+06,4.03458e+06,1.23992e+07,0,0,0,0
83.5686,85.1408,2.70123,0,0.06,3.11209,3.11209,0,0.556754,4.6872,4.4108e+06,3.01846e+06,1.37268e+07,0,0,0,0,62.338,61.3098,3.21523,0,1,1.42589,1.42589,0,1.04507,1.90512,9.16655e+06,4.03458e+06,1.30705e+07,0,0,0,0
82.9048,85.1408,2.71626,0,0.06,3.11231,3.11231,0,0.583206,4.6872,4.4108e+06,3.01846e+06,1.37278e+07,0,0,0,0,62.338,61.3098,3.75473,0,1,1.42599,1.42599,0,1.10165,1.90512,9.16655e+06,4.03458e+06,1.30714e+07,0,0,0,0
82.0152,85.1408,2.42451,0,0.06,3.11253,3.11253,0,0.583246,4.6872,4.4108e+06,3.01846e+06,1.37287e+07,0,0,0,0,62.338,61.3098,3.15289,0,1,1.42609,1.42609,0,1.10172,1.90512,9.16655e+06,4.03458e+06,1.30724e+07,0,0,0,0
80.9847,85.1408,2.26285,0,0.06,3.11274,3.11274,0,0.583287,4.6872,4.4108e+06,3.01846e+06,1.37297e+07,0,0,0,0,62.338,61.3098,2.66211,0,1,1.42619,1.42619,0,1.1018,1.90512,9.16655e+06,4.03458e+06,1.30733e+07,0,0,0,0
80.7082,85.1408,3.06574,0,0.06,3.11296,3.11296,0,0.583328,4.6872,4.4108e+06,3.01846e+06,1.37307e+07,0,0,0,0,62.338,61.3098,3.07913,0,1,1.42629,1.42629,0,1.10188,1.90512,9.16655e+06,4.03458e+06,1.30742e+07,0,0,0,0
80.901,85.1408,3.48957,0,0.06,3.0853,3.0853,0,0.583369,4.6872,4.4108e+06,3.01846e+06,1.36086e+07,0,0,0,0,62.338,61.3098,3.39264,0,1,1.4666,1.4666,0,1.10195,1.90512,9.16655e+06,4.03458e+06,1.34437e+07,0,0,0,0
80.8558,85.1408,3.23391,0,0.06,3.08551,3.08551,0,0.578185,4.6872,4.4108e+06,3.01846e+06,1.36096e+07,0,0,0,0,62.338,61.3098,3.36436,0,1,1.46671,1.46671,0,1.1331,1.90512,9.16655e+06,4.03458e+06,1.34446e+07,0,0,0,0
80.6149,85.1408,3.02357,0,0.06,3.08573,3.08573,0,0.578225,4.6872,4.4108e+06,3.01846e+06,1.36105e+07,0,0,0,0,62.338,61.3098,3.45677,0,1,1.46681,1.46681,0,1.13318,1.90512,9.16655e+06,4.03458e+06,1.34456e+07,0,0,0,0
80.2972,85.1408,2.94505,0.01,0.06,3.08594,3.08594,0,0.578266,4.6872,4.4108e+06,3.01846e+06,1.36115e+07,0,0,0,0,62.338,61.3098,3.24609,0,1,1.46691,1.46691,0,1.13326,1.90512,9.16655e+06,4.03458e+06,1.34465e+07,0,0,0,0
79.6112,85.1408,2.59254,0.01,0.06,3.15819,3.15819,0,0.578306,4.6872,4.4108e+06,3.01846e+06,1.39301e+07,0,0,0,0,62.338,61.3098,2.87638,0,1,1.50286,1.50286,0,1.13334,1.90512,9.16655e+06,4.03458e+06,1.37761e+07,0,0,0,0
78.7743,85.1408,2.42046,0.01,0.06,3.15841,3.15841,0,0.591844,4.6872,4.4108e+06,3.01846e+06,1.39311e+07,0,0,0,0,62.338,61.3098,2.72566,0,1,1.50297,1.50297,0,1.16111,1.90512,9.16655e+06,4.03458e+06,1.3777e+07,0,0,0,0
77.7573,85.1408,2.22149,0.01,0.06,3.15863,3.15863,0,0.591885,4.6872,4.4108e+06,3.01846e+06,1.39321e+07,0,0,0,0,62.337,61.3098,2.55892,0,1,1.50307,1.50307,0,1.16119,1.90512,9.16655e+06,4.03458e+06,1.3778e+07,0,0,0,0
77.1814,85.1408,2.64747,0.01,0.06,3.15885,3.15885,0,0.591927,4.6872,4.4108e+06,3.01846e+06,1.39331e+07,0,0,0,0,62.338,61.3098,3.35863,0,1,1.50318,1.50318,0,1.16127,1.90512,9.16655e+06,4.03458e+06,1.3779e+07,0,0,0,0
76.4994,85.1408,2.72948,0.01,0.06,3.37005,3.37005,0,0.591968,4.6872,4.4108e+06,3.01846e+06,1.48646e+07,0,0,0,0,62.2428,61.3098,2.89107,0,1,1.63271,1.63271,0,1.16136,1.90512,9.16655e+06,4.03458e+06,1.49663e+07,0,0,0,0
76.2402,85.1408,3.172,0.02,0.06,3.37029,3.37029,0,0.631548,4.6872,4.4108e+06,3.01846e+06,1.48657e+07,0,0,0,0,62.2678,61.3098,3.404,0,1,1.63282,1.63282,0,1.26143,1.90512,9.16655e+06,4.03458e+06,1.49674e+07,0,0,0,0
75.3897,85.1408,2.60875,0.02,0.06,3.37052,3.37052,0,0.631592,4.6872,4.4108e+06,3.01846e+06,1.48667e+07,0,0,0,0,62.0877,61.3098,2.7154,0,1,1.63294,1.63294,0,1.26152,1.90512,9.16655e+06,4.03458e+06,1.49684e+07,0,0,0,0
74.9899,85.1408,3.02422,0.03,0.06,3.37076,3.37076,0,0.631636,4.6872,4.4108e+06,3.01846e+06,1.48678e+07,0,0,0,0,62.305,61.3098,4.10147,0,1,1.63305,1.63305,0,1.26161,1.90512,9.16655e+06,4.03458e+06,1.49695e+07,0,0,0,0
74.3102,85.1408,2.70078,0.03,0.06,3.37099,3.37099,0,0.63168,4.6872,4.4108e+06,3.01846e+06,1.48688e+07,0,0,0,0,62.1024,61.3098,3.08599,0,1,1.63317,1.63317,0,1.2617,1.90512,9.16655e+06,4.03458e+06,1.49705e+07,0,0,0,0
73.599,85.1408,2.61668,0.03,0.06,3.26837,3.26837,0,0.631724,4.6872,4.4108e+06,3.01846e+06,1.44161e+07,0,0,0,0,61.9923,61.3098,3.10665,0,1,1.5547,1.5547,0,1.26178,1.90512,9.16655e+06,4.03458e+06,1.42512e+07,0,0,0,0
73.2325,85.1408,2.99019,0.03,0.06,3.2686,3.2686,0,0.612493,4.6872,4.4108e+06,3.01846e+06,1.44171e+07,0,0,0,0,62.1445,61.3098,3.93165,0,1,1.55481,1.55481,0,1.20116,1.90512,9.16655e+06,4.03458e+06,1.42522e+07,0,0,0,0
72.7469,85.1408,2.90521,0.03,0.06,3.26883,3.26883,0,0.612536,4.6872,4.4108e+06,3.01846e+06,1.44182e+07,0,0,0,0,62.2781,61.3098,3.83223,0,1,1.55491,1.55491,0,1.20124,1.90512,9.16655e+06,4.03458e+06,1.42532e+07,0,0,0,0
72.6691,85.1408,3.49512,0.03,0.06,3.26906,3.26906,0,0.612578,4.6872,4.4108e+06,3.01846e+06,1.44192e+07,0,0,0,0,62.338,61.3098,4.91222,0,1,1.55502,1.55502,0,1.20133,1.90512,9.16655e+06,4.03458e+06,1.42542e+07,0,0,0,0
70.6992,85.1408,1.36685,0.02,0.06,3.18483,3.18483,0,0.612621,4.6872,4.4108e+06,3.01846e+06,1.40477e+07,0,0,0,0,62.338,61.3098,2.99751,0,1,1.48358,1.48358,0,1.20141,1.90512,9.16655e+06,4.03458e+06,1.35993e+07,0,0,0,0
70.0336,85.1408,2.6153,0.02,0.06,3.18506,3.18506,0,0.596838,4.6872,4.4108e+06,3.01846e+06,1.40487e+07,0,0,0,0,62.338,61.3098,3.9528,0,1,1.48368,1.48368,0,1.14621,1.90512,9.16655e+06,4.03458e+06,1.36003e+07,0,0,0,0
74.2748,85.1408,7.72738,0.02,0.06,3.18528,3.18528,0,0.596879,4.6872,4.4108e+06,3.01846e+06,1.40496e+07,0,0,0,0,62.338,61.3098,6.45694,0,1,1.48379,1.48379,0,1.14629,1.90512,9.16655e+06,4.03458e+06,1.36012e+07,0,0,0,0
74.826,85.1408,3.98291,0.02,0.06,3.1855,3.1855,0,0.596921,4.6872,4.4108e+06,3.01846e+06,1.40506e+07,0,0,0,0,62.338,61.3098,4.64656,0,1,1.48389,1.48389,0,1.14638,1.90512,9.16655e+06,4.03458e+06,1.36022e+07,0,0,0,0
76.381,85.1408,4.85914,0.02,0.06,2.9458,2.9458,0,0.596963,4.6872,4.4108e+06,3.01846e+06,1.29934e+07,0,0,0,0,62.338,61.3098,5.72723,0,1,1.33493,1.33493,0,1.14646,1.90512,9.16655e+06,4.03458e+06,1.22367e+07,0,0,0,0
79.3937,85.1408,6.52131,0.01,0.06,2.94601,2.94601,0,0.552043,4.6872,4.4108e+06,3.01846e+06,1.29943e+07,0,0,0,0,62.338,61.3098,8.01338,0,1,1.33503,1.33503,0,1.03137,1.90512,9.16655e+06,4.03458e+06,1.22376e+07,0,0,0,0
83.1748,85.1408,7.42817,0,0.06,2.94622,2.94622,0,0.552082,4.6872,4.4108e+06,3.01846e+06,1.29952e+07,0,0,0,0,62.338,61.3098,9.01383,0,1,1.33512,1.33512,0,1.03144,1.90512,9.16655e+06,4.03458e+06,1.22384e+07,0,0,0,0
85.1408,85.1408,8.30937,0,0.06,2.94642,2.94642,0,0.552121,4.6872,4.4108e+06,3.01846e+06,1.29961e+07,0,0,0,0,62.338,61.3098,9.84182,0,1,1.33521,1.33521,0,1.03151,1.90512,9.16655e+06,4.03458e+06,1.22393e+07,0,0,0,0
85.1408,85.1408,7.00522,0,0.06,2.94663,2.94663,0,0.552159,4.6872,4.4108e+06,3.01846e+06,1.2997e+07,0,0,0,0,62.338,61.3098,7.38741,0,1,1.33531,1.33531,0,1.03159,1.90512,9.16655e+06,4.03458e+06,1.22402e+07,0,0,0,0
85.1408,85.1408,4.70103,0,0.06,3.03914,3.03914,0,0.552198,4.6872,4.4108e+06,3.01846e+06,1.34051e+07,0,0,0,0,62.338,61.3098,5.4173,0,1,1.37858,1.37858,0,1.03166,1.90512,9.16655e+06,4.03458e+06,1.26368e+07,0,0,0,0
85.1408,85.1408,4.06387,0,0.06,3.03934,3.03934,0,0.569536,4.6872,4.4108e+06,3.01846e+06,1.34059e+07,0,0,0,0,62.338,61.3098,4.21058,0,1,1.37867,1.37867,0,1.06509,1.90512,9.16655e+06,4.03458e+06,1.26376e+07,0,0,0,0
85.1408,85.1408,6.10102,0,0.06,3.03953,3.03953,0,0.569572,4.6872,4.4108e+06,3.01846e+06,1.34068e+07,0,0,0,0,62.338,61.3098,10.2917,0,1,1.37875,1.37875,0,1.06516,1.90512,9.16655e+06,4.03458e+06,1.26384e+07,0,0,0,0
85.1408,85.1408,6.81246,0,0.06,3.03973,3.03973,0,0.569609,4.6872,4.4108e+06,3.01846e+06,1.34076e+07,0,0,0,0,62.338,61.3098,9.59186,0,1,1.37884,1.37884,0,1.06523,1.90512,9.16655e+06,4.03458e+06,1.26392e+07,0,0,0,0
85.1408,85.1408,5.80721,0,0.06,3.33643,3.33643,0,0.569645,4.6872,4.4108e+06,3.01846e+06,1.47163e+07,0,0,0,0,62.338,61.3098,7.93368,0,1,1.54106,1.54106,0,1.06529,1.90512,9.16655e+06,4.03458e+06,1.41262e+07,0,0,0,0
85.1408,85.1408,6.25935,0,0.06,3.33664,3.33664,0,0.625247,4.6872,4.4108e+06,3.01846e+06,1.47173e+07,0,0,0,0,62.338,61.3098,8.20334,0,1,1.54116,1.54116,0,1.19063,1.90512,9.16655e+06,4.03458e+06,1.41271e+07,0,0,0,0
85.1408,85.1408,5.07222,0,0.06,3.33686,3.33686,0,0.625287,4.6872,4.4108e+06,3.01846e+06,1.47182e+07,0,0,0,0,62.338,61.3098,8.04414,0,1,1.54126,1.54126,0,1.1907,1.90512,9.16655e+06,4.03458e+06,1.4128e+07,0,0,0,0
85.1408,85.1408,5.17276,0,0.06,3.33707,3.33707,0,0.625327,4.6872,4.4108e+06,3.01846e+06,1.47192e+07,0,0,0,0,62.338,61.3098,7.43673,0,1,1.54136,1.54136,0,1.19078,1.90512,9.16655e+06,4.03458e+06,1.41289e+07,0,0,0,0
84.9308,85.1408,3.24215,0,0.06,2.91426,2.91426,0,0.625367,4.6872,4.4108e+06,3.01846e+06,1.28542e+07,0,0,0,0,62.338,61.3098,3.46283,0,1,1.32382,1.32382,0,1.19085,1.90512,9.16655e+06,4.03458e+06,1.21348e+07,0,0,0,0
85.1408,85.1408,4.69049,0.01,0.06,2.91445,2.91445,0,0.546133,4.6872,4.4108e+06,3.01846e+06,1.28551e+07,0,0,0,0,62.338,61.3098,3.99982,0,1,1.3239,1.3239,0,1.02278,1.90512,9.16655e+06,4.03458e+06,1.21356e+07,0,0,0,0
85.1408,85.1408,4.03337,0,0.06,2.91464,2.91464,0,0.546168,4.6872,4.4108e+06,3.01846e+06,1.28559e+07,0,0,0,0,62.338,61.3098,4.3941,0,1,1.32399,1.32399,0,1.02285,1.90512,9.16655e+06,4.03458e+06,1.21364e+07,0,0,0,0
85.1408,85.1408,5.93105,0,0.06,2.91482,2.91482,0,0.546203,4.6872,4.4108e+06,3.01846e+06,1.28567e+07,0,0,0,0,62.338,61.3098,5.36162,0,1,1.32407,1.32407,0,1.02291,1.90512,9.16655e+06,4.03458e+06,1.21372e+07,0,0,0,0
85.1408,85.1408,5.99905,0,0.06,2.91501,2.91501,0,0.546238,4.6872,4.4108e+06,3.01846e+06,1.28575e+07,0,0,0,0,62.338,61.3098,7.84292,0,1,1.32416,1.32416,0,1.02298,1.90512,9.16655e+06,4.03458e+06,1.21379e+07,0,0,0,0
85.1408,85.1408,8.02798,0,0.06,3.02171,3.02171,0,0.546273,4.6872,4.4108e+06,3.01846e+06,1.33282e+07,0,0,0,0,62.338,61.3098,8.83907,0,1,1.3775,1.3775,0,1.02304,1.90512,9.16655e+06,4.03458e+06,1.26269e+07,0,0,0,0
85.1408,85.1408,6.135,0,0.06,3.0219,3.0219,0,0.566268,4.6872,4.4108e+06,3.01846e+06,1.3329e+07,0,0,0,0,62.338,61.3098,4.98171,0,1,1.37759,1.37759,0,1.06426,1.90512,9.16655e+06,4.03458e+06,1.26277e+07,0,0,0,0
85.1408,85.1408,4.02217,0,0.06,3.0221,3.0221,0,0.566305,4.6872,4.4108e+06,3.01846e+06,1.33299e+07,0,0,0,0,62.338,61.3098,3.84418,0,1,1.37768,1.37768,0,1.06433,1.90512,9.16655e+06,4.03458e+06,1.26285e+07,0,0,0,0
85.1408,85.1408,3.59241,0,0.06,3.02229,3.02229,0,0.566341,4.6872,4.4108e+06,3.01846e+06,1.33307e+07,0,0,0,0,62.338,61.3098,3.86864,0,1,1.37777,1.37777,0,1.06439,1.90512,9.16655e+06,4.03458e+06,1.26294e+07,0,0,0,0
85.1408,85.1408,3.89046,0,0.06,2.98083,2.98083,0,0.566377,4.6872,4.4108e+06,3.01846e+06,1.31478e+07,0,0,0,0,62.338,61.3098,4.45591,0,1,1.35716,1.35716,0,1.06446,1.90512,9.16655e+06,4.03458e+06,1.24405e+07,0,0,0,0
85.1408,85.1408,3.59054,0,0.06,2.98102,2.98102,0,0.558607,4.6872,4.4108e+06,3.01846e+06,1.31487e+07,0,0,0,0,62.338,61.3098,4.18183,0,1,1.35725,1.35725,0,1.04854,1.90512,9.16655e+06,4.03458e+06,1.24413e+07,0,0,0,0
85.1408,85.1408,3.45387,0,0.06,2.98121,2.98121,0,0.558643,4.6872,4.4108e+06,3.01846e+06,1.31495e+07,0,0,0,0,62.338,61.3098,3.85917,0,1,1.35734,1.35734,0,1.04861,1.90512,9.16655e+06,4.03458e+06,1.24421e+07,0,0,0,0
84.7922,85.1408,3.01198,0,0.06,2.9814,2.9814,0,0.558678,4.6872,4.4108e+06,3.01846e+06,1.31504e+07,0,0,0,0,62.338,61.3098,3.9439,0,1,1.35742,1.35742,0,1.04868,1.90512,9.16655e+06,4.03458e+06,1.24429e+07,0,0,0,0
84.5717,85.1408,3.21923,0,0.06,3.12303,3.12303,0,0.558714,4.6872,4.4108e+06,3.01846e+06,1.37751e+07,0,0,0,0,62.338,61.3098,4.45015,0,1,1.4309,1.4309,0,1.04875,1.90512,9.16655e+06,4.03458e+06,1.31165e+07,0,0,0,0
84.1179,85.1408,2.93552,0,0.06,3.12323,3.12323,0,0.585255,4.6872,4.4108e+06,3.01846e+06,1.37759e+07,0,0,0,0,62.338,61.3098,3.56702,0,1,1.431,1.431,0,1.10552,1.90512,9.16655e+06,4.03458e+06,1.31173e+07,0,0,0,0
83.3036,85.1408,2.55826,0,0.06,3.12343,3.12343,0,0.585293,4.6872,4.4108e+06,3.01846e+06,1.37768e+07,0,0,0,0,62.338,61.3098,3.46924,0,1,1.43109,1.43109,0,1.10559,1.90512,9.16655e+06,4.03458e+06,1.31181e+07,0,0,0,0
82.255,85.1408,2.3058,0,0.06,3.12363,3.12363,0,0.58533,4.6872,4.4108e+06,3.01846e+06,1.37777e+07,0,0,0,0,62.338,61.3098,2.95118,0,1,1.43118,1.43118,0,1.10566,1.90512,9.16655e+06,4.03458e+06,1.3119e+07,0,0,0,0
81.4255,85.1408,2.48855,0,0.06,3.12383,3.12383,0,0.585368,4.6872,4.4108e+06,3.01846e+06,1.37786e+07,0,0,0,0,62.338,61.3098,3.17446,0,1,1.43127,1.43127,0,1.10573,1.90512,9.16655e+06,4.03458e+06,1.31198e+07,0,0,0,0
80.9593,85.1408,2.78139,0,0.06,3.09605,3.09605,0,0.585405,4.6872,4.4108e+06,3.01846e+06,1.3656e+07,0,0,0,0,62.338,61.3098,3.28204,0,1,1.47171,1.47171,0,1.1058,1.90512,9.16655e+06,4.03458e+06,1.34905e+07,0,0,0,0
80.3078,85.1408,2.57982,0,0.06,3.09624,3.09624,0,0.580199,4.6872,4.4108e+06,3.01846e+06,1.36569e+07,0,0,0,0,62.338,61.3098,3.31585,0,1,1.47181,1.47181,0,1.13705,1.90512,9.16655e+06,4.03458e+06,1.34914e+07,0,0,0,0
79.4895,85.1408,2.39888,0,0.06,3.09644,3.09644,0,0.580236,4.6872,4.4108e+06,3.01846e+06,1.36578e+07,0,0,0,0,62.338,61.3098,3.33388,0,1,1.4719,1.4719,0,1.13712,1.90512,9.16655e+06,4.03458e+06,1.34923e+07,0,0,0,0
78.6328,85.1408,2.34104,0.01,0.06,3.09664,3.09664,0,0.580273,4.6872,4.4108e+06,3.01846e+06,1.36587e+07,0,0,0,0,62.338,61.3098,3.16426,0,1,1.472,1.472,0,1.13719,1.90512,9.16655e+06,4.03458e+06,1.34931e+07,0,0,0,0
77.6557,85.1408,2.26039,0.01,0.06,3.16911,3.16911,0,0.58031,4.6872,4.4108e+06,3.01846e+06,1.39783e+07,0,0,0,0,62.338,61.3098,2.6872,0,1,1.50806,1.50806,0,1.13726,1.90512,9.16655e+06,4.03458e+06,1.38237e+07,0,0,0,0
76.5747,85.1408,2.13343,0.01,0.06,3.16932,3.16932,0,0.593892,4.6872,4.4108e+06,3.01846e+06,1.39792e+07,0,0,0,0,62.338,61.3098,2.73856,0,1,1.50816,1.50816,0,1.16513,1.90512,9.16655e+06,4.03458e+06,1.38246e+07,0,0,0,0
75.3705,85.1408,1.99632,0.02,0.06,3.16952,3.16952,0,0.59393,4.6872,4.4108e+06,3.01846e+06,1.39801e+07,0,0,0,0,62.338,61.3098,2.51337,0,1,1.50826,1.50826,0,1.1652,1.90512,9.16655e+06,4.03458e+06,1.38255e+07,0,0,0,0
74.1503,85.1408,1.9627,0.02,0.06,3.16972,3.16972,0,0.593968,4.6872,4.4108e+06,3.01846e+06,1.3981e+07,0,0,0,0,62.338,61.3098,2.69524,0,1,1.50835,1.50835,0,1.16528,1.90512,9.16655e+06,4.03458e+06,1.38264e+07,0,0,0,0
73.227,85.1408,2.42039,0.02,0.06,3.38163,3.38163,0,0.594006,4.6872,4.4108e+06,3.01846e+06,1.49157e+07,0,0,0,0,62.338,61.3098,3.11006,0,1,1.63832,1.63832,0,1.16535,1.90512,9.16655e+06,4.03458e+06,1.50177e+07,0,0,0,0
72.049,85.1408,2.18853,0.02,0.06,3.38185,3.38185,0,0.633717,4.6872,4.4108e+06,3.01846e+06,1.49167e+07,0,0,0,0,62.338,61.3098,2.91371,0,1,1.63842,1.63842,0,1.26577,1.90512,9.16655e+06,4.03458e+06,1.50187e+07,0,0,0,0
70.9249,85.1408,2.21249,0.02,0.06,3.38206,3.38206,0,0.633758,4.6872,4.4108e+06,3.01846e+06,1.49176e+07,0,0,0,0,62.338,61.3098,3.16715,0,1,1.63853,1.63853,0,1.26585,1.90512,9.16655e+06,4.03458e+06,1.50197e+07,0,0,0,0
69.8285,85.1408,2.2331,0.03,0.06,3.38228,3.38228,0,0.633798,4.6872,4.4108e+06,3.01846e+06,1.49186e+07,0,0,0,0,62.338,61.3098,3.67571,0,1,1.63863,1.63863,0,1.26593,1.90512,9.16655e+06,4.03458e+06,1.50206e+07,0,0,0,0
68.4136,85.1408,1.86737,0.03,0.06,3.3825,3.3825,0,0.633839,4.6872,4.4108e+06,3.01846e+06,1.49195e+07,0,0,0,0,62.338,61.3098,2.80674,0,1,1.63874,1.63874,0,1.26601,1.90512,9.16655e+06,4.03458e+06,1.50216e+07,0,0,0,0
66.5403,85.1408,1.31046,0.03,0.06,3.2795,3.2795,0,0.63388,4.6872,4.4108e+06,3.01846e+06,1.44652e+07,0,0,0,0,62.338,61.3098,4.16672,0,1,1.55999,1.55999,0,1.26609,1.90512,9.16655e+06,4.03458e+06,1.42997e+07,0,0,0,0
64.5099,85.1408,1.13485,0.04,0.06,3.27971,3.27971,0,0.614579,4.6872,4.4108e+06,3.01846e+06,1.44662e+07,0,0,0,0,62.148,61.3098,2.31672,0,1,1.56009,1.56009,0,1.20525,1.90512,9.16655e+06,4.03458e+06,1.43007e+07,0,0,0,0
62.5292,85.1408,1.17627,0.04,0.06,3.27992,3.27992,0,0.614618,4.6872,4.4108e+06,3.01846e+06,1.44671e+07,0,0,0,0,61.9504,61.3098,2.24169,0,1,1.56019,1.56019,0,1.20533,1.90512,9.16655e+06,4.03458e+06,1.43016e+07,0,0,0,0
62.5381,85.1408,3.42258,0.04,0.06,3.28013,3.28013,0,0.614657,4.6872,4.4108e+06,3.01846e+06,1.4468e+07,0,0,0,0,62.338,61.3098,3.9357,0,1,1.56029,1.56029,0,1.2054,1.90512,9.16655e+06,4.03458e+06,1.43025e+07,0,0,0,0
60.4291,85.1408,1.14056,0.03,0.06,3.1956,3.1956,0,0.614697,4.6872,4.4108e+06,3.01846e+06,1.40952e+07,0,0,0,0,61.9047,61.3098,2.14016,0,1,1.4886,1.4886,0,1.20548,1.90512,9.16655e+06,4.03458e+06,1.36453e+07,0,0,0,0
58.0547,85.1408,0.843871,0.03,0.06,3.19581,3.19581,0,0.598856,4.6872,4.4108e+06,3.01846e+06,1.40961e+07,0,0,0,0,61.6659,61.3098,1.25378,0,1,1.48869,1.48869,0,1.15009,1.90512,9.16655e+06,4.03458e+06,1.36462e+07,0,0,0,0
57.0909,85.1408,2.34633,0.05,0.06,3.19601,3.19601,0,0.598894,4.6872,4.4108e+06,3.01846e+06,1.4097e+07,0,0,0,0,62.338,61.3098,4.32466,0,1,1.48879,1.48879,0,1.15016,1.90512,9.16655e+06,4.03458e+06,1.3647e+07,0,0,0,0
55.6906,85.1408,1.93592,0.05,0.06,3.19622,3.19622,0,0.598932,4.6872,4.4108e+06,3.01846e+06,1.40979e+07,0,0,0,0,62.338,61.3098,3.72184,0,1,1.48888,1.48888,0,1.15024,1.90512,9.16655e+06,4.03458e+06,1.36479e+07,0,0,0,0
54.3438,85.1408,1.65857,0.05,0.06,2.95569,2.95569,0,0.598971,4.6872,4.4108e+06,3.01846e+06,1.3037e+07,0,0,0,0,62.338,61.3098,3.53471,0,1,1.33942,1.33942,0,1.15031,1.90512,9.16655e+06,4.03458e+06,1.22778e+07,0,0,0,0
53.0109,85.1408,1.6065,0.06,0.06,2.76095,2.95588,0,0.553897,4.6872,4.4108e+06,3.01846e+06,1.2178e+07,0,0,0,0,62.338,61.3098,4.1716,0,1,1.53444,1.3395,0,1.03483,1.90512,9.16655e+06,4.03458e+06,1.40655e+07,0,0,0,0
51.4995,85.1408,1.38373,0.06,0.06,2.76122,2.95607,0,0.517401,4.6872,4.4108e+06,3.01846e+06,1.21792e+07,0,0,0,0,62.338,61.3098,3.18551,0,1,1.53444,1.33959,0,1.18551,1.90512,9.16655e+06,4.03458e+06,1.40655e+07,0,0,0,0
50.6429,85.1408,2.06617,0.06,0.06,2.7615,2.95626,0,0.517453,4.6872,4.4108e+06,3.01846e+06,1.21804e+07,0,0,0,0,62.338,61.3098,5.59565,0,1,1.53444,1.33967,0,1.18551,1.90512,9.16655e+06,4.03458e+06,1.40655e+07,0,0,0,0
50.286,85.1408,2.58376,0.09,0.06,2.76177,2.95645,0,0.517504,4.6872,4.4108e+06,3.01846e+06,1.21816e+07,0,0,0,0,62.338,61.3098,5.18232,0,1,1.53444,1.33976,0,1.18551,1.90512,9.16655e+06,4.03458e+06,1.40655e+07,0,0,0,0
51.6982,85.1408,4.40116,0.1,0.06,2.85466,3.04926,0,0.517556,4.6872,4.4108e+06,3.01846e+06,1.25914e+07,0,0,0,0,62.338,61.3098,4.348,0,1,1.57776,1.38316,0,1.18551,1.90512,9.16655e+06,4.03458e+06,1.44626e+07,0,0,0,0
52.6834,85.1408,4.00069,0.07,0.06,2.89825,3.04943,0,0.534964,4.6872,4.4108e+06,3.01846e+06,1.27836e+07,0,0,0,0,62.338,61.3098,3.96075,0,1,1.53443,1.38324,0,1.21898,1.90512,9.16655e+06,4.03458e+06,1.40654e+07,0,0,0,0
53.5749,85.1408,3.9237,0.07,0.06,2.8985,3.04961,0,0.543131,4.6872,4.4108e+06,3.01846e+06,1.27847e+07,0,0,0,0,62.338,61.3098,4.02595,0,1,1.53443,1.38333,0,1.1855,1.90512,9.16655e+06,4.03458e+06,1.40654e+07,0,0,0,0
54.394,85.1408,3.91925,0.08,0.06,2.89876,3.04979,0,0.54318,4.6872,4.4108e+06,3.01846e+06,1.27859e+07,0,0,0,0,62.338,61.3098,3.84934,0,1,1.53443,1.38341,0,1.1855,1.90512,9.16655e+06,4.03458e+06,1.40654e+07,0,0,0,0
54.6991,85.1408,3.55571,0.08,0.06,3.19651,3.34745,0,0.543228,4.6872,4.4108e+06,3.01846e+06,1.40992e+07,0,0,0,0,62.338,61.3098,3.84718,0,1,1.6971,1.54615,0,1.1855,1.90512,9.16655e+06,4.03458e+06,1.55566e+07,0,0,0,0
54.3244,85.1408,2.93787,0.08,0.06,3.34765,3.34765,0,0.599025,4.6872,4.4108e+06,3.01846e+06,1.47658e+07,0,0,0,0,62.338,61.3098,2.95159,0,1,1.54624,1.54624,0,1.31118,1.90512,9.16655e+06,4.03458e+06,1.41737e+07,0,0,0,0
56.0461,85.1408,5.24845,0.08,0.06,3.34784,3.34784,0,0.627349,4.6872,4.4108e+06,3.01846e+06,1.47667e+07,0,0,0,0,62.338,61.3098,4.15164,0,1,1.54633,1.54633,0,1.19463,1.90512,9.16655e+06,4.03458e+06,1.41745e+07,0,0,0,0
57.5181,85.1408,5.08662,0.1,0.06,3.34804,3.34804,0,0.627385,4.6872,4.4108e+06,3.01846e+06,1.47675e+07,0,0,0,0,62.338,61.3098,4.19484,0,1,1.54642,1.54642,0,1.1947,1.90512,9.16655e+06,4.03458e+06,1.41754e+07,0,0,0,0
60.9094,85.1408,6.69966,0.1,0.06,2.92382,2.92382,0,0.627422,4.6872,4.4108e+06,3.01846e+06,1.28964e+07,0,0,0,0,62.338,61.3098,8.16212,0,1,1.32816,1.32816,0,1.19477,1.90512,9.16655e+06,4.03458e+06,1.21746e+07,0,0,0,0
63.7515,85.1408,6.33181,0.05,0.06,2.92399,2.92399,0,0.547924,4.6872,4.4108e+06,3.01846e+06,1.28971e+07,0,0,0,0,62.338,61.3098,7.47038,0,1,1.32824,1.32824,0,1.02614,1.90512,9.16655e+06,4.03458e+06,1.21753e+07,0,0,0,0
64.694,85.1408,4.35804,0.05,0.06,2.92416,2.92416,0,0.547956,4.6872,4.4108e+06,3.01846e+06,1.28979e+07,0,0,0,0,62.338,61.3098,5.57447,0,1,1.32831,1.32831,0,1.0262,1.90512,9.16655e+06,4.03458e+06,1.21761e+07,0,0,0,0
67.0959,85.1408,5.78198,0.05,0.06,2.92433,2.92433,0,0.547988,4.6872,4.4108e+06,3.01846e+06,1.28986e+07,0,0,0,0,62.338,61.3098,6.62925,0,1,1.32839,1.32839,0,1.02626,1.90512,9.16655e+06,4.03458e+06,1.21768e+07,0,0,0,0
69.9291,85.1408,6.38534,0.05,0.06,2.9245,2.9245,0,0.54802,4.6872,4.4108e+06,3.01846e+06,1.28994e+07,0,0,0,0,62.338,61.3098,7.03662,0,1,1.32847,1.32847,0,1.02632,1.90512,9.16655e+06,4.03458e+06,1.21775e+07,0,0,0,0
74.0299,85.1408,7.8504,0.01,0.06,3.03153,3.03153,0,0.548051,4.6872,4.4108e+06,3.01846e+06,1.33715e+07,0,0,0,0,62.338,61.3098,7.42253,0,1,1.38198,1.38198,0,1.02637,1.90512,9.16655e+06,4.03458e+06,1.2668e+07,0,0,0,0
76.0669,85.1408,5.85758,0.01,0.06,3.03171,3.03171,0,0.568109,4.6872,4.4108e+06,3.01846e+06,1.33723e+07,0,0,0,0,62.338,61.3098,6.56704,0,1,1.38206,1.38206,0,1.06772,1.90512,9.16655e+06,4.03458e+06,1.26687e+07,0,0,0,0
77.384,85.1408,4.93612,0.01,0.06,3.03188,3.03188,0,0.568142,4.6872,4.4108e+06,3.01846e+06,1.3373e+07,0,0,0,0,62.338,61.3098,5.01523,0,1,1.38214,1.38214,0,1.06778,1.90512,9.16655e+06,4.03458e+06,1.26694e+07,0,0,0,0
78.0635,85.1408,4.22331,0,0.06,3.03206,3.03206,0,0.568175,4.6872,4.4108e+06,3.01846e+06,1.33738e+07,0,0,0,0,62.338,61.3098,5.48847,0,1,1.38222,1.38222,0,1.06784,1.90512,9.16655e+06,4.03458e+06,1.26702e+07,0,0,0,0
79.0163,85.1408,4.44087,0,0.06,2.99044,2.99044,0,0.568208,4.6872,4.4108e+06,3.01846e+06,1.31903e+07,0,0,0,0,62.338,61.3098,5.23421,0,1,1.36154,1.36154,0,1.0679,1.90512,9.16655e+06,4.03458e+06,1.24806e+07,0,0,0,0
79.7171,85.1408,4.15102,0,0.06,2.99062,2.99062,0,0.560409,4.6872,4.4108e+06,3.01846e+06,1.3191e+07,0,0,0,0,62.338,61.3098,4.5369,0,1,1.36162,1.36162,0,1.05193,1.90512,9.16655e+06,4.03458e+06,1.24814e+07,0,0,0,0
80.1081,85.1408,3.79383,0,0.06,2.99079,2.99079,0,0.560442,4.6872,4.4108e+06,3.01846e+06,1.31918e+07,0,0,0,0,62.338,61.3098,4.32047,0,1,1.3617,1.3617,0,1.05199,1.90512,9.16655e+06,4.03458e+06,1.24821e+07,0,0,0,0
80.3037,85.1408,3.5516,0,0.06,2.99097,2.99097,0,0.560474,4.6872,4.4108e+06,3.01846e+06,1.31926e+07,0,0,0,0,62.338,61.3098,4.35924,0,1,1.36178,1.36178,0,1.05205,1.90512,9.16655e+06,4.03458e+06,1.24828e+07,0,0,0,0
80.3281,85.1408,3.41227,0,0.06,3.13303,3.13303,0,0.560507,4.6872,4.4108e+06,3.01846e+06,1.38192e+07,0,0,0,0,62.338,61.3098,3.98663,0,1,1.43549,1.43549,0,1.05211,1.90512,9.16655e+06,4.03458e+06,1.31585e+07,0,0,0,0
79.9758,85.1408,3.01943,0,0.06,3.13321,3.13321,0,0.58713,4.6872,4.4108e+06,3.01846e+06,1.382e+07,0,0,0,0,62.338,61.3098,3.696,0,1,1.43557,1.43557,0,1.10906,1.90512,9.16655e+06,4.03458e+06,1.31592e+07,0,0,0,0
79.4097,85.1408,2.77428,0,0.06,3.13339,3.13339,0,0.587164,4.6872,4.4108e+06,3.01846e+06,1.38208e+07,0,0,0,0,62.338,61.3098,3.63929,0,1,1.43566,1.43566,0,1.10912,1.90512,9.16655e+06,4.03458e+06,1.316e+07,0,0,0,0
78.7419,85.1408,2.64346,0,0.06,3.13358,3.13358,0,0.587198,4.6872,4.4108e+06,3.01846e+06,1.38216e+07,0,0,0,0,62.338,61.3098,3.24039,0,1,1.43574,1.43574,0,1.10919,1.90512,9.16655e+06,4.03458e+06,1.31608e+07,0,0,0,0
77.9216,85.1408,2.44892,0,0.06,3.13376,3.13376,0,0.587232,4.6872,4.4108e+06,3.01846e+06,1.38224e+07,0,0,0,0,62.338,61.3098,2.8685,0,1,1.43582,1.43582,0,1.10925,1.90512,9.16655e+06,4.03458e+06,1.31615e+07,0,0,0,0
77.1811,85.1408,2.4357,0,0.06,3.10587,3.10587,0,0.587266,4.6872,4.4108e+06,3.01846e+06,1.36994e+07,0,0,0,0,62.338,61.3098,2.06055,0,1,1.47639,1.47639,0,1.10932,1.90512,9.16655e+06,4.03458e+06,1.35334e+07,0,0,0,0
76.2376,85.1408,2.22474,0,0.06,3.10605,3.10605,0,0.58204,4.6872,4.4108e+06,3.01846e+06,1.37002e+07,0,0,0,0,62.221,61.3098,2.02526,0,1,1.47647,1.47647,0,1.14066,1.90512,9.16655e+06,4.03458e+06,1.35341e+07,0,0,0,0
75.1077,85.1408,2.01708,0.01,0.06,3.10623,3.10623,0,0.582074,4.6872,4.4108e+06,3.01846e+06,1.3701e+07,0,0,0,0,62.0897,61.3098,1.83271,0,1,1.47656,1.47656,0,1.14072,1.90512,9.16655e+06,4.03458e+06,1.35349e+07,0,0,0,0
73.9198,85.1408,1.90787,0.01,0.06,3.10641,3.10641,0,0.582108,4.6872,4.4108e+06,3.01846e+06,1.37018e+07,0,0,0,0,61.7032,61.3098,1.79636,0,1,1.47664,1.47664,0,1.14079,1.90512,9.16655e+06,4.03458e+06,1.35357e+07,0,0,0,0
72.4425,85.1408,1.65641,0.02,0.06,3.1791,3.1791,0,0.582142,4.6872,4.4108e+06,3.01846e+06,1.40224e+07,0,0,0,0,61.3236,61.3098,1.62103,0,1,1.51281,1.51281,0,1.14085,1.90512,9.16655e+06,4.03458e+06,1.38673e+07,0,0,0,0
70.9571,85.1408,1.66021,0.02,0.06,3.17928,3.17928,0,0.595763,4.6872,4.4108e+06,3.01846e+06,1.40232e+07,0,0,0,0,60.9113,61.3098,1.67193,0,1,1.5129,1.5129,0,1.1688,1.90512,9.16655e+06,4.03458e+06,1.38681e+07,0,0,0,0
69.3855,85.1408,1.54016,0.02,0.06,3.17947,3.17947,0,0.595797,4.6872,4.4108e+06,3.01846e+06,1.4024e+07,0,0,0,0,60.2908,61.3098,1.61324,0,1,1.51299,1.51299,0,1.16887,1.90512,9.16655e+06,4.03458e+06,1.38689e+07,0,0,0,0
67.6975,85.1408,1.40234,0.02,0.06,3.17965,3.17965,0,0.595832,4.6872,4.4108e+06,3.01846e+06,1.40248e+07,0,0,0,0,59.8986,61.3098,1.41663,0,1,1.51308,1.51308,0,1.16894,1.90512,9.16655e+06,4.03458e+06,1.38697e+07,0,0,0,0
66.0987,85.1408,1.64333,0.03,0.06,3.3922,3.3922,0,0.595866,4.6872,4.4108e+06,3.01846e+06,1.49623e+07,0,0,0,0,59.3228,61.3098,1.74041,0,1,1.64344,1.64344,0,1.169,1.90512,9.16655e+06,4.03458e+06,1.50647e+07,0,0,0,0
64.7561,85.1408,1.90339,0.03,0.06,3.3924,3.3924,0,0.635699,4.6872,4.4108e+06,3.01846e+06,1.49632e+07,0,0,0,0,58.5241,61.3098,1.64824,0,1,1.64354,1.64354,0,1.26972,1.90512,9.16655e+06,4.03458e+06,1.50656e+07,0,0,0,0
63.0516,85.1408,1.53563,0.03,0.06,3.3926,3.3926,0,0.635736,4.6872,4.4108e+06,3.01846e+06,1.49641e+07,0,0,0,0,58.0066,61.3098,1.23764,0,1,1.64363,1.64363,0,1.2698,1.90512,9.16655e+06,4.03458e+06,1.50664e+07,0,0,0,0
61.6765,85.1408,1.83378,0.04,0.06,3.39279,3.39279,0,0.635773,4.6872,4.4108e+06,3.01846e+06,1.49649e+07,0,0,0,0,57.4926,61.3098,2.0305,0,1,1.64373,1.64373,0,1.26987,1.90512,9.16655e+06,4.03458e+06,1.50673e+07,0,0,0,0
59.9535,85.1408,1.47265,0.04,0.06,3.39299,3.39299,0,0.63581,4.6872,4.4108e+06,3.01846e+06,1.49658e+07,0,0,0,0,56.8972,61.3098,1.46487,0,1,1.64382,1.64382,0,1.26994,1.90512,9.16655e+06,4.03458e+06,1.50682e+07,0,0,0,0
58.5495,85.1408,1.73771,0.04,0.06,3.28966,3.28966,0,0.635847,4.6872,4.4108e+06,3.01846e+06,1.451e+07,0,0,0,0,56.601,61.3098,1.61967,0,1,1.56482,1.56482,0,1.27002,1.90512,9.16655e+06,4.03458e+06,1.4344e+07,0,0,0,0
56.9008,85.1408,1.46711,0.05,0.06,3.28985,3.28985,0,0.616482,4.6872,4.4108e+06,3.01846e+06,1.45109e+07,0,0,0,0,56.3237,61.3098,2.6344,0,1,1.56491,1.56491,0,1.20898,1.90512,9.16655e+06,4.03458e+06,1.43449e+07,0,0,0,0
55.0736,85.1408,1.2657,0.05,0.06,3.29004,3.29004,0,0.616518,4.6872,4.4108e+06,3.01846e+06,1.45117e+07,0,0,0,0,55.664,61.3098,1.46435,0,1,1.565,1.565,0,1.20905,1.90512,9.16655e+06,4.03458e+06,1.43457e+07,0,0,0,0
53.3103,85.1408,1.31461,0.04,0.06,3.29023,3.29023,0,0.616554,4.6872,4.4108e+06,3.01846e+06,1.45126e+07,0,0,0,0,55.2487,61.3098,1.41662,0,1,1.5651,1.5651,0,1.20912,1.90512,9.16655e+06,4.03458e+06,1.43465e+07,0,0,0,0
51.9045,85.1408,1.66612,0.04,0.06,3.20542,3.20542,0,0.616589,4.6872,4.4108e+06,3.01846e+06,1.41385e+07,0,0,0,0,55.218,61.3098,2.07336,0,1,1.49317,1.49317,0,1.20919,1.90512,9.16655e+06,4.03458e+06,1.36872e+07,0,0,0,0
50.5331,85.1408,1.69968,0.04,0.06,3.20561,3.20561,0,0.600696,4.6872,4.4108e+06,3.01846e+06,1.41393e+07,0,0,0,0,55.3338,61.3098,2.60692,0,1,1.49326,1.49326,0,1.15363,1.90512,9.16655e+06,4.03458e+06,1.3688e+07,0,0,0,0
49.852,85.1408,2.45233,0.05,0.06,3.2058,3.2058,0,0.600731,4.6872,4.4108e+06,3.01846e+06,1.41401e+07,0,0,0,0,55.7118,61.3098,3.21545,0,1,1.49335,1.49335,0,1.15369,1.90512,9.16655e+06,4.03458e+06,1.36888e+07,0,0,0,0
51.6036,85.1408,4.87905,0.06,0.06,3.16498,3.20598,0,0.600766,4.6872,4.4108e+06,3.01846e+06,1.39601e+07,0,0,0,0,56.8261,61.3098,4.86073,0,1,1.53444,1.49343,0,1.15376,1.90512,9.16655e+06,4.03458e+06,1.40655e+07,0,0,0,0
52.3377,85.1408,3.72667,0.05,0.06,2.96471,2.96471,0,0.593117,4.6872,4.4108e+06,3.01846e+06,1.30767e+07,0,0,0,0,57.5633,61.3098,3.51023,0,1,1.3435,1.3435,0,1.18551,1.90512,9.16655e+06,4.03458e+06,1.23153e+07,0,0,0,0
52.3114,85.1408,3.06641,0.05,0.06,2.96488,2.96488,0,0.555586,4.6872,4.4108e+06,3.01846e+06,1.30775e+07,0,0,0,0,58.1622,61.3098,3.18892,0,1,1.34358,1.34358,0,1.03799,1.90512,9.16655e+06,4.03458e+06,1.2316e+07,0,0,0,0
54.2249,85.1408,4.83003,0.06,0.06,2.77428,2.96505,0,0.555618,4.6872,4.4108e+06,3.01846e+06,1.22368e+07,0,0,0,0,58.8687,61.3098,3.80688,0,1,1.53443,1.34366,0,1.03805,1.90512,9.16655e+06,4.03458e+06,1.40654e+07,0,0,0,0
56.0036,85.1408,4.91981,0.06,0.06,2.77453,2.96522,0,0.5199,4.6872,4.4108e+06,3.01846e+06,1.22379e+07,0,0,0,0,59.445,61.3098,3.63978,0,1,1.53443,1.34374,0,1.1855,1.90512,9.16655e+06,4.03458e+06,1.40654e+07,0,0,0,0
55.6102,85.1408,2.47999,0.06,0.06,2.77478,2.9654,0,0.519947,4.6872,4.4108e+06,3.01846e+06,1.2239e+07,0,0,0,0,59.4248,61.3098,2.02746,0,1,1.53443,1.34381,0,1.1855,1.90512,9.16655e+06,4.03458e+06,1.40654e+07,0,0,0,0
54.5436,85.1408,1.98293,0.07,0.06,2.86793,3.05847,0,0.519994,4.6872,4.4108e+06,3.01846e+06,1.26499e+07,0,0,0,0,59.3445,61.3098,2.35575,0,1,1.57788,1.38734,0,1.1855,1.90512,9.16655e+06,4.03458e+06,1.44637e+07,0,0,0,0
54.169,85.1408,2.76426,0.07,0.06,2.91162,3.05863,0,0.53745,4.6872,4.4108e+06,3.01846e+06,1.28426e+07,0,0,0,0,59.5021,61.3098,2.63475,0,1,1.53442,1.38741,0,1.21907,1.90512,9.16655e+06,4.03458e+06,1.40654e+07,0,0,0,0
57.1263,85.1408,6.11961,0.07,0.06,2.91185,3.05879,0,0.545637,4.6872,4.4108e+06,3.01846e+06,1.28436e+07,0,0,0,0,60.3567,61.3098,4.48734,0,1,1.53442,1.38749,0,1.1855,1.90512,9.16655e+06,4.03458e+06,1.40654e+07,0,0,0,0
60.774,85.1408,6.93597,0.07,0.06,2.91208,3.05895,0,0.545681,4.6872,4.4108e+06,3.01846e+06,1.28446e+07,0,0,0,0,61.2377,61.3098,4.15796,0,1,1.53442,1.38756,0,1.1855,1.90512,9.16655e+06,4.03458e+06,1.40654e+07,0,0,0,0
65.9207,85.1408,8.85291,0.04,0.06,3.35749,3.35749,0,0.545724,4.6872,4.4108e+06,3.01846e+06,1.48092e+07,0,0,0,0,62.0465,61.3098,5.04316,0,1,1.55079,1.55079,0,1.1855,1.90512,9.16655e+06,4.03458e+06,1.42154e+07,0,0,0,0
68.0717,85.1408,5.87357,0.04,0.06,3.35766,3.35766,0,0.629193,4.6872,4.4108e+06,3.01846e+06,1.481e+07,0,0,0,0,62.338,61.3098,4.3051,0,1,1.55087,1.55087,0,1.19814,1.90512,9.16655e+06,4.03458e+06,1.42161e+07,0,0,0,0
69.389,85.1408,5.22113,0.04,0.06,3.35784,3.35784,0,0.629226,4.6872,4.4108e+06,3.01846e+06,1.48108e+07,0,0,0,0,62.338,61.3098,4.32717,0,1,1.55095,1.55095,0,1.1982,1.90512,9.16655e+06,4.03458e+06,1.42169e+07,0,0,0,0
70.2211,85.1408,4.56568,0.01,0.06,3.35801,3.35801,0,0.629258,4.6872,4.4108e+06,3.01846e+06,1.48115e+07,0,0,0,0,62.338,61.3098,3.87552,0,1,1.55103,1.55103,0,1.19826,1.90512,9.16655e+06,4.03458e+06,1.42176e+07,0,0,0,0
72.2564,85.1408,5.43384,0.01,0.06,2.93252,2.93252,0,0.629291,4.6872,4.4108e+06,3.01846e+06,1.29347e+07,0,0,0,0,62.338,61.3098,3.17698,0,1,1.33211,1.33211,0,1.19833,1.90512,9.16655e+06,4.03458e+06,1.22108e+07,0,0,0,0
75.8167,85.1408,7.1311,0.01,0.06,2.93267,2.93267,0,0.549553,4.6872,4.4108e+06,3.01846e+06,1.29354e+07,0,0,0,0,62.338,61.3098,2.71187,0,1,1.33218,1.33218,0,1.02919,1.90512,9.16655e+06,4.03458e+06,1.22115e+07,0,0,0,0
79.2398,85.1408,7.00724,0.02,0.06,2.93282,2.93282,0,0.549582,4.6872,4.4108e+06,3.01846e+06,1.29361e+07,0,0,0,0,62.338,61.3098,4.38721,0,1,1.33225,1.33225,0,1.02924,1.90512,9.16655e+06,4.03458e+06,1.22121e+07,0,0,0,0
80.6419,85.1408,4.89791,0,0.06,2.93298,2.93298,0,0.549611,4.6872,4.4108e+06,3.01846e+06,1.29368e+07,0,0,0,0,62.338,61.3098,2.93381,0,1,1.33232,1.33232,0,1.0293,1.90512,9.16655e+06,4.03458e+06,1.22128e+07,0,0,0,0
83.0925,85.1408,6.07073,0,0.06,2.93313,2.93313,0,0.54964,4.6872,4.4108e+06,3.01846e+06,1.29375e+07,0,0,0,0,62.338,61.3098,6.44615,0,1,1.33239,1.33239,0,1.02935,1.90512,9.16655e+06,4.03458e+06,1.22134e+07,0,0,0,0
84.5302,85.1408,5.02015,0,0.06,3.04046,3.04046,0,0.549668,4.6872,4.4108e+06,3.01846e+06,1.34109e+07,0,0,0,0,62.338,61.3098,4.45215,0,1,1.38605,1.38605,0,1.0294,1.90512,9.16655e+06,4.03458e+06,1.27053e+07,0,0,0,0
85.1408,85.1408,5.50091,0,0.06,3.04062,3.04062,0,0.569782,4.6872,4.4108e+06,3.01846e+06,1.34116e+07,0,0,0,0,62.338,61.3098,5.69525,0,1,1.38612,1.38612,0,1.07086,1.90512,9.16655e+06,4.03458e+06,1.27059e+07,0,0,0,0
85.1408,85.1408,5.9373,0,0.06,3.04078,3.04078,0,0.569812,4.6872,4.4108e+06,3.01846e+06,1.34123e+07,0,0,0,0,62.338,61.3098,4.43703,0,1,1.38619,1.38619,0,1.07092,1.90512,9.16655e+06,4.03458e+06,1.27066e+07,0,0,0,0
85.1408,85.1408,4.38195,0,0.06,3.04093,3.04093,0,0.569841,4.6872,4.4108e+06,3.01846e+06,1.3413e+07,0,0,0,0,62.338,61.3098,3.40325,0,1,1.38627,1.38627,0,1.07097,1.90512,9.16655e+06,4.03458e+06,1.27073e+07,0,0,0,0
85.1408,85.1408,4.47681,0,0.06,2.99918,2.99918,0,0.569871,4.6872,4.4108e+06,3.01846e+06,1.32288e+07,0,0,0,0,62.338,61.3098,4.27846,0,1,1.36552,1.36552,0,1.07103,1.90512,9.16655e+06,4.03458e+06,1.25171e+07,0,0,0,0
85.1408,85.1408,3.86441,0,0.06,2.99934,2.99934,0,0.562046,4.6872,4.4108e+06,3.01846e+06,1.32295e+07,0,0,0,0,62.338,61.3098,4.0318,0,1,1.36559,1.36559,0,1.055,1.90512,9.16655e+06,4.03458e+06,1.25178e+07,0,0,0,0
85.1408,85.1408,3.42099,0,0.06,2.99949,2.99949,0,0.562076,4.6872,4.4108e+06,3.01846e+06,1.32302e+07,0,0,0,0,62.338,61.3098,3.5686,0,1,1.36566,1.36566,0,1.05506,1.90512,9.16655e+06,4.03458e+06,1.25184e+07,0,0,0,0
84.8643,85.1408,3.09398,0,0.06,2.99965,2.99965,0,0.562105,4.6872,4.4108e+06,3.01846e+06,1.32309e+07,0,0,0,0,62.338,61.3098,3.22883,0,1,1.36573,1.36573,0,1.05511,1.90512,9.16655e+06,4.03458e+06,1.25191e+07,0,0,0,0
84.3263,85.1408,2.89833,0,0.06,3.14211,3.14211,0,0.562134,4.6872,4.4108e+06,3.01846e+06,1.38592e+07,0,0,0,0,62.338,61.3098,3.03911,0,1,1.43965,1.43965,0,1.05517,1.90512,9.16655e+06,4.03458e+06,1.31966e+07,0,0,0,0
83.6985,85.1408,2.76086,0,0.06,3.14227,3.14227,0,0.588831,4.6872,4.4108e+06,3.01846e+06,1.38599e+07,0,0,0,0,62.338,61.3098,2.95182,0,1,1.43972,1.43972,0,1.11227,1.90512,9.16655e+06,4.03458e+06,1.31973e+07,0,0,0,0
82.9599,85.1408,2.63772,0,0.06,3.14244,3.14244,0,0.588862,4.6872,4.4108e+06,3.01846e+06,1.38607e+07,0,0,0,0,62.338,61.3098,3.12814,0,1,1.4398,1.4398,0,1.11233,1.90512,9.16655e+06,4.03458e+06,1.3198e+07,0,0,0,0
82.0078,85.1408,2.44084,0,0.06,3.1426,3.1426,0,0.588893,4.6872,4.4108e+06,3.01846e+06,1.38614e+07,0,0,0,0,62.338,61.3098,2.9974,0,1,1.43987,1.43987,0,1.11239,1.90512,9.16655e+06,4.03458e+06,1.31987e+07,0,0,0,0
81.1952,85.1408,2.48413,0,0.06,3.14277,3.14277,0,0.588924,4.6872,4.4108e+06,3.01846e+06,1.38621e+07,0,0,0,0,62.338,61.3098,2.9466,0,1,1.43995,1.43995,0,1.11245,1.90512,9.16655e+06,4.03458e+06,1.31994e+07,0,0,0,0
81.4593,85.1408,3.51593,0,0.06,3.11478,3.11478,0,0.588954,4.6872,4.4108e+06,3.01846e+06,1.37387e+07,0,0,0,0,62.338,61.3098,2.59736,0,1,1.48062,1.48062,0,1.1125,1.90512,9.16655e+06,4.03458e+06,1.35722e+07,0,0,0,0
81.494,85.1408,3.28646,0,0.06,3.11494,3.11494,0,0.58371,4.6872,4.4108e+06,3.01846e+06,1.37394e+07,0,0,0,0,62.338,61.3098,2.4937,0,1,1.4807,1.4807,0,1.14393,1.90512,9.16655e+06,4.03458e+06,1.35729e+07,0,0,0,0
81.2334,85.1408,2.9888,0,0.06,3.11511,3.11511,0,0.58374,4.6872,4.4108e+06,3.01846e+06,1.37401e+07,0,0,0,0,62.338,61.3098,2.37418,0,1,1.48077,1.48077,0,1.14399,1.90512,9.16655e+06,4.03458e+06,1.35736e+07,0,0,0,0
80.725,85.1408,2.71681,0.01,0.06,3.11527,3.11527,0,0.583771,4.6872,4.4108e+06,3.01846e+06,1.37408e+07,0,0,0,0,62.2597,61.3098,2.18041,0,1,1.48085,1.48085,0,1.14405,1.90512,9.16655e+06,4.03458e+06,1.35743e+07,0,0,0,0
79.8451,85.1408,2.36216,0.01,0.06,3.18814,3.18814,0,0.583801,4.6872,4.4108e+06,3.01846e+06,1.40623e+07,0,0,0,0,61.9475,61.3098,1.71209,0,1,1.51712,1.51712,0,1.14411,1.90512,9.16655e+06,4.03458e+06,1.39067e+07,0,0,0,0
79.2258,85.1408,2.64133,0.01,0.06,3.18831,3.18831,0,0.597457,4.6872,4.4108e+06,3.01846e+06,1.4063e+07,0,0,0,0,61.6797,61.3098,1.90049,0,1,1.5172,1.5172,0,1.17212,1.90512,9.16655e+06,4.03458e+06,1.39074e+07,0,0,0,0
78.3858,85.1408,2.39011,0.01,0.06,3.18847,3.18847,0,0.597489,4.6872,4.4108e+06,3.01846e+06,1.40637e+07,0,0,0,0,61.2333,61.3098,1.83488,0,1,1.51728,1.51728,0,1.17219,1.90512,9.16655e+06,4.03458e+06,1.39082e+07,0,0,0,0
77.3453,85.1408,2.17625,0.01,0.06,3.18864,3.18864,0,0.59752,4.6872,4.4108e+06,3.01846e+06,1.40645e+07,0,0,0,0,60.841,61.3098,1.58785,0,1,1.51735,1.51735,0,1.17225,1.90512,9.16655e+06,4.03458e+06,1.39089e+07,0,0,0,0
76.2287,85.1408,2.26255,0.01,0.06,3.40177,3.40177,0,0.597551,4.6872,4.4108e+06,3.01846e+06,1.50046e+07,0,0,0,0,60.0361,61.3098,1.77994,0,1,1.64808,1.64808,0,1.17231,1.90512,9.16655e+06,4.03458e+06,1.51072e+07,0,0,0,0
74.8597,85.1408,1.98488,0.02,0.06,3.40195,3.40195,0,0.637492,4.6872,4.4108e+06,3.01846e+06,1.50053e+07,0,0,0,0,59.3188,61.3098,1.25913,0,1,1.64816,1.64816,0,1.27331,1.90512,9.16655e+06,4.03458e+06,1.5108e+07,0,0,0,0
73.6258,85.1408,2.12899,0.02,0.06,3.40213,3.40213,0,0.637526,4.6872,4.4108e+06,3.01846e+06,1.50061e+07,0,0,0,0,58.3297,61.3098,1.55111,0,1,1.64825,1.64825,0,1.27337,1.90512,9.16655e+06,4.03458e+06,1.51088e+07,0,0,0,0
72.0418,85.1408,1.76032,0.03,0.06,3.40231,3.40231,0,0.637559,4.6872,4.4108e+06,3.01846e+06,1.50069e+07,0,0,0,0,57.6732,61.3098,1.07741,0,1,1.64834,1.64834,0,1.27344,1.90512,9.16655e+06,4.03458e+06,1.51096e+07,0,0,0,0
70.884,85.1408,2.17024,0.03,0.06,3.40249,3.40249,0,0.637592,4.6872,4.4108e+06,3.01846e+06,1.50077e+07,0,0,0,0,57.2246,61.3098,2.0606,0,1,1.64842,1.64842,0,1.27351,1.90512,9.16655e+06,4.03458e+06,1.51103e+07,0,0,0,0
70.1624,85.1408,2.5603,0.03,0.06,3.29884,3.29884,0,0.637626,4.6872,4.4108e+06,3.01846e+06,1.45506e+07,0,0,0,0,57.0049,61.3098,2.01557,0,1,1.56919,1.56919,0,1.27357,1.90512,9.16655e+06,4.03458e+06,1.43841e+07,0,0,0,0
69.3036,85.1408,2.45616,0.03,0.06,3.29902,3.29902,0,0.618203,4.6872,4.4108e+06,3.01846e+06,1.45513e+07,0,0,0,0,56.5082,61.3098,2.25363,0,1,1.56927,1.56927,0,1.21236,1.90512,9.16655e+06,4.03458e+06,1.43848e+07,0,0,0,0
67.5209,85.1408,1.47502,0.03,0.06,3.29919,3.29919,0,0.618236,4.6872,4.4108e+06,3.01846e+06,1.45521e+07,0,0,0,0,55.9604,61.3098,1.38248,0,1,1.56936,1.56936,0,1.21242,1.90512,9.16655e+06,4.03458e+06,1.43856e+07,0,0,0,0
66.2378,85.1408,2.00016,0.04,0.06,3.29936,3.29936,0,0.618268,4.6872,4.4108e+06,3.01846e+06,1.45528e+07,0,0,0,0,55.7161,61.3098,1.68865,0,1,1.56944,1.56944,0,1.21248,1.90512,9.16655e+06,4.03458e+06,1.43863e+07,0,0,0,0
66.6671,85.1408,3.61044,0.03,0.06,3.2143,3.2143,0,0.6183,4.6872,4.4108e+06,3.01846e+06,1.41776e+07,0,0,0,0,55.2352,61.3098,3.01218,0,1,1.49731,1.49731,0,1.21255,1.90512,9.16655e+06,4.03458e+06,1.37251e+07,0,0,0,0
64.9335,85.1408,1.51666,0.03,0.06,3.21447,3.21447,0,0.60236,4.6872,4.4108e+06,3.01846e+06,1.41784e+07,0,0,0,0,54.311,61.3098,1.08752,0,1,1.49739,1.49739,0,1.15682,1.90512,9.16655e+06,4.03458e+06,1.37259e+07,0,0,0,0
62.9233,85.1408,1.21762,0.03,0.06,3.21463,3.21463,0,0.602391,4.6872,4.4108e+06,3.01846e+06,1.41791e+07,0,0,0,0,53.9467,61.3098,0.910386,0,1,1.49746,1.49746,0,1.15688,1.90512,9.16655e+06,4.03458e+06,1.37266e+07,0,0,0,0
61.939,85.1408,2.28314,0.03,0.06,3.2148,3.2148,0,0.602423,4.6872,4.4108e+06,3.01846e+06,1.41799e+07,0,0,0,0,54.1491,61.3098,2.67918,0,1,1.49754,1.49754,0,1.15694,1.90512,9.16655e+06,4.03458e+06,1.37273e+07,0,0,0,0
63.8219,85.1408,5.10435,0.03,0.06,2.97285,2.97285,0,0.602454,4.6872,4.4108e+06,3.01846e+06,1.31126e+07,0,0,0,0,55.2883,61.3098,3.66717,0,1,1.34719,1.34719,0,1.157,1.90512,9.16655e+06,4.03458e+06,1.23491e+07,0,0,0,0
65.1992,85.1408,4.59975,0.04,0.06,2.973,2.973,0,0.557111,4.6872,4.4108e+06,3.01846e+06,1.31133e+07,0,0,0,0,55.3385,61.3098,2.99683,0,1,1.34726,1.34726,0,1.04084,1.90512,9.16655e+06,4.03458e+06,1.23497e+07,0,0,0,0
65.1134,85.1408,3.03389,0.04,0.06,2.97316,2.97316,0,0.557141,4.6872,4.4108e+06,3.01846e+06,1.3114e+07,0,0,0,0,55.2841,61.3098,1.49282,0,1,1.34733,1.34733,0,1.04089,1.90512,9.16655e+06,4.03458e+06,1.23504e+07,0,0,0,0
66.6154,85.1408,4.70346,0.05,0.06,2.97331,2.97331,0,0.55717,4.6872,4.4108e+06,3.01846e+06,1.31147e+07,0,0,0,0,55.3104,61.3098,2.2672,0,1,1.3474,1.3474,0,1.04095,1.90512,9.16655e+06,4.03458e+06,1.2351e+07,0,0,0,0
67.1968,85.1408,3.88277,0.05,0.06,2.97347,2.97347,0,0.557199,4.6872,4.4108e+06,3.01846e+06,1.31154e+07,0,0,0,0,55.381,61.3098,1.8866,0,1,1.34747,1.34747,0,1.041,1.90512,9.16655e+06,4.03458e+06,1.23517e+07,0,0,0,0
71.6383,85.1408,8.21602,0.05,0.06,3.06677,3.06677,0,0.557228,4.6872,4.4108e+06,3.01846e+06,1.35269e+07,0,0,0,0,57.6749,61.3098,6.25971,0,1,1.39111,1.39111,0,1.04106,1.90512,9.16655e+06,4.03458e+06,1.27517e+07,0,0,0,0
75.7849,85.1408,7.81722,0.02,0.06,3.06692,3.06692,0,0.574713,4.6872,4.4108e+06,3.01846e+06,1.35276e+07,0,0,0,0,58.8005,61.3098,4.26993,0,1,1.39117,1.39117,0,1.07477,1.90512,9.16655e+06,4.03458e+06,1.27523e+07,0,0,0,0
79.0549,85.1408,6.90975,0.02,0.06,3.06706,3.06706,0,0.57474,4.6872,4.4108e+06,3.01846e+06,1.35282e+07,0,0,0,0,59.617,61.3098,3.66588,0,1,1.39124,1.39124,0,1.07482,1.90512,9.16655e+06,4.03458e+06,1.27529e+07,0,0,0,0
81.2704,85.1408,5.74073,0.01,0.06,3.0672,3.0672,0,0.574767,4.6872,4.4108e+06,3.01846e+06,1.35288e+07,0,0,0,0,60.2137,61.3098,3.19253,0,1,1.3913,1.3913,0,1.07487,1.90512,9.16655e+06,4.03458e+06,1.27535e+07,0,0,0,0
84.8454,85.1408,7.45027,0.01,0.06,3.36653,3.36653,0,0.574794,4.6872,4.4108e+06,3.01846e+06,1.48491e+07,0,0,0,0,61.7622,61.3098,4.96644,0,1,1.55496,1.55496,0,1.07492,1.90512,9.16655e+06,4.03458e+06,1.42537e+07,0,0,0,0
85.1408,85.1408,8.6474,0.01,0.06,3.36668,3.36668,0,0.630887,4.6872,4.4108e+06,3.01846e+06,1.48498e+07,0,0,0,0,62.338,61.3098,5.06149,0,1,1.55504,1.55504,0,1.20137,1.90512,9.16655e+06,4.03458e+06,1.42543e+07,0,0,0,0
85.1408,85.1408,8.18547,0,0.06,3.36684,3.36684,0,0.630916,4.6872,4.4108e+06,3.01846e+06,1.48505e+07,0,0,0,0,62.338,61.3098,5.49228,0,1,1.55511,1.55511,0,1.20142,1.90512,9.16655e+06,4.03458e+06,1.4255e+07,0,0,0,0
85.1408,85.1408,9.07693,0,0.06,3.36699,3.36699,0,0.630945,4.6872,4.4108e+06,3.01846e+06,1.48511e+07,0,0,0,0,62.338,61.3098,5.54544,0,1,1.55518,1.55518,0,1.20148,1.90512,9.16655e+06,4.03458e+06,1.42556e+07,0,0,0,0
85.1408,85.1408,8.86588,0,0.06,2.94034,2.94034,0,0.630975,4.6872,4.4108e+06,3.01846e+06,1.29693e+07,0,0,0,0,62.338,61.3098,6.27201,0,1,1.33567,1.33567,0,1.20153,1.90512,9.16655e+06,4.03458e+06,1.22434e+07,0,0,0,0
85.1408,85.1408,6.7282,0,0.06,2.94048,2.94048,0,0.55102,4.6872,4.4108e+06,3.01846e+06,1.29699e+07,0,0,0,0,62.338,61.3098,5.86667,0,1,1.33573,1.33573,0,1.03193,1.90512,9.16655e+06,4.03458e+06,1.2244e+07,0,0,0,0
85.1408,85.1408,6.81155,0,0.06,2.94062,2.94062,0,0.551046,4.6872,4.4108e+06,3.01846e+06,1.29705e+07,0,0,0,0,62.338,61.3098,5.58532,0,1,1.33579,1.33579,0,1.03198,1.90512,9.16655e+06,4.03458e+06,1.22446e+07,0,0,0,0
85.1408,85.1408,6.5552,0,0.06,2.94075,2.94075,0,0.551071,4.6872,4.4108e+06,3.01846e+06,1.29711e+07,0,0,0,0,62.338,61.3098,5.28959,0,1,1.33585,1.33585,0,1.03203,1.90512,9.16655e+06,4.03458e+06,1.22451e+07,0,0,0,0
85.1408,85.1408,5.63667,0,0.06,2.94089,2.94089,0,0.551097,4.6872,4.4108e+06,3.01846e+06,1.29717e+07,0,0,0,0,62.338,61.3098,4.30345,0,1,1.33591,1.33591,0,1.03208,1.90512,9.16655e+06,4.03458e+06,1.22457e+07,0,0,0,0
85.1408,85.1408,6.62203,0,0.06,3.04848,3.04848,0,0.551123,4.6872,4.4108e+06,3.01846e+06,1.34463e+07,0,0,0,0,62.338,61.3098,6.56781,0,1,1.38971,1.38971,0,1.03213,1.90512,9.16655e+06,4.03458e+06,1.27388e+07,0,0,0,0
85.1408,85.1408,6.75816,0,0.06,3.04863,3.04863,0,0.571286,4.6872,4.4108e+06,3.01846e+06,1.34469e+07,0,0,0,0,62.338,61.3098,8.81091,0,1,1.38977,1.38977,0,1.07369,1.90512,9.16655e+06,4.03458e+06,1.27394e+07,0,0,0,0
85.1408,85.1408,5.84968,0,0.06,3.04877,3.04877,0,0.571312,4.6872,4.4108e+06,3.01846e+06,1.34475e+07,0,0,0,0,62.338,61.3098,7.02589,0,1,1.38984,1.38984,0,1.07374,1.90512,9.16655e+06,4.03458e+06,1.274e+07,0,0,0,0
85.1408,85.1408,4.70083,0,0.06,3.04891,3.04891,0,0.571339,4.6872,4.4108e+06,3.01846e+06,1.34481e+07,0,0,0,0,62.338,61.3098,5.31408,0,1,1.3899,1.3899,0,1.07379,1.90512,9.16655e+06,4.03458e+06,1.27406e+07,0,0,0,0
85.1408,85.1408,4.6309,0,0.06,3.00703,3.00703,0,0.571366,4.6872,4.4108e+06,3.01846e+06,1.32634e+07,0,0,0,0,62.338,61.3098,5.18839,0,1,1.36909,1.36909,0,1.07384,1.90512,9.16655e+06,4.03458e+06,1.25499e+07,0,0,0,0
85.1408,85.1408,3.96233,0,0.06,3.00717,3.00717,0,0.563517,4.6872,4.4108e+06,3.01846e+06,1.3264e+07,0,0,0,0,62.338,61.3098,4.37168,0,1,1.36916,1.36916,0,1.05776,1.90512,9.16655e+06,4.03458e+06,1.25504e+07,0,0,0,0
85.0771,85.1408,3.2907,0,0.06,3.00731,3.00731,0,0.563543,4.6872,4.4108e+06,3.01846e+06,1.32646e+07,0,0,0,0,62.338,61.3098,3.99786,0,1,1.36922,1.36922,0,1.05781,1.90512,9.16655e+06,4.03458e+06,1.2551e+07,0,0,0,0
84.7123,85.1408,2.98344,0,0.06,3.00745,3.00745,0,0.563569,4.6872,4.4108e+06,3.01846e+06,1.32653e+07,0,0,0,0,62.338,61.3098,3.16085,0,1,1.36928,1.36928,0,1.05786,1.90512,9.16655e+06,4.03458e+06,1.25516e+07,0,0,0,0
84.8791,85.1408,3.64924,0,0.06,3.15026,3.15026,0,0.563595,4.6872,4.4108e+06,3.01846e+06,1.38952e+07,0,0,0,0,62.338,61.3098,3.43621,0,1,1.44338,1.44338,0,1.05791,1.90512,9.16655e+06,4.03458e+06,1.32308e+07,0,0,0,0
84.4134,85.1408,2.9065,0,0.06,3.1504,3.1504,0,0.590358,4.6872,4.4108e+06,3.01846e+06,1.38958e+07,0,0,0,0,62.338,61.3098,2.65304,0,1,1.44345,1.44345,0,1.11516,1.90512,9.16655e+06,4.03458e+06,1.32314e+07,0,0,0,0
83.8406,85.1408,2.77846,0,0.06,3.15055,3.15055,0,0.590385,4.6872,4.4108e+06,3.01846e+06,1.38965e+07,0,0,0,0,62.338,61.3098,2.68775,0,1,1.44351,1.44351,0,1.11521,1.90512,9.16655e+06,4.03458e+06,1.3232e+07,0,0,0,0
83.1548,85.1408,2.65177,0,0.06,3.1507,3.1507,0,0.590413,4.6872,4.4108e+06,3.01846e+06,1.38971e+07,0,0,0,0,62.338,61.3098,2.61347,0,1,1.44358,1.44358,0,1.11526,1.90512,9.16655e+06,4.03458e+06,1.32327e+07,0,0,0,0
82.3109,85.1408,2.47889,0,0.06,3.15084,3.15084,0,0.59044,4.6872,4.4108e+06,3.01846e+06,1.38977e+07,0,0,0,0,62.338,61.3098,2.45925,0,1,1.44365,1.44365,0,1.11531,1.90512,9.16655e+06,4.03458e+06,1.32333e+07,0,0,0,0
81.5362,85.1408,2.50392,0,0.06,3.12277,3.12277,0,0.590468,4.6872,4.4108e+06,3.01846e+06,1.37739e+07,0,0,0,0,62.338,61.3098,2.95083,0,1,1.48442,1.48442,0,1.11536,1.90512,9.16655e+06,4.03458e+06,1.3607e+07,0,0,0,0
80.6572,85.1408,2.38868,0,0.06,3.12291,3.12291,0,0.585206,4.6872,4.4108e+06,3.01846e+06,1.37745e+07,0,0,0,0,62.338,61.3098,2.86817,0,1,1.48448,1.48448,0,1.14686,1.90512,9.16655e+06,4.03458e+06,1.36076e+07,0,0,0,0
79.6949,85.1408,2.26295,0.01,0.06,3.12306,3.12306,0,0.585234,4.6872,4.4108e+06,3.01846e+06,1.37752e+07,0,0,0,0,62.338,61.3098,2.83995,0,1,1.48455,1.48455,0,1.14691,1.90512,9.16655e+06,4.03458e+06,1.36082e+07,0,0,0,0
78.5582,85.1408,2.08957,0.01,0.06,3.1232,3.1232,0,0.585261,4.6872,4.4108e+06,3.01846e+06,1.37758e+07,0,0,0,0,62.338,61.3098,2.8014,0,1,1.48462,1.48462,0,1.14697,1.90512,9.16655e+06,4.03458e+06,1.36089e+07,0,0,0,0
77.4765,85.1408,2.1967,0.01,0.06,3.19624,3.19624,0,0.585288,4.6872,4.4108e+06,3.01846e+06,1.4098e+07,0,0,0,0,62.338,61.3098,2.78388,0,1,1.52097,1.52097,0,1.14702,1.90512,9.16655e+06,4.03458e+06,1.3942e+07,0,0,0,0
76.2653,85.1408,2.02617,0.01,0.06,3.19639,3.19639,0,0.598975,4.6872,4.4108e+06,3.01846e+06,1.40986e+07,0,0,0,0,62.338,61.3098,2.5868,0,1,1.52104,1.52104,0,1.1751,1.90512,9.16655e+06,4.03458e+06,1.39427e+07,0,0,0,0
74.9401,85.1408,1.89631,0.03,0.06,3.19654,3.19654,0,0.599003,4.6872,4.4108e+06,3.01846e+06,1.40993e+07,0,0,0,0,62.3136,61.3098,2.37395,0,1,1.52111,1.52111,0,1.17516,1.90512,9.16655e+06,4.03458e+06,1.39433e+07,0,0,0,0
73.6013,85.1408,1.86314,0.03,0.06,3.19668,3.19668,0,0.599031,4.6872,4.4108e+06,3.01846e+06,1.40999e+07,0,0,0,0,62.338,61.3098,2.54562,0,1,1.52118,1.52118,0,1.17521,1.90512,9.16655e+06,4.03458e+06,1.3944e+07,0,0,0,0
72.2829,85.1408,2.03273,0.02,0.06,3.41034,3.41034,0,0.599059,4.6872,4.4108e+06,3.01846e+06,1.50423e+07,0,0,0,0,62.338,61.3098,2.87335,0,1,1.65223,1.65223,0,1.17527,1.90512,9.16655e+06,4.03458e+06,1.51452e+07,0,0,0,0
71.3562,85.1408,2.39517,0.02,0.06,3.41049,3.41049,0,0.639097,4.6872,4.4108e+06,3.01846e+06,1.5043e+07,0,0,0,0,62.338,61.3098,3.55167,0,1,1.6523,1.6523,0,1.27651,1.90512,9.16655e+06,4.03458e+06,1.51459e+07,0,0,0,0
69.9338,85.1408,1.86352,0.03,0.06,3.41065,3.41065,0,0.639127,4.6872,4.4108e+06,3.01846e+06,1.50437e+07,0,0,0,0,62.2722,61.3098,2.75212,0,1,1.65238,1.65238,0,1.27657,1.90512,9.16655e+06,4.03458e+06,1.51466e+07,0,0,0,0
68.0209,85.1408,1.38938,0.03,0.06,3.41081,3.41081,0,0.639156,4.6872,4.4108e+06,3.01846e+06,1.50444e+07,0,0,0,0,62.1375,61.3098,2.58437,0,1,1.65246,1.65246,0,1.27663,1.90512,9.16655e+06,4.03458e+06,1.51473e+07,0,0,0,0
66.03,85.1408,1.31365,0.04,0.06,3.41097,3.41097,0,0.639186,4.6872,4.4108e+06,3.01846e+06,1.50451e+07,0,0,0,0,62.0105,61.3098,2.5531,0,1,1.65253,1.65253,0,1.27669,1.90512,9.16655e+06,4.03458e+06,1.5148e+07,0,0,0,0
64.0437,85.1408,1.13833,0.04,0.06,3.30705,3.30705,0,0.639216,4.6872,4.4108e+06,3.01846e+06,1.45867e+07,0,0,0,0,61.6707,61.3098,2.03962,0,1,1.5731,1.5731,0,1.27675,1.90512,9.16655e+06,4.03458e+06,1.44199e+07,0,0,0,0
62.1262,85.1408,1.22554,0.04,0.06,3.3072,3.3072,0,0.619741,4.6872,4.4108e+06,3.01846e+06,1.45874e+07,0,0,0,0,61.3111,61.3098,1.80263,0,1,1.57317,1.57317,0,1.21537,1.90512,9.16655e+06,4.03458e+06,1.44205e+07,0,0,0,0
60.6072,85.1408,1.62916,0.04,0.06,3.30736,3.30736,0,0.61977,4.6872,4.4108e+06,3.01846e+06,1.45881e+07,0,0,0,0,61.0989,61.3098,2.45416,0,1,1.57324,1.57324,0,1.21543,1.90512,9.16655e+06,4.03458e+06,1.44212e+07,0,0,0,0
59.5714,85.1408,2.17695,0.04,0.06,3.30751,3.30751,0,0.619799,4.6872,4.4108e+06,3.01846e+06,1.45888e+07,0,0,0,0,61.1501,61.3098,3.44742,0,1,1.57332,1.57332,0,1.21549,1.90512,9.16655e+06,4.03458e+06,1.44219e+07,0,0,0,0
58.0019,85.1408,1.58609,0.05,0.06,3.22222,3.22222,0,0.619827,4.6872,4.4108e+06,3.01846e+06,1.42126e+07,0,0,0,0,60.3409,61.3098,2.08432,0,1,1.501,1.501,0,1.21554,1.90512,9.16655e+06,4.03458e+06,1.3759e+07,0,0,0,0
55.7818,85.1408,0.938093,0.05,0.06,3.22237,3.22237,0,0.603844,4.6872,4.4108e+06,3.01846e+06,1.42132e+07,0,0,0,0,59.9127,61.3098,0.88788,0,1,1.50107,1.50107,0,1.15967,1.90512,9.16655e+06,4.03458e+06,1.37596e+07,0,0,0,0
54.4559,85.1408,1.86385,0.05,0.06,3.22252,3.22252,0,0.603872,4.6872,4.4108e+06,3.01846e+06,1.42139e+07,0,0,0,0,59.8152,61.3098,2.12326,0,1,1.50114,1.50114,0,1.15972,1.90512,9.16655e+06,4.03458e+06,1.37602e+07,0,0,0,0
54.8274,85.1408,3.69417,0.05,0.06,3.22267,3.22267,0,0.6039,4.6872,4.4108e+06,3.01846e+06,1.42146e+07,0,0,0,0,60.2742,61.3098,4.45707,0,1,1.50121,1.50121,0,1.15978,1.90512,9.16655e+06,4.03458e+06,1.37609e+07,0,0,0,0
54.8174,85.1408,3.0174,0.05,0.06,2.9801,2.9801,0,0.603928,4.6872,4.4108e+06,3.01846e+06,1.31446e+07,0,0,0,0,60.6023,61.3098,3.19822,0,1,1.35048,1.35048,0,1.15983,1.90512,9.16655e+06,4.03458e+06,1.23792e+07,0,0,0,0
55.0729,85.1408,3.23594,0.06,0.06,2.79637,2.98024,0,0.558471,4.6872,4.4108e+06,3.01846e+06,1.23342e+07,0,0,0,0,60.6904,61.3098,3.77769,0,1,1.53441,1.35054,0,1.04338,1.90512,9.16655e+06,4.03458e+06,1.40653e+07,0,0,0,0
56.5692,85.1408,4.65944,0.06,0.06,2.79657,2.98038,0,0.524039,4.6872,4.4108e+06,3.01846e+06,1.23351e+07,0,0,0,0,61.0261,61.3098,4.55599,0,1,1.53441,1.3506,0,1.18549,1.90512,9.16655e+06,4.03458e+06,1.40653e+07,0,0,0,0
56.2757,85.1408,2.76919,0.06,0.06,2.79677,2.98052,0,0.524077,4.6872,4.4108e+06,3.01846e+06,1.2336e+07,0,0,0,0,61.0815,61.3098,2.76394,0,1,1.53441,1.35067,0,1.18549,1.90512,9.16655e+06,4.03458e+06,1.40653e+07,0,0,0,0
55.1907,85.1408,1.85652,0.06,0.06,2.79697,2.98066,0,0.524114,4.6872,4.4108e+06,3.01846e+06,1.23369e+07,0,0,0,0,60.935,61.3098,2.16627,0,1,1.53441,1.35073,0,1.18549,1.90512,9.16655e+06,4.03458e+06,1.40653e+07,0,0,0,0
56.0037,85.1408,3.80588,0.07,0.06,2.79703,2.98066,0,0.524152,4.6872,4.4108e+06,3.01846e+06,1.23372e+07,0,0,0,0,61.7675,61.3098,4.52619,0,1,1.53435,1.35073,0,1.18549,1.90512,9.16655e+06,4.03458e+06,1.40647e+07,0,0,0,0
57.2255,85.1408,4.33985,0.07,0.06,2.89055,3.07417,0,0.524164,4.6872,4.4108e+06,3.01846e+06,1.27496e+07,0,0,0,0,62.338,61.3098,4.55801,0,1,1.57809,1.39446,0,1.18544,1.90512,9.16655e+06,4.03458e+06,1.44656e+07,0,0,0,0
57.9611,85.1408,3.86153,0.07,0.06,2.93441,3.07429,0,0.541688,4.6872,4.4108e+06,3.01846e+06,1.29431e+07,0,0,0,0,62.338,61.3098,3.67863,0,1,1.53441,1.39452,0,1.21923,1.90512,9.16655e+06,4.03458e+06,1.40652e+07,0,0,0,0
61.6399,85.1408,6.79926,0.07,0.06,2.93459,3.07442,0,0.549908,4.6872,4.4108e+06,3.01846e+06,1.29439e+07,0,0,0,0,62.338,61.3098,4.19001,0,1,1.53441,1.39458,0,1.18548,1.90512,9.16655e+06,4.03458e+06,1.40652e+07,0,0,0,0
61.8762,85.1408,3.47302,0.04,0.06,3.07454,3.07454,0,0.549942,4.6872,4.4108e+06,3.01846e+06,1.35612e+07,0,0,0,0,62.338,61.3098,3.85709,0,1,1.39463,1.39463,0,1.18548,1.90512,9.16655e+06,4.03458e+06,1.2784e+07,0,0,0,0
61.7717,85.1408,3.45018,0.04,0.06,3.37457,3.37457,0,0.57617,4.6872,4.4108e+06,3.01846e+06,1.48845e+07,0,0,0,0,62.338,61.3098,3.17499,0,1,1.55868,1.55868,0,1.07749,1.90512,9.16655e+06,4.03458e+06,1.42877e+07,0,0,0,0
62.9189,85.1408,4.72214,0.05,0.06,3.3747,3.3747,0,0.632394,4.6872,4.4108e+06,3.01846e+06,1.48851e+07,0,0,0,0,62.338,61.3098,5.47811,0,1,1.55874,1.55874,0,1.20423,1.90512,9.16655e+06,4.03458e+06,1.42883e+07,0,0,0,0
62.4487,85.1408,3.03489,0.05,0.06,3.37484,3.37484,0,0.632419,4.6872,4.4108e+06,3.01846e+06,1.48858e+07,0,0,0,0,62.338,61.3098,3.06876,0,1,1.5588,1.5588,0,1.20428,1.90512,9.16655e+06,4.03458e+06,1.42889e+07,0,0,0,0
62.016,85.1408,3.06327,0.05,0.06,3.37498,3.37498,0,0.632445,4.6872,4.4108e+06,3.01846e+06,1.48864e+07,0,0,0,0,62.338,61.3098,3.24349,0,1,1.55887,1.55887,0,1.20433,1.90512,9.16655e+06,4.03458e+06,1.42894e+07,0,0,0,0
65.9895,85.1408,7.2987,0.05,0.06,2.9473,2.9473,0,0.632471,4.6872,4.4108e+06,3.01846e+06,1.29999e+07,0,0,0,0,62.338,61.3098,7.13611,0,1,1.33882,1.33882,0,1.20438,1.90512,9.16655e+06,4.03458e+06,1.22724e+07,0,0,0,0
69.1686,85.1408,6.48504,0.05,0.06,2.94742,2.94742,0,0.552323,4.6872,4.4108e+06,3.01846e+06,1.30005e+07,0,0,0,0,62.338,61.3098,4.73252,0,1,1.33888,1.33888,0,1.03438,1.90512,9.16655e+06,4.03458e+06,1.22729e+07,0,0,0,0
70.4628,85.1408,4.63874,0.02,0.06,2.94754,2.94754,0,0.552346,4.6872,4.4108e+06,3.01846e+06,1.3001e+07,0,0,0,0,62.3284,61.3098,3.74849,0,1,1.33893,1.33893,0,1.03442,1.90512,9.16655e+06,4.03458e+06,1.22734e+07,0,0,0,0
71.3366,85.1408,4.14428,0.01,0.06,2.94766,2.94766,0,0.552368,4.6872,4.4108e+06,3.01846e+06,1.30015e+07,0,0,0,0,62.338,61.3098,2.70563,0,1,1.33899,1.33899,0,1.03446,1.90512,9.16655e+06,4.03458e+06,1.22739e+07,0,0,0,0
73.3121,85.1408,5.28643,0.01,0.06,2.94778,2.94778,0,0.552391,4.6872,4.4108e+06,3.01846e+06,1.30021e+07,0,0,0,0,62.1217,61.3098,3.79111,0,1,1.33904,1.33904,0,1.0345,1.90512,9.16655e+06,4.03458e+06,1.22744e+07,0,0,0,0
74.79,85.1408,4.92824,0.01,0.06,3.05561,3.05561,0,0.552413,4.6872,4.4108e+06,3.01846e+06,1.34777e+07,0,0,0,0,62.338,61.3098,2.52708,0,1,1.39295,1.39295,0,1.03454,1.90512,9.16655e+06,4.03458e+06,1.27686e+07,0,0,0,0
76.217,85.1408,4.89768,0.01,0.06,3.05573,3.05573,0,0.57262,4.6872,4.4108e+06,3.01846e+06,1.34782e+07,0,0,0,0,62.338,61.3098,4.8039,0,1,1.39301,1.39301,0,1.0762,1.90512,9.16655e+06,4.03458e+06,1.27691e+07,0,0,0,0
77.1482,85.1408,4.4078,0.01,0.06,3.05585,3.05585,0,0.572644,4.6872,4.4108e+06,3.01846e+06,1.34788e+07,0,0,0,0,62.338,61.3098,3.80796,0,1,1.39307,1.39307,0,1.07624,1.90512,9.16655e+06,4.03458e+06,1.27696e+07,0,0,0,0
77.4062,85.1408,3.59774,0,0.06,3.05598,3.05598,0,0.572667,4.6872,4.4108e+06,3.01846e+06,1.34793e+07,0,0,0,0,62.338,61.3098,2.79731,0,1,1.39312,1.39312,0,1.07628,1.90512,9.16655e+06,4.03458e+06,1.27701e+07,0,0,0,0
77.4214,85.1408,3.37159,0,0.06,3.01398,3.01398,0,0.57269,4.6872,4.4108e+06,3.01846e+06,1.32941e+07,0,0,0,0,62.338,61.3098,2.75239,0,1,1.37226,1.37226,0,1.07633,1.90512,9.16655e+06,4.03458e+06,1.25789e+07,0,0,0,0
77.2645,85.1408,3.09159,0,0.06,3.0141,3.0141,0,0.56482,4.6872,4.4108e+06,3.01846e+06,1.32946e+07,0,0,0,0,62.338,61.3098,2.46918,0,1,1.37231,1.37231,0,1.06021,1.90512,9.16655e+06,4.03458e+06,1.25794e+07,0,0,0,0
77.0292,85.1408,3.00654,0,0.06,3.01423,3.01423,0,0.564843,4.6872,4.4108e+06,3.01846e+06,1.32952e+07,0,0,0,0,62.338,61.3098,2.73453,0,1,1.37237,1.37237,0,1.06025,1.90512,9.16655e+06,4.03458e+06,1.25799e+07,0,0,0,0
76.6854,85.1408,2.88308,0,0.06,3.01435,3.01435,0,0.564866,4.6872,4.4108e+06,3.01846e+06,1.32957e+07,0,0,0,0,62.338,61.3098,2.56741,0,1,1.37243,1.37243,0,1.06029,1.90512,9.16655e+06,4.03458e+06,1.25804e+07,0,0,0,0
76.3508,85.1408,2.99934,0,0.06,3.15747,3.15747,0,0.564889,4.6872,4.4108e+06,3.01846e+06,1.3927e+07,0,0,0,0,62.338,61.3098,2.73867,0,1,1.44669,1.44669,0,1.06034,1.90512,9.16655e+06,4.03458e+06,1.32611e+07,0,0,0,0
75.874,85.1408,2.84088,0.01,0.06,3.1576,3.1576,0,0.59171,4.6872,4.4108e+06,3.01846e+06,1.39275e+07,0,0,0,0,62.338,61.3098,2.46228,0,1,1.44674,1.44674,0,1.11771,1.90512,9.16655e+06,4.03458e+06,1.32616e+07,0,0,0,0
75.1813,85.1408,2.5721,0.01,0.06,3.15772,3.15772,0,0.591734,4.6872,4.4108e+06,3.01846e+06,1.39281e+07,0,0,0,0,62.338,61.3098,2.37094,0,1,1.4468,1.4468,0,1.11775,1.90512,9.16655e+06,4.03458e+06,1.32622e+07,0,0,0,0
74.3724,85.1408,2.4332,0.01,0.06,3.15785,3.15785,0,0.591758,4.6872,4.4108e+06,3.01846e+06,1.39287e+07,0,0,0,0,62.0025,61.3098,2.22923,0,1,1.44686,1.44686,0,1.1178,1.90512,9.16655e+06,4.03458e+06,1.32627e+07,0,0,0,0
72.8486,85.1408,1.65632,0.01,0.06,3.15798,3.15798,0,0.591782,4.6872,4.4108e+06,3.01846e+06,1.39292e+07,0,0,0,0,61.5764,61.3098,1.63632,0,1,1.44692,1.44692,0,1.11785,1.90512,9.16655e+06,4.03458e+06,1.32633e+07,0,0,0,0
71.2326,85.1408,1.51427,0.01,0.06,3.12982,3.12982,0,0.591806,4.6872,4.4108e+06,3.01846e+06,1.3805e+07,0,0,0,0,61.0672,61.3098,1.5262,0,1,1.48777,1.48777,0,1.11789,1.90512,9.16655e+06,4.03458e+06,1.36377e+07,0,0,0,0
69.5779,85.1408,1.44074,0.01,0.06,3.12995,3.12995,0,0.586529,4.6872,4.4108e+06,3.01846e+06,1.38056e+07,0,0,0,0,60.4832,61.3098,1.47755,0,1,1.48783,1.48783,0,1.14945,1.90512,9.16655e+06,4.03458e+06,1.36383e+07,0,0,0,0
67.7626,85.1408,1.24838,0.02,0.06,3.13008,3.13008,0,0.586553,4.6872,4.4108e+06,3.01846e+06,1.38062e+07,0,0,0,0,59.8386,61.3098,1.41337,0,1,1.48789,1.48789,0,1.1495,1.90512,9.16655e+06,4.03458e+06,1.36388e+07,0,0,0,0
65.9273,85.1408,1.20752,0.03,0.06,3.13021,3.13021,0,0.586577,4.6872,4.4108e+06,3.01846e+06,1.38067e+07,0,0,0,0,59.1061,61.3098,1.35994,0,1,1.48795,1.48795,0,1.14955,1.90512,9.16655e+06,4.03458e+06,1.36394e+07,0,0,0,0
63.985,85.1408,1.13796,0.03,0.06,3.20339,3.20339,0,0.586601,4.6872,4.4108e+06,3.01846e+06,1.41295e+07,0,0,0,0,58.2391,61.3098,1.25987,0,1,1.52437,1.52437,0,1.14959,1.90512,9.16655e+06,4.03458e+06,1.39732e+07,0,0,0,0
61.9377,85.1408,1.00985,0.03,0.06,3.20352,3.20352,0,0.600315,4.6872,4.4108e+06,3.01846e+06,1.41301e+07,0,0,0,0,57.3194,61.3098,1.19089,0,1,1.52444,1.52444,0,1.17773,1.90512,9.16655e+06,4.03458e+06,1.39738e+07,0,0,0,0
59.8307,85.1408,0.924345,0.03,0.06,3.20365,3.20365,0,0.60034,4.6872,4.4108e+06,3.01846e+06,1.41307e+07,0,0,0,0,56.38,61.3098,1.11602,0,1,1.5245,1.5245,0,1.17778,1.90512,9.16655e+06,4.03458e+06,1.39744e+07,0,0,0,0
57.6365,85.1408,0.79699,0.03,0.06,3.20378,3.20378,0,0.600364,4.6872,4.4108e+06,3.01846e+06,1.41312e+07,0,0,0,0,55.1927,61.3098,1.1074,0,1,1.52456,1.52456,0,1.17783,1.90512,9.16655e+06,4.03458e+06,1.39749e+07,0,0,0,0
54.3,85.1408,0.536235,0.06,0.06,3.40809,3.41789,0,0.600388,4.6872,4.4108e+06,3.01846e+06,1.50324e+07,0,0,0,0,53.8142,61.3098,0.732123,0,1,1.66568,1.65588,0,1.17787,1.90512,9.16655e+06,4.03458e+06,1.52685e+07,0,0,0,0
51.1911,85.1408,0.771328,0.06,0.06,3.41802,3.41802,0,0.638676,4.6872,4.4108e+06,3.01846e+06,1.50762e+07,0,0,0,0,52.5574,61.3098,0.854449,0,1,1.65595,1.65595,0,1.2869,1.90512,9.16655e+06,4.03458e+06,1.51794e+07,0,0,0,0
50.6403,85.1408,1.11706,0.05,0.06,3.41816,3.41816,0,0.640538,4.6872,4.4108e+06,3.01846e+06,1.50768e+07,0,0,0,0,51.3553,61.3098,1.00107,0,1,1.65602,1.65602,0,1.27939,1.90512,9.16655e+06,4.03458e+06,1.518e+07,0,0,0,0
48.3432,85.1408,0.777369,0.09,0.06,3.4183,3.4183,0,0.640564,4.6872,4.4108e+06,3.01846e+06,1.50775e+07,0,0,0,0,50.5022,61.3098,0.868215,0,1,1.65609,1.65609,0,1.27944,1.90512,9.16655e+06,4.03458e+06,1.51806e+07,0,0,0,0
47.0759,85.1408,1.79954,0.07,0.06,3.41844,3.41844,0,0.64059,4.6872,4.4108e+06,3.01846e+06,1.50781e+07,0,0,0,0,49.8426,61.3098,1.56421,0,1,1.65615,1.65615,0,1.27949,1.90512,9.16655e+06,4.03458e+06,1.51812e+07,0,0,0,0
45.4626,85.1408,1.37533,0.07,0.06,3.31427,3.31427,0,0.640616,4.6872,4.4108e+06,3.01846e+06,1.46186e+07,0,0,0,0,48.8179,61.3098,1.37033,0,1,1.57653,1.57653,0,1.27954,1.90512,9.16655e+06,4.03458e+06,1.44514e+07,0,0,0,0
43.3216,85.1408,0.824129,0.07,0.06,3.31441,3.31441,0,0.621095,4.6872,4.4108e+06,3.01846e+06,1.46192e+07,0,0,0,0,47.7037,61.3098,0.854769,0,1,1.5766,1.5766,0,1.21803,1.90512,9.16655e+06,4.03458e+06,1.44519e+07,0,0,0,0
41.4494,85.1408,1.12158,0.06,0.06,3.31454,3.31454,0,0.62112,4.6872,4.4108e+06,3.01846e+06,1.46198e+07,0,0,0,0,47.3997,61.3098,1.06491,0,1,1.57666,1.57666,0,1.21808,1.90512,9.16655e+06,4.03458e+06,1.44525e+07,0,0,0,0
41.3616,85.1408,2.99292,0.09,0.06,3.31468,3.31468,0,0.621146,4.6872,4.4108e+06,3.01846e+06,1.46204e+07,0,0,0,0,47.2413,61.3098,2.3525,0,1,1.57672,1.57672,0,1.21813,1.90512,9.16655e+06,4.03458e+06,1.44531e+07,0,0,0,0
39.9721,85.1408,1.59132,0.08,0.06,3.22918,3.22918,0,0.621171,4.6872,4.4108e+06,3.01846e+06,1.42433e+07,0,0,0,0,47.0139,61.3098,1.56549,0,1,1.50424,1.50424,0,1.21818,1.90512,9.16655e+06,4.03458e+06,1.37887e+07,0,0,0,0
38.8996,85.1408,1.9,0.07,0.06,3.1992,3.22931,0,0.605149,4.6872,4.4108e+06,3.01846e+06,1.41111e+07,0,0,0,0,46.8815,61.3098,1.83032,0,1,1.53441,1.5043,0,1.16218,1.90512,9.16655e+06,4.03458e+06,1.40653e+07,0,0,0,0
38.5947,85.1408,2.73928,0.07,0.06,3.1994,3.22945,0,0.599531,4.6872,4.4108e+06,3.01846e+06,1.41119e+07,0,0,0,0,46.9452,61.3098,2.2608,0,1,1.53441,1.50436,0,1.18549,1.90512,9.16655e+06,4.03458e+06,1.40653e+07,0,0,0,0
41.0174,85.1408,5.49826,0.07,0.06,3.19959,3.22958,0,0.599567,4.6872,4.4108e+06,3.01846e+06,1.41128e+07,0,0,0,0,47.5272,61.3098,3.4295,0,1,1.53441,1.50442,0,1.18549,1.90512,9.16655e+06,4.03458e+06,1.40653e+07,0,0,0,0
41.2993,85.1408,3.07105,0.07,0.06,2.95655,2.98647,0,0.599603,4.6872,4.4108e+06,3.01846e+06,1.30407e+07,0,0,0,0,47.345,61.3098,1.86495,0,1,1.38329,1.35336,0,1.18549,1.90512,9.16655e+06,4.03458e+06,1.268e+07,0,0,0,0
41.1419,85.1408,2.4493,0.07,0.06,2.80561,2.9866,0,0.554057,4.6872,4.4108e+06,3.01846e+06,1.2375e+07,0,0,0,0,46.9323,61.3098,1.60129,0,1,1.53441,1.35342,0,1.06873,1.90512,9.16655e+06,4.03458e+06,1.40652e+07,0,0,0,0
40.6769,85.1408,2.14023,0.07,0.06,2.80579,2.98672,0,0.525771,4.6872,4.4108e+06,3.01846e+06,1.23758e+07,0,0,0,0,46.5486,61.3098,1.73392,0,1,1.53441,1.35347,0,1.18548,1.90512,9.16655e+06,4.03458e+06,1.40652e+07,0,0,0,0
40.695,85.1408,2.66216,0.08,0.06,2.80596,2.98684,0,0.525804,4.6872,4.4108e+06,3.01846e+06,1.23765e+07,0,0,0,0,46.4066,61.3098,1.76829,0,1,1.53441,1.35353,0,1.18548,1.90512,9.16655e+06,4.03458e+06,1.40652e+07,0,0,0,0
41.5284,85.1408,3.56538,0.09,0.06,2.80614,2.98696,0,0.525837,4.6872,4.4108e+06,3.01846e+06,1.23773e+07,0,0,0,0,46.6561,61.3098,3.06356,0,1,1.53441,1.35358,0,1.18548,1.90512,9.16655e+06,4.03458e+06,1.40652e+07,0,0,0,0
42.4707,85.1408,3.77378,0.1,0.06,2.89989,3.08065,0,0.52587,4.6872,4.4108e+06,3.01846e+06,1.27908e+07,0,0,0,0,46.8497,61.3098,3.48273,0,1,1.57817,1.39741,0,1.18548,1.90512,9.16655e+06,4.03458e+06,1.44664e+07,0,0,0,0
43.0244,85.1408,3.40308,0.1,0.06,2.94382,3.08076,0,0.543439,4.6872,4.4108e+06,3.01846e+06,1.29846e+07,0,0,0,0,47.0108,61.3098,3.19778,0,1,1.5344,1.39745,0,1.2193,1.90512,9.16655e+06,4.03458e+06,1.40652e+07,0,0,0,0
43.6042,85.1408,3.44706,0.08,0.06,2.94397,3.08087,0,0.551671,4.6872,4.4108e+06,3.01846e+06,1.29853e+07,0,0,0,0,47.1806,61.3098,3.24005,0,1,1.5344,1.3975,0,1.18548,1.90512,9.16655e+06,4.03458e+06,1.40652e+07,0,0,0,0
44.4127,85.1408,3.72443,0.08,0.06,2.94413,3.08098,0,0.5517,4.6872,4.4108e+06,3.01846e+06,1.2986e+07,0,0,0,0,47.4537,61.3098,3.57333,0,1,1.5344,1.39755,0,1.18548,1.90512,9.16655e+06,4.03458e+06,1.40652e+07,0,0,0,0
46.6924,85.1408,5.54451,0.08,0.06,3.24481,3.38161,0,0.55173,4.6872,4.4108e+06,3.01846e+06,1.43122e+07,0,0,0,0,48.4184,61.3098,5.152,0,1,1.69873,1.56193,0,1.18548,1.90512,9.16655e+06,4.03458e+06,1.55715e+07,0,0,0,0
49.0781,85.1408,5.81025,0.09,0.06,3.38172,3.38172,0,0.608077,4.6872,4.4108e+06,3.01846e+06,1.49161e+07,0,0,0,0,49.5741,61.3098,5.89315,0,1,1.56198,1.56198,0,1.31244,1.90512,9.16655e+06,4.03458e+06,1.4318e+07,0,0,0,0
51.4166,85.1408,5.76597,0.09,0.06,3.38184,3.38184,0,0.633735,4.6872,4.4108e+06,3.01846e+06,1.49166e+07,0,0,0,0,50.6381,61.3098,5.21358,0,1,1.56204,1.56204,0,1.20679,1.90512,9.16655e+06,4.03458e+06,1.43185e+07,0,0,0,0
54.3758,85.1408,6.43737,0.08,0.06,3.38196,3.38196,0,0.633757,4.6872,4.4108e+06,3.01846e+06,1.49172e+07,0,0,0,0,51.7887,61.3098,5.93174,0,1,1.56209,1.56209,0,1.20683,1.90512,9.16655e+06,4.03458e+06,1.4319e+07,0,0,0,0
56.1681,85.1408,4.98758,0.08,0.06,2.95338,2.95338,0,0.633779,4.6872,4.4108e+06,3.01846e+06,1.30268e+07,0,0,0,0,53.1217,61.3098,5.29612,0,1,1.34159,1.34159,0,1.20687,1.90512,9.16655e+06,4.03458e+06,1.22977e+07,0,0,0,0
57.6049,85.1408,4.47105,0.08,0.06,2.76072,2.95348,0,0.553463,4.6872,4.4108e+06,3.01846e+06,1.2177e+07,0,0,0,0,53.9516,61.3098,4.29414,0,1,1.5344,1.34163,0,1.03651,1.90512,9.16655e+06,4.03458e+06,1.40651e+07,0,0,0,0
59.4865,85.1408,4.97451,0.08,0.06,2.76087,2.95358,0,0.517358,4.6872,4.4108e+06,3.01846e+06,1.21776e+07,0,0,0,0,54.8032,61.3098,4.23659,0,1,1.5344,1.34168,0,1.18548,1.90512,9.16655e+06,4.03458e+06,1.40651e+07,0,0,0,0
60.8911,85.1408,4.49225,0.08,0.06,2.76102,2.95369,0,0.517386,4.6872,4.4108e+06,3.01846e+06,1.21783e+07,0,0,0,0,55.5368,61.3098,3.80013,0,1,1.5344,1.34173,0,1.18548,1.90512,9.16655e+06,4.03458e+06,1.40651e+07,0,0,0,0
62.1581,85.1408,4.5197,0.04,0.06,2.95379,2.95379,0,0.517414,4.6872,4.4108e+06,3.01846e+06,1.30286e+07,0,0,0,0,56.9168,61.3098,4.7677,0,1,1.34177,1.34177,0,1.18548,1.90512,9.16655e+06,4.03458e+06,1.22994e+07,0,0,0,0
63.7652,85.1408,4.94483,0.04,0.06,3.06182,3.06182,0,0.55354,4.6872,4.4108e+06,3.01846e+06,1.35051e+07,0,0,0,0,57.9896,61.3098,4.4116,0,1,1.39579,1.39579,0,1.03665,1.90512,9.16655e+06,4.03458e+06,1.27946e+07,0,0,0,0
64.6383,85.1408,4.1982,0.03,0.06,3.06193,3.06193,0,0.573786,4.6872,4.4108e+06,3.01846e+06,1.35056e+07,0,0,0,0,59.3725,61.3098,4.86905,0,1,1.39584,1.39584,0,1.07839,1.90512,9.16655e+06,4.03458e+06,1.2795e+07,0,0,0,0
65.8329,85.1408,4.55229,0.03,0.06,3.06204,3.06204,0,0.573806,4.6872,4.4108e+06,3.01846e+06,1.3506e+07,0,0,0,0,60.4653,61.3098,4.52029,0,1,1.39589,1.39589,0,1.07842,1.90512,9.16655e+06,4.03458e+06,1.27954e+07,0,0,0,0
66.097,85.1408,3.56118,0.03,0.06,3.06214,3.06214,0,0.573826,4.6872,4.4108e+06,3.01846e+06,1.35065e+07,0,0,0,0,61.1562,61.3098,3.6557,0,1,1.39593,1.39593,0,1.07846,1.90512,9.16655e+06,4.03458e+06,1.27959e+07,0,0,0,0
66.1581,85.1408,3.29287,0.03,0.06,3.02005,3.02005,0,0.573846,4.6872,4.4108e+06,3.01846e+06,1.33208e+07,0,0,0,0,61.9161,61.3098,4.03209,0,1,1.37502,1.37502,0,1.0785,1.90512,9.16655e+06,4.03458e+06,1.26042e+07,0,0,0,0
65.8356,85.1408,2.88451,0.03,0.06,3.02015,3.02015,0,0.565956,4.6872,4.4108e+06,3.01846e+06,1.33213e+07,0,0,0,0,62.338,61.3098,3.64285,0,1,1.37507,1.37507,0,1.06234,1.90512,9.16655e+06,4.03458e+06,1.26046e+07,0,0,0,0
65.244,85.1408,2.58636,0.03,0.06,3.02026,3.02026,0,0.565976,4.6872,4.4108e+06,3.01846e+06,1.33218e+07,0,0,0,0,62.338,61.3098,3.23116,0,1,1.37512,1.37512,0,1.06238,1.90512,9.16655e+06,4.03458e+06,1.26051e+07,0,0,0,0
64.4942,85.1408,2.39327,0.02,0.06,3.02036,3.02036,0,0.565996,4.6872,4.4108e+06,3.01846e+06,1.33222e+07,0,0,0,0,62.338,61.3098,3.06164,0,1,1.37516,1.37516,0,1.06241,1.90512,9.16655e+06,4.03458e+06,1.26055e+07,0,0,0,0
63.6409,85.1408,2.3168,0.02,0.06,3.16375,3.16375,0,0.566016,4.6872,4.4108e+06,3.01846e+06,1.39547e+07,0,0,0,0,62.338,61.3098,3.12959,0,1,1.44956,1.44956,0,1.06245,1.90512,9.16655e+06,4.03458e+06,1.32875e+07,0,0,0,0
62.6789,85.1408,2.17501,0.01,0.06,3.16386,3.16386,0,0.592887,4.6872,4.4108e+06,3.01846e+06,1.39552e+07,0,0,0,0,62.338,61.3098,3.17297,0,1,1.44961,1.44961,0,1.11993,1.90512,9.16655e+06,4.03458e+06,1.3288e+07,0,0,0,0
61.6479,85.1408,2.08773,0.02,0.06,3.16397,3.16397,0,0.592907,4.6872,4.4108e+06,3.01846e+06,1.39556e+07,0,0,0,0,62.338,61.3098,3.08024,0,1,1.44966,1.44966,0,1.11997,1.90512,9.16655e+06,4.03458e+06,1.32884e+07,0,0,0,0
60.5049,85.1408,1.9562,0.02,0.06,3.16408,3.16408,0,0.592928,4.6872,4.4108e+06,3.01846e+06,1.39561e+07,0,0,0,0,62.338,61.3098,2.86925,0,1,1.44971,1.44971,0,1.12001,1.90512,9.16655e+06,4.03458e+06,1.32889e+07,0,0,0,0
60.0876,85.1408,2.67755,0.02,0.06,3.16419,3.16419,0,0.592949,4.6872,4.4108e+06,3.01846e+06,1.39566e+07,0,0,0,0,62.338,61.3098,4.16585,0,1,1.44977,1.44977,0,1.12005,1.90512,9.16655e+06,4.03458e+06,1.32893e+07,0,0,0,0
59.8911,85.1408,2.8798,0.02,0.06,3.13596,3.13596,0,0.592969,4.6872,4.4108e+06,3.01846e+06,1.38321e+07,0,0,0,0,62.338,61.3098,4.63645,0,1,1.49069,1.49069,0,1.12009,1.90512,9.16655e+06,4.03458e+06,1.36645e+07,0,0,0,0
59.4257,85.1408,2.57442,0.03,0.06,3.13607,3.13607,0,0.587679,4.6872,4.4108e+06,3.01846e+06,1.38326e+07,0,0,0,0,62.338,61.3098,4.26172,0,1,1.49074,1.49074,0,1.15171,1.90512,9.16655e+06,4.03458e+06,1.36649e+07,0,0,0,0
58.8144,85.1408,2.41129,0.04,0.06,3.13618,3.13618,0,0.5877,4.6872,4.4108e+06,3.01846e+06,1.38331e+07,0,0,0,0,62.338,61.3098,4.35097,0,1,1.49079,1.49079,0,1.15175,1.90512,9.16655e+06,4.03458e+06,1.36654e+07,0,0,0,0
58.1104,85.1408,2.29239,0.04,0.06,3.13629,3.13629,0,0.58772,4.6872,4.4108e+06,3.01846e+06,1.38336e+07,0,0,0,0,62.338,61.3098,4.12495,0,1,1.49084,1.49084,0,1.15179,1.90512,9.16655e+06,4.03458e+06,1.36659e+07,0,0,0,0
56.9345,85.1408,1.8589,0.04,0.06,3.2096,3.2096,0,0.587741,4.6872,4.4108e+06,3.01846e+06,1.41569e+07,0,0,0,0,62.1844,61.3098,2.70377,0,1,1.52733,1.52733,0,1.15183,1.90512,9.16655e+06,4.03458e+06,1.40003e+07,0,0,0,0
55.6632,85.1408,1.72471,0.05,0.06,3.20971,3.20971,0,0.601478,4.6872,4.4108e+06,3.01846e+06,1.41574e+07,0,0,0,0,61.985,61.3098,2.61975,0,1,1.52738,1.52738,0,1.18001,1.90512,9.16655e+06,4.03458e+06,1.40008e+07,0,0,0,0
54.2632,85.1408,1.57037,0.05,0.06,3.20982,3.20982,0,0.601499,4.6872,4.4108e+06,3.01846e+06,1.41579e+07,0,0,0,0,61.7549,61.3098,2.27985,0,1,1.52743,1.52743,0,1.18005,1.90512,9.16655e+06,4.03458e+06,1.40013e+07,0,0,0,0
53.1559,85.1408,1.83247,0.06,0.06,3.20301,3.20993,0,0.60152,4.6872,4.4108e+06,3.01846e+06,1.41279e+07,0,0,0,0,61.6738,61.3098,3.18779,0,1,1.53441,1.52749,0,1.1801,1.90512,9.16655e+06,4.03458e+06,1.40652e+07,0,0,0,0
52.2175,85.1408,2.1562,0.06,0.06,3.41756,3.42443,0,0.600245,4.6872,4.4108e+06,3.01846e+06,1.50742e+07,0,0,0,0,61.5221,61.3098,3.71955,0,1,1.66592,1.65905,0,1.18548,1.90512,9.16655e+06,4.03458e+06,1.52707e+07,0,0,0,0
50.9349,85.1408,1.80019,0.06,0.06,3.42455,3.42455,0,0.640452,4.6872,4.4108e+06,3.01846e+06,1.5105e+07,0,0,0,0,61.1437,61.3098,2.59145,0,1,1.65911,1.65911,0,1.28709,1.90512,9.16655e+06,4.03458e+06,1.52083e+07,0,0,0,0
50.0691,85.1408,2.20235,0.07,0.06,3.42467,3.42467,0,0.64176,4.6872,4.4108e+06,3.01846e+06,1.51055e+07,0,0,0,0,61.1732,61.3098,4.7973,0,1,1.65917,1.65917,0,1.28183,1.90512,9.16655e+06,4.03458e+06,1.52089e+07,0,0,0,0
48.8015,85.1408,1.77923,0.09,0.06,3.42479,3.42479,0,0.641783,4.6872,4.4108e+06,3.01846e+06,1.51061e+07,0,0,0,0,60.9601,61.3098,3.33445,0,1,1.65923,1.65923,0,1.28188,1.90512,9.16655e+06,4.03458e+06,1.52094e+07,0,0,0,0
48.1816,85.1408,2.44965,0.07,0.06,3.42491,3.42491,0,0.641805,4.6872,4.4108e+06,3.01846e+06,1.51066e+07,0,0,0,0,60.909,61.3098,4.1321,0,1,1.65929,1.65929,0,1.28192,1.90512,9.16655e+06,4.03458e+06,1.52099e+07,0,0,0,0
47.6943,85.1408,2.47778,0.07,0.06,3.32053,3.32053,0,0.641828,4.6872,4.4108e+06,3.01846e+06,1.46462e+07,0,0,0,0,61.4547,61.3098,7.56955,0,1,1.57951,1.57951,0,1.28196,1.90512,9.16655e+06,4.03458e+06,1.44786e+07,0,0,0,0
46.9293,85.1408,2.20286,0.06,0.06,3.32064,3.32064,0,0.622267,4.6872,4.4108e+06,3.01846e+06,1.46467e+07,0,0,0,0,61.4148,61.3098,4.68625,0,1,1.57956,1.57956,0,1.22033,1.90512,9.16655e+06,4.03458e+06,1.44791e+07,0,0,0,0
45.8024,85.1408,1.83191,0.06,0.06,3.32076,3.32076,0,0.622288,4.6872,4.4108e+06,3.01846e+06,1.46472e+07,0,0,0,0,61.2786,61.3098,4.16028,0,1,1.57962,1.57962,0,1.22037,1.90512,9.16655e+06,4.03458e+06,1.44796e+07,0,0,0,0
46.1737,85.1408,3.4659,0.05,0.06,3.32087,3.32087,0,0.62231,4.6872,4.4108e+06,3.01846e+06,1.46477e+07,0,0,0,0,61.7823,61.3098,5.85157,0,1,1.57967,1.57967,0,1.22041,1.90512,9.16655e+06,4.03458e+06,1.44801e+07,0,0,0,0
48.2682,85.1408,5.3036,0.05,0.06,3.2352,3.2352,0,0.622332,4.6872,4.4108e+06,3.01846e+06,1.42698e+07,0,0,0,0,62.338,61.3098,9.34162,0,1,1.50704,1.50704,0,1.22045,1.90512,9.16655e+06,4.03458e+06,1.38144e+07,0,0,0,0
52.0219,85.1408,6.93728,0.05,0.06,3.23531,3.23531,0,0.606277,4.6872,4.4108e+06,3.01846e+06,1.42703e+07,0,0,0,0,62.338,61.3098,10.3429,0,1,1.5071,1.5071,0,1.16434,1.90512,9.16655e+06,4.03458e+06,1.38149e+07,0,0,0,0
54.5331,85.1408,5.8003,0.05,0.06,3.23543,3.23543,0,0.606298,4.6872,4.4108e+06,3.01846e+06,1.42708e+07,0,0,0,0,62.338,61.3098,6.71975,0,1,1.50715,1.50715,0,1.16438,1.90512,9.16655e+06,4.03458e+06,1.38154e+07,0,0,0,0
57.6369,85.1408,6.44448,0.05,0.06,3.23554,3.23554,0,0.606319,4.6872,4.4108e+06,3.01846e+06,1.42713e+07,0,0,0,0,62.338,61.3098,11.5843,0,1,1.5072,1.5072,0,1.16442,1.90512,9.16655e+06,4.03458e+06,1.38158e+07,0,0,0,0
62.2524,85.1408,7.80501,0.05,0.06,2.99197,2.99197,0,0.60634,4.6872,4.4108e+06,3.01846e+06,1.3197e+07,0,0,0,0,62.338,61.3098,10.7676,0,1,1.35586,1.35586,0,1.16446,1.90512,9.16655e+06,4.03458e+06,1.24285e+07,0,0,0,0
65.6599,85.1408,6.54535,0.04,0.06,2.99208,2.99208,0,0.560695,4.6872,4.4108e+06,3.01846e+06,1.31975e+07,0,0,0,0,62.338,61.3098,7.25739,0,1,1.3559,1.3559,0,1.04753,1.90512,9.16655e+06,4.03458e+06,1.24289e+07,0,0,0,0
68.2909,85.1408,5.83957,0.04,0.06,2.99218,2.99218,0,0.560715,4.6872,4.4108e+06,3.01846e+06,1.31979e+07,0,0,0,0,62.338,61.3098,7.37302,0,1,1.35595,1.35595,0,1.04757,1.90512,9.16655e+06,4.03458e+06,1.24294e+07,0,0,0,0
74.5728,85.1408,9.49502,0.02,0.06,2.99228,2.99228,0,0.560735,4.6872,4.4108e+06,3.01846e+06,1.31984e+07,0,0,0,0,62.338,61.3098,8.21605,0,1,1.356,1.356,0,1.04761,1.90512,9.16655e+06,4.03458e+06,1.24298e+07,0,0,0,0
80.965,85.1408,9.82069,0.02,0.06,2.99239,2.99239,0,0.560754,4.6872,4.4108e+06,3.01846e+06,1.31988e+07,0,0,0,0,62.338,61.3098,9.2791,0,1,1.35605,1.35605,0,1.04764,1.90512,9.16655e+06,4.03458e+06,1.24303e+07,0,0,0,0
85.1408,85.1408,11.7929,0,0.06,3.08624,3.08624,0,0.560774,4.6872,4.4108e+06,3.01846e+06,1.36128e+07,0,0,0,0,62.338,61.3098,9.98797,0,1,1.39994,1.39994,0,1.04768,1.90512,9.16655e+06,4.03458e+06,1.28326e+07,0,0,0,0
85.1408,85.1408,6.35942,0,0.06,3.08633,3.08633,0,0.57836,4.6872,4.4108e+06,3.01846e+06,1.36132e+07,0,0,0,0,62.338,61.3098,6.62478,0,1,1.39998,1.39998,0,1.08159,1.90512,9.16655e+06,4.03458e+06,1.2833e+07,0,0,0,0
85.1408,85.1408,9.65017,0,0.06,3.08642,3.08642,0,0.578377,4.6872,4.4108e+06,3.01846e+06,1.36136e+07,0,0,0,0,62.338,61.3098,10.9157,0,1,1.40002,1.40002,0,1.08162,1.90512,9.16655e+06,4.03458e+06,1.28333e+07,0,0,0,0
85.1408,85.1408,6.29893,0,0.06,3.08651,3.08651,0,0.578394,4.6872,4.4108e+06,3.01846e+06,1.3614e+07,0,0,0,0,62.338,61.3098,6.63903,0,1,1.40006,1.40006,0,1.08166,1.90512,9.16655e+06,4.03458e+06,1.28337e+07,0,0,0,0
85.1408,85.1408,8.26252,0,0.06,3.38766,3.38766,0,0.578411,4.6872,4.4108e+06,3.01846e+06,1.49423e+07,0,0,0,0,62.338,61.3098,12.0473,0,1,1.56472,1.56472,0,1.08169,1.90512,9.16655e+06,4.03458e+06,1.43431e+07,0,0,0,0
85.1408,85.1408,8.18256,0,0.06,3.38775,3.38775,0,0.634847,4.6872,4.4108e+06,3.01846e+06,1.49427e+07,0,0,0,0,62.338,61.3098,11.0489,0,1,1.56477,1.56477,0,1.20891,1.90512,9.16655e+06,4.03458e+06,1.43435e+07,0,0,0,0
85.1408,85.1408,5.51438,0,0.06,3.38785,3.38785,0,0.634865,4.6872,4.4108e+06,3.01846e+06,1.49432e+07,0,0,0,0,62.338,61.3098,6.23444,0,1,1.56482,1.56482,0,1.20894,1.90512,9.16655e+06,4.03458e+06,1.4344e+07,0,0,0,0
85.1408,85.1408,4.64993,0,0.06,3.38795,3.38795,0,0.634884,4.6872,4.4108e+06,3.01846e+06,1.49436e+07,0,0,0,0,62.338,61.3098,4.41709,0,1,1.56486,1.56486,0,1.20898,1.90512,9.16655e+06,4.03458e+06,1.43444e+07,0,0,0,0
85.1408,85.1408,8.17801,0,0.06,2.95859,2.95859,0,0.634902,4.6872,4.4108e+06,3.01846e+06,1.30498e+07,0,0,0,0,62.338,61.3098,7.97243,0,1,1.34396,1.34396,0,1.20901,1.90512,9.16655e+06,4.03458e+06,1.23194e+07,0,0,0,0
85.1408,85.1408,6.45522,0,0.06,2.95868,2.95868,0,0.554441,4.6872,4.4108e+06,3.01846e+06,1.30502e+07,0,0,0,0,62.338,61.3098,5.01505,0,1,1.344,1.344,0,1.03834,1.90512,9.16655e+06,4.03458e+06,1.23198e+07,0,0,0,0
85.1408,85.1408,5.62925,0,0.06,2.95877,2.95877,0,0.554457,4.6872,4.4108e+06,3.01846e+06,1.30505e+07,0,0,0,0,62.338,61.3098,4.94371,0,1,1.34403,1.34403,0,1.03837,1.90512,9.16655e+06,4.03458e+06,1.23202e+07,0,0,0,0
85.1408,85.1408,9.53543,0,0.06,2.95885,2.95885,0,0.554473,4.6872,4.4108e+06,3.01846e+06,1.30509e+07,0,0,0,0,62.338,61.3098,8.07557,0,1,1.34407,1.34407,0,1.0384,1.90512,9.16655e+06,4.03458e+06,1.23205e+07,0,0,0,0
85.1408,85.1408,7.58532,0,0.06,2.95894,2.95894,0,0.554489,4.6872,4.4108e+06,3.01846e+06,1.30513e+07,0,0,0,0,62.338,61.3098,6.81266,0,1,1.34411,1.34411,0,1.03843,1.90512,9.16655e+06,4.03458e+06,1.23209e+07,0,0,0,0
85.1408,85.1408,10.0687,0,0.06,3.06714,3.06714,0,0.554505,4.6872,4.4108e+06,3.01846e+06,1.35286e+07,0,0,0,0,62.338,61.3098,9.31883,0,1,1.39821,1.39821,0,1.03846,1.90512,9.16655e+06,4.03458e+06,1.28168e+07,0,0,0,0
85.1408,85.1408,7.91313,0,0.06,3.06723,3.06723,0,0.574783,4.6872,4.4108e+06,3.01846e+06,1.3529e+07,0,0,0,0,62.338,61.3098,7.76154,0,1,1.39825,1.39825,0,1.08026,1.90512,9.16655e+06,4.03458e+06,1.28172e+07,0,0,0,0
85.1408,85.1408,6.27485,0,0.06,3.06732,3.06732,0,0.5748,4.6872,4.4108e+06,3.01846e+06,1.35294e+07,0,0,0,0,62.338,61.3098,6.06604,0,1,1.3983,1.3983,0,1.08029,1.90512,9.16655e+06,4.03458e+06,1.28175e+07,0,0,0,0
85.1408,85.1408,5.83715,0,0.06,3.06741,3.06741,0,0.574816,4.6872,4.4108e+06,3.01846e+06,1.35298e+07,0,0,0,0,62.338,61.3098,5.38119,0,1,1.39834,1.39834,0,1.08032,1.90512,9.16655e+06,4.03458e+06,1.28179e+07,0,0,0,0
85.1408,85.1408,5.30513,0,0.06,3.02522,3.02522,0,0.574833,4.6872,4.4108e+06,3.01846e+06,1.33437e+07,0,0,0,0,62.338,61.3098,4.89951,0,1,1.37738,1.37738,0,1.08035,1.90512,9.16655e+06,4.03458e+06,1.26258e+07,0,0,0,0
85.1408,85.1408,4.87548,0,0.06,3.02531,3.02531,0,0.566927,4.6872,4.4108e+06,3.01846e+06,1.33441e+07,0,0,0,0,62.338,61.3098,4.7769,0,1,1.37742,1.37742,0,1.06416,1.90512,9.16655e+06,4.03458e+06,1.26262e+07,0,0,0,0
85.1408,85.1408,4.69336,0,0.06,3.0254,3.0254,0,0.566944,4.6872,4.4108e+06,3.01846e+06,1.33445e+07,0,0,0,0,62.338,61.3098,4.31402,0,1,1.37746,1.37746,0,1.06419,1.90512,9.16655e+06,4.03458e+06,1.26265e+07,0,0,0,0
85.1408,85.1408,4.10398,0,0.06,3.02549,3.02549,0,0.56696,4.6872,4.4108e+06,3.01846e+06,1.33448e+07,0,0,0,0,62.338,61.3098,4.20417,0,1,1.3775,1.3775,0,1.06422,1.90512,9.16655e+06,4.03458e+06,1.26269e+07,0,0,0,0
85.1408,85.1408,3.87617,0,0.06,3.1691,3.1691,0,0.566977,4.6872,4.4108e+06,3.01846e+06,1.39783e+07,0,0,0,0,62.338,61.3098,3.85704,0,1,1.45202,1.45202,0,1.06426,1.90512,9.16655e+06,4.03458e+06,1.331e+07,0,0,0,0
85.0856,85.1408,3.21625,0,0.06,3.1692,3.1692,0,0.59389,4.6872,4.4108e+06,3.01846e+06,1.39787e+07,0,0,0,0,62.338,61.3098,3.3353,0,1,1.45206,1.45206,0,1.12183,1.90512,9.16655e+06,4.03458e+06,1.33104e+07,0,0,0,0
84.9137,85.1408,3.0602,0,0.06,3.16929,3.16929,0,0.593907,4.6872,4.4108e+06,3.01846e+06,1.39791e+07,0,0,0,0,62.338,61.3098,3.0878,0,1,1.4521,1.4521,0,1.12186,1.90512,9.16655e+06,4.03458e+06,1.33108e+07,0,0,0,0
84.6634,85.1408,2.97422,0,0.06,3.16938,3.16938,0,0.593925,4.6872,4.4108e+06,3.01846e+06,1.39795e+07,0,0,0,0,62.338,61.3098,3.23764,0,1,1.45214,1.45214,0,1.12189,1.90512,9.16655e+06,4.03458e+06,1.33111e+07,0,0,0,0
83.9246,85.1408,2.49348,0,0.06,3.16947,3.16947,0,0.593942,4.6872,4.4108e+06,3.01846e+06,1.39799e+07,0,0,0,0,62.338,61.3098,2.57442,0,1,1.45219,1.45219,0,1.12193,1.90512,9.16655e+06,4.03458e+06,1.33115e+07,0,0,0,0
83.0045,85.1408,2.28883,0.01,0.06,3.14118,3.14118,0,0.593959,4.6872,4.4108e+06,3.01846e+06,1.38551e+07,0,0,0,0,62.338,61.3098,2.2621,0,1,1.49317,1.49317,0,1.12196,1.90512,9.16655e+06,4.03458e+06,1.36872e+07,0,0,0,0
82.0392,85.1408,2.23031,0.01,0.06,3.14127,3.14127,0,0.588657,4.6872,4.4108e+06,3.01846e+06,1.38555e+07,0,0,0,0,62.338,61.3098,2.2091,0,1,1.49321,1.49321,0,1.15362,1.90512,9.16655e+06,4.03458e+06,1.36876e+07,0,0,0,0
80.9581,85.1408,2.07913,0.01,0.06,3.14136,3.14136,0,0.588674,4.6872,4.4108e+06,3.01846e+06,1.38559e+07,0,0,0,0,62.2954,61.3098,2.11314,0,1,1.49326,1.49326,0,1.15366,1.90512,9.16655e+06,4.03458e+06,1.3688e+07,0,0,0,0
79.6125,85.1408,1.78761,0.01,0.06,3.14145,3.14145,0,0.588691,4.6872,4.4108e+06,3.01846e+06,1.38563e+07,0,0,0,0,61.8661,61.3098,1.96075,0,1,1.4933,1.4933,0,1.15369,1.90512,9.16655e+06,4.03458e+06,1.36884e+07,0,0,0,0
78.0773,85.1408,1.655,0.01,0.06,3.21486,3.21486,0,0.588708,4.6872,4.4108e+06,3.01846e+06,1.41801e+07,0,0,0,0,61.4476,61.3098,1.63272,0,1,1.52983,1.52983,0,1.15372,1.90512,9.16655e+06,4.03458e+06,1.40233e+07,0,0,0,0
76.4458,85.1408,1.53211,0.01,0.06,3.21496,3.21496,0,0.602465,4.6872,4.4108e+06,3.01846e+06,1.41805e+07,0,0,0,0,60.8487,61.3098,1.62539,0,1,1.52988,1.52988,0,1.18195,1.90512,9.16655e+06,4.03458e+06,1.40237e+07,0,0,0,0
74.717,85.1408,1.41961,0.03,0.06,3.21505,3.21505,0,0.602483,4.6872,4.4108e+06,3.01846e+06,1.4181e+07,0,0,0,0,60.335,61.3098,1.45539,0,1,1.52992,1.52992,0,1.18198,1.90512,9.16655e+06,4.03458e+06,1.40241e+07,0,0,0,0
73.0352,85.1408,1.44506,0.02,0.06,3.21515,3.21515,0,0.602501,4.6872,4.4108e+06,3.01846e+06,1.41814e+07,0,0,0,0,59.7743,61.3098,1.63896,0,1,1.52997,1.52997,0,1.18202,1.90512,9.16655e+06,4.03458e+06,1.40245e+07,0,0,0,0
71.0111,85.1408,1.27476,0.03,0.06,3.42997,3.42997,0,0.602518,4.6872,4.4108e+06,3.01846e+06,1.51289e+07,0,0,0,0,59.1431,61.3098,1.45446,0,1,1.66174,1.66174,0,1.18205,1.90512,9.16655e+06,4.03458e+06,1.52324e+07,0,0,0,0
69.0025,85.1408,1.27866,0.03,0.06,3.43007,3.43007,0,0.642777,4.6872,4.4108e+06,3.01846e+06,1.51294e+07,0,0,0,0,58.3495,61.3098,1.60905,0,1,1.66179,1.66179,0,1.28386,1.90512,9.16655e+06,4.03458e+06,1.52329e+07,0,0,0,0
66.7733,85.1408,1.05079,0.03,0.06,3.43017,3.43017,0,0.642795,4.6872,4.4108e+06,3.01846e+06,1.51298e+07,0,0,0,0,57.8131,61.3098,1.28229,0,1,1.66184,1.66184,0,1.2839,1.90512,9.16655e+06,4.03458e+06,1.52333e+07,0,0,0,0
64.7457,85.1408,1.21896,0.04,0.06,3.43027,3.43027,0,0.642814,4.6872,4.4108e+06,3.01846e+06,1.51303e+07,0,0,0,0,57.2134,61.3098,1.93826,0,1,1.66189,1.66189,0,1.28394,1.90512,9.16655e+06,4.03458e+06,1.52338e+07,0,0,0,0
62.4135,85.1408,0.929867,0.04,0.06,3.43037,3.43037,0,0.642833,4.6872,4.4108e+06,3.01846e+06,1.51307e+07,0,0,0,0,56.6897,61.3098,1.33554,0,1,1.66193,1.66193,0,1.28397,1.90512,9.16655e+06,4.03458e+06,1.52342e+07,0,0,0,0
60.1142,85.1408,0.908696,0.04,0.06,3.32581,3.32581,0,0.642852,4.6872,4.4108e+06,3.01846e+06,1.46695e+07,0,0,0,0,56.3822,61.3098,1.71044,0,1,1.58202,1.58202,0,1.28401,1.90512,9.16655e+06,4.03458e+06,1.45016e+07,0,0,0,0
57.818,85.1408,0.879698,0.04,0.06,3.3259,3.3259,0,0.623256,4.6872,4.4108e+06,3.01846e+06,1.46699e+07,0,0,0,0,56.0765,61.3098,1.7145,0,1,1.58206,1.58206,0,1.22227,1.90512,9.16655e+06,4.03458e+06,1.45021e+07,0,0,0,0
55.5205,85.1408,0.844204,0.05,0.06,3.326,3.326,0,0.623274,4.6872,4.4108e+06,3.01846e+06,1.46703e+07,0,0,0,0,55.7816,61.3098,1.83864,0,1,1.58211,1.58211,0,1.2223,1.90512,9.16655e+06,4.03458e+06,1.45025e+07,0,0,0,0
53.6906,85.1408,1.37361,0.05,0.06,3.3261,3.3261,0,0.623292,4.6872,4.4108e+06,3.01846e+06,1.46708e+07,0,0,0,0,55.2517,61.3098,2.30277,0,1,1.58216,1.58216,0,1.22234,1.90512,9.16655e+06,4.03458e+06,1.45029e+07,0,0,0,0
51.3255,85.1408,0.720798,0.05,0.06,3.24027,3.24027,0,0.623311,4.6872,4.4108e+06,3.01846e+06,1.42922e+07,0,0,0,0,54.9254,61.3098,1.28238,0,1,1.50941,1.50941,0,1.22237,1.90512,9.16655e+06,4.03458e+06,1.3836e+07,0,0,0,0
49.6405,85.1408,1.37965,0.05,0.06,3.24037,3.24037,0,0.607227,4.6872,4.4108e+06,3.01846e+06,1.42926e+07,0,0,0,0,54.9556,61.3098,1.89245,0,1,1.50945,1.50945,0,1.16617,1.90512,9.16655e+06,4.03458e+06,1.38364e+07,0,0,0,0
47.7597,85.1408,1.12724,0.06,0.06,3.21556,3.24046,0,0.607244,4.6872,4.4108e+06,3.01846e+06,1.41832e+07,0,0,0,0,55.0765,61.3098,2.75036,0,1,1.5344,1.50949,0,1.1662,1.90512,9.16655e+06,4.03458e+06,1.40651e+07,0,0,0,0
45.7767,85.1408,1.02723,0.06,0.06,3.2157,3.24055,0,0.602595,4.6872,4.4108e+06,3.01846e+06,1.41838e+07,0,0,0,0,55.0057,61.3098,1.91178,0,1,1.5344,1.50954,0,1.18547,1.90512,9.16655e+06,4.03458e+06,1.40651e+07,0,0,0,0
44.5435,85.1408,1.58138,0.06,0.06,2.97178,2.99659,0,0.602622,4.6872,4.4108e+06,3.01846e+06,1.31079e+07,0,0,0,0,54.9565,61.3098,2.42679,0,1,1.38276,1.35795,0,1.18547,1.90512,9.16655e+06,4.03458e+06,1.26752e+07,0,0,0,0
43.1993,85.1408,1.30935,0.06,0.06,2.82028,2.99668,0,0.556911,4.6872,4.4108e+06,3.01846e+06,1.24397e+07,0,0,0,0,54.4614,61.3098,2.4328,0,1,1.53439,1.35799,0,1.06832,1.90512,9.16655e+06,4.03458e+06,1.40651e+07,0,0,0,0
42.0184,85.1408,1.45454,0.06,0.06,2.8204,2.99677,0,0.52852,4.6872,4.4108e+06,3.01846e+06,1.24402e+07,0,0,0,0,54.0844,61.3098,1.56464,0,1,1.53439,1.35803,0,1.18547,1.90512,9.16655e+06,4.03458e+06,1.40651e+07,0,0,0,0
41.3402,85.1408,1.98232,0.09,0.06,2.82053,2.99685,0,0.528544,4.6872,4.4108e+06,3.01846e+06,1.24408e+07,0,0,0,0,54.1675,61.3098,2.23948,0,1,1.53439,1.35807,0,1.18547,1.90512,9.16655e+06,4.03458e+06,1.40651e+07,0,0,0,0
41.1644,85.1408,2.50808,0.09,0.06,2.82066,2.99694,0,0.528568,4.6872,4.4108e+06,3.01846e+06,1.24414e+07,0,0,0,0,54.5107,61.3098,3.6134,0,1,1.53439,1.35811,0,1.18547,1.90512,9.16655e+06,4.03458e+06,1.40651e+07,0,0,0,0
42.0143,85.1408,3.82302,0.1,0.06,2.91467,3.09091,0,0.528591,4.6872,4.4108e+06,3.01846e+06,1.2856e+07,0,0,0,0,54.9967,61.3098,5.39877,0,1,1.5783,1.40206,0,1.18547,1.90512,9.16655e+06,4.03458e+06,1.44676e+07,0,0,0,0
42.2403,85.1408,3.07287,0.1,0.06,2.95869,3.09099,0,0.546209,4.6872,4.4108e+06,3.01846e+06,1.30502e+07,0,0,0,0,55.3685,61.3098,4.64808,0,1,1.53439,1.40209,0,1.2194,1.90512,9.16655e+06,4.03458e+06,1.4065e+07,0,0,0,0
42.0255,85.1408,2.59075,0.11,0.06,2.9588,3.09106,0,0.554459,4.6872,4.4108e+06,3.01846e+06,1.30507e+07,0,0,0,0,55.6214,61.3098,4.07516,0,1,1.53438,1.40213,0,1.18547,1.90512,9.16655e+06,4.03458e+06,1.4065e+07,0,0,0,0
41.7871,85.1408,2.60985,0.13,0.06,2.95891,3.09113,0,0.554479,4.6872,4.4108e+06,3.01846e+06,1.30511e+07,0,0,0,0,55.8426,61.3098,4.11384,0,1,1.53438,1.40216,0,1.18547,1.90512,9.16655e+06,4.03458e+06,1.4065e+07,0,0,0,0
43.6222,85.1408,5.12803,0.13,0.06,3.26052,3.39271,0,0.554499,4.6872,4.4108e+06,3.01846e+06,1.43815e+07,0,0,0,0,56.8595,61.3098,6.84644,0,1,1.69925,1.56706,0,1.18547,1.90512,9.16655e+06,4.03458e+06,1.55763e+07,0,0,0,0
44.643,85.1408,4.53351,0.09,0.06,3.39279,3.39279,0,0.611021,4.6872,4.4108e+06,3.01846e+06,1.49649e+07,0,0,0,0,57.7865,61.3098,6.19824,0,1,1.5671,1.5671,0,1.31284,1.90512,9.16655e+06,4.03458e+06,1.43649e+07,0,0,0,0
45.7523,85.1408,4.57689,0.09,0.06,3.39287,3.39287,0,0.635809,4.6872,4.4108e+06,3.01846e+06,1.49653e+07,0,0,0,0,59.1374,61.3098,7.48567,0,1,1.56713,1.56713,0,1.21074,1.90512,9.16655e+06,4.03458e+06,1.43652e+07,0,0,0,0
46.3891,85.1408,4.03461,0.09,0.06,3.39295,3.39295,0,0.635824,4.6872,4.4108e+06,3.01846e+06,1.49656e+07,0,0,0,0,59.856,61.3098,5.49811,0,1,1.56717,1.56717,0,1.21077,1.90512,9.16655e+06,4.03458e+06,1.43655e+07,0,0,0,0
50.4704,85.1408,7.46645,0.09,0.06,2.96294,2.96294,0,0.635839,4.6872,4.4108e+06,3.01846e+06,1.3069e+07,0,0,0,0,62.338,61.3098,8.73195,0,1,1.34593,1.34593,0,1.2108,1.90512,9.16655e+06,4.03458e+06,1.23375e+07,0,0,0,0
54.2928,85.1408,7.26369,0.12,0.06,2.77459,2.96301,0,0.555256,4.6872,4.4108e+06,3.01846e+06,1.22382e+07,0,0,0,0,62.338,61.3098,7.07352,0,1,1.53438,1.34596,0,1.03987,1.90512,9.16655e+06,4.03458e+06,1.4065e+07,0,0,0,0
60.8165,85.1408,9.91298,0.08,0.06,2.77469,2.96308,0,0.519959,4.6872,4.4108e+06,3.01846e+06,1.22386e+07,0,0,0,0,62.338,61.3098,11.3653,0,1,1.53438,1.34599,0,1.18546,1.90512,9.16655e+06,4.03458e+06,1.4065e+07,0,0,0,0
70.1133,85.1408,12.9809,0.05,0.06,2.96315,2.96315,0,0.519978,4.6872,4.4108e+06,3.01846e+06,1.30699e+07,0,0,0,0,62.338,61.3098,14.1276,0,1,1.34603,1.34603,0,1.18546,1.90512,9.16655e+06,4.03458e+06,1.23384e+07,0,0,0,0
73.7944,85.1408,7.25353,0.01,0.06,2.96322,2.96322,0,0.555295,4.6872,4.4108e+06,3.01846e+06,1.30702e+07,0,0,0,0,62.338,61.3098,7.40691,0,1,1.34606,1.34606,0,1.03994,1.90512,9.16655e+06,4.03458e+06,1.23387e+07,0,0,0,0
74.7809,85.1408,4.39964,0.01,0.06,3.07156,3.07156,0,0.555308,4.6872,4.4108e+06,3.01846e+06,1.35481e+07,0,0,0,0,62.338,61.3098,6.49783,0,1,1.40023,1.40023,0,1.03996,1.90512,9.16655e+06,4.03458e+06,1.28353e+07,0,0,0,0
75.159,85.1408,3.7788,0.01,0.06,3.07164,3.07164,0,0.575611,4.6872,4.4108e+06,3.01846e+06,1.35484e+07,0,0,0,0,62.338,61.3098,5.77875,0,1,1.40026,1.40026,0,1.08182,1.90512,9.16655e+06,4.03458e+06,1.28356e+07,0,0,0,0
75.8328,85.1408,4.03428,0.01,0.06,3.07171,3.07171,0,0.575625,4.6872,4.4108e+06,3.01846e+06,1.35487e+07,0,0,0,0,62.338,61.3098,5.58685,0,1,1.40029,1.40029,0,1.08184,1.90512,9.16655e+06,4.03458e+06,1.28359e+07,0,0,0,0
75.8517,85.1408,3.35624,0.01,0.06,3.07178,3.07178,0,0.575638,4.6872,4.4108e+06,3.01846e+06,1.3549e+07,0,0,0,0,62.338,61.3098,4.8716,0,1,1.40033,1.40033,0,1.08187,1.90512,9.16655e+06,4.03458e+06,1.28362e+07,0,0,0,0
76.2637,85.1408,3.71712,0.01,0.06,3.02951,3.02951,0,0.575652,4.6872,4.4108e+06,3.01846e+06,1.33626e+07,0,0,0,0,62.338,61.3098,3.93561,0,1,1.37933,1.37933,0,1.08189,1.90512,9.16655e+06,4.03458e+06,1.26437e+07,0,0,0,0
76.017,85.1408,3.05793,0,0.06,3.02959,3.02959,0,0.567731,4.6872,4.4108e+06,3.01846e+06,1.33629e+07,0,0,0,0,62.338,61.3098,3.39734,0,1,1.37936,1.37936,0,1.06567,1.90512,9.16655e+06,4.03458e+06,1.2644e+07,0,0,0,0
75.6254,85.1408,2.80395,0,0.06,3.02966,3.02966,0,0.567744,4.6872,4.4108e+06,3.01846e+06,1.33632e+07,0,0,0,0,62.338,61.3098,3.05605,0,1,1.3794,1.3794,0,1.0657,1.90512,9.16655e+06,4.03458e+06,1.26443e+07,0,0,0,0
75.1649,85.1408,2.72671,0,0.06,3.02973,3.02973,0,0.567758,4.6872,4.4108e+06,3.01846e+06,1.33635e+07,0,0,0,0,62.338,61.3098,3.3853,0,1,1.37943,1.37943,0,1.06572,1.90512,9.16655e+06,4.03458e+06,1.26446e+07,0,0,0,0
74.4631,85.1408,2.60783,0,0.06,3.17352,3.17352,0,0.567771,4.6872,4.4108e+06,3.01846e+06,1.39978e+07,0,0,0,0,62.338,61.3098,3.09816,0,1,1.45404,1.45404,0,1.06575,1.90512,9.16655e+06,4.03458e+06,1.33285e+07,0,0,0,0
73.5623,85.1408,2.34796,0.01,0.06,3.1736,3.1736,0,0.594718,4.6872,4.4108e+06,3.01846e+06,1.39981e+07,0,0,0,0,62.338,61.3098,3.03203,0,1,1.45408,1.45408,0,1.12339,1.90512,9.16655e+06,4.03458e+06,1.33289e+07,0,0,0,0
72.581,85.1408,2.24454,0.01,0.06,3.17367,3.17367,0,0.594732,4.6872,4.4108e+06,3.01846e+06,1.39984e+07,0,0,0,0,62.338,61.3098,3.06113,0,1,1.45411,1.45411,0,1.12342,1.90512,9.16655e+06,4.03458e+06,1.33292e+07,0,0,0,0
71.5135,85.1408,2.1422,0.01,0.06,3.17375,3.17375,0,0.594746,4.6872,4.4108e+06,3.01846e+06,1.39988e+07,0,0,0,0,62.338,61.3098,2.96727,0,1,1.45414,1.45414,0,1.12345,1.90512,9.16655e+06,4.03458e+06,1.33295e+07,0,0,0,0
70.6992,85.1408,2.39746,0.01,0.06,3.17382,3.17382,0,0.59476,4.6872,4.4108e+06,3.01846e+06,1.39991e+07,0,0,0,0,62.338,61.3098,3.1038,0,1,1.45418,1.45418,0,1.12347,1.90512,9.16655e+06,4.03458e+06,1.33298e+07,0,0,0,0
70.2848,85.1408,2.79088,0.01,0.06,3.14547,3.14547,0,0.594774,4.6872,4.4108e+06,3.01846e+06,1.3874e+07,0,0,0,0,62.338,61.3098,3.32468,0,1,1.49521,1.49521,0,1.1235,1.90512,9.16655e+06,4.03458e+06,1.37059e+07,0,0,0,0
69.7629,85.1408,2.65574,0.01,0.06,3.14554,3.14554,0,0.589461,4.6872,4.4108e+06,3.01846e+06,1.38744e+07,0,0,0,0,62.338,61.3098,3.2644,0,1,1.49524,1.49524,0,1.1552,1.90512,9.16655e+06,4.03458e+06,1.37062e+07,0,0,0,0
69.0924,85.1408,2.49652,0.02,0.06,3.14562,3.14562,0,0.589475,4.6872,4.4108e+06,3.01846e+06,1.38747e+07,0,0,0,0,62.338,61.3098,3.31372,0,1,1.49528,1.49528,0,1.15522,1.90512,9.16655e+06,4.03458e+06,1.37065e+07,0,0,0,0
68.244,85.1408,2.30401,0.02,0.06,3.14569,3.14569,0,0.589489,4.6872,4.4108e+06,3.01846e+06,1.3875e+07,0,0,0,0,62.3257,61.3098,3.13333,0,1,1.49531,1.49531,0,1.15525,1.90512,9.16655e+06,4.03458e+06,1.37069e+07,0,0,0,0
67.2836,85.1408,2.22712,0.02,0.06,3.21918,3.21918,0,0.589503,4.6872,4.4108e+06,3.01846e+06,1.41992e+07,0,0,0,0,62.117,61.3098,2.67817,0,1,1.53189,1.53189,0,1.15528,1.90512,9.16655e+06,4.03458e+06,1.40421e+07,0,0,0,0
66.281,85.1408,2.17555,0.04,0.06,3.21926,3.21926,0,0.603275,4.6872,4.4108e+06,3.01846e+06,1.41995e+07,0,0,0,0,61.8583,61.3098,2.80965,0,1,1.53192,1.53192,0,1.18354,1.90512,9.16655e+06,4.03458e+06,1.40425e+07,0,0,0,0
65.1573,85.1408,2.03138,0.04,0.06,3.21933,3.21933,0,0.603289,4.6872,4.4108e+06,3.01846e+06,1.41998e+07,0,0,0,0,61.5564,61.3098,2.67053,0,1,1.53196,1.53196,0,1.18356,1.90512,9.16655e+06,4.03458e+06,1.40428e+07,0,0,0,0
63.8887,85.1408,1.86444,0.04,0.06,3.21941,3.21941,0,0.603303,4.6872,4.4108e+06,3.01846e+06,1.42002e+07,0,0,0,0,61.2491,61.3098,2.49004,0,1,1.532,1.532,0,1.18359,1.90512,9.16655e+06,4.03458e+06,1.40431e+07,0,0,0,0
62.7905,85.1408,2.20834,0.03,0.06,3.4345,3.4345,0,0.603317,4.6872,4.4108e+06,3.01846e+06,1.51489e+07,0,0,0,0,60.9197,61.3098,3.48378,0,1,1.66393,1.66393,0,1.18362,1.90512,9.16655e+06,4.03458e+06,1.52525e+07,0,0,0,0
61.7348,85.1408,2.26022,0.03,0.06,3.43458,3.43458,0,0.643625,4.6872,4.4108e+06,3.01846e+06,1.51493e+07,0,0,0,0,60.6173,61.3098,3.87789,0,1,1.66397,1.66397,0,1.28555,1.90512,9.16655e+06,4.03458e+06,1.52529e+07,0,0,0,0
60.3163,85.1408,1.91594,0.04,0.06,3.43466,3.43466,0,0.64364,4.6872,4.4108e+06,3.01846e+06,1.51496e+07,0,0,0,0,60.23,61.3098,3.41779,0,1,1.66401,1.66401,0,1.28559,1.90512,9.16655e+06,4.03458e+06,1.52532e+07,0,0,0,0
59.1022,85.1408,2.0791,0.04,0.06,3.43474,3.43474,0,0.643655,4.6872,4.4108e+06,3.01846e+06,1.515e+07,0,0,0,0,60.0578,61.3098,4.5112,0,1,1.66405,1.66405,0,1.28562,1.90512,9.16655e+06,4.03458e+06,1.52536e+07,0,0,0,0
58.2132,85.1408,2.41201,0.06,0.06,3.43482,3.43482,0,0.643671,4.6872,4.4108e+06,3.01846e+06,1.51503e+07,0,0,0,0,59.7686,61.3098,4.11973,0,1,1.66409,1.66409,0,1.28565,1.90512,9.16655e+06,4.03458e+06,1.5254e+07,0,0,0,0
57.2062,85.1408,2.24377,0.05,0.06,3.3301,3.3301,0,0.643686,4.6872,4.4108e+06,3.01846e+06,1.46884e+07,0,0,0,0,59.5144,61.3098,3.72416,0,1,1.58406,1.58406,0,1.28568,1.90512,9.16655e+06,4.03458e+06,1.45204e+07,0,0,0,0
58.0593,85.1408,4.12239,0.05,0.06,3.33018,3.33018,0,0.624061,4.6872,4.4108e+06,3.01846e+06,1.46888e+07,0,0,0,0,59.6601,61.3098,6.93646,0,1,1.5841,1.5841,0,1.22384,1.90512,9.16655e+06,4.03458e+06,1.45207e+07,0,0,0,0
56.7383,85.1408,1.91175,0.05,0.06,3.33026,3.33026,0,0.624075,4.6872,4.4108e+06,3.01846e+06,1.46891e+07,0,0,0,0,59.3906,61.3098,3.59962,0,1,1.58413,1.58413,0,1.22387,1.90512,9.16655e+06,4.03458e+06,1.4521e+07,0,0,0,0
55.8595,85.1408,2.34829,0.05,0.06,3.33033,3.33033,0,0.62409,4.6872,4.4108e+06,3.01846e+06,1.46895e+07,0,0,0,0,59.2684,61.3098,3.88142,0,1,1.58417,1.58417,0,1.2239,1.90512,9.16655e+06,4.03458e+06,1.45214e+07,0,0,0,0
58.8895,85.1408,6.29204,0.05,0.06,3.24438,3.24438,0,0.624105,4.6872,4.4108e+06,3.01846e+06,1.43103e+07,0,0,0,0,60.1639,61.3098,7.8196,0,1,1.51132,1.51132,0,1.22393,1.90512,9.16655e+06,4.03458e+06,1.38536e+07,0,0,0,0
62.8931,85.1408,7.60384,0.05,0.06,3.24446,3.24446,0,0.607997,4.6872,4.4108e+06,3.01846e+06,1.43107e+07,0,0,0,0,61.5464,61.3098,9.11618,0,1,1.51136,1.51136,0,1.16765,1.90512,9.16655e+06,4.03458e+06,1.38539e+07,0,0,0,0
64.6481,85.1408,5.09051,0.03,0.06,3.24453,3.24453,0,0.608011,4.6872,4.4108e+06,3.01846e+06,1.4311e+07,0,0,0,0,62.115,61.3098,5.49734,0,1,1.51139,1.51139,0,1.16767,1.90512,9.16655e+06,4.03458e+06,1.38542e+07,0,0,0,0
67.0435,85.1408,5.81584,0.03,0.06,3.24461,3.24461,0,0.608025,4.6872,4.4108e+06,3.01846e+06,1.43113e+07,0,0,0,0,62.338,61.3098,7.03766,0,1,1.51143,1.51143,0,1.1677,1.90512,9.16655e+06,4.03458e+06,1.38546e+07,0,0,0,0
72.1206,85.1408,8.4237,0.04,0.06,3.00032,3.00032,0,0.60804,4.6872,4.4108e+06,3.01846e+06,1.32338e+07,0,0,0,0,62.338,61.3098,12.9779,0,1,1.35964,1.35964,0,1.16773,1.90512,9.16655e+06,4.03458e+06,1.24632e+07,0,0,0,0
78.0912,85.1408,9.37423,0.01,0.06,3.00039,3.00039,0,0.562261,4.6872,4.4108e+06,3.01846e+06,1.32341e+07,0,0,0,0,62.338,61.3098,12.9949,0,1,1.35967,1.35967,0,1.05046,1.90512,9.16655e+06,4.03458e+06,1.24635e+07,0,0,0,0
85.1408,85.1408,11.4195,0,0.06,3.00046,3.00046,0,0.562274,4.6872,4.4108e+06,3.01846e+06,1.32345e+07,0,0,0,0,62.338,61.3098,16.777,0,1,1.3597,1.3597,0,1.05048,1.90512,9.16655e+06,4.03458e+06,1.24638e+07,0,0,0,0
85.1408,85.1408,9.01264,0,0.06,3.00053,3.00053,0,0.562287,4.6872,4.4108e+06,3.01846e+06,1.32348e+07,0,0,0,0,62.338,61.3098,7.04284,0,1,1.35974,1.35974,0,1.05051,1.90512,9.16655e+06,4.03458e+06,1.24641e+07,0,0,0,0
85.1408,85.1408,9.73634,0,0.06,3.0006,3.0006,0,0.5623,4.6872,4.4108e+06,3.01846e+06,1.32351e+07,0,0,0,0,62.338,61.3098,7.32471,0,1,1.35977,1.35977,0,1.05053,1.90512,9.16655e+06,4.03458e+06,1.24644e+07,0,0,0,0
85.1408,85.1408,4.6447,0,0.06,3.09467,3.09467,0,0.562313,4.6872,4.4108e+06,3.01846e+06,1.365e+07,0,0,0,0,62.338,61.3098,5.12838,0,1,1.40377,1.40377,0,1.05056,1.90512,9.16655e+06,4.03458e+06,1.28677e+07,0,0,0,0
84.1378,85.1408,2.52365,0,0.06,3.09473,3.09473,0,0.579942,4.6872,4.4108e+06,3.01846e+06,1.36502e+07,0,0,0,0,62.338,61.3098,4.06874,0,1,1.40379,1.40379,0,1.08455,1.90512,9.16655e+06,4.03458e+06,1.28679e+07,0,0,0,0
83.1642,85.1408,2.58065,0.01,0.06,3.09478,3.09478,0,0.579952,4.6872,4.4108e+06,3.01846e+06,1.36505e+07,0,0,0,0,62.338,61.3098,4.75238,0,1,1.40382,1.40382,0,1.08457,1.90512,9.16655e+06,4.03458e+06,1.28681e+07,0,0,0,0
81.6125,85.1408,1.93891,0.01,0.06,3.09484,3.09484,0,0.579962,4.6872,4.4108e+06,3.01846e+06,1.36507e+07,0,0,0,0,62.338,61.3098,4.00665,0,1,1.40384,1.40384,0,1.08459,1.90512,9.16655e+06,4.03458e+06,1.28684e+07,0,0,0,0
80.0638,85.1408,2.14477,0.01,0.06,3.39676,3.39676,0,0.579973,4.6872,4.4108e+06,3.01846e+06,1.49824e+07,0,0,0,0,62.338,61.3098,3.96318,0,1,1.56893,1.56893,0,1.08461,1.90512,9.16655e+06,4.03458e+06,1.43817e+07,0,0,0,0
78.7353,85.1408,2.35902,0.01,0.06,3.39682,3.39682,0,0.636553,4.6872,4.4108e+06,3.01846e+06,1.49827e+07,0,0,0,0,62.338,61.3098,4.42434,0,1,1.56896,1.56896,0,1.21216,1.90512,9.16655e+06,4.03458e+06,1.43819e+07,0,0,0,0
78.0231,85.1408,3.03994,0.01,0.06,3.39688,3.39688,0,0.636564,4.6872,4.4108e+06,3.01846e+06,1.4983e+07,0,0,0,0,62.338,61.3098,4.87662,0,1,1.56899,1.56899,0,1.21218,1.90512,9.16655e+06,4.03458e+06,1.43822e+07,0,0,0,0
77.4091,85.1408,3.15337,0,0.06,3.39694,3.39694,0,0.636576,4.6872,4.4108e+06,3.01846e+06,1.49832e+07,0,0,0,0,62.338,61.3098,5.16836,0,1,1.56901,1.56901,0,1.2122,1.90512,9.16655e+06,4.03458e+06,1.43824e+07,0,0,0,0
80.7464,85.1408,6.86911,0.01,0.06,2.96641,2.96641,0,0.636587,4.6872,4.4108e+06,3.01846e+06,1.30843e+07,0,0,0,0,62.338,61.3098,4.44961,0,1,1.34751,1.34751,0,1.21222,1.90512,9.16655e+06,4.03458e+06,1.2352e+07,0,0,0,0
83.239,85.1408,6.09502,0.01,0.06,2.96646,2.96646,0,0.555905,4.6872,4.4108e+06,3.01846e+06,1.30845e+07,0,0,0,0,62.338,61.3098,3.852,0,1,1.34753,1.34753,0,1.04108,1.90512,9.16655e+06,4.03458e+06,1.23522e+07,0,0,0,0
85.1408,85.1408,6.82089,0.01,0.06,2.96652,2.96652,0,0.555915,4.6872,4.4108e+06,3.01846e+06,1.30847e+07,0,0,0,0,62.338,61.3098,5.88925,0,1,1.34755,1.34755,0,1.0411,1.90512,9.16655e+06,4.03458e+06,1.23524e+07,0,0,0,0
85.1408,85.1408,7.17173,0,0.06,2.96657,2.96657,0,0.555925,4.6872,4.4108e+06,3.01846e+06,1.3085e+07,0,0,0,0,62.338,61.3098,5.44892,0,1,1.34758,1.34758,0,1.04112,1.90512,9.16655e+06,4.03458e+06,1.23526e+07,0,0,0,0
85.1408,85.1408,6.70492,0,0.06,2.96662,2.96662,0,0.555935,4.6872,4.4108e+06,3.01846e+06,1.30852e+07,0,0,0,0,62.338,61.3098,6.94455,0,1,1.3476,1.3476,0,1.04114,1.90512,9.16655e+06,4.03458e+06,1.23529e+07,0,0,0,0
85.1408,85.1408,6.14748,0,0.06,3.07507,3.07507,0,0.555945,4.6872,4.4108e+06,3.01846e+06,1.35635e+07,0,0,0,0,62.338,61.3098,5.29736,0,1,1.40183,1.40183,0,1.04116,1.90512,9.16655e+06,4.03458e+06,1.28499e+07,0,0,0,0
85.1408,85.1408,5.89313,0,0.06,3.07512,3.07512,0,0.576268,4.6872,4.4108e+06,3.01846e+06,1.35638e+07,0,0,0,0,62.338,61.3098,5.43794,0,1,1.40185,1.40185,0,1.08305,1.90512,9.16655e+06,4.03458e+06,1.28501e+07,0,0,0,0
85.1408,85.1408,5.278,0,0.06,3.07518,3.07518,0,0.576278,4.6872,4.4108e+06,3.01846e+06,1.3564e+07,0,0,0,0,62.338,61.3098,5.2806,0,1,1.40188,1.40188,0,1.08307,1.90512,9.16655e+06,4.03458e+06,1.28504e+07,0,0,0,0
85.1408,85.1408,4.4388,0,0.06,3.07523,3.07523,0,0.576289,4.6872,4.4108e+06,3.01846e+06,1.35643e+07,0,0,0,0,62.338,61.3098,4.24664,0,1,1.4019,1.4019,0,1.08309,1.90512,9.16655e+06,4.03458e+06,1.28506e+07,0,0,0,0
85.1408,85.1408,4.27831,0,0.06,3.0329,3.0329,0,0.576299,4.6872,4.4108e+06,3.01846e+06,1.33775e+07,0,0,0,0,62.338,61.3098,4.35168,0,1,1.38087,1.38087,0,1.08311,1.90512,9.16655e+06,4.03458e+06,1.26578e+07,0,0,0,0
85.1408,85.1408,4.12616,0,0.06,3.03296,3.03296,0,0.568366,4.6872,4.4108e+06,3.01846e+06,1.33778e+07,0,0,0,0,62.338,61.3098,4.65815,0,1,1.3809,1.3809,0,1.06686,1.90512,9.16655e+06,4.03458e+06,1.26581e+07,0,0,0,0
85.1408,85.1408,3.85236,0,0.06,3.03301,3.03301,0,0.568376,4.6872,4.4108e+06,3.01846e+06,1.3378e+07,0,0,0,0,62.338,61.3098,4.07905,0,1,1.38092,1.38092,0,1.06688,1.90512,9.16655e+06,4.03458e+06,1.26583e+07,0,0,0,0
85.1408,85.1408,3.48799,0,0.06,3.03306,3.03306,0,0.568386,4.6872,4.4108e+06,3.01846e+06,1.33783e+07,0,0,0,0,62.338,61.3098,3.54793,0,1,1.38095,1.38095,0,1.0669,1.90512,9.16655e+06,4.03458e+06,1.26585e+07,0,0,0,0
84.7904,85.1408,3.14374,0,0.06,3.177,3.177,0,0.568396,4.6872,4.4108e+06,3.01846e+06,1.40131e+07,0,0,0,0,62.338,61.3098,3.33672,0,1,1.45563,1.45563,0,1.06692,1.90512,9.16655e+06,4.03458e+06,1.33431e+07,0,0,0,0
84.2168,85.1408,2.84618,0,0.06,3.17706,3.17706,0,0.59537,4.6872,4.4108e+06,3.01846e+06,1.40134e+07,0,0,0,0,62.338,61.3098,3.32874,0,1,1.45566,1.45566,0,1.12462,1.90512,9.16655e+06,4.03458e+06,1.33434e+07,0,0,0,0
83.5692,85.1408,2.75939,0,0.06,3.17711,3.17711,0,0.59538,4.6872,4.4108e+06,3.01846e+06,1.40136e+07,0,0,0,0,62.338,61.3098,3.3577,0,1,1.45569,1.45569,0,1.12464,1.90512,9.16655e+06,4.03458e+06,1.33436e+07,0,0,0,0
82.7936,85.1408,2.61615,0,0.06,3.17717,3.17717,0,0.595391,4.6872,4.4108e+06,3.01846e+06,1.40139e+07,0,0,0,0,62.338,61.3098,3.22868,0,1,1.45571,1.45571,0,1.12466,1.90512,9.16655e+06,4.03458e+06,1.33439e+07,0,0,0,0
81.6687,85.1408,2.22443,0,0.06,3.17723,3.17723,0,0.595402,4.6872,4.4108e+06,3.01846e+06,1.40141e+07,0,0,0,0,62.1752,61.3098,2.62441,0,1,1.45574,1.45574,0,1.12468,1.90512,9.16655e+06,4.03458e+06,1.33441e+07,0,0,0,0
79.9136,85.1408,1.49721,0.01,0.06,3.14883,3.14883,0,0.595412,4.6872,4.4108e+06,3.01846e+06,1.38888e+07,0,0,0,0,61.7037,61.3098,1.68932,0,1,1.4968,1.4968,0,1.1247,1.90512,9.16655e+06,4.03458e+06,1.37205e+07,0,0,0,0
78.0369,85.1408,1.35405,0.01,0.06,3.14888,3.14888,0,0.59009,4.6872,4.4108e+06,3.01846e+06,1.38891e+07,0,0,0,0,61.24,61.3098,1.50699,0,1,1.49683,1.49683,0,1.15643,1.90512,9.16655e+06,4.03458e+06,1.37208e+07,0,0,0,0
76.1411,85.1408,1.28647,0.01,0.06,3.14894,3.14894,0,0.5901,4.6872,4.4108e+06,3.01846e+06,1.38893e+07,0,0,0,0,60.6572,61.3098,1.48589,0,1,1.49686,1.49686,0,1.15645,1.90512,9.16655e+06,4.03458e+06,1.3721e+07,0,0,0,0
74.1279,85.1408,1.14395,0.02,0.06,3.14899,3.14899,0,0.590111,4.6872,4.4108e+06,3.01846e+06,1.38896e+07,0,0,0,0,60.0397,61.3098,1.428,0,1,1.49688,1.49688,0,1.15647,1.90512,9.16655e+06,4.03458e+06,1.37212e+07,0,0,0,0
72.0861,85.1408,1.15301,0.03,0.06,3.22254,3.22254,0,0.590121,4.6872,4.4108e+06,3.01846e+06,1.4214e+07,0,0,0,0,59.3095,61.3098,1.37942,0,1,1.53349,1.53349,0,1.15649,1.90512,9.16655e+06,4.03458e+06,1.40568e+07,0,0,0,0
69.9619,85.1408,1.04964,0.03,0.06,3.2226,3.2226,0,0.603904,4.6872,4.4108e+06,3.01846e+06,1.42142e+07,0,0,0,0,58.4561,61.3098,1.33296,0,1,1.53351,1.53351,0,1.18477,1.90512,9.16655e+06,4.03458e+06,1.4057e+07,0,0,0,0
67.7886,85.1408,0.975468,0.03,0.06,3.22266,3.22266,0,0.603915,4.6872,4.4108e+06,3.01846e+06,1.42145e+07,0,0,0,0,57.589,61.3098,1.21905,0,1,1.53354,1.53354,0,1.18479,1.90512,9.16655e+06,4.03458e+06,1.40573e+07,0,0,0,0
65.5671,85.1408,0.895191,0.04,0.06,3.22271,3.22271,0,0.603926,4.6872,4.4108e+06,3.01846e+06,1.42148e+07,0,0,0,0,56.6741,61.3098,1.16578,0,1,1.53357,1.53357,0,1.18481,1.90512,9.16655e+06,4.03458e+06,1.40575e+07,0,0,0,0
63.1802,85.1408,0.87109,0.03,0.06,3.43801,3.43801,0,0.603936,4.6872,4.4108e+06,3.01846e+06,1.51644e+07,0,0,0,0,55.64,61.3098,1.10743,0,1,1.66563,1.66563,0,1.18484,1.90512,9.16655e+06,4.03458e+06,1.52681e+07,0,0,0,0
60.917,85.1408,0.972906,0.04,0.06,3.43807,3.43807,0,0.644282,4.6872,4.4108e+06,3.01846e+06,1.51646e+07,0,0,0,0,54.5192,61.3098,1.16768,0,1,1.66566,1.66566,0,1.28687,1.90512,9.16655e+06,4.03458e+06,1.52684e+07,0,0,0,0
58.5182,85.1408,0.820079,0.04,0.06,3.43813,3.43813,0,0.644294,4.6872,4.4108e+06,3.01846e+06,1.51649e+07,0,0,0,0,53.6165,61.3098,1.02764,0,1,1.66569,1.66569,0,1.28689,1.90512,9.16655e+06,4.03458e+06,1.52686e+07,0,0,0,0
56.2324,85.1408,0.893254,0.06,0.06,3.43819,3.43819,0,0.644305,4.6872,4.4108e+06,3.01846e+06,1.51652e+07,0,0,0,0,52.7039,61.3098,1.36281,0,1,1.66572,1.66572,0,1.28691,1.90512,9.16655e+06,4.03458e+06,1.52689e+07,0,0,0,0
53.8962,85.1408,0.808083,0.06,0.06,3.43825,3.43825,0,0.644316,4.6872,4.4108e+06,3.01846e+06,1.51654e+07,0,0,0,0,51.2943,61.3098,1.15734,0,1,1.66575,1.66575,0,1.28694,1.90512,9.16655e+06,4.03458e+06,1.52692e+07,0,0,0,0
50.6074,85.1408,0.505114,0.06,0.06,3.3334,3.3334,0,0.644328,4.6872,4.4108e+06,3.01846e+06,1.4703e+07,0,0,0,0,49.7565,61.3098,0.600207,0,1,1.58563,1.58563,0,1.28696,1.90512,9.16655e+06,4.03458e+06,1.45348e+07,0,0,0,0
47.2465,85.1408,0.430659,0.07,0.06,3.33346,3.33346,0,0.62468,4.6872,4.4108e+06,3.01846e+06,1.47032e+07,0,0,0,0,48.3427,61.3098,0.546002,0,1,1.58566,1.58566,0,1.22506,1.90512,9.16655e+06,4.03458e+06,1.4535e+07,0,0,0,0
46.6241,85.1408,0.919963,0.06,0.06,3.33352,3.33352,0,0.624691,4.6872,4.4108e+06,3.01846e+06,1.47035e+07,0,0,0,0,47.2743,61.3098,0.793273,0,1,1.58569,1.58569,0,1.22508,1.90512,9.16655e+06,4.03458e+06,1.45353e+07,0,0,0,0
45.0597,85.1408,1.53611,0.07,0.06,3.33358,3.33358,0,0.624702,4.6872,4.4108e+06,3.01846e+06,1.47038e+07,0,0,0,0,46.4147,61.3098,0.990675,0,1,1.58572,1.58572,0,1.2251,1.90512,9.16655e+06,4.03458e+06,1.45355e+07,0,0,0,0
42.9436,85.1408,0.884214,0.07,0.06,3.24752,3.24752,0,0.624713,4.6872,4.4108e+06,3.01846e+06,1.43242e+07,0,0,0,0,45.5964,61.3098,1.11458,0,1,1.51278,1.51278,0,1.22512,1.90512,9.16655e+06,4.03458e+06,1.3867e+07,0,0,0,0
41.9577,85.1408,2.05557,0.07,0.06,3.22601,3.24758,0,0.608586,4.6872,4.4108e+06,3.01846e+06,1.42293e+07,0,0,0,0,45.2435,61.3098,1.13234,0,1,1.53438,1.51281,0,1.16878,1.90512,9.16655e+06,4.03458e+06,1.4065e+07,0,0,0,0
42.9677,85.1408,4.11484,0.07,0.06,3.2261,3.24764,0,0.604555,4.6872,4.4108e+06,3.01846e+06,1.42297e+07,0,0,0,0,45.2445,61.3098,2.48626,0,1,1.53438,1.51284,0,1.18546,1.90512,9.16655e+06,4.03458e+06,1.4065e+07,0,0,0,0
42.653,85.1408,2.72416,0.06,0.06,3.22618,3.2477,0,0.604571,4.6872,4.4108e+06,3.01846e+06,1.42301e+07,0,0,0,0,44.9235,61.3098,2.52001,0,1,1.53438,1.51286,0,1.18546,1.90512,9.16655e+06,4.03458e+06,1.4065e+07,0,0,0,0
42.0293,85.1408,2.19993,0.06,0.06,2.98167,3.00316,0,0.604587,4.6872,4.4108e+06,3.01846e+06,1.31516e+07,0,0,0,0,44.7405,61.3098,1.34704,0,1,1.38241,1.36093,0,1.18546,1.90512,9.16655e+06,4.03458e+06,1.2672e+07,0,0,0,0
42.3481,85.1408,3.03776,0.07,0.06,2.82979,3.00321,0,0.558766,4.6872,4.4108e+06,3.01846e+06,1.24816e+07,0,0,0,0,44.543,61.3098,2.06507,0,1,1.53438,1.36095,0,1.06805,1.90512,9.16655e+06,4.03458e+06,1.40649e+07,0,0,0,0
43.931,85.1408,4.38553,0.07,0.06,2.82987,3.00327,0,0.530302,4.6872,4.4108e+06,3.01846e+06,1.2482e+07,0,0,0,0,44.5476,61.3098,2.74506,0,1,1.53438,1.36097,0,1.18546,1.90512,9.16655e+06,4.03458e+06,1.40649e+07,0,0,0,0
45.5623,85.1408,4.44892,0.07,0.06,2.82994,3.00332,0,0.530317,4.6872,4.4108e+06,3.01846e+06,1.24823e+07,0,0,0,0,44.5091,61.3098,2.4172,0,1,1.53438,1.361,0,1.18546,1.90512,9.16655e+06,4.03458e+06,1.40649e+07,0,0,0,0
48.2867,85.1408,5.64919,0.08,0.06,2.83002,3.00337,0,0.530331,4.6872,4.4108e+06,3.01846e+06,1.24827e+07,0,0,0,0,44.6885,61.3098,3.64082,0,1,1.53438,1.36102,0,1.18546,1.90512,9.16655e+06,4.03458e+06,1.40649e+07,0,0,0,0
49.7525,85.1408,4.55801,0.08,0.06,2.92418,3.09751,0,0.530346,4.6872,4.4108e+06,3.01846e+06,1.2898e+07,0,0,0,0,44.8442,61.3098,2.97763,0,1,1.57838,1.40505,0,1.18546,1.90512,9.16655e+06,4.03458e+06,1.44683e+07,0,0,0,0
51.363,85.1408,4.74282,0.08,0.06,2.96825,3.09755,0,0.547992,4.6872,4.4108e+06,3.01846e+06,1.30924e+07,0,0,0,0,45.371,61.3098,3.78147,0,1,1.53437,1.40507,0,1.21946,1.90512,9.16655e+06,4.03458e+06,1.40649e+07,0,0,0,0
53.7886,85.1408,5.41828,0.07,0.06,2.9683,3.09759,0,0.55625,4.6872,4.4108e+06,3.01846e+06,1.30926e+07,0,0,0,0,45.6413,61.3098,3.28074,0,1,1.53437,1.40509,0,1.18545,1.90512,9.16655e+06,4.03458e+06,1.40649e+07,0,0,0,0
58.1112,85.1408,7.7517,0.07,0.06,2.96836,3.09762,0,0.55626,4.6872,4.4108e+06,3.01846e+06,1.30928e+07,0,0,0,0,45.9465,61.3098,3.52349,0,1,1.53437,1.4051,0,1.18545,1.90512,9.16655e+06,4.03458e+06,1.40649e+07,0,0,0,0
60.7241,85.1408,6.29139,0.07,0.06,3.27055,3.3998,0,0.556271,4.6872,4.4108e+06,3.01846e+06,1.44258e+07,0,0,0,0,46.3869,61.3098,3.90854,0,1,1.69958,1.57033,0,1.18545,1.90512,9.16655e+06,4.03458e+06,1.55793e+07,0,0,0,0
61.1135,85.1408,4.01604,0.05,0.06,3.39984,3.39984,0,0.612901,4.6872,4.4108e+06,3.01846e+06,1.4996e+07,0,0,0,0,46.3977,61.3098,2.65764,0,1,1.57035,1.57035,0,1.3131,1.90512,9.16655e+06,4.03458e+06,1.43947e+07,0,0,0,0
61.7714,85.1408,4.2212,0.05,0.06,3.39988,3.39988,0,0.63713,4.6872,4.4108e+06,3.01846e+06,1.49962e+07,0,0,0,0,46.3085,61.3098,2.08301,0,1,1.57037,1.57037,0,1.21325,1.90512,9.16655e+06,4.03458e+06,1.43949e+07,0,0,0,0
61.6945,85.1408,3.52445,0.05,0.06,3.39992,3.39992,0,0.637138,4.6872,4.4108e+06,3.01846e+06,1.49964e+07,0,0,0,0,46.434,61.3098,2.31332,0,1,1.57039,1.57039,0,1.21327,1.90512,9.16655e+06,4.03458e+06,1.43951e+07,0,0,0,0
66.6225,85.1408,8.38124,0.05,0.06,2.969,2.969,0,0.637146,4.6872,4.4108e+06,3.01846e+06,1.30957e+07,0,0,0,0,47.9647,61.3098,5.21006,0,1,1.34868,1.34868,0,1.21328,1.90512,9.16655e+06,4.03458e+06,1.23628e+07,0,0,0,0
69.3497,85.1408,6.29924,0.05,0.06,2.96903,2.96903,0,0.55639,4.6872,4.4108e+06,3.01846e+06,1.30958e+07,0,0,0,0,49.1691,61.3098,4.00392,0,1,1.3487,1.3487,0,1.04199,1.90512,9.16655e+06,4.03458e+06,1.23629e+07,0,0,0,0
70.2628,85.1408,4.39916,0.02,0.06,2.96907,2.96907,0,0.556397,4.6872,4.4108e+06,3.01846e+06,1.3096e+07,0,0,0,0,49.8471,61.3098,3.07809,0,1,1.34871,1.34871,0,1.042,1.90512,9.16655e+06,4.03458e+06,1.2363e+07,0,0,0,0
72.8549,85.1408,6.06594,0.01,0.06,2.9691,2.9691,0,0.556403,4.6872,4.4108e+06,3.01846e+06,1.30961e+07,0,0,0,0,50.8729,61.3098,3.85896,0,1,1.34873,1.34873,0,1.04202,1.90512,9.16655e+06,4.03458e+06,1.23632e+07,0,0,0,0
75.9344,85.1408,6.6483,0.01,0.06,2.96914,2.96914,0,0.55641,4.6872,4.4108e+06,3.01846e+06,1.30963e+07,0,0,0,0,52.5576,61.3098,4.69404,0,1,1.34875,1.34875,0,1.04203,1.90512,9.16655e+06,4.03458e+06,1.23633e+07,0,0,0,0
76.8446,85.1408,4.43284,0.01,0.06,3.07766,3.07766,0,0.556417,4.6872,4.4108e+06,3.01846e+06,1.3575e+07,0,0,0,0,53.2039,61.3098,3.13008,0,1,1.40301,1.40301,0,1.04204,1.90512,9.16655e+06,4.03458e+06,1.28607e+07,0,0,0,0
78.5476,85.1408,5.27835,0,0.06,3.0777,3.0777,0,0.576754,4.6872,4.4108e+06,3.01846e+06,1.35751e+07,0,0,0,0,54.5002,61.3098,4.14766,0,1,1.40303,1.40303,0,1.08396,1.90512,9.16655e+06,4.03458e+06,1.28609e+07,0,0,0,0
78.7811,85.1408,3.71464,0,0.06,3.07774,3.07774,0,0.576761,4.6872,4.4108e+06,3.01846e+06,1.35753e+07,0,0,0,0,54.9314,61.3098,2.44381,0,1,1.40304,1.40304,0,1.08398,1.90512,9.16655e+06,4.03458e+06,1.28611e+07,0,0,0,0
78.6827,85.1408,3.39766,0,0.06,3.07777,3.07777,0,0.576768,4.6872,4.4108e+06,3.01846e+06,1.35755e+07,0,0,0,0,55.3442,61.3098,2.58069,0,1,1.40306,1.40306,0,1.08399,1.90512,9.16655e+06,4.03458e+06,1.28612e+07,0,0,0,0
78.4074,85.1408,3.08638,0,0.06,3.03539,3.03539,0,0.576775,4.6872,4.4108e+06,3.01846e+06,1.33885e+07,0,0,0,0,55.3465,61.3098,2.18482,0,1,1.38201,1.38201,0,1.084,1.90512,9.16655e+06,4.03458e+06,1.26682e+07,0,0,0,0
78.0216,85.1408,2.93521,0,0.06,3.03543,3.03543,0,0.568832,4.6872,4.4108e+06,3.01846e+06,1.33887e+07,0,0,0,0,55.1556,61.3098,2.04091,0,1,1.38202,1.38202,0,1.06774,1.90512,9.16655e+06,4.03458e+06,1.26684e+07,0,0,0,0
77.3924,85.1408,2.63438,0,0.06,3.03546,3.03546,0,0.568839,4.6872,4.4108e+06,3.01846e+06,1.33888e+07,0,0,0,0,55.0747,61.3098,1.98218,0,1,1.38204,1.38204,0,1.06775,1.90512,9.16655e+06,4.03458e+06,1.26685e+07,0,0,0,0
76.6607,85.1408,2.50216,0,0.06,3.0355,3.0355,0,0.568846,4.6872,4.4108e+06,3.01846e+06,1.3389e+07,0,0,0,0,54.8988,61.3098,1.77701,0,1,1.38206,1.38206,0,1.06776,1.90512,9.16655e+06,4.03458e+06,1.26687e+07,0,0,0,0
75.6297,85.1408,2.29534,0,0.06,3.17953,3.17953,0,0.568853,4.6872,4.4108e+06,3.01846e+06,1.40243e+07,0,0,0,0,54.5616,61.3098,1.74349,0,1,1.4568,1.4568,0,1.06778,1.90512,9.16655e+06,4.03458e+06,1.33538e+07,0,0,0,0
74.551,85.1408,2.20597,0.01,0.06,3.17957,3.17957,0,0.595845,4.6872,4.4108e+06,3.01846e+06,1.40245e+07,0,0,0,0,54.0788,61.3098,1.65046,0,1,1.45681,1.45681,0,1.12552,1.90512,9.16655e+06,4.03458e+06,1.33539e+07,0,0,0,0
73.2393,85.1408,1.93608,0.01,0.06,3.17961,3.17961,0,0.595852,4.6872,4.4108e+06,3.01846e+06,1.40246e+07,0,0,0,0,53.6011,61.3098,1.53835,0,1,1.45683,1.45683,0,1.12553,1.90512,9.16655e+06,4.03458e+06,1.33541e+07,0,0,0,0
71.8738,85.1408,1.82784,0.01,0.06,3.17965,3.17965,0,0.595859,4.6872,4.4108e+06,3.01846e+06,1.40248e+07,0,0,0,0,53.1242,61.3098,1.46945,0,1,1.45685,1.45685,0,1.12555,1.90512,9.16655e+06,4.03458e+06,1.33543e+07,0,0,0,0
70.5739,85.1408,1.89044,0.01,0.06,3.17969,3.17969,0,0.595866,4.6872,4.4108e+06,3.01846e+06,1.4025e+07,0,0,0,0,53.0225,61.3098,1.53892,0,1,1.45687,1.45687,0,1.12556,1.90512,9.16655e+06,4.03458e+06,1.33544e+07,0,0,0,0
70.1408,85.1408,2.77041,0.01,0.06,3.15125,3.15125,0,0.595873,4.6872,4.4108e+06,3.01846e+06,1.38995e+07,0,0,0,0,53.2235,61.3098,2.56873,0,1,1.49795,1.49795,0,1.12557,1.90512,9.16655e+06,4.03458e+06,1.37311e+07,0,0,0,0
69.6291,85.1408,2.6771,0.01,0.06,3.15129,3.15129,0,0.590544,4.6872,4.4108e+06,3.01846e+06,1.38997e+07,0,0,0,0,53.3785,61.3098,2.52065,0,1,1.49797,1.49797,0,1.15732,1.90512,9.16655e+06,4.03458e+06,1.37312e+07,0,0,0,0
68.8774,85.1408,2.39461,0.02,0.06,3.15132,3.15132,0,0.590551,4.6872,4.4108e+06,3.01846e+06,1.38999e+07,0,0,0,0,53.458,61.3098,2.32899,0,1,1.49799,1.49799,0,1.15733,1.90512,9.16655e+06,4.03458e+06,1.37314e+07,0,0,0,0
67.9929,85.1408,2.24236,0.02,0.06,3.15136,3.15136,0,0.590558,4.6872,4.4108e+06,3.01846e+06,1.39e+07,0,0,0,0,53.5023,61.3098,2.36081,0,1,1.49801,1.49801,0,1.15735,1.90512,9.16655e+06,4.03458e+06,1.37316e+07,0,0,0,0
66.9953,85.1408,2.16007,0.03,0.06,3.22495,3.22495,0,0.590565,4.6872,4.4108e+06,3.01846e+06,1.42246e+07,0,0,0,0,53.4886,61.3098,2.1349,0,1,1.53463,1.53463,0,1.15736,1.90512,9.16655e+06,4.03458e+06,1.40673e+07,0,0,0,0
65.9266,85.1408,2.10706,0.04,0.06,3.22499,3.22499,0,0.604355,4.6872,4.4108e+06,3.01846e+06,1.42248e+07,0,0,0,0,53.3607,61.3098,1.98441,0,1,1.53465,1.53465,0,1.18566,1.90512,9.16655e+06,4.03458e+06,1.40674e+07,0,0,0,0
64.7438,85.1408,1.95313,0.04,0.06,3.22502,3.22502,0,0.604362,4.6872,4.4108e+06,3.01846e+06,1.42249e+07,0,0,0,0,53.0256,61.3098,1.91332,0,1,1.53467,1.53467,0,1.18567,1.90512,9.16655e+06,4.03458e+06,1.40676e+07,0,0,0,0
63.4091,85.1408,1.77836,0.04,0.06,3.22506,3.22506,0,0.60437,4.6872,4.4108e+06,3.01846e+06,1.42251e+07,0,0,0,0,52.8203,61.3098,1.68289,0,1,1.53469,1.53469,0,1.18568,1.90512,9.16655e+06,4.03458e+06,1.40678e+07,0,0,0,0
62.0062,85.1408,1.85527,0.03,0.06,3.44049,3.44049,0,0.604377,4.6872,4.4108e+06,3.01846e+06,1.51753e+07,0,0,0,0,52.2469,61.3098,2.07709,0,1,1.66684,1.66684,0,1.1857,1.90512,9.16655e+06,4.03458e+06,1.52791e+07,0,0,0,0
60.1291,85.1408,1.34303,0.03,0.06,3.44053,3.44053,0,0.644748,4.6872,4.4108e+06,3.01846e+06,1.51755e+07,0,0,0,0,51.4884,61.3098,1.47379,0,1,1.66686,1.66686,0,1.2878,1.90512,9.16655e+06,4.03458e+06,1.52793e+07,0,0,0,0
58.1196,85.1408,1.20631,0.04,0.06,3.44058,3.44058,0,0.644756,4.6872,4.4108e+06,3.01846e+06,1.51757e+07,0,0,0,0,50.7856,61.3098,1.41321,0,1,1.66688,1.66688,0,1.28781,1.90512,9.16655e+06,4.03458e+06,1.52795e+07,0,0,0,0
56.1605,85.1408,1.21812,0.06,0.06,3.44062,3.44062,0,0.644764,4.6872,4.4108e+06,3.01846e+06,1.51759e+07,0,0,0,0,50.3908,61.3098,1.54105,0,1,1.6669,1.6669,0,1.28783,1.90512,9.16655e+06,4.03458e+06,1.52797e+07,0,0,0,0
54.2385,85.1408,1.22951,0.06,0.06,3.44066,3.44066,0,0.644772,4.6872,4.4108e+06,3.01846e+06,1.51761e+07,0,0,0,0,49.7858,61.3098,1.77423,0,1,1.66692,1.66692,0,1.28784,1.90512,9.16655e+06,4.03458e+06,1.52799e+07,0,0,0,0
52.5674,85.1408,1.32478,0.05,0.06,3.33572,3.33572,0,0.644779,4.6872,4.4108e+06,3.01846e+06,1.47132e+07,0,0,0,0,49.2435,61.3098,1.53243,0,1,1.58673,1.58673,0,1.28786,1.90512,9.16655e+06,4.03458e+06,1.45449e+07,0,0,0,0
50.7478,85.1408,1.24242,0.05,0.06,3.33576,3.33576,0,0.625114,4.6872,4.4108e+06,3.01846e+06,1.47134e+07,0,0,0,0,49.0634,61.3098,1.66112,0,1,1.58675,1.58675,0,1.22591,1.90512,9.16655e+06,4.03458e+06,1.4545e+07,0,0,0,0
49.1361,85.1408,1.43321,0.07,0.06,3.3358,3.3358,0,0.625121,4.6872,4.4108e+06,3.01846e+06,1.47136e+07,0,0,0,0,49.071,61.3098,2.07476,0,1,1.58677,1.58677,0,1.22593,1.90512,9.16655e+06,4.03458e+06,1.45452e+07,0,0,0,0
47.4874,85.1408,1.4193,0.06,0.06,3.33584,3.33584,0,0.625129,4.6872,4.4108e+06,3.01846e+06,1.47137e+07,0,0,0,0,49.0405,61.3098,2.06367,0,1,1.58679,1.58679,0,1.22594,1.90512,9.16655e+06,4.03458e+06,1.45454e+07,0,0,0,0
46.0381,85.1408,1.58308,0.07,0.06,3.24971,3.24971,0,0.625137,4.6872,4.4108e+06,3.01846e+06,1.43338e+07,0,0,0,0,48.5506,61.3098,1.93666,0,1,1.5138,1.5138,0,1.22595,1.90512,9.16655e+06,4.03458e+06,1.38763e+07,0,0,0,0
44.2732,85.1408,1.22526,0.07,0.06,3.2292,3.24975,0,0.608995,4.6872,4.4108e+06,3.01846e+06,1.42433e+07,0,0,0,0,48.2418,61.3098,1.13103,0,1,1.53437,1.51382,0,1.16956,1.90512,9.16655e+06,4.03458e+06,1.40649e+07,0,0,0,0
43.0954,85.1408,1.84819,0.06,0.06,3.22925,3.24979,0,0.605151,4.6872,4.4108e+06,3.01846e+06,1.42436e+07,0,0,0,0,48.5339,61.3098,3.07139,0,1,1.53437,1.51384,0,1.18545,1.90512,9.16655e+06,4.03458e+06,1.40649e+07,0,0,0,0
44.3891,85.1408,4.49646,0.06,0.06,3.22931,3.24982,0,0.605162,4.6872,4.4108e+06,3.01846e+06,1.42439e+07,0,0,0,0,50.0919,61.3098,5.51366,0,1,1.53437,1.51386,0,1.18545,1.90512,9.16655e+06,4.03458e+06,1.40649e+07,0,0,0,0
44.8288,85.1408,3.32197,0.06,0.06,2.98462,3.00511,0,0.605173,4.6872,4.4108e+06,3.01846e+06,1.31646e+07,0,0,0,0,51.0533,61.3098,3.21358,0,1,1.38231,1.36181,0,1.18545,1.90512,9.16655e+06,4.03458e+06,1.2671e+07,0,0,0,0
47.0739,85.1408,5.19727,0.06,0.06,2.83261,3.00515,0,0.559317,4.6872,4.4108e+06,3.01846e+06,1.24941e+07,0,0,0,0,52.1427,61.3098,4.82195,0,1,1.53437,1.36183,0,1.06797,1.90512,9.16655e+06,4.03458e+06,1.40649e+07,0,0,0,0
47.245,85.1408,3.00682,0.06,0.06,2.83266,3.00518,0,0.53083,4.6872,4.4108e+06,3.01846e+06,1.24943e+07,0,0,0,0,52.4522,61.3098,2.84579,0,1,1.53437,1.36184,0,1.18545,1.90512,9.16655e+06,4.03458e+06,1.40649e+07,0,0,0,0
47.1865,85.1408,2.74238,0.07,0.06,2.83271,3.00522,0,0.53084,4.6872,4.4108e+06,3.01846e+06,1.24945e+07,0,0,0,0,52.4842,61.3098,2.13946,0,1,1.53437,1.36186,0,1.18545,1.90512,9.16655e+06,4.03458e+06,1.40649e+07,0,0,0,0
48.0794,85.1408,3.81756,0.08,0.06,2.83276,3.00526,0,0.53085,4.6872,4.4108e+06,3.01846e+06,1.24948e+07,0,0,0,0,53.0398,61.3098,3.45851,0,1,1.53437,1.36188,0,1.18545,1.90512,9.16655e+06,4.03458e+06,1.40649e+07,0,0,0,0
49.7675,85.1408,4.55363,0.08,0.06,2.83278,3.00526,0,0.53086,4.6872,4.4108e+06,3.01846e+06,1.24948e+07,0,0,0,0,54.8604,61.3098,5.34031,0,1,1.53435,1.36188,0,1.18545,1.90512,9.16655e+06,4.03458e+06,1.40647e+07,0,0,0,0
52.7526,85.1408,6.013,0.08,0.06,2.92696,3.09944,0,0.530863,4.6872,4.4108e+06,3.01846e+06,1.29102e+07,0,0,0,0,58.3547,61.3098,8.49779,0,1,1.5784,1.40593,0,1.18544,1.90512,9.16655e+06,4.03458e+06,1.44685e+07,0,0,0,0
54.6051,85.1408,4.97688,0.07,0.06,2.97103,3.09946,0,0.548512,4.6872,4.4108e+06,3.01846e+06,1.31046e+07,0,0,0,0,60.4833,61.3098,6.04228,0,1,1.53436,1.40593,0,1.21947,1.90512,9.16655e+06,4.03458e+06,1.40648e+07,0,0,0,0
56.2184,85.1408,4.79212,0.07,0.06,2.97106,3.09948,0,0.556771,4.6872,4.4108e+06,3.01846e+06,1.31048e+07,0,0,0,0,62.338,61.3098,5.44404,0,1,1.53436,1.40594,0,1.18545,1.90512,9.16655e+06,4.03458e+06,1.40648e+07,0,0,0,0
58.9221,85.1408,5.93201,0.07,0.06,2.97109,3.0995,0,0.556776,4.6872,4.4108e+06,3.01846e+06,1.31049e+07,0,0,0,0,62.338,61.3098,8.46775,0,1,1.53436,1.40595,0,1.18545,1.90512,9.16655e+06,4.03458e+06,1.40648e+07,0,0,0,0
61.8202,85.1408,6.4942,0.08,0.06,3.27344,3.40184,0,0.556782,4.6872,4.4108e+06,3.01846e+06,1.44385e+07,0,0,0,0,62.338,61.3098,9.74399,0,1,1.69967,1.57127,0,1.18545,1.90512,9.16655e+06,4.03458e+06,1.55801e+07,0,0,0,0
64.7439,85.1408,6.67578,0.05,0.06,3.40186,3.40186,0,0.613442,4.6872,4.4108e+06,3.01846e+06,1.50049e+07,0,0,0,0,62.338,61.3098,9.23844,0,1,1.57128,1.57128,0,1.31317,1.90512,9.16655e+06,4.03458e+06,1.44032e+07,0,0,0,0
67.9326,85.1408,6.98775,0.05,0.06,3.40188,3.40188,0,0.637508,4.6872,4.4108e+06,3.01846e+06,1.5005e+07,0,0,0,0,62.338,61.3098,8.89164,0,1,1.57129,1.57129,0,1.21397,1.90512,9.16655e+06,4.03458e+06,1.44033e+07,0,0,0,0
70.1915,85.1408,6.08212,0.05,0.06,3.4019,3.4019,0,0.637512,4.6872,4.4108e+06,3.01846e+06,1.50051e+07,0,0,0,0,62.338,61.3098,8.07597,0,1,1.5713,1.5713,0,1.21398,1.90512,9.16655e+06,4.03458e+06,1.44034e+07,0,0,0,0
73.4232,85.1408,6.6641,0.02,0.06,2.97071,2.97071,0,0.637516,4.6872,4.4108e+06,3.01846e+06,1.31032e+07,0,0,0,0,62.338,61.3098,8.29619,0,1,1.34946,1.34946,0,1.21399,1.90512,9.16655e+06,4.03458e+06,1.23699e+07,0,0,0,0
77.9106,85.1408,8.03424,0.02,0.06,2.97073,2.97073,0,0.556711,4.6872,4.4108e+06,3.01846e+06,1.31033e+07,0,0,0,0,62.338,61.3098,8.67255,0,1,1.34947,1.34947,0,1.04259,1.90512,9.16655e+06,4.03458e+06,1.237e+07,0,0,0,0
81.6137,85.1408,7.24493,0,0.06,2.97075,2.97075,0,0.556714,4.6872,4.4108e+06,3.01846e+06,1.31034e+07,0,0,0,0,62.338,61.3098,8.74062,0,1,1.34948,1.34948,0,1.0426,1.90512,9.16655e+06,4.03458e+06,1.237e+07,0,0,0,0
85.1408,85.1408,7.17039,0,0.06,2.97076,2.97076,0,0.556718,4.6872,4.4108e+06,3.01846e+06,1.31035e+07,0,0,0,0,62.338,61.3098,9.74159,0,1,1.34948,1.34948,0,1.04261,1.90512,9.16655e+06,4.03458e+06,1.23701e+07,0,0,0,0
85.1408,85.1408,8.05475,0,0.06,2.97078,2.97078,0,0.556721,4.6872,4.4108e+06,3.01846e+06,1.31035e+07,0,0,0,0,62.338,61.3098,9.34545,0,1,1.34949,1.34949,0,1.04261,1.90512,9.16655e+06,4.03458e+06,1.23702e+07,0,0,0,0
85.1408,85.1408,8.55359,0,0.06,3.07935,3.07935,0,0.556725,4.6872,4.4108e+06,3.01846e+06,1.35824e+07,0,0,0,0,62.338,61.3098,12.4633,0,1,1.40378,1.40378,0,1.04262,1.90512,9.16655e+06,4.03458e+06,1.28678e+07,0,0,0,0
85.1408,85.1408,7.25886,0,0.06,3.07937,3.07937,0,0.57707,4.6872,4.4108e+06,3.01846e+06,1.35825e+07,0,0,0,0,62.338,61.3098,10.1453,0,1,1.40379,1.40379,0,1.08456,1.90512,9.16655e+06,4.03458e+06,1.28679e+07,0,0,0,0
85.1408,85.1408,5.82708,0,0.06,3.07939,3.07939,0,0.577074,4.6872,4.4108e+06,3.01846e+06,1.35826e+07,0,0,0,0,62.338,61.3098,7.24578,0,1,1.4038,1.4038,0,1.08457,1.90512,9.16655e+06,4.03458e+06,1.2868e+07,0,0,0,0
85.1408,85.1408,5.69237,0,0.06,3.07941,3.07941,0,0.577078,4.6872,4.4108e+06,3.01846e+06,1.35827e+07,0,0,0,0,62.338,61.3098,9.86997,0,1,1.4038,1.4038,0,1.08457,1.90512,9.16655e+06,4.03458e+06,1.2868e+07,0,0,0,0
85.1408,85.1408,4.99721,0,0.06,3.03699,3.03699,0,0.577081,4.6872,4.4108e+06,3.01846e+06,1.33956e+07,0,0,0,0,62.338,61.3098,5.94837,0,1,1.38273,1.38273,0,1.08458,1.90512,9.16655e+06,4.03458e+06,1.26749e+07,0,0,0,0
85.1408,85.1408,4.43449,0,0.06,3.03701,3.03701,0,0.569131,4.6872,4.4108e+06,3.01846e+06,1.33956e+07,0,0,0,0,62.338,61.3098,5.72876,0,1,1.38274,1.38274,0,1.0683,1.90512,9.16655e+06,4.03458e+06,1.2675e+07,0,0,0,0
85.1408,85.1408,5.29954,0,0.06,3.03703,3.03703,0,0.569135,4.6872,4.4108e+06,3.01846e+06,1.33957e+07,0,0,0,0,62.338,61.3098,6.0053,0,1,1.38275,1.38275,0,1.06831,1.90512,9.16655e+06,4.03458e+06,1.26751e+07,0,0,0,0
85.1408,85.1408,4.24898,0,0.06,3.03705,3.03705,0,0.569139,4.6872,4.4108e+06,3.01846e+06,1.33958e+07,0,0,0,0,62.338,61.3098,5.23806,0,1,1.38276,1.38276,0,1.06831,1.90512,9.16655e+06,4.03458e+06,1.26751e+07,0,0,0,0
85.1408,85.1408,3.7925,0,0.06,3.18113,3.18113,0,0.569142,4.6872,4.4108e+06,3.01846e+06,1.40314e+07,0,0,0,0,62.338,61.3098,4.41702,0,1,1.45753,1.45753,0,1.06832,1.90512,9.16655e+06,4.03458e+06,1.33605e+07,0,0,0,0
85.1408,85.1408,3.63081,0,0.06,3.18116,3.18116,0,0.596145,4.6872,4.4108e+06,3.01846e+06,1.40314e+07,0,0,0,0,62.338,61.3098,4.75303,0,1,1.45754,1.45754,0,1.12609,1.90512,9.16655e+06,4.03458e+06,1.33606e+07,0,0,0,0
85.0558,85.1408,3.3468,0,0.06,3.18118,3.18118,0,0.596148,4.6872,4.4108e+06,3.01846e+06,1.40315e+07,0,0,0,0,62.338,61.3098,4.49225,0,1,1.45755,1.45755,0,1.12609,1.90512,9.16655e+06,4.03458e+06,1.33607e+07,0,0,0,0
84.8574,85.1408,3.16116,0,0.06,3.1812,3.1812,0,0.596152,4.6872,4.4108e+06,3.01846e+06,1.40316e+07,0,0,0,0,62.338,61.3098,4.52117,0,1,1.45756,1.45756,0,1.1261,1.90512,9.16655e+06,4.03458e+06,1.33608e+07,0,0,0,0
84.2052,85.1408,2.67004,0.01,0.06,3.18122,3.18122,0,0.596156,4.6872,4.4108e+06,3.01846e+06,1.40317e+07,0,0,0,0,62.338,61.3098,2.987,0,1,1.45757,1.45757,0,1.12611,1.90512,9.16655e+06,4.03458e+06,1.33608e+07,0,0,0,0
83.4308,85.1408,2.51844,0.01,0.06,3.15274,3.15274,0,0.59616,4.6872,4.4108e+06,3.01846e+06,1.39061e+07,0,0,0,0,62.338,61.3098,2.80022,0,1,1.49867,1.49867,0,1.12612,1.90512,9.16655e+06,4.03458e+06,1.37376e+07,0,0,0,0
82.4478,85.1408,2.30359,0.01,0.06,3.15277,3.15277,0,0.590824,4.6872,4.4108e+06,3.01846e+06,1.39062e+07,0,0,0,0,62.338,61.3098,2.79153,0,1,1.49868,1.49868,0,1.15787,1.90512,9.16655e+06,4.03458e+06,1.37377e+07,0,0,0,0
81.2642,85.1408,2.08338,0.01,0.06,3.15279,3.15279,0,0.590828,4.6872,4.4108e+06,3.01846e+06,1.39063e+07,0,0,0,0,62.338,61.3098,2.50178,0,1,1.49869,1.49869,0,1.15788,1.90512,9.16655e+06,4.03458e+06,1.37378e+07,0,0,0,0
79.9398,85.1408,1.90982,0.01,0.06,3.15281,3.15281,0,0.590832,4.6872,4.4108e+06,3.01846e+06,1.39064e+07,0,0,0,0,62.2559,61.3098,2.24219,0,1,1.4987,1.4987,0,1.15788,1.90512,9.16655e+06,4.03458e+06,1.37379e+07,0,0,0,0
78.2889,85.1408,1.6095,0.01,0.06,3.22641,3.22641,0,0.590836,4.6872,4.4108e+06,3.01846e+06,1.4231e+07,0,0,0,0,61.9084,61.3098,1.85949,0,1,1.53533,1.53533,0,1.15789,1.90512,9.16655e+06,4.03458e+06,1.40736e+07,0,0,0,0
76.5509,85.1408,1.50597,0.01,0.06,3.22643,3.22643,0,0.604629,4.6872,4.4108e+06,3.01846e+06,1.42311e+07,0,0,0,0,61.6208,61.3098,1.70683,0,1,1.53534,1.53534,0,1.18619,1.90512,9.16655e+06,4.03458e+06,1.40737e+07,0,0,0,0
74.8072,85.1408,1.48093,0.03,0.06,3.22645,3.22645,0,0.604633,4.6872,4.4108e+06,3.01846e+06,1.42312e+07,0,0,0,0,61.4445,61.3098,1.83063,0,1,1.53535,1.53535,0,1.1862,1.90512,9.16655e+06,4.03458e+06,1.40738e+07,0,0,0,0
73.2075,85.1408,1.5962,0.03,0.06,3.22647,3.22647,0,0.604636,4.6872,4.4108e+06,3.01846e+06,1.42313e+07,0,0,0,0,60.8621,61.3098,1.90327,0,1,1.53536,1.53536,0,1.18621,1.90512,9.16655e+06,4.03458e+06,1.40739e+07,0,0,0,0
71.2423,85.1408,1.39177,0.03,0.06,3.44197,3.44197,0,0.60464,4.6872,4.4108e+06,3.01846e+06,1.51819e+07,0,0,0,0,60.0804,61.3098,1.23732,0,1,1.66755,1.66755,0,1.18622,1.90512,9.16655e+06,4.03458e+06,1.52857e+07,0,0,0,0
69.382,85.1408,1.49441,0.03,0.06,3.442,3.442,0,0.645026,4.6872,4.4108e+06,3.01846e+06,1.5182e+07,0,0,0,0,59.1075,61.3098,1.52394,0,1,1.66757,1.66757,0,1.28835,1.90512,9.16655e+06,4.03458e+06,1.52858e+07,0,0,0,0
67.2885,85.1408,1.23656,0.03,0.06,3.44202,3.44202,0,0.64503,4.6872,4.4108e+06,3.01846e+06,1.51821e+07,0,0,0,0,58.545,61.3098,1.06526,0,1,1.66758,1.66758,0,1.28836,1.90512,9.16655e+06,4.03458e+06,1.52859e+07,0,0,0,0
65.504,85.1408,1.52208,0.04,0.06,3.44204,3.44204,0,0.645034,4.6872,4.4108e+06,3.01846e+06,1.51822e+07,0,0,0,0,58.2669,61.3098,2.01116,0,1,1.66759,1.66759,0,1.28837,1.90512,9.16655e+06,4.03458e+06,1.5286e+07,0,0,0,0
63.7505,85.1408,1.50742,0.04,0.06,3.44206,3.44206,0,0.645038,4.6872,4.4108e+06,3.01846e+06,1.51823e+07,0,0,0,0,57.5132,61.3098,2.12042,0,1,1.6676,1.6676,0,1.28838,1.90512,9.16655e+06,4.03458e+06,1.52861e+07,0,0,0,0
61.3145,85.1408,0.703308,0.04,0.06,3.33706,3.33706,0,0.645042,4.6872,4.4108e+06,3.01846e+06,1.47191e+07,0,0,0,0,56.5227,61.3098,1.16081,0,1,1.58737,1.58737,0,1.28839,1.90512,9.16655e+06,4.03458e+06,1.45507e+07,0,0,0,0
58.9913,85.1408,0.776424,0.04,0.06,3.33708,3.33708,0,0.625365,4.6872,4.4108e+06,3.01846e+06,1.47192e+07,0,0,0,0,56.0289,61.3098,1.1638,0,1,1.58738,1.58738,0,1.2264,1.90512,9.16655e+06,4.03458e+06,1.45508e+07,0,0,0,0
57.959,85.1408,2.17042,0.05,0.06,3.33711,3.33711,0,0.625369,4.6872,4.4108e+06,3.01846e+06,1.47193e+07,0,0,0,0,55.8256,61.3098,2.73694,0,1,1.58739,1.58739,0,1.22641,1.90512,9.16655e+06,4.03458e+06,1.45509e+07,0,0,0,0
56.3414,85.1408,1.61911,0.05,0.06,3.33713,3.33713,0,0.625374,4.6872,4.4108e+06,3.01846e+06,1.47194e+07,0,0,0,0,55.5834,61.3098,2.06773,0,1,1.5874,1.5874,0,1.22642,1.90512,9.16655e+06,4.03458e+06,1.4551e+07,0,0,0,0
55.4238,85.1408,2.27059,0.05,0.06,3.25094,3.25094,0,0.625378,4.6872,4.4108e+06,3.01846e+06,1.43393e+07,0,0,0,0,55.5232,61.3098,2.65874,0,1,1.51438,1.51438,0,1.22643,1.90512,9.16655e+06,4.03458e+06,1.38816e+07,0,0,0,0
55.5878,85.1408,3.43592,0.05,0.06,3.25096,3.25096,0,0.609226,4.6872,4.4108e+06,3.01846e+06,1.43394e+07,0,0,0,0,56.783,61.3098,7.72122,0,1,1.51439,1.51439,0,1.17001,1.90512,9.16655e+06,4.03458e+06,1.38817e+07,0,0,0,0
54.6747,85.1408,2.27904,0.05,0.06,3.25098,3.25098,0,0.60923,4.6872,4.4108e+06,3.01846e+06,1.43394e+07,0,0,0,0,56.963,61.3098,3.43914,0,1,1.5144,1.5144,0,1.17001,1.90512,9.16655e+06,4.03458e+06,1.38818e+07,0,0,0,0
55.6669,85.1408,4.31878,0.06,0.06,3.23105,3.251,0,0.609234,4.6872,4.4108e+06,3.01846e+06,1.42515e+07,0,0,0,0,57.8682,61.3098,5.07278,0,1,1.53436,1.51441,0,1.17002,1.90512,9.16655e+06,4.03458e+06,1.40648e+07,0,0,0,0
56.0431,85.1408,3.62003,0.06,0.06,2.98624,3.00619,0,0.605498,4.6872,4.4108e+06,3.01846e+06,1.31717e+07,0,0,0,0,59.1618,61.3098,4.79376,0,1,1.38224,1.3623,0,1.18545,1.90512,9.16655e+06,4.03458e+06,1.26704e+07,0,0,0,0
58.3229,85.1408,5.36172,0.06,0.06,2.83415,3.00621,0,0.559621,4.6872,4.4108e+06,3.01846e+06,1.25009e+07,0,0,0,0,60.8013,61.3098,6.56045,0,1,1.53436,1.36231,0,1.06792,1.90512,9.16655e+06,4.03458e+06,1.40648e+07,0,0,0,0
61.7091,85.1408,6.584,0.06,0.06,2.83418,3.00622,0,0.53112,4.6872,4.4108e+06,3.01846e+06,1.2501e+07,0,0,0,0,62.3318,61.3098,6.28916,0,1,1.53436,1.36231,0,1.18545,1.90512,9.16655e+06,4.03458e+06,1.40648e+07,0,0,0,0
67.42,85.1408,9.11885,0.05,0.06,3.00624,3.00624,0,0.531125,4.6872,4.4108e+06,3.01846e+06,1.32599e+07,0,0,0,0,62.338,61.3098,6.89015,0,1,1.36232,1.36232,0,1.18545,1.90512,9.16655e+06,4.03458e+06,1.24878e+07,0,0,0,0
71.4477,85.1408,7.51766,0.05,0.06,3.00626,3.00626,0,0.56337,4.6872,4.4108e+06,3.01846e+06,1.326e+07,0,0,0,0,62.338,61.3098,5.04279,0,1,1.36233,1.36233,0,1.05253,1.90512,9.16655e+06,4.03458e+06,1.24879e+07,0,0,0,0
74.4767,85.1408,6.62141,0.03,0.06,3.10046,3.10046,0,0.563374,4.6872,4.4108e+06,3.01846e+06,1.36755e+07,0,0,0,0,62.338,61.3098,3.08646,0,1,1.40639,1.40639,0,1.05254,1.90512,9.16655e+06,4.03458e+06,1.28917e+07,0,0,0,0
77.3797,85.1408,6.51932,0.02,0.06,3.10046,3.10046,0,0.581026,4.6872,4.4108e+06,3.01846e+06,1.36755e+07,0,0,0,0,62.338,61.3098,3.23783,0,1,1.40639,1.40639,0,1.08658,1.90512,9.16655e+06,4.03458e+06,1.28917e+07,0,0,0,0
80.0136,85.1408,6.23518,0.01,0.06,3.10046,3.10046,0,0.581026,4.6872,4.4108e+06,3.01846e+06,1.36755e+07,0,0,0,0,62.2177,61.3098,3.42707,0,1,1.40639,1.40639,0,1.08658,1.90512,9.16655e+06,4.03458e+06,1.28918e+07,0,0,0,0
83.438,85.1408,7.06515,0.01,0.06,3.10047,3.10047,0,0.581027,4.6872,4.4108e+06,3.01846e+06,1.36755e+07,0,0,0,0,62.2183,61.3098,2.35653,0,1,1.40639,1.40639,0,1.08658,1.90512,9.16655e+06,4.03458e+06,1.28918e+07,0,0,0,0
84.5341,85.1408,4.90154,0.01,0.06,3.40288,3.40288,0,0.581027,4.6872,4.4108e+06,3.01846e+06,1.50094e+07,0,0,0,0,62.3355,61.3098,2.35337,0,1,1.57176,1.57176,0,1.08658,1.90512,9.16655e+06,4.03458e+06,1.44076e+07,0,0,0,0
85.1408,85.1408,5.59679,0.01,0.06,3.40288,3.40288,0,0.6377,4.6872,4.4108e+06,3.01846e+06,1.50094e+07,0,0,0,0,62.338,61.3098,2.6878,0,1,1.57176,1.57176,0,1.21434,1.90512,9.16655e+06,4.03458e+06,1.44076e+07,0,0,0,0
85.1408,85.1408,5.70469,0,0.06,3.40289,3.40289,0,0.6377,4.6872,4.4108e+06,3.01846e+06,1.50095e+07,0,0,0,0,62.338,61.3098,3.38303,0,1,1.57176,1.57176,0,1.21434,1.90512,9.16655e+06,4.03458e+06,1.44076e+07,0,0,0,0
85.1408,85.1408,5.49308,0,0.06,3.40289,3.40289,0,0.637701,4.6872,4.4108e+06,3.01846e+06,1.50095e+07,0,0,0,0,62.338,61.3098,3.25615,0,1,1.57176,1.57176,0,1.21434,1.90512,9.16655e+06,4.03458e+06,1.44076e+07,0,0,0,0
85.1408,85.1408,6.26212,0,0.06,2.97155,2.97155,0,0.637701,4.6872,4.4108e+06,3.01846e+06,1.31069e+07,0,0,0,0,61.9433,61.3098,3.34536,0,1,1.34984,1.34984,0,1.21434,1.90512,9.16655e+06,4.03458e+06,1.23734e+07,0,0,0,0
85.1408,85.1408,4.94386,0,0.06,2.97156,2.97156,0,0.556869,4.6872,4.4108e+06,3.01846e+06,1.31069e+07,0,0,0,0,61.8723,61.3098,2.10193,0,1,1.34984,1.34984,0,1.04289,1.90512,9.16655e+06,4.03458e+06,1.23734e+07,0,0,0,0
85.1408,85.1408,4.31155,0,0.06,2.97156,2.97156,0,0.55687,4.6872,4.4108e+06,3.01846e+06,1.3107e+07,0,0,0,0,62.29,61.3098,2.07372,0,1,1.34985,1.34985,0,1.04289,1.90512,9.16655e+06,4.03458e+06,1.23734e+07,0,0,0,0
85.1408,85.1408,7.30948,0,0.06,2.97156,2.97156,0,0.55687,4.6872,4.4108e+06,3.01846e+06,1.3107e+07,0,0,0,0,62.2712,61.3098,3.3833,0,1,1.34985,1.34985,0,1.04289,1.90512,9.16655e+06,4.03458e+06,1.23734e+07,0,0,0,0
85.1408,85.1408,5.97045,0,0.06,2.97156,2.97156,0,0.556871,4.6872,4.4108e+06,3.01846e+06,1.3107e+07,0,0,0,0,62.338,61.3098,2.57381,0,1,1.34985,1.34985,0,1.04289,1.90512,9.16655e+06,4.03458e+06,1.23734e+07,0,0,0,0
85.1408,85.1408,5.36196,0,0.06,3.08014,3.08014,0,0.556871,4.6872,4.4108e+06,3.01846e+06,1.35859e+07,0,0,0,0,62.338,61.3098,3.2393,0,1,1.40414,1.40414,0,1.04289,1.90512,9.16655e+06,4.03458e+06,1.28711e+07,0,0,0,0
85.1408,85.1408,4.97008,0,0.06,3.08014,3.08014,0,0.577218,4.6872,4.4108e+06,3.01846e+06,1.35859e+07,0,0,0,0,62.338,61.3098,3.34932,0,1,1.40414,1.40414,0,1.08484,1.90512,9.16655e+06,4.03458e+06,1.28711e+07,0,0,0,0
85.1408,85.1408,4.31544,0,0.06,3.08015,3.08015,0,0.577219,4.6872,4.4108e+06,3.01846e+06,1.35859e+07,0,0,0,0,61.9504,61.3098,3.13568,0,1,1.40414,1.40414,0,1.08484,1.90512,9.16655e+06,4.03458e+06,1.28711e+07,0,0,0,0
85.1408,85.1408,3.57688,0,0.06,3.08015,3.08015,0,0.577219,4.6872,4.4108e+06,3.01846e+06,1.35859e+07,0,0,0,0,62.0157,61.3098,2.17032,0,1,1.40414,1.40414,0,1.08484,1.90512,9.16655e+06,4.03458e+06,1.28711e+07,0,0,0,0
84.7617,85.1408,3.01507,0,0.06,3.0377,3.0377,0,0.57722,4.6872,4.4108e+06,3.01846e+06,1.33987e+07,0,0,0,0,61.987,61.3098,2.32231,0,1,1.38306,1.38306,0,1.08484,1.90512,9.16655e+06,4.03458e+06,1.26779e+07,0,0,0,0
84.2068,85.1408,2.82733,0,0.06,3.0377,3.0377,0,0.569265,4.6872,4.4108e+06,3.01846e+06,1.33987e+07,0,0,0,0,62.338,61.3098,2.282,0,1,1.38306,1.38306,0,1.06855,1.90512,9.16655e+06,4.03458e+06,1.26779e+07,0,0,0,0
85.1408,85.1408,4.41546,0,0.06,3.03771,3.03771,0,0.569265,4.6872,4.4108e+06,3.01846e+06,1.33987e+07,0,0,0,0,62.127,61.3098,2.86581,0,1,1.38306,1.38306,0,1.06855,1.90512,9.16655e+06,4.03458e+06,1.26779e+07,0,0,0,0
84.5989,85.1408,2.79464,0,0.06,3.03771,3.03771,0,0.569266,4.6872,4.4108e+06,3.01846e+06,1.33987e+07,0,0,0,0,62.0909,61.3098,2.33005,0,1,1.38306,1.38306,0,1.06855,1.90512,9.16655e+06,4.03458e+06,1.26779e+07,0,0,0,0
83.9671,85.1408,2.79921,0,0.06,3.18181,3.18181,0,0.569266,4.6872,4.4108e+06,3.01846e+06,1.40343e+07,0,0,0,0,62.0938,61.3098,2.1864,0,1,1.45784,1.45784,0,1.06855,1.90512,9.16655e+06,4.03458e+06,1.33633e+07,0,0,0,0
83.1969,85.1408,2.62784,0,0.06,3.18181,3.18181,0,0.596271,4.6872,4.4108e+06,3.01846e+06,1.40344e+07,0,0,0,0,62.1364,61.3098,2.23089,0,1,1.45784,1.45784,0,1.12633,1.90512,9.16655e+06,4.03458e+06,1.33634e+07,0,0,0,0
82.3357,85.1408,2.52236,0,0.06,3.18182,3.18182,0,0.596272,4.6872,4.4108e+06,3.01846e+06,1.40344e+07,0,0,0,0,62.0595,61.3098,2.19137,0,1,1.45784,1.45784,0,1.12633,1.90512,9.16655e+06,4.03458e+06,1.33634e+07,0,0,0,0
81.3313,85.1408,2.36344,0,0.06,3.18182,3.18182,0,0.596272,4.6872,4.4108e+06,3.01846e+06,1.40344e+07,0,0,0,0,62.338,61.3098,2.0408,0,1,1.45784,1.45784,0,1.12633,1.90512,9.16655e+06,4.03458e+06,1.33634e+07,0,0,0,0
80.9814,85.1408,2.98947,0.01,0.06,3.18182,3.18182,0,0.596273,4.6872,4.4108e+06,3.01846e+06,1.40344e+07,0,0,0,0,62.338,61.3098,2.46357,0,1,1.45784,1.45784,0,1.12633,1.90512,9.16655e+06,4.03458e+06,1.33634e+07,0,0,0,0
80.5252,85.1408,2.84792,0.01,0.06,3.15333,3.15333,0,0.596273,4.6872,4.4108e+06,3.01846e+06,1.39087e+07,0,0,0,0,62.338,61.3098,2.24759,0,1,1.49894,1.49894,0,1.12633,1.90512,9.16655e+06,4.03458e+06,1.37401e+07,0,0,0,0
79.8689,85.1408,2.61381,0.01,0.06,3.15333,3.15333,0,0.590933,4.6872,4.4108e+06,3.01846e+06,1.39087e+07,0,0,0,0,62.338,61.3098,2.20287,0,1,1.49894,1.49894,0,1.15808,1.90512,9.16655e+06,4.03458e+06,1.37401e+07,0,0,0,0
79.0864,85.1408,2.44962,0.01,0.06,3.15333,3.15333,0,0.590934,4.6872,4.4108e+06,3.01846e+06,1.39087e+07,0,0,0,0,62.338,61.3098,2.12343,0,1,1.49895,1.49895,0,1.15808,1.90512,9.16655e+06,4.03458e+06,1.37402e+07,0,0,0,0
78.3474,85.1408,2.48854,0.01,0.06,3.15333,3.15333,0,0.590934,4.6872,4.4108e+06,3.01846e+06,1.39087e+07,0,0,0,0,62.2724,61.3098,2.07274,0,1,1.49895,1.49895,0,1.15808,1.90512,9.16655e+06,4.03458e+06,1.37402e+07,0,0,0,0
77.6008,85.1408,2.53509,0.01,0.06,3.22693,3.22693,0,0.590935,4.6872,4.4108e+06,3.01846e+06,1.42334e+07,0,0,0,0,62.052,61.3098,1.97497,0,1,1.53558,1.53558,0,1.15809,1.90512,9.16655e+06,4.03458e+06,1.40759e+07,0,0,0,0
76.6527,85.1408,2.32072,0.01,0.06,3.22693,3.22693,0,0.604727,4.6872,4.4108e+06,3.01846e+06,1.42334e+07,0,0,0,0,61.8324,61.3098,1.8478,0,1,1.53558,1.53558,0,1.18639,1.90512,9.16655e+06,4.03458e+06,1.40759e+07,0,0,0,0
75.4137,85.1408,2.00197,0.02,0.06,3.22694,3.22694,0,0.604727,4.6872,4.4108e+06,3.01846e+06,1.42334e+07,0,0,0,0,61.5711,61.3098,1.83319,0,1,1.53558,1.53558,0,1.18639,1.90512,9.16655e+06,4.03458e+06,1.40759e+07,0,0,0,0
73.9207,85.1408,1.7404,0.03,0.06,3.22694,3.22694,0,0.604728,4.6872,4.4108e+06,3.01846e+06,1.42334e+07,0,0,0,0,61.2703,61.3098,1.76583,0,1,1.53558,1.53558,0,1.18639,1.90512,9.16655e+06,4.03458e+06,1.4076e+07,0,0,0,0
72.2085,85.1408,1.64147,0.03,0.06,3.44245,3.44245,0,0.604728,4.6872,4.4108e+06,3.01846e+06,1.5184e+07,0,0,0,0,60.8237,61.3098,1.67386,0,1,1.66779,1.66779,0,1.18639,1.90512,9.16655e+06,4.03458e+06,1.52879e+07,0,0,0,0
71.1051,85.1408,2.24117,0.03,0.06,3.44246,3.44246,0,0.645116,4.6872,4.4108e+06,3.01846e+06,1.5184e+07,0,0,0,0,60.4316,61.3098,1.88597,0,1,1.66779,1.66779,0,1.28853,1.90512,9.16655e+06,4.03458e+06,1.52879e+07,0,0,0,0
70.968,85.1408,3.28194,0.03,0.06,3.44246,3.44246,0,0.645117,4.6872,4.4108e+06,3.01846e+06,1.5184e+07,0,0,0,0,60.2298,61.3098,2.23525,0,1,1.66779,1.66779,0,1.28853,1.90512,9.16655e+06,4.03458e+06,1.52879e+07,0,0,0,0
70.2639,85.1408,2.72681,0.03,0.06,3.44246,3.44246,0,0.645117,4.6872,4.4108e+06,3.01846e+06,1.5184e+07,0,0,0,0,59.9566,61.3098,2.02053,0,1,1.66779,1.66779,0,1.28853,1.90512,9.16655e+06,4.03458e+06,1.52879e+07,0,0,0,0
69.9823,85.1408,3.0661,0.03,0.06,3.44247,3.44247,0,0.645118,4.6872,4.4108e+06,3.01846e+06,1.5184e+07,0,0,0,0,59.8392,61.3098,2.62909,0,1,1.66779,1.66779,0,1.28854,1.90512,9.16655e+06,4.03458e+06,1.52879e+07,0,0,0,0
68.8074,85.1408,2.13371,0.03,0.06,3.33744,3.33744,0,0.645118,4.6872,4.4108e+06,3.01846e+06,1.47208e+07,0,0,0,0,59.3596,61.3098,2.1998,0,1,1.58755,1.58755,0,1.28854,1.90512,9.16655e+06,4.03458e+06,1.45524e+07,0,0,0,0
66.9845,85.1408,1.41672,0.03,0.06,3.33744,3.33744,0,0.625435,4.6872,4.4108e+06,3.01846e+06,1.47208e+07,0,0,0,0,58.9851,61.3098,1.46134,0,1,1.58755,1.58755,0,1.22654,1.90512,9.16655e+06,4.03458e+06,1.45524e+07,0,0,0,0
66.3983,85.1408,2.70336,0.04,0.06,3.33744,3.33744,0,0.625436,4.6872,4.4108e+06,3.01846e+06,1.47208e+07,0,0,0,0,58.8385,61.3098,2.18508,0,1,1.58755,1.58755,0,1.22654,1.90512,9.16655e+06,4.03458e+06,1.45524e+07,0,0,0,0
67.4798,85.1408,4.52596,0.04,0.06,3.33744,3.33744,0,0.625437,4.6872,4.4108e+06,3.01846e+06,1.47208e+07,0,0,0,0,59.1802,61.3098,3.93305,0,1,1.58755,1.58755,0,1.22654,1.90512,9.16655e+06,4.03458e+06,1.45524e+07,0,0,0,0
66.0531,85.1408,1.92014,0.04,0.06,3.25123,3.25123,0,0.625437,4.6872,4.4108e+06,3.01846e+06,1.43405e+07,0,0,0,0,59.0525,61.3098,2.1791,0,1,1.51451,1.51451,0,1.22654,1.90512,9.16655e+06,4.03458e+06,1.38828e+07,0,0,0,0
64.5504,85.1408,1.80494,0.04,0.06,3.25124,3.25124,0,0.609281,4.6872,4.4108e+06,3.01846e+06,1.43406e+07,0,0,0,0,58.9029,61.3098,2.09161,0,1,1.51451,1.51451,0,1.17011,1.90512,9.16655e+06,4.03458e+06,1.38829e+07,0,0,0,0
63.6913,85.1408,2.53529,0.05,0.06,3.25124,3.25124,0,0.609282,4.6872,4.4108e+06,3.01846e+06,1.43406e+07,0,0,0,0,58.9624,61.3098,2.74528,0,1,1.51451,1.51451,0,1.17011,1.90512,9.16655e+06,4.03458e+06,1.38829e+07,0,0,0,0
65.6496,85.1408,5.42235,0.05,0.06,3.25124,3.25124,0,0.609282,4.6872,4.4108e+06,3.01846e+06,1.43406e+07,0,0,0,0,59.8953,61.3098,4.44028,0,1,1.51452,1.51452,0,1.17011,1.90512,9.16655e+06,4.03458e+06,1.38829e+07,0,0,0,0
65.5565,85.1408,3.1574,0.05,0.06,3.00639,3.00639,0,0.609283,4.6872,4.4108e+06,3.01846e+06,1.32606e+07,0,0,0,0,60.0907,61.3098,2.47387,0,1,1.36239,1.36239,0,1.17012,1.90512,9.16655e+06,4.03458e+06,1.24884e+07,0,0,0,0
65.5002,85.1408,3.13475,0.06,0.06,2.83443,3.00639,0,0.563397,4.6872,4.4108e+06,3.01846e+06,1.25021e+07,0,0,0,0,60.2119,61.3098,2.51685,0,1,1.53435,1.36239,0,1.05258,1.90512,9.16655e+06,4.03458e+06,1.40647e+07,0,0,0,0
67.5206,85.1408,5.45857,0.05,0.06,3.00639,3.00639,0,0.531172,4.6872,4.4108e+06,3.01846e+06,1.32606e+07,0,0,0,0,61.6988,61.3098,5.84281,0,1,1.36239,1.36239,0,1.18544,1.90512,9.16655e+06,4.03458e+06,1.24884e+07,0,0,0,0
68.0174,85.1408,3.98631,0.05,0.06,3.0064,3.0064,0,0.563398,4.6872,4.4108e+06,3.01846e+06,1.32606e+07,0,0,0,0,62.1648,61.3098,3.32873,0,1,1.36239,1.36239,0,1.05258,1.90512,9.16655e+06,4.03458e+06,1.24884e+07,0,0,0,0
69.8014,85.1408,5.31786,0.05,0.06,3.0064,3.0064,0,0.563399,4.6872,4.4108e+06,3.01846e+06,1.32606e+07,0,0,0,0,62.338,61.3098,6.05386,0,1,1.36239,1.36239,0,1.05258,1.90512,9.16655e+06,4.03458e+06,1.24884e+07,0,0,0,0
71.0269,85.1408,4.76995,0.03,0.06,3.10058,3.10058,0,0.563399,4.6872,4.4108e+06,3.01846e+06,1.3676e+07,0,0,0,0,62.338,61.3098,6.48876,0,1,1.40644,1.40644,0,1.05259,1.90512,9.16655e+06,4.03458e+06,1.28922e+07,0,0,0,0
72.25,85.1408,4.69079,0.02,0.06,3.10056,3.10056,0,0.581049,4.6872,4.4108e+06,3.01846e+06,1.3676e+07,0,0,0,0,62.338,61.3098,6.35833,0,1,1.40644,1.40644,0,1.08662,1.90512,9.16655e+06,4.03458e+06,1.28922e+07,0,0,0,0
74.6576,85.1408,5.94611,0.03,0.06,3.10055,3.10055,0,0.581046,4.6872,4.4108e+06,3.01846e+06,1.36759e+07,0,0,0,0,62.338,61.3098,7.64206,0,1,1.40643,1.40643,0,1.08661,1.90512,9.16655e+06,4.03458e+06,1.28921e+07,0,0,0,0
75.3687,85.1408,4.29861,0.02,0.06,3.10054,3.10054,0,0.581043,4.6872,4.4108e+06,3.01846e+06,1.36759e+07,0,0,0,0,62.338,61.3098,5.42102,0,1,1.40642,1.40642,0,1.08661,1.90512,9.16655e+06,4.03458e+06,1.28921e+07,0,0,0,0
77.2093,85.1408,5.69108,0.02,0.06,3.40294,3.40294,0,0.58104,4.6872,4.4108e+06,3.01846e+06,1.50097e+07,0,0,0,0,62.338,61.3098,7.31105,0,1,1.57178,1.57178,0,1.0866,1.90512,9.16655e+06,4.03458e+06,1.44078e+07,0,0,0,0
80.1905,85.1408,6.90428,0.01,0.06,3.40292,3.40292,0,0.637711,4.6872,4.4108e+06,3.01846e+06,1.50096e+07,0,0,0,0,62.338,61.3098,9.92704,0,1,1.57178,1.57178,0,1.21436,1.90512,9.16655e+06,4.03458e+06,1.44078e+07,0,0,0,0
81.1036,85.1408,4.87143,0,0.06,3.40291,3.40291,0,0.637708,4.6872,4.4108e+06,3.01846e+06,1.50096e+07,0,0,0,0,62.338,61.3098,5.06492,0,1,1.57177,1.57177,0,1.21435,1.90512,9.16655e+06,4.03458e+06,1.44077e+07,0,0,0,0
80.8886,85.1408,3.61094,0.01,0.06,3.40289,3.40289,0,0.637705,4.6872,4.4108e+06,3.01846e+06,1.50095e+07,0,0,0,0,62.338,61.3098,3.76973,0,1,1.57176,1.57176,0,1.21435,1.90512,9.16655e+06,4.03458e+06,1.44076e+07,0,0,0,0
82.7701,85.1408,5.45289,0.01,0.06,2.97154,2.97154,0,0.637702,4.6872,4.4108e+06,3.01846e+06,1.31069e+07,0,0,0,0,62.338,61.3098,6.57784,0,1,1.34984,1.34984,0,1.21434,1.90512,9.16655e+06,4.03458e+06,1.23733e+07,0,0,0,0
84.094,85.1408,4.83393,0.01,0.06,2.97152,2.97152,0,0.556866,4.6872,4.4108e+06,3.01846e+06,1.31068e+07,0,0,0,0,62.338,61.3098,4.35377,0,1,1.34983,1.34983,0,1.04288,1.90512,9.16655e+06,4.03458e+06,1.23733e+07,0,0,0,0
84.063,85.1408,3.49312,0.01,0.06,2.97151,2.97151,0,0.556864,4.6872,4.4108e+06,3.01846e+06,1.31067e+07,0,0,0,0,62.338,61.3098,3.44986,0,1,1.34982,1.34982,0,1.04288,1.90512,9.16655e+06,4.03458e+06,1.23732e+07,0,0,0,0
83.7525,85.1408,3.11426,0,0.06,2.9715,2.9715,0,0.556861,4.6872,4.4108e+06,3.01846e+06,1.31067e+07,0,0,0,0,62.338,61.3098,2.52123,0,1,1.34982,1.34982,0,1.04287,1.90512,9.16655e+06,4.03458e+06,1.23732e+07,0,0,0,0
84.0122,85.1408,3.69731,0,0.06,2.97148,2.97148,0,0.556858,4.6872,4.4108e+06,3.01846e+06,1.31066e+07,0,0,0,0,62.338,61.3098,3.44164,0,1,1.34981,1.34981,0,1.04287,1.90512,9.16655e+06,4.03458e+06,1.23731e+07,0,0,0,0
84.6843,85.1408,4.24861,0,0.06,3.08004,3.08004,0,0.556856,4.6872,4.4108e+06,3.01846e+06,1.35854e+07,0,0,0,0,62.338,61.3098,3.24968,0,1,1.40409,1.40409,0,1.04286,1.90512,9.16655e+06,4.03458e+06,1.28707e+07,0,0,0,0
85.1408,85.1408,4.77709,0,0.06,3.08003,3.08003,0,0.577199,4.6872,4.4108e+06,3.01846e+06,1.35854e+07,0,0,0,0,62.338,61.3098,3.88788,0,1,1.40409,1.40409,0,1.0848,1.90512,9.16655e+06,4.03458e+06,1.28706e+07,0,0,0,0
85.1408,85.1408,4.74347,0,0.06,3.08001,3.08001,0,0.577197,4.6872,4.4108e+06,3.01846e+06,1.35853e+07,0,0,0,0,62.338,61.3098,4.34121,0,1,1.40408,1.40408,0,1.0848,1.90512,9.16655e+06,4.03458e+06,1.28706e+07,0,0,0,0
85.1408,85.1408,5.82518,0,0.06,3.08,3.08,0,0.577194,4.6872,4.4108e+06,3.01846e+06,1.35853e+07,0,0,0,0,62.338,61.3098,5.02081,0,1,1.40407,1.40407,0,1.08479,1.90512,9.16655e+06,4.03458e+06,1.28705e+07,0,0,0,0
85.1408,85.1408,3.58677,0,0.06,3.03753,3.03753,0,0.577191,4.6872,4.4108e+06,3.01846e+06,1.3398e+07,0,0,0,0,62.338,61.3098,3.13405,0,1,1.38298,1.38298,0,1.08479,1.90512,9.16655e+06,4.03458e+06,1.26772e+07,0,0,0,0
85.085,85.1408,3.32503,0,0.06,3.03752,3.03752,0,0.569234,4.6872,4.4108e+06,3.01846e+06,1.33979e+07,0,0,0,0,62.338,61.3098,3.09898,0,1,1.38297,1.38297,0,1.06849,1.90512,9.16655e+06,4.03458e+06,1.26771e+07,0,0,0,0
84.7371,85.1408,2.94398,0,0.06,3.0375,3.0375,0,0.569231,4.6872,4.4108e+06,3.01846e+06,1.33978e+07,0,0,0,0,62.338,61.3098,3.37071,0,1,1.38297,1.38297,0,1.06849,1.90512,9.16655e+06,4.03458e+06,1.2677e+07,0,0,0,0
83.9202,85.1408,2.36425,0,0.06,3.03749,3.03749,0,0.569228,4.6872,4.4108e+06,3.01846e+06,1.33978e+07,0,0,0,0,62.338,61.3098,3.10959,0,1,1.38296,1.38296,0,1.06848,1.90512,9.16655e+06,4.03458e+06,1.2677e+07,0,0,0,0
83.5299,85.1408,3.01855,0,0.06,3.18156,3.18156,0,0.569226,4.6872,4.4108e+06,3.01846e+06,1.40333e+07,0,0,0,0,62.338,61.3098,3.30538,0,1,1.45773,1.45773,0,1.06848,1.90512,9.16655e+06,4.03458e+06,1.33623e+07,0,0,0,0
82.7591,85.1408,2.61444,0,0.06,3.18155,3.18155,0,0.596225,4.6872,4.4108e+06,3.01846e+06,1.40332e+07,0,0,0,0,62.338,61.3098,2.99745,0,1,1.45772,1.45772,0,1.12624,1.90512,9.16655e+06,4.03458e+06,1.33622e+07,0,0,0,0
81.7472,85.1408,2.35678,0,0.06,3.18153,3.18153,0,0.596222,4.6872,4.4108e+06,3.01846e+06,1.40331e+07,0,0,0,0,62.338,61.3098,2.73604,0,1,1.45771,1.45771,0,1.12623,1.90512,9.16655e+06,4.03458e+06,1.33622e+07,0,0,0,0
80.5652,85.1408,2.15123,0,0.06,3.18152,3.18152,0,0.596219,4.6872,4.4108e+06,3.01846e+06,1.40331e+07,0,0,0,0,62.338,61.3098,2.68462,0,1,1.4577,1.4577,0,1.12623,1.90512,9.16655e+06,4.03458e+06,1.33621e+07,0,0,0,0
79.5557,85.1408,2.26622,0.01,0.06,3.1815,3.1815,0,0.596217,4.6872,4.4108e+06,3.01846e+06,1.4033e+07,0,0,0,0,62.338,61.3098,2.40709,0,1,1.4577,1.4577,0,1.12622,1.90512,9.16655e+06,4.03458e+06,1.33621e+07,0,0,0,0
78.5163,85.1408,2.19176,0.01,0.06,3.15299,3.15299,0,0.596214,4.6872,4.4108e+06,3.01846e+06,1.39072e+07,0,0,0,0,62.338,61.3098,2.30403,0,1,1.49878,1.49878,0,1.12622,1.90512,9.16655e+06,4.03458e+06,1.37387e+07,0,0,0,0
77.3001,85.1408,2.0064,0.01,0.06,3.15298,3.15298,0,0.590871,4.6872,4.4108e+06,3.01846e+06,1.39072e+07,0,0,0,0,62.338,61.3098,2.29867,0,1,1.49878,1.49878,0,1.15796,1.90512,9.16655e+06,4.03458e+06,1.37386e+07,0,0,0,0
75.9143,85.1408,1.81446,0.01,0.06,3.15296,3.15296,0,0.590868,4.6872,4.4108e+06,3.01846e+06,1.39071e+07,0,0,0,0,62.3193,61.3098,2.05211,0,1,1.49877,1.49877,0,1.15796,1.90512,9.16655e+06,4.03458e+06,1.37386e+07,0,0,0,0
74.5326,85.1408,1.77628,0.03,0.06,3.15295,3.15295,0,0.590866,4.6872,4.4108e+06,3.01846e+06,1.3907e+07,0,0,0,0,62.2185,61.3098,2.06341,0,1,1.49876,1.49876,0,1.15795,1.90512,9.16655e+06,4.03458e+06,1.37385e+07,0,0,0,0
73.1199,85.1408,1.79469,0.03,0.06,3.22652,3.22652,0,0.590863,4.6872,4.4108e+06,3.01846e+06,1.42315e+07,0,0,0,0,62.0012,61.3098,2.03044,0,1,1.53538,1.53538,0,1.15794,1.90512,9.16655e+06,4.03458e+06,1.40741e+07,0,0,0,0
71.5225,85.1408,1.5928,0.03,0.06,3.2265,3.2265,0,0.60465,4.6872,4.4108e+06,3.01846e+06,1.42315e+07,0,0,0,0,61.7428,61.3098,1.84953,0,1,1.53537,1.53537,0,1.18623,1.90512,9.16655e+06,4.03458e+06,1.40741e+07,0,0,0,0
69.8032,85.1408,1.44347,0.03,0.06,3.22649,3.22649,0,0.604647,4.6872,4.4108e+06,3.01846e+06,1.42314e+07,0,0,0,0,61.4569,61.3098,1.80664,0,1,1.53536,1.53536,0,1.18623,1.90512,9.16655e+06,4.03458e+06,1.4074e+07,0,0,0,0
67.8572,85.1408,1.19594,0.03,0.06,3.22647,3.22647,0,0.604644,4.6872,4.4108e+06,3.01846e+06,1.42313e+07,0,0,0,0,60.9815,61.3098,1.77669,0,1,1.53536,1.53536,0,1.18622,1.90512,9.16655e+06,4.03458e+06,1.40739e+07,0,0,0,0
65.8297,85.1408,1.28964,0.04,0.06,3.44194,3.44194,0,0.604641,4.6872,4.4108e+06,3.01846e+06,1.51817e+07,0,0,0,0,60.4763,61.3098,1.49619,0,1,1.66754,1.66754,0,1.18622,1.90512,9.16655e+06,4.03458e+06,1.52856e+07,0,0,0,0
64.0022,85.1408,1.49169,0.04,0.06,3.44192,3.44192,0,0.645019,4.6872,4.4108e+06,3.01846e+06,1.51816e+07,0,0,0,0,59.757,61.3098,1.80776,0,1,1.66753,1.66753,0,1.28834,1.90512,9.16655e+06,4.03458e+06,1.52855e+07,0,0,0,0
61.9035,85.1408,1.20286,0.04,0.06,3.44191,3.44191,0,0.645016,4.6872,4.4108e+06,3.01846e+06,1.51816e+07,0,0,0,0,59.246,61.3098,1.30329,0,1,1.66752,1.66752,0,1.28833,1.90512,9.16655e+06,4.03458e+06,1.52854e+07,0,0,0,0
60.0922,85.1408,1.45315,0.04,0.06,3.44189,3.44189,0,0.645013,4.6872,4.4108e+06,3.01846e+06,1.51815e+07,0,0,0,0,58.9242,61.3098,2.27162,0,1,1.66751,1.66751,0,1.28833,1.90512,9.16655e+06,4.03458e+06,1.52853e+07,0,0,0,0
58.1524,85.1408,1.28561,0.04,0.06,3.44187,3.44187,0,0.64501,4.6872,4.4108e+06,3.01846e+06,1.51814e+07,0,0,0,0,58.4223,61.3098,1.59102,0,1,1.66751,1.66751,0,1.28832,1.90512,9.16655e+06,4.03458e+06,1.52853e+07,0,0,0,0
56.4818,85.1408,1.49241,0.05,0.06,3.33684,3.33684,0,0.645007,4.6872,4.4108e+06,3.01846e+06,1.47182e+07,0,0,0,0,58.0842,61.3098,1.9312,0,1,1.58727,1.58727,0,1.28832,1.90512,9.16655e+06,4.03458e+06,1.45498e+07,0,0,0,0
54.8318,85.1408,1.50558,0.05,0.06,3.33683,3.33683,0,0.625324,4.6872,4.4108e+06,3.01846e+06,1.47181e+07,0,0,0,0,57.8067,61.3098,2.01905,0,1,1.58726,1.58726,0,1.22632,1.90512,9.16655e+06,4.03458e+06,1.45497e+07,0,0,0,0
53.3126,85.1408,1.6478,0.05,0.06,3.33681,3.33681,0,0.625321,4.6872,4.4108e+06,3.01846e+06,1.4718e+07,0,0,0,0,57.5604,61.3098,2.15371,0,1,1.58725,1.58725,0,1.22632,1.90512,9.16655e+06,4.03458e+06,1.45496e+07,0,0,0,0
51.8252,85.1408,1.79604,0.05,0.06,3.3368,3.3368,0,0.625318,4.6872,4.4108e+06,3.01846e+06,1.47179e+07,0,0,0,0,57.3564,61.3098,2.61871,0,1,1.58725,1.58725,0,1.22631,1.90512,9.16655e+06,4.03458e+06,1.45496e+07,0,0,0,0
50.0903,85.1408,1.38229,0.05,0.06,3.25058,3.25058,0,0.625316,4.6872,4.4108e+06,3.01846e+06,1.43377e+07,0,0,0,0,57.0782,61.3098,1.46244,0,1,1.51421,1.51421,0,1.22631,1.90512,9.16655e+06,4.03458e+06,1.38801e+07,0,0,0,0
50.2302,85.1408,3.30804,0.07,0.06,3.23042,3.25057,0,0.609159,4.6872,4.4108e+06,3.01846e+06,1.42488e+07,0,0,0,0,57.4527,61.3098,3.99721,0,1,1.53434,1.5142,0,1.16988,1.90512,9.16655e+06,4.03458e+06,1.40646e+07,0,0,0,0
51.567,85.1408,4.63318,0.06,0.06,3.2304,3.25055,0,0.605382,4.6872,4.4108e+06,3.01846e+06,1.42487e+07,0,0,0,0,58.2442,61.3098,6.71914,0,1,1.53434,1.5142,0,1.18543,1.90512,9.16655e+06,4.03458e+06,1.40646e+07,0,0,0,0
52.3933,85.1408,3.99876,0.06,0.06,3.23038,3.25054,0,0.605377,4.6872,4.4108e+06,3.01846e+06,1.42486e+07,0,0,0,0,58.8333,61.3098,5.10257,0,1,1.53434,1.51419,0,1.18543,1.90512,9.16655e+06,4.03458e+06,1.40646e+07,0,0,0,0
57.5065,85.1408,8.76087,0.06,0.06,2.98556,3.00572,0,0.605373,4.6872,4.4108e+06,3.01846e+06,1.31687e+07,0,0,0,0,62.338,61.3098,8.73644,0,1,1.38225,1.36209,0,1.18543,1.90512,9.16655e+06,4.03458e+06,1.26705e+07,0,0,0,0
64.1293,85.1408,10.0395,0.06,0.06,2.83344,3.00571,0,0.559493,4.6872,4.4108e+06,3.01846e+06,1.24977e+07,0,0,0,0,62.338,61.3098,9.99708,0,1,1.53435,1.36208,0,1.06793,1.90512,9.16655e+06,4.03458e+06,1.40647e+07,0,0,0,0
72.3695,85.1408,11.9093,0.05,0.06,3.00569,3.00569,0,0.530987,4.6872,4.4108e+06,3.01846e+06,1.32575e+07,0,0,0,0,62.338,61.3098,13.2843,0,1,1.36207,1.36207,0,1.18544,1.90512,9.16655e+06,4.03458e+06,1.24855e+07,0,0,0,0
80.6798,85.1408,12.2124,0.02,0.06,3.00568,3.00568,0,0.563267,4.6872,4.4108e+06,3.01846e+06,1.32575e+07,0,0,0,0,62.338,61.3098,15.805,0,1,1.36207,1.36207,0,1.05234,1.90512,9.16655e+06,4.03458e+06,1.24855e+07,0,0,0,0
84.9585,85.1408,8.04188,0,0.06,3.00566,3.00566,0,0.563264,4.6872,4.4108e+06,3.01846e+06,1.32574e+07,0,0,0,0,62.338,61.3098,10.1821,0,1,1.36206,1.36206,0,1.05233,1.90512,9.16655e+06,4.03458e+06,1.24854e+07,0,0,0,0
84.2964,85.1408,2.79934,0.01,0.06,3.0998,3.0998,0,0.563261,4.6872,4.4108e+06,3.01846e+06,1.36726e+07,0,0,0,0,62.338,61.3098,3.43522,0,1,1.40609,1.40609,0,1.05233,1.90512,9.16655e+06,4.03458e+06,1.2889e+07,0,0,0,0
82.8488,85.1408,1.99478,0.01,0.06,3.09977,3.09977,0,0.580903,4.6872,4.4108e+06,3.01846e+06,1.36725e+07,0,0,0,0,62.338,61.3098,2.93368,0,1,1.40608,1.40608,0,1.08635,1.90512,9.16655e+06,4.03458e+06,1.28889e+07,0,0,0,0
80.9707,85.1408,1.53798,0.01,0.06,3.09974,3.09974,0,0.580897,4.6872,4.4108e+06,3.01846e+06,1.36723e+07,0,0,0,0,62.338,61.3098,2.47448,0,1,1.40606,1.40606,0,1.08634,1.90512,9.16655e+06,4.03458e+06,1.28888e+07,0,0,0,0
79.0846,85.1408,1.50395,0.01,0.06,3.09971,3.09971,0,0.580891,4.6872,4.4108e+06,3.01846e+06,1.36722e+07,0,0,0,0,62.338,61.3098,2.45253,0,1,1.40605,1.40605,0,1.08633,1.90512,9.16655e+06,4.03458e+06,1.28886e+07,0,0,0,0
77.9517,85.1408,2.55931,0.01,0.06,3.40201,3.40201,0,0.580885,4.6872,4.4108e+06,3.01846e+06,1.50056e+07,0,0,0,0,62.338,61.3098,3.66645,0,1,1.57136,1.57136,0,1.08631,1.90512,9.16655e+06,4.03458e+06,1.44039e+07,0,0,0,0
77.2893,85.1408,3.07646,0.01,0.06,3.40198,3.40198,0,0.637537,4.6872,4.4108e+06,3.01846e+06,1.50055e+07,0,0,0,0,62.1804,61.3098,3.30318,0,1,1.57134,1.57134,0,1.21403,1.90512,9.16655e+06,4.03458e+06,1.44038e+07,0,0,0,0
75.3111,85.1408,1.62666,0,0.06,3.40194,3.40194,0,0.637531,4.6872,4.4108e+06,3.01846e+06,1.50053e+07,0,0,0,0,62.0278,61.3098,1.97152,0,1,1.57132,1.57132,0,1.21402,1.90512,9.16655e+06,4.03458e+06,1.44036e+07,0,0,0,0
73.7904,85.1408,2.06598,0.02,0.06,3.40191,3.40191,0,0.637524,4.6872,4.4108e+06,3.01846e+06,1.50051e+07,0,0,0,0,61.9973,61.3098,2.43932,0,1,1.57131,1.57131,0,1.214,1.90512,9.16655e+06,4.03458e+06,1.44035e+07,0,0,0,0
78.2854,85.1408,8.20988,0.02,0.06,2.97066,2.97066,0,0.637518,4.6872,4.4108e+06,3.01846e+06,1.3103e+07,0,0,0,0,62.338,61.3098,7.15149,0,1,1.34944,1.34944,0,1.21399,1.90512,9.16655e+06,4.03458e+06,1.23697e+07,0,0,0,0
81.7328,85.1408,7.10841,0.01,0.06,2.97063,2.97063,0,0.556702,4.6872,4.4108e+06,3.01846e+06,1.31029e+07,0,0,0,0,62.338,61.3098,6.62405,0,1,1.34943,1.34943,0,1.04258,1.90512,9.16655e+06,4.03458e+06,1.23696e+07,0,0,0,0
85.1408,85.1408,8.25635,0,0.06,2.9706,2.9706,0,0.556697,4.6872,4.4108e+06,3.01846e+06,1.31027e+07,0,0,0,0,62.338,61.3098,7.2781,0,1,1.34941,1.34941,0,1.04257,1.90512,9.16655e+06,4.03458e+06,1.23694e+07,0,0,0,0
85.1408,85.1408,9.40617,0,0.06,2.97057,2.97057,0,0.556691,4.6872,4.4108e+06,3.01846e+06,1.31026e+07,0,0,0,0,62.338,61.3098,7.53345,0,1,1.3494,1.3494,0,1.04256,1.90512,9.16655e+06,4.03458e+06,1.23693e+07,0,0,0,0
85.1408,85.1408,7.054,0,0.06,2.97054,2.97054,0,0.556685,4.6872,4.4108e+06,3.01846e+06,1.31025e+07,0,0,0,0,62.338,61.3098,6.68545,0,1,1.34938,1.34938,0,1.04254,1.90512,9.16655e+06,4.03458e+06,1.23692e+07,0,0,0,0
85.1408,85.1408,4.44121,0,0.06,3.07905,3.07905,0,0.55668,4.6872,4.4108e+06,3.01846e+06,1.35811e+07,0,0,0,0,62.338,61.3098,5.10032,0,1,1.40364,1.40364,0,1.04253,1.90512,9.16655e+06,4.03458e+06,1.28665e+07,0,0,0,0
85.1408,85.1408,3.70058,0,0.06,3.07902,3.07902,0,0.577014,4.6872,4.4108e+06,3.01846e+06,1.35809e+07,0,0,0,0,62.338,61.3098,4.2999,0,1,1.40363,1.40363,0,1.08445,1.90512,9.16655e+06,4.03458e+06,1.28664e+07,0,0,0,0
85.1408,85.1408,3.60749,0,0.06,3.07899,3.07899,0,0.577008,4.6872,4.4108e+06,3.01846e+06,1.35808e+07,0,0,0,0,62.338,61.3098,4.51279,0,1,1.40361,1.40361,0,1.08444,1.90512,9.16655e+06,4.03458e+06,1.28663e+07,0,0,0,0
85.1301,85.1408,3.5069,0,0.06,3.07895,3.07895,0,0.577002,4.6872,4.4108e+06,3.01846e+06,1.35807e+07,0,0,0,0,62.2481,61.3098,4.34508,0,1,1.4036,1.4036,0,1.08443,1.90512,9.16655e+06,4.03458e+06,1.28661e+07,0,0,0,0
84.2662,85.1408,2.50013,0,0.06,3.03649,3.03649,0,0.576996,4.6872,4.4108e+06,3.01846e+06,1.33933e+07,0,0,0,0,62.0976,61.3098,2.1789,0,1,1.38251,1.38251,0,1.08442,1.90512,9.16655e+06,4.03458e+06,1.26728e+07,0,0,0,0
82.9258,85.1408,1.98197,0,0.06,3.03646,3.03646,0,0.569038,4.6872,4.4108e+06,3.01846e+06,1.33932e+07,0,0,0,0,61.9003,61.3098,1.93677,0,1,1.38249,1.38249,0,1.06812,1.90512,9.16655e+06,4.03458e+06,1.26727e+07,0,0,0,0
81.4786,85.1408,1.8586,0,0.06,3.03643,3.03643,0,0.569032,4.6872,4.4108e+06,3.01846e+06,1.33931e+07,0,0,0,0,61.9677,61.3098,1.89952,0,1,1.38248,1.38248,0,1.06811,1.90512,9.16655e+06,4.03458e+06,1.26725e+07,0,0,0,0
81.0576,85.1408,2.90136,0,0.06,3.03639,3.03639,0,0.569026,4.6872,4.4108e+06,3.01846e+06,1.33929e+07,0,0,0,0,61.8364,61.3098,2.3737,0,1,1.38246,1.38246,0,1.0681,1.90512,9.16655e+06,4.03458e+06,1.26724e+07,0,0,0,0
79.4932,85.1408,1.79434,0,0.06,3.1804,3.1804,0,0.56902,4.6872,4.4108e+06,3.01846e+06,1.40281e+07,0,0,0,0,61.3638,61.3098,1.6126,0,1,1.45719,1.45719,0,1.06809,1.90512,9.16655e+06,4.03458e+06,1.33574e+07,0,0,0,0
77.8296,85.1408,1.65398,0,0.06,3.18037,3.18037,0,0.596007,4.6872,4.4108e+06,3.01846e+06,1.4028e+07,0,0,0,0,60.8542,61.3098,1.60685,0,1,1.45718,1.45718,0,1.12583,1.90512,9.16655e+06,4.03458e+06,1.33573e+07,0,0,0,0
76.1313,85.1408,1.60037,0,0.06,3.18033,3.18033,0,0.596001,4.6872,4.4108e+06,3.01846e+06,1.40278e+07,0,0,0,0,60.3816,61.3098,1.5952,0,1,1.45716,1.45716,0,1.12581,1.90512,9.16655e+06,4.03458e+06,1.33571e+07,0,0,0,0
74.3517,85.1408,1.49883,0.01,0.06,3.1803,3.1803,0,0.595995,4.6872,4.4108e+06,3.01846e+06,1.40277e+07,0,0,0,0,59.8225,61.3098,1.45817,0,1,1.45715,1.45715,0,1.1258,1.90512,9.16655e+06,4.03458e+06,1.3357e+07,0,0,0,0
72.2945,85.1408,1.15671,0.02,0.06,3.18027,3.18027,0,0.595988,4.6872,4.4108e+06,3.01846e+06,1.40275e+07,0,0,0,0,59.0824,61.3098,1.3193,0,1,1.45713,1.45713,0,1.12579,1.90512,9.16655e+06,4.03458e+06,1.33569e+07,0,0,0,0
70.0872,85.1408,0.944015,0.02,0.06,3.15175,3.15175,0,0.595982,4.6872,4.4108e+06,3.01846e+06,1.39018e+07,0,0,0,0,58.232,61.3098,1.19072,0,1,1.49819,1.49819,0,1.12578,1.90512,9.16655e+06,4.03458e+06,1.37333e+07,0,0,0,0
67.8683,85.1408,0.899661,0.02,0.06,3.15172,3.15172,0,0.590638,4.6872,4.4108e+06,3.01846e+06,1.39016e+07,0,0,0,0,57.3186,61.3098,1.18705,0,1,1.49818,1.49818,0,1.15751,1.90512,9.16655e+06,4.03458e+06,1.37331e+07,0,0,0,0
65.5865,85.1408,0.791176,0.03,0.06,3.15169,3.15169,0,0.590632,4.6872,4.4108e+06,3.01846e+06,1.39015e+07,0,0,0,0,56.3973,61.3098,1.08679,0,1,1.49816,1.49816,0,1.15749,1.90512,9.16655e+06,4.03458e+06,1.3733e+07,0,0,0,0
63.3066,85.1408,0.766501,0.03,0.06,3.15166,3.15166,0,0.590626,4.6872,4.4108e+06,3.01846e+06,1.39013e+07,0,0,0,0,55.4673,61.3098,1.12774,0,1,1.49815,1.49815,0,1.15748,1.90512,9.16655e+06,4.03458e+06,1.37328e+07,0,0,0,0
61.029,85.1408,0.80279,0.04,0.06,3.22518,3.22518,0,0.59062,4.6872,4.4108e+06,3.01846e+06,1.42256e+07,0,0,0,0,54.4665,61.3098,1.14458,0,1,1.53474,1.53474,0,1.15747,1.90512,9.16655e+06,4.03458e+06,1.40683e+07,0,0,0,0
58.6921,85.1408,0.71376,0.04,0.06,3.22514,3.22514,0,0.604398,4.6872,4.4108e+06,3.01846e+06,1.42255e+07,0,0,0,0,53.3871,61.3098,1.08233,0,1,1.53473,1.53473,0,1.18574,1.90512,9.16655e+06,4.03458e+06,1.40681e+07,0,0,0,0
56.3277,85.1408,0.653857,0.07,0.06,3.22511,3.22511,0,0.604392,4.6872,4.4108e+06,3.01846e+06,1.42253e+07,0,0,0,0,52.3257,61.3098,1.01246,0,1,1.53471,1.53471,0,1.18573,1.90512,9.16655e+06,4.03458e+06,1.4068e+07,0,0,0,0
53.922,85.1408,0.56569,0.06,0.06,3.22508,3.22508,0,0.604386,4.6872,4.4108e+06,3.01846e+06,1.42252e+07,0,0,0,0,51.3232,61.3098,1.00444,0,1,1.53469,1.53469,0,1.18572,1.90512,9.16655e+06,4.03458e+06,1.40678e+07,0,0,0,0
51.3957,85.1408,0.591549,0.06,0.06,3.44043,3.44043,0,0.60438,4.6872,4.4108e+06,3.01846e+06,1.51751e+07,0,0,0,0,50.0084,61.3098,1.10095,0,1,1.66681,1.66681,0,1.1857,1.90512,9.16655e+06,4.03458e+06,1.52789e+07,0,0,0,0
48.7865,85.1408,0.486165,0.06,0.06,3.4404,3.4404,0,0.644737,4.6872,4.4108e+06,3.01846e+06,1.51749e+07,0,0,0,0,48.9376,61.3098,0.791274,0,1,1.66679,1.66679,0,1.28778,1.90512,9.16655e+06,4.03458e+06,1.52787e+07,0,0,0,0
46.2739,85.1408,0.573697,0.08,0.06,3.44036,3.44036,0,0.64473,4.6872,4.4108e+06,3.01846e+06,1.51748e+07,0,0,0,0,47.8091,61.3098,1.29886,0,1,1.66677,1.66677,0,1.28776,1.90512,9.16655e+06,4.03458e+06,1.52786e+07,0,0,0,0
43.6577,85.1408,0.464654,0.08,0.06,3.44033,3.44033,0,0.644724,4.6872,4.4108e+06,3.01846e+06,1.51746e+07,0,0,0,0,46.5504,61.3098,0.934691,0,1,1.66676,1.66676,0,1.28775,1.90512,9.16655e+06,4.03458e+06,1.52784e+07,0,0,0,0
41.0828,85.1408,0.507922,0.07,0.06,3.44029,3.44029,0,0.644717,4.6872,4.4108e+06,3.01846e+06,1.51744e+07,0,0,0,0,45.6244,61.3098,0.895069,0,1,1.66674,1.66674,0,1.28774,1.90512,9.16655e+06,4.03458e+06,1.52782e+07,0,0,0,0
39.0385,85.1408,0.937122,0.09,0.06,3.33529,3.33529,0,0.64471,4.6872,4.4108e+06,3.01846e+06,1.47113e+07,0,0,0,0,44.616,61.3098,1.34262,0,1,1.58653,1.58653,0,1.28772,1.90512,9.16655e+06,4.03458e+06,1.4543e+07,0,0,0,0
36.5949,85.1408,0.548347,0.09,0.06,3.33526,3.33526,0,0.625033,4.6872,4.4108e+06,3.01846e+06,1.47112e+07,0,0,0,0,43.3026,61.3098,0.904751,0,1,1.58651,1.58651,0,1.22575,1.90512,9.16655e+06,4.03458e+06,1.45428e+07,0,0,0,0
34.1189,85.1408,0.488372,0.09,0.06,3.33522,3.33522,0,0.625027,4.6872,4.4108e+06,3.01846e+06,1.4711e+07,0,0,0,0,42.7471,61.3098,0.762418,0,1,1.5865,1.5865,0,1.22574,1.90512,9.16655e+06,4.03458e+06,1.45427e+07,0,0,0,0
32.3358,85.1408,1.25037,0.09,0.06,3.33519,3.33519,0,0.62502,4.6872,4.4108e+06,3.01846e+06,1.47109e+07,0,0,0,0,42.4139,61.3098,1.73266,0,1,1.58648,1.58648,0,1.22573,1.90512,9.16655e+06,4.03458e+06,1.45425e+07,0,0,0,0
33.9391,85.1408,4.7457,0.11,0.06,3.249,3.249,0,0.625014,4.6872,4.4108e+06,3.01846e+06,1.43307e+07,0,0,0,0,42.8141,61.3098,3.50366,0,1,1.51347,1.51347,0,1.22571,1.90512,9.16655e+06,4.03458e+06,1.38733e+07,0,0,0,0
35.299,85.1408,4.4779,0.11,0.06,3.22808,3.24896,0,0.608862,4.6872,4.4108e+06,3.01846e+06,1.42384e+07,0,0,0,0,42.9641,61.3098,3.12213,0,1,1.53434,1.51346,0,1.16931,1.90512,9.16655e+06,4.03458e+06,1.40646e+07,0,0,0,0
36.8807,85.1408,4.74405,0.07,0.06,3.22803,3.24893,0,0.604943,4.6872,4.4108e+06,3.01846e+06,1.42382e+07,0,0,0,0,43.5518,61.3098,3.90642,0,1,1.53434,1.51344,0,1.18543,1.90512,9.16655e+06,4.03458e+06,1.40646e+07,0,0,0,0
