0cont_fund,0ins_pout,0ins_price,0infra_npv,0debt_serv,0gross_rev,0cont_contrib,0drought_cost,0water_price
0,0,0,0,1.02942e-71,2.55606e+07,-927866,927866,1.36289e+07
0,0,0,0,0,2.54703e+07,-864239,864239,1.36289e+07
0,0,0,0,0,2.54765e+07,-862655,862655,1.36289e+07
0,0,0,0,0,2.54827e+07,-861071,861071,1.36289e+07
0,0,0,0,0,2.81092e+07,-859488,859488,1.36289e+07
0,0,0,0,0,2.73111e+07,-340311,340311,1.36289e+07
0,0,0,0,0,2.7318e+07,-338540,338540,1.36289e+07
0,0,0,0,0,2.73249e+07,-336768,336768,1.36289e+07
0,0,0,0,0,2.37201e+07,-334996,334996,1.36289e+07
0,0,0,0,0,2.46509e+07,-927866,927866,1.36289e+07
0,0,0,0,0,2.46592e+07,-927866,927866,1.36289e+07
0,0,0,0,0,2.46676e+07,-927866,927866,1.36289e+07
0,0,0,0,0,2.46759e+07,-927866,927866,1.36289e+07
0,0,0,0,0,2.55802e+07,-927866,927866,1.36289e+07
0,0,0,0,0,2.54689e+07,-850741,850741,1.36289e+07
0,0,0,0,0,2.54751e+07,-849155,849155,1.36289e+07
0,0,0,0,0,2.54814e+07,-847569,847569,1.36289e+07
0,0,0,0,0,2.51381e+07,-845982,845982,1.36289e+07
0,0,0,0,0,2.52474e+07,-910703,910703,1.36289e+07
0,0,0,0,0,2.52535e+07,-909139,909139,1.36289e+07
0,0,0,0,0,2.52596e+07,-907575,907575,1.36289e+07
0,0,0,0,0,2.6484e+07,-906010,906010,1.36289e+07
0,0,0,0,0,2.61242e+07,-668962,668962,1.36289e+07
0,0,0,0,0,2.61307e+07,-667312,667312,1.36289e+07
0,0,0,0,0,2.61371e+07,-665662,665662,1.36289e+07
0,0,0,0,0,2.61435e+07,-664011,664011,1.36289e+07
0,0,0,0,0,2.64374e+07,-662359,662359,1.36289e+07
0,0,0,0,0,2.62422e+07,-531050,531050,1.36289e+07
0,0,0,0,0,2.62487e+07,-529351,529351,1.36289e+07
0,0,0,0,0,2.62552e+07,-527652,527652,1.36289e+07
0,0,0,0,0,2.6871e+07,-525952,525952,1.36289e+07
0,0,0,0,0,2.66977e+07,-408532,408532,1.36289e+07
0,0,0,0,0,2.67044e+07,-406790,406790,1.36289e+07
0,0,0,0,0,2.6711e+07,-405048,405048,1.36289e+07
0,0,0,0,0,2.87414e+07,-403305,403305,1.36289e+07
0,0,0,0,0,2.81241e+07,0,0,1.36289e+07
0,0,0,0,0,2.81342e+07,0,0,1.36289e+07
0,0,0,0,0,2.81443e+07,0,0,1.36289e+07
0,0,0,0,0,2.81544e+07,0,0,1.36289e+07
0,0,0,0,0,2.70261e+07,0,0,1.36289e+07
0,0,0,0,0,2.73907e+07,-228140,228140,1.36289e+07
0,0,0,0,0,2.73976e+07,-226335,226335,1.36289e+07
0,0,0,0,0,2.74045e+07,-224530,224530,1.36289e+07
0,0,0,0,0,2.64073e+07,-222724,222724,1.36289e+07
0,0,0,0,0,2.67746e+07,-452765,452765,1.36289e+07
0,0,0,0,0,2.67812e+07,-451041,451041,1.36289e+07
0,0,0,0,0,2.67879e+07,-449317,449317,1.36289e+07
0,0,0,0,0,2.44662e+07,-447592,447592,1.36289e+07
0,0,0,0,0,2.5222e+07,-927866,927866,1.36289e+07
0,0,0,0,0,2.52305e+07,-927866,927866,1.36289e+07
0,0,0,0,0,2.52366e+07,-926326,926326,1.36289e+07
0,0,0,0,0,2.52427e+07,-924772,924772,1.36289e+07
0,0,0,8.00404e+07,1.02942e-71,2.60077e+07,-923219,923219,1.36289e+07
0,0,0,8.00404e+07,0,2.57956e+07,-781421,781421,1.36289e+07
0,0,0,8.00404e+07,0,2.58018e+07,-779867,779867,1.36289e+07
0,0,0,8.00404e+07,0,2.58079e+07,-778312,778312,1.36289e+07
0,0,0,8.00404e+07,0,2.84835e+07,-776756,776756,1.36289e+07
0,0,0,8.00404e+07,0,2.76701e+07,-247884,247884,1.36289e+07
0,0,0,8.00404e+07,0,2.76769e+07,-246145,246145,1.36289e+07
0,0,0,8.00404e+07,0,2.76836e+07,-244405,244405,1.36289e+07
0,0,0,8.00404e+07,0,2.40111e+07,-242665,242665,1.36289e+07
0,0,0,8.00404e+07,0,2.50853e+07,-927866,927866,1.36289e+07
0,0,0,8.00404e+07,0,2.50935e+07,-927866,927866,1.36289e+07
0,0,0,8.00404e+07,0,2.51017e+07,-927866,927866,1.36289e+07
0,0,0,8.00404e+07,0,2.51099e+07,-927866,927866,1.36289e+07
0,0,0,8.00404e+07,0,2.60308e+07,-927866,927866,1.36289e+07
0,0,0,8.00404e+07,0,2.57913e+07,-768430,768430,1.36289e+07
0,0,0,8.00404e+07,0,2.57974e+07,-766872,766872,1.36289e+07
0,0,0,8.00404e+07,0,2.58035e+07,-765315,765315,1.36289e+07
0,0,0,8.00404e+07,0,2.54536e+07,-763756,763756,1.36289e+07
0,0,0,8.00404e+07,0,2.55647e+07,-829740,829740,1.36289e+07
0,0,0,8.00404e+07,0,2.55707e+07,-828205,828205,1.36289e+07
0,0,0,8.00404e+07,0,2.55767e+07,-826669,826669,1.36289e+07
0,0,0,8.00404e+07,0,2.68236e+07,-825133,825133,1.36289e+07
0,0,0,8.00404e+07,0,2.64569e+07,-583742,583742,1.36289e+07
0,0,0,8.00404e+07,0,2.64632e+07,-582122,582122,1.36289e+07
0,0,0,8.00404e+07,0,2.64696e+07,-580502,580502,1.36289e+07
0,0,0,8.00404e+07,0,2.64759e+07,-578881,578881,1.36289e+07
0,0,0,8.00404e+07,0,2.67749e+07,-577260,577260,1.36289e+07
0,0,0,8.00404e+07,0,2.65759e+07,-443582,443582,1.36289e+07
0,0,0,8.00404e+07,0,2.65822e+07,-441914,441914,1.36289e+07
0,0,0,8.00404e+07,0,2.65886e+07,-440246,440246,1.36289e+07
0,0,0,8.00404e+07,0,2.72156e+07,-438577,438577,1.36289e+07
0,0,0,8.00404e+07,0,2.70388e+07,-319054,319054,1.36289e+07
0,0,0,8.00404e+07,0,2.70454e+07,-317344,317344,1.36289e+07
0,0,0,8.00404e+07,0,2.70519e+07,-315633,315633,1.36289e+07
0,0,0,8.00404e+07,0,2.91194e+07,-313922,313922,1.36289e+07
0,0,0,8.00404e+07,0,2.86409e+07,0,0,1.36289e+07
0,0,0,8.00404e+07,0,2.86508e+07,0,0,1.36289e+07
0,0,0,8.00404e+07,0,2.86607e+07,0,0,1.36289e+07
0,0,0,8.00404e+07,0,2.86707e+07,0,0,1.36289e+07
0,0,0,8.00404e+07,0,2.75213e+07,0,0,1.36289e+07
0,0,0,8.00404e+07,0,2.77423e+07,-135931,135931,1.36289e+07
0,0,0,8.00404e+07,0,2.77491e+07,-134159,134159,1.36289e+07
0,0,0,8.00404e+07,0,2.77559e+07,-132386,132386,1.36289e+07
0,0,0,8.00404e+07,0,2.67402e+07,-130613,130613,1.36289e+07
0,0,0,8.00404e+07,0,2.71139e+07,-364924,364924,1.36289e+07
0,0,0,8.00404e+07,0,2.71205e+07,-363232,363232,1.36289e+07
0,0,0,8.00404e+07,0,2.7127e+07,-361539,361539,1.36289e+07
0,0,0,8.00404e+07,0,2.47628e+07,-359847,359847,1.36289e+07
0,0,0,8.00404e+07,0,2.55346e+07,-850526,850526,1.36289e+07
0,0,0,8.00404e+07,0,2.55406e+07,-849003,849003,1.36289e+07
0,0,0,8.00404e+07,0,2.55466e+07,-847479,847479,1.36289e+07
0,0,0,8.00404e+07,0,2.55525e+07,-845955,845955,1.36289e+07
0,0,0,8.00404e+07,1.02942e-71,2.63312e+07,-844430,844430,1.36289e+07
0,0,0,8.00404e+07,0,2.61151e+07,-700116,700116,1.36289e+07
0,0,0,8.00404e+07,0,2.6121e+07,-698593,698593,1.36289e+07
0,0,0,8.00404e+07,0,2.6127e+07,-697070,697070,1.36289e+07
0,0,0,8.00404e+07,0,2.88508e+07,-695546,695546,1.36289e+07
0,0,0,8.00404e+07,0,2.80225e+07,-157162,157162,1.36289e+07
0,0,0,8.00404e+07,0,2.80291e+07,-155458,155458,1.36289e+07
0,0,0,8.00404e+07,0,2.80357e+07,-153754,153754,1.36289e+07
0,0,0,8.00404e+07,0,2.42966e+07,-152050,152050,1.36289e+07
0,0,0,8.00404e+07,0,2.54244e+07,-871781,871781,1.36289e+07
0,0,0,8.00404e+07,0,2.54302e+07,-870317,870317,1.36289e+07
0,0,0,8.00404e+07,0,2.54359e+07,-868852,868852,1.36289e+07
0,0,0,8.00404e+07,0,2.54417e+07,-867387,867387,1.36289e+07
0,0,0,8.00404e+07,0,2.63765e+07,-865921,865921,1.36289e+07
0,0,0,8.00404e+07,0,2.61075e+07,-687671,687671,1.36289e+07
0,0,0,8.00404e+07,0,2.61135e+07,-686146,686146,1.36289e+07
0,0,0,8.00404e+07,0,2.61195e+07,-684620,684620,1.36289e+07
0,0,0,8.00404e+07,0,2.57631e+07,-683094,683094,1.36289e+07
0,0,0,8.00404e+07,0,2.58759e+07,-750321,750321,1.36289e+07
0,0,0,8.00404e+07,0,2.58818e+07,-748817,748817,1.36289e+07
0,0,0,8.00404e+07,0,2.58877e+07,-747313,747313,1.36289e+07
0,0,0,8.00404e+07,0,2.71567e+07,-745809,745809,1.36289e+07
0,0,0,8.00404e+07,0,2.67832e+07,-500163,500163,1.36289e+07
0,0,0,8.00404e+07,0,2.67894e+07,-498576,498576,1.36289e+07
0,0,0,8.00404e+07,0,2.67955e+07,-496989,496989,1.36289e+07
0,0,0,8.00404e+07,0,2.68018e+07,-495402,495402,1.36289e+07
0,0,0,8.00404e+07,0,2.71058e+07,-493814,493814,1.36289e+07
0,0,0,8.00404e+07,0,2.6903e+07,-357818,357818,1.36289e+07
0,0,0,8.00404e+07,0,2.69093e+07,-356185,356185,1.36289e+07
0,0,0,8.00404e+07,0,2.69155e+07,-354552,354552,1.36289e+07
0,0,0,8.00404e+07,0,2.75534e+07,-352918,352918,1.36289e+07
0,0,0,8.00404e+07,0,2.73732e+07,-231337,231337,1.36289e+07
0,0,0,8.00404e+07,0,2.73796e+07,-229662,229662,1.36289e+07
0,0,0,8.00404e+07,0,2.7386e+07,-227987,227987,1.36289e+07
0,0,0,8.00404e+07,0,2.94899e+07,-226312,226312,1.36289e+07
0,0,0,8.00404e+07,0,2.91475e+07,0,0,1.36289e+07
0,0,0,8.00404e+07,0,2.91572e+07,0,0,1.36289e+07
0,0,0,8.00404e+07,0,2.91669e+07,0,0,1.36289e+07
0,0,0,8.00404e+07,0,2.91766e+07,0,0,1.36289e+07
0,0,0,8.00404e+07,0,2.80066e+07,0,0,1.36289e+07
0,0,0,8.00404e+07,0,2.80868e+07,-45576.2,45576.2,1.36289e+07
0,0,0,8.00404e+07,0,2.80935e+07,-43841.3,43841.3,1.36289e+07
0,0,0,8.00404e+07,0,2.81001e+07,-42105.7,42105.7,1.36289e+07
0,0,0,8.00404e+07,0,2.70663e+07,-40370.1,40370.1,1.36289e+07
0,0,0,8.00404e+07,0,2.74464e+07,-278868,278868,1.36289e+07
0,0,0,8.00404e+07,0,2.74528e+07,-277211,277211,1.36289e+07
0,0,0,8.00404e+07,0,2.74592e+07,-275554,275554,1.36289e+07
0,0,0,8.00404e+07,0,2.50533e+07,-273897,273897,1.36289e+07
0,0,0,8.00404e+07,0,2.58384e+07,-773242,773242,1.36289e+07
0,0,0,8.00404e+07,0,2.58442e+07,-771750,771750,1.36289e+07
0,0,0,8.00404e+07,0,2.58501e+07,-770258,770258,1.36289e+07
0,0,0,8.00404e+07,0,2.5856e+07,-768765,768765,1.36289e+07
0,0,0,8.00404e+07,1.02942e-71,2.6648e+07,-767273,767273,1.36289e+07
0,0,0,8.00404e+07,0,2.64278e+07,-620498,620498,1.36289e+07
0,0,0,8.00404e+07,0,2.64337e+07,-619009,619009,1.36289e+07
0,0,0,8.00404e+07,0,2.64395e+07,-617520,617520,1.36289e+07
0,0,0,8.00404e+07,0,2.92105e+07,-616031,616031,1.36289e+07
0,0,0,8.00404e+07,0,2.83674e+07,-68335.8,68335.8,1.36289e+07
0,0,0,8.00404e+07,0,2.83739e+07,-66670.8,66670.8,1.36289e+07
0,0,0,8.00404e+07,0,2.83804e+07,-65005,65005,1.36289e+07
0,0,0,8.00404e+07,0,2.45761e+07,-63339.3,63339.3,1.36289e+07
0,0,0,8.00404e+07,0,2.57233e+07,-795629,795629,1.36289e+07
0,0,0,8.00404e+07,0,2.57289e+07,-794197,794197,1.36289e+07
0,0,0,8.00404e+07,0,2.57345e+07,-792766,792766,1.36289e+07
0,0,0,8.00404e+07,0,2.57402e+07,-791334,791334,1.36289e+07
0,0,0,8.00404e+07,0,2.66909e+07,-789902,789902,1.36289e+07
0,0,0,8.00404e+07,0,2.64171e+07,-608628,608628,1.36289e+07
0,0,0,8.00404e+07,0,2.64229e+07,-607138,607138,1.36289e+07
0,0,0,8.00404e+07,0,2.64288e+07,-605647,605647,1.36289e+07
0,0,0,8.00404e+07,0,2.6066e+07,-604155,604155,1.36289e+07
0,0,0,8.00404e+07,0,2.61805e+07,-672602,672602,1.36289e+07
0,0,0,8.00404e+07,0,2.61863e+07,-671132,671132,1.36289e+07
0,0,0,8.00404e+07,0,2.6192e+07,-669662,669662,1.36289e+07
0,0,0,8.00404e+07,0,2.74825e+07,-668192,668192,1.36289e+07
0,0,0,8.00404e+07,0,2.71024e+07,-418385,418385,1.36289e+07
0,0,0,8.00404e+07,0,2.71084e+07,-416835,416835,1.36289e+07
0,0,0,8.00404e+07,0,2.71145e+07,-415284,415284,1.36289e+07
0,0,0,8.00404e+07,0,2.71205e+07,-413733,413733,1.36289e+07
0,0,0,8.00404e+07,0,2.74296e+07,-412181,412181,1.36289e+07
0,0,0,8.00404e+07,0,2.72231e+07,-273921,273921,1.36289e+07
0,0,0,8.00404e+07,0,2.72292e+07,-272325,272325,1.36289e+07
0,0,0,8.00404e+07,0,2.72352e+07,-270729,270729,1.36289e+07
0,0,0,8.00404e+07,0,2.78838e+07,-269132,269132,1.36289e+07
0,0,0,8.00404e+07,0,2.77003e+07,-145542,145542,1.36289e+07
0,0,0,8.00404e+07,0,2.77065e+07,-143906,143906,1.36289e+07
0,0,0,8.00404e+07,0,2.77128e+07,-142269,142269,1.36289e+07
0,0,0,8.00404e+07,0,2.98522e+07,-140631,140631,1.36289e+07
0,0,0,8.00404e+07,0,2.96428e+07,0,0,1.36289e+07
0,0,0,8.00404e+07,0,2.96523e+07,0,0,1.36289e+07
0,0,0,8.00404e+07,0,2.96618e+07,0,0,1.36289e+07
0,0,0,8.00404e+07,0,2.96713e+07,0,0,1.36289e+07
0,0,0,8.00404e+07,0,2.84811e+07,0,0,1.36289e+07
0,0,0,8.00404e+07,0,2.84902e+07,0,0,1.36289e+07
0,0,0,8.00404e+07,0,2.84993e+07,0,0,1.36289e+07
0,0,0,8.00404e+07,0,2.85084e+07,0,0,1.36289e+07
0,0,0,8.00404e+07,0,2.74596e+07,0,0,1.36289e+07
0,0,0,8.00404e+07,0,2.77714e+07,-194742,194742,1.36289e+07
0,0,0,8.00404e+07,0,2.77776e+07,-193123,193123,1.36289e+07
0,0,0,8.00404e+07,0,2.77839e+07,-191504,191504,1.36289e+07
0,0,0,8.00404e+07,0,2.53372e+07,-189884,189884,1.36289e+07
0,0,0,8.00404e+07,0,2.61353e+07,-697702,697702,1.36289e+07
0,0,0,8.00404e+07,0,2.6141e+07,-696245,696245,1.36289e+07
0,0,0,8.00404e+07,0,2.61467e+07,-694787,694787,1.36289e+07
0,0,0,8.00404e+07,0,2.61525e+07,-693329,693329,1.36289e+07
0,0,0,8.00404e+07,1.02942e-71,2.69576e+07,-691870,691870,1.36289e+07
0,0,0,8.00404e+07,0,2.67334e+07,-542693,542693,1.36289e+07
0,0,0,8.00404e+07,0,2.67391e+07,-541241,541241,1.36289e+07
0,0,0,8.00404e+07,0,2.67449e+07,-539788,539788,1.36289e+07
0,0,0,8.00404e+07,0,2.95619e+07,-538335,538335,1.36289e+07
0,0,0,8.00404e+07,0,2.87332e+07,0,0,1.36289e+07
0,0,0,8.00404e+07,0,2.8742e+07,0,0,1.36289e+07
0,0,0,8.00404e+07,0,2.87509e+07,0,0,1.36289e+07
0,0,0,8.00404e+07,0,2.48855e+07,0,0,1.36289e+07
0,0,0,8.00404e+07,0,2.60153e+07,-721230,721230,1.36289e+07
0,0,0,8.00404e+07,0,2.60207e+07,-719834,719834,1.36289e+07
0,0,0,8.00404e+07,0,2.60262e+07,-718437,718437,1.36289e+07
0,0,0,8.00404e+07,0,2.60317e+07,-717040,717040,1.36289e+07
0,0,0,8.00404e+07,0,2.69981e+07,-715642,715642,1.36289e+07
0,0,0,8.00404e+07,0,2.67194e+07,-531419,531419,1.36289e+07
0,0,0,8.00404e+07,0,2.67251e+07,-529964,529964,1.36289e+07
0,0,0,8.00404e+07,0,2.67308e+07,-528510,528510,1.36289e+07
0,0,0,8.00404e+07,0,2.63618e+07,-527055,527055,1.36289e+07
0,0,0,8.00404e+07,0,2.6478e+07,-596695,596695,1.36289e+07
0,0,0,8.00404e+07,0,2.64836e+07,-595261,595261,1.36289e+07
0,0,0,8.00404e+07,0,2.64892e+07,-593827,593827,1.36289e+07
0,0,0,8.00404e+07,0,2.78008e+07,-592393,592393,1.36289e+07
0,0,0,8.00404e+07,0,2.74141e+07,-338526,338526,1.36289e+07
0,0,0,8.00404e+07,0,2.742e+07,-337013,337013,1.36289e+07
0,0,0,8.00404e+07,0,2.74259e+07,-335500,335500,1.36289e+07
0,0,0,8.00404e+07,0,2.74318e+07,-333987,333987,1.36289e+07
0,0,0,8.00404e+07,0,2.77457e+07,-332473,332473,1.36289e+07
0,0,0,8.00404e+07,0,2.75355e+07,-192005,192005,1.36289e+07
0,0,0,8.00404e+07,0,2.75414e+07,-190448,190448,1.36289e+07
0,0,0,8.00404e+07,0,2.75474e+07,-188891,188891,1.36289e+07
0,0,0,8.00404e+07,0,2.82063e+07,-187333,187333,1.36289e+07
0,0,0,8.00404e+07,0,2.80195e+07,-61784.4,61784.4,1.36289e+07
0,0,0,8.00404e+07,0,2.80256e+07,-60187.8,60187.8,1.36289e+07
0,0,0,8.00404e+07,0,2.80317e+07,-58591.2,58591.2,1.36289e+07
0,0,0,8.00404e+07,0,3.02058e+07,-56994.2,56994.2,1.36289e+07
0,0,0,8.00404e+07,0,3.01264e+07,0,0,1.36289e+07
0,0,0,8.00404e+07,0,3.01356e+07,0,0,1.36289e+07
0,0,0,8.00404e+07,0,3.01449e+07,0,0,1.36289e+07
0,0,0,8.00404e+07,0,3.01541e+07,0,0,1.36289e+07
0,0,0,8.00404e+07,0,2.89442e+07,0,0,1.36289e+07
0,0,0,8.00404e+07,0,2.89531e+07,0,0,1.36289e+07
0,0,0,8.00404e+07,0,2.8962e+07,0,0,1.36289e+07
0,0,0,8.00404e+07,0,2.89708e+07,0,0,1.36289e+07
0,0,0,8.00404e+07,0,2.79046e+07,0,0,1.36289e+07
0,0,0,8.00404e+07,0,2.80885e+07,-112650,112650,1.36289e+07
0,0,0,8.00404e+07,0,2.80946e+07,-111071,111071,1.36289e+07
0,0,0,8.00404e+07,0,2.81007e+07,-109491,109491,1.36289e+07
0,0,0,8.00404e+07,0,2.56142e+07,-107911,107911,1.36289e+07
0,0,0,8.00404e+07,0,2.64249e+07,-623999,623999,1.36289e+07
0,0,0,8.00404e+07,0,2.64305e+07,-622578,622578,1.36289e+07
0,0,0,8.00404e+07,0,2.64361e+07,-621156,621156,1.36289e+07
0,0,0,8.00404e+07,0,2.64417e+07,-619733,619733,1.36289e+07
0,0,0,8.00404e+07,0,2.72595e+07,-618311,618311,1.36289e+07
0,0,0,8.00404e+07,9.17599e+06,2.77489e+07,-927866,927866,1.36289e+07
0,0,0,8.00404e+07,0,2.77567e+07,-927866,927866,1.36289e+07
0,0,0,8.00404e+07,0,2.77644e+07,-927866,927866,1.36289e+07
0,0,0,8.00404e+07,0,3.06287e+07,-927866,927866,1.36289e+07
0,0,0,8.00404e+07,0,3.06373e+07,-927866,927866,1.36289e+07
0,0,0,8.00404e+07,0,3.06459e+07,-927866,927866,1.36289e+07
0,0,0,8.00404e+07,0,3.06545e+07,-927866,927866,1.36289e+07
0,0,0,8.00404e+07,0,2.67269e+07,-927866,927866,1.36289e+07
0,0,0,8.00404e+07,0,2.67344e+07,-927866,927866,1.36289e+07
0,0,0,8.00404e+07,0,2.67419e+07,-927866,927866,1.36289e+07
0,0,0,8.00404e+07,0,2.67493e+07,-927866,927866,1.36289e+07
0,0,0,8.00404e+07,0,2.67568e+07,-927866,927866,1.36289e+07
0,0,0,8.00404e+07,0,2.77404e+07,-927866,927866,1.36289e+07
0,0,0,8.00404e+07,0,2.77482e+07,-927866,927866,1.36289e+07
0,0,0,8.00404e+07,0,2.77559e+07,-927866,927866,1.36289e+07
0,0,0,8.00404e+07,0,2.77637e+07,-927866,927866,1.36289e+07
0,0,0,8.00404e+07,0,2.73908e+07,-927866,927866,1.36289e+07
0,0,0,8.00404e+07,0,2.73984e+07,-927866,927866,1.36289e+07
0,0,0,8.00404e+07,0,2.74061e+07,-927866,927866,1.36289e+07
0,0,0,8.00404e+07,0,2.74137e+07,-927866,927866,1.36289e+07
0,0,0,8.00404e+07,0,2.8748e+07,-927866,927866,1.36289e+07
0,0,0,8.00404e+07,0,2.8756e+07,-927866,927866,1.36289e+07
0,0,0,8.00404e+07,0,2.87641e+07,-927866,927866,1.36289e+07
0,0,0,8.00404e+07,0,2.87721e+07,-927866,927866,1.36289e+07
0,0,0,8.00404e+07,0,2.87802e+07,-927866,927866,1.36289e+07
0,0,0,8.00404e+07,0,2.91011e+07,-927866,927866,1.36289e+07
0,0,0,8.00404e+07,0,2.91092e+07,-927866,927866,1.36289e+07
0,0,0,8.00404e+07,0,2.91174e+07,-927866,927866,1.36289e+07
0,0,0,8.00404e+07,0,2.91255e+07,-927866,927866,1.36289e+07
0,0,0,8.00404e+07,0,2.97969e+07,-927866,927866,1.36289e+07
0,0,0,8.00404e+07,0,2.98052e+07,-927866,927866,1.36289e+07
0,0,0,8.00404e+07,0,2.98136e+07,-927866,927866,1.36289e+07
0,0,0,8.00404e+07,0,2.98219e+07,-927866,927866,1.36289e+07
0,0,0,8.00404e+07,0,3.20322e+07,-927866,927866,1.36289e+07
0,0,0,8.00404e+07,0,3.20412e+07,-927866,927866,1.36289e+07
0,0,0,8.00404e+07,0,3.20502e+07,-927866,927866,1.36289e+07
0,0,0,8.00404e+07,0,3.20592e+07,-927866,927866,1.36289e+07
0,0,0,8.00404e+07,0,3.20682e+07,-927866,927866,1.36289e+07
0,0,0,8.00404e+07,0,3.08391e+07,-927866,927866,1.36289e+07
0,0,0,8.00404e+07,0,3.08477e+07,-927866,927866,1.36289e+07
0,0,0,8.00404e+07,0,3.08564e+07,-927866,927866,1.36289e+07
0,0,0,8.00404e+07,0,3.0865e+07,-927866,927866,1.36289e+07
0,0,0,8.00404e+07,0,2.97819e+07,-927866,927866,1.36289e+07
0,0,0,8.00404e+07,0,2.97902e+07,-927866,927866,1.36289e+07
0,0,0,8.00404e+07,0,2.97986e+07,-927866,927866,1.36289e+07
0,0,0,8.00404e+07,0,2.98069e+07,-927866,927866,1.36289e+07
0,0,0,8.00404e+07,0,2.72841e+07,-927866,927866,1.36289e+07
0,0,0,8.00404e+07,0,2.72917e+07,-927866,927866,1.36289e+07
0,0,0,8.00404e+07,0,2.72993e+07,-927866,927866,1.36289e+07
0,0,0,8.00404e+07,0,2.73069e+07,-927866,927866,1.36289e+07
0,0,0,8.00404e+07,0,2.73145e+07,-927866,927866,1.36289e+07
0,0,0,8.00404e+07,0,2.73145e+07,-927866,927866,1.36289e+07
0,0,0,8.00404e+07,9.17599e+06,2.81468e+07,-927866,927866,1.36289e+07
0,0,0,8.00404e+07,0,2.81544e+07,-927866,927866,1.36289e+07
0,0,0,8.00404e+07,0,2.81619e+07,-927866,927866,1.36289e+07
0,0,0,8.00404e+07,0,2.81695e+07,-927866,927866,1.36289e+07
0,0,0,8.00404e+07,0,3.10774e+07,-927866,927866,1.36289e+07
0,0,0,8.00404e+07,0,3.10858e+07,-927866,927866,1.36289e+07
0,0,0,8.00404e+07,0,3.10942e+07,-927866,927866,1.36289e+07
0,0,0,8.00404e+07,0,3.11025e+07,-927866,927866,1.36289e+07
0,0,0,8.00404e+07,0,2.71144e+07,-927866,927866,1.36289e+07
0,0,0,8.00404e+07,0,2.71217e+07,-927866,927866,1.36289e+07
0,0,0,8.00404e+07,0,2.71289e+07,-927866,927866,1.36289e+07
0,0,0,8.00404e+07,0,2.71362e+07,-927866,927866,1.36289e+07
0,0,0,8.00404e+07,0,2.71435e+07,-927866,927866,1.36289e+07
0,0,0,8.00404e+07,0,2.81418e+07,-927866,927866,1.36289e+07
0,0,0,8.00404e+07,0,2.81493e+07,-927866,927866,1.36289e+07
0,0,0,8.00404e+07,0,2.81568e+07,-927866,927866,1.36289e+07
0,0,0,8.00404e+07,0,2.81644e+07,-927866,927866,1.36289e+07
0,0,0,8.00404e+07,0,2.77855e+07,-927866,927866,1.36289e+07
0,0,0,8.00404e+07,0,2.77929e+07,-927866,927866,1.36289e+07
0,0,0,8.00404e+07,0,2.78004e+07,-927866,927866,1.36289e+07
0,0,0,8.00404e+07,0,2.78078e+07,-927866,927866,1.36289e+07
0,0,0,8.00404e+07,0,2.9162e+07,-927866,927866,1.36289e+07
0,0,0,8.00404e+07,0,2.91698e+07,-927866,927866,1.36289e+07
0,0,0,8.00404e+07,0,2.91776e+07,-927866,927866,1.36289e+07
0,0,0,8.00404e+07,0,2.91854e+07,-927866,927866,1.36289e+07
0,0,0,8.00404e+07,0,2.91933e+07,-927866,927866,1.36289e+07
0,0,0,8.00404e+07,0,2.95187e+07,-927866,927866,1.36289e+07
0,0,0,8.00404e+07,0,2.95266e+07,-927866,927866,1.36289e+07
0,0,0,8.00404e+07,0,2.95345e+07,-927866,927866,1.36289e+07
0,0,0,8.00404e+07,0,2.95424e+07,-927866,927866,1.36289e+07
0,0,0,8.00404e+07,0,3.02235e+07,-927866,927866,1.36289e+07
0,0,0,8.00404e+07,0,3.02317e+07,-927866,927866,1.36289e+07
0,0,0,8.00404e+07,0,3.02398e+07,-927866,927866,1.36289e+07
0,0,0,8.00404e+07,0,3.02479e+07,-927866,927866,1.36289e+07
0,0,0,8.00404e+07,0,3.2491e+07,-927866,927866,1.36289e+07
0,0,0,8.00404e+07,0,3.24997e+07,-927866,927866,1.36289e+07
0,0,0,8.00404e+07,0,3.25085e+07,-927866,927866,1.36289e+07
0,0,0,8.00404e+07,0,3.25173e+07,-927866,927866,1.36289e+07
0,0,0,8.00404e+07,0,3.2526e+07,-927866,927866,1.36289e+07
0,0,0,8.00404e+07,0,3.12781e+07,-927866,927866,1.36289e+07
0,0,0,8.00404e+07,0,3.12865e+07,-927866,927866,1.36289e+07
0,0,0,8.00404e+07,0,3.1295e+07,-927866,927866,1.36289e+07
0,0,0,8.00404e+07,0,3.13034e+07,-927866,927866,1.36289e+07
0,0,0,8.00404e+07,0,3.02037e+07,-927866,927866,1.36289e+07
0,0,0,8.00404e+07,0,3.02118e+07,-927866,927866,1.36289e+07
0,0,0,8.00404e+07,0,3.02199e+07,-927866,927866,1.36289e+07
0,0,0,8.00404e+07,0,3.02281e+07,-927866,927866,1.36289e+07
0,0,0,8.00404e+07,0,2.76674e+07,-927866,927866,1.36289e+07
0,0,0,8.00404e+07,0,2.76748e+07,-927866,927866,1.36289e+07
0,0,0,8.00404e+07,0,2.76822e+07,-927866,927866,1.36289e+07
0,0,0,8.00404e+07,0,2.76896e+07,-927866,927866,1.36289e+07
0,0,0,8.00404e+07,0,2.7697e+07,-927866,927866,1.36289e+07
0,0,0,8.00404e+07,9.17599e+06,2.85413e+07,-927866,927866,1.36289e+07
0,0,0,8.00404e+07,0,2.85487e+07,-927866,927866,1.36289e+07
0,0,0,8.00404e+07,0,2.8556e+07,-927866,927866,1.36289e+07
0,0,0,8.00404e+07,0,2.85633e+07,-927866,927866,1.36289e+07
0,0,0,8.00404e+07,0,3.15137e+07,-927866,927866,1.36289e+07
0,0,0,8.00404e+07,0,3.15219e+07,-927866,927866,1.36289e+07
0,0,0,8.00404e+07,0,3.153e+07,-927866,927866,1.36289e+07
0,0,0,8.00404e+07,0,3.15381e+07,-927866,927866,1.36289e+07
0,0,0,8.00404e+07,0,2.74911e+07,-927866,927866,1.36289e+07
0,0,0,8.00404e+07,0,2.74982e+07,-927866,927866,1.36289e+07
0,0,0,8.00404e+07,0,2.75052e+07,-927866,927866,1.36289e+07
0,0,0,8.00404e+07,0,2.75123e+07,-927866,927866,1.36289e+07
0,0,0,8.00404e+07,0,2.75193e+07,-927866,927866,1.36289e+07
0,0,0,8.00404e+07,0,2.85319e+07,-927866,927866,1.36289e+07
0,0,0,8.00404e+07,0,2.85392e+07,-927866,927866,1.36289e+07
0,0,0,8.00404e+07,0,2.85465e+07,-927866,927866,1.36289e+07
0,0,0,8.00404e+07,0,2.85538e+07,-927866,927866,1.36289e+07
0,0,0,8.00404e+07,0,2.81691e+07,-927866,927866,1.36289e+07
0,0,0,8.00404e+07,0,2.81763e+07,-927866,927866,1.36289e+07
0,0,0,8.00404e+07,0,2.81835e+07,-927866,927866,1.36289e+07
0,0,0,8.00404e+07,0,2.81908e+07,-927866,927866,1.36289e+07
0,0,0,8.00404e+07,0,2.95642e+07,-927866,927866,1.36289e+07
0,0,0,8.00404e+07,0,2.95718e+07,-927866,927866,1.36289e+07
0,0,0,8.00404e+07,0,2.95794e+07,-927866,927866,1.36289e+07
0,0,0,8.00404e+07,0,2.9587e+07,-927866,927866,1.36289e+07
0,0,0,8.00404e+07,0,2.95946e+07,-927866,927866,1.36289e+07
0,0,0,8.00404e+07,0,2.99244e+07,-927866,927866,1.36289e+07
0,0,0,8.00404e+07,0,2.9932e+07,-927866,927866,1.36289e+07
0,0,0,8.00404e+07,0,2.99397e+07,-927866,927866,1.36289e+07
0,0,0,8.00404e+07,0,2.99474e+07,-927866,927866,1.36289e+07
0,0,0,8.00404e+07,0,3.0638e+07,-927866,927866,1.36289e+07
0,0,0,8.00404e+07,0,3.06459e+07,-927866,927866,1.36289e+07
0,0,0,8.00404e+07,0,3.06538e+07,-927866,927866,1.36289e+07
0,0,0,8.00404e+07,0,3.06616e+07,-927866,927866,1.36289e+07
0,0,0,8.00404e+07,0,3.29366e+07,-927866,927866,1.36289e+07
0,0,0,8.00404e+07,0,3.29451e+07,-927866,927866,1.36289e+07
0,0,0,8.00404e+07,0,3.29536e+07,-927866,927866,1.36289e+07
0,0,0,8.00404e+07,0,3.29621e+07,-927866,927866,1.36289e+07
0,0,0,8.00404e+07,0,3.29706e+07,-927866,927866,1.36289e+07
0,0,0,8.00404e+07,0,3.17044e+07,-927866,927866,1.36289e+07
0,0,0,8.00404e+07,0,3.17126e+07,-927866,927866,1.36289e+07
0,0,0,8.00404e+07,0,3.17208e+07,-927866,927866,1.36289e+07
0,0,0,8.00404e+07,0,3.17289e+07,-927866,927866,1.36289e+07
0,0,0,8.00404e+07,0,3.06133e+07,-927866,927866,1.36289e+07
0,0,0,8.00404e+07,0,3.06211e+07,-927866,927866,1.36289e+07
0,0,0,8.00404e+07,0,3.0629e+07,-927866,927866,1.36289e+07
0,0,0,8.00404e+07,0,3.06369e+07,-927866,927866,1.36289e+07
0,0,0,8.00404e+07,0,2.80396e+07,-927866,927866,1.36289e+07
0,0,0,8.00404e+07,0,2.80467e+07,-927866,927866,1.36289e+07
0,0,0,8.00404e+07,0,2.80539e+07,-927866,927866,1.36289e+07
0,0,0,8.00404e+07,0,2.80611e+07,-927866,927866,1.36289e+07
0,0,0,8.00404e+07,0,2.80682e+07,-927866,927866,1.36289e+07
0,0,0,8.00404e+07,9.17599e+06,2.89242e+07,-927866,927866,1.36289e+07
0,0,0,8.00404e+07,0,2.89313e+07,-927866,927866,1.36289e+07
0,0,0,8.00404e+07,0,2.89384e+07,-927866,927866,1.36289e+07
0,0,0,8.00404e+07,0,2.89455e+07,-927866,927866,1.36289e+07
0,0,0,8.00404e+07,0,3.19371e+07,-927866,927866,1.36289e+07
0,0,0,8.00404e+07,0,3.1945e+07,-927866,927866,1.36289e+07
0,0,0,8.00404e+07,0,3.19529e+07,-927866,927866,1.36289e+07
0,0,0,8.00404e+07,0,3.19608e+07,-927866,927866,1.36289e+07
0,0,0,8.00404e+07,0,2.78566e+07,-927866,927866,1.36289e+07
0,0,0,8.00404e+07,0,2.78634e+07,-927866,927866,1.36289e+07
0,0,0,8.00404e+07,0,2.78702e+07,-927866,927866,1.36289e+07
0,0,0,8.00404e+07,0,2.78771e+07,-927866,927866,1.36289e+07
0,0,0,8.00404e+07,0,2.78839e+07,-927866,927866,1.36289e+07
0,0,0,8.00404e+07,0,2.89103e+07,-927866,927866,1.36289e+07
0,0,0,8.00404e+07,0,2.89174e+07,-927866,927866,1.36289e+07
0,0,0,8.00404e+07,0,2.89245e+07,-927866,927866,1.36289e+07
0,0,0,8.00404e+07,0,2.89316e+07,-927866,927866,1.36289e+07
0,0,0,8.00404e+07,0,2.85411e+07,-927866,927866,1.36289e+07
0,0,0,8.00404e+07,0,2.85481e+07,-927866,927866,1.36289e+07
0,0,0,8.00404e+07,0,2.85551e+07,-927866,927866,1.36289e+07
0,0,0,8.00404e+07,0,2.85621e+07,-927866,927866,1.36289e+07
0,0,0,8.00404e+07,0,2.99543e+07,-927866,927866,1.36289e+07
0,0,0,8.00404e+07,0,2.99617e+07,-927866,927866,1.36289e+07
0,0,0,8.00404e+07,0,2.99691e+07,-927866,927866,1.36289e+07
0,0,0,8.00404e+07,0,2.99764e+07,-927866,927866,1.36289e+07
0,0,0,8.00404e+07,0,2.99838e+07,-927866,927866,1.36289e+07
0,0,0,8.00404e+07,0,3.03177e+07,-927866,927866,1.36289e+07
0,0,0,8.00404e+07,0,3.03252e+07,-927866,927866,1.36289e+07
0,0,0,8.00404e+07,0,3.03326e+07,-927866,927866,1.36289e+07
0,0,0,8.00404e+07,0,3.03401e+07,-927866,927866,1.36289e+07
0,0,0,8.00404e+07,0,3.10398e+07,-927866,927866,1.36289e+07
0,0,0,8.00404e+07,0,3.10475e+07,-927866,927866,1.36289e+07
0,0,0,8.00404e+07,0,3.10551e+07,-927866,927866,1.36289e+07
0,0,0,8.00404e+07,0,3.10627e+07,-927866,927866,1.36289e+07
0,0,0,8.00404e+07,0,3.33685e+07,-927866,927866,1.36289e+07
0,0,0,8.00404e+07,0,3.33767e+07,-927866,927866,1.36289e+07
0,0,0,8.00404e+07,0,3.3385e+07,-927866,927866,1.36289e+07
0,0,0,8.00404e+07,0,3.33932e+07,-927866,927866,1.36289e+07
0,0,0,8.00404e+07,0,3.34014e+07,-927866,927866,1.36289e+07
0,0,0,8.00404e+07,0,3.21176e+07,-927866,927866,1.36289e+07
0,0,0,8.00404e+07,0,3.21256e+07,-927866,927866,1.36289e+07
0,0,0,8.00404e+07,0,3.21335e+07,-927866,927866,1.36289e+07
0,0,0,8.00404e+07,0,3.21414e+07,-927866,927866,1.36289e+07
0,0,0,8.00404e+07,0,3.10102e+07,-927866,927866,1.36289e+07
0,0,0,8.00404e+07,0,3.10178e+07,-927866,927866,1.36289e+07
0,0,0,8.00404e+07,0,3.10254e+07,-927866,927866,1.36289e+07
0,0,0,8.00404e+07,0,3.1033e+07,-927866,927866,1.36289e+07
0,0,0,8.00404e+07,0,2.84001e+07,-927866,927866,1.36289e+07
0,0,0,8.00404e+07,0,2.84071e+07,-927866,927866,1.36289e+07
0,0,0,8.00404e+07,0,2.8414e+07,-927866,927866,1.36289e+07
0,0,0,8.00404e+07,0,2.8421e+07,-927866,927866,1.36289e+07
0,0,0,8.00404e+07,0,2.84279e+07,-927866,927866,1.36289e+07
0,0,0,8.00404e+07,9.17599e+06,2.92951e+07,-927866,927866,1.36289e+07
0,0,0,8.00404e+07,0,2.9302e+07,-927866,927866,1.36289e+07
0,0,0,8.00404e+07,0,2.93089e+07,-927866,927866,1.36289e+07
0,0,0,8.00404e+07,0,2.93157e+07,-927866,927866,1.36289e+07
0,0,0,8.00404e+07,0,3.23473e+07,-927866,927866,1.36289e+07
0,0,0,8.00404e+07,0,3.23549e+07,-927866,927866,1.36289e+07
0,0,0,8.00404e+07,0,3.23625e+07,-927866,927866,1.36289e+07
0,0,0,8.00404e+07,0,3.23702e+07,-927866,927866,1.36289e+07
0,0,0,8.00404e+07,0,2.82106e+07,-927866,927866,1.36289e+07
0,0,0,8.00404e+07,0,2.82172e+07,-927866,927866,1.36289e+07
0,0,0,8.00404e+07,0,2.82238e+07,-927866,927866,1.36289e+07
0,0,0,8.00404e+07,0,2.82304e+07,-927866,927866,1.36289e+07
0,0,0,8.00404e+07,0,2.8237e+07,-927866,927866,1.36289e+07
0,0,0,8.00404e+07,0,2.92768e+07,-927866,927866,1.36289e+07
0,0,0,8.00404e+07,0,2.92837e+07,-927866,927866,1.36289e+07
0,0,0,8.00404e+07,0,2.92906e+07,-927866,927866,1.36289e+07
0,0,0,8.00404e+07,0,2.92974e+07,-927866,927866,1.36289e+07
0,0,0,8.00404e+07,0,2.89015e+07,-927866,927866,1.36289e+07
0,0,0,8.00404e+07,0,2.89082e+07,-927866,927866,1.36289e+07
0,0,0,8.00404e+07,0,2.8915e+07,-927866,927866,1.36289e+07
0,0,0,8.00404e+07,0,2.89218e+07,-927866,927866,1.36289e+07
0,0,0,8.00404e+07,0,3.03321e+07,-927866,927866,1.36289e+07
0,0,0,8.00404e+07,0,3.03392e+07,-927866,927866,1.36289e+07
0,0,0,8.00404e+07,0,3.03463e+07,-927866,927866,1.36289e+07
0,0,0,8.00404e+07,0,3.03535e+07,-927866,927866,1.36289e+07
0,0,0,8.00404e+07,0,3.03606e+07,-927866,927866,1.36289e+07
0,0,0,8.00404e+07,0,3.06986e+07,-927866,927866,1.36289e+07
0,0,0,8.00404e+07,0,3.07058e+07,-927866,927866,1.36289e+07
0,0,0,8.00404e+07,0,3.0713e+07,-927866,927866,1.36289e+07
0,0,0,8.00404e+07,0,3.07202e+07,-927866,927866,1.36289e+07
0,0,0,8.00404e+07,0,3.14288e+07,-927866,927866,1.36289e+07
0,0,0,8.00404e+07,0,3.14362e+07,-927866,927866,1.36289e+07
0,0,0,8.00404e+07,0,3.14436e+07,-927866,927866,1.36289e+07
0,0,0,8.00404e+07,0,3.1451e+07,-927866,927866,1.36289e+07
0,0,0,8.00404e+07,0,3.37866e+07,-927866,927866,1.36289e+07
0,0,0,8.00404e+07,0,3.37946e+07,-927866,927866,1.36289e+07
0,0,0,8.00404e+07,0,3.38025e+07,-927866,927866,1.36289e+07
0,0,0,8.00404e+07,0,3.38105e+07,-927866,927866,1.36289e+07
0,0,0,8.00404e+07,0,3.38185e+07,-927866,927866,1.36289e+07
0,0,0,8.00404e+07,0,3.25176e+07,-927866,927866,1.36289e+07
0,0,0,8.00404e+07,0,3.25252e+07,-927866,927866,1.36289e+07
0,0,0,8.00404e+07,0,3.25329e+07,-927866,927866,1.36289e+07
0,0,0,8.00404e+07,0,3.25405e+07,-927866,927866,1.36289e+07
0,0,0,8.00404e+07,0,3.13942e+07,-927866,927866,1.36289e+07
0,0,0,8.00404e+07,0,3.14016e+07,-927866,927866,1.36289e+07
0,0,0,8.00404e+07,0,3.1409e+07,-927866,927866,1.36289e+07
0,0,0,8.00404e+07,0,3.14164e+07,-927866,927866,1.36289e+07
0,0,0,8.00404e+07,0,2.87491e+07,-927866,927866,1.36289e+07
0,0,0,8.00404e+07,0,2.87558e+07,-927866,927866,1.36289e+07
0,0,0,8.00404e+07,0,2.87625e+07,-927866,927866,1.36289e+07
0,0,0,8.00404e+07,0,2.87692e+07,-927866,927866,1.36289e+07
0,0,0,8.00404e+07,0,2.87759e+07,-927866,927866,1.36289e+07
0,0,0,8.00404e+07,9.17599e+06,2.9654e+07,-927866,927866,1.36289e+07
0,0,0,8.00404e+07,0,2.96606e+07,-927866,927866,1.36289e+07
0,0,0,8.00404e+07,0,2.96673e+07,-927866,927866,1.36289e+07
0,0,0,8.00404e+07,0,2.9674e+07,-927866,927866,1.36289e+07
0,0,0,8.00404e+07,0,3.27441e+07,-927866,927866,1.36289e+07
0,0,0,8.00404e+07,0,3.27515e+07,-927866,927866,1.36289e+07
0,0,0,8.00404e+07,0,3.27589e+07,-927866,927866,1.36289e+07
0,0,0,8.00404e+07,0,3.27663e+07,-927866,927866,1.36289e+07
0,0,0,8.00404e+07,0,2.85532e+07,-927866,927866,1.36289e+07
0,0,0,8.00404e+07,0,2.85596e+07,-927866,927866,1.36289e+07
0,0,0,8.00404e+07,0,2.85659e+07,-927866,927866,1.36289e+07
0,0,0,8.00404e+07,0,2.85723e+07,-927866,927866,1.36289e+07
0,0,0,8.00404e+07,0,2.85787e+07,-927866,927866,1.36289e+07
0,0,0,8.00404e+07,0,2.96315e+07,-927866,927866,1.36289e+07
0,0,0,8.00404e+07,0,2.96381e+07,-927866,927866,1.36289e+07
0,0,0,8.00404e+07,0,2.96448e+07,-927866,927866,1.36289e+07
0,0,0,8.00404e+07,0,2.96514e+07,-927866,927866,1.36289e+07
0,0,0,8.00404e+07,0,2.92501e+07,-927866,927866,1.36289e+07
0,0,0,8.00404e+07,0,2.92567e+07,-927866,927866,1.36289e+07
0,0,0,8.00404e+07,0,2.92632e+07,-927866,927866,1.36289e+07
0,0,0,8.00404e+07,0,2.92698e+07,-927866,927866,1.36289e+07
0,0,0,8.00404e+07,0,3.06977e+07,-927866,927866,1.36289e+07
0,0,0,8.00404e+07,0,3.07046e+07,-927866,927866,1.36289e+07
0,0,0,8.00404e+07,0,3.07114e+07,-927866,927866,1.36289e+07
0,0,0,8.00404e+07,0,3.07183e+07,-927866,927866,1.36289e+07
0,0,0,8.00404e+07,0,3.07252e+07,-927866,927866,1.36289e+07
0,0,0,8.00404e+07,0,3.10672e+07,-927866,927866,1.36289e+07
0,0,0,8.00404e+07,0,3.10742e+07,-927866,927866,1.36289e+07
0,0,0,8.00404e+07,0,3.10812e+07,-927866,927866,1.36289e+07
0,0,0,8.00404e+07,0,3.10881e+07,-927866,927866,1.36289e+07
0,0,0,8.00404e+07,0,3.18053e+07,-927866,927866,1.36289e+07
0,0,0,8.00404e+07,0,3.18124e+07,-927866,927866,1.36289e+07
0,0,0,8.00404e+07,0,3.18196e+07,-927866,927866,1.36289e+07
0,0,0,8.00404e+07,0,3.18268e+07,-927866,927866,1.36289e+07
0,0,0,8.00404e+07,0,3.41913e+07,-927866,927866,1.36289e+07
0,0,0,8.00404e+07,0,3.4199e+07,-927866,927866,1.36289e+07
0,0,0,8.00404e+07,0,3.42067e+07,-927866,927866,1.36289e+07
0,0,0,8.00404e+07,0,3.42144e+07,-927866,927866,1.36289e+07
0,0,0,8.00404e+07,0,3.42221e+07,-927866,927866,1.36289e+07
0,0,0,8.00404e+07,0,3.29046e+07,-927866,927866,1.36289e+07
0,0,0,8.00404e+07,0,3.2912e+07,-927866,927866,1.36289e+07
0,0,0,8.00404e+07,0,3.29194e+07,-927866,927866,1.36289e+07
0,0,0,8.00404e+07,0,3.29269e+07,-927866,927866,1.36289e+07
0,0,0,8.00404e+07,0,3.1766e+07,-927866,927866,1.36289e+07
0,0,0,8.00404e+07,0,3.17732e+07,-927866,927866,1.36289e+07
0,0,0,8.00404e+07,0,3.17803e+07,-927866,927866,1.36289e+07
0,0,0,8.00404e+07,0,3.17874e+07,-927866,927866,1.36289e+07
0,0,0,8.00404e+07,0,2.90868e+07,-927866,927866,1.36289e+07
0,0,0,8.00404e+07,0,2.90933e+07,-927866,927866,1.36289e+07
0,0,0,8.00404e+07,0,2.90998e+07,-927866,927866,1.36289e+07
0,0,0,8.00404e+07,0,2.91063e+07,-927866,927866,1.36289e+07
0,0,0,8.00404e+07,0,2.91128e+07,-927866,927866,1.36289e+07
0,0,0,8.00404e+07,0,3.00014e+07,-927866,927866,1.36289e+07
0,0,0,8.00404e+07,9.17599e+06,3.00078e+07,-927866,927866,1.36289e+07
0,0,0,8.00404e+07,0,3.00143e+07,-927866,927866,1.36289e+07
0,0,0,8.00404e+07,0,3.00207e+07,-927866,927866,1.36289e+07
0,0,0,8.00404e+07,0,3.31283e+07,-927866,927866,1.36289e+07
0,0,0,8.00404e+07,0,3.31354e+07,-927866,927866,1.36289e+07
0,0,0,8.00404e+07,0,3.31426e+07,-927866,927866,1.36289e+07
0,0,0,8.00404e+07,0,3.31497e+07,-927866,927866,1.36289e+07
0,0,0,8.00404e+07,0,2.88848e+07,-927866,927866,1.36289e+07
0,0,0,8.00404e+07,0,2.8891e+07,-927866,927866,1.36289e+07
0,0,0,8.00404e+07,0,2.88972e+07,-927866,927866,1.36289e+07
0,0,0,8.00404e+07,0,2.89034e+07,-927866,927866,1.36289e+07
0,0,0,8.00404e+07,0,2.89095e+07,-927866,927866,1.36289e+07
0,0,0,8.00404e+07,0,2.99748e+07,-927866,927866,1.36289e+07
0,0,0,8.00404e+07,0,2.99813e+07,-927866,927866,1.36289e+07
0,0,0,8.00404e+07,0,2.99877e+07,-927866,927866,1.36289e+07
0,0,0,8.00404e+07,0,2.99941e+07,-927866,927866,1.36289e+07
0,0,0,8.00404e+07,0,2.95877e+07,-927866,927866,1.36289e+07
0,0,0,8.00404e+07,0,2.9594e+07,-927866,927866,1.36289e+07
0,0,0,8.00404e+07,0,2.96004e+07,-927866,927866,1.36289e+07
0,0,0,8.00404e+07,0,2.96067e+07,-927866,927866,1.36289e+07
0,0,0,8.00404e+07,0,3.10516e+07,-927866,927866,1.36289e+07
0,0,0,8.00404e+07,0,3.10583e+07,-927866,927866,1.36289e+07
0,0,0,8.00404e+07,0,3.10649e+07,-927866,927866,1.36289e+07
0,0,0,8.00404e+07,0,3.10716e+07,-927866,927866,1.36289e+07
0,0,0,8.00404e+07,0,3.10783e+07,-927866,927866,1.36289e+07
0,0,0,8.00404e+07,0,3.14241e+07,-927866,927866,1.36289e+07
0,0,0,8.00404e+07,0,3.14308e+07,-927866,927866,1.36289e+07
0,0,0,8.00404e+07,0,3.14376e+07,-927866,927866,1.36289e+07
0,0,0,8.00404e+07,0,3.14444e+07,-927866,927866,1.36289e+07
0,0,0,8.00404e+07,0,3.21698e+07,-927866,927866,1.36289e+07
0,0,0,8.00404e+07,0,3.21767e+07,-927866,927866,1.36289e+07
0,0,0,8.00404e+07,0,3.21837e+07,-927866,927866,1.36289e+07
0,0,0,8.00404e+07,0,3.21906e+07,-927866,927866,1.36289e+07
0,0,0,8.00404e+07,0,3.45831e+07,-927866,927866,1.36289e+07
0,0,0,8.00404e+07,0,3.45905e+07,-927866,927866,1.36289e+07
0,0,0,8.00404e+07,0,3.4598e+07,-927866,927866,1.36289e+07
0,0,0,8.00404e+07,0,3.46055e+07,-927866,927866,1.36289e+07
0,0,0,8.00404e+07,0,3.46129e+07,-927866,927866,1.36289e+07
0,0,0,8.00404e+07,0,3.32794e+07,-927866,927866,1.36289e+07
0,0,0,8.00404e+07,0,3.32866e+07,-927866,927866,1.36289e+07
0,0,0,8.00404e+07,0,3.32938e+07,-927866,927866,1.36289e+07
0,0,0,8.00404e+07,0,3.33009e+07,-927866,927866,1.36289e+07
0,0,0,8.00404e+07,0,3.2126e+07,-927866,927866,1.36289e+07
0,0,0,8.00404e+07,0,3.21329e+07,-927866,927866,1.36289e+07
0,0,0,8.00404e+07,0,3.21398e+07,-927866,927866,1.36289e+07
0,0,0,8.00404e+07,0,3.21467e+07,-927866,927866,1.36289e+07
0,0,0,8.00404e+07,0,2.94138e+07,-927866,927866,1.36289e+07
0,0,0,8.00404e+07,0,2.94201e+07,-927866,927866,1.36289e+07
0,0,0,8.00404e+07,0,2.94264e+07,-927866,927866,1.36289e+07
0,0,0,8.00404e+07,0,2.94327e+07,-927866,927866,1.36289e+07
0,0,0,8.00404e+07,0,2.9439e+07,-927866,927866,1.36289e+07
0,0,0,8.00404e+07,0,2.9439e+07,-927866,927866,1.36289e+07
0,0,0,8.00404e+07,9.17599e+06,3.03378e+07,-927866,927866,1.36289e+07
0,0,0,8.00404e+07,0,3.0344e+07,-927866,927866,1.36289e+07
0,0,0,8.00404e+07,0,3.03503e+07,-927866,927866,1.36289e+07
0,0,0,8.00404e+07,0,3.03565e+07,-927866,927866,1.36289e+07
0,0,0,8.00404e+07,0,3.35002e+07,-927866,927866,1.36289e+07
0,0,0,8.00404e+07,0,3.35072e+07,-927866,927866,1.36289e+07
0,0,0,8.00404e+07,0,3.35141e+07,-927866,927866,1.36289e+07
0,0,0,8.00404e+07,0,3.3521e+07,-927866,927866,1.36289e+07
0,0,0,8.00404e+07,0,2.92058e+07,-927866,927866,1.36289e+07
0,0,0,8.00404e+07,0,2.92118e+07,-927866,927866,1.36289e+07
0,0,0,8.00404e+07,0,2.92178e+07,-927866,927866,1.36289e+07
0,0,0,8.00404e+07,0,2.92238e+07,-927866,927866,1.36289e+07
0,0,0,8.00404e+07,0,2.92298e+07,-927866,927866,1.36289e+07
0,0,0,8.00404e+07,0,3.03072e+07,-927866,927866,1.36289e+07
0,0,0,8.00404e+07,0,3.03134e+07,-927866,927866,1.36289e+07
0,0,0,8.00404e+07,0,3.03196e+07,-927866,927866,1.36289e+07
0,0,0,8.00404e+07,0,3.03258e+07,-927866,927866,1.36289e+07
0,0,0,8.00404e+07,0,2.99144e+07,-927866,927866,1.36289e+07
0,0,0,8.00404e+07,0,2.99205e+07,-927866,927866,1.36289e+07
0,0,0,8.00404e+07,0,2.99266e+07,-927866,927866,1.36289e+07
0,0,0,8.00404e+07,0,2.99328e+07,-927866,927866,1.36289e+07
0,0,0,8.00404e+07,0,3.13941e+07,-927866,927866,1.36289e+07
0,0,0,8.00404e+07,0,3.14005e+07,-927866,927866,1.36289e+07
0,0,0,8.00404e+07,0,3.1407e+07,-927866,927866,1.36289e+07
0,0,0,8.00404e+07,0,3.14134e+07,-927866,927866,1.36289e+07
0,0,0,8.00404e+07,0,3.14199e+07,-927866,927866,1.36289e+07
0,0,0,8.00404e+07,0,3.17693e+07,-927866,927866,1.36289e+07
0,0,0,8.00404e+07,0,3.17759e+07,-927866,927866,1.36289e+07
0,0,0,8.00404e+07,0,3.17824e+07,-927866,927866,1.36289e+07
0,0,0,8.00404e+07,0,3.17889e+07,-927866,927866,1.36289e+07
0,0,0,8.00404e+07,0,3.25224e+07,-927866,927866,1.36289e+07
0,0,0,8.00404e+07,0,3.25291e+07,-927866,927866,1.36289e+07
0,0,0,8.00404e+07,0,3.25358e+07,-927866,927866,1.36289e+07
0,0,0,8.00404e+07,0,3.25425e+07,-927866,927866,1.36289e+07
0,0,0,8.00404e+07,0,3.4962e+07,-927866,927866,1.36289e+07
0,0,0,8.00404e+07,0,3.49693e+07,-927866,927866,1.36289e+07
0,0,0,8.00404e+07,0,3.49765e+07,-927866,927866,1.36289e+07
0,0,0,8.00404e+07,0,3.49837e+07,-927866,927866,1.36289e+07
0,0,0,8.00404e+07,0,3.49909e+07,-927866,927866,1.36289e+07
0,0,0,8.00404e+07,0,3.36419e+07,-927866,927866,1.36289e+07
0,0,0,8.00404e+07,0,3.36488e+07,-927866,927866,1.36289e+07
0,0,0,8.00404e+07,0,3.36558e+07,-927866,927866,1.36289e+07
0,0,0,8.00404e+07,0,3.36627e+07,-927866,927866,1.36289e+07
0,0,0,8.00404e+07,0,3.24741e+07,-927866,927866,1.36289e+07
0,0,0,8.00404e+07,0,3.24808e+07,-927866,927866,1.36289e+07
0,0,0,8.00404e+07,0,3.24875e+07,-927866,927866,1.36289e+07
0,0,0,8.00404e+07,0,3.24941e+07,-927866,927866,1.36289e+07
0,0,0,8.00404e+07,0,2.973e+07,-927866,927866,1.36289e+07
0,0,0,8.00404e+07,0,2.97361e+07,-927866,927866,1.36289e+07
0,0,0,8.00404e+07,0,2.97422e+07,-927866,927866,1.36289e+07
0,0,0,8.00404e+07,0,2.97483e+07,-927866,927866,1.36289e+07
0,0,0,8.00404e+07,0,2.97544e+07,-927866,927866,1.36289e+07
0,0,0,8.00404e+07,9.17599e+06,3.0663e+07,-927866,927866,1.36289e+07
0,0,0,8.00404e+07,1.02942e-71,3.0669e+07,-927866,927866,1.36289e+07
0,0,0,8.00404e+07,0,3.0675e+07,-927866,927866,1.36289e+07
0,0,0,8.00404e+07,0,3.0681e+07,-927866,927866,1.36289e+07
0,0,0,8.00404e+07,0,3.38597e+07,-927866,927866,1.36289e+07
0,0,0,8.00404e+07,0,3.38664e+07,-927866,927866,1.36289e+07
0,0,0,8.00404e+07,0,3.38731e+07,-927866,927866,1.36289e+07
0,0,0,8.00404e+07,0,3.38798e+07,-927866,927866,1.36289e+07
0,0,0,8.00404e+07,0,2.9516e+07,-927866,927866,1.36289e+07
0,0,0,8.00404e+07,0,2.95218e+07,-927866,927866,1.36289e+07
0,0,0,8.00404e+07,0,2.95276e+07,-927866,927866,1.36289e+07
0,0,0,8.00404e+07,0,2.95334e+07,-927866,927866,1.36289e+07
0,0,0,8.00404e+07,0,2.95392e+07,-927866,927866,1.36289e+07
0,0,0,8.00404e+07,0,3.06283e+07,-927866,927866,1.36289e+07
0,0,0,8.00404e+07,0,3.06343e+07,-927866,927866,1.36289e+07
0,0,0,8.00404e+07,0,3.06403e+07,-927866,927866,1.36289e+07
0,0,0,8.00404e+07,0,3.06463e+07,-927866,927866,1.36289e+07
0,0,0,8.00404e+07,0,3.023e+07,-927866,927866,1.36289e+07
0,0,0,8.00404e+07,0,3.02359e+07,-927866,927866,1.36289e+07
0,0,0,8.00404e+07,0,3.02418e+07,-927866,927866,1.36289e+07
0,0,0,8.00404e+07,0,3.02478e+07,-927866,927866,1.36289e+07
0,0,0,8.00404e+07,0,3.17249e+07,-927866,927866,1.36289e+07
0,0,0,8.00404e+07,0,3.17311e+07,-927866,927866,1.36289e+07
0,0,0,8.00404e+07,0,3.17374e+07,-927866,927866,1.36289e+07
0,0,0,8.00404e+07,0,3.17436e+07,-927866,927866,1.36289e+07
0,0,0,8.00404e+07,0,3.17498e+07,-927866,927866,1.36289e+07
0,0,0,8.00404e+07,0,3.21028e+07,-927866,927866,1.36289e+07
0,0,0,8.00404e+07,0,3.21091e+07,-927866,927866,1.36289e+07
0,0,0,8.00404e+07,0,3.21154e+07,-927866,927866,1.36289e+07
0,0,0,8.00404e+07,0,3.21218e+07,-927866,927866,1.36289e+07
0,0,0,8.00404e+07,0,3.2863e+07,-927866,927866,1.36289e+07
0,0,0,8.00404e+07,0,3.28694e+07,-927866,927866,1.36289e+07
0,0,0,8.00404e+07,0,3.28759e+07,-927866,927866,1.36289e+07
0,0,0,8.00404e+07,0,3.28824e+07,-927866,927866,1.36289e+07
0,0,0,8.00404e+07,0,3.5328e+07,-927866,927866,1.36289e+07
0,0,0,8.00404e+07,0,3.5335e+07,-927866,927866,1.36289e+07
0,0,0,8.00404e+07,0,3.53419e+07,-927866,927866,1.36289e+07
0,0,0,8.00404e+07,0,3.53489e+07,-927866,927866,1.36289e+07
0,0,0,8.00404e+07,0,3.53559e+07,-927866,927866,1.36289e+07
0,0,0,8.00404e+07,0,3.39918e+07,-927866,927866,1.36289e+07
0,0,0,8.00404e+07,0,3.39985e+07,-927866,927866,1.36289e+07
0,0,0,8.00404e+07,0,3.40052e+07,-927866,927866,1.36289e+07
0,0,0,8.00404e+07,0,3.40119e+07,-927866,927866,1.36289e+07
0,0,0,8.00404e+07,0,3.28101e+07,-927866,927866,1.36289e+07
0,0,0,8.00404e+07,0,3.28166e+07,-927866,927866,1.36289e+07
0,0,0,8.00404e+07,0,3.2823e+07,-927866,927866,1.36289e+07
0,0,0,8.00404e+07,0,3.28295e+07,-927866,927866,1.36289e+07
0,0,0,8.00404e+07,0,3.00352e+07,-927866,927866,1.36289e+07
0,0,0,8.00404e+07,0,3.00411e+07,-927866,927866,1.36289e+07
0,0,0,8.00404e+07,0,3.0047e+07,-927866,927866,1.36289e+07
0,0,0,8.00404e+07,0,3.00529e+07,-927866,927866,1.36289e+07
0,0,0,8.00404e+07,0,2.66956e+07,-4.291e+06,4.291e+06,1.54128e+07
0,0,0,8.00404e+07,9.17599e+06,3.09768e+07,-927866,927866,1.36289e+07
0,0,0,8.00404e+07,0,2.75109e+07,-4.39958e+06,4.39958e+06,1.54128e+07
0,0,0,8.00404e+07,0,2.7516e+07,-4.40027e+06,4.40027e+06,1.54128e+07
0,0,0,8.00404e+07,0,3.09942e+07,-927866,927866,1.36289e+07
0,0,0,8.00404e+07,0,3.42066e+07,-927866,927866,1.36289e+07
0,0,0,8.00404e+07,0,3.42131e+07,-927866,927866,1.36289e+07
0,0,0,8.00404e+07,0,3.42195e+07,-927866,927866,1.36289e+07
0,0,0,8.00404e+07,0,3.42259e+07,-927866,927866,1.36289e+07
0,0,0,8.00404e+07,0,2.98154e+07,-927866,927866,1.36289e+07
0,0,0,8.00404e+07,0,2.98209e+07,-927866,927866,1.36289e+07
0,0,0,8.00404e+07,0,2.98265e+07,-927866,927866,1.36289e+07
0,0,0,8.00404e+07,0,2.98321e+07,-927866,927866,1.36289e+07
0,0,0,8.00404e+07,0,2.98376e+07,-927866,927866,1.36289e+07
0,0,0,8.00404e+07,0,3.02447e+07,-1.62116e+06,1.62116e+06,1.36289e+07
0,0,0,8.00404e+07,0,2.74767e+07,-4.39502e+06,4.39502e+06,1.54128e+07
0,0,0,8.00404e+07,0,3.09496e+07,-927866,927866,1.36289e+07
0,0,0,8.00404e+07,0,3.09554e+07,-927866,927866,1.36289e+07
0,0,0,8.00404e+07,0,3.05344e+07,-927866,927866,1.36289e+07
0,0,0,8.00404e+07,0,3.05401e+07,-927866,927866,1.36289e+07
0,0,0,8.00404e+07,0,3.05458e+07,-927866,927866,1.36289e+07
0,0,0,8.00404e+07,0,3.05515e+07,-927866,927866,1.36289e+07
0,0,0,8.00404e+07,0,3.20439e+07,-927866,927866,1.36289e+07
0,0,0,8.00404e+07,0,3.20499e+07,-927866,927866,1.36289e+07
0,0,0,8.00404e+07,0,3.20559e+07,-927866,927866,1.36289e+07
0,0,0,8.00404e+07,0,3.20619e+07,-927866,927866,1.36289e+07
0,0,0,8.00404e+07,0,3.20679e+07,-927866,927866,1.36289e+07
0,0,0,8.00404e+07,0,3.24244e+07,-927866,927866,1.36289e+07
0,0,0,8.00404e+07,0,3.24304e+07,-927866,927866,1.36289e+07
0,0,0,8.00404e+07,0,3.24365e+07,-927866,927866,1.36289e+07
0,0,0,8.00404e+07,0,3.24426e+07,-927866,927866,1.36289e+07
0,0,0,8.00404e+07,0,3.31912e+07,-927866,927866,1.36289e+07
0,0,0,8.00404e+07,0,3.31975e+07,-927866,927866,1.36289e+07
0,0,0,8.00404e+07,0,3.32037e+07,-927866,927866,1.36289e+07
0,0,0,8.00404e+07,0,3.32099e+07,-927866,927866,1.36289e+07
0,0,0,8.00404e+07,0,3.56807e+07,-927866,927866,1.36289e+07
0,0,0,8.00404e+07,0,3.56874e+07,-927866,927866,1.36289e+07
0,0,0,8.00404e+07,0,3.56941e+07,-927866,927866,1.36289e+07
0,0,0,8.00404e+07,0,3.57008e+07,-927866,927866,1.36289e+07
0,0,0,8.00404e+07,0,3.57075e+07,-927866,927866,1.36289e+07
0,0,0,8.00404e+07,0,3.4329e+07,-927866,927866,1.36289e+07
0,0,0,8.00404e+07,0,3.43355e+07,-927866,927866,1.36289e+07
0,0,0,8.00404e+07,0,3.43419e+07,-927866,927866,1.36289e+07
0,0,0,8.00404e+07,0,3.43484e+07,-927866,927866,1.36289e+07
0,0,0,8.00404e+07,0,3.31339e+07,-927866,927866,1.36289e+07
0,0,0,8.00404e+07,0,3.31401e+07,-927866,927866,1.36289e+07
0,0,0,8.00404e+07,0,3.31463e+07,-927866,927866,1.36289e+07
0,0,0,8.00404e+07,0,3.31525e+07,-927866,927866,1.36289e+07
0,0,0,8.00404e+07,0,3.03292e+07,-927866,927866,1.36289e+07
0,0,0,8.00404e+07,0,3.03349e+07,-927866,927866,1.36289e+07
0,0,0,8.00404e+07,0,3.03405e+07,-927866,927866,1.36289e+07
0,0,0,8.00404e+07,0,3.03462e+07,-927866,927866,1.36289e+07
0,0,0,8.00404e+07,0,3.03518e+07,-927866,927866,1.36289e+07
0,0,0,8.00404e+07,9.17599e+06,3.12791e+07,-927866,927866,1.36289e+07
0,0,0,8.00404e+07,0,3.12846e+07,-927866,927866,1.36289e+07
0,0,0,8.00404e+07,0,3.12902e+07,-927866,927866,1.36289e+07
0,0,0,8.00404e+07,0,3.12957e+07,-927866,927866,1.36289e+07
0,0,0,8.00404e+07,0,3.45406e+07,-927866,927866,1.36289e+07
0,0,0,8.00404e+07,0,3.45468e+07,-927866,927866,1.36289e+07
0,0,0,8.00404e+07,0,3.4553e+07,-927866,927866,1.36289e+07
0,0,0,8.00404e+07,0,3.45591e+07,-927866,927866,1.36289e+07
0,0,0,8.00404e+07,0,3.01035e+07,-927866,927866,1.36289e+07
0,0,0,8.00404e+07,0,3.01088e+07,-927866,927866,1.36289e+07
0,0,0,8.00404e+07,0,3.01142e+07,-927866,927866,1.36289e+07
0,0,0,8.00404e+07,0,3.01195e+07,-927866,927866,1.36289e+07
0,0,0,8.00404e+07,0,3.01248e+07,-927866,927866,1.36289e+07
0,0,0,8.00404e+07,0,3.12361e+07,-927866,927866,1.36289e+07
0,0,0,8.00404e+07,0,3.12416e+07,-927866,927866,1.36289e+07
0,0,0,8.00404e+07,0,3.12472e+07,-927866,927866,1.36289e+07
0,0,0,8.00404e+07,0,3.12528e+07,-927866,927866,1.36289e+07
0,0,0,8.00404e+07,0,3.08272e+07,-927866,927866,1.36289e+07
0,0,0,8.00404e+07,0,3.08327e+07,-927866,927866,1.36289e+07
0,0,0,8.00404e+07,0,3.08382e+07,-927866,927866,1.36289e+07
0,0,0,8.00404e+07,0,3.08437e+07,-927866,927866,1.36289e+07
0,0,0,8.00404e+07,0,3.23508e+07,-927866,927866,1.36289e+07
0,0,0,8.00404e+07,0,3.23565e+07,-927866,927866,1.36289e+07
0,0,0,8.00404e+07,0,3.23623e+07,-927866,927866,1.36289e+07
0,0,0,8.00404e+07,0,3.2368e+07,-927866,927866,1.36289e+07
0,0,0,8.00404e+07,0,3.23738e+07,-927866,927866,1.36289e+07
0,0,0,8.00404e+07,0,3.27335e+07,-927866,927866,1.36289e+07
0,0,0,8.00404e+07,0,3.27393e+07,-927866,927866,1.36289e+07
0,0,0,8.00404e+07,0,3.27451e+07,-927866,927866,1.36289e+07
0,0,0,8.00404e+07,0,3.2751e+07,-927866,927866,1.36289e+07
0,0,0,8.00404e+07,0,3.35068e+07,-927866,927866,1.36289e+07
0,0,0,8.00404e+07,0,3.35127e+07,-927866,927866,1.36289e+07
0,0,0,8.00404e+07,0,3.35187e+07,-927866,927866,1.36289e+07
0,0,0,8.00404e+07,0,3.35247e+07,-927866,927866,1.36289e+07
0,0,0,8.00404e+07,0,3.60196e+07,-927866,927866,1.36289e+07
0,0,0,8.00404e+07,0,3.6026e+07,-927866,927866,1.36289e+07
0,0,0,8.00404e+07,0,3.60325e+07,-927866,927866,1.36289e+07
0,0,0,8.00404e+07,0,3.60389e+07,-927866,927866,1.36289e+07
0,0,0,8.00404e+07,0,3.60454e+07,-927866,927866,1.36289e+07
0,0,0,8.00404e+07,0,3.4653e+07,-927866,927866,1.36289e+07
0,0,0,8.00404e+07,0,3.46592e+07,-927866,927866,1.36289e+07
0,0,0,8.00404e+07,0,3.46653e+07,-927866,927866,1.36289e+07
0,0,0,8.00404e+07,0,3.46715e+07,-927866,927866,1.36289e+07
0,0,0,8.00404e+07,0,3.34448e+07,-927866,927866,1.36289e+07
0,0,0,8.00404e+07,0,3.34507e+07,-927866,927866,1.36289e+07
0,0,0,8.00404e+07,0,3.34567e+07,-927866,927866,1.36289e+07
0,0,0,8.00404e+07,0,3.34627e+07,-927866,927866,1.36289e+07
0,0,0,8.00404e+07,0,3.06115e+07,-927866,927866,1.36289e+07
0,0,0,8.00404e+07,0,3.06169e+07,-927866,927866,1.36289e+07
0,0,0,8.00404e+07,0,3.06223e+07,-927866,927866,1.36289e+07
0,0,0,8.00404e+07,0,3.06278e+07,-927866,927866,1.36289e+07
0,0,0,8.00404e+07,0,2.99471e+07,-1.614e+06,1.614e+06,1.36289e+07
0,0,0,1.56415e+08,9.17599e+06,3.15691e+07,-927866,927866,1.36289e+07
0,0,0,1.56415e+08,0,3.15745e+07,-927866,927866,1.36289e+07
0,0,0,1.56415e+08,0,3.08714e+07,-1.63625e+06,1.63625e+06,1.36289e+07
0,0,0,1.56415e+08,0,2.80426e+07,-4.47039e+06,4.47039e+06,1.54128e+07
0,0,0,1.56415e+08,0,3.48611e+07,-927866,927866,1.36289e+07
0,0,0,1.56415e+08,0,3.4867e+07,-927866,927866,1.36289e+07
0,0,0,1.56415e+08,0,3.48729e+07,-927866,927866,1.36289e+07
0,0,0,1.56415e+08,0,3.48788e+07,-927866,927866,1.36289e+07
0,0,0,1.56415e+08,0,3.03799e+07,-927866,927866,1.36289e+07
0,0,0,1.56415e+08,0,3.0385e+07,-927866,927866,1.36289e+07
0,0,0,1.56415e+08,0,3.03901e+07,-927866,927866,1.36289e+07
0,0,0,1.56415e+08,0,3.03952e+07,-927866,927866,1.36289e+07
0,0,0,1.56415e+08,0,3.04003e+07,-927866,927866,1.36289e+07
0,0,0,1.56415e+08,0,3.15219e+07,-927866,927866,1.36289e+07
0,0,0,1.56415e+08,0,3.15273e+07,-927866,927866,1.36289e+07
0,0,0,1.56415e+08,0,3.15326e+07,-927866,927866,1.36289e+07
0,0,0,1.56415e+08,0,3.15379e+07,-927866,927866,1.36289e+07
0,0,0,1.56415e+08,0,3.1108e+07,-927866,927866,1.36289e+07
0,0,0,1.56415e+08,0,3.11132e+07,-927866,927866,1.36289e+07
0,0,0,1.56415e+08,0,3.11185e+07,-927866,927866,1.36289e+07
0,0,0,1.56415e+08,0,3.11237e+07,-927866,927866,1.36289e+07
0,0,0,1.56415e+08,0,3.26449e+07,-927866,927866,1.36289e+07
0,0,0,1.56415e+08,0,3.26504e+07,-927866,927866,1.36289e+07
0,0,0,1.56415e+08,0,3.26559e+07,-927866,927866,1.36289e+07
0,0,0,1.56415e+08,0,3.26614e+07,-927866,927866,1.36289e+07
0,0,0,1.56415e+08,0,3.26669e+07,-927866,927866,1.36289e+07
0,0,0,1.56415e+08,0,3.30297e+07,-927866,927866,1.36289e+07
0,0,0,1.56415e+08,0,3.30352e+07,-927866,927866,1.36289e+07
0,0,0,1.56415e+08,0,3.30408e+07,-927866,927866,1.36289e+07
0,0,0,1.56415e+08,0,3.30464e+07,-927866,927866,1.36289e+07
0,0,0,1.56415e+08,0,3.3809e+07,-927866,927866,1.36289e+07
0,0,0,1.56415e+08,0,3.38147e+07,-927866,927866,1.36289e+07
0,0,0,1.56415e+08,0,3.38204e+07,-927866,927866,1.36289e+07
0,0,0,1.56415e+08,0,3.38262e+07,-927866,927866,1.36289e+07
0,0,0,1.56415e+08,0,3.63442e+07,-927866,927866,1.36289e+07
0,0,0,1.56415e+08,0,3.63347e+07,-917809,917809,1.36289e+07
0,0,0,1.56415e+08,0,3.63391e+07,-916653,916653,1.36289e+07
0,0,0,1.56415e+08,0,3.63434e+07,-915497,915497,1.36289e+07
0,0,0,1.56415e+08,0,3.63478e+07,-914341,914341,1.36289e+07
0,0,0,1.56415e+08,0,3.49403e+07,-913185,913185,1.36289e+07
0,0,0,1.56415e+08,0,3.4969e+07,-927866,927866,1.36289e+07
0,0,0,1.56415e+08,0,3.49749e+07,-927866,927866,1.36289e+07
0,0,0,1.56415e+08,0,3.49808e+07,-927866,927866,1.36289e+07
0,0,0,1.56415e+08,0,3.37424e+07,-927866,927866,1.36289e+07
0,0,0,1.56415e+08,0,3.37481e+07,-927866,927866,1.36289e+07
0,0,0,1.56415e+08,0,3.37538e+07,-927866,927866,1.36289e+07
0,0,0,1.56415e+08,0,3.37595e+07,-927866,927866,1.36289e+07
0,0,0,1.56415e+08,0,3.08816e+07,-927866,927866,1.36289e+07
0,0,0,1.56415e+08,0,3.08868e+07,-927866,927866,1.36289e+07
0,0,0,1.56415e+08,0,3.0892e+07,-927866,927866,1.36289e+07
0,0,0,1.56415e+08,0,3.08972e+07,-927866,927866,1.36289e+07
0,0,0,1.56415e+08,0,3.09023e+07,-927866,927866,1.36289e+07
0,0,0,1.56415e+08,0,3.18466e+07,-927866,927866,1.36289e+07
0,0,0,1.56415e+08,9.17599e+06,3.18517e+07,-927866,927866,1.36289e+07
0,0,0,1.56415e+08,0,3.18568e+07,-927866,927866,1.36289e+07
0,0,0,1.56415e+08,0,3.18619e+07,-927866,927866,1.36289e+07
0,0,0,1.56415e+08,0,3.51676e+07,-927866,927866,1.36289e+07
0,0,0,1.56415e+08,0,3.51732e+07,-927866,927866,1.36289e+07
0,0,0,1.56415e+08,0,3.51789e+07,-927866,927866,1.36289e+07
0,0,0,1.56415e+08,0,3.51845e+07,-927866,927866,1.36289e+07
0,0,0,1.56415e+08,0,3.06441e+07,-927866,927866,1.36289e+07
0,0,0,1.56415e+08,0,3.0649e+07,-927866,927866,1.36289e+07
0,0,0,1.56415e+08,0,3.06539e+07,-927866,927866,1.36289e+07
0,0,0,1.56415e+08,0,3.06588e+07,-927866,927866,1.36289e+07
0,0,0,1.56415e+08,0,3.06636e+07,-927866,927866,1.36289e+07
0,0,0,1.56415e+08,0,3.17952e+07,-927866,927866,1.36289e+07
0,0,0,1.56415e+08,0,3.18002e+07,-927866,927866,1.36289e+07
0,0,0,1.56415e+08,0,3.18053e+07,-927866,927866,1.36289e+07
0,0,0,1.56415e+08,0,3.18104e+07,-927866,927866,1.36289e+07
0,0,0,1.56415e+08,0,3.13763e+07,-927866,927866,1.36289e+07
0,0,0,1.56415e+08,0,3.13813e+07,-927866,927866,1.36289e+07
0,0,0,1.56415e+08,0,3.13863e+07,-927866,927866,1.36289e+07
0,0,0,1.56415e+08,0,3.13913e+07,-927866,927866,1.36289e+07
0,0,0,1.56415e+08,0,3.29259e+07,-927866,927866,1.36289e+07
0,0,0,1.56415e+08,0,3.29311e+07,-927866,927866,1.36289e+07
0,0,0,1.56415e+08,0,3.29364e+07,-927866,927866,1.36289e+07
0,0,0,1.56415e+08,0,3.29416e+07,-927866,927866,1.36289e+07
0,0,0,1.56415e+08,0,3.29469e+07,-927866,927866,1.36289e+07
0,0,0,1.56415e+08,0,3.33126e+07,-927866,927866,1.36289e+07
0,0,0,1.56415e+08,0,3.33179e+07,-927866,927866,1.36289e+07
0,0,0,1.56415e+08,0,3.33232e+07,-927866,927866,1.36289e+07
0,0,0,1.56415e+08,0,3.33286e+07,-927866,927866,1.36289e+07
0,0,0,1.56415e+08,0,3.40977e+07,-927866,927866,1.36289e+07
0,0,0,1.56415e+08,0,3.41031e+07,-927866,927866,1.36289e+07
0,0,0,1.56415e+08,0,3.41086e+07,-927866,927866,1.36289e+07
0,0,0,1.56415e+08,0,3.4114e+07,-927866,927866,1.36289e+07
0,0,0,1.56415e+08,0,3.66541e+07,-927866,927866,1.36289e+07
0,0,0,1.56415e+08,0,3.65538e+07,-859640,859640,1.36289e+07
0,0,0,1.56415e+08,0,3.6558e+07,-858538,858538,1.36289e+07
0,0,0,1.56415e+08,0,3.65622e+07,-857436,857436,1.36289e+07
0,0,0,1.56415e+08,0,3.65663e+07,-856332,856332,1.36289e+07
0,0,0,1.56415e+08,0,3.51461e+07,-855230,855230,1.36289e+07
0,0,0,1.56415e+08,0,3.52648e+07,-927866,927866,1.36289e+07
0,0,0,1.56415e+08,0,3.52704e+07,-927866,927866,1.36289e+07
0,0,0,1.56415e+08,0,3.5276e+07,-927866,927866,1.36289e+07
0,0,0,1.56415e+08,0,3.40264e+07,-927866,927866,1.36289e+07
0,0,0,1.56415e+08,0,3.40318e+07,-927866,927866,1.36289e+07
0,0,0,1.56415e+08,0,3.40372e+07,-927866,927866,1.36289e+07
0,0,0,1.56415e+08,0,3.40427e+07,-927866,927866,1.36289e+07
0,0,0,1.56415e+08,0,3.11393e+07,-927866,927866,1.36289e+07
0,0,0,1.56415e+08,0,3.11442e+07,-927866,927866,1.36289e+07
0,0,0,1.56415e+08,0,3.11492e+07,-927866,927866,1.36289e+07
0,0,0,1.56415e+08,0,3.11541e+07,-927866,927866,1.36289e+07
0,0,0,1.56415e+08,0,2.76666e+07,-4.42032e+06,4.42032e+06,1.54128e+07
0,0,0,1.56415e+08,0,3.11591e+07,-927866,927866,1.36289e+07
0,0,0,1.56415e+08,9.17599e+06,2.85069e+07,-4.53224e+06,4.53224e+06,1.54128e+07
0,0,0,1.56415e+08,0,2.85112e+07,-4.5328e+06,4.5328e+06,1.54128e+07
0,0,0,1.56415e+08,0,2.85154e+07,-4.53337e+06,4.53337e+06,1.54128e+07
0,0,0,1.56415e+08,0,3.21258e+07,-927866,927866,1.36289e+07
0,0,0,1.56415e+08,0,3.54599e+07,-927866,927866,1.36289e+07
0,0,0,1.56415e+08,0,3.54653e+07,-927866,927866,1.36289e+07
0,0,0,1.56415e+08,0,3.54706e+07,-927866,927866,1.36289e+07
0,0,0,1.56415e+08,0,3.5476e+07,-927866,927866,1.36289e+07
0,0,0,1.56415e+08,0,3.08961e+07,-927866,927866,1.36289e+07
0,0,0,1.56415e+08,0,3.09007e+07,-927866,927866,1.36289e+07
0,0,0,1.56415e+08,0,3.09054e+07,-927866,927866,1.36289e+07
0,0,0,1.56415e+08,0,3.091e+07,-927866,927866,1.36289e+07
0,0,0,1.56415e+08,0,3.09147e+07,-927866,927866,1.36289e+07
0,0,0,1.56415e+08,0,3.20556e+07,-927866,927866,1.36289e+07
0,0,0,1.56415e+08,0,3.20605e+07,-927866,927866,1.36289e+07
0,0,0,1.56415e+08,0,3.20653e+07,-927866,927866,1.36289e+07
0,0,0,1.56415e+08,0,3.20701e+07,-927866,927866,1.36289e+07
0,0,0,1.56415e+08,0,3.1632e+07,-927866,927866,1.36289e+07
0,0,0,1.56415e+08,0,3.16368e+07,-927866,927866,1.36289e+07
0,0,0,1.56415e+08,0,3.16415e+07,-927866,927866,1.36289e+07
0,0,0,1.56415e+08,0,3.16463e+07,-927866,927866,1.36289e+07
0,0,0,1.56415e+08,0,3.31936e+07,-927866,927866,1.36289e+07
0,0,0,1.56415e+08,0,3.31986e+07,-927866,927866,1.36289e+07
0,0,0,1.56415e+08,0,3.32036e+07,-927866,927866,1.36289e+07
0,0,0,1.56415e+08,0,3.32086e+07,-927866,927866,1.36289e+07
0,0,0,1.56415e+08,0,3.32136e+07,-927866,927866,1.36289e+07
0,0,0,1.56415e+08,0,3.35821e+07,-927866,927866,1.36289e+07
0,0,0,1.56415e+08,0,3.35872e+07,-927866,927866,1.36289e+07
0,0,0,1.56415e+08,0,3.35923e+07,-927866,927866,1.36289e+07
0,0,0,1.56415e+08,0,3.35973e+07,-927866,927866,1.36289e+07
0,0,0,1.56415e+08,0,3.43726e+07,-927866,927866,1.36289e+07
0,0,0,1.56415e+08,0,3.43778e+07,-927866,927866,1.36289e+07
0,0,0,1.56415e+08,0,3.4383e+07,-927866,927866,1.36289e+07
0,0,0,1.56415e+08,0,3.43882e+07,-927866,927866,1.36289e+07
0,0,0,1.56415e+08,0,3.69492e+07,-927866,927866,1.36289e+07
0,0,0,1.56415e+08,0,3.67625e+07,-804251,804251,1.36289e+07
0,0,0,1.56415e+08,0,3.67664e+07,-803202,803202,1.36289e+07
0,0,0,1.56415e+08,0,3.67704e+07,-802154,802154,1.36289e+07
0,0,0,1.56415e+08,0,3.67744e+07,-801105,801105,1.36289e+07
0,0,0,1.56415e+08,0,3.53421e+07,-800056,800056,1.36289e+07
0,0,0,1.56415e+08,0,3.55463e+07,-927866,927866,1.36289e+07
0,0,0,1.56415e+08,0,3.55517e+07,-927866,927866,1.36289e+07
0,0,0,1.56415e+08,0,3.5557e+07,-927866,927866,1.36289e+07
0,0,0,1.56415e+08,0,3.42967e+07,-927866,927866,1.36289e+07
0,0,0,1.56415e+08,0,3.43018e+07,-927866,927866,1.36289e+07
0,0,0,1.56415e+08,0,3.4307e+07,-927866,927866,1.36289e+07
0,0,0,1.56415e+08,0,3.43122e+07,-927866,927866,1.36289e+07
0,0,0,1.56415e+08,0,3.13845e+07,-927866,927866,1.36289e+07
0,0,0,1.56415e+08,0,3.13892e+07,-927866,927866,1.36289e+07
0,0,0,1.56415e+08,0,3.13939e+07,-927866,927866,1.36289e+07
0,0,0,1.56415e+08,0,3.13986e+07,-927866,927866,1.36289e+07
0,0,0,1.56415e+08,0,3.14033e+07,-927866,927866,1.36289e+07
0,0,0,4.89917e+08,0,3.23631e+07,-927866,927866,1.36289e+07
0,0,0,4.89917e+08,0,3.23677e+07,-927866,927866,1.36289e+07
0,0,0,4.89917e+08,0,3.23722e+07,-927866,927866,1.36289e+07
0,0,0,4.89917e+08,0,3.23768e+07,-927866,927866,1.36289e+07
0,0,0,4.89917e+08,0,3.57379e+07,-927866,927866,1.36289e+07
0,0,0,4.89917e+08,0,3.5743e+07,-927866,927866,1.36289e+07
0,0,0,4.89917e+08,0,3.57481e+07,-927866,927866,1.36289e+07
0,0,0,4.89917e+08,0,3.57532e+07,-927866,927866,1.36289e+07
0,0,0,4.89917e+08,0,3.11357e+07,-927866,927866,1.36289e+07
0,0,0,4.89917e+08,0,3.11401e+07,-927866,927866,1.36289e+07
0,0,0,4.89917e+08,0,3.11445e+07,-927866,927866,1.36289e+07
0,0,0,4.89917e+08,0,3.11489e+07,-927866,927866,1.36289e+07
0,0,0,4.89917e+08,0,3.11533e+07,-927866,927866,1.36289e+07
0,0,0,4.89917e+08,0,3.23032e+07,-927866,927866,1.36289e+07
0,0,0,4.89917e+08,0,3.23078e+07,-927866,927866,1.36289e+07
0,0,0,4.89917e+08,0,3.23124e+07,-927866,927866,1.36289e+07
0,0,0,4.89917e+08,0,3.23169e+07,-927866,927866,1.36289e+07
0,0,0,4.89917e+08,0,3.1875e+07,-927866,927866,1.36289e+07
0,0,0,4.89917e+08,0,3.18796e+07,-927866,927866,1.36289e+07
0,0,0,4.89917e+08,0,3.18841e+07,-927866,927866,1.36289e+07
0,0,0,4.89917e+08,0,3.18886e+07,-927866,927866,1.36289e+07
0,0,0,4.89917e+08,0,3.3448e+07,-927866,927866,1.36289e+07
0,0,0,4.89917e+08,0,3.34528e+07,-927866,927866,1.36289e+07
0,0,0,4.89917e+08,0,3.34575e+07,-927866,927866,1.36289e+07
0,0,0,4.89917e+08,0,3.34622e+07,-927866,927866,1.36289e+07
0,0,0,4.89917e+08,0,3.3467e+07,-927866,927866,1.36289e+07
0,0,0,4.89917e+08,0,3.38381e+07,-927866,927866,1.36289e+07
0,0,0,4.89917e+08,0,3.38429e+07,-927866,927866,1.36289e+07
0,0,0,4.89917e+08,0,3.38477e+07,-927866,927866,1.36289e+07
0,0,0,4.89917e+08,0,3.38525e+07,-927866,927866,1.36289e+07
0,0,0,4.89917e+08,0,3.46336e+07,-927866,927866,1.36289e+07
0,0,0,4.89917e+08,0,3.46386e+07,-927866,927866,1.36289e+07
0,0,0,4.89917e+08,0,3.46435e+07,-927866,927866,1.36289e+07
0,0,0,4.89917e+08,0,3.46484e+07,-927866,927866,1.36289e+07
0,0,0,4.89917e+08,0,3.72293e+07,-927866,927866,1.36289e+07
0,0,0,4.89917e+08,0,3.69605e+07,-751674,751674,1.36289e+07
0,0,0,4.89917e+08,0,3.69643e+07,-750679,750679,1.36289e+07
0,0,0,4.89917e+08,0,3.6968e+07,-749685,749685,1.36289e+07
0,0,0,4.89917e+08,0,3.69718e+07,-748690,748690,1.36289e+07
0,0,0,4.89917e+08,0,3.5528e+07,-747696,747696,1.36289e+07
0,0,0,4.89917e+08,0,3.58134e+07,-927866,927866,1.36289e+07
0,0,0,4.89917e+08,0,3.58185e+07,-927866,927866,1.36289e+07
0,0,0,4.89917e+08,0,3.58236e+07,-927866,927866,1.36289e+07
0,0,0,4.89917e+08,0,3.45531e+07,-927866,927866,1.36289e+07
0,0,0,4.89917e+08,0,3.4558e+07,-927866,927866,1.36289e+07
0,0,0,4.89917e+08,0,3.45629e+07,-927866,927866,1.36289e+07
0,0,0,4.89917e+08,0,3.45678e+07,-927866,927866,1.36289e+07
0,0,0,4.89917e+08,0,3.16171e+07,-927866,927866,1.36289e+07
0,0,0,4.89917e+08,0,3.16215e+07,-927866,927866,1.36289e+07
0,0,0,4.89917e+08,0,3.1626e+07,-927866,927866,1.36289e+07
0,0,0,4.89917e+08,0,3.16304e+07,-927866,927866,1.36289e+07
0,0,0,4.89917e+08,0,3.16349e+07,-927866,927866,1.36289e+07
0,0,0,4.89917e+08,0,3.26018e+07,-927866,927866,1.36289e+07
0,0,0,4.89917e+08,0,3.26061e+07,-927866,927866,1.36289e+07
0,0,0,4.89917e+08,0,3.26104e+07,-927866,927866,1.36289e+07
0,0,0,4.89917e+08,0,3.26148e+07,-927866,927866,1.36289e+07
0,0,0,4.89917e+08,0,3.60014e+07,-927866,927866,1.36289e+07
0,0,0,4.89917e+08,0,3.60062e+07,-927866,927866,1.36289e+07
0,0,0,4.89917e+08,0,3.6011e+07,-927866,927866,1.36289e+07
0,0,0,4.89917e+08,0,3.60158e+07,-927866,927866,1.36289e+07
0,0,0,4.89917e+08,0,3.13627e+07,-927866,927866,1.36289e+07
0,0,0,4.89917e+08,0,3.13668e+07,-927866,927866,1.36289e+07
0,0,0,4.89917e+08,0,3.1371e+07,-927866,927866,1.36289e+07
0,0,0,4.89917e+08,0,3.13751e+07,-927866,927866,1.36289e+07
0,0,0,4.89917e+08,0,3.13793e+07,-927866,927866,1.36289e+07
0,0,0,4.89917e+08,0,3.25377e+07,-927866,927866,1.36289e+07
0,0,0,4.89917e+08,0,3.2542e+07,-927866,927866,1.36289e+07
0,0,0,4.89917e+08,0,3.25463e+07,-927866,927866,1.36289e+07
0,0,0,4.89917e+08,0,2.88946e+07,-4.58387e+06,4.58387e+06,1.54128e+07
0,0,0,4.89917e+08,0,2.85015e+07,-4.53151e+06,4.53151e+06,1.54128e+07
0,0,0,4.89917e+08,0,2.85052e+07,-4.53201e+06,4.53201e+06,1.54128e+07
0,0,0,4.89917e+08,0,3.21136e+07,-927866,927866,1.36289e+07
0,0,0,4.89917e+08,0,3.21179e+07,-927866,927866,1.36289e+07
0,0,0,4.89917e+08,0,3.36887e+07,-927866,927866,1.36289e+07
0,0,0,4.89917e+08,0,3.36932e+07,-927866,927866,1.36289e+07
0,0,0,4.89917e+08,0,3.36977e+07,-927866,927866,1.36289e+07
0,0,0,4.89917e+08,0,3.37022e+07,-927866,927866,1.36289e+07
0,0,0,4.89917e+08,0,3.37066e+07,-927866,927866,1.36289e+07
0,0,0,4.89917e+08,0,3.40803e+07,-927866,927866,1.36289e+07
0,0,0,4.89917e+08,0,3.40848e+07,-927866,927866,1.36289e+07
0,0,0,4.89917e+08,0,3.40893e+07,-927866,927866,1.36289e+07
0,0,0,4.89917e+08,0,3.40938e+07,-927866,927866,1.36289e+07
0,0,0,4.89917e+08,0,3.48805e+07,-927866,927866,1.36289e+07
0,0,0,4.89917e+08,0,3.48851e+07,-927866,927866,1.36289e+07
0,0,0,4.89917e+08,0,3.48897e+07,-927866,927866,1.36289e+07
0,0,0,4.89917e+08,0,3.48944e+07,-927866,927866,1.36289e+07
0,0,0,4.89917e+08,0,3.74941e+07,-927866,927866,1.36289e+07
0,0,0,4.89917e+08,0,3.71477e+07,-701979,701979,1.36289e+07
0,0,0,4.89917e+08,0,3.71512e+07,-701041,701041,1.36289e+07
0,0,0,4.89917e+08,0,3.71548e+07,-700103,700103,1.36289e+07
0,0,0,4.89917e+08,0,3.71583e+07,-699164,699164,1.36289e+07
0,0,0,4.89917e+08,0,3.57037e+07,-698226,698226,1.36289e+07
0,0,0,4.89917e+08,0,3.60658e+07,-927866,927866,1.36289e+07
0,0,0,4.89917e+08,0,3.60706e+07,-927866,927866,1.36289e+07
0,0,0,4.89917e+08,0,3.60754e+07,-927866,927866,1.36289e+07
0,0,0,4.89917e+08,0,3.47952e+07,-927866,927866,1.36289e+07
0,0,0,4.89917e+08,0,3.47999e+07,-927866,927866,1.36289e+07
0,0,0,4.89917e+08,0,3.40203e+07,-1.71205e+06,1.71205e+06,1.36289e+07
0,0,0,4.89917e+08,0,3.08877e+07,-4.84931e+06,4.84931e+06,1.54128e+07
0,0,0,4.89917e+08,0,2.82645e+07,-4.49995e+06,4.49995e+06,1.54128e+07
0,0,0,4.89917e+08,0,3.18408e+07,-927866,927866,1.36289e+07
0,0,0,4.89917e+08,0,2.82719e+07,-4.50094e+06,4.50094e+06,1.54128e+07
0,0,0,4.89917e+08,0,2.82757e+07,-4.50144e+06,4.50144e+06,1.54128e+07
0,0,0,4.89917e+08,0,2.82794e+07,-4.50193e+06,4.50193e+06,1.54128e+07
0,0,0,4.89917e+08,0,3.2827e+07,-927866,927866,1.36289e+07
0,0,0,4.89917e+08,0,2.91421e+07,-4.61683e+06,4.61683e+06,1.54128e+07
0,0,0,4.89917e+08,0,2.91457e+07,-4.61731e+06,4.61731e+06,1.54128e+07
0,0,0,4.89917e+08,0,3.28392e+07,-927866,927866,1.36289e+07
0,0,0,4.89917e+08,0,3.62499e+07,-927866,927866,1.36289e+07
0,0,0,4.89917e+08,0,3.62544e+07,-927866,927866,1.36289e+07
0,0,0,4.89917e+08,0,3.62589e+07,-927866,927866,1.36289e+07
0,0,0,4.89917e+08,0,3.62634e+07,-927866,927866,1.36289e+07
0,0,0,4.89917e+08,0,3.15767e+07,-927866,927866,1.36289e+07
0,0,0,4.89917e+08,0,3.15806e+07,-927866,927866,1.36289e+07
0,0,0,4.89917e+08,0,3.15845e+07,-927866,927866,1.36289e+07
0,0,0,4.89917e+08,0,3.15884e+07,-927866,927866,1.36289e+07
0,0,0,4.89917e+08,0,2.80489e+07,-4.47124e+06,4.47124e+06,1.54128e+07
0,0,0,4.89917e+08,0,2.90782e+07,-4.60832e+06,4.60832e+06,1.54128e+07
0,0,0,4.89917e+08,0,2.90818e+07,-4.6088e+06,4.6088e+06,1.54128e+07
0,0,0,4.89917e+08,0,2.90854e+07,-4.60927e+06,4.60927e+06,1.54128e+07
0,0,0,4.89917e+08,0,3.27708e+07,-927866,927866,1.36289e+07
0,0,0,4.89917e+08,0,3.23219e+07,-927866,927866,1.36289e+07
0,0,0,4.89917e+08,0,2.86963e+07,-4.55745e+06,4.55745e+06,1.54128e+07
0,0,0,4.89917e+08,0,2.86998e+07,-4.55792e+06,4.55792e+06,1.54128e+07
0,0,0,4.89917e+08,0,3.23339e+07,-927866,927866,1.36289e+07
0,0,0,4.89917e+08,0,3.39155e+07,-927866,927866,1.36289e+07
0,0,0,4.89917e+08,0,3.39197e+07,-927866,927866,1.36289e+07
0,0,0,4.89917e+08,0,3.39239e+07,-927866,927866,1.36289e+07
0,0,0,4.89917e+08,0,3.39281e+07,-927866,927866,1.36289e+07
0,0,0,4.89917e+08,0,3.39323e+07,-927866,927866,1.36289e+07
0,0,0,4.89917e+08,0,3.43082e+07,-927866,927866,1.36289e+07
0,0,0,4.89917e+08,0,3.43125e+07,-927866,927866,1.36289e+07
0,0,0,4.89917e+08,0,3.43167e+07,-927866,927866,1.36289e+07
0,0,0,4.89917e+08,0,3.4321e+07,-927866,927866,1.36289e+07
0,0,0,4.89917e+08,0,3.51128e+07,-927866,927866,1.36289e+07
0,0,0,4.89917e+08,0,3.51171e+07,-927866,927866,1.36289e+07
0,0,0,4.89917e+08,0,3.51215e+07,-927866,927866,1.36289e+07
0,0,0,4.89917e+08,0,3.51259e+07,-927866,927866,1.36289e+07
0,0,0,4.89917e+08,0,3.77433e+07,-927866,927866,1.36289e+07
0,0,0,4.89917e+08,0,3.7748e+07,-927866,927866,1.36289e+07
0,0,0,4.89917e+08,0,3.77527e+07,-927866,927866,1.36289e+07
0,0,0,4.89917e+08,0,3.77573e+07,-927866,927866,1.36289e+07
0,0,0,4.89917e+08,0,3.7762e+07,-927866,927866,1.36289e+07
0,0,0,4.89917e+08,0,3.62986e+07,-927866,927866,1.36289e+07
0,0,0,4.89917e+08,0,3.63031e+07,-927866,927866,1.36289e+07
0,0,0,4.89917e+08,0,3.63076e+07,-927866,927866,1.36289e+07
0,0,0,4.89917e+08,0,3.63121e+07,-927866,927866,1.36289e+07
0,0,0,4.89917e+08,0,3.42336e+07,-1.71718e+06,1.71718e+06,1.36289e+07
0,0,0,4.89917e+08,0,3.10802e+07,-4.87495e+06,4.87495e+06,1.54128e+07
0,0,0,4.89917e+08,0,3.1084e+07,-4.87546e+06,4.87546e+06,1.54128e+07
0,0,0,4.89917e+08,0,3.10878e+07,-4.87597e+06,4.87597e+06,1.54128e+07
0,0,0,4.89917e+08,0,2.84466e+07,-4.5242e+06,4.5242e+06,1.54128e+07
0,0,0,4.89917e+08,0,2.84501e+07,-4.52467e+06,4.52467e+06,1.54128e+07
0,0,0,4.89917e+08,0,2.84536e+07,-4.52513e+06,4.52513e+06,1.54128e+07
0,0,0,4.89917e+08,0,2.84571e+07,-4.5256e+06,4.5256e+06,1.54128e+07
0,0,0,4.89917e+08,0,2.84606e+07,-4.52606e+06,4.52606e+06,1.54128e+07
0,0,0,4.89917e+08,0,2.93253e+07,-4.64123e+06,4.64123e+06,1.54128e+07
0,0,0,4.89917e+08,0,2.93286e+07,-4.64168e+06,4.64168e+06,1.54128e+07
0,0,0,4.89917e+08,0,2.9332e+07,-4.64212e+06,4.64212e+06,1.54128e+07
0,0,0,4.89917e+08,0,2.93354e+07,-4.64257e+06,4.64257e+06,1.54128e+07
0,0,0,4.89917e+08,0,3.23651e+07,-5.04608e+06,5.04608e+06,1.54128e+07
0,0,0,4.89917e+08,0,3.23689e+07,-5.04658e+06,5.04658e+06,1.54128e+07
0,0,0,4.89917e+08,0,3.23726e+07,-5.04708e+06,5.04708e+06,1.54128e+07
0,0,0,4.89917e+08,0,3.23763e+07,-5.04757e+06,5.04757e+06,1.54128e+07
0,0,0,4.89917e+08,0,2.82126e+07,-4.49303e+06,4.49303e+06,1.54128e+07
0,0,0,4.89917e+08,0,2.82158e+07,-4.49346e+06,4.49346e+06,1.54128e+07
0,0,0,4.89917e+08,0,2.8219e+07,-4.49389e+06,4.49389e+06,1.54128e+07
0,0,0,4.89917e+08,0,2.82222e+07,-4.49432e+06,4.49432e+06,1.54128e+07
0,0,0,4.89917e+08,0,2.82255e+07,-4.49475e+06,4.49475e+06,1.54128e+07
0,0,0,4.89917e+08,0,2.92613e+07,-4.63271e+06,4.63271e+06,1.54128e+07
0,0,0,4.89917e+08,0,2.92647e+07,-4.63315e+06,4.63315e+06,1.54128e+07
0,0,0,4.89917e+08,0,3.29737e+07,-927866,927866,1.36289e+07
0,0,0,4.89917e+08,0,3.29775e+07,-927866,927866,1.36289e+07
0,0,0,4.89917e+08,0,3.25253e+07,-927866,927866,1.36289e+07
0,0,0,4.89917e+08,0,3.25291e+07,-927866,927866,1.36289e+07
0,0,0,4.89917e+08,0,3.25328e+07,-927866,927866,1.36289e+07
0,0,0,4.89917e+08,0,3.25366e+07,-927866,927866,1.36289e+07
0,0,0,4.89917e+08,0,3.41283e+07,-927866,927866,1.36289e+07
0,0,0,4.89917e+08,0,3.41323e+07,-927866,927866,1.36289e+07
0,0,0,4.89917e+08,0,3.41362e+07,-927866,927866,1.36289e+07
0,0,0,4.89917e+08,0,3.41401e+07,-927866,927866,1.36289e+07
0,0,0,4.89917e+08,0,3.41441e+07,-927866,927866,1.36289e+07
0,0,0,4.89917e+08,0,3.45221e+07,-927866,927866,1.36289e+07
0,0,0,4.89917e+08,0,3.45261e+07,-927866,927866,1.36289e+07
0,0,0,4.89917e+08,0,3.45301e+07,-927866,927866,1.36289e+07
0,0,0,4.89917e+08,0,3.45341e+07,-927866,927866,1.36289e+07
0,0,0,4.89917e+08,0,3.53307e+07,-927866,927866,1.36289e+07
0,0,0,4.89917e+08,0,3.53348e+07,-927866,927866,1.36289e+07
0,0,0,4.89917e+08,0,3.53389e+07,-927866,927866,1.36289e+07
0,0,0,4.89917e+08,0,3.5343e+07,-927866,927866,1.36289e+07
0,0,0,4.89917e+08,0,3.79769e+07,-927866,927866,1.36289e+07
0,0,0,4.89917e+08,0,3.79813e+07,-927866,927866,1.36289e+07
0,0,0,4.89917e+08,0,3.79857e+07,-927866,927866,1.36289e+07
0,0,0,4.89917e+08,0,3.79901e+07,-927866,927866,1.36289e+07
0,0,0,4.89917e+08,0,3.79945e+07,-927866,927866,1.36289e+07
0,0,0,4.89917e+08,0,3.65214e+07,-927866,927866,1.36289e+07
0,0,0,4.89917e+08,0,3.65256e+07,-927866,927866,1.36289e+07
0,0,0,4.89917e+08,0,3.65298e+07,-927866,927866,1.36289e+07
0,0,0,4.89917e+08,0,3.65341e+07,-927866,927866,1.36289e+07
0,0,0,4.89917e+08,0,3.52363e+07,-927866,927866,1.36289e+07
0,0,0,4.89917e+08,0,3.52404e+07,-927866,927866,1.36289e+07
0,0,0,4.89917e+08,0,3.52445e+07,-927866,927866,1.36289e+07
0,0,0,4.89917e+08,0,3.52485e+07,-927866,927866,1.36289e+07
0,0,0,4.89917e+08,0,3.22363e+07,-927866,927866,1.36289e+07
0,0,0,4.89917e+08,0,3.224e+07,-927866,927866,1.36289e+07
0,0,0,4.89917e+08,0,3.22437e+07,-927866,927866,1.36289e+07
0,0,0,4.89917e+08,0,3.22474e+07,-927866,927866,1.36289e+07
0,0,0,4.89917e+08,0,3.22512e+07,-927866,927866,1.36289e+07
0,0,0,4.89917e+08,0,3.32369e+07,-927866,927866,1.36289e+07
0,0,0,4.89917e+08,0,3.32405e+07,-927866,927866,1.36289e+07
0,0,0,4.89917e+08,0,3.3244e+07,-927866,927866,1.36289e+07
0,0,0,4.89917e+08,0,3.32476e+07,-927866,927866,1.36289e+07
0,0,0,4.89917e+08,0,3.6702e+07,-927866,927866,1.36289e+07
0,0,0,4.89917e+08,0,3.67059e+07,-927866,927866,1.36289e+07
0,0,0,4.89917e+08,0,3.67099e+07,-927866,927866,1.36289e+07
0,0,0,4.89917e+08,0,3.67138e+07,-927866,927866,1.36289e+07
0,0,0,4.89917e+08,0,2.83787e+07,-4.51515e+06,4.51515e+06,1.54128e+07
0,0,0,4.89917e+08,0,3.19694e+07,-927866,927866,1.36289e+07
0,0,0,4.89917e+08,0,3.19728e+07,-927866,927866,1.36289e+07
0,0,0,4.89917e+08,0,3.19762e+07,-927866,927866,1.36289e+07
0,0,0,4.89917e+08,0,3.19796e+07,-927866,927866,1.36289e+07
0,0,0,4.89917e+08,0,3.31603e+07,-927866,927866,1.36289e+07
0,0,0,4.89917e+08,0,3.24183e+07,-1.67348e+06,1.67348e+06,1.36289e+07
0,0,0,4.89917e+08,0,3.31674e+07,-927866,927866,1.36289e+07
0,0,0,4.89917e+08,0,3.3171e+07,-927866,927866,1.36289e+07
0,0,0,4.89917e+08,0,3.27157e+07,-927866,927866,1.36289e+07
0,0,0,4.89917e+08,0,3.27192e+07,-927866,927866,1.36289e+07
0,0,0,4.89917e+08,0,3.27227e+07,-927866,927866,1.36289e+07
0,0,0,4.89917e+08,0,3.27262e+07,-927866,927866,1.36289e+07
0,0,0,4.89917e+08,0,3.43274e+07,-927866,927866,1.36289e+07
0,0,0,4.89917e+08,0,3.43311e+07,-927866,927866,1.36289e+07
0,0,0,4.89917e+08,0,3.43347e+07,-927866,927866,1.36289e+07
0,0,0,4.89917e+08,0,3.43384e+07,-927866,927866,1.36289e+07
0,0,0,4.89917e+08,0,3.43421e+07,-927866,927866,1.36289e+07
0,0,0,4.89917e+08,0,3.47222e+07,-927866,927866,1.36289e+07
0,0,0,4.89917e+08,0,3.47259e+07,-927866,927866,1.36289e+07
0,0,0,4.89917e+08,0,3.47296e+07,-927866,927866,1.36289e+07
0,0,0,4.89917e+08,0,3.47333e+07,-927866,927866,1.36289e+07
0,0,0,4.89917e+08,0,3.55345e+07,-927866,927866,1.36289e+07
0,0,0,4.89917e+08,0,3.55383e+07,-927866,927866,1.36289e+07
0,0,0,4.89917e+08,0,3.55421e+07,-927866,927866,1.36289e+07
0,0,0,4.89917e+08,0,3.55459e+07,-927866,927866,1.36289e+07
0,0,0,4.89917e+08,0,3.81953e+07,-927866,927866,1.36289e+07
0,0,0,4.89917e+08,0,3.81994e+07,-927866,927866,1.36289e+07
0,0,0,4.89917e+08,0,3.82035e+07,-927866,927866,1.36289e+07
0,0,0,4.89917e+08,0,3.82076e+07,-927866,927866,1.36289e+07
0,0,0,4.89917e+08,0,3.82117e+07,-927866,927866,1.36289e+07
0,0,0,4.89917e+08,0,3.67295e+07,-927866,927866,1.36289e+07
0,0,0,4.89917e+08,0,3.67335e+07,-927866,927866,1.36289e+07
0,0,0,4.89917e+08,0,3.67374e+07,-927866,927866,1.36289e+07
0,0,0,4.89917e+08,0,3.67413e+07,-927866,927866,1.36289e+07
0,0,0,4.89917e+08,0,3.54356e+07,-927866,927866,1.36289e+07
0,0,0,4.89917e+08,0,3.54394e+07,-927866,927866,1.36289e+07
0,0,0,4.89917e+08,0,3.54432e+07,-927866,927866,1.36289e+07
0,0,0,4.89917e+08,0,3.5447e+07,-927866,927866,1.36289e+07
0,0,0,4.89917e+08,0,3.24169e+07,-927866,927866,1.36289e+07
0,0,0,4.89917e+08,0,3.24203e+07,-927866,927866,1.36289e+07
0,0,0,4.89917e+08,0,3.24238e+07,-927866,927866,1.36289e+07
0,0,0,4.89917e+08,0,3.24273e+07,-927866,927866,1.36289e+07
0,0,0,4.89917e+08,0,3.24307e+07,-927866,927866,1.36289e+07
0,0,0,4.89917e+08,0,3.24307e+07,-927866,927866,1.36289e+07
0,0,0,4.89917e+08,0,3.34219e+07,-927866,927866,1.36289e+07
0,0,0,4.89917e+08,0,3.34252e+07,-927866,927866,1.36289e+07
0,0,0,4.89917e+08,0,3.34285e+07,-927866,927866,1.36289e+07
0,0,0,4.89917e+08,0,3.34318e+07,-927866,927866,1.36289e+07
0,0,0,4.89917e+08,0,3.6906e+07,-927866,927866,1.36289e+07
0,0,0,4.89917e+08,0,3.69096e+07,-927866,927866,1.36289e+07
0,0,0,4.89917e+08,0,3.69133e+07,-927866,927866,1.36289e+07
0,0,0,4.89917e+08,0,3.6917e+07,-927866,927866,1.36289e+07
0,0,0,4.89917e+08,0,3.21415e+07,-927866,927866,1.36289e+07
0,0,0,4.89917e+08,0,3.21447e+07,-927866,927866,1.36289e+07
0,0,0,4.89917e+08,0,3.21478e+07,-927866,927866,1.36289e+07
0,0,0,4.89917e+08,0,3.2151e+07,-927866,927866,1.36289e+07
0,0,0,4.89917e+08,0,3.21542e+07,-927866,927866,1.36289e+07
0,0,0,4.89917e+08,0,2.95924e+07,-4.67681e+06,4.67681e+06,1.54128e+07
0,0,0,4.89917e+08,0,2.95954e+07,-4.6772e+06,4.6772e+06,1.54128e+07
0,0,0,4.89917e+08,0,3.3348e+07,-927866,927866,1.36289e+07
0,0,0,4.89917e+08,0,3.33513e+07,-927866,927866,1.36289e+07
0,0,0,4.89917e+08,0,3.28932e+07,-927866,927866,1.36289e+07
0,0,0,4.89917e+08,0,3.28964e+07,-927866,927866,1.36289e+07
0,0,0,4.89917e+08,0,3.28997e+07,-927866,927866,1.36289e+07
0,0,0,4.89917e+08,0,3.29029e+07,-927866,927866,1.36289e+07
0,0,0,4.89917e+08,0,3.45128e+07,-927866,927866,1.36289e+07
0,0,0,4.89917e+08,0,3.45163e+07,-927866,927866,1.36289e+07
0,0,0,4.89917e+08,0,3.45197e+07,-927866,927866,1.36289e+07
0,0,0,4.89917e+08,0,3.45231e+07,-927866,927866,1.36289e+07
0,0,0,4.89917e+08,0,3.45265e+07,-927866,927866,1.36289e+07
0,0,0,4.89917e+08,0,3.49084e+07,-927866,927866,1.36289e+07
0,0,0,4.89917e+08,0,3.49119e+07,-927866,927866,1.36289e+07
0,0,0,4.89917e+08,0,3.49153e+07,-927866,927866,1.36289e+07
0,0,0,4.89917e+08,0,3.49188e+07,-927866,927866,1.36289e+07
0,0,0,4.89917e+08,0,3.57241e+07,-927866,927866,1.36289e+07
0,0,0,4.89917e+08,0,3.57276e+07,-927866,927866,1.36289e+07
0,0,0,4.89917e+08,0,3.57312e+07,-927866,927866,1.36289e+07
0,0,0,4.89917e+08,0,3.57347e+07,-927866,927866,1.36289e+07
0,0,0,4.89917e+08,0,3.83984e+07,-927866,927866,1.36289e+07
0,0,0,4.89917e+08,0,3.84022e+07,-927866,927866,1.36289e+07
0,0,0,4.89917e+08,0,3.84061e+07,-927866,927866,1.36289e+07
0,0,0,4.89917e+08,0,3.84099e+07,-927866,927866,1.36289e+07
0,0,0,4.89917e+08,0,3.84137e+07,-927866,927866,1.36289e+07
0,0,0,4.89917e+08,0,3.69231e+07,-927866,927866,1.36289e+07
0,0,0,4.89917e+08,0,3.69267e+07,-927866,927866,1.36289e+07
0,0,0,4.89917e+08,0,3.69304e+07,-927866,927866,1.36289e+07
0,0,0,4.89917e+08,0,3.6934e+07,-927866,927866,1.36289e+07
0,0,0,4.89917e+08,0,3.56209e+07,-927866,927866,1.36289e+07
0,0,0,4.89917e+08,0,3.56245e+07,-927866,927866,1.36289e+07
0,0,0,4.89917e+08,0,3.5628e+07,-927866,927866,1.36289e+07
0,0,0,4.89917e+08,0,3.16134e+07,-4.94597e+06,4.94597e+06,1.54128e+07
0,0,0,4.89917e+08,0,3.25846e+07,-927866,927866,1.36289e+07
0,0,0,4.89917e+08,0,2.89275e+07,-4.58825e+06,4.58825e+06,1.54128e+07
0,0,0,4.89917e+08,0,2.89303e+07,-4.58862e+06,4.58862e+06,1.54128e+07
0,0,0,4.89917e+08,0,2.89331e+07,-4.589e+06,4.589e+06,1.54128e+07
0,0,0,4.89917e+08,0,2.8936e+07,-4.58938e+06,4.58938e+06,1.54128e+07
0,0,0,4.89917e+08,0,2.98152e+07,-4.70647e+06,4.70647e+06,1.54128e+07
0,0,0,4.89917e+08,0,2.98179e+07,-4.70683e+06,4.70683e+06,1.54128e+07
0,0,0,4.89917e+08,0,3.35999e+07,-927866,927866,1.36289e+07
0,0,0,4.89917e+08,0,3.36029e+07,-927866,927866,1.36289e+07
0,0,0,4.89917e+08,0,3.70953e+07,-927866,927866,1.36289e+07
0,0,0,4.89917e+08,0,3.70987e+07,-927866,927866,1.36289e+07
0,0,0,4.89917e+08,0,3.71021e+07,-927866,927866,1.36289e+07
0,0,0,4.89917e+08,0,3.71055e+07,-927866,927866,1.36289e+07
0,0,0,4.89917e+08,0,3.23044e+07,-927866,927866,1.36289e+07
0,0,0,4.89917e+08,0,3.23073e+07,-927866,927866,1.36289e+07
0,0,0,4.89917e+08,0,3.23102e+07,-927866,927866,1.36289e+07
0,0,0,4.89917e+08,0,3.23131e+07,-927866,927866,1.36289e+07
0,0,0,4.89917e+08,0,3.15904e+07,-1.65355e+06,1.65355e+06,1.36289e+07
0,0,0,4.89917e+08,0,2.97406e+07,-4.69654e+06,4.69654e+06,1.54128e+07
0,0,0,4.89917e+08,0,2.97433e+07,-4.6969e+06,4.6969e+06,1.54128e+07
0,0,0,4.89917e+08,0,2.9746e+07,-4.69726e+06,4.69726e+06,1.54128e+07
0,0,0,4.89917e+08,0,3.35184e+07,-927866,927866,1.36289e+07
0,0,0,4.89917e+08,0,3.30577e+07,-927866,927866,1.36289e+07
0,0,0,4.89917e+08,0,3.30607e+07,-927866,927866,1.36289e+07
0,0,0,4.89917e+08,0,3.30637e+07,-927866,927866,1.36289e+07
0,0,0,4.89917e+08,0,3.30666e+07,-927866,927866,1.36289e+07
0,0,0,4.89917e+08,0,3.46847e+07,-927866,927866,1.36289e+07
0,0,0,4.89917e+08,0,3.46878e+07,-927866,927866,1.36289e+07
0,0,0,4.89917e+08,0,3.4691e+07,-927866,927866,1.36289e+07
0,0,0,4.89917e+08,0,3.46941e+07,-927866,927866,1.36289e+07
0,0,0,4.89917e+08,0,3.46973e+07,-927866,927866,1.36289e+07
0,0,0,4.89917e+08,0,3.50809e+07,-927866,927866,1.36289e+07
0,0,0,4.89917e+08,0,3.50841e+07,-927866,927866,1.36289e+07
0,0,0,4.89917e+08,0,3.50873e+07,-927866,927866,1.36289e+07
0,0,0,4.89917e+08,0,3.50905e+07,-927866,927866,1.36289e+07
0,0,0,4.89917e+08,0,3.58996e+07,-927866,927866,1.36289e+07
0,0,0,4.89917e+08,0,3.59029e+07,-927866,927866,1.36289e+07
0,0,0,4.89917e+08,0,3.59061e+07,-927866,927866,1.36289e+07
0,0,0,4.89917e+08,0,3.59094e+07,-927866,927866,1.36289e+07
0,0,0,4.89917e+08,0,3.85864e+07,-927866,927866,1.36289e+07
0,0,0,4.89917e+08,0,3.85899e+07,-927866,927866,1.36289e+07
0,0,0,4.89917e+08,0,3.85934e+07,-927866,927866,1.36289e+07
0,0,0,4.89917e+08,0,3.85969e+07,-927866,927866,1.36289e+07
0,0,0,4.89917e+08,0,3.86005e+07,-927866,927866,1.36289e+07
0,0,0,4.89917e+08,0,3.7102e+07,-927866,927866,1.36289e+07
0,0,0,4.89917e+08,0,3.71054e+07,-927866,927866,1.36289e+07
0,0,0,4.89917e+08,0,3.71088e+07,-927866,927866,1.36289e+07
0,0,0,4.89917e+08,0,3.71121e+07,-927866,927866,1.36289e+07
0,0,0,4.89917e+08,0,3.57922e+07,-927866,927866,1.36289e+07
0,0,0,4.89917e+08,0,3.57954e+07,-927866,927866,1.36289e+07
0,0,0,4.89917e+08,0,3.57987e+07,-927866,927866,1.36289e+07
0,0,0,4.89917e+08,0,3.58019e+07,-927866,927866,1.36289e+07
0,0,0,4.89917e+08,0,3.27396e+07,-927866,927866,1.36289e+07
0,0,0,4.89917e+08,0,3.27426e+07,-927866,927866,1.36289e+07
0,0,0,4.89917e+08,0,3.27455e+07,-927866,927866,1.36289e+07
0,0,0,4.89917e+08,0,3.27485e+07,-927866,927866,1.36289e+07
0,0,0,4.89917e+08,0,3.27515e+07,-927866,927866,1.36289e+07
0,0,0,4.89917e+08,0,3.37524e+07,-927866,927866,1.36289e+07
0,0,0,4.89917e+08,0,3.37552e+07,-927866,927866,1.36289e+07
0,0,0,4.89917e+08,0,3.3758e+07,-927866,927866,1.36289e+07
0,0,0,4.89917e+08,0,3.37608e+07,-927866,927866,1.36289e+07
0,0,0,4.89917e+08,0,3.72701e+07,-927866,927866,1.36289e+07
0,0,0,4.89917e+08,0,3.72732e+07,-927866,927866,1.36289e+07
0,0,0,4.89917e+08,0,3.72763e+07,-927866,927866,1.36289e+07
0,0,0,4.89917e+08,0,3.72794e+07,-927866,927866,1.36289e+07
0,0,0,4.89917e+08,0,3.24546e+07,-927866,927866,1.36289e+07
0,0,0,4.89917e+08,0,2.88122e+07,-4.5729e+06,4.5729e+06,1.54128e+07
0,0,0,4.89917e+08,0,2.88146e+07,-4.57321e+06,4.57321e+06,1.54128e+07
0,0,0,4.89917e+08,0,2.8817e+07,-4.57353e+06,4.57353e+06,1.54128e+07
0,0,0,4.89917e+08,0,2.88193e+07,-4.57385e+06,4.57385e+06,1.54128e+07
0,0,0,4.89917e+08,0,2.98772e+07,-4.71473e+06,4.71473e+06,1.54128e+07
0,0,0,4.89917e+08,0,2.98796e+07,-4.71506e+06,4.71506e+06,1.54128e+07
0,0,0,4.89917e+08,0,2.98821e+07,-4.71539e+06,4.71539e+06,1.54128e+07
0,0,0,4.89917e+08,0,2.98846e+07,-4.71571e+06,4.71571e+06,1.54128e+07
0,0,0,4.89917e+08,0,2.94758e+07,-4.66127e+06,4.66127e+06,1.54128e+07
0,0,0,4.89917e+08,0,2.94782e+07,-4.66159e+06,4.66159e+06,1.54128e+07
0,0,0,4.89917e+08,0,2.94806e+07,-4.66192e+06,4.66192e+06,1.54128e+07
0,0,0,4.89917e+08,0,2.94831e+07,-4.66224e+06,4.66224e+06,1.54128e+07
0,0,0,4.89917e+08,0,3.48429e+07,-927866,927866,1.36289e+07
0,0,0,4.89917e+08,0,3.092e+07,-4.85362e+06,4.85362e+06,1.54128e+07
0,0,0,4.89917e+08,0,3.09226e+07,-4.85396e+06,4.85396e+06,1.54128e+07
0,0,0,4.89917e+08,0,3.48516e+07,-927866,927866,1.36289e+07
0,0,0,4.89917e+08,0,3.09277e+07,-4.85464e+06,4.85464e+06,1.54128e+07
0,0,0,4.89917e+08,0,3.12676e+07,-4.89991e+06,4.89991e+06,1.54128e+07
0,0,0,4.89917e+08,0,3.52425e+07,-927866,927866,1.36289e+07
0,0,0,4.89917e+08,0,3.52455e+07,-927866,927866,1.36289e+07
0,0,0,4.89917e+08,0,3.52484e+07,-927866,927866,1.36289e+07
0,0,0,4.89917e+08,0,3.6061e+07,-927866,927866,1.36289e+07
0,0,0,4.89917e+08,0,3.19951e+07,-4.9968e+06,4.9968e+06,1.54128e+07
0,0,0,4.89917e+08,0,3.6067e+07,-927866,927866,1.36289e+07
0,0,0,4.89917e+08,0,3.607e+07,-927866,927866,1.36289e+07
0,0,0,4.89917e+08,0,3.43735e+07,-5.31356e+06,5.31356e+06,1.54128e+07
0,0,0,4.89917e+08,0,3.43763e+07,-5.31394e+06,5.31394e+06,1.54128e+07
0,0,0,4.89917e+08,0,3.78883e+07,-1.80516e+06,1.80516e+06,1.36289e+07
0,0,0,4.89917e+08,0,3.4382e+07,-5.3147e+06,5.3147e+06,1.54128e+07
0,0,0,4.89917e+08,0,3.43849e+07,-5.31508e+06,5.31508e+06,1.54128e+07
0,0,0,4.89917e+08,0,3.30562e+07,-5.13812e+06,5.13812e+06,1.54128e+07
0,0,0,4.89917e+08,0,3.30589e+07,-5.13848e+06,5.13848e+06,1.54128e+07
0,0,0,4.89917e+08,0,3.30616e+07,-5.13884e+06,5.13884e+06,1.54128e+07
0,0,0,4.89917e+08,0,3.30644e+07,-5.13921e+06,5.13921e+06,1.54128e+07
0,0,0,4.89917e+08,0,3.18939e+07,-4.98333e+06,4.98333e+06,1.54128e+07
0,0,0,4.89917e+08,0,3.18966e+07,-4.98368e+06,4.98368e+06,1.54128e+07
0,0,0,4.89917e+08,0,3.18992e+07,-4.98403e+06,4.98403e+06,1.54128e+07
0,0,0,4.89917e+08,0,3.19018e+07,-4.98438e+06,4.98438e+06,1.54128e+07
0,0,0,4.89917e+08,0,2.91869e+07,-4.6228e+06,4.6228e+06,1.54128e+07
0,0,0,4.89917e+08,0,2.91893e+07,-4.62312e+06,4.62312e+06,1.54128e+07
0,0,0,4.89917e+08,0,2.91917e+07,-4.62344e+06,4.62344e+06,1.54128e+07
0,0,0,4.89917e+08,0,2.91941e+07,-4.62376e+06,4.62376e+06,1.54128e+07
0,0,0,4.89917e+08,0,2.91965e+07,-4.62407e+06,4.62407e+06,1.54128e+07
0,0,0,4.89917e+08,0,3.00835e+07,-4.74222e+06,4.74222e+06,1.54128e+07
0,0,0,4.89917e+08,0,3.00858e+07,-4.74251e+06,4.74251e+06,1.54128e+07
0,0,0,4.89917e+08,0,3.0088e+07,-4.74281e+06,4.74281e+06,1.54128e+07
0,0,0,4.89917e+08,0,3.00903e+07,-4.74311e+06,4.74311e+06,1.54128e+07
0,0,0,4.89917e+08,0,3.32007e+07,-5.15737e+06,5.15737e+06,1.54128e+07
0,0,0,4.89917e+08,0,3.32032e+07,-5.1577e+06,5.1577e+06,1.54128e+07
0,0,0,4.89917e+08,0,3.32057e+07,-5.15803e+06,5.15803e+06,1.54128e+07
0,0,0,4.89917e+08,0,3.32082e+07,-5.15837e+06,5.15837e+06,1.54128e+07
0,0,0,4.89917e+08,0,3.186e+07,-1.66004e+06,1.66004e+06,1.36289e+07
0,0,0,4.89917e+08,0,2.89335e+07,-4.58905e+06,4.58905e+06,1.54128e+07
0,0,0,4.89917e+08,0,2.89356e+07,-4.58933e+06,4.58933e+06,1.54128e+07
0,0,0,4.89917e+08,0,3.25996e+07,-927866,927866,1.36289e+07
0,0,0,4.89917e+08,0,2.894e+07,-4.58991e+06,4.58991e+06,1.54128e+07
0,0,0,4.89917e+08,0,3.00022e+07,-4.73139e+06,4.73139e+06,1.54128e+07
0,0,0,4.89917e+08,0,3.00045e+07,-4.73168e+06,4.73168e+06,1.54128e+07
0,0,0,4.89917e+08,0,3.00067e+07,-4.73198e+06,4.73198e+06,1.54128e+07
0,0,0,4.89917e+08,0,3.0009e+07,-4.73228e+06,4.73228e+06,1.54128e+07
0,0,0,4.89917e+08,0,3.33479e+07,-927866,927866,1.36289e+07
0,0,0,4.89917e+08,0,3.33504e+07,-927866,927866,1.36289e+07
0,0,0,4.89917e+08,0,3.33529e+07,-927866,927866,1.36289e+07
0,0,0,4.89917e+08,0,3.33554e+07,-927866,927866,1.36289e+07
0,0,0,4.89917e+08,0,3.49876e+07,-927866,927866,1.36289e+07
0,0,0,4.89917e+08,0,3.49902e+07,-927866,927866,1.36289e+07
0,0,0,4.89917e+08,0,3.49929e+07,-927866,927866,1.36289e+07
0,0,0,4.89917e+08,0,3.49955e+07,-927866,927866,1.36289e+07
0,0,0,4.89917e+08,0,3.49982e+07,-927866,927866,1.36289e+07
0,0,0,4.89917e+08,0,3.53847e+07,-927866,927866,1.36289e+07
0,0,0,4.89917e+08,0,3.53873e+07,-927866,927866,1.36289e+07
0,0,0,4.89917e+08,0,3.539e+07,-927866,927866,1.36289e+07
0,0,0,4.89917e+08,0,3.53927e+07,-927866,927866,1.36289e+07
0,0,0,4.89917e+08,0,3.62085e+07,-927866,927866,1.36289e+07
0,0,0,4.89917e+08,0,3.62112e+07,-927866,927866,1.36289e+07
0,0,0,4.89917e+08,0,3.6214e+07,-927866,927866,1.36289e+07
0,0,0,4.89917e+08,0,3.62167e+07,-927866,927866,1.36289e+07
0,0,0,4.89917e+08,0,3.89169e+07,-927866,927866,1.36289e+07
0,0,0,4.89917e+08,0,3.89199e+07,-927866,927866,1.36289e+07
0,0,0,4.89917e+08,0,3.89228e+07,-927866,927866,1.36289e+07
0,0,0,4.89917e+08,0,3.89258e+07,-927866,927866,1.36289e+07
0,0,0,4.89917e+08,0,3.89287e+07,-927866,927866,1.36289e+07
0,0,0,4.89917e+08,0,3.74164e+07,-927866,927866,1.36289e+07
0,0,0,4.89917e+08,0,3.74192e+07,-927866,927866,1.36289e+07
0,0,0,4.89917e+08,0,3.74221e+07,-927866,927866,1.36289e+07
0,0,0,4.89917e+08,0,3.74249e+07,-927866,927866,1.36289e+07
0,0,0,4.89917e+08,0,3.60928e+07,-927866,927866,1.36289e+07
0,0,0,4.89917e+08,0,3.5281e+07,-1.74239e+06,1.74239e+06,1.36289e+07
0,0,0,4.89917e+08,0,3.20253e+07,-5.00082e+06,5.00082e+06,1.54128e+07
0,0,0,4.89917e+08,0,3.20277e+07,-5.00114e+06,5.00114e+06,1.54128e+07
0,0,0,4.89917e+08,0,2.93013e+07,-4.63803e+06,4.63803e+06,1.54128e+07
0,0,0,4.89917e+08,0,2.93035e+07,-4.63832e+06,4.63832e+06,1.54128e+07
0,0,0,4.89917e+08,0,2.93057e+07,-4.63861e+06,4.63861e+06,1.54128e+07
0,0,0,4.89917e+08,0,2.93078e+07,-4.6389e+06,4.6389e+06,1.54128e+07
0,0,0,4.89917e+08,0,2.931e+07,-4.6392e+06,4.6392e+06,1.54128e+07
0,0,0,4.89917e+08,0,3.02005e+07,-4.75779e+06,4.75779e+06,1.54128e+07
0,0,0,4.89917e+08,0,3.02025e+07,-4.75806e+06,4.75806e+06,1.54128e+07
0,0,0,4.89917e+08,0,3.02045e+07,-4.75833e+06,4.75833e+06,1.54128e+07
0,0,0,4.89917e+08,0,3.02066e+07,-4.7586e+06,4.7586e+06,1.54128e+07
0,0,0,4.89917e+08,0,3.33294e+07,-5.1745e+06,5.1745e+06,1.54128e+07
0,0,0,4.89917e+08,0,3.33316e+07,-5.1748e+06,5.1748e+06,1.54128e+07
0,0,0,4.89917e+08,0,3.33339e+07,-5.1751e+06,5.1751e+06,1.54128e+07
0,0,0,4.89917e+08,0,3.33361e+07,-5.1754e+06,5.1754e+06,1.54128e+07
0,0,0,4.89917e+08,0,2.90418e+07,-4.60347e+06,4.60347e+06,1.54128e+07
0,0,0,4.89917e+08,0,2.90438e+07,-4.60373e+06,4.60373e+06,1.54128e+07
0,0,0,4.89917e+08,0,2.90457e+07,-4.60399e+06,4.60399e+06,1.54128e+07
0,0,0,4.89917e+08,0,2.90476e+07,-4.60425e+06,4.60425e+06,1.54128e+07
0,0,0,4.89917e+08,0,2.90496e+07,-4.60451e+06,4.60451e+06,1.54128e+07
0,0,0,4.89917e+08,0,3.01159e+07,-4.74652e+06,4.74652e+06,1.54128e+07
0,0,0,4.89917e+08,0,3.01179e+07,-4.74679e+06,4.74679e+06,1.54128e+07
0,0,0,4.89917e+08,0,3.01199e+07,-4.74706e+06,4.74706e+06,1.54128e+07
0,0,0,4.89917e+08,0,3.01219e+07,-4.74733e+06,4.74733e+06,1.54128e+07
0,0,0,4.89917e+08,0,2.97093e+07,-4.69237e+06,4.69237e+06,1.54128e+07
0,0,0,4.89917e+08,0,2.97113e+07,-4.69264e+06,4.69264e+06,1.54128e+07
0,0,0,4.89917e+08,0,2.97133e+07,-4.6929e+06,4.6929e+06,1.54128e+07
0,0,0,4.89917e+08,0,2.97153e+07,-4.69317e+06,4.69317e+06,1.54128e+07
0,0,0,4.89917e+08,0,3.11611e+07,-4.88572e+06,4.88572e+06,1.54128e+07
0,0,0,4.89917e+08,0,3.11632e+07,-4.886e+06,4.886e+06,1.54128e+07
0,0,0,4.89917e+08,0,3.11653e+07,-4.88628e+06,4.88628e+06,1.54128e+07
0,0,0,4.89917e+08,0,3.11674e+07,-4.88656e+06,4.88656e+06,1.54128e+07
0,0,0,4.89917e+08,0,3.11695e+07,-4.88684e+06,4.88684e+06,1.54128e+07
0,0,0,4.89917e+08,0,3.47153e+07,-1.72878e+06,1.72878e+06,1.36289e+07
0,0,0,4.89917e+08,0,3.55186e+07,-927866,927866,1.36289e+07
0,0,0,4.89917e+08,0,3.5521e+07,-927866,927866,1.36289e+07
0,0,0,4.89917e+08,0,3.55234e+07,-927866,927866,1.36289e+07
0,0,0,4.89917e+08,0,3.63421e+07,-927866,927866,1.36289e+07
0,0,0,4.89917e+08,0,3.63446e+07,-927866,927866,1.36289e+07
0,0,0,4.89917e+08,0,3.6347e+07,-927866,927866,1.36289e+07
0,0,0,4.89917e+08,0,3.63495e+07,-927866,927866,1.36289e+07
0,0,0,4.89917e+08,0,3.90598e+07,-927866,927866,1.36289e+07
0,0,0,4.89917e+08,0,3.90624e+07,-927866,927866,1.36289e+07
0,0,0,4.89917e+08,0,3.90651e+07,-927866,927866,1.36289e+07
0,0,0,4.89917e+08,0,3.90677e+07,-927866,927866,1.36289e+07
0,0,0,4.89917e+08,0,3.90704e+07,-927866,927866,1.36289e+07
0,0,0,4.89917e+08,0,3.75521e+07,-927866,927866,1.36289e+07
0,0,0,4.89917e+08,0,3.75546e+07,-927866,927866,1.36289e+07
0,0,0,4.89917e+08,0,3.75572e+07,-927866,927866,1.36289e+07
0,0,0,4.89917e+08,0,3.3315e+07,-5.17259e+06,5.17259e+06,1.54128e+07
0,0,0,4.89917e+08,0,3.62223e+07,-927866,927866,1.36289e+07
0,0,0,4.89917e+08,0,3.2137e+07,-5.0157e+06,5.0157e+06,1.54128e+07
0,0,0,4.89917e+08,0,3.21391e+07,-5.01598e+06,5.01598e+06,1.54128e+07
0,0,0,4.89917e+08,0,3.21413e+07,-5.01627e+06,5.01627e+06,1.54128e+07
0,0,0,4.89917e+08,0,2.94046e+07,-4.65179e+06,4.65179e+06,1.54128e+07
0,0,0,4.89917e+08,0,2.94065e+07,-4.65205e+06,4.65205e+06,1.54128e+07
0,0,0,4.89917e+08,0,2.94085e+07,-4.65231e+06,4.65231e+06,1.54128e+07
0,0,0,4.89917e+08,0,2.94105e+07,-4.65257e+06,4.65257e+06,1.54128e+07
0,0,0,4.89917e+08,0,2.94125e+07,-4.65284e+06,4.65284e+06,1.54128e+07
0,0,0,4.89917e+08,0,3.0306e+07,-4.77184e+06,4.77184e+06,1.54128e+07
0,0,0,4.89917e+08,0,3.03078e+07,-4.77208e+06,4.77208e+06,1.54128e+07
0,0,0,4.89917e+08,0,3.03096e+07,-4.77232e+06,4.77232e+06,1.54128e+07
0,0,0,4.89917e+08,0,3.03114e+07,-4.77256e+06,4.77256e+06,1.54128e+07
0,0,0,4.89917e+08,0,3.34453e+07,-5.18994e+06,5.18994e+06,1.54128e+07
0,0,0,4.89917e+08,0,3.34473e+07,-5.19021e+06,5.19021e+06,1.54128e+07
0,0,0,4.89917e+08,0,3.34493e+07,-5.19048e+06,5.19048e+06,1.54128e+07
0,0,0,4.89917e+08,0,3.77142e+07,-927866,927866,1.36289e+07
0,0,0,4.89917e+08,0,3.28301e+07,-927866,927866,1.36289e+07
0,0,0,4.89917e+08,0,3.28321e+07,-927866,927866,1.36289e+07
0,0,0,4.89917e+08,0,3.2834e+07,-927866,927866,1.36289e+07
0,0,0,4.89917e+08,0,3.2836e+07,-927866,927866,1.36289e+07
0,0,0,4.89917e+08,0,3.21e+07,-1.66582e+06,1.66582e+06,1.36289e+07
0,0,0,4.89917e+08,0,3.02181e+07,-4.76013e+06,4.76013e+06,1.54128e+07
0,0,0,4.89917e+08,0,3.02199e+07,-4.76037e+06,4.76037e+06,1.54128e+07
0,0,0,4.89917e+08,0,3.02217e+07,-4.76061e+06,4.76061e+06,1.54128e+07
0,0,0,4.89917e+08,0,3.02235e+07,-4.76085e+06,4.76085e+06,1.54128e+07
0,0,0,4.89917e+08,0,3.35869e+07,-927866,927866,1.36289e+07
0,0,0,4.89917e+08,0,3.35889e+07,-927866,927866,1.36289e+07
0,0,0,4.89917e+08,0,3.35909e+07,-927866,927866,1.36289e+07
0,0,0,4.89917e+08,0,3.3593e+07,-927866,927866,1.36289e+07
0,0,0,4.89917e+08,0,3.52368e+07,-927866,927866,1.36289e+07
0,0,0,4.89917e+08,0,3.52389e+07,-927866,927866,1.36289e+07
0,0,0,4.89917e+08,0,3.5241e+07,-927866,927866,1.36289e+07
0,0,0,4.89917e+08,0,3.52432e+07,-927866,927866,1.36289e+07
0,0,0,4.89917e+08,0,3.52453e+07,-927866,927866,1.36289e+07
0,0,0,4.89917e+08,0,3.56341e+07,-927866,927866,1.36289e+07
0,0,0,4.89917e+08,0,3.56363e+07,-927866,927866,1.36289e+07
0,0,0,4.89917e+08,0,3.56384e+07,-927866,927866,1.36289e+07
0,0,0,4.89917e+08,0,3.56405e+07,-927866,927866,1.36289e+07
0,0,0,4.89917e+08,0,3.64618e+07,-927866,927866,1.36289e+07
0,0,0,4.89917e+08,0,3.6464e+07,-927866,927866,1.36289e+07
0,0,0,4.89917e+08,0,3.64661e+07,-927866,927866,1.36289e+07
0,0,0,4.89917e+08,0,3.64683e+07,-927866,927866,1.36289e+07
0,0,0,4.89917e+08,0,3.91875e+07,-927866,927866,1.36289e+07
0,0,0,4.89917e+08,0,3.91899e+07,-927866,927866,1.36289e+07
0,0,0,4.89917e+08,0,3.91923e+07,-927866,927866,1.36289e+07
0,0,0,4.89917e+08,0,3.91946e+07,-927866,927866,1.36289e+07
0,0,0,4.89917e+08,0,3.9197e+07,-927866,927866,1.36289e+07
0,0,0,4.89917e+08,0,3.76733e+07,-927866,927866,1.36289e+07
0,0,0,4.89917e+08,0,3.76756e+07,-927866,927866,1.36289e+07
0,0,0,4.89917e+08,0,3.76778e+07,-927866,927866,1.36289e+07
0,0,0,4.89917e+08,0,3.76801e+07,-927866,927866,1.36289e+07
0,0,0,4.89917e+08,0,3.6338e+07,-927866,927866,1.36289e+07
0,0,0,4.89917e+08,0,3.63402e+07,-927866,927866,1.36289e+07
0,0,0,4.89917e+08,0,3.63424e+07,-927866,927866,1.36289e+07
0,0,0,4.89917e+08,0,3.63445e+07,-927866,927866,1.36289e+07
0,0,0,4.89917e+08,0,3.32328e+07,-927866,927866,1.36289e+07
0,0,0,4.89917e+08,0,3.32348e+07,-927866,927866,1.36289e+07
0,0,0,4.89917e+08,0,2.95002e+07,-4.66452e+06,4.66452e+06,1.54128e+07
0,0,0,4.89917e+08,0,2.95019e+07,-4.66475e+06,4.66475e+06,1.54128e+07
0,0,0,4.89917e+08,0,2.95037e+07,-4.66499e+06,4.66499e+06,1.54128e+07
0,0,0,4.89917e+08,0,2.95037e+07,-4.66499e+06,4.66499e+06,1.54128e+07
0,0,0,4.89917e+08,0,3.03998e+07,-4.78434e+06,4.78434e+06,1.54128e+07
0,0,0,4.89917e+08,0,3.04014e+07,-4.78455e+06,4.78455e+06,1.54128e+07
0,0,0,4.89917e+08,0,3.0403e+07,-4.78476e+06,4.78476e+06,1.54128e+07
0,0,0,4.89917e+08,0,3.04046e+07,-4.78498e+06,4.78498e+06,1.54128e+07
0,0,0,4.89917e+08,0,3.35484e+07,-5.20367e+06,5.20367e+06,1.54128e+07
0,0,0,4.89917e+08,0,3.35502e+07,-5.20391e+06,5.20391e+06,1.54128e+07
0,0,0,4.89917e+08,0,3.35519e+07,-5.20414e+06,5.20414e+06,1.54128e+07
0,0,0,4.89917e+08,0,3.35537e+07,-5.20438e+06,5.20438e+06,1.54128e+07
0,0,0,4.89917e+08,0,2.92296e+07,-4.62849e+06,4.62849e+06,1.54128e+07
0,0,0,4.89917e+08,0,2.92311e+07,-4.62869e+06,4.62869e+06,1.54128e+07
0,0,0,4.89917e+08,0,3.29337e+07,-927866,927866,1.36289e+07
0,0,0,4.89917e+08,0,3.21952e+07,-1.66811e+06,1.66811e+06,1.36289e+07
0,0,0,4.89917e+08,0,2.92357e+07,-4.6293e+06,4.6293e+06,1.54128e+07
0,0,0,4.89917e+08,0,3.03087e+07,-4.7722e+06,4.7722e+06,1.54128e+07
0,0,0,4.89917e+08,0,3.03103e+07,-4.77241e+06,4.77241e+06,1.54128e+07
0,0,0,4.89917e+08,0,3.03119e+07,-4.77262e+06,4.77262e+06,1.54128e+07
0,0,0,4.89917e+08,0,3.41584e+07,-927866,927866,1.36289e+07
0,0,0,4.89917e+08,0,3.36872e+07,-927866,927866,1.36289e+07
0,0,0,4.89917e+08,0,3.36889e+07,-927866,927866,1.36289e+07
0,0,0,4.89917e+08,0,2.99007e+07,-4.71786e+06,4.71786e+06,1.54128e+07
0,0,0,4.89917e+08,0,3.36925e+07,-927866,927866,1.36289e+07
0,0,0,4.89917e+08,0,3.53411e+07,-927866,927866,1.36289e+07
0,0,0,4.89917e+08,0,3.5343e+07,-927866,927866,1.36289e+07
0,0,0,4.89917e+08,0,3.53449e+07,-927866,927866,1.36289e+07
0,0,0,4.89917e+08,0,3.53467e+07,-927866,927866,1.36289e+07
0,0,0,4.89917e+08,0,3.53486e+07,-927866,927866,1.36289e+07
0,0,0,4.89917e+08,0,3.57383e+07,-927866,927866,1.36289e+07
0,0,0,4.89917e+08,0,3.57402e+07,-927866,927866,1.36289e+07
0,0,0,4.89917e+08,0,3.57421e+07,-927866,927866,1.36289e+07
0,0,0,4.89917e+08,0,3.5744e+07,-927866,927866,1.36289e+07
0,0,0,4.89917e+08,0,3.65674e+07,-927866,927866,1.36289e+07
0,0,0,4.89917e+08,0,3.65693e+07,-927866,927866,1.36289e+07
0,0,0,4.89917e+08,0,3.65712e+07,-927866,927866,1.36289e+07
0,0,0,4.89917e+08,0,3.65732e+07,-927866,927866,1.36289e+07
0,0,0,4.89917e+08,0,3.93002e+07,-927866,927866,1.36289e+07
0,0,0,4.89917e+08,0,3.93023e+07,-927866,927866,1.36289e+07
0,0,0,4.89917e+08,0,3.93043e+07,-927866,927866,1.36289e+07
0,0,0,4.89917e+08,0,3.93064e+07,-927866,927866,1.36289e+07
0,0,0,4.89917e+08,0,3.93085e+07,-927866,927866,1.36289e+07
0,0,0,4.89917e+08,0,3.778e+07,-927866,927866,1.36289e+07
0,0,0,4.89917e+08,0,3.69278e+07,-1.78204e+06,1.78204e+06,1.36289e+07
0,0,0,4.89917e+08,0,3.35129e+07,-5.19895e+06,5.19895e+06,1.54128e+07
0,0,0,4.89917e+08,0,3.35147e+07,-5.19918e+06,5.19918e+06,1.54128e+07
0,0,0,4.89917e+08,0,3.23266e+07,-5.04095e+06,5.04095e+06,1.54128e+07
0,0,0,4.89917e+08,0,3.64416e+07,-927866,927866,1.36289e+07
0,0,0,4.89917e+08,0,3.64435e+07,-927866,927866,1.36289e+07
0,0,0,4.89917e+08,0,3.64454e+07,-927866,927866,1.36289e+07
0,0,0,4.89917e+08,0,3.18809e+07,0,0,1.36289e+07
0,0,0,4.89917e+08,0,3.18826e+07,0,0,1.36289e+07
0,0,0,4.89917e+08,0,3.18843e+07,0,0,1.36289e+07
0,0,0,4.89917e+08,0,3.18861e+07,0,0,1.36289e+07
0,0,0,4.89917e+08,0,3.18878e+07,0,0,1.36289e+07
0,0,0,4.89917e+08,0,3.2906e+07,0,0,1.36289e+07
0,0,0,4.89917e+08,0,3.29076e+07,0,0,1.36289e+07
0,0,0,4.89917e+08,0,3.29091e+07,0,0,1.36289e+07
0,0,0,4.89917e+08,0,3.29107e+07,0,0,1.36289e+07
0,0,0,4.89917e+08,0,3.64829e+07,0,0,1.36289e+07
0,0,0,4.89917e+08,0,3.64846e+07,0,0,1.36289e+07
0,0,0,4.89917e+08,0,3.64863e+07,0,0,1.36289e+07
0,0,0,4.89917e+08,0,3.64881e+07,0,0,1.36289e+07
0,0,0,4.89917e+08,0,3.15742e+07,0,0,1.36289e+07
0,0,0,4.89917e+08,0,3.15757e+07,0,0,1.36289e+07
0,0,0,4.89917e+08,0,3.15772e+07,0,0,1.36289e+07
0,0,0,4.89917e+08,0,3.15787e+07,0,0,1.36289e+07
0,0,0,4.89917e+08,0,3.15802e+07,0,0,1.36289e+07
0,0,0,4.89917e+08,0,3.27992e+07,0,0,1.36289e+07
0,0,0,4.89917e+08,0,3.28007e+07,0,0,1.36289e+07
0,0,0,4.89917e+08,0,3.28022e+07,0,0,1.36289e+07
0,0,0,4.89917e+08,0,3.28038e+07,0,0,1.36289e+07
0,0,0,4.89917e+08,0,3.2331e+07,0,0,1.36289e+07
0,0,0,4.89917e+08,0,3.23325e+07,0,0,1.36289e+07
0,0,0,4.89917e+08,0,3.2334e+07,0,0,1.36289e+07
0,0,0,4.89917e+08,0,3.23356e+07,0,0,1.36289e+07
0,0,0,4.89917e+08,0,3.39884e+07,0,0,1.36289e+07
0,0,0,4.89917e+08,0,3.399e+07,0,0,1.36289e+07
0,0,0,4.89917e+08,0,3.39916e+07,0,0,1.36289e+07
0,0,0,4.89917e+08,0,3.39932e+07,0,0,1.36289e+07
0,0,0,4.89917e+08,0,3.39948e+07,0,0,1.36289e+07
0,0,0,4.89917e+08,0,3.43853e+07,0,0,1.36289e+07
0,0,0,4.89917e+08,0,3.43869e+07,0,0,1.36289e+07
0,0,0,4.89917e+08,0,3.43886e+07,0,0,1.36289e+07
0,0,0,4.89917e+08,0,3.43902e+07,0,0,1.36289e+07
0,0,0,4.89917e+08,0,3.52155e+07,0,0,1.36289e+07
0,0,0,4.89917e+08,0,3.52172e+07,0,0,1.36289e+07
0,0,0,4.89917e+08,0,3.52188e+07,0,0,1.36289e+07
0,0,0,4.89917e+08,0,3.52205e+07,0,0,1.36289e+07
0,0,0,4.89917e+08,0,3.79543e+07,0,0,1.36289e+07
0,0,0,4.89917e+08,0,3.7956e+07,0,0,1.36289e+07
0,0,0,4.89917e+08,0,3.79578e+07,0,0,1.36289e+07
0,0,0,4.89917e+08,0,3.79596e+07,0,0,1.36289e+07
0,0,0,4.89917e+08,0,3.79614e+07,0,0,1.36289e+07
0,0,0,4.89917e+08,0,3.64287e+07,0,0,1.36289e+07
0,0,0,4.89917e+08,0,3.64305e+07,0,0,1.36289e+07
0,0,0,4.89917e+08,0,3.64322e+07,0,0,1.36289e+07
0,0,0,4.89917e+08,0,3.64339e+07,0,0,1.36289e+07
0,0,0,4.89917e+08,0,3.50839e+07,0,0,1.36289e+07
0,0,0,4.89917e+08,0,3.50856e+07,0,0,1.36289e+07
0,0,0,4.89917e+08,0,3.50872e+07,0,0,1.36289e+07
0,0,0,4.89917e+08,0,3.50889e+07,0,0,1.36289e+07
0,0,0,4.89917e+08,0,3.19599e+07,0,0,1.36289e+07
0,0,0,4.89917e+08,0,3.19614e+07,0,0,1.36289e+07
0,0,0,4.89917e+08,0,3.19629e+07,0,0,1.36289e+07
0,0,0,4.89917e+08,0,3.19644e+07,0,0,1.36289e+07
0,0,0,4.89917e+08,0,3.19659e+07,0,0,1.36289e+07
0,0,0,4.89917e+08,0,3.29863e+07,0,0,1.36289e+07
0,0,0,4.89917e+08,0,3.29876e+07,0,0,1.36289e+07
0,0,0,4.89917e+08,0,3.29889e+07,0,0,1.36289e+07
0,0,0,4.89917e+08,0,3.29902e+07,0,0,1.36289e+07
0,0,0,4.89917e+08,0,3.65708e+07,0,0,1.36289e+07
0,0,0,4.89917e+08,0,3.65723e+07,0,0,1.36289e+07
0,0,0,4.89917e+08,0,3.65737e+07,0,0,1.36289e+07
0,0,0,4.89917e+08,0,3.65751e+07,0,0,1.36289e+07
0,0,0,4.89917e+08,0,3.16493e+07,0,0,1.36289e+07
0,0,0,4.89917e+08,0,3.16506e+07,0,0,1.36289e+07
0,0,0,4.89917e+08,0,3.16518e+07,0,0,1.36289e+07
0,0,0,4.89917e+08,0,3.16531e+07,0,0,1.36289e+07
0,0,0,4.89917e+08,0,3.16543e+07,0,0,1.36289e+07
0,0,0,4.89917e+08,0,3.43195e+07,-927866,927866,1.36289e+07
0,0,0,4.89917e+08,0,3.43208e+07,-927866,927866,1.36289e+07
0,0,0,4.89917e+08,0,3.43221e+07,-927866,927866,1.36289e+07
0,0,0,4.89917e+08,0,3.43234e+07,-927866,927866,1.36289e+07
0,0,0,4.89917e+08,0,3.38493e+07,-927866,927866,1.36289e+07
0,0,0,4.89917e+08,0,3.38505e+07,-927866,927866,1.36289e+07
0,0,0,4.89917e+08,0,3.38518e+07,-927866,927866,1.36289e+07
0,0,0,4.89917e+08,0,3.0044e+07,-4.73695e+06,4.73695e+06,1.54128e+07
0,0,0,4.89917e+08,0,3.55095e+07,-927866,927866,1.36289e+07
0,0,0,4.89917e+08,0,3.55108e+07,-927866,927866,1.36289e+07
0,0,0,4.89917e+08,0,3.55121e+07,-927866,927866,1.36289e+07
0,0,0,4.89917e+08,0,3.55135e+07,-927866,927866,1.36289e+07
0,0,0,4.89917e+08,0,3.55148e+07,-927866,927866,1.36289e+07
0,0,0,4.89917e+08,0,3.5906e+07,-927866,927866,1.36289e+07
0,0,0,4.89917e+08,0,3.59073e+07,-927866,927866,1.36289e+07
0,0,0,4.89917e+08,0,3.44651e+07,0,0,1.36289e+07
0,0,0,4.89917e+08,0,3.44664e+07,0,0,1.36289e+07
0,0,0,4.89917e+08,0,3.52933e+07,0,0,1.36289e+07
0,0,0,4.89917e+08,0,3.52947e+07,0,0,1.36289e+07
0,0,0,4.89917e+08,0,3.52961e+07,0,0,1.36289e+07
0,0,0,4.89917e+08,0,3.52975e+07,0,0,1.36289e+07
0,0,0,4.89917e+08,0,3.8037e+07,0,0,1.36289e+07
0,0,0,4.89917e+08,0,3.80385e+07,0,0,1.36289e+07
0,0,0,4.89917e+08,0,3.804e+07,0,0,1.36289e+07
0,0,0,4.89917e+08,0,3.80415e+07,0,0,1.36289e+07
0,0,0,4.89917e+08,0,3.80429e+07,0,0,1.36289e+07
0,0,0,4.89917e+08,0,3.65067e+07,0,0,1.36289e+07
0,0,0,4.89917e+08,0,3.65082e+07,0,0,1.36289e+07
0,0,0,4.89917e+08,0,3.65096e+07,0,0,1.36289e+07
0,0,0,4.89917e+08,0,3.6511e+07,0,0,1.36289e+07
0,0,0,4.89917e+08,0,3.51579e+07,0,0,1.36289e+07
0,0,0,4.89917e+08,0,3.51593e+07,0,0,1.36289e+07
0,0,0,4.89917e+08,0,3.51607e+07,0,0,1.36289e+07
0,0,0,4.89917e+08,0,3.51621e+07,0,0,1.36289e+07
0,0,0,4.89917e+08,0,3.20263e+07,0,0,1.36289e+07
0,0,0,4.89917e+08,0,3.20276e+07,0,0,1.36289e+07
0,0,0,4.89917e+08,0,3.20289e+07,0,0,1.36289e+07
0,0,0,4.89917e+08,0,3.20301e+07,0,0,1.36289e+07
0,0,0,4.89917e+08,0,3.20314e+07,0,0,1.36289e+07
0,0,0,4.89917e+08,0,3.30536e+07,0,0,1.36289e+07
0,0,0,4.89917e+08,0,3.30547e+07,0,0,1.36289e+07
0,0,0,4.89917e+08,0,3.30557e+07,0,0,1.36289e+07
0,0,0,4.89917e+08,0,3.30568e+07,0,0,1.36289e+07
0,0,0,4.89917e+08,0,3.66443e+07,0,0,1.36289e+07
0,0,0,4.89917e+08,0,3.66455e+07,0,0,1.36289e+07
0,0,0,4.89917e+08,0,3.66466e+07,0,0,1.36289e+07
0,0,0,4.89917e+08,0,3.66478e+07,0,0,1.36289e+07
0,0,0,4.89917e+08,0,3.17119e+07,0,0,1.36289e+07
0,0,0,4.89917e+08,0,3.17129e+07,0,0,1.36289e+07
0,0,0,4.89917e+08,0,3.17139e+07,0,0,1.36289e+07
0,0,0,4.89917e+08,0,3.17149e+07,0,0,1.36289e+07
0,0,0,4.89917e+08,0,3.17159e+07,0,0,1.36289e+07
0,0,0,4.89917e+08,0,3.43833e+07,-927866,927866,1.36289e+07
0,0,0,4.89917e+08,0,3.43843e+07,-927866,927866,1.36289e+07
0,0,0,4.89917e+08,0,3.3611e+07,-1.70219e+06,1.70219e+06,1.36289e+07
0,0,0,4.89917e+08,0,3.43864e+07,-927866,927866,1.36289e+07
0,0,0,4.89917e+08,0,3.39111e+07,-927866,927866,1.36289e+07
0,0,0,4.89917e+08,0,3.39121e+07,-927866,927866,1.36289e+07
0,0,0,4.89917e+08,0,3.39132e+07,-927866,927866,1.36289e+07
0,0,0,4.89917e+08,0,3.39142e+07,-927866,927866,1.36289e+07
0,0,0,4.89917e+08,0,3.55734e+07,-927866,927866,1.36289e+07
0,0,0,4.89917e+08,0,3.55745e+07,-927866,927866,1.36289e+07
0,0,0,4.89917e+08,0,3.55756e+07,-927866,927866,1.36289e+07
0,0,0,4.89917e+08,0,3.55766e+07,-927866,927866,1.36289e+07
0,0,0,4.89917e+08,0,3.55777e+07,-927866,927866,1.36289e+07
0,0,0,4.89917e+08,0,3.59693e+07,-927866,927866,1.36289e+07
0,0,0,4.89917e+08,0,3.59704e+07,-927866,927866,1.36289e+07
0,0,0,4.89917e+08,0,3.59715e+07,-927866,927866,1.36289e+07
0,0,0,4.89917e+08,0,3.59726e+07,-927866,927866,1.36289e+07
0,0,0,4.89917e+08,0,3.68007e+07,-927866,927866,1.36289e+07
0,0,0,4.89917e+08,0,3.68018e+07,-927866,927866,1.36289e+07
0,0,0,4.89917e+08,0,3.68029e+07,-927866,927866,1.36289e+07
0,0,0,4.89917e+08,0,3.6804e+07,-927866,927866,1.36289e+07
0,0,0,4.89917e+08,0,3.95481e+07,-927866,927866,1.36289e+07
0,0,0,4.89917e+08,0,3.95493e+07,-927866,927866,1.36289e+07
0,0,0,4.89917e+08,0,3.95505e+07,-927866,927866,1.36289e+07
0,0,0,4.89917e+08,0,3.95517e+07,-927866,927866,1.36289e+07
0,0,0,4.89917e+08,0,3.95529e+07,-927866,927866,1.36289e+07
0,0,0,4.89917e+08,0,3.80138e+07,-927866,927866,1.36289e+07
0,0,0,4.89917e+08,0,3.80149e+07,-927866,927866,1.36289e+07
0,0,0,4.89917e+08,0,3.80161e+07,-927866,927866,1.36289e+07
0,0,0,4.89917e+08,0,3.80172e+07,-927866,927866,1.36289e+07
0,0,0,4.89917e+08,0,3.66615e+07,-927866,927866,1.36289e+07
0,0,0,4.89917e+08,0,3.66626e+07,-927866,927866,1.36289e+07
0,0,0,4.89917e+08,0,3.66637e+07,-927866,927866,1.36289e+07
0,0,0,4.89917e+08,0,3.66649e+07,-927866,927866,1.36289e+07
0,0,0,4.89917e+08,0,3.35236e+07,-927866,927866,1.36289e+07
0,0,0,4.89917e+08,0,3.35246e+07,-927866,927866,1.36289e+07
0,0,0,4.89917e+08,0,3.35256e+07,-927866,927866,1.36289e+07
0,0,0,4.89917e+08,0,3.35266e+07,-927866,927866,1.36289e+07
0,0,0,4.89917e+08,0,3.2084e+07,0,0,1.36289e+07
0,0,0,4.89917e+08,0,3.31077e+07,0,0,1.36289e+07
0,0,0,4.89917e+08,0,3.45521e+07,-927866,927866,1.36289e+07
0,0,0,4.89917e+08,0,3.31093e+07,0,0,1.36289e+07
0,0,0,4.89917e+08,0,3.31101e+07,0,0,1.36289e+07
0,0,0,4.89917e+08,0,3.67032e+07,0,0,1.36289e+07
0,0,0,4.89917e+08,0,3.6704e+07,0,0,1.36289e+07
0,0,0,4.89917e+08,0,3.81485e+07,-927866,927866,1.36289e+07
0,0,0,4.89917e+08,0,3.81494e+07,-927866,927866,1.36289e+07
0,0,0,4.89917e+08,0,3.32055e+07,-927866,927866,1.36289e+07
0,0,0,4.89917e+08,0,3.32062e+07,-927866,927866,1.36289e+07
0,0,0,4.89917e+08,0,3.3207e+07,-927866,927866,1.36289e+07
0,0,0,4.89917e+08,0,3.32077e+07,-927866,927866,1.36289e+07
0,0,0,4.89917e+08,0,2.94752e+07,-4.66119e+06,4.66119e+06,1.54128e+07
0,0,0,4.89917e+08,0,3.36584e+07,-1.70333e+06,1.70333e+06,1.36289e+07
0,0,0,4.89917e+08,0,3.05572e+07,-4.8053e+06,4.8053e+06,1.54128e+07
0,0,0,4.89917e+08,0,3.36599e+07,-1.70337e+06,1.70337e+06,1.36289e+07
0,0,0,4.89917e+08,0,3.44362e+07,-927866,927866,1.36289e+07
0,0,0,4.89917e+08,0,3.396e+07,-927866,927866,1.36289e+07
0,0,0,4.89917e+08,0,3.39607e+07,-927866,927866,1.36289e+07
0,0,0,4.89917e+08,0,3.31972e+07,-1.69223e+06,1.69223e+06,1.36289e+07
0,0,0,4.89917e+08,0,3.39623e+07,-927866,927866,1.36289e+07
0,0,0,4.89917e+08,0,3.56237e+07,-927866,927866,1.36289e+07
0,0,0,4.89917e+08,0,3.56245e+07,-927866,927866,1.36289e+07
0,0,0,4.89917e+08,0,3.56253e+07,-927866,927866,1.36289e+07
0,0,0,4.89917e+08,0,3.56262e+07,-927866,927866,1.36289e+07
0,0,0,4.89917e+08,0,3.5627e+07,-927866,927866,1.36289e+07
0,0,0,4.89917e+08,0,3.60189e+07,-927866,927866,1.36289e+07
0,0,0,4.89917e+08,0,3.60197e+07,-927866,927866,1.36289e+07
0,0,0,4.89917e+08,0,3.60205e+07,-927866,927866,1.36289e+07
0,0,0,4.89917e+08,0,3.60213e+07,-927866,927866,1.36289e+07
0,0,0,4.89917e+08,0,3.68503e+07,-927866,927866,1.36289e+07
0,0,0,4.89917e+08,0,3.68512e+07,-927866,927866,1.36289e+07
0,0,0,4.89917e+08,0,3.6852e+07,-927866,927866,1.36289e+07
0,0,0,4.89917e+08,0,3.68529e+07,-927866,927866,1.36289e+07
0,0,0,4.89917e+08,0,3.96004e+07,-927866,927866,1.36289e+07
0,0,0,4.89917e+08,0,3.96014e+07,-927866,927866,1.36289e+07
0,0,0,4.89917e+08,0,3.96023e+07,-927866,927866,1.36289e+07
0,0,0,4.89917e+08,0,3.81596e+07,0,0,1.36289e+07
0,0,0,4.89917e+08,0,3.81605e+07,0,0,1.36289e+07
0,0,0,4.89917e+08,0,3.66189e+07,0,0,1.36289e+07
0,0,0,4.89917e+08,0,3.66198e+07,0,0,1.36289e+07
0,0,0,4.89917e+08,0,3.66207e+07,0,0,1.36289e+07
0,0,0,4.89917e+08,0,3.66216e+07,0,0,1.36289e+07
0,0,0,4.89917e+08,0,3.52638e+07,0,0,1.36289e+07
0,0,0,4.89917e+08,0,3.52647e+07,0,0,1.36289e+07
0,0,0,4.89917e+08,0,3.52655e+07,0,0,1.36289e+07
0,0,0,4.89917e+08,0,3.52663e+07,0,0,1.36289e+07
0,0,0,4.89917e+08,0,3.21208e+07,0,0,1.36289e+07
0,0,0,4.89917e+08,0,3.21216e+07,0,0,1.36289e+07
0,0,0,4.89917e+08,0,3.21223e+07,0,0,1.36289e+07
0,0,0,4.89917e+08,0,3.21231e+07,0,0,1.36289e+07
0,0,0,4.89917e+08,0,3.21239e+07,0,0,1.36289e+07
0,0,0,4.89917e+08,0,3.45922e+07,-927866,927866,1.36289e+07
0,0,0,4.89917e+08,0,3.45927e+07,-927866,927866,1.36289e+07
0,0,0,4.89917e+08,0,3.45932e+07,-927866,927866,1.36289e+07
0,0,0,4.89917e+08,0,3.45938e+07,-927866,927866,1.36289e+07
0,0,0,4.89917e+08,0,3.81909e+07,-927866,927866,1.36289e+07
0,0,0,4.89917e+08,0,3.81915e+07,-927866,927866,1.36289e+07
0,0,0,4.89917e+08,0,3.81921e+07,-927866,927866,1.36289e+07
0,0,0,4.89917e+08,0,3.81927e+07,-927866,927866,1.36289e+07
0,0,0,4.89917e+08,0,3.32427e+07,-927866,927866,1.36289e+07
0,0,0,4.89917e+08,0,3.32432e+07,-927866,927866,1.36289e+07
0,0,0,4.89917e+08,0,3.18001e+07,0,0,1.36289e+07
0,0,0,4.89917e+08,0,3.32442e+07,-927866,927866,1.36289e+07
0,0,0,4.89917e+08,0,3.32448e+07,-927866,927866,1.36289e+07
0,0,0,4.89917e+08,0,3.44713e+07,-927866,927866,1.36289e+07
0,0,0,4.89917e+08,0,3.44718e+07,-927866,927866,1.36289e+07
0,0,0,4.89917e+08,0,3.05905e+07,-4.80973e+06,4.80973e+06,1.54128e+07
0,0,0,4.89917e+08,0,3.44729e+07,-927866,927866,1.36289e+07
0,0,0,4.89917e+08,0,3.39958e+07,-927866,927866,1.36289e+07
0,0,0,4.89917e+08,0,3.39964e+07,-927866,927866,1.36289e+07
0,0,0,4.89917e+08,0,3.39969e+07,-927866,927866,1.36289e+07
0,0,0,4.89917e+08,0,3.39974e+07,-927866,927866,1.36289e+07
0,0,0,4.89917e+08,0,3.42168e+07,0,0,1.36289e+07
0,0,0,4.89917e+08,0,3.42173e+07,0,0,1.36289e+07
0,0,0,4.89917e+08,0,3.42179e+07,0,0,1.36289e+07
0,0,0,4.89917e+08,0,3.42184e+07,0,0,1.36289e+07
0,0,0,4.89917e+08,0,3.4219e+07,0,0,1.36289e+07
0,0,0,4.89917e+08,0,3.4611e+07,0,0,1.36289e+07
0,0,0,4.89917e+08,0,3.46116e+07,0,0,1.36289e+07
0,0,0,4.89917e+08,0,3.46121e+07,0,0,1.36289e+07
0,0,0,4.89917e+08,0,3.46127e+07,0,0,1.36289e+07
0,0,0,4.89917e+08,0,3.54423e+07,0,0,1.36289e+07
0,0,0,4.89917e+08,0,3.54428e+07,0,0,1.36289e+07
0,0,0,4.89917e+08,0,3.54434e+07,0,0,1.36289e+07
0,0,0,4.89917e+08,0,3.5444e+07,0,0,1.36289e+07
0,0,0,4.89917e+08,0,3.8194e+07,0,0,1.36289e+07
0,0,0,4.89917e+08,0,3.81946e+07,0,0,1.36289e+07
0,0,0,4.89917e+08,0,3.81952e+07,0,0,1.36289e+07
0,0,0,4.89917e+08,0,3.81958e+07,0,0,1.36289e+07
0,0,0,4.89917e+08,0,3.81964e+07,0,0,1.36289e+07
0,0,0,4.89917e+08,0,3.66532e+07,0,0,1.36289e+07
0,0,0,4.89917e+08,0,3.66538e+07,0,0,1.36289e+07
0,0,0,4.89917e+08,0,3.66544e+07,0,0,1.36289e+07
0,0,0,4.89917e+08,0,3.66549e+07,0,0,1.36289e+07
0,0,0,4.89917e+08,0,3.52957e+07,0,0,1.36289e+07
0,0,0,4.89917e+08,0,3.52963e+07,0,0,1.36289e+07
0,0,0,4.89917e+08,0,3.52968e+07,0,0,1.36289e+07
0,0,0,4.89917e+08,0,3.52974e+07,0,0,1.36289e+07
0,0,0,4.89917e+08,0,3.21489e+07,0,0,1.36289e+07
0,0,0,4.89917e+08,0,3.21494e+07,0,0,1.36289e+07
0,0,0,4.89917e+08,0,3.21499e+07,0,0,1.36289e+07
0,0,0,4.89917e+08,0,3.21504e+07,0,0,1.36289e+07
0,0,0,4.89917e+08,0,3.21509e+07,0,0,1.36289e+07
0,0,0,4.89917e+08,0,3.21509e+07,0,0,1.36289e+07
0,0,0,4.89917e+08,0,3.31762e+07,0,0,1.36289e+07
0,0,0,4.89917e+08,0,3.31765e+07,0,0,1.36289e+07
0,0,0,4.89917e+08,0,3.31768e+07,0,0,1.36289e+07
0,0,0,4.89917e+08,0,3.31771e+07,0,0,1.36289e+07
0,0,0,4.89917e+08,0,3.67769e+07,0,0,1.36289e+07
0,0,0,4.89917e+08,0,3.67772e+07,0,0,1.36289e+07
0,0,0,4.89917e+08,0,3.67775e+07,0,0,1.36289e+07
0,0,0,4.89917e+08,0,3.67778e+07,0,0,1.36289e+07
0,0,0,4.89917e+08,0,3.18237e+07,0,0,1.36289e+07
0,0,0,4.89917e+08,0,3.1824e+07,0,0,1.36289e+07
0,0,0,4.89917e+08,0,3.18243e+07,0,0,1.36289e+07
0,0,0,4.89917e+08,0,3.18246e+07,0,0,1.36289e+07
0,0,0,4.89917e+08,0,3.18248e+07,0,0,1.36289e+07
0,0,0,4.89917e+08,0,3.3052e+07,0,0,1.36289e+07
0,0,0,4.89917e+08,0,3.30523e+07,0,0,1.36289e+07
0,0,0,4.89917e+08,0,3.30526e+07,0,0,1.36289e+07
0,0,0,4.89917e+08,0,3.30529e+07,0,0,1.36289e+07
0,0,0,4.89917e+08,0,3.25753e+07,0,0,1.36289e+07
0,0,0,4.89917e+08,0,3.25755e+07,0,0,1.36289e+07
0,0,0,4.89917e+08,0,3.25758e+07,0,0,1.36289e+07
0,0,0,4.89917e+08,0,3.25761e+07,0,0,1.36289e+07
0,0,0,4.89917e+08,0,3.42399e+07,0,0,1.36289e+07
0,0,0,4.89917e+08,0,3.42402e+07,0,0,1.36289e+07
0,0,0,4.89917e+08,0,3.42405e+07,0,0,1.36289e+07
0,0,0,4.89917e+08,0,3.42408e+07,0,0,1.36289e+07
0,0,0,4.89917e+08,0,3.42411e+07,0,0,1.36289e+07
0,0,0,4.89917e+08,0,3.46331e+07,0,0,1.36289e+07
0,0,0,4.89917e+08,0,3.46334e+07,0,0,1.36289e+07
0,0,0,4.89917e+08,0,3.46337e+07,0,0,1.36289e+07
0,0,0,4.89917e+08,0,3.4634e+07,0,0,1.36289e+07
0,0,0,4.89917e+08,0,3.54638e+07,0,0,1.36289e+07
0,0,0,4.89917e+08,0,3.54642e+07,0,0,1.36289e+07
0,0,0,4.89917e+08,0,3.54645e+07,0,0,1.36289e+07
0,0,0,4.89917e+08,0,3.54648e+07,0,0,1.36289e+07
0,0,0,4.89917e+08,0,3.82161e+07,0,0,1.36289e+07
0,0,0,4.89917e+08,0,3.82164e+07,0,0,1.36289e+07
0,0,0,4.89917e+08,0,3.82167e+07,0,0,1.36289e+07
0,0,0,4.89917e+08,0,3.82171e+07,0,0,1.36289e+07
0,0,0,4.89917e+08,0,3.82174e+07,0,0,1.36289e+07
0,0,0,4.89917e+08,0,3.6673e+07,0,0,1.36289e+07
0,0,0,4.89917e+08,0,3.66733e+07,0,0,1.36289e+07
0,0,0,4.89917e+08,0,3.66736e+07,0,0,1.36289e+07
0,0,0,4.89917e+08,0,3.66739e+07,0,0,1.36289e+07
0,0,0,4.89917e+08,0,3.53137e+07,0,0,1.36289e+07
0,0,0,4.89917e+08,0,3.5314e+07,0,0,1.36289e+07
0,0,0,4.89917e+08,0,3.53143e+07,0,0,1.36289e+07
0,0,0,4.89917e+08,0,3.53146e+07,0,0,1.36289e+07
0,0,0,4.89917e+08,0,3.21643e+07,0,0,1.36289e+07
0,0,0,4.89917e+08,0,3.21646e+07,0,0,1.36289e+07
0,0,0,4.89917e+08,0,3.21649e+07,0,0,1.36289e+07
0,0,0,4.89917e+08,0,3.21651e+07,0,0,1.36289e+07
0,0,0,4.89917e+08,0,3.21654e+07,0,0,1.36289e+07
0,0,0,4.89917e+08,0,3.31909e+07,0,0,1.36289e+07
0,0,0,4.89917e+08,0,3.3191e+07,0,0,1.36289e+07
0,0,0,4.89917e+08,0,3.3191e+07,0,0,1.36289e+07
0,0,0,4.89917e+08,0,3.31911e+07,0,0,1.36289e+07
0,0,0,4.89917e+08,0,3.67921e+07,0,0,1.36289e+07
0,0,0,4.89917e+08,0,3.67921e+07,0,0,1.36289e+07
0,0,0,4.89917e+08,0,3.67921e+07,0,0,1.36289e+07
0,0,0,4.89917e+08,0,3.67922e+07,0,0,1.36289e+07
0,0,0,4.89917e+08,0,3.18359e+07,0,0,1.36289e+07
0,0,0,4.89917e+08,0,3.1836e+07,0,0,1.36289e+07
0,0,0,4.89917e+08,0,3.1836e+07,0,0,1.36289e+07
0,0,0,4.89917e+08,0,3.1836e+07,0,0,1.36289e+07
0,0,0,4.89917e+08,0,3.18361e+07,0,0,1.36289e+07
0,0,0,4.89917e+08,0,3.30634e+07,0,0,1.36289e+07
0,0,0,4.89917e+08,0,3.30635e+07,0,0,1.36289e+07
0,0,0,4.89917e+08,0,3.30635e+07,0,0,1.36289e+07
0,0,0,4.89917e+08,0,3.30635e+07,0,0,1.36289e+07
0,0,0,4.89917e+08,0,3.25855e+07,0,0,1.36289e+07
0,0,0,4.89917e+08,0,3.25856e+07,0,0,1.36289e+07
0,0,0,4.89917e+08,0,3.25856e+07,0,0,1.36289e+07
0,0,0,4.89917e+08,0,3.25856e+07,0,0,1.36289e+07
0,0,0,4.89917e+08,0,3.42497e+07,0,0,1.36289e+07
0,0,0,4.89917e+08,0,3.42497e+07,0,0,1.36289e+07
0,0,0,4.89917e+08,0,3.42498e+07,0,0,1.36289e+07
0,0,0,4.89917e+08,0,3.42498e+07,0,0,1.36289e+07
0,0,0,4.89917e+08,0,3.42499e+07,0,0,1.36289e+07
0,0,0,4.89917e+08,0,3.46417e+07,0,0,1.36289e+07
0,0,0,4.89917e+08,0,3.46418e+07,0,0,1.36289e+07
0,0,0,4.89917e+08,0,3.46418e+07,0,0,1.36289e+07
0,0,0,4.89917e+08,0,3.46418e+07,0,0,1.36289e+07
0,0,0,4.89917e+08,0,3.54716e+07,0,0,1.36289e+07
0,0,0,4.89917e+08,0,3.54716e+07,0,0,1.36289e+07
0,0,0,4.89917e+08,0,3.54717e+07,0,0,1.36289e+07
0,0,0,4.89917e+08,0,3.54717e+07,0,0,1.36289e+07
0,0,0,4.89917e+08,0,3.82232e+07,0,0,1.36289e+07
0,0,0,4.89917e+08,0,3.82233e+07,0,0,1.36289e+07
0,0,0,4.89917e+08,0,3.82233e+07,0,0,1.36289e+07
0,0,0,4.89917e+08,0,3.82234e+07,0,0,1.36289e+07
0,0,0,4.89917e+08,0,3.82234e+07,0,0,1.36289e+07
0,0,0,4.89917e+08,0,3.66785e+07,0,0,1.36289e+07
0,0,0,4.89917e+08,0,3.66786e+07,0,0,1.36289e+07
0,0,0,4.89917e+08,0,3.66786e+07,0,0,1.36289e+07
0,0,0,4.89917e+08,0,3.66786e+07,0,0,1.36289e+07
0,0,0,4.89917e+08,0,3.5318e+07,0,0,1.36289e+07
0,0,0,4.89917e+08,0,3.5318e+07,0,0,1.36289e+07
0,0,0,4.89917e+08,0,3.53181e+07,0,0,1.36289e+07
0,0,0,4.89917e+08,0,3.53181e+07,0,0,1.36289e+07
0,0,0,4.89917e+08,0,3.21672e+07,0,0,1.36289e+07
0,0,0,4.89917e+08,0,3.21673e+07,0,0,1.36289e+07
0,0,0,4.89917e+08,0,3.21673e+07,0,0,1.36289e+07
0,0,0,4.89917e+08,0,3.21673e+07,0,0,1.36289e+07
0,0,0,4.89917e+08,0,3.21674e+07,0,0,1.36289e+07
0,0,0,4.89917e+08,0,3.31927e+07,0,0,1.36289e+07
0,0,0,4.89917e+08,0,3.31925e+07,0,0,1.36289e+07
0,0,0,4.89917e+08,0,3.31923e+07,0,0,1.36289e+07
0,0,0,4.89917e+08,0,3.31921e+07,0,0,1.36289e+07
0,0,0,4.89917e+08,0,3.67929e+07,0,0,1.36289e+07
0,0,0,4.89917e+08,0,3.67927e+07,0,0,1.36289e+07
0,0,0,4.89917e+08,0,3.67924e+07,0,0,1.36289e+07
0,0,0,4.89917e+08,0,3.67922e+07,0,0,1.36289e+07
0,0,0,4.89917e+08,0,3.18357e+07,0,0,1.36289e+07
0,0,0,4.89917e+08,0,3.18355e+07,0,0,1.36289e+07
0,0,0,4.89917e+08,0,3.18353e+07,0,0,1.36289e+07
0,0,0,4.89917e+08,0,3.18351e+07,0,0,1.36289e+07
0,0,0,4.89917e+08,0,3.18349e+07,0,0,1.36289e+07
0,0,0,4.89917e+08,0,3.3062e+07,0,0,1.36289e+07
0,0,0,4.89917e+08,0,3.30618e+07,0,0,1.36289e+07
0,0,0,4.89917e+08,0,3.30615e+07,0,0,1.36289e+07
0,0,0,4.89917e+08,0,3.30613e+07,0,0,1.36289e+07
0,0,0,4.89917e+08,0,3.25831e+07,0,0,1.36289e+07
0,0,0,4.89917e+08,0,3.25829e+07,0,0,1.36289e+07
0,0,0,4.89917e+08,0,3.25827e+07,0,0,1.36289e+07
0,0,0,4.89917e+08,0,3.25825e+07,0,0,1.36289e+07
0,0,0,4.89917e+08,0,3.42461e+07,0,0,1.36289e+07
0,0,0,4.89917e+08,0,3.42459e+07,0,0,1.36289e+07
0,0,0,4.89917e+08,0,3.42457e+07,0,0,1.36289e+07
0,0,0,4.89917e+08,0,3.42455e+07,0,0,1.36289e+07
0,0,0,4.89917e+08,0,3.42453e+07,0,0,1.36289e+07
0,0,0,4.89917e+08,0,3.46368e+07,0,0,1.36289e+07
0,0,0,4.89917e+08,0,3.46366e+07,0,0,1.36289e+07
0,0,0,4.89917e+08,0,3.46364e+07,0,0,1.36289e+07
0,0,0,4.89917e+08,0,3.46362e+07,0,0,1.36289e+07
0,0,0,4.89917e+08,0,3.54655e+07,0,0,1.36289e+07
0,0,0,4.89917e+08,0,3.54653e+07,0,0,1.36289e+07
0,0,0,4.89917e+08,0,3.5465e+07,0,0,1.36289e+07
0,0,0,4.89917e+08,0,3.54648e+07,0,0,1.36289e+07
0,0,0,4.89917e+08,0,3.82155e+07,0,0,1.36289e+07
0,0,0,4.89917e+08,0,3.82153e+07,0,0,1.36289e+07
0,0,0,4.89917e+08,0,3.82151e+07,0,0,1.36289e+07
0,0,0,4.89917e+08,0,3.82148e+07,0,0,1.36289e+07
0,0,0,4.89917e+08,0,3.82146e+07,0,0,1.36289e+07
0,0,0,4.89917e+08,0,3.66698e+07,0,0,1.36289e+07
0,0,0,4.89917e+08,0,3.66695e+07,0,0,1.36289e+07
0,0,0,4.89917e+08,0,3.66693e+07,0,0,1.36289e+07
0,0,0,4.89917e+08,0,3.66691e+07,0,0,1.36289e+07
0,0,0,4.89917e+08,0,3.53085e+07,0,0,1.36289e+07
0,0,0,4.89917e+08,0,3.53083e+07,0,0,1.36289e+07
0,0,0,4.89917e+08,0,3.5308e+07,0,0,1.36289e+07
0,0,0,4.89917e+08,0,3.53078e+07,0,0,1.36289e+07
0,0,0,4.89917e+08,0,3.21576e+07,0,0,1.36289e+07
0,0,0,4.89917e+08,0,3.21574e+07,0,0,1.36289e+07
0,0,0,4.89917e+08,0,3.21572e+07,0,0,1.36289e+07
0,0,0,4.89917e+08,0,3.2157e+07,0,0,1.36289e+07
0,0,0,4.89917e+08,0,3.21568e+07,0,0,1.36289e+07
0,0,0,4.89917e+08,0,3.31815e+07,0,0,1.36289e+07
0,0,0,4.89917e+08,0,3.31811e+07,0,0,1.36289e+07
0,0,0,4.89917e+08,0,3.31806e+07,0,0,1.36289e+07
0,0,0,4.89917e+08,0,3.31802e+07,0,0,1.36289e+07
0,0,0,4.89917e+08,0,3.67794e+07,0,0,1.36289e+07
0,0,0,4.89917e+08,0,3.67789e+07,0,0,1.36289e+07
0,0,0,4.89917e+08,0,3.67784e+07,0,0,1.36289e+07
0,0,0,4.89917e+08,0,3.67779e+07,0,0,1.36289e+07
0,0,0,4.89917e+08,0,3.18231e+07,0,0,1.36289e+07
0,0,0,4.89917e+08,0,3.18227e+07,0,0,1.36289e+07
0,0,0,4.89917e+08,0,3.18222e+07,0,0,1.36289e+07
0,0,0,4.89917e+08,0,3.18218e+07,0,0,1.36289e+07
0,0,0,4.89917e+08,0,3.18214e+07,0,0,1.36289e+07
0,0,0,4.89917e+08,0,3.30477e+07,0,0,1.36289e+07
0,0,0,4.89917e+08,0,3.30472e+07,0,0,1.36289e+07
0,0,0,4.89917e+08,0,3.30468e+07,0,0,1.36289e+07
0,0,0,4.89917e+08,0,3.30463e+07,0,0,1.36289e+07
0,0,0,4.89917e+08,0,3.2568e+07,0,0,1.36289e+07
0,0,0,4.89917e+08,0,3.25676e+07,0,0,1.36289e+07
0,0,0,4.89917e+08,0,3.25671e+07,0,0,1.36289e+07
0,0,0,4.89917e+08,0,3.25667e+07,0,0,1.36289e+07
0,0,0,4.89917e+08,0,3.42293e+07,0,0,1.36289e+07
0,0,0,4.89917e+08,0,3.42288e+07,0,0,1.36289e+07
0,0,0,4.89917e+08,0,3.42283e+07,0,0,1.36289e+07
0,0,0,4.89917e+08,0,3.42279e+07,0,0,1.36289e+07
0,0,0,4.89917e+08,0,3.42274e+07,0,0,1.36289e+07
0,0,0,4.89917e+08,0,3.46185e+07,0,0,1.36289e+07
0,0,0,4.89917e+08,0,3.4618e+07,0,0,1.36289e+07
0,0,0,4.89917e+08,0,3.46175e+07,0,0,1.36289e+07
0,0,0,4.89917e+08,0,3.46171e+07,0,0,1.36289e+07
0,0,0,4.89917e+08,0,3.54457e+07,0,0,1.36289e+07
0,0,0,4.89917e+08,0,3.54452e+07,0,0,1.36289e+07
0,0,0,4.89917e+08,0,3.54447e+07,0,0,1.36289e+07
0,0,0,4.89917e+08,0,3.54442e+07,0,0,1.36289e+07
0,0,0,4.89917e+08,0,3.81931e+07,0,0,1.36289e+07
0,0,0,4.89917e+08,0,3.81925e+07,0,0,1.36289e+07
0,0,0,4.89917e+08,0,3.8192e+07,0,0,1.36289e+07
0,0,0,4.89917e+08,0,3.81915e+07,0,0,1.36289e+07
0,0,0,4.89917e+08,0,3.8191e+07,0,0,1.36289e+07
0,0,0,4.89917e+08,0,3.66468e+07,0,0,1.36289e+07
0,0,0,4.89917e+08,0,3.66463e+07,0,0,1.36289e+07
0,0,0,4.89917e+08,0,3.66458e+07,0,0,1.36289e+07
0,0,0,4.89917e+08,0,3.66453e+07,0,0,1.36289e+07
0,0,0,4.89917e+08,0,3.52853e+07,0,0,1.36289e+07
0,0,0,4.89917e+08,0,3.52848e+07,0,0,1.36289e+07
0,0,0,4.89917e+08,0,3.52844e+07,0,0,1.36289e+07
