0rest_m,1rest_m,0transf,1transf
1.000000,1.000000,0,-0
1.000000,1.000000,0,-0
1.000000,1.000000,0,-0
1.000000,1.000000,0,-0
1.000000,1.000000,0,-0
1.000000,1.000000,0,-0
1.000000,1.000000,0,-0
1.000000,1.000000,0,-0
1.000000,1.000000,0,-0
1.000000,1.000000,0,-0
1.000000,1.000000,0,-0
1.000000,1.000000,0,-0
1.000000,1.000000,0,-0
1.000000,1.000000,0,-0
1.000000,1.000000,0,-0
1.000000,1.000000,0,-0
1.000000,1.000000,0,-0
1.000000,1.000000,0,-0
1.000000,1.000000,0,-0
1.000000,1.000000,0,-0
1.000000,1.000000,0,-0
1.000000,1.000000,0,-0
1.000000,1.000000,0,-0
1.000000,1.000000,0,-0
1.000000,1.000000,0,-0
1.000000,1.000000,0,-0
1.000000,1.000000,0,-0
1.000000,1.000000,0,-0
1.000000,1.000000,0,-0
1.000000,1.000000,0,-0
1.000000,1.000000,0,-0
1.000000,1.000000,0,-0
1.000000,1.000000,0,-0
1.000000,1.000000,0,-0
1.000000,1.000000,0,-0
1.000000,1.000000,0,-0
1.000000,1.000000,0,-0
1.000000,1.000000,0,-0
1.000000,1.000000,0,-0
1.000000,1.000000,0,-0
1.000000,1.000000,0,-0
1.000000,1.000000,0,-0
1.000000,1.000000,0,-0
1.000000,1.000000,0,-0
1.000000,1.000000,0,-0
1.000000,1.000000,0,-0
1.000000,1.000000,0,-0
1.000000,1.000000,0,-0
1.000000,1.000000,0,-0
1.000000,1.000000,0,-0
1.000000,1.000000,0,-0
1.000000,1.000000,0,-0
1.000000,1.000000,0,-0
1.000000,1.000000,0,-0
1.000000,1.000000,0,-0
1.000000,1.000000,0,-0
1.000000,1.000000,0,-0
1.000000,1.000000,0,-0
1.000000,1.000000,0,-0
1.000000,1.000000,0,-0
1.000000,1.000000,0,-0
1.000000,1.000000,0,-0
1.000000,1.000000,0,-0
1.000000,1.000000,0,-0
1.000000,1.000000,0,-0
1.000000,1.000000,0,-0
1.000000,1.000000,0,-0
1.000000,1.000000,0,-0
1.000000,1.000000,0,-0
1.000000,1.000000,0,-0
1.000000,1.000000,0,-0
1.000000,1.000000,0,-0
1.000000,1.000000,0,-0
1.000000,1.000000,0,-0
1.000000,1.000000,0,-0
1.000000,1.000000,0,-0
1.000000,1.000000,0,-0
1.000000,1.000000,0,-0
1.000000,1.000000,0,-0
1.000000,1.000000,0,-0
1.000000,1.000000,0,-0
1.000000,1.000000,0,-0
1.000000,1.000000,0,-0
1.000000,1.000000,0,-0
1.000000,1.000000,0,-0
1.000000,1.000000,0,-0
1.000000,1.000000,0,-0
1.000000,1.000000,0,-0
1.000000,1.000000,0,-0
1.000000,1.000000,0,-0
1.000000,1.000000,0,-0
1.000000,1.000000,0,-0
1.000000,1.000000,0.0394653,-0.0394653
1.000000,1.000000,0.038835,-0.038835
1.000000,1.000000,0.0382045,-0.0382045
1.000000,1.000000,0.0375739,-0.0375739
1.000000,1.000000,0.114117,-0.114117
1.000000,1.000000,0.113515,-0.113515
1.000000,1.000000,0.112913,-0.112913
1.000000,1.000000,0.112311,-0.112311
1.000000,1.000000,0.272682,-0.272682
1.000000,1.000000,0.27214,-0.27214
1.000000,1.000000,0.271598,-0.271598
1.000000,1.000000,0.271056,-0.271056
1.000000,1.000000,0.270513,-0.270513
1.000000,1.000000,0.223283,-0.223283
1.000000,1.000000,0.222741,-0.222741
1.000000,1.000000,0.222199,-0.222199
1.000000,1.000000,0.221657,-0.221657
1.000000,1.000000,0,-0
1.000000,1.000000,0,-0
1.000000,1.000000,0,-0
1.000000,1.000000,0,-0
1.000000,1.000000,0,-0
1.000000,1.000000,0,-0
1.000000,1.000000,0,-0
1.000000,1.000000,0,-0
1.000000,1.000000,0,-0
1.000000,1.000000,0,-0
1.000000,1.000000,0,-0
1.000000,1.000000,0,-0
1.000000,1.000000,0,-0
1.000000,1.000000,0,-0
1.000000,1.000000,0,-0
1.000000,1.000000,0,-0
1.000000,1.000000,0,-0
1.000000,1.000000,0,-0
1.000000,1.000000,0,-0
1.000000,1.000000,0,-0
1.000000,1.000000,0,-0
1.000000,1.000000,0,-0
1.000000,1.000000,0,-0
1.000000,1.000000,0,-0
1.000000,1.000000,0,-0
1.000000,1.000000,0,-0
1.000000,1.000000,0,-0
1.000000,1.000000,0,-0
1.000000,1.000000,0,-0
1.000000,1.000000,0,-0
1.000000,1.000000,0,-0
1.000000,1.000000,0,-0
1.000000,1.000000,0,-0
1.000000,1.000000,0,-0
1.000000,1.000000,0,-0
1.000000,1.000000,0,-0
1.000000,1.000000,0,-0
1.000000,1.000000,0,-0
1.000000,1.000000,0,-0
1.000000,1.000000,0,-0
1.000000,1.000000,0,-0
1.000000,1.000000,0,-0
1.000000,1.000000,0,-0
1.000000,1.000000,0,-0
1.000000,1.000000,0,-0
1.000000,1.000000,0,-0
1.000000,1.000000,0,-0
1.000000,1.000000,0,-0
1.000000,1.000000,0,-0
1.000000,1.000000,0,-0
1.000000,1.000000,0,-0
1.000000,1.000000,0,-0
1.000000,1.000000,0,-0
1.000000,1.000000,0,-0
1.000000,1.000000,0,-0
1.000000,1.000000,0,-0
1.000000,1.000000,0,-0
1.000000,1.000000,0,-0
1.000000,1.000000,0,-0
1.000000,1.000000,0,-0
1.000000,1.000000,0,-0
1.000000,1.000000,0,-0
1.000000,1.000000,0,-0
1.000000,1.000000,0,-0
1.000000,1.000000,0,-0
1.000000,1.000000,0,-0
1.000000,1.000000,0,-0
1.000000,1.000000,0,-0
1.000000,1.000000,0,-0
1.000000,1.000000,0,-0
1.000000,1.000000,0,-0
1.000000,1.000000,0,-0
1.000000,1.000000,0,-0
1.000000,1.000000,0,-0
1.000000,1.000000,0,-0
1.000000,1.000000,0,-0
1.000000,1.000000,0,-0
1.000000,1.000000,0,-0
1.000000,1.000000,0,-0
1.000000,1.000000,0,-0
1.000000,1.000000,0,-0
1.000000,1.000000,0,-0
1.000000,1.000000,0,-0
1.000000,1.000000,0,-0
1.000000,1.000000,0,-0
1.000000,1.000000,0,-0
1.000000,1.000000,0,-0
1.000000,1.000000,0,-0
1.000000,1.000000,0,-0
1.000000,1.000000,0,-0
1.000000,1.000000,0,-0
1.000000,1.000000,0.0535812,-0.0535812
1.000000,1.000000,0.0530053,-0.0530053
1.000000,1.000000,0.0524294,-0.0524294
1.000000,1.000000,0.0518533,-0.0518533
1.000000,1.000000,0.21832,-0.21832
1.000000,1.000000,0.217802,-0.217802
1.000000,1.000000,0.217283,-0.217283
1.000000,1.000000,0.216764,-0.216764
1.000000,1.000000,0,-0
1.000000,1.000000,0,-0
1.000000,1.000000,0,-0
1.000000,1.000000,0,-0
1.000000,1.000000,0,-0
1.000000,1.000000,0,-0
1.000000,1.000000,0,-0
1.000000,1.000000,0,-0
1.000000,1.000000,0,-0
1.000000,1.000000,0,-0
1.000000,1.000000,0,-0
1.000000,1.000000,0,-0
1.000000,1.000000,0,-0
1.000000,1.000000,0,-0
1.000000,1.000000,0,-0
1.000000,1.000000,0,-0
1.000000,1.000000,0,-0
1.000000,1.000000,0,-0
1.000000,1.000000,0,-0
1.000000,1.000000,0,-0
1.000000,1.000000,0,-0
1.000000,1.000000,0,-0
1.000000,1.000000,0,-0
1.000000,1.000000,0,-0
1.000000,1.000000,0,-0
1.000000,1.000000,0,-0
1.000000,1.000000,0,-0
1.000000,1.000000,0,-0
1.000000,1.000000,0,-0
1.000000,1.000000,0,-0
1.000000,1.000000,0,-0
1.000000,1.000000,0,-0
1.000000,1.000000,0,-0
1.000000,1.000000,0,-0
1.000000,1.000000,0,-0
1.000000,1.000000,0,-0
1.000000,1.000000,0,-0
1.000000,1.000000,0,-0
1.000000,1.000000,0,-0
1.000000,1.000000,0,-0
1.000000,1.000000,0,-0
1.000000,1.000000,0,-0
1.000000,1.000000,0,-0
1.000000,1.000000,0,-0
1.000000,1.000000,0.0243798,-0.0243798
1.000000,1.000000,0.0238181,-0.0238181
1.000000,1.000000,0.0232564,-0.0232564
1.000000,1.000000,0.0226945,-0.0226945
1.000000,1.000000,0.192103,-0.192103
1.000000,1.000000,0.191597,-0.191597
1.000000,1.000000,0.191091,-0.191091
1.000000,1.000000,0.190585,-0.190585
1.000000,1.000000,0.190079,-0.190079
1.000000,1.000000,0,-0
1.000000,1.000000,0,-0
1.000000,1.000000,0,-0
1.000000,1.000000,0,-0
1.000000,1.000000,0,-0
1.000000,1.000000,0,-0
1.000000,1.000000,0,-0
1.000000,1.000000,0,-0
1.000000,1.000000,0,-0
1.000000,1.000000,0,-0
1.000000,1.000000,0,-0
1.000000,1.000000,0,-0
1.000000,1.000000,0,-0
1.000000,1.000000,0,-0
1.000000,1.000000,0,-0
1.000000,1.000000,0,-0
1.000000,1.000000,0,-0
1.000000,1.000000,0,-0
1.000000,1.000000,0,-0
1.000000,1.000000,0,-0
1.000000,1.000000,0,-0
1.000000,1.000000,0,-0
1.000000,1.000000,0,-0
1.000000,1.000000,0,-0
1.000000,1.000000,0,-0
1.000000,1.000000,0,-0
1.000000,1.000000,0,-0
1.000000,1.000000,0,-0
1.000000,1.000000,0,-0
1.000000,1.000000,0,-0
1.000000,1.000000,0,-0
1.000000,1.000000,0,-0
1.000000,1.000000,0,-0
1.000000,1.000000,0,-0
1.000000,1.000000,0,-0
1.000000,1.000000,0,-0
1.000000,1.000000,0,-0
1.000000,1.000000,0,-0
1.000000,1.000000,0,-0
1.000000,1.000000,0,-0
1.000000,1.000000,0,-0
1.000000,1.000000,0,-0
1.000000,1.000000,0,-0
1.000000,1.000000,0,-0
1.000000,1.000000,0,-0
1.000000,1.000000,0,-0
1.000000,1.000000,0,-0
1.000000,1.000000,0.166559,-0.166559
1.000000,1.000000,0.166067,-0.166067
1.000000,1.000000,0.165574,-0.165574
1.000000,1.000000,0.165081,-0.165081
1.000000,1.000000,0.164588,-0.164588
1.000000,1.000000,0.3024,-0.3024
1.000000,1.000000,0.3024,-0.3024
1.000000,1.000000,0,-0
1.000000,1.000000,0.3024,-0.3024
1.000000,1.000000,0,-0
1.000000,1.000000,0,-0
1.000000,1.000000,0,-0
1.000000,1.000000,0,-0
1.000000,1.000000,0,-0
1.000000,1.000000,0,-0
1.000000,1.000000,0,-0
1.000000,1.000000,0,-0
1.000000,1.000000,0,-0
1.000000,1.000000,0,-0
1.000000,1.000000,0,-0
1.000000,1.000000,0,-0
1.000000,1.000000,0,-0
1.000000,1.000000,0,-0
1.000000,1.000000,0,-0
1.000000,1.000000,0,-0
1.000000,1.000000,0,-0
1.000000,1.000000,0,-0
1.000000,1.000000,0,-0
1.000000,1.000000,0,-0
1.000000,1.000000,0,-0
1.000000,1.000000,0,-0
1.000000,1.000000,0,-0
1.000000,1.000000,0,-0
1.000000,1.000000,0,-0
1.000000,1.000000,0,-0
1.000000,1.000000,0,-0
1.000000,1.000000,0,-0
1.000000,1.000000,0,-0
1.000000,1.000000,0,-0
0.982911,0.982911,-0.42336,0.42336
0.982911,0.982911,-0.42336,0.42336
0.982911,0.982911,0,-0
0.982911,0.982911,0,-0
0.982911,0.982911,0,-0
1.000000,1.000000,0.3024,-0.3024
1.000000,1.000000,0.3024,-0.3024
1.000000,1.000000,0.3024,-0.3024
1.000000,1.000000,0.3024,-0.3024
1.000000,1.000000,0.3024,-0.3024
1.000000,1.000000,0.3024,-0.3024
1.000000,1.000000,0.3024,-0.3024
1.000000,1.000000,0.3024,-0.3024
1.000000,1.000000,0.3024,-0.3024
1.000000,1.000000,0.3024,-0.3024
1.000000,1.000000,0.3024,-0.3024
1.000000,1.000000,0.3024,-0.3024
1.000000,1.000000,0,-0
1.000000,1.000000,0,-0
1.000000,1.000000,0,-0
1.000000,1.000000,0,-0
1.000000,1.000000,0,-0
1.000000,1.000000,0,-0
1.000000,1.000000,0,-0
1.000000,1.000000,0,-0
1.000000,1.000000,0,-0
1.000000,1.000000,0,-0
1.000000,1.000000,0,-0
1.000000,1.000000,0,-0
1.000000,1.000000,0,-0
1.000000,1.000000,0,-0
1.000000,1.000000,0,-0
1.000000,1.000000,0,-0
1.000000,1.000000,0,-0
1.000000,1.000000,0,-0
1.000000,1.000000,0,-0
1.000000,1.000000,0,-0
1.000000,1.000000,0,-0
1.000000,1.000000,0,-0
1.000000,1.000000,0,-0
1.000000,1.000000,0,-0
1.000000,1.000000,0,-0
1.000000,1.000000,0,-0
1.000000,1.000000,0,-0
1.000000,1.000000,0,-0
1.000000,1.000000,0,-0
1.000000,1.000000,0,-0
1.000000,1.000000,0,-0
1.000000,1.000000,0,-0
1.000000,1.000000,0,-0
1.000000,1.000000,0,-0
1.000000,1.000000,0,-0
1.000000,1.000000,0,-0
1.000000,1.000000,0,-0
1.000000,1.000000,0,-0
1.000000,1.000000,0,-0
1.000000,1.000000,0.3024,-0.3024
1.000000,1.000000,0.3024,-0.3024
1.000000,1.000000,0.3024,-0.3024
1.000000,1.000000,0.3024,-0.3024
1.000000,1.000000,0.3024,-0.3024
1.000000,1.000000,0.3024,-0.3024
1.000000,1.000000,0.3024,-0.3024
1.000000,1.000000,0.3024,-0.3024
1.000000,1.000000,0.3024,-0.3024
1.000000,1.000000,0.3024,-0.3024
1.000000,1.000000,0.3024,-0.3024
1.000000,1.000000,0.3024,-0.3024
1.000000,1.000000,0.3024,-0.3024
1.000000,1.000000,0.3024,-0.3024
1.000000,1.000000,0,-0
1.000000,1.000000,0,-0
1.000000,1.000000,0,-0
1.000000,1.000000,0,-0
1.000000,1.000000,0,-0
1.000000,1.000000,0.3024,-0.3024
1.000000,1.000000,0.3024,-0.3024
1.000000,1.000000,0.3024,-0.3024
1.000000,1.000000,0.3024,-0.3024
1.000000,1.000000,0,-0
1.000000,1.000000,0,-0
1.000000,1.000000,0,-0
1.000000,1.000000,0,-0
1.000000,1.000000,0,-0
1.000000,1.000000,0,-0
1.000000,1.000000,0,-0
1.000000,1.000000,0,-0
1.000000,1.000000,0,-0
1.000000,1.000000,0,-0
1.000000,1.000000,0,-0
1.000000,1.000000,0,-0
1.000000,1.000000,0,-0
1.000000,1.000000,0,-0
1.000000,1.000000,0,-0
1.000000,1.000000,0,-0
1.000000,1.000000,0,-0
1.000000,1.000000,0,-0
1.000000,1.000000,0,-0
1.000000,1.000000,0,-0
1.000000,1.000000,0,-0
1.000000,1.000000,0,-0
1.000000,1.000000,0,-0
1.000000,1.000000,0.3024,-0.3024
1.000000,1.000000,0.3024,-0.3024
1.000000,1.000000,0.3024,-0.3024
1.000000,1.000000,0.3024,-0.3024
1.000000,1.000000,0.3024,-0.3024
1.000000,1.000000,0.3024,-0.3024
1.000000,1.000000,0.3024,-0.3024
1.000000,1.000000,0.3024,-0.3024
1.000000,1.000000,0.3024,-0.3024
1.000000,1.000000,0.3024,-0.3024
1.000000,1.000000,0.3024,-0.3024
1.000000,1.000000,0.3024,-0.3024
1.000000,1.000000,0.3024,-0.3024
1.000000,1.000000,0.3024,-0.3024
1.000000,1.000000,0.3024,-0.3024
1.000000,1.000000,0.3024,-0.3024
1.000000,1.000000,0.3024,-0.3024
1.000000,1.000000,0.3024,-0.3024
1.000000,1.000000,0.3024,-0.3024
1.000000,1.000000,0.3024,-0.3024
1.000000,1.000000,0.3024,-0.3024
1.000000,1.000000,0.3024,-0.3024
1.000000,1.000000,0.3024,-0.3024
1.000000,1.000000,0.3024,-0.3024
1.000000,1.000000,0.3024,-0.3024
1.000000,1.000000,0.3024,-0.3024
1.000000,1.000000,0.3024,-0.3024
1.000000,1.000000,0.3024,-0.3024
1.000000,1.000000,0.3024,-0.3024
1.000000,1.000000,0,-0
1.000000,1.000000,0,-0
1.000000,1.000000,0,-0
1.000000,1.000000,0,-0
1.000000,1.000000,0,-0
1.000000,1.000000,0,-0
1.000000,1.000000,0,-0
1.000000,1.000000,0,-0
1.000000,1.000000,0,-0
1.000000,1.000000,0,-0
1.000000,1.000000,0,-0
1.000000,1.000000,0,-0
1.000000,1.000000,0,-0
1.000000,1.000000,0,-0
1.000000,1.000000,0,-0
1.000000,1.000000,0,-0
1.000000,1.000000,0,-0
1.000000,1.000000,0,-0
1.000000,1.000000,0,-0
1.000000,1.000000,0,-0
1.000000,1.000000,0,-0
1.000000,1.000000,0,-0
1.000000,1.000000,0,-0
1.000000,1.000000,0,-0
1.000000,1.000000,0,-0
1.000000,1.000000,0,-0
1.000000,1.000000,0,-0
1.000000,1.000000,0,-0
1.000000,1.000000,0.3024,-0.3024
1.000000,1.000000,0.3024,-0.3024
1.000000,1.000000,0.3024,-0.3024
1.000000,1.000000,0.3024,-0.3024
1.000000,1.000000,0.3024,-0.3024
1.000000,1.000000,0.3024,-0.3024
1.000000,1.000000,0.3024,-0.3024
1.000000,1.000000,0.3024,-0.3024
1.000000,1.000000,0.3024,-0.3024
1.000000,1.000000,0.3024,-0.3024
1.000000,1.000000,0.3024,-0.3024
1.000000,1.000000,0.3024,-0.3024
1.000000,1.000000,0.3024,-0.3024
1.000000,1.000000,0.3024,-0.3024
1.000000,1.000000,0.3024,-0.3024
1.000000,1.000000,0.3024,-0.3024
1.000000,1.000000,0.3024,-0.3024
1.000000,1.000000,0,-0
1.000000,1.000000,0,-0
1.000000,1.000000,0,-0
1.000000,1.000000,0,-0
1.000000,1.000000,0,-0
1.000000,1.000000,0,-0
1.000000,1.000000,0,-0
1.000000,1.000000,0,-0
1.000000,1.000000,0,-0
1.000000,1.000000,0,-0
1.000000,1.000000,0,-0
1.000000,1.000000,0,-0
1.000000,1.000000,0,-0
1.000000,1.000000,0,-0
1.000000,1.000000,0,-0
1.000000,1.000000,0,-0
1.000000,1.000000,0,-0
1.000000,1.000000,0,-0
1.000000,1.000000,0,-0
1.000000,1.000000,0,-0
1.000000,1.000000,0,-0
1.000000,1.000000,0,-0
1.000000,1.000000,0,-0
1.000000,1.000000,0,-0
1.000000,1.000000,0,-0
1.000000,1.000000,0,-0
1.000000,1.000000,0,-0
1.000000,1.000000,0,-0
1.000000,1.000000,0,-0
1.000000,1.000000,0,-0
1.000000,1.000000,0,-0
1.000000,1.000000,0,-0
1.000000,1.000000,0.3024,-0.3024
1.000000,1.000000,0.3024,-0.3024
1.000000,1.000000,0.3024,-0.3024
1.000000,1.000000,0.3024,-0.3024
1.000000,1.000000,0.3024,-0.3024
1.000000,1.000000,0.3024,-0.3024
1.000000,1.000000,0.3024,-0.3024
1.000000,1.000000,0.3024,-0.3024
1.000000,1.000000,0.3024,-0.3024
1.000000,1.000000,0.3024,-0.3024
1.000000,1.000000,0.3024,-0.3024
1.000000,1.000000,0.3024,-0.3024
1.000000,1.000000,0.3024,-0.3024
1.000000,1.000000,0.3024,-0.3024
1.000000,1.000000,0.3024,-0.3024
1.000000,1.000000,0.3024,-0.3024
1.000000,1.000000,0,-0
1.000000,1.000000,0,-0
1.000000,1.000000,0,-0
1.000000,1.000000,0,-0
1.000000,1.000000,0,-0
1.000000,1.000000,0,-0
1.000000,1.000000,0,-0
1.000000,1.000000,0,-0
1.000000,1.000000,0,-0
1.000000,1.000000,0,-0
1.000000,1.000000,0,-0
1.000000,1.000000,0,-0
1.000000,1.000000,0,-0
1.000000,1.000000,0,-0
1.000000,1.000000,0,-0
1.000000,1.000000,0,-0
1.000000,1.000000,0,-0
1.000000,1.000000,0,-0
1.000000,1.000000,0,-0
1.000000,1.000000,0,-0
1.000000,1.000000,0,-0
1.000000,1.000000,0,-0
1.000000,1.000000,0,-0
1.000000,1.000000,0,-0
1.000000,1.000000,0,-0
1.000000,1.000000,0,-0
1.000000,1.000000,0,-0
1.000000,1.000000,0,-0
1.000000,1.000000,0,-0
1.000000,1.000000,0,-0
1.000000,1.000000,0,-0
1.000000,1.000000,0,-0
1.000000,1.000000,0.3024,-0.3024
1.000000,1.000000,0.3024,-0.3024
1.000000,1.000000,0.3024,-0.3024
1.000000,1.000000,0.3024,-0.3024
1.000000,1.000000,0.3024,-0.3024
1.000000,1.000000,0.3024,-0.3024
1.000000,1.000000,0.3024,-0.3024
1.000000,1.000000,0.3024,-0.3024
1.000000,1.000000,0.3024,-0.3024
1.000000,1.000000,0.3024,-0.3024
1.000000,1.000000,0.3024,-0.3024
1.000000,1.000000,0.3024,-0.3024
1.000000,1.000000,0.3024,-0.3024
1.000000,1.000000,0.3024,-0.3024
1.000000,1.000000,0.3024,-0.3024
1.000000,1.000000,0.3024,-0.3024
1.000000,1.000000,0.3024,-0.3024
1.000000,1.000000,0.3024,-0.3024
1.000000,1.000000,0.3024,-0.3024
1.000000,1.000000,0.3024,-0.3024
1.000000,1.000000,0.3024,-0.3024
1.000000,1.000000,0.3024,-0.3024
1.000000,1.000000,0.3024,-0.3024
1.000000,1.000000,0,-0
1.000000,1.000000,0,-0
1.000000,1.000000,0,-0
1.000000,1.000000,0,-0
1.000000,1.000000,0,-0
1.000000,1.000000,0,-0
1.000000,1.000000,0,-0
1.000000,1.000000,0,-0
1.000000,1.000000,0,-0
1.000000,1.000000,0,-0
1.000000,1.000000,0,-0
1.000000,1.000000,0,-0
1.000000,1.000000,0,-0
1.000000,1.000000,0,-0
1.000000,1.000000,0,-0
1.000000,1.000000,0,-0
1.000000,1.000000,0,-0
1.000000,1.000000,0,-0
1.000000,1.000000,0,-0
1.000000,1.000000,0,-0
1.000000,1.000000,0,-0
1.000000,1.000000,0,-0
1.000000,1.000000,0,-0
1.000000,1.000000,0,-0
1.000000,1.000000,0,-0
1.000000,1.000000,0,-0
1.000000,1.000000,0,-0
1.000000,1.000000,0,-0
1.000000,1.000000,0,-0
1.000000,1.000000,0,-0
1.000000,1.000000,0,-0
1.000000,1.000000,0,-0
1.000000,1.000000,0,-0
1.000000,1.000000,0,-0
1.000000,1.000000,0,-0
1.000000,1.000000,0.3024,-0.3024
1.000000,1.000000,0.3024,-0.3024
1.000000,1.000000,0.3024,-0.3024
1.000000,1.000000,0.3024,-0.3024
1.000000,1.000000,0.3024,-0.3024
1.000000,1.000000,0.3024,-0.3024
1.000000,1.000000,0.3024,-0.3024
1.000000,1.000000,0.3024,-0.3024
1.000000,1.000000,0.3024,-0.3024
1.000000,1.000000,0.3024,-0.3024
1.000000,1.000000,0.3024,-0.3024
1.000000,1.000000,0.3024,-0.3024
1.000000,1.000000,0,-0
1.000000,1.000000,0,-0
1.000000,1.000000,0.3024,-0.3024
1.000000,1.000000,0.3024,-0.3024
1.000000,1.000000,0.3024,-0.3024
1.000000,1.000000,0,-0
1.000000,1.000000,0,-0
1.000000,1.000000,0,-0
1.000000,1.000000,0,-0
1.000000,1.000000,0.3024,-0.3024
1.000000,1.000000,0.3024,-0.3024
1.000000,1.000000,0.3024,-0.3024
1.000000,1.000000,0.3024,-0.3024
1.000000,1.000000,0.3024,-0.3024
1.000000,1.000000,0.3024,-0.3024
1.000000,1.000000,0.3024,-0.3024
1.000000,1.000000,0.3024,-0.3024
1.000000,1.000000,0.3024,-0.3024
1.000000,1.000000,0,-0
1.000000,1.000000,0,-0
1.000000,1.000000,0,-0
1.000000,1.000000,0,-0
1.000000,1.000000,0,-0
1.000000,1.000000,0,-0
1.000000,1.000000,0,-0
1.000000,1.000000,0,-0
1.000000,1.000000,0,-0
1.000000,1.000000,0,-0
1.000000,1.000000,0,-0
1.000000,1.000000,0,-0
1.000000,1.000000,0,-0
1.000000,1.000000,0.3024,-0.3024
1.000000,1.000000,0.3024,-0.3024
1.000000,1.000000,0.3024,-0.3024
1.000000,1.000000,0.3024,-0.3024
1.000000,1.000000,0.3024,-0.3024
1.000000,1.000000,0.3024,-0.3024
1.000000,1.000000,0.3024,-0.3024
1.000000,1.000000,0.3024,-0.3024
1.000000,1.000000,0.3024,-0.3024
1.000000,1.000000,0.3024,-0.3024
1.000000,1.000000,0.3024,-0.3024
1.000000,1.000000,0.3024,-0.3024
1.000000,1.000000,0.3024,-0.3024
1.000000,1.000000,0.3024,-0.3024
1.000000,1.000000,0.3024,-0.3024
1.000000,1.000000,0.3024,-0.3024
1.000000,1.000000,0.3024,-0.3024
1.000000,1.000000,0.3024,-0.3024
1.000000,1.000000,0.3024,-0.3024
1.000000,1.000000,0.3024,-0.3024
1.000000,1.000000,0.3024,-0.3024
1.000000,1.000000,0.3024,-0.3024
1.000000,1.000000,0.3024,-0.3024
1.000000,1.000000,0.3024,-0.3024
1.000000,1.000000,0.3024,-0.3024
1.000000,1.000000,0.3024,-0.3024
1.000000,1.000000,0.3024,-0.3024
1.000000,1.000000,0.3024,-0.3024
1.000000,1.000000,0.3024,-0.3024
1.000000,1.000000,0.3024,-0.3024
1.000000,1.000000,0.3024,-0.3024
1.000000,1.000000,0.3024,-0.3024
1.000000,1.000000,0.3024,-0.3024
1.000000,1.000000,0.3024,-0.3024
1.000000,1.000000,0.3024,-0.3024
1.000000,1.000000,0.3024,-0.3024
1.000000,1.000000,0.3024,-0.3024
1.000000,1.000000,0.3024,-0.3024
1.000000,1.000000,0.3024,-0.3024
1.000000,1.000000,0.3024,-0.3024
1.000000,1.000000,0.3024,-0.3024
1.000000,1.000000,0.3024,-0.3024
1.000000,1.000000,0.3024,-0.3024
1.000000,1.000000,0,-0
1.000000,1.000000,0,-0
1.000000,1.000000,0,-0
1.000000,1.000000,0,-0
1.000000,1.000000,0,-0
1.000000,1.000000,0,-0
1.000000,1.000000,0,-0
1.000000,1.000000,0,-0
1.000000,1.000000,0,-0
1.000000,1.000000,0.3024,-0.3024
1.000000,1.000000,0.3024,-0.3024
1.000000,1.000000,0.3024,-0.3024
1.000000,1.000000,0.3024,-0.3024
1.000000,1.000000,0.3024,-0.3024
1.000000,1.000000,0.3024,-0.3024
1.000000,1.000000,0.3024,-0.3024
1.000000,1.000000,0.3024,-0.3024
1.000000,1.000000,0.3024,-0.3024
1.000000,1.000000,0.3024,-0.3024
1.000000,1.000000,0.3024,-0.3024
1.000000,1.000000,0.3024,-0.3024
1.000000,1.000000,0.302202,-0.302202
1.000000,1.000000,0.301754,-0.301754
1.000000,1.000000,0.3024,-0.3024
1.000000,1.000000,0.3024,-0.3024
1.000000,1.000000,0.3024,-0.3024
1.000000,1.000000,0.3024,-0.3024
1.000000,1.000000,0.3024,-0.3024
1.000000,1.000000,0.3024,-0.3024
1.000000,1.000000,0.3024,-0.3024
1.000000,1.000000,0.3024,-0.3024
1.000000,1.000000,0.3024,-0.3024
1.000000,1.000000,0.3024,-0.3024
1.000000,1.000000,0.3024,-0.3024
1.000000,1.000000,0.3024,-0.3024
1.000000,1.000000,0,-0
1.000000,1.000000,0,-0
1.000000,1.000000,0,-0
1.000000,1.000000,0,-0
1.000000,1.000000,0.3024,-0.3024
1.000000,1.000000,0.3024,-0.3024
1.000000,1.000000,0.3024,-0.3024
1.000000,1.000000,0.3024,-0.3024
1.000000,1.000000,0.3024,-0.3024
1.000000,1.000000,0.3024,-0.3024
1.000000,1.000000,0,-0
1.000000,1.000000,0,-0
1.000000,1.000000,0,-0
1.000000,1.000000,0,-0
1.000000,1.000000,0,-0
1.000000,1.000000,0,-0
1.000000,1.000000,0,-0
1.000000,1.000000,0,-0
1.000000,1.000000,0,-0
1.000000,1.000000,0,-0
1.000000,1.000000,0,-0
1.000000,1.000000,0,-0
1.000000,1.000000,0,-0
1.000000,1.000000,0,-0
1.000000,1.000000,0,-0
1.000000,1.000000,0,-0
1.000000,1.000000,0,-0
1.000000,1.000000,0,-0
1.000000,1.000000,0,-0
1.000000,1.000000,0.3024,-0.3024
1.000000,1.000000,0.3024,-0.3024
1.000000,1.000000,0.3024,-0.3024
1.000000,1.000000,0.3024,-0.3024
1.000000,1.000000,0.3024,-0.3024
1.000000,1.000000,0.3024,-0.3024
1.000000,1.000000,0.280918,-0.280918
1.000000,1.000000,0.280488,-0.280488
1.000000,1.000000,0.280058,-0.280058
1.000000,1.000000,0.279628,-0.279628
1.000000,1.000000,0.279198,-0.279198
1.000000,1.000000,0.3024,-0.3024
1.000000,1.000000,0.3024,-0.3024
1.000000,1.000000,0.3024,-0.3024
1.000000,1.000000,0.3024,-0.3024
1.000000,1.000000,0.3024,-0.3024
1.000000,1.000000,0.3024,-0.3024
1.000000,1.000000,0.3024,-0.3024
1.000000,1.000000,0.3024,-0.3024
1.000000,1.000000,0.3024,-0.3024
1.000000,1.000000,0.3024,-0.3024
1.000000,1.000000,0.3024,-0.3024
1.000000,1.000000,0.3024,-0.3024
1.000000,1.000000,0.3024,-0.3024
1.000000,1.000000,0.3024,-0.3024
1.000000,1.000000,0.3024,-0.3024
1.000000,1.000000,0,-0
1.000000,1.000000,0.3024,-0.3024
1.000000,1.000000,0,-0
1.000000,1.000000,0,-0
1.000000,1.000000,0,-0
1.000000,1.000000,0,-0
1.000000,1.000000,0,-0
1.000000,1.000000,0,-0
1.000000,1.000000,0,-0
1.000000,1.000000,0,-0
1.000000,1.000000,0,-0
1.000000,1.000000,0,-0
1.000000,1.000000,0,-0
1.000000,1.000000,0,-0
1.000000,1.000000,0,-0
1.000000,1.000000,0,-0
1.000000,1.000000,0,-0
1.000000,1.000000,0,-0
1.000000,1.000000,0,-0
1.000000,1.000000,0,-0
1.000000,1.000000,0,-0
1.000000,1.000000,0,-0
1.000000,1.000000,0,-0
1.000000,1.000000,0,-0
1.000000,1.000000,0,-0
1.000000,1.000000,0,-0
1.000000,1.000000,0.3024,-0.3024
1.000000,1.000000,0.3024,-0.3024
1.000000,1.000000,0.3024,-0.3024
1.000000,1.000000,0.3024,-0.3024
1.000000,1.000000,0.3024,-0.3024
1.000000,1.000000,0.3024,-0.3024
1.000000,1.000000,0.259247,-0.259247
1.000000,1.000000,0.258836,-0.258836
1.000000,1.000000,0.258425,-0.258425
1.000000,1.000000,0.258014,-0.258014
1.000000,1.000000,0.257603,-0.257603
1.000000,1.000000,0.3024,-0.3024
1.000000,1.000000,0.3024,-0.3024
1.000000,1.000000,0.3024,-0.3024
1.000000,1.000000,0.3024,-0.3024
1.000000,1.000000,0.3024,-0.3024
1.000000,1.000000,0.3024,-0.3024
1.000000,1.000000,0.3024,-0.3024
1.000000,1.000000,0.3024,-0.3024
1.000000,1.000000,0.3024,-0.3024
1.000000,1.000000,0.3024,-0.3024
1.000000,1.000000,0.3024,-0.3024
1.000000,1.000000,0.3024,-0.3024
1.000000,1.000000,0,-0
1.000000,1.000000,0,-0
1.000000,1.000000,0,-0
1.000000,1.000000,0,-0
1.000000,1.000000,0.3024,-0.3024
1.000000,1.000000,0.3024,-0.3024
1.000000,1.000000,0.3024,-0.3024
1.000000,1.000000,0.3024,-0.3024
1.000000,1.000000,0.3024,-0.3024
1.000000,1.000000,0.3024,-0.3024
1.000000,1.000000,0.3024,-0.3024
1.000000,1.000000,0.3024,-0.3024
1.000000,1.000000,0.3024,-0.3024
1.000000,1.000000,0.3024,-0.3024
1.000000,1.000000,0.3024,-0.3024
1.000000,1.000000,0,-0
1.000000,1.000000,0,-0
1.000000,1.000000,0,-0
1.000000,1.000000,0,-0
1.000000,1.000000,0,-0
1.000000,1.000000,0,-0
1.000000,1.000000,0,-0
1.000000,1.000000,0,-0
1.000000,1.000000,0,-0
1.000000,1.000000,0,-0
1.000000,1.000000,0,-0
1.000000,1.000000,0.3024,-0.3024
1.000000,1.000000,0.3024,-0.3024
1.000000,1.000000,0.3024,-0.3024
1.000000,1.000000,0.3024,-0.3024
1.000000,1.000000,0.3024,-0.3024
1.000000,1.000000,0.3024,-0.3024
1.000000,1.000000,0.3024,-0.3024
1.000000,1.000000,0.3024,-0.3024
1.000000,1.000000,0.3024,-0.3024
1.000000,1.000000,0.238556,-0.238556
1.000000,1.000000,0.238164,-0.238164
1.000000,1.000000,0.237772,-0.237772
1.000000,1.000000,0.237379,-0.237379
1.000000,1.000000,0.236987,-0.236987
1.000000,1.000000,0.3024,-0.3024
1.000000,1.000000,0.3024,-0.3024
1.000000,1.000000,0.3024,-0.3024
1.000000,1.000000,0.3024,-0.3024
1.000000,1.000000,0.3024,-0.3024
1.000000,1.000000,0.3024,-0.3024
1.000000,1.000000,0.3024,-0.3024
1.000000,1.000000,0.3024,-0.3024
1.000000,1.000000,0.3024,-0.3024
1.000000,1.000000,0.3024,-0.3024
1.000000,1.000000,0.3024,-0.3024
1.000000,1.000000,0.3024,-0.3024
1.000000,1.000000,0.3024,-0.3024
1.000000,1.000000,0.3024,-0.3024
1.000000,1.000000,0.3024,-0.3024
1.000000,1.000000,0.3024,-0.3024
1.000000,1.000000,0.3024,-0.3024
1.000000,1.000000,0.3024,-0.3024
1.000000,1.000000,0.3024,-0.3024
1.000000,1.000000,0.3024,-0.3024
1.000000,1.000000,0.3024,-0.3024
1.000000,1.000000,0.3024,-0.3024
1.000000,1.000000,0.3024,-0.3024
1.000000,1.000000,0.3024,-0.3024
1.000000,1.000000,0.3024,-0.3024
1.000000,1.000000,0.3024,-0.3024
1.000000,1.000000,0.3024,-0.3024
1.000000,1.000000,0.3024,-0.3024
1.000000,1.000000,0.3024,-0.3024
1.000000,1.000000,0.3024,-0.3024
1.000000,1.000000,0.3024,-0.3024
1.000000,1.000000,0.3024,-0.3024
1.000000,1.000000,0.3024,-0.3024
1.000000,1.000000,0.3024,-0.3024
1.000000,1.000000,0.3024,-0.3024
1.000000,1.000000,0.3024,-0.3024
1.000000,1.000000,0.3024,-0.3024
1.000000,1.000000,0.3024,-0.3024
1.000000,1.000000,0.3024,-0.3024
1.000000,1.000000,0.3024,-0.3024
1.000000,1.000000,0.3024,-0.3024
1.000000,1.000000,0.3024,-0.3024
1.000000,1.000000,0.3024,-0.3024
1.000000,1.000000,0.3024,-0.3024
1.000000,1.000000,0.3024,-0.3024
1.000000,1.000000,0.3024,-0.3024
1.000000,1.000000,0.3024,-0.3024
1.000000,1.000000,0.3024,-0.3024
1.000000,1.000000,0.218853,-0.218853
1.000000,1.000000,0.21848,-0.21848
1.000000,1.000000,0.218107,-0.218107
1.000000,1.000000,0.217734,-0.217734
1.000000,1.000000,0.217361,-0.217361
1.000000,1.000000,0.3024,-0.3024
1.000000,1.000000,0.3024,-0.3024
1.000000,1.000000,0.3024,-0.3024
1.000000,1.000000,0.3024,-0.3024
1.000000,1.000000,0.3024,-0.3024
1.000000,1.000000,0.3024,-0.3024
1.000000,1.000000,0.3024,-0.3024
1.000000,1.000000,0.3024,-0.3024
1.000000,1.000000,0.3024,-0.3024
1.000000,1.000000,0.3024,-0.3024
1.000000,1.000000,0.3024,-0.3024
1.000000,1.000000,0.3024,-0.3024
1.000000,1.000000,0.3024,-0.3024
1.000000,1.000000,0.3024,-0.3024
1.000000,1.000000,0.3024,-0.3024
1.000000,1.000000,0.3024,-0.3024
1.000000,1.000000,0.3024,-0.3024
1.000000,1.000000,0.3024,-0.3024
1.000000,1.000000,0.3024,-0.3024
1.000000,1.000000,0.3024,-0.3024
1.000000,1.000000,0.3024,-0.3024
1.000000,1.000000,0.3024,-0.3024
1.000000,1.000000,0.3024,-0.3024
1.000000,1.000000,0,-0
1.000000,1.000000,0,-0
1.000000,1.000000,0,-0
1.000000,1.000000,0,-0
1.000000,1.000000,0,-0
1.000000,1.000000,0,-0
1.000000,1.000000,0,-0
1.000000,1.000000,0,-0
1.000000,1.000000,0,-0
1.000000,1.000000,0,-0
1.000000,1.000000,0,-0
1.000000,1.000000,0,-0
1.000000,1.000000,0,-0
1.000000,1.000000,0,-0
1.000000,1.000000,0,-0
1.000000,1.000000,0,-0
1.000000,1.000000,0,-0
1.000000,1.000000,0,-0
1.000000,1.000000,0,-0
1.000000,1.000000,0.3024,-0.3024
1.000000,1.000000,0.3024,-0.3024
1.000000,1.000000,0.3024,-0.3024
1.000000,1.000000,0.3024,-0.3024
1.000000,1.000000,0.3024,-0.3024
1.000000,1.000000,0.3024,-0.3024
1.000000,1.000000,0.3024,-0.3024
1.000000,1.000000,0.3024,-0.3024
1.000000,1.000000,0.3024,-0.3024
1.000000,1.000000,0.3024,-0.3024
1.000000,1.000000,0.3024,-0.3024
1.000000,1.000000,0.3024,-0.3024
1.000000,1.000000,0.3024,-0.3024
1.000000,1.000000,0.3024,-0.3024
1.000000,1.000000,0.3024,-0.3024
1.000000,1.000000,0.3024,-0.3024
1.000000,1.000000,0.3024,-0.3024
1.000000,1.000000,0.3024,-0.3024
1.000000,1.000000,0.3024,-0.3024
1.000000,1.000000,0.3024,-0.3024
1.000000,1.000000,0.3024,-0.3024
1.000000,1.000000,0.3024,-0.3024
1.000000,1.000000,0.3024,-0.3024
1.000000,1.000000,0.3024,-0.3024
1.000000,1.000000,0,-0
1.000000,1.000000,0.3024,-0.3024
1.000000,1.000000,0.3024,-0.3024
1.000000,1.000000,0.3024,-0.3024
1.000000,1.000000,0.3024,-0.3024
1.000000,1.000000,0.3024,-0.3024
1.000000,1.000000,0.3024,-0.3024
1.000000,1.000000,0.3024,-0.3024
1.000000,1.000000,0.3024,-0.3024
1.000000,1.000000,0,-0
1.000000,1.000000,0,-0
1.000000,1.000000,0,-0
1.000000,1.000000,0,-0
1.000000,1.000000,0,-0
1.000000,1.000000,0,-0
1.000000,1.000000,0,-0
1.000000,1.000000,0,-0
1.000000,1.000000,0,-0
1.000000,1.000000,0,-0
1.000000,1.000000,0,-0
1.000000,1.000000,0,-0
1.000000,1.000000,0,-0
1.000000,1.000000,0,-0
1.000000,1.000000,0,-0
1.000000,1.000000,0.3024,-0.3024
1.000000,1.000000,0.3024,-0.3024
1.000000,1.000000,0.3024,-0.3024
1.000000,1.000000,0.3024,-0.3024
1.000000,1.000000,0.3024,-0.3024
1.000000,1.000000,0.3024,-0.3024
1.000000,1.000000,0.3024,-0.3024
1.000000,1.000000,0.3024,-0.3024
1.000000,1.000000,0.3024,-0.3024
1.000000,1.000000,0.3024,-0.3024
1.000000,1.000000,0.3024,-0.3024
1.000000,1.000000,0.3024,-0.3024
1.000000,1.000000,0.3024,-0.3024
1.000000,1.000000,0.3024,-0.3024
1.000000,1.000000,0.3024,-0.3024
1.000000,1.000000,0.3024,-0.3024
1.000000,1.000000,0.3024,-0.3024
1.000000,1.000000,0.3024,-0.3024
1.000000,1.000000,0.3024,-0.3024
1.000000,1.000000,0.3024,-0.3024
1.000000,1.000000,0.3024,-0.3024
1.000000,1.000000,0.3024,-0.3024
1.000000,1.000000,0.3024,-0.3024
1.000000,1.000000,0.3024,-0.3024
1.000000,1.000000,0.3024,-0.3024
1.000000,1.000000,0.3024,-0.3024
1.000000,1.000000,0.3024,-0.3024
1.000000,1.000000,0.3024,-0.3024
1.000000,1.000000,0.3024,-0.3024
1.000000,1.000000,0.3024,-0.3024
1.000000,1.000000,0.3024,-0.3024
1.000000,1.000000,0.3024,-0.3024
1.000000,1.000000,0.3024,-0.3024
1.000000,1.000000,0.3024,-0.3024
1.000000,1.000000,0.3024,-0.3024
1.000000,1.000000,0.3024,-0.3024
1.000000,1.000000,0,-0
1.000000,1.000000,0,-0
1.000000,1.000000,0,-0
1.000000,1.000000,0,-0
1.000000,1.000000,0,-0
1.000000,1.000000,0,-0
1.000000,1.000000,0,-0
1.000000,1.000000,0,-0
1.000000,1.000000,0,-0
1.000000,1.000000,0,-0
1.000000,1.000000,0,-0
1.000000,1.000000,0,-0
1.000000,1.000000,0,-0
1.000000,1.000000,0,-0
1.000000,1.000000,0.3024,-0.3024
1.000000,1.000000,0.3024,-0.3024
1.000000,1.000000,0.3024,-0.3024
1.000000,1.000000,0.3024,-0.3024
1.000000,1.000000,0.3024,-0.3024
1.000000,1.000000,0.3024,-0.3024
1.000000,1.000000,0.3024,-0.3024
1.000000,1.000000,0.3024,-0.3024
1.000000,1.000000,0.3024,-0.3024
1.000000,1.000000,0.3024,-0.3024
1.000000,1.000000,0.3024,-0.3024
1.000000,1.000000,0.3024,-0.3024
1.000000,1.000000,0.3024,-0.3024
1.000000,1.000000,0.3024,-0.3024
1.000000,1.000000,0.3024,-0.3024
1.000000,1.000000,0.3024,-0.3024
1.000000,1.000000,0.3024,-0.3024
1.000000,1.000000,0.3024,-0.3024
1.000000,1.000000,0.3024,-0.3024
1.000000,1.000000,0.3024,-0.3024
1.000000,1.000000,0.3024,-0.3024
1.000000,1.000000,0.3024,-0.3024
1.000000,1.000000,0.3024,-0.3024
1.000000,1.000000,0.3024,-0.3024
1.000000,1.000000,0.3024,-0.3024
1.000000,1.000000,0.3024,-0.3024
1.000000,1.000000,0.3024,-0.3024
1.000000,1.000000,0.3024,-0.3024
1.000000,1.000000,0.3024,-0.3024
1.000000,1.000000,0.3024,-0.3024
1.000000,1.000000,0.3024,-0.3024
1.000000,1.000000,0.3024,-0.3024
1.000000,1.000000,0,-0
1.000000,1.000000,0,-0
1.000000,1.000000,0.3024,-0.3024
1.000000,1.000000,0.3024,-0.3024
1.000000,1.000000,0.3024,-0.3024
1.000000,1.000000,0.3024,-0.3024
1.000000,1.000000,0.3024,-0.3024
1.000000,1.000000,0,-0
1.000000,1.000000,0,-0
1.000000,1.000000,0,-0
1.000000,1.000000,0,-0
1.000000,1.000000,0,-0
1.000000,1.000000,0,-0
1.000000,1.000000,0,-0
1.000000,1.000000,0,-0
1.000000,1.000000,0,-0
1.000000,1.000000,0,-0
1.000000,1.000000,0,-0
1.000000,1.000000,0,-0
1.000000,1.000000,0,-0
1.000000,1.000000,0.3024,-0.3024
1.000000,1.000000,0.3024,-0.3024
1.000000,1.000000,0.3024,-0.3024
1.000000,1.000000,0.3024,-0.3024
1.000000,1.000000,0.3024,-0.3024
1.000000,1.000000,0.3024,-0.3024
1.000000,1.000000,0.3024,-0.3024
1.000000,1.000000,0.3024,-0.3024
1.000000,1.000000,0.3024,-0.3024
1.000000,1.000000,0.3024,-0.3024
1.000000,1.000000,0.3024,-0.3024
1.000000,1.000000,0.3024,-0.3024
1.000000,1.000000,0.3024,-0.3024
1.000000,1.000000,0.3024,-0.3024
1.000000,1.000000,0.3024,-0.3024
1.000000,1.000000,0.3024,-0.3024
1.000000,1.000000,0.3024,-0.3024
1.000000,1.000000,0.3024,-0.3024
1.000000,1.000000,0.3024,-0.3024
1.000000,1.000000,0.3024,-0.3024
1.000000,1.000000,0.3024,-0.3024
1.000000,1.000000,0.3024,-0.3024
1.000000,1.000000,0.3024,-0.3024
1.000000,1.000000,0.3024,-0.3024
1.000000,1.000000,0.3024,-0.3024
1.000000,1.000000,0.3024,-0.3024
1.000000,1.000000,0.3024,-0.3024
1.000000,1.000000,0.3024,-0.3024
1.000000,1.000000,0.3024,-0.3024
1.000000,1.000000,0.3024,-0.3024
1.000000,1.000000,0.3024,-0.3024
1.000000,1.000000,0.3024,-0.3024
1.000000,1.000000,0.3024,-0.3024
1.000000,1.000000,0,-0
1.000000,1.000000,0,-0
1.000000,1.000000,0.3024,-0.3024
1.000000,1.000000,0,-0
1.000000,1.000000,0,-0
1.000000,1.000000,0,-0
1.000000,1.000000,0,-0
1.000000,1.000000,0,-0
1.000000,1.000000,0,-0
1.000000,1.000000,0,-0
1.000000,1.000000,0,-0
1.000000,1.000000,0,-0
1.000000,1.000000,0,-0
1.000000,1.000000,0,-0
1.000000,1.000000,0,-0
1.000000,1.000000,0,-0
1.000000,1.000000,0,-0
1.000000,1.000000,0,-0
1.000000,1.000000,0.3024,-0.3024
1.000000,1.000000,0.3024,-0.3024
1.000000,1.000000,0.3024,-0.3024
1.000000,1.000000,0.3024,-0.3024
1.000000,1.000000,0.3024,-0.3024
1.000000,1.000000,0.3024,-0.3024
1.000000,1.000000,0.3024,-0.3024
1.000000,1.000000,0.3024,-0.3024
1.000000,1.000000,0.3024,-0.3024
1.000000,1.000000,0.3024,-0.3024
1.000000,1.000000,0.3024,-0.3024
1.000000,1.000000,0.3024,-0.3024
1.000000,1.000000,0.3024,-0.3024
1.000000,1.000000,0.3024,-0.3024
1.000000,1.000000,0.3024,-0.3024
1.000000,1.000000,0.3024,-0.3024
1.000000,1.000000,0.3024,-0.3024
1.000000,1.000000,0.3024,-0.3024
1.000000,1.000000,0.3024,-0.3024
1.000000,1.000000,0.3024,-0.3024
1.000000,1.000000,0.3024,-0.3024
1.000000,1.000000,0.3024,-0.3024
1.000000,1.000000,0.3024,-0.3024
1.000000,1.000000,0.3024,-0.3024
1.000000,1.000000,0.3024,-0.3024
1.000000,1.000000,0.3024,-0.3024
1.000000,1.000000,0.3024,-0.3024
1.000000,1.000000,0.3024,-0.3024
1.000000,1.000000,0.3024,-0.3024
1.000000,1.000000,0.3024,-0.3024
1.000000,1.000000,0.3024,-0.3024
1.000000,1.000000,0.3024,-0.3024
1.000000,1.000000,0.3024,-0.3024
1.000000,1.000000,0.3024,-0.3024
1.000000,1.000000,0.3024,-0.3024
1.000000,1.000000,0.3024,-0.3024
1.000000,1.000000,0.3024,-0.3024
1.000000,1.000000,0.3024,-0.3024
1.000000,1.000000,0.3024,-0.3024
1.000000,1.000000,0.3024,-0.3024
1.000000,1.000000,0.3024,-0.3024
1.000000,1.000000,0.3024,-0.3024
1.000000,1.000000,0.3024,-0.3024
1.000000,1.000000,0.3024,-0.3024
1.000000,1.000000,0.3024,-0.3024
1.000000,1.000000,0.3024,-0.3024
1.000000,1.000000,0.3024,-0.3024
1.000000,1.000000,0.3024,-0.3024
1.000000,1.000000,0.3024,-0.3024
1.000000,1.000000,0.3024,-0.3024
1.000000,1.000000,0.3024,-0.3024
1.000000,1.000000,0.3024,-0.3024
1.000000,1.000000,0.3024,-0.3024
1.000000,1.000000,0.3024,-0.3024
1.000000,1.000000,0.3024,-0.3024
1.000000,1.000000,0.3024,-0.3024
1.000000,1.000000,0.3024,-0.3024
1.000000,1.000000,0.3024,-0.3024
1.000000,1.000000,0.3024,-0.3024
1.000000,1.000000,0.3024,-0.3024
1.000000,1.000000,0.3024,-0.3024
1.000000,1.000000,0.3024,-0.3024
1.000000,1.000000,0.3024,-0.3024
1.000000,1.000000,0.3024,-0.3024
1.000000,1.000000,0.3024,-0.3024
1.000000,1.000000,0.3024,-0.3024
1.000000,1.000000,0.3024,-0.3024
1.000000,1.000000,0.3024,-0.3024
1.000000,1.000000,0.3024,-0.3024
1.000000,1.000000,0.3024,-0.3024
1.000000,1.000000,0.3024,-0.3024
1.000000,1.000000,0.3024,-0.3024
1.000000,1.000000,0.3024,-0.3024
1.000000,1.000000,0.3024,-0.3024
1.000000,1.000000,0.3024,-0.3024
1.000000,1.000000,0.3024,-0.3024
1.000000,1.000000,0.3024,-0.3024
1.000000,1.000000,0.3024,-0.3024
1.000000,1.000000,0.3024,-0.3024
1.000000,1.000000,0.3024,-0.3024
1.000000,1.000000,0.3024,-0.3024
0.914557,0.914557,0.3024,-0.3024
0.914557,0.914557,0.3024,-0.3024
1.000000,1.000000,0.3024,-0.3024
1.000000,1.000000,0.3024,-0.3024
1.000000,1.000000,0.3024,-0.3024
1.000000,1.000000,0.3024,-0.3024
1.000000,1.000000,0.3024,-0.3024
0.982911,0.982911,0.3024,-0.3024
1.000000,1.000000,0.3024,-0.3024
1.000000,1.000000,0.3024,-0.3024
1.000000,1.000000,0.3024,-0.3024
0.982911,0.982911,0.3024,-0.3024
0.914557,0.914557,0.3024,-0.3024
0.914557,0.914557,0.3024,-0.3024
1.000000,1.000000,0.3024,-0.3024
1.000000,1.000000,0.3024,-0.3024
1.000000,1.000000,0.3024,-0.3024
1.000000,1.000000,0.3024,-0.3024
1.000000,1.000000,0.3024,-0.3024
1.000000,1.000000,0.3024,-0.3024
1.000000,1.000000,0.3024,-0.3024
1.000000,1.000000,0.3024,-0.3024
0.914557,0.914557,0.3024,-0.3024
1.000000,1.000000,0.3024,-0.3024
1.000000,1.000000,0.3024,-0.3024
1.000000,1.000000,0.3024,-0.3024
1.000000,1.000000,0.3024,-0.3024
0.982911,0.982911,0.3024,-0.3024
1.000000,1.000000,0.3024,-0.3024
1.000000,1.000000,0.3024,-0.3024
1.000000,1.000000,0.3024,-0.3024
1.000000,1.000000,0.3024,-0.3024
1.000000,1.000000,0.3024,-0.3024
1.000000,1.000000,0.3024,-0.3024
1.000000,1.000000,0.3024,-0.3024
1.000000,1.000000,0.3024,-0.3024
1.000000,1.000000,0.3024,-0.3024
1.000000,1.000000,0.3024,-0.3024
1.000000,1.000000,0.3024,-0.3024
1.000000,1.000000,0.3024,-0.3024
1.000000,1.000000,0.3024,-0.3024
1.000000,1.000000,0.3024,-0.3024
1.000000,1.000000,0.3024,-0.3024
1.000000,1.000000,0.3024,-0.3024
1.000000,1.000000,0.3024,-0.3024
1.000000,1.000000,0.3024,-0.3024
1.000000,1.000000,0.3024,-0.3024
1.000000,1.000000,0.3024,-0.3024
1.000000,1.000000,0.3024,-0.3024
1.000000,1.000000,0.3024,-0.3024
1.000000,1.000000,0.3024,-0.3024
1.000000,1.000000,0.3024,-0.3024
1.000000,1.000000,0.3024,-0.3024
1.000000,1.000000,0.3024,-0.3024
1.000000,1.000000,0.3024,-0.3024
1.000000,1.000000,0.3024,-0.3024
1.000000,1.000000,0.3024,-0.3024
1.000000,1.000000,0.3024,-0.3024
1.000000,1.000000,0.3024,-0.3024
1.000000,1.000000,0.3024,-0.3024
1.000000,1.000000,0.3024,-0.3024
1.000000,1.000000,0.3024,-0.3024
1.000000,1.000000,0.3024,-0.3024
1.000000,1.000000,0.3024,-0.3024
1.000000,1.000000,0.3024,-0.3024
1.000000,1.000000,0.3024,-0.3024
1.000000,1.000000,0.3024,-0.3024
1.000000,1.000000,0.3024,-0.3024
1.000000,1.000000,0.3024,-0.3024
1.000000,1.000000,0.3024,-0.3024
1.000000,1.000000,0.3024,-0.3024
1.000000,1.000000,0.3024,-0.3024
1.000000,1.000000,0.3024,-0.3024
1.000000,1.000000,0.3024,-0.3024
1.000000,1.000000,0.3024,-0.3024
1.000000,1.000000,0.3024,-0.3024
1.000000,1.000000,0.3024,-0.3024
1.000000,1.000000,0.3024,-0.3024
1.000000,1.000000,0.3024,-0.3024
1.000000,1.000000,0.3024,-0.3024
1.000000,1.000000,0.3024,-0.3024
1.000000,1.000000,0.3024,-0.3024
1.000000,1.000000,0.3024,-0.3024
1.000000,1.000000,0.3024,-0.3024
1.000000,1.000000,0.3024,-0.3024
1.000000,1.000000,0.3024,-0.3024
1.000000,1.000000,0.3024,-0.3024
1.000000,1.000000,0.3024,-0.3024
1.000000,1.000000,0.3024,-0.3024
1.000000,1.000000,0.3024,-0.3024
1.000000,1.000000,0.3024,-0.3024
1.000000,1.000000,0.3024,-0.3024
1.000000,1.000000,0.3024,-0.3024
1.000000,1.000000,0.3024,-0.3024
1.000000,1.000000,0.3024,-0.3024
1.000000,1.000000,0.3024,-0.3024
1.000000,1.000000,0.3024,-0.3024
1.000000,1.000000,0.3024,-0.3024
1.000000,1.000000,0.3024,-0.3024
1.000000,1.000000,0.3024,-0.3024
1.000000,1.000000,0.3024,-0.3024
1.000000,1.000000,0.3024,-0.3024
1.000000,1.000000,0.3024,-0.3024
1.000000,1.000000,0.3024,-0.3024
1.000000,1.000000,0.3024,-0.3024
1.000000,1.000000,0.3024,-0.3024
1.000000,1.000000,0.3024,-0.3024
1.000000,1.000000,0.3024,-0.3024
1.000000,1.000000,0.3024,-0.3024
1.000000,1.000000,0.3024,-0.3024
1.000000,1.000000,0.3024,-0.3024
1.000000,1.000000,0.3024,-0.3024
1.000000,1.000000,0.3024,-0.3024
1.000000,1.000000,0.3024,-0.3024
1.000000,1.000000,0.3024,-0.3024
1.000000,1.000000,0.3024,-0.3024
1.000000,1.000000,0.3024,-0.3024
0.914557,0.914557,0.3024,-0.3024
1.000000,1.000000,0.3024,-0.3024
1.000000,1.000000,0.3024,-0.3024
1.000000,1.000000,0.3024,-0.3024
0.914557,0.914557,0.3024,-0.3024
0.914557,0.914557,0.3024,-0.3024
0.914557,0.914557,0.3024,-0.3024
0.914557,0.914557,0.3024,-0.3024
1.000000,1.000000,0.3024,-0.3024
1.000000,1.000000,0.3024,-0.3024
0.914557,0.914557,0.3024,-0.3024
0.914557,0.914557,0.3024,-0.3024
0.914557,0.914557,0.3024,-0.3024
0.914557,0.914557,0.3024,-0.3024
0.914557,0.914557,0.3024,-0.3024
0.914557,0.914557,0.3024,-0.3024
0.914557,0.914557,0.3024,-0.3024
0.914557,0.914557,0.3024,-0.3024
0.914557,0.914557,0.3024,-0.3024
0.914557,0.914557,0.3024,-0.3024
0.914557,0.914557,0.3024,-0.3024
1.000000,1.000000,0.3024,-0.3024
0.914557,0.914557,0.3024,-0.3024
0.914557,0.914557,0.3024,-0.3024
1.000000,1.000000,0.3024,-0.3024
1.000000,1.000000,0.3024,-0.3024
0.914557,0.914557,0.3024,-0.3024
1.000000,1.000000,0.3024,-0.3024
1.000000,1.000000,0.3024,-0.3024
1.000000,1.000000,0.3024,-0.3024
1.000000,1.000000,0.3024,-0.3024
1.000000,1.000000,0.3024,-0.3024
1.000000,1.000000,0.3024,-0.3024
0.982911,0.982911,0.3024,-0.3024
1.000000,1.000000,0.3024,-0.3024
1.000000,1.000000,0.3024,-0.3024
1.000000,1.000000,0.3024,-0.3024
1.000000,1.000000,0.3024,-0.3024
0.914557,0.914557,0.3024,-0.3024
1.000000,1.000000,0.3024,-0.3024
0.914557,0.914557,0.3024,-0.3024
1.000000,1.000000,0.3024,-0.3024
1.000000,1.000000,0.3024,-0.3024
1.000000,1.000000,0.3024,-0.3024
1.000000,1.000000,0.3024,-0.3024
1.000000,1.000000,0.3024,-0.3024
1.000000,1.000000,0,-0
1.000000,1.000000,0,-0
1.000000,1.000000,0,-0
1.000000,1.000000,0,-0
1.000000,1.000000,0,-0
1.000000,1.000000,0,-0
1.000000,1.000000,0,-0
1.000000,1.000000,0,-0
1.000000,1.000000,0,-0
1.000000,1.000000,0,-0
1.000000,1.000000,0,-0
1.000000,1.000000,0,-0
1.000000,1.000000,0,-0
1.000000,1.000000,0,-0
1.000000,1.000000,0,-0
1.000000,1.000000,0,-0
1.000000,1.000000,0,-0
1.000000,1.000000,0,-0
1.000000,1.000000,0,-0
1.000000,1.000000,0,-0
1.000000,1.000000,0,-0
1.000000,1.000000,0,-0
1.000000,1.000000,0,-0
1.000000,1.000000,0,-0
1.000000,1.000000,0,-0
1.000000,1.000000,0,-0
1.000000,1.000000,0,-0
1.000000,1.000000,0,-0
1.000000,1.000000,0,-0
1.000000,1.000000,0,-0
1.000000,1.000000,0,-0
1.000000,1.000000,0.3024,-0.3024
1.000000,1.000000,0.3024,-0.3024
1.000000,1.000000,0.3024,-0.3024
1.000000,1.000000,0.3024,-0.3024
1.000000,1.000000,0.3024,-0.3024
1.000000,1.000000,0.3024,-0.3024
1.000000,1.000000,0,-0
1.000000,1.000000,0.3024,-0.3024
1.000000,1.000000,0.3024,-0.3024
1.000000,1.000000,0.3024,-0.3024
1.000000,1.000000,0.3024,-0.3024
1.000000,1.000000,0,-0
1.000000,1.000000,0,-0
1.000000,1.000000,0,-0
1.000000,1.000000,0,-0
1.000000,1.000000,0,-0
1.000000,1.000000,0,-0
1.000000,1.000000,0,-0
1.000000,1.000000,0,-0
1.000000,1.000000,0,-0
1.000000,1.000000,0,-0
1.000000,1.000000,0,-0
1.000000,1.000000,0,-0
1.000000,1.000000,0,-0
1.000000,1.000000,0,-0
1.000000,1.000000,0,-0
1.000000,1.000000,0,-0
1.000000,1.000000,0,-0
1.000000,1.000000,0,-0
1.000000,1.000000,0,-0
1.000000,1.000000,0,-0
1.000000,1.000000,0,-0
1.000000,1.000000,0,-0
1.000000,1.000000,0,-0
1.000000,1.000000,0,-0
1.000000,1.000000,0,-0
1.000000,1.000000,0,-0
1.000000,1.000000,0,-0
1.000000,1.000000,0,-0
1.000000,1.000000,0,-0
1.000000,1.000000,0,-0
1.000000,1.000000,0,-0
1.000000,1.000000,0,-0
1.000000,1.000000,0,-0
1.000000,1.000000,0.3024,-0.3024
1.000000,1.000000,0.3024,-0.3024
1.000000,1.000000,0.3024,-0.3024
1.000000,1.000000,0.3024,-0.3024
1.000000,1.000000,0.3024,-0.3024
1.000000,1.000000,0.3024,-0.3024
1.000000,1.000000,0.3024,-0.3024
1.000000,1.000000,0.3024,-0.3024
1.000000,1.000000,0.3024,-0.3024
1.000000,1.000000,0.3024,-0.3024
1.000000,1.000000,0.3024,-0.3024
1.000000,1.000000,0.3024,-0.3024
1.000000,1.000000,0.3024,-0.3024
1.000000,1.000000,0.3024,-0.3024
1.000000,1.000000,0.3024,-0.3024
1.000000,1.000000,0.3024,-0.3024
1.000000,1.000000,0.3024,-0.3024
1.000000,1.000000,0.3024,-0.3024
1.000000,1.000000,0.3024,-0.3024
1.000000,1.000000,0.3024,-0.3024
1.000000,1.000000,0.3024,-0.3024
1.000000,1.000000,0.3024,-0.3024
1.000000,1.000000,0.3024,-0.3024
1.000000,1.000000,0.3024,-0.3024
1.000000,1.000000,0.3024,-0.3024
1.000000,1.000000,0.3024,-0.3024
1.000000,1.000000,0.3024,-0.3024
1.000000,1.000000,0.3024,-0.3024
1.000000,1.000000,0.3024,-0.3024
1.000000,1.000000,0,-0
1.000000,1.000000,0,-0
1.000000,1.000000,0,-0
1.000000,1.000000,0,-0
1.000000,1.000000,0,-0
1.000000,1.000000,0,-0
1.000000,1.000000,0,-0
1.000000,1.000000,0,-0
1.000000,1.000000,0,-0
1.000000,1.000000,0,-0
1.000000,1.000000,0,-0
1.000000,1.000000,0,-0
1.000000,1.000000,0,-0
1.000000,1.000000,0,-0
1.000000,1.000000,0,-0
1.000000,1.000000,0,-0
1.000000,1.000000,0,-0
1.000000,1.000000,0,-0
1.000000,1.000000,0,-0
1.000000,1.000000,0,-0
1.000000,1.000000,0,-0
1.000000,1.000000,0,-0
1.000000,1.000000,0,-0
1.000000,1.000000,0,-0
1.000000,1.000000,0,-0
1.000000,1.000000,0,-0
1.000000,1.000000,0,-0
1.000000,1.000000,0.3024,-0.3024
1.000000,1.000000,0.3024,-0.3024
1.000000,1.000000,0.3024,-0.3024
1.000000,1.000000,0.3024,-0.3024
1.000000,1.000000,0.3024,-0.3024
1.000000,1.000000,0.3024,-0.3024
1.000000,1.000000,0.3024,-0.3024
1.000000,1.000000,0.3024,-0.3024
1.000000,1.000000,0.3024,-0.3024
1.000000,1.000000,0.3024,-0.3024
1.000000,1.000000,0.3024,-0.3024
1.000000,1.000000,0.3024,-0.3024
1.000000,1.000000,0.3024,-0.3024
1.000000,1.000000,0.3024,-0.3024
1.000000,1.000000,0.3024,-0.3024
1.000000,1.000000,0.3024,-0.3024
1.000000,1.000000,0.3024,-0.3024
1.000000,1.000000,0.3024,-0.3024
1.000000,1.000000,0.3024,-0.3024
1.000000,1.000000,0.3024,-0.3024
1.000000,1.000000,0.3024,-0.3024
1.000000,1.000000,0.3024,-0.3024
1.000000,1.000000,0.3024,-0.3024
1.000000,1.000000,0.3024,-0.3024
1.000000,1.000000,0.3024,-0.3024
1.000000,1.000000,0.3024,-0.3024
1.000000,1.000000,0.3024,-0.3024
1.000000,1.000000,0.3024,-0.3024
1.000000,1.000000,0.3024,-0.3024
1.000000,1.000000,0.3024,-0.3024
1.000000,1.000000,0.3024,-0.3024
1.000000,1.000000,0.3024,-0.3024
1.000000,1.000000,0.3024,-0.3024
1.000000,1.000000,0.3024,-0.3024
1.000000,1.000000,0.3024,-0.3024
1.000000,1.000000,0.3024,-0.3024
1.000000,1.000000,0.3024,-0.3024
1.000000,1.000000,0.3024,-0.3024
1.000000,1.000000,0.3024,-0.3024
1.000000,1.000000,0.3024,-0.3024
1.000000,1.000000,0.3024,-0.3024
1.000000,1.000000,0.3024,-0.3024
1.000000,1.000000,0.3024,-0.3024
1.000000,1.000000,0.3024,-0.3024
1.000000,1.000000,0.3024,-0.3024
1.000000,1.000000,0.3024,-0.3024
1.000000,1.000000,0.3024,-0.3024
1.000000,1.000000,0.3024,-0.3024
1.000000,1.000000,0.3024,-0.3024
1.000000,1.000000,0.3024,-0.3024
1.000000,1.000000,0.3024,-0.3024
1.000000,1.000000,0.3024,-0.3024
1.000000,1.000000,0.3024,-0.3024
1.000000,1.000000,0.3024,-0.3024
1.000000,1.000000,0.3024,-0.3024
1.000000,1.000000,0.3024,-0.3024
1.000000,1.000000,0.3024,-0.3024
1.000000,1.000000,0.3024,-0.3024
1.000000,1.000000,0.3024,-0.3024
1.000000,1.000000,0.3024,-0.3024
1.000000,1.000000,0.3024,-0.3024
1.000000,1.000000,0.3024,-0.3024
1.000000,1.000000,0.3024,-0.3024
1.000000,1.000000,0.3024,-0.3024
1.000000,1.000000,0.3024,-0.3024
1.000000,1.000000,0.3024,-0.3024
1.000000,1.000000,0.3024,-0.3024
1.000000,1.000000,0.3024,-0.3024
1.000000,1.000000,0.3024,-0.3024
1.000000,1.000000,0.3024,-0.3024
1.000000,1.000000,0.3024,-0.3024
1.000000,1.000000,0.3024,-0.3024
1.000000,1.000000,0.3024,-0.3024
1.000000,1.000000,0.3024,-0.3024
1.000000,1.000000,0.3024,-0.3024
1.000000,1.000000,0.3024,-0.3024
1.000000,1.000000,0.3024,-0.3024
1.000000,1.000000,0.3024,-0.3024
1.000000,1.000000,0.3024,-0.3024
1.000000,1.000000,0.3024,-0.3024
1.000000,1.000000,0.3024,-0.3024
1.000000,1.000000,0.3024,-0.3024
1.000000,1.000000,0.3024,-0.3024
1.000000,1.000000,0.3024,-0.3024
1.000000,1.000000,0.3024,-0.3024
1.000000,1.000000,0.3024,-0.3024
1.000000,1.000000,0,-0
1.000000,1.000000,0,-0
1.000000,1.000000,0,-0
1.000000,1.000000,0,-0
1.000000,1.000000,0,-0
1.000000,1.000000,0,-0
1.000000,1.000000,0,-0
1.000000,1.000000,0,-0
1.000000,1.000000,0,-0
1.000000,1.000000,0,-0
1.000000,1.000000,0.3024,-0.3024
1.000000,1.000000,0.3024,-0.3024
1.000000,1.000000,0.3024,-0.3024
1.000000,1.000000,0.3024,-0.3024
1.000000,1.000000,0.3024,-0.3024
1.000000,1.000000,0.3024,-0.3024
1.000000,1.000000,0.3024,-0.3024
1.000000,1.000000,0.3024,-0.3024
1.000000,1.000000,0.3024,-0.3024
1.000000,1.000000,0.3024,-0.3024
1.000000,1.000000,0.3024,-0.3024
1.000000,1.000000,0.3024,-0.3024
1.000000,1.000000,0.3024,-0.3024
1.000000,1.000000,0.3024,-0.3024
1.000000,1.000000,0.3024,-0.3024
1.000000,1.000000,0.3024,-0.3024
1.000000,1.000000,0.3024,-0.3024
1.000000,1.000000,0.3024,-0.3024
1.000000,1.000000,0.3024,-0.3024
1.000000,1.000000,0.3024,-0.3024
1.000000,1.000000,0.3024,-0.3024
1.000000,1.000000,0.3024,-0.3024
1.000000,1.000000,0.3024,-0.3024
1.000000,1.000000,0.3024,-0.3024
1.000000,1.000000,0.3024,-0.3024
1.000000,1.000000,0.3024,-0.3024
1.000000,1.000000,0.3024,-0.3024
1.000000,1.000000,0.3024,-0.3024
1.000000,1.000000,0.3024,-0.3024
1.000000,1.000000,0.3024,-0.3024
1.000000,1.000000,0.3024,-0.3024
1.000000,1.000000,0.3024,-0.3024
1.000000,1.000000,0.3024,-0.3024
1.000000,1.000000,0.3024,-0.3024
1.000000,1.000000,0.3024,-0.3024
1.000000,1.000000,0,-0
1.000000,1.000000,0,-0
1.000000,1.000000,0,-0
1.000000,1.000000,0,-0
1.000000,1.000000,0,-0
1.000000,1.000000,0,-0
1.000000,1.000000,0,-0
1.000000,1.000000,0,-0
1.000000,1.000000,0,-0
1.000000,1.000000,0,-0
1.000000,1.000000,0,-0
1.000000,1.000000,0,-0
1.000000,1.000000,0,-0
1.000000,1.000000,0,-0
1.000000,1.000000,0,-0
1.000000,1.000000,0,-0
1.000000,1.000000,0,-0
1.000000,1.000000,0,-0
1.000000,1.000000,0,-0
1.000000,1.000000,0,-0
1.000000,1.000000,0,-0
1.000000,1.000000,0,-0
1.000000,1.000000,0,-0
1.000000,1.000000,0,-0
1.000000,1.000000,0,-0
1.000000,1.000000,0.3024,-0.3024
1.000000,1.000000,0.3024,-0.3024
1.000000,1.000000,0.3024,-0.3024
1.000000,1.000000,0.3024,-0.3024
1.000000,1.000000,0.3024,-0.3024
1.000000,1.000000,0.3024,-0.3024
1.000000,1.000000,0.3024,-0.3024
1.000000,1.000000,0.3024,-0.3024
1.000000,1.000000,0.3024,-0.3024
1.000000,1.000000,0.3024,-0.3024
1.000000,1.000000,0.3024,-0.3024
1.000000,1.000000,0.3024,-0.3024
1.000000,1.000000,0.3024,-0.3024
1.000000,1.000000,0.3024,-0.3024
1.000000,1.000000,0.3024,-0.3024
1.000000,1.000000,0.3024,-0.3024
1.000000,1.000000,0.3024,-0.3024
1.000000,1.000000,0.3024,-0.3024
1.000000,1.000000,0.3024,-0.3024
1.000000,1.000000,0.3024,-0.3024
1.000000,1.000000,0.3024,-0.3024
1.000000,1.000000,0.3024,-0.3024
1.000000,1.000000,0.3024,-0.3024
1.000000,1.000000,0.3024,-0.3024
1.000000,1.000000,0.3024,-0.3024
1.000000,1.000000,0.3024,-0.3024
1.000000,1.000000,0.3024,-0.3024
1.000000,1.000000,0.3024,-0.3024
1.000000,1.000000,0.3024,-0.3024
1.000000,1.000000,0,-0
1.000000,1.000000,0,-0
1.000000,1.000000,0,-0
1.000000,1.000000,0,-0
1.000000,1.000000,0,-0
1.000000,1.000000,0,-0
1.000000,1.000000,0,-0
1.000000,1.000000,0,-0
1.000000,1.000000,0,-0
1.000000,1.000000,0,-0
1.000000,1.000000,0,-0
1.000000,1.000000,0,-0
1.000000,1.000000,0,-0
1.000000,1.000000,0.3024,-0.3024
1.000000,1.000000,0.3024,-0.3024
1.000000,1.000000,0.3024,-0.3024
1.000000,1.000000,0.3024,-0.3024
1.000000,1.000000,0.3024,-0.3024
1.000000,1.000000,0.3024,-0.3024
1.000000,1.000000,0.3024,-0.3024
1.000000,1.000000,0.3024,-0.3024
1.000000,1.000000,0.3024,-0.3024
1.000000,1.000000,0.3024,-0.3024
1.000000,1.000000,0.3024,-0.3024
1.000000,1.000000,0.3024,-0.3024
1.000000,1.000000,0.3024,-0.3024
1.000000,1.000000,0.3024,-0.3024
1.000000,1.000000,0.3024,-0.3024
1.000000,1.000000,0.3024,-0.3024
1.000000,1.000000,0.3024,-0.3024
1.000000,1.000000,0.3024,-0.3024
1.000000,1.000000,0.3024,-0.3024
1.000000,1.000000,0.3024,-0.3024
1.000000,1.000000,0.3024,-0.3024
1.000000,1.000000,0.3024,-0.3024
1.000000,1.000000,0.3024,-0.3024
1.000000,1.000000,0.3024,-0.3024
1.000000,1.000000,0.3024,-0.3024
1.000000,1.000000,0.3024,-0.3024
1.000000,1.000000,0.3024,-0.3024
1.000000,1.000000,0.3024,-0.3024
1.000000,1.000000,0.3024,-0.3024
1.000000,1.000000,0.3024,-0.3024
1.000000,1.000000,0.3024,-0.3024
1.000000,1.000000,0.3024,-0.3024
1.000000,1.000000,0.3024,-0.3024
1.000000,1.000000,0.3024,-0.3024
1.000000,1.000000,0.3024,-0.3024
1.000000,1.000000,0.3024,-0.3024
1.000000,1.000000,0.3024,-0.3024
1.000000,1.000000,0.3024,-0.3024
1.000000,1.000000,0.3024,-0.3024
1.000000,1.000000,0.3024,-0.3024
1.000000,1.000000,0.3024,-0.3024
1.000000,1.000000,0.3024,-0.3024
1.000000,1.000000,0.3024,-0.3024
1.000000,1.000000,0,-0
1.000000,1.000000,0,-0
1.000000,1.000000,0,-0
1.000000,1.000000,0,-0
1.000000,1.000000,0,-0
1.000000,1.000000,0,-0
1.000000,1.000000,0,-0
1.000000,1.000000,0,-0
1.000000,1.000000,0,-0
1.000000,1.000000,0,-0
1.000000,1.000000,0,-0
1.000000,1.000000,0,-0
1.000000,1.000000,0,-0
1.000000,1.000000,0,-0
1.000000,1.000000,0.3024,-0.3024
1.000000,1.000000,0.3024,-0.3024
1.000000,1.000000,0.3024,-0.3024
1.000000,1.000000,0.3024,-0.3024
1.000000,1.000000,0.3024,-0.3024
1.000000,1.000000,0.3024,-0.3024
1.000000,1.000000,0.3024,-0.3024
1.000000,1.000000,0.3024,-0.3024
1.000000,1.000000,0.3024,-0.3024
1.000000,1.000000,0.3024,-0.3024
1.000000,1.000000,0.3024,-0.3024
1.000000,1.000000,0.3024,-0.3024
1.000000,1.000000,0.3024,-0.3024
1.000000,1.000000,0.3024,-0.3024
1.000000,1.000000,0.3024,-0.3024
1.000000,1.000000,0.3024,-0.3024
1.000000,1.000000,0.3024,-0.3024
1.000000,1.000000,0.3024,-0.3024
1.000000,1.000000,0.3024,-0.3024
1.000000,1.000000,0.3024,-0.3024
1.000000,1.000000,0.3024,-0.3024
1.000000,1.000000,0.3024,-0.3024
1.000000,1.000000,0.3024,-0.3024
1.000000,1.000000,0.3024,-0.3024
1.000000,1.000000,0.3024,-0.3024
1.000000,1.000000,0.3024,-0.3024
1.000000,1.000000,0.3024,-0.3024
1.000000,1.000000,0.3024,-0.3024
1.000000,1.000000,0.3024,-0.3024
1.000000,1.000000,0.3024,-0.3024
1.000000,1.000000,0.3024,-0.3024
1.000000,1.000000,0.3024,-0.3024
1.000000,1.000000,0.3024,-0.3024
1.000000,1.000000,0.3024,-0.3024
1.000000,1.000000,0.3024,-0.3024
0.914557,0.914557,0.3024,-0.3024
1.000000,1.000000,0.3024,-0.3024
1.000000,1.000000,0.3024,-0.3024
0.982911,0.982911,0.3024,-0.3024
1.000000,1.000000,0.3024,-0.3024
1.000000,1.000000,0.3024,-0.3024
1.000000,1.000000,0.3024,-0.3024
1.000000,1.000000,0.3024,-0.3024
1.000000,1.000000,0.3024,-0.3024
1.000000,1.000000,0.3024,-0.3024
1.000000,1.000000,0.3024,-0.3024
1.000000,1.000000,0.3024,-0.3024
1.000000,1.000000,0.3024,-0.3024
1.000000,1.000000,0.3024,-0.3024
1.000000,1.000000,0.3024,-0.3024
1.000000,1.000000,0.3024,-0.3024
1.000000,1.000000,0.3024,-0.3024
1.000000,1.000000,0.3024,-0.3024
1.000000,1.000000,0.3024,-0.3024
1.000000,1.000000,0.3024,-0.3024
1.000000,1.000000,0.3024,-0.3024
1.000000,1.000000,0.3024,-0.3024
1.000000,1.000000,0.3024,-0.3024
1.000000,1.000000,0.3024,-0.3024
1.000000,1.000000,0.3024,-0.3024
1.000000,1.000000,0.3024,-0.3024
1.000000,1.000000,0.3024,-0.3024
1.000000,1.000000,0.3024,-0.3024
1.000000,1.000000,0.3024,-0.3024
1.000000,1.000000,0.3024,-0.3024
1.000000,1.000000,0.3024,-0.3024
1.000000,1.000000,0.3024,-0.3024
1.000000,1.000000,0.3024,-0.3024
1.000000,1.000000,0.3024,-0.3024
1.000000,1.000000,0.3024,-0.3024
1.000000,1.000000,0.3024,-0.3024
1.000000,1.000000,0.3024,-0.3024
1.000000,1.000000,0.3024,-0.3024
1.000000,1.000000,0.3024,-0.3024
1.000000,1.000000,0.3024,-0.3024
1.000000,1.000000,0.3024,-0.3024
1.000000,1.000000,0.3024,-0.3024
1.000000,1.000000,0.3024,-0.3024
1.000000,1.000000,0.3024,-0.3024
1.000000,1.000000,0.3024,-0.3024
1.000000,1.000000,0.3024,-0.3024
1.000000,1.000000,0.3024,-0.3024
1.000000,1.000000,0.3024,-0.3024
1.000000,1.000000,0.3024,-0.3024
1.000000,1.000000,0.3024,-0.3024
1.000000,1.000000,0.3024,-0.3024
1.000000,1.000000,0.3024,-0.3024
1.000000,1.000000,0.3024,-0.3024
1.000000,1.000000,0.3024,-0.3024
1.000000,1.000000,0.3024,-0.3024
1.000000,1.000000,0,-0
1.000000,1.000000,0,-0
1.000000,1.000000,0,-0
1.000000,1.000000,0,-0
1.000000,1.000000,0,-0
1.000000,1.000000,0,-0
1.000000,1.000000,0,-0
1.000000,1.000000,0,-0
1.000000,1.000000,0,-0
1.000000,1.000000,0,-0
1.000000,1.000000,0,-0
1.000000,1.000000,0,-0
1.000000,1.000000,0,-0
1.000000,1.000000,0,-0
1.000000,1.000000,0,-0
1.000000,1.000000,0.3024,-0.3024
1.000000,1.000000,0.3024,-0.3024
1.000000,1.000000,0.3024,-0.3024
1.000000,1.000000,0.3024,-0.3024
1.000000,1.000000,0.3024,-0.3024
1.000000,1.000000,0.3024,-0.3024
1.000000,1.000000,0.3024,-0.3024
1.000000,1.000000,0.3024,-0.3024
1.000000,1.000000,0.3024,-0.3024
1.000000,1.000000,0.3024,-0.3024
1.000000,1.000000,0.3024,-0.3024
1.000000,1.000000,0.3024,-0.3024
1.000000,1.000000,0.3024,-0.3024
1.000000,1.000000,0.3024,-0.3024
1.000000,1.000000,0.3024,-0.3024
1.000000,1.000000,0.3024,-0.3024
1.000000,1.000000,0.3024,-0.3024
1.000000,1.000000,0.3024,-0.3024
1.000000,1.000000,0.3024,-0.3024
1.000000,1.000000,0.3024,-0.3024
1.000000,1.000000,0.3024,-0.3024
1.000000,1.000000,0.3024,-0.3024
1.000000,1.000000,0.3024,-0.3024
1.000000,1.000000,0.3024,-0.3024
1.000000,1.000000,0.3024,-0.3024
1.000000,1.000000,0.3024,-0.3024
1.000000,1.000000,0.3024,-0.3024
1.000000,1.000000,0.3024,-0.3024
1.000000,1.000000,0.3024,-0.3024
1.000000,1.000000,0.3024,-0.3024
1.000000,1.000000,0.3024,-0.3024
1.000000,1.000000,0.3024,-0.3024
1.000000,1.000000,0.3024,-0.3024
1.000000,1.000000,0.3024,-0.3024
1.000000,1.000000,0.3024,-0.3024
1.000000,1.000000,0,-0
1.000000,1.000000,0,-0
1.000000,1.000000,0,-0
1.000000,1.000000,0,-0
1.000000,1.000000,0,-0
1.000000,1.000000,0,-0
1.000000,1.000000,0,-0
1.000000,1.000000,0,-0
1.000000,1.000000,0,-0
1.000000,1.000000,0,-0
1.000000,1.000000,0,-0
1.000000,1.000000,0,-0
1.000000,1.000000,0,-0
1.000000,1.000000,0,-0
1.000000,1.000000,0,-0
1.000000,1.000000,0,-0
1.000000,1.000000,0,-0
1.000000,1.000000,0,-0
1.000000,1.000000,0,-0
1.000000,1.000000,0,-0
1.000000,1.000000,0,-0
1.000000,1.000000,0.3024,-0.3024
1.000000,1.000000,0.3024,-0.3024
1.000000,1.000000,0.3024,-0.3024
1.000000,1.000000,0.3024,-0.3024
1.000000,1.000000,0.3024,-0.3024
1.000000,1.000000,0.3024,-0.3024
1.000000,1.000000,0.3024,-0.3024
1.000000,1.000000,0.3024,-0.3024
1.000000,1.000000,0.3024,-0.3024
1.000000,1.000000,0.3024,-0.3024
1.000000,1.000000,0.3024,-0.3024
1.000000,1.000000,0.3024,-0.3024
1.000000,1.000000,0.3024,-0.3024
1.000000,1.000000,0.3024,-0.3024
1.000000,1.000000,0.3024,-0.3024
1.000000,1.000000,0.3024,-0.3024
1.000000,1.000000,0,-0
1.000000,1.000000,0.3024,-0.3024
1.000000,1.000000,0.3024,-0.3024
1.000000,1.000000,0,-0
1.000000,1.000000,0,-0
1.000000,1.000000,0,-0
1.000000,1.000000,0,-0
1.000000,1.000000,0,-0
1.000000,1.000000,0,-0
1.000000,1.000000,0,-0
1.000000,1.000000,0,-0
1.000000,1.000000,0,-0
1.000000,1.000000,0,-0
1.000000,1.000000,0,-0
1.000000,1.000000,0,-0
1.000000,1.000000,0,-0
1.000000,1.000000,0,-0
1.000000,1.000000,0,-0
1.000000,1.000000,0,-0
1.000000,1.000000,0,-0
1.000000,1.000000,0,-0
1.000000,1.000000,0,-0
1.000000,1.000000,0,-0
1.000000,1.000000,0,-0
1.000000,1.000000,0,-0
1.000000,1.000000,0,-0
1.000000,1.000000,0,-0
1.000000,1.000000,0,-0
1.000000,1.000000,0.3024,-0.3024
1.000000,1.000000,0.3024,-0.3024
1.000000,1.000000,0.3024,-0.3024
1.000000,1.000000,0.3024,-0.3024
1.000000,1.000000,0.3024,-0.3024
1.000000,1.000000,0.3024,-0.3024
1.000000,1.000000,0.3024,-0.3024
1.000000,1.000000,0.3024,-0.3024
1.000000,1.000000,0.3024,-0.3024
1.000000,1.000000,0.3024,-0.3024
1.000000,1.000000,0.3024,-0.3024
1.000000,1.000000,0.3024,-0.3024
1.000000,1.000000,0.3024,-0.3024
1.000000,1.000000,0.3024,-0.3024
1.000000,1.000000,0.3024,-0.3024
1.000000,1.000000,0.3024,-0.3024
1.000000,1.000000,0.3024,-0.3024
1.000000,1.000000,0.3024,-0.3024
1.000000,1.000000,0.3024,-0.3024
1.000000,1.000000,0.3024,-0.3024
1.000000,1.000000,0.3024,-0.3024
1.000000,1.000000,0.3024,-0.3024
1.000000,1.000000,0.3024,-0.3024
