0cont_fund,0ins_pout,0ins_price,0infra_npv,0debt_serv,0gross_rev,0cont_contrib,0drought_cost,0water_price
0,0,0,0,0.000499492,2.61884e+07,-950656,950656,1.39636e+07
0,0,0,0,0,2.60944e+07,-885466,885466,1.39636e+07
0,0,0,0,0,2.60997e+07,-884114,884114,1.39636e+07
0,0,0,0,0,2.6105e+07,-882762,882762,1.39636e+07
0,0,0,0,0,2.87944e+07,-881409,881409,1.39636e+07
0,0,0,0,0,2.79756e+07,-349878,349878,1.39636e+07
0,0,0,0,0,2.79815e+07,-348365,348365,1.39636e+07
0,0,0,0,0,2.79874e+07,-346852,346852,1.39636e+07
0,0,0,0,0,2.42946e+07,-345338,345338,1.39636e+07
0,0,0,0,0,2.52435e+07,-950656,950656,1.39636e+07
0,0,0,0,0,2.52507e+07,-950656,950656,1.39636e+07
0,0,0,0,0,2.52578e+07,-950656,950656,1.39636e+07
0,0,0,0,0,2.52649e+07,-950656,950656,1.39636e+07
0,0,0,0,0,2.61893e+07,-950656,950656,1.39636e+07
0,0,0,0,0,2.60793e+07,-875148,875148,1.39636e+07
0,0,0,0,0,2.60846e+07,-873793,873793,1.39636e+07
0,0,0,0,0,2.60899e+07,-872439,872439,1.39636e+07
0,0,0,0,0,2.57375e+07,-871084,871084,1.39636e+07
0,0,0,0,0,2.58483e+07,-937596,937596,1.39636e+07
0,0,0,0,0,2.58535e+07,-936261,936261,1.39636e+07
0,0,0,0,0,2.58588e+07,-934925,934925,1.39636e+07
0,0,0,0,0,2.71106e+07,-933589,933589,1.39636e+07
0,0,0,0,0,2.67413e+07,-691286,691286,1.39636e+07
0,0,0,0,0,2.67468e+07,-689878,689878,1.39636e+07
0,0,0,0,0,2.67523e+07,-688468,688468,1.39636e+07
0,0,0,0,0,2.67578e+07,-687058,687058,1.39636e+07
0,0,0,0,0,2.70573e+07,-685648,685648,1.39636e+07
0,0,0,0,0,2.68566e+07,-551600,551600,1.39636e+07
0,0,0,0,0,2.68621e+07,-550150,550150,1.39636e+07
0,0,0,0,0,2.68676e+07,-548699,548699,1.39636e+07
0,0,0,0,0,2.74964e+07,-547247,547247,1.39636e+07
0,0,0,0,0,2.7318e+07,-427445,427445,1.39636e+07
0,0,0,0,0,2.73237e+07,-425957,425957,1.39636e+07
0,0,0,0,0,2.73294e+07,-424469,424469,1.39636e+07
0,0,0,0,0,2.94044e+07,-422981,422981,1.39636e+07
0,0,0,0,0,2.87549e+07,0,0,1.39636e+07
0,0,0,0,0,2.87635e+07,0,0,1.39636e+07
0,0,0,0,0,2.87721e+07,0,0,1.39636e+07
0,0,0,0,0,2.87808e+07,0,0,1.39636e+07
0,0,0,0,0,2.76257e+07,0,0,1.39636e+07
0,0,0,0,0,2.80163e+07,-245690,245690,1.39636e+07
0,0,0,0,0,2.80221e+07,-244148,244148,1.39636e+07
0,0,0,0,0,2.8028e+07,-242606,242606,1.39636e+07
0,0,0,0,0,2.70078e+07,-241064,241064,1.39636e+07
0,0,0,0,0,2.7382e+07,-476457,476457,1.39636e+07
0,0,0,0,0,2.73877e+07,-474985,474985,1.39636e+07
0,0,0,0,0,2.73934e+07,-473513,473513,1.39636e+07
0,0,0,0,0,2.50202e+07,-472040,472040,1.39636e+07
0,0,0,0,0,2.57721e+07,-950656,950656,1.39636e+07
0,0,0,0,0,2.57794e+07,-950656,950656,1.39636e+07
0,0,0,0,0,2.57867e+07,-950656,950656,1.39636e+07
0,0,0,0,0,2.5794e+07,-950656,950656,1.39636e+07
0,0,0,6.82458e+07,0.000499492,2.65765e+07,-950656,950656,1.39636e+07
0,0,0,6.82458e+07,0,2.63723e+07,-814741,814741,1.39636e+07
0,0,0,6.82458e+07,0,2.63775e+07,-813413,813413,1.39636e+07
0,0,0,6.82458e+07,0,2.63827e+07,-812085,812085,1.39636e+07
0,0,0,6.82458e+07,0,2.9114e+07,-810756,810756,1.39636e+07
0,0,0,6.82458e+07,0,2.82822e+07,-270945,270945,1.39636e+07
0,0,0,6.82458e+07,0,2.8288e+07,-269460,269460,1.39636e+07
0,0,0,6.82458e+07,0,2.82937e+07,-267974,267974,1.39636e+07
0,0,0,6.82458e+07,0,2.45431e+07,-266488,266488,1.39636e+07
0,0,0,6.82458e+07,0,2.56146e+07,-950656,950656,1.39636e+07
0,0,0,6.82458e+07,0,2.56216e+07,-950656,950656,1.39636e+07
0,0,0,6.82458e+07,0,2.56286e+07,-950656,950656,1.39636e+07
0,0,0,6.82458e+07,0,2.56356e+07,-950656,950656,1.39636e+07
0,0,0,6.82458e+07,0,2.65741e+07,-950656,950656,1.39636e+07
0,0,0,6.82458e+07,0,2.63546e+07,-804854,804854,1.39636e+07
0,0,0,6.82458e+07,0,2.63598e+07,-803524,803524,1.39636e+07
0,0,0,6.82458e+07,0,2.6365e+07,-802194,802194,1.39636e+07
0,0,0,6.82458e+07,0,2.60069e+07,-800863,800863,1.39636e+07
0,0,0,6.82458e+07,0,2.61193e+07,-868454,868454,1.39636e+07
0,0,0,6.82458e+07,0,2.61244e+07,-867143,867143,1.39636e+07
0,0,0,6.82458e+07,0,2.61296e+07,-865831,865831,1.39636e+07
0,0,0,6.82458e+07,0,2.74006e+07,-864519,864519,1.39636e+07
0,0,0,6.82458e+07,0,2.70254e+07,-618509,618509,1.39636e+07
0,0,0,6.82458e+07,0,2.70308e+07,-617125,617125,1.39636e+07
0,0,0,6.82458e+07,0,2.70362e+07,-615742,615742,1.39636e+07
0,0,0,6.82458e+07,0,2.70417e+07,-614357,614357,1.39636e+07
0,0,0,6.82458e+07,0,2.73456e+07,-612973,612973,1.39636e+07
0,0,0,6.82458e+07,0,2.71415e+07,-476903,476903,1.39636e+07
0,0,0,6.82458e+07,0,2.7147e+07,-475479,475479,1.39636e+07
0,0,0,6.82458e+07,0,2.71524e+07,-474054,474054,1.39636e+07
0,0,0,6.82458e+07,0,2.77907e+07,-472629,472629,1.39636e+07
0,0,0,6.82458e+07,0,2.76093e+07,-351031,351031,1.39636e+07
0,0,0,6.82458e+07,0,2.76149e+07,-349570,349570,1.39636e+07
0,0,0,6.82458e+07,0,2.76205e+07,-348109,348109,1.39636e+07
0,0,0,6.82458e+07,0,2.97271e+07,-346648,346648,1.39636e+07
0,0,0,6.82458e+07,0,2.91963e+07,0,0,1.39636e+07
0,0,0,6.82458e+07,0,2.92047e+07,0,0,1.39636e+07
0,0,0,6.82458e+07,0,2.92132e+07,0,0,1.39636e+07
0,0,0,6.82458e+07,0,2.92217e+07,0,0,1.39636e+07
0,0,0,6.82458e+07,0,2.80487e+07,0,0,1.39636e+07
0,0,0,6.82458e+07,0,2.83165e+07,-166943,166943,1.39636e+07
0,0,0,6.82458e+07,0,2.83223e+07,-165429,165429,1.39636e+07
0,0,0,6.82458e+07,0,2.83281e+07,-163916,163916,1.39636e+07
0,0,0,6.82458e+07,0,2.72921e+07,-162402,162402,1.39636e+07
0,0,0,6.82458e+07,0,2.76719e+07,-401441,401441,1.39636e+07
0,0,0,6.82458e+07,0,2.76774e+07,-399996,399996,1.39636e+07
0,0,0,6.82458e+07,0,2.7683e+07,-398551,398551,1.39636e+07
0,0,0,6.82458e+07,0,2.52735e+07,-397105,397105,1.39636e+07
0,0,0,6.82458e+07,0,2.60588e+07,-897243,897243,1.39636e+07
0,0,0,6.82458e+07,0,2.60639e+07,-895941,895941,1.39636e+07
0,0,0,6.82458e+07,0,2.6069e+07,-894640,894640,1.39636e+07
0,0,0,6.82458e+07,0,2.60741e+07,-893338,893338,1.39636e+07
0,0,0,6.82458e+07,0.000499492,2.68662e+07,-892036,892036,1.39636e+07
0,0,0,6.82458e+07,0,2.6645e+07,-745306,745306,1.39636e+07
0,0,0,6.82458e+07,0,2.66502e+07,-744006,744006,1.39636e+07
0,0,0,6.82458e+07,0,2.66553e+07,-742705,742705,1.39636e+07
0,0,0,6.82458e+07,0,2.94277e+07,-741404,741404,1.39636e+07
0,0,0,6.82458e+07,0,2.85831e+07,-193468,193468,1.39636e+07
0,0,0,6.82458e+07,0,2.85888e+07,-192014,192014,1.39636e+07
0,0,0,6.82458e+07,0,2.85944e+07,-190558,190558,1.39636e+07
0,0,0,6.82458e+07,0,2.4787e+07,-189103,189103,1.39636e+07
0,0,0,6.82458e+07,0,2.59342e+07,-922058,922058,1.39636e+07
0,0,0,6.82458e+07,0,2.59391e+07,-920807,920807,1.39636e+07
0,0,0,6.82458e+07,0,2.5944e+07,-919556,919556,1.39636e+07
0,0,0,6.82458e+07,0,2.59489e+07,-918305,918305,1.39636e+07
0,0,0,6.82458e+07,0,2.68994e+07,-917053,917053,1.39636e+07
0,0,0,6.82458e+07,0,2.66247e+07,-735886,735886,1.39636e+07
0,0,0,6.82458e+07,0,2.66298e+07,-734583,734583,1.39636e+07
0,0,0,6.82458e+07,0,2.66349e+07,-733281,733281,1.39636e+07
0,0,0,6.82458e+07,0,2.62713e+07,-731978,731978,1.39636e+07
0,0,0,6.82458e+07,0,2.63851e+07,-800630,800630,1.39636e+07
0,0,0,6.82458e+07,0,2.63901e+07,-799346,799346,1.39636e+07
0,0,0,6.82458e+07,0,2.63952e+07,-798061,798061,1.39636e+07
0,0,0,6.82458e+07,0,2.76851e+07,-796777,796777,1.39636e+07
0,0,0,6.82458e+07,0,2.73041e+07,-547132,547132,1.39636e+07
0,0,0,6.82458e+07,0,2.73094e+07,-545777,545777,1.39636e+07
0,0,0,6.82458e+07,0,2.73147e+07,-544422,544422,1.39636e+07
0,0,0,6.82458e+07,0,2.73199e+07,-543067,543067,1.39636e+07
0,0,0,6.82458e+07,0,2.76282e+07,-541711,541711,1.39636e+07
0,0,0,6.82458e+07,0,2.74209e+07,-403661,403661,1.39636e+07
0,0,0,6.82458e+07,0,2.74262e+07,-402267,402267,1.39636e+07
0,0,0,6.82458e+07,0,2.74316e+07,-400872,400872,1.39636e+07
0,0,0,6.82458e+07,0,2.80791e+07,-399476,399476,1.39636e+07
0,0,0,6.82458e+07,0,2.78949e+07,-276120,276120,1.39636e+07
0,0,0,6.82458e+07,0,2.79004e+07,-274690,274690,1.39636e+07
0,0,0,6.82458e+07,0,2.79058e+07,-273260,273260,1.39636e+07
0,0,0,6.82458e+07,0,3.00435e+07,-271829,271829,1.39636e+07
0,0,0,6.82458e+07,0,2.96289e+07,0,0,1.39636e+07
0,0,0,6.82458e+07,0,2.96372e+07,0,0,1.39636e+07
0,0,0,6.82458e+07,0,2.96455e+07,0,0,1.39636e+07
0,0,0,6.82458e+07,0,2.96537e+07,0,0,1.39636e+07
0,0,0,6.82458e+07,0,2.84631e+07,0,0,1.39636e+07
0,0,0,6.82458e+07,0,2.86108e+07,-89780.2,89780.2,1.39636e+07
0,0,0,6.82458e+07,0,2.86164e+07,-88298.8,88298.8,1.39636e+07
0,0,0,6.82458e+07,0,2.86221e+07,-86816.6,86816.6,1.39636e+07
0,0,0,6.82458e+07,0,2.75706e+07,-85334.4,85334.4,1.39636e+07
0,0,0,6.82458e+07,0,2.79558e+07,-327949,327949,1.39636e+07
0,0,0,6.82458e+07,0,2.79612e+07,-326535,326535,1.39636e+07
0,0,0,6.82458e+07,0,2.79667e+07,-325119,325119,1.39636e+07
0,0,0,6.82458e+07,0,2.55216e+07,-323704,323704,1.39636e+07
0,0,0,6.82458e+07,0,2.63182e+07,-831242,831242,1.39636e+07
0,0,0,6.82458e+07,0,2.63232e+07,-829967,829967,1.39636e+07
0,0,0,6.82458e+07,0,2.63282e+07,-828693,828693,1.39636e+07
0,0,0,6.82458e+07,0,2.63332e+07,-827419,827419,1.39636e+07
0,0,0,6.82458e+07,0.000499492,2.71367e+07,-826144,826144,1.39636e+07
0,0,0,6.82458e+07,0,2.69121e+07,-677312,677312,1.39636e+07
0,0,0,6.82458e+07,0,2.69171e+07,-676041,676041,1.39636e+07
0,0,0,6.82458e+07,0,2.69221e+07,-674770,674770,1.39636e+07
0,0,0,6.82458e+07,0,2.97348e+07,-673498,673498,1.39636e+07
0,0,0,6.82458e+07,0,2.88777e+07,-117611,117611,1.39636e+07
0,0,0,6.82458e+07,0,2.88832e+07,-116189,116189,1.39636e+07
0,0,0,6.82458e+07,0,2.88888e+07,-114767,114767,1.39636e+07
0,0,0,6.82458e+07,0,2.50257e+07,-113344,113344,1.39636e+07
0,0,0,6.82458e+07,0,2.61894e+07,-857024,857024,1.39636e+07
0,0,0,6.82458e+07,0,2.61942e+07,-855801,855801,1.39636e+07
0,0,0,6.82458e+07,0,2.6199e+07,-854579,854579,1.39636e+07
0,0,0,6.82458e+07,0,2.62038e+07,-853356,853356,1.39636e+07
0,0,0,6.82458e+07,0,2.71679e+07,-852133,852133,1.39636e+07
0,0,0,6.82458e+07,0,2.6889e+07,-668384,668384,1.39636e+07
0,0,0,6.82458e+07,0,2.6894e+07,-667111,667111,1.39636e+07
0,0,0,6.82458e+07,0,2.6899e+07,-665837,665837,1.39636e+07
0,0,0,6.82458e+07,0,2.65299e+07,-664564,664564,1.39636e+07
0,0,0,6.82458e+07,0,2.66452e+07,-734258,734258,1.39636e+07
0,0,0,6.82458e+07,0,2.66501e+07,-733003,733003,1.39636e+07
0,0,0,6.82458e+07,0,2.66551e+07,-731748,731748,1.39636e+07
0,0,0,6.82458e+07,0,2.79634e+07,-730492,730492,1.39636e+07
0,0,0,6.82458e+07,0,2.75767e+07,-477294,477294,1.39636e+07
0,0,0,6.82458e+07,0,2.75818e+07,-475970,475970,1.39636e+07
0,0,0,6.82458e+07,0,2.7587e+07,-474646,474646,1.39636e+07
0,0,0,6.82458e+07,0,2.75922e+07,-473321,473321,1.39636e+07
0,0,0,6.82458e+07,0,2.79047e+07,-471996,471996,1.39636e+07
0,0,0,6.82458e+07,0,2.76942e+07,-332013,332013,1.39636e+07
0,0,0,6.82458e+07,0,2.76994e+07,-330650,330650,1.39636e+07
0,0,0,6.82458e+07,0,2.77046e+07,-329287,329287,1.39636e+07
0,0,0,6.82458e+07,0,2.83613e+07,-327923,327923,1.39636e+07
0,0,0,6.82458e+07,0,2.81742e+07,-202852,202852,1.39636e+07
0,0,0,6.82458e+07,0,2.81795e+07,-201454,201454,1.39636e+07
0,0,0,6.82458e+07,0,2.81849e+07,-200056,200056,1.39636e+07
0,0,0,6.82458e+07,0,3.03529e+07,-198658,198658,1.39636e+07
0,0,0,6.82458e+07,0,3.00519e+07,0,0,1.39636e+07
0,0,0,6.82458e+07,0,3.006e+07,0,0,1.39636e+07
0,0,0,6.82458e+07,0,3.00681e+07,0,0,1.39636e+07
0,0,0,6.82458e+07,0,3.00762e+07,0,0,1.39636e+07
0,0,0,6.82458e+07,0,2.88683e+07,0,0,1.39636e+07
0,0,0,6.82458e+07,0,2.88984e+07,-14336.4,14336.4,1.39636e+07
0,0,0,6.82458e+07,0,2.89039e+07,-12888.3,12888.3,1.39636e+07
0,0,0,6.82458e+07,0,2.89095e+07,-11440.2,11440.2,1.39636e+07
0,0,0,6.82458e+07,0,2.78429e+07,-9991.79,9991.79,1.39636e+07
0,0,0,6.82458e+07,0,2.82333e+07,-256106,256106,1.39636e+07
0,0,0,6.82458e+07,0,2.82386e+07,-254724,254724,1.39636e+07
0,0,0,6.82458e+07,0,2.8244e+07,-253341,253341,1.39636e+07
0,0,0,6.82458e+07,0,2.5764e+07,-251958,251958,1.39636e+07
0,0,0,6.82458e+07,0,2.65718e+07,-766731,766731,1.39636e+07
0,0,0,6.82458e+07,0,2.65767e+07,-765486,765486,1.39636e+07
0,0,0,6.82458e+07,0,2.65815e+07,-764241,764241,1.39636e+07
0,0,0,6.82458e+07,0,2.65864e+07,-762996,762996,1.39636e+07
0,0,0,6.82458e+07,0.000499492,2.74011e+07,-761750,761750,1.39636e+07
0,0,0,6.82458e+07,0,2.71731e+07,-610867,610867,1.39636e+07
0,0,0,6.82458e+07,0,2.7178e+07,-609627,609627,1.39636e+07
0,0,0,6.82458e+07,0,2.71829e+07,-608386,608386,1.39636e+07
0,0,0,6.82458e+07,0,3.00349e+07,-607145,607145,1.39636e+07
0,0,0,6.82458e+07,0,2.91656e+07,-43491.1,43491.1,1.39636e+07
0,0,0,6.82458e+07,0,2.91709e+07,-42103.7,42103.7,1.39636e+07
0,0,0,6.82458e+07,0,2.91763e+07,-40716,40716,1.39636e+07
0,0,0,6.82458e+07,0,2.52589e+07,-39327.9,39327.9,1.39636e+07
0,0,0,6.82458e+07,0,2.64388e+07,-793488,793488,1.39636e+07
0,0,0,6.82458e+07,0,2.64434e+07,-792295,792295,1.39636e+07
0,0,0,6.82458e+07,0,2.64481e+07,-791102,791102,1.39636e+07
0,0,0,6.82458e+07,0,2.64528e+07,-789909,789909,1.39636e+07
0,0,0,6.82458e+07,0,2.74302e+07,-788716,788716,1.39636e+07
0,0,0,6.82458e+07,0,2.71472e+07,-602447,602447,1.39636e+07
0,0,0,6.82458e+07,0,2.7152e+07,-601205,601205,1.39636e+07
0,0,0,6.82458e+07,0,2.71569e+07,-599963,599963,1.39636e+07
0,0,0,6.82458e+07,0,2.67825e+07,-598720,598720,1.39636e+07
0,0,0,6.82458e+07,0,2.68992e+07,-669433,669433,1.39636e+07
0,0,0,6.82458e+07,0,2.6904e+07,-668209,668209,1.39636e+07
0,0,0,6.82458e+07,0,2.69089e+07,-666984,666984,1.39636e+07
0,0,0,6.82458e+07,0,2.82351e+07,-665759,665759,1.39636e+07
0,0,0,6.82458e+07,0,2.78429e+07,-409095,409095,1.39636e+07
0,0,0,6.82458e+07,0,2.78479e+07,-407803,407803,1.39636e+07
0,0,0,6.82458e+07,0,2.7853e+07,-406511,406511,1.39636e+07
0,0,0,6.82458e+07,0,2.7858e+07,-405218,405218,1.39636e+07
0,0,0,6.82458e+07,0,2.81746e+07,-403926,403926,1.39636e+07
0,0,0,6.82458e+07,0,2.7961e+07,-262057,262057,1.39636e+07
0,0,0,6.82458e+07,0,2.79661e+07,-260728,260728,1.39636e+07
0,0,0,6.82458e+07,0,2.79712e+07,-259397,259397,1.39636e+07
0,0,0,6.82458e+07,0,2.86367e+07,-258067,258067,1.39636e+07
0,0,0,6.82458e+07,0,2.84468e+07,-131323,131323,1.39636e+07
0,0,0,6.82458e+07,0,2.8452e+07,-129959,129959,1.39636e+07
0,0,0,6.82458e+07,0,2.84572e+07,-128596,128596,1.39636e+07
0,0,0,6.82458e+07,0,3.06549e+07,-127232,127232,1.39636e+07
0,0,0,6.82458e+07,0,3.04648e+07,0,0,1.39636e+07
0,0,0,6.82458e+07,0,3.04727e+07,0,0,1.39636e+07
0,0,0,6.82458e+07,0,3.04806e+07,0,0,1.39636e+07
0,0,0,6.82458e+07,0,3.04885e+07,0,0,1.39636e+07
0,0,0,6.82458e+07,0,2.92638e+07,0,0,1.39636e+07
0,0,0,6.82458e+07,0,2.92714e+07,0,0,1.39636e+07
0,0,0,6.82458e+07,0,2.9279e+07,0,0,1.39636e+07
0,0,0,6.82458e+07,0,2.92866e+07,0,0,1.39636e+07
0,0,0,6.82458e+07,0,2.82074e+07,0,0,1.39636e+07
0,0,0,6.82458e+07,0,2.85041e+07,-185999,185999,1.39636e+07
0,0,0,6.82458e+07,0,2.85093e+07,-184651,184651,1.39636e+07
0,0,0,6.82458e+07,0,2.85145e+07,-183302,183302,1.39636e+07
0,0,0,6.82458e+07,0,2.60006e+07,-181953,181953,1.39636e+07
0,0,0,6.82458e+07,0,2.68191e+07,-703789,703789,1.39636e+07
0,0,0,6.82458e+07,0,2.68239e+07,-702574,702574,1.39636e+07
0,0,0,6.82458e+07,0,2.68287e+07,-701360,701360,1.39636e+07
0,0,0,6.82458e+07,0,2.68335e+07,-700146,700146,1.39636e+07
0,0,0,6.82458e+07,0,2.7659e+07,-698931,698931,1.39636e+07
0,0,0,3.34378e+08,0.000499492,2.74277e+07,-546048,546048,1.39636e+07
0,0,0,3.34378e+08,0,2.74325e+07,-544839,544839,1.39636e+07
0,0,0,3.34378e+08,0,2.74373e+07,-543630,543630,1.39636e+07
0,0,0,3.34378e+08,0,3.03277e+07,-542421,542421,1.39636e+07
0,0,0,3.34378e+08,0,2.94911e+07,0,0,1.39636e+07
0,0,0,3.34378e+08,0,2.94985e+07,0,0,1.39636e+07
0,0,0,3.34378e+08,0,2.95058e+07,0,0,1.39636e+07
0,0,0,3.34378e+08,0,2.55375e+07,0,0,1.39636e+07
0,0,0,3.34378e+08,0,2.66819e+07,-731519,731519,1.39636e+07
0,0,0,3.34378e+08,0,2.66865e+07,-730357,730357,1.39636e+07
0,0,0,3.34378e+08,0,2.66911e+07,-729195,729195,1.39636e+07
0,0,0,3.34378e+08,0,2.66956e+07,-728033,728033,1.39636e+07
0,0,0,3.34378e+08,0,2.76859e+07,-726870,726870,1.39636e+07
0,0,0,3.34378e+08,0,2.73989e+07,-538145,538145,1.39636e+07
0,0,0,3.34378e+08,0,2.74037e+07,-536935,536935,1.39636e+07
0,0,0,3.34378e+08,0,2.74084e+07,-535725,535725,1.39636e+07
0,0,0,3.34378e+08,0,2.70288e+07,-534514,534514,1.39636e+07
0,0,0,3.34378e+08,0,2.71469e+07,-606223,606223,1.39636e+07
0,0,0,3.34378e+08,0,2.71516e+07,-605030,605030,1.39636e+07
0,0,0,3.34378e+08,0,2.71563e+07,-603837,603837,1.39636e+07
0,0,0,3.34378e+08,0,2.85001e+07,-602644,602644,1.39636e+07
0,0,0,3.34378e+08,0,2.81024e+07,-342600,342600,1.39636e+07
0,0,0,3.34378e+08,0,2.81073e+07,-341341,341341,1.39636e+07
0,0,0,3.34378e+08,0,2.81122e+07,-340083,340083,1.39636e+07
0,0,0,3.34378e+08,0,2.81171e+07,-338823,338823,1.39636e+07
0,0,0,3.34378e+08,0,2.84378e+07,-337564,337564,1.39636e+07
0,0,0,3.34378e+08,0,2.82212e+07,-193859,193859,1.39636e+07
0,0,0,3.34378e+08,0,2.82261e+07,-192564,192564,1.39636e+07
0,0,0,3.34378e+08,0,2.82311e+07,-191268,191268,1.39636e+07
0,0,0,3.34378e+08,0,2.89052e+07,-189972,189972,1.39636e+07
0,0,0,3.34378e+08,0,2.87126e+07,-61599.1,61599.1,1.39636e+07
0,0,0,3.34378e+08,0,2.87177e+07,-60270.9,60270.9,1.39636e+07
0,0,0,3.34378e+08,0,2.87227e+07,-58942.4,58942.4,1.39636e+07
0,0,0,3.34378e+08,0,3.09492e+07,-57613.9,57613.9,1.39636e+07
0,0,0,3.34378e+08,0,3.08673e+07,0,0,1.39636e+07
0,0,0,3.34378e+08,0,3.0875e+07,0,0,1.39636e+07
0,0,0,3.34378e+08,0,3.08827e+07,0,0,1.39636e+07
0,0,0,3.34378e+08,0,3.08904e+07,0,0,1.39636e+07
0,0,0,3.34378e+08,0,2.96492e+07,0,0,1.39636e+07
0,0,0,3.34378e+08,0,2.96566e+07,0,0,1.39636e+07
0,0,0,3.34378e+08,0,2.9664e+07,0,0,1.39636e+07
0,0,0,3.34378e+08,0,2.96714e+07,0,0,1.39636e+07
0,0,0,3.34378e+08,0,2.85777e+07,0,0,1.39636e+07
0,0,0,3.34378e+08,0,2.8768e+07,-117686,117686,1.39636e+07
0,0,0,3.34378e+08,0,2.8773e+07,-116372,116372,1.39636e+07
0,0,0,3.34378e+08,0,2.87781e+07,-115058,115058,1.39636e+07
0,0,0,3.34378e+08,0,2.62311e+07,-113745,113745,1.39636e+07
0,0,0,3.34378e+08,0,2.70602e+07,-642463,642463,1.39636e+07
0,0,0,3.34378e+08,0,2.70648e+07,-641280,641280,1.39636e+07
0,0,0,3.34378e+08,0,2.70695e+07,-640098,640098,1.39636e+07
0,0,0,3.34378e+08,0,2.70741e+07,-638915,638915,1.39636e+07
0,0,0,3.34378e+08,0,2.70723e+07,-637731,637731,1.39636e+07
0,0,0,3.34378e+08,1.02586e+07,2.83971e+07,-950656,950656,1.39636e+07
0,0,0,3.34378e+08,0,2.84035e+07,-950656,950656,1.39636e+07
0,0,0,3.34378e+08,0,2.841e+07,-950656,950656,1.39636e+07
0,0,0,3.34378e+08,0,2.84164e+07,-950656,950656,1.39636e+07
0,0,0,3.34378e+08,0,3.13461e+07,-950656,950656,1.39636e+07
0,0,0,3.34378e+08,0,3.13532e+07,-950656,950656,1.39636e+07
0,0,0,3.34378e+08,0,3.13604e+07,-950656,950656,1.39636e+07
0,0,0,3.34378e+08,0,3.13675e+07,-950656,950656,1.39636e+07
0,0,0,3.34378e+08,0,2.73474e+07,-950656,950656,1.39636e+07
0,0,0,3.34378e+08,0,2.73536e+07,-950656,950656,1.39636e+07
0,0,0,3.34378e+08,0,2.73598e+07,-950656,950656,1.39636e+07
0,0,0,3.34378e+08,0,2.7366e+07,-950656,950656,1.39636e+07
0,0,0,3.34378e+08,0,2.73722e+07,-950656,950656,1.39636e+07
0,0,0,3.34378e+08,0,2.83769e+07,-950656,950656,1.39636e+07
0,0,0,3.34378e+08,0,2.83833e+07,-950656,950656,1.39636e+07
0,0,0,3.34378e+08,0,2.83898e+07,-950656,950656,1.39636e+07
0,0,0,3.34378e+08,0,2.83962e+07,-950656,950656,1.39636e+07
0,0,0,3.34378e+08,0,2.80134e+07,-950656,950656,1.39636e+07
0,0,0,3.34378e+08,0,2.80197e+07,-950656,950656,1.39636e+07
0,0,0,3.34378e+08,0,2.80261e+07,-950656,950656,1.39636e+07
0,0,0,3.34378e+08,0,2.80324e+07,-950656,950656,1.39636e+07
0,0,0,3.34378e+08,0,2.93951e+07,-950656,950656,1.39636e+07
0,0,0,3.34378e+08,0,2.94018e+07,-950656,950656,1.39636e+07
0,0,0,3.34378e+08,0,2.94085e+07,-950656,950656,1.39636e+07
0,0,0,3.34378e+08,0,2.94152e+07,-950656,950656,1.39636e+07
0,0,0,3.34378e+08,0,2.94218e+07,-950656,950656,1.39636e+07
0,0,0,3.34378e+08,0,2.97483e+07,-950656,950656,1.39636e+07
0,0,0,3.34378e+08,0,2.9755e+07,-950656,950656,1.39636e+07
0,0,0,3.34378e+08,0,2.97618e+07,-950656,950656,1.39636e+07
0,0,0,3.34378e+08,0,2.97686e+07,-950656,950656,1.39636e+07
0,0,0,3.34378e+08,0,3.04531e+07,-950656,950656,1.39636e+07
0,0,0,3.34378e+08,0,3.046e+07,-950656,950656,1.39636e+07
0,0,0,3.34378e+08,0,3.04669e+07,-950656,950656,1.39636e+07
0,0,0,3.34378e+08,0,3.04739e+07,-950656,950656,1.39636e+07
0,0,0,3.34378e+08,0,3.27305e+07,-950656,950656,1.39636e+07
0,0,0,3.34378e+08,0,3.27379e+07,-950656,950656,1.39636e+07
0,0,0,3.34378e+08,0,3.27454e+07,-950656,950656,1.39636e+07
0,0,0,3.34378e+08,0,3.27529e+07,-950656,950656,1.39636e+07
0,0,0,3.34378e+08,0,3.27604e+07,-950656,950656,1.39636e+07
0,0,0,3.34378e+08,0,3.15032e+07,-950656,950656,1.39636e+07
0,0,0,3.34378e+08,0,3.15104e+07,-950656,950656,1.39636e+07
0,0,0,3.34378e+08,0,3.15176e+07,-950656,950656,1.39636e+07
0,0,0,3.34378e+08,0,3.15248e+07,-950656,950656,1.39636e+07
0,0,0,3.34378e+08,0,3.0417e+07,-950656,950656,1.39636e+07
0,0,0,3.34378e+08,0,3.0424e+07,-950656,950656,1.39636e+07
0,0,0,3.34378e+08,0,3.04309e+07,-950656,950656,1.39636e+07
0,0,0,3.34378e+08,0,3.04378e+07,-950656,950656,1.39636e+07
0,0,0,3.34378e+08,0,2.78606e+07,-950656,950656,1.39636e+07
0,0,0,3.34378e+08,0,2.78669e+07,-950656,950656,1.39636e+07
0,0,0,3.34378e+08,0,2.78732e+07,-950656,950656,1.39636e+07
0,0,0,3.34378e+08,0,2.78795e+07,-950656,950656,1.39636e+07
0,0,0,3.34378e+08,0,2.78858e+07,-950656,950656,1.39636e+07
0,0,0,3.34378e+08,1.02586e+07,2.8734e+07,-950656,950656,1.39636e+07
0,0,0,3.34378e+08,0,2.87402e+07,-950656,950656,1.39636e+07
0,0,0,3.34378e+08,0,2.87465e+07,-950656,950656,1.39636e+07
0,0,0,3.34378e+08,0,2.87528e+07,-950656,950656,1.39636e+07
0,0,0,3.34378e+08,0,3.17187e+07,-950656,950656,1.39636e+07
0,0,0,3.34378e+08,0,3.17256e+07,-950656,950656,1.39636e+07
0,0,0,3.34378e+08,0,3.17326e+07,-950656,950656,1.39636e+07
0,0,0,3.34378e+08,0,3.17395e+07,-950656,950656,1.39636e+07
0,0,0,3.34378e+08,0,2.76691e+07,-950656,950656,1.39636e+07
0,0,0,3.34378e+08,0,2.76751e+07,-950656,950656,1.39636e+07
0,0,0,3.34378e+08,0,2.76811e+07,-950656,950656,1.39636e+07
0,0,0,3.34378e+08,0,2.76872e+07,-950656,950656,1.39636e+07
0,0,0,3.34378e+08,0,2.76932e+07,-950656,950656,1.39636e+07
0,0,0,3.34378e+08,0,2.871e+07,-950656,950656,1.39636e+07
0,0,0,3.34378e+08,0,2.87163e+07,-950656,950656,1.39636e+07
0,0,0,3.34378e+08,0,2.87225e+07,-950656,950656,1.39636e+07
0,0,0,3.34378e+08,0,2.87288e+07,-950656,950656,1.39636e+07
0,0,0,3.34378e+08,0,2.8341e+07,-950656,950656,1.39636e+07
0,0,0,3.34378e+08,0,2.83471e+07,-950656,950656,1.39636e+07
0,0,0,3.34378e+08,0,2.83533e+07,-950656,950656,1.39636e+07
0,0,0,3.34378e+08,0,2.83595e+07,-950656,950656,1.39636e+07
0,0,0,3.34378e+08,0,2.97386e+07,-950656,950656,1.39636e+07
0,0,0,3.34378e+08,0,2.97451e+07,-950656,950656,1.39636e+07
0,0,0,3.34378e+08,0,2.97516e+07,-950656,950656,1.39636e+07
0,0,0,3.34378e+08,0,2.97581e+07,-950656,950656,1.39636e+07
0,0,0,3.34378e+08,0,2.97646e+07,-950656,950656,1.39636e+07
0,0,0,3.34378e+08,0,3.00947e+07,-950656,950656,1.39636e+07
0,0,0,3.34378e+08,0,3.01013e+07,-950656,950656,1.39636e+07
0,0,0,3.34378e+08,0,3.01079e+07,-950656,950656,1.39636e+07
0,0,0,3.34378e+08,0,3.01144e+07,-950656,950656,1.39636e+07
0,0,0,3.34378e+08,0,3.0807e+07,-950656,950656,1.39636e+07
0,0,0,3.34378e+08,0,3.08137e+07,-950656,950656,1.39636e+07
0,0,0,3.34378e+08,0,3.08205e+07,-950656,950656,1.39636e+07
0,0,0,3.34378e+08,0,3.08272e+07,-950656,950656,1.39636e+07
0,0,0,3.34378e+08,0,3.3111e+07,-950656,950656,1.39636e+07
0,0,0,3.34378e+08,0,3.31182e+07,-950656,950656,1.39636e+07
0,0,0,3.34378e+08,0,3.31255e+07,-950656,950656,1.39636e+07
0,0,0,3.34378e+08,0,3.31327e+07,-950656,950656,1.39636e+07
0,0,0,3.34378e+08,0,3.314e+07,-950656,950656,1.39636e+07
0,0,0,3.34378e+08,0,3.18673e+07,-950656,950656,1.39636e+07
0,0,0,3.34378e+08,0,3.18742e+07,-950656,950656,1.39636e+07
0,0,0,3.34378e+08,0,3.18812e+07,-950656,950656,1.39636e+07
0,0,0,3.34378e+08,0,3.18882e+07,-950656,950656,1.39636e+07
0,0,0,3.34378e+08,0,3.07668e+07,-950656,950656,1.39636e+07
0,0,0,3.34378e+08,0,3.07735e+07,-950656,950656,1.39636e+07
0,0,0,3.34378e+08,0,3.07802e+07,-950656,950656,1.39636e+07
0,0,0,3.34378e+08,0,3.07869e+07,-950656,950656,1.39636e+07
0,0,0,3.34378e+08,0,2.81784e+07,-950656,950656,1.39636e+07
0,0,0,3.34378e+08,0,2.81845e+07,-950656,950656,1.39636e+07
0,0,0,3.34378e+08,0,2.81906e+07,-950656,950656,1.39636e+07
0,0,0,3.34378e+08,0,2.81967e+07,-950656,950656,1.39636e+07
0,0,0,3.34378e+08,0,2.82029e+07,-950656,950656,1.39636e+07
0,0,0,3.34378e+08,1.02586e+07,2.90609e+07,-950656,950656,1.39636e+07
0,0,0,3.34378e+08,0,2.9067e+07,-950656,950656,1.39636e+07
0,0,0,3.34378e+08,0,2.90731e+07,-950656,950656,1.39636e+07
0,0,0,3.34378e+08,0,2.90791e+07,-950656,950656,1.39636e+07
0,0,0,3.34378e+08,0,3.20802e+07,-950656,950656,1.39636e+07
0,0,0,3.34378e+08,0,3.2087e+07,-950656,950656,1.39636e+07
0,0,0,3.34378e+08,0,3.20937e+07,-950656,950656,1.39636e+07
0,0,0,3.34378e+08,0,3.21004e+07,-950656,950656,1.39636e+07
0,0,0,3.34378e+08,0,2.79812e+07,-950656,950656,1.39636e+07
0,0,0,3.34378e+08,0,2.79871e+07,-950656,950656,1.39636e+07
0,0,0,3.34378e+08,0,2.79929e+07,-950656,950656,1.39636e+07
0,0,0,3.34378e+08,0,2.79987e+07,-950656,950656,1.39636e+07
0,0,0,3.34378e+08,0,2.80046e+07,-950656,950656,1.39636e+07
0,0,0,3.34378e+08,0,2.90332e+07,-950656,950656,1.39636e+07
0,0,0,3.34378e+08,0,2.90393e+07,-950656,950656,1.39636e+07
0,0,0,3.34378e+08,0,2.90453e+07,-950656,950656,1.39636e+07
0,0,0,3.34378e+08,0,2.90514e+07,-950656,950656,1.39636e+07
0,0,0,3.34378e+08,0,2.86587e+07,-950656,950656,1.39636e+07
0,0,0,3.34378e+08,0,2.86647e+07,-950656,950656,1.39636e+07
0,0,0,3.34378e+08,0,2.86707e+07,-950656,950656,1.39636e+07
0,0,0,3.34378e+08,0,2.86766e+07,-950656,950656,1.39636e+07
0,0,0,3.34378e+08,0,3.00718e+07,-950656,950656,1.39636e+07
0,0,0,3.34378e+08,0,3.00781e+07,-950656,950656,1.39636e+07
0,0,0,3.34378e+08,0,3.00844e+07,-950656,950656,1.39636e+07
0,0,0,3.34378e+08,0,3.00907e+07,-950656,950656,1.39636e+07
0,0,0,3.34378e+08,0,3.00969e+07,-950656,950656,1.39636e+07
0,0,0,3.34378e+08,0,3.04307e+07,-950656,950656,1.39636e+07
0,0,0,3.34378e+08,0,3.04371e+07,-950656,950656,1.39636e+07
0,0,0,3.34378e+08,0,3.04434e+07,-950656,950656,1.39636e+07
0,0,0,3.34378e+08,0,3.04498e+07,-950656,950656,1.39636e+07
0,0,0,3.34378e+08,0,3.11502e+07,-950656,950656,1.39636e+07
0,0,0,3.34378e+08,0,3.11567e+07,-950656,950656,1.39636e+07
0,0,0,3.34378e+08,0,3.11632e+07,-950656,950656,1.39636e+07
0,0,0,3.34378e+08,0,3.11697e+07,-950656,950656,1.39636e+07
0,0,0,3.34378e+08,0,3.34799e+07,-950656,950656,1.39636e+07
0,0,0,3.34378e+08,0,3.34869e+07,-950656,950656,1.39636e+07
0,0,0,3.34378e+08,0,3.34939e+07,-950656,950656,1.39636e+07
0,0,0,3.34378e+08,0,3.3501e+07,-950656,950656,1.39636e+07
0,0,0,3.34378e+08,0,3.3508e+07,-950656,950656,1.39636e+07
0,0,0,3.34378e+08,0,3.22202e+07,-950656,950656,1.39636e+07
0,0,0,3.34378e+08,0,3.22269e+07,-950656,950656,1.39636e+07
0,0,0,3.34378e+08,0,3.22337e+07,-950656,950656,1.39636e+07
0,0,0,3.34378e+08,0,3.22404e+07,-950656,950656,1.39636e+07
0,0,0,3.34378e+08,0,3.11057e+07,-950656,950656,1.39636e+07
0,0,0,3.34378e+08,0,3.11123e+07,-950656,950656,1.39636e+07
0,0,0,3.34378e+08,0,3.11188e+07,-950656,950656,1.39636e+07
0,0,0,3.34378e+08,0,3.11253e+07,-950656,950656,1.39636e+07
0,0,0,3.34378e+08,0,2.84863e+07,-950656,950656,1.39636e+07
0,0,0,3.34378e+08,0,2.84922e+07,-950656,950656,1.39636e+07
0,0,0,3.34378e+08,0,2.84982e+07,-950656,950656,1.39636e+07
0,0,0,3.34378e+08,0,2.85041e+07,-950656,950656,1.39636e+07
0,0,0,3.34378e+08,0,2.851e+07,-950656,950656,1.39636e+07
0,0,0,3.34378e+08,4.80177e+07,2.93777e+07,-950656,950656,1.39636e+07
0,0,0,3.34378e+08,0,2.93836e+07,-950656,950656,1.39636e+07
0,0,0,3.34378e+08,0,2.93894e+07,-950656,950656,1.39636e+07
0,0,0,3.34378e+08,0,2.93953e+07,-950656,950656,1.39636e+07
0,0,0,3.34378e+08,0,3.24305e+07,-950656,950656,1.39636e+07
0,0,0,3.34378e+08,0,3.2437e+07,-950656,950656,1.39636e+07
0,0,0,3.34378e+08,0,3.24435e+07,-950656,950656,1.39636e+07
0,0,0,3.34378e+08,0,3.24501e+07,-950656,950656,1.39636e+07
0,0,0,3.34378e+08,0,2.82836e+07,-950656,950656,1.39636e+07
0,0,0,3.34378e+08,0,2.82892e+07,-950656,950656,1.39636e+07
0,0,0,3.34378e+08,0,2.82949e+07,-950656,950656,1.39636e+07
0,0,0,3.34378e+08,0,2.83005e+07,-950656,950656,1.39636e+07
0,0,0,3.34378e+08,0,2.83061e+07,-950656,950656,1.39636e+07
0,0,0,3.34378e+08,0,2.93462e+07,-950656,950656,1.39636e+07
0,0,0,3.34378e+08,0,2.93521e+07,-950656,950656,1.39636e+07
0,0,0,3.34378e+08,0,2.93579e+07,-950656,950656,1.39636e+07
0,0,0,3.34378e+08,0,2.93638e+07,-950656,950656,1.39636e+07
0,0,0,3.34378e+08,0,2.89664e+07,-950656,950656,1.39636e+07
0,0,0,3.34378e+08,0,2.89722e+07,-950656,950656,1.39636e+07
0,0,0,3.34378e+08,0,2.8978e+07,-950656,950656,1.39636e+07
0,0,0,3.34378e+08,0,2.89838e+07,-950656,950656,1.39636e+07
0,0,0,3.34378e+08,0,3.03944e+07,-950656,950656,1.39636e+07
0,0,0,3.34378e+08,0,3.04005e+07,-950656,950656,1.39636e+07
0,0,0,3.34378e+08,0,3.04066e+07,-950656,950656,1.39636e+07
0,0,0,3.34378e+08,0,3.04126e+07,-950656,950656,1.39636e+07
0,0,0,3.34378e+08,0,3.04187e+07,-950656,950656,1.39636e+07
0,0,0,3.34378e+08,0,3.0756e+07,-950656,950656,1.39636e+07
0,0,0,3.34378e+08,0,3.07621e+07,-950656,950656,1.39636e+07
0,0,0,3.34378e+08,0,3.07683e+07,-950656,950656,1.39636e+07
0,0,0,3.34378e+08,0,3.07744e+07,-950656,950656,1.39636e+07
0,0,0,3.34378e+08,0,3.14824e+07,-950656,950656,1.39636e+07
0,0,0,3.34378e+08,0,3.14887e+07,-950656,950656,1.39636e+07
0,0,0,3.34378e+08,0,3.1495e+07,-950656,950656,1.39636e+07
0,0,0,3.34378e+08,0,3.15013e+07,-950656,950656,1.39636e+07
0,0,0,3.34378e+08,0,3.38369e+07,-950656,950656,1.39636e+07
0,0,0,3.34378e+08,0,3.38437e+07,-950656,950656,1.39636e+07
0,0,0,3.34378e+08,0,3.38505e+07,-950656,950656,1.39636e+07
0,0,0,3.34378e+08,0,3.38573e+07,-950656,950656,1.39636e+07
0,0,0,3.34378e+08,0,3.38641e+07,-950656,950656,1.39636e+07
0,0,0,3.34378e+08,0,3.25617e+07,-950656,950656,1.39636e+07
0,0,0,3.34378e+08,0,3.25682e+07,-950656,950656,1.39636e+07
0,0,0,3.34378e+08,0,3.25748e+07,-950656,950656,1.39636e+07
0,0,0,3.34378e+08,0,3.25813e+07,-950656,950656,1.39636e+07
0,0,0,3.34378e+08,0,3.14337e+07,-950656,950656,1.39636e+07
0,0,0,3.34378e+08,0,3.144e+07,-950656,950656,1.39636e+07
0,0,0,3.34378e+08,0,3.14463e+07,-950656,950656,1.39636e+07
0,0,0,3.34378e+08,0,3.14526e+07,-950656,950656,1.39636e+07
0,0,0,3.34378e+08,0,2.87843e+07,-950656,950656,1.39636e+07
0,0,0,3.34378e+08,0,2.879e+07,-950656,950656,1.39636e+07
0,0,0,3.34378e+08,0,2.87957e+07,-950656,950656,1.39636e+07
0,0,0,3.34378e+08,0,2.88015e+07,-950656,950656,1.39636e+07
0,0,0,3.34378e+08,0,2.88072e+07,-950656,950656,1.39636e+07
0,0,0,3.34378e+08,4.80177e+07,2.96842e+07,-950656,950656,1.39636e+07
0,0,0,3.34378e+08,0,2.96899e+07,-950656,950656,1.39636e+07
0,0,0,3.34378e+08,0,2.96955e+07,-950656,950656,1.39636e+07
0,0,0,3.34378e+08,0,2.97012e+07,-950656,950656,1.39636e+07
0,0,0,3.34378e+08,0,3.27694e+07,-950656,950656,1.39636e+07
0,0,0,3.34378e+08,0,3.27757e+07,-950656,950656,1.39636e+07
0,0,0,3.34378e+08,0,3.2782e+07,-950656,950656,1.39636e+07
0,0,0,3.34378e+08,0,3.27883e+07,-950656,950656,1.39636e+07
0,0,0,3.34378e+08,0,2.85761e+07,-950656,950656,1.39636e+07
0,0,0,3.34378e+08,0,2.85816e+07,-950656,950656,1.39636e+07
0,0,0,3.34378e+08,0,2.8587e+07,-950656,950656,1.39636e+07
0,0,0,3.34378e+08,0,2.85925e+07,-950656,950656,1.39636e+07
0,0,0,3.34378e+08,0,2.85979e+07,-950656,950656,1.39636e+07
0,0,0,3.34378e+08,0,2.96491e+07,-950656,950656,1.39636e+07
0,0,0,3.34378e+08,0,2.96548e+07,-950656,950656,1.39636e+07
0,0,0,3.34378e+08,0,2.96604e+07,-950656,950656,1.39636e+07
0,0,0,3.34378e+08,0,2.96661e+07,-950656,950656,1.39636e+07
0,0,0,3.34378e+08,0,2.92642e+07,-950656,950656,1.39636e+07
0,0,0,3.34378e+08,0,2.92698e+07,-950656,950656,1.39636e+07
0,0,0,3.34378e+08,0,2.92754e+07,-950656,950656,1.39636e+07
0,0,0,3.34378e+08,0,2.9281e+07,-950656,950656,1.39636e+07
0,0,0,3.34378e+08,0,3.07066e+07,-950656,950656,1.39636e+07
0,0,0,3.34378e+08,0,3.07125e+07,-950656,950656,1.39636e+07
0,0,0,3.34378e+08,0,3.07184e+07,-950656,950656,1.39636e+07
0,0,0,3.34378e+08,0,3.07242e+07,-950656,950656,1.39636e+07
0,0,0,3.34378e+08,0,3.07301e+07,-950656,950656,1.39636e+07
0,0,0,3.34378e+08,0,3.10707e+07,-950656,950656,1.39636e+07
0,0,0,3.34378e+08,0,3.10767e+07,-950656,950656,1.39636e+07
0,0,0,3.34378e+08,0,3.10827e+07,-950656,950656,1.39636e+07
0,0,0,3.34378e+08,0,3.10886e+07,-950656,950656,1.39636e+07
0,0,0,3.34378e+08,0,3.18039e+07,-950656,950656,1.39636e+07
0,0,0,3.34378e+08,0,3.181e+07,-950656,950656,1.39636e+07
0,0,0,3.34378e+08,0,3.18161e+07,-950656,950656,1.39636e+07
0,0,0,3.34378e+08,0,3.18222e+07,-950656,950656,1.39636e+07
0,0,0,3.34378e+08,0,3.41825e+07,-950656,950656,1.39636e+07
0,0,0,3.34378e+08,0,3.41891e+07,-950656,950656,1.39636e+07
0,0,0,3.34378e+08,0,3.41957e+07,-950656,950656,1.39636e+07
0,0,0,3.34378e+08,0,3.42022e+07,-950656,950656,1.39636e+07
0,0,0,3.34378e+08,0,3.42088e+07,-950656,950656,1.39636e+07
0,0,0,3.34378e+08,0,3.28922e+07,-950656,950656,1.39636e+07
0,0,0,3.34378e+08,0,3.28986e+07,-950656,950656,1.39636e+07
0,0,0,3.34378e+08,0,3.29049e+07,-950656,950656,1.39636e+07
0,0,0,3.34378e+08,0,3.29112e+07,-950656,950656,1.39636e+07
0,0,0,3.34378e+08,0,3.17512e+07,-950656,950656,1.39636e+07
0,0,0,3.34378e+08,0,3.17573e+07,-950656,950656,1.39636e+07
0,0,0,3.34378e+08,0,3.17634e+07,-950656,950656,1.39636e+07
0,0,0,3.34378e+08,0,3.17695e+07,-950656,950656,1.39636e+07
0,0,0,3.34378e+08,0,2.90727e+07,-950656,950656,1.39636e+07
0,0,0,3.34378e+08,0,2.90783e+07,-950656,950656,1.39636e+07
0,0,0,3.34378e+08,0,2.90838e+07,-950656,950656,1.39636e+07
0,0,0,3.34378e+08,0,2.90894e+07,-950656,950656,1.39636e+07
0,0,0,3.34378e+08,0,2.90949e+07,-950656,950656,1.39636e+07
0,0,0,3.34378e+08,0,2.99809e+07,-950656,950656,1.39636e+07
0,0,0,3.34378e+08,4.80177e+07,2.99864e+07,-950656,950656,1.39636e+07
0,0,0,3.34378e+08,0,2.99919e+07,-950656,950656,1.39636e+07
0,0,0,3.34378e+08,0,2.99974e+07,-950656,950656,1.39636e+07
0,0,0,3.34378e+08,0,3.30975e+07,-950656,950656,1.39636e+07
0,0,0,3.34378e+08,0,3.31036e+07,-950656,950656,1.39636e+07
0,0,0,3.34378e+08,0,3.31097e+07,-950656,950656,1.39636e+07
0,0,0,3.34378e+08,0,3.31158e+07,-950656,950656,1.39636e+07
0,0,0,3.34378e+08,0,2.88593e+07,-950656,950656,1.39636e+07
0,0,0,3.34378e+08,0,2.88646e+07,-950656,950656,1.39636e+07
0,0,0,3.34378e+08,0,2.88699e+07,-950656,950656,1.39636e+07
0,0,0,3.34378e+08,0,2.88752e+07,-950656,950656,1.39636e+07
0,0,0,3.34378e+08,0,2.88805e+07,-950656,950656,1.39636e+07
0,0,0,3.34378e+08,0,2.99423e+07,-950656,950656,1.39636e+07
0,0,0,3.34378e+08,0,2.99478e+07,-950656,950656,1.39636e+07
0,0,0,3.34378e+08,0,2.99533e+07,-950656,950656,1.39636e+07
0,0,0,3.34378e+08,0,2.99588e+07,-950656,950656,1.39636e+07
0,0,0,3.34378e+08,0,2.95524e+07,-950656,950656,1.39636e+07
0,0,0,3.34378e+08,0,2.95579e+07,-950656,950656,1.39636e+07
0,0,0,3.34378e+08,0,2.95633e+07,-950656,950656,1.39636e+07
0,0,0,3.34378e+08,0,2.95687e+07,-950656,950656,1.39636e+07
0,0,0,3.34378e+08,0,3.10088e+07,-950656,950656,1.39636e+07
0,0,0,3.34378e+08,0,3.10145e+07,-950656,950656,1.39636e+07
0,0,0,3.34378e+08,0,3.10202e+07,-950656,950656,1.39636e+07
0,0,0,3.34378e+08,0,3.10259e+07,-950656,950656,1.39636e+07
0,0,0,3.34378e+08,0,3.10316e+07,-950656,950656,1.39636e+07
0,0,0,3.34378e+08,0,3.13755e+07,-950656,950656,1.39636e+07
0,0,0,3.34378e+08,0,3.13813e+07,-950656,950656,1.39636e+07
0,0,0,3.34378e+08,0,3.1387e+07,-950656,950656,1.39636e+07
0,0,0,3.34378e+08,0,3.13928e+07,-950656,950656,1.39636e+07
0,0,0,3.34378e+08,0,3.21152e+07,-950656,950656,1.39636e+07
0,0,0,3.34378e+08,0,3.21211e+07,-950656,950656,1.39636e+07
0,0,0,3.34378e+08,0,3.2127e+07,-950656,950656,1.39636e+07
0,0,0,3.34378e+08,0,3.21329e+07,-950656,950656,1.39636e+07
0,0,0,3.34378e+08,0,3.45171e+07,-950656,950656,1.39636e+07
0,0,0,3.34378e+08,0,3.45235e+07,-950656,950656,1.39636e+07
0,0,0,3.34378e+08,0,3.45298e+07,-950656,950656,1.39636e+07
0,0,0,3.34378e+08,0,3.45362e+07,-950656,950656,1.39636e+07
0,0,0,3.34378e+08,0,3.45426e+07,-950656,950656,1.39636e+07
0,0,0,3.34378e+08,0,3.32123e+07,-950656,950656,1.39636e+07
0,0,0,3.34378e+08,0,3.32184e+07,-950656,950656,1.39636e+07
0,0,0,3.34378e+08,0,3.32246e+07,-950656,950656,1.39636e+07
0,0,0,3.34378e+08,0,3.32307e+07,-950656,950656,1.39636e+07
0,0,0,3.34378e+08,0,3.20587e+07,-950656,950656,1.39636e+07
0,0,0,3.34378e+08,0,3.20646e+07,-950656,950656,1.39636e+07
0,0,0,3.34378e+08,0,3.20705e+07,-950656,950656,1.39636e+07
0,0,0,3.34378e+08,0,3.20764e+07,-950656,950656,1.39636e+07
0,0,0,3.34378e+08,0,2.9352e+07,-950656,950656,1.39636e+07
0,0,0,3.34378e+08,0,2.93574e+07,-950656,950656,1.39636e+07
0,0,0,3.34378e+08,0,2.93628e+07,-950656,950656,1.39636e+07
0,0,0,3.34378e+08,0,2.93681e+07,-950656,950656,1.39636e+07
0,0,0,3.34378e+08,0,2.93735e+07,-950656,950656,1.39636e+07
0,0,0,3.34378e+08,0,2.93735e+07,-950656,950656,1.39636e+07
0,0,0,3.34378e+08,4.80177e+07,3.02682e+07,-950656,950656,1.39636e+07
0,0,0,3.34378e+08,0,3.02735e+07,-950656,950656,1.39636e+07
0,0,0,3.34378e+08,0,3.02788e+07,-950656,950656,1.39636e+07
0,0,0,3.34378e+08,0,3.02841e+07,-950656,950656,1.39636e+07
0,0,0,3.34378e+08,0,3.34152e+07,-950656,950656,1.39636e+07
0,0,0,3.34378e+08,0,3.34211e+07,-950656,950656,1.39636e+07
0,0,0,3.34378e+08,0,3.3427e+07,-950656,950656,1.39636e+07
0,0,0,3.34378e+08,0,3.34329e+07,-950656,950656,1.39636e+07
0,0,0,3.34378e+08,0,2.91335e+07,-950656,950656,1.39636e+07
0,0,0,3.34378e+08,0,2.91386e+07,-950656,950656,1.39636e+07
0,0,0,3.34378e+08,0,2.91437e+07,-950656,950656,1.39636e+07
0,0,0,3.34378e+08,0,2.91488e+07,-950656,950656,1.39636e+07
0,0,0,3.34378e+08,0,2.91539e+07,-950656,950656,1.39636e+07
0,0,0,3.34378e+08,0,3.02261e+07,-950656,950656,1.39636e+07
0,0,0,3.34378e+08,0,3.02314e+07,-950656,950656,1.39636e+07
0,0,0,3.34378e+08,0,3.02368e+07,-950656,950656,1.39636e+07
0,0,0,3.34378e+08,0,3.02421e+07,-950656,950656,1.39636e+07
0,0,0,3.34378e+08,0,2.98314e+07,-950656,950656,1.39636e+07
0,0,0,3.34378e+08,0,2.98367e+07,-950656,950656,1.39636e+07
0,0,0,3.34378e+08,0,2.98419e+07,-950656,950656,1.39636e+07
0,0,0,3.34378e+08,0,2.98472e+07,-950656,950656,1.39636e+07
0,0,0,3.34378e+08,0,3.13013e+07,-950656,950656,1.39636e+07
0,0,0,3.34378e+08,0,3.13068e+07,-950656,950656,1.39636e+07
0,0,0,3.34378e+08,0,3.13123e+07,-950656,950656,1.39636e+07
0,0,0,3.34378e+08,0,3.13178e+07,-950656,950656,1.39636e+07
0,0,0,3.34378e+08,0,3.13234e+07,-950656,950656,1.39636e+07
0,0,0,3.34378e+08,0,3.16704e+07,-950656,950656,1.39636e+07
0,0,0,3.34378e+08,0,3.16759e+07,-950656,950656,1.39636e+07
0,0,0,3.34378e+08,0,3.16815e+07,-950656,950656,1.39636e+07
0,0,0,3.34378e+08,0,3.16871e+07,-950656,950656,1.39636e+07
0,0,0,3.34378e+08,0,3.24163e+07,-950656,950656,1.39636e+07
0,0,0,3.34378e+08,0,3.2422e+07,-950656,950656,1.39636e+07
0,0,0,3.34378e+08,0,3.24278e+07,-950656,950656,1.39636e+07
0,0,0,3.34378e+08,0,3.24335e+07,-950656,950656,1.39636e+07
0,0,0,3.34378e+08,0,3.48407e+07,-950656,950656,1.39636e+07
0,0,0,3.34378e+08,0,3.48469e+07,-950656,950656,1.39636e+07
0,0,0,3.34378e+08,0,3.48531e+07,-950656,950656,1.39636e+07
0,0,0,3.34378e+08,0,3.48592e+07,-950656,950656,1.39636e+07
0,0,0,3.34378e+08,0,3.48654e+07,-950656,950656,1.39636e+07
0,0,0,3.34378e+08,0,3.35219e+07,-950656,950656,1.39636e+07
0,0,0,3.34378e+08,0,3.35278e+07,-950656,950656,1.39636e+07
0,0,0,3.34378e+08,0,3.35337e+07,-950656,950656,1.39636e+07
0,0,0,3.34378e+08,0,3.35396e+07,-950656,950656,1.39636e+07
0,0,0,3.34378e+08,0,3.23559e+07,-950656,950656,1.39636e+07
0,0,0,3.34378e+08,0,3.23616e+07,-950656,950656,1.39636e+07
0,0,0,3.34378e+08,0,3.23673e+07,-950656,950656,1.39636e+07
0,0,0,3.34378e+08,0,3.23731e+07,-950656,950656,1.39636e+07
0,0,0,3.34378e+08,0,2.9622e+07,-950656,950656,1.39636e+07
0,0,0,3.34378e+08,0,2.96272e+07,-950656,950656,1.39636e+07
0,0,0,3.34378e+08,0,2.96324e+07,-950656,950656,1.39636e+07
0,0,0,3.34378e+08,0,2.96376e+07,-950656,950656,1.39636e+07
0,0,0,3.34378e+08,0,2.96428e+07,-950656,950656,1.39636e+07
0,0,0,3.34378e+08,4.80177e+07,3.05459e+07,-950656,950656,1.39636e+07
0,0,0,3.34378e+08,0.000499492,3.0551e+07,-950656,950656,1.39636e+07
0,0,0,3.34378e+08,0,3.05561e+07,-950656,950656,1.39636e+07
0,0,0,3.34378e+08,0,3.05613e+07,-950656,950656,1.39636e+07
0,0,0,3.34378e+08,0,3.37222e+07,-950656,950656,1.39636e+07
0,0,0,3.34378e+08,0,3.37279e+07,-950656,950656,1.39636e+07
0,0,0,3.34378e+08,0,3.37336e+07,-950656,950656,1.39636e+07
0,0,0,3.34378e+08,0,3.37393e+07,-950656,950656,1.39636e+07
0,0,0,3.34378e+08,0,2.93984e+07,-950656,950656,1.39636e+07
0,0,0,3.34378e+08,0,2.94033e+07,-950656,950656,1.39636e+07
0,0,0,3.34378e+08,0,2.94083e+07,-950656,950656,1.39636e+07
0,0,0,3.34378e+08,0,2.94132e+07,-950656,950656,1.39636e+07
0,0,0,3.34378e+08,0,2.94181e+07,-950656,950656,1.39636e+07
0,0,0,3.34378e+08,0,3.05004e+07,-950656,950656,1.39636e+07
0,0,0,3.34378e+08,0,3.05055e+07,-950656,950656,1.39636e+07
0,0,0,3.34378e+08,0,3.05106e+07,-950656,950656,1.39636e+07
0,0,0,3.34378e+08,0,3.05158e+07,-950656,950656,1.39636e+07
0,0,0,3.34378e+08,0,3.0101e+07,-950656,950656,1.39636e+07
0,0,0,3.34378e+08,0,3.0106e+07,-950656,950656,1.39636e+07
0,0,0,3.34378e+08,0,3.01111e+07,-950656,950656,1.39636e+07
0,0,0,3.34378e+08,0,3.01162e+07,-950656,950656,1.39636e+07
0,0,0,3.34378e+08,0,3.15839e+07,-950656,950656,1.39636e+07
0,0,0,3.34378e+08,0,3.15892e+07,-950656,950656,1.39636e+07
0,0,0,3.34378e+08,0,3.15945e+07,-950656,950656,1.39636e+07
0,0,0,3.34378e+08,0,3.15998e+07,-950656,950656,1.39636e+07
0,0,0,3.34378e+08,0,3.16051e+07,-950656,950656,1.39636e+07
0,0,0,3.34378e+08,0,3.19552e+07,-950656,950656,1.39636e+07
0,0,0,3.34378e+08,0,3.19605e+07,-950656,950656,1.39636e+07
0,0,0,3.34378e+08,0,3.19659e+07,-950656,950656,1.39636e+07
0,0,0,3.34378e+08,0,3.19713e+07,-950656,950656,1.39636e+07
0,0,0,3.34378e+08,0,3.27071e+07,-950656,950656,1.39636e+07
0,0,0,3.34378e+08,0,3.27127e+07,-950656,950656,1.39636e+07
0,0,0,3.34378e+08,0,3.27182e+07,-950656,950656,1.39636e+07
0,0,0,3.34378e+08,0,3.27237e+07,-950656,950656,1.39636e+07
0,0,0,3.34378e+08,0,3.51533e+07,-950656,950656,1.39636e+07
0,0,0,3.34378e+08,0,3.51592e+07,-950656,950656,1.39636e+07
0,0,0,3.34378e+08,0,3.51652e+07,-950656,950656,1.39636e+07
0,0,0,3.34378e+08,0,3.51711e+07,-950656,950656,1.39636e+07
0,0,0,3.34378e+08,0,3.51771e+07,-950656,950656,1.39636e+07
0,0,0,3.34378e+08,0,3.38207e+07,-950656,950656,1.39636e+07
0,0,0,3.34378e+08,0,3.38264e+07,-950656,950656,1.39636e+07
0,0,0,3.34378e+08,0,3.38321e+07,-950656,950656,1.39636e+07
0,0,0,3.34378e+08,0,3.38379e+07,-950656,950656,1.39636e+07
0,0,0,3.34378e+08,0,3.26429e+07,-950656,950656,1.39636e+07
0,0,0,3.34378e+08,0,3.26484e+07,-950656,950656,1.39636e+07
0,0,0,3.34378e+08,0,3.26539e+07,-950656,950656,1.39636e+07
0,0,0,3.34378e+08,0,3.26594e+07,-950656,950656,1.39636e+07
0,0,0,3.34378e+08,0,2.98827e+07,-950656,950656,1.39636e+07
0,0,0,3.34378e+08,0,2.98877e+07,-950656,950656,1.39636e+07
0,0,0,3.34378e+08,0,2.98927e+07,-950656,950656,1.39636e+07
0,0,0,3.34378e+08,0,2.98977e+07,-950656,950656,1.39636e+07
0,0,0,3.34378e+08,0,2.99027e+07,-950656,950656,1.39636e+07
0,0,0,3.34378e+08,4.80177e+07,3.08139e+07,-950656,950656,1.39636e+07
0,0,0,3.34378e+08,0,3.08188e+07,-950656,950656,1.39636e+07
0,0,0,3.34378e+08,0,3.08238e+07,-950656,950656,1.39636e+07
0,0,0,3.34378e+08,0,3.08287e+07,-950656,950656,1.39636e+07
0,0,0,3.34378e+08,0,3.40184e+07,-950656,950656,1.39636e+07
0,0,0,3.34378e+08,0,3.40239e+07,-950656,950656,1.39636e+07
0,0,0,3.34378e+08,0,3.40294e+07,-950656,950656,1.39636e+07
0,0,0,3.34378e+08,0,3.40349e+07,-950656,950656,1.39636e+07
0,0,0,3.34378e+08,0,2.9654e+07,-950656,950656,1.39636e+07
0,0,0,3.34378e+08,0,2.96588e+07,-950656,950656,1.39636e+07
0,0,0,3.34378e+08,0,2.96635e+07,-950656,950656,1.39636e+07
0,0,0,3.34378e+08,0,2.96683e+07,-950656,950656,1.39636e+07
0,0,0,3.34378e+08,0,2.9673e+07,-950656,950656,1.39636e+07
0,0,0,3.34378e+08,0,3.07649e+07,-950656,950656,1.39636e+07
0,0,0,3.34378e+08,0,3.07698e+07,-950656,950656,1.39636e+07
0,0,0,3.34378e+08,0,3.07748e+07,-950656,950656,1.39636e+07
0,0,0,3.34378e+08,0,3.07797e+07,-950656,950656,1.39636e+07
0,0,0,3.34378e+08,0,3.03609e+07,-950656,950656,1.39636e+07
0,0,0,3.34378e+08,0,3.03658e+07,-950656,950656,1.39636e+07
0,0,0,3.34378e+08,0,3.03707e+07,-950656,950656,1.39636e+07
0,0,0,3.34378e+08,0,3.03756e+07,-950656,950656,1.39636e+07
0,0,0,3.34378e+08,0,3.18563e+07,-950656,950656,1.39636e+07
0,0,0,3.34378e+08,0,3.18614e+07,-950656,950656,1.39636e+07
0,0,0,3.34378e+08,0,3.18665e+07,-950656,950656,1.39636e+07
0,0,0,3.34378e+08,0,3.18717e+07,-950656,950656,1.39636e+07
0,0,0,3.34378e+08,0,3.18768e+07,-950656,950656,1.39636e+07
0,0,0,3.34378e+08,0,3.22297e+07,-950656,950656,1.39636e+07
0,0,0,3.34378e+08,0,3.22349e+07,-950656,950656,1.39636e+07
0,0,0,3.34378e+08,0,3.22401e+07,-950656,950656,1.39636e+07
0,0,0,3.34378e+08,0,3.22453e+07,-950656,950656,1.39636e+07
0,0,0,3.34378e+08,0,3.29875e+07,-950656,950656,1.39636e+07
0,0,0,3.34378e+08,0,3.29928e+07,-950656,950656,1.39636e+07
0,0,0,3.34378e+08,0,3.29981e+07,-950656,950656,1.39636e+07
0,0,0,3.34378e+08,0,3.30034e+07,-950656,950656,1.39636e+07
0,0,0,3.34378e+08,0,3.54545e+07,-950656,950656,1.39636e+07
0,0,0,3.34378e+08,0,3.54602e+07,-950656,950656,1.39636e+07
0,0,0,3.34378e+08,0,3.54659e+07,-950656,950656,1.39636e+07
0,0,0,3.34378e+08,0,3.54716e+07,-950656,950656,1.39636e+07
0,0,0,3.34378e+08,0,3.54774e+07,-950656,950656,1.39636e+07
0,0,0,3.34378e+08,0,3.41087e+07,-950656,950656,1.39636e+07
0,0,0,3.34378e+08,0,3.41142e+07,-950656,950656,1.39636e+07
0,0,0,3.34378e+08,0,3.41197e+07,-950656,950656,1.39636e+07
0,0,0,3.34378e+08,0,3.41252e+07,-950656,950656,1.39636e+07
0,0,0,3.34378e+08,0,3.29194e+07,-950656,950656,1.39636e+07
0,0,0,3.34378e+08,0,3.29247e+07,-950656,950656,1.39636e+07
0,0,0,3.34378e+08,0,3.293e+07,-950656,950656,1.39636e+07
0,0,0,3.34378e+08,0,3.29353e+07,-950656,950656,1.39636e+07
0,0,0,3.34378e+08,0,3.01337e+07,-950656,950656,1.39636e+07
0,0,0,3.34378e+08,0,3.01386e+07,-950656,950656,1.39636e+07
0,0,0,3.34378e+08,0,3.01434e+07,-950656,950656,1.39636e+07
0,0,0,3.34378e+08,0,3.01482e+07,-950656,950656,1.39636e+07
0,0,0,3.34378e+08,0,3.01531e+07,-950656,950656,1.39636e+07
0,0,0,3.34378e+08,4.80177e+07,3.1072e+07,-950656,950656,1.39636e+07
0,0,0,3.34378e+08,0,3.10767e+07,-950656,950656,1.39636e+07
0,0,0,3.34378e+08,0,3.10815e+07,-950656,950656,1.39636e+07
0,0,0,3.34378e+08,0,3.10862e+07,-950656,950656,1.39636e+07
0,0,0,3.34378e+08,0,3.43036e+07,-950656,950656,1.39636e+07
0,0,0,3.34378e+08,0,3.43089e+07,-950656,950656,1.39636e+07
0,0,0,3.34378e+08,0,3.43142e+07,-950656,950656,1.39636e+07
0,0,0,3.34378e+08,0,3.43195e+07,-950656,950656,1.39636e+07
0,0,0,3.34378e+08,0,2.99001e+07,-950656,950656,1.39636e+07
0,0,0,3.34378e+08,0,2.99046e+07,-950656,950656,1.39636e+07
0,0,0,3.34378e+08,0,2.99092e+07,-950656,950656,1.39636e+07
0,0,0,3.34378e+08,0,2.99138e+07,-950656,950656,1.39636e+07
0,0,0,3.34378e+08,0,2.99183e+07,-950656,950656,1.39636e+07
0,0,0,3.34378e+08,0,3.10194e+07,-950656,950656,1.39636e+07
0,0,0,3.34378e+08,0,3.10242e+07,-950656,950656,1.39636e+07
0,0,0,3.34378e+08,0,3.10289e+07,-950656,950656,1.39636e+07
0,0,0,3.34378e+08,0,3.10337e+07,-950656,950656,1.39636e+07
0,0,0,3.34378e+08,0,3.0611e+07,-950656,950656,1.39636e+07
0,0,0,3.34378e+08,0,3.06157e+07,-950656,950656,1.39636e+07
0,0,0,3.34378e+08,0,3.06204e+07,-950656,950656,1.39636e+07
0,0,0,3.34378e+08,0,3.0625e+07,-950656,950656,1.39636e+07
0,0,0,3.34378e+08,0,3.21183e+07,-950656,950656,1.39636e+07
0,0,0,3.34378e+08,0,3.21233e+07,-950656,950656,1.39636e+07
0,0,0,3.34378e+08,0,3.21282e+07,-950656,950656,1.39636e+07
0,0,0,3.34378e+08,0,3.21331e+07,-950656,950656,1.39636e+07
0,0,0,3.34378e+08,0,3.2138e+07,-950656,950656,1.39636e+07
0,0,0,3.34378e+08,0,3.24937e+07,-950656,950656,1.39636e+07
0,0,0,3.34378e+08,0,3.24987e+07,-950656,950656,1.39636e+07
0,0,0,3.34378e+08,0,3.25037e+07,-950656,950656,1.39636e+07
0,0,0,3.34378e+08,0,3.25087e+07,-950656,950656,1.39636e+07
0,0,0,3.34378e+08,0,3.32569e+07,-950656,950656,1.39636e+07
0,0,0,3.34378e+08,0,3.3262e+07,-950656,950656,1.39636e+07
0,0,0,3.34378e+08,0,3.32671e+07,-950656,950656,1.39636e+07
0,0,0,3.34378e+08,0,3.32722e+07,-950656,950656,1.39636e+07
0,0,0,3.34378e+08,0,3.57439e+07,-950656,950656,1.39636e+07
0,0,0,3.34378e+08,0,3.57494e+07,-950656,950656,1.39636e+07
0,0,0,3.34378e+08,0,3.57549e+07,-950656,950656,1.39636e+07
0,0,0,3.34378e+08,0,3.57604e+07,-950656,950656,1.39636e+07
0,0,0,3.34378e+08,0,3.57659e+07,-950656,950656,1.39636e+07
0,0,0,3.34378e+08,0,3.43853e+07,-950656,950656,1.39636e+07
0,0,0,3.34378e+08,0,3.43906e+07,-950656,950656,1.39636e+07
0,0,0,3.34378e+08,0,3.43959e+07,-950656,950656,1.39636e+07
0,0,0,3.34378e+08,0,3.44012e+07,-950656,950656,1.39636e+07
0,0,0,3.34378e+08,0,3.31849e+07,-950656,950656,1.39636e+07
0,0,0,3.34378e+08,0,3.319e+07,-950656,950656,1.39636e+07
0,0,0,3.34378e+08,0,3.31951e+07,-950656,950656,1.39636e+07
0,0,0,3.34378e+08,0,3.32002e+07,-950656,950656,1.39636e+07
0,0,0,3.34378e+08,0,3.03748e+07,-950656,950656,1.39636e+07
0,0,0,3.34378e+08,0,3.03794e+07,-950656,950656,1.39636e+07
0,0,0,3.34378e+08,0,3.03841e+07,-950656,950656,1.39636e+07
0,0,0,3.34378e+08,0,3.03887e+07,-950656,950656,1.39636e+07
0,0,0,3.34378e+08,0,3.03933e+07,-950656,950656,1.39636e+07
0,0,0,3.34378e+08,4.80177e+07,3.13197e+07,-950656,950656,1.39636e+07
0,0,0,3.34378e+08,0,3.13243e+07,-950656,950656,1.39636e+07
0,0,0,3.34378e+08,0,3.13288e+07,-950656,950656,1.39636e+07
0,0,0,3.34378e+08,0,3.13334e+07,-950656,950656,1.39636e+07
0,0,0,3.34378e+08,0,3.45773e+07,-950656,950656,1.39636e+07
0,0,0,3.34378e+08,0,3.45824e+07,-950656,950656,1.39636e+07
0,0,0,3.34378e+08,0,3.45874e+07,-950656,950656,1.39636e+07
0,0,0,3.34378e+08,0,3.45925e+07,-950656,950656,1.39636e+07
0,0,0,3.34378e+08,0,3.01361e+07,-950656,950656,1.39636e+07
0,0,0,3.34378e+08,0,3.01405e+07,-950656,950656,1.39636e+07
0,0,0,3.34378e+08,0,3.01448e+07,-950656,950656,1.39636e+07
0,0,0,3.34378e+08,0,3.01492e+07,-950656,950656,1.39636e+07
0,0,0,3.34378e+08,0,3.01536e+07,-950656,950656,1.39636e+07
0,0,0,3.34378e+08,0,3.12635e+07,-950656,950656,1.39636e+07
0,0,0,3.34378e+08,0,3.12681e+07,-950656,950656,1.39636e+07
0,0,0,3.34378e+08,0,3.12726e+07,-950656,950656,1.39636e+07
0,0,0,3.34378e+08,0,3.12772e+07,-950656,950656,1.39636e+07
0,0,0,3.34378e+08,0,3.08508e+07,-950656,950656,1.39636e+07
0,0,0,3.34378e+08,0,3.08553e+07,-950656,950656,1.39636e+07
0,0,0,3.34378e+08,0,3.08597e+07,-950656,950656,1.39636e+07
0,0,0,3.34378e+08,0,3.08642e+07,-950656,950656,1.39636e+07
0,0,0,3.34378e+08,0,3.23695e+07,-950656,950656,1.39636e+07
0,0,0,3.34378e+08,0,3.23742e+07,-950656,950656,1.39636e+07
0,0,0,3.34378e+08,0,3.23789e+07,-950656,950656,1.39636e+07
0,0,0,3.34378e+08,0,3.23836e+07,-950656,950656,1.39636e+07
0,0,0,3.34378e+08,0,3.23883e+07,-950656,950656,1.39636e+07
0,0,0,3.34378e+08,0,3.27467e+07,-950656,950656,1.39636e+07
0,0,0,3.34378e+08,0,3.27514e+07,-950656,950656,1.39636e+07
0,0,0,3.34378e+08,0,3.27562e+07,-950656,950656,1.39636e+07
0,0,0,3.34378e+08,0,3.2761e+07,-950656,950656,1.39636e+07
0,0,0,3.34378e+08,0,3.35151e+07,-950656,950656,1.39636e+07
0,0,0,3.34378e+08,0,3.35199e+07,-950656,950656,1.39636e+07
0,0,0,3.34378e+08,0,3.35248e+07,-950656,950656,1.39636e+07
0,0,0,3.34378e+08,0,3.35297e+07,-950656,950656,1.39636e+07
0,0,0,3.34378e+08,0,3.60211e+07,-950656,950656,1.39636e+07
0,0,0,3.34378e+08,0,3.60264e+07,-950656,950656,1.39636e+07
0,0,0,3.34378e+08,0,3.60316e+07,-950656,950656,1.39636e+07
0,0,0,3.34378e+08,0,3.60369e+07,-950656,950656,1.39636e+07
0,0,0,3.34378e+08,0,3.60421e+07,-950656,950656,1.39636e+07
0,0,0,3.34378e+08,0,3.46502e+07,-950656,950656,1.39636e+07
0,0,0,3.34378e+08,0,3.46552e+07,-950656,950656,1.39636e+07
0,0,0,3.34378e+08,0,3.46603e+07,-950656,950656,1.39636e+07
0,0,0,3.34378e+08,0,3.46653e+07,-950656,950656,1.39636e+07
0,0,0,3.34378e+08,0,3.3439e+07,-950656,950656,1.39636e+07
0,0,0,3.34378e+08,0,3.34439e+07,-950656,950656,1.39636e+07
0,0,0,3.34378e+08,0,3.34488e+07,-950656,950656,1.39636e+07
0,0,0,3.34378e+08,0,3.34536e+07,-950656,950656,1.39636e+07
0,0,0,3.34378e+08,0,3.06054e+07,-950656,950656,1.39636e+07
0,0,0,3.34378e+08,0,3.06099e+07,-950656,950656,1.39636e+07
0,0,0,3.34378e+08,0,3.06143e+07,-950656,950656,1.39636e+07
0,0,0,3.34378e+08,0,3.06187e+07,-950656,950656,1.39636e+07
0,0,0,3.34378e+08,0,3.06232e+07,-950656,950656,1.39636e+07
0,0,0,3.34378e+08,0,3.15567e+07,-950656,950656,1.39636e+07
0,0,0,3.34378e+08,1.02586e+07,3.1561e+07,-950656,950656,1.39636e+07
0,0,0,3.34378e+08,0,3.15654e+07,-950656,950656,1.39636e+07
0,0,0,3.34378e+08,0,3.15697e+07,-950656,950656,1.39636e+07
0,0,0,3.34378e+08,0,3.48391e+07,-950656,950656,1.39636e+07
0,0,0,3.34378e+08,0,3.48439e+07,-950656,950656,1.39636e+07
0,0,0,3.34378e+08,0,3.48487e+07,-950656,950656,1.39636e+07
0,0,0,3.34378e+08,0,3.48535e+07,-950656,950656,1.39636e+07
0,0,0,3.34378e+08,0,3.03618e+07,-950656,950656,1.39636e+07
0,0,0,3.34378e+08,0,3.0366e+07,-950656,950656,1.39636e+07
0,0,0,3.34378e+08,0,3.03701e+07,-950656,950656,1.39636e+07
0,0,0,3.34378e+08,0,3.03743e+07,-950656,950656,1.39636e+07
0,0,0,3.34378e+08,0,3.03784e+07,-950656,950656,1.39636e+07
0,0,0,3.34378e+08,0,3.14969e+07,-950656,950656,1.39636e+07
0,0,0,3.34378e+08,0,3.15012e+07,-950656,950656,1.39636e+07
0,0,0,3.34378e+08,0,3.15055e+07,-950656,950656,1.39636e+07
0,0,0,3.34378e+08,0,3.15099e+07,-950656,950656,1.39636e+07
0,0,0,3.34378e+08,0,3.10799e+07,-950656,950656,1.39636e+07
0,0,0,3.34378e+08,0,3.10842e+07,-950656,950656,1.39636e+07
0,0,0,3.34378e+08,0,3.10885e+07,-950656,950656,1.39636e+07
0,0,0,3.34378e+08,0,3.10927e+07,-950656,950656,1.39636e+07
0,0,0,3.34378e+08,0,3.26095e+07,-950656,950656,1.39636e+07
0,0,0,3.34378e+08,0,3.2614e+07,-950656,950656,1.39636e+07
0,0,0,3.34378e+08,0,3.26184e+07,-950656,950656,1.39636e+07
0,0,0,3.34378e+08,0,3.26229e+07,-950656,950656,1.39636e+07
0,0,0,3.34378e+08,0,3.26274e+07,-950656,950656,1.39636e+07
0,0,0,3.34378e+08,0,3.29883e+07,-950656,950656,1.39636e+07
0,0,0,3.34378e+08,0,3.29929e+07,-950656,950656,1.39636e+07
0,0,0,3.34378e+08,0,3.29974e+07,-950656,950656,1.39636e+07
0,0,0,3.34378e+08,0,3.30019e+07,-950656,950656,1.39636e+07
0,0,0,3.34378e+08,0,3.37616e+07,-950656,950656,1.39636e+07
0,0,0,3.34378e+08,0,3.37662e+07,-950656,950656,1.39636e+07
0,0,0,3.34378e+08,0,3.37709e+07,-950656,950656,1.39636e+07
0,0,0,3.34378e+08,0,3.37755e+07,-950656,950656,1.39636e+07
0,0,0,3.34378e+08,0,3.62858e+07,-950656,950656,1.39636e+07
0,0,0,3.34378e+08,0,3.62908e+07,-950656,950656,1.39636e+07
0,0,0,3.34378e+08,0,3.62958e+07,-950656,950656,1.39636e+07
0,0,0,3.34378e+08,0,3.63008e+07,-950656,950656,1.39636e+07
0,0,0,3.34378e+08,0,3.63058e+07,-950656,950656,1.39636e+07
0,0,0,3.34378e+08,0,3.4903e+07,-950656,950656,1.39636e+07
0,0,0,3.34378e+08,0,3.49078e+07,-950656,950656,1.39636e+07
0,0,0,3.34378e+08,0,3.49126e+07,-950656,950656,1.39636e+07
0,0,0,3.34378e+08,0,3.49174e+07,-950656,950656,1.39636e+07
0,0,0,3.34378e+08,0,3.36816e+07,-950656,950656,1.39636e+07
0,0,0,3.34378e+08,0,3.36862e+07,-950656,950656,1.39636e+07
0,0,0,3.34378e+08,0,3.36908e+07,-950656,950656,1.39636e+07
0,0,0,3.34378e+08,0,3.36955e+07,-950656,950656,1.39636e+07
0,0,0,3.34378e+08,0,3.08255e+07,-950656,950656,1.39636e+07
0,0,0,3.34378e+08,0,3.08297e+07,-950656,950656,1.39636e+07
0,0,0,3.34378e+08,0,3.0834e+07,-950656,950656,1.39636e+07
0,0,0,3.34378e+08,0,3.08382e+07,-950656,950656,1.39636e+07
0,0,0,3.34378e+08,0,3.08424e+07,-950656,950656,1.39636e+07
0,0,0,3.34378e+08,0,3.08424e+07,-950656,950656,1.39636e+07
0,0,0,6.18736e+08,0,3.17827e+07,-950656,950656,1.39636e+07
0,0,0,6.18736e+08,0,3.17868e+07,-950656,950656,1.39636e+07
0,0,0,6.18736e+08,0,3.1791e+07,-950656,950656,1.39636e+07
0,0,0,6.18736e+08,0,3.17951e+07,-950656,950656,1.39636e+07
0,0,0,6.18736e+08,0,3.50887e+07,-950656,950656,1.39636e+07
0,0,0,6.18736e+08,0,3.43559e+07,-1.68808e+06,1.68808e+06,1.39636e+07
0,0,0,6.18736e+08,0,3.14102e+07,-4.63829e+06,4.63829e+06,1.57914e+07
0,0,0,6.18736e+08,0,3.14143e+07,-4.6388e+06,4.6388e+06,1.57914e+07
0,0,0,6.18736e+08,0,2.73852e+07,-4.1424e+06,4.1424e+06,1.57914e+07
0,0,0,6.18736e+08,0,2.73888e+07,-4.14283e+06,4.14283e+06,1.57914e+07
0,0,0,6.18736e+08,0,2.73923e+07,-4.14327e+06,4.14327e+06,1.57914e+07
0,0,0,6.18736e+08,0,2.73958e+07,-4.1437e+06,4.1437e+06,1.57914e+07
0,0,0,6.18736e+08,0,2.73993e+07,-4.14414e+06,4.14414e+06,1.57914e+07
0,0,0,6.18736e+08,0,2.84023e+07,-4.2677e+06,4.2677e+06,1.57914e+07
0,0,0,6.18736e+08,0,2.84059e+07,-4.26815e+06,4.26815e+06,1.57914e+07
0,0,0,6.18736e+08,0,2.84096e+07,-4.2686e+06,4.2686e+06,1.57914e+07
0,0,0,6.18736e+08,0,2.84133e+07,-4.26906e+06,4.26906e+06,1.57914e+07
0,0,0,6.18736e+08,0,2.80275e+07,-4.22152e+06,4.22152e+06,1.57914e+07
0,0,0,6.18736e+08,0,2.80311e+07,-4.22197e+06,4.22197e+06,1.57914e+07
0,0,0,6.18736e+08,0,2.80347e+07,-4.22241e+06,4.22241e+06,1.57914e+07
0,0,0,6.18736e+08,0,2.80383e+07,-4.22286e+06,4.22286e+06,1.57914e+07
0,0,0,6.18736e+08,0,2.93984e+07,-4.39042e+06,4.39042e+06,1.57914e+07
0,0,0,6.18736e+08,0,2.94022e+07,-4.39089e+06,4.39089e+06,1.57914e+07
0,0,0,6.18736e+08,0,3.28467e+07,-950656,950656,1.39636e+07
0,0,0,6.18736e+08,0,2.94098e+07,-4.39183e+06,4.39183e+06,1.57914e+07
0,0,0,6.18736e+08,0,2.94136e+07,-4.3923e+06,4.3923e+06,1.57914e+07
0,0,0,6.18736e+08,0,3.32185e+07,-950656,950656,1.39636e+07
0,0,0,6.18736e+08,0,3.32228e+07,-950656,950656,1.39636e+07
0,0,0,6.18736e+08,0,3.32271e+07,-950656,950656,1.39636e+07
0,0,0,6.18736e+08,0,3.32315e+07,-950656,950656,1.39636e+07
0,0,0,6.18736e+08,0,3.39964e+07,-950656,950656,1.39636e+07
0,0,0,6.18736e+08,0,3.40008e+07,-950656,950656,1.39636e+07
0,0,0,6.18736e+08,0,3.40052e+07,-950656,950656,1.39636e+07
0,0,0,6.18736e+08,0,3.40096e+07,-950656,950656,1.39636e+07
0,0,0,6.18736e+08,0,3.65378e+07,-950656,950656,1.39636e+07
0,0,0,6.18736e+08,0,3.65426e+07,-950656,950656,1.39636e+07
0,0,0,6.18736e+08,0,3.65473e+07,-950656,950656,1.39636e+07
0,0,0,6.18736e+08,0,3.65521e+07,-950656,950656,1.39636e+07
0,0,0,6.18736e+08,0,3.65569e+07,-950656,950656,1.39636e+07
0,0,0,6.18736e+08,0,3.51436e+07,-950656,950656,1.39636e+07
0,0,0,6.18736e+08,0,3.51482e+07,-950656,950656,1.39636e+07
0,0,0,6.18736e+08,0,3.51528e+07,-950656,950656,1.39636e+07
0,0,0,6.18736e+08,0,3.51574e+07,-950656,950656,1.39636e+07
0,0,0,6.18736e+08,0,3.39124e+07,-950656,950656,1.39636e+07
0,0,0,6.18736e+08,0,3.39168e+07,-950656,950656,1.39636e+07
0,0,0,6.18736e+08,0,3.39212e+07,-950656,950656,1.39636e+07
0,0,0,6.18736e+08,0,3.39256e+07,-950656,950656,1.39636e+07
0,0,0,6.18736e+08,0,3.10349e+07,-950656,950656,1.39636e+07
0,0,0,6.18736e+08,0,3.1039e+07,-950656,950656,1.39636e+07
0,0,0,6.18736e+08,0,3.1043e+07,-950656,950656,1.39636e+07
0,0,0,6.18736e+08,0,3.1047e+07,-950656,950656,1.39636e+07
0,0,0,6.18736e+08,0,3.1051e+07,-950656,950656,1.39636e+07
0,0,0,6.18736e+08,0,3.19977e+07,-950656,950656,1.39636e+07
0,0,0,6.18736e+08,0,3.20016e+07,-950656,950656,1.39636e+07
0,0,0,6.18736e+08,0,3.20056e+07,-950656,950656,1.39636e+07
0,0,0,6.18736e+08,0,3.20095e+07,-950656,950656,1.39636e+07
0,0,0,6.18736e+08,0,3.53261e+07,-950656,950656,1.39636e+07
0,0,0,6.18736e+08,0,3.53305e+07,-950656,950656,1.39636e+07
0,0,0,6.18736e+08,0,3.53348e+07,-950656,950656,1.39636e+07
0,0,0,6.18736e+08,0,3.53391e+07,-950656,950656,1.39636e+07
0,0,0,6.18736e+08,0,3.07816e+07,-950656,950656,1.39636e+07
0,0,0,6.18736e+08,0,3.07853e+07,-950656,950656,1.39636e+07
0,0,0,6.18736e+08,0,3.07891e+07,-950656,950656,1.39636e+07
0,0,0,6.18736e+08,0,3.07929e+07,-950656,950656,1.39636e+07
0,0,0,6.18736e+08,0,3.07966e+07,-950656,950656,1.39636e+07
0,0,0,6.18736e+08,0,3.19307e+07,-950656,950656,1.39636e+07
0,0,0,6.18736e+08,0,3.19346e+07,-950656,950656,1.39636e+07
0,0,0,6.18736e+08,0,3.19386e+07,-950656,950656,1.39636e+07
0,0,0,6.18736e+08,0,3.19425e+07,-950656,950656,1.39636e+07
0,0,0,6.18736e+08,0,3.15058e+07,-950656,950656,1.39636e+07
0,0,0,6.18736e+08,0,3.15097e+07,-950656,950656,1.39636e+07
0,0,0,6.18736e+08,0,3.15135e+07,-950656,950656,1.39636e+07
0,0,0,6.18736e+08,0,3.15174e+07,-950656,950656,1.39636e+07
0,0,0,6.18736e+08,0,3.30554e+07,-950656,950656,1.39636e+07
0,0,0,6.18736e+08,0,3.30594e+07,-950656,950656,1.39636e+07
0,0,0,6.18736e+08,0,3.30635e+07,-950656,950656,1.39636e+07
0,0,0,6.18736e+08,0,3.30675e+07,-950656,950656,1.39636e+07
0,0,0,6.18736e+08,0,3.30716e+07,-950656,950656,1.39636e+07
0,0,0,6.18736e+08,0,3.34371e+07,-950656,950656,1.39636e+07
0,0,0,6.18736e+08,0,3.34412e+07,-950656,950656,1.39636e+07
0,0,0,6.18736e+08,0,3.34453e+07,-950656,950656,1.39636e+07
0,0,0,6.18736e+08,0,3.34494e+07,-950656,950656,1.39636e+07
0,0,0,6.18736e+08,0,3.42193e+07,-950656,950656,1.39636e+07
0,0,0,6.18736e+08,0,3.42235e+07,-950656,950656,1.39636e+07
0,0,0,6.18736e+08,0,3.42277e+07,-950656,950656,1.39636e+07
0,0,0,6.18736e+08,0,3.42319e+07,-950656,950656,1.39636e+07
0,0,0,6.18736e+08,0,3.6777e+07,-950656,950656,1.39636e+07
0,0,0,6.18736e+08,0,3.67815e+07,-950656,950656,1.39636e+07
0,0,0,6.18736e+08,0,3.67861e+07,-950656,950656,1.39636e+07
0,0,0,6.18736e+08,0,3.67906e+07,-950656,950656,1.39636e+07
0,0,0,6.18736e+08,0,3.67951e+07,-950656,950656,1.39636e+07
0,0,0,6.18736e+08,0,3.5372e+07,-950656,950656,1.39636e+07
0,0,0,6.18736e+08,0,3.53764e+07,-950656,950656,1.39636e+07
0,0,0,6.18736e+08,0,3.53807e+07,-950656,950656,1.39636e+07
0,0,0,6.18736e+08,0,3.5385e+07,-950656,950656,1.39636e+07
0,0,0,6.18736e+08,0,3.41314e+07,-950656,950656,1.39636e+07
0,0,0,6.18736e+08,0,3.41356e+07,-950656,950656,1.39636e+07
0,0,0,6.18736e+08,0,3.41398e+07,-950656,950656,1.39636e+07
0,0,0,6.18736e+08,0,3.41439e+07,-950656,950656,1.39636e+07
0,0,0,6.18736e+08,0,3.12335e+07,-950656,950656,1.39636e+07
0,0,0,6.18736e+08,0,3.12374e+07,-950656,950656,1.39636e+07
0,0,0,6.18736e+08,0,3.12412e+07,-950656,950656,1.39636e+07
0,0,0,6.18736e+08,0,3.1245e+07,-950656,950656,1.39636e+07
0,0,0,6.18736e+08,0,3.12488e+07,-950656,950656,1.39636e+07
0,0,0,6.18736e+08,0,3.22016e+07,-950656,950656,1.39636e+07
0,0,0,6.18736e+08,0,3.22053e+07,-950656,950656,1.39636e+07
0,0,0,6.18736e+08,0,3.2209e+07,-950656,950656,1.39636e+07
0,0,0,6.18736e+08,0,3.22127e+07,-950656,950656,1.39636e+07
0,0,0,6.18736e+08,0,3.55511e+07,-950656,950656,1.39636e+07
0,0,0,6.18736e+08,0,3.55552e+07,-950656,950656,1.39636e+07
0,0,0,6.18736e+08,0,3.55593e+07,-950656,950656,1.39636e+07
0,0,0,6.18736e+08,0,3.55634e+07,-950656,950656,1.39636e+07
0,0,0,6.18736e+08,0,3.09754e+07,-950656,950656,1.39636e+07
0,0,0,6.18736e+08,0,3.0979e+07,-950656,950656,1.39636e+07
0,0,0,6.18736e+08,0,3.09825e+07,-950656,950656,1.39636e+07
0,0,0,6.18736e+08,0,3.09861e+07,-950656,950656,1.39636e+07
0,0,0,6.18736e+08,0,3.09896e+07,-950656,950656,1.39636e+07
0,0,0,6.18736e+08,0,3.2131e+07,-950656,950656,1.39636e+07
0,0,0,6.18736e+08,0,3.21346e+07,-950656,950656,1.39636e+07
0,0,0,6.18736e+08,0,3.21383e+07,-950656,950656,1.39636e+07
0,0,0,6.18736e+08,0,3.2142e+07,-950656,950656,1.39636e+07
0,0,0,6.18736e+08,0,3.17023e+07,-950656,950656,1.39636e+07
0,0,0,6.18736e+08,0,3.17059e+07,-950656,950656,1.39636e+07
0,0,0,6.18736e+08,0,3.17096e+07,-950656,950656,1.39636e+07
0,0,0,6.18736e+08,0,3.17132e+07,-950656,950656,1.39636e+07
0,0,0,6.18736e+08,0,3.3261e+07,-950656,950656,1.39636e+07
0,0,0,6.18736e+08,0,3.32648e+07,-950656,950656,1.39636e+07
0,0,0,6.18736e+08,0,3.32686e+07,-950656,950656,1.39636e+07
0,0,0,6.18736e+08,0,3.32724e+07,-950656,950656,1.39636e+07
0,0,0,6.18736e+08,0,3.32762e+07,-950656,950656,1.39636e+07
0,0,0,6.18736e+08,0,3.36439e+07,-950656,950656,1.39636e+07
0,0,0,6.18736e+08,0,3.36477e+07,-950656,950656,1.39636e+07
0,0,0,6.18736e+08,0,3.36516e+07,-950656,950656,1.39636e+07
0,0,0,6.18736e+08,0,3.36555e+07,-950656,950656,1.39636e+07
0,0,0,6.18736e+08,0,3.44301e+07,-950656,950656,1.39636e+07
0,0,0,6.18736e+08,0,3.4434e+07,-950656,950656,1.39636e+07
0,0,0,6.18736e+08,0,3.4438e+07,-950656,950656,1.39636e+07
0,0,0,6.18736e+08,0,3.4442e+07,-950656,950656,1.39636e+07
0,0,0,6.18736e+08,0,3.70031e+07,-950656,950656,1.39636e+07
0,0,0,6.18736e+08,0,3.70074e+07,-950656,950656,1.39636e+07
0,0,0,6.18736e+08,0,3.70117e+07,-950656,950656,1.39636e+07
0,0,0,6.18736e+08,0,3.70159e+07,-950656,950656,1.39636e+07
0,0,0,6.18736e+08,0,3.70202e+07,-950656,950656,1.39636e+07
0,0,0,6.18736e+08,0,3.55878e+07,-950656,950656,1.39636e+07
0,0,0,6.18736e+08,0,3.55919e+07,-950656,950656,1.39636e+07
0,0,0,6.18736e+08,0,3.5596e+07,-950656,950656,1.39636e+07
0,0,0,6.18736e+08,0,3.56001e+07,-950656,950656,1.39636e+07
0,0,0,6.18736e+08,0,3.43382e+07,-950656,950656,1.39636e+07
0,0,0,6.18736e+08,0,3.43421e+07,-950656,950656,1.39636e+07
0,0,0,6.18736e+08,0,3.43461e+07,-950656,950656,1.39636e+07
0,0,0,6.18736e+08,0,3.435e+07,-950656,950656,1.39636e+07
0,0,0,6.18736e+08,0,3.1421e+07,-950656,950656,1.39636e+07
0,0,0,6.18736e+08,0,3.14246e+07,-950656,950656,1.39636e+07
0,0,0,6.18736e+08,0,3.14282e+07,-950656,950656,1.39636e+07
0,0,0,6.18736e+08,0,2.81463e+07,-4.23617e+06,4.23617e+06,1.57914e+07
0,0,0,6.18736e+08,0,2.81495e+07,-4.23656e+06,4.23656e+06,1.57914e+07
0,0,0,6.9104e+08,0,2.90029e+07,-4.3417e+06,4.3417e+06,1.57914e+07
0,0,0,6.9104e+08,0,2.9006e+07,-4.34208e+06,4.34208e+06,1.57914e+07
0,0,0,6.9104e+08,0,2.90091e+07,-4.34246e+06,4.34246e+06,1.57914e+07
0,0,0,6.9104e+08,0,2.90122e+07,-4.34284e+06,4.34284e+06,1.57914e+07
0,0,0,6.9104e+08,0,3.20027e+07,-4.71129e+06,4.71129e+06,1.57914e+07
0,0,0,6.9104e+08,0,3.57672e+07,-950656,950656,1.39636e+07
0,0,0,6.9104e+08,0,3.57711e+07,-950656,950656,1.39636e+07
0,0,0,6.9104e+08,0,3.57749e+07,-950656,950656,1.39636e+07
0,0,0,6.9104e+08,0,3.11582e+07,-950656,950656,1.39636e+07
0,0,0,6.9104e+08,0,3.05104e+07,-1.60183e+06,1.60183e+06,1.39636e+07
0,0,0,6.9104e+08,0,3.11649e+07,-950656,950656,1.39636e+07
0,0,0,6.9104e+08,0,3.11682e+07,-950656,950656,1.39636e+07
0,0,0,6.9104e+08,0,2.79146e+07,-4.20762e+06,4.20762e+06,1.57914e+07
0,0,0,6.9104e+08,0,3.23197e+07,-950656,950656,1.39636e+07
0,0,0,6.9104e+08,0,3.23232e+07,-950656,950656,1.39636e+07
0,0,0,6.9104e+08,0,3.23266e+07,-950656,950656,1.39636e+07
0,0,0,6.9104e+08,0,3.23301e+07,-950656,950656,1.39636e+07
0,0,0,6.9104e+08,0,3.18874e+07,-950656,950656,1.39636e+07
0,0,0,6.9104e+08,0,3.18908e+07,-950656,950656,1.39636e+07
0,0,0,6.9104e+08,0,3.18943e+07,-950656,950656,1.39636e+07
0,0,0,6.9104e+08,0,3.18977e+07,-950656,950656,1.39636e+07
0,0,0,6.9104e+08,0,3.34546e+07,-950656,950656,1.39636e+07
0,0,0,6.9104e+08,0,3.34582e+07,-950656,950656,1.39636e+07
0,0,0,6.9104e+08,0,3.34618e+07,-950656,950656,1.39636e+07
0,0,0,6.9104e+08,0,3.34654e+07,-950656,950656,1.39636e+07
0,0,0,6.9104e+08,0,3.3469e+07,-950656,950656,1.39636e+07
0,0,0,6.9104e+08,0,3.38386e+07,-950656,950656,1.39636e+07
0,0,0,6.9104e+08,0,3.38422e+07,-950656,950656,1.39636e+07
0,0,0,6.9104e+08,0,3.38458e+07,-950656,950656,1.39636e+07
0,0,0,6.9104e+08,0,3.38495e+07,-950656,950656,1.39636e+07
0,0,0,6.9104e+08,0,3.46285e+07,-950656,950656,1.39636e+07
0,0,0,6.9104e+08,0,3.46322e+07,-950656,950656,1.39636e+07
0,0,0,6.9104e+08,0,3.46359e+07,-950656,950656,1.39636e+07
0,0,0,6.9104e+08,0,3.46396e+07,-950656,950656,1.39636e+07
0,0,0,6.9104e+08,0,3.72159e+07,-950656,950656,1.39636e+07
0,0,0,6.9104e+08,0,3.721e+07,-944295,944295,1.39636e+07
0,0,0,6.9104e+08,0,3.72128e+07,-943542,943542,1.39636e+07
0,0,0,6.9104e+08,0,3.72157e+07,-942789,942789,1.39636e+07
0,0,0,6.9104e+08,0,3.72185e+07,-942037,942037,1.39636e+07
0,0,0,6.9104e+08,0,3.57761e+07,-941283,941283,1.39636e+07
0,0,0,6.9104e+08,0,3.57945e+07,-950656,950656,1.39636e+07
0,0,0,6.9104e+08,0,3.57984e+07,-950656,950656,1.39636e+07
0,0,0,6.9104e+08,0,3.58022e+07,-950656,950656,1.39636e+07
0,0,0,6.9104e+08,0,3.45326e+07,-950656,950656,1.39636e+07
0,0,0,6.9104e+08,0,3.45363e+07,-950656,950656,1.39636e+07
0,0,0,6.9104e+08,0,3.454e+07,-950656,950656,1.39636e+07
0,0,0,6.9104e+08,0,3.45438e+07,-950656,950656,1.39636e+07
0,0,0,6.9104e+08,0,3.15973e+07,-950656,950656,1.39636e+07
0,0,0,6.9104e+08,0,3.16006e+07,-950656,950656,1.39636e+07
0,0,0,6.9104e+08,0,3.1604e+07,-950656,950656,1.39636e+07
0,0,0,6.9104e+08,0,3.16074e+07,-950656,950656,1.39636e+07
0,0,0,6.9104e+08,0,3.16108e+07,-950656,950656,1.39636e+07
0,0,0,6.9104e+08,0,3.25747e+07,-950656,950656,1.39636e+07
0,0,0,6.9104e+08,0,3.25779e+07,-950656,950656,1.39636e+07
0,0,0,6.9104e+08,0,3.25812e+07,-950656,950656,1.39636e+07
0,0,0,6.9104e+08,0,3.25844e+07,-950656,950656,1.39636e+07
0,0,0,6.9104e+08,0,3.59627e+07,-950656,950656,1.39636e+07
0,0,0,6.9104e+08,0,3.59663e+07,-950656,950656,1.39636e+07
0,0,0,6.9104e+08,0,3.59699e+07,-950656,950656,1.39636e+07
0,0,0,6.9104e+08,0,3.59735e+07,-950656,950656,1.39636e+07
0,0,0,6.9104e+08,0,3.13299e+07,-950656,950656,1.39636e+07
0,0,0,6.9104e+08,0,3.1333e+07,-950656,950656,1.39636e+07
0,0,0,6.9104e+08,0,3.13361e+07,-950656,950656,1.39636e+07
0,0,0,6.9104e+08,0,3.13392e+07,-950656,950656,1.39636e+07
0,0,0,6.9104e+08,0,3.13424e+07,-950656,950656,1.39636e+07
0,0,0,6.9104e+08,0,3.24969e+07,-950656,950656,1.39636e+07
0,0,0,6.9104e+08,0,3.25001e+07,-950656,950656,1.39636e+07
0,0,0,6.9104e+08,0,3.25034e+07,-950656,950656,1.39636e+07
0,0,0,6.9104e+08,0,3.25066e+07,-950656,950656,1.39636e+07
0,0,0,6.9104e+08,0,3.20612e+07,-950656,950656,1.39636e+07
0,0,0,6.9104e+08,0,3.20644e+07,-950656,950656,1.39636e+07
0,0,0,6.9104e+08,0,3.20676e+07,-950656,950656,1.39636e+07
0,0,0,6.9104e+08,0,3.20708e+07,-950656,950656,1.39636e+07
0,0,0,6.9104e+08,0,3.36364e+07,-950656,950656,1.39636e+07
0,0,0,6.9104e+08,0,3.36397e+07,-950656,950656,1.39636e+07
0,0,0,6.9104e+08,0,3.36431e+07,-950656,950656,1.39636e+07
0,0,0,6.9104e+08,0,3.36464e+07,-950656,950656,1.39636e+07
0,0,0,6.9104e+08,0,3.36498e+07,-950656,950656,1.39636e+07
0,0,0,6.9104e+08,0,3.40213e+07,-950656,950656,1.39636e+07
0,0,0,6.9104e+08,0,3.40247e+07,-950656,950656,1.39636e+07
0,0,0,6.9104e+08,0,3.40281e+07,-950656,950656,1.39636e+07
0,0,0,6.9104e+08,0,3.40315e+07,-950656,950656,1.39636e+07
0,0,0,6.9104e+08,0,3.48146e+07,-950656,950656,1.39636e+07
0,0,0,6.9104e+08,0,3.48181e+07,-950656,950656,1.39636e+07
0,0,0,6.9104e+08,0,3.48216e+07,-950656,950656,1.39636e+07
0,0,0,6.9104e+08,0,3.48251e+07,-950656,950656,1.39636e+07
0,0,0,6.9104e+08,0,3.74154e+07,-950656,950656,1.39636e+07
0,0,0,6.9104e+08,0,3.7351e+07,-906845,906845,1.39636e+07
0,0,0,6.9104e+08,0,3.73537e+07,-906139,906139,1.39636e+07
0,0,0,6.9104e+08,0,3.73563e+07,-905434,905434,1.39636e+07
0,0,0,6.9104e+08,0,3.7359e+07,-904729,904729,1.39636e+07
0,0,0,6.9104e+08,0,3.59084e+07,-904023,904023,1.39636e+07
0,0,0,6.9104e+08,0,3.59845e+07,-950656,950656,1.39636e+07
0,0,0,6.9104e+08,0,3.59882e+07,-950656,950656,1.39636e+07
0,0,0,6.9104e+08,0,3.59918e+07,-950656,950656,1.39636e+07
0,0,0,6.9104e+08,0,3.47149e+07,-950656,950656,1.39636e+07
0,0,0,6.9104e+08,0,3.47184e+07,-950656,950656,1.39636e+07
0,0,0,6.9104e+08,0,3.47218e+07,-950656,950656,1.39636e+07
0,0,0,6.9104e+08,0,3.47253e+07,-950656,950656,1.39636e+07
0,0,0,6.9104e+08,0,3.17624e+07,-950656,950656,1.39636e+07
0,0,0,6.9104e+08,0,3.17656e+07,-950656,950656,1.39636e+07
0,0,0,6.9104e+08,0,3.17687e+07,-950656,950656,1.39636e+07
0,0,0,6.9104e+08,0,3.17719e+07,-950656,950656,1.39636e+07
0,0,0,6.9104e+08,0,3.17751e+07,-950656,950656,1.39636e+07
0,0,0,6.9104e+08,0,3.2744e+07,-950656,950656,1.39636e+07
0,0,0,6.9104e+08,0,3.2747e+07,-950656,950656,1.39636e+07
0,0,0,6.9104e+08,0,3.27501e+07,-950656,950656,1.39636e+07
0,0,0,6.9104e+08,0,3.27531e+07,-950656,950656,1.39636e+07
0,0,0,6.9104e+08,0,3.61494e+07,-950656,950656,1.39636e+07
0,0,0,6.9104e+08,0,3.61528e+07,-950656,950656,1.39636e+07
0,0,0,6.9104e+08,0,3.61562e+07,-950656,950656,1.39636e+07
0,0,0,6.9104e+08,0,3.61595e+07,-950656,950656,1.39636e+07
0,0,0,6.9104e+08,0,3.14906e+07,-950656,950656,1.39636e+07
0,0,0,6.9104e+08,0,3.14935e+07,-950656,950656,1.39636e+07
0,0,0,6.9104e+08,0,3.14964e+07,-950656,950656,1.39636e+07
0,0,0,6.9104e+08,0,3.14994e+07,-950656,950656,1.39636e+07
0,0,0,6.9104e+08,0,3.15023e+07,-950656,950656,1.39636e+07
0,0,0,6.9104e+08,0,3.26627e+07,-950656,950656,1.39636e+07
0,0,0,6.9104e+08,0,3.26658e+07,-950656,950656,1.39636e+07
0,0,0,6.9104e+08,0,3.26688e+07,-950656,950656,1.39636e+07
0,0,0,6.9104e+08,0,3.26718e+07,-950656,950656,1.39636e+07
0,0,0,6.9104e+08,0,3.22238e+07,-950656,950656,1.39636e+07
0,0,0,6.9104e+08,0,3.22268e+07,-950656,950656,1.39636e+07
0,0,0,6.9104e+08,0,3.22298e+07,-950656,950656,1.39636e+07
0,0,0,6.9104e+08,0,3.22328e+07,-950656,950656,1.39636e+07
0,0,0,6.9104e+08,0,3.38064e+07,-950656,950656,1.39636e+07
0,0,0,6.9104e+08,0,3.38095e+07,-950656,950656,1.39636e+07
0,0,0,6.9104e+08,0,3.38126e+07,-950656,950656,1.39636e+07
0,0,0,6.9104e+08,0,3.38158e+07,-950656,950656,1.39636e+07
0,0,0,6.9104e+08,0,3.38189e+07,-950656,950656,1.39636e+07
0,0,0,6.9104e+08,0,3.41921e+07,-950656,950656,1.39636e+07
0,0,0,6.9104e+08,0,3.41953e+07,-950656,950656,1.39636e+07
0,0,0,6.9104e+08,0,3.41984e+07,-950656,950656,1.39636e+07
0,0,0,6.9104e+08,0,3.42016e+07,-950656,950656,1.39636e+07
0,0,0,6.9104e+08,0,3.49886e+07,-950656,950656,1.39636e+07
0,0,0,6.9104e+08,0,3.49918e+07,-950656,950656,1.39636e+07
0,0,0,6.9104e+08,0,3.49951e+07,-950656,950656,1.39636e+07
0,0,0,6.9104e+08,0,3.49983e+07,-950656,950656,1.39636e+07
0,0,0,6.9104e+08,0,3.76019e+07,-950656,950656,1.39636e+07
0,0,0,6.9104e+08,0,3.74828e+07,-871844,871844,1.39636e+07
0,0,0,6.9104e+08,0,3.74853e+07,-871185,871185,1.39636e+07
0,0,0,6.9104e+08,0,3.74878e+07,-870527,870527,1.39636e+07
0,0,0,6.9104e+08,0,3.74902e+07,-869869,869869,1.39636e+07
0,0,0,6.9104e+08,0,3.6032e+07,-869211,869211,1.39636e+07
0,0,0,6.9104e+08,0,3.61621e+07,-950656,950656,1.39636e+07
0,0,0,6.9104e+08,0,3.61654e+07,-950656,950656,1.39636e+07
0,0,0,6.9104e+08,0,3.61688e+07,-950656,950656,1.39636e+07
0,0,0,6.9104e+08,0,3.48851e+07,-950656,950656,1.39636e+07
0,0,0,6.9104e+08,0,3.48883e+07,-950656,950656,1.39636e+07
0,0,0,6.9104e+08,0,3.48916e+07,-950656,950656,1.39636e+07
0,0,0,6.9104e+08,0,3.48948e+07,-950656,950656,1.39636e+07
0,0,0,6.9104e+08,0,3.19166e+07,-950656,950656,1.39636e+07
0,0,0,6.9104e+08,0,3.19195e+07,-950656,950656,1.39636e+07
0,0,0,6.9104e+08,0,3.19225e+07,-950656,950656,1.39636e+07
0,0,0,6.9104e+08,0,3.19255e+07,-950656,950656,1.39636e+07
0,0,0,6.9104e+08,0,3.19284e+07,-950656,950656,1.39636e+07
0,0,0,6.9104e+08,0,3.19284e+07,-950656,950656,1.39636e+07
0,0,0,6.99571e+08,0,3.2902e+07,-950656,950656,1.39636e+07
0,0,0,6.99571e+08,0,3.29048e+07,-950656,950656,1.39636e+07
0,0,0,6.99571e+08,0,3.29076e+07,-950656,950656,1.39636e+07
0,0,0,6.99571e+08,0,3.29105e+07,-950656,950656,1.39636e+07
0,0,0,6.99571e+08,0,3.63236e+07,-950656,950656,1.39636e+07
0,0,0,6.99571e+08,0,3.63268e+07,-950656,950656,1.39636e+07
0,0,0,6.99571e+08,0,3.63299e+07,-950656,950656,1.39636e+07
0,0,0,6.99571e+08,0,3.6333e+07,-950656,950656,1.39636e+07
0,0,0,6.99571e+08,0,3.16405e+07,-950656,950656,1.39636e+07
0,0,0,6.99571e+08,0,3.16432e+07,-950656,950656,1.39636e+07
0,0,0,6.99571e+08,0,3.16459e+07,-950656,950656,1.39636e+07
0,0,0,6.99571e+08,0,3.16486e+07,-950656,950656,1.39636e+07
0,0,0,6.99571e+08,0,3.16514e+07,-950656,950656,1.39636e+07
0,0,0,6.99571e+08,0,3.28174e+07,-950656,950656,1.39636e+07
0,0,0,6.99571e+08,0,3.28202e+07,-950656,950656,1.39636e+07
0,0,0,6.99571e+08,0,3.2823e+07,-950656,950656,1.39636e+07
0,0,0,6.99571e+08,0,3.28258e+07,-950656,950656,1.39636e+07
0,0,0,6.99571e+08,0,3.23753e+07,-950656,950656,1.39636e+07
0,0,0,6.99571e+08,0,3.23781e+07,-950656,950656,1.39636e+07
0,0,0,6.99571e+08,0,3.23809e+07,-950656,950656,1.39636e+07
0,0,0,6.99571e+08,0,3.23837e+07,-950656,950656,1.39636e+07
0,0,0,6.99571e+08,0,3.39647e+07,-950656,950656,1.39636e+07
0,0,0,6.99571e+08,0,3.39677e+07,-950656,950656,1.39636e+07
0,0,0,6.99571e+08,0,3.39706e+07,-950656,950656,1.39636e+07
0,0,0,6.99571e+08,0,3.39735e+07,-950656,950656,1.39636e+07
0,0,0,6.99571e+08,0,3.39764e+07,-950656,950656,1.39636e+07
0,0,0,6.99571e+08,0,3.43511e+07,-950656,950656,1.39636e+07
0,0,0,6.99571e+08,0,3.43541e+07,-950656,950656,1.39636e+07
0,0,0,6.99571e+08,0,3.4357e+07,-950656,950656,1.39636e+07
0,0,0,6.99571e+08,0,3.436e+07,-950656,950656,1.39636e+07
0,0,0,6.99571e+08,0,3.51505e+07,-950656,950656,1.39636e+07
0,0,0,6.99571e+08,0,3.51535e+07,-950656,950656,1.39636e+07
0,0,0,6.99571e+08,0,3.51566e+07,-950656,950656,1.39636e+07
0,0,0,6.99571e+08,0,3.51596e+07,-950656,950656,1.39636e+07
0,0,0,6.99571e+08,0,3.77754e+07,-950656,950656,1.39636e+07
0,0,0,6.99571e+08,0,3.76054e+07,-839280,839280,1.39636e+07
0,0,0,6.99571e+08,0,3.76077e+07,-838668,838668,1.39636e+07
0,0,0,6.99571e+08,0,3.761e+07,-838057,838057,1.39636e+07
0,0,0,6.99571e+08,0,3.76123e+07,-837445,837445,1.39636e+07
0,0,0,6.99571e+08,0,3.61469e+07,-836834,836834,1.39636e+07
0,0,0,6.99571e+08,0,3.63271e+07,-950656,950656,1.39636e+07
0,0,0,6.99571e+08,0,3.63302e+07,-950656,950656,1.39636e+07
0,0,0,6.99571e+08,0,3.63334e+07,-950656,950656,1.39636e+07
0,0,0,6.99571e+08,0,3.50433e+07,-950656,950656,1.39636e+07
0,0,0,6.99571e+08,0,3.50463e+07,-950656,950656,1.39636e+07
0,0,0,6.99571e+08,0,3.50494e+07,-950656,950656,1.39636e+07
0,0,0,6.99571e+08,0,3.50524e+07,-950656,950656,1.39636e+07
0,0,0,6.99571e+08,0,3.20599e+07,-950656,950656,1.39636e+07
0,0,0,6.99571e+08,0,3.20626e+07,-950656,950656,1.39636e+07
0,0,0,6.99571e+08,0,3.20653e+07,-950656,950656,1.39636e+07
0,0,0,6.99571e+08,0,3.20681e+07,-950656,950656,1.39636e+07
0,0,0,6.99571e+08,0,3.20708e+07,-950656,950656,1.39636e+07
0,0,0,6.99571e+08,0,3.30488e+07,-950656,950656,1.39636e+07
0,0,0,6.99571e+08,0,3.30514e+07,-950656,950656,1.39636e+07
0,0,0,6.99571e+08,0,3.3054e+07,-950656,950656,1.39636e+07
0,0,0,6.99571e+08,0,3.30566e+07,-950656,950656,1.39636e+07
0,0,0,6.99571e+08,0,3.64854e+07,-950656,950656,1.39636e+07
0,0,0,6.99571e+08,0,3.64882e+07,-950656,950656,1.39636e+07
0,0,0,6.99571e+08,0,3.64911e+07,-950656,950656,1.39636e+07
0,0,0,6.99571e+08,0,3.6494e+07,-950656,950656,1.39636e+07
0,0,0,6.99571e+08,0,3.17796e+07,-950656,950656,1.39636e+07
0,0,0,6.99571e+08,0,3.17821e+07,-950656,950656,1.39636e+07
0,0,0,6.99571e+08,0,3.17846e+07,-950656,950656,1.39636e+07
0,0,0,6.99571e+08,0,3.17871e+07,-950656,950656,1.39636e+07
0,0,0,6.99571e+08,0,3.17896e+07,-950656,950656,1.39636e+07
0,0,0,6.99571e+08,0,3.29607e+07,-950656,950656,1.39636e+07
0,0,0,6.99571e+08,0,3.29633e+07,-950656,950656,1.39636e+07
0,0,0,6.99571e+08,0,3.29659e+07,-950656,950656,1.39636e+07
0,0,0,6.99571e+08,0,3.29685e+07,-950656,950656,1.39636e+07
0,0,0,6.99571e+08,0,3.25158e+07,-950656,950656,1.39636e+07
0,0,0,6.99571e+08,0,3.25184e+07,-950656,950656,1.39636e+07
0,0,0,6.99571e+08,0,3.25209e+07,-950656,950656,1.39636e+07
0,0,0,6.99571e+08,0,3.25235e+07,-950656,950656,1.39636e+07
0,0,0,6.99571e+08,0,3.41115e+07,-950656,950656,1.39636e+07
0,0,0,6.99571e+08,0,3.41142e+07,-950656,950656,1.39636e+07
0,0,0,6.99571e+08,0,3.41169e+07,-950656,950656,1.39636e+07
0,0,0,6.99571e+08,0,3.41196e+07,-950656,950656,1.39636e+07
0,0,0,6.99571e+08,0,3.41223e+07,-950656,950656,1.39636e+07
0,0,0,6.99571e+08,0,3.44984e+07,-950656,950656,1.39636e+07
0,0,0,6.99571e+08,0,3.45011e+07,-950656,950656,1.39636e+07
0,0,0,6.99571e+08,0,3.45039e+07,-950656,950656,1.39636e+07
0,0,0,6.99571e+08,0,3.45066e+07,-950656,950656,1.39636e+07
0,0,0,6.99571e+08,0,3.53004e+07,-950656,950656,1.39636e+07
0,0,0,6.99571e+08,0,3.53032e+07,-950656,950656,1.39636e+07
0,0,0,6.99571e+08,0,3.5306e+07,-950656,950656,1.39636e+07
0,0,0,6.99571e+08,0,3.53088e+07,-950656,950656,1.39636e+07
0,0,0,6.99571e+08,0,3.79359e+07,-950656,950656,1.39636e+07
0,0,0,6.99571e+08,0,3.79389e+07,-950656,950656,1.39636e+07
0,0,0,6.99571e+08,0,3.79419e+07,-950656,950656,1.39636e+07
0,0,0,6.99571e+08,0,3.79449e+07,-950656,950656,1.39636e+07
0,0,0,6.99571e+08,0,3.79479e+07,-950656,950656,1.39636e+07
0,0,0,6.99571e+08,0,3.64768e+07,-950656,950656,1.39636e+07
0,0,0,6.99571e+08,0,3.64797e+07,-950656,950656,1.39636e+07
0,0,0,6.99571e+08,0,3.64826e+07,-950656,950656,1.39636e+07
0,0,0,6.99571e+08,0,3.64855e+07,-950656,950656,1.39636e+07
0,0,0,6.99571e+08,0,3.51896e+07,-950656,950656,1.39636e+07
0,0,0,6.99571e+08,0,3.51923e+07,-950656,950656,1.39636e+07
0,0,0,6.99571e+08,0,3.51951e+07,-950656,950656,1.39636e+07
0,0,0,6.99571e+08,0,3.51979e+07,-950656,950656,1.39636e+07
0,0,0,6.99571e+08,0,3.21922e+07,-950656,950656,1.39636e+07
0,0,0,6.99571e+08,0,3.21947e+07,-950656,950656,1.39636e+07
0,0,0,6.99571e+08,0,3.21973e+07,-950656,950656,1.39636e+07
0,0,0,6.99571e+08,0,3.21998e+07,-950656,950656,1.39636e+07
0,0,0,6.99571e+08,0,3.22023e+07,-950656,950656,1.39636e+07
0,0,0,6.99571e+08,0,3.24887e+07,-1.6462e+06,1.6462e+06,1.39636e+07
0,0,0,6.99571e+08,0,3.31866e+07,-950656,950656,1.39636e+07
0,0,0,6.99571e+08,0,3.3189e+07,-950656,950656,1.39636e+07
0,0,0,6.99571e+08,0,3.31914e+07,-950656,950656,1.39636e+07
0,0,0,6.99571e+08,0,3.66346e+07,-950656,950656,1.39636e+07
0,0,0,6.99571e+08,0,3.66372e+07,-950656,950656,1.39636e+07
0,0,0,6.99571e+08,0,3.66399e+07,-950656,950656,1.39636e+07
0,0,0,6.99571e+08,0,3.66425e+07,-950656,950656,1.39636e+07
0,0,0,6.99571e+08,0,3.19079e+07,-950656,950656,1.39636e+07
0,0,0,6.99571e+08,0,3.19102e+07,-950656,950656,1.39636e+07
0,0,0,6.99571e+08,0,3.19125e+07,-950656,950656,1.39636e+07
0,0,0,6.99571e+08,0,3.19148e+07,-950656,950656,1.39636e+07
0,0,0,6.99571e+08,0,3.19171e+07,-950656,950656,1.39636e+07
0,0,0,6.99571e+08,0,3.30929e+07,-950656,950656,1.39636e+07
0,0,0,6.99571e+08,0,3.30953e+07,-950656,950656,1.39636e+07
0,0,0,6.99571e+08,0,3.30977e+07,-950656,950656,1.39636e+07
0,0,0,6.99571e+08,0,3.31e+07,-950656,950656,1.39636e+07
0,0,0,6.99571e+08,0,3.26452e+07,-950656,950656,1.39636e+07
0,0,0,6.99571e+08,0,3.26475e+07,-950656,950656,1.39636e+07
0,0,0,6.99571e+08,0,3.26499e+07,-950656,950656,1.39636e+07
0,0,0,6.99571e+08,0,3.26522e+07,-950656,950656,1.39636e+07
0,0,0,6.99571e+08,0,3.42466e+07,-950656,950656,1.39636e+07
0,0,0,6.99571e+08,0,3.42491e+07,-950656,950656,1.39636e+07
0,0,0,6.99571e+08,0,3.42515e+07,-950656,950656,1.39636e+07
0,0,0,6.99571e+08,0,3.4254e+07,-950656,950656,1.39636e+07
0,0,0,6.99571e+08,0,3.42565e+07,-950656,950656,1.39636e+07
0,0,0,6.99571e+08,0,3.4634e+07,-950656,950656,1.39636e+07
0,0,0,6.99571e+08,0,3.46365e+07,-950656,950656,1.39636e+07
0,0,0,6.99571e+08,0,3.4639e+07,-950656,950656,1.39636e+07
0,0,0,6.99571e+08,0,3.46414e+07,-950656,950656,1.39636e+07
0,0,0,6.99571e+08,0,3.54383e+07,-950656,950656,1.39636e+07
0,0,0,6.99571e+08,0,3.54408e+07,-950656,950656,1.39636e+07
0,0,0,6.99571e+08,0,3.54434e+07,-950656,950656,1.39636e+07
0,0,0,6.99571e+08,0,3.54459e+07,-950656,950656,1.39636e+07
0,0,0,6.99571e+08,0,3.80835e+07,-950656,950656,1.39636e+07
0,0,0,6.99571e+08,0,3.80862e+07,-950656,950656,1.39636e+07
0,0,0,6.99571e+08,0,3.8089e+07,-950656,950656,1.39636e+07
0,0,0,6.99571e+08,0,3.80918e+07,-950656,950656,1.39636e+07
0,0,0,6.99571e+08,0,3.80945e+07,-950656,950656,1.39636e+07
0,0,0,6.99571e+08,0,3.66172e+07,-950656,950656,1.39636e+07
0,0,0,6.99571e+08,0,3.66198e+07,-950656,950656,1.39636e+07
0,0,0,6.99571e+08,0,3.66225e+07,-950656,950656,1.39636e+07
0,0,0,6.99571e+08,0,3.66251e+07,-950656,950656,1.39636e+07
0,0,0,6.99571e+08,0,3.53238e+07,-950656,950656,1.39636e+07
0,0,0,6.99571e+08,0,3.53264e+07,-950656,950656,1.39636e+07
0,0,0,6.99571e+08,0,3.53289e+07,-950656,950656,1.39636e+07
0,0,0,6.99571e+08,0,3.53315e+07,-950656,950656,1.39636e+07
0,0,0,6.99571e+08,0,3.23136e+07,-950656,950656,1.39636e+07
0,0,0,6.99571e+08,0,3.2316e+07,-950656,950656,1.39636e+07
0,0,0,6.99571e+08,0,3.23183e+07,-950656,950656,1.39636e+07
0,0,0,6.99571e+08,0,3.23206e+07,-950656,950656,1.39636e+07
0,0,0,6.99571e+08,0,3.23229e+07,-950656,950656,1.39636e+07
0,0,0,6.99571e+08,0,3.33085e+07,-950656,950656,1.39636e+07
0,0,0,6.99571e+08,0,3.33106e+07,-950656,950656,1.39636e+07
0,0,0,6.99571e+08,0,3.33128e+07,-950656,950656,1.39636e+07
0,0,0,6.99571e+08,0,3.3315e+07,-950656,950656,1.39636e+07
0,0,0,6.99571e+08,0,3.67714e+07,-950656,950656,1.39636e+07
0,0,0,6.99571e+08,0,3.67738e+07,-950656,950656,1.39636e+07
0,0,0,6.99571e+08,0,3.67762e+07,-950656,950656,1.39636e+07
0,0,0,6.99571e+08,0,3.67786e+07,-950656,950656,1.39636e+07
0,0,0,6.99571e+08,0,3.20255e+07,-950656,950656,1.39636e+07
0,0,0,6.99571e+08,0,3.20275e+07,-950656,950656,1.39636e+07
0,0,0,6.99571e+08,0,3.20296e+07,-950656,950656,1.39636e+07
0,0,0,6.99571e+08,0,3.20317e+07,-950656,950656,1.39636e+07
0,0,0,6.99571e+08,0,3.20338e+07,-950656,950656,1.39636e+07
0,0,0,6.99571e+08,0,3.32139e+07,-950656,950656,1.39636e+07
0,0,0,6.99571e+08,0,3.32161e+07,-950656,950656,1.39636e+07
0,0,0,6.99571e+08,0,3.32183e+07,-950656,950656,1.39636e+07
0,0,0,6.99571e+08,0,3.32204e+07,-950656,950656,1.39636e+07
0,0,0,6.99571e+08,0,3.27636e+07,-950656,950656,1.39636e+07
0,0,0,6.99571e+08,0,3.27658e+07,-950656,950656,1.39636e+07
0,0,0,6.99571e+08,0,3.27679e+07,-950656,950656,1.39636e+07
0,0,0,6.99571e+08,0,3.277e+07,-950656,950656,1.39636e+07
0,0,0,6.99571e+08,0,3.43702e+07,-950656,950656,1.39636e+07
0,0,0,6.99571e+08,0,3.43724e+07,-950656,950656,1.39636e+07
0,0,0,6.99571e+08,0,3.43747e+07,-950656,950656,1.39636e+07
0,0,0,6.99571e+08,0,3.43769e+07,-950656,950656,1.39636e+07
0,0,0,6.99571e+08,0,3.43792e+07,-950656,950656,1.39636e+07
0,0,0,6.99571e+08,0,3.47579e+07,-950656,950656,1.39636e+07
0,0,0,6.99571e+08,0,3.47601e+07,-950656,950656,1.39636e+07
0,0,0,6.99571e+08,0,3.47624e+07,-950656,950656,1.39636e+07
0,0,0,6.99571e+08,0,3.47647e+07,-950656,950656,1.39636e+07
0,0,0,6.99571e+08,0,3.55642e+07,-950656,950656,1.39636e+07
0,0,0,6.99571e+08,0,3.55666e+07,-950656,950656,1.39636e+07
0,0,0,6.99571e+08,0,3.55689e+07,-950656,950656,1.39636e+07
0,0,0,6.99571e+08,0,3.55712e+07,-950656,950656,1.39636e+07
0,0,0,6.99571e+08,0,3.82182e+07,-950656,950656,1.39636e+07
0,0,0,6.99571e+08,0,3.82207e+07,-950656,950656,1.39636e+07
0,0,0,6.99571e+08,0,3.82232e+07,-950656,950656,1.39636e+07
0,0,0,6.99571e+08,0,3.82258e+07,-950656,950656,1.39636e+07
0,0,0,6.99571e+08,0,3.82283e+07,-950656,950656,1.39636e+07
0,0,0,6.99571e+08,0,3.67453e+07,-950656,950656,1.39636e+07
0,0,0,6.99571e+08,0,3.67477e+07,-950656,950656,1.39636e+07
0,0,0,6.99571e+08,0,3.67501e+07,-950656,950656,1.39636e+07
0,0,0,6.99571e+08,0,3.67525e+07,-950656,950656,1.39636e+07
0,0,0,6.99571e+08,0,3.54463e+07,-950656,950656,1.39636e+07
0,0,0,6.99571e+08,0,3.54486e+07,-950656,950656,1.39636e+07
0,0,0,6.99571e+08,0,3.54509e+07,-950656,950656,1.39636e+07
0,0,0,6.99571e+08,0,3.54533e+07,-950656,950656,1.39636e+07
0,0,0,6.99571e+08,0,3.24244e+07,-950656,950656,1.39636e+07
0,0,0,6.99571e+08,0,3.24265e+07,-950656,950656,1.39636e+07
0,0,0,6.99571e+08,0,3.24286e+07,-950656,950656,1.39636e+07
0,0,0,6.99571e+08,0,3.24307e+07,-950656,950656,1.39636e+07
0,0,0,6.99571e+08,0,3.24328e+07,-950656,950656,1.39636e+07
0,0,0,6.99571e+08,0,3.34216e+07,-950656,950656,1.39636e+07
0,0,0,6.99571e+08,0,3.34236e+07,-950656,950656,1.39636e+07
0,0,0,6.99571e+08,0,3.34256e+07,-950656,950656,1.39636e+07
0,0,0,6.99571e+08,0,3.34275e+07,-950656,950656,1.39636e+07
0,0,0,6.99571e+08,0,3.68959e+07,-950656,950656,1.39636e+07
0,0,0,6.99571e+08,0,3.6898e+07,-950656,950656,1.39636e+07
0,0,0,6.99571e+08,0,3.69002e+07,-950656,950656,1.39636e+07
0,0,0,6.99571e+08,0,3.69024e+07,-950656,950656,1.39636e+07
0,0,0,6.99571e+08,0,3.21324e+07,-950656,950656,1.39636e+07
0,0,0,6.99571e+08,0,3.21343e+07,-950656,950656,1.39636e+07
0,0,0,6.99571e+08,0,3.21361e+07,-950656,950656,1.39636e+07
0,0,0,6.99571e+08,0,3.2138e+07,-950656,950656,1.39636e+07
0,0,0,6.99571e+08,0,3.21399e+07,-950656,950656,1.39636e+07
0,0,0,6.99571e+08,0,3.33239e+07,-950656,950656,1.39636e+07
0,0,0,6.99571e+08,0,3.33258e+07,-950656,950656,1.39636e+07
0,0,0,6.99571e+08,0,3.33278e+07,-950656,950656,1.39636e+07
0,0,0,6.99571e+08,0,3.33298e+07,-950656,950656,1.39636e+07
0,0,0,6.99571e+08,0,3.28712e+07,-950656,950656,1.39636e+07
0,0,0,6.99571e+08,0,3.28731e+07,-950656,950656,1.39636e+07
0,0,0,6.99571e+08,0,3.2875e+07,-950656,950656,1.39636e+07
0,0,0,6.99571e+08,0,3.2877e+07,-950656,950656,1.39636e+07
0,0,0,6.99571e+08,0,3.44824e+07,-950656,950656,1.39636e+07
0,0,0,6.99571e+08,0,3.44844e+07,-950656,950656,1.39636e+07
0,0,0,6.99571e+08,0,3.44864e+07,-950656,950656,1.39636e+07
0,0,0,6.99571e+08,0,3.44884e+07,-950656,950656,1.39636e+07
0,0,0,6.99571e+08,0,3.44905e+07,-950656,950656,1.39636e+07
0,0,0,6.99571e+08,0,3.48702e+07,-950656,950656,1.39636e+07
0,0,0,6.99571e+08,0,3.48722e+07,-950656,950656,1.39636e+07
0,0,0,6.99571e+08,0,3.48743e+07,-950656,950656,1.39636e+07
0,0,0,6.99571e+08,0,3.48763e+07,-950656,950656,1.39636e+07
0,0,0,6.99571e+08,0,3.56783e+07,-950656,950656,1.39636e+07
0,0,0,6.99571e+08,0,3.56804e+07,-950656,950656,1.39636e+07
0,0,0,6.99571e+08,0,3.56825e+07,-950656,950656,1.39636e+07
0,0,0,6.99571e+08,0,3.56846e+07,-950656,950656,1.39636e+07
0,0,0,6.99571e+08,0,3.83402e+07,-950656,950656,1.39636e+07
0,0,0,6.99571e+08,0,3.83425e+07,-950656,950656,1.39636e+07
0,0,0,6.99571e+08,0,3.83447e+07,-950656,950656,1.39636e+07
0,0,0,6.99571e+08,0,3.8347e+07,-950656,950656,1.39636e+07
0,0,0,6.99571e+08,0,3.83493e+07,-950656,950656,1.39636e+07
0,0,0,6.99571e+08,0,3.68612e+07,-950656,950656,1.39636e+07
0,0,0,6.99571e+08,0,3.68633e+07,-950656,950656,1.39636e+07
0,0,0,6.99571e+08,0,3.68655e+07,-950656,950656,1.39636e+07
0,0,0,6.99571e+08,0,3.68677e+07,-950656,950656,1.39636e+07
0,0,0,6.99571e+08,0,3.55569e+07,-950656,950656,1.39636e+07
0,0,0,6.99571e+08,0,3.5559e+07,-950656,950656,1.39636e+07
0,0,0,6.99571e+08,0,3.55611e+07,-950656,950656,1.39636e+07
0,0,0,6.99571e+08,0,3.55632e+07,-950656,950656,1.39636e+07
0,0,0,6.99571e+08,0,3.25243e+07,-950656,950656,1.39636e+07
0,0,0,6.99571e+08,0,3.25262e+07,-950656,950656,1.39636e+07
0,0,0,6.99571e+08,0,3.25281e+07,-950656,950656,1.39636e+07
0,0,0,6.99571e+08,0,3.253e+07,-950656,950656,1.39636e+07
0,0,0,6.99571e+08,0,3.25319e+07,-950656,950656,1.39636e+07
0,0,0,6.99571e+08,0,3.35237e+07,-950656,950656,1.39636e+07
0,0,0,6.99571e+08,0,3.00103e+07,-4.46581e+06,4.46581e+06,1.57914e+07
0,0,0,6.99571e+08,0,3.00118e+07,-4.46601e+06,4.46601e+06,1.57914e+07
0,0,0,6.99571e+08,0,3.00134e+07,-4.4662e+06,4.4662e+06,1.57914e+07
0,0,0,6.99571e+08,0,3.31109e+07,-4.84782e+06,4.84782e+06,1.57914e+07
0,0,0,6.99571e+08,0,3.31126e+07,-4.84803e+06,4.84803e+06,1.57914e+07
0,0,0,6.99571e+08,0,3.62324e+07,-1.73017e+06,1.73017e+06,1.39636e+07
0,0,0,6.99571e+08,0,3.31161e+07,-4.84846e+06,4.84846e+06,1.57914e+07
0,0,0,6.99571e+08,0,3.22286e+07,-950656,950656,1.39636e+07
0,0,0,6.99571e+08,0,3.15557e+07,-1.62527e+06,1.62527e+06,1.39636e+07
0,0,0,6.99571e+08,0,3.2232e+07,-950656,950656,1.39636e+07
0,0,0,6.99571e+08,0,3.22337e+07,-950656,950656,1.39636e+07
0,0,0,6.99571e+08,0,3.22353e+07,-950656,950656,1.39636e+07
0,0,0,6.99571e+08,0,3.34228e+07,-950656,950656,1.39636e+07
0,0,0,6.99571e+08,0,3.34245e+07,-950656,950656,1.39636e+07
0,0,0,6.99571e+08,0,3.34263e+07,-950656,950656,1.39636e+07
0,0,0,6.99571e+08,0,3.3428e+07,-950656,950656,1.39636e+07
0,0,0,6.99571e+08,0,3.29678e+07,-950656,950656,1.39636e+07
0,0,0,6.99571e+08,0,3.29695e+07,-950656,950656,1.39636e+07
0,0,0,6.99571e+08,0,3.29712e+07,-950656,950656,1.39636e+07
0,0,0,6.99571e+08,0,3.29729e+07,-950656,950656,1.39636e+07
0,0,0,6.99571e+08,0,3.4583e+07,-950656,950656,1.39636e+07
0,0,0,6.99571e+08,0,3.45848e+07,-950656,950656,1.39636e+07
0,0,0,6.99571e+08,0,3.45866e+07,-950656,950656,1.39636e+07
0,0,0,6.99571e+08,0,3.45884e+07,-950656,950656,1.39636e+07
0,0,0,6.99571e+08,0,3.45902e+07,-950656,950656,1.39636e+07
0,0,0,6.99571e+08,0,3.49709e+07,-950656,950656,1.39636e+07
0,0,0,6.99571e+08,0,3.49727e+07,-950656,950656,1.39636e+07
0,0,0,6.99571e+08,0,3.49745e+07,-950656,950656,1.39636e+07
0,0,0,6.99571e+08,0,3.49764e+07,-950656,950656,1.39636e+07
0,0,0,6.99571e+08,0,3.57805e+07,-950656,950656,1.39636e+07
0,0,0,6.99571e+08,0,3.57824e+07,-950656,950656,1.39636e+07
0,0,0,6.99571e+08,0,3.57842e+07,-950656,950656,1.39636e+07
0,0,0,6.99571e+08,0,3.57861e+07,-950656,950656,1.39636e+07
0,0,0,6.99571e+08,0,3.84493e+07,-950656,950656,1.39636e+07
0,0,0,6.99571e+08,0,3.84513e+07,-950656,950656,1.39636e+07
0,0,0,6.99571e+08,0,3.84533e+07,-950656,950656,1.39636e+07
0,0,0,6.99571e+08,0,3.84554e+07,-950656,950656,1.39636e+07
0,0,0,6.99571e+08,0,3.84574e+07,-950656,950656,1.39636e+07
0,0,0,6.99571e+08,0,3.69647e+07,-950656,950656,1.39636e+07
0,0,0,6.99571e+08,0,3.69666e+07,-950656,950656,1.39636e+07
0,0,0,6.99571e+08,0,3.69686e+07,-950656,950656,1.39636e+07
0,0,0,6.99571e+08,0,3.69705e+07,-950656,950656,1.39636e+07
0,0,0,6.99571e+08,0,3.56557e+07,-950656,950656,1.39636e+07
0,0,0,6.99571e+08,0,3.56576e+07,-950656,950656,1.39636e+07
0,0,0,6.99571e+08,0,3.56594e+07,-950656,950656,1.39636e+07
0,0,0,6.99571e+08,0,3.56613e+07,-950656,950656,1.39636e+07
0,0,0,6.99571e+08,0,3.26134e+07,-950656,950656,1.39636e+07
0,0,0,6.99571e+08,0,3.26151e+07,-950656,950656,1.39636e+07
0,0,0,6.99571e+08,0,3.26168e+07,-950656,950656,1.39636e+07
0,0,0,6.99571e+08,0,3.26185e+07,-950656,950656,1.39636e+07
0,0,0,6.99571e+08,0,3.26202e+07,-950656,950656,1.39636e+07
0,0,0,6.99571e+08,0,3.26202e+07,-950656,950656,1.39636e+07
0,0,0,6.99571e+08,0,3.36146e+07,-950656,950656,1.39636e+07
0,0,0,6.99571e+08,0,3.36161e+07,-950656,950656,1.39636e+07
0,0,0,6.99571e+08,0,3.36176e+07,-950656,950656,1.39636e+07
0,0,0,6.99571e+08,0,3.36192e+07,-950656,950656,1.39636e+07
0,0,0,6.99571e+08,0,3.71078e+07,-950656,950656,1.39636e+07
0,0,0,6.99571e+08,0,3.71095e+07,-950656,950656,1.39636e+07
0,0,0,6.99571e+08,0,3.71112e+07,-950656,950656,1.39636e+07
0,0,0,6.99571e+08,0,3.71129e+07,-950656,950656,1.39636e+07
0,0,0,6.99571e+08,0,3.23141e+07,-950656,950656,1.39636e+07
0,0,0,6.99571e+08,0,3.23156e+07,-950656,950656,1.39636e+07
0,0,0,6.99571e+08,0,3.23171e+07,-950656,950656,1.39636e+07
0,0,0,6.99571e+08,0,3.23185e+07,-950656,950656,1.39636e+07
0,0,0,6.99571e+08,0,3.232e+07,-950656,950656,1.39636e+07
0,0,0,6.99571e+08,0,3.35105e+07,-950656,950656,1.39636e+07
0,0,0,6.99571e+08,0,3.3512e+07,-950656,950656,1.39636e+07
0,0,0,6.99571e+08,0,3.35136e+07,-950656,950656,1.39636e+07
0,0,0,6.99571e+08,0,3.35151e+07,-950656,950656,1.39636e+07
0,0,0,6.99571e+08,0,3.30534e+07,-950656,950656,1.39636e+07
0,0,0,6.99571e+08,0,3.30549e+07,-950656,950656,1.39636e+07
0,0,0,6.99571e+08,0,3.30564e+07,-950656,950656,1.39636e+07
0,0,0,6.99571e+08,0,3.30579e+07,-950656,950656,1.39636e+07
0,0,0,6.99571e+08,0,3.46721e+07,-950656,950656,1.39636e+07
0,0,0,6.99571e+08,0,3.46737e+07,-950656,950656,1.39636e+07
0,0,0,6.99571e+08,0,3.46753e+07,-950656,950656,1.39636e+07
0,0,0,6.99571e+08,0,3.46769e+07,-950656,950656,1.39636e+07
0,0,0,6.99571e+08,0,3.46785e+07,-950656,950656,1.39636e+07
0,0,0,6.99571e+08,0,3.50599e+07,-950656,950656,1.39636e+07
0,0,0,6.99571e+08,0,3.50615e+07,-950656,950656,1.39636e+07
0,0,0,6.99571e+08,0,3.50631e+07,-950656,950656,1.39636e+07
0,0,0,6.99571e+08,0,3.50647e+07,-950656,950656,1.39636e+07
0,0,0,6.99571e+08,0,3.58707e+07,-950656,950656,1.39636e+07
0,0,0,6.99571e+08,0,3.58724e+07,-950656,950656,1.39636e+07
0,0,0,6.99571e+08,0,3.5874e+07,-950656,950656,1.39636e+07
0,0,0,6.99571e+08,0,3.58756e+07,-950656,950656,1.39636e+07
0,0,0,6.99571e+08,0,3.85455e+07,-950656,950656,1.39636e+07
0,0,0,6.99571e+08,0,3.85473e+07,-950656,950656,1.39636e+07
0,0,0,6.99571e+08,0,3.85491e+07,-950656,950656,1.39636e+07
0,0,0,6.99571e+08,0,3.85508e+07,-950656,950656,1.39636e+07
0,0,0,6.99571e+08,0,3.85526e+07,-950656,950656,1.39636e+07
0,0,0,6.99571e+08,0,3.70558e+07,-950656,950656,1.39636e+07
0,0,0,6.99571e+08,0,3.70575e+07,-950656,950656,1.39636e+07
0,0,0,6.99571e+08,0,3.70592e+07,-950656,950656,1.39636e+07
0,0,0,6.99571e+08,0,3.70609e+07,-950656,950656,1.39636e+07
0,0,0,6.99571e+08,0,3.57425e+07,-950656,950656,1.39636e+07
0,0,0,6.99571e+08,0,3.57442e+07,-950656,950656,1.39636e+07
0,0,0,6.99571e+08,0,3.57458e+07,-950656,950656,1.39636e+07
0,0,0,6.99571e+08,0,3.57474e+07,-950656,950656,1.39636e+07
0,0,0,6.99571e+08,0,3.26917e+07,-950656,950656,1.39636e+07
0,0,0,6.99571e+08,0,3.26931e+07,-950656,950656,1.39636e+07
0,0,0,6.99571e+08,0,3.26946e+07,-950656,950656,1.39636e+07
0,0,0,6.99571e+08,0,3.26961e+07,-950656,950656,1.39636e+07
0,0,0,6.99571e+08,0,3.26976e+07,-950656,950656,1.39636e+07
0,0,0,6.99571e+08,0,3.36942e+07,-950656,950656,1.39636e+07
0,0,0,6.99571e+08,0,3.36956e+07,-950656,950656,1.39636e+07
0,0,0,6.99571e+08,0,3.36969e+07,-950656,950656,1.39636e+07
0,0,0,6.99571e+08,0,3.36982e+07,-950656,950656,1.39636e+07
0,0,0,6.99571e+08,0,3.71952e+07,-950656,950656,1.39636e+07
0,0,0,6.99571e+08,0,3.71966e+07,-950656,950656,1.39636e+07
0,0,0,6.99571e+08,0,3.71981e+07,-950656,950656,1.39636e+07
0,0,0,6.99571e+08,0,3.71996e+07,-950656,950656,1.39636e+07
0,0,0,6.99571e+08,0,3.23889e+07,-950656,950656,1.39636e+07
0,0,0,6.99571e+08,0,3.23902e+07,-950656,950656,1.39636e+07
0,0,0,6.99571e+08,0,3.23914e+07,-950656,950656,1.39636e+07
0,0,0,6.99571e+08,0,3.23927e+07,-950656,950656,1.39636e+07
0,0,0,6.99571e+08,0,3.2394e+07,-950656,950656,1.39636e+07
0,0,0,6.99571e+08,0,3.35871e+07,-950656,950656,1.39636e+07
0,0,0,6.99571e+08,0,3.35884e+07,-950656,950656,1.39636e+07
0,0,0,6.99571e+08,0,3.35897e+07,-950656,950656,1.39636e+07
0,0,0,6.99571e+08,0,3.35911e+07,-950656,950656,1.39636e+07
0,0,0,6.99571e+08,0,3.31281e+07,-950656,950656,1.39636e+07
0,0,0,6.99571e+08,0,3.31294e+07,-950656,950656,1.39636e+07
0,0,0,6.99571e+08,0,3.31307e+07,-950656,950656,1.39636e+07
0,0,0,6.99571e+08,0,3.3132e+07,-950656,950656,1.39636e+07
0,0,0,6.99571e+08,0,3.47497e+07,-950656,950656,1.39636e+07
0,0,0,6.99571e+08,0,3.47511e+07,-950656,950656,1.39636e+07
0,0,0,6.99571e+08,0,3.47524e+07,-950656,950656,1.39636e+07
0,0,0,6.99571e+08,0,3.47538e+07,-950656,950656,1.39636e+07
0,0,0,6.99571e+08,0,3.47552e+07,-950656,950656,1.39636e+07
0,0,0,6.99571e+08,0,3.51372e+07,-950656,950656,1.39636e+07
0,0,0,6.99571e+08,0,3.51386e+07,-950656,950656,1.39636e+07
0,0,0,6.99571e+08,0,3.514e+07,-950656,950656,1.39636e+07
0,0,0,6.99571e+08,0,3.51414e+07,-950656,950656,1.39636e+07
0,0,0,6.99571e+08,0,3.5949e+07,-950656,950656,1.39636e+07
0,0,0,6.99571e+08,0,3.59504e+07,-950656,950656,1.39636e+07
0,0,0,6.99571e+08,0,3.59518e+07,-950656,950656,1.39636e+07
0,0,0,6.99571e+08,0,3.59533e+07,-950656,950656,1.39636e+07
0,0,0,6.99571e+08,0,3.86289e+07,-950656,950656,1.39636e+07
0,0,0,6.99571e+08,0,3.86304e+07,-950656,950656,1.39636e+07
0,0,0,6.99571e+08,0,3.8632e+07,-950656,950656,1.39636e+07
0,0,0,6.99571e+08,0,3.86335e+07,-950656,950656,1.39636e+07
0,0,0,6.99571e+08,0,3.8635e+07,-950656,950656,1.39636e+07
0,0,0,6.99571e+08,0,3.71347e+07,-950656,950656,1.39636e+07
0,0,0,6.99571e+08,0,3.71361e+07,-950656,950656,1.39636e+07
0,0,0,6.99571e+08,0,3.71376e+07,-950656,950656,1.39636e+07
0,0,0,6.99571e+08,0,3.71391e+07,-950656,950656,1.39636e+07
0,0,0,6.99571e+08,0,3.58175e+07,-950656,950656,1.39636e+07
0,0,0,6.99571e+08,0,3.5819e+07,-950656,950656,1.39636e+07
0,0,0,6.99571e+08,0,3.58204e+07,-950656,950656,1.39636e+07
0,0,0,6.99571e+08,0,3.58218e+07,-950656,950656,1.39636e+07
0,0,0,6.99571e+08,0,3.27592e+07,-950656,950656,1.39636e+07
0,0,0,6.99571e+08,0,3.27604e+07,-950656,950656,1.39636e+07
0,0,0,6.99571e+08,0,3.27617e+07,-950656,950656,1.39636e+07
0,0,0,6.99571e+08,0,3.2763e+07,-950656,950656,1.39636e+07
0,0,0,6.99571e+08,0,3.27643e+07,-950656,950656,1.39636e+07
0,0,0,6.99571e+08,0,3.37628e+07,-950656,950656,1.39636e+07
0,0,0,6.99571e+08,0,3.37639e+07,-950656,950656,1.39636e+07
0,0,0,6.99571e+08,0,3.3765e+07,-950656,950656,1.39636e+07
0,0,0,6.99571e+08,0,3.37661e+07,-950656,950656,1.39636e+07
0,0,0,6.99571e+08,0,3.72703e+07,-950656,950656,1.39636e+07
0,0,0,6.99571e+08,0,3.72715e+07,-950656,950656,1.39636e+07
0,0,0,6.99571e+08,0,3.72727e+07,-950656,950656,1.39636e+07
0,0,0,6.99571e+08,0,3.72739e+07,-950656,950656,1.39636e+07
0,0,0,6.99571e+08,0,3.24531e+07,-950656,950656,1.39636e+07
0,0,0,6.99571e+08,0,3.24541e+07,-950656,950656,1.39636e+07
0,0,0,6.99571e+08,0,3.24552e+07,-950656,950656,1.39636e+07
0,0,0,6.99571e+08,0,3.24562e+07,-950656,950656,1.39636e+07
0,0,0,6.99571e+08,0,3.24573e+07,-950656,950656,1.39636e+07
0,0,0,6.99571e+08,0,3.36527e+07,-950656,950656,1.39636e+07
0,0,0,6.99571e+08,0,3.36538e+07,-950656,950656,1.39636e+07
0,0,0,6.99571e+08,0,3.36549e+07,-950656,950656,1.39636e+07
0,0,0,6.99571e+08,0,3.3656e+07,-950656,950656,1.39636e+07
0,0,0,6.99571e+08,0,3.31918e+07,-950656,950656,1.39636e+07
0,0,0,6.99571e+08,0,3.31929e+07,-950656,950656,1.39636e+07
0,0,0,6.99571e+08,0,3.3194e+07,-950656,950656,1.39636e+07
0,0,0,6.99571e+08,0,3.31951e+07,-950656,950656,1.39636e+07
0,0,0,6.99571e+08,0,3.48159e+07,-950656,950656,1.39636e+07
0,0,0,6.99571e+08,0,3.4817e+07,-950656,950656,1.39636e+07
0,0,0,6.99571e+08,0,3.48181e+07,-950656,950656,1.39636e+07
0,0,0,6.99571e+08,0,3.48193e+07,-950656,950656,1.39636e+07
0,0,0,6.99571e+08,0,3.48204e+07,-950656,950656,1.39636e+07
0,0,0,6.99571e+08,0,3.5203e+07,-950656,950656,1.39636e+07
0,0,0,6.99571e+08,0,3.52042e+07,-950656,950656,1.39636e+07
0,0,0,6.99571e+08,0,3.52053e+07,-950656,950656,1.39636e+07
0,0,0,6.99571e+08,0,3.52065e+07,-950656,950656,1.39636e+07
0,0,0,6.99571e+08,0,3.60155e+07,-950656,950656,1.39636e+07
0,0,0,6.99571e+08,0,3.60167e+07,-950656,950656,1.39636e+07
0,0,0,6.99571e+08,0,3.60178e+07,-950656,950656,1.39636e+07
0,0,0,6.99571e+08,0,3.6019e+07,-950656,950656,1.39636e+07
0,0,0,6.99571e+08,0,3.86995e+07,-950656,950656,1.39636e+07
0,0,0,6.99571e+08,0,3.87008e+07,-950656,950656,1.39636e+07
0,0,0,6.99571e+08,0,3.87021e+07,-950656,950656,1.39636e+07
0,0,0,6.99571e+08,0,3.87034e+07,-950656,950656,1.39636e+07
0,0,0,6.99571e+08,0,3.87047e+07,-950656,950656,1.39636e+07
0,0,0,6.99571e+08,0,3.72013e+07,-950656,950656,1.39636e+07
0,0,0,6.99571e+08,0,3.72025e+07,-950656,950656,1.39636e+07
0,0,0,6.99571e+08,0,3.72037e+07,-950656,950656,1.39636e+07
0,0,0,6.99571e+08,0,3.72049e+07,-950656,950656,1.39636e+07
0,0,0,6.99571e+08,0,3.58808e+07,-950656,950656,1.39636e+07
0,0,0,6.99571e+08,0,3.58819e+07,-950656,950656,1.39636e+07
0,0,0,6.99571e+08,0,3.58831e+07,-950656,950656,1.39636e+07
0,0,0,6.99571e+08,0,3.58843e+07,-950656,950656,1.39636e+07
0,0,0,6.99571e+08,0,3.28159e+07,-950656,950656,1.39636e+07
0,0,0,6.99571e+08,0,3.2817e+07,-950656,950656,1.39636e+07
0,0,0,6.99571e+08,0,3.2818e+07,-950656,950656,1.39636e+07
0,0,0,6.99571e+08,0,3.28191e+07,-950656,950656,1.39636e+07
0,0,0,6.99571e+08,0,3.28202e+07,-950656,950656,1.39636e+07
0,0,0,6.99571e+08,0,3.38203e+07,-950656,950656,1.39636e+07
0,0,0,6.99571e+08,0,3.38212e+07,-950656,950656,1.39636e+07
0,0,0,6.99571e+08,0,3.38221e+07,-950656,950656,1.39636e+07
0,0,0,6.99571e+08,0,3.3823e+07,-950656,950656,1.39636e+07
0,0,0,6.99571e+08,0,3.7333e+07,-950656,950656,1.39636e+07
0,0,0,6.99571e+08,0,3.7334e+07,-950656,950656,1.39636e+07
0,0,0,6.99571e+08,0,3.7335e+07,-950656,950656,1.39636e+07
0,0,0,6.99571e+08,0,3.7336e+07,-950656,950656,1.39636e+07
0,0,0,6.99571e+08,0,3.25065e+07,-950656,950656,1.39636e+07
0,0,0,6.99571e+08,0,3.25074e+07,-950656,950656,1.39636e+07
0,0,0,6.99571e+08,0,3.25082e+07,-950656,950656,1.39636e+07
0,0,0,6.99571e+08,0,3.25091e+07,-950656,950656,1.39636e+07
0,0,0,6.99571e+08,0,3.25099e+07,-950656,950656,1.39636e+07
0,0,0,6.99571e+08,0,3.37071e+07,-950656,950656,1.39636e+07
0,0,0,6.99571e+08,0,3.3708e+07,-950656,950656,1.39636e+07
0,0,0,6.99571e+08,0,3.37089e+07,-950656,950656,1.39636e+07
0,0,0,6.99571e+08,0,3.37098e+07,-950656,950656,1.39636e+07
0,0,0,6.99571e+08,0,3.32446e+07,-950656,950656,1.39636e+07
0,0,0,6.99571e+08,0,3.32455e+07,-950656,950656,1.39636e+07
0,0,0,6.99571e+08,0,3.32464e+07,-950656,950656,1.39636e+07
0,0,0,6.99571e+08,0,3.32473e+07,-950656,950656,1.39636e+07
0,0,0,6.99571e+08,0,3.48705e+07,-950656,950656,1.39636e+07
0,0,0,6.99571e+08,0,3.48714e+07,-950656,950656,1.39636e+07
0,0,0,6.99571e+08,0,3.48723e+07,-950656,950656,1.39636e+07
0,0,0,6.99571e+08,0,3.48732e+07,-950656,950656,1.39636e+07
0,0,0,6.99571e+08,0,3.48742e+07,-950656,950656,1.39636e+07
0,0,0,6.99571e+08,0,3.52571e+07,-950656,950656,1.39636e+07
0,0,0,6.99571e+08,0,3.52581e+07,-950656,950656,1.39636e+07
0,0,0,6.99571e+08,0,3.5259e+07,-950656,950656,1.39636e+07
0,0,0,6.99571e+08,0,3.52599e+07,-950656,950656,1.39636e+07
0,0,0,6.99571e+08,0,3.607e+07,-950656,950656,1.39636e+07
0,0,0,6.99571e+08,0,3.60709e+07,-950656,950656,1.39636e+07
0,0,0,6.99571e+08,0,3.60719e+07,-950656,950656,1.39636e+07
0,0,0,6.99571e+08,0,3.60728e+07,-950656,950656,1.39636e+07
0,0,0,6.99571e+08,0,3.87572e+07,-950656,950656,1.39636e+07
0,0,0,6.99571e+08,0,3.87583e+07,-950656,950656,1.39636e+07
0,0,0,6.99571e+08,0,3.87593e+07,-950656,950656,1.39636e+07
0,0,0,6.99571e+08,0,3.87603e+07,-950656,950656,1.39636e+07
0,0,0,6.99571e+08,0,3.87614e+07,-950656,950656,1.39636e+07
0,0,0,6.99571e+08,0,3.72554e+07,-950656,950656,1.39636e+07
0,0,0,6.99571e+08,0,3.72564e+07,-950656,950656,1.39636e+07
0,0,0,6.99571e+08,0,3.72574e+07,-950656,950656,1.39636e+07
0,0,0,6.99571e+08,0,3.72584e+07,-950656,950656,1.39636e+07
0,0,0,6.99571e+08,0,3.5932e+07,-950656,950656,1.39636e+07
0,0,0,6.99571e+08,0,3.59329e+07,-950656,950656,1.39636e+07
0,0,0,6.99571e+08,0,3.59339e+07,-950656,950656,1.39636e+07
0,0,0,6.99571e+08,0,3.59348e+07,-950656,950656,1.39636e+07
0,0,0,6.99571e+08,0,3.28617e+07,-950656,950656,1.39636e+07
0,0,0,6.99571e+08,0,3.28626e+07,-950656,950656,1.39636e+07
0,0,0,6.99571e+08,0,3.28635e+07,-950656,950656,1.39636e+07
0,0,0,6.99571e+08,0,3.28643e+07,-950656,950656,1.39636e+07
0,0,0,6.99571e+08,0,3.28652e+07,-950656,950656,1.39636e+07
0,0,0,6.99571e+08,0,3.38665e+07,-950656,950656,1.39636e+07
0,0,0,6.99571e+08,0,3.38672e+07,-950656,950656,1.39636e+07
0,0,0,6.99571e+08,0,3.38678e+07,-950656,950656,1.39636e+07
0,0,0,6.99571e+08,0,3.38685e+07,-950656,950656,1.39636e+07
0,0,0,6.99571e+08,0,3.73833e+07,-950656,950656,1.39636e+07
0,0,0,6.99571e+08,0,3.7384e+07,-950656,950656,1.39636e+07
0,0,0,6.99571e+08,0,3.73848e+07,-950656,950656,1.39636e+07
0,0,0,6.99571e+08,0,3.73855e+07,-950656,950656,1.39636e+07
0,0,0,6.99571e+08,0,3.25492e+07,-950656,950656,1.39636e+07
0,0,0,6.99571e+08,0,3.25498e+07,-950656,950656,1.39636e+07
0,0,0,6.99571e+08,0,3.25505e+07,-950656,950656,1.39636e+07
0,0,0,6.99571e+08,0,3.25511e+07,-950656,950656,1.39636e+07
0,0,0,6.99571e+08,0,3.25518e+07,-950656,950656,1.39636e+07
0,0,0,6.99571e+08,0,3.37503e+07,-950656,950656,1.39636e+07
0,0,0,6.99571e+08,0,3.3751e+07,-950656,950656,1.39636e+07
0,0,0,6.99571e+08,0,3.37517e+07,-950656,950656,1.39636e+07
0,0,0,6.99571e+08,0,3.37523e+07,-950656,950656,1.39636e+07
0,0,0,6.99571e+08,0,3.32864e+07,-950656,950656,1.39636e+07
0,0,0,6.99571e+08,0,3.3287e+07,-950656,950656,1.39636e+07
0,0,0,6.99571e+08,0,3.32877e+07,-950656,950656,1.39636e+07
0,0,0,6.99571e+08,0,3.32884e+07,-950656,950656,1.39636e+07
0,0,0,6.99571e+08,0,3.49134e+07,-950656,950656,1.39636e+07
0,0,0,6.99571e+08,0,3.49141e+07,-950656,950656,1.39636e+07
0,0,0,6.99571e+08,0,3.49148e+07,-950656,950656,1.39636e+07
0,0,0,6.99571e+08,0,3.49155e+07,-950656,950656,1.39636e+07
0,0,0,6.99571e+08,0,3.49162e+07,-950656,950656,1.39636e+07
0,0,0,6.99571e+08,0,3.52994e+07,-950656,950656,1.39636e+07
0,0,0,6.99571e+08,0,3.53001e+07,-950656,950656,1.39636e+07
0,0,0,6.99571e+08,0,3.53009e+07,-950656,950656,1.39636e+07
0,0,0,6.99571e+08,0,3.53016e+07,-950656,950656,1.39636e+07
0,0,0,6.99571e+08,0,3.61123e+07,-950656,950656,1.39636e+07
0,0,0,6.99571e+08,0,3.61131e+07,-950656,950656,1.39636e+07
0,0,0,6.99571e+08,0,3.61138e+07,-950656,950656,1.39636e+07
0,0,0,6.99571e+08,0,3.61145e+07,-950656,950656,1.39636e+07
0,0,0,6.99571e+08,0,3.88019e+07,-950656,950656,1.39636e+07
0,0,0,6.99571e+08,0,3.88027e+07,-950656,950656,1.39636e+07
0,0,0,6.99571e+08,0,3.88035e+07,-950656,950656,1.39636e+07
0,0,0,6.99571e+08,0,3.88043e+07,-950656,950656,1.39636e+07
0,0,0,6.99571e+08,0,3.8805e+07,-950656,950656,1.39636e+07
0,0,0,6.99571e+08,0,3.72971e+07,-950656,950656,1.39636e+07
0,0,0,6.99571e+08,0,3.72978e+07,-950656,950656,1.39636e+07
0,0,0,6.99571e+08,0,3.72986e+07,-950656,950656,1.39636e+07
0,0,0,6.99571e+08,0,3.72993e+07,-950656,950656,1.39636e+07
0,0,0,6.99571e+08,0,3.59712e+07,-950656,950656,1.39636e+07
0,0,0,6.99571e+08,0,3.59719e+07,-950656,950656,1.39636e+07
0,0,0,6.99571e+08,0,3.59726e+07,-950656,950656,1.39636e+07
0,0,0,6.99571e+08,0,3.59733e+07,-950656,950656,1.39636e+07
0,0,0,6.99571e+08,0,3.28966e+07,-950656,950656,1.39636e+07
0,0,0,6.99571e+08,0,3.28972e+07,-950656,950656,1.39636e+07
0,0,0,6.99571e+08,0,3.28979e+07,-950656,950656,1.39636e+07
0,0,0,6.99571e+08,0,3.28985e+07,-950656,950656,1.39636e+07
0,0,0,6.99571e+08,0,3.28992e+07,-950656,950656,1.39636e+07
0,0,0,6.99571e+08,0,3.39014e+07,-950656,950656,1.39636e+07
0,0,0,6.99571e+08,0,3.39018e+07,-950656,950656,1.39636e+07
0,0,0,6.99571e+08,0,3.39023e+07,-950656,950656,1.39636e+07
0,0,0,6.99571e+08,0,3.39027e+07,-950656,950656,1.39636e+07
0,0,0,6.99571e+08,0,3.7421e+07,-950656,950656,1.39636e+07
0,0,0,6.99571e+08,0,3.74215e+07,-950656,950656,1.39636e+07
0,0,0,6.99571e+08,0,3.7422e+07,-950656,950656,1.39636e+07
0,0,0,6.99571e+08,0,3.74225e+07,-950656,950656,1.39636e+07
0,0,0,6.99571e+08,0,3.2581e+07,-950656,950656,1.39636e+07
0,0,0,6.99571e+08,0,3.25814e+07,-950656,950656,1.39636e+07
0,0,0,6.99571e+08,0,3.25818e+07,-950656,950656,1.39636e+07
0,0,0,6.99571e+08,0,3.25823e+07,-950656,950656,1.39636e+07
0,0,0,6.99571e+08,0,3.25827e+07,-950656,950656,1.39636e+07
0,0,0,6.99571e+08,0,3.37823e+07,-950656,950656,1.39636e+07
0,0,0,6.99571e+08,0,3.37827e+07,-950656,950656,1.39636e+07
0,0,0,6.99571e+08,0,3.37832e+07,-950656,950656,1.39636e+07
0,0,0,6.99571e+08,0,3.37836e+07,-950656,950656,1.39636e+07
0,0,0,6.99571e+08,0,3.3317e+07,-950656,950656,1.39636e+07
0,0,0,6.99571e+08,0,3.33175e+07,-950656,950656,1.39636e+07
0,0,0,6.99571e+08,0,3.33179e+07,-950656,950656,1.39636e+07
0,0,0,6.99571e+08,0,3.33184e+07,-950656,950656,1.39636e+07
0,0,0,6.99571e+08,0,3.49447e+07,-950656,950656,1.39636e+07
0,0,0,6.99571e+08,0,3.49452e+07,-950656,950656,1.39636e+07
0,0,0,6.99571e+08,0,3.49457e+07,-950656,950656,1.39636e+07
0,0,0,6.99571e+08,0,3.49462e+07,-950656,950656,1.39636e+07
0,0,0,6.99571e+08,0,3.49466e+07,-950656,950656,1.39636e+07
0,0,0,6.99571e+08,0,3.533e+07,-950656,950656,1.39636e+07
0,0,0,6.99571e+08,0,3.53305e+07,-950656,950656,1.39636e+07
0,0,0,6.99571e+08,0,3.53309e+07,-950656,950656,1.39636e+07
0,0,0,6.99571e+08,0,3.53314e+07,-950656,950656,1.39636e+07
0,0,0,6.99571e+08,0,3.61427e+07,-950656,950656,1.39636e+07
0,0,0,6.99571e+08,0,3.61432e+07,-950656,950656,1.39636e+07
0,0,0,6.99571e+08,0,3.61437e+07,-950656,950656,1.39636e+07
0,0,0,6.99571e+08,0,3.61442e+07,-950656,950656,1.39636e+07
0,0,0,6.99571e+08,0,3.88336e+07,-950656,950656,1.39636e+07
0,0,0,6.99571e+08,0,3.88342e+07,-950656,950656,1.39636e+07
0,0,0,6.99571e+08,0,3.88347e+07,-950656,950656,1.39636e+07
0,0,0,6.99571e+08,0,3.88352e+07,-950656,950656,1.39636e+07
0,0,0,6.99571e+08,0,3.88357e+07,-950656,950656,1.39636e+07
0,0,0,6.99571e+08,0,3.73263e+07,-950656,950656,1.39636e+07
0,0,0,6.99571e+08,0,3.73268e+07,-950656,950656,1.39636e+07
0,0,0,6.99571e+08,0,3.73273e+07,-950656,950656,1.39636e+07
0,0,0,6.99571e+08,0,3.73278e+07,-950656,950656,1.39636e+07
0,0,0,6.99571e+08,0,3.59984e+07,-950656,950656,1.39636e+07
0,0,0,6.99571e+08,0,3.59989e+07,-950656,950656,1.39636e+07
0,0,0,6.99571e+08,0,3.59994e+07,-950656,950656,1.39636e+07
0,0,0,6.99571e+08,0,3.59999e+07,-950656,950656,1.39636e+07
0,0,0,6.99571e+08,0,3.29205e+07,-950656,950656,1.39636e+07
0,0,0,6.99571e+08,0,3.2921e+07,-950656,950656,1.39636e+07
0,0,0,6.99571e+08,0,3.29214e+07,-950656,950656,1.39636e+07
0,0,0,6.99571e+08,0,3.29219e+07,-950656,950656,1.39636e+07
0,0,0,6.99571e+08,0,3.29223e+07,-950656,950656,1.39636e+07
0,0,0,6.99571e+08,0,3.29223e+07,-950656,950656,1.39636e+07
0,0,0,6.99571e+08,0,3.3925e+07,-950656,950656,1.39636e+07
0,0,0,6.99571e+08,0,3.39253e+07,-950656,950656,1.39636e+07
0,0,0,6.99571e+08,0,3.39255e+07,-950656,950656,1.39636e+07
0,0,0,6.99571e+08,0,3.39257e+07,-950656,950656,1.39636e+07
0,0,0,6.99571e+08,0,3.74462e+07,-950656,950656,1.39636e+07
0,0,0,6.99571e+08,0,3.74465e+07,-950656,950656,1.39636e+07
0,0,0,6.99571e+08,0,3.74468e+07,-950656,950656,1.39636e+07
0,0,0,6.99571e+08,0,3.7447e+07,-950656,950656,1.39636e+07
0,0,0,6.99571e+08,0,3.2602e+07,-950656,950656,1.39636e+07
0,0,0,6.99571e+08,0,3.26022e+07,-950656,950656,1.39636e+07
0,0,0,6.99571e+08,0,3.26025e+07,-950656,950656,1.39636e+07
0,0,0,6.99571e+08,0,3.26027e+07,-950656,950656,1.39636e+07
0,0,0,6.99571e+08,0,3.26029e+07,-950656,950656,1.39636e+07
0,0,0,6.99571e+08,0,3.3803e+07,-950656,950656,1.39636e+07
0,0,0,6.99571e+08,0,3.38033e+07,-950656,950656,1.39636e+07
0,0,0,6.99571e+08,0,3.38035e+07,-950656,950656,1.39636e+07
0,0,0,6.99571e+08,0,3.38038e+07,-950656,950656,1.39636e+07
0,0,0,6.99571e+08,0,3.33366e+07,-950656,950656,1.39636e+07
0,0,0,6.99571e+08,0,3.33369e+07,-950656,950656,1.39636e+07
0,0,0,6.99571e+08,0,3.33371e+07,-950656,950656,1.39636e+07
0,0,0,6.99571e+08,0,3.33374e+07,-950656,950656,1.39636e+07
0,0,0,6.99571e+08,0,3.49645e+07,-950656,950656,1.39636e+07
0,0,0,6.99571e+08,0,3.49648e+07,-950656,950656,1.39636e+07
0,0,0,6.99571e+08,0,3.4965e+07,-950656,950656,1.39636e+07
0,0,0,6.99571e+08,0,3.49653e+07,-950656,950656,1.39636e+07
0,0,0,6.99571e+08,0,3.49655e+07,-950656,950656,1.39636e+07
0,0,0,6.99571e+08,0,3.53489e+07,-950656,950656,1.39636e+07
0,0,0,6.99571e+08,0,3.53491e+07,-950656,950656,1.39636e+07
0,0,0,6.99571e+08,0,3.53494e+07,-950656,950656,1.39636e+07
0,0,0,6.99571e+08,0,3.53496e+07,-950656,950656,1.39636e+07
0,0,0,6.99571e+08,0,3.61611e+07,-950656,950656,1.39636e+07
0,0,0,6.99571e+08,0,3.61614e+07,-950656,950656,1.39636e+07
0,0,0,6.99571e+08,0,3.61616e+07,-950656,950656,1.39636e+07
0,0,0,6.99571e+08,0,3.61619e+07,-950656,950656,1.39636e+07
0,0,0,6.99571e+08,0,3.88525e+07,-950656,950656,1.39636e+07
0,0,0,6.99571e+08,0,3.88528e+07,-950656,950656,1.39636e+07
0,0,0,6.99571e+08,0,3.88531e+07,-950656,950656,1.39636e+07
0,0,0,6.99571e+08,0,3.88533e+07,-950656,950656,1.39636e+07
0,0,0,6.99571e+08,0,3.88536e+07,-950656,950656,1.39636e+07
0,0,0,6.99571e+08,0,3.73432e+07,-950656,950656,1.39636e+07
0,0,0,6.99571e+08,0,3.73435e+07,-950656,950656,1.39636e+07
0,0,0,6.99571e+08,0,3.73438e+07,-950656,950656,1.39636e+07
0,0,0,6.99571e+08,0,3.73441e+07,-950656,950656,1.39636e+07
0,0,0,6.99571e+08,0,3.60138e+07,-950656,950656,1.39636e+07
0,0,0,6.99571e+08,0,3.60141e+07,-950656,950656,1.39636e+07
0,0,0,6.99571e+08,0,3.60143e+07,-950656,950656,1.39636e+07
0,0,0,6.99571e+08,0,3.60146e+07,-950656,950656,1.39636e+07
0,0,0,6.99571e+08,0,3.29337e+07,-950656,950656,1.39636e+07
0,0,0,6.99571e+08,0,3.2934e+07,-950656,950656,1.39636e+07
0,0,0,6.99571e+08,0,3.29342e+07,-950656,950656,1.39636e+07
0,0,0,6.99571e+08,0,3.29344e+07,-950656,950656,1.39636e+07
0,0,0,6.99571e+08,0,3.29347e+07,-950656,950656,1.39636e+07
0,0,0,6.99571e+08,0,3.39376e+07,-950656,950656,1.39636e+07
0,0,0,6.99571e+08,0,3.39376e+07,-950656,950656,1.39636e+07
0,0,0,6.99571e+08,0,3.39376e+07,-950656,950656,1.39636e+07
0,0,0,6.99571e+08,0,3.39377e+07,-950656,950656,1.39636e+07
0,0,0,6.99571e+08,0,3.74592e+07,-950656,950656,1.39636e+07
0,0,0,6.99571e+08,0,3.74592e+07,-950656,950656,1.39636e+07
0,0,0,6.99571e+08,0,3.74593e+07,-950656,950656,1.39636e+07
0,0,0,6.99571e+08,0,3.74593e+07,-950656,950656,1.39636e+07
0,0,0,6.99571e+08,0,3.26124e+07,-950656,950656,1.39636e+07
0,0,0,6.99571e+08,0,3.26124e+07,-950656,950656,1.39636e+07
0,0,0,6.99571e+08,0,3.26125e+07,-950656,950656,1.39636e+07
0,0,0,6.99571e+08,0,3.26125e+07,-950656,950656,1.39636e+07
0,0,0,6.99571e+08,0,3.26125e+07,-950656,950656,1.39636e+07
0,0,0,6.99571e+08,0,3.38128e+07,-950656,950656,1.39636e+07
0,0,0,6.99571e+08,0,3.38128e+07,-950656,950656,1.39636e+07
0,0,0,6.99571e+08,0,3.38129e+07,-950656,950656,1.39636e+07
0,0,0,6.99571e+08,0,3.38129e+07,-950656,950656,1.39636e+07
0,0,0,6.99571e+08,0,3.33454e+07,-950656,950656,1.39636e+07
0,0,0,6.99571e+08,0,3.33455e+07,-950656,950656,1.39636e+07
0,0,0,6.99571e+08,0,3.33455e+07,-950656,950656,1.39636e+07
0,0,0,6.99571e+08,0,3.33455e+07,-950656,950656,1.39636e+07
0,0,0,6.99571e+08,0,3.49728e+07,-950656,950656,1.39636e+07
0,0,0,6.99571e+08,0,3.49729e+07,-950656,950656,1.39636e+07
0,0,0,6.99571e+08,0,3.49729e+07,-950656,950656,1.39636e+07
0,0,0,6.99571e+08,0,3.4973e+07,-950656,950656,1.39636e+07
0,0,0,6.99571e+08,0,3.4973e+07,-950656,950656,1.39636e+07
0,0,0,6.99571e+08,0,3.53562e+07,-950656,950656,1.39636e+07
0,0,0,6.99571e+08,0,3.53562e+07,-950656,950656,1.39636e+07
0,0,0,6.99571e+08,0,3.53563e+07,-950656,950656,1.39636e+07
0,0,0,6.99571e+08,0,3.53563e+07,-950656,950656,1.39636e+07
0,0,0,6.99571e+08,0,3.61677e+07,-950656,950656,1.39636e+07
0,0,0,6.99571e+08,0,3.61677e+07,-950656,950656,1.39636e+07
0,0,0,6.99571e+08,0,3.61678e+07,-950656,950656,1.39636e+07
0,0,0,6.99571e+08,0,3.61678e+07,-950656,950656,1.39636e+07
0,0,0,6.99571e+08,0,3.88586e+07,-950656,950656,1.39636e+07
0,0,0,6.99571e+08,0,3.88587e+07,-950656,950656,1.39636e+07
0,0,0,6.99571e+08,0,3.88587e+07,-950656,950656,1.39636e+07
0,0,0,6.99571e+08,0,3.88587e+07,-950656,950656,1.39636e+07
0,0,0,6.99571e+08,0,3.88588e+07,-950656,950656,1.39636e+07
0,0,0,6.99571e+08,0,3.7348e+07,-950656,950656,1.39636e+07
0,0,0,6.99571e+08,0,3.7348e+07,-950656,950656,1.39636e+07
0,0,0,6.99571e+08,0,3.7348e+07,-950656,950656,1.39636e+07
0,0,0,6.99571e+08,0,3.73481e+07,-950656,950656,1.39636e+07
0,0,0,6.99571e+08,0,3.60174e+07,-950656,950656,1.39636e+07
0,0,0,6.99571e+08,0,3.60175e+07,-950656,950656,1.39636e+07
0,0,0,6.99571e+08,0,3.60175e+07,-950656,950656,1.39636e+07
0,0,0,6.99571e+08,0,3.60175e+07,-950656,950656,1.39636e+07
0,0,0,6.99571e+08,0,3.29362e+07,-950656,950656,1.39636e+07
0,0,0,6.99571e+08,0,3.29362e+07,-950656,950656,1.39636e+07
0,0,0,6.99571e+08,0,3.29363e+07,-950656,950656,1.39636e+07
0,0,0,6.99571e+08,0,3.29363e+07,-950656,950656,1.39636e+07
0,0,0,6.99571e+08,0,3.29363e+07,-950656,950656,1.39636e+07
0,0,0,6.99571e+08,0,3.39391e+07,-950656,950656,1.39636e+07
0,0,0,6.99571e+08,0,3.39389e+07,-950656,950656,1.39636e+07
0,0,0,6.99571e+08,0,3.39387e+07,-950656,950656,1.39636e+07
0,0,0,6.99571e+08,0,3.39385e+07,-950656,950656,1.39636e+07
0,0,0,6.99571e+08,0,3.74599e+07,-950656,950656,1.39636e+07
0,0,0,6.99571e+08,0,3.74597e+07,-950656,950656,1.39636e+07
0,0,0,6.99571e+08,0,3.74595e+07,-950656,950656,1.39636e+07
0,0,0,6.99571e+08,0,3.74593e+07,-950656,950656,1.39636e+07
0,0,0,6.99571e+08,0,3.26122e+07,-950656,950656,1.39636e+07
0,0,0,6.99571e+08,0,3.2612e+07,-950656,950656,1.39636e+07
0,0,0,6.99571e+08,0,3.26119e+07,-950656,950656,1.39636e+07
0,0,0,6.99571e+08,0,3.26117e+07,-950656,950656,1.39636e+07
0,0,0,6.99571e+08,0,3.26115e+07,-950656,950656,1.39636e+07
0,0,0,6.99571e+08,0,3.38115e+07,-950656,950656,1.39636e+07
0,0,0,6.99571e+08,0,3.38114e+07,-950656,950656,1.39636e+07
0,0,0,6.99571e+08,0,3.38112e+07,-950656,950656,1.39636e+07
0,0,0,6.99571e+08,0,3.3811e+07,-950656,950656,1.39636e+07
0,0,0,6.99571e+08,0,3.33434e+07,-950656,950656,1.39636e+07
0,0,0,6.99571e+08,0,3.33432e+07,-950656,950656,1.39636e+07
0,0,0,6.99571e+08,0,3.3343e+07,-950656,950656,1.39636e+07
0,0,0,6.99571e+08,0,3.33428e+07,-950656,950656,1.39636e+07
0,0,0,6.99571e+08,0,3.49698e+07,-950656,950656,1.39636e+07
0,0,0,6.99571e+08,0,3.49696e+07,-950656,950656,1.39636e+07
0,0,0,6.99571e+08,0,3.49694e+07,-950656,950656,1.39636e+07
0,0,0,6.99571e+08,0,3.49692e+07,-950656,950656,1.39636e+07
0,0,0,6.99571e+08,0,3.49691e+07,-950656,950656,1.39636e+07
0,0,0,6.99571e+08,0,3.5352e+07,-950656,950656,1.39636e+07
0,0,0,6.99571e+08,0,3.53518e+07,-950656,950656,1.39636e+07
0,0,0,6.99571e+08,0,3.53516e+07,-950656,950656,1.39636e+07
0,0,0,6.99571e+08,0,3.53514e+07,-950656,950656,1.39636e+07
0,0,0,6.99571e+08,0,3.61625e+07,-950656,950656,1.39636e+07
0,0,0,6.99571e+08,0,3.61623e+07,-950656,950656,1.39636e+07
0,0,0,6.99571e+08,0,3.61621e+07,-950656,950656,1.39636e+07
0,0,0,6.99571e+08,0,3.61619e+07,-950656,950656,1.39636e+07
0,0,0,6.99571e+08,0,3.88521e+07,-950656,950656,1.39636e+07
0,0,0,6.99571e+08,0,3.88518e+07,-950656,950656,1.39636e+07
0,0,0,6.99571e+08,0,3.88516e+07,-950656,950656,1.39636e+07
0,0,0,6.99571e+08,0,3.88514e+07,-950656,950656,1.39636e+07
0,0,0,6.99571e+08,0,3.88512e+07,-950656,950656,1.39636e+07
0,0,0,6.99571e+08,0,3.73405e+07,-950656,950656,1.39636e+07
0,0,0,6.99571e+08,0,3.73403e+07,-950656,950656,1.39636e+07
0,0,0,6.99571e+08,0,3.73401e+07,-950656,950656,1.39636e+07
0,0,0,6.99571e+08,0,3.73399e+07,-950656,950656,1.39636e+07
0,0,0,6.99571e+08,0,3.60093e+07,-950656,950656,1.39636e+07
0,0,0,6.99571e+08,0,3.60091e+07,-950656,950656,1.39636e+07
0,0,0,6.99571e+08,0,3.60089e+07,-950656,950656,1.39636e+07
0,0,0,6.99571e+08,0,3.60088e+07,-950656,950656,1.39636e+07
0,0,0,6.99571e+08,0,3.2928e+07,-950656,950656,1.39636e+07
0,0,0,6.99571e+08,0,3.29278e+07,-950656,950656,1.39636e+07
0,0,0,6.99571e+08,0,3.29277e+07,-950656,950656,1.39636e+07
0,0,0,6.99571e+08,0,3.29275e+07,-950656,950656,1.39636e+07
0,0,0,6.99571e+08,0,3.29273e+07,-950656,950656,1.39636e+07
0,0,0,6.99571e+08,0,3.39295e+07,-950656,950656,1.39636e+07
0,0,0,6.99571e+08,0,3.39291e+07,-950656,950656,1.39636e+07
0,0,0,6.99571e+08,0,3.39288e+07,-950656,950656,1.39636e+07
0,0,0,6.99571e+08,0,3.39284e+07,-950656,950656,1.39636e+07
0,0,0,6.99571e+08,0,3.74484e+07,-950656,950656,1.39636e+07
0,0,0,6.99571e+08,0,3.7448e+07,-950656,950656,1.39636e+07
0,0,0,6.99571e+08,0,3.74476e+07,-950656,950656,1.39636e+07
0,0,0,6.99571e+08,0,3.74471e+07,-950656,950656,1.39636e+07
0,0,0,6.99571e+08,0,3.26015e+07,-950656,950656,1.39636e+07
0,0,0,6.99571e+08,0,3.26011e+07,-950656,950656,1.39636e+07
0,0,0,6.99571e+08,0,3.26007e+07,-950656,950656,1.39636e+07
0,0,0,6.99571e+08,0,3.26003e+07,-950656,950656,1.39636e+07
0,0,0,6.99571e+08,0,3.26e+07,-950656,950656,1.39636e+07
0,0,0,6.99571e+08,0,3.37993e+07,-950656,950656,1.39636e+07
0,0,0,6.99571e+08,0,3.37989e+07,-950656,950656,1.39636e+07
0,0,0,6.99571e+08,0,3.37986e+07,-950656,950656,1.39636e+07
0,0,0,6.99571e+08,0,3.37982e+07,-950656,950656,1.39636e+07
0,0,0,6.99571e+08,0,3.33305e+07,-950656,950656,1.39636e+07
0,0,0,6.99571e+08,0,3.33301e+07,-950656,950656,1.39636e+07
0,0,0,6.99571e+08,0,3.33297e+07,-950656,950656,1.39636e+07
0,0,0,6.99571e+08,0,3.33293e+07,-950656,950656,1.39636e+07
0,0,0,6.99571e+08,0,3.49554e+07,-950656,950656,1.39636e+07
0,0,0,6.99571e+08,0,3.4955e+07,-950656,950656,1.39636e+07
0,0,0,6.99571e+08,0,3.49546e+07,-950656,950656,1.39636e+07
0,0,0,6.99571e+08,0,3.49542e+07,-950656,950656,1.39636e+07
0,0,0,6.99571e+08,0,3.49538e+07,-950656,950656,1.39636e+07
0,0,0,6.99571e+08,0,3.53364e+07,-950656,950656,1.39636e+07
0,0,0,6.99571e+08,0,3.53359e+07,-950656,950656,1.39636e+07
0,0,0,6.99571e+08,0,3.53355e+07,-950656,950656,1.39636e+07
0,0,0,6.99571e+08,0,3.53351e+07,-950656,950656,1.39636e+07
0,0,0,6.99571e+08,0,3.61456e+07,-950656,950656,1.39636e+07
0,0,0,6.99571e+08,0,3.61452e+07,-950656,950656,1.39636e+07
0,0,0,6.99571e+08,0,3.61448e+07,-950656,950656,1.39636e+07
0,0,0,6.99571e+08,0,3.61443e+07,-950656,950656,1.39636e+07
0,0,0,6.99571e+08,0,3.88328e+07,-950656,950656,1.39636e+07
0,0,0,6.99571e+08,0,3.88324e+07,-950656,950656,1.39636e+07
0,0,0,6.99571e+08,0,3.88319e+07,-950656,950656,1.39636e+07
0,0,0,6.99571e+08,0,3.88315e+07,-950656,950656,1.39636e+07
0,0,0,6.99571e+08,0,3.8831e+07,-950656,950656,1.39636e+07
0,0,0,6.99571e+08,0,3.73209e+07,-950656,950656,1.39636e+07
0,0,0,6.99571e+08,0,3.73205e+07,-950656,950656,1.39636e+07
0,0,0,6.99571e+08,0,3.732e+07,-950656,950656,1.39636e+07
0,0,0,6.99571e+08,0,3.73196e+07,-950656,950656,1.39636e+07
0,0,0,6.99571e+08,0,3.59896e+07,-950656,950656,1.39636e+07
0,0,0,6.99571e+08,0,3.59891e+07,-950656,950656,1.39636e+07
0,0,0,6.99571e+08,0,3.59887e+07,-950656,950656,1.39636e+07
