0volume,0demand,0up_spill,0ww_inflow,0catch_inflow,0evap,0ds_spill,0treat_cap,1volume,1demand,1up_spill,1ww_inflow,1catch_inflow,1evap,1ds_spill,1treat_cap,2volume,2s_area,2demand,2up_spill,2ww_inflow,2catch_inflow,2evap,2ds_spill,2treat_cap,2valloc_0,2talloc_0,2valloc_1,2talloc_1,3volume,3demand,3up_spill,3ww_inflow,3catch_inflow,3evap,3ds_spill,3treat_cap,3valloc_1,3talloc_1,3valloc_2,3talloc_2,4demand,4up_spill,4ww_inflow,4catch_inflow,4ds_spill,4treat_cap,11volume,11s_area,11demand,11up_spill,11ww_inflow,11catch_inflow,11evap,11ds_spill,11treat_cap
72.29,1.84028,0,0,2.6002,0.364026,0.395896,3.6288,61.308,0,0,0,0.753624,0.203984,0.54964,0.66528,12.849,1,0.327095,0.395896,0,78.3918,4.87602,73.5846,0.84672,12.849,0.84672,3695.15,0,36.966,0.0415766,0.315818,0,4.92493,1.18791,4.01126,0.42336,36.966,0.42336,423.524,0,1.69344,0,0,2.00926,0.315818,1.028160,1,0,78.1455,0,0,0,78.1455,0
72.29,1.85862,0,0,8.13786,0.346453,5.93279,3.6288,61.308,0.428348,0,0,1.69412,0.18417,1.0816,0.66528,12.849,1,0.330356,5.93279,0,112.958,4.23421,114.326,0.84672,12.849,0.84672,3695.15,0,36.966,0.258275,2.6345,1.74664,10.5584,1.09012,13.5912,0.42336,36.966,0.42336,423.524,0,1.02816,0,0,3.66266,2.6345,1.028160,1,0,128.999,0,0,0,128.999,0
72.29,1.85978,0,0,5.79322,0.342356,3.59108,3.6288,61.308,0.428348,0,0,1.20011,0.18107,0.590696,0.66528,12.849,1,0.330562,3.59108,0,161.05,4.12703,160.184,0.84672,12.849,0.84672,3695.15,0,36.966,0.258275,1.94421,1.73506,6.81154,1.07673,9.1558,0.42336,36.966,0.42336,423.524,0,1.02816,0,0,2.97237,1.94421,1.028160,1,0,169.93,0,0,0,169.93,0
72.29,1.86095,0,0,4.55611,0.342356,2.3528,3.6288,61.308,0.428348,0,0,1.96356,0.18107,1.35414,0.66528,12.849,1,0.330769,2.3528,0,102.948,4.12703,100.843,0.84672,12.849,0.84672,3695.15,0,36.966,0.258275,3.57884,1.73531,8.83097,1.07673,12.8101,0.42336,36.966,0.42336,423.524,0,1.02816,0,0,4.607,3.57884,1.028160,1,0,115.007,0,0,0,115.007,0
72.29,2.06694,0,0,4.52383,0.333082,2.12381,3.6288,61.308,0.53358,0,0,1.49275,0.185814,0.773357,0.66528,12.849,1,0.367382,2.12381,0,115.727,3.79876,113.684,0.84672,12.849,0.84672,3695.15,0,36.966,0.321725,2.17877,1.73557,7.70588,1.00245,10.296,0.42336,36.966,0.42336,423.524,0,1.02816,0,0,3.20693,2.17877,1.028160,1,0,124.754,0,0,0,124.754,0
72.29,2.2114,0,0,4.6365,0.326126,2.09898,3.6288,61.308,0.428385,0,0,1.24849,0.189372,0.630732,0.66528,12.849,1,0.393059,2.09898,0,109.681,3.55257,107.835,0.84672,12.849,0.84672,3695.15,0,36.966,0.258297,1.63068,1.91136,6.45183,0.946744,8.78883,0.42336,36.966,0.42336,423.524,0,1.02816,0,0,2.65884,1.63068,1.028160,1,0,117.254,0,0,0,117.254,0
72.29,2.21268,0,0,4.81224,0.326126,2.27343,3.6288,61.308,0.428385,0,0,1.19644,0.189372,0.578684,0.66528,12.849,1,0.393288,2.27343,0,102.697,3.55257,101.024,0.84672,12.849,0.84672,3695.15,0,36.966,0.258297,1.46095,1.81296,4.57633,0.946744,6.6452,0.42336,36.966,0.42336,423.524,0,1.02816,0,0,2.48911,1.46095,1.028160,1,0,108.248,0,0,0,108.248,0
72.29,2.21397,0,0,4.17746,0.323529,1.63996,3.6288,61.308,0.428385,0,0,1.26272,0.194904,0.639429,0.66528,12.849,1,0.393516,1.63996,0,94.4767,3.68361,92.0395,0.84672,12.849,0.84672,3695.15,0,36.966,0.258297,1.50079,1.81325,4.74098,0.98774,6.80898,0.42336,36.966,0.42336,423.524,0,1.02816,0,0,2.52895,1.50079,1.028160,1,0,99.4879,0,0,0,99.4879,0
72.29,1.9227,0,0,4.5084,0.332268,2.25343,3.6288,61.308,0.286965,0,0,1.7098,0.204373,1.21847,0.66528,12.849,1,0.341745,2.25343,0,103.753,4.10924,101.556,0.84672,12.849,0.84672,3695.15,0,36.966,0.173027,2.79192,1.81353,8.50182,1.07943,11.8548,0.42336,36.966,0.42336,423.524,0,1.02816,0,0,3.82008,2.79192,1.028160,1,0,114.629,0,0,0,114.629,0
72.29,1.75943,0,0,5.63829,0.352796,3.52607,3.6288,61.308,0.407742,0,0,1.85662,0.191348,1.25752,0.66528,12.849,1,0.312725,3.52607,0,93.4727,3.72771,92.9583,0.84672,12.849,0.84672,3695.15,0,36.966,0.24585,2.8943,1.5741,9.88762,0.914684,13.1955,0.42336,36.966,0.42336,423.524,0,1.02816,0,0,3.92246,2.8943,1.028160,1,0,107.411,0,0,0,107.411,0
72.29,1.76014,0,0,4.56439,0.352796,2.45146,3.6288,61.308,0.408044,0,0,1.3122,0.191348,0.712808,0.66528,12.849,1,0.312851,2.45146,0,93.7112,3.72771,92.1221,0.84672,12.849,0.84672,3695.15,0,36.966,0.246032,1.48329,1.68764,6.78404,0.914684,8.79426,0.42336,36.966,0.42336,423.524,0,1.02816,0,0,2.51145,1.48329,1.028160,1,0,101.629,0,0,0,101.629,0
72.29,1.76084,0,0,3.17485,0.352796,1.06121,3.6288,61.308,0.408346,0,0,0.937466,0.191348,0.337772,0.66528,12.849,1,0.312977,1.06121,0,86.8951,3.72771,83.9156,0.84672,12.849,0.84672,3695.15,0,36.966,0.246214,1.19686,1.68817,6.52182,0.914684,8.24595,0.42336,36.966,0.42336,423.524,0,1.02816,0,0,2.22502,1.19686,1.028160,1,0,92.4993,0,0,0,92.4993,0
72.29,1.76155,0,0,3.51948,0.293134,1.46479,3.6288,61.308,0.408647,0,0,0.832602,0.159544,0.264411,0.66528,12.849,1,0.313102,1.46479,0,78.3406,3.3069,76.1854,0.84672,12.849,0.84672,3695.15,0,36.966,0.246396,1.01465,1.6887,6.16858,0.853974,7.77156,0.42336,36.966,0.42336,423.524,0,1.02816,0,0,2.04281,1.01465,1.028160,1,0,84.2214,0,0,0,84.2214,0
72.29,1.83603,0,0,3.13114,0.331653,0.963462,3.6288,61.308,0.443607,0,0,0.931133,0.179292,0.308235,0.66528,12.849,1,0.32634,0.963462,0,95.2214,3.83387,92.0247,0.84672,12.849,0.84672,3695.15,0,36.966,0.267475,1.17412,1.68923,5.89078,0.928106,7.55855,0.42336,36.966,0.42336,423.524,0,1.02816,0,0,2.20228,1.17412,1.028160,1,0,99.8915,0,0,0,99.8915,0
72.29,1.85796,0,0,3.69452,0.331653,1.50491,3.6288,61.308,0.428348,0,0,1.23576,0.179292,0.628122,0.66528,12.849,1,0.330238,1.50491,0,126.186,3.83387,123.527,0.84672,12.849,0.84672,3695.15,0,36.966,0.258275,1.69019,1.74897,6.37222,0.928106,8.625,0.42336,36.966,0.42336,423.524,0,1.02816,0,0,2.71835,1.69019,1.028160,1,0,132.78,0,0,0,132.78,0
72.29,1.85912,0,0,4.12499,0.331653,1.93422,3.6288,61.308,0.428348,0,0,1.33641,0.179292,0.728769,0.66528,12.849,1,0.330444,1.93422,0,86.3672,3.83387,84.1371,0.84672,12.849,0.84672,3695.15,0,36.966,0.258275,2.44249,1.73491,6.44846,0.928106,9.43949,0.42336,36.966,0.42336,423.524,0,1.02816,0,0,3.47065,2.44249,1.028160,1,0,94.3053,0,0,0,94.3053,0
72.29,1.86028,0,0,2.92877,0.247385,0.821105,3.6288,61.308,0.428349,0,0,0.777989,0.21853,0.131111,0.66528,12.849,1,0.330651,0.821105,0,56.5104,4.17983,52.821,0.84672,12.849,0.84672,3695.15,0,36.966,0.258275,1.03205,1.73517,5.10759,0.948763,6.66776,0.42336,36.966,0.42336,423.524,0,1.02816,0,0,2.06021,1.03205,1.028160,1,0,59.6199,0,0,0,59.6199,0
72.29,1.83256,0,0,2.94501,0.23093,0.881526,3.6288,61.308,0.414869,0,0,1.03359,0.220924,0.397802,0.66528,12.849,1,0.325723,0.881526,0,62.5265,4.19518,58.8871,0.84672,12.849,0.84672,3695.15,0,36.966,0.250148,1.63146,1.73542,5.09253,0.997409,7.21185,0.42336,36.966,0.42336,423.524,0,1.02816,0,0,2.65962,1.63146,1.028160,1,0,66.4967,0,0,0,66.4967,0
72.2862,1.81536,0,0,2.40499,0.230528,0.36288,3.6288,61.308,0.428344,0,0,0.84075,0.220233,0.192173,0.66528,12.849,1,0.322667,0.36288,0,53.9367,4.18813,49.7887,0.84672,12.849,0.84672,3695.15,0,36.966,0.258272,1.23727,1.71261,4.11736,1.00494,5.80402,0.42336,36.966,0.42336,423.524,0,1.02816,0,0,2.26543,1.23727,1.028160,1,0,55.7849,0,0,0,55.7849,0
71.9475,1.81649,0,0,2.07122,0.230522,0.36288,3.6288,61.308,0.428344,0,0,0.780114,0.220233,0.131537,0.66528,12.849,1,0.322885,0.36288,0,48.3746,4.18813,44.2264,0.84672,12.849,0.84672,3695.15,0,36.966,0.258272,0.988468,1.7255,3.84939,1.00494,5.30014,0.42336,36.966,0.42336,423.524,0,1.02816,0,0,2.01663,0.988468,1.028160,1,0,49.6581,0,0,0,49.6581,0
71.6549,1.81635,0,0,2.11651,0.229929,0.36288,3.6288,61.308,0.428344,0,0,0.725012,0.220233,0.0764347,0.66528,12.849,1,0.324379,0.36288,0,49.167,4.18813,45.0174,0.84672,12.849,0.84672,3695.15,0,36.966,0.258273,0.552822,1.72576,4.03097,1.00494,5.04634,0.42336,36.966,0.42336,423.524,0,1.02816,0,0,1.58098,0.552822,1.028160,1,0,50.1402,0,0,0,50.1402,0
71.3937,1.91442,0,0,2.23161,0.215464,0.36288,3.6288,61.308,0.476213,0,0,0.751317,0.21764,0.0574644,0.66528,12.849,1,0.34329,0.36288,0,51.2457,4.42797,46.8374,0.84672,12.849,0.84672,3695.15,0,36.966,0.287135,0.633666,1.72601,3.91691,1.02442,4.96503,0.42336,36.966,0.42336,423.524,0,1.02816,0,0,1.66183,0.633666,1.028160,1,0,51.8598,0,0,0,51.8598,0
70.7661,1.97956,0,0,1.89576,0.180977,0.36288,3.6288,61.308,0.428361,0,0,0.702043,0.20261,0.071072,0.66528,12.849,1,0.35627,0.36288,0,42.076,4.64856,37.4341,0.84672,12.849,0.84672,3695.15,0,36.966,0.258283,0.826079,1.80721,3.53486,0.961013,4.94886,0.42336,36.966,0.42336,423.524,0,1.02816,0,0,1.85424,0.826079,1.028160,1,0,42.454,0,0,0,42.454,0
70.0667,1.97809,0,0,1.8142,0.172586,0.36288,3.6288,61.308,0.428361,0,0,0.738158,0.204395,0.105402,0.66528,12.849,1,0.359162,0.36288,0,39.5334,4.70274,34.8344,0.84672,12.849,0.84672,3695.15,0,36.966,0.258283,0.815685,1.76259,3.6826,0.950983,5.05161,0.42336,36.966,0.42336,423.524,0,1.02816,0,0,1.84385,0.815685,1.028160,1,0,39.9914,0,0,0,39.9914,0
69.2891,1.97626,0,0,1.73312,0.17166,0.36288,3.6288,61.308,0.428361,0,0,0.741277,0.204395,0.108521,0.66528,12.849,1,0.362411,0.36288,0,37.1436,4.70274,32.4413,0.84672,12.849,0.84672,3695.15,0,36.966,0.258283,0.734469,1.76286,3.54109,0.950983,4.82915,0.42336,36.966,0.42336,423.524,0,1.02816,0,0,1.76263,0.734469,1.028160,1,0,37.379,0,0,0,37.379,0
68.4272,1.97402,0,0,1.6429,0.167895,0.36288,3.6288,61.308,0.428361,0,0,0.687684,0.204163,0.0551596,0.66528,12.849,1,0.366064,0.36288,0,34.2634,4.64253,29.6177,0.84672,12.849,0.84672,3695.15,0,36.966,0.258283,0.611669,1.76312,3.32795,0.953479,4.49098,0.42336,36.966,0.42336,423.524,0,1.02816,0,0,1.63983,0.611669,1.028160,1,0,34.1638,0,0,0,34.1638,0
67.4844,1.95205,0,0,1.52262,0.150475,0.36288,3.6288,61.308,0.454717,0,0,0.664744,0.202767,0.00726046,0.66528,12.849,1,0.366549,0.36288,0,30.868,4.28127,26.583,0.84672,12.849,0.84672,3695.15,0,36.966,0.274174,0.498036,1.76339,3.10874,0.968453,4.12754,0.42336,36.966,0.42336,423.524,0,1.02816,0,0,1.5262,0.498036,1.028160,1,0,30.7178,0,0,0,30.7178,0
66.36,1.98442,0,0,1.37228,0.149366,0.36288,3.6288,61.2959,0.428371,0,0,0.619039,0.202767,0,0.66528,12.849,1,0.377834,0.36288,0,28.61,4.28127,24.3138,0.84672,12.849,0.84672,3695.15,0,36.966,0.258288,0.303705,1.792,2.95992,0.968453,3.82888,0.42336,36.966,0.42336,423.524,0,1.02816,0,0,1.33186,0.303705,1.028160,1,0,28.1426,0,0,0,28.1426,0
65.2038,1.98026,0,0,1.31224,0.125313,0.36288,3.6288,61.1952,0.428339,0,0,0.585219,0.257593,0,0.66528,12.849,1,0.383429,0.36288,0,25.7935,4.98702,20.7859,0.84672,12.849,0.84672,3695.15,0,36.966,0.25832,0.286839,1.76756,2.81222,1.22607,3.38224,0.42336,36.966,0.42336,423.524,0,1.02816,0,0,1.315,0.286839,1.028160,1,0,24.1682,0,0,0,24.1682,0
63.9196,1.97577,0,0,1.16966,0.115153,0.36288,3.6288,61.0362,0.428187,0,0,0.54857,0.279351,0,0.66528,12.849,1,0.389343,0.36288,0,23.4337,5.26932,18.1379,0.84672,12.849,0.84672,3695.15,0,36.966,0.258654,0.261274,1.76782,2.72041,1.32911,3.16174,0.42336,36.966,0.42336,423.524,0,1.02798,0,0,1.28925,0.261274,1.028160,1,0,21.2996,0,0,0,21.2996,0
62.703,2.01977,0,0,1.27845,0.112398,0.36288,3.6288,60.8431,0.451282,0,0,0.565494,0.307293,0,0.66528,12.849,1,0.40601,0.36288,0,25.2286,5.66554,19.52,0.84672,12.849,0.84672,3695.15,0,36.966,0.273315,0.261274,1.76809,2.63779,1.46073,2.93311,0.42336,36.966,0.42336,423.524,0,1.02793,0,0,1.2892,0.261274,1.028160,1,0,22.4531,0,0,0,22.4531,0
61.504,2.04573,0,0,1.32028,0.110668,0.36288,3.6288,60.6797,0.427152,0,0,0.581954,0.318193,0,0.66528,12.849,1,0.419207,0.36288,0,24.6978,5.82403,18.8174,0.84672,12.849,0.84672,3695.15,0,36.966,0.259521,0.298486,1.80859,2.6916,1.51338,3.02578,0.42336,36.966,0.42336,423.524,0,1.02816,0,0,1.32665,0.298486,1.028160,1,0,21.8432,0,0,0,21.8432,0
60.1606,2.04017,0,0,1.16921,0.109583,0.36288,3.6288,60.4689,0.43948,0,0,0.546488,0.317864,0,0.66528,12.849,1,0.426219,0.36288,0,23.2697,5.82403,17.3823,0.84672,12.849,0.84672,3695.15,0,36.966,0.26773,0.227405,1.78681,2.66541,1.51338,2.89851,0.42336,36.966,0.42336,423.524,0,1.00762,0,0,1.23503,0.227405,1.028160,1,0,20.2808,0,0,0,20.2808,0
58.7179,2.03354,0,0,1.06207,0.108347,0.36288,3.6288,60.1947,0.488419,0,0,0.531681,0.317438,0,0.66528,12.849,1,0.434319,0.36288,0,21.9046,5.82403,16.0092,0.84672,12.849,0.84672,3695.15,0,36.966,0.298582,0.227405,1.78708,2.57025,1.51338,2.77278,0.42336,36.966,0.42336,423.524,0,0.927832,0,0,1.15524,0.227405,1.028160,1,0,18.782,0,0,0,18.782,0
56.9858,2.16852,0,0,0.894482,0.0951985,0.36288,3.6288,59.8228,0.564959,0,0,0.520717,0.327702,0,0.66528,12.849,1,0.474528,0.36288,0,20.8278,6.22764,14.4885,0.84672,12.849,0.84672,3695.15,0,36.966,0.346945,0.227405,1.78736,2.53058,1.54221,2.65618,0.42336,36.966,0.42336,423.524,0,0.939211,0,0,1.16662,0.227405,1.028160,1,0,17.1446,0,0,0,17.1446,0
55.0167,2.26519,0,0,0.771811,0.112875,0.36288,3.6288,59.4868,0.472258,0,0,0.465687,0.329404,0,0.66528,12.849,1,0.510749,0.36288,0,19.0915,6.3903,12.5533,0.84672,12.849,0.84672,3695.15,0,36.966,0.29182,0.227405,1.92548,2.46465,1.50914,2.81658,0.42336,36.966,0.42336,423.524,0,0.955714,0,0,1.18312,0.227405,1.028160,1,0,15.3699,0,0,0,15.3699,0
53.0219,2.25116,0,0,0.729985,0.110686,0.36288,3.6288,59.0834,0.503009,0,0,0.428311,0.328698,0,0.66528,12.849,1,0.525752,0.36288,0,17.1577,6.3903,10.6045,0.84672,12.849,0.84672,3695.15,0,36.966,0.312577,0.204422,1.84892,2.43669,1.50914,2.66831,0.42336,36.966,0.42336,423.524,0,0.904807,0,0,1.10923,0.204422,1.028160,1,0,13.2728,0,0,0,13.2728,0
51.3226,2.23602,0,0,1.00807,0.108469,0.36288,3.6288,58.8037,0.426187,0,0,0.474339,0.32785,0,0.66528,12.849,1,0.541863,0.36288,0,18.4041,6.3903,11.8348,0.84672,12.849,0.84672,3695.15,0,36.966,0.266647,0.230653,1.84957,2.71636,1.50914,3.02079,0.42336,36.966,0.42336,423.524,0,1.02816,0,0,1.25881,0.230653,1.028160,1,0,14.8556,0,0,0,14.8556,0
50.0751,2.22245,0,0,1.46768,0.129921,0.36288,3.6288,58.6893,0.425778,0,0,0.631398,0.320008,0,0.66528,12.849,1,0.556406,0.36288,0,30.7108,6.25038,24.2669,0.84672,12.849,0.84672,3695.15,0,36.966,0.267658,0.388066,1.85022,3.02078,1.48678,3.50462,0.42336,36.966,0.42336,423.524,0,1.02816,0,0,1.41623,0.388066,1.028160,1,0,27.7715,0,0,0,27.7715,0
48.6833,2.14469,0,0,1.26066,0.144807,0.36288,3.6288,58.6709,0.374987,0,0,0.669445,0.312916,0,0.66528,12.849,1,0.550317,0.36288,0,28.7615,5.97671,22.5974,0.84672,12.849,0.84672,3695.15,0,36.966,0.236189,0.392964,1.85086,3.35579,1.34479,4.01864,0.42336,36.966,0.42336,423.524,0,1.02816,0,0,1.42112,0.392964,1.028160,1,0,26.616,0,0,0,26.616,0
48.6166,2.0737,0,0,2.51254,0.142665,0.36288,3.6288,59.0465,0.421269,0,0,1.10977,0.312879,0,0.66528,12.849,1,0.547311,0.36288,0,30.8906,5.97671,24.7295,0.84672,12.849,0.84672,3695.15,0,36.966,0.265424,1.72667,1.77159,5.48944,1.34479,7.37749,0.42336,36.966,0.42336,423.524,0,1.02816,0,0,2.75483,1.72667,1.028160,1,0,32.107,0,0,0,32.107,0
47.1661,2.0743,0,0,1.12915,0.142562,0.36288,3.6288,58.96,0.422308,0,0,0.649444,0.313634,0,0.66528,12.849,1,0.548221,0.36288,0,26.5275,5.97671,20.3654,0.84672,12.849,0.84672,3695.15,0,36.966,0.264385,0.472617,1.81607,2.96752,1.34479,3.64704,0.42336,36.966,0.42336,423.524,0,1.02816,0,0,1.50078,0.472617,1.028160,1,0,24.0125,0,0,0,24.0125,0
45.8784,2.06224,0,0,1.27779,0.140321,0.36288,3.6288,58.9857,0.422069,0,0,0.76127,0.31346,0,0.66528,12.849,1,0.561796,0.36288,0,21.2951,5.97671,15.1195,0.84672,12.849,0.84672,3695.15,0,36.966,0.264624,0.384532,1.81636,3.30445,1.34479,3.89592,0.42336,36.966,0.42336,423.524,0,1.02816,0,0,1.41269,0.384532,1.028160,1,0,19.0154,0,0,0,19.0154,0
45.6725,1.99664,0,0,2.38009,0.226483,0.36288,3.6288,59.0587,0.375708,0,0,0.738623,0.289927,0,0.66528,12.849,1,0.559193,0.36288,0,23.9026,5.16045,18.5458,0.84672,12.849,0.84672,3695.15,0,36.966,0.235454,1.0355,1.81664,3.18821,1.21403,4.59088,0.42336,36.966,0.42336,423.524,0,1.02816,0,0,2.06366,1.0355,1.028160,1,0,23.1367,0,0,0,23.1367,0
45.4388,1.93689,0,0,2.27555,0.209476,0.36288,3.6288,59.1068,0.422326,0,0,0.737494,0.267054,0,0.66528,12.849,1,0.544904,0.36288,0,26.7043,5.19393,21.3284,0.84672,12.849,0.84672,3695.15,0,36.966,0.264342,0.893653,1.7455,4.63421,1.24795,5.76107,0.42336,36.966,0.42336,423.524,0,1.02816,0,0,1.92181,0.893653,1.028160,1,0,27.0895,0,0,0,27.0895,0
46.1289,1.93585,0,0,3.21684,0.228006,0.36288,3.6288,59.3586,0.422458,0,0,0.934191,0.25997,0,0.66528,12.849,1,0.547412,0.36288,0,42.4646,4.97946,37.3007,0.84672,12.849,0.84672,3695.15,0,36.966,0.264209,1.35262,1.78996,4.27003,1.2168,5.9316,0.42336,36.966,0.42336,423.524,0,1.02816,0,0,2.38078,1.35262,1.028160,1,0,43.2323,0,0,0,43.2323,0
50.5578,1.9434,0,0,6.99058,0.255407,0.36288,3.6288,60.551,0.423149,0,0,1.86639,0.250819,0,0.66528,12.849,1,0.541327,0.36288,0,49.203,4.6935,44.331,0.84672,12.849,0.84672,3695.15,0,36.966,0.263519,2.39788,1.79024,7.78411,1.17527,10.5334,0.42336,36.966,0.42336,423.524,0,1.02816,0,0,3.42604,2.39788,1.028160,1,0,54.8645,0,0,0,54.8645,0
53.1756,1.82429,0,0,5.07101,0.266002,0.36288,3.6288,61.0006,0.328557,0,0,1.0207,0.242533,0,0.66528,12.849,1,0.463633,0.36288,0,65.2477,4.65411,60.4929,0.84672,12.849,0.84672,3695.15,0,36.966,0.200582,1.40211,1.79051,5.074,1.14712,6.91893,0.42336,36.966,0.42336,423.524,0,1.02816,0,0,2.43027,1.40211,1.028160,1,0,67.4118,0,0,0,67.4118,0
54.3851,1.71783,0,0,3.55846,0.26825,0.36288,3.6288,61.308,0.426832,0,0,1.22699,0.217651,0.275134,0.66528,12.849,1,0.415084,0.36288,0,93.1461,4.55564,88.5383,0.84672,12.849,0.84672,3695.15,0,36.966,0.258658,1.53337,1.63193,5.9732,1.07673,7.80311,0.42336,36.966,0.42336,423.524,0,1.02816,0,0,2.56153,1.53337,1.028160,1,0,96.6165,0,0,0,96.6165,0
56.9337,1.72598,0,0,4.90902,0.271569,0.36288,3.6288,61.308,0.427949,0,0,1.4334,0.218074,0.787379,0.66528,12.849,1,0.40778,0.36288,0,83.2248,4.55564,78.6243,0.84672,12.849,0.84672,3695.15,0,36.966,0.258034,2.52786,1.72367,6.66223,1.07673,9.579,0.42336,36.966,0.42336,423.524,0,1.02816,0,0,3.55602,2.52786,1.028160,1,0,88.9906,0,0,0,88.9906,0
61.4718,1.74157,0,0,6.92105,0.278564,0.36288,3.6288,61.308,0.428256,0,0,1.43725,0.218074,0.790916,0.66528,12.849,1,0.393044,0.36288,0,100.087,4.55564,95.5008,0.84672,12.849,0.84672,3695.15,0,36.966,0.25822,2.4829,1.72421,7.05326,1.07673,9.92543,0.42336,36.966,0.42336,423.524,0,1.02816,0,0,3.51106,2.4829,1.028160,1,0,106.217,0,0,0,106.217,0
66.3422,1.76657,0,0,7.30183,0.301974,0.36288,3.6288,61.308,0.428342,0,0,1.88442,0.207776,1.2483,0.66528,12.849,1,0.369253,0.36288,0,100.044,3.84426,96.1937,0.84672,12.849,0.84672,3695.15,0,36.966,0.258271,2.09037,1.72475,8.21534,1.02392,10.7483,0.42336,36.966,0.42336,423.524,0,1.02816,0,0,3.11853,2.09037,1.028160,1,0,108.19,0,0,0,108.19,0
68.4948,1.85439,0,0,4.62813,0.258213,0.36288,3.6288,61.308,0.456843,0,0,1.18295,0.207282,0.518821,0.66528,12.849,1,0.359154,0.36288,0,52.4464,3.95282,48.4973,0.84672,12.849,0.84672,3695.15,0,36.966,0.275456,1.18691,1.72509,5.35845,0.81377,7.18122,0.42336,36.966,0.42336,423.524,0,1.02816,0,0,2.21507,1.18691,1.028160,1,0,56.1973,0,0,0,56.1973,0
69.2643,1.9035,0,0,3.28535,0.249518,0.36288,3.6288,61.308,0.428342,0,0,1.08398,0.208637,0.446997,0.66528,12.849,1,0.357079,0.36288,0,47.3327,4.02476,43.3137,0.84672,12.849,0.84672,3695.15,0,36.966,0.258271,1.54436,1.77495,7.43725,0.777501,9.72078,0.42336,36.966,0.42336,423.524,0,1.02816,0,0,2.57252,1.54436,1.028160,1,0,53.4815,0,0,0,53.4815,0
71.8848,1.90798,0,0,5.16547,0.274092,0.36288,3.6288,61.308,0.428342,0,0,1.03178,0.210986,0.392452,0.66528,12.849,1,0.353943,0.36288,0,78.3864,4.15952,74.2358,0.84672,12.849,0.84672,3695.15,0,36.966,0.258271,1.26871,1.74847,6.86313,0.852902,8.76914,0.42336,36.966,0.42336,423.524,0,1.02816,0,0,2.29687,1.26871,1.028160,1,0,83.3974,0,0,0,83.3974,0
72.29,1.92007,0,0,5.06305,0.338527,2.39924,3.6288,61.308,0.428342,0,0,1.09502,0.216859,0.449824,0.66528,12.849,1,0.343201,2.39924,0,89.4721,4.49642,87.0317,0.84672,12.849,0.84672,3695.15,0,36.966,0.258271,1.49545,1.74872,7.64435,1.04141,9.58884,0.42336,36.966,0.42336,423.524,0,1.02816,0,0,2.52361,1.49545,1.028160,1,0,97.0704,0,0,0,97.0704,0
72.1387,2.13142,0,0,2.65085,0.307853,0.36288,3.6288,61.308,0.5355,0,0,0.898384,0.210181,0.152703,0.66528,12.849,1,0.378843,0.36288,0,54.3316,4.25166,50.064,0.84672,12.849,0.84672,3695.15,0,36.966,0.322883,0.838676,1.74897,5.11555,1.03728,6.34303,0.42336,36.966,0.42336,423.524,0,1.02816,0,0,1.86684,0.838676,1.028160,1,0,56.5597,0,0,0,56.5597,0
70.5432,2.27775,0,0,1.3104,0.265259,0.36288,3.6288,61.308,0.428379,0,0,0.993445,0.201278,0.363788,0.66528,12.849,1,0.405703,0.36288,0,31.2913,3.92532,27.3232,0.84672,12.849,0.84672,3695.15,0,36.966,0.258293,0.811028,1.92797,5.30787,1.03179,6.75679,0.42336,36.966,0.42336,423.524,0,1.02816,0,0,1.83919,0.811028,1.028160,1,0,34.4437,0,0,0,34.4437,0
71.9095,2.27125,0,0,4.26247,0.262044,0.36288,3.6288,61.308,0.428379,0,0,0.913291,0.201278,0.283634,0.66528,12.849,1,0.413694,0.36288,0,66.947,3.92532,62.9708,0.84672,12.849,0.84672,3695.15,0,36.966,0.258293,1.15374,1.82776,7.2635,1.03179,8.95492,0.42336,36.966,0.42336,423.524,0,1.02816,0,0,2.1819,1.15374,1.028160,1,0,72.2094,0,0,0,72.2094,0
70.933,2.27918,0,0,1.93036,0.264797,0.36288,3.6288,61.1213,0.575516,0,0,0.590045,0.201278,0,0.66528,12.849,1,0.407251,0.36288,0,34.9685,3.92532,30.9988,0.84672,12.849,0.84672,3695.15,0,36.966,0.347011,0.608429,1.82804,4.45535,1.03179,5.51301,0.42336,36.966,0.42336,423.524,0,0.792305,0,0,1.40073,0.608429,1.028160,1,0,36.5118,0,0,0,36.5118,0
70.6828,1.97865,0,0,2.35228,0.260917,0.36288,3.6288,60.9484,0.543354,0,0,0.560415,0.189896,0,0.66528,12.849,1,0.358419,0.36288,0,47.032,3.51336,43.5231,0.84672,12.849,0.84672,3695.15,0,36.966,0.328619,0.608429,1.82832,5.05012,0.933582,6.22467,0.42336,36.966,0.42336,423.524,0,0.612032,0,0,1.22046,0.608429,1.028160,1,0,49.7478,0,0,0,49.7478,0
70.8151,1.79006,0,0,2.59866,0.31346,0.36288,3.6288,60.7676,0.633336,0,0,0.608152,0.155665,0,0.66528,12.849,1,0.325404,0.36288,0,46.2187,3.0807,43.1755,0.84672,12.849,0.84672,3695.15,0,36.966,0.384126,0.608429,1.58451,5.50365,0.880748,6.43172,0.42336,36.966,0.42336,423.524,0,0.689446,0,0,1.29787,0.608429,1.028160,1,0,49.6072,0,0,0,49.6072,0
71.6221,1.79126,0,0,3.27491,0.313779,0.36288,3.6288,60.8127,0.473901,0,0,0.674476,0.155487,0,0.66528,12.849,1,0.325015,0.36288,0,66.949,3.0807,63.9062,0.84672,12.849,0.84672,3695.15,0,36.966,0.288283,0.558835,1.71519,5.27692,0.880748,6.38192,0.42336,36.966,0.42336,423.524,0,0.945199,0,0,1.50403,0.558835,1.028160,1,0,70.2881,0,0,0,70.2881,0
72.29,1.79506,0,0,3.49625,0.303944,0.729333,3.6288,60.9798,0.465915,0,0,0.785903,0.15288,0,0.66528,12.849,1,0.322034,0.729333,0,58.4044,3.19974,55.612,0.84672,12.849,0.84672,3695.15,0,36.966,0.283214,0.558835,1.71571,5.72638,0.903866,6.81385,0.42336,36.966,0.42336,423.524,0,0.958729,0,0,1.51756,0.558835,1.028160,1,0,62.4258,0,0,0,62.4258,0
72.29,1.79828,0,0,3.90198,0.285338,1.81836,3.6288,61.2041,0.423467,0,0,0.796703,0.148897,0,0.66528,12.849,1,0.319631,1.81836,0,71.1755,3.28797,69.3863,0.84672,12.849,0.84672,3695.15,0,36.966,0.256706,0.675717,1.71623,6.31426,0.932309,7.5172,0.42336,36.966,0.42336,423.524,0,1.02816,0,0,1.70388,0.675717,1.028160,1,0,76.9035,0,0,0,76.9035,0
72.29,1.87409,0,0,4.24115,0.346346,2.02072,3.6288,61.308,0.459615,0,0,1.09213,0.190098,0.33852,0.66528,12.849,1,0.333105,2.02072,0,83.5263,3.30298,81.911,0.84672,12.849,0.84672,3695.15,0,36.966,0.277598,2.28609,1.71675,7.96003,0.989891,10.6954,0.42336,36.966,0.42336,423.524,0,1.02816,0,0,3.31425,2.28609,1.028160,1,0,92.9449,0,0,0,92.9449,0
72.29,1.91819,0,0,3.47152,0.346346,1.20698,3.6288,61.308,0.428343,0,0,0.864449,0.190223,0.245883,0.66528,12.849,1,0.340944,1.20698,0,76.5297,3.30298,74.0927,0.84672,12.849,0.84672,3695.15,0,36.966,0.258272,1.68613,1.77755,6.78609,0.989891,9.00161,0.42336,36.966,0.42336,423.524,0,1.02816,0,0,2.71429,1.68613,1.028160,1,0,83.3402,0,0,0,83.3402,0
72.29,1.91933,0,0,2.72183,0.327516,0.474987,3.6288,61.308,0.428343,0,0,0.717129,0.196464,0.0923221,0.66528,12.849,1,0.341147,0.474987,0,68.3522,3.35857,65.1275,0.84672,12.849,0.84672,3695.15,0,36.966,0.258272,1.2468,1.7482,5.12363,0.993772,6.86658,0.42336,36.966,0.42336,423.524,0,1.02816,0,0,2.27496,1.2468,1.028160,1,0,72.0864,0,0,0,72.0864,0
72.0425,1.92047,0,0,2.31625,0.28044,0.36288,3.6288,61.2637,0.428343,0,0,0.596122,0.212065,0,0.66528,12.849,1,0.341349,0.36288,0,45.2699,3.49755,41.7939,0.84672,12.849,0.84672,3695.15,0,36.966,0.258272,0.954651,1.74845,4.11648,1.00348,5.55784,0.42336,36.966,0.42336,423.524,0,1.02816,0,0,1.98281,0.954651,1.028160,1,0,47.3517,0,0,0,47.3517,0
71.7387,1.89122,0,0,2.23524,0.284876,0.36288,3.6288,61.2557,0.414506,0,0,0.589775,0.183248,0,0.66528,12.849,1,0.337306,0.36288,0,43.2695,3.65078,39.6443,0.84672,12.849,0.84672,3695.15,0,36.966,0.25011,0.589067,1.7487,3.87464,1.03509,4.92721,0.42336,36.966,0.42336,423.524,0,1.02816,0,0,1.61723,0.589067,1.028160,1,0,44.5715,0,0,0,44.5715,0
71.4801,1.87248,0,0,2.17899,0.202282,0.36288,3.6288,61.1601,0.445681,0,0,0.560985,0.210962,0,0.66528,12.849,1,0.335377,0.36288,0,40.9842,4.05803,36.9537,0.84672,12.849,0.84672,3695.15,0,36.966,0.268955,0.528595,1.72546,3.8571,1.06839,4.77382,0.42336,36.966,0.42336,423.524,0,1.00013,0,0,1.52873,0.528595,1.028160,1,0,41.7275,0,0,0,41.7275,0
71.1809,1.87258,0,0,2.1242,0.187925,0.36288,3.6288,61.1275,0.427949,0,0,0.612754,0.217367,0,0.66528,12.849,1,0.336608,0.36288,0,39.714,4.11569,35.6246,0.84672,12.849,0.84672,3695.15,0,36.966,0.258658,0.638574,1.73858,4.37168,1.07184,5.41834,0.42336,36.966,0.42336,423.524,0,1.02816,0,0,1.66673,0.638574,1.028160,1,0,41.0429,0,0,0,41.0429,0
70.7441,1.8725,0,0,1.98612,0.187496,0.36288,3.6288,61.085,0.427863,0,0,0.602639,0.217323,0,0.66528,12.849,1,0.338009,0.36288,0,36.2147,4.11569,32.1239,0.84672,12.849,0.84672,3695.15,0,36.966,0.258744,0.458819,1.73883,3.92392,1.07184,4.79099,0.42336,36.966,0.42336,423.524,0,1.02816,0,0,1.48698,0.458819,1.028160,1,0,36.9149,0,0,0,36.9149,0
70.1944,1.97149,0,0,1.96767,0.183007,0.36288,3.6288,60.9287,0.492814,0,0,0.538335,0.201808,0,0.66528,12.849,1,0.358074,0.36288,0,36.5612,3.77957,32.7864,0.84672,12.849,0.84672,3695.15,0,36.966,0.29823,0.402797,1.73908,3.66417,1.05754,4.45027,0.42336,36.966,0.42336,423.524,0,1.00184,0,0,1.40464,0.402797,1.028160,1,0,37.2367,0,0,0,37.2367,0
69.2985,2.0363,0,0,1.65122,0.148013,0.36288,3.6288,60.8112,0.46576,0,0,0.541862,0.193619,0,0.66528,12.849,1,0.372743,0.36288,0,30.3839,3.85004,26.524,0.84672,12.849,0.84672,3695.15,0,36.966,0.282581,0.402797,1.82174,3.3119,0.954569,4.29929,0.42336,36.966,0.42336,423.524,0,0.966453,0,0,1.36925,0.402797,1.028160,1,0,30.8233,0,0,0,30.8233,0
68.3864,2.03341,0,0,1.6312,0.146991,0.36288,3.6288,60.775,0.427043,0,0,0.584319,0.193475,0,0.66528,12.849,1,0.377026,0.36288,0,29.4783,3.85004,25.6141,0.84672,12.849,0.84672,3695.15,0,36.966,0.259592,0.316017,1.77631,3.58852,0.954569,4.46668,0.42336,36.966,0.42336,423.524,0,1.02816,0,0,1.34418,0.316017,1.028160,1,0,30.0808,0,0,0,30.0808,0
67.3755,2.03035,0,0,1.5283,0.14595,0.36288,3.6288,60.6852,0.444659,0,0,0.548296,0.193431,0,0.66528,12.849,1,0.381479,0.36288,0,27.5043,3.85004,23.6357,0.84672,12.849,0.84672,3695.15,0,36.966,0.270461,0.30119,1.77657,3.20871,0.954569,4.06143,0.42336,36.966,0.42336,423.524,0,0.999674,0,0,1.30086,0.30119,1.028160,1,0,27.6971,0,0,0,27.6971,0
66.2941,2.02671,0,0,1.43383,0.125665,0.36288,3.6288,60.5011,0.493572,0,0,0.51956,0.210092,0,0.66528,12.849,1,0.386509,0.36288,0,25.6445,4.23953,21.3813,0.84672,12.849,0.84672,3695.15,0,36.966,0.300656,0.30119,1.77683,3.14833,1.00986,3.91583,0.42336,36.966,0.42336,423.524,0,0.920566,0,0,1.22176,0.30119,1.028160,1,0,25.2971,0,0,0,25.2971,0
65.6171,2.00307,0,0,1.79475,0.105759,0.36288,3.6288,60.4399,0.452914,0,0,0.668347,0.276595,0,0.66528,12.849,1,0.388231,0.36288,0,32.2141,5.46115,26.7276,0.84672,12.849,0.84672,3695.15,0,36.966,0.276729,0.509492,1.77709,3.67381,1.22983,4.45383,0.42336,36.966,0.42336,423.524,0,1.02816,0,0,1.53765,0.509492,1.028160,1,0,31.1814,0,0,0,31.1814,0
64.8101,2.03684,0,0,1.69794,0.10519,0.36288,3.6288,60.3716,0.426063,0,0,0.634253,0.276488,0,0.66528,12.849,1,0.39885,0.36288,0,32.3183,5.46115,26.8211,0.84672,12.849,0.84672,3695.15,0,36.966,0.260587,0.392481,1.80621,3.91033,1.22983,4.61861,0.42336,36.966,0.42336,423.524,0,1.02816,0,0,1.42064,0.392481,1.028160,1,0,31.4397,0,0,0,31.4397,0
63.8553,2.03386,0,0,1.54641,0.104512,0.36288,3.6288,60.294,0.42588,0,0,0.624617,0.276368,0,0.66528,12.849,1,0.403226,0.36288,0,31.5668,5.46115,26.0653,0.84672,12.849,0.84672,3695.15,0,36.966,0.26077,0.414063,1.78131,3.77192,1.22983,4.4767,0.42336,36.966,0.42336,423.524,0,1.02816,0,0,1.44222,0.414063,1.028160,1,0,30.542,0,0,0,30.542,0
62.7524,2.03001,0,0,1.39372,0.103709,0.36288,3.6288,60.1546,0.444799,0,0,0.581662,0.276231,0,0.66528,12.849,1,0.40848,0.36288,0,29.2576,5.46115,23.7509,0.84672,12.849,0.84672,3695.15,0,36.966,0.272704,0.261274,1.78157,3.59135,1.22983,4.13166,0.42336,36.966,0.42336,423.524,0,0.997307,0,0,1.25858,0.261274,1.028160,1,0,27.8825,0,0,0,27.8825,0
61.6501,2.07527,0,0,1.42336,0.0874754,0.36288,3.6288,60.0122,0.44907,0,0,0.622119,0.315435,0,0.66528,12.849,1,0.424926,0.36288,0,31.0981,5.9668,25.0693,0.84672,12.849,0.84672,3695.15,0,36.966,0.275961,0.263278,1.78184,3.61545,1.42337,3.96124,0.42336,36.966,0.42336,423.524,0,1.02816,0,0,1.29144,0.263278,1.028160,1,0,29.0305,0,0,0,29.0305,0
60.5549,2.10192,0,0,1.45257,0.0829688,0.36288,3.6288,59.9106,0.424922,0,0,0.648924,0.32567,0,0.66528,12.849,1,0.438078,0.36288,0,28.9109,6.09903,22.7367,0.84672,12.849,0.84672,3695.15,0,36.966,0.261741,0.470258,1.82305,3.55886,1.47836,4.11207,0.42336,36.966,0.42336,423.524,0,1.02816,0,0,1.49842,0.470258,1.028160,1,0,26.8488,0,0,0,26.8488,0
59.3344,2.09657,0,0,1.3211,0.0822188,0.36288,3.6288,59.7648,0.424647,0,0,0.604346,0.325459,0,0.66528,12.849,1,0.444866,0.36288,0,26.9514,6.09903,20.7704,0.84672,12.849,0.84672,3695.15,0,36.966,0.262016,0.236701,1.80087,3.17164,1.47836,3.46884,0.42336,36.966,0.42336,423.524,0,1.02816,0,0,1.26486,0.236701,1.028160,1,0,24.2393,0,0,0,24.2393,0
58.2454,2.09023,0,0,1.43868,0.0745633,0.36288,3.6288,59.7305,0.424253,0,0,0.713336,0.323373,0,0.66528,12.849,1,0.452644,0.36288,0,27.079,6.20717,20.782,0.84672,12.849,0.84672,3695.15,0,36.966,0.262411,0.565825,1.80114,4.48444,1.50426,5.08472,0.42336,36.966,0.42336,423.524,0,1.02816,0,0,1.59398,0.565825,1.028160,1,0,25.8668,0,0,0,25.8668,0
57.1754,2.22935,0,0,1.58463,0.0624158,0.36288,3.6288,59.6607,0.509851,0,0,0.742323,0.302304,0,0.66528,12.849,1,0.491797,0.36288,0,26.6283,6.29962,20.1998,0.84672,12.849,0.84672,3695.15,0,36.966,0.315536,0.661262,1.80141,4.10367,1.56555,4.68526,0.42336,36.966,0.42336,423.524,0,1.02816,0,0,1.68942,0.661262,1.028160,1,0,24.885,0,0,0,24.885,0
55.9331,2.30716,0,0,1.4776,0.049802,0.36288,3.6288,59.4334,0.499617,0,0,0.620328,0.348022,0,0.66528,12.849,1,0.518488,0.36288,0,32.2901,6.10207,26.0324,0.84672,12.849,0.84672,3695.15,0,36.966,0.309565,0.227405,1.94199,3.10608,1.62801,3.3379,0.42336,36.966,0.42336,423.524,0,0.941406,0,0,1.16881,0.227405,1.028160,1,0,29.3703,0,0,0,29.3703,0
54.7316,2.29857,0,0,1.50908,0.0491939,0.36288,3.6288,59.3517,0.445764,0,0,0.711583,0.347517,0,0.66528,12.849,1,0.52803,0.36288,0,27.9711,6.10207,21.7038,0.84672,12.849,0.84672,3695.15,0,36.966,0.277254,0.206902,1.88203,3.22561,1.62801,3.40928,0.42336,36.966,0.42336,423.524,0,1.02816,0,0,1.23506,0.206902,1.028160,1,0,25.1131,0,0,0,25.1131,0
53.5517,2.28996,0,0,1.52264,0.0496977,0.36288,3.6288,59.2822,0.445893,0,0,0.716967,0.340526,0,0.66528,12.849,1,0.537599,0.36288,0,28.3812,5.91723,22.2892,0.84672,12.849,0.84672,3695.15,0,36.966,0.277716,0.508645,1.88267,4.12575,1.55605,4.68329,0.42336,36.966,0.42336,423.524,0,1.02816,0,0,1.53681,0.508645,1.028160,1,0,26.9725,0,0,0,26.9725,0
52.3027,2.28117,0,0,1.45063,0.0555805,0.36288,3.6288,59.1649,0.446057,0,0,0.628235,0.299536,0,0.66528,12.849,1,0.547336,0.36288,0,18.4213,4.80816,13.4286,0.84672,12.849,0.84672,3695.15,0,36.966,0.278143,0.206919,1.8833,4.47639,1.12433,5.16414,0.42336,36.966,0.42336,423.524,0,1.02816,0,0,1.23508,0.206919,1.028160,1,0,18.5928,0,0,0,18.5928,0
51.2551,2.20214,0,0,1.5526,0.0351113,0.36288,3.6288,59.0775,0.394171,0,0,0.653358,0.346585,0,0.66528,12.849,1,0.540992,0.36288,0,23.7367,5.44244,18.1161,0.84672,12.849,0.84672,3695.15,0,36.966,0.246277,0.232649,1.88394,4.68258,1.54822,5.00466,0.42336,36.966,0.42336,423.524,0,1.02816,0,0,1.26081,0.232649,1.028160,1,0,23.1208,0,0,0,23.1208,0
50.4048,2.15752,0,0,1.7415,0.0714841,0.36288,3.6288,58.9267,0.465105,0,0,0.635716,0.321382,0,0.66528,12.849,1,0.540863,0.36288,0,21.0044,5.28127,15.5452,0.84672,12.849,0.84672,3695.15,0,36.966,0.291026,0.216518,1.80323,3.78363,1.52721,3.98514,0.42336,36.966,0.42336,423.524,0,0.958712,0,0,1.17523,0.216518,1.028160,1,0,19.5303,0,0,0,19.5303,0
50.1436,2.15144,0,0,2.33223,0.0790543,0.36288,3.6288,58.9723,0.421971,0,0,0.781816,0.314274,0,0.66528,12.849,1,0.548436,0.36288,0,27.8713,5.22606,22.4596,0.84672,12.849,0.84672,3695.15,0,36.966,0.264712,0.527679,1.83056,4.6505,1.50824,5.23579,0.42336,36.966,0.42336,423.524,0,1.02816,0,0,1.55584,0.527679,1.028160,1,0,27.6954,0,0,0,27.6954,0
50.4891,2.15035,0,0,2.93759,0.078837,0.36288,3.6288,59.4079,0.422097,0,0,1.17215,0.314366,0,0.66528,12.849,1,0.551013,0.36288,0,56.7275,5.22606,51.3133,0.84672,12.849,0.84672,3695.15,0,36.966,0.264586,1.30619,1.83084,6.42364,1.50824,7.78784,0.42336,36.966,0.42336,423.524,0,1.02816,0,0,2.33435,1.30619,1.028160,1,0,59.1011,0,0,0,59.1011,0
49.8422,2.09798,0,0,1.91449,0.100521,0.36288,3.6288,59.4348,0.375904,0,0,0.670569,0.267816,0,0.66528,12.849,1,0.533915,0.36288,0,34.6025,4.78645,29.645,0.84672,12.849,0.84672,3695.15,0,36.966,0.233903,0.297778,1.83112,3.53011,1.27388,4.15122,0.42336,36.966,0.42336,423.524,0,1.02816,0,0,1.32594,0.297778,1.028160,1,0,33.7962,0,0,0,33.7962,0
48.8951,2.03251,0,0,1.58929,0.141079,0.36288,3.6288,59.1172,0.583147,0,0,0.477163,0.211632,0,0.66528,12.849,1,0.523968,0.36288,0,27.832,4.28907,23.3819,0.84672,12.849,0.84672,3695.15,0,36.966,0.362693,0.216518,1.75871,3.95639,1.02218,4.54674,0.42336,36.966,0.42336,423.524,0,0.768977,0,0,0.985496,0.216518,1.028160,1,0,27.9286,0,0,0,27.9286,0
47.9925,2.02561,0,0,1.68789,0.201949,0.36288,3.6288,58.4122,0.84108,0,0,0.339299,0.203144,0,0.66528,12.849,1,0.532305,0.36288,0,30.2051,4.36695,25.6687,0.84672,12.849,0.84672,3695.15,0,36.966,0.42336,0.292723,1.80395,3.45207,1.12139,4.00399,0.42336,36.966,0.42336,423.524,0,0.450377,0,0,0.7431,0.292723,1.028160,1,0,29.6727,0,0,0,29.6727,0
47.381,2.01885,0,0,1.97016,0.19998,0.36288,3.6288,58.4549,0.420528,0,0,0.665364,0.202226,0,0.66528,12.849,1,0.540506,0.36288,0,35.1585,4.36695,30.6139,0.84672,12.849,0.84672,3695.15,0,36.966,0.26613,0.69044,1.80422,5.4809,1.12139,6.58803,0.42336,36.966,0.42336,423.524,0,1.02816,0,0,1.7186,0.69044,1.028160,1,0,37.202,0,0,0,37.202,0
49.8576,1.85575,0,0,4.89705,0.201823,0.36288,3.6288,59.4063,0.322431,0,0,1.47029,0.196451,0,0.66528,12.849,1,0.503251,0.36288,0,95.4724,4.31422,91.0178,0.84672,12.849,0.84672,3695.15,0,36.966,0.203901,2.14525,1.80449,9.52415,1.09822,12.1718,0.42336,36.966,0.42336,423.524,0,1.02816,0,0,3.17341,2.14525,1.028160,1,0,103.19,0,0,0,103.19,0
49.5269,1.74924,0,0,2.00832,0.226892,0.36288,3.6288,59.6797,0.42324,0,0,0.859109,0.162463,0,0.66528,12.849,1,0.450805,0.36288,0,33.9673,3.99787,29.8815,0.84672,12.849,0.84672,3695.15,0,36.966,0.263364,0.672002,1.64308,4.86395,0.959188,5.95647,0.42336,36.966,0.42336,423.524,0,1.02816,0,0,1.70016,0.672002,1.028160,1,0,35.838,0,0,0,35.838,0
51.1787,1.7479,0,0,3.98928,0.226637,0.36288,3.6288,60.5161,0.423985,0,0,1.43107,0.170699,0,0.66528,12.849,1,0.453466,0.36288,0,68.9939,4.11831,64.785,0.84672,12.849,0.84672,3695.15,0,36.966,0.262619,1.72872,1.73712,7.46871,1.00669,9.66523,0.42336,36.966,0.42336,423.524,0,1.02816,0,0,2.75688,1.72872,1.028160,1,0,74.4502,0,0,0,74.4502,0
52.3218,1.76065,0,0,3.49698,0.230324,0.36288,3.6288,60.9712,0.426238,0,0,1.11046,0.229039,0,0.66528,12.849,1,0.442032,0.36288,0,59.9953,4.83498,55.0812,0.84672,12.849,0.84672,3695.15,0,36.966,0.260366,0.789575,1.73736,7.32965,1.26947,8.32675,0.42336,36.966,0.42336,423.524,0,1.02816,0,0,1.81774,0.789575,1.028160,1,0,63.4079,0,0,0,63.4079,0
55.1087,1.76947,0,0,5.12743,0.208253,0.36288,3.6288,61.308,0.427448,0,0,2.13071,0.193474,1.17303,0.66528,12.849,1,0.434539,0.36288,0,86.1097,3.72655,82.3115,0.84672,12.849,0.84672,3695.15,0,36.966,0.259156,2.54895,1.73761,11.1815,0.899414,14.3094,0.42336,36.966,0.42336,423.524,0,1.02816,0,0,3.57711,2.54895,1.028160,1,0,97.794,0,0,0,97.794,0
56.2983,1.85139,0,0,3.638,0.234086,0.36288,3.6288,61.308,0.457341,0,0,1.23719,0.239761,0.540086,0.66528,12.849,1,0.431666,0.36288,0,66.2215,4.60885,61.5439,0.84672,12.849,0.84672,3695.15,0,36.966,0.275756,1.58773,1.73786,9.49147,1.18359,11.3577,0.42336,36.966,0.42336,423.524,0,1.02816,0,0,2.61589,1.58773,1.028160,1,0,73.4417,0,0,0,73.4417,0
58.1021,1.89774,0,0,4.30928,0.244912,0.36288,3.6288,61.308,0.428336,0,0,1.35761,0.25811,0.671166,0.66528,12.849,1,0.433123,0.36288,0,134.323,4.96177,129.291,0.84672,12.849,0.84672,3695.15,0,36.966,0.258268,1.85289,1.78859,10.7326,1.29727,12.8186,0.42336,36.966,0.42336,423.524,0,1.02816,0,0,2.88105,1.85289,1.028160,1,0,142.781,0,0,0,142.781,0
61.5982,1.90983,0,0,6.0181,0.249292,0.36288,3.6288,61.308,0.428336,0,0,1.98064,0.25811,1.2942,0.66528,12.849,1,0.422351,0.36288,0,91.1615,4.96177,86.1403,0.84672,12.849,0.84672,3695.15,0,36.966,0.258268,2.5691,1.76163,12.8392,1.29727,15.6144,0.42336,36.966,0.42336,423.524,0,1.02816,0,0,3.59726,2.5691,1.028160,1,0,103.049,0,0,0,103.049,0
69.103,1.93076,0,0,10.0558,0.257391,0.36288,3.6288,61.308,0.428336,0,0,3.45,0.25811,2.76356,0.66528,12.849,1,0.402744,0.36288,0,269.522,4.96177,264.521,0.84672,12.849,0.84672,3695.15,0,36.966,0.258268,4.62491,1.76188,19.3414,1.29727,24.1727,0.42336,36.966,0.42336,423.524,0,1.02816,0,0,5.65307,4.62491,1.028160,1,0,291.457,0,0,0,291.457,0
72.29,2.17954,0,0,9.52119,0.262527,3.8921,3.6288,61.308,0.537384,0,0,2.18856,0.263668,1.38751,0.66528,12.849,1,0.405263,3.8921,0,258.853,4.52936,257.81,0.84672,12.849,0.84672,3695.15,0,36.966,0.324019,3.3059,1.76212,14.5585,1.2175,18.085,0.42336,36.966,0.42336,423.524,0,1.02816,0,0,4.33406,3.3059,1.028160,1,0,277.283,0,0,0,277.283,0
72.29,2.34432,0,0,6.13761,0.215714,3.57758,3.6288,61.308,0.428372,0,0,1.59076,0.243475,0.918916,0.66528,12.849,1,0.416684,3.57758,0,174.279,4.27879,173.161,0.84672,12.849,0.84672,3695.15,0,36.966,0.258289,3.43513,1.94427,11.7789,1.13614,15.7639,0.42336,36.966,0.42336,423.524,0,1.02816,0,0,4.46329,3.43513,1.028160,1,0,189.844,0,0,0,189.844,0
72.29,2.34555,0,0,7.20593,0.249636,4.61074,3.6288,61.308,0.428372,0,0,2.14147,0.258377,1.45472,0.66528,12.849,1,0.416904,4.61074,0,149.453,4.35121,149.296,0.84672,12.849,0.84672,3695.15,0,36.966,0.258289,3.90468,1.84228,14.4285,1.16619,18.751,0.42336,36.966,0.42336,423.524,0,1.02816,0,0,4.93284,3.90468,1.028160,1,0,169.501,0,0,0,169.501,0
72.29,2.34679,0,0,9.01817,0.27059,6.40079,3.6288,61.308,0.428372,0,0,3.70206,0.284596,2.98909,0.66528,12.849,1,0.417124,6.40079,0,246.878,4.54251,248.319,0.84672,12.849,0.84672,3695.15,0,36.966,0.258289,5.31185,1.84256,23.8109,1.23295,29.4741,0.42336,36.966,0.42336,423.524,0,1.02816,0,0,6.34001,5.31185,1.028160,1,0,280.782,0,0,0,280.782,0
72.29,2.04489,0,0,8.3672,0.280941,6.04137,3.6288,61.308,0.281838,0,0,3.02962,0.257037,2.49074,0.66528,12.849,1,0.363463,6.04137,0,291.763,4.15389,293.287,0.84672,12.849,0.84672,3695.15,0,36.966,0.169936,5.05761,1.84283,20.523,1.09283,26.1607,0.42336,36.966,0.42336,423.524,0,1.02816,0,0,6.08577,5.05761,1.028160,1,0,321.939,0,0,0,321.939,0
72.29,1.84659,0,0,4.8329,0.30682,2.6795,3.6288,61.308,0.428324,0,0,1.98758,0.18814,1.37112,0.66528,12.849,1,0.328217,2.6795,0,114.832,3.18234,114.001,0.84672,12.849,0.84672,3695.15,0,36.966,0.258261,2.8326,1.59472,13.5394,0.742533,16.9659,0.42336,36.966,0.42336,423.524,0,1.02816,0,0,3.86076,2.8326,1.028160,1,0,132.338,0,0,0,132.338,0
72.29,1.84766,0,0,3.52984,0.30682,1.37535,3.6288,61.308,0.428324,0,0,1.4994,0.18814,0.882939,0.66528,12.849,1,0.328408,1.37535,0,107.032,3.18234,104.897,0.84672,12.849,0.84672,3695.15,0,36.966,0.258261,1.94079,1.73237,10.9327,0.742533,13.6051,0.42336,36.966,0.42336,423.524,0,1.02816,0,0,2.96895,1.94079,1.028160,1,0,119.385,0,0,0,119.385,0
72.29,1.84874,0,0,4.59073,0.284164,2.45782,3.6288,61.308,0.428324,0,0,1.64546,0.176107,1.04103,0.66528,12.849,1,0.328599,2.45782,0,124.697,3.00795,123.818,0.84672,12.849,0.84672,3695.15,0,36.966,0.258261,2.33649,1.73261,11.7996,0.717483,14.893,0.42336,36.966,0.42336,423.524,0,1.02816,0,0,3.36465,2.33649,1.028160,1,0,139.752,0,0,0,139.752,0
72.29,1.84981,0,0,3.84642,0.282128,1.71448,3.6288,61.308,0.428325,0,0,1.82734,0.22035,1.17867,0.66528,12.849,1,0.32879,1.71448,0,104.925,4.43556,101.875,0.84672,12.849,0.84672,3695.15,0,36.966,0.258261,2.87674,1.73284,11.5671,0.995111,14.9234,0.42336,36.966,0.42336,423.524,0,1.02816,0,0,3.9049,2.87674,1.028160,1,0,117.977,0,0,0,117.977,0
72.29,1.92732,0,0,5.55037,0.335657,3.2874,3.6288,61.308,0.464231,0,0,4.71468,0.138171,4.11227,0.66528,12.849,1,0.342566,3.2874,0,126.405,3.11703,126.233,0.84672,12.849,0.84672,3695.15,0,36.966,0.27991,4.87169,1.73308,13.1387,0.743026,18.7205,0.42336,36.966,0.42336,423.524,0,1.02816,0,0,5.89985,4.87169,1.028160,1,0,149.066,0,0,0,149.066,0
72.29,1.97729,0,0,4.74165,0.345186,2.41918,3.6288,61.308,0.428336,0,0,3.37203,0.128967,2.81472,0.66528,12.849,1,0.351448,2.41918,0,144.48,2.90378,143.644,0.84672,12.849,0.84672,3695.15,0,36.966,0.258268,4.0142,1.79466,11.5786,0.718569,16.4107,0.42336,36.966,0.42336,423.524,0,1.02816,0,0,5.04236,4.0142,1.028160,1,0,162.869,0,0,0,162.869,0
72.29,1.9784,0,0,4.10052,0.318402,1.80371,3.6288,61.308,0.428336,0,0,2.67268,0.14324,2.1011,0.66528,12.849,1,0.351646,1.80371,0,137.219,3.07828,135.593,0.84672,12.849,0.84672,3695.15,0,36.966,0.258268,3.27174,1.76123,11.2679,0.75292,15.2897,0.42336,36.966,0.42336,423.524,0,1.02816,0,0,4.2999,3.27174,1.028160,1,0,152.983,0,0,0,152.983,0
72.29,1.97952,0,0,3.79877,0.28269,1.53657,3.6288,61.308,0.428337,0,0,3.01233,0.16227,2.42172,0.66528,12.849,1,0.351845,1.53657,0,99.6736,3.31097,97.5474,0.84672,12.849,0.84672,3695.15,0,36.966,0.258268,3.75742,1.76148,10.7893,0.798721,15.2512,0.42336,36.966,0.42336,423.524,0,1.02816,0,0,4.78558,3.75742,1.028160,1,0,115.22,0,0,0,115.22,0
72.29,1.95071,0,0,3.05723,0.278678,0.827837,3.6288,61.308,0.414373,0,0,1.7613,0.168043,1.17888,0.66528,12.849,1,0.346725,0.827837,0,76.5323,3.51005,73.5033,0.84672,12.849,0.84672,3695.15,0,36.966,0.249848,2.44689,1.76172,7.26339,0.830285,10.3919,0.42336,36.966,0.42336,423.524,0,1.02816,0,0,3.47505,2.44689,1.028160,1,0,85.0741,0,0,0,85.0741,0
72.29,1.93282,0,0,3.10872,0.275669,0.900238,3.6288,61.308,0.428332,0,0,1.52956,0.172372,0.928853,0.66528,12.849,1,0.343544,0.900238,0,69.5494,3.65935,66.4467,0.84672,12.849,0.84672,3695.15,0,36.966,0.258265,2.24247,1.73807,7.49788,0.853958,10.3662,0.42336,36.966,0.42336,423.524,0,1.02816,0,0,3.27063,2.24247,1.028160,1,0,77.7418,0,0,0,77.7418,0
72.29,1.93392,0,0,2.9794,0.272809,0.772672,3.6288,61.308,0.428332,0,0,1.50577,0.171339,0.9061,0.66528,12.849,1,0.343739,0.772672,0,76.9193,3.60923,73.739,0.84672,12.849,0.84672,3695.15,0,36.966,0.258265,2.3078,1.75141,8.72787,0.848586,11.6802,0.42336,36.966,0.42336,423.524,0,1.02816,0,0,3.33596,2.3078,1.028160,1,0,86.3254,0,0,0,86.3254,0
72.29,1.93502,0,0,2.81609,0.242484,0.638582,3.6288,61.308,0.428332,0,0,1.44888,0.174281,0.846272,0.66528,12.849,1,0.343935,0.638582,0,66.9133,3.44997,63.758,0.84672,12.849,0.84672,3695.15,0,36.966,0.258265,2.20279,1.75165,7.84158,0.85076,10.687,0.42336,36.966,0.42336,423.524,0,1.02816,0,0,3.23095,2.20279,1.028160,1,0,75.2913,0,0,0,75.2913,0
72.2662,2.03782,0,0,2.54796,0.171034,0.36288,3.6288,61.308,0.477916,0,0,1.40503,0.227887,0.699226,0.66528,12.849,1,0.362207,0.36288,0,64.3157,4.35203,59.9644,0.84672,12.849,0.84672,3695.15,0,36.966,0.288162,1.98628,1.7519,7.03253,1.05166,9.43088,0.42336,36.966,0.42336,423.524,0,1.02816,0,0,3.01444,1.98628,1.028160,1,0,70.0945,0,0,0,70.0945,0
72.1473,2.10634,0,0,2.56586,0.215615,0.36288,3.6288,61.308,0.428349,0,0,1.14401,0.210021,0.505644,0.66528,12.849,1,0.374509,0.36288,0,62.0713,4.36039,57.6993,0.84672,12.849,0.84672,3695.15,0,36.966,0.258275,1.62104,1.83599,6.97421,1.03228,9.14069,0.42336,36.966,0.42336,423.524,0,1.02816,0,0,2.6492,1.62104,1.028160,1,0,67.3456,0,0,0,67.3456,0
71.7736,2.10697,0,0,2.25743,0.161267,0.36288,3.6288,61.308,0.428349,0,0,0.974799,0.208551,0.337899,0.66528,12.849,1,0.375239,0.36288,0,53.6061,4.32757,49.2662,0.84672,12.849,0.84672,3695.15,0,36.966,0.258275,1.62157,1.78975,6.41719,0.980435,8.5898,0.42336,36.966,0.42336,423.524,0,1.02816,0,0,2.64973,1.62157,1.028160,1,0,58.1939,0,0,0,58.1939,0
71.3346,2.10647,0,0,2.19117,0.160809,0.36288,3.6288,61.308,0.428349,0,0,1.0352,0.208551,0.398301,0.66528,12.849,1,0.377103,0.36288,0,51.0947,4.32757,46.7529,0.84672,12.849,0.84672,3695.15,0,36.966,0.258275,1.5912,1.79001,6.82664,0.980435,8.96914,0.42336,36.966,0.42336,423.524,0,1.02816,0,0,2.61936,1.5912,1.028160,1,0,56.1204,0,0,0,56.1204,0
70.7845,2.10566,0,0,2.07876,0.160271,0.36288,3.6288,61.308,0.428349,0,0,1.00597,0.208551,0.369072,0.66528,12.849,1,0.379278,0.36288,0,47.9898,4.32757,43.6459,0.84672,12.849,0.84672,3695.15,0,36.966,0.258275,1.47973,1.79026,6.31162,0.980435,8.34291,0.42336,36.966,0.42336,423.524,0,1.02816,0,0,2.50789,1.47973,1.028160,1,0,52.3578,0,0,0,52.3578,0
69.8524,2.08424,0,0,1.64744,0.13242,0.36288,3.6288,61.308,0.455645,0,0,0.855239,0.218463,0.181131,0.66528,12.849,1,0.378337,0.36288,0,34.8942,4.54951,30.3292,0.84672,12.849,0.84672,3695.15,0,36.966,0.274734,0.733139,1.79052,3.81028,1.04699,5.01221,0.42336,36.966,0.42336,423.524,0,1.02816,0,0,1.7613,0.733139,1.028160,1,0,35.5226,0,0,0,35.5226,0
68.6975,2.11808,0,0,1.45304,0.126975,0.36288,3.6288,61.308,0.428358,0,0,0.812177,0.220115,0.163705,0.66528,12.849,1,0.38961,0.36288,0,32.4862,4.5865,27.873,0.84672,12.849,0.84672,3695.15,0,36.966,0.258281,0.568547,1.82013,3.24837,1.05809,4.32068,0.42336,36.966,0.42336,423.524,0,1.02816,0,0,1.59671,0.568547,1.028160,1,0,32.3574,0,0,0,32.3574,0
67.4139,2.11372,0,0,1.31884,0.125841,0.36288,3.6288,61.308,0.428358,0,0,0.761953,0.220115,0.11348,0.66528,12.849,1,0.395344,0.36288,0,28.9479,4.5865,24.3289,0.84672,12.849,0.84672,3695.15,0,36.966,0.258281,0.38848,1.79479,3.14236,1.05809,4.00927,0.42336,36.966,0.42336,423.524,0,1.02816,0,0,1.41664,0.38848,1.028160,1,0,28.4517,0,0,0,28.4517,0
66.1013,2.10855,0,0,1.25124,0.0924926,0.36288,3.6288,61.2975,0.428358,0,0,0.714727,0.296898,0,0.66528,12.849,1,0.401886,0.36288,0,26.0384,5.57455,20.4248,0.84672,12.849,0.84672,3695.15,0,36.966,0.258281,0.39401,1.79505,2.97804,1.41874,3.49008,0.42336,36.966,0.42336,423.524,0,1.02816,0,0,1.42217,0.39401,1.028160,1,0,23.9149,0,0,0,23.9149,0
64.6452,2.15438,0,0,1.15325,0.0920025,0.36288,3.6288,61.2138,0.452687,0,0,0.669479,0.300446,0,0.66528,12.849,1,0.418776,0.36288,0,29.1394,5.68471,23.3987,0.84672,12.849,0.84672,3695.15,0,36.966,0.272997,0.297415,1.79531,2.85578,1.40839,3.26711,0.42336,36.966,0.42336,423.524,0,1.02816,0,0,1.32557,0.297415,1.028160,1,0,26.6659,0,0,0,26.6659,0
63.1235,2.18024,0,0,1.1129,0.091551,0.36288,3.6288,61.0953,0.428118,0,0,0.614629,0.30504,0,0.66528,12.849,1,0.433349,0.36288,0,23.48,5.8316,17.5779,0.84672,12.849,0.84672,3695.15,0,36.966,0.258533,0.277405,1.83723,2.68231,1.39459,3.14382,0.42336,36.966,0.42336,423.524,0,1.02816,0,0,1.30556,0.277405,1.028160,1,0,20.7217,0,0,0,20.7217,0
61.5264,2.17273,0,0,1.02894,0.0904288,0.36288,3.6288,60.8648,0.495653,0,0,0.569981,0.304811,0,0.66528,12.849,1,0.442267,0.36288,0,22.5151,5.8316,16.6042,0.84672,12.849,0.84672,3695.15,0,36.966,0.299897,0.227405,1.81465,2.33225,1.39459,2.67981,0.42336,36.966,0.42336,423.524,0,0.919261,0,0,1.14667,0.227405,1.028160,1,0,19.284,0,0,0,19.284,0
59.9661,2.1644,0,0,1.05179,0.0847508,0.36288,3.6288,60.7637,0.427196,0,0,0.632994,0.306949,0,0.66528,12.849,1,0.452006,0.36288,0,21.4142,5.90637,15.4187,0.84672,12.849,0.84672,3695.15,0,36.966,0.259456,0.273249,1.81491,2.88481,1.40953,3.30399,0.42336,36.966,0.42336,423.524,0,1.02816,0,0,1.30141,0.273249,1.028160,1,0,18.7226,0,0,0,18.7226,0
58.321,2.30401,0,0,1.09591,0.0741168,0.36288,3.6288,60.62,0.514668,0,0,0.648945,0.27792,0,0.66528,12.849,1,0.493683,0.36288,0,21.4467,6.03176,15.2842,0.84672,12.849,0.84672,3695.15,0,36.966,0.313102,0.357186,1.81518,3.14899,1.4604,3.54785,0.42336,36.966,0.42336,423.524,0,1.02816,0,0,1.38535,0.357186,1.028160,1,0,18.832,0,0,0,18.832,0
56.1887,2.35543,0,0,0.671587,0.0855812,0.36288,3.6288,60.3753,0.467519,0,0,0.502895,0.280052,0,0.66528,12.849,1,0.518937,0.36288,0,18.1479,5.8884,12.1034,0.84672,12.849,0.84672,3695.15,0,36.966,0.285092,0.326583,1.95818,2.64156,1.43934,3.20189,0.42336,36.966,0.42336,423.524,0,1.02816,0,0,1.35474,0.326583,1.028160,1,0,15.3053,0,0,0,15.3053,0
54.004,2.34016,0,0,0.602127,0.0838076,0.36288,3.6288,60.0844,0.467161,0,0,0.455865,0.279617,0,0.66528,12.849,1,0.535138,0.36288,0,16.2008,5.8884,10.1401,0.84672,12.849,0.84672,3695.15,0,36.966,0.286028,0.238628,1.91448,2.57593,1.43934,3.00367,0.42336,36.966,0.42336,423.524,0,1.02816,0,0,1.26679,0.238628,1.028160,1,0,13.1438,0,0,0,13.1438,0
51.9564,2.32343,0,0,0.72068,0.0819903,0.36288,3.6288,59.8284,0.466661,0,0,0.489721,0.279099,0,0.66528,12.849,1,0.552806,0.36288,0,16.7668,5.8884,10.6885,0.84672,12.849,0.84672,3695.15,0,36.966,0.287106,0.347596,1.9151,2.82549,1.43934,3.36174,0.42336,36.966,0.42336,423.524,0,1.02816,0,0,1.37576,0.347596,1.028160,1,0,14.0502,0,0,0,14.0502,0
50.4175,2.30671,0,0,1.23229,0.101583,0.36288,3.6288,59.7178,0.466259,0,0,0.629003,0.273331,0,0.66528,12.849,1,0.570458,0.36288,0,27.8643,5.73997,21.9168,0.84672,12.849,0.84672,3695.15,0,36.966,0.288086,0.574335,1.91572,3.12758,1.42114,3.90842,0.42336,36.966,0.42336,423.524,0,1.02816,0,0,1.6025,0.574335,1.028160,1,0,25.8252,0,0,0,25.8252,0
49.2408,2.2236,0,0,1.46902,0.0592858,0.36288,3.6288,59.5859,0.413297,0,0,0.614379,0.332972,0,0.66528,12.849,1,0.566689,0.36288,0,26.5385,6.22506,20.1096,0.84672,12.849,0.84672,3695.15,0,36.966,0.255835,0.659552,1.91635,3.12682,1.57196,3.87493,0.42336,36.966,0.42336,423.524,0,1.02816,0,0,1.68771,0.659552,1.028160,1,0,23.9845,0,0,0,23.9845,0
47.8155,2.2001,0,0,1.25728,0.119584,0.36288,3.6288,59.4115,0.423771,0,0,0.545192,0.295803,0,0.66528,12.849,1,0.5741,0.36288,0,23.8008,4.74576,18.8438,0.84672,12.849,0.84672,3695.15,0,36.966,0.2629,0.599668,1.83423,2.80155,1.23176,3.74079,0.42336,36.966,0.42336,423.524,0,1.02816,0,0,1.62783,0.599668,1.028160,1,0,22.5846,0,0,0,22.5846,0
46.5314,2.18776,0,0,1.43109,0.164493,0.36288,3.6288,59.4998,0.423295,0,0,0.788374,0.276765,0,0.66528,12.849,1,0.587897,0.36288,0,23.4446,4.22362,18.9959,0.84672,12.849,0.84672,3695.15,0,36.966,0.263376,1.18012,1.84476,3.90931,1.13503,5.53578,0.42336,36.966,0.42336,423.524,0,1.02816,0,0,2.20828,1.18012,1.028160,1,0,24.5317,0,0,0,24.5317,0
45.1924,2.17619,0,0,1.36226,0.162183,0.36288,3.6288,59.5665,0.423537,0,0,0.767102,0.276921,0,0.66528,12.849,1,0.600925,0.36288,0,29.8436,4.22362,25.3819,0.84672,12.849,0.84672,3695.15,0,36.966,0.263134,1.04262,1.84504,3.87036,1.13503,5.35985,0.42336,36.966,0.42336,423.524,0,1.02816,0,0,2.07078,1.04262,1.028160,1,0,30.7418,0,0,0,30.7418,0
45.129,2.10727,0,0,2.57761,0.170898,0.36288,3.6288,59.886,0.375468,0,0,0.968596,0.273633,0,0.66528,12.849,1,0.599133,0.36288,0,49.3154,4.23946,44.8397,0.84672,12.849,0.84672,3695.15,0,36.966,0.233009,1.69271,1.84531,4.47432,1.12313,6.6562,0.42336,36.966,0.42336,423.524,0,1.02816,0,0,2.72087,1.69271,1.028160,1,0,51.4959,0,0,0,51.4959,0
44.3768,2.04686,0,0,1.85611,0.198565,0.36288,3.6288,59.8947,0.42457,0,0,0.698968,0.265657,0,0.66528,12.849,1,0.582777,0.36288,0,34.3653,4.27907,29.8664,0.84672,12.849,0.84672,3695.15,0,36.966,0.262076,1.36718,1.77165,3.02719,1.09335,4.81058,0.42336,36.966,0.42336,423.524,0,1.02816,0,0,2.39534,1.36718,1.028160,1,0,34.677,0,0,0,34.677,0
43.0742,2.0403,0,0,1.29743,0.196883,0.36288,3.6288,59.6838,0.424594,0,0,0.479345,0.265672,0,0.66528,12.849,1,0.590754,0.36288,0,19.5909,4.27907,15.0839,0.84672,12.849,0.84672,3695.15,0,36.966,0.262052,0.637891,1.81765,2.85034,1.09335,3.95047,0.42336,36.966,0.42336,423.524,0,1.02816,0,0,1.66605,0.637891,1.028160,1,0,19.0344,0,0,0,19.0344,0
42.358,2.02762,0,0,1.8683,0.193969,0.36288,3.6288,59.7722,0.424022,0,0,0.777712,0.265315,0,0.66528,12.849,1,0.604838,0.36288,0,35.2753,4.27907,30.7543,0.84672,12.849,0.84672,3695.15,0,36.966,0.262624,1.62459,1.81792,4.49746,1.09335,6.58398,0.42336,36.966,0.42336,423.524,0,1.02816,0,0,2.65275,1.62459,1.028160,1,0,37.3383,0,0,0,37.3383,0
43.6701,1.86338,0,0,3.77367,0.235343,0.36288,3.6288,60.5178,0.323508,0,0,1.31777,0.248672,0,0.66528,12.849,1,0.565244,0.36288,0,45.8762,3.77863,41.8952,0.84672,12.849,0.84672,3695.15,0,36.966,0.200073,2.08809,1.81818,7.29198,1.02067,9.9775,0.42336,36.966,0.42336,423.524,0,1.02816,0,0,3.11625,2.08809,1.028160,1,0,51.8727,0,0,0,51.8727,0
44.6766,1.75155,0,0,3.31627,0.195262,0.36288,3.6288,60.4571,0.426236,0,0,0.64091,0.275324,0,0.66528,12.849,1,0.515356,0.36288,0,55.5173,4.13196,51.2328,0.84672,12.849,0.84672,3695.15,0,36.966,0.260357,1.31153,1.654,7.45226,0.964568,9.19287,0.42336,36.966,0.42336,423.524,0,1.02816,0,0,2.33969,1.31153,1.028160,1,0,60.4257,0,0,0,60.4257,0
45.849,1.76157,0,0,3.49434,0.197513,0.36288,3.6288,61.308,0.426074,0,0,2.23817,0.275218,0.68599,0.66528,12.849,1,0.506627,0.36288,0,76.1792,4.13196,71.9035,0.84672,12.849,0.84672,3695.15,0,36.966,0.260519,4.94124,1.74964,10.2564,0.964568,15.7221,0.42336,36.966,0.42336,423.524,0,1.02816,0,0,5.9694,4.94124,1.028160,1,0,88.3117,0,0,0,88.3117,0
46.3542,1.7727,0,0,2.86762,0.226818,0.36288,3.6288,61.308,0.42833,0,0,0.960889,0.273609,0.25895,0.66528,12.849,1,0.496791,0.36288,0,45.8156,4.63356,41.0481,0.84672,12.849,0.84672,3695.15,0,36.966,0.258264,2.25736,1.74988,5.94886,1.17544,8.52239,0.42336,36.966,0.42336,423.524,0,1.02816,0,0,3.28552,2.25736,1.028160,1,0,49.8295,0,0,0,49.8295,0
45.8483,1.77795,0,0,1.88309,0.248225,0.36288,3.6288,61.218,0.42833,0,0,0.609619,0.271286,0,0.66528,12.849,1,0.492832,0.36288,0,27.4599,5.00976,22.3202,0.84672,12.849,0.84672,3695.15,0,36.966,0.258264,1.36096,1.75012,4.61563,1.33359,6.13485,0.42336,36.966,0.42336,423.524,0,1.02816,0,0,2.38912,1.36096,1.028160,1,0,28.455,0,0,0,28.455,0
46.7146,1.83646,0,0,3.31301,0.247348,0.36288,3.6288,61.051,0.457575,0,0,0.54847,0.257896,0,0.66528,12.849,1,0.514668,0.36288,0,38.1936,4.90782,33.1339,0.84672,12.849,0.84672,3695.15,0,36.966,0.276303,0.60423,1.75036,4.24199,1.28054,5.03974,0.42336,36.966,0.42336,423.524,0,1.02816,0,0,1.63239,0.60423,1.028160,1,0,38.1737,0,0,0,38.1737,0
49.6254,1.88204,0,0,5.40588,0.250136,0.36288,3.6288,60.9422,0.49442,0,0,0.633288,0.247708,0,0.66528,12.849,1,0.517661,0.36288,0,73.6076,4.83136,68.6215,0.84672,12.849,0.84672,3695.15,0,36.966,0.299369,0.503194,1.80195,2.91208,1.24075,3.6771,0.42336,36.966,0.42336,423.524,0,0.920964,0,0,1.42416,0.503194,1.028160,1,0,72.2986,0,0,0,72.2986,0
56.1913,1.90718,0,0,9.09417,0.25819,0.36288,3.6288,61.308,0.427364,0,0,1.4774,0.247537,0.436656,0.66528,12.849,1,0.493806,0.36288,0,85.0876,4.83136,80.1253,0.84672,12.849,0.84672,3695.15,0,36.966,0.259228,3.36858,1.77452,9.80472,1.24075,13.4478,0.42336,36.966,0.42336,423.524,0,1.02816,0,0,4.39674,3.36858,1.028160,1,0,94.0098,0,0,0,94.0098,0
60.5915,1.95519,0,0,6.96713,0.24892,0.36288,3.6288,61.308,0.428329,0,0,1.62481,0.251705,0.944779,0.66528,12.849,1,0.447084,0.36288,0,93.5721,4.49894,88.9889,0.84672,12.849,0.84672,3695.15,0,36.966,0.258264,1.0157,1.77476,7.04419,1.2974,8.27899,0.42336,36.966,0.42336,423.524,0,1.02816,0,0,2.04386,1.0157,1.028160,1,0,98.2127,0,0,0,98.2127,0
63.5139,2.19279,0,0,5.74443,0.266328,0.36288,3.6288,61.308,0.539228,0,0,1.05643,0.244206,0.272996,0.66528,12.849,1,0.465001,0.36288,0,72.9792,4.47203,68.4051,0.84672,12.849,0.84672,3695.15,0,36.966,0.32513,0.857226,1.775,5.03787,1.26332,6.08165,0.42336,36.966,0.42336,423.524,0,1.02816,0,0,1.88539,0.857226,1.028160,1,0,74.7597,0,0,0,74.7597,0
69.3893,2.35957,0,0,8.91138,0.313522,0.36288,3.6288,61.308,0.428364,0,0,2.18684,0.199216,1.55926,0.66528,12.849,1,0.477347,0.36288,0,115.376,4.31056,110.951,0.84672,12.849,0.84672,3695.15,0,36.966,0.258285,2.10192,1.96023,8.54885,1.05882,11.2939,0.42336,36.966,0.42336,423.524,0,1.02816,0,0,3.13008,2.10192,1.028160,1,0,123.804,0,0,0,123.804,0
72.29,2.39488,0,0,10.1365,0.328496,4.5125,3.6288,61.308,0.428364,0,0,2.34098,0.199216,1.7134,0.66528,12.849,1,0.443466,4.5125,0,137.321,4.31056,137.079,0.84672,12.849,0.84672,3695.15,0,36.966,0.258285,2.50079,1.8565,12.982,1.05882,16.0222,0.42336,36.966,0.42336,423.524,0,1.02816,0,0,3.52895,2.50079,1.028160,1,0,154.815,0,0,0,154.815,0
72.29,2.4112,0,0,11.8327,0.337543,9.08391,3.6288,61.308,0.428364,0,0,2.30469,0.196092,1.68023,0.66528,12.849,1,0.428572,9.08391,0,175.097,4.20565,179.547,0.84672,12.849,0.84672,3695.15,0,36.966,0.258285,2.53967,1.85677,11.0759,1.02371,14.1903,0.42336,36.966,0.42336,423.524,0,1.02816,0,0,3.56783,2.53967,1.028160,1,0,195.418,0,0,0,195.418,0
72.29,2.10414,0,0,9.79439,0.341124,7.34913,3.6288,61.308,0.279351,0,0,2.86959,0.17758,2.41266,0.66528,12.849,1,0.373995,7.34913,0,189.08,3.60673,192.449,0.84672,12.849,0.84672,3695.15,0,36.966,0.168436,3.67421,1.85703,12.522,0.828422,17.0563,0.42336,36.966,0.42336,423.524,0,1.02816,0,0,4.70237,3.67421,1.028160,1,0,211.918,0,0,0,211.918,0
72.29,1.90244,0,0,5.14994,0.303042,2.94446,3.6288,61.308,0.428318,0,0,2.17369,0.178976,1.5664,0.66528,12.849,1,0.338144,2.94446,0,106.251,3.78997,105.068,0.84672,12.849,0.84672,3695.15,0,36.966,0.258257,2.48029,1.60472,10.1297,0.920878,13.0356,0.42336,36.966,0.42336,423.524,0,1.02816,0,0,3.50845,2.48029,1.028160,1,0,119.67,0,0,0,119.67,0
72.29,1.90349,0,0,4.23561,0.303042,2.02908,3.6288,61.308,0.428318,0,0,2.10796,0.178976,1.50067,0.66528,12.849,1,0.33833,2.02908,0,92.8463,3.78997,90.7471,0.84672,12.849,0.84672,3695.15,0,36.966,0.258257,2.02725,1.74469,8.17206,0.920878,10.7649,0.42336,36.966,0.42336,423.524,0,1.02816,0,0,3.05541,2.02725,1.028160,1,0,103.013,0,0,0,103.013,0
72.29,1.90454,0,0,6.52692,0.303042,4.31934,3.6288,61.308,0.428318,0,0,3.01622,0.178976,2.40892,0.66528,12.849,1,0.338517,4.31934,0,169.248,3.78997,169.439,0.84672,12.849,0.84672,3695.15,0,36.966,0.258257,3.91219,1.74492,11.4323,0.920878,15.9103,0.42336,36.966,0.42336,423.524,0,1.02816,0,0,4.94035,3.91219,1.028160,1,0,187.758,0,0,0,187.758,0
72.29,1.90559,0,0,7.10407,0.298261,4.90022,3.6288,61.308,0.428318,0,0,3.00669,0.138886,2.43948,0.66528,12.849,1,0.338704,4.90022,0,189.83,3.16239,191.229,0.84672,12.849,0.84672,3695.15,0,36.966,0.258257,4.03518,1.74515,13.2728,0.813393,17.9815,0.42336,36.966,0.42336,423.524,0,1.02816,0,0,5.06334,4.03518,1.028160,1,0,211.65,0,0,0,211.65,0
72.29,1.98436,0,0,4.17044,0.319966,1.86612,3.6288,61.308,0.464829,0,0,1.81281,0.139372,1.20861,0.66528,12.849,1,0.352704,1.86612,0,93.3865,3.13486,91.765,0.84672,12.849,0.84672,3695.15,0,36.966,0.280271,2.54695,1.74538,6.27316,0.699434,9.58579,0.42336,36.966,0.42336,423.524,0,1.02816,0,0,3.57511,2.54695,1.028160,1,0,102.559,0,0,0,102.559,0
72.29,2.03512,0,0,4.51042,0.324377,2.15091,3.6288,61.308,0.42833,0,0,2.22823,0.159357,1.64054,0.66528,12.849,1,0.361728,2.15091,0,78.864,3.45807,77.1951,0.84672,12.849,0.84672,3695.15,0,36.966,0.258264,2.9842,1.80799,7.00225,0.852953,10.6832,0.42336,36.966,0.42336,423.524,0,1.02816,0,0,4.01236,2.9842,1.028160,1,0,89.5189,0,0,0,89.5189,0
72.29,2.03622,0,0,3.14793,0.324377,0.787339,3.6288,61.308,0.42833,0,0,1.56878,0.159357,0.981096,0.66528,12.849,1,0.361922,0.787339,0,53.1987,3.45807,50.1661,0.84672,12.849,0.84672,3695.15,0,36.966,0.258264,1.33491,1.77399,5.3375,0.852953,7.33518,0.42336,36.966,0.42336,423.524,0,1.02816,0,0,2.36307,1.33491,1.028160,1,0,58.4824,0,0,0,58.4824,0
72.29,2.03731,0,0,3.90496,0.324377,1.54328,3.6288,61.308,0.42833,0,0,3.20384,0.159357,2.61616,0.66528,12.849,1,0.362116,1.54328,0,89.7794,3.45807,87.5025,0.84672,12.849,0.84672,3695.15,0,36.966,0.258264,4.47123,1.77423,9.70548,0.852953,14.8397,0.42336,36.966,0.42336,423.524,0,1.02816,0,0,5.49939,4.47123,1.028160,1,0,104.958,0,0,0,104.958,0
72.29,2.00797,0,0,3.2282,0.311535,0.908688,3.6288,61.308,0.414131,0,0,2.07464,0.175239,1.48527,0.66528,12.849,1,0.356902,0.908688,0,64.3789,3.47346,61.4572,0.84672,12.849,0.84672,3695.15,0,36.966,0.249703,2.85771,1.77447,6.36384,0.906051,9.84027,0.42336,36.966,0.42336,423.524,0,1.02816,0,0,3.88587,2.85771,1.028160,1,0,72.7827,0,0,0,72.7827,0
72.165,1.98973,0,0,2.52198,0.294412,0.36288,3.6288,61.308,0.428325,0,0,1.37005,0.196415,0.745313,0.66528,12.849,1,0.35366,0.36288,0,49.2519,3.49398,45.7671,0.84672,12.849,0.84672,3695.15,0,36.966,0.258261,2.04193,1.75041,4.45096,0.976849,7.0082,0.42336,36.966,0.42336,423.524,0,1.02816,0,0,3.07009,2.04193,1.028160,1,0,53.5206,0,0,0,53.5206,0
71.7941,1.99029,0,0,2.27644,0.294133,0.36288,3.6288,61.308,0.428325,0,0,1.37436,0.196415,0.749625,0.66528,12.849,1,0.354372,0.36288,0,45.1975,3.49398,41.712,0.84672,12.849,0.84672,3695.15,0,36.966,0.258261,2.16962,1.76396,5.66575,0.976849,8.36422,0.42336,36.966,0.42336,423.524,0,1.02816,0,0,3.19778,2.16962,1.028160,1,0,50.8259,0,0,0,50.8259,0
72.29,1.98981,0,0,3.51843,0.293305,0.739414,3.6288,61.308,0.428325,0,0,1.67868,0.196415,1.05394,0.66528,12.849,1,0.356117,0.739414,0,56.8297,3.49398,53.719,0.84672,12.849,0.84672,3695.15,0,36.966,0.258261,2.6716,1.7642,5.11085,0.976849,8.31155,0.42336,36.966,0.42336,423.524,0,1.02816,0,0,3.69976,2.6716,1.028160,1,0,63.0845,0,0,0,63.0845,0
71.9374,2.09637,0,0,2.35542,0.248746,0.36288,3.6288,61.308,0.47874,0,0,1.47619,0.207125,0.790322,0.66528,12.849,1,0.372613,0.36288,0,48.7542,3.81906,44.9254,0.84672,12.849,0.84672,3695.15,0,36.966,0.288659,2.25107,1.76444,4.54671,0.916671,7.3569,0.42336,36.966,0.42336,423.524,0,1.02816,0,0,3.27923,2.25107,1.028160,1,0,53.0727,0,0,0,53.0727,0
71.1538,2.16449,0,0,1.97032,0.226625,0.36288,3.6288,61.308,0.428341,0,0,0.996339,0.230736,0.337262,0.66528,12.849,1,0.386607,0.36288,0,33.4055,4.09364,29.2882,0.84672,12.849,0.84672,3695.15,0,36.966,0.258271,1.71028,1.84994,3.82416,1.051,6.07511,0.42336,36.966,0.42336,423.524,0,1.02816,0,0,2.73844,1.71028,1.028160,1,0,35.7005,0,0,0,35.7005,0
70.3348,2.16201,0,0,1.93123,0.225274,0.36288,3.6288,61.308,0.428341,0,0,1.07759,0.230736,0.418512,0.66528,12.849,1,0.390418,0.36288,0,32.0014,4.09364,27.8802,0.84672,12.849,0.84672,3695.15,0,36.966,0.258271,1.65859,1.80291,4.12063,1.051,6.27287,0.42336,36.966,0.42336,423.524,0,1.02816,0,0,2.68675,1.65859,1.028160,1,0,34.5716,0,0,0,34.5716,0
69.3913,2.1593,0,0,1.8025,0.223862,0.36288,3.6288,61.308,0.428342,0,0,0.984787,0.230736,0.32571,0.66528,12.849,1,0.394467,0.36288,0,29.9154,4.09364,25.7902,0.84672,12.849,0.84672,3695.15,0,36.966,0.258271,1.46577,1.80316,3.64889,1.051,5.60855,0.42336,36.966,0.42336,423.524,0,1.02816,0,0,2.49393,1.46577,1.028160,1,0,31.7244,0,0,0,31.7244,0
68.3877,2.15589,0,0,1.69861,0.183365,0.36288,3.6288,61.308,0.428342,0,0,0.938053,0.264411,0.245301,0.66528,12.849,1,0.399201,0.36288,0,28.0498,4.87262,23.1409,0.84672,12.849,0.84672,3695.15,0,36.966,0.258271,1.48717,1.80341,3.56616,1.16159,5.43688,0.42336,36.966,0.42336,423.524,0,1.02816,0,0,2.51533,1.48717,1.028160,1,0,28.8231,0,0,0,28.8231,0
67.9703,2.13178,0,0,2.22847,0.151276,0.36288,3.6288,61.308,0.456093,0,0,1.01355,0.286714,0.270742,0.66528,12.849,1,0.400528,0.36288,0,32.087,5.27145,26.7779,0.84672,12.849,0.84672,3695.15,0,36.966,0.275004,1.07609,1.80366,4.00172,1.2423,5.36417,0.42336,36.966,0.42336,423.524,0,1.02816,0,0,2.10425,1.07609,1.028160,1,0,32.4128,0,0,0,32.4128,0
67.6648,2.16824,0,0,2.37568,0.15009,0.36288,3.6288,61.308,0.42835,0,0,1.00399,0.285533,0.290102,0.66528,12.849,1,0.40988,0.36288,0,33.8738,5.19729,28.6295,0.84672,12.849,0.84672,3695.15,0,36.966,0.258276,0.83827,1.83376,4.33482,1.2414,5.50716,0.42336,36.966,0.42336,423.524,0,1.02816,0,0,1.86643,0.83827,1.028160,1,0,34.4268,0,0,0,34.4268,0
67.1564,2.16781,0,0,2.17203,0.14973,0.36288,3.6288,61.308,0.42835,0,0,0.979888,0.285533,0.266005,0.66528,12.849,1,0.41165,0.36288,0,33.3957,5.19729,28.1496,0.84672,12.849,0.84672,3695.15,0,36.966,0.258276,0.872536,1.80798,4.28153,1.2414,5.46237,0.42336,36.966,0.42336,423.524,0,1.02816,0,0,1.9007,0.872536,1.028160,1,0,33.878,0,0,0,33.878,0
66.4631,2.16632,0,0,1.98507,0.149132,0.36288,3.6288,61.308,0.428351,0,0,0.916315,0.285533,0.202432,0.66528,12.849,1,0.414481,0.36288,0,31.4116,5.19729,26.1627,0.84672,12.849,0.84672,3695.15,0,36.966,0.258276,0.596203,1.80823,4.07423,1.2414,4.97898,0.42336,36.966,0.42336,423.524,0,1.02816,0,0,1.62436,0.596203,1.028160,1,0,31.3441,0,0,0,31.3441,0
65.5437,2.21608,0,0,1.79161,0.132031,0.36288,3.6288,61.308,0.453114,0,0,0.773079,0.312925,0.0070392,0.66528,12.849,1,0.428425,0.36288,0,27.3819,5.62581,21.6905,0.84672,12.849,0.84672,3695.15,0,36.966,0.273208,0.454922,1.80849,3.54881,1.39905,4.13997,0.42336,36.966,0.42336,423.524,0,1.02816,0,0,1.48308,0.454922,1.028160,1,0,25.8375,0,0,0,25.8375,0
64.7033,2.24539,0,0,1.89015,0.12227,0.36288,3.6288,61.2727,0.428358,0,0,0.697695,0.304622,0,0.66528,12.849,1,0.440179,0.36288,0,30.7168,5.70906,24.9305,0.84672,12.849,0.84672,3695.15,0,36.966,0.258281,0.373015,1.85109,3.11715,1.43249,3.65048,0.42336,36.966,0.42336,423.524,0,1.02816,0,0,1.40117,0.373015,1.028160,1,0,28.581,0,0,0,28.581,0
63.7372,2.24176,0,0,1.75996,0.121449,0.36288,3.6288,61.1452,0.428266,0,0,0.6053,0.304554,0,0.66528,12.849,1,0.445177,0.36288,0,26.0086,5.70906,20.2172,0.84672,12.849,0.84672,3695.15,0,36.966,0.258374,0.486467,1.82813,3.14589,1.43249,3.76962,0.42336,36.966,0.42336,423.524,0,1.02816,0,0,1.51463,0.486467,1.028160,1,0,23.9868,0,0,0,23.9868,0
62.6437,2.23729,0,0,1.62719,0.120504,0.36288,3.6288,60.9743,0.42793,0,0,0.561327,0.304308,0,0.66528,12.849,1,0.451023,0.36288,0,24.94,5.70906,19.1428,0.84672,12.849,0.84672,3695.15,0,36.966,0.25871,0.302132,1.82839,2.73534,1.43249,3.17465,0.42336,36.966,0.42336,423.524,0,1.02816,0,0,1.33029,0.302132,1.028160,1,0,22.3174,0,0,0,22.3174,0
61.4456,2.38365,0,0,1.66334,0.114893,0.36288,3.6288,60.7743,0.516791,0,0,0.623377,0.306564,0,0.66528,12.849,1,0.488915,0.36288,0,23.7203,5.78383,17.8105,0.84672,12.849,0.84672,3695.15,0,36.966,0.313307,0.481654,1.82864,3.3834,1.44743,3.93296,0.42336,36.966,0.42336,423.524,0,1.02816,0,0,1.50981,0.481654,1.028160,1,0,21.7434,0,0,0,21.7434,0
59.7193,2.41666,0,0,1.19962,0.146371,0.36288,3.6288,60.5606,0.486321,0,0,0.544645,0.272002,0,0.66528,12.849,1,0.505351,0.36288,0,20.6925,5.34626,15.2037,0.84672,12.849,0.84672,3695.15,0,36.966,0.295805,0.372272,1.97401,2.62925,1.33329,3.34643,0.42336,36.966,0.42336,423.524,0,1.02816,0,0,1.40043,0.372272,1.028160,1,0,18.5502,0,0,0,18.5502,0
57.9845,2.40539,0,0,1.18736,0.153963,0.36288,3.6288,60.4054,0.486024,0,0,0.594114,0.263368,0,0.66528,12.849,1,0.517534,0.36288,0,22.3903,5.19855,17.0371,0.84672,12.849,0.84672,3695.15,0,36.966,0.296667,0.446273,1.94621,2.52908,1.29933,3.32557,0.42336,36.966,0.42336,423.524,0,1.02816,0,0,1.47443,0.446273,1.028160,1,0,20.3627,0,0,0,20.3627,0
56.1822,2.39346,0,0,1.1055,0.151402,0.36288,3.6288,60.1421,0.485901,0,0,0.48578,0.263108,0,0.66528,12.849,1,0.530375,0.36288,0,20.7397,5.19855,15.3737,0.84672,12.849,0.84672,3695.15,0,36.966,0.297355,0.277888,1.94682,2.07856,1.29933,2.70658,0.42336,36.966,0.42336,423.524,0,1.02816,0,0,1.30605,0.277888,1.028160,1,0,18.0803,0,0,0,18.0803,0
54.6802,2.38035,0,0,1.39794,0.156742,0.36288,3.6288,59.8843,0.485445,0,0,0.483771,0.256124,0,0.66528,12.849,1,0.544392,0.36288,0,20.0338,4.92153,14.9308,0.84672,12.849,0.84672,3695.15,0,36.966,0.298376,0.279625,1.94743,2.23439,1.24718,2.91589,0.42336,36.966,0.42336,423.524,0,1.02816,0,0,1.30778,0.279625,1.028160,1,0,17.8467,0,0,0,17.8467,0
53.0333,2.2967,0,0,1.19508,0.182422,0.36288,3.6288,59.5665,0.471454,0,0,0.371585,0.21798,0,0.66528,12.849,1,0.53969,0.36288,0,22.077,4.66943,17.2308,0.84672,12.849,0.84672,3695.15,0,36.966,0.291024,0.204422,1.94803,1.58891,1.11675,2.3336,0.42336,36.966,0.42336,423.524,0,0.962859,0,0,1.16728,0.204422,1.028160,1,0,19.5644,0,0,0,19.5644,0
51.6089,2.28392,0,0,1.41547,0.193062,0.36288,3.6288,59.4009,0.430533,0,0,0.464626,0.199671,0,0.66528,12.849,1,0.553353,0.36288,0,25.6158,4.94781,20.4775,0.84672,12.849,0.84672,3695.15,0,36.966,0.267182,0.626219,1.86454,2.14547,1.11034,3.2587,0.42336,36.966,0.42336,423.524,0,1.02816,0,0,1.65438,0.626219,1.028160,1,0,23.7362,0,0,0,23.7362,0
50.1861,2.2724,0,0,1.40274,0.190244,0.36288,3.6288,59.3127,0.430406,0,0,0.541655,0.19946,0,0.66528,12.849,1,0.565758,0.36288,0,25.0715,4.94781,19.9208,0.84672,12.849,0.84672,3695.15,0,36.966,0.267848,0.894456,1.86512,2.17016,1.11034,3.55155,0.42336,36.966,0.42336,423.524,0,1.02816,0,0,1.92262,0.894456,1.028160,1,0,23.4723,0,0,0,23.4723,0
48.6114,2.26034,0,0,1.23597,0.18743,0.36288,3.6288,59.1625,0.430492,0,0,0.479648,0.199347,0,0.66528,12.849,1,0.578708,0.36288,0,21.5086,4.94781,16.345,0.84672,12.849,0.84672,3695.15,0,36.966,0.2683,0.759707,1.8657,1.89237,1.11034,3.13914,0.42336,36.966,0.42336,423.524,0,1.02816,0,0,1.78787,0.759707,1.028160,1,0,19.4841,0,0,0,19.4841,0
47.5748,2.18819,0,0,1.73562,0.221187,0.36288,3.6288,59.2086,0.381487,0,0,0.626401,0.198807,0,0.66528,12.849,1,0.578383,0.36288,0,35.226,4.8811,30.1294,0.84672,12.849,0.84672,3695.15,0,36.966,0.238362,1.29595,1.86628,2.8749,1.15574,4.64303,0.42336,36.966,0.42336,423.524,0,1.02816,0,0,2.32411,1.29595,1.028160,1,0,34.7724,0,0,0,34.7724,0
46.3393,2.12677,0,0,1.47676,0.222631,0.36288,3.6288,59.0304,0.492713,0,0,0.539547,0.224994,0,0.66528,12.849,1,0.574397,0.36288,0,28.8037,4.2083,24.3839,0.84672,12.849,0.84672,3695.15,0,36.966,0.307618,0.216518,1.79171,2.1663,1.08094,2.78597,0.42336,36.966,0.42336,423.524,0,0.914463,0,0,1.13098,0.216518,1.028160,1,0,27.1698,0,0,0,27.1698,0
45.946,2.11585,0,0,2.30513,0.219616,0.36288,3.6288,59.0213,0.422227,0,0,0.637829,0.224737,0,0.66528,12.849,1,0.586686,0.36288,0,38.5992,4.2083,34.1671,0.84672,12.849,0.84672,3695.15,0,36.966,0.264407,0.36542,1.83105,2.87071,1.08094,3.72183,0.42336,36.966,0.42336,423.524,0,1.02816,0,0,1.39358,0.36542,1.028160,1,0,37.8889,0,0,0,37.8889,0
48.8413,2.11301,0,0,5.58976,0.218656,0.36288,3.6288,59.9509,0.422202,0,0,1.57651,0.224724,0,0.66528,12.849,1,0.590911,0.36288,0,88.312,4.2083,83.8757,0.84672,12.849,0.84672,3695.15,0,36.966,0.264432,2.59342,1.83131,4.7596,1.08094,7.83896,0.42336,36.966,0.42336,423.524,0,1.02816,0,0,3.62158,2.59342,1.028160,1,0,91.7147,0,0,0,91.7147,0
50.6135,1.97666,0,0,4.35447,0.242666,0.36288,3.6288,60.5425,0.322213,0,0,1.14678,0.232944,0,0.66528,12.849,1,0.520015,0.36288,0,50.6666,4.02406,46.4854,0.84672,12.849,0.84672,3695.15,0,36.966,0.198678,1.40038,1.83156,2.8341,1.0173,4.85007,0.42336,36.966,0.42336,423.524,0,1.02816,0,0,2.42854,1.40038,1.028160,1,0,51.3355,0,0,0,51.3355,0
57.42,1.86005,0,0,9.27566,0.246236,0.36288,3.6288,61.308,0.426296,0,0,1.52958,0.215948,0.121844,0.66528,12.849,1,0.472201,0.36288,0,110.305,4.09542,106.1,0.84672,12.849,0.84672,3695.15,0,36.966,0.260287,2.5599,1.66467,9.41354,1.05956,12.3183,0.42336,36.966,0.42336,423.524,0,1.02816,0,0,3.58806,2.5599,1.028160,1,0,118.541,0,0,0,118.541,0
63.9564,1.90682,0,0,9.08582,0.279751,0.36288,3.6288,61.308,0.428323,0,0,1.23921,0.197979,0.612908,0.66528,12.849,1,0.426693,0.36288,0,126.15,4.41451,121.672,0.84672,12.849,0.84672,3695.15,0,36.966,0.25826,2.13793,1.76187,7.28542,1.07692,9.85005,0.42336,36.966,0.42336,423.524,0,1.02816,0,0,3.16609,2.13793,1.028160,1,0,132.135,0,0,0,132.135,0
70.2773,1.94418,0,0,8.92443,0.296433,0.36288,3.6288,61.308,0.428323,0,0,1.0938,0.197979,0.467496,0.66528,12.849,1,0.390591,0.36288,0,107.962,4.41451,103.52,0.84672,12.849,0.84672,3695.15,0,36.966,0.25826,1.84041,1.76211,6.44335,1.07692,8.71069,0.42336,36.966,0.42336,423.524,0,1.02816,0,0,2.86857,1.84041,1.028160,1,0,112.698,0,0,0,112.698,0
72.29,1.97495,0,0,9.39557,0.31161,5.09633,3.6288,61.308,0.428323,0,0,1.53034,0.197979,0.904041,0.66528,12.849,1,0.361085,5.09633,0,125.968,4.41451,126.288,0.84672,12.849,0.84672,3695.15,0,36.966,0.25826,2.71769,1.76235,8.15737,1.07692,11.3022,0.42336,36.966,0.42336,423.524,0,1.02816,0,0,3.74585,2.71769,1.028160,1,0,138.495,0,0,0,138.495,0
72.29,2.05278,0,0,6.87061,0.306398,4.51143,3.6288,61.308,0.458304,0,0,1.20803,0.183669,0.566054,0.66528,12.849,1,0.364866,4.51143,0,108.488,4.05573,108.579,0.84672,12.849,0.84672,3695.15,0,36.966,0.276337,1.9341,1.76258,6.59998,1.11511,8.90522,0.42336,36.966,0.42336,423.524,0,1.02816,0,0,2.96226,1.9341,1.028160,1,0,118.05,0,0,0,118.05,0
72.29,2.09465,0,0,4.148,0.293006,1.76035,3.6288,61.308,0.428322,0,0,1.00544,0.164589,0.412525,0.66528,12.849,1,0.372308,1.76035,0,58.1259,3.57735,55.9365,0.84672,12.849,0.84672,3695.15,0,36.966,0.258259,1.22649,1.81501,5.10392,1.16603,6.72112,0.42336,36.966,0.42336,423.524,0,1.02816,0,0,2.25465,1.22649,1.028160,1,0,63.0702,0,0,0,63.0702,0
72.29,2.09572,0,0,3.22428,0.293006,0.835559,3.6288,61.308,0.428322,0,0,0.910146,0.164589,0.317235,0.66528,12.849,1,0.372498,0.835559,0,55.9859,3.57735,52.8716,0.84672,12.849,0.84672,3695.15,0,36.966,0.258259,0.952862,1.78712,4.30319,1.16603,5.61887,0.42336,36.966,0.42336,423.524,0,1.02816,0,0,1.98102,0.952862,1.028160,1,0,58.8077,0,0,0,58.8077,0
72.29,2.09679,0,0,4.42991,0.299991,2.03313,3.6288,61.308,0.428322,0,0,1.93275,0.173329,1.3311,0.66528,12.849,1,0.372688,2.03313,0,106.802,3.64112,104.821,0.84672,12.849,0.84672,3695.15,0,36.966,0.258259,2.14703,1.78735,12.97,1.18829,15.4579,0.42336,36.966,0.42336,423.524,0,1.02816,0,0,3.17519,2.14703,1.028160,1,0,121.61,0,0,0,121.61,0
72.29,2.31723,0,0,4.8714,0.341899,2.21228,3.6288,61.308,0.541029,0,0,1.45247,0.225766,0.685676,0.66528,12.849,1,0.41187,2.21228,0,82.1067,4.02371,79.8834,0.84672,12.849,0.84672,3695.15,0,36.966,0.326217,2.80273,1.78759,6.88065,1.32183,9.82293,0.42336,36.966,0.42336,423.524,0,1.02816,0,0,3.83089,2.80273,1.028160,1,0,90.392,0,0,0,90.392,0
72.29,2.46928,0,0,4.02134,0.334931,1.21713,3.6288,61.308,0.43018,0,0,1.55932,0.175623,0.953518,0.66528,12.849,1,0.438896,1.21713,0,69.2045,4.1579,65.8248,0.84672,12.849,0.84672,3695.15,0,36.966,0.25938,1.64614,1.97582,7.71151,1.02725,10.0469,0.42336,36.966,0.42336,423.524,0,1.02816,0,0,2.6743,1.64614,1.028160,1,0,76.8252,0,0,0,76.8252,0
72.29,2.47002,0,0,4.79786,0.334931,1.99291,3.6288,61.308,0.430502,0,0,1.13433,0.175623,0.528204,0.66528,12.849,1,0.439028,1.99291,0,91.4216,4.1579,88.8176,0.84672,12.849,0.84672,3695.15,0,36.966,0.259574,1.62942,1.8721,9.36222,1.02725,11.5769,0.42336,36.966,0.42336,423.524,0,1.02816,0,0,2.65758,1.62942,1.028160,1,0,100.923,0,0,0,100.923,0
71.6784,2.47076,0,0,2.54492,0.322872,0.36288,3.6288,61.308,0.492173,0,0,0.729259,0.179742,0.0573435,0.66528,12.849,1,0.439159,0.36288,0,46.4881,4.13291,42.2789,0.84672,12.849,0.84672,3695.15,0,36.966,0.296759,0.608429,1.87266,5.29749,1.01051,6.47131,0.42336,36.966,0.42336,423.524,0,0.92982,0,0,1.53825,0.608429,1.028160,1,0,48.8076,0,0,0,48.8076,0
72.1067,2.15545,0,0,3.23795,0.291367,0.36288,3.6288,61.308,0.27971,0,0,0.890378,0.190041,0.420627,0.66528,12.849,1,0.386384,0.36288,0,57.7413,4.07043,53.6474,0.84672,12.849,0.84672,3695.15,0,36.966,0.168653,0.886015,1.87323,7.7003,0.968671,9.32221,0.42336,36.966,0.42336,423.524,0,1.02816,0,0,1.91417,0.886015,1.028160,1,0,63.3902,0,0,0,63.3902,0
72.29,1.95625,0,0,6.53374,0.302639,4.09152,3.6288,61.308,0.428311,0,0,1.52848,0.209325,0.890841,0.66528,12.849,1,0.348592,4.09152,0,107.322,4.60772,106.457,0.84672,12.849,0.84672,3695.15,0,36.966,0.258252,2.15254,1.6171,10.9699,1.02358,13.4577,0.42336,36.966,0.42336,423.524,0,1.02816,0,0,3.1807,2.15254,1.028160,1,0,120.805,0,0,0,120.805,0
72.29,1.95802,0,0,5.79975,0.302857,3.53887,3.6288,61.308,0.428311,0,0,1.39204,0.185815,0.777916,0.66528,12.849,1,0.348024,3.53887,0,94.2149,4.41021,92.9955,0.84672,12.849,0.84672,3695.15,0,36.966,0.258252,2.1042,1.75672,10.8922,0.928269,13.5666,0.42336,36.966,0.42336,423.524,0,1.02816,0,0,3.13236,2.1042,1.028160,1,0,107.34,0,0,0,107.34,0
72.29,1.95905,0,0,7.00028,0.302857,4.73838,3.6288,61.308,0.428311,0,0,1.36216,0.185815,0.74803,0.66528,12.849,1,0.348206,4.73838,0,116.037,4.41021,116.017,0.84672,12.849,0.84672,3695.15,0,36.966,0.258252,1.81083,1.75695,10.7555,0.928269,13.1368,0.42336,36.966,0.42336,423.524,0,1.02816,0,0,2.83899,1.81083,1.028160,1,0,129.902,0,0,0,129.902,0
72.29,1.96007,0,0,5.68693,0.307645,3.41921,3.6288,61.308,0.428311,0,0,1.22476,0.192212,0.60424,0.66528,12.849,1,0.348388,3.41921,0,92.2519,4.2252,91.0975,0.84672,12.849,0.84672,3695.15,0,36.966,0.258253,1.36823,1.75717,9.10172,0.927966,11.0409,0.42336,36.966,0.42336,423.524,0,1.02816,0,0,2.39639,1.36823,1.028160,1,0,102.743,0,0,0,102.743,0
72.29,2.04007,0,0,4.25328,0.283667,1.92954,3.6288,61.308,0.465414,0,0,1.07582,0.201905,0.4085,0.66528,12.849,1,0.362608,1.92954,0,71.2149,4.18981,68.5921,0.84672,12.849,0.84672,3695.15,0,36.966,0.280624,0.965252,1.7574,6.58554,0.944893,8.08267,0.42336,36.966,0.42336,423.524,0,1.02816,0,0,1.99341,0.965252,1.028160,1,0,77.0832,0,0,0,77.0832,0
72.29,2.09162,0,0,5.38834,0.256706,3.04001,3.6288,61.308,0.428322,0,0,1.21457,0.197181,0.589065,0.66528,12.849,1,0.37177,3.04001,0,98.7025,4.51017,96.8606,0.84672,12.849,0.84672,3695.15,0,36.966,0.258259,1.67094,1.82101,7.65876,0.958156,9.93429,0.42336,36.966,0.42336,423.524,0,1.02816,0,0,2.6991,1.67094,1.028160,1,0,107.384,0,0,0,107.384,0
72.29,2.09269,0,0,4.23928,0.256706,1.88989,3.6288,61.308,0.428322,0,0,1.08269,0.197181,0.457184,0.66528,12.849,1,0.371959,1.88989,0,76.0043,4.51017,73.0121,0.84672,12.849,0.84672,3695.15,0,36.966,0.258259,1.10786,1.78645,6.39288,0.958156,8.07077,0.42336,36.966,0.42336,423.524,0,1.02816,0,0,2.13602,1.10786,1.028160,1,0,81.5401,0,0,0,81.5401,0
72.29,2.09375,0,0,3.36492,0.256706,1.01446,3.6288,61.308,0.428322,0,0,0.846435,0.197181,0.220932,0.66528,12.849,1,0.372148,1.01446,0,59.1231,4.51017,55.2552,0.84672,12.849,0.84672,3695.15,0,36.966,0.258259,0.640812,1.78668,4.83044,0.958156,6.04152,0.42336,36.966,0.42336,423.524,0,1.02816,0,0,1.66897,0.640812,1.028160,1,0,61.5177,0,0,0,61.5177,0
72.29,2.0639,0,0,3.4573,0.209771,1.18363,3.6288,61.308,0.413895,0,0,0.903364,0.1962,0.293269,0.66528,12.849,1,0.366842,1.18363,0,60.7981,4.41558,57.1993,0.84672,12.849,0.84672,3695.15,0,36.966,0.24956,0.893169,1.78692,4.76326,0.984061,6.20972,0.42336,36.966,0.42336,423.524,0,1.02816,0,0,1.92133,0.893169,1.028160,1,0,63.7023,0,0,0,63.7023,0
72.29,2.04532,0,0,3.27615,0.187712,1.04312,3.6288,61.308,0.428318,0,0,1.07554,0.170275,0.476948,0.66528,12.849,1,0.36354,1.04312,0,55.7923,4.08543,52.3864,0.84672,12.849,0.84672,3695.15,0,36.966,0.258257,0.84005,1.76246,4.62041,1.04921,5.91545,0.42336,36.966,0.42336,423.524,0,1.02816,0,0,1.86821,0.84005,1.028160,1,0,58.7788,0,0,0,58.7788,0
72.29,2.04637,0,0,2.83452,0.208434,0.579713,3.6288,61.308,0.428318,0,0,0.958781,0.194256,0.336206,0.66528,12.849,1,0.363727,0.579713,0,47.614,4.38167,43.4483,0.84672,12.849,0.84672,3695.15,0,36.966,0.258257,0.674905,1.77622,4.13623,1.07694,5.25216,0.42336,36.966,0.42336,423.524,0,1.02816,0,0,1.70306,0.674905,1.028160,1,0,49.0367,0,0,0,49.0367,0
72.29,2.04742,0,0,2.60995,0.124166,0.43836,3.6288,61.308,0.428318,0,0,0.845225,0.233494,0.183413,0.66528,12.849,1,0.363913,0.43836,0,43.5286,4.72763,38.8754,0.84672,12.849,0.84672,3695.15,0,36.966,0.258257,0.538929,1.77646,3.85512,1.09759,4.81466,0.42336,36.966,0.42336,423.524,0,1.02816,0,0,1.56709,0.538929,1.028160,1,0,43.8735,0,0,0,43.8735,0
72.1948,2.15354,0,0,2.5454,0.124166,0.36288,3.6288,61.308,0.479544,0,0,0.94481,0.233494,0.231772,0.66528,12.849,1,0.382775,0.36288,0,42.1635,4.72763,37.416,0.84672,12.849,0.84672,3695.15,0,36.966,0.289144,0.739074,1.77669,4.56317,1.09759,5.6922,0.42336,36.966,0.42336,423.524,0,1.02816,0,0,1.76723,0.739074,1.028160,1,0,43.34,0,0,0,43.34,0
71.7288,2.2239,0,0,2.24285,0.122089,0.36288,3.6288,61.308,0.428334,0,0,0.795934,0.249268,0.118332,0.66528,12.849,1,0.395802,0.36288,0,36.3253,5.38291,30.9095,0.84672,12.849,0.84672,3695.15,0,36.966,0.258266,0.511445,1.86355,3.55807,1.21175,4.46305,0.42336,36.966,0.42336,423.524,0,1.02816,0,0,1.5396,0.511445,1.028160,1,0,35.4909,0,0,0,35.4909,0
71.1194,2.22282,0,0,2.09766,0.121327,0.36288,3.6288,61.308,0.428334,0,0,0.764044,0.251897,0.0838125,0.66528,12.849,1,0.39818,0.36288,0,33.7831,5.49213,28.2557,0.84672,12.849,0.84672,3695.15,0,36.966,0.258266,0.421943,1.81576,3.40406,1.23078,4.15271,0.42336,36.966,0.42336,423.524,0,1.02816,0,0,1.4501,0.421943,1.028160,1,0,32.4922,0,0,0,32.4922,0
70.421,2.22103,0,0,1.98282,0.0973818,0.36288,3.6288,61.308,0.428334,0,0,0.724473,0.270809,0.02533,0.66528,12.849,1,0.401269,0.36288,0,31.4772,5.16813,26.2706,0.84672,12.849,0.84672,3695.15,0,36.966,0.258266,0.342654,1.816,3.22959,1.26845,3.86153,0.42336,36.966,0.42336,423.524,0,1.02816,0,0,1.37081,0.342654,1.028160,1,0,30.1575,0,0,0,30.1575,0
69.5744,2.21876,0,0,1.81454,0.0794185,0.36288,3.6288,61.2941,0.428334,0,0,0.699399,0.284992,0,0.66528,12.849,1,0.404835,0.36288,0,29.3343,4.92513,24.3672,0.84672,12.849,0.84672,3695.15,0,36.966,0.258266,0.33855,1.81624,3.26137,1.2967,3.8612,0.42336,36.966,0.42336,423.524,0,1.02816,0,0,1.36671,0.33855,1.028160,1,0,28.2284,0,0,0,28.2284,0
68.8135,2.19502,0,0,1.86725,0.0703099,0.36288,3.6288,61.1724,0.456492,0,0,0.637571,0.302753,0,0.66528,12.849,1,0.405376,0.36288,0,29.6547,5.29947,24.3128,0.84672,12.849,0.84672,3695.15,0,36.966,0.275307,0.564771,1.81649,3.8433,1.38005,4.56919,0.42336,36.966,0.42336,423.524,0,1.02816,0,0,1.59293,0.564771,1.028160,1,0,28.882,0,0,0,28.882,0
67.8792,2.23042,0,0,1.72253,0.0634901,0.36288,3.6288,60.9538,0.427986,0,0,0.525201,0.31585,0,0.66528,12.849,1,0.416468,0.36288,0,27.9056,5.58022,22.2717,0.84672,12.849,0.84672,3695.15,0,36.966,0.258628,0.397837,1.84706,3.38107,1.44257,3.92476,0.42336,36.966,0.42336,423.524,0,1.02816,0,0,1.426,0.397837,1.028160,1,0,26.1965,0,0,0,26.1965,0
66.7865,2.2267,0,0,1.55985,0.0630279,0.36288,3.6288,60.7188,0.427408,0,0,0.507897,0.315413,0,0.66528,12.849,1,0.421496,0.36288,0,25.2267,5.58022,19.5879,0.84672,12.849,0.84672,3695.15,0,36.966,0.259206,0.335621,1.82086,3.31899,1.44257,3.77369,0.42336,36.966,0.42336,423.524,0,1.02816,0,0,1.36378,0.335621,1.028160,1,0,23.3616,0,0,0,23.3616,0
65.6444,2.22201,0,0,1.50528,0.0624872,0.36288,3.6288,60.3962,0.480613,0,0,0.472957,0.314944,0,0.66528,12.849,1,0.427491,0.36288,0,23.0787,5.58022,17.4339,0.84672,12.849,0.84672,3695.15,0,36.966,0.2926,0.261274,1.82111,3.21437,1.44257,3.56158,0.42336,36.966,0.42336,423.524,0,0.941561,0,0,1.20283,0.261274,1.028160,1,0,20.9955,0,0,0,20.9955,0
64.3614,2.26988,0,0,1.40927,0.0595089,0.36288,3.6288,59.9609,0.555754,0,0,0.439298,0.318904,0,0.66528,12.849,1,0.444298,0.36288,0,20.1991,5.66809,14.4496,0.84672,12.849,0.84672,3695.15,0,36.966,0.340154,0.261274,1.82135,3.12233,1.45738,3.40742,0.42336,36.966,0.42336,423.524,0,0.859196,0,0,1.12047,0.261274,1.028160,1,0,17.857,0,0,0,17.857,0
62.9571,2.29722,0,0,1.30035,0.0445683,0.36288,3.6288,59.5706,0.503464,0,0,0.4588,0.345578,0,0.66528,12.849,1,0.458613,0.36288,0,21.902,6.19532,15.6109,0.84672,12.849,0.84672,3695.15,0,36.966,0.310387,0.261274,1.86463,3.02128,1.54623,3.29057,0.42336,36.966,0.42336,423.524,0,0.900936,0,0,1.16221,0.261274,1.028160,1,0,18.9015,0,0,0,18.9015,0
61.4711,2.28983,0,0,1.21079,0.044063,0.36288,3.6288,59.2003,0.423702,0,0,0.398036,0.344718,0,0.66528,12.849,1,0.467336,0.36288,0,18.5448,6.19532,12.245,0.84672,12.849,0.84672,3695.15,0,36.966,0.262925,0.228165,1.84129,3.04913,1.54623,3.30943,0.42336,36.966,0.42336,423.524,0,1.02816,0,0,1.25633,0.228165,1.028160,1,0,15.5545,0,0,0,15.5545,0
59.9025,2.2816,0,0,1.11946,0.0435283,0.36288,3.6288,58.7091,0.516343,0,0,0.369121,0.343902,0,0.66528,12.849,1,0.476912,0.36288,0,17.7828,6.19532,11.4734,0.84672,12.849,0.84672,3695.15,0,36.966,0.322417,0.227405,1.84154,2.6512,1.54623,2.8515,0.42336,36.966,0.42336,423.524,0,0.876027,0,0,1.10343,0.227405,1.028160,1,0,14.3249,0,0,0,14.3249,0
58.2201,2.42539,0,0,1.14432,0.038505,0.36288,3.6288,58.2609,0.512761,0,0,0.409924,0.345367,0,0.66528,12.849,1,0.520243,0.36288,0,16.9133,6.27009,10.4859,0.84672,12.849,0.84672,3695.15,0,36.966,0.322858,0.227405,1.84179,3.27932,1.56117,3.46449,0.42336,36.966,0.42336,423.524,0,1.02491,0,0,1.25232,0.227405,1.028160,1,0,13.9504,0,0,0,13.9504,0
56.3122,2.43182,0,0,0.920748,0.0339246,0.36288,3.6288,57.6874,0.585633,0,0,0.353878,0.341766,0,0.66528,12.849,1,0.536695,0.36288,0,15.6157,6.01455,9.42731,0.84672,12.849,0.84672,3695.15,0,36.966,0.371579,0.227405,1.98946,3.0724,1.5315,3.38619,0.42336,36.966,0.42336,423.524,0,0.881885,0,0,1.10929,0.227405,1.028160,1,0,12.8135,0,0,0,12.8135,0
54.2279,2.41774,0,0,0.729449,0.0331676,0.36288,3.6288,56.9913,0.646859,0,0,0.297199,0.346482,0,0.66528,12.849,1,0.551665,0.36288,0,13.3044,5.89554,7.22006,0.84672,12.849,0.84672,3695.15,0,36.966,0.414506,0.204422,1.97718,2.60901,1.51025,2.86586,0.42336,36.966,0.42336,423.524,0,0.778283,0,0,0.982705,0.204422,1.028160,1,0,10.0859,0,0,0,10.0859,0
52.3042,2.40131,0,0,0.873072,0.0324823,0.36288,3.6288,56.3728,0.592852,0,0,0.319272,0.344922,0,0.66528,12.849,1,0.568978,0.36288,0,13.7692,5.89554,7.66758,0.84672,12.849,0.84672,3695.15,0,36.966,0.384539,0.204422,1.97778,2.86176,1.51025,3.14917,0.42336,36.966,0.42336,423.524,0,0.862808,0,0,1.06723,0.204422,1.028160,1,0,10.8167,0,0,0,10.8167,0
50.9958,2.38523,0,0,1.49287,0.053222,0.36288,3.6288,55.9537,0.490771,0,0,0.410075,0.338339,0,0.66528,12.849,1,0.585952,0.36288,0,22.8828,5.74712,16.9126,0.84672,12.849,0.84672,3695.15,0,36.966,0.321819,0.214989,1.97837,3.16774,1.49205,3.54723,0.42336,36.966,0.42336,423.524,0,1.02816,0,0,1.24315,0.214989,1.028160,1,0,20.4598,0,0,0,20.4598,0
49.5656,2.3015,0,0,1.28117,0.0470115,0.36288,3.6288,55.7981,0.436303,0,0,0.587175,0.306537,0,0.66528,12.849,1,0.57989,0.36288,0,18.733,5.50229,13.0137,0.84672,12.849,0.84672,3695.15,0,36.966,0.288245,0.648553,1.97896,3.11373,1.35061,4.1024,0.42336,36.966,0.42336,423.524,0,1.02816,0,0,1.67671,0.648553,1.028160,1,0,17.1161,0,0,0,17.1161,0
47.4921,2.2889,0,0,0.62509,0.0467668,0.36288,3.6288,55.3184,0.526163,0,0,0.32278,0.276275,0,0.66528,12.849,1,0.593356,0.36288,0,9.11943,4.89856,3.99039,0.84672,12.849,0.84672,3695.15,0,36.966,0.348581,0.216518,1.89411,2.06362,1.17655,2.64912,0.42336,36.966,0.42336,423.524,0,0.878489,0,0,1.09501,0.216518,1.028160,1,0,6.63952,0,0,0,6.63952,0
45.3228,2.26919,0,0,0.508494,0.0457268,0.36288,3.6288,54.6167,0.691928,0,0,0.265672,0.275407,0,0.66528,12.849,1,0.613929,0.36288,0,8.37432,4.89856,3.22471,0.84672,12.849,0.84672,3695.15,0,36.966,0.42336,0.216518,1.89468,1.86458,1.17655,2.37587,0.42336,36.966,0.42336,423.524,0,0.63847,0,0,0.854988,0.216518,1.028160,1,0,5.60058,0,0,0,5.60058,0
43.4473,2.24697,0,0,0.840127,0.105782,0.36288,3.6288,54.2758,0.527214,0,0,0.40231,0.216057,0,0.66528,12.849,1,0.637014,0.36288,0,11.9222,4.06804,7.58007,0.84672,12.849,0.84672,3695.15,0,36.966,0.356832,0.216518,1.89525,2.47012,0.916958,3.3081,0.42336,36.966,0.42336,423.524,0,0.870238,0,0,1.08676,0.216518,1.028160,1,0,10.8882,0,0,0,10.8882,0
42.6411,2.1689,0,0,1.87399,0.148443,0.36288,3.6288,54.3594,0.384224,0,0,0.639913,0.172109,0,0.66528,12.849,1,0.641424,0.36288,0,30.4652,3.44515,26.7415,0.84672,12.849,0.84672,3695.15,0,36.966,0.261686,0.48149,1.89582,5.28017,0.722264,6.67353,0.42336,36.966,0.42336,423.524,0,1.02816,0,0,1.50965,0.48149,1.028160,1,0,33.4151,0,0,0,33.4151,0
41.553,2.12932,0,0,1.48245,0.0783232,0.36288,3.6288,54.4805,0.408696,0,0,0.739905,0.210113,0,0.66528,12.849,1,0.641627,0.36288,0,24.2889,3.76047,20.2496,0.84672,12.849,0.84672,3695.15,0,36.966,0.277925,0.622175,1.82004,4.99582,0.886399,6.27371,0.42336,36.966,0.42336,423.524,0,1.02816,0,0,1.65034,0.622175,1.028160,1,0,26.5233,0,0,0,26.5233,0
41.0129,2.11752,0,0,2.11795,0.177701,0.36288,3.6288,54.5176,0.409064,0,0,0.642839,0.196598,0,0.66528,12.849,1,0.654778,0.36288,0,37.2968,3.89676,33.1081,0.84672,12.849,0.84672,3695.15,0,36.966,0.277557,0.544605,1.84412,5.31752,1.06002,6.36867,0.42336,36.966,0.42336,423.524,0,1.02816,0,0,1.57277,0.544605,1.028160,1,0,39.4768,0,0,0,39.4768,0
40.1125,2.11197,0,0,1.75109,0.176575,0.36288,3.6288,54.4657,0.409177,0,0,0.5539,0.196646,0,0.66528,12.849,1,0.661664,0.36288,0,29.9115,3.89676,25.716,0.84672,12.849,0.84672,3695.15,0,36.966,0.277445,0.67913,1.84437,5.15794,1.06002,6.34398,0.42336,36.966,0.42336,423.524,0,1.02816,0,0,1.70729,0.67913,1.028160,1,0,32.0599,0,0,0,32.0599,0
42.0862,1.94125,0,0,4.45249,0.174697,0.36288,3.6288,55.7338,0.30873,0,0,1.77336,0.196579,0,0.66528,12.849,1,0.621829,0.36288,0,83.4507,3.89676,79.295,0.84672,12.849,0.84672,3695.15,0,36.966,0.209536,4.167,1.84462,12.0544,1.06002,16.7964,0.42336,36.966,0.42336,423.524,0,1.02816,0,0,5.19516,4.167,1.028160,1,0,96.0915,0,0,0,96.0915,0
43.6271,1.83559,0,0,3.9067,0.167286,0.36288,3.6288,57.0196,0.412786,0,0,1.88068,0.182014,0,0.66528,12.849,1,0.56041,0.36288,0,81.5801,3.7554,77.6272,0.84672,12.849,0.84672,3695.15,0,36.966,0.273785,2.19234,1.67509,11.3549,0.975323,13.9733,0.42336,36.966,0.42336,423.524,0,1.02816,0,0,3.2205,2.19234,1.028160,1,0,91.6004,0,0,0,91.6004,0
44.4613,1.85183,0,0,3.249,0.200147,0.36288,3.6288,58.4268,0.416532,0,0,1.99086,0.167141,0,0.66528,12.849,1,0.5454,0.36288,0,92.216,3.68655,88.3469,0.84672,12.849,0.84672,3695.15,0,36.966,0.270039,2.1268,1.77381,10.1726,0.927426,12.8757,0.42336,36.966,0.42336,423.524,0,1.02816,0,0,3.15496,2.1268,1.028160,1,0,101.223,0,0,0,101.223,0
50.997,1.86073,0,0,8.96142,0.20206,0.36288,3.6288,60.3667,0.420516,0,0,2.52906,0.16867,0,0.66528,12.849,1,0.537737,0.36288,0,91.5667,3.68655,87.7053,0.84672,12.849,0.84672,3695.15,0,36.966,0.266056,2.75748,1.77404,12.9718,0.927426,16.3098,0.42336,36.966,0.42336,423.524,0,1.02816,0,0,3.78564,2.75748,1.028160,1,0,104.015,0,0,0,104.015,0
53.768,1.91676,0,0,5.26919,0.218538,0.36288,3.6288,61.308,0.425818,0,0,1.88266,0.168444,0.347093,0.66528,12.849,1,0.482938,0.36288,0,167.557,3.70919,163.728,0.84672,12.849,0.84672,3695.15,0,36.966,0.260753,1.99022,1.77427,11.4164,0.908167,14.012,0.42336,36.966,0.42336,423.524,0,1.02816,0,0,3.01838,1.99022,1.028160,1,0,178.087,0,0,0,178.087,0
55.514,2.00371,0,0,4.34739,0.234809,0.36288,3.6288,61.308,0.458768,0,0,2.05537,0.179128,1.41747,0.66528,12.849,1,0.478828,0.36288,0,110.026,3.97121,105.939,0.84672,12.849,0.84672,3695.15,0,36.966,0.276617,2.24276,1.7745,10.308,0.88879,13.1598,0.42336,36.966,0.42336,423.524,0,1.02816,0,0,3.27092,2.24276,1.028160,1,0,120.516,0,0,0,120.516,0
56.9588,2.05657,0,0,4.08739,0.223161,0.36288,3.6288,61.308,0.428315,0,0,1.11645,0.203683,0.484455,0.66528,12.849,1,0.476004,0.36288,0,106.752,3.91935,102.72,0.84672,12.849,0.84672,3695.15,0,36.966,0.258255,2.6865,1.82774,6.73669,0.864477,10.1282,0.42336,36.966,0.42336,423.524,0,1.02816,0,0,3.71466,2.6865,1.028160,1,0,113.333,0,0,0,113.333,0
57.9235,2.06742,0,0,3.61844,0.223478,0.36288,3.6288,61.308,0.428315,0,0,0.953925,0.197877,0.327733,0.66528,12.849,1,0.466378,0.36288,0,95.3675,3.85812,91.4058,0.84672,12.849,0.84672,3695.15,0,36.966,0.258255,2.31066,1.7994,6.01476,0.820349,9.04622,0.42336,36.966,0.42336,423.524,0,1.02816,0,0,3.33882,2.31066,1.028160,1,0,100.78,0,0,0,100.78,0
58.5506,2.07478,0,0,3.2904,0.225602,0.36288,3.6288,61.308,0.428315,0,0,0.867767,0.197877,0.241575,0.66528,12.849,1,0.460243,0.36288,0,86.2747,3.85812,82.3192,0.84672,12.849,0.84672,3695.15,0,36.966,0.258255,2.01642,1.79963,5.53179,0.820349,8.26924,0.42336,36.966,0.42336,423.524,0,1.02816,0,0,3.04458,2.01642,1.028160,1,0,90.83,0,0,0,90.83,0
58.8843,2.29502,0,0,3.22917,0.237536,0.36288,3.6288,61.308,0.542786,0,0,0.881634,0.199051,0.139797,0.66528,12.849,1,0.503645,0.36288,0,83.8901,3.9255,79.8238,0.84672,12.849,0.84672,3695.15,0,36.966,0.327276,2.06766,1.79986,5.7564,0.858049,8.43859,0.42336,36.966,0.42336,423.524,0,1.02816,0,0,3.09582,2.06766,1.028160,1,0,88.4022,0,0,0,88.4022,0
60.1737,2.42459,0,0,4.34736,0.270483,0.36288,3.6288,61.308,0.446938,0,0,1.41337,0.222428,0.743999,0.66528,12.849,1,0.529064,0.36288,0,136.981,4.11819,132.697,0.84672,12.849,0.84672,3695.15,0,36.966,0.269484,4.18421,1.99104,10.5489,1.0003,15.4543,0.42336,36.966,0.42336,423.524,0,1.02816,0,0,5.21237,4.18421,1.028160,1,0,148.895,0,0,0,148.895,0
62.3364,2.43463,0,0,5.22878,0.268563,0.36288,3.6288,61.308,0.447252,0,0,1.40792,0.22515,0.735521,0.66528,12.849,1,0.519872,0.36288,0,129.009,4.08293,124.769,0.84672,12.849,0.84672,3695.15,0,36.966,0.269673,3.95174,1.90138,9.06051,0.986304,13.6576,0.42336,36.966,0.42336,423.524,0,1.02816,0,0,4.9799,3.95174,1.028160,1,0,139.162,0,0,0,139.162,0
63.1673,2.45029,0,0,3.93036,0.286348,0.36288,3.6288,61.308,0.447566,0,0,1.27119,0.192256,0.631373,0.66528,12.849,1,0.505063,0.36288,0,141.147,3.6459,137.359,0.84672,12.849,0.84672,3695.15,0,36.966,0.269862,3.46156,1.90193,8.1845,0.893266,12.3849,0.42336,36.966,0.42336,423.524,0,1.02816,0,0,4.48972,3.46156,1.028160,1,0,150.375,0,0,0,150.375,0
66.5714,2.14514,0,0,6.20566,0.293491,0.36288,3.6288,61.308,0.294081,0,0,1.52144,0.179099,1.04826,0.66528,12.849,1,0.436348,0.36288,0,190.53,3.47109,186.986,0.84672,12.849,0.84672,3695.15,0,36.966,0.177318,4.50909,1.90248,9.78817,0.85605,15.1664,0.42336,36.966,0.42336,423.524,0,1.02816,0,0,5.53725,4.50909,1.028160,1,0,203.2,0,0,0,203.2,0
70.0879,1.98449,0,0,6.18076,0.316917,0.36288,3.6288,61.308,0.428304,0,0,3.5165,0.246655,2.84154,0.66528,12.849,1,0.383027,0.36288,0,272.014,3.99557,267.998,0.84672,12.849,0.84672,3695.15,0,36.966,0.258248,5.63687,1.64233,19.4588,1.02512,25.4547,0.42336,36.966,0.42336,423.524,0,1.02816,0,0,6.66503,5.63687,1.028160,1,0,296.294,0,0,0,296.294,0
72.29,2.00172,0,0,5.37978,0.330985,0.844984,3.6288,61.308,0.428304,0,0,2.17312,0.248309,1.49651,0.66528,12.849,1,0.366969,0.844984,0,250.697,3.92616,247.249,0.84672,12.849,0.84672,3695.15,0,36.966,0.258248,4.09908,1.76846,13.0012,1.00725,17.6032,0.42336,36.966,0.42336,423.524,0,1.02816,0,0,5.12724,4.09908,1.028160,1,0,266.349,0,0,0,266.349,0
72.29,2.01221,0,0,8.06015,0.336609,5.71133,3.6288,61.308,0.428304,0,0,3.89983,0.248309,3.22322,0.66528,12.849,1,0.357655,5.71133,0,238.446,3.92616,239.873,0.84672,12.849,0.84672,3695.15,0,36.966,0.258248,7.90382,1.76868,18.8308,1.00725,27.2378,0.42336,36.966,0.42336,423.524,0,1.02816,0,0,8.93198,7.90382,1.028160,1,0,270.334,0,0,0,270.334,0
72.29,2.01321,0,0,9.87345,0.337142,7.5231,3.6288,61.308,0.428304,0,0,5.38425,0.2256,4.73035,0.66528,12.849,1,0.357832,7.5231,0,253.336,3.82197,256.679,0.84672,12.849,0.84672,3695.15,0,36.966,0.258248,8.13802,1.7689,22.984,0.969703,31.663,0.42336,36.966,0.42336,423.524,0,1.02816,0,0,9.16618,8.13802,1.028160,1,0,293.073,0,0,0,293.073,0
72.29,2.09441,0,0,6.04174,0.31292,3.63442,3.6288,61.308,0.465983,0,0,2.39445,0.188176,1.74029,0.66528,12.849,1,0.372265,3.63442,0,200.509,3.77331,199.998,0.84672,12.849,0.84672,3695.15,0,36.966,0.280967,3.93478,1.76912,12.3846,0.968449,16.8391,0.42336,36.966,0.42336,423.524,0,1.02816,0,0,4.96294,3.93478,1.028160,1,0,218.578,0,0,0,218.578,0
72.29,2.14671,0,0,5.38909,0.27885,2.96352,3.6288,61.308,0.428315,0,0,3.24073,0.213977,2.59843,0.66528,12.849,1,0.381562,2.96352,0,168.561,4.05573,167.087,0.84672,12.849,0.84672,3695.15,0,36.966,0.258255,3.70635,1.8337,10.0317,1.09194,14.2216,0.42336,36.966,0.42336,423.524,0,1.02816,0,0,4.73451,3.70635,1.028160,1,0,183.907,0,0,0,183.907,0
72.29,2.14775,0,0,6.24233,0.271305,3.82327,3.6288,61.308,0.428315,0,0,4.24242,0.213145,3.60096,0.66528,12.849,1,0.381747,3.82327,0,179.755,4.10515,179.092,0.84672,12.849,0.84672,3695.15,0,36.966,0.258255,5.92494,1.7986,16.3376,1.09516,22.7078,0.42336,36.966,0.42336,423.524,0,1.02816,0,0,6.9531,5.92494,1.028160,1,0,205.4,0,0,0,205.4,0
72.29,2.14879,0,0,4.79727,0.241993,2.40648,3.6288,61.308,0.428315,0,0,3.02605,0.214216,2.38352,0.66528,12.849,1,0.381931,2.40648,0,143.87,4.26856,141.626,0.84672,12.849,0.84672,3695.15,0,36.966,0.258255,4.26724,1.79883,8.6235,1.11611,13.3152,0.42336,36.966,0.42336,423.524,0,1.02816,0,0,5.2954,4.26724,1.028160,1,0,157.325,0,0,0,157.325,0
72.29,2.11843,0,0,4.44049,0.27058,2.05147,3.6288,61.308,0.413664,0,0,2.67513,0.227457,2.034,0.66528,12.849,1,0.376535,2.05147,0,120.906,3.8871,118.693,0.84672,12.849,0.84672,3695.15,0,36.966,0.249421,3.87639,1.79906,7.76105,1.11071,12.0764,0.42336,36.966,0.42336,423.524,0,1.02816,0,0,4.90455,3.87639,1.028160,1,0,132.804,0,0,0,132.804,0
72.29,2.09952,0,0,4.74129,0.202769,2.439,3.6288,61.308,0.428311,0,0,1.7094,0.215916,1.06517,0.66528,12.849,1,0.373174,2.439,0,139.587,3.59541,138.057,0.84672,12.849,0.84672,3695.15,0,36.966,0.258252,2.93718,1.77421,7.37459,1.05328,10.7744,0.42336,36.966,0.42336,423.524,0,1.02816,0,0,3.96534,2.93718,1.028160,1,0,149.897,0,0,0,149.897,0
72.29,2.10054,0,0,3.61333,0.202769,1.31001,3.6288,61.308,0.428311,0,0,1.30844,0.215916,0.664215,0.66528,12.849,1,0.373356,1.31001,0,104.191,3.59541,101.532,0.84672,12.849,0.84672,3695.15,0,36.966,0.258252,2.89349,1.78818,7.10346,1.05328,10.4736,0.42336,36.966,0.42336,423.524,0,1.02816,0,0,3.92165,2.89349,1.028160,1,0,112.67,0,0,0,112.67,0
72.29,2.10157,0,0,3.41143,0.202769,1.1071,3.6288,61.308,0.428311,0,0,1.0727,0.215916,0.428472,0.66528,12.849,1,0.373538,1.1071,0,76.9936,3.59541,74.1318,0.84672,12.849,0.84672,3695.15,0,36.966,0.258253,1.99325,1.7884,6.06159,1.05328,8.53171,0.42336,36.966,0.42336,423.524,0,1.02816,0,0,3.02141,1.99325,1.028160,1,0,83.092,0,0,0,83.092,0
72.29,2.20928,0,0,2.95177,0.147647,0.594843,3.6288,61.308,0.480327,0,0,0.982031,0.228403,0.273301,0.66528,12.849,1,0.392683,0.594843,0,70.1257,3.84599,66.4819,0.84672,12.849,0.84672,3695.15,0,36.966,0.289616,1.75874,1.78863,5.74472,1.14218,7.86029,0.42336,36.966,0.42336,423.524,0,1.02816,0,0,2.7869,1.75874,1.028160,1,0,74.6155,0,0,0,74.6155,0
72.29,2.28113,0,0,2.94862,0.129697,0.537788,3.6288,61.308,0.428326,0,0,1.02656,0.237763,0.360472,0.66528,12.849,1,0.405454,0.537788,0,70.4229,4.52619,66.0291,0.84672,12.849,0.84672,3695.15,0,36.966,0.258262,1.60499,1.87682,5.35035,1.13282,7.44109,0.42336,36.966,0.42336,423.524,0,1.02816,0,0,2.63315,1.60499,1.028160,1,0,73.8306,0,0,0,73.8306,0
72.29,2.28221,0,0,3.02714,0.131336,0.613594,3.6288,61.308,0.428326,0,0,1.07824,0.239509,0.410402,0.66528,12.849,1,0.405645,0.613594,0,65.442,4.75818,60.8917,0.84672,12.849,0.84672,3695.15,0,36.966,0.258262,1.63542,1.82828,4.975,1.11485,7.06559,0.42336,36.966,0.42336,423.524,0,1.02816,0,0,2.66358,1.63542,1.028160,1,0,68.3677,0,0,0,68.3677,0
72.2091,2.28328,0,0,2.70645,0.141171,0.36288,3.6288,61.308,0.428326,0,0,1.03708,0.236875,0.371875,0.66528,12.849,1,0.405836,0.36288,0,62.0406,4.58895,57.4087,0.84672,12.849,0.84672,3695.15,0,36.966,0.258262,1.75413,1.82852,4.5974,1.12137,6.80041,0.42336,36.966,0.42336,423.524,0,1.02816,0,0,2.78229,1.75413,1.028160,1,0,64.581,0,0,0,64.581,0
72.0082,2.28397,0,0,2.58936,0.143449,0.36288,3.6288,61.308,0.428326,0,0,1.01568,0.238593,0.348756,0.66528,12.849,1,0.406413,0.36288,0,57.6046,4.22999,53.3311,0.84672,12.849,0.84672,3695.15,0,36.966,0.258262,1.72961,1.82875,4.34718,1.15674,6.49054,0.42336,36.966,0.42336,423.524,0,1.02816,0,0,2.75777,1.72961,1.028160,1,0,60.1704,0,0,0,60.1704,0
71.9919,2.26297,0,0,2.70469,0.0951542,0.36288,3.6288,61.308,0.456957,0,0,0.942909,0.234814,0.251138,0.66528,12.849,1,0.4038,0.36288,0,57.1705,4.33261,52.797,0.84672,12.849,0.84672,3695.15,0,36.966,0.275525,1.56719,1.82899,4.46025,1.13635,6.44456,0.42336,36.966,0.42336,423.524,0,1.02816,0,0,2.59535,1.56719,1.028160,1,0,59.4927,0,0,0,59.4927,0
72.0781,2.3029,0,0,2.85694,0.104947,0.36288,3.6288,61.308,0.428335,0,0,0.805196,0.202103,0.174759,0.66528,12.849,1,0.411018,0.36288,0,60.0446,4.25576,55.7407,0.84672,12.849,0.84672,3695.15,0,36.966,0.258267,1.32259,1.86002,4.4264,1.0457,6.30505,0.42336,36.966,0.42336,423.524,0,1.02816,0,0,2.35075,1.32259,1.028160,1,0,62.2205,0,0,0,62.2205,0
71.9118,2.3044,0,0,2.60126,0.100263,0.36288,3.6288,61.308,0.428335,0,0,0.761486,0.213072,0.12008,0.66528,12.849,1,0.410794,0.36288,0,52.8567,4.3969,48.4119,0.84672,12.849,0.84672,3695.15,0,36.966,0.258267,1.09805,1.83341,4.29616,1.09722,5.87214,0.42336,36.966,0.42336,423.524,0,1.02816,0,0,2.12621,1.09805,1.028160,1,0,54.4041,0,0,0,54.4041,0
71.6422,2.30467,0,0,2.46962,0.0716535,0.36288,3.6288,61.308,0.428335,0,0,0.713318,0.278886,0.00609732,0.66528,12.849,1,0.411793,0.36288,0,47.6731,5.24381,42.3804,0.84672,12.849,0.84672,3695.15,0,36.966,0.258267,1.12717,1.83365,4.09671,1.40635,5.3929,0.42336,36.966,0.42336,423.524,0,1.02816,0,0,2.15533,1.12717,1.028160,1,0,47.7794,0,0,0,47.7794,0
71.0407,2.35899,0,0,2.19185,0.0715065,0.36288,3.6288,61.2476,0.45388,0,0,0.672373,0.278886,0,0.66528,12.849,1,0.423085,0.36288,0,44.9672,5.24381,39.6632,0.84672,12.849,0.84672,3695.15,0,36.966,0.273669,1.09194,1.83389,3.92701,1.40635,5.17282,0.42336,36.966,0.42336,423.524,0,1.02816,0,0,2.1201,1.09194,1.028160,1,0,44.836,0,0,0,44.836,0
70.8348,2.38969,0,0,2.61133,0.064653,0.36288,3.6288,61.1355,0.429688,0,0,0.603975,0.286398,0,0.66528,12.849,1,0.432219,0.36288,0,47.5908,5.65708,41.8643,0.84672,12.849,0.84672,3695.15,0,36.966,0.259338,0.935634,1.87782,3.88142,1.48349,4.95204,0.42336,36.966,0.42336,423.524,0,1.02816,0,0,1.96379,0.935634,1.028160,1,0,46.8164,0,0,0,46.8164,0
70.5182,2.38931,0,0,2.50022,0.0645511,0.36288,3.6288,61.01,0.4297,0,0,0.590411,0.286195,0,0.66528,12.849,1,0.433407,0.36288,0,44.5339,5.65708,38.8063,0.84672,12.849,0.84672,3695.15,0,36.966,0.259821,0.975266,1.85552,3.98922,1.48349,5.0767,0.42336,36.966,0.42336,423.524,0,1.02816,0,0,2.00343,0.975266,1.028160,1,0,43.883,0,0,0,43.883,0
69.8828,2.38835,0,0,2.18013,0.0643943,0.36288,3.6288,60.8511,0.429675,0,0,0.556756,0.285968,0,0.66528,12.849,1,0.435177,0.36288,0,42.1926,5.65708,36.4632,0.84672,12.849,0.84672,3695.15,0,36.966,0.26034,0.789212,1.85606,3.81177,1.48349,4.71321,0.42336,36.966,0.42336,423.524,0,1.02816,0,0,1.81737,0.789212,1.028160,1,0,41.1764,0,0,0,41.1764,0
68.9262,2.54503,0,0,2.01061,0.0592677,0.36288,3.6288,60.5884,0.52161,0,0,0.547193,0.288263,0,0.66528,12.849,1,0.467942,0.36288,0,39.805,5.73186,33.9681,0.84672,12.849,0.84672,3695.15,0,36.966,0.316869,0.708895,1.85659,3.77706,1.49843,4.52725,0.42336,36.966,0.42336,423.524,0,1.02816,0,0,1.73705,0.708895,1.028160,1,0,38.4953,0,0,0,38.4953,0
67.9779,2.54028,0,0,2.01493,0.0600393,0.36288,3.6288,60.2967,0.52109,0,0,0.538152,0.308765,0,0.66528,12.849,1,0.473551,0.36288,0,34.7555,6.20967,28.4352,0.84672,12.849,0.84672,3695.15,0,36.966,0.317925,0.832559,2.0068,3.56162,1.54391,4.53913,0.42336,36.966,0.42336,423.524,0,1.02816,0,0,1.86072,0.832559,1.028160,1,0,32.9743,0,0,0,32.9743,0
67.4206,2.53546,0,0,2.40765,0.0666755,0.36288,3.6288,60.0253,0.520469,0,0,0.571595,0.322551,0,0.66528,12.849,1,0.479245,0.36288,0,34.2009,6.46265,27.6219,0.84672,12.849,0.84672,3695.15,0,36.966,0.319083,1.14166,2.00737,3.2061,1.58894,4.4471,0.42336,36.966,0.42336,423.524,0,1.02816,0,0,2.16982,1.14166,1.028160,1,0,32.069,0,0,0,32.069,0
66.4411,2.53286,0,0,1.98266,0.066384,0.36288,3.6288,59.6809,0.519908,0,0,0.497499,0.321994,0,0.66528,12.849,1,0.482711,0.36288,0,42.4584,6.46265,35.876,0.84672,12.849,0.84672,3695.15,0,36.966,0.32018,0.889108,2.00795,2.86034,1.58894,3.84828,0.42336,36.966,0.42336,423.524,0,1.02816,0,0,1.91727,0.889108,1.028160,1,0,39.7242,0,0,0,39.7242,0
65.6781,2.52762,0,0,2.19333,0.0658717,0.36288,3.6288,59.5239,0.519099,0,0,0.683402,0.321287,0,0.66528,12.849,1,0.488815,0.36288,0,36.4023,6.46265,29.8137,0.84672,12.849,0.84672,3695.15,0,36.966,0.321527,1.4817,2.00853,3.41815,1.58894,4.99791,0.42336,36.966,0.42336,423.524,0,1.02816,0,0,2.50986,1.4817,1.028160,1,0,34.8116,0,0,0,34.8116,0
64.9879,2.4466,0,0,2.20169,0.0823415,0.36288,3.6288,59.2615,0.463423,0,0,0.513463,0.3125,0,0.66528,12.849,1,0.478643,0.36288,0,35.2778,6.38653,28.7755,0.84672,12.849,0.84672,3695.15,0,36.966,0.287799,1.12317,2.0091,3.43737,1.54245,4.73941,0.42336,36.966,0.42336,423.524,0,1.02816,0,0,2.15133,1.12317,1.028160,1,0,33.5149,0,0,0,33.5149,0
63.5935,2.44305,0,0,1.53535,0.123827,0.36288,3.6288,58.8507,0.462953,0,0,0.343052,0.290847,0,0.66528,12.849,1,0.483025,0.36288,0,29.0892,6.19626,22.7728,0.84672,12.849,0.84672,3695.15,0,36.966,0.28878,0.493292,1.92294,1.81203,1.42622,2.51327,0.42336,36.966,0.42336,423.524,0,1.02816,0,0,1.52145,0.493292,1.028160,1,0,25.2861,0,0,0,25.2861,0
63.5753,2.43494,0,0,2.90208,0.12244,0.36288,3.6288,58.6866,0.462029,0,0,0.587977,0.290082,0,0.66528,12.849,1,0.491978,0.36288,0,34.6792,6.19626,28.3539,0.84672,12.849,0.84672,3695.15,0,36.966,0.290215,1.84563,1.92349,3.10612,1.42622,5.15881,0.42336,36.966,0.42336,423.524,0,1.02816,0,0,2.87379,1.84563,1.028160,1,0,33.5127,0,0,0,33.5127,0
61.9558,2.43553,0,0,1.3013,0.122422,0.36288,3.6288,58.2685,0.461845,0,0,0.333582,0.289777,0,0.66528,12.849,1,0.492236,0.36288,0,26.3686,6.19626,20.043,0.84672,12.849,0.84672,3695.15,0,36.966,0.290911,0.440839,1.92405,1.59713,1.42622,2.24489,0.42336,36.966,0.42336,423.524,0,1.02816,0,0,1.469,0.440839,1.028160,1,0,22.2879,0,0,0,22.2879,0
60.7146,2.36291,0,0,1.62977,0.145162,0.36288,3.6288,57.9935,0.410733,0,0,0.422117,0.286448,0,0.66528,12.849,1,0.490043,0.36288,0,25.1569,6.01579,19.014,0.84672,12.849,0.84672,3695.15,0,36.966,0.260572,0.506891,1.9246,1.95393,1.39906,2.72579,0.42336,36.966,0.42336,423.524,0,1.02816,0,0,1.53505,0.506891,1.028160,1,0,21.7397,0,0,0,21.7397,0
59.7094,2.34309,0,0,1.89283,0.192129,0.36288,3.6288,57.826,0.419324,0,0,0.433741,0.181861,0,0.66528,12.849,1,0.495866,0.36288,0,33.1545,4.14793,28.8736,0.84672,12.849,0.84672,3695.15,0,36.966,0.267284,0.459039,1.84765,2.14259,0.993737,3.18826,0.42336,36.966,0.42336,423.524,0,1.02816,0,0,1.4872,0.459039,1.028160,1,0,32.0619,0,0,0,32.0619,0
60.1413,2.33729,0,0,3.31665,0.184528,0.36288,3.6288,57.9605,0.418852,0,0,0.714008,0.160673,0,0.66528,12.849,1,0.502968,0.36288,0,44.7044,3.9165,40.6478,0.84672,12.849,0.84672,3695.15,0,36.966,0.267756,0.693446,1.85685,3.90579,0.949815,5.23852,0.42336,36.966,0.42336,423.524,0,1.02816,0,0,1.72161,0.693446,1.028160,1,0,45.8863,0,0,0,45.8863,0
59.9463,2.34135,0,0,2.69455,0.185293,0.36288,3.6288,58.2526,0.419231,0,0,0.872087,0.160813,0,0.66528,12.849,1,0.500222,0.36288,0,40.4263,3.9165,36.3725,0.84672,12.849,0.84672,3695.15,0,36.966,0.267377,1.7057,1.8571,3.5501,0.949815,5.8957,0.42336,36.966,0.42336,423.524,0,1.02816,0,0,2.73386,1.7057,1.028160,1,0,42.2682,0,0,0,42.2682,0
59.65,2.16395,0,0,2.44438,0.213931,0.36288,3.6288,58.4121,0.315498,0,0,0.646287,0.171264,0,0.66528,12.849,1,0.463824,0.36288,0,39.6535,4.09047,35.462,0.84672,12.849,0.84672,3695.15,0,36.966,0.200209,0.816018,1.85734,4.18344,0.99043,5.66616,0.42336,36.966,0.42336,423.524,0,1.02816,0,0,1.84418,0.816018,1.028160,1,0,41.1282,0,0,0,41.1282,0
63.0575,2.02247,0,0,6.03743,0.24457,0.36288,3.6288,59.8838,0.420467,0,0,2.07991,0.18774,0,0.66528,12.849,1,0.435653,0.36288,0,114.954,4.14711,110.734,0.84672,12.849,0.84672,3695.15,0,36.966,0.266092,2.3755,1.68524,9.49227,0.961521,12.3254,0.42336,36.966,0.42336,423.524,0,1.02816,0,0,3.40366,2.3755,1.028160,1,0,123.06,0,0,0,123.06,0
71.5336,2.04302,0,0,11.1281,0.246135,0.36288,3.6288,61.308,0.424511,0,0,3.69876,0.191605,1.65844,0.66528,12.849,1,0.416299,0.36288,0,239.052,4.01562,234.983,0.84672,12.849,0.84672,3695.15,0,36.966,0.262049,4.18671,1.78544,15.2727,0.899224,20.0836,0.42336,36.966,0.42336,423.524,0,1.02816,0,0,5.21487,4.18671,1.028160,1,0,256.725,0,0,0,256.725,0
72.29,2.08585,0,0,8.54453,0.263815,5.43845,3.6288,61.308,0.428309,0,0,4.84095,0.201381,4.21126,0.66528,12.849,1,0.374665,5.43845,0,201.58,4.13605,202.508,0.84672,12.849,0.84672,3695.15,0,36.966,0.258251,4.59448,1.78567,13.7703,0.946725,18.9455,0.42336,36.966,0.42336,423.524,0,1.02816,0,0,5.62264,4.59448,1.028160,1,0,225.664,0,0,0,225.664,0
72.29,2.0902,0,0,7.42314,0.269307,5.06364,3.6288,61.308,0.428309,0,0,2.5908,0.249589,1.9129,0.66528,12.849,1,0.371517,5.06364,0,129.56,4.85866,129.394,0.84672,12.849,0.84672,3695.15,0,36.966,0.258251,3.13247,1.78589,11.0303,1.23173,14.4587,0.42336,36.966,0.42336,423.524,0,1.02816,0,0,4.16063,3.13247,1.028160,1,0,145.765,0,0,0,145.765,0
72.29,2.09057,0,0,13.7926,0.272296,11.4297,3.6288,61.308,0.428034,0,0,4.17294,0.244183,3.50072,0.66528,12.849,1,0.371583,11.4297,0,204.174,4.72467,210.508,0.84672,12.849,0.84672,3695.15,0,36.966,0.258086,7.52719,1.78612,18.3679,1.19968,26.2235,0.42336,36.966,0.42336,423.524,0,1.02816,0,0,8.55535,7.52719,1.028160,1,0,240.232,0,0,0,240.232,0
72.29,2.05933,0,0,7.04615,0.29023,4.6966,3.6288,61.308,0.534328,0,0,1.69951,0.211749,0.953437,0.66528,12.849,1,0.36603,4.6966,0,112.897,3.9207,113.307,0.84672,12.849,0.84672,3695.15,0,36.966,0.322176,3.70456,1.78586,15.0368,1.00736,19.1977,0.42336,36.966,0.42336,423.524,0,1.02816,0,0,4.73272,3.70456,1.028160,1,0,133.458,0,0,0,133.458,0
72.29,2.05997,0,0,7.59136,0.29023,5.24117,3.6288,61.308,0.5346,0,0,3.20911,0.211749,2.46276,0.66528,12.849,1,0.366144,5.24117,0,190.712,3.9207,191.667,0.84672,12.849,0.84672,3695.15,0,36.966,0.32234,7.23197,1.9106,21.9713,1.00736,29.7842,0.42336,36.966,0.42336,423.524,0,1.02816,0,0,8.26013,7.23197,1.028160,1,0,223.914,0,0,0,223.914,0
72.29,2.06061,0,0,6.56889,0.29023,4.21805,3.6288,61.308,0.534873,0,0,3.15986,0.211749,2.41324,0.66528,12.849,1,0.366257,4.21805,0,167.899,3.9207,167.83,0.84672,12.849,0.84672,3695.15,0,36.966,0.322505,3.86428,1.91108,13.8963,1.00736,18.3418,0.42336,36.966,0.42336,423.524,0,1.02816,0,0,4.89244,3.86428,1.028160,1,0,188.586,0,0,0,188.586,0
72.29,2.06125,0,0,6.77953,0.289125,4.42916,3.6288,61.308,0.535146,0,0,1.67842,0.185895,0.957383,0.66528,12.849,1,0.366371,4.42916,0,150.454,3.58688,150.929,0.84672,12.849,0.84672,3695.15,0,36.966,0.322669,2.80987,1.91156,10.7527,0.936913,14.2146,0.42336,36.966,0.42336,423.524,0,1.02816,0,0,3.83803,2.80987,1.028160,1,0,166.101,0,0,0,166.101,0
72.29,2.28804,0,0,5.45969,0.309245,2.86241,3.6288,61.308,0.651608,0,0,1.91235,0.174536,1.08621,0.66528,12.849,1,0.406682,2.86241,0,120.529,3.33672,119.648,0.84672,12.849,0.84672,3695.15,0,36.966,0.392891,2.82771,1.91204,11.3237,0.861748,14.8088,0.42336,36.966,0.42336,423.524,0,1.02816,0,0,3.85587,2.82771,1.028160,1,0,135.543,0,0,0,135.543,0
72.29,2.28875,0,0,5.58734,0.31747,2.98112,3.6288,61.308,0.651913,0,0,1.87167,0.174128,1.04563,0.66528,12.849,1,0.406807,2.98112,0,103.686,3.29007,102.97,0.84672,12.849,0.84672,3695.15,0,36.966,0.393074,2.30334,2.10633,8.87311,0.842954,12.0467,0.42336,36.966,0.42336,423.524,0,1.02816,0,0,3.3315,2.30334,1.028160,1,0,116.063,0,0,0,116.063,0
72.29,2.28945,0,0,4.67723,0.309679,2.0781,3.6288,61.308,0.652218,0,0,2.12459,0.190727,1.28165,0.66528,12.849,1,0.406932,2.0781,0,94.6987,3.68319,92.6867,0.84672,12.849,0.84672,3695.15,0,36.966,0.393258,2.54268,2.10686,10.085,0.965942,13.3753,0.42336,36.966,0.42336,423.524,0,1.02816,0,0,3.57084,2.54268,1.028160,1,0,107.344,0,0,0,107.344,0
72.29,2.29015,0,0,5.53054,0.28464,2.95575,3.6288,61.308,0.652523,0,0,2.0161,0.196335,1.16724,0.66528,12.849,1,0.407057,2.95575,0,97.4661,4.55873,95.4561,0.84672,12.849,0.84672,3695.15,0,36.966,0.393442,2.73973,2.10739,11.4353,1.27534,14.6136,0.42336,36.966,0.42336,423.524,0,1.02816,0,0,3.76789,2.73973,1.028160,1,0,111.237,0,0,0,111.237,0
72.29,1.96793,0,0,5.34637,0.307462,3.07098,3.6288,61.308,0.496728,0,0,2.17867,0.179469,1.50247,0.66528,12.849,1,0.349784,3.07098,0,116.762,3.24402,116.239,0.84672,12.849,0.84672,3695.15,0,36.966,0.299505,2.47719,2.10793,10.1181,0.910767,13.493,0.42336,36.966,0.42336,423.524,0,1.02816,0,0,3.50535,2.47719,1.028160,1,0,131.234,0,0,0,131.234,0
72.29,1.96854,0,0,5.79448,0.329817,3.49612,3.6288,61.308,0.49699,0,0,2.51066,0.166577,1.8471,0.66528,12.849,1,0.349893,3.49612,0,122.151,2.94105,122.357,0.84672,12.849,0.84672,3695.15,0,36.966,0.299663,2.25665,1.84387,11.0263,0.886671,13.9405,0.42336,36.966,0.42336,423.524,0,1.02816,0,0,3.28481,2.25665,1.028160,1,0,138.144,0,0,0,138.144,0
72.29,1.96916,0,0,7.661,0.329817,5.36203,3.6288,61.308,0.497253,0,0,3.70246,0.166577,3.03864,0.66528,12.849,1,0.350003,5.36203,0,181.841,2.94105,183.912,0.84672,12.849,0.84672,3695.15,0,36.966,0.299821,4.07006,1.84433,16.6932,0.886671,21.4211,0.42336,36.966,0.42336,423.524,0,1.02816,0,0,5.09822,4.07006,1.028160,1,0,208.372,0,0,0,208.372,0
72.29,1.96977,0,0,8.43273,0.332322,6.13063,3.6288,61.308,0.497515,0,0,4.43003,0.197173,3.73534,0.66528,12.849,1,0.350112,6.13063,0,188.486,3.80727,190.459,0.84672,12.849,0.84672,3695.15,0,36.966,0.299979,5.34474,1.84479,23.1092,1.02007,28.9787,0.42336,36.966,0.42336,423.524,0,1.02816,0,0,6.3729,5.34474,1.028160,1,0,223.173,0,0,0,223.173,0
72.29,1.97039,0,0,6.82595,0.317556,4.538,3.6288,61.308,0.497777,0,0,3.15654,0.214734,2.44403,0.66528,12.849,1,0.350221,4.538,0,188.067,4.52812,187.727,0.84672,12.849,0.84672,3695.15,0,36.966,0.300137,3.28879,1.84525,15.8766,1.1411,19.5694,0.42336,36.966,0.42336,423.524,0,1.02816,0,0,4.31695,3.28879,1.028160,1,0,209.74,0,0,0,209.74,0
72.29,2.0524,0,0,9.63144,0.275941,7.3031,3.6288,61.308,0.53628,0,0,3.30087,0.201267,2.56332,0.66528,12.849,1,0.364798,7.3031,0,250.598,4.7061,252.83,0.84672,12.849,0.84672,3695.15,0,36.966,0.323353,4.30753,1.84571,19.5261,1.19356,24.1625,0.42336,36.966,0.42336,423.524,0,1.02816,0,0,5.33569,4.30753,1.028160,1,0,279.556,0,0,0,279.556,0
72.29,2.05303,0,0,5.89892,0.275941,3.56994,3.6288,61.308,0.536553,0,0,2.20613,0.201267,1.46831,0.66528,12.849,1,0.364911,3.56994,0,144.498,4.7061,142.997,0.84672,12.849,0.84672,3695.15,0,36.966,0.323518,2.77137,1.91149,13.5429,1.19356,16.7086,0.42336,36.966,0.42336,423.524,0,1.02816,0,0,3.79953,2.77137,1.028160,1,0,161.174,0,0,0,161.174,0
72.29,2.05367,0,0,4.97375,0.275941,2.64413,3.6288,61.308,0.536826,0,0,1.93121,0.201267,1.19312,0.66528,12.849,1,0.365025,2.64413,0,110.264,4.7061,107.837,0.84672,12.849,0.84672,3695.15,0,36.966,0.323682,2.56553,1.91197,12.3393,1.19356,15.2996,0.42336,36.966,0.42336,423.524,0,1.02816,0,0,3.59369,2.56553,1.028160,1,0,124.329,0,0,0,124.329,0
72.29,2.05431,0,0,4.44694,0.275941,2.11669,3.6288,61.308,0.537099,0,0,1.7622,0.201267,1.02383,0.66528,12.849,1,0.365138,2.11669,0,93.7146,4.7061,90.7601,0.84672,12.849,0.84672,3695.15,0,36.966,0.323847,2.31001,1.91245,11.2495,1.19356,13.9546,0.42336,36.966,0.42336,423.524,0,1.02816,0,0,3.33817,2.31001,1.028160,1,0,105.738,0,0,0,105.738,0
72.29,2.02309,0,0,4.94614,0.16834,2.75471,3.6288,61.308,0.522503,0,0,1.78616,0.208696,1.05496,0.66528,12.849,1,0.359588,2.75471,0,100.596,4.50828,98.4832,0.84672,12.849,0.84672,3695.15,0,36.966,0.315046,1.36427,1.91293,10.4204,1.10028,12.2823,0.42336,36.966,0.42336,423.524,0,1.02816,0,0,2.39243,1.36427,1.028160,1,0,111.821,0,0,0,111.821,0
72.29,2.02372,0,0,4.72689,0.16834,2.53484,3.6288,61.308,0.522772,0,0,1.87383,0.208696,1.14237,0.66528,12.849,1,0.3597,2.53484,0,100.629,4.50828,98.2961,0.84672,12.849,0.84672,3695.15,0,36.966,0.315209,2.22784,1.88796,9.76596,1.10028,12.4663,0.42336,36.966,0.42336,423.524,0,1.02816,0,0,3.256,2.22784,1.028160,1,0,111.905,0,0,0,111.905,0
72.29,2.02434,0,0,4.77469,0.145505,2.60484,3.6288,61.308,0.523041,0,0,1.89537,0.215714,1.15661,0.66528,12.849,1,0.359812,2.60484,0,98.7664,4.62762,96.3838,0.84672,12.849,0.84672,3695.15,0,36.966,0.315371,2.80512,1.88843,10.3696,1.15099,13.5968,0.42336,36.966,0.42336,423.524,0,1.02816,0,0,3.83328,2.80512,1.028160,1,0,111.137,0,0,0,111.137,0
72.29,2.02497,0,0,4.16907,0.0884186,2.05568,3.6288,61.308,0.523311,0,0,1.71754,0.233259,0.960968,0.66528,12.849,1,0.359924,2.05568,0,84.0145,4.92597,80.7843,0.84672,12.849,0.84672,3695.15,0,36.966,0.315533,2.46533,1.8889,8.86689,1.27776,11.6278,0.42336,36.966,0.42336,423.524,0,1.02816,0,0,3.49349,2.46533,1.028160,1,0,93.3731,0,0,0,93.3731,0
72.29,2.13387,0,0,3.96985,0.113144,1.72283,3.6288,61.308,0.576366,0,0,1.68125,0.193376,0.911506,0.66528,12.849,1,0.379279,1.72283,0,78.7821,4.12155,76.0041,0.84672,12.849,0.84672,3695.15,0,36.966,0.347523,2.19255,1.88938,9.48059,1.0368,12.1782,0.42336,36.966,0.42336,423.524,0,1.02816,0,0,3.22071,2.19255,1.028160,1,0,89.0938,0,0,0,89.0938,0
72.29,2.13453,0,0,3.94666,0.131688,1.68044,3.6288,61.308,0.57665,0,0,1.522,0.163465,0.781882,0.66528,12.849,1,0.379397,1.68044,0,76.8563,3.51824,74.6391,0.84672,12.849,0.84672,3695.15,0,36.966,0.347694,1.79456,1.97912,9.7619,0.856078,12.3318,0.42336,36.966,0.42336,423.524,0,1.02816,0,0,2.82272,1.79456,1.028160,1,0,87.7528,0,0,0,87.7528,0
72.29,2.13519,0,0,3.68289,0.131688,1.41601,3.6288,61.308,0.576934,0,0,1.46269,0.163465,0.722293,0.66528,12.849,1,0.379514,1.41601,0,69.1174,3.51824,66.6357,0.84672,12.849,0.84672,3695.15,0,36.966,0.347866,1.41029,1.97961,8.4856,0.856078,10.6716,0.42336,36.966,0.42336,423.524,0,1.02816,0,0,2.43845,1.41029,1.028160,1,0,78.0295,0,0,0,78.0295,0
72.29,2.13585,0,0,3.46609,0.0580143,1.27223,3.6288,61.308,0.577218,0,0,1.37895,0.268431,0.533303,0.66528,12.849,1,0.379631,1.27223,0,66.8097,4.94434,62.7579,0.84672,12.849,0.84672,3695.15,0,36.966,0.348037,1.19857,1.98011,7.64182,1.23795,9.23451,0.42336,36.966,0.42336,423.524,0,1.02816,0,0,2.22673,1.19857,1.028160,1,0,72.5257,0,0,0,72.5257,0
72.29,2.13651,0,0,3.28153,0.0627986,1.08222,3.6288,61.308,0.577502,0,0,1.30039,0.256212,0.466675,0.66528,12.849,1,0.379748,1.08222,0,59.0231,4.86203,54.8636,0.84672,12.849,0.84672,3695.15,0,36.966,0.348208,1.44494,1.98061,7.3974,1.18986,9.28489,0.42336,36.966,0.42336,423.524,0,1.02816,0,0,2.4731,1.44494,1.028160,1,0,64.6151,0,0,0,64.6151,0
72.29,2.11573,0,0,3.09417,0.0747595,0.903677,3.6288,61.308,0.606838,0,0,1.21718,0.225664,0.384675,0.66528,12.849,1,0.376055,0.903677,0,52.7885,4.65622,48.6599,0.84672,12.849,0.84672,3695.15,0,36.966,0.365896,2.1977,1.98111,8.23392,1.06961,10.9772,0.42336,36.966,0.42336,423.524,0,1.02816,0,0,3.22586,2.1977,1.028160,1,0,60.0218,0,0,0,60.0218,0
72.29,2.11638,0,0,2.81745,0.0747595,0.62631,3.6288,61.308,0.60713,0,0,1.20488,0.225664,0.372088,0.66528,12.849,1,0.376171,0.62631,0,52.3803,4.65622,47.9742,0.84672,12.849,0.84672,3695.15,0,36.966,0.366073,2.20229,2.01285,7.92487,1.06961,10.7043,0.42336,36.966,0.42336,423.524,0,1.02816,0,0,3.23045,2.20229,1.028160,1,0,59.0506,0,0,0,59.0506,0
72.2845,2.11704,0,0,2.54915,0.0747595,0.36288,3.6288,61.308,0.607422,0,0,1.11817,0.225664,0.285085,0.66528,12.849,1,0.376287,0.36288,0,47.038,4.65622,42.3683,0.84672,12.849,0.84672,3695.15,0,36.966,0.366249,1.80159,2.01336,7.60061,1.06961,9.9797,0.42336,36.966,0.42336,423.524,0,1.02816,0,0,2.82975,1.80159,1.028160,1,0,52.6331,0,0,0,52.6331,0
72.1863,2.11767,0,0,2.42861,0.0461961,0.36288,3.6288,61.308,0.607715,0,0,1.05799,0.291478,0.158801,0.66528,12.849,1,0.376428,0.36288,0,42.6129,5.50312,37.0962,0.84672,12.849,0.84672,3695.15,0,36.966,0.366425,1.81544,2.01386,7.20118,1.37874,9.28531,0.42336,36.966,0.42336,423.524,0,1.02816,0,0,2.8436,1.81544,1.028160,1,0,46.5404,0,0,0,46.5404,0
72.053,2.1733,0,0,2.46329,0.0604485,0.36288,3.6288,61.2939,0.633927,0,0,0.91857,0.298701,0,0.66528,12.849,1,0.386843,0.36288,0,41.3789,5.64787,35.707,0.84672,12.849,0.84672,3695.15,0,36.966,0.38223,1.70797,2.01437,6.40457,1.46408,8.28061,0.42336,36.966,0.42336,423.524,0,1.02816,0,0,2.73613,1.70797,1.028160,1,0,43.9876,0,0,0,43.9876,0
71.9016,2.17337,0,0,2.44842,0.063558,0.36288,3.6288,61.2585,0.634172,0,0,0.896797,0.29805,0,0.66528,12.849,1,0.38757,0.36288,0,39.0607,5.64848,33.3876,0.84672,12.849,0.84672,3695.15,0,36.966,0.382465,1.80646,2.05921,6.32759,1.46972,8.34108,0.42336,36.966,0.42336,423.524,0,1.02816,0,0,2.83462,1.80646,1.028160,1,0,41.7287,0,0,0,41.7287,0
71.4701,2.17334,0,0,2.16824,0.0634848,0.36288,3.6288,61.1683,0.634334,0,0,0.842149,0.297984,0,0.66528,12.849,1,0.388382,0.36288,0,36.8024,5.64848,31.1284,0.84672,12.849,0.84672,3695.15,0,36.966,0.382784,1.6107,2.05973,6.26612,1.46972,8.08405,0.42336,36.966,0.42336,423.524,0,1.02816,0,0,2.63886,1.6107,1.028160,1,0,39.2125,0,0,0,39.2125,0
70.8416,2.17203,0,0,1.96959,0.0632764,0.36288,3.6288,61.0556,0.634282,0,0,0.819331,0.297814,0,0.66528,12.849,1,0.39049,0.36288,0,34.6436,5.64848,28.9676,0.84672,12.849,0.84672,3695.15,0,36.966,0.383317,1.44028,2.06025,6.04237,1.46972,7.68986,0.42336,36.966,0.42336,423.524,0,1.02816,0,0,2.46844,1.44028,1.028160,1,0,36.6574,0,0,0,36.6574,0
69.8556,2.33177,0,0,1.75471,0.0460495,0.36288,3.6288,60.8708,0.66528,0,0,0.802837,0.322348,0,0.66528,12.849,1,0.422928,0.36288,0,31.7383,6.10869,25.5696,0.84672,12.849,0.84672,3695.15,0,36.966,0.502936,1.55648,2.06077,5.65215,1.56869,7.19777,0.42336,36.966,0.42336,423.524,0,1.02816,0,0,2.58464,1.55648,1.028160,1,0,32.7674,0,0,0,32.7674,0
68.6844,2.32743,0,0,1.57615,0.0569832,0.36288,3.6288,60.5833,0.66528,0,0,0.714597,0.336847,0,0.66528,12.849,1,0.428101,0.36288,0,28.2842,6.19888,22.0201,0.84672,12.849,0.84672,3695.15,0,36.966,0.503458,1.61727,2.21315,5.07005,1.59608,6.80092,0.42336,36.966,0.42336,423.524,0,1.02816,0,0,2.64543,1.61727,1.028160,1,0,28.821,0,0,0,28.821,0
67.5522,2.322,0,0,1.6091,0.0564673,0.36288,3.6288,60.2661,0.66528,0,0,0.684357,0.336233,0,0.66528,12.849,1,0.434383,0.36288,0,26.0949,6.19888,19.8245,0.84672,12.849,0.84672,3695.15,0,36.966,0.50398,1.5096,2.21371,5.1977,1.59608,6.82095,0.42336,36.966,0.42336,423.524,0,1.02816,0,0,2.53776,1.5096,1.028160,1,0,26.6454,0,0,0,26.6454,0
67.2098,2.31659,0,0,2.39795,0.0608763,0.36288,3.6288,60.0766,0.66528,0,0,0.810216,0.33449,0,0.66528,12.849,1,0.440634,0.36288,0,33.591,6.1692,27.3441,0.84672,12.849,0.84672,3695.15,0,36.966,0.504502,2.02916,2.21427,5.69655,1.59244,7.84303,0.42336,36.966,0.42336,423.524,0,1.02816,0,0,3.05732,2.02916,1.028160,1,0,35.1871,0,0,0,35.1871,0
67.6201,2.31541,0,0,3.1692,0.0806277,0.36288,3.6288,60.1027,0.66528,0,0,1.01818,0.326712,0,0.66528,12.849,1,0.442654,0.36288,0,45.4156,6.05919,39.2767,0.84672,12.849,0.84672,3695.15,0,36.966,0.505024,2.04745,2.21483,6.27966,1.56119,8.47573,0.42336,36.966,0.42336,423.524,0,1.02816,0,0,3.07561,2.04745,1.028160,1,0,47.7524,0,0,0,47.7524,0
66.3177,2.23988,0,0,1.3769,0.0764694,0.36288,3.6288,59.9817,0.66528,0,0,0.864346,0.320118,0,0.66528,12.849,1,0.425617,0.36288,0,24.6626,5.8227,18.7772,0.84672,12.849,0.84672,3695.15,0,36.966,0.414293,1.37128,2.21539,5.89978,1.47404,7.59813,0.42336,36.966,0.42336,423.524,0,1.02816,0,0,2.39944,1.37128,1.028160,1,0,26.3753,0,0,0,26.3753,0
65.2699,2.23357,0,0,1.67192,0.123262,0.36288,3.6288,59.907,0.66528,0,0,0.876269,0.285656,0,0.66528,12.849,1,0.432752,0.36288,0,22.3897,5.54662,16.7732,0.84672,12.849,0.84672,3695.15,0,36.966,0.41479,1.41125,2.12795,4.36495,1.37921,6.11015,0.42336,36.966,0.42336,423.524,0,1.02816,0,0,2.43941,1.41125,1.028160,1,0,22.8834,0,0,0,22.8834,0
65.1264,2.22845,0,0,2.57002,0.122236,0.36288,3.6288,60.4363,0.66528,0,0,1.48006,0.28552,0,0.66528,12.849,1,0.438691,0.36288,0,41.5448,5.54662,35.9223,0.84672,12.849,0.84672,3695.15,0,36.966,0.415288,3.22397,2.12849,8.4384,1.37921,11.9964,0.42336,36.966,0.42336,423.524,0,1.02816,0,0,4.25213,3.22397,1.028160,1,0,47.9187,0,0,0,47.9187,0
64.5532,2.22832,0,0,2.14013,0.122095,0.36288,3.6288,60.6605,0.66528,0,0,1.17596,0.286484,0,0.66528,12.849,1,0.439633,0.36288,0,61.6469,5.54662,56.0235,0.84672,12.849,0.84672,3695.15,0,36.966,0.415785,2.33017,2.12902,5.94116,1.37921,8.60536,0.42336,36.966,0.42336,423.524,0,1.02816,0,0,3.35833,2.33017,1.028160,1,0,64.6289,0,0,0,64.6289,0
63.3308,2.16174,0,0,1.54113,0.238942,0.36288,3.6288,60.7061,0.620364,0,0,0.867812,0.201846,0,0.66528,12.849,1,0.430283,0.36288,0,37.3206,4.37642,32.8767,0.84672,12.849,0.84672,3695.15,0,36.966,0.378044,1.17939,2.12956,4.78799,1.07701,6.64188,0.42336,36.966,0.42336,423.524,0,1.02816,0,0,2.20755,1.17939,1.028160,1,0,39.5186,0,0,0,39.5186,0
62.3613,2.1555,0,0,1.78508,0.236225,0.36288,3.6288,61.1213,0.620835,0,0,1.21979,0.183694,0,0.66528,12.849,1,0.437322,0.36288,0,43.0365,3.94474,39.0173,0.84672,12.849,0.84672,3695.15,0,36.966,0.378048,1.05187,2.05147,7.43588,0.939789,9.22138,0.42336,36.966,0.42336,423.524,0,1.02816,0,0,2.08003,1.05187,1.028160,1,0,48.2387,0,0,0,48.2387,0
61.7113,2.15052,0,0,2.0978,0.23436,0.36288,3.6288,61.308,0.622732,0,0,2.0135,0.184178,1.01994,0.66528,12.849,1,0.443096,0.36288,0,46.5892,3.94474,42.5643,0.84672,12.849,0.84672,3695.15,0,36.966,0.376626,2.85779,2.05199,9.03709,0.939789,12.6305,0.42336,36.966,0.42336,423.524,0,1.02816,0,0,3.88595,2.85779,1.028160,1,0,56.2146,0,0,0,56.2146,0
60.4614,2.14732,0,0,1.51296,0.252727,0.36288,3.6288,61.308,0.623743,0,0,1.33446,0.191294,0.519427,0.66528,12.849,1,0.447096,0.36288,0,41.6655,4.06073,37.5206,0.84672,12.849,0.84672,3695.15,0,36.966,0.376089,1.68363,2.0525,9.19464,0.966866,11.5878,0.42336,36.966,0.42336,423.524,0,1.02816,0,0,2.71179,1.68363,1.028160,1,0,49.6278,0,0,0,49.6278,0
60.9926,1.96038,0,0,3.14319,0.288731,0.36288,3.6288,61.308,0.515878,0,0,1.77456,0.200681,1.058,0.66528,12.849,1,0.416611,0.36288,0,85.3737,4.16177,81.1582,0.84672,12.849,0.84672,3695.15,0,36.966,0.311052,2.77053,2.05302,15.0808,1.02517,18.5681,0.42336,36.966,0.42336,423.524,0,1.02816,0,0,3.79869,2.77053,1.028160,1,0,100.784,0,0,0,100.784,0
59.7486,1.96398,0,0,1.35966,0.276719,0.36288,3.6288,61.3036,0.516145,0,0,0.701961,0.190202,0,0.66528,12.849,1,0.413742,0.36288,0,26.8978,3.90988,22.937,0.84672,12.849,0.84672,3695.15,0,36.966,0.311212,0.560546,1.87869,8.57866,1.01266,9.69402,0.42336,36.966,0.42336,423.524,0,1.02816,0,0,1.58871,0.560546,1.028160,1,0,32.6311,0,0,0,32.6311,0
59.993,1.9575,0,0,2.83846,0.273679,0.36288,3.6288,61.308,0.516398,0,0,2.14455,0.190197,1.43357,0.66528,12.849,1,0.420962,0.36288,0,75.4486,3.90988,71.4807,0.84672,12.849,0.84672,3695.15,0,36.966,0.311387,3.57035,1.87916,14.4186,1.01266,18.5441,0.42336,36.966,0.42336,423.524,0,1.02816,0,0,4.59851,3.57035,1.028160,1,0,91.4583,0,0,0,91.4583,0
60.2386,1.95952,0,0,2.84227,0.27432,0.36288,3.6288,61.308,0.516678,0,0,1.35938,0.190202,0.652503,0.66528,12.849,1,0.41968,0.36288,0,64.3296,3.90988,60.363,0.84672,12.849,0.84672,3695.15,0,36.966,0.311534,1.96987,1.87963,11.5886,1.01266,14.1139,0.42336,36.966,0.42336,423.524,0,1.02816,0,0,2.99803,1.96987,1.028160,1,0,75.1293,0,0,0,75.1293,0
60.5766,1.96154,0,0,2.91387,0.251382,0.36288,3.6288,61.308,0.516945,0,0,0.925361,0.179827,0.228589,0.66528,12.849,1,0.4184,0.36288,0,46.4159,3.37858,42.9818,0.84672,12.849,0.84672,3695.15,0,36.966,0.311695,1.46181,1.8801,9.50365,0.924601,11.6093,0.42336,36.966,0.42336,423.524,0,1.02816,0,0,2.48997,1.46181,1.028160,1,0,54.8196,0,0,0,54.8196,0
65.6247,2.0334,0,0,7.68181,0.237502,0.36288,3.6288,61.308,0.548568,0,0,2.08687,0.199452,1.33885,0.66528,12.849,1,0.431308,0.36288,0,86.8147,3.62733,83.119,0.84672,12.849,0.84672,3695.15,0,36.966,0.330762,2.52312,1.88056,13.0649,0.889198,16.2486,0.42336,36.966,0.42336,423.524,0,1.02816,0,0,3.55128,2.52312,1.028160,1,0,100.706,0,0,0,100.706,0
67.2735,2.06176,0,0,4.32096,0.247486,0.36288,3.6288,61.308,0.548833,0,0,1.20441,0.199452,0.456123,0.66528,12.849,1,0.403683,0.36288,0,103.84,3.62733,100.172,0.84672,12.849,0.84672,3695.15,0,36.966,0.330922,2.37908,1.93561,10.6001,0.889198,13.6946,0.42336,36.966,0.42336,423.524,0,1.02816,0,0,3.40724,2.37908,1.028160,1,0,114.322,0,0,0,114.322,0
68.0791,2.07068,0,0,3.48992,0.250747,0.36288,3.6288,61.308,0.549098,0,0,0.971387,0.199452,0.222837,0.66528,12.849,1,0.395493,0.36288,0,77.1034,3.62733,73.4434,0.84672,12.849,0.84672,3695.15,0,36.966,0.331082,1.88215,1.93608,8.12834,0.889198,10.7263,0.42336,36.966,0.42336,423.524,0,1.02816,0,0,2.91031,1.88215,1.028160,1,0,84.3925,0,0,0,84.3925,0
68.5526,2.07523,0,0,3.20827,0.296627,0.36288,3.6288,61.308,0.549363,0,0,1.04876,0.202295,0.2971,0.66528,12.849,1,0.391672,0.36288,0,63.5273,3.82719,59.6713,0.84672,12.849,0.84672,3695.15,0,36.966,0.331241,1.6087,1.93654,7.56648,0.988222,9.79226,0.42336,36.966,0.42336,423.524,0,1.02816,0,0,2.63686,1.6087,1.028160,1,0,69.7607,0,0,0,69.7607,0
72.29,2.30566,0,0,7.28926,0.310081,0.936154,3.6288,61.308,0.66528,0,0,1.69226,0.183222,0.843763,0.66528,12.849,1,0.432157,0.936154,0,80.4142,3.26181,77.6564,0.84672,12.849,0.84672,3695.15,0,36.966,0.404672,2.79885,1.93701,11.1466,0.844945,14.6328,0.42336,36.966,0.42336,423.524,0,1.02816,0,0,3.82701,2.79885,1.028160,1,0,93.1329,0,0,0,93.1329,0
72.29,2.32532,0,0,4.90715,0.308771,2.27306,3.6288,61.308,0.66528,0,0,2.04272,0.174621,1.20282,0.66528,12.849,1,0.413307,2.27306,0,86.2453,2.99964,85.1055,0.84672,12.849,0.84672,3695.15,0,36.966,0.405147,1.83711,2.13407,10.5722,0.885666,13.2525,0.42336,36.966,0.42336,423.524,0,1.02816,0,0,2.86527,1.83711,1.028160,1,0,99.5608,0,0,0,99.5608,0
72.29,2.326,0,0,5.62232,0.308771,2.98755,3.6288,61.308,0.66528,0,0,2.50661,0.174621,1.66671,0.66528,12.849,1,0.413429,2.98755,0,110.807,2.99964,110.382,0.84672,12.849,0.84672,3695.15,0,36.966,0.405621,4.85105,2.13459,16.6461,0.885666,22.3404,0.42336,36.966,0.42336,423.524,0,1.02816,0,0,5.87921,4.85105,1.028160,1,0,134.389,0,0,0,134.389,0
72.29,2.32668,0,0,5.23021,0.337689,2.56584,3.6288,61.308,0.66528,0,0,1.72267,0.159548,0.897841,0.66528,12.849,1,0.41355,2.56584,0,120.298,3.08718,119.363,0.84672,12.849,0.84672,3695.15,0,36.966,0.406096,3.27132,2.1351,12.2412,0.847333,16.3941,0.42336,36.966,0.42336,423.524,0,1.02816,0,0,4.29948,3.27132,1.028160,1,0,136.655,0,0,0,136.655,0
72.29,1.99981,0,0,6.87662,0.340856,4.53595,3.6288,61.308,0.510335,0,0,2.33257,0.174777,1.64746,0.66528,12.849,1,0.355451,4.53595,0,129.895,3.11372,130.961,0.84672,12.849,0.84672,3695.15,0,36.966,0.307709,5.14705,2.13562,14.1979,0.857972,20.3149,0.42336,36.966,0.42336,423.524,0,1.02816,0,0,6.17521,5.14705,1.028160,1,0,152.924,0,0,0,152.924,0
72.29,2.0004,0,0,6.71024,0.309193,4.40064,3.6288,61.308,0.510589,0,0,2.13878,0.170674,1.45752,0.66528,12.849,1,0.355557,4.40064,0,91.8086,3.15042,92.7033,0.84672,12.849,0.84672,3695.15,0,36.966,0.307863,3.06006,1.86775,13.4096,0.85154,17.178,0.42336,36.966,0.42336,423.524,0,1.02816,0,0,4.08822,3.06006,1.028160,1,0,111.339,0,0,0,111.339,0
72.29,2.001,0,0,4.60445,0.309193,2.29426,3.6288,61.308,0.510844,0,0,1.76065,0.170674,1.07913,0.66528,12.849,1,0.355663,2.29426,0,83.1868,3.15042,81.975,0.84672,12.849,0.84672,3695.15,0,36.966,0.308016,3.01786,1.8682,10.5399,0.85154,14.2664,0.42336,36.966,0.42336,423.524,0,1.02816,0,0,4.04602,3.01786,1.028160,1,0,97.3205,0,0,0,97.3205,0
72.29,2.0016,0,0,6.29695,0.309193,3.98616,3.6288,61.308,0.511098,0,0,1.86688,0.170674,1.18511,0.66528,12.849,1,0.355769,3.98616,0,92.4869,3.15042,92.9669,0.84672,12.849,0.84672,3695.15,0,36.966,0.30817,2.60725,1.86865,12.0176,0.85154,15.3338,0.42336,36.966,0.42336,423.524,0,1.02816,0,0,3.63541,2.60725,1.028160,1,0,109.486,0,0,0,109.486,0
72.29,2.00219,0,0,5.06384,0.278524,2.78313,3.6288,61.308,0.511353,0,0,1.79943,0.18436,1.10371,0.66528,12.849,1,0.355875,2.78313,0,91.2885,3.75783,89.9579,0.84672,12.849,0.84672,3695.15,0,36.966,0.308323,3.46706,1.86909,10.5602,1.02751,14.5606,0.42336,36.966,0.42336,423.524,0,1.02816,0,0,4.49522,3.46706,1.028160,1,0,105.622,0,0,0,105.622,0
72.29,2.08535,0,0,5.66667,0.346038,3.23528,3.6288,61.308,0.550394,0,0,2.25204,0.178735,1.52291,0.66528,12.849,1,0.370655,3.23528,0,149.426,3.54774,148.743,0.84672,12.849,0.84672,3695.15,0,36.966,0.331863,3.08388,1.86954,12.531,1.07982,16.0728,0.42336,36.966,0.42336,423.524,0,1.02816,0,0,4.11204,3.08388,1.028160,1,0,166.339,0,0,0,166.339,0
72.29,2.08597,0,0,6.01913,0.346038,3.58713,3.6288,61.308,0.550659,0,0,2.95923,0.178735,2.22984,0.66528,12.849,1,0.370765,3.58713,0,107.381,3.54774,107.049,0.84672,12.849,0.84672,3695.15,0,36.966,0.332023,4.17963,1.93624,12.6057,1.07982,17.3097,0.42336,36.966,0.42336,423.524,0,1.02816,0,0,5.20779,4.17963,1.028160,1,0,126.589,0,0,0,126.589,0
72.29,2.08659,0,0,5.1417,0.289859,2.76525,3.6288,61.308,0.550924,0,0,2.02592,0.204893,1.2701,0.66528,12.849,1,0.370875,2.76525,0,71.4925,3.77838,70.1085,0.84672,12.849,0.84672,3695.15,0,36.966,0.332182,3.53409,1.93671,11.1208,1.0936,15.1658,0.42336,36.966,0.42336,423.524,0,1.02816,0,0,4.56225,3.53409,1.028160,1,0,86.5445,0,0,0,86.5445,0
72.29,2.08721,0,0,3.86379,0.247725,1.52886,3.6288,61.308,0.551189,0,0,1.47211,0.224512,0.696408,0.66528,12.849,1,0.370985,1.52886,0,56.0582,3.95136,53.2647,0.84672,12.849,0.84672,3695.15,0,36.966,0.332342,2.21137,1.93717,8.45355,1.10392,11.1658,0.42336,36.966,0.42336,423.524,0,1.02816,0,0,3.23953,2.21137,1.028160,1,0,65.127,0,0,0,65.127,0
72.29,2.05551,0,0,4.09908,0.28232,1.76125,3.6288,61.308,0.536374,0,0,1.52621,0.236628,0.753212,0.66528,12.849,1,0.365351,1.76125,0,76.0839,4.32189,73.1579,0.84672,12.849,0.84672,3695.15,0,36.966,0.323409,2.64534,1.93764,9.01014,1.13508,12.1346,0.42336,36.966,0.42336,423.524,0,1.02816,0,0,3.6735,2.64534,1.028160,1,0,86.0458,0,0,0,86.0458,0
72.29,2.05612,0,0,3.67175,0.288085,1.32754,3.6288,61.308,0.536635,0,0,1.49407,0.238647,0.718791,0.66528,12.849,1,0.36546,1.32754,0,70.8212,4.38364,67.3997,0.84672,12.849,0.84672,3695.15,0,36.966,0.323567,2.33863,1.91229,8.86118,1.14028,11.6483,0.42336,36.966,0.42336,423.524,0,1.02816,0,0,3.36679,2.33863,1.028160,1,0,79.7667,0,0,0,79.7667,0
72.29,2.05673,0,0,3.30056,0.288085,0.955741,3.6288,61.308,0.536896,0,0,1.32385,0.238647,0.548304,0.66528,12.849,1,0.365568,0.955741,0,61.1963,4.38364,57.4028,0.84672,12.849,0.84672,3695.15,0,36.966,0.323724,1.95979,1.91275,7.7538,1.14028,10.1623,0.42336,36.966,0.42336,423.524,0,1.02816,0,0,2.98795,1.95979,1.028160,1,0,68.1134,0,0,0,68.1134,0
72.29,2.05734,0,0,3.04657,0.26216,0.727066,3.6288,61.308,0.537157,0,0,1.2394,0.204514,0.497728,0.66528,12.849,1,0.365677,0.727066,0,58.7296,3.67588,55.4151,0.84672,12.849,0.84672,3695.15,0,36.966,0.323882,1.82073,1.91321,7.00212,0.960768,9.45141,0.42336,36.966,0.42336,423.524,0,1.02816,0,0,2.84889,1.82073,1.028160,1,0,65.3643,0,0,0,65.3643,0
72.29,2.16776,0,0,2.94634,0.233639,0.544949,3.6288,61.308,0.590953,0,0,1.20132,0.218492,0.391878,0.66528,12.849,1,0.385302,0.544949,0,53.6276,4.02093,49.7663,0.84672,12.849,0.84672,3695.15,0,36.966,0.356318,1.95695,1.91367,7.18865,1.03036,9.67259,0.42336,36.966,0.42336,423.524,0,1.02816,0,0,2.98511,1.95695,1.028160,1,0,59.8308,0,0,0,59.8308,0
72.29,2.1684,0,0,2.86352,0.201372,0.493754,3.6288,61.308,0.591228,0,0,1.2104,0.244715,0.37446,0.66528,12.849,1,0.385416,0.493754,0,50.5311,4.63827,46.0012,0.84672,12.849,0.84672,3695.15,0,36.966,0.356484,1.664,2.00466,7.23825,1.16305,9.38738,0.42336,36.966,0.42336,423.524,0,1.02816,0,0,2.69216,1.664,1.028160,1,0,55.763,0,0,0,55.763,0
72.29,2.16904,0,0,2.76668,0.201372,0.396277,3.6288,61.308,0.591504,0,0,1.23468,0.244715,0.398463,0.66528,12.849,1,0.38553,0.396277,0,48.178,4.63827,43.5505,0.84672,12.849,0.84672,3695.15,0,36.966,0.356651,1.95726,2.00514,6.92332,1.16305,9.36603,0.42336,36.966,0.42336,423.524,0,1.02816,0,0,2.98542,1.95726,1.028160,1,0,53.315,0,0,0,53.315,0
72.0709,2.16968,0,0,2.5394,0.225957,0.36288,3.6288,61.308,0.591779,0,0,1.15735,0.238131,0.327444,0.66528,12.849,1,0.385643,0.36288,0,45.2994,4.21519,41.0615,0.84672,12.849,0.84672,3695.15,0,36.966,0.356817,1.82395,2.00563,6.31377,1.17937,8.60716,0.42336,36.966,0.42336,423.524,0,1.02816,0,0,2.85211,1.82395,1.028160,1,0,49.9961,0,0,0,49.9961,0
71.8376,2.16932,0,0,2.47489,0.175997,0.36288,3.6288,61.308,0.592055,0,0,1.10899,0.255313,0.261619,0.66528,12.849,1,0.386753,0.36288,0,42.0947,4.30445,37.7664,0.84672,12.849,0.84672,3695.15,0,36.966,0.356983,1.70154,2.00611,5.97127,1.22944,8.0925,0.42336,36.966,0.42336,423.524,0,1.02816,0,0,2.7297,1.70154,1.028160,1,0,46.1205,0,0,0,46.1205,0
71.8717,2.14717,0,0,2.67412,0.129905,0.36288,3.6288,61.2661,0.621793,0,0,0.837864,0.257982,0,0.66528,12.849,1,0.384047,0.36288,0,37.4261,4.95778,32.4472,0.84672,12.849,0.84672,3695.15,0,36.966,0.374913,0.589861,2.00659,4.47135,1.22412,5.46876,0.42336,36.966,0.42336,423.524,0,1.02816,0,0,1.61802,0.589861,1.028160,1,0,37.916,0,0,0,37.916,0
71.908,2.14796,0,0,2.67704,0.129938,0.36288,3.6288,61.1954,0.621916,0,0,0.809093,0.257913,0,0.66528,12.849,1,0.384006,0.36288,0,35.3385,4.95778,30.3596,0.84672,12.849,0.84672,3695.15,0,36.966,0.375244,0.633856,2.03876,4.74691,1.22412,5.82016,0.42336,36.966,0.42336,423.524,0,1.02816,0,0,1.66202,0.633856,1.028160,1,0,36.1797,0,0,0,36.1797,0
71.8297,2.14876,0,0,2.55372,0.120434,0.36288,3.6288,61.09,0.621929,0,0,0.789877,0.273332,0,0.66528,12.849,1,0.383955,0.36288,0,33.2309,5.17496,28.0349,0.84672,12.849,0.84672,3695.15,0,36.966,0.375686,0.644224,2.03925,4.75455,1.29762,5.76472,0.42336,36.966,0.42336,423.524,0,1.02816,0,0,1.67238,0.644224,1.028160,1,0,33.7996,0,0,0,33.7996,0
71.4557,2.14904,0,0,2.23478,0.0968327,0.36288,3.6288,60.9065,0.621809,0,0,0.746297,0.307944,0,0.66528,12.849,1,0.384423,0.36288,0,31.2258,5.92128,25.283,0.84672,12.849,0.84672,3695.15,0,36.966,0.376261,0.481533,2.03974,4.62677,1.55682,5.21497,0.42336,36.966,0.42336,423.524,0,1.02816,0,0,1.50969,0.481533,1.028160,1,0,30.498,0,0,0,30.498,0
71.0433,2.20408,0,0,2.24411,0.0894986,0.36288,3.6288,60.6412,0.647607,0,0,0.699282,0.316993,0,0.66528,12.849,1,0.396332,0.36288,0,26.3884,6.00588,20.349,0.84672,12.849,0.84672,3695.15,0,36.966,0.393052,0.449323,2.04024,4.30344,1.53425,4.8657,0.42336,36.966,0.42336,423.524,0,1.02816,0,0,1.47748,0.449323,1.028160,1,0,25.2147,0,0,0,25.2147,0
70.7612,2.20278,0,0,2.3698,0.0862392,0.36288,3.6288,60.3962,0.646828,0,0,0.724196,0.322351,0,0.66528,12.849,1,0.398398,0.36288,0,34.6693,5.93124,28.7025,0.84672,12.849,0.84672,3695.15,0,36.966,0.394297,0.691476,2.08569,4.74683,1.48499,5.64471,0.42336,36.966,0.42336,423.524,0,1.02816,0,0,1.71964,0.691476,1.028160,1,0,34.3473,0,0,0,34.3473,0
70.3204,2.20208,0,0,2.21018,0.0860528,0.36288,3.6288,60.0697,0.646124,0,0,0.641451,0.32185,0,0.66528,12.849,1,0.39986,0.36288,0,27.4265,5.93124,21.4583,0.84672,12.849,0.84672,3695.15,0,36.966,0.395466,0.669315,2.08619,4.33274,1.48499,5.2078,0.42336,36.966,0.42336,423.524,0,1.02816,0,0,1.69747,0.669315,1.028160,1,0,26.666,0,0,0,26.666,0
69.6815,2.20061,0,0,2.01037,0.0857616,0.36288,3.6288,59.7059,0.645082,0,0,0.602512,0.321182,0,0.66528,12.849,1,0.402097,0.36288,0,25.2195,5.93124,19.249,0.84672,12.849,0.84672,3695.15,0,36.966,0.396974,0.403661,2.08669,3.9654,1.48499,4.57379,0.42336,36.966,0.42336,423.524,0,1.02816,0,0,1.43182,0.403661,1.028160,1,0,23.8228,0,0,0,23.8228,0
69.2466,2.362,0,0,2.35983,0.069836,0.36288,3.6288,59.4464,0.66528,0,0,0.73408,0.328329,0,0.66528,12.849,1,0.435544,0.36288,0,26.6209,6.05201,20.4962,0.84672,12.849,0.84672,3695.15,0,36.966,0.529484,0.813914,2.0872,5.74554,1.5177,6.59946,0.42336,36.966,0.42336,423.524,0,1.02816,0,0,1.84207,0.813914,1.028160,1,0,27.0957,0,0,0,27.0957,0
68.9587,2.36038,0,0,2.48303,0.0477305,0.36288,3.6288,59.1228,0.66528,0,0,0.680227,0.338522,0,0.66528,12.849,1,0.437979,0.36288,0,28.8118,6.09221,22.6445,0.84672,12.849,0.84672,3695.15,0,36.966,0.529991,0.492851,2.24169,4.60776,1.5472,5.26511,0.42336,36.966,0.42336,423.524,0,1.02816,0,0,1.52101,0.492851,1.028160,1,0,27.9096,0,0,0,27.9096,0
68.8327,2.35953,0,0,2.64406,0.0476237,0.36288,3.6288,58.9564,0.66528,0,0,0.836715,0.337821,0,0.66528,12.849,1,0.439649,0.36288,0,36.6641,6.09221,30.4951,0.84672,12.849,0.84672,3695.15,0,36.966,0.530497,0.846504,2.24224,5.14667,1.5472,6.1577,0.42336,36.966,0.42336,423.524,0,1.02816,0,0,1.87466,0.846504,1.028160,1,0,36.6528,0,0,0,36.6528,0
68.238,2.35954,0,0,2.17527,0.047577,0.36288,3.6288,58.5631,0.66528,0,0,0.609358,0.337461,0,0.66528,12.849,1,0.440456,0.36288,0,33.5902,6.09221,27.4204,0.84672,12.849,0.84672,3695.15,0,36.966,0.531004,0.253066,2.24278,4.21535,1.5472,4.63299,0.42336,36.966,0.42336,423.524,0,1.02816,0,0,1.28123,0.253066,1.028160,1,0,32.0534,0,0,0,32.0534,0
68.1815,2.357,0,0,2.71074,0.0473565,0.36288,3.6288,58.6168,0.66528,0,0,1.0556,0.336609,0,0.66528,12.849,1,0.443816,0.36288,0,32.7422,6.09221,26.5691,0.84672,12.849,0.84672,3695.15,0,36.966,0.531511,1.50377,2.24332,6.57456,1.5472,8.24295,0.42336,36.966,0.42336,423.524,0,1.02816,0,0,2.53193,1.50377,1.028160,1,0,34.812,0,0,0,34.812,0
68.1902,2.27769,0,0,2.70047,0.0511658,0.36288,3.6288,58.3273,0.66528,0,0,0.661173,0.285356,0,0.66528,12.849,1,0.429237,0.36288,0,42.1021,5.48866,36.5471,0.84672,12.849,0.84672,3695.15,0,36.966,0.439491,0.532198,2.24387,5.60729,1.54215,6.40172,0.42336,36.966,0.42336,423.524,0,1.02816,0,0,1.56036,0.532198,1.028160,1,0,42.9488,0,0,0,42.9488,0
70.1231,2.2784,0,0,4.62537,0.0511693,0.36288,3.6288,58.3995,0.66528,0,0,1.02233,0.284824,0,0.66528,12.849,1,0.429317,0.36288,0,40.6762,5.48866,35.1211,0.84672,12.849,0.84672,3695.15,0,36.966,0.439973,1.87371,2.15518,8.50841,1.54215,10.5552,0.42336,36.966,0.42336,423.524,0,1.02816,0,0,2.90187,1.87371,1.028160,1,0,45.6763,0,0,0,45.6763,0
69.6898,2.28907,0,0,2.2706,0.0519438,0.36288,3.6288,58.0761,0.66528,0,0,0.626801,0.284957,0,0.66528,12.849,1,0.419438,0.36288,0,40.9823,5.48866,35.4371,0.84672,12.849,0.84672,3695.15,0,36.966,0.440456,0.724257,2.1557,4.87866,1.54215,5.77601,0.42336,36.966,0.42336,423.524,0,1.02816,0,0,1.75242,0.724257,1.028160,1,0,41.2131,0,0,0,41.2131,0
69.3229,2.28754,0,0,2.33526,0.0517702,0.36288,3.6288,57.8074,0.66528,0,0,0.680898,0.284363,0,0.66528,12.849,1,0.421764,0.36288,0,26.7267,5.48866,21.1792,0.84672,12.849,0.84672,3695.15,0,36.966,0.440938,0.465143,2.15622,3.95722,1.54215,4.5955,0.42336,36.966,0.42336,423.524,0,1.02816,0,0,1.4933,0.465143,1.028160,1,0,25.7747,0,0,0,25.7747,0
68.9638,2.22068,0,0,2.32127,0.096759,0.36288,3.6288,57.678,0.623611,0,0,0.754618,0.26038,0,0.66528,12.849,1,0.411603,0.36288,0,31.9507,4.56932,27.3327,0.84672,12.849,0.84672,3695.15,0,36.966,0.398779,0.536147,2.15674,6.18238,1.11339,7.3631,0.42336,36.966,0.42336,423.524,0,1.02816,0,0,1.56431,0.536147,1.028160,1,0,34.6958,0,0,0,34.6958,0
68.4882,2.21952,0,0,2.29421,0.187493,0.36288,3.6288,57.4368,0.623346,0,0,0.61036,0.228178,0,0.66528,12.849,1,0.41353,0.36288,0,26.5302,4.49684,21.9827,0.84672,12.849,0.84672,3695.15,0,36.966,0.399504,0.231906,2.07754,4.42937,1.05521,5.28411,0.42336,36.966,0.42336,423.524,0,1.02816,0,0,1.26007,0.231906,1.028160,1,0,27.2668,0,0,0,27.2668,0
67.6176,2.21776,0,0,1.89683,0.186798,0.36288,3.6288,57.1123,0.622606,0,0,0.525922,0.227822,0,0.66528,12.849,1,0.416071,0.36288,0,21.2769,4.49684,16.7268,0.84672,12.849,0.84672,3695.15,0,36.966,0.400706,0.339664,2.07805,4.29646,1.05521,5.25826,0.42336,36.966,0.42336,423.524,0,1.02816,0,0,1.36782,0.339664,1.028160,1,0,21.9851,0,0,0,21.9851,0
69.6784,2.2139,0,0,4.82318,0.185528,0.36288,3.6288,57.9472,0.621504,0,0,1.68375,0.227343,0,0.66528,12.849,1,0.420696,0.36288,0,59.3602,4.49684,54.8055,0.84672,12.849,0.84672,3695.15,0,36.966,0.402269,3.13404,2.07855,10.041,1.05521,13.7961,0.42336,36.966,0.42336,423.524,0,1.02816,0,0,4.1622,3.13404,1.028160,1,0,68.6016,0,0,0,68.6016,0
72.29,2.03826,0,0,5.55254,0.207945,0.694763,3.6288,59.5597,0.518004,0,0,2.345,0.214546,0,0.66528,12.849,1,0.375864,0.694763,0,71.6942,4.31218,67.7009,0.84672,12.849,0.84672,3695.15,0,36.966,0.330448,2.03458,2.07905,10.9826,1.01909,13.7467,0.42336,36.966,0.42336,423.524,0,1.02816,0,0,3.06274,2.03458,1.028160,1,0,81.4476,0,0,0,81.4476,0
72.29,2.0504,0,0,4.63476,0.261653,2.3227,3.6288,60.8382,0.52378,0,0,1.98367,0.181341,0,0.66528,12.849,1,0.364443,2.3227,0,62.9216,3.85056,61.0293,0.84672,12.849,0.84672,3695.15,0,36.966,0.325087,1.88203,1.90228,10.3054,0.928812,12.8359,0.42336,36.966,0.42336,423.524,0,1.02816,0,0,2.91019,1.88203,1.028160,1,0,73.8651,0,0,0,73.8651,0
72.29,2.05101,0,0,4.72173,0.261653,2.40907,3.6288,61.308,0.528288,0,0,2.78298,0.182823,1.60209,0.66528,12.849,1,0.364551,2.40907,0,72.4516,3.85056,70.6455,0.84672,12.849,0.84672,3695.15,0,36.966,0.320994,2.82592,1.90273,13.0237,0.928812,16.5025,0.42336,36.966,0.42336,423.524,0,1.02816,0,0,3.85408,2.82592,1.028160,1,0,88.7502,0,0,0,88.7502,0
72.29,2.05162,0,0,5.82411,0.27044,3.50206,3.6288,61.308,0.530081,0,0,3.24519,0.178254,2.53686,0.66528,12.849,1,0.364659,3.50206,0,79.3532,3.93027,78.5603,0.84672,12.849,0.84672,3695.15,0,36.966,0.319615,2.82398,1.90319,13.733,0.949023,17.1915,0.42336,36.966,0.42336,423.524,0,1.02816,0,0,3.85214,2.82398,1.028160,1,0,98.2887,0,0,0,98.2887,0
72.29,2.05222,0,0,11.1267,0.288801,8.78565,3.6288,61.308,0.53034,0,0,4.88341,0.186199,4.16687,0.66528,12.849,1,0.364767,8.78565,0,130.776,4.91274,134.284,0.84672,12.849,0.84672,3695.15,0,36.966,0.319772,3.93882,1.90364,23.6288,1.21145,27.9401,0.42336,36.966,0.42336,423.524,0,1.02816,0,0,4.96698,3.93882,1.028160,1,0,166.391,0,0,0,166.391,0
72.29,2.12517,0,0,5.23772,0.245527,2.86703,3.6288,61.308,0.562388,0,0,1.69159,0.220692,0.908511,0.66528,12.849,1,0.377733,2.86703,0,84.037,4.58697,81.9393,0.84672,12.849,0.84672,3695.15,0,36.966,0.339095,4.09722,1.9041,11.8364,1.10395,16.3946,0.42336,36.966,0.42336,423.524,0,1.02816,0,0,5.12538,4.09722,1.028160,1,0,99.2424,0,0,0,99.2424,0
72.29,2.12577,0,0,4.87478,0.238094,2.51092,3.6288,61.308,0.562645,0,0,1.36791,0.223762,0.581503,0.66528,12.849,1,0.37784,2.51092,0,147.506,4.49253,145.147,0.84672,12.849,0.84672,3695.15,0,36.966,0.33925,3.36272,1.95989,12.0397,1.07021,15.9528,0.42336,36.966,0.42336,423.524,0,1.02816,0,0,4.39088,3.36272,1.028160,1,0,161.681,0,0,0,161.681,0
72.29,2.12637,0,0,4.04789,0.238094,1.68342,3.6288,61.308,0.562901,0,0,1.10084,0.223762,0.314176,0.66528,12.849,1,0.377947,1.68342,0,96.1502,4.49253,92.9632,0.84672,12.849,0.84672,3695.15,0,36.966,0.339405,3.31634,1.96034,8.58764,1.07021,12.4547,0.42336,36.966,0.42336,423.524,0,1.02816,0,0,4.3445,3.31634,1.028160,1,0,105.732,0,0,0,105.732,0
72.29,2.12697,0,0,3.58751,0.241122,1.21941,3.6288,61.308,0.563158,0,0,0.951074,0.201598,0.186318,0.66528,12.849,1,0.378054,1.21941,0,84.6876,4.14849,81.3804,0.84672,12.849,0.84672,3695.15,0,36.966,0.339559,2.65436,1.96079,7.6146,0.978277,10.9119,0.42336,36.966,0.42336,423.524,0,1.02816,0,0,3.68252,2.65436,1.028160,1,0,92.4787,0,0,0,92.4787,0
72.29,2.36014,0,0,4.23144,0.273052,1.59825,3.6288,61.308,0.66528,0,0,0.943574,0.197351,0.0809439,0.66528,12.849,1,0.419497,1.59825,0,99.9778,3.87899,97.2775,0.84672,12.849,0.84672,3695.15,0,36.966,0.429371,3.05167,1.96124,8.17698,0.959965,11.8006,0.42336,36.966,0.42336,423.524,0,1.02816,0,0,4.07983,3.05167,1.028160,1,0,109.159,0,0,0,109.159,0
72.29,2.3608,0,0,5.98046,0.311899,3.30776,3.6288,61.308,0.66528,0,0,1.9676,0.197422,1.1049,0.66528,12.849,1,0.419614,3.30776,0,115.11,3.83134,114.167,0.84672,12.849,0.84672,3695.15,0,36.966,0.429831,5.30139,2.16099,11.4218,0.991276,17.4631,0.42336,36.966,0.42336,423.524,0,1.02816,0,0,6.32955,5.30139,1.028160,1,0,132.735,0,0,0,132.735,0
72.29,2.36146,0,0,6.31446,0.311899,3.6411,3.6288,61.308,0.66528,0,0,1.91476,0.197422,1.05206,0.66528,12.849,1,0.419732,3.6411,0,141.609,3.83134,140.999,0.84672,12.849,0.84672,3695.15,0,36.966,0.430291,7.41216,2.16149,15.8925,0.991276,24.0446,0.42336,36.966,0.42336,423.524,0,1.02816,0,0,8.44032,7.41216,1.028160,1,0,166.095,0,0,0,166.095,0
72.29,2.36212,0,0,4.268,0.312655,1.59323,3.6288,61.308,0.66528,0,0,1.42738,0.193044,0.569056,0.66528,12.849,1,0.419849,1.59323,0,129.103,3.75573,126.521,0.84672,12.849,0.84672,3695.15,0,36.966,0.430751,2.17865,2.16199,8.38598,0.969594,11.3263,0.42336,36.966,0.42336,423.524,0,1.02816,0,0,3.20681,2.17865,1.028160,1,0,138.416,0,0,0,138.416,0
72.29,2.03074,0,0,3.79716,0.301884,1.46453,3.6288,61.308,0.523536,0,0,1.20283,0.159095,0.520204,0.66528,12.849,1,0.360949,1.46453,0,124.153,3.07515,122.182,0.84672,12.849,0.84672,3695.15,0,36.966,0.315669,1.86146,2.16249,7.60808,0.810078,10.5063,0.42336,36.966,0.42336,423.524,0,1.02816,0,0,2.88962,1.86146,1.028160,1,0,133.208,0,0,0,133.208,0
72.29,2.03132,0,0,3.89954,0.281477,1.58675,3.6288,61.308,0.523783,0,0,1.40255,0.148848,0.729917,0.66528,12.849,1,0.361051,1.58675,0,141.797,2.77263,140.25,0.84672,12.849,0.84672,3695.15,0,36.966,0.315818,2.16328,1.89093,8.9697,0.770845,11.9373,0.42336,36.966,0.42336,423.524,0,1.02816,0,0,3.19144,2.16328,1.028160,1,0,152.917,0,0,0,152.917,0
72.29,2.0319,0,0,3.49675,0.281477,1.18338,3.6288,61.308,0.524029,0,0,1.24359,0.148848,0.570712,0.66528,12.849,1,0.361154,1.18338,0,124.546,2.77263,122.595,0.84672,12.849,0.84672,3695.15,0,36.966,0.315966,2.30393,1.89136,8.23357,0.770845,11.3421,0.42336,36.966,0.42336,423.524,0,1.02816,0,0,3.33209,2.30393,1.028160,1,0,134.508,0,0,0,134.508,0
72.29,2.03247,0,0,4.8524,0.281477,2.53845,3.6288,61.308,0.524276,0,0,1.44174,0.148848,0.768615,0.66528,12.849,1,0.361257,2.53845,0,158.038,2.77263,157.442,0.84672,12.849,0.84672,3695.15,0,36.966,0.316115,2.69291,1.89179,11.2215,0.770845,14.7192,0.42336,36.966,0.42336,423.524,0,1.02816,0,0,3.72107,2.69291,1.028160,1,0,172.93,0,0,0,172.93,0
72.29,2.03305,0,0,4.19636,0.280319,1.88299,3.6288,61.308,0.524523,0,0,1.28446,0.13989,0.620044,0.66528,12.849,1,0.361359,1.88299,0,153.738,2.67847,152.581,0.84672,12.849,0.84672,3695.15,0,36.966,0.316264,2.50476,1.89223,9.6558,0.762903,12.9736,0.42336,36.966,0.42336,423.524,0,1.02816,0,0,3.53292,2.50476,1.028160,1,0,166.174,0,0,0,166.174,0
72.29,2.11732,0,0,4.83934,0.310493,2.41153,3.6288,61.308,0.564085,0,0,1.27387,0.176249,0.533538,0.66528,12.849,1,0.376337,2.41153,0,116.523,3.21646,115.342,0.84672,12.849,0.84672,3695.15,0,36.966,0.340118,1.7979,1.89266,8.52837,0.876999,11.0018,0.42336,36.966,0.42336,423.524,0,1.02816,0,0,2.82606,1.7979,1.028160,1,0,126.877,0,0,0,126.877,0
72.29,2.11791,0,0,4.20494,0.310493,1.77653,3.6288,61.308,0.564342,0,0,1.59379,0.176249,0.853195,0.66528,12.849,1,0.376443,1.77653,0,128.506,3.21646,126.69,0.84672,12.849,0.84672,3695.15,0,36.966,0.340273,2.77231,1.96025,12.3489,0.876999,15.8642,0.42336,36.966,0.42336,423.524,0,1.02816,0,0,3.80047,2.77231,1.028160,1,0,143.407,0,0,0,143.407,0
72.29,2.11851,0,0,3.27938,0.310493,0.850374,3.6288,61.308,0.564598,0,0,1.26198,0.176249,0.521128,0.66528,12.849,1,0.37655,0.850374,0,147.289,3.21646,144.546,0.84672,12.849,0.84672,3695.15,0,36.966,0.340428,2.81333,1.9607,8.47264,0.876999,12.0293,0.42336,36.966,0.42336,423.524,0,1.02816,0,0,3.84149,2.81333,1.028160,1,0,157.096,0,0,0,157.096,0
72.1406,2.11911,0,0,2.60453,0.271971,0.36288,3.6288,61.308,0.564855,0,0,0.911537,0.140683,0.205999,0.66528,12.849,1,0.376656,0.36288,0,103.39,1.96044,101.415,0.84672,12.849,0.84672,3695.15,0,36.966,0.340583,1.84664,1.96115,6.73479,0.736929,9.46508,0.42336,36.966,0.42336,423.524,0,1.02816,0,0,2.8748,1.84664,1.028160,1,0,111.087,0,0,0,111.087,0
72.0214,2.08631,0,0,2.60219,0.272176,0.36288,3.6288,61.308,0.549827,0,0,0.848206,0.188271,0.110108,0.66528,12.849,1,0.371593,0.36288,0,74.9693,3.70066,71.2599,0.84672,12.849,0.84672,3695.15,0,36.966,0.331521,2.17579,1.9616,7.3834,0.987962,10.2013,0.42336,36.966,0.42336,423.524,0,1.02816,0,0,3.20395,2.17579,1.028160,1,0,81.5713,0,0,0,81.5713,0
71.8081,2.08638,0,0,2.50231,0.266308,0.36288,3.6288,61.308,0.55008,0,0,0.74374,0.134493,0.0591673,0.66528,12.849,1,0.372221,0.36288,0,66.2583,3.08975,63.1593,0.84672,12.849,0.84672,3695.15,0,36.966,0.331674,1.80706,1.9359,6.03027,0.869647,8.5719,0.42336,36.966,0.42336,423.524,0,1.02816,0,0,2.83522,1.80706,1.028160,1,0,71.7903,0,0,0,71.7903,0
71.7059,2.08603,0,0,2.56297,0.216323,0.36288,3.6288,61.308,0.550333,0,0,0.738651,0.174982,0.0133356,0.66528,12.849,1,0.373264,0.36288,0,67.5291,3.55143,63.9673,0.84672,12.849,0.84672,3695.15,0,36.966,0.331826,1.86278,1.93634,5.29047,1.02329,7.73448,0.42336,36.966,0.42336,423.524,0,1.02816,0,0,2.89094,1.86278,1.028160,1,0,71.7151,0,0,0,71.7151,0
71.2591,2.08617,0,0,2.20023,0.197951,0.36288,3.6288,61.3018,0.550586,0,0,0.739143,0.194717,0,0.66528,12.849,1,0.373821,0.36288,0,57.4039,3.80625,53.5867,0.84672,12.849,0.84672,3695.15,0,36.966,0.331979,1.78746,1.93678,4.86491,1.09458,7.1626,0.42336,36.966,0.42336,423.524,0,1.02816,0,0,2.81562,1.78746,1.028160,1,0,60.7493,0,0,0,60.7493,0
70.7154,2.19582,0,0,2.21867,0.203674,0.36288,3.6288,61.3048,0.605076,0,0,0.8093,0.201276,0,0.66528,12.849,1,0.395937,0.36288,0,59.2101,4.06266,55.1144,0.84672,12.849,0.84672,3695.15,0,36.966,0.364871,1.79337,1.93723,4.96512,1.10861,7.22224,0.42336,36.966,0.42336,423.524,0,1.02816,0,0,2.82153,1.79337,1.028160,1,0,62.3366,0,0,0,62.3366,0
70.2311,2.19386,0,0,2.28278,0.21031,0.36288,3.6288,61.1881,0.605354,0,0,0.694172,0.205515,0,0.66528,12.849,1,0.398626,0.36288,0,53.0464,4.34578,48.6649,0.84672,12.849,0.84672,3695.15,0,36.966,0.365021,1.49205,2.02943,4.82528,1.15204,6.82971,0.42336,36.966,0.42336,423.524,0,1.02816,0,0,2.52021,1.49205,1.028160,1,0,55.4946,0,0,0,55.4946,0
69.514,2.19216,0,0,2.00182,0.163885,0.36288,3.6288,61.0248,0.605187,0,0,0.647473,0.2056,0,0.66528,12.849,1,0.401062,0.36288,0,45.2206,4.3618,40.8206,0.84672,12.849,0.84672,3695.15,0,36.966,0.365616,1.5074,2.0299,4.4797,1.10564,6.54575,0.42336,36.966,0.42336,423.524,0,1.02816,0,0,2.53556,1.5074,1.028160,1,0,47.3663,0,0,0,47.3663,0
68.7764,2.18928,0,0,1.97756,0.162979,0.36288,3.6288,60.9128,0.604844,0,0,0.698207,0.205387,0,0.66528,12.849,1,0.404668,0.36288,0,43.8726,4.3618,39.469,0.84672,12.849,0.84672,3695.15,0,36.966,0.366387,1.46095,2.03037,4.85387,1.10564,6.87318,0.42336,36.966,0.42336,423.524,0,1.02816,0,0,2.48911,1.46095,1.028160,1,0,46.3422,0,0,0,46.3422,0
67.9181,2.18624,0,0,1.8528,0.162047,0.36288,3.6288,60.758,0.604691,0,0,0.655163,0.205241,0,0.66528,12.849,1,0.40844,0.36288,0,40.9347,4.3618,36.5273,0.84672,12.849,0.84672,3695.15,0,36.966,0.366968,1.38078,2.03084,4.34013,1.10564,6.27914,0.42336,36.966,0.42336,423.524,0,1.02816,0,0,2.40894,1.38078,1.028160,1,0,42.8065,0,0,0,42.8065,0
67.0371,2.16069,0,0,1.74925,0.106623,0.36288,3.6288,60.5098,0.634135,0,0,0.637874,0.251886,0,0.66528,12.849,1,0.408768,0.36288,0,37.088,5.06131,31.9808,0.84672,12.849,0.84672,3695.15,0,36.966,0.385816,1.0713,2.0313,3.22961,1.27542,4.67098,0.42336,36.966,0.42336,423.524,0,1.02816,0,0,2.09946,1.0713,1.028160,1,0,36.6518,0,0,0,36.6518,0
66.0425,2.15679,0,0,1.63091,0.105886,0.36288,3.6288,60.2378,0.633426,0,0,0.612904,0.25149,0,0.66528,12.849,1,0.413392,0.36288,0,36.5975,5.06131,31.4857,0.84672,12.849,0.84672,3695.15,0,36.966,0.386966,0.986679,2.06389,3.30008,1.27542,4.68826,0.42336,36.966,0.42336,423.524,0,1.02816,0,0,2.01484,0.986679,1.028160,1,0,36.1739,0,0,0,36.1739,0
64.8997,2.15219,0,0,1.47736,0.105054,0.36288,3.6288,59.9398,0.632616,0,0,0.58569,0.251055,0,0.66528,12.849,1,0.418722,0.36288,0,35.966,5.06131,30.8488,0.84672,12.849,0.84672,3695.15,0,36.966,0.388216,0.88655,2.06436,3.1176,1.27542,4.40487,0.42336,36.966,0.42336,423.524,0,1.02816,0,0,1.91471,0.88655,1.028160,1,0,35.2537,0,0,0,35.2537,0
63.6357,2.14664,0,0,1.34515,0.0996041,0.36288,3.6288,59.6006,0.631695,0,0,0.553895,0.261453,0,0.66528,12.849,1,0.424996,0.36288,0,31.6606,5.20246,26.396,0.84672,12.849,0.84672,3695.15,0,36.966,0.389578,0.703676,2.06484,3.02587,1.32694,4.07787,0.42336,36.966,0.42336,423.524,0,1.02816,0,0,1.73184,0.703676,1.028160,1,0,30.4739,0,0,0,30.4739,0
62.2707,2.19604,0,0,1.27544,0.0815422,0.36288,3.6288,59.1874,0.656953,0,0,0.567128,0.323379,0,0.66528,12.849,1,0.443412,0.36288,0,30.4778,6.06035,24.3369,0.84672,12.849,0.84672,3695.15,0,36.966,0.407461,0.703814,2.06532,2.83947,1.5541,3.64703,0.42336,36.966,0.42336,423.524,0,1.02816,0,0,1.73197,0.703814,1.028160,1,0,27.9839,0,0,0,27.9839,0
60.788,2.18859,0,0,1.15656,0.0877863,0.36288,3.6288,58.679,0.655479,0,0,0.467649,0.32057,0,0.66528,12.849,1,0.451596,0.36288,0,27.7683,6.06858,21.611,0.84672,12.849,0.84672,3695.15,0,36.966,0.409385,0.588341,2.11135,2.75586,1.49262,3.55355,0.42336,36.966,0.42336,423.524,0,1.02816,0,0,1.6165,0.588341,1.028160,1,0,25.1645,0,0,0,25.1645,0
59.2406,2.18011,0,0,1.08226,0.0867175,0.36288,3.6288,58.1388,0.65358,0,0,0.432876,0.319526,0,0.66528,12.849,1,0.460819,0.36288,0,25.0677,6.06858,18.9011,0.84672,12.849,0.84672,3695.15,0,36.966,0.411736,0.518979,2.11184,2.45958,1.49262,3.18605,0.42336,36.966,0.42336,423.524,0,1.02816,0,0,1.54714,0.518979,1.028160,1,0,22.0872,0,0,0,22.0872,0
57.6149,2.17083,0,0,0.993574,0.0854921,0.36288,3.6288,57.5969,0.651518,0,0,0.428122,0.318416,0,0.66528,12.849,1,0.470843,0.36288,0,22.9149,6.06858,16.7384,0.84672,12.849,0.84672,3695.15,0,36.966,0.41425,0.39191,2.11233,2.40555,1.49262,3.00292,0.42336,36.966,0.42336,423.524,0,1.02816,0,0,1.42007,0.39191,1.028160,1,0,19.7413,0,0,0,19.7413,0
56.0492,2.32138,0,0,1.1904,0.0718499,0.36288,3.6288,57.1317,0.66528,0,0,0.514495,0.31441,0,0.66528,12.849,1,0.517704,0.36288,0,24.0974,6.2346,17.708,0.84672,12.849,0.84672,3695.15,0,36.966,0.555221,0.792832,2.11282,3.51753,1.53866,4.3293,0.42336,36.966,0.42336,423.524,0,1.02816,0,0,1.82099,0.792832,1.028160,1,0,22.0373,0,0,0,22.0373,0
54.3846,2.31026,0,0,1.0895,0.0810262,0.36288,3.6288,56.4763,0.752475,0,0,0.459101,0.362054,0,0.66528,12.849,1,0.529616,0.36288,0,22.6053,5.9418,16.4967,0.84672,12.849,0.84672,3695.15,0,36.966,0.555712,0.227405,2.26936,2.51051,1.47166,2.9799,0.42336,36.966,0.42336,423.524,0,0.940965,0,0,1.16837,0.227405,1.028160,1,0,19.4766,0,0,0,19.4766,0
52.6563,2.29779,0,0,1.01844,0.0860604,0.36288,3.6288,55.9178,0.66528,0,0,0.447737,0.340953,0,0.66528,12.849,1,0.542881,0.36288,0,20.7503,6.07562,14.4947,0.84672,12.849,0.84672,3695.15,0,36.966,0.556203,0.49756,2.26989,2.91473,1.52631,3.59966,0.42336,36.966,0.42336,423.524,0,1.02816,0,0,1.52572,0.49756,1.028160,1,0,18.0944,0,0,0,18.0944,0
50.8811,2.28411,0,0,0.956327,0.0845573,0.36288,3.6288,55.3497,0.66528,0,0,0.436912,0.339711,0,0.66528,12.849,1,0.557359,0.36288,0,21.1806,6.07562,14.9105,0.84672,12.849,0.84672,3695.15,0,36.966,0.556694,0.835514,2.27042,2.68681,1.52631,3.70973,0.42336,36.966,0.42336,423.524,0,1.02816,0,0,1.86367,0.835514,1.028160,1,0,18.6203,0,0,0,18.6203,0
49.0915,2.26921,0,0,0.925517,0.0830133,0.36288,3.6288,54.7789,0.66528,0,0,0.432933,0.338448,0,0.66528,12.849,1,0.573045,0.36288,0,19.8005,6.07562,13.5148,0.84672,12.849,0.84672,3695.15,0,36.966,0.557185,0.806803,2.27094,2.67635,1.52631,3.6706,0.42336,36.966,0.42336,423.524,0,1.02816,0,0,1.83496,0.806803,1.028160,1,0,17.1854,0,0,0,17.1854,0
48.0767,2.17722,0,0,1.54278,0.0174805,0.36288,3.6288,54.1996,0.66528,0,0,0.451385,0.365414,0,0.66528,12.849,1,0.569857,0.36288,0,23.2417,5.9165,17.1182,0.84672,12.849,0.84672,3695.15,0,36.966,0.463914,0.946097,2.27147,3.28253,1.4206,4.61558,0.42336,36.966,0.42336,423.524,0,1.02816,0,0,1.97426,0.946097,1.028160,1,0,21.7338,0,0,0,21.7338,0
46.9818,2.16834,0,0,1.53418,0.0978685,0.36288,3.6288,53.7315,0.66528,0,0,0.492334,0.295235,0,0.66528,12.849,1,0.579511,0.36288,0,21.6322,3.99807,17.4175,0.84672,12.849,0.84672,3695.15,0,36.966,0.464382,1.03471,2.18157,3.26652,0.926433,5.09199,0.42336,36.966,0.42336,423.524,0,1.02816,0,0,2.06287,1.03471,1.028160,1,0,22.5095,0,0,0,22.5095,0
46.0967,2.15833,0,0,1.76214,0.125975,0.36288,3.6288,53.4504,0.66528,0,0,0.671933,0.287664,0,0.66528,12.849,1,0.590281,0.36288,0,21.8608,3.77769,17.8557,0.84672,12.849,0.84672,3695.15,0,36.966,0.464849,1.52299,2.18208,4.52987,0.90137,6.86872,0.42336,36.966,0.42336,423.524,0,1.02816,0,0,2.55115,1.52299,1.028160,1,0,24.7244,0,0,0,24.7244,0
45.1462,2.15007,0,0,1.68721,0.124744,0.36288,3.6288,53.1572,0.66528,0,0,0.659038,0.287021,0,0.66528,12.849,1,0.599311,0.36288,0,29.1474,3.77769,25.1333,0.84672,12.849,0.84672,3695.15,0,36.966,0.465317,1.45349,2.18258,4.5287,0.90137,6.79809,0.42336,36.966,0.42336,423.524,0,1.02816,0,0,2.48165,1.45349,1.028160,1,0,31.9314,0,0,0,31.9314,0
44.6564,2.07946,0,0,2.09065,0.138159,0.36288,3.6288,52.8851,0.616743,0,0,0.607588,0.262958,0,0.66528,12.849,1,0.591833,0.36288,0,42.8221,4.04009,38.553,0.84672,12.849,0.84672,3695.15,0,36.966,0.428889,1.29589,2.18309,4.49416,0.909614,6.63463,0.42336,36.966,0.42336,423.524,0,1.02816,0,0,2.32405,1.29589,1.028160,1,0,45.1877,0,0,0,45.1877,0
46.9802,2.07501,0,0,4.91862,0.156936,0.36288,3.6288,53.3581,0.615707,0,0,1.31996,0.231264,0,0.66528,12.849,1,0.597042,0.36288,0,67.744,4.38994,63.1199,0.84672,12.849,0.84672,3695.15,0,36.966,0.430372,3.48437,2.10281,7.01065,0.920607,11.2469,0.42336,36.966,0.42336,423.524,0,1.02816,0,0,4.51253,3.48437,1.028160,1,0,74.3667,0,0,0,74.3667,0
47.9228,2.09878,0,0,3.56534,0.161066,0.36288,3.6288,53.4262,0.618225,0,0,0.91851,0.23214,0,0.66528,12.849,1,0.574014,0.36288,0,58.2952,4.38994,53.6941,0.84672,12.849,0.84672,3695.15,0,36.966,0.428301,1.86201,2.1033,5.74099,0.920607,8.35739,0.42336,36.966,0.42336,423.524,0,1.02816,0,0,2.89017,1.86201,1.028160,1,0,62.0515,0,0,0,62.0515,0
50.4947,2.10828,0,0,5.20584,0.162742,0.36288,3.6288,53.517,0.618811,0,0,0.941909,0.232266,0,0.66528,12.849,1,0.565269,0.36288,0,76.9256,4.38994,72.3332,0.84672,12.849,0.84672,3695.15,0,36.966,0.42816,1.30249,2.10378,5.67058,0.920607,7.72808,0.42336,36.966,0.42336,423.524,0,1.02816,0,0,2.33065,1.30249,1.028160,1,0,80.0613,0,0,0,80.0613,0
52.862,1.95312,0,0,4.86981,0.1865,0.36288,3.6288,54.1943,0.514161,0,0,1.45245,0.260986,0,0.66528,12.849,1,0.496996,0.36288,0,70.5929,4.99521,65.4635,0.84672,12.849,0.84672,3695.15,0,36.966,0.355148,3.38239,2.10427,7.97331,1.13722,11.9676,0.42336,36.966,0.42336,423.524,0,1.02816,0,0,4.41055,3.38239,1.028160,1,0,77.4311,0,0,0,77.4311,0
53.9578,1.97158,0,0,3.62698,0.196749,0.36288,3.6288,54.5366,0.517038,0,0,1.06457,0.205264,0,0.66528,12.849,1,0.479226,0.36288,0,54.0365,3.78814,50.1321,0.84672,12.849,0.84672,3695.15,0,36.966,0.352672,1.1874,1.92514,5.56802,1.0573,7.27059,0.42336,36.966,0.42336,423.524,0,1.02816,0,0,2.21556,1.1874,1.028160,1,0,57.4027,0,0,0,57.4027,0
57.3772,1.98,0,0,6.00264,0.24034,0.36288,3.6288,55.982,0.518597,0,0,2.15929,0.195328,0,0.66528,12.849,1,0.471499,0.36288,0,105.498,3.77496,101.614,0.84672,12.849,0.84672,3695.15,0,36.966,0.351515,2.91355,1.92558,7.41739,1.04227,10.8627,0.42336,36.966,0.42336,423.524,0,1.02816,0,0,3.94171,2.91355,1.028160,1,0,112.477,0,0,0,112.477,0
70.5363,2.00353,0,0,15.7742,0.248681,0.36288,3.6288,57.9069,0.524305,0,0,2.64644,0.197192,0,0.66528,12.849,1,0.448668,0.36288,0,110.176,3.77496,106.316,0.84672,12.849,0.84672,3695.15,0,36.966,0.346209,3.57714,1.92602,9.16419,1.04227,13.2789,0.42336,36.966,0.42336,423.524,0,1.02816,0,0,4.6053,3.57714,1.028160,1,0,119.595,0,0,0,119.595,0
72.29,2.07492,0,0,8.15089,0.281298,4.04101,3.6288,59.0339,0.531575,0,0,1.85366,0.195083,0,0.66528,12.849,1,0.37797,4.04101,0,174.611,3.82023,174.454,0.84672,12.849,0.84672,3695.15,0,36.966,0.339341,2.47933,1.92646,7.72641,1.00376,10.7891,0.42336,36.966,0.42336,423.524,0,1.02816,0,0,3.50749,2.47933,1.028160,1,0,185.243,0,0,0,185.243,0
72.29,2.15659,0,0,4.7378,0.281376,2.29983,3.6288,59.6979,0.567555,0,0,1.42061,0.189117,0,0.66528,12.849,1,0.383317,2.29983,0,105.554,3.77868,103.692,0.84672,12.849,0.84672,3695.15,0,36.966,0.355393,0.925975,1.9269,7.97342,0.837493,9.63341,0.42336,36.966,0.42336,423.524,0,1.02816,0,0,1.95413,0.925975,1.028160,1,0,113.325,0,0,0,113.325,0
72.29,2.15717,0,0,3.9747,0.276214,1.54132,3.6288,60.5319,0.570241,0,0,1.59591,0.1916,0,0.66528,12.849,1,0.383421,1.54132,0,83.1799,3.71679,80.621,0.84672,12.849,0.84672,3695.15,0,36.966,0.353104,1.76782,1.9834,10.5637,0.809508,13.1523,0.42336,36.966,0.42336,423.524,0,1.02816,0,0,2.79598,1.76782,1.028160,1,0,93.7733,0,0,0,93.7733,0
72.29,2.15775,0,0,6.77755,0.276214,4.34359,3.6288,61.308,0.573509,0,0,1.9086,0.192621,0.366409,0.66528,12.849,1,0.383524,4.34359,0,114.208,3.71679,114.451,0.84672,12.849,0.84672,3695.15,0,36.966,0.350234,2.31108,1.98384,11.374,0.809508,14.5091,0.42336,36.966,0.42336,423.524,0,1.02816,0,0,3.33924,2.31108,1.028160,1,0,129.327,0,0,0,129.327,0
72.29,2.15833,0,0,4.72707,0.297514,2.27122,3.6288,61.308,0.576523,0,0,1.46846,0.187374,0.704566,0.66528,12.849,1,0.383628,2.27122,0,102.025,4.15359,99.7586,0.84672,12.849,0.84672,3695.15,0,36.966,0.347618,2.4971,1.98428,8.45078,0.928649,11.6559,0.42336,36.966,0.42336,423.524,0,1.02816,0,0,3.52526,2.4971,1.028160,1,0,112.119,0,0,0,112.119,0
72.29,2.39454,0,0,3.88653,0.312769,1.17923,3.6288,61.308,0.66528,0,0,1.64071,0.180094,0.795336,0.66528,12.849,1,0.425611,1.17923,0,100.083,3.86892,96.9679,0.84672,12.849,0.84672,3695.15,0,36.966,0.453299,1.24391,1.98471,8.02509,0.84727,9.95314,0.42336,36.966,0.42336,423.524,0,1.02816,0,0,2.27207,1.24391,1.028160,1,0,107.716,0,0,0,107.716,0
72.29,2.39518,0,0,3.4216,0.350906,0.675513,3.6288,61.308,0.66528,0,0,1.15964,0.161895,0.332468,0.66528,12.849,1,0.425724,0.675513,0,77.8257,3.15725,74.9182,0.84672,12.849,0.84672,3695.15,0,36.966,0.453744,0.539404,2.18707,6.99513,0.643824,8.62403,0.42336,36.966,0.42336,423.524,0,1.02816,0,0,1.56756,0.539404,1.028160,1,0,83.8747,0,0,0,83.8747,0
72.0954,2.39582,0,0,2.90335,0.339212,0.36288,3.6288,61.308,0.66528,0,0,1.32422,0.1813,0.477638,0.66528,12.849,1,0.425838,0.36288,0,71.585,3.74487,67.7772,0.84672,12.849,0.84672,3695.15,0,36.966,0.454189,0.653331,2.18755,7.95969,0.835828,9.51055,0.42336,36.966,0.42336,423.524,0,1.02816,0,0,1.68149,0.653331,1.028160,1,0,77.7654,0,0,0,77.7654,0
72.29,2.39548,0,0,3.4611,0.312103,0.558958,3.6288,61.308,0.66528,0,0,1.21777,0.186663,0.36583,0.66528,12.849,1,0.426927,0.558958,0,74.6548,4.33302,70.4538,0.84672,12.849,0.84672,3695.15,0,36.966,0.454634,0.718805,2.18804,9.48974,1.02549,10.9165,0.42336,36.966,0.42336,423.524,0,1.02816,0,0,1.74696,0.718805,1.028160,1,0,81.7361,0,0,0,81.7361,0
72.29,2.0607,0,0,4.59748,0.287385,2.2494,3.6288,61.308,0.536324,0,0,2.48532,0.196363,1.75264,0.66528,12.849,1,0.366274,2.2494,0,132.719,3.87699,130.725,0.84672,12.849,0.84672,3695.15,0,36.966,0.32338,2.29585,2.18852,14.0091,0.825387,17.3447,0.42336,36.966,0.42336,423.524,0,1.02816,0,0,3.32401,2.29585,1.028160,1,0,149.822,0,0,0,149.822,0
72.29,2.06126,0,0,7.89877,0.293323,5.54419,3.6288,61.308,0.536563,0,0,4.11588,0.1886,3.39072,0.66528,12.849,1,0.366374,5.54419,0,195.001,3.89792,196.281,0.84672,12.849,0.84672,3695.15,0,36.966,0.323523,4.40025,1.91338,17.2358,0.959161,22.2667,0.42336,36.966,0.42336,423.524,0,1.02816,0,0,5.42841,4.40025,1.028160,1,0,221.939,0,0,0,221.939,0
72.29,2.06182,0,0,6.80651,0.293323,4.45136,3.6288,61.308,0.536801,0,0,3.55873,0.1886,2.83333,0.66528,12.849,1,0.366473,4.45136,0,169.573,3.89792,169.76,0.84672,12.849,0.84672,3695.15,0,36.966,0.323667,3.06742,1.9138,14.0101,0.959161,17.7085,0.42336,36.966,0.42336,423.524,0,1.02816,0,0,4.09558,3.06742,1.028160,1,0,190.302,0,0,0,190.302,0
72.29,2.06238,0,0,7.38815,0.293323,5.03245,3.6288,61.308,0.53704,0,0,3.33431,0.1886,2.60867,0.66528,12.849,1,0.366572,5.03245,0,178.686,3.89792,179.454,0.84672,12.849,0.84672,3695.15,0,36.966,0.323811,3.46701,1.91422,17.3443,0.959161,21.4425,0.42336,36.966,0.42336,423.524,0,1.02816,0,0,4.49517,3.46701,1.028160,1,0,203.505,0,0,0,203.505,0
72.29,2.06294,0,0,6.61236,0.224874,4.32455,3.6288,61.308,0.537279,0,0,2.85376,0.148353,2.16813,0.66528,12.849,1,0.366672,4.32455,0,170.906,3.38023,171.484,0.84672,12.849,0.84672,3695.15,0,36.966,0.323955,2.98825,1.91464,15.3961,0.883946,19.0911,0.42336,36.966,0.42336,423.524,0,1.02816,0,0,4.01641,2.98825,1.028160,1,0,192.743,0,0,0,192.743,0
72.29,2.14827,0,0,5.55846,0.273275,3.13691,3.6288,61.308,0.577345,0,0,3.77601,0.212698,2.98596,0.66528,12.849,1,0.38184,3.13691,0,124.27,4.41892,122.606,0.84672,12.849,0.84672,3695.15,0,36.966,0.348114,3.03493,1.91505,14.8558,1.11711,18.3405,0.42336,36.966,0.42336,423.524,0,1.02816,0,0,4.06309,3.03493,1.028160,1,0,143.933,0,0,0,143.933,0
72.29,2.14885,0,0,3.79379,0.270493,1.37444,3.6288,61.308,0.577594,0,0,1.53857,0.221556,0.739418,0.66528,12.849,1,0.381943,1.37444,0,98.1694,4.49935,94.6626,0.84672,12.849,0.84672,3695.15,0,36.966,0.348263,1.36735,1.98351,7.68087,1.14351,9.53996,0.42336,36.966,0.42336,423.524,0,1.02816,0,0,2.39551,1.36735,1.028160,1,0,104.942,0,0,0,104.942,0
72.29,2.14943,0,0,4.86325,0.270493,2.44332,3.6288,61.308,0.577842,0,0,2.71593,0.221556,1.91653,0.66528,12.849,1,0.382046,2.44332,0,134.92,4.49935,132.482,0.84672,12.849,0.84672,3695.15,0,36.966,0.348413,2.31663,1.98395,11.6868,1.14351,14.4955,0.42336,36.966,0.42336,423.524,0,1.02816,0,0,3.34479,2.31663,1.028160,1,0,148.894,0,0,0,148.894,0
72.29,2.15001,0,0,4.33155,0.240472,1.94107,3.6288,61.308,0.578091,0,0,1.55908,0.230851,0.750138,0.66528,12.849,1,0.382149,1.94107,0,110.445,4.66121,107.343,0.84672,12.849,0.84672,3695.15,0,36.966,0.348563,1.55945,1.98438,8.89773,1.12961,10.9634,0.42336,36.966,0.42336,423.524,0,1.02816,0,0,2.58761,1.55945,1.028160,1,0,119.056,0,0,0,119.056,0
72.29,2.11742,0,0,3.53887,0.205364,1.2161,3.6288,61.308,0.562855,0,0,1.15583,0.22329,0.369688,0.66528,12.849,1,0.376355,1.2161,0,84.9148,4.37782,81.3767,0.84672,12.849,0.84672,3695.15,0,36.966,0.339377,0.920687,1.98482,6.64943,1.1186,8.09696,0.42336,36.966,0.42336,423.524,0,1.02816,0,0,1.94885,0.920687,1.028160,1,0,89.8434,0,0,0,89.8434,0
72.29,2.11799,0,0,3.23181,0.210045,0.903777,3.6288,61.308,0.5631,0,0,1.06221,0.230848,0.268262,0.66528,12.849,1,0.376456,0.903777,0,76.928,4.67712,72.7782,0.84672,12.849,0.84672,3695.15,0,36.966,0.339524,0.782015,1.95875,6.47024,1.19579,7.67569,0.42336,36.966,0.42336,423.524,0,1.02816,0,0,1.81018,0.782015,1.028160,1,0,80.7221,0,0,0,80.7221,0
72.29,2.11856,0,0,2.85041,0.210045,0.5218,3.6288,61.308,0.563345,0,0,1.15474,0.230848,0.360543,0.66528,12.849,1,0.376558,0.5218,0,71.699,4.67712,67.1672,0.84672,12.849,0.84672,3695.15,0,36.966,0.339672,0.923858,1.95918,6.68261,1.19579,8.03019,0.42336,36.966,0.42336,423.524,0,1.02816,0,0,1.95202,0.923858,1.028160,1,0,75.5579,0,0,0,75.5579,0
72.29,2.11913,0,0,2.90883,0.210045,0.579651,3.6288,61.308,0.56359,0,0,0.993807,0.230848,0.199369,0.66528,12.849,1,0.37666,0.579651,0,69.2168,4.67712,64.7426,0.84672,12.849,0.84672,3695.15,0,36.966,0.33982,0.579347,1.95961,6.60951,1.19579,7.61287,0.42336,36.966,0.42336,423.524,0,1.02816,0,0,1.60751,0.579347,1.028160,1,0,72.5549,0,0,0,72.5549,0
72.29,2.23244,0,0,2.99938,0.180881,0.586066,3.6288,61.308,0.618797,0,0,0.984511,0.243052,0.122661,0.66528,12.849,1,0.396799,0.586066,0,71.7146,5.59383,66.31,0.84672,12.849,0.84672,3695.15,0,36.966,0.373107,0.673877,1.96004,8.27816,1.22603,9.31294,0.42336,36.966,0.42336,423.524,0,1.02816,0,0,1.70204,0.673877,1.028160,1,0,75.7456,0,0,0,75.7456,0
72.2849,2.23304,0,0,2.76699,0.176196,0.36288,3.6288,61.308,0.619056,0,0,0.977694,0.233194,0.125444,0.66528,12.849,1,0.396906,0.36288,0,60.2584,4.54419,55.6802,0.84672,12.849,0.84672,3695.15,0,36.966,0.373263,0.688513,2.05342,6.47974,1.14927,7.69914,0.42336,36.966,0.42336,423.524,0,1.02816,0,0,1.71667,0.688513,1.028160,1,0,63.5048,0,0,0,63.5048,0
71.9747,2.23361,0,0,2.4625,0.176189,0.36288,3.6288,61.308,0.619314,0,0,0.897013,0.233194,0.0445051,0.66528,12.849,1,0.397036,0.36288,0,54.3407,4.54419,49.7623,0.84672,12.849,0.84672,3695.15,0,36.966,0.373419,0.53663,2.05387,6.24428,1.14927,7.3121,0.42336,36.966,0.42336,423.524,0,1.02816,0,0,1.56479,0.53663,1.028160,1,0,57.1189,0,0,0,57.1189,0
71.5793,2.23276,0,0,2.32578,0.125508,0.36288,3.6288,61.2837,0.619572,0,0,0.861486,0.266246,0,0.66528,12.849,1,0.398595,0.36288,0,48.4344,4.91904,43.4796,0.84672,12.849,0.84672,3695.15,0,36.966,0.373575,0.477619,2.05433,5.94709,1.24505,6.86042,0.42336,36.966,0.42336,423.524,0,1.02816,0,0,1.50578,0.477619,1.028160,1,0,50.34,0,0,0,50.34,0
71.0471,2.23149,0,0,2.18732,0.125131,0.36288,3.6288,61.2187,0.619738,0,0,0.820999,0.266205,0,0.66528,12.849,1,0.400569,0.36288,0,47.7344,4.91904,42.7777,0.84672,12.849,0.84672,3695.15,0,36.966,0.373823,0.36815,2.05478,6.12433,1.24505,6.92839,0.42336,36.966,0.42336,423.524,0,1.02816,0,0,1.39631,0.36815,1.028160,1,0,49.7061,0,0,0,49.7061,0
70.2084,2.20729,0,0,1.83423,0.102777,0.36288,3.6288,60.8591,0.838606,0,0,0.731022,0.252033,0,0.66528,12.849,1,0.399192,0.36288,0,37.1694,5.38479,31.7483,0.84672,12.849,0.84672,3695.15,0,36.966,0.50638,0.30119,2.05523,4.18525,1.19814,4.83715,0.42336,36.966,0.42336,423.524,0,0.72563,0,0,1.02682,0.30119,1.028160,1,0,36.5854,0,0,0,36.5854,0
69.1938,2.20385,0,0,1.65063,0.0984988,0.36288,3.6288,60.4155,0.882279,0,0,0.68777,0.249121,0,0.66528,12.849,1,0.403332,0.36288,0,35.1513,5.46242,29.6485,0.84672,12.849,0.84672,3695.15,0,36.966,0.535899,0.261274,2.08821,3.95416,1.19032,4.57742,0.42336,36.966,0.42336,423.524,0,0.652864,0,0,0.914138,0.261274,1.028160,1,0,34.2259,0,0,0,34.2259,0
68.0349,2.19945,0,0,1.50116,0.0977283,0.36288,3.6288,59.9503,0.887446,0,0,0.670654,0.24842,0,0.66528,12.849,1,0.408429,0.36288,0,34.4633,5.46242,28.9554,0.84672,12.849,0.84672,3695.15,0,36.966,0.542995,0.261274,2.08867,3.78879,1.19032,4.40541,0.42336,36.966,0.42336,423.524,0,0.641028,0,0,0.902301,0.261274,1.028160,1,0,33.3608,0,0,0,33.3608,0
66.7435,2.19419,0,0,1.36251,0.0968483,0.36288,3.6288,59.3837,0.948045,0,0,0.62918,0.247686,0,0.66528,12.849,1,0.414393,0.36288,0,30.7095,5.46242,25.1956,0.84672,12.849,0.84672,3695.15,0,36.966,0.584575,0.261274,2.08913,3.66516,1.19032,4.24066,0.42336,36.966,0.42336,423.524,0,0.539274,0,0,0.800548,0.261274,1.028160,1,0,29.4362,0,0,0,29.4362,0
65.2625,2.24504,0,0,1.19411,0.0672258,0.36288,3.6288,58.6162,0.988551,0,0,0.54466,0.323642,0,0.66528,12.849,1,0.432199,0.36288,0,25.4337,6.29873,19.0656,0.84672,12.849,0.84672,3695.15,0,36.966,0.615367,0.261274,2.08959,3.35378,1.56353,3.52575,0.42336,36.966,0.42336,423.524,0,0.511652,0,0,0.772926,0.261274,1.028160,1,0,22.5914,0,0,0,22.5914,0
63.8453,2.23744,0,0,1.25387,0.0707515,0.36288,3.6288,58.0067,0.917174,0,0,0.631122,0.323383,0,0.66528,12.849,1,0.440512,0.36288,0,29.2555,6.0964,23.0814,0.84672,12.849,0.84672,3695.15,0,36.966,0.578411,0.261274,2.1362,3.73485,1.58027,3.97364,0.42336,36.966,0.42336,423.524,0,0.620421,0,0,0.881695,0.261274,1.028160,1,0,27.0551,0,0,0,27.0551,0
62.3238,2.2299,0,0,1.14131,0.0699479,0.36288,3.6288,57.3238,0.881412,0,0,0.52055,0.322115,0,0.66528,12.849,1,0.448773,0.36288,0,23.5636,6.0964,17.3813,0.84672,12.849,0.84672,3695.15,0,36.966,0.561698,0.227405,2.13668,3.47051,1.58027,3.69262,0.42336,36.966,0.42336,423.524,0,0.673332,0,0,0.900737,0.227405,1.028160,1,0,21.0739,0,0,0,21.0739,0
60.7085,2.22141,0,0,1.03802,0.0690851,0.36288,3.6288,56.5249,0.962955,0,0,0.484784,0.320695,0,0.66528,12.849,1,0.457978,0.36288,0,21.9668,6.0964,15.7753,0.84672,12.849,0.84672,3695.15,0,36.966,0.620975,0.227405,2.13715,3.0929,1.58027,3.2562,0.42336,36.966,0.42336,423.524,0,0.53295,0,0,0.760355,0.227405,1.028160,1,0,19.0315,0,0,0,19.0315,0
59.0383,2.37634,0,0,1.13038,0.0613585,0.36288,3.6288,55.8471,0.932762,0,0,0.572221,0.317287,0,0.66528,12.849,1,0.502955,0.36288,0,22.0705,6.20454,15.7259,0.84672,12.849,0.84672,3695.15,0,36.966,0.610005,0.227405,2.13762,4.37316,1.60618,4.522,0.42336,36.966,0.42336,423.524,0,0.730806,0,0,0.958211,0.227405,1.028160,1,0,20.2479,0,0,0,20.2479,0
57.1929,2.36529,0,0,0.954098,0.0713508,0.36288,3.6288,54.766,1.18861,0,0,0.419359,0.311816,0,0.66528,12.849,1,0.514778,0.36288,0,16.9571,5.85942,10.9458,0.84672,12.849,0.84672,3695.15,0,36.966,0.786757,0.227405,2.29614,2.63761,1.54481,2.82959,0.42336,36.966,0.42336,423.524,0,0.298684,0,0,0.526089,0.227405,1.028160,1,0,13.7754,0,0,0,13.7754,0
55.4546,2.35235,0,0,1.04708,0.0700799,0.36288,3.6288,53.8845,1.08977,0,0,0.517847,0.309609,0,0.66528,12.849,1,0.528481,0.36288,0,21.8083,5.85942,15.7833,0.84672,12.849,0.84672,3695.15,0,36.966,0.735572,0.204422,2.29665,2.87734,1.54481,3.09803,0.42336,36.966,0.42336,423.524,0,0.449183,0,0,0.653606,0.204422,1.028160,1,0,18.8813,0,0,0,18.8813,0
53.5245,2.33952,0,0,0.841173,0.0688828,0.36288,3.6288,52.7498,1.20144,0,0,0.37455,0.307809,0,0.66528,12.849,1,0.542074,0.36288,0,21.3102,5.85942,15.2716,0.84672,12.849,0.84672,3695.15,0,36.966,0.824213,0.204422,2.29716,2.30984,1.54481,2.4424,0.42336,36.966,0.42336,423.524,0,0.249348,0,0,0.45377,0.204422,1.028160,1,0,17.714,0,0,0,17.714,0
51.8173,2.32438,0,0,1.0476,0.0675536,0.36288,3.6288,52.1315,0.953403,0,0,0.640179,0.305057,0,0.66528,12.849,1,0.557986,0.36288,0,19.4629,5.85942,13.4084,0.84672,12.849,0.84672,3695.15,0,36.966,0.668126,0.204422,2.29767,3.57147,1.54481,3.86062,0.42336,36.966,0.42336,423.524,0,0.653944,0,0,0.858367,0.204422,1.028160,1,0,17.269,0,0,0,17.269,0
50.1883,2.23238,0,0,1.02711,0.0608247,0.36288,3.6288,52.2328,0.685627,0,0,1.05814,0.271219,0,0.66528,12.849,1,0.553557,0.36288,0,20.184,5.0241,14.9692,0.84672,12.849,0.84672,3695.15,0,36.966,0.487551,0.204422,2.29819,3.85855,1.26369,4.60992,0.42336,36.966,0.42336,423.524,0,1.00781,0,0,1.21224,0.204422,1.028160,1,0,19.5791,0,0,0,19.5791,0
48.5809,2.21867,0,0,1.03029,0.0561538,0.36288,3.6288,51.6888,0.9418,0,0,0.665356,0.267579,0,0.66528,12.849,1,0.568013,0.36288,0,22.5387,4.94876,17.3848,0.84672,12.849,0.84672,3695.15,0,36.966,0.666527,0.216518,2.20712,2.98687,1.25197,3.492,0.42336,36.966,0.42336,423.524,0,0.573117,0,0,0.789636,0.216518,1.028160,1,0,20.8768,0,0,0,20.8768,0
46.8099,2.20439,0,0,0.851403,0.0551959,0.36288,3.6288,51.0195,0.988992,0,0,0.586161,0.266408,0,0.66528,12.849,1,0.583032,0.36288,0,20.8099,4.94876,15.641,0.84672,12.849,0.84672,3695.15,0,36.966,0.707293,0.216518,2.20761,2.76608,1.25197,3.23094,0.42336,36.966,0.42336,423.524,0,0.485611,0,0,0.70213,0.216518,1.028160,1,0,18.8719,0,0,0,18.8719,0
45.7101,2.18767,0,0,1.58261,0.131844,0.36288,3.6288,50.8547,0.882337,0,0,0.9119,0.194357,0,0.66528,12.849,1,0.6005,0.36288,0,36.7432,3.9106,32.595,0.84672,12.849,0.84672,3695.15,0,36.966,0.639294,0.216518,2.2081,4.80257,0.927485,5.66041,0.42336,36.966,0.42336,423.524,0,0.660718,0,0,0.877236,0.216518,1.028160,1,0,38.2554,0,0,0,38.2554,0
46.0115,2.11464,0,0,2.91432,0.135355,0.36288,3.6288,51.3255,0.679817,0,0,1.32509,0.174475,0,0.66528,12.849,1,0.594419,0.36288,0,65.6673,3.63721,61.7985,0.84672,12.849,0.84672,3695.15,0,36.966,0.494155,0.216518,2.20858,6.61814,0.810746,7.73835,0.42336,36.966,0.42336,423.524,0,0.922311,0,0,1.13883,0.216518,1.028160,1,0,69.5369,0,0,0,69.5369,0
44.7107,2.11825,0,0,1.35749,0.177235,0.36288,3.6288,50.7396,0.917393,0,0,0.514778,0.183335,0,0.66528,12.849,1,0.591533,0.36288,0,31.3171,4.12818,26.9603,0.84672,12.849,0.84672,3695.15,0,36.966,0.660731,0.216518,2.12727,2.68801,1.01701,3.35405,0.42336,36.966,0.42336,423.524,0,0.518592,0,0,0.73511,0.216518,1.028160,1,0,30.3144,0,0,0,30.3144,0
43.19,2.10544,0,0,1.12235,0.174663,0.36288,3.6288,50.0797,0.920931,0,0,0.443559,0.182464,0,0.66528,12.849,1,0.605064,0.36288,0,25.1158,4.12818,20.7454,0.84672,12.849,0.84672,3695.15,0,36.966,0.670938,0.292723,2.12774,2.60736,1.01701,3.33988,0.42336,36.966,0.42336,423.524,0,0.505278,0,0,0.798002,0.292723,1.028160,1,0,24.0853,0,0,0,24.0853,0
43.4198,2.08958,0,0,2.85388,0.171657,0.36288,3.6288,50.7031,0.615265,0,0,1.42008,0.181483,0,0.66528,12.849,1,0.621649,0.36288,0,70.0709,4.12818,65.684,0.84672,12.849,0.84672,3695.15,0,36.966,0.454154,1.40005,2.1282,6.09349,1.01701,8.15059,0.42336,36.966,0.42336,423.524,0,1.02816,0,0,2.42821,1.40005,1.028160,1,0,73.8346,0,0,0,73.8346,0
44.3082,1.9175,0,0,3.35822,0.189454,0.36288,3.6288,51.8525,0.514432,0,0,1.83166,0.167859,0,0.66528,12.849,1,0.567437,0.36288,0,83.602,3.91053,79.4869,0.84672,12.849,0.84672,3695.15,0,36.966,0.375056,0.555854,2.12867,6.17349,0.955353,7.52761,0.42336,36.966,0.42336,423.524,0,1.02816,0,0,1.58401,0.555854,1.028160,1,0,87.0145,0,0,0,87.0145,0
43.7449,1.92684,0,0,1.88156,0.155131,0.36288,3.6288,51.9192,0.639344,0,0,0.900029,0.193985,0,0.66528,12.849,1,0.558768,0.36288,0,48.6283,3.84355,44.5888,0.84672,12.849,0.84672,3695.15,0,36.966,0.455793,0.292723,1.94725,6.69972,1.04101,7.44289,0.42336,36.966,0.42336,423.524,0,0.8229,0,0,1.11562,0.292723,1.028160,1,0,52.0317,0,0,0,52.0317,0
43.9553,1.9218,0,0,2.71102,0.215912,0.36288,3.6288,52.8225,0.520017,0,0,1.60046,0.177097,0,0.66528,12.849,1,0.564482,0.36288,0,87.3472,3.82158,83.324,0.84672,12.849,0.84672,3695.15,0,36.966,0.370248,0.739636,1.94768,8.2709,1.01597,9.57199,0.42336,36.966,0.42336,423.524,0,1.02816,0,0,1.7678,0.739636,1.028160,1,0,92.896,0,0,0,92.896,0
48.6431,1.92441,0,0,7.19154,0.216432,0.36288,3.6288,54.1601,0.523971,0,0,2.04,0.178388,0,0.66528,12.849,1,0.562543,0.36288,0,90.5386,3.82158,86.5173,0.84672,12.849,0.84672,3695.15,0,36.966,0.366683,1.10062,1.9481,10.5296,1.01597,12.1956,0.42336,36.966,0.42336,423.524,0,1.02816,0,0,2.12878,1.10062,1.028160,1,0,98.713,0,0,0,98.713,0
51.1271,1.96783,0,0,5.04267,0.228015,0.36288,3.6288,54.9542,0.529585,0,0,1.50386,0.180221,0,0.66528,12.849,1,0.519798,0.36288,0,168.534,3.82158,164.555,0.84672,12.849,0.84672,3695.15,0,36.966,0.361458,0.65721,1.94853,9.24255,1.01597,10.4709,0.42336,36.966,0.42336,423.524,0,1.02816,0,0,1.68537,0.65721,1.028160,1,0,175.026,0,0,0,175.026,0
51.148,2.0584,0,0,2.68606,0.243833,0.36288,3.6288,55.614,0.567682,0,0,1.39706,0.169545,0,0.66528,12.849,1,0.517306,0.36288,0,70.2564,4.15104,65.951,0.84672,12.849,0.84672,3695.15,0,36.966,0.381862,0.412474,1.94896,6.00373,0.86483,7.11847,0.42336,36.966,0.42336,423.524,0,1.02233,0,0,1.4348,0.412474,1.028160,1,0,73.0694,0,0,0,73.0694,0
50.0535,2.0591,0,0,1.57352,0.246055,0.36288,3.6288,55.4791,0.907502,0,0,0.986645,0.214066,0,0.66528,12.849,1,0.51727,0.36288,0,45.8775,4.91158,40.8116,0.84672,12.849,0.84672,3695.15,0,36.966,0.603206,0.503194,2.00616,2.84038,1.10197,3.64456,0.42336,36.966,0.42336,423.524,0,0.461549,0,0,0.964742,0.503194,1.028160,1,0,44.4561,0,0,0,44.4561,0
49.9425,2.05062,0,0,2.54572,0.243241,0.36288,3.6288,55.536,0.816005,0,0,1.08679,0.213877,0,0.66528,12.849,1,0.526406,0.36288,0,57.6456,4.91158,52.5705,0.84672,12.849,0.84672,3695.15,0,36.966,0.543708,0.503194,2.00658,3.96223,1.10197,4.82633,0.42336,36.966,0.42336,423.524,0,0.61293,0,0,1.11612,0.503194,1.028160,1,0,57.3968,0,0,0,57.3968,0
50.6168,2.05022,0,0,3.33038,0.242956,0.36288,3.6288,56.4435,0.567276,0,0,1.68871,0.213957,0,0.66528,12.849,1,0.527473,0.36288,0,63.6209,4.91158,58.5447,0.84672,12.849,0.84672,3695.15,0,36.966,0.377592,1.50744,2.007,8.12388,1.10197,10.1588,0.42336,36.966,0.42336,423.524,0,1.02816,0,0,2.5356,1.50744,1.028160,1,0,68.7035,0,0,0,68.7035,0
51.3147,2.28045,0,0,3.57684,0.23558,0.36288,3.6288,58.1592,0.66528,0,0,2.59678,0.21576,0,0.66528,12.849,1,0.578889,0.36288,0,82.165,4.72523,77.2238,0.84672,12.849,0.84672,3695.15,0,36.966,0.476449,1.11269,2.00742,9.10073,1.11042,10.634,0.42336,36.966,0.42336,423.524,0,1.02816,0,0,2.14085,1.11269,1.028160,1,0,87.8578,0,0,0,87.8578,0
50.9018,2.28733,0,0,2.47145,0.234148,0.36288,3.6288,58.3849,0.910657,0,0,1.35069,0.214342,0,0.66528,12.849,1,0.572739,0.36288,0,73.9387,4.27193,69.4569,0.84672,12.849,0.84672,3695.15,0,36.966,0.578814,0.503194,2.2123,4.90376,1.04784,5.99259,0.42336,36.966,0.42336,423.524,0,0.680849,0,0,1.18404,0.503194,1.028160,1,0,75.4495,0,0,0,75.4495,0
51.4586,2.28421,0,0,3.43704,0.233139,0.36288,3.6288,59.5394,0.66528,0,0,2.03438,0.214654,0,0.66528,12.849,1,0.576595,0.36288,0,80.358,4.27193,75.8724,0.84672,12.849,0.84672,3695.15,0,36.966,0.477311,1.19404,2.21277,4.87674,1.04784,6.75839,0.42336,36.966,0.42336,423.524,0,1.02816,0,0,2.2222,1.19404,1.028160,1,0,82.6308,0,0,0,82.6308,0
50.7719,2.28978,0,0,2.20044,0.234499,0.36288,3.6288,59.443,0.903438,0,0,1.02333,0.21625,0,0.66528,12.849,1,0.571749,0.36288,0,54.9012,4.27193,50.4204,0.84672,12.849,0.84672,3695.15,0,36.966,0.560914,0.608429,2.21324,3.72165,1.04784,4.93456,0.42336,36.966,0.42336,423.524,0,0.70683,0,0,1.31526,0.608429,1.028160,1,0,55.355,0,0,0,55.355,0
50.4839,1.96407,0,0,2.25827,0.219358,0.36288,3.6288,59.7851,0.586619,0,0,1.1474,0.218653,0,0.66528,12.849,1,0.497052,0.36288,0,61.5825,4.08369,57.3646,0.84672,12.849,0.84672,3695.15,0,36.966,0.364803,0.608429,2.21371,5.48802,1.0786,6.86676,0.42336,36.966,0.42336,423.524,0,0.956275,0,0,1.5647,0.608429,1.028160,1,0,64.2314,0,0,0,64.2314,0
52.9215,1.96231,0,0,5.0452,0.282358,0.36288,3.6288,61.2766,0.543718,0,0,2.21985,0.184663,0,0.66528,12.849,1,0.499442,0.36288,0,128.123,2.62983,125.356,0.84672,12.849,0.84672,3695.15,0,36.966,0.336189,1.77441,1.9351,8.60898,0.917346,11.065,0.42336,36.966,0.42336,423.524,0,1.02816,0,0,2.80257,1.77441,1.028160,1,0,136.421,0,0,0,136.421,0
56.0569,1.98134,0,0,5.7692,0.289599,0.36288,3.6288,61.308,0.549053,0,0,3.24276,0.186421,2.4759,0.66528,12.849,1,0.481056,0.36288,0,151.746,2.62983,148.998,0.84672,12.849,0.84672,3695.15,0,36.966,0.331224,1.9045,1.93551,13.5528,0.917346,16.1442,0.42336,36.966,0.42336,423.524,0,1.02816,0,0,2.93266,1.9045,1.028160,1,0,167.618,0,0,0,167.618,0
58.4973,2.00375,0,0,5.0841,0.277089,0.36288,3.6288,61.308,0.54939,0,0,2.42563,0.221785,1.65445,0.66528,12.849,1,0.459286,0.36288,0,90.879,3.64044,87.1421,0.84672,12.849,0.84672,3695.15,0,36.966,0.331258,1.47172,1.93591,9.17974,1.06181,11.1943,0.42336,36.966,0.42336,423.524,0,1.02816,0,0,2.49988,1.47172,1.028160,1,0,99.9909,0,0,0,99.9909,0
60.2653,2.01998,0,0,4.43095,0.280083,0.36288,3.6288,61.308,0.549621,0,0,1.90916,0.227672,1.13187,0.66528,12.849,1,0.443691,0.36288,0,102.263,3.80888,98.3734,0.84672,12.849,0.84672,3695.15,0,36.966,0.331397,1.2102,1.93632,6.72288,1.08588,8.45212,0.42336,36.966,0.42336,423.524,0,1.02816,0,0,2.23836,1.2102,1.028160,1,0,107.957,0,0,0,107.957,0
61.199,2.11456,0,0,3.7419,0.330792,0.36288,3.6288,61.308,0.590176,0,0,1.91285,0.207561,1.11512,0.66528,12.849,1,0.450839,0.36288,0,90.3295,3.7398,86.5017,0.84672,12.849,0.84672,3695.15,0,36.966,0.35585,1.3046,1.93672,6.29817,0.981297,8.20234,0.42336,36.966,0.42336,423.524,0,1.02816,0,0,2.33276,1.3046,1.028160,1,0,95.8192,0,0,0,95.8192,0
60.9407,2.12079,0,0,2.57724,0.351894,0.36288,3.6288,61.308,0.590417,0,0,1.36452,0.199516,0.574582,0.66528,12.849,1,0.445269,0.36288,0,48.4078,3.71217,44.6133,0.84672,12.849,0.84672,3695.15,0,36.966,0.355995,0.749917,2.00601,5.48205,0.939463,6.94252,0.42336,36.966,0.42336,423.524,0,1.02816,0,0,1.77808,0.749917,1.028160,1,0,52.1304,0,0,0,52.1304,0
60.3189,2.11978,0,0,2.202,0.341091,0.36288,3.6288,61.308,0.590657,0,0,1.17837,0.19612,0.391589,0.66528,12.849,1,0.446943,0.36288,0,45.7597,3.53151,42.1441,0.84672,12.849,0.84672,3695.15,0,36.966,0.35614,0.588332,2.00643,5.21205,0.918674,6.53201,0.42336,36.966,0.42336,423.524,0,1.02816,0,0,1.61649,0.588332,1.028160,1,0,49.0677,0,0,0,49.0677,0
59.909,2.11652,0,0,2.34885,0.279343,0.36288,3.6288,61.308,0.614199,0,0,1.1826,0.175746,0.392655,0.66528,12.849,1,0.450857,0.36288,0,49.581,2.44755,47.0455,0.84672,12.849,0.84672,3695.15,0,36.966,0.370335,0.528595,2.00686,5.09324,0.793939,6.46441,0.42336,36.966,0.42336,423.524,0,0.990809,0,0,1.5194,0.528595,1.028160,1,0,53.9025,0,0,0,53.9025,0
59.0566,2.08195,0,0,1.8845,0.292097,0.36288,3.6288,61.308,0.700986,0,0,0.961174,0.174656,0.0855327,0.66528,12.849,1,0.446527,0.36288,0,41.0456,2.9646,37.9974,0.84672,12.849,0.84672,3695.15,0,36.966,0.422663,0.528595,2.00728,4.15985,0.879246,5.39381,0.42336,36.966,0.42336,423.524,0,0.826952,0,0,1.35555,0.528595,1.028160,1,0,43.4767,0,0,0,43.4767,0
58.0831,2.07719,0,0,1.74933,0.282791,0.36288,3.6288,61.1506,0.739115,0,0,0.767958,0.186281,0,0.66528,12.849,1,0.451937,0.36288,0,39.5136,3.76932,35.6552,0.84672,12.849,0.84672,3695.15,0,36.966,0.445653,0.528595,1.98087,3.52098,0.999874,4.58492,0.42336,36.966,0.42336,423.524,0,0.766212,0,0,1.29481,0.528595,1.028160,1,0,40.2401,0,0,0,40.2401,0
57.0513,2.07153,0,0,1.62026,0.217649,0.36288,3.6288,60.9109,0.720694,0,0,0.699788,0.218762,0,0.66528,12.849,1,0.458258,0.36288,0,36.2592,4.05762,32.1062,0.84672,12.849,0.84672,3695.15,0,36.966,0.435665,0.402797,1.98129,3.32188,1.01709,4.25321,0.42336,36.966,0.42336,423.524,0,0.795001,0,0,1.1978,0.402797,1.028160,1,0,36.3594,0,0,0,36.3594,0
55.9908,2.06529,0,0,1.58315,0.215461,0.36288,3.6288,60.8635,0.614343,0,0,0.785376,0.21843,0,0.66528,12.849,1,0.465143,0.36288,0,35.2028,4.05762,31.0429,0.84672,12.849,0.84672,3695.15,0,36.966,0.372837,0.402797,1.9817,3.95452,1.01709,4.94909,0.42336,36.966,0.42336,423.524,0,0.964561,0,0,1.36736,0.402797,1.028160,1,0,35.992,0,0,0,35.992,0
54.819,2.16798,0,0,1.57233,0.213213,0.36288,3.6288,60.6336,0.793031,0,0,0.781471,0.218364,0,0.66528,12.849,1,0.497518,0.36288,0,34.4874,4.05762,30.2952,0.84672,12.849,0.84672,3695.15,0,36.966,0.481655,0.402797,1.98212,3.3626,1.01709,4.24877,0.42336,36.966,0.42336,423.524,0,0.766627,0,0,1.16942,0.402797,1.028160,1,0,34.5439,0,0,0,34.5439,0
53.4718,2.15992,0,0,1.35017,0.174572,0.36288,3.6288,60.2115,0.869326,0,0,0.646973,0.199769,0,0.66528,12.849,1,0.506263,0.36288,0,26.7461,3.9774,22.6253,0.84672,12.849,0.84672,3695.15,0,36.966,0.529995,0.402797,2.07663,2.49702,0.93786,3.5086,0.42336,36.966,0.42336,423.524,0,0.642393,0,0,1.04519,0.402797,1.028160,1,0,26.1339,0,0,0,26.1339,0
51.9647,2.15019,0,0,1.17813,0.172206,0.36288,3.6288,59.8197,0.787416,0,0,0.594873,0.199234,0,0.66528,12.849,1,0.51668,0.36288,0,25.2267,3.9774,21.0955,0.84672,12.849,0.84672,3695.15,0,36.966,0.483423,0.30119,2.07707,2.56137,0.93786,3.51835,0.42336,36.966,0.42336,423.524,0,0.771275,0,0,1.07247,0.30119,1.028160,1,0,24.6139,0,0,0,24.6139,0
50.3667,2.13872,0,0,1.07313,0.169559,0.36288,3.6288,59.3179,0.839156,0,0,0.536118,0.198737,0,0.66528,12.849,1,0.52883,0.36288,0,23.0918,3.9774,18.9484,0.84672,12.849,0.84672,3695.15,0,36.966,0.518562,0.30119,2.07751,2.43646,0.93786,3.35874,0.42336,36.966,0.42336,423.524,0,0.684798,0,0,0.985988,0.30119,1.028160,1,0,22.3072,0,0,0,22.3072,0
48.7528,2.1259,0,0,1.01435,0.139389,0.36288,3.6288,58.6466,0.914691,0,0,0.475619,0.232238,0,0.66528,12.849,1,0.542337,0.36288,0,22.3816,4.6621,17.54,0.84672,12.849,0.84672,3695.15,0,36.966,0.570021,0.30119,2.07795,2.29619,1.12471,2.9806,0.42336,36.966,0.42336,423.524,0,0.558205,0,0,0.859395,0.30119,1.028160,1,0,20.5206,0,0,0,20.5206,0
47.4975,2.09117,0,0,1.31562,0.116924,0.36288,3.6288,58.3563,0.652778,0,0,0.584614,0.222115,0,0.66528,12.849,1,0.551137,0.36288,0,27.5175,4.38933,22.9399,0.84672,12.849,0.84672,3695.15,0,36.966,0.411458,0.3747,2.07839,2.88548,1.03433,3.89278,0.42336,36.966,0.42336,423.524,0,1.02816,0,0,1.40286,0.3747,1.028160,1,0,26.8326,0,0,0,26.8326,0
46.2757,2.08024,0,0,1.32879,0.107411,0.36288,3.6288,58.107,0.651777,0,0,0.620496,0.218058,0,0.66528,12.849,1,0.562746,0.36288,0,28.8198,4.28022,24.3398,0.84672,12.849,0.84672,3695.15,0,36.966,0.412871,0.573307,2.11175,3.01177,0.998177,4.28578,0.42336,36.966,0.42336,423.524,0,1.02816,0,0,1.60147,0.573307,1.028160,1,0,28.6255,0,0,0,28.6255,0
44.9438,2.06915,0,0,1.20605,0.105971,0.36288,3.6288,57.8204,0.650947,0,0,0.58212,0.217707,0,0.66528,12.849,1,0.574522,0.36288,0,25.6808,4.28022,21.189,0.84672,12.849,0.84672,3695.15,0,36.966,0.414114,0.392714,2.1122,2.91348,0.998177,4.0061,0.42336,36.966,0.42336,423.524,0,1.02816,0,0,1.42087,0.392714,1.028160,1,0,25.1951,0,0,0,25.1951,0
43.5902,2.05643,0,0,1.14424,0.0785599,0.36288,3.6288,57.4241,0.649946,0,0,0.546041,0.292395,0,0.66528,12.849,1,0.587914,0.36288,0,23.0998,5.26827,17.6065,0.84672,12.849,0.84672,3695.15,0,36.966,0.415526,0.398261,2.11265,2.76114,1.35883,3.49768,0.42336,36.966,0.42336,423.524,0,1.02816,0,0,1.42642,0.398261,1.028160,1,0,21.1042,0,0,0,21.1042,0
42.0795,2.09598,0,0,1.02484,0.0766002,0.36288,3.6288,57.0028,0.66528,0,0,0.53613,0.292226,0,0.66528,12.849,1,0.617829,0.36288,0,22.1766,5.34678,16.5749,0.84672,12.849,0.84672,3695.15,0,36.966,0.444385,0.346706,2.11309,2.65529,1.37594,3.29476,0.42336,36.966,0.42336,423.524,0,1.02816,0,0,1.37487,0.346706,1.028160,1,0,19.8697,0,0,0,19.8697,0
40.582,2.07952,0,0,1.01832,0.0734084,0.36288,3.6288,56.605,0.66528,0,0,0.560423,0.292871,0,0.66528,12.849,1,0.634983,0.36288,0,21.5466,5.54306,15.7314,0.84672,12.849,0.84672,3695.15,0,36.966,0.444808,0.271711,2.16025,2.47434,1.41869,3.04281,0.42336,36.966,0.42336,423.524,0,1.02816,0,0,1.29987,0.271711,1.028160,1,0,18.7743,0,0,0,18.7743,0
39.0382,2.06225,0,0,0.953398,0.072126,0.36288,3.6288,56.1881,0.66528,0,0,0.540423,0.292114,0,0.66528,12.849,1,0.652947,0.36288,0,20.2117,5.54306,14.3786,0.84672,12.849,0.84672,3695.15,0,36.966,0.445231,0.280964,2.16071,2.55929,1.41869,3.13704,0.42336,36.966,0.42336,423.524,0,1.02816,0,0,1.30912,0.280964,1.028160,1,0,17.5156,0,0,0,17.5156,0
37.4041,2.04335,0,0,0.842979,0.0708327,0.36288,3.6288,55.6859,0.719589,0,0,0.508746,0.291321,0,0.66528,12.849,1,0.672547,0.36288,0,19.0928,5.54306,13.24,0.84672,12.849,0.84672,3695.15,0,36.966,0.473416,0.227405,2.16117,2.40094,1.41869,2.89741,0.42336,36.966,0.42336,423.524,0,0.946089,0,0,1.17349,0.227405,1.028160,1,0,16.1374,0,0,0,16.1374,0
35.5684,2.17207,0,0,0.761772,0.0625308,0.36288,3.6288,55.1119,0.782369,0,0,0.50372,0.295361,0,0.66528,12.849,1,0.746146,0.36288,0,18.0987,5.6926,12.0229,0.84672,12.849,0.84672,3695.15,0,36.966,0.604245,0.227405,2.16162,2.39563,1.44857,2.73184,0.42336,36.966,0.42336,423.524,0,0.911071,0,0,1.13848,0.227405,1.028160,1,0,14.7547,0,0,0,14.7547,0
33.5873,2.14433,0,0,0.577154,0.0510502,0.36288,3.6288,54.5232,0.752527,0,0,0.477961,0.314081,0,0.66528,12.849,1,0.774633,0.36288,0,14.6718,5.75013,8.50996,0.84672,12.849,0.84672,3695.15,0,36.966,0.604704,0.227405,2.32206,2.0317,1.54234,2.43412,0.42336,36.966,0.42336,423.524,0,0.940913,0,0,1.16832,0.227405,1.028160,1,0,10.9441,0,0,0,10.9441,0
31.5693,2.11181,0,0,0.507629,0.050955,0.36288,3.6288,53.8484,0.78713,0,0,0.426389,0.314091,0,0.66528,12.849,1,0.807886,0.36288,0,12.7227,5.6974,6.58033,0.84672,12.849,0.84672,3695.15,0,36.966,0.605164,0.204422,2.32256,1.94213,1.54552,2.31843,0.42336,36.966,0.42336,423.524,0,0.90631,0,0,1.11073,0.204422,1.028160,1,0,8.89877,0,0,0,8.89877,0
29.6324,2.07564,0,0,0.551383,0.0496858,0.36288,3.6288,53.1883,0.778887,0,0,0.431446,0.312691,0,0.66528,12.849,1,0.844805,0.36288,0,12.1595,5.6974,5.98017,0.84672,12.849,0.84672,3695.15,0,36.966,0.605623,0.204422,2.32305,2.06286,1.54552,2.43919,0.42336,36.966,0.42336,423.524,0,0.914553,0,0,1.11898,0.204422,1.028160,1,0,8.41937,0,0,0,8.41937,0
27.9885,2.07446,0,0,0.851646,0.0582831,0.36288,3.6288,52.7339,0.66528,0,0,0.518956,0.308008,0,0.66528,12.849,1,0.84672,0.36288,0,19.6396,5.60835,13.5474,0.84672,12.849,0.84672,3695.15,0,36.966,0.606083,0.313174,2.32355,2.18004,1.5346,2.67608,0.42336,36.966,0.42336,423.524,0,1.02816,0,0,1.34133,0.313174,1.028160,1,0,16.2235,0,0,0,16.2235,0
26.5248,1.97683,0,0,0.957398,0.0813377,0.36288,3.6288,52.0688,0.857333,0,0,0.485932,0.293732,0,0.66528,12.849,1,0.84672,0.36288,0,16.3852,5.22222,10.6792,0.84672,12.849,0.84672,3695.15,0,36.966,0.600982,0.204422,2.32404,2.56918,1.42239,3.07427,0.42336,36.966,0.42336,423.524,0,0.745555,0,0,0.949978,0.204422,1.028160,1,0,13.7535,0,0,0,13.7535,0
24.8436,1.97755,0,0,0.750012,0.0908144,0.36288,3.6288,51.0773,1.04176,0,0,0.33721,0.286909,0,0.66528,12.849,1,0.84672,0.36288,0,12.2575,4.95485,6.8188,0.84672,12.849,0.84672,3695.15,0,36.966,0.739596,0.216518,2.23184,2.41432,1.35006,2.77303,0.42336,36.966,0.42336,423.524,0,0.422948,0,0,0.639466,0.216518,1.028160,1,0,9.59182,0,0,0,9.59182,0
23.0305,1.97827,0,0,0.616731,0.0886692,0.36288,3.6288,50.4923,0.771748,0,0,0.471313,0.284616,0,0.66528,12.849,1,0.84672,0.36288,0,11.8992,4.95485,6.4605,0.84672,12.849,0.84672,3695.15,0,36.966,0.558534,0.216518,2.23232,2.7259,1.35006,3.26614,0.42336,36.966,0.42336,423.524,0,0.874463,0,0,1.09098,0.216518,1.028160,1,0,9.72664,0,0,0,9.72664,0
21.114,1.97899,0,0,0.511736,0.0863869,0.36288,3.6288,49.3905,1.07205,0,0,0.253496,0.283263,0,0.66528,12.849,1,0.84672,0.36288,0,11.4012,4.95485,5.96249,0.84672,12.849,0.84672,3695.15,0,36.966,0.784857,0.216518,2.23279,2.03007,1.35006,2.34446,0.42336,36.966,0.42336,423.524,0,0.34828,0,0,0.564799,0.216518,1.028160,1,0,8.30695,0,0,0,8.30695,0
19.5071,1.89888,0,0,0.770715,0.11583,0.36288,3.6288,48.4602,0.969322,0,0,0.286432,0.247368,0,0.66528,12.849,1,0.84672,0.36288,0,13.5949,4.59468,8.51635,0.84672,12.849,0.84672,3695.15,0,36.966,0.725483,0.216518,2.23326,2.17777,1.2008,2.70127,0.42336,36.966,0.42336,423.524,0,0.42325,0,0,0.639769,0.216518,1.028160,1,0,11.2176,0,0,0,11.2176,0
18.298,1.89958,0,0,1.19848,0.145078,0.36288,3.6288,47.755,0.835658,0,0,0.37092,0.240515,0,0.66528,12.849,1,0.84672,0.36288,0,14.9277,5.34051,9.10332,0.84672,12.849,0.84672,3695.15,0,36.966,0.637449,0.216518,2.15093,2.18178,1.2138,2.69799,0.42336,36.966,0.42336,423.524,0,0.645365,0,0,0.861883,0.216518,1.028160,1,0,11.8013,0,0,0,11.8013,0
17.5255,1.90029,0,0,1.63325,0.142625,0.36288,3.6288,47.2533,0.748842,0,0,0.486305,0.239107,0,0.66528,12.849,1,0.84672,0.36288,0,23.119,5.34051,17.2946,0.84672,12.849,0.84672,3695.15,0,36.966,0.579661,0.292723,2.15139,4.32707,1.2138,4.97772,0.42336,36.966,0.42336,423.524,0,0.790387,0,0,1.08311,0.292723,1.028160,1,0,22.2724,0,0,0,22.2724,0
17.6705,1.90099,0,0,2.5721,0.163266,0.36288,3.6288,47.1103,0.612216,0,0,0.696332,0.227169,0,0.66528,12.849,1,0.84672,0.36288,0,32.6624,4.98306,27.1955,0.84672,12.849,0.84672,3695.15,0,36.966,0.478933,0.319818,2.15184,4.02235,1.16189,4.8532,0.42336,36.966,0.42336,423.524,0,1.02816,0,0,1.34798,0.319818,1.028160,1,0,32.0487,0,0,0,32.0487,0
19.7445,1.67193,0,0,4.28135,0.172508,0.36288,3.6288,47.3129,0.50935,0,0,0.934465,0.222527,0,0.66528,12.849,1,0.84672,0.36288,0,34.4837,4.84008,29.1598,0.84672,12.849,0.84672,3695.15,0,36.966,0.399672,0.599806,2.1523,6.70054,1.14112,7.91186,0.42336,36.966,0.42336,423.524,0,1.02816,0,0,1.62797,0.599806,1.028160,1,0,37.0716,0,0,0,37.0716,0
20.6918,1.67258,0,0,3.1337,0.150964,0.36288,3.6288,47.4959,0.510522,0,0,0.885672,0.192137,0,0.66528,12.849,1,0.84672,0.36288,0,39.3264,4.25047,34.5921,0.84672,12.849,0.84672,3695.15,0,36.966,0.398876,0.779095,1.96866,6.11257,1.03884,7.42261,0.42336,36.966,0.42336,423.524,0,1.02816,0,0,1.80725,0.779095,1.028160,1,0,42.0147,0,0,0,42.0147,0
22.1084,1.67323,0,0,3.61191,0.159181,0.36288,3.6288,47.757,0.511598,0,0,0.956172,0.183472,0,0.66528,12.849,1,0.84672,0.36288,0,49.7399,4.14708,45.109,0.84672,12.849,0.84672,3695.15,0,36.966,0.398176,0.76604,1.96907,6.05349,1.01595,7.37448,0.42336,36.966,0.42336,423.524,0,1.02816,0,0,1.7942,0.76604,1.028160,1,0,52.4834,0,0,0,52.4834,0
23.0463,1.67388,0,0,3.1369,0.162284,0.36288,3.6288,47.9927,0.513037,0,0,0.932619,0.183873,0,0.66528,12.849,1,0.84672,0.36288,0,41.8233,4.14708,37.1924,0.84672,12.849,0.84672,3695.15,0,36.966,0.397113,0.687925,1.96949,5.91103,1.01595,7.15538,0.42336,36.966,0.42336,423.524,0,1.02816,0,0,1.71609,0.687925,1.028160,1,0,44.3478,0,0,0,44.3478,0
25.1673,1.67453,0,0,4.32219,0.163785,0.36288,3.6288,48.1714,0.514352,0,0,0.887043,0.194022,0,0.66528,12.849,1,0.84672,0.36288,0,42.8798,4.47783,37.9181,0.84672,12.849,0.84672,3695.15,0,36.966,0.396175,0.757607,1.9699,5.8277,1.11863,7.0404,0.42336,36.966,0.42336,423.524,0,1.02816,0,0,1.78577,0.757607,1.028160,1,0,44.9585,0,0,0,44.9585,0
29.6787,1.76364,0,0,6.80594,0.168023,0.36288,3.6288,49.7029,0.545334,0,0,2.27796,0.201047,0,0.66528,12.849,1,0.84672,0.36288,0,102.383,4.56415,97.3347,0.84672,12.849,0.84672,3695.15,0,36.966,0.418481,1.80007,1.97031,11.32,1.22898,13.4429,0.42336,36.966,0.42336,423.524,0,1.02816,0,0,2.82823,1.80007,1.028160,1,0,110.778,0,0,0,110.778,0
33.4039,1.82213,0,0,6.078,0.167797,0.36288,3.6288,51.8619,0.552943,0,0,2.91108,0.199133,0,0.66528,12.849,1,0.788869,0.36288,0,116.324,3.58716,112.311,0.84672,12.849,0.84672,3695.15,0,36.966,0.411245,3.33158,2.02818,14.1612,0.941939,18.1678,0.42336,36.966,0.42336,423.524,0,1.02816,0,0,4.35974,3.33158,1.028160,1,0,130.478,0,0,0,130.478,0
36.8293,1.88613,0,0,5.87302,0.198557,0.36288,3.6288,53.5457,0.563156,0,0,2.47954,0.232675,0,0.66528,12.849,1,0.725512,0.36288,0,108.4,4.27287,103.765,0.84672,12.849,0.84672,3695.15,0,36.966,0.401405,2.89438,2.02859,12.6617,1.15585,16.0274,0.42336,36.966,0.42336,423.524,0,1.02816,0,0,3.92254,2.89438,1.028160,1,0,119.792,0,0,0,119.792,0
40.201,1.93663,0,0,5.87817,0.206971,0.36288,3.6288,55.4382,0.570844,0,0,2.69921,0.235837,0,0.66528,12.849,1,0.675653,0.36288,0,108.782,4.27287,104.196,0.84672,12.849,0.84672,3695.15,0,36.966,0.39409,3.1442,2.029,13.98,1.15585,17.6033,0.42336,36.966,0.42336,423.524,0,1.02816,0,0,4.17236,3.1442,1.028160,1,0,121.8,0,0,0,121.8,0
42.9277,2.19555,0,0,5.50041,0.215296,0.36288,3.6288,57.473,0.66528,0,0,2.93895,0.238894,0,0.66528,12.849,1,0.701738,0.36288,0,98.5124,4.27287,93.9007,0.84672,12.849,0.84672,3695.15,0,36.966,0.498861,3.5145,2.02941,14.1102,1.15585,17.9994,0.42336,36.966,0.42336,423.524,0,1.02816,0,0,4.54266,3.5145,1.028160,1,0,111.9,0,0,0,111.9,0
50.9346,2.2304,0,0,10.8738,0.273636,0.36288,3.6288,61.308,0.66528,0,0,5.33351,0.228973,0.604215,0.66528,12.849,1,0.667596,0.36288,0,154.316,4.37686,149.635,0.84672,12.849,0.84672,3695.15,0,36.966,0.499278,6.27114,2.23672,27.1831,1.18566,34.006,0.42336,36.966,0.42336,423.524,0,1.02816,0,0,7.2993,6.27114,1.028160,1,0,184.245,0,0,0,184.245,0
56.8553,2.31476,0,0,8.85643,0.258102,0.36288,3.6288,61.308,0.66528,0,0,5.13151,0.238393,4.22784,0.66528,12.849,1,0.583934,0.36288,0,205.179,4.1142,200.844,0.84672,12.849,0.84672,3695.15,0,36.966,0.499695,5.87464,2.23718,25.4008,1.07197,31.941,0.42336,36.966,0.42336,423.524,0,1.02816,0,0,6.9028,5.87464,1.028160,1,0,237.013,0,0,0,237.013,0
62.5091,2.36494,0,0,8.65875,0.277128,0.36288,3.6288,61.308,0.66528,0,0,5.2256,0.22718,4.33314,0.66528,12.849,1,0.534465,0.36288,0,182.118,3.98055,177.966,0.84672,12.849,0.84672,3695.15,0,36.966,0.500113,5.74728,2.23763,25.7005,1.0204,32.1649,0.42336,36.966,0.42336,423.524,0,1.02816,0,0,6.77544,5.74728,1.028160,1,0,214.464,0,0,0,214.464,0
68.6132,2.0689,0,0,8.82775,0.291827,0.36288,3.6288,61.308,0.560675,0,0,5.61418,0.22718,4.82632,0.66528,12.849,1,0.425271,0.36288,0,211.542,3.98055,207.499,0.84672,12.849,0.84672,3695.15,0,36.966,0.338062,6.50981,2.23809,25.8878,1.0204,33.2772,0.42336,36.966,0.42336,423.524,0,1.02816,0,0,7.53797,6.50981,1.028160,1,0,245.602,0,0,0,245.602,0
72.29,2.10129,0,0,11.9221,0.310267,5.83372,3.6288,61.308,0.560899,0,0,4.65288,0.196727,3.89526,0.66528,12.849,1,0.393502,5.83372,0,270.942,4.32216,272.06,0.84672,12.849,0.84672,3695.15,0,36.966,0.338197,5.93084,1.95613,33.0864,1.11262,39.5226,0.42336,36.966,0.42336,423.524,0,1.02816,0,0,6.959,5.93084,1.028160,1,0,315.478,0,0,0,315.478,0
72.29,2.11881,0,0,10.6431,0.320344,8.20395,3.6288,61.308,0.561123,0,0,3.65485,0.189265,2.90446,0.66528,12.849,1,0.376602,8.20395,0,180.378,4.21481,183.991,0.84672,12.849,0.84672,3695.15,0,36.966,0.338332,4.30684,1.95652,23.1457,1.06553,28.0052,0.42336,36.966,0.42336,423.524,0,1.02816,0,0,5.335,4.30684,1.028160,1,0,214.9,0,0,0,214.9,0
72.29,2.11933,0,0,9.60215,0.320344,7.16248,3.6288,61.308,0.561346,0,0,3.09364,0.189265,2.34303,0.66528,12.849,1,0.376695,7.16248,0,188.145,4.21481,190.716,0.84672,12.849,0.84672,3695.15,0,36.966,0.338467,3.02238,1.95691,19.7926,1.06553,23.3679,0.42336,36.966,0.42336,423.524,0,1.02816,0,0,4.05054,3.02238,1.028160,1,0,216.427,0,0,0,216.427,0
72.29,2.11985,0,0,10.3444,0.297688,7.92687,3.6288,61.308,0.56157,0,0,2.99669,0.177232,2.25789,0.66528,12.849,1,0.376788,7.92687,0,202.841,4.04041,206.351,0.84672,12.849,0.84672,3695.15,0,36.966,0.338602,3.74407,1.95731,24.4268,1.04048,28.7491,0.42336,36.966,0.42336,423.524,0,1.02816,0,0,4.77223,3.74407,1.028160,1,0,237.358,0,0,0,237.358,0
72.29,2.20723,0,0,8.49761,0.281584,6.00879,3.6288,61.308,0.602598,0,0,2.84612,0.159784,2.08374,0.66528,12.849,1,0.392319,6.00879,0,188.922,3.61146,190.927,0.84672,12.849,0.84672,3695.15,0,36.966,0.36334,3.18139,1.9577,20.1651,0.981021,23.9598,0.42336,36.966,0.42336,423.524,0,1.02816,0,0,4.20955,3.18139,1.028160,1,0,216.971,0,0,0,216.971,0
72.29,2.20778,0,0,9.34597,0.311987,6.82621,3.6288,61.308,0.602831,0,0,3.12313,0.16926,2.35104,0.66528,12.849,1,0.392416,6.82621,0,172.817,3.61673,175.634,0.84672,12.849,0.84672,3695.15,0,36.966,0.36348,4.1331,2.0278,21.0939,0.983397,25.9079,0.42336,36.966,0.42336,423.524,0,1.02816,0,0,5.16126,4.1331,1.028160,1,0,203.893,0,0,0,203.893,0
72.29,2.20832,0,0,11.0729,0.311987,8.55254,3.6288,61.308,0.603064,0,0,4.58775,0.16926,3.81542,0.66528,12.849,1,0.392512,8.55254,0,195.925,3.61673,200.468,0.84672,12.849,0.84672,3695.15,0,36.966,0.363621,6.13336,2.02821,27.1891,0.983397,34.0037,0.42336,36.966,0.42336,423.524,0,1.02816,0,0,7.16152,6.13336,1.028160,1,0,238.287,0,0,0,238.287,0
72.29,2.20887,0,0,7.58817,0.242438,5.13686,3.6288,61.308,0.603297,0,0,2.69793,0.209268,1.88536,0.66528,12.849,1,0.392609,5.13686,0,218.538,4.01033,219.271,0.84672,12.849,0.84672,3695.15,0,36.966,0.363761,3.30248,2.02861,16.2095,1.08298,20.0939,0.42336,36.966,0.42336,423.524,0,1.02816,0,0,4.33064,3.30248,1.028160,1,0,241.251,0,0,0,241.251,0
72.29,2.17542,0,0,6.78936,0.209829,4.40411,3.6288,61.308,0.587668,0,0,2.54083,0.241583,1.71157,0.66528,12.849,1,0.386664,4.40411,0,142.75,3.84283,142.925,0.84672,12.849,0.84672,3695.15,0,36.966,0.354338,3.08173,2.02902,14.6267,1.18556,18.1975,0.42336,36.966,0.42336,423.524,0,1.02816,0,0,4.10989,3.08173,1.028160,1,0,162.834,0,0,0,162.834,0
72.29,2.17596,0,0,6.0463,0.234113,3.63623,3.6288,61.308,0.587898,0,0,1.68091,0.221807,0.871207,0.66528,12.849,1,0.38676,3.63623,0,130.357,3.62796,129.978,0.84672,12.849,0.84672,3695.15,0,36.966,0.354476,2.21597,2.00228,9.95371,1.15049,12.667,0.42336,36.966,0.42336,423.524,0,1.02816,0,0,3.24413,2.21597,1.028160,1,0,143.517,0,0,0,143.517,0
72.29,2.17649,0,0,4.83631,0.234113,2.4257,3.6288,61.308,0.588127,0,0,1.2524,0.221807,0.442468,0.66528,12.849,1,0.386855,2.4257,0,114.121,3.62796,112.532,0.84672,12.849,0.84672,3695.15,0,36.966,0.354614,2.00455,2.00269,8.79708,1.15049,11.2992,0.42336,36.966,0.42336,423.524,0,1.02816,0,0,3.03271,2.00455,1.028160,1,0,124.274,0,0,0,124.274,0
72.29,2.17703,0,0,4.41011,0.234113,1.99896,3.6288,61.308,0.588357,0,0,0.989073,0.221807,0.178909,0.66528,12.849,1,0.38695,1.99896,0,78.1583,3.62796,76.1424,0.84672,12.849,0.84672,3695.15,0,36.966,0.354753,1.32329,2.00309,7.34149,1.15049,9.16262,0.42336,36.966,0.42336,423.524,0,1.02816,0,0,2.35145,1.32329,1.028160,1,0,85.4839,0,0,0,85.4839,0
72.29,2.29304,0,0,3.91335,0.20104,1.41927,3.6288,61.308,0.644887,0,0,0.925283,0.2293,0.0510967,0.66528,12.849,1,0.407571,1.41927,0,69.4189,3.7783,66.6523,0.84672,12.849,0.84672,3695.15,0,36.966,0.388838,1.14862,2.00349,6.9514,1.20384,8.51084,0.42336,36.966,0.42336,423.524,0,1.02816,0,0,2.17678,1.14862,1.028160,1,0,75.2143,0,0,0,75.2143,0
72.29,2.29361,0,0,4.37241,0.180729,1.89808,3.6288,61.308,0.645129,0,0,1.26371,0.182726,0.435858,0.66528,12.849,1,0.407671,1.89808,0,80.2233,3.56684,78.1468,0.84672,12.849,0.84672,3695.15,0,36.966,0.388984,1.60137,2.09911,8.38313,0.920809,10.7738,0.42336,36.966,0.42336,423.524,0,1.02816,0,0,2.62953,1.60137,1.028160,1,0,89.3565,0,0,0,89.3565,0
72.29,2.29417,0,0,4.25582,0.184693,1.77696,3.6288,61.308,0.645371,0,0,1.2381,0.173298,0.419434,0.66528,12.849,1,0.407771,1.77696,0,76.8407,3.49818,74.7117,0.84672,12.849,0.84672,3695.15,0,36.966,0.38913,1.39549,2.09953,8.21664,0.861783,10.4607,0.42336,36.966,0.42336,423.524,0,1.02816,0,0,2.42365,1.39549,1.028160,1,0,85.5919,0,0,0,85.5919,0
72.29,2.29473,0,0,4.02607,0.153119,1.57822,3.6288,61.308,0.645613,0,0,1.17411,0.218284,0.310209,0.66528,12.849,1,0.407871,1.57822,0,70.4834,4.10937,67.5444,0.84672,12.849,0.84672,3695.15,0,36.966,0.389276,1.03135,2.09996,6.94423,1.02544,8.66081,0.42336,36.966,0.42336,423.524,0,1.02816,0,0,2.05951,1.03135,1.028160,1,0,76.5154,0,0,0,76.5154,0
72.29,2.29529,0,0,3.73378,0.11102,1.32747,3.6288,61.308,0.645856,0,0,1.10966,0.278265,0.18554,0.66528,12.849,1,0.407971,1.32747,0,66.8114,4.92429,62.8066,0.84672,12.849,0.84672,3695.15,0,36.966,0.389422,0.931202,2.10038,6.48181,1.24366,7.88031,0.42336,36.966,0.42336,423.524,0,1.02816,0,0,1.95936,0.931202,1.028160,1,0,70.8725,0,0,0,70.8725,0
72.29,2.27299,0,0,3.75603,0.1075,1.37554,3.6288,61.308,0.66528,0,0,1.24477,0.270473,0.309021,0.66528,12.849,1,0.404007,1.37554,0,56.2693,4.98639,52.2544,0.84672,12.849,0.84672,3695.15,0,36.966,0.420043,1.14497,2.1008,5.66838,1.23247,7.26165,0.42336,36.966,0.42336,423.524,0,1.02816,0,0,2.17313,1.14497,1.028160,1,0,59.8251,0,0,0,59.8251,0
72.29,2.27355,0,0,3.61484,0.10486,1.23643,3.6288,61.308,0.66528,0,0,1.29169,0.264629,0.36178,0.66528,12.849,1,0.404107,1.23643,0,61.3843,5.03296,57.1836,0.84672,12.849,0.84672,3695.15,0,36.966,0.420442,1.47192,2.13455,5.75053,1.22407,7.71249,0.42336,36.966,0.42336,423.524,0,1.02816,0,0,2.50008,1.47192,1.028160,1,0,65.2579,0,0,0,65.2579,0
72.29,2.27411,0,0,3.20898,0.10486,0.830014,3.6288,61.308,0.66528,0,0,1.13617,0.264629,0.20626,0.66528,12.849,1,0.404206,0.830014,0,71.7155,5.03296,67.1083,0.84672,12.849,0.84672,3695.15,0,36.966,0.420841,1.27882,2.13498,6.05086,1.22407,7.81975,0.42336,36.966,0.42336,423.524,0,1.02816,0,0,2.30698,1.27882,1.028160,1,0,75.1343,0,0,0,75.1343,0
72.29,2.27467,0,0,2.98149,0.10486,0.601964,3.6288,61.308,0.66528,0,0,1.08499,0.264629,0.155085,0.66528,12.849,1,0.404305,0.601964,0,66.2005,5.03296,61.3652,0.84672,12.849,0.84672,3695.15,0,36.966,0.421241,1.22089,2.13541,5.66817,1.22407,7.37916,0.42336,36.966,0.42336,423.524,0,1.02816,0,0,2.24905,1.22089,1.028160,1,0,68.8995,0,0,0,68.8995,0
72.1901,2.33432,0,0,2.69466,0.0973834,0.36288,3.6288,61.308,0.66528,0,0,0.96514,0.275963,0.0238965,0.66528,12.849,1,0.414907,0.36288,0,59.2532,5.22765,53.9735,0.84672,12.849,0.84672,3695.15,0,36.966,0.465934,0.976294,2.13584,5.25748,1.28905,6.61464,0.42336,36.966,0.42336,423.524,0,1.02816,0,0,2.00445,0.976294,1.028160,1,0,60.6121,0,0,0,60.6121,0
71.834,2.3344,0,0,2.42717,0.0859474,0.36288,3.6288,61.2397,0.66528,0,0,0.886542,0.289566,0,0.66528,12.849,1,0.415496,0.36288,0,51.8289,5.63567,46.1407,0.84672,12.849,0.84672,3695.15,0,36.966,0.466343,0.523299,2.18354,4.34466,1.42165,5.1635,0.42336,36.966,0.42336,423.524,0,1.02816,0,0,1.55146,0.523299,1.028160,1,0,51.3042,0,0,0,51.3042,0
71.3122,2.33322,0,0,2.25999,0.0857151,0.36288,3.6288,61.0541,0.66528,0,0,0.769116,0.289441,0,0.66528,12.849,1,0.417345,0.36288,0,43.8841,5.63567,38.194,0.84672,12.849,0.84672,3695.15,0,36.966,0.466753,0.648916,2.18398,4.38472,1.42165,5.32921,0.42336,36.966,0.42336,423.524,0,1.02816,0,0,1.67708,0.648916,1.028160,1,0,43.5232,0,0,0,43.5232,0
70.6222,2.33121,0,0,2.08951,0.0853745,0.36288,3.6288,60.813,0.66528,0,0,0.713258,0.289101,0,0.66528,12.849,1,0.420036,0.36288,0,42.0809,5.63567,36.3881,0.84672,12.849,0.84672,3695.15,0,36.966,0.467162,0.444813,2.18442,3.81248,1.42165,4.5529,0.42336,36.966,0.42336,423.524,0,1.02816,0,0,1.47297,0.444813,1.028160,1,0,40.941,0,0,0,40.941,0
69.8143,2.50089,0,0,2.13592,0.0800854,0.36288,3.6288,60.6485,0.66528,0,0,0.792089,0.291242,0,0.66528,12.849,1,0.455011,0.36288,0,40.0232,5.71044,34.2207,0.84672,12.849,0.84672,3695.15,0,36.966,0.62759,0.643576,2.18486,4.71575,1.43659,5.48001,0.42336,36.966,0.42336,423.524,0,1.02816,0,0,1.67174,0.643576,1.028160,1,0,39.7007,0,0,0,39.7007,0
68.6261,2.49705,0,0,1.73164,0.0599512,0.36288,3.6288,60.4236,0.66528,0,0,0.743895,0.303584,0,0.66528,12.849,1,0.45957,0.36288,0,35.4034,5.85983,29.4468,0.84672,12.849,0.84672,3695.15,0,36.966,0.628035,0.590596,2.34716,3.94191,1.53816,4.71347,0.42336,36.966,0.42336,423.524,0,1.02816,0,0,1.61876,0.590596,1.028160,1,0,34.1603,0,0,0,34.1603,0
67.1873,2.49095,0,0,1.46825,0.0532046,0.36288,3.6288,60.1068,0.66528,0,0,0.66382,0.315344,0,0.66528,12.849,1,0.466386,0.36288,0,29.982,5.90279,23.9757,0.84672,12.849,0.84672,3695.15,0,36.966,0.62848,0.47482,2.34764,3.1542,1.5694,3.77877,0.42336,36.966,0.42336,423.524,0,1.02816,0,0,1.50298,0.47482,1.028160,1,0,27.7545,0,0,0,27.7545,0
66.3162,2.48317,0,0,2.02759,0.0526072,0.36288,3.6288,59.8619,0.66528,0,0,0.735178,0.314709,0,0.66528,12.849,1,0.474885,0.36288,0,32.16,5.90279,26.1452,0.84672,12.849,0.84672,3695.15,0,36.966,0.628925,0.677497,2.34812,3.51621,1.5694,4.3435,0.42336,36.966,0.42336,423.524,0,1.02816,0,0,1.70566,0.677497,1.028160,1,0,30.4887,0,0,0,30.4887,0
66.3477,2.47855,0,0,2.95201,0.0790546,0.36288,3.6288,59.8684,0.66528,0,0,0.978601,0.306915,0,0.66528,12.849,1,0.480227,0.36288,0,53.6649,5.76286,47.7846,0.84672,12.849,0.84672,3695.15,0,36.966,0.62937,0.890775,2.3486,3.91027,1.54704,4.97323,0.42336,36.966,0.42336,423.524,0,1.02816,0,0,1.91894,0.890775,1.028160,1,0,52.7579,0,0,0,52.7579,0
66.2202,2.39596,0,0,2.71204,0.0807737,0.36288,3.6288,59.8521,0.66528,0,0,0.937734,0.288703,0,0.66528,12.849,1,0.464005,0.36288,0,62.9297,5.50553,57.323,0.84672,12.849,0.84672,3695.15,0,36.966,0.532583,0.758506,2.34908,3.80055,1.41496,4.96059,0.42336,36.966,0.42336,423.524,0,1.02816,0,0,1.78667,0.758506,1.028160,1,0,62.2836,0,0,0,62.2836,0
66.3517,2.3958,0,0,2.98547,0.0952691,0.36288,3.6288,59.9247,0.66528,0,0,1.01112,0.273199,0,0.66528,12.849,1,0.464867,0.36288,0,52.4003,4.89647,47.4019,0.84672,12.849,0.84672,3695.15,0,36.966,0.533007,0.961623,2.25578,4.53664,1.24784,5.97319,0.42336,36.966,0.42336,423.524,0,1.02816,0,0,1.98978,0.961623,1.028160,1,0,53.375,0,0,0,53.375,0
65.9512,2.39715,0,0,2.45487,0.0953687,0.36288,3.6288,60.3994,0.66528,0,0,1.41324,0.273326,0,0.66528,12.849,1,0.464208,0.36288,0,50.8684,4.89647,45.8706,0.84672,12.849,0.84672,3695.15,0,36.966,0.533431,2.36659,2.25624,5.12211,1.24784,7.96367,0.42336,36.966,0.42336,423.524,0,1.02816,0,0,3.39475,2.36659,1.028160,1,0,53.8343,0,0,0,53.8343,0
65.1348,2.39538,0,0,2.03697,0.0950652,0.36288,3.6288,60.22,0.66528,0,0,0.760104,0.274153,0,0.66528,12.849,1,0.466682,0.36288,0,48.7393,4.89647,43.739,0.84672,12.849,0.84672,3695.15,0,36.966,0.533855,0.729294,2.2567,3.8146,1.24784,5.0189,0.42336,36.966,0.42336,423.524,0,1.02816,0,0,1.75745,0.729294,1.028160,1,0,48.7579,0,0,0,48.7579,0
65.2287,2.32278,0,0,2.92971,0.150132,0.36288,3.6288,60.2611,0.66528,0,0,0.93496,0.22867,0,0.66528,12.849,1,0.45821,0.36288,0,56.8839,4.27357,52.515,0.84672,12.849,0.84672,3695.15,0,36.966,0.445695,0.952214,2.25716,4.19755,1.05315,5.90808,0.42336,36.966,0.42336,423.524,0,1.02816,0,0,1.98037,0.952214,1.028160,1,0,58.423,0,0,0,58.423,0
66.417,2.3239,0,0,4.04266,0.167612,0.36288,3.6288,60.7942,0.66528,0,0,1.40389,0.205447,0,0.66528,12.849,1,0.457771,0.36288,0,74.0076,4.07358,69.8392,0.84672,12.849,0.84672,3695.15,0,36.966,0.4461,1.76981,2.17385,6.98008,1.02163,9.45602,0.42336,36.966,0.42336,423.524,0,1.02816,0,0,2.79797,1.76981,1.028160,1,0,79.2952,0,0,0,79.2952,0
68.3351,2.33133,0,0,4.78158,0.169209,0.36288,3.6288,61.308,0.66528,0,0,1.69201,0.206144,0.306802,0.66528,12.849,1,0.451018,0.36288,0,89.7877,4.07358,85.6259,0.84672,12.849,0.84672,3695.15,0,36.966,0.446505,2.26315,2.17429,8.741,1.02163,11.7103,0.42336,36.966,0.42336,423.524,0,1.02816,0,0,3.29131,2.26315,1.028160,1,0,97.6431,0,0,0,97.6431,0
71.0057,2.34256,0,0,5.54777,0.171786,0.36288,3.6288,61.308,0.66528,0,0,2.44422,0.206816,1.57213,0.66528,12.849,1,0.44047,0.36288,0,104.678,4.07358,100.527,0.84672,12.849,0.84672,3695.15,0,36.966,0.446909,3.05427,2.17473,10.5733,1.02163,14.3338,0.42336,36.966,0.42336,423.524,0,1.02816,0,0,4.08243,3.05427,1.028160,1,0,116.433,0,0,0,116.433,0
72.29,2.16036,0,0,5.01997,0.197993,1.37731,3.6288,61.308,0.578892,0,0,1.8632,0.177947,1.10636,0.66528,12.849,1,0.390932,1.37731,0,94.8534,4.10732,91.7324,0.84672,12.849,0.84672,3695.15,0,36.966,0.349046,2.65588,2.17517,10.5484,1.10179,13.9286,0.42336,36.966,0.42336,423.524,0,1.02816,0,0,3.68404,2.65588,1.028160,1,0,106.767,0,0,0,106.767,0
72.29,2.16679,0,0,6.77412,0.256489,4.35085,3.6288,61.308,0.579119,0,0,2.55018,0.179595,1.79147,0.66528,12.849,1,0.38513,4.35085,0,115.13,4.03725,115.058,0.84672,12.849,0.84672,3695.15,0,36.966,0.349183,3.03508,1.98939,11.575,0.930229,15.3201,0.42336,36.966,0.42336,423.524,0,1.02816,0,0,4.06324,3.03508,1.028160,1,0,132.17,0,0,0,132.17,0
72.29,2.16732,0,0,7.13664,0.25863,4.71069,3.6288,61.308,0.579346,0,0,3.53198,0.174353,2.77828,0.66528,12.849,1,0.385225,4.71069,0,158.27,3.96375,158.632,0.84672,12.849,0.84672,3695.15,0,36.966,0.34932,4.31619,1.98979,13.8297,0.890258,18.8961,0.42336,36.966,0.42336,423.524,0,1.02816,0,0,5.34435,4.31619,1.028160,1,0,180.306,0,0,0,180.306,0
72.29,2.16786,0,0,7.53081,0.25863,5.10433,3.6288,61.308,0.579573,0,0,4.10795,0.174353,3.35402,0.66528,12.849,1,0.38532,5.10433,0,163.935,3.96375,164.691,0.84672,12.849,0.84672,3695.15,0,36.966,0.349457,5.10875,1.99019,16.9586,0.890258,22.8178,0.42336,36.966,0.42336,423.524,0,1.02816,0,0,6.13691,5.10875,1.028160,1,0,190.862,0,0,0,190.862,0
72.29,2.16839,0,0,6.97412,0.254401,4.55133,3.6288,61.308,0.579801,0,0,3.14074,0.236302,2.32464,0.66528,12.849,1,0.385415,4.55133,0,123.323,4.78957,122.699,0.84672,12.849,0.84672,3695.15,0,36.966,0.349594,3.86982,1.99059,13.1525,1.2878,17.3755,0.42336,36.966,0.42336,423.524,0,1.02816,0,0,4.89798,3.86982,1.028160,1,0,142.4,0,0,0,142.4,0
72.29,2.16839,0,0,7.65638,0.237899,5.25009,3.6288,61.308,0.579801,0,0,3.93457,0.222602,3.13217,0.66528,12.849,1,0.385415,5.25009,0,146.649,4.31455,147.199,0.84672,12.849,0.84672,3695.15,0,36.966,0.349594,4.57828,1.99099,16.4225,1.23729,21.4049,0.42336,36.966,0.42336,423.524,0,1.02816,0,0,5.60644,4.57828,1.028160,1,0,171.736,0,0,0,171.736,0
72.29,2.2449,0,0,5.66438,0.252022,3.16746,3.6288,61.308,0.613417,0,0,1.75502,0.152699,0.988901,0.66528,12.849,1,0.399014,3.16746,0,106.032,3.23463,105.566,0.84672,12.849,0.84672,3695.15,0,36.966,0.369863,2.10514,1.99099,12.8254,0.704604,15.8471,0.42336,36.966,0.42336,423.524,0,1.02816,0,0,3.1333,2.10514,1.028160,1,0,122.402,0,0,0,122.402,0
72.29,2.24543,0,0,4.58281,0.252022,2.08536,3.6288,61.308,0.613642,0,0,1.27074,0.152699,0.504396,0.66528,12.849,1,0.399108,2.08536,0,104.803,3.23463,103.255,0.84672,12.849,0.84672,3695.15,0,36.966,0.369999,1.16316,2.04951,10.194,0.704604,12.3321,0.42336,36.966,0.42336,423.524,0,1.02816,0,0,2.19132,1.16316,1.028160,1,0,116.091,0,0,0,116.091,0
72.29,2.24596,0,0,3.06082,0.276166,0.5387,3.6288,61.308,0.613867,0,0,1.2372,0.155963,0.467375,0.66528,12.849,1,0.399202,0.5387,0,82.0446,3.10309,79.081,0.84672,12.849,0.84672,3695.15,0,36.966,0.370135,1.10869,2.0499,9.57131,0.770208,11.5896,0.42336,36.966,0.42336,423.524,0,1.02816,0,0,2.13685,1.10869,1.028160,1,0,91.1379,0,0,0,91.1379,0
72.29,2.24649,0,0,3.20842,0.308358,0.653577,3.6288,61.308,0.614092,0,0,1.20418,0.160315,0.429775,0.66528,12.849,1,0.399296,0.653577,0,140.251,2.92771,137.578,0.84672,12.849,0.84672,3695.15,0,36.966,0.37027,1.00506,2.0503,12.1923,0.857681,14.0197,0.42336,36.966,0.42336,423.524,0,1.02816,0,0,2.03322,1.00506,1.028160,1,0,152.027,0,0,0,152.027,0
72.29,2.49123,0,0,4.70076,0.267241,1.94229,3.6288,61.308,0.66528,0,0,1.8515,0.164424,1.0218,0.66528,12.849,1,0.442797,1.94229,0,149.797,3.73412,147.562,0.84672,12.849,0.84672,3695.15,0,36.966,0.52056,1.46942,2.05069,16.2387,1.00913,18.2291,0.42336,36.966,0.42336,423.524,0,1.02816,0,0,2.49758,1.46942,1.028160,1,0,166.813,0,0,0,166.813,0
71.6393,2.49181,0,0,2.46434,0.260388,0.36288,3.6288,61.308,0.66528,0,0,1.99613,0.165109,1.16574,0.66528,12.849,1,0.4429,0.36288,0,92.5569,3.86852,88.6083,0.84672,12.849,0.84672,3695.15,0,36.966,0.520963,1.39111,2.26037,15.2811,1.03437,17.3773,0.42336,36.966,0.42336,423.524,0,1.02816,0,0,2.41927,1.39111,1.028160,1,0,107.151,0,0,0,107.151,0
71.9305,2.48897,0,0,3.41652,0.27349,0.36288,3.6288,61.308,0.66528,0,0,1.34806,0.157572,0.525204,0.66528,12.849,1,0.446415,0.36288,0,130.679,3.91229,126.683,0.84672,12.849,0.84672,3695.15,0,36.966,0.521366,1.25657,2.26081,11.9897,1.0152,13.9705,0.42336,36.966,0.42336,423.524,0,1.02816,0,0,2.28473,1.25657,1.028160,1,0,141.179,0,0,0,141.179,0
72.29,2.49109,0,0,5.02698,0.330402,1.84594,3.6288,61.308,0.66528,0,0,1.51565,0.166163,0.684203,0.66528,12.849,1,0.444985,1.84594,0,126.574,3.94623,124.029,0.84672,12.849,0.84672,3695.15,0,36.966,0.52177,2.83188,2.26125,15.6336,1.0084,19.1966,0.42336,36.966,0.42336,423.524,0,1.02816,0,0,3.86004,2.83188,1.028160,1,0,143.91,0,0,0,143.91,0
72.29,2.14493,0,0,5.0605,0.314641,2.60093,3.6288,61.308,0.572271,0,0,1.25732,0.18557,0.499477,0.66528,12.849,1,0.381244,2.60093,0,112.674,4.05126,110.843,0.84672,12.849,0.84672,3695.15,0,36.966,0.345054,0.778023,2.26169,8.90474,0.97244,10.627,0.42336,36.966,0.42336,423.524,0,1.02816,0,0,1.80618,0.778023,1.028160,1,0,121.969,0,0,0,121.969,0
72.29,2.14543,0,0,3.53081,0.309325,1.07606,3.6288,61.308,0.572487,0,0,1.15106,0.185376,0.393192,0.66528,12.849,1,0.381335,1.07606,0,110.305,4.0782,106.922,0.84672,12.849,0.84672,3695.15,0,36.966,0.345184,0.673808,1.97649,5.82599,0.961308,7.16979,0.42336,36.966,0.42336,423.524,0,1.02816,0,0,1.70197,0.673808,1.028160,1,0,114.485,0,0,0,114.485,0
72.29,2.14594,0,0,6.25887,0.297996,3.81493,3.6288,61.308,0.572703,0,0,1.56747,0.17936,0.815406,0.66528,12.849,1,0.381425,3.81493,0,121.799,3.99101,121.241,0.84672,12.849,0.84672,3695.15,0,36.966,0.345315,1.44373,1.97687,11.6527,0.948782,13.7792,0.42336,36.966,0.42336,423.524,0,1.02816,0,0,2.47189,1.44373,1.028160,1,0,135.836,0,0,0,135.836,0
72.29,2.14645,0,0,5.30425,0.32945,2.82835,3.6288,61.308,0.57292,0,0,2.07445,0.216953,1.28457,0.66528,12.849,1,0.381515,2.82835,0,147.399,4.30401,145.542,0.84672,12.849,0.84672,3695.15,0,36.966,0.345445,2.04593,1.97725,8.94015,1.02955,11.5883,0.42336,36.966,0.42336,423.524,0,1.02816,0,0,3.07409,2.04593,1.028160,1,0,158.415,0,0,0,158.415,0
72.29,2.14695,0,0,6.55538,0.326475,4.08196,3.6288,61.308,0.573136,0,0,2.46751,0.203785,1.69059,0.66528,12.849,1,0.381605,4.08196,0,136.399,4.23304,135.866,0.84672,12.849,0.84672,3695.15,0,36.966,0.345576,1.80008,1.97763,10.7422,1.05193,13.1224,0.42336,36.966,0.42336,423.524,0,1.02816,0,0,2.82824,1.80008,1.028160,1,0,150.679,0,0,0,150.679,0
72.29,2.23531,0,0,4.88244,0.375212,2.27192,3.6288,61.308,0.614622,0,0,2.35181,0.203078,1.53411,0.66528,12.849,1,0.397309,2.27192,0,131.658,4.50628,129.026,0.84672,12.849,0.84672,3695.15,0,36.966,0.37059,2.02811,1.978,10.1508,1.11553,12.6708,0.42336,36.966,0.42336,423.524,0,1.02816,0,0,3.05627,2.02811,1.028160,1,0,143.231,0,0,0,143.231,0
72.29,2.23583,0,0,4.36425,0.361738,1.76668,3.6288,61.308,0.614847,0,0,1.7442,0.203086,0.926267,0.66528,12.849,1,0.397402,1.76668,0,90.2007,4.4698,87.1002,0.84672,12.849,0.84672,3695.15,0,36.966,0.370725,1.34158,2.04888,7.53399,1.11354,9.44019,0.42336,36.966,0.42336,423.524,0,1.02816,0,0,2.36974,1.34158,1.028160,1,0,97.4667,0,0,0,97.4667,0
72.29,2.23636,0,0,4.08121,0.280889,1.56396,3.6288,61.308,0.615072,0,0,1.5512,0.203137,0.732991,0.66528,12.849,1,0.397496,1.56396,0,84.1389,4.25092,81.0544,0.84672,12.849,0.84672,3695.15,0,36.966,0.370861,1.00654,2.04928,8.36197,1.10164,9.94528,0.42336,36.966,0.42336,423.524,0,1.02816,0,0,2.0347,1.00654,1.028160,1,0,91.7327,0,0,0,91.7327,0
72.29,2.23688,0,0,3.80379,0.281278,1.28563,3.6288,61.308,0.615297,0,0,1.42831,0.205387,0.607629,0.66528,12.849,1,0.397589,1.28563,0,82.6857,4.23201,79.3417,0.84672,12.849,0.84672,3695.15,0,36.966,0.370997,0.810371,2.04967,6.77393,1.11362,8.14936,0.42336,36.966,0.42336,423.524,0,1.02816,0,0,1.83853,0.810371,1.028160,1,0,88.0987,0,0,0,88.0987,0
72.29,2.20303,0,0,3.16317,0.283613,0.676528,3.6288,61.308,0.59948,0,0,1.02492,0.218888,0.206551,0.66528,12.849,1,0.391572,0.676528,0,70.8713,4.11852,67.0378,0.84672,12.849,0.84672,3695.15,0,36.966,0.36146,0.532604,2.05007,5.2868,1.18546,6.32255,0.42336,36.966,0.42336,423.524,0,1.02816,0,0,1.56076,0.532604,1.028160,1,0,73.5669,0,0,0,73.5669,0
72.1754,2.20355,0,0,2.73546,0.283613,0.36288,3.6288,61.308,0.693592,0,0,0.977383,0.218888,0.0649027,0.66528,12.849,1,0.391665,0.36288,0,62.7788,4.11852,58.6315,0.84672,12.849,0.84672,3695.15,0,36.966,0.418205,0.528595,2.02301,4.62539,1.18546,5.57333,0.42336,36.966,0.42336,423.524,0,0.87766,0,0,1.40626,0.528595,1.028160,1,0,64.2698,0,0,0,64.2698,0
71.7659,2.20354,0,0,2.44026,0.283366,0.36288,3.6288,61.2291,0.72783,0,0,0.867853,0.218888,0,0.66528,12.849,1,0.392285,0.36288,0,53.9192,4.11852,49.7713,0.84672,12.849,0.84672,3695.15,0,36.966,0.438849,0.402797,2.0234,4.01663,1.18546,4.81852,0.42336,36.966,0.42336,423.524,0,0.823133,0,0,1.22593,0.402797,1.028160,1,0,54.5898,0,0,0,54.5898,0
71.1841,2.20216,0,0,2.24853,0.26527,0.36288,3.6288,61.0542,0.774171,0,0,0.795321,0.196035,0,0.66528,12.849,1,0.394276,0.36288,0,50.2921,3.64668,46.614,0.84672,12.849,0.84672,3695.15,0,36.966,0.467392,0.402797,2.02379,3.61721,1.06579,4.51061,0.42336,36.966,0.42336,423.524,0,0.748604,0,0,1.1514,0.402797,1.028160,1,0,51.1246,0,0,0,51.1246,0
70.503,2.31646,0,0,2.23044,0.232232,0.36288,3.6288,60.8194,0.80597,0,0,0.78999,0.218824,0,0.66528,12.849,1,0.41813,0.36288,0,49.6377,4.0362,45.5462,0.84672,12.849,0.84672,3695.15,0,36.966,0.487984,0.402797,2.02418,3.63969,1.02195,4.55673,0.42336,36.966,0.42336,423.524,0,0.787838,0,0,1.19064,0.402797,1.028160,1,0,50.1029,0,0,0,50.1029,0
69.8437,2.31359,0,0,2.24065,0.223458,0.36288,3.6288,60.4658,0.856373,0,0,0.737251,0.234492,0,0.66528,12.849,1,0.421645,0.36288,0,47.154,4.33356,42.7617,0.84672,12.849,0.84672,3695.15,0,36.966,0.520503,0.402797,2.12085,3.41443,1.04032,4.37726,0.42336,36.966,0.42336,423.524,0,0.705292,0,0,1.10809,0.402797,1.028160,1,0,47.1389,0,0,0,47.1389,0
68.9261,2.31076,0,0,1.9642,0.208196,0.36288,3.6288,60.0711,0.838191,0,0,0.686819,0.24336,0,0.66528,12.849,1,0.425106,0.36288,0,42.1295,4.44066,37.6266,0.84672,12.849,0.84672,3695.15,0,36.966,0.512431,0.30119,2.12126,3.31274,1.06768,4.15508,0.42336,36.966,0.42336,423.524,0,0.73192,0,0,1.03311,0.30119,1.028160,1,0,41.7817,0,0,0,41.7817,0
67.9433,2.30653,0,0,1.85833,0.171647,0.36288,3.6288,59.5981,0.867211,0,0,0.660338,0.266173,0,0.66528,12.849,1,0.429977,0.36288,0,38.5119,4.70841,33.7364,0.84672,12.849,0.84672,3695.15,0,36.966,0.533656,0.30119,2.12167,3.1869,1.13609,3.94001,0.42336,36.966,0.42336,423.524,0,0.68205,0,0,0.983241,0.30119,1.028160,1,0,37.6764,0,0,0,37.6764,0
66.8777,2.30184,0,0,1.74982,0.150675,0.36288,3.6288,59.1166,0.832898,0,0,0.6044,0.253005,0,0.66528,12.849,1,0.435309,0.36288,0,36.7907,4.66831,32.0499,0.84672,12.849,0.84672,3695.15,0,36.966,0.516609,0.30119,2.12208,3.2014,1.12542,3.98265,0.42336,36.966,0.42336,423.524,0,0.733787,0,0,1.03498,0.30119,1.028160,1,0,36.0326,0,0,0,36.0326,0
65.7779,2.27372,0,0,1.6602,0.123423,0.36288,3.6288,58.6577,0.774122,0,0,0.551032,0.23579,0,0.66528,12.849,1,0.436842,0.36288,0,35.0372,4.61485,30.3484,0.84672,12.849,0.84672,3695.15,0,36.966,0.484064,0.30119,2.12249,2.88897,1.11118,3.71742,0.42336,36.966,0.42336,423.524,0,0.875699,0,0,1.17689,0.30119,1.028160,1,0,34.0658,0,0,0,34.0658,0
64.5317,2.26814,0,0,1.50719,0.122349,0.36288,3.6288,58.1248,0.818373,0,0,0.520557,0.235096,0,0.66528,12.849,1,0.443057,0.36288,0,33.996,4.61485,29.3009,0.84672,12.849,0.84672,3695.15,0,36.966,0.515738,0.261274,2.1566,2.7156,1.11118,3.50655,0.42336,36.966,0.42336,423.524,0,0.800159,0,0,1.06143,0.261274,1.028160,1,0,32.8075,0,0,0,32.8075,0
63.1752,2.26154,0,0,1.38006,0.112172,0.36288,3.6288,57.5221,0.842336,0,0,0.49544,0.255787,0,0.66528,12.849,1,0.450297,0.36288,0,29.9801,4.89715,24.9955,0.84672,12.849,0.84672,3695.15,0,36.966,0.535706,0.261274,2.15702,2.63726,1.21422,3.30562,0.42336,36.966,0.42336,423.524,0,0.756613,0,0,1.01789,0.261274,1.028160,1,0,28.3012,0,0,0,28.3012,0
61.7724,2.25403,0,0,1.30289,0.0887901,0.36288,3.6288,56.8261,0.84999,0,0,0.462355,0.308325,0,0.66528,12.849,1,0.45844,0.36288,0,26.6649,5.60291,20.9665,0.84672,12.849,0.84672,3695.15,0,36.966,0.546238,0.261274,2.15743,2.51561,1.47183,2.91624,0.42336,36.966,0.42336,423.524,0,0.738815,0,0,1.00009,0.261274,1.028160,1,0,23.8827,0,0,0,23.8827,0
60.2908,2.30419,0,0,1.27385,0.0884055,0.36288,3.6288,56.1711,0.907549,0,0,0.540319,0.287742,0,0.66528,12.849,1,0.479285,0.36288,0,28.0798,5.96841,21.995,0.84672,12.849,0.84672,3695.15,0,36.966,0.59037,0.261274,2.15785,2.54499,1.48819,2.88555,0.42336,36.966,0.42336,423.524,0,0.682301,0,0,0.943574,0.261274,1.028160,1,0,24.8806,0,0,0,24.8806,0
58.7881,2.29502,0,0,1.24257,0.0873235,0.36288,3.6288,55.5296,0.852867,0,0,0.497825,0.286516,0,0.66528,12.849,1,0.489109,0.36288,0,28.0439,5.96841,21.9492,0.84672,12.849,0.84672,3695.15,0,36.966,0.561268,0.261274,2.20606,2.72716,1.48819,3.14504,0.42336,36.966,0.42336,423.524,0,0.76648,0,0,1.02775,0.261274,1.028160,1,0,25.0943,0,0,0,25.0943,0
57.2166,2.2853,0,0,1.16274,0.0860721,0.36288,3.6288,54.8497,0.855358,0,0,0.460806,0.285315,0,0.66528,12.849,1,0.499485,0.36288,0,25.3166,5.96841,19.2116,0.84672,12.849,0.84672,3695.15,0,36.966,0.569411,0.227405,2.20649,2.43396,1.48819,2.81025,0.42336,36.966,0.42336,423.524,0,0.756242,0,0,0.983647,0.227405,1.028160,1,0,22.0218,0,0,0,22.0218,0
55.5618,2.27462,0,0,1.06746,0.0847633,0.36288,3.6288,54.1218,0.899638,0,0,0.455744,0.284042,0,0.66528,12.849,1,0.510807,0.36288,0,23.1424,5.96841,17.0261,0.84672,12.849,0.84672,3695.15,0,36.966,0.606311,0.227405,2.20692,2.3805,1.48819,2.72032,0.42336,36.966,0.42336,423.524,0,0.675458,0,0,0.902863,0.227405,1.028160,1,0,19.7464,0,0,0,19.7464,0
53.8838,2.43032,0,0,1.18526,0.0700595,0.36288,3.6288,53.4278,0.892382,0,0,0.491073,0.292708,0,0.66528,12.849,1,0.562026,0.36288,0,21.1246,6.42774,14.4977,0.84672,12.849,0.84672,3695.15,0,36.966,0.650171,0.227405,2.20734,3.25933,1.53181,3.51209,0.42336,36.966,0.42336,423.524,0,0.801058,0,0,1.02846,0.227405,1.028160,1,0,18.0098,0,0,0,18.0098,0
52.1961,2.41675,0,0,1.16559,0.073696,0.36288,3.6288,52.6686,0.957143,0,0,0.488084,0.290082,0,0.66528,12.849,1,0.576292,0.36288,0,20.5965,6.51052,13.8725,0.84672,12.849,0.84672,3695.15,0,36.966,0.662235,0.227405,2.37144,2.7807,1.51224,3.20507,0.42336,36.966,0.42336,423.524,0,0.724663,0,0,0.952067,0.227405,1.028160,1,0,17.0776,0,0,0,17.0776,0
50.2936,2.40235,0,0,0.935185,0.0724327,0.36288,3.6288,51.7151,1.04895,0,0,0.383797,0.288326,0,0.66528,12.849,1,0.591383,0.36288,0,24.2258,6.51052,17.4868,0.84672,12.849,0.84672,3695.15,0,36.966,0.736214,0.204422,2.3719,2.3099,1.51224,2.63778,0.42336,36.966,0.42336,423.524,0,0.55931,0,0,0.763733,0.204422,1.028160,1,0,20.1245,0,0,0,20.1245,0
48.5822,2.38509,0,0,1.10757,0.0710085,0.36288,3.6288,51.2659,0.748993,0,0,0.58585,0.286121,0,0.66528,12.849,1,0.609342,0.36288,0,20.7936,6.51052,14.0366,0.84672,12.849,0.84672,3695.15,0,36.966,0.651462,0.204422,2.37236,3.12368,1.51224,3.53677,0.42336,36.966,0.42336,423.524,0,0.944447,0,0,1.14887,0.204422,1.028160,1,0,17.5734,0,0,0,17.5734,0
46.6587,2.36866,0,0,0.872968,0.0648746,0.36288,3.6288,50.4452,0.970397,0,0,0.429355,0.27964,0,0.66528,12.849,1,0.626463,0.36288,0,18.9439,6.33096,12.3493,0.84672,12.849,0.84672,3695.15,0,36.966,0.699719,0.204422,2.37283,3.40184,1.46689,3.81247,0.42336,36.966,0.42336,423.524,0,0.675216,0,0,0.879638,0.204422,1.028160,1,0,16.1618,0,0,0,16.1618,0
44.6631,2.27005,0,0,0.716999,0.0796615,0.36288,3.6288,49.663,0.970697,0,0,0.44955,0.261044,0,0.66528,12.849,1,0.625133,0.36288,0,12.7056,6.30814,6.13515,0.84672,12.849,0.84672,3695.15,0,36.966,0.711322,0.204422,2.37329,3.60387,1.52952,3.94075,0.42336,36.966,0.42336,423.524,0,0.565427,0,0,0.76985,0.204422,1.028160,1,0,10.0759,0,0,0,10.0759,0
42.9598,2.24889,0,0,1.00945,0.101014,0.36288,3.6288,48.9971,0.913536,0,0,0.487903,0.240306,0,0.66528,12.849,1,0.646975,0.36288,0,14.1814,6.1425,7.75476,0.84672,12.849,0.84672,3695.15,0,36.966,0.679979,0.216518,2.27894,3.21136,1.47262,3.55421,0.42336,36.966,0.42336,423.524,0,0.654342,0,0,0.87086,0.216518,1.028160,1,0,11.309,0,0,0,11.309,0
41.6541,2.22966,0,0,1.38593,0.0990651,0.36288,3.6288,48.882,0.66528,0,0,0.789159,0.238991,0,0.66528,12.849,1,0.666876,0.36288,0,27.2449,6.1425,20.7984,0.84672,12.849,0.84672,3695.15,0,36.966,0.554826,0.409225,2.27938,5.69849,1.47262,6.35965,0.42336,36.966,0.42336,423.524,0,1.02816,0,0,1.43738,0.409225,1.028160,1,0,27.158,0,0,0,27.158,0
40.1471,2.2142,0,0,1.19444,0.12439,0.36288,3.6288,48.4234,0.811377,0,0,0.58124,0.228382,0,0.66528,12.849,1,0.683011,0.36288,0,30.6778,6.11649,24.2412,0.84672,12.849,0.84672,3695.15,0,36.966,0.613588,0.216518,2.27982,3.56416,1.4843,3.96261,0.42336,36.966,0.42336,423.524,0,0.823712,0,0,1.04023,0.216518,1.028160,1,0,28.2038,0,0,0,28.2038,0
39.1768,2.13266,0,0,1.68583,0.16055,0.36288,3.6288,48.3806,0.641582,0,0,0.776346,0.177567,0,0.66528,12.849,1,0.682553,0.36288,0,35.0412,4.02943,30.6921,0.84672,12.849,0.84672,3695.15,0,36.966,0.489777,0.284196,2.28026,6.83509,1.04513,7.86464,0.42336,36.966,0.42336,423.524,0,1.02816,0,0,1.31236,0.284196,1.028160,1,0,38.5567,0,0,0,38.5567,0
38.5861,2.12042,0,0,2.04681,0.154212,0.36288,3.6288,48.9284,0.641558,0,0,1.36286,0.17349,0,0.66528,12.849,1,0.695445,0.36288,0,40.0683,3.69243,36.0433,0.84672,12.849,0.84672,3695.15,0,36.966,0.490193,1.53338,2.19602,8.53813,0.967068,10.8103,0.42336,36.966,0.42336,423.524,0,1.02816,0,0,2.56154,1.53338,1.028160,1,0,46.8535,0,0,0,46.8535,0
37.418,2.11293,0,0,1.47619,0.168523,0.36288,3.6288,49.0062,0.644907,0,0,0.903234,0.180596,0,0.66528,12.849,1,0.703595,0.36288,0,35.8337,3.80841,31.6846,0.84672,12.849,0.84672,3695.15,0,36.966,0.487235,0.759425,2.19644,8.68706,0.994145,10.1615,0.42336,36.966,0.42336,423.524,0,1.02816,0,0,1.78758,0.759425,1.028160,1,0,41.8461,0,0,0,41.8461,0
39.4412,2.09707,0,0,4.68728,0.204121,0.36288,3.6288,49.5333,0.64557,0,0,1.36916,0.196513,0,0.66528,12.849,1,0.720114,0.36288,0,119.809,4.09836,115.353,0.84672,12.849,0.84672,3695.15,0,36.966,0.486962,1.97156,2.19687,14.0941,1.06184,16.7137,0.42336,36.966,0.42336,423.524,0,1.02816,0,0,2.99972,1.97156,1.028160,1,0,132.067,0,0,0,132.067,0
39.9761,1.94818,0,0,3.06185,0.215921,0.36288,3.6288,49.9791,0.54185,0,0,1.18483,0.197118,0,0.66528,12.849,1,0.63467,0.36288,0,63.1023,3.85218,58.9784,0.84672,12.849,0.84672,3695.15,0,36.966,0.404375,1.99788,2.19729,9.90282,0.965872,12.7277,0.42336,36.966,0.42336,423.524,0,1.02816,0,0,3.02604,1.99788,1.028160,1,0,71.7061,0,0,0,71.7061,0
40.0214,1.95506,0,0,2.58581,0.222502,0.36288,3.6288,50.4183,0.544126,0,0,1.18095,0.197653,0,0.66528,12.849,1,0.628391,0.36288,0,54.6718,3.66754,50.7387,0.84672,12.849,0.84672,3695.15,0,36.966,0.402451,1.53048,2.00944,9.15641,0.893898,11.4,0.42336,36.966,0.42336,423.524,0,1.02816,0,0,2.55864,1.53048,1.028160,1,0,62.1387,0,0,0,62.1387,0
41.0619,1.95606,0,0,3.58207,0.222622,0.36288,3.6288,51.2475,0.546352,0,0,1.57397,0.198364,0,0.66528,12.849,1,0.628,0.36288,0,106.352,3.66754,102.419,0.84672,12.849,0.84672,3695.15,0,36.966,0.400578,1.65719,2.00982,11.2323,0.893898,13.6049,0.42336,36.966,0.42336,423.524,0,1.02816,0,0,2.68535,1.65719,1.028160,1,0,116.024,0,0,0,116.024,0
42.1117,1.96865,0,0,3.60668,0.225391,0.36288,3.6288,53.143,0.550322,0,0,2.64547,0.199708,0,0.66528,12.849,1,0.616024,0.36288,0,132.315,3.66754,128.394,0.84672,12.849,0.84672,3695.15,0,36.966,0.39696,2.50121,2.01021,12.8493,0.893898,16.0699,0.42336,36.966,0.42336,423.524,0,1.02816,0,0,3.52937,2.50121,1.028160,1,0,144.464,0,0,0,144.464,0
42.7463,1.98088,0,0,3.20493,0.226611,0.36288,3.6288,53.609,0.55888,0,0,1.24976,0.224819,0,0.66528,12.849,1,0.6044,0.36288,0,93.5107,4.03048,89.2387,0.84672,12.849,0.84672,3695.15,0,36.966,0.388754,1.63137,2.01059,9.71965,1.07316,11.8997,0.42336,36.966,0.42336,423.524,0,1.02816,0,0,2.65953,1.63137,1.028160,1,0,101.138,0,0,0,101.138,0
44.0715,2.0578,0,0,3.95419,0.208268,0.36288,3.6288,54.7193,0.593115,0,0,1.90133,0.197916,0,0.66528,12.849,1,0.61855,0.36288,0,94.6357,3.67899,90.701,0.84672,12.849,0.84672,3695.15,0,36.966,0.408981,2.25629,2.01098,11.1631,1.15117,13.8702,0.42336,36.966,0.42336,423.524,0,1.02816,0,0,3.28445,2.25629,1.028160,1,0,104.571,0,0,0,104.571,0
45.8915,2.07267,0,0,4.46704,0.211463,0.36288,3.6288,56.1805,0.598276,0,0,2.25889,0.199434,0,0.66528,12.849,1,0.604285,0.36288,0,71.8201,3.67899,67.8997,0.84672,12.849,0.84672,3695.15,0,36.966,0.404169,3.07789,2.07012,13.9406,1.15117,17.5333,0.42336,36.966,0.42336,423.524,0,1.02816,0,0,4.10605,3.07789,1.028160,1,0,85.433,0,0,0,85.433,0
49.3906,2.09186,0,0,6.16971,0.215851,0.36288,3.6288,57.3343,0.604826,0,0,1.95998,0.201356,0,0.66528,12.849,1,0.585693,0.36288,0,119.686,3.67899,115.784,0.84672,12.849,0.84672,3695.15,0,36.966,0.397967,2.80255,2.07051,16.3598,1.15117,19.6837,0.42336,36.966,0.42336,423.524,0,1.02816,0,0,3.83071,2.80255,1.028160,1,0,135.468,0,0,0,135.468,0
54.1184,2.12527,0,0,7.47904,0.263134,0.36288,3.6288,59.3746,0.609907,0,0,2.88528,0.235054,0,0.66528,12.849,1,0.552889,0.36288,0,199.076,4.06991,194.816,0.84672,12.849,0.84672,3695.15,0,36.966,0.393234,3.91916,2.07089,17.7118,1.24491,22.0637,0.42336,36.966,0.42336,423.524,0,1.02816,0,0,4.94732,3.91916,1.028160,1,0,216.88,0,0,0,216.88,0
58.8612,2.39977,0,0,7.76081,0.255379,0.36288,3.6288,61.308,0.66528,0,0,3.38488,0.198713,0.587541,0.66528,12.849,1,0.569762,0.36288,0,135.694,3.4983,131.989,0.84672,12.849,0.84672,3695.15,0,36.966,0.541532,3.92504,2.07127,20.169,1.03121,24.5926,0.42336,36.966,0.42336,423.524,0,1.02816,0,0,4.9532,3.92504,1.028160,1,0,157.169,0,0,0,157.169,0
59.666,2.43799,0,0,3.86484,0.259171,0.36288,3.6288,61.308,0.66528,0,0,2.94394,0.193646,2.08502,0.66528,12.849,1,0.532197,0.36288,0,91.9693,3.28629,88.5137,0.84672,12.849,0.84672,3695.15,0,36.966,0.541921,2.45809,2.28323,12.7215,0.964351,15.9566,0.42336,36.966,0.42336,423.524,0,1.02816,0,0,3.48625,2.45809,1.028160,1,0,106.555,0,0,0,106.555,0
62.2772,2.44444,0,0,5.6863,0.26772,0.36288,3.6288,61.308,0.66528,0,0,2.08399,0.189877,1.22884,0.66528,12.849,1,0.526407,0.36288,0,144.336,3.30818,140.864,0.84672,12.849,0.84672,3695.15,0,36.966,0.542311,3.0271,2.28365,13.0898,0.954767,16.9035,0.42336,36.966,0.42336,423.524,0,1.02816,0,0,4.05526,3.0271,1.028160,1,0,158.996,0,0,0,158.996,0
65.9903,2.46328,0,0,6.86715,0.327954,0.36288,3.6288,61.308,0.66528,0,0,2.24376,0.187841,1.39063,0.66528,12.849,1,0.508223,0.36288,0,125.54,3.38288,122.012,0.84672,12.849,0.84672,3695.15,0,36.966,0.5427,4.79641,2.28408,13.8865,0.928102,19.4962,0.42336,36.966,0.42336,423.524,0,1.02816,0,0,5.82457,4.79641,1.028160,1,0,142.899,0,0,0,142.899,0
70.8954,2.14035,0,0,7.71396,0.305608,0.36288,3.6288,61.308,0.583477,0,0,2.89562,0.216582,2.09556,0.66528,12.849,1,0.416748,0.36288,0,187.739,3.78222,183.903,0.84672,12.849,0.84672,3695.15,0,36.966,0.351811,3.5066,2.2845,15.8146,1.00564,20.2482,0.42336,36.966,0.42336,423.524,0,1.02816,0,0,4.53476,3.5066,1.028160,1,0,206.247,0,0,0,206.247,0
72.29,2.16524,0,0,6.21661,0.29607,2.36069,3.6288,61.308,0.583686,0,0,2.93999,0.217105,2.1392,0.66528,12.849,1,0.392426,2.36069,0,76.4203,3.97215,74.4164,0.84672,12.849,0.84672,3695.15,0,36.966,0.351937,3.04918,1.99616,14.1991,1.02021,17.8722,0.42336,36.966,0.42336,423.524,0,1.02816,0,0,4.07734,3.04918,1.028160,1,0,94.4278,0,0,0,94.4278,0
72.29,2.17216,0,0,6.30431,0.299237,3.83291,3.6288,61.308,0.583895,0,0,3.09117,0.217105,2.29017,0.66528,12.849,1,0.386085,3.83291,0,127.419,3.97215,126.894,0.84672,12.849,0.84672,3695.15,0,36.966,0.352063,3.56171,1.99653,16.8123,1.02021,20.9983,0.42336,36.966,0.42336,423.524,0,1.02816,0,0,4.58987,3.56171,1.028160,1,0,150.182,0,0,0,150.182,0
72.29,2.17265,0,0,5.72486,0.299932,3.25228,3.6288,61.308,0.584104,0,0,2.63392,0.204377,1.84544,0.66528,12.849,1,0.386172,3.25228,0,147.326,3.74557,146.446,0.84672,12.849,0.84672,3695.15,0,36.966,0.352188,3.07804,1.99689,12.9153,0.934557,16.7035,0.42336,36.966,0.42336,423.524,0,1.02816,0,0,4.1062,3.07804,1.028160,1,0,164.995,0,0,0,164.995,0
72.29,2.17314,0,0,5.96028,0.30584,3.4813,3.6288,61.308,0.584312,0,0,2.39575,0.153763,1.65768,0.66528,12.849,1,0.386259,3.4813,0,131.49,2.95506,131.63,0.84672,12.849,0.84672,3695.15,0,36.966,0.352314,3.05719,1.99726,13.2254,0.597522,17.33,0.42336,36.966,0.42336,423.524,0,1.02816,0,0,4.08535,3.05719,1.028160,1,0,150.617,0,0,0,150.617,0
72.29,2.26243,0,0,7.93549,0.315572,5.35749,3.6288,61.308,0.62624,0,0,4.46381,0.188997,3.64858,0.66528,12.849,1,0.40213,5.35749,0,164.224,3.7295,165.45,0.84672,12.849,0.84672,3695.15,0,36.966,0.377595,4.35033,1.99763,23.1028,0.863169,28.2099,0.42336,36.966,0.42336,423.524,0,1.02816,0,0,5.37849,4.35033,1.028160,1,0,197.308,0,0,0,197.308,0
72.29,2.26294,0,0,7.33864,0.315572,4.76013,3.6288,61.308,0.626457,0,0,4.41355,0.188997,3.5981,0.66528,12.849,1,0.40222,4.76013,0,158.601,3.7295,159.229,0.84672,12.849,0.84672,3695.15,0,36.966,0.377726,4.0473,2.06926,22.5824,0.863169,27.458,0.42336,36.966,0.42336,423.524,0,1.02816,0,0,5.07546,4.0473,1.028160,1,0,190.286,0,0,0,190.286,0
72.29,2.26345,0,0,6.4592,0.300483,3.89528,3.6288,61.308,0.626674,0,0,3.33298,0.187332,2.51898,0.66528,12.849,1,0.40231,3.89528,0,118.409,3.82835,118.073,0.84672,12.849,0.84672,3695.15,0,36.966,0.377857,3.1784,2.06964,14.1939,0.869597,18.1945,0.42336,36.966,0.42336,423.524,0,1.02816,0,0,4.20656,3.1784,1.028160,1,0,138.787,0,0,0,138.787,0
72.29,2.26395,0,0,5.15499,0.26276,2.62827,3.6288,61.308,0.626892,0,0,2.53103,0.183169,1.72097,0.66528,12.849,1,0.4024,2.62827,0,111.657,4.07547,109.808,0.84672,12.849,0.84672,3695.15,0,36.966,0.377988,1.96684,2.07002,11.0244,0.885666,13.7976,0.42336,36.966,0.42336,423.524,0,1.02816,0,0,2.995,1.96684,1.028160,1,0,125.326,0,0,0,125.326,0
72.29,2.22971,0,0,3.83716,0.235344,1.37211,3.6288,61.308,0.610893,0,0,1.65396,0.214518,0.828544,0.66528,12.849,1,0.396314,1.37211,0,79.9978,3.38562,77.5879,0.84672,12.849,0.84672,3695.15,0,36.966,0.368341,1.30645,2.0704,8.36464,1.03399,10.3392,0.42336,36.966,0.42336,423.524,0,1.02816,0,0,2.33461,1.30645,1.028160,1,0,88.7556,0,0,0,88.7556,0
72.29,2.23021,0,0,3.46588,0.235344,1.00033,3.6288,61.308,0.611107,0,0,1.4446,0.214518,0.618974,0.66528,12.849,1,0.396403,1.00033,0,74.5623,3.38562,71.7806,0.84672,12.849,0.84672,3695.15,0,36.966,0.36847,0.881764,2.04303,7.83518,1.03399,9.35752,0.42336,36.966,0.42336,423.524,0,1.02816,0,0,1.90992,0.881764,1.028160,1,0,81.7571,0,0,0,81.7571,0
72.29,2.23071,0,0,4.16477,0.217097,1.71696,3.6288,61.308,0.611321,0,0,1.3959,0.22342,0.561155,0.66528,12.849,1,0.396492,1.71696,0,80.2621,4.08739,77.4952,0.84672,12.849,0.84672,3695.15,0,36.966,0.3686,0.956457,2.04341,10.5258,1.06165,12.0954,0.42336,36.966,0.42336,423.524,0,1.02816,0,0,1.98462,0.956457,1.028160,1,0,90.1517,0,0,0,90.1517,0
72.29,2.23121,0,0,3.20551,0.169934,0.804361,3.6288,61.308,0.611536,0,0,1.34251,0.242306,0.488667,0.66528,12.849,1,0.396581,0.804361,0,57.6535,5.14244,52.9189,0.84672,12.849,0.84672,3695.15,0,36.966,0.368729,0.909455,2.04378,7.90707,1.14925,9.34233,0.42336,36.966,0.42336,423.524,0,1.02816,0,0,1.93762,0.909455,1.028160,1,0,62.7498,0,0,0,62.7498,0
72.29,2.34976,0,0,2.96177,0.138813,0.473193,3.6288,61.308,0.66528,0,0,1.12382,0.260833,0.197709,0.66528,12.849,1,0.417652,0.473193,0,47.8148,5.20846,42.6619,0.84672,12.849,0.84672,3695.15,0,36.966,0.407583,0.463951,2.04416,6.33868,1.14787,7.29133,0.42336,36.966,0.42336,423.524,0,1.02816,0,0,1.49211,0.463951,1.028160,1,0,50.1509,0,0,0,50.1509,0
72.2607,2.35029,0,0,2.84219,0.158287,0.36288,3.6288,61.308,0.720928,0,0,1.0003,0.26157,0.0177973,0.66528,12.849,1,0.417745,0.36288,0,47.198,5.03423,42.1089,0.84672,12.849,0.84672,3695.15,0,36.966,0.434688,0.402797,2.14186,5.32596,1.05176,6.38417,0.42336,36.966,0.42336,423.524,0,0.945769,0,0,1.34857,0.402797,1.028160,1,0,48.5109,0,0,0,48.5109,0
72.135,2.35067,0,0,2.74607,0.158252,0.36288,3.6288,61.308,0.66528,0,0,1.02037,0.26157,0.0935163,0.66528,12.849,1,0.417982,0.36288,0,44.9999,5.03423,39.9106,0.84672,12.849,0.84672,3695.15,0,36.966,0.408307,0.467303,2.14226,5.09426,1.05176,6.24376,0.42336,36.966,0.42336,423.524,0,1.02816,0,0,1.49546,0.467303,1.028160,1,0,46.2478,0,0,0,46.2478,0
71.7594,2.35057,0,0,2.52048,0.182658,0.36288,3.6288,61.308,0.66528,0,0,0.956465,0.254986,0.036199,0.66528,12.849,1,0.418694,0.36288,0,42.3115,4.61115,37.6445,0.84672,12.849,0.84672,3695.15,0,36.966,0.408669,0.400533,2.14265,4.64573,1.06808,5.71217,0.42336,36.966,0.42336,423.524,0,1.02816,0,0,1.42869,0.400533,1.028160,1,0,43.3929,0,0,0,43.3929,0
71.1745,2.34924,0,0,2.25693,0.1297,0.36288,3.6288,61.308,0.66528,0,0,0.964146,0.276492,0.0223741,0.66528,12.849,1,0.420647,0.36288,0,40.7055,4.88888,35.7588,0.84672,12.849,0.84672,3695.15,0,36.966,0.409032,0.555327,2.14305,4.52612,1.17366,5.64181,0.42336,36.966,0.42336,423.524,0,1.02816,0,0,1.58349,0.555327,1.028160,1,0,41.423,0,0,0,41.423,0
70.173,2.32352,0,0,1.7748,0.0899008,0.36288,3.6288,61.2892,0.66528,0,0,0.939747,0.293256,0,0.66528,12.849,1,0.419461,0.36288,0,38.8644,5.66969,33.1381,0.84672,12.849,0.84672,3695.15,0,36.966,0.46015,0.672062,2.14345,4.03704,1.32131,5.07109,0.42336,36.966,0.42336,423.524,0,1.02816,0,0,1.70022,0.672062,1.028160,1,0,38.2092,0,0,0,38.2092,0
69.0091,2.31898,0,0,1.60719,0.0892118,0.36288,3.6288,61.2395,0.66528,0,0,0.90879,0.293222,0,0.66528,12.849,1,0.424616,0.36288,0,35.1335,5.66969,29.4021,0.84672,12.849,0.84672,3695.15,0,36.966,0.460522,0.597888,2.1779,3.96292,1.32131,4.95687,0.42336,36.966,0.42336,423.524,0,1.02816,0,0,1.62605,0.597888,1.028160,1,0,34.359,0,0,0,34.359,0
67.7953,2.31346,0,0,1.55094,0.0884111,0.36288,3.6288,61.1274,0.66528,0,0,0.846262,0.293129,0,0.66528,12.849,1,0.430749,0.36288,0,32.1418,5.66969,26.4043,0.84672,12.849,0.84672,3695.15,0,36.966,0.460895,0.406002,2.1783,3.83803,1.32131,4.64013,0.42336,36.966,0.42336,423.524,0,1.02816,0,0,1.43416,0.406002,1.028160,1,0,31.0444,0,0,0,31.0444,0
66.5348,2.30749,0,0,1.4924,0.0825615,0.36288,3.6288,60.9742,0.66528,0,0,0.809464,0.297359,0,0.66528,12.849,1,0.43733,0.36288,0,28.7955,5.70765,23.0134,0.84672,12.849,0.84672,3695.15,0,36.966,0.461268,0.329417,2.1787,3.8187,1.3438,4.52175,0.42336,36.966,0.42336,423.524,0,1.02816,0,0,1.35758,0.329417,1.028160,1,0,27.5351,0,0,0,27.5351,0
65.1798,2.36068,0,0,1.42788,0.0592789,0.36288,3.6288,60.7979,0.66528,0,0,0.821837,0.33279,0,0.66528,12.849,1,0.455887,0.36288,0,27.1097,6.16395,20.8528,0.84672,12.849,0.84672,3695.15,0,36.966,0.506911,0.373049,2.17911,3.14656,1.56819,3.62361,0.42336,36.966,0.42336,423.524,0,1.02816,0,0,1.40121,0.373049,1.028160,1,0,24.4764,0,0,0,24.4764,0
63.661,2.35328,0,0,1.25719,0.0598492,0.36288,3.6288,60.5937,0.66528,0,0,0.794932,0.333937,0,0.66528,12.849,1,0.463907,0.36288,0,25.8091,6.20204,19.5061,0.84672,12.849,0.84672,3695.15,0,36.966,0.507293,0.271477,2.22782,2.92563,1.5831,3.33454,0.42336,36.966,0.42336,423.524,0,1.02816,0,0,1.29964,0.271477,1.028160,1,0,22.8406,0,0,0,22.8406,0
62.0584,2.3446,0,0,1.15941,0.0545397,0.36288,3.6288,60.3602,0.678629,0,0,0.781272,0.336082,0,0.66528,12.849,1,0.473221,0.36288,0,24.3486,6.27681,17.9614,0.84672,12.849,0.84672,3695.15,0,36.966,0.507675,0.227405,2.22823,2.89901,1.59804,3.24893,0.42336,36.966,0.42336,423.524,0,1.01481,0,0,1.24222,0.227405,1.028160,1,0,21.2103,0,0,0,21.2103,0
60.2611,2.33499,0,0,0.946037,0.0453955,0.36288,3.6288,60.1253,0.678145,0,0,0.777911,0.33466,0,0.66528,12.849,1,0.483453,0.36288,0,23.0226,6.43904,16.463,0.84672,12.849,0.84672,3695.15,0,36.966,0.508057,0.227405,2.22864,2.78822,1.53911,3.1971,0.42336,36.966,0.42336,423.524,0,1.0153,0,0,1.2427,0.227405,1.028160,1,0,19.6601,0,0,0,19.6601,0
58.2337,2.49546,0,0,0.884053,0.0531975,0.36288,3.6288,59.7455,0.72773,0,0,0.674565,0.326626,0,0.66528,12.849,1,0.532086,0.36288,0,19.4996,6.3534,12.977,0.84672,12.849,0.84672,3695.15,0,36.966,0.671976,0.227405,2.22905,2.81412,1.51061,3.08798,0.42336,36.966,0.42336,423.524,0,0.96571,0,0,1.19311,0.227405,1.028160,1,0,16.065,0,0,0,16.065,0
56.3387,2.48083,0,0,1.00234,0.0536206,0.36288,3.6288,59.4741,0.66528,0,0,0.718361,0.324512,0,0.66528,12.849,1,0.547384,0.36288,0,18.1258,6.39198,11.5493,0.84672,12.849,0.84672,3695.15,0,36.966,0.672392,0.328622,2.39488,2.9849,1.55185,3.48416,0.42336,36.966,0.42336,423.524,0,1.02816,0,0,1.35678,0.328622,1.028160,1,0,15.0334,0,0,0,15.0334,0
54.261,2.46638,0,0,0.804211,0.0526321,0.36288,3.6288,58.9055,0.809473,0,0,0.564868,0.323949,0,0.66528,12.849,1,0.562501,0.36288,0,21.32,6.39198,14.7284,0.84672,12.849,0.84672,3695.15,0,36.966,0.672807,0.204422,2.39533,2.47952,1.55185,2.85462,0.42336,36.966,0.42336,423.524,0,0.883967,0,0,1.08839,0.204422,1.028160,1,0,17.583,0,0,0,17.583,0
52.3495,2.44951,0,0,0.95243,0.0515484,0.36288,3.6288,58.7798,0.66528,0,0,0.862258,0.322771,0,0.66528,12.849,1,0.580044,0.36288,0,18.2993,6.39198,11.6902,0.84672,12.849,0.84672,3695.15,0,36.966,0.673222,0.609103,2.39577,3.35307,1.55185,4.13288,0.42336,36.966,0.42336,423.524,0,1.02816,0,0,1.63726,0.609103,1.028160,1,0,15.8231,0,0,0,15.8231,0
50.3751,2.43304,0,0,0.881228,0.0597141,0.36288,3.6288,58.4393,0.66528,0,0,0.621251,0.296401,0,0.66528,12.849,1,0.597182,0.36288,0,18.7532,5.77812,12.7408,0.84672,12.849,0.84672,3695.15,0,36.966,0.673637,0.219707,2.39622,3.62902,1.32176,4.24954,0.42336,36.966,0.42336,423.524,0,1.02816,0,0,1.24787,0.219707,1.028160,1,0,16.9903,0,0,0,16.9903,0
48.6877,2.33389,0,0,1.13224,0.122874,0.36288,3.6288,58.0279,0.7924,0,0,0.608863,0.227894,0,0.66528,12.849,1,0.595298,0.36288,0,21.0597,4.50468,16.3226,0.84672,12.849,0.84672,3695.15,0,36.966,0.574691,0.204422,2.39667,4.91367,0.926747,6.01332,0.42336,36.966,0.42336,423.524,0,0.90104,0,0,1.10546,0.204422,1.028160,1,0,22.336,0,0,0,22.336,0
47.2223,2.31808,0,0,1.34041,0.124795,0.36288,3.6288,58.1766,0.66528,0,0,1.04027,0.22624,0,0.66528,12.849,1,0.611758,0.36288,0,24.9832,4.475,20.2593,0.84672,12.849,0.84672,3695.15,0,36.966,0.575087,0.654074,2.30129,7.03918,0.923106,8.49635,0.42336,36.966,0.42336,423.524,0,1.02816,0,0,1.68223,0.654074,1.028160,1,0,28.7556,0,0,0,28.7556,0
45.737,2.30367,0,0,1.30401,0.122814,0.36288,3.6288,58.1755,0.66528,0,0,0.89062,0.226457,0,0.66528,12.849,1,0.62682,0.36288,0,24.3692,4.475,19.6303,0.84672,12.849,0.84672,3695.15,0,36.966,0.575482,0.576642,2.30172,5.75105,0.923106,7.13082,0.42336,36.966,0.42336,423.524,0,1.02816,0,0,1.6048,0.576642,1.028160,1,0,26.7611,0,0,0,26.7611,0
44.2533,2.28829,0,0,1.28835,0.120806,0.36288,3.6288,58.3916,0.66528,0,0,1.10779,0.226456,0,0.66528,12.849,1,0.642854,0.36288,0,23.8148,4.475,19.0598,0.84672,12.849,0.84672,3695.15,0,36.966,0.575878,0.996745,2.30214,7.21687,0.923106,9.01678,0.42336,36.966,0.42336,423.524,0,1.02816,0,0,2.0249,0.996745,1.028160,1,0,28.0766,0,0,0,28.0766,0
43.0012,2.20734,0,0,1.49979,0.181717,0.36288,3.6288,58.3539,0.66528,0,0,0.813731,0.186106,0,0.66528,12.849,1,0.640904,0.36288,0,33.8456,4.15464,29.4129,0.84672,12.849,0.84672,3695.15,0,36.966,0.485757,0.417061,2.30257,5.83786,0.967879,7.10385,0.42336,36.966,0.42336,423.524,0,1.02816,0,0,1.44522,0.417061,1.028160,1,0,36.5167,0,0,0,36.5167,0
42.5404,2.19346,0,0,2.27905,0.183521,0.36288,3.6288,58.6875,0.66528,0,0,1.17148,0.172606,0,0.66528,12.849,1,0.655418,0.36288,0,42.6968,3.99924,38.405,0.84672,12.849,0.84672,3695.15,0,36.966,0.486135,0.947125,2.21741,8.16209,0.951064,9.88942,0.42336,36.966,0.42336,423.524,0,1.02816,0,0,1.97529,0.947125,1.028160,1,0,48.2945,0,0,0,48.2945,0
41.3201,2.18849,0,0,1.51362,0.182545,0.36288,3.6288,58.9806,0.66528,0,0,1.13128,0.172977,0,0.66528,12.849,1,0.661018,0.36288,0,26.2792,3.99924,21.9818,0.84672,12.849,0.84672,3695.15,0,36.966,0.486512,1.00762,2.21782,6.07914,0.951064,7.867,0.42336,36.966,0.42336,423.524,0,1.02816,0,0,2.03578,1.00762,1.028160,1,0,29.8488,0,0,0,29.8488,0
40.7799,2.17409,0,0,2.2164,0.21962,0.36288,3.6288,59.0188,0.66528,0,0,0.893862,0.190295,0,0.66528,12.849,1,0.67606,0.36288,0,51.271,4.28919,46.6686,0.84672,12.849,0.84672,3695.15,0,36.966,0.48689,0.534103,2.21823,11.1758,1.01876,12.4224,0.42336,36.966,0.42336,423.524,0,1.02816,0,0,1.56226,0.534103,1.028160,1,0,59.091,0,0,0,59.091,0
42.1142,1.98718,0,0,3.91473,0.230354,0.36288,3.6288,59.3689,0.592666,0,0,1.13587,0.193121,0,0.66528,12.849,1,0.626125,0.36288,0,87.4886,4.16419,83.0612,0.84672,12.849,0.84672,3695.15,0,36.966,0.371212,1.47841,2.21864,7.64214,1.02259,9.94538,0.42336,36.966,0.42336,423.524,0,1.02816,0,0,2.50657,1.47841,1.028160,1,0,93.0066,0,0,0,93.0066,0
41.9697,2.00283,0,0,2.45025,0.229075,0.36288,3.6288,59.8763,0.594224,0,0,1.28973,0.188182,0,0.66528,12.849,1,0.611062,0.36288,0,53.828,3.84289,49.7369,0.84672,12.849,0.84672,3695.15,0,36.966,0.369993,1.95884,2.02878,7.15176,0.991602,9.77779,0.42336,36.966,0.42336,423.524,0,1.02816,0,0,2.987,1.95884,1.028160,1,0,59.5147,0,0,0,59.5147,0
42.0754,2.00167,0,0,2.69897,0.228689,0.36288,3.6288,60.2838,0.596372,0,0,1.19272,0.188793,0,0.66528,12.849,1,0.612811,0.36288,0,81.1737,3.84289,77.0808,0.84672,12.849,0.84672,3695.15,0,36.966,0.368184,2.345,2.02915,7.65262,0.991602,10.667,0.42336,36.966,0.42336,423.524,0,1.02816,0,0,3.37316,2.345,1.028160,1,0,87.7478,0,0,0,87.7478,0
42.0692,2.0033,0,0,2.58891,0.228972,0.36288,3.6288,60.7998,0.598126,0,0,1.3034,0.189284,0,0.66528,12.849,1,0.611768,0.36288,0,60.6394,3.84289,56.5476,0.84672,12.849,0.84672,3695.15,0,36.966,0.366771,2.13441,2.02953,7.13483,0.991602,9.94039,0.42336,36.966,0.42336,423.524,0,1.02816,0,0,3.16257,2.13441,1.028160,1,0,66.488,0,0,0,66.488,0
42.0436,2.00368,0,0,2.57527,0.234276,0.36288,3.6288,61.2617,0.600273,0,0,1.22759,0.165405,0,0.66528,12.849,1,0.611975,0.36288,0,60.7787,3.48978,57.0398,0.84672,12.849,0.84672,3695.15,0,36.966,0.364963,1.61057,2.0299,6.51377,0.811289,8.97799,0.42336,36.966,0.42336,423.524,0,1.02816,0,0,2.63873,1.61057,1.028160,1,0,66.0178,0,0,0,66.0178,0
44.6829,2.07386,0,0,5.29794,0.221867,0.36288,3.6288,61.308,0.636303,0,0,1.27249,0.213647,0.376238,0.66528,12.849,1,0.633796,0.36288,0,155.401,4.49862,150.631,0.84672,12.849,0.84672,3695.15,0,36.966,0.383953,2.97213,2.03027,9.64544,1.07078,13.1931,0.42336,36.966,0.42336,423.524,0,1.02816,0,0,4.00029,2.97213,1.028160,1,0,164.201,0,0,0,164.201,0
51.8241,2.10339,0,0,9.83615,0.228701,0.36288,3.6288,61.308,0.636693,0,0,2.60588,0.213709,1.75547,0.66528,12.849,1,0.604849,0.36288,0,222.044,4.49862,217.303,0.84672,12.849,0.84672,3695.15,0,36.966,0.383898,4.8641,2.09002,16.5196,1.07078,22.019,0.42336,36.966,0.42336,423.524,0,1.02816,0,0,5.89226,4.8641,1.028160,1,0,241.078,0,0,0,241.078,0
55.645,2.17064,0,0,6.6015,0.247132,0.36288,3.6288,61.308,0.636902,0,0,2.15853,0.213709,1.30792,0.66528,12.849,1,0.538177,0.36288,0,183.637,4.49862,178.963,0.84672,12.849,0.84672,3695.15,0,36.966,0.384024,3.15876,2.09039,10.4895,1.07078,14.2838,0.42336,36.966,0.42336,423.524,0,1.02816,0,0,4.18692,3.15876,1.028160,1,0,194.555,0,0,0,194.555,0
59.4972,2.20113,0,0,6.67319,0.256928,0.36288,3.6288,61.308,0.637112,0,0,2.3484,0.213709,1.49757,0.66528,12.849,1,0.508264,0.36288,0,191.845,4.49862,187.201,0.84672,12.849,0.84672,3695.15,0,36.966,0.38415,3.73651,2.09076,10.6319,1.07078,15.0042,0.42336,36.966,0.42336,423.524,0,1.02816,0,0,4.76467,3.73651,1.028160,1,0,203.703,0,0,0,203.703,0
61.4938,2.47031,0,0,5.13882,0.309054,0.36288,3.6288,61.308,0.66528,0,0,1.83999,0.18759,0.987121,0.66528,12.849,1,0.533487,0.36288,0,169.308,4.20746,164.93,0.84672,12.849,0.84672,3695.15,0,36.966,0.561769,2.17568,2.09112,8.72165,0.911346,11.5153,0.42336,36.966,0.42336,423.524,0,1.02816,0,0,3.20384,2.17568,1.028160,1,0,177.432,0,0,0,177.432,0
62.8668,2.48516,0,0,4.55655,0.335505,0.36288,3.6288,61.308,0.66528,0,0,1.5775,0.222279,0.689941,0.66528,12.849,1,0.519269,0.36288,0,119.362,4.56498,114.64,0.84672,12.849,0.84672,3695.15,0,36.966,0.562144,1.36522,2.30529,10.6457,1.09509,12.659,0.42336,36.966,0.42336,423.524,0,1.02816,0,0,2.39338,1.36522,1.028160,1,0,127.989,0,0,0,127.989,0
65.019,2.4951,0,0,5.35411,0.343921,0.36288,3.6288,61.308,0.66528,0,0,1.68591,0.212907,0.807728,0.66528,12.849,1,0.50996,0.36288,0,133.675,4.25025,129.278,0.84672,12.849,0.84672,3695.15,0,36.966,0.562519,1.65448,2.30569,9.17827,0.989747,11.5862,0.42336,36.966,0.42336,423.524,0,1.02816,0,0,2.68264,1.65448,1.028160,1,0,141.672,0,0,0,141.672,0
66.3531,2.50973,0,0,4.56291,0.356222,0.36288,3.6288,61.308,0.66528,0,0,2.00274,0.20041,1.13705,0.66528,12.849,1,0.49597,0.36288,0,148.699,3.83061,144.735,0.84672,12.849,0.84672,3695.15,0,36.966,0.562895,2.30724,2.3061,10.823,0.849285,14.0241,0.42336,36.966,0.42336,423.524,0,1.02816,0,0,3.3354,2.30724,1.028160,1,0,159.896,0,0,0,159.896,0
67.9605,2.16725,0,0,4.45281,0.315305,0.36288,3.6288,61.308,0.594289,0,0,1.38722,0.202452,0.59048,0.66528,12.849,1,0.419679,0.36288,0,117.914,3.68931,114.167,0.84672,12.849,0.84672,3695.15,0,36.966,0.35833,1.12866,2.30651,6.83065,0.873924,9.03356,0.42336,36.966,0.42336,423.524,0,1.02816,0,0,2.15682,1.12866,1.028160,1,0,123.791,0,0,0,123.791,0
71.7155,2.17607,0,0,6.57928,0.285353,0.36288,3.6288,61.308,0.59449,0,0,1.24016,0.203983,0.441687,0.66528,12.849,1,0.411419,0.36288,0,106.546,3.58333,102.914,0.84672,12.849,0.84672,3695.15,0,36.966,0.358451,1.47258,2.01514,6.82869,0.892404,9.06555,0.42336,36.966,0.42336,423.524,0,1.02816,0,0,2.50074,1.47258,1.028160,1,0,112.421,0,0,0,112.421,0
72.29,2.1948,0,0,5.52776,0.293759,2.46465,3.6288,61.308,0.594691,0,0,1.3756,0.203983,0.576926,0.66528,12.849,1,0.393235,2.46465,0,120.487,3.58333,118.975,0.84672,12.849,0.84672,3695.15,0,36.966,0.358572,1.69707,2.01549,8.10749,0.892404,10.5691,0.42336,36.966,0.42336,423.524,0,1.02816,0,0,2.72523,1.69707,1.028160,1,0,130.121,0,0,0,130.121,0
72.29,2.19793,0,0,8.42374,0.295045,5.93077,3.6288,61.308,0.594892,0,0,1.63428,0.203983,0.835407,0.66528,12.849,1,0.390665,5.93077,0,111.544,3.58333,113.501,0.84672,12.849,0.84672,3695.15,0,36.966,0.358694,2.3709,2.01585,11.9192,0.892404,15.0549,0.42336,36.966,0.42336,423.524,0,1.02816,0,0,3.39906,2.3709,1.028160,1,0,129.391,0,0,0,129.391,0
72.29,2.1984,0,0,8.01749,0.288944,5.53014,3.6288,61.308,0.595093,0,0,2.44433,0.213976,1.63526,0.66528,12.849,1,0.390749,5.53014,0,170.647,3.55464,172.232,0.84672,12.849,0.84672,3695.15,0,36.966,0.358815,4.17842,2.0162,11.5201,0.894007,16.4619,0.42336,36.966,0.42336,423.524,0,1.02816,0,0,5.20658,4.17842,1.028160,1,0,190.329,0,0,0,190.329,0
72.29,2.2886,0,0,6.38654,0.269114,3.82883,3.6288,61.308,0.637446,0,0,2.12965,0.207812,1.28439,0.66528,12.849,1,0.40678,3.82883,0,131.045,3.94937,130.517,0.84672,12.849,0.84672,3695.15,0,36.966,0.384352,1.83336,2.01655,9.38805,0.855751,11.9979,0.42336,36.966,0.42336,423.524,0,1.02816,0,0,2.86152,1.83336,1.028160,1,0,143.8,0,0,0,143.8,0
72.29,2.28908,0,0,5.95805,0.269114,3.39985,3.6288,61.308,0.637656,0,0,1.63324,0.207812,0.787768,0.66528,12.849,1,0.406867,3.39985,0,122.72,3.94937,121.764,0.84672,12.849,0.84672,3695.15,0,36.966,0.384478,1.35436,2.08891,7.71232,0.855751,9.91537,0.42336,36.966,0.42336,423.524,0,1.02816,0,0,2.38252,1.35436,1.028160,1,0,132.467,0,0,0,132.467,0
72.29,2.28957,0,0,7.15705,0.269114,4.59836,3.6288,61.308,0.637865,0,0,1.50819,0.207812,0.662512,0.66528,12.849,1,0.406954,4.59836,0,107.878,3.94937,108.12,0.84672,12.849,0.84672,3695.15,0,36.966,0.384604,1.68182,2.08928,15.1648,0.855751,17.6955,0.42336,36.966,0.42336,423.524,0,1.02816,0,0,2.70998,1.68182,1.028160,1,0,126.478,0,0,0,126.478,0
72.29,2.29006,0,0,6.5781,0.252133,4.03591,3.6288,61.308,0.638074,0,0,1.64671,0.191019,0.817622,0.66528,12.849,1,0.407041,4.03591,0,154.419,3.02345,155.025,0.84672,12.849,0.84672,3695.15,0,36.966,0.38473,1.95076,2.08965,11.7641,0.69882,14.7209,0.42336,36.966,0.42336,423.524,0,1.02816,0,0,2.97892,1.95076,1.028160,1,0,170.563,0,0,0,170.563,0
72.29,2.25544,0,0,4.3646,0.206781,1.90238,3.6288,61.308,0.6219,0,0,1.12068,0.231974,0.266803,0.66528,12.849,1,0.400888,1.90238,0,85.3788,3.62259,83.2577,0.84672,12.849,0.84672,3695.15,0,36.966,0.374978,0.870635,2.09001,6.34498,0.927624,8.00303,0.42336,36.966,0.42336,423.524,0,1.02816,0,0,1.8988,0.870635,1.028160,1,0,91.5275,0,0,0,91.5275,0
72.29,2.25592,0,0,3.81902,0.205027,1.35807,3.6288,61.308,0.622106,0,0,1.12472,0.23351,0.269104,0.66528,12.849,1,0.400973,1.35807,0,77.4775,3.67384,74.7607,0.84672,12.849,0.84672,3695.15,0,36.966,0.375102,0.79183,2.06234,6.00761,0.949326,7.53735,0.42336,36.966,0.42336,423.524,0,1.02816,0,0,1.81999,0.79183,1.028160,1,0,82.5672,0,0,0,82.5672,0
72.29,2.25641,0,0,4.15262,0.205027,1.69118,3.6288,61.308,0.622312,0,0,0.969468,0.23351,0.113646,0.66528,12.849,1,0.401059,1.69118,0,79.9373,3.67384,77.5536,0.84672,12.849,0.84672,3695.15,0,36.966,0.375227,0.52755,2.0627,7.36165,0.949326,8.62735,0.42336,36.966,0.42336,423.524,0,1.02816,0,0,1.55571,0.52755,1.028160,1,0,86.2946,0,0,0,86.2946,0
72.29,2.25689,0,0,3.74692,0.162452,1.32758,3.6288,61.308,0.622519,0,0,0.949009,0.254281,0.0722095,0.66528,12.849,1,0.401145,1.32758,0,72.4936,5.31132,68.1087,0.84672,12.849,0.84672,3695.15,0,36.966,0.375351,0.594518,2.06306,6.19588,1.01388,7.46423,0.42336,36.966,0.42336,423.524,0,1.02816,0,0,1.62268,0.594518,1.028160,1,0,75.6451,0,0,0,75.6451,0
72.29,2.37663,0,0,3.3264,0.124805,0.824962,3.6288,61.3003,0.66528,0,0,0.91806,0.260499,0,0.66528,12.849,1,0.422429,0.824962,0,53.9467,5.037,49.3122,0.84672,12.849,0.84672,3695.15,0,36.966,0.426127,0.799995,2.06343,5.77922,1.08028,7.13623,0.42336,36.966,0.42336,423.524,0,1.02816,0,0,1.82815,0.799995,1.028160,1,0,56.4485,0,0,0,56.4485,0
72.29,2.37714,0,0,3.46208,0.154526,0.930418,3.6288,61.2401,0.66528,0,0,0.849321,0.244216,0,0.66528,12.849,1,0.422518,0.930418,0,59.2393,4.25355,55.4936,0.84672,12.849,0.84672,3695.15,0,36.966,0.426475,0.797913,2.16212,5.30151,0.991331,6.84374,0.42336,36.966,0.42336,423.524,0,1.02816,0,0,1.82607,0.797913,1.028160,1,0,62.3374,0,0,0,62.3374,0
72.29,2.37764,0,0,3.13084,0.154526,0.598672,3.6288,61.1476,0.66528,0,0,0.816929,0.244123,0,0.66528,12.849,1,0.422608,0.598672,0,56.9792,4.25355,52.9018,0.84672,12.849,0.84672,3695.15,0,36.966,0.426824,0.320363,2.1625,5.06178,0.991331,6.12649,0.42336,36.966,0.42336,423.524,0,1.02816,0,0,1.34852,0.320363,1.028160,1,0,59.0282,0,0,0,59.0282,0
72.1788,2.37815,0,0,2.7844,0.154526,0.36288,3.6288,60.8541,0.777794,0,0,0.72821,0.24398,0,0.66528,12.849,1,0.422698,0.36288,0,49.8029,4.25355,45.4895,0.84672,12.849,0.84672,3695.15,0,36.966,0.470205,0.30119,2.16288,4.77499,0.991331,5.77753,0.42336,36.966,0.42336,423.524,0,0.872614,0,0,1.1738,0.30119,1.028160,1,0,51.267,0,0,0,51.267,0
71.8449,2.3781,0,0,2.5499,0.142869,0.36288,3.6288,60.6053,0.711525,0,0,0.715707,0.252977,0,0.66528,12.849,1,0.423341,0.36288,0,44.3177,4.47676,39.7804,0.84672,12.849,0.84672,3695.15,0,36.966,0.432218,0.30119,2.16326,4.48134,1.04008,5.4735,0.42336,36.966,0.42336,423.524,0,0.977219,0,0,1.27841,0.30119,1.028160,1,0,45.2539,0,0,0,45.2539,0
71.5574,2.35335,0,0,2.55658,0.127792,0.36288,3.6288,60.2091,0.780434,0,0,0.655845,0.271617,0,0.66528,12.849,1,0.420882,0.36288,0,44.7239,5.20979,39.4561,0.84672,12.849,0.84672,3695.15,0,36.966,0.479148,0.30119,2.16365,3.2876,1.18255,4.09073,0.42336,36.966,0.42336,423.524,0,0.913006,0,0,1.2142,0.30119,1.028160,1,0,43.5469,0,0,0,43.5469,0
71.157,2.35242,0,0,2.43763,0.122754,0.36288,3.6288,59.8094,0.754972,0,0,0.633986,0.278652,0,0.66528,12.849,1,0.422405,0.36288,0,43.0608,5.31837,37.6829,0.84672,12.849,0.84672,3695.15,0,36.966,0.479506,0.261274,2.19843,3.14282,1.2193,3.90371,0.42336,36.966,0.42336,423.524,0,0.938468,0,0,1.19974,0.261274,1.028160,1,0,41.5866,0,0,0,41.5866,0
70.6452,2.35091,0,0,2.30369,0.101729,0.36288,3.6288,59.3771,0.731549,0,0,0.608313,0.309131,0,0.66528,12.849,1,0.424509,0.36288,0,40.5664,5.98452,34.5203,0.84672,12.849,0.84672,3695.15,0,36.966,0.479865,0.261274,2.19882,3.09156,1.40349,3.6683,0.42336,36.966,0.42336,423.524,0,0.961891,0,0,1.22316,0.261274,1.028160,1,0,38.1886,0,0,0,38.1886,0
69.9329,2.3488,0,0,2.1066,0.10717,0.36288,3.6288,58.8976,0.774393,0,0,0.592001,0.297057,0,0.66528,12.849,1,0.427202,0.36288,0,40.4693,5.9955,34.4095,0.84672,12.849,0.84672,3695.15,0,36.966,0.482109,0.261274,2.19921,2.92087,1.37625,3.523,0.42336,36.966,0.42336,423.524,0,0.917162,0,0,1.17844,0.261274,1.028160,1,0,37.9325,0,0,0,37.9325,0
68.9662,2.40633,0,0,1.90416,0.101676,0.36288,3.6288,58.2303,0.917806,0,0,0.559075,0.308559,0,0.66528,12.849,1,0.442123,0.36288,0,30.9624,5.87168,25.0115,0.84672,12.849,0.84672,3695.15,0,36.966,0.576044,0.261274,2.1996,2.48537,1.46325,2.90694,0.42336,36.966,0.42336,423.524,0,0.725907,0,0,0.98718,0.261274,1.028160,1,0,27.9184,0,0,0,27.9184,0
68.0226,2.40162,0,0,1.91988,0.0989689,0.36288,3.6288,57.6592,0.837118,0,0,0.578131,0.312182,0,0.66528,12.849,1,0.447442,0.36288,0,39.8915,5.82215,33.9848,0.84672,12.849,0.84672,3695.15,0,36.966,0.531422,0.261274,2.24878,2.70607,1.49805,3.18665,0.42336,36.966,0.42336,423.524,0,0.851584,0,0,1.11286,0.261274,1.028160,1,0,37.1714,0,0,0,37.1714,0
66.9552,2.3969,0,0,1.79055,0.098242,0.36288,3.6288,57.038,0.822231,0,0,0.512069,0.311032,0,0.66528,12.849,1,0.452758,0.36288,0,31.5579,5.82215,25.6458,0.84672,12.849,0.84672,3695.15,0,36.966,0.527142,0.227405,2.24918,2.47001,1.49805,2.9214,0.42336,36.966,0.42336,423.524,0,0.871119,0,0,1.09852,0.227405,1.028160,1,0,28.5672,0,0,0,28.5672,0
65.7322,2.39135,0,0,1.62869,0.0974196,0.36288,3.6288,56.2859,0.923289,0,0,0.480991,0.309782,0,0.66528,12.849,1,0.458912,0.36288,0,29.0185,5.82215,23.1003,0.84672,12.849,0.84672,3695.15,0,36.966,0.598379,0.227405,2.24958,2.26059,1.49805,2.64114,0.42336,36.966,0.42336,423.524,0,0.699192,0,0,0.926597,0.227405,1.028160,1,0,25.7414,0,0,0,25.7414,0
64.4426,2.56088,0,0,1.7328,0.0986762,0.36288,3.6288,55.8138,0.729095,0,0,0.558974,0.30199,0,0.66528,12.849,1,0.500587,0.36288,0,29.8689,5.82349,23.9077,0.84672,12.849,0.84672,3695.15,0,36.966,0.692991,0.227405,2.24998,2.95801,1.49912,3.24328,0.42336,36.966,0.42336,423.524,0,0.964345,0,0,1.19175,0.227405,1.028160,1,0,27.151,0,0,0,27.151,0
62.7852,2.55306,0,0,1.39399,0.135367,0.36288,3.6288,54.9439,1.04151,0,0,0.439527,0.267912,0,0.66528,12.849,1,0.509047,0.36288,0,27.7216,5.30344,22.272,0.84672,12.849,0.84672,3695.15,0,36.966,0.693391,0.227405,2.41748,2.02312,1.3972,2.57741,0.42336,36.966,0.42336,423.524,0,0.651931,0,0,0.879336,0.227405,1.028160,1,0,24.8494,0,0,0,24.8494,0
61.3355,2.54244,0,0,1.58911,0.133557,0.36288,3.6288,54.1835,0.945078,0,0,0.451068,0.266386,0,0.66528,12.849,1,0.520311,0.36288,0,28.0832,5.30344,22.6223,0.84672,12.849,0.84672,3695.15,0,36.966,0.693791,0.204422,2.4179,2.85653,1.3972,3.38787,0.42336,36.966,0.42336,423.524,0,0.748362,0,0,0.952785,0.204422,1.028160,1,0,26.0102,0,0,0,26.0102,0
59.8808,2.53281,0,0,1.57302,0.131973,0.36288,3.6288,53.404,0.973452,0,0,0.458982,0.265052,0,0.66528,12.849,1,0.530591,0.36288,0,25.9817,5.30344,20.5105,0.84672,12.849,0.84672,3695.15,0,36.966,0.69419,0.204422,2.41833,2.26814,1.3972,2.79951,0.42336,36.966,0.42336,423.524,0,0.719988,0,0,0.924411,0.204422,1.028160,1,0,23.31,0,0,0,23.31,0
58.05,2.52273,0,0,1.19648,0.141678,0.36288,3.6288,52.5063,1.02917,0,0,0.395276,0.263729,0,0.66528,12.849,1,0.541317,0.36288,0,25.1889,5.35894,19.6515,0.84672,12.849,0.84672,3695.15,0,36.966,0.712388,0.204422,2.41876,1.92415,1.38633,2.44861,0.42336,36.966,0.42336,423.524,0,0.646471,0,0,0.850893,0.204422,1.028160,1,0,22.1001,0,0,0,22.1001,0
58.0729,2.42516,0,0,2.90303,0.0920858,0.36288,3.6288,52.5548,0.66528,0,0,0.941216,0.227422,0,0.66528,12.849,1,0.536794,0.36288,0,49.9588,4.82108,44.9638,0.84672,12.849,0.84672,3695.15,0,36.966,0.594622,0.66026,2.41919,4.75872,1.31596,5.92759,0.42336,36.966,0.42336,423.524,0,1.02816,0,0,1.68842,0.66026,1.028160,1,0,50.8914,0,0,0,50.8914,0
58.2333,2.42585,0,0,3.04116,0.0921063,0.36288,3.6288,52.4608,0.66528,0,0,0.798751,0.227511,0,0.66528,12.849,1,0.536734,0.36288,0,45.8811,4.82108,40.8861,0.84672,12.849,0.84672,3695.15,0,36.966,0.595003,0.555232,2.32283,4.4331,1.31596,5.40019,0.42336,36.966,0.42336,423.524,0,1.02816,0,0,1.58339,0.555232,1.028160,1,0,46.2863,0,0,0,46.2863,0
57.8978,2.42757,0,0,2.61681,0.161771,0.36288,3.6288,52.4342,0.66528,0,0,0.820143,0.181498,0,0.66528,12.849,1,0.535637,0.36288,0,57.7611,4.51787,53.0705,0.84672,12.849,0.84672,3695.15,0,36.966,0.595383,0.587149,2.32324,5.11905,1.16379,6.27027,0.42336,36.966,0.42336,423.524,0,1.02816,0,0,1.61531,0.587149,1.028160,1,0,59.3407,0,0,0,59.3407,0
58.0619,2.42554,0,0,3.18613,0.233631,0.36288,3.6288,52.457,0.66528,0,0,0.824697,0.13656,0,0.66528,12.849,1,0.53829,0.36288,0,63.5124,4.93595,58.401,0.84672,12.849,0.84672,3695.15,0,36.966,0.595764,0.679355,2.32365,6.82987,1.08852,8.14859,0.42336,36.966,0.42336,423.524,0,1.02816,0,0,1.70751,0.679355,1.028160,1,0,66.5496,0,0,0,66.5496,0
57.0324,2.3582,0,0,1.91705,0.225442,0.36288,3.6288,52.0319,0.81972,0,0,0.554361,0.159802,0,0.66528,12.849,1,0.521866,0.36288,0,56.7417,4.58813,51.9946,0.84672,12.849,0.84672,3695.15,0,36.966,0.577649,0.216518,2.32406,3.72077,1.08195,4.60175,0.42336,36.966,0.42336,423.524,0,0.800786,0,0,1.0173,0.216518,1.028160,1,0,56.5964,0,0,0,56.5964,0
55.6911,2.35101,0,0,1.58938,0.216822,0.36288,3.6288,51.6365,0.762763,0,0,0.543976,0.176609,0,0.66528,12.849,1,0.529666,0.36288,0,53.2389,4.32726,48.7449,0.84672,12.849,0.84672,3695.15,0,36.966,0.541905,0.216518,2.23802,3.92183,1.07703,4.75744,0.42336,36.966,0.42336,423.524,0,0.89385,0,0,1.11037,0.216518,1.028160,1,0,53.5023,0,0,0,53.5023,0
56.1558,2.34114,0,0,3.38266,0.21396,0.36288,3.6288,51.9227,0.66528,0,0,1.12752,0.176046,0,0.66528,12.849,1,0.540146,0.36288,0,116.345,4.32726,111.841,0.84672,12.849,0.84672,3695.15,0,36.966,0.505442,1.62564,2.23841,6.36623,1.07703,8.64782,0.42336,36.966,0.42336,423.524,0,1.02816,0,0,2.6538,1.62564,1.028160,1,0,120.489,0,0,0,120.489,0
56.0362,2.34528,0,0,2.8279,0.239314,0.36288,3.6288,51.9863,0.66528,0,0,0.914086,0.185135,0,0.66528,12.849,1,0.536623,0.36288,0,61.5749,4.08162,57.3195,0.84672,12.849,0.84672,3695.15,0,36.966,0.505805,0.838547,2.23881,4.50567,0.992177,6.08505,0.42336,36.966,0.42336,423.524,0,1.02816,0,0,1.86671,0.838547,1.028160,1,0,63.4045,0,0,0,63.4045,0
55.4933,2.14972,0,0,2.23049,0.2608,0.36288,3.6288,51.9287,0.573255,0,0,0.708674,0.193086,0,0.66528,12.849,1,0.492927,0.36288,0,48.0463,4.04547,43.8707,0.84672,12.849,0.84672,3695.15,0,36.966,0.407625,0.884157,2.23921,5.08632,0.966284,6.83578,0.42336,36.966,0.42336,423.524,0,1.02816,0,0,1.91232,0.884157,1.028160,1,0,50.7065,0,0,0,50.7065,0
56.1796,2.14627,0,0,3.46361,0.268147,0.36288,3.6288,51.9025,0.573182,0,0,0.743368,0.196349,0,0.66528,12.849,1,0.496949,0.36288,0,58.5407,4.41567,53.9909,0.84672,12.849,0.84672,3695.15,0,36.966,0.408026,0.671319,2.04742,7.40068,1.06064,8.65075,0.42336,36.966,0.42336,423.524,0,1.02816,0,0,1.69948,0.671319,1.028160,1,0,62.6417,0,0,0,62.6417,0
58.3021,2.15167,0,0,4.90703,0.269986,0.36288,3.6288,52.5473,0.573253,0,0,1.41437,0.196307,0,0.66528,12.849,1,0.492114,0.36288,0,120.348,4.41567,115.803,0.84672,12.849,0.84672,3695.15,0,36.966,0.408282,1.044,2.04778,8.74515,1.06064,10.368,0.42336,36.966,0.42336,423.524,0,1.02816,0,0,2.07216,1.044,1.028160,1,0,126.171,0,0,0,126.171,0
60.0807,2.16681,0,0,4.57627,0.268045,0.36288,3.6288,53.4104,0.576386,0,0,1.63957,0.200102,0,0.66528,12.849,1,0.477535,0.36288,0,130.181,3.99063,126.076,0.84672,12.849,0.84672,3695.15,0,36.966,0.405476,2.16292,2.04813,9.87708,1.00812,12.6745,0.42336,36.966,0.42336,423.524,0,1.02816,0,0,3.19108,2.16292,1.028160,1,0,138.751,0,0,0,138.751,0
61.9756,2.17892,0,0,4.70365,0.266858,0.36288,3.6288,53.6187,0.580452,0,0,0.992382,0.203584,0,0.66528,12.849,1,0.465989,0.36288,0,95.0988,3.67185,91.3238,0.84672,12.849,0.84672,3695.15,0,36.966,0.401738,1.49894,2.04849,8.84987,0.968725,11.0268,0.42336,36.966,0.42336,423.524,0,1.02816,0,0,2.5271,1.49894,1.028160,1,0,102.351,0,0,0,102.351,0
61.0455,2.26767,0,0,1.97676,0.276319,0.36288,3.6288,53.5467,0.614259,0,0,0.773289,0.231086,0,0.66528,12.849,1,0.47014,0.36288,0,56.3832,5.02914,51.2468,0.84672,12.849,0.84672,3695.15,0,36.966,0.423484,0.471943,2.04885,5.02406,1.39789,5.72348,0.42336,36.966,0.42336,423.524,0,1.02816,0,0,1.5001,0.471943,1.028160,1,0,56.9702,0,0,0,56.9702,0
61.3878,2.26221,0,0,3.24245,0.275056,0.36288,3.6288,53.6876,0.614112,0,0,0.990498,0.235478,0,0.66528,12.849,1,0.476155,0.36288,0,43.2675,5.25536,37.8988,0.84672,12.849,0.84672,3695.15,0,36.966,0.423953,0.8302,2.10918,5.54868,1.46942,6.59469,0.42336,36.966,0.42336,423.524,0,1.02816,0,0,1.85836,0.8302,1.028160,1,0,44.4935,0,0,0,44.4935,0
60.2356,2.26486,0,0,1.7513,0.275838,0.36288,3.6288,53.7485,0.614962,0,0,0.911581,0.235742,0,0.66528,12.849,1,0.474055,0.36288,0,40.6324,5.25536,35.2658,0.84672,12.849,0.84672,3695.15,0,36.966,0.423425,0.710363,2.10953,4.4623,1.46942,5.38936,0.42336,36.966,0.42336,423.524,0,1.02816,0,0,1.73852,0.710363,1.028160,1,0,40.6552,0,0,0,40.6552,0
58.8089,2.25785,0,0,1.52594,0.331923,0.36288,3.6288,53.927,0.615437,0,0,1.0023,0.208294,0,0.66528,12.849,1,0.481627,0.36288,0,31.6381,3.6603,27.8591,0.84672,12.849,0.84672,3695.15,0,36.966,0.423272,0.922648,2.10989,4.663,0.977963,6.2943,0.42336,36.966,0.42336,423.524,0,1.02816,0,0,1.95081,0.922648,1.028160,1,0,34.1534,0,0,0,34.1534,0
57.5984,2.49225,0,0,1.9506,0.305958,0.36288,3.6288,53.8933,0.66528,0,0,0.84672,0.215202,0,0.66528,12.849,1,0.544526,0.36288,0,39.3588,3.96882,35.2084,0.84672,12.849,0.84672,3695.15,0,36.966,0.581253,0.652406,2.11024,4.20997,1.05709,5.33428,0.42336,36.966,0.42336,423.524,0,1.02816,0,0,1.68057,0.652406,1.028160,1,0,40.5426,0,0,0,40.5426,0
56.7625,2.4834,0,0,2.28373,0.273279,0.36288,3.6288,53.932,0.66528,0,0,0.922709,0.218704,0,0.66528,12.849,1,0.553994,0.36288,0,45.4359,4.42542,40.8194,0.84672,12.849,0.84672,3695.15,0,36.966,0.581613,0.546739,2.32652,4.2405,1.17267,5.35948,0.42336,36.966,0.42336,423.524,0,1.02816,0,0,1.5749,0.546739,1.028160,1,0,46.1789,0,0,0,46.1789,0
55.8865,2.47724,0,0,2.23303,0.268971,0.36288,3.6288,53.89,0.66528,0,0,0.828801,0.205506,0,0.66528,12.849,1,0.560758,0.36288,0,44.9103,4.53852,40.1739,0.84672,12.849,0.84672,3695.15,0,36.966,0.581973,0.692988,2.32691,4.2933,1.19788,5.53335,0.42336,36.966,0.42336,423.524,0,1.02816,0,0,1.72115,0.692988,1.028160,1,0,45.7072,0,0,0,45.7072,0
55.7435,2.47059,0,0,2.95713,0.266645,0.36288,3.6288,53.993,0.66528,0,0,0.973728,0.205449,0,0.66528,12.849,1,0.568019,0.36288,0,62.4552,4.53852,57.7115,0.84672,12.849,0.84672,3695.15,0,36.966,0.582333,1.02966,2.32731,5.62747,1.19788,7.20423,0.42336,36.966,0.42336,423.524,0,1.02816,0,0,2.05782,1.02966,1.028160,1,0,64.9158,0,0,0,64.9158,0
57.3138,2.12567,0,0,4.34074,0.281887,0.36288,3.6288,54.4554,0.575374,0,0,1.22863,0.190838,0,0.66528,12.849,1,0.489973,0.36288,0,107.954,4.14348,103.684,0.84672,12.849,0.84672,3695.15,0,36.966,0.393926,1.61278,2.3277,7.1443,1.08884,9.602,0.42336,36.966,0.42336,423.524,0,1.02816,0,0,2.64094,1.61278,1.028160,1,0,113.286,0,0,0,113.286,0
60.292,2.13708,0,0,5.76985,0.291716,0.36288,3.6288,55.0655,0.577551,0,0,1.3621,0.174448,0,0.66528,12.849,1,0.479104,0.36288,0,163.858,3.54478,160.197,0.84672,12.849,0.84672,3695.15,0,36.966,0.392059,2.0993,2.03341,9.36179,0.886423,12.216,0.42336,36.966,0.42336,423.524,0,1.02816,0,0,3.12746,2.0993,1.028160,1,0,172.413,0,0,0,172.413,0
62.1152,2.15702,0,0,4.62999,0.286894,0.36288,3.6288,55.5915,0.580335,0,0,1.29083,0.184584,0,0.66528,12.849,1,0.459689,0.36288,0,126.237,3.62313,122.517,0.84672,12.849,0.84672,3695.15,0,36.966,0.389584,1.67675,2.03375,7.65193,0.88159,10.0913,0.42336,36.966,0.42336,423.524,0,1.02816,0,0,2.70491,1.67675,1.028160,1,0,132.609,0,0,0,132.609,0
63.4441,2.16864,0,0,4.15174,0.291266,0.36288,3.6288,55.9681,0.582734,0,0,1.14456,0.185223,0,0.66528,12.849,1,0.448601,0.36288,0,110.878,3.62313,107.169,0.84672,12.849,0.84672,3695.15,0,36.966,0.387494,1.79595,2.03409,7.0238,0.88159,9.58476,0.42336,36.966,0.42336,423.524,0,1.02816,0,0,2.82411,1.79595,1.028160,1,0,116.754,0,0,0,116.754,0
66.3711,2.1769,0,0,5.76123,0.294449,0.36288,3.6288,56.5248,0.584491,0,0,1.32692,0.18568,0,0.66528,12.849,1,0.440876,0.36288,0,140.696,3.62313,136.995,0.84672,12.849,0.84672,3695.15,0,36.966,0.386047,2.12566,2.03443,9.57286,0.88159,12.4653,0.42336,36.966,0.42336,423.524,0,1.02816,0,0,3.15382,2.12566,1.028160,1,0,149.461,0,0,0,149.461,0
68.3367,2.28304,0,0,4.91079,0.299319,0.36288,3.6288,57.0801,0.628233,0,0,1.35675,0.173216,0,0.66528,12.849,1,0.441982,0.36288,0,178.965,3.46091,175.425,0.84672,12.849,0.84672,3695.15,0,36.966,0.410851,2.91572,2.03477,10.5819,0.731475,14.3901,0.42336,36.966,0.42336,423.524,0,1.02816,0,0,3.94388,2.91572,1.028160,1,0,189.815,0,0,0,189.815,0
70.9268,2.29421,0,0,5.55118,0.303992,0.36288,3.6288,57.6155,0.630854,0,0,1.34011,0.173843,0,0.66528,12.849,1,0.431369,0.36288,0,184.947,3.46091,181.418,0.84672,12.849,0.84672,3695.15,0,36.966,0.408551,2.41221,2.10782,10.191,0.731475,13.571,0.42336,36.966,0.42336,423.524,0,1.02816,0,0,3.44037,2.41221,1.028160,1,0,194.989,0,0,0,194.989,0
72.29,2.30801,0,0,4.49242,0.302685,0.518502,3.6288,57.9832,0.633363,0,0,1.17466,0.173634,0,0.66528,12.849,1,0.418117,0.518502,0,135.95,3.51033,132.54,0.84672,12.849,0.84672,3695.15,0,36.966,0.406365,2.58417,2.10817,7.42547,0.734689,10.9768,0.42336,36.966,0.42336,423.524,0,1.02816,0,0,3.61233,2.58417,1.028160,1,0,143.516,0,0,0,143.516,0
72.29,2.31518,0,0,3.5736,0.260581,0.997839,3.6288,58.001,0.635133,0,0,0.822122,0.169158,0,0.66528,12.849,1,0.411505,0.997839,0,125.691,3.80688,122.471,0.84672,12.849,0.84672,3695.15,0,36.966,0.404916,1.31006,2.10853,5.26931,0.753972,7.52901,0.42336,36.966,0.42336,423.524,0,1.02816,0,0,2.33822,1.31006,1.028160,1,0,130,0,0,0,130,0
72.29,2.28019,0,0,3.37767,0.237797,0.859679,3.6288,58.023,0.619208,0,0,0.844741,0.203544,0,0.66528,12.849,1,0.405287,0.859679,0,91.6272,3.98013,88.1015,0.84672,12.849,0.84672,3695.15,0,36.966,0.394642,1.22893,2.10888,4.64454,0.846137,6.74156,0.42336,36.966,0.42336,423.524,0,1.02816,0,0,2.25709,1.22893,1.028160,1,0,94.843,0,0,0,94.843,0
72.1384,2.28066,0,0,2.72067,0.228683,0.36288,3.6288,57.8906,0.619493,0,0,0.704424,0.217322,0,0.66528,12.849,1,0.405369,0.36288,0,69.7836,4.04943,65.6916,0.84672,12.849,0.84672,3695.15,0,36.966,0.394674,1.10405,2.08092,3.83474,0.883003,5.74203,0.42336,36.966,0.42336,423.524,0,1.02816,0,0,2.13221,1.10405,1.028160,1,0,71.4337,0,0,0,71.4337,0
71.652,2.2804,0,0,2.3853,0.22842,0.36288,3.6288,57.7186,0.619136,0,0,0.664246,0.217136,0,0.66528,12.849,1,0.406175,0.36288,0,63.7183,4.04943,59.6255,0.84672,12.849,0.84672,3695.15,0,36.966,0.395349,0.845994,2.08126,3.57153,0.883003,5.22043,0.42336,36.966,0.42336,423.524,0,1.02816,0,0,1.87415,0.845994,1.028160,1,0,64.846,0,0,0,64.846,0
71.3702,2.27852,0,0,2.58716,0.227576,0.36288,3.6288,57.5204,0.618611,0,0,0.637369,0.216895,0,0.66528,12.849,1,0.408596,0.36288,0,68.6897,4.04943,64.5946,0.84672,12.849,0.84672,3695.15,0,36.966,0.396191,0.494269,2.08161,3.90884,0.883003,5.20553,0.42336,36.966,0.42336,423.524,0,1.02816,0,0,1.52243,0.494269,1.028160,1,0,69.8001,0,0,0,69.8001,0
70.8809,2.39782,0,0,2.44775,0.176346,0.36288,3.6288,57.3,0.66528,0,0,0.683365,0.238557,0,0.66528,12.849,1,0.431686,0.36288,0,60.7537,4.52499,56.1599,0.84672,12.849,0.84672,3695.15,0,36.966,0.443961,0.620793,2.08196,3.49546,0.981856,4.77239,0.42336,36.966,0.42336,423.524,0,1.02816,0,0,1.64895,0.620793,1.028160,1,0,60.9323,0,0,0,60.9323,0
69.9135,2.39578,0,0,1.96058,0.16939,0.36288,3.6288,56.8442,0.70459,0,0,0.466233,0.217452,0,0.66528,12.849,1,0.434296,0.36288,0,46.5458,4.47964,41.9948,0.84672,12.849,0.84672,3695.15,0,36.966,0.454553,0.402797,2.1816,2.63902,1.05224,3.71663,0.42336,36.966,0.42336,423.524,0,0.978592,0,0,1.38139,0.402797,1.028160,1,0,45.7114,0,0,0,45.7114,0
68.7884,2.39118,0,0,1.75928,0.130305,0.36288,3.6288,56.4132,0.66528,0,0,0.453035,0.218697,0,0.66528,12.849,1,0.439462,0.36288,0,40.716,4.54451,36.0949,0.84672,12.849,0.84672,3695.15,0,36.966,0.444631,0.359355,2.18197,2.46659,1.01127,3.55201,0.42336,36.966,0.42336,423.524,0,1.02816,0,0,1.38751,0.359355,1.028160,1,0,39.6469,0,0,0,39.6469,0
67.6479,2.38561,0,0,1.73722,0.129173,0.36288,3.6288,56.0219,0.66528,0,0,0.492074,0.218084,0,0.66528,12.849,1,0.445608,0.36288,0,39.3744,4.54451,34.7471,0.84672,12.849,0.84672,3695.15,0,36.966,0.444966,0.330221,2.18234,2.70431,1.01127,3.76063,0.42336,36.966,0.42336,423.524,0,1.02816,0,0,1.35838,0.330221,1.028160,1,0,38.5078,0,0,0,38.5078,0
66.402,2.37977,0,0,1.62473,0.128024,0.36288,3.6288,55.5731,0.685341,0,0,0.45405,0.217527,0,0.66528,12.849,1,0.452013,0.36288,0,36.8319,4.54451,32.1982,0.84672,12.849,0.84672,3695.15,0,36.966,0.452222,0.30119,2.1827,2.37451,1.01127,3.3949,0.42336,36.966,0.42336,423.524,0,1.00118,0,0,1.30237,0.30119,1.028160,1,0,35.5932,0,0,0,35.5932,0
65.3276,2.34962,0,0,1.72463,0.0865503,0.36288,3.6288,54.858,0.840647,0,0,0.409213,0.283683,0,0.66528,12.849,1,0.45466,0.36288,0,33.1099,5.28129,27.7369,0.84672,12.849,0.84672,3695.15,0,36.966,0.55918,0.30119,2.18307,2.58749,1.26425,3.24831,0.42336,36.966,0.42336,423.524,0,0.791027,0,0,1.09222,0.30119,1.028160,1,0,30.9852,0,0,0,30.9852,0
64.1666,2.34385,0,0,1.63161,0.0858118,0.36288,3.6288,54.1017,0.862306,0,0,0.388344,0.282352,0,0.66528,12.849,1,0.461001,0.36288,0,33.2168,5.28129,27.8374,0.84672,12.849,0.84672,3695.15,0,36.966,0.581064,0.261274,2.21818,2.7541,1.26425,3.38823,0.42336,36.966,0.42336,423.524,0,0.747827,0,0,1.0091,0.261274,1.028160,1,0,31.2256,0,0,0,31.2256,0
62.8674,2.33737,0,0,1.48599,0.0850137,0.36288,3.6288,53.3546,0.848575,0,0,0.382437,0.280945,0,0.66528,12.849,1,0.468045,0.36288,0,32.4446,5.28129,27.0581,0.84672,12.849,0.84672,3695.15,0,36.966,0.579805,0.261274,2.21855,2.6566,1.26425,3.29236,0.42336,36.966,0.42336,423.524,0,0.763163,0,0,1.02444,0.261274,1.028160,1,0,30.3505,0,0,0,30.3505,0
61.4298,2.32981,0,0,1.33926,0.0841206,0.36288,3.6288,52.5103,0.921035,0,0,0.356134,0.27938,0,0.66528,12.849,1,0.476173,0.36288,0,30.0712,5.28129,24.6766,0.84672,12.849,0.84672,3695.15,0,36.966,0.638127,0.261274,2.21892,2.52942,1.26425,3.10723,0.42336,36.966,0.42336,423.524,0,0.632724,0,0,0.893998,0.261274,1.028160,1,0,27.7838,0,0,0,27.7838,0
59.8625,2.38107,0,0,1.24487,0.0682264,0.36288,3.6288,51.5574,0.998878,0,0,0.351403,0.305413,0,0.66528,12.849,1,0.498037,0.36288,0,25.4982,5.739,19.624,0.84672,12.849,0.84672,3695.15,0,36.966,0.703186,0.261274,2.21929,2.27803,1.42604,2.62937,0.42336,36.966,0.42336,423.524,0,0.536345,0,0,0.797619,0.261274,1.028160,1,0,22.2534,0,0,0,22.2534,0
58.4785,2.37081,0,0,1.41351,0.0638191,0.36288,3.6288,50.856,0.888568,0,0,0.492996,0.305894,0,0.66528,12.849,1,0.508875,0.36288,0,31.7901,5.83527,25.8088,0.84672,12.849,0.84672,3695.15,0,36.966,0.637092,0.261274,2.26894,2.62498,1.45722,3.06088,0.42336,36.966,0.42336,423.524,0,0.713102,0,0,0.974376,0.261274,1.028160,1,0,28.8697,0,0,0,28.8697,0
56.9779,2.36141,0,0,1.28663,0.0629734,0.36288,3.6288,50.1065,0.851884,0,0,0.406622,0.304158,0,0.66528,12.849,1,0.518854,0.36288,0,25.6052,5.83527,19.614,0.84672,12.849,0.84672,3695.15,0,36.966,0.619214,0.227405,2.26932,2.43919,1.45722,2.85949,0.42336,36.966,0.42336,423.524,0,0.768018,0,0,0.995423,0.227405,1.028160,1,0,22.4735,0,0,0,22.4735,0
55.3724,2.35074,0,0,1.17018,0.0620563,0.36288,3.6288,49.2469,0.936039,0,0,0.378683,0.302302,0,0.66528,12.849,1,0.530111,0.36288,0,23.8698,5.83527,17.8673,0.84672,12.849,0.84672,3695.15,0,36.966,0.690561,0.227405,2.2697,2.17381,1.45722,2.52314,0.42336,36.966,0.42336,423.524,0,0.61287,0,0,0.840275,0.227405,1.028160,1,0,20.3904,0,0,0,20.3904,0
53.679,2.51132,0,0,1.23174,0.0509065,0.36288,3.6288,48.4534,0.914147,0,0,0.430348,0.30971,0,0.66528,12.849,1,0.582744,0.36288,0,22.8763,5.99382,16.6626,0.84672,12.849,0.84672,3695.15,0,36.966,0.713186,0.227405,2.27008,2.93725,1.49335,3.2282,0.42336,36.966,0.42336,423.524,0,0.779293,0,0,1.0067,0.227405,1.028160,1,0,19.8908,0,0,0,19.8908,0
51.7002,2.49698,0,0,0.94767,0.0665907,0.36288,3.6288,47.3375,1.1376,0,0,0.306271,0.284525,0,0.66528,12.849,1,0.597696,0.36288,0,14.2224,5.53359,8.45398,0.84672,12.849,0.84672,3695.15,0,36.966,0.867898,0.227405,2.43919,2.05504,1.45828,2.39545,0.42336,36.966,0.42336,423.524,0,0.401509,0,0,0.628913,0.227405,1.028160,1,0,10.8494,0,0,0,10.8494,0
49.856,2.47916,0,0,1.05892,0.0611606,0.36288,3.6288,46.4065,1.0231,0,0,0.376359,0.284229,0,0.66528,12.849,1,0.616142,0.36288,0,18.0976,5.60837,12.236,0.84672,12.849,0.84672,3695.15,0,36.966,0.798942,0.204422,2.4396,2.18131,1.47322,2.55317,0.42336,36.966,0.42336,423.524,0,0.585351,0,0,0.789774,0.204422,1.028160,1,0,14.7891,0,0,0,14.7891,0
47.8081,2.46153,0,0,0.836585,0.0599889,0.36288,3.6288,45.2603,1.13906,0,0,0.274727,0.281938,0,0.66528,12.849,1,0.634391,0.36288,0,18.6762,5.60837,12.7963,0.84672,12.849,0.84672,3695.15,0,36.966,0.907341,0.204422,2.44001,1.72841,1.47322,1.99228,0.42336,36.966,0.42336,423.524,0,0.361375,0,0,0.565797,0.204422,1.028160,1,0,14.7886,0,0,0,14.7886,0
45.9821,2.4406,0,0,1.03612,0.0586772,0.36288,3.6288,44.5558,0.882582,0,0,0.457051,0.278954,0,0.66528,12.849,1,0.655939,0.36288,0,16.5515,5.60837,10.6501,0.84672,12.849,0.84672,3695.15,0,36.966,0.720843,0.204422,2.44042,2.59728,1.47322,3.04806,0.42336,36.966,0.42336,423.524,0,0.804736,0,0,1.00916,0.204422,1.028160,1,0,13.6981,0,0,0,13.6981,0
44.2144,2.33965,0,0,0.966073,0.0312508,0.36288,3.6288,43.613,0.964882,0,0,0.306093,0.28402,0,0.66528,12.849,1,0.65378,0.36288,0,18.8632,5.83481,12.7375,0.84672,12.849,0.84672,3695.15,0,36.966,0.800521,0.204422,2.44084,3.21336,1.52227,3.53583,0.42336,36.966,0.42336,423.524,0,0.541806,0,0,0.746228,0.204422,1.028160,1,0,16.2733,0,0,0,16.2733,0
42.5485,2.31987,0,0,1.09685,0.0800014,0.36288,3.6288,42.6799,0.986705,0,0,0.294078,0.240465,0,0.66528,12.849,1,0.674168,0.36288,0,16.4195,5.48604,10.6221,0.84672,12.849,0.84672,3695.15,0,36.966,0.836323,0.216518,2.34352,2.4936,1.39769,2.81963,0.42336,36.966,0.42336,423.524,0,0.484546,0,0,0.701064,0.216518,1.028160,1,0,13.4418,0,0,0,13.4418,0
41.2581,2.30005,0,0,1.45101,0.0784845,0.36288,3.6288,41.9912,0.832898,0,0,0.382579,0.238339,0,0.66528,12.849,1,0.694581,0.36288,0,23.902,5.48604,18.0843,0.84672,12.849,0.84672,3695.15,0,36.966,0.721392,0.216518,2.34391,3.57975,1.39769,4.0211,0.42336,36.966,0.42336,423.524,0,0.75365,0,0,0.970168,0.216518,1.028160,1,0,22.1054,0,0,0,22.1054,0
40.4223,2.28395,0,0,1.88835,0.0773094,0.36288,3.6288,41.6305,0.66528,0,0,0.54135,0.23677,0,0.66528,12.849,1,0.711289,0.36288,0,46.8009,5.48604,40.9664,0.84672,12.849,0.84672,3695.15,0,36.966,0.614865,0.331197,2.34431,4.25105,1.39769,4.91401,0.42336,36.966,0.42336,423.524,0,1.02816,0,0,1.35936,0.331197,1.028160,1,0,45.8804,0,0,0,45.8804,0
39.1471,2.20859,0,0,1.43306,0.136817,0.36288,3.6288,40.9133,0.843274,0,0,0.322726,0.196677,0,0.66528,12.849,1,0.702043,0.36288,0,31.7023,5.04796,26.3152,0.84672,12.849,0.84672,3695.15,0,36.966,0.748788,0.216518,2.3447,2.80975,1.32939,3.2928,0.42336,36.966,0.42336,423.524,0,0.6243,0,0,0.840819,0.216518,1.028160,1,0,29.608,0,0,0,29.608,0
37.5044,2.19181,0,0,1.06523,0.153197,0.36288,3.6288,40.2689,0.753525,0,0,0.275,0.165835,0,0.66528,12.849,1,0.719406,0.36288,0,22.9818,4.52455,18.1007,0.84672,12.849,0.84672,3695.15,0,36.966,0.680825,0.216518,2.25781,3.25251,1.21108,3.83494,0.42336,36.966,0.42336,423.524,0,0.782361,0,0,0.998879,0.216518,1.028160,1,0,21.9356,0,0,0,21.9356,0
37.531,2.16878,0,0,2.70855,0.15029,0.36288,3.6288,40.3647,0.619872,0,0,0.880449,0.164795,0,0.66528,12.849,1,0.743024,0.36288,0,64.1174,4.52455,59.2127,0.84672,12.849,0.84672,3695.15,0,36.966,0.569028,2.01131,2.25819,7.6012,1.21108,10.0906,0.42336,36.966,0.42336,423.524,0,1.02816,0,0,3.03947,2.01131,1.028160,1,0,69.3033,0,0,0,69.3033,0
38.0192,2.16961,0,0,3.18725,0.166527,0.36288,3.6288,40.7279,0.620758,0,0,1.1356,0.151695,0,0.66528,12.849,1,0.742781,0.36288,0,76.4996,4.30691,71.8128,0.84672,12.849,0.84672,3695.15,0,36.966,0.56849,0.954599,2.25857,7.70113,1.14943,9.19638,0.42336,36.966,0.42336,423.524,0,1.02816,0,0,1.98276,0.954599,1.028160,1,0,81.0092,0,0,0,81.0092,0
37.6986,1.99619,0,0,2.21249,0.174095,0.36288,3.6288,40.8088,0.522745,0,0,0.75166,0.147951,0,0.66528,12.849,1,0.674633,0.36288,0,52.6518,4.06223,48.2778,0.84672,12.849,0.84672,3695.15,0,36.966,0.474461,0.581507,2.25895,5.32578,0.943441,6.74834,0.42336,36.966,0.42336,423.524,0,1.02816,0,0,1.60967,0.581507,1.028160,1,0,55.0262,0,0,0,55.0262,0
37.2044,1.99231,0,0,2.03827,0.17727,0.36288,3.6288,41.0342,0.523404,0,0,0.899277,0.150484,0,0.66528,12.849,1,0.679051,0.36288,0,63.3088,3.93824,59.0544,0.84672,12.849,0.84672,3695.15,0,36.966,0.474117,1.1202,2.06531,4.90434,0.932045,6.68369,0.42336,36.966,0.42336,423.524,0,1.02816,0,0,2.14836,1.1202,1.028160,1,0,65.7381,0,0,0,65.7381,0
36.6557,1.98601,0,0,1.97788,0.177648,0.36288,3.6288,41.1945,0.524939,0,0,0.856535,0.171347,0,0.66528,12.849,1,0.685894,0.36288,0,55.868,4.29954,51.2454,0.84672,12.849,0.84672,3695.15,0,36.966,0.472895,1.06485,2.06565,4.25288,1.07455,5.83594,0.42336,36.966,0.42336,423.524,0,1.02816,0,0,2.09301,1.06485,1.028160,1,0,57.0814,0,0,0,57.0814,0
36.9931,1.97881,0,0,2.87715,0.198086,0.36288,3.6288,41.3954,0.526074,0,0,0.921879,0.1949,0,0.66528,12.849,1,0.693637,0.36288,0,71.8786,4.78662,66.7612,0.84672,12.849,0.84672,3695.15,0,36.966,0.472074,1.34339,2.066,5.55805,1.19477,7.3006,0.42336,36.966,0.42336,423.524,0,1.02816,0,0,2.37155,1.34339,1.028160,1,0,74.0618,0,0,0,74.0618,0
39.6195,1.98391,0,0,5.17536,0.202151,0.36288,3.6288,42.0648,0.52745,0,0,1.37845,0.181573,0,0.66528,12.849,1,0.689081,0.36288,0,95.6077,4.36187,90.9196,0.84672,12.849,0.84672,3695.15,0,36.966,0.471012,1.99414,2.06634,8.35908,1.08886,10.8597,0.42336,36.966,0.42336,423.524,0,1.02816,0,0,3.0223,1.99414,1.028160,1,0,101.779,0,0,0,101.779,0
44.3426,2.0892,0,0,7.36825,0.193112,0.36288,3.6288,42.979,0.561282,0,0,1.67304,0.19754,0,0.66528,12.849,1,0.677547,0.36288,0,106.164,4.30692,101.542,0.84672,12.849,0.84672,3695.15,0,36.966,0.493247,3.10497,2.06669,12.5392,1.1597,16.0579,0.42336,36.966,0.42336,423.524,0,1.02816,0,0,4.13313,3.10497,1.028160,1,0,117.6,0,0,0,117.6,0
47.2636,2.14556,0,0,5.63087,0.201355,0.36288,3.6288,43.3698,0.567088,0,0,1.16638,0.208475,0,0.66528,12.849,1,0.621713,0.36288,0,80.1757,4.41357,75.5033,0.84672,12.849,0.84672,3695.15,0,36.966,0.487749,2.27114,2.12757,9.04072,1.2041,11.7476,0.42336,36.966,0.42336,423.524,0,1.02816,0,0,3.2993,2.27114,1.028160,1,0,87.2509,0,0,0,87.2509,0
51.3157,2.17619,0,0,6.79912,0.20804,0.36288,3.6288,43.6718,0.569627,0,0,1.08088,0.209252,0,0.66528,12.849,1,0.591615,0.36288,0,111.447,4.41357,106.805,0.84672,12.849,0.84672,3695.15,0,36.966,0.485518,2.02091,2.12791,8.96642,1.2041,11.4256,0.42336,36.966,0.42336,423.524,0,1.02816,0,0,3.04907,2.02091,1.028160,1,0,118.231,0,0,0,118.231,0
52.7815,2.21398,0,0,4.26279,0.22013,0.36288,3.6288,43.7202,0.571612,0,0,0.820005,0.200055,0,0.66528,12.849,1,0.554361,0.36288,0,62.9322,4.27992,58.4608,0.84672,12.849,0.84672,3695.15,0,36.966,0.483841,1.18959,2.12825,7.21129,1.15253,8.89276,0.42336,36.966,0.42336,423.524,0,1.02816,0,0,2.21775,1.18959,1.028160,1,0,67.3536,0,0,0,67.3536,0
54.4374,2.4677,0,0,4.71727,0.230695,0.36288,3.6288,43.6122,0.66528,0,0,0.7469,0.189609,0,0.66528,12.849,1,0.600732,0.36288,0,62.1651,3.98581,57.9414,0.84672,12.849,0.84672,3695.15,0,36.966,0.59995,0.925456,2.12859,8.18065,1.04691,9.58784,0.42336,36.966,0.42336,423.524,0,1.02816,0,0,1.95362,0.925456,1.028160,1,0,67.5292,0,0,0,67.5292,0
56.6203,2.48296,0,0,5.26319,0.234474,0.36288,3.6288,43.5457,0.66528,0,0,0.823116,0.224297,0,0.66528,12.849,1,0.586059,0.36288,0,77.5094,4.08586,73.2004,0.84672,12.849,0.84672,3695.15,0,36.966,0.600294,1.74105,2.3469,8.01066,1.10515,10.3932,0.42336,36.966,0.42336,423.524,0,1.02816,0,0,2.76921,1.74105,1.028160,1,0,83.5936,0,0,0,83.5936,0
59.5484,2.50185,0,0,6.03831,0.245518,0.36288,3.6288,43.6268,0.66528,0,0,0.967576,0.221243,0,0.66528,12.849,1,0.567751,0.36288,0,82.5379,4.08479,78.2483,0.84672,12.849,0.84672,3695.15,0,36.966,0.600639,1.64544,2.34727,8.68208,1.10879,10.9654,0.42336,36.966,0.42336,423.524,0,1.02816,0,0,2.6736,1.64544,1.028160,1,0,89.2136,0,0,0,89.2136,0
62.1914,2.52529,0,0,5.82004,0.288888,0.36288,3.6288,43.844,0.66528,0,0,1.08639,0.203925,0,0.66528,12.849,1,0.544892,0.36288,0,71.7803,4.0783,67.5199,0.84672,12.849,0.84672,3695.15,0,36.966,0.600983,1.94004,2.34765,10.7194,1.13063,13.2755,0.42336,36.966,0.42336,423.524,0,1.02816,0,0,2.9682,1.94004,1.028160,1,0,80.7954,0,0,0,80.7954,0
66.0005,2.19061,0,0,6.65988,0.297251,0.36288,3.6288,44.1307,0.534583,0,0,1.02649,0.205159,0,0.66528,12.849,1,0.452589,0.36288,0,76.3335,4.05902,72.1848,0.84672,12.849,0.84672,3695.15,0,36.966,0.450721,3.38515,2.34802,10.3632,1.08712,14.5585,0.42336,36.966,0.42336,423.524,0,1.02816,0,0,4.41331,3.38515,1.028160,1,0,86.7433,0,0,0,86.7433,0
66.4331,2.2129,0,0,3.31927,0.310889,0.36288,3.6288,43.9054,0.536338,0,0,0.518805,0.207756,0,0.66528,12.849,1,0.430808,0.36288,0,72.2701,4.01079,68.1914,0.84672,12.849,0.84672,3695.15,0,36.966,0.449262,1.34799,2.05094,7.70204,0.978343,9.67336,0.42336,36.966,0.42336,423.524,0,1.02816,0,0,2.37615,1.34799,1.028160,1,0,77.8648,0,0,0,77.8648,0
67.9091,2.21568,0,0,4.36653,0.311961,0.36288,3.6288,44.2367,0.535247,0,0,1.07381,0.207315,0,0.66528,12.849,1,0.428539,0.36288,0,69.4068,4.01079,65.3304,0.84672,12.849,0.84672,3695.15,0,36.966,0.450649,1.40762,2.05126,8.13491,0.978343,10.1648,0.42336,36.966,0.42336,423.524,0,1.02816,0,0,2.43578,1.40762,1.028160,1,0,75.4952,0,0,0,75.4952,0
71.2912,2.22394,0,0,6.28452,0.315617,0.36288,3.6288,44.8625,0.537246,0,0,1.371,0.207964,0,0.66528,12.849,1,0.420788,0.36288,0,87.8982,4.01079,83.8295,0.84672,12.849,0.84672,3695.15,0,36.966,0.448945,2.1267,2.05159,8.27833,0.978343,11.0293,0.42336,36.966,0.42336,423.524,0,1.02816,0,0,3.15486,2.1267,1.028160,1,0,94.8588,0,0,0,94.8588,0
72.29,2.24128,0,0,5.55825,0.323995,1.9942,3.6288,45.2473,0.540842,0,0,1.13487,0.20919,0,0.66528,12.849,1,0.403952,1.9942,0,65.6459,4.01079,63.2253,0.84672,12.849,0.84672,3695.15,0,36.966,0.445646,1.62219,2.05191,7.88037,0.978343,10.1305,0.42336,36.966,0.42336,423.524,0,1.02816,0,0,2.65035,1.62219,1.028160,1,0,73.3558,0,0,0,73.3558,0
72.29,2.33792,0,0,7.02014,0.339853,4.34237,3.6288,46.2582,0.580999,0,0,1.76029,0.168411,0,0.66528,12.849,1,0.415547,4.34237,0,140.704,4.0044,140.627,0.84672,12.849,0.84672,3695.15,0,36.966,0.474662,3.29778,2.05223,10.3251,0.916838,14.2837,0.42336,36.966,0.42336,423.524,0,1.02816,0,0,4.32594,3.29778,1.028160,1,0,154.91,0,0,0,154.91,0
72.29,2.33837,0,0,5.78334,0.342084,3.10289,3.6288,47.3073,0.586935,0,0,1.79906,0.163012,0,0.66528,12.849,1,0.415627,3.10289,0,92.0298,4.00333,90.7138,0.84672,12.849,0.84672,3695.15,0,36.966,0.469034,2.4819,2.12596,9.47808,0.906587,12.7103,0.42336,36.966,0.42336,423.524,0,1.02816,0,0,3.51006,2.4819,1.028160,1,0,103.424,0,0,0,103.424,0
72.29,2.33881,0,0,5.29362,0.342084,2.61273,3.6288,48.0349,0.592947,0,0,1.4851,0.164521,0,0.66528,12.849,1,0.415706,2.61273,0,105.448,4.00333,103.641,0.84672,12.849,0.84672,3695.15,0,36.966,0.46333,2.31604,2.1263,9.16609,0.906587,12.2385,0.42336,36.966,0.42336,423.524,0,1.02816,0,0,3.3442,2.31604,1.028160,1,0,115.88,0,0,0,115.88,0
72.29,2.33926,0,0,4.56998,0.297444,1.93327,3.6288,48.5034,0.597088,0,0,1.2527,0.187144,0,0.66528,12.849,1,0.415786,1.93327,0,98.4338,4.29419,95.6571,0.84672,12.849,0.84672,3695.15,0,36.966,0.459498,2.0495,2.12663,9.12315,0.963838,11.8759,0.42336,36.966,0.42336,423.524,0,1.02816,0,0,3.07766,2.0495,1.028160,1,0,107.533,0,0,0,107.533,0
72.29,2.30393,0,0,4.69338,0.268245,2.12121,3.6288,48.9731,0.584589,0,0,1.23706,0.182731,0,0.66528,12.849,1,0.409505,2.12121,0,81.0544,4.37452,78.3916,0.84672,12.849,0.84672,3695.15,0,36.966,0.445534,2.25996,2.12697,9.22164,1.06502,12.098,0.42336,36.966,0.42336,423.524,0,1.02816,0,0,3.28812,2.25996,1.028160,1,0,90.4896,0,0,0,90.4896,0
72.29,2.30437,0,0,4.0634,0.259737,1.49929,3.6288,49.0819,0.587198,0,0,0.86902,0.173034,0,0.66528,12.849,1,0.409584,1.49929,0,68.1273,4.34753,64.8695,0.84672,12.849,0.84672,3695.15,0,36.966,0.44323,1.72987,2.09873,6.57098,1.12373,8.83261,0.42336,36.966,0.42336,423.524,0,1.02816,0,0,2.75803,1.72987,1.028160,1,0,73.7021,0,0,0,73.7021,0
72.29,2.30481,0,0,3.53766,0.259737,0.973108,3.6288,49.1556,0.587931,0,0,0.834745,0.173189,0,0.66528,12.849,1,0.409663,0.973108,0,60.5126,4.34753,56.7285,0.84672,12.849,0.84672,3695.15,0,36.966,0.4428,1.42855,2.09906,6.14679,1.12373,8.10787,0.42336,36.966,0.42336,423.524,0,1.02816,0,0,2.45671,1.42855,1.028160,1,0,64.8364,0,0,0,64.8364,0
72.29,2.30525,0,0,3.16984,0.259737,0.604852,3.6288,49.1314,0.588483,0,0,0.73758,0.173295,0,0.66528,12.849,1,0.409741,0.604852,0,51.9365,4.34753,47.7841,0.84672,12.849,0.84672,3695.15,0,36.966,0.442551,1.12635,2.09939,5.35491,1.12373,7.01436,0.42336,36.966,0.42336,423.524,0,1.02816,0,0,2.15451,1.12635,1.028160,1,0,54.7985,0,0,0,54.7985,0
72.2425,2.42725,0,0,2.97444,0.231776,0.36288,3.6288,49.0086,0.642742,0,0,0.68034,0.160311,0,0.66528,12.849,1,0.431426,0.36288,0,49.3346,3.95421,45.3118,0.84672,12.849,0.84672,3695.15,0,36.966,0.483594,1.0132,2.09972,4.85525,0.993073,6.49151,0.42336,36.966,0.42336,423.524,0,1.02816,0,0,2.04136,1.0132,1.028160,1,0,51.8033,0,0,0,51.8033,0
72.29,2.42748,0,0,3.42152,0.184692,0.761883,3.6288,48.9186,0.642235,0,0,0.777462,0.225279,0,0.66528,12.849,1,0.431749,0.761883,0,51.6434,4.79418,47.1794,0.84672,12.849,0.84672,3695.15,0,36.966,0.484422,0.955109,2.20028,4.98779,1.05143,6.60732,0.42336,36.966,0.42336,423.524,0,1.02816,0,0,1.98327,0.955109,1.028160,1,0,53.7867,0,0,0,53.7867,0
72.29,2.42818,0,0,3.06219,0.145302,0.488707,3.6288,48.6787,0.641909,0,0,0.616074,0.214104,0,0.66528,12.849,1,0.431591,0.488707,0,45.8547,4.44696,41.4649,0.84672,12.849,0.84672,3695.15,0,36.966,0.485067,0.934451,2.20063,4.57821,1.02883,6.19939,0.42336,36.966,0.42336,423.524,0,1.02816,0,0,1.96261,0.934451,1.028160,1,0,47.6643,0,0,0,47.6643,0
72.2466,2.42864,0,0,2.8782,0.13008,0.36288,3.6288,48.4626,0.640732,0,0,0.641598,0.216942,0,0.66528,12.849,1,0.431673,0.36288,0,42.2369,4.55532,37.6128,0.84672,12.849,0.84672,3695.15,0,36.966,0.486565,0.939332,2.20098,4.65299,1.00877,6.29796,0.42336,36.966,0.42336,423.524,0,1.02816,0,0,1.96749,0.939332,1.028160,1,0,43.9107,0,0,0,43.9107,0
72.0906,2.42889,0,0,2.76577,0.130037,0.36288,3.6288,48.2599,0.639683,0,0,0.653607,0.216553,0,0.66528,12.849,1,0.431976,0.36288,0,39.8177,4.55532,35.1933,0.84672,12.849,0.84672,3695.15,0,36.966,0.487934,0.841415,2.20133,4.63966,1.00877,6.1857,0.42336,36.966,0.42336,423.524,0,1.02816,0,0,1.86958,0.841415,1.028160,1,0,41.379,0,0,0,41.379,0
71.2897,2.40451,0,0,2.08257,0.116052,0.36288,3.6288,48.1821,0.66528,0,0,0.820567,0.233152,0,0.66528,12.849,1,0.428566,0.36288,0,35.8628,5.07156,30.7256,0.84672,12.849,0.84672,3695.15,0,36.966,0.514915,1.12054,2.20168,4.29806,1.17571,5.92966,0.42336,36.966,0.42336,423.524,0,1.02816,0,0,2.1487,1.12054,1.028160,1,0,36.6552,0,0,0,36.6552,0
70.2699,2.40089,0,0,1.85706,0.113055,0.36288,3.6288,48.0938,0.66528,0,0,0.812851,0.235827,0,0.66528,12.849,1,0.432728,0.36288,0,35.0508,5.1576,29.8233,0.84672,12.849,0.84672,3695.15,0,36.966,0.515244,1.06835,2.23709,4.39153,1.20353,5.9782,0.42336,36.966,0.42336,423.524,0,1.02816,0,0,2.09651,1.06835,1.028160,1,0,35.8015,0,0,0,35.8015,0
69.0877,2.39604,0,0,1.6889,0.112173,0.36288,3.6288,47.9855,0.66528,0,0,0.792642,0.235654,0,0.66528,12.849,1,0.438121,0.36288,0,34.3648,5.1576,29.132,0.84672,12.849,0.84672,3695.15,0,36.966,0.515574,1.0412,2.23745,4.20786,1.20353,5.76741,0.42336,36.966,0.42336,423.524,0,1.02816,0,0,2.06936,1.0412,1.028160,1,0,34.8994,0,0,0,34.8994,0
67.7564,2.39017,0,0,1.53293,0.111152,0.36288,3.6288,47.8284,0.66528,0,0,0.74361,0.235441,0,0.66528,12.849,1,0.444527,0.36288,0,30.6218,5.1576,25.3826,0.84672,12.849,0.84672,3695.15,0,36.966,0.515903,0.80784,2.23781,4.07055,1.20353,5.39677,0.42336,36.966,0.42336,423.524,0,1.02816,0,0,1.836,0.80784,1.028160,1,0,30.7793,0,0,0,30.7793,0
66.4487,2.44484,0,0,1.57621,0.0761921,0.36288,3.6288,47.5542,0.66528,0,0,0.683623,0.292523,0,0.66528,12.849,1,0.463628,0.36288,0,28.5641,6.05979,22.4036,0.84672,12.849,0.84672,3695.15,0,36.966,0.562838,0.840603,2.23816,3.7947,1.55307,4.75756,0.42336,36.966,0.42336,423.524,0,1.02816,0,0,1.86876,0.840603,1.028160,1,0,27.1611,0,0,0,27.1611,0
65.1434,2.43766,0,0,1.56844,0.0732583,0.36288,3.6288,47.2263,0.66528,0,0,0.61286,0.275524,0,0.66528,12.849,1,0.471363,0.36288,0,27.1477,5.94531,21.0939,0.84672,12.849,0.84672,3695.15,0,36.966,0.563176,0.699486,2.28825,3.57547,1.53824,4.46179,0.42336,36.966,0.42336,423.524,0,1.02816,0,0,1.72765,0.699486,1.028160,1,0,25.5557,0,0,0,25.5557,0
63.7118,2.43024,0,0,1.434,0.0724991,0.36288,3.6288,46.8783,0.66528,0,0,0.592012,0.274768,0,0.66528,12.849,1,0.479344,0.36288,0,25.4948,5.94531,19.4331,0.84672,12.849,0.84672,3695.15,0,36.966,0.563514,0.563648,2.28861,3.40667,1.53824,4.15718,0.42336,36.966,0.42336,423.524,0,1.02816,0,0,1.59181,0.563648,1.028160,1,0,23.5902,0,0,0,23.5902,0
62.1014,2.42173,0,0,1.23055,0.0563327,0.36288,3.6288,46.5229,0.66528,0,0,0.589592,0.279693,0,0.66528,12.849,1,0.488401,0.36288,0,24.3185,6.20462,17.9884,0.84672,12.849,0.84672,3695.15,0,36.966,0.563851,0.548078,2.28898,3.38504,1.55351,4.10473,0.42336,36.966,0.42336,423.524,0,1.02816,0,0,1.57624,0.548078,1.028160,1,0,22.0931,0,0,0,22.0931,0
60.1495,2.5895,0,0,1.0658,0.0652487,0.36288,3.6288,46.1453,0.66528,0,0,0.556398,0.268679,0,0.66528,12.849,1,0.535777,0.36288,0,22.5622,6.06774,16.3216,0.84672,12.849,0.84672,3695.15,0,36.966,0.732526,0.505388,2.28934,3.25436,1.43483,3.88174,0.42336,36.966,0.42336,423.524,0,1.02816,0,0,1.53355,0.505388,1.028160,1,0,20.2033,0,0,0,20.2033,0
58.1697,2.57566,0,0,0.998853,0.0401882,0.36288,3.6288,45.7378,0.66528,0,0,0.56109,0.303378,0,0.66528,12.849,1,0.550207,0.36288,0,20.8125,6.57164,14.0535,0.84672,12.849,0.84672,3695.15,0,36.966,0.732893,0.685644,2.45998,3.69903,1.58562,4.52613,0.42336,36.966,0.42336,423.524,0,1.02816,0,0,1.7138,0.685644,1.028160,1,0,18.5796,0,0,0,18.5796,0
56.1842,2.56081,0,0,0.977676,0.0394284,0.36288,3.6288,45.2948,0.66528,0,0,0.524606,0.302233,0,0.66528,12.849,1,0.565653,0.36288,0,18.9919,6.57164,12.2175,0.84672,12.849,0.84672,3695.15,0,36.966,0.73326,0.58936,2.46037,3.71267,1.58562,4.44352,0.42336,36.966,0.42336,423.524,0,1.02816,0,0,1.61752,0.58936,1.028160,1,0,16.661,0,0,0,16.661,0
54.6581,2.54502,0,0,1.42041,0.0386664,0.36288,3.6288,44.9314,0.66528,0,0,0.602796,0.30099,0,0.66528,12.849,1,0.582032,0.36288,0,21.6308,6.57164,14.84,0.84672,12.849,0.84672,3695.15,0,36.966,0.733627,0.876874,2.46077,4.11631,1.58562,5.1347,0.42336,36.966,0.42336,423.524,0,1.02816,0,0,1.90503,0.876874,1.028160,1,0,19.9747,0,0,0,19.9747,0
53.7456,2.53234,0,0,2.04726,0.064494,0.36288,3.6288,44.7723,0.66528,0,0,0.797887,0.291679,0,0.66528,12.849,1,0.595303,0.36288,0,35.2915,6.44022,28.6188,0.84672,12.849,0.84672,3695.15,0,36.966,0.733994,1.0369,2.46116,4.58269,1.55911,5.78765,0.42336,36.966,0.42336,423.524,0,1.02816,0,0,2.06506,1.0369,1.028160,1,0,34.4065,0,0,0,34.4065,0
52.1864,2.44019,0,0,1.34001,0.0961479,0.36288,3.6288,44.4483,0.66528,0,0,0.622427,0.28116,0,0.66528,12.849,1,0.583378,0.36288,0,32.5966,5.95879,26.4173,0.84672,12.849,0.84672,3695.15,0,36.966,0.632099,0.851178,2.46156,2.80391,1.38619,4.09836,0.42336,36.966,0.42336,423.524,0,1.02816,0,0,1.87934,0.851178,1.028160,1,0,30.5156,0,0,0,30.5156,0
50.1886,2.42666,0,0,0.903182,0.111446,0.36288,3.6288,43.9273,0.66528,0,0,0.422194,0.277929,0,0.66528,12.849,1,0.597478,0.36288,0,22.395,5.68984,16.4705,0.84672,12.849,0.84672,3695.15,0,36.966,0.632448,0.406106,2.36333,1.88139,1.31805,2.70032,0.42336,36.966,0.42336,423.524,0,1.02816,0,0,1.43427,0.406106,1.028160,1,0,19.1708,0,0,0,19.1708,0
48.2346,2.40819,0,0,0.926268,0.109145,0.36288,3.6288,43.3893,0.66528,0,0,0.403869,0.276568,0,0.66528,12.849,1,0.61653,0.36288,0,23.9046,5.68984,17.9611,0.84672,12.849,0.84672,3695.15,0,36.966,0.632798,0.377646,2.36371,2.25914,1.31805,3.04965,0.42336,36.966,0.42336,423.524,0,1.02816,0,0,1.40581,0.377646,1.028160,1,0,21.0108,0,0,0,21.0108,0
46.4672,2.38892,0,0,1.09123,0.10688,0.36288,3.6288,43,0.66528,0,0,0.551197,0.275162,0,0.66528,12.849,1,0.636373,0.36288,0,23.9642,5.68984,18.0008,0.84672,12.849,0.84672,3695.15,0,36.966,0.633147,0.702346,2.36408,2.88322,1.31805,3.99845,0.42336,36.966,0.42336,423.524,0,1.02816,0,0,1.73051,0.702346,1.028160,1,0,21.9993,0,0,0,21.9993,0
45.5868,2.30305,0,0,1.92578,0.140261,0.36288,3.6288,42.8055,0.648301,0,0,0.68725,0.233512,0,0.66528,12.849,1,0.636835,0.36288,0,40.5204,4.98738,35.2591,0.84672,12.849,0.84672,3695.15,0,36.966,0.557327,1.11341,2.36446,6.38835,1.17776,8.13113,0.42336,36.966,0.42336,423.524,0,1.02816,0,0,2.14157,1.11341,1.028160,1,0,43.3902,0,0,0,43.3902,0
45.1045,2.2939,0,0,2.35679,0.182271,0.36288,3.6288,43.3369,0.647121,0,0,1.34226,0.163726,0,0.66528,12.849,1,0.646553,0.36288,0,47.4786,3.81927,43.3757,0.84672,12.849,0.84672,3695.15,0,36.966,0.558841,2.04943,2.27676,7.57756,0.97962,10.3653,0.42336,36.966,0.42336,423.524,0,1.02816,0,0,3.07759,2.04943,1.028160,1,0,53.741,0,0,0,53.741,0
43.7856,2.28895,0,0,1.51421,0.181286,0.36288,3.6288,43.5221,0.650999,0,0,1.00077,0.164557,0,0.66528,12.849,1,0.652057,0.36288,0,32.655,3.81927,28.5465,0.84672,12.849,0.84672,3695.15,0,36.966,0.555296,1.64128,2.27712,7.47653,0.97962,9.86002,0.42336,36.966,0.42336,423.524,0,1.02816,0,0,2.66944,1.64128,1.028160,1,0,38.4065,0,0,0,38.4065,0
43.8767,2.2742,0,0,2.96389,0.235726,0.36288,3.6288,43.8313,0.652457,0,0,1.14759,0.185911,0,0.66528,12.849,1,0.66737,0.36288,0,82.3925,4.2252,77.8628,0.84672,12.849,0.84672,3695.15,0,36.966,0.554172,1.79531,2.27749,9.46931,1.07439,11.9135,0.42336,36.966,0.42336,423.524,0,1.02816,0,0,2.82347,1.79531,1.028160,1,0,89.7764,0,0,0,89.7764,0
46.0274,2.0867,0,0,4.83628,0.235971,0.36288,3.6288,43.9401,0.549443,0,0,0.844702,0.186456,0,0.66528,12.849,1,0.611077,0.36288,0,102.797,4.2252,98.3236,0.84672,12.849,0.84672,3695.15,0,36.966,0.463384,2.36685,2.27785,8.54711,1.07439,11.654,0.42336,36.966,0.42336,423.524,0,1.02816,0,0,3.39501,2.36685,1.028160,1,0,109.978,0,0,0,109.978,0
46.5845,2.10943,0,0,3.21926,0.189895,0.36288,3.6288,45.3026,0.55023,0,0,2.09372,0.181,0,0.66528,12.849,1,0.588868,0.36288,0,57.8507,3.6833,53.9414,0.84672,12.849,0.84672,3695.15,0,36.966,0.462898,3.04478,2.08243,9.3096,0.867248,13.1067,0.42336,36.966,0.42336,423.524,0,1.02816,0,0,4.07294,3.04478,1.028160,1,0,67.0481,0,0,0,67.0481,0
47.7146,2.11535,0,0,3.83606,0.227711,0.36288,3.6288,47.0578,0.558061,0,0,2.48205,0.16879,0,0.66528,12.849,1,0.58346,0.36288,0,79.7189,3.85718,75.6412,0.84672,12.849,0.84672,3695.15,0,36.966,0.455366,2.89321,2.08276,10.8462,0.881047,14.4858,0.42336,36.966,0.42336,423.524,0,1.02816,0,0,3.92137,2.89321,1.028160,1,0,90.127,0,0,0,90.127,0
48.9342,2.12665,0,0,3.93969,0.230563,0.36288,3.6288,48.7475,0.567742,0,0,2.42888,0.171511,0,0.66528,12.849,1,0.572683,0.36288,0,71.0934,3.85718,67.0264,0.84672,12.849,0.84672,3695.15,0,36.966,0.445986,2.9676,2.08309,10.2643,0.881047,13.988,0.42336,36.966,0.42336,423.524,0,1.02816,0,0,3.99576,2.9676,1.028160,1,0,81.0144,0,0,0,81.0144,0
51.7902,2.13837,0,0,5.57857,0.221349,0.36288,3.6288,52.6201,0.576704,0,0,4.63969,0.190376,0,0.66528,12.849,1,0.561486,0.36288,0,154.176,4.16915,149.809,0.84672,12.849,0.84672,3695.15,0,36.966,0.437324,5.02923,2.08342,18.3748,1.00784,24.0423,0.42336,36.966,0.42336,423.524,0,1.02816,0,0,6.05739,5.02923,1.028160,1,0,173.851,0,0,0,173.851,0
52.4289,2.23895,0,0,3.47598,0.235416,0.36288,3.6288,54.3822,0.628828,0,0,2.56854,0.177592,0,0.66528,12.849,1,0.555477,0.36288,0,79.9965,4.16361,75.6403,0.84672,12.849,0.84672,3695.15,0,36.966,0.441756,3.03504,2.08375,12.8498,0.950599,16.5763,0.42336,36.966,0.42336,423.524,0,1.02816,0,0,4.0632,3.03504,1.028160,1,0,92.2165,0,0,0,92.2165,0
51.6304,2.24479,0,0,2.07555,0.266392,0.36288,3.6288,54.8089,0.637524,0,0,1.19762,0.133394,0,0.66528,12.849,1,0.550141,0.36288,0,42.4536,3.57451,38.6918,0.84672,12.849,0.84672,3695.15,0,36.966,0.433354,1.1833,2.14516,8.43909,0.669935,10.6643,0.42336,36.966,0.42336,423.524,0,1.02816,0,0,2.21146,1.1833,1.028160,1,0,49.3561,0,0,0,49.3561,0
50.9531,2.23838,0,0,2.18821,0.264199,0.36288,3.6288,55.6691,0.639715,0,0,1.63371,0.133771,0,0.66528,12.849,1,0.557055,0.36288,0,60.338,3.57451,56.5694,0.84672,12.849,0.84672,3695.15,0,36.966,0.431457,1.77294,2.14549,9.7133,0.669935,12.5303,0.42336,36.966,0.42336,423.524,0,1.02816,0,0,2.8011,1.77294,1.028160,1,0,69.0997,0,0,0,69.0997,0
52.6956,2.23287,0,0,4.60058,0.262339,0.36288,3.6288,59.2011,0.643898,0,0,4.31036,0.134529,0,0.66528,12.849,1,0.56307,0.36288,0,146.413,3.57451,142.639,0.84672,12.849,0.84672,3695.15,0,36.966,0.427568,4.94804,2.14581,20.8178,0.669935,26.8142,0.42336,36.966,0.42336,423.524,0,1.02816,0,0,5.9762,4.94804,1.028160,1,0,169.453,0,0,0,169.453,0
53.795,2.49125,0,0,4.23967,0.286149,0.36288,3.6288,61.308,0.66528,0,0,3.5563,0.148699,0.635373,0.66528,12.849,1,0.607453,0.36288,0,149.083,3.6829,145.156,0.84672,12.849,0.84672,3695.15,0,36.966,0.61783,5.40616,2.14613,17.4839,0.741633,23.6767,0.42336,36.966,0.42336,423.524,0,1.02816,0,0,6.43432,5.40616,1.028160,1,0,169.468,0,0,0,169.468,0
53.6428,2.50172,0,0,2.99801,0.285631,0.36288,3.6288,61.308,0.66528,0,0,1.74524,0.150568,0.929389,0.66528,12.849,1,0.597539,0.36288,0,100.377,3.05288,97.0894,0.84672,12.849,0.84672,3695.15,0,36.966,0.618158,1.24155,2.36638,12.1143,0.84328,14.2608,0.42336,36.966,0.42336,423.524,0,1.02816,0,0,2.26971,1.24155,1.028160,1,0,112.28,0,0,0,112.28,0
54.4682,2.5008,0,0,3.97208,0.282978,0.36288,3.6288,61.308,0.66528,0,0,2.63053,0.1561,1.80915,0.66528,12.849,1,0.599015,0.36288,0,145.192,3.18392,141.772,0.84672,12.849,0.84672,3695.15,0,36.966,0.618487,2.70061,2.36674,13.9908,0.884276,17.5554,0.42336,36.966,0.42336,423.524,0,1.02816,0,0,3.72877,2.70061,1.028160,1,0,161.136,0,0,0,161.136,0
55.7352,2.5086,0,0,4.41046,0.271978,0.36288,3.6288,61.308,0.66528,0,0,3.46693,0.189297,2.61235,0.66528,12.849,1,0.591776,0.36288,0,148.26,3.97015,144.061,0.84672,12.849,0.84672,3695.15,0,36.966,0.618816,4.70743,2.3671,17.2113,1.13025,22.5368,0.42336,36.966,0.42336,423.524,0,1.02816,0,0,5.73559,4.70743,1.028160,1,0,169.21,0,0,0,169.21,0
59.7768,2.16941,0,0,6.85047,0.276557,0.36288,3.6288,61.308,0.624225,0,0,4.39651,0.194278,3.578,0.66528,12.849,1,0.500128,0.36288,0,177.147,3.93611,173.073,0.84672,12.849,0.84672,3695.15,0,36.966,0.37638,6.05239,2.36746,19.31,1.13942,26.214,0.42336,36.966,0.42336,423.524,0,1.02816,0,0,7.08055,6.05239,1.028160,1,0,202.865,0,0,0,202.865,0
63.5559,2.19764,0,0,6.63414,0.294561,0.36288,3.6288,61.308,0.624401,0,0,2.98021,0.224164,2.13165,0.66528,12.849,1,0.472382,0.36288,0,139.357,3.7318,135.515,0.84672,12.849,0.84672,3695.15,0,36.966,0.376486,2.94865,2.06769,15.5964,1.19443,19.0418,0.42336,36.966,0.42336,423.524,0,1.02816,0,0,3.97681,2.94865,1.028160,1,0,156.689,0,0,0,156.689,0
67.1039,2.22141,0,0,6.43638,0.304087,0.36288,3.6288,61.308,0.624577,0,0,3.09276,0.224164,2.24402,0.66528,12.849,1,0.449099,0.36288,0,100.993,3.7318,97.1749,0.84672,12.849,0.84672,3695.15,0,36.966,0.376592,3.21468,2.068,15.6393,1.19443,19.351,0.42336,36.966,0.42336,423.524,0,1.02816,0,0,4.24284,3.21468,1.028160,1,0,118.77,0,0,0,118.77,0
70.9079,2.24175,0,0,6.72149,0.312854,0.36288,3.6288,61.308,0.624753,0,0,2.78021,0.224164,1.93129,0.66528,12.849,1,0.429248,0.36288,0,141.92,3.7318,138.122,0.84672,12.849,0.84672,3695.15,0,36.966,0.376698,2.91832,2.06831,16.3291,1.19443,19.7446,0.42336,36.966,0.42336,423.524,0,1.02816,0,0,3.94648,2.91832,1.028160,1,0,159.797,0,0,0,159.797,0
72.29,2.26165,0,0,5.8246,0.325695,1.85517,3.6288,61.308,0.624929,0,0,2.37279,0.160524,1.58734,0.66528,12.849,1,0.409827,1.85517,0,125.831,2.59893,124.678,0.84672,12.849,0.84672,3695.15,0,36.966,0.376805,2.6687,2.06862,13.5882,0.766148,17.1826,0.42336,36.966,0.42336,423.524,0,1.02816,0,0,3.69686,2.6687,1.028160,1,0,143.448,0,0,0,143.448,0
72.29,2.361,0,0,8.207,0.350411,5.49559,3.6288,61.308,0.66528,0,0,3.2064,0.210292,2.33083,0.66528,12.849,1,0.419649,5.49559,0,172.746,3.65358,174.169,0.84672,12.849,0.84672,3695.15,0,36.966,0.406226,3.60158,2.06893,19.6694,1.02699,23.9067,0.42336,36.966,0.42336,423.524,0,1.02816,0,0,4.62974,3.60158,1.028160,1,0,200.406,0,0,0,200.406,0
72.29,2.36142,0,0,7.86758,0.291258,5.2149,3.6288,61.308,0.66528,0,0,3.73737,0.229756,2.84233,0.66528,12.849,1,0.419725,5.2149,0,181.146,4.37619,181.565,0.84672,12.849,0.84672,3695.15,0,36.966,0.40652,3.13822,2.1433,20.1189,1.22266,23.7713,0.42336,36.966,0.42336,423.524,0,1.02816,0,0,4.16638,3.13822,1.028160,1,0,208.179,0,0,0,208.179,0
72.29,2.36185,0,0,8.44258,0.291258,5.78947,3.6288,61.308,0.66528,0,0,4.42232,0.229756,3.52729,0.66528,12.849,1,0.419801,5.78947,0,172.336,4.37619,173.33,0.84672,12.849,0.84672,3695.15,0,36.966,0.406814,4.11926,2.14362,23.9103,1.22266,28.5437,0.42336,36.966,0.42336,423.524,0,1.02816,0,0,5.14742,4.11926,1.028160,1,0,205.401,0,0,0,205.401,0
72.29,2.36228,0,0,8.60086,0.291258,5.94732,3.6288,61.308,0.66528,0,0,3.75819,0.229756,2.86316,0.66528,12.849,1,0.419877,5.94732,0,171.971,4.37619,173.123,0.84672,12.849,0.84672,3695.15,0,36.966,0.407108,3.49949,2.14394,21.6153,1.22266,25.629,0.42336,36.966,0.42336,423.524,0,1.02816,0,0,4.52765,3.49949,1.028160,1,0,201.615,0,0,0,201.615,0
72.29,2.32661,0,0,7.574,0.282866,4.96453,3.6288,61.308,0.652342,0,0,3.16091,0.214171,2.2944,0.66528,12.849,1,0.413537,4.96453,0,185.255,4.1234,185.683,0.84672,12.849,0.84672,3695.15,0,36.966,0.393333,3.09423,2.14426,21.168,1.09518,24.918,0.42336,36.966,0.42336,423.524,0,1.02816,0,0,4.12239,3.09423,1.028160,1,0,212.895,0,0,0,212.895,0
72.29,2.32703,0,0,5.92862,0.232907,3.36869,3.6288,61.308,0.652523,0,0,2.91766,0.163212,2.10192,0.66528,12.849,1,0.413612,3.36869,0,188.764,3.69467,188.025,0.84672,12.849,0.84672,3695.15,0,36.966,0.393442,2.92049,2.11575,15.4729,1.00678,19.1089,0.42336,36.966,0.42336,423.524,0,1.02816,0,0,3.94865,2.92049,1.028160,1,0,209.235,0,0,0,209.235,0
72.29,2.32745,0,0,5.17088,0.196336,2.6471,3.6288,61.308,0.652703,0,0,2.31226,0.202681,1.45688,0.66528,12.849,1,0.413687,2.6471,0,102.291,4.20431,100.32,0.84672,12.849,0.84672,3695.15,0,36.966,0.393551,2.50783,2.11606,12.4349,1.14935,15.5159,0.42336,36.966,0.42336,423.524,0,1.02816,0,0,3.53599,2.50783,1.028160,1,0,117.293,0,0,0,117.293,0
72.29,2.32787,0,0,4.22464,0.196336,1.70043,3.6288,61.308,0.652884,0,0,1.97021,0.202681,1.11464,0.66528,12.849,1,0.413762,1.70043,0,87.1932,4.20431,84.2755,0.84672,12.849,0.84672,3695.15,0,36.966,0.39366,2.10179,2.11638,9.87077,1.14935,12.5459,0.42336,36.966,0.42336,423.524,0,1.02816,0,0,3.12995,2.10179,1.028160,1,0,97.9361,0,0,0,97.9361,0
72.29,2.45092,0,0,3.6872,0.196336,1.03994,3.6288,61.308,0.66528,0,0,1.78825,0.202681,0.920285,0.66528,12.849,1,0.435633,1.03994,0,56.5232,4.20431,52.9232,0.84672,12.849,0.84672,3695.15,0,36.966,0.47739,1.80933,2.1167,8.4882,1.14935,10.7875,0.42336,36.966,0.42336,423.524,0,1.02816,0,0,2.83749,1.80933,1.028160,1,0,64.631,0,0,0,64.631,0
72.29,2.45137,0,0,4.21584,0.15928,1.60519,3.6288,61.308,0.66528,0,0,1.76457,0.254982,0.844311,0.66528,12.849,1,0.435712,1.60519,0,90.6509,4.27928,87.5411,0.84672,12.849,0.84672,3695.15,0,36.966,0.477695,1.84206,2.21812,10.6614,1.14047,13.1034,0.42336,36.966,0.42336,423.524,0,1.02816,0,0,2.87022,1.84206,1.028160,1,0,101.489,0,0,0,101.489,0
72.29,2.45181,0,0,3.71967,0.15928,1.10858,3.6288,61.308,0.66528,0,0,1.86254,0.254982,0.94228,0.66528,12.849,1,0.43579,1.10858,0,61.6136,4.27928,58.0071,0.84672,12.849,0.84672,3695.15,0,36.966,0.478001,1.84902,2.21846,10.2956,1.14047,12.7446,0.42336,36.966,0.42336,423.524,0,1.02816,0,0,2.87718,1.84902,1.028160,1,0,71.694,0,0,0,71.694,0
72.29,2.45225,0,0,3.72584,0.15928,1.11431,3.6288,61.308,0.66528,0,0,1.74186,0.254982,0.821596,0.66528,12.849,1,0.435869,1.11431,0,62.151,4.27928,58.5501,0.84672,12.849,0.84672,3695.15,0,36.966,0.478306,1.01513,2.21879,8.95259,1.14047,10.5677,0.42336,36.966,0.42336,423.524,0,1.02816,0,0,2.04329,1.01513,1.028160,1,0,69.9395,0,0,0,69.9395,0
72.29,2.45269,0,0,3.20234,0.144203,0.605441,3.6288,61.308,0.66528,0,0,1.47691,0.255899,0.555734,0.66528,12.849,1,0.435948,0.605441,0,62.7938,4.42534,58.5379,0.84672,12.849,0.84672,3695.15,0,36.966,0.478612,0.989228,2.21912,8.74679,1.19547,10.2811,0.42336,36.966,0.42336,423.524,0,1.02816,0,0,2.01739,0.989228,1.028160,1,0,69.3747,0,0,0,69.3747,0
71.966,2.42887,0,0,2.58846,0.120685,0.36288,3.6288,61.308,0.66528,0,0,1.05855,0.268539,0.124728,0.66528,12.849,1,0.431712,0.36288,0,48.0483,5.34514,42.6344,0.84672,12.849,0.84672,3695.15,0,36.966,0.531633,0.824636,2.21946,6.27939,1.37873,7.41312,0.42336,36.966,0.42336,423.524,0,1.02816,0,0,1.8528,0.824636,1.028160,1,0,50.1722,0,0,0,50.1722,0
71.2605,2.42766,0,0,2.21107,0.126043,0.36288,3.6288,61.2557,0.66528,0,0,0.885643,0.272679,0,0.66528,12.849,1,0.43344,0.36288,0,38.9127,5.567,33.2751,0.84672,12.849,0.84672,3695.15,0,36.966,0.531948,0.664865,2.25516,4.96802,1.39704,5.95906,0.42336,36.966,0.42336,423.524,0,1.02816,0,0,1.69303,0.664865,1.028160,1,0,39.2342,0,0,0,39.2342,0
70.3973,2.42446,0,0,2.04949,0.125367,0.36288,3.6288,61.1537,0.66528,0,0,0.835885,0.272588,0,0.66528,12.849,1,0.437155,0.36288,0,35.3334,5.567,29.6921,0.84672,12.849,0.84672,3695.15,0,36.966,0.532262,0.539456,2.2555,4.90609,1.39704,5.77176,0.42336,36.966,0.42336,423.524,0,1.02816,0,0,1.56762,0.539456,1.028160,1,0,35.4639,0,0,0,35.4639,0
69.4816,2.42036,0,0,1.99211,0.124539,0.36288,3.6288,61.006,0.66528,0,0,0.790024,0.272413,0,0.66528,12.849,1,0.441767,0.36288,0,31.7605,5.567,26.1146,0.84672,12.849,0.84672,3695.15,0,36.966,0.532576,0.396783,2.25584,4.83519,1.39704,5.5582,0.42336,36.966,0.42336,423.524,0,1.02816,0,0,1.42494,0.396783,1.028160,1,0,31.6728,0,0,0,31.6728,0
68.3743,2.47822,0,0,1.83836,0.104544,0.36288,3.6288,60.7746,0.66528,0,0,0.729147,0.29529,0,0.66528,12.849,1,0.458289,0.36288,0,28.3656,5.73784,22.5324,0.84672,12.849,0.84672,3695.15,0,36.966,0.579903,0.282277,2.25618,4.51783,1.45966,5.01673,0.42336,36.966,0.42336,423.524,0,1.02816,0,0,1.31044,0.282277,1.028160,1,0,27.5491,0,0,0,27.5491,0
67.3564,2.47242,0,0,1.90887,0.0915299,0.36288,3.6288,60.6635,0.66528,0,0,0.875768,0.32161,0,0.66528,12.849,1,0.464621,0.36288,0,33.8206,5.89921,27.8196,0.84672,12.849,0.84672,3695.15,0,36.966,0.580225,0.515532,2.30669,4.66462,1.45879,5.44782,0.42336,36.966,0.42336,423.524,0,1.02816,0,0,1.54369,0.515532,1.028160,1,0,33.2675,0,0,0,33.2675,0
66.1929,2.46697,0,0,1.75721,0.0908012,0.36288,3.6288,60.4193,0.66528,0,0,0.742461,0.321383,0,0.66528,12.849,1,0.470602,0.36288,0,27.7798,5.89921,21.7728,0.84672,12.849,0.84672,3695.15,0,36.966,0.580547,0.609146,2.30704,4.51025,1.45879,5.38709,0.42336,36.966,0.42336,423.524,0,1.02816,0,0,1.63731,0.609146,1.028160,1,0,27.1599,0,0,0,27.1599,0
64.8886,2.46049,0,0,1.60902,0.0899685,0.36288,3.6288,60.1208,0.66528,0,0,0.687675,0.320885,0,0.66528,12.849,1,0.477615,0.36288,0,26.4046,5.89921,20.3907,0.84672,12.849,0.84672,3695.15,0,36.966,0.580869,0.371442,2.30738,3.96446,1.45879,4.60363,0.42336,36.966,0.42336,423.524,0,1.02816,0,0,1.3996,0.371442,1.028160,1,0,24.9943,0,0,0,24.9943,0
63.5124,2.63359,0,0,1.70002,0.0797842,0.36288,3.6288,59.9195,0.66528,0,0,0.789428,0.325417,0,0.66528,12.849,1,0.521494,0.36288,0,25.8967,6.04877,19.6893,0.84672,12.849,0.84672,3695.15,0,36.966,0.750992,0.651378,2.30773,5.24451,1.48867,5.96396,0.42336,36.966,0.42336,423.524,0,1.02816,0,0,1.67954,0.651378,1.028160,1,0,25.6533,0,0,0,25.6533,0
61.8611,2.62466,0,0,1.44654,0.11028,0.36288,3.6288,59.4931,0.66528,0,0,0.59175,0.352882,0,0.66528,12.849,1,0.530987,0.36288,0,19.3895,6.12717,13.0942,0.84672,12.849,0.84672,3695.15,0,36.966,0.751342,0.243691,2.47983,4.35847,1.44525,4.8854,0.42336,36.966,0.42336,423.524,0,1.02816,0,0,1.27185,0.243691,1.028160,1,0,17.9796,0,0,0,17.9796,0
60.3262,2.61339,0,0,1.55135,0.109946,0.36288,3.6288,59.1561,0.66528,0,0,0.693747,0.365461,0,0.66528,12.849,1,0.542821,0.36288,0,23.6958,6.21348,17.3024,0.84672,12.849,0.84672,3695.15,0,36.966,0.751692,0.485447,2.48021,4.53432,1.44763,5.30066,0.42336,36.966,0.42336,423.524,0,1.02816,0,0,1.51361,0.485447,1.028160,1,0,22.603,0,0,0,22.603,0
58.4986,2.60247,0,0,1.24629,0.108556,0.36288,3.6288,58.4462,0.847031,0,0,0.501782,0.364673,0,0.66528,12.849,1,0.554306,0.36288,0,23.1547,6.21348,16.7498,0.84672,12.849,0.84672,3695.15,0,36.966,0.752042,0.204422,2.48058,3.64002,1.44763,4.12536,0.42336,36.966,0.42336,423.524,0,0.846409,0,0,1.05083,0.204422,1.028160,1,0,20.8751,0,0,0,20.8751,0
56.9925,2.58874,0,0,1.55212,0.106667,0.36288,3.6288,58.2755,0.66528,0,0,0.857634,0.363014,0,0.66528,12.849,1,0.568606,0.36288,0,21.1474,6.21348,14.7281,0.84672,12.849,0.84672,3695.15,0,36.966,0.752392,0.95961,2.48096,5.62819,1.44763,6.86874,0.42336,36.966,0.42336,423.524,0,1.02816,0,0,1.98777,0.95961,1.028160,1,0,21.5969,0,0,0,21.5969,0
55.502,2.49078,0,0,1.47707,0.11385,0.36288,3.6288,58.0013,0.66528,0,0,0.738925,0.347922,0,0.66528,12.849,1,0.561549,0.36288,0,29.0457,5.87953,22.9675,0.84672,12.849,0.84672,3695.15,0,36.966,0.649596,0.58441,2.48134,7.33609,1.36659,8.38566,0.42336,36.966,0.42336,423.524,0,1.02816,0,0,1.61257,0.58441,1.028160,1,0,31.3531,0,0,0,31.3531,0
54.4724,2.47898,0,0,1.9463,0.134004,0.36288,3.6288,57.8444,0.66528,0,0,0.843005,0.334606,0,0.66528,12.849,1,0.573897,0.36288,0,28.5682,5.84212,22.515,0.84672,12.849,0.84672,3695.15,0,36.966,0.649929,0.807823,2.38224,10.0074,1.3938,11.1537,0.42336,36.966,0.42336,423.524,0,1.02816,0,0,1.83598,0.807823,1.028160,1,0,33.6687,0,0,0,33.6687,0
53.8268,2.47065,0,0,2.36326,0.175404,0.36288,3.6288,57.7332,0.66528,0,0,0.854643,0.300519,0,0.66528,12.849,1,0.582779,0.36288,0,25.9349,5.56605,20.149,0.84672,12.849,0.84672,3695.15,0,36.966,0.650262,0.838408,2.3826,7.40396,1.29898,8.67573,0.42336,36.966,0.42336,423.524,0,1.02816,0,0,1.86657,0.838408,1.028160,1,0,28.8247,0,0,0,28.8247,0
54.4569,2.46545,0,0,3.63273,0.174261,0.36288,3.6288,58.2112,0.66528,0,0,1.44355,0.300303,0,0.66528,12.849,1,0.588528,0.36288,0,48.124,5.56605,42.3323,0.84672,12.849,0.84672,3695.15,0,36.966,0.650596,2.22546,2.38296,14.3135,1.29898,16.9723,0.42336,36.966,0.42336,423.524,0,1.02816,0,0,3.25362,2.22546,1.028160,1,0,59.3046,0,0,0,59.3046,0
54.2758,2.40124,0,0,2.76818,0.185129,0.36288,3.6288,58.3443,0.66528,0,0,1.09267,0.294324,0,0.66528,12.849,1,0.566568,0.36288,0,68.4384,5.35395,62.8808,0.84672,12.849,0.84672,3695.15,0,36.966,0.556979,1.4284,2.38332,9.83353,1.26913,11.8191,0.42336,36.966,0.42336,423.524,0,1.02816,0,0,2.45656,1.4284,1.028160,1,0,74.6999,0,0,0,74.6999,0
52.3352,2.40014,0,0,1.0656,0.243193,0.36288,3.6288,58.0306,0.709281,0,0,0.648767,0.253101,0,0.66528,12.849,1,0.568198,0.36288,0,32.4259,4.08135,28.1393,0.84672,12.849,0.84672,3695.15,0,36.966,0.557297,0.216518,2.29484,5.85967,1.09007,6.72366,0.42336,36.966,0.42336,423.524,0,0.984159,0,0,1.20068,0.216518,1.028160,1,0,34.8629,0,0,0,34.8629,0
50.8741,2.38366,0,0,1.52385,0.238419,0.36288,3.6288,57.551,0.836153,0,0,0.60911,0.25259,0,0.66528,12.849,1,0.585219,0.36288,0,40.2014,4.08135,35.8977,0.84672,12.849,0.84672,3695.15,0,36.966,0.557615,0.216518,2.29519,6.70893,1.09007,7.57295,0.42336,36.966,0.42336,423.524,0,0.857287,0,0,1.07381,0.216518,1.028160,1,0,43.4707,0,0,0,43.4707,0
51.8999,2.37066,0,0,3.99419,0.234824,0.36288,3.6288,58.4557,0.66528,0,0,1.82182,0.251808,0,0.66528,12.849,1,0.598746,0.36288,0,89.3353,4.08135,85.0181,0.84672,12.849,0.84672,3695.15,0,36.966,0.557933,2.66096,2.29553,13.5698,1.09007,16.8783,0.42336,36.966,0.42336,423.524,0,1.02816,0,0,3.68912,2.66096,1.028160,1,0,101.896,0,0,0,101.896,0
51.8676,2.18304,0,0,2.76263,0.249014,0.36288,3.6288,58.806,0.629593,0,0,1.23764,0.257825,0,0.66528,12.849,1,0.54046,0.36288,0,67.2723,3.95853,63.1362,0.84672,12.849,0.84672,3695.15,0,36.966,0.398139,1.48432,2.29588,7.89679,1.04764,10.2312,0.42336,36.966,0.42336,423.524,0,1.02816,0,0,2.51248,1.48432,1.028160,1,0,73.3674,0,0,0,73.3674,0
52.9958,2.18316,0,0,3.87056,0.196327,0.36288,3.6288,59.1022,0.631224,0,0,1.1357,0.208228,0,0.66528,12.849,1,0.540828,0.36288,0,70.0158,3.41883,66.419,0.84672,12.849,0.84672,3695.15,0,36.966,0.396794,1.28792,2.09877,9.52007,0.91317,11.5968,0.42336,36.966,0.42336,423.524,0,1.02816,0,0,2.31608,1.28792,1.028160,1,0,78.0158,0,0,0,78.0158,0
53.7502,2.19283,0,0,3.55597,0.245855,0.36288,3.6288,59.2017,0.632624,0,0,0.905291,0.173206,0,0.66528,12.849,1,0.531658,0.36288,0,57.3096,3.65053,53.4902,0.84672,12.849,0.84672,3695.15,0,36.966,0.39568,0.988736,2.09908,9.48275,0.929899,11.245,0.42336,36.966,0.42336,423.524,0,1.02816,0,0,2.0169,0.988736,1.028160,1,0,64.7352,0,0,0,64.7352,0
54.7076,2.19925,0,0,3.76727,0.247757,0.36288,3.6288,59.5208,0.63321,0,0,1.12565,0.173316,0,0.66528,12.849,1,0.525731,0.36288,0,85.3062,3.65053,81.4928,0.84672,12.849,0.84672,3695.15,0,36.966,0.395381,1.10916,2.09939,10.18,0.929899,12.0633,0.42336,36.966,0.42336,423.524,0,1.02816,0,0,2.13732,1.10916,1.028160,1,0,93.5561,0,0,0,93.5561,0
57.0772,2.2071,0,0,5.18972,0.250169,0.36288,3.6288,60.3398,0.634694,0,0,1.62733,0.17367,0,0.66528,12.849,1,0.518375,0.36288,0,113.802,3.65053,109.996,0.84672,12.849,0.84672,3695.15,0,36.966,0.394183,1.80729,2.09971,14.8188,0.929899,17.4017,0.42336,36.966,0.42336,423.524,0,1.02816,0,0,2.83545,1.80729,1.028160,1,0,127.397,0,0,0,127.397,0
61.3531,2.22467,0,0,7.09448,0.231036,0.36288,3.6288,61.308,0.638012,0,0,2.7358,0.224331,0.905216,0.66528,12.849,1,0.500809,0.36288,0,162.398,4.64033,157.62,0.84672,12.849,0.84672,3695.15,0,36.966,0.390866,3.61868,2.10002,16.206,1.2305,20.3033,0.42336,36.966,0.42336,423.524,0,1.02816,0,0,4.64684,3.61868,1.028160,1,0,178.829,0,0,0,178.829,0
67.3311,2.33237,0,0,8.94376,0.270528,0.36288,3.6288,61.308,0.66528,0,0,2.14112,0.208589,1.26725,0.66528,12.849,1,0.488461,0.36288,0,172.217,4.50419,167.587,0.84672,12.849,0.84672,3695.15,0,36.966,0.420619,3.15514,2.10002,10.3872,1.03961,14.1821,0.42336,36.966,0.42336,423.524,0,1.02816,0,0,4.1833,3.15514,1.028160,1,0,183.036,0,0,0,183.036,0
70.3701,2.36919,0,0,6.05503,0.28391,0.36288,3.6288,61.308,0.66528,0,0,1.21498,0.208589,0.341114,0.66528,12.849,1,0.45212,0.36288,0,132.471,4.50419,127.878,0.84672,12.849,0.84672,3695.15,0,36.966,0.420899,3.18514,2.16194,8.85678,1.03961,12.7433,0.42336,36.966,0.42336,423.524,0,1.02816,0,0,4.2133,3.18514,1.028160,1,0,140.962,0,0,0,140.962,0
72.29,2.38611,0,0,5.61126,0.290712,1.01455,3.6288,61.308,0.66528,0,0,1.20797,0.208589,0.334098,0.66528,12.849,1,0.435683,1.01455,0,105.881,4.50419,101.956,0.84672,12.849,0.84672,3695.15,0,36.966,0.421178,2.79121,2.16225,8.40475,1.03961,11.8974,0.42336,36.966,0.42336,423.524,0,1.02816,0,0,3.81937,2.79121,1.028160,1,0,114.188,0,0,0,114.188,0
72.29,2.39634,0,0,5.70789,0.315045,2.9965,3.6288,61.2383,0.66528,0,0,0.798768,0.203234,0,0.66528,12.849,1,0.425931,2.9965,0,103.897,4.56115,101.906,0.84672,12.849,0.84672,3695.15,0,36.966,0.421458,2.0378,2.16256,8.48577,1.13895,11.1257,0.42336,36.966,0.42336,423.524,0,1.02816,0,0,3.06596,2.0378,1.028160,1,0,113.032,0,0,0,113.032,0
72.29,2.65557,0,0,11.2378,0.309615,8.27261,3.6288,61.308,0.66528,0,0,1.81916,0.194133,0.890002,0.66528,12.849,1,0.472007,8.27261,0,310.54,3.69926,314.641,0.84672,12.849,0.84672,3695.15,0,36.966,0.634882,4.25296,2.16286,13.3322,1.01861,18.0945,0.42336,36.966,0.42336,423.524,0,1.02816,0,0,5.28112,4.25296,1.028160,1,0,333.626,0,0,0,333.626,0
72.29,2.65602,0,0,8.84045,0.309615,5.87482,3.6288,61.308,0.66528,0,0,1.51464,0.194219,0.655136,0.66528,12.849,1,0.472087,5.87482,0,223.938,3.69926,225.641,0.84672,12.849,0.84672,3695.15,0,36.966,0.635194,3.63825,2.38497,10.7631,1.01861,15.1325,0.42336,36.966,0.42336,423.524,0,1.02816,0,0,4.66641,3.63825,1.028160,1,0,241.429,0,0,0,241.429,0
72.29,2.65647,0,0,8.14234,0.309253,5.17662,3.6288,61.308,0.66528,0,0,1.58078,0.171228,0.744275,0.66528,12.849,1,0.472167,5.17662,0,206.036,3.27168,207.469,0.84672,12.849,0.84672,3695.15,0,36.966,0.635507,4.31412,2.38531,10.977,0.886908,16.154,0.42336,36.966,0.42336,423.524,0,1.02816,0,0,5.34228,4.31412,1.028160,1,0,224.367,0,0,0,224.367,0
72.29,2.65692,0,0,6.86552,0.280634,3.92797,3.6288,61.308,0.66528,0,0,1.46051,0.18649,0.608744,0.66528,12.849,1,0.472247,3.92797,0,173.507,3.35275,173.61,0.84672,12.849,0.84672,3695.15,0,36.966,0.63582,3.54556,2.38565,9.22044,0.855561,13.6603,0.42336,36.966,0.42336,423.524,0,1.02816,0,0,4.57372,3.54556,1.028160,1,0,187.879,0,0,0,187.879,0
72.29,2.28798,0,0,9.47221,0.341486,6.84274,3.6288,61.308,0.633326,0,0,3.94057,0.150284,3.15696,0.66528,12.849,1,0.406671,6.84274,0,231.627,2.58605,235.477,0.84672,12.849,0.84672,3695.15,0,36.966,0.381868,7.95256,2.38599,17.2632,0.727182,26.4927,0.42336,36.966,0.42336,423.524,0,1.02816,0,0,8.98072,7.95256,1.028160,1,0,265.127,0,0,0,265.127,0
72.29,2.28837,0,0,7.79891,0.341486,5.16905,3.6288,61.308,0.633494,0,0,2.56605,0.150284,1.78228,0.66528,12.849,1,0.406741,5.16905,0,241.827,2.58605,244.003,0.84672,12.849,0.84672,3695.15,0,36.966,0.381969,6.40836,2.08367,14.2943,0.727182,21.6772,0.42336,36.966,0.42336,423.524,0,1.02816,0,0,7.43652,6.40836,1.028160,1,0,267.462,0,0,0,267.462,0
72.29,2.28877,0,0,5.96413,0.330777,3.34459,3.6288,61.308,0.633662,0,0,1.78624,0.158142,0.994438,0.66528,12.849,1,0.406811,3.34459,0,181.819,2.66504,182.092,0.84672,12.849,0.84672,3695.15,0,36.966,0.38207,3.42972,2.08397,10.1577,0.756891,14.5324,0.42336,36.966,0.42336,423.524,0,1.02816,0,0,4.45788,3.42972,1.028160,1,0,197.619,0,0,0,197.619,0
72.29,2.28916,0,0,5.01737,0.236927,2.49128,3.6288,61.308,0.633829,0,0,1.42803,0.198646,0.595553,0.66528,12.849,1,0.406881,2.49128,0,139.232,3.43658,137.88,0.84672,12.849,0.84672,3695.15,0,36.966,0.382171,2.17293,2.08426,7.22589,0.992938,10.108,0.42336,36.966,0.42336,423.524,0,1.02816,0,0,3.20109,2.17293,1.028160,1,0,148.583,0,0,0,148.583,0
72.29,2.28955,0,0,4.10412,0.271971,1.5426,3.6288,61.308,0.633997,0,0,1.28607,0.208694,0.443382,0.66528,12.849,1,0.406951,1.5426,0,116.453,3.21296,114.375,0.84672,12.849,0.84672,3695.15,0,36.966,0.382272,2.5715,2.08456,6.80968,0.996835,10.0866,0.42336,36.966,0.42336,423.524,0,1.02816,0,0,3.59966,2.5715,1.028160,1,0,124.905,0,0,0,124.905,0
72.29,2.383,0,0,4.90647,0.304579,2.2189,3.6288,61.308,0.66528,0,0,1.28839,0.199355,0.423753,0.66528,12.849,1,0.42356,2.2189,0,85.6716,2.92866,84.5383,0.84672,12.849,0.84672,3695.15,0,36.966,0.421331,1.93457,2.08485,5.25778,0.908679,7.94718,0.42336,36.966,0.42336,423.524,0,1.02816,0,0,2.96273,1.93457,1.028160,1,0,92.9093,0,0,0,92.9093,0
72.29,2.3834,0,0,4.30421,0.304579,1.61622,3.6288,61.308,0.66528,0,0,1.97323,0.199355,1.10859,0.66528,12.849,1,0.423632,1.61622,0,94.2814,2.92866,92.5453,0.84672,12.849,0.84672,3695.15,0,36.966,0.421611,3.05347,2.15982,7.1804,0.908679,11.0634,0.42336,36.966,0.42336,423.524,0,1.02816,0,0,4.08163,3.05347,1.028160,1,0,104.717,0,0,0,104.717,0
72.29,2.38381,0,0,3.46734,0.304579,0.778945,3.6288,61.308,0.66528,0,0,1.71894,0.199355,0.854301,0.66528,12.849,1,0.423704,0.778945,0,113.702,2.92866,111.129,0.84672,12.849,0.84672,3695.15,0,36.966,0.421891,3.6066,2.16013,5.77504,0.908679,10.2112,0.42336,36.966,0.42336,423.524,0,1.02816,0,0,4.63476,3.6066,1.028160,1,0,122.194,0,0,0,122.194,0
72.1327,2.38422,0,0,2.867,0.277169,0.36288,3.6288,61.308,0.66528,0,0,1.1967,0.193478,0.337942,0.66528,12.849,1,0.423777,0.36288,0,81.2186,2.78869,78.369,0.84672,12.849,0.84672,3695.15,0,36.966,0.42217,2.21515,2.16043,4.72395,0.889873,7.78749,0.42336,36.966,0.42336,423.524,0,1.02816,0,0,3.24331,2.21515,1.028160,1,0,86.4944,0,0,0,86.4944,0
72.2144,2.34745,0,0,3.0307,0.238714,0.36288,3.6288,61.308,0.661589,0,0,1.09033,0.261736,0.167008,0.66528,12.849,1,0.418151,0.36288,0,68.2992,4.70505,63.5389,0.84672,12.849,0.84672,3695.15,0,36.966,0.398909,2.26925,2.16074,5.23191,1.15989,8.1031,0.42336,36.966,0.42336,423.524,0,1.02816,0,0,3.29741,2.26925,1.028160,1,0,71.809,0,0,0,71.809,0
71.9887,2.34825,0,0,2.72431,0.238862,0.36288,3.6288,61.308,0.661761,0,0,0.966082,0.261736,0.0425846,0.66528,12.849,1,0.417821,0.36288,0,59.0179,4.70505,54.2579,0.84672,12.849,0.84672,3695.15,0,36.966,0.399012,1.89823,2.13197,4.57803,1.15989,7.04932,0.42336,36.966,0.42336,423.524,0,1.02816,0,0,2.92639,1.89823,1.028160,1,0,61.3498,0,0,0,61.3498,0
71.5804,2.34754,0,0,2.51466,0.212587,0.36288,3.6288,61.308,0.661932,0,0,0.904478,0.227603,0.0149424,0.66528,12.849,1,0.419004,0.36288,0,56.6381,3.99729,52.5846,0.84672,12.849,0.84672,3695.15,0,36.966,0.399116,1.76204,2.13227,4.13421,0.980385,6.64902,0.42336,36.966,0.42336,423.524,0,1.02816,0,0,2.7902,1.76204,1.028160,1,0,59.2486,0,0,0,59.2486,0
71.1191,2.34592,0,0,2.45511,0.207629,0.36288,3.6288,61.308,0.662104,0,0,0.962608,0.221915,0.0785893,0.66528,12.849,1,0.421103,0.36288,0,51.3234,3.87933,47.3859,0.84672,12.849,0.84672,3695.15,0,36.966,0.39922,2.32855,2.13257,4.49855,0.950467,7.60998,0.42336,36.966,0.42336,423.524,0,1.02816,0,0,3.35671,2.32855,1.028160,1,0,55.0744,0,0,0,55.0744,0
70.5033,2.46735,0,0,2.42146,0.207033,0.36288,3.6288,61.308,0.66528,0,0,0.94176,0.218935,0.0575449,0.66528,12.849,1,0.445773,0.36288,0,51.6047,4.5339,46.9879,0.84672,12.849,0.84672,3695.15,0,36.966,0.492954,1.80743,2.13287,4.17423,0.978599,6.64297,0.42336,36.966,0.42336,423.524,0,1.02816,0,0,2.83559,1.80743,1.028160,1,0,53.6885,0,0,0,53.6885,0
69.6883,2.46447,0,0,2.18687,0.174435,0.36288,3.6288,61.1715,0.66528,0,0,0.729924,0.20114,0,0.66528,12.849,1,0.449143,0.36288,0,46.8238,4.13858,42.5989,0.84672,12.849,0.84672,3695.15,0,36.966,0.493244,1.71309,2.23513,3.82298,0.975312,6.30264,0.42336,36.966,0.42336,423.524,0,1.02816,0,0,2.74125,1.71309,1.028160,1,0,48.9016,0,0,0,48.9016,0
68.7372,2.46046,0,0,2.02319,0.150959,0.36288,3.6288,61.0419,0.66528,0,0,0.74202,0.206317,0,0.66528,12.849,1,0.453654,0.36288,0,42.4193,4.30112,38.0274,0.84672,12.849,0.84672,3695.15,0,36.966,0.493535,1.7184,2.23544,3.77219,0.945223,6.28728,0.42336,36.966,0.42336,423.524,0,1.02816,0,0,2.74656,1.7184,1.028160,1,0,44.3147,0,0,0,44.3147,0
67.7291,2.45559,0,0,1.96018,0.149847,0.36288,3.6288,60.948,0.66528,0,0,0.777548,0.206147,0,0.66528,12.849,1,0.459021,0.36288,0,40.25,4.30112,35.8527,0.84672,12.849,0.84672,3695.15,0,36.966,0.493826,1.61846,2.23576,3.91574,0.945223,6.33092,0.42336,36.966,0.42336,423.524,0,1.02816,0,0,2.64662,1.61846,1.028160,1,0,42.1836,0,0,0,42.1836,0
66.7768,2.45026,0,0,2.02464,0.163784,0.36288,3.6288,60.8532,0.66528,0,0,0.799191,0.228747,0,0.66528,12.849,1,0.464843,0.36288,0,40.8711,4.66519,36.1039,0.84672,12.849,0.84672,3695.15,0,36.966,0.494116,1.23102,2.23608,4.07251,1.06792,5.97757,0.42336,36.966,0.42336,423.524,0,1.02816,0,0,2.25918,1.23102,1.028160,1,0,42.0815,0,0,0,42.0815,0
65.9289,2.42095,0,0,2.04586,0.10994,0.36288,3.6288,60.778,0.66528,0,0,0.860509,0.270474,0,0.66528,12.849,1,0.465832,0.36288,0,41.0536,5.13059,35.8201,0.84672,12.849,0.84672,3695.15,0,36.966,0.54756,1.1236,2.2364,4.55565,1.21708,6.15101,0.42336,36.966,0.42336,423.524,0,1.02816,0,0,2.15176,1.1236,1.028160,1,0,41.9711,0,0,0,41.9711,0
64.9481,2.41634,0,0,1.89714,0.0986912,0.36288,3.6288,60.6885,0.66528,0,0,0.850288,0.274482,0,0.66528,12.849,1,0.470926,0.36288,0,37.5449,5.16264,32.2742,0.84672,12.849,0.84672,3695.15,0,36.966,0.547859,1.03605,2.27238,4.29761,1.2266,5.83158,0.42336,36.966,0.42336,423.524,0,1.02816,0,0,2.06421,1.03605,1.028160,1,0,38.1058,0,0,0,38.1058,0
63.8411,2.41082,0,0,1.76457,0.0978566,0.36288,3.6288,60.603,0.66528,0,0,0.854142,0.274326,0,0.66528,12.849,1,0.476944,0.36288,0,34.7244,5.16264,29.4477,0.84672,12.849,0.84672,3695.15,0,36.966,0.548158,1.14077,2.2727,4.06641,1.2266,5.70512,0.42336,36.966,0.42336,423.524,0,1.02816,0,0,2.16893,1.14077,1.028160,1,0,35.1528,0,0,0,35.1528,0
62.6773,2.40434,0,0,1.69821,0.094828,0.36288,3.6288,60.4409,0.66528,0,0,0.801835,0.298674,0,0.66528,12.849,1,0.483911,0.36288,0,32.6417,5.50258,27.0181,0.84672,12.849,0.84672,3695.15,0,36.966,0.548457,1.02338,2.27302,3.93212,1.31518,5.36489,0.42336,36.966,0.42336,423.524,0,1.02816,0,0,2.05154,1.02338,1.028160,1,0,32.383,0,0,0,32.383,0
61.6428,2.4591,0,0,1.87996,0.0925274,0.36288,3.6288,60.3469,0.66528,0,0,0.921033,0.34973,0,0.66528,12.849,1,0.504121,0.36288,0,43.3835,6.3337,36.9086,0.84672,12.849,0.84672,3695.15,0,36.966,0.596156,1.15612,2.27335,4.6875,1.55669,5.96413,0.42336,36.966,0.42336,423.524,0,1.02816,0,0,2.18428,1.15612,1.028160,1,0,42.8727,0,0,0,42.8727,0
60.4662,2.45251,0,0,1.7306,0.0917439,0.36288,3.6288,60.1129,0.66528,0,0,0.780814,0.349522,0,0.66528,12.849,1,0.51121,0.36288,0,35.6351,6.3337,29.153,0.84672,12.849,0.84672,3695.15,0,36.966,0.596462,1.28857,2.32425,4.53236,1.55669,5.99203,0.42336,36.966,0.42336,423.524,0,1.02816,0,0,2.31673,1.28857,1.028160,1,0,35.1451,0,0,0,35.1451,0
59.1524,2.44473,0,0,1.58463,0.0908529,0.36288,3.6288,59.8219,0.66528,0,0,0.723203,0.349001,0,0.66528,12.849,1,0.519501,0.36288,0,33.871,6.3337,27.3806,0.84672,12.849,0.84672,3695.15,0,36.966,0.596768,0.95224,2.32458,3.9839,1.55669,5.10727,0.42336,36.966,0.42336,423.524,0,1.02816,0,0,1.9804,0.95224,1.028160,1,0,32.4879,0,0,0,32.4879,0
57.9472,2.43566,0,0,1.67426,0.0809198,0.36288,3.6288,59.6333,0.66528,0,0,0.830209,0.353486,0,0.66528,12.849,1,0.529071,0.36288,0,33.2194,6.48325,26.57,0.84672,12.849,0.84672,3695.15,0,36.966,0.597075,1.34832,2.32491,5.27018,1.58657,6.75977,0.42336,36.966,0.42336,423.524,0,1.02816,0,0,2.37648,1.34832,1.028160,1,0,33.3297,0,0,0,33.3297,0
56.5745,2.60569,0,0,1.69015,0.0942487,0.36288,3.6288,59.4695,0.66528,0,0,0.818052,0.316578,0,0.66528,12.849,1,0.577776,0.36288,0,30.5533,6.20685,24.1315,0.84672,12.849,0.84672,3695.15,0,36.966,0.768576,1.28593,2.32524,5.71041,1.54607,7.00693,0.42336,36.966,0.42336,423.524,0,1.02816,0,0,2.31409,1.28593,1.028160,1,0,31.1385,0,0,0,31.1385,0
55.3328,2.5947,0,0,1.80529,0.089452,0.36288,3.6288,59.421,0.66528,0,0,0.939807,0.323034,0,0.66528,12.849,1,0.5893,0.36288,0,34.286,6.27207,27.7875,0.84672,12.849,0.84672,3695.15,0,36.966,0.768909,1.69535,2.49874,5.47566,1.55294,7.3479,0.42336,36.966,0.42336,423.524,0,1.02816,0,0,2.72351,1.69535,1.028160,1,0,35.1354,0,0,0,35.1354,0
53.7456,2.58441,0,0,1.44844,0.0883537,0.36288,3.6288,59.1718,0.66528,0,0,0.738997,0.322934,0,0.66528,12.849,1,0.600134,0.36288,0,40.3278,6.27207,33.8185,0.84672,12.849,0.84672,3695.15,0,36.966,0.769242,1.15657,2.49909,4.54859,1.55294,5.88207,0.42336,36.966,0.42336,423.524,0,1.02816,0,0,2.18473,1.15657,1.028160,1,0,39.7006,0,0,0,39.7006,0
52.4406,2.57054,0,0,1.71544,0.08695,0.36288,3.6288,59.3121,0.66528,0,0,1.12806,0.322419,0,0.66528,12.849,1,0.614541,0.36288,0,34.6143,6.27207,28.0906,0.84672,12.849,0.84672,3695.15,0,36.966,0.769575,2.25835,2.49945,6.15102,1.55294,8.58631,0.42336,36.966,0.42336,423.524,0,1.02816,0,0,3.28651,2.25835,1.028160,1,0,36.6769,0,0,0,36.6769,0
50.889,2.55869,0,0,1.46419,0.094267,0.36288,3.6288,59.1301,0.66528,0,0,0.785652,0.302445,0,0.66528,12.849,1,0.626929,0.36288,0,35.3361,5.67875,29.3933,0.84672,12.849,0.84672,3695.15,0,36.966,0.769908,1.20903,2.49981,5.54526,1.44353,7.04067,0.42336,36.966,0.42336,423.524,0,1.02816,0,0,2.23719,1.20903,1.028160,1,0,36.434,0,0,0,36.434,0
49.2506,2.45887,0,0,1.28719,0.103873,0.36288,3.6288,59.2838,0.66528,0,0,1.09414,0.275105,0,0.66528,12.849,1,0.620842,0.36288,0,31.6301,4.88764,26.4845,0.84672,12.849,0.84672,3695.15,0,36.966,0.666252,1.80508,2.50017,5.20748,1.29765,7.54883,0.42336,36.966,0.42336,423.524,0,1.02816,0,0,2.83324,1.80508,1.028160,1,0,34.0333,0,0,0,34.0333,0
47.4705,2.44291,0,0,1.12784,0.102088,0.36288,3.6288,59.0195,0.66528,0,0,0.6763,0.275376,0,0.66528,12.849,1,0.637331,0.36288,0,32.1145,4.88764,26.9524,0.84672,12.849,0.84672,3695.15,0,36.966,0.66657,1.02206,2.40024,4.1053,1.29765,5.56338,0.42336,36.966,0.42336,423.524,0,1.02816,0,0,2.05022,1.02206,1.028160,1,0,32.5158,0,0,0,32.5158,0
45.5005,2.42451,0,0,0.917473,0.100132,0.36288,3.6288,58.6359,0.66528,0,0,0.556645,0.27491,0,0.66528,12.849,1,0.656249,0.36288,0,29.4904,4.88764,24.3094,0.84672,12.849,0.84672,3695.15,0,36.966,0.666887,0.572668,2.40058,3.70931,1.29765,4.71802,0.42336,36.966,0.42336,423.524,0,1.02816,0,0,1.60083,0.572668,1.028160,1,0,29.0274,0,0,0,29.0274,0
44.0915,2.40276,0,0,1.51584,0.159234,0.36288,3.6288,58.599,0.66528,0,0,0.842937,0.214613,0,0.66528,12.849,1,0.678521,0.36288,0,41.9853,4.05712,37.6125,0.84672,12.849,0.84672,3695.15,0,36.966,0.667204,1.00662,2.40092,4.91404,1.03806,6.61633,0.42336,36.966,0.42336,423.524,0,1.02816,0,0,2.03478,1.00662,1.028160,1,0,44.2289,0,0,0,44.2289,0
42.6936,2.31868,0,0,1.53179,0.248098,0.36288,3.6288,58.7297,0.66528,0,0,1.0042,0.208249,0,0.66528,12.849,1,0.675702,0.36288,0,25.7927,5.29357,20.1863,0.84672,12.849,0.84672,3695.15,0,36.966,0.572807,0.879388,2.40127,3.7162,1.28634,5.1377,0.42336,36.966,0.42336,423.524,0,1.02816,0,0,1.90755,0.879388,1.028160,1,0,25.324,0,0,0,25.324,0
42.0233,2.30206,0,0,2.23884,0.244145,0.36288,3.6288,59.085,0.66528,0,0,1.22909,0.208424,0,0.66528,12.849,1,0.692825,0.36288,0,51.8637,5.29357,46.2402,0.84672,12.849,0.84672,3695.15,0,36.966,0.573109,1.83459,2.31205,7.82103,1.28634,10.1082,0.42336,36.966,0.42336,423.524,0,1.02816,0,0,2.86275,1.83459,1.028160,1,0,56.3484,0,0,0,56.3484,0
41.2462,2.29399,0,0,2.1089,0.229162,0.36288,3.6288,59.1523,0.66528,0,0,0.941293,0.208714,0,0.66528,12.849,1,0.701407,0.36288,0,51.8028,5.2542,46.2101,0.84672,12.849,0.84672,3695.15,0,36.966,0.573412,1.90487,2.31238,6.94128,1.26961,9.31551,0.42336,36.966,0.42336,423.524,0,1.02816,0,0,2.93303,1.90487,1.028160,1,0,55.5256,0,0,0,55.5256,0
40.7288,2.2843,0,0,2.32708,0.197275,0.36288,3.6288,59.4072,0.66528,0,0,1.11351,0.193399,0,0.66528,12.849,1,0.711604,0.36288,0,42.9487,5.00037,37.5997,0.84672,12.849,0.84672,3695.15,0,36.966,0.573715,2.07019,2.31271,10.6918,1.14916,13.3518,0.42336,36.966,0.42336,423.524,0,1.02816,0,0,3.09835,2.07019,1.028160,1,0,50.9515,0,0,0,50.9515,0
41.3443,2.08896,0,0,3.28337,0.216124,0.36288,3.6288,60.3606,0.642266,0,0,1.77325,0.177563,0,0.66528,12.849,1,0.659017,0.36288,0,62.0491,4.35486,57.3981,0.84672,12.849,0.84672,3695.15,0,36.966,0.399649,2.40133,2.31304,9.58392,1.08572,12.8129,0.42336,36.966,0.42336,423.524,0,1.02816,0,0,3.42949,2.40133,1.028160,1,0,70.211,0,0,0,70.211,0
41.489,2.0968,0,0,2.84178,0.237311,0.36288,3.6288,61.297,0.64635,0,0,1.77071,0.187962,0,0.66528,12.849,1,0.651645,0.36288,0,67.5369,3.79488,63.4533,0.84672,12.849,0.84672,3695.15,0,36.966,0.395837,1.87351,2.11431,8.61218,0.960287,11.2439,0.42336,36.966,0.42336,423.524,0,1.02816,0,0,2.90167,1.87351,1.028160,1,0,74.6971,0,0,0,74.6971,0
41.571,2.09889,0,0,2.79185,0.248113,0.36288,3.6288,61.308,0.650292,0,0,1.44828,0.193707,0.593264,0.66528,12.849,1,0.650019,0.36288,0,83.3492,3.67206,79.39,0.84672,12.849,0.84672,3695.15,0,36.966,0.392167,1.6727,2.11461,8.32879,0.917863,10.8061,0.42336,36.966,0.42336,423.524,0,1.02816,0,0,2.70086,1.6727,1.028160,1,0,90.7893,0,0,0,90.7893,0
42.7946,2.10023,0,0,3.93504,0.248352,0.36288,3.6288,61.308,0.650506,0,0,2.44593,0.193721,1.60171,0.66528,12.849,1,0.649151,0.36288,0,93.7682,3.67206,89.8099,0.84672,12.849,0.84672,3695.15,0,36.966,0.392226,3.35328,2.11491,12.076,0.917863,16.2341,0.42336,36.966,0.42336,423.524,0,1.02816,0,0,4.38144,3.35328,1.028160,1,0,107.646,0,0,0,107.646,0
45.8181,2.11487,0,0,5.73788,0.236616,0.36288,3.6288,61.308,0.650676,0,0,1.61444,0.199168,0.764601,0.66528,12.849,1,0.634985,0.36288,0,114.819,3.83551,110.711,0.84672,12.849,0.84672,3695.15,0,36.966,0.392328,2.41342,2.11521,9.49035,0.944862,12.6818,0.42336,36.966,0.42336,423.524,0,1.02816,0,0,3.44158,2.41342,1.028160,1,0,124.157,0,0,0,124.157,0
47.3583,2.22264,0,0,4.34617,0.220436,0.36288,3.6288,61.308,0.66528,0,0,1.46249,0.24546,0.551753,0.66528,12.849,1,0.623305,0.36288,0,113.914,4.70274,108.951,0.84672,12.849,0.84672,3695.15,0,36.966,0.435188,2.97003,2.1155,8.59956,1.06303,12.1869,0.42336,36.966,0.42336,423.524,0,1.02816,0,0,3.99819,2.97003,1.028160,1,0,121.69,0,0,0,121.69,0
47.9948,2.23894,0,0,3.46257,0.224231,0.36288,3.6288,61.308,0.66528,0,0,1.02572,0.24546,0.114984,0.66528,12.849,1,0.607457,0.36288,0,106.965,4.70274,102.018,0.84672,12.849,0.84672,3695.15,0,36.966,0.435453,1.95102,2.17791,5.8938,1.06303,8.52424,0.42336,36.966,0.42336,423.524,0,1.02816,0,0,2.97918,1.95102,1.028160,1,0,110.657,0,0,0,110.657,0
48.4976,2.24566,0,0,3.3371,0.2258,0.36288,3.6288,61.308,0.66528,0,0,0.979638,0.24546,0.0688982,0.66528,12.849,1,0.601199,0.36288,0,87.1232,4.70274,82.1821,0.84672,12.849,0.84672,3695.15,0,36.966,0.435718,2.13414,2.1782,5.47099,1.06303,8.28457,0.42336,36.966,0.42336,423.524,0,1.02816,0,0,3.1623,2.13414,1.028160,1,0,90.5356,0,0,0,90.5356,0
48.7939,2.25095,0,0,3.14147,0.231313,0.36288,3.6288,61.3047,0.66528,0,0,0.868657,0.206671,0,0.66528,12.849,1,0.596368,0.36288,0,81.5348,4.10067,77.2007,0.84672,12.849,0.84672,3695.15,0,36.966,0.435984,2.03035,2.17849,5.03839,0.902158,7.90909,0.42336,36.966,0.42336,423.524,0,1.02816,0,0,3.05851,2.03035,1.028160,1,0,85.1097,0,0,0,85.1097,0
49.3202,2.49739,0,0,3.62472,0.238145,0.36288,3.6288,61.032,0.66528,0,0,0.629556,0.236939,0,0.66528,12.849,1,0.657642,0.36288,0,67.5062,4.27266,62.9388,0.84672,12.849,0.84672,3695.15,0,36.966,0.651099,1.27378,2.17878,3.31924,1.04452,5.07617,0.42336,36.966,0.42336,423.524,0,1.02816,0,0,2.30194,1.27378,1.028160,1,0,68.015,0,0,0,68.015,0
50.1943,2.50335,0,0,3.98082,0.240522,0.36288,3.6288,60.7651,0.66528,0,0,0.639908,0.241567,0,0.66528,12.849,1,0.652179,0.36288,0,68.9517,4.30133,64.3611,0.84672,12.849,0.84672,3695.15,0,36.966,0.651395,0.954046,2.40264,3.35521,1.06825,4.99226,0.42336,36.966,0.42336,423.524,0,1.02816,0,0,1.98221,0.954046,1.028160,1,0,69.3533,0,0,0,69.3533,0
51.1121,2.5128,0,0,4.0638,0.270272,0.36288,3.6288,60.6157,0.66528,0,0,0.740439,0.224528,0,0.66528,12.849,1,0.643239,0.36288,0,68.6362,4.29592,64.0599,0.84672,12.849,0.84672,3695.15,0,36.966,0.651692,1.61941,2.40297,3.98421,1.08645,6.26844,0.42336,36.966,0.42336,423.524,0,1.02816,0,0,2.64757,1.61941,1.028160,1,0,70.3283,0,0,0,70.3283,0
52.533,2.52243,0,0,4.59016,0.283998,0.36288,3.6288,60.4888,0.66528,0,0,0.756026,0.217669,0,0.66528,12.849,1,0.634109,0.36288,0,62.8327,4.29376,58.2677,0.84672,12.849,0.84672,3695.15,0,36.966,0.651989,1.99125,2.40329,3.847,1.09373,6.49582,0.42336,36.966,0.42336,423.524,0,1.02816,0,0,3.01941,1.99125,1.028160,1,0,64.7635,0,0,0,64.7635,0
56.3562,2.18428,0,0,6.63902,0.268616,0.36288,3.6288,61.308,0.638727,0,0,2.37045,0.244555,0.667983,0.66528,12.849,1,0.534252,0.36288,0,182.218,3.73592,178.31,0.84672,12.849,0.84672,3695.15,0,36.966,0.390339,3.17445,2.40361,9.33277,1.03407,13.4864,0.42336,36.966,0.42336,423.524,0,1.02816,0,0,4.20261,3.17445,1.028160,1,0,192.465,0,0,0,192.465,0
59.1388,2.21415,0,0,5.66292,0.30337,0.36288,3.6288,61.308,0.642139,0,0,2.88274,0.245524,1.99507,0.66528,12.849,1,0.504818,0.36288,0,154.087,3.76509,150.18,0.84672,12.849,0.84672,3695.15,0,36.966,0.387181,3.59785,2.09887,11.1211,1.01342,15.4172,0.42336,36.966,0.42336,423.524,0,1.02816,0,0,4.62601,3.59785,1.028160,1,0,167.593,0,0,0,167.593,0
63.2393,2.23403,0,0,7.00913,0.311734,0.36288,3.6288,61.308,0.642298,0,0,3.73711,0.245524,2.84929,0.66528,12.849,1,0.485384,0.36288,0,176.293,3.76509,172.406,0.84672,12.849,0.84672,3695.15,0,36.966,0.387277,4.49583,2.09915,13.9281,1.01342,19.1224,0.42336,36.966,0.42336,423.524,0,1.02816,0,0,5.52399,4.49583,1.028160,1,0,194.377,0,0,0,194.377,0
65.6828,2.26055,0,0,5.38998,0.322962,0.36288,3.6288,61.308,0.642457,0,0,2.44826,0.245524,1.56028,0.66528,12.849,1,0.4593,0.36288,0,134.152,3.76509,130.291,0.84672,12.849,0.84672,3695.15,0,36.966,0.387373,3.07181,2.09942,9.74791,1.01342,13.5184,0.42336,36.966,0.42336,423.524,0,1.02816,0,0,4.09997,3.07181,1.028160,1,0,145.37,0,0,0,145.37,0
69.2568,2.27521,0,0,6.5433,0.331241,0.36288,3.6288,61.308,0.642616,0,0,3.14878,0.203798,2.30237,0.66528,12.849,1,0.44508,0.36288,0,177.906,3.48825,174.336,0.84672,12.849,0.84672,3695.15,0,36.966,0.387469,4.19875,2.0997,12.3002,0.959246,17.2519,0.42336,36.966,0.42336,423.524,0,1.02816,0,0,5.22691,4.19875,1.028160,1,0,193.89,0,0,0,193.89,0
72.29,2.38812,0,0,7.09984,0.329378,1.34915,3.6288,61.308,0.66528,0,0,3.34517,0.185162,2.49472,0.66528,12.849,1,0.443061,1.34915,0,191.056,3.1899,188.773,0.84672,12.849,0.84672,3695.15,0,36.966,0.435689,4.54715,2.09998,13.0401,0.972148,18.2794,0.42336,36.966,0.42336,423.524,0,1.02816,0,0,5.57531,4.54715,1.028160,1,0,209.547,0,0,0,209.547,0
72.29,2.4043,0,0,5.95684,0.304043,3.2485,3.6288,61.308,0.66528,0,0,2.7778,0.194754,1.91777,0.66528,12.849,1,0.427345,3.2485,0,161.734,3.19995,161.355,0.84672,12.849,0.84672,3695.15,0,36.966,0.435954,3.57839,2.17553,12.2149,0.985213,16.5476,0.42336,36.966,0.42336,423.524,0,1.02816,0,0,4.60655,3.57839,1.028160,1,0,179.82,0,0,0,179.82,0
72.29,2.40468,0,0,5.52309,0.22131,2.8971,3.6288,61.308,0.66528,0,0,2.67873,0.218733,1.79472,0.66528,12.849,1,0.427414,2.8971,0,159.564,3.22507,158.809,0.84672,12.849,0.84672,3695.15,0,36.966,0.436219,3.31183,2.17582,12.0542,1.01788,16.0877,0.42336,36.966,0.42336,423.524,0,1.02816,0,0,4.33999,3.31183,1.028160,1,0,176.691,0,0,0,176.691,0
72.29,2.40507,0,0,4.79324,0.219833,2.16834,3.6288,61.308,0.66528,0,0,2.36743,0.216924,1.48523,0.66528,12.849,1,0.427483,2.16834,0,120.273,3.35106,118.663,0.84672,12.849,0.84672,3695.15,0,36.966,0.436485,2.67461,2.17611,10.2675,1.0216,13.6601,0.42336,36.966,0.42336,423.524,0,1.02816,0,0,3.70277,2.67461,1.028160,1,0,133.808,0,0,0,133.808,0
72.29,2.36876,0,0,4.65989,0.210967,2.08016,3.6288,61.308,0.66528,0,0,1.31065,0.206066,0.439307,0.66528,12.849,1,0.421029,2.08016,0,113.149,4.10697,110.702,0.84672,12.849,0.84672,3695.15,0,36.966,0.409302,2.72343,2.1764,9.83647,1.04396,13.283,0.42336,36.966,0.42336,423.524,0,1.02816,0,0,3.75159,2.72343,1.028160,1,0,124.424,0,0,0,124.424,0
72.29,2.36914,0,0,4.21133,0.210967,1.63122,3.6288,61.308,0.66528,0,0,1.19519,0.206066,0.323842,0.66528,12.849,1,0.421097,1.63122,0,112.819,4.10697,109.922,0.84672,12.849,0.84672,3695.15,0,36.966,0.409564,2.08884,2.14739,7.91329,1.04396,10.696,0.42336,36.966,0.42336,423.524,0,1.02816,0,0,3.117,2.08884,1.028160,1,0,120.942,0,0,0,120.942,0
72.29,2.36952,0,0,3.95446,0.210967,1.37397,3.6288,61.308,0.66528,0,0,1.09985,0.206066,0.2285,0.66528,12.849,1,0.421165,1.37397,0,100.997,4.10697,97.8431,0.84672,12.849,0.84672,3695.15,0,36.966,0.409825,1.57712,2.14767,7.30529,1.04396,9.5763,0.42336,36.966,0.42336,423.524,0,1.02816,0,0,2.60528,1.57712,1.028160,1,0,107.648,0,0,0,107.648,0
72.29,2.36991,0,0,3.61458,0.190987,1.05369,3.6288,61.308,0.66528,0,0,1.02109,0.218879,0.136933,0.66528,12.849,1,0.421233,1.05369,0,92.2069,4.38696,88.4524,0.84672,12.849,0.84672,3695.15,0,36.966,0.410086,1.49254,2.14796,6.23937,1.08322,8.38657,0.42336,36.966,0.42336,423.524,0,1.02816,0,0,2.5207,1.49254,1.028160,1,0,96.9759,0,0,0,96.9759,0
72.29,2.49491,0,0,3.21077,0.139654,0.576211,3.6288,61.2654,0.66528,0,0,0.869538,0.246865,0,0.66528,12.849,1,0.443451,0.576211,0,71.1314,4.45866,66.8055,0.84672,12.849,0.84672,3695.15,0,36.966,0.50774,1.36663,2.14824,6.03961,1.06297,7.98378,0.42336,36.966,0.42336,423.524,0,1.02816,0,0,2.39479,1.36663,1.028160,1,0,74.7893,0,0,0,74.7893,0
72.29,2.4953,0,0,3.01889,0.120967,0.402622,3.6288,61.1557,0.66528,0,0,0.808194,0.252617,0,0.66528,12.849,1,0.443522,0.402622,0,62.018,4.60509,57.372,0.84672,12.849,0.84672,3695.15,0,36.966,0.508016,1.30572,2.25128,5.63744,1.09743,7.58899,0.42336,36.966,0.42336,423.524,0,1.02816,0,0,2.33388,1.30572,1.028160,1,0,64.961,0,0,0,64.961,0
72.1947,2.4957,0,0,2.88425,0.120967,0.36288,3.6288,61.0493,0.66528,0,0,0.811356,0.252441,0,0.66528,12.849,1,0.443593,0.36288,0,59.2583,4.60509,54.5725,0.84672,12.849,0.84672,3695.15,0,36.966,0.508291,1.51336,2.25158,5.36888,1.09743,7.52809,0.42336,36.966,0.42336,423.524,0,1.02816,0,0,2.54152,1.51336,1.028160,1,0,62.1006,0,0,0,62.1006,0
71.8489,2.49561,0,0,2.66795,0.155275,0.36288,3.6288,60.9065,0.66528,0,0,0.76553,0.243069,0,0.66528,12.849,1,0.444161,0.36288,0,55.1324,4.01279,51.0383,0.84672,12.849,0.84672,3695.15,0,36.966,0.508567,1.42515,2.25188,4.88315,1.12028,6.93133,0.42336,36.966,0.42336,423.524,0,1.02816,0,0,2.45331,1.42515,1.028160,1,0,57.9696,0,0,0,57.9696,0
71.4714,2.49419,0,0,2.57251,0.0929621,0.36288,3.6288,60.7385,0.66528,0,0,0.751386,0.25408,0,0.66528,12.849,1,0.446046,0.36288,0,52.4958,4.31889,48.0937,0.84672,12.849,0.84672,3695.15,0,36.966,0.508842,1.43255,2.25218,4.51017,1.08985,6.5962,0.42336,36.966,0.42336,423.524,0,1.02816,0,0,2.46071,1.43255,1.028160,1,0,54.6899,0,0,0,54.6899,0
71.0264,2.46797,0,0,2.49928,0.113439,0.36288,3.6288,60.5256,0.66528,0,0,0.682482,0.230167,0,0.66528,12.849,1,0.443688,0.36288,0,50.1913,4.42785,45.6827,0.84672,12.849,0.84672,3695.15,0,36.966,0.562685,1.35644,2.25248,3.91708,0.960411,6.00291,0.42336,36.966,0.42336,423.524,0,1.02816,0,0,2.3846,1.35644,1.028160,1,0,51.6856,0,0,0,51.6856,0
70.4355,2.46601,0,0,2.32738,0.0893637,0.36288,3.6288,60.2606,0.66528,0,0,0.668848,0.268525,0,0.66528,12.849,1,0.446114,0.36288,0,47.672,4.97078,42.618,0.84672,12.849,0.84672,3695.15,0,36.966,0.562969,1.22378,2.28873,3.75284,1.14416,5.55821,0.42336,36.966,0.42336,423.524,0,1.02816,0,0,2.25194,1.22378,1.028160,1,0,48.1762,0,0,0,48.1762,0
69.5802,2.46324,0,0,2.05101,0.080135,0.36288,3.6288,59.952,0.66528,0,0,0.632241,0.275529,0,0.66528,12.849,1,0.449351,0.36288,0,43.7762,5.59474,38.095,0.84672,12.849,0.84672,3695.15,0,36.966,0.563252,1.21886,2.28903,3.75738,1.36855,5.33348,0.42336,36.966,0.42336,423.524,0,1.02816,0,0,2.24702,1.21886,1.028160,1,0,43.4285,0,0,0,43.4285,0
68.6973,2.45898,0,0,2.01862,0.0797084,0.36288,3.6288,59.6351,0.66528,0,0,0.621981,0.27366,0,0.66528,12.849,1,0.454086,0.36288,0,40.8739,5.66254,35.1201,0.84672,12.849,0.84672,3695.15,0,36.966,0.563536,1.30417,2.28934,3.77544,1.39369,5.41172,0.42336,36.966,0.42336,423.524,0,1.02816,0,0,2.33233,1.30417,1.028160,1,0,40.5318,0,0,0,40.5318,0
67.6694,2.51768,0,0,1.93275,0.0800744,0.36288,3.6288,59.1853,0.66528,0,0,0.500005,0.284543,0,0.66528,12.849,1,0.470902,0.36288,0,37.4667,5.89491,31.4637,0.84672,12.849,0.84672,3695.15,0,36.966,0.611587,1.04566,2.28965,2.62051,1.45898,3.88524,0.42336,36.966,0.42336,423.524,0,1.02816,0,0,2.07382,1.04566,1.028160,1,0,35.349,0,0,0,35.349,0
66.6134,2.51207,0,0,1.89839,0.0794324,0.36288,3.6288,58.7276,0.66528,0,0,0.491306,0.283725,0,0.66528,12.849,1,0.476989,0.36288,0,34.981,5.89491,28.972,0.84672,12.849,0.84672,3695.15,0,36.966,0.611878,1.10753,2.34092,2.66108,1.45898,4.03867,0.42336,36.966,0.42336,423.524,0,1.02816,0,0,2.13569,1.10753,1.028160,1,0,33.0107,0,0,0,33.0107,0
65.3165,2.50613,0,0,1.65088,0.0787728,0.36288,3.6288,58.2411,0.66528,0,0,0.461714,0.282893,0,0.66528,12.849,1,0.483405,0.36288,0,33.0957,5.89491,27.0803,0.84672,12.849,0.84672,3695.15,0,36.966,0.612168,0.927202,2.34124,2.58964,1.45898,3.78693,0.42336,36.966,0.42336,423.524,0,1.02816,0,0,1.95536,0.927202,1.028160,1,0,30.8672,0,0,0,30.8672,0
63.8973,2.49851,0,0,1.52019,0.0779628,0.36288,3.6288,57.7462,0.66528,0,0,0.452385,0.282009,0,0.66528,12.849,1,0.491504,0.36288,0,31.2139,5.89491,25.1904,0.84672,12.849,0.84672,3695.15,0,36.966,0.612459,0.826615,2.34155,2.56342,1.45898,3.66014,0.42336,36.966,0.42336,423.524,0,1.02816,0,0,1.85477,0.826615,1.028160,1,0,28.8505,0,0,0,28.8505,0
62.0946,2.67292,0,0,1.30096,0.0679501,0.36288,3.6288,57.2422,0.66528,0,0,0.459046,0.297808,0,0.66528,12.849,1,0.537492,0.36288,0,28.8614,6.28015,22.4066,0.84672,12.849,0.84672,3695.15,0,36.966,0.785267,1.22739,2.34187,2.40786,1.59898,3.59287,0.42336,36.966,0.42336,423.524,0,1.02816,0,0,2.25555,1.22739,1.028160,1,0,25.9995,0,0,0,25.9995,0
60.1323,2.66041,0,0,1.14496,0.0839542,0.36288,3.6288,56.7023,0.66528,0,0,0.42147,0.296072,0,0.66528,12.849,1,0.550509,0.36288,0,25.935,6.17652,19.5709,0.84672,12.849,0.84672,3695.15,0,36.966,0.785583,1.42099,2.51668,2.31933,1.62554,3.84589,0.42336,36.966,0.42336,423.524,0,1.02816,0,0,2.44915,1.42099,1.028160,1,0,23.4168,0,0,0,23.4168,0
58.2097,2.64603,0,0,1.16887,0.0825819,0.36288,3.6288,56.1456,0.66528,0,0,0.403641,0.295035,0,0.66528,12.849,1,0.5654,0.36288,0,23.9278,6.17652,17.5487,0.84672,12.849,0.84672,3695.15,0,36.966,0.785899,1.3213,2.51702,2.37772,1.62554,3.8046,0.42336,36.966,0.42336,423.524,0,1.02816,0,0,2.34946,1.3213,1.028160,1,0,21.3534,0,0,0,21.3534,0
56.872,2.63115,0,0,1.74193,0.0856004,0.36288,3.6288,55.6653,0.66528,0,0,0.47787,0.292928,0,0.66528,12.849,1,0.58079,0.36288,0,30.8012,6.14684,24.4364,0.84672,12.849,0.84672,3695.15,0,36.966,0.786214,1.80233,2.51736,2.60592,1.6219,4.5175,0.42336,36.966,0.42336,423.524,0,1.02816,0,0,2.83049,1.80233,1.028160,1,0,28.9539,0,0,0,28.9539,0
56.0785,2.62042,0,0,2.30753,0.117708,0.36288,3.6288,55.4303,0.66528,0,0,0.695574,0.265234,0,0.66528,12.849,1,0.592028,0.36288,0,47.8138,5.73167,41.8529,0.84672,12.849,0.84672,3695.15,0,36.966,0.78653,2.37263,2.5177,3.76555,1.54955,6.31979,0.42336,36.966,0.42336,423.524,0,1.02816,0,0,3.40079,2.37263,1.028160,1,0,48.1727,0,0,0,48.1727,0
55.3442,2.52676,0,0,2.29549,0.140094,0.36288,3.6288,55.5716,0.66528,0,0,1.02322,0.216634,0,0.66528,12.849,1,0.578944,0.36288,0,41.3618,5.00535,36.1403,0.84672,12.849,0.84672,3695.15,0,36.966,0.682058,5.05941,2.51804,6.38359,1.4251,11.8539,0.42336,36.966,0.42336,423.524,0,1.02816,0,0,6.08757,5.05941,1.028160,1,0,47.9942,0,0,0,47.9942,0
54.2864,2.52092,0,0,1.96505,0.139072,0.36288,3.6288,55.539,0.66528,0,0,0.849519,0.216835,0,0.66528,12.849,1,0.58527,0.36288,0,44.2372,5.00535,39.0095,0.84672,12.849,0.84672,3695.15,0,36.966,0.682359,2.8937,2.41732,5.53217,1.4251,8.73573,0.42336,36.966,0.42336,423.524,0,1.02816,0,0,3.92186,2.8937,1.028160,1,0,47.7452,0,0,0,47.7452,0
52.8275,2.5121,0,0,1.55367,0.137599,0.36288,3.6288,55.4207,0.66528,0,0,0.763724,0.216789,0,0.66528,12.849,1,0.594587,0.36288,0,32.2089,5.00535,26.9718,0.84672,12.849,0.84672,3695.15,0,36.966,0.68266,2.8499,2.41764,4.98823,1.4251,8.14801,0.42336,36.966,0.42336,423.524,0,1.02816,0,0,3.87806,2.8499,1.028160,1,0,35.1198,0,0,0,35.1198,0
52.1742,2.49929,0,0,2.39814,0.189303,0.36288,3.6288,55.4413,0.66528,0,0,0.90066,0.214766,0,0.66528,12.849,1,0.607891,0.36288,0,50.4299,4.5026,45.6823,0.84672,12.849,0.84672,3695.15,0,36.966,0.68296,2.98661,2.41797,6.00991,1.34473,9.3868,0.42336,36.966,0.42336,423.524,0,1.02816,0,0,4.01477,2.98661,1.028160,1,0,55.0691,0,0,0,55.0691,0
53.7785,2.4229,0,0,4.62753,0.237413,0.36288,3.6288,57.59,0.66528,0,0,3.01997,0.206023,0,0.66528,12.849,1,0.59669,0.36288,0,120.633,4.26547,116.134,0.84672,12.849,0.84672,3695.15,0,36.966,0.587823,8.5232,2.41829,23.1971,1.17217,32.3786,0.42336,36.966,0.42336,423.524,0,1.02816,0,0,9.55136,8.5232,1.028160,1,0,148.513,0,0,0,148.513,0
54.4052,2.43765,0,0,3.67527,0.248015,0.36288,3.6288,58.8173,0.66528,0,0,2.09598,0.203404,0,0.66528,12.849,1,0.582415,0.36288,0,104.498,4.30763,99.971,0.84672,12.849,0.84672,3695.15,0,36.966,0.58811,4.81195,2.32837,12.7071,1.16041,18.0989,0.42336,36.966,0.42336,423.524,0,1.02816,0,0,5.84011,4.81195,1.028160,1,0,118.07,0,0,0,118.07,0
53.8992,2.44347,0,0,2.54995,0.249596,0.36288,3.6288,59.5861,0.66528,0,0,1.63915,0.20502,0,0.66528,12.849,1,0.577079,0.36288,0,57.8808,4.30763,53.359,0.84672,12.849,0.84672,3695.15,0,36.966,0.588397,4.24445,2.32869,8.0625,1.16041,12.8868,0.42336,36.966,0.42336,423.524,0,1.02816,0,0,5.27261,4.24445,1.028160,1,0,66.2458,0,0,0,66.2458,0
54.7046,2.43948,0,0,3.85353,0.245777,0.36288,3.6288,61.1073,0.66528,0,0,2.42871,0.24225,0,0.66528,12.849,1,0.581547,0.36288,0,88.2541,4.28503,83.7504,0.84672,12.849,0.84672,3695.15,0,36.966,0.588684,6.63137,2.329,10.0594,1.21714,17.2139,0.42336,36.966,0.42336,423.524,0,1.02816,0,0,7.65953,6.63137,1.028160,1,0,100.964,0,0,0,100.964,0
55.6816,2.24409,0,0,3.84899,0.265071,0.36288,3.6288,61.308,0.657575,0,0,2.43212,0.247995,1.32584,0.66528,12.849,1,0.527091,0.36288,0,97.2112,4.32457,92.7224,0.84672,12.849,0.84672,3695.15,0,36.966,0.397791,6.14788,2.32931,11.3238,1.21927,18.184,0.42336,36.966,0.42336,423.524,0,1.02816,0,0,7.17604,6.14788,1.028160,1,0,112.232,0,0,0,112.232,0
56.4642,2.25197,0,0,3.68087,0.283359,0.36288,3.6288,61.308,0.658548,0,0,2.45754,0.214239,1.58476,0.66528,12.849,1,0.519661,0.36288,0,106.568,4.37682,102.035,0.84672,12.849,0.84672,3695.15,0,36.966,0.397075,6.45157,2.12905,9.51359,1.16413,16.533,0.42336,36.966,0.42336,423.524,0,1.02816,0,0,7.47973,6.45157,1.028160,1,0,120.153,0,0,0,120.153,0
58.1236,2.2582,0,0,4.55884,0.278396,0.36288,3.6288,61.308,0.658709,0,0,2.44847,0.208039,1.58172,0.66528,12.849,1,0.513876,0.36288,0,98.947,4.16244,94.6336,0.84672,12.849,0.84672,3695.15,0,36.966,0.397172,6.51076,2.12933,9.73642,1.13735,16.842,0.42336,36.966,0.42336,423.524,0,1.02816,0,0,7.53892,6.51076,1.028160,1,0,113.057,0,0,0,113.057,0
60.7646,2.27058,0,0,5.53078,0.25635,0.36288,3.6288,61.308,0.65887,0,0,2.60666,0.210877,1.73691,0.66528,12.849,1,0.501942,0.36288,0,163.462,3.51512,159.808,0.84672,12.849,0.84672,3695.15,0,36.966,0.39727,6.48,2.12962,9.66609,0.909017,16.9694,0.42336,36.966,0.42336,423.524,0,1.02816,0,0,7.50816,6.48,1.028160,1,0,178.514,0,0,0,178.514,0
62.7269,2.28895,0,0,4.86468,0.250512,0.36288,3.6288,61.308,0.659032,0,0,1.9153,0.204045,1.05223,0.66528,12.849,1,0.484012,0.36288,0,136.028,3.16676,132.74,0.84672,12.849,0.84672,3695.15,0,36.966,0.397367,5.58507,2.1299,8.72934,0.720832,15.3261,0.42336,36.966,0.42336,423.524,0,1.02816,0,0,6.61323,5.58507,1.028160,1,0,149.118,0,0,0,149.118,0
63.361,2.38185,0,0,3.62386,0.245071,0.36288,3.6288,61.2681,0.66528,0,0,0.795992,0.170642,0,0.66528,12.849,1,0.4879,0.36288,0,39.0343,3.21815,35.6911,0.84672,12.849,0.84672,3695.15,0,36.966,0.449,1.56324,2.13018,8.52272,0.789674,10.9775,0.42336,36.966,0.42336,423.524,0,1.02816,0,0,2.5914,1.56324,1.028160,1,0,46.6686,0,0,0,46.6686,0
64.186,2.38627,0,0,3.82058,0.246343,0.36288,3.6288,61.308,0.66528,0,0,1.08583,0.170599,0.210024,0.66528,12.849,1,0.483913,0.36288,0,55.4782,3.21815,52.139,0.84672,12.849,0.84672,3695.15,0,36.966,0.449251,2.25416,2.19304,9.80956,0.789674,13.0178,0.42336,36.966,0.42336,423.524,0,1.02816,0,0,3.28232,2.25416,1.028160,1,0,65.3669,0,0,0,65.3669,0
69.2159,2.39181,0,0,8.03255,0.247997,0.36288,3.6288,61.308,0.66528,0,0,2.86483,0.170642,2.02891,0.66528,12.849,1,0.478802,0.36288,0,134.622,3.21815,131.287,0.84672,12.849,0.84672,3695.15,0,36.966,0.449501,5.97485,2.19332,21.0241,0.789674,27.9531,0.42336,36.966,0.42336,423.524,0,1.02816,0,0,7.00301,5.97485,1.028160,1,0,161.27,0,0,0,161.27,0
72.29,2.42153,0,0,7.99766,0.287338,2.2147,3.6288,61.308,0.66528,0,0,2.60298,0.185078,1.75262,0.66528,12.849,1,0.449524,2.2147,0,145.182,3.49251,143.455,0.84672,12.849,0.84672,3695.15,0,36.966,0.449751,7.74711,2.19359,18.8402,0.860075,27.4711,0.42336,36.966,0.42336,423.524,0,1.02816,0,0,8.77527,7.74711,1.028160,1,0,172.679,0,0,0,172.679,0
72.29,2.70098,0,0,8.12704,0.334686,5.09138,3.6288,61.308,0.66528,0,0,1.8833,0.186616,1.0314,0.66528,12.849,1,0.480078,5.09138,0,139.272,3.15116,140.732,0.84672,12.849,0.84672,3695.15,0,36.966,0.666469,5.30622,2.19386,17.8391,0.80577,23.8669,0.42336,36.966,0.42336,423.524,0,1.02816,0,0,6.33438,5.30622,1.028160,1,0,165.63,0,0,0,165.63,0
72.29,2.70138,0,0,5.21319,0.332307,2.17951,3.6288,61.308,0.66528,0,0,1.91858,0.185065,1.06824,0.66528,12.849,1,0.480149,2.17951,0,83.23,2.99933,81.93,0.84672,12.849,0.84672,3695.15,0,36.966,0.666749,3.44018,2.4194,13.6071,0.787496,18.0125,0.42336,36.966,0.42336,423.524,0,1.02816,0,0,4.46834,3.44018,1.028160,1,0,101.011,0,0,0,101.011,0
72.29,2.70178,0,0,5.92124,0.310196,2.90927,3.6288,61.308,0.66528,0,0,1.97314,0.204631,1.10323,0.66528,12.849,1,0.480221,2.90927,0,84.7143,4.10289,83.0405,0.84672,12.849,0.84672,3695.15,0,36.966,0.667029,3.78956,2.4197,15.3961,1.17357,19.7648,0.42336,36.966,0.42336,423.524,0,1.02816,0,0,4.81772,3.78956,1.028160,1,0,103.909,0,0,0,103.909,0
72.29,2.70218,0,0,5.77747,0.274519,2.80077,3.6288,61.308,0.66528,0,0,2.07464,0.214544,1.19481,0.66528,12.849,1,0.480292,2.80077,0,91.2367,3.67254,89.8846,0.84672,12.849,0.84672,3695.15,0,36.966,0.667308,4.41071,2.42,17.6786,0.925276,22.9168,0.42336,36.966,0.42336,423.524,0,1.02816,0,0,5.43887,4.41071,1.028160,1,0,113.996,0,0,0,113.996,0
72.29,2.32747,0,0,5.1494,0.296786,2.52514,3.6288,61.308,0.650179,0,0,1.93396,0.215972,1.06781,0.66528,12.849,1,0.41369,2.52514,0,102.203,4.0846,100.23,0.84672,12.849,0.84672,3695.15,0,36.966,0.392029,3.43296,2.42031,17.5452,1.10338,21.903,0.42336,36.966,0.42336,423.524,0,1.02816,0,0,4.46112,3.43296,1.028160,1,0,123.201,0,0,0,123.201,0
72.29,2.32782,0,0,4.68313,0.307708,2.0476,3.6288,61.308,0.650329,0,0,1.58925,0.193576,0.745345,0.66528,12.849,1,0.413752,2.0476,0,90.6958,4.10224,88.2274,0.84672,12.849,0.84672,3695.15,0,36.966,0.39212,3.19025,2.11326,13.2237,1.10596,17.0291,0.42336,36.966,0.42336,423.524,0,1.02816,0,0,4.21841,3.19025,1.028160,1,0,106.002,0,0,0,106.002,0
72.29,2.32817,0,0,5.47101,0.307708,2.83513,3.6288,61.308,0.650479,0,0,1.47782,0.193576,0.633765,0.66528,12.849,1,0.413815,2.83513,0,107.773,4.10224,106.092,0.84672,12.849,0.84672,3695.15,0,36.966,0.39221,2.58382,2.11352,12.8569,1.10596,16.0561,0.42336,36.966,0.42336,423.524,0,1.02816,0,0,3.61198,2.58382,1.028160,1,0,122.782,0,0,0,122.782,0
72.29,2.32852,0,0,4.49013,0.310102,1.85151,3.6288,61.308,0.650629,0,0,1.3544,0.196774,0.506994,0.66528,12.849,1,0.413877,1.85151,0,86.6298,4.00974,84.0577,0.84672,12.849,0.84672,3695.15,0,36.966,0.392301,2.0846,2.11379,11.1178,1.10581,13.8181,0.42336,36.966,0.42336,423.524,0,1.02816,0,0,3.11276,2.0846,1.028160,1,0,98.3828,0,0,0,98.3828,0
72.29,2.32887,0,0,4.50694,0.322015,1.85605,3.6288,61.308,0.650779,0,0,1.70818,0.21061,0.846791,0.66528,12.849,1,0.41394,1.85605,0,87.9414,3.57414,85.8093,0.84672,12.849,0.84672,3695.15,0,36.966,0.392391,2.83209,2.11405,12.0687,1.13527,15.4872,0.42336,36.966,0.42336,423.524,0,1.02816,0,0,3.86025,2.83209,1.028160,1,0,102.143,0,0,0,102.143,0
72.29,2.42371,0,0,5.1697,0.315889,2.4301,3.6288,61.308,0.66528,0,0,2.06574,0.197224,1.20323,0.66528,12.849,1,0.430797,2.4301,0,95.8452,3.87272,93.9718,0.84672,12.849,0.84672,3695.15,0,36.966,0.449286,3.54707,2.11431,13.3688,1.21119,17.3697,0.42336,36.966,0.42336,423.524,0,1.02816,0,0,4.57523,3.54707,1.028160,1,0,112.545,0,0,0,112.545,0
72.29,2.42408,0,0,4.45877,0.315889,1.7188,3.6288,61.308,0.66528,0,0,2.30386,0.197224,1.44135,0.66528,12.849,1,0.430861,1.7188,0,87.1085,3.87272,84.5237,0.84672,12.849,0.84672,3695.15,0,36.966,0.449536,3.96288,2.1904,13.4336,1.21119,17.9262,0.42336,36.966,0.42336,423.524,0,1.02816,0,0,4.99104,3.96288,1.028160,1,0,103.891,0,0,0,103.891,0
72.29,2.42444,0,0,4.833,0.315889,2.09267,3.6288,61.308,0.66528,0,0,1.74525,0.197224,0.882751,0.66528,12.849,1,0.430926,2.09267,0,89.3039,3.87272,87.0929,0.84672,12.849,0.84672,3695.15,0,36.966,0.449786,3.35067,2.19068,12.211,1.21119,16.0914,0.42336,36.966,0.42336,423.524,0,1.02816,0,0,4.37883,3.35067,1.028160,1,0,104.067,0,0,0,104.067,0
72.29,2.42481,0,0,3.82294,0.279318,1.11882,3.6288,61.308,0.66528,0,0,1.48592,0.236693,0.583952,0.66528,12.849,1,0.430991,1.11882,0,71.9168,4.38235,68.2222,0.84672,12.849,0.84672,3695.15,0,36.966,0.450036,2.66598,2.19095,11.6266,1.35377,14.6797,0.42336,36.966,0.42336,423.524,0,1.02816,0,0,3.69414,2.66598,1.028160,1,0,83.4859,0,0,0,83.4859,0
72.29,2.38821,0,0,3.94042,0.278454,1.27376,3.6288,61.308,0.66528,0,0,1.68483,0.222081,0.797474,0.66528,12.849,1,0.424486,1.27376,0,81.8424,4.52266,78.169,0.84672,12.849,0.84672,3695.15,0,36.966,0.422636,2.86702,2.19123,11.5214,1.22306,14.934,0.42336,36.966,0.42336,423.524,0,1.02816,0,0,3.89518,2.86702,1.028160,1,0,93.9005,0,0,0,93.9005,0
72.29,2.38857,0,0,3.4776,0.278454,0.810579,3.6288,61.308,0.66528,0,0,1.57655,0.222081,0.689189,0.66528,12.849,1,0.42455,0.810579,0,71.337,4.52266,67.2004,0.84672,12.849,0.84672,3695.15,0,36.966,0.422882,2.37993,2.16198,10.1809,1.22306,13.0769,0.42336,36.966,0.42336,423.524,0,1.02816,0,0,3.40809,2.37993,1.028160,1,0,80.9665,0,0,0,80.9665,0
72.29,2.38893,0,0,3.13358,0.278454,0.466201,3.6288,61.308,0.66528,0,0,1.39719,0.222081,0.509831,0.66528,12.849,1,0.424614,0.466201,0,62.2711,4.52266,57.79,0.84672,12.849,0.84672,3695.15,0,36.966,0.423129,2.03453,2.16225,9.19391,1.22306,11.7445,0.42336,36.966,0.42336,423.524,0,1.02816,0,0,3.06269,2.03453,1.028160,1,0,70.0443,0,0,0,70.0443,0
72.1693,2.38929,0,0,2.87969,0.248208,0.36288,3.6288,61.308,0.66528,0,0,1.31693,0.182259,0.469396,0.66528,12.849,1,0.424677,0.36288,0,59.7295,3.69694,55.9708,0.84672,12.849,0.84672,3695.15,0,36.966,0.423376,1.89486,2.16252,8.31989,1.01364,10.9403,0.42336,36.966,0.42336,423.524,0,1.02816,0,0,2.92302,1.89486,1.028160,1,0,67.3804,0,0,0,67.3804,0
71.694,2.51455,0,0,2.64725,0.245101,0.36288,3.6288,61.308,0.66528,0,0,1.18641,0.191915,0.329215,0.66528,12.849,1,0.447689,0.36288,0,48.0279,4.12293,43.8201,0.84672,12.849,0.84672,3695.15,0,36.966,0.521732,1.75675,2.16279,7.30918,1.07694,9.63005,0.42336,36.966,0.42336,423.524,0,1.02816,0,0,2.78491,1.75675,1.028160,1,0,53.7794,0,0,0,53.7794,0
71.039,2.51241,0,0,2.43794,0.217744,0.36288,3.6288,61.308,0.66528,0,0,1.2649,0.192565,0.407051,0.66528,12.849,1,0.450274,0.36288,0,42.2862,4.44701,37.7518,0.84672,12.849,0.84672,3695.15,0,36.966,0.521992,1.75554,2.26657,7.07193,1.11254,9.4595,0.42336,36.966,0.42336,423.524,0,1.02816,0,0,2.7837,1.75554,1.028160,1,0,47.6184,0,0,0,47.6184,0
70.2983,2.50927,0,0,2.26975,0.138228,0.36288,3.6288,61.308,0.66528,0,0,1.11951,0.220726,0.233505,0.66528,12.849,1,0.453858,0.36288,0,41.2101,4.82485,36.2943,0.84672,12.849,0.84672,3695.15,0,36.966,0.522253,1.57108,2.26685,6.59878,1.18856,8.7259,0.42336,36.966,0.42336,423.524,0,1.02816,0,0,2.59924,1.57108,1.028160,1,0,45.2537,0,0,0,45.2537,0
69.3567,2.5056,0,0,2.06426,0.137443,0.36288,3.6288,61.308,0.66528,0,0,0.904072,0.220726,0.0180668,0.66528,12.849,1,0.457969,0.36288,0,37.5132,4.82485,32.5932,0.84672,12.849,0.84672,3695.15,0,36.966,0.522513,1.17181,2.26713,5.89956,1.18856,7.62743,0.42336,36.966,0.42336,423.524,0,1.02816,0,0,2.19997,1.17181,1.028160,1,0,40.2387,0,0,0,40.2387,0
68.4363,2.50073,0,0,2.07216,0.128957,0.36288,3.6288,61.1615,0.66528,0,0,0.744751,0.225953,0,0.66528,12.849,1,0.463284,0.36288,0,35.3332,4.83497,30.3978,0.84672,12.849,0.84672,3695.15,0,36.966,0.522773,0.944603,2.26742,5.54056,1.16562,7.06419,0.42336,36.966,0.42336,423.524,0,1.02816,0,0,1.97276,0.944603,1.028160,1,0,37.462,0,0,0,37.462,0
67.673,2.47122,0,0,2.18033,0.109445,0.36288,3.6288,60.9885,0.66528,0,0,0.731056,0.2388,0,0.66528,12.849,1,0.463975,0.36288,0,37.0844,4.86024,32.1231,0.84672,12.849,0.84672,3695.15,0,36.966,0.576992,0.705015,2.2677,5.59832,1.10827,6.88578,0.42336,36.966,0.42336,423.524,0,1.02816,0,0,1.73318,0.705015,1.028160,1,0,39.0089,0,0,0,39.0089,0
66.8451,2.46719,0,0,2.11095,0.108793,0.36288,3.6288,60.778,0.66528,0,0,0.693317,0.238539,0,0.66528,12.849,1,0.468443,0.36288,0,34.8151,4.86024,29.8493,0.84672,12.849,0.84672,3695.15,0,36.966,0.57726,0.702449,2.30419,5.68292,1.10827,7.00403,0.42336,36.966,0.42336,423.524,0,1.02816,0,0,1.73061,0.702449,1.028160,1,0,36.8534,0,0,0,36.8534,0
65.8241,2.4627,0,0,1.88065,0.0760761,0.36288,3.6288,60.494,0.66528,0,0,0.672425,0.291109,0,0.66528,12.849,1,0.473381,0.36288,0,33.033,5.68813,27.2343,0.84672,12.849,0.84672,3695.15,0,36.966,0.577527,0.531386,2.30448,5.52668,1.39067,6.39435,0.42336,36.966,0.42336,423.524,0,1.02816,0,0,1.55955,0.531386,1.028160,1,0,33.6287,0,0,0,33.6287,0
64.6921,2.45692,0,0,1.76383,0.0760487,0.36288,3.6288,60.1832,0.66528,0,0,0.637053,0.282588,0,0.66528,12.849,1,0.479596,0.36288,0,30.2428,6.09493,24.0311,0.84672,12.849,0.84672,3695.15,0,36.966,0.577795,0.607962,2.30477,5.41324,1.54155,6.20662,0.42336,36.966,0.42336,423.524,0,1.02816,0,0,1.63612,0.607962,1.028160,1,0,30.2377,0,0,0,30.2377,0
63.5028,2.51336,0,0,1.74751,0.0605359,0.36288,3.6288,59.85,0.66528,0,0,0.633823,0.301707,0,0.66528,12.849,1,0.499198,0.36288,0,26.8589,6.06658,20.656,0.84672,12.849,0.84672,3695.15,0,36.966,0.626178,0.304042,2.30506,4.42564,1.47576,4.9328,0.42336,36.966,0.42336,423.524,0,1.02816,0,0,1.3322,0.304042,1.028160,1,0,25.5888,0,0,0,25.5888,0
62.3072,2.50596,0,0,1.73067,0.0575089,0.36288,3.6288,59.4579,0.66528,0,0,0.577511,0.30434,0,0.66528,12.849,1,0.507049,0.36288,0,34.5487,6.06186,28.3427,0.84672,12.849,0.84672,3695.15,0,36.966,0.626453,0.361074,2.35669,4.64456,1.4648,5.27108,0.42336,36.966,0.42336,423.524,0,1.02816,0,0,1.38923,0.361074,1.028160,1,0,33.6137,0,0,0,33.6137,0
61.0096,2.49827,0,0,1.62054,0.0569499,0.36288,3.6288,59.0261,0.66528,0,0,0.537066,0.303579,0,0.66528,12.849,1,0.515193,0.36288,0,27.7392,6.06186,21.5251,0.84672,12.849,0.84672,3695.15,0,36.966,0.626727,0.33531,2.35699,4.1867,1.4648,4.78747,0.42336,36.966,0.42336,423.524,0,1.02816,0,0,1.36347,0.33531,1.028160,1,0,26.3125,0,0,0,26.3125,0
59.5762,2.48959,0,0,1.47544,0.0563432,0.36288,3.6288,58.4661,0.76718,0,0,0.509871,0.30274,0,0.66528,12.849,1,0.524323,0.36288,0,25.2806,6.06186,19.0573,0.84672,12.849,0.84672,3695.15,0,36.966,0.627001,0.227405,2.35728,3.90525,1.4648,4.39814,0.42336,36.966,0.42336,423.524,0,0.92626,0,0,1.15366,0.227405,1.028160,1,0,23.4555,0,0,0,23.4555,0
58.0502,2.66179,0,0,1.52196,0.0232843,0.36288,3.6288,58.0718,0.66528,0,0,0.589242,0.31827,0,0.66528,12.849,1,0.574078,0.36288,0,25.1188,6.4788,18.4288,0.84672,12.849,0.84672,3695.15,0,36.966,0.801043,0.615151,2.35758,5.89592,1.55573,6.51188,0.42336,36.966,0.42336,423.524,0,1.02816,0,0,1.64331,0.615151,1.028160,1,0,24.9407,0,0,0,24.9407,0
56.2915,2.64983,0,0,1.25476,0.000798688,0.36288,3.6288,57.562,0.66528,0,0,0.483258,0.327722,0,0.66528,12.849,1,0.586521,0.36288,0,21.9729,6.68577,15.0635,0.84672,12.849,0.84672,3695.15,0,36.966,0.801341,0.403168,2.53364,5.72712,1.60725,6.25534,0.42336,36.966,0.42336,423.524,0,1.02816,0,0,1.43133,0.403168,1.028160,1,0,21.3188,0,0,0,21.3188,0
55.1155,2.6353,0,0,1.82296,0.000784999,0.36288,3.6288,57.1254,0.66528,0,0,0.555276,0.326644,0,0.66528,12.849,1,0.60153,0.36288,0,25.0258,6.68577,18.1013,0.84672,12.849,0.84672,3695.15,0,36.966,0.801639,0.657564,2.53396,6.34986,1.60725,7.13249,0.42336,36.966,0.42336,423.524,0,1.02816,0,0,1.68572,0.657564,1.028160,1,0,25.2338,0,0,0,25.2338,0
54.7275,2.62529,0,0,2.62748,0.0273111,0.36288,3.6288,56.8785,0.66528,0,0,0.734981,0.316591,0,0.66528,12.849,1,0.61203,0.36288,0,40.8306,6.55435,34.0271,0.84672,12.849,0.84672,3695.15,0,36.966,0.801937,0.799165,2.53428,7.06931,1.58073,8.02008,0.42336,36.966,0.42336,423.524,0,1.02816,0,0,1.82733,0.799165,1.028160,1,0,42.0471,0,0,0,42.0471,0
53.4605,2.62216,0,0,1.73137,0.013313,0.36288,3.6288,56.4738,0.66528,0,0,0.571452,0.310872,0,0.66528,12.849,1,0.615635,0.36288,0,44.1734,6.64933,37.2713,0.84672,12.849,0.84672,3695.15,0,36.966,0.802235,0.490139,2.5346,5.01419,1.57397,5.66273,0.42336,36.966,0.42336,423.524,0,1.02816,0,0,1.5183,0.490139,1.028160,1,0,42.934,0,0,0,42.934,0
52.6972,2.52369,0,0,2.11689,-0.00639037,0.36288,3.6288,56.0562,0.66528,0,0,0.553731,0.30604,0,0.66528,12.849,1,0.606558,0.36288,0,26.0564,6.07351,19.7392,0.84672,12.849,0.84672,3695.15,0,36.966,0.696991,0.452693,2.53492,7.44632,1.54886,8.18808,0.42336,36.966,0.42336,423.524,0,1.02816,0,0,1.48085,0.452693,1.028160,1,0,27.9273,0,0,0,27.9273,0
51.1705,2.517,0,0,1.34686,-0.00634061,0.36288,3.6288,55.4219,0.718494,0,0,0.389423,0.305206,0,0.66528,12.849,1,0.613713,0.36288,0,39.7698,6.07351,33.4455,0.84672,12.849,0.84672,3695.15,0,36.966,0.697274,0.216518,2.43345,5.10529,1.54886,5.50913,0.42336,36.966,0.42336,423.524,0,0.974946,0,0,1.19146,0.216518,1.028160,1,0,38.9546,0,0,0,38.9546,0
49.4155,2.50274,0,0,1.10437,-0.00624109,0.36288,3.6288,54.4022,1.07141,0,0,0.355609,0.303941,0,0.66528,12.849,1,0.628442,0.36288,0,23.0717,6.07351,16.7327,0.84672,12.849,0.84672,3695.15,0,36.966,0.714619,0.216518,2.43376,3.64825,1.54886,4.03505,0.42336,36.966,0.42336,423.524,0,0.604973,0,0,0.821491,0.216518,1.028160,1,0,20.7677,0,0,0,20.7677,0
49.2276,2.48539,0,0,2.71716,0.0567424,0.36288,3.6288,53.995,0.66528,0,0,0.565633,0.307565,0,0.66528,12.849,1,0.646251,0.36288,0,30.7176,5.61032,24.8239,0.84672,12.849,0.84672,3695.15,0,36.966,0.697842,0.818623,2.43407,9.48918,1.4493,10.5947,0.42336,36.966,0.42336,423.524,0,1.02816,0,0,1.84678,0.818623,1.028160,1,0,35.4187,0,0,0,35.4187,0
50.1775,2.41345,0,0,3.82378,0.0975598,0.36288,3.6288,54.1483,0.66528,0,0,1.03408,0.215474,0,0.66528,12.849,1,0.62994,0.36288,0,60.3957,3.6042,56.5244,0.84672,12.849,0.84672,3695.15,0,36.966,0.602003,1.22346,2.43437,9.94576,0.955249,12.0463,0.42336,36.966,0.42336,423.524,0,1.02816,0,0,2.25162,1.22346,1.028160,1,0,68.5708,0,0,0,68.5708,0
51.3058,2.42331,0,0,4.01597,0.10154,0.36288,3.6288,54.538,0.66528,0,0,1.22878,0.17382,0,0.66528,12.849,1,0.620538,0.36288,0,84.6158,2.88036,81.4778,0.84672,12.849,0.84672,3695.15,0,36.966,0.602274,1.61701,2.34379,13.2854,0.785381,15.8585,0.42336,36.966,0.42336,423.524,0,1.02816,0,0,2.64517,1.61701,1.028160,1,0,97.3363,0,0,0,97.3363,0
52.6313,2.43458,0,0,4.23834,0.11539,0.36288,3.6288,55.0903,0.66528,0,0,1.39672,0.179117,0,0.66528,12.849,1,0.609716,0.36288,0,167.288,3.17325,163.868,0.84672,12.849,0.84672,3695.15,0,36.966,0.602545,1.93544,2.34409,16.2339,0.853555,19.0573,0.42336,36.966,0.42336,423.524,0,1.02816,0,0,2.9636,1.93544,1.028160,1,0,182.925,0,0,0,182.925,0
54.1838,2.44729,0,0,4.51169,0.149022,0.36288,3.6288,55.8617,0.66528,0,0,1.62855,0.191936,0,0.66528,12.849,1,0.597463,0.36288,0,151.565,3.90547,147.425,0.84672,12.849,0.84672,3695.15,0,36.966,0.602815,2.26365,2.34438,16.193,1.02399,19.1742,0.42336,36.966,0.42336,423.524,0,1.02816,0,0,3.29181,2.26365,1.028160,1,0,166.6,0,0,0,166.6,0
54.9022,2.25771,0,0,3.50779,0.168768,0.36288,3.6288,56.7144,0.642737,0,0,1.69748,0.202006,0,0.66528,12.849,1,0.535387,0.36288,0,77.1628,4.03638,72.9539,0.84672,12.849,0.84672,3695.15,0,36.966,0.425326,1.63924,2.34467,12.8684,1.03882,15.3882,0.42336,36.966,0.42336,423.524,0,1.02816,0,0,2.6674,1.63924,1.028160,1,0,88.3421,0,0,0,88.3421,0
54.411,2.26373,0,0,2.32872,0.193319,0.36288,3.6288,57.1057,0.646756,0,0,1.25342,0.21533,0,0.66528,12.849,1,0.52979,0.36288,0,89.2502,4.21092,84.8723,0.84672,12.849,0.84672,3695.15,0,36.966,0.421551,1.473,2.14297,7.92098,1.0586,10.0568,0.42336,36.966,0.42336,423.524,0,1.02816,0,0,2.50116,1.473,1.028160,1,0,94.9291,0,0,0,94.9291,0
55.4348,2.2602,0,0,3.83928,0.192364,0.36288,3.6288,57.8276,0.648658,0,0,1.58641,0.215879,0,0.66528,12.849,1,0.533739,0.36288,0,79.7208,4.21092,75.3391,0.84672,12.849,0.84672,3695.15,0,36.966,0.419893,1.85954,2.14323,9.92416,1.0586,12.4484,0.42336,36.966,0.42336,423.524,0,1.02816,0,0,2.8877,1.85954,1.028160,1,0,87.7875,0,0,0,87.7875,0
56.3582,2.26854,0,0,3.75245,0.197684,0.36288,3.6288,58.4686,0.652004,0,0,1.4951,0.202094,0,0.66528,12.849,1,0.525816,0.36288,0,137.424,4.04592,133.216,0.84672,12.849,0.84672,3695.15,0,36.966,0.41679,1.75639,2.1435,9.72069,1.01387,12.1899,0.42336,36.966,0.42336,423.524,0,1.02816,0,0,2.78455,1.75639,1.028160,1,0,145.405,0,0,0,145.405,0
55.4638,2.2759,0,0,1.95236,0.207911,0.36288,3.6288,58.3698,0.654953,0,0,0.721958,0.165785,0,0.66528,12.849,1,0.518878,0.36288,0,47.6575,3.63342,43.8681,0.84672,12.849,0.84672,3695.15,0,36.966,0.414085,0.643706,2.14377,7.70507,0.902022,9.17643,0.42336,36.966,0.42336,423.524,0,1.02816,0,0,1.67187,0.643706,1.028160,1,0,53.0446,0,0,0,53.0446,0
63.0487,2.34822,0,0,10.524,0.228104,0.36288,3.6288,58.9909,0.66528,0,0,1.48672,0.200367,0,0.66528,12.849,1,0.544,0.36288,0,205.775,3.71028,201.883,0.84672,12.849,0.84672,3695.15,0,36.966,0.462033,2.76081,2.14404,15.9803,1.04233,19.3808,0.42336,36.966,0.42336,423.524,0,1.02816,0,0,3.78897,2.76081,1.028160,1,0,221.264,0,0,0,221.264,0
68.9946,2.40292,0,0,8.9564,0.244622,0.36288,3.6288,59.5891,0.66528,0,0,1.46465,0.201169,0,0.66528,12.849,1,0.489704,0.36288,0,190.327,3.71028,186.49,0.84672,12.849,0.84672,3695.15,0,36.966,0.462269,2.29206,2.20732,10.6118,1.04233,13.6066,0.42336,36.966,0.42336,423.524,0,1.02816,0,0,3.32022,2.29206,1.028160,1,0,200.097,0,0,0,200.097,0
72.29,2.43884,0,0,8.04626,0.25649,2.05555,3.6288,60.117,0.66528,0,0,1.39514,0.201941,0,0.66528,12.849,1,0.45419,2.05555,0,176.332,3.71028,174.223,0.84672,12.849,0.84672,3695.15,0,36.966,0.462504,2.17414,2.20758,10.4293,1.04233,13.3062,0.42336,36.966,0.42336,423.524,0,1.02816,0,0,3.2023,2.17414,1.028160,1,0,187.529,0,0,0,187.529,0
72.29,2.45677,0,0,7.27298,0.277123,4.53909,3.6288,60.59,0.66528,0,0,1.27929,0.141058,0,0.66528,12.849,1,0.436672,4.53909,0,222.131,3.05211,223.181,0.84672,12.849,0.84672,3695.15,0,36.966,0.462739,1.71458,2.20784,9.15563,0.695677,11.9196,0.42336,36.966,0.42336,423.524,0,1.02816,0,0,2.74274,1.71458,1.028160,1,0,235.101,0,0,0,235.101,0
72.29,2.72182,0,0,6.95079,0.319571,3.90941,3.6288,60.8575,0.66528,0,0,1.11172,0.17893,0,0.66528,12.849,1,0.483782,3.90941,0,160.074,3.29744,160.202,0.84672,12.849,0.84672,3695.15,0,36.966,0.680967,1.52182,2.20809,8.3948,0.886267,10.5575,0.42336,36.966,0.42336,423.524,0,1.02816,0,0,2.54998,1.52182,1.028160,1,0,170.76,0,0,0,170.76,0
72.29,2.7222,0,0,8.22476,0.34965,5.15292,3.6288,61.308,0.66528,0,0,1.56845,0.215098,0.237551,0.66528,12.849,1,0.48385,5.15292,0,228.153,3.5637,229.258,0.84672,12.849,0.84672,3695.15,0,36.966,0.68123,3.23253,2.4352,14.3515,1.07254,18.2654,0.42336,36.966,0.42336,423.524,0,1.02816,0,0,4.26069,3.23253,1.028160,1,0,247.761,0,0,0,247.761,0
72.29,2.72257,0,0,7.23142,0.353428,4.15542,3.6288,61.308,0.66528,0,0,1.33074,0.193826,0.471636,0.66528,12.849,1,0.483917,4.15542,0,171.602,3.18563,172.088,0.84672,12.849,0.84672,3695.15,0,36.966,0.681493,2.21972,2.43548,11.821,0.964133,14.8306,0.42336,36.966,0.42336,423.524,0,1.02816,0,0,3.24788,2.21972,1.028160,1,0,187.391,0,0,0,187.391,0
72.29,2.72295,0,0,5.89109,0.35494,2.8132,3.6288,61.2545,0.66528,0,0,0.796815,0.185071,0,0.66528,12.849,1,0.483984,2.8132,0,127.335,3.03439,126.629,0.84672,12.849,0.84672,3695.15,0,36.966,0.681756,1.48291,2.43577,7.43558,0.92077,9.75174,0.42336,36.966,0.42336,423.524,0,1.02816,0,0,2.51107,1.48291,1.028160,1,0,136.381,0,0,0,136.381,0
72.29,2.34558,0,0,7.53048,0.293619,4.89127,3.6288,61.308,0.657695,0,0,2.69498,0.234869,1.74889,0.66528,12.849,1,0.41691,4.89127,0,238.158,3.96188,238.671,0.84672,12.849,0.84672,3695.15,0,36.966,0.396907,4.30034,2.43606,15.6205,1.04033,20.9197,0.42336,36.966,0.42336,423.524,0,1.02816,0,0,5.3285,4.30034,1.028160,1,0,261.339,0,0,0,261.339,0
72.29,2.34591,0,0,7.15461,0.308226,4.50047,3.6288,61.308,0.658052,0,0,1.71097,0.17407,0.878849,0.66528,12.849,1,0.416968,4.50047,0,194.235,3.25972,195.059,0.84672,12.849,0.84672,3695.15,0,36.966,0.396776,2.31822,2.12683,13.3358,0.840781,16.5432,0.42336,36.966,0.42336,423.524,0,1.02816,0,0,3.34638,2.31822,1.028160,1,0,212.481,0,0,0,212.481,0
72.29,2.34624,0,0,8.32594,0.308226,5.67147,3.6288,61.308,0.658193,0,0,2.59086,0.17407,1.7586,0.66528,12.849,1,0.417027,5.67147,0,205.732,3.25972,207.727,0.84672,12.849,0.84672,3695.15,0,36.966,0.396861,2.97449,2.12708,16.9078,0.840781,20.7717,0.42336,36.966,0.42336,423.524,0,1.02816,0,0,4.00265,2.97449,1.028160,1,0,230.257,0,0,0,230.257,0
72.29,2.34657,0,0,9.32334,0.308226,6.66854,3.6288,61.308,0.658334,0,0,2.97931,0.17407,2.14691,0.66528,12.849,1,0.417086,6.66854,0,270.508,3.25972,273.5,0.84672,12.849,0.84672,3695.15,0,36.966,0.396946,3.59595,2.12733,20.2441,0.840781,24.7297,0.42336,36.966,0.42336,423.524,0,1.02816,0,0,4.62411,3.59595,1.028160,1,0,300.376,0,0,0,300.376,0
72.29,2.3469,0,0,8.33872,0.279994,5.71182,3.6288,61.308,0.658475,0,0,2.67439,0.152378,1.86354,0.66528,12.849,1,0.417145,5.71182,0,243.168,3.04951,245.413,0.84672,12.849,0.84672,3695.15,0,36.966,0.397031,3.96384,2.12758,18.1237,0.816712,23.0014,0.42336,36.966,0.42336,423.524,0,1.02816,0,0,4.992,3.96384,1.028160,1,0,270.278,0,0,0,270.278,0
72.29,2.44238,0,0,7.7036,0.34849,4.91273,3.6288,61.308,0.66528,0,0,3.37197,0.14857,2.55812,0.66528,12.849,1,0.434114,4.91273,0,224.107,3.61935,224.966,0.84672,12.849,0.84672,3695.15,0,36.966,0.462102,4.537,2.12782,19.2576,0.935333,24.525,0.42336,36.966,0.42336,423.524,0,1.02816,0,0,5.56516,4.537,1.028160,1,0,252.049,0,0,0,252.049,0
72.29,2.44272,0,0,6.57644,0.34849,3.78523,3.6288,61.308,0.66528,0,0,2.69138,0.14857,1.87753,0.66528,12.849,1,0.434175,3.78523,0,174.178,3.61935,173.91,0.84672,12.849,0.84672,3695.15,0,36.966,0.462337,3.56206,2.20443,13.9386,0.935333,18.3074,0.42336,36.966,0.42336,423.524,0,1.02816,0,0,4.59022,3.56206,1.028160,1,0,194.095,0,0,0,194.095,0
72.29,2.44306,0,0,5.26354,0.310767,2.50971,3.6288,61.308,0.66528,0,0,1.89304,0.144407,1.08335,0.66528,12.849,1,0.434236,2.50971,0,146.284,3.86648,144.493,0.84672,12.849,0.84672,3695.15,0,36.966,0.462572,2.28287,2.20468,9.73244,0.951402,12.806,0.42336,36.966,0.42336,423.524,0,1.02816,0,0,3.31103,2.28287,1.028160,1,0,158.382,0,0,0,158.382,0
72.29,2.44341,0,0,4.54675,0.295678,1.80766,3.6288,61.308,0.66528,0,0,1.62999,0.142742,0.821965,0.66528,12.849,1,0.434297,1.80766,0,135.153,3.96533,132.561,0.84672,12.849,0.84672,3695.15,0,36.966,0.462807,1.56958,2.20494,8.34313,0.95783,10.697,0.42336,36.966,0.42336,423.524,0,1.02816,0,0,2.59774,1.56958,1.028160,1,0,144.08,0,0,0,144.08,0
72.29,2.40653,0,0,4.90798,0.314847,2.1866,3.6288,61.3014,0.66528,0,0,0.8525,0.193826,0,0.66528,12.849,1,0.427742,2.1866,0,130.798,4.72606,127.831,0.84672,12.849,0.84672,3695.15,0,36.966,0.4352,1.29406,2.2052,8.30149,1.06441,10.3011,0.42336,36.966,0.42336,423.524,0,1.02816,0,0,2.32222,1.29406,1.028160,1,0,138.132,0,0,0,138.132,0
72.29,2.40687,0,0,4.28922,0.253894,1.62846,3.6288,61.308,0.66528,0,0,0.875111,0.182524,0.0207005,0.66528,12.849,1,0.427802,1.62846,0,124.464,3.79901,121.866,0.84672,12.849,0.84672,3695.15,0,36.966,0.435432,1.10664,2.17573,6.85731,0.9609,8.74334,0.42336,36.966,0.42336,423.524,0,1.02816,0,0,2.1348,1.10664,1.028160,1,0,130.63,0,0,0,130.63,0
72.29,2.40721,0,0,3.7749,0.253894,1.1138,3.6288,61.308,0.66528,0,0,0.974938,0.182532,0.127126,0.66528,12.849,1,0.427863,1.1138,0,101.176,3.79901,98.0631,0.84672,12.849,0.84672,3695.15,0,36.966,0.435663,1.28368,2.17598,7.34764,0.9609,9.41074,0.42336,36.966,0.42336,423.524,0,1.02816,0,0,2.31184,1.28368,1.028160,1,0,107.601,0,0,0,107.601,0
72.29,2.40754,0,0,4.5641,0.253894,1.90266,3.6288,61.308,0.66528,0,0,1.12371,0.182532,0.275898,0.66528,12.849,1,0.427923,1.90266,0,121.852,3.79901,119.527,0.84672,12.849,0.84672,3695.15,0,36.966,0.435895,1.59713,2.17624,9.27703,0.9609,11.6536,0.42336,36.966,0.42336,423.524,0,1.02816,0,0,2.62529,1.59713,1.028160,1,0,131.457,0,0,0,131.457,0
72.29,2.53428,0,0,3.39683,0.226954,0.635595,3.6288,61.308,0.66528,0,0,0.881055,0.166332,0.0494429,0.66528,12.849,1,0.45045,0.635595,0,91.8501,3.84141,88.1938,0.84672,12.849,0.84672,3695.15,0,36.966,0.534913,1.02444,2.17649,6.35111,0.98743,8.0297,0.42336,36.966,0.42336,423.524,0,1.02816,0,0,2.0526,1.02444,1.028160,1,0,96.273,0,0,0,96.273,0
72.29,2.53464,0,0,3.37661,0.226811,0.615158,3.6288,61.2361,0.66528,0,0,0.761279,0.167942,0,0.66528,12.849,1,0.450513,0.615158,0,75.7961,3.90726,72.0535,0.84672,12.849,0.84672,3695.15,0,36.966,0.535157,0.885021,2.28096,5.68626,0.932725,7.38436,0.42336,36.966,0.42336,423.524,0,1.02816,0,0,1.91318,0.885021,1.028160,1,0,79.4379,0,0,0,79.4379,0
72.29,2.53499,0,0,3.27092,0.226811,0.50912,3.6288,61.0911,0.66528,0,0,0.688167,0.167866,0,0.66528,12.849,1,0.450576,0.50912,0,68.0633,3.90726,64.2146,0.84672,12.849,0.84672,3695.15,0,36.966,0.535402,0.769772,2.28123,5.50479,0.932725,7.08767,0.42336,36.966,0.42336,423.524,0,1.02816,0,0,1.79793,0.769772,1.028160,1,0,71.3023,0,0,0,71.3023,0
72.2364,2.53535,0,0,3.07148,0.226811,0.36288,3.6288,60.9032,0.66528,0,0,0.64514,0.167712,0,0.66528,12.849,1,0.450639,0.36288,0,62.9097,3.90726,58.9147,0.84672,12.849,0.84672,3695.15,0,36.966,0.535646,0.550282,2.2815,5.13724,0.932725,6.50065,0.42336,36.966,0.42336,423.524,0,1.02816,0,0,1.57844,0.550282,1.028160,1,0,65.4154,0,0,0,65.4154,0
71.9123,2.53542,0,0,2.75854,0.184346,0.36288,3.6288,60.6159,0.66528,0,0,0.596362,0.218453,0,0.66528,12.849,1,0.450985,0.36288,0,55.1404,4.57314,50.4791,0.84672,12.849,0.84672,3695.15,0,36.966,0.53589,0.331793,2.28177,4.1762,1.1309,5.12297,0.42336,36.966,0.42336,423.524,0,1.02816,0,0,1.35995,0.331793,1.028160,1,0,55.6021,0,0,0,55.6021,0
70.5879,2.50905,0,0,1.69817,0.150666,0.36288,3.6288,60.1279,0.774455,0,0,0.496081,0.209617,0,0.66528,12.849,1,0.448307,0.36288,0,37.1169,4.29009,32.7414,0.84672,12.849,0.84672,3695.15,0,36.966,0.590464,0.30119,2.28203,2.71244,1.17432,3.53088,0.42336,36.966,0.42336,423.524,0,0.918985,0,0,1.22018,0.30119,1.028160,1,0,36.2723,0,0,0,36.2723,0
69.1435,2.50229,0,0,1.56985,0.149148,0.36288,3.6288,59.6433,0.755179,0,0,0.479599,0.208968,0,0.66528,12.849,1,0.455487,0.36288,0,36.8926,4.29009,32.5099,0.84672,12.849,0.84672,3695.15,0,36.966,0.590715,0.261274,2.31875,2.75041,1.17432,3.5654,0.42336,36.966,0.42336,423.524,0,0.938261,0,0,1.19953,0.261274,1.028160,1,0,36.0753,0,0,0,36.0753,0
67.5636,2.49461,0,0,1.42517,0.147492,0.36288,3.6288,59.0152,0.872856,0,0,0.453074,0.208323,0,0.66528,12.849,1,0.463576,0.36288,0,35.7962,4.29009,31.4054,0.84672,12.849,0.84672,3695.15,0,36.966,0.590966,0.261274,2.31902,2.58536,1.17432,3.40037,0.42336,36.966,0.42336,423.524,0,0.820584,0,0,1.08186,0.261274,1.028160,1,0,34.8058,0,0,0,34.8058,0
65.8834,2.48585,0,0,1.30497,0.136501,0.36288,3.6288,58.3001,0.917248,0,0,0.431215,0.229107,0,0.66528,12.849,1,0.47275,0.36288,0,31.5678,4.57239,26.8855,0.84672,12.849,0.84672,3695.15,0,36.966,0.591218,0.261274,2.3193,2.51075,1.27737,3.22274,0.42336,36.966,0.42336,423.524,0,0.776192,0,0,1.03747,0.261274,1.028160,1,0,30.1083,0,0,0,30.1083,0
64.1972,2.5398,0,0,1.33227,0.115796,0.36288,3.6288,57.564,0.867491,0,0,0.434923,0.303502,0,0.66528,12.849,1,0.495328,0.36288,0,29.5586,5.78687,23.6392,0.84672,12.849,0.84672,3695.15,0,36.966,0.639913,0.261274,2.31957,2.32161,1.53869,2.72386,0.42336,36.966,0.42336,423.524,0,0.825949,0,0,1.08722,0.261274,1.028160,1,0,26.3631,0,0,0,26.3631,0
62.406,2.52931,0,0,1.21669,0.115716,0.36288,3.6288,56.7242,0.943376,0,0,0.414247,0.310678,0,0.66528,12.849,1,0.506239,0.36288,0,28.1312,5.99035,21.9975,0.84672,12.849,0.84672,3695.15,0,36.966,0.64017,0.261274,2.37153,2.22634,1.54017,2.6788,0.42336,36.966,0.42336,423.524,0,0.750064,0,0,1.01134,0.261274,1.028160,1,0,24.6763,0,0,0,24.6763,0
60.5167,2.51761,0,0,1.10523,0.114041,0.36288,3.6288,55.8434,0.974817,0,0,0.403022,0.308989,0,0.66528,12.849,1,0.518361,0.36288,0,26.4809,5.99035,20.3351,0.84672,12.849,0.84672,3695.15,0,36.966,0.640428,0.227405,2.37181,2.14686,1.54017,2.56548,0.42336,36.966,0.42336,423.524,0,0.718623,0,0,0.946028,0.227405,1.028160,1,0,22.9006,0,0,0,22.9006,0
58.4887,2.50461,0,0,0.936083,0.096566,0.36288,3.6288,54.9546,0.97695,0,0,0.400834,0.31268,0,0.66528,12.849,1,0.531784,0.36288,0,25.2368,6.26715,18.8008,0.84672,12.849,0.84672,3695.15,0,36.966,0.6467,0.227405,2.37209,2.10672,1.54067,2.51884,0.42336,36.966,0.42336,423.524,0,0.710476,0,0,0.937881,0.227405,1.028160,1,0,21.3196,0,0,0,21.3196,0
56.1943,2.67269,0,0,0.84742,0.106209,0.36288,3.6288,53.9499,1.05533,0,0,0.35974,0.309096,0,0.66528,12.849,1,0.587146,0.36288,0,21.7349,6.2778,15.2328,0.84672,12.849,0.84672,3695.15,0,36.966,0.815888,0.227405,2.37237,2.09812,1.46333,2.41867,0.42336,36.966,0.42336,423.524,0,0.638107,0,0,0.865512,0.227405,1.028160,1,0,17.6515,0,0,0,17.6515,0
53.9158,2.65354,0,0,0.830148,0.0922395,0.36288,3.6288,52.749,1.15669,0,0,0.292279,0.336547,0,0.66528,12.849,1,0.606741,0.36288,0,17.4386,6.95205,10.2427,0.84672,12.849,0.84672,3695.15,0,36.966,0.816168,0.227405,2.5496,1.7978,1.58206,2.17658,0.42336,36.966,0.42336,423.524,0,0.536751,0,0,0.764156,0.227405,1.028160,1,0,12.4193,0,0,0,12.4193,0
51.7135,2.6332,0,0,0.883976,0.0901536,0.36288,3.6288,51.8191,0.956033,0,0,0.359516,0.33339,0,0.66528,12.849,1,0.627534,0.36288,0,22.1911,6.95205,14.9744,0.84672,12.849,0.84672,3695.15,0,36.966,0.816448,0.204422,2.5499,2.00807,1.58206,2.36389,0.42336,36.966,0.42336,423.524,0,0.737407,0,0,0.941829,0.204422,1.028160,1,0,17.3382,0,0,0,17.3382,0
49.3776,2.61216,0,0,0.727263,0.0881376,0.36288,3.6288,50.5413,1.20867,0,0,0.261829,0.330905,0,0.66528,12.849,1,0.64903,0.36288,0,20.3306,6.95205,13.0924,0.84672,12.849,0.84672,3695.15,0,36.966,0.862228,0.204422,2.5502,1.6447,1.58206,1.95503,0.42336,36.966,0.42336,423.524,0,0.439266,0,0,0.643689,0.204422,1.028160,1,0,15.0474,0,0,0,15.0474,0
47.2469,2.58815,0,0,0.906284,0.0859982,0.36288,3.6288,50.0021,0.66528,0,0,0.45357,0.32749,0,0.66528,12.849,1,0.673487,0.36288,0,19.8174,6.95205,12.5547,0.84672,12.849,0.84672,3695.15,0,36.966,0.817008,0.243881,2.5505,2.56516,1.58206,2.96048,0.42336,36.966,0.42336,423.524,0,1.02816,0,0,1.27204,0.243881,1.028160,1,0,15.5152,0,0,0,15.5152,0
44.7929,2.47913,0,0,0.46365,0.0756241,0.36288,3.6288,48.687,1.17434,0,0,0.216124,0.356903,0,0.66528,12.849,1,0.67421,0.36288,0,11.7368,6.25684,5.16866,0.84672,12.849,0.84672,3695.15,0,36.966,0.868179,0.204422,2.5508,1.29378,1.59619,1.58463,0.42336,36.966,0.42336,423.524,0,0.361952,0,0,0.566374,0.204422,1.028160,1,0,6.75329,0,0,0,6.75329,0
42.3778,2.45076,0,0,0.526173,0.127592,0.36288,3.6288,47.3977,1.18885,0,0,0.208468,0.308914,0,0.66528,12.849,1,0.70301,0.36288,0,9.90127,5.87034,3.6908,0.84672,12.849,0.84672,3695.15,0,36.966,0.902647,0.216518,2.44863,0.975637,1.46344,1.2747,0.42336,36.966,0.42336,423.524,0,0.313241,0,0,0.52976,0.216518,1.028160,1,0,4.9655,0,0,0,4.9655,0
40.1666,2.42036,0,0,0.696074,0.124108,0.36288,3.6288,46.3023,1.06096,0,0,0.271206,0.305614,0,0.66528,12.849,1,0.733855,0.36288,0,14.4135,5.87034,8.17219,0.84672,12.849,0.84672,3695.15,0,36.966,0.827458,0.216518,2.44892,1.4006,1.46344,1.77515,0.42336,36.966,0.42336,423.524,0,0.516586,0,0,0.733104,0.216518,1.028160,1,0,9.94734,0,0,0,9.94734,0
38.1985,2.39008,0,0,0.905861,0.120917,0.36288,3.6288,45.5006,0.882775,0,0,0.383764,0.302706,0,0.66528,12.849,1,0.76457,0.36288,0,28.2219,5.87034,21.9498,0.84672,12.849,0.84672,3695.15,0,36.966,0.711835,0.216518,2.44921,1.66329,1.46344,2.15374,0.42336,36.966,0.42336,423.524,0,0.810665,0,0,1.02718,0.216518,1.028160,1,0,24.1036,0,0,0,24.1036,0
36.2302,2.2941,0,0,0.838011,0.149358,0.36288,3.6288,44.5919,0.959473,0,0,0.327547,0.276732,0,0.66528,12.849,1,0.771675,0.36288,0,18.1526,5.35765,12.3862,0.84672,12.849,0.84672,3695.15,0,36.966,0.779504,0.216518,2.4495,1.16366,1.29983,1.75034,0.42336,36.966,0.42336,423.524,0,0.569799,0,0,0.786318,0.216518,1.028160,1,0,14.1365,0,0,0,14.1365,0
34.3474,2.26347,0,0,0.890283,0.146755,0.36288,3.6288,43.7095,0.947975,0,0,0.33101,0.26549,0,0.66528,12.849,1,0.802735,0.36288,0,12.4234,4.9959,6.98761,0.84672,12.849,0.84672,3695.15,0,36.966,0.785856,0.216518,2.35829,1.57064,1.1669,2.19268,0.42336,36.966,0.42336,423.524,0,0.575199,0,0,0.791718,0.216518,1.028160,1,0,9.1803,0,0,0,9.1803,0
32.7904,2.23175,0,0,1.1867,0.149037,0.36288,3.6288,43.0828,0.825055,0,0,0.459539,0.261173,0,0.66528,12.849,1,0.834875,0.36288,0,21.8627,4.92441,16.4663,0.84672,12.849,0.84672,3695.15,0,36.966,0.697765,0.292723,2.35856,2.2391,1.15652,3.0361,0.42336,36.966,0.42336,423.524,0,0.786465,0,0,1.07919,0.292723,1.028160,1,0,19.5024,0,0,0,19.5024,0
32.7412,2.22033,0,0,2.71305,0.179069,0.36288,3.6288,43.0705,0.66528,0,0,0.89996,0.246995,0,0.66528,12.849,1,0.84672,0.36288,0,27.7164,4.49547,22.7371,0.84672,12.849,0.84672,3695.15,0,36.966,0.616099,0.396308,2.35884,3.64418,1.09422,4.689,0.42336,36.966,0.42336,423.524,0,1.02816,0,0,1.42447,0.396308,1.028160,1,0,27.4261,0,0,0,27.4261,0
32.3896,2.02069,0,0,2.22242,0.190414,0.36288,3.6288,42.7457,0.581185,0,0,0.496353,0.24,0,0.66528,12.849,1,0.793002,0.36288,0,26.3649,4.52025,21.4145,0.84672,12.849,0.84672,3695.15,0,36.966,0.498812,0.370129,2.35912,2.36383,1.11102,3.48324,0.42336,36.966,0.42336,423.524,0,1.02816,0,0,1.39829,0.370129,1.028160,1,0,24.8977,0,0,0,24.8977,0
32.9798,2.01481,0,0,3.18591,0.218092,0.36288,3.6288,42.4819,0.579275,0,0,0.537386,0.221893,0,0.66528,12.849,1,0.799277,0.36288,0,29.3125,4.5822,24.2939,0.84672,12.849,0.84672,3695.15,0,36.966,0.500951,0.817439,2.15605,2.86109,1.15299,4.18064,0.42336,36.966,0.42336,423.524,0,1.02816,0,0,1.8456,0.817439,1.028160,1,0,28.4745,0,0,0,28.4745,0
32.6949,2.02539,0,0,2.32306,0.219705,0.36288,3.6288,42.112,0.577734,0,0,0.429166,0.221334,0,0.66528,12.849,1,0.789095,0.36288,0,25.5248,4.5822,20.5164,0.84672,12.849,0.84672,3695.15,0,36.966,0.502721,0.540311,2.1563,3.29914,1.15299,4.34004,0.42336,36.966,0.42336,423.524,0,1.02816,0,0,1.56847,0.540311,1.028160,1,0,24.8564,0,0,0,24.8564,0
31.8686,2.02073,0,0,1.76545,0.208141,0.36288,3.6288,41.4037,0.804875,0,0,0.272801,0.176225,0,0.66528,12.849,1,0.794143,0.36288,0,18.1973,3.64485,14.1212,0.84672,12.849,0.84672,3695.15,0,36.966,0.706522,0.412474,2.15655,1.82486,0.883426,2.80394,0.42336,36.966,0.42336,423.524,0,0.597447,0,0,1.00992,0.412474,1.028160,1,0,16.9251,0,0,0,16.9251,0
30.6395,2.00634,0,0,1.34441,0.204216,0.36288,3.6288,40.669,0.90718,0,0,0.340216,0.167688,0,0.66528,12.849,1,0.808931,0.36288,0,18.0852,3.48862,14.1505,0.84672,12.849,0.84672,3695.15,0,36.966,0.809948,0.412474,2.1568,1.82134,0.838498,2.74217,0.42336,36.966,0.42336,423.524,0,0.391945,0,0,0.804419,0.412474,1.028160,1,0,16.8927,0,0,0,16.8927,0
33.5384,2.06661,0,0,5.51197,0.18361,0.36288,3.6288,41.5036,0.596956,0,0,1.62956,0.198071,0,0.66528,12.849,1,0.84672,0.36288,0,58.4848,4.19125,53.8097,0.84672,12.849,0.84672,3695.15,0,36.966,0.542602,2.25814,2.15705,5.40873,1.18713,8.09419,0.42336,36.966,0.42336,423.524,0,1.02816,0,0,3.2863,2.25814,1.028160,1,0,61.9039,0,0,0,61.9039,0
35.4213,2.10663,0,0,4.53992,0.187459,0.36288,3.6288,42.0634,0.602844,0,0,1.36769,0.204988,0,0.66528,12.849,1,0.807079,0.36288,0,79.634,4.30836,74.8815,0.84672,12.849,0.84672,3695.15,0,36.966,0.536935,1.8293,2.22074,6.45554,1.24524,8.72341,0.42336,36.966,0.42336,423.524,0,1.02816,0,0,2.85746,1.8293,1.028160,1,0,83.6049,0,0,0,83.6049,0
38.0556,2.1384,0,0,5.32736,0.191819,0.36288,3.6288,42.5654,0.606765,0,0,1.31482,0.206097,0,0.66528,12.849,1,0.775697,0.36288,0,116.027,4.30836,111.305,0.84672,12.849,0.84672,3695.15,0,36.966,0.533234,1.75592,2.22098,5.90158,1.24524,8.1,0.42336,36.966,0.42336,423.524,0,1.02816,0,0,2.78408,1.75592,1.028160,1,0,119.405,0,0,0,119.405,0
39.2298,2.17882,0,0,3.91381,0.197917,0.36288,3.6288,42.8839,0.610248,0,0,1.13589,0.207092,0,0.66528,12.849,1,0.735652,0.36288,0,75.4324,4.30836,70.7512,0.84672,12.849,0.84672,3695.15,0,36.966,0.529971,1.31709,2.22122,5.85858,1.24524,7.62168,0.42336,36.966,0.42336,423.524,0,1.02816,0,0,2.34525,1.31709,1.028160,1,0,78.3729,0,0,0,78.3729,0
41.6875,2.43207,0,0,5.45598,0.203376,0.36288,3.6288,43.5975,0.66528,0,0,1.56485,0.186041,0,0.66528,12.849,1,0.796581,0.36288,0,64.9849,3.83496,60.7162,0.84672,12.849,0.84672,3695.15,0,36.966,0.694585,1.29575,2.22146,6.23048,1.12428,7.92882,0.42336,36.966,0.42336,423.524,0,1.02816,0,0,2.32391,1.29575,1.028160,1,0,68.6451,0,0,0,68.6451,0
44.8768,2.46829,0,0,6.23062,0.210107,0.36288,3.6288,44.9137,0.66528,0,0,2.15118,0.169622,0,0.66528,12.849,1,0.760782,0.36288,0,89.7791,3.35969,86.0215,0.84672,12.849,0.84672,3695.15,0,36.966,0.694832,1.67315,2.45004,6.94894,1.02317,9.35413,0.42336,36.966,0.42336,423.524,0,1.02816,0,0,2.70131,1.67315,1.028160,1,0,95.3756,0,0,0,95.3756,0
45.9681,2.51065,0,0,4.18278,0.21796,0.36288,3.6288,47.1218,0.66528,0,0,3.04505,0.171738,0,0.66528,12.849,1,0.718842,0.36288,0,91.2617,3.35969,87.5461,0.84672,12.849,0.84672,3695.15,0,36.966,0.695078,2.87388,2.45031,10.1817,1.02317,13.7876,0.42336,36.966,0.42336,423.524,0,1.02816,0,0,3.90204,2.87388,1.028160,1,0,101.334,0,0,0,101.334,0
48.6478,2.52431,0,0,5.79891,0.23199,0.36288,3.6288,48.3444,0.66528,0,0,2.0564,0.168438,0,0.66528,12.849,1,0.705596,0.36288,0,128.849,3.40345,125.103,0.84672,12.849,0.84672,3695.15,0,36.966,0.695325,2.65689,2.45058,7.98872,1.00401,11.3968,0.42336,36.966,0.42336,423.524,0,1.02816,0,0,3.68505,2.65689,1.028160,1,0,136.5,0,0,0,136.5,0
50.8074,2.20115,0,0,4.98906,0.265389,0.36288,3.6288,49.7344,0.604226,0,0,2.14363,0.149482,0,0.66528,12.849,1,0.581375,0.36288,0,89.5951,3.27153,86.105,0.84672,12.849,0.84672,3695.15,0,36.966,0.462014,3.34505,2.45084,8.46841,0.929177,12.8731,0.42336,36.966,0.42336,423.524,0,1.02816,0,0,4.37321,3.34505,1.028160,1,0,98.9782,0,0,0,98.9782,0
53.9885,2.22117,0,0,6.02314,0.258023,0.36288,3.6288,51.5306,0.611754,0,0,2.53967,0.131716,0,0.66528,12.849,1,0.561725,0.36288,0,102.215,2.99376,99.022,0.84672,12.849,0.84672,3695.15,0,36.966,0.454698,1.97574,2.13958,8.65037,0.869309,11.4417,0.42336,36.966,0.42336,423.524,0,1.02816,0,0,3.0039,1.97574,1.028160,1,0,110.464,0,0,0,110.464,0
56.7567,2.2482,0,0,5.64593,0.266629,0.36288,3.6288,52.6754,0.621106,0,0,1.89962,0.13366,0,0.66528,12.849,1,0.53506,0.36288,0,81.527,2.99376,78.3611,0.84672,12.849,0.84672,3695.15,0,36.966,0.445557,1.24562,2.13981,7.10773,0.869309,9.1783,0.42336,36.966,0.42336,423.524,0,1.02816,0,0,2.27378,1.24562,1.028160,1,0,87.5394,0,0,0,87.5394,0
58.3154,2.26977,0,0,4.46548,0.274118,0.36288,3.6288,53.3065,0.626921,0,0,1.39296,0.134898,0,0.66528,12.849,1,0.513848,0.36288,0,86.6402,2.99376,83.4955,0.84672,12.849,0.84672,3695.15,0,36.966,0.439954,0.560485,2.14004,5.40829,0.869309,6.79955,0.42336,36.966,0.42336,423.524,0,1.02816,0,0,1.58865,0.560485,1.028160,1,0,90.295,0,0,0,90.295,0
58.491,2.28133,0,0,3.07785,0.25813,0.36288,3.6288,53.3488,0.788171,0,0,0.954599,0.124165,0,0.66528,12.849,1,0.502659,0.36288,0,69.6902,2.81937,66.7311,0.84672,12.849,0.84672,3695.15,0,36.966,0.546566,0.558835,2.14028,4.83163,0.844259,6.13991,0.42336,36.966,0.42336,423.524,0,0.76051,0,0,1.31935,0.558835,1.028160,1,0,72.871,0,0,0,72.871,0
60.5601,2.37533,0,0,5.10004,0.292713,0.36288,3.6288,54.7828,0.66528,0,0,2.26029,0.161059,0,0.66528,12.849,1,0.521801,0.36288,0,84.1303,3.18959,80.7818,0.84672,12.849,0.84672,3695.15,0,36.966,0.474134,1.33432,2.14051,6.08684,0.85961,8.22792,0.42336,36.966,0.42336,423.524,0,1.02816,0,0,2.36248,1.33432,1.028160,1,0,89.0097,0,0,0,89.0097,0
62.8626,2.39035,0,0,5.35431,0.298501,0.36288,3.6288,57.3119,0.66528,0,0,3.35714,0.162699,0,0.66528,12.849,1,0.50716,0.36288,0,99.6944,3.18959,96.3605,0.84672,12.849,0.84672,3695.15,0,36.966,0.474355,1.61741,2.21759,6.15958,0.85961,8.66061,0.42336,36.966,0.42336,423.524,0,1.02816,0,0,2.64557,1.61741,1.028160,1,0,105.021,0,0,0,105.021,0
63.8151,2.40609,0,0,4.02561,0.304226,0.36288,3.6288,58.5482,0.66528,0,0,2.06702,0.165412,0,0.66528,12.849,1,0.4918,0.36288,0,62.0476,3.18959,58.729,0.84672,12.849,0.84672,3695.15,0,36.966,0.474575,0.88846,2.21783,5.00996,0.85961,6.78206,0.42336,36.966,0.42336,423.524,0,1.02816,0,0,1.91662,0.88846,1.028160,1,0,65.5111,0,0,0,65.5111,0
64.5308,2.41252,0,0,3.79774,0.306594,0.36288,3.6288,59.9587,0.66528,0,0,2.24252,0.166738,0,0.66528,12.849,1,0.485754,0.36288,0,71.6031,3.18959,68.2907,0.84672,12.849,0.84672,3695.15,0,36.966,0.474795,0.900288,2.21807,5.03919,0.85961,6.82315,0.42336,36.966,0.42336,423.524,0,1.02816,0,0,1.92845,0.900288,1.028160,1,0,75.1138,0,0,0,75.1138,0
64.5902,2.38053,0,0,3.07084,0.26804,0.36288,3.6288,60.5367,0.66528,0,0,1.42044,0.177174,0,0.66528,12.849,1,0.473998,0.36288,0,58.6968,3.61356,54.9721,0.84672,12.849,0.84672,3695.15,0,36.966,0.446994,0.854427,2.21831,4.22372,0.966357,5.88311,0.42336,36.966,0.42336,423.524,0,1.02816,0,0,1.88259,0.854427,1.028160,1,0,60.8552,0,0,0,60.8552,0
64.34,2.38121,0,0,2.77199,0.27807,0.36288,3.6288,60.88,0.66528,0,0,1.20442,0.195867,0,0.66528,12.849,1,0.473696,0.36288,0,47.5007,3.95978,43.4301,0.84672,12.849,0.84672,3695.15,0,36.966,0.447211,0.85358,2.18864,3.60207,1.01686,5.18021,0.42336,36.966,0.42336,423.524,0,1.02816,0,0,1.88174,0.85358,1.028160,1,0,48.6104,0,0,0,48.6104,0
63.9512,2.37998,0,0,2.55237,0.198324,0.36288,3.6288,61.0411,0.66528,0,0,1.06177,0.235426,0,0.66528,12.849,1,0.475293,0.36288,0,43.4252,4.30574,39.0071,0.84672,12.849,0.84672,3695.15,0,36.966,0.447428,0.703339,2.18888,3.35726,1.03752,4.76453,0.42336,36.966,0.42336,423.524,0,1.02816,0,0,1.7315,0.703339,1.028160,1,0,43.7716,0,0,0,43.7716,0
63.502,2.37789,0,0,2.48925,0.197702,0.36288,3.6288,61.308,0.66528,0,0,1.18686,0.235667,0.0189801,0.66528,12.849,1,0.477762,0.36288,0,42.0634,4.30574,37.6428,0.84672,12.849,0.84672,3695.15,0,36.966,0.447645,0.924497,2.18911,3.97387,1.03752,5.60232,0.42336,36.966,0.42336,423.524,0,1.02816,0,0,1.95266,0.924497,1.028160,1,0,43.2641,0,0,0,43.2641,0
62.7606,2.5,0,0,2.32412,0.202672,0.36288,3.6288,61.308,0.66528,0,0,1.10991,0.227619,0.217013,0.66528,12.849,1,0.50585,0.36288,0,37.8679,4.27828,33.4467,0.84672,12.849,0.84672,3695.15,0,36.966,0.547283,0.659932,2.18935,3.29114,1.03899,4.55415,0.42336,36.966,0.42336,423.524,0,1.02816,0,0,1.68809,0.659932,1.028160,1,0,38.2178,0,0,0,38.2178,0
61.7705,2.49536,0,0,2.04772,0.179526,0.36288,3.6288,61.2758,0.66528,0,0,0.836335,0.203208,0,0.66528,12.849,1,0.510876,0.36288,0,31.8945,4.11999,27.6265,0.84672,12.849,0.84672,3695.15,0,36.966,0.547512,0.61071,2.29448,2.78846,1.00859,4.13754,0.42336,36.966,0.42336,423.524,0,1.02816,0,0,1.63887,0.61071,1.028160,1,0,31.764,0,0,0,31.764,0
60.6794,2.48891,0,0,1.92471,0.164065,0.36288,3.6288,61.2748,0.66528,0,0,0.870964,0.206737,0,0.66528,12.849,1,0.517722,0.36288,0,29.3781,4.22835,24.9949,0.84672,12.849,0.84672,3695.15,0,36.966,0.547741,0.614796,2.29473,2.834,0.988532,4.20725,0.42336,36.966,0.42336,423.524,0,1.02816,0,0,1.64296,0.614796,1.028160,1,0,29.2021,0,0,0,29.2021,0
59.5219,2.48155,0,0,1.84951,0.162589,0.36288,3.6288,61.29,0.66528,0,0,0.887259,0.206735,0,0.66528,12.849,1,0.525473,0.36288,0,27.6954,4.22835,23.3045,0.84672,12.849,0.84672,3695.15,0,36.966,0.54797,0.533002,2.29498,2.82588,0.988532,4.11735,0.42336,36.966,0.42336,423.524,0,1.02816,0,0,1.56116,0.533002,1.028160,1,0,27.4218,0,0,0,27.4218,0
58.2577,2.47346,0,0,1.733,0.160871,0.36288,3.6288,61.2437,0.66528,0,0,0.825742,0.206755,0,0.66528,12.849,1,0.533947,0.36288,0,25.9451,4.22835,21.5456,0.84672,12.849,0.84672,3695.15,0,36.966,0.548198,0.426669,2.29523,2.62005,0.988532,3.80522,0.42336,36.966,0.42336,423.524,0,1.02816,0,0,1.45483,0.426669,1.028160,1,0,25.3509,0,0,0,25.3509,0
57.6612,2.44,0,0,2.31747,0.111109,0.36288,3.6288,61.308,0.66528,0,0,1.26266,0.256255,0.276868,0.66528,12.849,1,0.538153,0.36288,0,39.1924,5.28255,33.7346,0.84672,12.849,0.84672,3695.15,0,36.966,0.603103,0.820739,2.29548,4.35128,1.15351,5.71088,0.42336,36.966,0.42336,423.524,0,1.02816,0,0,1.8489,0.820739,1.028160,1,0,39.7223,0,0,0,39.7223,0
56.9619,2.43576,0,0,2.18365,0.0842147,0.36288,3.6288,61.308,0.66528,0,0,1.17117,0.297621,0.208268,0.66528,12.849,1,0.542777,0.36288,0,37.35,5.32686,31.8433,0.84672,12.849,0.84672,3695.15,0,36.966,0.603338,0.753391,2.33241,4.3844,1.2902,5.57667,0.42336,36.966,0.42336,423.524,0,1.02816,0,0,1.78155,0.753391,1.028160,1,0,37.6282,0,0,0,37.6282,0
56.1609,2.43064,0,0,2.07613,0.0836387,0.36288,3.6288,61.308,0.66528,0,0,1.11395,0.297621,0.151045,0.66528,12.849,1,0.548284,0.36288,0,34.0203,5.32686,28.5081,0.84672,12.849,0.84672,3695.15,0,36.966,0.603574,0.692237,2.33267,4.18867,1.2902,5.3198,0.42336,36.966,0.42336,423.524,0,1.02816,0,0,1.7204,0.692237,1.028160,1,0,33.9789,0,0,0,33.9789,0
55.2137,2.42459,0,0,1.92324,0.0829788,0.36288,3.6288,61.308,0.66528,0,0,0.983076,0.297621,0.020175,0.66528,12.849,1,0.55472,0.36288,0,31.9509,5.32686,26.4322,0.84672,12.849,0.84672,3695.15,0,36.966,0.603809,0.611038,2.33292,3.94985,1.2902,4.9998,0.42336,36.966,0.42336,423.524,0,1.02816,0,0,1.6392,0.611038,1.028160,1,0,31.4522,0,0,0,31.4522,0
54.0924,2.47933,0,0,1.80234,0.0814343,0.36288,3.6288,61.2727,0.66528,0,0,0.937077,0.307114,0,0.66528,12.849,1,0.576974,0.36288,0,29.5551,5.56084,23.7802,0.84672,12.849,0.84672,3695.15,0,36.966,0.652796,0.472781,2.33318,3.80234,1.36166,4.59385,0.42336,36.966,0.42336,423.524,0,1.02816,0,0,1.50094,0.472781,1.028160,1,0,28.374,0,0,0,28.374,0
53.1584,2.46998,0,0,1.95554,0.0566421,0.36288,3.6288,61.308,0.66528,0,0,1.20182,0.33748,0.163738,0.66528,12.849,1,0.586714,0.36288,0,35.179,5.93565,29.0195,0.84672,12.849,0.84672,3695.15,0,36.966,0.653037,0.630556,2.38545,4.12462,1.53332,4.95427,0.42336,36.966,0.42336,423.524,0,1.02816,0,0,1.65872,0.630556,1.028160,1,0,34.1375,0,0,0,34.1375,0
52.1308,2.462,0,0,1.85336,0.0561059,0.36288,3.6288,61.308,0.66528,0,0,1.07519,0.337556,0.0723518,0.66528,12.849,1,0.595093,0.36288,0,31.0836,5.93565,24.9157,0.84672,12.849,0.84672,3695.15,0,36.966,0.653278,0.792227,2.38571,4.30802,1.53332,5.29937,0.42336,36.966,0.42336,423.524,0,1.02816,0,0,1.82039,0.792227,1.028160,1,0,30.2875,0,0,0,30.2875,0
50.9921,2.45291,0,0,1.73255,0.0555159,0.36288,3.6288,61.2999,0.66528,0,0,0.994784,0.337556,0,0.66528,12.849,1,0.604583,0.36288,0,29.556,5.93565,23.3786,0.84672,12.849,0.84672,3695.15,0,36.966,0.65352,0.635584,2.38597,3.78015,1.53332,4.61486,0.42336,36.966,0.42336,423.524,0,1.02816,0,0,1.66374,0.635584,1.028160,1,0,27.9935,0,0,0,27.9935,0
49.5852,2.62169,0,0,1.63791,0.0601796,0.36288,3.6288,61.2923,0.66528,0,0,0.98966,0.332004,0,0.66528,12.849,1,0.660615,0.36288,0,26.635,5.83708,20.5001,0.84672,12.849,0.84672,3695.15,0,36.966,0.82981,0.516231,2.38623,3.96195,1.51268,4.52192,0.42336,36.966,0.42336,423.524,0,1.02816,0,0,1.54439,0.516231,1.028160,1,0,25.0221,0,0,0,25.0221,0
48.3523,2.60714,0,0,1.79988,0.0627357,0.36288,3.6288,61.2148,0.66528,0,0,0.904712,0.316909,0,0.66528,12.849,1,0.675587,0.36288,0,24.7487,5.76912,18.6668,0.84672,12.849,0.84672,3695.15,0,36.966,0.830072,0.475312,2.56457,3.93263,1.49344,4.649,0.42336,36.966,0.42336,423.524,0,1.02816,0,0,1.50347,0.475312,1.028160,1,0,23.3158,0,0,0,23.3158,0
47.309,2.59387,0,0,1.97527,0.0619067,0.36288,3.6288,61.308,0.66528,0,0,1.11717,0.316754,0.0419822,0.66528,12.849,1,0.689286,0.36288,0,31.8286,5.76912,25.7331,0.84672,12.849,0.84672,3695.15,0,36.966,0.830334,0.839756,2.56485,4.29004,1.49344,5.37087,0.42336,36.966,0.42336,423.524,0,1.02816,0,0,1.86792,0.839756,1.028160,1,0,31.146,0,0,0,31.146,0
45.8895,2.58224,0,0,1.58682,0.0612046,0.36288,3.6288,61.1338,0.66528,0,0,0.80803,0.316941,0,0.66528,12.849,1,0.701331,0.36288,0,31.1017,5.76912,24.9941,0.84672,12.849,0.84672,3695.15,0,36.966,0.830596,0.268652,2.56513,3.44393,1.49344,3.95368,0.42336,36.966,0.42336,423.524,0,1.02816,0,0,1.29681,0.268652,1.028160,1,0,28.9478,0,0,0,28.9478,0
44.8769,2.56563,0,0,1.97624,0.0602493,0.36288,3.6288,61.308,0.66528,0,0,1.38108,0.316592,0.225016,0.66528,12.849,1,0.718373,0.36288,0,28.4055,5.76912,22.2809,0.84672,12.849,0.84672,3695.15,0,36.966,0.830859,1.42492,2.56541,5.325,1.49344,6.99104,0.42336,36.966,0.42336,423.524,0,1.02816,0,0,2.45308,1.42492,1.028160,1,0,29.4969,0,0,0,29.4969,0
43.6853,2.46828,0,0,1.74124,0.101682,0.36288,3.6288,60.9118,0.82677,0,0,0.71509,0.284538,0,0.66528,12.849,1,0.706708,0.36288,0,27.5517,5.1375,22.0703,0.84672,12.849,0.84672,3695.15,0,36.966,0.724203,0.204422,2.56569,4.57484,1.32024,5.30051,0.42336,36.966,0.42336,423.524,0,0.86667,0,0,1.07109,0.204422,1.028160,1,0,27.3709,0,0,0,27.3709,0
42.4014,2.4537,0,0,1.63989,0.107238,0.36288,3.6288,60.9794,0.66528,0,0,1.0113,0.278439,0,0.66528,12.849,1,0.721697,0.36288,0,24.0551,5.03223,18.664,0.84672,12.849,0.84672,3695.15,0,36.966,0.724453,0.624465,2.46286,5.26381,1.29137,6.33531,0.42336,36.966,0.42336,423.524,0,1.02816,0,0,1.65262,0.624465,1.028160,1,0,24.9993,0,0,0,24.9993,0
40.9426,2.43724,0,0,1.44698,0.105661,0.36288,3.6288,60.4153,0.872398,0,0,0.586926,0.278558,0,0.66528,12.849,1,0.738563,0.36288,0,24.6397,5.03223,19.2318,0.84672,12.849,0.84672,3695.15,0,36.966,0.724702,0.216518,2.46313,4.04311,1.29137,4.70668,0.42336,36.966,0.42336,423.524,0,0.821042,0,0,1.03756,0.216518,1.028160,1,0,23.9385,0,0,0,23.9385,0
39.254,2.41752,0,0,1.1957,0.10387,0.36288,3.6288,59.6674,0.987396,0,0,0.517072,0.277563,0,0.66528,12.849,1,0.75869,0.36288,0,22.7497,5.03223,17.3217,0.84672,12.849,0.84672,3695.15,0,36.966,0.724952,0.216518,2.4634,3.74423,1.29137,4.40783,0.42336,36.966,0.42336,423.524,0,0.706044,0,0,0.922562,0.216518,1.028160,1,0,21.7295,0,0,0,21.7295,0
38.0996,2.32554,0,0,1.68834,0.154336,0.36288,3.6288,59.2599,0.817042,0,0,0.625341,0.21582,0,0.66528,12.849,1,0.761217,0.36288,0,27.4276,4.23552,22.7937,0.84672,12.849,0.84672,3695.15,0,36.966,0.627834,0.216518,2.46367,4.84082,1.01913,5.87405,0.42336,36.966,0.42336,423.524,0,0.876398,0,0,1.09292,0.216518,1.028160,1,0,28.6678,0,0,0,28.6678,0
36.8228,2.30859,0,0,1.58257,0.187886,0.36288,3.6288,58.6499,0.923054,0,0,0.513056,0.200036,0,0.66528,12.849,1,0.778565,0.36288,0,29.1611,4.18761,24.5578,0.84672,12.849,0.84672,3695.15,0,36.966,0.628072,0.216518,2.37187,4.79645,1.01687,5.7399,0.42336,36.966,0.42336,423.524,0,0.770386,0,0,0.986904,0.216518,1.028160,1,0,30.2977,0,0,0,30.2977,0
35.6155,2.28887,0,0,1.62954,0.185081,0.36288,3.6288,58.5337,0.66528,0,0,0.748298,0.199254,0,0.66528,12.849,1,0.798681,0.36288,0,29.5862,4.18761,24.9628,0.84672,12.849,0.84672,3695.15,0,36.966,0.62831,0.922329,2.37213,6.59992,1.01687,8.2492,0.42336,36.966,0.42336,423.524,0,1.02816,0,0,1.95049,0.922329,1.028160,1,0,33.212,0,0,0,33.212,0
37.3681,2.26927,0,0,4.56718,0.182429,0.36288,3.6288,59.9097,0.66528,0,0,2.24047,0.199105,0,0.66528,12.849,1,0.818683,0.36288,0,91.6407,4.18761,86.9973,0.84672,12.849,0.84672,3695.15,0,36.966,0.628548,2.93053,2.37239,13.7012,1.01687,17.3587,0.42336,36.966,0.42336,423.524,0,1.02816,0,0,3.95869,2.93053,1.028160,1,0,104.356,0,0,0,104.356,0
37.481,2.10812,0,0,2.79771,0.213815,0.36288,3.6288,60.4516,0.66528,0,0,1.38537,0.178205,0,0.66528,12.849,1,0.724874,0.36288,0,58.7574,3.85021,54.5452,0.84672,12.849,0.84672,3695.15,0,36.966,0.425902,0.393699,2.37265,7.92532,0.897578,9.36819,0.42336,36.966,0.42336,423.524,0,1.02816,0,0,1.42186,0.393699,1.028160,1,0,63.9134,0,0,0,63.9134,0
36.181,2.11002,0,0,1.38255,0.209646,0.36288,3.6288,60.5842,0.66528,0,0,1.00375,0.205936,0,0.66528,12.849,1,0.723342,0.36288,0,55.0309,4.11117,50.5593,0.84672,12.849,0.84672,3695.15,0,36.966,0.426116,0.63288,2.16831,5.40808,0.829179,6.95397,0.42336,36.966,0.42336,423.524,0,1.02816,0,0,1.66104,0.63288,1.028160,1,0,57.5133,0,0,0,57.5133,0
35.4693,2.09111,0,0,1.94867,0.206437,0.36288,3.6288,61.308,0.66528,0,0,1.69519,0.20611,0.0999712,0.66528,12.849,1,0.742618,0.36288,0,61.9097,4.11117,57.4188,0.84672,12.849,0.84672,3695.15,0,36.966,0.426331,1.66641,2.16854,7.84119,0.829179,10.4206,0.42336,36.966,0.42336,423.524,0,1.02816,0,0,2.69457,1.66641,1.028160,1,0,67.9394,0,0,0,67.9394,0
35.8315,2.08045,0,0,2.99876,0.193178,0.36288,3.6288,61.308,0.66528,0,0,1.17687,0.179051,0.332541,0.66528,12.849,1,0.753656,0.36288,0,83.1125,3.71809,79.0036,0.84672,12.849,0.84672,3695.15,0,36.966,0.426545,0.948905,2.16878,6.66133,0.785746,8.56672,0.42336,36.966,0.42336,423.524,0,1.02816,0,0,1.97707,0.948905,1.028160,1,0,87.9029,0,0,0,87.9029,0
38.3554,2.08633,0,0,5.15165,0.178621,0.36288,3.6288,61.308,0.66528,0,0,1.70455,0.141709,0.897562,0.66528,12.849,1,0.748145,0.36288,0,74.7671,3.19399,71.1878,0.84672,12.849,0.84672,3695.15,0,36.966,0.42676,1.37761,2.16901,8.49882,0.727834,10.8909,0.42336,36.966,0.42336,423.524,0,1.02816,0,0,2.40577,1.37761,1.028160,1,0,82.9763,0,0,0,82.9763,0
40.5836,2.19709,0,0,4.99522,0.20706,0.36288,3.6288,61.308,0.66528,0,0,2.09631,0.197891,1.23313,0.66528,12.849,1,0.736022,0.36288,0,107.208,3.90367,102.931,0.84672,12.849,0.84672,3695.15,0,36.966,0.48575,2.80428,2.16925,10.041,0.959495,13.5693,0.42336,36.966,0.42336,423.524,0,1.02816,0,0,3.83244,2.80428,1.028160,1,0,117.733,0,0,0,117.733,0
46.2343,2.22805,0,0,8.48166,0.240005,0.36288,3.6288,61.308,0.66528,0,0,2.28871,0.212076,1.41135,0.66528,12.849,1,0.705414,0.36288,0,166.444,3.94212,162.16,0.84672,12.849,0.84672,3695.15,0,36.966,0.485956,3.96476,2.23331,14.3025,1.07167,18.9429,0.42336,36.966,0.42336,423.524,0,1.02816,0,0,4.99292,3.96476,1.028160,1,0,182.514,0,0,0,182.514,0
50.858,2.29579,0,0,7.53847,0.256107,0.36288,3.6288,61.308,0.66528,0,0,2.73416,0.212076,1.85681,0.66528,12.849,1,0.638025,0.36288,0,179.019,3.94212,174.802,0.84672,12.849,0.84672,3695.15,0,36.966,0.486161,4.47809,2.23353,18.0986,1.07167,23.2523,0.42336,36.966,0.42336,423.524,0,1.02816,0,0,5.50625,4.47809,1.028160,1,0,199.911,0,0,0,199.911,0
54.4492,2.34238,0,0,6.56573,0.269245,0.36288,3.6288,61.308,0.66528,0,0,2.32661,0.212076,1.44925,0.66528,12.849,1,0.591791,0.36288,0,187.989,3.94212,183.818,0.84672,12.849,0.84672,3695.15,0,36.966,0.486367,4.11652,2.23376,15.8277,1.07167,20.6199,0.42336,36.966,0.42336,423.524,0,1.02816,0,0,5.14468,4.11652,1.028160,1,0,205.887,0,0,0,205.887,0
61.7981,2.62969,0,0,10.6091,0.267566,0.36288,3.6288,61.308,0.66528,0,0,2.87606,0.223247,1.98753,0.66528,12.849,1,0.620558,0.36288,0,238.683,3.95466,234.47,0.84672,12.849,0.84672,3695.15,0,36.966,0.70734,5.4379,2.23398,20.7485,1.10106,26.612,0.42336,36.966,0.42336,423.524,0,1.02816,0,0,6.46606,5.4379,1.028160,1,0,263.07,0,0,0,263.07,0
67.3747,2.69111,0,0,8.88581,0.25526,0.36288,3.6288,61.308,0.66528,0,0,3.57872,0.251174,2.66227,0.66528,12.849,1,0.559532,0.36288,0,223.127,3.98601,218.944,0.84672,12.849,0.84672,3695.15,0,36.966,0.70757,6.37917,2.46394,22.173,1.17451,29.134,0.42336,36.966,0.42336,423.524,0,1.02816,0,0,7.40733,6.37917,1.028160,1,0,250.741,0,0,0,250.741,0
72.29,2.73033,0,0,9.67334,0.29192,1.73577,3.6288,61.308,0.66528,0,0,4.05804,0.254478,3.13828,0.66528,12.849,1,0.5207,1.73577,0,208.432,3.93321,205.714,0.84672,12.849,0.84672,3695.15,0,36.966,0.7078,6.44397,2.46419,24.4853,1.16059,31.5251,0.42336,36.966,0.42336,423.524,0,1.02816,0,0,7.47213,6.44397,1.028160,1,0,240.377,0,0,0,240.377,0
72.29,2.76072,0,0,8.99018,0.367954,5.8615,3.6288,61.308,0.66528,0,0,3.13115,0.262738,2.20314,0.66528,12.849,1,0.490697,5.8615,0,240.438,3.80121,242.008,0.84672,12.849,0.84672,3695.15,0,36.966,0.70803,4.85039,2.46444,19.711,1.12577,25.1921,0.42336,36.966,0.42336,423.524,0,1.02816,0,0,5.87855,4.85039,1.028160,1,0,269.403,0,0,0,269.403,0
72.29,2.37853,0,0,6.54306,0.355893,3.80865,3.6288,61.308,0.66528,0,0,1.82267,0.264433,0.892955,0.66528,12.849,1,0.422765,3.80865,0,153.691,3.87255,153.204,0.84672,12.849,0.84672,3695.15,0,36.966,0.411858,3.43299,2.46469,12.7781,1.09993,17.164,0.42336,36.966,0.42336,423.524,0,1.02816,0,0,4.46115,3.43299,1.028160,1,0,171.261,0,0,0,171.261,0
72.29,2.37881,0,0,7.32363,0.325739,4.61907,3.6288,61.308,0.66528,0,0,3.10896,0.268672,2.175,0.66528,12.849,1,0.422816,4.61907,0,181.763,4.0509,181.908,0.84672,12.849,0.84672,3695.15,0,36.966,0.412056,4.00883,2.15152,22.2184,1.03532,26.9313,0.42336,36.966,0.42336,423.524,0,1.02816,0,0,5.03699,4.00883,1.028160,1,0,211.015,0,0,0,211.015,0
72.29,2.3791,0,0,5.89485,0.325739,3.19001,3.6288,61.308,0.66528,0,0,2.33559,0.268672,1.40164,0.66528,12.849,1,0.422867,3.19001,0,176.239,4.0509,174.955,0.84672,12.849,0.84672,3695.15,0,36.966,0.412253,2.95402,2.15173,16.3511,1.03532,20.0093,0.42336,36.966,0.42336,423.524,0,1.02816,0,0,3.98218,2.95402,1.028160,1,0,196.366,0,0,0,196.366,0
72.29,2.37939,0,0,5.68836,0.331818,2.97715,3.6288,61.308,0.66528,0,0,1.89022,0.252816,0.972129,0.66528,12.849,1,0.422919,2.97715,0,155.633,4.02057,154.167,0.84672,12.849,0.84672,3695.15,0,36.966,0.412451,2.47724,2.15195,14.3695,0.998833,17.5874,0.42336,36.966,0.42336,423.524,0,1.02816,0,0,3.5054,2.47724,1.028160,1,0,172.726,0,0,0,172.726,0
72.29,2.37968,0,0,5.1273,0.343767,2.40386,3.6288,61.308,0.66528,0,0,1.7623,0.216518,0.880503,0.66528,12.849,1,0.42297,2.40386,0,145.536,3.61782,143.899,0.84672,12.849,0.84672,3695.15,0,36.966,0.412649,2.27056,2.15216,13.1158,0.867644,16.2582,0.42336,36.966,0.42336,423.524,0,1.02816,0,0,3.29872,2.27056,1.028160,1,0,161.037,0,0,0,161.037,0
72.29,2.47631,0,0,6.98608,0.29021,4.21956,3.6288,61.308,0.66528,0,0,2.20657,0.160002,1.38129,0.66528,12.849,1,0.440145,4.21956,0,152.253,4.00371,152.029,0.84672,12.849,0.84672,3695.15,0,36.966,0.485397,2.0872,2.15238,15.5028,0.84774,18.4092,0.42336,36.966,0.42336,423.524,0,1.02816,0,0,3.11536,2.0872,1.028160,1,0,171.819,0,0,0,171.819,0
72.29,2.47661,0,0,9.05714,0.282005,6.29853,3.6288,61.308,0.66528,0,0,3.949,0.149839,3.13388,0.66528,12.849,1,0.440199,6.29853,0,181.043,4.14068,182.761,0.84672,12.849,0.84672,3695.15,0,36.966,0.485603,4.42695,2.22991,24.5849,0.853306,29.9029,0.42336,36.966,0.42336,423.524,0,1.02816,0,0,5.45511,4.42695,1.028160,1,0,215.798,0,0,0,215.798,0
72.29,2.47691,0,0,6.33714,0.237365,3.62286,3.6288,61.308,0.66528,0,0,2.51189,0.173627,1.67298,0.66528,12.849,1,0.440252,3.62286,0,217.307,4.43152,216.058,0.84672,12.849,0.84672,3695.15,0,36.966,0.485808,2.17732,2.23014,14.2988,0.910558,17.3099,0.42336,36.966,0.42336,423.524,0,1.02816,0,0,3.20548,2.17732,1.028160,1,0,235.041,0,0,0,235.041,0
72.29,2.47721,0,0,5.68035,0.177186,3.02596,3.6288,61.308,0.66528,0,0,1.9952,0.223368,1.10655,0.66528,12.849,1,0.440305,3.02596,0,155.982,4.46633,154.102,0.84672,12.849,0.84672,3695.15,0,36.966,0.486014,1.77518,2.23036,12.6554,1.05006,15.1249,0.42336,36.966,0.42336,423.524,0,1.02816,0,0,2.80334,1.77518,1.028160,1,0,170.333,0,0,0,170.333,0
72.29,2.43982,0,0,5.46593,0.171097,2.85501,3.6288,61.308,0.66528,0,0,1.74442,0.218589,0.860547,0.66528,12.849,1,0.43366,2.85501,0,136.744,4.9757,134.19,0.84672,12.849,0.84672,3695.15,0,36.966,0.458029,2.05504,2.23059,13.2161,1.01594,16.0278,0.42336,36.966,0.42336,423.524,0,1.02816,0,0,3.0832,2.05504,1.028160,1,0,151.078,0,0,0,151.078,0
72.29,2.44012,0,0,5.8378,0.128076,3.2696,3.6288,61.308,0.66528,0,0,1.74129,0.185103,0.890905,0.66528,12.849,1,0.433713,3.2696,0,144.391,4.40412,142.823,0.84672,12.849,0.84672,3695.15,0,36.966,0.458232,2.5246,2.20072,14.2595,0.961742,17.5649,0.42336,36.966,0.42336,423.524,0,1.02816,0,0,3.55276,2.5246,1.028160,1,0,161.278,0,0,0,161.278,0
72.29,2.44041,0,0,4.78058,0.128076,2.21209,3.6288,61.308,0.66528,0,0,1.64652,0.185103,0.796133,0.66528,12.849,1,0.433765,2.21209,0,132.137,4.40412,129.511,0.84672,12.849,0.84672,3695.15,0,36.966,0.458435,2.99627,2.20094,12.0704,0.961742,15.8475,0.42336,36.966,0.42336,423.524,0,1.02816,0,0,4.02443,2.99627,1.028160,1,0,146.154,0,0,0,146.154,0
72.29,2.44071,0,0,4.34514,0.128076,1.77636,3.6288,61.308,0.66528,0,0,1.59298,0.185103,0.7426,0.66528,12.849,1,0.433818,1.77636,0,109.957,4.40412,106.895,0.84672,12.849,0.84672,3695.15,0,36.966,0.458637,2.62663,2.20116,11.4254,0.961742,14.8329,0.42336,36.966,0.42336,423.524,0,1.02816,0,0,3.65479,2.62663,1.028160,1,0,122.471,0,0,0,122.471,0
72.29,2.56898,0,0,4.03539,0.0978925,1.36852,3.6288,61.308,0.66528,0,0,1.50486,0.195588,0.643996,0.66528,12.849,1,0.456617,1.36852,0,99.7903,4.58054,96.1216,0.84672,12.849,0.84672,3695.15,0,36.966,0.558854,2.15763,2.20138,10.8912,1.00842,13.683,0.42336,36.966,0.42336,423.524,0,1.02816,0,0,3.18579,2.15763,1.028160,1,0,110.449,0,0,0,110.449,0
72.29,2.56929,0,0,4.11699,0.071133,1.47656,3.6288,61.308,0.66528,0,0,1.3169,0.223532,0.428088,0.66528,12.849,1,0.456672,1.47656,0,87.0817,4.93742,83.1642,0.84672,12.849,0.84672,3695.15,0,36.966,0.559068,2.03275,2.30712,10.0152,1.03953,12.7565,0.42336,36.966,0.42336,423.524,0,1.02816,0,0,3.06091,2.03275,1.028160,1,0,96.3488,0,0,0,96.3488,0
72.29,2.5696,0,0,4.06071,0.071133,1.41998,3.6288,61.308,0.66528,0,0,1.32076,0.223532,0.43195,0.66528,12.849,1,0.456727,1.41998,0,82.4023,4.93742,78.4281,0.84672,12.849,0.84672,3695.15,0,36.966,0.559282,2.16257,2.30735,9.53493,1.03953,12.406,0.42336,36.966,0.42336,423.524,0,1.02816,0,0,3.19073,2.16257,1.028160,1,0,91.2661,0,0,0,91.2661,0
72.29,2.56991,0,0,3.64249,0.0858848,0.986701,3.6288,61.308,0.66528,0,0,1.25943,0.219582,0.374565,0.66528,12.849,1,0.456782,0.986701,0,77.8196,4.68357,73.666,0.84672,12.849,0.84672,3695.15,0,36.966,0.559495,2.18043,2.30759,8.78204,1.04932,11.6612,0.42336,36.966,0.42336,423.524,0,1.02816,0,0,3.20859,2.18043,1.028160,1,0,85.7018,0,0,0,85.7018,0
72.29,2.57022,0,0,3.47693,0.0722244,0.834492,3.6288,61.308,0.66528,0,0,1.24604,0.226767,0.353996,0.66528,12.849,1,0.456837,0.834492,0,72.2719,4.44127,68.2083,0.84672,12.849,0.84672,3695.15,0,36.966,0.559709,2.23593,2.30782,8.40784,1.09094,11.3009,0.42336,36.966,0.42336,423.524,0,1.02816,0,0,3.26409,2.23593,1.028160,1,0,79.8632,0,0,0,79.8632,0
72.29,2.54521,0,0,3.5607,0.0745159,0.940978,3.6288,61.308,0.66528,0,0,1.91467,0.253911,0.995476,0.66528,12.849,1,0.452391,0.940978,0,68.7796,4.7026,64.5656,0.84672,12.849,0.84672,3695.15,0,36.966,0.614922,2.49443,2.30805,9.85712,1.1043,12.9404,0.42336,36.966,0.42336,423.524,0,1.02816,0,0,3.52259,2.49443,1.028160,1,0,78.5014,0,0,0,78.5014,0
72.29,2.54551,0,0,3.43286,0.0823044,0.805045,3.6288,61.308,0.66528,0,0,1.9624,0.255668,1.04146,0.66528,12.849,1,0.452446,0.805045,0,66.0787,4.72479,61.7065,0.84672,12.849,0.84672,3695.15,0,36.966,0.615142,2.52883,2.34519,9.6933,1.10017,12.852,0.42336,36.966,0.42336,423.524,0,1.02816,0,0,3.55699,2.52883,1.028160,1,0,75.6,0,0,0,75.6,0
72.29,2.54582,0,0,3.25413,0.0547243,0.653583,3.6288,61.308,0.66528,0,0,1.87036,0.298714,0.906367,0.66528,12.849,1,0.4525,0.653583,0,62.0947,5.49587,56.7999,0.84672,12.849,0.84672,3695.15,0,36.966,0.615362,2.55452,2.34543,9.46244,1.33019,12.4168,0.42336,36.966,0.42336,423.524,0,1.02816,0,0,3.58268,2.55452,1.028160,1,0,70.1232,0,0,0,70.1232,0
72.29,2.54613,0,0,2.98645,0.0626083,0.377716,3.6288,61.308,0.66528,0,0,1.84332,0.283567,0.894471,0.66528,12.849,1,0.452555,0.377716,0,62.1111,5.5105,56.5258,0.84672,12.849,0.84672,3695.15,0,36.966,0.615582,2.50725,2.34567,9.11805,1.29387,12.0615,0.42336,36.966,0.42336,423.524,0,1.02816,0,0,3.53541,2.50725,1.028160,1,0,69.4818,0,0,0,69.4818,0
72.0668,2.61185,0,0,2.8094,0.0578567,0.36288,3.6288,61.308,0.66528,0,0,1.66158,0.295189,0.701115,0.66528,12.849,1,0.464237,0.36288,0,52.1386,5.60496,46.4323,0.84672,12.849,0.84672,3695.15,0,36.966,0.66484,2.0831,2.3459,7.91675,1.34641,10.3345,0.42336,36.966,0.42336,423.524,0,1.02816,0,0,3.11126,2.0831,1.028160,1,0,57.4679,0,0,0,57.4679,0
72.1952,2.61095,0,0,3.1537,0.051434,0.36288,3.6288,61.308,0.66528,0,0,2.02734,0.310685,1.05138,0.66528,12.849,1,0.465514,0.36288,0,61.7534,5.7309,55.9199,0.84672,12.849,0.84672,3695.15,0,36.966,0.665065,2.40792,2.39847,8.59162,1.41646,11.3165,0.42336,36.966,0.42336,423.524,0,1.02816,0,0,3.43608,2.40792,1.028160,1,0,68.2878,0,0,0,68.2878,0
72.072,2.61197,0,0,2.90313,0.0514842,0.36288,3.6288,61.308,0.66528,0,0,1.71872,0.310685,0.742756,0.66528,12.849,1,0.464866,0.36288,0,50.7231,5.7309,44.8902,0.84672,12.849,0.84672,3695.15,0,36.966,0.66529,2.61629,2.39871,8.30727,1.41646,11.2405,0.42336,36.966,0.42336,423.524,0,1.02816,0,0,3.64445,2.61629,1.028160,1,0,56.8735,0,0,0,56.8735,0
71.7044,2.61161,0,0,2.65827,0.0514361,0.36288,3.6288,61.308,0.66528,0,0,1.59189,0.310685,0.615929,0.66528,12.849,1,0.465597,0.36288,0,48.2122,5.7309,42.3786,0.84672,12.849,0.84672,3695.15,0,36.966,0.665516,2.08721,2.39895,7.3021,1.41646,9.70628,0.42336,36.966,0.42336,423.524,0,1.02816,0,0,3.11537,2.08721,1.028160,1,0,52.7008,0,0,0,52.7008,0
71.3073,2.80133,0,0,2.80864,0.0415342,0.36288,3.6288,61.308,0.66528,0,0,1.82747,0.315865,0.846328,0.66528,12.849,1,0.501981,0.36288,0,47.2849,5.88045,41.2654,0.84672,12.849,0.84672,3695.15,0,36.966,0.842821,2.7103,2.3992,9.65961,1.44634,12.4799,0.42336,36.966,0.42336,423.524,0,1.02816,0,0,3.73846,2.7103,1.028160,1,0,54.5916,0,0,0,54.5916,0
70.3253,2.79929,0,0,2.21939,0.0392518,0.36288,3.6288,61.308,0.66528,0,0,1.80039,0.343453,0.791662,0.66528,12.849,1,0.50441,0.36288,0,45.4673,6.36941,38.9564,0.84672,12.849,0.84672,3695.15,0,36.966,0.843066,3.19778,2.57855,9.72112,1.54949,13.1049,0.42336,36.966,0.42336,423.524,0,1.02816,0,0,4.22594,3.19778,1.028160,1,0,52.8529,0,0,0,52.8529,0
69.4928,2.79367,0,0,2.36305,0.0389572,0.36288,3.6288,61.308,0.66528,0,0,1.78568,0.343453,0.776948,0.66528,12.849,1,0.510426,0.36288,0,42.4728,6.36941,35.9558,0.84672,12.849,0.84672,3695.15,0,36.966,0.84331,3.13249,2.57882,10.2457,1.54949,13.5642,0.42336,36.966,0.42336,423.524,0,1.02816,0,0,4.16065,3.13249,1.028160,1,0,50.2969,0,0,0,50.2969,0
69.8392,2.78884,0,0,3.54685,0.0486721,0.36288,3.6288,61.308,0.66528,0,0,2.1262,0.341307,1.11961,0.66528,12.849,1,0.515648,0.36288,0,62.7189,6.31004,56.2561,0.84672,12.849,0.84672,3695.15,0,36.966,0.843555,3.95463,2.57908,10.8882,1.54221,15.0362,0.42336,36.966,0.42336,423.524,0,1.02816,0,0,4.98279,3.95463,1.028160,1,0,72.4119,0,0,0,72.4119,0
71.6151,2.79134,0,0,4.9942,0.0641178,0.36288,3.6288,61.308,0.66528,0,0,2.72905,0.332207,1.73156,0.66528,12.849,1,0.513549,0.36288,0,81.8631,6.31437,75.3981,0.84672,12.849,0.84672,3695.15,0,36.966,0.8438,4.19109,2.57934,11.9882,1.52194,16.3929,0.42336,36.966,0.42336,423.524,0,1.02816,0,0,5.21925,4.19109,1.028160,1,0,93.5225,0,0,0,93.5225,0
71.5956,2.70914,0,0,3.1481,0.0955445,0.36288,3.6288,61.308,0.66528,0,0,1.78091,0.32193,0.793701,0.66528,12.849,1,0.486067,0.36288,0,61.0054,5.6769,55.2053,0.84672,12.849,0.84672,3695.15,0,36.966,0.736505,4.76516,2.57961,11.2395,1.49113,16.3567,0.42336,36.966,0.42336,423.524,0,1.02816,0,0,5.79332,4.76516,1.028160,1,0,72.3557,0,0,0,72.3557,0
71.8591,2.70935,0,0,3.51301,0.177272,0.36288,3.6288,61.308,0.66528,0,0,2.16097,0.287602,1.20809,0.66528,12.849,1,0.486237,0.36288,0,45.1499,4.56698,40.4595,0.84672,12.849,0.84672,3695.15,0,36.966,0.736738,6.79804,2.47616,15.8641,1.29928,23.1023,0.42336,36.966,0.42336,423.524,0,1.02816,0,0,7.8262,6.79804,1.028160,1,0,64.7699,0,0,0,64.7699,0
71.8956,2.71119,0,0,3.29431,0.183774,0.36288,3.6288,61.308,0.66528,0,0,2.32387,0.289614,1.36898,0.66528,12.849,1,0.484783,0.36288,0,53.7173,4.59952,48.9959,0.84672,12.849,0.84672,3695.15,0,36.966,0.736971,6.90612,2.47641,16.706,1.31792,24.0337,0.42336,36.966,0.42336,423.524,0,1.02816,0,0,7.93428,6.90612,1.028160,1,0,74.3985,0,0,0,74.3985,0
72.29,2.71172,0,0,3.66549,0.183825,0.375555,3.6288,61.308,0.66528,0,0,2.61046,0.289614,1.65557,0.66528,12.849,1,0.484632,0.375555,0,80.9889,4.59952,76.2803,0.84672,12.849,0.84672,3695.15,0,36.966,0.737204,7.96478,2.47666,19.2735,1.31792,27.6598,0.42336,36.966,0.42336,423.524,0,1.02816,0,0,8.99294,7.96478,1.028160,1,0,105.596,0,0,0,105.596,0
72.29,2.63754,0,0,3.81832,0.191308,0.989466,3.6288,61.308,0.66528,0,0,3.35965,0.265161,2.42921,0.66528,12.849,1,0.468804,0.989466,0,168.523,4.45542,164.588,0.84672,12.849,0.84672,3695.15,0,36.966,0.639506,7.54432,2.47691,22.5173,1.27928,30.6198,0.42336,36.966,0.42336,423.524,0,1.02816,0,0,8.57248,7.54432,1.028160,1,0,197.637,0,0,0,197.637,0
72.29,2.63786,0,0,4.52961,0.252725,1.63903,3.6288,61.308,0.66528,0,0,2.38272,0.208519,1.50892,0.66528,12.849,1,0.46886,1.63903,0,84.7549,3.61652,82.3086,0.84672,12.849,0.84672,3695.15,0,36.966,0.639728,2.99246,2.38456,16.7807,1.02002,20.498,0.42336,36.966,0.42336,423.524,0,1.02816,0,0,4.02062,2.99246,1.028160,1,0,104.315,0,0,0,104.315,0
72.29,2.63818,0,0,5.78267,0.252725,2.89177,3.6288,61.308,0.66528,0,0,2.91763,0.208519,2.04383,0.66528,12.849,1,0.468916,2.89177,0,166.192,3.61652,164.998,0.84672,12.849,0.84672,3695.15,0,36.966,0.639951,3.88636,2.38481,16.18,1.02002,20.7911,0.42336,36.966,0.42336,423.524,0,1.02816,0,0,4.91452,3.88636,1.028160,1,0,187.833,0,0,0,187.833,0
72.29,2.6385,0,0,7.39816,0.252725,4.50694,3.6288,61.308,0.66528,0,0,3.59546,0.208519,2.72166,0.66528,12.849,1,0.468973,4.50694,0,149.177,3.61652,149.599,0.84672,12.849,0.84672,3695.15,0,36.966,0.640173,5.80689,2.38505,22.1206,1.02002,28.6524,0.42336,36.966,0.42336,423.524,0,1.02816,0,0,6.83505,5.80689,1.028160,1,0,180.973,0,0,0,180.973,0
72.29,2.42074,0,0,5.02834,0.27986,2.32774,3.6288,61.308,0.66528,0,0,2.84496,0.211167,1.96852,0.66528,12.849,1,0.430269,2.32774,0,112.01,3.90592,110.001,0.84672,12.849,0.84672,3695.15,0,36.966,0.436345,4.09135,2.38529,13.9799,1.05597,18.9642,0.42336,36.966,0.42336,423.524,0,1.02816,0,0,5.11951,4.09135,1.028160,1,0,130.934,0,0,0,130.934,0
72.29,2.42104,0,0,7.49085,0.269931,4.79989,3.6288,61.308,0.66528,0,0,12.3116,0.216253,11.43,0.66528,12.849,1,0.430321,4.79989,0,212.459,4.25639,212.573,0.84672,12.849,0.84672,3695.15,0,36.966,0.436545,8.4793,2.17975,39.8567,1.1036,48.9756,0.42336,36.966,0.42336,423.524,0,1.02816,0,0,9.50746,8.4793,1.028160,1,0,272.978,0,0,0,272.978,0
72.29,2.42133,0,0,8.36317,0.269931,5.67191,3.6288,61.308,0.66528,0,0,7.20446,0.216253,6.32293,0.66528,12.849,1,0.430373,5.67191,0,267.265,4.25639,268.25,0.84672,12.849,0.84672,3695.15,0,36.966,0.436745,6.1293,2.17997,23.5011,1.1036,30.27,0.42336,36.966,0.42336,423.524,0,1.02816,0,0,7.15746,6.1293,1.028160,1,0,304.843,0,0,0,304.843,0
72.29,2.42162,0,0,7.65495,0.269931,4.9634,3.6288,61.308,0.66528,0,0,8.23271,0.216253,7.35118,0.66528,12.849,1,0.430425,4.9634,0,135.767,4.25639,136.044,0.84672,12.849,0.84672,3695.15,0,36.966,0.436945,7.89169,2.18019,29.7139,1.1036,38.2452,0.42336,36.966,0.42336,423.524,0,1.02816,0,0,8.91985,7.89169,1.028160,1,0,181.64,0,0,0,181.64,0
72.29,2.42192,0,0,9.52007,0.272558,6.8256,3.6288,61.308,0.66528,0,0,15.8657,0.240439,14.96,0.66528,12.849,1,0.430477,6.8256,0,114.38,4.16949,116.605,0.84672,12.849,0.84672,3695.15,0,36.966,0.437145,8.71258,2.18041,32.8404,1.20837,42.0879,0.42336,36.966,0.42336,423.524,0,1.02816,0,0,9.74074,8.71258,1.028160,1,0,173.653,0,0,0,173.653,0
72.29,2.42192,0,0,3.71368,0.273781,1.01798,3.6288,61.308,0.66528,0,0,3.66403,0.208098,2.79065,0.66528,12.849,1,0.430477,1.01798,0,81.4467,3.76254,78.2717,0.84672,12.849,0.84672,3695.15,0,36.966,0.437145,2.9997,2.18063,11.7127,1.01578,15.4401,0.42336,36.966,0.42336,423.524,0,1.02816,0,0,4.02786,2.9997,1.028160,1,0,96.5024,0,0,0,96.5024,0
72.29,2.50612,0,0,3.8218,0.247031,1.06865,3.6288,61.308,0.66528,0,0,1.75981,0.164327,0.930205,0.66528,12.849,1,0.445444,1.06865,0,78.057,3.35129,75.3289,0.84672,12.849,0.84672,3695.15,0,36.966,0.496456,1.71251,2.18063,10.1434,0.770709,12.7694,0.42336,36.966,0.42336,423.524,0,1.02816,0,0,2.74067,1.71251,1.028160,1,0,89.0285,0,0,0,89.0285,0
72.29,2.5064,0,0,5.88881,0.247031,3.13537,3.6288,61.308,0.66528,0,0,4.04469,0.164327,3.21509,0.66528,12.849,1,0.445494,3.13537,0,140.703,3.35129,140.042,0.84672,12.849,0.84672,3695.15,0,36.966,0.496648,4.83825,2.24504,18.5625,0.770709,24.3785,0.42336,36.966,0.42336,423.524,0,1.02816,0,0,5.86641,4.83825,1.028160,1,0,167.635,0,0,0,167.635,0
72.29,2.50668,0,0,7.65236,0.296956,4.84872,3.6288,61.308,0.66528,0,0,3.77913,0.188387,2.92546,0.66528,12.849,1,0.445544,4.84872,0,200.698,3.80856,201.292,0.84672,12.849,0.84672,3695.15,0,36.966,0.496839,6.62508,2.24525,20.2616,0.888045,27.747,0.42336,36.966,0.42336,423.524,0,1.02816,0,0,7.65324,6.62508,1.028160,1,0,231.965,0,0,0,231.965,0
72.29,2.50696,0,0,6.4547,0.316673,3.63107,3.6288,61.308,0.66528,0,0,3.9244,0.197471,3.06165,0.66528,12.849,1,0.445593,3.63107,0,237.381,3.97273,236.593,0.84672,12.849,0.84672,3695.15,0,36.966,0.49703,6.19844,2.24546,16.7568,0.955792,23.7478,0.42336,36.966,0.42336,423.524,0,1.02816,0,0,7.2266,6.19844,1.028160,1,0,263.403,0,0,0,263.403,0
72.29,2.77684,0,0,5.36669,0.315159,2.2747,3.6288,61.308,0.66528,0,0,3.12504,0.194235,2.26552,0.66528,12.849,1,0.493562,2.2747,0,143.162,3.86032,141.083,0.84672,12.849,0.84672,3695.15,0,36.966,0.71924,3.29667,2.24567,13.0586,1.08067,16.801,0.42336,36.966,0.42336,423.524,0,1.02816,0,0,4.32483,3.29667,1.028160,1,0,160.15,0,0,0,160.15,0
72.29,2.77714,0,0,6.24871,0.315159,3.1564,3.6288,61.308,0.66528,0,0,3.80493,0.194235,2.94541,0.66528,12.849,1,0.493616,3.1564,0,221.729,3.86032,220.532,0.84672,12.849,0.84672,3695.15,0,36.966,0.719454,5.1079,2.47691,19.2687,1.08067,25.0534,0.42336,36.966,0.42336,423.524,0,1.02816,0,0,6.13606,5.1079,1.028160,1,0,248.53,0,0,0,248.53,0
72.29,2.77745,0,0,5.29964,0.318182,2.204,3.6288,61.308,0.66528,0,0,3.11378,0.176725,2.27177,0.66528,12.849,1,0.493671,2.204,0,162.221,3.55786,160.374,0.84672,12.849,0.84672,3695.15,0,36.966,0.719668,3.27256,2.47714,14.3472,0.993939,18.3832,0.42336,36.966,0.42336,423.524,0,1.02816,0,0,4.30072,3.27256,1.028160,1,0,181.029,0,0,0,181.029,0
72.29,2.77776,0,0,4.64803,0.321247,1.54902,3.6288,61.308,0.66528,0,0,2.23995,0.162167,1.4125,0.66528,12.849,1,0.493725,1.54902,0,132.386,3.3216,130.119,0.84672,12.849,0.84672,3695.15,0,36.966,0.719881,3.11169,2.47738,11.8609,0.932942,15.7971,0.42336,36.966,0.42336,423.524,0,1.02816,0,0,4.13985,3.11169,1.028160,1,0,147.329,0,0,0,147.329,0
72.29,2.39338,0,0,4.1269,0.326029,1.40749,3.6288,61.308,0.66528,0,0,1.49983,0.15361,0.680945,0.66528,12.849,1,0.425405,1.40749,0,123.109,3.26508,120.826,0.84672,12.849,0.84672,3695.15,0,36.966,0.422022,2.99844,2.47761,9.82463,0.957232,13.9214,0.42336,36.966,0.42336,423.524,0,1.02816,0,0,4.0266,2.99844,1.028160,1,0,135.428,0,0,0,135.428,0
72.29,2.39365,0,0,4.53175,0.326029,1.81207,3.6288,61.308,0.66528,0,0,1.94125,0.15361,1.12236,0.66528,12.849,1,0.425453,1.81207,0,138.164,3.26508,136.286,0.84672,12.849,0.84672,3695.15,0,36.966,0.422205,2.56848,2.16265,12.8896,0.957232,16.2413,0.42336,36.966,0.42336,423.524,0,1.02816,0,0,3.59664,2.56848,1.028160,1,0,153.649,0,0,0,153.649,0
72.29,2.39392,0,0,4.26729,0.305178,1.56819,3.6288,61.308,0.66528,0,0,1.66069,0.183049,0.812357,0.66528,12.849,1,0.425501,1.56819,0,91.6989,4.10725,88.7343,0.84672,12.849,0.84672,3695.15,0,36.966,0.422389,2.12412,2.16285,9.13654,1.07762,11.9235,0.42336,36.966,0.42336,423.524,0,1.02816,0,0,3.15228,2.12412,1.028160,1,0,101.47,0,0,0,101.47,0
72.29,2.39419,0,0,3.68567,0.296838,0.994645,3.6288,61.308,0.66528,0,0,1.21764,0.194824,0.35754,0.66528,12.849,1,0.425548,0.994645,0,88.6905,4.44412,84.8154,0.84672,12.849,0.84672,3695.15,0,36.966,0.422573,1.90872,2.16305,7.45926,1.12577,9.98269,0.42336,36.966,0.42336,423.524,0,1.02816,0,0,2.93688,1.90872,1.028160,1,0,95.1557,0,0,0,95.1557,0
72.29,2.39445,0,0,3.66011,0.294704,0.970953,3.6288,61.308,0.66528,0,0,1.4121,0.165404,0.581411,0.66528,12.849,1,0.425596,0.970953,0,105.583,4.31738,101.811,0.84672,12.849,0.84672,3695.15,0,36.966,0.422756,2.44367,2.16325,8.99649,1.1635,12.0172,0.42336,36.966,0.42336,423.524,0,1.02816,0,0,3.47183,2.44367,1.028160,1,0,114.409,0,0,0,114.409,0
72.29,2.4916,0,0,3.54704,0.29385,0.761587,3.6288,61.308,0.66528,0,0,1.61563,0.153636,0.796712,0.66528,12.849,1,0.442864,0.761587,0,91.8069,4.26668,87.859,0.84672,12.849,0.84672,3695.15,0,36.966,0.495897,2.27871,2.16345,12.1908,1.17859,14.9585,0.42336,36.966,0.42336,423.524,0,1.02816,0,0,3.30687,2.27871,1.028160,1,0,103.614,0,0,0,103.614,0
72.29,2.49188,0,0,3.54847,0.29385,0.762734,3.6288,61.308,0.66528,0,0,1.67232,0.153636,0.853407,0.66528,12.849,1,0.442913,0.762734,0,99.881,4.26668,95.9341,0.84672,12.849,0.84672,3695.15,0,36.966,0.496088,3.08731,2.2414,14.1811,1.17859,17.8351,0.42336,36.966,0.42336,423.524,0,1.02816,0,0,4.11547,3.08731,1.028160,1,0,114.623,0,0,0,114.623,0
72.29,2.49216,0,0,3.17231,0.284707,0.395448,3.6288,61.308,0.66528,0,0,1.10586,0.163504,0.277076,0.66528,12.849,1,0.442962,0.395448,0,79.469,4.39408,75.0274,0.84672,12.849,0.84672,3695.15,0,36.966,0.496279,1.70989,2.24161,7.77825,1.21423,10.0192,0.42336,36.966,0.42336,423.524,0,1.02816,0,0,2.73805,1.70989,1.028160,1,0,85.3237,0,0,0,85.3237,0
72.29,2.49244,0,0,3.57003,0.222896,0.854698,3.6288,61.308,0.66528,0,0,1.81757,0.21348,0.938811,0.66528,12.849,1,0.443012,0.854698,0,92.9638,4.65931,88.7162,0.84672,12.849,0.84672,3695.15,0,36.966,0.49647,3.18684,2.24182,17.0369,1.30939,20.6597,0.42336,36.966,0.42336,423.524,0,1.02816,0,0,4.215,3.18684,1.028160,1,0,110.315,0,0,0,110.315,0
72.29,2.45482,0,0,3.37343,0.213621,0.704985,3.6288,61.308,0.66528,0,0,1.73559,0.201176,0.86913,0.66528,12.849,1,0.436326,0.704985,0,76.0562,3.99368,72.3312,0.84672,12.849,0.84672,3695.15,0,36.966,0.468314,2.85359,2.24203,9.31185,1.15112,12.788,0.42336,36.966,0.42336,423.524,0,1.02816,0,0,3.88175,2.85359,1.028160,1,0,85.9883,0,0,0,85.9883,0
72.0731,2.4551,0,0,2.81471,0.213621,0.36288,3.6288,61.308,0.66528,0,0,1.57308,0.201176,0.70662,0.66528,12.849,1,0.436375,0.36288,0,61.5056,3.99368,57.4384,0.84672,12.849,0.84672,3695.15,0,36.966,0.468502,2.31505,2.21197,7.40059,1.15112,10.308,0.42336,36.966,0.42336,423.524,0,1.02816,0,0,3.34321,2.31505,1.028160,1,0,68.453,0,0,0,68.453,0
71.5383,2.45426,0,0,2.49564,0.21327,0.36288,3.6288,61.308,0.66528,0,0,1.42887,0.201176,0.56241,0.66528,12.849,1,0.437538,0.36288,0,53.2912,3.99368,49.2228,0.84672,12.849,0.84672,3695.15,0,36.966,0.46869,1.89106,2.21218,6.39982,1.15112,8.88325,0.42336,36.966,0.42336,423.524,0,1.02816,0,0,2.91922,1.89106,1.028160,1,0,58.6685,0,0,0,58.6685,0
70.7769,2.45176,0,0,2.2613,0.208107,0.36288,3.6288,61.308,0.66528,0,0,1.28111,0.195487,0.420346,0.66528,12.849,1,0.44036,0.36288,0,46.953,3.87572,42.9998,0.84672,12.849,0.84672,3695.15,0,36.966,0.468878,1.62593,2.21238,5.85366,1.1212,8.10189,0.42336,36.966,0.42336,423.524,0,1.02816,0,0,2.65409,1.62593,1.028160,1,0,51.5221,0,0,0,51.5221,0
70.3317,2.57629,0,0,2.68672,0.192762,0.36288,3.6288,61.308,0.66528,0,0,1.75982,0.212338,0.882203,0.66528,12.849,1,0.467705,0.36288,0,64.0863,4.44696,59.5345,0.84672,12.849,0.84672,3695.15,0,36.966,0.569634,1.94803,2.21259,8.694,1.13003,11.155,0.42336,36.966,0.42336,423.524,0,1.02816,0,0,2.97619,1.94803,1.028160,1,0,71.5717,0,0,0,71.5717,0
69.6873,2.57407,0,0,2.45308,0.160501,0.36288,3.6288,61.308,0.66528,0,0,1.40572,0.195039,0.5454,0.66528,12.849,1,0.470261,0.36288,0,58.1787,3.94254,54.1288,0.84672,12.849,0.84672,3695.15,0,36.966,0.569832,1.93413,2.3189,8.0727,1.12206,10.6338,0.42336,36.966,0.42336,423.524,0,1.02816,0,0,2.96229,1.93413,1.028160,1,0,65.3081,0,0,0,65.3081,0
68.8859,2.57069,0,0,2.26949,0.137322,0.36288,3.6288,61.308,0.66528,0,0,1.42905,0.200394,0.563373,0.66528,12.849,1,0.473985,0.36288,0,52.7054,4.10508,48.4892,0.84672,12.849,0.84672,3695.15,0,36.966,0.570031,1.93988,2.31911,7.96539,1.09197,10.5624,0.42336,36.966,0.42336,423.524,0,1.02816,0,0,2.96804,1.93988,1.028160,1,0,59.615,0,0,0,59.615,0
68.019,2.56632,0,0,2.1988,0.13647,0.36288,3.6288,61.308,0.66528,0,0,1.49745,0.200394,0.631776,0.66528,12.849,1,0.478686,0.36288,0,50.0102,4.10508,45.7893,0.84672,12.849,0.84672,3695.15,0,36.966,0.570229,1.83188,2.31933,8.26857,1.09197,10.7576,0.42336,36.966,0.42336,423.524,0,1.02816,0,0,2.86004,1.83188,1.028160,1,0,57.1787,0,0,0,57.1787,0
66.6884,2.56148,0,0,1.73664,0.142895,0.36288,3.6288,61.308,0.66528,0,0,1.06685,0.219642,0.181928,0.66528,12.849,1,0.483871,0.36288,0,36.8077,4.8032,31.8835,0.84672,12.849,0.84672,3695.15,0,36.966,0.570428,0.939738,2.31955,5.77332,1.21318,7.24899,0.42336,36.966,0.42336,423.524,0,1.02816,0,0,1.9679,0.939738,1.028160,1,0,39.3144,0,0,0,39.3144,0
65.2037,2.52852,0,0,1.51498,0.108354,0.36288,3.6288,61.308,0.66528,0,0,0.951169,0.242101,0.0437876,0.66528,12.849,1,0.487176,0.36288,0,29.976,5.0922,24.7596,0.84672,12.849,0.84672,3695.15,0,36.966,0.625927,0.777254,2.31976,5.0091,1.30432,6.17587,0.42336,36.966,0.42336,423.524,0,1.02816,0,0,1.80541,0.777254,1.028160,1,0,30.9792,0,0,0,30.9792,0
63.6473,2.51954,0,0,1.40162,0.0756054,0.36288,3.6288,61.308,0.66528,0,0,0.94125,0.254554,0.0214163,0.66528,12.849,1,0.496499,0.36288,0,27.6312,5.18836,22.3092,0.84672,12.849,0.84672,3695.15,0,36.966,0.626131,0.670334,2.35709,4.86875,1.33289,5.93715,0.42336,36.966,0.42336,423.524,0,1.02816,0,0,1.69849,0.670334,1.028160,1,0,28.2677,0,0,0,28.2677,0
62.0096,2.50972,0,0,1.30956,0.0745997,0.36288,3.6288,61.308,0.66528,0,0,0.944101,0.254554,0.0242675,0.66528,12.849,1,0.506657,0.36288,0,25.5948,5.18836,20.2626,0.84672,12.849,0.84672,3695.15,0,36.966,0.626336,0.752112,2.35731,4.50116,1.33289,5.65136,0.42336,36.966,0.42336,423.524,0,1.02816,0,0,1.78027,0.752112,1.028160,1,0,25.9383,0,0,0,25.9383,0
60.3109,2.49891,0,0,1.23761,0.0745551,0.36288,3.6288,61.2621,0.66528,0,0,0.897739,0.278391,0,0.66528,12.849,1,0.517799,0.36288,0,24.4455,5.35543,18.9351,0.84672,12.849,0.84672,3695.15,0,36.966,0.62654,0.7013,2.35753,4.3504,1.38189,5.4008,0.42336,36.966,0.42336,423.524,0,1.02816,0,0,1.72946,0.7013,1.028160,1,0,24.3359,0,0,0,24.3359,0
58.49,2.55103,0,0,1.16885,0.0758484,0.36288,3.6288,61.0188,0.66528,0,0,0.759879,0.337886,0,0.66528,12.849,1,0.543486,0.36288,0,25.3869,5.77311,19.4332,0.84672,12.849,0.84672,3695.15,0,36.966,0.67605,0.473723,2.35775,3.85061,1.50441,4.50162,0.42336,36.966,0.42336,423.524,0,1.02816,0,0,1.50188,0.473723,1.028160,1,0,23.9348,0,0,0,23.9348,0
56.5793,2.53744,0,0,1.06421,0.0745316,0.36288,3.6288,60.7189,0.683934,0,0,0.721405,0.337366,0,0.66528,12.849,1,0.557421,0.36288,0,23.1367,5.77311,17.1691,0.84672,12.849,0.84672,3695.15,0,36.966,0.676259,0.261274,2.41058,3.59175,1.50441,4.08293,0.42336,36.966,0.42336,423.524,0,1.00951,0,0,1.27078,0.261274,1.028160,1,0,21.252,0,0,0,21.252,0
54.8814,2.52238,0,0,1.24941,0.0621035,0.36288,3.6288,60.6286,0.66528,0,0,0.901212,0.326184,0,0.66528,12.849,1,0.572824,0.36288,0,24.1853,5.94796,18.0274,0.84672,12.849,0.84672,3695.15,0,36.966,0.676468,0.813542,2.41081,5.45592,1.55226,6.45154,0.42336,36.966,0.42336,423.524,0,1.02816,0,0,1.8417,0.813542,1.028160,1,0,24.479,0,0,0,24.479,0
53.2357,2.50829,0,0,1.28187,0.0564391,0.36288,3.6288,60.5663,0.66528,0,0,0.908885,0.305932,0,0.66528,12.849,1,0.58725,0.36288,0,24.8683,6.00663,18.6373,0.84672,12.849,0.84672,3695.15,0,36.966,0.676677,0.875189,2.41103,4.60699,1.58119,5.63533,0.42336,36.966,0.42336,423.524,0,1.02816,0,0,1.90335,0.875189,1.028160,1,0,24.2727,0,0,0,24.2727,0
51.4458,2.67678,0,0,1.30692,0.0571193,0.36288,3.6288,60.28,0.66528,0,0,0.720135,0.341127,0,0.66528,12.849,1,0.646069,0.36288,0,24.804,6.2202,18.3006,0.84672,12.849,0.84672,3695.15,0,36.966,0.854926,0.416828,2.41126,4.1203,1.50583,4.58762,0.42336,36.966,0.42336,423.524,0,1.02816,0,0,1.44499,0.416828,1.028160,1,0,22.8882,0,0,0,22.8882,0
49.8047,2.65908,0,0,1.43723,0.0563381,0.36288,3.6288,60.0813,0.66528,0,0,0.812955,0.346382,0,0.66528,12.849,1,0.664128,0.36288,0,30.8415,6.2558,24.2845,0.84672,12.849,0.84672,3695.15,0,36.966,0.855153,0.612757,2.59157,4.35213,1.49327,5.20803,0.42336,36.966,0.42336,423.524,0,1.02816,0,0,1.64092,0.612757,1.028160,1,0,29.4925,0,0,0,29.4925,0
47.8991,2.64198,0,0,1.15462,0.0553751,0.36288,3.6288,59.5647,0.758653,0,0,0.58801,0.345944,0,0.66528,12.849,1,0.681598,0.36288,0,30.1371,6.2558,23.5626,0.84672,12.849,0.84672,3695.15,0,36.966,0.855381,0.204422,2.59181,3.49377,1.49327,3.94136,0.42336,36.966,0.42336,423.524,0,0.934787,0,0,1.13921,0.204422,1.028160,1,0,27.5039,0,0,0,27.5039,0
46.299,2.62089,0,0,1.43795,0.0542477,0.36288,3.6288,59.5597,0.66528,0,0,1.005,0.344806,0,0.66528,12.849,1,0.703057,0.36288,0,27.5244,6.2558,20.9285,0.84672,12.849,0.84672,3695.15,0,36.966,0.855608,1.1268,2.59206,5.40211,1.49327,6.77209,0.42336,36.966,0.42336,423.524,0,1.02816,0,0,2.15496,1.1268,1.028160,1,0,27.7006,0,0,0,27.7006,0
44.249,2.60216,0,0,0.959334,0.0443481,0.36288,3.6288,59.2591,0.66528,0,0,0.709318,0.34459,0,0.66528,12.849,1,0.722156,0.36288,0,23.1428,5.76173,17.0218,0.84672,12.849,0.84672,3695.15,0,36.966,0.855835,0.321676,2.5923,3.93278,1.31398,4.67694,0.42336,36.966,0.42336,423.524,0,1.02816,0,0,1.34984,0.321676,1.028160,1,0,21.6988,0,0,0,21.6988,0
42.3,2.49075,0,0,0.960967,0.0563651,0.36288,3.6288,58.9563,0.66528,0,0,0.709595,0.34716,0,0.66528,12.849,1,0.723263,0.36288,0,18.4888,5.87248,12.256,0.84672,12.849,0.84672,3695.15,0,36.966,0.747944,0.229409,2.59255,3.23032,1.37446,3.92988,0.42336,36.966,0.42336,423.524,0,1.02816,0,0,1.25757,0.229409,1.028160,1,0,16.1858,0,0,0,16.1858,0
40.653,2.46546,0,0,1.26655,0.0851075,0.36288,3.6288,58.7177,0.66528,0,0,0.746029,0.319294,0,0.66528,12.849,1,0.748907,0.36288,0,18.698,5.65162,12.6603,0.84672,12.849,0.84672,3695.15,0,36.966,0.748161,0.318194,2.48852,2.59814,1.2986,3.3581,0.42336,36.966,0.42336,423.524,0,1.02816,0,0,1.34635,0.318194,1.028160,1,0,16.0184,0,0,0,16.0184,0
39.5715,2.44268,0,0,1.80744,0.0834766,0.36288,3.6288,58.9615,0.66528,0,0,1.22783,0.318805,0,0.66528,12.849,1,0.772045,0.36288,0,34.5857,5.65162,28.525,0.84672,12.849,0.84672,3695.15,0,36.966,0.748377,1.24499,2.48875,4.87069,1.2986,6.55746,0.42336,36.966,0.42336,423.524,0,1.02816,0,0,2.27315,1.24499,1.028160,1,0,35.0824,0,0,0,35.0824,0
38.0715,2.42702,0,0,1.38151,0.0915362,0.36288,3.6288,58.877,0.66528,0,0,0.88641,0.305597,0,0.66528,12.849,1,0.788062,0.36288,0,45.969,5.39028,40.1536,0.84672,12.849,0.84672,3695.15,0,36.966,0.748594,0.572585,2.48899,3.58124,1.2511,4.64311,0.42336,36.966,0.42336,423.524,0,1.02816,0,0,1.60074,0.572585,1.028160,1,0,44.7967,0,0,0,44.7967,0
36.4441,2.33613,0,0,1.21534,0.143737,0.36288,3.6288,58.1686,1.08255,0,0,0.597365,0.223235,0,0.66528,12.849,1,0.788434,0.36288,0,38.3283,3.82221,34.0805,0.84672,12.849,0.84672,3695.15,0,36.966,0.679683,0.216518,2.48922,4.32924,0.966117,5.38918,0.42336,36.966,0.42336,423.524,0,0.581558,0,0,0.798077,0.216518,1.028160,1,0,39.4697,0,0,0,39.4697,0
36.6475,2.31035,0,0,3.01765,0.141002,0.36288,3.6288,58.8655,0.66528,0,0,1.58439,0.222219,0,0.66528,12.849,1,0.814555,0.36288,0,63.2871,3.82221,59.0133,0.84672,12.849,0.84672,3695.15,0,36.966,0.650562,1.17809,2.39636,6.62258,0.966117,8.58035,0.42336,36.966,0.42336,423.524,0,1.02816,0,0,2.20625,1.17809,1.028160,1,0,67.5936,0,0,0,67.5936,0
38.0295,2.31396,0,0,4.20011,0.141343,0.36288,3.6288,60.1742,0.66528,0,0,2.19723,0.223218,0,0.66528,12.849,1,0.811297,0.36288,0,95.52,3.82221,91.2494,0.84672,12.849,0.84672,3695.15,0,36.966,0.650769,2.92044,2.39658,8.96951,0.966117,12.6697,0.42336,36.966,0.42336,423.524,0,1.02816,0,0,3.9486,2.92044,1.028160,1,0,103.919,0,0,0,103.919,0
38.9069,2.33625,0,0,3.75516,0.178613,0.36288,3.6288,61.1926,0.66528,0,0,1.92486,0.241169,0,0.66528,12.849,1,0.789349,0.36288,0,48.5427,3.39234,44.7239,0.84672,12.849,0.84672,3695.15,0,36.966,0.650976,1.83849,2.39681,7.31641,0.817632,10.0831,0.42336,36.966,0.42336,423.524,0,1.02816,0,0,2.86665,1.83849,1.028160,1,0,54.807,0,0,0,54.807,0
43.786,2.1558,0,0,7.57758,0.179782,0.36288,3.6288,61.308,0.66528,0,0,2.16526,0.219511,1.16508,0.66528,12.849,1,0.711954,0.36288,0,73.176,3.87933,68.9476,0.84672,12.849,0.84672,3695.15,0,36.966,0.446048,2.20245,2.39703,8.71283,1.00469,11.8616,0.42336,36.966,0.42336,423.524,0,1.02816,0,0,3.23061,2.20245,1.028160,1,0,81.9742,0,0,0,81.9742,0
47.0737,2.21738,0,0,6.05815,0.190201,0.36288,3.6288,61.308,0.66528,0,0,2.07392,0.215798,1.19284,0.66528,12.849,1,0.650691,0.36288,0,86.4389,3.9605,82.1906,0.84672,12.849,0.84672,3695.15,0,36.966,0.446233,2.15302,2.19039,8.50988,1.03586,11.3712,0.42336,36.966,0.42336,423.524,0,1.02816,0,0,3.18118,2.15302,1.028160,1,0,94.7546,0,0,0,94.7546,0
51.6556,2.25334,0,0,7.3955,0.197353,0.36288,3.6288,61.308,0.66528,0,0,2.83633,0.215798,1.95525,0.66528,12.849,1,0.61506,0.36288,0,143.059,3.9605,138.847,0.84672,12.849,0.84672,3695.15,0,36.966,0.446419,2.86997,2.19059,12.312,1.03586,15.8903,0.42336,36.966,0.42336,423.524,0,1.02816,0,0,3.89813,2.86997,1.028160,1,0,156.692,0,0,0,156.692,0
54.7315,2.29728,0,0,5.94332,0.207275,0.36288,3.6288,61.308,0.66528,0,0,1.08326,0.215798,0.202179,0.66528,12.849,1,0.571434,0.36288,0,118.845,3.9605,114.676,0.84672,12.849,0.84672,3695.15,0,36.966,0.446605,0.975154,2.19079,7.35273,1.03586,9.03621,0.42336,36.966,0.42336,423.524,0,1.02816,0,0,2.00331,0.975154,1.028160,1,0,123.914,0,0,0,123.914,0
55.8089,2.32355,0,0,4.00666,0.242835,0.36288,3.6288,61.1356,0.66528,0,0,0.703595,0.210764,0,0.66528,12.849,1,0.545487,0.36288,0,89.6028,4.06508,85.3552,0.84672,12.849,0.84672,3695.15,0,36.966,0.446791,0.845407,2.191,5.71036,1.00178,7.29819,0.42336,36.966,0.42336,423.524,0,1.02816,0,0,1.87357,0.845407,1.028160,1,0,92.6534,0,0,0,92.6534,0
55.1395,2.41313,0,0,2.34439,0.237798,0.36288,3.6288,61.0053,0.66528,0,0,0.742081,0.207072,0,0.66528,12.849,1,0.55558,0.36288,0,84.0473,3.33039,80.5242,0.84672,12.849,0.84672,3695.15,0,36.966,0.5064,1.03928,2.1912,5.07806,0.851051,6.95109,0.42336,36.966,0.42336,423.524,0,1.02816,0,0,2.06744,1.03928,1.028160,1,0,87.4753,0,0,0,87.4753,0
57.6788,2.40791,0,0,5.54636,0.236212,0.36288,3.6288,61.308,0.66528,0,0,1.37428,0.206901,0.199377,0.66528,12.849,1,0.561107,0.36288,0,91.4544,3.33039,87.9258,0.84672,12.849,0.84672,3695.15,0,36.966,0.506576,2.35443,2.25593,6.00746,0.851051,9.26019,0.42336,36.966,0.42336,423.524,0,1.02816,0,0,3.38259,2.35443,1.028160,1,0,97.3854,0,0,0,97.3854,0
60.9008,2.42836,0,0,6.23973,0.226501,0.36288,3.6288,61.308,0.66528,0,0,1.39284,0.200328,0.527229,0.66528,12.849,1,0.54096,0.36288,0,116.008,3.25113,112.579,0.84672,12.849,0.84672,3695.15,0,36.966,0.506753,1.95625,2.25613,9.02994,0.844134,11.8914,0.42336,36.966,0.42336,423.524,0,1.02816,0,0,2.98441,1.95625,1.028160,1,0,124.998,0,0,0,124.998,0
67.5961,2.45224,0,0,9.70333,0.192945,0.36288,3.6288,61.308,0.66528,0,0,1.48715,0.182902,0.63897,0.66528,12.849,1,0.51738,0.36288,0,191.601,3.05298,188.393,0.84672,12.849,0.84672,3695.15,0,36.966,0.506929,3.24302,2.25632,11.7324,0.826842,15.898,0.42336,36.966,0.42336,423.524,0,1.02816,0,0,4.27118,3.24302,1.028160,1,0,204.93,0,0,0,204.93,0
69.1413,2.76375,0,0,4.98226,0.310392,0.36288,3.6288,61.308,0.66528,0,0,0.982688,0.136722,0.180685,0.66528,12.849,1,0.525348,0.36288,0,141.565,2.96877,138.433,0.84672,12.849,0.84672,3695.15,0,36.966,0.730287,1.87048,2.25651,7.7957,0.691888,10.5005,0.42336,36.966,0.42336,423.524,0,1.02816,0,0,2.89864,1.87048,1.028160,1,0,149.115,0,0,0,149.115,0
69.8253,2.77394,0,0,4.135,0.314166,0.36288,3.6288,61.2619,0.66528,0,0,0.755853,0.136722,0,0.66528,12.849,1,0.515499,0.36288,0,87.8092,2.96877,84.6878,0.84672,12.849,0.84672,3695.15,0,36.966,0.730485,0.947938,2.48895,7.0346,0.691888,9.04912,0.42336,36.966,0.42336,423.524,0,1.02816,0,0,1.9761,0.947938,1.028160,1,0,93.7369,0,0,0,93.7369,0
72.29,2.77848,0,0,7.38082,0.30819,1.8295,3.6288,61.308,0.66528,0,0,1.36631,0.153276,0.501607,0.66528,12.849,1,0.511286,1.8295,0,139.774,3.36189,137.731,0.84672,12.849,0.84672,3695.15,0,36.966,0.730682,2.93928,2.48916,9.03995,0.814876,12.9228,0.42336,36.966,0.42336,423.524,0,1.02816,0,0,3.96744,2.93928,1.028160,1,0,151.155,0,0,0,151.155,0
72.29,2.79357,0,0,8.31593,0.303674,5.21869,3.6288,61.308,0.66528,0,0,1.80492,0.175451,0.96419,0.66528,12.849,1,0.496535,5.21869,0,148.969,3.88605,149.805,0.84672,12.849,0.84672,3695.15,0,36.966,0.730879,5.21283,2.48938,11.3156,0.978859,17.3081,0.42336,36.966,0.42336,423.524,0,1.02816,0,0,6.24099,5.21283,1.028160,1,0,168.078,0,0,0,168.078,0
72.29,2.40717,0,0,3.92176,0.294808,1.21978,3.6288,61.308,0.66528,0,0,1.40902,0.10817,0.63557,0.66528,12.849,1,0.427856,1.21978,0,88.8546,3.73485,85.9117,0.84672,12.849,0.84672,3695.15,0,36.966,0.431453,2.25467,2.48959,9.14386,0.847356,12.6093,0.42336,36.966,0.42336,423.524,0,1.02816,0,0,3.28283,2.25467,1.028160,1,0,99.1566,0,0,0,99.1566,0
72.29,2.40741,0,0,3.75982,0.294808,1.05759,3.6288,61.308,0.66528,0,0,0.839238,0.10817,0.0657882,0.66528,12.849,1,0.4279,1.05759,0,77.3012,3.73485,74.1961,0.84672,12.849,0.84672,3695.15,0,36.966,0.431622,1.56521,2.17298,7.38261,0.847356,9.84182,0.42336,36.966,0.42336,423.524,0,1.02816,0,0,2.59337,1.56521,1.028160,1,0,84.1037,0,0,0,84.1037,0
72.29,2.40766,0,0,3.07329,0.294808,0.370822,3.6288,61.2361,0.66528,0,0,0.701562,0.10817,0,0.66528,12.849,1,0.427944,0.370822,0,67.1311,3.73485,63.3391,0.84672,12.849,0.84672,3695.15,0,36.966,0.431792,1.02103,2.17316,5.60559,0.847356,7.52063,0.42336,36.966,0.42336,423.524,0,1.02816,0,0,2.04919,1.02103,1.028160,1,0,70.8597,0,0,0,70.8597,0
72.29,2.40791,0,0,3.83985,0.294808,1.13713,3.6288,61.308,0.66528,0,0,0.921534,0.10812,0.0762458,0.66528,12.849,1,0.427988,1.13713,0,88.9885,3.73485,85.9628,0.84672,12.849,0.84672,3695.15,0,36.966,0.431961,1.60376,2.17335,6.3767,0.847356,8.87449,0.42336,36.966,0.42336,423.524,0,1.02816,0,0,2.63192,1.60376,1.028160,1,0,94.9136,0,0,0,94.9136,0
72.29,2.40816,0,0,6.32998,0.291574,3.63024,3.6288,61.308,0.66528,0,0,1.23015,0.149499,0.415376,0.66528,12.849,1,0.428032,3.63024,0,154.426,3.96788,153.661,0.84672,12.849,0.84672,3695.15,0,36.966,0.432131,2.69552,2.17353,9.85565,0.957543,13.335,0.42336,36.966,0.42336,423.524,0,1.02816,0,0,3.72368,2.69552,1.028160,1,0,167.411,0,0,0,167.411,0
72.29,2.50578,0,0,6.34485,0.290344,3.54872,3.6288,61.308,0.66528,0,0,1.30703,0.190518,0.451235,0.66528,12.849,1,0.445384,3.54872,0,135.175,4.29954,133.978,0.84672,12.849,0.84672,3695.15,0,36.966,0.505634,2.50004,2.17372,9.94533,1.06705,13.0464,0.42336,36.966,0.42336,423.524,0,1.02816,0,0,3.5282,2.50004,1.028160,1,0,147.476,0,0,0,147.476,0
72.29,2.50604,0,0,4.68061,0.290344,1.88422,3.6288,61.308,0.66528,0,0,0.96984,0.190518,0.114042,0.66528,12.849,1,0.44543,1.88422,0,97.0583,4.29954,94.1976,0.84672,12.849,0.84672,3695.15,0,36.966,0.50581,1.28371,2.25205,7.04635,1.06705,9.00926,0.42336,36.966,0.42336,423.524,0,1.02816,0,0,2.31187,1.28371,1.028160,1,0,103.321,0,0,0,103.321,0
72.29,2.5063,0,0,4.13536,0.258167,1.3709,3.6288,61.2494,0.66528,0,0,0.810657,0.203975,0,0.66528,12.849,1,0.445476,1.3709,0,85.0859,4.41174,81.5995,0.84672,12.849,0.84672,3695.15,0,36.966,0.505986,1.06558,2.25225,6.08989,1.08117,7.82056,0.42336,36.966,0.42336,423.524,0,1.02816,0,0,2.09374,1.06558,1.028160,1,0,89.4201,0,0,0,89.4201,0
72.29,2.50656,0,0,3.78702,0.258183,1.02229,3.6288,61.1353,0.66528,0,0,0.766221,0.215037,0,0.66528,12.849,1,0.445521,1.02229,0,80.085,4.60443,76.0574,0.84672,12.849,0.84672,3695.15,0,36.966,0.506163,1.03418,2.25244,5.83039,1.0833,7.52755,0.42336,36.966,0.42336,423.524,0,1.02816,0,0,2.06234,1.03418,1.028160,1,0,83.5849,0,0,0,83.5849,0
72.29,2.46872,0,0,3.35635,0.202716,0.684907,3.6288,60.9641,0.66528,0,0,0.725725,0.231618,0,0.66528,12.849,1,0.438797,0.684907,0,70.1456,4.37556,66.0161,0.84672,12.849,0.84672,3695.15,0,36.966,0.477847,0.950193,2.25263,4.88858,1.10794,6.50561,0.42336,36.966,0.42336,423.524,0,1.02816,0,0,1.97835,0.950193,1.028160,1,0,72.5217,0,0,0,72.5217,0
72.1579,2.46898,0,0,2.90252,0.202716,0.36288,3.6288,60.7595,0.66528,0,0,0.692064,0.231367,0,0.66528,12.849,1,0.438842,0.36288,0,62.1378,4.37556,57.6862,0.84672,12.849,0.84672,3695.15,0,36.966,0.47802,0.754367,2.22241,4.27703,1.10794,5.66784,0.42336,36.966,0.42336,423.524,0,1.02816,0,0,1.78253,0.754367,1.028160,1,0,63.3541,0,0,0,63.3541,0
71.7133,2.46855,0,0,2.58929,0.202513,0.36288,3.6288,60.4777,0.66528,0,0,0.614514,0.231067,0,0.66528,12.849,1,0.439569,0.36288,0,53.3694,4.37556,48.9171,0.84672,12.849,0.84672,3695.15,0,36.966,0.478194,0.525787,2.2226,3.71415,1.10794,4.87639,0.42336,36.966,0.42336,423.524,0,1.02816,0,0,1.55395,0.525787,1.028160,1,0,53.7935,0,0,0,53.7935,0
71.0852,2.46649,0,0,2.38585,0.184621,0.36288,3.6288,60.1676,0.66528,0,0,0.563146,0.208018,0,0.66528,12.849,1,0.441926,0.36288,0,49.7793,3.90372,45.7965,0.84672,12.849,0.84672,3695.15,0,36.966,0.478368,0.431317,2.22279,3.3448,0.988272,4.53227,0.42336,36.966,0.42336,423.524,0,1.02816,0,0,1.45948,0.431317,1.028160,1,0,50.3288,0,0,0,50.3288,0
70.3063,2.59244,0,0,2.35843,0.181983,0.36288,3.6288,59.8652,0.708005,0,0,0.621289,0.215692,0,0.66528,12.849,1,0.468597,0.36288,0,48.1646,4.38396,43.675,0.84672,12.849,0.84672,3695.15,0,36.966,0.579621,0.402797,2.22298,3.28463,1.05434,4.27644,0.42336,36.966,0.42336,423.524,0,0.985435,0,0,1.38823,0.402797,1.028160,1,0,47.9514,0,0,0,47.9514,0
69.3394,2.58832,0,0,2.13549,0.151139,0.36288,3.6288,59.4318,0.721017,0,0,0.489999,0.202298,0,0.66528,12.849,1,0.473035,0.36288,0,43.2175,4.01856,39.0887,0.84672,12.849,0.84672,3695.15,0,36.966,0.579805,0.402797,2.32981,3.05008,1.07234,4.13055,0.42336,36.966,0.42336,423.524,0,0.972423,0,0,1.37522,0.402797,1.028160,1,0,43.2193,0,0,0,43.2193,0
68.2415,2.58302,0,0,1.97567,0.127691,0.36288,3.6288,59.0577,0.66528,0,0,0.498129,0.207031,0,0.66528,12.849,1,0.478648,0.36288,0,39.1523,4.1811,34.8555,0.84672,12.849,0.84672,3695.15,0,36.966,0.579988,0.34973,2.33001,3.00954,1.04225,4.06704,0.42336,36.966,0.42336,423.524,0,1.02816,0,0,1.37789,0.34973,1.028160,1,0,38.9225,0,0,0,38.9225,0
67.0894,2.5768,0,0,1.91413,0.126603,0.36288,3.6288,58.7062,0.666896,0,0,0.521973,0.206535,0,0.66528,12.849,1,0.485178,0.36288,0,37.1501,4.1811,32.8467,0.84672,12.849,0.84672,3695.15,0,36.966,0.580171,0.30119,2.33021,3.12409,1.04225,4.13306,0.42336,36.966,0.42336,423.524,0,1.02654,0,0,1.32773,0.30119,1.028160,1,0,36.9798,0,0,0,36.9798,0
65.9919,2.57007,0,0,1.95344,0.117961,0.36288,3.6288,58.2623,0.748172,0,0,0.506598,0.202352,0,0.66528,12.849,1,0.492221,0.36288,0,37.3766,4.266,32.9813,0.84672,12.849,0.84672,3695.15,0,36.966,0.580354,0.30119,2.33041,2.91383,1.10666,3.85841,0.42336,36.966,0.42336,423.524,0,0.945268,0,0,1.24646,0.30119,1.028160,1,0,36.8397,0,0,0,36.8397,0
64.8461,2.53825,0,0,1.86668,0.111362,0.36288,3.6288,57.8726,0.710156,0,0,0.519475,0.198994,0,0.66528,12.849,1,0.494212,0.36288,0,37.9402,4.32968,33.4792,0.84672,12.849,0.84672,3695.15,0,36.966,0.636118,0.30119,2.33061,2.8964,1.15498,3.7371,0.42336,36.966,0.42336,423.524,0,0.983284,0,0,1.28447,0.30119,1.028160,1,0,37.2163,0,0,0,37.2163,0
63.524,2.53122,0,0,1.68236,0.110346,0.36288,3.6288,57.3241,0.833777,0,0,0.483747,0.198494,0,0.66528,12.849,1,0.501552,0.36288,0,35.1647,4.32968,30.6964,0.84672,12.849,0.84672,3695.15,0,36.966,0.636307,0.261274,2.3681,2.75772,1.15498,3.59582,0.42336,36.966,0.42336,423.524,0,0.859663,0,0,1.12094,0.261274,1.028160,1,0,34.2922,0,0,0,34.2922,0
62.1601,2.5228,0,0,1.60875,0.0869566,0.36288,3.6288,56.6822,0.847964,0,0,0.457332,0.251255,0,0.66528,12.849,1,0.510287,0.36288,0,31.703,5.03542,26.5202,0.84672,12.849,0.84672,3695.15,0,36.966,0.636495,0.261274,2.3683,2.62013,1.41259,3.20063,0.42336,36.966,0.42336,423.524,0,0.845476,0,0,1.10675,0.261274,1.028160,1,0,29.7208,0,0,0,29.7208,0
60.7207,2.51378,0,0,1.51496,0.0776622,0.36288,3.6288,56.0119,0.850988,0,0,0.457599,0.276915,0,0.66528,12.849,1,0.519618,0.36288,0,29.6126,5.38834,24.0675,0.84672,12.849,0.84672,3695.15,0,36.966,0.636684,0.261274,2.36851,2.61312,1.52666,3.07956,0.42336,36.966,0.42336,423.524,0,0.842452,0,0,1.10373,0.261274,1.028160,1,0,27.147,0,0,0,27.147,0
59.5111,2.56813,0,0,1.8008,0.0794554,0.36288,3.6288,55.4574,0.805403,0,0,0.558948,0.308022,0,0.66528,12.849,1,0.543436,0.36288,0,32.7461,5.81206,26.7535,0.84672,12.849,0.84672,3695.15,0,36.966,0.686425,0.261274,2.36871,2.9918,1.59285,3.34251,0.42336,36.966,0.42336,423.524,0,0.888037,0,0,1.14931,0.261274,1.028160,1,0,30.096,0,0,0,30.096,0
58.1026,2.5593,0,0,1.59225,0.0785807,0.36288,3.6288,54.7522,0.924489,0,0,0.526185,0.306905,0,0.66528,12.849,1,0.552578,0.36288,0,30.9332,5.81206,24.9314,0.84672,12.849,0.84672,3695.15,0,36.966,0.686618,0.261274,2.42179,2.8067,1.59285,3.21029,0.42336,36.966,0.42336,423.524,0,0.768951,0,0,1.03022,0.261274,1.028160,1,0,28.1417,0,0,0,28.1417,0
56.5611,2.54859,0,0,1.43885,0.0687932,0.36288,3.6288,54.0414,0.92137,0,0,0.520986,0.310449,0,0.66528,12.849,1,0.563605,0.36288,0,29.3226,5.96162,23.1603,0.84672,12.849,0.84672,3695.15,0,36.966,0.686811,0.227405,2.422,2.80047,1.62273,3.14033,0.42336,36.966,0.42336,423.524,0,0.77207,0,0,0.999475,0.227405,1.028160,1,0,26.3006,0,0,0,26.3006,0
54.7759,2.53634,0,0,1.18159,0.0675935,0.36288,3.6288,53.3132,0.93541,0,0,0.509763,0.302494,0,0.66528,12.849,1,0.57618,0.36288,0,27.5852,5.99178,21.3801,0.84672,12.849,0.84672,3695.15,0,36.966,0.687004,0.227405,2.42221,2.67964,1.51915,3.12309,0.42336,36.966,0.42336,423.524,0,0.75803,0,0,0.985435,0.227405,1.028160,1,0,24.5032,0,0,0,24.5032,0
52.8105,2.70613,0,0,1.177,0.0734489,0.36288,3.6288,52.4204,1.00686,0,0,0.426873,0.312881,0,0.66528,12.849,1,0.634788,0.36288,0,23.7039,6.23315,17.1989,0.84672,12.849,0.84672,3695.15,0,36.966,0.866125,0.227405,2.42242,2.6562,1.51232,2.92758,0.42336,36.966,0.42336,423.524,0,0.686578,0,0,0.913982,0.227405,1.028160,1,0,20.1265,0,0,0,20.1265,0
50.9989,2.6874,0,0,1.31206,0.073391,0.36288,3.6288,51.8501,0.773254,0,0,0.519634,0.316679,0,0.66528,12.849,1,0.653856,0.36288,0,28.2118,6.35261,21.5683,0.84672,12.849,0.84672,3695.15,0,36.966,0.866335,0.227405,2.60361,3.09882,1.52147,3.54203,0.42336,36.966,0.42336,423.524,0,0.920186,0,0,1.14759,0.227405,1.028160,1,0,25.1103,0,0,0,25.1103,0
48.9742,2.66912,0,0,1.07942,0.0720256,0.36288,3.6288,50.7997,1.11354,0,0,0.378444,0.315227,0,0.66528,12.849,1,0.672477,0.36288,0,25.8465,6.35261,19.1843,0.84672,12.849,0.84672,3695.15,0,36.966,0.866545,0.204422,2.60383,2.53806,1.52147,2.9583,0.42336,36.966,0.42336,423.524,0,0.5799,0,0,0.784322,0.204422,1.028160,1,0,22.1426,0,0,0,22.1426,0
47.2387,2.64737,0,0,1.34515,0.0704959,0.36288,3.6288,50.4775,0.66528,0,0,0.655574,0.312554,0,0.66528,12.849,1,0.69457,0.36288,0,25.1942,6.35261,18.5099,0.84672,12.849,0.84672,3695.15,0,36.966,0.866754,0.521778,2.60406,3.95854,1.52147,4.69615,0.42336,36.966,0.42336,423.524,0,1.02816,0,0,1.54994,0.521778,1.028160,1,0,23.206,0,0,0,23.206,0
45.7181,2.62757,0,0,1.55351,0.0835593,0.36288,3.6288,50.0049,0.770351,0,0,0.56592,0.268163,0,0.66528,12.849,1,0.714704,0.36288,0,26.9098,4.9303,21.6277,0.84672,12.849,0.84672,3695.15,0,36.966,0.866964,0.204422,2.60429,4.12716,1.07359,4.9953,0.42336,36.966,0.42336,423.524,0,0.923089,0,0,1.12751,0.204422,1.028160,1,0,26.623,0,0,0,26.623,0
44.5772,2.52247,0,0,1.83611,0.0917578,0.36288,3.6288,50.0546,0.66528,0,0,0.983664,0.268703,0,0.66528,12.849,1,0.708935,0.36288,0,33.188,4.75913,28.0828,0.84672,12.849,0.84672,3695.15,0,36.966,0.758522,0.959075,2.60451,5.14605,1.14799,6.80312,0.42336,36.966,0.42336,423.524,0,1.02816,0,0,1.98723,0.959075,1.028160,1,0,34.8859,0,0,0,34.8859,0
43.2352,2.50864,0,0,1.62011,0.0905862,0.36288,3.6288,49.6913,0.66528,0,0,0.570879,0.268813,0,0.66528,12.849,1,0.723094,0.36288,0,33.9944,4.75913,28.8751,0.84672,12.849,0.84672,3695.15,0,36.966,0.758721,0.219447,2.49995,3.9527,1.14799,4.76539,0.42336,36.966,0.42336,423.524,0,1.02816,0,0,1.24761,0.219447,1.028160,1,0,33.6405,0,0,0,33.6405,0
41.6303,2.49159,0,0,1.33879,0.0892082,0.36288,3.6288,49.1256,0.800617,0,0,0.502934,0.268013,0,0.66528,12.849,1,0.740471,0.36288,0,31.387,4.75913,26.2502,0.84672,12.849,0.84672,3695.15,0,36.966,0.758921,0.216518,2.50017,3.6605,1.14799,4.47027,0.42336,36.966,0.42336,423.524,0,0.892823,0,0,1.10934,0.216518,1.028160,1,0,30.7205,0,0,0,30.7205,0
41.1252,2.47003,0,0,2.48861,0.160819,0.36288,3.6288,49.0455,0.66528,0,0,0.782425,0.197244,0,0.66528,12.849,1,0.762362,0.36288,0,55.4186,3.72097,51.2981,0.84672,12.849,0.84672,3695.15,0,36.966,0.759121,0.357843,2.50038,6.35558,0.823504,7.63118,0.42336,36.966,0.42336,423.524,0,1.02816,0,0,1.386,0.357843,1.028160,1,0,58.9293,0,0,0,58.9293,0
40.18,2.39356,0,0,2.00375,0.192531,0.36288,3.6288,49.092,0.66528,0,0,0.940047,0.228356,0,0.66528,12.849,1,0.747835,0.36288,0,57.4322,4.44455,52.6027,0.84672,12.849,0.84672,3695.15,0,36.966,0.660383,1.21414,2.5006,8.20899,1.10833,10.155,0.42336,36.966,0.42336,423.524,0,1.02816,0,0,2.2423,1.21414,1.028160,1,0,62.7578,0,0,0,62.7578,0
41.0774,2.38047,0,0,3.8312,0.190384,0.36288,3.6288,50.6272,0.66528,0,0,2.42892,0.228444,0,0.66528,12.849,1,0.761243,0.36288,0,90.8767,4.44455,86.0338,0.84672,12.849,0.84672,3695.15,0,36.966,0.660574,5.35159,2.40726,12.5013,1.10833,18.4913,0.42336,36.966,0.42336,423.524,0,1.02816,0,0,6.37975,5.35159,1.028160,1,0,104.525,0,0,0,104.525,0
40.9058,2.39339,0,0,2.77709,0.192422,0.36288,3.6288,51.4207,0.66528,0,0,1.69019,0.23134,0,0.66528,12.849,1,0.74865,0.36288,0,78.2024,4.44455,73.3721,0.84672,12.849,0.84672,3695.15,0,36.966,0.660764,3.05789,2.40747,10.2374,1.10833,13.9336,0.42336,36.966,0.42336,423.524,0,1.02816,0,0,4.08605,3.05789,1.028160,1,0,87.3057,0,0,0,87.3057,0
42.0146,2.39124,0,0,4.05489,0.192033,0.36288,3.6288,52.2559,0.66528,0,0,1.73326,0.232837,0,0.66528,12.849,1,0.751116,0.36288,0,103.194,4.44455,98.3617,0.84672,12.849,0.84672,3695.15,0,36.966,0.660955,2.26686,2.40768,10.1116,1.10833,13.0169,0.42336,36.966,0.42336,423.524,0,1.02816,0,0,3.29502,2.26686,1.028160,1,0,111.379,0,0,0,111.379,0
44.7822,2.20797,0,0,5.55712,0.21866,0.36288,3.6288,55.2017,0.656137,0,0,3.81018,0.208198,0,0.66528,12.849,1,0.675248,0.36288,0,122.224,4.37724,117.534,0.84672,12.849,0.84672,3695.15,0,36.966,0.464154,5.57715,2.40788,19.7963,1.11461,26.2026,0.42336,36.966,0.42336,423.524,0,1.02816,0,0,6.60531,5.57715,1.028160,1,0,143.737,0,0,0,143.737,0
47.2642,2.24063,0,0,5.33637,0.250786,0.36288,3.6288,57.8256,0.66528,0,0,3.46585,0.17666,0,0.66528,12.849,1,0.642887,0.36288,0,134.971,4.47699,130.214,0.84672,12.849,0.84672,3695.15,0,36.966,0.455182,4.97934,2.20021,16.414,1.05814,22.0802,0.42336,36.966,0.42336,423.524,0,1.02816,0,0,6.0075,4.97934,1.028160,1,0,152.295,0,0,0,152.295,0
49.5143,2.26741,0,0,5.13818,0.257826,0.36288,3.6288,59.9692,0.66528,0,0,2.98854,0.179708,0,0.66528,12.849,1,0.616405,0.36288,0,110.184,4.47699,105.454,0.84672,12.849,0.84672,3695.15,0,36.966,0.455353,4.29329,2.2004,13.7619,1.05814,18.7421,0.42336,36.966,0.42336,423.524,0,1.02816,0,0,5.32145,4.29329,1.028160,1,0,124.196,0,0,0,124.196,0
52.1033,2.28988,0,0,5.50597,0.264206,0.36288,3.6288,61.308,0.66528,0,0,4.08742,0.182198,1.90112,0.66528,12.849,1,0.594226,0.36288,0,129.696,4.47699,124.988,0.84672,12.849,0.84672,3695.15,0,36.966,0.455525,5.79474,2.20058,16.3603,1.05814,22.8419,0.42336,36.966,0.42336,423.524,0,1.02816,0,0,6.8229,5.79474,1.028160,1,0,149.731,0,0,0,149.731,0
54.5939,2.31381,0,0,5.43176,0.264446,0.36288,3.6288,61.308,0.66528,0,0,3.08563,0.177964,2.24239,0.66528,12.849,1,0.570599,0.36288,0,143.492,3.99045,139.294,0.84672,12.849,0.84672,3695.15,0,36.966,0.455697,4.50531,2.20077,14.4569,0.974334,19.7329,0.42336,36.966,0.42336,423.524,0,1.02816,0,0,5.53347,4.50531,1.028160,1,0,161.269,0,0,0,161.269,0
56.4897,2.41593,0,0,4.92784,0.253229,0.36288,3.6288,61.308,0.66528,0,0,1.48794,0.163492,0.659166,0.66528,12.849,1,0.568603,0.36288,0,135.827,2.7741,132.847,0.84672,12.849,0.84672,3695.15,0,36.966,0.515579,2.33265,2.20096,8.03779,0.764813,11.291,0.42336,36.966,0.42336,423.524,0,1.02816,0,0,3.36081,2.33265,1.028160,1,0,144.797,0,0,0,144.797,0
57.9636,2.4317,0,0,4.5265,0.25807,0.36288,3.6288,61.308,0.66528,0,0,1.41285,0.163492,0.584076,0.66528,12.849,1,0.553108,0.36288,0,107.969,2.7741,105.005,0.84672,12.849,0.84672,3695.15,0,36.966,0.51574,2.14638,2.26599,7.2284,0.764813,10.3602,0.42336,36.966,0.42336,423.524,0,1.02816,0,0,3.17454,2.14638,1.028160,1,0,115.949,0,0,0,115.949,0
64.0803,2.44344,0,0,9.18484,0.261834,0.36288,3.6288,61.308,0.66528,0,0,2.07942,0.163492,1.25065,0.66528,12.849,1,0.541647,0.36288,0,170.617,2.7741,167.664,0.84672,12.849,0.84672,3695.15,0,36.966,0.515902,3.42935,2.26617,11.7417,0.764813,16.1565,0.42336,36.966,0.42336,423.524,0,1.02816,0,0,4.45751,3.42935,1.028160,1,0,185.071,0,0,0,185.071,0
72.29,2.48674,0,0,12.711,0.303178,1.71135,3.6288,61.308,0.66528,0,0,2.04028,0.169123,1.20587,0.66528,12.849,1,0.498627,1.71135,0,289.459,3.47424,287.197,0.84672,12.849,0.84672,3695.15,0,36.966,0.516064,4.23584,2.26634,17.0924,0.930318,22.1482,0.42336,36.966,0.42336,423.524,0,1.02816,0,0,5.264,4.23584,1.028160,1,0,310.552,0,0,0,310.552,0
72.29,2.80737,0,0,10.3524,0.303973,7.24102,3.6288,61.308,0.66528,0,0,1.76991,0.114545,0.990087,0.66528,12.849,1,0.498989,7.24102,0,291.343,3.04415,295.041,0.84672,12.849,0.84672,3695.15,0,36.966,0.74048,4.66652,2.26652,12.7892,0.909428,18.0723,0.42336,36.966,0.42336,423.524,0,1.02816,0,0,5.69468,4.66652,1.028160,1,0,314.104,0,0,0,314.104,0
72.29,2.80763,0,0,18.2728,0.296644,15.1685,3.6288,61.308,0.66528,0,0,2.41866,0.09268,1.6607,0.66528,12.849,1,0.499035,15.1685,0,406.518,2.72916,418.458,0.84672,12.849,0.84672,3695.15,0,36.966,0.740661,7.19529,2.50006,22.9158,0.852382,31.0181,0.42336,36.966,0.42336,423.524,0,1.02816,0,0,8.22345,7.19529,1.028160,1,0,451.137,0,0,0,451.137,0
72.29,2.80789,0,0,7.15789,0.296644,4.05336,3.6288,61.308,0.66528,0,0,1.12881,0.09268,0.370847,0.66528,12.849,1,0.499081,4.05336,0,334.727,2.72916,335.553,0.84672,12.849,0.84672,3695.15,0,36.966,0.740842,3.25559,2.50026,9.49959,0.852382,13.6622,0.42336,36.966,0.42336,423.524,0,1.02816,0,0,4.28375,3.25559,1.028160,1,0,349.586,0,0,0,349.586,0
72.29,2.80815,0,0,5.69111,0.305321,2.57764,3.6288,61.308,0.66528,0,0,1.05165,0.156973,0.229399,0.66528,12.849,1,0.499127,2.57764,0,208.361,3.49938,206.94,0.84672,12.849,0.84672,3695.15,0,36.966,0.741023,3.00453,2.50045,8.44016,0.985516,12.2186,0.42336,36.966,0.42336,423.524,0,1.02816,0,0,4.03269,3.00453,1.028160,1,0,219.388,0,0,0,219.388,0
72.29,2.41988,0,0,6.61057,0.338801,3.85189,3.6288,61.308,0.66528,0,0,3.82215,0.211942,2.94492,0.66528,12.849,1,0.430115,3.85189,0,380.738,4.072,380.088,0.84672,12.849,0.84672,3695.15,0,36.966,0.440151,5.61739,2.50065,16.4373,1.07465,23.0405,0.42336,36.966,0.42336,423.524,0,1.02816,0,0,6.64555,5.61739,1.028160,1,0,406.073,0,0,0,406.073,0
72.29,2.42011,0,0,7.26356,0.343297,4.50016,3.6288,61.308,0.66528,0,0,2.46847,0.213067,1.59012,0.66528,12.849,1,0.430156,4.50016,0,300.896,4.07117,300.895,0.84672,12.849,0.84672,3695.15,0,36.966,0.440306,6.33668,2.1825,16.5563,1.07287,23.5623,0.42336,36.966,0.42336,423.524,0,1.02816,0,0,7.36484,6.33668,1.028160,1,0,326.047,0,0,0,326.047,0
72.29,2.42033,0,0,12.9682,0.343297,10.2046,3.6288,61.308,0.66528,0,0,5.85185,0.213067,4.97351,0.66528,12.849,1,0.430196,10.2046,0,331.573,4.07117,337.276,0.84672,12.849,0.84672,3695.15,0,36.966,0.440462,9.52016,2.18267,24.131,1.07287,34.3205,0.42336,36.966,0.42336,423.524,0,1.02816,0,0,10.5483,9.52016,1.028160,1,0,376.57,0,0,0,376.57,0
72.29,2.42056,0,0,9.54202,0.344627,6.77683,3.6288,61.308,0.66528,0,0,3.78134,0.156293,2.95977,0.66528,12.849,1,0.430237,6.77683,0,304.284,3.81069,306.82,0.84672,12.849,0.84672,3695.15,0,36.966,0.440617,6.35975,2.18284,20.0149,0.978995,27.1379,0.42336,36.966,0.42336,423.524,0,1.02816,0,0,7.38791,6.35975,1.028160,1,0,336.918,0,0,0,336.918,0
72.29,2.42079,0,0,8.58099,0.347686,5.81251,3.6288,61.308,0.66528,0,0,3.79604,0.168061,2.96269,0.66528,12.849,1,0.430277,5.81251,0,279.396,3.96858,280.81,0.84672,12.849,0.84672,3695.15,0,36.966,0.440773,5.63323,2.18301,18.6164,1.06103,24.9309,0.42336,36.966,0.42336,423.524,0,1.02816,0,0,6.66139,5.63323,1.028160,1,0,308.703,0,0,0,308.703,0
72.29,2.51886,0,0,9.02699,0.351056,6.15707,3.6288,61.308,0.66528,0,0,4.85784,0.214031,3.97853,0.66528,12.849,1,0.447708,6.15707,0,322.74,4.31802,324.132,0.84672,12.849,0.84672,3695.15,0,36.966,0.514608,6.65755,2.18318,17.8035,1.22048,24.9091,0.42336,36.966,0.42336,423.524,0,1.02816,0,0,7.68571,6.65755,1.028160,1,0,353.019,0,0,0,353.019,0
72.29,2.51909,0,0,8.00073,0.351056,5.13058,3.6288,61.308,0.66528,0,0,4.56354,0.214031,3.68423,0.66528,12.849,1,0.44775,5.13058,0,254.666,4.31802,255.031,0.84672,12.849,0.84672,3695.15,0,36.966,0.51477,6.6433,2.26187,14.7014,1.22048,21.8713,0.42336,36.966,0.42336,423.524,0,1.02816,0,0,7.67146,6.6433,1.028160,1,0,280.586,0,0,0,280.586,0
72.29,2.51933,0,0,6.9196,0.320318,4.07996,3.6288,61.308,0.66528,0,0,3.8111,0.21045,2.93537,0.66528,12.849,1,0.447791,4.07996,0,249.794,4.3848,249.042,0.84672,12.849,0.84672,3695.15,0,36.966,0.514932,6.37399,2.26205,13.0606,1.15647,20.0252,0.42336,36.966,0.42336,423.524,0,1.02816,0,0,7.40215,6.37399,1.028160,1,0,272.002,0,0,0,272.002,0
72.29,2.51956,0,0,6.9177,0.273183,4.12496,3.6288,61.308,0.66528,0,0,3.2574,0.220838,2.37128,0.66528,12.849,1,0.447833,4.12496,0,218.435,4.61407,217.498,0.84672,12.849,0.84672,3695.15,0,36.966,0.515094,5.97539,2.26223,11.7126,1.14228,18.2929,0.42336,36.966,0.42336,423.524,0,1.02816,0,0,7.00355,5.97539,1.028160,1,0,238.162,0,0,0,238.162,0
72.29,2.48153,0,0,5.87321,0.280012,3.11167,3.6288,61.308,0.66528,0,0,1.54408,0.212911,0.665889,0.66528,12.849,1,0.441073,3.11167,0,164.815,4.01771,163.468,0.84672,12.849,0.84672,3695.15,0,36.966,0.486629,3.47303,2.2624,10.3516,1.09081,14.5096,0.42336,36.966,0.42336,423.524,0,1.02816,0,0,4.50119,3.47303,1.028160,1,0,178.643,0,0,0,178.643,0
72.29,2.48176,0,0,5.27934,0.265968,2.53161,3.6288,61.308,0.66528,0,0,1.47262,0.219451,0.587888,0.66528,12.849,1,0.441115,2.53161,0,156.364,4.07537,154.379,0.84672,12.849,0.84672,3695.15,0,36.966,0.486788,3.23837,2.23202,9.31573,1.09425,13.2051,0.42336,36.966,0.42336,423.524,0,1.02816,0,0,4.26653,3.23837,1.028160,1,0,168.172,0,0,0,168.172,0
72.29,2.482,0,0,4.9773,0.265968,2.22933,3.6288,61.308,0.66528,0,0,1.39151,0.219451,0.506776,0.66528,12.849,1,0.441156,2.22933,0,144.93,4.07537,142.643,0.84672,12.849,0.84672,3695.15,0,36.966,0.486948,3.05328,2.23219,8.8414,1.09425,12.5457,0.42336,36.966,0.42336,423.524,0,1.02816,0,0,4.08144,3.05328,1.028160,1,0,155.695,0,0,0,155.695,0
72.29,2.48223,0,0,4.95281,0.263045,2.20754,3.6288,61.308,0.66528,0,0,1.59319,0.236128,0.691782,0.66528,12.849,1,0.441197,2.20754,0,144.681,4.19452,142.253,0.84672,12.849,0.84672,3695.15,0,36.966,0.487107,3.19945,2.23237,9.25638,1.21627,12.9848,0.42336,36.966,0.42336,423.524,0,1.02816,0,0,4.22761,3.19945,1.028160,1,0,155.93,0,0,0,155.93,0
72.29,2.6124,0,0,4.51621,0.237553,1.66626,3.6288,61.308,0.66528,0,0,1.24985,0.251708,0.332857,0.66528,12.849,1,0.464335,1.66626,0,119.291,4.58558,115.907,0.84672,12.849,0.84672,3695.15,0,36.966,0.588818,2.48223,2.23254,7.55853,1.24822,10.4363,0.42336,36.966,0.42336,423.524,0,1.02816,0,0,3.51039,2.48223,1.028160,1,0,126.676,0,0,0,126.676,0
72.29,2.61265,0,0,4.15814,0.1716,1.37389,3.6288,61.308,0.66528,0,0,1.16735,0.246236,0.255834,0.66528,12.849,1,0.464378,1.37389,0,105.959,4.56949,102.299,0.84672,12.849,0.84672,3695.15,0,36.966,0.588986,2.25357,2.33985,6.81558,1.11303,9.70699,0.42336,36.966,0.42336,423.524,0,1.02816,0,0,3.28173,2.25357,1.028160,1,0,112.262,0,0,0,112.262,0
72.29,2.61289,0,0,3.90499,0.1716,1.1205,3.6288,61.308,0.66528,0,0,1.0688,0.246236,0.157286,0.66528,12.849,1,0.464421,1.1205,0,98.1599,4.56949,94.2465,0.84672,12.849,0.84672,3695.15,0,36.966,0.589154,2.22888,2.34004,6.68408,1.11303,9.55081,0.42336,36.966,0.42336,423.524,0,1.02816,0,0,3.25704,2.22888,1.028160,1,0,103.955,0,0,0,103.955,0
72.29,2.61313,0,0,3.75172,0.1716,0.966989,3.6288,61.308,0.66528,0,0,1.0894,0.246236,0.177884,0.66528,12.849,1,0.464465,0.966989,0,93.1625,4.56949,89.0956,0.84672,12.849,0.84672,3695.15,0,36.966,0.589322,2.16245,2.34022,7.0054,1.11303,9.80572,0.42336,36.966,0.42336,423.524,0,1.02816,0,0,3.19061,2.16245,1.028160,1,0,99.0792,0,0,0,99.0792,0
72.29,2.61338,0,0,3.7002,0.15512,0.931705,3.6288,61.308,0.66528,0,0,1.12987,0.206314,0.258276,0.66528,12.849,1,0.464508,0.931705,0,94.3713,4.05316,90.7853,0.84672,12.849,0.84672,3695.15,0,36.966,0.58949,2.09211,2.3404,7.3173,1.09002,10.0703,0.42336,36.966,0.42336,423.524,0,1.02816,0,0,3.12027,2.09211,1.028160,1,0,101.114,0,0,0,101.114,0
72.0375,2.58791,0,0,2.83291,0.134593,0.36288,3.6288,61.308,0.66528,0,0,1.05252,0.210978,0.176258,0.66528,12.849,1,0.459982,0.36288,0,70.9361,4.53547,66.3036,0.84672,12.849,0.84672,3695.15,0,36.966,0.645496,1.33637,2.34059,6.39274,1.15283,8.27136,0.42336,36.966,0.42336,423.524,0,1.02816,0,0,2.36453,1.33637,1.028160,1,0,74.7512,0,0,0,74.7512,0
71.5942,2.58678,0,0,2.64062,0.134268,0.36288,3.6288,61.308,0.66528,0,0,1.05411,0.210978,0.177857,0.66528,12.849,1,0.461393,0.36288,0,65.5335,4.53547,60.8996,0.84672,12.849,0.84672,3695.15,0,36.966,0.645669,1.42924,2.37824,5.85649,1.15283,7.86546,0.42336,36.966,0.42336,423.524,0,1.02816,0,0,2.4574,1.42924,1.028160,1,0,68.9429,0,0,0,68.9429,0
70.9693,2.5846,0,0,2.45644,0.133816,0.36288,3.6288,61.308,0.66528,0,0,1.03817,0.210978,0.161907,0.66528,12.849,1,0.463858,0.36288,0,61.0242,4.53547,56.3878,0.84672,12.849,0.84672,3695.15,0,36.966,0.645842,1.40942,2.37842,5.7214,1.15283,7.71057,0.42336,36.966,0.42336,423.524,0,1.02816,0,0,2.43758,1.40942,1.028160,1,0,64.2603,0,0,0,64.2603,0
70.3073,2.58139,0,0,2.40933,0.12708,0.36288,3.6288,61.308,0.66528,0,0,0.973944,0.258973,0.0496913,0.66528,12.849,1,0.46736,0.36288,0,57.5156,5.13975,52.2714,0.84672,12.849,0.84672,3695.15,0,36.966,0.646015,1.28195,2.37861,5.58077,1.29781,7.2975,0.42336,36.966,0.42336,423.524,0,1.02816,0,0,2.31011,1.28195,1.028160,1,0,59.6186,0,0,0,59.6186,0
69.3043,2.64404,0,0,2.09991,0.0960726,0.36288,3.6288,61.2289,0.66528,0,0,0.868925,0.282716,0,0.66528,12.849,1,0.48321,0.36288,0,56.8354,5.83958,50.8755,0.84672,12.849,0.84672,3695.15,0,36.966,0.695968,1.18166,2.3788,4.65201,1.43532,6.08118,0.42336,36.966,0.42336,423.524,0,1.02816,0,0,2.20982,1.18166,1.028160,1,0,56.9567,0,0,0,56.9567,0
68.1978,2.63838,0,0,1.99018,0.0953302,0.36288,3.6288,61.0584,0.66528,0,0,0.777367,0.282574,0,0.66528,12.849,1,0.489156,0.36288,0,50.219,5.83958,44.2531,0.84672,12.849,0.84672,3695.15,0,36.966,0.696145,1.39704,2.4321,4.85888,1.43532,6.55655,0.42336,36.966,0.42336,423.524,0,1.02816,0,0,2.4252,1.39704,1.028160,1,0,50.8097,0,0,0,50.8097,0
66.969,2.63195,0,0,1.86046,0.0945113,0.36288,3.6288,60.8301,0.66528,0,0,0.719254,0.28227,0,0.66528,12.849,1,0.49588,0.36288,0,47.7508,5.83958,41.7782,0.84672,12.849,0.84672,3695.15,0,36.966,0.696323,1.18834,2.43229,4.2635,1.43532,5.75249,0.42336,36.966,0.42336,423.524,0,1.02816,0,0,2.2165,1.18834,1.028160,1,0,47.5307,0,0,0,47.5307,0
65.7234,2.62456,0,0,1.83546,0.0936018,0.36288,3.6288,60.6612,0.66528,0,0,0.778153,0.281862,0,0.66528,12.849,1,0.503561,0.36288,0,44.308,5.83958,38.3277,0.84672,12.849,0.84672,3695.15,0,36.966,0.6965,1.33773,2.43249,4.82153,1.43532,6.45992,0.42336,36.966,0.42336,423.524,0,1.02816,0,0,2.36589,1.33773,1.028160,1,0,44.7877,0,0,0,44.7877,0
64.2687,2.80848,0,0,1.79914,0.0824322,0.36288,3.6288,60.4794,0.66528,0,0,0.770316,0.286819,0,0.66528,12.849,1,0.549061,0.36288,0,40.253,6.37723,33.6896,0.84672,12.849,0.84672,3695.15,0,36.966,0.87642,1.35446,2.43268,5.14588,1.52302,6.53358,0.42336,36.966,0.42336,423.524,0,1.02816,0,0,2.38262,1.35446,1.028160,1,0,40.2231,0,0,0,40.2231,0
62.7905,2.79838,0,0,1.76111,0.0780956,0.36288,3.6288,60.313,0.66528,0,0,0.79698,0.298071,0,0.66528,12.849,1,0.55947,0.36288,0,38.8515,6.7221,31.9328,0.84672,12.849,0.84672,3695.15,0,36.966,0.876613,1.57045,2.61468,3.82404,1.56959,5.56296,0.42336,36.966,0.42336,423.524,0,1.02816,0,0,2.59861,1.57045,1.028160,1,0,37.4958,0,0,0,37.4958,0
61.013,2.78771,0,0,1.45024,0.0771629,0.36288,3.6288,60.0436,0.66528,0,0,0.693671,0.297756,0,0.66528,12.849,1,0.570456,0.36288,0,48.2318,6.7221,41.3022,0.84672,12.849,0.84672,3695.15,0,36.966,0.876805,1.26797,2.61488,3.41163,1.56959,4.84809,0.42336,36.966,0.42336,423.524,0,1.02816,0,0,2.29613,1.26797,1.028160,1,0,46.1503,0,0,0,46.1503,0
59.4042,2.77423,0,0,1.60435,0.0760414,0.36288,3.6288,60.034,0.66528,0,0,0.952893,0.297246,0,0.66528,12.849,1,0.584238,0.36288,0,41.3522,6.7221,34.4088,0.84672,12.849,0.84672,3695.15,0,36.966,0.876998,1.9777,2.61509,4.07697,1.56959,6.22317,0.42336,36.966,0.42336,423.524,0,1.02816,0,0,3.00586,1.9777,1.028160,1,0,40.632,0,0,0,40.632,0
57.8269,2.76148,0,0,1.61899,0.0719293,0.36288,3.6288,59.8755,0.66528,0,0,0.787303,0.280495,0,0.66528,12.849,1,0.597302,0.36288,0,43.8182,6.40611,37.1777,0.84672,12.849,0.84672,3695.15,0,36.966,0.87719,1.86156,2.6153,4.87315,1.56089,6.91192,0.42336,36.966,0.42336,423.524,0,1.02816,0,0,2.88972,1.86156,1.028160,1,0,44.0896,0,0,0,44.0896,0
57.6618,2.657,0,0,2.91821,0.0634136,0.36288,3.6288,60.4813,0.66528,0,0,1.5095,0.238423,0,0.66528,12.849,1,0.590379,0.36288,0,75.8,5.61613,69.9564,0.84672,12.849,0.84672,3695.15,0,36.966,0.768239,4.03555,2.6155,10.2184,1.53914,14.562,0.42336,36.966,0.42336,423.524,0,1.02816,0,0,5.06371,4.03555,1.028160,1,0,84.5184,0,0,0,84.5184,0
55.8883,2.65586,0,0,1.30853,0.0633113,0.36288,3.6288,60.4331,0.66528,0,0,0.856405,0.239344,0,0.66528,12.849,1,0.591816,0.36288,0,57.635,5.61613,51.79,0.84672,12.849,0.84672,3695.15,0,36.966,0.768422,1.56026,2.51045,5.25411,1.53914,7.01726,0.42336,36.966,0.42336,423.524,0,1.02816,0,0,2.58842,1.56026,1.028160,1,0,58.8072,0,0,0,58.8072,0
54.4382,2.64084,0,0,1.63883,0.0852203,0.36288,3.6288,60.6148,0.66528,0,0,1.0837,0.236685,0,0.66528,12.849,1,0.607142,0.36288,0,54.9863,5.43567,49.3063,0.84672,12.849,0.84672,3695.15,0,36.966,0.768605,1.67665,2.51065,6.42791,1.51198,8.33463,0.42336,36.966,0.42336,423.524,0,1.02816,0,0,2.70481,1.67665,1.028160,1,0,57.641,0,0,0,57.641,0
55.8579,2.628,0,0,4.57353,0.162938,0.36288,3.6288,61.308,0.66528,0,0,1.92069,0.259336,0.302919,0.66528,12.849,1,0.620284,0.36288,0,89.963,4.95642,84.7491,0.84672,12.849,0.84672,3695.15,0,36.966,0.768789,5.61787,2.51085,13.8483,1.37019,19.838,0.42336,36.966,0.42336,423.524,0,1.02816,0,0,6.64603,5.61787,1.028160,1,0,104.89,0,0,0,104.89,0
57.3668,2.56648,0,0,4.63736,0.199107,0.36288,3.6288,61.308,0.66528,0,0,2.53493,0.228769,1.64088,0.66528,12.849,1,0.590369,0.36288,0,127.644,4.10493,123.311,0.84672,12.849,0.84672,3695.15,0,36.966,0.66959,4.3771,2.51105,16.884,1.11611,21.9865,0.42336,36.966,0.42336,423.524,0,1.02816,0,0,5.40526,4.3771,1.028160,1,0,146.939,0,0,0,146.939,0
58.2736,2.57941,0,0,4.05692,0.207822,0.36288,3.6288,61.308,0.66528,0,0,2.37865,0.223484,1.48989,0.66528,12.849,1,0.577736,0.36288,0,101.854,3.96301,97.6756,0.84672,12.849,0.84672,3695.15,0,36.966,0.669765,4.22289,2.41727,16.3979,1.07376,21.2945,0.42336,36.966,0.42336,423.524,0,1.02816,0,0,5.25105,4.22289,1.028160,1,0,120.46,0,0,0,120.46,0
60.4085,2.58702,0,0,5.29446,0.209671,0.36288,3.6288,61.308,0.66528,0,0,2.6742,0.223484,1.78544,0.66528,12.849,1,0.570423,0.36288,0,129.812,3.96301,125.641,0.84672,12.849,0.84672,3695.15,0,36.966,0.66994,5.03928,2.41746,18.6584,1.07376,24.3715,0.42336,36.966,0.42336,423.524,0,1.02816,0,0,6.06744,5.03928,1.028160,1,0,151.798,0,0,0,151.798,0
62.9434,2.60388,0,0,5.73513,0.233404,0.36288,3.6288,61.308,0.66528,0,0,3.28852,0.230382,2.39286,0.66528,12.849,1,0.553851,0.36288,0,176.381,4.079,172.111,0.84672,12.849,0.84672,3695.15,0,36.966,0.670114,6.20582,2.41765,21.2511,1.10084,28.1036,0.42336,36.966,0.42336,423.524,0,1.02816,0,0,7.23398,6.20582,1.028160,1,0,202.608,0,0,0,202.608,0
67.2229,2.40622,0,0,7.31313,0.264514,0.36288,3.6288,61.308,0.66528,0,0,4.7615,0.222673,3.87354,0.66528,12.849,1,0.491195,0.36288,0,180.511,4.02497,176.358,0.84672,12.849,0.84672,3695.15,0,36.966,0.463236,8.76236,2.41784,31.586,1.08542,41.2176,0.42336,36.966,0.42336,423.524,0,1.02816,0,0,9.79052,8.76236,1.028160,1,0,221.449,0,0,0,221.449,0
69.4845,2.4327,0,0,5.33514,0.277973,0.36288,3.6288,61.308,0.66528,0,0,3.03662,0.200662,2.17068,0.66528,12.849,1,0.464987,0.36288,0,159.554,3.81633,155.636,0.84672,12.849,0.84672,3695.15,0,36.966,0.463393,5.36164,2.20922,18.634,1.0363,24.7051,0.42336,36.966,0.42336,423.524,0,1.02816,0,0,6.3898,5.36164,1.028160,1,0,182.511,0,0,0,182.511,0
72.29,2.4457,0,0,6.24112,0.282933,0.707013,3.6288,61.308,0.66528,0,0,3.38142,0.200662,2.51548,0.66528,12.849,1,0.452256,0.707013,0,205.836,3.81633,202.274,0.84672,12.849,0.84672,3695.15,0,36.966,0.46355,6.243,2.2094,19.1517,1.0363,26.1042,0.42336,36.966,0.42336,423.524,0,1.02816,0,0,7.27116,6.243,1.028160,1,0,230.894,0,0,0,230.894,0
72.29,2.46084,0,0,5.55649,0.289087,2.80656,3.6288,61.308,0.66528,0,0,3.03986,0.200662,2.17392,0.66528,12.849,1,0.437395,2.80656,0,176.212,3.81633,174.765,0.84672,12.849,0.84672,3695.15,0,36.966,0.463708,4.98423,2.20957,14.401,1.0363,20.0948,0.42336,36.966,0.42336,423.524,0,1.02816,0,0,6.01239,4.98423,1.028160,1,0,197.033,0,0,0,197.033,0
72.29,2.46107,0,0,5.464,0.28406,2.71888,3.6288,61.308,0.66528,0,0,2.78047,0.215291,1.8999,0.66528,12.849,1,0.437436,2.71888,0,147.773,3.47632,146.578,0.84672,12.849,0.84672,3695.15,0,36.966,0.463865,4.72776,2.20974,14.8351,0.931929,20.3768,0.42336,36.966,0.42336,423.524,0,1.02816,0,0,5.75592,4.72776,1.028160,1,0,168.855,0,0,0,168.855,0
72.29,2.54644,0,0,6.3627,0.272277,3.54399,3.6288,61.308,0.66528,0,0,1.61085,0.1913,0.75427,0.66528,12.849,1,0.45261,3.54399,0,171.973,3.07944,171.985,0.84672,12.849,0.84672,3695.15,0,36.966,0.523997,2.87491,2.20991,13.6524,0.829043,17.3842,0.42336,36.966,0.42336,423.524,0,1.02816,0,0,3.90307,2.87491,1.028160,1,0,190.124,0,0,0,190.124,0
72.29,2.54665,0,0,4.68142,0.272277,1.86249,3.6288,61.308,0.66528,0,0,1.62178,0.1913,0.7652,0.66528,12.849,1,0.452648,1.86249,0,114.098,3.07944,112.429,0.84672,12.849,0.84672,3695.15,0,36.966,0.524144,3.1424,2.27521,10.4795,0.829043,14.544,0.42336,36.966,0.42336,423.524,0,1.02816,0,0,4.17056,3.1424,1.028160,1,0,127.738,0,0,0,127.738,0
72.29,2.54687,0,0,6.55061,0.272277,3.73147,3.6288,61.308,0.66528,0,0,1.75706,0.1913,0.900485,0.66528,12.849,1,0.452686,3.73147,0,126.041,3.07944,126.241,0.84672,12.849,0.84672,3695.15,0,36.966,0.524292,3.21965,2.27537,13.0526,0.829043,17.1943,0.42336,36.966,0.42336,423.524,0,1.02816,0,0,4.24781,3.21965,1.028160,1,0,144.335,0,0,0,144.335,0
72.29,2.54708,0,0,10.2601,0.272277,7.44073,3.6288,61.308,0.66528,0,0,2.3095,0.1913,1.45292,0.66528,12.849,1,0.452725,7.44073,0,214.932,3.07944,218.841,0.84672,12.849,0.84672,3695.15,0,36.966,0.524439,4.61384,2.27554,18.971,0.829043,24.5069,0.42336,36.966,0.42336,423.524,0,1.02816,0,0,5.642,4.61384,1.028160,1,0,244.8,0,0,0,244.8,0
72.29,2.8208,0,0,10.1287,0.294215,7.01366,3.6288,61.308,0.66528,0,0,2.70423,0.202383,1.83657,0.66528,12.849,1,0.501376,7.01366,0,305.77,3.66974,308.612,0.84672,12.849,0.84672,3695.15,0,36.966,0.749824,5.13672,2.2757,23.6397,1.09077,29.2116,0.42336,36.966,0.42336,423.524,0,1.02816,0,0,6.16488,5.13672,1.028160,1,0,339.66,0,0,0,339.66,0
72.29,2.82104,0,0,7.12411,0.282892,4.02018,3.6288,61.308,0.66528,0,0,1.97567,0.202874,1.10752,0.66528,12.849,1,0.501418,4.02018,0,205.939,3.41575,206.042,0.84672,12.849,0.84672,3695.15,0,36.966,0.749989,3.36225,2.51024,17.0574,1.07961,21.1003,0.42336,36.966,0.42336,423.524,0,1.02816,0,0,4.39041,3.36225,1.028160,1,0,228.25,0,0,0,228.25,0
72.29,2.82128,0,0,5.81932,0.284404,2.71364,3.6288,61.308,0.66528,0,0,1.94071,0.194119,1.08131,0.66528,12.849,1,0.50146,2.71364,0,161.71,3.26452,160.657,0.84672,12.849,0.84672,3695.15,0,36.966,0.750154,3.91205,2.51042,15.2675,1.03624,19.9036,0.42336,36.966,0.42336,423.524,0,1.02816,0,0,4.94021,3.91205,1.028160,1,0,181.642,0,0,0,181.642,0
72.29,2.82151,0,0,5.59005,0.268599,2.49994,3.6288,61.308,0.66528,0,0,1.87035,0.185326,1.01975,0.66528,12.849,1,0.501502,2.49994,0,158.906,2.99091,157.914,0.84672,12.849,0.84672,3695.15,0,36.966,0.750319,3.66108,2.5106,15.126,0.921391,19.626,0.42336,36.966,0.42336,423.524,0,1.02816,0,0,4.68924,3.66108,1.028160,1,0,178.559,0,0,0,178.559,0
72.29,2.43153,0,0,6.04708,0.287887,3.32766,3.6288,61.308,0.66528,0,0,1.56991,0.167979,0.736655,0.66528,12.849,1,0.432186,3.32766,0,113.621,2.78515,113.732,0.84672,12.849,0.84672,3695.15,0,36.966,0.44812,2.32736,2.51078,11.2482,0.971423,14.6668,0.42336,36.966,0.42336,423.524,0,1.02816,0,0,3.35552,2.32736,1.028160,1,0,129.135,0,0,0,129.135,0
72.29,2.43174,0,0,7.94146,0.301477,5.20824,3.6288,61.308,0.66528,0,0,2.02092,0.157113,1.19853,0.66528,12.849,1,0.432223,5.20824,0,150.555,2.67152,152.66,0.84672,12.849,0.84672,3695.15,0,36.966,0.448261,2.98573,2.19123,13.4546,0.993368,17.1899,0.42336,36.966,0.42336,423.524,0,1.02816,0,0,4.01389,2.98573,1.028160,1,0,171.048,0,0,0,171.048,0
72.29,2.43194,0,0,9.89539,0.303357,7.16009,3.6288,61.308,0.66528,0,0,2.97145,0.18006,2.12611,0.66528,12.849,1,0.432259,7.16009,0,173.04,3.32118,176.447,0.84672,12.849,0.84672,3695.15,0,36.966,0.448403,5.40613,2.19138,22.1981,1.09342,28.2538,0.42336,36.966,0.42336,423.524,0,1.02816,0,0,6.43429,5.40613,1.028160,1,0,206.827,0,0,0,206.827,0
72.29,2.43215,0,0,6.59946,0.305862,3.86144,3.6288,61.308,0.66528,0,0,1.59674,0.210656,0.720805,0.66528,12.849,1,0.432296,3.86144,0,139.395,4.1874,138.637,0.84672,12.849,0.84672,3695.15,0,36.966,0.448545,2.50378,2.19154,12.6233,1.22681,15.6433,0.42336,36.966,0.42336,423.524,0,1.02816,0,0,3.53194,2.50378,1.028160,1,0,155.001,0,0,0,155.001,0
72.29,2.43236,0,0,7.82214,0.306287,5.08349,3.6288,61.308,0.66528,0,0,3.7227,0.208779,2.84864,0.66528,12.849,1,0.432333,5.08349,0,169.735,4.12383,170.263,0.84672,12.849,0.84672,3695.15,0,36.966,0.448686,4.85725,2.19169,20.0775,1.22583,25.452,0.42336,36.966,0.42336,423.524,0,1.02816,0,0,5.88541,4.85725,1.028160,1,0,198.563,0,0,0,198.563,0
72.29,2.53083,0,0,6.56631,0.307347,3.72814,3.6288,61.308,0.66528,0,0,2.16645,0.204085,1.29708,0.66528,12.849,1,0.449835,3.72814,0,133.526,3.96491,132.839,0.84672,12.849,0.84672,3695.15,0,36.966,0.522826,3.29375,2.19185,10.0157,1.22336,13.7552,0.42336,36.966,0.42336,423.524,0,1.02816,0,0,4.32191,3.29375,1.028160,1,0,147.892,0,0,0,147.892,0
72.29,2.53104,0,0,5.90631,0.307347,3.06792,3.6288,61.308,0.66528,0,0,1.75854,0.204085,0.889178,0.66528,12.849,1,0.449873,3.06792,0,109.018,3.96491,107.671,0.84672,12.849,0.84672,3695.15,0,36.966,0.522973,2.58641,2.27086,8.39566,1.22336,11.5066,0.42336,36.966,0.42336,423.524,0,1.02816,0,0,3.61457,2.58641,1.028160,1,0,120.067,0,0,0,120.067,0
72.29,2.53126,0,0,5.39976,0.24892,2.61958,3.6288,61.308,0.66528,0,0,1.54066,0.242439,0.63294,0.66528,12.849,1,0.449911,2.61958,0,113.416,4.72069,110.865,0.84672,12.849,0.84672,3695.15,0,36.966,0.523121,1.99052,2.27102,7.48941,1.36277,9.86506,0.42336,36.966,0.42336,423.524,0,1.02816,0,0,3.01868,1.99052,1.028160,1,0,121.363,0,0,0,121.363,0
72.29,2.53147,0,0,4.53661,0.24892,1.75622,3.6288,61.308,0.66528,0,0,1.49354,0.242439,0.585818,0.66528,12.849,1,0.44995,1.75622,0,74.5943,4.72069,71.1799,0.84672,12.849,0.84672,3695.15,0,36.966,0.523268,1.78557,2.27119,6.78361,1.36277,8.95432,0.42336,36.966,0.42336,423.524,0,1.02816,0,0,2.81373,1.78557,1.028160,1,0,80.72,0,0,0,80.72,0
72.29,2.49325,0,0,4.05766,0.191714,1.3727,3.6288,61.308,0.66528,0,0,1.25479,0.232884,0.356624,0.66528,12.849,1,0.443157,1.3727,0,77.2494,4.92849,73.2504,0.84672,12.849,0.84672,3695.15,0,36.966,0.494667,1.80081,2.27135,7.16792,1.25917,9.48623,0.42336,36.966,0.42336,423.524,0,1.02816,0,0,2.82897,1.80081,1.028160,1,0,83.0933,0,0,0,83.0933,0
72.29,2.49346,0,0,4.55521,0.191714,1.87003,3.6288,61.308,0.66528,0,0,1.25331,0.232884,0.355146,0.66528,12.849,1,0.443194,1.87003,0,75.4816,4.92849,71.98,0.84672,12.849,0.84672,3695.15,0,36.966,0.494812,1.52113,2.24081,8.21163,1.25917,10.2196,0.42336,36.966,0.42336,423.524,0,1.02816,0,0,2.54929,1.52113,1.028160,1,0,82.5547,0,0,0,82.5547,0
72.29,2.49368,0,0,3.63688,0.191714,0.951488,3.6288,61.308,0.66528,0,0,1.00856,0.232884,0.110392,0.66528,12.849,1,0.443232,0.951488,0,74.7135,4.92849,70.2933,0.84672,12.849,0.84672,3695.15,0,36.966,0.494957,1.15046,2.24097,6.09447,1.25917,7.73178,0.42336,36.966,0.42336,423.524,0,1.02816,0,0,2.17862,1.15046,1.028160,1,0,78.1355,0,0,0,78.1355,0
72.29,2.49389,0,0,3.86903,0.191714,1.18342,3.6288,61.308,0.66528,0,0,1.2209,0.232884,0.322737,0.66528,12.849,1,0.44327,1.18342,0,77.328,4.92849,73.1397,0.84672,12.849,0.84672,3695.15,0,36.966,0.495102,2.4203,2.24113,6.50381,1.25917,9.41096,0.42336,36.966,0.42336,423.524,0,1.02816,0,0,3.44846,2.4203,1.028160,1,0,82.8734,0,0,0,82.8734,0
72.29,2.62459,0,0,3.43189,0.143239,0.664062,3.6288,61.308,0.66528,0,0,1.04147,0.236843,0.139352,0.66528,12.849,1,0.466502,0.664062,0,65.1024,4.84782,60.4521,0.84672,12.849,0.84672,3695.15,0,36.966,0.59723,1.65421,2.24129,5.85627,1.20243,7.95212,0.42336,36.966,0.42336,423.524,0,1.02816,0,0,2.68237,1.65421,1.028160,1,0,68.5436,0,0,0,68.5436,0
72.29,2.62481,0,0,3.24255,0.126863,0.490871,3.6288,61.308,0.66528,0,0,1.00963,0.233671,0.110676,0.66528,12.849,1,0.466541,0.490871,0,58.8974,4.6829,54.2388,0.84672,12.849,0.84672,3695.15,0,36.966,0.597383,1.22881,2.34904,5.68976,1.1155,7.55473,0.42336,36.966,0.42336,423.524,0,1.02816,0,0,2.25697,1.22881,1.028160,1,0,61.9042,0,0,0,61.9042,0
72.2731,2.62504,0,0,3.09791,0.126863,0.36288,3.6288,61.308,0.66528,0,0,1.01358,0.233671,0.114633,0.66528,12.849,1,0.46658,0.36288,0,56.2761,4.6829,51.4895,0.84672,12.849,0.84672,3695.15,0,36.966,0.597537,1.42959,2.34921,5.41872,1.1155,7.48449,0.42336,36.966,0.42336,423.524,0,1.02816,0,0,2.45775,1.42959,1.028160,1,0,59.0887,0,0,0,59.0887,0
71.9894,2.62517,0,0,2.8656,0.161263,0.36288,3.6288,61.308,0.66528,0,0,0.956336,0.224453,0.0666023,0.66528,12.849,1,0.466712,0.36288,0,52.3581,4.09059,48.1637,0.84672,12.849,0.84672,3695.15,0,36.966,0.59769,1.34432,2.34938,4.92846,1.13835,6.88613,0.42336,36.966,0.42336,423.524,0,1.02816,0,0,2.37248,1.34432,1.028160,1,0,55.1164,0,0,0,55.1164,0
71.5329,2.62383,0,0,2.62119,0.0909662,0.36288,3.6288,61.2474,0.66528,0,0,0.855875,0.251177,0,0.66528,12.849,1,0.468313,0.36288,0,45.2502,4.41655,40.7282,0.84672,12.849,0.84672,3695.15,0,36.966,0.597843,0.984079,2.34954,4.47136,1.15834,6.0488,0.42336,36.966,0.42336,423.524,0,1.02816,0,0,2.01224,0.984079,1.028160,1,0,46.777,0,0,0,46.777,0
70.7227,2.59574,0,0,2.25811,0.109692,0.36288,3.6288,60.6067,0.943626,0,0,0.548153,0.245253,0,0.66528,12.849,1,0.466256,0.36288,0,33.7273,4.67051,28.9534,0.84672,12.849,0.84672,3695.15,0,36.966,0.654069,0.30119,2.34971,3.1489,1.0417,4.10403,0.42336,36.966,0.42336,423.524,0,0.749814,0,0,1.051,0.30119,1.028160,1,0,33.0574,0,0,0,33.0574,0
69.7858,2.59144,0,0,2.1028,0.08538,0.36288,3.6288,59.8987,0.962176,0,0,0.537182,0.282949,0,0.66528,12.849,1,0.470816,0.36288,0,32.0344,5.21343,26.713,0.84672,12.849,0.84672,3695.15,0,36.966,0.654226,0.261274,2.3875,3.01686,1.22545,3.78596,0.42336,36.966,0.42336,423.524,0,0.731264,0,0,0.992537,0.261274,1.028160,1,0,30.499,0,0,0,30.499,0
68.6137,2.58632,0,0,1.85307,0.0759862,0.36288,3.6288,59.1531,0.964336,0,0,0.507773,0.289116,0,0.66528,12.849,1,0.476194,0.36288,0,29.4165,5.8374,23.4658,0.84672,12.849,0.84672,3695.15,0,36.966,0.654384,0.261274,2.38767,3.02053,1.44984,3.56525,0.42336,36.966,0.42336,423.524,0,0.729104,0,0,0.990377,0.261274,1.028160,1,0,27.0311,0,0,0,27.0311,0
67.4196,2.57969,0,0,1.82383,0.0753974,0.36288,3.6288,58.4395,0.926735,0,0,0.499542,0.286419,0,0.66528,12.849,1,0.483087,0.36288,0,27.4661,5.9052,21.4407,0.84672,12.849,0.84672,3695.15,0,36.966,0.654541,0.261274,2.38784,3.03502,1.47499,3.55461,0.42336,36.966,0.42336,423.524,0,0.766705,0,0,1.02798,0.261274,1.028160,1,0,24.9953,0,0,0,24.9953,0
65.964,2.63869,0,0,1.61647,0.0704694,0.36288,3.6288,57.4538,1.11733,0,0,0.43574,0.304023,0,0.66528,12.849,1,0.502888,0.36288,0,24.8836,5.8791,18.8645,0.84672,12.849,0.84672,3695.15,0,36.966,0.706771,0.261274,2.38801,2.56964,1.4616,3.05056,0.42336,36.966,0.42336,423.524,0,0.574024,0,0,0.835298,0.261274,1.028160,1,0,21.9151,0,0,0,21.9151,0
64.437,2.62962,0,0,1.53442,0.0689651,0.36288,3.6288,56.4379,1.09364,0,0,0.382912,0.305226,0,0.66528,12.849,1,0.512219,0.36288,0,24.2393,5.87475,18.2152,0.84672,12.849,0.84672,3695.15,0,36.966,0.704849,0.261274,2.44152,2.6379,1.45936,3.17648,0.42336,36.966,0.42336,423.524,0,0.599797,0,0,0.861071,0.261274,1.028160,1,0,21.3917,0,0,0,21.3917,0
62.8221,2.61972,0,0,1.43586,0.0681258,0.36288,3.6288,55.4004,1.08867,0,0,0.354439,0.303217,0,0.66528,12.849,1,0.522383,0.36288,0,21.8821,5.87475,15.8478,0.84672,12.849,0.84672,3695.15,0,36.966,0.713065,0.227405,2.4417,2.35429,1.45936,2.85096,0.42336,36.966,0.42336,423.524,0,0.596713,0,0,0.824118,0.227405,1.028160,1,0,18.6988,0,0,0,18.6988,0
61.1014,2.60879,0,0,1.3182,0.0672381,0.36288,3.6288,54.3285,1.12135,0,0,0.350545,0.301165,0,0.66528,12.849,1,0.533576,0.36288,0,20.0028,5.87475,13.9574,0.84672,12.849,0.84672,3695.15,0,36.966,0.748223,0.227405,2.44187,2.30258,1.45936,2.76427,0.42336,36.966,0.42336,423.524,0,0.529036,0,0,0.756441,0.227405,1.028160,1,0,16.7216,0,0,0,16.7216,0
59.4115,2.7867,0,0,1.51904,0.0593581,0.36288,3.6288,53.3404,1.06859,0,0,0.378146,0.297602,0,0.66528,12.849,1,0.586015,0.36288,0,20.6091,5.92521,14.4607,0.84672,12.849,0.84672,3695.15,0,36.966,0.885822,0.227405,2.44205,3.3499,1.48467,3.64886,0.42336,36.966,0.42336,423.524,0,0.62485,0,0,0.852255,0.227405,1.028160,1,0,18.1096,0,0,0,18.1096,0
57.6679,2.77323,0,0,1.44729,0.0547537,0.36288,3.6288,52.1043,1.24689,0,0,0.314016,0.303279,0,0.66528,12.849,1,0.599769,0.36288,0,21.002,5.91465,14.8505,0.84672,12.849,0.84672,3695.15,0,36.966,0.885997,0.227405,2.62478,2.52798,1.49281,3.00136,0.42336,36.966,0.42336,423.524,0,0.446551,0,0,0.673955,0.227405,1.028160,1,0,17.8518,0,0,0,17.8518,0
55.7627,2.75863,0,0,1.27008,0.0538356,0.36288,3.6288,50.855,1.25192,0,0,0.302946,0.300288,0,0.66528,12.849,1,0.614651,0.36288,0,26.6974,5.91465,20.531,0.84672,12.849,0.84672,3695.15,0,36.966,0.888191,0.204422,2.62497,2.42756,1.49281,2.87596,0.42336,36.966,0.42336,423.524,0,0.4395,0,0,0.643923,0.204422,1.028160,1,0,23.407,0,0,0,23.407,0
53.9023,2.74179,0,0,1.29714,0.0528323,0.36288,3.6288,49.6878,1.21744,0,0,0.347503,0.297265,0,0.66528,12.849,1,0.631772,0.36288,0,23.1267,5.91465,16.9431,0.84672,12.849,0.84672,3695.15,0,36.966,0.886347,0.204422,2.62516,2.52096,1.49281,2.97139,0.42336,36.966,0.42336,423.524,0,0.476004,0,0,0.680427,0.204422,1.028160,1,0,19.9145,0,0,0,19.9145,0
52.191,2.72441,0,0,1.42028,0.0442744,0.36288,3.6288,48.6992,1.03976,0,0,0.347424,0.296263,0,0.66528,12.849,1,0.649434,0.36288,0,24.2654,5.90739,18.0714,0.84672,12.849,0.84672,3695.15,0,36.966,0.886523,0.204422,2.62535,3.11019,1.48747,3.56597,0.42336,36.966,0.42336,423.524,0,0.653676,0,0,0.858099,0.204422,1.028160,1,0,21.6374,0,0,0,21.6374,0
51.0072,2.61754,0,0,1.81083,0.0142593,0.36288,3.6288,47.6615,1.0644,0,0,0.319537,0.292827,0,0.66528,12.849,1,0.644416,0.36288,0,24.7368,5.5458,18.9095,0.84672,12.849,0.84672,3695.15,0,36.966,0.80795,0.204422,2.62554,2.34066,1.37447,2.9882,0.42336,36.966,0.42336,423.524,0,0.598199,0,0,0.802621,0.204422,1.028160,1,0,21.8977,0,0,0,21.8977,0
49.717,2.60581,0,0,1.79174,0.113215,0.36288,3.6288,46.854,0.971205,0,0,0.386128,0.222434,0,0.66528,12.849,1,0.656419,0.36288,0,22.6473,3.68644,18.6674,0.84672,12.849,0.84672,3695.15,0,36.966,0.777273,0.216518,2.52003,2.67062,0.916558,3.71334,0.42336,36.966,0.42336,423.524,0,0.722235,0,0,0.938753,0.216518,1.028160,1,0,22.3807,0,0,0,22.3807,0
48.5806,2.59249,0,0,1.94079,0.121766,0.36288,3.6288,46.1583,0.93204,0,0,0.460871,0.224555,0,0.66528,12.849,1,0.670011,0.36288,0,24.8506,3.75155,20.792,0.84672,12.849,0.84672,3695.15,0,36.966,0.77744,0.216518,2.52021,3.0612,0.953836,4.06665,0.42336,36.966,0.42336,423.524,0,0.7614,0,0,0.977918,0.216518,1.028160,1,0,24.8586,0,0,0,24.8586,0
47.4929,2.58031,0,0,1.97571,0.120287,0.36288,3.6288,45.5408,0.865564,0,0,0.47121,0.223138,0,0.66528,12.849,1,0.682463,0.36288,0,35.3302,3.75155,31.259,0.84672,12.849,0.84672,3695.15,0,36.966,0.777607,0.216518,2.52039,3.29726,0.953836,4.30273,0.42336,36.966,0.42336,423.524,0,0.827876,0,0,1.04439,0.216518,1.028160,1,0,35.5618,0,0,0,35.5618,0
46.8611,2.49574,0,0,2.37442,0.147587,0.36288,3.6288,45.034,0.821203,0,0,0.507237,0.192841,0,0.66528,12.849,1,0.675211,0.36288,0,42.8629,3.90245,38.6481,0.84672,12.849,0.84672,3695.15,0,36.966,0.677987,0.216518,2.52058,3.3601,0.949372,4.46983,0.42336,36.966,0.42336,423.524,0,0.872237,0,0,1.08876,0.216518,1.028160,1,0,43.1179,0,0,0,43.1179,0
47.9808,2.4888,0,0,4.12939,0.157972,0.36288,3.6288,45.0785,0.66528,0,0,0.890181,0.180377,0,0.66528,12.849,1,0.682413,0.36288,0,49.2437,3.9628,44.9613,0.84672,12.849,0.84672,3695.15,0,36.966,0.678146,0.495245,2.4264,5.67505,0.947587,6.97096,0.42336,36.966,0.42336,423.524,0,1.02816,0,0,1.5234,0.495245,1.028160,1,0,51.9323,0,0,0,51.9323,0
48.3113,2.50157,0,0,3.35483,0.159927,0.36288,3.6288,45.32,0.66528,0,0,1.08726,0.180452,0,0.66528,12.849,1,0.669908,0.36288,0,44.5304,3.9628,40.2606,0.84672,12.849,0.84672,3695.15,0,36.966,0.678305,1.39097,2.42657,5.15817,0.947587,7.34983,0.42336,36.966,0.42336,423.524,0,1.02816,0,0,2.41913,1.39097,1.028160,1,0,47.6104,0,0,0,47.6104,0
48.3001,2.5054,0,0,3.04334,0.186257,0.36288,3.6288,45.2705,0.66528,0,0,0.805748,0.190041,0,0.66528,12.849,1,0.666345,0.36288,0,43.6797,4.13677,39.2395,0.84672,12.849,0.84672,3695.15,0,36.966,0.678464,0.603694,2.42675,6.07842,0.988202,7.4422,0.42336,36.966,0.42336,423.524,0,1.02816,0,0,1.63185,0.603694,1.028160,1,0,46.6816,0,0,0,46.6816,0
51.5311,2.29881,0,0,6.11859,0.225867,0.36288,3.6288,45.3254,0.625365,0,0,0.878741,0.198448,0,0.66528,12.849,1,0.61154,0.36288,0,112.369,4.25839,107.862,0.84672,12.849,0.84672,3695.15,0,36.966,0.510648,1.03026,2.42692,8.21093,1.08266,10.0748,0.42336,36.966,0.42336,423.524,0,1.02816,0,0,2.05842,1.03026,1.028160,1,0,117.937,0,0,0,117.937,0
53.5098,2.3297,0,0,4.91232,0.241066,0.36288,3.6288,45.1648,0.625785,0,0,0.6588,0.193558,0,0.66528,12.849,1,0.580899,0.36288,0,86.6419,4.11128,82.3126,0.84672,12.849,0.84672,3695.15,0,36.966,0.510371,0.811987,2.21744,7.56008,1.13639,8.94274,0.42336,36.966,0.42336,423.524,0,1.02816,0,0,1.84015,0.811987,1.028160,1,0,91.2554,0,0,0,91.2554,0
57.4546,2.34722,0,0,6.90098,0.24603,0.36288,3.6288,44.9692,0.624866,0,0,0.622519,0.193268,0,0.66528,12.849,1,0.563625,0.36288,0,79.9952,4.11128,75.6832,0.84672,12.849,0.84672,3695.15,0,36.966,0.511433,0.688176,2.2176,7.87764,1.13639,9.13559,0.42336,36.966,0.42336,423.524,0,1.02816,0,0,1.71634,0.688176,1.028160,1,0,84.8187,0,0,0,84.8187,0
62.7815,2.37905,0,0,8.31747,0.248681,0.36288,3.6288,45.546,0.623724,0,0,1.38789,0.187431,0,0.66528,12.849,1,0.532045,0.36288,0,153.549,3.8969,149.483,0.84672,12.849,0.84672,3695.15,0,36.966,0.512719,1.6261,2.21775,12.2059,1.10961,14.4274,0.42336,36.966,0.42336,423.524,0,1.02816,0,0,2.65426,1.6261,1.028160,1,0,163.911,0,0,0,163.911,0
67.1248,2.41673,0,0,7.36487,0.241911,0.36288,3.6288,46.1845,0.627387,0,0,1.44059,0.174659,0,0.66528,12.849,1,0.494613,0.36288,0,90.0262,3.36094,86.5335,0.84672,12.849,0.84672,3695.15,0,36.966,0.509199,1.62442,2.21791,10.6,1.04266,12.8905,0.42336,36.966,0.42336,423.524,0,1.02816,0,0,2.65258,1.62442,1.028160,1,0,99.424,0,0,0,99.424,0
67.7484,2.5283,0,0,3.77875,0.26397,0.36288,3.6288,46.3217,0.664822,0,0,1.01581,0.21384,0,0.66528,12.849,1,0.483966,0.36288,0,67.3903,4.22142,63.0478,0.84672,12.849,0.84672,3695.15,0,36.966,0.532122,1.49563,2.21807,7.23588,1.1068,9.31065,0.42336,36.966,0.42336,423.524,0,1.02816,0,0,2.52379,1.49563,1.028160,1,0,72.3584,0,0,0,72.3584,0
69.1507,2.53224,0,0,4.56266,0.26527,0.36288,3.6288,46.3836,0.66528,0,0,0.941337,0.214112,0,0.66528,12.849,1,0.480258,0.36288,0,93.6737,4.22142,89.3349,0.84672,12.849,0.84672,3695.15,0,36.966,0.531797,1.30422,2.28361,7.17647,1.1068,9.1257,0.42336,36.966,0.42336,423.524,0,1.02816,0,0,2.33238,1.30422,1.028160,1,0,98.4606,0,0,0,98.4606,0
68.8362,2.54064,0,0,2.86063,0.271551,0.36288,3.6288,46.2283,0.66528,0,0,0.714139,0.204185,0,0.66528,12.849,1,0.472081,0.36288,0,52.8962,4.08777,48.6993,0.84672,12.849,0.84672,3695.15,0,36.966,0.531931,0.668295,2.28376,5.77176,1.05523,7.13665,0.42336,36.966,0.42336,423.524,0,1.02816,0,0,1.69646,0.668295,1.028160,1,0,55.8359,0,0,0,55.8359,0
68.6185,2.53902,0,0,2.96343,0.279261,0.36288,3.6288,45.8856,0.780484,0,0,0.616604,0.178807,0,0.66528,12.849,1,0.473934,0.36288,0,48.6238,3.75364,44.7591,0.84672,12.849,0.84672,3695.15,0,36.966,0.624107,0.503194,2.28391,7.00191,0.926312,8.23859,0.42336,36.966,0.42336,423.524,0,0.820912,0,0,1.32411,0.503194,1.028160,1,0,52.9977,0,0,0,52.9977,0
66.8163,2.81033,0,0,1.6811,0.310082,0.36288,3.6288,45.5705,0.929046,0,0,0.795973,0.182021,0,0.66528,12.849,1,0.526242,0.36288,0,39.1168,3.8923,35.0612,0.84672,12.849,0.84672,3695.15,0,36.966,0.758329,0.503194,2.28405,5.66798,0.968993,6.7279,0.42336,36.966,0.42336,423.524,0,0.764394,0,0,1.26759,0.503194,1.028160,1,0,41.7891,0,0,0,41.7891,0
67.2065,2.79864,0,0,3.88057,0.328862,0.36288,3.6288,45.6486,0.66528,0,0,0.927685,0.184316,0,0.66528,12.849,1,0.538188,0.36288,0,72.5322,3.9963,68.3606,0.84672,12.849,0.84672,3695.15,0,36.966,0.758477,0.607064,2.51951,8.04272,1.001,9.40981,0.42336,36.966,0.42336,423.524,0,1.02816,0,0,1.63522,0.607064,1.028160,1,0,77.7704,0,0,0,77.7704,0
65.6714,2.80147,0,0,1.9591,0.329878,0.36288,3.6288,44.9149,1.07877,0,0,0.529528,0.18445,0,0.66528,12.849,1,0.535605,0.36288,0,44.3181,3.9963,40.1491,0.84672,12.849,0.84672,3695.15,0,36.966,0.873583,0.503194,2.51967,4.8208,1.001,5.96908,0.42336,36.966,0.42336,423.524,0,0.499712,0,0,1.00291,0.503194,1.028160,1,0,46.1182,0,0,0,46.1182,0
63.8962,2.79121,0,0,1.6704,0.291521,0.36288,3.6288,43.9289,1.23087,0,0,0.438991,0.194116,0,0.66528,12.849,1,0.546118,0.36288,0,32.5017,3.92133,28.3971,0.84672,12.849,0.84672,3695.15,0,36.966,1.01304,0.608429,2.51983,4.58987,0.950793,5.7543,0.42336,36.966,0.42336,423.524,0,0.208302,0,0,0.816731,0.608429,1.028160,1,0,34.1514,0,0,0,34.1514,0
64.1991,2.39465,0,0,3.33799,0.27751,0.36288,3.6288,44.2789,0.608553,0,0,1.1695,0.210924,0,0.66528,12.849,1,0.481544,0.36288,0,74.3278,4.33825,69.8709,0.84672,12.849,0.84672,3695.15,0,36.966,0.512095,0.84551,2.52,8.35445,1.09656,10.1113,0.42336,36.966,0.42336,423.524,0,1.02816,0,0,1.87367,0.84551,1.028160,1,0,79.9822,0,0,0,79.9822,0
65.2285,2.39672,0,0,4.0635,0.274565,0.36288,3.6288,45.1271,0.610829,0,0,1.63506,0.176059,0,0.66528,12.849,1,0.479687,0.36288,0,90.0737,4.19947,85.7574,0.84672,12.849,0.84672,3695.15,0,36.966,0.509947,1.57233,2.19917,9.94326,0.989782,12.215,0.42336,36.966,0.42336,423.524,0,1.02816,0,0,2.60049,1.57233,1.028160,1,0,97.9725,0,0,0,97.9725,0
65.8982,2.40323,0,0,3.7127,0.27685,0.36288,3.6288,45.6829,0.616168,0,0,1.34943,0.177465,0,0.66528,12.849,1,0.4734,0.36288,0,81.6731,4.19947,77.3631,0.84672,12.849,0.84672,3695.15,0,36.966,0.504736,1.00278,2.19931,8.45821,0.989782,10.1658,0.42336,36.966,0.42336,423.524,0,1.02816,0,0,2.03094,1.00278,1.028160,1,0,87.5289,0,0,0,87.5289,0
66.8722,2.40744,0,0,4.02269,0.278336,0.36288,3.6288,46.2508,0.619633,0,0,1.36597,0.178387,0,0.66528,12.849,1,0.469409,0.36288,0,89.2002,4.19947,84.8942,0.84672,12.849,0.84672,3695.15,0,36.966,0.501399,0.947169,2.19945,8.45225,0.989782,10.1077,0.42336,36.966,0.42336,423.524,0,1.02816,0,0,1.97533,0.947169,1.028160,1,0,95.0019,0,0,0,95.0019,0
67.4368,2.41336,0,0,3.63519,0.294336,0.36288,3.6288,46.8046,0.623126,0,0,1.36721,0.190288,0,0.66528,12.849,1,0.46371,0.36288,0,77.703,3.88286,73.7193,0.84672,12.849,0.84672,3695.15,0,36.966,0.498034,0.787329,2.19959,7.24559,1.0034,8.73107,0.42336,36.966,0.42336,423.524,0,1.02816,0,0,1.81549,0.787329,1.028160,1,0,82.4504,0,0,0,82.4504,0
67.7234,2.51439,0,0,3.47833,0.314489,0.36288,3.6288,47.5855,0.66528,0,0,1.6229,0.176788,0,0.66528,12.849,1,0.479077,0.36288,0,65.9424,4.57328,61.2529,0.84672,12.849,0.84672,3695.15,0,36.966,0.530294,0.819884,2.19973,6.63955,1.08936,8.03951,0.42336,36.966,0.42336,423.524,0,1.02816,0,0,1.84804,0.819884,1.028160,1,0,69.2924,0,0,0,69.2924,0
67.2971,2.51629,0,0,2.76807,0.315199,0.36288,3.6288,48.0146,0.708366,0,0,1.31542,0.17795,0,0.66528,12.849,1,0.47741,0.36288,0,47.6876,4.57328,42.9998,0.84672,12.849,0.84672,3695.15,0,36.966,0.550283,0.558835,2.27903,6.26556,1.08936,7.46378,0.42336,36.966,0.42336,423.524,0,0.965218,0,0,1.52405,0.558835,1.028160,1,0,50.4636,0,0,0,50.4636,0
66.8467,2.51394,0,0,2.68764,0.261242,0.36288,3.6288,48.3802,0.74174,0,0,1.27052,0.16316,0,0.66528,12.849,1,0.479986,0.36288,0,55.1598,3.66997,51.3728,0.84672,12.849,0.84672,3695.15,0,36.966,0.571059,0.528595,2.27918,6.00745,0.985415,7.25875,0.42336,36.966,0.42336,423.524,0,0.9112,0,0,1.4398,0.528595,1.028160,1,0,58.6315,0,0,0,58.6315,0
66.2552,2.51142,0,0,2.52202,0.239229,0.36288,3.6288,48.596,0.785046,0,0,1.15835,0.157467,0,0.66528,12.849,1,0.482735,0.36288,0,48.4243,3.30865,44.9958,0.84672,12.849,0.84672,3695.15,0,36.966,0.599832,0.528595,2.27932,5.76565,0.943837,7.0299,0.42336,36.966,0.42336,423.524,0,0.839255,0,0,1.36785,0.528595,1.028160,1,0,52.0257,0,0,0,52.0257,0
64.9046,2.46994,0,0,1.75001,0.267727,0.36288,3.6288,48.1918,1.03166,0,0,0.797628,0.170145,0,0.66528,12.849,1,0.479001,0.36288,0,34.0057,3.98807,29.9016,0.84672,12.849,0.84672,3695.15,0,36.966,0.784762,0.528595,2.27947,3.50883,1.13727,4.39486,0.42336,36.966,0.42336,423.524,0,0.378985,0,0,0.90758,0.528595,1.028160,1,0,34.2964,0,0,0,34.2964,0
63.4192,2.46181,0,0,1.54274,0.203447,0.36288,3.6288,47.5424,1.08862,0,0,0.640544,0.20139,0,0.66528,12.849,1,0.487359,0.36288,0,29.775,4.3896,25.2609,0.84672,12.849,0.84672,3695.15,0,36.966,0.835039,0.528595,2.2488,3.03278,1.18673,3.78841,0.42336,36.966,0.42336,423.524,0,0.271875,0,0,0.80047,0.528595,1.028160,1,0,29.0493,0,0,0,29.0493,0
61.9271,2.45251,0,0,1.4981,0.174819,0.36288,3.6288,46.9729,1.04982,0,0,0.692524,0.212141,0,0.66528,12.849,1,0.496888,0.36288,0,28.7181,4.50492,24.0791,0.84672,12.849,0.84672,3695.15,0,36.966,0.816279,0.528595,2.24895,3.35627,1.19361,4.12392,0.42336,36.966,0.42336,423.524,0,0.329564,0,0,0.858159,0.528595,1.028160,1,0,28.2031,0,0,0,28.2031,0
60.342,2.44278,0,0,1.39323,0.172697,0.36288,3.6288,46.3833,1.01929,0,0,0.640801,0.21113,0,0.66528,12.849,1,0.506842,0.36288,0,26.2687,4.50492,21.6198,0.84672,12.849,0.84672,3695.15,0,36.966,0.802145,0.402797,2.24909,3.09899,1.19361,3.75512,0.42336,36.966,0.42336,423.524,0,0.374363,0,0,0.777159,0.402797,1.028160,1,0,25.3749,0,0,0,25.3749,0
58.6306,2.55918,0,0,1.3777,0.167035,0.36288,3.6288,45.7762,1.06566,0,0,0.66306,0.204535,0,0.66528,12.849,1,0.544943,0.36288,0,27.641,4.44363,23.0153,0.84672,12.849,0.84672,3695.15,0,36.966,0.8493,0.402797,2.24923,2.90289,1.15264,3.55299,0.42336,36.966,0.42336,423.524,0,0.38334,0,0,0.786136,0.402797,1.028160,1,0,26.5683,0,0,0,26.5683,0
56.8114,2.54633,0,0,1.24991,0.159847,0.36288,3.6288,45.0807,1.05851,0,0,0.55913,0.196109,0,0.66528,12.849,1,0.558032,0.36288,0,25.8759,4.36191,21.3189,0.84672,12.849,0.84672,3695.15,0,36.966,0.854783,0.402797,2.35738,2.61807,1.098,3.42546,0.42336,36.966,0.42336,423.524,0,0.385154,0,0,0.787951,0.402797,1.028160,1,0,24.7443,0,0,0,24.7443,0
54.8679,2.53195,0,0,1.0957,0.144378,0.36288,3.6288,44.3177,1.08063,0,0,0.520881,0.203203,0,0.66528,12.849,1,0.572648,0.36288,0,23.1185,4.46901,18.4397,0.84672,12.849,0.84672,3695.15,0,36.966,0.886109,0.402797,2.35753,2.54009,1.12536,3.28895,0.42336,36.966,0.42336,423.524,0,0.331845,0,0,0.734642,0.402797,1.028160,1,0,21.7286,0,0,0,21.7286,0
52.9154,2.5157,0,0,1.03664,0.110589,0.36288,3.6288,43.5597,1.03632,0,0,0.500801,0.222505,0,0.66528,12.849,1,0.589128,0.36288,0,21.1334,4.73676,16.1704,0.84672,12.849,0.84672,3695.15,0,36.966,0.864407,0.30119,2.35768,2.44362,1.19378,3.04431,0.42336,36.966,0.42336,423.524,0,0.397993,0,0,0.699183,0.30119,1.028160,1,0,19.2147,0,0,0,19.2147,0
50.9825,2.4984,0,0,1.03322,0.104889,0.36288,3.6288,42.7917,1.0231,0,0,0.481055,0.22598,0,0.66528,12.849,1,0.606665,0.36288,0,21.5328,4.86749,16.4215,0.84672,12.849,0.84672,3695.15,0,36.966,0.868228,0.30119,2.35783,2.61913,1.21532,3.19461,0.42336,36.966,0.42336,423.524,0,0.407532,0,0,0.708722,0.30119,1.028160,1,0,19.6161,0,0,0,19.6161,0
49.3376,2.45584,0,0,1.25589,0.0820607,0.36288,3.6288,42.1309,0.899318,0,0,0.493053,0.254487,0,0.66528,12.849,1,0.61894,0.36288,0,22.8017,5.65183,16.8938,0.84672,12.849,0.84672,3695.15,0,36.966,0.776884,0.30119,2.35799,2.69043,1.3446,3.22812,0.42336,36.966,0.42336,423.524,0,0.679078,0,0,0.980268,0.30119,1.028160,1,0,20.1219,0,0,0,20.1219,0
47.6026,2.43965,0,0,1.14819,0.0806467,0.36288,3.6288,41.4339,0.91764,0,0,0.473476,0.252881,0,0.66528,12.849,1,0.63536,0.36288,0,20.6392,5.65183,14.7149,0.84672,12.849,0.84672,3695.15,0,36.966,0.805144,0.30119,2.3959,2.67852,1.3446,3.22587,0.42336,36.966,0.42336,423.524,0,0.632638,0,0,0.933828,0.30119,1.028160,1,0,17.9408,0,0,0,17.9408,0
45.8502,2.4216,0,0,1.11122,0.0791419,0.36288,3.6288,40.6769,0.95057,0,0,0.44473,0.251186,0,0.66528,12.849,1,0.653645,0.36288,0,18.7764,5.65183,12.8338,0.84672,12.849,0.84672,3695.15,0,36.966,0.848068,0.261274,2.39606,2.60302,1.3446,3.06768,0.42336,36.966,0.42336,423.524,0,0.556926,0,0,0.818199,0.261274,1.028160,1,0,15.9014,0,0,0,15.9014,0
44.0812,2.40227,0,0,1.0657,0.0694865,0.36288,3.6288,39.8845,0.958427,0,0,0.422936,0.256888,0,0.66528,12.849,1,0.67321,0.36288,0,17.0132,5.72776,10.9751,0.84672,12.849,0.84672,3695.15,0,36.966,0.870991,0.261274,2.39621,2.56612,1.38958,2.96304,0.42336,36.966,0.42336,423.524,0,0.526288,0,0,0.787562,0.261274,1.028160,1,0,13.9381,0,0,0,13.9381,0
42.1936,2.44258,0,0,0.971594,0.0537453,0.36288,3.6288,39.0523,0.969329,0,0,0.407345,0.27018,0,0.66528,12.849,1,0.711974,0.36288,0,15.9999,5.70339,9.94741,0.84672,12.849,0.84672,3695.15,0,36.966,0.898399,0.261274,2.39636,2.46346,1.45523,2.76747,0.42336,36.966,0.42336,423.524,0,0.538298,0,0,0.799572,0.261274,1.028160,1,0,12.7149,0,0,0,12.7149,0
40.2221,2.41835,0,0,0.86451,0.0547684,0.36288,3.6288,38.1999,0.96272,0,0,0.376952,0.266693,0,0.66528,12.849,1,0.736447,0.36288,0,15.2491,5.61771,9.25781,0.84672,12.849,0.84672,3695.15,0,36.966,0.911288,0.261274,2.45006,2.48771,1.43651,2.85124,0.42336,36.966,0.42336,423.524,0,0.532164,0,0,0.793437,0.261274,1.028160,1,0,12.109,0,0,0,12.109,0
38.1973,2.39117,0,0,0.782767,0.0535105,0.36288,3.6288,37.3019,0.993567,0,0,0.360158,0.264537,0,0.66528,12.849,1,0.763862,0.36288,0,14.3618,5.61771,8.34315,0.84672,12.849,0.84672,3695.15,0,36.966,0.961474,0.261274,2.45022,2.31303,1.43651,2.62653,0.42336,36.966,0.42336,423.524,0,0.451276,0,0,0.712549,0.261274,1.028160,1,0,10.9697,0,0,0,10.9697,0
36.1163,2.36105,0,0,0.684566,0.0417195,0.36288,3.6288,36.4202,0.970719,0,0,0.357604,0.268651,0,0.66528,12.849,1,0.794221,0.36288,0,13.6756,5.84204,7.40219,0.84672,12.849,0.84672,3695.15,0,36.966,0.961977,0.227405,2.45037,2.33778,1.48133,2.57224,0.42336,36.966,0.42336,423.524,0,0.473766,0,0,0.701171,0.227405,1.028160,1,0,9.97443,0,0,0,9.97443,0
33.7705,2.49781,0,0,0.556005,0.0410318,0.36288,3.6288,35.4557,1.05298,0,0,0.338526,0.250039,0,0.66528,12.849,1,0.88864,0.36288,0,11.9966,5.649,5.82179,0.84672,12.849,0.84672,3695.15,0,36.966,1.06876,0.227405,2.45053,2.30107,1.37298,2.53726,0.42336,36.966,0.42336,423.524,0,0.466033,0,0,0.693438,0.227405,1.028160,1,0,8.35905,0,0,0,8.35905,0
31.4263,2.45328,0,0,0.497687,0.0257741,0.36288,3.6288,34.4775,1.04573,0,0,0.300474,0.232884,0,0.66528,12.849,1,0.933424,0.36288,0,10.1016,5.42115,4.10994,0.84672,12.849,0.84672,3695.15,0,36.966,1.09027,0.227405,2.63393,2.52508,1.47268,2.82347,0.42336,36.966,0.42336,423.524,0,0.451932,0,0,0.679337,0.227405,1.028160,1,0,6.93341,0,0,0,6.93341,0
29.3574,2.40404,0,0,0.723067,0.0250301,0.36288,3.6288,33.6195,0.972606,0,0,0.345255,0.230647,0,0.66528,12.849,1,0.98292,0.36288,0,11.505,5.42115,5.46383,0.84672,12.849,0.84672,3695.15,0,36.966,1.04281,0.227405,2.6341,2.7996,1.47268,3.14563,0.42336,36.966,0.42336,423.524,0,0.572676,0,0,0.800081,0.227405,1.028160,1,0,8.60946,0,0,0,8.60946,0
27.6365,2.35604,0,0,1.04214,0.0440843,0.36288,3.6288,32.9383,0.917047,0,0,0.456993,0.221221,0,0.66528,12.849,1,1.03118,0.36288,0,18.7709,5.28973,12.8129,0.84672,12.849,0.84672,3695.15,0,36.966,1.00833,0.204422,2.63427,3.1168,1.44616,3.50101,0.42336,36.966,0.42336,423.524,0,0.662869,0,0,0.867292,0.204422,1.028160,1,0,16.3139,0,0,0,16.3139,0
25.6344,2.31238,0,0,0.70845,0.0353347,0.36288,3.6288,32.149,0.947786,0,0,0.374504,0.215929,0,0.66528,12.849,1,1.07509,0.36288,0,20.1415,5.48069,13.9486,0.84672,12.849,0.84672,3695.15,0,36.966,1.06368,0.204422,2.63444,2.19822,1.44358,2.52983,0.42336,36.966,0.42336,423.524,0,0.576936,0,0,0.781358,0.204422,1.028160,1,0,16.4784,0,0,0,16.4784,0
23.573,2.18162,0,0,0.494513,0.011408,0.36288,3.6288,31.2559,0.948639,0,0,0.264476,0.209007,0,0.66528,11.766,1,1.09352,0.36288,0,8.25388,5.56752,3.20544,0.84672,11.766,0.84672,3694.98,0,36.966,1.09078,0.204422,2.63461,2.02626,1.42149,2.35303,0.42336,36.966,0.42336,423.524,0,0.43915,0,0,0.643573,0.204422,1.028160,1,0,5.55847,0,0,0,5.55847,0
21.4165,2.18485,0,0,0.402273,0.0110734,0.36288,3.6288,30.2675,0.999057,0,0,0.217683,0.206973,0,0.66528,10.6837,1,1.09053,0.36288,0,7.57953,5.56752,3.20544,0.84672,10.6837,0.84672,3694.15,0,36.966,1.18157,0.204422,2.5287,1.8308,1.42149,1.96086,0.42336,36.966,0.42336,423.524,0,0.298083,0,0,0.502506,0.204422,1.028160,1,0,5.1663,0,0,0,5.1663,0
19.4769,2.18542,0,0,0.664632,0.0559082,0.36288,3.6288,29.5129,0.925879,0,0,0.329643,0.158383,0,0.66528,11.7993,1,1.09021,0.36288,0,10.7908,4.737,3.20544,0.84672,11.7993,0.84672,3695.15,0,36.966,1.13078,0.216518,2.52886,2.42543,1.1619,2.87813,0.42336,36.966,0.42336,423.524,0,0.422204,0,0,0.638722,0.216518,1.028160,1,0,6.08357,0,0,0,6.08357,0
18.4691,2.04002,0,0,1.48252,0.0874028,0.36288,3.6288,29.1119,0.802773,0,0,0.524322,0.122591,0,0.66528,12.849,1,1.23586,0.36288,0,27.574,4.11411,21.5371,0.84672,12.849,0.84672,3695.15,0,36.966,1.0055,0.216518,2.52903,5.18451,0.967204,5.95735,0.42336,36.966,0.42336,423.524,0,0.67074,0,0,0.887259,0.216518,1.028160,1,0,27.4945,0,0,0,27.4945,0
16.8909,1.8775,0,0,0.753166,0.0910049,0.36288,3.6288,28.4969,0.784744,0,0,0.307263,0.13749,0,0.66528,12.849,1,1.30618,0.36288,0,13.6099,3.71109,8.95551,0.84672,12.849,0.84672,3695.15,0,36.966,0.996462,0.216518,2.52919,2.23074,0.918111,3.06187,0.42336,36.966,0.42336,423.524,0,0.597808,0,0,0.814327,0.216518,1.028160,1,0,12.0174,0,0,0,12.0174,0
15.9318,1.80832,0,0,1.3046,0.0925114,0.36288,3.6288,27.9662,0.71129,0,0,0.328598,0.148045,0,0.66528,12.849,1,1.3756,0.36288,0,19.8513,3.40883,15.4297,0.84672,12.849,0.84672,3695.15,0,36.966,0.92268,0.216518,2.43465,3.03461,0.881291,3.88181,0.42336,36.966,0.42336,423.524,0,0.745188,0,0,0.961706,0.216518,1.028160,1,0,19.3115,0,0,0,19.3115,0
16.2777,1.76261,0,0,2.56248,0.0910734,0.36288,3.6288,27.7803,0.611176,0,0,0.57243,0.147154,0,0.66528,12.849,1,1.42155,0.36288,0,29.0619,3.40883,24.5944,0.84672,12.849,0.84672,3695.15,0,36.966,0.807859,0.216518,2.43481,5.2009,0.881291,6.16307,0.42336,36.966,0.42336,423.524,0,0.960267,0,0,1.17679,0.216518,1.028160,1,0,30.7575,0,0,0,30.7575,0
17.0549,1.77963,0,0,3.01139,0.091688,0.36288,3.6288,27.9985,0.579787,0,0,0.944914,0.146847,0,0.66528,12.849,1,1.40478,0.36288,0,31.4613,3.40883,27.0106,0.84672,12.849,0.84672,3695.15,0,36.966,0.771498,1.1703,2.43496,6.32086,0.881291,8.27333,0.42336,36.966,0.42336,423.524,0,1.02816,0,0,2.19846,1.1703,1.028160,1,0,35.284,0,0,0,35.284,0
17.0954,1.6665,0,0,2.17786,0.107911,0.36288,3.6288,28.0199,0.492518,0,0,0.659486,0.145621,0,0.66528,12.849,1,1.25553,0.36288,0,32.2244,3.50465,27.8271,0.84672,12.849,0.84672,3695.15,0,36.966,0.650264,0.775578,2.43512,6.35532,0.901793,8.01395,0.42336,36.966,0.42336,423.524,0,1.02816,0,0,1.80374,0.775578,1.028160,1,0,35.8411,0,0,0,35.8411,0
17.4121,1.66833,0,0,2.49387,0.145945,0.36288,3.6288,28.0013,0.492788,0,0,0.615871,0.14169,0,0.66528,12.849,1,1.25393,0.36288,0,43.1781,3.74419,38.5429,0.84672,12.849,0.84672,3695.15,0,36.966,0.650124,0.662481,2.22486,3.60881,0.953048,4.89298,0.42336,36.966,0.42336,423.524,0,1.02816,0,0,1.69064,0.662481,1.028160,1,0,43.4359,0,0,0,43.4359,0
17.2386,1.68158,0,0,2.01752,0.146614,0.36288,3.6288,27.8612,0.492657,0,0,0.494262,0.141659,0,0.66528,12.849,1,1.2409,0.36288,0,29.2817,3.74419,24.6594,0.84672,12.849,0.84672,3695.15,0,36.966,0.650383,0.394053,2.225,4.17514,0.953048,5.19076,0.42336,36.966,0.42336,423.524,0,1.02816,0,0,1.42221,0.394053,1.028160,1,0,29.8502,0,0,0,29.8502,0
16.6141,1.67455,0,0,1.5564,0.143478,0.36288,3.6288,27.802,0.491308,0,0,0.5843,0.152207,0,0.66528,12.849,1,1.24815,0.36288,0,36.5769,4.24117,31.4505,0.84672,12.849,0.84672,3695.15,0,36.966,0.651862,0.769954,2.22514,7.86261,1.06811,9.13774,0.42336,36.966,0.42336,423.524,0,1.02816,0,0,1.79811,0.769954,1.028160,1,0,40.5882,0,0,0,40.5882,0
16.8703,1.64822,0,0,2.40585,0.138524,0.36288,3.6288,27.7982,0.490767,0,0,0.653397,0.166459,0,0.66528,12.849,1,1.2747,0.36288,0,55.383,4.90381,49.5674,0.84672,12.849,0.84672,3695.15,0,36.966,0.652532,0.653875,2.22528,4.5993,1.22152,5.60441,0.42336,36.966,0.42336,423.524,0,1.02816,0,0,1.68204,0.653875,1.028160,1,0,55.1718,0,0,0,55.1718,0
19.9578,1.71669,0,0,5.29585,0.128804,0.36288,3.6288,29.2213,0.516723,0,0,2.13445,0.194659,0,0.66528,12.849,1,1.30749,0.36288,0,86.7237,4.9408,80.8383,0.84672,12.849,0.84672,3695.15,0,36.966,0.687137,2.69961,2.22543,14.4162,1.46556,17.1885,0.42336,36.966,0.42336,423.524,0,1.02816,0,0,3.72777,2.69961,1.028160,1,0,98.0268,0,0,0,98.0268,0
22.8426,1.83987,0,0,5.22038,0.132796,0.36288,3.6288,30.2477,0.531549,0,0,1.76056,0.202599,0,0.66528,12.849,1,1.18452,0.36288,0,104.943,4.94697,99.1746,0.84672,12.849,0.84672,3695.15,0,36.966,0.67243,2.17128,2.29119,11.285,1.50623,13.5689,0.42336,36.966,0.42336,423.524,0,1.02816,0,0,3.19944,2.17128,1.028160,1,0,112.743,0,0,0,112.743,0
25.4665,1.93574,0,0,5.06066,0.13812,0.36288,3.6288,31.5355,0.541871,0,0,2.03468,0.204939,0,0.66528,12.849,1,1.08886,0.36288,0,105.546,4.94697,99.8733,0.84672,12.849,0.84672,3695.15,0,36.966,0.662226,2.60977,2.29132,11.013,1.50623,13.7456,0.42336,36.966,0.42336,423.524,0,1.02816,0,0,3.63793,2.60977,1.028160,1,0,113.619,0,0,0,113.619,0
26.6507,2.01044,0,0,3.72686,0.169378,0.36288,3.6288,32.1752,0.554376,0,0,1.3908,0.196723,0,0.66528,12.849,1,1.01436,0.36288,0,75.2872,4.30716,70.3286,0.84672,12.849,0.84672,3695.15,0,36.966,0.64984,1.54166,2.29145,6.70248,1.32473,8.56102,0.42336,36.966,0.42336,423.524,0,1.02816,0,0,2.56982,1.54166,1.028160,1,0,78.8896,0,0,0,78.8896,0
28.2169,2.25996,0,0,4.38641,0.197358,0.36288,3.6288,33.8074,0.66528,0,0,2.47685,0.179355,0,0.66528,12.849,1,1.08959,0.36288,0,77.5691,3.52604,73.3163,0.84672,12.849,0.84672,3695.15,0,36.966,0.765992,2.26779,2.29158,9.18522,1.06603,11.9126,0.42336,36.966,0.42336,423.524,0,1.02816,0,0,3.29595,2.26779,1.028160,1,0,85.2289,0,0,0,85.2289,0
31.5079,2.30167,0,0,6.14349,0.187926,0.36288,3.6288,36.8354,0.66528,0,0,3.87069,0.177423,0,0.66528,12.849,1,1.0481,0.36288,0,106.669,3.62197,102.362,0.84672,12.849,0.84672,3695.15,0,36.966,0.766125,3.18247,2.52786,13.453,1.04377,17.3534,0.42336,36.966,0.42336,423.524,0,1.02816,0,0,4.21063,3.18247,1.028160,1,0,119.716,0,0,0,119.716,0
34.9146,2.3796,0,0,6.34554,0.196375,0.36288,3.6288,40.008,0.66528,0,0,4.02063,0.182786,0,0.66528,12.849,1,0.970404,0.36288,0,167.913,3.62197,163.684,0.84672,12.849,0.84672,3695.15,0,36.966,0.766257,3.4352,2.52801,13.9305,1.04377,18.0837,0.42336,36.966,0.42336,423.524,0,1.02816,0,0,4.46336,3.4352,1.028160,1,0,181.767,0,0,0,181.767,0
36.2874,2.44897,0,0,4.40073,0.216128,0.36288,3.6288,40.9585,0.66528,0,0,1.79692,0.181111,0,0.66528,12.849,1,0.901251,0.36288,0,84.9131,3.59407,80.7806,0.84672,12.849,0.84672,3695.15,0,36.966,0.76639,2.13367,2.52815,11.2528,0.991882,14.1564,0.42336,36.966,0.42336,423.524,0,1.02816,0,0,3.16183,2.13367,1.028160,1,0,94.937,0,0,0,94.937,0
38.2231,2.13237,0,0,4.66062,0.229623,0.36288,3.6288,42.2674,0.592463,0,0,2.06268,0.16131,0,0.66528,12.849,1,0.755053,0.36288,0,75.7498,3.22766,72.13,0.84672,12.849,0.84672,3695.15,0,36.966,0.534711,2.39033,2.5283,9.8946,0.795496,13.483,0.42336,36.966,0.42336,423.524,0,1.02816,0,0,3.41849,2.39033,1.028160,1,0,85.613,0,0,0,85.613,0
39.2953,2.16114,0,0,3.82376,0.22757,0.36288,3.6288,43.0704,0.601357,0,0,1.55193,0.147607,0,0.66528,12.849,1,0.726484,0.36288,0,64.4783,2.78869,61.326,0.84672,12.849,0.84672,3695.15,0,36.966,0.525931,0.826762,2.20631,5.29,0.625892,7.17126,0.42336,36.966,0.42336,423.524,0,1.02816,0,0,1.85492,0.826762,1.028160,1,0,68.4973,0,0,0,68.4973,0
43.5774,2.17622,0,0,7.05163,0.230418,0.36288,3.6288,44.8317,0.606694,0,0,2.51677,0.148745,0,0.66528,12.849,1,0.711594,0.36288,0,124.337,2.78869,121.2,0.84672,12.849,0.84672,3695.15,0,36.966,0.520707,2.16757,2.20644,10.8283,0.625892,14.0557,0.42336,36.966,0.42336,423.524,0,1.02816,0,0,3.19573,2.16757,1.028160,1,0,135.256,0,0,0,135.256,0
47.4901,2.23038,0,0,6.73142,0.225433,0.36288,3.6288,46.8228,0.617969,0,0,2.76975,0.16067,0,0.66528,12.849,1,0.657637,0.36288,0,152.817,3.43455,149.087,0.84672,12.849,0.84672,3695.15,0,36.966,0.509546,2.65019,2.20656,16.6335,0.733792,20.2469,0.42336,36.966,0.42336,423.524,0,1.02816,0,0,3.67835,2.65019,1.028160,1,0,169.334,0,0,0,169.334,0
49.9271,2.27318,0,0,5.2926,0.219551,0.36288,3.6288,48.4473,0.630141,0,0,2.42016,0.165591,0,0.66528,12.849,1,0.615034,0.36288,0,125.976,3.94152,121.783,0.84672,12.849,0.84672,3695.15,0,36.966,0.497488,1.44946,2.20669,9.01748,0.824184,11.352,0.42336,36.966,0.42336,423.524,0,1.02816,0,0,2.47762,1.44946,1.028160,1,0,133.135,0,0,0,133.135,0
51.5918,2.38993,0,0,4.67897,0.261436,0.36288,3.6288,49.9484,0.66528,0,0,2.33093,0.164554,0,0.66528,12.849,1,0.615061,0.36288,0,83.9206,4.12629,79.5421,0.84672,12.849,0.84672,3695.15,0,36.966,0.537009,2.00093,2.20681,8.76312,0.743892,11.69,0.42336,36.966,0.42336,423.524,0,1.02816,0,0,3.02909,2.00093,1.028160,1,0,91.2321,0,0,0,91.2321,0
54.1952,2.40598,0,0,5.63823,0.266042,0.36288,3.6288,51.921,0.66528,0,0,2.80447,0.166605,0,0.66528,12.849,1,0.599212,0.36288,0,102.4,4.12629,98.0378,0.84672,12.849,0.84672,3695.15,0,36.966,0.537128,3.04775,2.28638,9.90438,0.743892,13.9575,0.42336,36.966,0.42336,423.524,0,1.02816,0,0,4.07591,3.04775,1.028160,1,0,111.995,0,0,0,111.995,0
55.0873,2.42941,0,0,3.95769,0.273244,0.36288,3.6288,53.1842,0.66528,0,0,2.09782,0.1693,0,0.66528,12.849,1,0.575984,0.36288,0,69.6928,4.12629,65.3534,0.84672,12.849,0.84672,3695.15,0,36.966,0.537246,1.5946,2.28651,7.49192,0.743892,10.0919,0.42336,36.966,0.42336,423.524,0,1.02816,0,0,2.62276,1.5946,1.028160,1,0,75.4453,0,0,0,75.4453,0
55.4775,2.43714,0,0,3.43772,0.247521,0.36288,3.6288,54.066,0.66528,0,0,1.72905,0.181949,0,0.66528,12.849,1,0.568458,0.36288,0,59.9162,4.18742,55.5232,0.84672,12.849,0.84672,3695.15,0,36.966,0.537365,1.32255,2.28664,6.1477,0.757481,8.46204,0.42336,36.966,0.42336,423.524,0,1.02816,0,0,2.35071,1.32255,1.028160,1,0,63.9853,0,0,0,63.9853,0
55.5962,2.40353,0,0,3.14263,0.257456,0.36288,3.6288,54.6504,0.66528,0,0,1.47129,0.22162,0,0.66528,12.849,1,0.556676,0.36288,0,55.6231,4.99857,50.4307,0.84672,12.849,0.84672,3695.15,0,36.966,0.508523,1.54343,2.28677,6.02111,0.938857,8.40393,0.42336,36.966,0.42336,423.524,0,1.02816,0,0,2.57159,1.54343,1.028160,1,0,58.8347,0,0,0,58.8347,0
55.5783,2.40466,0,0,2.9696,0.219965,0.36288,3.6288,55.087,0.66528,0,0,1.34366,0.241814,0,0.66528,12.849,1,0.555748,0.36288,0,61.6812,5.08308,56.4053,0.84672,12.849,0.84672,3695.15,0,36.966,0.50864,1.62226,2.25598,5.954,0.99928,8.32432,0.42336,36.966,0.42336,423.524,0,1.02816,0,0,2.65042,1.62226,1.028160,1,0,64.7296,0,0,0,64.7296,0
55.296,2.40468,0,0,2.66694,0.181742,0.36288,3.6288,55.6797,0.66528,0,0,1.48745,0.229462,0,0.66528,12.849,1,0.555931,0.36288,0,54.5121,4.36044,49.9586,0.84672,12.849,0.84672,3695.15,0,36.966,0.508756,1.28443,2.25611,5.60039,0.916124,7.71605,0.42336,36.966,0.42336,423.524,0,1.02816,0,0,2.31259,1.28443,1.028160,1,0,57.6746,0,0,0,57.6746,0
54.8769,2.40254,0,0,2.52761,0.181229,0.36288,3.6288,56.1408,0.66528,0,0,1.35681,0.230357,0,0.66528,12.849,1,0.558272,0.36288,0,46.4854,4.36044,41.9295,0.84672,12.849,0.84672,3695.15,0,36.966,0.508873,1.11702,2.25623,5.13915,0.916124,7.08741,0.42336,36.966,0.42336,423.524,0,1.02816,0,0,2.14518,1.11702,1.028160,1,0,49.0169,0,0,0,49.0169,0
54.1858,2.52468,0,0,2.37266,0.176259,0.36288,3.6288,56.5052,0.66528,0,0,1.25995,0.230364,0,0.66528,12.849,1,0.591134,0.36288,0,44.2211,4.54743,39.4454,0.84672,12.849,0.84672,3695.15,0,36.966,0.611715,1.10633,2.25636,5.14174,0.96052,6.9322,0.42336,36.966,0.42336,423.524,0,1.02816,0,0,2.13449,1.10633,1.028160,1,0,46.3776,0,0,0,46.3776,0
53.36,2.51876,0,0,2.22045,0.164584,0.36288,3.6288,56.7066,0.66528,0,0,1.09592,0.229183,0,0.66528,12.849,1,0.597269,0.36288,0,41.4169,5.0149,36.1676,0.84672,12.849,0.84672,3695.15,0,36.966,0.611838,1.15502,2.36487,4.85548,1.07151,6.69202,0.42336,36.966,0.42336,423.524,0,1.02816,0,0,2.18318,1.15502,1.028160,1,0,42.8596,0,0,0,42.8596,0
52.2985,2.51148,0,0,1.97609,0.163208,0.36288,3.6288,56.8173,0.66528,0,0,1.0055,0.229484,0,0.66528,12.849,1,0.604759,0.36288,0,37.3493,5.0149,32.0925,0.84672,12.849,0.84672,3695.15,0,36.966,0.611961,0.9619,2.365,4.67907,1.07151,6.3225,0.42336,36.966,0.42336,423.524,0,1.02816,0,0,1.99006,0.9619,1.028160,1,0,38.415,0,0,0,38.415,0
51.1811,2.50179,0,0,1.8664,0.119131,0.36288,3.6288,56.856,0.66528,0,0,0.965658,0.261763,0,0.66528,12.849,1,0.614655,0.36288,0,33.2897,5.38975,27.6481,0.84672,12.849,0.84672,3695.15,0,36.966,0.612084,0.886836,2.36514,4.45636,1.16728,5.92896,0.42336,36.966,0.42336,423.524,0,1.02816,0,0,1.915,0.886836,1.028160,1,0,33.5771,0,0,0,33.5771,0
49.9645,2.49123,0,0,1.75528,0.117757,0.36288,3.6288,56.8491,0.66528,0,0,0.92029,0.261829,0,0.66528,12.849,1,0.625423,0.36288,0,32.8086,5.38975,27.1563,0.84672,12.849,0.84672,3695.15,0,36.966,0.612207,0.747602,2.36527,4.58917,1.16728,5.92255,0.42336,36.966,0.42336,423.524,0,1.02816,0,0,1.77576,0.747602,1.028160,1,0,33.0788,0,0,0,33.0788,0
50.0241,2.45493,0,0,2.97198,0.0946156,0.36288,3.6288,57.3774,0.66528,0,0,1.41538,0.221869,0,0.66528,12.849,1,0.631315,0.36288,0,46.6131,4.60226,41.7425,0.84672,12.849,0.84672,3695.15,0,36.966,0.668807,1.68556,2.3654,5.05475,1.01057,7.42634,0.42336,36.966,0.42336,423.524,0,1.02816,0,0,2.71372,1.68556,1.028160,1,0,49.1688,0,0,0,49.1688,0
49.827,2.45569,0,0,2.71618,0.0946752,0.36288,3.6288,57.8131,0.66528,0,0,1.3236,0.222631,0,0.66528,12.849,1,0.63076,0.36288,0,43.8438,4.60226,38.9736,0.84672,12.849,0.84672,3695.15,0,36.966,0.668934,1.29101,2.40343,4.80999,1.01057,6.82494,0.42336,36.966,0.42336,423.524,0,1.02816,0,0,2.31917,1.29101,1.028160,1,0,45.7986,0,0,0,45.7986,0
49.429,2.45387,0,0,2.49759,0.0788972,0.36288,3.6288,58.1359,0.66528,0,0,1.25429,0.266167,0,0.66528,12.849,1,0.632785,0.36288,0,39.255,5.16685,33.8182,0.84672,12.849,0.84672,3695.15,0,36.966,0.66906,1.29255,2.40357,4.5798,1.21666,6.3902,0.42336,36.966,0.42336,423.524,0,1.02816,0,0,2.32071,1.29255,1.028160,1,0,40.2084,0,0,0,40.2084,0
48.8909,2.44999,0,0,2.34176,0.0669278,0.36288,3.6288,58.349,0.66528,0,0,1.17736,0.29897,0,0.66528,12.849,1,0.636873,0.36288,0,35.2814,5.59031,29.4171,0.84672,12.849,0.84672,3695.15,0,36.966,0.669187,1.2354,2.40371,4.41308,1.37122,6.01177,0.42336,36.966,0.42336,423.524,0,1.02816,0,0,2.26356,1.2354,1.028160,1,0,35.4288,0,0,0,35.4288,0
48.2782,2.50725,0,0,2.32512,0.0676834,0.36288,3.6288,58.548,0.66528,0,0,1.18031,0.316052,0,0.66528,12.849,1,0.658929,0.36288,0,38.3155,5.73364,32.2858,0.84672,12.849,0.84672,3695.15,0,36.966,0.719659,1.33443,2.40384,4.54963,1.42215,6.14609,0.42336,36.966,0.42336,423.524,0,1.02816,0,0,2.36259,1.33443,1.028160,1,0,38.4319,0,0,0,38.4319,0
47.7159,2.50081,0,0,2.36949,0.0680866,0.36288,3.6288,58.7187,0.66528,0,0,1.16498,0.328977,0,0.66528,12.849,1,0.665578,0.36288,0,39.7787,5.84115,33.6349,0.84672,12.849,0.84672,3695.15,0,36.966,0.719789,1.29805,2.4577,4.3506,1.46034,5.92622,0.42336,36.966,0.42336,423.524,0,1.02816,0,0,2.32621,1.29805,1.028160,1,0,39.5611,0,0,0,39.5611,0
46.9479,2.4948,0,0,2.15733,0.0676701,0.36288,3.6288,58.8301,0.66528,0,0,1.10601,0.329338,0,0.66528,12.849,1,0.671803,0.36288,0,36.2531,5.84115,30.103,0.84672,12.849,0.84672,3695.15,0,36.966,0.719918,0.94011,2.45784,4.05815,1.46034,5.27584,0.42336,36.966,0.42336,423.524,0,1.02816,0,0,1.96827,0.94011,1.028160,1,0,35.3789,0,0,0,35.3789,0
46.5744,2.48634,0,0,2.53282,0.0571093,0.36288,3.6288,59.2273,0.66528,0,0,1.38165,0.319159,0,0.66528,12.849,1,0.680477,0.36288,0,37.8962,6.016,31.5626,0.84672,12.849,0.84672,3695.15,0,36.966,0.720048,1.82435,2.45798,6.16438,1.50819,8.21848,0.42336,36.966,0.42336,423.524,0,1.02816,0,0,2.85251,1.82435,1.028160,1,0,39.7811,0,0,0,39.7811,0
45.7984,2.66384,0,0,2.30479,0.0540767,0.36288,3.6288,59.5005,0.66528,0,0,1.23821,0.299732,0,0.66528,12.849,1,0.734902,0.36288,0,38.3138,6.04664,31.8952,0.84672,12.849,0.84672,3695.15,0,36.966,0.901944,1.65368,2.45812,4.92916,1.54046,6.59856,0.42336,36.966,0.42336,423.524,0,1.02816,0,0,2.68184,1.65368,1.028160,1,0,38.4937,0,0,0,38.4937,0
44.5582,2.65429,0,0,1.83909,0.06216,0.36288,3.6288,59.8024,0.66528,0,0,1.26526,0.298128,0,0.66528,12.849,1,0.744676,0.36288,0,35.7101,5.87843,29.4499,0.84672,12.849,0.84672,3695.15,0,36.966,0.902085,2.28416,2.64212,5.6569,1.56044,8.12065,0.42336,36.966,0.42336,423.524,0,1.02816,0,0,3.31232,2.28416,1.028160,1,0,37.5705,0,0,0,37.5705,0
43.1445,2.63838,0,0,1.64887,0.061298,0.36288,3.6288,59.9853,0.66528,0,0,1.14694,0.298704,0,0.66528,12.849,1,0.760815,0.36288,0,31.8788,5.87843,25.6025,0.84672,12.849,0.84672,3695.15,0,36.966,0.902226,2.06911,2.64227,5.51636,1.56044,7.76507,0.42336,36.966,0.42336,423.524,0,1.02816,0,0,3.09727,2.06911,1.028160,1,0,33.3675,0,0,0,33.3675,0
42.0755,2.61934,0,0,1.97354,0.0603155,0.36288,3.6288,60.2531,0.66528,0,0,1.23213,0.299053,0,0.66528,12.849,1,0.780076,0.36288,0,32.9925,5.87843,26.6969,0.84672,12.849,0.84672,3695.15,0,36.966,0.902367,2.33556,2.64242,6.05078,1.56044,8.56596,0.42336,36.966,0.42336,423.524,0,1.02816,0,0,3.36372,2.33556,1.028160,1,0,35.2629,0,0,0,35.2629,0
42.4041,2.60434,0,0,3.37452,0.0786704,0.36288,3.6288,60.8761,0.66528,0,0,1.58254,0.294235,0,0.66528,12.849,1,0.795312,0.36288,0,54.829,5.73,48.6666,0.84672,12.849,0.84672,3695.15,0,36.966,0.902508,2.88992,2.64257,6.69774,1.54223,9.78549,0.42336,36.966,0.42336,423.524,0,1.02816,0,0,3.91808,2.88992,1.028160,1,0,58.4521,0,0,0,58.4521,0
41.1434,2.52255,0,0,1.6876,0.06286,0.36288,3.6288,60.8106,0.66528,0,0,0.84282,0.243123,0,0.66528,12.849,1,0.764365,0.36288,0,35.6086,4.9665,30.2406,0.84672,12.849,0.84672,3695.15,0,36.966,0.792289,1.19605,2.64272,5.19931,1.52407,6.72173,0.42336,36.966,0.42336,423.524,0,1.02816,0,0,2.22421,1.19605,1.028160,1,0,36.9623,0,0,0,36.9623,0
39.1646,2.50487,0,0,0.949061,0.0601654,0.36288,3.6288,60.4893,0.66528,0,0,0.579808,0.235755,0,0.66528,12.849,1,0.782265,0.36288,0,20.185,4.80459,14.9611,0.84672,12.849,0.84672,3695.15,0,36.966,0.792423,0.330687,2.53644,3.43276,1.52286,3.9846,0.42336,36.966,0.42336,423.524,0,1.02816,0,0,1.35885,0.330687,1.028160,1,0,18.9457,0,0,0,18.9457,0
38.5467,2.47527,0,0,2.335,0.114742,0.36288,3.6288,60.5051,0.66528,0,0,0.922251,0.241163,0,0.66528,12.849,1,0.812081,0.36288,0,26.8743,4.34139,22.0837,0.84672,12.849,0.84672,3695.15,0,36.966,0.792557,2.02666,2.53659,8.92885,1.4233,11.2762,0.42336,36.966,0.42336,423.524,0,1.02816,0,0,3.05482,2.02666,1.028160,1,0,33.3599,0,0,0,33.3599,0
37.6586,2.46568,0,0,2.08408,0.143619,0.36288,3.6288,60.6214,0.66528,0,0,1.03663,0.255074,0,0.66528,12.849,1,0.821899,0.36288,0,45.2232,4.14488,40.6193,0.84672,12.849,0.84672,3695.15,0,36.966,0.792691,1.31752,2.53673,6.69091,1.35392,8.39856,0.42336,36.966,0.42336,423.524,0,1.02816,0,0,2.34568,1.31752,1.028160,1,0,49.0179,0,0,0,49.0179,0
37.1881,2.38224,0,0,2.39919,0.124588,0.36288,3.6288,60.5005,0.66528,0,0,0.779955,0.235589,0,0.66528,12.849,1,0.812813,0.36288,0,21.9296,4.13781,17.3419,0.84672,12.849,0.84672,3695.15,0,36.966,0.692346,0.853252,2.53688,6.54531,1.18397,8.05912,0.42336,36.966,0.42336,423.524,0,1.02816,0,0,1.88141,0.853252,1.028160,1,0,25.401,0,0,0,25.401,0
35.9389,2.37476,0,0,1.62994,0.1415,0.36288,3.6288,60.2929,0.66528,0,0,0.66083,0.2031,0,0.66528,12.849,1,0.820512,0.36288,0,25.6789,4.1868,21.0344,0.84672,12.849,0.84672,3695.15,0,36.966,0.692474,0.505025,2.44201,7.23911,1.03178,8.4619,0.42336,36.966,0.42336,423.524,0,1.02816,0,0,1.53319,0.505025,1.028160,1,0,29.4963,0,0,0,29.4963,0
34.76,2.3539,0,0,1.73106,0.193096,0.36288,3.6288,59.8143,0.753875,0,0,0.469901,0.194713,0,0.66528,12.849,1,0.841577,0.36288,0,27.8685,4.26468,23.1251,0.84672,12.849,0.84672,3695.15,0,36.966,0.692602,0.216518,2.44215,6.31642,1.13099,7.1515,0.42336,36.966,0.42336,423.524,0,0.939565,0,0,1.15608,0.216518,1.028160,1,0,30.2766,0,0,0,30.2766,0
33.8941,2.33322,0,0,2.02055,0.190366,0.36288,3.6288,59.8763,0.66528,0,0,0.921471,0.19412,0,0.66528,12.849,1,0.862473,0.36288,0,32.4386,4.26468,27.6743,0.84672,12.849,0.84672,3695.15,0,36.966,0.69273,1.64557,2.44229,10.0285,1.13099,12.2926,0.42336,36.966,0.42336,423.524,0,1.02816,0,0,2.67373,1.64557,1.028160,1,0,39.967,0,0,0,39.967,0
36.3217,2.12636,0,0,5.10065,0.18387,0.36288,3.6288,61.111,0.66528,0,0,2.0946,0.194637,0,0.66528,12.849,1,0.806087,0.36288,0,89.1667,4.01551,84.708,0.84672,12.849,0.84672,3695.15,0,36.966,0.483537,4.00745,2.44243,17.1975,1.05325,22.1106,0.42336,36.966,0.42336,423.524,0,1.02816,0,0,5.03561,4.00745,1.028160,1,0,106.819,0,0,0,106.819,0
35.9778,2.1663,0,0,2.39236,0.207005,0.36288,3.6288,61.308,0.66528,0,0,1.41813,0.199495,0.356371,0.66528,12.849,1,0.766343,0.36288,0,36.8706,3.47182,32.9953,0.84672,12.849,0.84672,3695.15,0,36.966,0.483652,2.48838,2.23147,7.23881,0.847779,10.6272,0.42336,36.966,0.42336,423.524,0,1.02816,0,0,3.51654,2.48838,1.028160,1,0,43.9789,0,0,0,43.9789,0
37.3082,2.16105,0,0,4.06299,0.208728,0.36288,3.6288,61.308,0.66528,0,0,1.62826,0.191669,0.771311,0.66528,12.849,1,0.771792,0.36288,0,55.5012,3.65074,51.4415,0.84672,12.849,0.84672,3695.15,0,36.966,0.483767,2.56733,2.2316,12.3545,0.997226,15.6724,0.42336,36.966,0.42336,423.524,0,1.02816,0,0,3.59549,2.56733,1.028160,1,0,67.8853,0,0,0,67.8853,0
39.6007,2.18167,0,0,5.04914,0.212057,0.36288,3.6288,61.308,0.66528,0,0,1.74666,0.191669,0.889713,0.66528,12.849,1,0.751372,0.36288,0,90.7889,3.65074,86.7496,0.84672,12.849,0.84672,3695.15,0,36.966,0.483882,2.47124,2.23173,15.3012,0.997226,18.523,0.42336,36.966,0.42336,423.524,0,1.02816,0,0,3.4994,2.47124,1.028160,1,0,106.162,0,0,0,106.162,0
40.8631,2.21466,0,0,4.05772,0.217793,0.36288,3.6288,61.308,0.66528,0,0,1.67919,0.191669,0.822243,0.66528,12.849,1,0.718579,0.36288,0,73.2897,3.65074,69.2832,0.84672,12.849,0.84672,3695.15,0,36.966,0.483997,1.77044,2.23185,11.8565,0.997226,14.3776,0.42336,36.966,0.42336,423.524,0,1.02816,0,0,2.7986,1.77044,1.028160,1,0,84.483,0,0,0,84.483,0
44.9009,2.23155,0,0,6.86737,0.235086,0.36288,3.6288,61.308,0.66528,0,0,2.13165,0.197412,1.26896,0.66528,12.849,1,0.70169,0.36288,0,113.64,3.59044,109.711,0.84672,12.849,0.84672,3695.15,0,36.966,0.483997,2.90967,2.23198,13.6517,1.08322,17.2261,0.42336,36.966,0.42336,423.524,0,1.02816,0,0,3.93783,2.90967,1.028160,1,0,128.206,0,0,0,128.206,0
49.0232,2.35958,0,0,7.09693,0.252192,0.36288,3.6288,61.308,0.66528,0,0,2.3083,0.199709,1.44331,0.66528,12.849,1,0.675224,0.36288,0,170.456,3.56632,166.577,0.84672,12.849,0.84672,3695.15,0,36.966,0.544737,3.18222,2.23198,15.8858,1.11762,19.6376,0.42336,36.966,0.42336,423.524,0,1.02816,0,0,4.21038,3.18222,1.028160,1,0,187.658,0,0,0,187.658,0
53.5932,2.40471,0,0,7.60147,0.263933,0.36288,3.6288,61.308,0.66528,0,0,2.75399,0.199709,1.889,0.66528,12.849,1,0.630274,0.36288,0,184.155,3.56632,180.321,0.84672,12.849,0.84672,3695.15,0,36.966,0.544841,4.03281,2.29794,19.0247,1.11762,23.693,0.42336,36.966,0.42336,423.524,0,1.02816,0,0,5.06097,4.03281,1.028160,1,0,205.903,0,0,0,205.903,0
58.3838,2.4482,0,0,7.87861,0.276835,0.36288,3.6288,61.308,0.66528,0,0,2.01414,0.199709,1.14915,0.66528,12.849,1,0.586958,0.36288,0,192.276,3.56632,188.486,0.84672,12.849,0.84672,3695.15,0,36.966,0.544945,2.91855,2.29805,15.789,1.11762,19.343,0.42336,36.966,0.42336,423.524,0,1.02816,0,0,3.94671,2.91855,1.028160,1,0,208.978,0,0,0,208.978,0
65.3239,2.48782,0,0,10.0828,0.292,0.36288,3.6288,61.308,0.66528,0,0,2.97542,0.202902,2.10724,0.66528,12.849,1,0.547515,0.36288,0,216.183,3.67409,212.324,0.84672,12.849,0.84672,3695.15,0,36.966,0.545049,4.24506,2.29816,22.3941,1.08849,27.3038,0.42336,36.966,0.42336,423.524,0,1.02816,0,0,5.27322,4.24506,1.028160,1,0,241.735,0,0,0,241.735,0
68.9672,2.80864,0,0,7.1344,0.3196,0.36288,3.6288,61.308,0.66528,0,0,1.90528,0.191498,1.04851,0.66528,12.849,1,0.55245,0.36288,0,165.694,3.5113,161.994,0.84672,12.849,0.84672,3695.15,0,36.966,0.772808,1.77857,2.29828,10.915,0.981359,13.2377,0.42336,36.966,0.42336,423.524,0,1.02816,0,0,2.80673,1.77857,1.028160,1,0,176.28,0,0,0,176.28,0
72.29,2.83341,0,0,9.93393,0.316269,3.46145,3.6288,61.308,0.66528,0,0,3.24088,0.219162,2.35644,0.66528,12.849,1,0.52788,3.46145,0,191.425,4.1665,190.192,0.84672,12.849,0.84672,3695.15,0,36.966,0.772924,3.35354,2.53529,19.5774,1.18634,23.5069,0.42336,36.966,0.42336,423.524,0,1.02816,0,0,4.3817,3.35354,1.028160,1,0,216.056,0,0,0,216.056,0
72.29,2.85418,0,0,7.85938,0.326289,4.67891,3.6288,61.308,0.66528,0,0,2.38075,0.185453,1.53002,0.66528,12.849,1,0.507308,4.67891,0,192.806,3.78446,193.193,0.84672,12.849,0.84672,3695.15,0,36.966,0.77304,2.60001,2.53542,15.3821,0.985792,18.7586,0.42336,36.966,0.42336,423.524,0,1.02816,0,0,3.62817,2.60001,1.028160,1,0,213.482,0,0,0,213.482,0
72.29,2.85434,0,0,6.73087,0.330723,3.54581,3.6288,61.308,0.66528,0,0,1.88802,0.190451,1.03229,0.66528,12.849,1,0.507338,3.54581,0,119.35,3.91539,118.473,0.84672,12.849,0.84672,3695.15,0,36.966,0.773156,1.63992,2.53554,10.2572,0.983222,12.6763,0.42336,36.966,0.42336,423.524,0,1.02816,0,0,2.66808,1.63992,1.028160,1,0,132.182,0,0,0,132.182,0
72.29,2.46014,0,0,6.71773,0.318526,3.93907,3.6288,61.308,0.66528,0,0,2.0998,0.217071,1.21745,0.66528,12.849,1,0.437271,3.93907,0,113.213,4.16479,112.55,0.84672,12.849,0.84672,3695.15,0,36.966,0.467691,2.03299,2.53567,11.1187,0.973033,14.2467,0.42336,36.966,0.42336,423.524,0,1.02816,0,0,3.06115,2.03299,1.028160,1,0,128.014,0,0,0,128.014,0
72.29,2.46028,0,0,6.91325,0.304294,4.14868,3.6288,61.308,0.66528,0,0,2.14751,0.214522,1.2677,0.66528,12.849,1,0.437296,4.14868,0,116.46,4.00491,116.167,0.84672,12.849,0.84672,3695.15,0,36.966,0.467791,1.70631,2.21266,10.9464,0.875353,13.5223,0.42336,36.966,0.42336,423.524,0,1.02816,0,0,2.73447,1.70631,1.028160,1,0,130.957,0,0,0,130.957,0
72.29,2.46043,0,0,6.55949,0.303955,3.7951,3.6288,61.308,0.66528,0,0,2.20507,0.175339,1.36446,0.66528,12.849,1,0.437322,3.7951,0,109.884,3.67574,109.566,0.84672,12.849,0.84672,3695.15,0,36.966,0.467891,1.99913,2.21277,11.151,0.716504,14.1786,0.42336,36.966,0.42336,423.524,0,1.02816,0,0,3.02729,1.99913,1.028160,1,0,125.109,0,0,0,125.109,0
72.29,2.46057,0,0,7.18128,0.303955,4.41675,3.6288,61.308,0.66528,0,0,1.9342,0.175339,1.09358,0.66528,12.849,1,0.437348,4.41675,0,121.605,3.67574,121.909,0.84672,12.849,0.84672,3695.15,0,36.966,0.467991,1.41872,2.21288,10.369,0.716504,12.8161,0.42336,36.966,0.42336,423.524,0,1.02816,0,0,2.44688,1.41872,1.028160,1,0,135.819,0,0,0,135.819,0
72.29,2.46072,0,0,7.25508,0.29082,4.50354,3.6288,61.308,0.66528,0,0,1.6138,0.163674,0.784843,0.66528,12.849,1,0.437374,4.50354,0,181.38,4.30609,181.14,0.84672,12.849,0.84672,3695.15,0,36.966,0.468091,1.42141,2.21299,12.8771,0.962736,15.0807,0.42336,36.966,0.42336,423.524,0,1.02816,0,0,2.44957,1.42141,1.028160,1,0,197.006,0,0,0,197.006,0
72.29,2.56016,0,0,6.16116,0.28863,3.31237,3.6288,61.308,0.66528,0,0,1.46015,0.161729,0.633142,0.66528,12.849,1,0.455049,3.31237,0,115.345,4.41116,113.791,0.84672,12.849,0.84672,3695.15,0,36.966,0.542967,1.30526,2.2131,11.5079,1.00377,13.4795,0.42336,36.966,0.42336,423.524,0,1.02816,0,0,2.33342,1.30526,1.028160,1,0,127.904,0,0,0,127.904,0
72.29,2.56031,0,0,6.26555,0.293383,3.41185,3.6288,61.308,0.66528,0,0,1.60881,0.185921,0.75761,0.66528,12.849,1,0.455076,3.41185,0,119.953,4.92294,117.986,0.84672,12.849,0.84672,3695.15,0,36.966,0.543071,1.52597,2.2929,14.365,1.04769,16.5932,0.42336,36.966,0.42336,423.524,0,1.02816,0,0,2.55413,1.52597,1.028160,1,0,135.337,0,0,0,135.337,0
72.29,2.56046,0,0,5.75782,0.26673,2.93062,3.6288,61.308,0.66528,0,0,1.42631,0.207989,0.553039,0.66528,12.849,1,0.455103,2.93062,0,106.006,5.06334,103.418,0.84672,12.849,0.84672,3695.15,0,36.966,0.543175,1.28078,2.29301,11.6349,1.04387,13.6216,0.42336,36.966,0.42336,423.524,0,1.02816,0,0,2.30894,1.28078,1.028160,1,0,117.593,0,0,0,117.593,0
72.29,2.56062,0,0,5.52031,0.220799,2.7389,3.6288,61.308,0.66528,0,0,1.70135,0.197755,0.83832,0.66528,12.849,1,0.45513,2.7389,0,97.4341,4.47726,95.2406,0.84672,12.849,0.84672,3695.15,0,36.966,0.543279,1.73794,2.29313,12.1126,1.00788,14.5925,0.42336,36.966,0.42336,423.524,0,1.02816,0,0,2.7661,1.73794,1.028160,1,0,110.671,0,0,0,110.671,0
72.29,2.52193,0,0,5.29225,0.219342,2.55097,3.6288,61.308,0.66528,0,0,1.54257,0.200266,0.677023,0.66528,12.849,1,0.448255,2.55097,0,103.757,4.57968,101.28,0.84672,12.849,0.84672,3695.15,0,36.966,0.514334,1.682,2.29324,10.5548,1.04325,12.9725,0.42336,36.966,0.42336,423.524,0,1.02816,0,0,2.71016,1.682,1.028160,1,0,114.929,0,0,0,114.929,0
72.29,2.52208,0,0,5.03075,0.219342,2.28933,3.6288,61.308,0.66528,0,0,1.41046,0.200266,0.544917,0.66528,12.849,1,0.448281,2.28933,0,93.4381,4.57968,90.6995,0.84672,12.849,0.84672,3695.15,0,36.966,0.514436,1.20728,2.26234,9.51938,1.04325,11.4313,0.42336,36.966,0.42336,423.524,0,1.02816,0,0,2.23544,1.20728,1.028160,1,0,102.676,0,0,0,102.676,0
72.29,2.52223,0,0,4.62801,0.219342,1.88643,3.6288,61.308,0.66528,0,0,1.32085,0.200266,0.455303,0.66528,12.849,1,0.448308,1.88643,0,85.7814,4.57968,82.6398,0.84672,12.849,0.84672,3695.15,0,36.966,0.514538,1.09495,2.26245,8.15365,1.04325,9.95326,0.42336,36.966,0.42336,423.524,0,1.02816,0,0,2.12311,1.09495,1.028160,1,0,93.0484,0,0,0,93.0484,0
72.29,2.52238,0,0,4.26255,0.178876,1.56129,3.6288,61.308,0.66528,0,0,1.20935,0.225605,0.318465,0.66528,12.849,1,0.448334,1.56129,0,74.9701,4.87233,71.2108,0.84672,12.849,0.84672,3695.15,0,36.966,0.514641,0.9929,2.26256,7.82145,1.05801,9.50426,0.42336,36.966,0.42336,423.524,0,1.02816,0,0,2.02106,0.9929,1.028160,1,0,81.0335,0,0,0,81.0335,0
72.29,2.65437,0,0,4.07085,0.149728,1.26675,3.6288,61.308,0.66528,0,0,1.0464,0.209199,0.17192,0.66528,12.849,1,0.471795,1.26675,0,63.9717,4.71146,60.0552,0.84672,12.849,0.84672,3695.15,0,36.966,0.61778,0.892322,2.26268,7.12057,1.07314,8.58465,0.42336,36.966,0.42336,423.524,0,1.02816,0,0,1.92048,0.892322,1.028160,1,0,68.8117,0,0,0,68.8117,0
72.29,2.65453,0,0,3.9332,0.149728,1.12895,3.6288,61.308,0.66528,0,0,1.06739,0.209199,0.192906,0.66528,12.849,1,0.471822,1.12895,0,60.9919,4.71146,56.9376,0.84672,12.849,0.84672,3695.15,0,36.966,0.617888,1.10151,2.37149,6.81083,1.07314,8.5928,0.42336,36.966,0.42336,423.524,0,1.02816,0,0,2.12967,1.10151,1.028160,1,0,65.7233,0,0,0,65.7233,0
72.29,2.65469,0,0,3.61009,0.174314,0.781086,3.6288,61.308,0.66528,0,0,1.00056,0.202615,0.132668,0.66528,12.849,1,0.47185,0.781086,0,57.348,4.28838,53.3689,0.84672,12.849,0.84672,3695.15,0,36.966,0.617996,1.00641,2.37161,6.21114,1.08946,7.88171,0.42336,36.966,0.42336,423.524,0,1.02816,0,0,2.03457,1.00641,1.028160,1,0,61.3832,0,0,0,61.3832,0
72.29,2.65484,0,0,3.42147,0.1286,0.638033,3.6288,61.308,0.66528,0,0,0.998387,0.220736,0.11237,0.66528,12.849,1,0.471878,0.638033,0,53.4793,4.27943,49.366,0.84672,12.849,0.84672,3695.15,0,36.966,0.618103,1.04052,2.37173,6.10652,1.1436,7.75706,0.42336,36.966,0.42336,423.524,0,1.02816,0,0,2.06868,1.04052,1.028160,1,0,57.2354,0,0,0,57.2354,0
72.0486,2.655,0,0,2.89005,0.113566,0.36288,3.6288,61.2651,0.66528,0,0,0.873219,0.250812,0,0.66528,12.849,1,0.471906,0.36288,0,46.578,4.90486,41.5641,0.84672,12.849,0.84672,3695.15,0,36.966,0.618211,0.534565,2.37185,4.82598,1.08937,6.02481,0.42336,36.966,0.42336,423.524,0,1.02816,0,0,1.56273,0.534565,1.028160,1,0,47.5889,0,0,0,47.5889,0
71.7734,2.62775,0,0,2.82999,0.114553,0.36288,3.6288,61.1632,0.66528,0,0,0.817776,0.254373,0,0.66528,12.849,1,0.468627,0.36288,0,43.4317,4.99842,38.3276,0.84672,12.849,0.84672,3695.15,0,36.966,0.674965,0.491685,2.37196,4.86596,1.07716,5.97748,0.42336,36.966,0.42336,423.524,0,1.02816,0,0,1.51985,0.491685,1.028160,1,0,44.305,0,0,0,44.305,0
71.3768,2.62638,0,0,2.69262,0.100019,0.36288,3.6288,61.0188,0.66528,0,0,0.798301,0.277504,0,0.66528,12.849,1,0.470178,0.36288,0,40.9372,5.32417,35.5057,0.84672,12.849,0.84672,3695.15,0,36.966,0.675076,0.470984,2.41009,4.73018,1.18741,5.74877,0.42336,36.966,0.42336,423.524,0,1.02816,0,0,1.49914,0.470984,1.028160,1,0,41.2545,0,0,0,41.2545,0
70.6384,2.62432,0,0,2.32998,0.0811246,0.36288,3.6288,60.8017,0.66528,0,0,0.751127,0.302934,0,0.66528,12.849,1,0.47242,0.36288,0,38.1915,6.02972,32.0522,0.84672,12.849,0.84672,3695.15,0,36.966,0.675187,0.367356,2.41021,4.72422,1.435,5.3916,0.42336,36.966,0.42336,423.524,0,1.02816,0,0,1.39552,0.367356,1.028160,1,0,37.4438,0,0,0,37.4438,0
69.6457,2.62029,0,0,2.07461,0.0841236,0.36288,3.6288,60.4172,0.717759,0,0,0.634817,0.30157,0,0.66528,12.849,1,0.476627,0.36288,0,31.2543,5.96451,25.1761,0.84672,12.849,0.84672,3695.15,0,36.966,0.675298,0.261274,2.41033,3.84928,1.48455,4.36104,0.42336,36.966,0.42336,423.524,0,0.975681,0,0,1.23695,0.261274,1.028160,1,0,29.5371,0,0,0,29.5371,0
68.6144,2.68169,0,0,2.10092,0.0876521,0.36288,3.6288,60.0036,0.785523,0,0,0.676893,0.304903,0,0.66528,12.849,1,0.494748,0.36288,0,34.4641,5.60637,28.7259,0.84672,12.849,0.84672,3695.15,0,36.966,0.725903,0.261274,2.41045,3.36107,1.45002,3.85687,0.42336,36.966,0.42336,423.524,0,0.907917,0,0,1.16919,0.261274,1.028160,1,0,32.5827,0,0,0,32.5827,0
67.423,2.67559,0,0,1.93401,0.0869522,0.36288,3.6288,59.5588,0.714623,0,0,0.573848,0.304102,0,0.66528,12.849,1,0.50104,0.36288,0,28.3084,5.60637,22.5638,0.84672,12.849,0.84672,3695.15,0,36.966,0.726017,0.261274,2.46445,3.24983,1.45002,3.79952,0.42336,36.966,0.42336,423.524,0,0.978817,0,0,1.24009,0.261274,1.028160,1,0,26.3633,0,0,0,26.3633,0
66.0766,2.66831,0,0,1.77089,0.0861436,0.36288,3.6288,58.9262,0.860803,0,0,0.531503,0.303239,0,0.66528,12.849,1,0.508507,0.36288,0,26.9069,5.60637,21.155,0.84672,12.849,0.84672,3695.15,0,36.966,0.726131,0.227405,2.46457,2.85657,1.45002,3.37239,0.42336,36.966,0.42336,423.524,0,0.832637,0,0,1.06004,0.227405,1.028160,1,0,24.5273,0,0,0,24.5273,0
64.8491,2.65979,0,0,1.87105,0.0758902,0.36288,3.6288,58.564,0.66528,0,0,0.610159,0.307115,0,0.66528,12.849,1,0.517212,0.36288,0,26.3895,5.75592,20.4792,0.84672,12.849,0.84672,3695.15,0,36.966,0.726245,0.243916,2.4647,3.77889,1.4799,4.28136,0.42336,36.966,0.42336,423.524,0,1.02816,0,0,1.27208,0.243916,1.028160,1,0,24.7606,0,0,0,24.7606,0
63.6116,2.84573,0,0,2.06731,0.0961288,0.36288,3.6288,58.2208,0.66528,0,0,0.594426,0.272354,0,0.66528,12.849,1,0.563844,0.36288,0,31.0558,5.20202,25.6528,0.84672,12.849,0.84672,3695.15,0,36.966,0.908657,0.328847,2.46482,3.7532,1.34837,4.28983,0.42336,36.966,0.42336,423.524,0,1.02816,0,0,1.35701,0.328847,1.028160,1,0,29.9426,0,0,0,29.9426,0
62.2076,2.83677,0,0,1.89077,0.0951722,0.36288,3.6288,57.8476,0.66528,0,0,0.563843,0.271752,0,0.66528,12.849,1,0.573003,0.36288,0,30.9898,5.20202,25.5776,0.84672,12.849,0.84672,3695.15,0,36.966,0.908781,0.243665,2.64933,3.67287,1.34837,4.30872,0.42336,36.966,0.42336,423.524,0,1.02816,0,0,1.27183,0.243665,1.028160,1,0,29.8864,0,0,0,29.8864,0
61.2044,2.82622,0,0,2.27997,0.0940869,0.36288,3.6288,57.4888,0.66528,0,0,0.577602,0.271099,0,0.66528,12.849,1,0.583756,0.36288,0,30.8333,5.20202,25.4104,0.84672,12.849,0.84672,3695.15,0,36.966,0.908904,0.344278,2.64947,5.30007,1.34837,6.03654,0.42336,36.966,0.42336,423.524,0,1.02816,0,0,1.37244,0.344278,1.028160,1,0,31.447,0,0,0,31.447,0
59.9312,2.81847,0,0,2.00146,0.0933113,0.36288,3.6288,57.1321,0.66528,0,0,0.579011,0.27047,0,0.66528,12.849,1,0.591699,0.36288,0,29.0946,5.20202,23.6638,0.84672,12.849,0.84672,3695.15,0,36.966,0.909027,0.300119,2.6496,3.89617,1.34837,4.58849,0.42336,36.966,0.42336,423.524,0,1.02816,0,0,1.32828,0.300119,1.028160,1,0,28.2523,0,0,0,28.2523,0
58.9809,2.80829,0,0,2.31466,0.0937682,0.36288,3.6288,56.6344,0.66528,0,0,0.417471,0.249875,0,0.66528,12.849,1,0.602085,0.36288,0,34.5928,5.31946,29.0342,0.84672,12.849,0.84672,3695.15,0,36.966,0.909151,0.471433,2.64973,3.36056,1.41659,4.15599,0.42336,36.966,0.42336,423.524,0,1.02816,0,0,1.49959,0.471433,1.028160,1,0,33.1901,0,0,0,33.1901,0
58.4078,2.70746,0,0,2.61678,0.119505,0.36288,3.6288,56.1967,0.66528,0,0,0.450388,0.222815,0,0.66528,12.849,1,0.589821,0.36288,0,37.3688,4.34466,32.7972,0.84672,12.849,0.84672,3695.15,0,36.966,0.798596,0.432873,2.64987,4.17952,1.1542,5.30946,0.42336,36.966,0.42336,423.524,0,1.02816,0,0,1.46103,0.432873,1.028160,1,0,38.1066,0,0,0,38.1066,0
57.9312,2.70288,0,0,2.72869,0.139579,0.36288,3.6288,56.0195,0.66528,0,0,0.703591,0.215516,0,0.66528,12.849,1,0.594599,0.36288,0,38.1232,4.07305,33.8184,0.84672,12.849,0.84672,3695.15,0,36.966,0.798714,1.11898,2.54326,5.77519,1.09268,7.54604,0.42336,36.966,0.42336,423.524,0,1.02816,0,0,2.14714,1.11898,1.028160,1,0,41.3645,0,0,0,41.3645,0
57.4345,2.69903,0,0,2.70413,0.138933,0.36288,3.6288,55.9592,0.66528,0,0,0.82023,0.215267,0,0.66528,12.849,1,0.598639,0.36288,0,37.313,4.07305,33.0042,0.84672,12.849,0.84672,3695.15,0,36.966,0.798831,1.46712,2.54339,5.84164,1.09268,7.96064,0.42336,36.966,0.42336,423.524,0,1.02816,0,0,2.49528,1.46712,1.028160,1,0,40.9649,0,0,0,40.9649,0
56.6299,2.69496,0,0,2.40381,0.150609,0.36288,3.6288,55.6283,0.66528,0,0,0.553744,0.219306,0,0.66528,12.849,1,0.602905,0.36288,0,33.3411,4.02809,29.073,0.84672,12.849,0.84672,3695.15,0,36.966,0.798949,0.635386,2.54351,4.25913,1.08617,5.55291,0.42336,36.966,0.42336,423.524,0,1.02816,0,0,1.66355,0.635386,1.028160,1,0,34.6259,0,0,0,34.6259,0
55.0898,2.61233,0,0,1.61517,0.18005,0.36288,3.6288,54.5764,1.08595,0,0,0.263153,0.229118,0,0.66528,12.849,1,0.592722,0.36288,0,22.4916,3.91566,18.3461,0.84672,12.849,0.84672,3695.15,0,36.966,0.721636,0.216518,2.54364,2.85355,1.06991,3.82217,0.42336,36.966,0.42336,423.524,0,0.58415,0,0,0.800669,0.216518,1.028160,1,0,22.1683,0,0,0,22.1683,0
54.0813,2.59904,0,0,2.13077,0.17731,0.36288,3.6288,54.2824,0.66528,0,0,0.598812,0.227537,0,0.66528,12.849,1,0.606194,0.36288,0,30.0923,3.91566,25.9333,0.84672,12.849,0.84672,3695.15,0,36.966,0.698412,1.01337,2.44848,5.07215,1.06991,6.76569,0.42336,36.966,0.42336,423.524,0,1.02816,0,0,2.04153,1.01337,1.028160,1,0,32.699,0,0,0,32.699,0
56.719,2.59006,0,0,5.76616,0.175516,0.36288,3.6288,54.7818,0.66528,0,0,1.39183,0.227096,0,0.66528,12.849,1,0.615364,0.36288,0,89.8792,3.91566,85.7111,0.84672,12.849,0.84672,3695.15,0,36.966,0.698524,2.66026,2.44861,8.84033,1.06991,12.1808,0.42336,36.966,0.42336,423.524,0,1.02816,0,0,3.68842,2.66026,1.028160,1,0,97.8919,0,0,0,97.8919,0
56.9316,2.61355,0,0,3.41085,0.221877,0.36288,3.6288,54.705,0.66528,0,0,0.785013,0.196619,0,0.66528,12.849,1,0.592067,0.36288,0,51.2563,3.3999,47.6272,0.84672,12.849,0.84672,3695.15,0,36.966,0.698636,0.625821,2.44873,5.24034,0.863538,6.75272,0.42336,36.966,0.42336,423.524,0,1.02816,0,0,1.65398,0.625821,1.028160,1,0,54.3799,0,0,0,54.3799,0
56.1935,2.39994,0,0,2.26903,0.244308,0.36288,3.6288,54.3039,0.66528,0,0,0.485463,0.221279,0,0.66528,12.849,1,0.541648,0.36288,0,61.2176,4.25103,56.7878,0.84672,12.849,0.84672,3695.15,0,36.966,0.488836,0.539093,2.44885,4.35528,1.03931,5.81507,0.42336,36.966,0.42336,423.524,0,1.02816,0,0,1.56725,0.539093,1.028160,1,0,62.6029,0,0,0,62.6029,0
56.417,2.3943,0,0,3.22326,0.242531,0.36288,3.6288,54.1647,0.66528,0,0,0.746779,0.220693,0,0.66528,12.849,1,0.547471,0.36288,0,68.0293,4.25103,63.5937,0.84672,12.849,0.84672,3695.15,0,36.966,0.488937,1.40871,2.23728,5.70812,1.03931,7.82586,0.42336,36.966,0.42336,423.524,0,1.02816,0,0,2.43687,1.40871,1.028160,1,0,71.4195,0,0,0,71.4195,0
58.5563,2.3962,0,0,5.13179,0.233402,0.36288,3.6288,53.8754,0.66528,0,0,0.578632,0.202662,0,0.66528,12.849,1,0.545737,0.36288,0,88.7337,3.98898,84.5618,0.84672,12.849,0.84672,3695.15,0,36.966,0.489038,0.939453,2.23739,5.87316,1.01036,7.55061,0.42336,36.966,0.42336,423.524,0,1.02816,0,0,1.96761,0.939453,1.028160,1,0,92.1124,0,0,0,92.1124,0
64.3564,2.4127,0,0,8.78929,0.213665,0.36288,3.6288,53.7233,0.66528,0,0,0.671032,0.15779,0,0.66528,12.849,1,0.529418,0.36288,0,83.5341,3.33386,80.0337,0.84672,12.849,0.84672,3695.15,0,36.966,0.489139,1.1244,2.2375,6.67186,0.937968,8.60666,0.42336,36.966,0.42336,423.524,0,1.02816,0,0,2.15256,1.1244,1.028160,1,0,88.6404,0,0,0,88.6404,0
66.5845,2.45262,0,0,5.28494,0.241338,0.36288,3.6288,54.445,0.66528,0,0,1.55714,0.170186,0,0.66528,12.849,1,0.489674,0.36288,0,100.782,3.60854,97.0468,0.84672,12.849,0.84672,3695.15,0,36.966,0.48924,1.79277,2.23761,8.83302,1.02595,11.3482,0.42336,36.966,0.42336,423.524,0,1.02816,0,0,2.82093,1.79277,1.028160,1,0,108.395,0,0,0,108.395,0
67.1542,2.5517,0,0,3.74277,0.25843,0.36288,3.6288,55.1985,0.66528,0,0,1.59931,0.180505,0,0.66528,12.849,1,0.492408,0.36288,0,100.976,3.81455,97.0316,0.84672,12.849,0.84672,3695.15,0,36.966,0.550135,1.83852,2.23772,10.8924,1.09194,13.3265,0.42336,36.966,0.42336,423.524,0,1.02816,0,0,2.86668,1.83852,1.028160,1,0,110.358,0,0,0,110.358,0
67.9565,2.55533,0,0,3.98003,0.259598,0.36288,3.6288,56.6678,0.66528,0,0,2.31593,0.181404,0,0.66528,12.849,1,0.488926,0.36288,0,89.4129,3.81455,85.4723,0.84672,12.849,0.84672,3695.15,0,36.966,0.550224,2.77255,2.30385,13.6133,1.09194,17.0475,0.42336,36.966,0.42336,423.524,0,1.02816,0,0,3.80071,2.77255,1.028160,1,0,102.52,0,0,0,102.52,0
70.0876,2.56032,0,0,5.3156,0.261242,0.36288,3.6288,57.6411,0.66528,0,0,1.82173,0.183156,0,0.66528,12.849,1,0.484097,0.36288,0,81.8395,3.81455,77.9038,0.84672,12.849,0.84672,3695.15,0,36.966,0.550314,2.33946,2.30395,14.3738,1.09194,17.375,0.42336,36.966,0.42336,423.524,0,1.02816,0,0,3.36762,2.33946,1.028160,1,0,95.2788,0,0,0,95.2788,0
72.29,2.57289,0,0,7.1354,0.291216,2.06891,3.6288,58.9466,0.66528,0,0,2.18911,0.218238,0,0.66528,12.849,1,0.471681,2.06891,0,173.617,4.11473,171.1,0.84672,12.849,0.84672,3695.15,0,36.966,0.550403,2.80289,2.30405,16.8549,1.17206,20.2394,0.42336,36.966,0.42336,423.524,0,1.02816,0,0,3.83105,2.80289,1.028160,1,0,191.339,0,0,0,191.339,0
72.29,2.86242,0,0,5.69786,0.258929,2.57651,3.6288,60.9228,0.66528,0,0,2.87423,0.232831,0,0.66528,12.849,1,0.508774,2.57651,0,123.932,4.22741,121.772,0.84672,12.849,0.84672,3695.15,0,36.966,0.778776,2.50035,2.30415,18.0057,1.13819,20.8932,0.42336,36.966,0.42336,423.524,0,1.02816,0,0,3.52851,2.50035,1.028160,1,0,142.666,0,0,0,142.666,0
72.29,2.86256,0,0,5.51895,0.258929,2.39745,3.6288,61.308,0.66528,0,0,2.42542,0.235784,1.13912,0.66528,12.849,1,0.508799,2.39745,0,128.085,4.22741,125.746,0.84672,12.849,0.84672,3695.15,0,36.966,0.778876,2.12992,2.5418,15.8166,1.13819,18.5713,0.42336,36.966,0.42336,423.524,0,1.02816,0,0,3.15808,2.12992,1.028160,1,0,145.456,0,0,0,145.456,0
72.29,2.86271,0,0,6.03377,0.276087,2.89498,3.6288,61.308,0.66528,0,0,2.39245,0.192669,1.5345,0.66528,12.849,1,0.508825,2.89498,0,124.231,3.80953,122.808,0.84672,12.849,0.84672,3695.15,0,36.966,0.778976,2.05586,2.5419,15.4498,0.958614,18.31,0.42336,36.966,0.42336,423.524,0,1.02816,0,0,3.08402,2.05586,1.028160,1,0,142.652,0,0,0,142.652,0
72.29,2.86285,0,0,4.96624,0.295476,1.80791,3.6288,61.308,0.66528,0,0,2.32324,0.215603,1.44236,0.66528,12.849,1,0.50885,1.80791,0,137.578,3.8385,135.039,0.84672,12.849,0.84672,3695.15,0,36.966,0.779076,1.8797,2.54201,14.3464,1.00956,16.9795,0.42336,36.966,0.42336,423.524,0,1.02816,0,0,2.90786,1.8797,1.028160,1,0,153.461,0,0,0,153.461,0
72.29,2.46755,0,0,5.22885,0.297763,2.46354,3.6288,61.308,0.66528,0,0,2.65601,0.259742,1.73099,0.66528,12.849,1,0.438588,2.46354,0,185.954,3.77319,184.206,0.84672,12.849,0.84672,3695.15,0,36.966,0.472761,2.10798,2.54212,13.6174,0.963543,16.8312,0.42336,36.966,0.42336,423.524,0,1.02816,0,0,3.13614,2.10798,1.028160,1,0,202.768,0,0,0,202.768,0
72.29,2.46767,0,0,5.39053,0.318024,2.60483,3.6288,61.308,0.66528,0,0,3.48346,0.256632,2.56155,0.66528,12.849,1,0.43861,2.60483,0,167.364,3.85172,165.678,0.84672,12.849,0.84672,3695.15,0,36.966,0.472847,2.88397,2.21822,17.6855,0.956662,21.3582,0.42336,36.966,0.42336,423.524,0,1.02816,0,0,3.91213,2.88397,1.028160,1,0,189.598,0,0,0,189.598,0
72.29,2.4678,0,0,5.94393,0.318024,3.15811,3.6288,61.308,0.66528,0,0,3.72565,0.256632,2.80374,0.66528,12.849,1,0.438632,3.15811,0,170.369,3.85172,169.236,0.84672,12.849,0.84672,3695.15,0,36.966,0.472933,2.94965,2.21831,18.7421,0.956662,22.4804,0.42336,36.966,0.42336,423.524,0,1.02816,0,0,3.97781,2.94965,1.028160,1,0,194.521,0,0,0,194.521,0
72.29,2.46792,0,0,4.79947,0.318024,2.01352,3.6288,61.308,0.66528,0,0,2.48746,0.256632,1.56554,0.66528,12.849,1,0.438655,2.01352,0,139.749,3.85172,137.473,0.84672,12.849,0.84672,3695.15,0,36.966,0.473019,2.00872,2.2184,13.5592,0.956662,16.3566,0.42336,36.966,0.42336,423.524,0,1.02816,0,0,3.03688,2.00872,1.028160,1,0,155.395,0,0,0,155.395,0
72.29,2.46805,0,0,3.70748,0.325182,0.914253,3.6288,61.308,0.66528,0,0,1.68953,0.21639,0.807856,0.66528,12.849,1,0.438677,0.914253,0,119.443,4.33094,115.587,0.84672,12.849,0.84672,3695.15,0,36.966,0.473105,1.65415,2.2185,9.60811,0.960679,12.047,0.42336,36.966,0.42336,423.524,0,1.02816,0,0,2.68231,1.65415,1.028160,1,0,128.442,0,0,0,128.442,0
72.29,2.56774,0,0,4.39904,0.319535,1.51176,3.6288,61.308,0.66528,0,0,4.64475,0.222493,3.75698,0.66528,12.849,1,0.456396,1.51176,0,90.1221,4.56508,86.6124,0.84672,12.849,0.84672,3695.15,0,36.966,0.548169,4.36006,2.21859,19.5999,1.01337,24.617,0.42336,36.966,0.42336,423.524,0,1.02816,0,0,5.38822,4.36006,1.028160,1,0,114.986,0,0,0,114.986,0
72.1063,2.56787,0,0,3.06656,0.319535,0.36288,3.6288,61.308,0.66528,0,0,1.67262,0.222493,0.784845,0.66528,12.849,1,0.456419,0.36288,0,77.7833,4.56508,73.1247,0.84672,12.849,0.84672,3695.15,0,36.966,0.548258,2.00225,2.29859,9.28783,1.01337,12.027,0.42336,36.966,0.42336,423.524,0,1.02816,0,0,3.03041,2.00225,1.028160,1,0,85.9366,0,0,0,85.9366,0
72.29,2.56701,0,0,4.44648,0.31909,1.37666,3.6288,61.308,0.66528,0,0,3.50028,0.222493,2.61251,0.66528,12.849,1,0.45743,1.37666,0,107.373,4.56508,103.727,0.84672,12.849,0.84672,3695.15,0,36.966,0.548348,3.58728,2.29869,17.1172,1.01337,21.4415,0.42336,36.966,0.42336,423.524,0,1.02816,0,0,4.61544,3.58728,1.028160,1,0,127.781,0,0,0,127.781,0
72.29,2.56813,0,0,3.38665,0.26893,0.549587,3.6288,61.308,0.66528,0,0,2.0813,0.232278,1.18374,0.66528,12.849,1,0.456466,0.549587,0,79.9744,4.89063,75.1769,0.84672,12.849,0.84672,3695.15,0,36.966,0.548437,2.36148,2.29879,11.1175,1.06044,14.1689,0.42336,36.966,0.42336,423.524,0,1.02816,0,0,3.38964,2.36148,1.028160,1,0,90.5296,0,0,0,90.5296,0
72.017,2.52932,0,0,2.86693,0.247716,0.36288,3.6288,61.308,0.66528,0,0,2.35882,0.220854,1.47269,0.66528,12.849,1,0.449568,0.36288,0,72.3444,4.77351,67.4842,0.84672,12.849,0.84672,3695.15,0,36.966,0.519401,2.3394,2.29888,9.63602,1.11303,12.6419,0.42336,36.966,0.42336,423.524,0,1.02816,0,0,3.36756,2.3394,1.028160,1,0,81.5988,0,0,0,81.5988,0
71.4091,2.52801,0,0,2.53022,0.247203,0.36288,3.6288,61.308,0.66528,0,0,2.20723,0.220854,1.3211,0.66528,12.849,1,0.451037,0.36288,0,63.0573,4.77351,58.1956,0.84672,12.849,0.84672,3695.15,0,36.966,0.519489,1.91829,2.26789,8.51507,1.11303,11.0687,0.42336,36.966,0.42336,423.524,0,1.02816,0,0,2.94645,1.91829,1.028160,1,0,70.5855,0,0,0,70.5855,0
70.5552,2.52488,0,0,2.27991,0.246061,0.36288,3.6288,61.308,0.66528,0,0,1.9561,0.220854,1.06997,0.66528,12.849,1,0.454314,0.36288,0,55.0442,4.77351,50.1793,0.84672,12.849,0.84672,3695.15,0,36.966,0.519577,1.61966,2.26798,7.6896,1.11303,9.94464,0.42336,36.966,0.42336,423.524,0,1.02816,0,0,2.64782,1.61966,1.028160,1,0,61.1939,0,0,0,61.1939,0
69.5526,2.52036,0,0,2.09519,0.214608,0.36288,3.6288,61.308,0.66528,0,0,1.84377,0.181032,0.997455,0.66528,12.849,1,0.458989,0.36288,0,52.7975,3.94779,48.7536,0.84672,12.849,0.84672,3695.15,0,36.966,0.519665,1.49892,2.26808,6.95857,0.903598,9.3023,0.42336,36.966,0.42336,423.524,0,1.02816,0,0,2.52708,1.49892,1.028160,1,0,59.0533,0,0,0,59.0533,0
68.384,2.64631,0,0,2.03284,0.192234,0.36288,3.6288,61.308,0.66528,0,0,1.65764,0.243941,0.748415,0.66528,12.849,1,0.488873,0.36288,0,62.5119,4.86086,57.525,0.84672,12.849,0.84672,3695.15,0,36.966,0.623061,1.63488,2.26817,8.65547,0.975828,10.9596,0.42336,36.966,0.42336,423.524,0,1.02816,0,0,2.66304,1.63488,1.028160,1,0,69.2331,0,0,0,69.2331,0
67.1444,2.63941,0,0,1.9089,0.146177,0.36288,3.6288,61.308,0.66528,0,0,1.53408,0.257976,0.610827,0.66528,12.849,1,0.495931,0.36288,0,50.0908,5.09954,44.8582,0.84672,12.849,0.84672,3695.15,0,36.966,0.623154,1.33815,2.37726,8.35643,1.07724,10.3714,0.42336,36.966,0.42336,423.524,0,1.02816,0,0,2.36631,1.33815,1.028160,1,0,55.8405,0,0,0,55.8405,0
65.8846,2.63186,0,0,1.87964,0.144761,0.36288,3.6288,61.308,0.66528,0,0,1.5364,0.257976,0.613143,0.66528,12.849,1,0.503642,0.36288,0,47.1016,5.09954,41.8613,0.84672,12.849,0.84672,3695.15,0,36.966,0.623247,1.38561,2.37736,7.99667,1.07724,10.0592,0.42336,36.966,0.42336,423.524,0,1.02816,0,0,2.41377,1.38561,1.028160,1,0,52.5336,0,0,0,52.5336,0
64.4256,2.62393,0,0,1.68051,0.152677,0.36288,3.6288,61.308,0.66528,0,0,1.47775,0.255343,0.557128,0.66528,12.849,1,0.511726,0.36288,0,44.6536,4.9303,39.5744,0.84672,12.849,0.84672,3695.15,0,36.966,0.62334,1.49319,2.37746,7.38979,1.08377,9.55334,0.42336,36.966,0.42336,423.524,0,1.02816,0,0,2.52135,1.49319,1.028160,1,0,49.6849,0,0,0,49.6849,0
64.2885,2.6144,0,0,2.9783,0.138164,0.36288,3.6288,61.308,0.66528,0,0,1.37847,0.22134,0.491849,0.66528,12.849,1,0.521414,0.36288,0,49.9632,4.25035,45.5543,0.84672,12.849,0.84672,3695.15,0,36.966,0.623432,1.23227,2.37757,7.16455,1.0567,9.09425,0.42336,36.966,0.42336,423.524,0,1.02816,0,0,2.26043,1.23227,1.028160,1,0,55.1404,0,0,0,55.1404,0
64.4369,2.58794,0,0,3.22296,0.123684,0.36288,3.6288,61.308,0.66528,0,0,1.2786,0.210372,0.402947,0.66528,12.849,1,0.517238,0.36288,0,51.9797,4.1476,47.6777,0.84672,12.849,0.84672,3695.15,0,36.966,0.680318,0.940205,2.37767,6.85878,1.03934,8.45699,0.42336,36.966,0.42336,423.524,0,1.02816,0,0,1.96836,0.940205,1.028160,1,0,56.5377,0,0,0,56.5377,0
64.3212,2.58906,0,0,2.95111,0.114879,0.36288,3.6288,61.308,0.66528,0,0,1.21691,0.232311,0.319319,0.66528,12.849,1,0.516271,0.36288,0,45.8396,4.4299,41.2563,0.84672,12.849,0.84672,3695.15,0,36.966,0.680414,0.859438,2.41588,6.66084,1.14239,8.11335,0.42336,36.966,0.42336,423.524,0,1.02816,0,0,1.8876,0.859438,1.028160,1,0,49.689,0,0,0,49.689,0
64.0636,2.58842,0,0,2.78609,0.0924101,0.36288,3.6288,61.308,0.66528,0,0,1.13564,0.287156,0.183206,0.66528,12.849,1,0.517071,0.36288,0,40.7705,5.13565,35.4807,0.84672,12.849,0.84672,3695.15,0,36.966,0.680509,0.826433,2.41598,6.3536,1.4,7.5155,0.42336,36.966,0.42336,423.524,0,1.02816,0,0,1.85459,0.826433,1.028160,1,0,43.1794,0,0,0,43.1794,0
63.8174,2.58682,0,0,2.79614,0.0926203,0.36288,3.6288,61.308,0.66528,0,0,1.10245,0.292412,0.144754,0.66528,12.849,1,0.518829,0.36288,0,41.9402,5.34997,36.4343,0.84672,12.849,0.84672,3695.15,0,36.966,0.680605,0.937786,2.41608,6.40583,1.42758,7.65151,0.42336,36.966,0.42336,423.524,0,1.02816,0,0,1.96595,0.937786,1.028160,1,0,44.2305,0,0,0,44.2305,0
64.1027,2.6515,0,0,3.39314,0.0934401,0.36288,3.6288,61.308,0.66528,0,0,1.13502,0.305554,0.164186,0.66528,12.849,1,0.533852,0.36288,0,47.0279,5.88578,40.9711,0.84672,12.849,0.84672,3695.15,0,36.966,0.731324,1.27606,2.41619,7.32871,1.49653,8.79309,0.42336,36.966,0.42336,423.524,0,1.02816,0,0,2.30422,1.27606,1.028160,1,0,49.9284,0,0,0,49.9284,0
63.9513,2.65361,0,0,2.95876,0.0936563,0.36288,3.6288,61.308,0.66528,0,0,1.07033,0.305554,0.0994981,0.66528,12.849,1,0.5319,0.36288,0,44.5554,5.88578,38.5006,0.84672,12.849,0.84672,3695.15,0,36.966,0.731422,1.06207,2.47031,7.00281,1.49653,8.30723,0.42336,36.966,0.42336,423.524,0,1.02816,0,0,2.09023,1.06207,1.028160,1,0,46.9073,0,0,0,46.9073,0
63.5755,2.65269,0,0,2.72868,0.0889498,0.36288,3.6288,61.308,0.66528,0,0,1.05194,0.308144,0.0785135,0.66528,12.849,1,0.532975,0.36288,0,42.034,5.96055,35.9034,0.84672,12.849,0.84672,3695.15,0,36.966,0.73152,0.969684,2.47041,6.93896,1.51147,8.13606,0.42336,36.966,0.42336,423.524,0,1.02816,0,0,1.99784,0.969684,1.028160,1,0,44.118,0,0,0,44.118,0
62.7088,2.65021,0,0,2.22649,0.0801386,0.36288,3.6288,61.308,0.66528,0,0,1.04742,0.307214,0.0749245,0.66528,12.849,1,0.535623,0.36288,0,39.7449,6.12278,33.4494,0.84672,12.849,0.84672,3695.15,0,36.966,0.731618,0.970462,2.47052,6.67397,1.45255,7.93078,0.42336,36.966,0.42336,423.524,0,1.02816,0,0,1.99862,0.970462,1.028160,1,0,41.4551,0,0,0,41.4551,0
61.3067,2.83755,0,0,1.88749,0.0890892,0.36288,3.6288,61.1633,0.66528,0,0,0.855835,0.335223,0,0.66528,12.849,1,0.581413,0.36288,0,34.7645,6.45731,28.0887,0.84672,12.849,0.84672,3695.15,0,36.966,0.914476,0.989081,2.47062,6.13214,1.47852,7.19884,0.42336,36.966,0.42336,423.524,0,1.02816,0,0,2.01724,0.989081,1.028160,1,0,35.2875,0,0,0,35.2875,0
59.8592,2.8267,0,0,1.83049,0.0883963,0.36288,3.6288,60.9386,0.66528,0,0,0.781211,0.340677,0,0.66528,12.849,1,0.592436,0.36288,0,31.2057,6.53216,24.444,0.84672,12.849,0.84672,3695.15,0,36.966,0.914582,0.888745,2.65559,6.08004,1.49276,7.21703,0.42336,36.966,0.42336,423.524,0,1.02816,0,0,1.9169,0.888745,1.028160,1,0,31.661,0,0,0,31.661,0
59.2534,2.81505,0,0,2.65941,0.0872902,0.36288,3.6288,60.8307,0.66528,0,0,0.897627,0.340193,0,0.66528,12.849,1,0.60426,0.36288,0,35.5413,6.53216,28.7678,0.84672,12.849,0.84672,3695.15,0,36.966,0.914689,1.22945,2.6557,6.7411,1.49276,8.21882,0.42336,36.966,0.42336,423.524,0,1.02816,0,0,2.25761,1.22945,1.028160,1,0,36.9866,0,0,0,36.9866,0
59.7991,2.81011,0,0,3.83305,0.11442,0.36288,3.6288,61.023,0.66528,0,0,1.18816,0.330611,0,0.66528,12.849,1,0.609368,0.36288,0,57.9873,6.40074,51.34,0.84672,12.849,0.84672,3695.15,0,36.966,0.914795,1.41909,2.65582,7.50488,1.46624,9.19875,0.42336,36.966,0.42336,423.524,0,1.02816,0,0,2.44725,1.41909,1.028160,1,0,60.5388,0,0,0,60.5388,0
58.7002,2.81483,0,0,2.19743,0.118614,0.36288,3.6288,61.2122,0.66528,0,0,1.17854,0.324051,0,0.66528,12.849,1,0.604822,0.36288,0,57.9755,5.71749,52.0161,0.84672,12.849,0.84672,3695.15,0,36.966,0.914901,1.391,2.65593,5.41844,1.44708,7.10339,0.42336,36.966,0.42336,423.524,0,1.02816,0,0,2.41916,1.391,1.028160,1,0,59.1195,0,0,0,59.1195,0
56.8631,2.71251,0,0,1.36659,0.128294,0.36288,3.6288,61.0339,0.66528,0,0,0.809663,0.322712,0,0.66528,12.849,1,0.593746,0.36288,0,49.5566,5.06184,44.2639,0.84672,12.849,0.84672,3695.15,0,36.966,0.804054,1.02048,2.65605,3.80941,1.43464,5.24724,0.42336,36.966,0.42336,423.524,0,1.02816,0,0,2.04864,1.02048,1.028160,1,0,49.5112,0,0,0,49.5112,0
54.8208,2.697,0,0,1.18637,0.168795,0.36288,3.6288,60.8185,0.66528,0,0,0.740621,0.290707,0,0.66528,12.849,1,0.609424,0.36288,0,35.2489,4.5578,30.4445,0.84672,12.849,0.84672,3695.15,0,36.966,0.804155,0.804643,2.54916,5.55737,1.30386,6.80315,0.42336,36.966,0.42336,423.524,0,1.02816,0,0,1.8328,0.804643,1.028160,1,0,37.2477,0,0,0,37.2477,0
54.1923,2.67874,0,0,2.51361,0.10046,0.36288,3.6288,60.8297,0.66528,0,0,1.01137,0.334888,0,0.66528,12.849,1,0.627848,0.36288,0,38.0858,5.4642,32.3566,0.84672,12.849,0.84672,3695.15,0,36.966,0.804256,1.48694,2.54927,9.32717,1.30922,11.2499,0.42336,36.966,0.42336,423.524,0,1.02816,0,0,2.5151,1.48694,1.028160,1,0,43.6065,0,0,0,43.6065,0
56.9372,2.67299,0,0,5.96375,0.183024,0.36288,3.6288,61.308,0.66528,0,0,1.56212,0.232447,0.186125,0.66528,12.849,1,0.633766,0.36288,0,82.3873,4.43847,77.678,0.84672,12.849,0.84672,3695.15,0,36.966,0.804357,2.58731,2.54937,13.1739,0.998771,16.5075,0.42336,36.966,0.42336,423.524,0,1.02816,0,0,3.61547,2.58731,1.028160,1,0,94.3716,0,0,0,94.3716,0
54.7592,2.62198,0,0,1.04186,0.234958,0.36288,3.6288,60.592,0.881315,0,0,0.367848,0.202526,0,0.66528,12.849,1,0.591702,0.36288,0,18.5809,4.66389,13.6882,0.84672,12.849,0.84672,3695.15,0,36.966,0.703444,0.216518,2.54948,3.618,1.12139,4.55916,0.42336,36.966,0.42336,423.524,0,0.812125,0,0,1.02864,0.216518,1.028160,1,0,18.2474,0,0,0,18.2474,0
53.51,2.60305,0,0,1.94669,0.229917,0.36288,3.6288,60.7287,0.66528,0,0,1.00363,0.201609,0,0.66528,12.849,1,0.610794,0.36288,0,37.0189,4.66389,32.1071,0.84672,12.849,0.84672,3695.15,0,36.966,0.703541,2.12274,2.45408,7.98169,1.12139,10.7336,0.42336,36.966,0.42336,423.524,0,1.02816,0,0,3.1509,2.12274,1.028160,1,0,42.8406,0,0,0,42.8406,0
53.8921,2.59168,0,0,3.57332,0.236698,0.36288,3.6288,61.308,0.66528,0,0,1.8173,0.193982,0.378788,0.66528,12.849,1,0.622323,0.36288,0,71.1756,4.55506,66.3611,0.84672,12.849,0.84672,3695.15,0,36.966,0.703637,2.07513,2.45418,10.4462,1.09057,13.1813,0.42336,36.966,0.42336,423.524,0,1.02816,0,0,3.10329,2.07513,1.028160,1,0,79.9212,0,0,0,79.9212,0
52.8271,2.59538,0,0,2.15361,0.26037,0.36288,3.6288,61.308,0.66528,0,0,1.04666,0.176541,0.204837,0.66528,12.849,1,0.618792,0.36288,0,41.4291,4.17649,36.9967,0.84672,12.849,0.84672,3695.15,0,36.966,0.703734,0.742435,2.45429,6.55148,0.862789,8.18168,0.42336,36.966,0.42336,423.524,0,1.02816,0,0,1.7706,0.742435,1.028160,1,0,45.3833,0,0,0,45.3833,0
53.0039,2.37244,0,0,3.15171,0.239581,0.36288,3.6288,61.2609,0.66528,0,0,0.82747,0.209332,0,0.66528,12.849,1,0.577042,0.36288,0,88.9823,4.00303,84.7651,0.84672,12.849,0.84672,3695.15,0,36.966,0.493408,1.16074,2.45439,9.73175,0.993531,11.8599,0.42336,36.966,0.42336,423.524,0,1.02816,0,0,2.1889,1.16074,1.028160,1,0,96.6251,0,0,0,96.6251,0
53.7844,2.37411,0,0,3.75651,0.238994,0.36288,3.6288,61.308,0.66528,0,0,1.1346,0.217394,0.204781,0.66528,12.849,1,0.575522,0.36288,0,155.424,3.93687,151.275,0.84672,12.849,0.84672,3695.15,0,36.966,0.493494,2.00963,2.24229,10.4338,1.00225,13.19,0.42336,36.966,0.42336,423.524,0,1.02816,0,0,3.03779,2.00963,1.028160,1,0,164.669,0,0,0,164.669,0
54.8606,2.38097,0,0,4.05758,0.237537,0.36288,3.6288,61.308,0.66528,0,0,1.10252,0.204471,0.232765,0.66528,12.849,1,0.56881,0.36288,0,123.572,3.78708,119.579,0.84672,12.849,0.84672,3695.15,0,36.966,0.493581,1.37816,2.24239,8.78627,0.987535,10.9257,0.42336,36.966,0.42336,423.524,0,1.02816,0,0,2.40632,1.37816,1.028160,1,0,130.737,0,0,0,130.737,0
57.3142,2.39013,0,0,5.43822,0.231621,0.36288,3.6288,61.308,0.66528,0,0,1.1616,0.172002,0.324314,0.66528,12.849,1,0.559797,0.36288,0,87.7867,3.41261,84.1772,0.84672,12.849,0.84672,3695.15,0,36.966,0.493668,1.26575,2.24248,13.6225,0.950738,15.6864,0.42336,36.966,0.42336,423.524,0,1.02816,0,0,2.29391,1.26575,1.028160,1,0,100.188,0,0,0,100.188,0
58.7842,2.40983,0,0,4.46907,0.226398,0.36288,3.6288,61.308,0.66528,0,0,1.38416,0.189381,0.529502,0.66528,12.849,1,0.540249,0.36288,0,107.082,3.44892,103.455,0.84672,12.849,0.84672,3695.15,0,36.966,0.493755,2.78675,2.24258,16.171,0.910426,19.7961,0.42336,36.966,0.42336,423.524,0,1.02816,0,0,3.81491,2.78675,1.028160,1,0,123.781,0,0,0,123.781,0
60.3723,2.50465,0,0,4.67057,0.214869,0.36288,3.6288,61.308,0.66528,0,0,2.01201,0.212552,1.13418,0.66528,12.849,1,0.547465,0.36288,0,91.8083,3.49734,88.1264,0.84672,12.849,0.84672,3695.15,0,36.966,0.554781,4.05537,2.24267,9.64656,0.856675,14.5331,0.42336,36.966,0.42336,423.524,0,1.02816,0,0,5.08353,4.05537,1.028160,1,0,103.794,0,0,0,103.794,0
61.086,2.51663,0,0,3.81133,0.218155,0.36288,3.6288,61.308,0.66528,0,0,1.34809,0.212552,0.470258,0.66528,12.849,1,0.535613,0.36288,0,95.9135,3.49734,92.2434,0.84672,12.849,0.84672,3695.15,0,36.966,0.554856,2.79574,2.30894,7.39654,0.856675,11.0897,0.42336,36.966,0.42336,423.524,0,1.02816,0,0,3.8239,2.79574,1.028160,1,0,103.803,0,0,0,103.803,0
61.6137,2.52191,0,0,3.65364,0.241135,0.36288,3.6288,61.308,0.66528,0,0,1.26916,0.252076,0.351799,0.66528,12.849,1,0.530466,0.36288,0,98.2705,4.1514,93.9515,0.84672,12.849,0.84672,3695.15,0,36.966,0.554931,2.27883,2.30902,7.93178,1.15035,10.8144,0.42336,36.966,0.42336,423.524,0,1.02816,0,0,3.30699,2.27883,1.028160,1,0,105.118,0,0,0,105.118,0
62.759,2.52578,0,0,4.30039,0.266425,0.36288,3.6288,61.308,0.66528,0,0,1.36549,0.253685,0.446527,0.66528,12.849,1,0.526729,0.36288,0,83.052,4.30782,78.5803,0.84672,12.849,0.84672,3695.15,0,36.966,0.555007,2.71026,2.30911,8.71379,1.24168,11.9365,0.42336,36.966,0.42336,423.524,0,1.02816,0,0,3.73842,2.71026,1.028160,1,0,90.9633,0,0,0,90.9633,0
64.1776,2.80549,0,0,4.8336,0.246644,0.36288,3.6288,61.308,0.66528,0,0,1.16499,0.206366,0.293346,0.66528,12.849,1,0.574384,0.36288,0,99.0576,3.444,95.4021,0.84672,12.849,0.84672,3695.15,0,36.966,0.783904,5.1028,2.30919,6.65011,0.918868,12.3593,0.42336,36.966,0.42336,423.524,0,1.02816,0,0,6.13096,5.1028,1.028160,1,0,108.055,0,0,0,108.055,0
64.6107,2.81619,0,0,3.86172,0.249506,0.36288,3.6288,61.308,0.66528,0,0,1.25534,0.206366,0.383694,0.66528,12.849,1,0.56383,0.36288,0,92.3746,3.444,88.7296,0.84672,12.849,0.84672,3695.15,0,36.966,0.783988,2.13226,2.54739,5.68344,0.918868,8.66023,0.42336,36.966,0.42336,423.524,0,1.02816,0,0,3.16042,2.13226,1.028160,1,0,97.7735,0,0,0,97.7735,0
65.0733,2.81946,0,0,3.89528,0.250379,0.36288,3.6288,61.308,0.66528,0,0,1.11276,0.206366,0.241117,0.66528,12.849,1,0.5607,0.36288,0,64.1218,3.444,60.4799,0.84672,12.849,0.84672,3695.15,0,36.966,0.784072,0.963783,2.54748,5.00399,0.918868,6.81231,0.42336,36.966,0.42336,423.524,0,1.02816,0,0,1.99194,0.963783,1.028160,1,0,67.5334,0,0,0,67.5334,0
68.2214,2.82291,0,0,6.57107,0.237155,0.36288,3.6288,61.308,0.66528,0,0,1.55867,0.21985,0.673543,0.66528,12.849,1,0.557395,0.36288,0,124.097,3.35992,120.543,0.84672,12.849,0.84672,3695.15,0,36.966,0.784156,1.939,2.54757,7.65755,0.922641,10.4373,0.42336,36.966,0.42336,423.524,0,1.02816,0,0,2.96716,1.939,1.028160,1,0,131.654,0,0,0,131.654,0
69.2654,2.45184,0,0,4.16909,0.310438,0.36288,3.6288,61.308,0.66528,0,0,1.72687,0.172259,0.889329,0.66528,12.849,1,0.461785,0.36288,0,97.9707,3.51172,94.3601,0.84672,12.849,0.84672,3695.15,0,36.966,0.47711,2.79556,2.54766,8.89834,0.990733,12.7737,0.42336,36.966,0.42336,423.524,0,1.02816,0,0,3.82372,2.79556,1.028160,1,0,108.023,0,0,0,108.023,0
71.0253,2.45781,0,0,4.89357,0.312975,0.36288,3.6288,61.308,0.66528,0,0,1.63135,0.172259,0.793814,0.66528,12.849,1,0.455934,0.36288,0,84.9148,3.51172,81.31,0.84672,12.849,0.84672,3695.15,0,36.966,0.477182,2.6185,2.22298,8.14631,0.990733,11.5199,0.42336,36.966,0.42336,423.524,0,1.02816,0,0,3.64666,2.6185,1.028160,1,0,93.6237,0,0,0,93.6237,0
71.8282,2.46748,0,0,3.95051,0.317252,0.36288,3.6288,61.308,0.66528,0,0,1.15196,0.172259,0.314423,0.66528,12.849,1,0.446386,0.36288,0,91.7801,3.51172,88.1849,0.84672,12.849,0.84672,3695.15,0,36.966,0.477254,1.37464,2.22306,5.65064,0.990733,7.78035,0.42336,36.966,0.42336,423.524,0,1.02816,0,0,2.4028,1.37464,1.028160,1,0,96.2797,0,0,0,96.2797,0
71.4553,2.47182,0,0,2.78103,0.319204,0.36288,3.6288,61.2876,0.66528,0,0,0.817145,0.172259,0,0.66528,12.849,1,0.442172,0.36288,0,81.5927,3.51172,78.0017,0.84672,12.849,0.84672,3695.15,0,36.966,0.477327,1.04645,2.22314,5.43053,0.990733,7.23205,0.42336,36.966,0.42336,423.524,0,1.02816,0,0,2.07461,1.04645,1.028160,1,0,85.2337,0,0,0,85.2337,0
72.29,2.46997,0,0,4.68325,0.257066,1.1215,3.6288,61.308,0.66528,0,0,1.22926,0.156024,0.387559,0.66528,12.849,1,0.444147,1.1215,0,142.515,3.7272,139.465,0.84672,12.849,0.84672,3695.15,0,36.966,0.477399,1.79536,2.22322,7.32612,1.04527,9.82202,0.42336,36.966,0.42336,423.524,0,1.02816,0,0,2.82352,1.79536,1.028160,1,0,149.675,0,0,0,149.675,0
72.29,2.57422,0,0,5.11086,0.271961,2.26468,3.6288,61.308,0.66528,0,0,1.43113,0.175467,0.590382,0.66528,12.849,1,0.457549,2.26468,0,142.335,4.34658,139.795,0.84672,12.849,0.84672,3695.15,0,36.966,0.552621,2.38963,2.2233,8.06553,1.15193,10.9739,0.42336,36.966,0.42336,423.524,0,1.02816,0,0,3.41779,2.38963,1.028160,1,0,151.359,0,0,0,151.359,0
72.29,2.57433,0,0,4.41786,0.271961,1.57156,3.6288,61.308,0.66528,0,0,1.30537,0.175467,0.464618,0.66528,12.849,1,0.457568,1.57156,0,123.245,4.34658,120.013,0.84672,12.849,0.84672,3695.15,0,36.966,0.552696,2.27845,2.30346,7.17051,1.15193,10.0478,0.42336,36.966,0.42336,423.524,0,1.02816,0,0,3.30661,2.27845,1.028160,1,0,130.525,0,0,0,130.525,0
72.29,2.57444,0,0,4.5394,0.246964,1.71799,3.6288,61.308,0.66528,0,0,1.25312,0.161254,0.426585,0.66528,12.849,1,0.457587,1.71799,0,111.199,3.79584,108.663,0.84672,12.849,0.84672,3695.15,0,36.966,0.552771,1.96849,2.30354,7.60501,1.14392,10.1804,0.42336,36.966,0.42336,423.524,0,1.02816,0,0,2.99665,1.96849,1.028160,1,0,119.27,0,0,0,119.27,0
72.29,2.57455,0,0,4.20127,0.223695,1.40302,3.6288,61.308,0.66528,0,0,1.17537,0.165628,0.344461,0.66528,12.849,1,0.457607,1.40302,0,114.59,3.45134,112.084,0.84672,12.849,0.84672,3695.15,0,36.966,0.552846,2.26165,2.30362,6.52865,1.11115,9.42993,0.42336,36.966,0.42336,423.524,0,1.02816,0,0,3.28981,2.26165,1.028160,1,0,121.858,0,0,0,121.858,0
71.9422,2.53564,0,0,2.76312,0.212391,0.36288,3.6288,61.308,0.66528,0,0,1.0281,0.203212,0.159608,0.66528,12.849,1,0.45069,0.36288,0,67.5821,3.62271,63.8716,0.84672,12.849,0.84672,3695.15,0,36.966,0.523729,1.91441,2.30371,4.90444,1.04423,7.5546,0.42336,36.966,0.42336,423.524,0,1.02816,0,0,2.94257,1.91441,1.028160,1,0,71.5858,0,0,0,71.5858,0
71.6533,2.53389,0,0,2.81972,0.21183,0.36288,3.6288,61.308,0.66528,0,0,0.884831,0.203212,0.0163395,0.66528,12.849,1,0.452558,0.36288,0,65.2415,3.62271,61.5291,0.84672,12.849,0.84672,3695.15,0,36.966,0.523803,1.39505,2.27262,4.85076,1.04423,6.9504,0.42336,36.966,0.42336,423.524,0,1.02816,0,0,2.42321,1.39505,1.028160,1,0,68.4959,0,0,0,68.4959,0
71.4609,2.53246,0,0,2.88406,0.181101,0.36288,3.6288,61.29,0.66528,0,0,0.865296,0.218048,0,0.66528,12.849,1,0.454124,0.36288,0,67.6116,4.79233,62.728,0.84672,12.849,0.84672,3695.15,0,36.966,0.523877,1.50193,2.2727,6.03259,1.09034,8.193,0.42336,36.966,0.42336,423.524,0,1.02816,0,0,2.53009,1.50193,1.028160,1,0,70.9211,0,0,0,70.9211,0
70.7679,2.53153,0,0,2.32472,0.123366,0.36288,3.6288,61.208,0.66528,0,0,0.821318,0.237991,0,0.66528,12.849,1,0.45518,0.36288,0,43.8821,5.49887,38.291,0.84672,12.849,0.84672,3695.15,0,36.966,0.523951,1.33433,2.27278,4.55653,1.2102,6.42949,0.42336,36.966,0.42336,423.524,0,1.02816,0,0,2.36249,1.33433,1.028160,1,0,44.7205,0,0,0,44.7205,0
69.87,2.65992,0,0,2.26517,0.14022,0.36288,3.6288,61.127,0.66528,0,0,0.807114,0.222879,0,0.66528,12.849,1,0.482949,0.36288,0,49.3794,4.60507,44.6543,0.84672,12.849,0.84672,3695.15,0,36.966,0.627563,1.23761,2.27286,4.24873,1.20676,5.92489,0.42336,36.966,0.42336,423.524,0,1.02816,0,0,2.26577,1.23761,1.028160,1,0,50.5792,0,0,0,50.5792,0
68.818,2.65479,0,0,2.08958,0.123966,0.36288,3.6288,60.8948,0.66528,0,0,0.636009,0.20294,0,0.66528,12.849,1,0.488211,0.36288,0,46.959,3.97069,42.863,0.84672,12.849,0.84672,3695.15,0,36.966,0.627641,1.21031,2.38218,3.95023,1.19097,5.72411,0.42336,36.966,0.42336,423.524,0,1.02816,0,0,2.23847,1.21031,1.028160,1,0,48.5871,0,0,0,48.5871,0
67.6222,2.64861,0,0,1.90883,0.093088,0.36288,3.6288,60.6539,0.66528,0,0,0.630651,0.206281,0,0.66528,12.849,1,0.494522,0.36288,0,41.97,4.08439,37.754,0.84672,12.849,0.84672,3695.15,0,36.966,0.627719,1.20974,2.38227,3.77331,1.15544,5.58216,0.42336,36.966,0.42336,423.524,0,1.02816,0,0,2.2379,1.20974,1.028160,1,0,43.3361,0,0,0,43.3361,0
66.3967,2.64137,0,0,1.87095,0.0922206,0.36288,3.6288,60.4647,0.66528,0,0,0.682076,0.205966,0,0.66528,12.849,1,0.501891,0.36288,0,40.2058,4.08439,35.9824,0.84672,12.849,0.84672,3695.15,0,36.966,0.627797,1.16749,2.38235,4.06586,1.15544,5.83247,0.42336,36.966,0.42336,423.524,0,1.02816,0,0,2.19565,1.16749,1.028160,1,0,41.8149,0,0,0,41.8149,0
65.1866,2.63372,0,0,1.87384,0.0874125,0.36288,3.6288,60.3056,0.66528,0,0,0.763387,0.257182,0,0.66528,12.849,1,0.509674,0.36288,0,40.6209,5.03503,35.439,0.84672,12.849,0.84672,3695.15,0,36.966,0.627875,1.01635,2.38244,3.98898,1.28983,5.47006,0.42336,36.966,0.42336,423.524,0,1.02816,0,0,2.04451,1.01635,1.028160,1,0,40.9091,0,0,0,40.9091,0
63.9436,2.60015,0,0,1.80373,0.0836613,0.36288,3.6288,60.1864,0.66528,0,0,0.841579,0.29548,0,0.66528,12.849,1,0.512518,0.36288,0,38.934,5.74801,33.0363,0.84672,12.849,0.84672,3695.15,0,36.966,0.68487,0.934865,2.38252,4.0259,1.39062,5.2678,0.42336,36.966,0.42336,423.524,0,1.02816,0,0,1.96303,0.934865,1.028160,1,0,38.3041,0,0,0,38.3041,0
62.5778,2.59196,0,0,1.67192,0.0828274,0.36288,3.6288,60.0202,0.66528,0,0,0.794267,0.295256,0,0.66528,12.849,1,0.520836,0.36288,0,35.3528,5.74801,29.4468,0.84672,12.849,0.84672,3695.15,0,36.966,0.68495,0.789445,2.4208,3.97571,1.39062,5.11038,0.42336,36.966,0.42336,423.524,0,1.02816,0,0,1.81761,0.789445,1.028160,1,0,34.5572,0,0,0,34.5572,0
61.1755,2.58264,0,0,1.62511,0.081911,0.36288,3.6288,59.8106,0.66528,0,0,0.750704,0.294943,0,0.66528,12.849,1,0.530289,0.36288,0,31.7779,5.74801,25.8625,0.84672,12.849,0.84672,3695.15,0,36.966,0.68503,0.624007,2.42088,3.91827,1.39062,4.8875,0.42336,36.966,0.42336,423.524,0,1.02816,0,0,1.65217,0.624007,1.028160,1,0,30.75,0,0,0,30.75,0
59.7541,2.5727,0,0,1.57749,0.0633244,0.36288,3.6288,59.5707,0.66528,0,0,0.738487,0.313105,0,0.66528,12.849,1,0.540358,0.36288,0,30.0282,5.86566,23.9851,0.84672,12.849,0.84672,3695.15,0,36.966,0.68511,0.56497,2.42097,3.80645,1.47482,4.63246,0.42336,36.966,0.42336,423.524,0,1.02816,0,0,1.59313,0.56497,1.028160,1,0,28.6176,0,0,0,28.6176,0
58.3397,2.62784,0,0,1.63294,0.0565814,0.36288,3.6288,59.4294,0.66528,0,0,0.85549,0.331523,0,0.66528,12.849,1,0.565068,0.36288,0,31.8049,5.77427,25.8284,0.84672,12.849,0.84672,3695.15,0,36.966,0.735924,0.906241,2.42106,3.7987,1.50773,4.88234,0.42336,36.966,0.42336,423.524,0,1.02816,0,0,1.9344,0.906241,1.028160,1,0,30.7108,0,0,0,30.7108,0
56.7981,2.61672,0,0,1.49383,0.0558143,0.36288,3.6288,59.237,0.66528,0,0,0.804064,0.331224,0,0.66528,12.849,1,0.576319,0.36288,0,29.9037,5.77427,23.916,0.84672,12.849,0.84672,3695.15,0,36.966,0.736007,0.869901,2.47528,3.86653,1.50773,4.96798,0.42336,36.966,0.42336,423.524,0,1.02816,0,0,1.89806,0.869901,1.028160,1,0,28.884,0,0,0,28.884,0
55.1288,2.60408,0,0,1.35256,0.0549781,0.36288,3.6288,59.0091,0.66528,0,0,0.768226,0.330816,0,0.66528,12.849,1,0.5891,0.36288,0,28.1635,5.77427,22.1631,0.84672,12.849,0.84672,3695.15,0,36.966,0.736089,0.676417,2.47537,3.59504,1.50773,4.50301,0.42336,36.966,0.42336,423.524,0,1.02816,0,0,1.70458,0.676417,1.028160,1,0,26.6661,0,0,0,26.6661,0
53.3177,2.58972,0,0,1.18286,0.0413656,0.36288,3.6288,58.7686,0.66528,0,0,0.762782,0.33799,0,0.66528,12.849,1,0.603592,0.36288,0,26.8178,5.99859,20.5785,0.84672,12.849,0.84672,3695.15,0,36.966,0.736171,0.649192,2.47546,3.6335,1.55255,4.46943,0.42336,36.966,0.42336,423.524,0,1.02816,0,0,1.67735,0.649192,1.028160,1,0,25.0479,0,0,0,25.0479,0
51.3648,2.76144,0,0,1.22431,0.0528608,0.36288,3.6288,58.4645,0.66528,0,0,0.695218,0.334032,0,0.66528,12.849,1,0.665478,0.36288,0,23.3377,5.8793,17.1558,0.84672,12.849,0.84672,3695.15,0,36.966,0.919404,0.565678,2.47554,3.97744,1.49355,4.60571,0.42336,36.966,0.42336,423.524,0,1.02816,0,0,1.59384,0.565678,1.028160,1,0,21.7615,0,0,0,21.7615,0
49.6717,2.74132,0,0,1.4648,0.0536921,0.36288,3.6288,58.2727,0.66528,0,0,0.810475,0.336995,0,0.66528,12.849,1,0.685746,0.36288,0,26.6984,5.87234,20.5032,0.84672,12.849,0.84672,3695.15,0,36.966,0.919493,0.86616,2.66089,4.40901,1.52925,5.48732,0.42336,36.966,0.42336,423.524,0,1.02816,0,0,1.89432,0.86616,1.028160,1,0,25.9905,0,0,0,25.9905,0
47.6946,2.72286,0,0,1.16142,0.0527445,0.36288,3.6288,57.8792,0.66528,0,0,0.608323,0.336579,0,0.66528,12.849,1,0.704346,0.36288,0,29.3159,5.87234,23.1021,0.84672,12.849,0.84672,3695.15,0,36.966,0.919582,0.394589,2.66098,3.54014,1.52925,4.14688,0.42336,36.966,0.42336,423.524,0,1.02816,0,0,1.42275,0.394589,1.028160,1,0,27.2489,0,0,0,27.2489,0
45.9918,2.69997,0,0,1.41166,0.051628,0.36288,3.6288,57.8562,0.66528,0,0,0.978024,0.335725,0,0.66528,12.849,1,0.727377,0.36288,0,25.5544,5.87234,19.3176,0.84672,12.849,0.84672,3695.15,0,36.966,0.919671,1.33066,2.66108,5.10093,1.52925,6.64376,0.42336,36.966,0.42336,423.524,0,1.02816,0,0,2.35882,1.33066,1.028160,1,0,25.9614,0,0,0,25.9614,0
44.1154,2.67904,0,0,1.23316,0.0676517,0.36288,3.6288,57.6053,0.66528,0,0,0.727894,0.313568,0,0.66528,12.849,1,0.748458,0.36288,0,24.1975,5.29207,18.5199,0.84672,12.849,0.84672,3695.15,0,36.966,0.91976,0.62907,2.66118,4.7059,1.32302,5.75336,0.42336,36.966,0.42336,423.524,0,1.02816,0,0,1.65723,0.62907,1.028160,1,0,24.2732,0,0,0,24.2732,0
42.2641,2.56636,0,0,1.16402,0.0861357,0.36288,3.6288,57.7119,0.66528,0,0,1.0713,0.299343,0,0.66528,12.849,1,0.747474,0.36288,0,20.2269,4.9497,14.8926,0.84672,12.849,0.84672,3695.15,0,36.966,0.808663,1.42564,2.66127,5.13848,1.21595,7.20078,0.42336,36.966,0.42336,423.524,0,1.02816,0,0,2.4538,1.42564,1.028160,1,0,22.0934,0,0,0,22.0934,0
40.2857,2.54136,0,0,1.01015,0.0843186,0.36288,3.6288,57.3399,0.66528,0,0,0.592815,0.29955,0,0.66528,12.849,1,0.772616,0.36288,0,20.7693,4.9497,15.4098,0.84672,12.849,0.84672,3695.15,0,36.966,0.808747,0.401293,2.55414,3.81142,1.21595,4.74216,0.42336,36.966,0.42336,423.524,0,1.02816,0,0,1.42945,0.401293,1.028160,1,0,20.152,0,0,0,20.152,0
38.3103,2.51269,0,0,0.98261,0.0823767,0.36288,3.6288,56.9242,0.66528,0,0,0.548424,0.298829,0,0.66528,12.849,1,0.801417,0.36288,0,18.9723,4.9497,13.5841,0.84672,12.849,0.84672,3695.15,0,36.966,0.808832,0.27896,2.55423,3.7451,1.21595,4.55351,0.42336,36.966,0.42336,423.524,0,1.02816,0,0,1.30712,0.27896,1.028160,1,0,18.1376,0,0,0,18.1376,0
37.2618,2.48185,0,0,1.97535,0.17915,0.36288,3.6288,57.2403,0.66528,0,0,1.17622,0.194836,0,0.66528,12.849,1,0.832396,0.36288,0,51.5844,3.49629,47.6186,0.84672,12.849,0.84672,3695.15,0,36.966,0.808917,0.850591,2.55432,9.43618,0.761661,11.2705,0.42336,36.966,0.42336,423.524,0,1.02816,0,0,1.87875,0.850591,1.028160,1,0,58.8891,0,0,0,58.8891,0
35.1989,2.39507,0,0,0.862332,0.167224,0.36288,3.6288,56.1369,1.17794,0,0,0.246519,0.172062,0,0.66528,12.849,1,0.825892,0.36288,0,14.6608,3.89403,10.3037,0.84672,12.849,0.84672,3695.15,0,36.966,0.76072,0.216518,2.55441,3.13406,0.949896,4.19438,0.42336,36.966,0.42336,423.524,0,0.462555,0,0,0.679073,0.216518,1.028160,1,0,14.4981,0,0,0,14.4981,0
33.9244,2.35971,0,0,1.61124,0.163151,0.36288,3.6288,55.9733,0.66528,0,0,0.672598,0.17083,0,0.66528,12.849,1,0.861387,0.36288,0,29.2086,3.89403,24.8161,0.84672,12.849,0.84672,3695.15,0,36.966,0.707859,1.05195,2.45879,6.91416,0.949896,8.76715,0.42336,36.966,0.42336,423.524,0,1.02816,0,0,2.08011,1.05195,1.028160,1,0,33.5833,0,0,0,33.5833,0
34.0144,2.33634,0,0,2.95756,0.168386,0.36288,3.6288,56.3629,0.66528,0,0,1.21789,0.16308,0,0.66528,12.849,1,0.884895,0.36288,0,56.1585,3.78521,51.8513,0.84672,12.849,0.84672,3695.15,0,36.966,0.70794,1.02053,2.45888,9.04876,0.91907,10.9012,0.42336,36.966,0.42336,423.524,0,1.02816,0,0,2.04869,1.02053,1.028160,1,0,62.7525,0,0,0,62.7525,0
32.9091,2.33813,0,0,1.78251,0.186752,0.36288,3.6288,56.1011,0.817271,0,0,0.701431,0.145909,0,0.66528,12.849,1,0.883234,0.36288,0,32.6886,3.40664,28.7616,0.84672,12.849,0.84672,3695.15,0,36.966,0.708021,0.292723,2.45897,5.67514,0.691291,7.02752,0.42336,36.966,0.42336,423.524,0,0.876169,0,0,1.16889,0.292723,1.028160,1,0,35.7891,0,0,0,35.7891,0
33.0107,2.12603,0,0,2.76813,0.177635,0.36288,3.6288,56.3491,0.66528,0,0,1.08264,0.169368,0,0.66528,12.849,1,0.830084,0.36288,0,52.1859,4.09659,47.6221,0.84672,12.849,0.84672,3695.15,0,36.966,0.497251,1.12172,2.45905,9.67279,1.01915,11.7372,0.42336,36.966,0.42336,423.524,0,1.02816,0,0,2.14988,1.12172,1.028160,1,0,59.3592,0,0,0,59.3592,0
33.8967,2.12796,0,0,3.55584,0.179004,0.36288,3.6288,56.6621,0.66528,0,0,1.16356,0.185329,0,0.66528,12.849,1,0.82828,0.36288,0,86.9435,4.28316,82.1949,0.84672,12.849,0.84672,3695.15,0,36.966,0.497323,1.9729,2.2465,11.279,1.11892,13.8822,0.42336,36.966,0.42336,423.524,0,1.02816,0,0,3.00106,1.9729,1.028160,1,0,96.0771,0,0,0,96.0771,0
34.5843,2.14375,0,0,3.37516,0.180976,0.36288,3.6288,57.0412,0.66528,0,0,1.23016,0.185707,0,0.66528,12.849,1,0.812616,0.36288,0,68.8429,4.28316,64.11,0.84672,12.849,0.84672,3695.15,0,36.966,0.497396,1.55947,2.24658,9.81469,1.11892,12.0044,0.42336,36.966,0.42336,423.524,0,1.02816,0,0,2.58763,1.55947,1.028160,1,0,76.1145,0,0,0,76.1145,0
35.3213,2.15562,0,0,3.43967,0.184129,0.36288,3.6288,57.3586,0.66528,0,0,1.16079,0.178194,0,0.66528,12.849,1,0.800871,0.36288,0,85.4628,4.16545,80.8594,0.84672,12.849,0.84672,3695.15,0,36.966,0.497469,1.24603,2.24666,9.5466,1.05882,11.483,0.42336,36.966,0.42336,423.524,0,1.02816,0,0,2.27419,1.24603,1.028160,1,0,92.3424,0,0,0,92.3424,0
36.1286,2.16797,0,0,3.53381,0.195711,0.36288,3.6288,57.674,0.66528,0,0,1.14151,0.16077,0,0.66528,12.849,1,0.788651,0.36288,0,64.7387,3.60416,60.7087,0.84672,12.849,0.84672,3695.15,0,36.966,0.497542,1.15812,2.24674,10.3121,0.762127,12.4573,0.42336,36.966,0.42336,423.524,0,1.02816,0,0,2.18628,1.15812,1.028160,1,0,73.166,0,0,0,73.166,0
35.393,2.25636,0,0,2.08689,0.203247,0.36288,3.6288,57.5112,0.66528,0,0,0.709508,0.207038,0,0.66528,12.849,1,0.802467,0.36288,0,64.067,3.63648,59.9909,0.84672,12.849,0.84672,3695.15,0,36.966,0.558676,0.90542,2.24682,7.95252,0.83249,9.71359,0.42336,36.966,0.42336,423.524,0,1.02816,0,0,1.93358,0.90542,1.028160,1,0,69.7045,0,0,0,69.7045,0
35.8185,2.2442,0,0,3.23804,0.205454,0.36288,3.6288,57.5732,0.66528,0,0,0.911935,0.184669,0,0.66528,12.849,1,0.814731,0.36288,0,81.4303,3.38898,77.5894,0.84672,12.849,0.84672,3695.15,0,36.966,0.558736,1.2224,2.31321,9.78489,0.765384,11.9964,0.42336,36.966,0.42336,423.524,0,1.02816,0,0,2.25056,1.2224,1.028160,1,0,89.5858,0,0,0,89.5858,0
38.7555,2.2514,0,0,5.75784,0.206509,0.36288,3.6288,58.2399,0.66528,0,0,1.51669,0.184744,0,0.66528,12.849,1,0.807636,0.36288,0,95.116,3.38898,91.2823,0.84672,12.849,0.84672,3695.15,0,36.966,0.558797,1.88193,2.31328,9.706,0.765384,12.577,0.42336,36.966,0.42336,423.524,0,1.02816,0,0,2.91009,1.88193,1.028160,1,0,103.859,0,0,0,103.859,0
44.4713,2.29745,0,0,8.58989,0.213795,0.36288,3.6288,59.1042,0.66528,0,0,1.7152,0.185541,0,0.66528,12.849,1,0.761695,0.36288,0,109.232,3.38898,105.444,0.84672,12.849,0.84672,3695.15,0,36.966,0.558857,2.2078,2.31334,15.2977,0.765384,18.4946,0.42336,36.966,0.42336,423.524,0,1.02816,0,0,3.23596,2.2078,1.028160,1,0,123.939,0,0,0,123.939,0
45.3981,2.62787,0,0,4.16153,0.244013,0.36288,3.6288,59.3034,0.66528,0,0,1.08662,0.222166,0,0.66528,12.849,1,0.759265,0.36288,0,64.6979,3.83187,60.4696,0.84672,12.849,0.84672,3695.15,0,36.966,0.788191,0.930796,2.31341,7.10745,0.973398,8.59007,0.42336,36.966,0.42336,423.524,0,1.02816,0,0,1.95896,0.930796,1.028160,1,0,69.0597,0,0,0,69.0597,0
45.5163,2.64004,0,0,3.37624,0.255115,0.36288,3.6288,59.2093,0.66528,0,0,0.787562,0.21639,0,0.66528,12.849,1,0.74721,0.36288,0,48.7479,4.08387,44.2797,0.84672,12.849,0.84672,3695.15,0,36.966,0.788259,0.73078,2.55206,5.83857,1.04151,7.29163,0.42336,36.966,0.42336,423.524,0,1.02816,0,0,1.75894,0.73078,1.028160,1,0,51.5713,0,0,0,51.5713,0
46.6054,2.64164,0,0,4.3491,0.255454,0.36288,3.6288,59.2943,0.66528,0,0,0.966522,0.216259,0,0.66528,12.849,1,0.745721,0.36288,0,65.8209,4.08387,61.3542,0.84672,12.849,0.84672,3695.15,0,36.966,0.788326,1.28939,2.55213,7.97144,1.04151,9.98312,0.42336,36.966,0.42336,423.524,0,1.02816,0,0,2.31755,1.28939,1.028160,1,0,71.3373,0,0,0,71.3373,0
48.2547,2.65539,0,0,4.92612,0.258574,0.36288,3.6288,59.425,0.66528,0,0,1.01237,0.216377,0,0.66528,12.849,1,0.732086,0.36288,0,75.5706,4.08387,71.1175,0.84672,12.849,0.84672,3695.15,0,36.966,0.788394,1.07502,2.5522,7.3078,1.04151,9.10512,0.42336,36.966,0.42336,423.524,0,1.02816,0,0,2.10318,1.07502,1.028160,1,0,80.2227,0,0,0,80.2227,0
48.3194,2.30587,0,0,3.02041,0.286914,0.36288,3.6288,59.0381,0.917013,0,0,0.770031,0.239892,0,0.66528,12.849,1,0.613994,0.36288,0,58.1752,4.38636,53.5377,0.84672,12.849,0.84672,3695.15,0,36.966,0.570438,0.608429,2.55228,5.18073,1.12985,6.64115,0.42336,36.966,0.42336,423.524,0,0.686724,0,0,1.29515,0.608429,1.028160,1,0,60.1789,0,0,0,60.1789,0
48.7809,2.3066,0,0,3.42204,0.291054,0.36288,3.6288,58.5926,1.00937,0,0,0.806981,0.243178,0,0.66528,12.849,1,0.613365,0.36288,0,61.3379,4.43677,56.6506,0.84672,12.849,0.84672,3695.15,0,36.966,0.632003,0.608429,2.22695,4.90841,1.14457,5.96722,0.42336,36.966,0.42336,423.524,0,0.532863,0,0,1.14129,0.608429,1.028160,1,0,62.6178,0,0,0,62.6178,0
49.7636,2.31127,0,0,3.93396,0.277188,0.36288,3.6288,58.8498,0.672909,0,0,1.16328,0.233096,0,0.66528,12.849,1,0.608793,0.36288,0,64.9548,4.46418,60.2447,0.84672,12.849,0.84672,3695.15,0,36.966,0.480851,0.608429,2.22701,7.20297,1.09314,8.46442,0.42336,36.966,0.42336,423.524,0,1.02053,0,0,1.62896,0.608429,1.028160,1,0,68.7092,0,0,0,68.7092,0
51.37,2.3209,0,0,4.54972,0.259474,0.36288,3.6288,59.4078,0.66528,0,0,1.44414,0.220944,0,0.66528,12.849,1,0.599259,0.36288,0,78.4141,4.50072,73.677,0.84672,12.849,0.84672,3695.15,0,36.966,0.48091,3.12307,2.22708,7.28206,1.02456,11.1267,0.42336,36.966,0.42336,423.524,0,1.02816,0,0,4.15123,3.12307,1.028160,1,0,84.8038,0,0,0,84.8038,0
52.6415,2.33597,0,0,4.20859,0.238306,0.36288,3.6288,59.5002,0.66528,0,0,0.960915,0.203155,0,0.66528,12.849,1,0.584289,0.36288,0,77.2807,4.55193,72.5073,0.84672,12.849,0.84672,3695.15,0,36.966,0.480968,0.683269,2.22714,7.95102,1.09427,9.28619,0.42336,36.966,0.42336,423.524,0,1.02816,0,0,1.71143,0.683269,1.028160,1,0,81.7935,0,0,0,81.7935,0
55.2223,2.44205,0,0,5.59265,0.206896,0.36288,3.6288,59.7042,0.66528,0,0,1.04776,0.178487,0,0.66528,12.849,1,0.596068,0.36288,0,109.134,4.62021,104.281,0.84672,12.849,0.84672,3695.15,0,36.966,0.556318,1.41255,2.2272,9.56388,1.18723,11.4601,0.42336,36.966,0.42336,423.524,0,1.02816,0,0,2.44071,1.41255,1.028160,1,0,115.741,0,0,0,115.741,0
56.108,2.46473,0,0,3.92572,0.212389,0.36288,3.6288,59.6275,0.681739,0,0,0.78376,0.17872,0,0.66528,12.849,1,0.573488,0.36288,0,74.2781,4.62021,69.4473,0.84672,12.849,0.84672,3695.15,0,36.966,0.556379,0.558835,2.30751,7.23453,1.18723,8.35727,0.42336,36.966,0.42336,423.524,0,1.0117,0,0,1.57054,0.558835,1.028160,1,0,77.8045,0,0,0,77.8045,0
56.4971,2.47218,0,0,3.40994,0.185794,0.36288,3.6288,59.2691,0.814398,0,0,0.645978,0.190034,0,0.66528,12.849,1,0.566141,0.36288,0,63.8556,4.68133,58.9711,0.84672,12.849,0.84672,3695.15,0,36.966,0.556439,0.528595,2.30757,5.93637,1.20082,7.01528,0.42336,36.966,0.42336,423.524,0,0.879042,0,0,1.40764,0.528595,1.028160,1,0,65.9863,0,0,0,65.9863,0
56.529,2.47544,0,0,3.06904,0.198761,0.36288,3.6288,58.9085,0.791027,0,0,0.62556,0.195091,0,0.66528,12.849,1,0.562984,0.36288,0,58.1285,4.89828,53.0302,0.84672,12.849,0.84672,3695.15,0,36.966,0.5565,0.528595,2.30764,5.82443,1.18253,6.92163,0.42336,36.966,0.42336,423.524,0,0.902413,0,0,1.43101,0.528595,1.028160,1,0,59.9518,0,0,0,59.9518,0
56.2635,2.43827,0,0,2.67729,0.141637,0.36288,3.6288,58.8803,0.66528,0,0,0.831263,0.194158,0,0.66528,12.849,1,0.554216,0.36288,0,56.3554,4.22699,51.9371,0.84672,12.849,0.84672,3695.15,0,36.966,0.527313,0.84513,2.3077,8.19051,1.11879,9.69725,0.42336,36.966,0.42336,423.524,0,1.02816,0,0,1.87329,0.84513,1.028160,1,0,61.6344,0,0,0,61.6344,0
57.2315,2.43622,0,0,3.90833,0.141265,0.36288,3.6288,58.9937,0.66528,0,0,0.972734,0.194123,0,0.66528,12.849,1,0.556364,0.36288,0,66.4253,4.22699,62.0048,0.84672,12.849,0.84672,3695.15,0,36.966,0.527373,1.06594,2.27655,7.37562,1.11879,9.07195,0.42336,36.966,0.42336,423.524,0,1.02816,0,0,2.0941,1.06594,1.028160,1,0,71.0768,0,0,0,71.0768,0
57.2317,2.44399,0,0,2.9161,0.109041,0.36288,3.6288,59.0151,0.66528,0,0,0.889739,0.203059,0,0.66528,12.849,1,0.548698,0.36288,0,64.4659,4.49789,59.7822,0.84672,12.849,0.84672,3695.15,0,36.966,0.527432,0.856362,2.27661,6.56802,1.06864,8.10492,0.42336,36.966,0.42336,423.524,0,1.02816,0,0,1.88452,0.856362,1.028160,1,0,67.8871,0,0,0,67.8871,0
56.705,2.44407,0,0,2.37583,0.0956084,0.36288,3.6288,58.915,0.66528,0,0,0.771854,0.206605,0,0.66528,12.849,1,0.548715,0.36288,0,50.4093,4.60625,45.6172,0.84672,12.849,0.84672,3695.15,0,36.966,0.527492,0.629035,2.27668,5.94822,1.04858,7.27786,0.42336,36.966,0.42336,423.524,0,1.02816,0,0,1.6572,0.629035,1.028160,1,0,52.8951,0,0,0,52.8951,0
55.8913,2.56744,0,0,2.21542,0.098779,0.36288,3.6288,58.7367,0.66528,0,0,0.712791,0.225886,0,0.66528,12.849,1,0.581767,0.36288,0,44.6866,4.61143,39.8563,0.84672,12.849,0.84672,3695.15,0,36.966,0.63128,0.67163,2.27674,5.49631,1.0714,6.742,0.42336,36.966,0.42336,423.524,0,1.02816,0,0,1.69979,0.67163,1.028160,1,0,46.5983,0,0,0,46.5983,0
55.0348,2.56064,0,0,2.12477,0.0576848,0.36288,3.6288,58.4883,0.66528,0,0,0.664796,0.247882,0,0.66528,12.849,1,0.588673,0.36288,0,36.6254,4.86412,31.5355,0.84672,12.849,0.84672,3695.15,0,36.966,0.631343,0.516387,2.38624,5.36585,1.18701,6.45013,0.42336,36.966,0.42336,423.524,0,1.02816,0,0,1.54455,0.516387,1.028160,1,0,37.9856,0,0,0,37.9856,0
54.1019,2.5533,0,0,2.04047,0.057193,0.36288,3.6288,58.2334,0.66528,0,0,0.657815,0.247486,0,0.66528,12.849,1,0.59612,0.36288,0,33.9946,4.86412,28.8972,0.84672,12.849,0.84672,3695.15,0,36.966,0.631406,0.521821,2.38631,5.14947,1.18701,6.23919,0.42336,36.966,0.42336,423.524,0,1.02816,0,0,1.54998,0.521821,1.028160,1,0,35.1364,0,0,0,35.1364,0
53.0696,2.54508,0,0,1.93648,0.0608624,0.36288,3.6288,57.9697,0.66528,0,0,0.647395,0.245789,0,0.66528,12.849,1,0.604447,0.36288,0,32.564,4.77951,27.5429,0.84672,12.849,0.84672,3695.15,0,36.966,0.631468,0.648354,2.38638,4.82032,1.19027,6.03331,0.42336,36.966,0.42336,423.524,0,1.02816,0,0,1.67651,0.648354,1.028160,1,0,33.5762,0,0,0,33.5762,0
52.1415,2.5357,0,0,2.04462,0.0741746,0.36288,3.6288,57.7364,0.66528,0,0,0.674369,0.242387,0,0.66528,12.849,1,0.613934,0.36288,0,32.8564,4.55735,28.048,0.84672,12.849,0.84672,3695.15,0,36.966,0.631531,0.717638,2.38645,4.71072,1.1937,5.98957,0.42336,36.966,0.42336,423.524,0,1.02816,0,0,1.7458,0.717638,1.028160,1,0,34.0375,0,0,0,34.0375,0
51.4909,2.50222,0,0,2.27348,0.0589194,0.36288,3.6288,57.5245,0.66528,0,0,0.701732,0.248346,0,0.66528,12.849,1,0.61661,0.36288,0,35.9674,4.93805,30.7756,0.84672,12.849,0.84672,3695.15,0,36.966,0.688614,0.790491,2.38651,5.0806,1.17215,6.39684,0.42336,36.966,0.42336,423.524,0,1.02816,0,0,1.81865,0.790491,1.028160,1,0,37.1724,0,0,0,37.1724,0
50.652,2.49607,0,0,2.07859,0.058523,0.36288,3.6288,57.2961,0.66528,0,0,0.684901,0.248005,0,0.66528,12.849,1,0.622866,0.36288,0,35.4595,4.93805,30.2615,0.84672,12.849,0.84672,3695.15,0,36.966,0.688678,0.823876,2.42484,5.01815,1.17215,6.40604,0.42336,36.966,0.42336,423.524,0,1.02816,0,0,1.85204,0.823876,1.028160,1,0,36.6675,0,0,0,36.6675,0
49.6429,2.48792,0,0,1.89969,0.058012,0.36288,3.6288,57.0237,0.66528,0,0,0.640475,0.247639,0,0.66528,12.849,1,0.631116,0.36288,0,33.3529,4.93805,28.1466,0.84672,12.849,0.84672,3695.15,0,36.966,0.688743,0.554619,2.42491,4.77516,1.17215,5.8938,0.42336,36.966,0.42336,423.524,0,1.02816,0,0,1.58278,0.554619,1.028160,1,0,34.0404,0,0,0,34.0404,0
48.5072,2.47781,0,0,1.74681,0.0418476,0.36288,3.6288,56.6754,0.66528,0,0,0.606943,0.289889,0,0.66528,12.849,1,0.641329,0.36288,0,29.8622,5.50265,24.0811,0.84672,12.849,0.84672,3695.15,0,36.966,0.688807,0.555673,2.42498,4.54665,1.37824,5.46026,0.42336,36.966,0.42336,423.524,0,1.02816,0,0,1.58383,0.555673,1.028160,1,0,29.5413,0,0,0,29.5413,0
47.1948,2.52916,0,0,1.61982,0.0401201,0.36288,3.6288,56.28,0.66528,0,0,0.577844,0.308026,0,0.66528,12.849,1,0.669945,0.36288,0,23.5126,6.02033,17.1852,0.84672,12.849,0.84672,3695.15,0,36.966,0.739695,0.380169,2.42505,3.67696,1.4901,4.25238,0.42336,36.966,0.42336,423.524,0,1.02816,0,0,1.40833,0.380169,1.028160,1,0,21.4375,0,0,0,21.4375,0
45.9129,2.5146,0,0,1.63093,0.0354201,0.36288,3.6288,55.8522,0.66528,0,0,0.549058,0.311534,0,0.66528,12.849,1,0.684611,0.36288,0,30.799,6.05829,24.419,0.84672,12.849,0.84672,3695.15,0,36.966,0.739761,0.548389,2.47935,4.04749,1.51259,4.82288,0.42336,36.966,0.42336,423.524,0,1.02816,0,0,1.57655,0.548389,1.028160,1,0,29.2419,0,0,0,29.2419,0
44.5425,2.49975,0,0,1.52715,0.0349202,0.36288,3.6288,55.3869,0.66528,0,0,0.510602,0.310663,0,0.66528,12.849,1,0.699571,0.36288,0,24.7285,6.05829,18.3336,0.84672,12.849,0.84672,3695.15,0,36.966,0.739827,0.51916,2.47942,3.64849,1.51259,4.39466,0.42336,36.966,0.42336,423.524,0,1.02816,0,0,1.54732,0.51916,1.028160,1,0,22.7282,0,0,0,22.7282,0
43.0525,2.48313,0,0,1.39041,0.0343859,0.36288,3.6288,54.8966,0.66528,0,0,0.484749,0.309717,0,0.66528,12.849,1,0.7163,0.36288,0,22.5367,6.05829,16.125,0.84672,12.849,0.84672,3695.15,0,36.966,0.739894,0.281068,2.4795,3.40322,1.51259,3.9113,0.42336,36.966,0.42336,423.524,0,1.02816,0,0,1.30923,0.281068,1.028160,1,0,20.0363,0,0,0,20.0363,0
41.316,2.64424,0,0,1.30281,0.0321132,0.36288,3.6288,54.4283,0.66528,0,0,0.523377,0.32641,0,0.66528,12.849,1,0.789174,0.36288,0,20.9525,6.5659,13.9603,0.84672,12.849,0.84672,3695.15,0,36.966,0.92343,0.665202,2.47957,4.1584,1.59957,4.78017,0.42336,36.966,0.42336,423.524,0,1.02816,0,0,1.69336,0.665202,1.028160,1,0,18.7405,0,0,0,18.7405,0
39.3195,2.61903,0,0,1.02197,0.0366054,0.36288,3.6288,53.8458,0.66528,0,0,0.417082,0.334294,0,0.66528,12.849,1,0.814501,0.36288,0,16.9163,6.81576,9.64896,0.84672,12.849,0.84672,3695.15,0,36.966,0.923501,0.289414,2.66522,3.2412,1.63866,3.63367,0.42336,36.966,0.42336,423.524,0,1.02816,0,0,1.31757,0.289414,1.028160,1,0,13.2826,0,0,0,13.2826,0
37.7442,2.58795,0,0,1.41128,0.0357543,0.36288,3.6288,53.3094,0.66528,0,0,0.461906,0.333007,0,0.66528,12.849,1,0.845701,0.36288,0,18.1453,6.81576,10.8467,0.84672,12.849,0.84672,3695.15,0,36.966,0.923573,0.467096,2.66529,3.6132,1.63866,4.18335,0.42336,36.966,0.42336,423.524,0,1.02816,0,0,1.49526,0.467096,1.028160,1,0,15.0301,0,0,0,15.0301,0
36.8192,2.5617,0,0,2.05474,0.0551342,0.36288,3.6288,52.9344,0.66528,0,0,0.614852,0.324602,0,0.66528,12.849,1,0.872063,0.36288,0,30.2791,6.67584,23.094,0.84672,12.849,0.84672,3695.15,0,36.966,0.923645,0.654065,2.66537,4.01811,1.6163,4.7976,0.42336,36.966,0.42336,423.524,0,1.02816,0,0,1.68223,0.654065,1.028160,1,0,27.8916,0,0,0,27.8916,0
35.4483,2.54555,0,0,1.58336,0.0458316,0.36288,3.6288,52.4541,0.66528,0,0,0.507705,0.322781,0,0.66528,12.849,1,0.888334,0.36288,0,30.2566,6.69217,23.039,0.84672,12.849,0.84672,3695.15,0,36.966,0.923717,0.39655,2.66545,2.99417,1.61913,3.51332,0.42336,36.966,0.42336,423.524,0,1.02816,0,0,1.42471,0.39655,1.028160,1,0,26.5523,0,0,0,26.5523,0
33.543,2.43675,0,0,0.962496,0.0681448,0.36288,3.6288,51.6907,0.811469,0,0,0.357207,0.309145,0,0.66528,12.849,1,0.88325,0.36288,0,11.7485,6.01351,5.21461,0.84672,12.849,0.84672,3695.15,0,36.966,0.812412,0.204422,2.66552,2.24713,1.5672,2.73747,0.42336,36.966,0.42336,423.524,0,0.881971,0,0,1.08639,0.204422,1.028160,1,0,7.95208,0,0,0,7.95208,0
32.0478,2.40055,0,0,1.35507,0.0868529,0.36288,3.6288,51.1216,0.668917,0,0,0.387683,0.28786,0,0.66528,12.849,1,0.919556,0.36288,0,13.1134,5.84787,6.70881,0.84672,12.849,0.84672,3695.15,0,36.966,0.81248,0.204422,2.55819,2.0024,1.51031,2.44222,0.42336,36.966,0.42336,423.524,0,1.02452,0,0,1.22895,0.204422,1.028160,1,0,9.15104,0,0,0,9.15104,0
31.0902,2.37001,0,0,1.86047,0.0852491,0.36288,3.6288,50.7968,0.66528,0,0,0.627053,0.286536,0,0.66528,12.849,1,0.950212,0.36288,0,25.1928,5.84787,18.7576,0.84672,12.849,0.84672,3695.15,0,36.966,0.812548,1.00027,2.55826,3.55324,1.51031,4.78892,0.42336,36.966,0.42336,423.524,0,1.02816,0,0,2.02843,1.00027,1.028160,1,0,23.5465,0,0,0,23.5465,0
29.8735,2.34938,0,0,1.60341,0.107838,0.36288,3.6288,50.3181,0.66528,0,0,0.461844,0.275234,0,0.66528,12.849,1,0.970955,0.36288,0,28.3675,5.82186,21.9375,0.84672,12.849,0.84672,3695.15,0,36.966,0.812617,0.439811,2.55834,2.22237,1.52198,2.88592,0.42336,36.966,0.42336,423.524,0,1.02816,0,0,1.46797,0.439811,1.028160,1,0,24.8234,0,0,0,24.8234,0
27.7293,2.25636,0,0,0.62371,0.148643,0.36288,3.6288,49.3821,1.01398,0,0,0.273463,0.195493,0,0.66528,12.849,1,0.970494,0.36288,0,16.7651,4.03135,12.1262,0.84672,12.849,0.84672,3695.15,0,36.966,0.744915,0.216518,2.55841,1.43951,1.05873,2.41079,0.42336,36.966,0.42336,423.524,0,0.645839,0,0,0.862358,0.216518,1.028160,1,0,14.537,0,0,0,14.537,0
26.0217,2.20516,0,0,1.00224,0.141848,0.36288,3.6288,48.7711,0.810364,0,0,0.384711,0.185329,0,0.66528,12.849,1,1.02181,0.36288,0,35.2891,3.74377,30.8864,0.84672,12.849,0.84672,3695.15,0,36.966,0.711357,0.216518,2.46261,2.09892,0.976659,3.09004,0.42336,36.966,0.42336,423.524,0,0.883076,0,0,1.09959,0.216518,1.028160,1,0,33.9765,0,0,0,33.9765,0
25.353,2.16034,0,0,1.99309,0.138502,0.36288,3.6288,48.6364,0.66528,0,0,0.714912,0.184396,0,0.66528,12.849,1,1.06674,0.36288,0,52.045,3.74377,47.5974,0.84672,12.849,0.84672,3695.15,0,36.966,0.711422,0.707111,2.46268,4.29259,0.976659,5.7743,0.42336,36.966,0.42336,423.524,0,1.02816,0,0,1.73527,0.707111,1.028160,1,0,53.3717,0,0,0,53.3717,0
24.2008,2.14174,0,0,1.48961,0.137191,0.36288,3.6288,48.5389,0.66528,0,0,0.751953,0.184191,0,0.66528,12.849,1,1.08544,0.36288,0,36.5516,3.74377,32.0853,0.84672,12.849,0.84672,3695.15,0,36.966,0.711487,0.880606,2.46275,3.3478,0.976659,5.00301,0.42336,36.966,0.42336,423.524,0,1.02816,0,0,1.90877,0.880606,1.028160,1,0,37.0883,0,0,0,37.0883,0
23.4392,2.13195,0,0,1.88219,0.148989,0.36288,3.6288,48.5257,0.490035,0,0,0.662253,0.185385,0,0.66528,12.849,1,1.13192,0.36288,0,43.921,3.79951,39.3525,0.84672,12.849,0.84672,3695.15,0,36.966,0.373199,0.733285,2.46282,4.05451,0.996671,5.88075,0.42336,36.966,0.42336,423.524,0,1.02816,0,0,1.76145,0.733285,1.028160,1,0,45.2332,0,0,0,45.2332,0
23.1516,2.10826,0,0,2.34128,0.157766,0.36288,3.6288,48.4504,0.490011,0,0,0.601141,0.186373,0,0.66528,12.849,1,1.15571,0.36288,0,44.1929,3.84132,39.5588,0.84672,12.849,0.84672,3695.15,0,36.966,0.373282,0.780036,2.07294,2.98998,1.01168,4.45799,0.42336,36.966,0.42336,423.524,0,1.02816,0,0,1.8082,0.780036,1.028160,1,0,44.0167,0,0,0,44.0167,0
22.3652,2.09909,0,0,1.83272,0.157129,0.36288,3.6288,48.2759,0.489715,0,0,0.501405,0.186256,0,0.66528,12.849,1,1.16498,0.36288,0,30.6906,3.84132,26.0472,0.84672,12.849,0.84672,3695.15,0,36.966,0.373636,0.514685,2.073,4.86579,1.01168,6.06816,0.42336,36.966,0.42336,423.524,0,1.02816,0,0,1.54284,0.514685,1.028160,1,0,32.1153,0,0,0,32.1153,0
21.3375,2.07314,0,0,1.55985,0.151518,0.36288,3.6288,48.2099,0.488983,0,0,0.626619,0.203574,0,0.66528,12.849,1,1.19104,0.36288,0,41.7042,4.50396,36.372,0.84672,12.849,0.84672,3695.15,0,36.966,0.374426,0.988407,2.07307,5.49351,1.16509,7.01547,0.42336,36.966,0.42336,423.524,0,1.02816,0,0,2.01657,0.988407,1.028160,1,0,43.3875,0,0,0,43.3875,0
21.8747,2.0374,0,0,3.08729,0.149833,0.36288,3.6288,48.3975,0.488727,0,0,0.893711,0.21743,0,0.66528,12.849,1,1.22688,0.36288,0,73.2547,4.9239,67.4668,0.84672,12.849,0.84672,3695.15,0,36.966,0.374742,1.00041,2.07313,5.49577,1.26911,6.92546,0.42336,36.966,0.42336,423.524,0,1.02816,0,0,2.02857,1.00041,1.028160,1,0,74.3922,0,0,0,74.3922,0
25.1688,2.12085,0,0,5.94901,0.171139,0.36288,3.6288,49.371,0.524258,0,0,1.72021,0.222486,0,0.66528,12.849,1,1.24577,0.36288,0,142.75,4.46166,137.406,0.84672,12.849,0.84672,3695.15,0,36.966,0.400428,1.81402,2.0732,10.8604,1.20285,13.1443,0.42336,36.966,0.42336,423.524,0,1.02816,0,0,2.84218,1.81402,1.028160,1,0,150.55,0,0,0,150.55,0
28.6698,2.22885,0,0,6.27199,0.179244,0.36288,3.6288,50.4081,0.528799,0,0,1.79023,0.224284,0,0.66528,12.849,1,1.13786,0.36288,0,118.787,4.46166,113.55,0.84672,12.849,0.84672,3695.15,0,36.966,0.395933,2.86431,2.13967,12.1723,1.20285,15.5775,0.42336,36.966,0.42336,423.524,0,1.02816,0,0,3.89247,2.86431,1.028160,1,0,129.128,0,0,0,129.128,0
31.6391,2.32485,0,0,5.83881,0.181834,0.36288,3.6288,51.5933,0.533525,0,0,1.95647,0.237729,0,0.66528,12.849,1,1.04193,0.36288,0,126.815,4.33085,121.805,0.84672,12.849,0.84672,3695.15,0,36.966,0.391252,2.61457,2.13972,12.5207,1.19241,15.6914,0.42336,36.966,0.42336,423.524,0,1.02816,0,0,3.64273,2.61457,1.028160,1,0,137.497,0,0,0,137.497,0
34.3989,2.39445,0,0,5.69743,0.180275,0.36288,3.6288,52.2439,0.538788,0,0,1.44496,0.255551,0,0.66528,12.849,1,0.972414,0.36288,0,99.3324,4.15643,94.5664,0.84672,12.849,0.84672,3695.15,0,36.966,0.386035,1.23673,2.13977,8.74575,1.17848,10.5577,0.42336,36.966,0.42336,423.524,0,1.02816,0,0,2.26489,1.23673,1.028160,1,0,105.124,0,0,0,105.124,0
36.954,2.6904,0,0,5.80109,0.192675,0.36288,3.6288,52.9459,0.66528,0,0,1.61409,0.246852,0,0.66528,12.849,1,1.00494,0.36288,0,119.568,4.00223,114.924,0.84672,12.849,0.84672,3695.15,0,36.966,0.489223,1.66651,2.13982,10.366,1.20988,12.4732,0.42336,36.966,0.42336,423.524,0,1.02816,0,0,2.69467,1.66651,1.028160,1,0,127.397,0,0,0,127.397,0
39.217,2.74202,0,0,5.56911,0.20121,0.36288,3.6288,53.8825,0.66528,0,0,1.84608,0.244206,0,0.66528,12.849,1,0.953408,0.36288,0,106.462,3.94054,101.931,0.84672,12.849,0.84672,3695.15,0,36.966,0.489275,2.58295,2.37883,11.2392,1.22244,14.4892,0.42336,36.966,0.42336,423.524,0,1.02816,0,0,3.61111,2.58295,1.028160,1,0,116.42,0,0,0,116.42,0
40.8096,2.78353,0,0,4.94559,0.206606,0.36288,3.6288,54.3762,0.66528,0,0,1.40498,0.24602,0,0.66528,12.849,1,0.91199,0.36288,0,114.877,3.94054,110.388,0.84672,12.849,0.84672,3695.15,0,36.966,0.489326,1.05464,2.37889,9.87206,1.22244,11.5938,0.42336,36.966,0.42336,423.524,0,1.02816,0,0,2.0828,1.05464,1.028160,1,0,121.982,0,0,0,121.982,0
43.673,2.81066,0,0,6.29653,0.259568,0.36288,3.6288,55.0492,0.66528,0,0,1.56023,0.22189,0,0.66528,12.849,1,0.884944,0.36288,0,109.881,4.10227,105.257,0.84672,12.849,0.84672,3695.15,0,36.966,0.489377,1.58373,2.37894,11.5696,1.21793,13.8249,0.42336,36.966,0.42336,423.524,0,1.02816,0,0,2.61189,1.58373,1.028160,1,0,119.082,0,0,0,119.082,0
46.8816,2.4936,0,0,6.32044,0.255348,0.36288,3.6288,56.0628,0.506433,0,0,1.68361,0.163581,0,0.66528,12.849,1,0.73364,0.36288,0,130.21,2.92961,126.91,0.84672,12.849,0.84672,3695.15,0,36.966,0.340074,2.41794,2.379,11.9768,0.876607,15.557,0.42336,36.966,0.42336,423.524,0,1.02816,0,0,3.4461,2.41794,1.028160,1,0,142.467,0,0,0,142.467,0
47.6993,2.53307,0,0,3.96227,0.248614,0.36288,3.6288,56.6045,0.510165,0,0,1.20271,0.150821,0,0.66528,12.849,1,0.694246,0.36288,0,122.096,2.58142,119.183,0.84672,12.849,0.84672,3695.15,0,36.966,0.336386,1.40063,2.05315,9.07675,0.786712,11.4074,0.42336,36.966,0.42336,423.524,0,1.02816,0,0,2.42879,1.40063,1.028160,1,0,130.591,0,0,0,130.591,0
49.7143,2.5425,0,0,5.15314,0.232743,0.36288,3.6288,57.2726,0.512139,0,0,1.31985,0.13968,0,0.66528,12.849,1,0.684886,0.36288,0,142.245,2.40704,139.516,0.84672,12.849,0.84672,3695.15,0,36.966,0.334456,1.72434,2.0532,9.79646,0.761661,12.4779,0.42336,36.966,0.42336,423.524,0,1.02816,0,0,2.7525,1.72434,1.028160,1,0,151.994,0,0,0,151.994,0
50.8683,2.56462,0,0,4.31766,0.236207,0.36288,3.6288,58.0404,0.514536,0,0,1.46574,0.183402,0,0.66528,12.849,1,0.662843,0.36288,0,119.692,3.83465,115.557,0.84672,12.849,0.84672,3695.15,0,36.966,0.332102,2.16629,2.05325,9.60353,1.03929,12.4517,0.42336,36.966,0.42336,423.524,0,1.02816,0,0,3.19445,2.16629,1.028160,1,0,128.009,0,0,0,128.009,0
52.762,2.57669,0,0,5.07991,0.246628,0.36288,3.6288,58.6584,0.517247,0,0,1.28315,0.147838,0,0.66528,12.849,1,0.650854,0.36288,0,103.028,3.39059,99.3491,0.84672,12.849,0.84672,3695.15,0,36.966,0.329435,1.00528,2.0533,7.49911,0.846677,9.38157,0.42336,36.966,0.42336,423.524,0,1.02816,0,0,2.03344,1.00528,1.028160,1,0,108.731,0,0,0,108.731,0
52.8601,2.69037,0,0,3.42972,0.278413,0.36288,3.6288,58.8129,0.565659,0,0,0.843281,0.123131,0,0.66528,12.849,1,0.655179,0.36288,0,61.2849,2.37794,58.6147,0.84672,12.849,0.84672,3695.15,0,36.966,0.356473,0.888831,2.05334,5.09691,0.6285,7.05411,0.42336,36.966,0.42336,423.524,0,1.02816,0,0,1.91699,0.888831,1.028160,1,0,65.6688,0,0,0,65.6688,0
54.2429,2.69141,0,0,4.71581,0.278693,0.36288,3.6288,59.6143,0.566262,0,0,1.49084,0.123253,0,0.66528,12.849,1,0.654216,0.36288,0,121.551,2.37794,118.882,0.84672,12.849,0.84672,3695.15,0,36.966,0.355916,2.52309,2.13375,9.06673,0.6285,12.7392,0.42336,36.966,0.42336,423.524,0,1.02816,0,0,3.55125,2.52309,1.028160,1,0,131.621,0,0,0,131.621,0
54.1466,2.70496,0,0,3.19994,0.228421,0.36288,3.6288,59.7415,0.569243,0,0,0.853407,0.156894,0,0.66528,12.849,1,0.640747,0.36288,0,69.4036,2.99263,66.1331,0.84672,12.849,0.84672,3695.15,0,36.966,0.35298,0.714735,2.1338,5.24786,0.742343,7.00107,0.42336,36.966,0.42336,423.524,0,1.02816,0,0,1.7429,0.714735,1.028160,1,0,73.1341,0,0,0,73.1341,0
53.684,2.7041,0,0,2.833,0.228597,0.36288,3.6288,59.833,0.579968,0,0,0.775043,0.103646,0,0.66528,12.849,1,0.641683,0.36288,0,50.4957,2.7152,47.5017,0.84672,12.849,0.84672,3695.15,0,36.966,0.358864,0.528595,2.13385,4.4946,0.495285,6.30289,0.42336,36.966,0.42336,423.524,0,1.0116,0,0,1.54019,0.528595,1.028160,1,0,53.8046,0,0,0,53.8046,0
53.5294,2.66249,0,0,3.05493,0.184141,0.36288,3.6288,60.2515,0.551993,0,0,1.16205,0.191474,0,0.66528,12.849,1,0.637254,0.36288,0,69.6121,3.83408,65.5037,0.84672,12.849,0.84672,3695.15,0,36.966,0.341032,1.25066,2.1339,5.75372,0.91971,7.87754,0.42336,36.966,0.42336,423.524,0,1.02816,0,0,2.27882,1.25066,1.028160,1,0,73.3812,0,0,0,73.3812,0
52.6737,2.66107,0,0,2.35212,0.183852,0.36288,3.6288,60.4611,0.553489,0,0,0.95504,0.191985,0,0.66528,12.849,1,0.638753,0.36288,0,52.7187,3.83408,48.6087,0.84672,12.849,0.84672,3695.15,0,36.966,0.339581,0.947998,2.10268,4.92101,0.91971,6.71239,0.42336,36.966,0.42336,423.524,0,1.02816,0,0,1.97616,0.947998,1.028160,1,0,55.3211,0,0,0,55.3211,0
51.6408,2.65279,0,0,2.16501,0.182248,0.36288,3.6288,60.6819,0.554247,0,0,0.967265,0.192241,0,0.66528,12.849,1,0.64711,0.36288,0,49.2286,3.83408,45.1103,0.84672,12.849,0.84672,3695.15,0,36.966,0.338868,0.994775,2.10273,6.42778,0.91971,8.26671,0.42336,36.966,0.42336,423.524,0,1.02816,0,0,2.02294,0.994775,1.028160,1,0,53.377,0,0,0,53.377,0
51.8809,2.64249,0,0,3.42576,0.180312,0.36288,3.6288,61.1351,0.555042,0,0,1.20074,0.192511,0,0.66528,12.849,1,0.65749,0.36288,0,64.0387,3.83408,59.91,0.84672,12.849,0.84672,3695.15,0,36.966,0.338118,1.33898,2.10278,5.58814,0.91971,7.77208,0.42336,36.966,0.42336,423.524,0,1.02816,0,0,2.36714,1.33898,1.028160,1,0,67.6821,0,0,0,67.6821,0
51.0906,2.77046,0,0,2.47903,0.136006,0.36288,3.6288,61.308,0.621367,0,0,1.04424,0.177637,0.0723125,0.66528,12.849,1,0.686141,0.36288,0,55.6301,3.95455,51.3523,0.84672,12.849,0.84672,3695.15,0,36.966,0.375717,1.02902,2.10283,5.3094,0.77591,7.28962,0.42336,36.966,0.42336,423.524,0,1.02816,0,0,2.05718,1.02902,1.028160,1,0,58.7142,0,0,0,58.7142,0
50.2269,2.76204,0,0,2.39594,0.134732,0.36288,3.6288,61.308,0.622058,0,0,1.02019,0.156877,0.241259,0.66528,12.849,1,0.694638,0.36288,0,48.302,3.76047,44.2098,0.84672,12.849,0.84672,3695.15,0,36.966,0.375073,0.996158,2.21247,5.25067,0.720716,7.3635,0.42336,36.966,0.42336,423.524,0,1.02816,0,0,2.02432,0.996158,1.028160,1,0,51.8145,0,0,0,51.8145,0
49.0476,2.75259,0,0,2.06973,0.133515,0.36288,3.6288,61.308,0.622088,0,0,0.888641,0.156877,0.109677,0.66528,12.849,1,0.704166,0.36288,0,43.569,3.76047,39.4673,0.84672,12.849,0.84672,3695.15,0,36.966,0.375091,0.815245,2.21252,4.78519,0.720716,6.71715,0.42336,36.966,0.42336,423.524,0,1.02816,0,0,1.8434,0.815245,1.028160,1,0,46.2941,0,0,0,46.2941,0
47.651,2.73924,0,0,1.83734,0.131848,0.36288,3.6288,61.2933,0.622117,0,0,0.764329,0.156877,0,0.66528,12.849,1,0.717599,0.36288,0,41.2296,3.76047,37.1145,0.84672,12.849,0.84672,3695.15,0,36.966,0.375109,0.687191,2.21257,4.73184,0.720716,6.53578,0.42336,36.966,0.42336,423.524,0,1.02816,0,0,1.71535,0.687191,1.028160,1,0,43.6502,0,0,0,43.6502,0
46.383,2.72274,0,0,1.93938,0.121779,0.36288,3.6288,61.253,0.622091,0,0,0.753365,0.171573,0,0.66528,12.849,1,0.734182,0.36288,0,37.5669,3.98388,33.2117,0.84672,12.849,0.84672,3695.15,0,36.966,0.375183,0.667293,2.21263,4.40803,0.788082,6.12469,0.42336,36.966,0.42336,423.524,0,1.02816,0,0,1.69545,0.667293,1.028160,1,0,39.3364,0,0,0,39.3364,0
45.5378,2.68284,0,0,2.3007,0.100162,0.36288,3.6288,61.0959,0.657576,0,0,0.708765,0.208297,0,0.66528,12.849,1,0.7432,0.36288,0,36.2282,4.5424,31.3055,0.84672,12.849,0.84672,3695.15,0,36.966,0.396845,0.433261,2.21268,3.74652,0.956498,5.03912,0.42336,36.966,0.42336,423.524,0,1.02816,0,0,1.46142,0.433261,1.028160,1,0,36.3446,0,0,0,36.3446,0
44.4852,2.67215,0,0,2.08162,0.0992219,0.36288,3.6288,60.858,0.687622,0,0,0.657772,0.20809,0,0.66528,12.849,1,0.753976,0.36288,0,32.5332,4.5424,27.5997,0.84672,12.849,0.84672,3695.15,0,36.966,0.416045,0.30119,2.25104,3.59326,0.956498,4.77294,0.42336,36.966,0.42336,423.524,0,0.978964,0,0,1.28015,0.30119,1.028160,1,0,32.3727,0,0,0,32.3727,0
43.3711,2.65837,0,0,1.98318,0.0760157,0.36288,3.6288,60.549,0.657916,0,0,0.622368,0.273404,0,0.66528,12.849,1,0.767837,0.36288,0,29.4727,5.3893,23.6784,0.84672,12.849,0.84672,3695.15,0,36.966,0.399627,0.261274,2.2511,3.40438,1.26563,4.25149,0.42336,36.966,0.42336,423.524,0,1.02514,0,0,1.28641,0.261274,1.028160,1,0,27.9299,0,0,0,27.9299,0
42.0542,2.64321,0,0,1.76062,0.0714286,0.36288,3.6288,60.1687,0.678514,0,0,0.581923,0.283785,0,0.66528,12.849,1,0.783071,0.36288,0,26.9559,5.53045,21.0053,0.84672,12.849,0.84672,3695.15,0,36.966,0.414242,0.261274,2.25115,3.29216,1.31716,4.07318,0.42336,36.966,0.42336,423.524,0,0.989971,0,0,1.25124,0.261274,1.028160,1,0,25.0785,0,0,0,25.0785,0
40.8949,2.68574,0,0,1.95619,0.0668781,0.36288,3.6288,59.8431,0.66528,0,0,0.65305,0.313281,0,0.66528,12.849,1,0.820586,0.36288,0,30.6888,5.90333,24.3277,0.84672,12.849,0.84672,3695.15,0,36.966,0.44023,0.290174,2.2512,3.52412,1.41271,4.21255,0.42336,36.966,0.42336,423.524,0,1.02816,0,0,1.31833,0.290174,1.028160,1,0,28.5403,0,0,0,28.5403,0
39.6898,2.6681,0,0,1.89129,0.065403,0.36288,3.6288,59.4388,0.709102,0,0,0.622445,0.317651,0,0.66528,12.849,1,0.838307,0.36288,0,29.7725,5.96547,23.3316,0.84672,12.849,0.84672,3695.15,0,36.966,0.44028,0.261274,2.30556,3.19956,1.42863,3.89748,0.42336,36.966,0.42336,423.524,0,0.984338,0,0,1.24561,0.261274,1.028160,1,0,27.2291,0,0,0,27.2291,0
38.3498,2.64894,0,0,1.7363,0.0644747,0.36288,3.6288,58.9659,0.771765,0,0,0.61561,0.316832,0,0.66528,12.849,1,0.857555,0.36288,0,27.2157,5.96547,20.7555,0.84672,12.849,0.84672,3695.15,0,36.966,0.479973,0.261274,2.30561,3.1293,1.42863,3.78758,0.42336,36.966,0.42336,423.524,0,0.882032,0,0,1.14331,0.261274,1.028160,1,0,24.5431,0,0,0,24.5431,0
37.3938,2.62655,0,0,2.08602,0.0525918,0.36288,3.6288,58.7491,0.66528,0,0,0.749624,0.301123,0,0.66528,12.849,1,0.88002,0.36288,0,28.501,6.17369,21.8102,0.84672,12.849,0.84672,3695.15,0,36.966,0.44038,0.521199,2.30567,4.67255,1.48745,5.57158,0.42336,36.966,0.42336,423.524,0,1.02816,0,0,1.54936,0.521199,1.028160,1,0,27.3818,0,0,0,27.3818,0
36.0624,2.78417,0,0,1.87113,0.0554967,0.36288,3.6288,58.4035,0.66528,0,0,0.616692,0.297006,0,0.66528,12.849,1,0.956678,0.36288,0,27.4901,6.1237,20.7726,0.84672,12.849,0.84672,3695.15,0,36.966,0.624147,0.293483,2.30572,4.33339,1.4893,4.81915,0.42336,36.966,0.42336,423.524,0,1.02816,0,0,1.32164,0.293483,1.028160,1,0,25.5918,0,0,0,25.5918,0
34.7218,2.75819,0,0,1.8419,0.0614382,0.36288,3.6288,58.0103,0.66528,0,0,0.558088,0.286011,0,0.66528,12.849,1,0.982743,0.36288,0,26.0082,6.00453,19.3838,0.84672,12.849,0.84672,3695.15,0,36.966,0.624201,0.308543,2.4916,4.32099,1.48414,5.0128,0.42336,36.966,0.42336,423.524,0,1.02816,0,0,1.3367,0.308543,1.028160,1,0,24.3966,0,0,0,24.3966,0
33.5892,2.73056,0,0,2.02138,0.0604517,0.36288,3.6288,57.7489,0.66528,0,0,0.689145,0.285286,0,0.66528,12.849,1,1.01046,0.36288,0,33.4486,6.00453,26.7965,0.84672,12.849,0.84672,3695.15,0,36.966,0.624255,0.632552,2.49166,4.7137,1.48414,5.72951,0.42336,36.966,0.42336,423.524,0,1.02816,0,0,1.66071,0.632552,1.028160,1,0,32.526,0,0,0,32.526,0
32.0847,2.70598,0,0,1.6239,0.0596184,0.36288,3.6288,57.2176,0.744915,0,0,0.498455,0.284805,0,0.66528,12.849,1,1.03513,0.36288,0,32.6846,6.00453,26.0078,0.84672,12.849,0.84672,3695.15,0,36.966,0.62431,0.204422,2.49172,3.78403,1.48414,4.37172,0.42336,36.966,0.42336,423.524,0,0.948525,0,0,1.15295,0.204422,1.028160,1,0,30.3795,0,0,0,30.3795,0
31.0949,2.67139,0,0,2.0988,0.0542869,0.36288,3.6288,57.1399,0.66528,0,0,0.883604,0.296049,0,0.66528,12.849,1,1.06981,0.36288,0,30.6323,6.02934,23.8961,0.84672,12.849,0.84672,3695.15,0,36.966,0.624364,1.22685,2.49178,6.32329,1.50973,7.90783,0.42336,36.966,0.42336,423.524,0,1.02816,0,0,2.25501,1.22685,1.028160,1,0,31.8039,0,0,0,31.8039,0
30.3114,2.56658,0,0,2.20078,0.0547948,0.36288,3.6288,56.9964,0.66528,0,0,0.86413,0.34232,0,0.66528,12.849,1,1.06056,0.36288,0,30.9154,5.95734,24.2604,0.84672,12.849,0.84672,3695.15,0,36.966,0.512896,1.04037,2.49184,7.80573,1.58736,9.23768,0.42336,36.966,0.42336,423.524,0,1.02816,0,0,2.06853,1.04037,1.028160,1,0,33.498,0,0,0,33.498,0
30.4259,2.54739,0,0,3.09842,0.073686,0.36288,3.6288,56.9471,0.66528,0,0,0.937846,0.321863,0,0.66528,12.849,1,1.07984,0.36288,0,34.506,5.7917,27.9973,0.84672,12.849,0.84672,3695.15,0,36.966,0.512947,1.31175,2.38434,6.95555,1.53047,8.60823,0.42336,36.966,0.42336,423.524,0,1.02816,0,0,2.33991,1.31175,1.028160,1,0,36.6056,0,0,0,36.6056,0
31.6929,2.5503,0,0,4.25398,0.0737986,0.36288,3.6288,57.477,0.66528,0,0,1.5169,0.32176,0,0.66528,12.849,1,1.077,0.36288,0,66.2914,5.7917,59.7855,0.84672,12.849,0.84672,3695.15,0,36.966,0.512999,2.83398,2.3844,12.3426,1.53047,15.5175,0.42336,36.966,0.42336,423.524,0,1.02816,0,0,3.86214,2.83398,1.028160,1,0,75.303,0,0,0,75.303,0
32.3165,2.581,0,0,3.66625,0.09882,0.36288,3.6288,57.6171,0.66528,0,0,1.11725,0.311801,0,0.66528,12.849,1,1.04639,0.36288,0,74.6467,5.76569,68.1975,0.84672,12.849,0.84672,3695.15,0,36.966,0.513051,1.76688,2.38445,7.71958,1.54214,9.81572,0.42336,36.966,0.42336,423.524,0,1.02816,0,0,2.79504,1.76688,1.028160,1,0,78.0132,0,0,0,78.0132,0
32.607,2.52846,0,0,3.33676,0.154921,0.36288,3.6288,57.3591,0.65599,0,0,0.652525,0.254513,0,0.66528,12.849,1,1.00531,0.36288,0,52.9179,4.57183,47.7037,0.84672,12.849,0.84672,3695.15,0,36.966,0.42087,0.63898,2.38451,5.20774,1.24917,6.56119,0.42336,36.966,0.42336,423.524,0,1.02816,0,0,1.66714,0.63898,1.028160,1,0,54.2648,0,0,0,54.2648,0
35.9013,2.53494,0,0,6.34578,0.153622,0.36288,3.6288,57.9683,0.654868,0,0,1.50623,0.242157,0,0.66528,12.849,1,0.998911,0.36288,0,84.3039,4.1203,79.5476,0.84672,12.849,0.84672,3695.15,0,36.966,0.42204,3.01143,2.28857,9.18598,1.12031,12.9436,0.42336,36.966,0.42336,423.524,0,1.02816,0,0,4.03959,3.01143,1.028160,1,0,92.4912,0,0,0,92.4912,0
37.3758,2.6025,0,0,4.59986,0.159945,0.36288,3.6288,58.1158,0.657607,0,0,1.04813,0.243114,0,0.66528,12.849,1,0.931431,0.36288,0,72.5456,4.1203,67.8567,0.84672,12.849,0.84672,3695.15,0,36.966,0.419351,1.5591,2.28862,7.52226,1.12031,9.83032,0.42336,36.966,0.42336,423.524,0,1.02816,0,0,2.58726,1.5591,1.028160,1,0,77.687,0,0,0,77.687,0
40.9366,2.62991,0,0,6.71636,0.162775,0.36288,3.6288,58.289,0.658287,0,0,1.07484,0.243345,0,0.66528,12.849,1,0.904107,0.36288,0,95.7317,4.1203,91.0702,0.84672,12.849,0.84672,3695.15,0,36.966,0.41872,1.05822,2.28867,7.43,1.12031,9.23787,0.42336,36.966,0.42336,423.524,0,1.02816,0,0,2.08638,1.05822,1.028160,1,0,100.308,0,0,0,100.308,0
44.8521,2.48725,0,0,6.96478,0.199168,0.36288,3.6288,59.2479,0.52968,0,0,1.74509,0.256438,0,0.66528,12.849,1,0.780688,0.36288,0,83.4322,4.46118,78.5533,0.84672,12.849,0.84672,3695.15,0,36.966,0.335915,2.52241,2.28873,10.1971,1.14765,13.5247,0.42336,36.966,0.42336,423.524,0,1.02816,0,0,3.55057,2.52241,1.028160,1,0,92.0779,0,0,0,92.0779,0
49.8127,2.54029,0,0,8.08263,0.218839,0.36288,3.6288,60.9292,0.533055,0,0,2.44502,0.230718,0,0.66528,12.849,1,0.727729,0.36288,0,87.2709,3.95146,82.9546,0.84672,12.849,0.84672,3695.15,0,36.966,0.332584,3.21014,2.07553,15.5264,0.912184,19.5673,0.42336,36.966,0.42336,423.524,0,1.02816,0,0,4.2383,3.21014,1.028160,1,0,102.522,0,0,0,102.522,0
54.9342,2.59796,0,0,8.31341,0.231098,0.36288,3.6288,61.308,0.538794,0,0,2.24779,0.233202,1.09698,0.66528,12.849,1,0.670134,0.36288,0,106.26,3.95146,102.001,0.84672,12.849,0.84672,3695.15,0,36.966,0.326889,2.84807,2.07558,16.9347,0.912184,20.6192,0.42336,36.966,0.42336,423.524,0,1.02816,0,0,3.87623,2.84807,1.028160,1,0,123.717,0,0,0,123.717,0
59.1957,2.64866,0,0,7.52164,0.248608,0.36288,3.6288,61.308,0.540082,0,0,1.9848,0.211067,1.23365,0.66528,12.849,1,0.619515,0.36288,0,197.034,3.70397,193.074,0.84672,12.849,0.84672,3695.15,0,36.966,0.325645,2.28455,2.07562,10.2708,0.845077,13.4602,0.42336,36.966,0.42336,423.524,0,1.02816,0,0,3.31271,2.28455,1.028160,1,0,207.768,0,0,0,207.768,0
63.2917,2.68536,0,0,7.39748,0.253247,0.36288,3.6288,61.308,0.54011,0,0,1.89426,0.20176,1.15239,0.66528,12.849,1,0.582884,0.36288,0,131.039,3.47386,127.346,0.84672,12.849,0.84672,3695.15,0,36.966,0.325662,2.18134,2.07567,9.66583,0.890025,12.7072,0.42336,36.966,0.42336,423.524,0,1.02816,0,0,3.2095,2.18134,1.028160,1,0,141.205,0,0,0,141.205,0
66.3344,2.80188,0,0,6.45792,0.25043,0.36288,3.6288,61.308,0.578337,0,0,1.9493,0.240749,1.13021,0.66528,12.849,1,0.568817,0.36288,0,134.064,4.78516,129.073,0.84672,12.849,0.84672,3695.15,0,36.966,0.348712,3.16418,2.07572,14.6345,1.39729,18.1284,0.42336,36.966,0.42336,423.524,0,1.02816,0,0,4.19234,3.16418,1.028160,1,0,148.332,0,0,0,148.332,0
68.9707,2.82379,0,0,6.07541,0.252405,0.36288,3.6288,61.308,0.578357,0,0,1.8645,0.243601,1.04255,0.66528,12.849,1,0.546968,0.36288,0,188.169,4.77655,183.208,0.84672,12.849,0.84672,3695.15,0,36.966,0.348723,3.03664,2.14226,14.9369,1.4298,18.3373,0.42336,36.966,0.42336,423.524,0,1.02816,0,0,4.0648,3.03664,1.028160,1,0,202.588,0,0,0,202.588,0
72.29,2.84146,0,0,7.56613,0.257693,1.14772,3.6288,61.308,0.578376,0,0,2.59426,0.243601,1.77229,0.66528,12.849,1,0.529353,1.14772,0,196.104,4.77655,191.946,0.84672,12.849,0.84672,3695.15,0,36.966,0.348735,4.08609,2.1423,17.6971,1.4298,22.1469,0.42336,36.966,0.42336,423.524,0,1.02816,0,0,5.11425,4.08609,1.028160,1,0,215.865,0,0,0,215.865,0
72.29,2.86214,0,0,12.2888,0.264351,9.16227,3.6288,61.308,0.578396,0,0,4.00673,0.243601,3.18473,0.66528,12.849,1,0.508723,9.16227,0,248.905,4.77655,252.782,0.84672,12.849,0.84672,3695.15,0,36.966,0.348747,5.6415,2.14233,23.9763,1.4298,29.9816,0.42336,36.966,0.42336,423.524,0,1.02816,0,0,6.66966,5.6415,1.028160,1,0,285.948,0,0,0,285.948,0
72.29,3.14135,0,0,13.5566,0.275825,10.1394,3.6288,61.308,0.66528,0,0,5.16849,0.213857,4.28935,0.66528,12.849,1,0.558352,10.1394,0,356.664,4.04606,362.199,0.84672,12.849,0.84672,3695.15,0,36.966,0.491799,7.96522,2.14237,30.5885,1.11101,39.0933,0.42336,36.966,0.42336,423.524,0,1.02816,0,0,8.99338,7.96522,1.028160,1,0,405.581,0,0,0,405.581,0
72.29,3.1414,0,0,8.09326,0.305054,4.6468,3.6288,61.308,0.66528,0,0,4.09029,0.200062,3.22495,0.66528,12.849,1,0.558361,4.6468,0,213.114,3.55383,213.649,0.84672,12.849,0.84672,3695.15,0,36.966,0.491834,4.29231,2.38164,18.5687,0.967883,23.783,0.42336,36.966,0.42336,423.524,0,1.02816,0,0,5.32047,4.29231,1.028160,1,0,240.657,0,0,0,240.657,0
72.29,2.88469,0,0,5.84869,0.305054,2.65895,3.6288,61.308,0.66528,0,0,3.09694,0.200062,2.2316,0.66528,12.849,1,0.512732,2.65895,0,136.857,3.55383,135.449,0.84672,12.849,0.84672,3695.15,0,36.966,0.794268,3.08479,2.38168,13.4552,0.967883,17.1596,0.42336,36.966,0.42336,423.524,0,1.02816,0,0,4.11295,3.08479,1.028160,1,0,154.84,0,0,0,154.84,0
72.29,2.88474,0,0,5.12774,0.308077,1.93492,3.6288,61.308,0.66528,0,0,3.08055,0.182553,2.23272,0.66528,12.849,1,0.512741,1.93492,0,116.864,3.25137,115.035,0.84672,12.849,0.84672,3695.15,0,36.966,0.794303,3.66444,2.55868,13.0791,0.881156,17.6268,0.42336,36.966,0.42336,423.524,0,1.02816,0,0,4.6926,3.66444,1.028160,1,0,134.894,0,0,0,134.894,0
72.29,2.48658,0,0,4.9465,0.291921,2.168,3.6288,61.308,0.66528,0,0,3.21933,0.192757,2.3613,0.66528,12.849,1,0.441971,2.168,0,147.431,3.41944,145.738,0.84672,12.849,0.84672,3695.15,0,36.966,0.485782,2.99576,2.55872,13.5607,0.885417,17.744,0.42336,36.966,0.42336,423.524,0,1.02816,0,0,4.02392,2.99576,1.028160,1,0,165.843,0,0,0,165.843,0
72.29,2.48662,0,0,4.96217,0.294896,2.18065,3.6288,61.308,0.66528,0,0,2.85007,0.188707,1.99608,0.66528,12.849,1,0.441978,2.18065,0,120.385,3.35738,118.767,0.84672,12.849,0.84672,3695.15,0,36.966,0.485812,2.60437,2.23248,11.5968,0.835781,15.112,0.42336,36.966,0.42336,423.524,0,1.02816,0,0,3.63253,2.60437,1.028160,1,0,135.875,0,0,0,135.875,0
72.29,2.48667,0,0,5.37832,0.294896,2.59676,3.6288,61.308,0.66528,0,0,2.46462,0.188707,1.61063,0.66528,12.849,1,0.441986,2.59676,0,109.716,3.35738,108.513,0.84672,12.849,0.84672,3695.15,0,36.966,0.485842,2.24356,2.23251,11.3117,0.835781,14.4662,0.42336,36.966,0.42336,423.524,0,1.02816,0,0,3.27172,2.24356,1.028160,1,0,124.59,0,0,0,124.59,0
72.29,2.48671,0,0,5.48392,0.294896,2.70231,3.6288,61.308,0.66528,0,0,2.89043,0.188707,2.03645,0.66528,12.849,1,0.441994,2.70231,0,110.163,3.35738,109.066,0.84672,12.849,0.84672,3695.15,0,36.966,0.485872,2.67538,2.23254,11.0417,0.835781,14.628,0.42336,36.966,0.42336,423.524,0,1.02816,0,0,3.70354,2.67538,1.028160,1,0,125.73,0,0,0,125.73,0
72.29,2.48675,0,0,8.50413,0.292464,5.72491,3.6288,61.308,0.66528,0,0,4.04788,0.18497,3.19763,0.66528,12.849,1,0.442002,5.72491,0,201.006,3.46605,202.823,0.84672,12.849,0.84672,3695.15,0,36.966,0.485902,4.64224,2.23258,20.3984,0.847946,25.9394,0.42336,36.966,0.42336,423.524,0,1.02816,0,0,5.6704,4.64224,1.028160,1,0,231.96,0,0,0,231.96,0
72.29,2.58704,0,0,4.01896,0.277875,1.15404,3.6288,61.308,0.66528,0,0,2.54737,0.162543,1.71955,0.66528,12.849,1,0.459827,1.15404,0,98.1262,4.1181,94.7023,0.84672,12.849,0.84672,3695.15,0,36.966,0.561422,2.94183,2.23261,13.2125,0.920933,16.9046,0.42336,36.966,0.42336,423.524,0,1.02816,0,0,3.96999,2.94183,1.028160,1,0,113.326,0,0,0,113.326,0
72.29,2.58709,0,0,5.12351,0.277875,2.25855,3.6288,61.308,0.66528,0,0,3.38356,0.162543,2.55574,0.66528,12.849,1,0.459835,2.25855,0,127.282,4.1181,124.963,0.84672,12.849,0.84672,3695.15,0,36.966,0.561453,5.02904,2.31309,17.2634,0.920933,23.1232,0.42336,36.966,0.42336,423.524,0,1.02816,0,0,6.0572,5.02904,1.028160,1,0,150.641,0,0,0,150.641,0
72.29,2.58713,0,0,3.65958,0.277875,0.794578,3.6288,61.308,0.66528,0,0,2.56668,0.162543,1.73885,0.66528,12.849,1,0.459843,0.794578,0,88.2455,4.1181,84.4621,0.84672,12.849,0.84672,3695.15,0,36.966,0.561484,2.83805,2.31312,13.0958,0.920933,16.7646,0.42336,36.966,0.42336,423.524,0,1.02816,0,0,3.86621,2.83805,1.028160,1,0,102.966,0,0,0,102.966,0
72.2328,2.58718,0,0,3.13763,0.244781,0.36288,3.6288,61.308,0.66528,0,0,2.08138,0.172135,1.24396,0.66528,12.849,1,0.459851,0.36288,0,74.8051,4.12815,70.58,0.84672,12.849,0.84672,3695.15,0,36.966,0.561515,2.37988,2.31316,10.4662,0.933998,13.6637,0.42336,36.966,0.42336,423.524,0,1.02816,0,0,3.40804,2.37988,1.028160,1,0,85.4876,0,0,0,85.4876,0
71.916,2.54772,0,0,2.81154,0.217696,0.36288,3.6288,61.308,0.66528,0,0,1.47807,0.205619,0.607171,0.66528,12.849,1,0.453197,0.36288,0,60.857,3.8126,56.9541,0.84672,12.849,0.84672,3695.15,0,36.966,0.532224,1.79031,2.31319,7.26546,1.05043,9.78631,0.42336,36.966,0.42336,423.524,0,1.02816,0,0,2.81847,1.79031,1.028160,1,0,67.3476,0,0,0,67.3476,0
71.3352,2.54607,0,0,2.53476,0.206654,0.36288,3.6288,61.308,0.66528,0,0,1.25874,0.210544,0.382912,0.66528,12.849,1,0.454898,0.36288,0,54.8398,3.70209,51.0457,0.84672,12.849,0.84672,3695.15,0,36.966,0.532255,1.28138,2.28192,6.42721,1.0714,8.38685,0.42336,36.966,0.42336,423.524,0,1.02816,0,0,2.30954,1.28138,1.028160,1,0,59.8155,0,0,0,59.8155,0
71.2071,2.54298,0,0,2.97143,0.193664,0.36288,3.6288,61.308,0.66528,0,0,1.1771,0.216478,0.295338,0.66528,12.849,1,0.458045,0.36288,0,59.4961,4.16994,55.231,0.84672,12.849,0.84672,3695.15,0,36.966,0.532285,1.27647,2.28195,8.5396,1.08985,10.4759,0.42336,36.966,0.42336,423.524,0,1.02816,0,0,2.30463,1.27647,1.028160,1,0,66.0022,0,0,0,66.0022,0
70.5297,2.54232,0,0,2.37978,0.15199,0.36288,3.6288,61.308,0.66528,0,0,1.14466,0.234823,0.244558,0.66528,12.849,1,0.458751,0.36288,0,45.1234,5.39923,39.6283,0.84672,12.849,0.84672,3695.15,0,36.966,0.532316,1.28145,2.28199,6.56191,1.16131,8.43172,0.42336,36.966,0.42336,423.524,0,1.02816,0,0,2.30961,1.28145,1.028160,1,0,48.3046,0,0,0,48.3046,0
69.7418,2.6712,0,0,2.36164,0.115425,0.36288,3.6288,61.308,0.66528,0,0,1.15276,0.242515,0.244962,0.66528,12.849,1,0.486636,0.36288,0,43.1527,5.405,37.6239,0.84672,12.849,0.84672,3695.15,0,36.966,0.636335,1.16681,2.28202,6.49123,1.27909,8.02464,0.42336,36.966,0.42336,423.524,0,1.02816,0,0,2.19497,1.16681,1.028160,1,0,45.8935,0,0,0,45.8935,0
69.1539,2.6666,0,0,2.59844,0.156881,0.36288,3.6288,61.308,0.66528,0,0,1.1911,0.2247,0.301122,0.66528,12.849,1,0.491286,0.36288,0,52.3388,4.93531,47.2751,0.84672,12.849,0.84672,3695.15,0,36.966,0.636367,1.26447,2.39176,6.47862,1.23331,8.26518,0.42336,36.966,0.42336,423.524,0,1.02816,0,0,2.29263,1.26447,1.028160,1,0,55.8414,0,0,0,55.8414,0
68.2636,2.66313,0,0,2.27786,0.142114,0.36288,3.6288,61.308,0.66528,0,0,1.10963,0.234143,0.210203,0.66528,12.849,1,0.494817,0.36288,0,46.7618,5.04241,41.5875,0.84672,12.849,0.84672,3695.15,0,36.966,0.636399,1.10936,2.3918,6.28565,1.26067,7.88974,0.42336,36.966,0.42336,423.524,0,1.02816,0,0,2.13752,1.10936,1.028160,1,0,49.6874,0,0,0,49.6874,0
67.2918,2.65774,0,0,2.15506,0.106239,0.36288,3.6288,61.308,0.66528,0,0,1.06685,0.257752,0.143818,0.66528,12.849,1,0.500257,0.36288,0,42.7465,5.31016,37.2989,0.84672,12.849,0.84672,3695.15,0,36.966,0.636432,1.00615,2.39183,6.04682,1.32908,7.47929,0.42336,36.966,0.42336,423.524,0,1.02816,0,0,2.03431,1.00615,1.028160,1,0,44.9221,0,0,0,44.9221,0
66.2026,2.65172,0,0,2.02761,0.102191,0.36288,3.6288,61.308,0.66528,0,0,1.04613,0.261178,0.119673,0.66528,12.849,1,0.506332,0.36288,0,43.1836,5.35543,37.6847,0.84672,12.849,0.84672,3695.15,0,36.966,0.636464,0.885142,2.39187,6.14045,1.33202,7.44897,0.42336,36.966,0.42336,423.524,0,1.02816,0,0,1.9133,0.885142,1.028160,1,0,45.2533,0,0,0,45.2533,0
64.8602,2.61884,0,0,1.72133,0.0820348,0.36288,3.6288,61.308,0.66528,0,0,1.24839,0.281736,0.301378,0.66528,12.849,1,0.50828,0.36288,0,44.7701,5.62705,38.9977,0.84672,12.849,0.84672,3695.15,0,36.966,0.693654,0.939635,2.3919,5.07811,1.34965,6.36634,0.42336,36.966,0.42336,423.524,0,1.02816,0,0,1.96779,0.939635,1.028160,1,0,45.6654,0,0,0,45.6654,0
63.458,2.6101,0,0,1.65193,0.0811588,0.36288,3.6288,61.308,0.66528,0,0,1.26713,0.281736,0.320118,0.66528,12.849,1,0.517069,0.36288,0,42.1213,5.62705,36.3401,0.84672,12.849,0.84672,3695.15,0,36.966,0.693687,1.03717,2.43029,5.34983,1.34965,6.77395,0.42336,36.966,0.42336,423.524,0,1.02816,0,0,2.06533,1.03717,1.028160,1,0,43.4341,0,0,0,43.4341,0
62.0407,2.60065,0,0,1.62646,0.0802437,0.36288,3.6288,61.308,0.66528,0,0,1.21311,0.281736,0.266092,0.66528,12.849,1,0.52658,0.36288,0,39.6522,5.62705,33.8614,0.84672,12.849,0.84672,3695.15,0,36.966,0.69372,1.07285,2.43033,5.58205,1.34965,7.04186,0.42336,36.966,0.42336,423.524,0,1.02816,0,0,2.10101,1.07285,1.028160,1,0,41.1694,0,0,0,41.1694,0
60.5731,2.59073,0,0,1.54771,0.0616706,0.36288,3.6288,61.308,0.66528,0,0,1.18415,0.312825,0.206042,0.66528,12.849,1,0.536555,0.36288,0,37.5937,6.0614,31.3586,0.84672,12.849,0.84672,3695.15,0,36.966,0.693754,0.995216,2.43036,5.36477,1.49665,6.59994,0.42336,36.966,0.42336,423.524,0,1.02816,0,0,2.02338,0.995216,1.028160,1,0,38.1646,0,0,0,38.1646,0
58.9845,2.64608,0,0,1.47143,0.0510949,0.36288,3.6288,61.308,0.66528,0,0,1.20081,0.337079,0.198454,0.66528,12.849,1,0.561297,0.36288,0,38.5868,5.97308,32.4154,0.84672,12.849,0.84672,3695.15,0,36.966,0.744731,0.881885,2.4304,4.94087,1.53214,5.97628,0.42336,36.966,0.42336,423.524,0,1.02816,0,0,1.91004,0.881885,1.028160,1,0,38.5901,0,0,0,38.5901,0
57.4419,2.63371,0,0,1.50556,0.0516175,0.36288,3.6288,61.308,0.66528,0,0,1.21867,0.337454,0.215938,0.66528,12.849,1,0.57372,0.36288,0,37.247,5.80744,31.2287,0.84672,12.849,0.84672,3695.15,0,36.966,0.744764,0.952508,2.48479,4.71089,1.50224,5.90119,0.42336,36.966,0.42336,423.524,0,1.02816,0,0,1.98067,0.952508,1.028160,1,0,37.3458,0,0,0,37.3458,0
55.7396,2.62117,0,0,1.3326,0.0508486,0.36288,3.6288,61.308,0.66528,0,0,1.14383,0.337454,0.141098,0.66528,12.849,1,0.586322,0.36288,0,35.1607,5.80744,29.1299,0.84672,12.849,0.84672,3695.15,0,36.966,0.744798,0.851325,2.48483,4.71354,1.50224,5.80266,0.42336,36.966,0.42336,423.524,0,1.02816,0,0,1.87949,0.851325,1.028160,1,0,35.0736,0,0,0,35.0736,0
53.9384,2.60666,0,0,1.21839,0.05,0.36288,3.6288,61.308,0.66528,0,0,1.10494,0.337454,0.102201,0.66528,12.849,1,0.600884,0.36288,0,33.0197,5.80744,26.9742,0.84672,12.849,0.84672,3695.15,0,36.966,0.744832,0.703555,2.48487,4.49099,1.50224,5.43234,0.42336,36.966,0.42336,423.524,0,1.02816,0,0,1.73172,0.703555,1.028160,1,0,32.5087,0,0,0,32.5087,0
51.7894,2.77982,0,0,1.03462,0.0408797,0.36288,3.6288,61.308,0.66528,0,0,1.10111,0.341366,0.0944613,0.66528,12.849,1,0.662198,0.36288,0,31.5585,6.07563,25.1835,0.84672,12.849,0.84672,3695.15,0,36.966,0.928759,0.697939,2.4849,4.11504,1.5654,4.80372,0.42336,36.966,0.42336,423.524,0,1.02816,0,0,1.7261,0.697939,1.028160,1,0,30.0817,0,0,0,30.0817,0
49.4747,2.75785,0,0,0.868813,0.062865,0.36288,3.6288,61.308,0.66528,0,0,1.0408,0.323952,0.0515688,0.66528,12.849,1,0.684226,0.36288,0,29.4245,5.96096,23.1422,0.84672,12.849,0.84672,3695.15,0,36.966,0.928795,0.679199,2.67095,3.0873,1.56644,3.9422,0.42336,36.966,0.42336,423.524,0,1.02816,0,0,1.70736,0.679199,1.028160,1,0,27.1359,0,0,0,27.1359,0
47.0969,2.73249,0,0,0.778948,0.0613547,0.36288,3.6288,61.2622,0.66528,0,0,0.943471,0.323952,0,0.66528,12.849,1,0.709651,0.36288,0,26.2676,5.96096,19.9599,0.84672,12.849,0.84672,3695.15,0,36.966,0.928832,0.568348,2.67098,3.01057,1.56644,3.75463,0.42336,36.966,0.42336,423.524,0,1.02816,0,0,1.59651,0.568348,1.028160,1,0,23.7145,0,0,0,23.7145,0
44.6646,2.94197,0,0,0.932334,0.0597879,0.36288,3.6288,61.2866,0.66528,0,0,1.01352,0.323858,0,0.66528,12.849,1,0.80263,0.36288,0,27.1852,5.96096,20.7845,0.84672,12.849,0.84672,3695.15,0,36.966,0.626469,0.705681,2.67102,3.30225,1.56644,4.48605,0.42336,36.966,0.42336,423.524,0,1.02816,0,0,1.73384,0.705681,1.028160,1,0,25.2706,0,0,0,25.2706,0
42.91,2.90807,0,0,1.5942,0.0778604,0.36288,3.6288,61.308,0.66528,0,0,1.3018,0.318545,0.296598,0.66528,12.849,1,0.836587,0.36288,0,45.1786,5.81253,38.8924,0.84672,12.849,0.84672,3695.15,0,36.966,0.626506,0.99144,2.4941,3.65532,1.54824,4.96611,0.42336,36.966,0.42336,423.524,0,1.02816,0,0,2.0196,0.99144,1.028160,1,0,44.1551,0,0,0,44.1551,0
40.9527,2.79386,0,0,1.30142,0.101898,0.36288,3.6288,61.308,0.66528,0,0,1.37644,0.245352,0.465806,0.66528,12.849,1,0.836597,0.36288,0,36.4579,4.71587,31.2683,0.84672,12.849,0.84672,3695.15,0,36.966,0.514918,1.06159,2.49414,5.34354,1.11444,7.26991,0.42336,36.966,0.42336,423.524,0,1.02816,0,0,2.08975,1.06159,1.028160,1,0,39.004,0,0,0,39.004,0
38.8708,2.76347,0,0,1.14401,0.0995935,0.36288,3.6288,61.308,0.66528,0,0,1.17837,0.245352,0.267734,0.66528,12.849,1,0.867045,0.36288,0,33.4651,4.71587,28.245,0.84672,12.849,0.84672,3695.15,0,36.966,0.514953,0.647015,2.38653,4.47087,1.11444,5.87502,0.42336,36.966,0.42336,423.524,0,1.02816,0,0,1.67518,0.647015,1.028160,1,0,34.3878,0,0,0,34.3878,0
36.895,2.72862,0,0,1.22609,0.110398,0.36288,3.6288,61.308,0.66528,0,0,1.92814,0.242221,1.02064,0.66528,12.849,1,0.901962,0.36288,0,58.7683,4.54829,53.681,0.84672,12.849,0.84672,3695.15,0,36.966,0.514988,2.07903,2.38656,6.18157,1.07292,9.05925,0.42336,36.966,0.42336,423.524,0,1.02816,0,0,3.10719,2.07903,1.028160,1,0,63.7609,0,0,0,63.7609,0
36.7172,2.69283,0,0,3.01802,0.140134,0.36288,3.6288,61.308,0.66528,0,0,2.37901,0.234394,1.47933,0.66528,12.849,1,0.937802,0.36288,0,103.118,4.12933,98.4133,0.84672,12.849,0.84672,3695.15,0,36.966,0.515023,2.05424,2.3866,9.4176,0.969133,12.3743,0.42336,36.966,0.42336,423.524,0,1.02816,0,0,3.0824,2.05424,1.028160,1,0,112.267,0,0,0,112.267,0
35.8631,2.62003,0,0,2.26186,0.133035,0.36288,3.6288,61.308,0.66528,0,0,1.27303,0.219283,0.388463,0.66528,12.849,1,0.916868,0.36288,0,72.1881,4.41374,67.2203,0.84672,12.849,0.84672,3695.15,0,36.966,0.413446,1.27244,2.38664,8.70817,1.06967,10.8841,0.42336,36.966,0.42336,423.524,0,1.02816,0,0,2.3006,1.27244,1.028160,1,0,78.4929,0,0,0,78.4929,0
35.3245,2.604,0,0,2.61636,0.188085,0.36288,3.6288,61.308,0.66528,0,0,1.1346,0.131382,0.337934,0.66528,12.849,1,0.932959,0.36288,0,39.5009,3.61977,35.311,0.84672,12.849,0.84672,3695.15,0,36.966,0.413479,0.874843,2.2906,6.26584,0.813475,8.20433,0.42336,36.966,0.42336,423.524,0,1.02816,0,0,1.903,0.874843,1.028160,1,0,43.8533,0,0,0,43.8533,0
35.6463,2.59361,0,0,3.46523,0.186869,0.36288,3.6288,61.308,0.66528,0,0,1.10227,0.131382,0.305612,0.66528,12.849,1,0.943405,0.36288,0,53.8161,3.61977,49.6158,0.84672,12.849,0.84672,3695.15,0,36.966,0.413513,1.155,2.29063,7.24697,0.813475,9.46561,0.42336,36.966,0.42336,423.524,0,1.02816,0,0,2.18316,1.155,1.028160,1,0,59.3871,0,0,0,59.3871,0
35.7192,2.59991,0,0,3.22326,0.187596,0.36288,3.6288,61.308,0.66528,0,0,2.04498,0.131382,1.24832,0.66528,12.849,1,0.937159,0.36288,0,86.9037,3.61977,82.7097,0.84672,12.849,0.84672,3695.15,0,36.966,0.413546,1.21033,2.29067,10.0604,0.813475,12.3344,0.42336,36.966,0.42336,423.524,0,1.02816,0,0,2.23849,1.21033,1.028160,1,0,96.2924,0,0,0,96.2924,0
35.3131,2.40545,0,0,2.55078,0.188597,0.36288,3.6288,61.308,0.541011,0,0,1.82777,0.146203,1.14055,0.66528,12.849,1,0.865293,0.36288,0,74.8348,3.66678,70.6656,0.84672,12.849,0.84672,3695.15,0,36.966,0.326206,1.32649,2.2907,8.08864,0.832626,10.547,0.42336,36.966,0.42336,423.524,0,1.02816,0,0,2.35465,1.32649,1.028160,1,0,82.3531,0,0,0,82.3531,0
33.9248,2.39819,0,0,1.56255,0.18976,0.36288,3.6288,61.308,0.54103,0,0,1.08445,0.183255,0.360165,0.66528,12.849,1,0.872604,0.36288,0,60.3139,3.7843,56.0198,0.84672,12.849,0.84672,3695.15,0,36.966,0.326217,0.830364,2.0773,5.09327,0.880504,6.79422,0.42336,36.966,0.42336,423.524,0,1.02816,0,0,1.85852,0.830364,1.028160,1,0,63.1742,0,0,0,63.1742,0
32.5949,2.37233,0,0,1.59188,0.186576,0.36288,3.6288,61.308,0.541049,0,0,1.52142,0.183255,0.797114,0.66528,12.849,1,0.898518,0.36288,0,69.4501,3.7843,65.1301,0.84672,12.849,0.84672,3695.15,0,36.966,0.326228,1.43315,2.07734,6.43658,0.880504,8.74034,0.42336,36.966,0.42336,423.524,0,1.02816,0,0,2.46131,1.43315,1.028160,1,0,74.6676,0,0,0,74.6676,0
31.66,2.34607,0,0,1.96352,0.189415,0.36288,3.6288,61.308,0.541067,0,0,1.7741,0.178142,1.05489,0.66528,12.849,1,0.924827,0.36288,0,76.0674,3.86402,71.6415,0.84672,12.849,0.84672,3695.15,0,36.966,0.32624,1.43191,2.07737,6.78724,0.900714,9.06956,0.42336,36.966,0.42336,423.524,0,1.02816,0,0,2.46007,1.43191,1.028160,1,0,81.7659,0,0,0,81.7659,0
32.5223,2.32668,0,0,3.7512,0.199363,0.36288,3.6288,61.308,0.541086,0,0,2.66965,0.186087,1.94247,0.66528,12.849,1,0.944267,0.36288,0,125.359,4.84648,119.931,0.84672,12.849,0.84672,3695.15,0,36.966,0.326251,2.14389,2.0774,11.6782,1.16314,14.4101,0.42336,36.966,0.42336,423.524,0,1.02816,0,0,3.17205,2.14389,1.028160,1,0,136.283,0,0,0,136.283,0
31.4438,2.34463,0,0,1.86055,0.231566,0.36288,3.6288,61.308,0.541086,0,0,0.911359,0.184564,0.185709,0.66528,12.849,1,0.926321,0.36288,0,80.9775,3.79055,76.6236,0.84672,12.849,0.84672,3695.15,0,36.966,0.326251,0.985763,2.07744,7.53195,0.858158,9.41075,0.42336,36.966,0.42336,423.524,0,1.02816,0,0,2.01392,0.985763,1.028160,1,0,86.22,0,0,0,86.22,0
30.7837,2.39485,0,0,2.33089,0.233234,0.36288,3.6288,61.308,0.579337,0,0,1.198,0.181632,0.437028,0.66528,12.849,1,0.978615,0.36288,0,89.4015,3.57441,85.2114,0.84672,12.849,0.84672,3695.15,0,36.966,0.349314,1.19591,2.07744,6.90336,0.791494,9.0359,0.42336,36.966,0.42336,423.524,0,1.02816,0,0,2.22407,1.19591,1.028160,1,0,94.6843,0,0,0,94.6843,0
33.0083,2.38006,0,0,5.19874,0.23125,0.36288,3.6288,61.308,0.579347,0,0,1.58597,0.181632,0.824988,0.66528,12.849,1,0.993428,0.36288,0,98.7051,3.57441,94.5001,0.84672,12.849,0.84672,3695.15,0,36.966,0.34932,2.07709,2.14402,10.9179,0.791494,13.9982,0.42336,36.966,0.42336,423.524,0,1.02816,0,0,3.10525,2.07709,1.028160,1,0,109.323,0,0,0,109.323,0
37.6598,2.42827,0,0,7.65062,0.207976,0.36288,3.6288,61.308,0.579357,0,0,1.98877,0.164206,1.24521,0.66528,12.849,1,0.945245,0.36288,0,157.404,3.37626,153.445,0.84672,12.849,0.84672,3695.15,0,36.966,0.349327,2.70533,2.14404,15.7071,0.774202,19.4329,0.42336,36.966,0.42336,423.524,0,1.02816,0,0,3.73349,2.70533,1.028160,1,0,174.123,0,0,0,174.123,0
39.5367,2.51535,0,0,4.99416,0.238993,0.36288,3.6288,61.308,0.579368,0,0,1.40988,0.175211,0.655305,0.66528,12.849,1,0.858202,0.36288,0,165.803,3.38137,161.927,0.84672,12.849,0.84672,3695.15,0,36.966,0.349333,2.17145,2.14406,10.3071,0.815481,13.4578,0.42336,36.966,0.42336,423.524,0,1.02816,0,0,3.19961,2.17145,1.028160,1,0,176.04,0,0,0,176.04,0
40.0183,2.79446,0,0,3.92633,0.287377,0.36288,3.6288,61.308,0.66528,0,0,1.02582,0.199178,0.161358,0.66528,12.849,1,0.908168,0.36288,0,72.1207,3.49387,68.0815,0.84672,12.849,0.84672,3695.15,0,36.966,0.493524,1.59896,2.14407,7.06917,0.879743,9.43894,0.42336,36.966,0.42336,423.524,0,1.02816,0,0,2.62712,1.59896,1.028160,1,0,77.6818,0,0,0,77.6818,0
39.5337,2.80276,0,0,2.95775,0.276792,0.36288,3.6288,61.1066,0.66528,0,0,0.667853,0.203959,0,0.66528,12.849,1,0.899903,0.36288,0,57.0808,3.52477,53.019,0.84672,12.849,0.84672,3695.15,0,36.966,0.493543,0.932507,2.38352,6.56271,0.912673,8.47252,0.42336,36.966,0.42336,423.524,0,1.02816,0,0,1.96067,0.932507,1.028160,1,0,61.4915,0,0,0,61.4915,0
39.011,2.79445,0,0,2.87953,0.244881,0.36288,3.6288,60.9672,0.66528,0,0,0.741508,0.215636,0,0.66528,12.849,1,0.908237,0.36288,0,88.5738,3.60203,84.4264,0.84672,12.849,0.84672,3695.15,0,36.966,0.493561,1.12519,2.38354,6.18646,0.994999,8.20662,0.42336,36.966,0.42336,423.524,0,1.02816,0,0,2.15335,1.12519,1.028160,1,0,92.6331,0,0,0,92.6331,0
40.0039,2.78532,0,0,4.3883,0.247207,0.36288,3.6288,61.2887,0.66528,0,0,1.2074,0.22061,0,0.66528,12.849,1,0.917399,0.36288,0,99.9847,3.75282,95.6773,0.84672,12.849,0.84672,3695.15,0,36.966,0.49358,1.11155,2.38356,6.99846,1.04062,8.95937,0.42336,36.966,0.42336,423.524,0,1.02816,0,0,2.13971,1.11155,1.028160,1,0,104.637,0,0,0,104.637,0
43.3739,2.44734,0,0,6.43547,0.255193,0.36288,3.6288,61.308,0.530263,0,0,1.36164,0.227961,0.584127,0.66528,12.849,1,0.78607,0.36288,0,114.032,3.95388,109.655,0.84672,12.849,0.84672,3695.15,0,36.966,0.319826,2.39973,2.38358,11.4848,1.10145,14.8468,0.42336,36.966,0.42336,423.524,0,1.02816,0,0,3.42789,2.39973,1.028160,1,0,125.085,0,0,0,125.085,0
46.1883,2.49447,0,0,5.93725,0.265475,0.36288,3.6288,61.308,0.530336,0,0,1.27786,0.227988,0.519532,0.66528,12.849,1,0.738958,0.36288,0,137.833,3.95388,133.503,0.84672,12.849,0.84672,3695.15,0,36.966,0.319769,2.06079,2.05707,10.4514,1.10145,13.148,0.42336,36.966,0.42336,423.524,0,1.02816,0,0,3.08895,2.06079,1.028160,1,0,147.171,0,0,0,147.171,0
49.4388,2.52972,0,0,6.36368,0.22061,0.36288,3.6288,61.308,0.530346,0,0,1.85452,0.19189,1.13228,0.66528,12.849,1,0.703737,0.36288,0,125.77,3.43071,121.998,0.84672,12.849,0.84672,3695.15,0,36.966,0.319775,3.00785,2.05709,12.6504,1.0263,16.3693,0.42336,36.966,0.42336,423.524,0,1.02816,0,0,4.03601,3.00785,1.028160,1,0,139.5,0,0,0,139.5,0
57.3361,2.56647,0,0,11.0617,0.2351,0.36288,3.6288,61.308,0.530356,0,0,3.28836,0.225113,2.53289,0.66528,12.849,1,0.667018,0.36288,0,148.756,4.36344,144.088,0.84672,12.849,0.84672,3695.15,0,36.966,0.319781,4.88243,2.05711,21.4009,1.12471,26.896,0.42336,36.966,0.42336,423.524,0,1.02816,0,0,5.91059,4.88243,1.028160,1,0,173.517,0,0,0,173.517,0
62.2627,2.64155,0,0,8.21681,0.285729,0.36288,3.6288,61.308,0.530366,0,0,3.73988,0.193579,3.01593,0.66528,12.849,1,0.59197,0.36288,0,232.69,4.35594,228.105,0.84672,12.849,0.84672,3695.15,0,36.966,0.319787,4.99463,2.05713,18.2487,1.11372,23.867,0.42336,36.966,0.42336,423.524,0,1.02816,0,0,6.02279,4.99463,1.028160,1,0,254.988,0,0,0,254.988,0
65.152,2.77833,0,0,6.33008,0.299584,0.36288,3.6288,61.308,0.577504,0,0,1.81524,0.209044,1.02869,0.66528,12.849,1,0.573357,0.36288,0,161.454,4.34175,156.902,0.84672,12.849,0.84672,3695.15,0,36.966,0.348209,2.75008,2.05714,11.4387,1.09743,14.8003,0.42336,36.966,0.42336,423.524,0,1.02816,0,0,3.77824,2.75008,1.028160,1,0,172.731,0,0,0,172.731,0
65.8391,2.79959,0,0,4.1563,0.306693,0.36288,3.6288,61.308,0.577514,0,0,1.35992,0.209044,0.57336,0.66528,12.849,1,0.552124,0.36288,0,103.836,4.34175,99.3045,0.84672,12.849,0.84672,3695.15,0,36.966,0.348215,1.94088,2.13767,8.69374,1.09743,11.3266,0.42336,36.966,0.42336,423.524,0,1.02816,0,0,2.96904,1.94088,1.028160,1,0,111.205,0,0,0,111.205,0
65.9473,2.80444,0,0,3.58383,0.308383,0.36288,3.6288,61.308,0.577525,0,0,1.24851,0.209044,0.461946,0.66528,12.849,1,0.547307,0.36288,0,88.9255,4.34175,84.3993,0.84672,12.849,0.84672,3695.15,0,36.966,0.348222,1.95598,2.13769,7.85843,1.09743,10.5064,0.42336,36.966,0.42336,423.524,0,1.02816,0,0,2.98414,1.95598,1.028160,1,0,95.3677,0,0,0,95.3677,0
66.2955,2.80521,0,0,3.80017,0.283831,0.36288,3.6288,61.308,0.577535,0,0,1.01829,0.195444,0.245314,0.66528,12.849,1,0.546561,0.36288,0,90.7753,4.11405,86.4776,0.84672,12.849,0.84672,3695.15,0,36.966,0.348228,1.179,2.13771,6.824,1.15356,8.63892,0.42336,36.966,0.42336,423.524,0,1.02816,0,0,2.20716,1.179,1.028160,1,0,95.3618,0,0,0,95.3618,0
66.7698,2.76895,0,0,3.8808,0.274663,0.36288,3.6288,61.308,0.55924,0,0,0.905092,0.190004,0.155848,0.66528,12.849,1,0.536661,0.36288,0,87.3521,4.02297,83.1554,0.84672,12.849,0.84672,3695.15,0,36.966,0.337197,0.794716,2.13772,6.63617,1.17601,8.0554,0.42336,36.966,0.42336,423.524,0,1.02816,0,0,1.82288,0.794716,1.028160,1,0,91.3666,0,0,0,91.3666,0
66.801,2.77217,0,0,3.40845,0.242218,0.36288,3.6288,61.3051,0.559251,0,0,0.763551,0.207235,0,0.66528,12.849,1,0.533468,0.36288,0,80.8885,3.96739,76.7506,0.84672,12.849,0.84672,3695.15,0,36.966,0.337203,0.895337,2.10641,5.64787,1.1453,7.16712,0.42336,36.966,0.42336,423.524,0,1.02816,0,0,1.9235,0.895337,1.028160,1,0,83.9177,0,0,0,83.9177,0
66.4437,2.7724,0,0,2.97559,0.197625,0.36288,3.6288,61.2713,0.559251,0,0,0.755661,0.230207,0,0.66528,12.849,1,0.533264,0.36288,0,65.6357,3.89329,61.572,0.84672,12.849,0.84672,3695.15,0,36.966,0.33722,1.06991,2.10643,5.28708,1.10436,7.02184,0.42336,36.966,0.42336,423.524,0,1.02816,0,0,2.09807,1.06991,1.028160,1,0,68.5938,0,0,0,68.5938,0
65.7621,2.77002,0,0,2.64636,0.195071,0.36288,3.6288,61.2273,0.559145,0,0,0.739372,0.224196,0,0.66528,12.849,1,0.535671,0.36288,0,45.9418,3.88898,41.8801,0.84672,12.849,0.84672,3695.15,0,36.966,0.337342,1.05136,2.10645,4.95563,1.10461,6.67149,0.42336,36.966,0.42336,423.524,0,1.02816,0,0,2.07952,1.05136,1.028160,1,0,48.5515,0,0,0,48.5515,0
64.9065,2.89658,0,0,2.56765,0.163735,0.36288,3.6288,61.0166,0.623888,0,0,0.628646,0.215479,0,0.66528,12.849,1,0.565952,0.36288,0,51.5239,4.0678,47.253,0.84672,12.849,0.84672,3695.15,0,36.966,0.376672,0.82614,2.10647,4.55228,1.07012,6.03809,0.42336,36.966,0.42336,423.524,0,1.02816,0,0,1.8543,0.82614,1.028160,1,0,53.2911,0,0,0,53.2911,0
64.0272,2.89038,0,0,2.53654,0.162617,0.36288,3.6288,60.8562,0.623089,0,0,0.677912,0.215192,0,0.66528,12.849,1,0.572184,0.36288,0,49.988,4.0678,45.7109,0.84672,12.849,0.84672,3695.15,0,36.966,0.377489,0.792193,2.21627,4.93252,1.07012,6.49336,0.42336,36.966,0.42336,423.524,0,1.02816,0,0,1.82035,0.792193,1.028160,1,0,52.2043,0,0,0,52.2043,0
62.9955,2.88386,0,0,2.37654,0.161467,0.36288,3.6288,60.6549,0.62248,0,0,0.63612,0.214973,0,0.66528,12.849,1,0.578734,0.36288,0,46.6404,4.0678,42.3568,0.84672,12.849,0.84672,3695.15,0,36.966,0.378114,0.733545,2.21629,4.41043,1.07012,5.91202,0.42336,36.966,0.42336,423.524,0,1.02816,0,0,1.7617,0.733545,1.028160,1,0,48.2688,0,0,0,48.2688,0
61.8446,2.87601,0,0,2.2296,0.141648,0.36288,3.6288,60.4045,0.621711,0,0,0.602779,0.231467,0,0.66528,12.849,1,0.586611,0.36288,0,43.4869,4.45729,38.8059,0.84672,12.849,0.84672,3695.15,0,36.966,0.378901,0.626409,2.21631,4.32746,1.12542,5.66585,0.42336,36.966,0.42336,423.524,0,1.02816,0,0,1.65457,0.626409,1.028160,1,0,44.4718,0,0,0,44.4718,0
60.2861,2.867,0,0,1.78984,0.118444,0.36288,3.6288,60.1065,0.641174,0,0,0.582158,0.239005,0,0.66528,12.849,1,0.595655,0.36288,0,42.6874,4.75654,37.6981,0.84672,12.849,0.84672,3695.15,0,36.966,0.392382,0.30119,2.21632,3.7334,1.29163,4.5669,0.42336,36.966,0.42336,423.524,0,0.995233,0,0,1.29642,0.30119,1.028160,1,0,42.265,0,0,0,42.265,0
58.6718,2.82876,0,0,1.68758,0.11029,0.36288,3.6288,59.684,0.732739,0,0,0.55036,0.240076,0,0.66528,12.849,1,0.602904,0.36288,0,38.1546,4.77582,33.1387,0.84672,12.849,0.84672,3695.15,0,36.966,0.450641,0.30119,2.21634,3.10859,1.29762,3.87787,0.42336,36.966,0.42336,423.524,0,0.902621,0,0,1.20381,0.30119,1.028160,1,0,37.0166,0,0,0,37.0166,0
57.058,2.81518,0,0,1.67292,0.108592,0.36288,3.6288,59.3208,0.663271,0,0,0.539463,0.23943,0,0.66528,12.849,1,0.616518,0.36288,0,35.3507,4.77582,30.3213,0.84672,12.849,0.84672,3695.15,0,36.966,0.410805,0.261274,2.25474,3.06674,1.29762,3.87433,0.42336,36.966,0.42336,423.524,0,1.01194,0,0,1.27322,0.261274,1.028160,1,0,34.1956,0,0,0,34.1956,0
55.356,2.80097,0,0,1.56867,0.106894,0.36288,3.6288,58.8525,0.736323,0,0,0.506935,0.238875,0,0.66528,12.849,1,0.630755,0.36288,0,32.5393,4.77582,27.4956,0.84672,12.849,0.84672,3695.15,0,36.966,0.458843,0.261274,2.25476,2.99588,1.29762,3.75545,0.42336,36.966,0.42336,423.524,0,0.89087,0,0,1.15214,0.261274,1.028160,1,0,31.251,0,0,0,31.251,0
53.4064,2.78525,0,0,1.28593,0.0873217,0.36288,3.6288,58.1,0.921177,0,0,0.442498,0.273835,0,0.66528,12.849,1,0.646501,0.36288,0,26.2946,5.3763,20.6347,0.84672,12.849,0.84672,3695.15,0,36.966,0.578603,0.261274,2.25478,2.41156,1.39496,2.95405,0.42336,36.966,0.42336,423.524,0,0.586274,0,0,0.847548,0.261274,1.028160,1,0,23.5888,0,0,0,23.5888,0
51.3191,2.83081,0,0,1.18321,0.0768813,0.36288,3.6288,57.1932,1.02179,0,0,0.408716,0.293753,0,0.66528,12.849,1,0.681062,0.36288,0,31.207,5.6911,25.1977,0.84672,12.849,0.84672,3695.15,0,36.966,0.650109,0.261274,2.2548,2.29595,1.44537,2.71654,0.42336,36.966,0.42336,423.524,0,0.465152,0,0,0.726425,0.261274,1.028160,1,0,27.9142,0,0,0,27.9142,0
49.1758,2.80868,0,0,1.10353,0.0752433,0.36288,3.6288,56.2419,1.02122,0,0,0.362015,0.292034,0,0.66528,12.849,1,0.703223,0.36288,0,24.6876,5.6911,18.6561,0.84672,12.849,0.84672,3695.15,0,36.966,0.660051,0.261274,2.30921,2.09567,1.44537,2.56073,0.42336,36.966,0.42336,423.524,0,0.455795,0,0,0.717068,0.261274,1.028160,1,0,21.2169,0,0,0,21.2169,0
46.9587,2.78441,0,0,1.00376,0.073559,0.36288,3.6288,55.23,1.06177,0,0,0.340044,0.290231,0,0.66528,12.849,1,0.727529,0.36288,0,22.7012,5.6911,16.6454,0.84672,12.849,0.84672,3695.15,0,36.966,0.697867,0.227405,2.30923,1.91799,1.44537,2.31139,0.42336,36.966,0.42336,423.524,0,0.377446,0,0,0.604851,0.227405,1.028160,1,0,18.9568,0,0,0,18.9568,0
44.8505,2.75746,0,0,1.0774,0.0652586,0.36288,3.6288,54.3873,0.950044,0,0,0.395108,0.287766,0,0.66528,12.849,1,0.754505,0.36288,0,22.1798,5.8669,15.9213,0.84672,12.849,0.84672,3695.15,0,36.966,0.635874,0.227405,2.30925,2.66174,1.47935,3.08317,0.42336,36.966,0.42336,423.524,0,0.551182,0,0,0.778587,0.227405,1.028160,1,0,19.0045,0,0,0,19.0045,0
42.3341,2.91223,0,0,0.824533,0.0658866,0.36288,3.6288,53.1992,1.18871,0,0,0.295631,0.294961,0,0.66528,12.849,1,0.834311,0.36288,0,15.536,6.16476,8.89983,0.84672,12.849,0.84672,3695.15,0,36.966,0.807943,0.227405,2.30927,1.68163,1.50186,1.9085,0.42336,36.966,0.42336,423.524,0,0.324463,0,0,0.551868,0.227405,1.028160,1,0,10.8083,0,0,0,10.8083,0
39.7119,2.87421,0,0,0.678983,0.064013,0.36288,3.6288,51.9482,1.21597,0,0,0.25731,0.292402,0,0.66528,12.849,1,0.872365,0.36288,0,19.2871,6.16476,12.6128,0.84672,12.849,0.84672,3695.15,0,36.966,0.844932,0.227405,2.4954,1.50027,1.50186,1.87628,0.42336,36.966,0.42336,423.524,0,0.260228,0,0,0.487633,0.227405,1.028160,1,0,14.4891,0,0,0,14.4891,0
37.2074,2.83072,0,0,0.751136,0.0620639,0.36288,3.6288,50.9095,1.10261,0,0,0.353465,0.28948,0,0.66528,12.849,1,0.915893,0.36288,0,16.5359,6.16476,9.81815,0.84672,12.849,0.84672,3695.15,0,36.966,0.784613,0.204422,2.49542,1.79284,1.50186,2.20621,0.42336,36.966,0.42336,423.524,0,0.433928,0,0,0.638351,0.204422,1.028160,1,0,12.0244,0,0,0,12.0244,0
34.6952,2.78491,0,0,0.697628,0.0620784,0.36288,3.6288,49.7968,1.12265,0,0,0.284097,0.274222,0,0.66528,12.849,1,0.961727,0.36288,0,15.8645,5.79507,9.47059,0.84672,12.849,0.84672,3695.15,0,36.966,0.815167,0.204422,2.49544,2.03694,1.35795,2.56369,0.42336,36.966,0.42336,423.524,0,0.383361,0,0,0.587784,0.204422,1.028160,1,0,12.0343,0,0,0,12.0343,0
32.6882,2.73412,0,0,1.1634,0.0733263,0.36288,3.6288,48.9898,1.00679,0,0,0.446381,0.246578,0,0.66528,12.849,1,1.01255,0.36288,0,32.9567,5.37782,26.9292,0.84672,12.849,0.84672,3695.15,0,36.966,0.747378,0.204422,2.49546,2.27594,1.29304,2.93541,0.42336,36.966,0.42336,423.524,0,0.567027,0,0,0.771449,0.204422,1.028160,1,0,29.8646,0,0,0,29.8646,0
30.8644,2.60746,0,0,1.21943,0.0729537,0.36288,3.6288,48.8027,0.66528,0,0,0.724239,0.246042,0,0.66528,12.849,1,1.02493,0.36288,0,31.8311,5.46231,25.7067,0.84672,12.849,0.84672,3695.15,0,36.966,0.51609,0.305718,2.49548,2.67745,1.34218,3.62038,0.42336,36.966,0.42336,423.524,0,1.02816,0,0,1.33388,0.305718,1.028160,1,0,29.3271,0,0,0,29.3271,0
28.934,2.56471,0,0,1.06849,0.0712858,0.36288,3.6288,48.1735,0.831214,0,0,0.44766,0.245662,0,0.66528,12.849,1,1.0677,0.36288,0,32.3186,5.46231,26.1515,0.84672,12.849,0.84672,3695.15,0,36.966,0.62961,0.216518,2.38779,2.11077,1.34218,2.74329,0.42336,36.966,0.42336,423.524,0,0.748725,0,0,0.965244,0.216518,1.028160,1,0,28.8948,0,0,0,28.8948,0
26.8554,2.51541,0,0,0.869175,0.0694634,0.36288,3.6288,47.3513,0.946285,0,0,0.368458,0.244382,0,0.66528,12.849,1,1.11704,0.36288,0,29.6778,5.46231,23.4613,0.84672,12.849,0.84672,3695.15,0,36.966,0.726133,0.216518,2.38781,1.90718,1.34218,2.44319,0.42336,36.966,0.42336,423.524,0,0.537149,0,0,0.753667,0.216518,1.028160,1,0,25.9045,0,0,0,25.9045,0
25.1351,2.45695,0,0,1.21135,0.111836,0.36288,3.6288,46.7499,0.81899,0,0,0.442736,0.225137,0,0.66528,12.849,1,1.17553,0.36288,0,38.0852,4.82003,32.4525,0.84672,12.849,0.84672,3695.15,0,36.966,0.639366,0.216518,2.38783,2.79085,1.12434,3.63149,0.42336,36.966,0.42336,423.524,0,0.751231,0,0,0.967749,0.216518,1.028160,1,0,36.084,0,0,0,36.084,0
23.5847,2.34164,0,0,1.29318,0.139091,0.36288,3.6288,46.5354,0.602988,0,0,0.620958,0.232496,0,0.66528,12.849,1,1.19704,0.36288,0,34.6492,4.44811,29.3669,0.84672,12.849,0.84672,3695.15,0,36.966,0.476794,0.274859,2.38785,3.07664,0.985326,4.27724,0.42336,36.966,0.42336,423.524,0,1.02816,0,0,1.30302,0.274859,1.028160,1,0,33.6441,0,0,0,33.6441,0
22.3185,2.29072,0,0,1.52343,0.136,0.36288,3.6288,45.9982,0.780138,0,0,0.47503,0.232039,0,0.66528,12.849,1,1.24799,0.36288,0,40.1219,4.44811,34.7887,0.84672,12.849,0.84672,3695.15,0,36.966,0.619713,0.216518,2.29174,3.19764,0.985326,4.10086,0.42336,36.966,0.42336,423.524,0,0.708108,0,0,0.924627,0.216518,1.028160,1,0,38.8896,0,0,0,38.8896,0
24.089,2.2458,0,0,4.51284,0.133664,0.36288,3.6288,46.7318,0.598688,0,0,1.56314,0.230889,0,0.66528,12.849,1,1.29293,0.36288,0,75.4193,4.44811,70.0411,0.84672,12.849,0.84672,3695.15,0,36.966,0.481129,2.24119,2.29176,5.63224,0.985326,8.69874,0.42336,36.966,0.42336,423.524,0,1.02816,0,0,3.26935,2.24119,1.028160,1,0,78.7398,0,0,0,78.7398,0
24.5961,2.30779,0,0,3.32104,0.143253,0.36288,3.6288,47.0472,0.602915,0,0,1.14778,0.229424,0,0.66528,12.849,1,1.23097,0.36288,0,82.0702,4.39786,76.8042,0.84672,12.849,0.84672,3695.15,0,36.966,0.476921,1.84531,2.29178,5.235,0.978172,7.917,0.42336,36.966,0.42336,423.524,0,1.02816,0,0,2.87347,1.84531,1.028160,1,0,84.7212,0,0,0,84.7212,0
23.1124,2.14942,0,0,1.21069,0.182069,0.36288,3.6288,46.8519,0.48614,0,0,0.502598,0.211779,0,0.66528,12.849,1,1.12286,0.36288,0,33.9977,4.09636,29.1414,0.84672,12.849,0.84672,3695.15,0,36.966,0.38197,0.318997,2.2918,2.87016,0.935251,4.16373,0.42336,36.966,0.42336,423.524,0,1.02816,0,0,1.34716,0.318997,1.028160,1,0,33.3051,0,0,0,33.3051,0
22.3665,2.10312,0,0,1.8983,0.178211,0.36288,3.6288,46.7041,0.485259,0,0,0.548926,0.211431,0,0.66528,12.849,1,1.16919,0.36288,0,38.5303,4.09636,33.6277,0.84672,12.849,0.84672,3695.15,0,36.966,0.382868,0.417087,2.07828,2.86505,0.935251,4.0423,0.42336,36.966,0.42336,423.524,0,1.02816,0,0,1.44525,0.417087,1.028160,1,0,37.67,0,0,0,37.67,0
23.7328,2.07837,0,0,3.98224,0.174731,0.36288,3.6288,46.8031,0.484591,0,0,0.795808,0.212241,0,0.66528,12.849,1,1.19397,0.36288,0,34.2021,4.16093,29.2101,0.84672,12.849,0.84672,3695.15,0,36.966,0.383551,0.837095,2.0783,4.07704,0.99024,5.61865,0.42336,36.966,0.42336,423.524,0,1.02816,0,0,1.86525,0.837095,1.028160,1,0,34.8288,0,0,0,34.8288,0
26.1676,2.12298,0,0,5.08823,0.167602,0.36288,3.6288,46.9523,0.485054,0,0,0.853204,0.218908,0,0.66528,12.849,1,1.14939,0.36288,0,49.6371,4.54829,44.3024,0.84672,12.849,0.84672,3695.15,0,36.966,0.383105,0.853865,2.07832,3.92531,1.32017,5.15422,0.42336,36.966,0.42336,423.524,0,1.02816,0,0,1.88203,0.853865,1.028160,1,0,49.4566,0,0,0,49.4566,0
27.538,2.19472,0,0,4.09329,0.16523,0.36288,3.6288,47.4569,0.485744,0,0,1.16454,0.174242,0,0.66528,12.849,1,1.07767,0.36288,0,82.131,4.20778,77.2084,0.84672,12.849,0.84672,3695.15,0,36.966,0.382431,0.866385,2.07834,5.44397,1.03054,6.97572,0.42336,36.966,0.42336,423.524,0,1.02816,0,0,1.89454,0.866385,1.028160,1,0,84.1841,0,0,0,84.1841,0
28.8552,2.3012,0,0,4.14634,0.165028,0.36288,3.6288,48.0418,0.522503,0,0,1.26433,0.156928,0,0.66528,12.849,1,1.07372,0.36288,0,77.6218,4.07158,72.8393,0.84672,12.849,0.84672,3695.15,0,36.966,0.406998,0.874446,2.07835,5.96932,0.914684,7.60044,0.42336,36.966,0.42336,423.524,0,1.02816,0,0,1.90261,0.874446,1.028160,1,0,80.4398,0,0,0,80.4398,0
29.7596,2.33512,0,0,3.77044,0.168039,0.36288,3.6288,48.509,0.525305,0,0,1.15016,0.157696,0,0.66528,12.849,1,1.03981,0.36288,0,70.2181,4.07158,65.4696,0.84672,12.849,0.84672,3695.15,0,36.966,0.404198,0.706778,2.14495,5.49004,0.914684,7.02288,0.42336,36.966,0.42336,423.524,0,1.02816,0,0,1.73494,0.706778,1.028160,1,0,72.4925,0,0,0,72.4925,0
30.5621,2.35719,0,0,3.70026,0.177734,0.36288,3.6288,48.9906,0.527515,0,0,1.16853,0.159382,0,0.66528,12.849,1,1.01774,0.36288,0,68.2767,4.13897,63.4829,0.84672,12.849,0.84672,3695.15,0,36.966,0.40199,0.735981,2.14495,5.71298,0.952384,7.23953,0.42336,36.966,0.42336,423.524,0,1.02816,0,0,1.76414,0.735981,1.028160,1,0,70.7224,0,0,0,70.7224,0
31.5428,2.37601,0,0,3.938,0.21838,0.36288,3.6288,49.5993,0.529769,0,0,1.30722,0.168774,0,0.66528,12.849,1,0.998929,0.36288,0,71.1893,4.63145,65.9218,0.84672,12.849,0.84672,3695.15,0,36.966,0.399739,0.647793,2.14495,5.56336,1.26884,6.68752,0.42336,36.966,0.42336,423.524,0,1.02816,0,0,1.67595,0.647793,1.028160,1,0,72.6093,0,0,0,72.6093,0
31.9608,2.63199,0,0,3.61123,0.198356,0.36288,3.6288,49.9124,0.693977,0,0,1.17265,0.165532,0,0.66528,12.849,1,1.07214,0.36288,0,68.6845,4.56572,63.4096,0.84672,12.849,0.84672,3695.15,0,36.966,0.517216,0.503194,2.14496,4.93347,1.31536,5.74904,0.42336,36.966,0.42336,423.524,0,0.976657,0,0,1.47985,0.503194,1.028160,1,0,69.1586,0,0,0,69.1586,0
32.1494,2.64199,0,0,3.39282,0.199406,0.36288,3.6288,50.304,0.66528,0,0,1.2228,0.165958,0,0.66528,12.849,1,1.06214,0.36288,0,60.8721,4.56572,55.6071,0.84672,12.849,0.84672,3695.15,0,36.966,0.494413,0.557954,2.38449,6.81632,1.31536,7.94899,0.42336,36.966,0.42336,423.524,0,1.02816,0,0,1.58611,0.557954,1.028160,1,0,63.5561,0,0,0,63.5561,0
32.7968,2.64644,0,0,3.87462,0.217904,0.36288,3.6288,50.711,0.66528,0,0,1.2408,0.16845,0,0.66528,12.849,1,1.05769,0.36288,0,72.9156,3.79533,68.4254,0.84672,12.849,0.84672,3695.15,0,36.966,0.494415,0.703244,2.38449,5.88751,1.10621,7.37462,0.42336,36.966,0.42336,423.524,0,1.02816,0,0,1.7314,0.703244,1.028160,1,0,75.8,0,0,0,75.8,0
34.3718,2.66145,0,0,4.81308,0.213716,0.36288,3.6288,51.4452,0.66528,0,0,1.56438,0.164919,0,0.66528,12.849,1,1.04269,0.36288,0,83.5445,3.7749,79.0898,0.84672,12.849,0.84672,3695.15,0,36.966,0.494418,1.04527,2.38449,7.23026,1.07221,9.09339,0.42336,36.966,0.42336,423.524,0,1.02816,0,0,2.07343,1.04527,1.028160,1,0,88.1832,0,0,0,88.1832,0
37.7653,2.35446,0,0,6.31358,0.202716,0.36288,3.6288,52.9359,0.495065,0,0,2.14132,0.155614,0,0.66528,12.849,1,0.880155,0.36288,0,113.969,3.72383,109.728,0.84672,12.849,0.84672,3695.15,0,36.966,0.355729,1.69866,2.38449,12.4617,0.987228,15.2019,0.42336,36.966,0.42336,423.524,0,1.02816,0,0,2.72682,1.69866,1.028160,1,0,124.93,0,0,0,124.93,0
39.3981,2.41348,0,0,4.62025,0.211125,0.36288,3.6288,54.1709,0.500964,0,0,1.89346,0.157493,0,0.66528,12.849,1,0.821145,0.36288,0,100.914,3.72383,96.7322,0.84672,12.849,0.84672,3695.15,0,36.966,0.349832,1.7057,2.05785,7.41237,0.987228,9.83886,0.42336,36.966,0.42336,423.524,0,1.02816,0,0,2.73386,1.7057,1.028160,1,0,106.571,0,0,0,106.571,0
45.9699,2.43914,0,0,9.56431,0.190461,0.36288,3.6288,56.6534,0.505706,0,0,3.12999,0.141744,0,0.66528,12.849,1,0.795484,0.36288,0,151.059,3.46224,147.164,0.84672,12.849,0.84672,3695.15,0,36.966,0.345092,3.55109,2.05785,19.3402,0.949652,23.6544,0.42336,36.966,0.42336,423.524,0,1.02816,0,0,4.57925,3.55109,1.028160,1,0,170.819,0,0,0,170.819,0
50.2075,2.52803,0,0,7.38987,0.261363,0.36288,3.6288,59.2864,0.514858,0,0,3.357,0.20917,0,0.66528,12.849,1,0.706606,0.36288,0,131.497,4.10971,127.044,0.84672,12.849,0.84672,3695.15,0,36.966,0.335942,2.79022,2.05785,13.0716,1.09278,16.491,0.42336,36.966,0.42336,423.524,0,1.02816,0,0,3.81838,2.79022,1.028160,1,0,143.535,0,0,0,143.535,0
52.8935,2.57551,0,0,5.8635,0.239078,0.36288,3.6288,60.9705,0.524049,0,0,2.38142,0.173266,0,0.66528,12.849,1,0.65912,0.36288,0,108.327,3.29583,104.735,0.84672,12.849,0.84672,3695.15,0,36.966,0.326753,2.25209,2.05785,11.5724,0.883531,14.6721,0.42336,36.966,0.42336,423.524,0,1.02816,0,0,3.28025,2.25209,1.028160,1,0,119.407,0,0,0,119.407,0
55.5242,2.69753,0,0,5.93257,0.241451,0.36288,3.6288,61.308,0.576716,0,0,2.08274,0.193718,0.974798,0.66528,12.849,1,0.65529,0.36288,0,118.594,3.81486,114.486,0.84672,12.849,0.84672,3695.15,0,36.966,0.349659,1.89194,2.05786,10.8809,0.961983,13.519,0.42336,36.966,0.42336,423.524,0,1.02816,0,0,2.9201,1.89194,1.028160,1,0,128.98,0,0,0,128.98,0
58.7227,2.72275,0,0,6.53069,0.246631,0.36288,3.6288,61.308,0.577918,0,0,2.55907,0.202462,1.77869,0.66528,12.849,1,0.630078,0.36288,0,122.85,3.99998,118.582,0.84672,12.849,0.84672,3695.15,0,36.966,0.348459,2.26198,2.13839,11.2012,1.01244,14.2406,0.42336,36.966,0.42336,423.524,0,1.02816,0,0,3.29014,2.26198,1.028160,1,0,134.602,0,0,0,134.602,0
62.168,2.75091,0,0,6.81362,0.254512,0.36288,3.6288,61.308,0.57792,0,0,2.97333,0.202462,2.19295,0.66528,12.849,1,0.601922,0.36288,0,109.23,3.99998,104.991,0.84672,12.849,0.84672,3695.15,0,36.966,0.34846,2.6646,2.1384,10.0638,1.01244,13.5059,0.42336,36.966,0.42336,423.524,0,1.02816,0,0,3.69276,2.6646,1.028160,1,0,120.69,0,0,0,120.69,0
65.9229,2.77856,0,0,7.12958,0.233254,0.36288,3.6288,61.308,0.577921,0,0,3.30878,0.193996,2.53687,0.66528,12.849,1,0.574278,0.36288,0,118.353,3.95054,114.191,0.84672,12.849,0.84672,3695.15,0,36.966,0.348461,3.34128,2.1384,15.7244,1.00774,19.8478,0.42336,36.966,0.42336,423.524,0,1.02816,0,0,4.36944,3.34128,1.028160,1,0,136.576,0,0,0,136.576,0
66.9065,2.76726,0,0,4.33166,0.217894,0.36288,3.6288,61.308,0.559612,0,0,1.64462,0.187647,0.897365,0.66528,12.849,1,0.539366,0.36288,0,87.2372,3.91346,83.1473,0.84672,12.849,0.84672,3695.15,0,36.966,0.337421,1.16399,2.1384,7.39636,1.00421,9.35712,0.42336,36.966,0.42336,423.524,0,1.02816,0,0,2.19215,1.16399,1.028160,1,0,93.4018,0,0,0,93.4018,0
67.2809,2.77392,0,0,3.73075,0.219603,0.36288,3.6288,61.308,0.559613,0,0,1.1999,0.187647,0.452637,0.66528,12.849,1,0.532715,0.36288,0,79.469,3.91346,75.3857,0.84672,12.849,0.84672,3695.15,0,36.966,0.337422,0.604472,2.10707,5.68502,1.00421,7.05492,0.42336,36.966,0.42336,423.524,0,1.02816,0,0,1.63263,0.604472,1.028160,1,0,82.8933,0,0,0,82.8933,0
68.1698,2.77641,0,0,4.24853,0.220253,0.36288,3.6288,61.308,0.559615,0,0,1.29184,0.187647,0.544574,0.66528,12.849,1,0.530227,0.36288,0,77.9596,3.91346,73.8788,0.84672,12.849,0.84672,3695.15,0,36.966,0.337423,0.624741,2.10707,6.43076,1.00421,7.82094,0.42336,36.966,0.42336,423.524,0,1.02816,0,0,1.6529,0.624741,1.028160,1,0,82.2443,0,0,0,82.2443,0
68.393,2.78223,0,0,3.57408,0.205847,0.36288,3.6288,61.308,0.559616,0,0,1.16926,0.188712,0.420932,0.66528,12.849,1,0.524409,0.36288,0,79.6576,3.83163,75.6644,0.84672,12.849,0.84672,3695.15,0,36.966,0.337424,0.595814,2.10707,6.32289,0.993854,7.6945,0.42336,36.966,0.42336,423.524,0,1.02816,0,0,1.62397,0.595814,1.028160,1,0,83.7799,0,0,0,83.7799,0
68.0863,2.91572,0,0,3.1211,0.149189,0.36288,3.6288,61.308,0.624552,0,0,1.05447,0.209564,0.220353,0.66528,12.849,1,0.547778,0.36288,0,50.1693,4.0425,45.9419,0.84672,12.849,0.84672,3695.15,0,36.966,0.376577,0.603063,2.10707,4.56729,1.00693,5.89392,0.42336,36.966,0.42336,423.524,0,1.02816,0,0,1.63122,0.603063,1.028160,1,0,52.0562,0,0,0,52.0562,0
67.7429,2.91365,0,0,3.08198,0.148832,0.36288,3.6288,61.308,0.624553,0,0,1.14534,0.209564,0.311219,0.66528,12.849,1,0.549854,0.36288,0,48.5161,4.0425,44.2866,0.84672,12.849,0.84672,3695.15,0,36.966,0.376578,0.568814,2.21689,5.00745,1.00693,6.40965,0.42336,36.966,0.42336,423.524,0,1.02816,0,0,1.59697,0.568814,1.028160,1,0,51.0075,0,0,0,51.0075,0
67.2027,2.91131,0,0,2.88243,0.148431,0.36288,3.6288,61.308,0.624554,0,0,1.05683,0.209564,0.222709,0.66528,12.849,1,0.552198,0.36288,0,45.3835,4.0425,41.1517,0.84672,12.849,0.84672,3695.15,0,36.966,0.376579,0.502943,2.21689,4.39676,1.00693,5.73309,0.42336,36.966,0.42336,423.524,0,1.02816,0,0,1.5311,0.502943,1.028160,1,0,47.1075,0,0,0,47.1075,0
66.5173,2.90759,0,0,2.70416,0.119144,0.36288,3.6288,61.308,0.624556,0,0,1.00297,0.23482,0.143598,0.66528,12.849,1,0.555924,0.36288,0,42.2905,4.62674,37.4707,0.84672,12.849,0.84672,3695.15,0,36.966,0.376579,0.461592,2.21689,4.35262,1.08987,5.56466,0.42336,36.966,0.42336,423.524,0,1.02816,0,0,1.48975,0.461592,1.028160,1,0,43.1789,0,0,0,43.1789,0
65.7913,2.90279,0,0,2.63865,0.098926,0.36288,3.6288,61.308,0.624557,0,0,0.928126,0.237108,0.0664606,0.66528,12.849,1,0.560726,0.36288,0,50.449,4.97174,45.2794,0.84672,12.849,0.84672,3695.15,0,36.966,0.37658,1.11554,2.2169,5.41731,1.13281,7.24036,0.42336,36.966,0.42336,423.524,0,1.02816,0,0,2.1437,1.11554,1.028160,1,0,52.5862,0,0,0,52.5862,0
64.8898,2.87167,0,0,2.43446,0.10141,0.36288,3.6288,61.308,0.660248,0,0,0.893532,0.231877,0.00140687,0.66528,12.849,1,0.560835,0.36288,0,51.5424,4.8994,46.445,0.84672,12.849,0.84672,3695.15,0,36.966,0.3981,1.25725,2.2169,5.64887,1.12153,7.60338,0.42336,36.966,0.42336,423.524,0,1.02816,0,0,2.28541,1.25725,1.028160,1,0,54.0498,0,0,0,54.0498,0
63.777,2.86517,0,0,2.21596,0.100681,0.36288,3.6288,61.2516,0.660249,0,0,0.835721,0.231877,0,0.66528,12.849,1,0.567339,0.36288,0,49.4806,4.8994,44.3767,0.84672,12.849,0.84672,3695.15,0,36.966,0.398101,0.951998,2.25529,5.30661,1.12153,6.99426,0.42336,36.966,0.42336,423.524,0,1.02816,0,0,1.98016,0.951998,1.028160,1,0,51.371,0,0,0,51.371,0
62.5084,2.85693,0,0,2.03762,0.0864208,0.36288,3.6288,61.1248,0.660022,0,0,0.797887,0.26469,0,0.66528,12.849,1,0.575579,0.36288,0,43.8661,5.32286,38.3305,0.84672,12.849,0.84672,3695.15,0,36.966,0.398331,0.942131,2.25529,5.1061,1.2761,6.6291,0.42336,36.966,0.42336,423.524,0,1.02816,0,0,1.97029,0.942131,1.028160,1,0,44.9596,0,0,0,44.9596,0
61.1652,2.84724,0,0,1.93303,0.066131,0.36288,3.6288,60.8232,0.659509,0,0,0.668517,0.31055,0,0.66528,12.849,1,0.585269,0.36288,0,37.3427,5.76865,31.3516,0.84672,12.849,0.84672,3695.15,0,36.966,0.398846,0.70213,2.25529,4.31078,1.47527,5.39409,0.42336,36.966,0.42336,423.524,0,1.02816,0,0,1.73029,0.70213,1.028160,1,0,36.7457,0,0,0,36.7457,0
59.9607,2.90283,0,0,2.12431,0.0630665,0.36288,3.6288,60.6008,0.66528,0,0,0.7558,0.312947,0,0.66528,12.849,1,0.609798,0.36288,0,46.4611,5.61025,40.6039,0.84672,12.849,0.84672,3695.15,0,36.966,0.444063,0.778974,2.25529,4.17179,1.46605,5.29595,0.42336,36.966,0.42336,423.524,0,1.02816,0,0,1.80713,0.778974,1.028160,1,0,45.8999,0,0,0,45.8999,0
58.5982,2.89274,0,0,1.95553,0.062411,0.36288,3.6288,60.2638,0.66528,0,0,0.640742,0.312506,0,0.66528,12.849,1,0.619887,0.36288,0,38.1624,5.61025,32.2952,0.84672,12.849,0.84672,3695.15,0,36.966,0.444065,0.888563,2.3097,4.03373,1.46605,5.32188,0.42336,36.966,0.42336,423.524,0,1.02816,0,0,1.91672,0.888563,1.028160,1,0,37.6171,0,0,0,37.6171,0
57.0834,2.88093,0,0,1.7906,0.0615975,0.36288,3.6288,59.8801,0.66528,0,0,0.593473,0.311837,0,0.66528,12.849,1,0.631709,0.36288,0,36.2732,5.61025,30.3941,0.84672,12.849,0.84672,3695.15,0,36.966,0.444068,0.610295,2.3097,3.5456,1.46605,4.55548,0.42336,36.966,0.42336,423.524,0,1.02816,0,0,1.63846,0.610295,1.028160,1,0,34.9496,0,0,0,34.9496,0
55.6931,2.86724,0,0,1.89187,0.0520564,0.36288,3.6288,59.5799,0.66528,0,0,0.681302,0.316209,0,0.66528,12.849,1,0.645393,0.36288,0,35.5755,5.75981,29.5332,0.84672,12.849,0.84672,3695.15,0,36.966,0.44407,0.937976,2.30971,4.69037,1.49593,5.99806,0.42336,36.966,0.42336,423.524,0,1.02816,0,0,1.96614,0.937976,1.028160,1,0,35.5313,0,0,0,35.5313,0
53.8123,3.04477,0,0,1.59992,0.0731328,0.36288,3.6288,59.1021,0.737752,0,0,0.585086,0.325143,0,0.66528,12.849,1,0.702462,0.36288,0,29.6082,5.13691,24.1317,0.84672,12.849,0.84672,3695.15,0,36.966,0.628103,0.227405,2.30971,3.26487,1.20761,3.96627,0.42336,36.966,0.42336,423.524,0,0.955688,0,0,1.18309,0.227405,1.028160,1,0,28.098,0,0,0,28.098,0
51.8386,3.02496,0,0,1.50243,0.0882133,0.36288,3.6288,58.7091,0.66528,0,0,0.567646,0.295406,0,0.66528,12.849,1,0.722283,0.36288,0,26.917,5.13102,21.4265,0.84672,12.849,0.84672,3695.15,0,36.966,0.628106,0.40398,2.49586,3.69499,1.23899,4.72773,0.42336,36.966,0.42336,423.524,0,1.02816,0,0,1.43214,0.40398,1.028160,1,0,26.1543,0,0,0,26.1543,0
49.7971,3.00292,0,0,1.40657,0.0823481,0.36288,3.6288,58.3052,0.66528,0,0,0.55858,0.297209,0,0.66528,12.849,1,0.744321,0.36288,0,27.1263,5.20579,21.5391,0.84672,12.849,0.84672,3695.15,0,36.966,0.628108,0.860665,2.49586,3.51331,1.25393,4.98779,0.42336,36.966,0.42336,423.524,0,1.02816,0,0,1.88882,0.860665,1.028160,1,0,26.5269,0,0,0,26.5269,0
47.7254,2.97867,0,0,1.35048,0.0806042,0.36288,3.6288,57.894,0.66528,0,0,0.550538,0.296438,0,0.66528,12.849,1,0.768578,0.36288,0,25.5835,5.20579,19.972,0.84672,12.849,0.84672,3695.15,0,36.966,0.628111,0.826718,2.49586,3.46306,1.25393,4.9036,0.42336,36.966,0.42336,423.524,0,1.02816,0,0,1.85488,0.826718,1.028160,1,0,24.8756,0,0,0,24.8756,0
45.709,2.95239,0,0,1.44153,0.142599,0.36288,3.6288,57.4465,0.66528,0,0,0.466803,0.248983,0,0.66528,12.849,1,0.794865,0.36288,0,32.5142,4.6923,27.3899,0.84672,12.849,0.84672,3695.15,0,36.966,0.628114,0.500619,2.49586,3.39847,1.00556,4.76127,0.42336,36.966,0.42336,423.524,0,1.02816,0,0,1.52878,0.500619,1.028160,1,0,32.1512,0,0,0,32.1512,0
43.648,2.83578,0,0,1.32741,0.189841,0.36288,3.6288,57.1224,0.66528,0,0,0.561424,0.220244,0,0.66528,12.849,1,0.797148,0.36288,0,30.5311,4.10665,25.9902,0.84672,12.849,0.84672,3695.15,0,36.966,0.516416,0.708385,2.49587,3.82287,0.820077,5.69063,0.42336,36.966,0.42336,423.524,0,1.02816,0,0,1.73654,0.708385,1.028160,1,0,31.6808,0,0,0,31.6808,0
41.7856,2.8067,0,0,1.49266,0.185462,0.36288,3.6288,57.0557,0.66528,0,0,0.81832,0.219781,0,0.66528,12.849,1,0.82623,0.36288,0,34.2984,4.10665,29.7284,0.84672,12.849,0.84672,3695.15,0,36.966,0.516419,1.34131,2.38814,5.0254,0.820077,7.41835,0.42336,36.966,0.42336,423.524,0,1.02816,0,0,2.36947,1.34131,1.028160,1,0,37.1467,0,0,0,37.1467,0
39.7877,2.77854,0,0,1.32507,0.181505,0.36288,3.6288,56.808,0.66528,0,0,0.637304,0.219686,0,0.66528,12.849,1,0.854396,0.36288,0,29.9164,4.10665,25.3183,0.84672,12.849,0.84672,3695.15,0,36.966,0.516421,0.892719,2.38815,3.8557,0.820077,5.80006,0.42336,36.966,0.42336,423.524,0,1.02816,0,0,1.92088,0.892719,1.028160,1,0,31.1183,0,0,0,31.1183,0
37.9573,2.74611,0,0,1.46346,0.184898,0.36288,3.6288,56.7455,0.66528,0,0,0.833475,0.230735,0,0.66528,12.849,1,0.886826,0.36288,0,36.4555,4.09774,31.8338,0.84672,12.849,0.84672,3695.15,0,36.966,0.516424,1.54966,2.38815,5.97689,0.885619,8.51266,0.42336,36.966,0.42336,423.524,0,1.02816,0,0,2.57782,1.54966,1.028160,1,0,40.3465,0,0,0,40.3465,0
36.05,2.64405,0,0,1.29939,0.199707,0.36288,3.6288,56.3218,0.653995,0,0,0.489449,0.259134,0,0.66528,12.849,1,0.895043,0.36288,0,39.6685,4.07547,35.0609,0.84672,12.849,0.84672,3695.15,0,36.966,0.426035,0.413519,2.38815,3.5143,1.04947,4.84046,0.42336,36.966,0.42336,423.524,0,1.02816,0,0,1.44168,0.413519,1.028160,1,0,39.9013,0,0,0,39.9013,0
35.705,2.60914,0,0,2.82222,0.195246,0.36288,3.6288,56.9196,0.652062,0,0,1.50823,0.258419,0,0.66528,12.849,1,0.929954,0.36288,0,79.5398,4.07547,74.8973,0.84672,12.849,0.84672,3695.15,0,36.966,0.427971,3.2318,2.29201,7.35406,1.04947,11.4004,0.42336,36.966,0.42336,423.524,0,1.02816,0,0,4.25996,3.2318,1.028160,1,0,86.2977,0,0,0,86.2977,0
34.2261,2.60254,0,0,1.68101,0.194439,0.36288,3.6288,56.7299,0.654788,0,0,0.724537,0.259427,0,0.66528,12.849,1,0.936564,0.36288,0,49.4597,4.07547,44.8105,0.84672,12.849,0.84672,3695.15,0,36.966,0.425247,0.947566,2.29202,3.98136,1.04947,5.74622,0.42336,36.966,0.42336,423.524,0,1.02816,0,0,1.97573,0.947566,1.028160,1,0,50.5567,0,0,0,50.5567,0
34.1507,2.57312,0,0,3.05539,0.194845,0.36288,3.6288,56.954,0.653929,0,0,1.14345,0.265363,0,0.66528,12.849,1,0.965987,0.36288,0,90.8749,4.21322,86.0586,0.84672,12.849,0.84672,3695.15,0,36.966,0.426109,1.47296,2.29202,6.7785,1.08832,9.02905,0.42336,36.966,0.42336,423.524,0,1.02816,0,0,2.50112,1.47296,1.028160,1,0,95.0876,0,0,0,95.0876,0
33.4168,2.3779,0,0,2.20476,0.197846,0.36288,3.6288,56.8677,0.526533,0,0,0.625144,0.184987,0,0.66528,12.849,1,0.894672,0.36288,0,60.9409,3.91807,56.4911,0.84672,12.849,0.84672,3695.15,0,36.966,0.341746,1.2564,2.29202,5.31641,0.992716,7.53037,0.42336,36.966,0.42336,423.524,0,1.02816,0,0,2.28456,1.2564,1.028160,1,0,64.0214,0,0,0,64.0214,0
32.8358,2.36371,0,0,2.34165,0.196066,0.36288,3.6288,56.7646,0.526219,0,0,0.608048,0.184884,0,0.66528,12.849,1,0.908864,0.36288,0,61.2207,3.91807,56.7566,0.84672,12.849,0.84672,3695.15,0,36.966,0.342061,1.0427,2.07847,4.71917,0.992716,6.50556,0.42336,36.966,0.42336,423.524,0,1.02816,0,0,2.07086,1.0427,1.028160,1,0,63.2622,0,0,0,63.2622,0
31.8766,2.35216,0,0,1.95051,0.194657,0.36288,3.6288,56.6469,0.525845,0,0,0.592886,0.18476,0,0.66528,12.849,1,0.920424,0.36288,0,60.9763,3.91807,56.5007,0.84672,12.849,0.84672,3695.15,0,36.966,0.342438,0.935928,2.07847,4.71394,0.992716,6.39319,0.42336,36.966,0.42336,423.524,0,1.02816,0,0,1.96409,0.935928,1.028160,1,0,62.8938,0,0,0,62.8938,0
32.2232,2.33242,0,0,3.23295,0.191084,0.36288,3.6288,56.5071,0.525415,0,0,0.591151,0.20553,0,0.66528,12.849,1,0.940164,0.36288,0,56.8172,4.57958,51.6604,0.84672,12.849,0.84672,3695.15,0,36.966,0.34287,1.30105,2.07847,4.92882,1.19808,6.76739,0.42336,36.966,0.42336,423.524,0,1.02816,0,0,2.32921,1.30105,1.028160,1,0,58.4278,0,0,0,58.4278,0
32.1869,2.33965,0,0,2.88585,0.21958,0.36288,3.6288,56.3119,0.524904,0,0,0.517108,0.187406,0,0.66528,12.849,1,0.932936,0.36288,0,58.1191,4.37382,53.1752,0.84672,12.849,0.84672,3695.15,0,36.966,0.343383,0.948776,2.07848,5.9954,1.12384,7.55543,0.42336,36.966,0.42336,423.524,0,1.02816,0,0,1.97694,0.948776,1.028160,1,0,60.7307,0,0,0,60.7307,0
34.5143,2.41217,0,0,5.34335,0.240921,0.36288,3.6288,56.4942,0.561202,0,0,0.905529,0.161995,0,0.66528,12.849,1,0.962935,0.36288,0,107.72,3.84741,103.273,0.84672,12.849,0.84672,3695.15,0,36.966,0.368401,1.34283,2.07848,7.97507,0.95264,10.0753,0.42336,36.966,0.42336,423.524,0,1.02816,0,0,2.37099,1.34283,1.028160,1,0,113.348,0,0,0,113.348,0
36.8422,2.45947,0,0,5.3982,0.247963,0.36288,3.6288,56.9383,0.561913,0,0,1.16815,0.162188,0,0.66528,12.849,1,0.915612,0.36288,0,89.4387,3.84741,85.0385,0.84672,12.849,0.84672,3695.15,0,36.966,0.367678,2.28086,2.14506,9.18354,0.95264,12.2891,0.42336,36.966,0.42336,423.524,0,1.02816,0,0,3.30902,2.28086,1.028160,1,0,97.3277,0,0,0,97.3277,0
41.0607,2.50235,0,0,7.35715,0.273425,0.36288,3.6288,58.0314,0.563644,0,0,1.80736,0.150616,0,0.66528,12.849,1,0.872713,0.36288,0,177.999,4.03146,173.457,0.84672,12.849,0.84672,3695.15,0,36.966,0.365934,3.9069,2.14505,10.852,0.911982,15.626,0.42336,36.966,0.42336,423.524,0,1.02816,0,0,4.93506,3.9069,1.028160,1,0,189.083,0,0,0,189.083,0
44.522,2.57062,0,0,6.68907,0.294282,0.36288,3.6288,58.8274,0.567847,0,0,1.51513,0.151234,0,0.66528,12.849,1,0.804417,0.36288,0,126.986,4.16674,122.378,0.84672,12.849,0.84672,3695.15,0,36.966,0.361719,1.78961,2.14504,10.1521,0.937801,12.7872,0.42336,36.966,0.42336,423.524,0,1.02816,0,0,2.81777,1.78961,1.028160,1,0,135.165,0,0,0,135.165,0
46.9492,2.8746,0,0,5.96629,0.301593,0.36288,3.6288,59.3004,0.66528,0,0,1.31677,0.178541,0,0.66528,12.849,1,0.829608,0.36288,0,88.1772,4.53674,83.1738,0.84672,12.849,0.84672,3695.15,0,36.966,0.49446,2.22471,2.14502,12.1408,1.1903,14.8258,0.42336,36.966,0.42336,423.524,0,1.02816,0,0,3.25287,2.22471,1.028160,1,0,97.9996,0,0,0,97.9996,0
50.2745,2.90826,0,0,6.90631,0.309896,0.36288,3.6288,59.7628,0.66528,0,0,1.30682,0.179084,0,0.66528,12.849,1,0.795929,0.36288,0,117.863,4.53674,112.893,0.84672,12.849,0.84672,3695.15,0,36.966,0.494446,2.34084,2.38454,11.0106,1.1903,14.0513,0.42336,36.966,0.42336,423.524,0,1.02816,0,0,3.369,2.34084,1.028160,1,0,126.944,0,0,0,126.944,0
53.0615,2.95017,0,0,6.4308,0.330767,0.36288,3.6288,60.5851,0.66528,0,0,1.64551,0.157959,0,0.66528,12.849,1,0.753995,0.36288,0,129.723,3.80236,125.529,0.84672,12.849,0.84672,3695.15,0,36.966,0.494433,3.22009,2.38453,12.1039,0.944489,16.2696,0.42336,36.966,0.42336,423.524,0,1.02816,0,0,4.24825,3.22009,1.028160,1,0,141.799,0,0,0,141.799,0
55.0599,2.98203,0,0,5.67843,0.335087,0.36288,3.6288,61.1989,0.66528,0,0,1.44328,0.164198,0,0.66528,12.849,1,0.722109,0.36288,0,105.538,3.85897,101.32,0.84672,12.849,0.84672,3695.15,0,36.966,0.494419,2.27257,2.38451,11.4038,0.964067,14.6024,0.42336,36.966,0.42336,423.524,0,1.02816,0,0,3.30073,2.27257,1.028160,1,0,115.923,0,0,0,115.923,0
58.1952,2.62258,0,0,6.42965,0.308883,0.36288,3.6288,61.308,0.530402,0,0,1.73842,0.197419,0.901492,0.66528,12.849,1,0.612016,0.36288,0,136.46,4.19863,132.012,0.84672,12.849,0.84672,3695.15,0,36.966,0.320379,3.14476,2.3845,12.3252,1.08154,16.4526,0.42336,36.966,0.42336,423.524,0,1.02816,0,0,4.17292,3.14476,1.028160,1,0,149.366,0,0,0,149.366,0
60.3457,2.64957,0,0,5.48156,0.318604,0.36288,3.6288,61.308,0.530751,0,0,1.43834,0.197556,0.710038,0.66528,12.849,1,0.585003,0.36288,0,81.6798,4.19863,77.259,0.84672,12.849,0.84672,3695.15,0,36.966,0.320019,2.46533,2.05783,10.0259,1.08154,13.1475,0.42336,36.966,0.42336,423.524,0,1.02816,0,0,3.49349,2.46533,1.028160,1,0,91.1165,0,0,0,91.1165,0
62.9155,2.66675,0,0,5.92468,0.325257,0.36288,3.6288,61.308,0.530743,0,0,1.55028,0.197556,0.821985,0.66528,12.849,1,0.567812,0.36288,0,95.6444,4.19863,91.2408,0.84672,12.849,0.84672,3695.15,0,36.966,0.320015,2.96083,2.05782,12.2628,1.08154,15.8799,0.42336,36.966,0.42336,423.524,0,1.02816,0,0,3.98899,2.96083,1.028160,1,0,107.943,0,0,0,107.943,0
64.7769,2.68599,0,0,5.24248,0.332231,0.36288,3.6288,61.308,0.530736,0,0,1.31758,0.197556,0.589291,0.66528,12.849,1,0.54855,0.36288,0,128.009,4.19863,123.624,0.84672,12.849,0.84672,3695.15,0,36.966,0.32001,2.52258,2.05781,9.39349,1.08154,12.5723,0.42336,36.966,0.42336,423.524,0,1.02816,0,0,3.55074,2.52258,1.028160,1,0,136.786,0,0,0,136.786,0
68.39,2.69913,0,0,6.96472,0.289586,0.36288,3.6288,61.308,0.530729,0,0,1.58279,0.16493,0.887129,0.66528,12.849,1,0.535393,0.36288,0,131.602,4.05749,127.372,0.84672,12.849,0.84672,3695.15,0,36.966,0.320006,2.99826,2.0578,12.7278,0.942323,16.5215,0.42336,36.966,0.42336,423.524,0,1.02816,0,0,4.02642,2.99826,1.028160,1,0,144.78,0,0,0,144.78,0
71.3938,2.82241,0,0,6.46555,0.276482,0.36288,3.6288,61.308,0.577864,0,0,1.60104,0.187518,0.835653,0.66528,12.849,1,0.53027,0.36288,0,120.607,4.63544,115.805,0.84672,12.849,0.84672,3695.15,0,36.966,0.348426,2.51489,2.05778,11.9081,1.12647,15.0058,0.42336,36.966,0.42336,423.524,0,1.02816,0,0,3.54305,2.51489,1.028160,1,0,131.646,0,0,0,131.646,0
72.29,2.8413,0,0,4.94214,0.282976,0.921643,3.6288,61.308,0.577856,0,0,1.21752,0.187518,0.452148,0.66528,12.849,1,0.511359,0.921643,0,90.034,4.63544,85.8088,0.84672,12.849,0.84672,3695.15,0,36.966,0.348422,1.55074,2.1383,8.72908,1.12647,10.9432,0.42336,36.966,0.42336,423.524,0,1.02816,0,0,2.5789,1.55074,1.028160,1,0,97.2042,0,0,0,97.2042,0
72.29,2.84667,0,0,4.40853,0.253195,1.30867,3.6288,61.308,0.577849,0,0,1.02734,0.202908,0.246582,0.66528,12.849,1,0.505973,1.30867,0,79.8198,4.79871,75.8238,0.84672,12.849,0.84672,3695.15,0,36.966,0.348417,1.32169,2.13829,7.71457,1.14111,9.68501,0.42336,36.966,0.42336,423.524,0,1.02816,0,0,2.34985,1.32169,1.028160,1,0,85.7554,0,0,0,85.7554,0
72.29,2.84665,0,0,4.25574,0.242714,1.16638,3.6288,61.308,0.577841,0,0,1.03579,0.197003,0.260945,0.66528,12.849,1,0.50597,1.16638,0,85.0945,4.73124,81.0237,0.84672,12.849,0.84672,3695.15,0,36.966,0.348413,1.26782,2.13827,7.72399,1.13298,9.64868,0.42336,36.966,0.42336,423.524,0,1.02816,0,0,2.29598,1.26782,1.028160,1,0,90.9333,0,0,0,90.9333,0
72.29,2.8074,0,0,4.25208,0.182171,1.26251,3.6288,61.308,0.559525,0,0,1.03119,0.19161,0.280058,0.66528,12.849,1,0.498993,1.26251,0,94.4378,4.38228,90.819,0.84672,12.849,0.84672,3695.15,0,36.966,0.337368,1.43061,2.13826,7.48725,1.13677,9.58198,0.42336,36.966,0.42336,423.524,0,1.02816,0,0,2.45877,1.43061,1.028160,1,0,100.681,0,0,0,100.681,0
72.29,2.80738,0,0,4.01625,0.182171,1.0267,3.6288,61.308,0.559517,0,0,1.03359,0.19161,0.282467,0.66528,12.849,1,0.49899,1.0267,0,87.7936,4.38228,83.9391,0.84672,12.849,0.84672,3695.15,0,36.966,0.337364,1.32499,2.10691,7.07685,1.13677,9.03462,0.42336,36.966,0.42336,423.524,0,1.02816,0,0,2.35315,1.32499,1.028160,1,0,93.2561,0,0,0,93.2561,0
72.29,2.80736,0,0,3.80643,0.182171,0.816897,3.6288,61.308,0.55951,0,0,1.26026,0.19161,0.509145,0.66528,12.849,1,0.498987,0.816897,0,82.5569,4.38228,78.4926,0.84672,12.849,0.84672,3695.15,0,36.966,0.337359,1.79845,2.1069,8.31021,1.13677,10.7414,0.42336,36.966,0.42336,423.524,0,1.02816,0,0,2.82661,1.79845,1.028160,1,0,89.7431,0,0,0,89.7431,0
72.29,2.80734,0,0,3.52471,0.193482,0.523879,3.6288,61.308,0.559502,0,0,1.06334,0.139038,0.364801,0.66528,12.849,1,0.498984,0.523879,0,73.599,3.9045,69.7194,0.84672,12.849,0.84672,3695.15,0,36.966,0.337355,1.38246,2.10689,7.30063,0.946686,9.50593,0.42336,36.966,0.42336,423.524,0,1.02816,0,0,2.41062,1.38246,1.028160,1,0,79.5901,0,0,0,79.5901,0
71.9617,2.9405,0,0,3.09205,0.116934,0.36288,3.6288,61.308,0.624422,0,0,0.839117,0.214464,0.000229981,0.66528,12.849,1,0.522651,0.36288,0,53.3767,5.41905,47.7979,0.84672,12.849,0.84672,3695.15,0,36.966,0.376499,1.01618,2.10687,5.98082,1.15074,7.57664,0.42336,36.966,0.42336,423.524,0,1.02816,0,0,2.04434,1.01618,1.028160,1,0,55.3748,0,0,0,55.3748,0
71.5884,2.93846,0,0,3.04465,0.116642,0.36288,3.6288,61.308,0.624415,0,0,0.840396,0.214464,0.00151656,0.66528,12.849,1,0.524671,0.36288,0,50.1913,5.41905,44.6105,0.84672,12.849,0.84672,3695.15,0,36.966,0.376494,1.05718,2.21666,5.72327,1.15074,7.46988,0.42336,36.966,0.42336,423.524,0,1.02816,0,0,2.08534,1.05718,1.028160,1,0,52.0819,0,0,0,52.0819,0
70.8854,2.93612,0,0,2.7221,0.126093,0.36288,3.6288,61.2801,0.624407,0,0,0.808315,0.211831,0,0.66528,12.849,1,0.526987,0.36288,0,47.5826,5.24982,42.1687,0.84672,12.849,0.84672,3695.15,0,36.966,0.376489,1.15014,2.21665,5.28887,1.15727,7.1219,0.42336,36.966,0.42336,423.524,0,1.02816,0,0,2.1783,1.15014,1.028160,1,0,49.2906,0,0,0,49.2906,0
70.0674,2.93168,0,0,2.60433,0.127758,0.36288,3.6288,61.2339,0.624292,0,0,0.791666,0.213511,0,0.66528,12.849,1,0.531408,0.36288,0,44.1802,4.89085,39.1208,0.84672,12.849,0.84672,3695.15,0,36.966,0.376592,1.13093,2.21663,5.001,1.19263,6.77935,0.42336,36.966,0.42336,423.524,0,1.02816,0,0,2.15909,1.13093,1.028160,1,0,45.9002,0,0,0,45.9002,0
69.1001,2.92642,0,0,2.41531,0.0933682,0.36288,3.6288,61.308,0.624107,0,0,0.950149,0.25103,0.000953437,0.66528,12.849,1,0.536647,0.36288,0,49.9859,4.88208,44.93,0.84672,12.849,0.84672,3695.15,0,36.966,0.376764,0.916099,2.21662,5.19188,1.14367,6.80417,0.42336,36.966,0.42336,423.524,0,1.02816,0,0,1.94426,0.916099,1.028160,1,0,51.7351,0,0,0,51.7351,0
68.1189,2.89391,0,0,2.37662,0.101018,0.36288,3.6288,61.308,0.660067,0,0,0.971456,0.257885,0.0535031,0.66528,12.849,1,0.538116,0.36288,0,50.7021,4.81446,45.7124,0.84672,12.849,0.84672,3695.15,0,36.966,0.397991,0.865132,2.21661,5.51256,1.10504,7.09127,0.42336,36.966,0.42336,423.524,0,1.02816,0,0,1.89329,0.865132,1.028160,1,0,52.8572,0,0,0,52.8572,0
67.0448,2.88737,0,0,2.26712,0.0909828,0.36288,3.6288,61.308,0.660059,0,0,0.948378,0.27343,0.0148891,0.66528,12.849,1,0.544633,0.36288,0,47.6781,5.03163,42.4647,0.84672,12.849,0.84672,3695.15,0,36.966,0.397986,0.876943,2.25497,5.52144,1.17854,7.07683,0.42336,36.966,0.42336,423.524,0,1.02816,0,0,1.9051,0.876943,1.028160,1,0,49.5564,0,0,0,49.5564,0
65.7183,2.88003,0,0,1.98399,0.0675463,0.36288,3.6288,61.2357,0.660051,0,0,0.896072,0.308272,0,0.66528,12.849,1,0.551952,0.36288,0,44.8015,5.77795,38.8345,0.84672,12.849,0.84672,3695.15,0,36.966,0.397981,0.691597,2.25496,5.37303,1.43773,6.48387,0.42336,36.966,0.42336,423.524,0,1.02816,0,0,1.71976,0.691597,1.028160,1,0,45.3184,0,0,0,45.3184,0
64.3598,2.87069,0,0,1.94276,0.0676665,0.36288,3.6288,61.1409,0.65975,0,0,0.864302,0.299398,0,0.66528,12.849,1,0.561267,0.36288,0,42.3732,5.84542,36.3294,0.84672,12.849,0.84672,3695.15,0,36.966,0.398269,0.769176,2.25495,5.13496,1.51214,6.24867,0.42336,36.966,0.42336,423.524,0,1.02816,0,0,1.79734,0.769176,1.028160,1,0,42.5781,0,0,0,42.5781,0
63.0719,2.92757,0,0,2.07049,0.0680132,0.36288,3.6288,61.0361,0.66528,0,0,0.851265,0.29078,0,0.66528,12.849,1,0.584469,0.36288,0,42.3922,5.3361,36.8345,0.84672,12.849,0.84672,3695.15,0,36.966,0.443703,0.792029,2.25493,4.57823,1.4467,5.73479,0.42336,36.966,0.42336,423.524,0,1.02816,0,0,1.82019,0.792029,1.028160,1,0,42.5693,0,0,0,42.5693,0
61.6625,2.91763,0,0,1.93849,0.0673059,0.36288,3.6288,60.9011,0.66528,0,0,0.820904,0.290587,0,0.66528,12.849,1,0.59438,0.36288,0,39.7656,5.3361,34.198,0.84672,12.849,0.84672,3695.15,0,36.966,0.44369,0.804963,2.30931,4.73542,1.4467,5.9593,0.42336,36.966,0.42336,423.524,0,1.02816,0,0,1.83312,0.804963,1.028160,1,0,40.1573,0,0,0,40.1573,0
60.0407,2.90637,0,0,1.71399,0.0665321,0.36288,3.6288,60.7183,0.66528,0,0,0.772788,0.290338,0,0.66528,12.849,1,0.605619,0.36288,0,37.5641,5.3361,31.9853,0.84672,12.849,0.84672,3695.15,0,36.966,0.443677,0.615038,2.3093,4.44244,1.4467,5.47639,0.42336,36.966,0.42336,423.524,0,1.02816,0,0,1.6432,0.615038,1.028160,1,0,37.4617,0,0,0,37.4617,0
58.2771,2.89288,0,0,1.54884,0.0567317,0.36288,3.6288,60.523,0.66528,0,0,0.76515,0.295163,0,0.66528,12.849,1,0.61909,0.36288,0,35.6083,5.48565,29.8664,0.84672,12.849,0.84672,3695.15,0,36.966,0.443664,0.566015,2.30928,4.43259,1.47658,5.38764,0.42336,36.966,0.42336,423.524,0,1.02816,0,0,1.59417,0.566015,1.028160,1,0,35.2541,0,0,0,35.2541,0
56.2582,3.06969,0,0,1.46516,0.0515137,0.36288,3.6288,60.3697,0.66528,0,0,0.816376,0.304453,0,0.66528,12.849,1,0.676808,0.36288,0,34.3237,5.3081,28.7017,0.84672,12.849,0.84672,3695.15,0,36.966,0.627644,0.817119,2.30927,4.91982,1.47485,5.94372,0.42336,36.966,0.42336,423.524,0,1.02816,0,0,1.84528,0.817119,1.028160,1,0,34.6454,0,0,0,34.6454,0
54.1278,3.0499,0,0,1.33581,0.0533758,0.36288,3.6288,60.15,0.66528,0,0,0.749192,0.303619,0,0.66528,12.849,1,0.696577,0.36288,0,30.6076,5.21619,25.0577,0.84672,12.849,0.84672,3695.15,0,36.966,0.62763,0.752052,2.49536,4.88966,1.46211,6.04734,0.42336,36.966,0.42336,423.524,0,1.02816,0,0,1.78021,0.752052,1.028160,1,0,31.1051,0,0,0,31.1051,0
52.1813,3.02772,0,0,1.49634,0.052248,0.36288,3.6288,59.95,0.66528,0,0,0.768537,0.303195,0,0.66528,12.849,1,0.718728,0.36288,0,30.4242,5.21619,24.8522,0.84672,12.849,0.84672,3695.15,0,36.966,0.627616,0.801636,2.49535,5.24075,1.46211,6.44801,0.42336,36.966,0.42336,423.524,0,1.02816,0,0,1.8298,0.801636,1.028160,1,0,31.3002,0,0,0,31.3002,0
51.1387,3.00619,0,0,2.39476,0.0682936,0.36288,3.6288,59.9307,0.66528,0,0,0.944516,0.298554,0,0.66528,12.849,1,0.740237,0.36288,0,50.5434,5.09745,45.0686,0.84672,12.849,0.84672,3695.15,0,36.966,0.627601,1.19487,2.49533,5.71293,1.44754,7.32799,0.42336,36.966,0.42336,423.524,0,1.02816,0,0,2.22303,1.19487,1.028160,1,0,52.3966,0,0,0,52.3966,0
50.3956,2.99411,0,0,2.69444,0.0805495,0.36288,3.6288,60.1466,0.66528,0,0,1.16908,0.287917,0,0.66528,12.849,1,0.752293,0.36288,0,34.8042,4.80632,29.6084,0.84672,12.849,0.84672,3695.15,0,36.966,0.627587,1.41355,2.49532,6.0235,1.27957,8.0252,0.42336,36.966,0.42336,423.524,0,1.02816,0,0,2.44171,1.41355,1.028160,1,0,37.6336,0,0,0,37.6336,0
48.6874,2.89417,0,0,1.63605,0.0872566,0.36288,3.6288,59.9819,0.66528,0,0,0.78662,0.285994,0,0.66528,12.849,1,0.737905,0.36288,0,27.4082,4.52109,22.5121,0.84672,12.849,0.84672,3695.15,0,36.966,0.515898,1.14442,2.4953,4.69974,1.16359,6.65997,0.42336,36.966,0.42336,423.524,0,1.02816,0,0,2.17258,1.14442,1.028160,1,0,29.1721,0,0,0,29.1721,0
46.7902,2.87367,0,0,1.42505,0.0856797,0.36288,3.6288,59.8004,0.66528,0,0,0.769487,0.285694,0,0.66528,12.849,1,0.758384,0.36288,0,26.3986,4.52109,21.482,0.84672,12.849,0.84672,3695.15,0,36.966,0.515885,1.11296,2.38759,4.4913,1.16359,6.31237,0.42336,36.966,0.42336,423.524,0,1.02816,0,0,2.14112,1.11296,1.028160,1,0,27.7943,0,0,0,27.7943,0
44.8397,2.84952,0,0,1.44369,0.181765,0.36288,3.6288,59.6745,0.66528,0,0,0.749261,0.20993,0,0.66528,12.849,1,0.782505,0.36288,0,32.8555,4.2507,28.1852,0.84672,12.849,0.84672,3695.15,0,36.966,0.515871,1.16513,2.38757,5.20989,0.946438,7.30028,0.42336,36.966,0.42336,423.524,0,1.02816,0,0,2.19329,1.16513,1.028160,1,0,35.4855,0,0,0,35.4855,0
43.2768,2.82305,0,0,1.82887,0.20584,0.36288,3.6288,59.6097,0.66528,0,0,0.795381,0.194846,0,0.66528,12.849,1,0.808956,0.36288,0,40.8655,4.53279,35.8866,0.84672,12.849,0.84672,3695.15,0,36.966,0.515857,1.2771,2.38756,8.33533,0.936769,10.5474,0.42336,36.966,0.42336,423.524,0,1.02816,0,0,2.30526,1.2771,1.028160,1,0,46.434,0,0,0,46.434,0
43.3581,2.72816,0,0,3.37552,0.203202,0.36288,3.6288,60.5767,0.66528,0,0,1.85707,0.224862,0,0.66528,12.849,1,0.809998,0.36288,0,88.9403,3.91377,84.5794,0.84672,12.849,0.84672,3695.15,0,36.966,0.414195,3.65108,2.38754,13.9838,0.940495,18.6678,0.42336,36.966,0.42336,423.524,0,1.02816,0,0,4.67924,3.65108,1.028160,1,0,103.247,0,0,0,103.247,0
42.6965,2.72932,0,0,2.63396,0.203392,0.36288,3.6288,61.308,0.66528,0,0,1.65961,0.226252,0.03676,0.66528,12.849,1,0.808822,0.36288,0,76.5357,3.91377,72.176,0.84672,12.849,0.84672,3695.15,0,36.966,0.414182,2.05964,2.29141,11.8009,0.940495,14.7973,0.42336,36.966,0.42336,423.524,0,1.02816,0,0,3.0878,2.05964,1.028160,1,0,87.0101,0,0,0,87.0101,0
42.7168,2.71966,0,0,3.3047,0.201845,0.36288,3.6288,61.308,0.66528,0,0,1.69569,0.227303,0.803104,0.66528,12.849,1,0.818451,0.36288,0,83.6041,3.91377,79.2348,0.84672,12.849,0.84672,3695.15,0,36.966,0.414169,2.95859,2.2914,13.1738,0.940495,17.0691,0.42336,36.966,0.42336,423.524,0,1.02816,0,0,3.98675,2.95859,1.028160,1,0,97.1069,0,0,0,97.1069,0
42.0422,2.71995,0,0,2.61015,0.201892,0.36288,3.6288,61.308,0.66528,0,0,1.00278,0.227303,0.110202,0.66528,12.849,1,0.818147,0.36288,0,75.9831,3.91377,71.6141,0.84672,12.849,0.84672,3695.15,0,36.966,0.414155,1.60971,2.29138,11.0208,0.940495,13.5673,0.42336,36.966,0.42336,423.524,0,1.02816,0,0,2.63787,1.60971,1.028160,1,0,85.2915,0,0,0,85.2915,0
41.274,2.50579,0,0,2.32468,0.224203,0.36288,3.6288,61.308,0.541327,0,0,1.23104,0.232573,0.45714,0.66528,12.849,1,0.765824,0.36288,0,74.3057,4.50705,69.3957,0.84672,12.849,0.84672,3695.15,0,36.966,0.326396,2.27788,2.29137,9.85015,1.18302,12.91,0.42336,36.966,0.42336,423.524,0,1.02816,0,0,3.30604,2.27788,1.028160,1,0,82.7629,0,0,0,82.7629,0
41.4675,2.49491,0,0,3.2774,0.226138,0.36288,3.6288,61.308,0.541319,0,0,1.50117,0.233451,0.726395,0.66528,12.849,1,0.776689,0.36288,0,78.3017,4.60593,73.282,0.84672,12.849,0.84672,3695.15,0,36.966,0.326392,2.47427,2.07786,9.20341,1.22345,12.2057,0.42336,36.966,0.42336,423.524,0,1.02816,0,0,3.50243,2.47427,1.028160,1,0,86.2141,0,0,0,86.2141,0
42.9005,2.49766,0,0,4.52021,0.226654,0.36288,3.6288,61.308,0.541312,0,0,1.54926,0.233451,0.774501,0.66528,12.849,1,0.773917,0.36288,0,93.6628,4.60593,88.6458,0.84672,12.849,0.84672,3695.15,0,36.966,0.326387,2.41097,2.07785,14.6845,1.22345,17.6235,0.42336,36.966,0.42336,423.524,0,1.02816,0,0,3.43913,2.41097,1.028160,1,0,107.044,0,0,0,107.044,0
43.9975,2.51753,0,0,4.19234,0.214953,0.36288,3.6288,61.308,0.541305,0,0,4.29847,0.21795,3.53921,0.66528,12.849,1,0.754019,0.36288,0,130.515,4.06998,126.054,0.84672,12.849,0.84672,3695.15,0,36.966,0.326383,5.46274,2.07783,17.2841,1.15649,23.3418,0.42336,36.966,0.42336,423.524,0,1.02816,0,0,6.4909,5.46274,1.028160,1,0,152.935,0,0,0,152.935,0
45.3358,2.53207,0,0,4.46361,0.230327,0.36288,3.6288,61.308,0.541297,0,0,2.74044,0.210004,1.98913,0.66528,12.849,1,0.739464,0.36288,0,114.052,3.78351,109.892,0.84672,12.849,0.84672,3695.15,0,36.966,0.326378,2.91977,2.07782,12.7738,1.0646,16.3804,0.42336,36.966,0.42336,423.524,0,1.02816,0,0,3.94793,2.91977,1.028160,1,0,128.262,0,0,0,128.262,0
47.0956,2.62891,0,0,5.01107,0.259475,0.36288,3.6288,61.308,0.579528,0,0,1.5229,0.207678,0.735689,0.66528,12.849,1,0.745081,0.36288,0,126.105,3.68739,122.036,0.84672,12.849,0.84672,3695.15,0,36.966,0.34943,1.43666,2.07781,9.55307,0.9778,11.7403,0.42336,36.966,0.42336,423.524,0,1.02816,0,0,2.46482,1.43666,1.028160,1,0,134.512,0,0,0,134.512,0
48.2663,2.65075,0,0,4.44893,0.264607,0.36288,3.6288,61.308,0.579511,0,0,1.25581,0.207678,0.468617,0.66528,12.849,1,0.723198,0.36288,0,107.8,3.68739,103.753,0.84672,12.849,0.84672,3695.15,0,36.966,0.34942,1.1617,2.14435,8.69305,0.9778,10.6719,0.42336,36.966,0.42336,423.524,0,1.02816,0,0,2.18986,1.1617,1.028160,1,0,114.893,0,0,0,114.893,0
48.7051,2.66456,0,0,3.69998,0.233765,0.36288,3.6288,61.308,0.579495,0,0,1.0463,0.219612,0.247189,0.66528,12.849,1,0.709335,0.36288,0,77.0368,4.13354,72.5568,0.84672,12.849,0.84672,3695.15,0,36.966,0.34941,0.889091,2.14433,7.15755,1.09254,8.74902,0.42336,36.966,0.42336,423.524,0,1.02816,0,0,1.91725,0.889091,1.028160,1,0,81.553,0,0,0,81.553,0
48.8103,2.66958,0,0,3.37258,0.234881,0.36288,3.6288,61.308,0.579478,0,0,1.22994,0.219612,0.430849,0.66528,12.849,1,0.704269,0.36288,0,77.938,4.13354,73.4631,0.84672,12.849,0.84672,3695.15,0,36.966,0.3494,0.743947,2.1443,7.18779,1.09254,8.63409,0.42336,36.966,0.42336,423.524,0,1.02816,0,0,1.77211,0.743947,1.028160,1,0,82.528,0,0,0,82.528,0
50.0183,2.93125,0,0,4.75216,0.250027,0.36288,3.6288,61.308,0.676953,0,0,1.20055,0.187502,0.33609,0.66528,12.849,1,0.771633,0.36288,0,85.6043,3.82546,81.37,0.84672,12.849,0.84672,3695.15,0,36.966,0.493675,0.503194,2.14427,7.10011,1.0661,8.18779,0.42336,36.966,0.42336,423.524,0,1.01649,0,0,1.51968,0.503194,1.028160,1,0,89.8939,0,0,0,89.8939,0
49.6463,2.94604,0,0,3.19022,0.25328,0.36288,3.6288,61.308,0.66528,0,0,1.6994,0.187502,0.846619,0.66528,12.849,1,0.756795,0.36288,0,87.0169,3.82546,82.7975,0.84672,12.849,0.84672,3695.15,0,36.966,0.493645,1.16706,2.38368,10.4034,1.0661,12.3944,0.42336,36.966,0.42336,423.524,0,1.02816,0,0,2.19522,1.16706,1.028160,1,0,96.0386,0,0,0,96.0386,0
50.5007,2.94149,0,0,4.42284,0.264092,0.36288,3.6288,61.308,0.66528,0,0,1.14767,0.179966,0.302423,0.66528,12.849,1,0.76129,0.36288,0,122.857,3.86923,118.59,0.84672,12.849,0.84672,3695.15,0,36.966,0.493616,1.04496,2.38365,8.16247,1.04694,10.0505,0.42336,36.966,0.42336,423.524,0,1.02816,0,0,2.07312,1.04496,1.028160,1,0,128.943,0,0,0,128.943,0
53.3807,2.95172,0,0,6.50762,0.313013,0.36288,3.6288,61.308,0.66528,0,0,1.29034,0.188556,0.436505,0.66528,12.849,1,0.751012,0.36288,0,118.998,3.90318,114.707,0.84672,12.849,0.84672,3695.15,0,36.966,0.493586,2.47439,2.38362,10.6434,1.04013,13.9677,0.42336,36.966,0.42336,423.524,0,1.02816,0,0,3.50255,2.47439,1.028160,1,0,129.111,0,0,0,129.111,0
55.307,2.60605,0,0,5.16097,0.265768,0.36288,3.6288,61.308,0.530303,0,0,1.85641,0.182987,1.14312,0.66528,12.849,1,0.62729,0.36288,0,132.736,4.75734,127.715,0.84672,12.849,0.84672,3695.15,0,36.966,0.319749,1.32602,2.38359,11.3464,1.1925,13.5437,0.42336,36.966,0.42336,423.524,0,1.02816,0,0,2.35418,1.32602,1.028160,1,0,142.401,0,0,0,142.401,0
55.5415,2.62375,0,0,3.49218,0.270995,0.36288,3.6288,61.308,0.557302,0,0,0.892365,0.182987,0.152075,0.66528,12.849,1,0.609553,0.36288,0,92.9768,4.75734,87.9728,0.84672,12.849,0.84672,3695.15,0,36.966,0.336029,0.608429,2.05704,6.97784,1.1925,8.11477,0.42336,36.966,0.42336,423.524,0,0.984856,0,0,1.59329,0.608429,1.028160,1,0,96.2396,0,0,0,96.2396,0
56.2392,2.6258,0,0,3.9606,0.274269,0.36288,3.6288,61.308,0.530272,0,0,1.87835,0.175059,1.17302,0.66528,12.849,1,0.607454,0.36288,0,123.488,4.74217,118.501,0.84672,12.849,0.84672,3695.15,0,36.966,0.31973,2.17635,2.05701,15.4983,1.17426,18.2376,0.42336,36.966,0.42336,423.524,0,1.02816,0,0,3.20451,2.17635,1.028160,1,0,137.912,0,0,0,137.912,0
56.6791,2.6319,0,0,3.72679,0.292114,0.36288,3.6288,61.308,0.530256,0,0,1.14077,0.127489,0.483029,0.66528,12.849,1,0.601312,0.36288,0,66.5067,4.65118,61.6171,0.84672,12.849,0.84672,3695.15,0,36.966,0.319721,1.13669,2.05698,10.8509,1.0648,12.66,0.42336,36.966,0.42336,423.524,0,1.02816,0,0,2.16485,1.13669,1.028160,1,0,74.7602,0,0,0,74.7602,0
58.4704,2.63567,0,0,5.06369,0.2738,0.36288,3.6288,61.308,0.53024,0,0,1.97721,0.163279,1.28369,0.66528,12.849,1,0.597499,0.36288,0,105.492,4.74892,100.508,0.84672,12.849,0.84672,3695.15,0,36.966,0.319711,2.63288,2.05695,14.3281,1.06165,17.6365,0.42336,36.966,0.42336,423.524,0,1.02816,0,0,3.66104,2.63288,1.028160,1,0,119.428,0,0,0,119.428,0
60.1929,2.74749,0,0,5.09649,0.263693,0.36288,3.6288,61.308,0.577347,0,0,1.67562,0.190121,0.908148,0.66528,12.849,1,0.603767,0.36288,0,120.785,4.82223,115.721,0.84672,12.849,0.84672,3695.15,0,36.966,0.348114,2.37308,2.05692,12.7478,1.05928,15.7704,0.42336,36.966,0.42336,423.524,0,1.02816,0,0,3.40124,2.37308,1.028160,1,0,132.4,0,0,0,132.4,0
60.5598,2.76169,0,0,3.75964,0.268102,0.36288,3.6288,61.308,0.57733,0,0,1.24332,0.190121,0.47587,0.66528,12.849,1,0.589521,0.36288,0,86.7275,4.82223,81.6786,0.84672,12.849,0.84672,3695.15,0,36.966,0.348104,1.20051,2.13739,9.03208,1.05928,10.9626,0.42336,36.966,0.42336,423.524,0,1.02816,0,0,2.22867,1.20051,1.028160,1,0,93.1171,0,0,0,93.1171,0
60.5144,2.7646,0,0,3.32166,0.239648,0.36288,3.6288,61.308,0.577314,0,0,1.03927,0.203579,0.258379,0.66528,12.849,1,0.586566,0.36288,0,76.0294,4.93443,70.8713,0.84672,12.849,0.84672,3695.15,0,36.966,0.348094,0.990222,2.13736,7.80572,1.0734,9.51182,0.42336,36.966,0.42336,423.524,0,1.02816,0,0,2.01838,0.990222,1.028160,1,0,80.6415,0,0,0,80.6415,0
60.3406,2.7642,0,0,3.19493,0.2416,0.36288,3.6288,61.308,0.577297,0,0,0.927107,0.210808,0.139002,0.66528,12.849,1,0.586922,0.36288,0,74.3161,5.04093,69.0511,0.84672,12.849,0.84672,3695.15,0,36.966,0.348085,0.914034,2.13734,7.10027,1.09821,8.70534,0.42336,36.966,0.42336,423.524,0,1.02816,0,0,1.94219,0.914034,1.028160,1,0,77.8955,0,0,0,77.8955,0
60.5478,2.72469,0,0,3.46219,0.16746,0.36288,3.6288,61.308,0.55898,0,0,0.847385,0.234432,0.0539739,0.66528,12.849,1,0.580199,0.36288,0,83.1107,4.80018,78.0932,0.84672,12.849,0.84672,3695.15,0,36.966,0.33704,0.89545,2.13731,5.9322,1.21964,7.40827,0.42336,36.966,0.42336,423.524,0,1.02816,0,0,1.92361,0.89545,1.028160,1,0,85.5555,0,0,0,85.5555,0
60.3607,2.72629,0,0,3.06983,0.16775,0.36288,3.6288,61.308,0.558964,0,0,0.887034,0.234432,0.093639,0.66528,12.849,1,0.578554,0.36288,0,76.9548,4.80018,71.9389,0.84672,12.849,0.84672,3695.15,0,36.966,0.33703,0.982031,2.10596,6.02283,1.21964,7.55415,0.42336,36.966,0.42336,423.524,0,1.02816,0,0,2.01019,0.982031,1.028160,1,0,79.5867,0,0,0,79.5867,0
59.8747,2.72478,0,0,2.76921,0.167488,0.36288,3.6288,61.308,0.558948,0,0,0.885591,0.234432,0.0922123,0.66528,12.849,1,0.580024,0.36288,0,70.9603,4.80018,65.943,0.84672,12.849,0.84672,3695.15,0,36.966,0.337021,0.892365,2.10593,5.90912,1.21964,7.35075,0.42336,36.966,0.42336,423.524,0,1.02816,0,0,1.92053,0.892365,1.028160,1,0,73.386,0,0,0,73.386,0
59.761,2.72086,0,0,3.13125,0.161216,0.36288,3.6288,61.2926,0.558931,0,0,0.780883,0.237399,0,0.66528,12.849,1,0.583892,0.36288,0,75.1645,5.03411,69.9094,0.84672,12.849,0.84672,3695.15,0,36.966,0.337011,0.709085,2.1059,7.52211,1.22886,8.77122,0.42336,36.966,0.42336,423.524,0,1.02816,0,0,1.73724,0.709085,1.028160,1,0,78.6807,0,0,0,78.6807,0
59.2503,2.84894,0,0,2.83345,0.13233,0.36288,3.6288,61.2912,0.623752,0,0,0.897497,0.275072,0,0.66528,12.849,1,0.61254,0.36288,0,68.7589,5.58481,62.9244,0.84672,12.849,0.84672,3695.15,0,36.966,0.37619,0.663716,2.10587,6.52372,1.15371,7.76341,0.42336,36.966,0.42336,423.524,0,1.02816,0,0,1.69188,0.663716,1.028160,1,0,70.6878,0,0,0,70.6878,0
58.5905,2.84456,0,0,2.67999,0.132394,0.36288,3.6288,61.2846,0.62373,0,0,0.895527,0.278385,0,0.66528,12.849,1,0.61687,0.36288,0,63.7001,5.44267,58.0035,0.84672,12.849,0.84672,3695.15,0,36.966,0.376184,0.606433,2.21559,6.07124,1.13196,7.38512,0.42336,36.966,0.42336,423.524,0,1.02816,0,0,1.63459,0.606433,1.028160,1,0,65.3886,0,0,0,65.3886,0
57.8336,2.83882,0,0,2.57634,0.131552,0.36288,3.6288,61.2419,0.623688,0,0,0.859274,0.278374,0,0.66528,12.849,1,0.622559,0.36288,0,59.9429,5.44267,54.2406,0.84672,12.849,0.84672,3695.15,0,36.966,0.376199,0.665055,2.21556,4.91111,1.13196,6.28357,0.42336,36.966,0.42336,423.524,0,1.02816,0,0,1.69322,0.665055,1.028160,1,0,60.5242,0,0,0,60.5242,0
57.0427,2.83212,0,0,2.5175,0.113405,0.36288,3.6288,61.14,0.623507,0,0,0.828973,0.307285,0,0.66528,12.849,1,0.629218,0.36288,0,56.5646,5.58052,50.7177,0.84672,12.849,0.84672,3695.15,0,36.966,0.376353,0.689982,2.21553,4.61811,1.20045,5.94682,0.42336,36.966,0.42336,423.524,0,1.02816,0,0,1.71814,0.689982,1.028160,1,0,56.6646,0,0,0,56.6646,0
55.7973,2.82496,0,0,2.0326,0.0900661,0.36288,3.6288,60.8735,0.62724,0,0,0.656789,0.29609,0,0.66528,12.849,1,0.636329,0.36288,0,41.0019,5.39488,35.3336,0.84672,12.849,0.84672,3695.15,0,36.966,0.379237,0.30119,2.2155,3.49067,1.26368,4.36445,0.42336,36.966,0.42336,423.524,0,1.02152,0,0,1.32271,0.30119,1.028160,1,0,39.698,0,0,0,39.698,0
54.244,2.78818,0,0,1.67513,0.0773738,0.36288,3.6288,60.2913,0.843138,0,0,0.539646,0.278681,0,0.66528,12.849,1,0.642062,0.36288,0,32.3219,5.2143,26.8284,0.84672,12.849,0.84672,3695.15,0,36.966,0.512004,0.30119,2.21547,2.76682,1.29056,3.48093,0.42336,36.966,0.42336,423.524,0,0.729994,0,0,1.03118,0.30119,1.028160,1,0,30.3093,0,0,0,30.3093,0
52.5803,2.77328,0,0,1.54856,0.0761763,0.36288,3.6288,59.6845,0.85087,0,0,0.521717,0.277653,0,0.66528,12.849,1,0.656918,0.36288,0,32.1265,5.2143,26.6182,0.84672,12.849,0.84672,3695.15,0,36.966,0.521688,0.30119,2.2538,2.80554,1.29056,3.54829,0.42336,36.966,0.42336,423.524,0,0.712549,0,0,1.01374,0.30119,1.028160,1,0,30.1665,0,0,0,30.1665,0
50.7918,2.75654,0,0,1.40583,0.0748936,0.36288,3.6288,59.0164,0.884344,0,0,0.492862,0.276581,0,0.66528,12.849,1,0.673613,0.36288,0,31.1718,5.2143,25.6468,0.84672,12.849,0.84672,3695.15,0,36.966,0.547724,0.261274,2.25377,2.63717,1.29056,3.31394,0.42336,36.966,0.42336,423.524,0,0.653011,0,0,0.914285,0.261274,1.028160,1,0,28.9607,0,0,0,28.9607,0
48.9328,2.73757,0,0,1.30949,0.0679974,0.36288,3.6288,58.2717,0.91335,0,0,0.45792,0.289274,0,0.66528,12.849,1,0.692534,0.36288,0,27.3947,5.37817,21.6868,0.84672,12.849,0.84672,3695.15,0,36.966,0.572093,0.261274,2.25374,2.53674,1.35678,3.12288,0.42336,36.966,0.42336,423.524,0,0.599607,0,0,0.860881,0.261274,1.028160,1,0,24.8097,0,0,0,24.8097,0
47.0968,2.7801,0,0,1.36819,0.0612149,0.36288,3.6288,57.4534,0.921187,0,0,0.398284,0.295428,0,0.66528,12.849,1,0.730011,0.36288,0,25.0569,5.37337,19.3164,0.84672,12.849,0.84672,3695.15,0,36.966,0.584376,0.261274,2.25371,2.36885,1.39345,2.90602,0.42336,36.966,0.42336,423.524,0,0.630409,0,0,0.891683,0.261274,1.028160,1,0,22.2224,0,0,0,22.2224,0
45.1469,2.7577,0,0,1.23066,0.0600008,0.36288,3.6288,56.5997,0.933443,0,0,0.373585,0.29387,0,0.66528,12.849,1,0.752359,0.36288,0,23.6147,5.37337,17.8518,0.84672,12.849,0.84672,3695.15,0,36.966,0.600585,0.261274,2.30805,2.4183,1.39345,2.99359,0.42336,36.966,0.42336,423.524,0,0.601914,0,0,0.863188,0.261274,1.028160,1,0,20.8454,0,0,0,20.8454,0
43.1129,2.73237,0,0,1.11998,0.0587114,0.36288,3.6288,55.6886,0.977263,0,0,0.358395,0.292245,0,0.66528,12.849,1,0.777644,0.36288,0,22.1802,5.37337,16.392,0.84672,12.849,0.84672,3695.15,0,36.966,0.638263,0.261274,2.30801,2.24821,1.39345,2.78579,0.42336,36.966,0.42336,423.524,0,0.520387,0,0,0.781661,0.261274,1.028160,1,0,19.1778,0,0,0,19.1778,0
40.9695,2.70407,0,0,0.969097,0.0455545,0.36288,3.6288,54.7924,0.955759,0,0,0.356892,0.297325,0,0.66528,12.849,1,0.805898,0.36288,0,21.1625,5.61519,15.1043,0.84672,12.849,0.84672,3695.15,0,36.966,0.634432,0.227405,2.30798,2.27821,1.4235,2.75567,0.42336,36.966,0.42336,423.524,0,0.545694,0,0,0.773099,0.227405,1.028160,1,0,17.8599,0,0,0,17.8599,0
38.7712,2.85038,0,0,1.0779,0.0629471,0.36288,3.6288,53.6991,1.13211,0,0,0.330491,0.291631,0,0.66528,12.849,1,0.893948,0.36288,0,20.4197,5.57853,14.3101,0.84672,12.849,0.84672,3695.15,0,36.966,0.763783,0.227405,2.30795,1.91904,1.44326,2.24735,0.42336,36.966,0.42336,423.524,0,0.423853,0,0,0.651258,0.227405,1.028160,1,0,16.5574,0,0,0,16.5574,0
36.8072,2.81228,0,0,1.272,0.0608363,0.36288,3.6288,52.6961,1.08157,0,0,0.37445,0.295929,0,0.66528,12.849,1,0.932005,0.36288,0,23.5354,5.71631,17.25,0.84672,12.849,0.84672,3695.15,0,36.966,0.744546,0.227405,2.49392,1.76482,1.52547,2.21614,0.42336,36.966,0.42336,423.524,0,0.493592,0,0,0.720997,0.227405,1.028160,1,0,19.4662,0,0,0,19.4662,0
34.6301,2.77538,0,0,1.02057,0.0594503,0.36288,3.6288,51.5399,1.15705,0,0,0.294441,0.293568,0,0.66528,12.849,1,0.968854,0.36288,0,27.6827,5.71631,21.3605,0.84672,12.849,0.84672,3695.15,0,36.966,0.811661,0.227405,2.49389,1.46603,1.52547,1.85019,0.42336,36.966,0.42336,423.524,0,0.350974,0,0,0.578379,0.227405,1.028160,1,0,23.2106,0,0,0,23.2106,0
32.687,2.73091,0,0,1.20868,0.0579139,0.36288,3.6288,50.7353,0.963195,0,0,0.449446,0.290846,0,0.66528,12.849,1,1.01327,0.36288,0,23.7609,5.71631,17.3942,0.84672,12.849,0.84672,3695.15,0,36.966,0.690833,0.204422,2.49385,1.98251,1.52547,2.46448,0.42336,36.966,0.42336,423.524,0,0.665622,0,0,0.870045,0.204422,1.028160,1,0,19.8587,0,0,0,19.8587,0
30.4667,2.68764,0,0,0.891052,0.0608719,0.36288,3.6288,50.1858,0.764968,0,0,0.489542,0.27412,0,0.66528,12.849,1,1.05649,0.36288,0,18.4729,5.50246,12.2769,0.84672,12.849,0.84672,3695.15,0,36.966,0.626179,0.204422,2.49382,1.91978,1.46052,2.53133,0.42336,36.966,0.42336,423.524,0,0.928472,0,0,1.13289,0.204422,1.028160,1,0,14.8082,0,0,0,14.8082,0
28.1203,2.5531,0,0,0.634364,0.0647786,0.36288,3.6288,49.2239,0.992942,0,0,0.284334,0.253206,0,0.66528,12.849,1,1.07674,0.36288,0,11.7485,5.21734,5.81729,0.84672,12.849,0.84672,3695.15,0,36.966,0.731384,0.204422,2.49379,1.14947,1.37391,1.74239,0.42336,36.966,0.42336,423.524,0,0.483656,0,0,0.688078,0.204422,1.028160,1,0,7.55968,0,0,0,7.55968,0
25.7275,2.4914,0,0,0.524211,0.0627551,0.36288,3.6288,48.1949,1.02831,0,0,0.250493,0.251213,0,0.66528,12.849,1,1.13839,0.36288,0,10.8474,5.21734,4.85457,0.84672,12.849,0.84672,3695.15,0,36.966,0.772239,0.204422,2.38612,1.06451,1.37391,1.5089,0.42336,36.966,0.42336,423.524,0,0.407398,0,0,0.611821,0.204422,1.028160,1,0,6.36347,0,0,0,6.36347,0
23.7976,2.42075,0,0,0.974426,0.120652,0.36288,3.6288,47.4651,0.93946,0,0,0.389695,0.180092,0,0.66528,12.849,1,1.20899,0.36288,0,19.1528,4.1792,14.1275,0.84672,12.849,0.84672,3695.15,0,36.966,0.720576,0.216518,2.38609,1.84825,1.04942,2.68086,0.42336,36.966,0.42336,423.524,0,0.547887,0,0,0.764405,0.216518,1.028160,1,0,16.8084,0,0,0,16.8084,0
22.8779,2.35706,0,0,1.9409,0.14067,0.36288,3.6288,47.1396,0.767384,0,0,0.593509,0.151571,0,0.66528,12.849,1,1.27264,0.36288,0,38.3867,3.76394,33.713,0.84672,12.849,0.84672,3695.15,0,36.966,0.597642,0.216518,2.38606,2.64064,0.919629,3.72595,0.42336,36.966,0.42336,423.524,0,0.842867,0,0,1.05938,0.216518,1.028160,1,0,37.439,0,0,0,37.439,0
20.8622,2.26422,0,0,0.767845,0.156484,0.36288,3.6288,46.3131,0.87301,0,0,0.232063,0.185563,0,0.66528,12.849,1,1.27166,0.36288,0,15.6613,4.20431,10.5482,0.84672,12.849,0.84672,3695.15,0,36.966,0.684598,0.216518,2.38602,1.36668,0.981142,2.30349,0.42336,36.966,0.42336,423.524,0,0.548672,0,0,0.76519,0.216518,1.028160,1,0,12.8517,0,0,0,12.8517,0
20.1112,2.18815,0,0,1.95239,0.152272,0.36288,3.6288,46.2723,0.599547,0,0,0.742961,0.184213,0,0.66528,12.849,1,1.34768,0.36288,0,43.6946,4.20431,38.5054,0.84672,12.849,0.84672,3695.15,0,36.966,0.478544,1.30023,2.28994,3.19397,0.981142,5.32445,0.42336,36.966,0.42336,423.524,0,1.02816,0,0,2.32839,1.30023,1.028160,1,0,43.8299,0,0,0,43.8299,0
19.7249,2.15742,0,0,2.29748,0.163557,0.36288,3.6288,46.4612,0.599297,0,0,0.958295,0.170123,0,0.66528,12.849,1,1.37837,0.36288,0,52.1319,3.98665,47.1298,0.84672,12.849,0.84672,3695.15,0,36.966,0.478766,0.490743,2.28991,3.23594,0.919489,4.61833,0.42336,36.966,0.42336,423.524,0,1.02816,0,0,1.5189,0.490743,1.028160,1,0,51.7481,0,0,0,51.7481,0
