0volume,0demand,0up_spill,0ww_inflow,0catch_inflow,0evap,0ds_spill,0treat_cap,1volume,1demand,1up_spill,1ww_inflow,1catch_inflow,1evap,1ds_spill,1treat_cap,2volume,2s_area,2demand,2up_spill,2ww_inflow,2catch_inflow,2evap,2ds_spill,2treat_cap,2valloc_0,2talloc_0,2valloc_1,2talloc_1,3volume,3demand,3up_spill,3ww_inflow,3catch_inflow,3evap,3ds_spill,3treat_cap,3valloc_1,3talloc_1,3valloc_2,3talloc_2,4demand,4up_spill,4ww_inflow,4catch_inflow,4ds_spill,4treat_cap,11volume,11s_area,11demand,11up_spill,11ww_inflow,11catch_inflow,11evap,11ds_spill,11treat_cap
72.1736,1.84028,0,0,2.38087,0.294085,0.36288,3.6288,61.308,0,0,0,1.24753,0.232539,1.01499,0.66528,12.849,1,0.327095,0.36288,0,44.2004,4.03836,40.1978,0.84672,12.849,0.84672,3695.15,0,36.966,0.0415766,1.19757,0,8.21699,1.09271,8.28028,0.42336,36.966,0.42336,423.524,0,1.69344,0,0,2.89101,1.19757,1.028160,1,0,49.4931,0,0,0,49.4931,0
72.29,1.85795,0,0,3.89921,0.271229,1.65367,3.6288,61.308,0.428255,0,0,1.62368,0.192724,1.0027,0.66528,12.849,1,0.330769,1.65367,0,83.1247,3.19578,81.2519,0.84672,12.849,0.84672,3695.15,0,36.966,0.258218,2.0535,1.74664,9.14138,0.867815,11.8155,0.42336,36.966,0.42336,423.524,0,1.02816,0,0,3.08166,2.0535,1.028160,1,0,94.0701,0,0,0,94.0701,0
72.29,1.85922,0,0,3.101,0.271469,0.970313,3.6288,61.308,0.428255,0,0,1.30837,0.192724,0.687393,0.66528,12.849,1,0.330462,0.970313,0,77.7148,3.19578,75.1589,0.84672,12.849,0.84672,3695.15,0,36.966,0.258218,1.42348,1.73489,7.19798,0.867815,9.23033,0.42336,36.966,0.42336,423.524,0,1.02816,0,0,2.45164,1.42348,1.028160,1,0,85.0766,0,0,0,85.0766,0
72.29,1.86003,0,0,2.54702,0.271469,0.415517,3.6288,61.308,0.428255,0,0,1.16899,0.192724,0.548013,0.66528,12.849,1,0.330607,0.415517,0,47.9409,3.19578,44.83,0.84672,12.849,0.84672,3695.15,0,36.966,0.258219,1.1413,1.73507,5.93888,0.867815,7.68922,0.42336,36.966,0.42336,423.524,0,1.02816,0,0,2.16946,1.1413,1.028160,1,0,53.0672,0,0,0,53.0672,0
72.1777,2.06559,0,0,2.59364,0.277492,0.36288,3.6288,61.308,0.533442,0,0,1.02222,0.181439,0.307334,0.66528,12.849,1,0.367144,0.36288,0,46.2002,3.08661,43.1094,0.84672,12.849,0.84672,3695.15,0,36.966,0.321642,1.14424,1.73525,5.33393,0.883589,7.00819,0.42336,36.966,0.42336,423.524,0,1.02816,0,0,2.1724,1.14424,1.028160,1,0,50.4249,0,0,0,50.4249,0
72.29,2.20911,0,0,3.16685,0.28719,0.558223,3.6288,61.308,0.428281,0,0,0.98026,0.173625,0.378354,0.66528,12.849,1,0.393263,0.558223,0,60.6708,3.1206,57.7151,0.84672,12.849,0.84672,3695.15,0,36.966,0.258234,1.77085,1.91089,5.68381,0.941935,8.16538,0.42336,36.966,0.42336,423.524,0,1.02816,0,0,2.79901,1.77085,1.028160,1,0,66.2589,0,0,0,66.2589,0
72.29,2.21053,0,0,4.19883,0.287435,1.70087,3.6288,61.308,0.428281,0,0,0.936464,0.173625,0.334558,0.66528,12.849,1,0.392905,1.70087,0,84.9696,3.1206,83.1569,0.84672,12.849,0.84672,3695.15,0,36.966,0.258234,2.08871,1.81244,6.4111,0.941935,9.11208,0.42336,36.966,0.42336,423.524,0,1.02816,0,0,3.11687,2.08871,1.028160,1,0,92.6036,0,0,0,92.6036,0
72.29,2.21143,0,0,3.60576,0.287435,1.10689,3.6288,61.308,0.428281,0,0,1.08311,0.173625,0.481205,0.66528,12.849,1,0.393065,1.10689,0,71.2357,3.1206,68.8289,0.84672,12.849,0.84672,3695.15,0,36.966,0.258234,1.82088,1.81264,6.22455,0.941935,8.6579,0.42336,36.966,0.42336,423.524,0,1.02816,0,0,2.84904,1.82088,1.028160,1,0,77.968,0,0,0,77.968,0
72.29,1.92002,0,0,3.73572,0.321408,1.49429,3.6288,61.308,0.286978,0,0,1.32989,0.169563,0.873345,0.66528,12.849,1,0.341269,1.49429,0,82.1051,3.36156,79.8965,0.84672,12.849,0.84672,3695.15,0,36.966,0.173035,2.53454,1.81284,9.34429,0.97447,12.5442,0.42336,36.966,0.42336,423.524,0,1.02816,0,0,3.5627,2.53454,1.028160,1,0,93.314,0,0,0,93.314,0
72.29,1.75754,0,0,5.59475,0.351434,3.48578,3.6288,61.308,0.406935,0,0,1.67796,0.156834,1.11419,0.66528,12.849,1,0.312389,3.48578,0,100.049,3.31296,99.909,0.84672,12.849,0.84672,3695.15,0,36.966,0.245364,3.51716,1.57353,10.3338,0.927128,14.252,0.42336,36.966,0.42336,423.524,0,1.02816,0,0,4.54532,3.51716,1.028160,1,0,115.275,0,0,0,115.275,0
72.29,1.75804,0,0,4.54971,0.351434,2.44024,3.6288,61.308,0.407147,0,0,1.12179,0.156834,0.557811,0.66528,12.849,1,0.312478,2.44024,0,89.3981,3.31296,88.2129,0.84672,12.849,0.84672,3695.15,0,36.966,0.245492,1.86904,1.68623,7.23436,0.927128,9.61701,0.42336,36.966,0.42336,423.524,0,1.02816,0,0,2.8972,1.86904,1.028160,1,0,98.3877,0,0,0,98.3877,0
72.29,1.75853,0,0,3.19216,0.351434,1.08219,3.6288,61.308,0.407359,0,0,0.849995,0.156834,0.285802,0.66528,12.849,1,0.312566,1.08219,0,87.0489,3.31296,84.5055,0.84672,12.849,0.84672,3695.15,0,36.966,0.245619,1.47904,1.6866,6.53348,0.927128,8.52637,0.42336,36.966,0.42336,423.524,0,1.02816,0,0,2.5072,1.47904,1.028160,1,0,93.3177,0,0,0,93.3177,0
72.29,1.75903,0,0,3.46954,0.299807,1.4107,3.6288,61.308,0.407571,0,0,0.627688,0.132747,0.0873707,0.66528,12.849,1,0.312654,1.4107,0,79.9917,3.00798,78.0818,0.84672,12.849,0.84672,3695.15,0,36.966,0.245747,1.02832,1.68697,6.57906,0.905531,8.14307,0.42336,36.966,0.42336,423.524,0,1.02816,0,0,2.05648,1.02832,1.028160,1,0,86.3122,0,0,0,86.3122,0
72.29,1.8332,0,0,6.43976,0.307233,4.29933,3.6288,61.308,0.442393,0,0,1.33977,0.156679,0.740698,0.66528,12.849,1,0.325837,4.29933,0,108.295,3.61956,108.649,0.84672,12.849,0.84672,3695.15,0,36.966,0.266744,2.02954,1.68734,10.7289,1.12667,13.0524,0.42336,36.966,0.42336,423.524,0,1.02816,0,0,3.0577,2.02954,1.028160,1,0,122.442,0,0,0,122.442,0
72.29,1.85326,0,0,5.64932,0.307233,3.48883,3.6288,61.308,0.428255,0,0,2.05193,0.156679,1.467,0.66528,12.849,1,0.329402,3.48883,0,119.179,3.61956,118.719,0.84672,12.849,0.84672,3695.15,0,36.966,0.258219,3.18431,1.74684,14.6519,1.12667,18.1981,0.42336,36.966,0.42336,423.524,0,1.02816,0,0,4.21247,3.18431,1.028160,1,0,138.384,0,0,0,138.384,0
72.29,1.85407,0,0,4.55085,0.307233,2.38955,3.6288,61.308,0.428255,0,0,1.7875,0.156679,1.20256,0.66528,12.849,1,0.329547,2.38955,0,143.731,3.61956,142.171,0.84672,12.849,0.84672,3695.15,0,36.966,0.258219,3.75525,1.73376,11.7844,1.12667,15.8886,0.42336,36.966,0.42336,423.524,0,1.02816,0,0,4.78341,3.75525,1.028160,1,0,159.262,0,0,0,159.262,0
72.29,1.85489,0,0,3.46194,0.292778,1.31428,3.6288,61.308,0.428255,0,0,1.23524,0.117178,0.68981,0.66528,12.849,1,0.329692,1.31428,0,103.125,2.54039,101.57,0.84672,12.849,0.84672,3695.15,0,36.966,0.258219,2.36034,1.73394,8.83837,0.975696,11.6987,0.42336,36.966,0.42336,423.524,0,1.02816,0,0,3.3885,2.36034,1.028160,1,0,113.958,0,0,0,113.958,0
72.29,1.82687,0,0,4.05634,0.217665,2.01181,3.6288,61.308,0.414799,0,0,1.00757,0.193275,0.399497,0.66528,12.849,1,0.324712,2.01181,0,90.0547,4.0417,87.7001,0.84672,12.849,0.84672,3695.15,0,36.966,0.250106,1.45852,1.73412,9.72847,1.1047,11.5663,0.42336,36.966,0.42336,423.524,0,1.02816,0,0,2.48668,1.45852,1.028160,1,0,99.6659,0,0,0,99.6659,0
72.29,1.80936,0,0,3.40324,0.216776,1.37709,3.6288,61.308,0.428252,0,0,0.822761,0.197079,0.197431,0.66528,12.849,1,0.321601,1.37709,0,65.8627,4.21523,62.703,0.84672,12.849,0.84672,3695.15,0,36.966,0.258217,1.10022,1.71127,6.30971,1.09469,7.76829,0.42336,36.966,0.42336,423.524,0,1.02816,0,0,2.12838,1.10022,1.028160,1,0,70.6687,0,0,0,70.6687,0
72.29,1.81017,0,0,2.98014,0.216776,0.953198,3.6288,61.308,0.428252,0,0,0.780762,0.197079,0.155431,0.66528,12.849,1,0.321744,0.953198,0,57.9845,4.21523,54.4007,0.84672,12.849,0.84672,3695.15,0,36.966,0.258217,0.847567,1.72407,5.88327,1.09469,7.102,0.42336,36.966,0.42336,423.524,0,1.02816,0,0,1.87573,0.847567,1.028160,1,0,61.6582,0,0,0,61.6582,0
72.29,1.81097,0,0,2.67887,0.216776,0.651116,3.6288,61.308,0.428252,0,0,0.691805,0.197079,0.066474,0.66528,12.849,1,0.321887,0.651116,0,50.1051,4.21523,46.2191,0.84672,12.849,0.84672,3695.15,0,36.966,0.258217,0.6365,1.72424,5.14799,1.09469,6.15583,0.42336,36.966,0.42336,423.524,0,1.02816,0,0,1.66466,0.6365,1.028160,1,0,52.4414,0,0,0,52.4414,0
72.29,1.90975,0,0,2.64902,0.189318,0.54995,3.6288,61.308,0.476016,0,0,0.670378,0.182127,0.0122349,0.66528,12.849,1,0.339443,0.54995,0,51.5734,3.7127,48.0712,0.84672,12.849,0.84672,3695.15,0,36.966,0.287017,0.526427,1.72442,4.79893,1.01783,5.74494,0.42336,36.966,0.42336,423.524,0,1.02816,0,0,1.55459,0.526427,1.028160,1,0,53.8284,0,0,0,53.8284,0
72.29,1.97559,0,0,2.63029,0.143808,0.510899,3.6288,61.308,0.428264,0,0,0.64889,0.194644,0.0259818,0.66528,12.849,1,0.351145,0.510899,0,50.4805,3.65851,46.9817,0.84672,12.849,0.84672,3695.15,0,36.966,0.258224,0.492186,1.80537,4.62599,1.09605,5.56927,0.42336,36.966,0.42336,423.524,0,1.02816,0,0,1.52035,0.492186,1.028160,1,0,52.577,0,0,0,52.577,0
72.1065,2.16426,0,0,2.47226,0.128586,0.36288,3.6288,61.308,0.290263,0,0,0.675769,0.198214,0.187292,0.66528,12.849,1,0.38468,0.36288,0,46.4979,3.76687,42.7092,0.84672,12.849,0.84672,3695.15,0,36.966,0.175016,0.495996,1.76077,4.70155,1.07599,5.70731,0.42336,36.966,0.42336,423.524,0,1.02816,0,0,1.52416,0.495996,1.028160,1,0,48.6038,0,0,0,48.6038,0
72.0144,1.97652,0,0,2.37566,0.128407,0.36288,3.6288,61.308,0.428264,0,0,0.688409,0.198214,0.061931,0.66528,12.849,1,0.352205,0.36288,0,43.8344,3.76687,40.0782,0.84672,12.849,0.84672,3695.15,0,36.966,0.258224,0.420137,1.6315,4.68808,1.07599,5.4055,0.42336,36.966,0.42336,423.524,0,1.02816,0,0,1.4483,0.420137,1.028160,1,0,45.5456,0,0,0,45.5456,0
71.6602,1.97698,0,0,2.11057,0.124917,0.36288,3.6288,61.303,0.428264,0,0,0.626011,0.202779,0,0.66528,12.849,1,0.352738,0.36288,0,38.5587,3.90318,34.6656,0.84672,12.849,0.84672,3695.15,0,36.966,0.258224,0.305493,1.76114,4.12028,1.09947,4.82922,0.42336,36.966,0.42336,423.524,0,1.02816,0,0,1.33365,0.305493,1.028160,1,0,39.4949,0,0,0,39.4949,0
70.5674,1.95698,0,0,1.33128,0.104236,0.36288,3.6288,61.0056,0.554495,0,0,0.487247,0.230161,0,0.66528,12.849,1,0.350895,0.36288,0,22.6587,4.72101,17.9497,0.84672,12.849,0.84672,3695.15,0,36.966,0.334363,0.30119,1.76133,2.66166,1.24032,3.14949,0.42336,36.966,0.42336,423.524,0,0.867923,0,0,1.16911,0.30119,1.028160,1,0,21.0992,0,0,0,21.0992,0
69.3357,1.98886,0,0,1.22341,0.103368,0.36288,3.6288,60.747,0.502094,0,0,0.473243,0.229728,0,0.66528,12.849,1,0.362134,0.36288,0,22.301,4.72101,17.5807,0.84672,12.849,0.84672,3695.15,0,36.966,0.304241,0.261274,1.78978,2.68395,1.24032,3.19045,0.42336,36.966,0.42336,423.524,0,0.908323,0,0,1.1696,0.261274,1.028160,1,0,20.7711,0,0,0,20.7711,0
67.9997,1.98428,0,0,1.1136,0.102389,0.36288,3.6288,60.3618,0.598404,0,0,0.442623,0.229352,0,0.66528,12.849,1,0.367718,0.36288,0,21.4087,4.72101,16.6829,0.84672,12.849,0.84672,3695.15,0,36.966,0.364143,0.261274,1.76532,2.52132,1.24032,2.94345,0.42336,36.966,0.42336,423.524,0,0.752112,0,0,1.01339,0.261274,1.028160,1,0,19.6263,0,0,0,19.6263,0
66.5943,1.97905,0,0,1.02399,0.0875129,0.36288,3.6288,59.9228,0.600098,0,0,0.422592,0.261502,0,0.66528,12.849,1,0.373954,0.36288,0,18.9796,5.14446,13.824,0.84672,12.849,0.84672,3695.15,0,36.966,0.367504,0.261274,1.76551,2.42605,1.39489,2.69045,0.42336,36.966,0.42336,423.524,0,0.747058,0,0,1.00833,0.261274,1.028160,1,0,16.5145,0,0,0,16.5145,0
64.9885,2.02277,0,0,0.853546,0.0736327,0.36288,3.6288,58.9852,0.949242,0,0,0.315457,0.303891,0,0.66528,12.849,1,0.390283,0.36288,0,14.5301,5.8829,8.61985,0.84672,12.849,0.84672,3695.15,0,36.966,0.42336,0.261274,1.7657,1.84556,1.49651,1.95267,0.42336,36.966,0.42336,423.524,0,0.379643,0,0,0.640917,0.261274,1.028160,1,0,10.5725,0,0,0,10.5725,0
63.3989,2.04695,0,0,0.888088,0.0679218,0.36288,3.6288,58.1153,0.940658,0,0,0.378826,0.308054,0,0.66528,12.849,1,0.404707,0.36288,0,18.299,6.00558,12.2516,0.84672,12.849,0.84672,3695.15,0,36.966,0.42336,0.261274,1.80599,1.9529,1.48621,2.1106,0.42336,36.966,0.42336,423.524,0,0.35065,0,0,0.611924,0.261274,1.028160,1,0,14.3622,0,0,0,14.3622,0
61.7379,2.03937,0,0,0.808367,0.0670545,0.36288,3.6288,57.2278,0.893578,0,0,0.312454,0.306335,0,0.66528,12.849,1,0.413318,0.36288,0,14.7389,6.00558,8.68287,0.84672,12.849,0.84672,3695.15,0,36.966,0.42336,0.227405,1.78419,1.81468,1.48621,1.91671,0.42336,36.966,0.42336,423.524,0,0.39773,0,0,0.625135,0.227405,1.028160,1,0,10.5996,0,0,0,10.5996,0
60.0131,2.03102,0,0,0.735204,0.0661483,0.36288,3.6288,56.2232,0.991009,0,0,0.290986,0.304581,0,0.66528,12.849,1,0.422699,0.36288,0,13.7399,6.00558,7.67453,0.84672,12.849,0.84672,3695.15,0,36.966,0.42336,0.227405,1.78439,1.61724,1.48621,1.71947,0.42336,36.966,0.42336,423.524,0,0.3003,0,0,0.527704,0.227405,1.028160,1,0,9.394,0,0,0,9.394,0
58.2006,2.16444,0,0,0.77239,0.0575866,0.36288,3.6288,55.2106,1.0271,0,0,0.317987,0.303454,0,0.66528,12.849,1,0.463414,0.36288,0,13.344,6.10516,7.13835,0.84672,12.849,0.84672,3695.15,0,36.966,0.42336,0.227405,1.78458,1.99276,1.51455,2.06684,0.42336,36.966,0.42336,423.524,0,0.400007,0,0,0.627412,0.227405,1.028160,1,0,9.20519,0,0,0,9.20519,0
56.3835,2.26474,0,0,0.863784,0.0532041,0.36288,3.6288,54.4064,0.849194,0,0,0.339795,0.294862,0,0.66528,12.849,1,0.499989,0.36288,0,15.7948,6.09242,9.56526,0.84672,12.849,0.84672,3695.15,0,36.966,0.42336,0.227405,1.92213,1.86812,1.5331,2.0612,0.42336,36.966,0.42336,423.524,0,0.442149,0,0,0.669553,0.227405,1.028160,1,0,11.6265,0,0,0,11.6265,0
54.3983,2.25252,0,0,0.682404,0.0522634,0.36288,3.6288,53.345,1.01609,0,0,0.248037,0.293303,0,0.66528,12.849,1,0.513316,0.36288,0,16.2995,6.09242,10.0567,0.84672,12.849,0.84672,3695.15,0,36.966,0.42336,0.204422,1.84289,1.48025,1.5331,1.5711,0.42336,36.966,0.42336,423.524,0,0.275249,0,0,0.479671,0.204422,1.028160,1,0,11.6278,0,0,0,11.6278,0
52.5911,2.23826,0,0,0.845182,0.0512356,0.36288,3.6288,52.8264,0.640217,0,0,0.412648,0.29106,0,0.66528,12.849,1,0.528681,0.36288,0,14.4451,6.09242,8.18691,0.84672,12.849,0.84672,3695.15,0,36.966,0.42336,0.204422,1.8431,2.22439,1.5331,2.31544,0.42336,36.966,0.42336,423.524,0,0.651126,0,0,0.855548,0.204422,1.028160,1,0,10.5024,0,0,0,10.5024,0
50.6194,2.22445,0,0,0.671337,0.0556416,0.36288,3.6288,51.9438,0.910941,0,0,0.28563,0.257274,0,0.66528,12.849,1,0.543474,0.36288,0,11.6646,5.16819,6.31582,0.84672,12.849,0.84672,3695.15,0,36.966,0.42336,0.204422,1.8433,2.17721,1.17333,2.62824,0.42336,36.966,0.42336,423.524,0,0.380523,0,0,0.584945,0.204422,1.028160,1,0,8.94407,0,0,0,8.94407,0
49.7455,2.14074,0,0,1.67883,0.049185,0.36288,3.6288,51.9401,0.353201,0,0,0.624472,0.274999,0,0.66528,12.849,1,0.543394,0.36288,0,35.9657,5.10531,30.6799,0.84672,12.849,0.84672,3695.15,0,36.966,0.251357,0.456088,1.84358,3.29858,1.37777,3.96912,0.42336,36.966,0.42336,423.524,0,1.02816,0,0,1.48425,0.456088,1.028160,1,0,34.649,0,0,0,34.649,0
48.6607,2.06886,0,0,1.39573,0.0487334,0.36288,3.6288,52.146,0.401075,0,0,0.882019,0.274991,0,0.66528,12.849,1,0.534375,0.36288,0,33.2233,5.10531,27.9465,0.84672,12.849,0.84672,3695.15,0,36.966,0.285447,1.58774,1.76444,3.73997,1.37777,5.42893,0.42336,36.966,0.42336,423.524,0,1.02816,0,0,2.6159,1.58774,1.028160,1,0,33.3754,0,0,0,33.3754,0
47.3729,2.06027,0,0,1.18347,0.0481686,0.36288,3.6288,51.9477,0.401735,0,0,0.478855,0.275448,0,0.66528,12.849,1,0.544021,0.36288,0,33.1767,5.10531,27.8903,0.84672,12.849,0.84672,3695.15,0,36.966,0.284787,0.35443,1.81261,2.7663,1.37777,3.27078,0.42336,36.966,0.42336,423.524,0,1.02816,0,0,1.38259,0.35443,1.028160,1,0,31.1611,0,0,0,31.1611,0
46.2729,2.04948,0,0,1.39118,0.0787741,0.36288,3.6288,51.7866,0.4011,0,0,0.486511,0.246551,0,0.66528,12.849,1,0.555882,0.36288,0,33.4188,4.69005,28.5358,0.84672,12.849,0.84672,3695.15,0,36.966,0.285423,0.38937,1.81281,2.88891,1.24798,3.55768,0.42336,36.966,0.42336,423.524,0,1.02816,0,0,1.41753,0.38937,1.028160,1,0,32.0935,0,0,0,32.0935,0
48.5925,1.98565,0,0,4.82181,0.1537,0.36288,3.6288,52.5693,0.356706,0,0,1.34249,0.203074,0,0.66528,12.849,1,0.551371,0.36288,0,110.436,4.01082,106.237,0.84672,12.849,0.84672,3695.15,0,36.966,0.254622,2.12579,1.81301,7.84395,0.968403,10.5597,0.42336,36.966,0.42336,423.524,0,1.02816,0,0,3.15395,2.12579,1.028160,1,0,116.797,0,0,0,116.797,0
52.976,1.94782,0,0,6.85079,0.156609,0.36288,3.6288,54.3681,0.403071,0,0,2.42729,0.22541,0,0.66528,12.849,1,0.515049,0.36288,0,155.964,4.28001,151.532,0.84672,12.849,0.84672,3695.15,0,36.966,0.283434,4.7243,1.74211,14.7952,1.00209,19.9761,0.42336,36.966,0.42336,423.524,0,1.02816,0,0,5.75246,4.7243,1.028160,1,0,171.508,0,0,0,171.508,0
56.3803,1.98295,0,0,5.91414,0.163994,0.36288,3.6288,55.6409,0.408653,0,0,1.91001,0.228505,0,0.66528,12.849,1,0.480952,0.36288,0,129.812,4.28001,125.414,0.84672,12.849,0.84672,3695.15,0,36.966,0.277852,3.0945,1.78629,8.71157,1.00209,12.3124,0.42336,36.966,0.42336,423.524,0,1.02816,0,0,4.12266,3.0945,1.028160,1,0,137.726,0,0,0,137.726,0
57.7896,2.00744,0,0,3.94935,0.169718,0.36288,3.6288,56.3948,0.412472,0,0,1.39673,0.230428,0,0.66528,12.849,1,0.457492,0.36288,0,65.1172,4.28001,60.7425,0.84672,12.849,0.84672,3695.15,0,36.966,0.274033,2.2159,1.78648,4.90672,1.00209,7.63298,0.42336,36.966,0.42336,423.524,0,1.02816,0,0,3.24406,2.2159,1.028160,1,0,68.3755,0,0,0,68.3755,0
61.8034,1.85599,0,0,6.4163,0.183673,0.36288,3.6288,57.5891,0.319991,0,0,1.76352,0.249198,0,0.66528,12.849,1,0.412662,0.36288,0,110.898,4.72458,106.123,0.84672,12.849,0.84672,3695.15,0,36.966,0.20975,3.40564,1.78668,7.1629,1.10911,11.0364,0.42336,36.966,0.42336,423.524,0,1.02816,0,0,4.4338,3.40564,1.028160,1,0,117.16,0,0,0,117.16,0
69.8898,1.7558,0,0,10.4389,0.233821,0.36288,3.6288,60.2223,0.413239,0,0,3.26373,0.21732,0,0.66528,12.849,1,0.365034,0.36288,0,163.054,4.15758,158.894,0.84672,12.849,0.84672,3695.15,0,36.966,0.265255,3.90808,1.62878,11.0971,1.09713,15.2716,0.42336,36.966,0.42336,423.524,0,1.02816,0,0,4.93624,3.90808,1.028160,1,0,174.166,0,0,0,174.166,0
72.29,1.79199,0,0,8.38806,0.249408,3.94649,3.6288,61.308,0.42064,0,0,4.26444,0.221024,2.53705,0.66528,12.849,1,0.32945,3.94649,0,164.09,4.15758,163.549,0.84672,12.849,0.84672,3695.15,0,36.966,0.2582,5.24759,1.71601,12.372,1.09713,17.9802,0.42336,36.966,0.42336,423.524,0,1.02816,0,0,6.27575,5.24759,1.028160,1,0,184.067,0,0,0,184.067,0
72.29,1.80178,0,0,10.0817,0.254034,8.02586,3.6288,61.308,0.423708,0,0,5.27688,0.222552,4.63062,0.66528,12.849,1,0.320253,8.02586,0,214.443,4.15758,217.991,0.84672,12.849,0.84672,3695.15,0,36.966,0.255477,5.87085,1.71638,15.6456,1.09713,21.8802,0.42336,36.966,0.42336,423.524,0,1.02816,0,0,6.89901,5.87085,1.028160,1,0,244.502,0,0,0,244.502,0
72.29,1.80229,0,0,8.44119,0.254034,6.38487,3.6288,61.308,0.423924,0,0,3.07511,0.222552,2.42863,0.66528,12.849,1,0.320343,6.38487,0,268.536,4.15758,270.443,0.84672,12.849,0.84672,3695.15,0,36.966,0.255608,3.87087,1.71676,12.6752,1.09713,16.9101,0.42336,36.966,0.42336,423.524,0,1.02816,0,0,4.89903,3.87087,1.028160,1,0,289.782,0,0,0,289.782,0
72.29,1.86731,0,0,4.15756,0.227371,2.06288,3.6288,61.308,0.452491,0,0,0.803018,0.188511,0.162016,0.66528,12.849,1,0.3319,2.06288,0,75.6607,3.12042,74.2712,0.84672,12.849,0.84672,3695.15,0,36.966,0.272832,0.483615,1.71714,6.28344,0.879079,7.33229,0.42336,36.966,0.42336,423.524,0,1.02816,0,0,1.51178,0.483615,1.028160,1,0,81.7655,0,0,0,81.7655,0
72.29,1.9011,0,0,7.36474,0.222927,5.24071,3.6288,61.308,0.428251,0,0,1.82977,0.182837,1.21868,0.66528,12.849,1,0.337907,5.24071,0,143.335,2.94756,145.29,0.84672,12.849,0.84672,3695.15,0,36.966,0.258216,1.45733,1.76687,11.5832,0.842737,13.7064,0.42336,36.966,0.42336,423.524,0,1.02816,0,0,2.48549,1.45733,1.028160,1,0,160.215,0,0,0,160.215,0
72.29,1.9019,0,0,7.04692,0.242897,4.90212,3.6288,61.308,0.428251,0,0,1.7301,0.192461,1.10939,0.66528,12.849,1,0.338049,4.90212,0,146.086,3.13047,147.52,0.84672,12.849,0.84672,3695.15,0,36.966,0.258216,2.11479,1.74431,10.4966,0.889671,13.2079,0.42336,36.966,0.42336,423.524,0,1.02816,0,0,3.14295,2.11479,1.028160,1,0,161.837,0,0,0,161.837,0
72.29,1.90271,0,0,9.53182,0.292822,7.33629,3.6288,61.308,0.428251,0,0,1.75382,0.216521,1.10905,0.66528,12.849,1,0.338192,7.33629,0,276.934,3.58775,280.344,0.84672,12.849,0.84672,3695.15,0,36.966,0.258216,3.00146,1.74449,13.5465,1.00701,17.0272,0.42336,36.966,0.42336,423.524,0,1.02816,0,0,4.02962,3.00146,1.028160,1,0,298.48,0,0,0,298.48,0
72.29,2.11088,0,0,5.80816,0.291413,3.40587,3.6288,61.308,0.534791,0,0,1.95265,0.201149,1.21671,0.66528,12.849,1,0.375194,3.40587,0,147.447,3.5908,146.887,0.84672,12.849,0.84672,3695.15,0,36.966,0.322455,2.76077,1.74466,10.5468,1.05679,13.673,0.42336,36.966,0.42336,423.524,0,1.02816,0,0,3.78893,2.76077,1.028160,1,0,161.776,0,0,0,161.776,0
72.29,2.25674,0,0,4.32785,0.281539,1.78956,3.6288,61.308,0.428276,0,0,1.76719,0.20835,1.13056,0.66528,12.849,1,0.401119,1.78956,0,167.696,4.21228,164.873,0.84672,12.849,0.84672,3695.15,0,36.966,0.258232,1.72679,1.92256,11.0796,1.17218,13.2985,0.42336,36.966,0.42336,423.524,0,1.02816,0,0,2.75495,1.72679,1.028160,1,0,179.302,0,0,0,179.302,0
72.29,2.25763,0,0,5.66499,0.277236,3.13012,3.6288,61.308,0.428276,0,0,2.26057,0.193575,1.63872,0.66528,12.849,1,0.401276,3.13012,0,144.78,4.12542,143.384,0.84672,12.849,0.84672,3695.15,0,36.966,0.258232,2.21021,1.82284,11.643,1.12134,14.2965,0.42336,36.966,0.42336,423.524,0,1.02816,0,0,3.23837,2.21021,1.028160,1,0,159.319,0,0,0,159.319,0
72.29,2.25852,0,0,8.39957,0.276794,5.86426,3.6288,61.308,0.428276,0,0,2.74103,0.183234,2.12952,0.66528,12.849,1,0.401434,5.86426,0,244.471,3.99189,245.941,0.84672,12.849,0.84672,3695.15,0,36.966,0.258232,3.17094,1.82303,19.2283,1.09316,22.8709,0.42336,36.966,0.42336,423.524,0,1.02816,0,0,4.1991,3.17094,1.028160,1,0,270.942,0,0,0,270.942,0
72.29,1.96334,0,0,5.03067,0.285045,2.78229,3.6288,61.308,0.285161,0,0,1.21721,0.20389,0.72816,0.66528,12.849,1,0.348968,2.78229,0,161.002,4.28029,159.155,0.84672,12.849,0.84672,3695.15,0,36.966,0.17194,1.34293,1.82323,8.0142,1.12002,9.88841,0.42336,36.966,0.42336,423.524,0,1.02816,0,0,2.37109,1.34293,1.028160,1,0,169.772,0,0,0,169.772,0
72.29,1.78337,0,0,6.32343,0.296047,4.24402,3.6288,61.308,0.417958,0,0,1.7092,0.231432,1.05981,0.66528,12.849,1,0.31698,4.24402,0,156.162,4.66484,155.424,0.84672,12.849,0.84672,3695.15,0,36.966,0.25201,2.49269,1.58084,10.1694,1.15582,12.8351,0.42336,36.966,0.42336,423.524,0,1.02816,0,0,3.52085,2.49269,1.028160,1,0,169.319,0,0,0,169.319,0
72.29,1.78385,0,0,5.21392,0.296047,3.13402,3.6288,61.308,0.418166,0,0,1.0042,0.231432,0.354603,0.66528,12.849,1,0.317066,3.13402,0,117.89,4.66484,116.042,0.84672,12.849,0.84672,3695.15,0,36.966,0.252135,1.56381,1.70558,7.30357,1.15582,9.16499,0.42336,36.966,0.42336,423.524,0,1.02816,0,0,2.59197,1.56381,1.028160,1,0,125.562,0,0,0,125.562,0
72.29,1.78434,0,0,4.72174,0.296047,2.64135,3.6288,61.308,0.418374,0,0,1.55167,0.231432,0.90186,0.66528,12.849,1,0.317153,2.64135,0,125.758,4.66484,123.417,0.84672,12.849,0.84672,3695.15,0,36.966,0.252261,3.37338,1.70594,12.3623,1.15582,16.0336,0.42336,36.966,0.42336,423.524,0,1.02816,0,0,4.40154,3.37338,1.028160,1,0,140.353,0,0,0,140.353,0
72.29,1.78483,0,0,4.89263,0.311243,2.79656,3.6288,61.308,0.418582,0,0,1.15332,0.19179,0.542947,0.66528,12.849,1,0.31724,2.79656,0,112.646,4.58901,110.536,0.84672,12.849,0.84672,3695.15,0,36.966,0.252386,2.30799,1.70631,11.3672,1.0646,14.0645,0.42336,36.966,0.42336,423.524,0,1.02816,0,0,3.33615,2.30799,1.028160,1,0,125.143,0,0,0,125.143,0
72.29,1.85993,0,0,4.83329,0.314834,2.65853,3.6288,61.308,0.453844,0,0,1.15389,0.203752,0.496293,0.66528,12.849,1,0.330588,2.65853,0,124.787,4.61811,122.496,0.84672,12.849,0.84672,3695.15,0,36.966,0.273647,3.48666,1.70667,7.38115,1.05208,11.2488,0.42336,36.966,0.42336,423.524,0,1.02816,0,0,4.51482,3.48666,1.028160,1,0,134.242,0,0,0,134.242,0
72.29,1.89556,0,0,5.62181,0.314834,3.41142,3.6288,61.308,0.428251,0,0,3.60743,0.203752,2.97543,0.66528,12.849,1,0.336922,3.41142,0,109.467,4.61811,107.923,0.84672,12.849,0.84672,3695.15,0,36.966,0.258216,7.63454,1.76692,16.3903,1.05208,24.4815,0.42336,36.966,0.42336,423.524,0,1.02816,0,0,8.6627,7.63454,1.028160,1,0,135.38,0,0,0,135.38,0
72.29,1.89636,0,0,4.14691,0.314834,1.93571,3.6288,61.308,0.428251,0,0,1.26484,0.203752,0.632832,0.66528,12.849,1,0.337064,1.93571,0,107.938,4.61811,104.918,0.84672,12.849,0.84672,3695.15,0,36.966,0.258216,4.05405,1.74309,7.90171,1.05208,12.3886,0.42336,36.966,0.42336,423.524,0,1.02816,0,0,5.08221,4.05405,1.028160,1,0,117.94,0,0,0,117.94,0
72.29,1.89716,0,0,6.19322,0.308414,3.98764,3.6288,61.308,0.428251,0,0,2.70915,0.211539,2.06936,0.66528,12.849,1,0.337207,3.98764,0,126.884,4.82517,125.71,0.84672,12.849,0.84672,3695.15,0,36.966,0.258216,6.48139,1.74327,14.1401,1.06717,21.0394,0.42336,36.966,0.42336,423.524,0,1.02816,0,0,7.50955,6.48139,1.028160,1,0,148.818,0,0,0,148.818,0
72.29,1.86876,0,0,3.68766,0.297405,1.52149,3.6288,61.308,0.414624,0,0,1.35856,0.181866,0.762073,0.66528,12.849,1,0.332159,1.52149,0,72.3272,4.24775,69.2688,0.84672,12.849,0.84672,3695.15,0,36.966,0.25,2.14889,1.74344,6.03514,1.03496,8.64252,0.42336,36.966,0.42336,423.524,0,1.02816,0,0,3.17705,2.14889,1.028160,1,0,78.6734,0,0,0,78.6734,0
72.29,1.85101,0,0,3.04163,0.253023,0.937591,3.6288,61.308,0.428248,0,0,1.12145,0.195488,0.49771,0.66528,12.849,1,0.329003,0.937591,0,57.3988,4.28941,53.718,0.84672,12.849,0.84672,3695.15,0,36.966,0.258214,1.11343,1.7203,4.6601,1.05689,6.17872,0.42336,36.966,0.42336,423.524,0,1.02816,0,0,2.14159,1.11343,1.028160,1,0,60.3944,0,0,0,60.3944,0
72.29,1.8518,0,0,2.93115,0.210888,0.868465,3.6288,61.308,0.428248,0,0,1.17312,0.215107,0.529767,0.66528,12.849,1,0.329144,0.868465,0,54.9713,4.4624,51.0482,0.84672,12.849,0.84672,3695.15,0,36.966,0.258215,1.20318,1.73325,4.9483,1.06722,6.5593,0.42336,36.966,0.42336,423.524,0,1.02816,0,0,2.23134,1.20318,1.028160,1,0,58.1373,0,0,0,58.1373,0
72.29,1.85259,0,0,2.71521,0.210888,0.651735,3.6288,61.308,0.428248,0,0,1.08886,0.215107,0.445501,0.66528,12.849,1,0.329284,0.651735,0,50.1594,4.4624,46.0195,0.84672,12.849,0.84672,3695.15,0,36.966,0.258215,1.06566,1.73343,4.85652,1.06722,6.33017,0.42336,36.966,0.42336,423.524,0,1.02816,0,0,2.09382,1.06566,1.028160,1,0,52.7952,0,0,0,52.7952,0
72.29,1.9526,0,0,2.83402,0.209123,0.672303,3.6288,61.308,0.47662,0,0,1.22447,0.224581,0.523268,0.66528,12.849,1,0.347059,0.672303,0,53.3571,4.459,49.2233,0.84672,12.849,0.84672,3695.15,0,36.966,0.287381,0.814285,1.7336,4.36234,1.0869,5.53595,0.42336,36.966,0.42336,423.524,0,1.02816,0,0,1.84245,0.814285,1.028160,1,0,55.2826,0,0,0,55.2826,0
72.29,2.01925,0,0,2.64294,0.20401,0.419683,3.6288,61.308,0.42826,0,0,1.0162,0.237792,0.350151,0.66528,12.849,1,0.358906,0.419683,0,53.3818,4.14147,49.3011,0.84672,12.849,0.84672,3695.15,0,36.966,0.258222,0.44058,1.81558,3.77621,1.14987,4.62428,0.42336,36.966,0.42336,423.524,0,1.02816,0,0,1.46874,0.44058,1.028160,1,0,54.2755,0,0,0,54.2755,0
72.0825,2.02008,0,0,2.32524,0.149798,0.36288,3.6288,61.308,0.42826,0,0,0.865884,0.236322,0.201302,0.66528,12.849,1,0.359054,0.36288,0,46.1016,4.10865,41.9967,0.84672,12.849,0.84672,3695.15,0,36.966,0.258222,0.440917,1.7704,3.47462,1.09803,4.32968,0.42336,36.966,0.42336,423.524,0,1.02816,0,0,1.46908,0.440917,1.028160,1,0,46.5277,0,0,0,46.5277,0
71.807,2.02003,0,0,2.25699,0.149563,0.36288,3.6288,61.308,0.42826,0,0,0.919555,0.236322,0.254973,0.66528,12.849,1,0.360079,0.36288,0,43.9417,4.10865,39.8359,0.84672,12.849,0.84672,3695.15,0,36.966,0.258222,0.42406,1.77058,3.69628,1.09803,4.53467,0.42336,36.966,0.42336,423.524,0,1.02816,0,0,1.45222,0.42406,1.028160,1,0,44.6255,0,0,0,44.6255,0
71.4164,2.01969,0,0,2.14121,0.149249,0.36288,3.6288,61.308,0.42826,0,0,0.893583,0.236322,0.229001,0.66528,12.849,1,0.361399,0.36288,0,41.2716,4.10865,37.1645,0.84672,12.849,0.84672,3695.15,0,36.966,0.258222,0.362232,1.77076,3.41741,1.09803,4.19416,0.42336,36.966,0.42336,423.524,0,1.02816,0,0,1.39039,0.362232,1.028160,1,0,41.5876,0,0,0,41.5876,0
71.3808,1.99924,0,0,2.41519,0.0886269,0.36288,3.6288,61.2921,0.454878,0,0,0.687796,0.248796,0,0.66528,12.849,1,0.359696,0.36288,0,39.0004,5.30838,33.6952,0.84672,12.849,0.84672,3695.15,0,36.966,0.274271,0.657953,1.77095,3.90961,1.28409,4.78015,0.42336,36.966,0.42336,423.524,0,1.02816,0,0,1.68611,0.657953,1.028160,1,0,38.4754,0,0,0,38.4754,0
71.1782,2.03607,0,0,2.2849,0.0886028,0.36288,3.6288,61.2679,0.428225,0,0,0.652726,0.248771,0,0.66528,12.849,1,0.366505,0.36288,0,39.1265,5.30838,33.8145,0.84672,12.849,0.84672,3695.15,0,36.966,0.258267,0.529667,1.79976,4.16134,1.28409,4.94841,0.42336,36.966,0.42336,423.524,0,1.02816,0,0,1.55783,0.529667,1.028160,1,0,38.7629,0,0,0,38.7629,0
70.7718,2.03602,0,0,2.08099,0.0884656,0.36288,3.6288,61.2338,0.428161,0,0,0.642799,0.248733,0,0.66528,12.849,1,0.367539,0.36288,0,38.2166,5.30838,32.9036,0.84672,12.849,0.84672,3695.15,0,36.966,0.258331,0.553323,1.77498,4.01402,1.28409,4.79991,0.42336,36.966,0.42336,423.524,0,1.02816,0,0,1.58148,0.553323,1.028160,1,0,37.7035,0,0,0,37.7035,0
70.1612,2.03506,0,0,1.8755,0.0881905,0.36288,3.6288,61.1556,0.428071,0,0,0.598592,0.24868,0,0.66528,12.849,1,0.369477,0.36288,0,35.4212,5.30838,30.1062,0.84672,12.849,0.84672,3695.15,0,36.966,0.258421,0.351959,1.77517,3.82188,1.28409,4.40649,0.42336,36.966,0.42336,423.524,0,1.02816,0,0,1.38012,0.351959,1.028160,1,0,34.5127,0,0,0,34.5127,0
69.6427,2.08372,0,0,1.9912,0.0630601,0.36288,3.6288,61.156,0.451588,0,0,0.745937,0.293947,0,0.66528,12.849,1,0.381604,0.36288,0,37.8499,5.90469,31.9265,0.84672,12.849,0.84672,3695.15,0,36.966,0.272966,0.374414,1.77535,3.5121,1.46143,3.92747,0.42336,36.966,0.42336,423.524,0,1.02816,0,0,1.40257,0.374414,1.028160,1,0,35.854,0,0,0,35.854,0
68.9804,2.1143,0,0,1.86736,0.0525065,0.36288,3.6288,61.0953,0.427872,0,0,0.675968,0.308813,0,0.66528,12.849,1,0.390086,0.36288,0,31.1487,6.10491,25.0166,0.84672,12.849,0.84672,3695.15,0,36.966,0.258629,0.454758,1.81615,3.32967,1.50428,3.83767,0.42336,36.966,0.42336,423.524,0,1.02816,0,0,1.48292,0.454758,1.028160,1,0,28.8542,0,0,0,28.8542,0
68.1989,2.112,0,0,1.74564,0.0522372,0.36288,3.6288,60.9843,0.427712,0,0,0.625424,0.308694,0,0.66528,12.849,1,0.393402,0.36288,0,29.6178,6.10491,23.4824,0.84672,12.849,0.84672,3695.15,0,36.966,0.258789,0.327154,1.79407,2.92164,1.50428,3.2798,0.42336,36.966,0.42336,423.524,0,1.02816,0,0,1.35531,0.327154,1.028160,1,0,26.7622,0,0,0,26.7622,0
67.3972,2.10905,0,0,1.72218,0.0519195,0.36288,3.6288,60.9251,0.427419,0,0,0.676663,0.308478,0,0.66528,12.849,1,0.397355,0.36288,0,27.4825,6.10491,21.3431,0.84672,12.849,0.84672,3695.15,0,36.966,0.259083,0.418496,1.79426,3.30406,1.50428,3.75345,0.42336,36.966,0.42336,423.524,0,1.02816,0,0,1.44666,0.418496,1.028160,1,0,25.0965,0,0,0,25.0965,0
66.5528,2.25316,0,0,1.80305,0.0314315,0.36288,3.6288,60.8261,0.512849,0,0,0.710104,0.296172,0,0.66528,12.849,1,0.429555,0.36288,0,27.5952,6.37438,21.1541,0.84672,12.849,0.84672,3695.15,0,36.966,0.311169,0.536207,1.79445,3.90233,1.57534,4.34647,0.42336,36.966,0.42336,423.524,0,1.02816,0,0,1.56437,0.536207,1.028160,1,0,25.5006,0,0,0,25.5006,0
65.0708,2.34756,0,0,1.24101,0.0125846,0.36288,3.6288,60.6361,0.439767,0,0,0.577111,0.327375,0,0.66528,12.849,1,0.453231,0.36288,0,22.6702,6.53373,16.0461,0.84672,12.849,0.84672,3695.15,0,36.966,0.26726,0.232416,1.93373,2.24808,1.59003,2.55694,0.42336,36.966,0.42336,423.524,0,1.02816,0,0,1.26058,0.232416,1.028160,1,0,18.603,0,0,0,18.603,0
63.5707,2.3395,0,0,1.21471,0.0124366,0.36288,3.6288,60.3826,0.466106,0,0,0.539587,0.326981,0,0.66528,12.849,1,0.461961,0.36288,0,20.6873,6.53373,14.0545,0.84672,12.849,0.84672,3695.15,0,36.966,0.284155,0.204422,1.86547,2.25636,1.59003,2.45208,0.42336,36.966,0.42336,423.524,0,0.98534,0,0,1.18976,0.204422,1.028160,1,0,16.5065,0,0,0,16.5065,0
62.6293,2.33099,0,0,1.76477,0.0122869,0.36288,3.6288,60.2371,0.439063,0,0,0.619992,0.326455,0,0.66528,12.849,1,0.471142,0.36288,0,23.5615,6.53373,16.9195,0.84672,12.849,0.84672,3695.15,0,36.966,0.268793,0.373084,1.86592,2.50169,1.59003,2.88187,0.42336,36.966,0.42336,423.524,0,1.02816,0,0,1.40124,0.373084,1.028160,1,0,19.8014,0,0,0,19.8014,0
62.4437,2.32567,0,0,2.5436,0.0406512,0.36288,3.6288,60.302,0.438918,0,0,0.820662,0.316838,0,0.66528,12.849,1,0.477132,0.36288,0,38.4416,6.40232,31.925,0.84672,12.849,0.84672,3695.15,0,36.966,0.269353,0.490787,1.86637,2.78513,1.56351,3.30942,0.42336,36.966,0.42336,423.524,0,1.02816,0,0,1.51895,0.490787,1.028160,1,0,35.2345,0,0,0,35.2345,0
61.5824,2.25411,0,0,1.75122,-0.00440008,0.36288,3.6288,60.1704,0.387547,0,0,0.536828,0.280925,0,0.66528,12.849,1,0.463826,0.36288,0,37.5659,5.61955,31.8454,0.84672,12.849,0.84672,3695.15,0,36.966,0.237572,0.392532,1.86681,2.6627,1.46875,3.21572,0.42336,36.966,0.42336,423.524,0,1.02816,0,0,1.42069,0.392532,1.028160,1,0,35.0611,0,0,0,35.0611,0
62.2212,2.1988,0,0,3.19061,-0.00992953,0.36288,3.6288,60.3385,0.425256,0,0,0.868822,0.275461,0,0.66528,12.849,1,0.458775,0.36288,0,46.0031,5.45727,40.4499,0.84672,12.849,0.84672,3695.15,0,36.966,0.261259,1.64672,1.78666,4.79246,1.45339,6.5112,0.42336,36.966,0.42336,423.524,0,1.02816,0,0,2.67488,1.64672,1.028160,1,0,46.9611,0,0,0,46.9611,0
61.0954,2.20357,0,0,1.43066,-0.00998192,0.36288,3.6288,60.1299,0.425708,0,0,0.492912,0.275756,0,0.66528,12.849,1,0.45505,0.36288,0,34.9783,5.45727,29.4288,0.84672,12.849,0.84672,3695.15,0,36.966,0.260807,0.339163,1.82279,2.4642,1.45339,2.91195,0.42336,36.966,0.42336,423.524,0,1.02816,0,0,1.36732,0.339163,1.028160,1,0,32.3408,0,0,0,32.3408,0
60.3125,2.19751,0,0,1.79182,0.0142884,0.36288,3.6288,60.0557,0.425148,0,0,0.623736,0.272809,0,0.66528,12.849,1,0.462159,0.36288,0,33.3709,5.2768,27.9948,0.84672,12.849,0.84672,3695.15,0,36.966,0.261368,0.400663,1.82298,3.01469,1.42623,3.55074,0.42336,36.966,0.42336,423.524,0,1.02816,0,0,1.42882,0.400663,1.028160,1,0,31.5455,0,0,0,31.5455,0
62.1582,2.13549,0,0,4.45115,0.107116,0.36288,3.6288,60.3009,0.377818,0,0,0.8841,0.261047,0,0.66528,12.849,1,0.454946,0.36288,0,38.1745,4.52621,33.5562,0.84672,12.849,0.84672,3695.15,0,36.966,0.232558,2.15838,1.82318,6.07133,1.24716,8.57317,0.42336,36.966,0.42336,423.524,0,1.02816,0,0,3.18654,2.15838,1.028160,1,0,42.1294,0,0,0,42.1294,0
61.8159,2.08444,0,0,2.22636,0.121337,0.36288,3.6288,60.2776,0.425596,0,0,0.618449,0.216143,0,0.66528,12.849,1,0.430884,0.36288,0,48.7649,4.1644,44.5325,0.84672,12.849,0.84672,3695.15,0,36.966,0.260901,0.499504,1.75138,4.47893,1.19744,5.27147,0.42336,36.966,0.42336,423.524,0,1.02816,0,0,1.52766,0.499504,1.028160,1,0,49.804,0,0,0,49.804,0
61.4474,2.0833,0,0,2.19866,0.120996,0.36288,3.6288,60.2778,0.425534,0,0,0.641825,0.216111,0,0.66528,12.849,1,0.433033,0.36288,0,38.4277,4.1644,34.1931,0.84672,12.849,0.84672,3695.15,0,36.966,0.260964,0.80562,1.79612,5.32672,1.19744,6.47004,0.42336,36.966,0.42336,423.524,0,1.02816,0,0,1.83378,0.80562,1.028160,1,0,40.6632,0,0,0,40.6632,0
61.3768,2.08199,0,0,2.52833,0.154079,0.36288,3.6288,60.5789,0.425534,0,0,0.953418,0.226801,0,0.66528,12.849,1,0.435356,0.36288,0,64.4956,3.33511,61.088,0.84672,12.849,0.84672,3695.15,0,36.966,0.260963,0.923106,1.79631,5.24365,1.02105,6.68104,0.42336,36.966,0.42336,423.524,0,1.02816,0,0,1.95127,0.923106,1.028160,1,0,67.7691,0,0,0,67.7691,0
63.7819,1.91721,0,0,4.84578,0.160579,0.36288,3.6288,60.7665,0.327763,0,0,0.739155,0.223824,0,0.66528,12.849,1,0.401361,0.36288,0,77.0472,3.39852,73.6102,0.84672,12.849,0.84672,3695.15,0,36.966,0.200005,1.70949,1.7965,7.41836,1.01558,9.70876,0.42336,36.966,0.42336,423.524,0,1.02816,0,0,2.73765,1.70949,1.028160,1,0,83.319,0,0,0,83.319,0
65.5605,1.7985,0,0,4.14405,0.204097,0.36288,3.6288,61.0784,0.426816,0,0,0.942382,0.203594,0,0.66528,12.849,1,0.362311,0.36288,0,75.1021,3.77895,71.3237,0.84672,12.849,0.84672,3695.15,0,36.966,0.259644,2.45867,1.63661,6.06641,0.982745,8.9193,0.42336,36.966,0.42336,423.524,0,1.02816,0,0,3.48683,2.45867,1.028160,1,0,80.243,0,0,0,80.243,0
67.0098,1.80749,0,0,3.82674,0.207041,0.36288,3.6288,61.308,0.427642,0,0,0.894871,0.203997,0.0336655,0.66528,12.849,1,0.354245,0.36288,0,57.1603,3.77895,53.39,0.84672,12.849,0.84672,3695.15,0,36.966,0.258818,2.24628,1.72965,5.818,0.982745,8.55237,0.42336,36.966,0.42336,423.524,0,1.02816,0,0,3.27444,2.24628,1.028160,1,0,61.9761,0,0,0,61.9761,0
69.4838,1.8147,0,0,4.86057,0.20899,0.36288,3.6288,61.308,0.428246,0,0,0.865624,0.20968,0.227698,0.66528,12.849,1,0.347965,0.36288,0,64.355,3.94432,60.4256,0.84672,12.849,0.84672,3695.15,0,36.966,0.258214,2.31801,1.72982,5.74029,1.03408,8.49583,0.42336,36.966,0.42336,423.524,0,1.02816,0,0,3.34617,2.31801,1.028160,1,0,69.1492,0,0,0,69.1492,0
72.29,1.82593,0,0,5.36569,0.21032,0.523227,3.6288,61.308,0.428246,0,0,0.871517,0.242,0.201271,0.66528,12.849,1,0.337653,0.523227,0,66.0614,4.93658,61.3104,0.84672,12.849,0.84672,3695.15,0,36.966,0.258214,2.76634,1.73,6.12477,1.34212,9.02077,0.42336,36.966,0.42336,423.524,0,1.02816,0,0,3.7945,2.76634,1.028160,1,0,70.5324,0,0,0,70.5324,0
72.29,1.90317,0,0,6.65587,0.262033,4.49066,3.6288,61.308,0.456951,0,0,1.54095,0.219856,0.864145,0.66528,12.849,1,0.338274,4.49066,0,134.914,4.23195,134.835,0.84672,12.849,0.84672,3695.15,0,36.966,0.275521,2.80464,1.73017,9.74419,1.00271,13.0008,0.42336,36.966,0.42336,423.524,0,1.02816,0,0,3.8328,2.80464,1.028160,1,0,148.7,0,0,0,148.7,0
72.29,1.94302,0,0,8.21341,0.280889,5.9895,3.6288,61.308,0.428246,0,0,1.5328,0.210999,0.893551,0.66528,12.849,1,0.345358,5.9895,0,102.923,3.9501,104.617,0.84672,12.849,0.84672,3695.15,0,36.966,0.258213,2.18456,1.78031,7.70973,0.866946,10.5494,0.42336,36.966,0.42336,423.524,0,1.02816,0,0,3.21272,2.18456,1.028160,1,0,116.06,0,0,0,116.06,0
72.29,1.94381,0,0,6.46875,0.280889,4.24405,3.6288,61.308,0.428246,0,0,1.44713,0.210999,0.807886,0.66528,12.849,1,0.345497,4.24405,0,98.5392,3.9501,98.4877,0.84672,12.849,0.84672,3695.15,0,36.966,0.258213,1.41033,1.75356,6.74684,0.866946,8.78557,0.42336,36.966,0.42336,423.524,0,1.02816,0,0,2.43849,1.41033,1.028160,1,0,108.081,0,0,0,108.081,0
72.29,1.94459,0,0,4.21197,0.280889,1.98648,3.6288,61.308,0.428246,0,0,1.04988,0.210999,0.410636,0.66528,12.849,1,0.345637,1.98648,0,53.3195,3.9501,51.0103,0.84672,12.849,0.84672,3695.15,0,36.966,0.258213,0.995121,1.75373,5.34054,0.866946,6.96423,0.42336,36.966,0.42336,423.524,0,1.02816,0,0,2.02328,0.995121,1.028160,1,0,58.3851,0,0,0,58.3851,0
72.29,2.15534,0,0,3.45652,0.324803,0.976376,3.6288,61.308,0.536114,0,0,0.967127,0.201622,0.22939,0.66528,12.849,1,0.383095,0.976376,0,54.7432,3.69747,51.639,0.84672,12.849,0.84672,3695.15,0,36.966,0.323253,0.903623,1.7539,5.39146,0.943802,6.78193,0.42336,36.966,0.42336,423.524,0,1.02816,0,0,1.93178,0.903623,1.028160,1,0,58.6503,0,0,0,58.6503,0
72.29,2.30299,0,0,3.18238,0.354336,0.525057,3.6288,61.308,0.428271,0,0,0.885565,0.169064,0.28823,0.66528,12.849,1,0.409338,0.525057,0,48.2395,3.83805,44.5171,0.84672,12.849,0.84672,3695.15,0,36.966,0.258229,0.932023,1.93401,6.78655,1.02753,8.36681,0.42336,36.966,0.42336,423.524,0,1.02816,0,0,1.96018,0.932023,1.028160,1,0,53.1722,0,0,0,53.1722,0
72.29,2.30386,0,0,3.69225,0.360537,1.02786,3.6288,61.308,0.428271,0,0,0.992598,0.169806,0.39452,0.66528,12.849,1,0.409493,1.02786,0,59.4805,3.97047,56.1284,0.84672,12.849,0.84672,3695.15,0,36.966,0.258229,1.56313,1.83304,7.76727,1.08069,9.82452,0.42336,36.966,0.42336,423.524,0,1.02816,0,0,2.59129,1.56313,1.028160,1,0,66.3475,0,0,0,66.3475,0
72.29,2.30472,0,0,4.76941,0.360537,2.10415,3.6288,61.308,0.428271,0,0,0.976363,0.169806,0.378286,0.66528,12.849,1,0.409647,2.10415,0,87.1335,3.97047,84.8576,0.84672,12.849,0.84672,3695.15,0,36.966,0.258229,1.75749,1.83323,8.56362,1.08069,10.8154,0.42336,36.966,0.42336,423.524,0,1.02816,0,0,2.78565,1.75749,1.028160,1,0,96.0513,0,0,0,96.0513,0
72.29,2.00585,0,0,3.78976,0.351966,1.43195,3.6288,61.308,0.283377,0,0,1.34667,0.154858,0.908438,0.66528,12.849,1,0.356524,1.43195,0,65.4448,3.8061,62.7141,0.84672,12.849,0.84672,3695.15,0,36.966,0.170864,1.45133,1.83342,9.19659,1.03341,11.2771,0.42336,36.966,0.42336,423.524,0,1.02816,0,0,2.47949,1.45133,1.028160,1,0,74.8996,0,0,0,74.8996,0
72.29,1.80944,0,0,6.69972,0.330537,4.55975,3.6288,61.308,0.428238,0,0,3.81737,0.117489,3.27164,0.66528,12.849,1,0.321614,4.55975,0,106.448,3.39518,107.291,0.84672,12.849,0.84672,3695.15,0,36.966,0.258208,5.50805,1.58801,16.7343,0.9152,22.657,0.42336,36.966,0.42336,423.524,0,1.02816,0,0,6.53621,5.50805,1.028160,1,0,133.22,0,0,0,133.22,0
72.29,1.8102,0,0,6.27995,0.330537,4.13922,3.6288,61.308,0.428238,0,0,2.8553,0.117489,2.30957,0.66528,12.849,1,0.321748,4.13922,0,84.9027,3.39518,85.325,0.84672,12.849,0.84672,3695.15,0,36.966,0.258209,3.91939,1.72406,13.7501,0.9152,18.2202,0.42336,36.966,0.42336,423.524,0,1.02816,0,0,4.94755,3.91939,1.028160,1,0,105.855,0,0,0,105.855,0
72.29,1.81095,0,0,4.96708,0.330537,2.8256,3.6288,61.308,0.428238,0,0,2.09376,0.117489,1.54803,0.66528,12.849,1,0.321883,2.8256,0,90.2267,3.39518,89.3352,0.84672,12.849,0.84672,3695.15,0,36.966,0.258209,2.42861,1.72423,10.4624,0.9152,13.4419,0.42336,36.966,0.42336,423.524,0,1.02816,0,0,3.45677,2.42861,1.028160,1,0,104.325,0,0,0,104.325,0
72.29,1.81171,0,0,3.42357,0.307881,1.30399,3.6288,61.308,0.428238,0,0,1.43484,0.105456,0.90115,0.66528,12.849,1,0.322017,1.30399,0,72.576,3.22078,70.3372,0.84672,12.849,0.84672,3695.15,0,36.966,0.258209,1.84263,1.7244,9.34692,0.890149,11.7656,0.42336,36.966,0.42336,423.524,0,1.02816,0,0,2.87079,1.84263,1.028160,1,0,83.0039,0,0,0,83.0039,0
72.29,1.888,0,0,4.92905,0.316066,2.72499,3.6288,61.308,0.463726,0,0,0.975188,0.16399,0.347472,0.66528,12.849,1,0.335577,2.72499,0,85.8064,3.49692,84.6989,0.84672,12.849,0.84672,3695.15,0,36.966,0.279606,1.72423,1.72456,10.1028,1.042,12.2299,0.42336,36.966,0.42336,423.524,0,1.02816,0,0,2.75239,1.72423,1.028160,1,0,97.2763,0,0,0,97.2763,0
72.29,1.93707,0,0,5.64476,0.325168,3.38252,3.6288,61.308,0.428246,0,0,1.56321,0.16618,0.968783,0.66528,12.849,1,0.3443,3.38252,0,87.1258,3.59741,86.5666,0.84672,12.849,0.84672,3695.15,0,36.966,0.258214,1.74997,1.78535,9.29189,1.02858,11.5404,0.42336,36.966,0.42336,423.524,0,1.02816,0,0,2.77813,1.74997,1.028160,1,0,99.0758,0,0,0,99.0758,0
72.29,1.93786,0,0,4.90476,0.325168,2.64174,3.6288,61.308,0.428246,0,0,1.95579,0.16618,1.36137,0.66528,12.849,1,0.344439,2.64174,0,96.0846,3.59741,94.7845,0.84672,12.849,0.84672,3695.15,0,36.966,0.258214,2.70786,1.75224,13.4545,1.02858,16.6278,0.42336,36.966,0.42336,423.524,0,1.02816,0,0,3.73602,2.70786,1.028160,1,0,112.774,0,0,0,112.774,0
72.29,1.93864,0,0,3.82517,0.325168,1.56136,3.6288,61.308,0.428247,0,0,1.54861,0.16618,0.954181,0.66528,12.849,1,0.344578,1.56136,0,110.131,3.59741,107.75,0.84672,12.849,0.84672,3695.15,0,36.966,0.258214,2.74819,1.75242,9.23115,1.02858,12.445,0.42336,36.966,0.42336,423.524,0,1.02816,0,0,3.77635,2.74819,1.028160,1,0,121.149,0,0,0,121.149,0
72.29,1.90986,0,0,3.27515,0.265322,1.09996,3.6288,61.308,0.414451,0,0,0.894724,0.159634,0.320639,0.66528,12.849,1,0.339463,1.09996,0,67.0607,3.18912,64.6321,0.84672,12.849,0.84672,3695.15,0,36.966,0.249895,1.44765,1.75259,8.09476,0.980121,10.065,0.42336,36.966,0.42336,423.524,0,1.02816,0,0,2.47581,1.44765,1.028160,1,0,75.0177,0,0,0,75.0177,0
72.29,1.89186,0,0,3.28539,0.235616,1.15791,3.6288,61.308,0.428244,0,0,0.692686,0.196201,0.068242,0.66528,12.849,1,0.336264,1.15791,0,55.956,4.01604,52.7616,0.84672,12.849,0.84672,3695.15,0,36.966,0.258212,0.986541,1.72915,7.28162,1.10229,8.63681,0.42336,36.966,0.42336,423.524,0,1.02816,0,0,2.0147,0.986541,1.028160,1,0,61.4667,0,0,0,61.4667,0
72.29,1.89264,0,0,5.18152,0.228005,3.06088,3.6288,61.308,0.428244,0,0,0.885211,0.197986,0.258982,0.66528,12.849,1,0.336402,3.06088,0,73.4231,4.07022,72.0774,0.84672,12.849,0.84672,3695.15,0,36.966,0.258212,1.46221,1.74226,7.21233,1.09226,9.06632,0.42336,36.966,0.42336,423.524,0,1.02816,0,0,2.49037,1.46221,1.028160,1,0,81.4027,0,0,0,81.4027,0
72.29,1.89341,0,0,3.18292,0.182338,1.10717,3.6288,61.308,0.428244,0,0,0.704644,0.208696,0.0677042,0.66528,12.849,1,0.336539,1.10717,0,55.3777,4.3953,51.7531,0.84672,12.849,0.84672,3695.15,0,36.966,0.258212,0.954219,1.74243,6.33709,1.03209,7.74345,0.42336,36.966,0.42336,423.524,0,1.02816,0,0,1.98238,0.954219,1.028160,1,0,59.5642,0,0,0,59.5642,0
72.29,1.99462,0,0,2.83213,0.181864,0.655645,3.6288,61.2287,0.477212,0,0,0.609918,0.211962,0,0.66528,12.849,1,0.354529,0.655645,0,47.5954,4.44822,43.4483,0.84672,12.849,0.84672,3695.15,0,36.966,0.287738,0.72538,1.7426,5.54682,1.03797,6.6891,0.42336,36.966,0.42336,423.524,0,1.02816,0,0,1.75354,0.72538,1.028160,1,0,50.1374,0,0,0,50.1374,0
72.29,2.06207,0,0,3.19972,0.17855,0.959102,3.6288,61.2153,0.428047,0,0,0.639045,0.22446,0,0.66528,12.849,1,0.366517,0.959102,0,46.945,4.5597,42.9779,0.84672,12.849,0.84672,3695.15,0,36.966,0.258427,0.691943,1.82559,5.13159,1.08243,6.30826,0.42336,36.966,0.42336,423.524,0,1.02816,0,0,1.7201,0.691943,1.028160,1,0,49.2862,0,0,0,49.2862,0
72.29,2.06288,0,0,2.80392,0.131715,0.609324,3.6288,61.0782,0.428011,0,0,0.508627,0.217699,0,0.66528,12.849,1,0.366662,0.609324,0,40.6373,4.36968,36.5103,0.84672,12.849,0.84672,3695.15,0,36.966,0.258463,0.662463,1.77984,4.68869,1.04521,5.82732,0.42336,36.966,0.42336,423.524,0,1.02816,0,0,1.69062,0.662463,1.028160,1,0,42.3376,0,0,0,42.3376,0
72.29,2.0637,0,0,2.68328,0.124104,0.495482,3.6288,60.966,0.42765,0,0,0.534788,0.219292,0,0.66528,12.849,1,0.366806,0.495482,0,38.1815,4.42386,33.8864,0.84672,12.849,0.84672,3695.15,0,36.966,0.258824,0.652985,1.78002,4.88466,1.03518,6.02366,0.42336,36.966,0.42336,423.524,0,1.02816,0,0,1.68115,0.652985,1.028160,1,0,39.91,0,0,0,39.91,0
72.29,2.06451,0,0,2.56338,0.124104,0.374762,3.6288,60.8566,0.427353,0,0,0.537049,0.219137,0,0.66528,12.849,1,0.366951,0.374762,0,35.8736,4.42386,31.4576,0.84672,12.849,0.84672,3695.15,0,36.966,0.25912,0.578923,1.7802,4.69694,1.03518,5.76176,0.42336,36.966,0.42336,423.524,0,1.02816,0,0,1.60708,0.578923,1.028160,1,0,37.2193,0,0,0,37.2193,0
71.4417,2.04544,0,0,1.66298,0.102969,0.36288,3.6288,60.4673,0.628569,0,0,0.489776,0.250489,0,0.66528,12.849,1,0.363561,0.36288,0,26.59,4.55553,22.0338,0.84672,12.849,0.84672,3695.15,0,36.966,0.38181,0.30119,1.78038,2.53898,1.06639,3.17235,0.42336,36.966,0.42336,423.524,0,0.747446,0,0,1.04864,0.30119,1.028160,1,0,25.2062,0,0,0,25.2062,0
70.4233,2.07919,0,0,1.52254,0.0988067,0.36288,3.6288,60.0485,0.63069,0,0,0.466995,0.255108,0,0.66528,12.849,1,0.373949,0.36288,0,23.9476,4.57748,19.359,0.84672,12.849,0.84672,3695.15,0,36.966,0.385565,0.261274,1.80954,2.34548,1.07159,2.95914,0.42336,36.966,0.42336,423.524,0,0.698388,0,0,0.959662,0.261274,1.028160,1,0,22.3182,0,0,0,22.3182,0
69.3498,2.07544,0,0,1.44866,0.0838904,0.36288,3.6288,59.5897,0.637117,0,0,0.455884,0.277561,0,0.66528,12.849,1,0.378671,0.36288,0,22.5722,4.90323,17.6532,0.84672,12.849,0.84672,3695.15,0,36.966,0.392211,0.261274,1.78445,2.28003,1.18184,2.7517,0.42336,36.966,0.42336,423.524,0,0.685316,0,0,0.94659,0.261274,1.028160,1,0,20.4049,0,0,0,20.4049,0
68.1043,2.0713,0,0,1.25354,0.0648918,0.36288,3.6288,59.0408,0.67564,0,0,0.428939,0.3022,0,0.66528,12.849,1,0.383767,0.36288,0,21.0582,5.60877,15.4285,0.84672,12.849,0.84672,3695.15,0,36.966,0.419128,0.261274,1.78463,2.27717,1.42943,2.47452,0.42336,36.966,0.42336,423.524,0,0.619877,0,0,0.88115,0.261274,1.028160,1,0,17.903,0,0,0,17.903,0
66.7198,2.11714,0,0,1.1622,0.0666525,0.36288,3.6288,58.3634,0.756878,0,0,0.386425,0.306925,0,0.66528,12.849,1,0.399433,0.36288,0,18.8595,5.85875,12.9642,0.84672,12.849,0.84672,3695.15,0,36.966,0.42336,0.261274,1.78481,2.04663,1.5059,2.16346,0.42336,36.966,0.42336,423.524,0,0.572936,0,0,0.834209,0.261274,1.028160,1,0,15.1276,0,0,0,15.1276,0
65.2001,2.14331,0,0,1.05515,0.0686845,0.36288,3.6288,57.5785,0.811989,0,0,0.345567,0.318531,0,0.66528,12.849,1,0.412763,0.36288,0,16.906,5.92084,10.9352,0.84672,12.849,0.84672,3695.15,0,36.966,0.42336,0.261274,1.82611,1.81751,1.50726,1.97427,0.42336,36.966,0.42336,423.524,0,0.479304,0,0,0.740578,0.261274,1.028160,1,0,12.9095,0,0,0,12.9095,0
63.5823,2.1361,0,0,0.949095,0.0678576,0.36288,3.6288,56.7839,0.801777,0,0,0.324136,0.31692,0,0.66528,12.849,1,0.420962,0.36288,0,15.9331,5.92084,9.95418,0.84672,12.849,0.84672,3695.15,0,36.966,0.42336,0.227405,1.80375,1.85543,1.50726,1.95596,0.42336,36.966,0.42336,423.524,0,0.489516,0,0,0.716921,0.227405,1.028160,1,0,11.9101,0,0,0,11.9101,0
61.8882,2.12801,0,0,0.863715,0.0669773,0.36288,3.6288,55.9101,0.869489,0,0,0.310957,0.31529,0,0.66528,12.849,1,0.430038,0.36288,0,14.9653,5.92084,8.97734,0.84672,12.849,0.84672,3695.15,0,36.966,0.42336,0.227405,1.80394,1.72495,1.50726,1.82567,0.42336,36.966,0.42336,423.524,0,0.421805,0,0,0.64921,0.227405,1.028160,1,0,10.803,0,0,0,10.803,0
59.9549,2.26602,0,0,0.747386,0.0517302,0.36288,3.6288,54.8836,1.01581,0,0,0.309653,0.320322,0,0.66528,12.849,1,0.470463,0.36288,0,14.2785,6.16266,8.00822,0.84672,12.849,0.84672,3695.15,0,36.966,0.42336,0.227405,1.80412,1.74798,1.53731,1.81883,0.42336,36.966,0.42336,423.524,0,0.414677,0,0,0.642082,0.227405,1.028160,1,0,9.82705,0,0,0,9.82705,0
57.9601,2.33466,0,0,0.773029,0.0703476,0.36288,3.6288,53.7163,1.07539,0,0,0.242177,0.334067,0,0.66528,12.849,1,0.500344,0.36288,0,11.1891,6.13599,4.9156,0.84672,12.849,0.84672,3695.15,0,36.966,0.42336,0.227405,1.9451,1.47718,1.54191,1.68442,0.42336,36.966,0.42336,423.524,0,0.257636,0,0,0.485041,0.227405,1.028160,1,0,6.60003,0,0,0,6.60003,0
56.0554,2.32111,0,0,0.84837,0.0690049,0.36288,3.6288,52.7487,0.935238,0,0,0.299051,0.331448,0,0.66528,12.849,1,0.514559,0.36288,0,14.39,6.13599,8.10234,0.84672,12.849,0.84672,3695.15,0,36.966,0.42336,0.204422,1.88827,1.61142,1.54191,1.73884,0.42336,36.966,0.42336,423.524,0,0.398195,0,0,0.602618,0.204422,1.028160,1,0,9.84118,0,0,0,9.84118,0
53.999,2.30742,0,0,0.68154,0.067723,0.36288,3.6288,51.5162,1.1199,0,0,0.216301,0.328897,0,0.66528,12.849,1,0.528905,0.36288,0,14.0613,6.13599,7.75924,0.84672,12.849,0.84672,3695.15,0,36.966,0.42336,0.204422,1.8887,1.29361,1.54191,1.42146,0.42336,36.966,0.42336,423.524,0,0.213943,0,0,0.418365,0.204422,1.028160,1,0,9.1807,0,0,0,9.1807,0
52.1269,2.29167,0,0,0.848794,0.0663389,0.36288,3.6288,50.813,0.747282,0,0,0.369701,0.325648,0,0.66528,12.849,1,0.545302,0.36288,0,12.8422,6.13599,6.52382,0.84672,12.849,0.84672,3695.15,0,36.966,0.42336,0.204422,1.88914,2.00017,1.54191,2.12846,0.42336,36.966,0.42336,423.524,0,0.586964,0,0,0.791386,0.204422,1.028160,1,0,8.65229,0,0,0,8.65229,0
50.0871,2.20703,0,0,0.587707,0.0575953,0.36288,3.6288,49.7515,0.941097,0,0,0.219233,0.339666,0,0.66528,12.849,1,0.544022,0.36288,0,10.1044,5.8457,4.07756,0.84672,12.849,0.84672,3695.15,0,36.966,0.42336,0.204422,1.88958,1.2445,1.47133,1.4438,0.42336,36.966,0.42336,423.524,0,0.308969,0,0,0.513391,0.204422,1.028160,1,0,5.52136,0,0,0,5.52136,0
48.0402,2.15739,0,0,0.56632,0.0928818,0.36288,3.6288,48.5773,1.04778,0,0,0.193759,0.320116,0,0.66528,12.3044,1,0.553443,0.36288,0,7.90102,5.71228,3.20544,0.84672,12.3044,0.84672,3694.49,0,36.966,0.42336,0.216518,1.80844,0.854176,1.44901,1.00676,0.42336,36.966,0.42336,423.524,0,0.243525,0,0,0.460044,0.216518,1.028160,1,0,4.2122,0,0,0,4.2122,0
46.261,2.1589,0,0,0.849364,0.106859,0.36288,3.6288,47.5605,0.935406,0,0,0.223001,0.304428,0,0.66528,12.2667,1,0.552953,0.36288,0,9.62237,5.60186,3.20544,0.84672,12.2667,0.84672,3695.15,0,36.966,0.42336,0.216518,1.83276,0.908548,1.41108,1.12339,0.42336,36.966,0.42336,423.524,0,0.355901,0,0,0.572419,0.216518,1.028160,1,0,4.32883,0,0,0,4.32883,0
44.7958,2.14429,0,0,1.14677,0.104785,0.36288,3.6288,47.0419,0.57709,0,0,0.360362,0.301861,0,0.66528,12.849,1,0.568589,0.36288,0,19.2018,5.60186,12.812,0.84672,12.849,0.84672,3695.15,0,36.966,0.42336,0.216518,1.83295,1.43117,1.41108,1.6462,0.42336,36.966,0.42336,423.524,0,0.714217,0,0,0.930735,0.216518,1.028160,1,0,14.4582,0,0,0,14.4582,0
43.1747,2.0537,0,0,0.934312,0.138784,0.36288,3.6288,46.3953,0.669214,0,0,0.300777,0.278202,0,0.66528,12.849,1,0.589073,0.36288,0,20.324,5.37078,14.727,0.84672,12.849,0.84672,3695.15,0,36.966,0.42336,0.216518,1.83315,0.992917,1.37414,1.24508,0.42336,36.966,0.42336,423.524,0,0.545028,0,0,0.761546,0.216518,1.028160,1,0,15.9721,0,0,0,15.9721,0
41.3906,1.97804,0,0,0.732879,0.176102,0.36288,3.6288,45.7116,0.727201,0,0,0.282406,0.238848,0,0.66528,12.849,1,0.588674,0.36288,0,15.7538,4.83861,10.6894,0.84672,12.849,0.84672,3695.15,0,36.966,0.42336,0.216518,1.76047,0.92759,1.26135,1.21987,0.42336,36.966,0.42336,423.524,0,0.564088,0,0,0.780607,0.216518,1.028160,1,0,11.9093,0,0,0,11.9093,0
40.0387,1.95943,0,0,1.14295,0.172483,0.36288,3.6288,45.3945,0.498547,0,0,0.418736,0.23734,0,0.66528,12.849,1,0.608272,0.36288,0,26.8492,4.83861,21.7652,0.84672,12.849,0.84672,3695.15,0,36.966,0.403165,0.292723,1.80574,1.95816,1.26135,2.39211,0.42336,36.966,0.42336,423.524,0,0.812938,0,0,1.10566,0.292723,1.028160,1,0,24.1573,0,0,0,24.1573,0
39.5777,1.94463,0,0,2.0521,0.205584,0.36288,3.6288,45.4743,0.389481,0,0,0.693062,0.223735,0,0.66528,12.849,1,0.62406,0.36288,0,36.5197,4.40967,31.8489,0.84672,12.849,0.84672,3695.15,0,36.966,0.317166,0.292723,1.80593,2.80259,1.19905,3.38502,0.42336,36.966,0.42336,423.524,0,1.008,0,0,1.30073,0.292723,1.028160,1,0,35.2339,0,0,0,35.2339,0
39.6334,1.78724,0,0,2.41623,0.210418,0.36288,3.6288,45.5916,0.290053,0,0,0.629113,0.221749,0,0.66528,12.849,1,0.580233,0.36288,0,37.0914,4.33818,32.5359,0.84672,12.849,0.84672,3695.15,0,36.966,0.235784,0.525986,1.80611,1.90152,1.18867,2.80916,0.42336,36.966,0.42336,423.524,0,1.02816,0,0,1.55415,0.525986,1.028160,1,0,35.3451,0,0,0,35.3451,0
38.984,1.66725,0,0,1.60305,0.222337,0.36288,3.6288,45.2579,0.379087,0,0,0.236455,0.191113,0,0.66528,12.849,1,0.540516,0.36288,0,19.1644,4.03456,14.9522,0.84672,12.849,0.84672,3695.15,0,36.966,0.307366,0.408205,1.64428,2.26668,1.00707,3.00473,0.42336,36.966,0.42336,423.524,0,1.02816,0,0,1.43637,0.408205,1.028160,1,0,17.9569,0,0,0,17.9569,0
38.7565,1.66116,0,0,2.02429,0.227779,0.36288,3.6288,44.8352,0.47825,0,0,0.22708,0.171469,0,0.66528,12.849,1,0.547513,0.36288,0,24.7614,4.0447,20.532,0.84672,12.849,0.84672,3695.15,0,36.966,0.390628,0.412474,1.73845,2.16681,1.07023,2.85687,0.42336,36.966,0.42336,423.524,0,0.845735,0,0,1.25821,0.412474,1.028160,1,0,23.3889,0,0,0,23.3889,0
38.9576,1.65943,0,0,2.45064,0.227179,0.36288,3.6288,43.9751,0.934723,0,0,0.245335,0.170793,0,0.66528,12.849,1,0.550153,0.36288,0,30.1251,4.0447,25.8931,0.84672,12.849,0.84672,3695.15,0,36.966,0.42336,0.412474,1.73862,1.77023,1.07023,2.42773,0.42336,36.966,0.42336,423.524,0,0.35653,0,0,0.769003,0.412474,1.028160,1,0,28.3208,0,0,0,28.3208,0
39.1849,1.66225,0,0,2.48009,0.22771,0.36288,3.6288,44.034,0.412838,0,0,0.641195,0.169417,0,0.66528,12.849,1,0.548242,0.36288,0,30.3953,4.0447,26.1653,0.84672,12.849,0.84672,3695.15,0,36.966,0.347037,0.412474,1.73879,2.62615,1.07023,3.36013,0.42336,36.966,0.42336,423.524,0,0.954737,0,0,1.36721,0.412474,1.028160,1,0,29.5254,0,0,0,29.5254,0
39.1228,1.72396,0,0,2.25139,0.226684,0.36288,3.6288,43.7062,0.628978,0,0,0.505933,0.204707,0,0.66528,12.849,1,0.565297,0.36288,0,35.5671,4.63523,30.7294,0.84672,12.849,0.84672,3695.15,0,36.966,0.42336,0.412474,1.73896,2.07675,1.15111,2.65371,0.42336,36.966,0.42336,423.524,0,0.708843,0,0,1.12132,0.412474,1.028160,1,0,33.3831,0,0,0,33.3831,0
39.0435,1.75902,0,0,2.26789,0.225304,0.36288,3.6288,43.394,0.63424,0,0,0.552396,0.23039,0,0.66528,12.849,1,0.57771,0.36288,0,44.9093,5.07811,39.6164,0.84672,12.849,0.84672,3695.15,0,36.966,0.42336,0.503194,1.78969,1.96388,1.21176,2.62165,0.42336,36.966,0.42336,423.524,0,0.657012,0,0,1.16021,0.503194,1.028160,1,0,42.238,0,0,0,42.238,0
38.9218,1.75881,0,0,2.22083,0.220831,0.36288,3.6288,43.0673,0.659141,0,0,0.560059,0.227589,0,0.66528,12.849,1,0.578817,0.36288,0,43.2454,5.06222,37.9672,0.84672,12.849,0.84672,3695.15,0,36.966,0.42336,0.503194,1.76261,1.85158,1.18434,2.50968,0.42336,36.966,0.42336,423.524,0,0.632111,0,0,1.1353,0.503194,1.028160,1,0,40.4769,0,0,0,40.4769,0
39.0377,1.75813,0,0,2.43194,0.194953,0.36288,3.6288,43.4663,0.398371,0,0,1.01155,0.214206,0,0.66528,12.849,1,0.580402,0.36288,0,46.122,4.96682,40.9377,0.84672,12.849,0.84672,3695.15,0,36.966,0.341934,0.503194,1.76278,2.62145,1.01983,3.52566,0.42336,36.966,0.42336,423.524,0,0.974307,0,0,1.4775,0.503194,1.028160,1,0,44.4634,0,0,0,44.4634,0
39.0165,1.9484,0,0,2.48656,0.196466,0.36288,3.6288,43.2694,0.711765,0,0,0.729728,0.214929,0,0.66528,12.849,1,0.641301,0.36288,0,64.694,4.8123,59.6033,0.84672,12.849,0.84672,3695.15,0,36.966,0.42336,0.503194,1.76295,2.25276,1.04656,3.04899,0.42336,36.966,0.42336,423.524,0,0.754479,0,0,1.25767,0.503194,1.028160,1,0,62.6523,0,0,0,62.6523,0
39.0067,2.0805,0,0,2.63742,0.203921,0.36288,3.6288,43.064,0.648009,0,0,0.656658,0.213984,0,0.66528,12.849,1,0.685153,0.36288,0,35.2632,3.88521,31.0557,0.84672,12.849,0.84672,3695.15,0,36.966,0.42336,0.503194,1.94522,2.33937,1.2069,3.15752,0.42336,36.966,0.42336,423.524,0,0.643283,0,0,1.14648,0.503194,1.028160,1,0,34.2132,0,0,0,34.2132,0
39.6654,2.08112,0,0,3.30656,0.203848,0.36288,3.6288,43.4702,0.400094,0,0,1.01301,0.206759,0,0.66528,12.849,1,0.685531,0.36288,0,91.5856,3.81937,87.4436,0.84672,12.849,0.84672,3695.15,0,36.966,0.343439,0.608429,1.84302,3.5154,1.17513,4.44828,0.42336,36.966,0.42336,423.524,0,0.971119,0,0,1.57955,0.608429,1.028160,1,0,91.8919,0,0,0,91.8919,0
40.3847,2.09047,0,0,3.3778,0.205105,0.36288,3.6288,43.7557,0.42524,0,0,0.87734,0.166559,0,0.66528,12.849,1,0.677177,0.36288,0,80.8125,3.42436,77.0739,0.84672,12.849,0.84672,3695.15,0,36.966,0.361614,0.608429,1.84321,2.25319,0.984511,3.3587,0.42336,36.966,0.42336,423.524,0,0.927798,0,0,1.53623,0.608429,1.028160,1,0,80.4326,0,0,0,80.4326,0
41.9323,1.82935,0,0,3.95306,0.213291,0.36288,3.6288,44.6953,0.244706,0,0,1.35623,0.171936,0,0.66528,12.849,1,0.582035,0.36288,0,124.405,3.42032,120.765,0.84672,12.849,0.84672,3695.15,0,36.966,0.206734,1.25755,1.8434,4.31932,0.986421,6.22711,0.42336,36.966,0.42336,423.524,0,1.02816,0,0,2.28571,1.25755,1.028160,1,0,126.992,0,0,0,126.992,0
46.514,1.66658,0,0,6.86768,0.256514,0.36288,3.6288,48.1792,0.375706,0,0,4.06287,0.203283,0,0.66528,12.849,1,0.510677,0.36288,0,197.479,3.39601,193.935,0.84672,12.849,0.84672,3695.15,0,36.966,0.310734,3.06596,1.59503,10.1395,0.997879,13.4918,0.42336,36.966,0.42336,423.524,0,1.02816,0,0,4.09412,3.06596,1.028160,1,0,207.427,0,0,0,207.427,0
50.0922,1.70667,0,0,5.91808,0.270248,0.36288,3.6288,51.094,0.38842,0,0,3.51293,0.209693,0,0.66528,12.849,1,0.471451,0.36288,0,171.728,3.39601,168.223,0.84672,12.849,0.84672,3695.15,0,36.966,0.298019,2.06077,1.73272,8.24178,0.997879,10.7394,0.42336,36.966,0.42336,423.524,0,1.02816,0,0,3.08893,2.06077,1.028160,1,0,178.963,0,0,0,178.963,0
54.1379,1.73417,0,0,6.4237,0.280957,0.36288,3.6288,53.7723,0.398285,0,0,3.29136,0.214779,0,0.66528,12.849,1,0.444825,0.36288,0,180.955,3.39601,177.477,0.84672,12.849,0.84672,3695.15,0,36.966,0.288155,2.36212,1.73288,10.2032,0.997879,13.0122,0.42336,36.966,0.42336,423.524,0,1.02816,0,0,3.39028,2.36212,1.028160,1,0,190.49,0,0,0,190.49,0
57.5282,1.76173,0,0,5.74926,0.2344,0.36288,3.6288,56.0014,0.40679,0,0,2.817,0.181125,0,0.66528,12.849,1,0.418127,0.36288,0,173.079,2.87834,170.145,0.84672,12.849,0.84672,3695.15,0,36.966,0.279649,2.00104,1.73304,9.05723,0.922664,11.589,0.42336,36.966,0.42336,423.524,0,1.02816,0,0,3.0292,2.00104,1.028160,1,0,181.734,0,0,0,181.734,0
63.1976,1.85618,0,0,8.16412,0.275648,0.36288,3.6288,59.6461,0.448172,0,0,4.3088,0.215912,0,0.66528,12.849,1,0.41458,0.36288,0,204.489,3.47298,200.964,0.84672,12.849,0.84672,3695.15,0,36.966,0.295834,3.21726,1.73321,11.9425,1.04426,15.5528,0.42336,36.966,0.42336,423.524,0,1.02816,0,0,4.24542,3.21726,1.028160,1,0,216.517,0,0,0,216.517,0
65.8933,1.93567,0,0,5.27501,0.280752,0.36288,3.6288,60.6681,0.4238,0,0,1.62842,0.182581,0,0.66528,12.849,1,0.393549,0.36288,0,174.418,3.2696,171.118,0.84672,12.849,0.84672,3695.15,0,36.966,0.262652,1.46976,1.79472,7.14023,0.984131,9.15793,0.42336,36.966,0.42336,423.524,0,1.02816,0,0,2.49792,1.46976,1.028160,1,0,180.276,0,0,0,180.276,0
68.5104,1.94989,0,0,5.21682,0.28692,0.36288,3.6288,61.308,0.42655,0,0,4.70778,0.183773,3.45761,0.66528,12.849,1,0.380224,0.36288,0,163.834,3.2696,160.547,0.84672,12.849,0.84672,3695.15,0,36.966,0.259903,3.78481,1.7612,8.51394,0.984131,12.8159,0.42336,36.966,0.42336,423.524,0,1.02816,0,0,4.81297,3.78481,1.028160,1,0,176.821,0,0,0,176.821,0
70.0675,1.96289,0,0,4.17569,0.292909,0.36288,3.6288,61.308,0.428242,0,0,2.62945,0.184519,2.01669,0.66528,12.849,1,0.368135,0.36288,0,152.748,3.2696,149.473,0.84672,12.849,0.84672,3695.15,0,36.966,0.258211,2.26117,1.76137,6.46497,0.984131,9.24517,0.42336,36.966,0.42336,423.524,0,1.02816,0,0,3.28933,2.26117,1.028160,1,0,160.735,0,0,0,160.735,0
71.4478,1.94079,0,0,3.93829,0.254251,0.36288,3.6288,61.308,0.414281,0,0,1.99669,0.192749,1.38966,0.66528,12.849,1,0.355903,0.36288,0,117.383,3.27805,114.112,0.84672,12.849,0.84672,3695.15,0,36.966,0.249793,1.98926,1.76154,6.17157,1.01235,8.66023,0.42336,36.966,0.42336,423.524,0,1.02816,0,0,3.01742,1.98926,1.028160,1,0,124.162,0,0,0,124.162,0
72.2271,1.92841,0,0,3.29266,0.222114,0.36288,3.6288,61.308,0.428239,0,0,1.7072,0.194304,1.08466,0.66528,12.849,1,0.3468,0.36288,0,96.4699,3.26981,93.2162,0.84672,12.849,0.84672,3695.15,0,36.966,0.258209,1.69238,1.73782,4.81769,1.04301,6.94667,0.42336,36.966,0.42336,423.524,0,1.02816,0,0,2.72054,1.69238,1.028160,1,0,101.248,0,0,0,101.248,0
72.29,1.93234,0,0,2.8021,0.223435,0.583409,3.6288,61.308,0.428239,0,0,1.00917,0.194304,0.386626,0.66528,12.849,1,0.343758,0.583409,0,84.4828,3.26981,81.4526,0.84672,12.849,0.84672,3695.15,0,36.966,0.258209,0.623428,1.75108,3.31868,1.04301,4.39197,0.42336,36.966,0.42336,423.524,0,1.02816,0,0,1.65159,0.623428,1.028160,1,0,86.2312,0,0,0,86.2312,0
72.29,1.93335,0,0,2.88566,0.223542,0.728762,3.6288,61.308,0.428239,0,0,1.03239,0.194304,0.40985,0.66528,12.849,1,0.343639,0.728762,0,80.0574,3.26981,77.1727,0.84672,12.849,0.84672,3695.15,0,36.966,0.258209,0.584859,1.75125,3.28855,1.04301,4.32344,0.42336,36.966,0.42336,423.524,0,1.02816,0,0,1.61302,0.584859,1.028160,1,0,81.906,0,0,0,81.906,0
72.29,2.03574,0,0,2.76562,0.220682,0.509195,3.6288,61.308,0.477791,0,0,1.01635,0.193272,0.345287,0.66528,12.849,1,0.361838,0.509195,0,88.5419,3.21967,85.4695,0.84672,12.849,0.84672,3695.15,0,36.966,0.288087,0.617103,1.75141,3.82809,1.03764,4.87088,0.42336,36.966,0.42336,423.524,0,1.02816,0,0,1.64526,0.617103,1.028160,1,0,90.6857,0,0,0,90.6857,0
71.8657,2.10397,0,0,2.16768,0.125115,0.36288,3.6288,61.308,0.42825,0,0,1.0824,0.183753,0.470399,0.66528,12.849,1,0.373964,0.36288,0,53.7284,4.02486,49.6924,0.84672,12.849,0.84672,3695.15,0,36.966,0.258216,0.878066,1.83538,2.92733,1.01858,4.36398,0.42336,36.966,0.42336,423.524,0,1.02816,0,0,1.90623,0.878066,1.028160,1,0,54.5268,0,0,0,54.5268,0
71.2004,2.10289,0,0,1.92518,0.124712,0.36288,3.6288,61.308,0.42825,0,0,0.882317,0.183753,0.270314,0.66528,12.849,1,0.375979,0.36288,0,48.0502,4.02486,44.0122,0.84672,12.849,0.84672,3695.15,0,36.966,0.258216,0.592782,1.78908,2.51059,1.01858,3.61565,0.42336,36.966,0.42336,423.524,0,1.02816,0,0,1.62094,0.592782,1.028160,1,0,47.8982,0,0,0,47.8982,0
70.4669,2.1007,0,0,1.8541,0.12408,0.36288,3.6288,61.308,0.42825,0,0,0.710277,0.183753,0.0982739,0.66528,12.849,1,0.379098,0.36288,0,44.2795,4.02486,40.2384,0.84672,12.849,0.84672,3695.15,0,36.966,0.258216,0.471683,1.78926,2.41364,1.01858,3.39778,0.42336,36.966,0.42336,423.524,0,1.02816,0,0,1.49984,0.471683,1.028160,1,0,43.7345,0,0,0,43.7345,0
69.6227,2.09816,0,0,1.73869,0.12185,0.36288,3.6288,61.2481,0.42825,0,0,0.634919,0.266565,0,0.66528,12.849,1,0.38258,0.36288,0,40.8262,5.43271,35.3737,0.84672,12.849,0.84672,3695.15,0,36.966,0.258216,0.414452,1.78943,2.31888,1.30792,2.95663,0.42336,36.966,0.42336,423.524,0,1.02816,0,0,1.44261,0.414452,1.028160,1,0,38.3304,0,0,0,38.3304,0
68.9959,2.07503,0,0,1.92909,0.117983,0.36288,3.6288,61.2283,0.455348,0,0,0.702795,0.26726,0,0.66528,12.849,1,0.38295,0.36288,0,45.8581,5.09045,40.7476,0.84672,12.849,0.84672,3695.15,0,36.966,0.274823,0.750902,1.78961,3.23409,1.31622,4.18356,0.42336,36.966,0.42336,423.524,0,1.02816,0,0,1.77906,0.750902,1.028160,1,0,44.9311,0,0,0,44.9311,0
68.385,2.10972,0,0,1.98139,0.119606,0.36288,3.6288,61.2429,0.428047,0,0,0.703987,0.26131,0,0.66528,12.849,1,0.39289,0.36288,0,48.3134,4.85069,43.4327,0.84672,12.849,0.84672,3695.15,0,36.966,0.258429,0.751343,1.81911,3.6564,1.29746,4.67096,0.42336,36.966,0.42336,423.524,0,1.02816,0,0,1.7795,0.751343,1.028160,1,0,48.1037,0,0,0,48.1037,0
67.6164,2.10756,0,0,1.82085,0.119037,0.36288,3.6288,61.2373,0.428085,0,0,0.683761,0.261334,0,0.66528,12.849,1,0.395994,0.36288,0,47.5504,4.85069,42.6666,0.84672,12.849,0.84672,3695.15,0,36.966,0.258391,0.752086,1.79372,3.68702,1.29746,4.67697,0.42336,36.966,0.42336,423.524,0,1.02816,0,0,1.78025,0.752086,1.028160,1,0,47.3436,0,0,0,47.3436,0
66.688,2.10457,0,0,1.6574,0.118322,0.36288,3.6288,61.1874,0.42807,0,0,0.639516,0.261325,0,0.66528,12.849,1,0.399927,0.36288,0,45.6482,4.85069,40.7605,0.84672,12.849,0.84672,3695.15,0,36.966,0.258406,0.514305,1.79389,3.46362,1.29746,4.21596,0.42336,36.966,0.42336,423.524,0,1.02816,0,0,1.54246,0.514305,1.028160,1,0,44.9765,0,0,0,44.9765,0
65.5667,2.15205,0,0,1.50241,0.108818,0.36288,3.6288,61.0381,0.452242,0,0,0.581065,0.278083,0,0.66528,12.849,1,0.414642,0.36288,0,39.4836,5.12471,34.3071,0.84672,12.849,0.84672,3695.15,0,36.966,0.273219,0.474232,1.79407,3.13587,1.37334,3.75761,0.42336,36.966,0.42336,423.524,0,1.02816,0,0,1.50239,0.474232,1.028160,1,0,38.0647,0,0,0,38.0647,0
64.2439,2.17952,0,0,1.32181,0.102254,0.36288,3.6288,60.8383,0.427551,0,0,0.5093,0.281554,0,0.66528,12.849,1,0.427116,0.36288,0,35.5888,5.31573,30.2088,0.84672,12.849,0.84672,3695.15,0,36.966,0.258934,0.55817,1.83585,2.64643,1.38272,3.3988,0.42336,36.966,0.42336,423.524,0,1.02816,0,0,1.58633,0.55817,1.028160,1,0,33.6076,0,0,0,33.6076,0
62.8508,2.17299,0,0,1.24394,0.101173,0.36288,3.6288,60.6191,0.427022,0,0,0.489039,0.281198,0,0.66528,12.849,1,0.434606,0.36288,0,33.1623,5.31573,27.7749,0.84672,12.849,0.84672,3695.15,0,36.966,0.259463,0.389327,1.81322,2.57942,1.38272,3.13978,0.42336,36.966,0.42336,423.524,0,1.02816,0,0,1.41749,0.389327,1.028160,1,0,30.9146,0,0,0,30.9146,0
61.3558,2.16579,0,0,1.13374,0.100034,0.36288,3.6288,60.3799,0.426439,0,0,0.467999,0.280807,0,0.66528,12.849,1,0.442768,0.36288,0,27.6313,5.31573,22.2357,0.84672,12.849,0.84672,3695.15,0,36.966,0.260046,0.310452,1.8134,2.42628,1.38272,2.90736,0.42336,36.966,0.42336,423.524,0,1.02816,0,0,1.33861,0.310452,1.028160,1,0,25.1431,0,0,0,25.1431,0
59.6367,2.30612,0,0,1.04526,0.095375,0.36288,3.6288,60.0247,0.513159,0,0,0.443892,0.285896,0,0.66528,12.849,1,0.482943,0.36288,0,22.8638,5.32758,17.4161,0.84672,12.849,0.84672,3695.15,0,36.966,0.314168,0.279141,1.81358,2.2731,1.47428,2.57737,0.42336,36.966,0.42336,423.524,0,1.02816,0,0,1.3073,0.279141,1.028160,1,0,19.9935,0,0,0,19.9935,0
57.8083,2.36,0,0,0.994092,0.0995601,0.36288,3.6288,59.5534,0.531582,0,0,0.384971,0.324687,0,0.66528,12.849,1,0.508473,0.36288,0,20.7455,5.79666,14.8033,0.84672,12.849,0.84672,3695.15,0,36.966,0.327373,0.227405,1.95622,2.10375,1.56701,2.393,0.42336,36.966,0.42336,423.524,0,0.918164,0,0,1.14557,0.227405,1.028160,1,0,17.1962,0,0,0,17.1962,0
56.0831,2.34737,0,0,1.0813,0.0962982,0.36288,3.6288,59.1995,0.462359,0,0,0.433272,0.324834,0,0.66528,12.849,1,0.521747,0.36288,0,22.8074,5.91297,16.7355,0.84672,12.849,0.84672,3695.15,0,36.966,0.286996,0.30977,1.91055,1.9788,1.58916,2.32297,0.42336,36.966,0.42336,423.524,0,1.02816,0,0,1.33793,0.30977,1.028160,1,0,19.0585,0,0,0,19.0585,0
54.1583,2.33483,0,0,0.86756,0.0946753,0.36288,3.6288,58.6565,0.559631,0,0,0.340696,0.324099,0,0.66528,12.849,1,0.534924,0.36288,0,26.8264,5.91297,20.7414,0.84672,12.849,0.84672,3695.15,0,36.966,0.349451,0.204422,1.91098,1.64378,1.58916,1.82057,0.42336,36.966,0.42336,423.524,0,0.86883,0,0,1.07325,0.204422,1.028160,1,0,22.562,0,0,0,22.562,0
52.41,2.31998,0,0,1.02748,0.0928647,0.36288,3.6288,58.3934,0.460154,0,0,0.520064,0.322971,0,0.66528,12.849,1,0.550413,0.36288,0,23.0257,5.91297,16.9252,0.84672,12.849,0.84672,3695.15,0,36.966,0.289995,0.586336,1.91141,2.22288,1.58916,2.84147,0.42336,36.966,0.42336,423.524,0,1.02816,0,0,1.6145,0.586336,1.028160,1,0,19.7667,0,0,0,19.7667,0
50.5107,2.2354,0,0,0.781289,0.0823434,0.36288,3.6288,57.9545,0.427587,0,0,0.341364,0.352707,0,0.66528,12.849,1,0.548037,0.36288,0,18.8141,6.31251,12.3165,0.84672,12.849,0.84672,3695.15,0,36.966,0.270684,0.204422,1.91183,1.95045,1.65346,2.14255,0.42336,36.966,0.42336,423.524,0,0.994853,0,0,1.19928,0.204422,1.028160,1,0,14.459,0,0,0,14.459,0
48.5368,2.2026,0,0,0.715055,0.123485,0.36288,3.6288,57.3217,0.59142,0,0,0.292433,0.33383,0,0.66528,12.849,1,0.560301,0.36288,0,12.9416,6.28087,6.4633,0.84672,12.849,0.84672,3695.15,0,36.966,0.377235,0.216518,1.82972,1.27108,1.58791,1.35218,0.42336,36.966,0.42336,423.524,0,0.746004,0,0,0.962522,0.216518,1.028160,1,0,7.81548,0,0,0,7.81548,0
46.8172,2.18537,0,0,0.957614,0.128952,0.36288,3.6288,56.9382,0.417353,0,0,0.359643,0.325739,0,0.66528,12.849,1,0.578528,0.36288,0,17.1724,6.22566,10.7311,0.84672,12.849,0.84672,3695.15,0,36.966,0.269145,0.24611,1.84251,1.56229,1.56894,1.81283,0.42336,36.966,0.42336,423.524,0,1.02816,0,0,1.27427,0.24611,1.028160,1,0,12.544,0,0,0,12.544,0
45.3644,2.16949,0,0,1.20617,0.126546,0.36288,3.6288,56.7362,0.416254,0,0,0.53919,0.324929,0,0.66528,12.849,1,0.595416,0.36288,0,34.9517,6.22566,28.4935,0.84672,12.849,0.84672,3695.15,0,36.966,0.270244,0.883708,1.8427,2.15795,1.56894,3.04517,0.42336,36.966,0.42336,423.524,0,1.02816,0,0,1.91187,0.883708,1.028160,1,0,31.5387,0,0,0,31.5387,0
44.0005,2.09932,0,0,1.27267,0.174372,0.36288,3.6288,56.5165,0.368461,0,0,0.436013,0.287291,0,0.66528,12.849,1,0.594611,0.36288,0,33.3661,5.86501,27.2694,0.84672,12.849,0.84672,3695.15,0,36.966,0.240067,0.361083,1.84289,1.47651,1.4992,1.94121,0.42336,36.966,0.42336,423.524,0,1.02816,0,0,1.38924,0.361083,1.028160,1,0,29.2106,0,0,0,29.2106,0
44.3879,2.02547,0,0,2.95264,0.176927,0.36288,3.6288,56.8719,0.415024,0,0,0.94983,0.179418,0,0.66528,12.849,1,0.591477,0.36288,0,72.5898,3.97425,68.387,0.84672,12.849,0.84672,3695.15,0,36.966,0.271457,1.49796,1.76935,4.30707,0.958129,6.34479,0.42336,36.966,0.42336,423.524,0,1.02816,0,0,2.52612,1.49796,1.028160,1,0,74.7318,0,0,0,74.7318,0
44.8211,2.03022,0,0,3.00402,0.177709,0.36288,3.6288,57.8581,0.416052,0,0,1.58209,0.179834,0,0.66528,12.849,1,0.587691,0.36288,0,72.9017,3.97425,68.7027,0.84672,12.849,0.84672,3695.15,0,36.966,0.270429,2.0836,1.81515,4.79582,0.958129,7.46601,0.42336,36.966,0.42336,423.524,0,1.02816,0,0,3.11176,2.0836,1.028160,1,0,76.1687,0,0,0,76.1687,0
46.215,2.03539,0,0,3.97075,0.178584,0.36288,3.6288,58.7439,0.418865,0,0,1.48569,0.180987,0,0.66528,12.849,1,0.583492,0.36288,0,80.0202,3.97425,75.8254,0.84672,12.849,0.84672,3695.15,0,36.966,0.267616,2.60823,1.81533,8.45348,0.958129,11.6513,0.42336,36.966,0.42336,423.524,0,1.02816,0,0,3.63639,2.60823,1.028160,1,0,87.4767,0,0,0,87.4767,0
46.2523,1.88985,0,0,2.47139,0.181398,0.36288,3.6288,59.22,0.321583,0,0,0.97969,0.182023,0,0.66528,12.849,1,0.525428,0.36288,0,105.432,3.97425,101.295,0.84672,12.849,0.84672,3695.15,0,36.966,0.202364,1.58841,1.81551,4.26435,0.958129,6.50778,0.42336,36.966,0.42336,423.524,0,1.02816,0,0,2.61657,1.58841,1.028160,1,0,107.803,0,0,0,107.803,0
47.2979,1.7637,0,0,3.37754,0.205366,0.36288,3.6288,59.2447,0.422632,0,0,0.638306,0.190975,0,0.66528,12.849,1,0.489961,0.36288,0,80.9685,4.34163,76.4998,0.84672,12.849,0.84672,3695.15,0,36.966,0.263813,0.843765,1.65178,4.78373,1.10282,5.91264,0.42336,36.966,0.42336,423.524,0,1.02816,0,0,1.87193,0.843765,1.028160,1,0,82.4124,0,0,0,82.4124,0
49.0732,1.77292,0,0,4.1229,0.211784,0.36288,3.6288,59.5679,0.4227,0,0,0.938347,0.192404,0,0.66528,12.849,1,0.481633,0.36288,0,99.2442,4.40286,94.7226,0.84672,12.849,0.84672,3695.15,0,36.966,0.263745,2.01042,1.74704,5.66629,1.12694,8.03307,0.42336,36.966,0.42336,423.524,0,1.02816,0,0,3.03858,2.01042,1.028160,1,0,102.756,0,0,0,102.756,0
49.3676,1.78743,0,0,2.67499,0.230213,0.36288,3.6288,59.7861,0.423583,0,0,0.848146,0.20644,0,0.66528,12.849,1,0.468008,0.36288,0,69.1416,4.50206,64.5344,0.84672,12.849,0.84672,3695.15,0,36.966,0.262862,1.6079,1.74721,4.68813,1.14645,6.63393,0.42336,36.966,0.42336,423.524,0,1.02816,0,0,2.63606,1.6079,1.028160,1,0,71.1683,0,0,0,71.1683,0
50.8031,1.79035,0,0,3.82803,0.23935,0.36288,3.6288,60.0717,0.424176,0,0,0.947395,0.237571,0,0.66528,12.849,1,0.465976,0.36288,0,91.8372,5.09786,86.6362,0.84672,12.849,0.84672,3695.15,0,36.966,0.26227,1.88506,1.74737,5.39653,1.26819,7.49849,0.42336,36.966,0.42336,423.524,0,1.02816,0,0,2.91322,1.88506,1.028160,1,0,94.1347,0,0,0,94.1347,0
52.4129,1.86443,0,0,4.05229,0.215134,0.36288,3.6288,60.3185,0.454112,0,0,0.956457,0.255572,0,0.66528,12.849,1,0.471547,0.36288,0,103.584,4.71293,98.7625,0.84672,12.849,0.84672,3695.15,0,36.966,0.279445,1.77964,1.74754,6.98249,1.14426,9.08597,0.42336,36.966,0.42336,423.524,0,1.02816,0,0,2.8078,1.77964,1.028160,1,0,107.848,0,0,0,107.848,0
54.222,1.91461,0,0,4.28822,0.201686,0.36288,3.6288,61.2023,0.42561,0,0,1.58556,0.276124,0,0.66528,12.849,1,0.469364,0.36288,0,101.561,4.24396,97.211,0.84672,12.849,0.84672,3695.15,0,36.966,0.260834,2.76263,1.79886,9.00729,1.18045,12.1275,0.42336,36.966,0.42336,423.524,0,1.02816,0,0,3.79079,2.76263,1.028160,1,0,109.339,0,0,0,109.339,0
56.1074,1.92798,0,0,4.38519,0.208966,0.36288,3.6288,61.308,0.427958,0,0,1.46396,0.277121,0.65319,0.66528,12.849,1,0.456874,0.36288,0,97.8817,4.25134,93.5364,0.84672,12.849,0.84672,3695.15,0,36.966,0.258486,2.34372,1.77146,8.50669,1.21402,11.1494,0.42336,36.966,0.42336,423.524,0,1.02816,0,0,3.37188,2.34372,1.028160,1,0,105.339,0,0,0,105.339,0
58.4042,1.94119,0,0,4.81388,0.212954,0.36288,3.6288,61.308,0.428236,0,0,1.30304,0.277306,0.597499,0.66528,12.849,1,0.444546,0.36288,0,124.784,4.25134,120.451,0.84672,12.849,0.84672,3695.15,0,36.966,0.258208,1.97777,1.77162,8.98309,1.21402,11.2603,0.42336,36.966,0.42336,423.524,0,1.02816,0,0,3.00593,1.97777,1.028160,1,0,132.309,0,0,0,132.309,0
60.4829,2.16376,0,0,4.81955,0.214225,0.36288,3.6288,61.308,0.538675,0,0,1.35219,0.274898,0.538622,0.66528,12.849,1,0.476029,0.36288,0,106.267,4.10898,102.045,0.84672,12.849,0.84672,3695.15,0,36.966,0.324797,2.13589,1.77179,8.68761,1.18485,11.0856,0.42336,36.966,0.42336,423.524,0,1.02816,0,0,3.16405,2.13589,1.028160,1,0,113.669,0,0,0,113.669,0
61.5414,2.32403,0,0,3.95662,0.211188,0.36288,3.6288,61.308,0.42826,0,0,1.73516,0.207046,1.09985,0.66528,12.849,1,0.493718,0.36288,0,86.8812,3.30288,83.4475,0.84672,12.849,0.84672,3695.15,0,36.966,0.258222,2.02239,1.95617,9.49006,1.03154,12.1789,0.42336,36.966,0.42336,423.524,0,1.02816,0,0,3.05055,2.02239,1.028160,1,0,96.7262,0,0,0,96.7262,0
61.7337,2.33187,0,0,3.10004,0.213051,0.36288,3.6288,61.308,0.42826,0,0,1.25448,0.207046,0.619178,0.66528,12.849,1,0.486862,0.36288,0,70.1727,3.30288,66.7458,0.84672,12.849,0.84672,3695.15,0,36.966,0.258222,1.6278,1.85278,7.12188,1.03154,9.3127,0.42336,36.966,0.42336,423.524,0,1.02816,0,0,2.65596,1.6278,1.028160,1,0,76.6777,0,0,0,76.6777,0
61.057,2.33393,0,0,2.23356,0.213389,0.36288,3.6288,61.308,0.42826,0,0,0.724835,0.207046,0.0895278,0.66528,12.849,1,0.485775,0.36288,0,50.5388,3.30288,47.113,0.84672,12.849,0.84672,3695.15,0,36.966,0.258222,0.714182,1.85296,5.81707,1.03154,7.09445,0.42336,36.966,0.42336,423.524,0,1.02816,0,0,1.74234,0.714182,1.028160,1,0,54.297,0,0,0,54.297,0
60.6328,2.03171,0,0,2.12916,0.158831,0.36288,3.6288,61.308,0.279923,0,0,0.858817,0.223779,0.355115,0.66528,12.849,1,0.427558,0.36288,0,68.2687,3.41103,64.793,0.84672,12.849,0.84672,3695.15,0,36.966,0.168781,1.09201,1.85315,6.20342,1.1468,7.83299,0.42336,36.966,0.42336,423.524,0,1.02816,0,0,2.12017,1.09201,1.028160,1,0,72.9811,0,0,0,72.9811,0
64.7702,1.83378,0,0,6.60462,0.270494,0.36288,3.6288,61.308,0.428229,0,0,2.37152,0.134891,1.80841,0.66528,12.849,1,0.388606,0.36288,0,139.337,2.73367,136.578,0.84672,12.849,0.84672,3695.15,0,36.966,0.258203,3.38788,1.60189,15.8192,0.756499,19.7943,0.42336,36.966,0.42336,423.524,0,1.02816,0,0,4.41604,3.38788,1.028160,1,0,158.181,0,0,0,158.181,0
67.9313,1.8552,0,0,5.65896,0.27981,0.36288,3.6288,61.308,0.428229,0,0,1.87745,0.134891,1.31433,0.66528,12.849,1,0.368032,0.36288,0,133.854,2.73367,131.116,0.84672,12.849,0.84672,3695.15,0,36.966,0.258203,2.50922,1.74117,14.8292,0.756499,18.0649,0.42336,36.966,0.42336,423.524,0,1.02816,0,0,3.53738,2.50922,1.028160,1,0,150.495,0,0,0,150.495,0
71.0575,1.87032,0,0,5.61804,0.258601,0.36288,3.6288,61.308,0.428229,0,0,2.02164,0.135141,1.45827,0.66528,12.849,1,0.353765,0.36288,0,151.534,2.92181,148.622,0.84672,12.849,0.84672,3695.15,0,36.966,0.258203,3.49809,1.74133,12.9245,0.815652,17.0901,0.42336,36.966,0.42336,423.524,0,1.02816,0,0,4.52625,3.49809,1.028160,1,0,167.17,0,0,0,167.17,0
72.29,1.88422,0,0,6.03037,0.268059,2.64563,3.6288,61.308,0.428229,0,0,2.30765,0.156318,1.7231,0.66528,12.849,1,0.340714,2.64563,0,117.558,3.9713,115.891,0.84672,12.849,0.84672,3695.15,0,36.966,0.258203,3.28105,1.74149,14.191,0.96694,17.9884,0.42336,36.966,0.42336,423.524,0,1.02816,0,0,4.30921,3.28105,1.028160,1,0,135.603,0,0,0,135.603,0
72.29,1.9672,0,0,5.82127,0.289984,3.56409,3.6288,61.308,0.464557,0,0,2.24614,0.121953,1.65963,0.66528,12.849,1,0.349654,3.56409,0,111.445,3.58873,111.07,0.84672,12.849,0.84672,3695.15,0,36.966,0.280107,2.27815,1.74165,14.143,0.893332,16.9893,0.42336,36.966,0.42336,423.524,0,1.02816,0,0,3.30631,2.27815,1.028160,1,0,129.719,0,0,0,129.719,0
72.29,2.01738,0,0,7.23298,0.30617,4.90944,3.6288,61.308,0.428237,0,0,4.33177,0.108309,3.79522,0.66528,12.849,1,0.358574,4.90944,0,128.987,3.31937,130.218,0.84672,12.849,0.84672,3695.15,0,36.966,0.258208,3.64029,1.80386,18.5031,0.88553,22.8035,0.42336,36.966,0.42336,423.524,0,1.02816,0,0,4.66845,3.64029,1.028160,1,0,156.817,0,0,0,156.817,0
72.29,2.01812,0,0,5.07782,0.30617,2.75353,3.6288,61.308,0.428237,0,0,2.55598,0.108309,2.01943,0.66528,12.849,1,0.358706,2.75353,0,96.8674,3.31937,95.9428,0.84672,12.849,0.84672,3695.15,0,36.966,0.258208,2.2239,1.76996,14.8502,0.88553,17.7003,0.42336,36.966,0.42336,423.524,0,1.02816,0,0,3.25206,2.2239,1.028160,1,0,115.663,0,0,0,115.663,0
72.29,2.01887,0,0,4.50006,0.288314,2.19287,3.6288,61.308,0.428237,0,0,2.04219,0.117824,1.49613,0.66528,12.849,1,0.358839,2.19287,0,98.2532,3.43571,96.6515,0.84672,12.849,0.84672,3695.15,0,36.966,0.258208,1.84339,1.77012,14.5683,0.908431,17.0152,0.42336,36.966,0.42336,423.524,0,1.02816,0,0,2.87155,1.84339,1.028160,1,0,115.163,0,0,0,115.163,0
72.29,1.98936,0,0,3.97898,0.264995,1.72462,3.6288,61.308,0.414115,0,0,2.21079,0.154283,1.6424,0.66528,12.849,1,0.353594,1.72462,0,78.6586,3.89717,76.1324,0.84672,12.849,0.84672,3695.15,0,36.966,0.249693,1.86362,1.77029,13.3795,0.962383,15.8013,0.42336,36.966,0.42336,423.524,0,1.02816,0,0,2.89178,1.86362,1.028160,1,0,93.5761,0,0,0,93.5761,0
72.29,1.97088,0,0,2.97048,0.294171,0.70543,3.6288,61.308,0.428234,0,0,0.973331,0.132881,0.412216,0.66528,12.849,1,0.350309,0.70543,0,71.2662,3.2715,68.3498,0.84672,12.849,0.84672,3695.15,0,36.966,0.258206,0.559224,1.74628,6.98987,0.806694,8.23048,0.42336,36.966,0.42336,423.524,0,1.02816,0,0,1.58738,0.559224,1.028160,1,0,76.9925,0,0,0,76.9925,0
72.29,1.97162,0,0,3.04248,0.244437,0.826423,3.6288,61.308,0.428234,0,0,0.96666,0.17337,0.365056,0.66528,12.849,1,0.350441,0.826423,0,72.6316,3.73318,69.3744,0.84672,12.849,0.84672,3695.15,0,36.966,0.258206,0.590414,1.75969,6.13231,0.960337,7.26387,0.42336,36.966,0.42336,423.524,0,1.02816,0,0,1.61857,0.590414,1.028160,1,0,77.0034,0,0,0,77.0034,0
72.29,1.97236,0,0,2.6119,0.226152,0.413388,3.6288,61.308,0.428234,0,0,0.9673,0.193105,0.345961,0.66528,12.849,1,0.350572,0.413388,0,61.7423,3.98801,57.8171,0.84672,12.849,0.84672,3695.15,0,36.966,0.258206,0.548225,1.75985,5.63917,1.03162,6.65742,0.42336,36.966,0.42336,423.524,0,1.02816,0,0,1.57639,0.548225,1.028160,1,0,64.8205,0,0,0,64.8205,0
72.1421,2.0759,0,0,2.51706,0.226152,0.36288,3.6288,61.308,0.478356,0,0,0.933008,0.193105,0.261547,0.66528,12.849,1,0.368976,0.36288,0,64.9471,3.98801,60.953,0.84672,12.849,0.84672,3695.15,0,36.966,0.288427,0.553271,1.76002,5.58045,1.03162,6.57368,0.42336,36.966,0.42336,423.524,0,1.02816,0,0,1.58143,0.553271,1.028160,1,0,67.7883,0,0,0,67.7883,0
71.8368,2.14421,0,0,2.3728,0.171074,0.36288,3.6288,61.3057,0.550927,0,0,0.760311,0.211711,0,0.66528,12.849,1,0.381899,0.36288,0,49.8346,4.807,45.0085,0.84672,12.849,0.84672,3695.15,0,36.966,0.332185,0.402797,1.84494,4.85831,1.07324,5.70063,0.42336,36.966,0.42336,423.524,0,0.831505,0,0,1.2343,0.402797,1.028160,1,0,50.7092,0,0,0,50.7092,0
71.5043,2.14361,0,0,2.33558,0.161561,0.36288,3.6288,61.308,0.468734,0,0,0.747567,0.214809,0.0616969,0.66528,12.849,1,0.383415,0.36288,0,46.0776,4.94351,41.1136,0.84672,12.849,0.84672,3695.15,0,36.966,0.282636,0.30119,1.79811,4.58527,1.08018,5.32176,0.42336,36.966,0.42336,423.524,0,0.963248,0,0,1.26444,0.30119,1.028160,1,0,46.4971,0,0,0,46.4971,0
70.9178,2.14288,0,0,2.09504,0.175815,0.36288,3.6288,61.308,0.464331,0,0,0.712835,0.210862,0.0376412,0.66528,12.849,1,0.385065,0.36288,0,43.5154,4.68966,38.8036,0.84672,12.849,0.84672,3695.15,0,36.966,0.279971,0.30119,1.79828,4.22314,1.08997,4.95266,0.42336,36.966,0.42336,423.524,0,0.970315,0,0,1.27151,0.30119,1.028160,1,0,43.7939,0,0,0,43.7939,0
70.2522,2.14095,0,0,1.99981,0.16151,0.36288,3.6288,61.308,0.450608,0,0,0.705266,0.218048,0.0366102,0.66528,12.849,1,0.387901,0.36288,0,40.4128,4.44736,35.9404,0.84672,12.849,0.84672,3695.15,0,36.966,0.271697,0.30119,1.79845,4.04327,1.13159,4.73962,0.42336,36.966,0.42336,423.524,0,0.992313,0,0,1.2935,0.30119,1.028160,1,0,40.7167,0,0,0,40.7167,0
69.4263,2.11835,0,0,1.79713,0.14184,0.36288,3.6288,61.308,0.455822,0,0,0.773099,0.193621,0.123655,0.66528,12.849,1,0.387443,0.36288,0,41.3277,3.88391,37.4192,0.84672,12.849,0.84672,3695.15,0,36.966,0.274841,0.356003,1.79862,4.31539,1.08694,5.10824,0.42336,36.966,0.42336,423.524,0,1.02816,0,0,1.38416,0.356003,1.028160,1,0,42.6511,0,0,0,42.6511,0
68.4377,2.15253,0,0,1.64741,0.120618,0.36288,3.6288,61.308,0.428251,0,0,0.784667,0.196524,0.159892,0.66528,12.849,1,0.398378,0.36288,0,41.7856,4.14413,37.606,0.84672,12.849,0.84672,3695.15,0,36.966,0.258216,0.478708,1.82845,4.38842,1.13548,5.30189,0.42336,36.966,0.42336,423.524,0,1.02816,0,0,1.50687,0.478708,1.028160,1,0,43.0678,0,0,0,43.0678,0
67.4018,2.14846,0,0,1.56624,0.0907562,0.36288,3.6288,61.308,0.428251,0,0,0.748043,0.221781,0.0980109,0.66528,12.849,1,0.403368,0.36288,0,39.616,4.72836,34.8471,0.84672,12.849,0.84672,3695.15,0,36.966,0.258216,0.444476,1.80276,4.27979,1.21842,5.05039,0.42336,36.966,0.42336,423.524,0,1.02816,0,0,1.47264,0.444476,1.028160,1,0,39.9955,0,0,0,39.9955,0
66.344,2.14403,0,0,1.53916,0.0900215,0.36288,3.6288,61.308,0.428251,0,0,0.683951,0.221781,0.0339194,0.66528,12.849,1,0.408722,0.36288,0,39.0592,4.72836,34.285,0.84672,12.849,0.84672,3695.15,0,36.966,0.258216,0.425555,1.80293,4.17474,1.21842,4.9266,0.42336,36.966,0.42336,423.524,0,1.02816,0,0,1.45371,0.425555,1.028160,1,0,39.2455,0,0,0,39.2455,0
65.1272,2.19124,0,0,1.42832,0.0910428,0.36288,3.6288,61.292,0.45285,0,0,0.669652,0.23277,0,0.66528,12.849,1,0.424382,0.36288,0,35.4904,4.87276,30.5561,0.84672,12.849,0.84672,3695.15,0,36.966,0.273048,0.413545,1.80311,3.95899,1.25202,4.65057,0.42336,36.966,0.42336,423.524,0,1.02816,0,0,1.4417,0.413545,1.028160,1,0,35.2067,0,0,0,35.2067,0
63.8202,2.21833,0,0,1.37495,0.10069,0.36288,3.6288,61.308,0.428214,0,0,0.765487,0.298679,0.0226253,0.66528,12.849,1,0.437656,0.36288,0,32.8539,5.7392,27.04,0.84672,12.849,0.84672,3695.15,0,36.966,0.258262,0.457065,1.84535,3.70873,1.45366,4.29923,0.42336,36.966,0.42336,423.524,0,1.02816,0,0,1.48522,0.457065,1.028160,1,0,31.3618,0,0,0,31.3618,0
62.4039,2.21165,0,0,1.2578,0.0996339,0.36288,3.6288,61.3005,0.428256,0,0,0.719479,0.298709,0,0.66528,12.849,1,0.445274,0.36288,0,30.8902,5.7392,25.0686,0.84672,12.849,0.84672,3695.15,0,36.966,0.25822,0.429183,1.82246,3.77495,1.45366,4.31472,0.42336,36.966,0.42336,423.524,0,1.02816,0,0,1.45734,0.429183,1.028160,1,0,29.3833,0,0,0,29.3833,0
60.8773,2.20405,0,0,1.13886,0.0984896,0.36288,3.6288,61.261,0.428237,0,0,0.687424,0.298695,0,0.66528,12.849,1,0.453816,0.36288,0,29.0924,5.7392,23.2623,0.84672,12.849,0.84672,3695.15,0,36.966,0.258239,0.280619,1.82264,3.5099,1.45366,3.90126,0.42336,36.966,0.42336,423.524,0,1.02816,0,0,1.30878,0.280619,1.028160,1,0,27.1636,0,0,0,27.1636,0
59.0812,2.34537,0,0,0.995976,0.0838242,0.36288,3.6288,61.1202,0.516973,0,0,0.682534,0.306388,0,0.66528,12.849,1,0.495023,0.36288,0,27.7023,5.96352,21.6066,0.84672,12.849,0.84672,3695.15,0,36.966,0.311951,0.259736,1.82281,3.54744,1.49848,3.81956,0.42336,36.966,0.42336,423.524,0,1.02816,0,0,1.2879,0.259736,1.028160,1,0,25.4262,0,0,0,25.4262,0
57.2242,2.3829,0,0,0.990377,0.101632,0.36288,3.6288,60.8937,0.537564,0,0,0.629308,0.318239,0,0.66528,12.849,1,0.518234,0.36288,0,23.1261,6.18015,16.7906,0.84672,12.849,0.84672,3695.15,0,36.966,0.325123,0.227405,1.96707,2.88001,1.49321,3.25616,0.42336,36.966,0.42336,423.524,0,0.934667,0,0,1.16207,0.227405,1.028160,1,0,20.0467,0,0,0,20.0467,0
55.5325,2.36968,0,0,1.13905,0.0981988,0.36288,3.6288,60.7937,0.478876,0,0,0.710163,0.331308,0,0.66528,12.849,1,0.532082,0.36288,0,24.656,6.41224,18.0745,0.84672,12.849,0.84672,3695.15,0,36.966,0.290705,0.298391,1.93231,2.59445,1.5713,2.96314,0.42336,36.966,0.42336,423.524,0,1.02816,0,0,1.32655,0.298391,1.028160,1,0,21.0377,0,0,0,21.0377,0
53.6299,2.35702,0,0,0.913896,0.0965668,0.36288,3.6288,60.4374,0.58357,0,0,0.55842,0.331098,0,0.66528,12.849,1,0.545363,0.36288,0,29.0008,6.41224,22.406,0.84672,12.849,0.84672,3695.15,0,36.966,0.354844,0.204422,1.93272,2.1552,1.5713,2.36619,0.42336,36.966,0.42336,423.524,0,0.859715,0,0,1.06414,0.204422,1.028160,1,0,24.7722,0,0,0,24.7722,0
51.9127,2.34192,0,0,1.08236,0.0947313,0.36288,3.6288,60.4815,0.477994,0,0,0.85241,0.33035,0,0.66528,12.849,1,0.561092,0.36288,0,24.8921,6.41224,18.2816,0.84672,12.849,0.84672,3695.15,0,36.966,0.292361,0.572607,1.93314,2.91448,1.5713,3.55656,0.42336,36.966,0.42336,423.524,0,1.02816,0,0,1.60077,0.572607,1.028160,1,0,21.8382,0,0,0,21.8382,0
50.6932,2.25652,0,0,1.48579,0.0859442,0.36288,3.6288,60.5196,0.424647,0,0,0.785893,0.323159,0,0.66528,12.849,1,0.558516,0.36288,0,27.286,5.89695,21.1934,0.84672,12.849,0.84672,3695.15,0,36.966,0.259542,0.291419,1.93356,3.62758,1.51263,4.08039,0.42336,36.966,0.42336,423.524,0,1.02816,0,0,1.31958,0.291419,1.028160,1,0,25.2738,0,0,0,25.2738,0
49.8968,2.24475,0,0,1.88674,0.0754705,0.36288,3.6288,61.2176,0.426176,0,0,1.43777,0.313522,0,0.66528,12.849,1,0.568968,0.36288,0,26.2203,5.20989,20.8043,0.84672,12.849,0.84672,3695.15,0,36.966,0.260313,1.18999,1.8505,5.25385,1.43439,6.59963,0.42336,36.966,0.42336,423.524,0,1.02816,0,0,2.21815,1.18999,1.028160,1,0,27.404,0,0,0,27.404,0
48.8581,2.2383,0,0,1.63733,0.0748396,0.36288,3.6288,61.2703,0.428027,0,0,0.795597,0.314913,0,0.66528,12.849,1,0.576388,0.36288,0,26.9234,5.20989,21.5,0.84672,12.849,0.84672,3695.15,0,36.966,0.258462,0.26403,1.85203,3.89701,1.43439,4.32021,0.42336,36.966,0.42336,423.524,0,1.02816,0,0,1.29219,0.26403,1.028160,1,0,25.8202,0,0,0,25.8202,0
47.7846,2.22937,0,0,1.59272,0.0740117,0.36288,3.6288,61.2238,0.467493,0,0,0.736033,0.315018,0,0.66528,12.849,1,0.586294,0.36288,0,24.5938,5.20989,19.1605,0.84672,12.849,0.84672,3695.15,0,36.966,0.282051,0.216518,1.85221,3.82921,1.43439,4.1815,0.42336,36.966,0.42336,423.524,0,0.965105,0,0,1.18162,0.216518,1.028160,1,0,23.342,0,0,0,23.342,0
48.278,2.1624,0,0,3.20185,0.183117,0.36288,3.6288,61.308,0.378876,0,0,1.57861,0.208853,0.906701,0.66528,12.849,1,0.581458,0.36288,0,66.8698,3.75648,62.8947,0.84672,12.849,0.84672,3695.15,0,36.966,0.22876,0.670196,1.85239,9.64805,0.980109,10.9618,0.42336,36.966,0.42336,423.524,0,1.02816,0,0,1.69836,0.670196,1.028160,1,0,74.7632,0,0,0,74.7632,0
46.9832,2.10558,0,0,1.35626,0.182656,0.36288,3.6288,61.1492,0.616542,0,0,0.696032,0.238245,0,0.66528,12.849,1,0.560391,0.36288,0,29.4055,4.35025,24.8578,0.84672,12.849,0.84672,3695.15,0,36.966,0.371747,0.216518,1.77802,4.15498,1.08836,4.68941,0.42336,36.966,0.42336,423.524,0,0.726343,0,0,0.942862,0.216518,1.028160,1,0,29.5472,0,0,0,29.5472,0
46.2855,2.09419,0,0,1.93948,0.180083,0.36288,3.6288,60.824,0.740764,0,0,0.653476,0.238006,0,0.66528,12.849,1,0.572721,0.36288,0,36.4567,4.35025,31.8966,0.84672,12.849,0.84672,3695.15,0,36.966,0.42336,0.292723,1.82433,4.75716,1.08836,5.36249,0.42336,36.966,0.42336,423.524,0,0.550508,0,0,0.843231,0.292723,1.028160,1,0,37.2591,0,0,0,37.2591,0
48.7395,2.08817,0,0,5.08373,0.178697,0.36288,3.6288,61.308,0.426976,0,0,1.95454,0.237516,0.806,0.66528,12.849,1,0.579683,0.36288,0,81.0156,4.35025,76.4486,0.84672,12.849,0.84672,3695.15,0,36.966,0.259496,1.86877,1.8245,9.62214,1.08836,11.9676,0.42336,36.966,0.42336,423.524,0,1.02816,0,0,2.89693,1.86877,1.028160,1,0,89.2221,0,0,0,89.2221,0
49.7497,1.94829,0,0,3.51619,0.194856,0.36288,3.6288,61.308,0.325713,0,0,1.3278,0.242871,0.759211,0.66528,12.849,1,0.513621,0.36288,0,61.0062,4.22744,56.628,0.84672,12.849,0.84672,3695.15,0,36.966,0.19639,0.944801,1.82468,5.59944,1.04593,7.1266,0.42336,36.966,0.42336,423.524,0,1.02816,0,0,1.97296,0.944801,1.028160,1,0,64.5138,0,0,0,64.5138,0
51.1083,1.82667,0,0,3.79058,0.242417,0.36288,3.6288,61.308,0.428232,0,0,1.65958,0.226432,1.00491,0.66528,12.849,1,0.471779,0.36288,0,64.2954,4.44989,59.7366,0.84672,12.849,0.84672,3695.15,0,36.966,0.258205,1.49532,1.6591,7.75386,1.12934,9.52072,0.42336,36.966,0.42336,423.524,0,1.02816,0,0,2.52348,1.49532,1.028160,1,0,70.2623,0,0,0,70.2623,0
52.2668,1.83738,0,0,3.61155,0.252774,0.36288,3.6288,61.308,0.428232,0,0,1.34438,0.21523,0.700921,0.66528,12.849,1,0.46193,0.36288,0,80.6812,4.66168,75.9204,0.84672,12.849,0.84672,3695.15,0,36.966,0.258205,1.29834,1.75543,7.39847,1.20513,8.9889,0.42336,36.966,0.42336,423.524,0,1.02816,0,0,2.3265,1.29834,1.028160,1,0,85.6103,0,0,0,85.6103,0
54.8116,1.84629,0,0,5.00985,0.255835,0.36288,3.6288,61.308,0.428232,0,0,1.49724,0.21523,0.85378,0.66528,12.849,1,0.453882,0.36288,0,84.1113,4.66168,79.3586,0.84672,12.849,0.84672,3695.15,0,36.966,0.258205,1.34648,1.75559,9.07114,1.20513,10.7099,0.42336,36.966,0.42336,423.524,0,1.02816,0,0,2.37464,1.34648,1.028160,1,0,90.9222,0,0,0,90.9222,0
57.7247,1.86406,0,0,5.38847,0.248444,0.36288,3.6288,61.308,0.428232,0,0,4.27299,0.202829,3.64193,0.66528,12.849,1,0.436975,0.36288,0,140.994,4.23292,136.687,0.84672,12.849,0.84672,3695.15,0,36.966,0.258205,3.31518,1.75575,13.2286,1.15157,16.8898,0.42336,36.966,0.42336,423.524,0,1.02816,0,0,4.34334,3.31518,1.028160,1,0,157.219,0,0,0,157.219,0
59.9407,1.94796,0,0,4.77329,0.246513,0.36288,3.6288,61.308,0.457953,0,0,2.84838,0.189523,2.20091,0.66528,12.849,1,0.433597,0.36288,0,85.4479,3.76945,81.6077,0.84672,12.849,0.84672,3695.15,0,36.966,0.276126,2.6251,1.75591,11.6802,1.06723,14.7179,0.42336,36.966,0.42336,423.524,0,1.02816,0,0,3.65326,2.6251,1.028160,1,0,98.5265,0,0,0,98.5265,0
61.2711,2.0011,0,0,3.95054,0.256152,0.36288,3.6288,61.308,0.428231,0,0,2.85193,0.179511,2.24418,0.66528,12.849,1,0.428959,0.36288,0,101.212,3.41471,97.7308,0.84672,12.849,0.84672,3695.15,0,36.966,0.258204,3.14486,1.80781,11.0412,0.956825,14.7789,0.42336,36.966,0.42336,423.524,0,1.02816,0,0,4.17302,3.14486,1.028160,1,0,114.754,0,0,0,114.754,0
62.8405,2.00951,0,0,4.20095,0.259119,0.36288,3.6288,61.308,0.428231,0,0,4.12989,0.179511,3.52215,0.66528,12.849,1,0.421409,0.36288,0,89.6197,3.41471,86.1465,0.84672,12.849,0.84672,3695.15,0,36.966,0.258204,4.5046,1.78009,13.7997,0.956825,18.8694,0.42336,36.966,0.42336,423.524,0,1.02816,0,0,5.53276,4.5046,1.028160,1,0,108.538,0,0,0,108.538,0
65.8068,2.01896,0,0,5.61063,0.262487,0.36288,3.6288,61.308,0.428231,0,0,3.2486,0.179511,2.64085,0.66528,12.849,1,0.412817,0.36288,0,82.0293,3.41471,78.5646,0.84672,12.849,0.84672,3695.15,0,36.966,0.258204,3.87408,1.78025,14.5703,0.956825,19.0096,0.42336,36.966,0.42336,423.524,0,1.02816,0,0,4.90224,3.87408,1.028160,1,0,100.215,0,0,0,100.215,0
70.5047,2.24944,0,0,7.61167,0.301488,0.36288,3.6288,61.308,0.539909,0,0,3.79032,0.209125,3.04129,0.66528,12.849,1,0.43921,0.36288,0,192.319,3.70581,188.537,0.84672,12.849,0.84672,3695.15,0,36.966,0.325541,4.85093,1.78041,17.5554,1.03708,22.8242,0.42336,36.966,0.42336,423.524,0,1.02816,0,0,5.87909,4.85093,1.028160,1,0,214.403,0,0,0,214.403,0
72.29,2.42638,0,0,7.51378,0.310683,2.9914,3.6288,61.308,0.428255,0,0,5.4323,0.114793,4.88926,0.66528,12.849,1,0.442192,2.9914,0,211.18,3.16293,210.566,0.84672,12.849,0.84672,3695.15,0,36.966,0.258218,8.30443,1.96686,19.5863,0.801244,28.7981,0.42336,36.966,0.42336,423.524,0,1.02816,0,0,9.33259,8.30443,1.028160,1,0,244.253,0,0,0,244.253,0
72.29,2.43646,0,0,5.95511,0.312514,3.20613,3.6288,61.308,0.428255,0,0,3.63398,0.102026,3.1037,0.66528,12.849,1,0.433063,3.20613,0,155.346,3.06275,155.057,0.84672,12.849,0.84672,3695.15,0,36.966,0.258218,3.66181,1.8623,12.986,0.767448,17.4844,0.42336,36.966,0.42336,423.524,0,1.02816,0,0,4.68997,3.66181,1.028160,1,0,175.645,0,0,0,175.645,0
72.29,2.43727,0,0,5.01035,0.307629,2.26545,3.6288,61.308,0.428255,0,0,3.21592,0.108789,2.67888,0.66528,12.849,1,0.433206,2.26545,0,114.219,3.07578,112.976,0.84672,12.849,0.84672,3695.15,0,36.966,0.258219,2.81036,1.86247,10.8764,0.778914,14.5121,0.42336,36.966,0.42336,423.524,0,1.02816,0,0,3.83852,2.81036,1.028160,1,0,130.166,0,0,0,130.166,0
72.29,2.12778,0,0,6.29783,0.278314,3.89174,3.6288,61.308,0.278258,0,0,4.52415,0.149368,4.09652,0.66528,12.849,1,0.378196,3.89174,0,132.897,3.15399,133.257,0.84672,12.849,0.84672,3695.15,0,36.966,0.167777,4.7317,1.86265,22.931,0.847709,28.5099,0.42336,36.966,0.42336,423.524,0,1.02816,0,0,5.75986,4.7317,1.028160,1,0,165.863,0,0,0,165.863,0
72.1251,1.92437,0,0,2.41631,0.293996,0.36288,3.6288,61.308,0.428224,0,0,1.62295,0.0852887,1.10943,0.66528,12.849,1,0.342042,0.36288,0,71.0237,3.93636,67.1082,0.84672,12.849,0.84672,3695.15,0,36.966,0.2582,1.80288,1.60858,9.32247,1.0598,11.4159,0.42336,36.966,0.42336,423.524,0,1.02816,0,0,2.83104,1.80288,1.028160,1,0,79.6336,0,0,0,79.6336,0
71.4082,1.9244,0,0,1.8666,0.296238,0.36288,3.6288,61.308,0.428224,0,0,1.48891,0.0746089,0.986081,0.66528,12.849,1,0.34283,0.36288,0,59.6748,4.06675,55.628,0.84672,12.849,0.84672,3695.15,0,36.966,0.2582,1.77491,1.74941,8.84771,1.09515,11.0187,0.42336,36.966,0.42336,423.524,0,1.02816,0,0,2.80307,1.77491,1.028160,1,0,67.6328,0,0,0,67.6328,0
72.29,1.92219,0,0,6.12655,0.294625,3.02789,3.6288,61.308,0.428224,0,0,4.34881,0.0746089,3.84597,0.66528,12.849,1,0.345873,3.02789,0,116.349,4.06675,114.964,0.84672,12.849,0.84672,3695.15,0,36.966,0.2582,5.33855,1.74957,24.3204,1.09515,30.0552,0.42336,36.966,0.42336,423.524,0,1.02816,0,0,6.36671,5.33855,1.028160,1,0,148.865,0,0,0,148.865,0
72.29,1.92647,0,0,6.10207,0.298568,3.87703,3.6288,61.308,0.428224,0,0,4.91482,0.113271,4.37333,0.66528,12.849,1,0.342416,3.87703,0,210.379,4.03128,209.882,0.84672,12.849,0.84672,3695.15,0,36.966,0.2582,5.50216,1.74972,25.8964,1.05441,31.8357,0.42336,36.966,0.42336,423.524,0,1.02816,0,0,6.53032,5.50216,1.028160,1,0,246.091,0,0,0,246.091,0
72.29,2.00536,0,0,6.8782,0.271784,4.60106,3.6288,61.308,0.464957,0,0,4.20617,0.130955,3.61026,0.66528,12.849,1,0.356438,4.60106,0,196.26,4.27668,196.228,0.84672,12.849,0.84672,3695.15,0,36.966,0.280348,4.53721,1.74988,21.282,1.13846,26.1502,0.42336,36.966,0.42336,423.524,0,1.02816,0,0,5.56537,4.53721,1.028160,1,0,225.989,0,0,0,225.989,0
72.29,2.05607,0,0,7.79878,0.235941,5.50676,3.6288,61.308,0.428231,0,0,4.063,0.151955,3.48282,0.66528,12.849,1,0.365452,5.50676,0,245.534,4.60625,246.069,0.84672,12.849,0.84672,3695.15,0,36.966,0.258205,4.57332,1.81278,19.4105,1.25325,24.2851,0.42336,36.966,0.42336,423.524,0,1.02816,0,0,5.60148,4.57332,1.028160,1,0,273.837,0,0,0,273.837,0
72.29,2.0568,0,0,4.77645,0.235941,2.48371,3.6288,61.308,0.428231,0,0,2.71549,0.151955,2.13531,0.66528,12.849,1,0.365581,2.48371,0,141.577,4.60625,139.089,0.84672,12.849,0.84672,3695.15,0,36.966,0.258205,2.96066,1.77849,13.4627,1.25325,16.6904,0.42336,36.966,0.42336,423.524,0,1.02816,0,0,3.98882,2.96066,1.028160,1,0,157.914,0,0,0,157.914,0
72.29,2.05753,0,0,4.02732,0.235941,1.73385,3.6288,61.308,0.428231,0,0,2.37711,0.151955,1.79692,0.66528,12.849,1,0.365711,1.73385,0,108.035,4.60625,104.797,0.84672,12.849,0.84672,3695.15,0,36.966,0.258205,2.74461,1.77865,12.2661,1.25325,15.2779,0.42336,36.966,0.42336,423.524,0,1.02816,0,0,3.77277,2.74461,1.028160,1,0,121.872,0,0,0,121.872,0
72.29,2.02766,0,0,3.69934,0.230868,1.4408,3.6288,61.308,0.413953,0,0,2.19753,0.157705,1.62587,0.66528,12.849,1,0.360402,1.4408,0,94.4845,4.60383,90.961,0.84672,12.849,0.84672,3695.15,0,36.966,0.249595,2.45205,1.77881,11.4537,1.2378,14.1972,0.42336,36.966,0.42336,423.524,0,1.02816,0,0,3.48021,2.45205,1.028160,1,0,106.784,0,0,0,106.784,0
72.29,2.00895,0,0,3.79223,0.200431,1.58285,3.6288,61.308,0.428229,0,0,2.03652,0.192205,1.41608,0.66528,12.849,1,0.357076,1.58285,0,105.348,4.58934,101.985,0.84672,12.849,0.84672,3695.15,0,36.966,0.258203,2.00672,1.75454,12.1736,1.14509,14.5316,0.42336,36.966,0.42336,423.524,0,1.02816,0,0,3.03488,2.00672,1.028160,1,0,117.932,0,0,0,117.932,0
72.29,2.00967,0,0,4.12197,0.200431,1.91187,3.6288,61.308,0.428229,0,0,2.53633,0.192205,1.9159,0.66528,12.849,1,0.357204,1.91187,0,110.007,4.58934,106.972,0.84672,12.849,0.84672,3695.15,0,36.966,0.258203,4.04447,1.76809,13.1521,1.14509,17.5613,0.42336,36.966,0.42336,423.524,0,1.02816,0,0,5.07263,4.04447,1.028160,1,0,126.45,0,0,0,126.45,0
72.29,2.01039,0,0,3.64788,0.131927,1.50556,3.6288,61.308,0.428229,0,0,2.20435,0.213259,1.56286,0.66528,12.849,1,0.357332,1.50556,0,92.9785,4.94736,89.1794,0.84672,12.849,0.84672,3695.15,0,36.966,0.258203,3.49968,1.76825,11.2489,1.29721,14.9614,0.42336,36.966,0.42336,423.524,0,1.02816,0,0,4.52784,3.49968,1.028160,1,0,105.704,0,0,0,105.704,0
72.29,2.11505,0,0,3.24891,0.12051,1.01334,3.6288,61.308,0.478906,0,0,1.95183,0.216767,1.25615,0.66528,12.849,1,0.375935,1.01334,0,82.8775,5.00703,78.5079,0.84672,12.849,0.84672,3695.15,0,36.966,0.288759,3.05653,1.7684,10.5558,1.32256,13.7694,0.42336,36.966,0.42336,423.524,0,1.02816,0,0,4.08469,3.05653,1.028160,1,0,93.5335,0,0,0,93.5335,0
72.29,2.18477,0,0,2.93349,0.121784,0.626936,3.6288,61.308,0.428239,0,0,1.85169,0.179926,1.24352,0.66528,12.849,1,0.388326,0.626936,0,69.1278,4.42233,64.9441,0.84672,12.849,0.84672,3695.15,0,36.966,0.258209,2.40487,1.85427,8.87846,1.09763,11.7818,0.42336,36.966,0.42336,423.524,0,1.02816,0,0,3.43303,2.40487,1.028160,1,0,77.9693,0,0,0,77.9693,0
72.2082,2.18552,0,0,2.58891,0.122294,0.36288,3.6288,61.308,0.428239,0,0,1.65199,0.165189,1.05856,0.66528,12.849,1,0.38846,0.36288,0,58.4399,4.18845,54.2259,0.84672,12.849,0.84672,3695.15,0,36.966,0.258209,1.95221,1.8069,7.15694,1.00766,9.65019,0.42336,36.966,0.42336,423.524,0,1.02816,0,0,2.98037,1.95221,1.028160,1,0,64.9346,0,0,0,64.9346,0
71.9791,2.1859,0,0,2.44185,0.122218,0.36288,3.6288,61.308,0.428239,0,0,1.31929,0.165189,0.725865,0.66528,12.849,1,0.388968,0.36288,0,53.9915,4.18845,49.777,0.84672,12.849,0.84672,3695.15,0,36.966,0.258209,1.61206,1.80707,6.72149,1.00766,8.87475,0.42336,36.966,0.42336,423.524,0,1.02816,0,0,2.64022,1.61206,1.028160,1,0,59.3776,0,0,0,59.3776,0
71.6592,2.18561,0,0,2.35204,0.123397,0.36288,3.6288,61.308,0.428239,0,0,1.14354,0.219885,0.495414,0.66528,12.849,1,0.390154,0.36288,0,49.0657,5.1206,43.9178,0.84672,12.849,0.84672,3695.15,0,36.966,0.258209,1.50696,1.80724,6.48164,1.19856,8.33908,0.42336,36.966,0.42336,423.524,0,1.02816,0,0,2.53512,1.50696,1.028160,1,0,52.7523,0,0,0,52.7523,0
71.2777,2.16434,0,0,2.24971,0.104049,0.36288,3.6288,61.308,0.456121,0,0,1.09604,0.248112,0.391811,0.66528,12.849,1,0.388081,0.36288,0,47.0751,5.53214,41.5178,0.84672,12.849,0.84672,3695.15,0,36.966,0.275021,1.41369,1.8074,6.07201,1.234,7.78408,0.42336,36.966,0.42336,423.524,0,1.02816,0,0,2.44185,1.41369,1.028160,1,0,49.6937,0,0,0,49.6937,0
70.7498,2.20119,0,0,2.13016,0.0939306,0.36288,3.6288,61.308,0.428245,0,0,1.10843,0.227469,0.452711,0.66528,12.849,1,0.396802,0.36288,0,44.6206,5.10374,39.4829,0.84672,12.849,0.84672,3695.15,0,36.966,0.258213,1.30678,1.83756,5.54821,1.0764,7.35794,0.42336,36.966,0.42336,423.524,0,1.02816,0,0,2.33494,1.30678,1.028160,1,0,47.2936,0,0,0,47.2936,0
70.0137,2.19945,0,0,1.9198,0.0935514,0.36288,3.6288,61.308,0.428245,0,0,1.0322,0.227469,0.376489,0.66528,12.849,1,0.399445,0.36288,0,41.3566,5.10374,36.2163,0.84672,12.849,0.84672,3695.15,0,36.966,0.258213,1.00948,1.81158,5.28261,1.0764,6.76905,0.42336,36.966,0.42336,423.524,0,1.02816,0,0,2.03764,1.00948,1.028160,1,0,43.3618,0,0,0,43.3618,0
69.2204,2.19665,0,0,1.83581,0.0696332,0.36288,3.6288,61.308,0.428245,0,0,0.975828,0.282314,0.265268,0.66528,12.849,1,0.403132,0.36288,0,37.2852,5.80948,31.4355,0.84672,12.849,0.84672,3695.15,0,36.966,0.258213,0.983707,1.81175,5.01903,1.33401,6.22226,0.42336,36.966,0.42336,423.524,0,1.02816,0,0,2.01187,0.983707,1.028160,1,0,37.923,0,0,0,37.923,0
68.1876,2.24634,0,0,1.63634,0.0599082,0.36288,3.6288,61.308,0.453115,0,0,0.914725,0.304252,0.157358,0.66528,12.849,1,0.416976,0.36288,0,33.8742,6.09179,27.7283,0.84672,12.849,0.84672,3695.15,0,36.966,0.273208,0.944283,1.81191,4.85514,1.43706,5.90107,0.42336,36.966,0.42336,423.524,0,1.02816,0,0,1.97244,0.944283,1.028160,1,0,33.7867,0,0,0,33.7867,0
67.5773,2.27534,0,0,2.09603,0.0680674,0.36288,3.6288,61.308,0.428251,0,0,1.13055,0.317155,0.385147,0.66528,12.849,1,0.428755,0.36288,0,37.5502,5.55303,31.9313,0.84672,12.849,0.84672,3695.15,0,36.966,0.258216,1.06632,1.85462,4.90609,1.47458,6.09423,0.42336,36.966,0.42336,423.524,0,1.02816,0,0,2.09448,1.06632,1.028160,1,0,38.4107,0,0,0,38.4107,0
66.6966,2.27285,0,0,1.82276,0.0677421,0.36288,3.6288,61.308,0.428251,0,0,1.06247,0.317155,0.317064,0.66528,12.849,1,0.432155,0.36288,0,35.5263,5.55303,29.904,0.84672,12.849,0.84672,3695.15,0,36.966,0.258216,0.889479,1.83147,4.77435,1.47458,5.7625,0.42336,36.966,0.42336,423.524,0,1.02816,0,0,1.91764,0.889479,1.028160,1,0,35.9836,0,0,0,35.9836,0
65.6761,2.26884,0,0,1.67848,0.0672726,0.36288,3.6288,61.308,0.428251,0,0,1.04101,0.317155,0.295602,0.66528,12.849,1,0.437088,0.36288,0,33.5064,5.55303,27.8792,0.84672,12.849,0.84672,3695.15,0,36.966,0.258216,0.790862,1.83164,4.72602,1.47458,5.61573,0.42336,36.966,0.42336,423.524,0,1.02816,0,0,1.81902,0.790862,1.028160,1,0,33.7905,0,0,0,33.7905,0
64.2397,2.41746,0,0,1.39352,0.0495384,0.36288,3.6288,61.308,0.518092,0,0,1.03537,0.322109,0.195165,0.66528,12.849,1,0.472957,0.36288,0,31.7749,5.84732,25.8175,0.84672,12.849,0.84672,3695.15,0,36.966,0.312386,0.779786,1.83181,4.50087,1.46031,5.33977,0.42336,36.966,0.42336,423.524,0,1.02816,0,0,1.80795,0.779786,1.028160,1,0,31.3524,0,0,0,31.3524,0
62.8883,2.44411,0,0,1.50937,0.05386,0.36288,3.6288,61.308,0.492163,0,0,0.996615,0.339127,0.165325,0.66528,12.849,1,0.488861,0.36288,0,29.7752,5.52006,24.1291,0.84672,12.849,0.84672,3695.15,0,36.966,0.296753,0.479762,1.97765,4.44873,1.47765,5.13174,0.42336,36.966,0.42336,423.524,0,1.02816,0,0,1.50792,0.479762,1.028160,1,0,29.4262,0,0,0,29.4262,0
61.6203,2.43589,0,0,1.59522,0.0644352,0.36288,3.6288,61.308,0.492399,0,0,0.966859,0.333945,0.140516,0.66528,12.849,1,0.497688,0.36288,0,26.8512,5.38778,21.3286,0.84672,12.849,0.84672,3695.15,0,36.966,0.296895,0.42425,1.95351,4.91648,1.58227,5.41508,0.42336,36.966,0.42336,423.524,0,1.02816,0,0,1.45241,0.42425,1.028160,1,0,26.8842,0,0,0,26.8842,0
60.2581,2.42792,0,0,1.48977,0.0611529,0.36288,3.6288,61.308,0.492634,0,0,0.959705,0.332741,0.134331,0.66528,12.849,1,0.506267,0.36288,0,26.7465,5.47239,21.1307,0.84672,12.849,0.84672,3695.15,0,36.966,0.297036,1.05938,1.95392,4.82995,1.60383,5.94239,0.42336,36.966,0.42336,423.524,0,1.02816,0,0,2.08754,1.05938,1.028160,1,0,27.2074,0,0,0,27.2074,0
58.8344,2.41899,0,0,1.4186,0.0604614,0.36288,3.6288,61.308,0.492869,0,0,0.938874,0.332741,0.113264,0.66528,12.849,1,0.515807,0.36288,0,25.4761,5.47239,19.8508,0.84672,12.849,0.84672,3695.15,0,36.966,0.297178,1.01898,1.95432,4.70605,1.60383,5.77835,0.42336,36.966,0.42336,423.524,0,1.02816,0,0,2.04714,1.01898,1.028160,1,0,25.7424,0,0,0,25.7424,0
57.5618,2.33573,0,0,1.46397,0.0379401,0.36288,3.6288,61.308,0.438518,0,0,0.83376,0.348726,0.0465162,0.66528,12.849,1,0.510107,0.36288,0,23.7826,5.7018,17.9335,0.84672,12.849,0.84672,3695.15,0,36.966,0.264407,0.721881,1.95473,4.79587,1.66321,5.54486,0.42336,36.966,0.42336,423.524,0,1.02816,0,0,1.75004,0.721881,1.028160,1,0,23.5249,0,0,0,23.5249,0
56.2837,2.327,0,0,1.51513,0.103377,0.36288,3.6288,61.1975,0.521296,0,0,0.710605,0.299778,0,0.66528,12.849,1,0.519434,0.36288,0,19.3571,4.08167,15.1188,0.84672,12.849,0.84672,3695.15,0,36.966,0.314318,0.204422,1.87075,5.08084,1.26344,5.57825,0.42336,36.966,0.42336,423.524,0,0.89583,0,0,1.10025,0.204422,1.028160,1,0,20.6971,0,0,0,20.6971,0
55.2443,2.31787,0,0,1.75694,0.115559,0.36288,3.6288,61.308,0.438668,0,0,0.922139,0.304596,0.0684052,0.66528,12.849,1,0.529148,0.36288,0,20.331,4.16304,16.0017,0.84672,12.849,0.84672,3695.15,0,36.966,0.264975,0.310072,1.87113,7.00678,1.31004,7.61298,0.42336,36.966,0.42336,423.524,0,1.02816,0,0,1.33823,0.310072,1.028160,1,0,23.6831,0,0,0,23.6831,0
54.1605,2.31028,0,0,1.70369,0.114368,0.36288,3.6288,61.308,0.43919,0,0,0.917931,0.304809,0.173931,0.66528,12.849,1,0.537336,0.36288,0,28.0594,4.16304,23.7219,0.84672,12.849,0.84672,3695.15,0,36.966,0.264812,0.302184,1.87152,7.02544,1.31004,7.6243,0.42336,36.966,0.42336,423.524,0,1.02816,0,0,1.33034,0.302184,1.028160,1,0,31.5202,0,0,0,31.5202,0
53.3535,2.2426,0,0,1.91161,0.113126,0.36288,3.6288,61.308,0.389686,0,0,1.30683,0.304809,0.612331,0.66528,12.849,1,0.532032,0.36288,0,65.8169,4.16304,61.4847,0.84672,12.849,0.84672,3695.15,0,36.966,0.234963,0.607668,1.87191,9.72389,1.31004,10.6585,0.42336,36.966,0.42336,423.524,0,1.02816,0,0,1.63583,0.607668,1.028160,1,0,72.7555,0,0,0,72.7555,0
51.8123,2.18703,0,0,1.18109,0.172304,0.36288,3.6288,61.2922,0.50205,0,0,0.716974,0.230681,0,0.66528,12.849,1,0.526699,0.36288,0,39.029,4.17636,34.6889,0.84672,12.849,0.84672,3695.15,0,36.966,0.302714,0.216518,1.79693,6.53208,1.00493,7.23788,0.42336,36.966,0.42336,423.524,0,0.909859,0,0,1.12638,0.216518,1.028160,1,0,41.9267,0,0,0,41.9267,0
50.1958,2.17522,0,0,1.10101,0.179451,0.36288,3.6288,60.6531,0.890117,0,0,0.469232,0.218304,0,0.66528,12.849,1,0.539434,0.36288,0,35.9665,4.17858,31.6114,0.84672,12.849,0.84672,3695.15,0,36.966,0.42336,0.216518,1.83327,5.81339,0.95408,6.48574,0.42336,36.966,0.42336,423.524,0,0.401146,0,0,0.617664,0.216518,1.028160,1,0,38.0971,0,0,0,38.0971,0
50.2281,2.16212,0,0,2.73377,0.176441,0.36288,3.6288,61.2537,0.426516,0,0,1.24455,0.217422,0,0.66528,12.849,1,0.553453,0.36288,0,59.3876,4.17858,55.0184,0.84672,12.849,0.84672,3695.15,0,36.966,0.259947,0.679337,1.83344,8.89307,0.95408,10.1918,0.42336,36.966,0.42336,423.524,0,1.02816,0,0,1.7075,0.679337,1.028160,1,0,65.2102,0,0,0,65.2102,0
51.4971,1.9966,0,0,3.805,0.176502,0.36288,3.6288,61.308,0.324484,0,0,1.72592,0.218251,1.12885,0.66528,12.849,1,0.510756,0.36288,0,89.6362,4.17858,85.3097,0.84672,12.849,0.84672,3695.15,0,36.966,0.195823,2.0278,1.83362,12.0446,0.95408,14.7561,0.42336,36.966,0.42336,423.524,0,1.02816,0,0,3.05596,2.0278,1.028160,1,0,101.195,0,0,0,101.195,0
52.0651,1.87439,0,0,3.02994,0.224666,0.36288,3.6288,61.308,0.428227,0,0,1.08585,0.205096,0.452526,0.66528,12.849,1,0.467678,0.36288,0,41.4799,3.92817,37.4469,0.84672,12.849,0.84672,3695.15,0,36.966,0.258202,0.396135,1.66622,6.50533,0.946011,7.36348,0.42336,36.966,0.42336,423.524,0,1.02816,0,0,1.4243,0.396135,1.028160,1,0,45.2629,0,0,0,45.2629,0
52.2364,1.87916,0,0,2.6432,0.229871,0.36288,3.6288,61.308,0.428227,0,0,1.33991,0.18303,0.728651,0.66528,12.849,1,0.463753,0.36288,0,53.5038,4.06276,49.3402,0.84672,12.849,0.84672,3695.15,0,36.966,0.258202,0.698648,1.7636,7.79793,1.05132,8.95065,0.42336,36.966,0.42336,423.524,0,1.02816,0,0,1.72681,0.698648,1.028160,1,0,59.0195,0,0,0,59.0195,0
52.718,1.88106,0,0,2.95576,0.230278,0.36288,3.6288,61.308,0.428227,0,0,1.30342,0.18303,0.692165,0.66528,12.849,1,0.462699,0.36288,0,80.412,4.06276,76.2495,0.84672,12.849,0.84672,3695.15,0,36.966,0.258202,1.22016,1.76375,8.96815,1.05132,10.6425,0.42336,36.966,0.42336,423.524,0,1.02816,0,0,2.24832,1.22016,1.028160,1,0,87.5842,0,0,0,87.5842,0
53.0804,1.88513,0,0,2.84185,0.231424,0.36288,3.6288,61.308,0.428227,0,0,1.42464,0.18303,0.813384,0.66528,12.849,1,0.459465,0.36288,0,57.5055,4.06276,53.3462,0.84672,12.849,0.84672,3695.15,0,36.966,0.258202,0.97645,1.76391,7.9818,1.05132,9.41264,0.42336,36.966,0.42336,423.524,0,1.02816,0,0,2.00461,0.97645,1.028160,1,0,63.5722,0,0,0,63.5722,0
53.7513,1.88791,0,0,3.15069,0.22895,0.36288,3.6288,61.308,0.428034,0,0,1.30946,0.182901,0.698526,0.66528,12.849,1,0.457,0.36288,0,73.7115,3.93261,69.6847,0.84672,12.849,0.84672,3695.15,0,36.966,0.258086,0.794863,1.76407,8.25811,0.995728,9.56323,0.42336,36.966,0.42336,423.524,0,1.02816,0,0,1.82302,0.794863,1.028160,1,0,79.9465,0,0,0,79.9465,0
58.0509,1.89547,0,0,6.75417,0.196265,0.36288,3.6288,61.308,0.506543,0,0,1.41871,0.239477,0.672694,0.66528,12.849,1,0.453104,0.36288,0,81.94,3.97561,77.8742,0.84672,12.849,0.84672,3695.15,0,36.966,0.305423,1.67588,1.76389,11.5022,1.08289,13.5536,0.42336,36.966,0.42336,423.524,0,1.02816,0,0,2.70404,1.67588,1.028160,1,0,92.1005,0,0,0,92.1005,0
59.9283,1.92338,0,0,4.36849,0.204848,0.36288,3.6288,61.308,0.506735,0,0,0.85123,0.239477,0.105018,0.66528,12.849,1,0.425722,0.36288,0,63.6731,3.97561,59.6346,0.84672,12.849,0.84672,3695.15,0,36.966,0.305539,0.957381,1.8618,10.7281,1.08289,12.1589,0.42336,36.966,0.42336,423.524,0,1.02816,0,0,1.98554,0.957381,1.028160,1,0,71.8985,0,0,0,71.8985,0
63.9643,1.9348,0,0,6.54439,0.21073,0.36288,3.6288,61.308,0.506926,0,0,2.10857,0.230484,1.37116,0.66528,12.849,1,0.414834,0.36288,0,83.5652,3.91627,79.597,0.84672,12.849,0.84672,3695.15,0,36.966,0.305654,1.97454,1.86214,15.3369,1.06873,17.7992,0.42336,36.966,0.42336,423.524,0,1.02816,0,0,3.0027,1.97454,1.028160,1,0,98.7673,0,0,0,98.7673,0
67.8461,1.95704,0,0,6.43293,0.231195,0.36288,3.6288,61.308,0.507118,0,0,1.62426,0.176528,0.940614,0.66528,12.849,1,0.393126,0.36288,0,122.649,3.56023,119.059,0.84672,12.849,0.84672,3695.15,0,36.966,0.30577,1.6355,1.86248,10.6923,0.98375,12.9008,0.42336,36.966,0.42336,423.524,0,1.02816,0,0,2.66366,1.6355,1.028160,1,0,132.9,0,0,0,132.9,0
72.29,2.19397,0,0,7.23379,0.229972,0.365914,3.6288,61.308,0.620194,0,0,1.0639,0.199857,0.243853,0.66528,12.849,1,0.415504,0.365914,0,196.977,3.65061,193.277,0.84672,12.849,0.84672,3695.15,0,36.966,0.373949,1.10031,1.86281,8.63471,0.980315,10.2436,0.42336,36.966,0.42336,423.524,0,1.02816,0,0,2.12847,1.10031,1.028160,1,0,203.765,0,0,0,203.765,0
72.29,2.21615,0,0,7.32966,0.234482,4.87903,3.6288,61.308,0.620408,0,0,0.994118,0.209189,0.164522,0.66528,12.849,1,0.393904,4.87903,0,106.965,3.68676,107.763,0.84672,12.849,0.84672,3695.15,0,36.966,0.374078,1.12278,2.05145,6.49493,0.978941,8.31613,0.42336,36.966,0.42336,423.524,0,1.02816,0,0,2.15094,1.12278,1.028160,1,0,116.244,0,0,0,116.244,0
72.29,2.21664,0,0,6.25554,0.241712,3.79719,3.6288,61.308,0.620622,0,0,1.03648,0.20542,0.210438,0.66528,12.849,1,0.393991,3.79719,0,97.0108,3.70865,96.7053,0.84672,12.849,0.84672,3695.15,0,36.966,0.374208,1.24146,2.05182,6.40735,0.969358,8.35707,0.42336,36.966,0.42336,423.524,0,1.02816,0,0,2.26962,1.24146,1.028160,1,0,105.273,0,0,0,105.273,0
72.29,2.21714,0,0,6.17529,0.285089,3.67307,3.6288,61.308,0.620836,0,0,1.19855,0.182811,0.394902,0.66528,12.849,1,0.394079,3.67307,0,82.836,3.83996,82.275,0.84672,12.849,0.84672,3695.15,0,36.966,0.374337,2.66792,2.05219,9.80656,0.911858,13.2405,0.42336,36.966,0.42336,423.524,0,1.02816,0,0,3.69608,2.66792,1.028160,1,0,95.9104,0,0,0,95.9104,0
72.29,1.90399,0,0,9.98698,0.334543,7.74845,3.6288,61.308,0.469438,0,0,2.77226,0.178308,2.12452,0.66528,12.849,1,0.338419,7.74845,0,112.698,3.76886,116.34,0.84672,12.849,0.84672,3695.15,0,36.966,0.28305,5.53509,2.05257,17.0354,0.904891,23.4351,0.42336,36.966,0.42336,423.524,0,1.02816,0,0,6.56325,5.53509,1.028160,1,0,141.899,0,0,0,141.899,0
72.29,1.90442,0,0,7.66973,0.354325,5.41099,3.6288,61.308,0.469622,0,0,2.07347,0.176507,1.42734,0.66528,12.849,1,0.338496,5.41099,0,116.548,3.74042,117.88,0.84672,12.849,0.84672,3695.15,0,36.966,0.283161,2.87333,1.79596,11.5287,0.902104,15.0127,0.42336,36.966,0.42336,423.524,0,1.02816,0,0,3.90149,2.87333,1.028160,1,0,134.32,0,0,0,134.32,0
72.29,1.90485,0,0,5.38115,0.354325,3.12197,3.6288,61.308,0.469806,0,0,1.57108,0.176507,0.924768,0.66528,12.849,1,0.338572,3.12197,0,113.483,3.74042,112.526,0.84672,12.849,0.84672,3695.15,0,36.966,0.283272,2.34812,1.79628,10.4117,0.902104,13.3707,0.42336,36.966,0.42336,423.524,0,1.02816,0,0,3.37628,2.34812,1.028160,1,0,126.821,0,0,0,126.821,0
72.29,1.90528,0,0,5.49243,0.297684,3.28947,3.6288,61.308,0.46999,0,0,1.19415,0.146425,0.577736,0.66528,12.849,1,0.338649,3.28947,0,98.7405,3.30444,98.3869,0.84672,12.849,0.84672,3695.15,0,36.966,0.283383,1.75288,1.7966,9.48603,0.839477,11.9127,0.42336,36.966,0.42336,423.524,0,1.02816,0,0,2.78104,1.75288,1.028160,1,0,110.877,0,0,0,110.877,0
72.29,1.90571,0,0,6.15972,0.291924,3.96208,3.6288,61.308,0.470174,0,0,1.78878,0.138403,1.1802,0.66528,12.849,1,0.338726,3.96208,0,121.797,3.10419,122.316,0.84672,12.849,0.84672,3695.15,0,36.966,0.283494,2.77974,1.79692,13.7533,0.79897,17.2475,0.42336,36.966,0.42336,423.524,0,1.02816,0,0,3.8079,2.77974,1.028160,1,0,140.744,0,0,0,140.744,0
72.29,1.98517,0,0,8.45398,0.334166,6.13464,3.6288,61.308,0.507486,0,0,3.00003,0.14843,2.34412,0.66528,12.849,1,0.352849,6.13464,0,195.328,3.03954,198.07,0.84672,12.849,0.84672,3695.15,0,36.966,0.305991,5.48656,1.79725,18.997,0.76033,25.2145,0.42336,36.966,0.42336,423.524,0,1.02816,0,0,6.51472,5.48656,1.028160,1,0,225.629,0,0,0,225.629,0
72.29,1.98562,0,0,7.34651,0.334166,5.02672,3.6288,61.308,0.507678,0,0,2.43851,0.14843,1.7824,0.66528,12.849,1,0.352929,5.02672,0,161.657,3.03954,163.291,0.84672,12.849,0.84672,3695.15,0,36.966,0.306107,4.09557,1.86099,14.9976,0.76033,19.8877,0.42336,36.966,0.42336,423.524,0,1.02816,0,0,5.12373,4.09557,1.028160,1,0,184.961,0,0,0,184.961,0
72.29,1.98607,0,0,5.90475,0.303988,3.61469,3.6288,61.308,0.507869,0,0,1.76073,0.145101,1.10776,0.66528,12.849,1,0.353008,3.61469,0,129.629,3.23724,129.653,0.84672,12.849,0.84672,3695.15,0,36.966,0.306223,2.9759,1.86133,10.0553,0.773185,13.8131,0.42336,36.966,0.42336,423.524,0,1.02816,0,0,4.00406,2.9759,1.028160,1,0,144.574,0,0,0,144.574,0
72.29,1.98651,0,0,5.0757,0.281354,2.80783,3.6288,61.308,0.508061,0,0,1.48642,0.142603,0.835753,0.66528,12.849,1,0.353088,2.80783,0,122.736,3.38552,121.806,0.84672,12.849,0.84672,3695.15,0,36.966,0.306338,1.98681,1.86167,8.49407,0.782827,11.2534,0.42336,36.966,0.42336,423.524,0,1.02816,0,0,3.01497,1.98681,1.028160,1,0,133.895,0,0,0,133.895,0
72.29,1.95604,0,0,4.81503,0.249867,2.60912,3.6288,61.308,0.493822,0,0,1.51945,0.187888,0.837738,0.66528,12.849,1,0.347671,2.60912,0,92.2493,3.59241,90.9183,0.84672,12.849,0.84672,3695.15,0,36.966,0.297752,3.17955,1.862,10.3299,0.890665,14.183,0.42336,36.966,0.42336,423.524,0,1.02816,0,0,4.20771,3.17955,1.028160,1,0,105.939,0,0,0,105.939,0
72.29,1.95648,0,0,3.99846,0.233173,1.80881,3.6288,61.308,0.494011,0,0,0.790802,0.198846,0.0979451,0.66528,12.849,1,0.347749,1.80881,0,77.6779,3.80835,75.3306,0.84672,12.849,0.84672,3695.15,0,36.966,0.297866,1.20158,1.83764,6.58034,0.930497,8.3912,0.42336,36.966,0.42336,423.524,0,1.02816,0,0,2.22974,1.20158,1.028160,1,0,83.8198,0,0,0,83.8198,0
72.29,1.95692,0,0,3.46465,0.233173,1.27455,3.6288,61.2667,0.4942,0,0,0.651784,0.198846,0,0.66528,12.849,1,0.347828,1.27455,0,71.8399,3.80835,68.9583,0.84672,12.849,0.84672,3695.15,0,36.966,0.29798,0.836266,1.83797,5.35959,0.930497,6.80535,0.42336,36.966,0.42336,423.524,0,1.02816,0,0,1.86443,0.836266,1.028160,1,0,75.7636,0,0,0,75.7636,0
72.29,1.95736,0,0,4.06661,0.233173,1.87608,3.6288,61.2875,0.494263,0,0,0.713811,0.198795,0,0.66528,12.849,1,0.347907,1.87608,0,73.4616,3.80835,71.1814,0.84672,12.849,0.84672,3695.15,0,36.966,0.29822,0.887034,1.8383,6.42808,0.930497,7.92471,0.42336,36.966,0.42336,423.524,0,1.02816,0,0,1.91519,0.887034,1.028160,1,0,79.1061,0,0,0,79.1061,0
72.29,2.06286,0,0,3.56017,0.197898,1.29942,3.6288,61.2411,0.545727,0,0,0.703918,0.20462,0,0.66528,12.849,1,0.366657,1.29942,0,64.5386,4.12293,61.3484,0.84672,12.849,0.84672,3695.15,0,36.966,0.329159,0.832836,1.83864,5.83579,0.964094,7.21401,0.42336,36.966,0.42336,423.524,0,1.02816,0,0,1.861,0.832836,1.028160,1,0,68.5624,0,0,0,68.5624,0
72.29,2.06332,0,0,3.27671,0.171442,1.04195,3.6288,61.1858,0.545771,0,0,0.699406,0.208908,0,0.66528,12.849,1,0.36674,1.04195,0,50.0239,4.35887,46.3402,0.84672,12.849,0.84672,3695.15,0,36.966,0.329435,0.831885,1.92559,5.17379,0.989293,6.61253,0.42336,36.966,0.42336,423.524,0,1.02816,0,0,1.86005,0.831885,1.028160,1,0,52.9527,0,0,0,52.9527,0
72.29,2.06378,0,0,2.88804,0.171442,0.652815,3.6288,61.0479,0.545785,0,0,0.616715,0.208834,0,0.66528,12.849,1,0.366822,0.652815,0,47.2898,4.35887,43.217,0.84672,12.849,0.84672,3695.15,0,36.966,0.329741,0.765806,1.92593,5.17701,0.989293,6.54972,0.42336,36.966,0.42336,423.524,0,1.02816,0,0,1.79397,0.765806,1.028160,1,0,49.7667,0,0,0,49.7667,0
72.29,2.06425,0,0,2.63502,0.166692,0.40408,3.6288,60.8663,0.54552,0,0,0.577562,0.213583,0,0.66528,12.849,1,0.366904,0.40408,0,43.2488,4.45668,38.8293,0.84672,12.849,0.84672,3695.15,0,36.966,0.330326,0.681048,1.92628,4.98147,1.01599,6.24249,0.42336,36.966,0.42336,423.524,0,1.02816,0,0,1.70921,0.681048,1.028160,1,0,45.0718,0,0,0,45.0718,0
72.29,2.06471,0,0,2.61047,0.131725,0.414036,3.6288,60.6402,0.545106,0,0,0.552341,0.233428,0,0.66528,12.849,1,0.366987,0.414036,0,42.5769,4.92141,37.7025,0.84672,12.849,0.84672,3695.15,0,36.966,0.33106,0.585533,1.92663,4.41172,1.15425,5.43858,0.42336,36.966,0.42336,423.524,0,1.02816,0,0,1.61369,0.585533,1.028160,1,0,43.1411,0,0,0,43.1411,0
72.29,2.04438,0,0,2.64462,0.115563,0.484677,3.6288,60.4706,0.5726,0,0,0.612506,0.209474,0,0.66528,12.849,1,0.363373,0.484677,0,42.8492,4.61601,38.3545,0.84672,12.849,0.84672,3695.15,0,36.966,0.349054,0.732871,1.92698,4.06623,1.09952,5.2775,0.42336,36.966,0.42336,423.524,0,1.02816,0,0,1.76103,0.732871,1.028160,1,0,43.632,0,0,0,43.632,0
72.1753,2.04484,0,0,2.40862,0.115563,0.36288,3.6288,60.2923,0.572196,0,0,0.603188,0.209248,0,0.66528,12.849,1,0.363454,0.36288,0,41.8529,4.61601,37.2364,0.84672,12.849,0.84672,3695.15,0,36.966,0.349787,0.75962,1.95764,3.92229,1.09952,5.19024,0.42336,36.966,0.42336,423.524,0,1.02816,0,0,1.78778,0.75962,1.028160,1,0,42.4266,0,0,0,42.4266,0
71.823,2.04481,0,0,2.17077,0.115462,0.36288,3.6288,60.0733,0.571759,0,0,0.561712,0.209011,0,0.66528,12.849,1,0.364026,0.36288,0,38.7914,4.61601,34.1743,0.84672,12.849,0.84672,3695.15,0,36.966,0.350553,0.531973,1.95799,3.73452,1.09952,4.77441,0.42336,36.966,0.42336,423.524,0,1.02816,0,0,1.56013,0.531973,1.028160,1,0,38.9487,0,0,0,38.9487,0
71.4007,2.04375,0,0,2.07579,0.0914389,0.36288,3.6288,59.77,0.571171,0,0,0.53104,0.263137,0,0.66528,12.849,1,0.365623,0.36288,0,34.9725,5.32176,29.648,0.84672,12.849,0.84672,3695.15,0,36.966,0.351469,0.512257,1.95835,3.54819,1.35713,4.31019,0.42336,36.966,0.42336,423.524,0,1.02816,0,0,1.54042,0.512257,1.028160,1,0,33.9582,0,0,0,33.9582,0
70.8476,2.09602,0,0,1.99295,0.0871105,0.36288,3.6288,59.4296,0.595165,0,0,0.543624,0.288818,0,0.66528,12.849,1,0.377192,0.36288,0,32.2081,5.7954,26.3984,0.84672,12.849,0.84672,3695.15,0,36.966,0.368092,0.500507,1.95871,2.91366,1.48072,3.52406,0.42336,36.966,0.42336,423.524,0,1.02816,0,0,1.52867,0.500507,1.028160,1,0,29.9225,0,0,0,29.9225,0
70.2269,2.094,0,0,1.9238,0.0876421,0.36288,3.6288,59.0865,0.594074,0,0,0.539883,0.288933,0,0.66528,12.849,1,0.37977,0.36288,0,30.3387,5.82729,24.4945,0.84672,12.849,0.84672,3695.15,0,36.966,0.369521,0.541788,2.00205,2.92539,1.48414,3.61557,0.42336,36.966,0.42336,423.524,0,1.02816,0,0,1.56995,0.541788,1.028160,1,0,28.1101,0,0,0,28.1101,0
69.3627,2.09163,0,0,1.67752,0.0872248,0.36288,3.6288,58.7144,0.592961,0,0,0.509112,0.288298,0,0.66528,12.849,1,0.382693,0.36288,0,28.7438,5.82729,22.8967,0.84672,12.849,0.84672,3695.15,0,36.966,0.370971,0.395988,2.00241,2.79526,1.48414,3.33854,0.42336,36.966,0.42336,423.524,0,1.02816,0,0,1.42415,0.395988,1.028160,1,0,26.2353,0,0,0,26.2353,0
68.3769,2.08808,0,0,1.54706,0.0818515,0.36288,3.6288,58.3329,0.591725,0,0,0.500363,0.290158,0,0.66528,12.849,1,0.386803,0.36288,0,27.1172,5.90207,21.1912,0.84672,12.849,0.84672,3695.15,0,36.966,0.372544,0.333055,2.00278,2.76983,1.49908,3.23403,0.42336,36.966,0.42336,423.524,0,1.02816,0,0,1.36121,0.333055,1.028160,1,0,24.4252,0,0,0,24.4252,0
67.0952,2.24002,0,0,1.3952,0.0740013,0.36288,3.6288,57.8438,0.66528,0,0,0.480637,0.30444,0,0.66528,12.849,1,0.420932,0.36288,0,24.1406,6.27138,17.8112,0.84672,12.849,0.84672,3695.15,0,36.966,0.44486,0.387288,2.00314,2.71741,1.53249,3.13049,0.42336,36.966,0.42336,423.524,0,1.02816,0,0,1.41545,0.387288,1.028160,1,0,20.9417,0,0,0,20.9417,0
66.0497,2.23377,0,0,1.63432,0.08322,0.36288,3.6288,57.3442,0.66528,0,0,0.483853,0.318177,0,0.66528,12.849,1,0.427776,0.36288,0,22.5297,6.43293,16.0318,0.84672,12.849,0.84672,3695.15,0,36.966,0.445227,0.562075,2.15071,2.627,1.59617,3.2984,0.42336,36.966,0.42336,423.524,0,1.02816,0,0,1.59024,0.562075,1.028160,1,0,19.3302,0,0,0,19.3302,0
64.7215,2.2286,0,0,1.34583,0.0825327,0.36288,3.6288,56.7829,0.66528,0,0,0.421136,0.31715,0,0.66528,12.849,1,0.433541,0.36288,0,27.9691,6.43293,21.4656,0.84672,12.849,0.84672,3695.15,0,36.966,0.445594,0.376981,2.15111,2.34369,1.59617,2.83002,0.42336,36.966,0.42336,423.524,0,1.02816,0,0,1.40514,0.376981,1.028160,1,0,24.2956,0,0,0,24.2956,0
63.5441,2.22167,0,0,1.48882,0.0816596,0.36288,3.6288,56.3801,0.66528,0,0,0.578514,0.315995,0,0.66528,12.849,1,0.441062,0.36288,0,23.9796,6.43293,17.4685,0.84672,12.849,0.84672,3695.15,0,36.966,0.44596,0.811253,2.1515,2.80076,1.59617,3.72139,0.42336,36.966,0.42336,423.524,0,1.02816,0,0,1.83941,0.811253,1.028160,1,0,21.1899,0,0,0,21.1899,0
62.2801,2.21536,0,0,1.40187,0.0875944,0.36288,3.6288,55.8833,0.66528,0,0,0.48452,0.316098,0,0.66528,12.849,1,0.447959,0.36288,0,25.9501,6.30408,19.5609,0.84672,12.849,0.84672,3695.15,0,36.966,0.446327,0.732491,2.1519,3.50981,1.57041,4.37746,0.42336,36.966,0.42336,423.524,0,1.02816,0,0,1.76065,0.732491,1.028160,1,0,23.9384,0,0,0,23.9384,0
61.0032,2.13329,0,0,1.34462,0.125354,0.36288,3.6288,55.5659,0.616046,0,0,0.626015,0.3273,0,0.66528,12.849,1,0.440118,0.36288,0,28.353,5.71582,22.56,0.84672,12.849,0.84672,3695.15,0,36.966,0.407506,1.00564,2.15229,6.2928,1.48782,7.5554,0.42336,36.966,0.42336,423.524,0,1.02816,0,0,2.0338,1.00564,1.028160,1,0,30.1154,0,0,0,30.1154,0
59.7245,2.12615,0,0,1.38104,0.170762,0.36288,3.6288,55.2678,0.614859,0,0,0.60348,0.286724,0,0.66528,12.849,1,0.447828,0.36288,0,21.6896,5.2549,16.3497,0.84672,12.849,0.84672,3695.15,0,36.966,0.409043,0.844344,2.06741,5.4508,1.32104,6.63247,0.42336,36.966,0.42336,423.524,0,1.02816,0,0,1.8725,0.844344,1.028160,1,0,22.9822,0,0,0,22.9822,0
59.1273,2.11874,0,0,2.07128,0.186851,0.36288,3.6288,55.0757,0.613746,0,0,0.694535,0.272889,0,0.66528,12.849,1,0.45582,0.36288,0,26.4146,5.14448,21.1772,0.84672,12.849,0.84672,3695.15,0,36.966,0.410505,1.30175,2.06779,5.79774,1.28311,7.47366,0.42336,36.966,0.42336,423.524,0,1.02816,0,0,2.32991,1.30175,1.028160,1,0,28.6509,0,0,0,28.6509,0
59.2598,2.11542,0,0,2.79656,0.185781,0.36288,3.6288,55.3124,0.613098,0,0,1.12235,0.272544,0,0.66528,12.849,1,0.459705,0.36288,0,52.7112,5.14448,47.4699,0.84672,12.849,0.84672,3695.15,0,36.966,0.411502,2.76017,2.06816,9.13262,1.28311,12.2663,0.42336,36.966,0.42336,423.524,0,1.02816,0,0,3.78833,2.76017,1.028160,1,0,59.7362,0,0,0,59.7362,0
58.2698,2.05564,0,0,1.66263,0.234046,0.36288,3.6288,55.1595,0.566081,0,0,0.658372,0.245257,0,0.66528,12.849,1,0.445714,0.36288,0,43.188,4.50923,38.5959,0.84672,12.849,0.84672,3695.15,0,36.966,0.378319,1.01068,2.06854,8.03209,1.18868,9.54432,0.42336,36.966,0.42336,423.524,0,1.02816,0,0,2.03884,1.01068,1.028160,1,0,48.1403,0,0,0,48.1403,0
57.1501,2.0499,0,0,1.5439,0.250843,0.36288,3.6288,54.9565,0.565652,0,0,0.596622,0.233937,0,0.66528,12.849,1,0.45202,0.36288,0,26.9807,4.25513,22.6365,0.84672,12.849,0.84672,3695.15,0,36.966,0.379081,0.42177,1.99275,7.32303,1.1509,8.20757,0.42336,36.966,0.42336,423.524,0,1.02816,0,0,1.44993,0.42177,1.028160,1,0,30.844,0,0,0,30.844,0
56.9059,2.04312,0,0,2.40995,0.248111,0.36288,3.6288,54.8632,0.565015,0,0,0.7053,0.233625,0,0.66528,12.849,1,0.459353,0.36288,0,36.1562,4.25513,31.8046,0.84672,12.849,0.84672,3695.15,0,36.966,0.380052,0.758411,1.99312,9.70436,1.1509,10.9249,0.42336,36.966,0.42336,423.524,0,1.02816,0,0,1.78657,0.758411,1.028160,1,0,42.7295,0,0,0,42.7295,0
60.0975,2.04197,0,0,5.84397,0.247516,0.36288,3.6288,55.8081,0.564828,0,0,1.74328,0.233481,0,0.66528,12.849,1,0.461064,0.36288,0,82.7224,4.25513,78.3691,0.84672,12.849,0.84672,3695.15,0,36.966,0.380573,3.6148,1.99348,16.0894,1.1509,20.1662,0.42336,36.966,0.42336,423.524,0,1.02816,0,0,4.64296,3.6148,1.028160,1,0,98.5353,0,0,0,98.5353,0
61.1601,1.88851,0,0,3.57022,0.256268,0.36288,3.6288,56.112,0.467907,0,0,1.00923,0.23741,0,0.66528,12.849,1,0.403767,0.36288,0,54.0055,4.47868,49.486,0.84672,12.849,0.84672,3695.15,0,36.966,0.309931,2.27994,1.99384,7.69607,1.16331,10.4966,0.42336,36.966,0.42336,423.524,0,1.02816,0,0,3.3081,2.27994,1.028160,1,0,59.9826,0,0,0,59.9826,0
62.3297,1.89473,0,0,3.68715,0.259911,0.36288,3.6288,56.8505,0.4691,0,0,1.44879,0.241189,0,0.66528,12.849,1,0.39806,0.36288,0,71.1469,4.77676,66.335,0.84672,12.849,0.84672,3695.15,0,36.966,0.309038,4.01517,1.82489,9.55585,1.17986,13.907,0.42336,36.966,0.42336,423.524,0,1.02816,0,0,5.04333,4.01517,1.028160,1,0,80.242,0,0,0,80.242,0
62.1193,1.90135,0,0,2.31377,0.259954,0.36288,3.6288,56.9217,0.471715,0,0,0.776903,0.234012,0,0.66528,12.849,1,0.391956,0.36288,0,47.2737,4.62054,42.6241,0.84672,12.849,0.84672,3695.15,0,36.966,0.306724,2.03297,1.82522,6.22346,1.13494,8.63999,0.42336,36.966,0.42336,423.524,0,1.02816,0,0,3.06113,2.03297,1.028160,1,0,51.264,0,0,0,51.264,0
61.6688,1.90068,0,0,2.05773,0.244672,0.36288,3.6288,56.9023,0.47213,0,0,0.636759,0.184053,0,0.66528,12.849,1,0.393144,0.36288,0,42.9904,3.68319,39.2769,0.84672,12.849,0.84672,3695.15,0,36.966,0.30661,1.21076,1.82554,4.99376,0.86537,6.85809,0.42336,36.966,0.42336,423.524,0,1.02816,0,0,2.23892,1.21076,1.028160,1,0,46.135,0,0,0,46.135,0
60.7458,1.89873,0,0,1.58235,0.243766,0.36288,3.6288,57.2115,0.472248,0,0,0.96552,0.18403,0,0.66528,12.849,1,0.395611,0.36288,0,40.008,3.68319,36.292,0.84672,12.849,0.84672,3695.15,0,36.966,0.306791,1.04539,1.82587,4.83954,0.86537,6.53864,0.42336,36.966,0.42336,423.524,0,1.02816,0,0,2.07355,1.04539,1.028160,1,0,42.8307,0,0,0,42.8307,0
69.6217,1.96135,0,0,11.4659,0.265762,0.36288,3.6288,59.8114,0.502998,0,0,3.32134,0.218453,0,0.66528,12.849,1,0.414867,0.36288,0,194.894,4.76931,190.073,0.84672,12.849,0.84672,3695.15,0,36.966,0.325002,5.10088,1.8262,27.1065,1.17283,32.5358,0.42336,36.966,0.42336,423.524,0,1.02816,0,0,6.12904,5.10088,1.028160,1,0,222.609,0,0,0,222.609,0
72.29,2.00644,0,0,11.3114,0.285378,6.35126,3.6288,61.308,0.511914,0,0,3.03325,0.222139,0.802619,0.66528,12.849,1,0.370297,6.35126,0,206.143,4.76931,207.354,0.84672,12.849,0.84672,3695.15,0,36.966,0.316384,5.85465,1.87937,26.9663,1.17283,33.2111,0.42336,36.966,0.42336,423.524,0,1.02816,0,0,6.88281,5.85465,1.028160,1,0,241.368,0,0,0,241.368,0
72.29,2.01848,0,0,10.0945,0.272495,7.80349,3.6288,61.308,0.516918,0,0,3.9674,0.197481,3.253,0.66528,12.849,1,0.358769,7.80349,0,196.713,4.09719,200.06,0.84672,12.849,0.84672,3695.15,0,36.966,0.311678,4.76747,1.8797,21.6994,0.982031,27.0529,0.42336,36.966,0.42336,423.524,0,1.02816,0,0,5.79563,4.76747,1.028160,1,0,230.366,0,0,0,230.366,0
72.29,2.01891,0,0,10.5527,0.25841,8.2754,3.6288,61.308,0.517104,0,0,3.70776,0.177396,3.01326,0.66528,12.849,1,0.358847,8.2754,0,187.349,3.5931,191.672,0.84672,12.849,0.84672,3695.15,0,36.966,0.31179,4.69147,1.88003,23.9979,0.838933,29.4186,0.42336,36.966,0.42336,423.524,0,1.02816,0,0,5.71963,4.69147,1.028160,1,0,224.104,0,0,0,224.104,0
72.29,2.24136,0,0,14.6083,0.295639,12.0713,3.6288,61.308,0.631347,0,0,5.66858,0.169068,4.86817,0.66528,12.849,1,0.398384,12.0713,0,350.42,3.27714,358.816,0.84672,12.849,0.84672,3695.15,0,36.966,0.380674,6.22823,1.88035,34.2135,0.886038,41.0553,0.42336,36.966,0.42336,423.524,0,1.02816,0,0,7.25639,6.22823,1.028160,1,0,404.74,0,0,0,404.74,0
72.29,2.24184,0,0,10.7855,0.32356,8.22009,3.6288,61.308,0.631555,0,0,4.12595,0.162822,3.33157,0.66528,12.849,1,0.398469,8.22009,0,249.957,3.04017,254.738,0.84672,12.849,0.84672,3695.15,0,36.966,0.3808,3.96074,2.07093,27.7171,0.921367,32.4466,0.42336,36.966,0.42336,423.524,0,1.02816,0,0,4.9889,3.96074,1.028160,1,0,290.517,0,0,0,290.517,0
72.29,2.24231,0,0,8.71923,0.324316,6.1526,3.6288,61.308,0.631763,0,0,3.91746,0.158445,3.12725,0.66528,12.849,1,0.398554,6.1526,0,191.452,2.96455,194.242,0.84672,12.849,0.84672,3695.15,0,36.966,0.380925,4.28626,2.07129,23.9915,0.899686,29.0684,0.42336,36.966,0.42336,423.524,0,1.02816,0,0,5.31442,4.28626,1.028160,1,0,226.437,0,0,0,226.437,0
72.29,2.24279,0,0,8.34313,0.314163,5.78617,3.6288,61.308,0.631971,0,0,3.77138,0.142,2.99741,0.66528,12.849,1,0.39864,5.78617,0,185.391,2.58921,188.189,0.84672,12.849,0.84672,3695.15,0,36.966,0.38105,4.15773,2.07166,24.1141,0.764763,29.1976,0.42336,36.966,0.42336,423.524,0,1.02816,0,0,5.18589,4.15773,1.028160,1,0,220.384,0,0,0,220.384,0
72.29,1.92638,0,0,7.06208,0.298521,4.83718,3.6288,61.308,0.478995,0,0,5.9251,0.14922,5.29689,0.66528,12.849,1,0.342399,4.83718,0,295.301,2.87025,296.925,0.84672,12.849,0.84672,3695.15,0,36.966,0.288813,4.66702,2.07202,24.7973,0.830033,30.4175,0.42336,36.966,0.42336,423.524,0,1.02816,0,0,5.69518,4.66702,1.028160,1,0,332.639,0,0,0,332.639,0
72.29,1.9268,0,0,7.2849,0.301477,5.05663,3.6288,61.308,0.479174,0,0,3.41982,0.144815,2.79583,0.66528,12.849,1,0.342473,5.05663,0,278.215,3.00268,279.926,0.84672,12.849,0.84672,3695.15,0,36.966,0.28892,4.18031,1.81273,23.8842,0.883818,28.7045,0.42336,36.966,0.42336,423.524,0,1.02816,0,0,5.20847,4.18031,1.028160,1,0,311.427,0,0,0,311.427,0
72.29,1.92722,0,0,10.9118,0.301477,8.68311,3.6288,61.308,0.479352,0,0,9.74644,0.144815,9.12227,0.66528,12.849,1,0.342548,8.68311,0,300.103,3.00268,305.441,0.84672,12.849,0.84672,3695.15,0,36.966,0.289028,9.45,1.81305,35.9736,0.883818,46.0638,0.42336,36.966,0.42336,423.524,0,1.02816,0,0,10.4782,9.45,1.028160,1,0,360.627,0,0,0,360.627,0
72.29,1.92763,0,0,12.7487,0.302542,10.5185,3.6288,61.308,0.479531,0,0,8.15517,0.0993964,7.57624,0.66528,12.849,1,0.342622,10.5185,0,287.26,2.7943,294.642,0.84672,12.849,0.84672,3695.15,0,36.966,0.289136,6.93407,1.81336,37.5087,0.80872,45.1582,0.42336,36.966,0.42336,423.524,0,1.02816,0,0,7.96223,6.93407,1.028160,1,0,347.376,0,0,0,347.376,0
72.29,1.92805,0,0,8.06769,0.302489,5.83714,3.6288,61.308,0.47971,0,0,4.15507,0.0798731,3.59549,0.66528,12.849,1,0.342697,5.83714,0,231.544,2.73888,234.3,0.84672,12.849,0.84672,3695.15,0,36.966,0.289244,4.28582,1.81367,24.9813,0.787779,30.0037,0.42336,36.966,0.42336,423.524,0,1.02816,0,0,5.31398,4.28582,1.028160,1,0,267.899,0,0,0,267.899,0
72.29,2.00832,0,0,10.5654,0.297383,8.25973,3.6288,61.308,0.517399,0,0,7.38046,0.167118,6.69594,0.66528,12.849,1,0.356963,8.25973,0,311.587,3.34404,316.146,0.84672,12.849,0.84672,3695.15,0,36.966,0.311969,6.81402,1.81399,44.0477,1.00008,51.3636,0.42336,36.966,0.42336,423.524,0,1.02816,0,0,7.84218,6.81402,1.028160,1,0,374.205,0,0,0,374.205,0
72.29,2.00875,0,0,8.23046,0.297383,5.92433,3.6288,61.308,0.517585,0,0,5.30502,0.167118,4.62032,0.66528,12.849,1,0.35704,5.92433,0,248.8,3.34404,251.023,0.84672,12.849,0.84672,3695.15,0,36.966,0.312081,5.86725,1.87838,29.3878,1.00008,35.8213,0.42336,36.966,0.42336,423.524,0,1.02816,0,0,6.89541,5.86725,1.028160,1,0,291.465,0,0,0,291.465,0
72.29,2.00918,0,0,7.77505,0.297383,5.46848,3.6288,61.308,0.517771,0,0,5.32332,0.167118,4.63843,0.66528,12.849,1,0.357117,5.46848,0,222.077,3.34404,223.845,0.84672,12.849,0.84672,3695.15,0,36.966,0.312193,5.93793,1.87871,26.7285,1.00008,33.2329,0.42336,36.966,0.42336,423.524,0,1.02816,0,0,6.96609,5.93793,1.028160,1,0,261.716,0,0,0,261.716,0
72.29,2.00962,0,0,7.36024,0.235906,5.11472,3.6288,61.308,0.517957,0,0,4.54796,0.159956,3.87004,0.66528,12.849,1,0.357195,5.11472,0,212.744,3.4776,214.024,0.84672,12.849,0.84672,3695.15,0,36.966,0.312305,5.93646,1.87903,24.1081,0.872061,30.7392,0.42336,36.966,0.42336,423.524,0,1.02816,0,0,6.96462,5.93646,1.028160,1,0,248.634,0,0,0,248.634,0
72.29,1.97881,0,0,6.22463,0.214892,4.03092,3.6288,61.308,0.503564,0,0,2.31283,0.201618,1.60765,0.66528,12.849,1,0.351719,4.03092,0,147.174,4.52277,146.33,0.84672,12.849,0.84672,3695.15,0,36.966,0.303627,2.82877,1.87936,18.4256,1.06799,21.7621,0.42336,36.966,0.42336,423.524,0,1.02816,0,0,3.85693,2.82877,1.028160,1,0,169.7,0,0,0,169.7,0
72.29,1.97924,0,0,5.87761,0.198516,3.69985,3.6288,61.308,0.503747,0,0,1.98679,0.200469,1.28258,0.66528,12.849,1,0.351795,3.69985,0,158.561,4.37199,157.537,0.84672,12.849,0.84672,3695.15,0,36.966,0.303737,2.95728,1.85473,16.4353,1.09952,19.844,0.42336,36.966,0.42336,423.524,0,1.02816,0,0,3.98544,2.95728,1.028160,1,0,178.664,0,0,0,178.664,0
72.29,1.97967,0,0,4.97418,0.198516,2.79599,3.6288,61.308,0.503931,0,0,1.93813,0.200469,1.23373,0.66528,12.849,1,0.351871,2.79599,0,121.606,4.37199,119.678,0.84672,12.849,0.84672,3695.15,0,36.966,0.303848,2.88618,1.85505,14.6515,1.09952,17.9894,0.42336,36.966,0.42336,423.524,0,1.02816,0,0,3.91434,2.88618,1.028160,1,0,138.902,0,0,0,138.902,0
72.29,1.9801,0,0,4.48959,0.198516,2.31097,3.6288,61.308,0.504114,0,0,1.85076,0.200469,1.14617,0.66528,12.849,1,0.351947,2.31097,0,110.475,4.37199,108.062,0.84672,12.849,0.84672,3695.15,0,36.966,0.303958,2.4002,1.85538,14.3282,1.09952,17.1803,0.42336,36.966,0.42336,423.524,0,1.02816,0,0,3.42836,2.4002,1.028160,1,0,126.389,0,0,0,126.389,0
72.29,2.08666,0,0,4.50388,0.129739,2.28748,3.6288,61.308,0.556041,0,0,1.7515,0.20127,0.994189,0.66528,12.849,1,0.370888,2.28748,0,99.5535,4.48465,96.9855,0.84672,12.849,0.84672,3695.15,0,36.966,0.335268,2.29611,1.8557,13.0295,1.12007,15.7259,0.42336,36.966,0.42336,423.524,0,1.02816,0,0,3.32427,2.29611,1.028160,1,0,113.706,0,0,0,113.706,0
72.29,2.08711,0,0,4.23665,0.140932,2.00861,3.6288,61.308,0.556235,0,0,1.49623,0.179029,0.760968,0.66528,12.849,1,0.370967,2.00861,0,87.8118,4.16714,85.2823,0.84672,12.849,0.84672,3695.15,0,36.966,0.335385,1.94235,1.94353,10.5317,0.981522,13.1007,0.42336,36.966,0.42336,423.524,0,1.02816,0,0,2.97051,1.94235,1.028160,1,0,99.1439,0,0,0,99.1439,0
72.29,2.08756,0,0,3.95861,0.140932,1.73012,3.6288,61.308,0.556428,0,0,1.19426,0.179029,0.458798,0.66528,12.849,1,0.371047,1.73012,0,80.8661,4.16714,78.058,0.84672,12.849,0.84672,3695.15,0,36.966,0.335502,1.54433,1.94386,9.73685,0.981522,11.908,0.42336,36.966,0.42336,423.524,0,1.02816,0,0,2.57249,1.54433,1.028160,1,0,90.4248,0,0,0,90.4248,0
72.29,2.08801,0,0,3.8359,0.143802,1.60409,3.6288,61.308,0.556622,0,0,1.01631,0.219667,0.240025,0.66528,12.849,1,0.371127,1.60409,0,73.3838,4.86142,69.7554,0.84672,12.849,0.84672,3695.15,0,36.966,0.335618,1.4417,1.9442,9.39773,1.1232,11.3248,0.42336,36.966,0.42336,423.524,0,1.02816,0,0,2.46986,1.4417,1.028160,1,0,81.3202,0,0,0,81.3202,0
72.29,2.08846,0,0,3.57089,0.126248,1.35618,3.6288,61.308,0.556816,0,0,0.976847,0.272281,0.147751,0.66528,12.849,1,0.371207,1.35618,0,70.3365,5.66331,65.6582,0.84672,12.849,0.84672,3695.15,0,36.966,0.335735,1.34727,1.94454,8.82308,1.29565,10.4835,0.42336,36.966,0.42336,423.524,0,1.02816,0,0,2.37543,1.34727,1.028160,1,0,76.2894,0,0,0,76.2894,0
72.29,2.0679,0,0,3.69143,0.100097,1.52344,3.6288,61.308,0.585476,0,0,1.08406,0.241357,0.257228,0.66528,12.849,1,0.367553,1.52344,0,72.3384,4.65045,68.8438,0.84672,12.849,0.84672,3695.15,0,36.966,0.353016,0.668805,1.94488,7.19116,1.11316,8.33867,0.42336,36.966,0.42336,423.524,0,1.02816,0,0,1.69697,0.668805,1.028160,1,0,77.4397,0,0,0,77.4397,0
72.29,2.06834,0,0,3.58971,0.100097,1.42127,3.6288,61.308,0.585675,0,0,1.02571,0.241357,0.198675,0.66528,12.849,1,0.367632,1.42127,0,67.938,4.65045,64.3412,0.84672,12.849,0.84672,3695.15,0,36.966,0.353136,0.667604,1.97584,7.40949,1.11316,8.58664,0.42336,36.966,0.42336,423.524,0,1.02816,0,0,1.69576,0.667604,1.028160,1,0,73.1266,0,0,0,73.1266,0
72.29,2.06879,0,0,3.27371,0.0713887,1.13354,3.6288,61.308,0.585874,0,0,0.998689,0.287991,0.124824,0.66528,12.849,1,0.367712,1.13354,0,64.6068,5.30196,60.0707,0.84672,12.849,0.84672,3695.15,0,36.966,0.353256,0.528915,1.97618,7.14131,1.33366,7.95949,0.42336,36.966,0.42336,423.524,0,1.02816,0,0,1.55707,0.528915,1.028160,1,0,68.155,0,0,0,68.155,0
72.29,2.06923,0,0,2.95766,0.0673245,0.821103,3.6288,61.308,0.586073,0,0,0.943885,0.286385,0.0714277,0.66528,12.849,1,0.367791,0.821103,0,59.1824,5.88515,53.7505,0.84672,12.849,0.84672,3695.15,0,36.966,0.353376,0.571139,1.97653,7.06337,1.54644,7.71122,0.42336,36.966,0.42336,423.524,0,1.02816,0,0,1.5993,0.571139,1.028160,1,0,61.5332,0,0,0,61.5332,0
72.29,2.12398,0,0,3.23093,0.0547943,1.05216,3.6288,61.308,0.611662,0,0,1.03465,0.308623,0.114363,0.66528,12.849,1,0.377521,1.05216,0,58.6657,5.59474,53.7456,0.84672,12.849,0.84672,3695.15,0,36.966,0.368805,0.569696,1.97687,6.09931,1.5073,6.76978,0.42336,36.966,0.42336,423.524,0,1.02816,0,0,1.59786,0.569696,1.028160,1,0,60.6297,0,0,0,60.6297,0
72.29,2.12443,0,0,3.12396,0.0497823,0.949751,3.6288,61.308,0.611866,0,0,0.986187,0.317519,0.0568019,0.66528,12.849,1,0.377602,0.949751,0,57.1804,5.47858,52.2739,0.84672,12.849,0.84672,3695.15,0,36.966,0.368928,0.426151,2.02065,5.06999,1.49164,5.65621,0.42336,36.966,0.42336,423.524,0,1.02816,0,0,1.45431,0.426151,1.028160,1,0,57.987,0,0,0,57.987,0
72.29,2.12489,0,0,2.86795,0.0497823,0.693282,3.6288,61.308,0.61207,0,0,0.975352,0.317519,0.0457632,0.66528,12.849,1,0.377683,0.693282,0,52.2698,5.47858,47.1068,0.84672,12.849,0.84672,3695.15,0,36.966,0.369051,0.306694,2.021,4.95863,1.49164,5.42563,0.42336,36.966,0.42336,423.524,0,1.02816,0,0,1.33485,0.306694,1.028160,1,0,52.5782,0,0,0,52.5782,0
72.29,2.12535,0,0,3.4456,0.0346179,1.28563,3.6288,61.308,0.612274,0,0,1.1877,0.302547,0.272876,0.66528,12.849,1,0.377764,1.28563,0,54.7384,5.6868,49.9594,0.84672,12.849,0.84672,3695.15,0,36.966,0.369174,0.780788,2.02135,7.40396,1.55046,8.28647,0.42336,36.966,0.42336,423.524,0,1.02816,0,0,1.80895,0.780788,1.028160,1,0,58.5188,0,0,0,58.5188,0
72.29,2.28492,0,0,3.07247,0.0307733,0.756773,3.6288,61.308,0.66528,0,0,1.05692,0.289399,0.102244,0.66528,12.849,1,0.406128,0.756773,0,54.9168,5.42458,49.8429,0.84672,12.849,0.84672,3695.15,0,36.966,0.463508,0.57011,2.02171,5.73605,1.51721,6.34715,0.42336,36.966,0.42336,423.524,0,1.02816,0,0,1.59827,0.57011,1.028160,1,0,56.2922,0,0,0,56.2922,0
72.29,2.28541,0,0,2.9499,0.0281521,0.63634,3.6288,61.308,0.66528,0,0,1.1294,0.295929,0.168194,0.66528,12.849,1,0.406215,0.63634,0,53.6973,4.70579,49.2216,0.84672,12.849,0.84672,3695.15,0,36.966,0.463863,0.645399,2.17076,6.42444,1.38918,7.38756,0.42336,36.966,0.42336,423.524,0,1.02816,0,0,1.67356,0.645399,1.028160,1,0,56.7773,0,0,0,56.7773,0
72.29,2.2859,0,0,3.65741,0.0281521,1.34336,3.6288,61.308,0.66528,0,0,1.20901,0.295929,0.247804,0.66528,12.849,1,0.406301,1.34336,0,52.5836,4.70579,48.8148,0.84672,12.849,0.84672,3695.15,0,36.966,0.464219,0.836724,2.17114,9.42296,1.38918,10.5774,0.42336,36.966,0.42336,423.524,0,1.02816,0,0,1.86488,0.836724,1.028160,1,0,59.6401,0,0,0,59.6401,0
72.29,2.28639,0,0,2.76799,0.0306616,0.45094,3.6288,61.308,0.66528,0,0,1.07962,0.29597,0.11837,0.66528,12.849,1,0.406388,0.45094,0,49.7886,4.71689,45.1163,0.84672,12.849,0.84672,3695.15,0,36.966,0.464575,0.649633,2.17153,6.23386,1.38701,7.20343,0.42336,36.966,0.42336,423.524,0,1.02816,0,0,1.67779,0.649633,1.028160,1,0,52.4381,0,0,0,52.4381,0
72.2786,2.28687,0,0,2.68412,0.0457181,0.36288,3.6288,61.308,0.66528,0,0,1.06612,0.296213,0.104631,0.66528,12.849,1,0.406475,0.36288,0,46.3755,4.78348,41.5484,0.84672,12.849,0.84672,3695.15,0,36.966,0.464931,0.581273,2.17191,6.13208,1.37397,7.04637,0.42336,36.966,0.42336,423.524,0,1.02816,0,0,1.60943,0.581273,1.028160,1,0,48.6994,0,0,0,48.6994,0
72.29,2.20969,0,0,2.97692,0.115878,0.640004,3.6288,61.2282,0.649582,0,0,0.781168,0.211422,0,0.66528,12.849,1,0.392817,0.640004,0,53.2624,3.06201,50.4476,0.84672,12.849,0.84672,3695.15,0,36.966,0.391669,1.08425,2.17229,8.3687,0.89974,10.3338,0.42336,36.966,0.42336,423.524,0,1.02816,0,0,2.11241,1.08425,1.028160,1,0,60.7814,0,0,0,60.7814,0
72.29,2.21021,0,0,3.83839,0.134387,1.49379,3.6288,61.308,0.649475,0,0,1.29251,0.217349,0.34585,0.66528,12.849,1,0.392848,1.49379,0,90.491,3.15966,88.4323,0.84672,12.849,0.84672,3695.15,0,36.966,0.392115,2.04171,2.08654,17.5971,0.955656,20.3776,0.42336,36.966,0.42336,423.524,0,1.02816,0,0,3.06987,2.04171,1.028160,1,0,109.156,0,0,0,109.156,0
72.29,2.21068,0,0,3.77741,0.13747,1.42925,3.6288,61.308,0.650005,0,0,1.21414,0.218465,0.345666,0.66528,12.849,1,0.392932,1.42925,0,70.9207,3.17593,68.781,0.84672,12.849,0.84672,3695.15,0,36.966,0.391924,1.58616,2.0869,11.4117,0.964976,13.7279,0.42336,36.966,0.42336,423.524,0,1.02816,0,0,2.61432,1.58616,1.028160,1,0,82.8546,0,0,0,82.8546,0
72.29,2.21116,0,0,3.0394,0.13747,0.690769,3.6288,61.308,0.650216,0,0,1.11528,0.218465,0.246596,0.66528,12.849,1,0.393017,0.690769,0,47.7226,3.17593,44.8444,0.84672,12.849,0.84672,3695.15,0,36.966,0.392052,1.27632,2.08727,9.89548,0.964976,11.902,0.42336,36.966,0.42336,423.524,0,1.02816,0,0,2.30448,1.27632,1.028160,1,0,56.9931,0,0,0,56.9931,0
72.29,2.14787,0,0,3.64255,0.198243,1.29644,3.6288,61.308,0.59967,0,0,1.11097,0.227981,0.283324,0.66528,12.849,1,0.381767,1.29644,0,60.4385,3.99295,57.3602,0.84672,12.849,0.84672,3695.15,0,36.966,0.361574,1.66148,2.08763,10.1167,0.968997,12.5353,0.42336,36.966,0.42336,423.524,0,1.02816,0,0,2.68964,1.66148,1.028160,1,0,70.1789,0,0,0,70.1789,0
72.29,2.14833,0,0,3.9114,0.243823,1.51925,3.6288,61.308,0.599872,0,0,1.19787,0.235117,0.362878,0.66528,12.849,1,0.381849,1.51925,0,64.097,4.60572,60.6286,0.84672,12.849,0.84672,3695.15,0,36.966,0.361696,2.44028,2.01107,12.4603,0.972013,15.578,0.42336,36.966,0.42336,423.524,0,1.02816,0,0,3.46844,2.44028,1.028160,1,0,76.5695,0,0,0,76.5695,0
72.29,2.14879,0,0,5.74309,0.243823,3.35048,3.6288,61.308,0.600074,0,0,1.9654,0.235117,1.13021,0.66528,12.849,1,0.381931,3.35048,0,98.1677,4.60572,96.5305,0.84672,12.849,0.84672,3695.15,0,36.966,0.361818,3.55154,2.01142,15.8767,0.972013,20.1058,0.42336,36.966,0.42336,423.524,0,1.02816,0,0,4.5797,3.55154,1.028160,1,0,117.767,0,0,0,117.767,0
72.29,2.14925,0,0,5.05033,0.251182,2.6499,3.6288,61.308,0.600276,0,0,1.68756,0.219006,0.868283,0.66528,12.849,1,0.382013,2.6499,0,85.39,4.61332,83.0445,0.84672,12.849,0.84672,3695.15,0,36.966,0.36194,3.35244,2.01177,17.6851,1.01938,21.668,0.42336,36.966,0.42336,423.524,0,1.02816,0,0,4.3806,3.35244,1.028160,1,0,105.581,0,0,0,105.581,0
72.29,1.96848,0,0,7.72847,0.281801,5.47819,3.6288,61.308,0.494683,0,0,2.12469,0.19666,1.43335,0.66528,12.849,1,0.349882,5.47819,0,105.604,4.37091,106.362,0.84672,12.849,0.84672,3695.15,0,36.966,0.298272,3.95074,2.01212,15.4905,0.979504,20.1756,0.42336,36.966,0.42336,423.524,0,1.02816,0,0,4.9789,3.95074,1.028160,1,0,127.97,0,0,0,127.97,0
72.29,1.9689,0,0,9.20229,0.248525,6.98486,3.6288,61.308,0.494865,0,0,3.64143,0.159287,2.98728,0.66528,12.849,1,0.349958,6.98486,0,145.191,3.54501,148.281,0.84672,12.849,0.84672,3695.15,0,36.966,0.298382,5.45467,1.84145,18.3482,0.874906,24.471,0.42336,36.966,0.42336,423.524,0,1.02816,0,0,6.48283,5.45467,1.028160,1,0,175.739,0,0,0,175.739,0
72.29,1.96933,0,0,7.4857,0.248525,5.26784,3.6288,61.308,0.495047,0,0,3.1384,0.159287,2.48407,0.66528,12.849,1,0.350034,5.26784,0,128.823,3.54501,130.196,0.84672,12.849,0.84672,3695.15,0,36.966,0.298491,5.90661,1.84177,17.7806,0.874906,24.3556,0.42336,36.966,0.42336,423.524,0,1.02816,0,0,6.93477,5.90661,1.028160,1,0,157.036,0,0,0,157.036,0
72.29,1.96976,0,0,7.31834,0.285989,5.06259,3.6288,61.308,0.495229,0,0,5.15768,0.196106,4.46635,0.66528,12.849,1,0.350109,5.06259,0,149.659,3.89757,150.474,0.84672,12.849,0.84672,3695.15,0,36.966,0.298601,7.46228,1.84209,20.6291,0.992049,28.6428,0.42336,36.966,0.42336,423.524,0,1.02816,0,0,8.49044,7.46228,1.028160,1,0,183.583,0,0,0,183.583,0
72.29,1.97018,0,0,14.388,0.314087,12.1037,3.6288,61.308,0.49541,0,0,8.22015,0.22372,7.50102,0.66528,12.849,1,0.350185,12.1037,0,205.443,4.16199,213.034,0.84672,12.849,0.84672,3695.15,0,36.966,0.29871,7.53366,1.84241,22.3982,1.07991,30.3956,0.42336,36.966,0.42336,423.524,0,1.02816,0,0,8.56182,7.53366,1.028160,1,0,250.931,0,0,0,250.931,0
72.29,2.04038,0,0,6.84177,0.295227,4.50616,3.6288,61.308,0.526253,0,0,1.59062,0.194751,0.86962,0.66528,12.849,1,0.362662,4.50616,0,117.024,4.37223,116.796,0.84672,12.849,0.84672,3695.15,0,36.966,0.317307,3.02934,1.84273,10.8291,1.21449,14.1694,0.42336,36.966,0.42336,423.524,0,1.02816,0,0,4.0575,3.02934,1.028160,1,0,131.835,0,0,0,131.835,0
72.29,2.0408,0,0,6.87074,0.292084,4.53786,3.6288,61.308,0.526433,0,0,2.41457,0.189923,1.69821,0.66528,12.849,1,0.362737,4.53786,0,187.898,4.40727,187.665,0.84672,12.849,0.84672,3695.15,0,36.966,0.317416,5.14055,1.89642,15.6277,1.23692,21.1103,0.42336,36.966,0.42336,423.524,0,1.02816,0,0,6.16871,5.14055,1.028160,1,0,210.474,0,0,0,210.474,0
72.29,2.04123,0,0,5.94527,0.292084,3.61196,3.6288,61.308,0.526613,0,0,2.37751,0.189923,1.66098,0.66528,12.849,1,0.362813,3.61196,0,165.421,4.40727,164.262,0.84672,12.849,0.84672,3695.15,0,36.966,0.317524,2.62555,1.89674,9.88416,1.23692,12.852,0.42336,36.966,0.42336,423.524,0,1.02816,0,0,3.65371,2.62555,1.028160,1,0,178.775,0,0,0,178.775,0
72.29,2.04165,0,0,6.13591,0.290979,3.80328,3.6288,61.308,0.526793,0,0,1.26287,0.164069,0.572003,0.66528,12.849,1,0.362888,3.80328,0,148.232,4.07345,147.599,0.84672,12.849,0.84672,3695.15,0,36.966,0.317633,1.83813,1.89705,7.64831,1.16647,9.89939,0.42336,36.966,0.42336,423.524,0,1.02816,0,0,2.86629,1.83813,1.028160,1,0,158.071,0,0,0,158.071,0
72.29,2.2663,0,0,4.68946,0.298965,2.12419,3.6288,61.308,0.64217,0,0,1.77928,0.148815,0.988293,0.66528,12.849,1,0.402817,2.12419,0,133.071,3.83403,130.958,0.84672,12.849,0.84672,3695.15,0,36.966,0.3872,1.74939,1.89737,7.26904,1.07204,9.45656,0.42336,36.966,0.42336,423.524,0,1.02816,0,0,2.77755,1.74939,1.028160,1,0,141.403,0,0,0,141.403,0
72.29,2.26676,0,0,4.75591,0.310203,2.17894,3.6288,61.308,0.642371,0,0,2.18208,0.142266,1.39745,0.66528,12.849,1,0.402899,2.17894,0,124.773,3.69285,122.856,0.84672,12.849,0.84672,3695.15,0,36.966,0.387321,3.6856,2.08984,10.1937,0.983696,14.5981,0.42336,36.966,0.42336,423.524,0,1.02816,0,0,4.71376,3.6856,1.028160,1,0,138.852,0,0,0,138.852,0
72.29,2.26722,0,0,4.42422,0.339121,1.81788,3.6288,61.308,0.642573,0,0,1.49963,0.127192,0.729862,0.66528,12.849,1,0.402982,1.81788,0,135.461,3.78039,133.095,0.84672,12.849,0.84672,3695.15,0,36.966,0.387443,2.41894,2.09019,7.49615,0.945363,10.6725,0.42336,36.966,0.42336,423.524,0,1.02816,0,0,3.4471,2.41894,1.028160,1,0,144.497,0,0,0,144.497,0
72.29,2.26769,0,0,7.76847,0.391277,5.1095,3.6288,61.308,0.642774,0,0,1.69963,0.157035,0.899825,0.66528,12.849,1,0.403064,5.1095,0,164.7,3.73283,165.674,0.84672,12.849,0.84672,3695.15,0,36.966,0.387564,4.02062,2.09054,9.23149,0.978281,13.9768,0.42336,36.966,0.42336,423.524,0,1.02816,0,0,5.04878,4.02062,1.028160,1,0,180.55,0,0,0,180.55,0
72.29,1.9481,0,0,5.1366,0.39428,2.79422,3.6288,61.308,0.488267,0,0,1.86918,0.163273,1.21764,0.66528,12.849,1,0.346261,2.79422,0,144.243,3.76247,142.929,0.84672,12.849,0.84672,3695.15,0,36.966,0.294404,3.0152,2.0909,10.385,0.968286,14.2284,0.42336,36.966,0.42336,423.524,0,1.02816,0,0,4.04336,3.0152,1.028160,1,0,158.375,0,0,0,158.375,0
72.29,1.94851,0,0,5.6836,0.391513,3.34358,3.6288,61.308,0.48844,0,0,1.48826,0.162447,0.83737,0.66528,12.849,1,0.346333,3.34358,0,96.2185,3.82715,95.3886,0.84672,12.849,0.84672,3695.15,0,36.966,0.294508,2.77859,1.82901,10.0936,0.941256,13.4654,0.42336,36.966,0.42336,423.524,0,1.02816,0,0,3.80675,2.77859,1.028160,1,0,109.691,0,0,0,109.691,0
72.29,1.94892,0,0,4.51893,0.391513,2.1785,3.6288,61.308,0.488614,0,0,1.12901,0.162447,0.477954,0.66528,12.849,1,0.346405,2.1785,0,109.441,3.82715,107.446,0.84672,12.849,0.84672,3695.15,0,36.966,0.294612,1.59018,1.82932,7.43403,0.941256,9.61766,0.42336,36.966,0.42336,423.524,0,1.02816,0,0,2.61834,1.59018,1.028160,1,0,117.542,0,0,0,117.542,0
72.29,1.94932,0,0,3.06181,0.380185,0.732303,3.6288,61.308,0.488787,0,0,0.780175,0.156431,0.134957,0.66528,12.849,1,0.346477,0.732303,0,88.287,3.73995,84.9329,0.84672,12.849,0.84672,3695.15,0,36.966,0.294717,1.13961,1.82962,6.71345,0.928731,8.45923,0.42336,36.966,0.42336,423.524,0,1.02816,0,0,2.16777,1.13961,1.028160,1,0,93.527,0,0,0,93.527,0
72.29,1.94973,0,0,4.16244,0.312216,1.9005,3.6288,61.308,0.48896,0,0,0.929949,0.120333,0.320656,0.66528,12.849,1,0.346549,1.9005,0,90.3217,3.21678,88.6589,0.84672,12.849,0.84672,3695.15,0,36.966,0.294821,1.54236,1.82992,7.19531,0.853578,9.41919,0.42336,36.966,0.42336,423.524,0,1.02816,0,0,2.57052,1.54236,1.028160,1,0,98.3987,0,0,0,98.3987,0
72.29,2.03077,0,0,4.41101,0.314079,2.06617,3.6288,61.308,0.527016,0,0,1.17342,0.189436,0.456973,0.66528,12.849,1,0.360954,2.06617,0,89.964,4.23717,87.432,0.84672,12.849,0.84672,3695.15,0,36.966,0.317767,2.61828,1.83023,8.23362,0.922155,11.4422,0.42336,36.966,0.42336,423.524,0,1.02816,0,0,3.64644,2.61828,1.028160,1,0,99.3312,0,0,0,99.3312,0
72.29,2.03119,0,0,5.3153,0.314079,2.97003,3.6288,61.308,0.527196,0,0,1.41181,0.189436,0.695179,0.66528,12.849,1,0.361028,2.97003,0,109.774,4.23717,108.146,0.84672,12.849,0.84672,3695.15,0,36.966,0.317876,3.87845,1.89524,9.30597,0.922155,13.8396,0.42336,36.966,0.42336,423.524,0,1.02816,0,0,4.90661,3.87845,1.028160,1,0,122.68,0,0,0,122.68,0
72.29,2.03161,0,0,3.73104,0.314079,1.38535,3.6288,61.308,0.527376,0,0,1.05606,0.189436,0.339246,0.66528,12.849,1,0.361103,1.38535,0,74.7101,4.23717,71.4972,0.84672,12.849,0.84672,3695.15,0,36.966,0.317985,2.12911,1.89556,7.03935,0.922155,9.82389,0.42336,36.966,0.42336,423.524,0,1.02816,0,0,3.15727,2.12911,1.028160,1,0,81.6603,0,0,0,81.6603,0
72.29,2.03203,0,0,3.24085,0.281443,0.927372,3.6288,61.308,0.527557,0,0,0.870428,0.20096,0.141911,0.66528,12.849,1,0.361178,0.927372,0,64.2298,4.29829,60.4977,0.84672,12.849,0.84672,3695.15,0,36.966,0.318093,1.80163,1.89588,5.77621,0.935744,8.21988,0.42336,36.966,0.42336,423.524,0,1.02816,0,0,2.82979,1.80163,1.028160,1,0,68.8595,0,0,0,68.8595,0
72.29,2.0009,0,0,3.18217,0.249698,0.931573,3.6288,61.308,0.513013,0,0,0.868994,0.214044,0.141936,0.66528,12.849,1,0.355645,0.931573,0,58.1069,4.49344,54.1894,0.84672,12.849,0.84672,3695.15,0,36.966,0.309324,1.57344,1.89619,5.39897,0.981774,7.57751,0.42336,36.966,0.42336,423.524,0,1.02816,0,0,2.6016,1.57344,1.028160,1,0,61.9089,0,0,0,61.9089,0
72.2493,2.00132,0,0,2.54616,0.222663,0.36288,3.6288,61.2876,0.513191,0,0,0.71122,0.218476,0,0.66528,12.849,1,0.355719,0.36288,0,49.0536,4.45294,44.6078,0.84672,12.849,0.84672,3695.15,0,36.966,0.309431,1.25447,1.87131,4.46603,1.00415,6.27823,0.42336,36.966,0.42336,423.524,0,1.02816,0,0,2.28263,1.25447,1.028160,1,0,50.886,0,0,0,50.886,0
71.8946,2.00156,0,0,2.23229,0.222595,0.36288,3.6288,61.2264,0.513304,0,0,0.670642,0.218448,0,0.66528,12.849,1,0.355963,0.36288,0,44.7903,4.45294,40.3443,0.84672,12.849,0.84672,3695.15,0,36.966,0.309603,0.978212,1.87162,4.1595,1.00415,5.69558,0.42336,36.966,0.42336,423.524,0,1.02816,0,0,2.00637,0.978212,1.028160,1,0,46.0398,0,0,0,46.0398,0
71.7304,2.00049,0,0,2.42122,0.221995,0.36288,3.6288,61.1383,0.513289,0,0,0.643515,0.218363,0,0.66528,12.849,1,0.357527,0.36288,0,48.2842,4.45294,43.8366,0.84672,12.849,0.84672,3695.15,0,36.966,0.309903,0.601655,1.87193,4.5523,1.00415,5.71183,0.42336,36.966,0.42336,423.524,0,1.02816,0,0,1.62981,0.601655,1.028160,1,0,49.5484,0,0,0,49.5484,0
71.3858,2.10726,0,0,2.30365,0.178135,0.36288,3.6288,61.036,0.565387,0,0,0.697498,0.234462,0,0.66528,12.849,1,0.377471,0.36288,0,43.5425,4.79261,38.7353,0.84672,12.849,0.84672,3695.15,0,36.966,0.34185,0.727419,1.87225,4.12697,1.0556,5.32918,0.42336,36.966,0.42336,423.524,0,1.02816,0,0,1.75558,0.727419,1.028160,1,0,44.0645,0,0,0,44.0645,0
70.7893,2.10615,0,0,2.06262,0.190092,0.36288,3.6288,61.0306,0.565218,0,0,0.776822,0.216954,0,0.66528,12.849,1,0.379094,0.36288,0,38.7795,4.88982,33.8735,0.84672,12.849,0.84672,3695.15,0,36.966,0.34232,0.757417,1.96093,3.79766,1.01977,5.15392,0.42336,36.966,0.42336,423.524,0,1.02816,0,0,1.78558,0.757417,1.028160,1,0,39.0274,0,0,0,39.0274,0
70.204,2.10388,0,0,1.97679,0.0952912,0.36288,3.6288,60.9309,0.565386,0,0,0.716342,0.25068,0,0.66528,12.849,1,0.381876,0.36288,0,39.0207,5.34324,33.6584,0.84672,12.849,0.84672,3695.15,0,36.966,0.342452,0.715159,1.96125,3.74814,1.11099,4.97112,0.42336,36.966,0.42336,423.524,0,1.02816,0,0,1.74332,0.715159,1.028160,1,0,38.6295,0,0,0,38.6295,0
69.4233,2.10162,0,0,1.77869,0.0948632,0.36288,3.6288,60.6961,0.565224,0,0,0.580967,0.250522,0,0.66528,12.849,1,0.384647,0.36288,0,35.0533,5.34324,29.6883,0.84672,12.849,0.84672,3695.15,0,36.966,0.342914,0.442394,1.96158,3.2535,1.11099,4.20357,0.42336,36.966,0.42336,423.524,0,1.02816,0,0,1.47055,0.442394,1.028160,1,0,33.8919,0,0,0,33.8919,0
68.5911,2.0984,0,0,1.72333,0.0942922,0.36288,3.6288,60.3516,0.564587,0,0,0.470276,0.250149,0,0.66528,12.849,1,0.388377,0.36288,0,32.0207,5.34324,26.652,0.84672,12.849,0.84672,3695.15,0,36.966,0.343853,0.358318,1.96191,3.14531,1.11099,4.01069,0.42336,36.966,0.42336,423.524,0,1.02816,0,0,1.38648,0.358318,1.028160,1,0,30.6627,0,0,0,30.6627,0
68.1299,2.07382,0,0,2.07861,0.103113,0.36288,3.6288,60.2209,0.592132,0,0,0.728905,0.267543,0,0.66528,12.849,1,0.388484,0.36288,0,40.4629,5.29725,35.1401,0.84672,12.849,0.84672,3695.15,0,36.966,0.362687,0.81858,1.96224,3.44077,1.21005,4.64885,0.42336,36.966,0.42336,423.524,0,1.02816,0,0,1.84674,0.81858,1.028160,1,0,39.7889,0,0,0,39.7889,0
67.6177,2.07204,0,0,2.02542,0.102741,0.36288,3.6288,60.098,0.591835,0,0,0.736258,0.267321,0,0.66528,12.849,1,0.390778,0.36288,0,38.1816,5.29725,32.8565,0.84672,12.849,0.84672,3695.15,0,36.966,0.363292,0.947739,1.99349,3.66082,1.21005,5.0287,0.42336,36.966,0.42336,423.524,0,1.02816,0,0,1.9759,0.947739,1.028160,1,0,37.8852,0,0,0,37.8852,0
67.0521,2.06998,0,0,1.9696,0.102329,0.36288,3.6288,59.9359,0.591567,0,0,0.696643,0.267111,0,0.66528,12.849,1,0.393347,0.36288,0,35.86,5.29725,30.5323,0.84672,12.849,0.84672,3695.15,0,36.966,0.36387,0.946348,1.99382,3.77192,1.21005,5.13817,0.42336,36.966,0.42336,423.524,0,1.02816,0,0,1.97451,0.946348,1.028160,1,0,35.6704,0,0,0,35.6704,0
66.3435,2.06762,0,0,1.79622,0.0743084,0.36288,3.6288,59.71,0.59115,0,0,0.678283,0.313065,0,0.66528,12.849,1,0.396213,0.36288,0,34.1016,5.94876,28.1195,0.84672,12.849,0.84672,3695.15,0,36.966,0.364597,0.784858,1.99415,3.6354,1.43055,4.61927,0.42336,36.966,0.42336,423.524,0,1.02816,0,0,1.81302,0.784858,1.028160,1,0,32.7387,0,0,0,32.7387,0
65.5075,2.1186,0,0,1.71553,0.0699865,0.36288,3.6288,59.4958,0.615871,0,0,0.723384,0.32167,0,0.66528,12.849,1,0.410317,0.36288,0,35.4206,5.89331,29.4799,0.84672,12.849,0.84672,3695.15,0,36.966,0.381281,0.688962,1.99449,3.23797,1.54358,3.99656,0.42336,36.966,0.42336,423.524,0,1.02816,0,0,1.71712,0.688962,1.028160,1,0,33.4764,0,0,0,33.4764,0
64.5609,2.11466,0,0,1.60041,0.0695027,0.36288,3.6288,59.1711,0.61522,0,0,0.619713,0.329204,0,0.66528,12.849,1,0.41478,0.36288,0,33.621,5.41432,28.1548,0.84672,12.849,0.84672,3695.15,0,36.966,0.382249,0.570275,2.03867,2.95024,1.46876,3.70818,0.42336,36.966,0.42336,423.524,0,1.02816,0,0,1.59843,0.570275,1.028160,1,0,31.863,0,0,0,31.863,0
63.5167,2.11002,0,0,1.49762,0.0689764,0.36288,3.6288,58.8021,0.614124,0,0,0.573629,0.328521,0,0.66528,12.849,1,0.419939,0.36288,0,30.3514,5.41432,24.88,0.84672,12.849,0.84672,3695.15,0,36.966,0.383662,0.501699,2.03902,2.63307,1.46876,3.32136,0.42336,36.966,0.42336,423.524,0,1.02816,0,0,1.52986,0.501699,1.028160,1,0,28.2014,0,0,0,28.2014,0
62.3556,2.10471,0,0,1.3749,0.0683958,0.36288,3.6288,58.4289,0.612841,0,0,0.567327,0.327744,0,0.66528,12.849,1,0.425769,0.36288,0,27.7448,5.41432,22.2676,0.84672,12.849,0.84672,3695.15,0,36.966,0.385263,0.376047,2.03936,2.57525,1.46876,3.13663,0.42336,36.966,0.42336,423.524,0,1.02816,0,0,1.40421,0.376047,1.028160,1,0,25.4042,0,0,0,25.4042,0
61.3663,2.25547,0,0,1.68266,0.053637,0.36288,3.6288,58.1456,0.66528,0,0,0.701784,0.319739,0,0.66528,12.849,1,0.464762,0.36288,0,30.0452,5.55503,24.3883,0.84672,12.849,0.84672,3695.15,0,36.966,0.481585,0.816299,2.0397,3.82672,1.51128,4.68985,0.42336,36.966,0.42336,423.524,0,1.02816,0,0,1.84446,0.816299,1.028160,1,0,29.0781,0,0,0,29.0781,0
60.409,2.24973,0,0,1.71561,0.0602418,0.36288,3.6288,57.8768,0.66528,0,0,0.731246,0.334818,0,0.66528,12.849,1,0.471054,0.36288,0,32.7133,5.12998,27.4751,0.84672,12.849,0.84672,3695.15,0,36.966,0.48193,0.423058,2.1902,3.25604,1.43635,3.95101,0.42336,36.966,0.42336,423.524,0,1.02816,0,0,1.45122,0.423058,1.028160,1,0,31.4261,0,0,0,31.4261,0
59.3534,2.24404,0,0,1.61407,0.0627864,0.36288,3.6288,57.6124,0.66528,0,0,0.72284,0.321923,0,0.66528,12.849,1,0.477307,0.36288,0,30.8409,5.24412,25.4824,0.84672,12.849,0.84672,3695.15,0,36.966,0.482274,1.16711,2.19057,3.55997,1.47776,4.95761,0.42336,36.966,0.42336,423.524,0,1.02816,0,0,2.19527,1.16711,1.028160,1,0,30.44,0,0,0,30.44,0
58.2126,2.23752,0,0,1.52177,0.0621623,0.36288,3.6288,57.3184,0.66528,0,0,0.692686,0.321373,0,0.66528,12.849,1,0.484384,0.36288,0,31.2829,5.24412,25.9173,0.84672,12.849,0.84672,3695.15,0,36.966,0.482619,1.29671,2.19094,3.32453,1.47776,4.8518,0.42336,36.966,0.42336,423.524,0,1.02816,0,0,2.32487,1.29671,1.028160,1,0,30.7691,0,0,0,30.7691,0
57.0476,2.2302,0,0,1.48951,0.0614799,0.36288,3.6288,57.0261,0.66528,0,0,0.693732,0.320762,0,0.66528,12.849,1,0.492261,0.36288,0,29.6643,5.24412,24.2908,0.84672,12.849,0.84672,3695.15,0,36.966,0.482964,1.27596,2.19131,3.33547,1.47776,4.84201,0.42336,36.966,0.42336,423.524,0,1.02816,0,0,2.30412,1.27596,1.028160,1,0,29.1328,0,0,0,29.1328,0
55.8667,2.1471,0,0,1.40859,0.0794278,0.36288,3.6288,56.4822,0.642147,0,0,0.393862,0.295642,0,0.66528,12.849,1,0.483599,0.36288,0,16.0917,4.89382,11.0772,0.84672,12.849,0.84672,3695.15,0,36.966,0.416258,0.844111,2.19168,2.44529,1.28174,3.78308,0.42336,36.966,0.42336,423.524,0,1.02816,0,0,1.87227,0.844111,1.028160,1,0,14.8603,0,0,0,14.8603,0
54.8705,2.13923,0,0,1.60313,0.0972335,0.36288,3.6288,56.0154,0.639923,0,0,0.469354,0.296217,0,0.66528,12.849,1,0.49201,0.36288,0,14.3277,4.93038,9.2682,0.84672,12.849,0.84672,3695.15,0,36.966,0.418811,1.18965,2.10507,3.13537,1.30343,4.70785,0.42336,36.966,0.42336,423.524,0,1.02816,0,0,2.21781,1.18965,1.028160,1,0,13.9761,0,0,0,13.9761,0
53.8139,2.13243,0,0,1.53497,0.096269,0.36288,3.6288,55.5424,0.638018,0,0,0.460345,0.295315,0,0.66528,12.849,1,0.499351,0.36288,0,19.1035,4.93038,14.0366,0.84672,12.849,0.84672,3695.15,0,36.966,0.421044,1.12923,2.10543,3.13457,1.30343,4.64476,0.42336,36.966,0.42336,423.524,0,1.02816,0,0,2.15739,1.12923,1.028160,1,0,18.6814,0,0,0,18.6814,0
52.9904,2.12495,0,0,1.75958,0.0952461,0.36288,3.6288,55.2464,0.636063,0,0,0.634431,0.294401,0,0.66528,12.849,1,0.50737,0.36288,0,42.9448,4.93038,37.8699,0.84672,12.849,0.84672,3695.15,0,36.966,0.423328,1.66994,2.10578,4.23537,1.30343,6.28433,0.42336,36.966,0.42336,423.524,0,1.02816,0,0,2.6981,1.66994,1.028160,1,0,44.1542,0,0,0,44.1542,0
52.4538,2.05802,0,0,2.00263,0.118369,0.36288,3.6288,54.9695,0.585683,0,0,0.552553,0.243769,0,0.66528,12.849,1,0.499023,0.36288,0,46.3507,4.52912,41.6854,0.84672,12.849,0.84672,3695.15,0,36.966,0.391887,1.1876,2.10614,4.10943,1.15151,5.85978,0.42336,36.966,0.42336,423.524,0,1.02816,0,0,2.21576,1.1876,1.028160,1,0,47.5452,0,0,0,47.5452,0
53.157,2.05434,0,0,3.26987,0.149437,0.36288,3.6288,55.2206,0.58469,0,0,1.01249,0.176699,0,0.66528,12.849,1,0.503228,0.36288,0,49.6773,3.9941,45.5429,0.84672,12.849,0.84672,3695.15,0,36.966,0.393193,2.24406,2.02882,5.37265,0.948945,8.30338,0.42336,36.966,0.42336,423.524,0,1.02816,0,0,3.27222,2.24406,1.028160,1,0,53.8463,0,0,0,53.8463,0
52.6843,2.06012,0,0,2.10086,0.15052,0.36288,3.6288,55.2126,0.585949,0,0,0.754918,0.176991,0,0.66528,12.849,1,0.497969,0.36288,0,34.1665,3.9941,30.0374,0.84672,12.849,0.84672,3695.15,0,36.966,0.392248,1.8101,2.02916,5.30084,0.948945,7.7989,0.42336,36.966,0.42336,423.524,0,1.02816,0,0,2.83826,1.8101,1.028160,1,0,37.8363,0,0,0,37.8363,0
54.164,2.05695,0,0,4.11223,0.212721,0.36288,3.6288,55.2919,0.586102,0,0,0.865651,0.200196,0,0.66528,12.849,1,0.501664,0.36288,0,86.2061,4.40003,81.6673,0.84672,12.849,0.84672,3695.15,0,36.966,0.392408,1.97386,2.0295,6.71388,1.04371,9.28111,0.42336,36.966,0.42336,423.524,0,1.02816,0,0,3.00202,1.97386,1.028160,1,0,90.9484,0,0,0,90.9484,0
58.1552,1.89427,0,0,6.45744,0.209114,0.36288,3.6288,55.3361,0.484013,0,0,0.72077,0.192635,0,0.66528,12.849,1,0.449367,0.36288,0,103.708,4.35582,99.2653,0.84672,12.849,0.84672,3695.15,0,36.966,0.323592,3.05872,2.02984,6.41555,1.04399,10.1365,0.42336,36.966,0.42336,423.524,0,1.02816,0,0,4.08688,3.05872,1.028160,1,0,109.402,0,0,0,109.402,0
57.8984,1.91993,0,0,2.22985,0.203778,0.36288,3.6288,55.3893,0.484336,0,0,0.697179,0.15959,0,0.66528,12.849,1,0.424196,0.36288,0,38.7564,4.16469,34.5304,0.84672,12.849,0.84672,3695.15,0,36.966,0.32355,2.63268,1.85751,5.07127,0.98736,8.25055,0.42336,36.966,0.42336,423.524,0,1.02816,0,0,3.66084,2.63268,1.028160,1,0,42.781,0,0,0,42.781,0
57.2522,1.91879,0,0,1.86037,0.224914,0.36288,3.6288,55.4927,0.484692,0,0,0.757391,0.16933,0,0.66528,12.849,1,0.425824,0.36288,0,31.1995,4.22027,26.9163,0.84672,12.849,0.84672,3695.15,0,36.966,0.323476,3.48797,1.85782,5.66865,0.943647,9.74732,0.42336,36.966,0.42336,423.524,0,1.02816,0,0,4.51613,3.48797,1.028160,1,0,36.6636,0,0,0,36.6636,0
57.7911,1.91526,0,0,3.04057,0.223496,0.36288,3.6288,55.8839,0.485223,0,0,1.04587,0.169445,0,0.66528,12.849,1,0.429838,0.36288,0,55.261,4.22027,50.9738,0.84672,12.849,0.84672,3695.15,0,36.966,0.323228,5.62778,1.85813,7.58532,0.943647,13.8043,0.42336,36.966,0.42336,423.524,0,1.02816,0,0,6.65594,5.62778,1.028160,1,0,64.7781,0,0,0,64.7781,0
65.8789,1.91894,0,0,10.5943,0.224679,0.36288,3.6288,59.5995,0.486755,0,0,4.37225,0.16988,0,0.66528,12.849,1,0.426647,0.36288,0,189.899,4.22027,185.615,0.84672,12.849,0.84672,3695.15,0,36.966,0.321978,4.95935,1.85844,17.7346,0.943647,23.2868,0.42336,36.966,0.42336,423.524,0,1.02816,0,0,5.98751,4.95935,1.028160,1,0,208.902,0,0,0,208.902,0
69.7032,2.0326,0,0,6.4921,0.272353,0.36288,3.6288,61.308,0.529943,0,0,3.86185,0.209037,1.41437,0.66528,12.849,1,0.396437,0.36288,0,152.647,3.88374,148.73,0.84672,12.849,0.84672,3695.15,0,36.966,0.328692,2.22947,1.85875,11.9613,0.981763,14.739,0.42336,36.966,0.42336,423.524,0,1.02816,0,0,3.25763,2.22947,1.028160,1,0,164.883,0,0,0,164.883,0
71.201,2.05137,0,0,4.19736,0.285278,0.36288,3.6288,61.308,0.535832,0,0,1.29122,0.249622,0.505768,0.66528,12.849,1,0.378147,0.36288,0,94.8162,4.57743,90.2235,0.84672,12.849,0.84672,3695.15,0,36.966,0.323083,1.37521,1.91294,7.93776,1.18877,9.71405,0.42336,36.966,0.42336,423.524,0,1.02816,0,0,2.40337,1.37521,1.028160,1,0,100.443,0,0,0,100.443,0
71.5435,2.05852,0,0,3.04904,0.285208,0.36288,3.6288,61.308,0.536006,0,0,1.12355,0.259278,0.32827,0.66528,12.849,1,0.371482,0.36288,0,114.854,4.90875,109.937,0.84672,12.849,0.84672,3695.15,0,36.966,0.323188,1.74764,1.91325,6.72843,1.26548,8.80064,0.42336,36.966,0.42336,423.524,0,1.02816,0,0,2.7758,1.74764,1.028160,1,0,119.066,0,0,0,119.066,0
72.29,2.06043,0,0,4.45747,0.285956,1.36454,3.6288,61.1332,0.536181,0,0,0.620707,0.259278,0,0.66528,12.849,1,0.370048,1.36454,0,73.2586,4.90875,69.3443,0.84672,12.849,0.84672,3695.15,0,36.966,0.323293,0.821483,1.91355,3.9417,1.26548,5.08796,0.42336,36.966,0.42336,423.524,0,1.02816,0,0,1.84964,0.821483,1.028160,1,0,74.4323,0,0,0,74.4323,0
72.29,2.29046,0,0,4.17633,0.288963,1.59691,3.6288,61.014,0.651953,0,0,0.784335,0.251628,0,0.66528,12.849,1,0.407111,1.59691,0,85.1004,4.61739,81.6728,0.84672,12.849,0.84672,3695.15,0,36.966,0.394223,0.79094,1.91386,6.28124,1.19244,7.39937,0.42336,36.966,0.42336,423.524,0,1.02816,0,0,1.8191,0.79094,1.028160,1,0,89.0721,0,0,0,89.0721,0
71.8138,2.2909,0,0,2.46997,0.292409,0.36288,3.6288,60.7811,0.73849,0,0,0.738666,0.233044,0,0.66528,12.849,1,0.407191,0.36288,0,68.8632,3.88899,64.9299,0.84672,12.849,0.84672,3695.15,0,36.966,0.447422,0.503194,2.10816,5.83825,1.00986,6.99231,0.42336,36.966,0.42336,423.524,0,0.888736,0,0,1.39193,0.503194,1.028160,1,0,71.9222,0,0,0,71.9222,0
72.29,2.28906,0,0,3.43499,0.291352,0.378348,3.6288,61.0101,0.650922,0,0,1.11256,0.232701,0,0.66528,12.849,1,0.409562,0.378348,0,74.8431,3.88899,70.9229,0.84672,12.849,0.84672,3695.15,0,36.966,0.395879,1.5842,2.1085,5.80613,1.00986,8.09309,0.42336,36.966,0.42336,423.524,0,1.02816,0,0,2.61236,1.5842,1.028160,1,0,79.016,0,0,0,79.016,0
71.542,2.2918,0,0,2.19911,0.292409,0.36288,3.6288,60.6283,0.70834,0,0,0.559631,0.233038,0,0.66528,12.849,1,0.407351,0.36288,0,51.1336,3.88899,47.2001,0.84672,12.849,0.84672,3695.15,0,36.966,0.429183,0.608429,2.10884,4.4309,1.00986,5.70913,0.42336,36.966,0.42336,423.524,0,0.937751,0,0,1.54618,0.608429,1.028160,1,0,52.9093,0,0,0,52.9093,0
71.4886,1.96605,0,0,2.55743,0.281932,0.36288,3.6288,60.463,0.565898,0,0,0.626878,0.226252,0,0.66528,12.849,1,0.353103,0.36288,0,57.3546,3.81387,53.5505,0.84672,12.849,0.84672,3695.15,0,36.966,0.345037,0.608429,2.10918,4.71099,1.01842,6.06514,0.42336,36.966,0.42336,423.524,0,0.914293,0,0,1.52272,0.608429,1.028160,1,0,59.6156,0,0,0,59.6156,0
72.29,1.96621,0,0,4.81696,0.317767,1.73157,3.6288,60.8685,0.494816,0,0,1.09412,0.193831,0,0.66528,12.849,1,0.353398,1.73157,0,108.453,3.51792,106.313,0.84672,12.849,0.84672,3695.15,0,36.966,0.302521,1.41702,1.84478,6.08719,0.924574,8.1219,0.42336,36.966,0.42336,423.524,0,1.02816,0,0,2.44518,1.41702,1.028160,1,0,114.435,0,0,0,114.435,0
72.29,1.96993,0,0,4.97796,0.319711,2.68832,3.6288,61.308,0.496237,0,0,1.39633,0.194331,0.266277,0.66528,12.849,1,0.350141,2.68832,0,119.559,3.51792,118.38,0.84672,12.849,0.84672,3695.15,0,36.966,0.301369,1.96075,1.84507,10.2782,0.924574,12.8581,0.42336,36.966,0.42336,423.524,0,1.02816,0,0,2.98891,1.96075,1.028160,1,0,131.504,0,0,0,131.504,0
72.29,1.97033,0,0,6.42879,0.319711,4.13875,3.6288,61.308,0.497752,0,0,1.57841,0.194872,0.885783,0.66528,12.849,1,0.350211,4.13875,0,94.8033,3.51792,95.0739,0.84672,12.849,0.84672,3695.15,0,36.966,0.300122,2.64668,1.84537,11.8433,0.924574,15.1106,0.42336,36.966,0.42336,423.524,0,1.02816,0,0,3.67484,2.64668,1.028160,1,0,111.07,0,0,0,111.07,0
72.29,1.97072,0,0,6.69452,0.311396,4.41241,3.6288,61.308,0.49792,0,0,2.36327,0.202989,1.66236,0.66528,12.849,1,0.35028,4.41241,0,165.527,3.49646,166.093,0.84672,12.849,0.84672,3695.15,0,36.966,0.300223,4.8576,1.84566,13.837,0.942972,19.297,0.42336,36.966,0.42336,423.524,0,1.02816,0,0,5.88576,4.8576,1.028160,1,0,187.052,0,0,0,187.052,0
72.29,2.05251,0,0,7.27601,0.343407,4.88009,3.6288,61.308,0.53633,0,0,1.89748,0.19848,1.16267,0.66528,12.849,1,0.364819,4.88009,0,150.552,4.04679,151.02,0.84672,12.849,0.84672,3695.15,0,36.966,0.323383,2.99881,1.84596,15.3497,0.925346,18.9458,0.42336,36.966,0.42336,423.524,0,1.02816,0,0,4.02697,2.99881,1.028160,1,0,171.129,0,0,0,171.129,0
72.29,2.05292,0,0,6.50746,0.337374,4.11716,3.6288,61.308,0.536504,0,0,1.78438,0.188906,1.05897,0.66528,12.849,1,0.364891,4.11716,0,190.663,4.04156,190.374,0.84672,12.849,0.84672,3695.15,0,36.966,0.323488,3.64847,1.91158,14.7282,0.903707,19.061,0.42336,36.966,0.42336,423.524,0,1.02816,0,0,4.67663,3.64847,1.028160,1,0,210.494,0,0,0,210.494,0
72.29,2.05333,0,0,4.85736,0.32581,2.47823,3.6288,61.308,0.536679,0,0,1.1984,0.157305,0.504419,0.66528,12.849,1,0.364964,2.47823,0,141.567,3.17821,140.502,0.84672,12.849,0.84672,3695.15,0,36.966,0.323593,2.50765,1.91188,10.4179,0.782932,13.7309,0.42336,36.966,0.42336,423.524,0,1.02816,0,0,3.53581,2.50765,1.028160,1,0,154.738,0,0,0,154.738,0
72.29,2.05374,0,0,4.55787,0.262281,2.24185,3.6288,61.308,0.536853,0,0,1.06281,0.192809,0.333145,0.66528,12.849,1,0.365036,2.24185,0,121.719,3.29517,120.301,0.84672,12.849,0.84672,3695.15,0,36.966,0.323699,2.25233,1.91219,8.79111,0.90621,11.7257,0.42336,36.966,0.42336,423.524,0,1.02816,0,0,3.28049,2.25233,1.028160,1,0,132.36,0,0,0,132.36,0
72.29,2.02229,0,0,3.91145,0.240165,1.64899,3.6288,61.308,0.522164,0,0,0.92346,0.215622,0.185674,0.66528,12.849,1,0.359447,1.64899,0,118.147,3.77808,115.658,0.84672,12.849,0.84672,3695.15,0,36.966,0.314842,2.90562,1.9125,6.5861,0.976344,10.113,0.42336,36.966,0.42336,423.524,0,1.02816,0,0,3.93378,2.90562,1.028160,1,0,125.957,0,0,0,125.957,0
72.29,2.0227,0,0,3.65124,0.219201,1.40934,3.6288,61.308,0.522336,0,0,0.832887,0.238957,0.0715939,0.66528,12.849,1,0.359519,1.40934,0,89.202,4.40706,85.8447,0.84672,12.849,0.84672,3695.15,0,36.966,0.314945,1.35617,1.88737,5.69897,1.02861,7.59895,0.42336,36.966,0.42336,423.524,0,1.02816,0,0,2.38433,1.35617,1.028160,1,0,93.5153,0,0,0,93.5153,0
72.29,2.0231,0,0,3.51789,0.219201,1.27559,3.6288,61.308,0.522508,0,0,0.776442,0.238957,0.0149768,0.66528,12.849,1,0.35959,1.27559,0,83.3397,4.40706,79.8487,0.84672,12.849,0.84672,3695.15,0,36.966,0.315049,1.23205,1.88767,5.50311,1.02861,7.27917,0.42336,36.966,0.42336,423.524,0,1.02816,0,0,2.26021,1.23205,1.028160,1,0,87.1428,0,0,0,87.1428,0
72.29,2.0235,0,0,3.35794,0.219201,1.11524,3.6288,61.2745,0.52268,0,0,0.728101,0.238957,0,0.66528,12.849,1,0.359662,1.11524,0,64.5843,4.40706,60.9329,0.84672,12.849,0.84672,3695.15,0,36.966,0.315153,1.09518,1.88797,5.15412,1.02861,6.79351,0.42336,36.966,0.42336,423.524,0,1.02816,0,0,2.12334,1.09518,1.028160,1,0,67.7264,0,0,0,67.7264,0
72.29,2.13209,0,0,3.11311,0.174188,0.806835,3.6288,61.141,0.575481,0,0,0.673065,0.231066,0,0.66528,12.849,1,0.378963,0.806835,0,57.3225,3.30393,54.4465,0.84672,12.849,0.84672,3695.15,0,36.966,0.347179,0.919331,1.88827,4.62338,0.803806,6.28,0.42336,36.966,0.42336,423.524,0,1.02816,0,0,1.94749,0.919331,1.028160,1,0,60.7265,0,0,0,60.7265,0
72.29,2.13251,0,0,3.05712,0.155568,0.769039,3.6288,61.057,0.575189,0,0,0.74139,0.250223,0,0.66528,12.849,1,0.379038,0.769039,0,59.0738,5.05758,54.4063,0.84672,12.849,0.84672,3695.15,0,36.966,0.347761,0.842141,1.97777,4.43545,1.12508,5.78252,0.42336,36.966,0.42336,423.524,0,1.02816,0,0,1.8703,0.842141,1.028160,1,0,60.1888,0,0,0,60.1888,0
72.29,2.13293,0,0,2.91762,0.132733,0.651959,3.6288,60.917,0.575072,0,0,0.692194,0.257096,0,0.66528,12.849,1,0.379113,0.651959,0,52.747,5.17692,47.843,0.84672,12.849,0.84672,3695.15,0,36.966,0.348169,0.689645,1.97809,4.30561,1.17579,5.44939,0.42336,36.966,0.42336,423.524,0,1.02816,0,0,1.7178,0.689645,1.028160,1,0,53.2923,0,0,0,53.2923,0
72.29,2.13335,0,0,2.83859,0.132733,0.572507,3.6288,60.7875,0.574756,0,0,0.702121,0.256869,0,0.66528,12.849,1,0.379187,0.572507,0,50.1216,5.17692,45.138,0.84672,12.849,0.84672,3695.15,0,36.966,0.348777,0.828896,1.97841,4.10017,1.17579,5.38291,0.42336,36.966,0.42336,423.524,0,1.02816,0,0,1.85706,0.828896,1.028160,1,0,50.5209,0,0,0,50.5209,0
72.2184,2.13377,0,0,2.57743,0.152402,0.36288,3.6288,60.6225,0.574474,0,0,0.660908,0.251408,0,0.66528,12.849,1,0.379262,0.36288,0,47.2359,4.83846,42.3811,0.84672,12.849,0.84672,3695.15,0,36.966,0.349349,0.772036,1.97873,3.75132,1.18885,4.96389,0.42336,36.966,0.42336,423.524,0,1.02816,0,0,1.8002,0.772036,1.028160,1,0,47.345,0,0,0,47.345,0
71.7849,2.11247,0,0,2.16723,0.125411,0.36288,3.6288,60.201,0.691291,0,0,0.51513,0.24536,0,0.66528,12.849,1,0.375847,0.36288,0,35.8435,4.72924,31.1013,0.84672,12.849,0.84672,3695.15,0,36.966,0.421531,0.30119,1.97905,2.79635,1.14298,3.51208,0.42336,36.966,0.42336,423.524,0,0.885963,0,0,1.18715,0.30119,1.028160,1,0,34.6133,0,0,0,34.6133,0
71.1112,2.11096,0,0,1.91831,0.118079,0.36288,3.6288,59.6635,0.763868,0,0,0.470732,0.244396,0,0.66528,12.849,1,0.377847,0.36288,0,33.7227,4.75335,28.9544,0.84672,12.849,0.84672,3695.15,0,36.966,0.469048,0.261274,2.01057,2.53196,1.1337,3.20106,0.42336,36.966,0.42336,423.524,0,0.766169,0,0,1.02744,0.261274,1.028160,1,0,32.1554,0,0,0,32.1554,0
70.2739,2.10834,0,0,1.74665,0.112755,0.36288,3.6288,59.0322,0.822035,0,0,0.445182,0.254415,0,0.66528,12.849,1,0.380954,0.36288,0,29.6857,4.8945,24.7732,0.84672,12.849,0.84672,3695.15,0,36.966,0.509313,0.261274,2.0109,2.45747,1.18522,3.0351,0.42336,36.966,0.42336,423.524,0,0.668036,0,0,0.92931,0.261274,1.028160,1,0,27.8083,0,0,0,27.8083,0
69.3805,2.10492,0,0,1.65825,0.0839051,0.36288,3.6288,58.3199,0.811044,0,0,0.417022,0.318256,0,0.66528,12.849,1,0.384868,0.36288,0,26.7746,5.7414,21.0112,0.84672,12.849,0.84672,3695.15,0,36.966,0.507876,0.261274,2.01122,2.34337,1.49436,2.61362,0.42336,36.966,0.42336,423.524,0,0.680763,0,0,0.942037,0.261274,1.028160,1,0,23.6248,0,0,0,23.6248,0
68.2965,2.15615,0,0,1.52412,0.0890371,0.36288,3.6288,57.5326,0.853184,0,0,0.375792,0.309929,0,0.66528,12.849,1,0.39931,0.36288,0,24.941,5.75611,19.1485,0.84672,12.849,0.84672,3695.15,0,36.966,0.54079,0.261274,2.01154,2.07467,1.48758,2.31912,0.42336,36.966,0.42336,423.524,0,0.64749,0,0,0.908764,0.261274,1.028160,1,0,21.4676,0,0,0,21.4676,0
67.2211,2.15124,0,0,1.53458,0.095837,0.36288,3.6288,56.7001,0.869406,0,0,0.336203,0.299239,0,0.66528,12.849,1,0.404724,0.36288,0,23.0697,5.77574,17.2521,0.84672,12.849,0.84672,3695.15,0,36.966,0.558613,0.261274,2.05613,1.81716,1.47855,2.0974,0.42336,36.966,0.42336,423.524,0,0.613751,0,0,0.875025,0.261274,1.028160,1,0,19.3495,0,0,0,19.3495,0
65.976,2.14623,0,0,1.35897,0.0950305,0.36288,3.6288,55.8375,0.88071,0,0,0.315713,0.297625,0,0.66528,12.849,1,0.410241,0.36288,0,21.7358,5.77574,15.9127,0.84672,12.849,0.84672,3695.15,0,36.966,0.574184,0.227405,2.05646,1.79948,1.47855,2.03061,0.42336,36.966,0.42336,423.524,0,0.587183,0,0,0.814588,0.227405,1.028160,1,0,17.9433,0,0,0,17.9433,0
64.6133,2.14017,0,0,1.23447,0.0940968,0.36288,3.6288,54.9415,0.907201,0,0,0.307161,0.295954,0,0.66528,12.849,1,0.416803,0.36288,0,20.4606,5.77574,14.631,0.84672,12.849,0.84672,3695.15,0,36.966,0.600592,0.227405,2.05679,1.73522,1.47855,1.94028,0.42336,36.966,0.42336,423.524,0,0.534591,0,0,0.761996,0.227405,1.028160,1,0,16.5713,0,0,0,16.5713,0
62.9266,2.29257,0,0,1.04556,0.0768312,0.36288,3.6288,53.9524,0.995017,0,0,0.305493,0.299648,0,0.66528,12.849,1,0.455901,0.36288,0,19.4994,6.05253,13.3539,0.84672,12.849,0.84672,3695.15,0,36.966,0.669472,0.227405,2.05712,1.70277,1.47905,1.83878,0.42336,36.966,0.42336,423.524,0,0.528034,0,0,0.755438,0.227405,1.028160,1,0,15.1927,0,0,0,15.1927,0
61.1413,2.28287,0,0,0.997894,0.137393,0.36288,3.6288,52.9032,1.08553,0,0,0.278219,0.241839,0,0.66528,12.849,1,0.46614,0.36288,0,15.1196,5.21514,9.80117,0.84672,12.849,0.84672,3695.15,0,36.966,0.743763,0.227405,2.20901,1.26322,1.29808,1.65779,0.42336,36.966,0.42336,423.524,0,0.363563,0,0,0.590967,0.227405,1.028160,1,0,11.459,0,0,0,11.459,0
59.6114,2.27207,0,0,1.24041,0.135389,0.36288,3.6288,51.9351,1.02392,0,0,0.295691,0.239863,0,0.66528,12.849,1,0.477481,0.36288,0,15.47,5.21514,10.1403,0.84672,12.849,0.84672,3695.15,0,36.966,0.71546,0.204422,2.20937,1.86723,1.29808,2.26748,0.42336,36.966,0.42336,423.524,0,0.453813,0,0,0.658235,0.204422,1.028160,1,0,12.4077,0,0,0,12.4077,0
57.8524,2.26243,0,0,0.999873,0.133561,0.36288,3.6288,50.9199,1.04992,0,0,0.272707,0.238004,0,0.66528,12.849,1,0.487658,0.36288,0,14.2729,5.21514,8.93302,0.84672,12.849,0.84672,3695.15,0,36.966,0.747302,0.204422,2.20972,1.26971,1.29808,1.63847,0.42336,36.966,0.42336,423.524,0,0.396305,0,0,0.600727,0.204422,1.028160,1,0,10.5715,0,0,0,10.5715,0
55.9919,2.25074,0,0,0.899977,0.146901,0.36288,3.6288,49.8823,1.0594,0,0,0.258101,0.236319,0,0.66528,12.849,1,0.499888,0.36288,0,13.4632,5.29284,8.03335,0.84672,12.849,0.84672,3695.15,0,36.966,0.769083,0.204422,2.21008,1.20963,1.28287,1.57219,0.42336,36.966,0.42336,423.524,0,0.365378,0,0,0.5698,0.204422,1.028160,1,0,9.60554,0,0,0,9.60554,0
54.9907,2.16189,0,0,1.67674,0.153139,0.36288,3.6288,49.1337,0.88303,0,0,0.345511,0.211072,0,0.66528,12.849,1,0.49611,0.36288,0,24.8528,5.19699,19.5226,0.84672,12.849,0.84672,3695.15,0,36.966,0.654382,0.204422,2.21044,1.48404,1.21319,2.03133,0.42336,36.966,0.42336,423.524,0,0.565756,0,0,0.770178,0.204422,1.028160,1,0,21.5539,0,0,0,21.5539,0
54.3849,2.15499,0,0,2.08836,0.17631,0.36288,3.6288,48.6259,0.807089,0,0,0.485933,0.186662,0,0.66528,12.849,1,0.50353,0.36288,0,31.7507,4.33495,27.2751,0.84672,12.849,0.84672,3695.15,0,36.966,0.607218,0.216518,2.12302,2.05764,0.943216,2.84674,0.42336,36.966,0.42336,423.524,0,0.689178,0,0,0.905697,0.216518,1.028160,1,0,30.1218,0,0,0,30.1218,0
53.7174,2.15088,0,0,2.04827,0.201992,0.36288,3.6288,48.4911,0.6549,0,0,0.696343,0.17624,0,0.66528,12.849,1,0.508167,0.36288,0,30.2768,3.8808,26.2507,0.84672,12.849,0.84672,3695.15,0,36.966,0.497863,0.216518,2.12336,2.66619,0.831081,3.67713,0.42336,36.966,0.42336,423.524,0,0.951039,0,0,1.16756,0.216518,1.028160,1,0,29.9278,0,0,0,29.9278,0
53.1115,2.1462,0,0,2.10387,0.200629,0.36288,3.6288,48.6184,0.610535,0,0,0.913922,0.176043,0,0.66528,12.849,1,0.513363,0.36288,0,30.6563,3.8808,26.625,0.84672,12.849,0.84672,3695.15,0,36.966,0.465426,0.468677,2.1237,3.04238,0.831081,4.33825,0.42336,36.966,0.42336,423.524,0,1.02816,0,0,1.49684,0.468677,1.028160,1,0,30.9632,0,0,0,30.9632,0
52.1789,2.08029,0,0,1.7285,0.217968,0.36288,3.6288,48.3971,0.690968,0,0,0.657585,0.187898,0,0.66528,12.849,1,0.503273,0.36288,0,27.9554,4.06878,23.7462,0.84672,12.849,0.84672,3695.15,0,36.966,0.525363,0.216518,2.12405,2.58297,0.901382,3.49679,0.42336,36.966,0.42336,423.524,0,0.805196,0,0,1.02171,0.216518,1.028160,1,0,27.243,0,0,0,27.243,0
50.8966,2.07348,0,0,1.41591,0.261881,0.36288,3.6288,47.7626,0.879213,0,0,0.461328,0.21667,0,0.66528,12.849,1,0.510591,0.36288,0,30.4531,4.53873,25.7667,0.84672,12.849,0.84672,3695.15,0,36.966,0.671548,0.216518,2.04599,3.24221,1.07713,3.75604,0.42336,36.966,0.42336,423.524,0,0.47107,0,0,0.687588,0.216518,1.028160,1,0,29.5227,0,0,0,29.5227,0
51.1148,2.06361,0,0,2.90311,0.25841,0.36288,3.6288,48.0054,0.560316,0,0,1.01861,0.215528,0,0.66528,12.849,1,0.520965,0.36288,0,47.0399,4.53873,42.3431,0.84672,12.849,0.84672,3695.15,0,36.966,0.433658,0.671967,2.04632,4.6357,1.07713,5.84319,0.42336,36.966,0.42336,423.524,0,1.02816,0,0,1.70013,0.671967,1.028160,1,0,48.1863,0,0,0,48.1863,0
54.2245,2.0658,0,0,5.79742,0.259001,0.36288,3.6288,49.1879,0.561726,0,0,1.96027,0.215965,0,0.66528,12.849,1,0.51929,0.36288,0,86.7125,4.53873,82.0174,0.84672,12.849,0.84672,3695.15,0,36.966,0.432551,2.65826,2.04665,7.45801,1.07713,10.6532,0.42336,36.966,0.42336,423.524,0,1.02816,0,0,3.68642,2.65826,1.028160,1,0,92.6706,0,0,0,92.6706,0
56.3309,1.91445,0,0,4.68695,0.303261,0.36288,3.6288,50.0133,0.469178,0,0,1.52535,0.230827,0,0.66528,12.849,1,0.453646,0.36288,0,44.4058,4.17027,40.1448,0.84672,12.849,0.84672,3695.15,0,36.966,0.3526,1.49578,2.04698,5.30959,0.949861,7.54989,0.42336,36.966,0.42336,423.524,0,1.02816,0,0,2.52394,1.49578,1.028160,1,0,47.6947,0,0,0,47.6947,0
56.6956,1.92865,0,0,2.93798,0.281712,0.36288,3.6288,50.2865,0.472681,0,0,0.957948,0.212013,0,0.66528,12.849,1,0.439922,0.36288,0,34.8913,4.41609,30.3982,0.84672,12.849,0.84672,3695.15,0,36.966,0.34937,0.492731,1.87304,4.3667,1.15441,5.2287,0.42336,36.966,0.42336,423.524,0,1.02816,0,0,1.52089,0.492731,1.028160,1,0,35.6269,0,0,0,35.6269,0
59.0671,1.93134,0,0,4.94838,0.282731,0.36288,3.6288,52.1041,0.473933,0,0,2.504,0.212487,0,0.66528,12.849,1,0.437701,0.36288,0,86.019,4.41609,81.5281,0.84672,12.849,0.84672,3695.15,0,36.966,0.348391,2.66638,1.87334,6.71643,1.15441,9.75336,0.42336,36.966,0.42336,423.524,0,1.02816,0,0,3.69454,2.66638,1.028160,1,0,91.2814,0,0,0,91.2814,0
62.1102,1.94616,0,0,5.64157,0.289352,0.36288,3.6288,53.4486,0.481202,0,0,2.04133,0.215646,0,0.66528,12.849,1,0.423352,0.36288,0,91.1901,4.41609,86.7135,0.84672,12.849,0.84672,3695.15,0,36.966,0.341395,2.17765,1.87364,5.99792,1.15441,8.55341,0.42336,36.966,0.42336,423.524,0,1.02816,0,0,3.20581,2.17765,1.028160,1,0,95.267,0,0,0,95.267,0
65.9752,1.96374,0,0,6.46827,0.276691,0.36288,3.6288,53.9352,0.48644,0,0,1.18261,0.209535,0,0.66528,12.849,1,0.406246,0.36288,0,63.9878,3.96069,59.9837,0.84672,12.849,0.84672,3695.15,0,36.966,0.33643,1.24103,1.87394,4.61484,1.07893,6.31446,0.42336,36.966,0.42336,423.524,0,1.02816,0,0,2.26919,1.24103,1.028160,1,0,66.2982,0,0,0,66.2982,0
68.2301,2.05413,0,0,4.94019,0.268286,0.36288,3.6288,54.9758,0.518116,0,0,1.76317,0.204471,0,0.66528,12.849,1,0.400051,0.36288,0,83.8398,3.82467,79.978,0.84672,12.849,0.84672,3695.15,0,36.966,0.355105,1.77428,1.87424,4.82923,0.910189,7.21246,0.42336,36.966,0.42336,423.524,0,1.02816,0,0,2.80244,1.77428,1.028160,1,0,87.1904,0,0,0,87.1904,0
69.7878,2.06564,0,0,4.24888,0.262672,0.36288,3.6288,55.2679,0.522297,0,0,1.01692,0.202532,0,0.66528,12.849,1,0.388999,0.36288,0,91.8389,3.77958,88.0332,0.84672,12.849,0.84672,3695.15,0,36.966,0.351195,1.68769,1.92892,4.48569,0.79307,6.95804,0.42336,36.966,0.42336,423.524,0,1.02816,0,0,2.71585,1.68769,1.028160,1,0,94.9912,0,0,0,94.9912,0
70.9546,2.07337,0,0,3.86891,0.265875,0.36288,3.6288,55.4845,0.523571,0,0,0.943039,0.202922,0,0.66528,12.849,1,0.381739,0.36288,0,83.0546,3.77958,79.2561,0.84672,12.849,0.84672,3695.15,0,36.966,0.350191,1.49154,1.92922,4.26982,0.79307,6.54731,0.42336,36.966,0.42336,423.524,0,1.02816,0,0,2.5197,1.49154,1.028160,1,0,85.8035,0,0,0,85.8035,0
72.1568,2.07908,0,0,3.94758,0.303338,0.36288,3.6288,55.7121,0.524553,0,0,0.958789,0.206604,0,0.66528,12.849,1,0.376496,0.36288,0,83.8806,3.98172,79.8852,0.84672,12.849,0.84672,3695.15,0,36.966,0.349479,1.5329,1.92951,4.45703,0.906172,6.66379,0.42336,36.966,0.42336,423.524,0,1.02816,0,0,2.56106,1.5329,1.028160,1,0,86.549,0,0,0,86.549,0
72.29,2.31319,0,0,3.95774,0.355202,1.1562,3.6288,55.7737,0.638668,0,0,0.921586,0.221348,0,0.66528,12.849,1,0.41191,1.1562,0,84.5018,4.63917,80.6069,0.84672,12.849,0.84672,3695.15,0,36.966,0.423768,1.55411,1.92981,4.46062,1.28854,6.23223,0.42336,36.966,0.42336,423.524,0,1.02816,0,0,2.58227,1.55411,1.028160,1,0,86.8391,0,0,0,86.8391,0
72.29,2.31426,0,0,3.72669,0.321469,1.09096,3.6288,55.9191,0.639132,0,0,0.982653,0.198118,0,0.66528,12.849,1,0.411343,1.09096,0,83.0563,4.67691,79.059,0.84672,12.849,0.84672,3695.15,0,36.966,0.423607,1.48347,2.12588,4.88488,1.24496,6.82566,0.42336,36.966,0.42336,423.524,0,1.02816,0,0,2.51163,1.48347,1.028160,1,0,85.8847,0,0,0,85.8847,0
72.29,2.3147,0,0,4.38339,0.321469,1.74722,3.6288,56.1144,0.639977,0,0,1.03366,0.198306,0,0.66528,12.849,1,0.41142,1.74722,0,99.5985,4.67691,96.2574,0.84672,12.849,0.84672,3695.15,0,36.966,0.423065,1.43713,2.12621,5.08331,1.24496,6.97861,0.42336,36.966,0.42336,423.524,0,1.02816,0,0,2.46529,1.43713,1.028160,1,0,103.236,0,0,0,103.236,0
72.29,2.31513,0,0,4.6321,0.31096,2.00601,3.6288,56.326,0.641047,0,0,1.04439,0.191802,0,0.66528,12.849,1,0.411498,2.00601,0,105.931,4.4376,103.088,0.84672,12.849,0.84672,3695.15,0,36.966,0.422297,1.68147,2.12654,5.56045,1.16794,7.77822,0.42336,36.966,0.42336,423.524,0,1.02816,0,0,2.70963,1.68147,1.028160,1,0,110.866,0,0,0,110.866,0
72.29,1.98951,0,0,4.41666,0.290803,2.13635,3.6288,56.6536,0.489649,0,0,1.02649,0.209228,0,0.66528,12.849,1,0.35362,2.13635,0,102.193,4.31187,99.6639,0.84672,12.849,0.84672,3695.15,0,36.966,0.32135,1.5558,2.12687,5.46745,1.0987,7.73006,0.42336,36.966,0.42336,423.524,0,1.02816,0,0,2.58396,1.5558,1.028160,1,0,107.394,0,0,0,107.394,0
72.29,1.98989,0,0,5.03258,0.31349,2.72919,3.6288,57.0471,0.490931,0,0,1.10662,0.222143,0,0.66528,12.849,1,0.353688,2.72919,0,98.2886,4.36884,96.2953,0.84672,12.849,0.84672,3695.15,0,36.966,0.320328,1.31804,1.86004,8.48173,1.15492,10.1846,0.42336,36.966,0.42336,423.524,0,1.02816,0,0,2.3462,1.31804,1.028160,1,0,106.48,0,0,0,106.48,0
72.29,1.99027,0,0,4.20831,0.31349,1.90455,3.6288,57.1608,0.492429,0,0,0.828801,0.222712,0,0.66528,12.849,1,0.353756,1.90455,0,80.2544,4.36884,77.4363,0.84672,12.849,0.84672,3695.15,0,36.966,0.31909,1.29316,1.86032,6.22496,1.15492,7.90442,0.42336,36.966,0.42336,423.524,0,1.02816,0,0,2.32132,1.29316,1.028160,1,0,85.3407,0,0,0,85.3407,0
72.29,1.99065,0,0,4.88951,0.322405,2.57646,3.6288,57.6261,0.492973,0,0,1.16988,0.211562,0,0.66528,12.849,1,0.353823,2.57646,0,78.8141,4.50588,76.5308,0.84672,12.849,0.84672,3695.15,0,36.966,0.318806,1.71958,1.86061,4.52841,1.12799,6.66181,0.42336,36.966,0.42336,423.524,0,1.02816,0,0,2.74774,1.71958,1.028160,1,0,83.1926,0,0,0,83.1926,0
72.29,1.99103,0,0,4.64419,0.344694,2.30847,3.6288,57.9047,0.4947,0,0,0.957105,0.183829,0,0.66528,12.849,1,0.353891,2.30847,0,76.3612,4.84848,73.4673,0.84672,12.849,0.84672,3695.15,0,36.966,0.31734,1.25517,1.86089,3.55803,1.06067,5.29608,0.42336,36.966,0.42336,423.524,0,1.02816,0,0,2.28333,1.25517,1.028160,1,0,78.7634,0,0,0,78.7634,0
72.29,2.07356,0,0,3.25159,0.314898,0.863141,3.6288,57.8468,0.533546,0,0,0.639419,0.163834,0,0.66528,12.849,1,0.368559,0.863141,0,49.3063,3.90851,45.8924,0.84672,12.849,0.84672,3695.15,0,36.966,0.340613,0.672278,1.86118,2.85993,0.839446,4.21332,0.42336,36.966,0.42336,423.524,0,1.02816,0,0,1.70044,0.672278,1.028160,1,0,50.1057,0,0,0,50.1057,0
72.29,2.07395,0,0,4.52911,0.298709,2.15646,3.6288,57.9754,0.533503,0,0,0.837123,0.175002,0,0.66528,12.849,1,0.368629,2.15646,0,75.6708,3.86673,73.5919,0.84672,12.849,0.84672,3695.15,0,36.966,0.340926,1.2075,1.92738,4.47569,0.950059,6.31959,0.42336,36.966,0.42336,423.524,0,1.02816,0,0,2.23566,1.2075,1.028160,1,0,79.9114,0,0,0,79.9114,0
72.29,2.07434,0,0,3.16095,0.298709,0.787899,3.6288,57.7089,0.680707,0,0,0.589375,0.175147,0,0.66528,12.849,1,0.368699,0.787899,0,51.0453,3.86673,47.5978,0.84672,12.849,0.84672,3695.15,0,36.966,0.43403,0.528595,1.92768,3.4116,0.950059,4.48379,0.42336,36.966,0.42336,423.524,0,0.788123,0,0,1.31672,0.528595,1.028160,1,0,52.0815,0,0,0,52.0815,0
72.29,2.07474,0,0,3.92113,0.298709,1.54768,3.6288,58.2044,0.533337,0,0,1.20365,0.174846,0,0.66528,12.849,1,0.368769,1.54768,0,86.1442,3.86673,83.4564,0.84672,12.849,0.84672,3695.15,0,36.966,0.341634,2.03614,1.92798,6.20355,0.950059,8.87597,0.42336,36.966,0.42336,423.524,0,1.02816,0,0,3.0643,2.03614,1.028160,1,0,92.3323,0,0,0,92.3323,0
72.29,2.04299,0,0,3.62609,0.280371,1.30272,3.6288,58.4069,0.520578,0,0,0.883829,0.160728,0,0.66528,12.849,1,0.363127,1.30272,0,69.4905,3.81342,66.6167,0.84672,12.849,0.84672,3695.15,0,36.966,0.330622,1.14636,1.92827,4.06353,0.971551,5.83598,0.42336,36.966,0.42336,423.524,0,1.02816,0,0,2.17452,1.14636,1.028160,1,0,72.4526,0,0,0,72.4526,0
72.29,2.04338,0,0,2.90604,0.255949,0.606707,3.6288,58.4308,0.537523,0,0,0.723954,0.162511,0,0.66528,12.849,1,0.363196,0.606707,0,55.1586,4.02121,51.3809,0.84672,12.849,0.84672,3695.15,0,36.966,0.340201,0.528595,1.9029,2.81286,1.04149,3.86266,0.42336,36.966,0.42336,423.524,0,1.0019,0,0,1.5305,0.528595,1.028160,1,0,55.2436,0,0,0,55.2436,0
72.2003,2.04377,0,0,2.57262,0.255673,0.36288,3.6288,58.3363,0.531882,0,0,0.626488,0.189077,0,0.66528,12.849,1,0.363265,0.36288,0,48.472,4.32739,44.1443,0.84672,12.849,0.84672,3695.15,0,36.966,0.336493,0.402797,1.90319,2.54089,1.0678,3.44259,0.42336,36.966,0.42336,423.524,0,1.01152,0,0,1.41432,0.402797,1.028160,1,0,47.5869,0,0,0,47.5869,0
71.9911,2.04378,0,0,2.38282,0.185323,0.36288,3.6288,58.0896,0.596562,0,0,0.570878,0.221046,0,0.66528,12.849,1,0.363717,0.36288,0,44.4798,4.61569,39.8633,0.84672,12.849,0.84672,3695.15,0,36.966,0.378023,0.402797,1.90348,2.39722,1.08501,3.24046,0.42336,36.966,0.42336,423.524,0,0.905576,0,0,1.30837,0.402797,1.028160,1,0,43.1038,0,0,0,43.1038,0
71.6191,2.15237,0,0,2.32825,0.185028,0.36288,3.6288,57.9366,0.572969,0,0,0.640702,0.220695,0,0.66528,12.849,1,0.384155,0.36288,0,43.1838,4.61569,38.5469,0.84672,12.849,0.84672,3695.15,0,36.966,0.364615,0.465411,1.90378,2.85376,1.08501,3.77332,0.42336,36.966,0.42336,423.524,0,1.02816,0,0,1.49357,0.465411,1.028160,1,0,42.3202,0,0,0,42.3202,0
71.1219,2.15108,0,0,2.18494,0.16813,0.36288,3.6288,57.7141,0.600092,0,0,0.593868,0.216315,0,0.66528,12.849,1,0.385921,0.36288,0,36.8258,4.65517,32.1475,0.84672,12.849,0.84672,3695.15,0,36.966,0.382884,0.402797,1.99408,2.09224,0.967856,3.13837,0.42336,36.966,0.42336,423.524,0,0.983051,0,0,1.38585,0.402797,1.028160,1,0,35.2859,0,0,0,35.2859,0
70.4438,2.14921,0,0,2.00145,0.167492,0.36288,3.6288,57.4207,0.620599,0,0,0.543218,0.216004,0,0.66528,12.849,1,0.388279,0.36288,0,33.0433,4.65517,28.3628,0.84672,12.849,0.84672,3695.15,0,36.966,0.397495,0.30119,1.99439,1.99845,0.967856,2.92868,0.42336,36.966,0.42336,423.524,0,0.948214,0,0,1.2494,0.30119,1.028160,1,0,31.2914,0,0,0,31.2914,0
69.6697,2.14645,0,0,1.85927,0.124039,0.36288,3.6288,57.0517,0.645815,0,0,0.520036,0.243228,0,0.66528,12.849,1,0.391514,0.36288,0,29.236,4.97648,24.2309,0.84672,12.849,0.84672,3695.15,0,36.966,0.415759,0.30119,1.99469,1.90819,1.04995,2.73836,0.42336,36.966,0.42336,423.524,0,0.905014,0,0,1.2062,0.30119,1.028160,1,0,26.9693,0,0,0,26.9693,0
68.7977,2.14318,0,0,1.7503,0.116245,0.36288,3.6288,56.606,0.695163,0,0,0.496683,0.247241,0,0.66528,12.849,1,0.395262,0.36288,0,28.8073,5.03003,23.7449,0.84672,12.849,0.84672,3695.15,0,36.966,0.450423,0.30119,1.995,1.93283,1.06363,2.71497,0.42336,36.966,0.42336,423.524,0,0.821284,0,0,1.12247,0.30119,1.028160,1,0,26.4599,0,0,0,26.4599,0
67.8388,2.11793,0,0,1.62793,0.106057,0.36288,3.6288,56.1415,0.636577,0,0,0.435208,0.263084,0,0.66528,12.849,1,0.395554,0.36288,0,29.4484,5.27835,24.1374,0.84672,12.849,0.84672,3695.15,0,36.966,0.41571,0.30119,1.99531,1.95029,1.17511,2.65597,0.42336,36.966,0.42336,423.524,0,0.961796,0,0,1.26299,0.30119,1.028160,1,0,26.7934,0,0,0,26.7934,0
66.7938,2.11362,0,0,1.53306,0.101531,0.36288,3.6288,55.6569,0.618439,0,0,0.402695,0.268892,0,0.66528,12.849,1,0.400331,0.36288,0,29.6171,5.37768,24.2019,0.84672,12.849,0.84672,3695.15,0,36.966,0.407207,0.261274,2.02711,2.00711,1.2197,2.66858,0.42336,36.966,0.42336,423.524,0,0.988727,0,0,1.25,0.261274,1.028160,1,0,26.8705,0,0,0,26.8705,0
65.6231,2.10877,0,0,1.40164,0.100697,0.36288,3.6288,55.1792,0.602688,0,0,0.393029,0.26804,0,0.66528,12.849,1,0.405661,0.36288,0,29.1991,5.37768,23.7786,0.84672,12.849,0.84672,3695.15,0,36.966,0.400291,0.261274,2.02742,1.98243,1.2197,2.65114,0.42336,36.966,0.42336,423.524,0,1.01168,0,0,1.27296,0.261274,1.028160,1,0,26.4297,0,0,0,26.4297,0
64.3383,2.10312,0,0,1.281,0.0997639,0.36288,3.6288,54.5679,0.711605,0,0,0.36754,0.267201,0,0.66528,12.849,1,0.411791,0.36288,0,27.4642,5.37768,22.0376,0.84672,12.849,0.84672,3695.15,0,36.966,0.476723,0.261274,2.02773,1.88646,1.2197,2.47904,0.42336,36.966,0.42336,423.524,0,0.826623,0,0,1.0879,0.261274,1.028160,1,0,24.5167,0,0,0,24.5167,0
62.9808,2.15148,0,0,1.23841,0.0815641,0.36288,3.6288,53.8887,0.749658,0,0,0.365186,0.294791,0,0.66528,12.849,1,0.429671,0.36288,0,24.0758,5.8449,18.1641,0.84672,12.849,0.84672,3695.15,0,36.966,0.507841,0.261274,2.02805,1.80211,1.38508,2.1985,0.42336,36.966,0.42336,423.524,0,0.799597,0,0,1.06087,0.261274,1.028160,1,0,20.3626,0,0,0,20.3626,0
61.6842,2.14419,0,0,1.27966,0.0691694,0.36288,3.6288,53.2313,0.707802,0,0,0.342048,0.291626,0,0.66528,12.849,1,0.437446,0.36288,0,30.1594,6.0249,24.0599,0.84672,12.849,0.84672,3695.15,0,36.966,0.485531,0.261274,2.07302,1.93412,1.4379,2.34498,0.42336,36.966,0.42336,423.524,0,0.86406,0,0,1.12533,0.261274,1.028160,1,0,26.4049,0,0,0,26.4049,0
60.3094,2.13698,0,0,1.19347,0.0684372,0.36288,3.6288,52.5511,0.693006,0,0,0.302963,0.290125,0,0.66528,12.849,1,0.44514,0.36288,0,23.8589,6.0249,17.7518,0.84672,12.849,0.84672,3695.15,0,36.966,0.481252,0.227405,2.07334,1.76539,1.4379,2.14698,0.42336,36.966,0.42336,423.524,0,0.883431,0,0,1.11084,0.227405,1.028160,1,0,19.8987,0,0,0,19.8987,0
58.8354,2.12902,0,0,1.08557,0.0676607,0.36288,3.6288,51.7556,0.79158,0,0,0.284577,0.28855,0,0.66528,12.849,1,0.453591,0.36288,0,21.939,6.0249,15.8234,0.84672,12.849,0.84672,3695.15,0,36.966,0.556821,0.227405,2.07366,1.61571,1.4379,1.92205,0.42336,36.966,0.42336,423.524,0,0.709586,0,0,0.936991,0.227405,1.028160,1,0,17.7455,0,0,0,17.7455,0
57.3648,2.27826,0,0,1.22821,0.0577178,0.36288,3.6288,51.1554,0.66528,0,0,0.345984,0.280906,0,0.66528,12.849,1,0.497547,0.36288,0,22.5615,6.1664,16.2604,0.84672,12.849,0.84672,3695.15,0,36.966,0.516018,0.23919,2.07398,2.36871,1.47478,2.69108,0.42336,36.966,0.42336,423.524,0,1.02816,0,0,1.26735,0.23919,1.028160,1,0,18.9515,0,0,0,18.9515,0
55.6029,2.26827,0,0,0.939211,0.0699414,0.36288,3.6288,50.5303,0.668071,0,0,0.296776,0.253761,0,0.66528,12.849,1,0.508064,0.36288,0,19.9747,5.9823,13.8472,0.84672,12.849,0.84672,3695.15,0,36.966,0.516341,0.227405,2.22721,2.08983,1.53953,2.48858,0.42336,36.966,0.42336,423.524,0,1.02537,0,0,1.25277,0.227405,1.028160,1,0,16.3358,0,0,0,16.3358,0
53.7027,2.25561,0,0,0.790275,0.0720163,0.36288,3.6288,49.8161,0.72088,0,0,0.258661,0.251992,0,0.66528,12.849,1,0.521239,0.36288,0,17.6415,5.93628,11.5469,0.84672,12.849,0.84672,3695.15,0,36.966,0.527367,0.204422,2.22756,2.01776,1.54367,2.3787,0.42336,36.966,0.42336,423.524,0,0.961857,0,0,1.16628,0.204422,1.028160,1,0,13.9256,0,0,0,13.9256,0
51.8864,2.24115,0,0,0.858375,0.0706502,0.36288,3.6288,49.1156,0.71175,0,0,0.261729,0.250523,0,0.66528,12.849,1,0.536222,0.36288,0,16.8606,5.93628,10.751,0.84672,12.849,0.84672,3695.15,0,36.966,0.528154,0.204422,2.22791,2.14319,1.54367,2.50369,0.42336,36.966,0.42336,423.524,0,0.970523,0,0,1.17494,0.204422,1.028160,1,0,13.2547,0,0,0,13.2547,0
50.5406,2.22652,0,0,1.32581,0.0821139,0.36288,3.6288,48.519,0.66528,0,0,0.314814,0.246132,0,0.66528,12.849,1,0.55137,0.36288,0,27.2327,5.84722,21.197,0.84672,12.849,0.84672,3695.15,0,36.966,0.517309,0.380272,2.22826,2.26494,1.53275,2.82341,0.42336,36.966,0.42336,423.524,0,1.02816,0,0,1.40843,0.380272,1.028160,1,0,24.0204,0,0,0,24.0204,0
49.5031,2.14029,0,0,1.56382,0.0982276,0.36288,3.6288,48.0057,0.619266,0,0,0.329082,0.223059,0,0.66528,12.849,1,0.544128,0.36288,0,26.9664,5.73955,21.0456,0.84672,12.849,0.84672,3695.15,0,36.966,0.471811,0.300067,2.2286,2.39151,1.5073,2.94107,0.42336,36.966,0.42336,423.524,0,1.02816,0,0,1.32823,0.300067,1.028160,1,0,23.9867,0,0,0,23.9867,0
48.7199,2.13163,0,0,1.81232,0.101018,0.36288,3.6288,47.5368,0.61659,0,0,0.357823,0.210194,0,0.66528,12.849,1,0.553286,0.36288,0,18.5867,5.68103,12.7153,0.84672,12.849,0.84672,3695.15,0,36.966,0.474795,0.918562,2.14038,2.85644,1.50004,3.94055,0.42336,36.966,0.42336,423.524,0,1.02816,0,0,1.94672,0.918562,1.028160,1,0,16.6558,0,0,0,16.6558,0
47.2849,2.125,0,0,1.15308,0.100169,0.36288,3.6288,46.9649,0.614128,0,0,0.251645,0.209372,0,0.66528,12.849,1,0.56043,0.36288,0,28.3687,5.68103,22.4901,0.84672,12.849,0.84672,3695.15,0,36.966,0.477564,0.538116,2.14071,1.95836,1.50004,2.65959,0.42336,36.966,0.42336,423.524,0,1.02816,0,0,1.56628,0.538116,1.028160,1,0,25.1497,0,0,0,25.1497,0
45.6569,2.11202,0,0,0.945484,0.0986126,0.36288,3.6288,46.2831,0.703239,0,0,0.229795,0.208371,0,0.66528,12.849,1,0.573912,0.36288,0,16.4575,5.68103,10.5654,0.84672,12.849,0.84672,3695.15,0,36.966,0.553518,0.216518,2.14105,1.39946,1.50004,1.70347,0.42336,36.966,0.42336,423.524,0,0.863404,0,0,1.07992,0.216518,1.028160,1,0,12.2689,0,0,0,12.2689,0
44.7134,2.03619,0,0,1.61134,0.155741,0.36288,3.6288,45.8297,0.560773,0,0,0.314761,0.207403,0,0.66528,12.849,1,0.573036,0.36288,0,23.5685,5.05272,18.3056,0.84672,12.849,0.84672,3695.15,0,36.966,0.447886,0.549962,2.14138,2.45512,1.35643,3.34214,0.42336,36.966,0.42336,423.524,0,1.02816,0,0,1.57812,0.549962,1.028160,1,0,21.6477,0,0,0,21.6477,0
43.5317,2.02718,0,0,1.38581,0.177469,0.36288,3.6288,45.312,0.633649,0,0,0.305061,0.18912,0,0.66528,12.849,1,0.582539,0.36288,0,42.5622,3.86557,38.477,0.84672,12.849,0.84672,3695.15,0,36.966,0.511098,0.216518,2.06262,4.05357,1.02277,4.79884,0.42336,36.966,0.42336,423.524,0,0.892365,0,0,1.10888,0.216518,1.028160,1,0,43.2758,0,0,0,43.2758,0
45.0835,2.01535,0,0,4.10514,0.175095,0.36288,3.6288,45.5718,0.55581,0,0,1.00384,0.188212,0,0.66528,12.849,1,0.594861,0.36288,0,80.0066,3.86557,75.909,0.84672,12.849,0.84672,3695.15,0,36.966,0.453436,2.89271,2.06293,7.1397,1.02277,10.6191,0.42336,36.966,0.42336,423.524,0,1.02816,0,0,3.92087,2.89271,1.028160,1,0,86.5282,0,0,0,86.5282,0
45.7322,2.03167,0,0,3.22695,0.183631,0.36288,3.6288,45.5997,0.557399,0,0,0.776034,0.190725,0,0.66528,12.849,1,0.579036,0.36288,0,90.3747,3.80417,86.3544,0.84672,12.849,0.84672,3695.15,0,36.966,0.45214,2.52037,2.06325,6.8226,1.00155,9.95254,0.42336,36.966,0.42336,423.524,0,1.02816,0,0,3.54853,2.52037,1.028160,1,0,96.307,0,0,0,96.307,0
47.073,1.86717,0,0,3.78854,0.217722,0.36288,3.6288,45.8545,0.461432,0,0,0.919348,0.203121,0,0.66528,12.849,1,0.524603,0.36288,0,47.7851,3.43571,44.1876,0.84672,12.849,0.84672,3695.15,0,36.966,0.374066,2.54659,2.06357,6.61778,0.874282,9.9796,0.42336,36.966,0.42336,423.524,0,1.02816,0,0,3.57475,2.54659,1.028160,1,0,54.1672,0,0,0,54.1672,0
51.7794,1.87927,0,0,7.16616,0.217626,0.36288,3.6288,47.0825,0.462729,0,0,1.8946,0.203835,0,0.66528,12.849,1,0.512963,0.36288,0,111.395,3.99272,107.252,0.84672,12.849,0.84672,3695.15,0,36.966,0.373033,4.05029,1.88808,10.9756,0.958703,15.5822,0.42336,36.966,0.42336,423.524,0,1.02816,0,0,5.07845,4.05029,1.028160,1,0,122.834,0,0,0,122.834,0
53.2004,1.91699,0,0,3.9291,0.228274,0.36288,3.6288,47.5996,0.468328,0,0,1.19156,0.206143,0,0.66528,12.849,1,0.475698,0.36288,0,84.8707,4.08555,80.6724,0.84672,12.849,0.84672,3695.15,0,36.966,0.367699,2.35693,1.88837,6.54633,0.972773,9.45116,0.42336,36.966,0.42336,423.524,0,1.02816,0,0,3.38509,2.35693,1.028160,1,0,90.1235,0,0,0,90.1235,0
56.6742,1.92759,0,0,5.99594,0.231641,0.36288,3.6288,48.9454,0.470725,0,0,2.02352,0.207038,0,0.66528,12.849,1,0.465553,0.36288,0,130.121,4.08555,125.933,0.84672,12.849,0.84672,3695.15,0,36.966,0.365566,3.71326,1.88866,9.52897,0.972773,13.7926,0.42336,36.966,0.42336,423.524,0,1.02816,0,0,4.74142,3.71326,1.028160,1,0,139.725,0,0,0,139.725,0
62.7626,1.95122,0,0,8.64406,0.241613,0.36288,3.6288,51.2393,0.476602,0,0,3.00193,0.231441,0,0.66528,12.849,1,0.442375,0.36288,0,192.24,4.44686,187.714,0.84672,12.849,0.84672,3695.15,0,36.966,0.359954,5.06438,1.88895,13.5031,1.11528,18.9812,0.42336,36.966,0.42336,423.524,0,1.02816,0,0,6.09254,5.06438,1.028160,1,0,206.695,0,0,0,206.695,0
66.5849,2.05733,0,0,6.48633,0.2438,0.36288,3.6288,52.1275,0.515464,0,0,1.63757,0.233852,0,0.66528,12.849,1,0.421185,0.36288,0,158.407,4.43503,153.913,0.84672,12.849,0.84672,3695.15,0,36.966,0.371876,2.99205,1.88924,10.4036,1.15291,13.7601,0.42336,36.966,0.42336,423.524,0,1.02816,0,0,4.02021,2.99205,1.028160,1,0,167.673,0,0,0,167.673,0
67.883,2.07798,0,0,3.99711,0.258134,0.36288,3.6288,52.3447,0.519325,0,0,0.938762,0.20223,0,0.66528,12.849,1,0.400991,0.36288,0,108.241,4.24103,103.962,0.84672,12.849,0.84672,3695.15,0,36.966,0.368277,2.67382,1.94439,5.54237,1.11829,8.67402,0.42336,36.966,0.42336,423.524,0,1.02816,0,0,3.70198,2.67382,1.028160,1,0,112.636,0,0,0,112.636,0
69.4606,2.08481,0,0,4.30217,0.276881,0.36288,3.6288,52.5176,0.520374,0,0,0.910863,0.217647,0,0.66528,12.849,1,0.394616,0.36288,0,110.79,4.58388,106.174,0.84672,12.849,0.84672,3695.15,0,36.966,0.36749,2.67036,1.94468,5.42148,1.22524,8.44378,0.42336,36.966,0.42336,423.524,0,1.02816,0,0,3.69852,2.67036,1.028160,1,0,114.618,0,0,0,114.618,0
70.9853,2.09275,0,0,4.2607,0.28031,0.36288,3.6288,52.7262,0.521238,0,0,0.947799,0.21795,0,0.66528,12.849,1,0.387123,0.36288,0,109.844,4.58388,105.236,0.84672,12.849,0.84672,3695.15,0,36.966,0.366888,2.67733,1.94496,6.15003,1.22524,9.1802,0.42336,36.966,0.42336,423.524,0,1.02816,0,0,3.70549,2.67733,1.028160,1,0,114.416,0,0,0,114.416,0
72.0431,2.33,0,0,4.02496,0.274296,0.36288,3.6288,52.8625,0.633814,0,0,0.993868,0.223761,0,0.66528,12.849,1,0.421751,0.36288,0,90.9965,4.61384,86.3238,0.84672,12.849,0.84672,3695.15,0,36.966,0.444363,3.02513,1.94525,6.00138,1.26296,9.26444,0.42336,36.966,0.42336,423.524,0,1.02816,0,0,4.05329,3.02513,1.028160,1,0,95.5882,0,0,0,95.5882,0
72.29,2.33567,0,0,5.45927,0.278573,2.59816,3.6288,53.4629,0.634661,0,0,1.47597,0.240848,0,0.66528,12.849,1,0.416571,2.59816,0,135.705,4.23003,133.657,0.84672,12.849,0.84672,3695.15,0,36.966,0.44381,4.44454,2.14303,5.99691,1.24627,10.8944,0.42336,36.966,0.42336,423.524,0,1.02816,0,0,5.4727,4.44454,1.028160,1,0,144.551,0,0,0,144.551,0
72.29,2.3373,0,0,6.38606,0.279096,3.76966,3.6288,54.0302,0.637781,0,0,1.44704,0.242006,0,0.66528,12.849,1,0.415438,3.76966,0,147.882,4.23003,147.006,0.84672,12.849,0.84672,3695.15,0,36.966,0.440983,4.72475,2.14335,7.95728,1.24627,13.1381,0.42336,36.966,0.42336,423.524,0,1.02816,0,0,5.75291,4.72475,1.028160,1,0,160.145,0,0,0,160.145,0
72.29,2.33772,0,0,5.36192,0.284365,2.73984,3.6288,54.4976,0.640704,0,0,1.325,0.216857,0,0.66528,12.849,1,0.415513,2.73984,0,157.19,3.9527,155.562,0.84672,12.849,0.84672,3695.15,0,36.966,0.438353,3.78924,2.14367,9.59785,1.17273,13.9197,0.42336,36.966,0.42336,423.524,0,1.02816,0,0,4.8174,3.78924,1.028160,1,0,169.481,0,0,0,169.481,0
72.29,2.00922,0,0,3.84176,0.29139,1.54115,3.6288,54.8402,0.491261,0,0,1.01635,0.182515,0,0.66528,12.849,1,0.357124,1.54115,0,138.574,3.58292,136.175,0.84672,12.849,0.84672,3695.15,0,36.966,0.333224,2.33762,2.14399,6.9431,1.07469,10.0168,0.42336,36.966,0.42336,423.524,0,1.02816,0,0,3.36578,2.33762,1.028160,1,0,146.192,0,0,0,146.192,0
72.29,2.00959,0,0,3.84789,0.336882,1.50142,3.6288,54.8925,0.492655,0,0,0.784542,0.239584,0,0.66528,12.849,1,0.35719,1.50142,0,98.1513,3.62481,95.6707,0.84672,12.849,0.84672,3695.15,0,36.966,0.332082,1.48042,1.87481,5.76164,0.957993,7.8268,0.42336,36.966,0.42336,423.524,0,1.02816,0,0,2.50858,1.48042,1.028160,1,0,103.497,0,0,0,103.497,0
72.29,2.00996,0,0,3.70944,0.336882,1.3626,3.6288,55.0927,0.492994,0,0,0.932861,0.239667,0,0.66528,12.849,1,0.357255,1.3626,0,108.948,3.62481,106.328,0.84672,12.849,0.84672,3695.15,0,36.966,0.331995,1.74314,1.87508,6.33125,0.957993,8.65949,0.42336,36.966,0.42336,423.524,0,1.02816,0,0,2.7713,1.74314,1.028160,1,0,114.988,0,0,0,114.988,0
72.29,2.01033,0,0,3.66541,0.291569,1.36351,3.6288,55.277,0.493867,0,0,0.895043,0.216863,0,0.66528,12.849,1,0.357321,1.36351,0,116.646,3.27603,114.376,0.84672,12.849,0.84672,3695.15,0,36.966,0.331374,1.79849,1.87536,6.05524,0.907891,8.48983,0.42336,36.966,0.42336,423.524,0,1.02816,0,0,2.82665,1.79849,1.028160,1,0,122.866,0,0,0,122.866,0
72.29,2.0107,0,0,4.94936,0.271797,2.66687,3.6288,56.302,0.49468,0,0,1.7493,0.229688,0,0.66528,12.849,1,0.357386,2.66687,0,124.489,3.74742,123.052,0.84672,12.849,0.84672,3695.15,0,36.966,0.330813,3.14748,1.87563,8.77332,0.961591,12.504,0.42336,36.966,0.42336,423.524,0,1.02816,0,0,4.17564,3.14748,1.028160,1,0,135.556,0,0,0,135.556,0
72.29,2.09393,0,0,6.82063,0.301918,4.42479,3.6288,57.6254,0.536136,0,0,2.05368,0.194128,0,0.66528,12.849,1,0.372179,4.42479,0,108.906,3.88065,109.078,0.84672,12.849,0.84672,3695.15,0,36.966,0.352009,3.50177,1.87591,10.7327,0.885157,14.8732,0.42336,36.966,0.42336,423.524,0,1.02816,0,0,4.52993,3.50177,1.028160,1,0,123.952,0,0,0,123.952,0
72.29,2.09431,0,0,5.17917,0.321776,2.76309,3.6288,58.4797,0.54122,0,0,1.56524,0.169677,0,0.66528,12.849,1,0.372247,2.76309,0,112.116,3.77706,110.73,0.84672,12.849,0.84672,3695.15,0,36.966,0.347187,2.98941,1.94269,6.84259,0.844693,10.5828,0.42336,36.966,0.42336,423.524,0,1.02816,0,0,4.01757,2.98941,1.028160,1,0,121.313,0,0,0,121.313,0
72.29,2.09469,0,0,4.52565,0.321776,2.10918,3.6288,59.7536,0.544489,0,0,1.98895,0.170615,0,0.66528,12.849,1,0.372315,2.10918,0,71.8762,3.77706,69.836,0.84672,12.849,0.84672,3695.15,0,36.966,0.34418,2.771,1.94297,6.63932,0.844693,10.1644,0.42336,36.966,0.42336,423.524,0,1.02816,0,0,3.79916,2.771,1.028160,1,0,80.0004,0,0,0,80.0004,0
72.29,2.09507,0,0,3.97622,0.321776,1.55938,3.6288,60.4271,0.549184,0,0,1.39469,0.172014,0,0.66528,12.849,1,0.372383,1.55938,0,80.1395,3.77706,77.5494,0.84672,12.849,0.84672,3695.15,0,36.966,0.339748,2.07281,1.94326,5.87218,0.844693,8.70382,0.42336,36.966,0.42336,423.524,0,1.02816,0,0,3.10097,2.07281,1.028160,1,0,86.2532,0,0,0,86.2532,0
72.29,2.06303,0,0,3.48564,0.284731,1.13787,3.6288,60.785,0.536649,0,0,1.09496,0.200366,0,0.66528,12.849,1,0.366689,1.13787,0,75.5317,4.41837,71.8846,0.84672,12.849,0.84672,3695.15,0,36.966,0.328293,1.89549,1.94355,5.57205,0.971958,8.11083,0.42336,36.966,0.42336,423.524,0,1.02816,0,0,2.92365,1.89549,1.028160,1,0,79.9954,0,0,0,79.9954,0
72.29,2.06341,0,0,3.99754,0.210627,1.7235,3.6288,61.2403,0.538012,0,0,1.21659,0.223279,0,0.66528,12.849,1,0.366756,1.7235,0,82.493,4.89181,78.9579,0.84672,12.849,0.84672,3695.15,0,36.966,0.327189,2.46087,1.91794,5.21829,1.12681,8.1431,0.42336,36.966,0.42336,423.524,0,1.02816,0,0,3.48903,2.46087,1.028160,1,0,87.101,0,0,0,87.101,0
72.29,2.06379,0,0,3.57369,0.177637,1.33227,3.6288,61.308,0.53969,0,0,1.37024,0.213741,0.549112,0.66528,12.849,1,0.366823,1.33227,0,71.6653,4.34983,68.281,0.84672,12.849,0.84672,3695.15,0,36.966,0.325769,2.05348,1.91822,4.91425,1.06445,7.49574,0.42336,36.966,0.42336,423.524,0,1.02816,0,0,3.08164,2.05348,1.028160,1,0,76.3258,0,0,0,76.3258,0
72.29,2.06416,0,0,3.39218,0.177637,1.15038,3.6288,61.308,0.540076,0,0,1.21245,0.213832,0.458543,0.66528,12.849,1,0.36689,1.15038,0,61.3262,4.34983,57.7599,0.84672,12.849,0.84672,3695.15,0,36.966,0.325642,1.807,1.91851,4.55151,1.06445,6.88693,0.42336,36.966,0.42336,423.524,0,1.02816,0,0,2.83516,1.807,1.028160,1,0,65.1053,0,0,0,65.1053,0
72.29,2.17466,0,0,3.12822,0.185912,0.767655,3.6288,61.308,0.593924,0,0,1.1666,0.193425,0.37925,0.66528,12.849,1,0.386529,0.767655,0,59.1399,4.18234,55.3386,0.84672,12.849,0.84672,3695.15,0,36.966,0.35811,1.69054,1.91879,4.44099,1.01613,6.67607,0.42336,36.966,0.42336,423.524,0,1.02816,0,0,2.7187,1.69054,1.028160,1,0,62.394,0,0,0,62.394,0
72.0799,2.17505,0,0,2.50527,0.177402,0.36288,3.6288,61.308,0.594094,0,0,0.844785,0.222513,0.0281775,0.66528,12.849,1,0.386599,0.36288,0,44.7384,4.33881,40.3758,0.84672,12.849,0.84672,3695.15,0,36.966,0.358212,1.20524,2.00986,3.33985,1.00766,5.18908,0.42336,36.966,0.42336,423.524,0,1.02816,0,0,2.2334,1.20524,1.028160,1,0,45.5931,0,0,0,45.5931,0
71.6423,2.17449,0,0,2.24541,0.145664,0.36288,3.6288,61.2686,0.594264,0,0,0.797005,0.242112,0,0.66528,12.849,1,0.387626,0.36288,0,38.4891,4.62431,33.8401,0.84672,12.849,0.84672,3695.15,0,36.966,0.358315,1.10668,2.01016,3.04337,0.991276,4.81062,0.42336,36.966,0.42336,423.524,0,1.02816,0,0,2.13484,1.10668,1.028160,1,0,38.6507,0,0,0,38.6507,0
71.1623,2.17288,0,0,2.20088,0.14518,0.36288,3.6288,61.2943,0.594291,0,0,0.861996,0.242052,0,0.66528,12.849,1,0.389704,0.36288,0,36.8713,4.62431,32.2202,0.84672,12.849,0.84672,3695.15,0,36.966,0.358561,1.06637,2.01046,3.27932,0.991276,5.00632,0.42336,36.966,0.42336,423.524,0,1.02816,0,0,2.09453,1.06637,1.028160,1,0,37.2265,0,0,0,37.2265,0
70.5378,2.17105,0,0,2.05417,0.144648,0.36288,3.6288,61.2454,0.594554,0,0,0.787752,0.242091,0,0.66528,12.849,1,0.392002,0.36288,0,34.4679,4.62431,29.8145,0.84672,12.849,0.84672,3695.15,0,36.966,0.35857,0.916056,2.01076,2.9039,0.991276,4.48086,0.42336,36.966,0.42336,423.524,0,1.02816,0,0,1.94422,0.916056,1.028160,1,0,34.2953,0,0,0,34.2953,0
69.8154,2.14679,0,0,1.91516,0.127954,0.36288,3.6288,61.176,0.624066,0,0,0.812462,0.257775,0,0.66528,12.849,1,0.391054,0.36288,0,34.4853,5.14781,29.3093,0.84672,12.849,0.84672,3695.15,0,36.966,0.376669,0.871698,2.01106,3.15364,1.10283,4.5569,0.42336,36.966,0.42336,423.524,0,1.02816,0,0,1.89986,0.871698,1.028160,1,0,33.8662,0,0,0,33.8662,0
68.9872,2.14376,0,0,1.77717,0.098698,0.36288,3.6288,61.0551,0.623974,0,0,0.796055,0.293035,0,0.66528,12.849,1,0.394544,0.36288,0,34.3655,5.56575,28.7681,0.84672,12.849,0.84672,3695.15,0,36.966,0.37704,0.833026,2.04312,3.21676,1.2646,4.45126,0.42336,36.966,0.42336,423.524,0,1.02816,0,0,1.86119,0.833026,1.028160,1,0,33.2194,0,0,0,33.2194,0
68.0854,2.14016,0,0,1.68689,0.0856888,0.36288,3.6288,60.8901,0.623684,0,0,0.769167,0.310466,0,0.66528,12.849,1,0.398609,0.36288,0,32.1024,5.58474,26.4819,0.84672,12.849,0.84672,3695.15,0,36.966,0.377611,0.769409,2.04342,3.24096,1.32319,4.35299,0.42336,36.966,0.42336,423.524,0,1.02816,0,0,1.79757,0.769409,1.028160,1,0,30.8349,0,0,0,30.8349,0
67.0846,2.13611,0,0,1.58325,0.0850874,0.36288,3.6288,60.6336,0.623222,0,0,0.676901,0.310142,0,0.66528,12.849,1,0.403124,0.36288,0,29.3321,5.58474,23.7071,0.84672,12.849,0.84672,3695.15,0,36.966,0.378354,0.702916,2.04372,3.07574,1.32319,4.12083,0.42336,36.966,0.42336,423.524,0,1.02816,0,0,1.73108,0.702916,1.028160,1,0,27.828,0,0,0,27.828,0
65.9028,2.18711,0,0,1.4503,0.0820175,0.36288,3.6288,60.2848,0.648628,0,0,0.612814,0.312971,0,0.66528,12.849,1,0.418907,0.36288,0,27.5073,5.66487,21.7864,0.84672,12.849,0.84672,3695.15,0,36.966,0.395444,0.562585,2.04403,2.82169,1.34939,3.68346,0.42336,36.966,0.42336,423.524,0,1.02816,0,0,1.59074,0.562585,1.028160,1,0,25.4699,0,0,0,25.4699,0
64.7184,2.18122,0,0,1.42664,0.0669716,0.36288,3.6288,59.9595,0.647388,0,0,0.65427,0.332233,0,0.66528,12.849,1,0.42527,0.36288,0,31.84,6.14565,25.632,0.84672,12.849,0.84672,3695.15,0,36.966,0.396971,0.541763,2.08937,2.71046,1.50661,3.43802,0.42336,36.966,0.42336,423.524,0,1.02816,0,0,1.56992,0.541763,1.028160,1,0,29.07,0,0,0,29.07,0
63.4274,2.17512,0,0,1.3133,0.066339,0.36288,3.6288,59.5364,0.646233,0,0,0.554667,0.331545,0,0.66528,12.849,1,0.431842,0.36288,0,26.153,6.14565,19.9384,0.84672,12.849,0.84672,3695.15,0,36.966,0.398413,0.636984,2.08968,2.62076,1.50661,3.44241,0.42336,36.966,0.42336,423.524,0,1.02816,0,0,1.66514,0.636984,1.028160,1,0,23.3808,0,0,0,23.3808,0
62.0332,2.16821,0,0,1.20252,0.0656496,0.36288,3.6288,59.0748,0.644664,0,0,0.513739,0.330651,0,0.66528,12.849,1,0.439231,0.36288,0,24.8581,6.14565,18.6361,0.84672,12.849,0.84672,3695.15,0,36.966,0.40027,0.395228,2.09,2.30362,1.50661,2.88196,0.42336,36.966,0.42336,423.524,0,1.02816,0,0,1.42339,0.395228,1.028160,1,0,21.5181,0,0,0,21.5181,0
60.5635,2.32144,0,0,1.27054,0.0558661,0.36288,3.6288,58.6645,0.66528,0,0,0.589773,0.334782,0,0.66528,12.849,1,0.480842,0.36288,0,24.3801,6.2952,17.9669,0.84672,12.849,0.84672,3695.15,0,36.966,0.532416,0.679916,2.09031,3.04739,1.53649,3.7487,0.42336,36.966,0.42336,423.524,0,1.02816,0,0,1.70808,0.679916,1.028160,1,0,21.7156,0,0,0,21.7156,0
58.9523,2.31223,0,0,1.1269,0.0629627,0.36288,3.6288,58.3004,0.66528,0,0,0.583013,0.28186,0,0.66528,12.849,1,0.490556,0.36288,0,25.1647,5.85207,19.1849,0.84672,12.849,0.84672,3695.15,0,36.966,0.532728,0.856786,2.24484,3.19383,1.45141,4.31132,0.42336,36.966,0.42336,423.524,0,1.02816,0,0,1.88495,0.856786,1.028160,1,0,23.4963,0,0,0,23.4963,0
57.1474,2.30163,0,0,0.921465,0.0618507,0.36288,3.6288,57.8758,0.66528,0,0,0.518822,0.278081,0,0.66528,12.849,1,0.501654,0.36288,0,23.7945,5.74592,17.9098,0.84672,12.849,0.84672,3695.15,0,36.966,0.533041,0.832957,2.24518,3.02474,1.41953,4.15031,0.42336,36.966,0.42336,423.524,0,1.02816,0,0,1.86112,0.832957,1.028160,1,0,22.0601,0,0,0,22.0601,0
55.4158,2.28911,0,0,0.981115,0.0607723,0.36288,3.6288,57.4478,0.66528,0,0,0.51458,0.27732,0,0.66528,12.849,1,0.514682,0.36288,0,22.2274,5.74592,16.3297,0.84672,12.849,0.84672,3695.15,0,36.966,0.533354,0.804211,2.24552,3.18793,1.41953,4.28477,0.42336,36.966,0.42336,423.524,0,1.02816,0,0,1.83237,0.804211,1.028160,1,0,20.6145,0,0,0,20.6145,0
54.1805,2.27646,0,0,1.4726,0.0685613,0.36288,3.6288,57.1208,0.66528,0,0,0.612713,0.27446,0,0.66528,12.849,1,0.527833,0.36288,0,32.8226,5.68655,26.9711,0.84672,12.849,0.84672,3695.15,0,36.966,0.533666,1.16629,2.24585,3.38785,1.41225,4.85407,0.42336,36.966,0.42336,423.524,0,1.02816,0,0,2.19445,1.16629,1.028160,1,0,31.8252,0,0,0,31.8252,0
53.1533,2.19051,0,0,1.60693,0.0807301,0.36288,3.6288,56.847,0.66528,0,0,0.649927,0.258398,0,0.66528,12.849,1,0.519484,0.36288,0,26.9409,5.40842,21.3759,0.84672,12.849,0.84672,3695.15,0,36.966,0.441358,1.26559,2.24619,3.13209,1.33576,4.86674,0.42336,36.966,0.42336,423.524,0,1.02816,0,0,2.29375,1.26559,1.028160,1,0,26.2426,0,0,0,26.2426,0
51.2449,2.18282,0,0,0.710519,0.0731835,0.36288,3.6288,56.3169,0.66528,0,0,0.381559,0.246402,0,0.66528,12.849,1,0.527664,0.36288,0,10.7735,5.14637,5.46233,0.84672,12.849,0.84672,3695.15,0,36.966,0.441655,0.869011,2.1572,1.65874,1.25926,2.98404,0.42336,36.966,0.42336,423.524,0,1.02816,0,0,1.89717,0.869011,1.028160,1,0,8.44637,0,0,0,8.44637,0
49.3678,2.1675,0,0,0.741312,0.0880552,0.36288,3.6288,55.7881,0.66528,0,0,0.367323,0.230869,0,0.66528,12.849,1,0.543473,0.36288,0,10.3556,4.93873,5.23623,0.84672,12.849,0.84672,3695.15,0,36.966,0.441953,0.810916,2.15752,1.66924,1.19436,3.00136,0.42336,36.966,0.42336,423.524,0,1.02816,0,0,1.83908,0.810916,1.028160,1,0,8.23759,0,0,0,8.23759,0
48.8217,2.15149,0,0,2.15048,0.182217,0.36288,3.6288,55.8461,0.66528,0,0,0.865573,0.142279,0,0.66528,12.849,1,0.559971,0.36288,0,31.2116,3.69296,27.3215,0.84672,12.849,0.84672,3695.15,0,36.966,0.442251,1.80599,2.15784,4.38426,0.80497,7.10088,0.42336,36.966,0.42336,423.524,0,1.02816,0,0,2.83415,1.80599,1.028160,1,0,34.4224,0,0,0,34.4224,0
47.7718,2.08528,0,0,1.57937,0.181147,0.36288,3.6288,55.7027,0.615831,0,0,0.61475,0.142333,0,0.66528,12.849,1,0.548808,0.36288,0,27.0918,3.69296,23.213,0.84672,12.849,0.84672,3695.15,0,36.966,0.407635,1.80383,2.15816,2.47165,0.80497,5.22104,0.42336,36.966,0.42336,423.524,0,1.02816,0,0,2.83199,1.80383,1.028160,1,0,28.434,0,0,0,28.434,0
46.1317,2.07615,0,0,1.0363,0.237345,0.36288,3.6288,55.213,0.657682,0,0,0.390384,0.22241,0,0.66528,12.849,1,0.558414,0.36288,0,23.6628,4.51647,18.9508,0.84672,12.849,0.84672,3695.15,0,36.966,0.436458,0.216518,2.07871,2.39024,1.0586,3.19041,0.42336,36.966,0.42336,423.524,0,0.95777,0,0,1.17429,0.216518,1.028160,1,0,22.1412,0,0,0,22.1412,0
44.3315,2.06099,0,0,0.856777,0.233087,0.36288,3.6288,54.7143,0.613372,0,0,0.336376,0.221696,0,0.66528,12.849,1,0.574046,0.36288,0,18.9772,4.51647,14.2495,0.84672,12.849,0.84672,3695.15,0,36.966,0.410662,0.24656,2.07902,2.31851,1.0586,3.17483,0.42336,36.966,0.42336,423.524,0,1.02816,0,0,1.27472,0.24656,1.028160,1,0,17.4243,0,0,0,17.4243,0
43.8755,2.04329,0,0,2.17859,0.228413,0.36288,3.6288,54.9589,0.611307,0,0,1.07693,0.220969,0,0.66528,12.849,1,0.592226,0.36288,0,52.9451,4.51647,48.1992,0.84672,12.849,0.84672,3695.15,0,36.966,0.413011,2.85066,2.07933,5.41839,1.0586,8.87678,0.42336,36.966,0.42336,423.524,0,1.02816,0,0,3.87882,2.85066,1.028160,1,0,57.076,0,0,0,57.076,0
43.9639,1.86773,0,0,2.56363,0.244663,0.36288,3.6288,55.6342,0.507461,0,0,1.38904,0.206292,0,0.66528,12.849,1,0.546968,0.36288,0,63.1691,4.29882,58.6862,0.84672,12.849,0.84672,3695.15,0,36.966,0.341324,1.50217,2.07964,5.48966,0.996951,7.73319,0.42336,36.966,0.42336,423.524,0,1.02816,0,0,2.53033,1.50217,1.028160,1,0,66.4194,0,0,0,66.4194,0
43.3442,1.86892,0,0,1.86395,0.251846,0.36288,3.6288,55.6033,0.510104,0,0,0.698579,0.219426,0,0.66528,12.849,1,0.546217,0.36288,0,36.3035,4.05477,32.0654,0.84672,12.849,0.84672,3695.15,0,36.966,0.338937,1.0259,1.90264,5.81158,1.02241,7.37878,0.42336,36.966,0.42336,423.524,0,1.02816,0,0,2.05406,1.0259,1.028160,1,0,39.4441,0,0,0,39.4441,0
43.2377,1.86324,0,0,2.35517,0.235492,0.36288,3.6288,55.9401,0.510144,0,0,1.0863,0.239364,0,0.66528,12.849,1,0.552342,0.36288,0,74.1004,4.1748,69.7361,0.84672,12.849,0.84672,3695.15,0,36.966,0.339152,2.3779,1.90292,8.33641,1.09425,11.1838,0.42336,36.966,0.42336,423.524,0,1.02816,0,0,3.40606,2.3779,1.028160,1,0,80.9199,0,0,0,80.9199,0
45.6489,1.86253,0,0,4.87178,0.235204,0.36288,3.6288,57.8055,0.511527,0,0,2.61684,0.239893,0,0.66528,12.849,1,0.553491,0.36288,0,124.105,4.1748,119.74,0.84672,12.849,0.84672,3695.15,0,36.966,0.338025,6.96572,1.9032,11.0497,1.09425,18.4863,0.42336,36.966,0.42336,423.524,0,1.02816,0,0,7.99388,6.96572,1.028160,1,0,138.226,0,0,0,138.226,0
47.4221,1.88569,0,0,4.25193,0.230137,0.36288,3.6288,57.9809,0.518337,0,0,0.930779,0.237024,0,0.66528,12.849,1,0.530774,0.36288,0,75.9093,3.8712,71.8702,0.84672,12.849,0.84672,3695.15,0,36.966,0.331471,2.77745,1.90348,7.40135,1.04393,10.7069,0.42336,36.966,0.42336,423.524,0,1.02816,0,0,3.80561,2.77745,1.028160,1,0,82.5771,0,0,0,82.5771,0
47.9074,1.90131,0,0,2.98159,0.232113,0.36288,3.6288,58.6854,0.518949,0,0,1.45411,0.230657,0,0.66528,12.849,1,0.515159,0.36288,0,52.7005,4.04463,48.5036,0.84672,12.849,0.84672,3695.15,0,36.966,0.330859,2.49737,1.90376,6.58385,1.10841,9.54572,0.42336,36.966,0.42336,423.524,0,1.02816,0,0,3.52553,2.49737,1.028160,1,0,58.0494,0,0,0,58.0494,0
46.977,1.97294,0,0,1.65453,0.249121,0.36288,3.6288,59.32,0.552802,0,0,1.41337,0.225973,0,0.66528,12.849,1,0.529152,0.36288,0,50.9555,5.04746,45.7418,0.84672,12.849,0.84672,3695.15,0,36.966,0.34821,1.15822,1.90376,4.5118,1.36394,5.86163,0.42336,36.966,0.42336,423.524,0,1.02816,0,0,2.18638,1.15822,1.028160,1,0,51.6034,0,0,0,51.6034,0
45.9709,1.96505,0,0,1.56846,0.246589,0.36288,3.6288,60.2128,0.555253,0,0,1.67493,0.226895,0,0.66528,12.849,1,0.537475,0.36288,0,39.7495,5.04746,34.5275,0.84672,12.849,0.84672,3695.15,0,36.966,0.346013,1.24415,1.95937,3.71037,1.36394,5.20394,0.42336,36.966,0.42336,423.524,0,1.02816,0,0,2.27231,1.24415,1.028160,1,0,39.7314,0,0,0,39.7314,0
48.083,1.9562,0,0,4.67502,0.243851,0.36288,3.6288,61.308,0.558589,0,0,2.24787,0.228192,0.365888,0.66528,12.849,1,0.546763,0.36288,0,72.5592,5.04746,67.3279,0.84672,12.849,0.84672,3695.15,0,36.966,0.34293,2.09073,1.95965,10.8702,1.36394,13.2137,0.42336,36.966,0.42336,423.524,0,1.02816,0,0,3.11889,2.09073,1.028160,1,0,80.9075,0,0,0,80.9075,0
55.3887,1.9755,0,0,9.89601,0.251887,0.36288,3.6288,61.308,0.562569,0,0,4.54804,0.226274,3.75919,0.66528,12.849,1,0.527903,0.36288,0,218.849,4.85564,213.829,0.84672,12.849,0.84672,3695.15,0,36.966,0.339204,5.90776,1.95993,9.57232,1.3123,15.7885,0.42336,36.966,0.42336,423.524,0,1.02816,0,0,6.93592,5.90776,1.028160,1,0,233.377,0,0,0,233.377,0
57.5324,2.25454,0,0,5.08562,0.324539,0.36288,3.6288,61.308,0.66528,0,0,2.15626,0.228225,1.26275,0.66528,12.849,1,0.523006,0.36288,0,121.543,4.63204,116.751,0.84672,12.849,0.84672,3695.15,0,36.966,0.428139,1.89694,1.9602,6.47793,1.12589,8.78104,0.42336,36.966,0.42336,423.524,0,1.02816,0,0,2.9251,1.89694,1.028160,1,0,126.795,0,0,0,126.795,0
57.8058,2.27087,0,0,3.24655,0.339429,0.36288,3.6288,61.308,0.66528,0,0,1.50593,0.230013,0.610642,0.66528,12.849,1,0.507164,0.36288,0,68.8121,4.6747,63.9931,0.84672,12.849,0.84672,3695.15,0,36.966,0.428422,1.1117,2.15964,4.88081,1.11634,6.6074,0.42336,36.966,0.42336,423.524,0,1.02816,0,0,2.13986,1.1117,1.028160,1,0,71.2111,0,0,0,71.2111,0
58.605,2.27322,0,0,3.75517,0.319885,0.36288,3.6288,61.308,0.66528,0,0,1.58576,0.178232,0.742248,0.66528,12.849,1,0.505289,0.36288,0,71.4069,4.22433,67.0402,0.84672,12.849,0.84672,3695.15,0,36.966,0.428706,1.37265,2.15995,5.27633,0.934494,7.44573,0.42336,36.966,0.42336,423.524,0,1.02816,0,0,2.40081,1.37265,1.028160,1,0,75.2282,0,0,0,75.2282,0
59.598,2.27927,0,0,3.94935,0.314137,0.36288,3.6288,61.308,0.66528,0,0,1.72666,0.15752,0.903861,0.66528,12.849,1,0.499724,0.36288,0,77.8084,4.04418,73.6274,0.84672,12.849,0.84672,3695.15,0,36.966,0.428989,1.42975,2.16026,6.03711,0.861756,8.33638,0.42336,36.966,0.42336,423.524,0,1.02816,0,0,2.45791,1.42975,1.028160,1,0,82.8676,0,0,0,82.8676,0
64.7201,1.96515,0,0,7.74217,0.292059,0.36288,3.6288,61.308,0.522498,0,0,3.07021,0.182338,2.36537,0.66528,12.849,1,0.423675,0.36288,0,154.428,3.32265,151.044,0.84672,12.849,0.84672,3695.15,0,36.966,0.315043,3.29544,2.16057,14.6127,0.786231,18.9674,0.42336,36.966,0.42336,423.524,0,1.02816,0,0,4.3236,3.29544,1.028160,1,0,172.377,0,0,0,172.377,0
69.3475,1.99347,0,0,7.28421,0.300511,0.36288,3.6288,61.308,0.52265,0,0,2.85096,0.186474,2.14183,0.66528,12.849,1,0.395768,0.36288,0,136.084,3.20239,132.849,0.84672,12.849,0.84672,3695.15,0,36.966,0.315135,3.10865,1.88911,13.8596,0.773643,17.7686,0.42336,36.966,0.42336,423.524,0,1.02816,0,0,4.13681,3.10865,1.028160,1,0,152.759,0,0,0,152.759,0
72.29,2.01611,0,0,7.87026,0.311705,2.59991,3.6288,61.308,0.522802,0,0,2.75244,0.186474,2.04317,0.66528,12.849,1,0.373553,2.59991,0,147.411,3.20239,146.435,0.84672,12.849,0.84672,3695.15,0,36.966,0.315226,3.71733,1.88937,16.1556,0.773643,20.6734,0.42336,36.966,0.42336,423.524,0,1.02816,0,0,4.74549,3.71733,1.028160,1,0,169.152,0,0,0,169.152,0
72.29,2.02937,0,0,10.0476,0.318824,7.69943,3.6288,61.308,0.522953,0,0,3.15516,0.186474,2.44574,0.66528,12.849,1,0.360706,7.69943,0,184.584,3.20239,188.72,0.84672,12.849,0.84672,3695.15,0,36.966,0.315318,3.92966,1.88964,17.4328,0.773643,22.1631,0.42336,36.966,0.42336,423.524,0,1.02816,0,0,4.95782,3.92966,1.028160,1,0,213.329,0,0,0,213.329,0
72.29,2.02973,0,0,9.84424,0.294225,7.52029,3.6288,61.308,0.523105,0,0,2.8429,0.17414,2.14565,0.66528,12.849,1,0.360769,7.52029,0,235.653,3.11775,239.695,0.84672,12.849,0.84672,3695.15,0,36.966,0.315409,3.63903,1.88991,20.7238,0.762282,25.1751,0.42336,36.966,0.42336,423.524,0,1.02816,0,0,4.66719,3.63903,1.028160,1,0,267.016,0,0,0,267.016,0
72.29,2.11364,0,0,8.49312,0.228134,6.15134,3.6288,61.308,0.562512,0,0,2.23873,0.164795,1.51142,0.66528,12.849,1,0.375684,6.15134,0,185.906,3.38301,188.299,0.84672,12.849,0.84672,3695.15,0,36.966,0.33917,3.15884,1.89017,15.2124,0.781891,19.1403,0.42336,36.966,0.42336,423.524,0,1.02816,0,0,4.187,3.15884,1.028160,1,0,208.95,0,0,0,208.95,0
72.29,2.11401,0,0,6.27107,0.222215,3.93484,3.6288,61.308,0.56267,0,0,1.6651,0.163465,0.938966,0.66528,12.849,1,0.37575,3.93484,0,155.837,3.44253,155.954,0.84672,12.849,0.84672,3695.15,0,36.966,0.339265,2.5893,1.9575,12.0007,0.79345,15.4148,0.42336,36.966,0.42336,423.524,0,1.02816,0,0,3.61746,2.5893,1.028160,1,0,172.307,0,0,0,172.307,0
72.29,2.11438,0,0,5.75684,0.222215,3.42024,3.6288,61.308,0.562828,0,0,1.88293,0.163465,1.15664,0.66528,12.849,1,0.375815,3.42024,0,143.032,3.44253,142.634,0.84672,12.849,0.84672,3695.15,0,36.966,0.339361,2.43769,1.95777,14.6216,0.79345,17.8842,0.42336,36.966,0.42336,423.524,0,1.02816,0,0,3.46585,2.43769,1.028160,1,0,161.674,0,0,0,161.674,0
72.29,2.11475,0,0,5.22231,0.205917,2.90164,3.6288,61.308,0.562987,0,0,1.82841,0.173102,1.09233,0.66528,12.849,1,0.375881,2.90164,0,129.409,3.40985,128.525,0.84672,12.849,0.84672,3695.15,0,36.966,0.339456,2.3678,1.95805,12.2519,0.803507,15.4348,0.42336,36.966,0.42336,423.524,0,1.02816,0,0,3.39596,2.3678,1.028160,1,0,145.052,0,0,0,145.052,0
72.29,2.08243,0,0,4.96595,0.157927,2.7256,3.6288,61.308,0.547889,0,0,1.68212,0.166266,0.967967,0.66528,12.849,1,0.370136,2.7256,0,109.374,3.82347,107.906,0.84672,12.849,0.84672,3695.15,0,36.966,0.330353,2.40326,1.95833,11.045,0.939979,14.1363,0.42336,36.966,0.42336,423.524,0,1.02816,0,0,3.43142,2.40326,1.028160,1,0,123.01,0,0,0,123.01,0
72.29,2.08279,0,0,5.39641,0.157927,3.15569,3.6288,61.308,0.548045,0,0,1.76356,0.166266,1.04925,0.66528,12.849,1,0.370201,3.15569,0,133.544,3.82347,132.506,0.84672,12.849,0.84672,3695.15,0,36.966,0.330447,2.39443,1.9325,9.97307,0.939979,13.0296,0.42336,36.966,0.42336,423.524,0,1.02816,0,0,3.42259,2.39443,1.028160,1,0,146.585,0,0,0,146.585,0
72.29,2.08316,0,0,4.45207,0.157927,2.21099,3.6288,61.308,0.548201,0,0,1.58287,0.166266,0.868399,0.66528,12.849,1,0.370266,2.21099,0,102.547,3.82347,100.565,0.84672,12.849,0.84672,3695.15,0,36.966,0.330541,2.00032,1.93277,8.46409,0.939979,11.1267,0.42336,36.966,0.42336,423.524,0,1.02816,0,0,3.02848,2.00032,1.028160,1,0,112.56,0,0,0,112.56,0
72.29,2.08352,0,0,4.04522,0.135933,1.82577,3.6288,61.308,0.548357,0,0,1.45834,0.188837,0.721143,0.66528,12.849,1,0.37033,1.82577,0,88.5686,3.68766,86.3364,0.84672,12.849,0.84672,3695.15,0,36.966,0.330635,1.62079,1.93304,7.78628,0.886159,10.1233,0.42336,36.966,0.42336,423.524,0,1.02816,0,0,2.64895,1.62079,1.028160,1,0,97.1809,0,0,0,97.1809,0
72.29,2.19492,0,0,4.08808,0.120336,1.77282,3.6288,61.308,0.602647,0,0,1.59581,0.180062,0.813099,0.66528,12.849,1,0.39013,1.77282,0,82.5863,3.69431,80.2747,0.84672,12.849,0.84672,3695.15,0,36.966,0.363369,2.03458,1.93332,8.07209,0.893367,10.7833,0.42336,36.966,0.42336,423.524,0,1.02816,0,0,3.06274,2.03458,1.028160,1,0,91.871,0,0,0,91.871,0
72.29,2.1953,0,0,3.9693,0.125826,1.64817,3.6288,61.308,0.602811,0,0,1.47095,0.164514,0.703626,0.66528,12.849,1,0.390198,1.64817,0,74.7602,3.7694,72.2488,0.84672,12.849,0.84672,3695.15,0,36.966,0.363468,1.84524,2.02514,7.65193,0.924954,10.2339,0.42336,36.966,0.42336,423.524,0,1.02816,0,0,2.8734,1.84524,1.028160,1,0,83.1863,0,0,0,83.1863,0
72.29,2.19568,0,0,3.72728,0.125826,1.40577,3.6288,61.308,0.602976,0,0,1.37898,0.164514,0.611488,0.66528,12.849,1,0.390266,1.40577,0,69.101,3.7694,66.3471,0.84672,12.849,0.84672,3695.15,0,36.966,0.363568,1.49448,2.02543,7.14096,0.924954,9.37234,0.42336,36.966,0.42336,423.524,0,1.02816,0,0,2.52264,1.49448,1.028160,1,0,76.3309,0,0,0,76.3309,0
72.29,2.19607,0,0,3.52992,0.0837269,1.25012,3.6288,61.308,0.60314,0,0,1.29902,0.224495,0.471388,0.66528,12.849,1,0.390334,1.25012,0,63.9516,4.58432,60.227,0.84672,12.849,0.84672,3695.15,0,36.966,0.363667,1.15327,2.02571,6.03761,1.14317,7.70975,0.42336,36.966,0.42336,423.524,0,1.02816,0,0,2.18143,1.15327,1.028160,1,0,68.4082,0,0,0,68.4082,0
72.29,2.19645,0,0,3.28114,0.0676272,1.01706,3.6288,61.308,0.603305,0,0,1.07136,0.268499,0.199557,0.66528,12.849,1,0.390402,1.01706,0,50.8562,5.13561,46.3472,0.84672,12.849,0.84672,3695.15,0,36.966,0.363766,0.900305,2.026,5.1504,1.27058,6.44236,0.42336,36.966,0.42336,423.524,0,1.02816,0,0,1.92847,0.900305,1.028160,1,0,52.9891,0,0,0,52.9891,0
72.29,2.17485,0,0,3.1703,0.0882604,0.907186,3.6288,61.2293,0.633245,0,0,0.821707,0.267189,0,0.66528,12.849,1,0.386564,0.907186,0,37.6045,5.05575,33.0693,0.84672,12.849,0.84672,3695.15,0,36.966,0.381819,0.586855,2.02629,4.16534,1.22225,5.17442,0.42336,36.966,0.42336,423.524,0,1.02816,0,0,1.61501,0.586855,1.028160,1,0,38.2438,0,0,0,38.2438,0
72.29,2.17523,0,0,2.93073,0.0882604,0.667237,3.6288,61.1235,0.633108,0,0,0.794413,0.267056,0,0.66528,12.849,1,0.386631,0.667237,0,37.3772,5.05575,32.6021,0.84672,12.849,0.84672,3695.15,0,36.966,0.382227,0.559518,2.0586,4.22366,1.22225,5.23731,0.42336,36.966,0.42336,423.524,0,1.02816,0,0,1.58768,0.559518,1.028160,1,0,37.8394,0,0,0,37.8394,0
72.29,2.17561,0,0,2.66059,0.0882604,0.39672,3.6288,60.9743,0.632865,0,0,0.75047,0.266877,0,0.66528,12.849,1,0.386699,0.39672,0,36.2664,5.05575,31.2207,0.84672,12.849,0.84672,3695.15,0,36.966,0.382741,0.403773,2.0589,3.97018,1.22225,4.82786,0.42336,36.966,0.42336,423.524,0,1.02816,0,0,1.43193,0.403773,1.028160,1,0,36.0485,0,0,0,36.0485,0
72.1086,2.17599,0,0,2.4362,0.0787412,0.36288,3.6288,60.7676,0.632451,0,0,0.714269,0.288517,0,0.66528,12.849,1,0.386766,0.36288,0,31.9824,5.33805,26.6205,0.84672,12.849,0.84672,3695.15,0,36.966,0.383427,0.345013,2.05919,3.85565,1.32529,4.55113,0.42336,36.966,0.42336,423.524,0,1.02816,0,0,1.37317,0.345013,1.028160,1,0,31.1716,0,0,0,31.1716,0
71.7728,2.23231,0,0,2.33577,0.0763748,0.36288,3.6288,60.4833,0.658274,0,0,0.643931,0.26994,0,0.66528,12.849,1,0.397774,0.36288,0,28.7582,4.61327,24.1101,0.84672,12.849,0.84672,3695.15,0,36.966,0.40044,0.398943,2.05948,3.57366,1.20421,4.42744,0.42336,36.966,0.42336,423.524,0,1.02816,0,0,1.4271,0.398943,1.028160,1,0,28.5375,0,0,0,28.5375,0
71.349,2.23112,0,0,2.2304,0.0601718,0.36288,3.6288,60.1056,0.657278,0,0,0.601956,0.32239,0,0.66528,12.849,1,0.399422,0.36288,0,27.2935,5.57277,21.6842,0.84672,12.849,0.84672,3695.15,0,36.966,0.401713,0.422219,2.1052,2.96575,1.48977,3.60168,0.42336,36.966,0.42336,423.524,0,1.02816,0,0,1.45038,0.422219,1.028160,1,0,25.2859,0,0,0,25.2859,0
71.1191,2.22949,0,0,2.42242,0.0599775,0.36288,3.6288,59.7513,0.655887,0,0,0.623208,0.321617,0,0.66528,12.849,1,0.401502,0.36288,0,27.5815,5.57277,21.9701,0.84672,12.849,0.84672,3695.15,0,36.966,0.403382,0.570923,2.1055,3.08184,1.48977,3.86511,0.42336,36.966,0.42336,423.524,0,1.02816,0,0,1.59908,0.570923,1.028160,1,0,25.8352,0,0,0,25.8352,0
70.7544,2.22878,0,0,2.28683,0.0598722,0.36288,3.6288,59.3931,0.654581,0,0,0.617287,0.320891,0,0.66528,12.849,1,0.402671,0.36288,0,32.4092,5.57277,26.7966,0.84672,12.849,0.84672,3695.15,0,36.966,0.404966,0.304137,2.1058,3.24276,1.48977,3.75796,0.42336,36.966,0.42336,423.524,0,1.02816,0,0,1.3323,0.304137,1.028160,1,0,30.5546,0,0,0,30.5546,0
70.0762,2.39326,0,0,2.15582,0.0778963,0.36288,3.6288,58.9586,0.66528,0,0,0.555028,0.324214,0,0.66528,12.849,1,0.434616,0.36288,0,23.9579,5.49411,18.392,0.84672,12.849,0.84672,3695.15,0,36.966,0.548276,0.406547,2.1061,2.93513,1.52967,3.36983,0.42336,36.966,0.42336,423.524,0,1.02816,0,0,1.43471,0.406547,1.028160,1,0,21.7618,0,0,0,21.7618,0
69.635,2.39012,0,0,2.40289,0.0910632,0.36288,3.6288,58.6115,0.66528,0,0,0.644535,0.326348,0,0.66528,12.849,1,0.438247,0.36288,0,24.9096,5.43512,19.3991,0.84672,12.849,0.84672,3695.15,0,36.966,0.548578,0.64616,2.26189,2.9518,1.55959,3.75169,0.42336,36.966,0.42336,423.524,0,1.02816,0,0,1.67432,0.64616,1.028160,1,0,23.1508,0,0,0,23.1508,0
68.7211,2.38819,0,0,1.92792,0.0907532,0.36288,3.6288,58.1274,0.66528,0,0,0.506819,0.325621,0,0.66528,12.849,1,0.440666,0.36288,0,29.2989,5.43512,23.786,0.84672,12.849,0.84672,3695.15,0,36.966,0.548881,0.314945,2.26222,2.45203,1.55959,2.92072,0.42336,36.966,0.42336,423.524,0,1.02816,0,0,1.34311,0.314945,1.028160,1,0,26.7068,0,0,0,26.7068,0
68.1677,2.38366,0,0,2.28328,0.0901109,0.36288,3.6288,57.9112,0.66528,0,0,0.773637,0.324607,0,0.66528,12.849,1,0.44568,0.36288,0,25.1481,5.43512,19.6302,0.84672,12.849,0.84672,3695.15,0,36.966,0.549183,0.992261,2.26254,3.3159,1.55959,4.46193,0.42336,36.966,0.42336,423.524,0,1.02816,0,0,2.02042,0.992261,1.028160,1,0,24.0921,0,0,0,24.0921,0
67.6112,2.38103,0,0,2.30639,0.118984,0.36288,3.6288,57.6608,0.66528,0,0,0.721019,0.306101,0,0.66528,12.849,1,0.448802,0.36288,0,30.6346,5.15631,25.3924,0.84672,12.849,0.84672,3695.15,0,36.966,0.549485,0.872433,2.26287,4.12422,1.42596,5.28408,0.42336,36.966,0.42336,423.524,0,1.02816,0,0,1.90059,0.872433,1.028160,1,0,30.6764,0,0,0,30.6764,0
68.4152,2.29801,0,0,3.65189,0.187019,0.36288,3.6288,57.8765,0.66528,0,0,1.16506,0.284119,0,0.66528,12.849,1,0.43672,0.36288,0,41.5587,5.10625,36.3787,0.84672,12.849,0.84672,3695.15,0,36.966,0.456405,1.37217,2.26319,6.32778,1.3437,8.16304,0.42336,36.966,0.42336,423.524,0,1.02816,0,0,2.40033,1.37217,1.028160,1,0,44.5417,0,0,0,44.5417,0
68.7143,2.30273,0,0,3.15289,0.188202,0.36288,3.6288,58.6135,0.66528,0,0,1.68679,0.284516,0,0.66528,12.849,1,0.432474,0.36288,0,35.9703,5.10625,30.7945,0.84672,12.849,0.84672,3695.15,0,36.966,0.456693,3.1065,2.17346,7.21096,1.3437,10.6905,0.42336,36.966,0.42336,423.524,0,1.02816,0,0,4.13466,3.1065,1.028160,1,0,41.485,0,0,0,41.485,0
68.5941,2.30472,0,0,2.73608,0.188642,0.36288,3.6288,58.5957,0.66528,0,0,0.933405,0.285871,0,0.66528,12.849,1,0.430963,0.36288,0,36.9344,5.10625,31.7601,0.84672,12.849,0.84672,3695.15,0,36.966,0.456981,1.38045,2.17377,5.34869,1.3437,7.10222,0.42336,36.966,0.42336,423.524,0,1.02816,0,0,2.40861,1.38045,1.028160,1,0,38.8623,0,0,0,38.8623,0
68.3998,2.30448,0,0,2.66153,0.188465,0.36288,3.6288,58.5081,0.66528,0,0,0.863508,0.285838,0,0.66528,12.849,1,0.431673,0.36288,0,33.7389,5.10625,28.5639,0.84672,12.849,0.84672,3695.15,0,36.966,0.457269,1.17433,2.17408,5.25563,1.3437,6.80307,0.42336,36.966,0.42336,423.524,0,1.02816,0,0,2.20249,1.17433,1.028160,1,0,35.367,0,0,0,35.367,0
68.6404,2.23776,0,0,3.08324,0.242058,0.36288,3.6288,58.8592,0.635971,0,0,1.17603,0.188949,0,0.66528,12.849,1,0.420365,0.36288,0,48.176,3.87811,44.2404,0.84672,12.849,0.84672,3695.15,0,36.966,0.401812,2.08477,2.17439,9.27615,0.895354,12.2381,0.42336,36.966,0.42336,423.524,0,1.02816,0,0,3.11293,2.08477,1.028160,1,0,56.4786,0,0,0,56.4786,0
69.611,2.23938,0,0,3.80217,0.229245,0.36288,3.6288,59.0972,0.637612,0,0,1.06619,0.190632,0,0.66528,12.849,1,0.419197,0.36288,0,53.4546,3.91566,49.4826,0.84672,12.849,0.84672,3695.15,0,36.966,0.400446,1.34062,2.09428,7.64956,0.896344,9.78767,0.42336,36.966,0.42336,423.524,0,1.02816,0,0,2.36878,1.34062,1.028160,1,0,59.2702,0,0,0,59.2702,0
71.3159,2.24471,0,0,4.57113,0.258665,0.36288,3.6288,60.0771,0.638772,0,0,1.84142,0.222682,0,0.66528,12.849,1,0.414335,0.36288,0,65.1294,4.60439,60.4736,0.84672,12.849,0.84672,3695.15,0,36.966,0.39956,3.82793,2.09458,13.1692,1.09057,17.6015,0.42336,36.966,0.42336,423.524,0,1.02816,0,0,4.85609,3.82793,1.028160,1,0,78.0751,0,0,0,78.0751,0
72.29,2.25349,0,0,6.0251,0.2733,2.52422,3.6288,61.264,0.642977,0,0,2.06672,0.236864,0,0.66528,12.849,1,0.406012,2.52422,0,94.5954,4.87988,91.8337,0.84672,12.849,0.84672,3695.15,0,36.966,0.39563,4.06871,2.09488,12.7122,1.16826,17.3119,0.42336,36.966,0.42336,423.524,0,1.02816,0,0,5.09687,4.06871,1.028160,1,0,109.146,0,0,0,109.146,0
72.29,2.0691,0,0,6.27802,0.295887,3.91304,3.6288,61.308,0.53738,0,0,2.83564,0.226649,2.02764,0.66528,12.849,1,0.367767,3.91304,0,93.4406,4.78538,92.2005,0.84672,12.849,0.84672,3695.15,0,36.966,0.324249,3.90941,2.09518,14.9405,1.10299,19.5178,0.42336,36.966,0.42336,423.524,0,1.02816,0,0,4.93757,3.90941,1.028160,1,0,113.746,0,0,0,113.746,0
72.29,2.06946,0,0,5.16751,0.311302,2.78674,3.6288,61.308,0.53768,0,0,2.08717,0.217705,1.33179,0.66528,12.849,1,0.367831,2.78674,0,94.7747,4.7145,92.4792,0.84672,12.849,0.84672,3695.15,0,36.966,0.324197,2.46316,1.91672,9.31193,1.05404,12.3136,0.42336,36.966,0.42336,423.524,0,1.02816,0,0,3.49132,2.46316,1.028160,1,0,106.125,0,0,0,106.125,0
72.29,2.06982,0,0,7.12876,0.311302,4.74763,3.6288,61.308,0.537834,0,0,2.43826,0.217705,1.68272,0.66528,12.849,1,0.367895,4.74763,0,84.6824,4.7145,84.3476,0.84672,12.849,0.84672,3695.15,0,36.966,0.32429,3.81864,1.91699,10.3859,1.05404,14.7432,0.42336,36.966,0.42336,423.524,0,1.02816,0,0,4.8468,3.81864,1.028160,1,0,100.774,0,0,0,100.774,0
72.29,2.07019,0,0,10.0507,0.311302,7.66925,3.6288,61.308,0.537988,0,0,2.44477,0.217705,1.68908,0.66528,12.849,1,0.36796,7.66925,0,101.834,4.7145,104.421,0.84672,12.849,0.84672,3695.15,0,36.966,0.324383,3.75735,1.91726,10.996,1.05404,15.2921,0.42336,36.966,0.42336,423.524,0,1.02816,0,0,4.78551,3.75735,1.028160,1,0,121.403,0,0,0,121.403,0
72.29,2.07055,0,0,10.6871,0.319286,8.29724,3.6288,61.308,0.538143,0,0,3.20333,0.204509,2.46068,0.66528,12.849,1,0.368024,8.29724,0,116.755,4.00801,120.676,0.84672,12.849,0.84672,3695.15,0,36.966,0.324476,3.92437,1.91753,13.6495,1.00528,18.1616,0.42336,36.966,0.42336,423.524,0,1.02816,0,0,4.95253,3.92437,1.028160,1,0,141.298,0,0,0,141.298,0
72.29,2.14382,0,0,8.121,0.315414,5.66176,3.6288,61.308,0.570339,0,0,1.66413,0.178504,0.915289,0.66528,12.849,1,0.381049,5.66176,0,173.388,3.71427,174.954,0.84672,12.849,0.84672,3695.15,0,36.966,0.343889,3.14388,1.9178,10.6035,1.03703,14.2843,0.42336,36.966,0.42336,423.524,0,1.02816,0,0,4.17204,3.14388,1.028160,1,0,190.154,0,0,0,190.154,0
72.29,2.14418,0,0,6.3868,0.315414,3.9272,3.6288,61.308,0.570492,0,0,2.72283,0.178504,1.97383,0.66528,12.849,1,0.381112,3.9272,0,110.835,3.71427,110.667,0.84672,12.849,0.84672,3695.15,0,36.966,0.343981,5.43825,1.97385,13.7471,1.03703,19.7782,0.42336,36.966,0.42336,423.524,0,1.02816,0,0,6.46641,5.43825,1.028160,1,0,132.419,0,0,0,132.419,0
72.29,2.14454,0,0,5.7292,0.300832,3.28383,3.6288,61.308,0.570644,0,0,1.85757,0.182152,1.10478,0.66528,12.849,1,0.381176,3.28383,0,100.196,3.96519,99.1338,0.84672,12.849,0.84672,3695.15,0,36.966,0.344073,3.45142,1.97412,10.7609,0.964976,14.8774,0.42336,36.966,0.42336,423.524,0,1.02816,0,0,4.47958,3.45142,1.028160,1,0,115.116,0,0,0,115.116,0
72.29,2.1449,0,0,7.19682,0.338402,4.71352,3.6288,61.308,0.570797,0,0,2.27669,0.188327,1.51757,0.66528,12.849,1,0.381239,4.71352,0,128.823,4.14361,129.012,0.84672,12.849,0.84672,3695.15,0,36.966,0.344165,4.49183,1.97439,12.8014,0.975327,17.9481,0.42336,36.966,0.42336,423.524,0,1.02816,0,0,5.51999,4.49183,1.028160,1,0,148.478,0,0,0,148.478,0
72.29,2.37954,0,0,6.84597,0.276614,4.18981,3.6288,61.308,0.66528,0,0,2.21876,0.158031,1.39545,0.66528,12.849,1,0.422946,4.18981,0,140.276,3.59934,140.443,0.84672,12.849,0.84672,3695.15,0,36.966,0.44287,4.3741,1.97465,11.189,0.932282,16.1626,0.42336,36.966,0.42336,423.524,0,1.02816,0,0,5.40226,4.3741,1.028160,1,0,158.001,0,0,0,158.001,0
72.29,2.37994,0,0,5.91205,0.280817,3.2513,3.6288,61.308,0.66528,0,0,1.74925,0.13084,0.953126,0.66528,12.849,1,0.423016,3.2513,0,155.621,3.46917,154.98,0.84672,12.849,0.84672,3695.15,0,36.966,0.443143,2.94177,2.1757,7.47593,0.876731,11.2735,0.42336,36.966,0.42336,423.524,0,1.02816,0,0,3.96993,2.94177,1.028160,1,0,167.207,0,0,0,167.207,0
72.29,2.38033,0,0,10.3811,0.332973,7.66776,3.6288,61.308,0.66528,0,0,1.98255,0.160683,1.15659,0.66528,12.849,1,0.423086,7.66776,0,189.212,3.42161,193.035,0.84672,12.849,0.84672,3695.15,0,36.966,0.443417,4.78643,2.176,9.20652,0.909649,14.8159,0.42336,36.966,0.42336,423.524,0,1.02816,0,0,5.81459,4.78643,1.028160,1,0,209.007,0,0,0,209.007,0
72.29,2.38072,0,0,4.75756,0.338051,2.03878,3.6288,61.308,0.66528,0,0,1.56557,0.167541,0.732747,0.66528,12.849,1,0.423156,2.03878,0,151.751,3.40274,149.964,0.84672,12.849,0.84672,3695.15,0,36.966,0.44369,2.09657,2.1763,8.2499,0.919927,11.1592,0.42336,36.966,0.42336,423.524,0,1.02816,0,0,3.12473,2.09657,1.028160,1,0,161.856,0,0,0,161.856,0
72.29,2.04675,0,0,7.21189,0.317909,4.84723,3.6288,61.308,0.530369,0,0,1.85995,0.169985,1.1596,0.66528,12.849,1,0.363794,4.84723,0,118.918,3.81471,119.586,0.84672,12.849,0.84672,3695.15,0,36.966,0.319789,2.08697,2.17659,9.1307,0.980323,12.0941,0.42336,36.966,0.42336,423.524,0,1.02816,0,0,3.11513,2.08697,1.028160,1,0,132.84,0,0,0,132.84,0
72.29,2.04709,0,0,4.45046,0.309852,2.09351,3.6288,61.308,0.530516,0,0,1.86499,0.170963,1.16351,0.66528,12.849,1,0.363855,2.09351,0,132.303,3.9795,130.054,0.84672,12.849,0.84672,3695.15,0,36.966,0.319877,1.72949,1.90292,8.98178,1.00448,11.2898,0.42336,36.966,0.42336,423.524,0,1.02816,0,0,2.75765,1.72949,1.028160,1,0,142.507,0,0,0,142.507,0
72.29,2.04744,0,0,6.78201,0.309852,4.42472,3.6288,61.308,0.530662,0,0,2.21567,0.170963,1.51404,0.66528,12.849,1,0.363916,4.42472,0,122.485,3.9795,122.566,0.84672,12.849,0.84672,3695.15,0,36.966,0.319966,2.41136,1.90318,13.2043,1.00448,16.1944,0.42336,36.966,0.42336,423.524,0,1.02816,0,0,3.43952,2.41136,1.028160,1,0,140.275,0,0,0,140.275,0
72.29,2.04778,0,0,6.39058,0.310093,4.03271,3.6288,61.308,0.530809,0,0,3.28383,0.187802,2.56522,0.66528,12.849,1,0.363977,4.03271,0,180.252,4.03807,179.883,0.84672,12.849,0.84672,3695.15,0,36.966,0.320054,4.23576,1.90344,12.3752,1.04154,17.1528,0.42336,36.966,0.42336,423.524,0,1.02816,0,0,5.26392,4.23576,1.028160,1,0,199.601,0,0,0,199.601,0
72.29,2.04812,0,0,7.40318,0.314846,5.04022,3.6288,61.308,0.530955,0,0,2.69169,0.196016,1.96472,0.66528,12.849,1,0.364038,5.04022,0,139.504,3.963,140.217,0.84672,12.849,0.84672,3695.15,0,36.966,0.320143,3.25542,1.9037,12.9346,1.05213,16.7214,0.42336,36.966,0.42336,423.524,0,1.02816,0,0,4.28358,3.25542,1.028160,1,0,158.903,0,0,0,158.903,0
72.29,2.1327,0,0,6.06078,0.336188,3.5919,3.6288,61.308,0.570672,0,0,2.39995,0.190245,1.63903,0.66528,12.849,1,0.37907,3.5919,0,153.942,3.74178,153.413,0.84672,12.849,0.84672,3695.15,0,36.966,0.34409,3.62105,1.90395,17.022,1.02008,21.1828,0.42336,36.966,0.42336,423.524,0,1.02816,0,0,4.64921,3.62105,1.028160,1,0,176.235,0,0,0,176.235,0
72.29,2.13305,0,0,6.85125,0.336188,4.38201,3.6288,61.308,0.570825,0,0,2.3705,0.190245,1.60944,0.66528,12.849,1,0.379134,4.38201,0,159.088,3.74178,159.349,0.84672,12.849,0.84672,3695.15,0,36.966,0.344182,3.02746,1.97181,16.393,1.02008,20.028,0.42336,36.966,0.42336,423.524,0,1.02816,0,0,4.05562,3.02746,1.028160,1,0,180.987,0,0,0,180.987,0
72.29,2.13341,0,0,5.54437,0.328643,3.08232,3.6288,61.308,0.570978,0,0,2.07785,0.189412,1.31746,0.66528,12.849,1,0.379197,3.08232,0,116.942,3.79121,115.853,0.84672,12.849,0.84672,3695.15,0,36.966,0.344274,3.23019,1.97207,11.9445,1.02329,15.7792,0.42336,36.966,0.42336,423.524,0,1.02816,0,0,4.25835,3.23019,1.028160,1,0,132.95,0,0,0,132.95,0
72.29,2.13376,0,0,4.41047,0.283375,1.99333,3.6288,61.308,0.57113,0,0,1.45425,0.184417,0.698703,0.66528,12.849,1,0.37926,1.99333,0,108.118,4.08776,105.644,0.84672,12.849,0.84672,3695.15,0,36.966,0.344366,1.72818,1.97234,8.47619,1.04257,10.7898,0.42336,36.966,0.42336,423.524,0,1.02816,0,0,2.75634,1.72818,1.028160,1,0,117.132,0,0,0,117.132,0
72.29,2.10117,0,0,4.4162,0.24218,2.07285,3.6288,61.308,0.555905,0,0,1.26048,0.218305,0.486271,0.66528,12.849,1,0.373467,2.07285,0,94.3091,4.46838,91.5401,0.84672,12.849,0.84672,3695.15,0,36.966,0.335186,1.71949,1.97261,7.79294,1.16813,9.98173,0.42336,36.966,0.42336,423.524,0,1.02816,0,0,2.74765,1.71949,1.028160,1,0,102.008,0,0,0,102.008,0
72.29,2.10152,0,0,3.566,0.24218,1.2223,3.6288,61.308,0.556056,0,0,1.07726,0.218305,0.302901,0.66528,12.849,1,0.373529,1.2223,0,80.1991,4.46838,76.5795,0.84672,12.849,0.84672,3695.15,0,36.966,0.335277,1.28354,1.94656,7.07432,1.16813,8.80102,0.42336,36.966,0.42336,423.524,0,1.02816,0,0,2.3117,1.28354,1.028160,1,0,85.6834,0,0,0,85.6834,0
72.29,2.10187,0,0,3.46982,0.24218,1.12577,3.6288,61.308,0.556206,0,0,0.966565,0.218305,0.192055,0.66528,12.849,1,0.373592,1.12577,0,72.0956,4.46838,68.3794,0.84672,12.849,0.84672,3695.15,0,36.966,0.335368,0.932299,1.94682,7.03391,1.16813,8.40954,0.42336,36.966,0.42336,423.524,0,1.02816,0,0,1.96046,0.932299,1.028160,1,0,76.981,0,0,0,76.981,0
72.29,2.10222,0,0,2.98743,0.195587,0.689617,3.6288,61.308,0.556356,0,0,0.8121,0.24128,0.0144627,0.66528,12.849,1,0.373654,0.689617,0,67.0222,4.39428,62.9439,0.84672,12.849,0.84672,3695.15,0,36.966,0.335458,1.14847,1.94709,6.19993,1.12719,7.83284,0.42336,36.966,0.42336,423.524,0,1.02816,0,0,2.17663,1.14847,1.028160,1,0,70.7912,0,0,0,70.7912,0
72.29,2.21449,0,0,2.90259,0.152764,0.535332,3.6288,61.308,0.611073,0,0,0.882377,0.249805,0.0214991,0.66528,12.849,1,0.39361,0.535332,0,63.0582,4.62377,58.5761,0.84672,12.849,0.84672,3695.15,0,36.966,0.36845,1.15199,1.94735,5.94095,1.1055,7.56634,0.42336,36.966,0.42336,423.524,0,1.02816,0,0,2.18015,1.15199,1.028160,1,0,66.164,0,0,0,66.164,0
72.29,2.21486,0,0,2.90342,0.146855,0.541702,3.6288,61.2886,0.611232,0,0,0.835134,0.243274,0,0.66528,12.849,1,0.393675,0.541702,0,59.2237,4.83756,54.5342,0.84672,12.849,0.84672,3695.15,0,36.966,0.368546,0.877763,2.0399,5.78223,1.11226,7.21908,0.42336,36.966,0.42336,423.524,0,1.02816,0,0,1.90592,0.877763,1.028160,1,0,61.7533,0,0,0,61.7533,0
72.29,2.21523,0,0,2.82478,0.146855,0.462692,3.6288,61.2812,0.611318,0,0,0.847117,0.243244,0,0.66528,12.849,1,0.393741,0.462692,0,56.2766,4.83756,51.508,0.84672,12.849,0.84672,3695.15,0,36.966,0.368714,1.03226,2.04017,5.50635,1.11226,7.0978,0.42336,36.966,0.42336,423.524,0,1.02816,0,0,2.06042,1.03226,1.028160,1,0,58.6058,0,0,0,58.6058,0
72.1099,2.2156,0,0,2.56488,0.166523,0.36288,3.6288,61.2292,0.611449,0,0,0.797394,0.237967,0,0.66528,12.849,1,0.393806,0.36288,0,53.0365,4.4991,48.5064,0.84672,12.849,0.84672,3695.15,0,36.966,0.368838,0.969166,2.04045,5.03784,1.12532,6.55329,0.42336,36.966,0.42336,423.524,0,1.02816,0,0,1.99733,0.969166,1.028160,1,0,55.0597,0,0,0,55.0597,0
71.9588,2.21513,0,0,2.57475,0.147849,0.36288,3.6288,61.1491,0.611412,0,0,0.772969,0.241653,0,0.66528,12.849,1,0.394707,0.36288,0,51.9664,4.58272,47.3519,0.84672,12.849,0.84672,3695.15,0,36.966,0.369129,0.978929,2.04073,4.90377,1.18283,6.37147,0.42336,36.966,0.42336,423.524,0,1.02816,0,0,2.00709,0.978929,1.028160,1,0,53.7233,0,0,0,53.7233,0
72.0943,2.19266,0,0,2.78919,0.0980721,0.36288,3.6288,60.9797,0.641253,0,0,0.720256,0.248364,0,0.66528,12.849,1,0.391524,0.36288,0,55.4234,5.33024,50.0645,0.84672,12.849,0.84672,3695.15,0,36.966,0.387652,0.913637,2.04101,4.95456,1.27354,6.24802,0.42336,36.966,0.42336,423.524,0,1.02816,0,0,1.9418,0.913637,1.028160,1,0,56.3125,0,0,0,56.3125,0
72.0533,2.19366,0,0,2.58049,0.0649588,0.36288,3.6288,60.7912,0.640746,0,0,0.712757,0.260525,0,0.66528,12.849,1,0.390964,0.36288,0,51.0878,5.4264,45.6333,0.84672,12.849,0.84672,3695.15,0,36.966,0.388421,0.79863,2.07357,4.81575,1.3021,5.99743,0.42336,36.966,0.42336,423.524,0,1.02816,0,0,1.82679,0.79863,1.028160,1,0,51.6307,0,0,0,51.6307,0
71.8427,2.19383,0,0,2.41099,0.0648721,0.36288,3.6288,60.6057,0.640159,0,0,0.714908,0.260214,0,0.66528,12.849,1,0.391218,0.36288,0,47.3225,5.4264,41.8678,0.84672,12.849,0.84672,3695.15,0,36.966,0.389269,0.886602,2.07385,4.45216,1.3021,5.72124,0.42336,36.966,0.42336,423.524,0,1.02816,0,0,1.91476,0.886602,1.028160,1,0,47.589,0,0,0,47.589,0
71.4887,2.19322,0,0,2.26593,0.0638913,0.36288,3.6288,60.3985,0.639582,0,0,0.699054,0.266734,0,0.66528,12.849,1,0.392256,0.36288,0,44.0159,5.51272,38.4738,0.84672,12.849,0.84672,3695.15,0,36.966,0.390108,0.853347,2.07413,4.34461,1.32281,5.55916,0.42336,36.966,0.42336,423.524,0,1.02816,0,0,1.88151,0.853347,1.028160,1,0,44.0329,0,0,0,44.0329,0
71.0397,2.24908,0,0,2.21994,0.056965,0.36288,3.6288,60.0973,0.66528,0,0,0.660871,0.296759,0,0.66528,12.849,1,0.404238,0.36288,0,45.5714,5.85626,39.6738,0.84672,12.849,0.84672,3695.15,0,36.966,0.407574,0.535499,2.07441,3.57346,1.39678,4.37902,0.42336,36.966,0.42336,423.524,0,1.02816,0,0,1.56366,0.535499,1.028160,1,0,44.0528,0,0,0,44.0528,0
70.3719,2.24729,0,0,1.99886,0.0565195,0.36288,3.6288,59.6903,0.664429,0,0,0.551864,0.29444,0,0.66528,12.849,1,0.406469,0.36288,0,37.681,5.82719,31.8103,0.84672,12.849,0.84672,3695.15,0,36.966,0.408692,0.572556,2.12047,3.42752,1.3884,4.32347,0.42336,36.966,0.42336,423.524,0,1.02816,0,0,1.60072,0.572556,1.028160,1,0,36.1337,0,0,0,36.1337,0
69.5564,2.2444,0,0,1.84807,0.0562304,0.36288,3.6288,59.2455,0.662874,0,0,0.511773,0.293677,0,0.66528,12.849,1,0.409799,0.36288,0,36.1328,5.82719,30.2587,0.84672,12.849,0.84672,3695.15,0,36.966,0.410516,0.377749,2.12076,2.9802,1.3884,3.6798,0.42336,36.966,0.42336,423.524,0,1.02816,0,0,1.40591,0.377749,1.028160,1,0,33.9385,0,0,0,33.9385,0
68.7909,2.24072,0,0,1.88914,0.0510781,0.36288,3.6288,58.8573,0.661142,0,0,0.568344,0.295399,0,0.66528,12.849,1,0.413923,0.36288,0,34.3659,5.90196,28.4129,0.84672,12.849,0.84672,3695.15,0,36.966,0.412517,0.567449,2.12105,3.68626,1.40334,4.55891,0.42336,36.966,0.42336,423.524,0,1.02816,0,0,1.59561,0.567449,1.028160,1,0,32.9718,0,0,0,32.9718,0
68.0555,2.40364,0,0,2.06491,0.0337506,0.36288,3.6288,58.4972,0.66528,0,0,0.588977,0.283841,0,0.66528,12.849,1,0.44896,0.36288,0,32.5047,5.91025,26.5084,0.84672,12.849,0.84672,3695.15,0,36.966,0.563592,0.688375,2.12134,3.62719,1.49634,4.37698,0.42336,36.966,0.42336,423.524,0,1.02816,0,0,1.71653,0.688375,1.028160,1,0,30.8854,0,0,0,30.8854,0
66.8671,2.39995,0,0,1.59644,0.0220476,0.36288,3.6288,58.0018,0.66528,0,0,0.4723,0.302365,0,0.66528,12.849,1,0.453116,0.36288,0,34.735,5.7875,28.8573,0.84672,12.849,0.84672,3695.15,0,36.966,0.563884,0.369118,2.27836,2.30735,1.56348,2.82746,0.42336,36.966,0.42336,423.524,0,1.02816,0,0,1.39728,0.369118,1.028160,1,0,31.6848,0,0,0,31.6848,0
65.7192,2.39359,0,0,1.63046,0.0218422,0.36288,3.6288,57.5769,0.66528,0,0,0.541773,0.301401,0,0.66528,12.849,1,0.459947,0.36288,0,30.0892,5.7875,24.2047,0.84672,12.849,0.84672,3695.15,0,36.966,0.564175,0.448321,2.27867,2.39614,1.56348,2.99548,0.42336,36.966,0.42336,423.524,0,1.02816,0,0,1.47648,0.448321,1.028160,1,0,27.2001,0,0,0,27.2001,0
64.5914,2.38727,0,0,1.64513,0.0228491,0.36288,3.6288,57.1637,0.66528,0,0,0.545878,0.293842,0,0.66528,12.849,1,0.466743,0.36288,0,30.5302,5.60265,24.8237,0.84672,12.849,0.84672,3695.15,0,36.966,0.564467,0.809041,2.27899,3.06482,1.49153,4.09685,0.42336,36.966,0.42336,423.524,0,1.02816,0,0,1.8372,0.809041,1.028160,1,0,28.9206,0,0,0,28.9206,0
63.4544,2.38086,0,0,1.64271,0.0359023,0.36288,3.6288,56.7549,0.66528,0,0,0.506312,0.249754,0,0.66528,12.849,1,0.473619,0.36288,0,22.6926,4.33368,18.2482,0.84672,12.849,0.84672,3695.15,0,36.966,0.564758,0.5144,2.2793,3.4141,1.09766,4.54538,0.42336,36.966,0.42336,423.524,0,1.02816,0,0,1.54256,0.5144,1.028160,1,0,22.7936,0,0,0,22.7936,0
63.1014,2.29408,0,0,2.33188,0.0279151,0.36288,3.6288,56.5396,0.66528,0,0,0.69318,0.243217,0,0.66528,12.849,1,0.464533,0.36288,0,39.0057,4.35771,34.5463,0.84672,12.849,0.84672,3695.15,0,36.966,0.470934,0.748449,2.27961,4.02992,1.40168,5.18537,0.42336,36.966,0.42336,423.524,0,1.02816,0,0,1.77661,0.748449,1.028160,1,0,39.7317,0,0,0,39.7317,0
62.5706,2.2923,0,0,2.15223,0.027835,0.36288,3.6288,56.2582,0.66528,0,0,0.626747,0.242876,0,0.66528,12.849,1,0.46677,0.36288,0,39.7638,4.35771,35.3022,0.84672,12.849,0.84672,3695.15,0,36.966,0.471212,0.710571,2.18916,3.70777,1.40168,4.73461,0.42336,36.966,0.42336,423.524,0,1.02816,0,0,1.73873,0.710571,1.028160,1,0,40.0368,0,0,0,40.0368,0
61.7937,2.2894,0,0,1.90303,0.0277144,0.36288,3.6288,55.8064,0.768437,0,0,0.559088,0.24243,0,0.66528,12.849,1,0.470132,0.36288,0,36.7927,4.35771,32.3277,0.84672,12.849,0.84672,3695.15,0,36.966,0.504922,0.216518,2.18946,3.35594,1.40168,3.85531,0.42336,36.966,0.42336,423.524,0,0.89157,0,0,1.10809,0.216518,1.028160,1,0,36.183,0,0,0,36.183,0
61.1709,2.28488,0,0,2.05249,0.0275381,0.36288,3.6288,55.4357,0.66528,0,0,0.536208,0.241715,0,0.66528,12.849,1,0.475105,0.36288,0,29.9513,4.35771,25.4813,0.84672,12.849,0.84672,3695.15,0,36.966,0.471767,0.355052,2.18976,3.31629,1.40168,3.98766,0.42336,36.966,0.42336,423.524,0,1.02816,0,0,1.38321,0.355052,1.028160,1,0,29.469,0,0,0,29.469,0
59.9459,2.21588,0,0,1.47676,0.122969,0.36288,3.6288,55.2215,0.630902,0,0,0.633674,0.216939,0,0.66528,12.849,1,0.465447,0.36288,0,30.6071,4.28307,26.2215,0.84672,12.849,0.84672,3695.15,0,36.966,0.420703,0.381724,2.19006,3.75325,1.05962,4.84471,0.42336,36.966,0.42336,423.524,0,1.02816,0,0,1.40988,0.381724,1.028160,1,0,31.0662,0,0,0,31.0662,0
58.8717,2.20841,0,0,1.71015,0.213061,0.36288,3.6288,54.99,0.630083,0,0,0.599263,0.20065,0,0.66528,12.849,1,0.473358,0.36288,0,35.5365,4.60322,30.8228,0.84672,12.849,0.84672,3695.15,0,36.966,0.421786,0.337746,2.10931,4.35363,1.08483,5.29406,0.42336,36.966,0.42336,423.524,0,1.02816,0,0,1.36591,0.337746,1.028160,1,0,36.1169,0,0,0,36.1169,0
57.4849,2.20169,0,0,1.42312,0.245346,0.36288,3.6288,54.3917,0.821311,0,0,0.419435,0.196422,0,0.66528,12.849,1,0.480528,0.36288,0,28.8717,4.64216,24.1119,0.84672,12.849,0.84672,3695.15,0,36.966,0.552111,0.292723,2.10959,3.63485,1.13444,4.35062,0.42336,36.966,0.42336,423.524,0,0.706873,0,0,0.999596,0.292723,1.028160,1,0,28.4625,0,0,0,28.4625,0
56.8295,2.19258,0,0,2.14215,0.242056,0.36288,3.6288,54.5852,0.626568,0,0,1.01572,0.195648,0,0.66528,12.849,1,0.490084,0.36288,0,45.0217,4.64216,40.2524,0.84672,12.849,0.84672,3695.15,0,36.966,0.425832,1.86094,2.10988,7.37041,1.13444,9.78097,0.42336,36.966,0.42336,423.524,0,1.02816,0,0,2.8891,1.86094,1.028160,1,0,50.0334,0,0,0,50.0334,0
58.9851,2.00495,0,0,4.75978,0.236351,0.36288,3.6288,55.7712,0.521118,0,0,1.90965,0.202567,0,0.66528,12.849,1,0.453313,0.36288,0,105.003,4.36986,100.543,0.84672,12.849,0.84672,3695.15,0,36.966,0.35291,3.9097,2.11017,9.71754,1.09876,14.2857,0.42336,36.966,0.42336,423.524,0,1.02816,0,0,4.93786,3.9097,1.028160,1,0,114.828,0,0,0,114.828,0
60.3146,2.01889,0,0,3.947,0.235724,0.36288,3.6288,56.5207,0.525775,0,0,1.4884,0.213113,0,0.66528,12.849,1,0.439784,0.36288,0,69.095,4.0068,65.0113,0.84672,12.849,0.84672,3695.15,0,36.966,0.348492,1.66458,1.93031,5.40444,1.05119,7.59965,0.42336,36.966,0.42336,423.524,0,1.02816,0,0,2.69274,1.66458,1.028160,1,0,72.611,0,0,0,72.611,0
62.9994,2.02722,0,0,5.31361,0.238749,0.36288,3.6288,56.7605,0.528713,0,0,0.982692,0.21416,0,0.66528,12.849,1,0.431865,0.36288,0,109.671,4.0068,105.595,0.84672,12.849,0.84672,3695.15,0,36.966,0.345792,1.55424,1.93057,5.70466,1.05119,7.7925,0.42336,36.966,0.42336,423.524,0,1.02816,0,0,2.5824,1.55424,1.028160,1,0,113.388,0,0,0,113.388,0
64.0677,2.04285,0,0,3.71816,0.244098,0.36288,3.6288,56.6649,0.529743,0,0,0.648625,0.214495,0,0.66528,12.849,1,0.416648,0.36288,0,83.1833,4.0068,79.1228,0.84672,12.849,0.84672,3695.15,0,36.966,0.345001,1.28413,1.93083,5.28491,1.05119,7.10368,0.42336,36.966,0.42336,423.524,0,1.02816,0,0,2.31229,1.28413,1.028160,1,0,86.2264,0,0,0,86.2264,0
64.9527,2.04898,0,0,3.56941,0.272573,0.36288,3.6288,57.098,0.529535,0,0,1.20378,0.241165,0,0.66528,12.849,1,0.41093,0.36288,0,99.4766,4.27122,95.1574,0.84672,12.849,0.84672,3695.15,0,36.966,0.345448,2.04784,1.93109,6.21937,1.13904,8.71382,0.42336,36.966,0.42336,423.524,0,1.02816,0,0,3.076,2.04784,1.028160,1,0,103.871,0,0,0,103.871,0
72.29,2.12625,0,0,11.2705,0.28481,1.52214,3.6288,57.4444,0.56269,0,0,1.16886,0.259739,0,0.66528,12.849,1,0.420616,1.52214,0,189.948,5.00094,186.048,0.84672,12.849,0.84672,3695.15,0,36.966,0.364293,0.986291,1.93135,14.5733,1.33827,15.7884,0.42336,36.966,0.42336,423.524,0,1.02816,0,0,2.01445,0.986291,1.028160,1,0,201.837,0,0,0,201.837,0
72.29,2.16284,0,0,4.17147,0.3016,1.70703,3.6288,57.4262,0.639956,0,0,0.882052,0.260323,0,0.66528,12.849,1,0.384428,1.70703,0,85.4081,5.00094,81.7298,0.84672,12.849,0.84672,3695.15,0,36.966,0.411817,0.503194,1.98783,5.38091,1.33827,6.12184,0.42336,36.966,0.42336,423.524,0,0.903606,0,0,1.4068,0.503194,1.028160,1,0,87.8516,0,0,0,87.8516,0
72.29,2.16318,0,0,4.75375,0.297581,2.29299,3.6288,57.8917,0.564244,0,0,1.28768,0.257943,0,0.66528,12.849,1,0.38449,2.29299,0,91.368,4.85857,88.4179,0.84672,12.849,0.84672,3695.15,0,36.966,0.363211,1.06006,1.98808,6.29798,1.3091,7.67381,0.42336,36.966,0.42336,423.524,0,1.02816,0,0,2.08822,1.06006,1.028160,1,0,96.0917,0,0,0,96.0917,0
72.29,2.16353,0,0,14.5774,0.273463,12.1404,3.6288,60.1981,0.56617,0,0,3.1172,0.244581,0,0.66528,12.849,1,0.384551,12.1404,0,245.585,4.00438,253.337,0.84672,12.849,0.84672,3695.15,0,36.966,0.36152,4.18886,1.98834,21.8157,1.13411,26.4972,0.42336,36.966,0.42336,423.524,0,1.02816,0,0,5.21702,4.18886,1.028160,1,0,279.834,0,0,0,279.834,0
72.29,2.39998,0,0,6.41328,0.322457,3.69085,3.6288,61.0264,0.66528,0,0,1.72918,0.235647,0,0.66528,12.849,1,0.426578,3.69085,0,141.436,4.39462,140.306,0.84672,12.849,0.84672,3695.15,0,36.966,0.457084,1.8651,1.9886,12.062,1.15448,14.3041,0.42336,36.966,0.42336,423.524,0,1.02816,0,0,2.89326,1.8651,1.028160,1,0,154.61,0,0,0,154.61,0
72.29,2.40036,0,0,6.6362,0.359202,3.87664,3.6288,61.308,0.66528,0,0,1.8087,0.227406,0.634395,0.66528,12.849,1,0.426645,3.87664,0,137.313,4.68731,136.076,0.84672,12.849,0.84672,3695.15,0,36.966,0.457347,1.73037,2.19119,14.3351,1.16976,16.6296,0.42336,36.966,0.42336,423.524,0,1.02816,0,0,2.75853,1.73037,1.028160,1,0,153.34,0,0,0,153.34,0
72.29,2.40074,0,0,5.8434,0.359202,3.08346,3.6288,61.308,0.66528,0,0,1.76246,0.227812,0.869365,0.66528,12.849,1,0.426713,3.08346,0,139.747,4.68731,137.716,0.84672,12.849,0.84672,3695.15,0,36.966,0.457611,1.55571,2.19148,12.7018,1.16976,14.8216,0.42336,36.966,0.42336,423.524,0,1.02816,0,0,2.58387,1.55571,1.028160,1,0,153.407,0,0,0,153.407,0
72.29,2.40111,0,0,6.79139,0.342669,4.04761,3.6288,61.308,0.66528,0,0,1.73458,0.235494,0.833801,0.66528,12.849,1,0.42678,4.04761,0,128.244,4.40866,127.456,0.84672,12.849,0.84672,3695.15,0,36.966,0.457874,1.60271,2.19177,12.278,1.01759,14.597,0.42336,36.966,0.42336,423.524,0,1.02816,0,0,2.63087,1.60271,1.028160,1,0,142.886,0,0,0,142.886,0
72.29,2.06454,0,0,5.56023,0.308011,3.18768,3.6288,61.308,0.537963,0,0,1.34697,0.219368,0.589636,0.66528,12.849,1,0.366957,3.18768,0,114.498,4.17623,113.143,0.84672,12.849,0.84672,3695.15,0,36.966,0.324368,0.919045,2.19205,9.50171,0.96463,11.3238,0.42336,36.966,0.42336,423.524,0,1.02816,0,0,1.94721,0.919045,1.028160,1,0,125.056,0,0,0,125.056,0
72.29,2.06487,0,0,3.7668,0.298551,1.40337,3.6288,61.308,0.538104,0,0,1.03079,0.199591,0.293092,0.66528,12.849,1,0.367015,1.40337,0,64.7171,4.28053,61.4729,0.84672,12.849,0.84672,3695.15,0,36.966,0.324453,0.77925,1.91626,6.38268,1.07708,7.67665,0.42336,36.966,0.42336,423.524,0,1.02816,0,0,1.80741,0.77925,1.028160,1,0,69.4426,0,0,0,69.4426,0
72.29,2.0652,0,0,4.99389,0.298551,2.63014,3.6288,61.308,0.538245,0,0,2.40983,0.199591,1.67199,0.66528,12.849,1,0.367074,2.63014,0,127.061,4.28053,125.043,0.84672,12.849,0.84672,3695.15,0,36.966,0.324538,1.20393,1.9165,11.9591,1.07708,13.678,0.42336,36.966,0.42336,423.524,0,1.02816,0,0,2.23209,1.20393,1.028160,1,0,140.393,0,0,0,140.393,0
72.29,2.06553,0,0,3.60489,0.298551,1.24081,3.6288,61.308,0.538387,0,0,1.05193,0.199591,0.313951,0.66528,12.849,1,0.367133,1.24081,0,65.1058,4.28053,61.6989,0.84672,12.849,0.84672,3695.15,0,36.966,0.324623,0.705465,1.91675,6.38964,1.07708,7.61016,0.42336,36.966,0.42336,423.524,0,1.02816,0,0,1.73362,0.705465,1.028160,1,0,69.623,0,0,0,69.623,0
72.29,2.06587,0,0,4.47863,0.290926,2.12184,3.6288,61.308,0.538528,0,0,1.50412,0.18304,0.782548,0.66528,12.849,1,0.367192,2.12184,0,90.519,4.27558,87.9981,0.84672,12.849,0.84672,3695.15,0,36.966,0.324708,1.17414,1.917,16.4509,1.03946,18.1778,0.42336,36.966,0.42336,423.524,0,1.02816,0,0,2.2023,1.17414,1.028160,1,0,106.958,0,0,0,106.958,0
72.29,2.15107,0,0,6.62776,0.255388,4.2213,3.6288,61.308,0.578544,0,0,1.58204,0.159212,0.84428,0.66528,12.849,1,0.382337,4.2213,0,128.544,4.35508,128.028,0.84672,12.849,0.84672,3695.15,0,36.966,0.348836,1.41386,1.91725,12.7523,1.10868,14.6259,0.42336,36.966,0.42336,423.524,0,1.02816,0,0,2.44202,1.41386,1.028160,1,0,143.498,0,0,0,143.498,0
72.29,2.15142,0,0,4.824,0.255388,2.41719,3.6288,61.308,0.578691,0,0,1.25518,0.159212,0.517273,0.66528,12.849,1,0.382398,2.41719,0,90.9135,4.35508,88.5932,0.84672,12.849,0.84672,3695.15,0,36.966,0.348925,0.600981,1.98561,9.84476,1.10868,10.9738,0.42336,36.966,0.42336,423.524,0,1.02816,0,0,1.62914,0.600981,1.028160,1,0,100.084,0,0,0,100.084,0
72.29,2.15176,0,0,4.09013,0.238841,1.69953,3.6288,61.308,0.676926,0,0,1.00519,0.164008,0.164252,0.66528,12.849,1,0.382459,1.69953,0,76.1253,4.36011,73.0823,0.84672,12.849,0.84672,3695.15,0,36.966,0.408156,0.528595,1.98587,7.72019,1.11521,8.71128,0.42336,36.966,0.42336,423.524,0,0.870929,0,0,1.39952,0.528595,1.028160,1,0,81.9578,0,0,0,81.9578,0
72.29,2.1521,0,0,3.71259,0.24159,1.3189,3.6288,61.2685,0.744438,0,0,0.880502,0.175604,0,0.66528,12.849,1,0.38252,1.3189,0,68.9256,4.66656,65.1954,0.84672,12.849,0.84672,3695.15,0,36.966,0.448863,0.528595,1.98613,7.11988,1.11836,8.06738,0.42336,36.966,0.42336,423.524,0,0.762947,0,0,1.29154,0.528595,1.028160,1,0,73.2628,0,0,0,73.2628,0
72.29,2.11924,0,0,3.91924,0.177241,1.62276,3.6288,61.308,0.581676,0,0,0.990541,0.211934,0.157392,0.66528,12.849,1,0.376679,1.62276,0,68.1687,4.03751,65.3773,0.84672,12.849,0.84672,3695.15,0,36.966,0.350951,0.528595,1.98638,6.13647,1.1383,7.1622,0.42336,36.966,0.42336,423.524,0,0.999017,0,0,1.52761,0.528595,1.028160,1,0,72.6969,0,0,0,72.6969,0
72.29,2.11958,0,0,3.57894,0.174667,1.28469,3.6288,61.308,0.563781,0,0,1.10375,0.214888,0.325083,0.66528,12.849,1,0.376739,1.28469,0,64.1727,3.89256,61.1881,0.84672,12.849,0.84672,3695.15,0,36.966,0.339935,0.644164,1.96012,6.1398,1.14036,7.26379,0.42336,36.966,0.42336,423.524,0,1.02816,0,0,1.67232,0.644164,1.028160,1,0,68.777,0,0,0,68.777,0
72.29,2.11992,0,0,3.73799,0.174667,1.44341,3.6288,61.308,0.590402,0,0,0.945441,0.214888,0.140151,0.66528,12.849,1,0.376799,1.44341,0,63.6457,3.89256,60.8197,0.84672,12.849,0.84672,3695.15,0,36.966,0.355986,0.402797,1.96038,7.20435,1.14036,8.07118,0.42336,36.966,0.42336,423.524,0,0.98572,0,0,1.38852,0.402797,1.028160,1,0,69.0311,0,0,0,69.0311,0
72.29,2.12026,0,0,3.6529,0.138174,1.39447,3.6288,61.308,0.564071,0,0,0.921966,0.232691,0.125204,0.66528,12.849,1,0.37686,1.39447,0,63.2778,5.29611,58.9993,0.84672,12.849,0.84672,3695.15,0,36.966,0.34011,0.422461,1.96063,6.50871,1.19569,7.356,0.42336,36.966,0.42336,423.524,0,1.02816,0,0,1.45062,0.422461,1.028160,1,0,66.4805,0,0,0,66.4805,0
72.29,2.23337,0,0,3.14753,0.1087,0.805455,3.6288,61.308,0.619199,0,0,0.918086,0.245187,0.0537004,0.66528,12.849,1,0.396965,0.805455,0,46.8779,5.36484,41.9215,0.84672,12.849,0.84672,3695.15,0,36.966,0.373349,0.454723,1.96089,5.8535,1.23608,6.65967,0.42336,36.966,0.42336,423.524,0,1.02816,0,0,1.48288,0.454723,1.028160,1,0,48.6349,0,0,0,48.6349,0
72.29,2.23373,0,0,3.26182,0.130791,0.897299,3.6288,61.308,0.619352,0,0,0.886006,0.241518,0.0251368,0.66528,12.849,1,0.397028,0.897299,0,50.9267,4.86612,46.5608,0.84672,12.849,0.84672,3695.15,0,36.966,0.373442,0.446619,2.05412,5.57917,1.15932,6.54715,0.42336,36.966,0.42336,423.524,0,1.02816,0,0,1.47478,0.446619,1.028160,1,0,53.1331,0,0,0,53.1331,0
72.29,2.23408,0,0,2.85938,0.116396,0.508906,3.6288,61.2629,0.619504,0,0,0.825396,0.250961,0,0.66528,12.849,1,0.397091,0.508906,0,45.5001,4.97322,40.6387,0.84672,12.849,0.84672,3695.15,0,36.966,0.373534,0.346853,2.05439,5.41297,1.18669,6.25399,0.42336,36.966,0.42336,423.524,0,1.02816,0,0,1.37501,0.346853,1.028160,1,0,46.8927,0,0,0,46.8927,0
72.29,2.23444,0,0,2.70524,0.080408,0.390401,3.6288,61.1496,0.632413,0,0,0.793567,0.274491,0,0.66528,12.849,1,0.397154,0.390401,0,41.593,5.24097,36.3453,0.84672,12.849,0.84672,3695.15,0,36.966,0.381598,0.30119,2.05466,5.20737,1.2551,5.92652,0.42336,36.966,0.42336,423.524,0,1.00743,0,0,1.30862,0.30119,1.028160,1,0,42.2719,0,0,0,42.2719,0
72.1315,2.23479,0,0,2.52356,0.0843656,0.36288,3.6288,60.9344,0.685413,0,0,0.74266,0.272427,0,0.66528,12.849,1,0.397217,0.36288,0,41.4236,5.19399,36.1953,0.84672,12.849,0.84672,3695.15,0,36.966,0.414344,0.30119,2.05493,5.26999,1.24309,5.96867,0.42336,36.966,0.42336,423.524,0,0.921931,0,0,1.22312,0.30119,1.028160,1,0,42.164,0,0,0,42.164,0
71.645,2.21209,0,0,2.19641,0.107981,0.36288,3.6288,60.6674,0.690697,0,0,0.684521,0.260867,0,0.66528,12.849,1,0.394047,0.36288,0,39.4663,4.91211,34.523,0.84672,12.849,0.84672,3695.15,0,36.966,0.419013,0.30119,2.05519,4.2579,1.17106,5.02422,0.42336,36.966,0.42336,423.524,0,0.960699,0,0,1.26189,0.30119,1.028160,1,0,39.5472,0,0,0,39.5472,0
71.151,2.21018,0,0,2.18662,0.107582,0.36288,3.6288,60.4177,0.647788,0,0,0.658593,0.260426,0,0.66528,12.849,1,0.396379,0.36288,0,37.2394,4.91211,32.2938,0.84672,12.849,0.84672,3695.15,0,36.966,0.394712,0.263209,2.08799,4.50854,1.17106,5.29397,0.42336,36.966,0.42336,423.524,0,1.02816,0,0,1.29137,0.263209,1.028160,1,0,37.5878,0,0,0,37.5878,0
70.5674,2.2082,0,0,2.08049,0.0929481,0.36288,3.6288,60.1208,0.656646,0,0,0.64292,0.283199,0,0.66528,12.849,1,0.398773,0.36288,0,35.1004,5.23786,29.8267,0.84672,12.849,0.84672,3695.15,0,36.966,0.401762,0.261274,2.08826,4.38273,1.28131,5.04919,0.42336,36.966,0.42336,423.524,0,1.0125,0,0,1.27378,0.261274,1.028160,1,0,34.8759,0,0,0,34.8759,0
69.725,2.20576,0,0,1.80029,0.0740526,0.36288,3.6288,59.7075,0.710093,0,0,0.604925,0.308201,0,0.66528,12.849,1,0.401627,0.36288,0,32.7464,5.9434,26.7642,0.84672,12.849,0.84672,3695.15,0,36.966,0.436609,0.261274,2.08853,4.37723,1.5289,4.76153,0.42336,36.966,0.42336,423.524,0,0.924463,0,0,1.18574,0.261274,1.028160,1,0,31.5258,0,0,0,31.5258,0
68.7447,2.25936,0,0,1.71663,0.0747134,0.36288,3.6288,59.2178,0.74144,0,0,0.545985,0.294178,0,0.66528,12.849,1,0.416357,0.36288,0,32.5255,5.5432,26.9288,0.84672,12.849,0.84672,3695.15,0,36.966,0.45904,0.261274,2.08881,4.12074,1.39903,4.61275,0.42336,36.966,0.42336,423.524,0,0.914164,0,0,1.17544,0.261274,1.028160,1,0,31.5415,0,0,0,31.5415,0
67.672,2.25471,0,0,1.61942,0.0744792,0.36288,3.6288,58.6265,0.819314,0,0,0.517608,0.289577,0,0.66528,12.849,1,0.421426,0.36288,0,31.2867,5.30177,25.9264,0.84672,12.849,0.84672,3695.15,0,36.966,0.511447,0.261274,2.1352,4.00623,1.31691,4.57435,0.42336,36.966,0.42336,423.524,0,0.78414,0,0,1.04541,0.261274,1.028160,1,0,30.5008,0,0,0,30.5008,0
66.4754,2.24946,0,0,1.48954,0.0738562,0.36288,3.6288,58.007,0.825408,0,0,0.494326,0.28848,0,0.66528,12.849,1,0.427108,0.36288,0,24.9933,5.30177,19.6273,0.84672,12.849,0.84672,3695.15,0,36.966,0.520447,0.227405,2.13548,3.74428,1.31691,4.26981,0.42336,36.966,0.42336,423.524,0,0.769306,0,0,0.99671,0.227405,1.028160,1,0,23.8971,0,0,0,23.8971,0
65.1601,2.24337,0,0,1.35981,0.0688631,0.36288,3.6288,57.3433,0.838587,0,0,0.46875,0.293849,0,0.66528,12.849,1,0.43362,0.36288,0,21.8466,5.31599,16.4599,0.84672,12.849,0.84672,3695.15,0,36.966,0.534405,0.227405,2.13576,3.51994,1.42679,3.92191,0.42336,36.966,0.42336,423.524,0,0.742427,0,0,0.969831,0.227405,1.028160,1,0,20.3818,0,0,0,20.3818,0
63.6689,2.40264,0,0,1.34392,0.0695284,0.36288,3.6288,56.5445,0.960382,0,0,0.449941,0.288382,0,0.66528,12.849,1,0.47378,0.36288,0,23.3868,5.21717,18.0588,0.84672,12.849,0.84672,3695.15,0,36.966,0.619104,0.227405,2.13604,3.34534,1.43322,3.65646,0.42336,36.966,0.42336,423.524,0,0.692306,0,0,0.919711,0.227405,1.028160,1,0,21.7152,0,0,0,21.7152,0
62.3379,2.39379,0,0,1.49946,0.0738671,0.36288,3.6288,55.7978,0.932542,0,0,0.459619,0.273735,0,0.66528,12.849,1,0.483089,0.36288,0,28.4499,4.96419,23.3655,0.84672,12.849,0.84672,3695.15,0,36.966,0.60965,0.227405,2.29423,3.1467,1.40353,3.65515,0.42336,36.966,0.42336,423.524,0,0.729881,0,0,0.957286,0.227405,1.028160,1,0,27.0206,0,0,0,27.0206,0
60.9683,2.38561,0,0,1.45203,0.0730689,0.36288,3.6288,55.0389,0.929503,0,0,0.442988,0.272402,0,0.66528,12.849,1,0.491719,0.36288,0,28.1985,4.96419,23.1055,0.84672,12.849,0.84672,3695.15,0,36.966,0.615795,0.204422,2.29453,3.17936,1.40353,3.65899,0.42336,36.966,0.42336,423.524,0,0.727056,0,0,0.931478,0.204422,1.028160,1,0,26.7645,0,0,0,26.7645,0
59.9566,2.37686,0,0,1.80029,0.0722476,0.36288,3.6288,54.3821,0.859913,0,0,0.474216,0.271048,0,0.66528,12.849,1,0.500921,0.36288,0,27.6137,4.96419,22.5115,0.84672,12.849,0.84672,3695.15,0,36.966,0.579195,0.204422,2.29483,4.66342,1.40353,5.17995,0.42336,36.966,0.42336,423.524,0,0.833527,0,0,1.03795,0.204422,1.028160,1,0,27.6914,0,0,0,27.6914,0
58.5121,2.37028,0,0,1.36249,0.0738838,0.36288,3.6288,53.6168,0.918895,0,0,0.423463,0.269915,0,0.66528,12.849,1,0.507962,0.36288,0,26.146,4.97529,21.0257,0.84672,12.849,0.84672,3695.15,0,36.966,0.624614,0.204422,2.29513,3.08513,1.40136,3.55871,0.42336,36.966,0.42336,423.524,0,0.729406,0,0,0.933828,0.204422,1.028160,1,0,24.5844,0,0,0,24.5844,0
57.5367,2.28078,0,0,1.78279,0.114564,0.36288,3.6288,53.0569,0.784929,0,0,0.475267,0.250235,0,0.66528,12.849,1,0.50085,0.36288,0,23.8327,4.45284,19.2419,0.84672,12.849,0.84672,3695.15,0,36.966,0.541168,0.204422,2.29544,3.06603,1.21551,3.8092,0.42336,36.966,0.42336,423.524,0,0.852276,0,0,1.0567,0.204422,1.028160,1,0,23.0511,0,0,0,23.0511,0
56.2859,2.2742,0,0,1.49981,0.113479,0.36288,3.6288,52.8167,0.66528,0,0,0.67419,0.249119,0,0.66528,12.849,1,0.507871,0.36288,0,21.613,4.45284,17.0151,0.84672,12.849,0.84672,3695.15,0,36.966,0.4852,0.804324,2.20429,3.46093,1.21551,4.76883,0.42336,36.966,0.42336,423.524,0,1.02816,0,0,1.83248,0.804324,1.028160,1,0,21.784,0,0,0,21.784,0
54.8289,2.26537,0,0,1.28333,0.112089,0.36288,3.6288,52.1321,0.808346,0,0,0.372372,0.248641,0,0.66528,12.849,1,0.517141,0.36288,0,21.5917,4.45284,16.9846,0.84672,12.849,0.84672,3695.15,0,36.966,0.565755,0.216518,2.20458,2.57576,1.21551,3.21559,0.42336,36.966,0.42336,423.524,0,0.804807,0,0,1.02133,0.216518,1.028160,1,0,20.2002,0,0,0,20.2002,0
53.423,2.25459,0,0,1.33891,0.127381,0.36288,3.6288,51.4351,0.822445,0,0,0.358481,0.233027,0,0.66528,12.849,1,0.528358,0.36288,0,20.7538,4.24521,16.3431,0.84672,12.849,0.84672,3695.15,0,36.966,0.583182,0.216518,2.20487,2.59204,1.15061,3.27963,0.42336,36.966,0.42336,423.524,0,0.773548,0,0,0.990066,0.216518,1.028160,1,0,19.6227,0,0,0,19.6227,0
53.1438,2.17948,0,0,2.45928,0.196102,0.36288,3.6288,51.4237,0.619611,0,0,0.776089,0.16786,0,0.66528,12.849,1,0.524197,0.36288,0,33.8511,3.35091,30.3389,0.84672,12.849,0.84672,3695.15,0,36.966,0.445309,0.599201,2.20516,3.09794,0.866577,4.59041,0.42336,36.966,0.42336,423.524,0,1.02816,0,0,1.62736,0.599201,1.028160,1,0,34.9293,0,0,0,34.9293,0
53.46,2.17761,0,0,3.04034,0.18368,0.36288,3.6288,51.7393,0.619702,0,0,1.11488,0.179602,0,0.66528,12.849,1,0.526498,0.36288,0,78.7797,3.53021,75.0859,0.84672,12.849,0.84672,3695.15,0,36.966,0.445474,1.55577,2.12378,5.10214,0.87238,7.46384,0.42336,36.966,0.42336,423.524,0,1.02816,0,0,2.58393,1.55577,1.028160,1,0,82.5497,0,0,0,82.5497,0
54.4878,2.18046,0,0,3.75545,0.184274,0.36288,3.6288,52.496,0.621436,0,0,1.55822,0.180061,0,0.66528,12.849,1,0.52407,0.36288,0,113.634,3.53021,109.943,0.84672,12.849,0.84672,3695.15,0,36.966,0.443995,3.10426,2.12406,8.89162,0.87238,12.8036,0.42336,36.966,0.42336,423.524,0,1.02816,0,0,4.13242,3.10426,1.028160,1,0,122.746,0,0,0,122.746,0
56.2836,2.18881,0,0,4.5337,0.186206,0.36288,3.6288,53.2546,0.625341,0,0,1.5651,0.181162,0,0.66528,12.849,1,0.516153,0.36288,0,58.8288,3.53021,55.1453,0.84672,12.849,0.84672,3695.15,0,36.966,0.440345,2.84582,2.12434,9.97116,0.87238,13.6286,0.42336,36.966,0.42336,423.524,0,1.02816,0,0,3.87398,2.84582,1.028160,1,0,68.7739,0,0,0,68.7739,0
58.4619,2.01815,0,0,4.78047,0.221094,0.36288,3.6288,54.3465,0.522963,0,0,1.80496,0.190115,0,0.66528,12.849,1,0.460723,0.36288,0,83.2359,3.87198,79.2661,0.84672,12.849,0.84672,3695.15,0,36.966,0.363008,1.90552,2.12462,7.97645,0.965069,10.6785,0.42336,36.966,0.42336,423.524,0,1.02816,0,0,2.93368,1.90552,1.028160,1,0,89.9446,0,0,0,89.9446,0
59.7921,2.03255,0,0,3.98142,0.255871,0.36288,3.6288,56.6686,0.52744,0,0,3.07314,0.223541,0,0.66528,12.849,1,0.446721,0.36288,0,112.992,4.7418,108.167,0.84672,12.849,0.84672,3695.15,0,36.966,0.35876,2.07094,1.9434,12.0774,1.21432,14.5187,0.42336,36.966,0.42336,423.524,0,1.02816,0,0,3.0991,2.07094,1.028160,1,0,122.685,0,0,0,122.685,0
62.6215,2.04105,0,0,5.4925,0.259174,0.36288,3.6288,59.4953,0.536477,0,0,3.59009,0.226974,0,0.66528,12.849,1,0.438611,0.36288,0,100.959,4.7418,96.1417,0.84672,12.849,0.84672,3695.15,0,36.966,0.349954,3.27415,1.94365,13.4705,1.21432,17.124,0.42336,36.966,0.42336,423.524,0,1.02816,0,0,4.30231,3.27415,1.028160,1,0,113.266,0,0,0,113.266,0
67.679,2.05782,0,0,7.74377,0.265485,0.36288,3.6288,61.308,0.546873,0,0,3.5997,0.231152,1.00897,0.66528,12.849,1,0.422235,0.36288,0,121.408,4.7418,116.607,0.84672,12.849,0.84672,3695.15,0,36.966,0.339787,3.21975,1.9439,14.2612,1.21432,17.8707,0.42336,36.966,0.42336,423.524,0,1.02816,0,0,4.24791,3.21975,1.028160,1,0,135.487,0,0,0,135.487,0
72.29,2.08468,0,0,8.1699,0.288416,1.18585,3.6288,61.308,0.553284,0,0,4.71969,0.223533,3.94287,0.66528,12.849,1,0.39578,1.18585,0,121.363,4.03043,118.122,0.84672,12.849,0.84672,3695.15,0,36.966,0.333606,2.74486,1.94415,16.6108,1.16151,19.8047,0.42336,36.966,0.42336,423.524,0,1.02816,0,0,3.77302,2.74486,1.028160,1,0,141.87,0,0,0,141.87,0
72.29,2.18047,0,0,7.48761,0.310012,4.99713,3.6288,61.308,0.585959,0,0,3.0938,0.240939,2.2669,0.66528,12.849,1,0.387563,4.99713,0,154.925,4.69626,154.838,0.84672,12.849,0.84672,3695.15,0,36.966,0.353307,3.10398,1.94441,12.5804,1.34082,15.9346,0.42336,36.966,0.42336,423.524,0,1.02816,0,0,4.13214,3.10398,1.028160,1,0,173.04,0,0,0,173.04,0
72.29,2.18081,0,0,8.67553,0.308129,6.18659,3.6288,61.308,0.5861,0,0,5.26374,0.245277,4.43236,0.66528,12.849,1,0.387622,6.18659,0,148.216,4.86108,149.154,0.84672,12.849,0.84672,3695.15,0,36.966,0.353392,6.61349,2.00128,18.7076,1.36946,25.5995,0.42336,36.966,0.42336,423.524,0,1.02816,0,0,7.64165,6.61349,1.028160,1,0,179.186,0,0,0,179.186,0
72.29,2.18114,0,0,9.92131,0.310979,7.4292,3.6288,61.308,0.586241,0,0,4.94264,0.241768,4.11463,0.66528,12.849,1,0.387681,7.4292,0,353.64,4.66926,356.013,0.84672,12.849,0.84672,3695.15,0,36.966,0.353477,5.66705,2.00153,18.731,1.31782,24.7283,0.42336,36.966,0.42336,423.524,0,1.02816,0,0,6.69521,5.66705,1.028160,1,0,384.856,0,0,0,384.856,0
72.29,2.18147,0,0,11.7534,0.286733,9.28522,3.6288,61.308,0.586382,0,0,4.13085,0.196283,3.34819,0.66528,12.849,1,0.387739,9.28522,0,303.966,3.49557,309.367,0.84672,12.849,0.84672,3695.15,0,36.966,0.353563,5.39811,2.00178,18.142,1.1043,24.084,0.42336,36.966,0.42336,423.524,0,1.02816,0,0,6.42627,5.39811,1.028160,1,0,336.8,0,0,0,336.8,0
72.29,2.41965,0,0,6.39971,0.28036,3.6997,3.6288,61.308,0.66528,0,0,3.08772,0.20069,2.22175,0.66528,12.849,1,0.430075,3.6997,0,234.353,3.4281,234.195,0.84672,12.849,0.84672,3695.15,0,36.966,0.470769,3.67245,2.00203,11.8429,1.04533,16.0013,0.42336,36.966,0.42336,423.524,0,1.02816,0,0,4.70061,3.67245,1.028160,1,0,252.418,0,0,0,252.418,0
72.29,2.42001,0,0,4.58307,0.275555,1.8875,3.6288,61.308,0.66528,0,0,2.70674,0.209831,1.83163,0.66528,12.849,1,0.430139,1.8875,0,168.293,3.58932,166.161,0.84672,12.849,0.84672,3695.15,0,36.966,0.471022,2.42863,2.20611,7.2462,0.970165,10.4397,0.42336,36.966,0.42336,423.524,0,1.02816,0,0,3.45679,2.42863,1.028160,1,0,178.432,0,0,0,178.432,0
72.29,2.42038,0,0,5.40302,0.275555,2.70708,3.6288,61.308,0.66528,0,0,3.0814,0.209831,2.20629,0.66528,12.849,1,0.430204,2.70708,0,199.913,3.58932,198.601,0.84672,12.849,0.84672,3695.15,0,36.966,0.471275,3.30076,2.20638,9.464,0.970165,13.5297,0.42336,36.966,0.42336,423.524,0,1.02816,0,0,4.32892,3.30076,1.028160,1,0,214.337,0,0,0,214.337,0
72.29,2.42074,0,0,7.52322,0.262568,4.83991,3.6288,61.308,0.66528,0,0,5.2414,0.237495,4.33863,0.66528,12.849,1,0.430268,4.83991,0,230.959,4.24452,231.124,0.84672,12.849,0.84672,3695.15,0,36.966,0.471528,5.72972,2.20666,16.9749,1.17514,23.2646,0.42336,36.966,0.42336,423.524,0,1.02816,0,0,6.75788,5.72972,1.028160,1,0,258.728,0,0,0,258.728,0
72.29,2.08167,0,0,5.07914,0.290805,2.70667,3.6288,61.308,0.545272,0,0,2.82798,0.203022,2.07969,0.66528,12.849,1,0.370001,2.70667,0,176.049,3.98852,174.397,0.84672,12.849,0.84672,3695.15,0,36.966,0.328775,3.10919,2.20693,9.9325,0.970685,13.9492,0.42336,36.966,0.42336,423.524,0,1.02816,0,0,4.13735,3.10919,1.028160,1,0,190.426,0,0,0,190.426,0
72.29,2.08199,0,0,5.20692,0.327172,2.79776,3.6288,61.308,0.545408,0,0,1.49119,0.19454,0.751238,0.66528,12.849,1,0.370057,2.79776,0,108.607,4.04922,106.985,0.84672,12.849,0.84672,3695.15,0,36.966,0.328857,1.76533,1.92909,8.21595,0.918379,10.6631,0.42336,36.966,0.42336,423.524,0,1.02816,0,0,2.79349,1.76533,1.028160,1,0,118.399,0,0,0,118.399,0
72.29,2.0823,0,0,3.84503,0.327172,1.43556,3.6288,61.308,0.545544,0,0,1.39962,0.19454,0.659536,0.66528,12.849,1,0.370114,1.43556,0,116.122,4.04922,113.139,0.84672,12.849,0.84672,3695.15,0,36.966,0.328939,1.66203,1.92933,6.16458,0.918379,8.50862,0.42336,36.966,0.42336,423.524,0,1.02816,0,0,2.69019,1.66203,1.028160,1,0,122.307,0,0,0,122.307,0
72.29,2.08262,0,0,6.8159,0.315844,4.41743,3.6288,61.308,0.545679,0,0,1.90596,0.188524,1.17176,0.66528,12.849,1,0.37017,4.41743,0,128.221,3.96202,128.306,0.84672,12.849,0.84672,3695.15,0,36.966,0.32902,2.87895,1.92956,12.3299,0.905853,15.9035,0.42336,36.966,0.42336,423.524,0,1.02816,0,0,3.90711,2.87895,1.028160,1,0,145.382,0,0,0,145.382,0
72.29,2.08294,0,0,5.77631,0.347297,3.34607,3.6288,61.308,0.545815,0,0,2.52242,0.226117,1.75049,0.66528,12.849,1,0.370227,3.34607,0,155.172,4.27503,153.873,0.84672,12.849,0.84672,3695.15,0,36.966,0.329102,3.83081,1.9298,9.45976,0.986619,13.9047,0.42336,36.966,0.42336,423.524,0,1.02816,0,0,4.85897,3.83081,1.028160,1,0,169.528,0,0,0,169.528,0
72.29,2.16876,0,0,4.76454,0.308683,2.2871,3.6288,61.308,0.586118,0,0,1.68019,0.206602,0.887467,0.66528,12.849,1,0.38548,2.2871,0,105.85,4.2925,103.459,0.84672,12.849,0.84672,3695.15,0,36.966,0.353403,1.70084,1.93004,8.13257,0.920797,10.4893,0.42336,36.966,0.42336,423.524,0,1.02816,0,0,2.729,1.70084,1.028160,1,0,114.836,0,0,0,114.836,0
72.29,2.16909,0,0,5.74131,0.308683,3.26354,3.6288,61.308,0.586259,0,0,2.02154,0.206602,1.22867,0.66528,12.849,1,0.385539,3.26354,0,129.161,4.2925,127.747,0.84672,12.849,0.84672,3695.15,0,36.966,0.353488,2.64396,1.99889,9.19166,0.920797,12.5602,0.42336,36.966,0.42336,423.524,0,1.02816,0,0,3.67212,2.64396,1.028160,1,0,141.535,0,0,0,141.535,0
72.29,2.16942,0,0,4.03005,0.308683,1.55195,3.6288,61.308,0.5864,0,0,1.51216,0.206602,0.719154,0.66528,12.849,1,0.385597,1.55195,0,87.906,4.2925,84.7798,0.84672,12.849,0.84672,3695.15,0,36.966,0.353573,1.33476,1.99914,6.95295,0.920797,9.01248,0.42336,36.966,0.42336,423.524,0,1.02816,0,0,2.36292,1.33476,1.028160,1,0,94.5114,0,0,0,94.5114,0
72.29,2.16974,0,0,3.50057,0.276048,1.05478,3.6288,61.308,0.586541,0,0,1.24633,0.218126,0.441661,0.66528,12.849,1,0.385656,1.05478,0,75.5723,4.35363,71.8878,0.84672,12.849,0.84672,3695.15,0,36.966,0.353658,1.08968,1.99939,5.70532,0.934386,7.50634,0.42336,36.966,0.42336,423.524,0,1.02816,0,0,2.11784,1.08968,1.028160,1,0,79.8358,0,0,0,79.8358,0
72.29,2.13663,0,0,3.55137,0.245069,1.16967,3.6288,61.308,0.571073,0,0,1.64957,0.219664,0.858837,0.66528,12.849,1,0.379769,1.16967,0,81.5374,3.99686,78.3305,0.84672,12.849,0.84672,3695.15,0,36.966,0.344332,1.30655,1.99964,5.66177,0.963415,7.66021,0.42336,36.966,0.42336,423.524,0,1.02816,0,0,2.33471,1.30655,1.028160,1,0,86.8495,0,0,0,86.8495,0
72.29,2.13695,0,0,3.31074,0.21834,0.955444,3.6288,61.308,0.571212,0,0,1.9738,0.219478,1.18311,0.66528,12.849,1,0.379827,0.955444,0,80.2993,3.73559,77.1393,0.84672,12.849,0.84672,3695.15,0,36.966,0.344416,1.56368,1.97317,5.81211,0.978995,8.02556,0.42336,36.966,0.42336,423.524,0,1.02816,0,0,2.59184,1.56368,1.028160,1,0,86.348,0,0,0,86.348,0
72.29,2.13728,0,0,3.45785,0.21834,1.10223,3.6288,61.308,0.571351,0,0,1.69072,0.219478,0.899889,0.66528,12.849,1,0.379885,1.10223,0,79.6409,3.73559,76.6277,0.84672,12.849,0.84672,3695.15,0,36.966,0.344499,1.12383,1.97341,6.81979,0.978995,8.59354,0.42336,36.966,0.42336,423.524,0,1.02816,0,0,2.15199,1.12383,1.028160,1,0,86.1211,0,0,0,86.1211,0
72.29,2.1376,0,0,3.37914,0.181847,1.05969,3.6288,61.308,0.571491,0,0,1.64873,0.237281,0.839957,0.66528,12.849,1,0.379943,1.05969,0,79.1813,5.13914,74.7219,0.84672,12.849,0.84672,3695.15,0,36.966,0.344583,1.22007,1.97366,6.16136,1.03433,7.97617,0.42336,36.966,0.42336,423.524,0,1.02816,0,0,2.24823,1.22007,1.028160,1,0,83.538,0,0,0,83.538,0
72.29,2.25152,0,0,2.79026,0.150559,0.388179,3.6288,61.308,0.627014,0,0,1.56547,0.250399,0.688061,0.66528,12.849,1,0.400191,0.388179,0,58.7827,5.46894,53.3017,0.84672,12.849,0.84672,3695.15,0,36.966,0.378061,1.04321,1.9739,5.03658,1.08528,6.59035,0.42336,36.966,0.42336,423.524,0,1.02816,0,0,2.07137,1.04321,1.028160,1,0,60.5801,0,0,0,60.5801,0
72.0949,2.25186,0,0,2.57003,0.15034,0.36288,3.6288,61.308,0.62716,0,0,1.46094,0.256475,0.577302,0.66528,12.849,1,0.400252,0.36288,0,55.1271,5.38045,49.7093,0.84672,12.849,0.84672,3695.15,0,36.966,0.37815,0.767327,2.06781,3.8985,1.05015,5.30534,0.42336,36.966,0.42336,423.524,0,1.02816,0,0,1.79549,0.767327,1.028160,1,0,55.5919,0,0,0,55.5919,0
71.8062,2.25129,0,0,2.45278,0.127316,0.36288,3.6288,61.308,0.627307,0,0,1.36397,0.263493,0.473171,0.66528,12.849,1,0.401232,0.36288,0,49.2228,5.49979,43.6846,0.84672,12.849,0.84672,3695.15,0,36.966,0.378238,0.620922,2.06807,3.78437,1.10085,4.99427,0.42336,36.966,0.42336,423.524,0,1.02816,0,0,1.64908,0.620922,1.028160,1,0,49.1521,0,0,0,49.1521,0
71.4524,2.25026,0,0,2.38632,0.127037,0.36288,3.6288,61.308,0.627454,0,0,1.38352,0.263493,0.492576,0.66528,12.849,1,0.402661,0.36288,0,46.7727,5.49979,41.2332,0.84672,12.849,0.84672,3695.15,0,36.966,0.378327,0.754609,2.06832,3.60382,1.10085,4.94757,0.42336,36.966,0.42336,423.524,0,1.02816,0,0,1.78277,0.754609,1.028160,1,0,46.6733,0,0,0,46.6733,0
70.8611,2.24891,0,0,2.16677,0.146238,0.36288,3.6288,61.308,0.627601,0,0,1.30234,0.258226,0.416515,0.66528,12.849,1,0.404412,0.36288,0,44.0798,5.16133,38.8769,0.84672,12.849,0.84672,3695.15,0,36.966,0.378415,0.700039,2.06858,3.29719,1.11391,4.57348,0.42336,36.966,0.42336,423.524,0,1.02816,0,0,1.7282,0.700039,1.028160,1,0,43.8669,0,0,0,43.8669,0
69.9886,2.22398,0,0,1.80131,0.0869906,0.36288,3.6288,61.308,0.658208,0,0,1.13225,0.287686,0.186361,0.66528,12.849,1,0.403266,0.36288,0,30.7966,5.55429,25.2019,0.84672,12.849,0.84672,3695.15,0,36.966,0.39687,0.416647,2.06884,3.60259,1.30161,4.38959,0.42336,36.966,0.42336,423.524,0,1.02816,0,0,1.44481,0.416647,1.028160,1,0,29.7779,0,0,0,29.7779,0
69.0234,2.22007,0,0,1.70415,0.0864084,0.36288,3.6288,61.308,0.658359,0,0,1.07452,0.287686,0.128477,0.66528,12.849,1,0.407576,0.36288,0,30.8961,5.55429,25.2971,0.84672,12.849,0.84672,3695.15,0,36.966,0.396961,0.306685,2.10186,3.83453,1.30161,4.54449,0.42336,36.966,0.42336,423.524,0,1.02816,0,0,1.33485,0.306685,1.028160,1,0,29.9701,0,0,0,29.9701,0
67.9112,2.2156,0,0,1.55206,0.0857643,0.36288,3.6288,61.308,0.65851,0,0,1.05818,0.287686,0.111979,0.66528,12.849,1,0.412443,0.36288,0,30.1776,5.55429,24.5738,0.84672,12.849,0.84672,3695.15,0,36.966,0.397052,0.326981,2.10212,3.69881,1.30161,4.42924,0.42336,36.966,0.42336,423.524,0,1.02816,0,0,1.35514,0.326981,1.028160,1,0,29.115,0,0,0,29.115,0
66.6519,2.21025,0,0,1.39881,0.0850222,0.36288,3.6288,61.2804,0.725319,0,0,0.985401,0.287686,0,0.66528,12.849,1,0.418186,0.36288,0,27.9702,5.55429,22.3606,0.84672,12.849,0.84672,3695.15,0,36.966,0.437335,0.261274,2.10238,3.52172,1.30161,4.14642,0.42336,36.966,0.42336,423.524,0,0.921309,0,0,1.18258,0.261274,1.028160,1,0,26.507,0,0,0,26.507,0
65.3096,2.26132,0,0,1.3497,0.0677489,0.36288,3.6288,60.8721,0.939028,0,0,0.838737,0.307964,0,0.66528,12.849,1,0.435932,0.36288,0,25.7863,5.73918,19.9741,0.84672,12.849,0.84672,3695.15,0,36.966,0.566447,0.261274,2.10264,2.86606,1.43072,3.23281,0.42336,36.966,0.42336,423.524,0,0.62227,0,0,0.883544,0.261274,1.028160,1,0,23.2069,0,0,0,23.2069,0
63.9556,2.25417,0,0,1.32577,0.0627234,0.36288,3.6288,60.311,1.02665,0,0,0.768718,0.303232,0,0.66528,12.849,1,0.443485,0.36288,0,23.6124,5.63084,17.901,0.84672,12.849,0.84672,3695.15,0,36.966,0.623456,0.261274,2.14936,2.537,1.43738,2.88679,0.42336,36.966,0.42336,423.524,0,0.477887,0,0,0.739161,0.261274,1.028160,1,0,20.7878,0,0,0,20.7878,0
62.4575,2.24669,0,0,1.17348,0.062043,0.36288,3.6288,59.7047,1.02563,0,0,0.721518,0.302154,0,0.66528,12.849,1,0.451371,0.36288,0,22.2898,5.63084,16.5705,0.84672,12.849,0.84672,3695.15,0,36.966,0.628631,0.227405,2.14963,2.53843,1.43738,2.84945,0.42336,36.966,0.42336,423.524,0,0.473982,0,0,0.701387,0.227405,1.028160,1,0,19.4199,0,0,0,19.4199,0
60.8682,2.23805,0,0,1.07291,0.0612901,0.36288,3.6288,59.0448,1.05589,0,0,0.69698,0.300988,0,0.66528,12.849,1,0.46042,0.36288,0,20.9326,5.63084,15.2043,0.84672,12.849,0.84672,3695.15,0,36.966,0.65375,0.227405,2.1499,2.41857,1.43738,2.70474,0.42336,36.966,0.42336,423.524,0,0.41885,0,0,0.646255,0.227405,1.028160,1,0,17.909,0,0,0,17.909,0
59.0185,2.39396,0,0,0.95326,0.0461118,0.36288,3.6288,58.2528,1.15358,0,0,0.670644,0.309029,0,0.66528,12.849,1,0.505355,0.36288,0,19.4695,5.88265,13.4444,0.84672,12.849,0.84672,3695.15,0,36.966,0.72222,0.227405,2.15016,2.48074,1.47065,2.66544,0.42336,36.966,0.42336,423.524,0,0.410175,0,0,0.63758,0.227405,1.028160,1,0,16.1099,0,0,0,16.1099,0
57.2012,2.38131,0,0,0.98515,0.0582662,0.36288,3.6288,57.2768,1.16006,0,0,0.498536,0.314528,0,0.66528,12.849,1,0.51844,0.36288,0,17.0913,5.70087,11.2349,0.84672,12.849,0.84672,3695.15,0,36.966,0.736149,0.227405,2.30948,2.45463,1.45993,2.79543,0.42336,36.966,0.42336,423.524,0,0.390038,0,0,0.617443,0.227405,1.028160,1,0,14.0303,0,0,0,14.0303,0
55.4619,2.36822,0,0,1.04906,0.057244,0.36288,3.6288,56.5261,1.05139,0,0,0.613219,0.312549,0,0.66528,12.849,1,0.531969,0.36288,0,21.7492,5.70087,15.8793,0.84672,12.849,0.84672,3695.15,0,36.966,0.678557,0.204422,2.30977,2.74173,1.45993,3.11743,0.42336,36.966,0.42336,423.524,0,0.556571,0,0,0.760993,0.204422,1.028160,1,0,18.9967,0,0,0,18.9967,0
53.5507,2.35503,0,0,0.863041,0.0562656,0.36288,3.6288,55.4699,1.19175,0,0,0.4466,0.311026,0,0.66528,12.849,1,0.545596,0.36288,0,19.9257,5.70087,14.0422,0.84672,12.849,0.84672,3695.15,0,36.966,0.779361,0.204422,2.31006,2.24559,1.45993,2.52077,0.42336,36.966,0.42336,423.524,0,0.315675,0,0,0.520098,0.204422,1.028160,1,0,16.5629,0,0,0,16.5629,0
51.8685,2.33968,0,0,1.07552,0.0551906,0.36288,3.6288,55.0646,0.870057,0,0,0.773648,0.308885,0,0.66528,12.849,1,0.561384,0.36288,0,19.4229,5.70087,13.5235,0.84672,12.849,0.84672,3695.15,0,36.966,0.593615,0.204422,2.31035,3.50239,1.45993,3.96361,0.42336,36.966,0.42336,423.524,0,0.823383,0,0,1.02781,0.204422,1.028160,1,0,17.4871,0,0,0,17.4871,0
50.5884,2.24709,0,0,1.41958,0.0897603,0.36288,3.6288,54.7195,0.66528,0,0,0.575585,0.255417,0,0.66528,12.849,1,0.556654,0.36288,0,19.5,5.09716,14.209,0.84672,12.849,0.84672,3695.15,0,36.966,0.498381,0.205148,2.31064,2.62676,1.20363,3.44054,0.42336,36.966,0.42336,423.524,0,1.02816,0,0,1.23331,0.205148,1.028160,1,0,17.6496,0,0,0,17.6496,0
49.3318,2.23619,0,0,1.46903,0.126546,0.36288,3.6288,54.3619,0.751734,0,0,0.626441,0.232268,0,0.66528,12.849,1,0.567973,0.36288,0,18.9022,4.02341,14.6737,0.84672,12.849,0.84672,3695.15,0,36.966,0.507837,0.216518,2.21882,3.06417,0.901533,4.09014,0.42336,36.966,0.42336,423.524,0,0.932507,0,0,1.14902,0.216518,1.028160,1,0,18.7639,0,0,0,18.7639,0
48.2062,2.22505,0,0,1.59961,0.137302,0.36288,3.6288,54.5333,0.66528,0,0,1.06532,0.228644,0,0.66528,12.849,1,0.579538,0.36288,0,20.2461,3.93435,16.0951,0.84672,12.849,0.84672,3695.15,0,36.966,0.498894,0.827608,2.2191,4.28922,0.890611,5.94642,0.42336,36.966,0.42336,423.524,0,1.02816,0,0,1.85577,0.827608,1.028160,1,0,22.0415,0,0,0,22.0415,0
47.0424,2.2147,0,0,1.54944,0.13564,0.36288,3.6288,54.7058,0.66528,0,0,1.06668,0.228903,0,0.66528,12.849,1,0.590311,0.36288,0,19.42,3.93435,15.2583,0.84672,12.849,0.84672,3695.15,0,36.966,0.499151,0.832792,2.21938,3.92721,0.890611,5.58962,0.42336,36.966,0.42336,423.524,0,1.02816,0,0,1.86095,0.832792,1.028160,1,0,20.8479,0,0,0,20.8479,0
46.1434,2.1405,0,0,1.76207,0.157666,0.36288,3.6288,54.5971,0.64313,0,0,0.749036,0.214615,0,0.66528,12.849,1,0.584648,0.36288,0,20.6992,4.15085,16.3266,0.84672,12.849,0.84672,3695.15,0,36.966,0.434578,0.356737,2.21965,3.17036,0.950998,4.36118,0.42336,36.966,0.42336,423.524,0,1.02816,0,0,1.3849,0.356737,1.028160,1,0,20.6878,0,0,0,20.6878,0
45.2136,2.13191,0,0,1.75245,0.187449,0.36288,3.6288,54.2613,0.642761,0,0,0.502043,0.195078,0,0.66528,12.849,1,0.593647,0.36288,0,19.0239,4.43951,14.3536,0.84672,12.849,0.84672,3695.15,0,36.966,0.435193,0.25177,2.13769,2.87824,1.03152,3.80099,0.42336,36.966,0.42336,423.524,0,1.02816,0,0,1.27993,0.25177,1.028160,1,0,18.1546,0,0,0,18.1546,0
45.8169,2.12272,0,0,3.27443,0.185507,0.36288,3.6288,54.7951,0.641304,0,0,1.36976,0.194645,0,0.66528,12.849,1,0.603245,0.36288,0,37.9009,4.43951,33.221,0.84672,12.849,0.84672,3695.15,0,36.966,0.436894,2.89248,2.13795,6.34984,1.03152,9.91186,0.42336,36.966,0.42336,423.524,0,1.02816,0,0,3.92064,2.89248,1.028160,1,0,43.1329,0,0,0,43.1329,0
49.1396,2.12925,0,0,6.01049,0.195677,0.36288,3.6288,56.4436,0.643992,0,0,2.48027,0.187824,0,0.66528,12.849,1,0.597131,0.36288,0,72.8707,4.33068,68.3058,0.84672,12.849,0.84672,3695.15,0,36.966,0.434451,2.83323,2.13822,8.31023,1.00069,11.8465,0.42336,36.966,0.42336,423.524,0,1.02816,0,0,3.86139,2.83323,1.028160,1,0,80.1523,0,0,0,80.1523,0
50.3237,1.98074,0,0,3.75059,0.222867,0.36288,3.6288,57.0538,0.542285,0,0,1.33165,0.179182,0,0.66528,12.849,1,0.517922,0.36288,0,45.8607,3.92873,41.7769,0.84672,12.849,0.84672,3695.15,0,36.966,0.355153,1.26378,2.13849,6.20388,0.805293,8.4457,0.42336,36.966,0.42336,423.524,0,1.02816,0,0,2.29194,1.26378,1.028160,1,0,50.2226,0,0,0,50.2226,0
55.9424,1.99075,0,0,8.16183,0.189517,0.36288,3.6288,56.9913,0.544724,0,0,0.724836,0.242579,0,0.66528,12.849,1,0.508291,0.36288,0,76.0062,3.9942,71.8666,0.84672,12.849,0.84672,3695.15,0,36.966,0.352935,1.30188,1.95597,8.19398,0.967475,10.1314,0.42336,36.966,0.42336,423.524,0,1.02816,0,0,2.33004,1.30188,1.028160,1,0,81.998,0,0,0,81.998,0
60.4749,2.03257,0,0,7.12869,0.200738,0.36288,3.6288,59.8046,0.544623,0,0,3.60043,0.242481,0,0.66528,12.849,1,0.466847,0.36288,0,95.7373,3.9942,91.6391,0.84672,12.849,0.84672,3695.15,0,36.966,0.353256,5.37656,1.95621,11.213,0.967475,17.225,0.42336,36.966,0.42336,423.524,0,1.02816,0,0,6.40472,5.37656,1.028160,1,0,108.864,0,0,0,108.864,0
64.684,2.06174,0,0,6.85897,0.225253,0.36288,3.6288,60.9542,0.555029,0,0,1.94999,0.245381,0,0.66528,12.849,1,0.438055,0.36288,0,87.7603,4.245,83.4401,0.84672,12.849,0.84672,3695.15,0,36.966,0.34307,2.75842,1.95645,7.51067,1.07291,10.8095,0.42336,36.966,0.42336,423.524,0,1.02816,0,0,3.78658,2.75842,1.028160,1,0,94.2497,0,0,0,94.2497,0
66.4261,2.08584,0,0,4.46413,0.273273,0.36288,3.6288,61.2284,0.559194,0,0,1.07669,0.243318,0,0.66528,12.849,1,0.414337,0.36288,0,40.3052,4.872,35.3817,0.84672,12.849,0.84672,3695.15,0,36.966,0.339126,1.93897,1.95669,5.03665,1.3365,7.25669,0.42336,36.966,0.42336,423.524,0,1.02816,0,0,2.96713,1.93897,1.028160,1,0,42.6384,0,0,0,42.6384,0
68.8844,2.16884,0,0,5.26618,0.276255,0.36288,3.6288,61.308,0.593024,0,0,2.05702,0.246949,1.13743,0.66528,12.849,1,0.419525,0.36288,0,117.407,4.72657,112.624,0.84672,12.849,0.84672,3695.15,0,36.966,0.358032,1.86703,1.95693,10.8603,1.28299,13.0432,0.42336,36.966,0.42336,423.524,0,1.02816,0,0,2.89519,1.86703,1.028160,1,0,126.805,0,0,0,126.805,0
72.29,2.18177,0,0,6.76515,0.293824,0.883917,3.6288,61.308,0.593449,0,0,1.86756,0.188404,1.08571,0.66528,12.849,1,0.406966,0.883917,0,154.208,3.43072,151.255,0.84672,12.849,0.84672,3695.15,0,36.966,0.357823,2.06388,2.0142,11.8757,0.924733,14.6712,0.42336,36.966,0.42336,423.524,0,1.02816,0,0,3.09204,2.06388,1.028160,1,0,167.012,0,0,0,167.012,0
72.29,2.19837,0,0,6.38562,0.29392,3.89333,3.6288,61.308,0.593584,0,0,1.76723,0.173695,0.999955,0.66528,12.849,1,0.390743,3.89333,0,138.056,3.09613,138.462,0.84672,12.849,0.84672,3695.15,0,36.966,0.357905,2.0072,2.01444,10.8248,0.827005,13.6615,0.42336,36.966,0.42336,423.524,0,1.02816,0,0,3.03536,2.0072,1.028160,1,0,153.124,0,0,0,153.124,0
72.29,2.19868,0,0,5.25246,0.29392,2.75986,3.6288,61.308,0.593719,0,0,1.64376,0.173695,0.876346,0.66528,12.849,1,0.390799,2.75986,0,104.623,3.09613,103.896,0.84672,12.849,0.84672,3695.15,0,36.966,0.357986,1.85322,2.01468,9.07045,0.827005,11.7533,0.42336,36.966,0.42336,423.524,0,1.02816,0,0,2.88138,1.85322,1.028160,1,0,116.525,0,0,0,116.525,0
72.29,2.43853,0,0,7.98629,0.305143,5.24262,3.6288,61.308,0.66528,0,0,2.19568,0.168735,1.36167,0.66528,12.849,1,0.43343,5.24262,0,136.779,3.4792,138.109,0.84672,12.849,0.84672,3695.15,0,36.966,0.483901,2.22642,2.01491,12.5785,0.884078,15.4518,0.42336,36.966,0.42336,423.524,0,1.02816,0,0,3.25458,2.22642,1.028160,1,0,154.922,0,0,0,154.922,0
72.29,2.43888,0,0,4.19314,0.3332,1.42106,3.6288,61.308,0.66528,0,0,1.86372,0.156336,1.0421,0.66528,12.849,1,0.433492,1.42106,0,95.1713,4.43688,91.722,0.84672,12.849,0.84672,3695.15,0,36.966,0.484143,1.13539,2.22042,8.99891,1.02676,10.8438,0.42336,36.966,0.42336,423.524,0,1.02816,0,0,2.16355,1.13539,1.028160,1,0,103.608,0,0,0,103.608,0
72.29,2.43922,0,0,4.69282,0.3332,1.92039,3.6288,61.308,0.66528,0,0,2.02952,0.156336,1.2079,0.66528,12.849,1,0.433554,1.92039,0,108.021,4.43688,105.071,0.84672,12.849,0.84672,3695.15,0,36.966,0.484385,1.46042,2.22068,9.9595,1.02676,12.1295,0.42336,36.966,0.42336,423.524,0,1.02816,0,0,2.48858,1.46042,1.028160,1,0,118.408,0,0,0,118.408,0
72.29,2.43957,0,0,4.78176,0.3332,2.00899,3.6288,61.308,0.66528,0,0,1.89543,0.156336,1.07381,0.66528,12.849,1,0.433615,2.00899,0,110.251,4.43688,107.389,0.84672,12.849,0.84672,3695.15,0,36.966,0.484627,1.1368,2.22095,9.79785,1.02676,11.6442,0.42336,36.966,0.42336,423.524,0,1.02816,0,0,2.16496,1.1368,1.028160,1,0,120.107,0,0,0,120.107,0
72.29,2.0981,0,0,4.38726,0.311361,1.9778,3.6288,61.308,0.552285,0,0,1.71426,0.139044,1.02293,0.66528,12.849,1,0.372921,1.9778,0,99.0877,3.9372,96.7554,0.84672,12.849,0.84672,3695.15,0,36.966,0.333003,1.5258,2.22121,8.76315,0.879203,11.2979,0.42336,36.966,0.42336,423.524,0,1.02816,0,0,2.55396,1.5258,1.028160,1,0,109.076,0,0,0,109.076,0
71.9497,2.0984,0,0,2.44902,0.327989,0.36288,3.6288,61.308,0.561421,0,0,0.731255,0.111678,0.0581562,0.66528,12.849,1,0.372975,0.36288,0,66.0368,3.90012,62.1266,0.84672,12.849,0.84672,3695.15,0,36.966,0.338512,0.608429,1.9414,4.30408,0.935523,5.57987,0.42336,36.966,0.42336,423.524,0,1.01372,0,0,1.62215,0.608429,1.028160,1,0,67.7646,0,0,0,67.7646,0
72.29,2.09721,0,0,4.38384,0.327142,1.61923,3.6288,61.308,0.552544,0,0,1.39831,0.111678,0.734093,0.66528,12.849,1,0.374526,1.61923,0,61.4796,3.90012,58.8242,0.84672,12.849,0.84672,3695.15,0,36.966,0.33316,1.5705,1.94163,6.52842,0.935523,8.77186,0.42336,36.966,0.42336,423.524,0,1.02816,0,0,2.59866,1.5705,1.028160,1,0,68.3302,0,0,0,68.3302,0
72.29,2.09901,0,0,7.67694,0.327989,5.24994,3.6288,61.308,0.552674,0,0,2.33963,0.111678,1.67528,0.66528,12.849,1,0.373083,5.24994,0,137.198,3.90012,138.175,0.84672,12.849,0.84672,3695.15,0,36.966,0.333238,2.87558,1.94185,12.7782,0.935523,16.3269,0.42336,36.966,0.42336,423.524,0,1.02816,0,0,3.90374,2.87558,1.028160,1,0,156.177,0,0,0,156.177,0
72.29,2.09931,0,0,7.80132,0.330339,5.37166,3.6288,61.308,0.552804,0,0,1.90301,0.158073,1.19214,0.66528,12.849,1,0.373137,5.37166,0,225.951,3.85755,227.092,0.84672,12.849,0.84672,3695.15,0,36.966,0.333316,2.339,1.94208,10.5892,0.88664,13.6503,0.42336,36.966,0.42336,423.524,0,1.02816,0,0,3.36716,2.339,1.028160,1,0,241.934,0,0,0,241.934,0
72.29,2.18572,0,0,4.6683,0.329352,2.15323,3.6288,61.308,0.593382,0,0,1.61128,0.169822,0.848078,0.66528,12.849,1,0.388494,2.15323,0,95.694,3.88546,93.5733,0.84672,12.849,0.84672,3695.15,0,36.966,0.357783,2.62058,1.94231,9.06561,0.916943,12.3538,0.42336,36.966,0.42336,423.524,0,1.02816,0,0,3.64874,2.62058,1.028160,1,0,106.775,0,0,0,106.775,0
72.29,2.18603,0,0,4.20587,0.329123,1.69072,3.6288,61.308,0.593517,0,0,1.99493,0.170492,1.23092,0.66528,12.849,1,0.38855,1.69072,0,101.26,3.8913,98.6708,0.84672,12.849,0.84672,3695.15,0,36.966,0.357864,3.11248,2.01163,8.9005,0.923351,12.7434,0.42336,36.966,0.42336,423.524,0,1.02816,0,0,4.14064,3.11248,1.028160,1,0,112.645,0,0,0,112.645,0
72.29,2.18635,0,0,3.36073,0.329123,0.845259,3.6288,61.308,0.593652,0,0,1.9665,0.170492,1.20236,0.66528,12.849,1,0.388606,0.845259,0,63.14,3.8913,59.7053,0.84672,12.849,0.84672,3695.15,0,36.966,0.357946,2.19525,2.01187,7.67595,0.923351,10.6018,0.42336,36.966,0.42336,423.524,0,1.02816,0,0,3.22341,2.19525,1.028160,1,0,71.5095,0,0,0,71.5095,0
72.29,2.18666,0,0,3.07612,0.329123,0.560333,3.6288,61.308,0.593787,0,0,1.62332,0.170492,0.859039,0.66528,12.849,1,0.388662,0.560333,0,72.3476,3.8913,68.628,0.84672,12.849,0.84672,3695.15,0,36.966,0.358027,2.04292,2.01211,7.42314,0.923351,10.1968,0.42336,36.966,0.42336,423.524,0,1.02816,0,0,3.07108,2.04292,1.028160,1,0,79.6838,0,0,0,79.6838,0
72.29,2.1533,0,0,2.98985,0.280551,0.556009,3.6288,61.308,0.578204,0,0,1.69687,0.195259,0.923407,0.66528,12.849,1,0.382732,0.556009,0,70.7003,3.93981,66.9337,0.84672,12.849,0.84672,3695.15,0,36.966,0.348631,1.65572,2.01234,6.49276,0.988645,8.82355,0.42336,36.966,0.42336,423.524,0,1.02816,0,0,2.68388,1.65572,1.028160,1,0,76.6807,0,0,0,76.6807,0
72.2736,2.15361,0,0,2.75985,0.259746,0.36288,3.6288,61.308,0.578337,0,0,1.63105,0.205509,0.847204,0.66528,12.849,1,0.382787,0.36288,0,59.9812,3.8744,56.0869,0.84672,12.849,0.84672,3695.15,0,36.966,0.348711,1.25868,1.98568,5.08124,1.01758,6.95932,0.42336,36.966,0.42336,423.524,0,1.02816,0,0,2.28684,1.25868,1.028160,1,0,63.8934,0,0,0,63.8934,0
71.7834,2.15384,0,0,2.28618,0.259714,0.36288,3.6288,61.308,0.57847,0,0,1.48886,0.205509,0.704883,0.66528,12.849,1,0.382916,0.36288,0,51.7827,3.8744,47.8883,0.84672,12.849,0.84672,3695.15,0,36.966,0.348792,1.06518,1.98591,4.50787,1.01758,6.1926,0.42336,36.966,0.42336,423.524,0,1.02816,0,0,2.09334,1.06518,1.028160,1,0,54.7858,0,0,0,54.7858,0
71.0724,2.15194,0,0,2.06264,0.258748,0.36288,3.6288,61.308,0.578603,0,0,1.27329,0.205509,0.489182,0.66528,12.849,1,0.38519,0.36288,0,50.3321,3.8744,46.4354,0.84672,12.849,0.84672,3695.15,0,36.966,0.348872,0.555474,1.98615,4.59321,1.01758,5.76839,0.42336,36.966,0.42336,423.524,0,1.02816,0,0,1.58363,0.555474,1.028160,1,0,52.6929,0,0,0,52.6929,0
70.7537,2.26307,0,0,2.54696,0.23977,0.36288,3.6288,61.308,0.634504,0,0,1.47339,0.212492,0.626392,0.66528,12.849,1,0.409135,0.36288,0,55.4675,3.82863,51.5926,0.84672,12.849,0.84672,3695.15,0,36.966,0.382578,0.622175,1.98638,4.55542,1.05475,5.72665,0.42336,36.966,0.42336,423.524,0,1.02816,0,0,1.65034,0.622175,1.028160,1,0,57.9457,0,0,0,57.9457,0
69.8855,2.26184,0,0,1.93622,0.179623,0.36288,3.6288,61.308,0.634645,0,0,1.15187,0.22269,0.294533,0.66528,12.849,1,0.410754,0.36288,0,41.159,3.32745,37.7836,0.84672,12.849,0.84672,3695.15,0,36.966,0.382663,0.451336,2.08093,3.6137,1.09787,4.66543,0.42336,36.966,0.42336,423.524,0,1.02816,0,0,1.4795,0.451336,1.028160,1,0,42.7436,0,0,0,42.7436,0
68.9468,2.25785,0,0,1.85291,0.170954,0.36288,3.6288,61.308,0.634785,0,0,1.21111,0.224475,0.351852,0.66528,12.849,1,0.415124,0.36288,0,38.6717,3.38163,35.2378,0.84672,12.849,0.84672,3695.15,0,36.966,0.382747,0.443042,2.08117,3.76474,1.08784,4.81837,0.42336,36.966,0.42336,423.524,0,1.02816,0,0,1.4712,0.443042,1.028160,1,0,40.408,0,0,0,40.408,0
67.9309,2.25341,0,0,1.77009,0.169714,0.36288,3.6288,61.308,0.634925,0,0,1.21623,0.224475,0.356827,0.66528,12.849,1,0.419948,0.36288,0,36.334,3.38163,32.8953,0.84672,12.849,0.84672,3695.15,0,36.966,0.382832,0.378242,2.08142,3.62005,1.08784,4.60904,0.42336,36.966,0.42336,423.524,0,1.02816,0,0,1.4064,0.378242,1.028160,1,0,37.8611,0,0,0,37.8611,0
66.806,2.24845,0,0,1.65487,0.168371,0.36288,3.6288,61.308,0.635066,0,0,1.13219,0.224475,0.272645,0.66528,12.849,1,0.425291,0.36288,0,33.9106,3.38163,30.4666,0.84672,12.849,0.84672,3695.15,0,36.966,0.382916,0.302918,2.08166,3.4291,1.08784,4.34292,0.42336,36.966,0.42336,423.524,0,1.02816,0,0,1.33108,0.302918,1.028160,1,0,35.0821,0,0,0,35.0821,0
67.0408,2.22041,0,0,2.94121,0.123132,0.36288,3.6288,61.308,0.66528,0,0,1.19969,0.199977,0.334433,0.66528,12.849,1,0.427058,0.36288,0,47.5939,4.12079,43.4089,0.84672,12.849,0.84672,3695.15,0,36.966,0.402091,1.33237,2.08191,5.0944,1.0741,7.03249,0.42336,36.966,0.42336,423.524,0,1.02816,0,0,2.36053,1.33237,1.028160,1,0,50.7758,0,0,0,50.7758,0
67.2892,2.22199,0,0,2.96047,0.127185,0.36288,3.6288,61.308,0.66528,0,0,1.12957,0.186072,0.278215,0.66528,12.849,1,0.425864,0.36288,0,47.1981,4.01678,43.1183,0.84672,12.849,0.84672,3695.15,0,36.966,0.402323,1.10258,2.11514,5.11601,1.03956,6.89186,0.42336,36.966,0.42336,423.524,0,1.02816,0,0,2.13074,1.10258,1.028160,1,0,50.2884,0,0,0,50.2884,0
67.3158,2.22363,0,0,2.72222,0.109116,0.36288,3.6288,61.308,0.66528,0,0,1.07043,0.229949,0.175198,0.66528,12.849,1,0.424605,0.36288,0,42.2584,4.58137,37.6153,0.84672,12.849,0.84672,3695.15,0,36.966,0.402554,1.10398,2.11539,4.87115,1.24565,6.44233,0.42336,36.966,0.42336,423.524,0,1.02816,0,0,2.13214,1.10398,1.028160,1,0,44.2328,0,0,0,44.2328,0
67.1859,2.22409,0,0,2.55239,0.0953975,0.36288,3.6288,61.308,0.66528,0,0,1.00477,0.262856,0.0766357,0.66528,12.849,1,0.424525,0.36288,0,37.9806,5.00483,32.9141,0.84672,12.849,0.84672,3695.15,0,36.966,0.402785,1.05148,2.11564,4.69384,1.40021,6.05796,0.42336,36.966,0.42336,423.524,0,1.02816,0,0,2.07964,1.05148,1.028160,1,0,39.0487,0,0,0,39.0487,0
67.0055,2.28154,0,0,2.55505,0.0909773,0.36288,3.6288,61.308,0.66528,0,0,1.1151,0.282984,0.166831,0.66528,12.849,1,0.436334,0.36288,0,35.6912,5.3295,30.2882,0.84672,12.849,0.84672,3695.15,0,36.966,0.446856,1.07368,2.11589,4.42196,1.42641,5.73827,0.42336,36.966,0.42336,423.524,0,1.02816,0,0,2.10184,1.07368,1.028160,1,0,36.1933,0,0,0,36.1933,0
66.9014,2.28088,0,0,2.62473,0.0850926,0.36288,3.6288,61.308,0.66528,0,0,1.02742,0.309822,0.0523145,0.66528,12.849,1,0.437382,0.36288,0,43.2613,5.7624,37.4244,0.84672,12.849,0.84672,3695.15,0,36.966,0.447093,1.13687,2.16292,4.46132,1.46135,5.85267,0.42336,36.966,0.42336,423.524,0,1.02816,0,0,2.16503,1.13687,1.028160,1,0,43.3293,0,0,0,43.3293,0
66.6305,2.28064,0,0,2.45769,0.0850226,0.36288,3.6288,61.2883,0.66528,0,0,0.955446,0.309822,0,0.66528,12.849,1,0.438016,0.36288,0,34.7348,5.7624,28.8973,0.84672,12.849,0.84672,3695.15,0,36.966,0.44733,1.09673,2.16318,4.02153,1.46135,5.37276,0.42336,36.966,0.42336,423.524,0,1.02816,0,0,2.12489,1.09673,1.028160,1,0,34.27,0,0,0,34.27,0
66.141,2.27947,0,0,2.23766,0.0848404,0.36288,3.6288,61.2204,0.66528,0,0,0.907088,0.309784,0,0.66528,12.849,1,0.439572,0.36288,0,31.6559,5.7624,25.8168,0.84672,12.849,0.84672,3695.15,0,36.966,0.447567,0.769764,2.16343,3.75119,1.46135,4.77547,0.42336,36.966,0.42336,423.524,0,1.02816,0,0,1.79792,0.769764,1.028160,1,0,30.5923,0,0,0,30.5923,0
65.8867,2.44606,0,0,2.62711,0.0725025,0.36288,3.6288,61.308,0.66528,0,0,1.13315,0.299076,0.0811649,0.66528,12.849,1,0.475188,0.36288,0,33.0908,5.93726,27.0412,0.84672,12.849,0.84672,3695.15,0,36.966,0.606121,1.57749,2.16369,5.69814,1.50919,7.32401,0.42336,36.966,0.42336,423.524,0,1.02816,0,0,2.60565,1.57749,1.028160,1,0,34.4464,0,0,0,34.4464,0
64.7022,2.44487,0,0,1.68554,0.0622786,0.36288,3.6288,61.1435,0.66528,0,0,0.804211,0.303433,0,0.66528,12.849,1,0.476791,0.36288,0,25.1007,5.81196,19.1748,0.84672,12.849,0.84672,3695.15,0,36.966,0.606379,0.826718,2.32408,4.69085,1.42681,5.80846,0.42336,36.966,0.42336,423.524,0,1.02816,0,0,1.85488,0.826718,1.028160,1,0,24.9833,0,0,0,24.9833,0
64.2885,2.43794,0,0,2.44883,0.0616903,0.36288,3.6288,61.0992,0.66528,0,0,0.924065,0.303117,0,0.66528,12.849,1,0.484142,0.36288,0,28.5884,5.81196,22.6552,0.84672,12.849,0.84672,3695.15,0,36.966,0.606637,1.15639,2.32436,5.20087,1.42681,6.64817,0.42336,36.966,0.42336,423.524,0,1.02816,0,0,2.18455,1.15639,1.028160,1,0,29.3033,0,0,0,29.3033,0
64.9292,2.43569,0,0,3.52954,0.0903286,0.36288,3.6288,61.308,0.66528,0,0,1.22313,0.293667,0.0553498,0.66528,12.849,1,0.486808,0.36288,0,46.6429,5.68055,40.8384,0.84672,12.849,0.84672,3695.15,0,36.966,0.606894,1.3399,2.32464,5.79012,1.4003,7.44747,0.42336,36.966,0.42336,423.524,0,1.02816,0,0,2.36806,1.3399,1.028160,1,0,48.3412,0,0,0,48.3412,0
64.4464,2.44004,0,0,2.39935,0.079176,0.36288,3.6288,61.308,0.66528,0,0,1.00236,0.289384,0.047697,0.66528,12.849,1,0.482867,0.36288,0,50.0482,5.87149,44.0568,0.84672,12.849,0.84672,3695.15,0,36.966,0.607152,1.10525,2.32491,4.08365,1.39771,5.50895,0.42336,36.966,0.42336,423.524,0,1.02816,0,0,2.13341,1.10525,1.028160,1,0,49.6134,0,0,0,49.6134,0
65.9069,2.35532,0,0,4.28196,0.103242,0.36288,3.6288,61.308,0.66528,0,0,1.39861,0.275795,0.457534,0.66528,12.849,1,0.469591,0.36288,0,32.6926,5.31754,27.2683,0.84672,12.849,0.84672,3695.15,0,36.966,0.511256,1.98107,2.32519,6.51272,1.33322,8.9745,0.42336,36.966,0.42336,423.524,0,1.02816,0,0,3.00923,1.98107,1.028160,1,0,36.7003,0,0,0,36.7003,0
65.6888,2.36436,0,0,2.62341,0.114322,0.36288,3.6288,61.308,0.66528,0,0,1.52386,0.27036,0.588223,0.66528,12.849,1,0.460948,0.36288,0,26.5702,5.09596,21.3762,0.84672,12.849,0.84672,3695.15,0,36.966,0.511501,2.45669,2.23274,5.96892,1.30743,8.83941,0.42336,36.966,0.42336,423.524,0,1.02816,0,0,3.48485,2.45669,1.028160,1,0,30.8038,0,0,0,30.8038,0
65.1626,2.36342,0,0,2.31429,0.114123,0.36288,3.6288,61.2303,0.66528,0,0,0.857935,0.27036,0,0.66528,12.849,1,0.462295,0.36288,0,27.5226,5.09596,22.3273,0.84672,12.849,0.84672,3695.15,0,36.966,0.511747,1.0819,2.233,4.47619,1.30743,5.97192,0.42336,36.966,0.42336,423.524,0,1.02816,0,0,2.11006,1.0819,1.028160,1,0,28.2992,0,0,0,28.2992,0
64.2893,2.36064,0,0,1.96379,0.113644,0.36288,3.6288,61.0768,0.66528,0,0,0.782058,0.270227,0,0.66528,12.849,1,0.465479,0.36288,0,25.4315,5.09596,20.2329,0.84672,12.849,0.84672,3695.15,0,36.966,0.511992,0.890171,2.23327,4.25929,1.30743,5.5633,0.42336,36.966,0.42336,423.524,0,1.02816,0,0,1.91833,0.890171,1.028160,1,0,25.7962,0,0,0,25.7962,0
64.6585,2.28834,0,0,3.20688,0.186459,0.36288,3.6288,61.308,0.66528,0,0,1.12187,0.198981,0.0264599,0.66528,12.849,1,0.457353,0.36288,0,36.3271,3.94228,32.2904,0.84672,12.849,0.84672,3695.15,0,36.966,0.424668,1.13821,2.23353,5.52629,0.928614,7.54475,0.42336,36.966,0.42336,423.524,0,1.02816,0,0,2.16637,1.13821,1.028160,1,0,39.8616,0,0,0,39.8616,0
64.2321,2.29085,0,0,2.43067,0.203276,0.36288,3.6288,60.9256,0.719752,0,0,0.560904,0.223596,0,0.66528,12.849,1,0.45524,0.36288,0,33.6578,4.06225,29.5032,0.84672,12.849,0.84672,3695.15,0,36.966,0.433978,0.216518,2.15099,3.90036,1.01416,4.81974,0.42336,36.966,0.42336,423.524,0,0.964613,0,0,1.18113,0.216518,1.028160,1,0,34.3229,0,0,0,34.3229,0
63.3646,2.28866,0,0,2.02272,0.238676,0.36288,3.6288,60.1364,0.962769,0,0,0.392583,0.218979,0,0.66528,12.849,1,0.457823,0.36288,0,27.3451,4.10119,23.1489,0.84672,12.849,0.84672,3695.15,0,36.966,0.584151,0.292723,2.15125,3.25643,1.06377,4.05249,0.42336,36.966,0.42336,423.524,0,0.571657,0,0,0.86438,0.292723,1.028160,1,0,27.2014,0,0,0,27.2014,0
63.5257,2.28377,0,0,3.04473,0.237003,0.36288,3.6288,60.2039,0.66528,0,0,0.950699,0.217884,0,0.66528,12.849,1,0.4631,0.36288,0,42.6413,4.10119,38.4398,0.84672,12.849,0.84672,3695.15,0,36.966,0.425371,1.47014,2.1515,6.60302,1.06377,8.73553,0.42336,36.966,0.42336,423.524,0,1.02816,0,0,2.4983,1.47014,1.028160,1,0,47.1754,0,0,0,47.1754,0
68.2026,2.09404,0,0,7.3711,0.237313,0.36288,3.6288,61.308,0.562827,0,0,2.12984,0.217978,0.24496,0.66528,12.849,1,0.42355,0.36288,0,111.748,4.10119,107.586,0.84672,12.849,0.84672,3695.15,0,36.966,0.345583,2.90294,2.15176,9.98908,1.06377,13.6344,0.42336,36.966,0.42336,423.524,0,1.02816,0,0,3.9311,2.90294,1.028160,1,0,121.466,0,0,0,121.466,0
69.8827,2.11879,0,0,4.41285,0.251052,0.36288,3.6288,61.308,0.566841,0,0,1.83334,0.199494,1.067,0.66528,12.849,1,0.399168,0.36288,0,75.1433,4.56897,70.538,0.84672,12.849,0.84672,3695.15,0,36.966,0.34178,1.61821,1.96799,7.24308,0.994971,9.49254,0.42336,36.966,0.42336,423.524,0,1.02816,0,0,2.64637,1.61821,1.028160,1,0,81.0976,0,0,0,81.0976,0
69.2584,2.1272,0,0,2.12011,0.254355,0.36288,3.6288,61.308,0.566972,0,0,1.18418,0.199494,0.417714,0.66528,12.849,1,0.391118,0.36288,0,45.2924,4.56897,40.6952,0.84672,12.849,0.84672,3695.15,0,36.966,0.341859,0.420276,1.96822,5.2853,0.994971,6.33696,0.42336,36.966,0.42336,423.524,0,1.02816,0,0,1.44844,0.420276,1.028160,1,0,47.4499,0,0,0,47.4499,0
69.4342,2.12453,0,0,2.92711,0.263864,0.36288,3.6288,61.308,0.567104,0,0,1.07945,0.207678,0.304665,0.66528,12.849,1,0.394149,0.36288,0,36.4569,4.21549,32.2101,0.84672,12.849,0.84672,3695.15,0,36.966,0.341938,0.746773,1.96845,4.80969,0.996637,6.18634,0.42336,36.966,0.42336,423.524,0,1.02816,0,0,1.77493,0.746773,1.028160,1,0,38.7012,0,0,0,38.7012,0
71.6216,2.12568,0,0,4.962,0.286075,0.36288,3.6288,61.308,0.567236,0,0,1.67124,0.188329,0.91568,0.66528,12.849,1,0.393364,0.36288,0,59.6207,3.41419,56.176,0.84672,12.849,0.84672,3695.15,0,36.966,0.342018,2.10997,1.96868,9.3814,0.909381,12.2087,0.42336,36.966,0.42336,423.524,0,1.02816,0,0,3.13813,2.10997,1.028160,1,0,69.3003,0,0,0,69.3003,0
72.29,2.21113,0,0,5.79338,0.260131,2.65369,3.6288,61.308,0.600349,0,0,1.55371,0.182485,0.770871,0.66528,12.849,1,0.396679,2.65369,0,79.9572,3.15331,79.0609,0.84672,12.849,0.84672,3695.15,0,36.966,0.361984,1.5793,1.96892,7.57256,0.94015,9.81864,0.42336,36.966,0.42336,423.524,0,1.02816,0,0,2.60746,1.5793,1.028160,1,0,89.6504,0,0,0,89.6504,0
72.29,2.21454,0,0,10.415,0.23392,7.96658,3.6288,61.308,0.600478,0,0,2.50811,0.195124,1.71251,0.66528,12.849,1,0.393618,7.96658,0,101.909,3.14328,106.338,0.84672,12.849,0.84672,3695.15,0,36.966,0.362062,3.29424,2.02656,15.7987,1.01356,19.7439,0.42336,36.966,0.42336,423.524,0,1.02816,0,0,4.3224,3.29424,1.028160,1,0,127.795,0,0,0,127.795,0
72.29,2.21484,0,0,5.25209,0.23392,2.80333,3.6288,61.308,0.600607,0,0,1.20209,0.195124,0.406361,0.66528,12.849,1,0.393672,2.80333,0,85.409,3.14328,84.6754,0.84672,12.849,0.84672,3695.15,0,36.966,0.362139,2.34258,2.02678,10.2254,1.01356,13.2191,0.42336,36.966,0.42336,423.524,0,1.02816,0,0,3.37074,2.34258,1.028160,1,0,98.3008,0,0,0,98.3008,0
72.29,2.21515,0,0,4.3453,0.23392,1.89623,3.6288,61.308,0.600736,0,0,1.0456,0.195124,0.249744,0.66528,12.849,1,0.393725,1.89623,0,70.0255,3.14328,68.3847,0.84672,12.849,0.84672,3695.15,0,36.966,0.362217,1.87759,2.02701,8.00073,1.01356,10.5296,0.42336,36.966,0.42336,423.524,0,1.02816,0,0,2.90575,1.87759,1.028160,1,0,79.164,0,0,0,79.164,0
72.29,2.45658,0,0,4.32587,0.296349,1.57294,3.6288,61.308,0.66528,0,0,1.21342,0.193913,0.354226,0.66528,12.849,1,0.436639,1.57294,0,61.9277,3.40312,59.6609,0.84672,12.849,0.84672,3695.15,0,36.966,0.49646,1.69381,2.02724,8.25466,1.09374,10.3855,0.42336,36.966,0.42336,423.524,0,1.02816,0,0,2.72197,1.69381,1.028160,1,0,70.4006,0,0,0,70.4006,0
71.039,2.45691,0,0,1.84725,0.278411,0.36288,3.6288,61.2118,0.75073,0,0,0.825997,0.171504,0,0.66528,12.849,1,0.436698,0.36288,0,38.2463,3.57914,34.5934,0.84672,12.849,0.84672,3695.15,0,36.966,0.496691,0.503194,2.23411,5.30024,0.980245,6.56061,0.42336,36.966,0.42336,423.524,0,0.94271,0,0,1.4459,0.503194,1.028160,1,0,41.154,0,0,0,41.154,0
72.29,2.45073,0,0,5.4283,0.275768,1.45085,3.6288,61.308,0.66528,0,0,1.67145,0.1714,0.738535,0.66528,12.849,1,0.44327,1.45085,0,70.1486,3.57914,67.577,0.84672,12.849,0.84672,3695.15,0,36.966,0.496922,2.56789,2.23436,10.1365,0.980245,13.4616,0.42336,36.966,0.42336,423.524,0,1.02816,0,0,3.59605,2.56789,1.028160,1,0,81.7772,0,0,0,81.7772,0
72.29,2.45758,0,0,3.8751,0.278411,1.13911,3.6288,61.308,0.66528,0,0,0.947514,0.171504,0.11073,0.66528,12.849,1,0.436816,1.13911,0,54.7893,3.57914,51.9124,0.84672,12.849,0.84672,3695.15,0,36.966,0.497153,1.3722,2.23461,7.1307,0.980245,9.26011,0.42336,36.966,0.42336,423.524,0,1.02816,0,0,2.40036,1.3722,1.028160,1,0,61.2833,0,0,0,61.2833,0
72.29,2.11381,0,0,2.83793,0.263021,0.4611,3.6288,61.308,0.558989,0,0,0.953637,0.178742,0.215907,0.66528,12.849,1,0.375713,0.4611,0,44.7291,3.64179,41.1727,0.84672,12.849,0.84672,3695.15,0,36.966,0.337046,1.06408,2.23486,6.15301,0.948247,8.16666,0.42336,36.966,0.42336,423.524,0,1.02816,0,0,2.09224,1.06408,1.028160,1,0,49.5553,0,0,0,49.5553,0
72.29,2.1141,0,0,5.66064,0.297303,3.24924,3.6288,61.308,0.559113,0,0,2.54074,0.178911,1.80271,0.66528,12.849,1,0.375765,3.24924,0,105.238,4.28011,103.831,0.84672,12.849,0.84672,3695.15,0,36.966,0.33712,2.90414,1.95317,13.8183,0.931991,17.4065,0.42336,36.966,0.42336,423.524,0,1.02816,0,0,3.9323,2.90414,1.028160,1,0,123.04,0,0,0,123.04,0
72.29,2.11439,0,0,4.65568,0.297303,2.24399,3.6288,61.308,0.559237,0,0,2.46389,0.178911,1.72575,0.66528,12.849,1,0.375816,2.24399,0,91.9616,4.28011,89.5496,0.84672,12.849,0.84672,3695.15,0,36.966,0.337195,2.39635,1.95339,11.1478,0.931991,14.2283,0.42336,36.966,0.42336,423.524,0,1.02816,0,0,3.42451,2.39635,1.028160,1,0,105.504,0,0,0,105.504,0
72.29,2.11468,0,0,7.17431,0.297303,4.76233,3.6288,61.308,0.559361,0,0,3.52555,0.178911,2.78728,0.66528,12.849,1,0.375868,4.76233,0,167.632,4.28011,167.738,0.84672,12.849,0.84672,3695.15,0,36.966,0.33727,4.50909,1.9536,15.5954,0.931991,20.7888,0.42336,36.966,0.42336,423.524,0,1.02816,0,0,5.53725,4.50909,1.028160,1,0,191.314,0,0,0,191.314,0
72.29,2.11497,0,0,7.80866,0.292523,5.40117,3.6288,61.308,0.559484,0,0,3.51441,0.138822,2.8161,0.66528,12.849,1,0.375919,5.40117,0,188.019,3.65253,189.392,0.84672,12.849,0.84672,3695.15,0,36.966,0.337344,4.64676,1.95382,18.1059,0.824506,23.5446,0.42336,36.966,0.42336,423.524,0,1.02816,0,0,5.67492,4.64676,1.028160,1,0,215.753,0,0,0,215.753,0
72.29,2.20193,0,0,4.63526,0.280466,2.15287,3.6288,61.308,0.600325,0,0,1.90417,0.159492,1.14435,0.66528,12.849,1,0.391376,2.15287,0,127.248,4.62168,124.388,0.84672,12.849,0.84672,3695.15,0,36.966,0.361969,2.77781,1.95404,9.77504,0.927888,13.217,0.42336,36.966,0.42336,423.524,0,1.02816,0,0,3.80597,2.77781,1.028160,1,0,138.749,0,0,0,138.749,0
72.29,2.20223,0,0,3.29482,0.287612,0.804982,3.6288,61.308,0.600454,0,0,1.40879,0.183752,0.624581,0.66528,12.849,1,0.391429,0.804982,0,84.9122,4.54681,80.7789,0.84672,12.849,0.84672,3695.15,0,36.966,0.362047,1.55031,2.02381,7.26831,0.968484,9.5119,0.42336,36.966,0.42336,423.524,0,1.02816,0,0,2.57847,1.55031,1.028160,1,0,90.9154,0,0,0,90.9154,0
72.29,2.20253,0,0,5.13951,0.2924,2.64459,3.6288,61.308,0.600582,0,0,2.22626,0.190148,1.43553,0.66528,12.849,1,0.391483,2.64459,0,137.43,4.3618,135.321,0.84672,12.849,0.84672,3695.15,0,36.966,0.362125,3.4514,2.02404,11.6913,0.968182,15.8364,0.42336,36.966,0.42336,423.524,0,1.02816,0,0,4.47956,3.4514,1.028160,1,0,152.593,0,0,0,152.593,0
72.29,2.20283,0,0,4.53025,0.2924,2.03502,3.6288,61.308,0.600711,0,0,2.17441,0.190148,1.38355,0.66528,12.849,1,0.391536,2.03502,0,119.635,4.3618,116.917,0.84672,12.849,0.84672,3695.15,0,36.966,0.362202,3.03054,2.02426,10.8047,0.968182,14.5291,0.42336,36.966,0.42336,423.524,0,1.02816,0,0,4.0587,3.03054,1.028160,1,0,132.83,0,0,0,132.83,0
72.29,2.16923,0,0,3.5581,0.259888,1.12899,3.6288,61.308,0.585018,0,0,1.39468,0.202078,0.607581,0.66528,12.849,1,0.385563,1.12899,0,91.508,4.25335,87.998,0.84672,12.849,0.84672,3695.15,0,36.966,0.35274,1.71284,2.02449,7.07537,1.01393,9.44602,0.42336,36.966,0.42336,423.524,0,1.02816,0,0,2.741,1.71284,1.028160,1,0,98.0516,0,0,0,98.0516,0
72.29,2.16952,0,0,3.19078,0.216539,0.804718,3.6288,61.308,0.585145,0,0,1.05751,0.217983,0.254382,0.66528,12.849,1,0.385616,0.804718,0,85.536,4.10875,81.8463,0.84672,12.849,0.84672,3695.15,0,36.966,0.352817,1.62213,1.99764,5.79372,1.07493,7.98573,0.42336,36.966,0.42336,423.524,0,1.02816,0,0,2.65029,1.62213,1.028160,1,0,90.0865,0,0,0,90.0865,0
72.29,2.16982,0,0,2.87871,0.216539,0.492353,3.6288,61.308,0.585272,0,0,0.956915,0.217983,0.153659,0.66528,12.849,1,0.385669,0.492353,0,79.0163,4.10875,75.0142,0.84672,12.849,0.84672,3695.15,0,36.966,0.352893,1.22076,1.99786,5.46869,1.07493,7.25948,0.42336,36.966,0.42336,423.524,0,1.02816,0,0,2.24892,1.22076,1.028160,1,0,82.4273,0,0,0,82.4273,0
72.29,2.17012,0,0,3.37467,0.204374,1.00018,3.6288,61.308,0.585399,0,0,0.894853,0.223918,0.0855365,0.66528,12.849,1,0.385722,1.00018,0,85.7252,4.57661,81.7631,0.84672,12.849,0.84672,3695.15,0,36.966,0.35297,1.21599,1.99808,7.26611,1.09338,9.03384,0.42336,36.966,0.42336,423.524,0,1.02816,0,0,2.24415,1.21599,1.028160,1,0,90.8824,0,0,0,90.8824,0
72.1817,2.28555,0,0,2.70272,0.162546,0.36288,3.6288,61.2943,0.641662,0,0,0.870212,0.242263,0,0.66528,12.849,1,0.406239,0.36288,0,65.0162,5.8059,59.1669,0.84672,12.849,0.84672,3695.15,0,36.966,0.386893,1.22082,1.9983,5.58332,1.16484,7.25071,0.42336,36.966,0.42336,423.524,0,1.02816,0,0,2.24898,1.22082,1.028160,1,0,66.4176,0,0,0,66.4176,0
71.9251,2.28534,0,0,2.56124,0.169615,0.36288,3.6288,61.216,0.641741,0,0,0.776935,0.213476,0,0.66528,12.849,1,0.406812,0.36288,0,42.5636,4.57181,37.9478,0.84672,12.849,0.84672,3695.15,0,36.966,0.387028,0.842849,2.09346,4.40303,1.04342,5.9089,0.42336,36.966,0.42336,423.524,0,1.02816,0,0,1.87101,0.842849,1.028160,1,0,43.8567,0,0,0,43.8567,0
71.3185,2.28442,0,0,2.20996,0.169285,0.36288,3.6288,61.0423,0.641567,0,0,0.681204,0.213371,0,0.66528,12.849,1,0.408099,0.36288,0,38.5963,4.57181,33.9793,0.84672,12.849,0.84672,3695.15,0,36.966,0.387417,0.697205,2.09369,4.05893,1.04342,5.419,0.42336,36.966,0.42336,423.524,0,1.02816,0,0,1.72536,0.697205,1.028160,1,0,39.3983,0,0,0,39.3983,0
70.4892,2.28179,0,0,1.98389,0.168503,0.36288,3.6288,60.7798,0.641013,0,0,0.591673,0.213136,0,0.66528,12.849,1,0.411096,0.36288,0,36.4886,4.57181,31.8686,0.84672,12.849,0.84672,3695.15,0,36.966,0.388185,0.583649,2.09393,4.00952,1.04342,5.2555,0.42336,36.966,0.42336,423.524,0,1.02816,0,0,1.61181,0.583649,1.028160,1,0,37.1241,0,0,0,37.1241,0
69.5037,2.27801,0,0,1.80871,0.153379,0.36288,3.6288,60.4831,0.640105,0,0,0.570934,0.22755,0,0.66528,12.849,1,0.415243,0.36288,0,33.7534,4.86525,28.8358,0.84672,12.849,0.84672,3695.15,0,36.966,0.389309,0.565186,2.09416,3.88967,1.12349,5.03621,0.42336,36.966,0.42336,423.524,0,1.02816,0,0,1.59335,0.565186,1.028160,1,0,33.872,0,0,0,33.872,0
68.6233,2.2507,0,0,1.83129,0.0980472,0.36288,3.6288,60.1687,0.66528,0,0,0.596241,0.245313,0,0.66528,12.849,1,0.416083,0.36288,0,36.4416,5.29086,31.0976,0.84672,12.849,0.84672,3695.15,0,36.966,0.413834,0.54845,2.0944,3.69979,1.2088,4.72,0.42336,36.966,0.42336,423.524,0,1.02816,0,0,1.57661,0.54845,1.028160,1,0,35.8176,0,0,0,35.8176,0
67.6821,2.24651,0,0,1.7514,0.0832472,0.36288,3.6288,59.8599,0.66528,0,0,0.600659,0.244239,0,0.66528,12.849,1,0.420636,0.36288,0,38.0412,5.3046,32.6789,0.84672,12.849,0.84672,3695.15,0,36.966,0.414055,0.522297,2.12784,4.00257,1.20021,5.03843,0.42336,36.966,0.42336,423.524,0,1.02816,0,0,1.55046,0.522297,1.028160,1,0,37.7173,0,0,0,37.7173,0
66.5898,2.2419,0,0,1.5951,0.0826356,0.36288,3.6288,59.5424,0.66528,0,0,0.591532,0.243759,0,0.66528,12.849,1,0.42561,0.36288,0,37.1568,5.3046,31.7894,0.84672,12.849,0.84672,3695.15,0,36.966,0.414275,0.545841,2.12807,3.86086,1.20021,4.92029,0.42336,36.966,0.42336,423.524,0,1.02816,0,0,1.574,0.545841,1.028160,1,0,36.7097,0,0,0,36.7097,0
65.3462,2.23635,0,0,1.43758,0.0819259,0.36288,3.6288,59.1847,0.66528,0,0,0.550847,0.243265,0,0.66528,12.849,1,0.431522,0.36288,0,34.4387,5.3046,29.0655,0.84672,12.849,0.84672,3695.15,0,36.966,0.414496,0.34541,2.12831,3.67603,1.20021,4.53504,0.42336,36.966,0.42336,423.524,0,1.02816,0,0,1.37357,0.34541,1.028160,1,0,33.6005,0,0,0,33.6005,0
64.0425,2.28773,0,0,1.40809,0.0612153,0.36288,3.6288,58.7762,0.66528,0,0,0.544859,0.287992,0,0.66528,12.849,1,0.449836,0.36288,0,31.9196,5.82024,26.0124,0.84672,12.849,0.84672,3695.15,0,36.966,0.458842,0.359459,2.12855,3.45483,1.4458,4.0382,0.42336,36.966,0.42336,423.524,0,1.02816,0,0,1.38762,0.359459,1.028160,1,0,30.0506,0,0,0,30.0506,0
62.8313,2.28041,0,0,1.49036,0.0581936,0.36288,3.6288,58.4057,0.66528,0,0,0.581532,0.286818,0,0.66528,12.849,1,0.457525,0.36288,0,30.9093,5.62726,25.1873,0.84672,12.849,0.84672,3695.15,0,36.966,0.459068,0.506693,2.17587,3.36407,1.51878,4.06878,0.42336,36.966,0.42336,423.524,0,1.02816,0,0,1.53485,0.506693,1.028160,1,0,29.2561,0,0,0,29.2561,0
61.437,2.2734,0,0,1.29957,0.0576231,0.36288,3.6288,58.0027,0.66528,0,0,0.548388,0.286136,0,0.66528,12.849,1,0.46491,0.36288,0,29.2843,5.62726,23.555,0.84672,12.849,0.84672,3695.15,0,36.966,0.459294,0.364159,2.17612,3.21444,1.51878,3.77664,0.42336,36.966,0.42336,423.524,0,1.02816,0,0,1.39232,0.364159,1.028160,1,0,27.3317,0,0,0,27.3317,0
59.9552,2.26498,0,0,1.19851,0.0524686,0.36288,3.6288,57.5884,0.66528,0,0,0.538962,0.287929,0,0.66528,12.849,1,0.473701,0.36288,0,27.6271,5.70204,21.8142,0.84672,12.849,0.84672,3695.15,0,36.966,0.45952,0.302616,2.17636,3.18519,1.53372,3.67092,0.42336,36.966,0.42336,423.524,0,1.02816,0,0,1.33078,0.302616,1.028160,1,0,25.4851,0,0,0,25.4851,0
58.1038,2.42292,0,0,0.977927,0.0435188,0.36288,3.6288,57.1735,0.66528,0,0,0.536646,0.286251,0,0.66528,12.849,1,0.519257,0.36288,0,26.1226,5.86426,20.102,0.84672,12.849,0.84672,3695.15,0,36.966,0.619091,0.303134,2.17661,3.06348,1.4748,3.44933,0.42336,36.966,0.42336,423.524,0,1.02816,0,0,1.33129,0.303134,1.028160,1,0,23.5513,0,0,0,23.5513,0
56.4429,2.4097,0,0,1.14772,0.0359744,0.36288,3.6288,56.7763,0.66528,0,0,0.550422,0.282375,0,0.66528,12.849,1,0.532878,0.36288,0,23.5747,5.33678,18.0679,0.84672,12.849,0.84672,3695.15,0,36.966,0.619337,0.34592,2.33803,2.81919,1.46004,3.42375,0.42336,36.966,0.42336,423.524,0,1.02816,0,0,1.37408,0.34592,1.028160,1,0,21.4917,0,0,0,21.4917,0
54.727,2.39725,0,0,1.07726,0.033099,0.36288,3.6288,56.3515,0.66528,0,0,0.522654,0.282197,0,0.66528,12.849,1,0.545724,0.36288,0,23.1504,5.26795,17.6996,0.84672,12.849,0.84672,3695.15,0,36.966,0.619583,0.262112,2.33829,2.70156,1.46749,3.21489,0.42336,36.966,0.42336,423.524,0,1.02816,0,0,1.29027,0.262112,1.028160,1,0,20.9145,0,0,0,20.9145,0
53.1759,2.38371,0,0,1.22806,0.0325367,0.36288,3.6288,55.9411,0.66528,0,0,0.536376,0.281416,0,0.66528,12.849,1,0.559657,0.36288,0,23.4525,5.26795,17.9878,0.84672,12.849,0.84672,3695.15,0,36.966,0.619829,0.369896,2.33856,3.81447,1.46749,4.43561,0.42336,36.966,0.42336,423.524,0,1.02816,0,0,1.39806,0.369896,1.028160,1,0,22.4234,0,0,0,22.4234,0
51.6257,2.37089,0,0,1.21561,0.0320285,0.36288,3.6288,55.541,0.66528,0,0,0.545783,0.280663,0,0.66528,12.849,1,0.572882,0.36288,0,21.6974,5.26795,16.2194,0.84672,12.849,0.84672,3695.15,0,36.966,0.620075,0.32826,2.33882,3.02876,1.46749,3.60828,0.42336,36.966,0.42336,423.524,0,1.02816,0,0,1.35642,0.32826,1.028160,1,0,19.8277,0,0,0,19.8277,0
50.0468,2.27812,0,0,1.09408,0.0319796,0.36288,3.6288,55.6062,0.66528,0,0,1.00329,0.272839,0,0.66528,12.849,1,0.566995,0.36288,0,18.288,4.70954,13.3744,0.84672,12.849,0.84672,3695.15,0,36.966,0.523545,1.25578,2.33908,3.90918,1.29543,5.68507,0.42336,36.966,0.42336,423.524,0,1.02816,0,0,2.28394,1.25578,1.028160,1,0,19.0594,0,0,0,19.0594,0
48.4782,2.26419,0,0,1.08667,0.0281917,0.36288,3.6288,55.297,0.66528,0,0,0.623654,0.267569,0,0.66528,12.849,1,0.581307,0.36288,0,16.2526,4.2713,11.7629,0.84672,12.849,0.84672,3695.15,0,36.966,0.52378,0.333487,2.24602,3.30658,1.17019,4.19211,0.42336,36.966,0.42336,423.524,0,1.02816,0,0,1.36165,0.333487,1.028160,1,0,15.955,0,0,0,15.955,0
46.7601,2.24962,0,0,0.922104,0.0277214,0.36288,3.6288,54.9264,0.672028,0,0,0.5685,0.267026,0,0.66528,12.849,1,0.596256,0.36288,0,15.0179,4.2713,10.5132,0.84672,12.849,0.84672,3695.15,0,36.966,0.524014,0.216518,2.24627,3.14637,1.17019,3.91495,0.42336,36.966,0.42336,423.524,0,1.02141,0,0,1.23793,0.216518,1.028160,1,0,14.4282,0,0,0,14.4282,0
46.0101,2.23274,0,0,1.96606,0.120405,0.36288,3.6288,55.122,0.66528,0,0,1.03997,0.179078,0,0.66528,12.849,1,0.613525,0.36288,0,33.0588,3.02551,29.7826,0.84672,12.849,0.84672,3695.15,0,36.966,0.524248,0.633675,2.24652,6.97148,0.780805,8.54662,0.42336,36.966,0.42336,423.524,0,1.02816,0,0,1.66183,0.633675,1.028160,1,0,38.3293,0,0,0,38.3293,0
46.5406,2.16163,0,0,3.20182,0.146856,0.36288,3.6288,55.5468,0.659413,0,0,1.26013,0.175942,0,0.66528,12.849,1,0.603668,0.36288,0,49.7704,3.11976,46.4098,0.84672,12.849,0.84672,3695.15,0,36.966,0.442216,1.08158,2.24678,6.38297,0.787935,8.48118,0.42336,36.966,0.42336,423.524,0,1.02816,0,0,2.10974,1.08158,1.028160,1,0,54.891,0,0,0,54.891,0
44.8352,2.16732,0,0,1.04526,0.220426,0.36288,3.6288,55.5794,0.661578,0,0,0.937976,0.243828,0,0.66528,12.849,1,0.598357,0.36288,0,33.6731,4.93101,28.5066,0.84672,12.849,0.84672,3695.15,0,36.966,0.440275,0.530617,2.16369,4.37685,1.2201,5.41078,0.42336,36.966,0.42336,423.524,0,1.02816,0,0,1.55878,0.530617,1.028160,1,0,33.9174,0,0,0,33.9174,0
43.274,2.14992,0,0,1.16783,0.216258,0.36288,3.6288,55.731,0.661867,0,0,1.05738,0.24388,0,0.66528,12.849,1,0.61613,0.36288,0,20.6422,4.93101,15.4579,0.84672,12.849,0.84672,3695.15,0,36.966,0.44021,0.757253,2.16394,4.68715,1.2201,5.94802,0.42336,36.966,0.42336,423.524,0,1.02816,0,0,1.78541,0.757253,1.028160,1,0,21.4059,0,0,0,21.4059,0
45.4056,2.13307,0,0,4.82144,0.19387,0.36288,3.6288,56.6924,0.662721,0,0,1.84195,0.217871,0,0.66528,12.849,1,0.633356,0.36288,0,59.9199,4.31454,55.3349,0.84672,12.849,0.84672,3695.15,0,36.966,0.439579,1.85755,2.16418,13.3043,1.22345,15.663,0.42336,36.966,0.42336,423.524,0,1.02816,0,0,2.88571,1.85755,1.028160,1,0,70.9979,0,0,0,70.9979,0
45.7248,1.97638,0,0,2.88164,0.223187,0.36288,3.6288,57.5433,0.556206,0,0,1.59408,0.186935,0,0.66528,12.849,1,0.55928,0.36288,0,59.6801,3.61336,55.8703,0.84672,12.849,0.84672,3695.15,0,36.966,0.362672,1.38696,2.16442,11.3327,1.04399,13.4775,0.42336,36.966,0.42336,423.524,0,1.02816,0,0,2.41512,1.38696,1.028160,1,0,69.3478,0,0,0,69.3478,0
45.732,1.9797,0,0,2.54718,0.197429,0.36288,3.6288,59.1153,0.559594,0,0,2.34427,0.212624,0,0.66528,12.849,1,0.556309,0.36288,0,60.1572,4.72873,55.235,0.84672,12.849,0.84672,3695.15,0,36.966,0.359485,1.73775,1.97946,9.17188,1.09948,11.4301,0.42336,36.966,0.42336,423.524,0,1.02816,0,0,2.76591,1.73775,1.028160,1,0,66.6652,0,0,0,66.6652,0
44.5019,1.98003,0,0,1.30584,0.193018,0.36288,3.6288,60.0545,0.5656,0,0,1.72369,0.218939,0,0.66528,12.849,1,0.556317,0.36288,0,35.7687,4.91463,30.6607,0.84672,12.849,0.84672,3695.15,0,36.966,0.353681,0.734236,1.97968,6.89368,1.10873,8.14519,0.42336,36.966,0.42336,423.524,0,1.02816,0,0,1.7624,0.734236,1.028160,1,0,38.8059,0,0,0,38.8059,0
44.3001,1.96837,0,0,2.33111,0.201668,0.36288,3.6288,61.0582,0.569148,0,0,1.80397,0.231082,0,0.66528,12.849,1,0.568327,0.36288,0,32.5172,4.44333,27.8684,0.84672,12.849,0.84672,3695.15,0,36.966,0.350334,1.57614,1.9799,7.21688,1.11095,9.31164,0.42336,36.966,0.42336,423.524,0,1.02816,0,0,2.6043,1.57614,1.028160,1,0,37.18,0,0,0,37.18,0
44.9533,1.96663,0,0,3.19982,0.21706,0.36288,3.6288,61.308,0.572861,0,0,2.48311,0.202965,1.45752,0.66528,12.849,1,0.570412,0.36288,0,54.3797,3.67735,50.4948,0.84672,12.849,0.84672,3695.15,0,36.966,0.346822,2.85905,1.98013,13.0425,1.00077,16.5341,0.42336,36.966,0.42336,423.524,0,1.02816,0,0,3.88721,2.85905,1.028160,1,0,68.4865,0,0,0,68.4865,0
49.5728,1.97308,0,0,7.1733,0.217862,0.36288,3.6288,61.308,0.573742,0,0,3.64313,0.190711,2.87867,0.66528,12.849,1,0.563965,0.36288,0,106.339,3.63354,102.505,0.84672,12.849,0.84672,3695.15,0,36.966,0.345941,3.94355,1.98035,16.6363,0.913181,21.3011,0.42336,36.966,0.42336,423.524,0,1.02816,0,0,4.97171,3.94355,1.028160,1,0,126.684,0,0,0,126.684,0
54.0446,2.08574,0,0,7.16837,0.24795,0.36288,3.6288,61.308,0.60706,0,0,2.92113,0.221604,2.09247,0.66528,12.849,1,0.540612,0.36288,0,177.082,4.31697,172.587,0.84672,12.849,0.84672,3695.15,0,36.966,0.36603,3.10485,1.98035,17.3427,0.932643,21.1293,0.42336,36.966,0.42336,423.524,0,1.02816,0,0,4.13301,3.10485,1.028160,1,0,195.809,0,0,0,195.809,0
58.5735,2.12215,0,0,7.27365,0.259728,0.36288,3.6288,61.308,0.607183,0,0,2.37017,0.221604,1.54138,0.66528,12.849,1,0.504537,0.36288,0,152.9,4.31697,148.442,0.84672,12.849,0.84672,3695.15,0,36.966,0.366104,2.46163,2.03834,12.6948,0.932643,15.8961,0.42336,36.966,0.42336,423.524,0,1.02816,0,0,3.48979,2.46163,1.028160,1,0,165.879,0,0,0,165.879,0
63.0145,2.15442,0,0,7.22996,0.271656,0.36288,3.6288,61.308,0.607305,0,0,2.95978,0.221604,2.13087,0.66528,12.849,1,0.472605,0.36288,0,190.441,4.31697,186.014,0.84672,12.849,0.84672,3695.15,0,36.966,0.366178,3.42705,2.03856,15.3935,0.932643,19.5603,0.42336,36.966,0.42336,423.524,0,1.02816,0,0,4.45521,3.42705,1.028160,1,0,207.706,0,0,0,207.706,0
64.8645,2.18237,0,0,4.70254,0.307299,0.36288,3.6288,61.308,0.607428,0,0,1.78774,0.214464,0.965846,0.66528,12.849,1,0.444997,0.36288,0,107.405,4.39293,102.93,0.84672,12.849,0.84672,3695.15,0,36.966,0.366252,1.7954,2.03877,9.8407,1.06509,12.2435,0.42336,36.966,0.42336,423.524,0,1.02816,0,0,2.82356,1.7954,1.028160,1,0,116.139,0,0,0,116.139,0
67.6268,2.43179,0,0,5.90728,0.350349,0.36288,3.6288,61.308,0.66528,0,0,2.22031,0.20951,1.34552,0.66528,12.849,1,0.481712,0.36288,0,111.94,4.58388,107.237,0.84672,12.849,0.84672,3695.15,0,36.966,0.508437,2.34235,2.03899,12.0843,1.16614,14.7911,0.42336,36.966,0.42336,423.524,0,1.02816,0,0,3.37051,2.34235,1.028160,1,0,123.374,0,0,0,123.374,0
71.6456,2.44863,0,0,7.18845,0.35813,0.36288,3.6288,61.308,0.66528,0,0,2.31803,0.20951,1.44324,0.66528,12.849,1,0.465237,0.36288,0,147.829,4.58388,143.142,0.84672,12.849,0.84672,3695.15,0,36.966,0.508657,2.61135,2.24716,16.5188,1.16614,19.7025,0.42336,36.966,0.42336,423.524,0,1.02816,0,0,3.63951,2.61135,1.028160,1,0,164.288,0,0,0,164.288,0
72.29,2.47108,0,0,6.55332,0.376037,3.06177,3.6288,61.308,0.66528,0,0,2.66814,0.197014,1.80584,0.66528,12.849,1,0.443166,3.06177,0,152.935,4.16424,151.389,0.84672,12.849,0.84672,3695.15,0,36.966,0.508876,3.29774,2.2474,13.54,1.02568,17.5506,0.42336,36.966,0.42336,423.524,0,1.02816,0,0,4.3259,3.29774,1.028160,1,0,170.746,0,0,0,170.746,0
72.29,2.47475,0,0,6.31941,0.382849,3.46181,3.6288,61.308,0.66528,0,0,2.73192,0.187642,1.87899,0.66528,12.849,1,0.439867,3.46181,0,171.487,3.84951,170.659,0.84672,12.849,0.84672,3695.15,0,36.966,0.509096,3.34193,2.24764,15.7459,0.920335,19.906,0.42336,36.966,0.42336,423.524,0,1.02816,0,0,4.37009,3.34193,1.028160,1,0,192.444,0,0,0,192.444,0
72.29,2.12879,0,0,4.89527,0.348973,2.41751,3.6288,61.308,0.565382,0,0,2.04307,0.146502,1.33118,0.66528,12.849,1,0.378376,2.41751,0,123.199,3.37407,121.865,0.84672,12.849,0.84672,3695.15,0,36.966,0.3409,4.07773,2.24788,14.0897,0.911858,19.1625,0.42336,36.966,0.42336,423.524,0,1.02816,0,0,5.10589,4.07773,1.028160,1,0,142.358,0,0,0,142.358,0
72.29,2.12906,0,0,5.18474,0.348973,2.70671,3.6288,61.308,0.5655,0,0,2.07675,0.146502,1.36475,0.66528,12.849,1,0.378425,2.70671,0,127.582,3.37407,126.536,0.84672,12.849,0.84672,3695.15,0,36.966,0.340971,3.51894,1.96439,14.8052,0.911858,19.0357,0.42336,36.966,0.42336,423.524,0,1.02816,0,0,4.5471,3.51894,1.028160,1,0,146.936,0,0,0,146.936,0
72.29,2.12934,0,0,5.81203,0.340633,3.34206,3.6288,61.308,0.565618,0,0,2.55677,0.158278,1.83287,0.66528,12.849,1,0.378474,3.34206,0,124.764,3.71094,124.017,0.84672,12.849,0.84672,3695.15,0,36.966,0.341042,4.09121,1.9646,15.7758,0.960011,20.5305,0.42336,36.966,0.42336,423.524,0,1.02816,0,0,5.11937,4.09121,1.028160,1,0,146.38,0,0,0,146.38,0
72.29,2.12961,0,0,5.01817,0.319782,2.56878,3.6288,61.308,0.565735,0,0,1.68153,0.187717,0.928082,0.66528,12.849,1,0.378523,2.56878,0,79.2685,4.55311,76.9057,0.84672,12.849,0.84672,3695.15,0,36.966,0.341113,3.14407,1.96481,11.3317,1.08039,15.0191,0.42336,36.966,0.42336,423.524,0,1.02816,0,0,4.17223,3.14407,1.028160,1,0,92.8528,0,0,0,92.8528,0
72.29,2.12989,0,0,7.01719,0.284702,4.6026,3.6288,61.308,0.565853,0,0,3.2115,0.185467,2.46018,0.66528,12.849,1,0.378572,4.6026,0,149.285,4.65784,148.851,0.84672,12.849,0.84672,3695.15,0,36.966,0.341184,5.36728,1.96501,18.6607,1.18373,24.4681,0.42336,36.966,0.42336,423.524,0,1.02816,0,0,6.39544,5.36728,1.028160,1,0,175.779,0,0,0,175.779,0
72.29,2.21738,0,0,7.19995,0.259764,4.72281,3.6288,61.308,0.606944,0,0,2.1462,0.210844,1.32841,0.66528,12.849,1,0.394122,4.72281,0,197.461,4.71156,197.078,0.84672,12.849,0.84672,3695.15,0,36.966,0.36596,4.38748,1.96522,15.8909,1.23271,20.6449,0.42336,36.966,0.42336,423.524,0,1.02816,0,0,5.41564,4.38748,1.028160,1,0,219.052,0,0,0,219.052,0
72.29,2.21766,0,0,4.4097,0.259764,1.93227,3.6288,61.308,0.607066,0,0,1.4344,0.210844,0.616494,0.66528,12.849,1,0.394173,1.93227,0,113.857,4.71156,110.684,0.84672,12.849,0.84672,3695.15,0,36.966,0.366034,2.82836,2.03542,11.0217,1.23271,14.2867,0.42336,36.966,0.42336,423.524,0,1.02816,0,0,3.85652,2.82836,1.028160,1,0,125.587,0,0,0,125.587,0
72.29,2.21795,0,0,3.71809,0.259764,1.24038,3.6288,61.308,0.607189,0,0,1.25564,0.210844,0.43761,0.66528,12.849,1,0.394224,1.24038,0,86.8838,4.71156,83.0184,0.84672,12.849,0.84672,3695.15,0,36.966,0.366108,2.61944,2.03563,10.042,1.23271,13.0983,0.42336,36.966,0.42336,423.524,0,1.02816,0,0,3.6476,2.61944,1.028160,1,0,96.5543,0,0,0,96.5543,0
72.29,2.21824,0,0,3.5235,0.240811,1.06446,3.6288,61.308,0.607311,0,0,1.15258,0.212737,0.332537,0.66528,12.849,1,0.394275,1.06446,0,76.0113,4.25907,72.4224,0.84672,12.849,0.84672,3695.15,0,36.966,0.366182,2.23706,2.03585,8.68804,1.18918,11.4056,0.42336,36.966,0.42336,423.524,0,1.02816,0,0,3.26522,2.23706,1.028160,1,0,84.1605,0,0,0,84.1605,0
72.29,2.18441,0,0,3.62516,0.193428,1.24733,3.6288,61.308,0.591513,0,0,1.18318,0.217469,0.374197,0.66528,12.849,1,0.388262,1.24733,0,75.6026,3.12784,73.3338,0.84672,12.849,0.84672,3695.15,0,36.966,0.356656,1.84858,2.03606,7.73323,1.08037,10.1809,0.42336,36.966,0.42336,423.524,0,1.02816,0,0,2.87674,1.84858,1.028160,1,0,83.8889,0,0,0,83.8889,0
72.29,2.18469,0,0,3.69948,0.193428,1.32136,3.6288,61.308,0.591634,0,0,1.01829,0.217469,0.20919,0.66528,12.849,1,0.388312,1.32136,0,72.9829,3.12784,70.7881,0.84672,12.849,0.84672,3695.15,0,36.966,0.356729,1.34086,2.00903,7.64856,1.08037,9.56135,0.42336,36.966,0.42336,423.524,0,1.02816,0,0,2.36902,1.34086,1.028160,1,0,80.5587,0,0,0,80.5587,0
72.29,2.18497,0,0,3.78386,0.163017,1.43587,3.6288,61.308,0.591754,0,0,0.995803,0.232305,0.171743,0.66528,12.849,1,0.388362,1.43587,0,75.6354,4.29747,72.3855,0.84672,12.849,0.84672,3695.15,0,36.966,0.356802,1.44534,2.00924,9.51204,1.12648,11.4833,0.42336,36.966,0.42336,423.524,0,1.02816,0,0,2.4735,1.44534,1.028160,1,0,84.0405,0,0,0,84.0405,0
72.29,2.18525,0,0,3.05001,0.105184,0.759576,3.6288,61.308,0.591875,0,0,0.94519,0.252275,0.101039,0.66528,12.849,1,0.388412,0.759576,0,49.0892,5.004,44.4564,0.84672,12.849,0.84672,3695.15,0,36.966,0.356874,1.28148,2.00945,7.18459,1.24634,8.87232,0.42336,36.966,0.42336,423.524,0,1.02816,0,0,2.30964,1.28148,1.028160,1,0,53.4297,0,0,0,53.4297,0
72.29,2.30139,0,0,3.33521,0.112649,0.921171,3.6288,61.308,0.648481,0,0,1.02948,0.259296,0.121704,0.66528,12.849,1,0.409055,0.921171,0,65.1638,5.08491,60.591,0.84672,12.849,0.84672,3695.15,0,36.966,0.391005,1.09615,2.00967,7.67258,1.08857,9.29882,0.42336,36.966,0.42336,423.524,0,1.02816,0,0,2.12431,1.09615,1.028160,1,0,70.0116,0,0,0,70.0116,0
72.29,2.30169,0,0,3.23736,0.0929617,0.842715,3.6288,61.308,0.648609,0,0,0.981634,0.2669,0.0661254,0.66528,12.849,1,0.409108,0.842715,0,61.4718,5.20779,56.6976,0.84672,12.849,0.84672,3695.15,0,36.966,0.391082,0.924774,2.1054,7.58566,1.10876,9.11599,0.42336,36.966,0.42336,423.524,0,1.02816,0,0,1.95293,0.924774,1.028160,1,0,65.8797,0,0,0,65.8797,0
72.29,2.30198,0,0,3.19312,0.0929617,0.798174,3.6288,61.308,0.648736,0,0,0.984519,0.2669,0.0688839,0.66528,12.849,1,0.40916,0.798174,0,58.1678,5.20779,53.349,0.84672,12.849,0.84672,3695.15,0,36.966,0.391159,1.00761,2.10562,7.22192,1.10876,8.83523,0.42336,36.966,0.42336,423.524,0,1.02816,0,0,2.03577,1.00761,1.028160,1,0,62.2531,0,0,0,62.2531,0
72.29,2.30228,0,0,2.86425,0.107713,0.454262,3.6288,61.308,0.648863,0,0,0.938788,0.262949,0.0269753,0.66528,12.849,1,0.409213,0.454262,0,54.9333,4.95394,50.0244,0.84672,12.849,0.84672,3695.15,0,36.966,0.391236,1.01899,2.10585,6.65159,1.11855,8.26664,0.42336,36.966,0.42336,423.524,0,1.02816,0,0,2.04715,1.01899,1.028160,1,0,58.318,0,0,0,58.318,0
72.1788,2.30258,0,0,2.65303,0.0987656,0.36288,3.6288,61.257,0.648991,0,0,0.882766,0.284768,0,0.66528,12.849,1,0.409265,0.36288,0,48.8723,5.2951,43.5308,0.84672,12.849,0.84672,3695.15,0,36.966,0.391313,1.11257,2.10607,5.96835,1.26908,7.5266,0.42336,36.966,0.42336,423.524,0,1.02816,0,0,2.14073,1.11257,1.028160,1,0,51.0574,0,0,0,51.0574,0
71.7504,2.27942,0,0,2.29114,0.0772382,0.36288,3.6288,61.0615,0.66528,0,0,0.774714,0.304984,0,0.66528,12.849,1,0.405773,0.36288,0,43.4023,5.80482,37.5546,0.84672,12.849,0.84672,3695.15,0,36.966,0.42502,0.838391,2.10629,4.73039,1.37217,5.87788,0.42336,36.966,0.42336,423.524,0,1.02816,0,0,1.86655,0.838391,1.028160,1,0,43.4324,0,0,0,43.4324,0
71.1077,2.27765,0,0,2.07478,0.076987,0.36288,3.6288,60.8408,0.66528,0,0,0.749192,0.304607,0,0.66528,12.849,1,0.40788,0.36288,0,39.2357,5.80482,33.3859,0.84672,12.849,0.84672,3695.15,0,36.966,0.42523,0.756976,2.13993,4.64354,1.37217,5.74304,0.42336,36.966,0.42336,423.524,0,1.02816,0,0,1.78514,0.756976,1.028160,1,0,39.1289,0,0,0,39.1289,0
70.3955,2.27482,0,0,2.00218,0.07661,0.36288,3.6288,60.5689,0.66528,0,0,0.697645,0.304181,0,0.66528,12.849,1,0.411056,0.36288,0,35.895,5.80482,30.042,0.84672,12.849,0.84672,3695.15,0,36.966,0.42544,0.546299,2.14015,4.49719,1.37217,5.38603,0.42336,36.966,0.42336,423.524,0,1.02816,0,0,1.57446,0.546299,1.028160,1,0,35.428,0,0,0,35.428,0
69.5879,2.2716,0,0,1.90003,0.0731571,0.36288,3.6288,60.2497,0.66528,0,0,0.653349,0.307341,0,0.66528,12.849,1,0.414626,0.36288,0,31.872,5.75973,26.0605,0.84672,12.849,0.84672,3695.15,0,36.966,0.42565,0.441323,2.14038,4.33833,1.38501,5.10937,0.42336,36.966,0.42336,423.524,0,1.02816,0,0,1.46948,0.441323,1.028160,1,0,31.1699,0,0,0,31.1699,0
68.7459,2.32671,0,0,1.90216,0.0546042,0.36288,3.6288,59.9621,0.66528,0,0,0.706529,0.32878,0,0.66528,12.849,1,0.429614,0.36288,0,36.8061,5.48919,31.2502,0.84672,12.849,0.84672,3695.15,0,36.966,0.470257,0.466491,2.14061,3.8004,1.462,4.47524,0.42336,36.966,0.42336,423.524,0,1.02816,0,0,1.49465,0.466491,1.028160,1,0,35.7255,0,0,0,35.7255,0
67.809,2.32258,0,0,1.80277,0.054248,0.36288,3.6288,59.6008,0.66528,0,0,0.632094,0.328178,0,0.66528,12.849,1,0.434103,0.36288,0,32.5212,5.48919,26.9608,0.84672,12.849,0.84672,3695.15,0,36.966,0.470472,0.61217,2.18821,3.96941,1.462,4.83731,0.42336,36.966,0.42336,423.524,0,1.02816,0,0,1.64033,0.61217,1.028160,1,0,31.7981,0,0,0,31.7981,0
66.7597,2.31783,0,0,1.68527,0.0538517,0.36288,3.6288,59.1929,0.66528,0,0,0.584828,0.327422,0,0.66528,12.849,1,0.439202,0.36288,0,30.923,5.48919,25.3575,0.84672,12.849,0.84672,3695.15,0,36.966,0.470688,0.47101,2.18844,3.483,1.462,4.20976,0.42336,36.966,0.42336,423.524,0,1.02816,0,0,1.49917,0.47101,1.028160,1,0,29.5672,0,0,0,29.5672,0
65.6937,2.31234,0,0,1.66262,0.0534079,0.36288,3.6288,58.8338,0.66528,0,0,0.632723,0.326569,0,0.66528,12.849,1,0.445048,0.36288,0,28.6936,5.48919,23.1223,0.84672,12.849,0.84672,3695.15,0,36.966,0.470903,0.572054,2.18867,3.93891,1.462,4.76673,0.42336,36.966,0.42336,423.524,0,1.02816,0,0,1.60021,0.572054,1.028160,1,0,27.889,0,0,0,27.889,0
64.7973,2.47754,0,0,1.97691,0.032862,0.36288,3.6288,58.4675,0.68358,0,0,0.657513,0.340192,0,0.66528,12.849,1,0.484581,0.36288,0,34.1099,5.18469,28.8036,0.84672,12.849,0.84672,3695.15,0,36.966,0.631442,0.227405,2.18891,3.61199,1.40375,3.9931,0.42336,36.966,0.42336,423.524,0,1.00986,0,0,1.23727,0.227405,1.028160,1,0,32.7967,0,0,0,32.7967,0
63.8503,2.47226,0,0,1.942,0.0538428,0.36288,3.6288,58.0302,0.753823,0,0,0.629614,0.313105,0,0.66528,12.849,1,0.490237,0.36288,0,32.3576,4.83778,27.3924,0.84672,12.849,0.84672,3695.15,0,36.966,0.631676,0.227405,2.3513,3.24131,1.36339,3.82496,0.42336,36.966,0.42336,423.524,0,0.939617,0,0,1.16702,0.227405,1.028160,1,0,31.2174,0,0,0,31.2174,0
62.7838,2.46652,0,0,1.81363,0.0507692,0.36288,3.6288,57.6788,0.66528,0,0,0.624962,0.311044,0,0.66528,12.849,1,0.496353,0.36288,0,32.2313,4.9224,27.1754,0.84672,12.849,0.84672,3695.15,0,36.966,0.63191,0.649218,2.35156,3.18426,1.38494,4.16818,0.42336,36.966,0.42336,423.524,0,1.02816,0,0,1.67738,0.649218,1.028160,1,0,31.3436,0,0,0,31.3436,0
61.6377,2.45983,0,0,1.72699,0.0503302,0.36288,3.6288,57.3146,0.66528,0,0,0.611393,0.310339,0,0.66528,12.849,1,0.503417,0.36288,0,30.7002,4.9224,25.6372,0.84672,12.849,0.84672,3695.15,0,36.966,0.632144,0.616749,2.35181,3.10258,1.38494,4.05405,0.42336,36.966,0.42336,423.524,0,1.02816,0,0,1.64491,0.616749,1.028160,1,0,29.6913,0,0,0,29.6913,0
60.3935,2.4524,0,0,1.6513,0.0802662,0.36288,3.6288,56.9877,0.66528,0,0,0.621679,0.283268,0,0.66528,12.849,1,0.511227,0.36288,0,29.6513,4.52856,24.9744,0.84672,12.849,0.84672,3695.15,0,36.966,0.632378,0.302149,2.35206,3.51241,1.23933,4.29491,0.42336,36.966,0.42336,423.524,0,1.02816,0,0,1.33031,0.302149,1.028160,1,0,29.2693,0,0,0,29.2693,0
59.2561,2.36185,0,0,1.70696,0.119569,0.36288,3.6288,56.2796,1.0456,0,0,0.585058,0.247623,0,0.66528,12.849,1,0.502495,0.36288,0,29.1632,4.00344,25.0201,0.84672,12.849,0.84672,3695.15,0,36.966,0.678247,0.204422,2.35231,3.69465,1.04518,4.52795,0.42336,36.966,0.42336,423.524,0,0.504835,0,0,0.709258,0.204422,1.028160,1,0,29.5481,0,0,0,29.5481,0
58.5304,2.35422,0,0,2.10966,0.118285,0.36288,3.6288,56.2083,0.66528,0,0,0.840519,0.246483,0,0.66528,12.849,1,0.510486,0.36288,0,37.9602,4.00344,33.8091,0.84672,12.849,0.84672,3695.15,0,36.966,0.535468,0.261303,2.25866,3.10233,1.04518,4.04164,0.42336,36.966,0.42336,423.524,0,1.02816,0,0,1.28946,0.261303,1.028160,1,0,37.8508,0,0,0,37.8508,0
57.532,2.34933,0,0,1.83123,0.117458,0.36288,3.6288,55.7436,0.890734,0,0,0.672358,0.246368,0,0.66528,12.849,1,0.515742,0.36288,0,32.2094,4.00344,28.0531,0.84672,12.849,0.84672,3695.15,0,36.966,0.585801,0.216518,2.2589,3.84756,1.04518,4.692,0.42336,36.966,0.42336,423.524,0,0.752596,0,0,0.969114,0.216518,1.028160,1,0,32.7451,0,0,0,32.7451,0
60.4387,2.34232,0,0,5.75007,0.13817,0.36288,3.6288,57.3906,0.66528,0,0,2.53977,0.227486,0,0.66528,12.849,1,0.523125,0.36288,0,85.551,3.76272,81.6281,0.84672,12.849,0.84672,3695.15,0,36.966,0.535913,3.98855,2.25914,6.19688,0.98448,10.9242,0.42336,36.966,0.42336,423.524,0,1.02816,0,0,5.01671,3.98855,1.028160,1,0,92.5523,0,0,0,92.5523,0
59.6077,2.29587,0,0,2.00847,0.180712,0.36288,3.6288,56.958,0.81601,0,0,0.625781,0.242389,0,0.66528,12.849,1,0.488093,0.36288,0,24.266,4.40937,19.7314,0.84672,12.849,0.84672,3695.15,0,36.966,0.525602,0.216518,2.25938,3.0985,1.04817,4.00063,0.42336,36.966,0.42336,423.524,0,0.799295,0,0,1.01581,0.216518,1.028160,1,0,23.732,0,0,0,23.732,0
58.4817,2.29057,0,0,1.70676,0.17931,0.36288,3.6288,56.7533,0.66528,0,0,0.702304,0.24171,0,0.66528,12.849,1,0.493754,0.36288,0,19.8362,4.40937,15.296,0.84672,12.849,0.84672,3695.15,0,36.966,0.447679,0.217175,2.17578,3.44397,1.04817,4.34108,0.42336,36.966,0.42336,423.524,0,1.02816,0,0,1.24533,0.217175,1.028160,1,0,19.6371,0,0,0,19.6371,0
60.9153,2.28307,0,0,5.25698,0.177372,0.36288,3.6288,58.0941,0.66528,0,0,2.24751,0.241388,0,0.66528,12.849,1,0.501612,0.36288,0,68.7243,4.40937,64.1762,0.84672,12.849,0.84672,3695.15,0,36.966,0.447892,2.95451,2.17601,8.18918,1.04817,11.8236,0.42336,36.966,0.42336,423.524,0,1.02816,0,0,3.98267,2.95451,1.028160,1,0,75.9998,0,0,0,75.9998,0
62.3563,2.29991,0,0,4.31638,0.212616,0.36288,3.6288,59.1251,0.66528,0,0,1.91668,0.220479,0,0.66528,12.849,1,0.485125,0.36288,0,55.7455,4.08289,51.5403,0.84672,12.849,0.84672,3695.15,0,36.966,0.448105,0.71051,2.17624,6.1925,0.955691,7.67546,0.42336,36.966,0.42336,423.524,0,1.02816,0,0,1.73867,0.71051,1.028160,1,0,59.2158,0,0,0,59.2158,0
62.8784,2.11669,0,0,3.25058,0.248933,0.36288,3.6288,60.5113,0.571517,0,0,2.1585,0.20075,0,0.66528,12.849,1,0.43616,0.36288,0,52.5141,4.00404,48.4368,0.84672,12.849,0.84672,3695.15,0,36.966,0.357323,1.62331,2.17647,8.61475,0.972125,11.0851,0.42336,36.966,0.42336,423.524,0,1.02816,0,0,2.65147,1.62331,1.028160,1,0,59.5219,0,0,0,59.5219,0
63.8076,2.11997,0,0,3.67226,0.260185,0.36288,3.6288,61.308,0.576718,0,0,1.99079,0.196406,0.420954,0.66528,12.849,1,0.433209,0.36288,0,59.0174,4.05058,54.8965,0.84672,12.849,0.84672,3695.15,0,36.966,0.352314,1.1199,1.99038,8.05732,1.04301,9.77228,0.42336,36.966,0.42336,423.524,0,1.02816,0,0,2.14806,1.1199,1.028160,1,0,65.0897,0,0,0,65.0897,0
64.199,2.12549,0,0,3.14188,0.262161,0.36288,3.6288,61.308,0.579693,0,0,1.96585,0.1974,1.18876,0.66528,12.849,1,0.428013,0.36288,0,53.7829,4.05058,49.6672,0.84672,12.849,0.84672,3695.15,0,36.966,0.349529,1.04259,1.99059,7.97221,1.04301,9.61286,0.42336,36.966,0.42336,423.524,0,1.02816,0,0,2.07075,1.04259,1.028160,1,0,60.4688,0,0,0,60.4688,0
66.1599,2.12794,0,0,4.71339,0.261671,0.36288,3.6288,61.308,0.579813,0,0,1.88234,0.21356,1.08896,0.66528,12.849,1,0.425894,0.36288,0,50.6361,4.54671,46.0264,0.84672,12.849,0.84672,3695.15,0,36.966,0.349601,1.29387,1.9908,8.01299,1.19703,9.75103,0.42336,36.966,0.42336,423.524,0,1.02816,0,0,2.32203,1.29387,1.028160,1,0,56.8664,0,0,0,56.8664,0
68.5594,2.13879,0,0,5.16526,0.264081,0.36288,3.6288,61.308,0.579932,0,0,1.64927,0.229099,0.840242,0.66528,12.849,1,0.415378,0.36288,0,67.9762,4.83816,63.0855,0.84672,12.849,0.84672,3695.15,0,36.966,0.349673,1.14567,1.99101,7.59485,1.28247,9.0994,0.42336,36.966,0.42336,423.524,0,1.02816,0,0,2.17383,1.14567,1.028160,1,0,73.0251,0,0,0,73.0251,0
70.9834,2.22668,0,0,5.2829,0.269257,0.36288,3.6288,61.308,0.613444,0,0,1.42548,0.214079,0.597956,0.66528,12.849,1,0.417311,0.36288,0,73.3595,3.91304,69.392,0.84672,12.849,0.84672,3695.15,0,36.966,0.369879,1.30686,1.99122,5.01658,0.982663,6.96212,0.42336,36.966,0.42336,423.524,0,1.02816,0,0,2.33502,1.30686,1.028160,1,0,76.9521,0,0,0,76.9521,0
72.29,2.23902,0,0,4.24646,0.274354,0.426542,3.6288,61.308,0.61356,0,0,1.24178,0.214079,0.414145,0.66528,12.849,1,0.405294,0.426542,0,42.4227,3.91304,38.5309,0.84672,12.849,0.84672,3695.15,0,36.966,0.369949,1.06236,2.04956,4.02042,0.982663,5.77972,0.42336,36.966,0.42336,423.524,0,1.02816,0,0,2.09052,1.06236,1.028160,1,0,44.7247,0,0,0,44.7247,0
72.29,2.24551,0,0,3.543,0.3192,0.978295,3.6288,61.2326,0.733456,0,0,0.845676,0.187617,0,0.66528,12.849,1,0.399122,0.978295,0,48.0841,3.8249,44.8384,0.84672,12.849,0.84672,3695.15,0,36.966,0.442241,0.503194,2.04976,5.00655,0.912937,6.20433,0.42336,36.966,0.42336,423.524,0,0.836158,0,0,1.33935,0.503194,1.028160,1,0,51.0427,0,0,0,51.0427,0
72.29,2.24578,0,0,4.46196,0.350775,1.8654,3.6288,61.308,0.613508,0,0,1.13204,0.167691,0.275449,0.66528,12.849,1,0.399171,1.8654,0,83.3509,3.75879,81.0584,0.84672,12.849,0.84672,3695.15,0,36.966,0.370374,0.825336,2.04996,7.9261,0.860642,9.57039,0.42336,36.966,0.42336,423.524,0,1.02816,0,0,1.8535,0.825336,1.028160,1,0,90.9042,0,0,0,90.9042,0
72.29,2.49017,0,0,6.00257,0.360175,3.15222,3.6288,61.308,0.66528,0,0,1.70245,0.209874,0.827298,0.66528,12.849,1,0.44261,3.15222,0,75.9928,4.12005,74.5823,0.84672,12.849,0.84672,3695.15,0,36.966,0.519828,2.27992,2.05017,6.69435,1.01549,9.48912,0.42336,36.966,0.42336,423.524,0,1.02816,0,0,3.30808,2.27992,1.028160,1,0,84.8988,0,0,0,84.8988,0
72.29,2.49047,0,0,3.41503,0.361741,0.562814,3.6288,61.1689,0.66528,0,0,0.7431,0.216891,0,0.66528,12.849,1,0.442663,0.562814,0,51.6121,4.18026,47.552,0.84672,12.849,0.84672,3695.15,0,36.966,0.520036,0.625164,2.25957,3.47681,1.0413,4.80021,0.42336,36.966,0.42336,423.524,0,1.02816,0,0,1.65332,0.625164,1.028160,1,0,52.3522,0,0,0,52.3522,0
71.2109,2.49077,0,0,2.11218,0.337624,0.36288,3.6288,60.4008,1.07434,0,0,0.531137,0.224932,0,0.66528,12.849,1,0.442716,0.36288,0,31.3244,4.13028,27.1143,0.84672,12.849,0.84672,3695.15,0,36.966,0.649251,0.608429,2.2598,2.51205,1.00782,3.72321,0.42336,36.966,0.42336,423.524,0,0.490095,0,0,1.09852,0.608429,1.028160,1,0,30.8375,0,0,0,30.8375,0
71.0635,2.48539,0,0,3.01775,0.316919,0.36288,3.6288,60.2966,0.704506,0,0,0.83033,0.229982,0,0.66528,12.849,1,0.448453,0.36288,0,44.7429,4.0928,40.5646,0.84672,12.849,0.84672,3695.15,0,36.966,0.520453,0.608429,2.26003,4.04881,0.982718,5.41409,0.42336,36.966,0.42336,423.524,0,0.988934,0,0,1.59736,0.608429,1.028160,1,0,45.9787,0,0,0,45.9787,0
71.2224,2.13746,0,0,2.99196,0.332702,0.36288,3.6288,60.5774,0.567878,0,0,1.05587,0.207237,0,0.66528,12.849,1,0.386475,0.36288,0,59.5547,3.99199,55.5391,0.84672,12.849,0.84672,3695.15,0,36.966,0.348148,1.1896,2.26026,6.84448,0.92608,9.0201,0.42336,36.966,0.42336,423.524,0,1.02816,0,0,2.21776,1.1896,1.028160,1,0,64.5592,0,0,0,64.5592,0
72.29,2.13845,0,0,4.28101,0.3358,0.739143,3.6288,61.1904,0.568991,0,0,1.38588,0.203835,0,0.66528,12.849,1,0.385791,0.739143,0,83.0226,3.97519,79.4008,0.84672,12.849,0.84672,3695.15,0,36.966,0.347214,2.56939,1.97506,8.3732,0.91664,11.6538,0.42336,36.966,0.42336,423.524,0,1.02816,0,0,3.59755,2.56939,1.028160,1,0,91.0546,0,0,0,91.0546,0
72.29,2.14355,0,0,4.92729,0.338543,2.44519,3.6288,61.308,0.571271,0,0,1.45062,0.204629,0.55717,0.66528,12.849,1,0.381,2.44519,0,64.7246,3.97519,62.8136,0.84672,12.849,0.84672,3695.15,0,36.966,0.345113,2.12027,1.97526,7.5956,0.91664,10.4294,0.42336,36.966,0.42336,423.524,0,1.02816,0,0,3.14843,2.12027,1.028160,1,0,73.8001,0,0,0,73.8001,0
72.29,2.14381,0,0,4.2235,0.351412,1.72827,3.6288,61.308,0.571796,0,0,1.3755,0.189438,0.614263,0.66528,12.849,1,0.381047,1.72827,0,66.2641,3.99637,63.615,0.84672,12.849,0.84672,3695.15,0,36.966,0.344767,2.21583,1.97546,7.86404,0.878679,10.8319,0.42336,36.966,0.42336,423.524,0,1.02816,0,0,3.24399,2.21583,1.028160,1,0,75.0611,0,0,0,75.0611,0
72.29,2.14407,0,0,3.99374,0.334495,1.51517,3.6288,61.308,0.571907,0,0,1.23745,0.16746,0.49808,0.66528,12.849,1,0.381093,1.51517,0,72.0255,3.84409,69.3155,0.84672,12.849,0.84672,3695.15,0,36.966,0.344835,1.9248,1.97565,8.24005,0.919073,10.8766,0.42336,36.966,0.42336,423.524,0,1.02816,0,0,2.95296,1.9248,1.028160,1,0,80.6902,0,0,0,80.6902,0
72.29,2.23207,0,0,4.75046,0.29907,2.21933,3.6288,61.308,0.613235,0,0,1.05151,0.153497,0.284773,0.66528,12.849,1,0.396733,2.21933,0,101.036,3.61988,99.2389,0.84672,12.849,0.84672,3695.15,0,36.966,0.369753,1.49382,1.97585,7.7781,1.01089,9.86712,0.42336,36.966,0.42336,423.524,0,1.02816,0,0,2.52198,1.49382,1.028160,1,0,109.391,0,0,0,109.391,0
72.29,2.23234,0,0,4.33025,0.29907,1.79884,3.6288,61.308,0.613351,0,0,0.927634,0.153497,0.160785,0.66528,12.849,1,0.396781,1.79884,0,81.159,3.61988,78.9412,0.84672,12.849,0.84672,3695.15,0,36.966,0.369823,1.26389,2.04645,5.94514,1.01089,7.87477,0.42336,36.966,0.42336,423.524,0,1.02816,0,0,2.29205,1.26389,1.028160,1,0,86.9767,0,0,0,86.9767,0
72.29,2.23261,0,0,4.07846,0.236332,1.60952,3.6288,61.308,0.613467,0,0,0.930606,0.197557,0.119581,0.66528,12.849,1,0.396829,1.60952,0,77.4662,4.32748,74.3514,0.84672,12.849,0.84672,3695.15,0,36.966,0.369893,1.11499,2.04665,5.76819,1.1241,7.43585,0.42336,36.966,0.42336,423.524,0,1.02816,0,0,2.14315,1.11499,1.028160,1,0,81.9069,0,0,0,81.9069,0
72.29,2.23288,0,0,3.45459,0.228201,0.99351,3.6288,61.1771,0.613583,0,0,0.738452,0.255728,0,0.66528,12.849,1,0.396878,0.99351,0,67.2189,5.81321,62.0024,0.84672,12.849,0.84672,3695.15,0,36.966,0.369964,0.791001,2.04686,4.87737,1.29763,6.04763,0.42336,36.966,0.42336,423.524,0,1.02816,0,0,1.81916,0.791001,1.028160,1,0,68.05,0,0,0,68.05,0
72.29,2.19884,0,0,3.26296,0.188138,0.875983,3.6288,61.1284,0.597204,0,0,0.765772,0.217343,0,0.66528,12.849,1,0.390826,0.875983,0,56.2817,3.9124,52.8545,0.84672,12.849,0.84672,3695.15,0,36.966,0.360858,0.564589,2.04706,4.49988,1.149,5.60167,0.42336,36.966,0.42336,423.524,0,1.02816,0,0,1.59275,0.564589,1.028160,1,0,58.4562,0,0,0,58.4562,0
72.29,2.1991,0,0,2.92916,0.188138,0.541918,3.6288,61.1218,0.597139,0,0,0.807814,0.217276,0,0.66528,12.849,1,0.390874,0.541918,0,52.0419,3.9124,48.2806,0.84672,12.849,0.84672,3695.15,0,36.966,0.361106,0.606779,2.01986,4.51952,1.149,5.63605,0.42336,36.966,0.42336,423.524,0,1.02816,0,0,1.63494,0.606779,1.028160,1,0,53.9166,0,0,0,53.9166,0
72.29,2.19937,0,0,3.18501,0.188138,0.797498,3.6288,60.9828,0.618043,0,0,0.696298,0.217267,0,0.66528,12.849,1,0.390921,0.797498,0,53.6947,3.9124,50.1888,0.84672,12.849,0.84672,3695.15,0,36.966,0.373788,0.402797,2.02006,5.53818,1.149,6.43825,0.42336,36.966,0.42336,423.524,0,0.994758,0,0,1.39755,0.402797,1.028160,1,0,56.6271,0,0,0,56.6271,0
72.29,2.19964,0,0,2.87384,0.145563,0.528636,3.6288,60.8297,0.596831,0,0,0.68161,0.237803,0,0.66528,12.849,1,0.390969,0.528636,0,48.6943,5.54988,43.2821,0.84672,12.849,0.84672,3695.15,0,36.966,0.361782,0.429538,2.02026,4.66119,1.21356,5.53565,0.42336,36.966,0.42336,423.524,0,1.02816,0,0,1.4577,0.429538,1.028160,1,0,48.8177,0,0,0,48.8177,0
71.9718,2.31644,0,0,2.52398,0.162861,0.36288,3.6288,60.729,0.653029,0,0,0.74895,0.196633,0,0.66528,12.849,1,0.41173,0.36288,0,38.1004,4.854,33.1976,0.84672,12.849,0.84672,3695.15,0,36.966,0.396843,0.456564,2.02046,4.18954,1.07445,5.19526,0.42336,36.966,0.42336,423.524,0,1.02816,0,0,1.48472,0.456564,1.028160,1,0,38.3928,0,0,0,38.3928,0
71.7729,2.31518,0,0,2.58551,0.106327,0.36288,3.6288,60.7003,0.65274,0,0,0.827375,0.203305,0,0.66528,12.849,1,0.413325,0.36288,0,42.5438,4.86996,37.6234,0.84672,12.849,0.84672,3695.15,0,36.966,0.397326,0.737199,2.11675,4.752,1.05933,6.14929,0.42336,36.966,0.42336,423.524,0,1.02816,0,0,1.76536,0.737199,1.028160,1,0,43.7727,0,0,0,43.7727,0
71.3038,2.31449,0,0,2.28286,0.0746185,0.36288,3.6288,60.5109,0.652744,0,0,0.677799,0.214489,0,0.66528,12.849,1,0.414346,0.36288,0,38.7877,5.0211,33.7152,0.84672,12.849,0.84672,3695.15,0,36.966,0.397516,0.467156,2.11696,4.0033,1.08974,5.10016,0.42336,36.966,0.42336,423.524,0,1.02816,0,0,1.49532,0.467156,1.028160,1,0,38.8153,0,0,0,38.8153,0
70.7073,2.31246,0,0,2.1532,0.0743518,0.36288,3.6288,60.183,0.655015,0,0,0.541303,0.214231,0,0.66528,12.849,1,0.416707,0.36288,0,35.8354,5.0211,30.7604,0.84672,12.849,0.84672,3695.15,0,36.966,0.400147,0.30119,2.11717,3.75972,1.08974,4.68819,0.42336,36.966,0.42336,423.524,0,1.02345,0,0,1.32464,0.30119,1.028160,1,0,35.4486,0,0,0,35.4486,0
70.1315,2.30976,0,0,2.18081,0.0840193,0.36288,3.6288,59.8567,0.650867,0,0,0.550164,0.225593,0,0.66528,12.849,1,0.419732,0.36288,0,33.0038,5.02111,27.9258,0.84672,12.849,0.84672,3695.15,0,36.966,0.39978,0.332891,2.11738,3.69377,1.07059,4.67368,0.42336,36.966,0.42336,423.524,0,1.02816,0,0,1.36105,0.332891,1.028160,1,0,32.5995,0,0,0,32.5995,0
69.5323,2.28418,0,0,2.13151,0.0835736,0.36288,3.6288,59.6055,0.66528,0,0,0.625963,0.211886,0,0.66528,12.849,1,0.418491,0.36288,0,31.8364,4.51111,27.2697,0.84672,12.849,0.84672,3695.15,0,36.966,0.435644,0.351829,2.11759,3.5949,0.944163,4.68451,0.42336,36.966,0.42336,423.524,0,1.02816,0,0,1.37999,0.351829,1.028160,1,0,31.9542,0,0,0,31.9542,0
68.7503,2.28141,0,0,1.94077,0.0785267,0.36288,3.6288,59.2699,0.7051,0,0,0.591975,0.222398,0,0.66528,12.849,1,0.421585,0.36288,0,28.0253,4.65226,23.3143,0.84672,12.849,0.84672,3695.15,0,36.966,0.437288,0.261274,2.15141,3.48913,0.995686,4.46884,0.42336,36.966,0.42336,423.524,0,0.986895,0,0,1.24817,0.261274,1.028160,1,0,27.7832,0,0,0,27.7832,0
67.9021,2.27764,0,0,1.84254,0.0502564,0.36288,3.6288,58.8481,0.689446,0,0,0.554527,0.286887,0,0.66528,12.849,1,0.425678,0.36288,0,25.2768,5.49916,19.7149,0.84672,12.849,0.84672,3695.15,0,36.966,0.436043,0.261274,2.15163,3.32714,1.30482,3.99918,0.42336,36.966,0.42336,423.524,0,1.00399,0,0,1.26527,0.261274,1.028160,1,0,23.7141,0,0,0,23.7141,0
66.8511,2.27345,0,0,1.63531,0.049924,0.36288,3.6288,58.3807,0.704091,0,0,0.522713,0.286112,0,0.66528,12.849,1,0.430201,0.36288,0,23.8422,5.49916,18.2757,0.84672,12.849,0.84672,3695.15,0,36.966,0.442281,0.261274,2.15184,3.18932,1.30482,3.85533,0.42336,36.966,0.42336,423.524,0,0.98331,0,0,1.24458,0.261274,1.028160,1,0,22.131,0,0,0,22.131,0
65.7286,2.3269,0,0,1.6234,0.0561315,0.36288,3.6288,57.8381,0.750583,0,0,0.514224,0.306192,0,0.66528,12.849,1,0.447238,0.36288,0,22.3005,5.61099,16.6052,0.84672,12.849,0.84672,3695.15,0,36.966,0.481096,0.261274,2.15206,3.04498,1.48564,3.49157,0.42336,36.966,0.42336,423.524,0,0.942857,0,0,1.20413,0.261274,1.028160,1,0,20.0968,0,0,0,20.0968,0
64.5838,2.32079,0,0,1.59454,0.0556329,0.36288,3.6288,57.3236,0.714675,0,0,0.505278,0.305122,0,0.66528,12.849,1,0.453682,0.36288,0,20.821,5.61099,15.1192,0.84672,12.849,0.84672,3695.15,0,36.966,0.4813,0.261274,2.19992,3.09213,1.48564,3.58639,0.42336,36.966,0.42336,423.524,0,0.978765,0,0,1.24004,0.261274,1.028160,1,0,18.7056,0,0,0,18.7056,0
63.2381,2.31437,0,0,1.38665,0.0551243,0.36288,3.6288,56.724,0.770277,0,0,0.474847,0.304107,0,0.66528,12.849,1,0.460445,0.36288,0,19.6989,5.61099,13.9903,0.84672,12.849,0.84672,3695.15,0,36.966,0.496725,0.227405,2.20014,3.0091,1.48564,3.45429,0.42336,36.966,0.42336,423.524,0,0.907943,0,0,1.13535,0.227405,1.028160,1,0,17.4446,0,0,0,17.4446,0
61.7911,2.3065,0,0,1.27689,0.0545265,0.36288,3.6288,56.0838,0.802573,0,0,0.465254,0.302925,0,0.66528,12.849,1,0.468645,0.36288,0,18.5789,5.61099,12.8622,0.84672,12.849,0.84672,3695.15,0,36.966,0.523022,0.227405,2.20036,2.97864,1.48564,3.39775,0.42336,36.966,0.42336,423.524,0,0.849554,0,0,1.07696,0.227405,1.028160,1,0,16.2599,0,0,0,16.2599,0
59.9656,2.46787,0,0,1.0471,0.041803,0.36288,3.6288,55.3259,0.888754,0,0,0.438464,0.307636,0,0.66528,12.849,1,0.513174,0.36288,0,16.4369,5.80964,10.477,0.84672,12.849,0.84672,3695.15,0,36.966,0.643166,0.227405,2.20058,2.98273,1.52411,3.24344,0.42336,36.966,0.42336,423.524,0,0.804686,0,0,1.03209,0.227405,1.028160,1,0,13.7204,0,0,0,13.7204,0
58.2144,2.4553,0,0,1.1225,0.0555527,0.36288,3.6288,54.5711,0.888261,0,0,0.430961,0.297487,0,0.66528,12.849,1,0.526103,0.36288,0,14.9787,5.56605,9.24946,0.84672,12.849,0.84672,3695.15,0,36.966,0.643388,0.227405,2.36391,3.27853,1.47452,3.75194,0.42336,36.966,0.42336,423.524,0,0.805179,0,0,1.03258,0.227405,1.028160,1,0,13.0014,0,0,0,13.0014,0
57.1326,2.44262,0,0,1.79647,0.0727634,0.36288,3.6288,54.1436,0.66528,0,0,0.529649,0.291904,0,0.66528,12.849,1,0.539132,0.36288,0,24.8842,5.44731,19.2607,0.84672,12.849,0.84672,3695.15,0,36.966,0.643609,0.226325,2.36415,3.57388,1.45996,4.06079,0.42336,36.966,0.42336,423.524,0,1.02816,0,0,1.25448,0.226325,1.028160,1,0,23.3215,0,0,0,23.3215,0
56.5144,2.43458,0,0,2.25166,0.0724387,0.36288,3.6288,53.8404,0.666395,0,0,0.645894,0.282656,0,0.66528,12.849,1,0.547532,0.36288,0,29.6768,5.58739,23.9047,0.84672,12.849,0.84672,3695.15,0,36.966,0.643831,0.204422,2.36439,3.50514,1.44594,3.98417,0.42336,36.966,0.42336,423.524,0,1.02705,0,0,1.23147,0.204422,1.028160,1,0,27.8889,0,0,0,27.8889,0
55.9356,2.42999,0,0,2.28747,0.0734273,0.36288,3.6288,53.6073,0.66528,0,0,0.712608,0.280397,0,0.66528,12.849,1,0.552479,0.36288,0,21.5895,5.23678,16.1632,0.84672,12.849,0.84672,3695.15,0,36.966,0.644053,0.734651,2.36462,4.26775,1.36535,5.35762,0.42336,36.966,0.42336,423.524,0,1.02816,0,0,1.76281,0.734651,1.028160,1,0,21.5208,0,0,0,21.5208,0
54.547,2.34412,0,0,1.40038,0.0819204,0.36288,3.6288,53.2142,0.66528,0,0,0.550016,0.27788,0,0.66528,12.849,1,0.53847,0.36288,0,17.3263,4.26478,12.8859,0.84672,12.849,0.84672,3695.15,0,36.966,0.546347,0.477982,2.36486,4.32747,1.16517,5.4588,0.42336,36.966,0.42336,423.524,0,1.02816,0,0,1.50614,0.477982,1.028160,1,0,18.3447,0,0,0,18.3447,0
53.1322,2.33331,0,0,1.36222,0.0807886,0.36288,3.6288,52.7807,0.66528,0,0,0.508826,0.27701,0,0.66528,12.849,1,0.549631,0.36288,0,15.8272,4.26478,11.3756,0.84672,12.849,0.84672,3695.15,0,36.966,0.546558,0.349091,2.27066,4.25216,1.16517,5.16018,0.42336,36.966,0.42336,423.524,0,1.02816,0,0,1.37725,0.349091,1.028160,1,0,16.5358,0,0,0,16.5358,0
52.9901,2.32181,0,0,2.73848,0.195989,0.36288,3.6288,53.031,0.66528,0,0,1.09132,0.175783,0,0.66528,12.849,1,0.561483,0.36288,0,43.0331,2.81138,40.0231,0.84672,12.849,0.84672,3695.15,0,36.966,0.546769,0.951385,2.27089,10.7137,0.71088,12.6783,0.42336,36.966,0.42336,423.524,0,1.02816,0,0,1.97954,0.951385,1.028160,1,0,52.7014,0,0,0,52.7014,0
54.4266,2.32087,0,0,4.31603,0.195704,0.36288,3.6288,53.1692,0.66528,0,0,0.979603,0.176135,0,0.66528,12.849,1,0.562764,0.36288,0,48.7099,2.81138,45.6986,0.84672,12.849,0.84672,3695.15,0,36.966,0.54698,1.28808,2.27111,6.95975,0.71088,9.26108,0.42336,36.966,0.42336,423.524,0,1.02816,0,0,2.31624,1.28808,1.028160,1,0,54.9597,0,0,0,54.9597,0
52.9248,2.26658,0,0,1.36063,0.233015,0.36288,3.6288,52.9552,0.662611,0,0,0.674343,0.22566,0,0.66528,12.849,1,0.535092,0.36288,0,26.5623,4.69832,21.6918,0.84672,12.849,0.84672,3695.15,0,36.966,0.460682,0.79653,2.27134,4.98746,1.16727,6.42738,0.42336,36.966,0.42336,423.524,0,1.02816,0,0,1.82469,0.79653,1.028160,1,0,28.1191,0,0,0,28.1191,0
51.7959,2.25463,0,0,1.72376,0.235131,0.36288,3.6288,52.9658,0.661634,0,0,0.905645,0.233482,0,0.66528,12.849,1,0.547376,0.36288,0,42.7747,5.01281,37.5774,0.84672,12.849,0.84672,3695.15,0,36.966,0.461861,1.34292,2.18725,10.0283,1.24333,11.8532,0.42336,36.966,0.42336,423.524,0,1.02816,0,0,2.37108,1.34292,1.028160,1,0,49.4307,0,0,0,49.4307,0
51.6358,2.24535,0,0,2.71461,0.266467,0.36288,3.6288,53.3787,0.661807,0,0,1.29675,0.222041,0,0.66528,12.849,1,0.557002,0.36288,0,60.432,4.65535,55.5825,0.84672,12.849,0.84672,3695.15,0,36.966,0.46189,1.92274,2.18747,9.32213,1.19142,11.779,0.42336,36.966,0.42336,423.524,0,1.02816,0,0,2.9509,1.92274,1.028160,1,0,67.3615,0,0,0,67.3615,0
53.2676,2.24423,0,0,4.51851,0.279625,0.36288,3.6288,54.2367,0.664037,0,0,1.74026,0.218175,0,0.66528,12.849,1,0.558453,0.36288,0,63.8027,4.51237,59.0947,0.84672,12.849,0.84672,3695.15,0,36.966,0.459861,2.53569,2.18768,15.529,1.17065,18.6219,0.42336,36.966,0.42336,423.524,0,1.02816,0,0,3.56385,2.53569,1.028160,1,0,77.7166,0,0,0,77.7166,0
54.0359,2.06987,0,0,3.47186,0.270758,0.36288,3.6288,54.9543,0.557984,0,0,1.4851,0.209547,0,0.66528,12.849,1,0.499285,0.36288,0,55.2972,4.14223,51.0186,0.84672,12.849,0.84672,3695.15,0,36.966,0.380304,1.7738,2.1879,10.4819,1.10827,12.955,0.42336,36.966,0.42336,423.524,0,1.02816,0,0,2.80196,1.7738,1.028160,1,0,63.9736,0,0,0,63.9736,0
53.2979,2.07585,0,0,1.96326,0.262597,0.36288,3.6288,54.9886,0.561061,0,0,0.798351,0.203002,0,0.66528,12.849,1,0.493609,0.36288,0,25.3998,3.86463,21.4044,0.84672,12.849,0.84672,3695.15,0,36.966,0.377408,0.68612,2.00074,8.80718,1.06148,10.0551,0.42336,36.966,0.42336,423.524,0,1.02816,0,0,1.71428,0.68612,1.028160,1,0,31.4596,0,0,0,31.4596,0
53.9104,2.0706,0,0,3.30664,0.260631,0.36288,3.6288,56.311,0.56131,0,0,2.0868,0.203048,0,0.66528,12.849,1,0.499178,0.36288,0,62.6187,3.86463,58.6178,0.84672,12.849,0.84672,3695.15,0,36.966,0.37734,3.13614,2.00094,13.5466,1.06148,17.2448,0.42336,36.966,0.42336,423.524,0,1.02816,0,0,4.1643,3.13614,1.028160,1,0,75.8626,0,0,0,75.8626,0
54.9797,2.07543,0,0,3.76988,0.262262,0.36288,3.6288,57.2407,0.56677,0,0,1.70125,0.204816,0,0.66528,12.849,1,0.494658,0.36288,0,66.3838,3.86463,62.3874,0.84672,12.849,0.84672,3695.15,0,36.966,0.372062,2.58527,2.00113,12.0975,1.06148,15.2503,0.42336,36.966,0.42336,423.524,0,1.02816,0,0,3.61343,2.58527,1.028160,1,0,77.6377,0,0,0,77.6377,0
57.1366,2.08348,0,0,4.85368,0.250455,0.36288,3.6288,57.8748,0.570552,0,0,1.39872,0.194038,0,0.66528,12.849,1,0.486919,0.36288,0,65.3433,3.4029,61.8163,0.84672,12.849,0.84672,3695.15,0,36.966,0.368462,2.16454,2.00133,11.3273,0.95028,14.1744,0.42336,36.966,0.42336,423.524,0,1.02816,0,0,3.1927,2.16454,1.028160,1,0,75.9908,0,0,0,75.9908,0
59.2682,2.17222,0,0,4.94717,0.280468,0.36288,3.6288,60.9217,0.605975,0,0,3.82606,0.173163,0,0.66528,12.849,1,0.488494,0.36288,0,135.804,3.28902,132.39,0.84672,12.849,0.84672,3695.15,0,36.966,0.38705,6.07609,2.00153,19.9882,0.723351,26.9554,0.42336,36.966,0.42336,423.524,0,1.02816,0,0,7.10425,6.07609,1.028160,1,0,159.345,0,0,0,159.345,0
60.5013,2.18691,0,0,4.06928,0.286347,0.36288,3.6288,61.308,0.618132,0,0,3.55873,0.176572,2.37777,0.66528,12.849,1,0.474109,0.36288,0,102.914,3.28902,99.5134,0.84672,12.849,0.84672,3695.15,0,36.966,0.375069,5.71573,2.06019,16.7488,0.723351,23.4263,0.42336,36.966,0.42336,423.524,0,1.02816,0,0,6.74389,5.71573,1.028160,1,0,125.317,0,0,0,125.317,0
64.9347,2.19513,0,0,7.28105,0.289681,0.36288,3.6288,61.308,0.619716,0,0,5.34303,0.177005,4.54631,0.66528,12.849,1,0.466192,0.36288,0,148.807,3.28902,145.414,0.84672,12.849,0.84672,3695.15,0,36.966,0.373661,8.49675,2.06038,25.3438,0.723351,34.8039,0.42336,36.966,0.42336,423.524,0,1.02816,0,0,9.52491,8.49675,1.028160,1,0,184.765,0,0,0,184.765,0
72.29,2.22195,0,0,10.6348,0.320716,0.736819,3.6288,61.308,0.619825,0,0,5.13515,0.181228,4.3341,0.66528,12.849,1,0.439671,0.736819,0,252.081,3.81412,248.565,0.84672,12.849,0.84672,3695.15,0,36.966,0.373727,9.429,2.06057,37.3102,0.84748,47.5786,0.42336,36.966,0.42336,423.524,0,1.02816,0,0,10.4572,9.429,1.028160,1,0,300.477,0,0,0,300.477,0
72.29,2.50569,0,0,12.3101,0.351858,9.45255,3.6288,61.308,0.66528,0,0,5.61256,0.182028,4.76525,0.66528,12.849,1,0.445368,9.45255,0,356.151,3.95476,361.204,0.84672,12.849,0.84672,3695.15,0,36.966,0.530623,9.72346,2.06076,30.474,0.989871,40.7377,0.42336,36.966,0.42336,423.524,0,1.02816,0,0,10.7516,9.72346,1.028160,1,0,406.707,0,0,0,406.707,0
72.29,2.50598,0,0,8.21275,0.345247,5.36153,3.6288,61.308,0.66528,0,0,4.0327,0.180095,3.18733,0.66528,12.849,1,0.445418,5.36153,0,226.023,3.73096,227.208,0.84672,12.849,0.84672,3695.15,0,36.966,0.53082,5.89015,2.27134,16.5306,0.980626,23.1806,0.42336,36.966,0.42336,423.524,0,1.02816,0,0,6.91831,5.89015,1.028160,1,0,253.576,0,0,0,253.576,0
72.29,2.50626,0,0,6.70853,0.346759,3.85551,3.6288,61.308,0.66528,0,0,3.96132,0.17134,3.1247,0.66528,12.849,1,0.445468,3.85551,0,177.48,3.57973,177.311,0.84672,12.849,0.84672,3695.15,0,36.966,0.531017,6.75639,2.27155,14.7957,0.937262,22.3554,0.42336,36.966,0.42336,423.524,0,1.02816,0,0,7.78455,6.75639,1.028160,1,0,202.791,0,0,0,202.791,0
72.29,2.50654,0,0,6.44422,0.330954,3.60673,3.6288,61.308,0.66528,0,0,3.8177,0.162547,2.98988,0.66528,12.849,1,0.445519,3.60673,0,174.404,3.30612,174.259,0.84672,12.849,0.84672,3695.15,0,36.966,0.531213,6.36085,2.27177,14.6589,0.82241,21.9379,0.42336,36.966,0.42336,423.524,0,1.02816,0,0,7.38901,6.36085,1.028160,1,0,199.186,0,0,0,199.186,0
72.29,2.15652,0,0,7.18129,0.348384,4.67639,3.6288,61.308,0.577219,0,0,5.32121,0.170056,4.57394,0.66528,12.849,1,0.383305,4.67639,0,193.944,3.38671,194.85,0.84672,12.849,0.84672,3695.15,0,36.966,0.348038,7.20147,2.27198,19.8724,0.90099,28.0969,0.42336,36.966,0.42336,423.524,0,1.02816,0,0,8.22963,7.20147,1.028160,1,0,227.521,0,0,0,227.521,0
72.29,2.15677,0,0,5.92204,0.361232,3.40404,3.6288,61.308,0.577325,0,0,3.71189,0.169131,2.96543,0.66528,12.849,1,0.383349,3.40404,0,195.41,3.38761,195.043,0.84672,12.849,0.84672,3695.15,0,36.966,0.348101,5.46043,1.98517,17.948,0.934355,24.1111,0.42336,36.966,0.42336,423.524,0,1.02816,0,0,6.48859,5.46043,1.028160,1,0,222.12,0,0,0,222.12,0
72.29,2.15701,0,0,5.14417,0.361232,2.62592,3.6288,61.308,0.57743,0,0,2.70944,0.169131,1.96288,0.66528,12.849,1,0.383393,2.62592,0,198.215,3.38761,197.069,0.84672,12.849,0.84672,3695.15,0,36.966,0.348165,3.27491,1.98536,13.3263,0.934355,17.3041,0.42336,36.966,0.42336,423.524,0,1.02816,0,0,4.30307,3.27491,1.028160,1,0,216.336,0,0,0,216.336,0
72.29,2.15726,0,0,3.86857,0.279219,1.43209,3.6288,61.308,0.577536,0,0,1.85083,0.212294,1.061,0.66528,12.849,1,0.383437,1.43209,0,124.502,4.04011,121.511,0.84672,12.849,0.84672,3695.15,0,36.966,0.348228,1.82995,1.98554,9.00625,1.14728,11.3262,0.42336,36.966,0.42336,423.524,0,1.02816,0,0,2.85811,1.82995,1.028160,1,0,133.898,0,0,0,133.898,0
72.29,2.15751,0,0,4.17076,0.266993,1.74626,3.6288,61.308,0.577641,0,0,3.27202,0.215989,2.47839,0.66528,12.849,1,0.383481,1.74626,0,148.34,4.16945,145.533,0.84672,12.849,0.84672,3695.15,0,36.966,0.348292,3.53483,1.98573,14.1384,1.25114,18.0595,0.42336,36.966,0.42336,423.524,0,1.02816,0,0,4.56299,3.53483,1.028160,1,0,166.071,0,0,0,166.071,0
72.29,2.24598,0,0,5.08381,0.322391,2.51544,3.6288,61.308,0.619193,0,0,3.70464,0.218878,2.86657,0.66528,12.849,1,0.399205,2.51544,0,179.67,3.7001,178.086,0.84672,12.849,0.84672,3695.15,0,36.966,0.373346,4.90564,1.98591,25.7881,1.32093,30.9853,0.42336,36.966,0.42336,423.524,0,1.02816,0,0,5.9338,4.90564,1.028160,1,0,211.938,0,0,0,211.938,0
72.29,2.24623,0,0,5.15087,0.322391,2.58225,3.6288,61.308,0.619302,0,0,3.16222,0.218878,2.32404,0.66528,12.849,1,0.399251,2.58225,0,176.848,3.7001,175.331,0.84672,12.849,0.84672,3695.15,0,36.966,0.373412,5.26074,2.0569,17.4562,1.32093,23.0795,0.42336,36.966,0.42336,423.524,0,1.02816,0,0,6.2889,5.26074,1.028160,1,0,200.734,0,0,0,200.734,0
72.29,2.24649,0,0,3.65834,0.313463,1.09839,3.6288,61.308,0.619412,0,0,2.80241,0.223635,1.95936,0.66528,12.849,1,0.399296,1.09839,0,133.842,3.75827,130.783,0.84672,12.849,0.84672,3695.15,0,36.966,0.373478,4.26726,2.05709,12.7639,1.33238,17.3824,0.42336,36.966,0.42336,423.524,0,1.02816,0,0,5.29542,4.26726,1.028160,1,0,150.125,0,0,0,150.125,0
72.29,2.24675,0,0,3.35597,0.268928,0.840293,3.6288,61.308,0.619522,0,0,2.50018,0.293767,1.58689,0.66528,12.849,1,0.399342,0.840293,0,116.874,5.15121,112.164,0.84672,12.849,0.84672,3695.15,0,36.966,0.373544,3.68232,2.05728,11.2956,1.60624,15.0554,0.42336,36.966,0.42336,423.524,0,1.02816,0,0,4.71048,3.68232,1.028160,1,0,128.806,0,0,0,128.806,0
72.29,2.21249,0,0,3.56266,0.242209,1.10796,3.6288,61.308,0.603527,0,0,2.90821,0.229879,2.0748,0.66528,12.849,1,0.393254,1.10796,0,111.691,3.71195,108.694,0.84672,12.849,0.84672,3695.15,0,36.966,0.3639,4.25701,2.05748,13.5181,1.22522,18.2435,0.42336,36.966,0.42336,423.524,0,1.02816,0,0,5.28517,4.25701,1.028160,1,0,129.012,0,0,0,129.012,0
72.29,2.21275,0,0,3.38274,0.228164,0.941832,3.6288,61.308,0.603635,0,0,2.67282,0.236419,1.83276,0.66528,12.849,1,0.393299,0.941832,0,108.318,3.76961,105.097,0.84672,12.849,0.84672,3695.15,0,36.966,0.363965,3.79737,2.03011,13.6158,1.22866,17.8506,0.42336,36.966,0.42336,423.524,0,1.02816,0,0,4.82553,3.79737,1.028160,1,0,124.78,0,0,0,124.78,0
72.29,2.213,0,0,2.93455,0.228164,0.493387,3.6288,61.308,0.603743,0,0,2.64733,0.236419,1.80717,0.66528,12.849,1,0.393344,0.493387,0,93.4036,3.76961,89.734,0.84672,12.849,0.84672,3695.15,0,36.966,0.36403,3.42716,2.0303,11.7107,1.22866,15.5754,0.42336,36.966,0.42336,423.524,0,1.02816,0,0,4.45532,3.42716,1.028160,1,0,107.117,0,0,0,107.117,0
72.2368,2.21325,0,0,2.75753,0.234602,0.36288,3.6288,61.308,0.603851,0,0,2.44636,0.251871,1.59063,0.66528,12.849,1,0.393389,0.36288,0,81.8554,3.77291,78.0519,0.84672,12.849,0.84672,3695.15,0,36.966,0.364096,3.33453,2.03049,10.4814,1.27706,14.2053,0.42336,36.966,0.42336,423.524,0,1.02816,0,0,4.36269,3.33453,1.028160,1,0,93.8479,0,0,0,93.8479,0
72.0395,2.33043,0,0,2.66159,0.165551,0.36288,3.6288,61.308,0.661092,0,0,2.22205,0.256876,1.30408,0.66528,12.849,1,0.414521,0.36288,0,88.7846,4.11819,84.6148,0.84672,12.849,0.84672,3695.15,0,36.966,0.398609,2.99861,2.03068,10.5919,1.19563,14.0269,0.42336,36.966,0.42336,423.524,0,1.02816,0,0,4.02677,2.99861,1.028160,1,0,99.9458,0,0,0,99.9458,0
71.529,2.32973,0,0,2.3235,0.141454,0.36288,3.6288,61.308,0.661205,0,0,1.9549,0.260397,1.03329,0.66528,12.849,1,0.415531,0.36288,0,68.767,4.30447,64.4098,0.84672,12.849,0.84672,3695.15,0,36.966,0.398678,2.83789,2.12748,10.1069,1.13256,13.541,0.42336,36.966,0.42336,423.524,0,1.02816,0,0,3.86605,2.83789,1.028160,1,0,78.9842,0,0,0,78.9842,0
70.8396,2.32748,0,0,2.14189,0.140905,0.36288,3.6288,61.308,0.661319,0,0,2.17226,0.260397,1.25054,0.66528,12.849,1,0.418093,0.36288,0,50.4604,4.30447,46.1007,0.84672,12.849,0.84672,3695.15,0,36.966,0.398746,2.73447,2.12768,9.46339,1.13256,12.7942,0.42336,36.966,0.42336,423.524,0,1.02816,0,0,3.76263,2.73447,1.028160,1,0,60.1455,0,0,0,60.1455,0
70.0131,2.3243,0,0,2.00089,0.140163,0.36288,3.6288,61.308,0.661433,0,0,1.76251,0.260397,0.840677,0.66528,12.849,1,0.421585,0.36288,0,51.2235,4.30447,46.8604,0.84672,12.849,0.84672,3695.15,0,36.966,0.398815,1.7291,2.12788,8.34425,1.13256,10.6699,0.42336,36.966,0.42336,423.524,0,1.02816,0,0,2.75726,1.7291,1.028160,1,0,58.3709,0,0,0,58.3709,0
69.218,2.32036,0,0,2.01268,0.124576,0.36288,3.6288,61.308,0.661547,0,0,1.74941,0.265372,0.822491,0.66528,12.849,1,0.425838,0.36288,0,56.9822,4.57446,52.3448,0.84672,12.849,0.84672,3695.15,0,36.966,0.398884,1.95467,2.12808,8.21621,1.20544,10.6946,0.42336,36.966,0.42336,423.524,0,1.02816,0,0,2.98283,1.95467,1.028160,1,0,63.8619,0,0,0,63.8619,0
68.9054,2.29346,0,0,2.45679,0.113058,0.36288,3.6288,61.308,0.66528,0,0,2.20551,0.276203,1.26402,0.66528,12.849,1,0.425737,0.36288,0,67.316,4.9938,62.2593,0.84672,12.849,0.84672,3695.15,0,36.966,0.445693,2.80684,2.12828,8.17163,1.2914,11.3697,0.42336,36.966,0.42336,423.524,0,1.02816,0,0,3.835,2.80684,1.028160,1,0,74.893,0,0,0,74.893,0
68.4593,2.29209,0,0,2.32163,0.112783,0.36288,3.6288,61.308,0.66528,0,0,1.96683,0.276203,1.02534,0.66528,12.849,1,0.427414,0.36288,0,61.0443,4.9938,55.9859,0.84672,12.849,0.84672,3695.15,0,36.966,0.445881,2.66754,2.16227,7.90275,1.2914,10.9953,0.42336,36.966,0.42336,423.524,0,1.02816,0,0,3.6957,2.66754,1.028160,1,0,68.0066,0,0,0,68.0066,0
67.8566,2.29001,0,0,2.1626,0.112392,0.36288,3.6288,61.308,0.66528,0,0,1.80766,0.276203,0.866178,0.66528,12.849,1,0.429808,0.36288,0,58.3447,4.9938,53.284,0.84672,12.849,0.84672,3695.15,0,36.966,0.446069,2.46878,2.16248,7.37821,1.2914,10.272,0.42336,36.966,0.42336,423.524,0,1.02816,0,0,3.49694,2.46878,1.028160,1,0,64.4222,0,0,0,64.4222,0
67.1713,2.28706,0,0,2.07338,0.108755,0.36288,3.6288,61.308,0.66528,0,0,1.85528,0.279911,0.910085,0.66528,12.849,1,0.433067,0.36288,0,53.5746,5.02932,48.4751,0.84672,12.849,0.84672,3695.15,0,36.966,0.446257,2.01531,2.16268,7.04186,1.29734,9.47625,0.42336,36.966,0.42336,423.524,0,1.02816,0,0,3.04347,2.01531,1.028160,1,0,58.8614,0,0,0,58.8614,0
66.4829,2.34283,0,0,2.102,0.0847046,0.36288,3.6288,61.308,0.66528,0,0,1.94676,0.323488,0.957988,0.66528,12.849,1,0.448153,0.36288,0,60.006,5.804,54.1167,0.84672,12.849,0.84672,3695.15,0,36.966,0.491345,1.73751,2.16288,5.85792,1.51905,7.74792,0.42336,36.966,0.42336,423.524,0,1.02816,0,0,2.76567,1.73751,1.028160,1,0,62.8226,0,0,0,62.8226,0
65.6639,2.33921,0,0,1.96728,0.0841447,0.36288,3.6288,61.308,0.66528,0,0,1.68064,0.318087,0.697269,0.66528,12.849,1,0.452093,0.36288,0,52.5396,5.70686,46.7435,0.84672,12.849,0.84672,3695.15,0,36.966,0.491537,1.98143,2.21099,5.80605,1.48898,8.01795,0.42336,36.966,0.42336,423.524,0,1.02816,0,0,3.00959,1.98143,1.028160,1,0,55.4587,0,0,0,55.4587,0
64.7218,2.33475,0,0,1.83906,0.0835977,0.36288,3.6288,61.308,0.66528,0,0,1.55495,0.318087,0.571583,0.66528,12.849,1,0.456861,0.36288,0,49.9575,5.70686,44.1567,0.84672,12.849,0.84672,3695.15,0,36.966,0.49173,1.72245,2.2112,5.09461,1.48898,7.04756,0.42336,36.966,0.42336,423.524,0,1.02816,0,0,2.75061,1.72245,1.028160,1,0,51.7758,0,0,0,51.7758,0
63.7608,2.32947,0,0,1.81434,0.0829685,0.36288,3.6288,61.308,0.66528,0,0,1.68231,0.318087,0.698945,0.66528,12.849,1,0.462462,0.36288,0,46.3558,5.70686,40.5493,0.84672,12.849,0.84672,3695.15,0,36.966,0.491923,1.90783,2.21141,5.7614,1.48898,7.89974,0.42336,36.966,0.42336,423.524,0,1.02816,0,0,2.93599,1.90783,1.028160,1,0,49.148,0,0,0,49.148,0
62.813,2.49595,0,0,1.97666,0.0655666,0.36288,3.6288,61.308,0.66528,0,0,1.70488,0.32414,0.71546,0.66528,12.849,1,0.50298,0.36288,0,49.1399,6.18576,42.8141,0.84672,12.849,0.84672,3695.15,0,36.966,0.654247,2.04824,2.21162,6.69305,1.52978,8.76889,0.42336,36.966,0.42336,423.524,0,1.02816,0,0,3.0764,2.04824,1.028160,1,0,52.2984,0,0,0,52.2984,0
62.1439,2.48993,0,0,2.24826,0.0646136,0.36288,3.6288,61.308,0.66528,0,0,2.08525,0.346656,1.07331,0.66528,12.849,1,0.509338,0.36288,0,64.5411,6.49414,57.9005,0.84672,12.849,0.84672,3695.15,0,36.966,0.654456,2.91838,2.37582,6.62272,1.49814,9.76434,0.42336,36.966,0.42336,423.524,0,1.02816,0,0,3.94654,2.91838,1.028160,1,0,68.7382,0,0,0,68.7382,0
61.0372,2.48566,0,0,1.80617,0.0642601,0.36288,3.6288,61.308,0.66528,0,0,1.50825,0.346656,0.496315,0.66528,12.849,1,0.513941,0.36288,0,63.067,6.49414,56.4218,0.84672,12.849,0.84672,3695.15,0,36.966,0.654665,1.71171,2.37605,5.31652,1.49814,7.25147,0.42336,36.966,0.42336,423.524,0,1.02816,0,0,2.73987,1.71171,1.028160,1,0,64.1696,0,0,0,64.1696,0
60.3818,2.47824,0,0,2.24936,0.0636755,0.36288,3.6288,61.308,0.66528,0,0,2.57787,0.346656,1.56594,0.66528,12.849,1,0.521697,0.36288,0,57.5992,6.49414,50.9462,0.84672,12.849,0.84672,3695.15,0,36.966,0.654874,4.15466,2.37627,8.22043,1.49814,12.5984,0.42336,36.966,0.42336,423.524,0,1.02816,0,0,5.18282,4.15466,1.028160,1,0,65.1105,0,0,0,65.1105,0
59.3755,2.47385,0,0,1.90188,0.0714983,0.36288,3.6288,61.308,0.66528,0,0,1.97975,0.301589,1.01288,0.66528,12.849,1,0.526425,0.36288,0,57.2246,5.44562,51.6155,0.84672,12.849,0.84672,3695.15,0,36.966,0.655084,2.77628,2.3765,8.17163,1.10803,11.5613,0.42336,36.966,0.42336,423.524,0,1.02816,0,0,3.80444,2.77628,1.028160,1,0,64.1896,0,0,0,64.1896,0
59.3627,2.38394,0,0,2.81347,0.0793643,0.36288,3.6288,61.308,0.66528,0,0,3.68791,0.272502,2.75013,0.66528,12.849,1,0.515892,0.36288,0,113.912,5.62401,108.135,0.84672,12.849,0.84672,3695.15,0,36.966,0.556835,5.39421,2.37672,11.2552,1.2858,17.1835,0.42336,36.966,0.42336,423.524,0,1.02816,0,0,6.42237,5.39421,1.028160,1,0,128.069,0,0,0,128.069,0
59.4016,2.38412,0,0,2.86525,0.0793545,0.36288,3.6288,61.308,0.66528,0,0,3.67384,0.272502,2.73606,0.66528,12.849,1,0.516041,0.36288,0,119.656,5.62401,113.879,0.84672,12.849,0.84672,3695.15,0,36.966,0.557034,5.5452,2.28199,10.9496,1.2858,16.9339,0.42336,36.966,0.42336,423.524,0,1.02816,0,0,6.57336,5.5452,1.028160,1,0,133.549,0,0,0,133.549,0
58.8656,2.38467,0,0,2.30551,0.0940024,0.36288,3.6288,61.308,0.66528,0,0,2.9175,0.261937,1.99029,0.66528,12.849,1,0.515821,0.36288,0,85.8609,5.456,80.2519,0.84672,12.849,0.84672,3695.15,0,36.966,0.557233,4.65812,2.28221,12.9398,1.24221,18.0807,0.42336,36.966,0.42336,423.524,0,1.02816,0,0,5.68628,4.65812,1.028160,1,0,100.323,0,0,0,100.323,0
58.9811,2.38108,0,0,2.95045,0.0909521,0.36288,3.6288,61.308,0.66528,0,0,2.93958,0.260672,2.01363,0.66528,12.849,1,0.519736,0.36288,0,80.3987,5.57538,74.6664,0.84672,12.849,0.84672,3695.15,0,36.966,0.557433,4.95814,2.28242,16.717,1.10903,22.2911,0.42336,36.966,0.42336,423.524,0,1.02816,0,0,5.9863,4.95814,1.028160,1,0,98.9712,0,0,0,98.9712,0
60.4838,2.31424,0,0,4.30545,0.125706,0.36288,3.6288,61.308,0.66528,0,0,3.47925,0.204073,2.6099,0.66528,12.849,1,0.504155,0.36288,0,94.9657,4.47597,90.3485,0.84672,12.849,0.84672,3695.15,0,36.966,0.467974,4.53235,2.28264,19.8231,1.01044,25.1597,0.42336,36.966,0.42336,423.524,0,1.02816,0,0,5.56051,4.53235,1.028160,1,0,118.118,0,0,0,118.118,0
59.8405,2.32483,0,0,2.20063,0.156156,0.36288,3.6288,61.308,0.66528,0,0,2.17831,0.171493,1.34153,0.66528,12.849,1,0.49388,0.36288,0,91.3516,3.85581,87.3648,0.84672,12.849,0.84672,3695.15,0,36.966,0.468164,2.20311,2.19807,11.938,0.950467,14.9205,0.42336,36.966,0.42336,423.524,0,1.02816,0,0,3.23127,2.20311,1.028160,1,0,103.627,0,0,0,103.627,0
60.4738,2.32072,0,0,3.47208,0.155232,0.36288,3.6288,61.308,0.66528,0,0,2.74914,0.171493,1.91237,0.66528,12.849,1,0.498307,0.36288,0,91.6609,3.85581,87.6697,0.84672,12.849,0.84672,3695.15,0,36.966,0.468354,3.1839,2.19828,15.6496,0.950467,19.613,0.42336,36.966,0.42336,423.524,0,1.02816,0,0,4.21206,3.1839,1.028160,1,0,109.195,0,0,0,109.195,0
60.9749,2.32529,0,0,3.35056,0.161245,0.36288,3.6288,61.308,0.66528,0,0,2.80938,0.156002,1.9881,0.66528,12.849,1,0.49406,0.36288,0,87.6701,3.7902,83.7487,0.84672,12.849,0.84672,3695.15,0,36.966,0.468544,2.9838,2.19849,15.7143,0.937336,19.4907,0.42336,36.966,0.42336,423.524,0,1.02816,0,0,4.01196,2.9838,1.028160,1,0,105.227,0,0,0,105.227,0
62.5914,2.1347,0,0,4.32119,0.207149,0.36288,3.6288,61.308,0.590912,0,0,3.23371,0.10927,2.53353,0.66528,12.849,1,0.449838,0.36288,0,51.7948,3.68913,48.0187,0.84672,12.849,0.84672,3695.15,0,36.966,0.356294,2.80325,2.1987,13.6746,0.910763,17.4095,0.42336,36.966,0.42336,423.524,0,1.02816,0,0,3.83141,2.80325,1.028160,1,0,67.9617,0,0,0,67.9617,0
61.7401,2.14459,0,0,1.88571,0.229503,0.36288,3.6288,61.308,0.591019,0,0,2.25272,0.170888,1.49081,0.66528,12.849,1,0.440249,0.36288,0,62.155,4.07925,57.9984,0.84672,12.849,0.84672,3695.15,0,36.966,0.356358,2.05838,2.01051,10.4649,0.980381,13.1971,0.42336,36.966,0.42336,423.524,0,1.02816,0,0,3.08654,2.05838,1.028160,1,0,72.6863,0,0,0,72.6863,0
62.567,2.13981,0,0,3.55745,0.227903,0.36288,3.6288,61.308,0.591126,0,0,0.885082,0.170888,0.123067,0.66528,12.849,1,0.445324,0.36288,0,71.8232,4.07925,67.6615,0.84672,12.849,0.84672,3695.15,0,36.966,0.356423,1.28755,2.0107,8.98346,0.980381,10.9449,0.42336,36.966,0.42336,423.524,0,1.02816,0,0,2.31571,1.28755,1.028160,1,0,78.7295,0,0,0,78.7295,0
62.7502,2.14493,0,0,2.92054,0.229457,0.36288,3.6288,61.308,0.591233,0,0,1.82467,0.170888,1.06255,0.66528,12.849,1,0.440492,0.36288,0,89.0758,4.07925,84.9189,0.84672,12.849,0.84672,3695.15,0,36.966,0.356487,1.81126,2.01089,6.71634,0.980381,9.20161,0.42336,36.966,0.42336,423.524,0,1.02816,0,0,2.83942,1.81126,1.028160,1,0,95.1831,0,0,0,95.1831,0
63.6935,2.14625,0,0,3.68217,0.229802,0.36288,3.6288,61.308,0.59134,0,0,5.7098,0.170888,4.94758,0.66528,12.849,1,0.439475,0.36288,0,112.747,4.07925,108.591,0.84672,12.849,0.84672,3695.15,0,36.966,0.356551,5.81689,2.01107,11.934,0.980381,18.425,0.42336,36.966,0.42336,423.524,0,1.02816,0,0,6.84505,5.81689,1.028160,1,0,131.964,0,0,0,131.964,0
63.0483,2.2272,0,0,2.17093,0.226047,0.36288,3.6288,61.308,0.63644,0,0,0.85587,0.194213,0.0252164,0.66528,12.849,1,0.449297,0.36288,0,39.7693,3.51036,36.1725,0.84672,12.849,0.84672,3695.15,0,36.966,0.383745,0.412474,2.01126,5.39728,0.908706,6.52856,0.42336,36.966,0.42336,423.524,0,1.01015,0,0,1.42263,0.412474,1.028160,1,0,42.7263,0,0,0,42.7263,0
66.0512,2.22362,0,0,5.81426,0.224863,0.36288,3.6288,61.308,0.62531,0,0,2.44784,0.194213,1.62832,0.66528,12.849,1,0.453165,0.36288,0,122.001,3.51036,118.4,0.84672,12.849,0.84672,3695.15,0,36.966,0.377034,2.24238,2.07022,13.6259,0.908706,16.6527,0.42336,36.966,0.42336,423.524,0,1.02816,0,0,3.27054,2.24238,1.028160,1,0,136.682,0,0,0,136.682,0
68.6602,2.2411,0,0,5.4529,0.239885,0.36288,3.6288,61.308,0.625413,0,0,2.64459,0.199025,1.82015,0.66528,12.849,1,0.435964,0.36288,0,113.301,3.60181,109.626,0.84672,12.849,0.84672,3695.15,0,36.966,0.377096,3.03729,2.0704,11.8402,0.932173,15.6386,0.42336,36.966,0.42336,423.524,0,1.02816,0,0,4.06545,3.03729,1.028160,1,0,127.084,0,0,0,127.084,0
72.29,2.2553,0,0,8.2461,0.30313,2.05789,3.6288,61.308,0.625516,0,0,3.53235,0.227897,2.67894,0.66528,12.849,1,0.422054,2.05789,0,272.238,4.15055,269.723,0.84672,12.849,0.84672,3695.15,0,36.966,0.377159,5.76256,2.07058,19.1422,1.07298,25.5252,0.42336,36.966,0.42336,423.524,0,1.02816,0,0,6.79072,5.76256,1.028160,1,0,297.927,0,0,0,297.927,0
72.29,2.52033,0,0,5.22281,0.271574,2.43091,3.6288,61.308,0.66528,0,0,2.50703,0.214045,1.62771,0.66528,12.849,1,0.44797,2.43091,0,145.485,3.63047,143.837,0.84672,12.849,0.84672,3695.15,0,36.966,0.540807,3.4538,2.07076,10.8302,0.980614,14.8333,0.42336,36.966,0.42336,423.524,0,1.02816,0,0,4.48196,3.4538,1.028160,1,0,160.298,0,0,0,160.298,0
72.29,2.5206,0,0,4.67148,0.241468,1.90942,3.6288,61.308,0.66528,0,0,1.46247,0.203656,0.593531,0.66528,12.849,1,0.448017,1.90942,0,146.983,3.2404,145.204,0.84672,12.849,0.84672,3695.15,0,36.966,0.540991,2.11161,2.28244,11.6381,0.911342,14.5798,0.42336,36.966,0.42336,423.524,0,1.02816,0,0,3.13977,2.11161,1.028160,1,0,160.377,0,0,0,160.377,0
72.29,2.52086,0,0,4.35012,0.241468,1.58779,3.6288,61.308,0.66528,0,0,2.15572,0.203656,1.28679,0.66528,12.849,1,0.448064,1.58779,0,107.406,3.2404,105.305,0.84672,12.849,0.84672,3695.15,0,36.966,0.541176,2.43295,2.28264,7.8827,0.911342,11.1458,0.42336,36.966,0.42336,423.524,0,1.02816,0,0,3.46111,2.43295,1.028160,1,0,117.737,0,0,0,117.737,0
72.29,2.52113,0,0,3.56506,0.231079,0.812855,3.6288,61.308,0.66528,0,0,1.83068,0.225787,0.939611,0.66528,12.849,1,0.448111,0.812855,0,138.869,3.76457,135.469,0.84672,12.849,0.84672,3695.15,0,36.966,0.541361,2.29816,2.28284,8.30572,1.07533,11.27,0.42336,36.966,0.42336,423.524,0,1.02816,0,0,3.32632,2.29816,1.028160,1,0,147.679,0,0,0,147.679,0
72.29,2.16924,0,0,3.32598,0.227578,0.929154,3.6288,61.308,0.58265,0,0,1.5833,0.217051,0.783596,0.66528,12.849,1,0.385567,0.929154,0,118.59,3.5481,115.586,0.84672,12.849,0.84672,3695.15,0,36.966,0.351312,1.35954,2.28304,8.56848,0.940014,10.9197,0.42336,36.966,0.42336,423.524,0,1.02816,0,0,2.3877,1.35954,1.028160,1,0,127.289,0,0,0,127.289,0
72.29,2.16948,0,0,3.19652,0.271151,0.755896,3.6288,61.308,0.582749,0,0,1.67567,0.183074,0.909845,0.66528,12.849,1,0.385608,0.755896,0,73.0115,3.21786,70.1639,0.84672,12.849,0.84672,3695.15,0,36.966,0.351372,1.23488,1.99471,9.63576,0.821762,11.6922,0.42336,36.966,0.42336,423.524,0,1.02816,0,0,2.26304,1.23488,1.028160,1,0,82.7659,0,0,0,82.7659,0
72.29,2.16971,0,0,3.63382,0.277848,1.18626,3.6288,61.308,0.582848,0,0,1.88568,0.179736,1.1231,0.66528,12.849,1,0.385649,1.18626,0,77.3513,3.21678,74.9352,0.84672,12.849,0.84672,3695.15,0,36.966,0.351431,1.38401,1.99488,10.1794,0.825402,12.3814,0.42336,36.966,0.42336,423.524,0,1.02816,0,0,2.41217,1.38401,1.028160,1,0,88.4397,0,0,0,88.4397,0
72.29,2.16994,0,0,4.89807,0.277848,2.45028,3.6288,61.308,0.582947,0,0,2.0543,0.179736,1.29162,0.66528,12.849,1,0.385691,2.45028,0,94.5579,3.21678,93.4057,0.84672,12.849,0.84672,3695.15,0,36.966,0.351491,1.30881,1.99505,10.895,0.825402,13.0219,0.42336,36.966,0.42336,423.524,0,1.02816,0,0,2.33697,1.30881,1.028160,1,0,107.719,0,0,0,107.719,0
72.29,2.17017,0,0,4.32948,0.29864,1.86067,3.6288,61.308,0.583046,0,0,2.22645,0.188368,1.45504,0.66528,12.849,1,0.385732,1.86067,0,128.422,3.46445,126.433,0.84672,12.849,0.84672,3695.15,0,36.966,0.351551,1.78353,1.99523,11.3201,0.819976,13.9274,0.42336,36.966,0.42336,423.524,0,1.02816,0,0,2.81169,1.78353,1.028160,1,0,141.815,0,0,0,141.815,0
72.028,2.25909,0,0,2.68809,0.328121,0.36288,3.6288,61.308,0.624808,0,0,1.29678,0.176673,0.495297,0.66528,12.849,1,0.401536,0.36288,0,63.8906,3.14769,60.7043,0.84672,12.849,0.84672,3695.15,0,36.966,0.376732,0.700514,1.9954,6.78879,0.813094,8.29488,0.42336,36.966,0.42336,423.524,0,1.02816,0,0,1.72867,0.700514,1.028160,1,0,69.4945,0,0,0,69.4945,0
71.9165,2.25809,0,0,2.83697,0.327468,0.36288,3.6288,61.308,0.624911,0,0,1.27815,0.176673,0.476566,0.66528,12.849,1,0.402818,0.36288,0,82.4913,3.14769,79.3036,0.84672,12.849,0.84672,3695.15,0,36.966,0.376794,0.711781,2.06675,6.58472,0.813094,8.17336,0.42336,36.966,0.42336,423.524,0,1.02816,0,0,1.73994,0.711781,1.028160,1,0,87.9536,0,0,0,87.9536,0
71.2673,2.2578,0,0,2.29866,0.327191,0.36288,3.6288,61.308,0.625014,0,0,1.03237,0.176673,0.230681,0.66528,12.849,1,0.403391,0.36288,0,57.3147,3.14769,54.1265,0.84672,12.849,0.84672,3695.15,0,36.966,0.376856,0.682275,2.06693,5.30897,0.813094,6.86822,0.42336,36.966,0.42336,423.524,0,1.02816,0,0,1.71043,0.682275,1.028160,1,0,61.2254,0,0,0,61.2254,0
70.7049,2.25493,0,0,2.373,0.317595,0.36288,3.6288,61.308,0.625117,0,0,0.886421,0.158979,0.102324,0.66528,12.849,1,0.406547,0.36288,0,57.0737,2.79696,54.2331,0.84672,12.849,0.84672,3695.15,0,36.966,0.376918,0.87232,2.06711,4.57868,0.763947,6.37724,0.42336,36.966,0.42336,423.524,0,1.02816,0,0,1.90048,0.87232,1.028160,1,0,60.7126,0,0,0,60.7126,0
70.2806,2.21786,0,0,2.44648,0.290043,0.36288,3.6288,61.308,0.609033,0,0,1.20213,0.18169,0.411403,0.66528,12.849,1,0.403045,0.36288,0,63.4389,3.63918,59.7595,0.84672,12.849,0.84672,3695.15,0,36.966,0.36722,1.46877,2.06729,6.63087,0.857754,8.94195,0.42336,36.966,0.42336,423.524,0,1.02816,0,0,2.49693,1.46877,1.028160,1,0,69.1129,0,0,0,69.1129,0
69.9836,2.21604,0,0,2.54687,0.26495,0.36288,3.6288,61.308,0.609134,0,0,1.14153,0.141243,0.391148,0.66528,12.849,1,0.405145,0.36288,0,62.249,2.90273,59.304,0.84672,12.849,0.84672,3695.15,0,36.966,0.367281,1.45238,2.03977,5.62151,0.750521,7.99586,0.42336,36.966,0.42336,423.524,0,1.02816,0,0,2.48054,1.45238,1.028160,1,0,67.6911,0,0,0,67.6911,0
69.4465,2.21482,0,0,2.24199,0.201465,0.36288,3.6288,61.308,0.609236,0,0,1.1074,0.210314,0.287848,0.66528,12.849,1,0.406641,0.36288,0,59.0752,3.79459,55.2369,0.84672,12.849,0.84672,3695.15,0,36.966,0.367342,1.2044,2.03994,4.77698,1.00003,6.65395,0.42336,36.966,0.42336,423.524,0,1.02816,0,0,2.23256,1.2044,1.028160,1,0,62.1787,0,0,0,62.1787,0
68.7312,2.2124,0,0,2.06068,0.200629,0.36288,3.6288,61.308,0.609337,0,0,1.14539,0.210314,0.325737,0.66528,12.849,1,0.409339,0.36288,0,53.3521,3.79459,49.511,0.84672,12.849,0.84672,3695.15,0,36.966,0.367403,1.42141,2.04012,4.68959,1.00003,6.7837,0.42336,36.966,0.42336,423.524,0,1.02816,0,0,2.44957,1.42141,1.028160,1,0,56.6205,0,0,0,56.6205,0
68.0731,2.32593,0,0,2.22019,0.189476,0.36288,3.6288,61.308,0.66528,0,0,1.14126,0.212097,0.263881,0.66528,12.849,1,0.434822,0.36288,0,58.653,3.81858,54.7625,0.84672,12.849,0.84672,3695.15,0,36.966,0.403678,1.46778,2.0403,4.98116,0.983257,7.1023,0.42336,36.966,0.42336,423.524,0,1.02816,0,0,2.49594,1.46778,1.028160,1,0,62.1286,0,0,0,62.1286,0
67.3722,2.32264,0,0,2.15979,0.175186,0.36288,3.6288,61.308,0.66528,0,0,1.07235,0.214475,0.192598,0.66528,12.849,1,0.438404,0.36288,0,52.3575,3.85056,48.4315,0.84672,12.849,0.84672,3695.15,0,36.966,0.40385,1.30067,2.1376,4.92271,0.9609,6.99622,0.42336,36.966,0.42336,423.524,0,1.02816,0,0,2.32883,1.30067,1.028160,1,0,55.6203,0,0,0,55.6203,0
66.455,2.31905,0,0,1.93888,0.174223,0.36288,3.6288,61.308,0.66528,0,0,0.931418,0.214475,0.0516628,0.66528,12.849,1,0.442282,0.36288,0,49.4984,3.85056,45.5684,0.84672,12.849,0.84672,3695.15,0,36.966,0.404021,1.14742,2.13779,4.86274,0.9609,6.78302,0.42336,36.966,0.42336,423.524,0,1.02816,0,0,2.17558,1.14742,1.028160,1,0,52.4031,0,0,0,52.4031,0
65.3862,2.31418,0,0,1.76766,0.159344,0.36288,3.6288,61.308,0.66528,0,0,0.898802,0.229292,0.00422982,0.66528,12.849,1,0.447445,0.36288,0,45.7879,4.14401,41.5594,0.84672,12.849,0.84672,3695.15,0,36.966,0.404193,1.12246,2.13797,4.71741,1.04098,6.53266,0.42336,36.966,0.42336,423.524,0,1.02816,0,0,2.15062,1.12246,1.028160,1,0,48.0963,0,0,0,48.0963,0
64.2608,2.30831,0,0,1.68169,0.135866,0.36288,3.6288,61.144,0.66528,0,0,0.753944,0.252712,0,0.66528,12.849,1,0.453605,0.36288,0,42.2175,4.58083,37.5459,0.84672,12.849,0.84672,3695.15,0,36.966,0.404365,0.681108,2.13816,4.02417,1.15408,5.28499,0.42336,36.966,0.42336,423.524,0,1.02816,0,0,1.70927,0.681108,1.028160,1,0,42.8309,0,0,0,42.8309,0
63.0082,2.27906,0,0,1.49946,0.11014,0.36288,3.6288,60.4157,0.977307,0,0,0.523447,0.274408,0,0.66528,12.849,1,0.455701,0.36288,0,24.1573,4.85425,19.2102,0.84672,12.849,0.84672,3695.15,0,36.966,0.590854,0.30119,2.13835,2.00657,1.19206,2.66319,0.42336,36.966,0.42336,423.524,0,0.580435,0,0,0.881626,0.30119,1.028160,1,0,21.8734,0,0,0,21.8734,0
61.6625,2.27178,0,0,1.398,0.109025,0.36288,3.6288,59.6752,0.970274,0,0,0.502955,0.273143,0,0.66528,12.849,1,0.463275,0.36288,0,23.8378,4.85425,18.8832,0.84672,12.849,0.84672,3695.15,0,36.966,0.593673,0.261274,2.1725,2.05038,1.19206,2.69841,0.42336,36.966,0.42336,423.524,0,0.584824,0,0,0.846098,0.261274,1.028160,1,0,21.5816,0,0,0,21.5816,0
60.1946,2.26365,0,0,1.2664,0.107828,0.36288,3.6288,58.8922,0.991796,0,0,0.48061,0.271857,0,0.66528,12.849,1,0.471692,0.36288,0,23.4265,4.85425,18.4634,0.84672,12.849,0.84672,3695.15,0,36.966,0.614371,0.261274,2.17269,1.93698,1.19206,2.56451,0.42336,36.966,0.42336,423.524,0,0.542782,0,0,0.804056,0.261274,1.028160,1,0,21.0279,0,0,0,21.0279,0
58.6281,2.25441,0,0,1.15305,0.102184,0.36288,3.6288,58.0313,1.03408,0,0,0.454524,0.281299,0,0.66528,12.849,1,0.481222,0.36288,0,20.6221,4.99541,15.5084,0.84672,12.849,0.84672,3695.15,0,36.966,0.649081,0.261274,2.17288,1.87999,1.24359,2.42148,0.42336,36.966,0.42336,423.524,0,0.465964,0,0,0.727237,0.261274,1.028160,1,0,17.9299,0,0,0,17.9299,0
57.2589,2.30227,0,0,1.37243,0.0764867,0.36288,3.6288,57.1872,1.01388,0,0,0.488655,0.318899,0,0.66528,12.849,1,0.504567,0.36288,0,22.4634,5.96718,16.3545,0.84672,12.849,0.84672,3695.15,0,36.966,0.645845,0.261274,2.17307,2.02694,1.51965,2.29579,0.42336,36.966,0.42336,423.524,0,0.534704,0,0,0.795977,0.261274,1.028160,1,0,18.6503,0,0,0,18.6503,0
55.964,2.29266,0,0,1.43658,0.076017,0.36288,3.6288,56.3804,0.994758,0,0,0.495075,0.307098,0,0.66528,12.849,1,0.514476,0.36288,0,22.3743,6.01713,16.2056,0.84672,12.849,0.84672,3695.15,0,36.966,0.643015,0.261274,2.22142,2.14777,1.50642,2.48102,0.42336,36.966,0.42336,423.524,0,0.556839,0,0,0.818113,0.261274,1.028160,1,0,18.6866,0,0,0,18.6866,0
54.4955,2.28322,0,0,1.25268,0.0750502,0.36288,3.6288,55.527,1.01474,0,0,0.466858,0.30549,0,0.66528,12.849,1,0.524213,0.36288,0,21.198,6.01713,15.0195,0.84672,12.849,0.84672,3695.15,0,36.966,0.665321,0.227405,2.22161,2.05223,1.50642,2.32951,0.42336,36.966,0.42336,423.524,0,0.514728,0,0,0.742133,0.227405,1.028160,1,0,17.349,0,0,0,17.349,0
52.9461,2.27203,0,0,1.15527,0.0697452,0.36288,3.6288,54.6512,1.02841,0,0,0.458835,0.306284,0,0.66528,12.849,1,0.535701,0.36288,0,19.9985,6.0919,13.7338,0.84672,12.849,0.84672,3695.15,0,36.966,0.684643,0.227405,2.22181,2.03356,1.52136,2.27677,0.42336,36.966,0.42336,423.524,0,0.481922,0,0,0.709327,0.227405,1.028160,1,0,16.0105,0,0,0,16.0105,0
51.12,2.42682,0,0,1.02038,0.0567898,0.36288,3.6288,53.5952,1.16675,0,0,0.421143,0.310374,0,0.66528,12.849,1,0.588941,0.36288,0,19.1406,6.2325,12.6821,0.84672,12.849,0.84672,3695.15,0,36.966,0.789187,0.227405,2.22201,1.85407,1.49725,2.01704,0.42336,36.966,0.42336,423.524,0,0.402178,0,0,0.629583,0.227405,1.028160,1,0,14.6991,0,0,0,14.6991,0
49.7326,2.41026,0,0,1.43802,0.0523051,0.36288,3.6288,52.5052,1.1987,0,0,0.427293,0.318579,0,0.66528,12.849,1,0.605817,0.36288,0,24.1925,6.06386,17.8857,0.84672,12.849,0.84672,3695.15,0,36.966,0.826771,0.227405,2.38703,1.98457,1.52484,2.24739,0.42336,36.966,0.42336,423.524,0,0.332844,0,0,0.560249,0.227405,1.028160,1,0,20.1331,0,0,0,20.1331,0
48.0571,2.39708,0,0,1.13607,0.0515467,0.36288,3.6288,51.2328,1.26849,0,0,0.311903,0.315814,0,0.66528,12.849,1,0.619313,0.36288,0,24.966,6.06386,18.6457,0.84672,12.849,0.84672,3695.15,0,36.966,0.893071,0.204422,2.38724,1.57251,1.52484,1.74626,0.42336,36.966,0.42336,423.524,0,0.196949,0,0,0.401371,0.204422,1.028160,1,0,20.3919,0,0,0,20.3919,0
46.6704,2.38029,0,0,1.40705,0.0506231,0.36288,3.6288,50.3661,1.07302,0,0,0.518899,0.312587,0,0.66528,12.849,1,0.636417,0.36288,0,22.1255,6.06386,15.7881,0.84672,12.849,0.84672,3695.15,0,36.966,0.774215,0.204422,2.38745,2.363,1.52484,2.65581,0.42336,36.966,0.42336,423.524,0,0.51147,0,0,0.715892,0.204422,1.028160,1,0,18.4439,0,0,0,18.4439,0
45.0046,2.36571,0,0,1.11763,0.0548721,0.36288,3.6288,49.2508,1.19604,0,0,0.359176,0.278449,0,0.66528,12.849,1,0.651313,0.36288,0,17.8667,5.13963,12.4386,0.84672,12.849,0.84672,3695.15,0,36.966,0.877826,0.204422,2.38767,2.31291,1.16507,2.8621,0.42336,36.966,0.42336,423.524,0,0.285038,0,0,0.48946,0.204422,1.028160,1,0,15.3007,0,0,0,15.3007,0
43.3878,2.26841,0,0,1.05816,0.0436146,0.36288,3.6288,48.2403,1.08272,0,0,0.404437,0.332222,0,0.66528,12.849,1,0.647642,0.36288,0,20.6319,5.88156,14.4656,0.84672,12.849,0.84672,3695.15,0,36.966,0.812656,0.204422,2.38788,1.88304,1.57961,2.08308,0.42336,36.966,0.42336,423.524,0,0.36476,0,0,0.569182,0.204422,1.028160,1,0,16.5486,0,0,0,16.5486,0
41.845,2.25003,0,0,1.14526,0.0751267,0.36288,3.6288,47.2971,1.07485,0,0,0.423414,0.291769,0,0.66528,12.849,1,0.666331,0.36288,0,15.1538,5.29101,9.55932,0.84672,12.849,0.84672,3695.15,0,36.966,0.823648,0.216518,2.29265,1.87934,1.35984,2.20502,0.42336,36.966,0.42336,423.524,0,0.361827,0,0,0.578345,0.216518,1.028160,1,0,11.7643,0,0,0,11.7643,0
40.7669,2.23147,0,0,1.61238,0.0961721,0.36288,3.6288,46.4627,1.02314,0,0,0.459539,0.270781,0,0.66528,12.849,1,0.685199,0.36288,0,16.9139,5.12536,11.4662,0.84672,12.849,0.84672,3695.15,0,36.966,0.799658,0.216518,2.29285,1.67465,1.30295,2.08142,0.42336,36.966,0.42336,423.524,0,0.437713,0,0,0.654231,0.216518,1.028160,1,0,13.5477,0,0,0,13.5477,0
40.3049,2.21793,0,0,2.21374,0.0949592,0.36288,3.6288,46.1589,0.778219,0,0,0.743271,0.268828,0,0.66528,12.849,1,0.699051,0.36288,0,32.4944,5.12536,27.0329,0.84672,12.849,0.84672,3695.15,0,36.966,0.619156,0.216518,2.29306,2.97165,1.30295,3.55912,0.42336,36.966,0.42336,423.524,0,0.863326,0,0,1.07984,0.216518,1.028160,1,0,30.592,0,0,0,30.592,0
39.4271,2.14902,0,0,1.7568,0.122697,0.36288,3.6288,45.5944,0.848299,0,0,0.508978,0.225252,0,0.66528,12.849,1,0.685096,0.36288,0,29.7168,4.66177,24.7329,0.84672,12.849,0.84672,3695.15,0,36.966,0.679353,0.216518,2.29326,2.15654,1.18755,2.79941,0.42336,36.966,0.42336,423.524,0,0.643127,0,0,0.859645,0.216518,1.028160,1,0,27.5323,0,0,0,27.5323,0
38.2944,2.13774,0,0,1.53484,0.166884,0.36288,3.6288,44.726,0.985258,0,0,0.305865,0.188946,0,0.66528,12.849,1,0.696674,0.36288,0,18.0935,4.34816,13.4115,0.84672,12.849,0.84672,3695.15,0,36.966,0.798806,0.216518,2.20826,1.81671,1.14441,2.29827,0.42336,36.966,0.42336,423.524,0,0.386893,0,0,0.603412,0.216518,1.028160,1,0,15.7098,0,0,0,15.7098,0
37.4358,2.12253,0,0,1.79151,0.164708,0.36288,3.6288,44.5126,0.625774,0,0,0.599797,0.187419,0,0.66528,12.849,1,0.712178,0.36288,0,21.0606,4.34816,16.3632,0.84672,12.849,0.84672,3695.15,0,36.966,0.517202,0.367362,2.20845,2.8844,1.14441,3.79861,0.42336,36.966,0.42336,423.524,0,1.02816,0,0,1.39552,0.367362,1.028160,1,0,20.1618,0,0,0,20.1618,0
39.5804,2.1106,0,0,4.78109,0.163059,0.36288,3.6288,45.1699,0.624517,0,0,1.46886,0.187044,0,0.66528,12.849,1,0.724415,0.36288,0,61.8952,4.34816,57.1855,0.84672,12.849,0.84672,3695.15,0,36.966,0.518637,1.58287,2.20864,5.44572,1.14441,7.57419,0.42336,36.966,0.42336,423.524,0,1.02816,0,0,2.61103,1.58287,1.028160,1,0,64.7597,0,0,0,64.7597,0
39.9776,1.96206,0,0,2.92011,0.197906,0.36288,3.6288,44.7934,0.82842,0,0,0.619077,0.167203,0,0.66528,12.849,1,0.636945,0.36288,0,39.3727,3.8937,35.2049,0.84672,12.849,0.84672,3695.15,0,36.966,0.67796,0.292723,2.20884,2.79859,0.982512,3.63968,0.42336,36.966,0.42336,423.524,0,0.47737,0,0,0.770093,0.292723,1.028160,1,0,38.8446,0,0,0,38.8446,0
44.6597,1.96706,0,0,7.2006,0.188554,0.36288,3.6288,45.2402,0.590307,0,0,1.22402,0.186909,0,0.66528,12.849,1,0.632223,0.36288,0,90.1124,3.90022,85.9428,0.84672,12.849,0.84672,3695.15,0,36.966,0.487155,0.292723,2.0197,4.03463,0.901452,4.95844,0.42336,36.966,0.42336,423.524,0,0.906448,0,0,1.19917,0.292723,1.028160,1,0,90.9012,0,0,0,90.9012,0
48.658,2.01875,0,0,6.57901,0.199112,0.36288,3.6288,44.9137,0.797543,0,0,0.658759,0.187692,0,0.66528,12.849,1,0.580812,0.36288,0,101.517,3.90022,97.3993,0.84672,12.849,0.84672,3695.15,0,36.966,0.651677,0.412474,2.01987,3.90678,0.901452,4.786,0.42336,36.966,0.42336,423.524,0,0.534851,0,0,0.947324,0.412474,1.028160,1,0,102.185,0,0,0,102.185,0
51.3821,2.05672,0,0,5.35179,0.208128,0.36288,3.6288,44.5355,0.758806,0,0,0.567759,0.18712,0,0.66528,12.849,1,0.543114,0.36288,0,90.0737,3.90022,85.9933,0.84672,12.849,0.84672,3695.15,0,36.966,0.624531,0.412474,2.02005,3.78592,0.901452,4.69246,0.42336,36.966,0.42336,423.524,0,0.600895,0,0,1.01337,0.412474,1.028160,1,0,90.6857,0,0,0,90.6857,0
53.9259,2.07998,0,0,5.23213,0.245388,0.36288,3.6288,44.6179,0.631766,0,0,0.933057,0.218887,0,0.66528,12.849,1,0.520136,0.36288,0,104.641,4.25279,100.231,0.84672,12.849,0.84672,3695.15,0,36.966,0.524387,0.412474,2.02023,4.39247,1.01859,5.28219,0.42336,36.966,0.42336,423.524,0,0.828239,0,0,1.24071,0.412474,1.028160,1,0,105.513,0,0,0,105.513,0
59.5745,2.17345,0,0,8.45922,0.274307,0.36288,3.6288,44.9164,0.614951,0,0,1.1467,0.233285,0,0.66528,12.849,1,0.517871,0.36288,0,143.925,4.66355,139.107,0.84672,12.849,0.84672,3695.15,0,36.966,0.509488,0.412474,2.0204,8.34804,1.23347,9.03796,0.42336,36.966,0.42336,423.524,0,0.914501,0,0,1.32697,0.412474,1.028160,1,0,148.145,0,0,0,148.145,0
59.2734,2.21406,0,0,2.56557,0.289762,0.36288,3.6288,44.4674,0.883307,0,0,0.66657,0.232248,0,0.66528,12.849,1,0.477528,0.36288,0,63.6298,4.68794,58.8272,0.84672,12.849,0.84672,3695.15,0,36.966,0.726958,0.412474,2.07964,3.16045,1.25464,3.67097,0.42336,36.966,0.42336,423.524,0,0.428829,0,0,0.841303,0.412474,1.028160,1,0,62.4982,0,0,0,62.4982,0
59.3367,2.21229,0,0,2.92374,0.285306,0.36288,3.6288,44.505,0.7064,0,0,0.973089,0.229152,0,0.66528,12.849,1,0.479569,0.36288,0,68.0709,4.54557,63.4087,0.84672,12.849,0.84672,3695.15,0,36.966,0.587234,0.503194,2.07981,3.6991,1.22547,4.4694,0.42336,36.966,0.42336,423.524,0,0.745615,0,0,1.24881,0.503194,1.028160,1,0,67.8781,0,0,0,67.8781,0
65.4627,2.21293,0,0,8.96556,0.263758,0.36288,3.6288,46.0917,0.55241,0,0,2.35565,0.216507,0,0.66528,12.849,1,0.479196,0.36288,0,182.966,3.69138,179.158,0.84672,12.849,0.84672,3695.15,0,36.966,0.458834,2.09174,2.07998,12.8133,1.05048,15.4758,0.42336,36.966,0.42336,423.524,0,1.02816,0,0,3.1199,2.09174,1.028160,1,0,194.634,0,0,0,194.634,0
68.0785,2.49481,0,0,5.74346,0.269961,0.36288,3.6288,46.7311,0.66528,0,0,1.51102,0.206381,0,0.66528,12.849,1,0.489682,0.36288,0,124.74,3.72963,120.884,0.84672,12.849,0.84672,3695.15,0,36.966,0.550372,1.26996,2.08015,7.57735,1.05152,9.32557,0.42336,36.966,0.42336,423.524,0,1.02816,0,0,2.29812,1.26996,1.028160,1,0,130.209,0,0,0,130.209,0
70.8403,2.51089,0,0,5.90077,0.265107,0.36288,3.6288,47.2766,0.66528,0,0,1.40054,0.189692,0,0.66528,12.849,1,0.473901,0.36288,0,167.93,3.78063,164.038,0.84672,12.849,0.84672,3695.15,0,36.966,0.550545,1.07704,2.29286,8.56526,1.0529,10.3317,0.42336,36.966,0.42336,423.524,0,1.02816,0,0,2.1052,1.07704,1.028160,1,0,174.37,0,0,0,174.37,0
72.29,2.52678,0,0,4.88782,0.270846,0.640539,3.6288,47.3742,0.66528,0,0,0.953389,0.190565,0,0.66528,12.849,1,0.458306,0.640539,0,106.17,3.78063,102.572,0.84672,12.849,0.84672,3695.15,0,36.966,0.550718,0.526815,2.29305,5.37439,1.0529,6.59064,0.42336,36.966,0.42336,423.524,0,1.02816,0,0,1.55498,0.526815,1.028160,1,0,109.162,0,0,0,109.162,0
72.29,2.53483,0,0,4.26833,0.273859,1.45965,3.6288,47.2695,0.817127,0,0,0.903156,0.190721,0,0.66528,12.849,1,0.450547,1.45965,0,108.161,3.78063,105.389,0.84672,12.849,0.84672,3695.15,0,36.966,0.637603,0.608429,2.29324,4.39691,1.0529,5.60808,0.42336,36.966,0.42336,423.524,0,0.789601,0,0,1.39803,0.608429,1.028160,1,0,110.997,0,0,0,110.997,0
72.29,2.18119,0,0,4.00922,0.305954,1.52207,3.6288,47.7582,0.528688,0,0,1.17213,0.154734,0,0.66528,12.849,1,0.387691,1.52207,0,108.833,3.4145,106.553,0.84672,12.849,0.84672,3695.15,0,36.966,0.413448,1.09687,2.29343,6.23282,0.902267,8.30741,0.42336,36.966,0.42336,423.524,0,1.02816,0,0,2.12503,1.09687,1.028160,1,0,114.86,0,0,0,114.86,0
72.29,2.18141,0,0,6.8685,0.322725,4.36436,3.6288,49.0086,0.531157,0,0,1.94467,0.163089,0,0.66528,12.849,1,0.387729,4.36436,0,109.169,3.74209,109.404,0.84672,12.849,0.84672,3695.15,0,36.966,0.411128,2.23272,2.00366,9.40196,0.875097,12.3521,0.42336,36.966,0.42336,423.524,0,1.02816,0,0,3.26088,2.23272,1.028160,1,0,121.756,0,0,0,121.756,0
72.29,2.18163,0,0,5.58554,0.322725,3.08119,3.6288,49.6067,0.537221,0,0,1.30011,0.164791,0,0.66528,12.849,1,0.387768,3.08119,0,97.5491,3.74209,96.5004,0.84672,12.849,0.84672,3695.15,0,36.966,0.405213,1.05034,2.00382,6.58192,0.875097,8.35577,0.42336,36.966,0.42336,423.524,0,1.02816,0,0,2.0785,1.05034,1.028160,1,0,104.856,0,0,0,104.856,0
72.29,2.18185,0,0,3.91892,0.322725,1.41435,3.6288,49.8861,0.540106,0,0,0.985098,0.165606,0,0.66528,12.849,1,0.387807,1.41435,0,94.9838,3.74209,92.2683,0.84672,12.849,0.84672,3695.15,0,36.966,0.402477,0.770541,2.00399,5.94427,0.875097,7.44122,0.42336,36.966,0.42336,423.524,0,1.02816,0,0,1.7987,0.770541,1.028160,1,0,99.7095,0,0,0,99.7095,0
72.29,2.18206,0,0,3.99996,0.266084,1.55181,3.6288,49.8946,0.602025,0,0,0.748768,0.138225,0,0.66528,12.849,1,0.387845,1.55181,0,82.6433,3.30612,80.5012,0.84672,12.849,0.84672,3695.15,0,36.966,0.446106,0.558835,2.00415,5.41579,0.812469,6.72019,0.42336,36.966,0.42336,423.524,0,0.922761,0,0,1.4816,0.558835,1.028160,1,0,87.2214,0,0,0,87.2214,0
72.29,2.2714,0,0,6.28856,0.321082,3.69608,3.6288,52.1298,0.580161,0,0,2.944,0.128682,0,0.66528,12.849,1,0.403724,3.69608,0,128.272,3.43476,128.13,0.84672,12.849,0.84672,3695.15,0,36.966,0.429831,2.42304,2.00431,8.88512,0.843009,12.0396,0.42336,36.966,0.42336,423.524,0,1.02816,0,0,3.4512,2.42304,1.028160,1,0,140.169,0,0,0,140.169,0
72.29,2.27162,0,0,4.61346,0.321082,2.02075,3.6288,54.3198,0.591035,0,0,2.91209,0.131041,0,0.66528,12.849,1,0.403764,2.02075,0,109.725,3.43476,107.908,0.84672,12.849,0.84672,3695.15,0,36.966,0.419112,2.65891,2.07599,6.7021,0.843009,10.1749,0.42336,36.966,0.42336,423.524,0,1.02816,0,0,3.68707,2.65891,1.028160,1,0,118.083,0,0,0,118.083,0
72.29,2.27185,0,0,3.50243,0.321082,0.9095,3.6288,55.9585,0.601182,0,0,2.37313,0.133268,0,0.66528,12.849,1,0.403804,0.9095,0,74.6194,3.43476,71.6903,0.84672,12.849,0.84672,3695.15,0,36.966,0.409119,1.84204,2.07616,4.8355,0.843009,7.50157,0.42336,36.966,0.42336,423.524,0,1.02816,0,0,2.8702,1.84204,1.028160,1,0,79.1919,0,0,0,79.1919,0
72.29,2.27207,0,0,3.1494,0.321082,0.556244,3.6288,57.3505,0.60849,0,0,2.13522,0.134712,0,0.66528,12.849,1,0.403844,0.556244,0,62.2209,3.43476,58.9385,0.84672,12.849,0.84672,3695.15,0,36.966,0.401966,1.55487,2.07633,3.98511,0.843009,6.37133,0.42336,36.966,0.42336,423.524,0,1.02816,0,0,2.58303,1.55487,1.028160,1,0,65.3098,0,0,0,65.3098,0
72.29,2.23744,0,0,3.55988,0.23651,1.08593,3.6288,58.1481,0.598661,0,0,1.5295,0.133231,0,0.66528,12.849,1,0.397689,1.08593,0,69.7287,3.79581,66.6211,0.84672,12.849,0.84672,3695.15,0,36.966,0.385875,1.41648,2.0765,4.62722,0.938609,6.79572,0.42336,36.966,0.42336,423.524,0,1.02816,0,0,2.44464,1.41648,1.028160,1,0,73.4168,0,0,0,73.4168,0
72.29,2.23767,0,0,3.00932,0.244401,0.527254,3.6288,58.6115,0.60199,0,0,1.21871,0.153343,0,0.66528,12.849,1,0.397728,0.527254,0,55.2677,4.22652,51.1707,0.84672,12.849,0.84672,3695.15,0,36.966,0.382698,0.716671,2.04883,4.27344,1.00598,5.65026,0.42336,36.966,0.42336,423.524,0,1.02816,0,0,1.74483,0.716671,1.028160,1,0,56.8209,0,0,0,56.8209,0
72.2353,2.23789,0,0,2.72723,0.181131,0.36288,3.6288,58.8268,0.603939,0,0,1.00865,0.189371,0,0.66528,12.849,1,0.397768,0.36288,0,49.9737,4.56253,45.3763,0.84672,12.849,0.84672,3695.15,0,36.966,0.380902,0.578802,2.049,3.92517,1.02805,5.14402,0.42336,36.966,0.42336,423.524,0,1.02816,0,0,1.60696,0.578802,1.028160,1,0,50.5203,0,0,0,50.5203,0
72.1299,2.23785,0,0,2.64826,0.152978,0.36288,3.6288,59.1099,0.604889,0,0,1.09046,0.202507,0,0.66528,12.849,1,0.398063,0.36288,0,48.1994,4.67786,43.4863,0.84672,12.849,0.84672,3695.15,0,36.966,0.380104,0.694621,2.04917,4.34385,1.03494,5.67259,0.42336,36.966,0.42336,423.524,0,1.02816,0,0,1.72278,0.694621,1.028160,1,0,49.1589,0,0,0,49.1589,0
71.7194,2.3559,0,0,2.47279,0.164501,0.36288,3.6288,59.1836,0.663013,0,0,0.943272,0.206508,0,0.66528,12.849,1,0.419674,0.36288,0,43.6721,4.74741,38.8679,0.84672,12.849,0.84672,3695.15,0,36.966,0.414634,0.463882,2.04933,3.89854,1.03891,4.95822,0.42336,36.966,0.42336,423.524,0,1.02816,0,0,1.49204,0.463882,1.028160,1,0,43.8261,0,0,0,43.8261,0
71.2343,2.3541,0,0,2.43933,0.207429,0.36288,3.6288,59.2963,0.66343,0,0,0.956612,0.180456,0,0.66528,12.849,1,0.421752,0.36288,0,42.3273,4.62819,37.6402,0.84672,12.849,0.84672,3695.15,0,36.966,0.414377,0.485482,2.14709,3.73647,0.964269,4.9904,0.42336,36.966,0.42336,423.524,0,1.02816,0,0,1.51364,0.485482,1.028160,1,0,42.6306,0,0,0,42.6306,0
70.8352,2.3519,0,0,2.41233,0.0966976,0.36288,3.6288,59.3295,0.664014,0,0,0.916635,0.21951,0,0.66528,12.849,1,0.424227,0.36288,0,43.3738,5.15718,38.1553,0.84672,12.849,0.84672,3695.15,0,36.966,0.413954,0.518339,2.14726,3.85689,1.07069,5.03784,0.42336,36.966,0.42336,423.524,0,1.02816,0,0,1.5465,0.518339,1.028160,1,0,43.1932,0,0,0,43.1932,0
70.1682,2.35011,0,0,2.14243,0.0964024,0.36288,3.6288,59.184,0.673066,0,0,0.747196,0.219557,0,0.66528,12.849,1,0.426293,0.36288,0,38.7901,5.15718,33.5696,0.84672,12.849,0.84672,3695.15,0,36.966,0.419362,0.30119,2.14744,3.30781,1.07069,4.26638,0.42336,36.966,0.42336,423.524,0,1.01386,0,0,1.31505,0.30119,1.028160,1,0,37.8359,0,0,0,37.8359,0
69.4258,2.34691,0,0,2.06333,0.0959091,0.36288,3.6288,58.8332,0.732994,0,0,0.601497,0.219352,0,0.66528,12.849,1,0.42976,0.36288,0,35.7459,5.15718,30.5219,0.84672,12.849,0.84672,3695.15,0,36.966,0.457824,0.30119,2.14762,3.18007,1.07069,4.10036,0.42336,36.966,0.42336,423.524,0,0.915633,0,0,1.21682,0.30119,1.028160,1,0,34.6222,0,0,0,34.6222,0
69.5943,2.32,0,0,2.96221,0.11092,0.36288,3.6288,59.0446,0.66528,0,0,1.05425,0.177583,0,0.66528,12.849,1,0.429374,0.36288,0,42.9415,4.45704,38.418,0.84672,12.849,0.84672,3695.15,0,36.966,0.464033,1.29403,2.14779,4.95761,0.97799,6.95741,0.42336,36.966,0.42336,423.524,0,1.02816,0,0,2.32219,1.29403,1.028160,1,0,45.3754,0,0,0,45.3754,0
69.4955,2.3211,0,0,2.69634,0.111064,0.36288,3.6288,59.1875,0.66528,0,0,0.986023,0.177824,0,0.66528,12.849,1,0.428539,0.36288,0,41.2238,4.45704,36.7011,0.84672,12.849,0.84672,3695.15,0,36.966,0.464198,0.983871,2.1821,4.65722,0.97799,6.381,0.42336,36.966,0.42336,423.524,0,1.02816,0,0,2.01203,0.983871,1.028160,1,0,43.0821,0,0,0,43.0821,0
69.1942,2.32082,0,0,2.47937,0.0970008,0.36288,3.6288,59.2532,0.66528,0,0,0.941414,0.210453,0,0.66528,12.849,1,0.429095,0.36288,0,36.5462,4.88049,31.5995,0.84672,12.849,0.84672,3695.15,0,36.966,0.464364,0.973849,2.18227,4.48126,1.13256,6.04046,0.42336,36.966,0.42336,423.524,0,1.02816,0,0,2.00201,0.973849,1.028160,1,0,37.64,0,0,0,37.64,0
68.7638,2.31947,0,0,2.33016,0.0781795,0.36288,3.6288,59.2123,0.66528,0,0,0.878221,0.253848,0,0.66528,12.849,1,0.430714,0.36288,0,32.4429,5.44509,26.9299,0.84672,12.849,0.84672,3695.15,0,36.966,0.464529,0.936732,2.18245,4.31404,1.33865,5.63005,0.42336,36.966,0.42336,423.524,0,1.02816,0,0,1.96489,0.936732,1.028160,1,0,32.56,0,0,0,32.56,0
68.3158,2.37746,0,0,2.37197,0.0797052,0.36288,3.6288,59.2215,0.66528,0,0,0.945665,0.271171,0,0.66528,12.849,1,0.444245,0.36288,0,41.7093,5.66799,35.96,0.84672,12.849,0.84672,3695.15,0,36.966,0.51004,0.951108,2.18263,4.42051,1.3944,5.64981,0.42336,36.966,0.42336,423.524,0,1.02816,0,0,1.97927,0.951108,1.028160,1,0,41.6098,0,0,0,41.6098,0
67.9297,2.37524,0,0,2.4328,0.0807625,0.36288,3.6288,59.2549,0.66528,0,0,0.982912,0.28423,0,0.66528,12.849,1,0.446742,0.36288,0,35.0828,5.83516,29.1638,0.84672,12.849,0.84672,3695.15,0,36.966,0.51021,1.17524,2.2312,4.4533,1.43621,5.91331,0.42336,36.966,0.42336,423.524,0,1.02816,0,0,2.2034,1.17524,1.028160,1,0,35.0771,0,0,0,35.0771,0
67.3405,2.37334,0,0,2.22758,0.0805185,0.36288,3.6288,59.2157,0.66528,0,0,0.910388,0.284291,0,0.66528,12.849,1,0.448921,0.36288,0,33.346,5.83516,27.4248,0.84672,12.849,0.84672,3695.15,0,36.966,0.510379,0.855351,2.23138,3.9144,1.43621,5.05454,0.42336,36.966,0.42336,423.524,0,1.02816,0,0,1.88351,0.855351,1.028160,1,0,32.4793,0,0,0,32.4793,0
66.8902,2.37028,0,0,2.35359,0.0707127,0.36288,3.6288,59.3062,0.66528,0,0,1.04511,0.289331,0,0.66528,12.849,1,0.452264,0.36288,0,32.7046,5.98472,26.6305,0.84672,12.849,0.84672,3695.15,0,36.966,0.510549,1.23207,2.23156,5.17822,1.46609,6.66521,0.42336,36.966,0.42336,423.524,0,1.02816,0,0,2.26023,1.23207,1.028160,1,0,33.2957,0,0,0,33.2957,0
66.2953,2.54304,0,0,2.38437,0.0734155,0.36288,3.6288,59.4021,0.66528,0,0,1.01745,0.256291,0,0.66528,12.849,1,0.488495,0.36288,0,31.6869,5.85142,25.7098,0.84672,12.849,0.84672,3695.15,0,36.966,0.674452,1.2208,2.23175,5.21759,1.47747,6.51821,0.42336,36.966,0.42336,423.524,0,1.02816,0,0,2.24896,1.2208,1.028160,1,0,32.228,0,0,0,32.228,0
65.6158,2.53962,0,0,2.29499,0.0719478,0.36288,3.6288,59.2934,0.66528,0,0,0.862402,0.305783,0,0.66528,12.849,1,0.492216,0.36288,0,30.5173,5.59472,24.7932,0.84672,12.849,0.84672,3695.15,0,36.966,0.674636,0.817975,2.39754,4.23248,1.47349,5.29987,0.42336,36.966,0.42336,423.524,0,1.02816,0,0,1.84613,0.817975,1.028160,1,0,30.0931,0,0,0,30.0931,0
65.1644,2.53561,0,0,2.51866,0.0715592,0.36288,3.6288,59.3875,0.66528,0,0,1.06494,0.30557,0,0.66528,12.849,1,0.496527,0.36288,0,39.2474,5.59472,33.519,0.84672,12.849,0.84672,3695.15,0,36.966,0.67482,1.26546,2.39774,4.61717,1.47349,6.13206,0.42336,36.966,0.42336,423.524,0,1.02816,0,0,2.29362,1.26546,1.028160,1,0,39.6511,0,0,0,39.6511,0
64.2206,2.53298,0,0,2.02337,0.0713011,0.36288,3.6288,59.1867,0.66528,0,0,0.770265,0.305754,0,0.66528,12.849,1,0.499449,0.36288,0,38.3511,5.59472,32.6198,0.84672,12.849,0.84672,3695.15,0,36.966,0.675004,0.564192,2.39794,3.70653,1.47349,4.52016,0.42336,36.966,0.42336,423.524,0,1.02816,0,0,1.59235,0.564192,1.028160,1,0,37.1399,0,0,0,37.1399,0
63.7797,2.52711,0,0,2.51987,0.0707613,0.36288,3.6288,59.5326,0.66528,0,0,1.31651,0.305361,0,0.66528,12.849,1,0.505615,0.36288,0,35.0264,5.59472,29.2889,0.84672,12.849,0.84672,3695.15,0,36.966,0.675188,1.98398,2.39814,5.73101,1.47349,7.96444,0.42336,36.966,0.42336,423.524,0,1.02816,0,0,3.01214,1.98398,1.028160,1,0,37.2534,0,0,0,37.2534,0
63.0973,2.43975,0,0,2.14489,0.0246643,0.36288,3.6288,59.2264,0.66528,0,0,0.732404,0.37332,0,0.66528,12.849,1,0.491509,0.36288,0,27.44,5.86885,21.4426,0.84672,12.849,0.84672,3695.15,0,36.966,0.575948,0.557055,2.39834,3.3975,1.66465,4.11229,0.42336,36.966,0.42336,423.524,0,1.02816,0,0,1.58522,0.557055,1.028160,1,0,25.5548,0,0,0,25.5548,0
62.2127,2.43557,0,0,2.03634,0.122501,0.36288,3.6288,59.0192,0.66528,0,0,0.765936,0.307865,0,0.66528,12.849,1,0.495974,0.36288,0,24.0654,4.02264,19.9097,0.84672,12.849,0.84672,3695.15,0,36.966,0.576124,0.551897,2.30265,3.05615,1.21995,4.11462,0.42336,36.966,0.42336,423.524,0,1.02816,0,0,1.58006,0.551897,1.028160,1,0,24.0243,0,0,0,24.0243,0
61.6031,2.42997,0,0,2.33893,0.155695,0.36288,3.6288,59.0987,0.66528,0,0,1.04534,0.300605,0,0.66528,12.849,1,0.501869,0.36288,0,24.3197,3.80226,20.3784,0.84672,12.849,0.84672,3695.15,0,36.966,0.576299,0.925914,2.30284,4.23812,1.19489,5.69568,0.42336,36.966,0.42336,423.524,0,1.02816,0,0,1.95407,0.925914,1.028160,1,0,26.0741,0,0,0,26.0741,0
60.8987,2.4261,0,0,2.23949,0.154916,0.36288,3.6288,59.1579,0.66528,0,0,1.02528,0.300758,0,0.66528,12.849,1,0.506028,0.36288,0,32.426,3.80226,28.4806,0.84672,12.849,0.84672,3695.15,0,36.966,0.576475,0.872692,2.30303,4.23704,1.19489,5.64139,0.42336,36.966,0.42336,423.524,0,1.02816,0,0,1.90085,0.872692,1.028160,1,0,34.122,0,0,0,34.122,0
60.7165,2.3525,0,0,2.73075,0.197599,0.36288,3.6288,59.6198,0.66528,0,0,1.39163,0.264482,0,0.66528,12.849,1,0.496352,0.36288,0,54.7546,3.80527,50.8159,0.84672,12.849,0.84672,3695.15,0,36.966,0.486117,2.13375,2.30322,6.74041,1.07559,9.61567,0.42336,36.966,0.42336,423.524,0,1.02816,0,0,3.16191,2.13375,1.028160,1,0,60.4315,0,0,0,60.4315,0
59.597,2.3515,0,0,1.85021,0.255325,0.36288,3.6288,59.3201,0.66528,0,0,0.582203,0.2166,0,0.66528,12.849,1,0.497631,0.36288,0,32.1621,3.8093,28.2181,0.84672,12.849,0.84672,3695.15,0,36.966,0.486284,0.332908,2.2178,5.07855,0.916531,6.22644,0.42336,36.966,0.42336,423.524,0,1.02816,0,0,1.36107,0.332908,1.028160,1,0,34.4445,0,0,0,34.4445,0
59.7815,2.34404,0,0,3.14411,0.252731,0.36288,3.6288,59.1766,0.66528,0,0,0.737932,0.216185,0,0.66528,12.849,1,0.50537,0.36288,0,56.6548,3.8093,52.703,0.84672,12.849,0.84672,3695.15,0,36.966,0.486451,0.328182,2.21798,6.57461,0.916531,7.71779,0.42336,36.966,0.42336,423.524,0,1.02816,0,0,1.35634,0.328182,1.028160,1,0,60.4208,0,0,0,60.4208,0
59.4174,2.34555,0,0,2.6333,0.288962,0.36288,3.6288,59.3314,0.66528,0,0,1.08062,0.260471,0,0.66528,12.849,1,0.504137,0.36288,0,41.0963,4.77351,36.1816,0.84672,12.849,0.84672,3695.15,0,36.966,0.486619,1.58473,2.21816,7.80944,1.18845,9.93726,0.42336,36.966,0.42336,423.524,0,1.02816,0,0,2.61289,1.58473,1.028160,1,0,46.1188,0,0,0,46.1188,0
61.5729,2.14805,0,0,4.95612,0.289692,0.36288,3.6288,60.0743,0.593604,0,0,1.59384,0.257398,0,0.66528,12.849,1,0.464515,0.36288,0,80.7685,4.73603,75.9309,0.84672,12.849,0.84672,3695.15,0,36.966,0.369841,1.9588,2.21835,9.06664,1.16957,11.7044,0.42336,36.966,0.42336,423.524,0,1.02816,0,0,2.98696,1.9588,1.028160,1,0,87.6353,0,0,0,87.6353,0
63.2246,2.16172,0,0,4.48219,0.305887,0.36288,3.6288,60.5713,0.596529,0,0,1.33207,0.238534,0,0.66528,12.849,1,0.451106,0.36288,0,75.1946,4.51111,70.5953,0.84672,12.849,0.84672,3695.15,0,36.966,0.367067,2.152,2.02831,7.84965,1.05627,10.6066,0.42336,36.966,0.42336,423.524,0,1.02816,0,0,3.18016,2.152,1.028160,1,0,81.2019,0,0,0,81.2019,0
64.4907,2.17173,0,0,4.11078,0.31006,0.36288,3.6288,60.8306,0.598493,0,0,1.09706,0.239289,0,0.66528,12.849,1,0.441356,0.36288,0,74.6081,4.51111,70.0185,0.84672,12.849,0.84672,3695.15,0,36.966,0.365254,1.50016,2.02847,6.20446,1.05627,8.31158,0.42336,36.966,0.42336,423.524,0,1.02816,0,0,2.52832,1.50016,1.028160,1,0,78.3301,0,0,0,78.3301,0
67.4437,2.17917,0,0,5.80306,0.307977,0.36288,3.6288,61.308,0.599555,0,0,2.04075,0.227371,0.736386,0.66528,12.849,1,0.434173,0.36288,0,105.119,4.07635,100.971,0.84672,12.849,0.84672,3695.15,0,36.966,0.364342,2.07153,2.02864,10.5334,0.958439,13.3108,0.42336,36.966,0.42336,423.524,0,1.02816,0,0,3.09969,2.07153,1.028160,1,0,115.018,0,0,0,115.018,0
71.1395,2.19536,0,0,6.55874,0.304697,0.36288,3.6288,61.308,0.601419,0,0,2.31343,0.23811,1.4739,0.66528,12.849,1,0.418247,0.36288,0,119.727,4.41292,115.259,0.84672,12.849,0.84672,3695.15,0,36.966,0.362629,1.62155,2.0288,9.60276,1.03848,11.852,0.42336,36.966,0.42336,423.524,0,1.02816,0,0,2.64971,1.62155,1.028160,1,0,128.585,0,0,0,128.585,0
72.2062,2.29136,0,0,3.9964,0.275524,0.36288,3.6288,61.308,0.635599,0,0,1.73285,0.240099,0.857149,0.66528,12.849,1,0.413858,0.36288,0,73.5187,4.08648,69.3812,0.84672,12.849,0.84672,3695.15,0,36.966,0.383238,2.09426,2.02897,9.61667,1.15208,12.2046,0.42336,36.966,0.42336,423.524,0,1.02816,0,0,3.12242,2.09426,1.028160,1,0,82.443,0,0,0,82.443,0
72.0127,2.29676,0,0,2.73063,0.264472,0.36288,3.6288,61.308,0.635689,0,0,1.33008,0.235101,0.459294,0.66528,12.849,1,0.408705,0.36288,0,58.9126,3.75711,55.1097,0.84672,12.849,0.84672,3695.15,0,36.966,0.383292,1.94186,2.08847,7.86655,1.1515,10.3621,0.42336,36.966,0.42336,423.524,0,1.02816,0,0,2.97002,1.94186,1.028160,1,0,65.9311,0,0,0,65.9311,0
71.2302,2.29604,0,0,2.1405,0.264084,0.36288,3.6288,61.308,0.635779,0,0,1.52041,0.235101,0.649526,0.66528,12.849,1,0.409675,0.36288,0,34.7368,3.75711,30.9329,0.84672,12.849,0.84672,3695.15,0,36.966,0.383347,2.50889,2.08863,5.66171,1.1515,8.72439,0.42336,36.966,0.42336,423.524,0,1.02816,0,0,3.53705,2.50889,1.028160,1,0,40.3068,0,0,0,40.3068,0
69.7821,2.29244,0,0,1.48015,0.272953,0.36288,3.6288,61.308,0.63587,0,0,0.918468,0.228486,0.054113,0.66528,12.849,1,0.413526,0.36288,0,29.5227,3.73508,25.737,0.84672,12.849,0.84672,3695.15,0,36.966,0.383401,1.02132,2.08878,5.04257,1.13407,6.6352,0.42336,36.966,0.42336,423.524,0,1.02816,0,0,2.04948,1.02132,1.028160,1,0,32.4263,0,0,0,32.4263,0
68.6001,2.53322,0,0,2.04168,0.327514,0.36288,3.6288,61.308,0.66528,0,0,0.97061,0.18717,0.11816,0.66528,12.849,1,0.466443,0.36288,0,45.5966,3.59749,41.8955,0.84672,12.849,0.84672,3695.15,0,36.966,0.559331,1.13516,2.08894,9.63611,1.01028,11.2906,0.42336,36.966,0.42336,423.524,0,1.02816,0,0,2.16332,1.13516,1.028160,1,0,53.3043,0,0,0,53.3043,0
66.8311,2.52668,0,0,1.43426,0.313716,0.36288,3.6288,61.2236,0.66528,0,0,0.763998,0.18311,0,0.66528,12.849,1,0.473255,0.36288,0,37.6936,3.58407,33.9991,0.84672,12.849,0.84672,3695.15,0,36.966,0.559492,0.713223,2.30263,4.60407,0.962286,6.09815,0.42336,36.966,0.42336,423.524,0,1.02816,0,0,1.74138,0.713223,1.028160,1,0,40.0973,0,0,0,40.0973,0
67.8571,2.51641,0,0,4.21466,0.309383,0.36288,3.6288,61.308,0.66528,0,0,1.54597,0.183013,0.613287,0.66528,12.849,1,0.483806,0.36288,0,69.1344,3.58407,65.4294,0.84672,12.849,0.84672,3695.15,0,36.966,0.559654,3.30277,2.3028,8.80526,0.962286,12.8889,0.42336,36.966,0.42336,423.524,0,1.02816,0,0,4.33093,3.30277,1.028160,1,0,78.9316,0,0,0,78.9316,0
67.6683,2.52279,0,0,3.00873,0.311896,0.36288,3.6288,61.308,0.66528,0,0,0.87639,0.18311,0.0279993,0.66528,12.849,1,0.477699,0.36288,0,53.9979,3.58407,50.299,0.84672,12.849,0.84672,3695.15,0,36.966,0.559816,1.86272,2.30298,6.19413,0.962286,8.83773,0.42336,36.966,0.42336,423.524,0,1.02816,0,0,2.89088,1.86272,1.028160,1,0,59.1648,0,0,0,59.1648,0
67.3242,2.17001,0,0,2.49249,0.30372,0.36288,3.6288,61.308,0.592525,0,0,0.77565,0.150672,0.0324534,0.66528,12.849,1,0.412047,0.36288,0,48.7344,3.47538,45.2098,0.84672,12.849,0.84672,3695.15,0,36.966,0.357266,1.12481,2.30316,6.02548,0.847899,8.24828,0.42336,36.966,0.42336,423.524,0,1.02816,0,0,2.15297,1.12481,1.028160,1,0,53.4905,0,0,0,53.4905,0
68.2513,2.16845,0,0,3.76952,0.311068,0.36288,3.6288,61.308,0.592612,0,0,1.17848,0.0782862,0.507581,0.66528,12.849,1,0.413854,0.36288,0,87.9517,3.35193,84.5488,0.84672,12.849,0.84672,3695.15,0,36.966,0.357318,1.9045,2.01204,10.2696,0.691457,13.1374,0.42336,36.966,0.42336,423.524,0,1.02816,0,0,2.93266,1.9045,1.028160,1,0,98.1938,0,0,0,98.1938,0
68.591,2.17338,0,0,3.15609,0.280067,0.36288,3.6288,61.308,0.592698,0,0,0.828749,0.136112,0.099939,0.66528,12.849,1,0.409161,0.36288,0,60.1824,3.50396,56.6321,0.84672,12.849,0.84672,3695.15,0,36.966,0.357371,0.99811,2.0122,8.02621,0.86882,9.81033,0.42336,36.966,0.42336,423.524,0,1.02816,0,0,2.02627,0.99811,1.028160,1,0,66.5424,0,0,0,66.5424,0
68.9601,2.17529,0,0,3.18801,0.280811,0.36288,3.6288,61.308,0.592785,0,0,0.769608,0.136112,0.0407116,0.66528,12.849,1,0.407491,0.36288,0,52.6882,3.50396,49.1396,0.84672,12.849,0.84672,3695.15,0,36.966,0.357423,0.833449,2.01235,6.84305,0.86882,8.46261,0.42336,36.966,0.42336,423.524,0,1.02816,0,0,1.86161,0.833449,1.028160,1,0,57.6429,0,0,0,57.6429,0
69.4632,2.17733,0,0,3.32495,0.28162,0.36288,3.6288,61.308,0.592871,0,0,0.831756,0.136112,0.102772,0.66528,12.849,1,0.405691,0.36288,0,52.3603,3.50396,48.8135,0.84672,12.849,0.84672,3695.15,0,36.966,0.357475,1.05023,2.0125,7.51741,0.86882,9.35384,0.42336,36.966,0.42336,423.524,0,1.02816,0,0,2.07839,1.05023,1.028160,1,0,58.2701,0,0,0,58.2701,0
69.8573,2.26899,0,0,3.30894,0.282937,0.36288,3.6288,61.2908,0.635016,0,0,0.760942,0.143094,0,0.66528,12.849,1,0.419707,0.36288,0,71.2173,3.31187,67.8486,0.84672,12.849,0.84672,3695.15,0,36.966,0.382886,0.722537,2.01265,5.74554,0.799777,7.29806,0.42336,36.966,0.42336,423.524,0,1.02816,0,0,1.7507,0.722537,1.028160,1,0,75.1466,0,0,0,75.1466,0
69.4349,2.27119,0,0,2.49007,0.278404,0.36288,3.6288,60.9807,0.765696,0,0,0.598752,0.143145,0,0.66528,12.849,1,0.417745,0.36288,0,44.8494,3.29102,41.5035,0.84672,12.849,0.84672,3695.15,0,36.966,0.46181,0.558835,2.08465,4.77895,0.794836,6.16579,0.42336,36.966,0.42336,423.524,0,0.818701,0,0,1.37754,0.558835,1.028160,1,0,47.6693,0,0,0,47.6693,0
69.1187,2.26926,0,0,2.59341,0.277495,0.36288,3.6288,60.6535,0.76547,0,0,0.58109,0.142864,0,0.66528,12.849,1,0.419929,0.36288,0,58.5468,3.29102,55.1987,0.84672,12.849,0.84672,3695.15,0,36.966,0.464021,0.528595,2.08481,4.55631,0.794836,5.91086,0.42336,36.966,0.42336,423.524,0,0.81686,0,0,1.34546,0.528595,1.028160,1,0,61.1096,0,0,0,61.1096,0
68.3149,2.26785,0,0,2.10375,0.276814,0.36288,3.6288,60.2548,0.723216,0,0,0.467065,0.142568,0,0.66528,12.849,1,0.421588,0.36288,0,39.4051,3.29102,36.0554,0.84672,12.849,0.84672,3695.15,0,36.966,0.440773,0.528595,2.08496,3.66555,0.794836,5.04351,0.42336,36.966,0.42336,423.524,0,0.882507,0,0,1.4111,0.528595,1.028160,1,0,41.0989,0,0,0,41.0989,0
67.976,2.22917,0,0,2.49316,0.240016,0.36288,3.6288,59.9888,0.636556,0,0,0.517048,0.146515,0,0.66528,12.849,1,0.419274,0.36288,0,48.7083,3.37729,45.2746,0.84672,12.849,0.84672,3695.15,0,36.966,0.390524,0.528595,2.08512,4.27639,0.885879,5.6137,0.42336,36.966,0.42336,423.524,0,0.993367,0,0,1.52196,0.528595,1.028160,1,0,50.8883,0,0,0,50.8883,0
67.5021,2.22762,0,0,2.37686,0.260228,0.36288,3.6288,59.7274,0.667317,0,0,0.579648,0.173707,0,0.66528,12.849,1,0.42107,0.36288,0,47.8732,3.77601,44.039,0.84672,12.849,0.84672,3695.15,0,36.966,0.411211,0.528595,2.05732,4.54051,0.988152,5.72706,0.42336,36.966,0.42336,423.524,0,0.942062,0,0,1.47066,0.528595,1.028160,1,0,49.7661,0,0,0,49.7661,0
66.9008,2.22534,0,0,2.16492,0.178054,0.36288,3.6288,59.2574,0.742291,0,0,0.484565,0.212263,0,0.66528,12.849,1,0.423593,0.36288,0,43.4449,4.12197,39.2622,0.84672,12.849,0.84672,3695.15,0,36.966,0.459413,0.528595,2.05747,4.19215,1.00881,5.30999,0.42336,36.966,0.42336,423.524,0,0.819029,0,0,1.34762,0.528595,1.028160,1,0,44.5722,0,0,0,44.5722,0
66.2623,2.22235,0,0,2.11051,0.16374,0.36288,3.6288,58.9572,0.611345,0,0,0.529283,0.218081,0,0.66528,12.849,1,0.426826,0.36288,0,42.0987,4.17963,37.8551,0.84672,12.849,0.84672,3695.15,0,36.966,0.38137,0.441133,2.05763,4.75141,1.01225,5.85655,0.42336,36.966,0.42336,423.524,0,1.02816,0,0,1.46929,0.441133,1.028160,1,0,43.7116,0,0,0,43.7116,0
65.3083,2.3364,0,0,1.91251,0.167234,0.36288,3.6288,58.4679,0.755905,0,0,0.485914,0.219371,0,0.66528,12.849,1,0.453053,0.36288,0,37.104,4.27425,32.7396,0.84672,12.849,0.84672,3695.15,0,36.966,0.47395,0.402797,2.05778,4.08827,1.01661,5.05829,0.42336,36.966,0.42336,423.524,0,0.884079,0,0,1.28688,0.402797,1.028160,1,0,37.7979,0,0,0,37.7979,0
64.0338,2.33108,0,0,1.58071,0.161315,0.36288,3.6288,57.8992,0.798496,0,0,0.441743,0.211919,0,0.66528,12.849,1,0.458625,0.36288,0,28.3479,4.33755,23.9146,0.84672,12.849,0.84672,3695.15,0,36.966,0.504845,0.402797,2.15597,2.94838,1.03479,3.96752,0.42336,36.966,0.42336,423.524,0,0.810743,0,0,1.21354,0.402797,1.028160,1,0,27.8821,0,0,0,27.8821,0
62.6714,2.32369,0,0,1.46243,0.138264,0.36288,3.6288,57.3378,0.794122,0,0,0.449073,0.216383,0,0.66528,12.849,1,0.466271,0.36288,0,25.6812,4.50009,21.0777,0.84672,12.849,0.84672,3695.15,0,36.966,0.507011,0.402797,2.15613,2.9092,1.0047,3.95642,0.42336,36.966,0.42336,423.524,0,0.813102,0,0,1.2159,0.402797,1.028160,1,0,25.0341,0,0,0,25.0341,0
61.2731,2.31549,0,0,1.41686,0.13674,0.36288,3.6288,56.8364,0.756319,0,0,0.47057,0.215598,0,0.66528,12.849,1,0.474726,0.36288,0,24.3681,4.50009,19.7561,0.84672,12.849,0.84672,3695.15,0,36.966,0.487603,0.30119,2.1563,3.01991,1.0047,3.9851,0.42336,36.966,0.42336,423.524,0,0.870463,0,0,1.17165,0.30119,1.028160,1,0,23.7412,0,0,0,23.7412,0
59.7952,2.30675,0,0,1.3269,0.135175,0.36288,3.6288,56.2374,0.818211,0,0,0.434107,0.214897,0,0.66528,12.849,1,0.483726,0.36288,0,22.8398,4.50009,18.2188,0.84672,12.849,0.84672,3695.15,0,36.966,0.532159,0.30119,2.15646,2.73624,1.0047,3.65703,0.42336,36.966,0.42336,423.524,0,0.764165,0,0,1.06536,0.30119,1.028160,1,0,21.8758,0,0,0,21.8758,0
58.1456,2.27431,0,0,1.08609,0.0984976,0.36288,3.6288,55.4106,1.00523,0,0,0.385055,0.206652,0,0.66528,12.849,1,0.488712,0.36288,0,18.1293,4.55967,13.4438,0.84672,12.849,0.84672,3695.15,0,36.966,0.660757,0.30119,2.15662,1.92651,1.04257,2.681,0.42336,36.966,0.42336,423.524,0,0.499789,0,0,0.80098,0.30119,1.028160,1,0,16.1248,0,0,0,16.1248,0
56.3891,2.26317,0,0,0.960785,0.0912092,0.36288,3.6288,54.5433,1.03336,0,0,0.370335,0.204308,0,0.66528,12.849,1,0.500114,0.36288,0,17.1359,4.5696,12.4291,0.84672,12.849,0.84672,3695.15,0,36.966,0.689383,0.30119,2.19107,1.71464,1.04888,2.46864,0.42336,36.966,0.42336,423.524,0,0.443189,0,0,0.744379,0.30119,1.028160,1,0,14.8977,0,0,0,14.8977,0
54.558,2.25069,0,0,0.872052,0.0896494,0.36288,3.6288,53.6344,1.05315,0,0,0.347433,0.203145,0,0.66528,12.849,1,0.512848,0.36288,0,15.2694,4.5696,10.5498,0.84672,12.849,0.84672,3695.15,0,36.966,0.713762,0.261274,2.19124,1.65869,1.04888,2.34856,0.42336,36.966,0.42336,423.524,0,0.399168,0,0,0.660442,0.261274,1.028160,1,0,12.8984,0,0,0,12.8984,0
52.7261,2.23696,0,0,0.827349,0.0593927,0.36288,3.6288,52.6408,1.04457,0,0,0.325899,0.274913,0,0.66528,12.849,1,0.526829,0.36288,0,13.7348,5.55765,8.01324,0.84672,12.849,0.84672,3695.15,0,36.966,0.719938,0.261274,2.1914,1.57196,1.40953,1.89517,0.42336,36.966,0.42336,423.524,0,0.401734,0,0,0.663008,0.261274,1.028160,1,0,9.9084,0,0,0,9.9084,0
50.7335,2.27999,0,0,0.711521,0.0612394,0.36288,3.6288,51.5337,1.11166,0,0,0.289166,0.284649,0,0.66528,12.849,1,0.555618,0.36288,0,12.4054,5.79399,6.41867,0.84672,12.849,0.84672,3695.15,0,36.966,0.780643,0.261274,2.19157,1.43338,1.46893,1.63664,0.42336,36.966,0.42336,423.524,0,0.319635,0,0,0.580909,0.261274,1.028160,1,0,8.05531,0,0,0,8.05531,0
48.8091,2.26278,0,0,0.765072,0.0638304,0.36288,3.6288,50.4751,1.10262,0,0,0.341901,0.29786,0,0.66528,12.849,1,0.573083,0.36288,0,15.4362,6.10911,9.11691,0.84672,12.849,0.84672,3695.15,0,36.966,0.790926,0.261274,2.24034,1.51092,1.54813,1.67348,0.42336,36.966,0.42336,423.524,0,0.318555,0,0,0.579829,0.261274,1.028160,1,0,10.7904,0,0,0,10.7904,0
46.8428,2.2451,0,0,0.704281,0.0625369,0.36288,3.6288,49.3968,1.07283,0,0,0.289854,0.295308,0,0.66528,12.849,1,0.591024,0.36288,0,12.6791,6.10911,6.34186,0.84672,12.849,0.84672,3695.15,0,36.966,0.785701,0.261274,2.24051,1.46093,1.54813,1.62888,0.42336,36.966,0.42336,423.524,0,0.353722,0,0,0.614996,0.261274,1.028160,1,0,7.97074,0,0,0,7.97074,0
44.8378,2.22584,0,0,0.64489,0.0612069,0.36288,3.6288,48.2778,1.09482,0,0,0.268467,0.292708,0,0.66528,12.849,1,0.610548,0.36288,0,12.0513,6.10911,5.69455,0.84672,12.849,0.84672,3695.15,0,36.966,0.819303,0.227405,2.24068,1.28414,1.54813,1.38479,0.42336,36.966,0.42336,423.524,0,0.298297,0,0,0.525702,0.227405,1.028160,1,0,7.07934,0,0,0,7.07934,0
42.7363,2.36777,0,0,0.681356,0.0522584,0.36288,3.6288,47.1735,1.11774,0,0,0.308195,0.294727,0,0.66528,12.849,1,0.678522,0.36288,0,11.8196,6.25866,5.2453,0.84672,12.849,0.84672,3695.15,0,36.966,0.855848,0.227405,2.24085,1.69873,1.57801,1.73313,0.42336,36.966,0.42336,423.524,0,0.403441,0,0,0.630846,0.227405,1.028160,1,0,6.97843,0,0,0,6.97843,0
40.449,2.34233,0,0,0.504331,0.0863303,0.36288,3.6288,45.9925,1.18907,0,0,0.262491,0.254392,0,0.66528,12.849,1,0.70424,0.36288,0,9.50409,5.53612,3.6266,0.84672,12.849,0.84672,3695.15,0,36.966,0.93178,0.227405,2.40737,1.41902,1.2986,1.82342,0.42336,36.966,0.42336,423.524,0,0.256347,0,0,0.483752,0.227405,1.028160,1,0,5.45002,0,0,0,5.45002,0
38.1988,2.31232,0,0,0.509026,0.0840443,0.36288,3.6288,44.8382,1.16206,0,0,0.259425,0.251722,0,0.66528,12.849,1,0.734528,0.36288,0,9.34494,5.53612,3.43716,0.84672,12.849,0.84672,3695.15,0,36.966,0.93399,0.227405,2.40755,1.5271,1.2986,1.92947,0.42336,36.966,0.42336,423.524,0,0.28133,0,0,0.508734,0.227405,1.028160,1,0,5.36664,0,0,0,5.36664,0
36.0831,2.28015,0,0,0.609168,0.0818654,0.36288,3.6288,43.7292,1.13296,0,0,0.273074,0.249029,0,0.66528,12.8408,1,0.766976,0.36288,0,9.13749,5.53612,3.20544,0.84672,12.8408,0.84672,3695.15,0,36.966,0.934048,0.204422,2.40774,2.05161,1.2986,2.43113,0.42336,36.966,0.42336,423.524,0,0.310539,0,0,0.514961,0.204422,1.028160,1,0,5.63657,0,0,0,5.63657,0
33.844,2.24756,0,0,0.454646,0.0833527,0.36288,3.6288,42.5845,1.13604,0,0,0.237794,0.246513,0,0.66528,12.3474,1,0.799837,0.36288,0,8.70731,5.55833,3.20544,0.84672,12.3474,0.84672,3695.15,0,36.966,0.960335,0.204422,2.40792,1.37788,1.29425,1.73564,0.42336,36.966,0.42336,423.524,0,0.281346,0,0,0.485768,0.204422,1.028160,1,0,4.94108,0,0,0,4.94108,0
31.5749,2.15811,0,0,0.327611,0.0756626,0.36288,3.6288,41.5468,1.03318,0,0,0.235404,0.239905,0,0.66528,11.5625,1,0.787352,0.36288,0,5.6848,5.35493,3.20544,0.84672,11.5625,0.84672,3692.64,0,36.966,0.896867,0.204422,2.40811,1.23369,1.22064,1.72871,0.42336,36.966,0.42336,423.524,0,0.347979,0,0,0.552402,0.204422,1.028160,1,0,4.93415,0,0,0,4.93415,0
29.2414,2.15616,0,0,0.25368,0.0681086,0.36288,3.6288,40.4315,1.07582,0,0,0.196402,0.235894,0,0.66528,10.7719,1,0.789569,0.36288,0,4.60818,5.25136,3.20544,0.84672,10.7719,0.84672,3689.15,0,36.966,0.957201,0.204422,2.31199,1.05608,1.19554,1.41975,0.42336,36.966,0.42336,423.524,0,0.245175,0,0,0.449597,0.204422,1.028160,1,0,4.62519,0,0,0,4.62519,0
26.9326,2.15291,0,0,0.298207,0.0912206,0.36288,3.6288,39.3609,1.06249,0,0,0.199541,0.207673,0,0.66528,9.97942,1,0.793088,0.36288,0,4.64178,4.8361,3.20544,0.84672,9.97942,0.84672,3686.11,0,36.966,0.971422,0.216518,2.31216,1.10289,1.06575,1.5944,0.42336,36.966,0.42336,423.524,0,0.244444,0,0,0.460962,0.216518,1.028160,1,0,4.79984,0,0,0,4.79984,0
25.1108,2.14973,0,0,0.840169,0.149358,0.36288,3.6288,38.8067,0.896611,0,0,0.484415,0.142018,0,0.66528,9.22237,1,0.796544,0.36288,0,14.8314,3.79796,3.20544,0.84672,9.22237,0.84672,3694.27,0,36.966,0.842057,0.216518,2.31234,2.93554,0.741256,3.88109,0.42336,36.966,0.42336,423.524,0,0.539852,0,0,0.756371,0.216518,1.028160,1,0,7.08653,0,0,0,7.08653,0
23.1884,2.09367,0,0,0.677677,0.143526,0.36288,3.6288,38.1455,0.834359,0,0,0.340351,0.167186,0,0.66528,12.849,1,0.768936,0.36288,0,15.3893,4.16674,6.30396,0.84672,12.849,0.84672,3695.15,0,36.966,0.794784,0.216518,2.31252,1.81732,0.8915,2.66007,0.42336,36.966,0.42336,423.524,0,0.558612,0,0,0.775131,0.216518,1.028160,1,0,8.96403,0,0,0,8.96403,0
21.3854,2.01615,0,0,0.710663,0.134654,0.36288,3.6288,37.5515,0.764363,0,0,0.400887,0.230511,0,0.66528,12.849,1,0.84672,0.36288,0,15.7201,5.08872,10.1476,0.84672,12.849,0.84672,3695.15,0,36.966,0.740729,0.216518,2.22671,2.3072,1.26711,2.74259,0.42336,36.966,0.42336,423.524,0,0.682819,0,0,0.899338,0.216518,1.028160,1,0,12.8902,0,0,0,12.8902,0
19.7192,2.01642,0,0,0.844555,0.131425,0.36288,3.6288,37.1119,0.685448,0,0,0.475083,0.229201,0,0.66528,12.849,1,0.84672,0.36288,0,20.3551,5.08872,14.7826,0.84672,12.849,0.84672,3695.15,0,36.966,0.674761,0.216518,2.22688,4.37606,1.26711,4.87759,0.42336,36.966,0.42336,423.524,0,0.827859,0,0,1.04438,0.216518,1.028160,1,0,19.6602,0,0,0,19.6602,0
18.4076,2.01668,0,0,1.21466,0.146768,0.36288,3.6288,36.8965,0.615002,0,0,0.619844,0.220282,0,0.66528,12.849,1,0.84672,0.36288,0,30.5385,4.80276,25.2519,0.84672,12.849,0.84672,3695.15,0,36.966,0.612584,0.292723,2.22705,4.16804,1.22558,4.84966,0.42336,36.966,0.42336,423.524,0,0.960638,0,0,1.25336,0.292723,1.028160,1,0,30.1016,0,0,0,30.1016,0
18.6154,1.7785,0,0,2.50678,0.157577,0.36288,3.6288,37.2587,0.484933,0,0,1.06103,0.213874,0,0.66528,12.849,1,0.84672,0.36288,0,33.7186,4.58829,28.6464,0.84672,12.849,0.84672,3695.15,0,36.966,0.485847,0.739074,2.22722,7.02608,1.19443,8.31211,0.42336,36.966,0.42336,423.524,0,1.02816,0,0,1.76723,0.739074,1.028160,1,0,36.9585,0,0,0,36.9585,0
17.9336,1.77874,0,0,1.61871,0.158925,0.36288,3.6288,37.0096,0.487374,0,0,0.413262,0.175024,0,0.66528,12.849,1,0.84672,0.36288,0,20.4492,3.71853,16.2469,0.84672,12.849,0.84672,3695.15,0,36.966,0.483546,0.449937,2.03635,4.27907,0.829455,5.45236,0.42336,36.966,0.42336,423.524,0,1.02816,0,0,1.4781,0.449937,1.028160,1,0,21.6992,0,0,0,21.6992,0
17.8183,1.77898,0,0,2.18068,0.154056,0.36288,3.6288,36.816,0.485816,0,0,0.452279,0.160009,0,0.66528,12.849,1,0.84672,0.36288,0,28.4741,3.87093,24.1193,0.84672,12.849,0.84672,3695.15,0,36.966,0.485244,0.747472,2.0365,5.45763,0.902783,6.85357,0.42336,36.966,0.42336,423.524,0,1.02816,0,0,1.77563,0.747472,1.028160,1,0,30.9729,0,0,0,30.9729,0
17.9339,1.77923,0,0,2.41151,0.153802,0.36288,3.6288,36.3555,0.684986,0,0,0.384202,0.159709,0,0.66528,12.849,1,0.84672,0.36288,0,31.7446,3.87093,27.3898,0.84672,12.849,0.84672,3695.15,0,36.966,0.687777,0.412474,2.03666,3.9869,0.902783,4.84547,0.42336,36.966,0.42336,423.524,0,0.626599,0,0,1.03907,0.412474,1.028160,1,0,32.2353,0,0,0,32.2353,0
19.0234,1.77947,0,0,3.38592,0.154057,0.36288,3.6288,36.6521,0.481627,0,0,0.937241,0.158997,0,0.66528,12.849,1,0.84672,0.36288,0,44.7958,3.87093,40.441,0.84672,12.849,0.84672,3695.15,0,36.966,0.489715,0.41847,2.03681,5.24078,0.902783,6.30356,0.42336,36.966,0.42336,423.524,0,1.02816,0,0,1.44663,0.41847,1.028160,1,0,46.7446,0,0,0,46.7446,0
19.877,1.77947,0,0,3.15903,0.163154,0.36288,3.6288,37.2246,0.4836,0,0,1.21166,0.155564,0,0.66528,12.849,1,0.84672,0.36288,0,39.8122,4.08474,35.2436,0.84672,12.849,0.84672,3695.15,0,36.966,0.487742,0.784322,2.03696,7.67435,1.01869,8.9892,0.42336,36.966,0.42336,423.524,0,1.02816,0,0,1.81248,0.784322,1.028160,1,0,44.2328,0,0,0,44.2328,0
21.0194,1.87146,0,0,3.5461,0.169272,0.36288,3.6288,37.76,0.514968,0,0,1.21928,0.168977,0,0.66528,12.849,1,0.84672,0.36288,0,64.6093,4.82391,59.3016,0.84672,12.849,0.84672,3695.15,0,36.966,0.51139,1.35117,2.03696,10.8417,1.28531,12.4332,0.42336,36.966,0.42336,423.524,0,1.02816,0,0,2.37933,1.35117,1.028160,1,0,71.7347,0,0,0,71.7347,0
22.8523,1.87169,0,0,4.23937,0.171963,0.36288,3.6288,38.4611,0.518699,0,0,1.38966,0.16985,0,0.66528,12.849,1,0.84672,0.36288,0,118.932,4.82391,113.624,0.84672,12.849,0.84672,3695.15,0,36.966,0.507793,1.39184,2.09671,11.3916,1.28531,13.087,0.42336,36.966,0.42336,423.524,0,1.02816,0,0,2.42,1.39184,1.028160,1,0,126.711,0,0,0,126.711,0
29.3653,1.87192,0,0,8.92408,0.17628,0.36288,3.6288,41.3058,0.523488,0,0,3.53916,0.170994,0,0.66528,12.849,1,0.84672,0.36288,0,151.18,4.82391,145.872,0.84672,12.849,0.84672,3695.15,0,36.966,0.503138,4.07712,2.09685,21.6461,1.28531,26.0317,0.42336,36.966,0.42336,423.524,0,1.02816,0,0,5.10528,4.07712,1.028160,1,0,171.904,0,0,0,171.904,0
34.7084,1.89131,0,0,7.79394,0.196647,0.36288,3.6288,42.8619,0.541844,0,0,2.27201,0.17399,0,0.66528,12.849,1,0.827559,0.36288,0,253.476,4.68464,248.326,0.84672,12.849,0.84672,3695.15,0,36.966,0.484916,2.2096,2.097,15.0712,1.25085,17.642,0.42336,36.966,0.42336,423.524,0,1.02816,0,0,3.23776,2.2096,1.028160,1,0,265.968,0,0,0,265.968,0
38.2795,2.19955,0,0,6.35265,0.219121,0.36288,3.6288,43.4126,0.662017,0,0,1.40004,0.187361,0,0.66528,12.849,1,0.814269,0.36288,0,65.4281,5.19173,59.785,0.84672,12.849,0.84672,3695.15,0,36.966,0.570952,1.19083,2.09715,7.89134,1.40554,9.20283,0.42336,36.966,0.42336,423.524,0,1.02816,0,0,2.21899,1.19083,1.028160,1,0,68.9878,0,0,0,68.9878,0
41.3178,2.25661,0,0,5.86276,0.204914,0.36288,3.6288,44.2386,0.66528,0,0,1.69303,0.201737,0,0.66528,12.849,1,0.75746,0.36288,0,100.308,4.63445,95.2788,0.84672,12.849,0.84672,3695.15,0,36.966,0.567839,1.98008,2.31174,8.84097,1.1012,11.4637,0.42336,36.966,0.42336,423.524,0,1.02816,0,0,3.00824,1.98008,1.028160,1,0,106.743,0,0,0,106.743,0
45.3375,2.29929,0,0,6.96711,0.285308,0.36288,3.6288,45.5047,0.66528,0,0,2.04663,0.11523,0,0.66528,12.849,1,0.715032,0.36288,0,120.173,3.6707,116.15,0.84672,12.849,0.84672,3695.15,0,36.966,0.567989,2.30043,2.3119,12.3478,0.819767,15.5723,0.42336,36.966,0.42336,423.524,0,1.02816,0,0,3.32859,2.30043,1.028160,1,0,131.722,0,0,0,131.722,0
48.342,2.34888,0,0,6.00088,0.284613,0.36288,3.6288,46.0684,0.66528,0,0,1.3625,0.133584,0,0.66528,12.849,1,0.665693,0.36288,0,96.0958,3.97727,91.8157,0.84672,12.849,0.84672,3695.15,0,36.966,0.56814,1.04324,2.31206,6.83171,0.964036,8.65483,0.42336,36.966,0.42336,423.524,0,1.02816,0,0,2.0714,1.04324,1.028160,1,0,100.471,0,0,0,100.471,0
54.9861,2.04958,0,0,9.2804,0.223804,0.36288,3.6288,47.6958,0.530915,0,0,2.33127,0.172929,0,0.66528,12.849,1,0.544767,0.36288,0,107.429,3.76162,103.485,0.84672,12.849,0.84672,3695.15,0,36.966,0.426015,2.02733,2.31223,13.7477,0.995228,16.666,0.42336,36.966,0.42336,423.524,0,1.02816,0,0,3.05549,2.02733,1.028160,1,0,120.151,0,0,0,120.151,0
60.1084,2.10312,0,0,7.83579,0.247504,0.36288,3.6288,49.0885,0.539177,0,0,2.10949,0.177624,0,0.66528,12.849,1,0.491452,0.36288,0,138.382,3.94075,134.312,0.84672,12.849,0.84672,3695.15,0,36.966,0.417882,2.18915,2.01986,11.2784,1.02864,14.0409,0.42336,36.966,0.42336,423.524,0,1.02816,0,0,3.21731,2.18915,1.028160,1,0,148.353,0,0,0,148.353,0
65.0707,2.13781,0,0,7.7233,0.260239,0.36288,3.6288,50.3784,0.546013,0,0,2.01558,0.179691,0,0.66528,12.849,1,0.456986,0.36288,0,59.3198,3.94075,55.285,0.84672,12.849,0.84672,3695.15,0,36.966,0.411174,2.09539,2.02,11.2347,1.02864,13.9103,0.42336,36.966,0.42336,423.524,0,1.02816,0,0,3.12355,2.09539,1.028160,1,0,69.1952,0,0,0,69.1952,0
69.8196,2.1671,0,0,7.54998,0.271101,0.36288,3.6288,51.5347,0.55216,0,0,1.89011,0.181605,0,0.66528,12.849,1,0.42792,0.36288,0,110.531,3.94075,106.525,0.84672,12.849,0.84672,3695.15,0,36.966,0.405157,1.93253,2.02014,11.1723,1.02864,13.6912,0.42336,36.966,0.42336,423.524,0,1.02816,0,0,2.96069,1.93253,1.028160,1,0,120.216,0,0,0,120.216,0
71.708,2.19187,0,0,4.73914,0.296014,0.36288,3.6288,51.9834,0.557529,0,0,1.19408,0.187822,0,0.66528,12.849,1,0.403372,0.36288,0,68.8007,3.88038,64.8798,0.84672,12.849,0.84672,3695.15,0,36.966,0.399917,0.859075,2.02029,8.23072,0.923526,9.78664,0.42336,36.966,0.42336,423.524,0,1.02816,0,0,1.88724,0.859075,1.028160,1,0,74.6664,0,0,0,74.6664,0
72.29,2.29086,0,0,7.1611,0.306253,3.98201,3.6288,53.0814,0.599188,0,0,1.88746,0.190311,0,0.66528,12.849,1,0.410487,3.98201,0,68.2289,3.85623,67.9442,0.84672,12.849,0.84672,3695.15,0,36.966,0.426089,1.70576,2.02043,11.941,0.881482,14.3596,0.42336,36.966,0.42336,423.524,0,1.02816,0,0,2.73392,1.70576,1.028160,1,0,82.3038,0,0,0,82.3038,0
72.29,2.29386,0,0,4.60922,0.307611,2.00775,3.6288,53.5331,0.604462,0,0,1.24816,0.191997,0,0.66528,12.849,1,0.407716,2.00775,0,52.5652,3.85623,50.309,0.84672,12.849,0.84672,3695.15,0,36.966,0.420949,0.833337,2.09272,6.55398,0.881482,8.17761,0.42336,36.966,0.42336,423.524,0,1.02816,0,0,1.8615,0.833337,1.028160,1,0,58.4867,0,0,0,58.4867,0
72.29,2.29405,0,0,3.4632,0.307611,0.861533,3.6288,53.624,0.689776,0,0,0.9734,0.19269,0,0.66528,12.849,1,0.407751,0.861533,0,33.8135,3.85623,30.4111,0.84672,12.849,0.84672,3695.15,0,36.966,0.476308,0.528595,2.09286,5.91705,0.881482,7.18072,0.42336,36.966,0.42336,423.524,0,0.887622,0,0,1.41622,0.528595,1.028160,1,0,37.5918,0,0,0,37.5918,0
72.29,2.29425,0,0,3.40257,0.312649,0.795673,3.6288,53.7383,0.662864,0,0,0.960699,0.183601,0,0.66528,12.849,1,0.407785,0.795673,0,40.3786,3.99194,36.7746,0.84672,12.849,0.84672,3695.15,0,36.966,0.456949,0.528595,2.09301,5.94753,0.930388,7.1818,0.42336,36.966,0.42336,423.524,0,0.934027,0,0,1.46262,0.528595,1.028160,1,0,43.9564,0,0,0,43.9564,0
72.29,2.25928,0,0,3.58937,0.321545,1.00854,3.6288,53.9458,0.592166,0,0,0.985159,0.185428,0,0.66528,12.849,1,0.40157,1.00854,0,45.5761,4.34187,41.8412,0.84672,12.849,0.84672,3695.15,0,36.966,0.407345,0.569488,2.09316,5.70821,1.01037,6.95315,0.42336,36.966,0.42336,423.524,0,1.02816,0,0,1.59765,0.569488,1.028160,1,0,48.7943,0,0,0,48.7943,0
72.29,2.25947,0,0,3.30501,0.237277,0.808256,3.6288,53.9466,0.644612,0,0,0.868501,0.223117,0,0.66528,12.849,1,0.401604,0.808256,0,41.6656,4.68783,37.3844,0.84672,12.849,0.84672,3695.15,0,36.966,0.441716,0.528595,2.06522,5.32028,1.03103,6.44135,0.42336,36.966,0.42336,423.524,0,0.941475,0,0,1.47007,0.528595,1.028160,1,0,43.8258,0,0,0,43.8258,0
72.29,2.25967,0,0,3.22325,0.237277,0.726303,3.6288,54.101,0.593256,0,0,0.970816,0.223118,0,0.66528,12.849,1,0.401639,0.726303,0,40.3591,4.68783,35.9959,0.84672,12.849,0.84672,3695.15,0,36.966,0.406519,0.629666,2.06537,6.29738,1.03103,7.55486,0.42336,36.966,0.42336,423.524,0,1.02816,0,0,1.65783,0.629666,1.028160,1,0,43.5508,0,0,0,43.5508,0
72.29,2.25986,0,0,3.1689,0.237277,0.671764,3.6288,54.2521,0.594024,0,0,0.96838,0.223347,0,0.66528,12.849,1,0.401673,0.671764,0,39.0464,4.68783,34.6287,0.84672,12.849,0.84672,3695.15,0,36.966,0.405883,0.409095,2.06551,5.40149,1.03103,6.43918,0.42336,36.966,0.42336,423.524,0,1.02816,0,0,1.43726,0.409095,1.028160,1,0,41.0679,0,0,0,41.0679,0
72.1499,2.37944,0,0,2.82005,0.21786,0.36288,3.6288,54.3682,0.650269,0,0,0.978229,0.211771,0,0.66528,12.849,1,0.422928,0.36288,0,32.9929,5.01615,27.9167,0.84672,12.849,0.84672,3695.15,0,36.966,0.443077,0.480868,2.06566,4.92166,1.04456,5.98055,0.42336,36.966,0.42336,423.524,0,1.02816,0,0,1.50903,0.480868,1.028160,1,0,33.8972,0,0,0,33.8972,0
71.7537,2.37895,0,0,2.52389,0.178214,0.36288,3.6288,54.2921,0.650915,0,0,0.775164,0.200439,0,0.66528,12.849,1,0.423661,0.36288,0,29.2947,4.66893,24.565,0.84672,12.849,0.84672,3695.15,0,36.966,0.44257,0.465143,2.16424,4.51751,1.02196,5.68236,0.42336,36.966,0.42336,423.524,0,1.02816,0,0,1.4933,0.465143,1.028160,1,0,30.2473,0,0,0,30.2473,0
71.2234,2.37717,0,0,2.37224,0.162518,0.36288,3.6288,54.245,0.650629,0,0,0.807278,0.20375,0,0.66528,12.849,1,0.425681,0.36288,0,26.9836,4.77729,22.1435,0.84672,12.849,0.84672,3695.15,0,36.966,0.442996,0.468884,2.16439,4.59128,1.0019,5.77966,0.42336,36.966,0.42336,423.524,0,1.02816,0,0,1.49704,0.468884,1.028160,1,0,27.9232,0,0,0,27.9232,0
70.6036,2.37468,0,0,2.27959,0.161861,0.36288,3.6288,54.2132,0.650483,0,0,0.82239,0.203686,0,0.66528,12.849,1,0.428403,0.36288,0,25.4378,4.77729,20.595,0.84672,12.849,0.84672,3695.15,0,36.966,0.443281,0.394364,2.16454,4.57814,1.0019,5.69187,0.42336,36.966,0.42336,423.524,0,1.02816,0,0,1.42252,0.394364,1.028160,1,0,26.2869,0,0,0,26.2869,0
69.9737,2.3717,0,0,2.24008,0.13541,0.36288,3.6288,54.3275,0.650411,0,0,1.00887,0.244145,0,0.66528,12.849,1,0.431621,0.36288,0,30.9838,5.16384,25.7512,0.84672,12.849,0.84672,3695.15,0,36.966,0.443492,0.684547,2.1647,4.38097,1.14802,5.63871,0.42336,36.966,0.42336,423.524,0,1.02816,0,0,1.71271,0.684547,1.028160,1,0,31.3899,0,0,0,31.3899,0
69.2574,2.34512,0,0,2.11629,0.12453,0.36288,3.6288,54.459,0.66528,0,0,1.05733,0.260543,0,0.66528,12.849,1,0.430625,0.36288,0,33.1214,5.31846,27.7352,0.84672,12.849,0.84672,3695.15,0,36.966,0.480065,0.729838,2.16485,4.57562,1.20646,5.78378,0.42336,36.966,0.42336,423.524,0,1.02816,0,0,1.758,0.729838,1.028160,1,0,33.519,0,0,0,33.519,0
68.3538,2.34156,0,0,1.92466,0.123841,0.36288,3.6288,54.564,0.66528,0,0,1.03103,0.26077,0,0.66528,12.849,1,0.434419,0.36288,0,32.4731,5.31846,27.0831,0.84672,12.849,0.84672,3695.15,0,36.966,0.480208,0.707063,2.19942,4.38427,1.20646,5.60409,0.42336,36.966,0.42336,423.524,0,1.02816,0,0,1.73522,0.707063,1.028160,1,0,32.6872,0,0,0,32.6872,0
67.2779,2.33692,0,0,1.7469,0.122972,0.36288,3.6288,54.605,0.66528,0,0,0.967265,0.260951,0,0.66528,12.849,1,0.43929,0.36288,0,28.9362,5.31846,23.5414,0.84672,12.849,0.84672,3695.15,0,36.966,0.480351,0.511367,2.19958,4.2412,1.20646,5.26533,0.42336,36.966,0.42336,423.524,0,1.02816,0,0,1.53953,0.511367,1.028160,1,0,28.8067,0,0,0,28.8067,0
66.0795,2.33122,0,0,1.58496,0.0893008,0.36288,3.6288,54.4706,0.66528,0,0,0.856855,0.325996,0,0.66528,12.849,1,0.445226,0.36288,0,25.0982,6.10509,18.9107,0.84672,12.849,0.84672,3695.15,0,36.966,0.480495,0.425261,2.19973,3.80302,1.52123,4.42629,0.42336,36.966,0.42336,423.524,0,1.02816,0,0,1.45342,0.425261,1.028160,1,0,23.337,0,0,0,23.337,0
64.7666,2.38482,0,0,1.5218,0.0870152,0.36288,3.6288,54.4244,0.66528,0,0,0.923452,0.304338,0,0.66528,12.849,1,0.463723,0.36288,0,28.7584,5.60154,23.056,0.84672,12.849,0.84672,3695.15,0,36.966,0.526374,0.36866,2.19989,3.76567,1.40649,4.40136,0.42336,36.966,0.42336,423.524,0,1.02816,0,0,1.39682,0.36866,1.028160,1,0,27.4574,0,0,0,27.4574,0
63.3413,2.37718,0,0,1.40089,0.0861055,0.36288,3.6288,54.2378,0.66528,0,0,0.78287,0.304245,0,0.66528,12.849,1,0.471607,0.36288,0,23.6219,5.60154,17.9117,0.84672,12.849,0.84672,3695.15,0,36.966,0.52652,0.453358,2.24885,3.64105,1.40649,4.41024,0.42336,36.966,0.42336,423.524,0,1.02816,0,0,1.48152,0.453358,1.028160,1,0,22.3219,0,0,0,22.3219,0
61.8075,2.36856,0,0,1.28273,0.085118,0.36288,3.6288,53.9937,0.66528,0,0,0.725103,0.30387,0,0.66528,12.849,1,0.48047,0.36288,0,22.4524,5.60154,16.7333,0.84672,12.849,0.84672,3695.15,0,36.966,0.526667,0.238274,2.249,3.20044,1.40649,3.75456,0.42336,36.966,0.42336,423.524,0,1.02816,0,0,1.26643,0.238274,1.028160,1,0,20.4879,0,0,0,20.4879,0
60.3659,2.35889,0,0,1.3553,0.0750336,0.36288,3.6288,53.8525,0.66528,0,0,0.832404,0.308319,0,0.66528,12.849,1,0.490383,0.36288,0,22.0207,5.75109,16.1421,0.84672,12.849,0.84672,3695.15,0,36.966,0.526814,0.491564,2.24916,4.2338,1.43637,5.01134,0.42336,36.966,0.42336,423.524,0,1.02816,0,0,1.51972,0.491564,1.028160,1,0,21.1534,0,0,0,21.1534,0
58.7924,2.52299,0,0,1.38274,0.0704335,0.36288,3.6288,53.643,0.66528,0,0,0.757642,0.301894,0,0.66528,12.849,1,0.537023,0.36288,0,20.698,5.62142,14.9024,0.84672,12.849,0.84672,3695.15,0,36.966,0.692093,0.262578,2.24932,4.09894,1.47884,4.43991,0.42336,36.966,0.42336,423.524,0,1.02816,0,0,1.29074,0.262578,1.028160,1,0,19.3423,0,0,0,19.3423,0
57.3877,2.51141,0,0,1.53443,0.0648689,0.36288,3.6288,53.5944,0.66528,0,0,0.925595,0.308948,0,0.66528,12.849,1,0.548865,0.36288,0,26.4477,5.67304,20.5887,0.84672,12.849,0.84672,3695.15,0,36.966,0.692253,0.544346,2.41651,4.4166,1.49553,5.18968,0.42336,36.966,0.42336,423.524,0,1.02816,0,0,1.57251,0.544346,1.028160,1,0,25.7784,0,0,0,25.7784,0
55.6928,2.50064,0,0,1.2327,0.0639873,0.36288,3.6288,53.1489,0.806138,0,0,0.66947,0.308828,0,0.66528,12.849,1,0.559889,0.36288,0,25.8435,5.67304,19.9735,0.84672,12.849,0.84672,3695.15,0,36.966,0.692412,0.204422,2.41668,3.54554,1.49553,3.97871,0.42336,36.966,0.42336,423.524,0,0.887302,0,0,1.09172,0.204422,1.028160,1,0,23.9522,0,0,0,23.9522,0
54.3152,2.48701,0,0,1.53518,0.0629236,0.36288,3.6288,53.3201,0.66528,0,0,1.14426,0.307733,0,0.66528,12.849,1,0.573782,0.36288,0,23.6033,5.67304,17.7193,0.84672,12.849,0.84672,3695.15,0,36.966,0.692572,1.03696,2.41685,5.48206,1.49553,6.74778,0.42336,36.966,0.42336,423.524,0,1.02816,0,0,2.06512,1.03696,1.028160,1,0,24.4671,0,0,0,24.4671,0
52.8389,2.47545,0,0,1.42144,0.0594467,0.36288,3.6288,53.2723,0.66528,0,0,0.898249,0.280767,0,0.66528,12.849,1,0.5856,0.36288,0,25.7449,5.40055,20.1216,0.84672,12.849,0.84672,3695.15,0,36.966,0.692732,0.414564,2.41702,4.6493,1.30392,5.48423,0.42336,36.966,0.42336,423.524,0,1.02816,0,0,1.44272,0.414564,1.028160,1,0,25.6058,0,0,0,25.6058,0
52.0707,2.37994,0,0,2.02749,0.0528804,0.36288,3.6288,53.5426,0.66528,0,0,1.21862,0.283017,0,0.66528,12.849,1,0.578737,0.36288,0,22.059,5.84315,16,0.84672,12.849,0.84672,3695.15,0,36.966,0.592624,1.07975,2.4172,5.48292,1.41206,6.97518,0.42336,36.966,0.42336,423.524,0,1.02816,0,0,2.10791,1.07975,1.028160,1,0,22.9752,0,0,0,22.9752,0
50.8122,2.37329,0,0,1.5302,0.0524634,0.36288,3.6288,53.5566,0.66528,0,0,0.962885,0.283627,0,0.66528,12.849,1,0.585634,0.36288,0,32.6265,5.84315,26.5606,0.84672,12.849,0.84672,3695.15,0,36.966,0.592776,0.992468,2.32067,4.2546,1.41206,5.5629,0.42336,36.966,0.42336,423.524,0,1.02816,0,0,2.02063,0.992468,1.028160,1,0,32.1235,0,0,0,32.1235,0
49.0561,2.36191,0,0,1.02041,0.0517802,0.36288,3.6288,53.3404,0.66528,0,0,0.732724,0.283659,0,0.66528,12.849,1,0.597261,0.36288,0,20.4668,5.84315,14.3893,0.84672,12.849,0.84672,3695.15,0,36.966,0.592928,0.238265,2.32083,2.87138,1.41206,3.42549,0.42336,36.966,0.42336,423.524,0,1.02816,0,0,1.26643,0.238265,1.028160,1,0,17.8147,0,0,0,17.8147,0
48.0786,2.34517,0,0,1.83252,0.10193,0.36288,3.6288,53.5218,0.66528,0,0,1.11715,0.270426,0,0.66528,12.849,1,0.614257,0.36288,0,31.2517,5.32253,25.6778,0.84672,12.849,0.84672,3695.15,0,36.966,0.59308,0.670438,2.321,4.20616,1.30428,5.30023,0.42336,36.966,0.42336,423.524,0,1.02816,0,0,1.6986,0.670438,1.028160,1,0,30.9781,0,0,0,30.9781,0
49.9874,2.26901,0,0,4.70132,0.160662,0.36288,3.6288,53.8252,0.66528,0,0,1.16129,0.192647,0,0.66528,12.849,1,0.606393,0.36288,0,70.2588,4.12178,65.8935,0.84672,12.849,0.84672,3695.15,0,36.966,0.501936,1.47728,2.32116,4.50872,1.01665,6.78857,0.42336,36.966,0.42336,423.524,0,1.02816,0,0,2.50544,1.47728,1.028160,1,0,72.682,0,0,0,72.682,0
51.6984,2.28763,0,0,4.52551,0.163997,0.36288,3.6288,53.8747,0.66528,0,0,0.907865,0.193113,0,0.66528,12.849,1,0.588022,0.36288,0,67.4784,4.12178,63.1315,0.84672,12.849,0.84672,3695.15,0,36.966,0.502081,1.31857,2.235,6.45982,1.01665,8.49465,0.42336,36.966,0.42336,423.524,0,1.02816,0,0,2.34673,1.31857,1.028160,1,0,71.6261,0,0,0,71.6261,0
53.0904,2.30341,0,0,4.22526,0.166964,0.36288,3.6288,54.786,0.66528,0,0,1.76977,0.193177,0,0.66528,12.849,1,0.572484,0.36288,0,80.4539,4.12178,76.1226,0.84672,12.849,0.84672,3695.15,0,36.966,0.502226,2.17652,2.23516,6.09917,1.01665,8.99197,0.42336,36.966,0.42336,423.524,0,1.02816,0,0,3.20468,2.17652,1.028160,1,0,85.1145,0,0,0,85.1145,0
54.66,2.31569,0,0,4.42631,0.178195,0.36288,3.6288,55.2687,0.66528,0,0,1.34526,0.197293,0,0.66528,12.849,1,0.560446,0.36288,0,64.1414,3.88483,60.059,0.84672,12.849,0.84672,3695.15,0,36.966,0.502371,1.93524,2.23531,7.88657,0.966256,10.5885,0.42336,36.966,0.42336,423.524,0,1.02816,0,0,2.9634,1.93524,1.028160,1,0,70.6475,0,0,0,70.6475,0
53.9391,2.13508,0,0,2.00194,0.224845,0.36288,3.6288,55.2182,0.585792,0,0,0.702969,0.167701,0,0.66528,12.849,1,0.501897,0.36288,0,37.1715,3.84301,33.1895,0.84672,12.849,0.84672,3695.15,0,36.966,0.391802,0.42387,2.23547,2.8444,0.925571,4.18637,0.42336,36.966,0.42336,423.524,0,1.02816,0,0,1.45203,0.42387,1.028160,1,0,37.3759,0,0,0,37.3759,0
54.2159,2.12985,0,0,2.99633,0.22675,0.36288,3.6288,55.3769,0.585656,0,0,0.905783,0.161379,0,0.66528,12.849,1,0.507358,0.36288,0,49.232,3.93477,45.1528,0.84672,12.849,0.84672,3695.15,0,36.966,0.39207,1.00273,2.04382,3.90087,0.939789,5.61556,0.42336,36.966,0.42336,423.524,0,1.02816,0,0,2.03089,1.00273,1.028160,1,0,50.7683,0,0,0,50.7683,0
54.9899,2.13212,0,0,3.4986,0.229654,0.36288,3.6288,55.8068,0.586408,0,0,1.20879,0.192481,0,0.66528,12.849,1,0.505307,0.36288,0,65.3531,4.41651,60.7942,0.84672,12.849,0.84672,3695.15,0,36.966,0.391448,1.23877,2.04396,4.52974,1.12979,6.29123,0.42336,36.966,0.42336,423.524,0,1.02816,0,0,2.26693,1.23877,1.028160,1,0,67.0854,0,0,0,67.0854,0
56.1801,2.13807,0,0,3.90811,0.216908,0.36288,3.6288,56.3166,0.588301,0,0,1.31251,0.214385,0,0.66528,12.849,1,0.499584,0.36288,0,70.9878,4.29429,66.5568,0.84672,12.849,0.84672,3695.15,0,36.966,0.389686,1.23746,2.0441,5.09905,1.08195,6.90897,0.42336,36.966,0.42336,423.524,0,1.02816,0,0,2.26562,1.23746,1.028160,1,0,73.4658,0,0,0,73.4658,0
59.2251,2.14687,0,0,5.78405,0.229277,0.36288,3.6288,57.177,0.590509,0,0,1.65724,0.20637,0,0.66528,12.849,1,0.491012,0.36288,0,70.8863,4.07232,66.6858,0.84672,12.849,0.84672,3695.15,0,36.966,0.387608,1.91285,2.04425,6.74543,1.0001,9.31482,0.42336,36.966,0.42336,423.524,0,1.02816,0,0,2.94101,1.91285,1.028160,1,0,76.0006,0,0,0,76.0006,0
61.262,2.24349,0,0,4.91086,0.267673,0.36288,3.6288,57.8679,0.627592,0,0,1.54659,0.228054,0,0.66528,12.849,1,0.486729,0.36288,0,73.8811,4.61748,69.1397,0.84672,12.849,0.84672,3695.15,0,36.966,0.40575,1.08254,2.04439,5.77355,1.16022,7.33451,0.42336,36.966,0.42336,423.524,0,1.02816,0,0,2.1107,1.08254,1.028160,1,0,76.4743,0,0,0,76.4743,0
62.4566,2.25704,0,0,4.08716,0.272619,0.36288,3.6288,58.2509,0.630623,0,0,1.2427,0.229077,0,0.66528,12.849,1,0.473389,0.36288,0,77.6261,4.61748,72.8981,0.84672,12.849,0.84672,3695.15,0,36.966,0.402842,0.73694,2.10436,5.49755,1.16022,6.77579,0.42336,36.966,0.42336,423.524,0,1.02816,0,0,1.7651,0.73694,1.028160,1,0,79.6739,0,0,0,79.6739,0
64.7868,2.26473,0,0,5.23309,0.275316,0.36288,3.6288,58.6487,0.63232,0,0,1.25977,0.229644,0,0.66528,12.849,1,0.465916,0.36288,0,115.878,4.61748,111.157,0.84672,12.849,0.84672,3695.15,0,36.966,0.40127,0.813145,2.10449,5.43395,1.16022,6.7901,0.42336,36.966,0.42336,423.524,0,1.02816,0,0,1.84131,0.813145,1.028160,1,0,117.948,0,0,0,117.948,0
65.2615,2.27889,0,0,3.39875,0.282198,0.36288,3.6288,58.4742,0.838393,0,0,0.888589,0.22472,0,0.66528,12.849,1,0.451967,0.36288,0,65.381,4.55065,60.7412,0.84672,12.849,0.84672,3695.15,0,36.966,0.528435,0.503194,2.10463,4.51932,1.13444,5.46427,0.42336,36.966,0.42336,423.524,0,0.695045,0,0,1.19824,0.503194,1.028160,1,0,66.2055,0,0,0,66.2055,0
66.2957,2.52903,0,0,4.23076,0.304666,0.36288,3.6288,58.6608,0.66528,0,0,1.09834,0.246428,0,0.66528,12.849,1,0.497927,0.36288,0,79.6971,3.73863,75.8234,0.84672,12.849,0.84672,3695.15,0,36.966,0.575448,0.844456,2.10477,4.85768,1.05847,6.17299,0.42336,36.966,0.42336,423.524,0,1.02816,0,0,1.87262,0.844456,1.028160,1,0,81.9964,0,0,0,81.9964,0
66.6079,2.53573,0,0,3.51795,0.307191,0.36288,3.6288,58.9173,0.66528,0,0,1.1685,0.246724,0,0.66528,12.849,1,0.491458,0.36288,0,88.5107,3.73863,84.6435,0.84672,12.849,0.84672,3695.15,0,36.966,0.575587,1.01094,2.32019,5.04982,1.05847,6.7469,0.42336,36.966,0.42336,423.524,0,1.02816,0,0,2.0391,1.01094,1.028160,1,0,91.3904,0,0,0,91.3904,0
68.2395,2.53786,0,0,4.84384,0.31147,0.36288,3.6288,59.1881,0.66528,0,0,1.17539,0.239354,0,0.66528,12.849,1,0.489565,0.36288,0,89.3912,3.60341,85.6611,0.84672,12.849,0.84672,3695.15,0,36.966,0.575726,1.00462,2.32034,6.10047,1.03075,7.81896,0.42336,36.966,0.42336,423.524,0,1.02816,0,0,2.03278,1.00462,1.028160,1,0,93.48,0,0,0,93.48,0
69.8149,2.5479,0,0,4.82306,0.336868,0.36288,3.6288,59.8278,0.66528,0,0,1.49797,0.193032,0,0.66528,12.849,1,0.479752,0.36288,0,108.837,2.79205,105.928,0.84672,12.849,0.84672,3695.15,0,36.966,0.575864,1.43427,2.3205,8.11083,0.864446,10.4253,0.42336,36.966,0.42336,423.524,0,1.02816,0,0,2.46243,1.43427,1.028160,1,0,116.354,0,0,0,116.354,0
71.8342,2.20073,0,0,4.88576,0.302834,0.36288,3.6288,60.4972,0.595568,0,0,1.46363,0.198583,0,0.66528,12.849,1,0.40503,0.36288,0,128.623,2.85274,125.728,0.84672,12.849,0.84672,3695.15,0,36.966,0.367986,1.22784,2.32065,6.94328,0.861566,9.26221,0.42336,36.966,0.42336,423.524,0,1.02816,0,0,2.256,1.22784,1.028160,1,0,134.99,0,0,0,134.99,0
72.29,2.21056,0,0,4.7675,0.307563,1.79361,3.6288,60.9862,0.59817,0,0,1.28652,0.199431,0,0.66528,12.849,1,0.395403,1.79361,0,109.604,2.85274,108.15,0.84672,12.849,0.84672,3695.15,0,36.966,0.365503,0.904755,2.02712,7.37804,0.861566,9.08284,0.42336,36.966,0.42336,423.524,0,1.02816,0,0,1.93291,0.904755,1.028160,1,0,117.233,0,0,0,117.233,0
72.29,2.21285,0,0,5.98568,0.30863,3.4642,3.6288,61.308,0.600068,0,0,1.84384,0.200051,0.72188,0.66528,12.849,1,0.393317,3.4642,0,159.479,2.85274,159.697,0.84672,12.849,0.84672,3695.15,0,36.966,0.363724,1.65172,2.02725,9.9544,0.861566,12.4081,0.42336,36.966,0.42336,423.524,0,1.02816,0,0,2.67988,1.65172,1.028160,1,0,172.827,0,0,0,172.827,0
72.29,2.21302,0,0,7.45854,0.31051,4.93501,3.6288,61.308,0.601334,0,0,2.71108,0.223406,1.88634,0.66528,12.849,1,0.393348,4.93501,0,183.296,3.50241,184.335,0.84672,12.849,0.84672,3695.15,0,36.966,0.362578,3.26767,2.02738,16.4234,0.961614,20.3943,0.42336,36.966,0.42336,423.524,0,1.02816,0,0,4.29583,3.26767,1.028160,1,0,206.616,0,0,0,206.616,0
72.29,2.2132,0,0,6.77366,0.308863,4.25161,3.6288,61.308,0.601408,0,0,1.95756,0.207987,1.14816,0.66528,12.849,1,0.393379,4.25161,0,138.653,3.93561,138.576,0.84672,12.849,0.84672,3695.15,0,36.966,0.362622,1.67271,2.02751,11.6955,1.04378,13.9894,0.42336,36.966,0.42336,423.524,0,1.02816,0,0,2.70087,1.67271,1.028160,1,0,153.713,0,0,0,153.713,0
72.29,2.30362,0,0,6.73663,0.305748,4.12725,3.6288,61.308,0.643883,0,0,2.71518,0.173475,1.89782,0.66528,12.849,1,0.409452,4.12725,0,137.697,3.61085,137.804,0.84672,12.849,0.84672,3695.15,0,36.966,0.388233,2.41342,2.02764,15.8119,1.00535,18.8594,0.42336,36.966,0.42336,423.524,0,1.02816,0,0,3.44158,2.41342,1.028160,1,0,158.562,0,0,0,158.562,0
72.29,2.3038,0,0,5.42675,0.305748,2.8172,3.6288,61.308,0.64396,0,0,2.36528,0.173475,1.54784,0.66528,12.849,1,0.409484,2.8172,0,166.063,3.61085,164.86,0.84672,12.849,0.84672,3695.15,0,36.966,0.38828,2.87988,2.1002,12.7174,1.00535,16.3038,0.42336,36.966,0.42336,423.524,0,1.02816,0,0,3.90804,2.87988,1.028160,1,0,182.712,0,0,0,182.712,0
72.29,2.30398,0,0,4.12828,0.291293,1.533,3.6288,61.308,0.644038,0,0,1.63452,0.133975,0.856503,0.66528,12.849,1,0.409516,1.533,0,119.151,2.53167,117.743,0.84672,12.849,0.84672,3695.15,0,36.966,0.388326,1.74025,2.10034,9.53813,0.854381,12.136,0.42336,36.966,0.42336,423.524,0,1.02816,0,0,2.76841,1.74025,1.028160,1,0,130.735,0,0,0,130.735,0
72.29,2.30416,0,0,4.51125,0.221959,1.98512,3.6288,61.308,0.644115,0,0,1.71296,0.197484,0.871358,0.66528,12.849,1,0.409548,1.98512,0,117.73,3.3117,115.993,0.84672,12.849,0.84672,3695.15,0,36.966,0.388373,1.87068,2.10047,11.9455,1.04678,14.4815,0.42336,36.966,0.42336,423.524,0,1.02816,0,0,2.89884,1.87068,1.028160,1,0,131.346,0,0,0,131.346,0
72.29,2.26905,0,0,4.15312,0.223076,1.661,3.6288,61.308,0.62772,0,0,1.36339,0.223082,0.51259,0.66528,12.849,1,0.403306,1.661,0,103.638,4.11128,100.784,0.84672,12.849,0.84672,3695.15,0,36.966,0.378487,1.39897,2.10061,9.90671,1.05499,11.9728,0.42336,36.966,0.42336,423.524,0,1.02816,0,0,2.42713,1.39897,1.028160,1,0,113.269,0,0,0,113.269,0
72.29,2.26922,0,0,3.39323,0.223076,0.900929,3.6288,61.308,0.627796,0,0,1.16922,0.223082,0.318339,0.66528,12.849,1,0.403338,0.900929,0,78.2758,4.11128,74.6621,0.84672,12.849,0.84672,3695.15,0,36.966,0.378533,1.04843,2.07255,6.65928,1.05499,8.34674,0.42336,36.966,0.42336,423.524,0,1.02816,0,0,2.07659,1.04843,1.028160,1,0,83.3272,0,0,0,83.3272,0
72.29,2.2694,0,0,2.99469,0.223076,0.502214,3.6288,61.308,0.627872,0,0,1.09407,0.223082,0.243112,0.66528,12.849,1,0.403369,0.502214,0,68.2266,4.11128,64.2142,0.84672,12.849,0.84672,3695.15,0,36.966,0.378579,0.788728,2.07268,5.88454,1.05499,7.31238,0.42336,36.966,0.42336,423.524,0,1.02816,0,0,1.81689,0.788728,1.028160,1,0,71.7697,0,0,0,71.7697,0
72.1329,2.26958,0,0,2.69844,0.223076,0.36288,3.6288,61.308,0.627948,0,0,0.969598,0.223082,0.118568,0.66528,12.849,1,0.403401,0.36288,0,59.5565,4.11128,55.4047,0.84672,12.849,0.84672,3695.15,0,36.966,0.378625,0.604584,2.07282,5.31406,1.05499,6.55784,0.42336,36.966,0.42336,423.524,0,1.02816,0,0,1.63274,0.604584,1.028160,1,0,62.0811,0,0,0,62.0811,0
72.0832,2.38882,0,0,2.92584,0.223866,0.36288,3.6288,61.308,0.66528,0,0,1.05369,0.190381,0.19803,0.66528,12.849,1,0.42552,0.36288,0,59.0877,4.30606,54.719,0.84672,12.849,0.84672,3695.15,0,36.966,0.435081,0.694924,2.07295,5.93097,1.01762,7.24615,0.42336,36.966,0.42336,423.524,0,1.02816,0,0,1.72308,0.694924,1.028160,1,0,62.1632,0,0,0,62.1632,0
72.2149,2.38876,0,0,3.03332,0.149934,0.36288,3.6288,61.308,0.66528,0,0,1.14985,0.219729,0.264846,0.66528,12.849,1,0.425802,0.36288,0,62.5224,4.854,57.6055,0.84672,12.849,0.84672,3695.15,0,36.966,0.435209,1.03756,2.1719,7.01188,1.12231,8.66382,0.42336,36.966,0.42336,423.524,0,1.02816,0,0,2.06572,1.03756,1.028160,1,0,66.5342,0,0,0,66.5342,0
72.0223,2.38961,0,0,2.67826,0.11843,0.36288,3.6288,61.308,0.66528,0,0,0.941976,0.230993,0.045703,0.66528,12.849,1,0.425176,0.36288,0,57.0033,5.00514,51.9359,0.84672,12.849,0.84672,3695.15,0,36.966,0.435338,0.721561,2.17204,5.90706,1.15272,7.2126,0.42336,36.966,0.42336,423.524,0,1.02816,0,0,1.74972,0.721561,1.028160,1,0,59.1942,0,0,0,59.1942,0
71.6784,2.38883,0,0,2.52614,0.118257,0.36288,3.6288,61.164,0.66528,0,0,0.752276,0.230993,0,0.66528,12.849,1,0.426175,0.36288,0,52.6642,5.00514,47.5957,0.84672,12.849,0.84672,3695.15,0,36.966,0.435467,0.521865,2.17218,5.54765,1.15272,6.65351,0.42336,36.966,0.42336,423.524,0,1.02816,0,0,1.55002,0.521865,1.028160,1,0,54.2492,0,0,0,54.2492,0
71.3306,2.38728,0,0,2.50896,0.106602,0.36288,3.6288,60.9188,0.66528,0,0,0.661055,0.24095,0,0.66528,12.849,1,0.427941,0.36288,0,42.0729,4.9911,37.0167,0.84672,12.849,0.84672,3695.15,0,36.966,0.435595,0.356616,2.17232,4.31466,1.18315,5.22485,0.42336,36.966,0.42336,423.524,0,1.02816,0,0,1.38478,0.356616,1.028160,1,0,42.2416,0,0,0,42.2416,0
70.932,2.36204,0,0,2.42411,0.0978331,0.36288,3.6288,60.5089,0.791726,0,0,0.629994,0.24819,0,0.66528,12.849,1,0.425481,0.36288,0,36.36,4.98057,31.3168,0.84672,12.849,0.84672,3695.15,0,36.966,0.487222,0.30119,2.17247,3.56079,1.20597,4.34125,0.42336,36.966,0.42336,423.524,0,0.901714,0,0,1.2029,0.30119,1.028160,1,0,35.6581,0,0,0,35.6581,0
70.3277,2.3602,0,0,2.21631,0.097535,0.36288,3.6288,60.1465,0.729726,0,0,0.614872,0.247545,0,0.66528,12.849,1,0.427539,0.36288,0,35.8467,4.98057,30.8014,0.84672,12.849,0.84672,3695.15,0,36.966,0.487355,0.261274,2.20716,3.51703,1.20597,4.29214,0.42336,36.966,0.42336,423.524,0,0.963714,0,0,1.22499,0.261274,1.028160,1,0,35.0936,0,0,0,35.0936,0
69.536,2.35727,0,0,2.02554,0.0970831,0.36288,3.6288,59.6103,0.864188,0,0,0.575001,0.246975,0,0.66528,12.849,1,0.430679,0.36288,0,33.7168,4.98057,28.6685,0.84672,12.849,0.84672,3695.15,0,36.966,0.53113,0.261274,2.2073,3.34674,1.20597,4.07821,0.42336,36.966,0.42336,423.524,0,0.785609,0,0,1.04688,0.261274,1.028160,1,0,32.7467,0,0,0,32.7467,0
68.5798,2.35332,0,0,1.83832,0.0782816,0.36288,3.6288,58.9666,0.882658,0,0,0.528958,0.29007,0,0.66528,12.849,1,0.434851,0.36288,0,29.5829,5.57091,23.94,0.84672,12.849,0.84672,3695.15,0,36.966,0.547361,0.261274,2.20745,3.11954,1.40855,3.63235,0.42336,36.966,0.42336,423.524,0,0.751041,0,0,1.01231,0.261274,1.028160,1,0,27.5724,0,0,0,27.5724,0
67.5789,2.40915,0,0,1.83748,0.0664182,0.36288,3.6288,58.2607,0.915852,0,0,0.534444,0.324481,0,0.66528,12.849,1,0.451374,0.36288,0,28.7651,6.1488,22.5278,0.84672,12.849,0.84672,3695.15,0,36.966,0.574145,0.261274,2.20759,2.90203,1.54202,3.25473,0.42336,36.966,0.42336,423.524,0,0.737104,0,0,0.998378,0.261274,1.028160,1,0,25.7825,0,0,0,25.7825,0
66.4879,2.40372,0,0,1.74148,0.0658991,0.36288,3.6288,57.5637,0.852147,0,0,0.478137,0.323011,0,0.66528,12.849,1,0.457027,0.36288,0,25.4165,6.1488,19.1735,0.84672,12.849,0.84672,3695.15,0,36.966,0.540682,0.261274,2.25672,3.03108,1.54202,3.46637,0.42336,36.966,0.42336,423.524,0,0.834408,0,0,1.09568,0.261274,1.028160,1,0,22.6399,0,0,0,22.6399,0
65.29,2.39762,0,0,1.62796,0.0653334,0.36288,3.6288,56.7995,0.885036,0,0,0.442384,0.32156,0,0.66528,12.849,1,0.463348,0.36288,0,24.1674,6.1488,17.9181,0.84672,12.849,0.84672,3695.15,0,36.966,0.568348,0.227405,2.25687,2.65966,1.54202,3.03357,0.42336,36.966,0.42336,423.524,0,0.773989,0,0,1.00139,0.227405,1.028160,1,0,20.9517,0,0,0,20.9517,0
64.0778,2.3907,0,0,1.60608,0.0647122,0.36288,3.6288,56.1185,0.839594,0,0,0.478621,0.319969,0,0.66528,12.849,1,0.470488,0.36288,0,22.4249,6.1488,16.1685,0.84672,12.849,0.84672,3695.15,0,36.966,0.546421,0.227405,2.25701,3.00778,1.54202,3.40376,0.42336,36.966,0.42336,423.524,0,0.841493,0,0,1.0689,0.227405,1.028160,1,0,19.5722,0,0,0,19.5722,0
62.5308,2.55948,0,0,1.45489,0.0794927,0.36288,3.6288,55.3167,0.978756,0,0,0.458924,0.281952,0,0.66528,12.849,1,0.513232,0.36288,0,20.3086,5.99107,14.1672,0.84672,12.849,0.84672,3695.15,0,36.966,0.699959,0.227405,2.25716,2.70306,1.39659,3.09107,0.42336,36.966,0.42336,423.524,0,0.714684,0,0,0.942088,0.227405,1.028160,1,0,17.2582,0,0,0,17.2582,0
60.7595,2.54914,0,0,1.23802,0.0972903,0.36288,3.6288,54.3821,1.09065,0,0,0.415009,0.258934,0,0.66528,12.849,1,0.523805,0.36288,0,18.7165,5.71861,12.8369,0.84672,12.849,0.84672,3695.15,0,36.966,0.728842,0.227405,2.42497,2.10342,1.29659,2.73036,0.42336,36.966,0.42336,423.524,0,0.57405,0,0,0.801455,0.227405,1.028160,1,0,15.5673,0,0,0,15.5673,0
59.1753,2.53674,0,0,1.41133,0.0958782,0.36288,3.6288,53.5212,1.02947,0,0,0.425904,0.257344,0,0.66528,12.849,1,0.536451,0.36288,0,18.9607,5.71861,13.0685,0.84672,12.849,0.84672,3695.15,0,36.966,0.700254,0.204422,2.42512,2.9699,1.29659,3.60261,0.42336,36.966,0.42336,423.524,0,0.663967,0,0,0.868389,0.204422,1.028160,1,0,16.6711,0,0,0,16.6711,0
57.5899,2.52513,0,0,1.39702,0.0944864,0.36288,3.6288,52.6604,1.03847,0,0,0.433376,0.255776,0,0.66528,12.849,1,0.548293,0.36288,0,17.5416,5.71861,11.6376,0.84672,12.849,0.84672,3695.15,0,36.966,0.717252,0.204422,2.42528,2.35818,1.29659,2.97404,0.42336,36.966,0.42336,423.524,0,0.638116,0,0,0.842538,0.204422,1.028160,1,0,14.6116,0,0,0,14.6116,0
56.0257,2.51299,0,0,1.43411,0.122433,0.36288,3.6288,51.7405,1.07023,0,0,0.386458,0.236093,0,0.66528,12.849,1,0.560678,0.36288,0,23.6248,5.3481,18.0789,0.84672,12.849,0.84672,3695.15,0,36.966,0.751267,0.204422,2.42544,1.88918,1.19384,2.57394,0.42336,36.966,0.42336,423.524,0,0.572495,0,0,0.776917,0.204422,1.028160,1,0,20.6528,0,0,0,20.6528,0
54.5137,2.41665,0,0,1.44893,0.181402,0.36288,3.6288,50.8939,1.03853,0,0,0.390658,0.198742,0,0.66528,12.849,1,0.554237,0.36288,0,22.6046,4.26748,18.1457,0.84672,12.849,0.84672,3695.15,0,36.966,0.741977,0.204422,2.4256,1.71008,0.93555,2.66258,0.42336,36.966,0.42336,423.524,0,0.512987,0,0,0.717409,0.204422,1.028160,1,0,20.8083,0,0,0,20.8083,0
53.2787,2.4044,0,0,1.71535,0.183047,0.36288,3.6288,50.5467,0.81826,0,0,0.667458,0.196384,0,0.66528,12.849,1,0.566722,0.36288,0,26.8157,4.2378,22.3741,0.84672,12.849,0.84672,3695.15,0,36.966,0.600194,0.216518,2.3287,2.44979,0.931909,3.46291,0.42336,36.966,0.42336,423.524,0,0.87518,0,0,1.0917,0.216518,1.028160,1,0,25.837,0,0,0,25.837,0
52.0099,2.394,0,0,1.6688,0.180766,0.36288,3.6288,50.0739,0.848379,0,0,0.571437,0.195829,0,0.66528,12.849,1,0.57735,0.36288,0,26.1568,4.2378,21.7046,0.84672,12.849,0.84672,3695.15,0,36.966,0.620439,0.216518,2.32885,2.0015,0.931909,2.99452,0.42336,36.966,0.42336,423.524,0,0.824956,0,0,1.04147,0.216518,1.028160,1,0,24.6991,0,0,0,24.6991,0
50.7344,2.38289,0,0,1.64874,0.178421,0.36288,3.6288,49.9244,0.66528,0,0,0.710775,0.195074,0,0.66528,12.849,1,0.588691,0.36288,0,25.5617,4.2378,21.0981,0.84672,12.849,0.84672,3695.15,0,36.966,0.600474,0.285932,2.329,2.51162,0.931909,3.59417,0.42336,36.966,0.42336,423.524,0,1.02816,0,0,1.31409,0.285932,1.028160,1,0,24.6923,0,0,0,24.6923,0
51.9865,2.30377,0,0,4.12182,0.203048,0.36288,3.6288,50.669,0.66528,0,0,1.62108,0.211136,0,0.66528,12.849,1,0.583454,0.36288,0,72.4305,3.74199,68.4679,0.84672,12.849,0.84672,3695.15,0,36.966,0.508979,2.49264,2.32915,4.80209,0.961443,8.15346,0.42336,36.966,0.42336,423.524,0,1.02816,0,0,3.5208,2.49264,1.028160,1,0,76.6214,0,0,0,76.6214,0
51.7301,2.31522,0,0,2.62739,0.205715,0.36288,3.6288,50.7334,0.66528,0,0,0.94208,0.212426,0,0.66528,12.849,1,0.572231,0.36288,0,48.4772,3.74199,44.5259,0.84672,12.849,0.84672,3695.15,0,36.966,0.509113,0.869426,2.24266,3.37503,0.961443,5.01656,0.42336,36.966,0.42336,423.524,0,1.02816,0,0,1.89759,0.869426,1.028160,1,0,49.5424,0,0,0,49.5424,0
53.3137,2.31313,0,0,4.4648,0.205169,0.36288,3.6288,51.0496,0.66528,0,0,1.19407,0.212537,0,0.66528,12.849,1,0.574548,0.36288,0,85.3947,3.74199,81.441,0.84672,12.849,0.84672,3695.15,0,36.966,0.509247,0.862825,2.2428,4.36925,0.961443,6.00418,0.42336,36.966,0.42336,423.524,0,1.02816,0,0,1.89099,0.862825,1.028160,1,0,87.4452,0,0,0,87.4452,0
54.1211,2.32706,0,0,3.73942,0.242109,0.36288,3.6288,51.8779,0.66528,0,0,1.74859,0.255096,0,0.66528,12.849,1,0.560839,0.36288,0,61.9433,4.70621,57.0391,0.84672,12.849,0.84672,3695.15,0,36.966,0.509381,2.61468,2.24295,5.18989,1.23336,8.30478,0.42336,36.966,0.42336,423.524,0,1.02816,0,0,3.64284,2.61468,1.028160,1,0,65.3439,0,0,0,65.3439,0
54.7038,2.13982,0,0,3.32614,0.240696,0.36288,3.6288,52.0167,0.574515,0,0,0.930273,0.216875,0,0.66528,12.849,1,0.50802,0.36288,0,70.5892,4.19208,66.252,0.84672,12.849,0.84672,3695.15,0,36.966,0.409375,1.58102,2.24309,4.22907,1.04527,6.59854,0.42336,36.966,0.42336,423.524,0,1.02816,0,0,2.60918,1.58102,1.028160,1,0,72.8506,0,0,0,72.8506,0
55.92,2.14437,0,0,3.96417,0.240745,0.36288,3.6288,53.2518,0.575224,0,0,2.01145,0.201125,0,0.66528,12.849,1,0.503677,0.36288,0,67.8955,3.98643,63.7682,0.84672,12.849,0.84672,3695.15,0,36.966,0.408786,1.45126,2.05072,4.35161,0.970029,6.47478,0.42336,36.966,0.42336,423.524,0,1.02816,0,0,2.47942,1.45126,1.028160,1,0,70.243,0,0,0,70.243,0
58.4968,2.15345,0,0,5.33679,0.243695,0.36288,3.6288,53.7958,0.580892,0,0,1.32803,0.203128,0,0.66528,12.849,1,0.494809,0.36288,0,107.768,3.98643,103.649,0.84672,12.849,0.84672,3695.15,0,36.966,0.403239,1.34967,2.05085,4.59334,0.970029,6.62059,0.42336,36.966,0.42336,423.524,0,1.02816,0,0,2.37783,1.34967,1.028160,1,0,110.27,0,0,0,110.27,0
59.4468,2.17149,0,0,3.73437,0.249944,0.36288,3.6288,53.885,0.58338,0,0,0.876569,0.20401,0,0.66528,12.849,1,0.476975,0.36288,0,81.7379,3.98643,77.6373,0.84672,12.849,0.84672,3695.15,0,36.966,0.400872,1.10093,2.05098,4.25536,0.970029,6.03638,0.42336,36.966,0.42336,423.524,0,1.02816,0,0,2.12909,1.10093,1.028160,1,0,83.6737,0,0,0,83.6737,0
61.22,2.17793,0,0,4.57205,0.258037,0.36288,3.6288,54.3892,0.583845,0,0,1.29158,0.203525,0,0.66528,12.849,1,0.470744,0.36288,0,98.1962,4.04829,94.04,0.84672,12.849,0.84672,3695.15,0,36.966,0.400527,1.75002,2.05111,4.97459,0.954135,7.42107,0.42336,36.966,0.42336,423.524,0,1.02816,0,0,2.77818,1.75002,1.028160,1,0,101.461,0,0,0,101.461,0
64.523,2.26579,0,0,6.17849,0.246831,0.36288,3.6288,54.7012,0.619048,0,0,1.10285,0.171854,0,0.66528,12.849,1,0.475548,0.36288,0,87.8351,3.89445,83.828,0.84672,12.849,0.84672,3695.15,0,36.966,0.42074,1.24612,2.05124,4.48712,0.811899,6.55185,0.42336,36.966,0.42336,423.524,0,1.02816,0,0,2.27428,1.24612,1.028160,1,0,90.3798,0,0,0,90.3798,0
67.3249,2.28625,0,0,5.70463,0.253585,0.36288,3.6288,54.968,0.620548,0,0,1.0596,0.172209,0,0.66528,12.849,1,0.45528,0.36288,0,80.6276,3.89445,76.6408,0.84672,12.849,0.84672,3695.15,0,36.966,0.419354,1.15957,2.11142,4.37918,0.811899,6.41892,0.42336,36.966,0.42336,423.524,0,1.02816,0,0,2.18773,1.15957,1.028160,1,0,83.0597,0,0,0,83.0597,0
70.3368,2.30233,0,0,5.98186,0.304765,0.36288,3.6288,55.2392,0.621833,0,0,1.07003,0.177022,0,0.66528,12.849,1,0.4394,0.36288,0,83.8045,4.16397,79.5641,0.84672,12.849,0.84672,3695.15,0,36.966,0.418183,1.18244,2.11155,4.56346,0.962701,6.47656,0.42336,36.966,0.42336,423.524,0,1.02816,0,0,2.2106,1.18244,1.028160,1,0,86.0406,0,0,0,86.0406,0
72.29,2.3184,0,0,6.11531,0.356488,1.48724,3.6288,55.458,0.623131,0,0,1.0403,0.198398,0,0.66528,12.849,1,0.423521,1.48724,0,85.917,4.85679,82.124,0.84672,12.849,0.84672,3695.15,0,36.966,0.416998,1.33742,2.11167,4.65421,1.38286,6.30344,0.42336,36.966,0.42336,423.524,0,1.02816,0,0,2.36558,1.33742,1.028160,1,0,88.4274,0,0,0,88.4274,0
72.29,2.58042,0,0,7.65614,0.351609,4.72411,3.6288,56.1921,0.66528,0,0,1.57785,0.178453,0,0.66528,12.849,1,0.458651,4.72411,0,84.8344,4.88133,84.2186,0.84672,12.849,0.84672,3695.15,0,36.966,0.582608,2.02725,2.1118,9.03129,1.26427,11.3235,0.42336,36.966,0.42336,423.524,0,1.02816,0,0,3.05541,2.02725,1.028160,1,0,95.542,0,0,0,95.542,0
72.29,2.58061,0,0,9.74566,0.349632,6.81542,3.6288,57.1505,0.66528,0,0,1.79913,0.175432,0,0.66528,12.849,1,0.458683,6.81542,0,117.514,4.87179,118.999,0.84672,12.849,0.84672,3695.15,0,36.966,0.582735,2.56771,2.328,9.2785,1.23597,12.3555,0.42336,36.966,0.42336,423.524,0,1.02816,0,0,3.59587,2.56771,1.028160,1,0,131.355,0,0,0,131.355,0
72.29,2.58079,0,0,8.7861,0.35956,5.84575,3.6288,58.6794,0.66528,0,0,2.35245,0.158278,0,0.66528,12.849,1,0.458716,5.84575,0,127.85,4.24233,128.995,0.84672,12.849,0.84672,3695.15,0,36.966,0.582862,3.75213,2.32814,9.92192,1.02528,14.394,0.42336,36.966,0.42336,423.524,0,1.02816,0,0,4.78029,3.75213,1.028160,1,0,143.389,0,0,0,143.389,0
72.29,2.58097,0,0,7.73893,0.361214,4.79675,3.6288,59.7623,0.66528,0,0,1.90494,0.156777,0,0.66528,12.849,1,0.458748,4.79675,0,106.856,4.13742,107.057,0.84672,12.849,0.84672,3695.15,0,36.966,0.582989,2.54924,2.32827,8.34054,0.990162,11.6449,0.42336,36.966,0.42336,423.524,0,1.02816,0,0,3.5774,2.54924,1.028160,1,0,118.702,0,0,0,118.702,0
72.29,2.22143,0,0,6.6796,0.318071,4.1401,3.6288,60.3781,0.599094,0,0,1.36579,0.150899,0,0.66528,12.849,1,0.394842,4.1401,0,117.217,3.19323,117.769,0.84672,12.849,0.84672,3695.15,0,36.966,0.37057,1.68916,2.32841,7.97463,0.88718,10.7345,0.42336,36.966,0.42336,423.524,0,1.02816,0,0,2.71732,1.68916,1.028160,1,0,128.504,0,0,0,128.504,0
72.29,2.22159,0,0,8.43834,0.31088,5.90587,3.6288,61.308,0.601506,0,0,1.6839,0.150327,0.00215652,0.66528,12.849,1,0.394871,5.90587,0,170.443,3.03587,172.918,0.84672,12.849,0.84672,3695.15,0,36.966,0.368267,2.84359,2.03381,11.248,0.870016,14.8871,0.42336,36.966,0.42336,423.524,0,1.02816,0,0,3.87175,2.84359,1.028160,1,0,187.807,0,0,0,187.807,0
72.29,2.22175,0,0,9.28843,0.313386,6.7533,3.6288,61.308,0.605058,0,0,2.01481,0.181812,1.22794,0.66528,12.849,1,0.394899,6.7533,0,176.672,3.90209,179.129,0.84672,12.849,0.84672,3695.15,0,36.966,0.364823,3.81166,2.03393,15.5714,1.00341,20.0487,0.42336,36.966,0.42336,423.524,0,1.02816,0,0,4.83982,3.81166,1.028160,1,0,200.405,0,0,0,200.405,0
72.29,2.22191,0,0,6.43057,0.315265,3.8934,3.6288,61.308,0.605127,0,0,1.21241,0.204759,0.402522,0.66528,12.849,1,0.394927,3.8934,0,146.707,4.55175,145.654,0.84672,12.849,0.84672,3695.15,0,36.966,0.364864,1.85379,2.03405,8.16281,1.10346,10.5823,0.42336,36.966,0.42336,423.524,0,1.02816,0,0,2.88195,1.85379,1.028160,1,0,156.639,0,0,0,156.639,0
72.29,2.22207,0,0,7.7328,0.317223,5.19351,3.6288,61.308,0.605195,0,0,2.59006,0.204091,1.78078,0.66528,12.849,1,0.394956,5.19351,0,131.502,4.13762,132.163,0.84672,12.849,0.84672,3695.15,0,36.966,0.364905,3.18324,2.03417,11.4581,1.04148,15.2691,0.42336,36.966,0.42336,423.524,0,1.02816,0,0,4.2114,3.18324,1.028160,1,0,149.213,0,0,0,149.213,0
72.29,2.3128,0,0,7.2125,0.319834,4.57986,3.6288,61.308,0.647816,0,0,2.14078,0.203201,1.28976,0.66528,12.849,1,0.411084,4.57986,0,119.975,3.58544,120.558,0.84672,12.849,0.84672,3695.15,0,36.966,0.390604,2.87706,2.03429,9.64872,0.958835,13.2106,0.42336,36.966,0.42336,423.524,0,1.02816,0,0,3.90522,2.87706,1.028160,1,0,135.059,0,0,0,135.059,0
72.29,2.31297,0,0,7.61728,0.319834,4.98448,3.6288,61.308,0.647887,0,0,3.11713,0.203201,2.26604,0.66528,12.849,1,0.411113,4.98448,0,138.176,3.58544,139.164,0.84672,12.849,0.84672,3695.15,0,36.966,0.390647,3.89823,2.1071,11.4901,0.958835,16.1459,0.42336,36.966,0.42336,423.524,0,1.02816,0,0,4.92639,3.89823,1.028160,1,0,157.576,0,0,0,157.576,0
72.29,2.31314,0,0,6.50279,0.319834,3.86982,3.6288,61.308,0.647958,0,0,2.48798,0.203201,1.63682,0.66528,12.849,1,0.411142,3.86982,0,107.391,3.58544,107.264,0.84672,12.849,0.84672,3695.15,0,36.966,0.39069,3.03514,2.10722,8.31652,0.958835,12.1094,0.42336,36.966,0.42336,423.524,0,1.02816,0,0,4.0633,3.03514,1.028160,1,0,121.01,0,0,0,121.01,0
72.29,2.3133,0,0,5.20566,0.281389,2.61097,3.6288,61.308,0.648028,0,0,1.68612,0.201426,0.836667,0.66528,12.849,1,0.411172,2.61097,0,91.7447,3.76659,90.1779,0.84672,12.849,0.84672,3695.15,0,36.966,0.390732,1.95694,2.10734,5.64994,0.978308,8.34519,0.42336,36.966,0.42336,423.524,0,1.02816,0,0,2.9851,1.95694,1.028160,1,0,99.3598,0,0,0,99.3598,0
72.29,2.27804,0,0,4.47857,0.261969,1.93856,3.6288,61.308,0.631568,0,0,1.22596,0.21409,0.380298,0.66528,12.849,1,0.404905,1.93856,0,97.6061,3.46962,95.6701,0.84672,12.849,0.84672,3695.15,0,36.966,0.380807,1.8421,2.10747,4.51383,1.00516,7.07743,0.42336,36.966,0.42336,423.524,0,1.02816,0,0,2.87026,1.8421,1.028160,1,0,103.128,0,0,0,103.128,0
72.29,2.27821,0,0,4.19745,0.261969,1.65727,3.6288,61.308,0.631638,0,0,1.0491,0.21409,0.203376,0.66528,12.849,1,0.404934,1.65727,0,92.3884,3.46962,90.1711,0.84672,12.849,0.84672,3695.15,0,36.966,0.38085,1.3054,2.0793,4.27298,1.00516,6.27167,0.42336,36.966,0.42336,423.524,0,1.02816,0,0,2.33356,1.3054,1.028160,1,0,96.6462,0,0,0,96.6462,0
72.29,2.27837,0,0,4.96895,0.237641,2.45294,3.6288,61.308,0.631708,0,0,1.04238,0.225958,0.184715,0.66528,12.849,1,0.404963,2.45294,0,97.7331,4.40532,95.3757,0.84672,12.849,0.84672,3695.15,0,36.966,0.380892,1.42404,2.07942,5.62646,1.04205,7.70699,0.42336,36.966,0.42336,423.524,0,1.02816,0,0,2.4522,1.42404,1.028160,1,0,103.267,0,0,0,103.267,0
72.29,2.27853,0,0,3.77552,0.185143,1.31184,3.6288,61.308,0.631778,0,0,0.983724,0.245387,0.10656,0.66528,12.849,1,0.404992,1.31184,0,66.8553,5.2861,62.476,0.84672,12.849,0.84672,3695.15,0,36.966,0.380934,1.30372,2.07955,4.19138,1.14578,6.04793,0.42336,36.966,0.42336,423.524,0,1.02816,0,0,2.33188,1.30372,1.028160,1,0,68.6305,0,0,0,68.6305,0
72.29,2.39897,0,0,3.50491,0.149077,0.956864,3.6288,61.308,0.66528,0,0,0.921439,0.231086,0.0250731,0.66528,12.849,1,0.426399,0.956864,0,53.9228,4.63431,49.8189,0.84672,12.849,0.84672,3695.15,0,36.966,0.44154,0.914933,2.07967,3.48882,1.01873,5.02316,0.42336,36.966,0.42336,423.524,0,1.02816,0,0,1.94309,0.914933,1.028160,1,0,54.8671,0,0,0,54.8671,0
72.29,2.39914,0,0,3.08448,0.152918,0.532421,3.6288,61.2612,0.66528,0,0,0.838279,0.219751,0,0.66528,12.849,1,0.426429,0.532421,0,49.1399,4.27812,44.9678,0.84672,12.849,0.84672,3695.15,0,36.966,0.441658,0.803676,2.17896,3.04982,0.927345,4.66345,0.42336,36.966,0.42336,423.524,0,1.02816,0,0,1.83184,0.803676,1.028160,1,0,49.6312,0,0,0,49.6312,0
72.0935,2.39931,0,0,2.7186,0.152918,0.36288,3.6288,61.1154,0.66528,0,0,0.739161,0.219686,0,0.66528,12.849,1,0.42646,0.36288,0,46.4543,4.27812,42.1126,0.84672,12.849,0.84672,3695.15,0,36.966,0.441776,0.73859,2.17909,3.05172,0.927345,4.60028,0.42336,36.966,0.42336,423.524,0,1.02816,0,0,1.76675,0.73859,1.028160,1,0,46.7129,0,0,0,46.7129,0
71.6646,2.3985,0,0,2.48043,0.147947,0.36288,3.6288,60.918,0.66528,0,0,0.692245,0.224416,0,0.66528,12.849,1,0.427477,0.36288,0,42.4847,4.37593,38.0442,0.84672,12.849,0.84672,3695.15,0,36.966,0.441894,0.655128,2.17922,2.93644,0.954038,4.37486,0.42336,36.966,0.42336,423.524,0,1.02816,0,0,1.68329,0.655128,1.028160,1,0,42.419,0,0,0,42.419,0
71.3319,2.3965,0,0,2.54686,0.120182,0.36288,3.6288,60.7747,0.66528,0,0,0.770024,0.248066,0,0.66528,12.849,1,0.429677,0.36288,0,47.2446,4.91373,42.264,0.84672,12.849,0.84672,3695.15,0,36.966,0.442012,0.688573,2.17935,4.21474,1.11088,5.52977,0.42336,36.966,0.42336,423.524,0,1.02816,0,0,1.71673,0.688573,1.028160,1,0,47.7938,0,0,0,47.7938,0
71.1,2.37123,0,0,2.62354,0.121318,0.36288,3.6288,60.7971,0.66528,0,0,0.928057,0.24034,0,0.66528,12.849,1,0.427128,0.36288,0,54.3594,4.84827,49.4469,0.84672,12.849,0.84672,3695.15,0,36.966,0.493809,0.99144,2.17948,5.93381,1.10645,7.50447,0.42336,36.966,0.42336,423.524,0,1.02816,0,0,2.0196,0.99144,1.028160,1,0,56.9514,0,0,0,56.9514,0
70.6339,2.37022,0,0,2.38806,0.121103,0.36288,3.6288,60.7595,0.66528,0,0,0.868009,0.240374,0,0.66528,12.849,1,0.428339,0.36288,0,52.1848,4.84827,47.2711,0.84672,12.849,0.84672,3695.15,0,36.966,0.493931,0.721691,2.21428,5.5743,1.10645,6.90989,0.42336,36.966,0.42336,423.524,0,1.02816,0,0,1.74985,0.721691,1.028160,1,0,54.181,0,0,0,54.181,0
69.9923,2.36799,0,0,2.19587,0.106569,0.36288,3.6288,60.6498,0.66528,0,0,0.828723,0.27311,0,0.66528,12.849,1,0.430761,0.36288,0,46.2633,5.27172,40.9237,0.84672,12.849,0.84672,3695.15,0,36.966,0.494052,0.712973,2.21441,5.36369,1.26102,6.536,0.42336,36.966,0.42336,423.524,0,1.02816,0,0,1.74113,0.712973,1.028160,1,0,47.4597,0,0,0,47.4597,0
69.241,2.36483,0,0,2.06375,0.0873347,0.36288,3.6288,60.441,0.66528,0,0,0.773107,0.316614,0,0.66528,12.849,1,0.434128,0.36288,0,41.0693,5.83632,35.1617,0.84672,12.849,0.84672,3695.15,0,36.966,0.494174,0.680702,2.21454,5.16353,1.46711,6.0975,0.42336,36.966,0.42336,423.524,0,1.02816,0,0,1.70886,0.680702,1.028160,1,0,41.2592,0,0,0,41.2592,0
68.1685,2.42207,0,0,1.80705,0.0946138,0.36288,3.6288,60.0383,0.729276,0,0,0.63347,0.306899,0,0.66528,12.849,1,0.449462,0.36288,0,39.7324,5.88724,33.7586,0.84672,12.849,0.84672,3695.15,0,36.966,0.540364,0.261274,2.21467,3.69827,1.50308,4.13077,0.42336,36.966,0.42336,423.524,0,0.964164,0,0,1.22544,0.261274,1.028160,1,0,37.8894,0,0,0,37.8894,0
67.0582,2.4163,0,0,1.76266,0.0938256,0.36288,3.6288,59.6506,0.66528,0,0,0.583658,0.306114,0,0.66528,12.849,1,0.455445,0.36288,0,39.6818,5.88724,33.702,0.84672,12.849,0.84672,3695.15,0,36.966,0.540489,0.306608,2.26396,3.96295,1.50308,4.48995,0.42336,36.966,0.42336,423.524,0,1.02816,0,0,1.33477,0.306608,1.028160,1,0,38.1919,0,0,0,38.1919,0
65.8416,2.41014,0,0,1.64945,0.0930097,0.36288,3.6288,59.2202,0.66528,0,0,0.540257,0.305357,0,0.66528,12.849,1,0.461806,0.36288,0,35.8226,5.88724,29.8364,0.84672,12.849,0.84672,3695.15,0,36.966,0.540613,0.249333,2.2641,3.5369,1.50308,4.00663,0.42336,36.966,0.42336,423.524,0,1.02816,0,0,1.27749,0.249333,1.028160,1,0,33.843,0,0,0,33.843,0
64.4977,2.40317,0,0,1.51426,0.0921156,0.36288,3.6288,58.7017,0.748276,0,0,0.53432,0.304518,0,0.66528,12.849,1,0.468979,0.36288,0,32.7462,5.88724,26.7529,0.84672,12.849,0.84672,3695.15,0,36.966,0.540737,0.227405,2.26423,3.45923,1.50308,3.90705,0.42336,36.966,0.42336,423.524,0,0.945164,0,0,1.17257,0.227405,1.028160,1,0,30.6599,0,0,0,30.6599,0
63.1963,2.572,0,0,1.7121,0.0786208,0.36288,3.6288,58.3372,0.66528,0,0,0.620132,0.319409,0,0.66528,12.849,1,0.512385,0.36288,0,31.9873,5.9235,25.9143,0.84672,12.849,0.84672,3695.15,0,36.966,0.70719,0.421191,2.26437,4.37336,1.51527,4.83646,0.42336,36.966,0.42336,423.524,0,1.02816,0,0,1.44935,0.421191,1.028160,1,0,30.7507,0,0,0,30.7507,0
61.8631,2.56341,0,0,1.66958,0.0764986,0.36288,3.6288,57.9681,0.66528,0,0,0.622349,0.326113,0,0.66528,12.849,1,0.52119,0.36288,0,31.9994,5.81984,26.0213,0.84672,12.849,0.84672,3695.15,0,36.966,0.707326,0.396524,2.43274,3.1321,1.49827,3.75576,0.42336,36.966,0.42336,423.524,0,1.02816,0,0,1.42468,0.396524,1.028160,1,0,29.7771,0,0,0,29.7771,0
60.2451,2.55429,0,0,1.37486,0.0756674,0.36288,3.6288,57.5192,0.66528,0,0,0.541668,0.325338,0,0.66528,12.849,1,0.530528,0.36288,0,39.7253,5.81984,33.7378,0.84672,12.849,0.84672,3695.15,0,36.966,0.707461,0.230697,2.43289,2.79432,1.49827,3.25217,0.42336,36.966,0.42336,423.524,0,1.02816,0,0,1.25886,0.230697,1.028160,1,0,36.9899,0,0,0,36.9899,0
58.7858,2.54273,0,0,1.52096,0.0746529,0.36288,3.6288,57.2736,0.66528,0,0,0.744085,0.324395,0,0.66528,12.849,1,0.54231,0.36288,0,34.059,5.81984,28.0597,0.84672,12.849,0.84672,3695.15,0,36.966,0.707596,0.619782,2.43303,3.33925,1.49827,4.18619,0.42336,36.966,0.42336,423.524,0,1.02816,0,0,1.64794,0.619782,1.028160,1,0,32.2459,0,0,0,32.2459,0
57.2464,2.53186,0,0,1.39662,0.0412584,0.36288,3.6288,56.7637,0.66528,0,0,0.494541,0.339083,0,0.66528,12.849,1,0.553397,0.36288,0,30.225,6.11329,23.9212,0.84672,12.849,0.84672,3695.15,0,36.966,0.707731,0.48778,2.43318,3.3691,1.53683,4.04549,0.42336,36.966,0.42336,423.524,0,1.02816,0,0,1.51594,0.48778,1.028160,1,0,27.9666,0,0,0,27.9666,0
55.5084,2.43546,0,0,1.1214,0.0611192,0.36288,3.6288,56.0752,0.66528,0,0,0.277843,0.30113,0,0.66528,12.849,1,0.546642,0.36288,0,17.5324,4.95504,12.3936,0.84672,12.849,0.84672,3695.15,0,36.966,0.606879,0.456572,2.43332,2.29885,1.15667,3.4252,0.42336,36.966,0.42336,423.524,0,1.02816,0,0,1.48473,0.456572,1.028160,1,0,15.8188,0,0,0,15.8188,0
53.9197,2.42174,0,0,1.28804,0.0920841,0.36288,3.6288,55.496,0.66528,0,0,0.379198,0.293058,0,0.66528,12.849,1,0.560581,0.36288,0,17.7177,4.73466,12.7853,0.84672,12.849,0.84672,3695.15,0,36.966,0.607007,0.808013,2.33607,3.18794,1.13161,4.5934,0.42336,36.966,0.42336,423.524,0,1.02816,0,0,1.83617,0.808013,1.028160,1,0,17.3787,0,0,0,17.3787,0
52.2909,2.40857,0,0,1.23327,0.0906223,0.36288,3.6288,54.9107,0.66528,0,0,0.371922,0.291949,0,0.66528,12.849,1,0.573959,0.36288,0,23.6232,4.73466,18.6775,0.84672,12.849,0.84672,3695.15,0,36.966,0.607136,0.758005,2.33621,3.18711,1.13161,4.54258,0.42336,36.966,0.42336,423.524,0,1.02816,0,0,1.78616,0.758005,1.028160,1,0,23.2201,0,0,0,23.2201,0
50.8582,2.39439,0,0,1.41374,0.0891236,0.36288,3.6288,54.4672,0.66528,0,0,0.512569,0.290827,0,0.66528,12.849,1,0.588353,0.36288,0,53.1054,4.73466,48.1453,0.84672,12.849,0.84672,3695.15,0,36.966,0.607265,1.20567,2.33635,4.30637,1.13161,6.10952,0.42336,36.966,0.42336,423.524,0,1.02816,0,0,2.23383,1.20567,1.028160,1,0,54.2548,0,0,0,54.2548,0
49.4142,2.31357,0,0,1.36261,0.130223,0.36288,3.6288,54.2982,0.66528,0,0,0.682939,0.18664,0,0.66528,12.849,1,0.584509,0.36288,0,52.6501,4.31209,48.1164,0.84672,12.849,0.84672,3695.15,0,36.966,0.515446,1.41553,2.33649,4.75787,1.05734,6.93712,0.42336,36.966,0.42336,423.524,0,1.02816,0,0,2.44369,1.41553,1.028160,1,0,55.0535,0,0,0,55.0535,0
50.463,2.30018,0,0,3.86281,0.15091,0.36288,3.6288,54.6058,0.66528,0,0,1.1313,0.158468,0,0.66528,12.849,1,0.598108,0.36288,0,67.3123,3.98685,63.0903,0.84672,12.849,0.84672,3695.15,0,36.966,0.515569,2.95509,2.24969,10.1564,0.987364,13.8582,0.42336,36.966,0.42336,423.524,0,1.02816,0,0,3.98325,2.95509,1.028160,1,0,76.9485,0,0,0,76.9485,0
51.1604,2.31025,0,0,3.52316,0.152596,0.36288,3.6288,54.8921,0.66528,0,0,1.11041,0.15879,0,0.66528,12.849,1,0.588242,0.36288,0,91.6151,3.98685,87.4029,0.84672,12.849,0.84672,3695.15,0,36.966,0.515691,2.42945,2.24982,10.0329,0.987364,13.2092,0.42336,36.966,0.42336,423.524,0,1.02816,0,0,3.45761,2.42945,1.028160,1,0,100.612,0,0,0,100.612,0
53.0644,2.31683,0,0,4.73737,0.153716,0.36288,3.6288,56.1047,0.66528,0,0,2.03701,0.159091,0,0.66528,12.849,1,0.581874,0.36288,0,106.853,3.98685,102.647,0.84672,12.849,0.84672,3695.15,0,36.966,0.515814,3.15412,2.24995,11.2804,0.987364,15.1813,0.42336,36.966,0.42336,423.524,0,1.02816,0,0,4.18228,3.15412,1.028160,1,0,117.828,0,0,0,117.828,0
54.2136,2.13971,0,0,3.87005,0.218275,0.36288,3.6288,56.9545,0.59659,0,0,1.63128,0.184966,0,0.66528,12.849,1,0.518108,0.36288,0,69.4913,4.47897,64.8572,0.84672,12.849,0.84672,3695.15,0,36.966,0.393078,2.77686,2.25009,9.73754,1.13914,13.2323,0.42336,36.966,0.42336,423.524,0,1.02816,0,0,3.80502,2.77686,1.028160,1,0,78.0894,0,0,0,78.0894,0
55.0991,2.14874,0,0,3.61321,0.216058,0.36288,3.6288,57.9246,0.600213,0,0,1.75457,0.184181,0,0.66528,12.849,1,0.509266,0.36288,0,88.5173,4.33398,84.037,0.84672,12.849,0.84672,3695.15,0,36.966,0.389565,3.29559,2.05705,8.95493,1.05608,12.8619,0.42336,36.966,0.42336,423.524,0,1.02816,0,0,4.32375,3.29559,1.028160,1,0,96.8989,0,0,0,96.8989,0
57.349,2.15553,0,0,4.98633,0.217995,0.36288,3.6288,59.8441,0.604263,0,0,2.7091,0.185342,0,0.66528,12.849,1,0.502665,0.36288,0,78.2318,4.33398,73.7581,0.84672,12.849,0.84672,3695.15,0,36.966,0.385625,4.83119,2.05717,11.153,1.05608,16.5997,0.42336,36.966,0.42336,423.524,0,1.02816,0,0,5.85935,4.83119,1.028160,1,0,90.3578,0,0,0,90.3578,0
57.7801,2.1718,0,0,3.20565,0.239933,0.36288,3.6288,59.9941,0.611978,0,0,0.951437,0.189526,0,0.66528,12.849,1,0.486589,0.36288,0,74.9713,4.13523,70.7123,0.84672,12.849,0.84672,3695.15,0,36.966,0.378021,2.15554,2.05729,6.87563,1.01437,9.69606,0.42336,36.966,0.42336,423.524,0,1.02816,0,0,3.1837,2.15554,1.028160,1,0,80.4084,0,0,0,80.4084,0
58.6406,2.17492,0,0,3.67586,0.277553,0.36288,3.6288,60.0447,0.612631,0,0,0.871093,0.207866,0,0.66528,12.849,1,0.483654,0.36288,0,106.329,3.79393,102.414,0.84672,12.849,0.84672,3695.15,0,36.966,0.377479,2.16783,2.05741,8.22977,0.965806,11.1117,0.42336,36.966,0.42336,423.524,0,1.02816,0,0,3.19599,2.16783,1.028160,1,0,113.526,0,0,0,113.526,0
66.6511,2.25699,0,0,10.8733,0.242879,0.36288,3.6288,60.3228,0.647236,0,0,1.21401,0.288592,0,0.66528,12.849,1,0.494539,0.36288,0,216.198,4.72742,211.339,0.84672,12.849,0.84672,3695.15,0,36.966,0.398465,1.51717,2.05753,15.8996,1.29993,17.7759,0.42336,36.966,0.42336,423.524,0,1.02816,0,0,2.54533,1.51717,1.028160,1,0,229.115,0,0,0,229.115,0
67.5281,2.30697,0,0,3.80665,0.25987,0.36288,3.6288,60.3319,0.64844,0,0,0.946572,0.289104,0,0.66528,12.849,1,0.444737,0.36288,0,95.8366,4.72742,91.0273,0.84672,12.849,0.84672,3695.15,0,36.966,0.397365,0.781186,2.1179,5.65748,1.29993,6.85927,0.42336,36.966,0.42336,423.524,0,1.02816,0,0,1.80935,0.781186,1.028160,1,0,97.8866,0,0,0,97.8866,0
71.8835,2.31197,0,0,7.28419,0.253928,0.36288,3.6288,61.1518,0.648541,0,0,1.75275,0.284333,0,0.66528,12.849,1,0.439914,0.36288,0,158.451,4.44269,153.931,0.84672,12.849,0.84672,3695.15,0,36.966,0.397368,2.45019,2.11801,10.7868,1.2416,13.716,0.42336,36.966,0.42336,423.524,0,1.02816,0,0,3.47835,2.45019,1.028160,1,0,167.647,0,0,0,167.647,0
72.29,2.33473,0,0,11.8148,0.242598,8.8309,3.6288,61.308,0.651926,0,0,3.02211,0.273784,1.94015,0.66528,12.849,1,0.417328,8.8309,0,240.187,3.73086,244.87,0.84672,12.849,0.84672,3695.15,0,36.966,0.394087,5.10962,2.11813,21.9485,1.09577,27.6864,0.42336,36.966,0.42336,423.524,0,1.02816,0,0,6.13778,5.10962,1.028160,1,0,274.496,0,0,0,274.496,0
72.29,2.58986,0,0,5.94416,0.247335,3.10696,3.6288,61.308,0.66528,0,0,1.32233,0.259785,0.397261,0.66528,12.849,1,0.460327,3.10696,0,121.732,3.88244,120.497,0.84672,12.849,0.84672,3695.15,0,36.966,0.589171,1.69309,2.11824,10.5292,1.14584,12.6055,0.42336,36.966,0.42336,423.524,0,1.02816,0,0,2.72125,1.69309,1.028160,1,0,133.499,0,0,0,133.499,0
72.29,2.59002,0,0,7.04772,0.248929,4.20876,3.6288,61.308,0.66528,0,0,1.1987,0.254077,0.279348,0.66528,12.849,1,0.460357,4.20876,0,139.596,3.94307,139.402,0.84672,12.849,0.84672,3695.15,0,36.966,0.589287,1.67162,2.33515,11.7042,1.16587,13.9558,0.42336,36.966,0.42336,423.524,0,1.02816,0,0,2.69978,1.67162,1.028160,1,0,153.637,0,0,0,153.637,0
72.29,2.59019,0,0,6.46771,0.248929,3.6286,3.6288,61.308,0.66528,0,0,1.43948,0.254077,0.520119,0.66528,12.849,1,0.460387,3.6286,0,127.199,3.94307,126.424,0.84672,12.849,0.84672,3695.15,0,36.966,0.589402,1.74199,2.33528,12.7991,1.16587,15.1211,0.42336,36.966,0.42336,423.524,0,1.02816,0,0,2.77015,1.74199,1.028160,1,0,142.065,0,0,0,142.065,0
72.29,2.59036,0,0,5.95964,0.273732,3.09555,3.6288,61.308,0.66528,0,0,1.64366,0.25025,0.728126,0.66528,12.849,1,0.460416,3.09555,0,116.125,3.96341,114.797,0.84672,12.849,0.84672,3695.15,0,36.966,0.589518,1.74354,2.3354,12.2725,1.17139,14.5906,0.42336,36.966,0.42336,423.524,0,1.02816,0,0,2.7717,1.74354,1.028160,1,0,130.115,0,0,0,130.115,0
72.29,2.22961,0,0,5.03575,0.302494,2.50365,3.6288,61.308,0.608414,0,0,0.957096,0.169806,0.178876,0.66528,12.849,1,0.396297,2.50365,0,89.0758,3.16891,88.0142,0.84672,12.849,0.84672,3695.15,0,36.966,0.366847,0.797144,2.33553,8.34177,0.863084,10.2445,0.42336,36.966,0.42336,423.524,0,1.02816,0,0,1.8253,0.797144,1.028160,1,0,98.4376,0,0,0,98.4376,0
72.29,2.22976,0,0,3.93958,0.288138,1.42169,3.6288,61.1577,0.723764,0,0,0.721017,0.147584,0,0.66528,12.849,1,0.396322,1.42169,0,73.9204,2.93664,72.0091,0.84672,12.849,0.84672,3695.15,0,36.966,0.436397,0.608429,2.03994,6.44811,0.764596,7.89548,0.42336,36.966,0.42336,423.524,0,0.843359,0,0,1.45179,0.608429,1.028160,1,0,79.9046,0,0,0,79.9046,0
72.29,2.2299,0,0,6.71087,0.288138,4.19283,3.6288,61.308,0.607976,0,0,1.13467,0.147444,0.228914,0.66528,12.849,1,0.396348,4.19283,0,134.849,2.93664,135.709,0.84672,12.849,0.84672,3695.15,0,36.966,0.367484,1.2992,2.04005,11.4136,0.764596,13.6208,0.42336,36.966,0.42336,423.524,0,1.02816,0,0,2.32736,1.2992,1.028160,1,0,149.558,0,0,0,149.558,0
72.29,2.23005,0,0,6.65971,0.26968,4.15998,3.6288,61.308,0.6086,0,0,1.45639,0.152696,0.695097,0.66528,12.849,1,0.396374,4.15998,0,133.23,3.33815,133.655,0.84672,12.849,0.84672,3695.15,0,36.966,0.366959,2.12871,2.04016,19.0674,0.832354,22.0369,0.42336,36.966,0.42336,423.524,0,1.02816,0,0,3.15687,2.12871,1.028160,1,0,156.387,0,0,0,156.387,0
72.29,2.23019,0,0,6.11339,0.285267,3.59793,3.6288,61.308,0.608662,0,0,1.11968,0.155089,0.355932,0.66528,12.849,1,0.3964,3.59793,0,177.018,3.78322,176.436,0.84672,12.849,0.84672,3695.15,0,36.966,0.366996,1.23892,2.04026,12.414,0.883558,14.4427,0.42336,36.966,0.42336,423.524,0,1.02816,0,0,2.26708,1.23892,1.028160,1,0,191.235,0,0,0,191.235,0
72.29,2.32121,0,0,9.943,0.330001,7.29178,3.6288,61.308,0.651417,0,0,2.00527,0.129818,1.22403,0.66528,12.849,1,0.412578,7.29178,0,134.371,3.55331,137.697,0.84672,12.849,0.84672,3695.15,0,36.966,0.392775,2.06505,2.04037,14.7036,0.789266,17.6269,0.42336,36.966,0.42336,423.524,0,1.02816,0,0,3.09321,2.06505,1.028160,1,0,156.548,0,0,0,156.548,0
72.29,2.32136,0,0,6.95399,0.330001,4.30263,3.6288,61.308,0.651481,0,0,1.20156,0.129818,0.420265,0.66528,12.849,1,0.412605,4.30263,0,111.437,3.55331,111.774,0.84672,12.849,0.84672,3695.15,0,36.966,0.392814,1.14339,2.11341,11.8401,0.789266,13.9148,0.42336,36.966,0.42336,423.524,0,1.02816,0,0,2.17155,1.14339,1.028160,1,0,126.109,0,0,0,126.109,0
72.29,2.32151,0,0,6.01374,0.303217,3.38901,3.6288,61.308,0.651546,0,0,0.95237,0.144091,0.156733,0.66528,12.849,1,0.412631,3.38901,0,105.837,3.72782,105.086,0.84672,12.849,0.84672,3695.15,0,36.966,0.392853,0.823643,2.11352,11.5224,0.823617,13.2431,0.42336,36.966,0.42336,423.524,0,1.02816,0,0,1.8518,0.823643,1.028160,1,0,118.486,0,0,0,118.486,0
72.29,2.32166,0,0,5.57118,0.267505,2.98201,3.6288,61.308,0.65161,0,0,1.0734,0.163122,0.258667,0.66528,12.849,1,0.412658,2.98201,0,76.8796,3.9605,75.4884,0.84672,12.849,0.84672,3695.15,0,36.966,0.392892,1.03279,2.11364,11.0329,0.869418,12.9171,0.42336,36.966,0.42336,423.524,0,1.02816,0,0,2.06095,1.03279,1.028160,1,0,88.6642,0,0,0,88.6642,0
72.29,2.28628,0,0,4.46308,0.293903,1.8829,3.6288,61.308,0.63509,0,0,1.11926,0.177615,0.306555,0.66528,12.849,1,0.406368,1.8829,0,76.7526,3.35034,74.8788,0.84672,12.849,0.84672,3695.15,0,36.966,0.382931,0.619635,2.11375,6.89472,0.888166,8.35701,0.42336,36.966,0.42336,423.524,0,1.02816,0,0,1.64779,0.619635,1.028160,1,0,83.5423,0,0,0,83.5423,0
72.29,2.28642,0,0,4.85615,0.293903,2.27582,3.6288,61.308,0.635154,0,0,1.18241,0.177615,0.369641,0.66528,12.849,1,0.406395,2.27582,0,73.5826,3.35034,72.1016,0.84672,12.849,0.84672,3695.15,0,36.966,0.382969,0.615021,2.08548,7.53581,0.888166,8.96518,0.42336,36.966,0.42336,423.524,0,1.02816,0,0,1.64318,0.615021,1.028160,1,0,81.4365,0,0,0,81.4365,0
72.29,2.28657,0,0,4.325,0.288183,1.75025,3.6288,61.308,0.635217,0,0,1.11222,0.175549,0.301452,0.66528,12.849,1,0.406421,1.75025,0,80.5594,3.25008,78.6531,0.84672,12.849,0.84672,3695.15,0,36.966,0.383008,0.609206,2.08559,7.80814,0.877422,9.24251,0.42336,36.966,0.42336,423.524,0,1.02816,0,0,1.63737,0.609206,1.028160,1,0,88.1971,0,0,0,88.1971,0
72.29,2.28672,0,0,4.22139,0.247551,1.68712,3.6288,61.308,0.635281,0,0,1.09292,0.188664,0.268972,0.66528,12.849,1,0.406448,1.68712,0,70.956,3.28248,68.9542,0.84672,12.849,0.84672,3695.15,0,36.966,0.383046,0.571951,2.0857,7.24162,0.919372,8.59685,0.42336,36.966,0.42336,423.524,0,1.02816,0,0,1.60011,0.571951,1.028160,1,0,77.82,0,0,0,77.82,0
72.29,2.40753,0,0,3.96716,0.212801,1.34683,3.6288,61.308,0.66528,0,0,1.19896,0.228011,0.305664,0.66528,12.849,1,0.427921,1.34683,0,67.265,4.31879,63.8651,0.84672,12.849,0.84672,3695.15,0,36.966,0.447449,0.467657,2.08582,6.15763,1.01582,7.24784,0.42336,36.966,0.42336,423.524,0,1.02816,0,0,1.49582,0.467657,1.028160,1,0,71.4186,0,0,0,71.4186,0
72.29,2.40769,0,0,3.61114,0.211883,0.991568,3.6288,61.308,0.66528,0,0,0.941872,0.207655,0.0689369,0.66528,12.849,1,0.427948,0.991568,0,58.5862,4.10971,55.0401,0.84672,12.849,0.84672,3695.15,0,36.966,0.447556,0.416465,2.18541,5.5092,0.956596,6.70693,0.42336,36.966,0.42336,423.524,0,1.02816,0,0,1.44463,0.416465,1.028160,1,0,61.816,0,0,0,61.816,0
72.29,2.40784,0,0,3.29873,0.181205,0.709685,3.6288,61.308,0.66528,0,0,0.933889,0.211304,0.0573046,0.66528,12.849,1,0.427976,0.709685,0,52.362,4.22341,48.4203,0.84672,12.849,0.84672,3695.15,0,36.966,0.447664,0.416094,2.18553,5.26247,0.921069,6.49536,0.42336,36.966,0.42336,423.524,0,1.02816,0,0,1.44425,0.416094,1.028160,1,0,54.973,0,0,0,54.973,0
72.29,2.408,0,0,3.2333,0.181205,0.644099,3.6288,61.308,0.66528,0,0,1.01008,0.211304,0.133492,0.66528,12.849,1,0.428004,0.644099,0,50.1612,4.22341,46.1538,0.84672,12.849,0.84672,3695.15,0,36.966,0.447772,0.388835,2.18565,5.67048,0.921069,6.87612,0.42336,36.966,0.42336,423.524,0,1.02816,0,0,1.41699,0.388835,1.028160,1,0,53.1635,0,0,0,53.1635,0
72.2752,2.40816,0,0,2.92296,0.166733,0.36288,3.6288,61.2524,0.684651,0,0,0.84685,0.21784,0,0.66528,12.849,1,0.428032,0.36288,0,43.626,4.31356,39.2472,0.84672,12.849,0.84672,3695.15,0,36.966,0.447879,0.30119,2.18577,4.69355,0.96097,5.77166,0.42336,36.966,0.42336,423.524,0,1.00879,0,0,1.30998,0.30119,1.028160,1,0,45.0189,0,0,0,45.0189,0
71.9178,2.38437,0,0,2.52038,0.130539,0.36288,3.6288,60.8672,0.796573,0,0,0.645494,0.234097,0,0.66528,12.849,1,0.42389,0.36288,0,33.5888,4.53894,28.9888,0.84672,12.849,0.84672,3695.15,0,36.966,0.499831,0.30119,2.18588,3.87699,1.06072,4.80351,0.42336,36.966,0.42336,423.524,0,0.896867,0,0,1.19806,0.30119,1.028160,1,0,33.7923,0,0,0,33.7923,0
71.3251,2.38274,0,0,2.2831,0.130185,0.36288,3.6288,60.4343,0.816195,0,0,0.616812,0.233527,0,0.66528,12.849,1,0.425705,0.36288,0,33.0092,4.53894,28.4074,0.84672,12.849,0.84672,3695.15,0,36.966,0.499941,0.261274,2.22079,3.66263,1.06072,4.58402,0.42336,36.966,0.42336,423.524,0,0.877245,0,0,1.13852,0.261274,1.028160,1,0,32.9915,0,0,0,32.9915,0
70.5362,2.37989,0,0,2.07879,0.124873,0.36288,3.6288,59.8896,0.884163,0,0,0.583333,0.243795,0,0.66528,12.849,1,0.428731,0.36288,0,29.0579,4.68009,24.3119,0.84672,12.849,0.84672,3695.15,0,36.966,0.540818,0.261274,2.22091,3.55486,1.11225,4.38398,0.42336,36.966,0.42336,423.524,0,0.768511,0,0,1.02978,0.261274,1.028160,1,0,28.6959,0,0,0,28.6959,0
69.675,2.37599,0,0,1.9736,0.0959385,0.36288,3.6288,59.2554,0.872471,0,0,0.546432,0.308175,0,0.66528,12.849,1,0.432815,0.36288,0,26.2081,5.52699,20.6112,0.84672,12.849,0.84672,3695.15,0,36.966,0.53852,0.261274,2.22103,3.38982,1.42138,3.91222,0.42336,36.966,0.42336,423.524,0,0.782611,0,0,1.04388,0.261274,1.028160,1,0,24.5234,0,0,0,24.5234,0
68.799,2.43294,0,0,2.01694,0.0971266,0.36288,3.6288,58.5945,0.888496,0,0,0.530619,0.30304,0,0.66528,12.849,1,0.448666,0.36288,0,28.6819,5.63958,22.9566,0.84672,12.849,0.84672,3695.15,0,36.966,0.55428,0.261274,2.22115,3.08742,1.49323,3.52233,0.42336,36.966,0.42336,423.524,0,0.797152,0,0,1.05843,0.261274,1.028160,1,0,26.4789,0,0,0,26.4789,0
67.9248,2.42828,0,0,2.01375,0.0967698,0.36288,3.6288,57.9479,0.868356,0,0,0.522848,0.301112,0,0.66528,12.849,1,0.453509,0.36288,0,27.4279,5.65835,21.679,0.84672,12.849,0.84672,3695.15,0,36.966,0.547827,0.261274,2.27058,3.05873,1.5052,3.53756,0.42336,36.966,0.42336,423.524,0,0.823859,0,0,1.08513,0.261274,1.028160,1,0,25.2165,0,0,0,25.2165,0
66.8257,2.42353,0,0,1.78333,0.0961105,0.36288,3.6288,57.2492,0.889776,0,0,0.490985,0.29986,0,0.66528,12.849,1,0.458446,0.36288,0,25.8421,5.65835,20.0882,0.84672,12.849,0.84672,3695.15,0,36.966,0.567604,0.227405,2.2707,3.02898,1.5052,3.45428,0.42336,36.966,0.42336,423.524,0,0.782775,0,0,1.01018,0.227405,1.028160,1,0,23.5424,0,0,0,23.5424,0
65.5701,2.41736,0,0,1.61995,0.0952815,0.36288,3.6288,56.5031,0.925284,0,0,0.477682,0.298507,0,0.66528,12.849,1,0.464801,0.36288,0,24.3262,5.65835,18.5659,0.84672,12.849,0.84672,3695.15,0,36.966,0.597458,0.227405,2.27083,2.92085,1.5052,3.31642,0.42336,36.966,0.42336,423.524,0,0.717526,0,0,0.944931,0.227405,1.028160,1,0,21.8823,0,0,0,21.8823,0
63.9429,2.58792,0,0,1.41744,0.0938005,0.36288,3.6288,55.6773,0.994153,0,0,0.464213,0.295851,0,0.66528,12.849,1,0.507124,0.36288,0,21.958,5.77579,16.0379,0.84672,12.849,0.84672,3695.15,0,36.966,0.713794,0.227405,2.27095,2.80622,1.43085,3.15993,0.42336,36.966,0.42336,423.524,0,0.699287,0,0,0.926692,0.227405,1.028160,1,0,19.1978,0,0,0,19.1978,0
62.1639,2.57734,0,0,1.28523,0.124014,0.36288,3.6288,54.7411,1.08252,0,0,0.421404,0.275168,0,0.66528,12.849,1,0.517903,0.36288,0,19.3195,5.40897,13.7555,0.84672,12.849,0.84672,3695.15,0,36.966,0.718722,0.227405,2.43984,2.59449,1.22714,3.31587,0.42336,36.966,0.42336,423.524,0,0.606113,0,0,0.833518,0.227405,1.028160,1,0,17.0713,0,0,0,17.0713,0
60.4861,2.56522,0,0,1.37248,0.122227,0.36288,3.6288,53.8996,0.995198,0,0,0.427235,0.273479,0,0.66528,12.849,1,0.530219,0.36288,0,19.3154,5.40897,13.7391,0.84672,12.849,0.84672,3695.15,0,36.966,0.71404,0.204422,2.43997,3.13352,1.22714,3.83673,0.42336,36.966,0.42336,423.524,0,0.698242,0,0,0.902664,0.204422,1.028160,1,0,17.5758,0,0,0,17.5758,0
58.9972,2.55325,0,0,1.54785,0.120541,0.36288,3.6288,53.0476,1.02158,0,0,0.441536,0.271961,0,0.66528,12.849,1,0.542385,0.36288,0,18.476,5.40897,12.8876,0.84672,12.849,0.84672,3695.15,0,36.966,0.714163,0.204422,2.4401,3.48301,1.22714,4.18623,0.42336,36.966,0.42336,423.524,0,0.671855,0,0,0.876277,0.204422,1.028160,1,0,17.0738,0,0,0,17.0738,0
57.2933,2.54218,0,0,1.3289,0.12777,0.36288,3.6288,52.2639,0.974022,0,0,0.461759,0.27145,0,0.66528,12.849,1,0.55366,0.36288,0,18.8317,5.3922,13.2487,0.84672,12.849,0.84672,3695.15,0,36.966,0.714286,0.204422,2.44024,2.79654,1.16898,3.55793,0.42336,36.966,0.42336,423.524,0,0.719418,0,0,0.923841,0.204422,1.028160,1,0,16.8066,0,0,0,16.8066,0
56.0528,2.44419,0,0,1.6983,0.131729,0.36288,3.6288,52.4649,0.66528,0,0,1.14305,0.276722,0,0.66528,12.849,1,0.548152,0.36288,0,23.0556,5.05848,17.8118,0.84672,12.849,0.84672,3695.15,0,36.966,0.613107,0.988753,2.44037,4.93318,0.865696,6.8835,0.42336,36.966,0.42336,423.524,0,1.02816,0,0,2.01691,0.988753,1.028160,1,0,24.6953,0,0,0,24.6953,0
54.6134,2.43448,0,0,1.48808,0.130125,0.36288,3.6288,52.229,0.66528,0,0,0.706536,0.27717,0,0.66528,12.849,1,0.558057,0.36288,0,23.4088,5.05848,18.1551,0.84672,12.849,0.84672,3695.15,0,36.966,0.613224,0.431378,2.3428,3.88909,0.865696,5.18435,0.42336,36.966,0.42336,423.524,0,1.02816,0,0,1.45954,0.431378,1.028160,1,0,23.3395,0,0,0,23.3395,0
52.91,2.42273,0,0,1.21051,0.128264,0.36288,3.6288,51.7636,0.770342,0,0,0.581532,0.276645,0,0.66528,12.849,1,0.57,0.36288,0,21.4961,5.05848,16.2305,0.84672,12.849,0.84672,3695.15,0,36.966,0.613341,0.216518,2.34293,3.51397,0.865696,4.59439,0.42336,36.966,0.42336,423.524,0,0.923098,0,0,1.13962,0.216518,1.028160,1,0,20.8248,0,0,0,20.8248,0
51.9466,2.40812,0,0,2,0.192397,0.36288,3.6288,51.7601,0.66528,0,0,0.880622,0.218779,0,0.66528,12.849,1,0.584803,0.36288,0,30.6036,4.22796,26.1537,0.84672,12.849,0.84672,3695.15,0,36.966,0.613458,0.420379,2.34306,4.65521,0.606104,6.19909,0.42336,36.966,0.42336,423.524,0,1.02816,0,0,1.44854,0.420379,1.028160,1,0,32.3528,0,0,0,32.3528,0
52.1736,2.33133,0,0,3.13616,0.214992,0.36288,3.6288,52.2774,0.66528,0,0,1.41837,0.235819,0,0.66528,12.849,1,0.576655,0.36288,0,69.0144,4.43307,64.3676,0.84672,12.849,0.84672,3695.15,0,36.966,0.521344,1.61689,2.34318,8.7887,1.01469,11.2127,0.42336,36.966,0.42336,423.524,0,1.02816,0,0,2.64505,1.61689,1.028160,1,0,75.5803,0,0,0,75.5803,0
50.5533,2.33349,0,0,1.28165,0.205569,0.36288,3.6288,52.2346,0.66528,0,0,0.88325,0.260771,0,0.66528,12.849,1,0.574679,0.36288,0,31.8994,4.76427,26.9233,0.84672,12.849,0.84672,3695.15,0,36.966,0.521455,0.922657,2.2561,3.98805,1.256,5.38936,0.42336,36.966,0.42336,423.524,0,1.02816,0,0,1.95082,0.922657,1.028160,1,0,32.3127,0,0,0,32.3127,0
49.019,2.31896,0,0,1.34966,0.202126,0.36288,3.6288,52.2489,0.66528,0,0,0.940213,0.260681,0,0.66528,12.849,1,0.589403,0.36288,0,33.9339,4.76427,28.9431,0.84672,12.849,0.84672,3695.15,0,36.966,0.521567,1.05888,2.25622,7.16473,1.256,8.70227,0.42336,36.966,0.42336,423.524,0,1.02816,0,0,2.08704,1.05888,1.028160,1,0,37.6453,0,0,0,37.6453,0
48.0409,2.30449,0,0,1.90795,0.2187,0.36288,3.6288,52.5207,0.66528,0,0,1.19097,0.253874,0,0.66528,12.849,1,0.604059,0.36288,0,53.9597,4.5498,49.1688,0.84672,12.849,0.84672,3695.15,0,36.966,0.521679,1.5573,2.25634,6.60175,1.22485,8.66886,0.42336,36.966,0.42336,423.524,0,1.02816,0,0,2.58546,1.5573,1.028160,1,0,57.8376,0,0,0,57.8376,0
49.3745,2.10413,0,0,4.02791,0.227332,0.36288,3.6288,53.9087,0.583937,0,0,2.22954,0.25761,0,0.66528,12.849,1,0.56277,0.36288,0,68.4435,4.4109,63.8327,0.84672,12.849,0.84672,3695.15,0,36.966,0.410997,2.04879,2.25646,11.1768,1.16698,13.904,0.42336,36.966,0.42336,423.524,0,1.02816,0,0,3.07695,2.04879,1.028160,1,0,77.7367,0,0,0,77.7367,0
50.407,2.11633,0,0,3.73548,0.223715,0.36288,3.6288,54.7682,0.590274,0,0,1.68256,0.232758,0,0.66528,12.849,1,0.550745,0.36288,0,76.0484,4.41015,71.4504,0.84672,12.849,0.84672,3695.15,0,36.966,0.40476,1.57274,2.06282,8.99182,1.1058,11.1168,0.42336,36.966,0.42336,423.524,0,1.02816,0,0,2.6009,1.57274,1.028160,1,0,82.5672,0,0,0,82.5672,0
51.599,2.12546,0,0,3.92497,0.244634,0.36288,3.6288,55.768,0.594127,0,0,1.76857,0.174683,0,0.66528,12.849,1,0.54179,0.36288,0,101.81,4.14771,97.4837,0.84672,12.849,0.84672,3695.15,0,36.966,0.401008,1.55678,2.06293,9.34451,1.05328,11.5099,0.42336,36.966,0.42336,423.524,0,1.02816,0,0,2.58494,1.55678,1.028160,1,0,108.994,0,0,0,108.994,0
55.3461,2.13562,0,0,6.49332,0.247705,0.36288,3.6288,59.7619,0.598511,0,0,4.76825,0.175834,0,0.66528,12.849,1,0.531804,0.36288,0,136.975,4.14771,132.658,0.84672,12.849,0.84672,3695.15,0,36.966,0.396725,5.05343,2.06304,19.1879,1.05328,24.8544,0.42336,36.966,0.42336,423.524,0,1.02816,0,0,6.08159,5.05343,1.028160,1,0,157.513,0,0,0,157.513,0
57.7345,2.16498,0,0,5.17363,0.257357,0.36288,3.6288,61.308,0.614954,0,0,2.43047,0.180435,0.0889522,0.66528,12.849,1,0.502616,0.36288,0,155.078,4.14771,150.79,0.84672,12.849,0.84672,3695.15,0,36.966,0.380383,2.7962,2.06315,15.1174,1.05328,18.5431,0.42336,36.966,0.42336,423.524,0,1.02816,0,0,3.82436,2.7962,1.028160,1,0,169.422,0,0,0,169.422,0
57.1859,2.25823,0,0,2.3736,0.3011,0.36288,3.6288,61.308,0.655718,0,0,1.04077,0.179651,0.205406,0.66528,12.849,1,0.502577,0.36288,0,82.3643,3.53294,78.6916,0.84672,12.849,0.84672,3695.15,0,36.966,0.395369,2.71665,2.06326,8.99277,0.759297,12.618,0.42336,36.966,0.42336,423.524,0,1.02816,0,0,3.74481,2.71665,1.028160,1,0,91.515,0,0,0,91.515,0
57.5659,2.25443,0,0,3.29676,0.299485,0.36288,3.6288,61.308,0.655776,0,0,1.61477,0.179651,0.779346,0.66528,12.849,1,0.506544,0.36288,0,94.9398,3.53294,91.2632,0.84672,12.849,0.84672,3695.15,0,36.966,0.395404,3.29578,2.1238,8.44612,0.759297,12.711,0.42336,36.966,0.42336,423.524,0,1.02816,0,0,4.32394,3.29578,1.028160,1,0,104.754,0,0,0,104.754,0
61.9981,2.25729,0,0,7.35295,0.300603,0.36288,3.6288,61.308,0.655835,0,0,2.13772,0.179651,1.30223,0.66528,12.849,1,0.50384,0.36288,0,104.82,3.53294,101.146,0.84672,12.849,0.84672,3695.15,0,36.966,0.395439,5.00895,2.1239,13.3579,0.759297,19.336,0.42336,36.966,0.42336,423.524,0,1.02816,0,0,6.03711,5.00895,1.028160,1,0,121.784,0,0,0,121.784,0
69.8966,2.28726,0,0,10.8208,0.27213,0.36288,3.6288,61.308,0.655893,0,0,2.68066,0.162224,1.86255,0.66528,12.849,1,0.474032,0.36288,0,167.156,3.33478,163.71,0.84672,12.849,0.84672,3695.15,0,36.966,0.395474,6.23035,2.12401,19.2173,0.742006,26.4342,0.42336,36.966,0.42336,423.524,0,1.02816,0,0,7.25851,6.23035,1.028160,1,0,192.007,0,0,0,192.007,0
72.29,2.58508,0,0,5.77368,0.316359,0.478844,3.6288,61.308,0.66528,0,0,1.81564,0.166844,0.983511,0.66528,12.849,1,0.475213,0.478844,0,157.384,4.0966,153.291,0.84672,12.849,0.84672,3695.15,0,36.966,0.595144,4.10759,2.12411,11.6196,1.09013,16.166,0.42336,36.966,0.42336,423.524,0,1.02816,0,0,5.13575,4.10759,1.028160,1,0,170.44,0,0,0,170.44,0
72.29,2.59859,0,0,5.29301,0.355792,2.33862,3.6288,61.308,0.66528,0,0,1.73437,0.175537,0.893551,0.66528,12.849,1,0.46188,2.33862,0,105.743,4.72742,102.893,0.84672,12.849,0.84672,3695.15,0,36.966,0.595249,3.15567,2.34166,10.9044,1.35642,14.45,0.42336,36.966,0.42336,423.524,0,1.02816,0,0,4.18383,3.15567,1.028160,1,0,118.236,0,0,0,118.236,0
72.29,2.59874,0,0,4.98879,0.355792,2.03425,3.6288,61.308,0.66528,0,0,1.6203,0.175537,0.779485,0.66528,12.849,1,0.461907,2.03425,0,95.5869,4.72742,92.4318,0.84672,12.849,0.84672,3695.15,0,36.966,0.595353,2.90347,2.34177,8.99372,1.35642,12.2872,0.42336,36.966,0.42336,423.524,0,1.02816,0,0,3.93163,2.90347,1.028160,1,0,105.499,0,0,0,105.499,0
72.29,2.59889,0,0,5.36344,0.322727,2.44181,3.6288,61.308,0.66528,0,0,1.49294,0.190903,0.636758,0.66528,12.849,1,0.461934,2.44181,0,108.132,4.17014,105.942,0.84672,12.849,0.84672,3695.15,0,36.966,0.595458,2.67602,2.34189,8.90421,1.05208,12.2746,0.42336,36.966,0.42336,423.524,0,1.02816,0,0,3.70418,2.67602,1.028160,1,0,118.853,0,0,0,118.853,0
72.29,2.23705,0,0,5.25564,0.301835,2.71675,3.6288,61.308,0.61159,0,0,1.24022,0.204319,0.424309,0.66528,12.849,1,0.397619,2.71675,0,112.798,4.55161,110.565,0.84672,12.849,0.84672,3695.15,0,36.966,0.368762,2.37707,2.342,8.97284,1.18374,12.1394,0.42336,36.966,0.42336,423.524,0,1.02816,0,0,3.40523,2.37707,1.028160,1,0,123.129,0,0,0,123.129,0
72.29,2.23718,0,0,6.02853,0.2903,3.50104,3.6288,61.308,0.611646,0,0,1.74061,0.212461,0.916498,0.66528,12.849,1,0.397643,3.50104,0,129.482,4.90739,127.678,0.84672,12.849,0.84672,3695.15,0,36.966,0.368795,3.11609,2.04551,10.3413,1.32052,13.8136,0.42336,36.966,0.42336,423.524,0,1.02816,0,0,4.14425,3.11609,1.028160,1,0,142.408,0,0,0,142.408,0
72.29,2.23732,0,0,6.13731,0.2903,3.6097,3.6288,61.308,0.611702,0,0,1.63806,0.212461,0.813894,0.66528,12.849,1,0.397666,3.6097,0,133.354,4.90739,131.659,0.84672,12.849,0.84672,3695.15,0,36.966,0.368829,3.4493,2.04561,14.7413,1.32052,18.5469,0.42336,36.966,0.42336,423.524,0,1.02816,0,0,4.47746,3.4493,1.028160,1,0,151.02,0,0,0,151.02,0
72.29,2.23745,0,0,4.06762,0.31198,1.51819,3.6288,61.308,0.611758,0,0,1.14685,0.208178,0.326911,0.66528,12.849,1,0.397689,1.51819,0,73.7925,4.84052,70.0725,0.84672,12.849,0.84672,3695.15,0,36.966,0.368863,2.90237,2.04571,4.31874,1.32721,7.57074,0.42336,36.966,0.42336,423.524,0,1.02816,0,0,3.93053,2.90237,1.028160,1,0,77.9702,0,0,0,77.9702,0
72.29,2.23758,0,0,4.47336,0.356623,1.87916,3.6288,61.308,0.611814,0,0,1.31297,0.19711,0.504045,0.66528,12.849,1,0.397713,1.87916,0,61.7657,4.68996,58.5572,0.84672,12.849,0.84672,3695.15,0,36.966,0.368897,2.75499,2.04581,4.43771,1.32352,7.5461,0.42336,36.966,0.42336,423.524,0,1.02816,0,0,3.78315,2.75499,1.028160,1,0,66.6073,0,0,0,66.6073,0
72.29,2.32885,0,0,3.32396,0.299289,0.695822,3.6288,61.308,0.654689,0,0,0.912073,0.194947,0.0624368,0.66528,12.849,1,0.413936,0.695822,0,66.8313,4.78968,62.3235,0.84672,12.849,0.84672,3695.15,0,36.966,0.394748,1.44482,2.04591,4.92274,1.20111,6.81761,0.42336,36.966,0.42336,423.524,0,1.02816,0,0,2.47298,1.44482,1.028160,1,0,69.2035,0,0,0,69.2035,0
72.29,2.32899,0,0,5.00649,0.299289,2.37821,3.6288,61.308,0.654747,0,0,1.49619,0.194947,0.646494,0.66528,12.849,1,0.41396,2.37821,0,98.4571,4.78968,95.6317,0.84672,12.849,0.84672,3695.15,0,36.966,0.394783,2.97092,2.11915,8.99294,1.20111,12.4871,0.42336,36.966,0.42336,423.524,0,1.02816,0,0,3.99908,2.97092,1.028160,1,0,108.765,0,0,0,108.765,0
72.29,2.32912,0,0,4.09499,0.260346,1.50552,3.6288,61.308,0.654805,0,0,1.16887,0.216564,0.297502,0.66528,12.849,1,0.413984,1.50552,0,91.47,4.83603,87.7255,0.84672,12.849,0.84672,3695.15,0,36.966,0.394819,2.35097,2.11925,6.85099,1.257,9.66939,0.42336,36.966,0.42336,423.524,0,1.02816,0,0,3.37913,2.35097,1.028160,1,0,97.6924,0,0,0,97.6924,0
72.29,2.32926,0,0,3.18016,0.234412,0.616487,3.6288,61.2662,0.654864,0,0,0.84558,0.232545,0,0.66528,12.849,1,0.414008,0.616487,0,78.8348,4.48655,74.5507,0.84672,12.849,0.84672,3695.15,0,36.966,0.394854,1.39337,2.11935,4.86786,1.30513,6.6806,0.42336,36.966,0.42336,423.524,0,1.02816,0,0,2.42153,1.39337,1.028160,1,0,81.2314,0,0,0,81.2314,0
72.29,2.29375,0,0,2.98617,0.220061,0.472361,3.6288,61.308,0.638124,0,0,0.894067,0.201165,0.0129489,0.66528,12.849,1,0.407697,0.472361,0,64.4445,4.68628,59.8228,0.84672,12.849,0.84672,3695.15,0,36.966,0.385023,1.44115,2.11946,4.81541,1.32283,6.66817,0.42336,36.966,0.42336,423.524,0,1.02816,0,0,2.46931,1.44115,1.028160,1,0,66.504,0,0,0,66.504,0
72.0846,2.29389,0,0,2.67048,0.219157,0.36288,3.6288,61.2949,0.638346,0,0,0.820428,0.195204,0,0.66528,12.849,1,0.407721,0.36288,0,54.4383,4.70988,49.6836,0.84672,12.849,0.84672,3695.15,0,36.966,0.384894,1.17147,2.09109,4.19486,1.32387,5.74866,0.42336,36.966,0.42336,423.524,0,1.02816,0,0,2.19963,1.17147,1.028160,1,0,55.4322,0,0,0,55.4322,0
71.6538,2.29303,0,0,2.43536,0.210187,0.36288,3.6288,61.2129,0.638352,0,0,0.740197,0.183811,0,0.66528,12.849,1,0.408731,0.36288,0,48.9,4.47396,44.3802,0.84672,12.849,0.84672,3695.15,0,36.966,0.38498,0.996348,2.09119,3.86935,1.26403,5.30788,0.42336,36.966,0.42336,423.524,0,1.02816,0,0,2.02451,0.996348,1.028160,1,0,49.688,0,0,0,49.688,0
71.0763,2.29108,0,0,2.26442,0.187999,0.36288,3.6288,61.1221,0.638088,0,0,0.702518,0.155289,0,0.66528,12.849,1,0.410839,0.36288,0,46.4685,3.88416,42.5364,0.84672,12.849,0.84672,3695.15,0,36.966,0.385336,0.991725,2.09129,3.56861,1.11444,5.15186,0.42336,36.966,0.42336,423.524,0,1.02816,0,0,2.01989,0.991725,1.028160,1,0,47.6883,0,0,0,47.6883,0
70.4985,2.40909,0,0,2.38043,0.186242,0.36288,3.6288,61.0741,0.66528,0,0,0.800945,0.183607,0,0.66528,12.849,1,0.43551,0.36288,0,44.9232,4.27673,40.5738,0.84672,12.849,0.84672,3695.15,0,36.966,0.452811,1.28255,2.09139,4.01428,1.08333,5.85208,0.42336,36.966,0.42336,423.524,0,1.02816,0,0,2.31071,1.28255,1.028160,1,0,46.4259,0,0,0,46.4259,0
69.8772,2.40622,0,0,2.29343,0.145572,0.36288,3.6288,60.898,0.66528,0,0,0.703236,0.214059,0,0.66528,12.849,1,0.438555,0.36288,0,43.3334,4.59029,38.6674,0.84672,12.849,0.84672,3695.15,0,36.966,0.452908,0.957796,2.19127,3.52497,1.01313,5.208,0.42336,36.966,0.42336,423.524,0,1.02816,0,0,1.98596,0.957796,1.028160,1,0,43.8754,0,0,0,43.8754,0
69.137,2.40306,0,0,2.15563,0.129932,0.36288,3.6288,60.7477,0.66528,0,0,0.732352,0.217381,0,0.66528,12.849,1,0.441874,0.36288,0,39.9146,4.69865,35.137,0.84672,12.849,0.84672,3695.15,0,36.966,0.453005,0.962729,2.19138,3.58253,0.993069,5.29057,0.42336,36.966,0.42336,423.524,0,1.02816,0,0,1.99089,0.962729,1.028160,1,0,40.4276,0,0,0,40.4276,0
68.3171,2.39921,0,0,2.0714,0.129189,0.36288,3.6288,60.6113,0.66528,0,0,0.746064,0.217174,0,0.66528,12.849,1,0.44589,0.36288,0,37.6282,4.69865,32.8465,0.84672,12.849,0.84672,3695.15,0,36.966,0.453102,0.863646,2.19148,3.57227,0.993069,5.18123,0.42336,36.966,0.42336,423.524,0,1.02816,0,0,1.89181,0.863646,1.028160,1,0,38.0277,0,0,0,38.0277,0
67.3781,2.39485,0,0,1.94249,0.123749,0.36288,3.6288,60.4398,0.66528,0,0,0.716265,0.222458,0,0.66528,12.849,1,0.45042,0.36288,0,36.2875,4.77429,31.4257,0.84672,12.849,0.84672,3695.15,0,36.966,0.453199,0.778766,2.19159,3.38267,1.01774,4.88209,0.42336,36.966,0.42336,423.524,0,1.02816,0,0,1.80693,0.778766,1.028160,1,0,36.3077,0,0,0,36.3077,0
66.3842,2.36604,0,0,1.83034,0.0953428,0.36288,3.6288,60.3534,0.66528,0,0,0.83382,0.255011,0,0.66528,12.849,1,0.451203,0.36288,0,39.7996,5.22816,34.4831,0.84672,12.849,0.84672,3695.15,0,36.966,0.50529,1.06999,2.1917,3.88263,1.16579,5.47325,0.42336,36.966,0.42336,423.524,0,1.02816,0,0,2.09815,1.06999,1.028160,1,0,39.9563,0,0,0,39.9563,0
65.3889,2.36051,0,0,1.82269,0.094596,0.36288,3.6288,60.2664,0.66528,0,0,0.833216,0.25487,0,0.66528,12.849,1,0.45689,0.36288,0,37.5971,5.22816,32.275,0.84672,12.849,0.84672,3695.15,0,36.966,0.505389,1.20666,2.22669,4.18278,1.16579,5.94495,0.42336,36.966,0.42336,423.524,0,1.02816,0,0,2.23482,1.20666,1.028160,1,0,38.2199,0,0,0,38.2199,0
64.3319,2.35484,0,0,1.75003,0.0893144,0.36288,3.6288,60.1397,0.66528,0,0,0.801023,0.262451,0,0.66528,12.849,1,0.462729,0.36288,0,35.2907,5.33675,29.8541,0.84672,12.849,0.84672,3695.15,0,36.966,0.505489,1.22906,2.2268,4.23972,1.20254,5.98754,0.42336,36.966,0.42336,423.524,0,1.02816,0,0,2.25722,1.22906,1.028160,1,0,35.8416,0,0,0,35.8416,0
63.0981,2.34864,0,0,1.53951,0.0617799,0.36288,3.6288,59.9266,0.66528,0,0,0.757987,0.305869,0,0.66528,12.849,1,0.469093,0.36288,0,33.3892,6.12386,27.1591,0.84672,12.849,0.84672,3695.15,0,36.966,0.505589,0.945492,2.2269,4.06914,1.47333,5.26261,0.42336,36.966,0.42336,423.524,0,1.02816,0,0,1.97365,0.945492,1.028160,1,0,32.4217,0,0,0,32.4217,0
61.6909,2.40166,0,0,1.41753,0.0601933,0.36288,3.6288,59.5638,0.66528,0,0,0.608193,0.305658,0,0.66528,12.849,1,0.489062,0.36288,0,30.9557,6.19938,24.6301,0.84672,12.849,0.84672,3695.15,0,36.966,0.552036,0.40405,2.22701,3.17975,1.44806,3.81071,0.42336,36.966,0.42336,423.524,0,1.02816,0,0,1.43221,0.40405,1.028160,1,0,28.4408,0,0,0,28.4408,0
60.2183,2.39256,0,0,1.34179,0.0589292,0.36288,3.6288,58.9512,0.850245,0,0,0.545331,0.307683,0,0.66528,12.849,1,0.498324,0.36288,0,28.3256,6.09399,22.0962,0.84672,12.849,0.84672,3695.15,0,36.966,0.552138,0.261274,2.27658,2.68668,1.38766,3.28473,0.42336,36.966,0.42336,423.524,0,0.843195,0,0,1.10447,0.261274,1.028160,1,0,25.3809,0,0,0,25.3809,0
58.6455,2.38266,0,0,1.23091,0.0582068,0.36288,3.6288,58.278,0.887097,0,0,0.52031,0.306478,0,0.66528,12.849,1,0.508396,0.36288,0,26.6235,6.09399,20.384,0.84672,12.849,0.84672,3695.15,0,36.966,0.556264,0.261274,2.27669,2.50392,1.38766,3.09795,0.42336,36.966,0.42336,423.524,0,0.802319,0,0,1.06359,0.261274,1.028160,1,0,23.4819,0,0,0,23.4819,0
56.9684,2.37161,0,0,1.11119,0.0537958,0.36288,3.6288,57.6619,0.797265,0,0,0.495719,0.314513,0,0.66528,12.849,1,0.519611,0.36288,0,24.7316,6.06553,18.5093,0.84672,12.849,0.84672,3695.15,0,36.966,0.552343,0.227405,2.2768,2.79424,1.44641,3.29969,0.42336,36.966,0.42336,423.524,0,0.896175,0,0,1.12358,0.227405,1.028160,1,0,21.809,0,0,0,21.809,0
55.3788,2.53331,0,0,1.36896,0.0623817,0.36288,3.6288,57.3027,0.66528,0,0,0.639763,0.33371,0,0.66528,12.849,1,0.571378,0.36288,0,23.3042,5.8156,17.2801,0.84672,12.849,0.84672,3695.15,0,36.966,0.719771,0.27178,2.27691,4.15974,1.51419,4.47447,0.42336,36.966,0.42336,423.524,0,1.02816,0,0,1.29994,0.27178,1.028160,1,0,21.7545,0,0,0,21.7545,0
53.6685,2.52014,0,0,1.2339,0.061162,0.36288,3.6288,56.5176,0.920004,0,0,0.467801,0.332913,0,0.66528,12.849,1,0.584725,0.36288,0,21.7455,6.13967,15.384,0.84672,12.849,0.84672,3695.15,0,36.966,0.719882,0.227405,2.44627,1.94314,1.48558,2.41135,0.42336,36.966,0.42336,423.524,0,0.773436,0,0,1.00084,0.227405,1.028160,1,0,17.7953,0,0,0,17.7953,0
52.0944,2.50525,0,0,1.35414,0.0601154,0.36288,3.6288,56.0866,0.677402,0,0,0.57767,0.331218,0,0.66528,12.849,1,0.599794,0.36288,0,27.9663,6.13967,21.5897,0.84672,12.849,0.84672,3695.15,0,36.966,0.719993,0.227405,2.44638,2.11973,1.48558,2.58794,0.42336,36.966,0.42336,423.524,0,1.01604,0,0,1.24344,0.227405,1.028160,1,0,24.1777,0,0,0,24.1777,0
50.2694,2.49086,0,0,1.08787,0.0591521,0.36288,3.6288,55.1395,1.03462,0,0,0.417817,0.330288,0,0.66528,12.849,1,0.614367,0.36288,0,27.3277,6.13967,20.9366,0.84672,12.849,0.84672,3695.15,0,36.966,0.720104,0.204422,2.4465,1.70165,1.48558,2.14689,0.42336,36.966,0.42336,423.524,0,0.658817,0,0,0.86324,0.204422,1.028160,1,0,23.0835,0,0,0,23.0835,0
48.73,2.47324,0,0,1.35481,0.0580352,0.36288,3.6288,54.8601,0.66528,0,0,0.714123,0.328243,0,0.66528,12.849,1,0.632167,0.36288,0,24.9586,6.13967,18.5497,0.84672,12.849,0.84672,3695.15,0,36.966,0.720215,0.6048,2.44662,2.63111,1.48558,3.47674,0.42336,36.966,0.42336,423.524,0,1.02816,0,0,1.63296,0.6048,1.028160,1,0,22.0264,0,0,0,22.0264,0
47.0936,2.37529,0,0,1.14854,0.0468205,0.36288,3.6288,54.3227,0.66528,0,0,0.474894,0.347044,0,0.66528,12.849,1,0.626311,0.36288,0,20.1033,6.15773,13.6821,0.84672,12.849,0.84672,3695.15,0,36.966,0.618739,0.415861,2.44674,1.8565,1.5237,2.57666,0.42336,36.966,0.42336,423.524,0,1.02816,0,0,1.44402,0.415861,1.028160,1,0,16.2588,0,0,0,16.2588,0
45.5725,2.35833,0,0,1.29366,0.0934901,0.36288,3.6288,53.7987,0.66528,0,0,0.447585,0.306239,0,0.66528,12.849,1,0.643447,0.36288,0,16.1074,5.82644,10.0004,0.84672,12.849,0.84672,3695.15,0,36.966,0.618845,0.274294,2.34889,1.48505,1.40991,2.07948,0.42336,36.966,0.42336,423.524,0,1.02816,0,0,1.30245,0.274294,1.028160,1,0,12.0799,0,0,0,12.0799,0
44.5007,2.34171,0,0,1.73248,0.0997066,0.36288,3.6288,53.3853,0.66528,0,0,0.55045,0.298592,0,0.66528,12.849,1,0.660238,0.36288,0,21.3732,5.77122,15.3046,0.84672,12.849,0.84672,3695.15,0,36.966,0.618951,0.696099,2.349,1.82527,1.39095,2.86047,0.42336,36.966,0.42336,423.524,0,1.02816,0,0,1.72426,0.696099,1.028160,1,0,18.1651,0,0,0,18.1651,0
43.8919,2.32951,0,0,2.18214,0.0985088,0.36288,3.6288,53.2477,0.66528,0,0,0.825264,0.297611,0,0.66528,12.849,1,0.672616,0.36288,0,43.5015,5.77122,37.4206,0.84672,12.849,0.84672,3695.15,0,36.966,0.619056,1.55887,2.34912,2.52124,1.39095,4.41922,0.42336,36.966,0.42336,423.524,0,1.02816,0,0,2.58703,1.55887,1.028160,1,0,41.8398,0,0,0,41.8398,0
42.9186,2.25639,0,0,1.77982,0.133945,0.36288,3.6288,52.7828,0.66528,0,0,0.4562,0.255821,0,0.66528,12.849,1,0.66054,0.36288,0,28.2858,4.54218,23.446,0.84672,12.849,0.84672,3695.15,0,36.966,0.526673,0.34179,2.34923,2.03566,1.15566,3.04436,0.42336,36.966,0.42336,423.524,0,1.02816,0,0,1.36995,0.34179,1.028160,1,0,26.4903,0,0,0,26.4903,0
41.7922,2.24499,0,0,1.64074,0.159241,0.36288,3.6288,52.3144,0.66528,0,0,0.4208,0.223889,0,0.66528,12.849,1,0.672108,0.36288,0,18.9258,3.6204,14.9962,0.84672,12.849,0.84672,3695.15,0,36.966,0.526774,0.337651,2.26189,2.74176,0.979186,3.83534,0.42336,36.966,0.42336,423.524,0,1.02816,0,0,1.36581,0.337651,1.028160,1,0,18.8315,0,0,0,18.8315,0
44.0945,2.23127,0,0,5.05362,0.157169,0.36288,3.6288,52.7727,0.66528,0,0,1.34662,0.223049,0,0.66528,12.849,1,0.686003,0.36288,0,65.5708,3.6204,61.6273,0.84672,12.849,0.84672,3695.15,0,36.966,0.526875,3.33979,2.262,6.51946,0.979186,10.6152,0.42336,36.966,0.42336,423.524,0,1.02816,0,0,4.36795,3.33979,1.028160,1,0,72.2424,0,0,0,72.2424,0
45.4341,2.25913,0,0,4.1493,0.18762,0.36288,3.6288,53.0542,0.66528,0,0,1.14841,0.201676,0,0.66528,12.849,1,0.658305,0.36288,0,53.1875,3.29392,49.5981,0.84672,12.849,0.84672,3695.15,0,36.966,0.526976,0.87874,2.26211,4.9298,0.886706,6.65697,0.42336,36.966,0.42336,423.524,0,1.02816,0,0,1.9069,0.87874,1.028160,1,0,56.2551,0,0,0,56.2551,0
46.4896,2.08536,0,0,3.69229,0.188562,0.36288,3.6288,53.3312,0.589175,0,0,1.06866,0.202441,0,0.66528,12.849,1,0.589749,0.36288,0,46.2233,3.38959,42.6068,0.84672,12.849,0.84672,3695.15,0,36.966,0.410513,1.29599,2.26222,5.4843,0.786541,7.84546,0.42336,36.966,0.42336,423.524,0,1.02816,0,0,2.32415,1.29599,1.028160,1,0,50.4523,0,0,0,50.4523,0
48.3842,2.09597,0,0,4.56448,0.211066,0.36288,3.6288,53.7833,0.590488,0,0,1.22483,0.182215,0,0.66528,12.849,1,0.579293,0.36288,0,74.5306,3.75669,70.5575,0.84672,12.849,0.84672,3695.15,0,36.966,0.409291,1.37347,2.06803,7.06121,0.994265,9.09916,0.42336,36.966,0.42336,423.524,0,1.02816,0,0,2.40163,1.37347,1.028160,1,0,79.6567,0,0,0,79.6567,0
49.963,2.11402,0,0,4.27117,0.215503,0.36288,3.6288,54.1067,0.592581,0,0,1.09885,0.182872,0,0.66528,12.849,1,0.561402,0.36288,0,51.5017,3.75669,47.5465,0.84672,12.849,0.84672,3695.15,0,36.966,0.407289,1.11727,2.06813,6.39396,0.994265,8.17781,0.42336,36.966,0.42336,423.524,0,1.02816,0,0,2.14543,1.11727,1.028160,1,0,55.7243,0,0,0,55.7243,0
52.2827,2.12825,0,0,5.03006,0.219189,0.36288,3.6288,54.4211,0.594081,0,0,1.09166,0.183276,0,0.66528,12.849,1,0.547324,0.36288,0,63.9201,3.75669,59.979,0.84672,12.849,0.84672,3695.15,0,36.966,0.405879,1.16271,2.06823,6.33016,0.994265,8.16095,0.42336,36.966,0.42336,423.524,0,1.02816,0,0,2.19087,1.16271,1.028160,1,0,68.1399,0,0,0,68.1399,0
55.3972,2.14787,0,0,5.84703,0.221809,0.36288,3.6288,54.6996,0.595531,0,0,1.09375,0.219722,0,0.66528,12.849,1,0.527861,0.36288,0,58.6576,4.91432,53.5783,0.84672,12.849,0.84672,3695.15,0,36.966,0.40452,1.43094,2.06833,6.6973,1.35364,8.4384,0.42336,36.966,0.42336,423.524,0,1.02816,0,0,2.4591,1.43094,1.028160,1,0,62.0167,0,0,0,62.0167,0
58.7897,2.24782,0,0,6.23928,0.23601,0.36288,3.6288,56.7052,0.630113,0,0,2.8678,0.232022,0,0.66528,12.849,1,0.521366,0.36288,0,119.75,4.8875,114.704,0.84672,12.849,0.84672,3695.15,0,36.966,0.425831,3.6357,2.06843,12.7319,1.37745,16.6328,0.42336,36.966,0.42336,423.524,0,1.02816,0,0,4.66386,3.6357,1.028160,1,0,131.336,0,0,0,131.336,0
70.3576,2.27263,0,0,14.4486,0.245238,0.36288,3.6288,61.308,0.639281,0,0,5.68163,0.2371,0.202464,0.66528,12.849,1,0.496702,0.36288,0,338.614,4.88302,333.597,0.84672,12.849,0.84672,3695.15,0,36.966,0.416746,4.62544,2.12912,25.576,1.38141,30.5324,0.42336,36.966,0.42336,423.524,0,1.02816,0,0,5.6536,4.62544,1.028160,1,0,364.332,0,0,0,364.332,0
72.29,2.3418,0,0,7.10984,0.269713,2.56591,3.6288,61.308,0.658852,0,0,3.04474,0.244206,2.14169,0.66528,12.849,1,0.42767,2.56591,0,230.19,4.88302,227.446,0.84672,12.849,0.84672,3695.15,0,36.966,0.397259,2.8682,2.12922,15.1387,1.38141,18.3574,0.42336,36.966,0.42336,423.524,0,1.02816,0,0,3.89636,2.8682,1.028160,1,0,247.945,0,0,0,247.945,0
72.29,2.35163,0,0,4.98404,0.267925,2.36449,3.6288,61.308,0.658904,0,0,1.99352,0.219286,1.11533,0.66528,12.849,1,0.417985,2.36449,0,116.429,4.66859,113.707,0.84672,12.849,0.84672,3695.15,0,36.966,0.39729,1.97917,2.12931,9.25655,1.26759,11.7001,0.42336,36.966,0.42336,423.524,0,1.02816,0,0,3.00733,1.97917,1.028160,1,0,126.523,0,0,0,126.523,0
72.29,2.60618,0,0,6.228,0.278144,3.34367,3.6288,61.308,0.66528,0,0,2.61706,0.205654,1.74612,0.66528,12.849,1,0.463229,3.34367,0,136.928,4.2433,135.566,0.84672,12.849,0.84672,3695.15,0,36.966,0.600527,2.59293,2.1294,11.7666,1.12441,14.764,0.42336,36.966,0.42336,423.524,0,1.02816,0,0,3.62109,2.59293,1.028160,1,0,152.076,0,0,0,152.076,0
72.29,2.60632,0,0,8.17871,0.283613,5.28878,3.6288,61.308,0.66528,0,0,4.22019,0.259192,3.29572,0.66528,12.849,1,0.463253,5.28878,0,204.155,4.31686,204.664,0.84672,12.849,0.84672,3695.15,0,36.966,0.60062,3.62858,2.34753,17.7159,1.18495,21.9064,0.42336,36.966,0.42336,423.524,0,1.02816,0,0,4.65674,3.62858,1.028160,1,0,229.866,0,0,0,229.866,0
72.29,2.60645,0,0,8.44724,0.283613,5.55718,3.6288,61.308,0.66528,0,0,4.85006,0.259192,3.92559,0.66528,12.849,1,0.463277,5.55718,0,227.868,4.31686,228.645,0.84672,12.849,0.84672,3695.15,0,36.966,0.600713,4.00315,2.34763,18.0647,1.18495,22.6298,0.42336,36.966,0.42336,423.524,0,1.02816,0,0,5.03131,4.00315,1.028160,1,0,255.2,0,0,0,255.2,0
72.29,2.60658,0,0,6.8942,0.29712,3.9905,3.6288,61.308,0.66528,0,0,3.43729,0.257119,2.51489,0.66528,12.849,1,0.4633,3.9905,0,175.821,4.36922,174.979,0.84672,12.849,0.84672,3695.15,0,36.966,0.600806,2.86854,2.34773,13.805,1.18036,17.2401,0.42336,36.966,0.42336,423.524,0,1.02816,0,0,3.8967,2.86854,1.028160,1,0,194.734,0,0,0,194.734,0
72.29,2.24375,0,0,5.21999,0.322325,2.65391,3.6288,61.308,0.61445,0,0,2.82036,0.241952,1.96396,0.66528,12.849,1,0.39881,2.65391,0,120.961,4.41418,118.802,0.84672,12.849,0.84672,3695.15,0,36.966,0.370486,2.18786,2.34783,12.4847,1.10809,15.5418,0.42336,36.966,0.42336,423.524,0,1.02816,0,0,3.21602,2.18786,1.028160,1,0,136.308,0,0,0,136.308,0
72.29,2.24387,0,0,5.46131,0.310906,2.90653,3.6288,61.308,0.614499,0,0,2.5061,0.228642,1.66296,0.66528,12.849,1,0.398831,2.90653,0,152.537,4.29964,150.745,0.84672,12.849,0.84672,3695.15,0,36.966,0.370516,1.61587,2.05053,14.1767,1.02703,16.4455,0.42336,36.966,0.42336,423.524,0,1.02816,0,0,2.64403,1.61587,1.028160,1,0,168.853,0,0,0,168.853,0
72.29,2.24399,0,0,6.24775,0.310906,3.69286,3.6288,61.308,0.614549,0,0,4.49043,0.228642,3.64724,0.66528,12.849,1,0.398852,3.69286,0,171.787,4.29964,170.782,0.84672,12.849,0.84672,3695.15,0,36.966,0.370546,3.04798,2.05062,20.9255,1.02703,24.6265,0.42336,36.966,0.42336,423.524,0,1.02816,0,0,4.07614,3.04798,1.028160,1,0,199.056,0,0,0,199.056,0
72.29,2.2441,0,0,4.33781,0.310906,1.7828,3.6288,61.308,0.614599,0,0,2.35656,0.228642,1.51332,0.66528,12.849,1,0.398872,1.7828,0,117.136,4.29964,114.22,0.84672,12.849,0.84672,3695.15,0,36.966,0.370576,1.78338,2.05071,13.6199,1.02703,16.0564,0.42336,36.966,0.42336,423.524,0,1.02816,0,0,2.81154,1.78338,1.028160,1,0,131.79,0,0,0,131.79,0
72.29,2.24422,0,0,4.50859,0.310906,1.95347,3.6288,61.308,0.614649,0,0,4.37279,0.228642,3.5295,0.66528,12.849,1,0.398893,1.95347,0,150.343,4.29964,147.598,0.84672,12.849,0.84672,3695.15,0,36.966,0.370606,4.4941,2.0508,26.8928,1.02703,32.04,0.42336,36.966,0.42336,423.524,0,1.02816,0,0,5.52226,4.4941,1.028160,1,0,183.167,0,0,0,183.167,0
72.29,2.33572,0,0,3.95114,0.268305,1.34711,3.6288,61.308,0.657631,0,0,1.65521,0.201846,0.795731,0.66528,12.849,1,0.415157,1.34711,0,88.3025,4.51122,84.7233,0.84672,12.849,0.84672,3695.15,0,36.966,0.396523,0.947333,2.05088,7.01058,0.904142,8.70814,0.42336,36.966,0.42336,423.524,0,1.02816,0,0,1.97549,0.947333,1.028160,1,0,94.2271,0,0,0,94.2271,0
72.29,2.33584,0,0,4.02567,0.285063,1.40476,3.6288,61.308,0.657683,0,0,1.90113,0.224234,1.01921,0.66528,12.849,1,0.415178,1.40476,0,89.799,3.86368,86.9249,0.84672,12.849,0.84672,3695.15,0,36.966,0.396554,1.09973,2.12431,7.04929,0.903082,8.9737,0.42336,36.966,0.42336,423.524,0,1.02816,0,0,2.12789,1.09973,1.028160,1,0,96.9178,0,0,0,96.9178,0
72.29,2.33596,0,0,5.97164,0.285063,3.35061,3.6288,61.308,0.657735,0,0,2.78168,0.224234,1.89971,0.66528,12.849,1,0.4152,3.35061,0,137.433,3.86368,136.505,0.84672,12.849,0.84672,3695.15,0,36.966,0.396585,2.45886,2.1244,11.05,0.903082,14.3336,0.42336,36.966,0.42336,423.524,0,1.02816,0,0,3.48702,2.45886,1.028160,1,0,152.738,0,0,0,152.738,0
72.29,2.33609,0,0,4.55984,0.285063,1.93869,3.6288,61.308,0.657787,0,0,2.34118,0.224234,1.45916,0.66528,12.849,1,0.415221,1.93869,0,102.43,3.86368,100.09,0.84672,12.849,0.84672,3695.15,0,36.966,0.396616,1.50403,2.12449,8.89471,0.903082,11.2235,0.42336,36.966,0.42336,423.524,0,1.02816,0,0,2.53219,1.50403,1.028160,1,0,112.772,0,0,0,112.772,0
72.29,2.30047,0,0,3.23116,0.214531,0.716161,3.6288,61.308,0.652772,0,0,1.51526,0.228978,0.633508,0.66528,12.849,1,0.408891,0.716161,0,67.2211,3.67618,63.8522,0.84672,12.849,0.84672,3695.15,0,36.966,0.393592,0.528595,2.12458,5.12371,1.01813,6.36517,0.42336,36.966,0.42336,423.524,0,1.00955,0,0,1.53814,0.528595,1.028160,1,0,70.8509,0,0,0,70.8509,0
72.1002,2.30059,0,0,2.66001,0.186319,0.36288,3.6288,61.308,0.743521,0,0,1.4433,0.230875,0.468907,0.66528,12.849,1,0.408912,0.36288,0,56.3255,3.60118,52.6782,0.84672,12.849,0.84672,3695.15,0,36.966,0.44831,0.528595,2.09613,4.43241,1.06415,5.54468,0.42336,36.966,0.42336,423.524,0,0.864164,0,0,1.39276,0.528595,1.028160,1,0,58.6918,0,0,0,58.6918,0
71.966,2.29979,0,0,2.71454,0.186051,0.36288,3.6288,61.308,0.896919,0,0,1.24217,0.230875,0.114379,0.66528,12.849,1,0.409847,0.36288,0,54.3745,3.60118,50.7264,0.84672,12.849,0.84672,3695.15,0,36.966,0.540802,0.528595,2.09622,4.38391,1.06415,5.40378,0.42336,36.966,0.42336,423.524,0,0.618356,0,0,1.14695,0.528595,1.028160,1,0,56.2445,0,0,0,56.2445,0
71.9248,2.29927,0,0,2.77644,0.155525,0.36288,3.6288,61.308,0.786921,0,0,1.21474,0.245711,0.182108,0.66528,12.849,1,0.410517,0.36288,0,56.3502,4.77081,51.5317,0.84672,12.849,0.84672,3695.15,0,36.966,0.474479,0.402797,2.09631,5.45193,1.11026,6.3663,0.42336,36.966,0.42336,423.524,0,0.794759,0,0,1.19756,0.402797,1.028160,1,0,58.0801,0,0,0,58.0801,0
71.2664,2.42042,0,0,2.2507,0.125813,0.36288,3.6288,61.308,0.890239,0,0,1.16287,0.255395,0.0172323,0.66528,12.849,1,0.432396,0.36288,0,41.8697,5.14437,36.6558,0.84672,12.849,0.84672,3695.15,0,36.966,0.536775,0.402797,2.0964,4.08923,1.11454,4.93711,0.42336,36.966,0.42336,423.524,0,0.724049,0,0,1.12685,0.402797,1.028160,1,0,41.6102,0,0,0,41.6102,0
70.574,2.41716,0,0,2.16921,0.0815666,0.36288,3.6288,61.0635,1.03648,0,0,1.05678,0.264768,0,0.66528,12.849,1,0.435803,0.36288,0,45.4414,4.90865,40.4598,0.84672,12.849,0.84672,3695.15,0,36.966,0.624949,0.402797,2.19653,3.76203,1.07914,4.65726,0.42336,36.966,0.42336,423.524,0,0.489724,0,0,0.892521,0.402797,1.028160,1,0,45.1171,0,0,0,45.1171,0
69.7916,2.41367,0,0,2.07527,0.0811347,0.36288,3.6288,60.7533,1.05548,0,0,1.00961,0.264359,0,0.66528,12.849,1,0.439443,0.36288,0,41.8586,4.90865,36.8733,0.84672,12.849,0.84672,3695.15,0,36.966,0.638953,0.402797,2.19662,3.63829,1.07914,4.51961,0.42336,36.966,0.42336,423.524,0,0.456805,0,0,0.859602,0.402797,1.028160,1,0,41.393,0,0,0,41.393,0
68.9255,2.40963,0,0,1.98713,0.0806467,0.36288,3.6288,60.5903,0.925578,0,0,1.02637,0.263839,0,0.66528,12.849,1,0.443627,0.36288,0,39.9372,4.90865,34.9478,0.84672,12.849,0.84672,3695.15,0,36.966,0.563178,0.30119,2.19672,3.46407,1.07914,4.31966,0.42336,36.966,0.42336,423.524,0,0.662567,0,0,0.963757,0.30119,1.028160,1,0,39.2675,0,0,0,39.2675,0
67.8792,2.40506,0,0,1.83043,0.108857,0.36288,3.6288,60.3422,0.954231,0,0,0.961831,0.255702,0,0.66528,12.849,1,0.448348,0.36288,0,37.3338,4.40095,32.8474,0.84672,12.849,0.84672,3695.15,0,36.966,0.582174,0.30119,2.19681,3.17202,1.09873,3.98912,0.42336,36.966,0.42336,423.524,0,0.615004,0,0,0.916194,0.30119,1.028160,1,0,36.8365,0,0,0,36.8365,0
66.6273,2.37561,0,0,1.56495,0.0782911,0.36288,3.6288,60.3379,0.66528,0,0,0.935099,0.274053,0,0.66528,12.849,1,0.449684,0.36288,0,38.9187,5.43658,33.3953,0.84672,12.849,0.84672,3695.15,0,36.966,0.510183,0.590147,2.19691,4.25739,1.19701,5.33726,0.42336,36.966,0.42336,423.524,0,1.02816,0,0,1.61831,0.590147,1.028160,1,0,38.7326,0,0,0,38.7326,0
65.2774,2.36865,0,0,1.45907,0.0775217,0.36288,3.6288,60.2971,0.66528,0,0,0.898508,0.274046,0,0.66528,12.849,1,0.45679,0.36288,0,38.4039,5.43658,32.8734,0.84672,12.849,0.84672,3695.15,0,36.966,0.510272,0.52494,2.23198,4.35028,1.19701,5.39992,0.42336,36.966,0.42336,423.524,0,1.02816,0,0,1.5531,0.52494,1.028160,1,0,38.2734,0,0,0,38.2734,0
63.7986,2.36087,0,0,1.32171,0.076692,0.36288,3.6288,60.2164,0.66528,0,0,0.858583,0.273975,0,0.66528,12.849,1,0.464707,0.36288,0,37.7412,5.43658,32.2027,0.84672,12.849,0.84672,3695.15,0,36.966,0.51036,0.447751,2.23207,4.10975,1.19701,5.0822,0.42336,36.966,0.42336,423.524,0,1.02816,0,0,1.47591,0.447751,1.028160,1,0,37.285,0,0,0,37.285,0
62.2158,2.35203,0,0,1.20341,0.0713296,0.36288,3.6288,60.0784,0.66528,0,0,0.81197,0.284728,0,0.66528,12.849,1,0.473697,0.36288,0,33.2233,5.57773,27.5348,0.84672,12.849,0.84672,3695.15,0,36.966,0.510449,0.306772,2.23217,3.98884,1.24853,4.7688,0.42336,36.966,0.42336,423.524,0,1.02816,0,0,1.33493,0.306772,1.028160,1,0,32.3036,0,0,0,32.3036,0
60.5357,2.40267,0,0,1.14134,0.0558516,0.36288,3.6288,59.8674,0.66528,0,0,0.774999,0.320676,0,0.66528,12.849,1,0.496208,0.36288,0,29.5138,5.91427,23.4662,0.84672,12.849,0.84672,3695.15,0,36.966,0.557004,0.284196,2.23227,3.52043,1.47535,4.00454,0.42336,36.966,0.42336,423.524,0,1.02816,0,0,1.31236,0.284196,1.028160,1,0,27.4707,0,0,0,27.4707,0
58.7531,2.39144,0,0,1.03554,0.0638204,0.36288,3.6288,59.4958,0.77855,0,0,0.705318,0.298446,0,0.66528,12.849,1,0.507594,0.36288,0,27.0756,5.53151,21.3994,0.84672,12.849,0.84672,3695.15,0,36.966,0.557095,0.261274,2.28194,3.24118,1.41361,3.8137,0.42336,36.966,0.42336,423.524,0,0.91489,0,0,1.17616,0.261274,1.028160,1,0,25.2131,0,0,0,25.2131,0
56.8862,2.37892,0,0,0.93763,0.0627548,0.36288,3.6288,58.9741,0.897807,0,0,0.673903,0.297738,0,0.66528,12.849,1,0.520258,0.36288,0,25.4999,5.53151,19.811,0.84672,12.849,0.84672,3695.15,0,36.966,0.557827,0.261274,2.28204,3.01361,1.41361,3.58549,0.42336,36.966,0.42336,423.524,0,0.794992,0,0,1.05627,0.261274,1.028160,1,0,23.3965,0,0,0,23.3965,0
54.9295,2.36512,0,0,0.819979,0.0486897,0.36288,3.6288,58.4574,0.881453,0,0,0.669125,0.3044,0,0.66528,12.849,1,0.534214,0.36288,0,24.2814,5.75583,18.3543,0.84672,12.849,0.84672,3695.15,0,36.966,0.557277,0.227405,2.28214,3.04583,1.45843,3.53967,0.42336,36.966,0.42336,423.524,0,0.811987,0,0,1.03939,0.227405,1.028160,1,0,21.8939,0,0,0,21.8939,0
52.687,2.52312,0,0,0.698233,0.0547206,0.36288,3.6288,57.9975,0.838935,0,0,0.670844,0.291771,0,0.66528,12.849,1,0.590203,0.36288,0,22.5531,5.67066,16.6551,0.84672,12.849,0.84672,3695.15,0,36.966,0.725118,0.227405,2.28224,2.99852,1.33661,3.44643,0.42336,36.966,0.42336,423.524,0,0.854505,0,0,1.08191,0.227405,1.028160,1,0,20.1015,0,0,0,20.1015,0
50.3837,2.50305,0,0,0.612667,0.0500363,0.36288,3.6288,57.7272,0.66528,0,0,0.690932,0.295987,0,0.66528,12.849,1,0.610429,0.36288,0,19.2282,5.77101,13.2097,0.84672,12.849,0.84672,3695.15,0,36.966,0.725217,0.313718,2.45201,3.38944,1.49509,3.93486,0.42336,36.966,0.42336,423.524,0,1.02816,0,0,1.34188,0.313718,1.028160,1,0,17.1445,0,0,0,17.1445,0
48.1434,2.48094,0,0,0.652325,0.0488512,0.36288,3.6288,57.4517,0.66528,0,0,0.685273,0.29547,0,0.66528,12.849,1,0.632697,0.36288,0,17.9619,5.77101,11.921,0.84672,12.849,0.84672,3695.15,0,36.966,0.725316,0.292982,2.45212,3.57229,1.49509,4.09699,0.42336,36.966,0.42336,423.524,0,1.02816,0,0,1.32114,0.292982,1.028160,1,0,16.018,0,0,0,16.018,0
46.2459,2.45783,0,0,0.979093,0.0558714,0.36288,3.6288,57.3095,0.66528,0,0,0.815962,0.29285,0,0.66528,12.849,1,0.655971,0.36288,0,26.5238,5.71164,20.5191,0.84672,12.849,0.84672,3695.15,0,36.966,0.725415,0.55404,2.45223,3.79631,1.48781,4.58935,0.42336,36.966,0.42336,423.524,0,1.02816,0,0,1.5822,0.55404,1.028160,1,0,25.1085,0,0,0,25.1085,0
44.7578,2.43689,0,0,1.37868,0.0669958,0.36288,3.6288,57.4079,0.66528,0,0,1.04731,0.28371,0,0.66528,12.849,1,0.677068,0.36288,0,34.6203,5.71598,28.5901,0.84672,12.849,0.84672,3695.15,0,36.966,0.725514,0.629113,2.45233,4.17983,1.46754,5.06822,0.42336,36.966,0.42336,423.524,0,1.02816,0,0,1.65727,0.629113,1.028160,1,0,33.6584,0,0,0,33.6584,0
42.6438,2.33853,0,0,0.670591,0.0831711,0.36288,3.6288,56.496,1.03958,0,0,0.401269,0.273541,0,0.66528,12.849,1,0.671343,0.36288,0,19.2157,5.31665,13.5906,0.84672,12.849,0.84672,3695.15,0,36.966,0.669408,0.204422,2.45244,2.64239,1.25334,3.3765,0.42336,36.966,0.42336,423.524,0,0.608219,0,0,0.812641,0.204422,1.028160,1,0,16.9671,0,0,0,16.9671,0
40.7409,2.31308,0,0,0.858021,0.0849236,0.36288,3.6288,55.7977,0.955003,0,0,0.527306,0.270662,0,0.66528,12.849,1,0.696954,0.36288,0,15.4705,5.231,9.90546,0.84672,12.849,0.84672,3695.15,0,36.966,0.62487,0.204422,2.35433,3.37544,1.2179,4.09142,0.42336,36.966,0.42336,423.524,0,0.737433,0,0,0.941855,0.204422,1.028160,1,0,13.9969,0,0,0,13.9969,0
38.7903,2.28845,0,0,0.783717,0.0830508,0.36288,3.6288,54.88,1.04683,0,0,0.398633,0.26943,0,0.66528,12.849,1,0.721738,0.36288,0,17.4147,5.231,11.8248,0.84672,12.849,0.84672,3695.15,0,36.966,0.693527,0.216518,2.35443,2.7829,1.2179,3.44242,0.42336,36.966,0.42336,423.524,0,0.57704,0,0,0.793558,0.216518,1.028160,1,0,15.2673,0,0,0,15.2673,0
36.7675,2.2613,0,0,0.69431,0.092886,0.36288,3.6288,53.9608,1.05276,0,0,0.391159,0.257675,0,0.66528,12.849,1,0.74904,0.36288,0,18.5019,5.06298,13.0527,0.84672,12.849,0.84672,3695.15,0,36.966,0.709118,0.216518,2.35453,2.84759,1.17431,3.53521,0.42336,36.966,0.42336,423.524,0,0.555613,0,0,0.772131,0.216518,1.028160,1,0,16.5879,0,0,0,16.5879,0
34.7734,2.16746,0,0,0.707469,0.171239,0.36288,3.6288,53.1578,0.953995,0,0,0.337135,0.1861,0,0.66528,12.849,1,0.757454,0.36288,0,20.1017,4.35023,15.3569,0.84672,12.849,0.84672,3695.15,0,36.966,0.653538,0.216518,2.35463,2.89137,0.935799,3.87318,0.42336,36.966,0.42336,423.524,0,0.617337,0,0,0.833855,0.216518,1.028160,1,0,19.2301,0,0,0,19.2301,0
33.6444,2.13585,0,0,1.52081,0.151041,0.36288,3.6288,52.5616,0.80668,0,0,0.403892,0.193444,0,0.66528,12.849,1,0.789212,0.36288,0,39.9505,3.45303,36.0711,0.84672,12.849,0.84672,3695.15,0,36.966,0.560966,0.216518,2.26706,3.71424,0.888818,4.74804,0.42336,36.966,0.42336,423.524,0,0.857313,0,0,1.07383,0.216518,1.028160,1,0,40.8192,0,0,0,40.8192,0
33.9832,2.1168,0,0,2.96739,0.148967,0.36288,3.6288,52.4301,0.66528,0,0,0.726325,0.192522,0,0.66528,12.849,1,0.808418,0.36288,0,56.262,3.45303,52.3634,0.84672,12.849,0.84672,3695.15,0,36.966,0.531609,0.407108,2.26716,7.20142,0.888818,8.45527,0.42336,36.966,0.42336,423.524,0,1.02816,0,0,1.43527,0.407108,1.028160,1,0,60.8186,0,0,0,60.8186,0
33.7587,2.12276,0,0,2.41077,0.149589,0.36288,3.6288,52.4596,0.66528,0,0,0.887138,0.192319,0,0.66528,12.849,1,0.802612,0.36288,0,50.8783,3.45303,46.9855,0.84672,12.849,0.84672,3695.15,0,36.966,0.531699,1.25099,2.26726,6.54548,0.888818,8.64321,0.42336,36.966,0.42336,423.524,0,1.02816,0,0,2.27915,1.25099,1.028160,1,0,55.6287,0,0,0,55.6287,0
33.4149,1.94292,0,0,2.13182,0.169851,0.36288,3.6288,52.3365,0.588932,0,0,0.666303,0.200499,0,0.66528,12.849,1,0.7395,0.36288,0,54.0146,3.74119,49.8968,0.84672,12.849,0.84672,3695.15,0,36.966,0.414995,0.48704,2.26736,7.0197,0.952085,8.40701,0.42336,36.966,0.42336,423.524,0,1.02816,0,0,1.5152,0.48704,1.028160,1,0,58.3038,0,0,0,58.3038,0
33.3825,1.93752,0,0,2.45961,0.191576,0.36288,3.6288,53.0963,0.588407,0,0,1.55186,0.2036,0,0.66528,12.849,1,0.745035,0.36288,0,70.6096,4.65833,65.5691,0.84672,12.849,0.84672,3695.15,0,36.966,0.4156,2.92084,2.07268,10.264,1.14215,13.6997,0.42336,36.966,0.42336,423.524,0,1.02816,0,0,3.949,2.92084,1.028160,1,0,79.2689,0,0,0,79.2689,0
32.8781,1.9371,0,0,1.98705,0.191499,0.36288,3.6288,52.9589,0.591961,0,0,0.659375,0.204844,0,0.66528,12.849,1,0.745595,0.36288,0,59.4226,4.65833,54.3815,0.84672,12.849,0.84672,3695.15,0,36.966,0.412127,2.04295,2.07276,5.60885,1.14215,8.17029,0.42336,36.966,0.42336,423.524,0,1.02816,0,0,3.07111,2.04295,1.028160,1,0,62.5518,0,0,0,62.5518,0
32.4037,1.92898,0,0,2.00661,0.189109,0.36288,3.6288,52.5447,0.591379,0,0,0.388389,0.211258,0,0.66528,12.849,1,0.753859,0.36288,0,56.6767,4.68421,51.6015,0.84672,12.849,0.84672,3695.15,0,36.966,0.41279,0.732568,2.07285,6.02173,1.16213,7.25224,0.42336,36.966,0.42336,423.524,0,1.02816,0,0,1.76073,0.732568,1.028160,1,0,58.8537,0,0,0,58.8537,0
31.6832,1.92118,0,0,1.74439,0.180867,0.36288,3.6288,52.135,0.589516,0,0,0.43008,0.250261,0,0.66528,12.849,1,0.761801,0.36288,0,60.5017,4.83956,55.2632,0.84672,12.849,0.84672,3695.15,0,36.966,0.414734,0.564736,2.07294,3.45254,1.282,4.39349,0.42336,36.966,0.42336,423.524,0,1.02816,0,0,1.5929,0.564736,1.028160,1,0,59.6567,0,0,0,59.6567,0
34.0647,1.90885,0,0,4.8432,0.189984,0.36288,3.6288,52.9753,0.587609,0,0,1.66148,0.233559,0,0.66528,12.849,1,0.774127,0.36288,0,105.461,4.82763,100.222,0.84672,12.849,0.84672,3695.15,0,36.966,0.416641,1.79634,2.07303,11.736,1.26075,13.928,0.42336,36.966,0.42336,423.524,0,1.02816,0,0,2.8245,1.79634,1.028160,1,0,114.15,0,0,0,114.15,0
41.8453,2.01616,0,0,10.3598,0.200132,0.36288,3.6288,58.0786,0.624497,0,0,5.95654,0.228745,0,0.66528,12.849,1,0.760483,0.36288,0,237.455,4.82286,232.234,0.84672,12.849,0.84672,3695.15,0,36.966,0.435772,4.83084,2.07303,23.805,1.25225,29.0209,0.42336,36.966,0.42336,423.524,0,1.02816,0,0,5.859,4.83084,1.028160,1,0,261.255,0,0,0,261.255,0
45.853,2.12444,0,0,6.71452,0.219466,0.36288,3.6288,61.2859,0.64794,0,0,4.09204,0.236802,0,0.66528,12.849,1,0.652329,0.36288,0,265.688,4.82286,260.575,0.84672,12.849,0.84672,3695.15,0,36.966,0.412402,3.46961,2.13386,19.1664,1.25225,23.1052,0.42336,36.966,0.42336,423.524,0,1.02816,0,0,4.49777,3.46961,1.028160,1,0,283.681,0,0,0,283.681,0
49.7737,2.16907,0,0,6.6915,0.238842,0.36288,3.6288,61.308,0.661447,0,0,4.27877,0.229548,3.36565,0.66528,12.849,1,0.60782,0.36288,0,178.475,4.58783,173.642,0.84672,12.849,0.84672,3695.15,0,36.966,0.398967,3.72387,2.13394,20.2609,1.19255,24.5272,0.42336,36.966,0.42336,423.524,0,1.02816,0,0,4.75203,3.72387,1.028160,1,0,201.535,0,0,0,201.535,0
56.9317,2.20723,0,0,9.99251,0.264399,0.36288,3.6288,61.308,0.661583,0,0,4.84307,0.211984,3.9695,0.66528,12.849,1,0.569792,0.36288,0,209.407,4.13659,205.063,0.84672,12.849,0.84672,3695.15,0,36.966,0.398905,4.47811,2.13402,23.7201,1.14668,28.7866,0.42336,36.966,0.42336,423.524,0,1.02816,0,0,5.50627,4.47811,1.028160,1,0,237.819,0,0,0,237.819,0
61.6104,2.51084,0,0,7.84348,0.29106,0.36288,3.6288,61.308,0.66528,0,0,6.00983,0.208514,5.13603,0.66528,12.849,1,0.566675,0.36288,0,229.445,3.79197,225.449,0.84672,12.849,0.84672,3695.15,0,36.966,0.605314,3.08236,2.1341,20.7361,1.23103,24.1162,0.42336,36.966,0.42336,423.524,0,1.02816,0,0,4.11052,3.08236,1.028160,1,0,254.701,0,0,0,254.701,0
64.1909,2.54656,0,0,5.79805,0.308178,0.36288,3.6288,61.308,0.66528,0,0,4.38701,0.18225,3.53948,0.66528,12.849,1,0.531092,0.36288,0,147.798,3.33828,144.291,0.84672,12.849,0.84672,3695.15,0,36.966,0.605396,1.39461,2.35274,12.3997,1.10094,14.4407,0.42336,36.966,0.42336,423.524,0,1.02816,0,0,2.42277,1.39461,1.028160,1,0,162.271,0,0,0,162.271,0
66.435,2.56447,0,0,5.4447,0.273241,0.36288,3.6288,61.308,0.66528,0,0,3.68144,0.248407,2.76776,0.66528,12.849,1,0.513326,0.36288,0,113.524,4.53385,108.839,0.84672,12.849,0.84672,3695.15,0,36.966,0.605477,1.33515,2.35283,13.2316,1.25485,15.0592,0.42336,36.966,0.42336,423.524,0,1.02816,0,0,2.36331,1.33515,1.028160,1,0,126.666,0,0,0,126.666,0
69.2756,2.57911,0,0,6.07208,0.289455,0.36288,3.6288,61.308,0.66528,0,0,4.19024,0.231594,3.29337,0.66528,12.849,1,0.498819,0.36288,0,201.895,4.2962,197.463,0.84672,12.849,0.84672,3695.15,0,36.966,0.605559,2.01956,2.35292,17.1774,1.17908,19.7652,0.42336,36.966,0.42336,423.524,0,1.02816,0,0,3.04772,2.01956,1.028160,1,0,220.522,0,0,0,220.522,0
72.29,2.23503,0,0,8.03166,0.29204,2.4902,3.6288,61.308,0.61699,0,0,3.41641,0.206248,2.59317,0.66528,12.849,1,0.414545,2.4902,0,268.853,3.70744,267.221,0.84672,12.849,0.84672,3695.15,0,36.966,0.372018,2.00153,2.35301,23.003,0.971442,26.0141,0.42336,36.966,0.42336,423.524,0,1.02816,0,0,3.02969,2.00153,1.028160,1,0,295.828,0,0,0,295.828,0
72.29,2.24981,0,0,11.4389,0.298876,8.89024,3.6288,61.308,0.617034,0,0,4.7088,0.206248,3.88552,0.66528,12.849,1,0.399886,8.89024,0,228.109,3.70744,232.892,0.84672,12.849,0.84672,3695.15,0,36.966,0.372044,4.22816,2.05499,31.0901,0.971442,36.0298,0.42336,36.966,0.42336,423.524,0,1.02816,0,0,5.25632,4.22816,1.028160,1,0,272.807,0,0,0,272.807,0
72.29,2.24991,0,0,15.1546,0.299142,12.6056,3.6288,61.308,0.617077,0,0,7.42955,0.194894,6.61758,0.66528,12.849,1,0.399904,12.6056,0,247.693,3.65535,256.244,0.84672,12.849,0.84672,3695.15,0,36.966,0.37207,4.72143,2.05507,40.0884,0.952668,45.5402,0.42336,36.966,0.42336,423.524,0,1.02816,0,0,5.74959,4.72143,1.028160,1,0,308.401,0,0,0,308.401,0
72.29,2.25001,0,0,9.48853,0.300739,6.93778,3.6288,61.308,0.617121,0,0,2.57283,0.126766,1.82894,0.66528,12.849,1,0.399923,6.93778,0,198.738,3.34278,201.933,0.84672,12.849,0.84672,3695.15,0,36.966,0.372097,1.92031,2.05515,22.4848,0.84002,25.2482,0.42336,36.966,0.42336,423.524,0,1.02816,0,0,2.94847,1.92031,1.028160,1,0,229.01,0,0,0,229.01,0
72.29,2.25011,0,0,4.61866,0.318553,2.04999,3.6288,61.308,0.631163,0,0,1.87515,0.145615,1.09837,0.66528,12.849,1,0.399941,2.04999,0,64.8431,2.80777,63.6854,0.84672,12.849,0.84672,3695.15,0,36.966,0.380563,0.558835,2.05522,10.5265,0.595263,12.1648,0.42336,36.966,0.42336,423.524,0,1.00572,0,0,1.56456,0.558835,1.028160,1,0,76.9485,0,0,0,76.9485,0
72.29,2.34182,0,0,5.97717,0.317963,3.31739,3.6288,61.308,0.660242,0,0,2.86481,0.165248,2.03932,0.66528,12.849,1,0.41624,3.31739,0,92.0519,2.99712,91.956,0.84672,12.849,0.84672,3695.15,0,36.966,0.398097,1.08556,2.0553,14.0993,0.72039,16.1216,0.42336,36.966,0.42336,423.524,0,1.02816,0,0,2.11372,1.08556,1.028160,1,0,110.117,0,0,0,110.117,0
72.29,2.34192,0,0,3.97555,0.317963,1.31566,3.6288,61.308,0.721734,0,0,2.10247,0.165248,1.21549,0.66528,12.849,1,0.416259,1.31566,0,49.182,2.99712,47.0843,0.84672,12.849,0.84672,3695.15,0,36.966,0.435174,0.528595,2.12889,10.8651,0.72039,12.3671,0.42336,36.966,0.42336,423.524,0,0.929664,0,0,1.45826,0.528595,1.028160,1,0,60.6668,0,0,0,60.6668,0
72.29,2.34203,0,0,5.25373,0.317963,2.59374,3.6288,61.308,0.660333,0,0,4.07697,0.165248,3.25138,0.66528,12.849,1,0.416278,2.59374,0,100.086,2.99712,99.2661,0.84672,12.849,0.84672,3695.15,0,36.966,0.398151,1.88619,2.12897,19.5969,0.72039,22.4935,0.42336,36.966,0.42336,423.524,0,1.02816,0,0,2.91435,1.88619,1.028160,1,0,125.011,0,0,0,125.011,0
72.29,2.34214,0,0,3.6275,0.292489,0.992879,3.6288,61.308,0.660379,0,0,2.14072,0.185904,1.29444,0.66528,12.849,1,0.416297,0.992879,0,62.3002,3.46986,59.4069,0.84672,12.849,0.84672,3695.15,0,36.966,0.398179,0.636172,2.12905,11.6501,0.865075,13.1521,0.42336,36.966,0.42336,423.524,0,1.02816,0,0,1.66433,0.636172,1.028160,1,0,73.8534,0,0,0,73.8534,0
72.29,2.30642,0,0,3.02036,0.273384,0.440557,3.6288,61.308,0.643708,0,0,1.54558,0.201396,0.700472,0.66528,12.849,1,0.409949,0.440557,0,52.056,3.82441,48.2622,0.84672,12.849,0.84672,3695.15,0,36.966,0.388127,0.52996,2.12913,8.74601,0.973589,10.0434,0.42336,36.966,0.42336,423.524,0,1.02816,0,0,1.55812,0.52996,1.028160,1,0,59.0061,0,0,0,59.0061,0
72.29,2.30653,0,0,4.76358,0.265773,2.19128,3.6288,61.308,0.643752,0,0,1.97518,0.203181,1.12825,0.66528,12.849,1,0.409968,2.19128,0,68.3068,3.8786,66.2095,0.84672,12.849,0.84672,3695.15,0,36.966,0.388154,0.897843,2.1006,8.66272,0.963559,10.3095,0.42336,36.966,0.42336,423.524,0,1.02816,0,0,1.926,0.897843,1.028160,1,0,77.6472,0,0,0,77.6472,0
72.29,2.30663,0,0,2.92615,0.220106,0.399415,3.6288,61.308,0.643797,0,0,1.57231,0.213891,0.714619,0.66528,12.849,1,0.409986,0.399415,0,51.5183,4.20368,47.3041,0.84672,12.849,0.84672,3695.15,0,36.966,0.388181,0.504973,2.10068,7.61141,0.903381,8.9255,0.42336,36.966,0.42336,423.524,0,1.02816,0,0,1.53313,0.504973,1.028160,1,0,56.9442,0,0,0,56.9442,0
72.1043,2.30674,0,0,2.69662,0.212731,0.36288,3.6288,61.308,0.661732,0,0,1.39623,0.221546,0.512955,0.66528,12.849,1,0.410005,0.36288,0,46.8641,4.3044,42.5126,0.84672,12.849,0.84672,3695.15,0,36.966,0.398995,0.402797,2.10076,6.85817,0.935566,8.02717,0.42336,36.966,0.42336,423.524,0,0.999484,0,0,1.40228,0.402797,1.028160,1,0,51.0527,0,0,0,51.0527,0
72.29,2.42751,0,0,3.24048,0.168243,0.459009,3.6288,61.308,0.66528,0,0,1.45337,0.267473,0.520616,0.66528,12.849,1,0.432582,0.459009,0,57.4005,4.90875,52.5182,0.84672,12.849,0.84672,3695.15,0,36.966,0.461883,0.579537,2.10084,7.37623,1.12868,8.46604,0.42336,36.966,0.42336,423.524,0,1.02816,0,0,1.6077,0.579537,1.028160,1,0,61.5049,0,0,0,61.5049,0
72.2493,2.42856,0,0,2.9192,0.16848,0.36288,3.6288,61.308,0.66528,0,0,1.35354,0.267473,0.42079,0.66528,12.849,1,0.431658,0.36288,0,53.3839,4.90875,48.4064,0.84672,12.849,0.84672,3695.15,0,36.966,0.461958,0.451604,2.20118,6.8027,1.12868,7.86486,0.42336,36.966,0.42336,423.524,0,1.02816,0,0,1.47976,0.451604,1.028160,1,0,56.692,0,0,0,56.692,0
72.1199,2.42846,0,0,2.83035,0.168428,0.36288,3.6288,61.308,0.678655,0,0,1.23782,0.267473,0.291691,0.66528,12.849,1,0.431884,0.36288,0,49.0779,4.90875,44.1001,0.84672,12.849,0.84672,3695.15,0,36.966,0.462034,0.30119,2.20127,6.32724,1.12868,7.23899,0.42336,36.966,0.42336,423.524,0,1.01479,0,0,1.31598,0.30119,1.028160,1,0,51.6308,0,0,0,51.6308,0
71.7085,2.42792,0,0,2.51893,0.139508,0.36288,3.6288,61.308,0.734003,0,0,1.17489,0.286359,0.154531,0.66528,12.849,1,0.432562,0.36288,0,43.4175,5.12295,38.2248,0.84672,12.849,0.84672,3695.15,0,36.966,0.46211,0.30119,2.20135,6.155,1.1834,7.01202,0.42336,36.966,0.42336,423.524,0,0.959437,0,0,1.26063,0.30119,1.028160,1,0,45.3914,0,0,0,45.3914,0
71.3968,2.42592,0,0,2.60405,0.126924,0.36288,3.6288,61.308,0.66528,0,0,1.42474,0.295805,0.463651,0.66528,12.849,1,0.434686,0.36288,0,44.3311,5.5428,38.7165,0.84672,12.849,0.84672,3695.15,0,36.966,0.462186,1.02622,2.20143,6.39386,1.22142,7.93791,0.42336,36.966,0.42336,423.524,0,1.02816,0,0,2.05438,1.02622,1.028160,1,0,47.118,0,0,0,47.118,0
71.0224,2.40041,0,0,2.49185,0.102958,0.36288,3.6288,61.308,0.66528,0,0,1.3433,0.330386,0.347638,0.66528,12.849,1,0.431993,0.36288,0,43.039,5.62398,37.3459,0.84672,12.849,0.84672,3695.15,0,36.966,0.514508,1.08141,2.20151,6.36507,1.33808,7.7954,0.42336,36.966,0.42336,423.524,0,1.02816,0,0,2.10957,1.08141,1.028160,1,0,45.489,0,0,0,45.489,0
70.531,2.39859,0,0,2.3685,0.0984729,0.36288,3.6288,61.308,0.66528,0,0,1.30428,0.336281,0.302716,0.66528,12.849,1,0.433941,0.36288,0,39.5598,5.63031,33.8584,0.84672,12.849,0.84672,3695.15,0,36.966,0.514586,1.00911,2.23665,6.16726,1.35761,7.54082,0.42336,36.966,0.42336,423.524,0,1.02816,0,0,2.03727,1.00911,1.028160,1,0,41.702,0,0,0,41.702,0
69.8795,2.39614,0,0,2.20565,0.0981021,0.36288,3.6288,61.308,0.66528,0,0,1.13818,0.336281,0.136621,0.66528,12.849,1,0.436518,0.36288,0,36.7692,5.63031,31.0653,0.84672,12.849,0.84672,3695.15,0,36.966,0.514664,0.922087,2.23674,5.84206,1.35761,7.12861,0.42336,36.966,0.42336,423.524,0,1.02816,0,0,1.95025,0.922087,1.028160,1,0,38.3305,0,0,0,38.3305,0
69.2486,2.39281,0,0,2.21682,0.0920572,0.36288,3.6288,61.308,0.66528,0,0,1.1201,0.333588,0.12123,0.66528,12.849,1,0.439976,0.36288,0,38.4158,5.80226,32.5364,0.84672,12.849,0.84672,3695.15,0,36.966,0.514742,0.862212,2.23682,5.42106,1.4039,6.60145,0.42336,36.966,0.42336,423.524,0,1.02816,0,0,1.89037,0.862212,1.028160,1,0,39.2591,0,0,0,39.2591,0
68.6446,2.45126,0,0,2.29447,0.0842397,0.36288,3.6288,61.308,0.66528,0,0,1.20542,0.329998,0.21014,0.66528,12.849,1,0.454829,0.36288,0,39.4576,6.03151,33.3341,0.84672,12.849,0.84672,3695.15,0,36.966,0.56139,0.933906,2.23691,5.13962,1.46561,6.28343,0.42336,36.966,0.42336,423.524,0,1.02816,0,0,1.96207,0.933906,1.028160,1,0,39.8277,0,0,0,39.8277,0
67.8138,2.448,0,0,2.06384,0.0838446,0.36288,3.6288,61.308,0.66528,0,0,1.13067,0.329998,0.135395,0.66528,12.849,1,0.45822,0.36288,0,37.1866,6.03151,31.0598,0.84672,12.849,0.84672,3695.15,0,36.966,0.56147,0.871214,2.28668,5.24687,1.46561,6.37769,0.42336,36.966,0.42336,423.524,0,1.02816,0,0,1.89937,0.871214,1.028160,1,0,37.5729,0,0,0,37.5729,0
66.8024,2.44339,0,0,1.8782,0.083301,0.36288,3.6288,61.308,0.66528,0,0,1.08469,0.329998,0.0894131,0.66528,12.849,1,0.462961,0.36288,0,34.9276,6.03151,28.796,0.84672,12.849,0.84672,3695.15,0,36.966,0.56155,0.691788,2.28677,4.87784,1.46561,5.82924,0.42336,36.966,0.42336,423.524,0,1.02816,0,0,1.71995,0.691788,1.028160,1,0,34.7147,0,0,0,34.7147,0
65.5594,2.43762,0,0,1.62522,0.0677342,0.36288,3.6288,61.308,0.66528,0,0,1.08014,0.337065,0.0777937,0.66528,12.849,1,0.468861,0.36288,0,33.3249,6.27333,26.9456,0.84672,12.849,0.84672,3695.15,0,36.966,0.56163,0.672952,2.28686,4.94295,1.49566,5.84547,0.42336,36.966,0.42336,423.524,0,1.02816,0,0,1.70111,0.672952,1.028160,1,0,32.8689,0,0,0,32.8689,0
64.5748,2.6095,0,0,2.04076,0.0529111,0.36288,3.6288,61.308,0.66528,0,0,1.17216,0.349353,0.15753,0.66528,12.849,1,0.511436,0.36288,0,39.5092,5.90492,33.4557,0.84672,12.849,0.84672,3695.15,0,36.966,0.729833,0.447396,2.28694,4.68965,1.52985,5.1643,0.42336,36.966,0.42336,423.524,0,1.02816,0,0,1.47556,0.447396,1.028160,1,0,38.7775,0,0,0,38.7775,0
63.4652,2.60311,0,0,1.91391,0.0575567,0.36288,3.6288,61.308,0.66528,0,0,1.15474,0.332971,0.156485,0.66528,12.849,1,0.517962,0.36288,0,36.5673,6.02889,30.3834,0.84672,12.849,0.84672,3695.15,0,36.966,0.72992,1.04926,2.45708,5.29569,1.57788,6.49423,0.42336,36.966,0.42336,423.524,0,1.02816,0,0,2.07742,1.04926,1.028160,1,0,37.0341,0,0,0,37.0341,0
62.25,2.59569,0,0,1.80046,0.057042,0.36288,3.6288,61.308,0.66528,0,0,1.11147,0.332971,0.113216,0.66528,12.849,1,0.525517,0.36288,0,37.5986,6.02889,31.4071,0.84672,12.849,0.84672,3695.15,0,36.966,0.730007,1.3343,2.45718,4.89776,1.57788,6.38135,0.42336,36.966,0.42336,423.524,0,1.02816,0,0,2.36246,1.3343,1.028160,1,0,37.9016,0,0,0,37.9016,0
60.9965,2.58731,0,0,1.7531,0.0564783,0.36288,3.6288,61.308,0.66528,0,0,1.11193,0.332971,0.113682,0.66528,12.849,1,0.534045,0.36288,0,35.2127,6.02889,29.0126,0.84672,12.849,0.84672,3695.15,0,36.966,0.730093,1.301,2.45727,4.8984,1.57788,6.3487,0.42336,36.966,0.42336,423.524,0,1.02816,0,0,2.32916,1.301,1.028160,1,0,35.475,0,0,0,35.475,0
59.9902,2.57836,0,0,1.98257,0.0475904,0.36288,3.6288,61.308,0.66528,0,0,1.17984,0.308682,0.205874,0.66528,12.849,1,0.543135,0.36288,0,42.3866,5.67549,36.5309,0.84672,12.849,0.84672,3695.15,0,36.966,0.73018,1.2698,2.45736,5.60885,1.49856,7.10728,0.42336,36.966,0.42336,423.524,0,1.02816,0,0,2.29796,1.2698,1.028160,1,0,43.844,0,0,0,43.844,0
60.0559,2.48493,0,0,2.95733,0.0438814,0.36288,3.6288,61.308,0.66528,0,0,1.70205,0.298966,0.737808,0.66528,12.849,1,0.532234,0.36288,0,33.1163,5.53413,27.4128,0.84672,12.849,0.84672,3695.15,0,36.966,0.628201,2.65275,2.45746,7.98273,1.46684,10.9979,0.42336,36.966,0.42336,423.524,0,1.02816,0,0,3.68091,2.65275,1.028160,1,0,39.1485,0,0,0,39.1485,0
59.0451,2.48552,0,0,1.88156,0.043909,0.36288,3.6288,61.308,0.66528,0,0,1.19701,0.298966,0.232766,0.66528,12.849,1,0.531778,0.36288,0,50.5456,5.53413,44.8425,0.84672,12.849,0.84672,3695.15,0,36.966,0.628284,1.93346,2.35912,5.47303,1.46684,7.67049,0.42336,36.966,0.42336,423.524,0,1.02816,0,0,2.96162,1.93346,1.028160,1,0,52.7458,0,0,0,52.7458,0
57.7034,2.47815,0,0,1.54283,0.0434848,0.36288,3.6288,61.308,0.66528,0,0,1.09309,0.298966,0.128844,0.66528,12.849,1,0.539279,0.36288,0,29.323,5.53413,23.6124,0.84672,12.849,0.84672,3695.15,0,36.966,0.628366,1.01381,2.35921,3.91107,1.46684,5.18888,0.42336,36.966,0.42336,423.524,0,1.02816,0,0,2.04197,1.01381,1.028160,1,0,28.9301,0,0,0,28.9301,0
57.0107,2.46801,0,0,2.25512,0.116977,0.36288,3.6288,61.308,0.66528,0,0,1.37416,0.274577,0.4343,0.66528,12.849,1,0.549559,0.36288,0,49.3749,4.80012,44.3881,0.84672,12.849,0.84672,3695.15,0,36.966,0.628449,1.67527,2.35929,6.08649,1.28597,8.20663,0.42336,36.966,0.42336,423.524,0,1.02816,0,0,2.70343,1.67527,1.028160,1,0,53.0291,0,0,0,53.0291,0
59.014,2.39268,0,0,4.92542,0.166507,0.36288,3.6288,61.308,0.66528,0,0,1.58696,0.212767,0.708914,0.66528,12.849,1,0.539259,0.36288,0,71.9574,3.92658,67.8544,0.84672,12.849,0.84672,3695.15,0,36.966,0.535611,2.16397,2.35938,7.38547,1.01334,10.3599,0.42336,36.966,0.42336,423.524,0,1.02816,0,0,3.19213,2.16397,1.028160,1,0,78.9232,0,0,0,78.9232,0
60.8147,2.40782,0,0,4.74119,0.169791,0.36288,3.6288,61.308,0.66528,0,0,1.24063,0.212767,0.362588,0.66528,12.849,1,0.524249,0.36288,0,69.1088,3.92658,65.0208,0.84672,12.849,0.84672,3695.15,0,36.966,0.53569,1.96177,2.27161,10.5815,1.01334,13.2658,0.42336,36.966,0.42336,423.524,0,1.02816,0,0,2.98993,1.96177,1.028160,1,0,78.6492,0,0,0,78.6492,0
62.2852,2.42074,0,0,4.42675,0.172639,0.36288,3.6288,61.308,0.66528,0,0,2.41848,0.212767,1.54044,0.66528,12.849,1,0.511457,0.36288,0,82.3997,3.92658,78.3245,0.84672,12.849,0.84672,3695.15,0,36.966,0.535769,3.05488,2.2717,9.9906,1.01334,13.7681,0.42336,36.966,0.42336,423.524,0,1.02816,0,0,4.08304,3.05488,1.028160,1,0,93.633,0,0,0,93.633,0
63.9445,2.43086,0,0,4.63743,0.184373,0.36288,3.6288,61.308,0.66528,0,0,1.83834,0.215841,0.957221,0.66528,12.849,1,0.50147,0.36288,0,65.6917,3.68964,61.8634,0.84672,12.849,0.84672,3695.15,0,36.966,0.535848,2.74746,2.27178,12.9186,0.962942,16.4391,0.42336,36.966,0.42336,423.524,0,1.02816,0,0,3.77562,2.74746,1.028160,1,0,79.2597,0,0,0,79.2597,0
65.4005,2.23895,0,0,4.31206,0.25427,0.36288,3.6288,61.308,0.628619,0,0,1.85625,0.222536,1.0051,0.66528,12.849,1,0.449894,0.36288,0,117.933,4.42575,113.421,0.84672,12.849,0.84672,3695.15,0,36.966,0.37903,1.91716,2.27187,10.3061,1.15739,12.9587,0.42336,36.966,0.42336,423.524,0,1.02816,0,0,2.94532,1.91716,1.028160,1,0,127.384,0,0,0,127.384,0
67.6854,2.24742,0,0,5.15245,0.257269,0.36288,3.6288,61.308,0.628664,0,0,2.19353,0.222536,1.34233,0.66528,12.849,1,0.441543,0.36288,0,116.341,4.42575,111.837,0.84672,12.849,0.84672,3695.15,0,36.966,0.379056,3.00673,2.07676,11.644,1.15739,15.191,0.42336,36.966,0.42336,423.524,0,1.02816,0,0,4.03489,3.00673,1.028160,1,0,128.37,0,0,0,128.37,0
72.29,2.26005,0,0,8.15618,0.261975,1.02952,3.6288,61.308,0.628708,0,0,2.13881,0.222536,1.28757,0.66528,12.849,1,0.429035,1.02952,0,118.022,4.42575,114.196,0.84672,12.849,0.84672,3695.15,0,36.966,0.379083,3.57318,2.07683,11.7966,1.15739,15.9102,0.42336,36.966,0.42336,423.524,0,1.02816,0,0,4.60134,3.57318,1.028160,1,0,131.394,0,0,0,131.394,0
72.29,2.28336,0,0,8.86084,0.268911,6.30857,3.6288,61.308,0.628752,0,0,2.62263,0.220347,1.77353,0.66528,12.849,1,0.40585,6.30857,0,119.433,4.15772,121.178,0.84672,12.849,0.84672,3695.15,0,36.966,0.37911,3.44912,2.07691,13.5865,1.12402,17.6094,0.42336,36.966,0.42336,423.524,0,1.02816,0,0,4.47728,3.44912,1.028160,1,0,140.561,0,0,0,140.561,0
72.29,2.28346,0,0,7.39649,0.291403,4.82162,3.6288,61.308,0.628796,0,0,2.54051,0.225778,1.68593,0.66528,12.849,1,0.405868,4.82162,0,114.515,3.58677,115.344,0.84672,12.849,0.84672,3695.15,0,36.966,0.379136,2.6821,2.07699,11.9657,1.04911,15.2966,0.42336,36.966,0.42336,423.524,0,1.02816,0,0,3.71026,2.6821,1.028160,1,0,132.326,0,0,0,132.326,0
72.29,2.36315,0,0,4.78087,0.280256,2.13746,3.6288,61.308,0.663811,0,0,1.0854,0.242401,0.179187,0.66528,12.849,1,0.420031,2.13746,0,89.1268,3.73338,87.1108,0.84672,12.849,0.84672,3695.15,0,36.966,0.400249,1.22023,2.07707,7.73038,1.0019,9.62553,0.42336,36.966,0.42336,423.524,0,1.02816,0,0,2.24839,1.22023,1.028160,1,0,96.9156,0,0,0,96.9156,0
72.29,2.36324,0,0,4.43152,0.280256,1.78802,3.6288,61.308,0.663851,0,0,1.11693,0.242401,0.210676,0.66528,12.849,1,0.420048,1.78802,0,77.5996,3.73338,75.2342,0.84672,12.849,0.84672,3695.15,0,36.966,0.400272,1.3952,2.13802,7.59076,1.0019,9.7218,0.42336,36.966,0.42336,423.524,0,1.02816,0,0,2.42336,1.3952,1.028160,1,0,85.1666,0,0,0,85.1666,0
72.29,2.36333,0,0,4.51033,0.280256,1.86675,3.6288,61.308,0.66389,0,0,1.58748,0.242401,0.681188,0.66528,12.849,1,0.420064,1.86675,0,75.2432,3.73338,72.9565,0.84672,12.849,0.84672,3695.15,0,36.966,0.400296,1.43736,2.13809,10.0147,1.0019,12.188,0.42336,36.966,0.42336,423.524,0,1.02816,0,0,2.46552,1.43736,1.028160,1,0,85.8256,0,0,0,85.8256,0
72.29,2.36342,0,0,6.388,0.293325,3.73125,3.6288,61.308,0.663929,0,0,1.74626,0.191199,0.891129,0.66528,12.849,1,0.42008,3.73125,0,127.966,3.41274,127.865,0.84672,12.849,0.84672,3695.15,0,36.966,0.40032,1.81566,2.13815,8.69849,0.907685,11.3443,0.42336,36.966,0.42336,423.524,0,1.02816,0,0,2.84382,1.81566,1.028160,1,0,140.1,0,0,0,140.1,0
72.29,2.61909,0,0,6.61094,0.289272,3.70258,3.6288,61.308,0.66528,0,0,1.34242,0.198729,0.478414,0.66528,12.849,1,0.465523,3.70258,0,120.41,3.5658,120.081,0.84672,12.849,0.84672,3695.15,0,36.966,0.609506,1.86081,2.13822,13.9055,0.838118,16.4569,0.42336,36.966,0.42336,423.524,0,1.02816,0,0,2.88897,1.86081,1.028160,1,0,137.016,0,0,0,137.016,0
72.29,2.61919,0,0,6.02431,0.289272,3.11585,3.6288,61.308,0.66528,0,0,1.34577,0.198729,0.481758,0.66528,12.849,1,0.465541,3.11585,0,143.983,3.5658,143.068,0.84672,12.849,0.84672,3695.15,0,36.966,0.609576,1.62609,2.35731,12.2526,0.838118,14.7884,0.42336,36.966,0.42336,423.524,0,1.02816,0,0,2.65425,1.62609,1.028160,1,0,158.338,0,0,0,158.338,0
72.29,2.61929,0,0,5.63852,0.289272,2.72996,3.6288,61.308,0.66528,0,0,1.70546,0.198729,0.84145,0.66528,12.849,1,0.465559,2.72996,0,123.86,3.5658,122.559,0.84672,12.849,0.84672,3695.15,0,36.966,0.609647,2.03767,2.35739,9.75611,0.838118,12.7034,0.42336,36.966,0.42336,423.524,0,1.02816,0,0,3.06583,2.03767,1.028160,1,0,136.104,0,0,0,136.104,0
72.29,2.61939,0,0,4.57783,0.279057,1.67938,3.6288,61.308,0.66528,0,0,1.46981,0.229124,0.575407,0.66528,12.849,1,0.465577,1.67938,0,152.137,4.37888,148.972,0.84672,12.849,0.84672,3695.15,0,36.966,0.609717,1.4471,2.35747,11.2846,1.09261,13.3869,0.42336,36.966,0.42336,423.524,0,1.02816,0,0,2.47526,1.4471,1.028160,1,0,162.934,0,0,0,162.934,0
72.29,2.25491,0,0,5.25851,0.326855,2.67675,3.6288,61.308,0.619211,0,0,1.76607,0.17912,0.967736,0.66528,12.849,1,0.400793,2.67675,0,108.582,3.75364,107.105,0.84672,12.849,0.84672,3695.15,0,36.966,0.373357,2.52984,2.35754,13.5983,0.897702,17.2146,0.42336,36.966,0.42336,423.524,0,1.02816,0,0,3.558,2.52984,1.028160,1,0,125.287,0,0,0,125.287,0
72.29,2.255,0,0,4.69288,0.326855,2.11103,3.6288,61.308,0.619249,0,0,1.18583,0.17912,0.387462,0.66528,12.849,1,0.400809,2.11103,0,88.3345,3.75364,86.2911,0.84672,12.849,0.84672,3695.15,0,36.966,0.37338,1.3075,2.05889,9.99769,0.897702,12.093,0.42336,36.966,0.42336,423.524,0,1.02816,0,0,2.33566,1.3075,1.028160,1,0,98.7715,0,0,0,98.7715,0
72.29,2.25509,0,0,3.29086,0.326855,0.708922,3.6288,61.308,0.619287,0,0,0.936913,0.17912,0.138506,0.66528,12.849,1,0.400825,0.708922,0,89.303,3.75364,85.8575,0.84672,12.849,0.84672,3695.15,0,36.966,0.373402,0.825699,2.05896,8.46772,0.897702,10.0813,0.42336,36.966,0.42336,423.524,0,1.02816,0,0,1.85386,0.825699,1.028160,1,0,96.0773,0,0,0,96.0773,0
72.29,2.25517,0,0,2.95218,0.281543,0.415467,3.6288,61.0558,0.719876,0,0,0.622699,0.155055,0,0.66528,12.849,1,0.40084,0.415467,0,74.9866,3.40487,71.5963,0.84672,12.849,0.84672,3695.15,0,36.966,0.434053,0.558835,2.05903,7.47585,0.8476,8.81205,0.42336,36.966,0.42336,423.524,0,0.866981,0,0,1.42582,0.558835,1.028160,1,0,80.4084,0,0,0,80.4084,0
72.29,2.25526,0,0,3.3556,0.280093,0.820247,3.6288,61.0062,0.618401,0,0,0.73656,0.167757,0,0.66528,12.849,1,0.400856,0.820247,0,85.6086,4.07603,81.9519,0.84672,12.849,0.84672,3695.15,0,36.966,0.374409,0.752017,2.05909,6.61261,0.908733,8.14057,0.42336,36.966,0.42336,423.524,0,1.02816,0,0,1.78018,0.752017,1.028160,1,0,90.0925,0,0,0,90.0925,0
72.29,2.34714,0,0,3.60475,0.306513,0.951095,3.6288,60.9949,0.661291,0,0,0.848033,0.197964,0,0.66528,12.849,1,0.417186,0.951095,0,95.9904,3.9311,92.5932,0.84672,12.849,0.84672,3695.15,0,36.966,0.400702,1.0083,2.05916,6.705,0.947369,8.42439,0.42336,36.966,0.42336,423.524,0,1.02816,0,0,2.03646,1.0083,1.028160,1,0,101.018,0,0,0,101.018,0
72.29,2.34723,0,0,4.83393,0.306513,2.18019,3.6288,61.308,0.661284,0,0,1.18436,0.19795,0.0120767,0.66528,12.849,1,0.417202,2.18019,0,131.535,3.9311,129.367,0.84672,12.849,0.84672,3695.15,0,36.966,0.400771,2.21797,2.13289,9.67404,0.947369,12.6768,0.42336,36.966,0.42336,423.524,0,1.02816,0,0,3.24613,2.21797,1.028160,1,0,142.056,0,0,0,142.056,0
72.29,2.34732,0,0,3.51838,0.306513,0.864547,3.6288,61.308,0.6626,0,0,0.939652,0.198343,0.0787091,0.66528,12.849,1,0.417219,0.864547,0,93.0286,3.9311,89.5448,0.84672,12.849,0.84672,3695.15,0,36.966,0.399518,1.13745,2.13295,7.46824,0.947369,9.39176,0.42336,36.966,0.42336,423.524,0,1.02816,0,0,2.16561,1.13745,1.028160,1,0,99.0153,0,0,0,99.0153,0
72.29,2.34741,0,0,3.39593,0.274215,0.774306,3.6288,61.308,0.662639,0,0,1.08806,0.207738,0.217684,0.66528,12.849,1,0.417235,0.774306,0,87.1767,3.82116,83.7126,0.84672,12.849,0.84672,3695.15,0,36.966,0.399542,1.45012,2.13302,6.76951,0.963997,8.98911,0.42336,36.966,0.42336,423.524,0,1.02816,0,0,2.47828,1.45012,1.028160,1,0,92.9194,0,0,0,92.9194,0
72.29,2.31161,0,0,3.48018,0.231152,0.93742,3.6288,61.308,0.645928,0,0,1.24635,0.220265,0.380153,0.66528,12.849,1,0.410871,0.93742,0,77.5483,3.67458,74.4003,0.84672,12.849,0.84672,3695.15,0,36.966,0.389466,1.69059,2.13309,6.59356,0.986168,9.0416,0.42336,36.966,0.42336,423.524,0,1.02816,0,0,2.71875,1.69059,1.028160,1,0,83.822,0,0,0,83.822,0
72.1478,2.3117,0,0,2.76356,0.231152,0.36288,3.6288,61.308,0.645966,0,0,1.01445,0.220265,0.148217,0.66528,12.849,1,0.410887,0.36288,0,65.289,3.67458,61.5664,0.84672,12.849,0.84672,3695.15,0,36.966,0.389489,1.26143,2.10449,5.45528,0.986168,7.44555,0.42336,36.966,0.42336,423.524,0,1.02816,0,0,2.28959,1.26143,1.028160,1,0,69.1602,0,0,0,69.1602,0
71.6886,2.3111,0,0,2.44567,0.230903,0.36288,3.6288,61.308,0.646005,0,0,0.898042,0.220265,0.0317715,0.66528,12.849,1,0.411591,0.36288,0,61.5217,3.67458,57.7984,0.84672,12.849,0.84672,3695.15,0,36.966,0.389512,0.796988,2.10456,5.19557,0.986168,6.72144,0.42336,36.966,0.42336,423.524,0,1.02816,0,0,1.82515,0.796988,1.028160,1,0,64.5516,0,0,0,64.5516,0
71.6703,2.30896,0,0,2.88364,0.230097,0.36288,3.6288,61.308,0.646044,0,0,1.01708,0.220265,0.150775,0.66528,12.849,1,0.413843,0.36288,0,69.533,3.67458,65.8074,0.84672,12.849,0.84672,3695.15,0,36.966,0.389536,0.864847,2.10463,6.09873,0.986168,7.6925,0.42336,36.966,0.42336,423.524,0,1.02816,0,0,1.89301,0.864847,1.028160,1,0,73.6507,0,0,0,73.6507,0
71.4684,2.43065,0,0,2.75708,0.16551,0.36288,3.6288,61.308,0.66528,0,0,1.00279,0.229333,0.10818,0.66528,12.849,1,0.435766,0.36288,0,66.2956,3.99892,62.2238,0.84672,12.849,0.84672,3695.15,0,36.966,0.465592,2.20246,2.1047,5.21673,1.01059,8.0477,0.42336,36.966,0.42336,423.524,0,1.02816,0,0,3.23062,2.20246,1.028160,1,0,70.3797,0,0,0,70.3797,0
71.0038,2.4297,0,0,2.49331,0.165256,0.36288,3.6288,61.308,0.66528,0,0,0.964561,0.229333,0.0699483,0.66528,12.849,1,0.436827,0.36288,0,63.7658,3.99892,59.6929,0.84672,12.849,0.84672,3695.15,0,36.966,0.465657,1.3576,2.20524,4.98081,1.01059,7.0674,0.42336,36.966,0.42336,423.524,0,1.02816,0,0,2.38576,1.3576,1.028160,1,0,66.8303,0,0,0,66.8303,0
70.2663,2.42738,0,0,2.21739,0.16467,0.36288,3.6288,61.2732,0.66528,0,0,0.859836,0.229333,0,0.66528,12.849,1,0.439264,0.36288,0,55.7347,3.99892,51.6594,0.84672,12.849,0.84672,3695.15,0,36.966,0.465723,1.04847,2.20531,4.69861,1.01059,6.47608,0.42336,36.966,0.42336,423.524,0,1.02816,0,0,2.07663,1.04847,1.028160,1,0,58.1355,0,0,0,58.1355,0
69.3431,2.42358,0,0,2.01171,0.148419,0.36288,3.6288,61.228,0.66528,0,0,0.860121,0.240064,0,0.66528,12.849,1,0.443179,0.36288,0,49.477,4.17215,45.2246,0.84672,12.849,0.84672,3695.15,0,36.966,0.465788,1.28688,2.20538,4.5948,1.05346,6.56782,0.42336,36.966,0.42336,423.524,0,1.02816,0,0,2.31504,1.28688,1.028160,1,0,51.7924,0,0,0,51.7924,0
68.3238,2.41869,0,0,1.87403,0.111772,0.36288,3.6288,61.0436,0.66528,0,0,0.710796,0.229881,0,0.66528,12.849,1,0.448174,0.36288,0,35.7581,4.43547,31.2373,0.84672,12.849,0.84672,3695.15,0,36.966,0.465853,0.664338,2.20545,3.51842,1.05705,4.86531,0.42336,36.966,0.42336,423.524,0,1.02816,0,0,1.6925,0.664338,1.028160,1,0,36.1027,0,0,0,36.1027,0
67.1514,2.38926,0,0,1.69162,0.111855,0.36288,3.6288,60.8138,0.66528,0,0,0.650281,0.214806,0,0.66528,12.849,1,0.449326,0.36288,0,30.5596,4.36758,26.1056,0.84672,12.849,0.84672,3695.15,0,36.966,0.518268,0.388014,2.20552,3.12606,1.01562,4.1857,0.42336,36.966,0.42336,423.524,0,1.02816,0,0,1.41617,0.388014,1.028160,1,0,30.2913,0,0,0,30.2913,0
65.853,2.38277,0,0,1.54894,0.101681,0.36288,3.6288,60.5311,0.66528,0,0,0.618899,0.236363,0,0.66528,12.849,1,0.455928,0.36288,0,26.9498,4.64988,22.2069,0.84672,12.849,0.84672,3695.15,0,36.966,0.518335,0.329892,2.24072,3.03586,1.11867,3.96947,0.42336,36.966,0.42336,423.524,0,1.02816,0,0,1.35805,0.329892,1.028160,1,0,26.1763,0,0,0,26.1763,0
64.4991,2.37534,0,0,1.46234,0.078002,0.36288,3.6288,60.1529,0.66528,0,0,0.577572,0.290516,0,0.66528,12.849,1,0.463468,0.36288,0,23.9697,5.35563,18.5135,0.84672,12.849,0.84672,3695.15,0,36.966,0.518402,0.30615,2.24079,2.89583,1.37628,3.54809,0.42336,36.966,0.42336,423.524,0,1.02816,0,0,1.33431,0.30615,1.028160,1,0,22.0616,0,0,0,22.0616,0
62.9848,2.36732,0,0,1.29495,0.0790697,0.36288,3.6288,59.6563,0.703771,0,0,0.504076,0.296853,0,0.66528,12.849,1,0.471599,0.36288,0,22.336,5.50719,16.72,0.84672,12.849,0.84672,3695.15,0,36.966,0.518469,0.261274,2.24086,2.67716,1.41346,3.24737,0.42336,36.966,0.42336,423.524,0,0.989669,0,0,1.25094,0.261274,1.028160,1,0,19.9674,0,0,0,19.9674,0
61.5317,2.41889,0,0,1.41146,0.0828211,0.36288,3.6288,59.1645,0.692099,0,0,0.513683,0.313446,0,0.66528,12.849,1,0.493457,0.36288,0,26.042,5.88609,20.0253,0.84672,12.849,0.84672,3695.15,0,36.966,0.565198,0.261274,2.24093,2.72631,1.50642,3.1569,0.42336,36.966,0.42336,423.524,0,1.00134,0,0,1.26262,0.261274,1.028160,1,0,23.1822,0,0,0,23.1822,0
59.9919,2.40934,0,0,1.31423,0.0818386,0.36288,3.6288,58.6324,0.66528,0,0,0.445656,0.312461,0,0.66528,12.849,1,0.503117,0.36288,0,22.0503,5.88609,16.024,0.84672,12.849,0.84672,3695.15,0,36.966,0.565266,0.336692,2.2908,2.75144,1.50642,3.30724,0.42336,36.966,0.42336,423.524,0,1.02816,0,0,1.36485,0.336692,1.028160,1,0,19.3312,0,0,0,19.3312,0
58.3645,2.3988,0,0,1.2151,0.0807668,0.36288,3.6288,58.0121,0.722123,0,0,0.413281,0.311395,0,0.66528,12.849,1,0.513773,0.36288,0,21.1442,5.88609,15.1073,0.84672,12.849,0.84672,3695.15,0,36.966,0.565335,0.227405,2.29087,2.39237,1.50642,2.83889,0.42336,36.966,0.42336,423.524,0,0.971317,0,0,1.19872,0.227405,1.028160,1,0,17.9461,0,0,0,17.9461,0
56.7814,2.38715,0,0,1.24209,0.0751373,0.36288,3.6288,57.4931,0.66528,0,0,0.458967,0.312689,0,0.66528,12.849,1,0.525534,0.36288,0,20.1103,5.96087,13.9868,0.84672,12.849,0.84672,3695.15,0,36.966,0.565404,0.33232,2.29095,2.95915,1.52136,3.49565,0.42336,36.966,0.42336,423.524,0,1.02816,0,0,1.36048,0.33232,1.028160,1,0,17.4824,0,0,0,17.4824,0
54.9768,2.5504,0,0,1.19164,0.0829918,0.36288,3.6288,56.67,0.877107,0,0,0.366436,0.312447,0,0.66528,12.849,1,0.577127,0.36288,0,18.2959,6.14187,11.9398,0.84672,12.849,0.84672,3695.15,0,36.966,0.73392,0.227405,2.29102,2.74398,1.49068,3.0378,0.42336,36.966,0.42336,423.524,0,0.816333,0,0,1.04374,0.227405,1.028160,1,0,14.9776,0,0,0,14.9776,0
53.2982,2.53514,0,0,1.30169,0.0822839,0.36288,3.6288,56.061,0.713457,0,0,0.415829,0.311334,0,0.66528,12.849,1,0.592505,0.36288,0,21.5427,6.1845,15.1286,0.84672,12.849,0.84672,3695.15,0,36.966,0.733995,0.227405,2.46148,2.65149,1.48806,3.11832,0.42336,36.966,0.42336,423.524,0,0.979983,0,0,1.20739,0.227405,1.028160,1,0,18.2469,0,0,0,18.2469,0
51.3663,2.5202,0,0,1.0321,0.0808963,0.36288,3.6288,55.072,0.99106,0,0,0.312113,0.310099,0,0.66528,12.849,1,0.607565,0.36288,0,23.6548,6.1845,17.2256,0.84672,12.849,0.84672,3695.15,0,36.966,0.734069,0.204422,2.46156,2.12895,1.48806,2.5728,0.42336,36.966,0.42336,423.524,0,0.70238,0,0,0.906803,0.204422,1.028160,1,0,19.7984,0,0,0,19.7984,0
49.6766,2.50202,0,0,1.2545,0.0792994,0.36288,3.6288,54.6004,0.66528,0,0,0.501791,0.308094,0,0.66528,12.849,1,0.625867,0.36288,0,20.6196,6.1845,14.1721,0.84672,12.849,0.84672,3695.15,0,36.966,0.734144,0.475269,2.46164,3.06755,1.48806,3.78226,0.42336,36.966,0.42336,423.524,0,1.02816,0,0,1.50343,0.475269,1.028160,1,0,17.9544,0,0,0,17.9544,0
47.4926,2.48521,0,0,0.764875,0.100813,0.36288,3.6288,53.533,1.08475,0,0,0.300624,0.283252,0,0.66528,12.849,1,0.642805,0.36288,0,18.2478,5.98608,11.9818,0.84672,12.849,0.84672,3695.15,0,36.966,0.734406,0.204422,2.46172,2.18271,1.38972,2.72473,0.42336,36.966,0.42336,423.524,0,0.608503,0,0,0.812926,0.204422,1.028160,1,0,14.7065,0,0,0,14.7065,0
45.2922,2.37965,0,0,0.657365,0.115236,0.36288,3.6288,52.4649,1.10037,0,0,0.295591,0.263365,0,0.66528,12.849,1,0.643809,0.36288,0,14.6696,5.83727,8.5514,0.84672,12.849,0.84672,3695.15,0,36.966,0.759832,0.204422,2.4618,1.66562,1.31596,2.25605,0.42336,36.966,0.42336,423.524,0,0.465277,0,0,0.669699,0.204422,1.028160,1,0,10.8075,0,0,0,10.8075,0
43.002,2.35538,0,0,0.540527,0.112454,0.36288,3.6288,51.8495,0.767396,0,0,0.413145,0.261124,0,0.66528,12.849,1,0.6682,0.36288,0,14.2407,5.83727,8.09812,0.84672,12.849,0.84672,3695.15,0,36.966,0.632105,0.216518,2.36326,1.88057,1.31596,2.51229,0.42336,36.966,0.42336,423.524,0,0.926044,0,0,1.14256,0.216518,1.028160,1,0,10.6104,0,0,0,10.6104,0
40.65,2.32807,0,0,0.448508,0.109558,0.36288,3.6288,50.6731,1.13876,0,0,0.22221,0.259833,0,0.66528,12.849,1,0.695627,0.36288,0,13.6447,5.83727,7.47471,0.84672,12.849,0.84672,3695.15,0,36.966,0.811877,0.216518,2.36334,1.40053,1.31596,1.85254,0.42336,36.966,0.42336,423.524,0,0.374978,0,0,0.591496,0.216518,1.028160,1,0,9.32725,0,0,0,9.32725,0
38.4137,2.29758,0,0,0.558896,0.134784,0.36288,3.6288,49.6204,1.08161,0,0,0.252246,0.223415,0,0.66528,12.849,1,0.726237,0.36288,0,14.1564,5.1598,8.63322,0.84672,12.849,0.84672,3695.15,0,36.966,0.789034,0.216518,2.36341,1.6996,1.12585,2.36465,0.42336,36.966,0.42336,423.524,0,0.455042,0,0,0.67156,0.216518,1.028160,1,0,10.9979,0,0,0,10.9979,0
36.5253,2.20159,0,0,0.843777,0.167702,0.36288,3.6288,48.9009,0.860106,0,0,0.346271,0.205598,0,0.66528,12.849,1,0.736411,0.36288,0,22.9894,4.09922,18.5167,0.84672,12.849,0.84672,3695.15,0,36.966,0.640759,0.216518,2.36349,2.83891,1.01775,3.76041,0.42336,36.966,0.42336,423.524,0,0.731799,0,0,0.948318,0.216518,1.028160,1,0,22.2771,0,0,0,22.2771,0
34.5,2.17351,0,0,0.702156,0.191044,0.36288,3.6288,47.943,0.99961,0,0,0.242362,0.200642,0,0.66528,12.849,1,0.764606,0.36288,0,18.6777,4.13816,14.1378,0.84672,12.849,0.84672,3695.15,0,36.966,0.755642,0.216518,2.27554,2.37022,1.06735,3.03928,0.42336,36.966,0.42336,423.524,0,0.477481,0,0,0.693999,0.216518,1.028160,1,0,17.1771,0,0,0,17.1771,0
32.8667,2.14089,0,0,1.05693,0.186436,0.36288,3.6288,47.6656,0.66528,0,0,0.586907,0.199052,0,0.66528,12.849,1,0.797342,0.36288,0,29.1254,4.13816,24.5527,0.84672,12.849,0.84672,3695.15,0,36.966,0.53936,0.977694,2.27561,4.8061,1.06735,6.45269,0.42336,36.966,0.42336,423.524,0,1.02816,0,0,2.00585,0.977694,1.028160,1,0,31.0054,0,0,0,31.0054,0
32.7674,2.11248,0,0,2.55881,0.182719,0.36288,3.6288,48.1166,0.66528,0,0,1.31486,0.198592,0,0.66528,12.849,1,0.82586,0.36288,0,76.3265,4.13816,71.7254,0.84672,12.849,0.84672,3695.15,0,36.966,0.539428,2.12804,2.27569,7.27045,1.06735,10.0674,0.42336,36.966,0.42336,423.524,0,1.02816,0,0,3.1562,2.12804,1.028160,1,0,81.7928,0,0,0,81.7928,0
33.9757,1.93544,0,0,3.71784,0.211228,0.36288,3.6288,48.0212,0.57167,0,0,0.645113,0.168858,0,0.66528,12.849,1,0.75894,0.36288,0,89.1124,3.83151,84.8849,0.84672,12.849,0.84672,3695.15,0,36.966,0.43919,0.69825,2.27576,5.4919,0.908182,7.11853,0.42336,36.966,0.42336,423.524,0,1.02816,0,0,1.72641,0.69825,1.028160,1,0,92.0034,0,0,0,92.0034,0
33.7562,1.9551,0,0,2.30867,0.210223,0.36288,3.6288,47.6999,0.571211,0,0,0.421873,0.17195,0,0.66528,12.849,1,0.739385,0.36288,0,75.7001,3.90737,71.4162,0.84672,12.849,0.84672,3695.15,0,36.966,0.43971,0.361454,2.08027,5.16051,0.917618,6.24491,0.42336,36.966,0.42336,423.524,0,1.02816,0,0,1.38961,0.361454,1.028160,1,0,77.6611,0,0,0,77.6611,0
32.8994,1.9517,0,0,1.66741,0.209656,0.36288,3.6288,46.8649,0.906552,0,0,0.243016,0.171489,0,0.66528,12.849,1,0.742897,0.36288,0,43.1717,3.90737,38.8843,0.84672,12.849,0.84672,3695.15,0,36.966,0.702551,0.412474,2.08034,5.18585,0.917618,6.0585,0.42336,36.966,0.42336,423.524,0,0.430039,0,0,0.842512,0.412474,1.028160,1,0,44.9428,0,0,0,44.9428,0
33.0898,1.93786,0,0,2.72474,0.233571,0.36288,3.6288,46.4219,0.651137,0,0,0.412075,0.203891,0,0.66528,12.849,1,0.75684,0.36288,0,67.7192,4.70736,62.6179,0.84672,12.849,0.84672,3695.15,0,36.966,0.513603,0.412474,2.08041,6.06331,1.16718,6.87541,0.42336,36.966,0.42336,423.524,0,0.874463,0,0,1.28694,0.412474,1.028160,1,0,69.4933,0,0,0,69.4933,0
34.1094,1.94107,0,0,3.5303,0.206778,0.36288,3.6288,46.4221,0.56288,0,0,0.766282,0.203212,0,0.66528,12.849,1,0.753733,0.36288,0,80.5464,4.23414,75.9214,0.84672,12.849,0.84672,3695.15,0,36.966,0.448224,0.61401,2.08047,7.51741,1.07372,8.68995,0.42336,36.966,0.42336,423.524,0,1.02816,0,0,1.64217,0.61401,1.028160,1,0,84.6114,0,0,0,84.6114,0
35.7721,2.02572,0,0,4.22383,0.172472,0.36288,3.6288,47.2285,0.594179,0,0,1.60397,0.203388,0,0.66528,12.849,1,0.763088,0.36288,0,89.5812,3.60318,85.5779,0.84672,12.849,0.84672,3695.15,0,36.966,0.473145,1.85311,2.08054,8.51472,0.949108,11.0261,0.42336,36.966,0.42336,423.524,0,1.02816,0,0,2.88127,1.85311,1.028160,1,0,96.604,0,0,0,96.604,0
36.5002,2.05188,0,0,3.31887,0.175989,0.36288,3.6288,48.062,0.59874,0,0,1.63705,0.204824,0,0.66528,12.849,1,0.737015,0.36288,0,50.0214,3.60318,46.0441,0.84672,12.849,0.84672,3695.15,0,36.966,0.468637,1.98398,2.14159,6.20641,0.949108,8.91423,0.42336,36.966,0.42336,423.524,0,1.02816,0,0,3.01214,1.98398,1.028160,1,0,54.9583,0,0,0,54.9583,0
36.2863,2.06282,0,0,2.40405,0.192324,0.36288,3.6288,48.1911,0.603364,0,0,0.926688,0.194228,0,0.66528,12.849,1,0.726165,0.36288,0,47.1319,3.55911,43.2095,0.84672,12.849,0.84672,3695.15,0,36.966,0.464066,0.557626,2.14165,6.48793,0.914245,7.8089,0.42336,36.966,0.42336,423.524,0,1.02816,0,0,1.58579,0.557626,1.028160,1,0,51.0184,0,0,0,51.0184,0
36.5135,2.05973,0,0,2.8786,0.228726,0.36288,3.6288,48.7231,0.604097,0,0,1.30039,0.164336,0,0.66528,12.849,1,0.729351,0.36288,0,78.6613,3.44894,74.8459,0.84672,12.849,0.84672,3695.15,0,36.966,0.463385,1.41064,2.14171,11.1156,0.827087,13.3775,0.42336,36.966,0.42336,423.524,0,1.02816,0,0,2.4388,1.41064,1.028160,1,0,88.2234,0,0,0,88.2234,0
40.3156,2.2862,0,0,6.68141,0.230292,0.36288,3.6288,49.5507,0.66528,0,0,1.66912,0.176147,0,0.66528,12.849,1,0.804508,0.36288,0,91.1555,3.94916,86.7647,0.84672,12.849,0.84672,3695.15,0,36.966,0.613108,1.7468,2.14177,9.74134,1.10596,11.9108,0.42336,36.966,0.42336,423.524,0,1.02816,0,0,2.77496,1.7468,1.028160,1,0,98.6755,0,0,0,98.6755,0
40.7412,2.34381,0,0,3.37309,0.240785,0.36288,3.6288,49.6609,0.66528,0,0,0.95275,0.177355,0,0.66528,12.849,1,0.746998,0.36288,0,55.6963,3.94916,51.363,0.84672,12.849,0.84672,3695.15,0,36.966,0.613167,0.673773,2.36124,5.83885,1.10596,7.15473,0.42336,36.966,0.42336,423.524,0,1.02816,0,0,1.70193,0.673773,1.028160,1,0,58.5178,0,0,0,58.5178,0
40.6892,2.34982,0,0,2.87601,0.215282,0.36288,3.6288,49.3852,0.876588,0,0,0.789852,0.1889,0,0.66528,12.849,1,0.74109,0.36288,0,40.8464,3.87419,36.594,0.84672,12.849,0.84672,3695.15,0,36.966,0.652505,0.608429,2.3613,5.55926,1.05575,6.82074,0.42336,36.966,0.42336,423.524,0,0.777574,0,0,1.386,0.608429,1.028160,1,0,43.4147,0,0,0,43.4147,0
41.0683,2.34918,0,0,3.30185,0.210698,0.36288,3.6288,49.8647,0.66528,0,0,1.33516,0.190365,0,0.66528,12.849,1,0.741833,0.36288,0,56.0709,3.86169,51.8303,0.84672,12.849,0.84672,3695.15,0,36.966,0.613285,0.949234,2.36137,7.21062,1.04738,8.86056,0.42336,36.966,0.42336,423.524,0,1.02816,0,0,1.97739,0.949234,1.028160,1,0,60.6908,0,0,0,60.6908,0
42.8149,2.02683,0,0,4.36535,0.229038,0.36288,3.6288,49.9106,0.836823,0,0,1.04974,0.167054,0,0.66528,12.849,1,0.634132,0.36288,0,52.9198,4.15947,48.4891,0.84672,12.849,0.84672,3695.15,0,36.966,0.620358,0.608429,2.36143,3.85985,1.08583,5.12352,0.42336,36.966,0.42336,423.524,0,0.566603,0,0,1.17503,0.608429,1.028160,1,0,53.6126,0,0,0,53.6126,0
44.9757,2.04679,0,0,4.80422,0.23376,0.36288,3.6288,50.4578,0.618599,0,0,1.33294,0.167117,0,0.66528,12.849,1,0.614255,0.36288,0,86.2069,4.15947,81.796,0.84672,12.849,0.84672,3695.15,0,36.966,0.458162,0.608429,2.06224,6.84574,1.08583,7.97242,0.42336,36.966,0.42336,423.524,0,0.947074,0,0,1.5555,0.608429,1.028160,1,0,89.7685,0,0,0,89.7685,0
47.1331,2.06982,0,0,4.82967,0.239603,0.36288,3.6288,51.8365,0.574696,0,0,2.12127,0.167867,0,0.66528,12.849,1,0.591321,0.36288,0,83.6071,4.15947,79.2192,0.84672,12.849,0.84672,3695.15,0,36.966,0.421029,0.593896,2.06229,6.37624,1.08583,7.52558,0.42336,36.966,0.42336,423.524,0,1.02816,0,0,1.62206,0.593896,1.028160,1,0,86.7448,0,0,0,86.7448,0
48.5437,2.09115,0,0,4.11013,0.245436,0.36288,3.6288,51.9663,0.768478,0,0,1.06803,0.169757,0,0.66528,12.849,1,0.570071,0.36288,0,51.7651,4.15947,47.3984,0.84672,12.849,0.84672,3695.15,0,36.966,0.548022,0.558835,2.06235,6.34943,1.08583,7.33677,0.42336,36.966,0.42336,423.524,0,0.707435,0,0,1.26627,0.558835,1.028160,1,0,54.7352,0,0,0,54.7352,0
51.2186,2.10432,0,0,5.39922,0.257154,0.36288,3.6288,53.076,0.581897,0,0,1.84871,0.157154,0,0.66528,12.849,1,0.556991,0.36288,0,80.6069,4.55649,75.8563,0.84672,12.849,0.84672,3695.15,0,36.966,0.413929,0.85847,2.06241,9.96329,1.06516,11.4051,0.42336,36.966,0.42336,423.524,0,1.02816,0,0,1.88663,0.85847,1.028160,1,0,87.2613,0,0,0,87.2613,0
53.0543,2.21422,0,0,4.68556,0.272787,0.36288,3.6288,53.5032,0.839765,0,0,1.43376,0.166759,0,0.66528,12.849,1,0.555472,0.36288,0,52.7138,4.88155,47.6397,0.84672,12.849,0.84672,3695.15,0,36.966,0.584874,0.558835,2.06246,5.59304,1.1234,6.50606,0.42336,36.966,0.42336,423.524,0,0.668641,0,0,1.22748,0.558835,1.028160,1,0,54.1458,0,0,0,54.1458,0
54.2962,2.22976,0,0,4.09395,0.259403,0.36288,3.6288,53.7732,0.860907,0,0,1.29181,0.160875,0,0.66528,12.849,1,0.540017,0.36288,0,52.064,4.52024,47.3667,0.84672,12.849,0.84672,3695.15,0,36.966,0.594811,0.528595,2.13631,5.39325,1.08183,6.38152,0.42336,36.966,0.42336,423.524,0,0.637615,0,0,1.16621,0.528595,1.028160,1,0,53.7482,0,0,0,53.7482,0
55.8629,2.23982,0,0,4.38503,0.215584,0.36288,3.6288,54.0665,0.88749,0,0,1.32583,0.145053,0,0.66528,12.849,1,0.530046,0.36288,0,55.5704,3.61694,51.7863,0.84672,12.849,0.84672,3695.15,0,36.966,0.610098,0.528595,2.13636,5.4043,0.977881,6.48128,0.42336,36.966,0.42336,423.524,0,0.595797,0,0,1.12439,0.528595,1.028160,1,0,58.2676,0,0,0,58.2676,0
56.5813,2.25198,0,0,3.55775,0.224517,0.36288,3.6288,54.1318,0.900355,0,0,1.13289,0.16727,0,0.66528,12.849,1,0.517977,0.36288,0,46.7194,3.99557,42.5688,0.84672,12.849,0.84672,3695.15,0,36.966,0.615585,0.528595,2.13642,5.17854,1.05229,6.17568,0.42336,36.966,0.42336,423.524,0,0.577498,0,0,1.10609,0.528595,1.028160,1,0,48.7444,0,0,0,48.7444,0
56.9694,2.22291,0,0,3.21395,0.240013,0.36288,3.6288,54.5188,0.620617,0,0,1.22979,0.222176,0,0.66528,12.849,1,0.504798,0.36288,0,50.5253,4.94214,45.4413,0.84672,12.849,0.84672,3695.15,0,36.966,0.423813,0.528595,2.13648,5.37024,1.23831,6.3732,0.42336,36.966,0.42336,423.524,0,1.02216,0,0,1.55076,0.528595,1.028160,1,0,51.8145,0,0,0,51.8145,0
56.7609,2.22579,0,0,2.6211,0.240934,0.36288,3.6288,54.5479,0.77494,0,0,1.02684,0.222745,0,0.66528,12.849,1,0.502008,0.36288,0,39.7208,4.94214,34.6395,0.84672,12.849,0.84672,3695.15,0,36.966,0.525441,0.528595,2.10782,4.37588,1.23831,5.24855,0.42336,36.966,0.42336,423.524,0,0.766264,0,0,1.29486,0.528595,1.028160,1,0,39.888,0,0,0,39.888,0
56.2133,2.22435,0,0,2.23653,0.196904,0.36288,3.6288,54.415,0.821267,0,0,0.907779,0.219486,0,0.66528,12.849,1,0.503528,0.36288,0,32.9227,5.02788,27.7542,0.84672,12.849,0.84672,3695.15,0,36.966,0.556555,0.402797,2.10788,3.96693,1.20255,4.7185,0.42336,36.966,0.42336,423.524,0,0.688876,0,0,1.09167,0.402797,1.028160,1,0,32.4727,0,0,0,32.4727,0
55.4419,2.22043,0,0,1.97526,0.163365,0.36288,3.6288,54.1505,0.880647,0,0,0.832965,0.216819,0,0.66528,12.849,1,0.507537,0.36288,0,30.8646,5.09219,25.6277,0.84672,12.849,0.84672,3695.15,0,36.966,0.598254,0.402797,2.10794,3.432,1.17573,4.16874,0.42336,36.966,0.42336,423.524,0,0.587848,0,0,0.990645,0.402797,1.028160,1,0,29.7965,0,0,0,29.7965,0
54.6631,2.33148,0,0,2.08357,0.167984,0.36288,3.6288,53.9893,0.817652,0,0,0.874964,0.218504,0,0.66528,12.849,1,0.540335,0.36288,0,29.2093,4.83101,24.2009,0.84672,12.849,0.84672,3695.15,0,36.966,0.558173,0.402797,2.10799,3.63397,1.13312,4.45347,0.42336,36.966,0.42336,423.524,0,0.78637,0,0,1.18917,0.402797,1.028160,1,0,28.6543,0,0,0,28.6543,0
53.8265,2.32532,0,0,2.01925,0.167647,0.36288,3.6288,53.7268,0.862867,0,0,0.819012,0.218615,0,0.66528,12.849,1,0.546586,0.36288,0,26.4457,4.78748,21.4745,0.84672,12.849,0.84672,3695.15,0,36.966,0.590798,0.402797,2.20869,3.51873,1.12601,4.41341,0.42336,36.966,0.42336,423.524,0,0.708584,0,0,1.11138,0.402797,1.028160,1,0,25.8879,0,0,0,25.8879,0
52.8401,2.31854,0,0,1.8305,0.135537,0.36288,3.6288,53.4455,0.8225,0,0,0.781842,0.240679,0,0.66528,12.849,1,0.553462,0.36288,0,23.3181,5.05522,18.0723,0.84672,12.849,0.84672,3695.15,0,36.966,0.56591,0.30119,2.20875,3.42733,1.19442,4.17694,0.42336,36.966,0.42336,423.524,0,0.773893,0,0,1.07508,0.30119,1.028160,1,0,22.2493,0,0,0,22.2493,0
51.7746,2.31031,0,0,1.72977,0.122023,0.36288,3.6288,53.0794,0.863812,0,0,0.746859,0.24911,0,0.66528,12.849,1,0.561792,0.36288,0,22.5685,5.16233,17.2073,0.84672,12.849,0.84672,3695.15,0,36.966,0.597462,0.30119,2.20881,3.4178,1.22179,4.10855,0.42336,36.966,0.42336,423.524,0,0.701084,0,0,1.00227,0.30119,1.028160,1,0,21.3159,0,0,0,21.3159,0
50.6363,2.30112,0,0,1.62753,0.101847,0.36288,3.6288,52.9199,0.693451,0,0,0.778689,0.244792,0,0.66528,12.849,1,0.571072,0.36288,0,21.1772,5.37323,15.5958,0.84672,12.849,0.84672,3695.15,0,36.966,0.482939,0.30119,2.20887,3.23219,1.26906,3.99025,0.42336,36.966,0.42336,423.524,0,0.986023,0,0,1.28721,0.30119,1.028160,1,0,19.5861,0,0,0,19.5861,0
49.4639,2.26827,0,0,1.54542,0.0866802,0.36288,3.6288,52.8031,0.66528,0,0,0.790266,0.24179,0,0.66528,12.849,1,0.575576,0.36288,0,20.1728,5.5314,14.4287,0.84672,12.849,0.84672,3695.15,0,36.966,0.521465,0.415584,2.20893,3.06383,1.30452,3.86236,0.42336,36.966,0.42336,423.524,0,1.02816,0,0,1.44374,0.415584,1.028160,1,0,18.2911,0,0,0,18.2911,0
48.1781,2.25752,0,0,1.42018,0.0856125,0.36288,3.6288,52.6638,0.66528,0,0,0.767543,0.241563,0,0.66528,12.849,1,0.586424,0.36288,0,19.8544,5.5314,14.0994,0.84672,12.849,0.84672,3695.15,0,36.966,0.521521,0.41618,2.24417,3.08948,1.30452,3.92379,0.42336,36.966,0.42336,423.524,0,1.02816,0,0,1.44434,0.41618,1.028160,1,0,18.0232,0,0,0,18.0232,0
46.7783,2.24524,0,0,1.29272,0.0844301,0.36288,3.6288,52.4371,0.703279,0,0,0.717872,0.241294,0,0.66528,12.849,1,0.5988,0.36288,0,19.0601,5.5314,13.2928,0.84672,12.849,0.84672,3695.15,0,36.966,0.521578,0.261274,2.24423,2.9023,1.30452,3.58171,0.42336,36.966,0.42336,423.524,0,0.990161,0,0,1.25143,0.261274,1.028160,1,0,16.8745,0,0,0,16.8745,0
45.2751,2.23125,0,0,1.16335,0.0724197,0.36288,3.6288,52.0843,0.745492,0,0,0.662966,0.270258,0,0.66528,12.849,1,0.612877,0.36288,0,16.427,5.91996,10.257,0.84672,12.849,0.84672,3695.15,0,36.966,0.525541,0.261274,2.24429,2.71599,1.44073,3.25529,0.42336,36.966,0.42336,423.524,0,0.944041,0,0,1.20531,0.261274,1.028160,1,0,13.5123,0,0,0,13.5123,0
43.7073,2.27267,0,0,1.12759,0.0598188,0.36288,3.6288,51.7121,0.7844,0,0,0.7134,0.301135,0,0.66528,12.849,1,0.644982,0.36288,0,17.4563,6.27522,10.8989,0.84672,12.849,0.84672,3695.15,0,36.966,0.568429,0.261274,2.24436,2.76032,1.53664,3.16089,0.42336,36.966,0.42336,423.524,0,0.90904,0,0,1.17031,0.261274,1.028160,1,0,14.0598,0,0,0,14.0598,0
42.0688,2.25487,0,0,1.03799,0.0587641,0.36288,3.6288,51.3033,0.713413,0,0,0.604801,0.300232,0,0.66528,12.849,1,0.662883,0.36288,0,14.3384,6.27522,7.7632,0.84672,12.849,0.84672,3695.15,0,36.966,0.568486,0.261274,2.29429,2.66897,1.53664,3.11941,0.42336,36.966,0.42336,423.524,0,0.980027,0,0,1.2413,0.261274,1.028160,1,0,10.8826,0,0,0,10.8826,0
40.3635,2.23516,0,0,0.950443,0.0576617,0.36288,3.6288,50.7341,0.830148,0,0,0.56018,0.29924,0,0.66528,12.849,1,0.682683,0.36288,0,13.6286,6.27522,7.03363,0.84672,12.849,0.84672,3695.15,0,36.966,0.598154,0.227405,2.29435,2.346,1.53664,2.73297,0.42336,36.966,0.42336,423.524,0,0.833682,0,0,1.06109,0.227405,1.028160,1,0,9.76659,0,0,0,9.76659,0
38.7422,2.21336,0,0,1.00421,0.0493062,0.36288,3.6288,50.4092,0.66528,0,0,0.643084,0.302672,0,0.66528,12.849,1,0.704583,0.36288,0,13.3664,6.42477,6.59995,0.84672,12.849,0.84672,3695.15,0,36.966,0.568602,0.245151,2.29441,3.10344,1.56652,3.50789,0.42336,36.966,0.42336,423.524,0,1.02816,0,0,1.27331,0.245151,1.028160,1,0,10.1078,0,0,0,10.1078,0
36.8701,2.3528,0,0,0.905221,0.0615651,0.36288,3.6288,49.8474,0.819634,0,0,0.536677,0.278841,0,0.66528,12.849,1,0.780316,0.36288,0,11.14,6.30257,4.41998,0.84672,12.849,0.84672,3695.15,0,36.966,0.737381,0.227405,2.29448,3.01435,1.49393,3.30492,0.42336,36.966,0.42336,423.524,0,0.873806,0,0,1.10121,0.227405,1.028160,1,0,7.7249,0,0,0,7.7249,0
35.0809,2.32349,0,0,0.960008,0.0628471,0.36288,3.6288,49.5085,0.66528,0,0,0.611316,0.284989,0,0.66528,12.849,1,0.809722,0.36288,0,13.2203,6.32478,6.4487,0.84672,12.849,0.84672,3695.15,0,36.966,0.737444,0.256643,2.4652,3.18849,1.46705,3.70583,0.42336,36.966,0.42336,423.524,0,1.02816,0,0,1.2848,0.256643,1.028160,1,0,10.1545,0,0,0,10.1545,0
33.1216,2.29334,0,0,0.758454,0.0615133,0.36288,3.6288,48.6931,0.977409,0,0,0.44624,0.284196,0,0.66528,12.849,1,0.839976,0.36288,0,13.6428,6.32478,6.84094,0.84672,12.849,0.84672,3695.15,0,36.966,0.737506,0.204422,2.46527,2.52645,1.46705,2.99158,0.42336,36.966,0.42336,423.524,0,0.716031,0,0,0.920454,0.204422,1.028160,1,0,9.83252,0,0,0,9.83252,0
31.3514,2.2867,0,0,0.939358,0.0600526,0.36288,3.6288,48.4879,0.66528,0,0,0.742398,0.282289,0,0.66528,12.849,1,0.84672,0.36288,0,12.0908,6.32478,5.2822,0.84672,12.849,0.84672,3695.15,0,36.966,0.737569,0.613552,2.46533,3.79652,1.46705,4.67078,0.42336,36.966,0.42336,423.524,0,1.02816,0,0,1.64171,0.613552,1.028160,1,0,9.95298,0,0,0,9.95298,0
29.5773,2.2868,0,0,0.951756,0.0761324,0.36288,3.6288,48.3006,0.66528,0,0,0.71772,0.239772,0,0.66528,12.849,1,0.84672,0.36288,0,13.4193,5.18955,7.74591,0.84672,12.849,0.84672,3695.15,0,36.966,0.737632,0.47558,2.4654,4.54387,1.14163,5.60559,0.42336,36.966,0.42336,423.524,0,1.02816,0,0,1.50374,0.47558,1.028160,1,0,13.3515,0,0,0,13.3515,0
28.5433,2.18206,0,0,1.60415,0.0932087,0.36288,3.6288,48.5389,0.66528,0,0,1.11631,0.212745,0,0.66528,12.849,1,0.84672,0.36288,0,30.0912,4.53852,25.0689,0.84672,12.849,0.84672,3695.15,0,36.966,0.635272,1.01063,2.46547,6.32267,1.04352,8.11997,0.42336,36.966,0.42336,423.524,0,1.02816,0,0,2.03879,1.01063,1.028160,1,0,33.1888,0,0,0,33.1888,0
27.0628,2.18216,0,0,1.15646,0.0919102,0.36288,3.6288,48.5847,0.66528,0,0,0.92429,0.213166,0,0.66528,12.849,1,0.84672,0.36288,0,14.5485,4.53852,9.5261,0.84672,12.849,0.84672,3695.15,0,36.966,0.635331,0.989055,2.36676,4.93612,1.04352,6.61307,0.42336,36.966,0.42336,423.524,0,1.02816,0,0,2.01722,0.989055,1.028160,1,0,16.1392,0,0,0,16.1392,0
25.536,2.18226,0,0,1.10832,0.0900511,0.36288,3.6288,48.6583,0.66528,0,0,0.952076,0.213247,0,0.66528,12.849,1,0.84672,0.36288,0,11.0265,4.53852,6.00418,0.84672,12.849,0.84672,3695.15,0,36.966,0.635391,0.869227,2.36682,4.68898,1.04352,6.24611,0.42336,36.966,0.42336,423.524,0,1.02816,0,0,1.89739,0.869227,1.028160,1,0,12.2503,0,0,0,12.2503,0
23.9674,2.18236,0,0,1.12518,0.148509,0.36288,3.6288,48.7192,0.66528,0,0,0.886648,0.160482,0,0.66528,12.849,1,0.84672,0.36288,0,9.52586,3.22803,5.81399,0.84672,12.849,0.84672,3695.15,0,36.966,0.63545,0.635861,2.36689,4.54562,0.747315,6.16561,0.42336,36.966,0.42336,423.524,0,1.02816,0,0,1.66402,0.635861,1.028160,1,0,11.9796,0,0,0,11.9796,0
22.6788,2.09639,0,0,1.31654,0.145835,0.36288,3.6288,48.3011,0.765596,0,0,0.553835,0.206278,0,0.66528,12.849,1,0.84672,0.36288,0,17.5402,4.12713,12.9293,0.84672,12.849,0.84672,3695.15,0,36.966,0.580901,0.216518,2.36695,4.96548,1.04135,5.92669,0.42336,36.966,0.42336,423.524,0,0.889212,0,0,1.10573,0.216518,1.028160,1,0,18.856,0,0,0,18.856,0
21.1647,2.09649,0,0,1.08848,0.143221,0.36288,3.6288,47.8636,0.709207,0,0,0.47721,0.205564,0,0.66528,12.849,1,0.84672,0.36288,0,14.067,4.12713,9.45607,0.84672,12.849,0.84672,3695.15,0,36.966,0.542773,0.216518,2.27885,4.81646,1.04135,5.72771,0.42336,36.966,0.42336,423.524,0,0.983785,0,0,1.2003,0.216518,1.028160,1,0,15.1838,0,0,0,15.1838,0
21.3327,2.09658,0,0,2.76776,0.140317,0.36288,3.6288,48.5213,0.66528,0,0,1.52782,0.204817,0,0.66528,12.849,1,0.84672,0.36288,0,39.2454,4.12713,34.6344,0.84672,12.849,0.84672,3695.15,0,36.966,0.542383,2.62423,2.27891,11.2564,1.04135,14.5758,0.42336,36.966,0.42336,423.524,0,1.02816,0,0,3.65239,2.62423,1.028160,1,0,49.2102,0,0,0,49.2102,0
21.9764,2.09668,0,0,3.25693,0.153711,0.36288,3.6288,49.635,0.66528,0,0,1.97063,0.191648,0,0.66528,12.849,1,0.84672,0.36288,0,46.8242,3.90948,42.4309,0.84672,12.849,0.84672,3695.15,0,36.966,0.542439,1.35442,2.27897,11.4041,0.979698,13.5154,0.42336,36.966,0.42336,423.524,0,1.02816,0,0,2.38258,1.35442,1.028160,1,0,55.9463,0,0,0,55.9463,0
22.4964,1.85232,0,0,2.9124,0.177111,0.36288,3.6288,49.9628,0.580917,0,0,1.12273,0.213984,0,0.66528,12.849,1,0.84672,0.36288,0,37.2792,4.29723,32.4981,0.84672,12.849,0.84672,3695.15,0,36.966,0.432642,0.66039,2.27903,10.119,1.13672,11.4891,0.42336,36.966,0.42336,423.524,0,1.02816,0,0,1.68855,0.66039,1.028160,1,0,43.9872,0,0,0,43.9872,0
24.5901,1.85241,0,0,4.48288,0.173959,0.36288,3.6288,50.5468,0.582578,0,0,1.40381,0.237273,0,0.66528,12.849,1,0.84672,0.36288,0,46.6253,4.66998,41.4715,0.84672,12.849,0.84672,3695.15,0,36.966,0.431032,1.37387,2.08323,11.4064,1.26118,13.1712,0.42336,36.966,0.42336,423.524,0,1.02816,0,0,2.40203,1.37387,1.028160,1,0,54.6428,0,0,0,54.6428,0
25.1375,1.8525,0,0,2.94201,0.179179,0.36288,3.6288,50.6534,0.585484,0,0,0.930478,0.238409,0,0.66528,12.849,1,0.84672,0.36288,0,35.1136,4.66998,29.9597,0.84672,12.849,0.84672,3695.15,0,36.966,0.428178,0.751922,2.08329,12.0735,1.26118,13.2193,0.42336,36.966,0.42336,423.524,0,1.02816,0,0,1.78008,0.751922,1.028160,1,0,43.1791,0,0,0,43.1791,0
25.1512,1.85259,0,0,2.39833,0.169235,0.36288,3.6288,50.4339,0.723118,0,0,0.686494,0.182823,0,0.66528,12.849,1,0.84672,0.36288,0,28.3419,3.57641,24.2816,0.84672,12.849,0.84672,3695.15,0,36.966,0.52772,0.412474,2.08334,7.36088,0.94669,8.38229,0.42336,36.966,0.42336,423.524,0,0.791035,0,0,1.20351,0.412474,1.028160,1,0,32.6639,0,0,0,32.6639,0
24.9022,1.85268,0,0,2.14764,0.181077,0.36288,3.6288,50.5475,0.58499,0,0,0.889737,0.191162,0,0.66528,12.849,1,0.84672,0.36288,0,31.1906,3.87583,26.8309,0.84672,12.849,0.84672,3695.15,0,36.966,0.428774,0.617941,2.0834,7.27078,1.04238,8.50097,0.42336,36.966,0.42336,423.524,0,1.02816,0,0,1.6461,0.617941,1.028160,1,0,35.3319,0,0,0,35.3319,0
25.6339,1.9468,0,0,3.2342,0.192779,0.36288,3.6288,51.0144,0.618063,0,0,1.25179,0.166846,0,0.66528,12.849,1,0.84672,0.36288,0,47.5064,3.57118,43.4514,0.84672,12.849,0.84672,3695.15,0,36.966,0.451997,3.08896,2.08346,10.3532,1.0005,14.0731,0.42336,36.966,0.42336,423.524,0,1.02816,0,0,4.11712,3.08896,1.028160,1,0,57.5246,0,0,0,57.5246,0
27.9294,1.94687,0,0,4.79315,0.187908,0.36288,3.6288,51.486,0.620486,0,0,1.24104,0.14894,0,0.66528,12.849,1,0.84672,0.36288,0,99.4308,3.14989,95.7971,0.84672,12.849,0.84672,3695.15,0,36.966,0.449616,2.55578,2.14459,11.4727,0.888057,14.8354,0.42336,36.966,0.42336,423.524,0,1.02816,0,0,3.58394,2.55578,1.028160,1,0,110.633,0,0,0,110.633,0
29.1549,1.94695,0,0,3.72937,0.194045,0.36288,3.6288,51.7749,0.622908,0,0,1.06129,0.149511,0,0.66528,12.849,1,0.84672,0.36288,0,61.299,3.14989,57.6652,0.84672,12.849,0.84672,3695.15,0,36.966,0.447236,1.99308,2.14464,8.33587,0.888057,11.1383,0.42336,36.966,0.42336,423.524,0,1.02816,0,0,3.02124,1.99308,1.028160,1,0,68.8035,0,0,0,68.8035,0
29.5901,1.94702,0,0,2.94241,0.197321,0.36288,3.6288,51.9408,0.624388,0,0,0.940162,0.149861,0,0.66528,12.849,1,0.84672,0.36288,0,39.0519,3.14989,35.4182,0.84672,12.849,0.84672,3695.15,0,36.966,0.445798,1.61584,2.14468,7.09396,0.888057,9.52062,0.42336,36.966,0.42336,423.524,0,1.02816,0,0,2.644,1.61584,1.028160,1,0,44.9388,0,0,0,44.9388,0
30.4431,2.24909,0,0,3.68946,0.22453,0.36288,3.6288,52.4244,0.66528,0,0,1.24992,0.101005,0,0.66528,12.849,1,0.84672,0.36288,0,65.9819,3.38632,62.1118,0.84672,12.849,0.84672,3695.15,0,36.966,0.616119,2.67089,2.14473,9.44153,0.819472,12.8216,0.42336,36.966,0.42336,423.524,0,1.02816,0,0,3.69905,2.67089,1.028160,1,0,74.9333,0,0,0,74.9333,0
31.244,2.24917,0,0,3.6349,0.221905,0.36288,3.6288,52.8925,0.66528,0,0,1.2717,0.138301,0,0.66528,12.849,1,0.84672,0.36288,0,66.2691,3.41997,62.3653,0.84672,12.849,0.84672,3695.15,0,36.966,0.616167,2.74124,2.36452,8.8871,1.10961,12.2671,0.42336,36.966,0.42336,423.524,0,1.02816,0,0,3.7694,2.74124,1.028160,1,0,74.6324,0,0,0,74.6324,0
33.0099,2.24925,0,0,4.6195,0.241449,0.36288,3.6288,53.4687,0.66528,0,0,1.36852,0.127111,0,0.66528,12.849,1,0.84672,0.36288,0,80.0919,3.60402,76.0041,0.84672,12.849,0.84672,3695.15,0,36.966,0.616214,3.59801,2.36457,10.0585,1.06896,14.3359,0.42336,36.966,0.42336,423.524,0,1.02816,0,0,4.62617,3.59801,1.028160,1,0,90.34,0,0,0,90.34,0
33.8291,2.24933,0,0,3.67824,0.246868,0.36288,3.6288,53.7554,0.66528,0,0,1.0797,0.127697,0,0.66528,12.849,1,0.84672,0.36288,0,80.9689,3.60402,76.881,0.84672,12.849,0.84672,3695.15,0,36.966,0.616262,2.69336,2.36462,8.46556,1.06896,11.8383,0.42336,36.966,0.42336,423.524,0,1.02816,0,0,3.72152,2.69336,1.028160,1,0,88.7194,0,0,0,88.7194,0
36.8726,1.93166,0,0,5.56597,0.227886,0.36288,3.6288,54.732,0.591448,0,0,1.69039,0.122289,0,0.66528,12.849,1,0.733685,0.36288,0,117.658,2.99085,114.296,0.84672,12.849,0.84672,3695.15,0,36.966,0.406722,2.84718,2.36468,9.48802,0.918115,13.375,0.42336,36.966,0.42336,423.524,0,1.02816,0,0,3.87534,2.84718,1.028160,1,0,127.671,0,0,0,127.671,0
38.6609,1.97662,0,0,4.36046,0.232704,0.36288,3.6288,55.6469,0.595804,0,0,1.6328,0.122137,0,0.66528,12.849,1,0.688793,0.36288,0,117.876,2.88866,114.661,0.84672,12.849,0.84672,3695.15,0,36.966,0.402406,3.09398,2.06503,7.47749,0.892975,11.3411,0.42336,36.966,0.42336,423.524,0,1.02816,0,0,4.12214,3.09398,1.028160,1,0,126.002,0,0,0,126.002,0
41.3111,2.00059,0,0,5.25127,0.23764,0.36288,3.6288,56.4953,0.599804,0,0,1.57105,0.122874,0,0.66528,12.849,1,0.664898,0.36288,0,122.719,2.88866,119.528,0.84672,12.849,0.84672,3695.15,0,36.966,0.398447,2.44737,2.06507,9.21923,0.892975,12.4402,0.42336,36.966,0.42336,423.524,0,1.02816,0,0,3.47553,2.44737,1.028160,1,0,131.969,0,0,0,131.969,0
43.3965,2.03318,0,0,4.69991,0.21842,0.36288,3.6288,57.2959,0.603445,0,0,1.53982,0.135711,0,0.66528,12.849,1,0.63238,0.36288,0,127.561,3.43931,123.852,0.84672,12.849,0.84672,3695.15,0,36.966,0.394847,3.2009,2.06512,7.59041,1.03633,11.4253,0.42336,36.966,0.42336,423.524,0,1.02816,0,0,4.22906,3.2009,1.028160,1,0,135.277,0,0,0,135.277,0
46.2655,2.05668,0,0,5.52271,0.234138,0.36288,3.6288,59.2217,0.606824,0,0,2.69536,0.162778,0,0.66528,12.849,1,0.608949,0.36288,0,140.702,3.98904,136.466,0.84672,12.849,0.84672,3695.15,0,36.966,0.391509,5.02257,2.06516,14.1972,1.09809,19.7954,0.42336,36.966,0.42336,423.524,0,1.02816,0,0,6.05073,5.02257,1.028160,1,0,156.262,0,0,0,156.262,0
47.5536,2.17116,0,0,4.06897,0.246811,0.36288,3.6288,60.297,0.657381,0,0,1.93026,0.197561,0,0.66528,12.849,1,0.602982,0.36288,0,110.734,3.81906,106.675,0.84672,12.849,0.84672,3695.15,0,36.966,0.410335,4.28519,2.06521,9.49916,1.12609,14.3131,0.42336,36.966,0.42336,423.524,0,1.02816,0,0,5.31335,4.28519,1.028160,1,0,120.988,0,0,0,120.988,0
48.496,2.18408,0,0,3.73304,0.243683,0.36288,3.6288,61.0562,0.661944,0,0,1.6255,0.204366,0,0.66528,12.849,1,0.590139,0.36288,0,98.9116,3.92703,94.7573,0.84672,12.849,0.84672,3695.15,0,36.966,0.405815,3.53299,2.13915,8.22502,1.14601,12.3453,0.42336,36.966,0.42336,423.524,0,1.02816,0,0,4.56115,3.53299,1.028160,1,0,107.103,0,0,0,107.103,0
49.0847,2.1932,0,0,3.3506,0.205806,0.36288,3.6288,61.308,0.665113,0,0,1.41855,0.238176,0.263447,0.66528,12.849,1,0.581088,0.36288,0,97.8515,4.57485,93.0584,0.84672,12.849,0.84672,3695.15,0,36.966,0.402688,2.73331,2.1392,7.2697,1.2655,10.474,0.42336,36.966,0.42336,423.524,0,1.02816,0,0,3.76147,2.73331,1.028160,1,0,103.796,0,0,0,103.796,0
49.2379,2.19878,0,0,2.91809,0.203295,0.36288,3.6288,61.308,0.66528,0,0,1.42971,0.240289,0.524143,0.66528,12.849,1,0.575579,0.36288,0,67.0671,4.49072,62.3637,0.84672,12.849,0.84672,3695.15,0,36.966,0.402564,2.77539,2.13924,7.35454,1.24673,10.6199,0.42336,36.966,0.42336,423.524,0,1.02816,0,0,3.80355,2.77539,1.028160,1,0,73.5077,0,0,0,73.5077,0
49.5087,2.16663,0,0,2.98096,0.180634,0.36288,3.6288,61.308,0.649395,0,0,1.38296,0.250692,0.482874,0.66528,12.849,1,0.565399,0.36288,0,75.1326,3.9859,70.9442,0.84672,12.849,0.84672,3695.15,0,36.966,0.391556,3.7348,2.13929,7.05421,1.13408,11.4027,0.42336,36.966,0.42336,423.524,0,1.02816,0,0,4.76296,3.7348,1.028160,1,0,82.8297,0,0,0,82.8297,0
49.3908,2.16914,0,0,2.59527,0.18116,0.36288,3.6288,61.308,0.649421,0,0,1.3284,0.250692,0.428287,0.66528,12.849,1,0.562958,0.36288,0,66.7345,3.9859,62.5485,0.84672,12.849,0.84672,3695.15,0,36.966,0.391572,3.21445,2.11058,6.59863,1.13408,10.398,0.42336,36.966,0.42336,423.524,0,1.02816,0,0,4.24261,3.21445,1.028160,1,0,73.3748,0,0,0,73.3748,0
49.0043,2.16813,0,0,2.32545,0.180931,0.36288,3.6288,61.308,0.649447,0,0,1.1738,0.250692,0.273665,0.66528,12.849,1,0.564039,0.36288,0,57.2765,3.9859,53.0895,0.84672,12.849,0.84672,3695.15,0,36.966,0.391588,2.69254,2.11062,5.74855,1.13408,9.02605,0.42336,36.966,0.42336,423.524,0,1.02816,0,0,3.7207,2.69254,1.028160,1,0,62.3892,0,0,0,62.3892,0
48.4642,2.16466,0,0,2.15018,0.162657,0.36288,3.6288,61.308,0.649473,0,0,1.09217,0.222248,0.220444,0.66528,12.849,1,0.567579,0.36288,0,54.4012,3.39611,50.8004,0.84672,12.849,0.84672,3695.15,0,36.966,0.391603,2.50402,2.11067,5.18212,0.984491,8.42071,0.42336,36.966,0.42336,423.524,0,1.02816,0,0,3.53218,2.50402,1.028160,1,0,59.4416,0,0,0,59.4416,0
47.7666,2.27351,0,0,2.08646,0.147725,0.36288,3.6288,61.308,0.66528,0,0,0.955014,0.215405,0.074329,0.66528,12.849,1,0.602761,0.36288,0,48.0039,3.67542,44.0886,0.84672,12.849,0.84672,3695.15,0,36.966,0.471365,2.42496,2.11071,5.20381,1.02248,8.24565,0.42336,36.966,0.42336,423.524,0,1.02816,0,0,3.45312,2.42496,1.028160,1,0,52.4086,0,0,0,52.4086,0
46.9522,2.26663,0,0,1.93336,0.118241,0.36288,3.6288,61.308,0.66528,0,0,0.917292,0.224716,0.0272957,0.66528,12.849,1,0.609714,0.36288,0,41.8138,4.10907,37.4579,0.84672,12.849,0.84672,3695.15,0,36.966,0.471409,2.42181,2.21154,5.02076,1.01948,8.16323,0.42336,36.966,0.42336,423.524,0,1.02816,0,0,3.44997,2.42181,1.028160,1,0,45.6484,0,0,0,45.6484,0
46.1229,2.25839,0,0,1.90914,0.117187,0.36288,3.6288,61.308,0.66528,0,0,0.996356,0.224716,0.10636,0.66528,12.849,1,0.618034,0.36288,0,40.436,4.10907,36.0718,0.84672,12.849,0.84672,3695.15,0,36.966,0.471453,2.34935,2.21159,5.50464,1.01948,8.57464,0.42336,36.966,0.42336,423.524,0,1.02816,0,0,3.37751,2.34935,1.028160,1,0,44.7528,0,0,0,44.7528,0
45.1797,2.24976,0,0,1.78553,0.116114,0.36288,3.6288,61.308,0.66528,0,0,0.919356,0.224716,0.0293607,0.66528,12.849,1,0.626742,0.36288,0,37.8248,4.10907,33.4519,0.84672,12.849,0.84672,3695.15,0,36.966,0.471497,2.21003,2.21164,4.8333,1.01948,7.764,0.42336,36.966,0.42336,423.524,0,1.02816,0,0,3.23819,2.21003,1.028160,1,0,41.2452,0,0,0,41.2452,0
44.5458,2.23963,0,0,2.07611,0.1075,0.36288,3.6288,61.308,0.66528,0,0,0.922035,0.238282,0.0184731,0.66528,12.849,1,0.636946,0.36288,0,40.9325,4.60465,36.0538,0.84672,12.849,0.84672,3695.15,0,36.966,0.471541,1.71982,2.21169,4.68196,1.10987,7.03205,0.42336,36.966,0.42336,423.524,0,1.02816,0,0,2.74798,1.71982,1.028160,1,0,43.1043,0,0,0,43.1043,0
44.3543,2.21055,0,0,2.46582,0.0838764,0.36288,3.6288,61.2757,0.66528,0,0,0.912928,0.279948,0,0.66528,12.849,1,0.637623,0.36288,0,46.4152,5.29076,40.8497,0.84672,12.849,0.84672,3695.15,0,36.966,0.524095,1.35664,2.21173,4.35144,1.30851,6.08721,0.42336,36.966,0.42336,423.524,0,1.02816,0,0,2.3848,1.35664,1.028160,1,0,46.9369,0,0,0,46.9369,0
44.0496,2.20848,0,0,2.34056,0.0739145,0.36288,3.6288,61.1949,0.66528,0,0,0.882092,0.297571,0,0.66528,12.849,1,0.639774,0.36288,0,43.3585,5.30974,37.7718,0.84672,12.849,0.84672,3695.15,0,36.966,0.52414,1.27513,2.24702,4.38418,1.36709,6.01509,0.42336,36.966,0.42336,423.524,0,1.02816,0,0,2.30329,1.27513,1.028160,1,0,43.7869,0,0,0,43.7869,0
43.6047,2.20511,0,0,2.19677,0.0736586,0.36288,3.6288,61.0085,0.66528,0,0,0.776278,0.297419,0,0.66528,12.849,1,0.643217,0.36288,0,39.6172,5.30974,34.0271,0.84672,12.849,0.84672,3695.15,0,36.966,0.524185,1.18994,2.24706,4.1607,1.36709,5.70642,0.42336,36.966,0.42336,423.524,0,1.02816,0,0,2.2181,1.18994,1.028160,1,0,39.7335,0,0,0,39.7335,0
43.0259,2.2001,0,0,2.05746,0.0732849,0.36288,3.6288,60.77,0.66528,0,0,0.723781,0.297069,0,0.66528,12.849,1,0.648303,0.36288,0,37.9115,5.30974,32.3163,0.84672,12.849,0.84672,3695.15,0,36.966,0.52423,1.06758,2.24711,3.93812,1.36709,5.36149,0.42336,36.966,0.42336,423.524,0,1.02816,0,0,2.09574,1.06758,1.028160,1,0,37.6778,0,0,0,37.6778,0
42.3445,2.25006,0,0,1.98772,0.0562002,0.36288,3.6288,60.4864,0.66528,0,0,0.714347,0.332618,0,0.66528,12.849,1,0.671946,0.36288,0,37.2791,5.96935,31.0007,0.84672,12.849,0.84672,3695.15,0,36.966,0.571077,0.932723,2.24716,3.57437,1.54462,4.63855,0.42336,36.966,0.42336,423.524,0,1.02816,0,0,1.96088,0.932723,1.028160,1,0,35.6392,0,0,0,35.6392,0
41.5138,2.24183,0,0,1.8298,0.0557583,0.36288,3.6288,60.0947,0.66528,0,0,0.605604,0.332019,0,0.66528,12.849,1,0.68026,0.36288,0,30.6207,5.96935,24.3339,0.84672,12.849,0.84672,3695.15,0,36.966,0.571124,1.05164,2.29715,3.45606,1.54462,4.68911,0.42336,36.966,0.42336,423.524,0,1.02816,0,0,2.0798,1.05164,1.028160,1,0,29.0231,0,0,0,29.0231,0
40.5397,2.23149,0,0,1.67546,0.0552196,0.36288,3.6288,59.6591,0.66528,0,0,0.560911,0.331193,0,0.66528,12.849,1,0.690672,0.36288,0,29.1049,5.96935,22.8077,0.84672,12.849,0.84672,3695.15,0,36.966,0.57117,0.749693,2.2972,3.03786,1.54462,3.96896,0.42336,36.966,0.42336,423.524,0,1.02816,0,0,1.77785,0.749693,1.028160,1,0,26.7767,0,0,0,26.7767,0
39.6807,2.21895,0,0,1.77023,0.0473646,0.36288,3.6288,59.3024,0.66528,0,0,0.643918,0.3354,0,0.66528,12.849,1,0.703292,0.36288,0,28.545,6.11891,22.0857,0.84672,12.849,0.84672,3695.15,0,36.966,0.571217,1.10528,2.29725,4.01867,1.5745,5.27548,0.42336,36.966,0.42336,423.524,0,1.02816,0,0,2.13344,1.10528,1.028160,1,0,27.3612,0,0,0,27.3612,0
38.9306,2.37019,0,0,2.03278,0.0498216,0.36288,3.6288,58.9246,0.66528,0,0,0.596128,0.308617,0,0.66528,12.849,1,0.76749,0.36288,0,27.9377,5.95966,21.5734,0.84672,12.849,0.84672,3695.15,0,36.966,0.740209,0.852569,2.2973,4.059,1.51467,4.95399,0.42336,36.966,0.42336,423.524,0,1.02816,0,0,1.88073,0.852569,1.028160,1,0,26.5274,0,0,0,26.5274,0
38.4474,2.35913,0,0,2.28244,0.0435982,0.36288,3.6288,58.5331,0.66528,0,0,0.59758,0.32386,0,0.66528,12.849,1,0.778629,0.36288,0,30.5758,6.03897,24.121,0.84672,12.849,0.84672,3695.15,0,36.966,0.740259,0.791303,2.46824,3.51275,1.48691,4.54512,0.42336,36.966,0.42336,423.524,0,1.02816,0,0,1.81946,0.791303,1.028160,1,0,28.6661,0,0,0,28.6661,0
37.5689,2.35186,0,0,1.87956,0.0433543,0.36288,3.6288,58.0648,0.66528,0,0,0.520123,0.323047,0,0.66528,12.849,1,0.785983,0.36288,0,37.9579,6.03897,31.4959,0.84672,12.849,0.84672,3695.15,0,36.966,0.74031,0.579519,2.46829,3.13391,1.48691,3.9545,0.42336,36.966,0.42336,423.524,0,1.02816,0,0,1.60768,0.579519,1.028160,1,0,35.4504,0,0,0,35.4504,0
36.9041,2.33822,0,0,2.07928,0.0429108,0.36288,3.6288,57.792,0.66528,0,0,0.714482,0.322073,0,0.66528,12.849,1,0.7997,0.36288,0,32.5438,6.03897,26.068,0.84672,12.849,0.84672,3695.15,0,36.966,0.74036,1.07643,2.46835,3.74508,1.48691,5.06258,0.42336,36.966,0.42336,423.524,0,1.02816,0,0,2.10459,1.07643,1.028160,1,0,31.1306,0,0,0,31.1306,0
36.3292,2.3276,0,0,2.1635,0.0479425,0.36288,3.6288,57.4216,0.66528,0,0,0.594805,0.299878,0,0.66528,12.849,1,0.810405,0.36288,0,32.2876,5.71524,26.1248,0.84672,12.849,0.84672,3695.15,0,36.966,0.74041,0.933215,2.4684,3.75503,1.42333,4.99291,0.42336,36.966,0.42336,423.524,0,1.02816,0,0,1.96137,0.933215,1.028160,1,0,31.1177,0,0,0,31.1177,0
35.7704,2.24064,0,0,2.1056,0.0609424,0.36288,3.6288,57.4237,0.66528,0,0,0.912584,0.245218,0,0.66528,12.849,1,0.792474,0.36288,0,25.1729,4.90591,19.8374,0.84672,12.849,0.84672,3695.15,0,36.966,0.637905,1.80079,2.46845,2.94319,1.26436,5.31017,0.42336,36.966,0.42336,423.524,0,1.02816,0,0,2.82895,1.80079,1.028160,1,0,25.1476,0,0,0,25.1476,0
34.9729,2.23159,0,0,1.8575,0.0605358,0.36288,3.6288,57.027,0.66528,0,0,0.513789,0.245221,0,0.66528,12.849,1,0.801604,0.36288,0,26.0752,4.90591,20.7305,0.84672,12.849,0.84672,3695.15,0,36.966,0.637953,0.684755,2.3696,2.20715,1.26436,3.35919,0.42336,36.966,0.42336,423.524,0,1.02816,0,0,1.71291,0.684755,1.028160,1,0,24.0897,0,0,0,24.0897,0
33.9079,2.21828,0,0,1.57618,0.0599555,0.36288,3.6288,56.5855,0.66528,0,0,0.468344,0.24459,0,0.66528,12.849,1,0.814993,0.36288,0,24.0941,4.90591,18.7361,0.84672,12.849,0.84672,3695.15,0,36.966,0.638001,0.529114,2.36965,2.10019,1.26436,3.0966,0.42336,36.966,0.42336,423.524,0,1.02816,0,0,1.55727,0.529114,1.028160,1,0,21.8327,0,0,0,21.8327,0
34.5665,2.19977,0,0,3.36067,0.139393,0.36288,3.6288,56.6213,0.66528,0,0,0.856761,0.155637,0,0.66528,12.849,1,0.833577,0.36288,0,53.0379,3.66014,48.9071,0.84672,12.849,0.84672,3695.15,0,36.966,0.638049,1.06237,2.36971,4.65339,0.874976,6.57245,0.42336,36.966,0.42336,423.524,0,1.02816,0,0,2.09053,1.06237,1.028160,1,0,55.4796,0,0,0,55.4796,0
34.0967,2.14859,0,0,2.2146,0.172933,0.36288,3.6288,56.5757,0.66528,0,0,0.756997,0.137371,0,0.66528,12.849,1,0.798668,0.36288,0,47.9502,3.87478,43.6396,0.84672,12.849,0.84672,3695.15,0,36.966,0.544736,0.469664,2.36976,3.06581,0.92736,4.43313,0.42336,36.966,0.42336,423.524,0,1.02816,0,0,1.49782,0.469664,1.028160,1,0,48.0727,0,0,0,48.0727,0
34.9146,2.14065,0,0,3.49644,0.175079,0.36288,3.6288,56.8306,0.66528,0,0,1.05694,0.136731,0,0.66528,12.849,1,0.806682,0.36288,0,50.6875,3.94516,46.2985,0.84672,12.849,0.84672,3695.15,0,36.966,0.544782,0.607444,2.28153,4.25283,0.946907,5.65012,0.42336,36.966,0.42336,423.524,0,1.02816,0,0,1.6356,0.607444,1.028160,1,0,51.9487,0,0,0,51.9487,0
35.0609,2.15452,0,0,2.84058,0.176836,0.36288,3.6288,57.3193,0.66528,0,0,1.29095,0.136959,0,0.66528,12.849,1,0.79289,0.36288,0,45.8361,3.94516,41.4609,0.84672,12.849,0.84672,3695.15,0,36.966,0.544828,1.56915,2.28158,3.86554,0.946907,6.22453,0.42336,36.966,0.42336,423.524,0,1.02816,0,0,2.59731,1.56915,1.028160,1,0,47.6854,0,0,0,47.6854,0
34.9187,2.157,0,0,2.57685,0.19925,0.36288,3.6288,57.4632,0.66528,0,0,0.956692,0.147481,0,0.66528,12.849,1,0.790489,0.36288,0,44.9603,4.11913,40.4136,0.84672,12.849,0.84672,3695.15,0,36.966,0.544874,0.723892,2.28163,4.55508,0.987523,6.0282,0.42336,36.966,0.42336,423.524,0,1.02816,0,0,1.75205,0.723892,1.028160,1,0,46.4418,0,0,0,46.4418,0
37.3135,1.97578,0,0,4.94592,0.212372,0.36288,3.6288,58.6364,0.61811,0,0,1.95032,0.15903,0,0.66528,12.849,1,0.727026,0.36288,0,104.962,4.35542,100.243,0.84672,12.849,0.84672,3695.15,0,36.966,0.397629,1.81461,2.28168,8.91604,1.04858,11.5661,0.42336,36.966,0.42336,423.524,0,1.02816,0,0,2.84277,1.81461,1.028160,1,0,111.809,0,0,0,111.809,0
38.0133,2.01054,0,0,3.29674,0.223563,0.36288,3.6288,60.317,0.623015,0,0,2.47027,0.166649,0,0.66528,12.849,1,0.692334,0.36288,0,106.891,4.14372,102.417,0.84672,12.849,0.84672,3695.15,0,36.966,0.392765,1.4535,2.08562,8.49347,0.979512,10.6603,0.42336,36.966,0.42336,423.524,0,1.02816,0,0,2.48166,1.4535,1.028160,1,0,113.078,0,0,0,113.078,0
39.9493,2.02012,0,0,4.54439,0.225409,0.36288,3.6288,61.308,0.629825,0,0,2.48676,0.16845,0.697509,0.66528,12.849,1,0.682827,0.36288,0,113.717,4.14372,109.253,0.84672,12.849,0.84672,3695.15,0,36.966,0.385996,1.8098,2.08567,9.30476,0.979512,11.8347,0.42336,36.966,0.42336,423.524,0,1.02816,0,0,2.83796,1.8098,1.028160,1,0,121.786,0,0,0,121.786,0
44.5004,2.04521,0,0,7.18972,0.230533,0.36288,3.6288,61.308,0.633743,0,0,3.43914,0.169512,2.63589,0.66528,12.849,1,0.657807,0.36288,0,137.763,4.14372,133.324,0.84672,12.849,0.84672,3695.15,0,36.966,0.382119,2.81276,2.08571,12.751,0.979512,16.2878,0.42336,36.966,0.42336,423.524,0,1.02816,0,0,3.84092,2.81276,1.028160,1,0,152.248,0,0,0,152.248,0
52.7343,2.09747,0,0,10.9136,0.219388,0.36288,3.6288,61.308,0.633769,0,0,2.50398,0.115187,1.75502,0.66528,12.849,1,0.605621,0.36288,0,158.069,3.24828,154.578,0.84672,12.849,0.84672,3695.15,0,36.966,0.382135,1.81646,2.08576,10.0418,0.865944,12.6959,0.42336,36.966,0.42336,423.524,0,1.02816,0,0,2.84462,1.81646,1.028160,1,0,169.029,0,0,0,169.029,0
53.5291,2.24926,0,0,3.67494,0.267901,0.36288,3.6288,61.308,0.66528,0,0,1.96786,0.202285,1.1003,0.66528,12.849,1,0.548046,0.36288,0,128.249,3.47859,124.585,0.84672,12.849,0.84672,3695.15,0,36.966,0.406978,1.24354,2.0858,5.98827,0.92703,7.9836,0.42336,36.966,0.42336,423.524,0,1.02816,0,0,2.2717,1.24354,1.028160,1,0,133.669,0,0,0,133.669,0
54.5028,2.25587,0,0,3.86041,0.268054,0.36288,3.6288,61.308,0.66528,0,0,2.07199,0.205777,1.20094,0.66528,12.849,1,0.541494,0.36288,0,97.4652,3.49524,93.7914,0.84672,12.849,0.84672,3695.15,0,36.966,0.40701,1.32627,2.147,6.67607,0.949434,8.79289,0.42336,36.966,0.42336,423.524,0,1.02816,0,0,2.35443,1.32627,1.028160,1,0,103.785,0,0,0,103.785,0
55.6384,2.26374,0,0,4.03298,0.270715,0.36288,3.6288,61.308,0.66528,0,0,2.70326,0.205777,1.8322,0.66528,12.849,1,0.533677,0.36288,0,79.3124,3.49524,75.6464,0.84672,12.849,0.84672,3695.15,0,36.966,0.407042,2.17526,2.14703,8.4678,0.949434,11.4336,0.42336,36.966,0.42336,423.524,0,1.02816,0,0,3.20342,2.17526,1.028160,1,0,88.9122,0,0,0,88.9122,0
58.4994,2.27264,0,0,5.7703,0.273818,0.36288,3.6288,61.308,0.66528,0,0,2.23113,0.205777,1.36008,0.66528,12.849,1,0.524838,0.36288,0,102.349,3.49524,98.6917,0.84672,12.849,0.84672,3695.15,0,36.966,0.407074,1.80732,2.14707,9.44437,0.949434,12.0423,0.42336,36.966,0.42336,423.524,0,1.02816,0,0,2.83548,1.80732,1.028160,1,0,112.094,0,0,0,112.094,0
59.868,2.54164,0,0,4.58377,0.310615,0.36288,3.6288,61.308,0.66528,0,0,1.63709,0.184125,0.787685,0.66528,12.849,1,0.558254,0.36288,0,125.947,2.95788,122.794,0.84672,12.849,0.84672,3695.15,0,36.966,0.61853,0.848837,2.1471,7.63949,0.823244,9.19365,0.42336,36.966,0.42336,423.524,0,1.02816,0,0,1.877,0.848837,1.028160,1,0,132.775,0,0,0,132.775,0
59.4852,2.55219,0,0,2.84989,0.317633,0.36288,3.6288,61.308,0.778861,0,0,1.34353,0.163229,0.401438,0.66528,12.849,1,0.547758,0.36288,0,122.07,2.65366,119.232,0.84672,12.849,0.84672,3695.15,0,36.966,0.618566,0.503194,2.36715,6.50929,0.74161,8.01946,0.42336,36.966,0.42336,423.524,0,0.914579,0,0,1.41777,0.503194,1.028160,1,0,127.653,0,0,0,127.653,0
61.9707,2.54935,0,0,5.70016,0.302413,0.36288,3.6288,61.308,0.66528,0,0,2.70301,0.196425,1.8413,0.66528,12.849,1,0.550667,0.36288,0,167.487,3.4399,163.86,0.84672,12.849,0.84672,3695.15,0,36.966,0.618602,2.15537,2.36719,9.34684,0.987585,12.2632,0.42336,36.966,0.42336,423.524,0,1.02816,0,0,3.18353,2.15537,1.028160,1,0,177.964,0,0,0,177.964,0
66.1266,2.56769,0,0,7.39314,0.306641,0.36288,3.6288,61.308,0.66528,0,0,3.57471,0.201958,2.70748,0.66528,12.849,1,0.532384,0.36288,0,196.437,3.57095,192.697,0.84672,12.849,0.84672,3695.15,0,36.966,0.618638,4.10428,2.36723,11.053,1.02858,15.8773,0.42336,36.966,0.42336,423.524,0,1.02816,0,0,5.13244,4.10428,1.028160,1,0,211.282,0,0,0,211.282,0
70.1038,2.23463,0,0,6.91871,0.344056,0.36288,3.6288,61.308,0.623973,0,0,4.25189,0.184957,3.44296,0.66528,12.849,1,0.434209,0.36288,0,290.371,3.64437,286.656,0.84672,12.849,0.84672,3695.15,0,36.966,0.376228,3.77071,2.36727,13.6793,0.987515,18.4535,0.42336,36.966,0.42336,423.524,0,1.02816,0,0,4.79887,3.77071,1.028160,1,0,308.552,0,0,0,308.552,0
72.29,2.25549,0,0,7.47282,0.366059,2.66504,3.6288,61.308,0.623992,0,0,3.08769,0.178156,2.28555,0.66528,12.849,1,0.413399,2.66504,0,259.221,3.67374,257.799,0.84672,12.849,0.84672,3695.15,0,36.966,0.376239,4.73349,2.06725,15.0639,0.971089,20.5173,0.42336,36.966,0.42336,423.524,0,1.02816,0,0,5.76165,4.73349,1.028160,1,0,280.602,0,0,0,280.602,0
72.29,2.26616,0,0,13.3418,0.372233,10.7034,3.6288,61.308,0.624011,0,0,7.3198,0.178156,6.51763,0.66528,12.849,1,0.402792,10.7034,0,285.649,3.67374,292.276,0.84672,12.849,0.84672,3695.15,0,36.966,0.376251,7.22399,2.06729,21.956,0.971089,29.8999,0.42336,36.966,0.42336,423.524,0,1.02816,0,0,8.25215,7.22399,1.028160,1,0,328.693,0,0,0,328.693,0
72.29,2.2662,0,0,9.81685,0.373564,7.17709,3.6288,61.308,0.62403,0,0,4.72984,0.121383,3.98443,0.66528,12.849,1,0.4028,7.17709,0,262.138,3.41327,265.499,0.84672,12.849,0.84672,3695.15,0,36.966,0.376262,4.75159,2.06732,18.2109,0.877216,23.7763,0.42336,36.966,0.42336,423.524,0,1.02816,0,0,5.77975,4.75159,1.028160,1,0,293.26,0,0,0,293.26,0
72.29,2.26625,0,0,7.65927,0.334119,5.05891,3.6288,61.308,0.624049,0,0,2.90719,0.112828,2.17031,0.66528,12.849,1,0.402808,5.05891,0,218.948,3.38035,220.224,0.84672,12.849,0.84672,3695.15,0,36.966,0.376274,3.43599,2.06735,13.7821,0.855239,18.0539,0.42336,36.966,0.42336,423.524,0,1.02816,0,0,4.46415,3.43599,1.028160,1,0,240.448,0,0,0,240.448,0
72.29,2.35848,0,0,6.94872,0.299267,4.29098,3.6288,61.308,0.66528,0,0,3.26378,0.159418,2.43908,0.66528,12.849,1,0.419201,4.29098,0,236.122,4.11466,235.879,0.84672,12.849,0.84672,3695.15,0,36.966,0.404497,3.26988,2.06739,13.3385,0.96895,17.3023,0.42336,36.966,0.42336,423.524,0,1.02816,0,0,4.29804,3.26988,1.028160,1,0,255.62,0,0,0,255.62,0
72.29,2.35852,0,0,6.99373,0.310115,4.32509,3.6288,61.308,0.66528,0,0,3.00319,0.161285,2.17663,0.66528,12.849,1,0.41921,4.32509,0,224.935,4.20735,224.634,0.84672,12.849,0.84672,3695.15,0,36.966,0.404529,2.79851,2.1414,12.2564,0.981414,15.8103,0.42336,36.966,0.42336,423.524,0,1.02816,0,0,3.82667,2.79851,1.028160,1,0,242.621,0,0,0,242.621,0
72.29,2.35857,0,0,9.83388,0.310115,7.16519,3.6288,61.308,0.66528,0,0,4.60017,0.161285,3.7736,0.66528,12.849,1,0.419218,7.16519,0,231.714,4.20735,234.253,0.84672,12.849,0.84672,3695.15,0,36.966,0.404561,5.73413,2.14144,22.1229,0.981414,28.6125,0.42336,36.966,0.42336,423.524,0,1.02816,0,0,6.76229,5.73413,1.028160,1,0,266.639,0,0,0,266.639,0
72.29,2.35862,0,0,7.2036,0.283332,4.56165,3.6288,61.308,0.66528,0,0,3.81145,0.175558,2.97061,0.66528,12.849,1,0.419226,4.56165,0,285.028,4.38186,284.788,0.84672,12.849,0.84672,3695.15,0,36.966,0.404593,3.62298,2.14147,14.0251,1.01576,18.3692,0.42336,36.966,0.42336,423.524,0,1.02816,0,0,4.65114,3.62298,1.028160,1,0,306.128,0,0,0,306.128,0
72.29,2.32262,0,0,5.22624,0.206055,2.69757,3.6288,61.308,0.650636,0,0,2.11247,0.212584,1.24925,0.66528,12.849,1,0.412828,2.69757,0,146.618,3.77066,145.132,0.84672,12.849,0.84672,3695.15,0,36.966,0.392305,2.40011,2.14151,8.09508,0.92528,11.3191,0.42336,36.966,0.42336,423.524,0,1.02816,0,0,3.42827,2.40011,1.028160,1,0,157.701,0,0,0,157.701,0
72.29,2.32266,0,0,5.188,0.206055,2.65928,3.6288,61.308,0.650656,0,0,2.32653,0.212584,1.46329,0.66528,12.849,1,0.412836,2.65928,0,122.816,3.77066,121.292,0.84672,12.849,0.84672,3695.15,0,36.966,0.392316,2.74807,2.11275,10.1339,0.92528,13.6771,0.42336,36.966,0.42336,423.524,0,1.02816,0,0,3.77623,2.74807,1.028160,1,0,136.432,0,0,0,136.432,0
72.29,2.32271,0,0,5.40478,0.206055,2.87601,3.6288,61.308,0.650675,0,0,2.57712,0.212584,1.71386,0.66528,12.849,1,0.412844,2.87601,0,149.536,3.77066,148.228,0.84672,12.849,0.84672,3695.15,0,36.966,0.392328,3.06543,2.11279,10.0447,0.92528,13.9053,0.42336,36.966,0.42336,423.524,0,1.02816,0,0,4.09359,3.06543,1.028160,1,0,163.848,0,0,0,163.848,0
72.29,2.32276,0,0,4.30386,0.160057,1.82105,3.6288,61.308,0.650695,0,0,2.31149,0.182744,1.47805,0.66528,12.849,1,0.412852,1.82105,0,115.709,3.75869,113.359,0.84672,12.849,0.84672,3695.15,0,36.966,0.39234,2.66527,2.11282,8.25733,1.04109,11.602,0.42336,36.966,0.42336,423.524,0,1.02816,0,0,3.69343,2.66527,1.028160,1,0,126.439,0,0,0,126.439,0
72.29,2.44517,0,0,3.78769,0.130658,1.21186,3.6288,61.308,0.66528,0,0,1.82987,0.197419,0.967166,0.66528,12.849,1,0.43461,1.21186,0,97.9672,4.06815,94.6763,0.84672,12.849,0.84672,3695.15,0,36.966,0.473419,1.90106,2.11286,7.37329,1.02449,9.8893,0.42336,36.966,0.42336,423.524,0,1.02816,0,0,2.92922,1.90106,1.028160,1,0,105.533,0,0,0,105.533,0
72.29,2.44522,0,0,3.69457,0.114359,1.13499,3.6288,61.308,0.66528,0,0,1.87993,0.212156,1.0025,0.66528,12.849,1,0.434619,1.13499,0,96.3835,4.30175,92.7822,0.84672,12.849,0.84672,3695.15,0,36.966,0.473452,1.66257,2.21379,6.9114,0.997553,9.31675,0.42336,36.966,0.42336,423.524,0,1.02816,0,0,2.69073,1.66257,1.028160,1,0,103.101,0,0,0,103.101,0
72.29,2.44526,0,0,3.25789,0.114359,0.69827,3.6288,61.308,0.66528,0,0,1.5212,0.212156,0.643766,0.66528,12.849,1,0.434627,0.69827,0,78.1255,4.30175,74.0874,0.84672,12.849,0.84672,3695.15,0,36.966,0.473485,1.45066,2.21382,6.06665,0.997553,8.26009,0.42336,36.966,0.42336,423.524,0,1.02816,0,0,2.47882,1.45066,1.028160,1,0,82.9912,0,0,0,82.9912,0
72.29,2.44531,0,0,3.04524,0.114359,0.485565,3.6288,61.308,0.66528,0,0,1.45656,0.212156,0.579121,0.66528,12.849,1,0.434636,0.485565,0,73.2819,4.30175,69.0311,0.84672,12.849,0.84672,3695.15,0,36.966,0.473519,1.34044,2.21386,5.98393,0.997553,8.06716,0.42336,36.966,0.42336,423.524,0,1.02816,0,0,2.3686,1.34044,1.028160,1,0,77.6774,0,0,0,77.6774,0
72.2651,2.44536,0,0,2.88861,0.105251,0.36288,3.6288,61.308,0.66528,0,0,1.22443,0.234487,0.324659,0.66528,12.849,1,0.434644,0.36288,0,68.9939,4.5443,64.3778,0.84672,12.849,0.84672,3695.15,0,36.966,0.473552,1.13416,2.21389,6.0157,1.06878,7.82142,0.42336,36.966,0.42336,423.524,0,1.02816,0,0,2.16232,1.13416,1.028160,1,0,72.5239,0,0,0,72.5239,0
72.2198,2.42108,0,0,2.84424,0.105596,0.36288,3.6288,61.308,0.66528,0,0,0.982653,0.263482,0.0538907,0.66528,12.849,1,0.430477,0.36288,0,63.6422,4.85362,58.721,0.84672,12.849,0.84672,3695.15,0,36.966,0.526151,1.04885,2.21393,6.42496,1.17014,7.99146,0.42336,36.966,0.42336,423.524,0,1.02816,0,0,2.07701,1.04885,1.028160,1,0,66.7664,0,0,0,66.7664,0
72.0412,2.4209,0,0,2.71071,0.105559,0.36288,3.6288,61.308,0.66528,0,0,0.944836,0.263482,0.0160734,0.66528,12.849,1,0.430715,0.36288,0,61.5119,4.85362,56.5904,0.84672,12.849,0.84672,3695.15,0,36.966,0.526185,1.00082,2.24924,6.09835,1.17014,7.65208,0.42336,36.966,0.42336,423.524,0,1.02816,0,0,2.02898,1.00082,1.028160,1,0,64.2586,0,0,0,64.2586,0
71.7499,2.42004,0,0,2.56958,0.0778908,0.36288,3.6288,61.2367,0.66528,0,0,0.900521,0.306528,0,0.66528,12.849,1,0.43163,0.36288,0,57.8022,5.6247,52.1088,0.84672,12.849,0.84672,3695.15,0,36.966,0.526219,1.01548,2.24928,5.95321,1.40015,7.29159,0.42336,36.966,0.42336,423.524,0,1.02816,0,0,2.04364,1.01548,1.028160,1,0,59.4003,0,0,0,59.4003,0
71.2411,2.4186,0,0,2.3582,0.08557,0.36288,3.6288,61.1677,0.66528,0,0,0.887527,0.29125,0,0.66528,12.849,1,0.433124,0.36288,0,57.8165,5.63934,52.1069,0.84672,12.849,0.84672,3695.15,0,36.966,0.526254,0.98852,2.24931,5.73649,1.36383,7.08424,0.42336,36.966,0.42336,423.524,0,1.02816,0,0,2.01668,0.98852,1.028160,1,0,59.1911,0,0,0,59.1911,0
70.3706,2.47839,0,0,2.04949,0.0787139,0.36288,3.6288,60.8142,0.66528,0,0,0.639117,0.327344,0,0.66528,12.849,1,0.447002,0.36288,0,45.3114,5.55351,39.6737,0.84672,12.849,0.84672,3695.15,0,36.966,0.573139,0.462326,2.24935,4.41291,1.454,5.09745,0.42336,36.966,0.42336,423.524,0,1.02816,0,0,1.49049,0.462326,1.028160,1,0,44.7712,0,0,0,44.7712,0
69.79,2.47377,0,0,2.3212,0.0651715,0.36288,3.6288,60.6178,0.66528,0,0,0.811892,0.342968,0,0.66528,12.849,1,0.451686,0.36288,0,59.3921,5.62779,53.6755,0.84672,12.849,0.84672,3695.15,0,36.966,0.573174,0.751766,2.29938,5.06288,1.5215,6.01935,0.42336,36.966,0.42336,423.524,0,1.02816,0,0,1.77993,0.751766,1.028160,1,0,59.6948,0,0,0,59.6948,0
69.0044,2.47064,0,0,2.11282,0.0648802,0.36288,3.6288,60.2797,0.66528,0,0,0.669643,0.342541,0,0.66528,12.849,1,0.454869,0.36288,0,47.8373,5.62779,42.1175,0.84672,12.849,0.84672,3695.15,0,36.966,0.573209,0.790206,2.29942,4.70456,1.5215,5.69947,0.42336,36.966,0.42336,423.524,0,1.02816,0,0,1.81837,0.790206,1.028160,1,0,47.817,0,0,0,47.817,0
68.0323,2.46633,0,0,1.92161,0.064486,0.36288,3.6288,59.8962,0.66528,0,0,0.623635,0.341805,0,0.66528,12.849,1,0.459244,0.36288,0,44.5951,5.62779,38.8709,0.84672,12.849,0.84672,3695.15,0,36.966,0.573244,0.506788,2.29945,4.1927,1.5215,4.90419,0.42336,36.966,0.42336,423.524,0,1.02816,0,0,1.53495,0.506788,1.028160,1,0,43.7751,0,0,0,43.7751,0
67.1251,2.64219,0,0,2.1656,0.0677621,0.36288,3.6288,59.6421,0.66528,0,0,0.748241,0.337065,0,0.66528,12.849,1,0.499021,0.36288,0,47.0729,5.43749,41.4993,0.84672,12.849,0.84672,3695.15,0,36.966,0.742398,0.731894,2.29949,5.09069,1.46567,5.91401,0.42336,36.966,0.42336,423.524,0,1.02816,0,0,1.76005,0.731894,1.028160,1,0,47.4133,0,0,0,47.4133,0
66.2369,2.63658,0,0,2.19417,0.0828954,0.36288,3.6288,59.4085,0.66528,0,0,0.749174,0.317493,0,0.66528,12.849,1,0.504692,0.36288,0,46.3411,5.13849,41.0608,0.84672,12.849,0.84672,3695.15,0,36.966,0.742436,0.383547,2.47059,4.81445,1.39614,5.53002,0.42336,36.966,0.42336,423.524,0,1.02816,0,0,1.41171,0.383547,1.028160,1,0,46.5908,0,0,0,46.5908,0
65.2219,2.63097,0,0,2.06431,0.0854811,0.36288,3.6288,59.1792,0.66528,0,0,0.740569,0.304583,0,0.66528,12.849,1,0.51037,0.36288,0,43.6889,5.25262,38.2888,0.84672,12.849,0.84672,3695.15,0,36.966,0.742475,1.10735,2.47063,5.26389,1.43755,6.66185,0.42336,36.966,0.42336,423.524,0,1.02816,0,0,2.13551,1.10735,1.028160,1,0,44.9507,0,0,0,44.9507,0
64.096,2.62438,0,0,1.94624,0.0847911,0.36288,3.6288,58.9195,0.66528,0,0,0.709664,0.304137,0,0.66528,12.849,1,0.517015,0.36288,0,44.3149,5.25262,38.9081,0.84672,12.849,0.84672,3695.15,0,36.966,0.742513,1.23344,2.47067,4.91575,1.43755,6.43981,0.42336,36.966,0.42336,423.524,0,1.02816,0,0,2.2616,1.23344,1.028160,1,0,45.348,0,0,0,45.348,0
62.8765,2.61687,0,0,1.85433,0.0941222,0.36288,3.6288,58.656,0.66528,0,0,0.698433,0.296669,0,0.66528,12.849,1,0.52459,0.36288,0,41.431,5.17839,36.0909,0.84672,12.849,0.84672,3695.15,0,36.966,0.742551,1.1381,2.47072,4.95379,1.39996,6.42009,0.42336,36.966,0.42336,423.524,0,1.02816,0,0,2.16626,1.1381,1.028160,1,0,42.511,0,0,0,42.511,0
61.6857,2.52122,0,0,1.84651,0.153174,0.36288,3.6288,58.404,0.66528,0,0,0.667758,0.254468,0,0.66528,12.849,1,0.515219,0.36288,0,32.0326,4.73298,27.1473,0.84672,12.849,0.84672,3695.15,0,36.966,0.639931,0.964483,2.47076,5.298,1.17443,6.91887,0.42336,36.966,0.42336,423.524,0,1.02816,0,0,1.99264,0.964483,1.028160,1,0,34.0662,0,0,0,34.0662,0
60.1765,2.51304,0,0,1.51833,0.151684,0.36288,3.6288,58.418,0.66528,0,0,0.933326,0.254055,0,0.66528,12.849,1,0.523461,0.36288,0,31.0962,4.73298,26.2027,0.84672,12.849,0.84672,3695.15,0,36.966,0.639967,2.3715,2.37179,5.98168,1.17443,8.91057,0.42336,36.966,0.42336,423.524,0,1.02816,0,0,3.39966,2.3715,1.028160,1,0,35.1132,0,0,0,35.1132,0
58.4214,2.50227,0,0,1.25985,0.149771,0.36288,3.6288,58.0006,0.66528,0,0,0.501986,0.254078,0,0.66528,12.849,1,0.53429,0.36288,0,29.7947,4.73298,24.8903,0.84672,12.849,0.84672,3695.15,0,36.966,0.640003,0.731825,2.37183,4.45479,1.17443,5.74401,0.42336,36.966,0.42336,423.524,0,1.02816,0,0,1.75999,0.731825,1.028160,1,0,30.6343,0,0,0,30.6343,0
57.1815,2.48916,0,0,1.81201,0.199827,0.36288,3.6288,57.7439,0.66528,0,0,0.617459,0.208863,0,0.66528,12.849,1,0.547458,0.36288,0,34.7732,4.11009,30.4786,0.84672,12.849,0.84672,3695.15,0,36.966,0.64004,0.955066,2.37187,4.90202,0.979737,6.60918,0.42336,36.966,0.42336,423.524,0,1.02816,0,0,1.98323,0.955066,1.028160,1,0,37.0877,0,0,0,37.0877,0
55.5359,2.40909,0,0,1.37974,0.253351,0.36288,3.6288,57.5173,0.66528,0,0,0.648343,0.209702,0,0.66528,12.849,1,0.541336,0.36288,0,42.7734,3.90447,38.6905,0.84672,12.849,0.84672,3695.15,0,36.966,0.546624,0.327468,2.37191,8.25546,0.966714,9.4415,0.42336,36.966,0.42336,423.524,0,1.02816,0,0,1.35563,0.327468,1.028160,1,0,48.132,0,0,0,48.132,0
53.9793,2.39611,0,0,1.44635,0.244014,0.36288,3.6288,56.9775,0.837458,0,0,0.531277,0.233545,0,0.66528,12.849,1,0.554373,0.36288,0,32.7163,4.15443,28.3704,0.84672,12.849,0.84672,3695.15,0,36.966,0.546659,0.216518,2.28358,7.15137,1.06534,8.03947,0.42336,36.966,0.42336,423.524,0,0.855982,0,0,1.0725,0.216518,1.028160,1,0,36.4099,0,0,0,36.4099,0
54.7841,2.38324,0,0,3.79112,0.240219,0.36288,3.6288,57.6686,0.66528,0,0,1.58903,0.232728,0,0.66528,12.849,1,0.567297,0.36288,0,72.7031,4.15443,68.3442,0.84672,12.849,0.84672,3695.15,0,36.966,0.546694,2.65645,2.28362,14.4645,1.06534,17.7925,0.42336,36.966,0.42336,423.524,0,1.02816,0,0,3.68461,2.65645,1.028160,1,0,86.1368,0,0,0,86.1368,0
54.3991,2.39004,0,0,2.62216,0.254196,0.36288,3.6288,57.8445,0.66528,0,0,1.07947,0.238293,0,0.66528,12.849,1,0.560558,0.36288,0,54.7469,4.03161,50.5176,0.84672,12.849,0.84672,3695.15,0,36.966,0.546728,1.48126,2.28366,8.41752,1.02292,10.6128,0.42336,36.966,0.42336,423.524,0,1.02816,0,0,2.50942,1.48126,1.028160,1,0,61.1304,0,0,0,61.1304,0
55.6322,2.1887,0,0,4.05571,0.271034,0.36288,3.6288,58.5914,0.62072,0,0,1.59784,0.230218,0,0.66528,12.849,1,0.516967,0.36288,0,69.9177,4.21497,65.5487,0.84672,12.849,0.84672,3695.15,0,36.966,0.396677,2.38311,2.2837,10.5707,0.974788,13.866,0.42336,36.966,0.42336,423.524,0,1.02816,0,0,3.41127,2.38311,1.028160,1,0,79.4147,0,0,0,79.4147,0
55.6428,2.19805,0,0,2.82959,0.258078,0.36288,3.6288,58.9083,0.62384,0,0,1.1458,0.204991,0,0.66528,12.849,1,0.507669,0.36288,0,72.5576,4.86885,67.544,0.84672,12.849,0.84672,3695.15,0,36.966,0.393588,1.16812,2.08744,8.62203,1.05203,10.432,0.42336,36.966,0.42336,423.524,0,1.02816,0,0,2.19628,1.16812,1.028160,1,0,77.9759,0,0,0,77.9759,0
54.4224,2.19817,0,0,1.59876,0.258106,0.36288,3.6288,58.9266,0.62516,0,0,0.848794,0.205409,0,0.66528,12.849,1,0.5076,0.36288,0,44.6659,4.86885,39.6524,0.84672,12.849,0.84672,3695.15,0,36.966,0.392299,0.511911,2.08747,6.22555,1.05203,7.38061,0.42336,36.966,0.42336,423.524,0,1.02816,0,0,1.54007,0.511911,1.028160,1,0,47.033,0,0,0,47.033,0
55.5973,2.18901,0,0,4.00061,0.273821,0.36288,3.6288,59.2289,0.625254,0,0,1.14917,0.221553,0,0.66528,12.849,1,0.516819,0.36288,0,48.7874,4.1619,44.4716,0.84672,12.849,0.84672,3695.15,0,36.966,0.392236,2.0979,2.08751,9.23486,1.05536,11.9727,0.42336,36.966,0.42336,423.524,0,1.02816,0,0,3.12606,2.0979,1.028160,1,0,56.4442,0,0,0,56.4442,0
57.5251,2.19792,0,0,4.7805,0.291925,0.36288,3.6288,59.8069,0.626506,0,0,1.37688,0.172416,0,0.66528,12.849,1,0.507958,0.36288,0,84.253,3.46658,80.6413,0.84672,12.849,0.84672,3695.15,0,36.966,0.391015,2.69057,2.08754,13.5147,0.899332,17.0024,0.42336,36.966,0.42336,423.524,0,1.02816,0,0,3.71873,2.69057,1.028160,1,0,97.6438,0,0,0,97.6438,0
63.5272,2.28891,0,0,8.917,0.263086,0.36288,3.6288,61.308,0.663695,0,0,4.29645,0.22114,1.91049,0.66528,12.849,1,0.511259,0.36288,0,202.914,4.38028,198.385,0.84672,12.849,0.84672,3695.15,0,36.966,0.410223,4.59613,2.08758,17.2161,1.13248,22.3571,0.42336,36.966,0.42336,423.524,0,1.02816,0,0,5.62429,4.59613,1.028160,1,0,222.653,0,0,0,222.653,0
67.5189,2.32912,0,0,6.9612,0.27752,0.36288,3.6288,61.308,0.66528,0,0,3.45147,0.223259,2.56293,0.66528,12.849,1,0.471088,0.36288,0,149.475,4.38028,144.986,0.84672,12.849,0.84672,3695.15,0,36.966,0.40866,5.01069,2.14882,15.2856,1.13248,20.904,0.42336,36.966,0.42336,423.524,0,1.02816,0,0,6.03885,5.01069,1.028160,1,0,168.453,0,0,0,168.453,0
70.1347,2.35255,0,0,5.61781,0.286524,0.36288,3.6288,61.308,0.66528,0,0,2.81571,0.223259,1.92717,0.66528,12.849,1,0.447696,0.36288,0,118.348,4.38028,113.883,0.84672,12.849,0.84672,3695.15,0,36.966,0.408681,3.59273,2.14884,13.1032,1.13248,17.3036,0.42336,36.966,0.42336,423.524,0,1.02816,0,0,4.62089,3.59273,1.028160,1,0,133.114,0,0,0,133.114,0
72.29,2.36669,0,0,6.79608,0.32527,1.94884,3.6288,61.308,0.66528,0,0,2.46484,0.214334,1.58522,0.66528,12.849,1,0.433589,1.94884,0,143.137,4.47524,140.177,0.84672,12.849,0.84672,3695.15,0,36.966,0.408703,3.50209,2.14887,17.0722,1.29804,21.0164,0.42336,36.966,0.42336,423.524,0,1.02816,0,0,4.53025,3.50209,1.028160,1,0,162.779,0,0,0,162.779,0
72.29,2.63466,0,0,5.46936,0.346405,2.48829,3.6288,61.308,0.66528,0,0,2.54594,0.213132,1.66753,0.66528,12.849,1,0.468291,2.48829,0,131.84,4.61294,129.247,0.84672,12.849,0.84672,3695.15,0,36.966,0.620339,2.82378,2.14889,12.3022,1.34891,15.3056,0.42336,36.966,0.42336,423.524,0,1.02816,0,0,3.85194,2.82378,1.028160,1,0,146.221,0,0,0,146.221,0
72.29,2.6347,0,0,5.73647,0.348182,2.75359,3.6288,61.308,0.66528,0,0,3.03636,0.214909,2.15617,0.66528,12.849,1,0.468298,2.75359,0,127.343,4.68773,124.941,0.84672,12.849,0.84672,3695.15,0,36.966,0.620364,2.37136,2.36912,12.3041,1.3374,15.0868,0.42336,36.966,0.42336,423.524,0,1.02816,0,0,3.39952,2.37136,1.028160,1,0,142.184,0,0,0,142.184,0
72.29,2.63473,0,0,5.15634,0.348182,2.17343,3.6288,61.308,0.66528,0,0,2.85751,0.214909,1.97732,0.66528,12.849,1,0.468304,2.17343,0,122.691,4.68773,119.708,0.84672,12.849,0.84672,3695.15,0,36.966,0.620388,2.13696,2.36915,11.0745,1.3374,13.6228,0.42336,36.966,0.42336,423.524,0,1.02816,0,0,3.16512,2.13696,1.028160,1,0,135.308,0,0,0,135.308,0
72.29,2.63477,0,0,5.81293,0.326139,2.85203,3.6288,61.308,0.66528,0,0,2.80441,0.225153,1.91397,0.66528,12.849,1,0.46831,2.85203,0,119.444,4.31621,117.511,0.84672,12.849,0.84672,3695.15,0,36.966,0.620412,2.14932,2.36917,10.2524,1.13451,13.016,0.42336,36.966,0.42336,423.524,0,1.02816,0,0,3.17748,2.14932,1.028160,1,0,132.441,0,0,0,132.441,0
72.29,2.26828,0,0,5.08241,0.324298,2.48983,3.6288,61.308,0.624917,0,0,2.2927,0.211623,1.45616,0.66528,12.849,1,0.403169,2.48983,0,125.401,4.21156,123.276,0.84672,12.849,0.84672,3695.15,0,36.966,0.376797,1.4709,2.3692,8.77599,1.02052,11.2188,0.42336,36.966,0.42336,423.524,0,1.02816,0,0,2.49906,1.4709,1.028160,1,0,135.951,0,0,0,135.951,0
72.29,2.26831,0,0,4.45474,0.335318,1.85111,3.6288,61.308,0.62493,0,0,2.41948,0.195713,1.59883,0.66528,12.849,1,0.403175,1.85111,0,105.49,4.34207,102.596,0.84672,12.849,0.84672,3695.15,0,36.966,0.376805,1.55585,2.06891,8.93964,1.04915,11.1384,0.42336,36.966,0.42336,423.524,0,1.02816,0,0,2.58401,1.55585,1.028160,1,0,115.333,0,0,0,115.333,0
72.29,2.26834,0,0,4.60369,0.335318,2.00003,3.6288,61.308,0.624943,0,0,3.08775,0.195713,2.2671,0.66528,12.849,1,0.40318,2.00003,0,116.294,4.34207,113.549,0.84672,12.849,0.84672,3695.15,0,36.966,0.376813,2.13046,2.06893,15.0943,1.04915,17.8678,0.42336,36.966,0.42336,423.524,0,1.02816,0,0,3.15862,2.13046,1.028160,1,0,133.684,0,0,0,133.684,0
72.29,2.26837,0,0,5.94549,0.335318,3.3418,3.6288,61.308,0.624956,0,0,3.49042,0.195713,2.66975,0.66528,12.849,1,0.403186,3.3418,0,92.2139,4.34207,90.8104,0.84672,12.849,0.84672,3695.15,0,36.966,0.376821,2.85535,2.06896,17.393,1.04915,20.8913,0.42336,36.966,0.42336,423.524,0,1.02816,0,0,3.88351,2.85535,1.028160,1,0,114.372,0,0,0,114.372,0
72.29,2.2684,0,0,6.988,0.308976,4.41062,3.6288,61.308,0.624969,0,0,5.28123,0.192897,4.46337,0.66528,12.849,1,0.403191,4.41062,0,194.219,4.30492,193.922,0.84672,12.849,0.84672,3695.15,0,36.966,0.376829,5.26595,2.06898,22.4534,1.03606,28.3754,0.42336,36.966,0.42336,423.524,0,1.02816,0,0,6.29411,5.26595,1.028160,1,0,226.761,0,0,0,226.761,0
72.29,2.3607,0,0,8.55989,0.269026,5.93017,3.6288,61.308,0.66528,0,0,4.55605,0.18024,3.71053,0.66528,12.849,1,0.419596,5.93017,0,234.892,4.79262,235.61,0.84672,12.849,0.84672,3695.15,0,36.966,0.406021,3.49673,2.069,22.271,0.959324,26.4714,0.42336,36.966,0.42336,423.524,0,1.02816,0,0,4.52489,3.49673,1.028160,1,0,265.792,0,0,0,265.792,0
72.29,2.36073,0,0,5.47782,0.269026,2.84807,3.6288,61.308,0.66528,0,0,3.31297,0.18024,2.46745,0.66528,12.849,1,0.419602,2.84807,0,141.388,4.79262,139.024,0.84672,12.849,0.84672,3695.15,0,36.966,0.406043,2.35629,2.14307,16.7551,0.959324,19.8891,0.42336,36.966,0.42336,423.524,0,1.02816,0,0,3.38445,2.35629,1.028160,1,0,161.381,0,0,0,161.381,0
72.29,2.36076,0,0,4.68551,0.269026,2.05572,3.6288,61.308,0.66528,0,0,3.00952,0.18024,2.164,0.66528,12.849,1,0.419607,2.05572,0,118.089,4.79262,114.932,0.84672,12.849,0.84672,3695.15,0,36.966,0.406064,2.36595,2.14309,15.0697,0.959324,18.2134,0.42336,36.966,0.42336,423.524,0,1.02816,0,0,3.39411,2.36595,1.028160,1,0,135.31,0,0,0,135.31,0
72.29,2.36079,0,0,4.53391,0.256527,1.91659,3.6288,61.308,0.66528,0,0,2.79891,0.173133,1.9605,0.66528,12.849,1,0.419613,1.91659,0,101.596,4.51725,98.5758,0.84672,12.849,0.84672,3695.15,0,36.966,0.406086,2.0089,2.14312,14.4603,0.955318,17.251,0.42336,36.966,0.42336,423.524,0,1.02816,0,0,3.03706,2.0089,1.028160,1,0,117.787,0,0,0,117.787,0
72.29,2.32475,0,0,4.75629,0.194492,2.23705,3.6288,61.308,0.651547,0,0,2.61501,0.182073,1.78139,0.66528,12.849,1,0.413206,2.23705,0,111.324,3.89985,109.248,0.84672,12.849,0.84672,3695.15,0,36.966,0.392854,1.73983,2.14314,13.504,0.990286,16.0038,0.42336,36.966,0.42336,423.524,0,1.02816,0,0,2.76799,1.73983,1.028160,1,0,127.033,0,0,0,127.033,0
72.29,2.32478,0,0,4.29644,0.211812,1.75985,3.6288,61.308,0.65156,0,0,2.31733,0.192848,1.47293,0.66528,12.849,1,0.413212,1.75985,0,103.124,4.25349,100.217,0.84672,12.849,0.84672,3695.15,0,36.966,0.392862,1.57105,2.11435,12.0535,0.989479,14.3566,0.42336,36.966,0.42336,423.524,0,1.02816,0,0,2.59921,1.57105,1.028160,1,0,116.046,0,0,0,116.046,0
72.29,2.32481,0,0,3.86676,0.164737,1.37722,3.6288,61.308,0.651574,0,0,1.94523,0.20845,1.0852,0.66528,12.849,1,0.413217,1.37722,0,92.4091,4.39247,88.9807,0.84672,12.849,0.84672,3695.15,0,36.966,0.39287,1.6555,2.11438,10.8161,0.999183,13.1939,0.42336,36.966,0.42336,423.524,0,1.02816,0,0,2.68366,1.6555,1.028160,1,0,103.26,0,0,0,103.26,0
72.29,2.32484,0,0,3.65231,0.164737,1.16273,3.6288,61.308,0.651587,0,0,1.94977,0.20845,1.08973,0.66528,12.849,1,0.413223,1.16273,0,85.9075,4.39247,82.2646,0.84672,12.849,0.84672,3695.15,0,36.966,0.392878,1.54024,2.1144,10.2233,0.999183,12.4859,0.42336,36.966,0.42336,423.524,0,1.02816,0,0,2.5684,1.54024,1.028160,1,0,95.8401,0,0,0,95.8401,0
72.29,2.44734,0,0,3.4094,0.17814,0.783927,3.6288,61.308,0.66528,0,0,1.94106,0.197829,1.07795,0.66528,12.849,1,0.434996,0.783927,0,75.2734,4.4385,71.1838,0.84672,12.849,0.84672,3695.15,0,36.966,0.474915,1.46123,2.11442,9.56768,0.969047,11.6994,0.42336,36.966,0.42336,423.524,0,1.02816,0,0,2.48939,1.46123,1.028160,1,0,83.9612,0,0,0,83.9612,0
72.29,2.44737,0,0,3.28278,0.164339,0.671068,3.6288,61.308,0.66528,0,0,1.71482,0.194932,0.854612,0.66528,12.849,1,0.435001,0.671068,0,67.6953,4.65102,63.2803,0.84672,12.849,0.84672,3695.15,0,36.966,0.474938,1.21818,2.21542,8.05075,0.959274,10.0501,0.42336,36.966,0.42336,423.524,0,1.02816,0,0,2.24634,1.21818,1.028160,1,0,74.1851,0,0,0,74.1851,0
72.29,2.4474,0,0,3.05629,0.0851567,0.523729,3.6288,61.308,0.66528,0,0,1.51771,0.223093,0.629338,0.66528,12.849,1,0.435007,0.523729,0,65.9733,5.02887,61.0332,0.84672,12.849,0.84672,3695.15,0,36.966,0.474961,1.06934,2.21545,7.51222,1.03529,9.28675,0.42336,36.966,0.42336,423.524,0,1.02816,0,0,2.0975,1.06934,1.028160,1,0,70.9493,0,0,0,70.9493,0
72.1741,2.44744,0,0,2.7796,0.0851567,0.36288,3.6288,61.308,0.66528,0,0,1.22564,0.223093,0.337272,0.66528,12.849,1,0.435013,0.36288,0,60.0543,5.02887,54.9533,0.84672,12.849,0.84672,3695.15,0,36.966,0.474983,0.747127,2.21547,6.71604,1.03529,8.16837,0.42336,36.966,0.42336,423.524,0,1.02816,0,0,1.77529,0.747127,1.028160,1,0,63.4589,0,0,0,63.4589,0
71.9879,2.44688,0,0,2.71261,0.0890806,0.36288,3.6288,61.308,0.66528,0,0,1.0609,0.226673,0.168944,0.66528,12.849,1,0.435612,0.36288,0,53.7969,4.99716,48.727,0.84672,12.849,0.84672,3695.15,0,36.966,0.475006,0.732093,2.21549,6.3514,1.04441,7.77958,0.42336,36.966,0.42336,423.524,0,1.02816,0,0,1.76025,0.732093,1.028160,1,0,56.6755,0,0,0,56.6755,0
71.6999,2.42175,0,0,2.60952,0.112913,0.36288,3.6288,61.308,0.66528,0,0,1.33506,0.248154,0.421628,0.66528,12.849,1,0.432254,0.36288,0,47.9432,4.8069,43.0669,0.84672,12.849,0.84672,3695.15,0,36.966,0.527635,1.04843,2.21552,5.39855,1.09909,7.03578,0.42336,36.966,0.42336,423.524,0,1.02816,0,0,2.07659,1.04843,1.028160,1,0,50.5243,0,0,0,50.5243,0
71.1773,2.42031,0,0,2.37323,0.112666,0.36288,3.6288,61.308,0.66528,0,0,1.30183,0.248154,0.388398,0.66528,12.849,1,0.433732,0.36288,0,47.0048,4.8069,42.127,0.84672,12.849,0.84672,3695.15,0,36.966,0.527658,1.02153,2.25084,5.17277,1.09909,6.8184,0.42336,36.966,0.42336,423.524,0,1.02816,0,0,2.04969,1.02153,1.028160,1,0,49.3338,0,0,0,49.3338,0
70.4386,2.41764,0,0,2.15406,0.112217,0.36288,3.6288,61.308,0.66528,0,0,1.22132,0.248154,0.307891,0.66528,12.849,1,0.436435,0.36288,0,41.8851,4.8069,37.0046,0.84672,12.849,0.84672,3695.15,0,36.966,0.527681,0.790396,2.25087,5.00398,1.09909,6.41847,0.42336,36.966,0.42336,423.524,0,1.02816,0,0,1.81856,0.790396,1.028160,1,0,43.731,0,0,0,43.731,0
69.6268,2.4138,0,0,2.04363,0.0787257,0.36288,3.6288,61.308,0.66528,0,0,1.14563,0.324937,0.155412,0.66528,12.849,1,0.440312,0.36288,0,37.6752,5.79495,31.8029,0.84672,12.849,0.84672,3695.15,0,36.966,0.527705,0.797489,2.25089,4.74233,1.45974,5.80326,0.42336,36.966,0.42336,423.524,0,1.02816,0,0,1.82565,0.797489,1.028160,1,0,37.7615,0,0,0,37.7615,0
68.4557,2.47169,0,0,1.74717,0.0837116,0.36288,3.6288,61.308,0.66528,0,0,1.09486,0.31644,0.113141,0.66528,12.849,1,0.456129,0.36288,0,30.2453,5.70218,24.4498,0.84672,12.849,0.84672,3695.15,0,36.966,0.574614,0.476461,2.25092,3.86172,1.42287,4.59161,0.42336,36.966,0.42336,423.524,0,1.02816,0,0,1.50462,0.476461,1.028160,1,0,29.1546,0,0,0,29.1546,0
67.3159,2.46516,0,0,1.77335,0.0851236,0.36288,3.6288,61.308,0.66528,0,0,1.14735,0.313041,0.169027,0.66528,12.849,1,0.462705,0.36288,0,38.9675,5.66507,33.2026,0.84672,12.849,0.84672,3695.15,0,36.966,0.574638,0.633917,2.30097,4.02182,1.40812,4.97395,0.42336,36.966,0.42336,423.524,0,1.02816,0,0,1.66208,0.633917,1.028160,1,0,38.3456,0,0,0,38.3456,0
66.0639,2.45861,0,0,1.6539,0.0843653,0.36288,3.6288,61.308,0.66528,0,0,1.01624,0.313041,0.0379154,0.66528,12.849,1,0.46929,0.36288,0,30.8271,5.66507,25.0556,0.84672,12.849,0.84672,3695.15,0,36.966,0.574662,0.612507,2.301,3.67098,1.40812,4.6017,0.42336,36.966,0.42336,423.524,0,1.02816,0,0,1.64067,0.612507,1.028160,1,0,29.6952,0,0,0,29.6952,0
64.6707,2.4512,0,0,1.50439,0.0835325,0.36288,3.6288,61.2842,0.66528,0,0,0.954564,0.313041,0,0.66528,12.849,1,0.476742,0.36288,0,28.3465,5.66507,22.5676,0.84672,12.849,0.84672,3695.15,0,36.966,0.574686,0.355752,2.30102,3.35974,1.40812,4.03371,0.42336,36.966,0.42336,423.524,0,1.02816,0,0,1.38391,0.355752,1.028160,1,0,26.6013,0,0,0,26.6013,0
63.1901,2.62264,0,0,1.58681,0.0819095,0.36288,3.6288,61.308,0.66528,0,0,1.06044,0.331347,0.0400547,0.66528,12.849,1,0.521076,0.36288,0,27.7089,6.05744,21.4933,0.84672,12.849,0.84672,3695.15,0,36.966,0.743952,0.668071,2.30105,4.46591,1.4696,5.22149,0.42336,36.966,0.42336,423.524,0,1.02816,0,0,1.69623,0.668071,1.028160,1,0,26.7548,0,0,0,26.7548,0
61.3562,2.61253,0,0,1.27248,0.130928,0.36288,3.6288,60.9699,0.776347,0,0,0.745969,0.307704,0,0.66528,12.849,1,0.53123,0.36288,0,21.1825,6.15026,14.8639,0.84672,12.849,0.84672,3695.15,0,36.966,0.743978,0.227405,2.47226,2.80306,1.47597,3.28278,0.42336,36.966,0.42336,423.524,0,0.917093,0,0,1.1445,0.227405,1.028160,1,0,18.1467,0,0,0,18.1467,0
59.6913,2.59944,0,0,1.42188,0.124478,0.36288,3.6288,60.9117,0.66528,0,0,0.916687,0.309631,0,0.66528,12.849,1,0.544365,0.36288,0,26.9545,6.22503,20.548,0.84672,12.849,0.84672,3695.15,0,36.966,0.744004,0.409095,2.47229,2.9753,1.49091,3.62177,0.42336,36.966,0.42336,423.524,0,1.02816,0,0,1.43726,0.409095,1.028160,1,0,24.1697,0,0,0,24.1697,0
57.7421,2.58698,0,0,1.12331,0.122672,0.36288,3.6288,60.4031,0.868199,0,0,0.669151,0.309516,0,0.66528,12.849,1,0.556867,0.36288,0,27.8161,6.22503,21.3971,0.84672,12.849,0.84672,3695.15,0,36.966,0.74403,0.204422,2.47232,2.35753,1.49091,2.79933,0.42336,36.966,0.42336,423.524,0,0.825241,0,0,1.02966,0.204422,1.028160,1,0,24.1964,0,0,0,24.1964,0
56.0784,2.57164,0,0,1.39126,0.120379,0.36288,3.6288,60.5426,0.66528,0,0,1.11322,0.308519,0,0.66528,12.849,1,0.572251,0.36288,0,24.6513,6.22503,18.2169,0.84672,12.849,0.84672,3695.15,0,36.966,0.744056,0.80835,2.47235,3.54267,1.49091,4.5884,0.42336,36.966,0.42336,423.524,0,1.02816,0,0,1.83651,0.80835,1.028160,1,0,22.8053,0,0,0,22.8053,0
54.2463,2.47231,0,0,1.19384,0.190783,0.36288,3.6288,60.64,0.676892,0,0,1.08621,0.31191,0,0.66528,12.849,1,0.566469,0.36288,0,24.8246,6.08842,18.5326,0.84672,12.849,0.84672,3695.15,0,36.966,0.641351,0.204422,2.47237,4.78812,1.55104,5.27252,0.42336,36.966,0.42336,423.524,0,1.01655,0,0,1.22097,0.204422,1.028160,1,0,23.8051,0,0,0,23.8051,0
52.9393,2.45687,0,0,1.7001,0.18731,0.36288,3.6288,61.1828,0.66528,0,0,1.52021,0.312103,0,0.66528,12.849,1,0.581945,0.36288,0,21.3599,6.08842,15.0524,0.84672,12.849,0.84672,3695.15,0,36.966,0.641376,1.06517,2.37333,6.4077,1.55104,7.65379,0.42336,36.966,0.42336,423.524,0,1.02816,0,0,2.09333,1.06517,1.028160,1,0,22.7062,0,0,0,22.7062,0
50.8783,2.44535,0,0,0.932023,0.184833,0.36288,3.6288,61.1877,0.66528,0,0,0.983344,0.313179,0,0.66528,12.849,1,0.593514,0.36288,0,27.0343,6.08842,20.7152,0.84672,12.849,0.84672,3695.15,0,36.966,0.641401,0.408223,2.37335,3.98976,1.55104,4.5789,0.42336,36.966,0.42336,423.524,0,1.02816,0,0,1.43638,0.408223,1.028160,1,0,25.2941,0,0,0,25.2941,0
48.773,2.42618,0,0,0.864708,0.180926,0.36288,3.6288,61.0669,0.805827,0,0,0.998205,0.313189,0,0.66528,12.849,1,0.612717,0.36288,0,16.0576,6.08842,9.71935,0.84672,12.849,0.84672,3695.15,0,36.966,0.641425,0.216518,2.37338,3.01504,1.55104,3.41248,0.42336,36.966,0.42336,423.524,0,0.887613,0,0,1.10413,0.216518,1.028160,1,0,13.1318,0,0,0,13.1318,0
46.7717,2.33696,0,0,0.923331,0.224846,0.36288,3.6288,60.6685,0.937738,0,0,0.785894,0.246516,0,0.66528,12.849,1,0.615661,0.36288,0,22.8529,4.71504,17.8851,0.84672,12.849,0.84672,3695.15,0,36.966,0.567647,0.216518,2.37341,4.3554,1.24423,5.13345,0.42336,36.966,0.42336,423.524,0,0.73599,0,0,0.952508,0.216518,1.028160,1,0,23.0185,0,0,0,23.0185,0
44.5774,2.31633,0,0,0.703503,0.218543,0.36288,3.6288,59.6001,1.22907,0,0,0.361443,0.200726,0,0.66528,12.849,1,0.636336,0.36288,0,15.5597,4.00082,11.2854,0.84672,12.849,0.84672,3695.15,0,36.966,0.748888,0.216518,2.28501,2.8487,1.06165,3.5397,0.42336,36.966,0.42336,423.524,0,0.263438,0,0,0.479956,0.216518,1.028160,1,0,14.8251,0,0,0,14.8251,0
42.6373,2.29204,0,0,0.928083,0.213239,0.36288,3.6288,59.537,0.686195,0,0,0.822462,0.199364,0,0.66528,12.849,1,0.660659,0.36288,0,20.8179,4.00082,16.5193,0.84672,12.849,0.84672,3695.15,0,36.966,0.547982,0.216518,2.28503,5.06355,1.06165,5.95547,0.42336,36.966,0.42336,423.524,0,1.00725,0,0,1.22376,0.216518,1.028160,1,0,22.4748,0,0,0,22.4748,0
42.3084,2.26898,0,0,2.51151,0.20855,0.36288,3.6288,60.5842,0.66528,0,0,1.9117,0.199284,0,0.66528,12.849,1,0.683768,0.36288,0,62.1781,4.00082,57.8564,0.84672,12.849,0.84672,3695.15,0,36.966,0.548006,1.18282,2.28506,8.82533,1.06165,10.6836,0.42336,36.966,0.42336,423.524,0,1.02816,0,0,2.21098,1.18282,1.028160,1,0,68.54,0,0,0,68.54,0
40.9567,2.07688,0,0,1.33948,0.251491,0.36288,3.6288,60.2058,0.966694,0,0,0.761624,0.173357,0,0.66528,12.849,1,0.630746,0.36288,0,31.9162,3.49914,28.1492,0.84672,12.849,0.84672,3695.15,0,36.966,0.589837,0.292723,2.28509,4.41142,0.946438,5.45295,0.42336,36.966,0.42336,423.524,0,0.490165,0,0,0.782889,0.292723,1.028160,1,0,33.6021,0,0,0,33.6021,0
39.5404,2.06107,0,0,1.24353,0.23587,0.36288,3.6288,59.934,0.631079,0,0,0.574588,0.215238,0,0.66528,12.849,1,0.646601,0.36288,0,30.3309,3.66199,26.3852,0.84672,12.849,0.84672,3695.15,0,36.966,0.387479,0.372505,2.08869,4.83214,0.939273,5.96658,0.42336,36.966,0.42336,423.524,0,1.02816,0,0,1.40066,0.372505,1.028160,1,0,32.3518,0,0,0,32.3518,0
38.5332,2.04361,0,0,1.62109,0.221732,0.36288,3.6288,59.7201,0.630005,0,0,0.615158,0.199036,0,0.66528,12.849,1,0.66409,0.36288,0,40.7182,3.88553,36.5314,0.84672,12.849,0.84672,3695.15,0,36.966,0.388573,0.763491,2.08871,6.26152,1.01769,7.70746,0.42336,36.966,0.42336,423.524,0,1.02816,0,0,1.79165,0.763491,1.028160,1,0,44.2389,0,0,0,44.2389,0
37.7204,2.03062,0,0,1.79983,0.219164,0.36288,3.6288,59.1831,0.843282,0,0,0.504973,0.198764,0,0.66528,12.849,1,0.677116,0.36288,0,45.5907,3.88553,41.3909,0.84672,12.849,0.84672,3695.15,0,36.966,0.521981,0.412474,2.08873,4.7892,1.01769,5.75074,0.42336,36.966,0.42336,423.524,0,0.681497,0,0,1.09397,0.412474,1.028160,1,0,47.1417,0,0,0,47.1417,0
37.5728,2.01977,0,0,2.45216,0.217092,0.36288,3.6288,59.5157,0.724814,0,0,1.2555,0.198083,0,0.66528,12.849,1,0.688009,0.36288,0,62.4013,3.88553,58.1906,0.84672,12.849,0.84672,3695.15,0,36.966,0.452722,0.412474,2.08876,5.51694,1.01769,6.54777,0.42336,36.966,0.42336,423.524,0,0.869245,0,0,1.28172,0.412474,1.028160,1,0,64.7384,0,0,0,64.7384,0
36.6038,2.01775,0,0,1.63863,0.227015,0.36288,3.6288,59.8539,0.628346,0,0,1.21728,0.250747,0,0.66528,12.849,1,0.690023,0.36288,0,47.0301,5.02457,41.6784,0.84672,12.849,0.84672,3695.15,0,36.966,0.390275,0.558844,2.08878,5.89126,1.3455,6.80311,0.42336,36.966,0.42336,423.524,0,1.02816,0,0,1.587,0.558844,1.028160,1,0,48.4815,0,0,0,48.4815,0
36.5742,2.07406,0,0,2.63351,0.226125,0.36288,3.6288,60.3622,0.664589,0,0,1.43293,0.260015,0,0.66528,12.849,1,0.728054,0.36288,0,35.3141,5.21441,29.7345,0.84672,12.849,0.84672,3695.15,0,36.966,0.410453,0.707279,2.08878,6.10828,1.40013,7.09375,0.42336,36.966,0.42336,423.524,0,1.02816,0,0,1.73544,0.707279,1.028160,1,0,36.8283,0,0,0,36.8283,0
35.8091,2.07364,0,0,1.89745,0.226045,0.36288,3.6288,60.7856,0.66528,0,0,1.34955,0.260858,0,0.66528,12.849,1,0.728495,0.36288,0,37.2394,5.21441,31.6594,0.84672,12.849,0.84672,3695.15,0,36.966,0.409774,0.614978,2.15005,5.21763,1.40013,6.17275,0.42336,36.966,0.42336,423.524,0,1.02816,0,0,1.64314,0.614978,1.028160,1,0,37.8322,0,0,0,37.8322,0
34.4959,2.0622,0,0,1.37449,0.262618,0.36288,3.6288,61.308,0.66528,0,0,1.47971,0.236829,0.0552014,0.66528,12.849,1,0.739955,0.36288,0,26.8435,3.84721,22.6192,0.84672,12.849,0.84672,3695.15,0,36.966,0.409786,0.833596,2.15006,5.17986,0.978887,6.77485,0.42336,36.966,0.42336,423.524,0,1.02816,0,0,1.86176,0.833596,1.028160,1,0,29.4493,0,0,0,29.4493,0
33.5914,2.04169,0,0,1.75044,0.250385,0.36288,3.6288,61.308,0.66528,0,0,1.23008,0.233923,0.330873,0.66528,12.849,1,0.760484,0.36288,0,31.1873,3.66948,27.1202,0.84672,12.849,0.84672,3695.15,0,36.966,0.409798,0.805827,2.15008,5.40671,0.996256,6.95656,0.42336,36.966,0.42336,423.524,0,1.02816,0,0,1.83399,0.805827,1.028160,1,0,34.4076,0,0,0,34.4076,0
33.3504,2.25829,0,0,2.60871,0.228596,0.36288,3.6288,61.308,0.66528,0,0,1.50567,0.234517,0.60587,0.66528,12.849,1,0.84672,0.36288,0,45.6568,3.73632,41.4366,0.84672,12.849,0.84672,3695.15,0,36.966,0.621551,1.59493,2.15009,8.12791,1.11303,10.1383,0.42336,36.966,0.42336,423.524,0,1.02816,0,0,2.62309,1.59493,1.028160,1,0,52.1808,0,0,0,52.1808,0
33.7646,2.25831,0,0,3.26338,0.227916,0.36288,3.6288,61.308,0.66528,0,0,1.55214,0.234517,0.652344,0.66528,12.849,1,0.84672,0.36288,0,58.892,3.73632,54.6718,0.84672,12.849,0.84672,3695.15,0,36.966,0.621564,1.31471,2.37044,7.47325,1.11303,9.42382,0.42336,36.966,0.42336,423.524,0,1.02816,0,0,2.34287,1.31471,1.028160,1,0,64.748,0,0,0,64.748,0
33.5764,2.25833,0,0,2.64152,0.208586,0.36288,3.6288,61.308,0.66528,0,0,1.46696,0.244816,0.556864,0.66528,12.849,1,0.84672,0.36288,0,45.6341,3.67384,41.4764,0.84672,12.849,0.84672,3695.15,0,36.966,0.621577,0.927668,2.37045,6.76564,1.07118,8.371,0.42336,36.966,0.42336,423.524,0,1.02816,0,0,1.95583,0.927668,1.028160,1,0,50.4042,0,0,0,50.4042,0
34.4511,2.25835,0,0,3.7285,0.232563,0.36288,3.6288,61.308,0.66528,0,0,1.7743,0.173304,0.935718,0.66528,12.849,1,0.84672,0.36288,0,62.3576,3.13759,58.7361,0.84672,12.849,0.84672,3695.15,0,36.966,0.62159,1.43418,2.37047,8.49053,0.824098,10.8495,0.42336,36.966,0.42336,423.524,0,1.02816,0,0,2.46234,1.43418,1.028160,1,0,70.5213,0,0,0,70.5213,0
35.6982,1.94701,0,0,3.78442,0.227454,0.36288,3.6288,61.308,0.625542,0,0,2.30757,0.174396,1.50763,0.66528,12.849,1,0.726163,0.36288,0,63.2426,2.44597,60.4334,0.84672,12.849,0.84672,3695.15,0,36.966,0.377174,2.08173,2.37048,7.4812,0.712701,10.8435,0.42336,36.966,0.42336,423.524,0,1.02816,0,0,3.10989,2.08173,1.028160,1,0,72.7846,0,0,0,72.7846,0
40.1178,1.96568,0,0,6.97912,0.230918,0.36288,3.6288,61.308,0.625549,0,0,3.74222,0.174396,2.94227,0.66528,12.849,1,0.707515,0.36288,0,121.958,2.44597,119.167,0.84672,12.849,0.84672,3695.15,0,36.966,0.377178,4.32968,2.07001,15.3134,0.712701,20.6233,0.42336,36.966,0.42336,423.524,0,1.02816,0,0,5.35784,4.32968,1.028160,1,0,142.733,0,0,0,142.733,0
44.1652,2.02473,0,0,6.66214,0.227085,0.36288,3.6288,61.308,0.625556,0,0,4.11836,0.185072,3.30773,0.66528,12.849,1,0.648483,0.36288,0,149.889,3.09183,146.512,0.84672,12.849,0.84672,3695.15,0,36.966,0.377182,5.13884,2.07002,23.5229,0.820601,29.534,0.42336,36.966,0.42336,423.524,0,1.02816,0,0,6.167,5.13884,1.028160,1,0,179.354,0,0,0,179.354,0
46.7471,2.07078,0,0,5.23816,0.222646,0.36288,3.6288,61.308,0.625563,0,0,3.59857,0.187222,2.78578,0.66528,12.849,1,0.602452,0.36288,0,123.564,3.5988,119.726,0.84672,12.849,0.84672,3695.15,0,36.966,0.377187,3.12572,2.07003,12.7523,0.910992,16.6599,0.42336,36.966,0.42336,423.524,0,1.02816,0,0,4.15388,3.12572,1.028160,1,0,139.171,0,0,0,139.171,0
47.7094,2.09689,0,0,3.67629,0.254179,0.36288,3.6288,61.308,0.62557,0,0,1.59011,0.139801,0.824743,0.66528,12.849,1,0.576356,0.36288,0,49.3176,2.85723,46.2469,0.84672,12.849,0.84672,3695.15,0,36.966,0.377191,0.994084,2.07004,4.95734,0.608255,7.03602,0.42336,36.966,0.42336,423.524,0,1.02816,0,0,2.02224,0.994084,1.028160,1,0,54.1077,0,0,0,54.1077,0
50.5222,2.19172,0,0,5.62136,0.253958,0.36288,3.6288,61.308,0.66528,0,0,2.4871,0.156764,1.66506,0.66528,12.849,1,0.59027,0.36288,0,98.0434,3.1437,94.6723,0.84672,12.849,0.84672,3695.15,0,36.966,0.407012,2.16287,2.07006,7.86921,0.778914,10.9162,0.42336,36.966,0.42336,423.524,0,1.02816,0,0,3.19103,2.16287,1.028160,1,0,107.254,0,0,0,107.254,0
51.4185,2.21794,0,0,3.73886,0.26175,0.36288,3.6288,61.308,0.66528,0,0,1.8253,0.156764,1.00325,0.66528,12.849,1,0.564074,0.36288,0,52.3833,3.1437,49.0384,0.84672,12.849,0.84672,3695.15,0,36.966,0.407024,1.17336,2.14415,6.06419,0.778914,8.19577,0.42336,36.966,0.42336,423.524,0,1.02816,0,0,2.20152,1.17336,1.028160,1,0,58.2374,0,0,0,58.2374,0
53.5065,2.22582,0,0,4.94091,0.264217,0.36288,3.6288,61.308,0.66528,0,0,3.53945,0.156764,2.7174,0.66528,12.849,1,0.556212,0.36288,0,106.6,3.1437,103.263,0.84672,12.849,0.84672,3695.15,0,36.966,0.407036,3.37158,2.14417,10.9378,0.778914,15.2676,0.42336,36.966,0.42336,423.524,0,1.02816,0,0,4.39974,3.37158,1.028160,1,0,121.248,0,0,0,121.248,0
54.0056,2.24334,0,0,3.33032,0.225062,0.36288,3.6288,61.308,0.66528,0,0,1.65125,0.158406,0.827565,0.66528,12.849,1,0.538713,0.36288,0,60.9501,3.27938,57.4949,0.84672,12.849,0.84672,3695.15,0,36.966,0.407047,1.04889,2.14418,5.84151,0.825162,7.80237,0.42336,36.966,0.42336,423.524,0,1.02816,0,0,2.07705,1.04889,1.028160,1,0,66.1248,0,0,0,66.1248,0
53.7876,2.21304,0,0,2.60766,0.249744,0.36288,3.6288,61.308,0.652131,0,0,1.20262,0.18348,0.367008,0.66528,12.849,1,0.526525,0.36288,0,45.8643,3.66765,42.033,0.84672,12.849,0.84672,3695.15,0,36.966,0.393206,0.65397,2.14419,4.61488,0.877651,6.14219,0.42336,36.966,0.42336,423.524,0,1.02816,0,0,1.68213,0.65397,1.028160,1,0,48.5422,0,0,0,48.5422,0
53.4111,2.21133,0,0,2.37514,0.177348,0.36288,3.6288,61.308,0.661733,0,0,1.00535,0.222718,0.1209,0.66528,12.849,1,0.528252,0.36288,0,41.6219,4.01361,37.4429,0.84672,12.849,0.84672,3695.15,0,36.966,0.398995,0.528595,2.11538,4.26082,0.898308,5.60749,0.42336,36.966,0.42336,423.524,0,1.01278,0,0,1.54138,0.528595,1.028160,1,0,43.1713,0,0,0,43.1713,0
52.9906,2.20834,0,0,2.31544,0.164741,0.36288,3.6288,61.308,0.652145,0,0,1.09813,0.229258,0.216724,0.66528,12.849,1,0.531257,0.36288,0,40.332,4.07127,36.0924,0.84672,12.849,0.84672,3695.15,0,36.966,0.393215,0.652398,2.11539,4.82925,0.901751,6.30207,0.42336,36.966,0.42336,423.524,0,1.02816,0,0,1.68056,0.652398,1.028160,1,0,42.6112,0,0,0,42.6112,0
52.3637,2.20497,0,0,2.11145,0.170554,0.36288,3.6288,61.308,0.652153,0,0,0.931677,0.219289,0.0602351,0.66528,12.849,1,0.534654,0.36288,0,36.7091,3.99519,32.5422,0.84672,12.849,0.84672,3695.15,0,36.966,0.393219,0.432311,2.1154,4.31443,0.943686,5.52524,0.42336,36.966,0.42336,423.524,0,1.02816,0,0,1.46047,0.432311,1.028160,1,0,38.1276,0,0,0,38.1276,0
51.5202,2.31572,0,0,1.97601,0.140889,0.36288,3.6288,61.2597,0.713076,0,0,0.871646,0.206864,0,0.66528,12.849,1,0.56823,0.36288,0,34.8897,4.18425,30.5001,0.84672,12.849,0.84672,3695.15,0,36.966,0.475861,0.402797,2.11542,4.08699,0.978316,5.15102,0.42336,36.966,0.42336,423.524,0,0.980364,0,0,1.38316,0.402797,1.028160,1,0,35.6511,0,0,0,35.6511,0
50.6274,2.30829,0,0,1.91803,0.139663,0.36288,3.6288,61.2496,0.728931,0,0,0.925655,0.206801,0,0.66528,12.849,1,0.57568,0.36288,0,33.2551,4.18425,28.858,0.84672,12.849,0.84672,3695.15,0,36.966,0.475873,0.402797,2.21645,4.34771,0.978316,5.51277,0.42336,36.966,0.42336,423.524,0,0.964509,0,0,1.36731,0.402797,1.028160,1,0,34.3708,0,0,0,34.3708,0
49.6456,2.30021,0,0,1.81963,0.138365,0.36288,3.6288,61.2568,0.685532,0,0,0.89951,0.206788,0,0.66528,12.849,1,0.583782,0.36288,0,31.2343,4.18425,26.8291,0.84672,12.849,0.84672,3695.15,0,36.966,0.475885,0.30119,2.21647,4.01971,0.978316,5.08316,0.42336,36.966,0.42336,423.524,0,1.00791,0,0,1.3091,0.30119,1.028160,1,0,31.9123,0,0,0,31.9123,0
48.5623,2.29105,0,0,1.69951,0.128823,0.36288,3.6288,61.1285,0.758773,0,0,0.845631,0.215213,0,0.66528,12.849,1,0.592957,0.36288,0,29.0405,4.379,24.4314,0.84672,12.849,0.84672,3695.15,0,36.966,0.475897,0.30119,2.21648,3.89835,1.00596,4.93416,0.42336,36.966,0.42336,423.524,0,0.934667,0,0,1.23586,0.30119,1.028160,1,0,29.3656,0,0,0,29.3656,0
47.0989,2.28061,0,0,1.26776,0.0876632,0.36288,3.6288,60.8791,0.670645,0,0,0.679147,0.257892,0,0.66528,12.849,1,0.603421,0.36288,0,20.7706,5.12169,15.4084,0.84672,12.849,0.84672,3695.15,0,36.966,0.475909,0.30119,2.21649,3.06906,1.26235,3.84848,0.42336,36.966,0.42336,423.524,0,1.02279,0,0,1.32398,0.30119,1.028160,1,0,19.2569,0,0,0,19.2569,0
45.5989,2.24347,0,0,1.19262,0.0862719,0.36288,3.6288,60.5039,0.758393,0,0,0.640656,0.257485,0,0.66528,12.849,1,0.612039,0.36288,0,20.6168,5.12169,15.2459,0.84672,12.849,0.84672,3695.15,0,36.966,0.528552,0.30119,2.21651,3.20765,1.26235,3.93444,0.42336,36.966,0.42336,423.524,0,0.935047,0,0,1.23624,0.30119,1.028160,1,0,19.1804,0,0,0,19.1804,0
44.0094,2.22778,0,0,1.08596,0.0848458,0.36288,3.6288,60.1644,0.71674,0,0,0.634176,0.256873,0,0.66528,12.849,1,0.62775,0.36288,0,20.4574,5.12169,15.0708,0.84672,12.849,0.84672,3695.15,0,36.966,0.528565,0.261274,2.25183,3.08721,1.26235,3.8094,0.42336,36.966,0.42336,423.524,0,0.9767,0,0,1.23797,0.261274,1.028160,1,0,18.8802,0,0,0,18.8802,0
42.3355,2.21025,0,0,0.982558,0.0833345,0.36288,3.6288,59.6301,0.866479,0,0,0.588531,0.256319,0,0.66528,12.849,1,0.645304,0.36288,0,18.371,5.12169,12.9669,0.84672,12.849,0.84672,3695.15,0,36.966,0.532379,0.261274,2.25185,2.96092,1.26235,3.67931,0.42336,36.966,0.42336,423.524,0,0.823159,0,0,1.08443,0.261274,1.028160,1,0,16.6462,0,0,0,16.6462,0
40.7264,2.19069,0,0,1.00729,0.0627917,0.36288,3.6288,59.1328,0.732516,0,0,0.551038,0.315882,0,0.66528,12.849,1,0.664883,0.36288,0,17.6943,5.87283,11.5195,0.84672,12.849,0.84672,3695.15,0,36.966,0.52859,0.261274,2.25186,2.94367,1.51673,3.41149,0.42336,36.966,0.42336,423.524,0,0.960924,0,0,1.2222,0.261274,1.028160,1,0,14.9309,0,0,0,14.9309,0
39.0378,2.22676,0,0,0.961036,0.0599746,0.36288,3.6288,58.6032,0.725432,0,0,0.518075,0.322196,0,0.66528,12.849,1,0.702533,0.36288,0,16.9095,5.94216,10.6277,0.84672,12.849,0.84672,3695.15,0,36.966,0.57551,0.261274,2.25187,2.98878,1.52718,3.39924,0.42336,36.966,0.42336,423.524,0,0.968008,0,0,1.22928,0.261274,1.028160,1,0,14.0269,0,0,0,14.0269,0
37.2852,2.20391,0,0,0.872986,0.0587981,0.36288,3.6288,57.9814,0.804816,0,0,0.504039,0.321102,0,0.66528,12.849,1,0.725401,0.36288,0,15.9176,5.94216,9.61296,0.84672,12.849,0.84672,3695.15,0,36.966,0.575523,0.261274,2.30194,2.88209,1.52718,3.3426,0.42336,36.966,0.42336,423.524,0,0.888624,0,0,1.1499,0.261274,1.028160,1,0,12.9556,0,0,0,12.9556,0
35.4378,2.17857,0,0,0.739394,0.0453689,0.36288,3.6288,57.3765,0.780823,0,0,0.501301,0.325357,0,0.66528,12.849,1,0.750765,0.36288,0,15.1697,6.21895,8.56284,0.84672,12.849,0.84672,3695.15,0,36.966,0.575535,0.227405,2.30195,2.82819,1.52768,3.25433,0.42336,36.966,0.42336,423.524,0,0.912617,0,0,1.14002,0.227405,1.028160,1,0,11.8172,0,0,0,11.8172,0
33.5143,2.14986,0,0,0.644319,0.055049,0.36288,3.6288,56.7206,0.821284,0,0,0.472536,0.307129,0,0.66528,12.849,1,0.779494,0.36288,0,14.2036,5.96453,7.8225,0.84672,12.849,0.84672,3695.15,0,36.966,0.575548,0.227405,2.30197,2.61807,1.40013,3.17176,0.42336,36.966,0.42336,423.524,0,0.872156,0,0,1.09956,0.227405,1.028160,1,0,10.9943,0,0,0,10.9943,0
31.4152,2.29849,0,0,0.632525,0.0703047,0.36288,3.6288,56.1818,0.769271,0,0,0.496614,0.26618,0,0.66528,12.849,1,0.84672,0.36288,0,14.0425,5.36414,8.19453,0.84672,12.849,0.84672,3695.15,0,36.966,0.744877,0.227405,2.30198,2.08459,1.25828,2.61082,0.42336,36.966,0.42336,423.524,0,0.924169,0,0,1.15157,0.227405,1.028160,1,0,10.8054,0,0,0,10.8054,0
29.4423,2.29852,0,0,0.756968,0.0684815,0.36288,3.6288,55.6841,0.755196,0,0,0.522747,0.265247,0,0.66528,12.849,1,0.84672,0.36288,0,13.731,5.36414,7.88306,0.84672,12.849,0.84672,3695.15,0,36.966,0.744891,0.227405,2.47326,2.80055,1.25828,3.49805,0.42336,36.966,0.42336,423.524,0,0.938244,0,0,1.16565,0.227405,1.028160,1,0,11.3811,0,0,0,11.3811,0
27.2759,2.29854,0,0,0.564954,0.069944,0.36288,3.6288,55.0765,0.798293,0,0,0.455211,0.264462,0,0.66528,12.849,1,0.84672,0.36288,0,13.0844,5.38633,7.21424,0.84672,12.849,0.84672,3695.15,0,36.966,0.744904,0.204422,2.47327,1.8809,1.25393,2.55976,0.42336,36.966,0.42336,423.524,0,0.895147,0,0,1.09957,0.204422,1.028160,1,0,9.774,0,0,0,9.774,0
25.113,2.29856,0,0,0.574287,0.0757338,0.36288,3.6288,54.4502,0.83122,0,0,0.46855,0.263604,0,0.66528,12.849,1,0.84672,0.36288,0,12.0508,5.44183,6.12514,0.84672,12.849,0.84672,3695.15,0,36.966,0.744918,0.204422,2.47329,1.88692,1.24306,2.57665,0.42336,36.966,0.42336,423.524,0,0.86222,0,0,1.06664,0.204422,1.028160,1,0,8.70179,0,0,0,8.70179,0
22.9852,2.29858,0,0,0.648611,0.114895,0.36288,3.6288,53.1955,1.28515,0,0,0.257704,0.227273,0,0.66528,12.849,1,0.84672,0.36288,0,14.1429,4.69365,8.96541,0.84672,12.849,0.84672,3695.15,0,36.966,0.872482,0.204422,2.4733,1.60008,1.03393,2.3714,0.42336,36.966,0.42336,423.524,0,0.28074,0,0,0.485163,0.204422,1.028160,1,0,11.3368,0,0,0,11.3368,0
20.9426,2.19341,0,0,0.647707,0.134058,0.36288,3.6288,52.1431,1.16689,0,0,0.326259,0.211764,0,0.66528,12.849,1,0.84672,0.36288,0,13.9212,4.25208,9.18528,0.84672,12.849,0.84672,3695.15,0,36.966,0.810881,0.204422,2.47332,1.98483,0.927291,2.9244,0.42336,36.966,0.42336,423.524,0,0.357844,0,0,0.562266,0.204422,1.028160,1,0,12.1097,0,0,0,12.1097,0
18.9211,2.19343,0,0,0.665283,0.130406,0.36288,3.6288,51.2897,1.07162,0,0,0.428205,0.209984,0,0.66528,12.849,1,0.84672,0.36288,0,14.0956,4.25208,9.35972,0.84672,12.849,0.84672,3695.15,0,36.966,0.759705,0.216518,2.37422,2.2649,0.927291,3.16864,0.42336,36.966,0.42336,423.524,0,0.504306,0,0,0.720824,0.216518,1.028160,1,0,12.5284,0,0,0,12.5284,0
16.8422,2.19345,0,0,0.604226,0.126792,0.36288,3.6288,50.2598,1.15319,0,0,0.331773,0.208541,0,0.66528,12.849,1,0.84672,0.36288,0,12.6214,4.25208,7.88548,0.84672,12.849,0.84672,3695.15,0,36.966,0.831138,0.216518,2.37423,1.78175,0.927291,2.61407,0.42336,36.966,0.42336,423.524,0,0.351313,0,0,0.567831,0.216518,1.028160,1,0,10.4995,0,0,0,10.4995,0
14.8797,2.19348,0,0,0.738405,0.144586,0.36288,3.6288,49.5836,0.936502,0,0,0.486441,0.226095,0,0.66528,12.849,1,0.84672,0.36288,0,19.3675,4.57356,14.3101,0.84672,12.849,0.84672,3695.15,0,36.966,0.688796,0.216518,2.37424,2.51058,1.01843,3.39411,0.42336,36.966,0.42336,423.524,0,0.710355,0,0,0.926873,0.216518,1.028160,1,0,17.7042,0,0,0,17.7042,0
12.8705,2.10715,0,0,0.627761,0.166983,0.36288,3.6288,48.857,0.902982,0,0,0.426788,0.25043,0,0.66528,12.849,1,0.84672,0.36288,0,27.0945,5.0022,21.6085,0.84672,12.849,0.84672,3695.15,0,36.966,0.673198,0.216518,2.37426,2.14639,1.13995,2.92402,0.42336,36.966,0.42336,423.524,0,0.665937,0,0,0.882455,0.216518,1.028160,1,0,24.5325,0,0,0,24.5325,0
10.7791,2.40957,0,0,0.838389,0.157264,0.36288,3.6288,48.4875,0.631122,0,0,0.508738,0.247116,0,0.66528,12.849,1,0.84672,0.36288,0,18.3641,4.9542,12.926,0.84672,12.849,0.84672,3695.15,0,36.966,0.477517,0.216518,2.28581,2.81482,1.15068,3.68895,0.42336,36.966,0.42336,423.524,0,0.83109,0,0,1.04761,0.216518,1.028160,1,0,16.615,0,0,0,16.615,0
11.2741,2.40959,0,0,3.41132,0.143922,0.36288,3.6288,48.6565,0.517244,0,0,0.903499,0.217276,0,0.66528,12.849,1,0.84672,0.36288,0,57.06,4.2455,52.3307,0.84672,12.849,0.84672,3695.15,0,36.966,0.394338,0.675199,2.10886,6.75696,1.1074,8.03929,0.42336,36.966,0.42336,423.524,0,1.02816,0,0,1.70336,0.675199,1.028160,1,0,60.37,0,0,0,60.37,0
10.3178,2.40961,0,0,1.97055,0.154304,0.36288,3.6288,48.7266,0.518029,0,0,0.781531,0.193383,0,0.66528,12.849,1,0.84672,0.36288,0,49.202,3.83376,44.8844,0.84672,12.849,0.84672,3695.15,0,36.966,0.393565,0.528587,2.10888,5.84844,0.98252,7.10982,0.42336,36.966,0.42336,423.524,0,1.02816,0,0,1.55675,0.528587,1.028160,1,0,51.9942,0,0,0,51.9942,0
10.8831,2.16439,0,0,3.22371,0.131159,0.36288,3.6288,49.1954,0.407567,0,0,1.07057,0.194243,0,0.66528,12.849,1,0.84672,0.36288,0,91.0094,4.72899,85.7966,0.84672,12.849,0.84672,3695.15,0,36.966,0.309197,1.35366,2.10889,6.93852,1.09463,8.99725,0.42336,36.966,0.42336,423.524,0,1.02816,0,0,2.38182,1.35366,1.028160,1,0,94.7939,0,0,0,94.7939,0
9.77172,2.16441,0,0,1.54881,0.132892,0.36288,3.6288,49.2728,0.419092,0,0,0.691497,0.194997,0,0.66528,12.849,1,0.84672,0.36288,0,54.8565,4.72899,49.6437,0.84672,12.849,0.84672,3695.15,0,36.966,0.314911,0.292723,1.91241,5.0632,1.09463,5.8588,0.42336,36.966,0.42336,423.524,0,1.01093,0,0,1.30366,0.292723,1.028160,1,0,55.5024,0,0,0,55.5024,0
9.55066,1.86203,0,0,2.13833,0.134479,0.36288,3.6288,49.1182,0.582315,0,0,0.630341,0.202635,0,0.66528,12.849,1,0.84672,0.36288,0,44.1551,4.37551,39.2957,0.84672,12.849,0.84672,3695.15,0,36.966,0.436871,0.569341,1.91242,4.60759,1.0963,5.55619,0.42336,36.966,0.42336,423.524,0,1.02816,0,0,1.5975,0.569341,1.028160,1,0,44.8519,0,0,0,44.8519,0
10.8067,1.86205,0,0,3.62489,0.143908,0.36288,3.6288,49.3279,0.581537,0,0,0.975923,0.184633,0,0.66528,12.849,1,0.84672,0.36288,0,72.2091,3.57422,68.151,0.84672,12.849,0.84672,3695.15,0,36.966,0.437661,1.79628,2.0894,8.98733,1.00904,11.4263,0.42336,36.966,0.42336,423.524,0,1.02816,0,0,2.82444,1.79628,1.028160,1,0,79.5773,0,0,0,79.5773,0
14.1386,2.16447,0,0,6.01903,0.159749,0.36288,3.6288,51.1877,0.409747,0,0,2.42794,0.158376,0,0.66528,12.849,1,0.84672,0.36288,0,82.1396,3.50701,78.1488,0.84672,12.849,0.84672,3695.15,0,36.966,0.307062,3.40438,2.08941,13.5276,1.01471,17.6996,0.42336,36.966,0.42336,423.524,0,1.02816,0,0,4.43254,3.40438,1.028160,1,0,95.8483,0,0,0,95.8483,0
18.817,1.95642,0,0,7.17341,0.175725,0.36288,3.6288,53.5334,0.624586,0,0,3.12876,0.158477,0,0.66528,12.849,1,0.84672,0.36288,0,145.071,3.57914,141.008,0.84672,12.849,0.84672,3695.15,0,36.966,0.451054,6.18982,1.91246,18.9448,1.04382,25.5522,0.42336,36.966,0.42336,423.524,0,1.02816,0,0,7.21798,6.18982,1.028160,1,0,166.56,0,0,0,166.56,0
22.4925,2.25882,0,0,6.48777,0.190552,0.36288,3.6288,57.092,0.457398,0,0,4.17746,0.161494,0,0.66528,12.849,1,0.84672,0.36288,0,155.37,3.57914,151.307,0.84672,12.849,0.84672,3695.15,0,36.966,0.315843,6.01657,2.1507,18.4657,1.04382,25.2733,0.42336,36.966,0.42336,423.524,0,1.02816,0,0,7.04473,6.01657,1.028160,1,0,176.58,0,0,0,176.58,0
26.6984,2.25883,0,0,7.02786,0.200313,0.36288,3.6288,60.1711,0.469349,0,0,3.70882,0.160347,0,0.66528,12.849,1,0.84672,0.36288,0,162.058,3.51237,158.062,0.84672,12.849,0.84672,3695.15,0,36.966,0.303894,4.14904,1.97374,11.8762,1.02973,16.6654,0.42336,36.966,0.42336,423.524,0,1.02816,0,0,5.1772,4.14904,1.028160,1,0,174.727,0,0,0,174.727,0
31.0254,1.95643,0,0,6.86913,0.222802,0.36288,3.6288,61.308,0.66528,0,0,3.5911,0.14879,1.64015,0.66528,12.849,1,0.84672,0.36288,0,123.144,3.44985,119.211,0.84672,12.849,0.84672,3695.15,0,36.966,0.410364,3.95053,1.97374,13.4667,0.972443,18.0082,0.42336,36.966,0.42336,423.524,0,1.02816,0,0,4.97869,3.95053,1.028160,1,0,138.859,0,0,0,138.859,0
34.0788,2.56174,0,0,6.24356,0.265499,0.36288,3.6288,61.308,0.614523,0,0,3.51309,0.190255,2.70831,0.66528,12.849,1,0.84672,0.36288,0,97.162,4.29503,92.3831,0.84672,12.849,0.84672,3695.15,0,36.966,0.37053,3.66589,2.15071,8.6826,1.04056,13.0881,0.42336,36.966,0.42336,423.524,0,1.02816,0,0,4.69405,3.66589,1.028160,1,0,108.18,0,0,0,108.18,0
35.1791,2.56174,0,0,4.30067,0.275838,0.36288,3.6288,61.308,0.614524,0,0,2.2235,0.190255,1.41872,0.66528,12.849,1,0.84672,0.36288,0,66.9138,4.29503,62.1349,0.84672,12.849,0.84672,3695.15,0,36.966,0.370531,2.30482,2.19415,8.24895,1.04056,11.3368,0.42336,36.966,0.42336,423.524,0,1.02816,0,0,3.33298,2.30482,1.028160,1,0,74.8905,0,0,0,74.8905,0
35.7558,2.56174,0,0,3.75209,0.250734,0.36288,3.6288,61.308,0.614525,0,0,1.84632,0.202207,1.02958,0.66528,12.849,1,0.84672,0.36288,0,71.2092,4.37227,66.353,0.84672,12.849,0.84672,3695.15,0,36.966,0.370531,1.98423,2.19416,8.00349,1.12289,10.6885,0.42336,36.966,0.42336,423.524,0,1.02816,0,0,3.01239,1.98423,1.028160,1,0,78.0711,0,0,0,78.0711,0
38.2761,2.56175,0,0,5.67816,0.233229,0.36288,3.6288,61.308,0.614526,0,0,2.4422,0.205435,1.62224,0.66528,12.849,1,0.84672,0.36288,0,102.406,4.17716,97.7446,0.84672,12.849,0.84672,3695.15,0,36.966,0.370532,1.90588,2.19416,9.3039,1.10298,11.9304,0.42336,36.966,0.42336,423.524,0,1.02816,0,0,2.93404,1.90588,1.028160,1,0,111.297,0,0,0,111.297,0
43.801,2.22838,0,0,8.33743,0.221289,0.36288,3.6288,61.308,0.4372,0,0,3.49368,0.22514,2.83134,0.66528,12.849,1,0.748049,0.36288,0,112.857,4.24392,108.228,0.84672,12.849,0.84672,3695.15,0,36.966,0.263612,2.90698,2.19416,15.6631,1.07143,19.4292,0.42336,36.966,0.42336,423.524,0,1.02816,0,0,3.93514,2.90698,1.028160,1,0,130.489,0,0,0,130.489,0
48.0429,2.30133,0,0,7.14727,0.241149,0.36288,3.6288,61.308,0.437201,0,0,2.91359,0.221802,2.25459,0.66528,12.849,1,0.675095,0.36288,0,108.006,4.24284,103.451,0.84672,12.849,0.84672,3695.15,0,36.966,0.263613,2.5107,1.89359,11.9201,1.07507,14.9857,0.42336,36.966,0.42336,423.524,0,1.02816,0,0,3.53886,2.5107,1.028160,1,0,120.691,0,0,0,120.691,0
52.0129,2.34836,0,0,6.93412,0.252847,0.36288,3.6288,61.308,0.437202,0,0,3.02361,0.221802,2.36461,0.66528,12.849,1,0.628067,0.36288,0,78.2739,4.24284,73.7659,0.84672,12.849,0.84672,3695.15,0,36.966,0.263613,2.74742,1.89359,11.9531,1.07507,15.2554,0.42336,36.966,0.42336,423.524,0,1.02816,0,0,3.77558,2.74742,1.028160,1,0,91.3859,0,0,0,91.3859,0
56.2409,2.38681,0,0,7.24144,0.263727,0.36288,3.6288,61.308,0.437202,0,0,2.71806,0.221802,2.05905,0.66528,12.849,1,0.589625,0.36288,0,109.993,4.24284,105.523,0.84672,12.849,0.84672,3695.15,0,36.966,0.263614,2.4837,1.89359,12.48,1.07507,15.5187,0.42336,36.966,0.42336,423.524,0,1.02816,0,0,3.51186,2.4837,1.028160,1,0,123.101,0,0,0,123.101,0
59.3376,2.42289,0,0,6.14097,0.258561,0.36288,3.6288,61.308,0.437203,0,0,2.88178,0.216541,2.22803,0.66528,12.849,1,0.553543,0.36288,0,92.1663,4.14159,87.8341,0.84672,12.849,0.84672,3695.15,0,36.966,0.263614,1.7603,1.89359,13.4631,0.955132,15.8982,0.42336,36.966,0.42336,423.524,0,1.02816,0,0,2.78846,1.7603,1.028160,1,0,105.96,0,0,0,105.96,0
62.9019,2.53604,0,0,6.72684,0.263633,0.36288,3.6288,61.308,0.480586,0,0,2.90289,0.215664,2.20664,0.66528,12.849,1,0.549155,0.36288,0,83.9376,4.12471,79.6266,0.84672,12.849,0.84672,3695.15,0,36.966,0.289772,1.68337,1.89359,13.0424,0.935143,15.3945,0.42336,36.966,0.42336,423.524,0,1.02816,0,0,2.71153,1.68337,1.028160,1,0,97.2277,0,0,0,97.2277,0
66.7214,2.56188,0,0,7.01617,0.271857,0.36288,3.6288,61.308,0.480586,0,0,3.14913,0.215664,2.45288,0.66528,12.849,1,0.523316,0.36288,0,141.485,4.12471,137.2,0.84672,12.849,0.84672,3695.15,0,36.966,0.289772,1.85619,1.9677,13.5115,0.935143,16.1105,0.42336,36.966,0.42336,423.524,0,1.02816,0,0,2.88435,1.85619,1.028160,1,0,155.763,0,0,0,155.763,0
70.9438,2.587,0,0,7.45263,0.28034,0.36288,3.6288,61.308,0.480587,0,0,4.13802,0.215664,3.44176,0.66528,12.849,1,0.498196,0.36288,0,101.676,4.12471,97.4155,0.84672,12.849,0.84672,3695.15,0,36.966,0.289773,2.62477,1.9677,13.5918,0.935143,16.9593,0.42336,36.966,0.42336,423.524,0,1.02816,0,0,3.65293,2.62477,1.028160,1,0,117.817,0,0,0,117.817,0
72.29,2.61211,0,0,6.61237,0.263009,2.39108,3.6288,61.308,0.480588,0,0,4.01509,0.211236,3.32327,0.66528,12.849,1,0.473092,2.39108,0,77.8292,3.99632,75.7509,0.84672,12.849,0.84672,3695.15,0,36.966,0.289773,2.98835,1.9677,13.493,0.963338,17.1959,0.42336,36.966,0.42336,423.524,0,1.02816,0,0,4.01651,2.98835,1.028160,1,0,96.2701,0,0,0,96.2701,0
72.29,2.58348,0,0,6.04968,0.245484,3.22071,3.6288,61.308,0.463741,0,0,2.72798,0.207914,2.05633,0.66528,12.849,1,0.459195,3.22071,0,97.4385,3.90001,96.3,0.84672,12.849,0.84672,3695.15,0,36.966,0.279615,1.8527,1.9677,9.71775,0.984484,12.2741,0.42336,36.966,0.42336,423.524,0,1.02816,0,0,2.88086,1.8527,1.028160,1,0,110.63,0,0,0,110.63,0
72.29,2.58349,0,0,4.83899,0.245484,2.01002,3.6288,61.308,0.463742,0,0,2.03255,0.207914,1.3609,0.66528,12.849,1,0.459195,2.01002,0,85.3036,3.90001,82.9544,0.84672,12.849,0.84672,3695.15,0,36.966,0.279616,1.66495,1.93887,8.58851,0.984484,10.9282,0.42336,36.966,0.42336,423.524,0,1.02816,0,0,2.69311,1.66495,1.028160,1,0,95.2435,0,0,0,95.2435,0
72.29,2.32673,0,0,4.41258,0.245484,1.84037,3.6288,61.308,0.652394,0,0,1.60518,0.207914,0.744874,0.66528,12.849,1,0.413558,1.84037,0,58.4227,3.90001,55.9495,0.84672,12.849,0.84672,3695.15,0,36.966,0.393365,1.06,1.93887,7.16731,0.984484,8.78834,0.42336,36.966,0.42336,423.524,0,1.02816,0,0,2.08816,1.06,1.028160,1,0,65.4827,0,0,0,65.4827,0
72.29,2.32673,0,0,3.92642,0.218793,1.3809,3.6288,61.308,0.652395,0,0,1.54405,0.211535,0.680125,0.66528,12.849,1,0.413559,1.3809,0,52.3473,4.08762,49.2271,0.84672,12.849,0.84672,3695.15,0,36.966,0.393365,0.973365,2.11584,6.88504,1.0159,8.56498,0.42336,36.966,0.42336,423.524,0,1.02816,0,0,2.00153,0.973365,1.028160,1,0,58.4722,0,0,0,58.4722,0
72.29,2.44928,0,0,4.27347,0.212522,1.61167,3.6288,61.308,0.66528,0,0,2.00301,0.191312,1.14642,0.66528,12.849,1,0.435342,1.61167,0,57.8794,4.3056,54.7501,0.84672,12.849,0.84672,3695.15,0,36.966,0.47626,1.32667,2.11584,7.41649,0.964677,9.41807,0.42336,36.966,0.42336,423.524,0,1.02816,0,0,2.35483,1.32667,1.028160,1,0,65.3146,0,0,0,65.3146,0
72.29,2.44929,0,0,3.74487,0.165687,1.1299,3.6288,61.308,0.66528,0,0,1.59421,0.184566,0.744364,0.66528,12.849,1,0.435342,1.1299,0,50.1028,4.11558,46.6817,0.84672,12.849,0.84672,3695.15,0,36.966,0.476261,1.28631,2.21689,6.77635,0.927457,8.87584,0.42336,36.966,0.42336,423.524,0,1.02816,0,0,2.31447,1.28631,1.028160,1,0,56.3019,0,0,0,56.3019,0
72.29,2.44929,0,0,3.58374,0.158076,0.976377,3.6288,61.308,0.66528,0,0,1.6762,0.186351,0.824572,0.66528,12.849,1,0.435343,0.976377,0,47.075,4.16976,43.4462,0.84672,12.849,0.84672,3695.15,0,36.966,0.476263,1.27335,2.21689,7.05957,0.917428,9.15612,0.42336,36.966,0.42336,423.524,0,1.02816,0,0,2.30151,1.27335,1.028160,1,0,53.4269,0,0,0,53.4269,0
72.29,2.44929,0,0,3.42362,0.158076,0.816249,3.6288,61.308,0.66528,0,0,1.68329,0.186351,0.831657,0.66528,12.849,1,0.435343,0.816249,0,44.2293,4.16976,40.4404,0.84672,12.849,0.84672,3695.15,0,36.966,0.476264,1.17196,2.21689,6.78828,0.917428,8.78343,0.42336,36.966,0.42336,423.524,0,1.02816,0,0,2.20012,1.17196,1.028160,1,0,50.0555,0,0,0,50.0555,0
72.29,2.44929,0,0,3.56478,0.13832,0.977164,3.6288,61.308,0.66528,0,0,1.84471,0.196965,0.982464,0.66528,12.849,1,0.435343,0.977164,0,48.9638,4.45794,45.0477,0.84672,12.849,0.84672,3695.15,0,36.966,0.476266,1.96961,2.21689,6.39523,1.00905,9.09642,0.42336,36.966,0.42336,423.524,0,1.02816,0,0,2.99777,1.96961,1.028160,1,0,55.1266,0,0,0,55.1266,0
72.29,2.42506,0,0,3.37597,0.135027,0.815881,3.6288,61.308,0.66528,0,0,1.75231,0.198734,0.888299,0.66528,12.849,1,0.431036,0.815881,0,47.1296,4.50597,43.0085,0.84672,12.849,0.84672,3695.15,0,36.966,0.528909,1.6133,2.2169,6.08805,1.02432,8.36501,0.42336,36.966,0.42336,423.524,0,1.02816,0,0,2.64146,1.6133,1.028160,1,0,52.2618,0,0,0,52.2618,0
72.29,2.42506,0,0,3.10427,0.115986,0.563217,3.6288,61.308,0.66528,0,0,1.66056,0.24261,0.752666,0.66528,12.849,1,0.431036,0.563217,0,42.1971,5.07057,37.2587,0.84672,12.849,0.84672,3695.15,0,36.966,0.528911,1.61505,2.25222,5.79671,1.2304,7.90467,0.42336,36.966,0.42336,423.524,0,1.02816,0,0,2.64321,1.61505,1.028160,1,0,45.916,0,0,0,45.916,0
72.29,2.42506,0,0,2.91059,0.101705,0.383821,3.6288,61.308,0.66528,0,0,1.55871,0.275517,0.617911,0.66528,12.849,1,0.431037,0.383821,0,37.9255,5.49402,32.3843,0.84672,12.849,0.84672,3695.15,0,36.966,0.528912,1.54996,2.25222,5.58568,1.38497,7.47398,0.42336,36.966,0.42336,423.524,0,1.02816,0,0,2.57812,1.54996,1.028160,1,0,40.4762,0,0,0,40.4762,0
72.0737,2.42507,0,0,2.66563,0.0939626,0.36288,3.6288,61.308,0.66528,0,0,1.50287,0.293745,0.543842,0.66528,12.849,1,0.431037,0.36288,0,34.5325,5.72712,28.7372,0.84672,12.849,0.84672,3695.15,0,36.966,0.528914,1.36327,2.25222,4.83849,1.45369,6.47138,0.42336,36.966,0.42336,423.524,0,1.02816,0,0,2.39143,1.36327,1.028160,1,0,35.7525,0,0,0,35.7525,0
72.2787,2.48653,0,0,3.13794,0.0835019,0.36288,3.6288,61.308,0.66528,0,0,2.12587,0.318049,1.14254,0.66528,12.849,1,0.443288,0.36288,0,42.9447,6.03792,36.8264,0.84672,12.849,0.84672,3695.15,0,36.966,0.575831,1.7744,2.25222,5.02481,1.5453,6.9303,0.42336,36.966,0.42336,423.524,0,1.02816,0,0,2.80256,1.7744,1.028160,1,0,44.8992,0,0,0,44.8992,0
72.2009,2.4876,0,0,2.85624,0.083632,0.36288,3.6288,61.308,0.66528,0,0,1.75342,0.318049,0.77009,0.66528,12.849,1,0.442221,0.36288,0,34.5894,6.03792,28.4721,0.84672,12.849,0.84672,3695.15,0,36.966,0.575832,1.83492,2.30229,4.66918,1.5453,6.68525,0.42336,36.966,0.42336,423.524,0,1.02816,0,0,2.86308,1.83492,1.028160,1,0,35.9275,0,0,0,35.9275,0
71.8649,2.4872,0,0,2.59774,0.0835826,0.36288,3.6288,61.308,0.66528,0,0,1.63293,0.318049,0.649605,0.66528,12.849,1,0.442627,0.36288,0,32.2451,6.03792,26.1274,0.84672,12.849,0.84672,3695.15,0,36.966,0.575834,1.38866,2.30229,4.16115,1.5453,5.73097,0.42336,36.966,0.42336,423.524,0,1.02816,0,0,2.41682,1.38866,1.028160,1,0,32.508,0,0,0,32.508,0
71.7696,2.48545,0,0,2.8289,0.0759266,0.36288,3.6288,61.308,0.66528,0,0,1.92746,0.316249,0.945934,0.66528,12.849,1,0.444382,0.36288,0,32.3978,6.14605,26.1702,0.84672,12.849,0.84672,3695.15,0,36.966,0.575836,2.01753,2.30229,5.88359,1.57121,8.05636,0.42336,36.966,0.42336,423.524,0,1.02816,0,0,3.04569,2.01753,1.028160,1,0,35.1725,0,0,0,35.1725,0
70.4048,2.66804,0,0,1.72187,0.055787,0.36288,3.6288,61.308,0.66528,0,0,1.4255,0.318724,0.441492,0.66528,12.849,1,0.477662,0.36288,0,22.235,6.11362,16.0066,0.84672,12.849,0.84672,3695.15,0,36.966,0.745177,1.60235,2.30229,4.52568,1.48284,6.2023,0.42336,36.966,0.42336,423.524,0,1.02816,0,0,2.63051,1.60235,1.028160,1,0,22.6504,0,0,0,22.6504,0
69.1968,2.66021,0,0,1.87029,0.055207,0.36288,3.6288,61.308,0.66528,0,0,1.4424,0.318724,0.458392,0.66528,12.849,1,0.485493,0.36288,0,21.2508,6.11362,15.0145,0.84672,12.849,0.84672,3695.15,0,36.966,0.745179,1.62189,2.47358,4.80698,1.48284,6.67444,0.42336,36.966,0.42336,423.524,0,1.02816,0,0,2.65005,1.62189,1.028160,1,0,22.1474,0,0,0,22.1474,0
68.7449,2.9081,0,0,2.88877,0.0696075,0.36288,3.6288,61.308,0.66528,0,0,1.73496,0.315506,0.754169,0.66528,12.849,1,0.54,0.36288,0,34.3236,6.02457,28.1219,0.84672,12.849,0.84672,3695.15,0,36.966,0.442781,2.14852,2.47358,5.08009,1.47192,7.78749,0.42336,36.966,0.42336,423.524,0,1.02816,0,0,3.17668,2.14852,1.028160,1,0,36.6636,0,0,0,36.6636,0
69.3203,2.90512,0,0,3.9206,0.0771991,0.36288,3.6288,61.308,0.66528,0,0,2.19345,0.306544,1.22162,0.66528,12.849,1,0.542991,0.36288,0,41.9293,6.09678,35.6524,0.84672,12.849,0.84672,3695.15,0,36.966,0.442783,2.23591,2.29662,5.4867,1.45477,8.12168,0.42336,36.966,0.42336,423.524,0,1.02816,0,0,3.26407,2.23591,1.028160,1,0,44.9957,0,0,0,44.9957,0
69.2309,2.90892,0,0,3.198,0.0156036,0.36288,3.6288,61.308,0.66528,0,0,1.75837,0.332435,0.760655,0.66528,12.849,1,0.539189,0.36288,0,40.5316,6.46708,33.8882,0.84672,12.849,0.84672,3695.15,0,36.966,0.442785,1.65845,2.29662,5.87372,1.50375,7.88226,0.42336,36.966,0.42336,423.524,0,1.02816,0,0,2.68661,1.65845,1.028160,1,0,42.5311,0,0,0,42.5311,0
69.3126,2.8196,0,0,3.3888,0.124594,0.36288,3.6288,61.308,0.627144,0,0,2.06625,0.254627,1.18448,0.66528,12.849,1,0.523307,0.36288,0,36.6283,4.39099,32.0769,0.84672,12.849,0.84672,3695.15,0,36.966,0.37814,1.81516,2.29662,6.72572,0.975545,9.48382,0.42336,36.966,0.42336,423.524,0,1.02816,0,0,2.84332,1.81516,1.028160,1,0,42.7452,0,0,0,42.7452,0
69.9195,2.82012,0,0,3.92962,0.139741,0.36288,3.6288,61.308,0.627145,0,0,2.68135,0.259658,1.79454,0.66528,12.849,1,0.522787,0.36288,0,38.4715,4.47237,33.8392,0.84672,12.849,0.84672,3695.15,0,36.966,0.37814,2.43015,2.1975,9.27513,1.02214,12.5025,0.42336,36.966,0.42336,423.524,0,1.02816,0,0,3.45831,2.43015,1.028160,1,0,48.1363,0,0,0,48.1363,0
70.4028,2.82396,0,0,3.81052,0.140399,0.36288,3.6288,61.308,0.627146,0,0,2.66909,0.259658,1.78228,0.66528,12.849,1,0.518954,0.36288,0,53.0952,4.47237,48.4668,0.84672,12.849,0.84672,3695.15,0,36.966,0.378141,2.40976,2.1975,9.29966,1.02214,12.5066,0.42336,36.966,0.42336,423.524,0,1.02816,0,0,3.43792,2.40976,1.028160,1,0,62.7557,0,0,0,62.7557,0
70.8587,2.82697,0,0,3.78791,0.142176,0.36288,3.6288,61.308,0.627147,0,0,2.94649,0.24885,2.07049,0.66528,12.849,1,0.515942,0.36288,0,82.4437,4.50399,77.7866,0.84672,12.849,0.84672,3695.15,0,36.966,0.378142,2.54252,2.1975,10.6153,1.05607,13.9211,0.42336,36.966,0.42336,423.524,0,1.02816,0,0,3.57068,2.54252,1.028160,1,0,93.7782,0,0,0,93.7782,0
69.7936,2.75669,0,0,2.29846,0.243995,0.36288,3.6288,61.308,0.568782,0,0,1.17899,0.233559,0.376648,0.66528,12.849,1,0.499878,0.36288,0,34.9609,4.73028,30.0936,0.84672,12.849,0.84672,3695.15,0,36.966,0.34295,0.946884,2.19751,4.772,1.14889,6.42455,0.42336,36.966,0.42336,423.524,0,1.02816,0,0,1.97504,0.946884,1.028160,1,0,36.8948,0,0,0,36.8948,0
70.506,2.75025,0,0,4.0838,0.258231,0.36288,3.6288,61.308,0.568783,0,0,1.6844,0.235513,0.880106,0.66528,12.849,1,0.50632,0.36288,0,51.2074,4.75482,46.3091,0.84672,12.849,0.84672,3695.15,0,36.966,0.342951,1.49717,2.10904,6.43906,1.15022,8.55211,0.42336,36.966,0.42336,423.524,0,1.02816,0,0,2.52533,1.49717,1.028160,1,0,55.7413,0,0,0,55.7413,0
71.7625,2.75458,0,0,4.63357,0.259654,0.36288,3.6288,61.308,0.568784,0,0,1.74551,0.235513,0.941216,0.66528,12.849,1,0.501993,0.36288,0,100.629,4.75482,95.7353,0.84672,12.849,0.84672,3695.15,0,36.966,0.342951,2.44904,2.10904,10.8861,1.15022,13.9511,0.42336,36.966,0.42336,423.524,0,1.02816,0,0,3.4772,2.44904,1.028160,1,0,110.628,0,0,0,110.628,0
71.4703,2.76203,0,0,3.02406,0.19134,0.36288,3.6288,61.308,0.568785,0,0,1.52117,0.23095,0.721432,0.66528,12.849,1,0.494539,0.36288,0,71.5896,4.55355,66.9044,0.84672,12.849,0.84672,3695.15,0,36.966,0.342952,2.18686,2.10904,9.25188,1.06153,12.1433,0.42336,36.966,0.42336,423.524,0,1.02816,0,0,3.21502,2.18686,1.028160,1,0,79.7691,0,0,0,79.7691,0
70.7953,2.55244,0,0,2.52942,0.289132,0.36288,3.6288,61.308,0.447225,0,0,0.974575,0.195402,0.331947,0.66528,12.849,1,0.45888,0.36288,0,60.4561,3.86526,56.4948,0.84672,12.849,0.84672,3695.15,0,36.966,0.269657,0.557876,2.10905,4.15661,0.883791,5.67008,0.42336,36.966,0.42336,423.524,0,1.02816,0,0,1.58604,0.557876,1.028160,1,0,62.4968,0,0,0,62.4968,0
70.7937,2.54874,0,0,3.19769,0.287642,0.36288,3.6288,61.308,0.447226,0,0,1.22216,0.195402,0.579534,0.66528,12.849,1,0.462583,0.36288,0,64.1179,3.86526,60.1529,0.84672,12.849,0.84672,3695.15,0,36.966,0.269657,0.999544,1.91254,4.95279,0.883791,6.71142,0.42336,36.966,0.42336,423.524,0,1.02816,0,0,2.0277,0.999544,1.028160,1,0,67.4439,0,0,0,67.4439,0
70.8521,2.54873,0,0,3.25767,0.287638,0.36288,3.6288,61.308,0.447227,0,0,1.71463,0.195402,1.072,0.66528,12.849,1,0.462593,0.36288,0,73.8314,3.86526,69.8664,0.84672,12.849,0.84672,3695.15,0,36.966,0.269658,1.65722,1.91254,6.2591,0.883791,8.67542,0.42336,36.966,0.42336,423.524,0,1.02816,0,0,2.68538,1.65722,1.028160,1,0,79.6138,0,0,0,79.6138,0
71.662,2.54906,0,0,4.01823,0.296459,0.36288,3.6288,61.308,0.447228,0,0,1.9994,0.190289,1.36188,0.66528,12.849,1,0.46227,0.36288,0,80.8626,3.94497,76.8183,0.84672,12.849,0.84672,3695.15,0,36.966,0.269659,1.65586,1.91254,6.6001,0.904002,8.99484,0.42336,36.966,0.42336,423.524,0,1.02816,0,0,2.68402,1.65586,1.028160,1,0,87.175,0,0,0,87.175,0
72.29,2.55349,0,0,6.78468,0.332783,3.27037,3.6288,61.308,0.447229,0,0,2.37778,0.184948,1.7456,0.66528,12.849,1,0.457841,3.27037,0,99.303,4.46622,97.6493,0.84672,12.849,0.84672,3695.15,0,36.966,0.269659,2.38696,1.91255,9.09561,1.02427,12.1012,0.42336,36.966,0.42336,423.524,0,1.02816,0,0,3.41512,2.38696,1.028160,1,0,111.496,0,0,0,111.496,0
72.29,2.63696,0,0,11.1536,0.333578,8.18304,3.6288,61.308,0.482429,0,0,2.27187,0.180202,1.60924,0.66528,12.849,1,0.4687,8.18304,0,174.341,3.98601,178.07,0.84672,12.849,0.84672,3695.15,0,36.966,0.290883,3.27701,1.91255,11.9029,0.965791,15.8358,0.42336,36.966,0.42336,423.524,0,1.02816,0,0,4.30517,3.27701,1.028160,1,0,195.515,0,0,0,195.515,0
72.29,2.38019,0,0,5.57282,0.333578,2.85905,3.6288,61.308,0.66528,0,0,1.3435,0.180202,0.498021,0.66528,12.849,1,0.42306,2.85905,0,118.303,3.98601,116.753,0.84672,12.849,0.84672,3695.15,0,36.966,0.410423,1.79855,1.97382,6.76901,0.965791,9.16516,0.42336,36.966,0.42336,423.524,0,1.02816,0,0,2.82671,1.79855,1.028160,1,0,126.416,0,0,0,126.416,0
72.29,2.38018,0,0,5.40216,0.333578,2.68841,3.6288,61.308,0.66528,0,0,2.61948,0.180202,1.774,0.66528,12.849,1,0.423058,2.68841,0,110.415,3.98601,108.694,0.84672,12.849,0.84672,3695.15,0,36.966,0.410414,4.48661,2.15077,9.81098,0.965791,15.0722,0.42336,36.966,0.42336,423.524,0,1.02816,0,0,5.51477,4.48661,1.028160,1,0,125.54,0,0,0,125.54,0
72.29,2.38016,0,0,4.99757,0.327168,2.29024,3.6288,61.308,0.66528,0,0,1.70661,0.195819,0.845508,0.66528,12.849,1,0.423056,2.29024,0,80.4007,4.43105,77.8369,0.84672,12.849,0.84672,3695.15,0,36.966,0.410406,2.64077,2.15076,7.90001,0.920471,11.3607,0.42336,36.966,0.42336,423.524,0,1.02816,0,0,3.66893,2.64077,1.028160,1,0,90.043,0,0,0,90.043,0
72.29,2.63735,0,0,4.57296,0.344808,1.5908,3.6288,61.308,0.66528,0,0,1.14857,0.244345,0.238942,0.66528,12.849,1,0.468769,1.5908,0,45.682,4.48613,42.3179,0.84672,12.849,0.84672,3695.15,0,36.966,0.622208,1.41838,2.15075,6.35978,1.27635,8.03036,0.42336,36.966,0.42336,423.524,0,1.02816,0,0,2.44654,1.41838,1.028160,1,0,50.5872,0,0,0,50.5872,0
72.29,2.63734,0,0,5.73314,0.34474,2.75107,3.6288,61.308,0.66528,0,0,1.77183,0.236509,0.870042,0.66528,12.849,1,0.468766,2.75107,0,118.646,4.42029,116.508,0.84672,12.849,0.84672,3695.15,0,36.966,0.622198,2.34257,2.37116,9.55699,1.24458,12.4039,0.42336,36.966,0.42336,423.524,0,1.02816,0,0,3.37073,2.34257,1.028160,1,0,129.782,0,0,0,129.782,0
72.29,2.63732,0,0,5.8566,0.344333,2.87494,3.6288,61.308,0.66528,0,0,1.53453,0.189489,0.679764,0.66528,12.849,1,0.468764,2.87494,0,104.688,4.02528,103.069,0.84672,12.849,0.84672,3695.15,0,36.966,0.622189,2.25015,2.37115,6.12549,1.05396,9.07064,0.42336,36.966,0.42336,423.524,0,1.02816,0,0,3.27831,2.25015,1.028160,1,0,112.82,0,0,0,112.82,0
72.29,2.63731,0,0,5.59021,0.345664,2.60724,3.6288,61.308,0.66528,0,0,1.35434,0.194365,0.494692,0.66528,12.849,1,0.468762,2.60724,0,118.445,3.95488,116.629,0.84672,12.849,0.84672,3695.15,0,36.966,0.622179,2.7217,2.37114,7.86975,1.05053,11.2899,0.42336,36.966,0.42336,423.524,0,1.02816,0,0,3.74986,2.7217,1.028160,1,0,128.413,0,0,0,128.413,0
72.29,2.27045,0,0,4.36994,0.353648,1.74584,3.6288,61.308,0.625846,0,0,1.05995,0.223618,0.210483,0.66528,12.849,1,0.403556,1.74584,0,68.6145,3.53251,66.4242,0.84672,12.849,0.84672,3695.15,0,36.966,0.377357,1.47649,2.37112,9.9498,1.02999,12.3901,0.42336,36.966,0.42336,423.524,0,1.02816,0,0,2.50465,1.47649,1.028160,1,0,79.0248,0,0,0,79.0248,0
72.29,2.27044,0,0,7.55782,0.353648,4.93373,3.6288,61.308,0.625841,0,0,2.96908,0.223618,2.11962,0.66528,12.849,1,0.403554,4.93373,0,98.3143,3.53251,99.312,0.84672,12.849,0.84672,3695.15,0,36.966,0.377354,4.77136,2.07054,13.3336,1.02999,18.7681,0.42336,36.966,0.42336,423.524,0,1.02816,0,0,5.79952,4.77136,1.028160,1,0,120.2,0,0,0,120.2,0
72.29,2.27043,0,0,4.01656,0.353648,1.39249,3.6288,61.308,0.625835,0,0,1.30645,0.223618,0.456992,0.66528,12.849,1,0.403552,1.39249,0,124.384,3.53251,121.84,0.84672,12.849,0.84672,3695.15,0,36.966,0.377351,1.46068,2.07053,6.91203,1.02999,9.03589,0.42336,36.966,0.42336,423.524,0,1.02816,0,0,2.48884,1.46068,1.028160,1,0,131.333,0,0,0,131.333,0
72.29,2.27042,0,0,3.34118,0.288688,0.782077,3.6288,61.308,0.62583,0,0,1.0037,0.22286,0.155009,0.66528,12.849,1,0.40355,0.782077,0,87.9267,3.96687,84.3383,0.84672,12.849,0.84672,3695.15,0,36.966,0.377348,1.11619,2.07052,5.13316,1.15111,6.79142,0.42336,36.966,0.42336,423.524,0,1.02816,0,0,2.14435,1.11619,1.028160,1,0,91.2848,0,0,0,91.2848,0
72.29,2.27041,0,0,4.93517,0.32482,2.33994,3.6288,61.308,0.625825,0,0,1.54744,0.237458,0.684158,0.66528,12.849,1,0.403548,2.33994,0,105.405,4.62686,102.715,0.84672,12.849,0.84672,3695.15,0,36.966,0.377345,1.94166,2.07051,9.0637,1.15648,11.542,0.42336,36.966,0.42336,423.524,0,1.02816,0,0,2.96982,1.94166,1.028160,1,0,114.941,0,0,0,114.941,0
72.29,2.36273,0,0,4.90026,0.331627,2.2059,3.6288,61.308,0.66528,0,0,1.17742,0.22124,0.290896,0.66528,12.849,1,0.419958,2.2059,0,116.087,4.33366,113.539,0.84672,12.849,0.84672,3695.15,0,36.966,0.407418,1.82263,2.0705,8.09931,1.04727,10.5378,0.42336,36.966,0.42336,423.524,0,1.02816,0,0,2.85079,1.82263,1.028160,1,0,124.368,0,0,0,124.368,0
72.29,2.36272,0,0,7.31843,0.325207,4.6305,3.6288,61.308,0.66528,0,0,2.52185,0.229026,1.62755,0.66528,12.849,1,0.419955,4.6305,0,136.464,4.54072,136.134,0.84672,12.849,0.84672,3695.15,0,36.966,0.407409,3.18422,2.1446,14.4934,1.06236,18.3525,0.42336,36.966,0.42336,423.524,0,1.02816,0,0,4.21238,3.18422,1.028160,1,0,156.114,0,0,0,156.114,0
72.29,2.36271,0,0,5.02318,0.267242,2.39323,3.6288,61.308,0.66528,0,0,1.15519,0.21798,0.271925,0.66528,12.849,1,0.419953,2.39323,0,95.1964,3.99098,93.1787,0.84672,12.849,0.84672,3695.15,0,36.966,0.407401,1.69804,2.14459,7.96824,0.945242,10.4582,0.42336,36.966,0.42336,423.524,0,1.02816,0,0,2.7262,1.69804,1.028160,1,0,103.909,0,0,0,103.909,0
72.29,2.36269,0,0,4.57419,0.240432,1.97106,3.6288,61.308,0.66528,0,0,1.31811,0.216559,0.436271,0.66528,12.849,1,0.419951,1.97106,0,93.6403,3.98569,91.2057,0.84672,12.849,0.84672,3695.15,0,36.966,0.407392,1.86004,2.14458,7.59391,0.955617,10.2355,0.42336,36.966,0.42336,423.524,0,1.02816,0,0,2.8882,1.86004,1.028160,1,0,101.878,0,0,0,101.878,0
72.29,2.32658,0,0,4.35176,0.213999,1.81118,3.6288,61.308,0.652331,0,0,1.41568,0.221443,0.541907,0.66528,12.849,1,0.413532,1.81118,0,76.4027,4.21586,73.5845,0.84672,12.849,0.84672,3695.15,0,36.966,0.393326,2.03479,2.14457,7.93636,1.00386,10.7185,0.42336,36.966,0.42336,423.524,0,1.02816,0,0,3.06295,2.03479,1.028160,1,0,84.8449,0,0,0,84.8449,0
72.29,2.32657,0,0,3.45564,0.213999,0.915071,3.6288,61.308,0.652326,0,0,1.15232,0.221443,0.278548,0.66528,12.849,1,0.41353,0.915071,0,64.3248,4.21586,60.6105,0.84672,12.849,0.84672,3695.15,0,36.966,0.393323,1.55129,2.11573,6.56636,1.00386,8.8362,0.42336,36.966,0.42336,423.524,0,1.02816,0,0,2.57945,1.55129,1.028160,1,0,69.7252,0,0,0,69.7252,0
72.29,2.32655,0,0,3.05817,0.213999,0.517618,3.6288,61.308,0.65232,0,0,1.02008,0.221443,0.146318,0.66528,12.849,1,0.413527,0.517618,0,60.6121,4.21586,56.5003,0.84672,12.849,0.84672,3695.15,0,36.966,0.39332,1.02807,2.11572,6.25375,1.00386,8.00036,0.42336,36.966,0.42336,423.524,0,1.02816,0,0,2.05623,1.02807,1.028160,1,0,64.647,0,0,0,64.647,0
72.29,2.32654,0,0,3.60583,0.213999,1.06528,3.6288,61.308,0.652315,0,0,1.15528,0.221443,0.281522,0.66528,12.849,1,0.413525,1.06528,0,68.5046,4.21586,64.9405,0.84672,12.849,0.84672,3695.15,0,36.966,0.393317,1.10449,2.11571,7.34095,1.00386,9.16397,0.42336,36.966,0.42336,423.524,0,1.02816,0,0,2.13265,1.10449,1.028160,1,0,74.386,0,0,0,74.386,0
72.1179,2.44907,0,0,2.8204,0.180562,0.36288,3.6288,61.2448,0.66528,0,0,0.822433,0.220331,0,0.66528,12.849,1,0.435304,0.36288,0,45.4872,4.78352,40.6312,0.84672,12.849,0.84672,3695.15,0,36.966,0.476114,0.966488,2.1157,4.89535,1.09658,6.40485,0.42336,36.966,0.42336,423.524,0,1.02816,0,0,1.99465,0.966488,1.028160,1,0,47.0361,0,0,0,47.0361,0
71.6958,2.44818,0,0,2.5308,0.141854,0.36288,3.6288,61.1565,0.66528,0,0,0.799157,0.222185,0,0.66528,12.849,1,0.436184,0.36288,0,39.79,4.84837,34.8683,0.84672,12.849,0.84672,3695.15,0,36.966,0.476105,0.975335,2.21673,4.57551,1.05562,6.23585,0.42336,36.966,0.42336,423.524,0,1.02816,0,0,2.00349,0.975335,1.028160,1,0,41.1041,0,0,0,41.1041,0
71.2446,2.44599,0,0,2.49909,0.141399,0.36288,3.6288,61.1372,0.66528,0,0,0.868018,0.222061,0,0.66528,12.849,1,0.438359,0.36288,0,38.4788,4.84837,33.555,0.84672,12.849,0.84672,3695.15,0,36.966,0.476096,0.933232,2.21672,5.01647,1.05562,6.63471,0.42336,36.966,0.42336,423.524,0,1.02816,0,0,1.96139,0.933232,1.028160,1,0,40.1897,0,0,0,40.1897,0
70.6344,2.44362,0,0,2.33728,0.140913,0.36288,3.6288,61.0508,0.66528,0,0,0.800945,0.222033,0,0.66528,12.849,1,0.440709,0.36288,0,35.9942,4.84837,31.068,0.84672,12.849,0.84672,3695.15,0,36.966,0.476088,0.852336,2.21671,4.40467,1.05562,5.94202,0.42336,36.966,0.42336,423.524,0,1.02816,0,0,1.8805,0.852336,1.028160,1,0,37.0101,0,0,0,37.0101,0
69.9412,2.44039,0,0,2.22527,0.115222,0.36288,3.6288,60.9811,0.66528,0,0,0.846452,0.250933,0,0.66528,12.849,1,0.443927,0.36288,0,40.4354,5.21183,35.1425,0.84672,12.849,0.84672,3695.15,0,36.966,0.476079,0.626651,2.2167,4.29316,1.19853,5.4619,0.42336,36.966,0.42336,423.524,0,1.02816,0,0,1.65481,0.626651,1.028160,1,0,40.6044,0,0,0,40.6044,0
69.1712,2.41255,0,0,2.11007,0.104648,0.36288,3.6288,60.9396,0.66528,0,0,0.886283,0.262425,0,0.66528,12.849,1,0.443213,0.36288,0,40.5778,5.3572,35.1403,0.84672,12.849,0.84672,3695.15,0,36.966,0.528705,0.69514,2.21669,4.36962,1.2557,5.49705,0.42336,36.966,0.42336,423.524,0,1.02816,0,0,1.7233,0.69514,1.028160,1,0,40.6374,0,0,0,40.6374,0
68.3966,2.40838,0,0,2.10067,0.104026,0.36288,3.6288,60.8647,0.66528,0,0,0.85269,0.262356,0,0.66528,12.849,1,0.447371,0.36288,0,38.2882,5.3572,32.8466,0.84672,12.849,0.84672,3695.15,0,36.966,0.528696,0.735402,2.252,4.62682,1.2557,5.82983,0.42336,36.966,0.42336,423.524,0,1.02816,0,0,1.76356,0.735402,1.028160,1,0,38.6764,0,0,0,38.6764,0
67.5389,2.4041,0,0,1.9987,0.0894718,0.36288,3.6288,60.7463,0.66528,0,0,0.832404,0.285483,0,0.66528,12.849,1,0.451634,0.36288,0,36.0892,5.68296,30.3175,0.84672,12.849,0.84672,3695.15,0,36.966,0.528687,0.711374,2.25199,4.49771,1.36595,5.56644,0.42336,36.966,0.42336,423.524,0,1.02816,0,0,1.73953,0.711374,1.028160,1,0,35.8839,0,0,0,35.8839,0
66.3486,2.39927,0,0,1.64368,0.0717769,0.36288,3.6288,60.4967,0.66528,0,0,0.724639,0.308947,0,0.66528,12.849,1,0.456451,0.36288,0,31.4083,6.14592,25.1688,0.84672,12.849,0.84672,3695.15,0,36.966,0.528678,0.434868,2.25198,4.00853,1.51742,4.64928,0.42336,36.966,0.42336,423.524,0,1.02816,0,0,1.46303,0.434868,1.028160,1,0,29.8181,0,0,0,29.8181,0
65.1484,2.45414,0,0,1.69061,0.0737615,0.36288,3.6288,60.2921,0.66528,0,0,0.760156,0.299564,0,0.66528,12.849,1,0.475266,0.36288,0,34.8824,5.74287,29.0272,0.84672,12.849,0.84672,3695.15,0,36.966,0.575578,0.39401,2.25197,3.25198,1.35259,3.9698,0.42336,36.966,0.42336,423.524,0,1.02816,0,0,1.42217,0.39401,1.028160,1,0,32.997,0,0,0,32.997,0
63.8045,2.44681,0,0,1.53884,0.0730581,0.36288,3.6288,59.9546,0.66528,0,0,0.62697,0.299174,0,0.66528,12.849,1,0.482577,0.36288,0,28.096,5.74287,22.2334,0.84672,12.849,0.84672,3695.15,0,36.966,0.575569,0.424734,2.30201,3.02183,1.35259,3.82043,0.42336,36.966,0.42336,423.524,0,1.02816,0,0,1.45289,0.424734,1.028160,1,0,26.0538,0,0,0,26.0538,0
62.3306,2.43834,0,0,1.39958,0.0722704,0.36288,3.6288,59.5455,0.694414,0,0,0.583889,0.298532,0,0.66528,12.849,1,0.491035,0.36288,0,26.1918,5.74287,20.3208,0.84672,12.849,0.84672,3695.15,0,36.966,0.57556,0.227405,2.302,2.69305,1.35259,3.29432,0.42336,36.966,0.42336,423.524,0,0.999026,0,0,1.22643,0.227405,1.028160,1,0,23.6151,0,0,0,23.6151,0
60.9986,2.4287,0,0,1.52411,0.0645037,0.36288,3.6288,59.2735,0.66528,0,0,0.689201,0.295973,0,0.66528,12.849,1,0.500659,0.36288,0,26.3158,5.851,20.327,0.84672,12.849,0.84672,3695.15,0,36.966,0.57555,0.517398,2.30199,3.80779,1.37849,4.67314,0.42336,36.966,0.42336,423.524,0,1.02816,0,0,1.54556,0.517398,1.028160,1,0,25.0002,0,0,0,25.0002,0
58.9318,2.59794,0,0,0.973261,0.0792829,0.36288,3.6288,58.829,0.66528,0,0,0.500821,0.280045,0,0.66528,12.849,1,0.54724,0.36288,0,18.6195,5.79504,12.6401,0.84672,12.849,0.84672,3695.15,0,36.966,0.744855,0.242473,2.30198,2.78159,1.38561,3.19558,0.42336,36.966,0.42336,423.524,0,1.02816,0,0,1.27063,0.242473,1.028160,1,0,15.8357,0,0,0,15.8357,0
56.7646,2.58217,0,0,0.859732,0.0818951,0.36288,3.6288,58.2285,0.762497,0,0,0.443462,0.281433,0,0.66528,12.849,1,0.562994,0.36288,0,16.0298,5.76481,10.0649,0.84672,12.849,0.84672,3695.15,0,36.966,0.744845,0.227405,2.47323,2.61919,1.37832,3.19667,0.42336,36.966,0.42336,423.524,0,0.930943,0,0,1.15835,0.227405,1.028160,1,0,13.2615,0,0,0,13.2615,0
55.0059,2.56463,0,0,1.24903,0.0801803,0.36288,3.6288,57.7924,0.66528,0,0,0.509553,0.280347,0,0.66528,12.849,1,0.580519,0.36288,0,18.257,5.76481,12.2746,0.84672,12.849,0.84672,3695.15,0,36.966,0.744835,0.33607,2.47322,2.90396,1.37832,3.59011,0.42336,36.966,0.42336,423.524,0,1.02816,0,0,1.36423,0.33607,1.028160,1,0,15.8647,0,0,0,15.8647,0
53.7885,2.54957,0,0,1.80028,0.105295,0.36288,3.6288,57.5312,0.66528,0,0,0.674468,0.27039,0,0.66528,12.849,1,0.595561,0.36288,0,29.787,5.6334,23.9209,0.84672,12.849,0.84672,3695.15,0,36.966,0.744825,0.450671,2.47321,3.23298,1.3518,4.06024,0.42336,36.966,0.42336,423.524,0,1.02816,0,0,1.47883,0.450671,1.028160,1,0,27.9812,0,0,0,27.9812,0
52.3622,2.53867,0,0,1.59064,0.115342,0.36288,3.6288,57.2925,0.66528,0,0,0.690318,0.263736,0,0.66528,12.849,1,0.606439,0.36288,0,36.2115,5.74443,30.2235,0.84672,12.849,0.84672,3695.15,0,36.966,0.744815,0.36402,2.4732,3.40679,1.40365,4.09554,0.42336,36.966,0.42336,423.524,0,1.02816,0,0,1.39218,0.36402,1.028160,1,0,34.3191,0,0,0,34.3191,0
51.545,2.44094,0,0,2.11641,0.129804,0.36288,3.6288,57.3244,0.66528,0,0,0.959215,0.262103,0,0.66528,12.849,1,0.598974,0.36288,0,26.218,5.68449,20.2974,0.84672,12.849,0.84672,3695.15,0,36.966,0.64204,0.982083,2.47319,5.07355,1.44447,6.4423,0.42336,36.966,0.42336,423.524,0,1.02816,0,0,2.01024,0.982083,1.028160,1,0,26.7397,0,0,0,26.7397,0
50.2174,2.43332,0,0,1.59729,0.12871,0.36288,3.6288,57.1548,0.66528,0,0,0.757909,0.262157,0,0.66528,12.849,1,0.606572,0.36288,0,38.778,5.68449,32.8499,0.84672,12.849,0.84672,3695.15,0,36.966,0.64203,0.898836,2.37407,3.93699,1.44447,5.12339,0.42336,36.966,0.42336,423.524,0,1.02816,0,0,1.927,0.898836,1.028160,1,0,37.9733,0,0,0,37.9733,0
48.3722,2.42054,0,0,1.06515,0.126932,0.36288,3.6288,56.7675,0.702225,0,0,0.576751,0.261869,0,0.66528,12.849,1,0.619338,0.36288,0,24.3256,5.68449,18.3846,0.84672,12.849,0.84672,3695.15,0,36.966,0.642021,0.216518,2.37406,2.65702,1.44447,3.16111,0.42336,36.966,0.42336,423.524,0,0.991215,0,0,1.20773,0.216518,1.028160,1,0,21.5457,0,0,0,21.5457,0
46.9514,2.40186,0,0,1.51324,0.169261,0.36288,3.6288,56.6798,0.66528,0,0,0.833535,0.255897,0,0.66528,12.849,1,0.638001,0.36288,0,31.4416,5.12988,26.0366,0.84672,12.849,0.84672,3695.15,0,36.966,0.642011,0.445055,2.37405,4.2658,1.32559,5.11731,0.42336,36.966,0.42336,423.524,0,1.02816,0,0,1.47321,0.445055,1.028160,1,0,31.1539,0,0,0,31.1539,0
45.2443,2.3189,0,0,1.16545,0.19078,0.36288,3.6288,56.5497,0.66528,0,0,0.757375,0.222264,0,0.66528,12.849,1,0.634605,0.36288,0,40.8847,3.72519,36.8877,0.84672,12.849,0.84672,3695.15,0,36.966,0.548461,0.482743,2.37404,5.29414,0.971306,6.63116,0.42336,36.966,0.42336,423.524,0,1.02816,0,0,1.5109,0.482743,1.028160,1,0,43.5189,0,0,0,43.5189,0
43.5004,2.30024,0,0,1.10645,0.187185,0.36288,3.6288,55.8593,0.989963,0,0,0.521675,0.222076,0,0.66528,12.849,1,0.65325,0.36288,0,37.3423,3.72519,33.3268,0.84672,12.849,0.84672,3695.15,0,36.966,0.647129,0.216518,2.28558,4.73726,0.971306,5.62092,0.42336,36.966,0.42336,423.524,0,0.6048,0,0,0.821318,0.216518,1.028160,1,0,38.9477,0,0,0,38.9477,0
42.9426,2.28002,0,0,2.26859,0.183513,0.36288,3.6288,56.1248,0.66528,0,0,1.15186,0.221076,0,0.66528,12.849,1,0.673462,0.36288,0,57.6808,3.72519,53.645,0.84672,12.849,0.84672,3695.15,0,36.966,0.548443,1.00262,2.28557,6.77324,0.971306,8.54168,0.42336,36.966,0.42336,423.524,0,1.02816,0,0,2.03078,1.00262,1.028160,1,0,62.1867,0,0,0,62.1867,0
44.6544,2.27327,0,0,4.53031,0.182338,0.36288,3.6288,57.4547,0.66528,0,0,2.21668,0.221461,0,0.66528,12.849,1,0.680192,0.36288,0,106.328,3.72519,102.286,0.84672,12.849,0.84672,3695.15,0,36.966,0.548434,3.37526,2.28556,10.897,0.971306,15.0381,0.42336,36.966,0.42336,423.524,0,1.02816,0,0,4.40342,3.37526,1.028160,1,0,117.324,0,0,0,117.324,0
45.4864,2.10309,0,0,3.50759,0.20961,0.36288,3.6288,57.771,0.619993,0,0,1.16468,0.228398,0,0.66528,12.849,1,0.60515,0.36288,0,68.262,4.21101,63.8088,0.84672,12.849,0.84672,3695.15,0,36.966,0.398899,0.994861,2.28555,6.43517,1.16164,8.15503,0.42336,36.966,0.42336,423.524,0,1.02816,0,0,2.02302,0.994861,1.028160,1,0,71.9638,0,0,0,71.9638,0
45.2014,2.11171,0,0,2.40508,0.215567,0.36288,3.6288,58.0082,0.621319,0,0,1.08823,0.229703,0,0.66528,12.849,1,0.596516,0.36288,0,66.887,4.29198,62.3614,0.84672,12.849,0.84672,3695.15,0,36.966,0.397564,1.22151,2.08908,6.14421,1.19337,7.86387,0.42336,36.966,0.42336,423.524,0,1.02816,0,0,2.24967,1.22151,1.028160,1,0,70.2252,0,0,0,70.2252,0
45.4925,2.10877,0,0,2.97595,0.213213,0.36288,3.6288,58.2055,0.622307,0,0,1.05034,0.230775,0,0.66528,12.849,1,0.599443,0.36288,0,59.067,4.18572,54.6447,0.84672,12.849,0.84672,3695.15,0,36.966,0.396568,1.04857,2.08907,8.34493,1.18024,9.90576,0.42336,36.966,0.42336,423.524,0,1.02816,0,0,2.07673,1.04857,1.028160,1,0,64.5505,0,0,0,64.5505,0
46.5272,2.11175,0,0,3.7144,0.205065,0.36288,3.6288,58.5299,0.623124,0,0,1.18742,0.239874,0,0.66528,12.849,1,0.596449,0.36288,0,83.9345,3.92298,79.7779,0.84672,12.849,0.84672,3695.15,0,36.966,0.395743,1.64358,2.08906,8.5123,1.12828,10.7209,0.42336,36.966,0.42336,423.524,0,1.02816,0,0,2.67174,1.64358,1.028160,1,0,90.4989,0,0,0,90.4989,0
49.5987,2.12214,0,0,5.76986,0.21329,0.36288,3.6288,59.875,0.624464,0,0,2.21202,0.242496,0,0.66528,12.849,1,0.586052,0.36288,0,112.147,4.68407,107.24,0.84672,12.849,0.84672,3695.15,0,36.966,0.394395,3.89643,2.08905,12.9592,1.28206,17.2683,0.42336,36.966,0.42336,423.524,0,1.02816,0,0,4.92459,3.89643,1.028160,1,0,124.508,0,0,0,124.508,0
53.0434,2.46603,0,0,6.50096,0.227389,0.36288,3.6288,60.9416,0.477844,0,0,1.7874,0.242917,0,0.66528,12.849,1,0.638849,0.36288,0,124.941,5.32403,119.341,0.84672,12.849,0.84672,3695.15,0,36.966,0.295014,1.89512,2.08904,11.192,1.46026,13.4209,0.42336,36.966,0.42336,423.524,0,1.02816,0,0,2.92328,1.89512,1.028160,1,0,132.762,0,0,0,132.762,0
57.3037,2.25597,0,0,7.11494,0.235707,0.36288,3.6288,61.308,0.66528,0,0,1.6972,0.24457,0.420977,0.66528,12.849,1,0.546477,0.36288,0,97.6389,5.32403,92.1313,0.84672,12.849,0.84672,3695.15,0,36.966,0.40996,1.7016,1.97332,9.58383,1.46026,11.3885,0.42336,36.966,0.42336,423.524,0,1.02816,0,0,2.72976,1.7016,1.028160,1,0,103.941,0,0,0,103.941,0
63.6106,2.28913,0,0,9.2049,0.245995,0.36288,3.6288,61.308,0.66528,0,0,1.71243,0.245138,0.802013,0.66528,12.849,1,0.513284,0.36288,0,105.119,5.32403,99.6441,0.84672,12.849,0.84672,3695.15,0,36.966,0.409941,1.81951,2.15027,9.46201,1.46026,11.5616,0.42336,36.966,0.42336,423.524,0,1.02816,0,0,2.84767,1.81951,1.028160,1,0,112.008,0,0,0,112.008,0
65.5411,2.33145,0,0,4.91951,0.294746,0.36288,3.6288,61.308,0.66528,0,0,1.84666,0.228596,0.952786,0.66528,12.849,1,0.470939,0.36288,0,74.9503,4.41257,70.4296,0.84672,12.849,0.84672,3695.15,0,36.966,0.409922,2.11464,2.15025,8.08419,1.17943,10.7597,0.42336,36.966,0.42336,423.524,0,1.02816,0,0,3.1428,2.11464,1.028160,1,0,82.1422,0,0,0,82.1422,0
67.1994,2.59621,0,0,4.90153,0.284072,0.36288,3.6288,61.308,0.66528,0,0,1.51994,0.229799,0.624862,0.66528,12.849,1,0.508974,0.36288,0,68.1891,4.92041,63.1226,0.84672,12.849,0.84672,3695.15,0,36.966,0.621657,1.3351,2.15022,6.28061,1.20924,7.93504,0.42336,36.966,0.42336,423.524,0,1.02816,0,0,2.36326,1.3351,1.028160,1,0,71.6825,0,0,0,71.6825,0
68.0518,2.86059,0,0,4.36363,0.287839,0.36288,3.6288,61.308,0.614188,0,0,1.43229,0.229799,0.588301,0.66528,12.849,1,0.546964,0.36288,0,59.9325,4.92041,54.828,0.84672,12.849,0.84672,3695.15,0,36.966,0.370328,1.40877,2.37056,7.88953,1.20924,10.0893,0.42336,36.966,0.42336,423.524,0,1.02816,0,0,2.43693,1.40877,1.028160,1,0,65.5056,0,0,0,65.5056,0
69.5635,2.86632,0,0,5.05315,0.312213,0.36288,3.6288,61.308,0.614175,0,0,1.49608,0.231612,0.650289,0.66528,12.849,1,0.541196,0.36288,0,69.139,4.26007,64.7006,0.84672,12.849,0.84672,3695.15,0,36.966,0.37032,1.69929,2.19357,8.2029,1.02996,10.6955,0.42336,36.966,0.42336,423.524,0,1.02816,0,0,2.72745,1.69929,1.028160,1,0,76.0464,0,0,0,76.0464,0
71.9273,2.87622,0,0,5.92262,0.319698,0.36288,3.6288,61.308,0.614162,0,0,1.77928,0.231914,0.933202,0.66528,12.849,1,0.531263,0.36288,0,75.2961,4.15002,70.9777,0.84672,12.849,0.84672,3695.15,0,36.966,0.370312,2.06057,2.19355,10.7499,1.00008,13.6336,0.42336,36.966,0.42336,423.524,0,1.02816,0,0,3.08873,2.06057,1.028160,1,0,85.5446,0,0,0,85.5446,0
72.29,2.26798,0,0,4.73914,0.31693,1.79157,3.6288,61.308,0.625526,0,0,2.32068,0.185264,1.50989,0.66528,12.849,1,0.405149,1.79157,0,57.7092,3.3202,55.7754,0.84672,12.849,0.84672,3695.15,0,36.966,0.377165,2.5415,2.19352,9.7111,0.778561,13.2904,0.42336,36.966,0.42336,423.524,0,1.02816,0,0,3.56966,2.5415,1.028160,1,0,70.5756,0,0,0,70.5756,0
72.29,2.52644,0,0,5.04141,0.317804,2.19717,3.6288,61.308,0.436864,0,0,2.91912,0.185264,2.29699,0.66528,12.849,1,0.449056,2.19717,0,77.8613,3.3202,76.2892,0.84672,12.849,0.84672,3695.15,0,36.966,0.263409,2.90529,2.06998,12.0748,0.778561,16.0081,0.42336,36.966,0.42336,423.524,0,1.02816,0,0,3.93345,2.90529,1.028160,1,0,94.5943,0,0,0,94.5943,0
72.29,2.52642,0,0,6.59815,0.317804,3.75393,3.6288,61.308,0.436853,0,0,2.73977,0.185264,2.11765,0.66528,12.849,1,0.449051,3.75393,0,113.305,3.3202,113.29,0.84672,12.849,0.84672,3695.15,0,36.966,0.263403,3.0784,1.893,14.1872,0.778561,18.1167,0.42336,36.966,0.42336,423.524,0,1.02816,0,0,4.10656,3.0784,1.028160,1,0,133.524,0,0,0,133.524,0
72.29,2.26963,0,0,5.85041,0.31318,3.2676,3.6288,61.308,0.625493,0,0,2.41503,0.210252,1.57928,0.66528,12.849,1,0.403409,3.2676,0,86.0579,3.87555,85.0465,0.84672,12.849,0.84672,3695.15,0,36.966,0.377144,3.07536,1.89298,12.8288,0.929938,16.49,0.42336,36.966,0.42336,423.524,0,1.02816,0,0,4.10352,3.07536,1.028160,1,0,103.116,0,0,0,103.116,0
72.29,2.2696,0,0,6.13126,0.316102,3.54555,3.6288,61.308,0.625482,0,0,2.62875,0.184344,1.81893,0.66528,12.849,1,0.403405,3.54555,0,80.8119,3.78717,80.1669,0.84672,12.849,0.84672,3695.15,0,36.966,0.377138,3.21648,2.06992,11.3703,0.895005,15.3846,0.42336,36.966,0.42336,423.524,0,1.02816,0,0,4.24464,3.21648,1.028160,1,0,97.3704,0,0,0,97.3704,0
72.29,2.36188,0,0,4.44526,0.322919,1.76046,3.6288,61.308,0.66528,0,0,1.22453,0.139925,0.419325,0.66528,12.849,1,0.419807,1.76046,0,66.4006,3.16554,64.5757,0.84672,12.849,0.84672,3695.15,0,36.966,0.406835,0.745692,2.0699,5.9819,0.717428,7.67323,0.42336,36.966,0.42336,423.524,0,1.02816,0,0,1.77385,0.745692,1.028160,1,0,72.6682,0,0,0,72.6682,0
72.29,2.36186,0,0,4.41035,0.322919,1.72557,3.6288,61.308,0.66528,0,0,2.0253,0.139925,1.2201,0.66528,12.849,1,0.419802,1.72557,0,67.8613,3.16554,66.0016,0.84672,12.849,0.84672,3695.15,0,36.966,0.406817,2.71366,2.14396,8.67893,0.717428,12.4123,0.42336,36.966,0.42336,423.524,0,1.02816,0,0,3.74182,2.71366,1.028160,1,0,79.634,0,0,0,79.634,0
72.29,2.36183,0,0,3.93867,0.310256,1.26659,3.6288,61.308,0.66528,0,0,1.82373,0.146598,1.01185,0.66528,12.849,1,0.419797,1.26659,0,68.8935,3.28848,66.4519,0.84672,12.849,0.84672,3695.15,0,36.966,0.406798,1.67105,2.14394,7.37925,0.740197,10.0472,0.42336,36.966,0.42336,423.524,0,1.02816,0,0,2.69921,1.67105,1.028160,1,0,77.511,0,0,0,77.511,0
72.29,2.3618,0,0,3.22738,0.240551,0.625024,3.6288,61.308,0.66528,0,0,1.2102,0.176161,0.368764,0.66528,12.849,1,0.419792,0.625024,0,43.3356,4.01697,39.5238,0.84672,12.849,0.84672,3695.15,0,36.966,0.406779,0.884114,2.14392,5.23586,0.859866,6.99725,0.42336,36.966,0.42336,423.524,0,1.02816,0,0,1.91227,0.884114,1.028160,1,0,46.8898,0,0,0,46.8898,0
72.29,2.32568,0,0,3.0943,0.243331,0.525279,3.6288,61.308,0.651948,0,0,0.919633,0.183603,0.0840816,0.66528,12.849,1,0.413373,0.525279,0,48.6267,4.25576,44.4828,0.84672,12.849,0.84672,3695.15,0,36.966,0.393096,0.795277,2.1439,4.56686,0.963807,6.14914,0.42336,36.966,0.42336,423.524,0,1.02816,0,0,1.82344,0.795277,1.028160,1,0,50.7161,0,0,0,50.7161,0
72.2063,2.32566,0,0,2.84816,0.243331,0.36288,3.6288,61.308,0.651937,0,0,0.931418,0.183603,0.0958779,0.66528,12.849,1,0.413368,0.36288,0,45.4074,4.25576,41.1012,0.84672,12.849,0.84672,3695.15,0,36.966,0.393089,0.8384,2.11506,5.96523,0.963807,7.56179,0.42336,36.966,0.42336,423.524,0,1.02816,0,0,1.86656,0.8384,1.028160,1,0,48.7589,0,0,0,48.7589,0
72.29,2.32522,0,0,4.50674,0.243177,1.85462,3.6288,61.308,0.651925,0,0,1.15625,0.183603,0.320719,0.66528,12.849,1,0.41377,1.85462,0,59.0681,4.25576,56.2531,0.84672,12.849,0.84672,3695.15,0,36.966,0.393082,1.15602,2.11504,5.18599,0.963807,7.10016,0.42336,36.966,0.42336,423.524,0,1.02816,0,0,2.18418,1.15602,1.028160,1,0,63.674,0,0,0,63.674,0
72.2444,2.32561,0,0,2.83294,0.190053,0.36288,3.6288,61.308,0.651914,0,0,0.974601,0.196099,0.126588,0.66528,12.849,1,0.413359,0.36288,0,46.6689,4.63502,41.9834,0.84672,12.849,0.84672,3695.15,0,36.966,0.393075,0.844724,2.11502,4.59254,0.8936,6.26561,0.42336,36.966,0.42336,423.524,0,1.02816,0,0,1.87288,0.844724,1.028160,1,0,48.3756,0,0,0,48.3756,0
72.0455,2.44784,0,0,2.79288,0.181058,0.36288,3.6288,61.3036,0.66528,0,0,0.880278,0.219439,0,0.66528,12.849,1,0.43536,0.36288,0,38.9668,4.74274,34.1516,0.84672,12.849,0.84672,3695.15,0,36.966,0.475426,0.709396,2.115,3.95135,1.05965,5.24067,0.42336,36.966,0.42336,423.524,0,1.02816,0,0,1.73756,0.709396,1.028160,1,0,39.3923,0,0,0,39.3923,0
71.8041,2.4468,0,0,2.74762,0.179298,0.36288,3.6288,61.2331,0.66528,0,0,0.818182,0.223322,0,0.66528,12.849,1,0.436375,0.36288,0,35.4969,4.7607,30.6627,0.84672,12.849,0.84672,3695.15,0,36.966,0.475407,0.563026,2.21598,3.69912,1.08732,4.9154,0.42336,36.966,0.42336,423.524,0,1.02816,0,0,1.59119,0.563026,1.028160,1,0,35.5781,0,0,0,35.5781,0
71.2908,2.44552,0,0,2.4453,0.150283,0.36288,3.6288,61.1024,0.66528,0,0,0.776598,0.242101,0,0.66528,12.849,1,0.437615,0.36288,0,31.4032,4.9749,26.3536,0.84672,12.849,0.84672,3695.15,0,36.966,0.475388,0.496109,2.21596,3.59846,1.14205,4.69309,0.42336,36.966,0.42336,423.524,0,1.02816,0,0,1.52427,0.496109,1.028160,1,0,31.0467,0,0,0,31.0467,0
70.6719,2.44283,0,0,2.31512,0.128265,0.36288,3.6288,60.9253,0.66528,0,0,0.744241,0.256047,0,0.66528,12.849,1,0.44028,0.36288,0,29.9221,5.13555,24.7092,0.84672,12.849,0.84672,3695.15,0,36.966,0.475368,0.406097,2.21594,3.55876,1.1831,4.52233,0.42336,36.966,0.42336,423.524,0,1.02816,0,0,1.43426,0.406097,1.028160,1,0,29.2315,0,0,0,29.2315,0
70.0095,2.43954,0,0,2.25959,0.119569,0.36288,3.6288,60.6927,0.66528,0,0,0.657711,0.225003,0,0.66528,12.849,1,0.443537,0.36288,0,30.4692,4.89189,25.4967,0.84672,12.849,0.84672,3695.15,0,36.966,0.475349,0.390061,2.21592,3.67839,1.08488,4.72414,0.42336,36.966,0.42336,423.524,0,1.02816,0,0,1.41822,0.390061,1.028160,1,0,30.2208,0,0,0,30.2208,0
69.2465,2.41186,0,0,2.12463,0.112924,0.36288,3.6288,60.4278,0.66528,0,0,0.602068,0.201637,0,0.66528,12.849,1,0.442653,0.36288,0,30.3875,4.70914,25.5986,0.84672,12.849,0.84672,3695.15,0,36.966,0.527945,0.417563,2.21589,3.54498,1.01122,4.63928,0.42336,36.966,0.42336,423.524,0,1.02816,0,0,1.44572,0.417563,1.028160,1,0,30.2378,0,0,0,30.2378,0
68.292,2.40772,0,0,1.92841,0.112259,0.36288,3.6288,60.0794,0.711953,0,0,0.564838,0.201298,0,0.66528,12.849,1,0.446763,0.36288,0,27.0778,4.70914,22.2848,0.84672,12.849,0.84672,3695.15,0,36.966,0.527925,0.30119,2.25118,3.4293,1.01122,4.44253,0.42336,36.966,0.42336,423.524,0,0.981487,0,0,1.28268,0.30119,1.028160,1,0,26.7273,0,0,0,26.7273,0
67.2772,2.40243,0,0,1.82956,0.0791183,0.36288,3.6288,59.6652,0.667008,0,0,0.529831,0.277039,0,0.66528,12.849,1,0.452013,0.36288,0,24.3563,5.69719,18.57,0.84672,12.849,0.84672,3695.15,0,36.966,0.527905,0.261274,2.25116,3.25,1.37188,3.86264,0.42336,36.966,0.42336,423.524,0,1.02643,0,0,1.28771,0.261274,1.028160,1,0,22.4327,0,0,0,22.4327,0
66.1137,2.39668,0,0,1.6751,0.0790299,0.36288,3.6288,59.2106,0.679882,0,0,0.503338,0.27811,0,0.66528,12.849,1,0.457732,0.36288,0,23.2702,5.7037,17.4716,0.84672,12.849,0.84672,3695.15,0,36.966,0.527885,0.261274,2.25113,3.10331,1.38754,3.70029,0.42336,36.966,0.42336,423.524,0,1.01356,0,0,1.27483,0.261274,1.028160,1,0,21.1719,0,0,0,21.1719,0
65.1699,2.45159,0,0,1.95224,0.0815144,0.36288,3.6288,58.7692,0.66528,0,0,0.51199,0.288084,0,0.66528,12.849,1,0.47646,0.36288,0,25.8911,5.74276,20.0347,0.84672,12.849,0.84672,3695.15,0,36.966,0.574755,0.315369,2.25111,2.99459,1.48153,3.50478,0.42336,36.966,0.42336,423.524,0,1.02816,0,0,1.34353,0.315369,1.028160,1,0,23.5395,0,0,0,23.5395,0
64.0092,2.4458,0,0,1.72884,0.080902,0.36288,3.6288,58.2587,0.70397,0,0,0.480787,0.287269,0,0.66528,12.849,1,0.482218,0.36288,0,24.3942,5.74276,18.5321,0.84672,12.849,0.84672,3695.15,0,36.966,0.574735,0.261274,2.30112,2.96544,1.48153,3.47157,0.42336,36.966,0.42336,423.524,0,0.98947,0,0,1.25074,0.261274,1.028160,1,0,22.0036,0,0,0,22.0036,0
62.6981,2.43849,0,0,1.57046,0.0801488,0.36288,3.6288,57.6554,0.784763,0,0,0.46776,0.286327,0,0.66528,12.849,1,0.489495,0.36288,0,22.9631,5.74276,17.0938,0.84672,12.849,0.84672,3695.15,0,36.966,0.574715,0.261274,2.3011,2.85959,1.48153,3.36572,0.42336,36.966,0.42336,423.524,0,0.908677,0,0,1.16995,0.261274,1.028160,1,0,20.4595,0,0,0,20.4595,0
61.1721,2.42997,0,0,1.33012,0.0633036,0.36288,3.6288,57.0689,0.760942,0,0,0.465221,0.290741,0,0.66528,12.849,1,0.497984,0.36288,0,21.8843,6.01956,15.7297,0.84672,12.849,0.84672,3695.15,0,36.966,0.574694,0.227405,2.30108,2.8061,1.48204,3.27786,0.42336,36.966,0.42336,423.524,0,0.932498,0,0,1.1599,0.227405,1.028160,1,0,19.0075,0,0,0,19.0075,0
59.1937,2.84787,0,0,1.28703,0.0546959,0.36288,3.6288,56.4396,0.763533,0,0,0.439214,0.305011,0,0.66528,12.849,1,0.598186,0.36288,0,19.5515,5.68872,13.6275,0.84672,12.849,0.84672,3695.15,0,36.966,0.494573,0.227405,2.30106,2.59671,1.52581,3.10479,0.42336,36.966,0.42336,423.524,0,0.876848,0,0,1.10425,0.227405,1.028160,1,0,16.7323,0,0,0,16.7323,0
57.3683,2.58295,0,0,1.16707,0.0465868,0.36288,3.6288,55.6259,0.890663,0,0,0.390912,0.313992,0,0.66528,12.849,1,0.560674,0.36288,0,17.5478,5.61813,11.7318,0.84672,12.849,0.84672,3695.15,0,36.966,0.743892,0.227405,2.29526,2.49298,1.58489,2.68686,0.42336,36.966,0.42336,423.524,0,0.802777,0,0,1.03018,0.227405,1.028160,1,0,14.4187,0,0,0,14.4187,0
55.4119,2.81541,0,0,1.26765,0.0457673,0.36288,3.6288,54.9134,0.795694,0,0,0.395549,0.312325,0,0.66528,12.849,1,0.630578,0.36288,0,16.7709,5.61813,10.8851,0.84672,12.849,0.84672,3695.15,0,36.966,0.528776,0.227405,2.4722,2.64793,1.58489,3.23386,0.42336,36.966,0.42336,423.524,0,0.810441,0,0,1.03785,0.227405,1.028160,1,0,14.119,0,0,0,14.119,0
54.1516,2.79731,0,0,1.95796,0.0581236,0.36288,3.6288,54.4199,0.661456,0,0,0.475776,0.307778,0,0.66528,12.849,1,0.648644,0.36288,0,27.088,5.52907,21.2731,0.84672,12.849,0.84672,3695.15,0,36.966,0.445272,0.215922,2.29521,2.79837,1.57397,3.29026,0.42336,36.966,0.42336,423.524,0,1.02816,0,0,1.24408,0.215922,1.028160,1,0,24.5634,0,0,0,24.5634,0
53.1979,2.78508,0,0,2.2432,0.048898,0.36288,3.6288,53.889,0.751043,0,0,0.522486,0.302436,0,0.66528,12.849,1,0.660839,0.36288,0,25.3065,5.5998,19.4087,0.84672,12.849,0.84672,3695.15,0,36.966,0.510163,0.204422,2.29519,2.83703,1.53281,3.29366,0.42336,36.966,0.42336,423.524,0,0.87366,0,0,1.07808,0.204422,1.028160,1,0,22.7024,0,0,0,22.7024,0
52.5018,2.69082,0,0,2.38156,0.0239394,0.36288,3.6288,53.5958,0.595485,0,0,0.607518,0.305215,0,0.66528,12.849,1,0.64992,0.36288,0,22.4449,5.6742,16.4837,0.84672,12.849,0.84672,3695.15,0,36.966,0.408482,0.460719,2.29516,3.52928,1.49977,4.37691,0.42336,36.966,0.42336,423.524,0,1.02816,0,0,1.48888,0.460719,1.028160,1,0,20.8606,0,0,0,20.8606,0
50.6004,2.68387,0,0,1.1691,0.023769,0.36288,3.6288,52.8722,0.791497,0,0,0.37247,0.304528,0,0.66528,12.849,1,0.656836,0.36288,0,22.6135,5.6742,16.6453,0.84672,12.849,0.84672,3695.15,0,36.966,0.54591,0.204422,2.19608,2.02365,1.49977,2.37848,0.42336,36.966,0.42336,423.524,0,0.694699,0,0,0.899122,0.204422,1.028160,1,0,19.0238,0,0,0,19.0238,0
48.7525,2.66416,0,0,1.20242,0.0233034,0.36288,3.6288,52.1016,0.872442,0,0,0.404624,0.302774,0,0.66528,12.849,1,0.676513,0.36288,0,14.7474,5.6742,8.75952,0.84672,12.849,0.84672,3695.15,0,36.966,0.609975,0.216518,2.19605,1.64144,1.49977,1.94427,0.42336,36.966,0.42336,423.524,0,0.549668,0,0,0.766187,0.216518,1.028160,1,0,10.7038,0,0,0,10.7038,0
48.993,2.64384,0,0,3.35991,0.112639,0.36288,3.6288,51.9556,0.587251,0,0,0.753062,0.311803,0,0.66528,12.849,1,0.6968,0.36288,0,24.0152,5.02251,18.6588,0.84672,12.849,0.84672,3695.15,0,36.966,0.416653,0.970376,2.19603,5.06259,1.35193,6.46041,0.42336,36.966,0.42336,423.524,0,1.02816,0,0,1.99854,0.970376,1.028160,1,0,25.1192,0,0,0,25.1192,0
46.9016,2.57816,0,0,1.06479,0.21514,0.36288,3.6288,51.787,0.531927,0,0,0.617714,0.254421,0,0.66528,12.849,1,0.676152,0.36288,0,27.6215,5.18406,22.1241,0.84672,12.849,0.84672,3695.15,0,36.966,0.378462,0.399868,2.19601,3.16064,1.30267,4.07538,0.42336,36.966,0.42336,423.524,0,1.02816,0,0,1.42803,0.399868,1.028160,1,0,26.1995,0,0,0,26.1995,0
44.8312,2.55446,0,0,1.05718,0.210283,0.36288,3.6288,51.6529,0.531197,0,0,0.651144,0.254074,0,0.66528,12.849,1,0.699812,0.36288,0,17.0986,5.18406,11.5776,0.84672,12.849,0.84672,3695.15,0,36.966,0.379173,0.5259,2.10758,3.1173,1.30267,4.06894,0.42336,36.966,0.42336,423.524,0,1.02816,0,0,1.55406,0.5259,1.028160,1,0,15.6465,0,0,0,15.6465,0
45.9098,2.52932,0,0,4.15662,0.185783,0.36288,3.6288,51.9415,0.530611,0,0,1.05561,0.236414,0,0.66528,12.849,1,0.724924,0.36288,0,42.9408,4.75583,37.8229,0.84672,12.849,0.84672,3695.15,0,36.966,0.379738,1.33347,2.10756,8.34105,1.33117,10.0712,0.42336,36.966,0.42336,423.524,0,1.02816,0,0,2.36163,1.33347,1.028160,1,0,47.8941,0,0,0,47.8941,0
