0st_vol,0capacity,0net_inf,0st_rof,0lt_rof,0rest_demand,0unrest_demand,0unfulf_demand,0wastewater,0treat_capacity,1st_vol,1capacity,1net_inf,1st_rof,1lt_rof,1rest_demand,1unrest_demand,1unfulf_demand,1wastewater,1treat_capacity
85.139,85.139,10.0502,1,0,2.41837,2.46977,0,0,4.47552,99.3022,98.274,9.36474,1,1,1.4028,1.43262,0,0,2.1168
85.139,85.139,12.3955,1,0,2.41908,2.4705,0,0.453202,4.47552,99.3022,98.274,9.64645,1,1,1.40321,1.43304,0,1.0838,2.1168
85.139,85.139,9.18797,1,0,2.41979,2.47123,0,0.453336,4.47552,99.3022,98.274,9.2173,1,1,1.40363,1.43346,0,1.08412,2.1168
85.139,85.139,10.8671,1,0,2.42051,2.47196,0,0.45347,4.47552,99.3022,98.274,9.85802,1,1,1.40404,1.43389,0,1.08444,2.1168
85.139,85.139,14.1369,1,0,2.65738,2.71387,0,0.453603,4.47552,99.3022,98.274,12.0409,1,1,1.56959,1.60295,0,1.08476,2.1168
85.139,85.139,11.0438,1,0,2.65817,2.71467,0,0.497994,4.47552,99.3022,98.274,9.89377,1,1,1.57005,1.60343,0,1.21266,2.1168
85.139,85.139,8.54761,1,0,2.65895,2.71547,0,0.498141,4.47552,99.3022,98.274,8.5346,1,1,1.57052,1.6039,0,1.21302,2.1168
85.139,85.139,7.6962,1,0,2.65974,2.71627,0,0.498288,4.47552,99.3022,98.274,8.74794,1,1,1.57098,1.60437,0,1.21338,2.1168
85.139,85.139,9.21007,1,0,2.32328,2.37267,0,0.498435,4.47552,99.3022,98.274,9.64325,1,1,1.34957,1.37826,0,1.21374,2.1168
85.139,85.139,5.393,1,0,2.32397,2.37337,0,0.435383,4.47552,99.3022,98.274,5.388,1,1,1.34997,1.37866,0,1.04268,2.1168
85.139,85.139,4.40562,1,0,2.32465,2.37407,0,0.435512,4.47552,99.3022,98.274,4.53897,1,1,1.35037,1.37907,0,1.04298,2.1168
85.139,85.139,6.02394,1,0,2.32534,2.37477,0,0.43564,4.47552,99.3022,98.274,6.39342,1,1,1.35076,1.37948,0,1.04329,2.1168
85.139,85.139,7.67625,1,0,2.32603,2.37547,0,0.435769,4.47552,99.3022,98.274,7.99309,1,1,1.35116,1.37988,0,1.0436,2.1168
85.139,85.139,6.36551,1,0,2.41173,2.46299,0,0.435897,4.47552,99.3022,98.274,10.8437,1,1,1.40592,1.4358,0,1.04391,2.1168
85.139,85.139,4.87298,1,0,2.41244,2.46372,0,0.451957,4.47552,99.3022,98.274,8.42816,1,1,1.40633,1.43623,0,1.08621,2.1168
85.139,85.139,4.42847,1,0,2.41315,2.46444,0,0.452091,4.47552,99.3022,98.274,7.69826,1,1,1.40675,1.43665,0,1.08653,2.1168
85.139,85.139,4.63053,1,0,2.41386,2.46517,0,0.452224,4.47552,99.3022,98.274,8.65981,1,1,1.40716,1.43707,0,1.08685,2.1168
85.139,85.139,4.5643,1,0,2.38129,2.43191,0,0.452357,4.47552,99.3022,98.274,7.01567,1,1,1.38644,1.41591,0,1.08717,2.1168
85.139,85.139,4.6003,1,0,2.382,2.43263,0,0.446254,4.47552,99.3022,98.274,6.62826,1,1,1.38685,1.41633,0,1.07116,2.1168
85.139,85.139,3.94715,1,0,2.3827,2.43334,0,0.446386,4.47552,99.3022,98.274,6.50943,1,1,1.38726,1.41675,0,1.07148,2.1168
85.139,85.139,3.8224,1,0,2.3834,2.43406,0,0.446518,4.47552,99.3022,98.274,6.39733,1,1,1.38767,1.41717,0,1.0718,2.1168
85.139,85.139,3.60657,1,0,2.4972,2.55028,0,0.446649,4.47552,99.3022,98.274,5.38274,1,1,1.46312,1.49422,0,1.07211,2.1168
85.139,85.139,3.39019,1,0,2.49793,2.55103,0,0.467975,4.47552,99.3022,98.274,4.5424,1,1,1.46356,1.49467,0,1.13041,2.1168
85.139,85.139,2.93203,1,0,2.49867,2.55178,0,0.468113,4.47552,99.3022,98.274,4.09465,1,1,1.46399,1.49511,0,1.13074,2.1168
85.0016,85.139,2.63882,1,0,2.49941,2.55254,0,0.468251,4.47552,99.3022,98.274,3.72584,1,1,1.46442,1.49555,0,1.13108,2.1168
84.746,85.139,2.50073,1,0,2.50014,2.55329,0,0.468389,4.47552,99.3022,98.274,3.63341,1,1,1.46485,1.49599,0,1.13141,2.1168
84.9063,85.139,2.90027,1,0,2.47848,2.53117,0,0.468527,4.47552,99.3022,98.274,3.93896,1,1,1.50659,1.53861,0,1.13174,2.1168
84.9314,85.139,2.75326,1,0,2.47921,2.53191,0,0.464468,4.47552,99.3022,98.274,3.7397,1,1,1.50703,1.53907,0,1.16399,2.1168
84.7538,85.139,2.54436,1,0,2.47994,2.53266,0,0.464605,4.47552,99.3022,98.274,3.46718,1,1,1.50748,1.53952,0,1.16434,2.1168
84.4696,85.139,2.42965,1,0,2.48068,2.53341,0,0.464742,4.47552,99.3022,98.274,3.27944,1,1,1.50792,1.53998,0,1.16468,2.1168
83.9005,85.139,2.15765,1,0,2.53932,2.59329,0,0.464879,4.47552,99.3022,98.274,2.84497,1,1,1.54523,1.57807,0,1.16502,2.1168
83.3325,85.139,2.18376,1,0,2.54007,2.59406,0,0.475868,4.47552,99.3022,98.274,3.13188,1,1,1.54568,1.57854,0,1.19384,2.1168
82.628,85.139,2.01969,1,0,2.54081,2.59482,0,0.476008,4.47552,99.3022,98.274,2.9409,1,1,1.54614,1.579,0,1.19419,2.1168
81.7529,85.139,1.83805,1,0,2.54156,2.59559,0,0.476149,4.47552,99.3022,98.274,2.60765,1,1,1.54659,1.57947,0,1.19455,2.1168
81.0354,85.139,2.12584,1,0,2.7121,2.76975,0,0.476289,4.47552,99.3022,98.274,3.24196,1,1,1.68024,1.71596,0,1.1949,2.1168
80.615,85.139,2.42795,1,0,2.7129,2.77057,0,0.508248,4.47552,99.3022,98.274,2.80081,1,1,1.68074,1.71646,0,1.29816,2.1168
79.7842,85.139,2.0378,1,0,2.7137,2.77138,0,0.508398,4.47552,99.3022,98.274,2.46439,1,1,1.68123,1.71697,0,1.29854,2.1168
79.1624,85.139,2.22593,1,0,2.7145,2.7722,0,0.508548,4.47552,99.3022,98.274,3.24996,1,1,1.68173,1.71748,0,1.29892,2.1168
78.3898,85.139,2.07034,1,0,2.7153,2.77302,0,0.508698,4.47552,99.3022,98.274,2.92572,1,1,1.68222,1.71798,0,1.2993,2.1168
76.916,85.139,1.19787,1,0,2.63323,2.6892,0,0.508847,4.47552,99.275,98.274,2.40665,1,1,1.60176,1.6358,0,1.29969,2.1168
75.7786,85.139,1.56399,1,0,2.63401,2.68999,0,0.493467,4.47552,99.3022,98.274,2.47374,1,1,1.60223,1.63629,0,1.23752,2.1168
75.2952,85.139,2.25256,1,0,2.63478,2.69079,0,0.493613,4.47552,99.3022,98.274,4.19629,1,1,1.6027,1.63677,0,1.23788,2.1168
74.4501,85.139,1.93543,1,0,2.63556,2.69158,0,0.493758,4.47552,99.3022,98.274,3.13572,1,1,1.60317,1.63725,0,1.23825,2.1168
73.7122,85.139,2.04195,1,0,2.56823,2.62282,0,0.493904,4.47552,99.0223,98.274,2.43802,1,1,1.52986,1.56238,0,1.23861,2.1168
72.4972,85.139,1.53579,1,0,2.56899,2.6236,0,0.481287,4.47552,98.9649,98.274,1.68359,1,1,1.53031,1.56284,0,1.18197,2.1168
71.7559,85.139,2.02756,1,0,2.56975,2.62437,0,0.481428,4.47552,99.3022,98.274,3.9439,1,1,1.53076,1.5633,0,1.18232,2.1168
74.2967,85.139,5.51674,1,0,2.5705,2.62514,0,0.48157,4.47552,99.3022,98.274,7.57866,1,1,1.53121,1.56376,0,1.18267,2.1168
75.6936,85.139,4.14776,1,0,2.37761,2.42815,0,0.481712,4.47552,99.3022,98.274,2.78723,1,1,1.37781,1.4071,0,1.18302,2.1168
78.6316,85.139,5.78524,1,0,2.37831,2.42887,0,0.445565,4.47552,99.3022,98.274,3.56919,1,1,1.37822,1.40752,0,1.0645,2.1168
81.8444,85.139,6.18093,1,0,2.37902,2.42958,0,0.445696,4.47552,99.3022,98.274,9.21132,1,1,1.37863,1.40793,0,1.06481,2.1168
83.9589,85.139,4.99197,1,0,2.37972,2.4303,0,0.445827,4.47552,99.3022,98.274,4.7323,1,1,1.37903,1.40835,0,1.06513,2.1168
84.3953,85.139,3.26548,1,0,2.38042,2.43102,0,0.445959,4.47552,99.3022,98.274,3.34535,1,1,1.37944,1.40876,0,1.06544,2.1168
85.139,85.139,4.68867,1,0,2.4557,2.5079,0,0.44609,4.47552,99.3022,98.274,4.12816,1,1,1.42445,1.45473,0,1.06575,2.1168
85.139,85.139,4.86651,1,0,2.4564,2.50861,0,0.460198,4.47552,99.3022,98.274,3.27737,1,1,1.42486,1.45515,0,1.10053,2.1168
85.139,85.139,4.49477,1,0,2.4571,2.50933,0,0.460329,4.47552,99.3022,98.274,3.45198,1,1,1.42527,1.45556,0,1.10085,2.1168
85.139,85.139,4.56268,1,0,2.4578,2.51005,0,0.460461,4.47552,99.3022,98.274,3.93657,1,1,1.42567,1.45598,0,1.10116,2.1168
85.139,85.139,6.13962,1,0,2.6983,2.75566,0,0.460592,4.47552,99.3022,98.274,3.91998,1,1,1.59376,1.62763,0,1.10148,2.1168
85.139,85.139,7.06112,1,0,2.69907,2.75644,0,0.505662,4.47552,99.3022,98.274,3.44103,1,1,1.59421,1.6281,0,1.23134,2.1168
85.139,85.139,6.0573,1,0,2.69984,2.75723,0,0.505806,4.47552,99.3022,98.274,3.58457,1,1,1.59467,1.62856,0,1.23169,2.1168
85.139,85.139,5.9096,1,0,2.70061,2.75802,0,0.50595,4.47552,99.3022,98.274,5.4289,1,1,1.59512,1.62903,0,1.23204,2.1168
85.139,85.139,9.23276,1,0,2.35896,2.40911,0,0.506095,4.47552,99.3022,98.274,9.66388,1,1,1.3703,1.39942,0,1.23239,2.1168
85.139,85.139,5.75973,1,0,2.35964,2.40979,0,0.44207,4.47552,99.3022,98.274,6.07903,1,1,1.37069,1.39982,0,1.05869,2.1168
85.139,85.139,5.90692,1,0,2.36031,2.41048,0,0.442196,4.47552,99.3022,98.274,6.64865,1,1,1.37108,1.40022,0,1.05899,2.1168
85.139,85.139,7.90252,1,0,2.36098,2.41117,0,0.442322,4.47552,99.3022,98.274,7.30614,1,1,1.37147,1.40062,0,1.05929,2.1168
85.139,85.139,8.8234,1,0,2.36166,2.41186,0,0.442448,4.47552,99.3022,98.274,7.85674,1,1,1.37186,1.40102,0,1.0596,2.1168
85.139,85.139,9.14259,1,0,2.44865,2.50069,0,0.442575,4.47552,99.3022,98.274,10.4099,1,1,1.42744,1.45778,0,1.0599,2.1168
85.139,85.139,6.27241,1,0,2.44934,2.50141,0,0.458876,4.47552,99.3022,98.274,7.26575,1,1,1.42785,1.4582,0,1.10284,2.1168
85.139,85.139,4.64537,1,0,2.45004,2.50212,0,0.459007,4.47552,99.3022,98.274,5.90228,1,1,1.42826,1.45862,0,1.10316,2.1168
85.139,85.139,4.01596,1,0,2.45074,2.50284,0,0.459138,4.47552,99.3022,98.274,5.58289,1,1,1.42866,1.45903,0,1.10347,2.1168
85.139,85.139,4.18054,1,0,2.41765,2.46904,0,0.459269,4.47552,99.3022,98.274,5.23104,1,1,1.40761,1.43753,0,1.10379,2.1168
85.139,85.139,4.09205,1,0,2.41834,2.46975,0,0.453068,4.47552,99.3022,98.274,4.84623,1,1,1.40801,1.43794,0,1.08752,2.1168
85.139,85.139,3.85092,1,0,2.41903,2.47045,0,0.453198,4.47552,99.3022,98.274,4.6088,1,1,1.40841,1.43835,0,1.08783,2.1168
85.139,85.139,3.44195,1,0,2.41972,2.47116,0,0.453327,4.47552,99.3022,98.274,5.14021,1,1,1.40882,1.43876,0,1.08814,2.1168
85.139,85.139,3.3661,1,0,2.53523,2.58912,0,0.453456,4.47552,99.3022,98.274,4.79459,1,1,1.48541,1.51698,0,1.08845,2.1168
85.139,85.139,2.8712,1,0,2.53595,2.58986,0,0.475102,4.47552,99.3022,98.274,3.47858,1,1,1.48583,1.51741,0,1.14763,2.1168
85.0926,85.139,2.80207,1,0,2.53668,2.5906,0,0.475238,4.47552,99.3022,98.274,3.56043,1,1,1.48626,1.51785,0,1.14795,2.1168
84.8954,85.139,2.66004,1,0,2.5374,2.59133,0,0.475373,4.47552,99.3022,98.274,3.70938,1,1,1.48668,1.51828,0,1.14828,2.1168
84.5964,85.139,2.52436,1,0,2.53812,2.59207,0,0.475509,4.47552,99.3022,98.274,3.69763,1,1,1.4871,1.51871,0,1.14861,2.1168
85.139,85.139,4.18614,1,0,2.51611,2.56959,0,0.475644,4.47552,99.3022,98.274,3.73585,1,1,1.52946,1.56197,0,1.14894,2.1168
85.139,85.139,3.83036,1,0,2.51683,2.57032,0,0.471519,4.47552,99.3022,98.274,3.61357,1,1,1.5299,1.56242,0,1.18166,2.1168
85.139,85.139,3.42085,1,0,2.51754,2.57106,0,0.471653,4.47552,99.3022,98.274,3.3808,1,1,1.53033,1.56286,0,1.182,2.1168
85.139,85.139,3.21519,1,0,2.51826,2.57179,0,0.471787,4.47552,99.3022,98.274,3.27479,1,1,1.53077,1.56331,0,1.18234,2.1168
85.139,85.139,3.17412,1,0,2.57777,2.63256,0,0.471922,4.47552,99.3022,98.274,2.95695,1,1,1.56862,1.60197,0,1.18267,2.1168
85.139,85.139,3.65302,1,0,2.5785,2.63331,0,0.483073,4.47552,99.3022,98.274,3.31571,1,1,1.56907,1.60242,0,1.21192,2.1168
85.139,85.139,3.38434,1,0,2.57924,2.63406,0,0.483211,4.47552,99.3022,98.274,3.37947,1,1,1.56952,1.60288,0,1.21226,2.1168
85.139,85.139,3.13492,1,0,2.57997,2.63481,0,0.483349,4.47552,99.2897,98.274,2.99856,1,1,1.56996,1.60334,0,1.21261,2.1168
85.139,85.139,3.08287,1,0,2.75306,2.81158,0,0.483487,4.47552,99.2542,98.274,3.38146,1,1,1.70562,1.74187,0,1.21295,2.1168
84.688,85.139,2.47439,1,0,2.75385,2.81238,0,0.515924,4.47552,99.1286,98.274,3.20125,1,1,1.7061,1.74237,0,1.31776,2.1168
84.4409,85.139,2.67062,1,0,2.75463,2.81318,0,0.516071,4.47552,99.0107,98.274,3.25351,1,1,1.70659,1.74287,0,1.31814,2.1168
85.139,85.139,4.13379,1,0,2.75542,2.81399,0,0.516218,4.47552,99.0224,98.274,3.83169,1,1,1.70708,1.74336,0,1.31851,2.1168
85.139,85.139,5.58283,1,0,2.7562,2.81479,0,0.516365,4.47552,99.2406,98.274,4.14209,1,1,1.70756,1.74386,0,1.31889,2.1168
85.139,85.139,4.01368,1,0,2.67287,2.72968,0,0.516512,4.47552,99.3022,98.274,4.41722,1,1,1.62587,1.66043,0,1.31926,2.1168
85.139,85.139,6.15948,1,0,2.67363,2.73046,0,0.500895,4.47552,99.3022,98.274,8.02252,1,1,1.62633,1.6609,0,1.25615,2.1168
85.139,85.139,5.31756,1,0,2.67439,2.73124,0,0.501038,4.47552,99.3022,98.274,6.20561,1,1,1.62679,1.66137,0,1.2565,2.1168
85.139,85.139,5.27991,1,0,2.67515,2.73202,0,0.501181,4.47552,99.3022,98.274,4.72083,1,1,1.62726,1.66185,0,1.25686,2.1168
85.139,85.139,4.1243,1,0,2.60679,2.6622,0,0.501324,4.47552,99.3022,98.274,5.20973,1,1,1.55283,1.58584,0,1.25722,2.1168
85.139,85.139,4.95802,1,0,2.60753,2.66296,0,0.488512,4.47552,99.3022,98.274,5.89559,1,1,1.55327,1.58629,0,1.19972,2.1168
85.139,85.139,4.61156,1,0,2.60828,2.66372,0,0.488652,4.47552,99.3022,98.274,5.4092,1,1,1.55371,1.58674,0,1.20006,2.1168
85.139,85.139,6.15239,1,0,2.60902,2.66448,0,0.488791,4.47552,99.3022,98.274,7.07362,1,1,1.55416,1.58719,0,1.2004,2.1168
85.139,85.139,7.18214,1,0,2.41322,2.46451,0,0.48893,4.47552,99.3022,98.274,7.40595,1,1,1.39845,1.42817,0,1.20074,2.1168
85.139,85.139,13.2862,1,0,2.4139,2.46521,0,0.452237,4.47552,99.3022,98.274,14.8204,1,1,1.39884,1.42858,0,1.08044,2.1168
85.139,85.139,9.77648,1,0,2.41459,2.46592,0,0.452366,4.47552,99.3022,98.274,9.71137,1,1,1.39924,1.42899,0,1.08075,2.1168
85.139,85.139,11.1583,1,0,2.41528,2.46662,0,0.452495,4.47552,99.3022,98.274,10.0864,1,1,1.39964,1.42939,0,1.08106,2.1168
85.139,85.139,9.77176,1,0,2.41597,2.46732,0,0.452623,4.47552,99.3022,98.274,8.61844,1,1,1.40004,1.4298,0,1.08136,2.1168
85.139,85.139,7.98374,1,0,2.49235,2.54533,0,0.452752,4.47552,99.3022,98.274,8.19401,1,1,1.44571,1.47644,0,1.08167,2.1168
85.139,85.139,4.76956,1,0,2.49304,2.54603,0,0.467066,4.47552,99.3022,98.274,7.30805,1,1,1.44611,1.47685,0,1.11696,2.1168
85.139,85.139,4.794,1,0,2.49372,2.54673,0,0.467195,4.47552,99.3022,98.274,6.85681,1,1,1.44651,1.47726,0,1.11727,2.1168
85.139,85.139,4.72021,1,0,2.49441,2.54743,0,0.467324,4.47552,99.3022,98.274,7.20299,1,1,1.44691,1.47766,0,1.11757,2.1168
85.139,85.139,4.4309,1,0,2.73846,2.79667,0,0.467452,4.47552,99.3022,98.274,7.5575,1,1,1.61748,1.65186,0,1.11788,2.1168
85.139,85.139,4.4737,1,0,2.73922,2.79744,0,0.513188,4.47552,99.3022,98.274,10.1418,1,1,1.61792,1.65232,0,1.24966,2.1168
85.139,85.139,4.66899,1,0,2.73997,2.79821,0,0.513329,4.47552,99.3022,98.274,7.45014,1,1,1.61837,1.65277,0,1.25001,2.1168
85.139,85.139,8.08336,1,0,2.74073,2.79898,0,0.513471,4.47552,99.3022,98.274,10.9926,1,1,1.61882,1.65323,0,1.25035,2.1168
85.139,85.139,4.66881,1,0,2.39398,2.44487,0,0.513612,4.47552,99.3022,98.274,8.41165,1,1,1.39064,1.4202,0,1.2507,2.1168
85.139,85.139,5.1769,1,0,2.39464,2.44554,0,0.448632,4.47552,99.3022,98.274,10.5062,1,1,1.39102,1.42059,0,1.07441,2.1168
85.139,85.139,4.69681,1,0,2.3953,2.44621,0,0.448756,4.47552,99.3022,98.274,10.7472,1,1,1.3914,1.42098,0,1.0747,2.1168
85.139,85.139,6.85552,1,0,2.39596,2.44689,0,0.448879,4.47552,99.3022,98.274,12.5224,1,1,1.39179,1.42137,0,1.075,2.1168
85.139,85.139,5.78748,1,0,2.39662,2.44756,0,0.449003,4.47552,99.3022,98.274,11.4876,1,1,1.39217,1.42176,0,1.07529,2.1168
85.139,85.139,8.24588,1,0,2.48487,2.53769,0,0.449126,4.47552,99.3022,98.274,17.2711,1,1,1.44856,1.47935,0,1.07559,2.1168
85.139,85.139,5.88954,1,0,2.48555,2.53839,0,0.465665,4.47552,99.3022,98.274,15.441,1,1,1.44896,1.47976,0,1.11916,2.1168
85.139,85.139,5.52776,1,0,2.48624,2.53909,0,0.465793,4.47552,99.3022,98.274,16.5667,1,1,1.44936,1.48016,0,1.11946,2.1168
85.139,85.139,5.10398,1,0,2.48692,2.53978,0,0.465921,4.47552,99.3022,98.274,15.3895,1,1,1.44976,1.48057,0,1.11977,2.1168
85.139,85.139,4.91038,1,0,2.45332,2.50547,0,0.466049,4.47552,99.3022,98.274,12.7795,1,1,1.42838,1.45874,0,1.12008,2.1168
85.139,85.139,4.39755,1,0,2.454,2.50616,0,0.459752,4.47552,99.3022,98.274,9.91222,1,1,1.42877,1.45914,0,1.10356,2.1168
85.139,85.139,3.89609,1,0,2.45467,2.50685,0,0.459879,4.47552,99.3022,98.274,9.52669,1,1,1.42916,1.45954,0,1.10387,2.1168
85.139,85.139,3.68421,1,0,2.45535,2.50754,0,0.460006,4.47552,99.3022,98.274,9.13007,1,1,1.42956,1.45994,0,1.10417,2.1168
85.139,85.139,3.4239,1,0,2.57253,2.62721,0,0.460132,4.47552,99.3022,98.274,8.79835,1,1,1.50726,1.5393,0,1.10448,2.1168
85.139,85.139,3.37932,1,0,2.57324,2.62793,0,0.482092,4.47552,99.3022,98.274,6.65583,1,1,1.50768,1.53972,0,1.16451,2.1168
85.139,85.139,3.16091,1,0,2.57395,2.62866,0,0.482225,4.47552,99.3022,98.274,6.13482,1,1,1.50809,1.54015,0,1.16483,2.1168
85.139,85.139,3.10759,1,0,2.57465,2.62938,0,0.482357,4.47552,99.3022,98.274,6.27161,1,1,1.50851,1.54057,0,1.16515,2.1168
85.0185,85.139,2.79886,1,0,2.57536,2.63011,0,0.48249,4.47552,99.3022,98.274,6.1733,1,1,1.50892,1.541,0,1.16547,2.1168
85.1138,85.139,2.93441,1,0,2.553,2.60727,0,0.482623,4.47552,99.3022,98.274,3.6402,1,1,1.55189,1.58487,0,1.16579,2.1168
85.1278,85.139,2.84023,1,0,2.5537,2.60798,0,0.478432,4.47552,99.3022,98.274,3.02562,1,1,1.55231,1.58531,0,1.19899,2.1168
85.0271,85.139,2.70429,1,0,2.5544,2.6087,0,0.478564,4.47552,99.3022,98.274,2.96496,1,1,1.55274,1.58575,0,1.19932,2.1168
84.7799,85.139,2.54258,1,0,2.55511,2.60942,0,0.478695,4.47552,99.3022,98.274,3.00525,1,1,1.55317,1.58618,0,1.19965,2.1168
84.2935,85.139,2.33353,1,0,2.61546,2.67105,0,0.478827,4.47552,99.2887,98.274,2.86546,1,1,1.59156,1.62539,0,1.19998,2.1168
83.7756,85.139,2.31654,1,0,2.61618,2.67179,0,0.490137,4.47552,99.2218,98.274,3.14141,1,1,1.592,1.62584,0,1.22964,2.1168
83.1151,85.139,2.13667,1,0,2.6169,2.67252,0,0.490272,4.47552,99.0852,98.274,3.01725,1,1,1.59243,1.62628,0,1.22998,2.1168
82.2766,85.139,1.94484,1,0,2.61762,2.67326,0,0.490407,4.47552,98.9161,98.274,2.61606,1,1,1.59287,1.62673,0,1.23031,2.1168
81.5438,85.139,2.18776,1,0,2.7932,2.85258,0,0.490541,4.47552,98.7778,98.274,3.49674,1,1,1.73049,1.76727,0,1.23065,2.1168
80.7783,85.139,2.16123,1,0,2.79397,2.85336,0,0.523447,4.47552,98.4583,98.274,2.58469,1,1,1.73096,1.76776,0,1.33697,2.1168
80.1497,85.139,2.32524,1,0,2.79474,2.85415,0,0.523591,4.47552,98.2397,98.274,3.15511,1,1,1.73144,1.76824,0,1.33734,2.1168
79.1379,85.139,1.92663,1,0,2.79551,2.85493,0,0.523735,4.47552,97.8771,98.274,2.21888,1,1,1.73192,1.76873,0,1.33771,2.1168
78.5734,85.139,2.36457,1,0,2.79628,2.85572,0,0.523879,4.47552,97.7999,98.274,4.19306,1,1,1.73239,1.76922,0,1.33808,2.1168
78.2405,85.139,2.52024,1,0,2.71171,2.76935,0,0.524023,4.47552,97.5207,98.274,2.87775,1,1,1.64949,1.68455,0,1.33845,2.1168
77.9246,85.139,2.63518,1,0,2.71245,2.77011,0,0.508174,4.47552,97.3001,98.274,2.90918,1,1,1.64995,1.68502,0,1.2744,2.1168
77.9424,85.139,3.00395,1,0,2.7132,2.77087,0,0.508314,4.47552,97.2392,98.274,3.70071,1,1,1.6504,1.68548,0,1.27475,2.1168
77.8388,85.139,2.93894,1,0,2.71395,2.77163,0,0.508453,4.47552,97.1674,98.274,3.61679,1,1,1.65085,1.68595,0,1.2751,2.1168
78.8214,85.139,4.15626,1,0,2.64456,2.70078,0,0.508593,4.47552,97.3835,98.274,4.6856,1,1,1.57533,1.60882,0,1.27545,2.1168
81.9608,85.139,6.50774,1,0,2.64529,2.70152,0,0.495591,4.47552,97.964,98.274,5.56107,1,1,1.57577,1.60926,0,1.2171,2.1168
82.4594,85.139,3.65624,1,0,2.64602,2.70226,0,0.495728,4.47552,98.0346,98.274,2.95314,1,1,1.5762,1.6097,0,1.21744,2.1168
83.3346,85.139,4.0389,1,0,2.64675,2.70301,0,0.495864,4.47552,98.1888,98.274,3.51455,1,1,1.57663,1.61014,0,1.21777,2.1168
85.139,85.139,5.13288,1,0,2.44809,2.50013,0,0.496,4.47552,98.5038,98.274,4.15556,1,1,1.41865,1.44881,0,1.21811,2.1168
85.139,85.139,4.21017,1,0,2.44876,2.50081,0,0.458772,4.47552,98.933,98.274,4.10189,1,1,1.41904,1.44921,0,1.09605,2.1168
85.139,85.139,8.29605,1,0,2.44944,2.5015,0,0.458898,4.47552,99.3022,98.274,6.1336,1,1,1.41943,1.44961,0,1.09635,2.1168
85.139,85.139,6.42916,1,0,2.45011,2.50219,0,0.459024,4.47552,99.3022,98.274,6.75941,1,1,1.41982,1.45,0,1.09666,2.1168
85.139,85.139,5.43584,1,0,2.45078,2.50288,0,0.45915,4.47552,99.3022,98.274,4.71242,1,1,1.42022,1.4504,0,1.09696,2.1168
85.139,85.139,9.55612,1,0,2.52824,2.58198,0,0.459277,4.47552,99.3022,98.274,8.05086,1,1,1.46653,1.4977,0,1.09726,2.1168
85.139,85.139,4.7584,1,0,2.52891,2.58267,0,0.473792,4.47552,99.3022,98.274,4.78417,1,1,1.46692,1.4981,0,1.13304,2.1168
85.139,85.139,4.85086,1,0,2.52958,2.58335,0,0.473918,4.47552,99.3022,98.274,5.22761,1,1,1.46731,1.4985,0,1.13334,2.1168
85.139,85.139,3.78525,1,0,2.53025,2.58404,0,0.474044,4.47552,99.3022,98.274,3.99764,1,1,1.4677,1.4989,0,1.13364,2.1168
85.139,85.139,3.45202,1,0,2.77779,2.83683,0,0.47417,4.47552,99.3022,98.274,3.80658,1,1,1.6407,1.67558,0,1.13394,2.1168
84.0941,85.139,2.08831,1,0,2.77852,2.83758,0,0.520557,4.47552,99.1512,98.274,2.43532,1,1,1.64114,1.67602,0,1.26761,2.1168
84.0669,85.139,3.20967,1,0,2.77926,2.83834,0,0.520695,4.47552,99.0687,98.274,2.8906,1,1,1.64158,1.67647,0,1.26794,2.1168
84.2377,85.139,3.58332,1,0,2.78,2.83909,0,0.520833,4.47552,99.2068,98.274,3.56806,1,1,1.64201,1.67691,0,1.26828,2.1168
84.8105,85.139,3.59565,1,0,2.42826,2.47987,0,0.520972,4.47552,99.3022,98.274,3.21546,1,1,1.41055,1.44053,0,1.26862,2.1168
85.139,85.139,4.1136,1,0,2.4289,2.48053,0,0.455056,4.47552,99.3022,98.274,3.15674,1,1,1.41092,1.44091,0,1.08979,2.1168
85.139,85.139,5.10534,1,0,2.42955,2.48119,0,0.455177,4.47552,99.3022,98.274,3.77785,1,1,1.4113,1.4413,0,1.09008,2.1168
85.139,85.139,5.54854,1,0,2.43019,2.48185,0,0.455297,4.47552,99.3022,98.274,5.76264,1,1,1.41167,1.44168,0,1.09037,2.1168
85.139,85.139,5.92341,1,0,2.43084,2.48251,0,0.455418,4.47552,99.3022,98.274,4.73235,1,1,1.41205,1.44206,0,1.09066,2.1168
85.139,85.139,4.76363,1,0,2.52032,2.5739,0,0.455539,4.47552,99.3022,98.274,3.76616,1,1,1.46923,1.50046,0,1.09095,2.1168
85.139,85.139,5.26621,1,0,2.52099,2.57458,0,0.472309,4.47552,99.3022,98.274,5.15494,1,1,1.46962,1.50085,0,1.13512,2.1168
85.139,85.139,3.82423,1,0,2.52166,2.57526,0,0.472434,4.47552,99.3022,98.274,3.60714,1,1,1.47001,1.50125,0,1.13543,2.1168
85.139,85.139,3.23925,1,0,2.52233,2.57594,0,0.472559,4.47552,99.3022,98.274,3.02805,1,1,1.4704,1.50165,0,1.13573,2.1168
85.139,85.139,3.04432,1,0,2.48823,2.54112,0,0.472685,4.47552,99.3022,98.274,2.728,1,1,1.4487,1.47949,0,1.13603,2.1168
84.9531,85.139,2.77736,1,0,2.48889,2.54179,0,0.466293,4.47552,99.29,98.274,2.47972,1,1,1.44908,1.47989,0,1.11927,2.1168
84.6339,85.139,2.61177,1,0,2.48955,2.54246,0,0.466417,4.47552,99.2351,98.274,2.29043,1,1,1.44947,1.48028,0,1.11956,2.1168
84.1661,85.139,2.45774,1,0,2.49021,2.54314,0,0.466541,4.47552,99.1682,98.274,2.17711,1,1,1.44985,1.48067,0,1.11986,2.1168
83.3213,85.139,2.19604,1,0,2.60903,2.66448,0,0.466665,4.47552,99.1409,98.274,2.43929,1,1,1.52864,1.56114,0,1.12016,2.1168
82.7437,85.139,2.38488,1,0,2.60972,2.66519,0,0.488931,4.47552,99.1896,98.274,2.62621,1,1,1.52905,1.56155,0,1.18103,2.1168
81.9415,85.139,2.1107,1,0,2.61041,2.6659,0,0.489061,4.47552,99.1282,98.274,2.20831,1,1,1.52946,1.56197,0,1.18134,2.1168
81.0329,85.139,1.98777,1,0,2.6111,2.6666,0,0.489191,4.47552,98.977,98.274,1.92737,1,1,1.52986,1.56238,0,1.18166,2.1168
80.0606,85.139,1.9067,1,0,2.61179,2.66731,0,0.48932,4.47552,98.6542,98.274,1.81811,1,1,1.53027,1.56279,0,1.18197,2.1168
79.0426,85.139,1.78318,1,0,2.58909,2.64412,0,0.48945,4.47552,98.3244,98.274,1.77336,1,1,1.57382,1.60728,0,1.18228,2.1168
77.9359,85.139,1.67182,1,0,2.58977,2.64482,0,0.485195,4.47552,98.0258,98.274,1.69143,1,1,1.57424,1.6077,0,1.21594,2.1168
76.6938,85.139,1.52772,1,0,2.59046,2.64552,0,0.485324,4.47552,97.5946,98.274,1.66083,1,1,1.57466,1.60813,0,1.21626,2.1168
75.3276,85.139,1.38496,1,0,2.59115,2.64623,0,0.485452,4.47552,97.2519,98.274,1.50343,1,1,1.57508,1.60856,0,1.21658,2.1168
73.9308,85.139,1.35617,1,0,2.65232,2.7087,0,0.485581,4.47552,96.8856,98.274,1.54419,1,1,1.61399,1.6483,0,1.2169,2.1168
72.5506,85.139,1.35582,1,0,2.65303,2.70942,0,0.497045,4.47552,96.513,98.274,1.65355,1,1,1.61442,1.64874,0,1.24697,2.1168
71.0712,85.139,1.24234,1,0,2.65373,2.71014,0,0.497177,4.47552,95.9985,98.274,1.61336,1,1,1.61485,1.64917,0,1.2473,2.1168
69.4921,85.139,1.12762,1,0,2.65443,2.71086,0,0.497309,4.47552,95.5009,98.274,1.47118,1,1,1.61528,1.64961,0,1.24763,2.1168
67.6606,85.139,0.991677,1,0,2.83246,2.89267,0,0.497441,4.47552,94.8914,98.274,1.45363,1,1,1.75481,1.79211,0,1.24796,2.1168
66.077,85.139,1.22366,1,0,2.83321,2.89344,0,0.530803,4.47552,94.568,98.274,1.45752,1,1,1.75527,1.79258,0,1.35577,2.1168
64.7144,85.139,1.43967,1,0,2.83396,2.8942,0,0.530944,4.47552,93.9077,98.274,1.75974,1,1,1.75574,1.79306,0,1.35612,2.1168
63.0831,85.139,1.16714,1,0,2.83472,2.89497,0,0.531085,4.47552,93.5809,98.274,1.32867,1,1,1.75621,1.79354,0,1.35648,2.1168
61.6985,85.139,1.38689,1,0,2.83547,2.89574,0,0.531226,4.47552,93.3127,98.274,2.164,1,1,1.75667,1.79401,0,1.35684,2.1168
60.4406,85.139,1.49942,1,0,2.74968,2.80813,0,0.531366,4.47552,93.0417,98.274,1.84955,1,1,1.67259,1.70815,0,1.3572,2.1168
61.1277,85.139,3.48285,1,0,2.75041,2.80887,0,0.51529,4.47552,93.185,98.274,3.8539,1,1,1.67304,1.7086,0,1.29225,2.1168
60.1384,85.139,1.81571,1,0,2.75114,2.80962,0,0.515427,4.47552,93.0102,98.274,2.32559,1,1,1.67348,1.70905,0,1.29259,2.1168
59.2046,85.139,1.78968,1,0,2.75187,2.81036,0,0.515564,4.47552,92.8793,98.274,2.09224,1,1,1.67392,1.7095,0,1.29293,2.1168
61.4178,85.139,5.03729,1,0,2.68149,2.73849,0,0.5157,4.47552,93.2654,98.274,5.03229,1,1,1.59733,1.63128,0,1.29327,2.1168
64.378,85.139,5.90865,1,0,2.6822,2.73922,0,0.502512,4.47552,93.8214,98.274,3.68643,1,1,1.59775,1.63171,0,1.2341,2.1168
66.9298,85.139,5.57229,1,0,2.68291,2.73994,0,0.502645,4.47552,94.7947,98.274,5.57491,1,1,1.59818,1.63215,0,1.23442,2.1168
73.1027,85.139,9.25417,1,0,2.68362,2.74067,0,0.502778,4.47552,95.3604,98.274,4.87972,1,1,1.5986,1.63258,0,1.23475,2.1168
76.6653,85.139,6.55271,1,0,2.48217,2.53494,0,0.502911,4.47552,96.0412,98.274,4.51788,1,1,1.43841,1.46898,0,1.23508,2.1168
85.139,85.139,12.0267,1,0,2.48283,2.53561,0,0.465159,4.47552,99.3022,98.274,11.0477,1,1,1.43879,1.46937,0,1.11131,2.1168
85.139,85.139,9.9032,1,0,2.48349,2.53628,0,0.465283,4.47552,99.3022,98.274,8.51914,1,1,1.43917,1.46976,0,1.11161,2.1168
85.139,85.139,11.009,1,0,2.48415,2.53695,0,0.465406,4.47552,99.3022,98.274,9.11183,1,1,1.43955,1.47015,0,1.1119,2.1168
85.139,85.139,10.5046,1,0,2.48481,2.53762,0,0.465529,4.47552,99.3022,98.274,7.8232,1,1,1.43993,1.47054,0,1.1122,2.1168
85.139,85.139,8.31343,1,0,2.56331,2.6178,0,0.465653,4.47552,99.3022,98.274,7.69221,1,1,1.48688,1.51848,0,1.11249,2.1168
85.139,85.139,7.91657,1,0,2.56397,2.61847,0,0.480365,4.47552,99.3022,98.274,8.1728,1,1,1.48726,1.51887,0,1.14876,2.1168
85.139,85.139,7.43992,1,0,2.56462,2.61914,0,0.480488,4.47552,99.3022,98.274,8.19355,1,1,1.48764,1.51926,0,1.14905,2.1168
85.139,85.139,10.089,1,0,2.56528,2.61981,0,0.48061,4.47552,99.3022,98.274,7.91531,1,1,1.48802,1.51964,0,1.14935,2.1168
85.139,85.139,10.9991,1,0,2.81621,2.87607,0,0.480733,4.47552,99.3022,98.274,9.90835,1,1,1.6634,1.69876,0,1.14964,2.1168
85.139,85.139,7.48252,1,0,2.81693,2.8768,0,0.527757,4.47552,99.3022,98.274,9.13029,1,1,1.66382,1.69919,0,1.28514,2.1168
85.139,85.139,6.56602,1,0,2.81765,2.87754,0,0.527892,4.47552,99.3022,98.274,6.99815,1,1,1.66425,1.69962,0,1.28547,2.1168
85.139,85.139,4.48818,1,0,2.81837,2.87827,0,0.528027,4.47552,99.0522,98.274,4.08982,1,1,1.66467,1.70006,0,1.2858,2.1168
85.139,85.139,3.95908,1,0,2.46175,2.51408,0,0.528162,4.47552,99.3022,98.274,3.08112,1,1,1.43,1.4604,0,1.28613,2.1168
85.139,85.139,6.47303,1,0,2.46238,2.51472,0,0.461332,4.47552,99.3022,98.274,6.47903,1,1,1.43037,1.46077,0,1.10482,2.1168
85.139,85.139,5.296,1,0,2.46301,2.51536,0,0.461449,4.47552,99.3022,98.274,4.25619,1,1,1.43073,1.46114,0,1.1051,2.1168
85.139,85.139,3.8128,1,0,2.46363,2.516,0,0.461567,4.47552,99.204,98.274,3.53616,1,1,1.4311,1.46152,0,1.10538,2.1168
85.139,85.139,3.83938,1,0,2.46426,2.51664,0,0.461685,4.47552,99.3022,98.274,2.88373,1,1,1.43146,1.46189,0,1.10567,2.1168
85.139,85.139,5.06153,1,0,2.55495,2.60926,0,0.461803,4.47552,99.3022,98.274,4.50054,1,1,1.48942,1.52107,0,1.10595,2.1168
85.139,85.139,4.49633,1,0,2.55561,2.60993,0,0.478799,4.47552,99.3022,98.274,4.28003,1,1,1.4898,1.52146,0,1.15072,2.1168
85.139,85.139,4.13023,1,0,2.55626,2.6106,0,0.478921,4.47552,99.3022,98.274,4.34134,1,1,1.49018,1.52185,0,1.15102,2.1168
85.139,85.139,3.84339,1,0,2.55691,2.61126,0,0.479043,4.47552,99.3022,98.274,5.57301,1,1,1.49056,1.52224,0,1.15131,2.1168
85.139,85.139,3.17275,1,0,2.52232,2.57593,0,0.479165,4.47552,99.3022,98.274,4.0051,1,1,1.46855,1.49976,0,1.1516,2.1168
84.6569,85.139,2.49449,1,0,2.52296,2.57659,0,0.472682,4.47552,99.3022,98.274,3.60568,1,1,1.46892,1.50015,0,1.1346,2.1168
84.0317,85.139,2.33948,1,0,2.5236,2.57725,0,0.472803,4.47552,99.3022,98.274,3.5268,1,1,1.4693,1.50053,0,1.13489,2.1168
84.6721,85.139,3.64572,1,0,2.52425,2.5779,0,0.472923,4.47552,99.3022,98.274,4.31192,1,1,1.46967,1.50091,0,1.13518,2.1168
83.9294,85.139,2.26997,1,0,2.64467,2.70088,0,0.473044,4.47552,99.3022,98.274,3.46537,1,1,1.54953,1.58246,0,1.13547,2.1168
83.0892,85.139,2.14432,1,0,2.64534,2.70157,0,0.49561,4.47552,99.3022,98.274,2.77512,1,1,1.54992,1.58287,0,1.19716,2.1168
82.1134,85.139,1.95164,1,0,2.64602,2.70226,0,0.495737,4.47552,99.3022,98.274,2.73291,1,1,1.55032,1.58327,0,1.19747,2.1168
81.1205,85.139,1.92466,1,0,2.64669,2.70295,0,0.495863,4.47552,99.3022,98.274,2.80338,1,1,1.55071,1.58368,0,1.19778,2.1168
80.0168,85.139,1.80006,1,0,2.64737,2.70364,0,0.49599,4.47552,99.3022,98.274,2.63008,1,1,1.55111,1.58408,0,1.19808,2.1168
79.2452,85.139,2.06129,1,0,2.62433,2.68011,0,0.496116,4.47552,99.3022,98.274,2.65592,1,1,1.59524,1.62915,0,1.19839,2.1168
78.5827,85.139,2.15746,1,0,2.62499,2.68079,0,0.491799,4.47552,99.3022,98.274,2.84249,1,1,1.59565,1.62957,0,1.23248,2.1168
77.6959,85.139,1.95074,1,0,2.62566,2.68148,0,0.491924,4.47552,99.3022,98.274,2.62077,1,1,1.59606,1.62998,0,1.2328,2.1168
76.6866,85.139,1.81156,1,0,2.62633,2.68216,0,0.49205,4.47552,99.2412,98.274,2.52444,1,1,1.59646,1.6304,0,1.23311,2.1168
75.4931,85.139,1.65124,1,0,2.68831,2.74546,0,0.492175,4.47552,98.9366,98.274,2.30215,1,1,1.63589,1.67067,0,1.23343,2.1168
74.1312,85.139,1.42145,1,0,2.689,2.74616,0,0.50379,4.47552,98.7334,98.274,1.81406,1,1,1.63631,1.67109,0,1.26389,2.1168
72.7218,85.139,1.35883,1,0,2.68969,2.74686,0,0.503919,4.47552,98.4091,98.274,1.82368,1,1,1.63673,1.67152,0,1.26421,2.1168
71.1599,85.139,1.19183,1,0,2.69037,2.74756,0,0.504047,4.47552,98.0437,98.274,1.68873,1,1,1.63715,1.67194,0,1.26454,2.1168
69.3803,85.139,1.10099,1,0,2.87078,2.9318,0,0.504176,4.47552,97.5705,98.274,1.63836,1,1,1.77855,1.81636,0,1.26486,2.1168
67.5053,85.139,0.984024,1,0,2.87152,2.93255,0,0.537985,4.47552,97.0645,98.274,1.60594,1,1,1.779,1.81682,0,1.37411,2.1168
65.787,85.139,1.12898,1,0,2.87225,2.9333,0,0.538122,4.47552,96.5455,98.274,1.60453,1,1,1.77946,1.81728,0,1.37446,2.1168
63.7982,85.139,0.847737,1,0,2.87298,2.93405,0,0.538259,4.47552,95.9124,98.274,1.41255,1,1,1.77991,1.81775,0,1.37481,2.1168
61.8622,85.139,0.883759,1,0,2.87371,2.9348,0,0.538397,4.47552,95.7735,98.274,1.39968,1,1,1.78037,1.81821,0,1.37516,2.1168
60.0058,85.139,0.878019,1,0,2.78674,2.84598,0,0.538534,4.47552,95.9033,98.274,2.1451,1,1,1.69514,1.73117,0,1.37551,2.1168
58.4849,85.139,1.22603,1,0,2.78745,2.84671,0,0.522236,4.47552,96.1745,98.274,2.4978,1,1,1.69557,1.73161,0,1.30966,2.1168
56.9705,85.139,1.21402,1,0,2.78817,2.84743,0,0.522369,4.47552,96.5874,98.274,2.85957,1,1,1.696,1.73205,0,1.31,2.1168
55.3385,85.139,1.06792,1,0,2.78888,2.84816,0,0.522502,4.47552,96.8832,98.274,2.59646,1,1,1.69643,1.73249,0,1.31033,2.1168
54.341,85.139,1.72077,1,0,2.71753,2.77529,0,0.522636,4.47552,97.5393,98.274,3.66572,1,1,1.61879,1.6532,0,1.31067,2.1168
54.4197,85.139,3.00788,1,0,2.71822,2.776,0,0.509264,4.47552,99.1011,98.274,6.22612,1,1,1.61921,1.65363,0,1.25068,2.1168
54.9871,85.139,3.38894,1,0,2.71891,2.77671,0,0.509394,4.47552,99.3022,98.274,7.76835,1,1,1.61962,1.65405,0,1.251,2.1168
55.2374,85.139,3.11491,1,0,2.71961,2.77741,0,0.509524,4.47552,99.3022,98.274,7.75087,1,1,1.62003,1.65447,0,1.25132,2.1168
55.8611,85.139,3.35232,1,0,2.51543,2.5689,0,0.509654,4.47552,99.3022,98.274,6.16787,1,1,1.45768,1.48866,0,1.25164,2.1168
58.9982,85.139,5.85967,1,0,2.51607,2.56955,0,0.471392,4.47552,99.3022,98.274,5.92698,1,1,1.45805,1.48904,0,1.1262,2.1168
63.272,85.139,7.10372,1,0,2.51671,2.57021,0,0.471512,4.47552,99.3022,98.274,9.52927,1,1,1.45842,1.48942,0,1.12649,2.1168
64.9343,85.139,4.42713,1,0,2.51735,2.57086,0,0.471632,4.47552,99.3022,98.274,4.94463,1,1,1.45879,1.4898,0,1.12678,2.1168
66.2453,85.139,4.08497,1,0,2.518,2.57152,0,0.471752,4.47552,99.3022,98.274,4.08854,1,1,1.45917,1.49018,0,1.12706,2.1168
66.9907,85.139,3.66887,1,0,2.59753,2.65274,0,0.471873,4.47552,99.3022,98.274,5.70228,1,1,1.50672,1.53875,0,1.12735,2.1168
70.7598,85.139,7.04376,1,0.02,2.59817,2.65339,0,0.486777,4.47552,99.3022,98.274,7.2408,1,1,1.50709,1.53913,0,1.16409,2.1168
72.6392,85.139,5.04736,1,0.02,2.5988,2.65404,0,0.486896,4.47552,99.3022,98.274,7.01021,1,1,1.50746,1.53951,0,1.16438,2.1168
75.6767,85.139,6.19546,1,0.02,2.59944,2.6547,0,0.487016,4.47552,99.3022,98.274,7.43464,1,1,1.50783,1.53988,0,1.16467,2.1168
82.5738,85.139,10.5847,1,0.02,2.85369,2.91434,0,0.487135,4.47552,99.3022,98.274,9.76205,1,1,1.68554,1.72136,0,1.16495,2.1168
85.139,85.139,6.69861,1,0.02,2.85439,2.91506,0,0.534781,4.47552,99.3022,98.274,7.22246,1,1,1.68595,1.72179,0,1.30224,2.1168
85.139,85.139,3.73978,1,0.02,2.85509,2.91578,0,0.534912,4.47552,99.3022,98.274,5.15206,1,1,1.68636,1.72221,0,1.30256,2.1168
85.139,85.139,4.295,1,0.02,2.85579,2.91649,0,0.535043,4.47552,99.3022,98.274,5.61502,1,1,1.68678,1.72263,0,1.30288,2.1168
85.139,85.139,4.52725,1,0.02,2.49441,2.54743,0,0.535175,4.47552,99.3022,98.274,5.95906,1,1,1.44898,1.47978,0,1.3032,2.1168
85.139,85.139,8.93875,1,0.02,2.49502,2.54806,0,0.467453,4.47552,99.3022,98.274,10.8239,1,1,1.44933,1.48014,0,1.11948,2.1168
85.139,85.139,7.09905,1,0.02,2.49564,2.54868,0,0.467568,4.47552,99.3022,98.274,7.66646,1,1,1.44969,1.4805,0,1.11975,2.1168
85.139,85.139,7.25633,1,0.02,2.49625,2.54931,0,0.467682,4.47552,99.3022,98.274,7.00272,1,1,1.45004,1.48087,0,1.12003,2.1168
85.139,85.139,6.36794,1,0.02,2.49686,2.54994,0,0.467797,4.47552,99.3022,98.274,6.41933,1,1,1.4504,1.48123,0,1.1203,2.1168
85.139,85.139,5.11319,1,0.02,2.58873,2.64375,0,0.467912,4.47552,99.3022,98.274,6.61477,1,1,1.5091,1.54118,0,1.12058,2.1168
85.139,85.139,7.46704,1,0.02,2.58936,2.6444,0,0.485128,4.47552,99.3022,98.274,10.5816,1,1,1.50947,1.54156,0,1.16593,2.1168
85.139,85.139,5.86841,1,0.02,2.59,2.64505,0,0.485247,4.47552,99.3022,98.274,8.87984,1,1,1.50984,1.54194,0,1.16622,2.1168
85.139,85.139,4.65336,1,0.02,2.59063,2.6457,0,0.485366,4.47552,99.3022,98.274,6.91682,1,1,1.51021,1.54232,0,1.16651,2.1168
85.139,85.139,4.14587,1,0.02,2.55556,2.60988,0,0.485485,4.47552,99.3022,98.274,5.99131,1,1,1.4879,1.51953,0,1.16679,2.1168
85.139,85.139,3.49505,1,0.02,2.55618,2.61052,0,0.478911,4.47552,99.3022,98.274,4.72688,1,1,1.48827,1.5199,0,1.14955,2.1168
85.139,85.139,4.56393,1,0.02,2.55681,2.61116,0,0.479029,4.47552,99.3022,98.274,4.99633,1,1,1.48863,1.52027,0,1.14983,2.1168
85.139,85.139,4.15541,1,0.02,2.55744,2.6118,0,0.479146,4.47552,99.3022,98.274,4.84283,1,1,1.489,1.52065,0,1.15012,2.1168
85.139,85.139,3.11531,1,0.02,2.67941,2.73637,0,0.479264,4.47552,99.3022,98.274,4.20768,1,1,1.56989,1.60326,0,1.1504,2.1168
85.139,85.139,3.09962,1,0.02,2.68007,2.73704,0,0.502122,4.47552,99.3022,98.274,4.18092,1,1,1.57027,1.60365,0,1.21289,2.1168
85.139,85.139,3.26617,1,0.02,2.68073,2.73771,0,0.502245,4.47552,99.3022,98.274,4.21754,1,1,1.57066,1.60404,0,1.21319,2.1168
85.1236,85.139,2.8744,1,0.02,2.68139,2.73838,0,0.502369,4.47552,99.3022,98.274,3.55359,1,1,1.57104,1.60444,0,1.21349,2.1168
84.9802,85.139,2.73577,1,0.02,2.68204,2.73905,0,0.502492,4.47552,99.3022,98.274,3.07184,1,1,1.57143,1.60483,0,1.21379,2.1168
84.6743,85.139,2.5487,1,0.02,2.65868,2.71519,0,0.502615,4.47552,99.3022,98.274,2.87494,1,1,1.61612,1.65048,0,1.21408,2.1168
84.1677,85.139,2.34484,1,0.02,2.65933,2.71586,0,0.498236,4.47552,99.3022,98.274,2.81559,1,1,1.61652,1.65088,0,1.24862,2.1168
83.5123,85.139,2.19223,1,0.02,2.65998,2.71652,0,0.498358,4.47552,99.3022,98.274,2.72274,1,1,1.61692,1.65129,0,1.24892,2.1168
82.6642,85.139,1.99429,1,0.02,2.66063,2.71719,0,0.49848,4.47552,99.3022,98.274,2.59027,1,1,1.61731,1.65169,0,1.24923,2.1168
81.6038,85.139,1.81257,1,0.02,2.7234,2.78128,0,0.498603,4.47552,99.1028,98.274,2.39759,1,1,1.65724,1.69247,0,1.24954,2.1168
80.4434,85.139,1.6621,1,0.02,2.72406,2.78197,0,0.510364,4.47552,98.9113,98.274,1.96208,1,1,1.65765,1.69288,0,1.28038,2.1168
79.1546,85.139,1.52251,1,0.02,2.72473,2.78265,0,0.51049,4.47552,98.6146,98.274,1.90748,1,1,1.65805,1.6933,0,1.2807,2.1168
77.7363,85.139,1.38126,1,0.02,2.7254,2.78333,0,0.510615,4.47552,98.3052,98.274,1.75498,1,1,1.65846,1.69371,0,1.28101,2.1168
76.024,85.139,1.21347,1,0.02,2.90813,2.96995,0,0.51074,4.47552,97.8684,98.274,1.73795,1,1,1.80169,1.83999,0,1.28133,2.1168
74.2501,85.139,1.14909,1,0.02,2.90885,2.97068,0,0.544984,4.47552,97.3546,98.274,1.63916,1,1,1.80213,1.84044,0,1.39199,2.1168
72.4516,85.139,1.11067,1,0.02,2.90956,2.97141,0,0.545118,4.47552,96.7526,98.274,1.51422,1,1,1.80257,1.84089,0,1.39233,2.1168
70.6881,85.139,1.12773,1,0.02,2.91027,2.97213,0,0.545251,4.47552,96.302,98.274,1.46483,1,1,1.80302,1.84134,0,1.39267,2.1168
69.4582,85.139,1.66889,1,0.02,2.91099,2.97286,0,0.545385,4.47552,95.9654,98.274,1.73375,1,1,1.80346,1.84179,0,1.39301,2.1168
68.7522,85.139,2.18668,1,0.02,2.82286,2.88286,0,0.545519,4.47552,95.7559,98.274,1.93552,1,1,1.71711,1.75361,0,1.39335,2.1168
67.7946,85.139,1.97242,1,0.02,2.82355,2.88357,0,0.529004,4.47552,95.6905,98.274,1.86135,1,1,1.71753,1.75404,0,1.32664,2.1168
66.5895,85.139,1.7031,1,0.02,2.82425,2.88428,0,0.529134,4.47552,95.6184,98.274,2.91057,1,1,1.71795,1.75447,0,1.32696,2.1168
65.1818,85.139,1.49152,1,0.02,2.82494,2.88499,0,0.529264,4.47552,95.1535,98.274,1.71268,1,1,1.71837,1.7549,0,1.32729,2.1168
63.808,85.139,1.44568,1,0.02,2.75264,2.81115,0,0.529394,4.47552,94.7381,98.274,1.58445,1,1,1.63971,1.67456,0,1.32761,2.1168
62.4933,85.139,1.53081,1,0.02,2.75331,2.81184,0,0.515845,4.47552,94.1751,98.274,1.53857,1,1,1.64011,1.67498,0,1.26684,2.1168
61.3312,85.139,1.7441,1,0.02,2.75399,2.81253,0,0.515971,4.47552,94.042,98.274,1.20115,1,1,1.64052,1.67539,0,1.26715,2.1168
60.2312,85.139,1.79432,1,0.02,2.75467,2.81322,0,0.516098,4.47552,93.8649,98.274,2.13732,1,1,1.64092,1.6758,0,1.26746,2.1168
62.3548,85.139,5.05958,1,0.02,2.54783,2.60199,0,0.516224,4.47552,94.6018,98.274,4.76189,1,1,1.47645,1.50784,0,1.26777,2.1168
62.6522,85.139,3.11807,1,0.02,2.54846,2.60263,0,0.477464,4.47552,94.2936,98.274,2.18216,1,1,1.47682,1.50821,0,1.14071,2.1168
62.0441,85.139,2.17817,1,0.02,2.54908,2.60327,0,0.477581,4.47552,94.2745,98.274,1.40026,1,1,1.47718,1.50858,0,1.14099,2.1168
64.3234,85.139,5.32561,1,0.02,2.54971,2.6039,0,0.477698,4.47552,94.5051,98.274,3.6858,1,1,1.47754,1.50895,0,1.14127,2.1168
65.9684,85.139,4.54849,1,0.02,2.55033,2.60454,0,0.477815,4.47552,94.3693,98.274,1.83483,1,1,1.4779,1.50932,0,1.14155,2.1168
68.6969,85.139,5.57367,1,0.02,2.55033,2.60454,0,0.477932,4.47552,94.635,98.274,2.37594,1,1,1.4779,1.50932,0,1.14183,2.1168
70.5134,85.139,4.91483,1,0.02,2.63086,2.68678,0,0.477932,4.47552,95.207,98.274,3.32201,1,1,1.52606,1.55849,0,1.14183,3.38688
71.1165,85.139,3.61984,1,0.02,2.63148,2.68741,0,0.493023,4.47552,95.1951,98.274,2.398,1,1,1.52642,1.55886,0,1.17903,3.38688
71.1877,85.139,3.06081,1,0.02,2.6321,2.68805,0,0.493139,4.47552,95.4415,98.274,2.11155,1,1,1.52678,1.55923,0,1.17931,3.38688
71.7474,85.139,3.6122,1,0.02,2.63272,2.68868,0,0.493255,4.47552,95.8228,98.274,2.5837,1,1,1.52714,1.5596,0,1.17959,3.38688
73.1414,85.139,4.76409,1,0.02,2.89019,2.95163,0,0.493372,4.47552,96.6291,98.274,4.04103,1,1,1.7071,1.74338,0,1.17987,3.38688
74.5797,85.139,4.87876,1,0.02,2.89087,2.95232,0,0.541622,4.47552,97.4449,98.274,4.26933,1,1,1.7075,1.7438,0,1.3189,3.38688
77.1015,85.139,5.96359,1,0.02,2.89155,2.95302,0,0.54175,4.47552,98.5107,98.274,4.79826,1,1,1.7079,1.74421,0,1.31921,3.38688
78.2155,85.139,4.64496,1,0.02,2.89224,2.95371,0,0.541877,4.47552,99.223,98.274,3.92634,1,1,1.70831,1.74462,0,1.31953,3.38688
80.9031,85.139,6.0622,1,0.02,2.52622,2.57992,0,0.542005,4.47552,99.3022,98.274,5.8479,1,1,1.46745,1.49865,0,1.31984,3.38688
83.4121,85.139,5.90559,1,0.02,2.52682,2.58053,0,0.473414,4.47552,99.3022,98.274,5.65271,1,1,1.4678,1.499,0,1.13376,3.38688
85.139,85.139,5.96525,1,0.02,2.52741,2.58114,0,0.473526,4.47552,99.3022,98.274,7.4746,1,1,1.46815,1.49935,0,1.13402,3.38688
85.139,85.139,6.45429,1,0.02,2.52801,2.58175,0,0.473637,4.47552,99.3022,98.274,7.07442,1,1,1.46849,1.49971,0,1.13429,3.38688
85.139,85.139,6.66709,1,0.02,2.52861,2.58236,0,0.473749,4.47552,99.3022,98.274,8.2093,1,1,1.46884,1.50006,0,1.13456,3.38688
85.139,85.139,6.64152,1,0.02,2.62161,2.67734,0,0.473861,4.47552,99.3022,98.274,10.8761,1,1,1.52827,1.56076,0,1.13482,3.38688
85.139,85.139,6.41142,1,0.02,2.62223,2.67797,0,0.491291,4.47552,99.3022,98.274,7.25355,1,1,1.52864,1.56113,0,1.18075,3.38688
85.139,85.139,5.34537,1,0.02,2.62285,2.6786,0,0.491406,4.47552,99.3022,98.274,6.31965,1,1,1.529,1.5615,0,1.18102,3.38688
85.139,85.139,4.68441,1,0.02,2.62347,2.67923,0,0.491522,4.47552,99.3022,98.274,6.08529,1,1,1.52936,1.56186,0,1.1813,3.38688
85.139,85.139,3.33975,1,0.02,2.58792,2.64293,0,0.491638,4.47552,99.3022,98.274,3.67813,1,1,1.50675,1.53877,0,1.18158,3.38688
85.139,85.139,3.2255,1,0.02,2.58853,2.64355,0,0.484976,4.47552,99.3022,98.274,3.22102,1,1,1.5071,1.53914,0,1.16411,3.38688
84.9263,85.139,2.79722,1,0.02,2.58914,2.64418,0,0.485091,4.47552,99.3022,98.274,3.22399,1,1,1.50746,1.5395,0,1.16439,3.38688
84.4071,85.139,2.38896,1,0.02,2.58975,2.6448,0,0.485205,4.47552,99.3022,98.274,3.21131,1,1,1.50781,1.53986,0,1.16466,3.38688
83.6388,85.139,2.19643,1,0.02,2.71324,2.77091,0,0.48532,4.47552,99.3022,98.274,2.90415,1,1,1.58971,1.6235,0,1.16493,3.38688
82.8465,85.139,2.16983,1,0.02,2.71388,2.77157,0,0.508461,4.47552,99.3022,98.274,2.34754,1,1,1.59008,1.62388,0,1.22821,3.38688
82.0046,85.139,2.10679,1,0.02,2.71452,2.77222,0,0.508581,4.47552,99.3022,98.274,2.46497,1,1,1.59046,1.62426,0,1.2285,3.38688
80.9706,85.139,1.91911,1,0.02,2.71516,2.77287,0,0.508701,4.47552,99.3022,98.274,2.35908,1,1,1.59083,1.62465,0,1.22879,3.38688
80.1909,85.139,2.14066,1,0.02,2.7158,2.77353,0,0.508821,4.47552,99.3022,98.274,2.58329,1,1,1.59121,1.62503,0,1.22908,3.38688
80.1707,85.139,2.87574,1,0.02,2.69211,2.74934,0,0.508941,4.47552,99.3022,98.274,2.95667,1,1,1.63645,1.67123,0,1.22937,3.38688
79.9678,85.139,2.69098,1,0.02,2.69275,2.74998,0,0.504502,4.47552,99.3022,98.274,2.85327,1,1,1.63683,1.67163,0,1.26432,3.38688
79.529,85.139,2.45133,1,0.02,2.69338,2.75063,0,0.504621,4.47552,99.3022,98.274,2.71404,1,1,1.63722,1.67202,0,1.26462,3.38688
78.8932,85.139,2.22668,1,0.02,2.69402,2.75128,0,0.504739,4.47552,99.1502,98.274,2.49958,1,1,1.63761,1.67242,0,1.26492,3.38688
78.1122,85.139,2.09437,1,0.02,2.75754,2.81615,0,0.504858,4.47552,98.7797,98.274,1.85911,1,1,1.67802,1.71369,0,1.26521,3.38688
77.253,85.139,2.00333,1,0.02,2.75819,2.81682,0,0.516763,4.47552,98.3543,98.274,1.73281,1,1,1.67841,1.71409,0,1.29644,3.38688
76.1584,85.139,1.75625,1,0.02,2.75884,2.81748,0,0.516884,4.47552,97.8836,98.274,1.59882,1,1,1.67881,1.71449,0,1.29674,3.38688
74.9475,85.139,1.62216,1,0.02,2.75949,2.81814,0,0.517006,4.47552,97.4055,98.274,1.54714,1,1,1.6792,1.7149,0,1.29705,3.38688
73.1935,85.139,1.2009,1,0.02,2.94448,3.00706,0,0.517128,4.47552,96.7405,98.274,1.48361,1,1,1.82421,1.86298,0,1.29735,3.38688
71.2791,85.139,1.01662,1,0.02,2.94517,3.00777,0,0.551795,4.47552,96.2089,98.274,1.34024,1,1,1.82464,1.86342,0,1.40938,3.38688
69.8071,85.139,1.45445,1,0.02,2.94586,3.00848,0,0.551925,4.47552,95.7568,98.274,1.55877,1,1,1.82507,1.86386,0,1.40971,3.38688
68.9255,85.139,2.11188,1,0.02,2.94656,3.00919,0,0.552055,4.47552,95.4958,98.274,1.80266,1,1,1.8255,1.8643,0,1.41005,3.38688
67.5016,85.139,1.58409,1,0.02,2.94725,3.0099,0,0.552185,4.47552,95.2308,98.274,1.75121,1,1,1.82593,1.86474,0,1.41038,3.38688
66.5157,85.139,1.97822,1,0.02,2.858,2.91875,0,0.552315,4.47552,95.078,98.274,3.35652,1,1,1.73848,1.77543,0,1.41071,3.38688
65.7137,85.139,2.16729,1,0.02,2.85867,2.91944,0,0.535589,4.47552,94.9283,98.274,3.02608,1,1,1.73889,1.77585,0,1.34315,3.38688
65.5949,85.139,2.90059,1,0.02,2.85935,2.92013,0,0.535716,4.47552,94.9279,98.274,3.92716,1,1,1.7393,1.77627,0,1.34347,3.38688
66.178,85.139,3.80793,1,0.02,2.86002,2.92081,0,0.535842,4.47552,95.307,98.274,5.85922,1,1,1.73971,1.77669,0,1.34378,3.38688
66.3375,85.139,3.22014,1,0.02,2.7868,2.84603,0,0.535968,4.47552,95.5168,98.274,3.47128,1,1,1.66006,1.69534,0,1.3441,3.38688
67.9311,85.139,4.65728,1,0.02,2.78745,2.8467,0,0.522246,4.47552,95.819,98.274,3.73753,1,1,1.66045,1.69574,0,1.28256,3.38688
69.9702,85.139,5.23225,1,0.02,2.78811,2.84737,0,0.522369,4.47552,97.5621,98.274,8.983,1,1,1.66084,1.69614,0,1.28286,3.38688
71.5904,85.139,4.75128,1,0.02,2.78877,2.84804,0,0.522492,4.47552,98.135,98.274,4.21932,1,1,1.66123,1.69654,0,1.28316,3.38688
76.1026,85.139,7.70315,1,0.02,2.57935,2.63417,0,0.522615,4.47552,99.3022,98.274,5.91756,1,1,1.49472,1.52649,0,1.28347,3.38688
81.1193,85.139,8.21159,1,0.02,2.57996,2.6348,0,0.48337,4.47552,99.3022,98.274,5.69444,1,1,1.49507,1.52685,0,1.15482,3.38688
84.1816,85.139,6.2591,1,0.02,2.58056,2.63542,0,0.483484,4.47552,99.3022,98.274,6.77468,1,1,1.49542,1.52721,0,1.15509,3.38688
85.139,85.139,6.22791,1,0.02,2.58117,2.63604,0,0.483597,4.47552,99.3022,98.274,11.1429,1,1,1.49577,1.52757,0,1.15536,3.38688
85.139,85.139,6.52964,1,0.02,2.58178,2.63666,0,0.483711,4.47552,99.3022,98.274,9.04974,1,1,1.49613,1.52793,0,1.15564,3.38688
85.139,85.139,7.56616,1,0.02,2.66327,2.71988,0,0.483825,4.47552,99.3022,98.274,8.09209,1,0,1.54486,1.5777,0,1.15591,3.38688
85.139,85.139,6.72094,1,0.02,2.66387,2.7205,0,0.499097,4.47552,99.3022,98.274,5.9455,1,0,1.54521,1.57805,0,1.19356,3.38688
85.139,85.139,6.66457,1,0.02,2.66448,2.72111,0,0.49921,4.47552,99.3022,98.274,7.01591,1,0,1.54556,1.57841,0,1.19383,3.38688
85.139,85.139,4.85101,1,0.02,2.66508,2.72173,0,0.499323,4.47552,99.3022,98.274,4.69024,1,0,1.54591,1.57877,0,1.1941,3.38688
85.139,85.139,4.35243,1,0.02,2.92569,2.98788,0,0.499436,4.47552,99.3022,98.274,5.27405,1,0,1.72806,1.76479,0,1.19437,3.38688
85.139,85.139,5.15812,1,0.02,2.92635,2.98855,0,0.548274,4.47552,99.3022,98.274,6.68729,1,0,1.72845,1.76519,0,1.3351,3.38688
85.139,85.139,5.71931,1,0.02,2.92701,2.98923,0,0.548398,4.47552,99.3022,98.274,6.59912,1,0,1.72884,1.76559,0,1.3354,3.38688
85.139,85.139,5.27563,1,0.02,2.92767,2.9899,0,0.548522,4.47552,99.3022,98.274,5.04515,1,0,1.72924,1.76599,0,1.33571,3.38688
85.139,85.139,6.8506,1,0.02,2.55715,2.6115,0,0.548646,4.47552,99.3022,98.274,7.39438,1,0,1.48542,1.51699,0,1.33601,3.38688
85.139,85.139,7.50467,1,0.02,2.55773,2.61209,0,0.47921,4.47552,99.3022,98.274,9.3317,1,0,1.48575,1.51734,0,1.14763,3.38688
85.139,85.139,6.62729,1,0.02,2.55831,2.61269,0,0.479318,4.47552,99.3022,98.274,8.86792,1,0,1.48609,1.51768,0,1.14789,3.38688
85.139,85.139,8.54619,1,0.02,2.55888,2.61328,0,0.479426,4.47552,99.3022,98.274,10.0357,1,0,1.48643,1.51802,0,1.14815,3.38688
85.139,85.139,7.91959,1,0.02,2.55946,2.61387,0,0.479535,4.47552,99.3022,98.274,9.31634,1,0,1.48676,1.51837,0,1.14841,3.38688
85.139,85.139,8.45235,1,0.02,2.65358,2.70998,0,0.479643,4.47552,99.3022,98.274,11.0587,1,0,1.54691,1.57979,0,1.14867,3.38688
85.139,85.139,5.98138,1,0.02,2.65418,2.7106,0,0.497281,4.47552,99.3022,98.274,7.50515,1,0,1.54726,1.58015,0,1.19514,3.38688
85.139,85.139,5.21058,1,0.02,2.65478,2.71121,0,0.497393,4.47552,99.3022,98.274,6.38693,1,0,1.54761,1.5805,0,1.19541,3.38688
85.139,85.139,4.74232,1,0.02,2.65538,2.71182,0,0.497506,4.47552,99.3022,98.274,6.97858,1,0,1.54796,1.58086,0,1.19568,3.38688
85.139,85.139,4.22518,1,0.02,2.61937,2.67505,0,0.497618,4.47552,99.3022,98.274,4.12755,1,0,1.52506,1.55747,0,1.19595,3.38688
85.139,85.139,3.53525,1,0.02,2.61997,2.67566,0,0.490871,4.47552,99.3022,98.274,3.5861,1,0,1.5254,1.55783,0,1.17826,3.38688
85.139,85.139,3.16693,1,0.02,2.62056,2.67626,0,0.490982,4.47552,99.3022,98.274,2.87241,1,0,1.52575,1.55818,0,1.17853,3.38688
85.139,85.139,3.83761,1,0.02,2.62115,2.67687,0,0.491093,4.47552,99.3022,98.274,3.03572,1,0,1.52609,1.55853,0,1.17879,3.38688
85.139,85.139,3.17858,1,0.02,2.74611,2.80448,0,0.491204,4.47552,99.3022,98.274,3.11407,1,0,1.60896,1.64316,0,1.17906,3.38688
85.139,85.139,3.16594,1,0.02,2.74673,2.80512,0,0.514621,4.47552,99.3022,98.274,3.03703,1,0,1.60933,1.64354,0,1.24309,3.38688
84.986,85.139,2.88899,1,0.02,2.74735,2.80575,0,0.514738,4.47552,99.2952,98.274,2.87997,1,0,1.60969,1.64391,0,1.24337,3.38688
84.7318,85.139,2.7557,1,0.02,2.74797,2.80639,0,0.514854,4.47552,99.3022,98.274,2.5436,1,0,1.61006,1.64428,0,1.24365,3.38688
84.2233,85.139,2.48849,1,0.02,2.74859,2.80702,0,0.51497,4.47552,99.3022,98.274,2.49946,1,0,1.61042,1.64465,0,1.24393,3.38688
83.5209,85.139,2.22074,1,0.02,2.72459,2.78251,0,0.515087,4.47552,99.262,98.274,2.26461,1,0,1.65619,1.6914,0,1.24421,3.38688
82.7192,85.139,2.10624,1,0.02,2.72521,2.78314,0,0.510589,4.47552,99.1821,98.274,2.17522,1,0,1.65657,1.69178,0,1.27957,3.38688
81.7753,85.139,1.95263,1,0.02,2.72582,2.78377,0,0.510704,4.47552,98.9525,98.274,2.02818,1,0,1.65694,1.69216,0,1.27986,3.38688
80.7475,85.139,1.85757,1,0.02,2.72644,2.78439,0,0.51082,4.47552,98.6296,98.274,1.91358,1,0,1.65732,1.69254,0,1.28015,3.38688
79.519,85.139,1.6768,1,0.02,2.7907,2.85002,0,0.510935,4.47552,98.3583,98.274,1.7836,1,0,1.6982,1.73429,0,1.28044,3.38688
78.2282,85.139,1.5932,1,0.02,2.79133,2.85066,0,0.522977,4.47552,98.0099,98.274,1.82766,1,0,1.69858,1.73469,0,1.31203,3.38688
76.7723,85.139,1.41528,1,0.02,2.79196,2.85131,0,0.523096,4.47552,97.5569,98.274,1.73943,1,0,1.69896,1.73508,0,1.31232,3.38688
75.2114,85.139,1.29599,1,0.02,2.79259,2.85195,0,0.523214,4.47552,97.0735,98.274,1.62853,1,0,1.69935,1.73547,0,1.31262,3.38688
73.422,85.139,1.19135,1,0.02,2.97977,3.04311,0,0.523332,4.47552,96.5443,98.274,1.55552,1,0,1.84607,1.88531,0,1.31292,3.38688
71.8666,85.139,1.42592,1,0.02,2.98044,3.0438,0,0.558409,4.47552,95.8689,98.274,1.62346,1,0,1.84649,1.88574,0,1.42628,3.38688
70.0565,85.139,1.17304,1,0.02,2.98112,3.04449,0,0.558535,4.47552,95.5768,98.274,1.29966,1,0,1.84691,1.88616,0,1.4266,3.38688
68.4604,85.139,1.35954,1,0.02,2.98179,3.04517,0,0.558662,4.47552,95.0601,98.274,1.9429,1,0,1.84732,1.88659,0,1.42692,3.38688
66.6637,85.139,1.14192,1,0.02,2.98247,3.04586,0,0.558788,4.47552,94.7909,98.274,1.54698,1,0,1.84774,1.88702,0,1.42724,3.38688
65.3867,85.139,1.56923,1,0.02,2.89212,2.9536,0,0.558914,4.47552,94.7005,98.274,2.86621,1,0,1.75924,1.79663,0,1.42756,3.38688
63.9464,85.139,1.39793,1,0.02,2.89277,2.95426,0,0.541983,4.47552,94.227,98.274,1.74087,1,0,1.75963,1.79704,0,1.35919,3.38688
62.3214,85.139,1.19314,1,0.02,2.89343,2.95493,0,0.542106,4.47552,93.9794,98.274,1.5919,1,0,1.76003,1.79744,0,1.35949,3.38688
61.8709,85.139,2.54981,1,0.02,2.89408,2.9556,0,0.542228,4.47552,94.053,98.274,2.48469,1,0,1.76043,1.79785,0,1.3598,3.38688
62.359,85.139,3.44078,1,0.02,2.81996,2.8799,0,0.542351,4.47552,94.3171,98.274,3.00895,1,0,1.67981,1.71552,0,1.36011,3.38688
62.3896,85.139,2.92063,1,0.02,2.82059,2.88055,0,0.52846,4.47552,94.4278,98.274,2.88577,1,0,1.68019,1.7159,0,1.29782,3.38688
64.5272,85.139,5.13399,1,0.02,2.82123,2.8812,0,0.528579,4.47552,95.1211,98.274,3.99231,1,0,1.68057,1.71629,0,1.29811,3.38688
68.3167,85.139,7.01952,1,0.02,2.82187,2.88185,0,0.528699,4.47552,96.0407,98.274,5.67278,1,0,1.68095,1.71668,0,1.29841,3.38688
73.0261,85.139,7.75073,1,0.02,2.60994,2.66542,0,0.528818,4.47552,96.9426,98.274,5.57647,1,0,1.51244,1.54459,0,1.2987,3.38688
75.8691,85.139,5.94736,1,0.02,2.61053,2.66602,0,0.489102,4.47552,98.4335,98.274,6.2231,1,0,1.51279,1.54494,0,1.16851,3.38688
79.0948,85.139,6.42762,1,0.02,2.61112,2.66662,0,0.489213,4.47552,99.3022,98.274,6.78691,1,0,1.51313,1.54529,0,1.16878,3.38688
81.8479,85.139,6.14032,1,0.02,2.61171,2.66722,0,0.489323,4.47552,99.3022,98.274,5.6941,1,0,1.51347,1.54564,0,1.16904,3.38688
83.8804,85.139,5.30262,1,0.02,2.6123,2.66782,0,0.489434,4.47552,99.2265,98.274,2.92793,1,0,1.51381,1.54599,0,1.16931,3.38688
84.2006,85.139,3.486,1,0.02,2.69473,2.75201,0,0.489544,4.47552,99.0383,98.274,2.34334,1,0,1.5631,1.59633,0,1.16957,3.38688
83.5955,85.139,2.47581,1,0.02,2.69531,2.7526,0,0.504992,4.47552,99.3022,98.274,2.30153,1,0,1.56344,1.59668,0,1.20765,3.38688
85.139,85.139,6.06425,1,0.02,2.6959,2.7532,0,0.505101,4.47552,99.3022,98.274,3.42913,1,0,1.56378,1.59702,0,1.20792,3.38688
85.139,85.139,16.6039,1,0.02,2.69648,2.7538,0,0.505211,4.47552,99.3022,98.274,6.27094,1,0,1.56412,1.59737,0,1.20818,3.38688
85.139,85.139,6.03154,1,0.02,2.96013,3.02305,0,0.50532,4.47552,99.3022,98.274,3.84319,1,0,1.74841,1.78557,0,1.20844,3.38688
85.139,85.139,4.06485,1,0.02,2.96077,3.0237,0,0.554728,4.47552,99.3022,98.274,2.95323,1,0,1.74879,1.78596,0,1.35082,3.38688
85.139,85.139,4.20898,1,0.02,2.96141,3.02436,0,0.554848,4.47552,99.3022,98.274,3.38914,1,0,1.74916,1.78634,0,1.35111,3.38688
85.139,85.139,5.15062,1,0.02,2.96205,3.02501,0,0.554969,4.47552,99.3022,98.274,3.49871,1,0,1.74954,1.78673,0,1.3514,3.38688
85.139,85.139,7.414,1,0.02,2.58715,2.64215,0,0.555089,4.47552,99.3022,98.274,5.65234,1,0,1.50285,1.53479,0,1.3517,3.38688
85.139,85.139,7.18902,1,0.02,2.58771,2.64272,0,0.484833,4.47552,99.3022,98.274,7.62573,1,0,1.50317,1.53513,0,1.1611,3.38688
85.139,85.139,8.90174,1,0.02,2.58827,2.64329,0,0.484938,4.47552,99.3022,98.274,11.0623,1,0,1.5035,1.53546,0,1.16135,3.38688
85.139,85.139,7.25934,1,0.02,2.58884,2.64386,0,0.485043,4.47552,99.3022,98.274,8.50232,1,0,1.50383,1.53579,0,1.1616,3.38688
85.139,85.139,6.95952,1,0.02,2.5894,2.64444,0,0.485148,4.47552,99.3022,98.274,7.24208,1,0,1.50415,1.53612,0,1.16186,3.38688
85.139,85.139,5.0615,1,0.02,2.68459,2.74165,0,0.485253,4.47552,99.3022,98.274,7.99089,1,0,1.56499,1.59825,0,1.16211,3.38688
85.139,85.139,4.17419,1,0.02,2.68517,2.74225,0,0.503092,4.47552,99.3022,98.274,6.47287,1,0,1.56532,1.5986,0,1.20911,3.38688
85.139,85.139,3.30466,1,0.02,2.68575,2.74284,0,0.503201,4.47552,99.3022,98.274,5.34987,1,0,1.56566,1.59894,0,1.20937,3.38688
84.8079,85.139,2.76295,1,0.02,2.68633,2.74343,0,0.50331,4.47552,99.3022,98.274,4.53827,1,0,1.566,1.59929,0,1.20963,3.38688
84.388,85.139,2.6406,1,0.02,2.64988,2.70621,0,0.503419,4.47552,99.3022,98.274,3.27498,1,0,1.54282,1.57561,0,1.20989,3.38688
83.9072,85.139,2.53797,1,0.02,2.65046,2.70679,0,0.496588,4.47552,99.3022,98.274,2.85898,1,0,1.54315,1.57596,0,1.19198,3.38688
83.3448,85.139,2.3872,1,0.02,2.65103,2.70738,0,0.496695,4.47552,99.3022,98.274,2.82755,1,0,1.54349,1.5763,0,1.19224,3.38688
82.7042,85.139,2.29941,1,0.02,2.6516,2.70797,0,0.496803,4.47552,99.3022,98.274,2.91061,1,0,1.54382,1.57664,0,1.1925,3.38688
81.9894,85.139,2.31174,1,0.02,2.77799,2.83704,0,0.49691,4.47552,99.259,98.274,2.74283,1,0,1.62764,1.66224,0,1.19276,3.38688
81.0397,85.139,2.02184,1,0.02,2.77859,2.83765,0,0.520595,4.47552,99.2503,98.274,2.37877,1,0,1.62799,1.6626,0,1.25752,3.38688
79.9329,85.139,1.8518,1,0.02,2.77919,2.83827,0,0.520708,4.47552,99.1123,98.274,2.20028,1,0,1.62835,1.66296,0,1.25779,3.38688
78.7445,85.139,1.75305,1,0.02,2.77979,2.83888,0,0.520821,4.47552,98.9642,98.274,1.98691,1,0,1.6287,1.66332,0,1.25806,3.38688
77.4434,85.139,1.58674,1,0.02,2.7804,2.8395,0,0.520933,4.47552,98.6664,98.274,1.91493,1,0,1.62905,1.66368,0,1.25833,3.38688
76.3455,85.139,1.79727,1,0.02,2.75609,2.81467,0,0.521046,4.47552,98.3736,98.274,1.77933,1,0,1.67534,1.71095,0,1.25861,3.38688
75.1844,85.139,1.69457,1,0.02,2.75669,2.81528,0,0.516491,4.47552,97.9638,98.274,1.70157,1,0,1.6757,1.71132,0,1.29437,3.38688
73.9523,85.139,1.60731,1,0.02,2.75728,2.81589,0,0.516603,4.47552,97.4979,98.274,1.63313,1,0,1.67606,1.71169,0,1.29465,3.38688
72.6167,85.139,1.49006,1,0.02,2.75788,2.8165,0,0.516715,4.47552,96.95,98.274,1.51734,1,0,1.67643,1.71206,0,1.29493,3.38688
71.2282,85.139,1.46815,1,0.02,2.82285,2.88286,0,0.516827,4.47552,96.4992,98.274,1.53343,1,0,1.71776,1.75428,0,1.29521,3.38688
69.8149,85.139,1.44662,1,0.02,2.82347,2.88348,0,0.529003,4.47552,96.0395,98.274,1.54086,1,0,1.71813,1.75466,0,1.32714,3.38688
68.3265,85.139,1.34214,1,0.02,2.82408,2.88411,0,0.529117,4.47552,95.4093,98.274,1.47286,1,0,1.71851,1.75504,0,1.32743,3.38688
66.7368,85.139,1.22205,1,0.02,2.82469,2.88473,0,0.529232,4.47552,95.0849,98.274,1.30786,1,0,1.71888,1.75542,0,1.32772,3.38688
65.1741,85.139,1.38192,1,0.02,3.01399,3.07805,0,0.529346,4.47552,94.4166,98.274,1.75059,1,0,1.86727,1.90696,0,1.32801,3.38688
63.2795,85.139,1.05356,1,0.02,3.01464,3.07872,0,0.564821,4.47552,93.9688,98.274,1.31321,1,0,1.86768,1.90737,0,1.44265,3.38688
61.526,85.139,1.18529,1,0.02,3.01529,3.07939,0,0.564944,4.47552,93.2666,98.274,1.60763,1,0,1.86808,1.90779,0,1.44297,3.38688
59.5565,85.139,0.952372,1,0.02,3.01595,3.08005,0,0.565066,4.47552,93.0627,98.274,1.17118,1,0,1.86848,1.9082,0,1.44328,3.38688
57.8204,85.139,1.15556,1,0.02,3.0166,3.08072,0,0.565188,4.47552,92.6454,98.274,2.00778,1,0,1.86889,1.90861,0,1.44359,3.38688
56.0411,85.139,1.09672,1,0.02,2.92519,2.98737,0,0.565311,4.47552,92.206,98.274,1.56266,1,0,1.77935,1.81717,0,1.4439,3.38688
54.3714,85.139,1.21078,1,0.02,2.92582,2.98802,0,0.548181,4.47552,91.9641,98.274,1.59548,1,0,1.77974,1.81757,0,1.37473,3.38688
53.1556,85.139,1.6321,1,0.02,2.92646,2.98866,0,0.548299,4.47552,91.96,98.274,1.84775,1,0,1.78012,1.81796,0,1.37503,3.38688
52.1405,85.139,1.86381,1,0.02,2.92709,2.98931,0,0.548418,4.47552,92.1437,98.274,2.5452,1,0,1.78051,1.81835,0,1.37532,3.38688
51.1214,85.139,1.837,1,0.02,2.85209,2.91272,0,0.548537,4.47552,92.1607,98.274,2.25134,1,0,1.69895,1.73507,0,1.37562,3.38688
50.0751,85.139,1.74686,1,0.02,2.85271,2.91335,0,0.534482,4.47552,92.0237,98.274,1.73877,1,0,1.69932,1.73544,0,1.31261,3.38688
51.6257,85.139,4.46033,1,0.02,2.85333,2.91398,0,0.534598,4.47552,92.6599,98.274,5.13684,1,0,1.69969,1.73582,0,1.3129,3.38688
53.8847,85.139,5.25197,1,0.02,2.85395,2.91461,0,0.534714,4.47552,93.6672,98.274,4.39839,1,0,1.70006,1.73619,0,1.31318,3.38688
55.1905,85.139,4.10161,1,0.02,2.63958,2.69569,0,0.534829,4.47552,94.2372,98.274,3.28975,1,0,1.52962,1.56214,0,1.31346,3.38688
57.5869,85.139,5.24176,1,0.02,2.64015,2.69627,0,0.494658,4.47552,94.6256,98.274,3.4066,1,0,1.52995,1.56247,0,1.18179,3.38688
60.286,85.139,5.69231,1,0.02,2.64072,2.69686,0,0.494765,4.47552,95.1074,98.274,3.51862,1,0,1.53029,1.56281,0,1.18204,3.38688
65.3637,85.139,8.19178,1,0.02,2.6413,2.69744,0,0.494872,4.47552,97.302,98.274,8.26171,1,0,1.53062,1.56315,0,1.1823,3.38688
71.0679,85.139,8.98146,1,0.02,2.64187,2.69802,0,0.494979,4.47552,98.4161,98.274,6.01607,1,0,1.53095,1.56349,0,1.18255,3.38688
70.9624,85.139,2.98208,1,0.04,2.72521,2.78313,0,0.495086,4.47552,98.2071,98.274,2.61736,1,0,1.58078,1.61438,0,1.18281,3.38688
69.3161,85.139,1.32229,1,0.04,2.72577,2.78371,0,0.510703,4.47552,98.2281,98.274,2.27302,1,0,1.58111,1.61472,0,1.22131,3.38688
67.792,85.139,1.4165,1,0.04,2.72634,2.78429,0,0.510809,4.47552,98.3958,98.274,2.27505,1,0,1.58144,1.61505,0,1.22157,3.38688
67.5394,85.139,2.7258,1,0.04,2.7269,2.78486,0,0.510915,4.47552,98.3936,98.274,2.76316,1,0,1.58177,1.61539,0,1.22182,3.38688
67.4527,85.139,3.1915,1,0.04,2.9935,3.05713,0,0.511021,4.47552,97.759,98.274,2.35853,1,0,1.76811,1.8057,0,1.22207,3.38688
65.4727,85.139,1.17424,1,0.04,2.99412,3.05776,0,0.560981,4.47552,97.8151,98.274,1.3909,1,0,1.76848,1.80607,0,1.36605,3.38688
65.5568,85.139,3.31734,1,0.04,2.99474,3.05839,0,0.561097,4.47552,97.609,98.274,3.13762,1,0,1.76885,1.80645,0,1.36633,3.38688
64.7536,85.139,2.38305,1,0.04,2.99536,3.05903,0,0.561214,4.47552,97.5796,98.274,2.02689,1,0,1.76921,1.80682,0,1.36661,3.38688
64.5901,85.139,2.74581,1,0.04,2.61622,2.67183,0,0.56133,4.47552,98.176,98.274,4.62426,1,0,1.51973,1.55204,0,1.36689,3.38688
66.1362,85.139,4.67387,1,0.04,2.61676,2.67238,0,0.490279,4.47552,99.3022,98.274,6.76149,1,0,1.52005,1.55236,0,1.17414,3.38688
66.0491,85.139,2.98498,1,0.04,2.6173,2.67294,0,0.490381,4.47552,99.3022,98.274,3.41503,1,0,1.52036,1.55268,0,1.17439,3.38688
69.8319,85.139,7.12247,1,0.04,2.61785,2.67349,0,0.490483,4.47552,99.3022,98.274,5.3183,1,0,1.52068,1.553,0,1.17463,3.38688
72.8049,85.139,6.33752,1,0.04,2.61839,2.67405,0,0.490584,4.47552,99.3022,98.274,6.88793,1,0,1.52099,1.55332,0,1.17487,3.38688
73.8686,85.139,4.31723,1,0.04,2.71462,2.77232,0,0.490686,4.47552,99.3022,98.274,3.8879,1,0,1.58249,1.61613,0,1.17512,3.38688
76.1052,85.139,5.55687,1,0.04,2.71518,2.7729,0,0.50872,4.47552,99.3022,98.274,6.93855,1,0,1.58282,1.61647,0,1.22263,3.38688
78.3743,85.139,5.62916,1,0.04,2.71575,2.77347,0,0.508825,4.47552,99.3022,98.274,6.24885,1,0,1.58315,1.6168,0,1.22289,3.38688
79.1379,85.139,4.04497,1,0.04,2.71631,2.77405,0,0.508931,4.47552,99.3022,98.274,5.1953,1,0,1.58348,1.61714,0,1.22314,3.38688
79.5187,85.139,3.48068,1,0.04,2.67943,2.73638,0,0.509036,4.47552,99.3022,98.274,3.6877,1,0,1.56002,1.59318,0,1.22339,3.38688
79.5198,85.139,3.03576,1,0.04,2.67998,2.73695,0,0.502124,4.47552,99.3022,98.274,3.32711,1,0,1.56034,1.59351,0,1.20527,3.38688
79.2517,85.139,2.7495,1,0.04,2.68054,2.73751,0,0.502228,4.47552,99.3022,98.274,2.82329,1,0,1.56067,1.59384,0,1.20552,3.38688
79.508,85.139,3.27361,1,0.04,2.68109,2.73808,0,0.502333,4.47552,99.3022,98.274,2.99677,1,0,1.56099,1.59417,0,1.20577,3.38688
78.9285,85.139,2.44149,1,0.04,2.80886,2.86856,0,0.502437,4.47552,99.0571,98.274,2.71398,1,0,1.64573,1.68071,0,1.20602,3.38688
77.772,85.139,1.80859,1,0.04,2.80944,2.86916,0,0.52638,4.47552,98.9067,98.274,1.96772,1,0,1.64607,1.68106,0,1.27149,3.38688
76.5361,85.139,1.69759,1,0.04,2.81002,2.86975,0,0.526489,4.47552,98.6761,98.274,1.99615,1,0,1.64641,1.68141,0,1.27175,3.38688
75.2465,85.139,1.62919,1,0.04,2.8106,2.87034,0,0.526598,4.47552,98.4013,98.274,1.94607,1,0,1.64675,1.68175,0,1.27202,3.38688
73.8697,85.139,1.52654,1,0.04,2.81118,2.87094,0,0.526707,4.47552,98.1855,98.274,1.81155,1,0,1.64709,1.6821,0,1.27228,3.38688
72.6205,85.139,1.63726,1,0.04,2.78658,2.84582,0,0.526816,4.47552,97.8758,98.274,1.95671,1,0,1.69388,1.72988,0,1.27254,3.38688
71.3028,85.139,1.55517,1,0.04,2.78716,2.84641,0,0.522206,4.47552,97.5931,98.274,1.75859,1,0,1.69423,1.73024,0,1.30869,3.38688
69.8965,85.139,1.42706,1,0.04,2.78774,2.84699,0,0.522314,4.47552,97.2175,98.274,1.71853,1,0,1.69458,1.7306,0,1.30896,3.38688
68.4313,85.139,1.33382,1,0.04,2.78832,2.84758,0,0.522422,4.47552,96.6636,98.274,1.65512,1,0,1.69493,1.73096,0,1.30923,3.38688
66.7108,85.139,1.11211,1,0.04,2.85398,2.91464,0,0.52253,4.47552,96.0754,98.274,1.39611,1,0,1.7367,1.77362,0,1.3095,3.38688
65.0198,85.139,1.14648,1,0.04,2.85457,2.91525,0,0.534836,4.47552,95.5528,98.274,1.45267,1,0,1.73706,1.77399,0,1.34178,3.38688
63.2497,85.139,1.03321,1,0.04,2.85516,2.91585,0,0.534947,4.47552,94.807,98.274,1.38444,1,0,1.73742,1.77435,0,1.34206,3.38688
61.4099,85.139,0.941506,1,0.04,2.85575,2.91646,0,0.535057,4.47552,94.2828,98.274,1.20701,1,0,1.73778,1.77472,0,1.34233,3.38688
59.5208,85.139,1.01904,1,0.04,3.04711,3.11188,0,0.535168,4.47552,93.4269,98.274,1.52085,1,0,1.88779,1.92792,0,1.34261,3.38688
57.483,85.139,0.862908,1,0.04,3.04774,3.11252,0,0.571028,4.47552,92.5424,98.274,1.16004,1,0,1.88818,1.92832,0,1.45851,3.38688
55.3276,85.139,0.733825,1,0.04,3.04837,3.11317,0,0.571146,4.47552,91.8309,98.274,1.02185,1,0,1.88857,1.92872,0,1.45881,3.38688
53.2711,85.139,0.794611,1,0.04,3.049,3.11381,0,0.571265,4.47552,91.0964,98.274,1.34178,1,0,1.88896,1.92912,0,1.45911,3.38688
51.1893,85.139,0.739821,1,0.04,3.04963,3.11446,0,0.571383,4.47552,90.6213,98.274,1.22191,1,0,1.88935,1.92951,0,1.45941,3.38688
49.4588,85.139,1.01475,1,0.04,2.9572,3.02006,0,0.571501,4.47552,90.4905,98.274,1.74875,1,0,1.79882,1.83706,0,1.45971,3.38688
47.6498,85.139,0.918546,1,0.04,2.95781,3.02068,0,0.554179,4.47552,90.4118,98.274,3.0308,1,0,1.79919,1.83744,0,1.38977,3.38688
45.7484,85.139,0.794966,1,0.04,2.95842,3.02131,0,0.554294,4.47552,90.0092,98.274,1.73801,1,0,1.79957,1.83782,0,1.39006,3.38688
43.9007,85.139,0.824249,1,0.04,2.95903,3.02193,0,0.554408,4.47552,89.8054,98.274,1.68965,1,0,1.79994,1.8382,0,1.39034,3.38688
42.7461,85.139,1.56934,1,0.04,2.88319,2.94448,0,0.554523,4.47552,90.0552,98.274,2.7391,1,0,1.71748,1.75399,0,1.39063,3.38688
41.5891,85.139,1.48526,1,0.04,2.88379,2.94509,0,0.54031,4.47552,90.6476,98.274,2.8687,1,0,1.71784,1.75435,0,1.32692,3.38688
40.6778,85.139,1.73685,1,0.04,2.88439,2.9457,0,0.540422,4.47552,91.9866,98.274,4.79706,1,0,1.71819,1.75471,0,1.3272,3.38688
39.298,85.139,1.27001,1,0.04,2.88498,2.94631,0,0.540534,4.47552,92.6686,98.274,3.46532,1,0,1.71855,1.75508,0,1.32747,3.38688
40.6724,85.139,4.04773,1,0.04,2.66826,2.72498,0,0.540646,4.47552,94.087,98.274,5.57692,1,0,1.54624,1.57911,0,1.32775,3.38688
41.634,85.139,3.5503,1,0.04,2.66882,2.72554,0,0.500033,4.47552,94.6331,98.274,4.87638,1,0,1.54656,1.57944,0,1.19463,3.38688
42.751,85.139,3.821,1,0.04,2.66937,2.72611,0,0.500136,4.47552,97.9908,98.274,12.4844,1,0,1.54688,1.57977,0,1.19488,3.38688
43.1983,85.139,3.06007,1,0.04,2.66992,2.72667,0,0.50024,4.47552,99.0881,98.274,6.4293,1,0,1.5472,1.58009,0,1.19512,3.38688
42.6398,85.139,1.99759,1,0.04,2.67047,2.72724,0,0.500343,4.47552,99.3022,98.274,4.5519,1,0,1.54752,1.58042,0,1.19537,3.38688
44.0666,85.139,4.24326,1,0.04,2.75469,2.81325,0,0.500447,4.47552,99.3022,98.274,5.2429,1,0,1.59789,1.63185,0,1.19562,3.38688
46.1763,85.139,4.835,1,0.04,2.75524,2.8138,0,0.516229,4.47552,99.3022,98.274,5.61339,1,0,1.5982,1.63218,0,1.23453,3.38688
48.3188,85.139,4.90029,1,0.04,2.75578,2.81436,0,0.516332,4.47552,99.3022,98.274,6.64262,1,0,1.59852,1.6325,0,1.23477,3.38688
52.3701,85.139,6.932,1,0.04,2.75633,2.81492,0,0.516434,4.47552,99.3022,98.274,7.34124,1,0,1.59884,1.63282,0,1.23502,3.38688
56.2043,85.139,7.15328,1,0.04,3.02578,3.0901,0,0.516537,4.47552,99.3022,98.274,7.28062,1,0,1.78718,1.82517,0,1.23526,3.38688
61.542,85.139,8.73864,1,0.04,3.02638,3.09071,0,0.567031,4.47552,99.3022,98.274,7.17391,1,0,1.78754,1.82553,0,1.38078,3.38688
65.7748,85.139,7.65411,1,0.04,3.02698,3.09132,0,0.567143,4.47552,99.3022,98.274,7.69063,1,0,1.78789,1.8259,0,1.38105,3.38688
69.3586,85.139,7.04252,1,0.04,3.02758,3.09194,0,0.567256,4.47552,99.3022,98.274,6.71565,1,0,1.78825,1.82626,0,1.38133,3.38688
77.8014,85.139,11.727,1,0.04,2.64434,2.70055,0,0.567369,4.47552,99.3022,98.274,23.4681,1,0,1.53607,1.56872,0,1.3816,3.38688
81.2694,85.139,6.78679,1,0.04,2.64487,2.70109,0,0.495549,4.47552,99.3022,98.274,7.5754,1,0,1.53637,1.56903,0,1.18677,3.38688
83.8065,85.139,5.86412,1,0.04,2.64539,2.70162,0,0.495648,4.47552,99.3022,98.274,6.16364,1,0,1.53668,1.56934,0,1.187,3.38688
85.139,85.139,5.8848,1,0.04,2.64592,2.70216,0,0.495746,4.47552,99.3022,98.274,7.21913,1,0,1.53698,1.56965,0,1.18724,3.38688
85.139,85.139,6.16403,1,0.04,2.64644,2.70269,0,0.495845,4.47552,99.3022,98.274,7.31958,1,0,1.53729,1.56996,0,1.18747,3.38688
85.139,85.139,10.2117,1,0.04,2.74368,2.802,0,0.495943,4.47552,99.3022,98.274,9.28272,1,0,1.59943,1.63343,0,1.18771,3.38688
85.139,85.139,8.18736,1,0.04,2.74423,2.80256,0,0.514166,4.47552,99.3022,98.274,8.05384,1,0,1.59975,1.63376,0,1.23572,3.38688
85.139,85.139,6.07235,1,0.04,2.74477,2.80311,0,0.514268,4.47552,99.3022,98.274,6.503,1,0,1.60007,1.63408,0,1.23597,3.38688
85.139,85.139,5.24953,1,0.04,2.74531,2.80367,0,0.51437,4.47552,99.3022,98.274,6.12512,1,0,1.60039,1.6344,0,1.23621,3.38688
85.139,85.139,5.02912,1,0.04,2.70801,2.76558,0,0.514472,4.47552,99.3022,98.274,5.71067,1,0,1.57667,1.61018,0,1.23646,3.38688
85.139,85.139,4.32556,1,0.04,2.70855,2.76613,0,0.507482,4.47552,99.3022,98.274,4.65036,1,0,1.57698,1.6105,0,1.21813,3.38688
85.139,85.139,3.6979,1,0.04,2.70909,2.76667,0,0.507583,4.47552,99.3022,98.274,4.21797,1,0,1.57729,1.61082,0,1.21837,3.38688
85.139,85.139,3.28244,1,0.04,2.70963,2.76722,0,0.507683,4.47552,99.3022,98.274,3.71149,1,0,1.5776,1.61114,0,1.21862,3.38688
85.0441,85.139,3.00954,1,0.04,2.83873,2.89907,0,0.507784,4.47552,99.3022,98.274,3.41505,1,0,1.66323,1.69858,0,1.21886,3.38688
85.139,85.139,3.30874,1,0.04,2.83929,2.89964,0,0.531977,4.47552,99.3022,98.274,3.37761,1,0,1.66356,1.69892,0,1.28501,3.38688
85.0048,85.139,2.90783,1,0.04,2.83985,2.90022,0,0.532083,4.47552,99.3022,98.274,3.16224,1,0,1.66389,1.69926,0,1.28527,3.38688
84.7905,85.139,2.81951,1,0.04,2.84042,2.90079,0,0.532189,4.47552,99.3022,98.274,3.22938,1,0,1.66422,1.69959,0,1.28552,3.38688
84.4407,85.139,2.67332,1,0.04,2.84098,2.90137,0,0.532294,4.47552,99.3022,98.274,3.09743,1,0,1.66455,1.69993,0,1.28578,3.38688
83.8956,85.139,2.43145,1,0.04,2.81609,2.87595,0,0.5324,4.47552,99.3022,98.274,2.68295,1,0,1.71181,1.7482,0,1.28603,3.38688
83.1545,85.139,2.22684,1,0.04,2.81665,2.87652,0,0.527736,4.47552,99.298,98.274,2.52835,1,0,1.71215,1.74855,0,1.32255,3.38688
82.2244,85.139,2.03,1,0.04,2.81721,2.8771,0,0.527841,4.47552,99.2452,98.274,2.32639,1,0,1.71249,1.74889,0,1.32281,3.38688
81.1485,85.139,1.85436,1,0.04,2.81777,2.87767,0,0.527946,4.47552,99.1873,98.274,2.22787,1,0,1.71283,1.74924,0,1.32307,3.38688
80.0136,85.139,1.81079,1,0.04,2.8841,2.94541,0,0.52805,4.47552,98.9906,98.274,2.08608,1,0,1.75504,1.79234,0,1.32333,3.38688
78.9374,85.139,1.8627,1,0.04,2.88468,2.94599,0,0.540481,4.47552,98.6855,98.274,1.95099,1,0,1.75538,1.7927,0,1.35594,3.38688
77.6661,85.139,1.65541,1,0.04,2.88525,2.94658,0,0.540588,4.47552,98.2925,98.274,1.8338,1,0,1.75573,1.79305,0,1.35621,3.38688
76.2598,85.139,1.50697,1,0.04,2.88582,2.94716,0,0.540696,4.47552,97.902,98.274,1.74367,1,0,1.75608,1.79341,0,1.35648,3.38688
74.5016,85.139,1.28606,1,0.04,3.07916,3.14461,0,0.540803,4.47552,97.2906,98.274,1.7285,1,0,1.90765,1.9482,0,1.35675,3.38688
72.6762,85.139,1.2362,1,0.04,3.07977,3.14524,0,0.577035,4.47552,96.8282,98.274,1.48547,1,0,1.90803,1.94858,0,1.47385,3.38688
71.0119,85.139,1.40755,1,0.04,3.08039,3.14586,0,0.57715,4.47552,96.101,98.274,1.77346,1,0,1.90841,1.94897,0,1.47414,3.38688
69.0851,85.139,1.13461,1,0.04,3.081,3.14649,0,0.577264,4.47552,95.8371,98.274,1.29176,1,0,1.90878,1.94936,0,1.47443,3.38688
67.4226,85.139,1.37128,1,0.04,3.08161,3.14711,0,0.577379,4.47552,95.1892,98.274,2.21365,1,0,1.90916,1.94974,0,1.47473,3.38688
65.4144,85.139,0.934479,1,0.04,2.98818,3.05169,0,0.577493,4.47552,94.3208,98.274,1.2613,1,0,1.81767,1.8563,0,1.47502,3.38688
63.3325,85.139,0.867657,1,0.04,2.98877,3.0523,0,0.559984,4.47552,93.5011,98.274,1.03739,1,0,1.81803,1.85667,0,1.40433,3.38688
61.5821,85.139,1.20766,1,0.04,2.98936,3.0529,0,0.560095,4.47552,93.187,98.274,1.13762,1,0,1.81839,1.85704,0,1.40461,3.38688
60.2821,85.139,1.68723,1,0.04,2.98996,3.05351,0,0.560206,4.47552,92.5306,98.274,1.8785,1,0,1.81875,1.85741,0,1.40489,3.38688
58.7228,85.139,1.36623,1,0.04,2.9133,2.97522,0,0.560318,4.47552,92.0204,98.274,1.38083,1,0,1.73541,1.7723,0,1.40516,3.38688
57.541,85.139,1.74548,1,0.04,2.91387,2.97581,0,0.545951,4.47552,91.4053,98.274,1.51595,1,0,1.73576,1.77265,0,1.34078,3.38688
56.038,85.139,1.40112,1,0.04,2.91445,2.9764,0,0.54606,4.47552,91.24,98.274,1.29248,1,0,1.7361,1.773,0,1.34104,3.38688
55.7016,85.139,2.62799,1,0.04,2.91503,2.97699,0,0.546168,4.47552,91.393,98.274,3.73786,1,0,1.73644,1.77335,0,1.34131,3.38688
57.5902,85.139,4.838,1,0.04,2.69603,2.75334,0,0.546276,4.47552,92.301,98.274,4.44188,1,0,1.56233,1.59554,0,1.34158,3.38688
57.7857,85.139,3.06761,1,0.04,2.69656,2.75388,0,0.505236,4.47552,92.8664,98.274,3.70973,1,0,1.56264,1.59586,0,1.20706,3.38688
57.9307,85.139,3.02438,1,0.04,2.6971,2.75443,0,0.505336,4.47552,93.8832,98.274,5.34115,1,0,1.56295,1.59618,0,1.2073,3.38688
58.3629,85.139,3.36264,1,0.04,2.69763,2.75497,0,0.505436,4.47552,95.1043,98.274,5.76694,1,0,1.56326,1.59649,0,1.20754,3.38688
62.0019,85.139,6.64886,1,0.04,2.69817,2.75552,0,0.505536,4.47552,97.5188,98.274,8.29267,1,0,1.56357,1.59681,0,1.20778,3.38688
66.4943,85.139,7.78289,1,0.04,2.78323,2.8424,0,0.505637,4.47552,99.3022,98.274,7.84514,1,0,1.61444,1.64876,0,1.20802,3.38688
71.8504,85.139,8.84142,1,0.04,2.78376,2.84294,0,0.521578,4.47552,99.3022,98.274,7.61373,1,0,1.61475,1.64907,0,1.24732,3.38688
74.5289,85.139,6.06123,1,0.04,2.78429,2.84348,0,0.521677,4.47552,99.3022,98.274,5.92801,1,0,1.61506,1.64939,0,1.24756,3.38688
77.7273,85.139,6.50446,1,0.04,2.78482,2.84402,0,0.521777,4.47552,99.3022,98.274,6.25679,1,0,1.61537,1.6497,0,1.24779,3.38688
81.8037,85.139,7.7375,1,0.04,3.05703,3.12201,0,0.521876,4.47552,99.3022,98.274,6.87389,1,0,1.80564,1.84402,0,1.24803,3.38688
85.139,85.139,7.63397,1,0.04,3.05761,3.12261,0,0.572888,4.47552,99.3022,98.274,9.05211,1,0,1.80599,1.84437,0,1.39504,3.38688
85.139,85.139,8.2741,1,0.04,3.05819,3.1232,0,0.572997,4.47552,99.3022,98.274,9.40626,1,0,1.80633,1.84472,0,1.3953,3.38688
85.139,85.139,7.7758,1,0.04,3.05878,3.12379,0,0.573106,4.47552,99.3022,98.274,8.67999,1,0,1.80667,1.84508,0,1.39557,3.38688
85.139,85.139,8.38973,1,0.04,2.67157,2.72835,0,0.573215,4.47552,99.3022,98.274,8.15641,1,0,1.55188,1.58487,0,1.39584,3.38688
85.139,85.139,6.57821,1,0.04,2.67207,2.72887,0,0.500651,4.47552,99.3022,98.274,5.79062,1,0,1.55218,1.58517,0,1.19898,3.38688
85.139,85.139,7.15098,1,0.04,2.67258,2.72939,0,0.500747,4.47552,99.3022,98.274,8.05779,1,0,1.55247,1.58547,0,1.19921,3.38688
85.139,85.139,7.43831,1,0.04,2.67309,2.72991,0,0.500842,4.47552,99.3022,98.274,8.00987,1,0,1.55277,1.58577,0,1.19944,3.38688
85.139,85.139,7.58411,1,0.04,2.6736,2.73043,0,0.500937,4.47552,99.3022,98.274,7.90521,1,0,1.55306,1.58608,0,1.19967,3.38688
85.139,85.139,7.73571,1,0.04,2.77181,2.83073,0,0.501033,4.47552,99.3022,98.274,7.08359,1,0,1.61583,1.65018,0,1.1999,3.38688
85.139,85.139,6.90134,1,0.04,2.77234,2.83127,0,0.519438,4.47552,99.3022,98.274,8.05416,1,0,1.61614,1.65049,0,1.24839,3.38688
85.139,85.139,7.75428,1,0.04,2.77287,2.83181,0,0.519537,4.47552,99.3022,98.274,7.49491,1,0,1.61645,1.65081,0,1.24863,3.38688
85.139,85.139,6.23803,1,0.04,2.7734,2.83235,0,0.519636,4.47552,99.3022,98.274,6.97413,1,0,1.61676,1.65112,0,1.24887,3.38688
85.139,85.139,5.26122,1,0.04,2.73569,2.79384,0,0.519735,4.47552,99.3022,98.274,5.41673,1,0,1.59278,1.62664,0,1.24911,3.38688
85.139,85.139,5.49284,1,0.04,2.73621,2.79437,0,0.512669,4.47552,99.3022,98.274,6.22978,1,0,1.59308,1.62695,0,1.23058,3.38688
85.139,85.139,5.15598,1,0.04,2.73673,2.79491,0,0.512766,4.47552,99.3022,98.274,5.4307,1,0,1.59339,1.62726,0,1.23082,3.38688
85.139,85.139,4.72462,1,0.04,2.73725,2.79544,0,0.512864,4.47552,99.3022,98.274,5.11496,1,0,1.59369,1.62757,0,1.23105,3.38688
85.139,85.139,4.40331,1,0.04,2.86765,2.9286,0,0.512961,4.47552,99.3022,98.274,5.0803,1,0,1.68017,1.71589,0,1.23128,3.38688
85.139,85.139,4.30604,1,0.04,2.86819,2.92916,0,0.537397,4.47552,99.3022,98.274,4.53771,1,0,1.68049,1.71621,0,1.2981,3.38688
85.139,85.139,3.77624,1,0.04,2.86874,2.92972,0,0.537499,4.47552,99.3022,98.274,4.13688,1,0,1.68081,1.71654,0,1.29835,3.38688
85.139,85.139,3.36384,1,0.04,2.86928,2.93027,0,0.537602,4.47552,99.3022,98.274,3.76916,1,0,1.68113,1.71687,0,1.2986,3.38688
85.1081,85.139,3.09091,1,0.04,2.86983,2.93083,0,0.537704,4.47552,99.3022,98.274,3.70303,1,0,1.68145,1.71719,0,1.29884,3.38688
84.9507,85.139,2.90892,1,0.04,2.84467,2.90513,0,0.537806,4.47552,99.3022,98.274,3.76115,1,0,1.72918,1.76594,0,1.29909,3.38688
84.5718,85.139,2.66957,1,0.04,2.84521,2.90569,0,0.533091,4.47552,99.3022,98.274,3.86382,1,0,1.72951,1.76627,0,1.33597,3.38688
84.0311,85.139,2.49575,1,0.04,2.84575,2.90624,0,0.533192,4.47552,99.3022,98.274,3.95087,1,0,1.72984,1.76661,0,1.33622,3.38688
83.392,85.139,2.38258,1,0.04,2.84629,2.90679,0,0.533293,4.47552,99.3022,98.274,3.83126,1,0,1.73017,1.76695,0,1.33647,3.38688
82.5491,85.139,2.21696,1,0.04,2.91327,2.9752,0,0.533395,4.47552,99.3022,98.274,3.48154,1,0,1.77278,1.81047,0,1.33673,3.38688
81.601,85.139,2.09888,1,0.04,2.91383,2.97576,0,0.545947,4.47552,99.3022,98.274,3.13164,1,0,1.77312,1.81081,0,1.36965,3.38688
80.5555,85.139,1.9811,1,0.04,2.91438,2.97633,0,0.546051,4.47552,99.3022,98.274,3.2302,1,0,1.77346,1.81116,0,1.36991,3.38688
79.3943,85.139,1.85376,1,0.04,2.91493,2.97689,0,0.546155,4.47552,99.3022,98.274,2.94784,1,0,1.7738,1.8115,0,1.37017,3.38688
78.0537,85.139,1.82263,1,0.04,3.1102,3.17631,0,0.546259,4.47552,99.2695,98.274,3.17858,1,0,1.92688,1.96784,0,1.37043,3.38688
77.1975,85.139,2.31164,1,0.04,3.11079,3.17692,0,0.582852,4.47552,99.2987,98.274,3.78313,1,0,1.92724,1.96821,0,1.48871,3.38688
75.9387,85.139,1.94312,1,0.04,3.11138,3.17752,0,0.582963,4.47552,99.1613,98.274,3.2087,1,0,1.92761,1.96858,0,1.48899,3.38688
74.8793,85.139,2.11201,1,0.04,3.11198,3.17812,0,0.583073,4.47552,99.3022,98.274,4.20866,1,0,1.92798,1.96896,0,1.48927,3.38688
73.6841,85.139,1.96551,1,0.04,3.11257,3.17873,0,0.583184,4.47552,99.2573,98.274,3.8453,1,0,1.92834,1.96933,0,1.48956,3.38688
72.435,85.139,1.81796,1,0.04,3.01817,3.08233,0,0.583295,4.47552,99.2837,98.274,3.72877,1,0,1.83591,1.87494,0,1.48984,3.38688
71.2479,85.139,1.883,1,0.04,3.01875,3.08291,0,0.565606,4.47552,99.3022,98.274,3.87896,1,0,1.83626,1.87529,0,1.41843,3.38688
70.281,85.139,2.13287,1,0.04,3.01932,3.0835,0,0.565713,4.47552,99.3022,98.274,3.63052,1,0,1.83661,1.87565,0,1.4187,3.38688
70.4631,85.139,3.3252,1,0.04,3.0199,3.08409,0,0.565821,4.47552,99.3022,98.274,6.21947,1,0,1.83696,1.87601,0,1.41897,3.38688
70.4511,85.139,3.17914,1,0.04,2.94244,3.00499,0,0.565928,4.47552,98.9687,98.274,5.62866,1,0,1.75277,1.79003,0,1.41923,3.38688
69.0908,85.139,1.78977,1,0.04,2.943,3.00556,0,0.551414,4.47552,98.9579,98.274,1.78204,1,0,1.75311,1.79037,0,1.35419,3.38688
69.6596,85.139,3.78148,1,0.04,2.94356,3.00613,0,0.551519,4.47552,99.3022,98.274,3.64069,1,0,1.75344,1.79071,0,1.35445,3.38688
73.9292,85.139,7.71763,1,0.04,2.94412,3.0067,0,0.551624,4.47552,99.3022,98.274,7.39165,1,0,1.75377,1.79105,0,1.35471,3.38688
77.0812,85.139,6.27665,1,0.04,2.72291,2.78079,0,0.551728,4.47552,99.3022,98.274,5.51363,1,0,1.57791,1.61145,0,1.35497,3.38688
79.4109,85.139,5.48998,1,0.04,2.72343,2.78132,0,0.510274,4.47552,99.3022,98.274,7.00941,1,0,1.57821,1.61176,0,1.2191,3.38688
82.9234,85.139,7.00358,1,0.04,2.72395,2.78185,0,0.510371,4.47552,99.3022,98.274,8.7276,1,0,1.57851,1.61207,0,1.21933,3.38688
85.139,85.139,8.79071,1,0.04,2.72447,2.78238,0,0.510468,4.47552,99.3022,98.274,8.36991,1,0,1.57881,1.61237,0,1.21956,3.38688
85.139,85.139,7.56007,1,0.04,2.72498,2.78291,0,0.510565,4.47552,99.3022,98.274,9.29609,1,0,1.57911,1.61268,0,1.21979,3.38688
85.139,85.139,10.7356,1,0.04,2.72498,2.78291,0,0.510662,4.47552,99.3022,98.274,8.35276,1,0,1.57911,1.61268,0,1.22002,3.38688
85.139,85.139,9.65438,1,0.04,2.81087,2.87062,0,0.510662,4.47552,99.3022,98.274,8.57249,1,0,1.63048,1.66513,0,1.22002,3.38688
85.139,85.139,11.1994,1,0.04,2.81139,2.87115,0,0.526758,4.47552,99.3022,98.274,9.10075,1,0,1.63077,1.66544,0,1.25971,3.38688
85.139,85.139,8.65769,1,0.04,2.8119,2.87167,0,0.526854,4.47552,99.3022,98.274,7.27891,1,0,1.63107,1.66574,0,1.25994,3.38688
85.139,85.139,8.38825,1,0.04,2.81241,2.87219,0,0.52695,4.47552,99.3022,98.274,7.80987,1,0,1.63137,1.66604,0,1.26017,3.38688
85.139,85.139,12.77,1,0.04,3.08729,3.15291,0,0.527046,4.47552,99.3022,98.274,10.2749,1,0,1.82351,1.86228,0,1.26039,3.38688
85.139,85.139,7.3383,1,0.04,3.08785,3.15349,0,0.578558,4.47552,99.3022,98.274,6.28148,1,0,1.82385,1.86261,0,1.40885,3.38688
85.139,85.139,5.55683,1,0.04,3.08841,3.15406,0,0.578664,4.47552,99.3022,98.274,5.03301,1,0,1.82418,1.86295,0,1.4091,3.38688
85.139,85.139,4.99101,1,0.04,3.08898,3.15464,0,0.578769,4.47552,99.3022,98.274,5.49874,1,0,1.82451,1.86329,0,1.40936,3.38688
85.139,85.139,9.12759,1,0.04,2.69792,2.75527,0,0.578874,4.47552,99.3022,98.274,10.2488,1,0,1.56719,1.6005,0,1.40962,3.38688
85.139,85.139,7.85301,1,0.04,2.69841,2.75577,0,0.50559,4.47552,99.3022,98.274,8.25859,1,0,1.56748,1.6008,0,1.21081,3.38688
85.139,85.139,6.43427,1,0.04,2.6989,2.75627,0,0.505683,4.47552,99.3022,98.274,5.50449,1,0,1.56776,1.60109,0,1.21103,3.38688
85.139,85.139,5.09705,1,0.04,2.6994,2.75677,0,0.505775,4.47552,99.3022,98.274,3.86715,1,0,1.56805,1.60138,0,1.21125,3.38688
85.139,85.139,7.7858,1,0.04,2.69989,2.75728,0,0.505867,4.47552,99.3022,98.274,6.71643,1,0,1.56833,1.60167,0,1.21147,3.38688
85.139,85.139,8.5673,1,0.04,2.79905,2.85854,0,0.505959,4.47552,99.3022,98.274,7.63866,1,0,1.63171,1.66639,0,1.21169,3.38688
85.139,85.139,6.54009,1,0.04,2.79956,2.85906,0,0.524541,4.47552,99.3022,98.274,6.47647,1,0,1.63201,1.6667,0,1.26066,3.38688
85.139,85.139,6.13105,1,0.04,2.80007,2.85958,0,0.524637,4.47552,99.3022,98.274,7.04756,1,0,1.6323,1.667,0,1.26089,3.38688
85.139,85.139,5.55664,1,0.04,2.80058,2.8601,0,0.524732,4.47552,99.3022,98.274,6.52633,1,0,1.6326,1.6673,0,1.26112,3.38688
85.139,85.139,6.35434,1,0.04,2.76248,2.8212,0,0.524828,4.47552,99.3022,98.274,6.89132,1,0,1.60838,1.64256,0,1.26135,3.38688
85.139,85.139,4.59006,1,0.04,2.76298,2.82171,0,0.517689,4.47552,99.3022,98.274,5.39213,1,0,1.60867,1.64286,0,1.24263,3.38688
85.139,85.139,3.8661,1,0.04,2.76349,2.82223,0,0.517783,4.47552,99.3022,98.274,4.80327,1,0,1.60896,1.64316,0,1.24286,3.38688
85.139,85.139,3.255,1,0.04,2.76399,2.82274,0,0.517877,4.47552,99.3022,98.274,4.24929,1,0,1.60926,1.64346,0,1.24308,3.38688
85.139,85.139,3.64234,1,0.04,2.89563,2.95718,0,0.517972,4.47552,99.3022,98.274,4.829,1,0,1.69657,1.73263,0,1.24331,3.38688
85.139,85.139,3.58858,1,0.04,2.89616,2.95772,0,0.542641,4.47552,99.3022,98.274,4.76076,1,0,1.69688,1.73295,0,1.31077,3.38688
85.139,85.139,3.3683,1,0.04,2.89669,2.95826,0,0.54274,4.47552,99.3022,98.274,4.33463,1,0,1.69719,1.73326,0,1.31101,3.38688
85.0424,85.139,3.15187,1,0.04,2.89721,2.9588,0,0.542839,4.47552,99.3022,98.274,3.96249,1,0,1.6975,1.73358,0,1.31125,3.38688
84.8473,85.139,3.00932,1,0.04,2.89774,2.95934,0,0.542938,4.47552,99.3022,98.274,3.39033,1,0,1.69781,1.73389,0,1.31149,3.38688
84.4591,85.139,2.74589,1,0.04,2.87231,2.93337,0,0.543037,4.47552,99.3022,98.274,2.96102,1,0,1.74599,1.7831,0,1.31172,3.38688
83.8359,85.139,2.48931,1,0.04,2.87283,2.9339,0,0.538271,4.47552,99.3022,98.274,2.69885,1,0,1.7463,1.78342,0,1.34895,3.38688
83.1298,85.139,2.35382,1,0.04,2.87336,2.93443,0,0.538369,4.47552,99.2089,98.274,2.6409,1,0,1.74662,1.78375,0,1.34919,3.38688
82.1777,85.139,2.0949,1,0.04,2.87388,2.93497,0,0.538467,4.47552,99.0773,98.274,2.56603,1,0,1.74694,1.78407,0,1.34944,3.38688
81.3504,85.139,2.2509,1,0.04,2.94149,3.00401,0,0.538565,4.47552,99.0825,98.274,2.729,1,0,1.78995,1.828,0,1.34969,3.38688
80.4759,85.139,2.19879,1,0.04,2.94202,3.00456,0,0.551235,4.47552,99.0247,98.274,2.83211,1,0,1.79028,1.82833,0,1.38292,3.38688
79.4742,85.139,2.05306,1,0.04,2.94256,3.00511,0,0.551335,4.47552,98.912,98.274,2.66389,1,0,1.79061,1.82867,0,1.38317,3.38688
78.3206,85.139,1.88433,1,0.04,2.94309,3.00565,0,0.551435,4.47552,98.7922,98.274,2.51317,1,0,1.79093,1.829,0,1.38342,3.38688
77.393,85.139,2.24304,1,0.04,3.14022,3.20697,0,0.551536,4.47552,98.717,98.274,3.15682,1,0,1.94548,1.98683,0,1.38367,3.38688
76.5407,85.139,2.30468,1,0.04,3.14079,3.20756,0,0.588478,4.47552,98.68,98.274,3.07864,1,0,1.94583,1.98719,0,1.50308,3.38688
75.308,85.139,1.94688,1,0.04,3.14137,3.20814,0,0.588585,4.47552,98.5303,98.274,2.71212,1,0,1.94619,1.98755,0,1.50335,3.38688
74.2754,85.139,2.11752,1,0.04,3.14194,3.20872,0,0.588692,4.47552,98.6641,98.274,3.55966,1,0,1.94654,1.98792,0,1.50362,3.38688
73.5332,85.139,2.42272,1,0.04,3.14251,3.20931,0,0.588799,4.47552,98.7242,98.274,3.78721,1,0,1.94689,1.98828,0,1.5039,3.38688
73.0198,85.139,2.58744,1,0.04,3.04718,3.11195,0,0.588906,4.47552,98.9324,98.274,4.18227,1,0,1.85356,1.89296,0,1.50417,3.38688
72.1546,85.139,2.22086,1,0.04,3.04774,3.11252,0,0.571042,4.47552,98.9712,98.274,3.64284,1,0,1.8539,1.8933,0,1.43206,3.38688
72.0804,85.139,3.02544,1,0.04,3.04829,3.11309,0,0.571146,4.47552,99.3022,98.274,4.86561,1,0,1.85423,1.89365,0,1.43232,3.38688
73.395,85.139,4.48916,1,0.04,3.04885,3.11365,0,0.57125,4.47552,99.3022,98.274,5.94821,1,0,1.85457,1.89399,0,1.43258,3.38688
74.2469,85.139,4.0803,1,0.04,2.97063,3.03377,0,0.571354,4.47552,99.3022,98.274,4.28133,1,0,1.76956,1.80718,0,1.43284,3.38688
75.8114,85.139,4.83823,1,0.04,2.97117,3.03432,0,0.556696,4.47552,99.3022,98.274,4.4788,1,0,1.76989,1.80751,0,1.36716,3.38688
76.7667,85.139,4.26267,1,0.04,2.97171,3.03488,0,0.556797,4.47552,99.3022,98.274,8.83176,1,0,1.77021,1.80784,0,1.36741,3.38688
78.3447,85.139,4.89719,1,0.04,2.97225,3.03543,0,0.556898,4.47552,99.3022,98.274,4.43361,1,0,1.77053,1.80816,0,1.36766,3.38688
80.7992,85.139,5.68863,1,0.04,2.74891,2.80734,0,0.557,4.47552,99.3022,98.274,6.61751,1,0,1.59298,1.62684,0,1.36791,3.38688
82.7514,85.139,5.19467,1,0.04,2.74941,2.80785,0,0.515145,4.47552,99.3022,98.274,7.04634,1,0,1.59327,1.62713,0,1.23073,3.38688
85.139,85.139,7.14855,1,0.04,2.74991,2.80836,0,0.515239,4.47552,99.3022,98.274,6.69288,1,0,1.59356,1.62743,0,1.23096,3.38688
85.139,85.139,8.81981,1,0.04,2.75041,2.80887,0,0.515333,4.47552,99.3022,98.274,11.8425,1,0,1.59385,1.62773,0,1.23118,3.38688
85.139,85.139,7.60879,1,0.04,2.75091,2.80938,0,0.515426,4.47552,99.3022,98.274,11.482,1,0,1.59414,1.62802,0,1.23141,3.38688
85.139,85.139,12.0325,1,0.04,2.83759,2.89791,0,0.51552,4.47552,99.3022,98.274,13.0686,1,0,1.64597,1.68096,0,1.23163,3.38688
85.139,85.139,7.49087,1,0.04,2.83809,2.89841,0,0.531765,4.47552,99.3022,98.274,7.36337,1,0,1.64626,1.68125,0,1.27168,3.38688
85.139,85.139,7.53186,1,0.04,2.83858,2.89892,0,0.531858,4.47552,99.3022,98.274,9.38358,1,0,1.64655,1.68155,0,1.2719,3.38688
85.139,85.139,6.19095,1,0.04,2.83908,2.89942,0,0.53195,4.47552,99.3022,98.274,5.43815,1,0,1.64683,1.68184,0,1.27212,3.38688
85.139,85.139,5.95329,1,0.04,3.11654,3.18278,0,0.532043,4.47552,99.3022,98.274,5.45705,1,0,1.84079,1.87992,0,1.27234,3.38688
85.139,85.139,5.66961,1,0.04,3.11708,3.18334,0,0.584039,4.47552,99.3022,98.274,5.26819,1,0,1.84111,1.88024,0,1.42219,3.38688
85.139,85.139,5.38954,1,0.04,3.11762,3.18389,0,0.584141,4.47552,99.3022,98.274,5.32658,1,0,1.84143,1.88057,0,1.42244,3.38688
85.139,85.139,6.34754,1,0.04,3.11816,3.18445,0,0.584242,4.47552,99.3022,98.274,5.35377,1,0,1.84175,1.8809,0,1.42269,3.38688
85.139,85.139,4.67256,1,0.04,2.72339,2.78128,0,0.584344,4.47552,99.3022,98.274,5.09022,1,0,1.58199,1.61561,0,1.42294,3.38688
85.139,85.139,4.57727,1,0.04,2.72387,2.78177,0,0.510364,4.47552,99.3022,98.274,4.48022,1,0,1.58226,1.6159,0,1.22224,3.38688
85.139,85.139,4.61348,1,0.04,2.72434,2.78225,0,0.510453,4.47552,99.3022,98.274,5.22371,1,0,1.58254,1.61618,0,1.22246,3.38688
85.139,85.139,4.78443,1,0.04,2.72482,2.78273,0,0.510541,4.47552,99.3022,98.274,5.27799,1,0,1.58281,1.61646,0,1.22267,3.38688
85.139,85.139,6.53448,1,0.04,2.72529,2.78322,0,0.51063,4.47552,99.3022,98.274,6.59476,1,0,1.58309,1.61674,0,1.22288,3.38688
85.139,85.139,6.81167,1,0.04,2.82536,2.88541,0,0.510719,4.47552,99.3022,98.274,6.50909,1,0,1.64705,1.68206,0,1.2231,3.38688
85.139,85.139,5.62231,1,0.04,2.82585,2.88592,0,0.529472,4.47552,99.3022,98.274,6.00546,1,0,1.64733,1.68235,0,1.27251,3.38688
85.139,85.139,5.21549,1,0.04,2.82634,2.88642,0,0.529564,4.47552,99.3022,98.274,6.33973,1,0,1.64762,1.68264,0,1.27273,3.38688
85.139,85.139,5.13974,1,0.04,2.82683,2.88692,0,0.529657,4.47552,99.3022,98.274,6.08892,1,0,1.64791,1.68294,0,1.27295,3.38688
85.139,85.139,4.2539,1,0.04,2.78836,2.84763,0,0.529749,4.47552,99.3022,98.274,5.54051,1,0,1.62344,1.65795,0,1.27317,3.38688
85.139,85.139,3.84927,1,0.04,2.78885,2.84813,0,0.522539,4.47552,99.3022,98.274,5.08143,1,0,1.62373,1.65824,0,1.25427,3.38688
85.139,85.139,3.5777,1,0.04,2.78933,2.84862,0,0.52263,4.47552,99.3022,98.274,4.41151,1,0,1.62401,1.65853,0,1.25449,3.38688
85.139,85.139,3.56517,1,0.04,2.78982,2.84912,0,0.522721,4.47552,99.3022,98.274,4.57843,1,0,1.62429,1.65882,0,1.25471,3.38688
84.9966,85.139,3.12968,1,0.04,2.92267,2.98479,0,0.522812,4.47552,99.3022,98.274,4.34743,1,0,1.71241,1.74881,0,1.25493,3.38688
84.6463,85.139,2.90118,1,0.04,2.92317,2.98531,0,0.547708,4.47552,99.3022,98.274,4.09466,1,0,1.71271,1.74911,0,1.32301,3.38688
84.1718,85.139,2.73236,1,0.04,2.92368,2.98583,0,0.547803,4.47552,99.3022,98.274,3.58913,1,0,1.71301,1.74942,0,1.32324,3.38688
83.5644,85.139,2.53622,1,0.04,2.92419,2.98635,0,0.547898,4.47552,99.3022,98.274,3.36926,1,0,1.7133,1.74972,0,1.32347,3.38688
82.907,85.139,2.48166,1,0.04,2.9247,2.98687,0,0.547994,4.47552,99.3022,98.274,3.10281,1,0,1.7136,1.75003,0,1.3237,3.38688
82.4389,85.139,2.66911,1,0.04,2.89901,2.96063,0,0.548089,4.47552,99.3022,98.274,2.75926,1,0,1.76222,1.79967,0,1.32393,3.38688
81.8221,85.139,2.50003,1,0.04,2.89952,2.96115,0,0.543275,4.47552,99.284,98.274,2.58563,1,0,1.76252,1.79999,0,1.36149,3.38688
81.0621,85.139,2.34531,1,0.04,2.90002,2.96167,0,0.54337,4.47552,99.1845,98.274,2.43458,1,0,1.76283,1.8003,0,1.36173,3.38688
80.2253,85.139,2.24063,1,0.04,2.90053,2.96218,0,0.543464,4.47552,98.9585,98.274,2.21309,1,0,1.76314,1.80062,0,1.36196,3.38688
79.0815,85.139,1.94153,1,0.04,2.96874,3.03184,0,0.543559,4.47552,98.8219,98.274,1.90661,1,0,1.80654,1.84494,0,1.3622,3.38688
78.1734,85.139,2.1902,1,0.04,2.96925,3.03237,0,0.556341,4.47552,98.7686,98.274,2.34535,1,0,1.80685,1.84526,0,1.39573,3.38688
77.1107,85.139,1.9991,1,0.04,2.96977,3.0329,0,0.556438,4.47552,98.5664,98.274,2.30493,1,0,1.80716,1.84558,0,1.39597,3.38688
75.8982,85.139,1.83541,1,0.04,2.97029,3.03342,0,0.556535,4.47552,98.2937,98.274,2.02141,1,0,1.80748,1.8459,0,1.39622,3.38688
74.5724,85.139,1.86334,1,0.04,3.16921,3.23658,0,0.556632,4.47552,97.8997,98.274,2.03685,1,0,1.96344,2.00517,0,1.39646,3.38688
73.3708,85.139,1.9636,1,0.04,3.16976,3.23714,0,0.59391,4.47552,97.594,98.274,1.9496,1,0,1.96378,2.00552,0,1.51695,3.38688
72.3578,85.139,2.17778,1,0.04,3.17032,3.2377,0,0.594014,4.47552,97.1394,98.274,2.3809,1,0,1.96412,2.00587,0,1.51722,3.38688
70.9551,85.139,1.77658,1,0.04,3.17087,3.23827,0,0.594117,4.47552,96.8296,98.274,1.70183,1,0,1.96446,2.00622,0,1.51748,3.38688
70.0131,85.139,2.20406,1,0.04,3.17142,3.23883,0,0.59422,4.47552,96.7943,98.274,3.1493,1,0,1.9648,2.00657,0,1.51774,3.38688
69.0867,85.139,2.09327,1,0.04,3.07519,3.14056,0,0.594324,4.47552,96.6713,98.274,2.83213,1,0,1.87059,1.91036,0,1.51801,3.38688
68.7629,85.139,2.72451,1,0.04,3.07573,3.1411,0,0.576291,4.47552,96.6138,98.274,2.91,1,0,1.87092,1.91069,0,1.44522,3.38688
69.5568,85.139,3.93602,1,0.04,3.07626,3.14165,0,0.576391,4.47552,97.0576,98.274,4.9409,1,0,1.87125,1.91102,0,1.44547,3.38688
69.7281,85.139,3.40785,1,0.04,3.0768,3.1422,0,0.576491,4.47552,97.2024,98.274,3.69002,1,0,1.87157,1.91135,0,1.44572,3.38688
68.6507,85.139,1.98922,1,0.04,2.99784,3.06156,0,0.576592,4.47552,97.1651,98.274,2.66648,1,0,1.78577,1.82373,0,1.44598,3.38688
67.6882,85.139,2.10306,1,0.04,2.99836,3.06209,0,0.561795,4.47552,97.0863,98.274,2.60377,1,0,1.78608,1.82405,0,1.37969,3.38688
68.222,85.139,3.69163,1,0.04,2.99888,3.06263,0,0.561893,4.47552,97.4918,98.274,3.57218,1,0,1.78639,1.82437,0,1.37993,3.38688
69.9473,85.139,5.06958,1,0.04,2.9994,3.06316,0,0.56199,4.47552,98.0863,98.274,5.10816,1,0,1.7867,1.82468,0,1.38017,3.38688
73.1993,85.139,6.49923,1,0.04,2.774,2.83296,0,0.562088,4.47552,99.3022,98.274,5.39239,1,0,1.60752,1.64169,0,1.38041,3.38688
80.4801,85.139,10.704,1,0.04,2.77448,2.83345,0,0.519847,4.47552,99.3022,98.274,6.90512,1,0,1.6078,1.64197,0,1.24197,3.38688
85.139,85.139,8.27083,1,0.04,2.77496,2.83395,0,0.519937,4.47552,99.3022,98.274,7.74848,1,0,1.60808,1.64226,0,1.24218,3.38688
85.139,85.139,7.78349,1,0.04,2.77544,2.83444,0,0.520028,4.47552,99.3022,98.274,11.2842,1,0,1.60836,1.64254,0,1.2424,3.38688
85.139,85.139,7.80831,1,0.04,2.77593,2.83493,0,0.520118,4.47552,99.3022,98.274,10.9639,1,0,1.60864,1.64283,0,1.24262,3.38688
85.139,85.139,7.40196,1,0.04,2.86338,2.92424,0,0.520209,4.47552,99.3022,98.274,8.80492,1,0,1.66093,1.69624,0,1.24283,3.38688
85.139,85.139,8.81144,1,0.04,2.86385,2.92473,0,0.536597,4.47552,99.3022,98.274,6.59215,1,0,1.66121,1.69652,0,1.28324,3.38688
85.139,85.139,6.29441,1,0.04,2.86433,2.92522,0,0.536686,4.47552,99.3022,98.274,5.97619,1,0,1.66148,1.6968,0,1.28345,3.38688
85.139,85.139,5.4679,1,0.04,2.86481,2.9257,0,0.536776,4.47552,99.3022,98.274,5.06351,1,0,1.66176,1.69708,0,1.28366,3.38688
85.139,85.139,5.20667,1,0.04,3.14476,3.2116,0,0.536865,4.47552,99.3022,98.274,3.77405,1,0,1.85746,1.89694,0,1.28388,3.38688
85.139,85.139,3.67376,1,0.04,3.14528,3.21214,0,0.589327,4.47552,99.3022,98.274,4.50661,1,0,1.85777,1.89725,0,1.43507,3.38688
85.139,85.139,4.79743,1,0.04,3.1458,3.21267,0,0.589425,4.47552,99.3022,98.274,5.21241,1,0,1.85807,1.89757,0,1.43531,3.38688
85.139,85.139,4.34958,1,0.04,3.14633,3.2132,0,0.589523,4.47552,99.3022,98.274,5.35215,1,0,1.85838,1.89789,0,1.43555,3.38688
85.139,85.139,8.57443,1,0.04,2.74797,2.80638,0,0.589621,4.47552,99.3022,98.274,7.23248,1,0,1.59626,1.63019,0,1.43579,3.38688
85.139,85.139,4.74185,1,0.04,2.74842,2.80684,0,0.514969,4.47552,99.3022,98.274,6.69235,1,0,1.59653,1.63046,0,1.23327,3.38688
85.139,85.139,6.27509,1,0.04,2.74888,2.80731,0,0.515054,4.47552,99.3022,98.274,6.40534,1,0,1.59679,1.63073,0,1.23348,3.38688
85.139,85.139,5.19311,1,0.04,2.74934,2.80778,0,0.51514,4.47552,99.3022,98.274,8.15845,1,0,1.59706,1.63101,0,1.23368,3.38688
85.139,85.139,6.14732,1,0.04,2.74979,2.80824,0,0.515226,4.47552,99.3022,98.274,6.01399,1,0,1.59732,1.63128,0,1.23389,3.38688
85.139,85.139,5.696,1,0.04,2.85074,2.91133,0,0.515311,4.47552,99.3022,98.274,7.18696,1,0,1.66184,1.69717,0,1.23409,3.38688
85.139,85.139,4.04485,1,0.04,2.85121,2.91182,0,0.534228,4.47552,99.3022,98.274,4.88975,1,0,1.66212,1.69745,0,1.28394,3.38688
85.139,85.139,3.5311,1,0.04,2.85169,2.9123,0,0.534317,4.47552,99.3022,98.274,4.14799,1,0,1.6624,1.69773,0,1.28415,3.38688
84.9948,85.139,3.19709,1,0.04,2.85216,2.91279,0,0.534406,4.47552,99.3022,98.274,4.56454,1,0,1.66267,1.69801,0,1.28437,3.38688
85.0059,85.139,3.26803,1,0.04,2.81332,2.87312,0,0.534495,4.47552,99.3022,98.274,5.08543,1,0,1.63798,1.67279,0,1.28458,3.38688
84.8508,85.139,3.10885,1,0.04,2.81379,2.8736,0,0.527216,4.47552,99.3022,98.274,4.71676,1,0,1.63825,1.67307,0,1.2655,3.38688
84.463,85.139,2.7908,1,0.04,2.81425,2.87407,0,0.527304,4.47552,99.3022,98.274,4.23846,1,0,1.63852,1.67335,0,1.26571,3.38688
83.9801,85.139,2.66998,1,0.04,2.81472,2.87455,0,0.527391,4.47552,99.3022,98.274,4.06332,1,0,1.63879,1.67363,0,1.26592,3.38688
83.2341,85.139,2.47288,1,0.04,2.94873,3.01141,0,0.527479,4.47552,99.3022,98.274,3.86898,1,0,1.72768,1.76441,0,1.26613,3.38688
82.3337,85.139,2.29632,1,0.04,2.94922,3.01191,0,0.552593,4.47552,99.3022,98.274,3.48947,1,0,1.72797,1.7647,0,1.33481,3.38688
81.224,85.139,2.00928,1,0.04,2.94971,3.01241,0,0.552685,4.47552,99.3022,98.274,3.423,1,0,1.72826,1.76499,0,1.33503,3.38688
80.0986,85.139,1.98219,1,0.04,2.9502,3.01291,0,0.552777,4.47552,99.3022,98.274,3.46794,1,0,1.72854,1.76529,0,1.33525,3.38688
78.9272,85.139,1.91928,1,0.04,2.9507,3.01342,0,0.552868,4.47552,99.3022,98.274,3.2367,1,0,1.72883,1.76558,0,1.33547,3.38688
77.9922,85.139,2.11625,1,0.04,2.92475,2.98692,0,0.55296,4.47552,99.3022,98.274,2.94015,1,0,1.77786,1.81565,0,1.3357,3.38688
77.0655,85.139,2.11091,1,0.04,2.92524,2.98742,0,0.548099,4.47552,99.3022,98.274,2.97967,1,0,1.77816,1.81596,0,1.37358,3.38688
76.0626,85.139,2.01195,1,0.04,2.92573,2.98792,0,0.54819,4.47552,99.3022,98.274,2.9744,1,0,1.77846,1.81626,0,1.37381,3.38688
74.8521,85.139,1.76839,1,0.04,2.92621,2.98841,0,0.548281,4.47552,99.246,98.274,2.73334,1,0,1.77875,1.81656,0,1.37403,3.38688
73.4202,85.139,1.58082,1,0.04,2.995,3.05866,0,0.548372,4.47552,99.0785,98.274,2.50526,1,0,1.82252,1.86126,0,1.37426,3.38688
72.1798,85.139,1.78414,1,0.04,2.9955,3.05917,0,0.561263,4.47552,99.1024,98.274,3.04426,1,0,1.82282,1.86157,0,1.40808,3.38688
70.7999,85.139,1.61063,1,0.04,2.996,3.05968,0,0.561357,4.47552,98.9759,98.274,2.92064,1,0,1.82312,1.86188,0,1.40831,3.38688
69.2944,85.139,1.46719,1,0.04,2.9965,3.06019,0,0.56145,4.47552,98.8013,98.274,2.53682,1,0,1.82343,1.86219,0,1.40855,3.38688
67.7058,85.139,1.5268,1,0.04,3.19715,3.26511,0,0.561543,4.47552,98.6361,98.274,3.12806,1,0,1.98075,2.02285,0,1.40878,3.38688
65.9449,85.139,1.32984,1,0.04,3.19768,3.26565,0,0.599146,4.47552,98.4115,98.274,2.8613,1,0,1.98108,2.02319,0,1.53032,3.38688
64.1334,85.139,1.25358,1,0.04,3.19821,3.26619,0,0.599246,4.47552,98.132,98.274,2.68285,1,0,1.9814,2.02352,0,1.53058,3.38688
62.7868,85.139,1.70634,1,0.04,3.19874,3.26674,0,0.599345,4.47552,97.9229,98.274,3.02212,1,0,1.98173,2.02386,0,1.53083,3.38688
62.1698,85.139,2.50265,1,0.04,3.19928,3.26728,0,0.599445,4.47552,97.9581,98.274,3.54321,1,0,1.98206,2.02419,0,1.53109,3.38688
60.8222,85.139,1.59001,1,0.04,3.10218,3.16812,0,0.599544,4.47552,98.4243,98.274,5.25557,1,0,1.88701,1.92712,0,1.53134,3.38688
59.2888,85.139,1.39197,1,0.04,3.10269,3.16864,0,0.581348,4.47552,98.3216,98.274,3.07795,1,0,1.88732,1.92744,0,1.4579,3.38688
57.7368,85.139,1.34938,1,0.04,3.10321,3.16917,0,0.581445,4.47552,98.1666,98.274,2.83902,1,0,1.88764,1.92776,0,1.45815,3.38688
57.3874,85.139,2.76351,1,0.04,3.10372,3.1697,0,0.581541,4.47552,98.8608,98.274,4.80428,1,0,1.88795,1.92808,0,1.45839,3.38688
59.2818,85.139,5.02639,1,0.04,3.02405,3.08833,0,0.581638,4.47552,99.3022,98.274,7.13673,1,0,1.80139,1.83968,0,1.45863,3.38688
62.0005,85.139,5.90494,1,0.04,3.02455,3.08884,0,0.566707,4.47552,99.3022,98.274,7.11945,1,0,1.80169,1.83998,0,1.39175,3.38688
65.9084,85.139,7.35727,1,0.04,3.02506,3.08936,0,0.566801,4.47552,99.3022,98.274,8.60417,1,0,1.80199,1.84029,0,1.39198,3.38688
69.6523,85.139,7.18587,1,0.04,3.02556,3.08987,0,0.566895,4.47552,99.3022,98.274,9.04161,1,0,1.80228,1.84059,0,1.39221,3.38688
71.2097,85.139,4.76811,1,0.04,2.79816,2.85764,0,0.56699,4.47552,99.3022,98.274,6.37265,1,0,1.62152,1.65599,0,1.39244,3.38688
70.8013,85.139,2.80924,1,0.04,2.79863,2.85812,0,0.524376,4.47552,99.3022,98.274,5.76407,1,0,1.62179,1.65626,0,1.25279,3.38688
71.8442,85.139,4.26173,1,0.04,2.79909,2.85859,0,0.524463,4.47552,99.3022,98.274,6.19212,1,0,1.62206,1.65654,0,1.25299,3.38688
73.2188,85.139,4.60527,1,0.04,2.79956,2.85907,0,0.52455,4.47552,99.3022,98.274,6.58878,1,0,1.62233,1.65681,0,1.2532,3.38688
77.076,85.139,7.24449,1,0.04,2.80002,2.85954,0,0.524637,4.47552,99.3022,98.274,8.48568,1,0,1.6226,1.65709,0,1.25341,3.38688
79.9981,85.139,6.36102,1,0.04,2.88821,2.9496,0,0.524724,4.47552,99.3022,98.274,4.95623,1,0,1.67534,1.71095,0,1.25362,3.38688
82.6091,85.139,5.94874,1,0.04,2.88867,2.95007,0,0.54125,4.47552,99.3022,98.274,4.81077,1,0,1.6756,1.71122,0,1.29436,3.38688
85.139,85.139,6.09983,1,0.04,2.88912,2.95054,0,0.541336,4.47552,99.3022,98.274,4.98628,1,0,1.67587,1.71149,0,1.29457,3.38688
85.139,85.139,9.02816,1,0.04,2.88958,2.951,0,0.541422,4.47552,99.3022,98.274,5.2583,1,0,1.67613,1.71176,0,1.29477,3.38688
85.139,85.139,11.1795,1,0.04,3.17193,3.23935,0,0.541508,4.47552,99.3022,98.274,6.9343,1,0,1.8735,1.91333,0,1.29498,3.38688
85.139,85.139,11.5284,1,0.04,3.17243,3.23986,0,0.594419,4.47552,99.3022,98.274,10.2975,1,0,1.8738,1.91363,0,1.44747,3.38688
85.139,85.139,6.91367,1,0.04,3.17293,3.24038,0,0.594513,4.47552,99.3022,98.274,6.02782,1,0,1.8741,1.91393,0,1.4477,3.38688
85.139,85.139,4.95528,1,0.04,3.17343,3.24089,0,0.594607,4.47552,99.3022,98.274,4.5946,1,0,1.87439,1.91424,0,1.44793,3.38688
85.139,85.139,4.23044,1,0.04,2.77162,2.83053,0,0.594701,4.47552,99.3022,98.274,5.75606,1,0,1.61,1.64422,0,1.44816,3.38688
85.139,85.139,7.49131,1,0.04,2.77206,2.83098,0,0.519401,4.47552,99.3022,98.274,10.2913,1,0,1.61026,1.64448,0,1.24389,3.38688
85.139,85.139,6.65113,1,0.04,2.7725,2.83143,0,0.519484,4.47552,99.3022,98.274,6.89639,1,0,1.61051,1.64474,0,1.24408,3.38688
85.139,85.139,4.77355,1,0.04,2.77293,2.83188,0,0.519566,4.47552,99.3022,98.274,5.51748,1,0,1.61077,1.645,0,1.24428,3.38688
85.139,85.139,4.26171,1,0.04,2.77337,2.83232,0,0.519648,4.47552,99.3022,98.274,4.18732,1,0,1.61102,1.64527,0,1.24448,3.38688
85.139,85.139,4.08111,1,0.04,2.87516,2.93628,0,0.51973,4.47552,99.3022,98.274,4.0035,1,0,1.67608,1.71171,0,1.24467,3.38688
85.139,85.139,4.80209,1,0.04,2.87562,2.93674,0,0.538805,4.47552,99.3022,98.274,8.33066,1,0,1.67635,1.71198,0,1.29494,3.38688
85.139,85.139,3.97983,1,0.04,2.87607,2.93721,0,0.538891,4.47552,99.3022,98.274,5.8347,1,0,1.67661,1.71225,0,1.29514,3.38688
85.0991,85.139,3.1744,1,0.04,2.87653,2.93767,0,0.538976,4.47552,99.3022,98.274,4.2344,1,0,1.67688,1.71252,0,1.29535,3.38688
85.1135,85.139,3.25594,1,0.04,2.83733,2.89764,0,0.539061,4.47552,99.3022,98.274,4.21666,1,0,1.65196,1.68707,0,1.29555,3.38688
85.139,85.139,3.36689,1,0.04,2.83778,2.8981,0,0.531716,4.47552,99.3022,98.274,3.86298,1,0,1.65222,1.68734,0,1.2763,3.38688
85.1048,85.139,3.14429,1,0.04,2.83823,2.89856,0,0.5318,4.47552,99.3022,98.274,3.69696,1,0,1.65248,1.6876,0,1.2765,3.38688
84.7928,85.139,2.8299,1,0.04,2.83868,2.89902,0,0.531884,4.47552,99.3022,98.274,3.74714,1,0,1.65274,1.68787,0,1.27671,3.38688
84.2972,85.139,2.76865,1,0.04,2.97381,3.03702,0,0.531968,4.47552,99.3022,98.274,3.54987,1,0,1.74237,1.77941,0,1.27691,3.38688
83.4442,85.139,2.34702,1,0.04,2.97428,3.0375,0,0.557291,4.47552,99.2562,98.274,2.8294,1,0,1.74265,1.77969,0,1.34616,3.38688
82.4357,85.139,2.14128,1,0.04,2.97475,3.03798,0,0.557379,4.47552,99.2015,98.274,2.81111,1,0,1.74292,1.77997,0,1.34637,3.38688
81.3935,85.139,2.0961,1,0.04,2.97522,3.03846,0,0.557468,4.47552,99.1957,98.274,2.84436,1,0,1.7432,1.78025,0,1.34658,3.38688
80.226,85.139,1.95655,1,0.04,2.97569,3.03894,0,0.557556,4.47552,99.0635,98.274,2.61843,1,0,1.74348,1.78053,0,1.3468,3.38688
79.1833,85.139,2.01954,1,0.04,2.9495,3.0122,0,0.557644,4.47552,98.8713,98.274,2.02728,1,0,1.79291,1.83102,0,1.34701,3.38688
77.9733,85.139,1.84347,1,0.04,2.94997,3.01268,0,0.552737,4.47552,98.5175,98.274,1.98795,1,0,1.79319,1.83131,0,1.3852,3.38688
76.61,85.139,1.67166,1,0.04,2.95044,3.01315,0,0.552824,4.47552,98.1895,98.274,1.80817,1,0,1.79348,1.8316,0,1.38542,3.38688
75.206,85.139,1.58184,1,0.04,2.9509,3.01363,0,0.552912,4.47552,97.6095,98.274,1.77082,1,0,1.79376,1.83189,0,1.38564,3.38688
73.6976,85.139,1.51885,1,0.04,3.02025,3.08445,0,0.552999,4.47552,97.1013,98.274,1.61523,1,0,1.83788,1.87695,0,1.38586,3.38688
72.3002,85.139,1.64484,1,0.04,3.02073,3.08494,0,0.565995,4.47552,96.6088,98.274,1.69408,1,0,1.83817,1.87725,0,1.41995,3.38688
70.8094,85.139,1.52035,1,0.04,3.02121,3.08542,0,0.566084,4.47552,95.9006,98.274,1.60844,1,0,1.83846,1.87754,0,1.42017,3.38688
69.2002,85.139,1.38366,1,0.04,3.02168,3.08591,0,0.566174,4.47552,95.4805,98.274,1.41082,1,0,1.83875,1.87784,0,1.4204,3.38688
67.587,85.139,1.52962,1,0.04,3.224,3.29253,0,0.566263,4.47552,94.6938,98.274,1.81453,1,0,1.99738,2.03984,0,1.42062,3.38688
65.8432,85.139,1.38315,1,0.04,3.22451,3.29305,0,0.604177,4.47552,94.0953,98.274,1.40553,1,0,1.9977,2.04016,0,1.54318,3.38688
64.2458,85.139,1.52938,1,0.04,3.22502,3.29357,0,0.604273,4.47552,93.176,98.274,1.71131,1,0,1.99801,2.04048,0,1.54342,3.38688
62.3796,85.139,1.2422,1,0.04,3.22553,3.29409,0,0.604368,4.47552,92.7752,98.274,1.22588,1,0,1.99833,2.0408,0,1.54366,3.38688
60.8202,85.139,1.52169,1,0.04,3.22604,3.29461,0,0.604464,4.47552,92.0447,98.274,2.19727,1,0,1.99864,2.04113,0,1.54391,3.38688
58.7774,85.139,0.934154,1,0.04,3.1281,3.19459,0,0.60456,4.47552,91.1571,98.274,1.31283,1,0,1.90278,1.94323,0,1.54415,3.38688
56.4122,85.139,0.978929,1,0.04,3.1286,3.1951,0,0.586207,4.47552,90.5843,98.274,1.17066,1,0,1.90308,1.94353,0,1.47009,3.38688
55.0771,85.139,1.31059,1,0.04,3.12909,3.19561,0,0.586299,4.47552,90.1574,98.274,1.51512,1,0,1.90338,1.94384,0,1.47032,3.38688
53.7583,85.139,1.68401,1,0.04,3.12959,3.19611,0,0.586392,4.47552,89.8147,98.274,2.25612,1,0,1.90368,1.94415,0,1.47055,3.38688
52.4516,85.139,1.59122,1,0.04,3.04923,3.11404,0,0.586485,4.47552,89.5844,98.274,2.01627,1,0,1.81638,1.85499,0,1.47079,3.38688
52.3176,85.139,2.78953,1,0.04,3.04971,3.11453,0,0.571425,4.47552,89.6608,98.274,2.89171,1,0,1.81667,1.85529,0,1.40334,3.38688
52.2956,85.139,2.96518,1,0.04,3.05019,3.11503,0,0.571515,4.47552,89.5347,98.274,2.18666,1,0,1.81696,1.85558,0,1.40356,3.38688
52.7491,85.139,3.46063,1,0.04,3.05067,3.11552,0,0.571606,4.47552,89.9048,98.274,4.67627,1,0,1.81724,1.85587,0,1.40378,3.38688
58.5694,85.139,8.91531,1,0.04,2.82137,2.88134,0,0.571696,4.47552,91.627,98.274,9.09894,1,0,1.63497,1.66972,0,1.404,3.38688
60.6953,85.139,5.15153,1,0.04,2.82181,2.88179,0,0.528724,4.47552,92.2752,98.274,4.94892,1,0,1.63523,1.66998,0,1.26318,3.38688
60.3744,85.139,2.64389,1,0.04,2.82226,2.88225,0,0.528808,4.47552,92.5069,98.274,2.93542,1,0,1.63548,1.67025,0,1.26338,3.38688
60.277,85.139,2.8294,1,0.04,2.82271,2.88271,0,0.528892,4.47552,92.5981,98.274,2.8127,1,0,1.63574,1.67051,0,1.26358,3.38688
62.9814,85.139,5.71397,1,0.04,2.82315,2.88316,0,0.528975,4.47552,93.097,98.274,5.1928,1,0,1.636,1.67078,0,1.26378,3.38688
64.4277,85.139,4.61515,1,0.04,2.91204,2.97394,0,0.529059,4.47552,93.258,98.274,4.34593,1,0,1.68916,1.72507,0,1.26397,3.38688
65.7641,85.139,4.56528,1,0.04,2.91248,2.97439,0,0.545717,4.47552,93.3148,98.274,4.11668,1,0,1.68941,1.72532,0,1.30505,3.38688
67.9687,85.139,5.56847,1,0.04,2.91292,2.97484,0,0.545799,4.47552,93.3205,98.274,3.82747,1,0,1.68967,1.72558,0,1.30524,3.38688
68.2282,85.139,3.46463,1,0.04,2.91336,2.97528,0,0.545881,4.47552,93.1826,98.274,2.82789,1,0,1.68992,1.72584,0,1.30544,3.38688
68.4837,85.139,3.66655,1,0.04,3.198,3.26598,0,0.545963,4.47552,92.8489,98.274,2.22887,1,0,1.8889,1.92906,0,1.30563,3.38688
68.6665,85.139,3.62757,1,0.04,3.19848,3.26647,0,0.599305,4.47552,92.5354,98.274,2.49271,1,0,1.88919,1.92935,0,1.45937,3.38688
70.6026,85.139,5.43369,1,0.04,3.19896,3.26696,0,0.599395,4.47552,92.5122,98.274,4.10522,1,0,1.88947,1.92963,0,1.45959,3.38688
70.7901,85.139,3.61565,1,0.04,3.19944,3.26745,0,0.599485,4.47552,92.0394,98.274,2.58761,1,0,1.88976,1.92992,0,1.45981,3.38688
71.2943,85.139,3.61226,1,0.04,2.79431,2.85371,0,0.599575,4.47552,91.8386,98.274,2.06387,1,0,1.62318,1.65769,0,1.46003,3.38688
73.5505,85.139,5.60343,1,0.04,2.79473,2.85413,0,0.523654,4.47552,91.9405,98.274,3.37689,1,0,1.62343,1.65793,0,1.25407,3.38688
76.0032,85.139,5.72391,1,0.04,2.79515,2.85456,0,0.523732,4.47552,92.0374,98.274,3.48104,1,0,1.62367,1.65818,0,1.25426,3.38688
80.6415,85.139,8.17749,1,0.04,2.79557,2.85499,0,0.523811,4.47552,92.4737,98.274,5.81767,1,0,1.62391,1.65843,0,1.25445,3.38688
84.7629,85.139,7.58844,1,0.04,2.79599,2.85542,0,0.52389,4.47552,92.8746,98.274,4.74739,1,0,1.62416,1.65868,0,1.25464,3.38688
85.139,85.139,8.24481,1,0.04,2.89858,2.9602,0,0.523968,4.47552,93.1639,98.274,4.45084,1,0,1.68973,1.72565,0,1.25482,3.38688
85.139,85.139,7.22478,1,0.04,2.89902,2.96064,0,0.543195,4.47552,93.6386,98.274,4.87058,1,0,1.68999,1.72591,0,1.30549,3.38688
85.139,85.139,8.12346,1,0.04,2.89945,2.96109,0,0.543276,4.47552,94.0987,98.274,4.43033,1,0,1.69024,1.72617,0,1.30568,3.38688
85.139,85.139,6.53968,1,0.04,2.89989,2.96153,0,0.543358,4.47552,94.4314,98.274,4.26235,1,0,1.6905,1.72643,0,1.30588,3.38688
85.139,85.139,5.37795,1,0.04,2.86035,2.92115,0,0.543439,4.47552,94.6717,98.274,3.25449,1,0,1.66536,1.70076,0,1.30608,3.38688
85.139,85.139,4.93313,1,0.04,2.86078,2.92159,0,0.53603,4.47552,95.0696,98.274,3.59852,1,0,1.66561,1.70101,0,1.28666,3.38688
85.139,85.139,5.13435,1,0.04,2.86121,2.92203,0,0.53611,4.47552,95.3263,98.274,3.13697,1,0,1.66586,1.70127,0,1.28685,3.38688
85.139,85.139,5.02325,1,0.04,2.86164,2.92247,0,0.536191,4.47552,95.5438,98.274,3.1596,1,0,1.66611,1.70153,0,1.28704,3.38688
85.139,85.139,4.05757,1,0.04,2.99784,3.06156,0,0.536271,4.47552,95.6426,98.274,2.92256,1,0,1.75645,1.79379,0,1.28724,3.38688
85.139,85.139,4.13463,1,0.04,2.99829,3.06202,0,0.561795,4.47552,95.8118,98.274,2.956,1,0,1.75672,1.79406,0,1.35704,3.38688
85.139,85.139,3.69887,1,0.04,2.99874,3.06248,0,0.561879,4.47552,95.8217,98.274,2.74277,1,0,1.75698,1.79433,0,1.35724,3.38688
85.139,85.139,3.473,1,0.04,2.99919,3.06294,0,0.561963,4.47552,95.8548,98.274,2.77858,1,0,1.75724,1.7946,0,1.35744,3.38688
85.139,85.139,3.33408,1,0.04,2.99964,3.0634,0,0.562048,4.47552,95.9003,98.274,2.69932,1,0,1.75751,1.79487,0,1.35765,3.38688
85.139,85.139,3.78194,1,0.04,2.97322,3.03642,0,0.562132,4.47552,96.0651,98.274,3.18541,1,0,1.80732,1.84574,0,1.35785,3.38688
85.139,85.139,3.53141,1,0.04,2.97367,3.03687,0,0.557181,4.47552,96.2141,98.274,3.17805,1,0,1.8076,1.84602,0,1.39634,3.38688
85.139,85.139,3.24326,1,0.04,2.97411,3.03733,0,0.557265,4.47552,96.2941,98.274,2.96686,1,0,1.80787,1.8463,0,1.39655,3.38688
85.0366,85.139,3.06364,1,0.04,2.97456,3.03779,0,0.557348,4.47552,96.3776,98.274,2.9802,1,0,1.80814,1.84657,0,1.39676,3.38688
84.7089,85.139,2.86684,1,0.04,3.04444,3.10915,0,0.557432,4.47552,96.2785,98.274,2.58669,1,0,1.8526,1.89198,0,1.39697,3.38688
84.6544,85.139,3.16307,1,0.04,3.04489,3.10961,0,0.570527,4.47552,96.2825,98.274,2.91905,1,0,1.85288,1.89226,0,1.43132,3.38688
84.3317,85.139,2.86066,1,0.04,3.04535,3.11008,0,0.570613,4.47552,96.1438,98.274,2.79138,1,0,1.85316,1.89255,0,1.43153,3.38688
83.7646,85.139,2.60498,1,0.04,3.04581,3.11055,0,0.570698,4.47552,95.9595,98.274,2.42926,1,0,1.85343,1.89283,0,1.43175,3.38688
83.2558,85.139,2.82562,1,0.04,3.24971,3.31879,0,0.570784,4.47552,95.793,98.274,3.0536,1,0,2.01331,2.0561,0,1.43196,3.38688
83.3791,85.139,3.44114,1,0.04,3.2502,3.31929,0,0.608996,4.47552,95.6022,98.274,2.68442,1,0,2.01361,2.05641,0,1.55548,3.38688
83.8236,85.139,3.80158,1,0.04,3.25069,3.31978,0,0.609087,4.47552,95.5837,98.274,3.28374,1,0,2.01391,2.05672,0,1.55572,3.38688
83.5509,85.139,3.08379,1,0.04,3.25117,3.32028,0,0.609179,4.47552,95.3158,98.274,2.34175,1,0,2.01422,2.05703,0,1.55595,3.38688
83.9952,85.139,3.78497,1,0.04,3.25166,3.32078,0,0.60927,4.47552,95.5117,98.274,4.21918,1,0,2.01452,2.05734,0,1.55618,3.38688
85.139,85.139,4.66776,1,0.04,3.15292,3.21994,0,0.609361,4.47552,95.6974,98.274,4.27214,1,0,1.91788,1.95865,0,1.55642,3.38688
85.139,85.139,5.00509,1,0.04,3.1534,3.22043,0,0.590858,4.47552,96.0477,98.274,4.63913,1,0,1.91817,1.95894,0,1.48175,3.38688
85.139,85.139,5.66147,1,0.04,3.15387,3.22091,0,0.590947,4.47552,96.9428,98.274,6.41978,1,0,1.91845,1.95923,0,1.48198,3.38688
85.139,85.139,5.46262,1,0.04,3.15434,3.22139,0,0.591035,4.47552,97.7866,98.274,6.11882,1,0,1.91874,1.95953,0,1.4822,3.38688
85.139,85.139,5.13351,1,0.04,3.07332,3.13865,0,0.591124,4.47552,98.6993,98.274,5.99068,1,0,1.83074,1.86965,0,1.48242,3.38688
84.384,85.139,2.54922,1,0.04,3.07378,3.13912,0,0.57594,4.47552,99.17,98.274,3.48305,1,0,1.83101,1.86993,0,1.41443,3.38688
84.8436,85.139,4.05858,1,0.04,3.07424,3.13959,0,0.576027,4.47552,99.3022,98.274,6.62003,1,0,1.83129,1.87021,0,1.41464,3.38688
85.139,85.139,5.26715,1,0.04,3.0747,3.14006,0,0.576113,4.47552,99.3022,98.274,7.2424,1,0,1.83156,1.87049,0,1.41485,3.38688
85.139,85.139,5.32053,1,0.04,2.84357,2.90401,0,0.5762,4.47552,99.3022,98.274,7.01038,1,0,1.64783,1.68286,0,1.41506,3.38688
85.139,85.139,6.1871,1,0.04,2.844,2.90445,0,0.532885,4.47552,99.3022,98.274,9.0351,1,0,1.64808,1.68311,0,1.27312,3.38688
85.139,85.139,6.9882,1,0.04,2.84442,2.90489,0,0.532965,4.47552,99.3022,98.274,9.18611,1,0,1.64833,1.68337,0,1.27331,3.38688
85.139,85.139,5.6902,1,0.04,2.84485,2.90532,0,0.533045,4.47552,99.3022,98.274,8.54659,1,0,1.64858,1.68362,0,1.2735,3.38688
85.139,85.139,5.59888,1,0.04,2.84528,2.90576,0,0.533125,4.47552,99.3022,98.274,8.02949,1,0,1.64882,1.68387,0,1.27369,3.38688
85.139,85.139,5.58293,1,0.04,2.93484,2.99723,0,0.533205,4.47552,99.3022,98.274,4.95151,1,0,1.70238,1.73857,0,1.27388,3.38688
84.9526,85.139,3.30664,1,0.06,2.93526,2.99765,0,0.549989,4.47552,99.3022,98.274,3.14321,1,0,1.70263,1.73882,0,1.31526,3.38688
85.139,85.139,9.16946,1,0.06,2.93568,2.99808,0,0.550068,4.47552,99.3022,98.274,7.8904,1,0,1.70287,1.73907,0,1.31545,3.38688
85.139,85.139,12.9324,1,0.06,2.93609,2.9985,0,0.550146,4.47552,99.3022,98.274,16.7757,1,0,1.70311,1.73931,0,1.31564,3.38688
85.139,85.139,12.8489,1,0.06,3.22293,3.29144,0,0.550224,4.47552,99.3022,98.274,13.1545,1,0,1.90363,1.9441,0,1.31582,3.38688
85.139,85.139,9.02892,1,0.06,3.22339,3.29191,0,0.603977,4.47552,99.3022,98.274,10.7253,1,0,1.9039,1.94437,0,1.47075,3.38688
85.139,85.139,7.72574,1,0.06,3.22385,3.29238,0,0.604063,4.47552,99.3022,98.274,8.81572,1,0,1.90417,1.94465,0,1.47095,3.38688
85.139,85.139,8.24202,1,0.06,3.22431,3.29284,0,0.604149,4.47552,99.3022,98.274,10.6598,1,0,1.90444,1.94492,0,1.47116,3.38688
85.139,85.139,11.5871,1,0.06,2.81601,2.87586,0,0.604235,4.47552,99.3022,98.274,15.4467,1,0,1.63579,1.67056,0,1.47137,3.38688
85.139,85.139,6.37184,1,0.06,2.81641,2.87627,0,0.527719,4.47552,99.3022,98.274,9.70828,1,0,1.63602,1.67079,0,1.26381,3.38688
85.139,85.139,6.87268,1,0.06,2.81681,2.87668,0,0.527794,4.47552,99.3022,98.274,12.2205,1,0,1.63625,1.67103,0,1.26399,3.38688
85.139,85.139,12.1611,1,0.06,2.81721,2.87709,0,0.52787,4.47552,99.3022,98.274,17.3027,1,0,1.63648,1.67127,0,1.26417,3.38688
85.139,85.139,7.20842,1,0.06,2.81761,2.8775,0,0.527945,4.47552,99.3022,98.274,8.63708,1,0,1.63672,1.67151,0,1.26435,3.38688
85.139,85.139,8.49507,1,0.06,2.92097,2.98306,0,0.52802,4.47552,99.3022,98.274,14.8715,1,0,1.70279,1.73898,0,1.26453,3.38688
85.139,85.139,8.18129,1,0.06,2.92139,2.98348,0,0.54739,4.47552,99.3022,98.274,16.2375,1,0,1.70303,1.73923,0,1.31557,3.38688
85.139,85.139,7.57342,1,0.06,2.9218,2.98391,0,0.547468,4.47552,99.3022,98.274,9.33043,1,0,1.70327,1.73947,0,1.31576,3.38688
85.139,85.139,7.68622,1,0.06,2.92222,2.98433,0,0.547546,4.47552,99.3022,98.274,10.1067,1,0,1.70351,1.73972,0,1.31595,3.38688
85.139,85.139,5.70728,1,0.06,2.88235,2.94362,0,0.547624,4.47552,99.3022,98.274,7.06895,1,0,1.67817,1.71384,0,1.31613,3.38688
85.139,85.139,5.35356,1,0.06,2.88276,2.94404,0,0.540153,4.47552,99.3022,98.274,6.81759,1,0,1.67841,1.71408,0,1.29655,3.38688
85.139,85.139,5.64842,1,0.06,2.88317,2.94446,0,0.54023,4.47552,99.3022,98.274,7.32914,1,0,1.67865,1.71433,0,1.29674,3.38688
85.139,85.139,4.48676,1,0.06,2.88358,2.94488,0,0.540306,4.47552,99.3022,98.274,6.51783,1,0,1.67888,1.71457,0,1.29692,3.38688
85.139,85.139,4.19906,1,0.06,3.0208,3.08501,0,0.540383,4.47552,99.3022,98.274,5.998,1,0,1.76991,1.80753,0,1.29711,3.38688
85.139,85.139,4.66561,1,0.06,3.02123,3.08545,0,0.566098,4.47552,99.3022,98.274,5.80327,1,0,1.77016,1.80778,0,1.36743,3.38688
85.139,85.139,4.2878,1,0.06,3.02166,3.08589,0,0.566178,4.47552,99.3022,98.274,4.91986,1,0,1.77041,1.80804,0,1.36762,3.38688
85.139,85.139,4.16465,1,0.06,3.02209,3.08633,0,0.566259,4.47552,99.3022,98.274,4.53957,1,0,1.77066,1.8083,0,1.36782,3.38688
85.139,85.139,3.81468,1,0.06,3.02252,3.08676,0,0.566339,4.47552,99.3022,98.274,4.46672,1,0,1.77091,1.80856,0,1.36801,3.38688
85.139,85.139,3.43458,1,0.06,2.99587,3.05955,0,0.56642,4.47552,99.3022,98.274,3.67293,1,0,1.82109,1.8598,0,1.36821,3.38688
85.139,85.139,3.24869,1,0.06,2.9963,3.05999,0,0.561426,4.47552,99.2957,98.274,3.16078,1,0,1.82135,1.86007,0,1.40698,3.38688
84.9252,85.139,2.98459,1,0.06,2.99672,3.06042,0,0.561506,4.47552,99.2709,98.274,3.17385,1,0,1.82161,1.86033,0,1.40718,3.38688
84.4726,85.139,2.733,1,0.06,2.99715,3.06086,0,0.561586,4.47552,99.1979,98.274,2.81191,1,0,1.82187,1.8606,0,1.40738,3.38688
83.6875,85.139,2.414,1,0.06,3.06753,3.13274,0,0.561666,4.47552,98.9932,98.274,2.56114,1,0,1.86665,1.90633,0,1.40758,3.38688
82.9108,85.139,2.41791,1,0.06,3.06797,3.13318,0,0.574856,4.47552,98.8605,98.274,2.57492,1,0,1.86692,1.9066,0,1.44218,3.38688
81.9833,85.139,2.23756,1,0.06,3.0684,3.13363,0,0.574937,4.47552,98.6363,98.274,2.61088,1,0,1.86719,1.90687,0,1.44238,3.38688
80.903,85.139,2.07352,1,0.06,3.06884,3.13407,0,0.575019,4.47552,98.3694,98.274,2.31969,1,0,1.86745,1.90715,0,1.44259,3.38688
79.7048,85.139,2.11013,1,0.06,3.27426,3.34386,0,0.575101,4.47552,98.0631,98.274,2.64933,1,0,2.02852,2.07164,0,1.44279,3.38688
78.5592,85.139,2.13969,1,0.06,3.27473,3.34433,0,0.613597,4.47552,97.7249,98.274,2.64624,1,0,2.02881,2.07193,0,1.56723,3.38688
77.4042,85.139,2.1235,1,0.06,3.27519,3.34481,0,0.613684,4.47552,97.3975,98.274,2.60604,1,0,2.0291,2.07223,0,1.56746,3.38688
76.012,85.139,1.91048,1,0.06,3.27566,3.34528,0,0.613771,4.47552,97.0512,98.274,2.49698,1,0,2.02938,2.07252,0,1.56768,3.38688
74.6674,85.139,1.92765,1,0.06,3.27612,3.34576,0,0.613858,4.47552,96.79,98.274,2.68393,1,0,2.02967,2.07282,0,1.5679,3.38688
73.1348,85.139,1.62224,1,0.06,3.17662,3.24414,0,0.613945,4.47552,96.4865,98.274,2.92553,1,0,1.93229,1.97336,0,1.56812,3.38688
71.2077,85.139,1.21426,1,0.06,3.17707,3.2446,0,0.595298,4.47552,96.0704,98.274,2.26278,1,0,1.93256,1.97364,0,1.49289,3.38688
69.7374,85.139,1.68939,1,0.06,3.17752,3.24506,0,0.595382,4.47552,95.7146,98.274,2.446,1,0,1.93284,1.97392,0,1.4931,3.38688
68.8817,85.139,2.36171,1,0.06,3.17797,3.24552,0,0.595467,4.47552,95.6579,98.274,4.06421,1,0,1.93311,1.9742,0,1.49331,3.38688
67.5959,85.139,1.90911,1,0.06,3.09632,3.16213,0,0.595552,4.47552,95.4881,98.274,2.94869,1,0,1.84443,1.88364,0,1.49352,3.38688
65.9227,85.139,1.57558,1,0.06,3.09675,3.16258,0,0.580249,4.47552,95.4444,98.274,2.8954,1,0,1.8447,1.88391,0,1.42501,3.38688
64.2577,85.139,1.50751,1,0.06,3.09719,3.16303,0,0.580332,4.47552,95.4391,98.274,3.09189,1,0,1.84496,1.88417,0,1.42521,3.38688
66.7768,85.139,5.7935,1,0.06,3.09764,3.16348,0,0.580414,4.47552,95.9158,98.274,5.16426,1,0,1.84522,1.88444,0,1.42541,3.38688
68.062,85.139,4.47072,1,0.06,2.86475,2.92565,0,0.580497,4.47552,96.6322,98.274,5.37637,1,0,1.66011,1.6954,0,1.42562,3.38688
70.1518,85.139,5.48459,1,0.06,2.86516,2.92606,0,0.536855,4.47552,98.0613,98.274,5.15339,1,0,1.66035,1.69564,0,1.2826,3.38688
71.4446,85.139,4.70781,1,0.06,2.86557,2.92648,0,0.536931,4.47552,99.3022,98.274,5.82818,1,0,1.66058,1.69588,0,1.28278,3.38688
72.2723,85.139,4.16093,1,0.06,2.86598,2.9269,0,0.537008,4.47552,99.3022,98.274,8.27981,1,0,1.66082,1.69612,0,1.28297,3.38688
73.1496,85.139,4.26486,1,0.06,2.86638,2.92731,0,0.537084,4.47552,99.3022,98.274,9.03518,1,0,1.66105,1.69636,0,1.28315,3.38688
74.5358,85.139,4.76561,1,0.06,2.86638,2.92731,0,0.53716,4.47552,99.3022,98.274,6.39211,1,0,1.66105,1.69636,0,1.28333,3.38688
77.8484,85.139,6.85531,1,0.06,2.95659,3.01943,0,0.53716,4.47552,99.3022,98.274,8.05453,1,0,1.715,1.75145,0,1.28333,3.38688
80.7594,85.139,6.67514,1,0.06,2.95699,3.01984,0,0.554065,4.47552,99.3022,98.274,7.83983,1,0,1.71523,1.75169,0,1.32501,3.38688
85.1163,85.139,8.17364,1,0.06,2.95738,3.02025,0,0.554139,4.47552,99.3022,98.274,10.0764,1,0,1.71546,1.75192,0,1.32519,3.38688
85.139,85.139,13.0223,1,0.06,2.95778,3.02065,0,0.554213,4.47552,99.3022,98.274,13.974,1,0,1.71569,1.75216,0,1.32536,3.38688
85.139,85.139,9.59731,1,0.06,3.24671,3.31572,0,0.554288,4.47552,99.3022,98.274,12.5088,1,0,1.91768,1.95844,0,1.32554,3.38688
85.139,85.139,6.55014,1,0.06,3.24715,3.31617,0,0.608434,4.47552,99.3022,98.274,7.28877,1,0,1.91793,1.9587,0,1.4816,3.38688
85.139,85.139,5.80334,1,0.06,3.24758,3.31661,0,0.608515,4.47552,99.3022,98.274,5.48363,1,0,1.91819,1.95896,0,1.4818,3.38688
85.139,85.139,5.18182,1,0.06,3.24802,3.31706,0,0.608597,4.47552,99.3022,98.274,5.73018,1,0,1.91845,1.95923,0,1.48199,3.38688
85.139,85.139,5.82935,1,0.06,2.83669,2.89699,0,0.608679,4.47552,99.3022,98.274,6.10968,1,0,1.6478,1.68283,0,1.48219,3.38688
85.139,85.139,6.93867,1,0.06,2.83707,2.89738,0,0.531596,4.47552,99.3022,98.274,5.6484,1,0,1.64802,1.68305,0,1.27309,3.38688
85.139,85.139,6.28527,1,0.06,2.83745,2.89777,0,0.531668,4.47552,99.3022,98.274,6.09509,1,0,1.64825,1.68328,0,1.27326,3.38688
85.139,85.139,7.51493,1,0.06,2.83784,2.89816,0,0.531739,4.47552,99.3022,98.274,6.06744,1,0,1.64847,1.68351,0,1.27343,3.38688
85.139,85.139,7.51977,1,0.06,2.83822,2.89855,0,0.53181,4.47552,99.3022,98.274,7.5367,1,0,1.64869,1.68373,0,1.27361,3.38688
85.139,85.139,6.3504,1,0.06,2.94231,3.00486,0,0.531882,4.47552,99.3022,98.274,5.55032,1,0,1.71523,1.75169,0,1.27378,3.38688
85.139,85.139,5.2933,1,0.06,2.94271,3.00526,0,0.55139,4.47552,99.3022,98.274,5.2684,1,0,1.71546,1.75192,0,1.32518,3.38688
85.139,85.139,4.16726,1,0.06,2.9431,3.00566,0,0.551464,4.47552,99.3022,98.274,4.63456,1,0,1.71569,1.75216,0,1.32536,3.38688
85.139,85.139,3.6324,1,0.06,2.9435,3.00607,0,0.551538,4.47552,99.3022,98.274,4.30868,1,0,1.71592,1.75239,0,1.32554,3.38688
85.139,85.139,3.66295,1,0.06,2.90332,2.96503,0,0.551612,4.47552,99.3022,98.274,4.73235,1,0,1.69038,1.72631,0,1.32572,3.38688
85.139,85.139,3.31295,1,0.06,2.90371,2.96543,0,0.544082,4.47552,99.3022,98.274,4.0577,1,0,1.6906,1.72654,0,1.30599,3.38688
84.9784,85.139,3.0905,1,0.06,2.9041,2.96583,0,0.544155,4.47552,99.3022,98.274,3.67748,1,0,1.69083,1.72677,0,1.30616,3.38688
84.7426,85.139,2.96552,1,0.06,2.90449,2.96623,0,0.544228,4.47552,99.3022,98.274,3.64452,1,0,1.69106,1.727,0,1.30634,3.38688
84.2076,85.139,2.75857,1,0.06,3.04268,3.10735,0,0.544301,4.47552,99.3022,98.274,3.5644,1,0,1.78272,1.82062,0,1.30651,3.38688
83.5432,85.139,2.60647,1,0.06,3.04309,3.10777,0,0.570198,4.47552,99.3022,98.274,3.28256,1,0,1.78296,1.82086,0,1.37733,3.38688
82.6907,85.139,2.35863,1,0.06,3.0435,3.10819,0,0.570275,4.47552,99.3022,98.274,3.16453,1,0,1.7832,1.82111,0,1.37752,3.38688
81.736,85.139,2.23226,1,0.06,3.0439,3.10861,0,0.570351,4.47552,99.3022,98.274,2.99772,1,0,1.78344,1.82135,0,1.3777,3.38688
80.9459,85.139,2.41618,1,0.06,3.04431,3.10902,0,0.570428,4.47552,99.3022,98.274,3.21787,1,0,1.78368,1.8216,0,1.37789,3.38688
80.2728,85.139,2.48805,1,0.06,3.01745,3.08159,0,0.570504,4.47552,99.3022,98.274,3.36051,1,0,1.83421,1.8732,0,1.37807,3.38688
79.4895,85.139,2.35896,1,0.06,3.01786,3.08201,0,0.56547,4.47552,99.3022,98.274,3.22511,1,0,1.83446,1.87345,0,1.41711,3.38688
78.5486,85.139,2.18716,1,0.06,3.01826,3.08242,0,0.565546,4.47552,99.3022,98.274,2.9967,1,0,1.83471,1.8737,0,1.4173,3.38688
77.4933,85.139,2.06227,1,0.06,3.01867,3.08283,0,0.565622,4.47552,99.3022,98.274,2.89565,1,0,1.83495,1.87396,0,1.41749,3.38688
76.2021,85.139,1.86585,1,0.06,3.08953,3.1552,0,0.565698,4.47552,99.3022,98.274,2.85863,1,0,1.88004,1.92,0,1.41768,3.38688
74.8485,85.139,1.77737,1,0.06,3.08995,3.15563,0,0.578978,4.47552,99.2932,98.274,2.87446,1,0,1.88029,1.92026,0,1.45252,3.38688
73.6928,85.139,1.97127,1,0.06,3.09036,3.15605,0,0.579056,4.47552,99.3022,98.274,3.07669,1,0,1.88055,1.92052,0,1.45272,3.38688
72.3745,85.139,1.8124,1,0.06,3.09078,3.15647,0,0.579134,4.47552,99.0432,98.274,2.68678,1,0,1.8808,1.92078,0,1.45291,3.38688
70.446,85.139,1.33484,1,0.06,3.29764,3.36773,0,0.579211,4.47552,98.7819,98.274,2.09758,1,0,2.043,2.08643,0,1.45311,3.38688
68.3445,85.139,1.139,1,0.06,3.29808,3.36819,0,0.617977,4.47552,98.5848,98.274,2.21268,1,0,2.04328,2.08671,0,1.57842,3.38688
66.2003,85.139,1.07827,1,0.06,3.29852,3.36864,0,0.61806,4.47552,98.3152,98.274,2.3137,1,0,2.04355,2.08699,0,1.57864,3.38688
64.0518,85.139,1.04696,1,0.06,3.29897,3.36909,0,0.618143,4.47552,97.9082,98.274,2.29593,1,0,2.04382,2.08727,0,1.57885,3.38688
61.9451,85.139,1.08081,1,0.06,3.29941,3.36954,0,0.618226,4.47552,97.6691,98.274,2.0513,1,0,2.0441,2.08755,0,1.57906,3.38688
60.071,85.139,1.25382,1,0.06,3.19917,3.26717,0,0.618309,4.47552,97.8133,98.274,2.76358,1,0,1.94601,1.98737,0,1.57927,3.38688
58.2512,85.139,1.2864,1,0.06,3.1996,3.26761,0,0.599524,4.47552,98.2484,98.274,3.50848,1,0,1.94627,1.98764,0,1.50349,3.38688
56.3461,85.139,1.16705,1,0.06,3.20003,3.26805,0,0.599605,4.47552,98.4051,98.274,2.74739,1,0,1.94653,1.98791,0,1.50369,3.38688
54.8707,85.139,1.64464,1,0.06,3.20046,3.26849,0,0.599685,4.47552,99.0732,98.274,4.53005,1,0,1.94679,1.98817,0,1.50389,3.38688
52.9899,85.139,1.04583,1,0.06,3.1182,3.18448,0,0.599766,4.47552,98.7253,98.274,2.24223,1,0,1.85747,1.89695,0,1.50409,3.38688
51.2802,85.139,1.28545,1,0.06,3.11862,3.18491,0,0.584351,4.47552,98.5997,98.274,1.75546,1,0,1.85772,1.89721,0,1.43508,3.38688
49.6333,85.139,1.32187,1,0.06,3.11904,3.18534,0,0.584429,4.47552,98.5824,98.274,3.02855,1,0,1.85797,1.89746,0,1.43527,3.38688
50.187,85.139,3.73926,1,0.06,3.11946,3.18576,0,0.584508,4.47552,99.3022,98.274,6.82841,1,0,1.85822,1.89772,0,1.43547,3.38688
49.9877,85.139,2.70118,1,0.06,2.88491,2.94623,0,0.584586,4.47552,99.3022,98.274,4.29346,1,0,1.67179,1.70733,0,1.43566,3.38688
49.4493,85.139,2.46858,1,0.06,2.8853,2.94663,0,0.540633,4.47552,99.3022,98.274,4.24394,1,0,1.67202,1.70756,0,1.29163,3.38688
49.736,85.139,3.30467,1,0.06,2.88569,2.94703,0,0.540705,4.47552,99.3022,98.274,4.61273,1,0,1.67224,1.70779,0,1.2918,3.38688
51.7479,85.139,5.10526,1,0.06,2.88607,2.94742,0,0.540778,4.47552,99.3022,98.274,6.3014,1,0,1.67246,1.70801,0,1.29197,3.38688
54.7284,85.139,6.05855,1,0.06,2.88646,2.94782,0,0.54085,4.47552,99.3022,98.274,3.98626,1,0,1.67269,1.70824,0,1.29215,3.38688
54.1712,85.139,2.39031,1,0.06,2.97728,3.04056,0,0.540923,4.47552,99.3022,98.274,3.07057,1,0,1.727,1.76371,0,1.29232,3.38688
53.7449,85.139,2.5676,1,0.06,2.97765,3.04095,0,0.557941,4.47552,99.3022,98.274,3.91554,1,0,1.72722,1.76393,0,1.33428,3.38688
55.9524,85.139,5.45801,1,0.06,2.97803,3.04133,0,0.558012,4.47552,99.3022,98.274,8.8678,1,0,1.72744,1.76415,0,1.33445,3.38688
58.0824,85.139,5.47126,1,0.06,2.97841,3.04171,0,0.558083,4.47552,99.3022,98.274,9.84554,1,0,1.72765,1.76438,0,1.33462,3.38688
60.8101,85.139,6.17316,1,0.06,3.26933,3.33882,0,0.558153,4.47552,99.3022,98.274,5.82069,1,0,1.93103,1.97208,0,1.33479,3.38688
60.8369,85.139,3.43844,1,0.06,3.26974,3.33924,0,0.612672,4.47552,99.3022,98.274,4.6116,1,0,1.93128,1.97233,0,1.49192,3.38688
61.6413,85.139,4.33358,1,0.06,3.27015,3.33966,0,0.612749,4.47552,99.3022,98.274,7.90122,1,0,1.93152,1.97258,0,1.49211,3.38688
62.1867,85.139,4.08529,1,0.06,3.27057,3.34009,0,0.612827,4.47552,99.3022,98.274,6.53759,1,0,1.93177,1.97283,0,1.49229,3.38688
63.4553,85.139,4.36092,1,0.06,2.85636,2.91708,0,0.612904,4.47552,99.3022,98.274,6.61214,1,0,1.65923,1.6945,0,1.49248,3.38688
65.3377,85.139,5.06261,1,0.06,2.85672,2.91745,0,0.535282,4.47552,99.3022,98.274,7.1543,1,0,1.65944,1.69471,0,1.28192,3.38688
69.7392,85.139,7.60339,1,0.06,2.85708,2.91782,0,0.53535,4.47552,99.3022,98.274,11.1235,1,0,1.65965,1.69493,0,1.28208,3.38688
75.9136,85.139,9.7993,1,0.06,2.85745,2.91818,0,0.535418,4.47552,99.3022,98.274,14.0127,1,0,1.65986,1.69514,0,1.28224,3.38688
78.6186,85.139,6.14615,1,0.06,2.85781,2.91855,0,0.535485,4.47552,99.3022,98.274,7.88294,1,0,1.66007,1.69535,0,1.28241,3.38688
82.0679,85.139,6.8991,1,0.06,2.9626,3.02557,0,0.535553,4.47552,99.3022,98.274,9.08851,1,0,1.72705,1.76376,0,1.28257,3.38688
85.139,85.139,6.56213,1,0.06,2.96297,3.02596,0,0.555191,4.47552,99.3022,98.274,8.56526,1,0,1.72727,1.76399,0,1.33432,3.38688
85.139,85.139,5.31706,1,0.06,2.96335,3.02634,0,0.555261,4.47552,99.3022,98.274,7.1935,1,0,1.72749,1.76421,0,1.33449,3.38688
85.139,85.139,5.20084,1,0.06,2.96372,3.02672,0,0.555332,4.47552,99.3022,98.274,6.65071,1,0,1.72771,1.76443,0,1.33466,3.38688
85.139,85.139,4.41776,1,0.06,2.92325,2.98538,0,0.555402,4.47552,99.3022,98.274,5.55509,1,0,1.70198,1.73816,0,1.33483,3.38688
85.139,85.139,3.98987,1,0.06,2.92362,2.98576,0,0.547816,4.47552,99.3022,98.274,5.39461,1,0,1.70219,1.73838,0,1.31495,3.38688
85.139,85.139,4.496,1,0.06,2.92399,2.98614,0,0.547886,4.47552,99.3022,98.274,5.04829,1,0,1.70241,1.7386,0,1.31511,3.38688
85.139,85.139,3.80992,1,0.06,2.92435,2.98652,0,0.547955,4.47552,99.3022,98.274,4.97184,1,0,1.70262,1.73882,0,1.31528,3.38688
85.0952,85.139,3.23808,1,0.06,3.06346,3.12858,0,0.548024,4.47552,99.3022,98.274,4.21818,1,0,1.7949,1.83306,0,1.31545,3.38688
84.8845,85.139,3.08085,1,0.06,3.06385,3.12898,0,0.574093,4.47552,99.3022,98.274,4.08072,1,0,1.79513,1.83329,0,1.38674,3.38688
84.5439,85.139,2.94081,1,0.06,3.06424,3.12937,0,0.574166,4.47552,99.3022,98.274,3.95649,1,0,1.79536,1.83352,0,1.38692,3.38688
84.0232,85.139,2.74915,1,0.06,3.06463,3.12977,0,0.574238,4.47552,99.3022,98.274,3.72793,1,0,1.79558,1.83375,0,1.38709,3.38688
83.3181,85.139,2.49088,1,0.06,3.06501,3.13016,0,0.574311,4.47552,99.3022,98.274,3.95755,1,0,1.79581,1.83398,0,1.38727,3.38688
82.4268,85.139,2.28468,1,0.06,3.03795,3.10252,0,0.574384,4.47552,99.3022,98.274,3.97903,1,0,1.84667,1.88592,0,1.38744,3.38688
81.3786,85.139,2.12152,1,0.06,3.03833,3.10291,0,0.569311,4.47552,99.3022,98.274,3.90814,1,0,1.8469,1.88616,0,1.42674,3.38688
80.1541,85.139,1.93445,1,0.06,3.03872,3.10331,0,0.569383,4.47552,99.3022,98.274,3.57778,1,0,1.84714,1.8864,0,1.42692,3.38688
78.7946,85.139,1.76684,1,0.06,3.0391,3.1037,0,0.569455,4.47552,99.3022,98.274,3.4292,1,0,1.84737,1.88664,0,1.4271,3.38688
77.3243,85.139,1.68422,1,0.06,3.11042,3.17653,0,0.569527,4.47552,99.1346,98.274,3.13252,1,0,1.89275,1.93298,0,1.42728,3.38688
75.7294,85.139,1.54326,1,0.06,3.11081,3.17694,0,0.582893,4.47552,98.9275,98.274,3.05583,1,0,1.89299,1.93323,0,1.46234,3.38688
74.009,85.139,1.40074,1,0.06,3.11121,3.17734,0,0.582966,4.47552,98.6931,98.274,2.78922,1,0,1.89323,1.93347,0,1.46253,3.38688
72.1505,85.139,1.23181,1,0.06,3.1116,3.17774,0,0.58304,4.47552,98.4479,98.274,2.75684,1,0,1.89347,1.93372,0,1.46271,3.38688
69.9257,85.139,1.01488,1,0.06,3.31983,3.3904,0,0.583114,4.47552,98.0826,98.274,2.72014,1,0,2.05675,2.10047,0,1.46289,3.38688
67.7949,85.139,1.07955,1,0.06,3.32025,3.39082,0,0.622136,4.47552,97.7165,98.274,2.80763,1,0,2.05701,2.10073,0,1.58904,3.38688
66.2233,85.139,1.67208,1,0.06,3.32067,3.39125,0,0.622215,4.47552,97.4679,98.274,3.33291,1,0,2.05727,2.101,0,1.58925,3.38688
65.22,85.139,2.2549,1,0.06,3.32109,3.39168,0,0.622293,4.47552,97.4053,98.274,3.59587,1,0,2.05753,2.10126,0,1.58945,3.38688
63.5832,85.139,1.57261,1,0.06,3.32151,3.39211,0,0.622372,4.47552,97.1576,98.274,3.08014,1,0,2.05779,2.10153,0,1.58965,3.38688
62.5984,85.139,2.09832,1,0.06,3.22057,3.28903,0,0.622451,4.47552,97.3246,98.274,3.92954,1,0,1.95903,2.00067,0,1.58985,3.38688
61.5697,85.139,2.04158,1,0.06,3.22098,3.28944,0,0.603535,4.47552,97.3539,98.274,3.61443,1,0,1.95928,2.00092,0,1.51355,3.38688
60.5289,85.139,2.01612,1,0.06,3.22139,3.28986,0,0.603611,4.47552,97.5814,98.274,4.54428,1,0,1.95952,2.00118,0,1.51374,3.38688
60.7689,85.139,3.4539,1,0.06,3.22179,3.29028,0,0.603688,4.47552,97.8301,98.274,4.89589,1,0,1.95977,2.00143,0,1.51393,3.38688
60.6316,85.139,2.94052,1,0.06,3.13896,3.20569,0,0.603764,4.47552,97.9225,98.274,2.86335,1,0,1.86984,1.90958,0,1.51412,3.38688
61.4513,85.139,4.11821,1,0.06,3.13936,3.20609,0,0.588242,4.47552,98.4326,98.274,4.43846,1,0,1.87007,1.90983,0,1.44464,3.38688
63.0011,85.139,4.89494,1,0.06,3.13976,3.2065,0,0.588316,4.47552,99.278,98.274,5.90413,1,0,1.87031,1.91007,0,1.44482,3.38688
65.6085,85.139,5.79602,1,0.06,3.14015,3.2069,0,0.58839,4.47552,99.3022,98.274,5.9909,1,0,1.87055,1.91031,0,1.445,3.38688
68.0889,85.139,5.5409,1,0.06,2.90403,2.96576,0,0.588465,4.47552,99.3022,98.274,5.63146,1,0,1.68287,1.71864,0,1.44519,3.38688
74.1514,85.139,9.34839,1,0.06,2.9044,2.96613,0,0.544215,4.47552,99.3022,98.274,10.0832,1,0,1.68308,1.71886,0,1.30019,3.38688
81.9225,85.139,11.0113,1,0.06,2.90476,2.96651,0,0.544284,4.47552,99.3022,98.274,12.3208,1,0,1.6833,1.71908,0,1.30035,3.38688
85.139,85.139,7.10557,1,0.06,2.90513,2.96688,0,0.544353,4.47552,99.3022,98.274,5.91243,1,0,1.68351,1.71929,0,1.30051,3.38688
85.139,85.139,7.38431,1,0.06,2.9055,2.96726,0,0.544422,4.47552,99.3022,98.274,6.36853,1,0,1.68372,1.71951,0,1.30068,3.38688
85.139,85.139,9.72165,1,0.06,2.99689,3.06059,0,0.544491,4.47552,99.3022,98.274,9.62427,1,0,1.73838,1.77533,0,1.30084,3.38688
85.139,85.139,8.85626,1,0.06,2.99724,3.06095,0,0.561617,4.47552,99.3022,98.274,11.4469,1,0,1.73858,1.77554,0,1.34307,3.38688
85.139,85.139,7.69323,1,0.06,2.9976,3.06132,0,0.561684,4.47552,99.3022,98.274,9.53766,1,0,1.73879,1.77575,0,1.34323,3.38688
85.139,85.139,13.1287,1,0.06,2.99795,3.06168,0,0.56175,4.47552,99.3022,98.274,12.4515,1,0,1.73899,1.77596,0,1.34339,3.38688
85.139,85.139,7.32351,1,0.06,3.29076,3.36071,0,0.561817,4.47552,99.3022,98.274,8.98244,1,0,1.94369,1.98501,0,1.34355,3.38688
85.139,85.139,5.85482,1,0.06,3.29115,3.36111,0,0.616688,4.47552,99.3022,98.274,8.45112,1,0,1.94392,1.98524,0,1.5017,3.38688
85.139,85.139,5.3755,1,0.06,3.29154,3.3615,0,0.616761,4.47552,99.3022,98.274,7.6656,1,0,1.94415,1.98548,0,1.50188,3.38688
85.139,85.139,6.02233,1,0.06,3.29193,3.3619,0,0.616834,4.47552,99.3022,98.274,8.58004,1,0,1.94438,1.98571,0,1.50205,3.38688
85.139,85.139,3.96163,1,0.06,2.875,2.93611,0,0.616908,4.47552,99.3022,98.274,5.86741,1,0,1.67005,1.70555,0,1.50223,3.38688
85.139,85.139,3.45712,1,0.06,2.87534,2.93646,0,0.538774,4.47552,99.3022,98.274,5.01363,1,0,1.67025,1.70575,0,1.29028,3.38688
85.0232,85.139,3.35921,1,0.06,2.87568,2.9368,0,0.538838,4.47552,99.3022,98.274,5.25699,1,0,1.67045,1.70596,0,1.29044,3.38688
85.139,85.139,8.65156,1,0.06,2.87602,2.93715,0,0.538902,4.47552,99.3022,98.274,10.4117,1,0,1.67065,1.70616,0,1.29059,3.38688
85.139,85.139,8.18516,1,0.06,2.87636,2.9375,0,0.538966,4.47552,99.3022,98.274,13.0099,1,0,1.67085,1.70636,0,1.29074,3.38688
85.139,85.139,4.75334,1,0.06,2.98181,3.04519,0,0.53903,4.47552,99.3022,98.274,8.46521,1,0,1.73825,1.7752,0,1.2909,3.38688
85.139,85.139,4.01573,1,0.06,2.98216,3.04555,0,0.558791,4.47552,99.3022,98.274,6.91725,1,0,1.73846,1.77541,0,1.34297,3.38688
85.139,85.139,4.41178,1,0.06,2.98252,3.04591,0,0.558858,4.47552,99.3022,98.274,7.19297,1,0,1.73866,1.77562,0,1.34313,3.38688
85.139,85.139,4.46099,1,0.06,2.98287,3.04628,0,0.558924,4.47552,99.3022,98.274,8.94588,1,0,1.73887,1.77583,0,1.34329,3.38688
85.0977,85.139,3.32526,1,0.06,2.94211,3.00465,0,0.55899,4.47552,99.3022,98.274,5.7863,1,0,1.71296,1.74937,0,1.34345,3.38688
84.68,85.139,2.93275,1,0.06,2.94246,3.005,0,0.551351,4.47552,99.3022,98.274,5.46653,1,0,1.71316,1.74958,0,1.32343,3.38688
84.6297,85.139,3.32307,1,0.06,2.94281,3.00536,0,0.551417,4.47552,99.3022,98.274,5.42997,1,0,1.71337,1.74979,0,1.32359,3.38688
84.2709,85.139,2.89801,1,0.06,2.94316,3.00572,0,0.551482,4.47552,99.3022,98.274,4.97515,1,0,1.71357,1.74999,0,1.32375,3.38688
83.7572,85.139,2.86349,1,0.06,3.08314,3.14867,0,0.551547,4.47552,99.3022,98.274,4.96865,1,0,1.80643,1.84483,0,1.3239,3.38688
83.2294,85.139,2.86001,1,0.06,3.0835,3.14904,0,0.57778,4.47552,99.3022,98.274,4.93514,1,0,1.80664,1.84505,0,1.39565,3.38688
82.5802,85.139,2.6794,1,0.06,3.08387,3.14942,0,0.577848,4.47552,99.3022,98.274,4.5912,1,0,1.80686,1.84526,0,1.39581,3.38688
81.7687,85.139,2.49171,1,0.06,3.08423,3.14979,0,0.577916,4.47552,99.3022,98.274,4.31581,1,0,1.80707,1.84548,0,1.39598,3.38688
81.058,85.139,2.555,1,0.06,3.0846,3.15016,0,0.577985,4.47552,99.3022,98.274,4.58187,1,0,1.80729,1.8457,0,1.39614,3.38688
80.7039,85.139,2.86675,1,0.06,3.05733,3.12232,0,0.578054,4.47552,99.3022,98.274,4.74613,1,0,1.85845,1.89796,0,1.39631,3.38688
80.1198,85.139,2.62453,1,0.06,3.0577,3.12269,0,0.572944,4.47552,99.3022,98.274,4.22765,1,0,1.85868,1.89818,0,1.43584,3.38688
79.3593,85.139,2.40946,1,0.06,3.05806,3.12306,0,0.573012,4.47552,99.3022,98.274,4.13234,1,0,1.8589,1.89841,0,1.43601,3.38688
78.4761,85.139,2.25359,1,0.06,3.05842,3.12343,0,0.57308,4.47552,99.3022,98.274,3.97711,1,0,1.85912,1.89863,0,1.43618,3.38688
77.6372,85.139,2.3573,1,0.06,3.13017,3.1967,0,0.573148,4.47552,99.3022,98.274,3.54789,1,0,1.90477,1.94526,0,1.43635,3.38688
76.7964,85.139,2.34185,1,0.06,3.13054,3.19708,0,0.586594,4.47552,99.3022,98.274,3.54317,1,0,1.905,1.94549,0,1.47163,3.38688
75.7074,85.139,2.08069,1,0.06,3.13091,3.19746,0,0.586663,4.47552,99.3022,98.274,3.32829,1,0,1.90522,1.94572,0,1.4718,3.38688
74.4461,85.139,1.89382,1,0.06,3.13128,3.19784,0,0.586733,4.47552,99.3022,98.274,3.15771,1,0,1.90545,1.94595,0,1.47197,3.38688
73.0348,85.139,1.89014,1,0.06,3.3408,3.41182,0,0.586802,4.47552,99.1938,98.274,3.08268,1,0,2.06974,2.11374,0,1.47215,3.38688
71.9622,85.139,2.22649,1,0.06,3.3412,3.41222,0,0.626066,4.47552,99.1101,98.274,3.18157,1,0,2.06999,2.11399,0,1.59908,3.38688
70.6392,85.139,1.99577,1,0.06,3.34159,3.41262,0,0.626141,4.47552,98.9941,98.274,3.04985,1,0,2.07023,2.11424,0,1.59927,3.38688
69.3676,85.139,2.01729,1,0.06,3.34199,3.41303,0,0.626215,4.47552,99.0101,98.274,3.29842,1,0,2.07048,2.11449,0,1.59946,3.38688
68.0776,85.139,1.99992,1,0.06,3.34239,3.41343,0,0.626289,4.47552,99.0572,98.274,3.91901,1,0,2.07073,2.11474,0,1.59965,3.38688
66.3772,85.139,1.55858,1,0.06,3.24079,3.30968,0,0.626363,4.47552,99.3022,98.274,5.15934,1,0,1.97133,2.01323,0,1.59984,3.38688
64.3988,85.139,1.22999,1,0.06,3.24118,3.31007,0,0.607324,4.47552,99.3022,98.274,4.07136,1,0,1.97156,2.01347,0,1.52305,3.38688
62.5674,85.139,1.36653,1,0.06,3.24156,3.31046,0,0.607396,4.47552,99.3022,98.274,3.97224,1,0,1.97179,2.01371,0,1.52323,3.38688
64.2018,85.139,4.85642,1,0.06,3.24194,3.31085,0,0.607468,4.47552,99.3022,98.274,8.10308,1,0,1.97203,2.01395,0,1.52341,3.38688
65.5172,85.139,4.69186,1,0.06,3.15857,3.22571,0,0.60754,4.47552,99.3022,98.274,5.66607,1,0,1.88152,1.92151,0,1.52359,3.38688
65.7416,85.139,3.59794,1,0.06,3.15894,3.22609,0,0.591916,4.47552,99.3022,98.274,4.60486,1,0,1.88174,1.92174,0,1.45366,3.38688
66.1406,85.139,3.81823,1,0.06,3.15932,3.22647,0,0.591986,4.47552,99.3022,98.274,5.7744,1,0,1.88196,1.92197,0,1.45383,3.38688
66.4906,85.139,3.71362,1,0.06,3.15969,3.22686,0,0.592056,4.47552,99.3022,98.274,6.62315,1,0,1.88219,1.9222,0,1.45401,3.38688
66.638,85.139,3.37164,1,0.06,2.92208,2.98419,0,0.592127,4.47552,99.3022,98.274,5.78966,1,0,1.69333,1.72932,0,1.45418,3.38688
66.5711,85.139,3.11186,1,0.06,2.92243,2.98454,0,0.547598,4.47552,99.3022,98.274,3.43305,1,0,1.69353,1.72953,0,1.30827,3.38688
66.5917,85.139,3.23521,1,0.06,2.92277,2.9849,0,0.547662,4.47552,99.3022,98.274,4.88794,1,0,1.69373,1.72973,0,1.30842,3.38688
66.4642,85.139,3.1119,1,0.06,2.92312,2.98525,0,0.547727,4.47552,99.3022,98.274,4.37533,1,0,1.69393,1.72994,0,1.30858,3.38688
71.2512,85.139,8.20687,1,0.06,2.92346,2.98561,0,0.547792,4.47552,99.3022,98.274,7.56472,1,0,1.69413,1.73014,0,1.30873,3.38688
71.1876,85.139,3.34639,1,0.08,3.01539,3.07949,0,0.547857,4.47552,99.3022,98.274,6.15528,1,0,1.74911,1.78629,0,1.30889,3.38688
71.8678,85.139,4.09372,1,0.08,3.01573,3.07983,0,0.565085,4.47552,99.3022,98.274,7.71497,1,0,1.7493,1.78649,0,1.35136,3.38688
72.1273,85.139,3.64529,1,0.08,3.01606,3.08017,0,0.565148,4.47552,99.3022,98.274,7.59407,1,0,1.7495,1.78669,0,1.35151,3.38688
72.2406,85.139,3.43371,1,0.08,3.0164,3.08051,0,0.56521,4.47552,99.3022,98.274,6.51449,1,0,1.74969,1.78688,0,1.35166,3.38688
72.0682,85.139,3.43776,1,0.08,3.31098,3.38135,0,0.565273,4.47552,99.3022,98.274,6.23925,1,0,1.95563,1.9972,0,1.35181,3.38688
74.5073,85.139,6.40412,1,0.08,3.31134,3.38173,0,0.620477,4.47552,99.3022,98.274,7.72529,1,0,1.95585,1.99743,0,1.51092,3.38688
75.3877,85.139,4.56863,1,0.08,3.31171,3.3821,0,0.620546,4.47552,99.3022,98.274,5.73134,1,0,1.95607,1.99765,0,1.51109,3.38688
76.971,85.139,5.23293,1,0.08,3.31208,3.38248,0,0.620614,4.47552,99.3022,98.274,7.25668,1,0,1.95628,1.99787,0,1.51126,3.38688
78.9502,85.139,5.42711,1,0.08,2.89257,2.95405,0,0.620683,4.47552,99.3022,98.274,7.06705,1,0,1.68026,1.71598,0,1.51143,3.38688
80.5235,85.139,5.02205,1,0.08,2.89289,2.95438,0,0.542068,4.47552,99.3022,98.274,5.3918,1,0,1.68045,1.71617,0,1.29817,3.38688
82.9897,85.139,6.00932,1,0.08,2.89321,2.95471,0,0.542128,4.47552,99.3022,98.274,6.66323,1,0,1.68063,1.71636,0,1.29831,3.38688
85.139,85.139,8.80427,1,0.08,2.89353,2.95504,0,0.542188,4.47552,99.3022,98.274,12.5194,1,0,1.68082,1.71655,0,1.29846,3.38688
85.139,85.139,6.52117,1,0.08,2.89385,2.95536,0,0.542248,4.47552,99.3022,98.274,7.87417,1,0,1.68101,1.71674,0,1.2986,3.38688
85.139,85.139,7.24673,1,0.08,2.99992,3.06369,0,0.542308,4.47552,99.3022,98.274,9.53526,1,0,1.74881,1.78598,0,1.29874,3.38688
85.139,85.139,5.23453,1,0.08,3.00025,3.06402,0,0.562185,4.47552,99.3022,98.274,7.49003,1,0,1.749,1.78618,0,1.35113,3.38688
85.139,85.139,5.07296,1,0.08,3.00058,3.06436,0,0.562247,4.47552,99.3022,98.274,7.55887,1,0,1.74919,1.78638,0,1.35128,3.38688
85.139,85.139,5.08011,1,0.08,3.00092,3.0647,0,0.562309,4.47552,99.3022,98.274,7.67298,1,0,1.74939,1.78657,0,1.35143,3.38688
85.139,85.139,5.03244,1,0.08,2.95988,3.0228,0,0.562371,4.47552,99.3022,98.274,6.07816,1,0,1.72331,1.75994,0,1.35158,3.38688
85.139,85.139,4.27523,1,0.08,2.96021,3.02313,0,0.554682,4.47552,99.3022,98.274,5.04239,1,0,1.7235,1.76013,0,1.33143,3.38688
85.139,85.139,3.69975,1,0.08,2.96054,3.02347,0,0.554743,4.47552,99.3022,98.274,4.36276,1,0,1.72369,1.76033,0,1.33158,3.38688
85.0044,85.139,3.19061,1,0.08,2.96087,3.0238,0,0.554805,4.47552,99.3022,98.274,4.11624,1,0,1.72388,1.76052,0,1.33172,3.38688
84.8171,85.139,3.22475,1,0.08,3.10166,3.16759,0,0.554866,4.47552,99.3022,98.274,4.04361,1,0,1.81729,1.85591,0,1.33187,3.38688
84.4282,85.139,3.00304,1,0.08,3.10201,3.16794,0,0.581252,4.47552,99.3022,98.274,3.71723,1,0,1.81749,1.85612,0,1.40403,3.38688
83.9101,85.139,2.80553,1,0.08,3.10235,3.16829,0,0.581316,4.47552,99.3022,98.274,3.39479,1,0,1.81769,1.85632,0,1.40419,3.38688
83.2206,85.139,2.61619,1,0.08,3.10269,3.16865,0,0.581381,4.47552,99.3022,98.274,3.28542,1,0,1.81789,1.85653,0,1.40435,3.38688
82.3009,85.139,2.35135,1,0.08,3.10304,3.169,0,0.581445,4.47552,99.0574,98.274,3.21059,1,0,1.81809,1.85674,0,1.4045,3.38688
80.581,85.139,1.46689,1,0.08,3.07559,3.14096,0,0.581509,4.47552,98.7262,98.274,1.91274,1,0,1.86955,1.90929,0,1.40466,3.38688
78.8194,85.139,1.39784,1,0.08,3.07593,3.14131,0,0.576365,4.47552,98.2446,98.274,1.90677,1,0,1.86976,1.9095,0,1.44441,3.38688
76.9305,85.139,1.22981,1,0.08,3.07627,3.14166,0,0.576429,4.47552,97.814,98.274,1.76338,1,0,1.86996,1.90971,0,1.44457,3.38688
75.016,85.139,1.18371,1,0.08,3.07661,3.142,0,0.576493,4.47552,97.3242,98.274,1.82816,1,0,1.87017,1.90992,0,1.44473,3.38688
73.0064,85.139,1.13682,1,0.08,3.14876,3.21569,0,0.576556,4.47552,96.8237,98.274,1.76923,1,0,1.91608,1.95681,0,1.44489,3.38688
70.9359,85.139,1.03559,1,0.08,3.14911,3.21605,0,0.590077,4.47552,96.1379,98.274,1.7308,1,0,1.91629,1.95703,0,1.48037,3.38688
68.8017,85.139,0.950858,1,0.08,3.14946,3.2164,0,0.590143,4.47552,95.6489,98.274,1.51742,1,0,1.91651,1.95724,0,1.48053,3.38688
66.7447,85.139,0.999221,1,0.08,3.1498,3.21676,0,0.590208,4.47552,95.062,98.274,1.82229,1,0,1.91672,1.95746,0,1.48069,3.38688
64.4753,85.139,0.936893,1,0.08,3.36054,3.43197,0,0.590273,4.47552,94.0717,98.274,1.68538,1,0,2.08197,2.12623,0,1.48086,3.38688
61.9757,85.139,0.67421,1,0.08,3.36091,3.43235,0,0.629765,4.47552,93.245,98.274,1.14213,1,0,2.0822,2.12646,0,1.60853,3.38688
59.5455,85.139,0.72743,1,0.08,3.36128,3.43273,0,0.629835,4.47552,92.1723,98.274,1.38764,1,0,2.08243,2.1267,0,1.60871,3.38688
57.0266,85.139,0.603892,1,0.08,3.36165,3.43311,0,0.629904,4.47552,91.6466,98.274,0.991068,1,0,2.08266,2.12693,0,1.60889,3.38688
54.6771,85.139,0.738101,1,0.08,3.36203,3.43349,0,0.629974,4.47552,90.2939,98.274,1.82594,1,0,2.08289,2.12717,0,1.60906,3.38688
51.9979,85.139,0.338105,1,0.08,3.25981,3.3291,0,0.630044,4.47552,89.3326,98.274,0.568266,1,0,1.9829,2.02504,0,1.60924,3.38688
49.4016,85.139,0.390933,1,0.08,3.26017,3.32947,0,0.610888,4.47552,88.4433,98.274,0.940448,1,0,1.98311,2.02527,0,1.53198,3.38688
46.8371,85.139,0.376435,1,0.08,3.26053,3.32984,0,0.610956,4.47552,87.6311,98.274,0.877566,1,0,1.98333,2.02549,0,1.53215,3.38688
44.2705,85.139,0.370055,1,0.08,3.26089,3.33021,0,0.611023,4.47552,86.9849,98.274,1.02786,1,0,1.98355,2.02572,0,1.53232,3.38688
41.8606,85.139,0.508852,1,0.08,3.17701,3.24454,0,0.611091,4.47552,86.5417,98.274,1.20636,1,0,1.8925,1.93273,0,1.53249,3.38688
39.9148,85.139,1.04252,1,0.08,3.17736,3.2449,0,0.595371,4.47552,86.3127,98.274,1.50876,1,0,1.89271,1.93294,0,1.46215,3.38688
38.8523,85.139,1.96991,1,0.08,3.17771,3.24526,0,0.595437,4.47552,86.461,98.274,2.3423,1,0,1.89292,1.93316,0,1.46231,3.38688
37.4538,85.139,1.61571,1,0.08,3.17806,3.24561,0,0.595503,4.47552,86.7021,98.274,3.14672,1,0,1.89313,1.93337,0,1.46247,3.38688
36.1142,85.139,1.42921,1,0.08,2.93904,3.00151,0,0.595569,4.47552,86.5843,98.274,2.41708,1,0,1.70316,1.73936,0,1.46263,3.38688
34.6115,85.139,1.22758,1,0.08,2.93937,3.00185,0,0.550776,4.47552,86.4195,98.274,1.75457,1,0,1.70335,1.73955,0,1.31586,3.38688
33.3823,85.139,1.52802,1,0.08,2.93969,3.00218,0,0.550837,4.47552,86.379,98.274,3.43104,1,0,1.70354,1.73975,0,1.31601,3.38688
33.1942,85.139,2.68179,1,0.08,2.94002,3.00251,0,0.550898,4.47552,86.2938,98.274,3.11659,1,0,1.70372,1.73994,0,1.31615,3.38688
39.0593,85.139,9.30192,1,0.08,2.94034,3.00284,0,0.550959,4.47552,89.675,98.274,7.95734,1,0,1.70391,1.74013,0,1.3163,3.38688
37.7507,85.139,1.55536,1,0.08,3.03278,3.09725,0,0.55102,4.47552,89.9461,98.274,2.4199,1,0,1.7592,1.79659,0,1.31644,3.38688
37.1259,85.139,2.23191,1,0.06,3.03309,3.09757,0,0.568343,4.47552,90.1191,98.274,2.85616,1,0,1.75938,1.79678,0,1.35915,3.38688
37.2636,85.139,3.1056,1,0.06,3.03341,3.09789,0,0.568402,4.47552,90.2343,98.274,2.6555,1,0,1.75956,1.79696,0,1.3593,3.38688
36.6308,85.139,2.33374,1,0.06,3.03372,3.09821,0,0.568461,4.47552,90.544,98.274,2.46201,1,0,1.75974,1.79715,0,1.35944,3.38688
37.9377,85.139,4.61153,1,0.06,3.32997,3.40075,0,0.568519,4.47552,91.4371,98.274,4.99869,1,0,1.96685,2.00866,0,1.35958,3.38688
38.2371,85.139,3.64128,1,0.06,3.33031,3.4011,0,0.624036,4.47552,91.9301,98.274,3.22448,1,0,1.96705,2.00887,0,1.51959,3.38688
39.0212,85.139,4.21448,1,0.06,3.33065,3.40145,0,0.6241,4.47552,92.6929,98.274,5.4007,1,0,1.96726,2.00907,0,1.51975,3.38688
39.5187,85.139,3.98184,1,0.06,3.331,3.4018,0,0.624165,4.47552,93.0053,98.274,3.88765,1,0,1.96746,2.00928,0,1.5199,3.38688
43.2453,85.139,6.81486,1,0.06,2.90907,2.97091,0,0.624229,4.47552,93.9636,98.274,5.7899,1,0,1.68985,1.72577,0,1.52006,3.38688
49.598,85.139,9.81354,1,0.06,2.90937,2.97121,0,0.54516,4.47552,98.9249,98.274,14.3359,1,0,1.69002,1.72594,0,1.30558,3.38688
53.9408,85.139,7.97931,1,0.06,2.90967,2.97152,0,0.545216,4.47552,99.3022,98.274,10.3908,1,0,1.6902,1.72612,0,1.30571,3.38688
56.9202,85.139,6.53781,1,0.06,2.90997,2.97183,0,0.545273,4.47552,99.3022,98.274,6.94606,1,0,1.69037,1.7263,0,1.30585,3.38688
58.7855,85.139,5.17614,1,0.06,2.91027,2.97213,0,0.545329,4.47552,99.3022,98.274,4.89209,1,0,1.69054,1.72648,0,1.30598,3.38688
64.2355,85.139,8.9298,1,0.06,3.01692,3.08105,0,0.545385,4.47552,99.3022,98.274,10.1858,1,0,1.75872,1.7961,0,1.30611,3.38688
68.206,85.139,7.63642,1,0.06,3.01723,3.08137,0,0.565371,4.47552,99.3022,98.274,11.1753,1,0,1.7589,1.79629,0,1.35879,3.38688
70.1273,85.139,5.50795,1,0.06,3.01754,3.08168,0,0.565429,4.47552,99.3022,98.274,7.76789,1,0,1.75908,1.79647,0,1.35893,3.38688
71.664,85.139,5.00907,1,0.06,3.01785,3.082,0,0.565487,4.47552,99.3022,98.274,6.85738,1,0,1.75926,1.79666,0,1.35907,3.38688
72.3376,85.139,4.0746,1,0.06,2.97657,3.03984,0,0.565546,4.47552,99.3022,98.274,5.19887,1,0,1.73302,1.76986,0,1.35921,3.38688
72.7051,85.139,3.76042,1,0.06,2.97687,3.04015,0,0.557809,4.47552,99.3022,98.274,5.36193,1,0,1.7332,1.77004,0,1.33893,3.38688
72.9352,85.139,3.57696,1,0.06,2.97718,3.04046,0,0.557866,4.47552,99.3022,98.274,4.58625,1,0,1.73338,1.77023,0,1.33907,3.38688
72.8362,85.139,3.18343,1,0.06,2.97749,3.04078,0,0.557924,4.47552,99.3022,98.274,3.98846,1,0,1.73356,1.77041,0,1.33921,3.38688
72.4153,85.139,2.92526,1,0.06,3.11905,3.18535,0,0.557981,4.47552,99.3022,98.274,3.65021,1,0,1.82747,1.86632,0,1.33935,3.38688
71.8311,85.139,2.70368,1,0.06,3.11937,3.18568,0,0.584511,4.47552,99.3022,98.274,3.47927,1,0,1.82766,1.86651,0,1.41191,3.38688
71.0251,85.139,2.46296,1,0.06,3.1197,3.18601,0,0.584571,4.47552,99.3022,98.274,2.91202,1,0,1.82785,1.8667,0,1.41205,3.38688
69.9663,85.139,2.17303,1,0.06,3.12002,3.18634,0,0.584631,4.47552,99.3022,98.274,3.01129,1,0,1.82804,1.8669,0,1.4122,3.38688
68.8179,85.139,2.02128,1,0.06,3.12034,3.18667,0,0.584691,4.47552,99.3022,98.274,3.18965,1,0,1.82823,1.86709,0,1.41234,3.38688
68.3959,85.139,2.79043,1,0.06,3.09271,3.15845,0,0.584752,4.47552,99.3022,98.274,4.01309,1,0,1.87996,1.91992,0,1.41249,3.38688
67.8542,85.139,2.63153,1,0.06,3.09303,3.15878,0,0.579574,4.47552,99.3022,98.274,3.83837,1,0,1.88016,1.92012,0,1.45246,3.38688
67.1976,85.139,2.49405,1,0.06,3.09335,3.1591,0,0.579634,4.47552,99.3022,98.274,3.68523,1,0,1.88035,1.92032,0,1.45261,3.38688
66.3767,85.139,2.31268,1,0.06,3.09367,3.15943,0,0.579694,4.47552,99.3022,98.274,3.42829,1,0,1.88054,1.92052,0,1.45276,3.38688
65.4193,85.139,2.19285,1,0.06,3.1662,3.2335,0,0.579754,4.47552,99.3022,98.274,3.17847,1,0,1.92669,1.96765,0,1.45291,3.38688
64.5126,85.139,2.2656,1,0.06,3.16652,3.23383,0,0.593345,4.47552,99.3022,98.274,3.4859,1,0,1.92689,1.96785,0,1.48856,3.38688
63.4751,85.139,2.08672,1,0.06,3.16685,3.23416,0,0.593406,4.47552,99.3022,98.274,3.31064,1,0,1.92709,1.96805,0,1.48872,3.38688
62.273,85.139,1.89953,1,0.06,3.16718,3.2345,0,0.593468,4.47552,99.2667,98.274,2.90281,1,0,1.92729,1.96826,0,1.48887,3.38688
61.0933,85.139,2.06866,1,0.06,3.37905,3.45087,0,0.593529,4.47552,99.2846,98.274,3.69352,1,0,2.09344,2.13794,0,1.48902,3.38688
59.5191,85.139,1.63111,1,0.06,3.3794,3.45123,0,0.633233,4.47552,99.0581,98.274,2.58032,1,0,2.09365,2.13816,0,1.61739,3.38688
58.064,85.139,1.75738,1,0.06,3.37974,3.45158,0,0.633299,4.47552,99.0109,98.274,3.15159,1,0,2.09387,2.13838,0,1.61756,3.38688
56.3388,85.139,1.45752,1,0.06,3.38009,3.45194,0,0.633364,4.47552,98.7052,98.274,2.23172,1,0,2.09409,2.1386,0,1.61772,3.38688
54.9681,85.139,1.78511,1,0.06,3.38044,3.4523,0,0.633429,4.47552,98.9089,98.274,4.15291,1,0,2.0943,2.13882,0,1.61789,3.38688
54.1382,85.139,2.20069,1,0.06,3.27764,3.34731,0,0.633495,4.47552,99.2265,98.274,3.5596,1,0,1.99374,2.03612,0,1.61806,3.38688
53.3652,85.139,2.31856,1,0.06,3.27798,3.34765,0,0.614229,4.47552,99.3022,98.274,4.28018,1,0,1.99395,2.03633,0,1.54036,3.38688
52.7777,85.139,2.51314,1,0.06,3.27831,3.348,0,0.614293,4.47552,99.3022,98.274,4.73733,1,0,1.99415,2.03654,0,1.54052,3.38688
52.2424,85.139,2.61276,1,0.06,3.27865,3.34834,0,0.614356,4.47552,99.3022,98.274,4.97854,1,0,1.99436,2.03675,0,1.54068,3.38688
51.3806,85.139,2.29868,1,0.06,3.19429,3.26218,0,0.614419,4.47552,99.3022,98.274,5.79753,1,0,1.90279,1.94324,0,1.54084,3.38688
50.5919,85.139,2.22674,1,0.06,3.19462,3.26252,0,0.598609,4.47552,99.3022,98.274,4.04446,1,0,1.90299,1.94344,0,1.4701,3.38688
50.6719,85.139,3.21851,1,0.06,3.19495,3.26286,0,0.598671,4.47552,99.3022,98.274,5.42236,1,0,1.90319,1.94364,0,1.47025,3.38688
53.7119,85.139,6.31665,1,0.06,3.19527,3.26319,0,0.598733,4.47552,99.3022,98.274,8.06866,1,0,1.90338,1.94384,0,1.4704,3.38688
57.0425,85.139,6.71487,1,0.06,2.95494,3.01775,0,0.598794,4.47552,99.3022,98.274,9.42469,1,0,1.71237,1.74877,0,1.47055,3.38688
63.8096,85.139,10.5259,1,0.06,2.95524,3.01806,0,0.553756,4.47552,99.3022,98.274,14.2833,1,0,1.71255,1.74895,0,1.32298,3.38688
72.4268,85.139,12.3221,1,0.06,2.95555,3.01837,0,0.553813,4.47552,99.3022,98.274,17.0173,1,0,1.71272,1.74913,0,1.32311,3.38688
81.4905,85.139,12.9733,1,0.06,2.95585,3.01868,0,0.55387,4.47552,99.3022,98.274,25.922,1,0,1.7129,1.74931,0,1.32325,3.38688
85.139,85.139,12.906,1,0.06,2.95616,3.01899,0,0.553927,4.47552,99.3022,98.274,22.6718,1,0,1.71308,1.74949,0,1.32339,3.38688
85.139,85.139,13.2148,1,0.06,3.04907,3.11388,0,0.553984,4.47552,99.3022,98.274,21.5804,1,0,1.76864,1.80624,0,1.32352,3.38688
85.139,85.139,6.31823,1,0.08,3.04936,3.11418,0,0.571396,4.47552,99.3022,98.274,10.3566,1,0,1.76881,1.80641,0,1.36645,3.38688
85.139,85.139,4.45284,1,0.08,3.04966,3.11448,0,0.571451,4.47552,99.3022,98.274,8.20849,1,0,1.76898,1.80659,0,1.36659,3.38688
85.139,85.139,4.3693,1,0.08,3.04995,3.11478,0,0.571505,4.47552,99.3022,98.274,8.05232,1,0,1.76915,1.80676,0,1.36672,3.38688
85.139,85.139,5.67565,1,0.08,3.34775,3.41891,0,0.57156,4.47552,99.3022,98.274,10.5268,1,0,1.97736,2.01939,0,1.36685,3.38688
84.9271,85.139,3.56899,1,0.08,3.34807,3.41924,0,0.627369,4.47552,99.3022,98.274,6.92477,1,0,1.97755,2.01958,0,1.52771,3.38688
83.8027,85.139,2.54848,1,0.08,3.34839,3.41957,0,0.627429,4.47552,99.3022,98.274,4.68209,1,0,1.97774,2.01978,0,1.52785,3.38688
83.4955,85.139,3.39635,1,0.08,3.34872,3.4199,0,0.627489,4.47552,99.3022,98.274,4.74696,1,0,1.97793,2.01997,0,1.528,3.38688
84.5533,85.139,4.67237,1,0.08,2.92452,2.98669,0,0.627549,4.47552,99.3022,98.274,7.24529,1,0,1.69882,1.73493,0,1.52815,3.38688
85.139,85.139,6.35795,1,0.08,2.9248,2.98697,0,0.548056,4.47552,99.3022,98.274,7.71567,1,0,1.69899,1.7351,0,1.31251,3.38688
85.139,85.139,6.03066,1,0.08,2.92509,2.98726,0,0.548108,4.47552,99.3022,98.274,8.30896,1,0,1.69915,1.73527,0,1.31264,3.38688
85.139,85.139,6.60649,1,0.08,2.92537,2.98755,0,0.548161,4.47552,99.3022,98.274,6.95049,1,0,1.69931,1.73543,0,1.31276,3.38688
85.139,85.139,5.84036,1,0.08,2.92565,2.98783,0,0.548213,4.47552,99.3022,98.274,6.40126,1,0,1.69947,1.7356,0,1.31289,3.38688
85.139,85.139,7.55288,1,0.08,3.03283,3.0973,0,0.548266,4.47552,99.3022,98.274,6.40504,1,0,1.76799,1.80558,0,1.31301,3.38688
85.139,85.139,7.56008,1,0.08,3.03312,3.0976,0,0.568353,4.47552,99.3022,98.274,7.12079,1,0,1.76816,1.80575,0,1.36595,3.38688
85.139,85.139,5.56951,1,0.08,3.03341,3.09789,0,0.568407,4.47552,99.3022,98.274,4.86815,1,0,1.76833,1.80592,0,1.36608,3.38688
85.139,85.139,4.91884,1,0.08,3.0337,3.09819,0,0.568462,4.47552,99.3022,98.274,4.29012,1,0,1.7685,1.80609,0,1.36621,3.38688
85.139,85.139,4.45237,1,0.08,2.99218,3.05578,0,0.568516,4.47552,99.3022,98.274,4.47551,1,0,1.74211,1.77914,0,1.36635,3.38688
85.139,85.139,4.14911,1,0.08,2.99247,3.05607,0,0.560734,4.47552,99.3022,98.274,4.52567,1,0,1.74228,1.77931,0,1.34596,3.38688
85.139,85.139,6.49104,1,0.08,2.99275,3.05637,0,0.560788,4.47552,99.3022,98.274,5.52121,1,0,1.74245,1.77948,0,1.34609,3.38688
85.139,85.139,4.02383,1,0.08,2.99304,3.05666,0,0.560842,4.47552,99.3022,98.274,4.43841,1,0,1.74261,1.77965,0,1.34621,3.38688
85.139,85.139,3.63256,1,0.08,3.13532,3.20197,0,0.560896,4.47552,99.3022,98.274,3.94998,1,0,1.837,1.87605,0,1.34634,3.38688
85.139,85.139,3.99686,1,0.08,3.13562,3.20227,0,0.587559,4.47552,99.3022,98.274,3.91387,1,0,1.83718,1.87623,0,1.41927,3.38688
85.139,85.139,3.83246,1,0.08,3.13592,3.20258,0,0.587615,4.47552,99.3022,98.274,3.89001,1,0,1.83736,1.87641,0,1.41941,3.38688
85.139,85.139,3.63863,1,0.08,3.13622,3.20289,0,0.587672,4.47552,99.3022,98.274,4.02007,1,0,1.83753,1.87659,0,1.41954,3.38688
85.139,85.139,3.37713,1,0.08,3.13652,3.20319,0,0.587728,4.47552,99.3022,98.274,3.86437,1,0,1.83771,1.87677,0,1.41968,3.38688
84.5399,85.139,2.6321,1,0.08,3.10873,3.17481,0,0.587784,4.47552,99.2515,98.274,3.00328,1,0,1.8897,1.92986,0,1.41981,3.38688
83.6356,85.139,2.32001,1,0.08,3.10903,3.17511,0,0.582576,4.47552,99.1109,98.274,2.84475,1,0,1.88988,1.93005,0,1.45998,3.38688
82.526,85.139,2.09837,1,0.08,3.10932,3.17542,0,0.582631,4.47552,98.9265,98.274,2.54678,1,0,1.89006,1.93023,0,1.46012,3.38688
81.3569,85.139,1.99476,1,0.08,3.10962,3.17572,0,0.582687,4.47552,98.6465,98.274,2.51055,1,0,1.89024,1.93042,0,1.46026,3.38688
79.921,85.139,1.77073,1,0.08,3.1825,3.25015,0,0.582743,4.47552,98.2808,98.274,2.35483,1,0,1.93661,1.97778,0,1.4604,3.38688
78.4204,85.139,1.69335,1,0.08,3.1828,3.25046,0,0.5964,4.47552,97.8676,98.274,2.17774,1,0,1.9368,1.97797,0,1.49623,3.38688
76.7841,85.139,1.54102,1,0.08,3.18311,3.25077,0,0.596457,4.47552,97.429,98.274,1.89284,1,0,1.93698,1.97816,0,1.49637,3.38688
75.3625,85.139,1.73629,1,0.08,3.18341,3.25108,0,0.596514,4.47552,97.0907,98.274,2.52009,1,0,1.93717,1.97835,0,1.49651,3.38688
73.7263,85.139,1.68112,1,0.08,3.39634,3.46854,0,0.596572,4.47552,96.6352,98.274,2.3736,1,0,2.10415,2.14888,0,1.49666,3.38688
72.0302,85.139,1.59245,1,0.08,3.39667,3.46887,0,0.636475,4.47552,96.0341,98.274,1.75348,1,0,2.10436,2.14909,0,1.62567,3.38688
70.5338,85.139,1.78778,1,0.08,3.397,3.4692,0,0.636536,4.47552,95.4282,98.274,2.16523,1,0,2.10456,2.14929,0,1.62583,3.38688
68.6899,85.139,1.42907,1,0.08,3.39732,3.46953,0,0.636597,4.47552,94.8292,98.274,1.56828,1,0,2.10476,2.1495,0,1.62598,3.38688
67.1874,85.139,1.74489,1,0.08,3.39765,3.46987,0,0.636658,4.47552,94.3991,98.274,2.7277,1,0,2.10496,2.1497,0,1.62614,3.38688
66.0343,85.139,2.00102,1,0.08,3.2943,3.36432,0,0.636719,4.47552,94.2028,98.274,2.72665,1,0,2.00387,2.04647,0,1.62629,3.38688
64.8488,85.139,1.95612,1,0.08,3.29461,3.36464,0,0.617351,4.47552,94.478,98.274,5.06743,1,0,2.00407,2.04666,0,1.54819,3.38688
63.3883,85.139,1.66883,1,0.08,3.29493,3.36496,0,0.61741,4.47552,94.2447,98.274,2.73695,1,0,2.00426,2.04686,0,1.54834,3.38688
62.1921,85.139,1.9504,1,0.08,3.29524,3.36529,0,0.617469,4.47552,94.0515,98.274,2.8034,1,0,2.00445,2.04706,0,1.54849,3.38688
62.2184,85.139,3.24861,1,0.08,3.21043,3.27867,0,0.617528,4.47552,94.5994,98.274,4.27587,1,0,1.91241,1.95306,0,1.54864,3.38688
61.4138,85.139,2.33728,1,0.08,3.21073,3.27898,0,0.601634,4.47552,94.8458,98.274,3.79973,1,0,1.91259,1.95325,0,1.47753,3.38688
61.0457,85.139,2.86593,1,0.08,3.21104,3.27929,0,0.601691,4.47552,94.8213,98.274,2.94069,1,0,1.91277,1.95343,0,1.47767,3.38688
60.7642,85.139,2.94934,1,0.08,3.21135,3.27961,0,0.601749,4.47552,95.1321,98.274,5.26241,1,0,1.91296,1.95362,0,1.47781,3.38688
65.793,85.139,8.29906,1,0.08,2.96978,3.03291,0,0.601807,4.47552,97.6846,98.274,11.7274,1,0,1.72097,1.75755,0,1.47795,3.38688
65.4918,85.139,2.82175,1,0.08,2.97007,3.0332,0,0.556537,4.47552,97.8891,98.274,4.08556,1,0,1.72114,1.75772,0,1.32962,3.38688
65.4868,85.139,3.10324,1,0.08,2.97035,3.03349,0,0.55659,4.47552,98.0962,98.274,4.58932,1,0,1.7213,1.75789,0,1.32975,3.38688
66.2412,85.139,3.90224,1,0.08,2.97063,3.03378,0,0.556644,4.47552,98.2202,98.274,3.6498,1,0,1.72147,1.75806,0,1.32988,3.38688
67.8878,85.139,4.8416,1,0.08,2.97092,3.03407,0,0.556697,4.47552,98.9469,98.274,3.82152,1,0,1.72163,1.75823,0,1.33,3.38688
70.9474,85.139,6.34537,1,0.08,2.97092,3.03407,0,0.55675,4.47552,99.3022,98.274,5.3087,1,0,1.72163,1.75823,0,1.33013,3.38688
74.6567,85.139,7.22032,1,0.08,3.06427,3.12941,0,0.55675,4.47552,99.3022,98.274,4.2292,1,0,1.77746,1.81525,0,1.33013,3.38688
78.3862,85.139,7.23446,1,0.08,3.06455,3.12969,0,0.574245,4.47552,99.3022,98.274,4.22354,1,0,1.77762,1.81541,0,1.37327,3.38688
82.0395,85.139,7.16754,1,0.08,3.06482,3.12996,0,0.574296,4.47552,99.3022,98.274,5.05948,1,0,1.77778,1.81557,0,1.37339,3.38688
85.139,85.139,8.05923,1,0.08,3.06509,3.13024,0,0.574347,4.47552,99.3022,98.274,5.59675,1,0,1.77794,1.81573,0,1.37351,3.38688
85.139,85.139,8.81165,1,0.08,3.36435,3.43586,0,0.574397,4.47552,99.3022,98.274,5.21327,1,0,1.98716,2.0294,0,1.37363,3.38688
85.139,85.139,8.1477,1,0.08,3.36465,3.43617,0,0.630479,4.47552,99.3022,98.274,4.84851,1,0,1.98733,2.02958,0,1.53528,3.38688
85.139,85.139,7.58844,1,0.08,3.36494,3.43647,0,0.630535,4.47552,99.3022,98.274,5.48122,1,0,1.98751,2.02976,0,1.53541,3.38688
85.139,85.139,7.05814,1,0.08,3.36524,3.43677,0,0.63059,4.47552,99.3022,98.274,5.37118,1,0,1.98769,2.02994,0,1.53555,3.38688
85.139,85.139,8.1062,1,0.08,2.93894,3.00141,0,0.630646,4.47552,99.3022,98.274,8.10014,1,0,1.70719,1.74348,0,1.53569,3.38688
85.139,85.139,6.86618,1,0.08,2.9392,3.00167,0,0.550757,4.47552,99.3022,98.274,7.31886,1,0,1.70735,1.74364,0,1.31898,3.38688
85.139,85.139,7.41986,1,0.08,2.93946,3.00194,0,0.550805,4.47552,99.3022,98.274,8.04723,1,0,1.7075,1.74379,0,1.3191,3.38688
85.139,85.139,9.46042,1,0.08,2.93972,3.0022,0,0.550854,4.47552,99.3022,98.274,8.64139,1,0,1.70765,1.74395,0,1.31921,3.38688
85.139,85.139,5.59177,1,0.08,2.93998,3.00247,0,0.550903,4.47552,99.3022,98.274,5.75765,1,0,1.7078,1.7441,0,1.31933,3.38688
85.139,85.139,4.77894,1,0.08,3.04767,3.11245,0,0.550952,4.47552,99.3022,98.274,5.24097,1,0,1.77664,1.81441,0,1.31945,3.38688
85.139,85.139,7.75922,1,0.08,3.04794,3.11272,0,0.571133,4.47552,99.3022,98.274,8.66208,1,0,1.7768,1.81457,0,1.37263,3.38688
85.139,85.139,6.09634,1,0.08,3.04821,3.113,0,0.571183,4.47552,99.3022,98.274,7.1087,1,0,1.77696,1.81473,0,1.37276,3.38688
85.139,85.139,4.76929,1,0.08,3.04848,3.11328,0,0.571234,4.47552,99.3022,98.274,4.85865,1,0,1.77711,1.81489,0,1.37288,3.38688
85.139,85.139,4.18666,1,0.08,3.00673,3.07064,0,0.571285,4.47552,99.3022,98.274,3.72619,1,0,1.75058,1.78779,0,1.373,3.38688
85.139,85.139,3.68624,1,0.08,3.00699,3.07091,0,0.563461,4.47552,99.3022,98.274,4.0645,1,0,1.75074,1.78795,0,1.3525,3.38688
85.139,85.139,3.45737,1,0.08,3.00726,3.07118,0,0.563511,4.47552,99.3022,98.274,3.39134,1,0,1.75089,1.78811,0,1.35262,3.38688
85.139,85.139,4.06093,1,0.08,3.00753,3.07146,0,0.563561,4.47552,99.3022,98.274,3.60205,1,0,1.75105,1.78827,0,1.35274,3.38688
85.0825,85.139,3.30211,1,0.08,3.15047,3.21744,0,0.563611,4.47552,99.3022,98.274,3.44707,1,0,1.84588,1.88512,0,1.35286,3.38688
84.9313,85.139,3.19222,1,0.08,3.15075,3.21773,0,0.590399,4.47552,99.2637,98.274,3.09741,1,0,1.84605,1.88529,0,1.42613,3.38688
84.4774,85.139,2.84009,1,0.08,3.15103,3.21801,0,0.590451,4.47552,99.1694,98.274,2.96472,1,0,1.84621,1.88545,0,1.42626,3.38688
83.9045,85.139,2.68981,1,0.08,3.15131,3.2183,0,0.590503,4.47552,98.994,98.274,2.81426,1,0,1.84637,1.88562,0,1.42638,3.38688
83.4435,85.139,2.83962,1,0.08,3.15159,3.21858,0,0.590556,4.47552,98.6077,98.274,2.24724,1,0,1.84654,1.88579,0,1.42651,3.38688
82.9877,85.139,2.80392,1,0.08,3.12364,3.19004,0,0.590608,4.47552,98.2125,98.274,1.94442,1,0,1.89876,1.93912,0,1.42663,3.38688
82.4082,85.139,2.65997,1,0.08,3.12392,3.19032,0,0.58537,4.47552,97.7511,98.274,1.88197,1,0,1.89893,1.93929,0,1.46698,3.38688
81.6597,85.139,2.47682,1,0.08,3.12419,3.1906,0,0.585422,4.47552,97.1187,98.274,1.74704,1,0,1.8991,1.93946,0,1.46711,3.38688
80.6717,85.139,2.21518,1,0.08,3.12447,3.19088,0,0.585474,4.47552,96.4336,98.274,1.53692,1,0,1.89927,1.93964,0,1.46724,3.38688
79.546,85.139,2.12999,1,0.08,3.19767,3.26564,0,0.585526,4.47552,95.8441,98.274,1.52292,1,0,1.94585,1.98721,0,1.46737,3.38688
78.2899,85.139,1.9727,1,0.08,3.19795,3.26593,0,0.599244,4.47552,95.0942,98.274,1.5244,1,0,1.94602,1.98738,0,1.50336,3.38688
76.9018,85.139,1.82752,1,0.08,3.19824,3.26622,0,0.599297,4.47552,94.4506,98.274,1.35838,1,0,1.94619,1.98756,0,1.50349,3.38688
75.5667,85.139,1.86087,1,0.08,3.19852,3.26651,0,0.59935,4.47552,93.6893,98.274,1.55038,1,0,1.94636,1.98774,0,1.50363,3.38688
73.699,85.139,1.48836,1,0.08,3.41244,3.48497,0,0.599403,4.47552,92.7648,98.274,1.34286,1,0,2.11412,2.15906,0,1.50376,3.38688
71.6143,85.139,1.2493,1,0.08,3.41274,3.48528,0,0.639491,4.47552,91.8518,98.274,1.20533,1,0,2.11431,2.15925,0,1.63337,3.38688
69.6487,85.139,1.34631,1,0.08,3.41304,3.48559,0,0.639548,4.47552,91.0776,98.274,1.2252,1,0,2.1145,2.15945,0,1.63352,3.38688
68.3787,85.139,2.08498,1,0.08,3.41334,3.4859,0,0.639604,4.47552,90.299,98.274,1.44431,1,0,2.11469,2.15964,0,1.63366,3.38688
67.2296,85.139,2.20696,1,0.08,3.41365,3.48621,0,0.639661,4.47552,89.572,98.274,1.48413,1,0,2.11487,2.15983,0,1.63381,3.38688
65.5659,85.139,1.58703,1,0.08,3.30979,3.38014,0,0.639717,4.47552,89.3776,98.274,1.36277,1,0,2.0133,2.05609,0,1.63395,3.38688
63.6671,85.139,1.32747,1,0.08,3.31008,3.38044,0,0.620254,4.47552,88.6259,98.274,2.14089,1,0,2.01347,2.05627,0,1.55547,3.38688
61.6002,85.139,1.13777,1,0.08,3.31037,3.38074,0,0.620309,4.47552,87.8285,98.274,1.18092,1,0,2.01365,2.05645,0,1.55561,3.38688
59.6784,85.139,1.2796,1,0.08,3.31066,3.38104,0,0.620364,4.47552,86.9912,98.274,1.17948,1,0,2.01383,2.05664,0,1.55575,3.38688
57.9237,85.139,1.38651,1,0.08,3.22543,3.29399,0,0.620419,4.47552,86.8022,98.274,1.01848,1,0,1.92134,1.96218,0,1.55589,3.38688
56.8629,85.139,2.09038,1,0.08,3.22571,3.29428,0,0.604445,4.47552,86.7017,98.274,2.72249,1,0,1.92151,1.96236,0,1.48443,3.38688
58.6513,85.139,5.0799,1,0.08,3.226,3.29457,0,0.604499,4.47552,87.3123,98.274,4.65016,1,0,1.92168,1.96253,0,1.48456,3.38688
58.371,85.139,2.96554,1,0.08,3.22628,3.29486,0,0.604552,4.47552,87.3706,98.274,2.30253,1,0,1.92185,1.96271,0,1.48469,3.38688
58.4235,85.139,3.12364,1,0.08,2.98357,3.04699,0,0.604606,4.47552,87.482,98.274,2.73607,1,0,1.72896,1.76572,0,1.48482,3.38688
58.4232,85.139,3.13158,1,0.08,2.98384,3.04726,0,0.559121,4.47552,87.6103,98.274,2.79073,1,0,1.72912,1.76587,0,1.3358,3.38688
59.6121,85.139,4.27903,1,0.08,2.9841,3.04753,0,0.559171,4.47552,87.8623,98.274,3.56201,1,0,1.72927,1.76603,0,1.33592,3.38688
60.5563,85.139,4.21599,1,0.08,2.98436,3.0478,0,0.55922,4.47552,88.1492,98.274,3.97046,1,0,1.72942,1.76618,0,1.33603,3.38688
67.6847,85.139,10.4692,1,0.08,2.98463,3.04807,0,0.55927,4.47552,88.942,98.274,5.16594,1,0,1.72958,1.76634,0,1.33615,3.38688
68.0016,85.139,3.67307,1,0.12,3.07839,3.14383,0,0.55932,4.47552,88.9316,98.274,2.48141,1,0,1.78565,1.82361,0,1.33627,3.38688
72.4034,85.139,7.80186,1,0.12,3.07864,3.14408,0,0.576891,4.47552,89.3795,98.274,2.79905,1,0,1.7858,1.82376,0,1.3796,3.38688
74.8111,85.139,5.90608,1,0.12,3.07889,3.14434,0,0.576938,4.47552,89.7968,98.274,3.2292,1,0,1.78594,1.82391,0,1.37971,3.38688
75.7623,85.139,4.40936,1,0.12,3.07914,3.1446,0,0.576985,4.47552,89.8263,98.274,3.61016,1,0,1.78609,1.82405,0,1.37982,3.38688
76.0475,85.139,3.99219,1,0.12,3.37975,3.45159,0,0.577032,4.47552,90.0944,98.274,2.32793,1,0,1.99626,2.03869,0,1.37993,3.38688
77.4954,85.139,5.22438,1,0.12,3.38003,3.45187,0,0.633366,4.47552,90.6683,98.274,3.88751,1,0,1.99642,2.03886,0,1.54231,3.38688
79.0299,85.139,5.35284,1,0.12,3.3803,3.45215,0,0.633417,4.47552,91.1543,98.274,3.62974,1,0,1.99658,2.03902,0,1.54243,3.38688
80.6764,85.139,5.46568,1,0.12,3.38058,3.45244,0,0.633469,4.47552,92.0774,98.274,4.60919,1,0,1.99675,2.03919,0,1.54256,3.38688
83.3596,85.139,6.63811,1,0.12,2.95231,3.01506,0,0.63352,4.47552,95.1361,98.274,7.65283,1,0,1.71496,1.75142,0,1.54269,3.38688
85.139,85.139,5.93997,1,0.12,2.95255,3.01531,0,0.553263,4.47552,96.8043,98.274,5.41477,1,0,1.7151,1.75156,0,1.32498,3.38688
85.139,85.139,8.51306,1,0.12,2.95279,3.01555,0,0.553308,4.47552,99.3022,98.274,9.29967,1,0,1.71524,1.7517,0,1.32509,3.38688
85.139,85.139,10.3188,1,0.12,2.95303,3.0158,0,0.553353,4.47552,99.3022,98.274,11.2553,1,0,1.71538,1.75184,0,1.3252,3.38688
85.139,85.139,6.36687,1,0.12,2.95327,3.01604,0,0.553398,4.47552,99.3022,98.274,5.66691,1,0,1.71552,1.75199,0,1.3253,3.38688
85.139,85.139,5.04755,1,0.12,3.06143,3.1265,0,0.553443,4.47552,99.3022,98.274,7.10496,1,0,1.78466,1.8226,0,1.32541,3.38688
85.139,85.139,5.61969,1,0.12,3.06167,3.12675,0,0.573711,4.47552,99.3022,98.274,6.87627,1,0,1.78481,1.82275,0,1.37883,3.38688
85.139,85.139,4.57495,1,0.12,3.06192,3.12701,0,0.573758,4.47552,99.3022,98.274,6.4458,1,0,1.78495,1.82289,0,1.37894,3.38688
85.139,85.139,3.57375,1,0.12,3.06217,3.12726,0,0.573804,4.47552,99.3022,98.274,4.16908,1,0,1.7851,1.82304,0,1.37906,3.38688
84.6299,85.139,2.87541,1,0.12,3.02021,3.08441,0,0.573851,4.47552,99.3022,98.274,3.7007,1,0,1.75844,1.79581,0,1.37917,3.38688
83.9587,85.139,2.69716,1,0.12,3.02046,3.08466,0,0.565988,4.47552,99.3022,98.274,3.10707,1,0,1.75858,1.79596,0,1.35857,3.38688
83.7702,85.139,3.16435,1,0.12,3.02071,3.08491,0,0.566034,4.47552,99.3022,98.274,3.2896,1,0,1.75872,1.79611,0,1.35868,3.38688
82.9324,85.139,2.38617,1,0.12,3.02095,3.08517,0,0.56608,4.47552,99.3022,98.274,3.0335,1,0,1.75886,1.79625,0,1.35879,3.38688
82.0155,85.139,2.40302,1,0.12,3.16451,3.23178,0,0.566126,4.47552,99.3022,98.274,2.72681,1,0,1.85411,1.89352,0,1.3589,3.38688
80.9049,85.139,2.20056,1,0.12,3.16477,3.23204,0,0.59303,4.47552,99.2824,98.274,2.51691,1,0,1.85426,1.89367,0,1.43248,3.38688
79.7467,85.139,2.13422,1,0.12,3.16503,3.23231,0,0.593078,4.47552,99.1213,98.274,2.29774,1,0,1.85441,1.89383,0,1.4326,3.38688
78.3651,85.139,1.87336,1,0.12,3.16529,3.23257,0,0.593126,4.47552,99.0389,98.274,2.15124,1,0,1.85456,1.89398,0,1.43272,3.38688
77.393,85.139,2.26847,1,0.12,3.16554,3.23283,0,0.593175,4.47552,98.921,98.274,2.43481,1,0,1.85471,1.89414,0,1.43283,3.38688
76.6828,85.139,2.52073,1,0.12,3.13745,3.20414,0,0.593223,4.47552,98.8153,98.274,2.78399,1,0,1.90715,1.94769,0,1.43295,3.38688
75.9672,85.139,2.50044,1,0.12,3.1377,3.2044,0,0.587958,4.47552,98.6827,98.274,2.81667,1,0,1.90731,1.94785,0,1.47347,3.38688
75.1567,85.139,2.3776,1,0.12,3.13796,3.20466,0,0.588006,4.47552,98.5109,98.274,2.76614,1,0,1.90746,1.94801,0,1.47359,3.38688
74.0485,85.139,2.0452,1,0.12,3.13821,3.20492,0,0.588053,4.47552,98.2602,98.274,2.51266,1,0,1.90762,1.94817,0,1.47371,3.38688
73.0051,85.139,2.19202,1,0.12,3.21172,3.27998,0,0.588101,4.47552,98.0422,98.274,2.44719,1,0,1.95439,1.99594,0,1.47383,3.38688
71.8302,85.139,2.02729,1,0.12,3.21198,3.28025,0,0.601875,4.47552,97.7394,98.274,2.4861,1,0,1.95455,1.9961,0,1.50996,3.38688
70.5225,85.139,1.87909,1,0.12,3.21224,3.28052,0,0.601924,4.47552,97.3972,98.274,2.20863,1,0,1.95471,1.99626,0,1.51009,3.38688
69.269,85.139,1.91144,1,0.12,3.2125,3.28078,0,0.601973,4.47552,97.112,98.274,2.51972,1,0,1.95487,1.99642,0,1.51021,3.38688
67.5093,85.139,1.55112,1,0.12,3.42733,3.50018,0,0.602022,4.47552,96.6418,98.274,2.1716,1,0,2.12335,2.16848,0,1.51033,3.38688
65.5437,85.139,1.31135,1,0.12,3.42761,3.50046,0,0.642281,4.47552,96.1542,98.274,1.88142,1,0,2.12352,2.16866,0,1.6405,3.38688
64.0633,85.139,1.78296,1,0.12,3.42789,3.50075,0,0.642333,4.47552,95.706,98.274,2.11849,1,0,2.12369,2.16884,0,1.64063,3.38688
63.3442,85.139,2.61654,1,0.12,3.42816,3.50103,0,0.642386,4.47552,95.4287,98.274,2.4815,1,0,2.12387,2.16901,0,1.64077,3.38688
62.9226,85.139,2.88091,1,0.12,3.42844,3.50132,0,0.642438,4.47552,95.2067,98.274,2.92325,1,0,2.12404,2.16919,0,1.6409,3.38688
62.4581,85.139,2.71529,1,0.12,3.32411,3.39477,0,0.64249,4.47552,95.0324,98.274,3.11007,1,0,2.02201,2.06499,0,1.64103,3.38688
62.0338,85.139,2.74803,1,0.12,3.32438,3.39504,0,0.622938,4.47552,94.7451,98.274,2.81374,1,0,2.02217,2.06516,0,1.5622,3.38688
61.2163,85.139,2.42311,1,0.12,3.32465,3.39532,0,0.622988,4.47552,94.4978,98.274,2.83136,1,0,2.02234,2.06532,0,1.56233,3.38688
60.7472,85.139,2.87085,1,0.12,3.32492,3.39559,0,0.623039,4.47552,94.311,98.274,3.04758,1,0,2.0225,2.06549,0,1.56246,3.38688
63.3106,85.139,5.88672,1,0.12,3.23929,3.30815,0,0.62309,4.47552,94.6079,98.274,4.07919,1,0,1.9296,1.97062,0,1.56258,3.38688
65.4899,85.139,5.52569,1,0.12,3.23956,3.30842,0,0.607043,4.47552,94.6417,98.274,3.73865,1,0,1.92976,1.97078,0,1.49081,3.38688
67.3999,85.139,5.32886,1,0.12,3.23982,3.30869,0,0.607093,4.47552,95.2733,98.274,4.95394,1,0,1.92992,1.97094,0,1.49093,3.38688
69.3486,85.139,5.33053,1,0.12,3.24008,3.30895,0,0.607142,4.47552,95.6416,98.274,5.1689,1,0,1.93007,1.9711,0,1.49105,3.38688
71.9145,85.139,6.03593,1,0.12,2.99631,3.06,0,0.607192,4.47552,96.1933,98.274,6.86984,1,0,1.73635,1.77325,0,1.49118,3.38688
74.6843,85.139,6.34181,1,0.12,2.99656,3.06025,0,0.561509,4.47552,96.292,98.274,4.89293,1,0,1.73649,1.7734,0,1.3415,3.38688
78.8883,85.139,7.92574,1,0.12,2.9968,3.0605,0,0.561554,4.47552,97.2694,98.274,5.63556,1,0,1.73663,1.77354,0,1.34161,3.38688
82.2564,85.139,7.05954,1,0.12,2.99704,3.06075,0,0.5616,4.47552,98.6187,98.274,7.34284,1,0,1.73677,1.77369,0,1.34172,3.38688
83.9222,85.139,5.19008,1,0.12,2.99729,3.061,0,0.561646,4.47552,98.8489,98.274,4.56199,1,0,1.73691,1.77383,0,1.34183,3.38688
85.139,85.139,7.02005,1,1,3.09143,3.15714,0,0.561692,4.47552,99.3022,98.274,5.80275,1,0,1.79321,1.83133,0,1.34194,3.38688
85.139,85.139,5.12305,1,1,3.09166,3.15737,0,0.579333,4.47552,99.3022,98.274,5.84357,1,0,1.79335,1.83147,0,1.38544,3.38688
85.139,85.139,7.05496,1,1,3.09189,3.15761,0,0.579376,4.47552,99.3022,98.274,6.20147,1,0,1.79348,1.8316,0,1.38554,3.38688
85.139,85.139,11.1093,1,1,3.09212,3.15784,0,0.579419,4.47552,99.3022,98.274,8.32124,1,0,1.79361,1.83174,0,1.38564,3.38688
85.139,85.139,12.4736,1,1,3.39397,3.46611,0,0.579463,4.47552,99.3022,98.274,13.9164,1,0,2.00465,2.04726,0,1.38575,3.38688
85.139,85.139,8.53249,1,1,3.39422,3.46637,0,0.636029,4.47552,99.3022,98.274,7.17459,1,0,2.0048,2.04742,0,1.54879,3.38688
85.139,85.139,6.90444,1,1,3.39447,3.46662,0,0.636077,4.47552,99.3022,98.274,5.23297,1,0,2.00495,2.04757,0,1.54891,3.38688
85.139,85.139,6.47644,1,1,3.39472,3.46688,0,0.636124,4.47552,99.3022,98.274,5.45018,1,0,2.0051,2.04772,0,1.54903,3.38688
85.139,85.139,6.89773,1,1,2.96464,3.02766,0,0.636171,4.47552,99.3022,98.274,10.7394,1,0,1.72213,1.75873,0,1.54914,3.38688
85.139,85.139,8.61505,1,1,2.96486,3.02788,0,0.555574,4.47552,99.3022,98.274,14.6998,1,0,1.72225,1.75886,0,1.33051,3.38688
85.139,85.139,9.72351,1,1,2.96508,3.02811,0,0.555615,4.47552,99.3022,98.274,18.4769,1,0,1.72238,1.75899,0,1.33061,3.38688
85.139,85.139,8.12999,1,1,2.9653,3.02833,0,0.555656,4.47552,99.3022,98.274,13.0621,1,0,1.72251,1.75912,0,1.33071,3.38688
85.139,85.139,9.3247,1,1,2.96552,3.02856,0,0.555698,4.47552,99.3022,98.274,13.9448,1,0,1.72264,1.75926,0,1.33081,3.38688
85.139,85.139,7.41428,1,1,3.07411,3.13945,0,0.555739,4.47552,99.3022,98.274,13.857,1,0,1.79205,1.83015,0,1.33091,3.38688
85.139,85.139,6.17256,1,1,3.07433,3.13968,0,0.576087,4.47552,99.3022,98.274,12.774,1,0,1.79219,1.83028,0,1.38454,3.38688
85.139,85.139,7.06457,1,1,3.07456,3.13992,0,0.57613,4.47552,99.3022,98.274,13.4405,1,0,1.79232,1.83042,0,1.38464,3.38688
85.139,85.139,6.65239,1,1,3.07479,3.14015,0,0.576173,4.47552,99.3022,98.274,12.1907,1,0,1.79245,1.83056,0,1.38475,3.38688
85.139,85.139,4.97939,1,1,3.03264,3.0971,0,0.576216,4.47552,99.3022,98.274,6.28803,1,0,1.76567,1.8032,0,1.38485,3.38688
85.139,85.139,4.66904,1,1,3.03286,3.09733,0,0.568316,4.47552,99.3022,98.274,5.43832,1,0,1.7658,1.80333,0,1.36416,3.38688
85.139,85.139,4.27824,1,1,3.03309,3.09756,0,0.568359,4.47552,99.3022,98.274,5.13787,1,0,1.76593,1.80347,0,1.36426,3.38688
85.139,85.139,3.98364,1,1,3.03332,3.09779,0,0.568401,4.47552,99.3022,98.274,5.13222,1,0,1.76606,1.8036,0,1.36436,3.38688
85.139,85.139,3.95521,1,1,3.17744,3.24498,0,0.568443,4.47552,99.3022,98.274,4.49742,1,0,1.86168,1.90126,0,1.36446,3.38688
85.139,85.139,3.93495,1,1,3.17768,3.24522,0,0.595453,4.47552,99.3022,98.274,4.3974,1,0,1.86182,1.9014,0,1.43834,3.38688
85.139,85.139,3.53276,1,1,3.17792,3.24547,0,0.595497,4.47552,99.3022,98.274,4.42081,1,0,1.86196,1.90154,0,1.43844,3.38688
85.0644,85.139,3.37264,1,1,3.17815,3.24571,0,0.595541,4.47552,99.3022,98.274,4.34365,1,0,1.8621,1.90168,0,1.43855,3.38688
85.139,85.139,3.70486,1,1,3.17839,3.24595,0,0.595586,4.47552,99.3022,98.274,4.38509,1,0,1.86224,1.90182,0,1.43866,3.38688
85.139,85.139,4.06246,1,1,3.15015,3.21712,0,0.59563,4.47552,99.3022,98.274,4.38843,1,0,1.91488,1.95558,0,1.43876,3.38688
85.139,85.139,3.76048,1,1,3.15039,3.21735,0,0.590339,4.47552,99.3022,98.274,4.12632,1,0,1.91502,1.95573,0,1.47944,3.38688
85.139,85.139,3.63725,1,1,3.15062,3.21759,0,0.590383,4.47552,99.3022,98.274,3.84359,1,0,1.91516,1.95587,0,1.47955,3.38688
85.139,85.139,3.46763,1,1,3.15086,3.21783,0,0.590427,4.47552,99.3022,98.274,3.64207,1,0,1.91531,1.95602,0,1.47966,3.38688
85.139,85.139,3.55267,1,1,3.22463,3.29318,0,0.590471,4.47552,99.3022,98.274,3.55869,1,0,1.96225,2.00396,0,1.47977,3.38688
85.139,85.139,3.47039,1,1,3.22487,3.29342,0,0.604296,4.47552,99.3022,98.274,3.69782,1,0,1.9624,2.00411,0,1.51604,3.38688
85.0084,85.139,3.24042,1,1,3.22511,3.29367,0,0.604341,4.47552,99.2708,98.274,3.47145,1,0,1.96254,2.00426,0,1.51615,3.38688
84.6287,85.139,2.9741,1,1,3.22535,3.29391,0,0.604386,4.47552,99.23,98.274,3.27932,1,0,1.96269,2.00441,0,1.51626,3.38688
84.5188,85.139,3.41824,1,1,3.44101,3.51416,0,0.604431,4.47552,99.2088,98.274,3.83521,1,0,2.13183,2.17714,0,1.51637,3.38688
84.4676,85.139,3.50024,1,1,3.44127,3.51442,0,0.644846,4.47552,99.2342,98.274,3.62078,1,0,2.13199,2.1773,0,1.64705,3.38688
83.762,85.139,2.87882,1,1,3.44153,3.51468,0,0.644894,4.47552,99.0412,98.274,2.90116,1,0,2.13215,2.17747,0,1.64717,3.38688
83.5508,85.139,3.3372,1,1,3.44178,3.51494,0,0.644942,4.47552,99.2717,98.274,4.32512,1,0,2.1323,2.17763,0,1.6473,3.38688
83.003,85.139,2.9917,1,1,3.44204,3.5152,0,0.64499,4.47552,99.2525,98.274,3.58404,1,0,2.13246,2.17779,0,1.64742,3.38688
83.3434,85.139,3.79009,1,1,3.33727,3.4082,0,0.645038,4.47552,99.3022,98.274,5.09825,1,0,2.03001,2.07316,0,1.64754,3.38688
83.5046,85.139,3.64561,1,1,3.33751,3.40846,0,0.625404,4.47552,99.3022,98.274,4.8712,1,0,2.03016,2.07332,0,1.56839,3.38688
84.0981,85.139,4.22663,1,1,3.33776,3.40871,0,0.62545,4.47552,99.3022,98.274,6.16956,1,0,2.03031,2.07347,0,1.5685,3.38688
84.7715,85.139,4.52811,1,1,3.33801,3.40896,0,0.625497,4.47552,99.3022,98.274,5.58894,1,0,2.03046,2.07362,0,1.56862,3.38688
83.7493,85.139,2.46719,1,1,3.25202,3.32115,0,0.625543,4.47552,99.3022,98.274,3.20249,1,0,1.93719,1.97836,0,1.56874,3.38688
83.3256,85.139,3.27771,1,1,3.25226,3.3214,0,0.609429,4.47552,99.3022,98.274,5.94268,1,0,1.93733,1.97851,0,1.49667,3.38688
83.8851,85.139,4.15997,1,1,3.25251,3.32164,0,0.609474,4.47552,99.3022,98.274,7.01604,1,0,1.93747,1.97866,0,1.49678,3.38688
84.6966,85.139,4.32167,1,1,3.25275,3.32189,0,0.60952,4.47552,99.3022,98.274,6.6947,1,0,1.93762,1.97881,0,1.49689,3.38688
85.139,85.139,4.40917,1,1,3.008,3.07194,0,0.609565,4.47552,99.3022,98.274,6.10301,1,0,1.74312,1.78017,0,1.497,3.38688
85.139,85.139,3.46761,1,1,3.00823,3.07217,0,0.5637,4.47552,99.3022,98.274,4.85502,1,0,1.74325,1.78031,0,1.34674,3.38688
85.139,85.139,5.29014,1,1,3.00845,3.0724,0,0.563742,4.47552,99.3022,98.274,6.67343,1,0,1.74338,1.78044,0,1.34684,3.38688
85.139,85.139,6.58862,1,1,3.00867,3.07263,0,0.563783,4.47552,99.3022,98.274,7.97082,1,0,1.74351,1.78057,0,1.34694,3.38688
85.139,85.139,9.87647,1,1,3.0089,3.07285,0,0.563825,4.47552,99.3022,98.274,12.6751,1,0,1.74364,1.7807,0,1.34704,3.38688
85.139,85.139,13.4581,1,1,3.10338,3.16935,0,0.563867,4.47552,99.3022,98.274,11.7312,1,0,1.80015,1.83841,0,1.34714,3.38688
85.139,85.139,15.8529,1,1,3.10359,3.16956,0,0.581573,4.47552,99.3022,98.274,18.3703,1,0,1.80027,1.83854,0,1.39079,3.38688
85.139,85.139,8.85604,1,1,3.1038,3.16977,0,0.581613,4.47552,99.3022,98.274,11.6731,1,0,1.80039,1.83866,0,1.39089,3.38688
85.139,85.139,9.08432,1,1,3.10401,3.16999,0,0.581652,4.47552,99.3022,98.274,8.17223,1,0,1.80051,1.83878,0,1.39098,3.38688
85.139,85.139,14.1405,1,1,3.407,3.47942,0,0.581691,4.47552,99.3022,98.274,17.8807,1,0,2.01235,2.05512,0,1.39108,3.38688
85.139,85.139,23.7034,1,1,3.40723,3.47965,0,0.638471,4.47552,99.3022,98.274,27.8666,1,0,2.01248,2.05526,0,1.55474,3.38688
85.139,85.139,9.85136,1,1,3.40746,3.47989,0,0.638514,4.47552,99.3022,98.274,13.8846,1,0,2.01262,2.0554,0,1.55485,3.38688
85.139,85.139,8.02536,1,1,3.40769,3.48012,0,0.638557,4.47552,99.3022,98.274,14.0055,1,0,2.01276,2.05554,0,1.55495,3.38688
85.139,85.139,5.88736,1,1,2.97594,3.0392,0,0.6386,4.47552,99.3022,98.274,11.6512,1,0,1.72869,1.76544,0,1.55506,3.38688
85.139,85.139,4.43415,1,1,2.97614,3.0394,0,0.557691,4.47552,99.3022,98.274,7.97793,1,0,1.72881,1.76555,0,1.33559,3.38688
85.139,85.139,8.17586,1,1,2.97634,3.03961,0,0.557729,4.47552,99.3022,98.274,13.6509,1,0,1.72892,1.76567,0,1.33568,3.38688
85.139,85.139,7.66945,1,1,2.97654,3.03981,0,0.557767,4.47552,99.3022,98.274,12.4963,1,0,1.72904,1.76579,0,1.33577,3.38688
85.139,85.139,7.56596,1,1,2.97674,3.04002,0,0.557804,4.47552,99.3022,98.274,13.0598,1,0,1.72916,1.76591,0,1.33586,3.38688
85.139,85.139,8.36533,1,1,3.08572,3.15131,0,0.557842,4.47552,99.3022,98.274,15.5502,1,0,1.79882,1.83706,0,1.33595,3.38688
85.139,85.139,6.90527,1,1,3.08592,3.15152,0,0.578263,4.47552,99.3022,98.274,14.5324,1,0,1.79894,1.83718,0,1.38977,3.38688
85.139,85.139,6.40311,1,1,3.08613,3.15173,0,0.578302,4.47552,99.3022,98.274,15.5904,1,0,1.79907,1.83731,0,1.38986,3.38688
85.139,85.139,6.31565,1,1,3.08634,3.15194,0,0.578341,4.47552,99.3022,98.274,14.5716,1,0,1.79919,1.83743,0,1.38996,3.38688
85.139,85.139,5.56791,1,1,3.04401,3.10871,0,0.57838,4.47552,99.3022,98.274,10.9964,1,0,1.77229,1.80996,0,1.39005,3.38688
85.139,85.139,5.02332,1,1,3.04421,3.10892,0,0.570447,4.47552,99.3022,98.274,9.27786,1,0,1.77241,1.81008,0,1.36927,3.38688
85.139,85.139,4.70706,1,1,3.04442,3.10913,0,0.570486,4.47552,99.3022,98.274,8.06878,1,0,1.77253,1.81021,0,1.36936,3.38688
85.139,85.139,4.31295,1,1,3.04463,3.10934,0,0.570524,4.47552,99.3022,98.274,7.59858,1,0,1.77265,1.81033,0,1.36946,3.38688
85.139,85.139,4.25108,1,1,3.18927,3.25706,0,0.570563,4.47552,99.3022,98.274,7.70748,1,0,1.86861,1.90833,0,1.36955,3.38688
85.139,85.139,4.4066,1,1,3.18948,3.25728,0,0.597669,4.47552,99.3022,98.274,7.51336,1,0,1.86874,1.90846,0,1.44369,3.38688
85.139,85.139,3.93013,1,1,3.1897,3.2575,0,0.597709,4.47552,99.3022,98.274,6.7675,1,0,1.86887,1.90859,0,1.44379,3.38688
85.139,85.139,3.79327,1,1,3.18991,3.25772,0,0.59775,4.47552,99.3022,98.274,6.32475,1,0,1.86899,1.90872,0,1.44389,3.38688
85.139,85.139,3.61944,1,1,3.19013,3.25794,0,0.59779,4.47552,99.3022,98.274,7.22757,1,0,1.86912,1.90885,0,1.44398,3.38688
85.139,85.139,3.6117,1,1,3.16177,3.22898,0,0.59783,4.47552,99.3022,98.274,5.21209,1,0,1.92194,1.96279,0,1.44408,3.38688
85.139,85.139,3.42999,1,1,3.16198,3.2292,0,0.592516,4.47552,99.3022,98.274,4.92307,1,0,1.92207,1.96292,0,1.48489,3.38688
85.0366,85.139,3.26404,1,1,3.1622,3.22941,0,0.592556,4.47552,99.3022,98.274,4.79417,1,0,1.9222,1.96306,0,1.48499,3.38688
84.7479,85.139,3.06909,1,1,3.16241,3.22963,0,0.592596,4.47552,99.3022,98.274,4.82195,1,0,1.92233,1.96319,0,1.48509,3.38688
84.2178,85.139,2.87073,1,1,3.23643,3.30523,0,0.592636,4.47552,99.3022,98.274,4.1432,1,0,1.96943,2.0113,0,1.48519,3.38688
83.5561,85.139,2.68567,1,1,3.23665,3.30545,0,0.606508,4.47552,99.3022,98.274,3.97206,1,0,1.96957,2.01143,0,1.52159,3.38688
82.6704,85.139,2.44449,1,1,3.23687,3.30567,0,0.606549,4.47552,99.3022,98.274,3.50001,1,0,1.9697,2.01157,0,1.52169,3.38688
82.1017,85.139,2.75025,1,1,3.23709,3.3059,0,0.60659,4.47552,99.3022,98.274,4.63798,1,0,1.96983,2.0117,0,1.52179,3.38688
81.1924,85.139,2.56669,1,1,3.45351,3.52692,0,0.60663,4.47552,99.3022,98.274,4.17354,1,0,2.13957,2.18505,0,1.52189,3.38688
80.3543,85.139,2.62951,1,1,3.45375,3.52716,0,0.647188,4.47552,99.3022,98.274,4.12624,1,0,2.13972,2.1852,0,1.65303,3.38688
79.0843,85.139,2.22773,1,1,3.45398,3.5274,0,0.647232,4.47552,99.2913,98.274,3.63541,1,0,2.13986,2.18535,0,1.65314,3.38688
78.0405,85.139,2.41835,1,1,3.45421,3.52764,0,0.647276,4.47552,99.3022,98.274,4.772,1,0,2.14,2.18549,0,1.65326,3.38688
76.8718,85.139,2.29464,1,1,3.45445,3.52787,0,0.647319,4.47552,99.3022,98.274,4.4662,1,0,2.14015,2.18564,0,1.65337,3.38688
75.3378,85.139,1.81584,1,1,3.34927,3.42046,0,0.647363,4.47552,99.1353,98.274,2.58456,1,0,2.03731,2.08062,0,1.65348,3.38688
74.4593,85.139,2.51089,1,1,3.3495,3.4207,0,0.627654,4.47552,99.0293,98.274,2.44313,1,0,2.03745,2.08076,0,1.57403,3.38688
73.7794,85.139,2.70324,1,1,3.34972,3.42093,0,0.627696,4.47552,99.1721,98.274,3.73101,1,0,2.03759,2.0809,0,1.57414,3.38688
74.4425,85.139,4.10013,1,1,3.34995,3.42116,0,0.627738,4.47552,99.3022,98.274,9.35824,1,0,2.03773,2.08104,0,1.57424,3.38688
75.0687,85.139,4.09474,1,1,3.26363,3.33301,0,0.627781,4.47552,99.3022,98.274,4.09581,1,0,1.9441,1.98543,0,1.57435,3.38688
73.0294,85.139,1.32114,1,1,3.26385,3.33323,0,0.611605,4.47552,99.2259,98.274,2.8897,1,0,1.94423,1.98556,0,1.50201,3.38688
73.7069,85.139,4.09498,1,1,3.26407,3.33346,0,0.611646,4.47552,99.3022,98.274,4.26648,1,0,1.94437,1.98569,0,1.50212,3.38688
75.6025,85.139,5.47139,1,1,3.26429,3.33368,0,0.611687,4.47552,99.3022,98.274,6.09069,1,0,1.9445,1.98583,0,1.50222,3.38688
76.5695,85.139,4.28883,1,1,3.01866,3.08282,0,0.611729,4.47552,99.3022,98.274,4.42345,1,0,1.7493,1.78648,0,1.50232,3.38688
79.51,85.139,6.31776,1,1,3.01886,3.08303,0,0.565697,4.47552,99.3022,98.274,5.72568,1,0,1.74941,1.7866,0,1.35151,3.38688
80.1595,85.139,4.04775,1,1,3.01907,3.08324,0,0.565735,4.47552,99.3022,98.274,5.92168,1,0,1.74953,1.78672,0,1.3516,3.38688
81.7046,85.139,4.91631,1,1,3.01927,3.08345,0,0.565773,4.47552,99.3022,98.274,5.9091,1,0,1.74965,1.78684,0,1.35169,3.38688
84.4114,85.139,6.17597,1,1,3.01947,3.08366,0,0.565811,4.47552,99.3022,98.274,7.0717,1,0,1.74977,1.78696,0,1.35178,3.38688
82.9159,85.139,1.87402,1,1,3.11427,3.18046,0,0.565849,4.47552,99.3022,98.274,3.44795,1,0,1.80646,1.84486,0,1.35187,3.38688
83.1051,85.139,3.61132,1,1,3.11446,3.18066,0,0.583614,4.47552,99.3022,98.274,4.11705,1,0,1.80657,1.84497,0,1.39567,3.38688
84.5937,85.139,5.07286,1,1,3.11465,3.18085,0,0.583649,4.47552,99.3022,98.274,4.00957,1,0,1.80668,1.84508,0,1.39576,3.38688
84.2654,85.139,3.23215,1,1,3.11483,3.18104,0,0.583685,4.47552,99.3022,98.274,3.76433,1,0,1.80679,1.8452,0,1.39584,3.38688
83.3598,85.139,2.84377,1,1,3.41886,3.49153,0,0.58372,4.47552,99.0437,98.274,5.91639,1,0,2.01935,2.06228,0,1.39593,3.38688
81.7147,85.139,2.03729,1,1,3.41906,3.49174,0,0.640694,4.47552,99.2706,98.274,2.5526,1,0,2.01948,2.0624,0,1.56015,3.38688
80.2409,85.139,2.20784,1,1,3.41927,3.49195,0,0.640732,4.47552,99.3022,98.274,3.29489,1,0,2.0196,2.06253,0,1.56025,3.38688
79.2022,85.139,2.66435,1,1,3.41948,3.49216,0,0.640771,4.47552,99.3022,98.274,3.17791,1,0,2.01972,2.06265,0,1.56034,3.38688
78.6917,85.139,2.8453,1,1,2.98622,3.04969,0,0.64081,4.47552,99.3022,98.274,3.61928,1,0,1.73466,1.77153,0,1.56044,3.38688
79.5807,85.139,4.36061,1,1,2.9864,3.04988,0,0.559617,4.47552,99.3022,98.274,5.16815,1,0,1.73477,1.77164,0,1.3402,3.38688
79.4272,85.139,3.22529,1,1,2.98658,3.05006,0,0.559651,4.47552,99.3022,98.274,4.03436,1,0,1.73487,1.77175,0,1.34028,3.38688
80.0659,85.139,4.09954,1,1,2.98676,3.05025,0,0.559685,4.47552,99.3022,98.274,4.49262,1,0,1.73498,1.77186,0,1.34036,3.38688
80.8516,85.139,4.20546,1,1,2.98694,3.05043,0,0.559719,4.47552,99.3022,98.274,4.85229,1,0,1.73508,1.77196,0,1.34044,3.38688
82.3231,85.139,5.08743,1,1,3.09627,3.16208,0,0.559753,4.47552,99.3022,98.274,6.7741,1,0,1.80497,1.84334,0,1.34052,3.38688
82.9035,85.139,4.17492,1,1,3.09646,3.16227,0,0.580241,4.47552,99.3022,98.274,5.36846,1,0,1.80508,1.84345,0,1.39452,3.38688
82.5347,85.139,3.15907,1,1,3.09664,3.16247,0,0.580276,4.47552,99.3022,98.274,4.35762,1,0,1.80519,1.84357,0,1.39461,3.38688
81.7963,85.139,2.67541,1,1,3.09683,3.16266,0,0.580311,4.47552,99.3022,98.274,3.64638,1,0,1.8053,1.84368,0,1.39469,3.38688
81.142,85.139,2.71468,1,1,3.05433,3.11926,0,0.580346,4.47552,99.3022,98.274,3.43368,1,0,1.7783,1.8161,0,1.39478,3.38688
80.4815,85.139,2.64811,1,1,3.05452,3.11945,0,0.572382,4.47552,99.3022,98.274,3.52423,1,0,1.77841,1.81621,0,1.37392,3.38688
79.7356,85.139,2.55078,1,1,3.05471,3.11964,0,0.572417,4.47552,99.3022,98.274,3.63912,1,0,1.77852,1.81632,0,1.374,3.38688
79.0245,85.139,2.57964,1,1,3.05489,3.11983,0,0.572452,4.47552,99.3022,98.274,3.43341,1,0,1.77862,1.81643,0,1.37408,3.38688
77.9762,85.139,2.31822,1,1,3.2,3.26802,0,0.572486,4.47552,99.3022,98.274,3.3697,1,0,1.8749,1.91475,0,1.37417,3.38688
76.6398,85.139,1.99061,1,1,3.20019,3.26822,0,0.59968,4.47552,99.3022,98.274,3.21677,1,0,1.87501,1.91487,0,1.44855,3.38688
75.1585,85.139,1.78343,1,1,3.20039,3.26842,0,0.599716,4.47552,99.3022,98.274,3.18117,1,0,1.87513,1.91499,0,1.44864,3.38688
73.6682,85.139,1.75889,1,1,3.20058,3.26861,0,0.599753,4.47552,99.3022,98.274,3.2331,1,0,1.87524,1.9151,0,1.44872,3.38688
72.1324,85.139,1.69482,1,1,3.20078,3.26881,0,0.599789,4.47552,99.3008,98.274,2.99198,1,0,1.87536,1.91522,0,1.44881,3.38688
70.8278,85.139,1.8905,1,1,3.1723,3.23973,0,0.599826,4.47552,99.2155,98.274,2.58857,1,0,1.92834,1.96933,0,1.4489,3.38688
69.3652,85.139,1.70973,1,1,3.17249,3.23993,0,0.594489,4.47552,99.0818,98.274,2.32272,1,0,1.92846,1.96945,0,1.48984,3.38688
67.865,85.139,1.62433,1,1,3.17269,3.24013,0,0.594525,4.47552,98.8492,98.274,2.28398,1,0,1.92857,1.96957,0,1.48993,3.38688
66.2107,85.139,1.44442,1,1,3.17288,3.24032,0,0.594561,4.47552,98.5683,98.274,2.19795,1,0,1.92869,1.96969,0,1.49002,3.38688
64.6636,85.139,1.60499,1,1,3.24712,3.31615,0,0.594598,4.47552,98.3291,98.274,2.59271,1,0,1.97594,2.01794,0,1.49011,3.38688
63.1813,85.139,1.65195,1,1,3.24732,3.31635,0,0.608511,4.47552,98.127,98.274,2.82203,1,0,1.97606,2.01806,0,1.52661,3.38688
61.5363,85.139,1.46797,1,1,3.24752,3.31655,0,0.608548,4.47552,97.8841,98.274,2.64661,1,0,1.97618,2.01819,0,1.5267,3.38688
59.7835,85.139,1.33627,1,1,3.24772,3.31675,0,0.608585,4.47552,97.6251,98.274,2.50647,1,0,1.9763,2.01831,0,1.5268,3.38688
57.6648,85.139,1.0994,1,1,3.46483,3.53848,0,0.608622,4.47552,96.9775,98.274,2.19918,1,0,2.14658,2.19221,0,1.52689,3.38688
55.5037,85.139,1.034,1,1,3.46504,3.53869,0,0.649309,4.47552,96.1168,98.274,1.69466,1,0,2.14671,2.19234,0,1.65845,3.38688
53.181,85.139,0.850075,1,1,3.46525,3.53891,0,0.649348,4.47552,95.6708,98.274,1.35729,1,0,2.14684,2.19248,0,1.65855,3.38688
51.0402,85.139,0.985769,1,1,3.46546,3.53912,0,0.649387,4.47552,95.0178,98.274,2.02575,1,0,2.14697,2.19261,0,1.65865,3.38688
48.7549,85.139,0.827879,1,1,3.46567,3.53933,0,0.649427,4.47552,94.5646,98.274,1.62006,1,0,2.1471,2.19274,0,1.65875,3.38688
46.8243,85.139,1.20907,1,1,3.36013,3.43155,0,0.649466,4.47552,94.5891,98.274,2.57748,1,0,2.04392,2.08737,0,1.65885,3.38688
44.7648,85.139,1.06576,1,1,3.36033,3.43176,0,0.629688,4.47552,94.266,98.274,2.11793,1,0,2.04404,2.08749,0,1.57913,3.38688
42.6396,85.139,0.995976,1,1,3.36054,3.43197,0,0.629727,4.47552,94.2347,98.274,2.05131,1,0,2.04417,2.08762,0,1.57923,3.38688
42.1369,85.139,2.58417,1,1,3.36074,3.43218,0,0.629765,4.47552,94.5077,98.274,3.4482,1,0,2.04429,2.08775,0,1.57932,3.38688
42.336,85.139,3.37088,1,1,3.27412,3.34372,0,0.629803,4.47552,94.9332,98.274,3.51925,1,0,1.95035,1.99181,0,1.57942,3.38688
41.5291,85.139,2.26917,1,1,3.27432,3.34392,0,0.613571,4.47552,94.926,98.274,2.82456,1,0,1.95047,1.99193,0,1.50684,3.38688
40.6565,85.139,2.33238,1,1,3.27452,3.34413,0,0.613608,4.47552,95.1313,98.274,3.4396,1,0,1.95059,1.99205,0,1.50693,3.38688
40.2908,85.139,2.74815,1,1,3.27472,3.34433,0,0.613645,4.47552,95.5254,98.274,3.80656,1,0,1.95071,1.99217,0,1.50702,3.38688
41.4696,85.139,4.14109,1,1,3.02828,3.09265,0,0.613683,4.47552,95.7563,98.274,3.37986,1,0,1.75487,1.79217,0,1.50712,3.38688
46.7376,85.139,8.28782,1,1,3.02846,3.09284,0,0.5675,4.47552,96.2748,98.274,4.24301,1,0,1.75498,1.79228,0,1.35581,3.38688
48.6737,85.139,4.96043,1,1,3.02865,3.09302,0,0.567534,4.47552,96.5682,98.274,3.3689,1,0,1.75508,1.79239,0,1.3559,3.38688
50.771,85.139,5.18195,1,1,3.02883,3.09321,0,0.567569,4.47552,96.7662,98.274,3.13478,1,0,1.75519,1.7925,0,1.35598,3.38688
51.9861,85.139,4.33871,1,1,3.02902,3.0934,0,0.567603,4.47552,96.9397,98.274,2.93298,1,0,1.7553,1.79261,0,1.35606,3.38688
56.4075,85.139,7.89963,1,1,3.12409,3.19049,0,0.567637,4.47552,98.3097,98.274,6.02734,1,0,1.81216,1.85068,0,1.35614,3.38688
61.289,85.139,8.34573,1,1,3.12426,3.19067,0,0.585454,4.47552,98.9674,98.274,4.94779,1,0,1.81226,1.85078,0,1.40007,3.38688
64.668,85.139,6.8125,1,1,3.12442,3.19084,0,0.585485,4.47552,99.3022,98.274,4.17054,1,0,1.81235,1.85088,0,1.40015,3.38688
67.2385,85.139,5.96137,1,1,3.12459,3.19101,0,0.585517,4.47552,99.3022,98.274,3.78773,1,0,1.81245,1.85098,0,1.40022,3.38688
71.413,85.139,8.05509,1,1,3.42954,3.50244,0,0.585549,4.47552,99.3022,98.274,4.69556,1,0,2.02567,2.06872,0,1.4003,3.38688
79.7878,85.139,12.6887,1,1,3.42973,3.50263,0,0.642696,4.47552,99.3022,98.274,7.3879,1,0,2.02578,2.06884,0,1.56503,3.38688
85.139,85.139,12.7631,1,1,3.42991,3.50282,0,0.642731,4.47552,99.3022,98.274,8.7227,1,0,2.02588,2.06895,0,1.56511,3.38688
85.139,85.139,10.5267,1,1,3.4301,3.50301,0,0.642765,4.47552,99.3022,98.274,7.26875,1,0,2.02599,2.06906,0,1.5652,3.38688
85.139,85.139,8.5236,1,1,2.99547,3.05914,0,0.6428,4.47552,99.3022,98.274,5.33943,1,0,1.74004,1.77702,0,1.56528,3.38688
85.139,85.139,4.94996,1,1,2.99563,3.05931,0,0.561351,4.47552,99.3022,98.274,4.52475,1,0,1.74013,1.77712,0,1.34435,3.38688
85.139,85.139,5.33663,1,1,2.99579,3.05947,0,0.561382,4.47552,99.3022,98.274,5.22755,1,0,1.74022,1.77721,0,1.34442,3.38688
85.139,85.139,7.03349,1,1,2.99596,3.05964,0,0.561412,4.47552,99.3022,98.274,5.40821,1,0,1.74032,1.77731,0,1.3445,3.38688
85.139,85.139,6.17446,1,1,2.99612,3.0598,0,0.561442,4.47552,99.3022,98.274,5.18176,1,0,1.74041,1.7774,0,1.34457,3.38688
85.139,85.139,9.1203,1,1,3.10576,3.17177,0,0.561472,4.47552,99.3022,98.274,4.02625,1,0,1.81051,1.84899,0,1.34464,3.38688
85.139,85.139,8.08745,1,1,3.10592,3.17194,0,0.582019,4.47552,99.3022,98.274,5.69591,1,0,1.8106,1.84909,0,1.3988,3.38688
85.139,85.139,6.68613,1,1,3.10609,3.17211,0,0.58205,4.47552,99.3022,98.274,5.77755,1,0,1.8107,1.84919,0,1.39887,3.38688
85.139,85.139,5.06399,1,1,3.10626,3.17229,0,0.582081,4.47552,99.3022,98.274,4.09735,1,0,1.8108,1.84929,0,1.39895,3.38688
85.139,85.139,5.59597,1,1,3.06361,3.12873,0,0.582113,4.47552,99.3022,98.274,5.99942,1,0,1.7837,1.82162,0,1.39902,3.38688
85.139,85.139,4.92053,1,1,3.06378,3.1289,0,0.574121,4.47552,99.3022,98.274,3.83338,1,0,1.7838,1.82171,0,1.37809,3.38688
85.139,85.139,4.36681,1,1,3.06394,3.12907,0,0.574152,4.47552,99.3022,98.274,3.63419,1,0,1.78389,1.82181,0,1.37816,3.38688
85.139,85.139,5.21794,1,1,3.06411,3.12924,0,0.574183,4.47552,99.3022,98.274,3.92567,1,0,1.78399,1.82191,0,1.37824,3.38688
85.139,85.139,4.33271,1,1,3.20963,3.27786,0,0.574214,4.47552,99.3022,98.274,3.65455,1,0,1.88054,1.92052,0,1.37831,3.38688
85.139,85.139,3.88704,1,1,3.2098,3.27803,0,0.601485,4.47552,99.3022,98.274,3.28547,1,0,1.88064,1.92062,0,1.45291,3.38688
85.139,85.139,3.48332,1,1,3.20998,3.27821,0,0.601517,4.47552,99.3022,98.274,3.24863,1,0,1.88075,1.92072,0,1.45299,3.38688
85.1383,85.139,3.43602,1,1,3.21015,3.27839,0,0.60155,4.47552,99.3022,98.274,3.30101,1,0,1.88085,1.92083,0,1.45306,3.38688
84.9262,85.139,3.21357,1,1,3.21032,3.27856,0,0.601582,4.47552,99.3022,98.274,3.10453,1,0,1.88095,1.92093,0,1.45314,3.38688
85.1107,85.139,3.62149,1,1,3.18174,3.24937,0,0.601614,4.47552,99.3022,98.274,3.61629,1,0,1.93408,1.97519,0,1.45322,3.38688
85.139,85.139,3.41079,1,1,3.18191,3.24955,0,0.596258,4.47552,99.3022,98.274,3.60416,1,0,1.93418,1.9753,0,1.49427,3.38688
84.9576,85.139,3.14665,1,1,3.18208,3.24972,0,0.59629,4.47552,99.3022,98.274,3.50792,1,0,1.93429,1.9754,0,1.49435,3.38688
84.5843,85.139,2.94013,1,1,3.18226,3.2499,0,0.596323,4.47552,99.3022,98.274,3.59037,1,0,1.93439,1.97551,0,1.49443,3.38688
84.1113,85.139,2.89759,1,1,3.2567,3.32592,0,0.596355,4.47552,99.3012,98.274,3.14239,1,0,1.98177,2.02389,0,1.49451,3.38688
83.6282,85.139,2.87395,1,1,3.25687,3.3261,0,0.610305,4.47552,99.2266,98.274,2.94902,1,0,1.98187,2.024,0,1.53111,3.38688
82.8763,85.139,2.59236,1,1,3.25705,3.32628,0,0.610338,4.47552,99.1018,98.274,2.84723,1,0,1.98198,2.02411,0,1.5312,3.38688
81.9104,85.139,2.36386,1,1,3.25722,3.32646,0,0.610371,4.47552,98.9466,98.274,2.62733,1,0,1.98209,2.02422,0,1.53128,3.38688
80.5514,85.139,2.12526,1,1,3.47495,3.54881,0,0.610404,4.47552,98.7108,98.274,2.62245,1,0,2.15285,2.19861,0,1.53136,3.38688
79.1731,85.139,2.1012,1,1,3.47514,3.549,0,0.651205,4.47552,98.4584,98.274,2.63823,1,0,2.15297,2.19873,0,1.66329,3.38688
77.6747,85.139,1.9674,1,1,3.47532,3.54919,0,0.65124,4.47552,98.1739,98.274,2.50398,1,0,2.15308,2.19885,0,1.66338,3.38688
76.6357,85.139,2.41822,1,1,3.47551,3.54939,0,0.651275,4.47552,97.9316,98.274,2.84208,1,0,2.1532,2.19897,0,1.66347,3.38688
75.1606,85.139,1.96409,1,1,3.4757,3.54958,0,0.651311,4.47552,97.6349,98.274,2.51849,1,0,2.15332,2.19909,0,1.66356,3.38688
73.45,85.139,1.65365,1,1,3.36983,3.44146,0,0.651346,4.47552,97.2282,98.274,2.26359,1,0,2.04982,2.09339,0,1.66365,3.38688
71.3895,85.139,1.27067,1,1,3.37001,3.44165,0,0.631506,4.47552,96.6757,98.274,1.73094,1,0,2.04993,2.0935,0,1.58369,3.38688
69.4321,85.139,1.36163,1,1,3.37019,3.44183,0,0.63154,4.47552,96.1333,98.274,1.80826,1,0,2.05004,2.09362,0,1.58378,3.38688
68.0981,85.139,1.98376,1,1,3.37038,3.44202,0,0.631574,4.47552,95.7744,98.274,2.40663,1,0,2.05015,2.09373,0,1.58386,3.38688
66.4471,85.139,1.64118,1,1,3.28349,3.35328,0,0.631608,4.47552,94.906,98.274,2.0405,1,0,1.95593,1.99751,0,1.58395,3.38688
63.8932,85.139,0.710829,1,1,3.28366,3.35346,0,0.615326,4.47552,94.3244,98.274,1.21655,1,0,1.95604,1.99761,0,1.51115,3.38688
61.582,85.139,0.97027,1,1,3.28384,3.35364,0,0.615359,4.47552,94.0134,98.274,1.67679,1,0,1.95614,1.99772,0,1.51123,3.38688
60.3879,85.139,2.1226,1,1,3.28402,3.35382,0,0.615392,4.47552,94.0588,98.274,2.57031,1,0,1.95625,1.99783,0,1.51131,3.38688
59.132,85.139,1.84594,1,1,3.03686,3.10141,0,0.615425,4.47552,93.955,98.274,2.26435,1,0,1.75984,1.79725,0,1.5114,3.38688
57.1583,85.139,1.14629,1,1,3.03702,3.10158,0,0.569107,4.47552,93.8324,98.274,2.31822,1,0,1.75994,1.79735,0,1.35965,3.38688
54.8927,85.139,0.819989,1,1,3.03718,3.10174,0,0.569138,4.47552,93.6763,98.274,2.23865,1,0,1.76003,1.79744,0,1.35973,3.38688
53.1013,85.139,1.27347,1,1,3.03735,3.10191,0,0.569168,4.47552,93.5566,98.274,2.30035,1,0,1.76013,1.79754,0,1.3598,3.38688
52.7879,85.139,2.70011,1,1,3.03751,3.10208,0,0.569199,4.47552,93.7335,98.274,3.31668,1,0,1.76022,1.79764,0,1.35987,3.38688
56.1386,85.139,6.64768,1,1,3.03751,3.10208,0,0.56923,4.47552,95.0382,98.274,6.07499,1,0,1.76022,1.79764,0,1.35995,3.38688
59.5372,85.139,6.82503,1,1,3.13283,3.19942,0,0.56923,6.048,96.5169,98.274,6.22661,1,0,1.81723,1.85586,0,1.35995,3.38688
62.3254,85.139,6.23251,1,1,3.13298,3.19957,0,0.587092,6.048,97.2314,98.274,4.69699,1,0,1.81732,1.85594,0,1.40399,3.38688
65.3695,85.139,6.61993,1,1,3.13312,3.19972,0,0.58712,6.048,98.1533,98.274,5.04254,1,0,1.8174,1.85603,0,1.40406,3.38688
67.4228,85.139,5.5553,1,1,3.13327,3.19987,0,0.587148,6.048,99.0511,98.274,4.50242,1,0,1.81749,1.85612,0,1.40412,3.38688
68.9507,85.139,5.36799,1,1,3.43905,3.51215,0,0.587175,6.048,99.3022,98.274,4.48677,1,0,2.03128,2.07446,0,1.40419,3.38688
71.1466,85.139,6.00786,1,1,3.43921,3.51231,0,0.644477,6.048,99.3022,98.274,4.351,1,0,2.03138,2.07455,0,1.56937,3.38688
74.2399,85.139,7.04253,1,1,3.43937,3.51248,0,0.644508,6.048,99.3022,98.274,4.19264,1,0,2.03147,2.07465,0,1.56944,3.38688
77.9465,85.139,7.76811,1,1,3.43953,3.51264,0,0.644538,6.048,99.3022,98.274,7.01361,1,0,2.03157,2.07475,0,1.56951,3.38688
82.2913,85.139,8.18037,1,1,3.00369,3.06754,0,0.644568,6.048,99.3022,98.274,9.02458,1,0,1.74481,1.7819,0,1.56959,3.38688
85.139,85.139,7.78918,1,1,3.00383,3.06768,0,0.562892,6.048,99.3022,98.274,9.51726,1,0,1.74489,1.78198,0,1.34804,3.38688
85.139,85.139,7.83191,1,1,3.00397,3.06783,0,0.562918,6.048,99.3022,98.274,8.4598,1,0,1.74497,1.78207,0,1.3481,3.38688
85.139,85.139,9.55035,1,1,3.00412,3.06797,0,0.562945,6.048,99.3022,98.274,12.0159,1,0,1.74506,1.78215,0,1.34817,3.38688
85.139,85.139,7.15722,1,1,3.00426,3.06812,0,0.562971,6.048,99.3022,98.274,7.34341,1,0,1.74514,1.78223,0,1.34823,3.38688
85.139,85.139,7.55699,1,1,3.11417,3.18037,0,0.562998,6.048,99.3022,98.274,9.38498,1,0,1.81541,1.854,0,1.34829,3.38688
85.139,85.139,6.5441,1,1,3.11432,3.18052,0,0.583596,6.048,99.3022,98.274,7.4832,1,0,1.8155,1.85409,0,1.40259,3.38688
85.139,85.139,5.25895,1,1,3.11447,3.18067,0,0.583624,6.048,99.3022,98.274,5.5584,1,0,1.81558,1.85418,0,1.40265,3.38688
85.139,85.139,4.94265,1,1,3.11461,3.18082,0,0.583651,6.048,99.3022,98.274,6.08533,1,0,1.81567,1.85426,0,1.40272,3.38688
85.139,85.139,5.13166,1,1,3.07183,3.13713,0,0.583679,6.048,99.3022,98.274,4.97771,1,0,1.78849,1.8265,0,1.40279,3.38688
85.139,85.139,4.13191,1,1,3.07198,3.13727,0,0.575661,6.048,99.3022,98.274,4.30798,1,0,1.78857,1.82659,0,1.38179,3.38688
85.139,85.139,3.69616,1,1,3.07212,3.13742,0,0.575688,6.048,99.3022,98.274,3.38824,1,0,1.78866,1.82668,0,1.38185,3.38688
85.1235,85.139,3.37031,1,1,3.07227,3.13757,0,0.575715,6.048,99.3022,98.274,3.23201,1,0,1.78874,1.82676,0,1.38192,3.38688
85.139,85.139,3.7767,1,1,3.21816,3.28656,0,0.575743,6.048,99.3022,98.274,3.60337,1,0,1.88554,1.92562,0,1.38198,3.38688
85.139,85.139,3.71757,1,1,3.21831,3.28672,0,0.603082,6.048,99.3022,98.274,3.67171,1,0,1.88563,1.92571,0,1.45677,3.38688
85.0407,85.139,3.3431,1,1,3.21846,3.28687,0,0.603111,6.048,99.3022,98.274,3.59725,1,0,1.88572,1.9258,0,1.45684,3.38688
84.8123,85.139,3.18684,1,1,3.21861,3.28703,0,0.603139,6.048,99.3022,98.274,3.60599,1,0,1.88581,1.92589,0,1.4569,3.38688
84.3823,85.139,2.95614,1,1,3.21876,3.28718,0,0.603168,6.048,99.3022,98.274,3.83632,1,0,1.88589,1.92598,0,1.45697,3.38688
83.7402,85.139,2.70427,1,1,3.19009,3.25789,0,0.603196,6.048,99.3022,98.274,3.73988,1,0,1.93915,1.98037,0,1.45704,3.38688
83.0206,85.139,2.6074,1,1,3.19024,3.25805,0,0.597822,6.048,99.3022,98.274,3.37248,1,0,1.93924,1.98046,0,1.49819,3.38688
82.2154,85.139,2.49244,1,1,3.19039,3.2582,0,0.59785,6.048,99.3022,98.274,3.24334,1,0,1.93933,1.98056,0,1.49826,3.38688
81.5526,85.139,2.59683,1,1,3.19054,3.25835,0,0.597878,6.048,99.3022,98.274,3.5075,1,0,1.93942,1.98065,0,1.49833,3.38688
80.5813,85.139,2.37909,1,1,3.26515,3.33456,0,0.597906,6.048,99.2064,98.274,3.22197,1,0,1.98691,2.02914,0,1.4984,3.38688
79.4667,85.139,2.19752,1,1,3.2653,3.33471,0,0.611889,6.048,99.016,98.274,3.07492,1,0,1.987,2.02924,0,1.53509,3.38688
78.1722,85.139,2.00004,1,1,3.26546,3.33487,0,0.611918,6.048,98.7819,98.274,2.68297,1,0,1.9871,2.02933,0,1.53516,3.38688
77.1449,85.139,2.25152,1,1,3.26561,3.33503,0,0.611947,6.048,98.7047,98.274,3.56125,1,0,1.98719,2.02943,0,1.53523,3.38688
76.0919,85.139,2.41328,1,1,3.48387,3.55793,0,0.611976,6.048,98.5035,98.274,2.45396,1,0,2.15838,2.20426,0,1.5353,3.38688
74.8998,85.139,2.26181,1,1,3.48404,3.55809,0,0.652878,6.048,98.3073,98.274,3.0574,1,0,2.15848,2.20436,0,1.66756,3.38688
73.5902,85.139,2.13738,1,1,3.4842,3.55826,0,0.652908,6.048,98.0823,98.274,3.28646,1,0,2.15858,2.20447,0,1.66764,3.38688
72.2387,85.139,2.07693,1,1,3.48437,3.55843,0,0.652939,6.048,97.858,98.274,3.25441,1,0,2.15869,2.20457,0,1.66772,3.38688
71.786,85.139,2.93268,1,1,3.48453,3.5586,0,0.65297,6.048,97.6709,98.274,3.35468,1,0,2.15879,2.20467,0,1.6678,3.38688
71.4852,85.139,3.09368,1,1,3.37837,3.45018,0,0.653001,6.048,97.7506,98.274,3.6731,1,0,2.05502,2.0987,0,1.66788,3.38688
71.6496,85.139,3.57535,1,1,3.37853,3.45035,0,0.633107,6.048,98.1186,98.274,4.59803,1,0,2.05511,2.0988,0,1.5877,3.38688
71.7073,85.139,3.51452,1,1,3.37869,3.45051,0,0.633137,6.048,98.4786,98.274,4.57626,1,0,2.05521,2.09889,0,1.58778,3.38688
71.6365,85.139,3.50763,1,1,3.37885,3.45067,0,0.633166,6.048,99.0925,98.274,5.20143,1,0,2.05531,2.09899,0,1.58785,3.38688
72.2652,85.139,4.08652,1,1,3.29172,3.36169,0,0.633196,6.048,99.2792,98.274,3.70396,1,0,1.96083,2.00251,0,1.58793,3.38688
74.4713,85.139,5.76421,1,1,3.29188,3.36185,0,0.616868,6.048,99.3022,98.274,5.18308,1,0,1.96093,2.00261,0,1.51494,3.38688
76.1158,85.139,5.28099,1,1,3.29203,3.36201,0,0.616897,6.048,99.3022,98.274,4.69986,1,0,1.96102,2.0027,0,1.51501,3.38688
80.8338,85.139,8.4792,1,1,3.29219,3.36216,0,0.616926,6.048,99.3022,98.274,6.94242,1,0,1.96111,2.0028,0,1.51508,3.38688
80.1716,85.139,2.69976,1,1,3.04439,3.1091,0,0.616956,6.048,99.3022,98.274,2.81432,1,0,1.76421,1.80171,0,1.51515,3.38688
80.3018,85.139,3.6255,1,1,3.04453,3.10925,0,0.570519,6.048,99.3022,98.274,3.76359,1,0,1.76429,1.80179,0,1.36303,3.38688
82.5919,85.139,5.98687,1,1,3.04468,3.10939,0,0.570545,6.048,99.3022,98.274,4.98961,1,0,1.76437,1.80188,0,1.36309,3.38688
85.139,85.139,12.0057,1,1,3.04482,3.10954,0,0.570572,6.048,99.3022,98.274,12.2647,1,0,1.76446,1.80196,0,1.36315,3.38688
85.139,85.139,7.22918,1,1,3.04496,3.10969,0,0.570599,6.048,99.3022,98.274,5.28682,1,0,1.76454,1.80205,0,1.36322,3.38688
85.139,85.139,10.6585,1,0.02,3.14049,3.20725,0,0.570626,6.048,99.3022,98.274,7.62776,1,0,1.82168,1.8604,0,1.36328,3.38688
85.139,85.139,6.04363,1,0.02,3.14062,3.20738,0,0.588529,6.048,99.3022,98.274,5.7746,1,0,1.82175,1.86047,0,1.40743,3.38688
85.139,85.139,6.15665,1,0.02,3.14075,3.20751,0,0.588552,6.048,99.3022,98.274,5.71647,1,0,1.82182,1.86055,0,1.40748,3.38688
85.139,85.139,9.07559,1,0.02,3.14088,3.20764,0,0.588576,6.048,99.3022,98.274,8.50493,1,0,1.8219,1.86062,0,1.40754,3.38688
85.139,85.139,11.9994,1,0.02,3.44737,3.52065,0,0.5886,6.048,99.3022,98.274,8.84537,1,0,2.0362,2.07948,0,1.4076,3.38688
85.139,85.139,9.5745,1,0.02,3.44751,3.52079,0,0.646037,6.048,99.3022,98.274,8.25037,1,0,2.03628,2.07956,0,1.57316,3.38688
85.139,85.139,8.98886,1,0.02,3.44765,3.52093,0,0.646063,6.048,99.3022,98.274,8.55367,1,0,2.03636,2.07965,0,1.57323,3.38688
85.139,85.139,7.11462,1,0.02,3.44779,3.52107,0,0.646089,6.048,99.3022,98.274,7.40906,1,0,2.03644,2.07973,0,1.57329,3.38688
85.139,85.139,4.53481,1,0.02,3.01088,3.07488,0,0.646115,6.048,99.3022,98.274,5.29187,1,0,1.74899,1.78616,0,1.57336,3.38688
85.139,85.139,4.02206,1,0.02,3.011,3.075,0,0.564239,6.048,99.3022,98.274,5.11052,1,0,1.74906,1.78624,0,1.35127,3.38688
85.139,85.139,4.86194,1,0.02,3.01112,3.07513,0,0.564262,6.048,99.3022,98.274,4.7882,1,0,1.74913,1.78631,0,1.35132,3.38688
85.139,85.139,3.94345,1,0.02,3.01125,3.07525,0,0.564285,6.048,99.3022,98.274,4.1142,1,0,1.7492,1.78638,0,1.35138,3.38688
85.139,85.139,4.78135,1,0.02,3.01137,3.07538,0,0.564308,6.048,99.3022,98.274,5.25109,1,0,1.74927,1.78645,0,1.35143,3.38688
85.139,85.139,3.95714,1,0.02,3.12152,3.18788,0,0.56433,6.048,99.3022,98.274,4.65606,1,0,1.8197,1.85838,0,1.35149,3.38688
84.8721,85.139,3.33358,1,0.02,3.12165,3.188,0,0.584973,6.048,99.3022,98.274,3.83183,1,0,1.81977,1.85845,0,1.4059,3.38688
84.1245,85.139,2.69836,1,0.02,3.12178,3.18813,0,0.584997,6.048,99.3022,98.274,3.1945,1,0,1.81984,1.85853,0,1.40596,3.38688
83.1108,85.139,2.43355,1,0.02,3.1219,3.18826,0,0.585021,6.048,99.3022,98.274,3.03173,1,0,1.81992,1.8586,0,1.40601,3.38688
82.2685,85.139,2.59625,1,0.02,3.079,3.14445,0,0.585045,6.048,99.3022,98.274,3.36545,1,0,1.79266,1.83077,0,1.40607,3.38688
81.3226,85.139,2.38949,1,0.02,3.07912,3.14457,0,0.577005,6.048,99.3022,98.274,3.06803,1,0,1.79273,1.83084,0,1.38501,3.38688
80.3285,85.139,2.3294,1,0.02,3.07925,3.1447,0,0.577028,6.048,99.3022,98.274,3.47255,1,0,1.79281,1.83092,0,1.38507,3.38688
79.3052,85.139,2.28784,1,0.02,3.07937,3.14483,0,0.577051,6.048,99.3022,98.274,3.11758,1,0,1.79288,1.83099,0,1.38512,3.38688
77.9874,85.139,2.06737,1,0.02,3.22558,3.29414,0,0.577075,6.048,99.1436,98.274,2.43527,1,0,1.88989,1.93006,0,1.38518,3.38688
76.5785,85.139,1.96897,1,0.02,3.22571,3.29428,0,0.604474,6.048,98.9971,98.274,2.62689,1,0,1.88997,1.93014,0,1.46013,3.38688
75.0802,85.139,1.8499,1,0.02,3.22584,3.29441,0,0.604498,6.048,98.819,98.274,2.53283,1,0,1.89004,1.93022,0,1.46019,3.38688
73.7905,85.139,2.00498,1,0.02,3.22597,3.29454,0,0.604523,6.048,98.6476,98.274,2.83533,1,0,1.89012,1.93029,0,1.46025,3.38688
72.079,85.139,1.52905,1,0.02,3.2261,3.29468,0,0.604547,6.048,98.4458,98.274,2.42813,1,0,1.89019,1.93037,0,1.46031,3.38688
70.2617,85.139,1.371,1,0.02,3.19734,3.2653,0,0.604572,6.048,98.1968,98.274,2.29195,1,0,1.94356,1.98487,0,1.46036,3.38688
68.3567,85.139,1.26527,1,0.02,3.19747,3.26543,0,0.599181,6.048,97.8551,98.274,2.27764,1,0,1.94364,1.98495,0,1.50159,3.38688
66.3637,85.139,1.1557,1,0.02,3.1976,3.26557,0,0.599205,6.048,97.5365,98.274,2.0351,1,0,1.94372,1.98503,0,1.50166,3.38688
64.3588,85.139,1.10686,1,0.02,3.19773,3.2657,0,0.59923,6.048,97.2317,98.274,2.04998,1,0,1.9438,1.98511,0,1.50172,3.38688
62.369,85.139,1.14931,1,0.02,3.27249,3.34205,0,0.599254,6.048,96.9296,98.274,2.29003,1,0,1.99137,2.0337,0,1.50178,3.38688
60.3099,85.139,1.05321,1,0.02,3.27262,3.34218,0,0.613264,6.048,96.5916,98.274,2.23286,1,0,1.99145,2.03379,0,1.53854,3.38688
58.1823,85.139,0.956089,1,0.02,3.27275,3.34232,0,0.613289,6.048,96.2116,98.274,2.046,1,0,1.99154,2.03387,0,1.5386,3.38688
55.9816,85.139,0.841047,1,0.02,3.27289,3.34245,0,0.613314,6.048,95.8523,98.274,2.02507,1,0,1.99162,2.03395,0,1.53866,3.38688
53.6799,85.139,0.87336,1,0.02,3.49161,3.56583,0,0.613339,6.048,95.3549,98.274,2.14795,1,0,2.16317,2.20915,0,1.53872,3.38688
51.5148,85.139,0.977467,1,0.02,3.49175,3.56597,0,0.654327,6.048,94.9292,98.274,2.50708,1,0,2.16326,2.20924,0,1.67127,3.38688
49.2056,85.139,0.808136,1,0.02,3.49189,3.56612,0,0.654354,6.048,94.3851,98.274,2.01077,1,0,2.16335,2.20933,0,1.67134,3.38688
47.0739,85.139,0.932597,1,0.02,3.49203,3.56626,0,0.65438,6.048,94.0734,98.274,2.99692,1,0,2.16344,2.20942,0,1.6714,3.38688
44.9692,85.139,0.934903,1,0.02,3.49217,3.5664,0,0.654407,6.048,93.6266,98.274,2.34014,1,0,2.16352,2.20951,0,1.67147,3.38688
43.1811,85.139,1.13487,1,0.02,3.38576,3.45773,0,0.654433,6.048,93.3103,98.274,2.32974,1,0,2.05951,2.10329,0,1.67154,3.38688
41.2534,85.139,0.948959,1,0.02,3.3859,3.45787,0,0.634492,6.048,93.2279,98.274,3.75079,1,0,2.05959,2.10337,0,1.59118,3.38688
39.2388,85.139,0.812898,1,0.02,3.38604,3.45801,0,0.634517,6.048,92.7829,98.274,2.05414,1,0,2.05968,2.10346,0,1.59124,3.38688
37.3781,85.139,0.929418,1,0.02,3.38617,3.45815,0,0.634543,6.048,92.1582,98.274,2.05707,1,0,2.05976,2.10354,0,1.59131,3.38688
35.9711,85.139,1.3183,1,0.02,3.29883,3.36895,0,0.634569,6.048,91.8302,98.274,1.64503,1,0,1.96507,2.00684,0,1.59137,3.38688
34.4233,85.139,1.11806,1,0.02,3.29897,3.36909,0,0.618201,6.048,91.4683,98.274,1.95172,1,0,1.96515,2.00692,0,1.51821,3.38688
35.1402,85.139,3.4652,1,0.02,3.2991,3.36923,0,0.618226,6.048,92.0139,98.274,6.02775,1,0,1.96523,2.007,0,1.51828,3.38688
35.2255,85.139,2.84323,1,0.02,3.29923,3.36936,0,0.618251,6.048,92.3848,98.274,3.37875,1,0,1.96531,2.00708,0,1.51834,3.38688
34.6605,85.139,2.00225,1,0.02,3.05089,3.11574,0,0.618276,6.048,92.4933,98.274,3.315,1,0,1.76797,1.80555,0,1.5184,3.38688
34.4083,85.139,2.34328,1,0.02,3.05101,3.11586,0,0.571736,6.048,92.5624,98.274,3.78203,1,0,1.76804,1.80563,0,1.36594,3.38688
34.5656,85.139,2.77275,1,0.02,3.05113,3.11599,0,0.571759,6.048,92.8678,98.274,4.81837,1,0,1.76812,1.8057,0,1.36599,3.38688
34.4084,85.139,2.40917,1,0.02,3.05126,3.11612,0,0.571782,6.048,92.9241,98.274,3.64024,1,0,1.76819,1.80577,0,1.36605,3.38688
36.2258,85.139,4.54281,1,0.02,3.05138,3.11624,0,0.571806,6.048,93.8262,98.274,5.87313,1,0,1.76826,1.80584,0,1.3661,3.38688
38.304,85.139,5.0033,1,0.02,3.14709,3.21399,0,0.571829,6.048,95.1116,98.274,7.47462,1,0,1.8255,1.86431,0,1.36616,3.38688
40.3409,85.139,5.03081,1,0.02,3.1472,3.2141,0,0.589765,6.048,96.1725,98.274,6.99811,1,0,1.82556,1.86437,0,1.41038,3.38688
42.2478,85.139,4.95336,1,0.02,3.14731,3.21421,0,0.589785,6.048,97.3668,98.274,7.36499,1,0,1.82563,1.86443,0,1.41043,3.38688
43.9231,85.139,4.73391,1,0.02,3.14741,3.21431,0,0.589805,6.048,98.6369,98.274,7.73103,1,0,1.82569,1.8645,0,1.41048,3.38688
44.7407,85.139,4.15863,1,0.02,3.45452,3.52795,0,0.589825,6.048,98.9976,98.274,4.92935,1,0,2.04042,2.08379,0,1.41053,3.38688
46.5206,85.139,5.28481,1,0.02,3.45464,3.52807,0,0.647377,6.048,99.3022,98.274,6.05763,1,0,2.04049,2.08386,0,1.57643,3.38688
50.6831,85.139,7.63439,1,0.02,3.45475,3.52819,0,0.647399,6.048,99.3022,98.274,7.45271,1,0,2.04056,2.08393,0,1.57648,3.38688
52.2109,85.139,5.0904,1,0.02,3.45487,3.52831,0,0.647421,6.048,99.3022,98.274,5.54173,1,0,2.04063,2.084,0,1.57654,3.38688
55.1229,85.139,6.15224,1,0.02,3.01705,3.08118,0,0.647443,6.048,99.3022,98.274,8.17834,1,0,1.75257,1.78982,0,1.57659,3.38688
57.1199,85.139,5.39337,1,0.02,3.01715,3.08128,0,0.565395,6.048,99.3022,98.274,8.51403,1,0,1.75263,1.78988,0,1.35403,3.38688
58.8871,85.139,4.89491,1,0.02,3.01725,3.08139,0,0.565414,6.048,99.3022,98.274,7.71036,1,0,1.75269,1.78994,0,1.35408,3.38688
60.5155,85.139,4.98309,1,0.02,3.01735,3.08149,0,0.565433,6.048,99.3022,98.274,7.52157,1,0,1.75275,1.79,0,1.35413,3.38688
61.7059,85.139,4.54138,1,0.02,3.01746,3.0816,0,0.565452,6.048,99.3022,98.274,6.79017,1,0,1.75281,1.79006,0,1.35417,3.38688
63.0321,85.139,4.71546,1,0.02,3.12781,3.1943,0,0.565471,6.048,99.3022,98.274,6.21069,1,0,1.82336,1.86212,0,1.35422,3.38688
63.8891,85.139,4.2627,1,0.02,3.12792,3.19441,0,0.586152,6.048,99.3022,98.274,7.23035,1,0,1.82343,1.86219,0,1.40873,3.38688
64.8655,85.139,4.35918,1,0.02,3.12803,3.19452,0,0.586172,6.048,99.3022,98.274,5.21176,1,0,1.82349,1.86225,0,1.40878,3.38688
65.2088,85.139,3.6787,1,0.02,3.12813,3.19462,0,0.586192,6.048,99.3022,98.274,5.00436,1,0,1.82355,1.86231,0,1.40883,3.38688
64.7913,85.139,2.87862,1,0.02,3.08512,3.1507,0,0.586212,6.048,99.3022,98.274,3.56057,1,0,1.79623,1.83441,0,1.40887,3.38688
64.1086,85.139,2.56779,1,0.02,3.08523,3.15081,0,0.578152,6.048,99.3022,98.274,3.20734,1,0,1.79629,1.83447,0,1.38776,3.38688
63.3404,85.139,2.41505,1,0.02,3.08533,3.15091,0,0.578172,6.048,99.3022,98.274,3.17026,1,0,1.79635,1.83453,0,1.38781,3.38688
62.4995,85.139,2.32608,1,0.02,3.08544,3.15102,0,0.578191,6.048,99.3022,98.274,3.27903,1,0,1.79641,1.83459,0,1.38786,3.38688
61.5603,85.139,2.3066,1,0.02,3.23191,3.30061,0,0.578211,6.048,99.3022,98.274,3.26045,1,0,1.8936,1.93385,0,1.38791,3.38688
60.552,85.139,2.20883,1,0.02,3.23202,3.30072,0,0.60566,6.048,99.2621,98.274,3.01075,1,0,1.89366,1.93391,0,1.46299,3.38688
59.392,85.139,1.99887,1,0.02,3.23213,3.30083,0,0.60568,6.048,99.1658,98.274,2.90559,1,0,1.89373,1.93398,0,1.46304,3.38688
58.1551,85.139,1.89171,1,0.02,3.23224,3.30094,0,0.605701,6.048,99.0297,98.274,2.74691,1,0,1.89379,1.93404,0,1.46309,3.38688
56.9159,85.139,1.88848,1,0.02,3.23235,3.30106,0,0.605721,6.048,98.9689,98.274,2.78748,1,0,1.89385,1.93411,0,1.46314,3.38688
55.6839,85.139,1.84407,1,0.02,3.20351,3.2716,0,0.605742,6.048,98.8915,98.274,2.83795,1,0,1.94731,1.9887,0,1.46319,3.38688
54.3863,85.139,1.74858,1,0.02,3.20362,3.27171,0,0.600337,6.048,98.7582,98.274,2.70437,1,0,1.94738,1.98877,0,1.50449,3.38688
52.9827,85.139,1.61685,1,0.02,3.20372,3.27182,0,0.600357,6.048,98.5461,98.274,2.52325,1,0,1.94744,1.98884,0,1.50454,3.38688
51.571,85.139,1.58143,1,0.02,3.20383,3.27193,0,0.600378,6.048,98.3485,98.274,2.46201,1,0,1.94751,1.9889,0,1.50459,3.38688
50.2975,85.139,1.74765,1,0.02,3.27871,3.34841,0,0.600398,6.048,98.3152,98.274,2.85334,1,0,1.99516,2.03757,0,1.50464,3.38688
48.9422,85.139,1.63645,1,0.02,3.27883,3.34852,0,0.614431,6.048,98.2505,98.274,2.84367,1,0,1.99523,2.03764,0,1.54146,3.38688
47.4351,85.139,1.45397,1,0.02,3.27894,3.34863,0,0.614452,6.048,98.1361,98.274,2.59988,1,0,1.9953,2.03771,0,1.54152,3.38688
45.8338,85.139,1.31878,1,0.02,3.27905,3.34875,0,0.614473,6.048,98.0093,98.274,2.5461,1,0,1.99537,2.03778,0,1.54157,3.38688
43.974,85.139,1.17773,1,0.02,3.49816,3.57252,0,0.614494,6.048,97.8837,98.274,2.78561,1,0,2.16723,2.2133,0,1.54162,3.38688
42.0707,85.139,1.08285,1,0.02,3.49828,3.57264,0,0.655555,6.048,97.7009,98.274,2.71483,1,0,2.16731,2.21337,0,1.6744,3.38688
40.3006,85.139,1.16446,1,0.02,3.4984,3.57276,0,0.655577,6.048,97.5284,98.274,2.75598,1,0,2.16738,2.21345,0,1.67446,3.38688
39.1565,85.139,1.80464,1,0.02,3.49852,3.57288,0,0.6556,6.048,97.5302,98.274,3.2595,1,0,2.16745,2.21352,0,1.67452,3.38688
38.4954,85.139,2.22529,1,0.02,3.49863,3.573,0,0.655622,6.048,97.6146,98.274,3.24557,1,0,2.16753,2.2136,0,1.67457,3.38688
37.0766,85.139,1.35798,1,0.02,3.392,3.4641,0,0.655644,6.048,97.3639,98.274,2.37809,1,0,2.06331,2.10716,0,1.67463,3.38688
35.8211,85.139,1.51795,1,0.02,3.39212,3.46422,0,0.635661,6.048,97.4253,98.274,3.1797,1,0,2.06338,2.10724,0,1.59411,3.38688
34.5177,85.139,1.44504,1,0.02,3.39223,3.46434,0,0.635683,6.048,97.5008,98.274,3.15126,1,0,2.06345,2.10731,0,1.59416,3.38688
33.4287,85.139,1.66535,1,0.02,3.39235,3.46445,0,0.635704,6.048,97.8181,98.274,3.85558,1,0,2.06352,2.10738,0,1.59422,3.38688
34.0956,85.139,3.40485,1,0.02,3.30483,3.37507,0,0.635726,6.048,98.2068,98.274,5.37165,1,0,1.96864,2.01049,0,1.59427,3.38688
34.5889,85.139,3.29722,1,0.02,3.30494,3.37519,0,0.619324,6.048,99.3022,98.274,7.15496,1,0,1.96871,2.01055,0,1.52097,3.38688
35.0997,85.139,3.28227,1,0.02,3.30505,3.3753,0,0.619345,6.048,99.3022,98.274,7.4372,1,0,1.96877,2.01062,0,1.52102,3.38688
36.381,85.139,4.24202,1,0.02,3.30516,3.37542,0,0.619366,6.048,99.3022,98.274,9.02415,1,0,1.96884,2.01069,0,1.52107,3.38688
39.0385,85.139,5.43041,1,0.02,3.05635,3.12132,0,0.619387,6.048,99.3022,98.274,9.14431,1,0,1.77114,1.80878,0,1.52113,3.38688
39.3731,85.139,3.10537,1,0.02,3.05645,3.12142,0,0.57276,6.048,99.3022,98.274,7.87644,1,0,1.7712,1.80885,0,1.36838,3.38688
42.2955,85.139,5.99692,1,0.02,3.05656,3.12153,0,0.572779,6.048,99.3022,98.274,11.989,1,0,1.77126,1.80891,0,1.36843,3.38688
44.711,85.139,5.49605,1,0.02,3.05666,3.12163,0,0.572799,6.048,99.3022,98.274,12.8105,1,0,1.77132,1.80897,0,1.36847,3.38688
46.5999,85.139,4.98324,1,0.02,3.05676,3.12174,0,0.572818,6.048,99.3022,98.274,8.19314,1,0,1.77138,1.80903,0,1.36852,3.38688
49.1987,85.139,6.06573,1,0.02,3.15262,3.21964,0,0.572837,6.048,99.3022,98.274,6.91067,1,0,1.82871,1.86758,0,1.36857,3.38688
50.0137,85.139,4.1713,1,0.02,3.15271,3.21972,0,0.590801,6.048,99.3022,98.274,5.45658,1,0,1.82876,1.86763,0,1.41286,3.38688
51.1732,85.139,4.42609,1,0.02,3.15279,3.21981,0,0.590817,6.048,99.3022,98.274,5.78714,1,0,1.82881,1.86768,0,1.4129,3.38688
53.0561,85.139,5.26571,1,0.02,3.15288,3.2199,0,0.590834,6.048,99.3022,98.274,6.32453,1,0,1.82886,1.86773,0,1.41294,3.38688
52.807,85.139,3.28044,1,0.02,3.4605,3.53406,0,0.59085,6.048,99.1081,98.274,4.14594,1,0,2.04395,2.0874,0,1.41298,3.38688
54.0881,85.139,4.95748,1,0.02,3.46059,3.53415,0,0.648497,6.048,99.0418,98.274,4.55961,1,0,2.04401,2.08745,0,1.57916,3.38688
53.8622,85.139,3.37121,1,0.02,3.46069,3.53425,0,0.648515,6.048,98.9266,98.274,4.25441,1,0,2.04406,2.08751,0,1.5792,3.38688
53.9259,85.139,3.60036,1,0.02,3.46078,3.53434,0,0.648533,6.048,98.7682,98.274,4.1265,1,0,2.04412,2.08757,0,1.57924,3.38688
57.386,85.139,6.75994,1,0.02,3.02219,3.08643,0,0.64855,6.048,99.1972,98.274,4.64233,1,0,1.75555,1.79287,0,1.57929,3.38688
58.6742,85.139,4.515,1,0.02,3.02227,3.08651,0,0.566358,6.048,99.3022,98.274,3.96636,1,0,1.7556,1.79292,0,1.35634,3.38688
58.6175,85.139,3.16145,1,0.02,3.02235,3.0866,0,0.566373,6.048,99.3022,98.274,3.59783,1,0,1.75565,1.79297,0,1.35638,3.38688
59.6278,85.139,4.25679,1,0.02,3.02243,3.08668,0,0.566389,6.048,99.3022,98.274,3.51412,1,0,1.7557,1.79302,0,1.35642,3.38688
61.7384,85.139,5.5663,1,0.02,3.02252,3.08676,0,0.566404,6.048,99.3022,98.274,5.02338,1,0,1.75575,1.79307,0,1.35645,3.38688
65.3225,85.139,7.32941,1,0.02,3.13304,3.19963,0,0.56642,6.048,99.3022,98.274,4.74825,1,0,1.82641,1.86523,0,1.35649,3.38688
67.551,85.139,5.73018,1,0.02,3.13312,3.19972,0,0.587131,6.048,99.3022,98.274,4.32273,1,0,1.82646,1.86528,0,1.41108,3.38688
69.8403,85.139,5.83674,1,0.02,3.13321,3.19981,0,0.587147,6.048,99.3022,98.274,4.85514,1,0,1.82651,1.86533,0,1.41112,3.38688
71.7465,85.139,5.38633,1,0.02,3.13329,3.1999,0,0.587163,6.048,99.3022,98.274,4.51763,1,0,1.82656,1.86538,0,1.41116,3.38688
72.853,85.139,4.50137,1,0.02,3.09019,3.15588,0,0.587179,6.048,99.3022,98.274,3.20899,1,0,1.79918,1.83742,0,1.4112,3.38688
73.211,85.139,3.751,1,0.02,3.09028,3.15597,0,0.579102,6.048,98.9273,98.274,2.666,1,0,1.79923,1.83747,0,1.39005,3.38688
73.217,85.139,3.2968,1,0.02,3.09036,3.15605,0,0.579118,6.048,98.5654,98.274,2.12438,1,0,1.79928,1.83752,0,1.39008,3.38688
72.9146,85.139,2.94027,1,0.02,3.09045,3.15614,0,0.579134,6.048,98.1284,98.274,1.97656,1,0,1.79933,1.83757,0,1.39012,3.38688
72.4355,85.139,2.88253,1,0.02,3.23714,3.30594,0,0.57915,6.048,97.6839,98.274,1.95265,1,0,1.89666,1.93697,0,1.39016,3.38688
71.7082,85.139,2.5869,1,0.02,3.23722,3.30603,0,0.606639,6.048,97.2089,98.274,1.89554,1,0,1.89671,1.93703,0,1.46536,3.38688
70.8901,85.139,2.47273,1,0.02,3.23731,3.30612,0,0.606656,6.048,96.8148,98.274,1.92663,1,0,1.89676,1.93708,0,1.4654,3.38688
69.976,85.139,2.3598,1,0.02,3.2374,3.30621,0,0.606672,6.048,96.4036,98.274,1.86776,1,0,1.89681,1.93713,0,1.46544,3.38688
68.6383,85.139,1.89773,1,0.02,3.23749,3.3063,0,0.606689,6.048,95.9891,98.274,1.79414,1,0,1.89687,1.93719,0,1.46548,3.38688
66.8409,85.139,1.3727,1,0.02,3.20858,3.27678,0,0.606705,6.048,95.5225,98.274,1.75397,1,0,1.95039,1.99185,0,1.46552,3.38688
64.9465,85.139,1.25571,1,0.02,3.20867,3.27687,0,0.601288,6.048,94.9727,98.274,1.71997,1,0,1.95045,1.9919,0,1.50687,3.38688
62.9651,85.139,1.13808,1,0.02,3.20875,3.27696,0,0.601304,6.048,94.4301,98.274,1.56504,1,0,1.9505,1.99196,0,1.50691,3.38688
60.9791,85.139,1.07531,1,0.02,3.20884,3.27705,0,0.60132,6.048,93.6308,98.274,1.53127,1,0,1.95055,1.99201,0,1.50696,3.38688
58.7332,85.139,0.854676,1,0.02,3.28382,3.35362,0,0.601337,6.048,92.8061,98.274,1.31089,1,0,1.99827,2.04074,0,1.507,3.38688
56.4653,85.139,0.797373,1,0.02,3.28391,3.35371,0,0.615388,6.048,91.91,98.274,1.23385,1,0,1.99832,2.0408,0,1.54386,3.38688
54.168,85.139,0.731776,1,0.02,3.284,3.3538,0,0.615404,6.048,91.3198,98.274,1.16577,1,0,1.99838,2.04086,0,1.5439,3.38688
52.0507,85.139,0.869834,1,0.02,3.28409,3.35389,0,0.615421,6.048,90.688,98.274,1.54439,1,0,1.99843,2.04091,0,1.54395,3.38688
49.7402,85.139,0.817688,1,0.02,3.50351,3.57798,0,0.615438,6.048,89.9685,98.274,1.46963,1,0,2.17055,2.21669,0,1.54399,3.38688
47.4403,85.139,0.796602,1,0.02,3.50361,3.57808,0,0.656558,6.048,89.3449,98.274,1.49707,1,0,2.17061,2.21675,0,1.67697,3.38688
45.2362,85.139,0.846537,1,0.02,3.5037,3.57818,0,0.656576,6.048,88.697,98.274,1.60763,1,0,2.17067,2.21681,0,1.67701,3.38688
43.1805,85.139,0.944313,1,0.02,3.5038,3.57828,0,0.656594,6.048,88.084,98.274,1.61345,1,0,2.17073,2.21687,0,1.67706,3.38688
41.0844,85.139,0.864443,1,0.02,3.50389,3.57837,0,0.656612,6.048,87.6952,98.274,1.53284,1,0,2.17078,2.21693,0,1.6771,3.38688
39.2883,85.139,1.04463,1,0.02,3.39708,3.46929,0,0.65663,6.048,87.4693,98.274,2.56897,1,0,2.06639,2.11032,0,1.67715,3.38688
37.4198,85.139,0.922186,1,0.02,3.39717,3.46938,0,0.636612,6.048,86.7371,98.274,1.80316,1,0,2.06645,2.11038,0,1.5965,3.38688
35.4465,85.139,0.755439,1,0.02,3.39726,3.46948,0,0.63663,6.048,86.3129,98.274,1.44281,1,0,2.06651,2.11043,0,1.59654,3.38688
33.9573,85.139,1.23759,1,0.02,3.39736,3.46957,0,0.636647,6.048,86.0048,98.274,1.9207,1,0,2.06656,2.11049,0,1.59658,3.38688
33.4892,85.139,2.18226,1,0.02,3.30968,3.38003,0,0.636664,6.048,85.6493,98.274,2.39407,1,0,1.97153,2.01344,0,1.59663,3.38688
32.6333,85.139,1.75454,1,0.02,3.30977,3.38013,0,0.620235,6.048,85.3888,98.274,1.75262,1,0,1.97159,2.0135,0,1.52321,3.38688
32.6668,85.139,2.64447,1,0.02,3.30986,3.38022,0,0.620252,6.048,85.6377,98.274,4.63156,1,0,1.97164,2.01355,0,1.52325,3.38688
36.3158,85.139,6.422,1,0.02,3.30995,3.38031,0,0.620269,6.048,87.1239,98.274,7.91951,1,0,1.9717,2.01361,0,1.52329,3.38688
36.5491,85.139,2.89137,1,0.02,3.06076,3.12582,0,0.620285,6.048,87.7282,98.274,4.09294,1,0,1.77369,1.8114,0,1.52333,3.38688
35.4325,85.139,1.51082,1,0.02,3.06084,3.12591,0,0.573586,6.048,88.3106,98.274,4.5549,1,0,1.77374,1.81144,0,1.37036,3.38688
34.6511,85.139,1.82752,1,0.02,3.06093,3.12599,0,0.573602,6.048,89.085,98.274,5.21783,1,0,1.77379,1.81149,0,1.37039,3.38688
35.662,85.139,3.58347,1,0.02,3.06101,3.12608,0,0.573618,6.048,90.1573,98.274,5.97261,1,0,1.77384,1.81154,0,1.37043,3.38688
39.4102,85.139,6.34873,1,0.02,3.06109,3.12616,0,0.573633,6.048,91.6272,98.274,7.05331,1,0,1.77389,1.81159,0,1.37047,3.38688
39.5007,85.139,2.99503,1,0.02,3.15707,3.22417,0,0.573649,6.048,91.7889,98.274,3.61582,1,0,1.83129,1.87021,0,1.3705,3.38688
41.9087,85.139,5.46859,1,0.02,3.15713,3.22424,0,0.591634,6.048,92.6049,98.274,4.92421,1,0,1.83133,1.87025,0,1.41485,3.38688
44.5742,85.139,5.76903,1,0.02,3.1572,3.22431,0,0.591647,6.048,93.959,98.274,6.66927,1,0,1.83136,1.87029,0,1.41488,3.38688
48.702,85.139,7.61618,1,0.02,3.15726,3.22437,0,0.591659,6.048,96.3051,98.274,9.59004,1,0,1.8314,1.87033,0,1.41491,3.38688
53.6684,85.139,8.70232,1,0.02,3.46529,3.53894,0,0.591671,6.048,98.392,98.274,9.13995,1,0,2.04678,2.09028,0,1.41494,3.38688
56.4974,85.139,6.50509,1,0.02,3.46536,3.53902,0,0.649394,6.048,99.3022,98.274,6.82523,1,0,2.04682,2.09033,0,1.58134,3.38688
59.9671,85.139,7.12721,1,0.02,3.46543,3.53909,0,0.649408,6.048,99.3022,98.274,5.95247,1,0,2.04686,2.09037,0,1.58137,3.38688
61.696,85.139,5.4885,1,0.02,3.4655,3.53916,0,0.649421,6.048,99.3022,98.274,5.37087,1,0,2.0469,2.09041,0,1.58141,3.38688
67.9542,85.139,10.1044,1,0.02,3.02629,3.09061,0,0.649434,6.048,99.3022,98.274,13.8895,1,0,1.75794,1.7953,0,1.58144,3.38688
72.5531,85.139,8.51872,1,0.02,3.02635,3.09068,0,0.567126,6.048,99.3022,98.274,12.0952,1,0,1.75797,1.79534,0,1.35818,3.38688
76.0793,85.139,7.50931,1,0.02,3.02641,3.09074,0,0.567138,6.048,99.3022,98.274,8.41174,1,0,1.75801,1.79538,0,1.35821,3.38688
77.9727,85.139,5.5527,1,0.02,3.02647,3.0908,0,0.567149,6.048,99.3022,98.274,5.65119,1,0,1.75804,1.79541,0,1.35824,3.38688
80.2668,85.139,5.99283,1,0.02,3.02654,3.09087,0,0.567161,6.048,99.3022,98.274,7.71088,1,0,1.75808,1.79545,0,1.35826,3.38688
82.8558,85.139,6.42411,1,0.02,3.13718,3.20387,0,0.567173,6.048,99.3022,98.274,7.97261,1,0,1.82883,1.8677,0,1.35829,3.38688
84.8511,85.139,5.88694,1,0.02,3.13725,3.20393,0,0.587908,6.048,99.3022,98.274,8.38504,1,0,1.82886,1.86774,0,1.41295,3.38688
85.139,85.139,5.61075,1,0.02,3.13731,3.204,0,0.58792,6.048,99.3022,98.274,8.76116,1,0,1.8289,1.86778,0,1.41298,3.38688
85.139,85.139,4.46131,1,0.02,3.13738,3.20407,0,0.587932,6.048,99.3022,98.274,6.18781,1,0,1.82894,1.86782,0,1.41301,3.38688
85.139,85.139,3.56592,1,0.02,3.0942,3.15997,0,0.587944,6.048,99.3022,98.274,3.69532,1,0,1.80151,1.8398,0,1.41304,3.38688
85.139,85.139,3.55822,1,0.02,3.09426,3.16004,0,0.579853,6.048,99.3022,98.274,3.53665,1,0,1.80155,1.83984,0,1.39185,3.38688
84.777,85.139,3.05891,1,0.02,3.09433,3.1601,0,0.579865,6.048,99.3022,98.274,3.3086,1,0,1.80159,1.83988,0,1.39188,3.38688
84.3006,85.139,2.96319,1,0.02,3.09439,3.16017,0,0.579877,6.048,99.3022,98.274,3.43278,1,0,1.80162,1.83992,0,1.3919,3.38688
83.6506,85.139,2.88056,1,0.02,3.24125,3.31014,0,0.579889,6.048,99.3022,98.274,2.88084,1,0,1.89907,1.93943,0,1.39193,3.38688
83.0238,85.139,2.86391,1,0.02,3.24131,3.31021,0,0.607409,6.048,99.3022,98.274,3.17136,1,0,1.89911,1.93947,0,1.46722,3.38688
82.2939,85.139,2.67384,1,0.02,3.24138,3.31028,0,0.607422,6.048,99.3022,98.274,2.91362,1,0,1.89914,1.93951,0,1.46725,3.38688
81.3423,85.139,2.4319,1,0.02,3.24145,3.31035,0,0.607434,6.048,99.2107,98.274,2.45319,1,0,1.89918,1.93955,0,1.46728,3.38688
80.1556,85.139,2.16374,1,0.02,3.24151,3.31041,0,0.607447,6.048,98.9065,98.274,2.20574,1,0,1.89922,1.93959,0,1.46731,3.38688
78.4928,85.139,1.62452,1,0.02,3.21255,3.28083,0,0.607459,6.048,98.4514,98.274,2.01696,1,0,1.9528,1.99431,0,1.46734,3.38688
76.7398,85.139,1.52041,1,0.02,3.21261,3.2809,0,0.602031,6.048,97.9787,98.274,1.95346,1,0,1.95284,1.99435,0,1.50874,3.38688
74.8671,85.139,1.38535,1,0.02,3.21268,3.28097,0,0.602043,6.048,97.387,98.274,1.85741,1,0,1.95288,1.9944,0,1.50877,3.38688
72.8993,85.139,1.25824,1,0.02,3.21274,3.28103,0,0.602056,6.048,96.8152,98.274,1.71709,1,0,1.95292,1.99444,0,1.5088,3.38688
70.7835,85.139,1.12464,1,0.02,3.28779,3.35768,0,0.602068,6.048,96.0396,98.274,1.68558,1,0,2.00069,2.04321,0,1.50883,3.38688
68.6164,85.139,1.04975,1,0.02,3.28786,3.35775,0,0.616132,6.048,95.1896,98.274,1.54087,1,0,2.00073,2.04326,0,1.54573,3.38688
66.3901,85.139,0.963403,1,0.02,3.28793,3.35781,0,0.616145,6.048,94.7124,98.274,1.45467,1,0,2.00077,2.0433,0,1.54576,3.38688
64.3791,85.139,1.14657,1,0.02,3.28799,3.35788,0,0.616157,6.048,93.9856,98.274,1.94557,1,0,2.00081,2.04334,0,1.54579,3.38688
61.8987,85.139,0.818886,1,0.02,3.50766,3.58222,0,0.61617,6.048,93.007,98.274,1.55696,1,0,2.17312,2.21931,0,1.54583,3.38688
59.1471,85.139,0.500189,1,0.02,3.50773,3.58229,0,0.657335,6.048,92.0405,98.274,1.34141,1,0,2.17316,2.21935,0,1.67895,3.38688
56.4867,85.139,0.555288,1,0.02,3.5078,3.58236,0,0.657348,6.048,91.283,98.274,1.38707,1,0,2.1732,2.2194,0,1.67898,3.38688
54.1584,85.139,0.891093,1,0.02,3.50787,3.58244,0,0.657362,6.048,90.4785,98.274,1.66263,1,0,2.17325,2.21944,0,1.67902,3.38688
52.0401,85.139,1.07731,1,0.02,3.50794,3.58251,0,0.657375,6.048,89.3704,98.274,1.68331,1,0,2.17329,2.21949,0,1.67905,3.38688
49.4776,85.139,0.500972,1,0.02,3.40098,3.47328,0,0.657389,6.048,88.1847,98.274,1.01569,1,0,2.06877,2.11274,0,1.67909,3.38688
46.9747,85.139,0.55701,1,0.02,3.40105,3.47335,0,0.637344,6.048,87.2411,98.274,0.915254,1,0,2.06881,2.11279,0,1.59833,3.38688
44.6922,85.139,0.741318,1,0.02,3.40112,3.47342,0,0.637357,6.048,86.583,98.274,1.25547,1,0,2.06885,2.11283,0,1.59836,3.38688
42.6699,85.139,0.996616,1,0.02,3.40119,3.47349,0,0.63737,6.048,85.5948,98.274,1.70971,1,0,2.0689,2.11287,0,1.5984,3.38688
40.7616,85.139,1.00477,1,0.02,3.3134,3.38383,0,0.637384,6.048,84.552,98.274,1.15223,1,0,1.97375,2.0157,0,1.59843,3.38688
38.7618,85.139,0.87272,1,0.02,3.31347,3.3839,0,0.620931,6.048,84.1795,98.274,0.829854,1,0,1.97379,2.01574,0,1.52492,3.38688
37.0861,85.139,1.15212,1,0.02,3.31354,3.38397,0,0.620944,6.048,83.9699,98.274,1.89201,1,0,1.97383,2.01579,0,1.52495,3.38688
37.3315,85.139,3.13403,1,0.02,3.3136,3.38404,0,0.620957,6.048,84.2664,98.274,3.62259,1,0,1.97387,2.01583,0,1.52498,3.38688
38.2405,85.139,3.65364,1,0.02,3.06411,3.12925,0,0.620969,6.048,84.8558,98.274,3.30543,1,0,1.77564,1.81338,0,1.52501,3.38688
38.7758,85.139,3.32053,1,0.02,3.06418,3.12931,0,0.574215,6.048,85.6337,98.274,4.54517,1,0,1.77567,1.81342,0,1.37186,3.38688
40.8143,85.139,5.02022,1,0.02,3.06424,3.12937,0,0.574227,6.048,86.9111,98.274,5.97458,1,0,1.77571,1.81346,0,1.37189,3.38688
40.7516,85.139,2.84751,1,0.02,3.0643,3.12944,0,0.574239,6.048,87.4104,98.274,3.96843,1,0,1.77575,1.81349,0,1.37191,3.38688
40.081,85.139,2.15277,1,0.02,3.06437,3.1295,0,0.574251,6.048,87.491,98.274,2.9705,1,0,1.77578,1.81353,0,1.37194,3.38688
44.4194,85.139,7.30115,1,0.02,3.16042,3.2276,0,0.574262,6.048,89.1091,98.274,6.30338,1,0,1.83324,1.8722,0,1.37197,3.38688
47.5128,85.139,6.21045,1,0.02,3.16047,3.22765,0,0.592263,6.048,90.1218,98.274,4.80295,1,0,1.83326,1.87223,0,1.41636,3.38688
49.0765,85.139,4.70797,1,0.02,3.16051,3.22769,0,0.592271,6.048,90.7773,98.274,3.82807,1,0,1.83329,1.87225,0,1.41638,3.38688
50.4994,85.139,4.54852,1,0.02,3.16055,3.22774,0,0.59228,6.048,91.3201,98.274,3.22827,1,0,1.83331,1.87228,0,1.4164,3.38688
52.152,85.139,5.12073,1,0.02,3.46888,3.54261,0,0.592288,6.048,92.3259,98.274,4.66392,1,0,2.0489,2.09245,0,1.41642,3.38688
54.1835,85.139,5.58555,1,0.02,3.46892,3.54266,0,0.650067,6.048,93.43,98.274,5.13686,1,0,2.04893,2.09248,0,1.58298,3.38688
56.8629,85.139,6.24648,1,0.02,3.46897,3.54271,0,0.650077,6.048,94.4818,98.274,5.04458,1,0,2.04896,2.09251,0,1.583,3.38688
60.6458,85.139,7.55358,1,0.02,3.46902,3.54276,0,0.650086,6.048,95.5577,98.274,5.0895,1,0,2.04898,2.09254,0,1.58302,3.38688
67.8813,85.139,11.0822,1,0.02,3.02934,3.09374,0,0.650095,6.048,99.3022,98.274,13.2759,1,0,1.75971,1.79712,0,1.58305,3.38688
76.6361,85.139,12.7475,1,0.02,3.02939,3.09378,0,0.567699,6.048,99.3022,98.274,12.2214,1,0,1.75974,1.79714,0,1.35955,3.38688
83.6528,85.139,10.9916,1,0.02,3.02943,3.09382,0,0.567707,6.048,99.3022,98.274,9.83566,1,0,1.75976,1.79717,0,1.35957,3.38688
85.139,85.139,11.9074,1,0.02,3.02947,3.09387,0,0.567715,6.048,99.3022,98.274,10.3198,1,0,1.75978,1.79719,0,1.35959,3.38688
85.139,85.139,11.0089,1,0.02,3.02951,3.09391,0,0.567723,6.048,99.3022,98.274,9.74905,1,0,1.75981,1.79722,0,1.35961,3.38688
85.139,85.139,9.81893,1,0.02,3.14025,3.207,0,0.567731,6.048,99.3022,98.274,9.23947,1,0,1.83061,1.86952,0,1.35963,3.38688
85.139,85.139,7.7831,1,0.02,3.14029,3.20704,0,0.588483,6.048,99.3022,98.274,8.13591,1,0,1.83064,1.86955,0,1.41433,3.38688
85.139,85.139,7.30733,1,0.02,3.14034,3.20709,0,0.588491,6.048,99.3022,98.274,9.11513,1,0,1.83066,1.86958,0,1.41435,3.38688
85.139,85.139,6.96318,1,0.02,3.14038,3.20713,0,0.588499,6.048,99.3022,98.274,8.24069,1,0,1.83069,1.8696,0,1.41437,3.38688
85.139,85.139,6.07665,1,0.02,3.09714,3.16297,0,0.588507,6.048,99.3022,98.274,5.87777,1,0,1.80322,1.84155,0,1.41439,3.38688
85.139,85.139,5.56215,1,0.02,3.09718,3.16302,0,0.580404,6.048,99.3022,98.274,4.63286,1,0,1.80325,1.84158,0,1.39317,3.38688
85.139,85.139,5.30895,1,0.02,3.09723,3.16306,0,0.580412,6.048,99.3022,98.274,4.75203,1,0,1.80327,1.8416,0,1.39319,3.38688
85.139,85.139,4.88938,1,0.02,3.09727,3.16311,0,0.58042,6.048,99.3022,98.274,4.57184,1,0,1.8033,1.84163,0,1.39321,3.38688
85.139,85.139,5.12525,1,0.02,3.24424,3.3132,0,0.580428,6.048,99.3022,98.274,4.25938,1,0,1.90082,1.94123,0,1.39323,3.38688
85.139,85.139,4.73464,1,0.02,3.24429,3.31325,0,0.607971,6.048,99.3022,98.274,3.51092,1,0,1.90085,1.94125,0,1.46857,3.38688
85.139,85.139,4.10597,1,0.02,3.24433,3.31329,0,0.607979,6.048,99.3022,98.274,3.31145,1,0,1.90087,1.94128,0,1.4686,3.38688
85.139,85.139,3.75162,1,0.02,3.24438,3.31334,0,0.607988,6.048,99.2799,98.274,2.81443,1,0,1.9009,1.94131,0,1.46862,3.38688
85.139,85.139,3.82187,1,0.02,3.24442,3.31339,0,0.607996,6.048,99.3022,98.274,3.05145,1,0,1.90093,1.94133,0,1.46864,3.38688
85.139,85.139,5.06093,1,0.02,3.21541,3.28376,0,0.608005,6.048,99.3022,98.274,3.2797,1,0,1.95454,1.99609,0,1.46866,3.38688
85.139,85.139,4.81963,1,0.02,3.21545,3.2838,0,0.602568,6.048,99.2999,98.274,3.20861,1,0,1.95457,1.99612,0,1.51008,3.38688
85.139,85.139,4.54814,1,0.02,3.2155,3.28385,0,0.602576,6.048,99.247,98.274,3.22516,1,0,1.9546,1.99615,0,1.5101,3.38688
85.139,85.139,4.18043,1,0.02,3.21554,3.28389,0,0.602584,6.048,99.1756,98.274,3.0662,1,0,1.95463,1.99617,0,1.51012,3.38688
85.139,85.139,3.9396,1,0.02,3.29063,3.36058,0,0.602593,6.048,98.9541,98.274,2.7665,1,0,2.00242,2.04498,0,1.51014,3.38688
85.139,85.139,3.71801,1,0.02,3.29068,3.36063,0,0.616665,6.048,98.6842,98.274,2.57786,1,0,2.00244,2.04501,0,1.54707,3.38688
85.1224,85.139,3.378,1,0.02,3.29073,3.36067,0,0.616673,6.048,98.3838,98.274,2.53787,1,0,2.00247,2.04504,0,1.54709,3.38688
84.8139,85.139,3.07226,1,0.02,3.29077,3.36072,0,0.616682,6.048,98.0433,98.274,2.66041,1,0,2.0025,2.04507,0,1.54711,3.38688
85.139,85.139,4.39715,1,0.02,3.5106,3.58522,0,0.616691,6.048,97.9047,98.274,3.37049,1,0,2.17494,2.22117,0,1.54713,3.38688
85.139,85.139,4.16124,1,0.02,3.51065,3.58527,0,0.657886,6.048,97.584,98.274,2.72789,1,0,2.17497,2.2212,0,1.68036,3.38688
84.9565,85.139,3.44368,1,0.02,3.51069,3.58532,0,0.657895,6.048,97.1536,98.274,1.9359,1,0,2.175,2.22123,0,1.68038,3.38688
85.139,85.139,4.23763,1,0.02,3.51074,3.58537,0,0.657904,6.048,97.1209,98.274,3.59747,1,0,2.17503,2.22126,0,1.6804,3.38688
85.1054,85.139,3.53756,1,0.02,3.51079,3.58542,0,0.657913,6.048,96.8748,98.274,2.64713,1,0,2.17506,2.22129,0,1.68043,3.38688
85.139,85.139,4.98548,1,0.02,3.40372,3.47607,0,0.657923,6.048,96.8514,98.274,3.2923,1,0,2.07044,2.11445,0,1.68045,3.38688
85.139,85.139,5.60253,1,0.02,3.40377,3.47612,0,0.637858,6.048,97.3068,98.274,5.1166,1,0,2.07046,2.11448,0,1.59962,3.38688
85.139,85.139,4.21883,1,0.02,3.40382,3.47617,0,0.637866,6.048,97.2073,98.274,3.1533,1,0,2.07049,2.1145,0,1.59964,3.38688
85.139,85.139,3.85397,1,0.02,3.40386,3.47622,0,0.637875,6.048,97.017,98.274,2.65714,1,0,2.07052,2.11453,0,1.59966,3.38688
84.7165,85.139,3.18088,1,0.02,3.31598,3.38647,0,0.637884,6.048,97.4164,98.274,4.60736,1,0,1.97529,2.01727,0,1.59969,3.38688
83.6906,85.139,2.66962,1,0.02,3.31603,3.38651,0,0.621415,6.048,98.0899,98.274,3.96428,1,0,1.97531,2.0173,0,1.52611,3.38688
85.1063,85.139,5.23388,1,0.02,3.31607,3.38656,0,0.621423,6.048,99.2795,98.274,5.97859,1,0,1.97534,2.01733,0,1.52613,3.38688
85.139,85.139,4.90192,1,0.02,3.31612,3.38661,0,0.621432,6.048,99.3022,98.274,5.65428,1,0,1.97537,2.01736,0,1.52615,3.38688
85.139,85.139,3.7378,1,0.02,3.06642,3.1316,0,0.621441,6.048,99.3022,98.274,6.04312,1,0,1.77697,1.81475,0,1.52617,3.38688
85.139,85.139,6.02277,1,0.02,3.06646,3.13164,0,0.574647,6.048,99.3022,98.274,6.95617,1,0,1.777,1.81477,0,1.37289,3.38688
85.139,85.139,6.36562,1,0.02,3.06651,3.13169,0,0.574655,6.048,99.3022,98.274,9.25199,1,0,1.77702,1.8148,0,1.37291,3.38688
85.139,85.139,4.80379,1,0.02,3.06655,3.13173,0,0.574663,6.048,99.3022,98.274,6.3395,1,0,1.77705,1.81482,0,1.37293,3.38688
85.139,85.139,6.83905,1,0.02,3.06659,3.13178,0,0.574671,6.048,99.3022,98.274,9.18498,1,0,1.77707,1.81485,0,1.37295,3.38688
85.139,85.139,12.9573,1,0.02,3.06659,3.13178,0,0.574679,6.048,99.3022,98.274,15.3111,1,0,1.77707,1.81485,0,1.37297,3.38688
85.139,85.139,12.7341,1,0.02,3.1627,3.22992,0,0.574679,6.048,99.3022,98.274,15.497,1,0,1.83455,1.87355,0,1.37297,3.38688
85.139,85.139,8.64273,1,0.02,3.16272,3.22995,0,0.592689,6.048,99.3022,98.274,10.4757,1,0,1.83457,1.87356,0,1.41738,3.38688
85.139,85.139,6.84173,1,0.02,3.16274,3.22997,0,0.592694,6.048,99.3022,98.274,6.37543,1,0,1.83458,1.87358,0,1.41739,3.38688
85.139,85.139,9.43592,1,0.02,3.16277,3.23,0,0.592698,6.048,99.3022,98.274,8.49186,1,0,1.8346,1.87359,0,1.4174,3.38688
85.139,85.139,17.398,1,0.02,3.47128,3.54507,0,0.592703,6.048,99.3022,98.274,15.9361,1,0,2.05032,2.0939,0,1.41741,3.38688
85.139,85.139,7.25354,1,0.02,3.47131,3.54509,0,0.650518,6.048,99.3022,98.274,7.87477,1,0,2.05034,2.09392,0,1.58408,3.38688
85.139,85.139,5.90436,1,0.02,3.47133,3.54512,0,0.650523,6.048,99.3022,98.274,7.91785,1,0,2.05035,2.09393,0,1.58409,3.38688
85.139,85.139,6.09904,1,0.02,3.47136,3.54515,0,0.650528,6.048,99.3022,98.274,11.9156,1,0,2.05037,2.09395,0,1.5841,3.38688
85.139,85.139,5.91611,1,0.02,3.03137,3.0958,0,0.650533,6.048,99.3022,98.274,7.80481,1,0,1.76089,1.79832,0,1.58411,3.38688
85.139,85.139,5.67516,1,0.02,3.03139,3.09582,0,0.568078,6.048,99.3022,98.274,9.28677,1,0,1.7609,1.79833,0,1.36046,3.38688
85.139,85.139,5.99699,1,0.02,3.03141,3.09585,0,0.568082,6.048,99.3022,98.274,8.91718,1,0,1.76091,1.79834,0,1.36047,3.38688
85.139,85.139,6.63683,1,0.02,3.03143,3.09587,0,0.568086,6.048,99.3022,98.274,10.2866,1,0,1.76093,1.79836,0,1.36048,3.38688
85.139,85.139,4.85128,1,0.02,3.03146,3.09589,0,0.568091,6.048,99.3022,98.274,7.49143,1,0,1.76094,1.79837,0,1.36049,3.38688
85.139,85.139,4.12483,1,0.02,3.14224,3.20903,0,0.568095,6.048,99.3022,98.274,5.58538,1,0,1.83178,1.87071,0,1.3605,3.38688
85.139,85.139,3.81339,1,0.02,3.14227,3.20906,0,0.588856,6.048,99.3022,98.274,4.9227,1,0,1.83179,1.87073,0,1.41523,3.38688
85.1338,85.139,3.58702,1,0.02,3.14229,3.20908,0,0.588861,6.048,99.3022,98.274,4.53412,1,0,1.8318,1.87074,0,1.41524,3.38688
85.139,85.139,4.26061,1,0.02,3.14231,3.20911,0,0.588865,6.048,99.3022,98.274,6.7048,1,0,1.83182,1.87075,0,1.41525,3.38688
85.139,85.139,3.64078,1,0.02,3.09903,3.1649,0,0.588869,6.048,99.3022,98.274,5.30411,1,0,1.80432,1.84268,0,1.41526,3.38688
84.7747,85.139,3.15491,1,0.02,3.09905,3.16492,0,0.580758,6.048,99.3022,98.274,4.85812,1,0,1.80434,1.84269,0,1.39402,3.38688
84.1017,85.139,2.80546,1,0.02,3.09907,3.16495,0,0.580762,6.048,99.3022,98.274,4.26141,1,0,1.80435,1.8427,0,1.39403,3.38688
83.3866,85.139,2.72544,1,0.02,3.0991,3.16497,0,0.580766,6.048,99.3022,98.274,4.39253,1,0,1.80436,1.84272,0,1.39404,3.38688
82.8004,85.139,2.94944,1,0.02,3.24613,3.31513,0,0.580771,6.048,99.3022,98.274,4.70835,1,0,1.90193,1.94236,0,1.39405,3.38688
82.0406,85.139,2.75151,1,0.02,3.24616,3.31516,0,0.608325,6.048,99.3022,98.274,4.25125,1,0,1.90194,1.94237,0,1.46943,3.38688
81.2023,85.139,2.60375,1,0.02,3.24618,3.31518,0,0.60833,6.048,99.3022,98.274,3.82644,1,0,1.90196,1.94239,0,1.46944,3.38688
80.2212,85.139,2.41868,1,0.02,3.24621,3.31521,0,0.608334,6.048,99.3022,98.274,3.63583,1,0,1.90197,1.9424,0,1.46945,3.38688
79.2095,85.139,2.39083,1,0.02,3.24623,3.31523,0,0.608339,6.048,99.3022,98.274,3.27323,1,0,1.90199,1.94242,0,1.46946,3.38688
78.1264,85.139,2.26143,1,0.02,3.21718,3.28556,0,0.608343,6.048,99.3022,98.274,3.17199,1,0,1.95562,1.99719,0,1.46947,3.38688
76.936,85.139,2.13091,1,0.02,3.2172,3.28559,0,0.602899,6.048,99.2689,98.274,2.9903,1,0,1.95563,1.9972,0,1.51091,3.38688
75.6189,85.139,1.98847,1,0.02,3.21723,3.28561,0,0.602904,6.048,99.1676,98.274,2.80143,1,0,1.95565,1.99722,0,1.51092,3.38688
74.1412,85.139,1.78738,1,0.02,3.21725,3.28564,0,0.602908,6.048,98.875,98.274,2.40722,1,0,1.95566,1.99723,0,1.51093,3.38688
72.4141,85.139,1.55992,1,0.02,3.29236,3.36234,0,0.602913,6.048,98.4759,98.274,2.09165,1,0,2.00347,2.04605,0,1.51095,3.38688
70.6626,85.139,1.51915,1,0.02,3.29238,3.36237,0,0.616988,6.048,98.0362,98.274,2.05479,1,0,2.00348,2.04607,0,1.54788,3.38688
68.8538,85.139,1.4466,1,0.02,3.29241,3.36239,0,0.616993,6.048,97.4763,98.274,1.94519,1,0,2.0035,2.04608,0,1.54789,3.38688
66.9087,85.139,1.27169,1,0.02,3.29243,3.36242,0,0.616997,6.048,96.8993,98.274,1.78802,1,0,2.00351,2.0461,0,1.5479,3.38688
64.7645,85.139,1.22182,1,0.02,3.51235,3.58701,0,0.617002,6.048,96.0392,98.274,1.71741,1,0,2.17602,2.22228,0,1.54791,3.38688
62.4424,85.139,1.03816,1,0.02,3.51237,3.58703,0,0.658214,6.048,95.4796,98.274,1.51411,1,0,2.17604,2.22229,0,1.68119,3.38688
60.2484,85.139,1.1248,1,0.02,3.5124,3.58706,0,0.658219,6.048,94.8694,98.274,1.97941,1,0,2.17605,2.22231,0,1.68121,3.38688
58.0064,85.139,1.04716,1,0.02,3.51243,3.58709,0,0.658224,6.048,94.3341,98.274,1.82311,1,0,2.17607,2.22233,0,1.68122,3.38688
56.1293,85.139,1.44584,1,0.02,3.51245,3.58711,0,0.658229,6.048,93.9242,98.274,2.05627,1,0,2.17609,2.22234,0,1.68123,3.38688
54.3169,85.139,1.39806,1,0.02,3.40531,3.47769,0,0.658234,6.048,93.8464,98.274,3.30746,1,0,2.0714,2.11543,0,1.68124,3.38688
52.3802,85.139,1.24755,1,0.02,3.40533,3.47772,0,0.638155,6.048,93.3883,98.274,2.08187,1,0,2.07142,2.11545,0,1.60036,3.38688
50.2768,85.139,1.04068,1,0.02,3.40536,3.47774,0,0.63816,6.048,92.9091,98.274,1.8562,1,0,2.07143,2.11546,0,1.60038,3.38688
48.4388,85.139,1.36327,1,0.02,3.40538,3.47777,0,0.638164,6.048,92.5089,98.274,1.9671,1,0,2.07145,2.11548,0,1.60039,3.38688
46.5898,85.139,1.24781,1,0.02,3.31744,3.38796,0,0.638169,6.048,92.0931,98.274,2.04401,1,0,1.97615,2.01816,0,1.6004,3.38688
45.2666,85.139,1.76243,1,0.02,3.31746,3.38798,0,0.621688,6.048,91.8148,98.274,1.92137,1,0,1.97617,2.01818,0,1.52678,3.38688
46.5982,85.139,4.56249,1,0.02,3.31749,3.38801,0,0.621693,6.048,92.4277,98.274,5.93324,1,0,1.97618,2.01819,0,1.52679,3.38688
46.363,85.139,2.97763,1,0.02,3.31751,3.38803,0,0.621698,6.048,92.5128,98.274,3.79394,1,0,1.9762,2.01821,0,1.5268,3.38688
46.2973,85.139,3.04725,1,0.02,3.06769,3.1329,0,0.621702,6.048,92.5182,98.274,3.2778,1,0,1.77771,1.8155,0,1.52681,3.38688
48.1189,85.139,4.89657,1,0.02,3.06771,3.13292,0,0.574885,6.048,92.72,98.274,4.41286,1,0,1.77772,1.81551,0,1.37346,3.38688
50.4372,85.139,5.48327,1,0.02,3.06774,3.13294,0,0.574889,6.048,92.876,98.274,4.24651,1,0,1.77774,1.81552,0,1.37347,3.38688
55.7,85.139,8.5342,1,0.02,3.06776,3.13297,0,0.574894,6.048,93.5517,98.274,5.06344,1,0,1.77775,1.81554,0,1.37348,3.38688
57.3514,85.139,4.83107,1,0.02,3.06778,3.13299,0,0.574898,6.048,94.2403,98.274,4.2713,1,0,1.77776,1.81555,0,1.37349,3.38688
56.1126,85.139,1.9838,1,0.02,3.1639,3.23116,0,0.574902,6.048,94.5123,98.274,2.97718,1,0,1.83525,1.87426,0,1.3735,3.38688
54.8113,85.139,1.92389,1,0.02,3.16391,3.23116,0,0.592916,6.048,95.0232,98.274,3.52827,1,0,1.83526,1.87427,0,1.41792,3.38688
53.07,85.139,1.44518,1,0.02,3.16391,3.23116,0,0.592916,6.048,95.1339,98.274,2.98099,1,0,1.83526,1.87427,0,1.41792,3.38688
51.476,85.139,1.53882,1,0.02,3.16391,3.23117,0,0.592917,6.048,95.4079,98.274,2.76296,1,0,1.83526,1.87427,0,1.41792,3.38688
49.9413,85.139,1.81514,1,0.02,3.47252,3.54633,0,0.592917,6.048,95.837,98.274,3.4761,1,0,2.05105,2.09465,0,1.41792,3.38688
48.4019,85.139,1.7762,1,0.02,3.47252,3.54633,0,0.65075,6.048,96.1504,98.274,3.51828,1,0,2.05105,2.09465,0,1.58464,3.38688
47.4303,85.139,2.36057,1,0.02,3.47252,3.54634,0,0.65075,6.048,96.658,98.274,4.23809,1,0,2.05105,2.09465,0,1.58464,3.38688
47.2959,85.139,3.27864,1,0.02,3.47253,3.54634,0,0.650751,6.048,97.3911,98.274,4.57973,1,0,2.05106,2.09465,0,1.58464,3.38688
51.433,85.139,7.37708,1,0.02,3.03237,3.09682,0,0.650752,6.048,98.8948,98.274,6.92311,1,0,1.76147,1.79891,0,1.58465,3.38688
53.8105,85.139,5.67465,1,0.02,3.03237,3.09683,0,0.568265,6.048,99.3022,98.274,5.45695,1,0,1.76147,1.79891,0,1.36091,3.38688
57.305,85.139,6.87167,1,0.02,3.03237,3.09683,0,0.568266,6.048,99.3022,98.274,5.9245,1,0,1.76147,1.79891,0,1.36091,3.38688
60.2998,85.139,6.33361,1,0.02,3.03238,3.09683,0,0.568267,6.048,99.3022,98.274,6.71871,1,0,1.76147,1.79891,0,1.36091,3.38688
62.7602,85.139,5.85954,1,0.02,3.03238,3.09683,0,0.568267,6.048,99.3022,98.274,6.54735,1,0,1.76147,1.79892,0,1.36091,3.38688
64.4743,85.139,5.21931,1,0.02,3.14318,3.20999,0,0.568268,6.048,99.3022,98.274,5.74803,1,0,1.83232,1.87127,0,1.36091,3.38688
68.1214,85.139,7.27141,1,0.02,3.14318,3.20999,0,0.589032,6.048,99.3022,98.274,7.62635,1,0,1.83232,1.87127,0,1.41565,3.38688
69.9272,85.139,5.37868,1,0.02,3.14318,3.21,0,0.589032,6.048,99.3022,98.274,6.42538,1,0,1.83232,1.87127,0,1.41565,3.38688
70.5733,85.139,4.01554,1,0.02,3.14319,3.21,0,0.589033,6.048,99.3022,98.274,4.49718,1,0,1.83233,1.87127,0,1.41565,3.38688
70.1676,85.139,2.84468,1,0.02,3.09987,3.16576,0,0.589033,6.048,99.2086,98.274,3.06333,1,0,1.80481,1.84318,0,1.41566,3.38688
69.4378,85.139,2.50069,1,0.02,3.09987,3.16576,0,0.580916,6.048,99.0598,98.274,2.7778,1,0,1.80481,1.84318,0,1.3944,3.38688
68.9126,85.139,2.71122,1,0.02,3.09988,3.16577,0,0.580916,6.048,99.2225,98.274,2.4965,1,0,1.80482,1.84318,0,1.3944,3.38688
68.2781,85.139,2.52547,1,0.02,3.09988,3.16577,0,0.580917,6.048,99.0864,98.274,2.64437,1,0,1.80482,1.84318,0,1.3944,3.38688
67.3435,85.139,2.31416,1,0.02,3.24693,3.31595,0,0.580917,6.048,98.8968,98.274,2.3986,1,0,1.9024,1.94284,0,1.3944,3.38688
66.166,85.139,2.05005,1,0.02,3.24693,3.31595,0,0.608475,6.048,98.693,98.274,2.20538,1,0,1.9024,1.94284,0,1.46979,3.38688
64.9189,85.139,1.9601,1,0.02,3.24694,3.31595,0,0.608475,6.048,98.3466,98.274,2.03298,1,0,1.9024,1.94284,0,1.46979,3.38688
63.4835,85.139,1.74589,1,0.02,3.24694,3.31596,0,0.608476,6.048,98.0405,98.274,1.87159,1,0,1.9024,1.94284,0,1.4698,3.38688
61.8831,85.139,1.53014,1,0.02,3.24694,3.31596,0,0.608477,6.048,97.5617,98.274,1.75126,1,0,1.90241,1.94284,0,1.4698,3.38688
60.2171,85.139,1.40106,1,0.02,3.21787,3.28627,0,0.608477,6.048,96.9875,98.274,1.68535,1,0,1.95604,1.99762,0,1.4698,3.38688
58.5074,85.139,1.32895,1,0.02,3.21787,3.28627,0,0.603028,6.048,96.3337,98.274,1.605,1,0,1.95604,1.99762,0,1.51124,3.38688
56.7231,85.139,1.22862,1,0.02,3.21787,3.28627,0,0.603029,6.048,95.5458,98.274,1.496,1,0,1.95604,1.99762,0,1.51124,3.38688
54.8335,85.139,1.08378,1,0.02,3.21788,3.28628,0,0.603029,6.048,94.8078,98.274,1.3204,1,0,1.95604,1.99762,0,1.51124,3.38688
52.9264,85.139,1.09964,1,0.02,3.29298,3.36297,0,0.60303,6.048,94.1389,98.274,1.46757,1,0,2.00384,2.04644,0,1.51124,3.38688
50.9669,85.139,1.00428,1,0.02,3.29298,3.36298,0,0.617104,6.048,93.2894,98.274,1.44438,1,0,2.00385,2.04644,0,1.54817,3.38688
48.9601,85.139,0.92188,1,0.02,3.29298,3.36298,0,0.617105,6.048,92.6098,98.274,1.26605,1,0,2.00385,2.04644,0,1.54817,3.38688
47.0436,85.139,0.969263,1,0.02,3.29299,3.36298,0,0.617105,6.048,91.6995,98.274,1.51775,1,0,2.00385,2.04644,0,1.54817,3.38688
44.7321,85.139,0.691174,1,0.02,3.51292,3.58759,0,0.617106,6.048,90.6815,98.274,1.15424,1,0,2.17637,2.22264,0,1.54817,3.38688
42.399,85.139,0.613,1,0.02,3.51292,3.58759,0,0.658321,6.048,89.6978,98.274,1.07416,1,0,2.17638,2.22264,0,1.68147,3.38688
40.1901,85.139,0.680547,1,0.02,3.51292,3.58759,0,0.658321,6.048,88.8608,98.274,1.10825,1,0,2.17638,2.22264,0,1.68147,3.38688
38.4077,85.139,1.09209,1,0.02,3.51293,3.5876,0,0.658322,6.048,87.9582,98.274,1.33622,1,0,2.17638,2.22264,0,1.68147,3.38688
36.9017,85.139,1.34787,1,0.02,3.51293,3.5876,0,0.658323,6.048,87.6296,98.274,1.35574,1,0,2.17638,2.22264,0,1.68147,3.38688
35.185,85.139,1.01724,1,0.02,3.40575,3.47814,0,0.658323,6.048,86.9244,98.274,1.92452,1,0,2.07167,2.11571,0,1.68147,3.38688
33.4197,85.139,0.912023,1,0.02,3.40575,3.47815,0,0.638238,6.048,86.0644,98.274,1.20113,1,0,2.07167,2.11571,0,1.60057,3.38688
31.581,85.139,0.763761,1,0.02,3.40576,3.47815,0,0.638238,6.048,85.5708,98.274,1.06962,1,0,2.07167,2.11571,0,1.60057,3.38688
30.7063,85.139,1.75362,1,0.02,3.40576,3.47815,0,0.638239,6.048,85.5072,98.274,1.80365,1,0,2.07168,2.11571,0,1.60058,3.38688
31.273,85.139,3.21046,1,0.02,3.31778,3.38831,0,0.63824,6.048,85.9959,98.274,3.21752,1,0,1.97636,2.01837,0,1.60058,3.38688
32.7598,85.139,4.31254,1,0.02,3.31779,3.38831,0,0.621753,6.048,86.3147,98.274,3.56077,1,0,1.97636,2.01837,0,1.52694,3.38688
34.7428,85.139,4.93738,1,0.02,3.31779,3.38832,0,0.621754,6.048,86.7218,98.274,3.99858,1,0,1.97636,2.01837,0,1.52694,3.38688
37.267,85.139,5.61619,1,0.02,3.31779,3.38832,0,0.621754,6.048,87.706,98.274,5.39854,1,0,1.97637,2.01838,0,1.52694,3.38688
41.1986,85.139,7.14759,1,0.02,3.06793,3.13314,0,0.621755,6.048,90.7925,98.274,8.56106,1,0,1.77785,1.81564,0,1.52694,3.38688
44.2535,85.139,6.54655,1,0.02,3.06793,3.13315,0,0.57493,6.048,93.503,98.274,8.1324,1,0,1.77785,1.81564,0,1.37357,3.38688
47.0634,85.139,6.32212,1,0.02,3.06794,3.13315,0,0.574931,6.048,95.9441,98.274,7.49791,1,0,1.77785,1.81564,0,1.37357,3.38688
50.1641,85.139,6.71748,1,0.02,3.06794,3.13315,0,0.574931,6.048,98.2249,98.274,6.84511,1,0,1.77785,1.81564,0,1.37357,3.38688
54.3019,85.139,7.60818,1,0.02,3.06794,3.13316,0,0.574932,6.048,99.3022,98.274,7.08142,1,0,1.77786,1.81565,0,1.37357,3.38688
57.3517,85.139,6.65997,1,0.02,3.16405,3.2313,0,0.574932,6.048,99.3022,98.274,4.87323,1,0,1.83534,1.87435,0,1.37357,3.38688
61.6257,85.139,7.91076,1,0.02,3.16403,3.23129,0,0.592943,6.048,99.3022,98.274,4.89865,1,0,1.83533,1.87434,0,1.41798,3.38688
65.5466,85.139,7.66993,1,0.02,3.16401,3.23127,0,0.592939,6.048,99.3022,98.274,6.27765,1,0,1.83532,1.87433,0,1.41797,3.38688
68.2214,85.139,6.2944,1,0.02,3.164,3.23125,0,0.592936,6.048,99.3022,98.274,4.10379,1,0,1.83531,1.87432,0,1.41797,3.38688
78.089,85.139,14.1815,1,0.02,3.47259,3.5464,0,0.592933,6.048,99.3022,98.274,8.3589,1,0,2.05109,2.09469,0,1.41796,3.38688
83.8834,85.139,10.1448,1,0.02,3.47257,3.54638,0,0.650763,6.048,99.3022,98.274,10.2744,1,0,2.05108,2.09468,0,1.58467,3.38688
85.139,85.139,12.2049,1,0.02,3.47255,3.54636,0,0.650759,6.048,99.3022,98.274,11.1585,1,0,2.05107,2.09467,0,1.58466,3.38688
85.139,85.139,10.2841,1,0.02,3.47253,3.54634,0,0.650756,6.048,99.3022,98.274,10.531,1,0,2.05106,2.09465,0,1.58466,3.38688
85.139,85.139,7.23381,1,0.02,3.03235,3.0968,0,0.650752,6.048,99.3022,98.274,4.12896,1,0,1.76146,1.7989,0,1.58465,3.38688
85.139,85.139,8.6513,1,0.02,3.03233,3.09679,0,0.568262,6.048,99.3022,98.274,5.01415,1,0,1.76145,1.79889,0,1.3609,3.38688
85.139,85.139,12.6778,1,0.02,3.03232,3.09677,0,0.568259,6.048,99.3022,98.274,9.53903,1,0,1.76144,1.79888,0,1.36089,3.38688
85.139,85.139,9.08079,1,0.02,3.0323,3.09675,0,0.568256,6.048,99.3022,98.274,5.87506,1,0,1.76143,1.79887,0,1.36089,3.38688
85.139,85.139,9.91235,1,0.02,3.03228,3.09674,0,0.568253,6.048,99.3022,98.274,5.77322,1,0,1.76142,1.79886,0,1.36088,3.38688
85.139,85.139,14.6463,1,0.02,3.14306,3.20987,0,0.56825,6.048,99.3022,98.274,11.1555,1,0,1.83225,1.8712,0,1.36087,3.38688
85.139,85.139,10.4528,1,0.02,3.14304,3.20985,0,0.589009,6.048,99.3022,98.274,7.12052,1,0,1.83224,1.87119,0,1.4156,3.38688
85.139,85.139,9.17834,1,0.02,3.14302,3.20983,0,0.589006,6.048,99.3022,98.274,5.85152,1,0,1.83223,1.87118,0,1.41559,3.38688
85.139,85.139,8.39092,1,0.02,3.14301,3.20982,0,0.589003,6.048,99.3022,98.274,5.10248,1,0,1.83222,1.87117,0,1.41558,3.38688
85.139,85.139,6.45133,1,0.02,3.09967,3.16556,0,0.588999,6.048,99.3022,98.274,4.41124,1,0,1.8047,1.84306,0,1.41557,3.38688
85.139,85.139,6.11059,1,0.02,3.09965,3.16554,0,0.580878,6.048,99.3022,98.274,4.23123,1,0,1.80469,1.84305,0,1.39431,3.38688
85.139,85.139,5.72599,1,0.02,3.09964,3.16552,0,0.580875,6.048,99.3022,98.274,5.00025,1,0,1.80468,1.84304,0,1.3943,3.38688
85.139,85.139,5.33468,1,0.02,3.09962,3.16551,0,0.580872,6.048,99.3022,98.274,4.43634,1,0,1.80467,1.84303,0,1.39429,3.38688
85.139,85.139,5.37015,1,0.02,3.24664,3.31565,0,0.580869,6.048,99.3022,98.274,3.78348,1,0,1.90223,1.94266,0,1.39429,3.38688
85.139,85.139,5.1101,1,0.02,3.24662,3.31563,0,0.60842,6.048,99.3022,98.274,3.5696,1,0,1.90222,1.94265,0,1.46966,3.38688
85.139,85.139,4.93387,1,0.02,3.2466,3.31561,0,0.608417,6.048,99.3022,98.274,3.81116,1,0,1.90221,1.94264,0,1.46965,3.38688
85.139,85.139,4.53431,1,0.02,3.24659,3.3156,0,0.608414,6.048,99.3022,98.274,3.60679,1,0,1.9022,1.94263,0,1.46964,3.38688
85.139,85.139,3.81126,1,0.02,3.24657,3.31558,0,0.60841,6.048,99.3022,98.274,2.96874,1,0,1.90219,1.94262,0,1.46964,3.38688
85.139,85.139,3.57061,1,0.02,3.21747,3.28587,0,0.608407,6.048,99.3022,98.274,2.82741,1,0,1.9558,1.99737,0,1.46963,3.38688
85.139,85.139,3.45225,1,0.02,3.21746,3.28585,0,0.602955,6.048,99.3022,98.274,2.78378,1,0,1.95579,1.99736,0,1.51105,3.38688
84.9231,85.139,3.08441,1,0.02,3.21744,3.28583,0,0.602951,6.048,99.2635,98.274,2.59705,1,0,1.95578,1.99735,0,1.51104,3.38688
84.7298,85.139,3.09941,1,0.02,3.21742,3.28581,0,0.602948,6.048,99.2133,98.274,2.68496,1,0,1.95577,1.99734,0,1.51103,3.38688
84.6005,85.139,3.22542,1,0.02,3.29249,3.36248,0,0.602945,6.048,99.0947,98.274,2.65236,1,0,2.00355,2.04613,0,1.51103,3.38688
84.1801,85.139,2.92547,1,0.02,3.29247,3.36246,0,0.617013,6.048,98.9402,98.274,2.44114,1,0,2.00354,2.04612,0,1.54794,3.38688
83.4263,85.139,2.56853,1,0.02,3.29246,3.36244,0,0.61701,6.048,98.7734,98.274,2.41846,1,0,2.00353,2.04611,0,1.54793,3.38688
82.2888,85.139,2.18101,1,0.02,3.29244,3.36242,0,0.617006,6.048,98.3709,98.274,2.35877,1,0,2.00351,2.0461,0,1.54792,3.38688
81.2508,85.139,2.44692,1,0.02,3.51231,3.58696,0,0.617003,6.048,98.0222,98.274,1.97341,1,0,2.176,2.22225,0,1.54792,3.38688
80.5566,85.139,2.81559,1,0.02,3.51229,3.58695,0,0.658206,6.048,97.4203,98.274,2.35333,1,0,2.17598,2.22224,0,1.68117,3.38688
79.3438,85.139,2.28848,1,0.02,3.51227,3.58693,0,0.658203,6.048,97.0774,98.274,1.69349,1,0,2.17597,2.22223,0,1.68117,3.38688
78.6649,85.139,2.80045,1,0.02,3.51225,3.58691,0,0.658199,6.048,96.7379,98.274,3.00628,1,0,2.17596,2.22221,0,1.68116,3.38688
77.133,85.139,1.90379,1,0.02,3.51223,3.58689,0,0.658196,6.048,96.1766,98.274,1.78413,1,0,2.17595,2.2222,0,1.68115,3.38688
76.3637,85.139,2.56456,1,0.02,3.40505,3.47743,0,0.658192,6.048,95.8689,98.274,1.75873,1,0,2.07124,2.11527,0,1.68114,3.38688
76.5104,85.139,3.58908,1,0.02,3.40503,3.47741,0,0.638106,6.048,95.746,98.274,2.91564,1,0,2.07123,2.11526,0,1.60024,3.38688
76.1595,85.139,3.15623,1,0.02,3.40501,3.47739,0,0.638103,6.048,95.15,98.274,2.07879,1,0,2.07122,2.11525,0,1.60023,3.38688
75.2653,85.139,2.59816,1,0.02,3.40499,3.47737,0,0.638099,6.048,94.8491,98.274,1.55462,1,0,2.07121,2.11524,0,1.60023,3.38688
76.6371,85.139,4.85385,1,0.02,3.31702,3.38752,0,0.638096,6.048,94.6082,98.274,2.13697,1,0,1.9759,2.0179,0,1.60022,3.38688
77.3949,85.139,4.26835,1,0.02,3.317,3.3875,0,0.621609,6.048,94.856,98.274,4.30524,1,0,1.97589,2.01789,0,1.52658,3.38688
78.7847,85.139,4.90956,1,0.02,3.31698,3.38749,0,0.621605,6.048,94.766,98.274,2.13397,1,0,1.97588,2.01788,0,1.52657,3.38688
81.0862,85.139,5.90577,1,0.02,3.31696,3.38747,0,0.621602,6.048,95.0892,98.274,4.07263,1,0,1.97587,2.01787,0,1.52657,3.38688
81.649,85.139,4.05492,1,0.02,3.06714,3.13234,0,0.621599,6.048,95.2601,98.274,2.98377,1,0,1.77739,1.81517,0,1.52656,3.38688
81.321,85.139,3.01094,1,0.02,3.06712,3.13232,0,0.574782,6.048,95.2538,98.274,2.3746,1,0,1.77738,1.81516,0,1.37321,3.38688
83.7159,85.139,5.7501,1,0.02,3.06711,3.1323,0,0.574779,6.048,95.5166,98.274,3.25787,1,0,1.77737,1.81515,0,1.3732,3.38688
85.139,85.139,11.5623,1,0.02,3.06709,3.13228,0,0.574776,6.048,97.3545,98.274,7.3608,1,0,1.77736,1.81514,0,1.3732,3.38688
85.139,85.139,6.71509,1,0.02,3.06707,3.13227,0,0.574773,6.048,97.5835,98.274,4.49818,1,0,1.77735,1.81513,0,1.37319,3.38688
84.3254,85.139,2.67368,1,0.02,3.16313,3.23037,0,0.57477,6.048,97.1689,98.274,1.78254,1,0,1.83481,1.87381,0,1.37318,3.38688
83.2211,85.139,2.34977,1,0.04,3.16309,3.23033,0,0.592771,6.048,97.1469,98.274,1.9263,1,0,1.83479,1.87379,0,1.41757,3.38688
85.139,85.139,6.45461,1,0.04,3.16306,3.23029,0,0.592764,6.048,97.3734,98.274,2.90169,1,0,1.83476,1.87376,0,1.41755,3.38688
85.139,85.139,15.5918,1,0.04,3.16302,3.23025,0,0.592757,6.048,98.4268,98.274,5.33727,1,0,1.83474,1.87374,0,1.41754,3.38688
84.765,85.139,3.50927,1,0.04,3.47149,3.54528,0,0.59275,6.048,98.0766,98.274,2.85469,1,0,2.05044,2.09403,0,1.41752,3.38688
85.0592,85.139,4.07581,1,0.04,3.47145,3.54524,0,0.650558,6.048,97.6618,98.274,2.14178,1,0,2.05042,2.094,0,1.58417,3.38688
85.139,85.139,5.63262,1,0.04,3.47141,3.5452,0,0.65055,6.048,97.6003,98.274,2.36173,1,0,2.0504,2.09398,0,1.58415,3.38688
85.139,85.139,5.6883,1,0.04,3.47137,3.54516,0,0.650542,6.048,96.8722,98.274,3.0374,1,0,2.05037,2.09395,0,1.58414,3.38688
84.6321,85.139,2.96406,1,0.04,3.03131,3.09575,0,0.650535,6.048,96.5071,98.274,1.76662,1,0,1.76086,1.79829,0,1.58412,3.38688
85.139,85.139,4.09512,1,0.04,3.03128,3.09571,0,0.568068,6.048,96.7873,98.274,2.23833,1,0,1.76084,1.79826,0,1.36044,3.38688
85.139,85.139,4.98691,1,0.04,3.03124,3.09568,0,0.568062,6.048,97.2896,98.274,4.06289,1,0,1.76081,1.79824,0,1.36042,3.38688
85.139,85.139,3.99756,1,0.04,3.03121,3.09564,0,0.568055,6.048,97.4984,98.274,3.446,1,0,1.76079,1.79822,0,1.36041,3.38688
85.139,85.139,4.60097,1,0.04,3.03117,3.0956,0,0.568048,6.048,97.9679,98.274,3.43208,1,0,1.76077,1.7982,0,1.36039,3.38688
85.139,85.139,5.47258,1,0.04,3.14189,3.20867,0,0.568041,6.048,98.6128,98.274,4.12632,1,0,1.83157,1.8705,0,1.36037,3.38688
85.139,85.139,3.79729,1,0.04,3.14185,3.20863,0,0.588789,6.048,98.985,98.274,3.3866,1,0,1.83155,1.87048,0,1.41507,3.38688
85.139,85.139,4.00009,1,0.04,3.14181,3.20859,0,0.588782,6.048,99.3022,98.274,3.28989,1,0,1.83152,1.87046,0,1.41505,3.38688
84.9511,85.139,3.26812,1,0.04,3.14177,3.20856,0,0.588776,6.048,98.8535,98.274,2.98828,1,0,1.8315,1.87043,0,1.41504,3.38688
84.1082,85.139,2.46271,1,0.04,3.09844,3.1643,0,0.588769,6.048,98.5379,98.274,2.11468,1,0,1.80398,1.84232,0,1.41502,3.38688
82.9361,85.139,2.1292,1,0.04,3.0984,3.16426,0,0.580647,6.048,98.0767,98.274,1.90851,1,0,1.80396,1.8423,0,1.39375,3.38688
81.6955,85.139,1.95981,1,0.04,3.09836,3.16422,0,0.58064,6.048,97.7768,98.274,1.73398,1,0,1.80394,1.84228,0,1.39374,3.38688
80.4174,85.139,1.91066,1,0.04,3.09833,3.16418,0,0.580633,6.048,97.1715,98.274,1.96268,1,0,1.80391,1.84226,0,1.39372,3.38688
78.8736,85.139,1.77612,1,0.04,3.24526,3.31424,0,0.580626,6.048,96.5439,98.274,1.54149,1,0,1.90142,1.94184,0,1.3937,3.38688
77.1833,85.139,1.57386,1,0.04,3.24522,3.31421,0,0.608162,6.048,95.8235,98.274,1.36058,1,0,1.9014,1.94181,0,1.46904,3.38688
75.4305,85.139,1.47786,1,0.04,3.24519,3.31417,0,0.608155,6.048,95.1882,98.274,1.38402,1,0,1.90138,1.94179,0,1.46902,3.38688
73.6365,85.139,1.41884,1,0.04,3.24515,3.31413,0,0.608148,6.048,94.7396,98.274,1.3558,1,0,1.90135,1.94177,0,1.469,3.38688
72.082,85.139,1.644,1,0.04,3.24511,3.31409,0,0.608141,6.048,94.4393,98.274,1.73065,1,0,1.90133,1.94175,0,1.46899,3.38688
70.7197,85.139,1.80186,1,0.04,3.21601,3.28437,0,0.608133,6.048,94.1761,98.274,1.95102,1,0,1.95491,1.99646,0,1.46897,3.38688
69.2223,85.139,1.65349,1,0.04,3.21597,3.28433,0,0.60268,6.048,93.7834,98.274,1.94816,1,0,1.95488,1.99644,0,1.51036,3.38688
67.6035,85.139,1.51342,1,0.04,3.21593,3.28429,0,0.602672,6.048,93.3348,98.274,1.7443,1,0,1.95486,1.99641,0,1.51034,3.38688
65.8647,85.139,1.35516,1,0.04,3.21589,3.28425,0,0.602665,6.048,92.6594,98.274,1.61399,1,0,1.95484,1.99639,0,1.51033,3.38688
63.9843,85.139,1.26525,1,0.04,3.29091,3.36086,0,0.602658,6.048,92.072,98.274,1.40179,1,0,2.00258,2.04515,0,1.51031,3.38688
62.0417,85.139,1.17207,1,0.04,3.29087,3.36082,0,0.616716,6.048,91.3009,98.274,1.37315,1,0,2.00256,2.04512,0,1.54719,3.38688
60.0372,85.139,1.08572,1,0.04,3.29083,3.36078,0,0.616708,6.048,90.6488,98.274,1.23141,1,0,2.00253,2.0451,0,1.54718,3.38688
58.0835,85.139,1.1057,1,0.04,3.29079,3.36074,0,0.616701,6.048,89.9658,98.274,1.39682,1,0,2.00251,2.04508,0,1.54716,3.38688
55.7739,85.139,0.916337,1,0.04,3.51052,3.58514,0,0.616694,6.048,89.1571,98.274,1.31955,1,0,2.17489,2.22112,0,1.54714,3.38688
53.3073,85.139,0.728408,1,0.04,3.51048,3.5851,0,0.657872,6.048,88.335,98.274,1.17388,1,0,2.17487,2.2211,0,1.68032,3.38688
50.9622,85.139,0.809853,1,0.04,3.51044,3.58506,0,0.657865,6.048,87.6827,98.274,1.21004,1,0,2.17484,2.22107,0,1.6803,3.38688
49.1012,85.139,1.29903,1,0.04,3.5104,3.58502,0,0.657857,6.048,87.1232,98.274,1.46342,1,0,2.17482,2.22104,0,1.68028,3.38688
47.5041,85.139,1.55686,1,0.04,3.51036,3.58498,0,0.657849,6.048,86.6268,98.274,1.63712,1,0,2.17479,2.22102,0,1.68026,3.38688
45.5774,85.139,1.11844,1,0.04,3.40321,3.47555,0,0.657841,6.048,86.0634,98.274,1.43636,1,0,2.07013,2.11413,0,1.68024,3.38688
43.611,85.139,1.03743,1,0.04,3.40317,3.47551,0,0.637762,6.048,85.1886,98.274,1.35477,1,0,2.0701,2.1141,0,1.59938,3.38688
41.5775,85.139,0.919522,1,0.04,3.40313,3.47547,0,0.637755,6.048,84.4926,98.274,1.03012,1,0,2.07008,2.11408,0,1.59936,3.38688
39.6652,85.139,0.978475,1,0.04,3.40309,3.47543,0,0.637747,6.048,83.7519,98.274,1.12169,1,0,2.07005,2.11405,0,1.59934,3.38688
38.8459,85.139,2.01901,1,0.04,3.31514,3.38561,0,0.637739,6.048,82.9903,98.274,1.09966,1,0,1.97479,2.01676,0,1.59932,3.38688
37.6606,85.139,1.62156,1,0.04,3.3151,3.38557,0,0.621258,6.048,82.9041,98.274,0.92278,1,0,1.97476,2.01674,0,1.52572,3.38688
37.8629,85.139,3.0381,1,0.04,3.31506,3.38553,0,0.62125,6.048,83.0054,98.274,2.62899,1,0,1.97474,2.01671,0,1.5257,3.38688
