0cont_fund,0ins_pout,0ins_price,0infra_npv,0debt_serv,0gross_rev,0cont_contrib,0drought_cost,0water_price
0,0,0,0,0.000499492,2.62614e+07,-953305,953305,1.40025e+07
0,0,0,0,0,2.61649e+07,-887934,887934,1.40025e+07
0,0,0,0,0,2.61687e+07,-886981,886981,1.40025e+07
0,0,0,0,0,2.61724e+07,-886029,886029,1.40025e+07
0,0,0,0,0,2.88667e+07,-885076,885076,1.40025e+07
0,0,0,0,0,2.80441e+07,-352656,352656,1.40025e+07
0,0,0,0,0,2.80483e+07,-351591,351591,1.40025e+07
0,0,0,0,0,2.80524e+07,-350525,350525,1.40025e+07
0,0,0,0,0,2.43503e+07,-349458,349458,1.40025e+07
0,0,0,0,0,2.52948e+07,-953305,953305,1.40025e+07
0,0,0,0,0,2.52998e+07,-953305,953305,1.40025e+07
0,0,0,0,0,2.53048e+07,-953305,953305,1.40025e+07
0,0,0,0,0,2.53098e+07,-953305,953305,1.40025e+07
0,0,0,0,0,2.62336e+07,-953305,953305,1.40025e+07
0,0,0,0,0,2.61292e+07,-882830,882830,1.40025e+07
0,0,0,0,0,2.61329e+07,-881876,881876,1.40025e+07
0,0,0,0,0,2.61367e+07,-880921,880921,1.40025e+07
0,0,0,0,0,2.57822e+07,-879967,879967,1.40025e+07
0,0,0,0,0,2.58916e+07,-946965,946965,1.40025e+07
0,0,0,0,0,2.58953e+07,-946024,946024,1.40025e+07
0,0,0,0,0,2.5899e+07,-945083,945083,1.40025e+07
0,0,0,0,0,2.71505e+07,-944142,944142,1.40025e+07
0,0,0,0,0,2.67792e+07,-702015,702015,1.40025e+07
0,0,0,0,0,2.6783e+07,-701022,701022,1.40025e+07
0,0,0,0,0,2.67869e+07,-700029,700029,1.40025e+07
0,0,0,0,0,2.67908e+07,-699037,699037,1.40025e+07
0,0,0,0,0,2.70888e+07,-698043,698043,1.40025e+07
0,0,0,0,0,2.68863e+07,-564350,564350,1.40025e+07
0,0,0,0,0,2.68902e+07,-563328,563328,1.40025e+07
0,0,0,0,0,2.68941e+07,-562306,562306,1.40025e+07
0,0,0,0,0,2.75213e+07,-561283,561283,1.40025e+07
0,0,0,0,0,2.73412e+07,-441896,441896,1.40025e+07
0,0,0,0,0,2.73452e+07,-440848,440848,1.40025e+07
0,0,0,0,0,2.73492e+07,-439800,439800,1.40025e+07
0,0,0,0,0,2.9422e+07,-438752,438752,1.40025e+07
0,0,0,0,0,2.87612e+07,-10107.9,10107.9,1.40025e+07
0,0,0,0,0,2.87655e+07,-8968.51,8968.51,1.40025e+07
0,0,0,0,0,2.87698e+07,-7828.7,7828.7,1.40025e+07
0,0,0,0,0,2.87741e+07,-6688.89,6688.89,1.40025e+07
0,0,0,0,0,2.76155e+07,-5548.7,5548.7,1.40025e+07
0,0,0,0,0,2.80238e+07,-264216,264216,1.40025e+07
0,0,0,0,0,2.80279e+07,-263130,263130,1.40025e+07
0,0,0,0,0,2.80321e+07,-262044,262044,1.40025e+07
0,0,0,0,0,2.70112e+07,-260958,260958,1.40025e+07
0,0,0,0,0,2.73834e+07,-496561,496561,1.40025e+07
0,0,0,0,0,2.73874e+07,-495524,495524,1.40025e+07
0,0,0,0,0,2.73914e+07,-494487,494487,1.40025e+07
0,0,0,0,0,2.50198e+07,-493449,493449,1.40025e+07
0,0,0,0,0,2.57404e+07,-953305,953305,1.40025e+07
0,0,0,0,0,2.57455e+07,-953305,953305,1.40025e+07
0,0,0,0,0,2.57507e+07,-953305,953305,1.40025e+07
0,0,0,0,0,2.57558e+07,-953305,953305,1.40025e+07
0,0,0,3.61674e+08,0.000499492,2.65348e+07,-953305,953305,1.40025e+07
0,0,0,3.61674e+08,0,2.63607e+07,-838108,838108,1.40025e+07
0,0,0,3.61674e+08,0,2.63643e+07,-837173,837173,1.40025e+07
0,0,0,3.61674e+08,0,2.6368e+07,-836238,836238,1.40025e+07
0,0,0,3.61674e+08,0,2.90918e+07,-835302,835302,1.40025e+07
0,0,0,3.61674e+08,0,2.82601e+07,-297049,297049,1.40025e+07
0,0,0,3.61674e+08,0,2.82642e+07,-296003,296003,1.40025e+07
0,0,0,3.61674e+08,0,2.82682e+07,-294957,294957,1.40025e+07
0,0,0,3.61674e+08,0,2.45253e+07,-293910,293910,1.40025e+07
0,0,0,3.61674e+08,0,2.55561e+07,-953305,953305,1.40025e+07
0,0,0,3.61674e+08,0,2.55611e+07,-953305,953305,1.40025e+07
0,0,0,3.61674e+08,0,2.5566e+07,-953305,953305,1.40025e+07
0,0,0,3.61674e+08,0,2.5571e+07,-953305,953305,1.40025e+07
0,0,0,3.61674e+08,0,2.65047e+07,-953305,953305,1.40025e+07
0,0,0,3.61674e+08,0,2.63231e+07,-833308,833308,1.40025e+07
0,0,0,3.61674e+08,0,2.63268e+07,-832371,832371,1.40025e+07
0,0,0,3.61674e+08,0,2.63305e+07,-831434,831434,1.40025e+07
0,0,0,3.61674e+08,0,2.59721e+07,-830497,830497,1.40025e+07
0,0,0,3.61674e+08,0,2.60826e+07,-898256,898256,1.40025e+07
0,0,0,3.61674e+08,0,2.60862e+07,-897332,897332,1.40025e+07
0,0,0,3.61674e+08,0,2.60898e+07,-896408,896408,1.40025e+07
0,0,0,3.61674e+08,0,2.73548e+07,-895484,895484,1.40025e+07
0,0,0,3.61674e+08,0,2.69793e+07,-650744,650744,1.40025e+07
0,0,0,3.61674e+08,0,2.69831e+07,-649769,649769,1.40025e+07
0,0,0,3.61674e+08,0,2.69869e+07,-648795,648795,1.40025e+07
0,0,0,3.61674e+08,0,2.69907e+07,-647820,647820,1.40025e+07
0,0,0,3.61674e+08,0,2.72919e+07,-646844,646844,1.40025e+07
0,0,0,3.61674e+08,0,2.7087e+07,-511727,511727,1.40025e+07
0,0,0,3.61674e+08,0,2.70909e+07,-510723,510723,1.40025e+07
0,0,0,3.61674e+08,0,2.70947e+07,-509720,509720,1.40025e+07
0,0,0,3.61674e+08,0,2.77286e+07,-508716,508716,1.40025e+07
0,0,0,3.61674e+08,0,2.75464e+07,-388063,388063,1.40025e+07
0,0,0,3.61674e+08,0,2.75503e+07,-387034,387034,1.40025e+07
0,0,0,3.61674e+08,0,2.75543e+07,-386005,386005,1.40025e+07
0,0,0,3.61674e+08,0,2.96494e+07,-384976,384976,1.40025e+07
0,0,0,3.61674e+08,0,2.90564e+07,0,0,1.40025e+07
0,0,0,3.61674e+08,0,2.90624e+07,0,0,1.40025e+07
0,0,0,3.61674e+08,0,2.90683e+07,0,0,1.40025e+07
0,0,0,3.61674e+08,0,2.90743e+07,0,0,1.40025e+07
0,0,0,3.61674e+08,0,2.79049e+07,0,0,1.40025e+07
0,0,0,3.61674e+08,0,2.82353e+07,-208740,208740,1.40025e+07
0,0,0,3.61674e+08,0,2.82394e+07,-207674,207674,1.40025e+07
0,0,0,3.61674e+08,0,2.82435e+07,-206608,206608,1.40025e+07
0,0,0,3.61674e+08,0,2.72115e+07,-205541,205541,1.40025e+07
0,0,0,3.61674e+08,0,2.75876e+07,-443714,443714,1.40025e+07
0,0,0,3.61674e+08,0,2.75915e+07,-442696,442696,1.40025e+07
0,0,0,3.61674e+08,0,2.75954e+07,-441677,441677,1.40025e+07
0,0,0,3.61674e+08,0,2.51982e+07,-440659,440659,1.40025e+07
0,0,0,3.61674e+08,0,2.59775e+07,-938314,938314,1.40025e+07
0,0,0,3.61674e+08,0,2.59811e+07,-937398,937398,1.40025e+07
0,0,0,3.61674e+08,0,2.59848e+07,-936481,936481,1.40025e+07
0,0,0,3.61674e+08,0,2.59884e+07,-935564,935564,1.40025e+07
0,0,0,3.61674e+08,4.05549e+07,2.68031e+07,-953305,953305,1.40025e+07
0,0,0,3.61674e+08,0,2.68082e+07,-953305,953305,1.40025e+07
0,0,0,3.61674e+08,0,2.68132e+07,-953305,953305,1.40025e+07
0,0,0,3.61674e+08,0,2.68182e+07,-953305,953305,1.40025e+07
0,0,0,3.61674e+08,0,2.95724e+07,-953305,953305,1.40025e+07
0,0,0,3.61674e+08,0,2.9578e+07,-953305,953305,1.40025e+07
0,0,0,3.61674e+08,0,2.95836e+07,-953305,953305,1.40025e+07
0,0,0,3.61674e+08,0,2.95892e+07,-953305,953305,1.40025e+07
0,0,0,3.61674e+08,0,2.58078e+07,-953305,953305,1.40025e+07
0,0,0,3.61674e+08,0,2.58127e+07,-953305,953305,1.40025e+07
0,0,0,3.61674e+08,0,2.58175e+07,-953305,953305,1.40025e+07
0,0,0,3.61674e+08,0,2.58223e+07,-953305,953305,1.40025e+07
0,0,0,3.61674e+08,0,2.58271e+07,-953305,953305,1.40025e+07
0,0,0,3.61674e+08,0,2.67707e+07,-953305,953305,1.40025e+07
0,0,0,3.61674e+08,0,2.67757e+07,-953305,953305,1.40025e+07
0,0,0,3.61674e+08,0,2.67807e+07,-953305,953305,1.40025e+07
0,0,0,3.61674e+08,0,2.67857e+07,-953305,953305,1.40025e+07
0,0,0,3.61674e+08,0,2.64248e+07,-953305,953305,1.40025e+07
0,0,0,3.61674e+08,0,2.64298e+07,-953305,953305,1.40025e+07
0,0,0,3.61674e+08,0,2.64348e+07,-953305,953305,1.40025e+07
0,0,0,3.61674e+08,0,2.64397e+07,-953305,953305,1.40025e+07
0,0,0,3.61674e+08,0,2.77194e+07,-953305,953305,1.40025e+07
0,0,0,3.61674e+08,0,2.77246e+07,-953305,953305,1.40025e+07
0,0,0,3.61674e+08,0,2.77298e+07,-953305,953305,1.40025e+07
0,0,0,3.61674e+08,0,2.7735e+07,-953305,953305,1.40025e+07
0,0,0,3.61674e+08,0,2.77402e+07,-953305,953305,1.40025e+07
0,0,0,3.61674e+08,0,2.80459e+07,-953305,953305,1.40025e+07
0,0,0,3.61674e+08,0,2.80512e+07,-953305,953305,1.40025e+07
0,0,0,3.61674e+08,0,2.80564e+07,-953305,953305,1.40025e+07
0,0,0,3.61674e+08,0,2.80617e+07,-953305,953305,1.40025e+07
0,0,0,3.61674e+08,0,2.87037e+07,-953305,953305,1.40025e+07
0,0,0,3.61674e+08,0,2.87091e+07,-953305,953305,1.40025e+07
0,0,0,3.61674e+08,0,2.87145e+07,-953305,953305,1.40025e+07
0,0,0,3.61674e+08,0,2.87199e+07,-953305,953305,1.40025e+07
0,0,0,3.61674e+08,0,3.08385e+07,-953305,953305,1.40025e+07
0,0,0,3.61674e+08,0,3.08443e+07,-953305,953305,1.40025e+07
0,0,0,3.61674e+08,0,3.08502e+07,-953305,953305,1.40025e+07
0,0,0,3.61674e+08,0,3.0856e+07,-953305,953305,1.40025e+07
0,0,0,3.61674e+08,0,3.08618e+07,-953305,953305,1.40025e+07
0,0,0,3.61674e+08,0,2.968e+07,-953305,953305,1.40025e+07
0,0,0,3.61674e+08,0,2.96856e+07,-953305,953305,1.40025e+07
0,0,0,3.61674e+08,0,2.96912e+07,-953305,953305,1.40025e+07
0,0,0,3.61674e+08,0,2.96968e+07,-953305,953305,1.40025e+07
0,0,0,3.61674e+08,0,2.86555e+07,-953305,953305,1.40025e+07
0,0,0,3.61674e+08,0,2.86609e+07,-953305,953305,1.40025e+07
0,0,0,3.61674e+08,0,2.86664e+07,-953305,953305,1.40025e+07
0,0,0,3.61674e+08,0,2.86718e+07,-953305,953305,1.40025e+07
0,0,0,3.61674e+08,0,2.6251e+07,-953305,953305,1.40025e+07
0,0,0,3.61674e+08,0,2.6256e+07,-953305,953305,1.40025e+07
0,0,0,3.61674e+08,0,2.62609e+07,-953305,953305,1.40025e+07
0,0,0,3.61674e+08,0,2.62658e+07,-953305,953305,1.40025e+07
0,0,0,3.61674e+08,0,2.62708e+07,-953305,953305,1.40025e+07
0,0,0,7.60896e+08,4.05549e+07,2.70659e+07,-953305,953305,1.40025e+07
0,0,0,7.60896e+08,0,2.70708e+07,-953305,953305,1.40025e+07
0,0,0,7.60896e+08,0,2.70758e+07,-953305,953305,1.40025e+07
0,0,0,7.60896e+08,0,2.70807e+07,-953305,953305,1.40025e+07
0,0,0,7.60896e+08,0,2.98632e+07,-953305,953305,1.40025e+07
0,0,0,7.60896e+08,0,2.98687e+07,-953305,953305,1.40025e+07
0,0,0,7.60896e+08,0,2.98742e+07,-953305,953305,1.40025e+07
0,0,0,7.60896e+08,0,2.98796e+07,-953305,953305,1.40025e+07
0,0,0,7.60896e+08,0,2.6059e+07,-953305,953305,1.40025e+07
0,0,0,7.60896e+08,0,2.60637e+07,-953305,953305,1.40025e+07
0,0,0,7.60896e+08,0,2.60685e+07,-953305,953305,1.40025e+07
0,0,0,7.60896e+08,0,2.60732e+07,-953305,953305,1.40025e+07
0,0,0,7.60896e+08,0,2.60779e+07,-953305,953305,1.40025e+07
0,0,0,7.60896e+08,0,2.7031e+07,-953305,953305,1.40025e+07
0,0,0,7.60896e+08,0,2.70359e+07,-953305,953305,1.40025e+07
0,0,0,7.60896e+08,0,2.70408e+07,-953305,953305,1.40025e+07
0,0,0,7.60896e+08,0,2.70457e+07,-953305,953305,1.40025e+07
0,0,0,7.60896e+08,0,2.6681e+07,-953305,953305,1.40025e+07
0,0,0,7.60896e+08,0,2.66858e+07,-953305,953305,1.40025e+07
0,0,0,7.60896e+08,0,2.66906e+07,-953305,953305,1.40025e+07
0,0,0,7.60896e+08,0,2.66955e+07,-953305,953305,1.40025e+07
0,0,0,7.60896e+08,0,2.79881e+07,-953305,953305,1.40025e+07
0,0,0,7.60896e+08,0,2.79932e+07,-953305,953305,1.40025e+07
0,0,0,7.60896e+08,0,2.79983e+07,-953305,953305,1.40025e+07
0,0,0,7.60896e+08,0,2.80034e+07,-953305,953305,1.40025e+07
0,0,0,7.60896e+08,0,2.80085e+07,-953305,953305,1.40025e+07
0,0,0,7.60896e+08,0,2.83171e+07,-953305,953305,1.40025e+07
0,0,0,7.60896e+08,0,2.83222e+07,-953305,953305,1.40025e+07
0,0,0,7.60896e+08,0,2.83274e+07,-953305,953305,1.40025e+07
0,0,0,7.60896e+08,0,2.83325e+07,-953305,953305,1.40025e+07
0,0,0,7.60896e+08,0,2.89809e+07,-953305,953305,1.40025e+07
0,0,0,7.60896e+08,0,2.89862e+07,-953305,953305,1.40025e+07
0,0,0,7.60896e+08,0,2.89915e+07,-953305,953305,1.40025e+07
0,0,0,7.60896e+08,0,2.89968e+07,-953305,953305,1.40025e+07
0,0,0,7.60896e+08,0,3.11367e+07,-953305,953305,1.40025e+07
0,0,0,7.60896e+08,0,3.11424e+07,-953305,953305,1.40025e+07
0,0,0,7.60896e+08,0,3.11481e+07,-953305,953305,1.40025e+07
0,0,0,7.60896e+08,0,3.11538e+07,-953305,953305,1.40025e+07
0,0,0,7.60896e+08,0,3.11595e+07,-953305,953305,1.40025e+07
0,0,0,7.60896e+08,0,2.99655e+07,-953305,953305,1.40025e+07
0,0,0,7.60896e+08,0,2.99709e+07,-953305,953305,1.40025e+07
0,0,0,7.60896e+08,0,2.99764e+07,-953305,953305,1.40025e+07
0,0,0,7.60896e+08,0,2.99819e+07,-953305,953305,1.40025e+07
0,0,0,7.60896e+08,0,2.89299e+07,-953305,953305,1.40025e+07
0,0,0,7.60896e+08,0,2.89352e+07,-953305,953305,1.40025e+07
0,0,0,7.60896e+08,0,2.89405e+07,-953305,953305,1.40025e+07
0,0,0,7.60896e+08,0,2.89458e+07,-953305,953305,1.40025e+07
0,0,0,7.60896e+08,0,2.65005e+07,-953305,953305,1.40025e+07
0,0,0,7.60896e+08,0,2.65053e+07,-953305,953305,1.40025e+07
0,0,0,7.60896e+08,0,2.65101e+07,-953305,953305,1.40025e+07
0,0,0,7.60896e+08,0,2.65149e+07,-953305,953305,1.40025e+07
0,0,0,7.60896e+08,0,2.65198e+07,-953305,953305,1.40025e+07
0,0,0,7.60896e+08,8.532e+07,2.73228e+07,-953305,953305,1.40025e+07
0,0,0,7.60896e+08,0,2.73275e+07,-953305,953305,1.40025e+07
0,0,0,7.60896e+08,0,2.73323e+07,-953305,953305,1.40025e+07
0,0,0,7.60896e+08,0,2.73371e+07,-953305,953305,1.40025e+07
0,0,0,7.60896e+08,0,3.01474e+07,-953305,953305,1.40025e+07
0,0,0,7.60896e+08,0,3.01527e+07,-953305,953305,1.40025e+07
0,0,0,7.60896e+08,0,3.0158e+07,-953305,953305,1.40025e+07
0,0,0,7.60896e+08,0,3.01634e+07,-953305,953305,1.40025e+07
0,0,0,7.60896e+08,0,2.63044e+07,-953305,953305,1.40025e+07
0,0,0,7.60896e+08,0,2.6309e+07,-953305,953305,1.40025e+07
0,0,0,7.60896e+08,0,2.63137e+07,-953305,953305,1.40025e+07
0,0,0,7.60896e+08,0,2.63183e+07,-953305,953305,1.40025e+07
0,0,0,7.60896e+08,0,2.63229e+07,-953305,953305,1.40025e+07
0,0,0,7.60896e+08,0,2.72853e+07,-953305,953305,1.40025e+07
0,0,0,7.60896e+08,0,2.729e+07,-953305,953305,1.40025e+07
0,0,0,7.60896e+08,0,2.72948e+07,-953305,953305,1.40025e+07
0,0,0,7.60896e+08,0,2.72996e+07,-953305,953305,1.40025e+07
0,0,0,7.60896e+08,0,2.69311e+07,-953305,953305,1.40025e+07
0,0,0,7.60896e+08,0,2.69358e+07,-953305,953305,1.40025e+07
0,0,0,7.60896e+08,0,2.69405e+07,-953305,953305,1.40025e+07
0,0,0,7.60896e+08,0,2.69453e+07,-953305,953305,1.40025e+07
0,0,0,7.60896e+08,0,2.82505e+07,-953305,953305,1.40025e+07
0,0,0,7.60896e+08,0,2.82554e+07,-953305,953305,1.40025e+07
0,0,0,7.60896e+08,0,2.82604e+07,-953305,953305,1.40025e+07
0,0,0,7.60896e+08,0,2.82654e+07,-953305,953305,1.40025e+07
0,0,0,7.60896e+08,0,2.82704e+07,-953305,953305,1.40025e+07
0,0,0,7.60896e+08,0,2.85818e+07,-953305,953305,1.40025e+07
0,0,0,7.60896e+08,0,2.85869e+07,-953305,953305,1.40025e+07
0,0,0,7.60896e+08,0,2.85919e+07,-953305,953305,1.40025e+07
0,0,0,7.60896e+08,0,2.85969e+07,-953305,953305,1.40025e+07
0,0,0,7.60896e+08,0,2.92515e+07,-953305,953305,1.40025e+07
0,0,0,7.60896e+08,0,2.92566e+07,-953305,953305,1.40025e+07
0,0,0,7.60896e+08,0,2.92618e+07,-953305,953305,1.40025e+07
0,0,0,7.60896e+08,0,2.9267e+07,-953305,953305,1.40025e+07
0,0,0,7.60896e+08,0,3.14277e+07,-953305,953305,1.40025e+07
0,0,0,7.60896e+08,0,3.14333e+07,-953305,953305,1.40025e+07
0,0,0,7.60896e+08,0,3.14388e+07,-953305,953305,1.40025e+07
0,0,0,7.60896e+08,0,3.14444e+07,-953305,953305,1.40025e+07
0,0,0,7.60896e+08,0,3.14499e+07,-953305,953305,1.40025e+07
0,0,0,7.60896e+08,0,3.02441e+07,-953305,953305,1.40025e+07
0,0,0,7.60896e+08,0,3.02494e+07,-953305,953305,1.40025e+07
0,0,0,7.60896e+08,0,3.02547e+07,-953305,953305,1.40025e+07
0,0,0,7.60896e+08,0,3.02601e+07,-953305,953305,1.40025e+07
0,0,0,7.60896e+08,0,2.91977e+07,-953305,953305,1.40025e+07
0,0,0,7.60896e+08,0,2.92028e+07,-953305,953305,1.40025e+07
0,0,0,7.60896e+08,0,2.9208e+07,-953305,953305,1.40025e+07
0,0,0,7.60896e+08,0,2.92131e+07,-953305,953305,1.40025e+07
0,0,0,7.60896e+08,0,2.67439e+07,-953305,953305,1.40025e+07
0,0,0,7.60896e+08,0,2.67486e+07,-953305,953305,1.40025e+07
0,0,0,7.60896e+08,0,2.67533e+07,-953305,953305,1.40025e+07
0,0,0,7.60896e+08,0,2.6758e+07,-953305,953305,1.40025e+07
0,0,0,7.60896e+08,0,2.67627e+07,-953305,953305,1.40025e+07
0,0,0,7.60896e+08,0,2.75733e+07,-953305,953305,1.40025e+07
0,0,0,7.70555e+08,8.532e+07,2.7578e+07,-953305,953305,1.40025e+07
0,0,0,7.70555e+08,0,2.75826e+07,-953305,953305,1.40025e+07
0,0,0,7.70555e+08,0,2.75873e+07,-953305,953305,1.40025e+07
0,0,0,7.70555e+08,0,3.04246e+07,-953305,953305,1.40025e+07
0,0,0,7.70555e+08,0,3.04298e+07,-953305,953305,1.40025e+07
0,0,0,7.70555e+08,0,3.04349e+07,-953305,953305,1.40025e+07
0,0,0,7.70555e+08,0,3.04401e+07,-953305,953305,1.40025e+07
0,0,0,7.70555e+08,0,2.65438e+07,-953305,953305,1.40025e+07
0,0,0,7.70555e+08,0,2.65483e+07,-953305,953305,1.40025e+07
0,0,0,7.70555e+08,0,2.65528e+07,-953305,953305,1.40025e+07
0,0,0,7.70555e+08,0,2.65573e+07,-953305,953305,1.40025e+07
0,0,0,7.70555e+08,0,2.65618e+07,-953305,953305,1.40025e+07
0,0,0,7.70555e+08,0,2.75332e+07,-953305,953305,1.40025e+07
0,0,0,7.70555e+08,0,2.75379e+07,-953305,953305,1.40025e+07
0,0,0,7.70555e+08,0,2.75426e+07,-953305,953305,1.40025e+07
0,0,0,7.70555e+08,0,2.75472e+07,-953305,953305,1.40025e+07
0,0,0,7.70555e+08,0,2.7175e+07,-953305,953305,1.40025e+07
0,0,0,7.70555e+08,0,2.71796e+07,-953305,953305,1.40025e+07
0,0,0,7.70555e+08,0,2.71842e+07,-953305,953305,1.40025e+07
0,0,0,7.70555e+08,0,2.71888e+07,-953305,953305,1.40025e+07
0,0,0,7.70555e+08,0,2.85063e+07,-953305,953305,1.40025e+07
0,0,0,7.70555e+08,0,2.85112e+07,-953305,953305,1.40025e+07
0,0,0,7.70555e+08,0,2.8516e+07,-953305,953305,1.40025e+07
0,0,0,7.70555e+08,0,2.85209e+07,-953305,953305,1.40025e+07
0,0,0,7.70555e+08,0,2.85257e+07,-953305,953305,1.40025e+07
0,0,0,7.70555e+08,0,2.884e+07,-953305,953305,1.40025e+07
0,0,0,7.70555e+08,0,2.88449e+07,-953305,953305,1.40025e+07
0,0,0,7.70555e+08,0,2.88498e+07,-953305,953305,1.40025e+07
0,0,0,7.70555e+08,0,2.88547e+07,-953305,953305,1.40025e+07
0,0,0,7.70555e+08,0,2.95153e+07,-953305,953305,1.40025e+07
0,0,0,7.70555e+08,0,2.95203e+07,-953305,953305,1.40025e+07
0,0,0,7.70555e+08,0,2.95253e+07,-953305,953305,1.40025e+07
0,0,0,7.70555e+08,0,2.95303e+07,-953305,953305,1.40025e+07
0,0,0,7.70555e+08,0,3.17114e+07,-953305,953305,1.40025e+07
0,0,0,7.70555e+08,0,3.17168e+07,-953305,953305,1.40025e+07
0,0,0,7.70555e+08,0,3.17222e+07,-953305,953305,1.40025e+07
0,0,0,7.70555e+08,0,3.17276e+07,-953305,953305,1.40025e+07
0,0,0,7.70555e+08,0,3.1733e+07,-953305,953305,1.40025e+07
0,0,0,7.70555e+08,0,3.05156e+07,-953305,953305,1.40025e+07
0,0,0,7.70555e+08,0,3.05208e+07,-953305,953305,1.40025e+07
0,0,0,7.70555e+08,0,3.0526e+07,-953305,953305,1.40025e+07
0,0,0,7.70555e+08,0,3.05312e+07,-953305,953305,1.40025e+07
0,0,0,7.70555e+08,0,2.94586e+07,-953305,953305,1.40025e+07
0,0,0,7.70555e+08,0,2.94636e+07,-953305,953305,1.40025e+07
0,0,0,7.70555e+08,0,2.94686e+07,-953305,953305,1.40025e+07
0,0,0,7.70555e+08,0,2.94736e+07,-953305,953305,1.40025e+07
0,0,0,7.70555e+08,0,2.6981e+07,-953305,953305,1.40025e+07
0,0,0,7.70555e+08,0,2.69856e+07,-953305,953305,1.40025e+07
0,0,0,7.70555e+08,0,2.69902e+07,-953305,953305,1.40025e+07
0,0,0,7.70555e+08,0,2.69947e+07,-953305,953305,1.40025e+07
0,0,0,7.70555e+08,0,2.69993e+07,-953305,953305,1.40025e+07
0,0,0,7.70555e+08,0,2.69993e+07,-953305,953305,1.40025e+07
0,0,0,7.70555e+08,8.6403e+07,2.78174e+07,-953305,953305,1.40025e+07
0,0,0,7.70555e+08,0,2.78219e+07,-953305,953305,1.40025e+07
0,0,0,7.70555e+08,0,2.78264e+07,-953305,953305,1.40025e+07
0,0,0,7.70555e+08,0,2.7831e+07,-953305,953305,1.40025e+07
0,0,0,7.70555e+08,0,3.06945e+07,-953305,953305,1.40025e+07
0,0,0,7.70555e+08,0,3.06996e+07,-953305,953305,1.40025e+07
0,0,0,7.70555e+08,0,3.07046e+07,-953305,953305,1.40025e+07
0,0,0,7.70555e+08,0,3.07097e+07,-953305,953305,1.40025e+07
0,0,0,7.70555e+08,0,2.67769e+07,-953305,953305,1.40025e+07
0,0,0,7.70555e+08,0,2.67813e+07,-953305,953305,1.40025e+07
0,0,0,7.70555e+08,0,2.67856e+07,-953305,953305,1.40025e+07
0,0,0,7.70555e+08,0,2.679e+07,-953305,953305,1.40025e+07
0,0,0,7.70555e+08,0,2.67944e+07,-953305,953305,1.40025e+07
0,0,0,7.70555e+08,0,2.77747e+07,-953305,953305,1.40025e+07
0,0,0,7.70555e+08,0,2.77792e+07,-953305,953305,1.40025e+07
0,0,0,7.70555e+08,0,2.77838e+07,-953305,953305,1.40025e+07
0,0,0,7.70555e+08,0,2.63051e+07,0,0,1.40025e+07
0,0,0,7.70555e+08,0,2.59293e+07,0,0,1.40025e+07
0,0,0,7.70555e+08,0,2.59338e+07,0,0,1.40025e+07
0,0,0,7.70555e+08,0,2.59382e+07,0,0,1.40025e+07
0,0,0,7.70555e+08,0,2.59427e+07,0,0,1.40025e+07
0,0,0,7.70555e+08,0,2.72722e+07,0,0,1.40025e+07
0,0,0,7.70555e+08,0,2.72769e+07,0,0,1.40025e+07
0,0,0,7.70555e+08,0,2.72816e+07,0,0,1.40025e+07
0,0,0,7.70555e+08,0,2.87695e+07,-953305,953305,1.40025e+07
0,0,0,7.70555e+08,0,2.87742e+07,-953305,953305,1.40025e+07
0,0,0,7.70555e+08,0,2.90912e+07,-953305,953305,1.40025e+07
0,0,0,7.70555e+08,0,2.9096e+07,-953305,953305,1.40025e+07
0,0,0,7.70555e+08,0,2.91007e+07,-953305,953305,1.40025e+07
0,0,0,7.70555e+08,0,2.91055e+07,-953305,953305,1.40025e+07
0,0,0,7.70555e+08,0,2.9772e+07,-953305,953305,1.40025e+07
0,0,0,7.70555e+08,0,2.97769e+07,-953305,953305,1.40025e+07
0,0,0,7.70555e+08,0,2.97817e+07,-953305,953305,1.40025e+07
0,0,0,7.70555e+08,0,2.97866e+07,-953305,953305,1.40025e+07
0,0,0,7.70555e+08,0,3.19874e+07,-953305,953305,1.40025e+07
0,0,0,7.70555e+08,0,3.19926e+07,-953305,953305,1.40025e+07
0,0,0,7.70555e+08,0,3.19979e+07,-953305,953305,1.40025e+07
0,0,0,7.70555e+08,0,3.20032e+07,-953305,953305,1.40025e+07
0,0,0,7.70555e+08,0,3.20085e+07,-953305,953305,1.40025e+07
0,0,0,7.70555e+08,0,3.07797e+07,-953305,953305,1.40025e+07
0,0,0,7.70555e+08,0,3.07848e+07,-953305,953305,1.40025e+07
0,0,0,7.70555e+08,0,3.07898e+07,-953305,953305,1.40025e+07
0,0,0,7.70555e+08,0,3.07949e+07,-953305,953305,1.40025e+07
0,0,0,7.70555e+08,0,2.97124e+07,-953305,953305,1.40025e+07
0,0,0,7.70555e+08,0,2.97172e+07,-953305,953305,1.40025e+07
0,0,0,7.70555e+08,0,2.97221e+07,-953305,953305,1.40025e+07
0,0,0,7.70555e+08,0,2.9727e+07,-953305,953305,1.40025e+07
0,0,0,7.70555e+08,0,2.72117e+07,-953305,953305,1.40025e+07
0,0,0,7.70555e+08,0,2.72161e+07,-953305,953305,1.40025e+07
0,0,0,7.70555e+08,0,2.72206e+07,-953305,953305,1.40025e+07
0,0,0,7.70555e+08,0,2.7225e+07,-953305,953305,1.40025e+07
0,0,0,7.70555e+08,0,2.57463e+07,0,0,1.40025e+07
0,0,0,7.70555e+08,8.6403e+07,2.65715e+07,0,0,1.40025e+07
0,0,0,7.70555e+08,0,2.65759e+07,0,0,1.40025e+07
0,0,0,7.70555e+08,0,2.65803e+07,0,0,1.40025e+07
0,0,0,7.70555e+08,0,2.65848e+07,0,0,1.40025e+07
0,0,0,7.70555e+08,0,2.94739e+07,0,0,1.40025e+07
0,0,0,7.70555e+08,0,2.94788e+07,0,0,1.40025e+07
0,0,0,7.70555e+08,0,2.94837e+07,0,0,1.40025e+07
0,0,0,7.70555e+08,0,2.94886e+07,0,0,1.40025e+07
0,0,0,7.70555e+08,0,2.55204e+07,0,0,1.40025e+07
0,0,0,7.70555e+08,0,2.70078e+07,-953305,953305,1.40025e+07
0,0,0,7.70555e+08,0,2.7012e+07,-953305,953305,1.40025e+07
0,0,0,7.70555e+08,0,2.70163e+07,-953305,953305,1.40025e+07
0,0,0,7.70555e+08,0,2.70205e+07,-953305,953305,1.40025e+07
0,0,0,7.70555e+08,0,2.80094e+07,-953305,953305,1.40025e+07
0,0,0,7.70555e+08,0,2.80138e+07,-953305,953305,1.40025e+07
0,0,0,7.70555e+08,0,2.80182e+07,-953305,953305,1.40025e+07
0,0,0,7.70555e+08,0,2.80226e+07,-953305,953305,1.40025e+07
0,0,0,7.70555e+08,0,2.76432e+07,-953305,953305,1.40025e+07
0,0,0,7.70555e+08,0,2.61644e+07,0,0,1.40025e+07
0,0,0,7.70555e+08,0,2.61688e+07,0,0,1.40025e+07
0,0,0,7.70555e+08,0,2.61731e+07,0,0,1.40025e+07
0,0,0,7.70555e+08,0,2.75142e+07,0,0,1.40025e+07
0,0,0,7.70555e+08,0,2.75188e+07,0,0,1.40025e+07
0,0,0,7.70555e+08,0,2.75234e+07,0,0,1.40025e+07
0,0,0,7.70555e+08,0,2.75279e+07,0,0,1.40025e+07
0,0,0,7.70555e+08,0,2.75325e+07,0,0,1.40025e+07
0,0,0,7.70555e+08,0,2.78521e+07,0,0,1.40025e+07
0,0,0,7.70555e+08,0,2.78567e+07,0,0,1.40025e+07
0,0,0,7.70555e+08,0,2.78614e+07,0,0,1.40025e+07
0,0,0,7.70555e+08,0,2.7866e+07,0,0,1.40025e+07
0,0,0,7.70555e+08,0,2.85381e+07,0,0,1.40025e+07
0,0,0,7.70555e+08,0,2.85429e+07,0,0,1.40025e+07
0,0,0,7.70555e+08,0,2.85476e+07,0,0,1.40025e+07
0,0,0,7.70555e+08,0,2.85524e+07,0,0,1.40025e+07
0,0,0,7.70555e+08,0,3.07723e+07,0,0,1.40025e+07
0,0,0,7.70555e+08,0,3.22606e+07,-953305,953305,1.40025e+07
0,0,0,7.70555e+08,0,3.22657e+07,-953305,953305,1.40025e+07
0,0,0,7.70555e+08,0,3.22708e+07,-953305,953305,1.40025e+07
0,0,0,7.70555e+08,0,3.22759e+07,-953305,953305,1.40025e+07
0,0,0,7.70555e+08,0,3.10362e+07,-953305,953305,1.40025e+07
0,0,0,7.70555e+08,0,3.10411e+07,-953305,953305,1.40025e+07
0,0,0,7.70555e+08,0,3.1046e+07,-953305,953305,1.40025e+07
0,0,0,7.70555e+08,0,3.10509e+07,-953305,953305,1.40025e+07
0,0,0,7.70555e+08,0,2.99588e+07,-953305,953305,1.40025e+07
0,0,0,7.70555e+08,0,2.99635e+07,-953305,953305,1.40025e+07
0,0,0,7.70555e+08,0,2.99682e+07,-953305,953305,1.40025e+07
0,0,0,7.70555e+08,0,2.9973e+07,-953305,953305,1.40025e+07
0,0,0,7.70555e+08,0,2.74355e+07,-953305,953305,1.40025e+07
0,0,0,7.70555e+08,0,2.74399e+07,-953305,953305,1.40025e+07
0,0,0,7.70555e+08,0,2.74442e+07,-953305,953305,1.40025e+07
0,0,0,7.70555e+08,0,2.74485e+07,-953305,953305,1.40025e+07
0,0,0,7.70555e+08,0,2.74528e+07,-953305,953305,1.40025e+07
0,0,0,7.70555e+08,8.6403e+07,2.68019e+07,0,0,1.40025e+07
0,0,0,7.70555e+08,0,2.68061e+07,0,0,1.40025e+07
0,0,0,7.70555e+08,0,2.82936e+07,-953305,953305,1.40025e+07
0,0,0,7.70555e+08,0,2.82979e+07,-953305,953305,1.40025e+07
0,0,0,7.70555e+08,0,3.12118e+07,-953305,953305,1.40025e+07
0,0,0,7.70555e+08,0,3.12165e+07,-953305,953305,1.40025e+07
0,0,0,7.70555e+08,0,3.12213e+07,-953305,953305,1.40025e+07
0,0,0,7.70555e+08,0,3.1226e+07,-953305,953305,1.40025e+07
0,0,0,7.70555e+08,0,2.72234e+07,-953305,953305,1.40025e+07
0,0,0,7.70555e+08,0,2.72275e+07,-953305,953305,1.40025e+07
0,0,0,7.70555e+08,0,2.72316e+07,-953305,953305,1.40025e+07
0,0,0,7.70555e+08,0,2.72357e+07,-953305,953305,1.40025e+07
0,0,0,7.70555e+08,0,2.72399e+07,-953305,953305,1.40025e+07
0,0,0,7.70555e+08,0,2.82371e+07,-953305,953305,1.40025e+07
0,0,0,7.70555e+08,0,2.82413e+07,-953305,953305,1.40025e+07
0,0,0,7.70555e+08,0,2.82456e+07,-953305,953305,1.40025e+07
0,0,0,7.70555e+08,0,2.82499e+07,-953305,953305,1.40025e+07
0,0,0,7.70555e+08,0,2.78671e+07,-953305,953305,1.40025e+07
0,0,0,7.70555e+08,0,2.78713e+07,-953305,953305,1.40025e+07
0,0,0,7.70555e+08,0,2.63923e+07,0,0,1.40025e+07
0,0,0,7.70555e+08,0,2.63965e+07,0,0,1.40025e+07
0,0,0,7.70555e+08,0,2.77489e+07,0,0,1.40025e+07
0,0,0,7.70555e+08,0,2.77534e+07,0,0,1.40025e+07
0,0,0,7.70555e+08,0,2.77578e+07,0,0,1.40025e+07
0,0,0,7.70555e+08,0,2.77622e+07,0,0,1.40025e+07
0,0,0,7.70555e+08,0,2.77667e+07,0,0,1.40025e+07
0,0,0,7.70555e+08,0,2.80888e+07,0,0,1.40025e+07
0,0,0,7.70555e+08,0,2.80933e+07,0,0,1.40025e+07
0,0,0,7.70555e+08,0,2.80978e+07,0,0,1.40025e+07
0,0,0,7.70555e+08,0,2.95854e+07,-953305,953305,1.40025e+07
0,0,0,7.70555e+08,0,3.02631e+07,-953305,953305,1.40025e+07
0,0,0,7.70555e+08,0,3.02677e+07,-953305,953305,1.40025e+07
0,0,0,7.70555e+08,0,3.02723e+07,-953305,953305,1.40025e+07
0,0,0,7.70555e+08,0,3.02769e+07,-953305,953305,1.40025e+07
0,0,0,7.70555e+08,0,3.25153e+07,-953305,953305,1.40025e+07
0,0,0,7.70555e+08,0,3.25203e+07,-953305,953305,1.40025e+07
0,0,0,7.70555e+08,0,3.25252e+07,-953305,953305,1.40025e+07
0,0,0,7.70555e+08,0,3.25302e+07,-953305,953305,1.40025e+07
0,0,0,7.70555e+08,0,3.25351e+07,-953305,953305,1.40025e+07
0,0,0,7.70555e+08,0,3.12848e+07,-953305,953305,1.40025e+07
0,0,0,7.70555e+08,0,3.12896e+07,-953305,953305,1.40025e+07
0,0,0,7.70555e+08,0,3.12943e+07,-953305,953305,1.40025e+07
0,0,0,7.70555e+08,0,3.12991e+07,-953305,953305,1.40025e+07
0,0,0,7.70555e+08,0,3.01975e+07,-953305,953305,1.40025e+07
0,0,0,7.70555e+08,0,3.02021e+07,-953305,953305,1.40025e+07
0,0,0,7.70555e+08,0,3.02067e+07,-953305,953305,1.40025e+07
0,0,0,7.70555e+08,0,3.02113e+07,-953305,953305,1.40025e+07
0,0,0,7.70555e+08,0,2.76525e+07,-953305,953305,1.40025e+07
0,0,0,7.70555e+08,0,2.76567e+07,-953305,953305,1.40025e+07
0,0,0,7.70555e+08,0,2.76609e+07,-953305,953305,1.40025e+07
0,0,0,7.70555e+08,0,2.7665e+07,-953305,953305,1.40025e+07
0,0,0,7.70555e+08,0,2.76692e+07,-953305,953305,1.40025e+07
0,0,0,7.70555e+08,8.6403e+07,2.85082e+07,-953305,953305,1.40025e+07
0,0,0,7.70555e+08,0,2.85123e+07,-953305,953305,1.40025e+07
0,0,0,7.70555e+08,0,2.85165e+07,-953305,953305,1.40025e+07
0,0,0,7.70555e+08,0,2.85206e+07,-953305,953305,1.40025e+07
0,0,0,7.70555e+08,0,3.14585e+07,-953305,953305,1.40025e+07
0,0,0,7.70555e+08,0,3.14631e+07,-953305,953305,1.40025e+07
0,0,0,7.70555e+08,0,3.14677e+07,-953305,953305,1.40025e+07
0,0,0,7.70555e+08,0,3.14723e+07,-953305,953305,1.40025e+07
0,0,0,7.70555e+08,0,2.74364e+07,-953305,953305,1.40025e+07
0,0,0,7.70555e+08,0,2.74404e+07,-953305,953305,1.40025e+07
0,0,0,7.70555e+08,0,2.74444e+07,-953305,953305,1.40025e+07
0,0,0,7.70555e+08,0,2.74483e+07,-953305,953305,1.40025e+07
0,0,0,7.70555e+08,0,2.74523e+07,-953305,953305,1.40025e+07
0,0,0,7.70555e+08,0,2.84576e+07,-953305,953305,1.40025e+07
0,0,0,7.70555e+08,0,2.84617e+07,-953305,953305,1.40025e+07
0,0,0,7.70555e+08,0,2.84659e+07,-953305,953305,1.40025e+07
0,0,0,7.70555e+08,0,2.847e+07,-953305,953305,1.40025e+07
0,0,0,7.70555e+08,0,2.80839e+07,-953305,953305,1.40025e+07
0,0,0,7.70555e+08,0,2.80879e+07,-953305,953305,1.40025e+07
0,0,0,7.70555e+08,0,2.8092e+07,-953305,953305,1.40025e+07
0,0,0,7.70555e+08,0,2.80961e+07,-953305,953305,1.40025e+07
0,0,0,7.70555e+08,0,2.94594e+07,-953305,953305,1.40025e+07
0,0,0,7.70555e+08,0,2.94637e+07,-953305,953305,1.40025e+07
0,0,0,7.70555e+08,0,2.9468e+07,-953305,953305,1.40025e+07
0,0,0,7.70555e+08,0,2.94722e+07,-953305,953305,1.40025e+07
0,0,0,7.70555e+08,0,2.94765e+07,-953305,953305,1.40025e+07
0,0,0,7.70555e+08,0,2.98011e+07,-953305,953305,1.40025e+07
0,0,0,7.70555e+08,0,2.98054e+07,-953305,953305,1.40025e+07
0,0,0,7.70555e+08,0,2.98098e+07,-953305,953305,1.40025e+07
0,0,0,7.70555e+08,0,2.98141e+07,-953305,953305,1.40025e+07
0,0,0,7.70555e+08,0,3.04971e+07,-953305,953305,1.40025e+07
0,0,0,7.70555e+08,0,3.05016e+07,-953305,953305,1.40025e+07
0,0,0,7.70555e+08,0,3.0506e+07,-953305,953305,1.40025e+07
0,0,0,7.70555e+08,0,3.05104e+07,-953305,953305,1.40025e+07
0,0,0,7.70555e+08,0,3.27669e+07,-953305,953305,1.40025e+07
0,0,0,7.70555e+08,0,3.27716e+07,-953305,953305,1.40025e+07
0,0,0,7.70555e+08,0,3.27764e+07,-953305,953305,1.40025e+07
0,0,0,7.70555e+08,0,3.27812e+07,-953305,953305,1.40025e+07
0,0,0,7.70555e+08,0,3.2786e+07,-953305,953305,1.40025e+07
0,0,0,7.70555e+08,0,3.15254e+07,-953305,953305,1.40025e+07
0,0,0,7.70555e+08,0,3.153e+07,-953305,953305,1.40025e+07
0,0,0,7.70555e+08,0,3.15346e+07,-953305,953305,1.40025e+07
0,0,0,7.70555e+08,0,3.15392e+07,-953305,953305,1.40025e+07
0,0,0,7.70555e+08,0,3.04286e+07,-953305,953305,1.40025e+07
0,0,0,7.70555e+08,0,3.04331e+07,-953305,953305,1.40025e+07
0,0,0,7.70555e+08,0,3.04375e+07,-953305,953305,1.40025e+07
0,0,0,7.70555e+08,0,3.04419e+07,-953305,953305,1.40025e+07
0,0,0,7.70555e+08,0,2.78624e+07,-953305,953305,1.40025e+07
0,0,0,7.70555e+08,0,2.78664e+07,-953305,953305,1.40025e+07
0,0,0,7.70555e+08,0,2.78705e+07,-953305,953305,1.40025e+07
0,0,0,7.70555e+08,0,2.78745e+07,-953305,953305,1.40025e+07
0,0,0,7.70555e+08,0,2.78786e+07,-953305,953305,1.40025e+07
0,0,0,7.70555e+08,8.6403e+07,2.87241e+07,-953305,953305,1.40025e+07
0,0,0,7.70555e+08,0,2.87281e+07,-953305,953305,1.40025e+07
0,0,0,7.70555e+08,0,2.87321e+07,-953305,953305,1.40025e+07
0,0,0,7.70555e+08,0,2.87361e+07,-953305,953305,1.40025e+07
0,0,0,7.70555e+08,0,3.16973e+07,-953305,953305,1.40025e+07
0,0,0,7.70555e+08,0,3.17017e+07,-953305,953305,1.40025e+07
0,0,0,7.70555e+08,0,3.17062e+07,-953305,953305,1.40025e+07
0,0,0,7.70555e+08,0,3.17106e+07,-953305,953305,1.40025e+07
0,0,0,7.70555e+08,0,2.76425e+07,-953305,953305,1.40025e+07
0,0,0,7.70555e+08,0,2.76463e+07,-953305,953305,1.40025e+07
0,0,0,7.70555e+08,0,2.76502e+07,-953305,953305,1.40025e+07
0,0,0,7.70555e+08,0,2.7654e+07,-953305,953305,1.40025e+07
0,0,0,7.70555e+08,0,2.76579e+07,-953305,953305,1.40025e+07
0,0,0,7.70555e+08,0,2.8671e+07,-953305,953305,1.40025e+07
0,0,0,7.70555e+08,0,2.8675e+07,-953305,953305,1.40025e+07
0,0,0,7.70555e+08,0,2.8679e+07,-953305,953305,1.40025e+07
0,0,0,7.70555e+08,0,2.8683e+07,-953305,953305,1.40025e+07
0,0,0,7.70555e+08,0,2.82936e+07,-953305,953305,1.40025e+07
0,0,0,7.70555e+08,0,2.82976e+07,-953305,953305,1.40025e+07
0,0,0,7.70555e+08,0,2.83015e+07,-953305,953305,1.40025e+07
0,0,0,7.70555e+08,0,2.83055e+07,-953305,953305,1.40025e+07
0,0,0,7.70555e+08,0,2.96793e+07,-953305,953305,1.40025e+07
0,0,0,7.70555e+08,0,2.96835e+07,-953305,953305,1.40025e+07
0,0,0,7.70555e+08,0,2.96876e+07,-953305,953305,1.40025e+07
0,0,0,7.70555e+08,0,2.96918e+07,-953305,953305,1.40025e+07
0,0,0,7.70555e+08,0,2.96959e+07,-953305,953305,1.40025e+07
0,0,0,7.70555e+08,0,3.00229e+07,-953305,953305,1.40025e+07
0,0,0,7.70555e+08,0,3.00271e+07,-953305,953305,1.40025e+07
0,0,0,7.70555e+08,0,3.00313e+07,-953305,953305,1.40025e+07
0,0,0,7.70555e+08,0,3.00355e+07,-953305,953305,1.40025e+07
0,0,0,7.70555e+08,0,3.07236e+07,-953305,953305,1.40025e+07
0,0,0,7.70555e+08,0,3.07279e+07,-953305,953305,1.40025e+07
0,0,0,7.70555e+08,0,3.07322e+07,-953305,953305,1.40025e+07
0,0,0,7.70555e+08,0,3.07365e+07,-953305,953305,1.40025e+07
0,0,0,7.70555e+08,0,3.30103e+07,-953305,953305,1.40025e+07
0,0,0,7.70555e+08,0,3.30149e+07,-953305,953305,1.40025e+07
0,0,0,7.70555e+08,0,3.30196e+07,-953305,953305,1.40025e+07
0,0,0,7.70555e+08,0,3.30242e+07,-953305,953305,1.40025e+07
0,0,0,7.70555e+08,0,3.30289e+07,-953305,953305,1.40025e+07
0,0,0,7.70555e+08,0,3.17583e+07,-953305,953305,1.40025e+07
0,0,0,7.70555e+08,0,3.17627e+07,-953305,953305,1.40025e+07
0,0,0,7.70555e+08,0,3.17672e+07,-953305,953305,1.40025e+07
0,0,0,7.70555e+08,0,3.17716e+07,-953305,953305,1.40025e+07
0,0,0,7.70555e+08,0,3.06523e+07,-953305,953305,1.40025e+07
0,0,0,7.70555e+08,0,3.06566e+07,-953305,953305,1.40025e+07
0,0,0,7.70555e+08,0,3.06609e+07,-953305,953305,1.40025e+07
0,0,0,7.70555e+08,0,3.06652e+07,-953305,953305,1.40025e+07
0,0,0,7.70555e+08,0,2.80656e+07,-953305,953305,1.40025e+07
0,0,0,7.70555e+08,0,2.80695e+07,-953305,953305,1.40025e+07
0,0,0,7.70555e+08,0,2.80734e+07,-953305,953305,1.40025e+07
0,0,0,7.70555e+08,0,2.80773e+07,-953305,953305,1.40025e+07
0,0,0,7.70555e+08,0,2.80813e+07,-953305,953305,1.40025e+07
0,0,0,7.70555e+08,0,2.89331e+07,-953305,953305,1.40025e+07
0,0,0,7.70555e+08,8.6403e+07,2.8937e+07,-953305,953305,1.40025e+07
0,0,0,7.70555e+08,0,2.89409e+07,-953305,953305,1.40025e+07
0,0,0,7.70555e+08,0,2.89448e+07,-953305,953305,1.40025e+07
0,0,0,7.70555e+08,0,3.19284e+07,-953305,953305,1.40025e+07
0,0,0,7.70555e+08,0,3.19327e+07,-953305,953305,1.40025e+07
0,0,0,7.70555e+08,0,3.1937e+07,-953305,953305,1.40025e+07
0,0,0,7.70555e+08,0,3.19413e+07,-953305,953305,1.40025e+07
0,0,0,7.70555e+08,0,2.7842e+07,-953305,953305,1.40025e+07
0,0,0,7.70555e+08,0,2.78457e+07,-953305,953305,1.40025e+07
0,0,0,7.70555e+08,0,2.78495e+07,-953305,953305,1.40025e+07
0,0,0,7.70555e+08,0,2.78532e+07,-953305,953305,1.40025e+07
0,0,0,7.70555e+08,0,2.78569e+07,-953305,953305,1.40025e+07
0,0,0,7.70555e+08,0,2.88775e+07,-953305,953305,1.40025e+07
0,0,0,7.70555e+08,0,2.88814e+07,-953305,953305,1.40025e+07
0,0,0,7.70555e+08,0,2.88853e+07,-953305,953305,1.40025e+07
0,0,0,7.70555e+08,0,2.88891e+07,-953305,953305,1.40025e+07
0,0,0,7.70555e+08,0,2.84967e+07,-953305,953305,1.40025e+07
0,0,0,7.70555e+08,0,2.85005e+07,-953305,953305,1.40025e+07
0,0,0,7.70555e+08,0,2.85044e+07,-953305,953305,1.40025e+07
0,0,0,7.70555e+08,0,2.85082e+07,-953305,953305,1.40025e+07
0,0,0,7.70555e+08,0,2.98922e+07,-953305,953305,1.40025e+07
0,0,0,7.70555e+08,0,2.98963e+07,-953305,953305,1.40025e+07
0,0,0,7.70555e+08,0,2.99003e+07,-953305,953305,1.40025e+07
0,0,0,7.70555e+08,0,2.99043e+07,-953305,953305,1.40025e+07
0,0,0,7.70555e+08,0,2.99083e+07,-953305,953305,1.40025e+07
0,0,0,7.70555e+08,0,3.02376e+07,-953305,953305,1.40025e+07
0,0,0,7.70555e+08,0,3.02416e+07,-953305,953305,1.40025e+07
0,0,0,7.70555e+08,0,3.02457e+07,-953305,953305,1.40025e+07
0,0,0,7.70555e+08,0,3.02498e+07,-953305,953305,1.40025e+07
0,0,0,7.70555e+08,0,3.09429e+07,-953305,953305,1.40025e+07
0,0,0,7.70555e+08,0,3.09471e+07,-953305,953305,1.40025e+07
0,0,0,7.70555e+08,0,3.09512e+07,-953305,953305,1.40025e+07
0,0,0,7.70555e+08,0,3.09554e+07,-953305,953305,1.40025e+07
0,0,0,7.70555e+08,0,3.3246e+07,-953305,953305,1.40025e+07
0,0,0,7.70555e+08,0,3.32505e+07,-953305,953305,1.40025e+07
0,0,0,7.70555e+08,0,3.3255e+07,-953305,953305,1.40025e+07
0,0,0,7.70555e+08,0,3.32595e+07,-953305,953305,1.40025e+07
0,0,0,7.70555e+08,0,3.3264e+07,-953305,953305,1.40025e+07
0,0,0,7.70555e+08,0,3.19838e+07,-953305,953305,1.40025e+07
0,0,0,7.70555e+08,0,3.19881e+07,-953305,953305,1.40025e+07
0,0,0,7.70555e+08,0,3.19924e+07,-953305,953305,1.40025e+07
0,0,0,7.70555e+08,0,3.19967e+07,-953305,953305,1.40025e+07
0,0,0,7.70555e+08,0,3.08689e+07,-953305,953305,1.40025e+07
0,0,0,7.70555e+08,0,3.0873e+07,-953305,953305,1.40025e+07
0,0,0,7.70555e+08,0,3.08772e+07,-953305,953305,1.40025e+07
0,0,0,7.70555e+08,0,3.08813e+07,-953305,953305,1.40025e+07
0,0,0,7.70555e+08,0,2.82624e+07,-953305,953305,1.40025e+07
0,0,0,7.70555e+08,0,2.82662e+07,-953305,953305,1.40025e+07
0,0,0,7.70555e+08,0,2.82699e+07,-953305,953305,1.40025e+07
0,0,0,7.70555e+08,0,2.82737e+07,-953305,953305,1.40025e+07
0,0,0,7.70555e+08,0,2.82775e+07,-953305,953305,1.40025e+07
0,0,0,7.70555e+08,0,2.82775e+07,-953305,953305,1.40025e+07
0,0,0,7.70555e+08,8.6403e+07,2.91355e+07,-953305,953305,1.40025e+07
0,0,0,7.70555e+08,0,2.91393e+07,-953305,953305,1.40025e+07
0,0,0,7.70555e+08,0,2.9143e+07,-953305,953305,1.40025e+07
0,0,0,7.70555e+08,0,2.91468e+07,-953305,953305,1.40025e+07
0,0,0,7.70555e+08,0,3.21522e+07,-953305,953305,1.40025e+07
0,0,0,7.70555e+08,0,3.21564e+07,-953305,953305,1.40025e+07
0,0,0,7.70555e+08,0,3.21605e+07,-953305,953305,1.40025e+07
0,0,0,7.70555e+08,0,3.21647e+07,-953305,953305,1.40025e+07
0,0,0,7.70555e+08,0,2.80352e+07,-953305,953305,1.40025e+07
0,0,0,7.70555e+08,0,2.80388e+07,-953305,953305,1.40025e+07
0,0,0,7.70555e+08,0,2.80424e+07,-953305,953305,1.40025e+07
0,0,0,7.70555e+08,0,2.8046e+07,-953305,953305,1.40025e+07
0,0,0,7.70555e+08,0,2.80496e+07,-953305,953305,1.40025e+07
0,0,0,7.70555e+08,0,2.90775e+07,-953305,953305,1.40025e+07
0,0,0,7.70555e+08,0,2.90812e+07,-953305,953305,1.40025e+07
0,0,0,7.70555e+08,0,2.9085e+07,-953305,953305,1.40025e+07
0,0,0,7.70555e+08,0,2.90887e+07,-953305,953305,1.40025e+07
0,0,0,7.70555e+08,0,2.86933e+07,-953305,953305,1.40025e+07
0,0,0,7.70555e+08,0,2.8697e+07,-953305,953305,1.40025e+07
0,0,0,7.70555e+08,0,2.87006e+07,-953305,953305,1.40025e+07
0,0,0,7.70555e+08,0,2.87043e+07,-953305,953305,1.40025e+07
0,0,0,7.70555e+08,0,3.00983e+07,-953305,953305,1.40025e+07
0,0,0,7.70555e+08,0,3.01022e+07,-953305,953305,1.40025e+07
0,0,0,7.70555e+08,0,3.01061e+07,-953305,953305,1.40025e+07
0,0,0,7.70555e+08,0,3.01099e+07,-953305,953305,1.40025e+07
0,0,0,7.70555e+08,0,3.01138e+07,-953305,953305,1.40025e+07
0,0,0,7.70555e+08,0,3.04453e+07,-953305,953305,1.40025e+07
0,0,0,7.70555e+08,0,3.04492e+07,-953305,953305,1.40025e+07
0,0,0,7.70555e+08,0,3.04532e+07,-953305,953305,1.40025e+07
0,0,0,7.70555e+08,0,3.04571e+07,-953305,953305,1.40025e+07
0,0,0,7.70555e+08,0,3.11551e+07,-953305,953305,1.40025e+07
0,0,0,7.70555e+08,0,3.11591e+07,-953305,953305,1.40025e+07
0,0,0,7.70555e+08,0,3.11631e+07,-953305,953305,1.40025e+07
0,0,0,7.70555e+08,0,3.11671e+07,-953305,953305,1.40025e+07
0,0,0,7.70555e+08,0,3.3474e+07,-953305,953305,1.40025e+07
0,0,0,7.70555e+08,0,3.34784e+07,-953305,953305,1.40025e+07
0,0,0,7.70555e+08,0,3.34827e+07,-953305,953305,1.40025e+07
0,0,0,7.70555e+08,0,3.34871e+07,-953305,953305,1.40025e+07
0,0,0,7.70555e+08,0,3.34914e+07,-953305,953305,1.40025e+07
0,0,0,7.70555e+08,0,3.22018e+07,-953305,953305,1.40025e+07
0,0,0,7.70555e+08,0,3.2206e+07,-953305,953305,1.40025e+07
0,0,0,7.70555e+08,0,3.22102e+07,-953305,953305,1.40025e+07
0,0,0,7.70555e+08,0,3.22143e+07,-953305,953305,1.40025e+07
0,0,0,7.70555e+08,0,3.10783e+07,-953305,953305,1.40025e+07
0,0,0,7.70555e+08,0,3.10823e+07,-953305,953305,1.40025e+07
0,0,0,7.70555e+08,0,3.10863e+07,-953305,953305,1.40025e+07
0,0,0,7.70555e+08,0,3.10903e+07,-953305,953305,1.40025e+07
0,0,0,7.70555e+08,0,2.84526e+07,-953305,953305,1.40025e+07
0,0,0,7.70555e+08,0,2.84563e+07,-953305,953305,1.40025e+07
0,0,0,7.70555e+08,0,2.84599e+07,-953305,953305,1.40025e+07
0,0,0,7.70555e+08,0,2.84636e+07,-953305,953305,1.40025e+07
0,0,0,7.70555e+08,0,2.84672e+07,-953305,953305,1.40025e+07
0,0,0,7.70555e+08,8.6403e+07,2.93312e+07,-953305,953305,1.40025e+07
0,0,0,7.70555e+08,0.000499492,2.93348e+07,-953305,953305,1.40025e+07
0,0,0,7.70555e+08,0,2.93384e+07,-953305,953305,1.40025e+07
0,0,0,7.70555e+08,0,2.9342e+07,-953305,953305,1.40025e+07
0,0,0,7.70555e+08,0,3.23685e+07,-953305,953305,1.40025e+07
0,0,0,7.70555e+08,0,3.23725e+07,-953305,953305,1.40025e+07
0,0,0,7.70555e+08,0,3.23765e+07,-953305,953305,1.40025e+07
0,0,0,7.70555e+08,0,3.23805e+07,-953305,953305,1.40025e+07
0,0,0,7.70555e+08,0,2.82218e+07,-953305,953305,1.40025e+07
0,0,0,7.70555e+08,0,2.82253e+07,-953305,953305,1.40025e+07
0,0,0,7.70555e+08,0,2.82288e+07,-953305,953305,1.40025e+07
0,0,0,7.70555e+08,0,2.82322e+07,-953305,953305,1.40025e+07
0,0,0,7.70555e+08,0,2.82357e+07,-953305,953305,1.40025e+07
0,0,0,7.70555e+08,0,2.92707e+07,-953305,953305,1.40025e+07
0,0,0,7.70555e+08,0,2.92743e+07,-953305,953305,1.40025e+07
0,0,0,7.70555e+08,0,2.92779e+07,-953305,953305,1.40025e+07
0,0,0,7.70555e+08,0,2.92815e+07,-953305,953305,1.40025e+07
0,0,0,7.70555e+08,0,2.88831e+07,-953305,953305,1.40025e+07
0,0,0,7.70555e+08,0,2.88867e+07,-953305,953305,1.40025e+07
0,0,0,7.70555e+08,0,2.88903e+07,-953305,953305,1.40025e+07
0,0,0,7.70555e+08,0,2.88938e+07,-953305,953305,1.40025e+07
0,0,0,7.70555e+08,0,3.02973e+07,-953305,953305,1.40025e+07
0,0,0,7.70555e+08,0,3.03011e+07,-953305,953305,1.40025e+07
0,0,0,7.70555e+08,0,3.03048e+07,-953305,953305,1.40025e+07
0,0,0,7.70555e+08,0,3.03086e+07,-953305,953305,1.40025e+07
0,0,0,7.70555e+08,0,3.03123e+07,-953305,953305,1.40025e+07
0,0,0,7.70555e+08,0,3.06459e+07,-953305,953305,1.40025e+07
0,0,0,7.70555e+08,0,3.06497e+07,-953305,953305,1.40025e+07
0,0,0,7.70555e+08,0,3.06535e+07,-953305,953305,1.40025e+07
0,0,0,7.70555e+08,0,3.06573e+07,-953305,953305,1.40025e+07
0,0,0,7.70555e+08,0,3.13599e+07,-953305,953305,1.40025e+07
0,0,0,7.70555e+08,0,3.13638e+07,-953305,953305,1.40025e+07
0,0,0,7.70555e+08,0,3.13677e+07,-953305,953305,1.40025e+07
0,0,0,7.70555e+08,0,3.13716e+07,-953305,953305,1.40025e+07
0,0,0,7.70555e+08,0,3.36942e+07,-953305,953305,1.40025e+07
0,0,0,7.70555e+08,0,3.36984e+07,-953305,953305,1.40025e+07
0,0,0,7.70555e+08,0,3.37026e+07,-953305,953305,1.40025e+07
0,0,0,7.70555e+08,0,3.37068e+07,-953305,953305,1.40025e+07
0,0,0,7.70555e+08,0,3.3711e+07,-953305,953305,1.40025e+07
0,0,0,7.70555e+08,0,3.24124e+07,-953305,953305,1.40025e+07
0,0,0,7.70555e+08,0,3.24164e+07,-953305,953305,1.40025e+07
0,0,0,7.70555e+08,0,3.24204e+07,-953305,953305,1.40025e+07
0,0,0,7.70555e+08,0,3.24244e+07,-953305,953305,1.40025e+07
0,0,0,7.70555e+08,0,3.12805e+07,-953305,953305,1.40025e+07
0,0,0,7.70555e+08,0,3.12843e+07,-953305,953305,1.40025e+07
0,0,0,7.70555e+08,0,3.12882e+07,-953305,953305,1.40025e+07
0,0,0,7.70555e+08,0,3.12921e+07,-953305,953305,1.40025e+07
0,0,0,7.70555e+08,0,2.86362e+07,-953305,953305,1.40025e+07
0,0,0,7.70555e+08,0,2.86397e+07,-953305,953305,1.40025e+07
0,0,0,7.70555e+08,0,2.86433e+07,-953305,953305,1.40025e+07
0,0,0,7.70555e+08,0,2.86468e+07,-953305,953305,1.40025e+07
0,0,0,7.70555e+08,0,2.86504e+07,-953305,953305,1.40025e+07
0,0,0,7.70555e+08,0,2.952e+07,-953305,953305,1.40025e+07
0,0,0,7.70555e+08,0,2.95235e+07,-953305,953305,1.40025e+07
0,0,0,7.70555e+08,0,2.95269e+07,-953305,953305,1.40025e+07
0,0,0,7.70555e+08,0,2.95304e+07,-953305,953305,1.40025e+07
0,0,0,7.70555e+08,0,3.25772e+07,-953305,953305,1.40025e+07
0,0,0,7.70555e+08,0,3.25811e+07,-953305,953305,1.40025e+07
0,0,0,7.70555e+08,0,3.25849e+07,-953305,953305,1.40025e+07
0,0,0,7.70555e+08,0,3.25888e+07,-953305,953305,1.40025e+07
0,0,0,7.70555e+08,0,2.84019e+07,-953305,953305,1.40025e+07
0,0,0,7.70555e+08,0,2.84052e+07,-953305,953305,1.40025e+07
0,0,0,7.70555e+08,0,2.84086e+07,-953305,953305,1.40025e+07
0,0,0,7.70555e+08,0,2.84119e+07,-953305,953305,1.40025e+07
0,0,0,7.70555e+08,0,2.84153e+07,-953305,953305,1.40025e+07
0,0,0,7.70555e+08,0,2.9457e+07,-953305,953305,1.40025e+07
0,0,0,7.70555e+08,0,2.94605e+07,-953305,953305,1.40025e+07
0,0,0,7.70555e+08,0,2.9464e+07,-953305,953305,1.40025e+07
0,0,0,7.70555e+08,0,2.94675e+07,-953305,953305,1.40025e+07
0,0,0,7.70555e+08,0,2.90663e+07,-953305,953305,1.40025e+07
0,0,0,7.70555e+08,0,2.90697e+07,-953305,953305,1.40025e+07
0,0,0,7.70555e+08,0,2.90731e+07,-953305,953305,1.40025e+07
0,0,0,7.70555e+08,0,2.90766e+07,-953305,953305,1.40025e+07
0,0,0,7.70555e+08,0,3.04893e+07,-953305,953305,1.40025e+07
0,0,0,7.70555e+08,0,3.04929e+07,-953305,953305,1.40025e+07
0,0,0,7.70555e+08,0,3.04965e+07,-953305,953305,1.40025e+07
0,0,0,7.70555e+08,0,3.05001e+07,-953305,953305,1.40025e+07
0,0,0,7.70555e+08,0,3.05037e+07,-953305,953305,1.40025e+07
0,0,0,7.70555e+08,0,3.08394e+07,-953305,953305,1.40025e+07
0,0,0,7.70555e+08,0,3.0843e+07,-953305,953305,1.40025e+07
0,0,0,7.70555e+08,0,3.08467e+07,-953305,953305,1.40025e+07
0,0,0,7.70555e+08,0,3.08503e+07,-953305,953305,1.40025e+07
0,0,0,7.70555e+08,0,3.15574e+07,-953305,953305,1.40025e+07
0,0,0,7.70555e+08,0,3.15612e+07,-953305,953305,1.40025e+07
0,0,0,7.70555e+08,0,3.15649e+07,-953305,953305,1.40025e+07
0,0,0,7.70555e+08,0,3.15687e+07,-953305,953305,1.40025e+07
0,0,0,7.70555e+08,0,3.39064e+07,-953305,953305,1.40025e+07
0,0,0,7.70555e+08,0,3.39104e+07,-953305,953305,1.40025e+07
0,0,0,7.70555e+08,0,3.39145e+07,-953305,953305,1.40025e+07
0,0,0,7.70555e+08,0,3.39185e+07,-953305,953305,1.40025e+07
0,0,0,7.70555e+08,0,3.39225e+07,-953305,953305,1.40025e+07
0,0,0,7.70555e+08,0,3.26152e+07,-953305,953305,1.40025e+07
0,0,0,7.70555e+08,0,3.26191e+07,-953305,953305,1.40025e+07
0,0,0,7.70555e+08,0,3.2623e+07,-953305,953305,1.40025e+07
0,0,0,7.70555e+08,0,3.26269e+07,-953305,953305,1.40025e+07
0,0,0,7.70555e+08,0,3.14752e+07,-953305,953305,1.40025e+07
0,0,0,7.70555e+08,0,3.1479e+07,-953305,953305,1.40025e+07
0,0,0,7.70555e+08,0,3.14827e+07,-953305,953305,1.40025e+07
0,0,0,7.70555e+08,0,3.14864e+07,-953305,953305,1.40025e+07
0,0,0,7.70555e+08,0,2.88131e+07,-953305,953305,1.40025e+07
0,0,0,7.70555e+08,0,2.88165e+07,-953305,953305,1.40025e+07
0,0,0,7.70555e+08,0,2.88199e+07,-953305,953305,1.40025e+07
0,0,0,7.70555e+08,0,2.88233e+07,-953305,953305,1.40025e+07
0,0,0,7.70555e+08,0,2.88267e+07,-953305,953305,1.40025e+07
0,0,0,7.70555e+08,0,2.97018e+07,-953305,953305,1.40025e+07
0,0,0,7.70555e+08,0,2.97051e+07,-953305,953305,1.40025e+07
0,0,0,7.70555e+08,0,2.97085e+07,-953305,953305,1.40025e+07
0,0,0,7.70555e+08,0,2.97118e+07,-953305,953305,1.40025e+07
0,0,0,7.70555e+08,0,3.27781e+07,-953305,953305,1.40025e+07
0,0,0,7.70555e+08,0,3.27818e+07,-953305,953305,1.40025e+07
0,0,0,7.70555e+08,0,3.27856e+07,-953305,953305,1.40025e+07
0,0,0,7.70555e+08,0,3.27893e+07,-953305,953305,1.40025e+07
0,0,0,7.70555e+08,0,2.85752e+07,-953305,953305,1.40025e+07
0,0,0,7.70555e+08,0,2.85784e+07,-953305,953305,1.40025e+07
0,0,0,7.70555e+08,0,2.85816e+07,-953305,953305,1.40025e+07
0,0,0,7.70555e+08,0,2.85849e+07,-953305,953305,1.40025e+07
0,0,0,7.70555e+08,0,2.85881e+07,-953305,953305,1.40025e+07
0,0,0,7.70555e+08,0,2.96363e+07,-953305,953305,1.40025e+07
0,0,0,7.70555e+08,0,2.96397e+07,-953305,953305,1.40025e+07
0,0,0,7.70555e+08,0,2.9643e+07,-953305,953305,1.40025e+07
0,0,0,7.70555e+08,0,2.96464e+07,-953305,953305,1.40025e+07
0,0,0,7.70555e+08,0,2.92425e+07,-953305,953305,1.40025e+07
0,0,0,7.70555e+08,0,2.92458e+07,-953305,953305,1.40025e+07
0,0,0,7.70555e+08,0,2.92491e+07,-953305,953305,1.40025e+07
0,0,0,7.70555e+08,0,2.92523e+07,-953305,953305,1.40025e+07
0,0,0,7.70555e+08,0,3.06739e+07,-953305,953305,1.40025e+07
0,0,0,7.70555e+08,0,3.06773e+07,-953305,953305,1.40025e+07
0,0,0,7.70555e+08,0,3.06808e+07,-953305,953305,1.40025e+07
0,0,0,7.70555e+08,0,3.06843e+07,-953305,953305,1.40025e+07
0,0,0,7.70555e+08,0,3.06877e+07,-953305,953305,1.40025e+07
0,0,0,7.70555e+08,0,3.10253e+07,-953305,953305,1.40025e+07
0,0,0,7.70555e+08,0,3.10288e+07,-953305,953305,1.40025e+07
0,0,0,7.70555e+08,0,3.10324e+07,-953305,953305,1.40025e+07
0,0,0,7.70555e+08,0,3.10359e+07,-953305,953305,1.40025e+07
0,0,0,7.70555e+08,0,3.17473e+07,-953305,953305,1.40025e+07
0,0,0,7.70555e+08,0,3.17509e+07,-953305,953305,1.40025e+07
0,0,0,7.70555e+08,0,3.17544e+07,-953305,953305,1.40025e+07
0,0,0,7.70555e+08,0,3.1758e+07,-953305,953305,1.40025e+07
0,0,0,7.70555e+08,0,3.41103e+07,-953305,953305,1.40025e+07
0,0,0,7.70555e+08,0,3.41142e+07,-953305,953305,1.40025e+07
0,0,0,7.70555e+08,0,3.4118e+07,-953305,953305,1.40025e+07
0,0,0,7.70555e+08,0,3.41219e+07,-953305,953305,1.40025e+07
0,0,0,7.70555e+08,0,3.41258e+07,-953305,953305,1.40025e+07
0,0,0,7.70555e+08,0,3.28101e+07,-953305,953305,1.40025e+07
0,0,0,7.70555e+08,0,3.28139e+07,-953305,953305,1.40025e+07
0,0,0,7.70555e+08,0,3.28176e+07,-953305,953305,1.40025e+07
0,0,0,7.70555e+08,0,3.28213e+07,-953305,953305,1.40025e+07
0,0,0,7.70555e+08,0,3.16623e+07,-953305,953305,1.40025e+07
0,0,0,7.70555e+08,0,3.16659e+07,-953305,953305,1.40025e+07
0,0,0,7.70555e+08,0,3.16695e+07,-953305,953305,1.40025e+07
0,0,0,7.70555e+08,0,3.1673e+07,-953305,953305,1.40025e+07
0,0,0,7.70555e+08,0,2.89829e+07,-953305,953305,1.40025e+07
0,0,0,7.70555e+08,0,2.89862e+07,-953305,953305,1.40025e+07
0,0,0,7.70555e+08,0,2.89894e+07,-953305,953305,1.40025e+07
0,0,0,7.70555e+08,0,2.89927e+07,-953305,953305,1.40025e+07
0,0,0,7.70555e+08,0,2.8996e+07,-953305,953305,1.40025e+07
0,0,0,7.70555e+08,0,2.98763e+07,-953305,953305,1.40025e+07
0,0,0,7.70555e+08,0,2.98795e+07,-953305,953305,1.40025e+07
0,0,0,7.70555e+08,0,2.98827e+07,-953305,953305,1.40025e+07
0,0,0,7.70555e+08,0,2.98859e+07,-953305,953305,1.40025e+07
0,0,0,7.70555e+08,0,3.2971e+07,-953305,953305,1.40025e+07
0,0,0,7.70555e+08,0,3.29745e+07,-953305,953305,1.40025e+07
0,0,0,7.70555e+08,0,3.29781e+07,-953305,953305,1.40025e+07
0,0,0,7.70555e+08,0,3.29816e+07,-953305,953305,1.40025e+07
0,0,0,7.70555e+08,0,2.87415e+07,-953305,953305,1.40025e+07
0,0,0,7.70555e+08,0,2.87446e+07,-953305,953305,1.40025e+07
0,0,0,7.70555e+08,0,2.87477e+07,-953305,953305,1.40025e+07
0,0,0,7.70555e+08,0,2.87507e+07,-953305,953305,1.40025e+07
0,0,0,7.70555e+08,0,2.87538e+07,-953305,953305,1.40025e+07
0,0,0,7.70555e+08,0,2.98083e+07,-953305,953305,1.40025e+07
0,0,0,7.70555e+08,0,2.98115e+07,-953305,953305,1.40025e+07
0,0,0,7.70555e+08,0,2.98147e+07,-953305,953305,1.40025e+07
0,0,0,7.70555e+08,0,2.98179e+07,-953305,953305,1.40025e+07
0,0,0,7.70555e+08,0,2.94114e+07,-953305,953305,1.40025e+07
0,0,0,7.70555e+08,0,2.94145e+07,-953305,953305,1.40025e+07
0,0,0,7.70555e+08,0,2.94177e+07,-953305,953305,1.40025e+07
0,0,0,7.70555e+08,0,2.94208e+07,-953305,953305,1.40025e+07
0,0,0,7.70555e+08,0,3.08508e+07,-953305,953305,1.40025e+07
0,0,0,7.70555e+08,0,3.08541e+07,-953305,953305,1.40025e+07
0,0,0,7.70555e+08,0,3.08574e+07,-953305,953305,1.40025e+07
0,0,0,7.70555e+08,0,3.08608e+07,-953305,953305,1.40025e+07
0,0,0,7.70555e+08,0,3.08641e+07,-953305,953305,1.40025e+07
0,0,0,7.70555e+08,0,3.12035e+07,-953305,953305,1.40025e+07
0,0,0,7.70555e+08,0,3.12069e+07,-953305,953305,1.40025e+07
0,0,0,7.70555e+08,0,3.12103e+07,-953305,953305,1.40025e+07
0,0,0,7.70555e+08,0,3.12136e+07,-953305,953305,1.40025e+07
0,0,0,7.70555e+08,0,3.19291e+07,-953305,953305,1.40025e+07
0,0,0,7.70555e+08,0,3.19325e+07,-953305,953305,1.40025e+07
0,0,0,7.70555e+08,0,3.1936e+07,-953305,953305,1.40025e+07
0,0,0,7.70555e+08,0,3.19394e+07,-953305,953305,1.40025e+07
0,0,0,7.70555e+08,0,3.43056e+07,-953305,953305,1.40025e+07
0,0,0,7.70555e+08,0,3.43093e+07,-953305,953305,1.40025e+07
0,0,0,7.70555e+08,0,3.4313e+07,-953305,953305,1.40025e+07
0,0,0,7.70555e+08,0,3.43167e+07,-953305,953305,1.40025e+07
0,0,0,7.70555e+08,0,3.43204e+07,-953305,953305,1.40025e+07
0,0,0,7.70555e+08,0,3.29967e+07,-953305,953305,1.40025e+07
0,0,0,7.70555e+08,0,3.30003e+07,-953305,953305,1.40025e+07
0,0,0,7.70555e+08,0,3.30038e+07,-953305,953305,1.40025e+07
0,0,0,7.70555e+08,0,3.30074e+07,-953305,953305,1.40025e+07
0,0,0,7.70555e+08,0,3.18413e+07,-953305,953305,1.40025e+07
0,0,0,7.70555e+08,0,3.18447e+07,-953305,953305,1.40025e+07
0,0,0,7.70555e+08,0,3.18482e+07,-953305,953305,1.40025e+07
0,0,0,7.70555e+08,0,3.18516e+07,-953305,953305,1.40025e+07
0,0,0,7.70555e+08,0,2.91454e+07,-953305,953305,1.40025e+07
0,0,0,7.70555e+08,0,2.91485e+07,-953305,953305,1.40025e+07
0,0,0,7.70555e+08,0,2.91516e+07,-953305,953305,1.40025e+07
0,0,0,7.70555e+08,0,2.91548e+07,-953305,953305,1.40025e+07
0,0,0,7.70555e+08,0,2.91579e+07,-953305,953305,1.40025e+07
0,0,0,7.70555e+08,0,3.00433e+07,-953305,953305,1.40025e+07
0,0,0,7.70555e+08,0,3.00463e+07,-953305,953305,1.40025e+07
0,0,0,7.70555e+08,0,3.00494e+07,-953305,953305,1.40025e+07
0,0,0,7.70555e+08,0,3.00524e+07,-953305,953305,1.40025e+07
0,0,0,7.70555e+08,0,3.31553e+07,-953305,953305,1.40025e+07
0,0,0,7.70555e+08,0,3.31587e+07,-953305,953305,1.40025e+07
0,0,0,7.70555e+08,0,3.31621e+07,-953305,953305,1.40025e+07
0,0,0,7.70555e+08,0,3.31655e+07,-953305,953305,1.40025e+07
0,0,0,7.70555e+08,0,2.89005e+07,-953305,953305,1.40025e+07
0,0,0,7.70555e+08,0,2.89034e+07,-953305,953305,1.40025e+07
0,0,0,7.70555e+08,0,2.89064e+07,-953305,953305,1.40025e+07
0,0,0,7.70555e+08,0,2.89093e+07,-953305,953305,1.40025e+07
0,0,0,7.70555e+08,0,2.89122e+07,-953305,953305,1.40025e+07
0,0,0,7.70555e+08,0,2.99727e+07,-953305,953305,1.40025e+07
0,0,0,7.70555e+08,0,2.99758e+07,-953305,953305,1.40025e+07
0,0,0,7.70555e+08,0,2.99788e+07,-953305,953305,1.40025e+07
0,0,0,7.70555e+08,0,2.99819e+07,-953305,953305,1.40025e+07
0,0,0,7.70555e+08,0,2.95728e+07,-953305,953305,1.40025e+07
0,0,0,7.70555e+08,0,2.95758e+07,-953305,953305,1.40025e+07
0,0,0,7.70555e+08,0,2.95788e+07,-953305,953305,1.40025e+07
0,0,0,7.70555e+08,0,2.95818e+07,-953305,953305,1.40025e+07
0,0,0,7.70555e+08,0,3.10199e+07,-953305,953305,1.40025e+07
0,0,0,7.70555e+08,0,3.1023e+07,-953305,953305,1.40025e+07
0,0,0,7.70555e+08,0,3.10262e+07,-953305,953305,1.40025e+07
0,0,0,7.70555e+08,0,3.10294e+07,-953305,953305,1.40025e+07
0,0,0,7.70555e+08,0,3.10325e+07,-953305,953305,1.40025e+07
0,0,0,7.70555e+08,0,3.13738e+07,-953305,953305,1.40025e+07
0,0,0,7.70555e+08,0,3.1377e+07,-953305,953305,1.40025e+07
0,0,0,7.70555e+08,0,3.13802e+07,-953305,953305,1.40025e+07
0,0,0,7.70555e+08,0,3.13834e+07,-953305,953305,1.40025e+07
0,0,0,7.70555e+08,0,3.21028e+07,-953305,953305,1.40025e+07
0,0,0,7.70555e+08,0,3.21061e+07,-953305,953305,1.40025e+07
0,0,0,7.70555e+08,0,3.21093e+07,-953305,953305,1.40025e+07
0,0,0,7.70555e+08,0,3.21126e+07,-953305,953305,1.40025e+07
0,0,0,7.70555e+08,0,3.4492e+07,-953305,953305,1.40025e+07
0,0,0,7.70555e+08,0,3.44956e+07,-953305,953305,1.40025e+07
0,0,0,7.70555e+08,0,3.44991e+07,-953305,953305,1.40025e+07
0,0,0,7.70555e+08,0,3.45026e+07,-953305,953305,1.40025e+07
0,0,0,7.70555e+08,0,3.45062e+07,-953305,953305,1.40025e+07
0,0,0,7.70555e+08,0,3.31748e+07,-953305,953305,1.40025e+07
0,0,0,7.70555e+08,0,3.31782e+07,-953305,953305,1.40025e+07
0,0,0,7.70555e+08,0,3.31816e+07,-953305,953305,1.40025e+07
0,0,0,7.70555e+08,0,3.3185e+07,-953305,953305,1.40025e+07
0,0,0,7.70555e+08,0,3.20122e+07,-953305,953305,1.40025e+07
0,0,0,7.70555e+08,0,3.20154e+07,-953305,953305,1.40025e+07
0,0,0,7.70555e+08,0,3.20187e+07,-953305,953305,1.40025e+07
0,0,0,7.70555e+08,0,3.2022e+07,-953305,953305,1.40025e+07
0,0,0,7.70555e+08,0,2.93004e+07,-953305,953305,1.40025e+07
0,0,0,7.70555e+08,0,2.93034e+07,-953305,953305,1.40025e+07
0,0,0,7.70555e+08,0,2.93064e+07,-953305,953305,1.40025e+07
0,0,0,7.70555e+08,0,2.93094e+07,-953305,953305,1.40025e+07
0,0,0,7.70555e+08,0,2.93124e+07,-953305,953305,1.40025e+07
0,0,0,7.70555e+08,0,2.93124e+07,-953305,953305,1.40025e+07
0,0,0,7.70555e+08,0,3.02025e+07,-953305,953305,1.40025e+07
0,0,0,7.70555e+08,0,3.02054e+07,-953305,953305,1.40025e+07
0,0,0,7.70555e+08,0,3.02083e+07,-953305,953305,1.40025e+07
0,0,0,7.70555e+08,0,3.02112e+07,-953305,953305,1.40025e+07
0,0,0,7.70555e+08,0,3.33312e+07,-953305,953305,1.40025e+07
0,0,0,7.70555e+08,0,3.33344e+07,-953305,953305,1.40025e+07
0,0,0,7.70555e+08,0,3.33377e+07,-953305,953305,1.40025e+07
0,0,0,7.70555e+08,0,3.33409e+07,-953305,953305,1.40025e+07
0,0,0,7.70555e+08,0,2.90521e+07,-953305,953305,1.40025e+07
0,0,0,7.70555e+08,0,2.90549e+07,-953305,953305,1.40025e+07
0,0,0,7.70555e+08,0,2.90577e+07,-953305,953305,1.40025e+07
0,0,0,7.70555e+08,0,2.90605e+07,-953305,953305,1.40025e+07
0,0,0,7.70555e+08,0,2.90633e+07,-953305,953305,1.40025e+07
0,0,0,7.70555e+08,0,3.01294e+07,-953305,953305,1.40025e+07
0,0,0,7.70555e+08,0,3.01323e+07,-953305,953305,1.40025e+07
0,0,0,7.70555e+08,0,3.01352e+07,-953305,953305,1.40025e+07
0,0,0,7.70555e+08,0,3.01381e+07,-953305,953305,1.40025e+07
0,0,0,7.70555e+08,0,2.97267e+07,-953305,953305,1.40025e+07
0,0,0,7.70555e+08,0,2.97295e+07,-953305,953305,1.40025e+07
0,0,0,7.70555e+08,0,2.97324e+07,-953305,953305,1.40025e+07
0,0,0,7.70555e+08,0,2.97352e+07,-953305,953305,1.40025e+07
0,0,0,7.70555e+08,0,3.1181e+07,-953305,953305,1.40025e+07
0,0,0,7.70555e+08,0,3.1184e+07,-953305,953305,1.40025e+07
0,0,0,7.70555e+08,0,3.1187e+07,-953305,953305,1.40025e+07
0,0,0,7.70555e+08,0,3.119e+07,-953305,953305,1.40025e+07
0,0,0,7.70555e+08,0,3.1193e+07,-953305,953305,1.40025e+07
0,0,0,7.70555e+08,0,3.15359e+07,-953305,953305,1.40025e+07
0,0,0,7.70555e+08,0,3.1539e+07,-953305,953305,1.40025e+07
0,0,0,7.70555e+08,0,3.1542e+07,-953305,953305,1.40025e+07
0,0,0,7.70555e+08,0,3.15451e+07,-953305,953305,1.40025e+07
0,0,0,7.70555e+08,0,3.22682e+07,-953305,953305,1.40025e+07
0,0,0,7.70555e+08,0,3.22713e+07,-953305,953305,1.40025e+07
0,0,0,7.70555e+08,0,3.22744e+07,-953305,953305,1.40025e+07
0,0,0,7.70555e+08,0,3.22775e+07,-953305,953305,1.40025e+07
0,0,0,7.70555e+08,0,3.46696e+07,-953305,953305,1.40025e+07
0,0,0,7.70555e+08,0,3.46729e+07,-953305,953305,1.40025e+07
0,0,0,7.70555e+08,0,3.46763e+07,-953305,953305,1.40025e+07
0,0,0,7.70555e+08,0,3.46797e+07,-953305,953305,1.40025e+07
0,0,0,7.70555e+08,0,3.4683e+07,-953305,953305,1.40025e+07
0,0,0,7.70555e+08,0,3.33444e+07,-953305,953305,1.40025e+07
0,0,0,7.70555e+08,0,3.33476e+07,-953305,953305,1.40025e+07
0,0,0,7.70555e+08,0,3.33508e+07,-953305,953305,1.40025e+07
0,0,0,7.70555e+08,0,3.3354e+07,-953305,953305,1.40025e+07
0,0,0,7.70555e+08,0,3.21748e+07,-953305,953305,1.40025e+07
0,0,0,7.70555e+08,0,3.21779e+07,-953305,953305,1.40025e+07
0,0,0,7.70555e+08,0,3.2181e+07,-953305,953305,1.40025e+07
0,0,0,7.70555e+08,0,3.21841e+07,-953305,953305,1.40025e+07
0,0,0,7.70555e+08,0,2.9448e+07,-953305,953305,1.40025e+07
0,0,0,7.70555e+08,0,2.94508e+07,-953305,953305,1.40025e+07
0,0,0,7.70555e+08,0,2.94536e+07,-953305,953305,1.40025e+07
0,0,0,7.70555e+08,0,2.94565e+07,-953305,953305,1.40025e+07
0,0,0,7.70555e+08,0,2.94593e+07,-953305,953305,1.40025e+07
0,0,0,7.70555e+08,0,3.0354e+07,-953305,953305,1.40025e+07
0,0,0,7.70555e+08,0,3.03567e+07,-953305,953305,1.40025e+07
0,0,0,7.70555e+08,0,3.03595e+07,-953305,953305,1.40025e+07
0,0,0,7.70555e+08,0,3.03622e+07,-953305,953305,1.40025e+07
0,0,0,7.70555e+08,0,3.34984e+07,-953305,953305,1.40025e+07
0,0,0,7.70555e+08,0,3.35015e+07,-953305,953305,1.40025e+07
0,0,0,7.70555e+08,0,3.35046e+07,-953305,953305,1.40025e+07
0,0,0,7.70555e+08,0,3.35076e+07,-953305,953305,1.40025e+07
0,0,0,7.70555e+08,0,2.91962e+07,-953305,953305,1.40025e+07
0,0,0,7.70555e+08,0,2.91989e+07,-953305,953305,1.40025e+07
0,0,0,7.70555e+08,0,2.92015e+07,-953305,953305,1.40025e+07
0,0,0,7.70555e+08,0,2.92042e+07,-953305,953305,1.40025e+07
0,0,0,7.70555e+08,0,2.92068e+07,-953305,953305,1.40025e+07
0,0,0,7.70555e+08,0,3.02784e+07,-953305,953305,1.40025e+07
0,0,0,7.70555e+08,0,3.02811e+07,-953305,953305,1.40025e+07
0,0,0,7.70555e+08,0,3.02839e+07,-953305,953305,1.40025e+07
0,0,0,7.70555e+08,0,3.02866e+07,-953305,953305,1.40025e+07
0,0,0,7.70555e+08,0,2.98729e+07,-953305,953305,1.40025e+07
0,0,0,7.70555e+08,0,2.98756e+07,-953305,953305,1.40025e+07
0,0,0,7.70555e+08,0,2.98783e+07,-953305,953305,1.40025e+07
0,0,0,7.70555e+08,0,2.9881e+07,-953305,953305,1.40025e+07
0,0,0,7.70555e+08,0,3.1334e+07,-953305,953305,1.40025e+07
0,0,0,7.70555e+08,0,3.13369e+07,-953305,953305,1.40025e+07
0,0,0,7.70555e+08,0,3.13397e+07,-953305,953305,1.40025e+07
0,0,0,7.70555e+08,0,3.13426e+07,-953305,953305,1.40025e+07
0,0,0,7.70555e+08,0,3.13454e+07,-953305,953305,1.40025e+07
0,0,0,7.70555e+08,0,3.16899e+07,-953305,953305,1.40025e+07
0,0,0,7.70555e+08,0,3.16928e+07,-953305,953305,1.40025e+07
0,0,0,7.70555e+08,0,3.16957e+07,-953305,953305,1.40025e+07
0,0,0,7.70555e+08,0,3.16986e+07,-953305,953305,1.40025e+07
0,0,0,7.70555e+08,0,3.24252e+07,-953305,953305,1.40025e+07
0,0,0,7.70555e+08,0,3.24282e+07,-953305,953305,1.40025e+07
0,0,0,7.70555e+08,0,3.24311e+07,-953305,953305,1.40025e+07
0,0,0,7.70555e+08,0,3.24341e+07,-953305,953305,1.40025e+07
0,0,0,7.70555e+08,0,3.48381e+07,-953305,953305,1.40025e+07
0,0,0,7.70555e+08,0,3.48413e+07,-953305,953305,1.40025e+07
0,0,0,7.70555e+08,0,3.48445e+07,-953305,953305,1.40025e+07
0,0,0,7.70555e+08,0,3.48477e+07,-953305,953305,1.40025e+07
0,0,0,7.70555e+08,0,3.48509e+07,-953305,953305,1.40025e+07
0,0,0,7.70555e+08,0,3.35052e+07,-953305,953305,1.40025e+07
0,0,0,7.70555e+08,0,3.35083e+07,-953305,953305,1.40025e+07
0,0,0,7.70555e+08,0,3.35114e+07,-953305,953305,1.40025e+07
0,0,0,7.70555e+08,0,3.35144e+07,-953305,953305,1.40025e+07
0,0,0,7.70555e+08,0,3.23291e+07,-953305,953305,1.40025e+07
0,0,0,7.70555e+08,0,3.2332e+07,-953305,953305,1.40025e+07
0,0,0,7.70555e+08,0,3.2335e+07,-953305,953305,1.40025e+07
0,0,0,7.70555e+08,0,3.23379e+07,-953305,953305,1.40025e+07
0,0,0,7.70555e+08,0,2.95879e+07,-953305,953305,1.40025e+07
0,0,0,7.70555e+08,0,2.95906e+07,-953305,953305,1.40025e+07
0,0,0,7.70555e+08,0,2.95933e+07,-953305,953305,1.40025e+07
0,0,0,7.70555e+08,0,2.95959e+07,-953305,953305,1.40025e+07
0,0,0,7.70555e+08,0,2.95986e+07,-953305,953305,1.40025e+07
0,0,0,7.70555e+08,0,3.04976e+07,-953305,953305,1.40025e+07
0,0,0,7.70555e+08,0,3.05002e+07,-953305,953305,1.40025e+07
0,0,0,7.70555e+08,0,3.05028e+07,-953305,953305,1.40025e+07
0,0,0,7.70555e+08,0,3.05054e+07,-953305,953305,1.40025e+07
0,0,0,7.70555e+08,0,3.3657e+07,-953305,953305,1.40025e+07
0,0,0,7.70555e+08,0,3.36598e+07,-953305,953305,1.40025e+07
0,0,0,7.70555e+08,0,3.36627e+07,-953305,953305,1.40025e+07
0,0,0,7.70555e+08,0,3.36656e+07,-953305,953305,1.40025e+07
0,0,0,7.70555e+08,0,2.93328e+07,-953305,953305,1.40025e+07
0,0,0,7.70555e+08,0,2.93353e+07,-953305,953305,1.40025e+07
0,0,0,7.70555e+08,0,2.93378e+07,-953305,953305,1.40025e+07
0,0,0,7.70555e+08,0,2.93403e+07,-953305,953305,1.40025e+07
0,0,0,7.70555e+08,0,2.93428e+07,-953305,953305,1.40025e+07
0,0,0,7.70555e+08,0,3.04194e+07,-953305,953305,1.40025e+07
0,0,0,7.70555e+08,0,3.0422e+07,-953305,953305,1.40025e+07
0,0,0,7.70555e+08,0,3.04246e+07,-953305,953305,1.40025e+07
0,0,0,7.70555e+08,0,3.04272e+07,-953305,953305,1.40025e+07
0,0,0,7.70555e+08,0,3.00113e+07,-953305,953305,1.40025e+07
0,0,0,7.70555e+08,0,3.00138e+07,-953305,953305,1.40025e+07
0,0,0,7.70555e+08,0,3.00164e+07,-953305,953305,1.40025e+07
0,0,0,7.70555e+08,0,3.00189e+07,-953305,953305,1.40025e+07
0,0,0,7.70555e+08,0,3.14788e+07,-953305,953305,1.40025e+07
0,0,0,7.70555e+08,0,3.14815e+07,-953305,953305,1.40025e+07
0,0,0,7.70555e+08,0,3.14842e+07,-953305,953305,1.40025e+07
0,0,0,7.70555e+08,0,3.14869e+07,-953305,953305,1.40025e+07
0,0,0,7.70555e+08,0,3.14896e+07,-953305,953305,1.40025e+07
0,0,0,7.70555e+08,0,3.18356e+07,-953305,953305,1.40025e+07
0,0,0,7.70555e+08,0,3.18383e+07,-953305,953305,1.40025e+07
0,0,0,7.70555e+08,0,3.18411e+07,-953305,953305,1.40025e+07
0,0,0,7.70555e+08,0,3.18438e+07,-953305,953305,1.40025e+07
0,0,0,7.70555e+08,0,3.25737e+07,-953305,953305,1.40025e+07
0,0,0,7.70555e+08,0,3.25765e+07,-953305,953305,1.40025e+07
0,0,0,7.70555e+08,0,3.25793e+07,-953305,953305,1.40025e+07
0,0,0,7.70555e+08,0,3.25821e+07,-953305,953305,1.40025e+07
0,0,0,7.70555e+08,0,3.49974e+07,-953305,953305,1.40025e+07
0,0,0,7.70555e+08,0,3.50004e+07,-953305,953305,1.40025e+07
0,0,0,7.70555e+08,0,3.50034e+07,-953305,953305,1.40025e+07
0,0,0,7.70555e+08,0,3.50064e+07,-953305,953305,1.40025e+07
0,0,0,7.70555e+08,0,3.50094e+07,-953305,953305,1.40025e+07
0,0,0,7.70555e+08,0,3.36572e+07,-953305,953305,1.40025e+07
0,0,0,7.70555e+08,0,3.36601e+07,-953305,953305,1.40025e+07
0,0,0,7.70555e+08,0,3.3663e+07,-953305,953305,1.40025e+07
0,0,0,7.70555e+08,0,3.36659e+07,-953305,953305,1.40025e+07
0,0,0,7.70555e+08,0,3.24748e+07,-953305,953305,1.40025e+07
0,0,0,7.70555e+08,0,3.24775e+07,-953305,953305,1.40025e+07
0,0,0,7.70555e+08,0,3.24803e+07,-953305,953305,1.40025e+07
0,0,0,7.70555e+08,0,3.24831e+07,-953305,953305,1.40025e+07
0,0,0,7.70555e+08,0,2.972e+07,-953305,953305,1.40025e+07
0,0,0,7.70555e+08,0,2.97225e+07,-953305,953305,1.40025e+07
0,0,0,7.70555e+08,0,2.9725e+07,-953305,953305,1.40025e+07
0,0,0,7.70555e+08,0,2.97276e+07,-953305,953305,1.40025e+07
0,0,0,7.70555e+08,0,2.97301e+07,-953305,953305,1.40025e+07
0,0,0,7.70555e+08,0,3.06331e+07,-953305,953305,1.40025e+07
0,0,0,7.70555e+08,0,3.06355e+07,-953305,953305,1.40025e+07
0,0,0,7.70555e+08,0,3.0638e+07,-953305,953305,1.40025e+07
0,0,0,7.70555e+08,0,3.06404e+07,-953305,953305,1.40025e+07
0,0,0,7.70555e+08,0,3.38065e+07,-953305,953305,1.40025e+07
0,0,0,7.70555e+08,0,3.38092e+07,-953305,953305,1.40025e+07
0,0,0,7.70555e+08,0,3.38119e+07,-953305,953305,1.40025e+07
0,0,0,7.70555e+08,0,3.38146e+07,-953305,953305,1.40025e+07
0,0,0,7.70555e+08,0,2.94616e+07,-953305,953305,1.40025e+07
0,0,0,7.70555e+08,0,2.94639e+07,-953305,953305,1.40025e+07
0,0,0,7.70555e+08,0,2.94663e+07,-953305,953305,1.40025e+07
0,0,0,7.70555e+08,0,2.94686e+07,-953305,953305,1.40025e+07
0,0,0,7.70555e+08,0,2.9471e+07,-953305,953305,1.40025e+07
0,0,0,7.70555e+08,0,3.05524e+07,-953305,953305,1.40025e+07
0,0,0,7.70555e+08,0,3.05548e+07,-953305,953305,1.40025e+07
0,0,0,7.70555e+08,0,3.05572e+07,-953305,953305,1.40025e+07
0,0,0,7.70555e+08,0,3.05597e+07,-953305,953305,1.40025e+07
0,0,0,7.70555e+08,0,3.01417e+07,-953305,953305,1.40025e+07
0,0,0,7.70555e+08,0,3.01441e+07,-953305,953305,1.40025e+07
0,0,0,7.70555e+08,0,3.01465e+07,-953305,953305,1.40025e+07
0,0,0,7.70555e+08,0,3.01489e+07,-953305,953305,1.40025e+07
0,0,0,7.70555e+08,0,3.16153e+07,-953305,953305,1.40025e+07
0,0,0,7.70555e+08,0,3.16178e+07,-953305,953305,1.40025e+07
0,0,0,7.70555e+08,0,3.16203e+07,-953305,953305,1.40025e+07
0,0,0,7.70555e+08,0,3.16229e+07,-953305,953305,1.40025e+07
0,0,0,7.70555e+08,0,3.16254e+07,-953305,953305,1.40025e+07
0,0,0,7.70555e+08,0,3.19728e+07,-953305,953305,1.40025e+07
0,0,0,7.70555e+08,0,3.19753e+07,-953305,953305,1.40025e+07
0,0,0,7.70555e+08,0,3.19779e+07,-953305,953305,1.40025e+07
0,0,0,7.70555e+08,0,3.19804e+07,-953305,953305,1.40025e+07
0,0,0,7.70555e+08,0,3.27135e+07,-953305,953305,1.40025e+07
0,0,0,7.70555e+08,0,3.27161e+07,-953305,953305,1.40025e+07
0,0,0,7.70555e+08,0,3.27187e+07,-953305,953305,1.40025e+07
0,0,0,7.70555e+08,0,3.27214e+07,-953305,953305,1.40025e+07
0,0,0,7.70555e+08,0,3.51473e+07,-953305,953305,1.40025e+07
0,0,0,7.70555e+08,0,3.51501e+07,-953305,953305,1.40025e+07
0,0,0,7.70555e+08,0,3.5153e+07,-953305,953305,1.40025e+07
0,0,0,7.70555e+08,0,3.51558e+07,-953305,953305,1.40025e+07
0,0,0,7.70555e+08,0,3.51586e+07,-953305,953305,1.40025e+07
0,0,0,7.70555e+08,0,3.38002e+07,-953305,953305,1.40025e+07
0,0,0,7.70555e+08,0,3.38029e+07,-953305,953305,1.40025e+07
0,0,0,7.70555e+08,0,3.38056e+07,-953305,953305,1.40025e+07
0,0,0,7.70555e+08,0,3.38083e+07,-953305,953305,1.40025e+07
0,0,0,7.70555e+08,0,3.26117e+07,-953305,953305,1.40025e+07
0,0,0,7.70555e+08,0,3.26143e+07,-953305,953305,1.40025e+07
0,0,0,7.70555e+08,0,3.2617e+07,-953305,953305,1.40025e+07
0,0,0,7.70555e+08,0,3.26196e+07,-953305,953305,1.40025e+07
0,0,0,7.70555e+08,0,2.98441e+07,-953305,953305,1.40025e+07
0,0,0,7.70555e+08,0,2.98465e+07,-953305,953305,1.40025e+07
0,0,0,7.70555e+08,0,2.98489e+07,-953305,953305,1.40025e+07
0,0,0,7.70555e+08,0,2.98513e+07,-953305,953305,1.40025e+07
0,0,0,7.70555e+08,0,2.98536e+07,-953305,953305,1.40025e+07
0,0,0,7.70555e+08,0,3.07604e+07,-953305,953305,1.40025e+07
0,0,0,7.70555e+08,0,3.07627e+07,-953305,953305,1.40025e+07
0,0,0,7.70555e+08,0,3.0765e+07,-953305,953305,1.40025e+07
0,0,0,7.70555e+08,0,3.07673e+07,-953305,953305,1.40025e+07
0,0,0,7.70555e+08,0,3.39469e+07,-953305,953305,1.40025e+07
0,0,0,7.70555e+08,0,3.39495e+07,-953305,953305,1.40025e+07
0,0,0,7.70555e+08,0,3.3952e+07,-953305,953305,1.40025e+07
0,0,0,7.70555e+08,0,3.39545e+07,-953305,953305,1.40025e+07
0,0,0,7.70555e+08,0,2.95825e+07,-953305,953305,1.40025e+07
0,0,0,7.70555e+08,0,2.95847e+07,-953305,953305,1.40025e+07
0,0,0,7.70555e+08,0,2.95869e+07,-953305,953305,1.40025e+07
0,0,0,7.70555e+08,0,2.95891e+07,-953305,953305,1.40025e+07
0,0,0,7.70555e+08,0,2.95913e+07,-953305,953305,1.40025e+07
0,0,0,7.70555e+08,0,3.06772e+07,-953305,953305,1.40025e+07
0,0,0,7.70555e+08,0,3.06795e+07,-953305,953305,1.40025e+07
0,0,0,7.70555e+08,0,3.06818e+07,-953305,953305,1.40025e+07
0,0,0,7.70555e+08,0,3.06841e+07,-953305,953305,1.40025e+07
0,0,0,7.70555e+08,0,3.02641e+07,-953305,953305,1.40025e+07
0,0,0,7.70555e+08,0,3.02664e+07,-953305,953305,1.40025e+07
0,0,0,7.70555e+08,0,3.02686e+07,-953305,953305,1.40025e+07
0,0,0,7.70555e+08,0,3.02709e+07,-953305,953305,1.40025e+07
0,0,0,7.70555e+08,0,3.17433e+07,-953305,953305,1.40025e+07
0,0,0,7.70555e+08,0,3.17457e+07,-953305,953305,1.40025e+07
0,0,0,7.70555e+08,0,3.1748e+07,-953305,953305,1.40025e+07
0,0,0,7.70555e+08,0,3.17504e+07,-953305,953305,1.40025e+07
0,0,0,7.70555e+08,0,3.17528e+07,-953305,953305,1.40025e+07
0,0,0,7.70555e+08,0,3.21015e+07,-953305,953305,1.40025e+07
0,0,0,7.70555e+08,0,3.21039e+07,-953305,953305,1.40025e+07
0,0,0,7.70555e+08,0,3.21063e+07,-953305,953305,1.40025e+07
0,0,0,7.70555e+08,0,3.21087e+07,-953305,953305,1.40025e+07
0,0,0,7.70555e+08,0,3.28446e+07,-953305,953305,1.40025e+07
0,0,0,7.70555e+08,0,3.28471e+07,-953305,953305,1.40025e+07
0,0,0,7.70555e+08,0,3.28495e+07,-953305,953305,1.40025e+07
0,0,0,7.70555e+08,0,3.2852e+07,-953305,953305,1.40025e+07
0,0,0,7.70555e+08,0,3.52879e+07,-953305,953305,1.40025e+07
0,0,0,7.70555e+08,0,3.52905e+07,-953305,953305,1.40025e+07
0,0,0,7.70555e+08,0,3.52932e+07,-953305,953305,1.40025e+07
0,0,0,7.70555e+08,0,3.52958e+07,-953305,953305,1.40025e+07
0,0,0,7.70555e+08,0,3.52985e+07,-953305,953305,1.40025e+07
0,0,0,7.70555e+08,0,3.39342e+07,-953305,953305,1.40025e+07
0,0,0,7.70555e+08,0,3.39368e+07,-953305,953305,1.40025e+07
0,0,0,7.70555e+08,0,3.39393e+07,-953305,953305,1.40025e+07
0,0,0,7.70555e+08,0,3.39418e+07,-953305,953305,1.40025e+07
0,0,0,7.70555e+08,0,3.27401e+07,-953305,953305,1.40025e+07
0,0,0,7.70555e+08,0,3.27426e+07,-953305,953305,1.40025e+07
0,0,0,7.70555e+08,0,3.2745e+07,-953305,953305,1.40025e+07
0,0,0,7.70555e+08,0,3.27475e+07,-953305,953305,1.40025e+07
0,0,0,7.70555e+08,0,2.99605e+07,-953305,953305,1.40025e+07
0,0,0,7.70555e+08,0,2.99627e+07,-953305,953305,1.40025e+07
0,0,0,7.70555e+08,0,2.99649e+07,-953305,953305,1.40025e+07
0,0,0,7.70555e+08,0,2.99671e+07,-953305,953305,1.40025e+07
0,0,0,7.70555e+08,0,2.99694e+07,-953305,953305,1.40025e+07
0,0,0,7.70555e+08,0,3.08797e+07,-953305,953305,1.40025e+07
0,0,0,7.70555e+08,0,3.08818e+07,-953305,953305,1.40025e+07
0,0,0,7.70555e+08,0,3.0884e+07,-953305,953305,1.40025e+07
0,0,0,7.70555e+08,0,3.08861e+07,-953305,953305,1.40025e+07
0,0,0,7.70555e+08,0,3.40785e+07,-953305,953305,1.40025e+07
0,0,0,7.70555e+08,0,3.40808e+07,-953305,953305,1.40025e+07
0,0,0,7.70555e+08,0,3.40832e+07,-953305,953305,1.40025e+07
0,0,0,7.70555e+08,0,3.40856e+07,-953305,953305,1.40025e+07
0,0,0,7.70555e+08,0,2.96957e+07,-953305,953305,1.40025e+07
0,0,0,7.70555e+08,0,2.96978e+07,-953305,953305,1.40025e+07
0,0,0,7.70555e+08,0,2.96998e+07,-953305,953305,1.40025e+07
0,0,0,7.70555e+08,0,2.97019e+07,-953305,953305,1.40025e+07
0,0,0,7.70555e+08,0,2.9704e+07,-953305,953305,1.40025e+07
0,0,0,7.70555e+08,0,3.0794e+07,-953305,953305,1.40025e+07
0,0,0,7.70555e+08,0,3.07962e+07,-953305,953305,1.40025e+07
0,0,0,7.70555e+08,0,3.07983e+07,-953305,953305,1.40025e+07
0,0,0,7.70555e+08,0,3.08004e+07,-953305,953305,1.40025e+07
0,0,0,7.70555e+08,0,3.03786e+07,-953305,953305,1.40025e+07
0,0,0,7.70555e+08,0,3.03808e+07,-953305,953305,1.40025e+07
0,0,0,7.70555e+08,0,3.03829e+07,-953305,953305,1.40025e+07
0,0,0,7.70555e+08,0,3.0385e+07,-953305,953305,1.40025e+07
0,0,0,7.70555e+08,0,3.18631e+07,-953305,953305,1.40025e+07
0,0,0,7.70555e+08,0,3.18653e+07,-953305,953305,1.40025e+07
0,0,0,7.70555e+08,0,3.18675e+07,-953305,953305,1.40025e+07
0,0,0,7.70555e+08,0,3.18697e+07,-953305,953305,1.40025e+07
0,0,0,7.70555e+08,0,3.18719e+07,-953305,953305,1.40025e+07
0,0,0,7.70555e+08,0,3.22218e+07,-953305,953305,1.40025e+07
0,0,0,7.70555e+08,0,3.2224e+07,-953305,953305,1.40025e+07
0,0,0,7.70555e+08,0,3.22263e+07,-953305,953305,1.40025e+07
0,0,0,7.70555e+08,0,3.22285e+07,-953305,953305,1.40025e+07
0,0,0,7.70555e+08,0,3.29672e+07,-953305,953305,1.40025e+07
0,0,0,7.70555e+08,0,3.29695e+07,-953305,953305,1.40025e+07
0,0,0,7.70555e+08,0,3.29718e+07,-953305,953305,1.40025e+07
0,0,0,7.70555e+08,0,3.29741e+07,-953305,953305,1.40025e+07
0,0,0,7.70555e+08,0,3.54192e+07,-953305,953305,1.40025e+07
0,0,0,7.70555e+08,0,3.54217e+07,-953305,953305,1.40025e+07
0,0,0,7.70555e+08,0,3.54242e+07,-953305,953305,1.40025e+07
0,0,0,7.70555e+08,0,3.54267e+07,-953305,953305,1.40025e+07
0,0,0,7.70555e+08,0,3.54291e+07,-953305,953305,1.40025e+07
0,0,0,7.70555e+08,0,3.40594e+07,-953305,953305,1.40025e+07
0,0,0,7.70555e+08,0,3.40618e+07,-953305,953305,1.40025e+07
0,0,0,7.70555e+08,0,3.40642e+07,-953305,953305,1.40025e+07
0,0,0,7.70555e+08,0,3.40665e+07,-953305,953305,1.40025e+07
0,0,0,7.70555e+08,0,3.28601e+07,-953305,953305,1.40025e+07
0,0,0,7.70555e+08,0,3.28623e+07,-953305,953305,1.40025e+07
0,0,0,7.70555e+08,0,3.28646e+07,-953305,953305,1.40025e+07
0,0,0,7.70555e+08,0,3.28669e+07,-953305,953305,1.40025e+07
0,0,0,7.70555e+08,0,3.00691e+07,-953305,953305,1.40025e+07
0,0,0,7.70555e+08,0,3.00712e+07,-953305,953305,1.40025e+07
0,0,0,7.70555e+08,0,3.00732e+07,-953305,953305,1.40025e+07
0,0,0,7.70555e+08,0,3.00753e+07,-953305,953305,1.40025e+07
0,0,0,7.70555e+08,0,3.00774e+07,-953305,953305,1.40025e+07
0,0,0,7.70555e+08,0,3.00774e+07,-953305,953305,1.40025e+07
0,0,0,7.70555e+08,0,3.0991e+07,-953305,953305,1.40025e+07
0,0,0,7.70555e+08,0,3.0993e+07,-953305,953305,1.40025e+07
0,0,0,7.70555e+08,0,3.0995e+07,-953305,953305,1.40025e+07
0,0,0,7.70555e+08,0,3.0997e+07,-953305,953305,1.40025e+07
0,0,0,7.70555e+08,0,3.42012e+07,-953305,953305,1.40025e+07
0,0,0,7.70555e+08,0,3.42034e+07,-953305,953305,1.40025e+07
0,0,0,7.70555e+08,0,3.42056e+07,-953305,953305,1.40025e+07
0,0,0,7.70555e+08,0,3.42078e+07,-953305,953305,1.40025e+07
0,0,0,7.70555e+08,0,2.98013e+07,-953305,953305,1.40025e+07
0,0,0,7.70555e+08,0,2.98033e+07,-953305,953305,1.40025e+07
0,0,0,7.70555e+08,0,2.98052e+07,-953305,953305,1.40025e+07
0,0,0,7.70555e+08,0,2.98071e+07,-953305,953305,1.40025e+07
0,0,0,7.70555e+08,0,2.9809e+07,-953305,953305,1.40025e+07
0,0,0,7.70555e+08,0,3.0903e+07,-953305,953305,1.40025e+07
0,0,0,7.70555e+08,0,3.09049e+07,-953305,953305,1.40025e+07
0,0,0,7.70555e+08,0,3.09069e+07,-953305,953305,1.40025e+07
0,0,0,7.70555e+08,0,3.09089e+07,-953305,953305,1.40025e+07
0,0,0,7.70555e+08,0,3.04854e+07,-953305,953305,1.40025e+07
0,0,0,7.70555e+08,0,3.04874e+07,-953305,953305,1.40025e+07
0,0,0,7.70555e+08,0,3.04893e+07,-953305,953305,1.40025e+07
0,0,0,7.70555e+08,0,3.04913e+07,-953305,953305,1.40025e+07
0,0,0,7.70555e+08,0,3.19746e+07,-953305,953305,1.40025e+07
0,0,0,7.70555e+08,0,3.19767e+07,-953305,953305,1.40025e+07
0,0,0,7.70555e+08,0,3.19788e+07,-953305,953305,1.40025e+07
0,0,0,7.70555e+08,0,3.19808e+07,-953305,953305,1.40025e+07
0,0,0,7.70555e+08,0,3.19829e+07,-953305,953305,1.40025e+07
0,0,0,7.70555e+08,0,3.23339e+07,-953305,953305,1.40025e+07
0,0,0,7.70555e+08,0,3.23359e+07,-953305,953305,1.40025e+07
0,0,0,7.70555e+08,0,3.2338e+07,-953305,953305,1.40025e+07
0,0,0,7.70555e+08,0,3.23401e+07,-953305,953305,1.40025e+07
0,0,0,7.70555e+08,0,3.30813e+07,-953305,953305,1.40025e+07
0,0,0,7.70555e+08,0,3.30834e+07,-953305,953305,1.40025e+07
0,0,0,7.70555e+08,0,3.30855e+07,-953305,953305,1.40025e+07
0,0,0,7.70555e+08,0,3.30876e+07,-953305,953305,1.40025e+07
0,0,0,7.70555e+08,0,3.55415e+07,-953305,953305,1.40025e+07
0,0,0,7.70555e+08,0,3.55438e+07,-953305,953305,1.40025e+07
0,0,0,7.70555e+08,0,3.55461e+07,-953305,953305,1.40025e+07
0,0,0,7.70555e+08,0,3.55484e+07,-953305,953305,1.40025e+07
0,0,0,7.70555e+08,0,3.55506e+07,-953305,953305,1.40025e+07
0,0,0,7.70555e+08,0,3.41759e+07,-953305,953305,1.40025e+07
0,0,0,7.70555e+08,0,3.41781e+07,-953305,953305,1.40025e+07
0,0,0,7.70555e+08,0,3.41803e+07,-953305,953305,1.40025e+07
0,0,0,7.70555e+08,0,3.41825e+07,-953305,953305,1.40025e+07
0,0,0,7.70555e+08,0,3.29715e+07,-953305,953305,1.40025e+07
0,0,0,7.70555e+08,0,3.29736e+07,-953305,953305,1.40025e+07
0,0,0,7.70555e+08,0,3.29758e+07,-953305,953305,1.40025e+07
0,0,0,7.70555e+08,0,3.29779e+07,-953305,953305,1.40025e+07
0,0,0,7.70555e+08,0,3.017e+07,-953305,953305,1.40025e+07
0,0,0,7.70555e+08,0,3.01719e+07,-953305,953305,1.40025e+07
0,0,0,7.70555e+08,0,3.01739e+07,-953305,953305,1.40025e+07
0,0,0,7.70555e+08,0,3.01758e+07,-953305,953305,1.40025e+07
0,0,0,7.70555e+08,0,3.01777e+07,-953305,953305,1.40025e+07
0,0,0,7.70555e+08,0,3.10944e+07,-953305,953305,1.40025e+07
0,0,0,7.70555e+08,0,3.10962e+07,-953305,953305,1.40025e+07
0,0,0,7.70555e+08,0,3.10981e+07,-953305,953305,1.40025e+07
0,0,0,7.70555e+08,0,3.10999e+07,-953305,953305,1.40025e+07
0,0,0,7.70555e+08,0,3.43151e+07,-953305,953305,1.40025e+07
0,0,0,7.70555e+08,0,3.43172e+07,-953305,953305,1.40025e+07
0,0,0,7.70555e+08,0,3.43192e+07,-953305,953305,1.40025e+07
0,0,0,7.70555e+08,0,3.43212e+07,-953305,953305,1.40025e+07
0,0,0,7.70555e+08,0,2.98993e+07,-953305,953305,1.40025e+07
0,0,0,7.70555e+08,0,2.99011e+07,-953305,953305,1.40025e+07
0,0,0,7.70555e+08,0,2.99029e+07,-953305,953305,1.40025e+07
0,0,0,7.70555e+08,0,2.99046e+07,-953305,953305,1.40025e+07
0,0,0,7.70555e+08,0,2.99064e+07,-953305,953305,1.40025e+07
0,0,0,7.70555e+08,0,3.1004e+07,-953305,953305,1.40025e+07
0,0,0,7.70555e+08,0,3.10058e+07,-953305,953305,1.40025e+07
0,0,0,7.70555e+08,0,3.10076e+07,-953305,953305,1.40025e+07
0,0,0,7.70555e+08,0,3.10095e+07,-953305,953305,1.40025e+07
0,0,0,7.70555e+08,0,3.05844e+07,-953305,953305,1.40025e+07
0,0,0,7.70555e+08,0,3.05862e+07,-953305,953305,1.40025e+07
0,0,0,7.70555e+08,0,3.0588e+07,-953305,953305,1.40025e+07
0,0,0,7.70555e+08,0,3.05898e+07,-953305,953305,1.40025e+07
0,0,0,7.70555e+08,0,3.2078e+07,-953305,953305,1.40025e+07
0,0,0,7.70555e+08,0,3.20799e+07,-953305,953305,1.40025e+07
0,0,0,7.70555e+08,0,3.20818e+07,-953305,953305,1.40025e+07
0,0,0,7.70555e+08,0,3.20837e+07,-953305,953305,1.40025e+07
0,0,0,7.70555e+08,0,3.20856e+07,-953305,953305,1.40025e+07
0,0,0,7.70555e+08,0,3.24376e+07,-953305,953305,1.40025e+07
0,0,0,7.70555e+08,0,3.24395e+07,-953305,953305,1.40025e+07
0,0,0,7.70555e+08,0,3.24415e+07,-953305,953305,1.40025e+07
0,0,0,7.70555e+08,0,3.24434e+07,-953305,953305,1.40025e+07
0,0,0,7.70555e+08,0,3.31869e+07,-953305,953305,1.40025e+07
0,0,0,7.70555e+08,0,3.31888e+07,-953305,953305,1.40025e+07
0,0,0,7.70555e+08,0,3.31908e+07,-953305,953305,1.40025e+07
0,0,0,7.70555e+08,0,3.31927e+07,-953305,953305,1.40025e+07
0,0,0,7.70555e+08,0,3.56545e+07,-953305,953305,1.40025e+07
0,0,0,7.70555e+08,0,3.56567e+07,-953305,953305,1.40025e+07
0,0,0,7.70555e+08,0,3.56588e+07,-953305,953305,1.40025e+07
0,0,0,7.70555e+08,0,3.56609e+07,-953305,953305,1.40025e+07
0,0,0,7.70555e+08,0,3.5663e+07,-953305,953305,1.40025e+07
0,0,0,7.70555e+08,0,3.42835e+07,-953305,953305,1.40025e+07
0,0,0,7.70555e+08,0,3.42856e+07,-953305,953305,1.40025e+07
0,0,0,7.70555e+08,0,3.42876e+07,-953305,953305,1.40025e+07
0,0,0,7.70555e+08,0,3.42896e+07,-953305,953305,1.40025e+07
0,0,0,7.70555e+08,0,3.30745e+07,-953305,953305,1.40025e+07
0,0,0,7.70555e+08,0,3.30765e+07,-953305,953305,1.40025e+07
0,0,0,7.70555e+08,0,3.30785e+07,-953305,953305,1.40025e+07
0,0,0,7.70555e+08,0,3.30804e+07,-953305,953305,1.40025e+07
0,0,0,7.70555e+08,0,3.02632e+07,-953305,953305,1.40025e+07
0,0,0,7.70555e+08,0,3.0265e+07,-953305,953305,1.40025e+07
0,0,0,7.70555e+08,0,3.02668e+07,-953305,953305,1.40025e+07
0,0,0,7.70555e+08,0,3.02686e+07,-953305,953305,1.40025e+07
0,0,0,7.70555e+08,0,3.02704e+07,-953305,953305,1.40025e+07
0,0,0,7.70555e+08,0,3.11898e+07,-953305,953305,1.40025e+07
0,0,0,7.70555e+08,0,3.11915e+07,-953305,953305,1.40025e+07
0,0,0,7.70555e+08,0,3.11932e+07,-953305,953305,1.40025e+07
0,0,0,7.70555e+08,0,3.11949e+07,-953305,953305,1.40025e+07
0,0,0,7.70555e+08,0,3.44202e+07,-953305,953305,1.40025e+07
0,0,0,7.70555e+08,0,3.44221e+07,-953305,953305,1.40025e+07
0,0,0,7.70555e+08,0,3.4424e+07,-953305,953305,1.40025e+07
0,0,0,7.70555e+08,0,3.44258e+07,-953305,953305,1.40025e+07
0,0,0,7.70555e+08,0,2.99897e+07,-953305,953305,1.40025e+07
0,0,0,7.70555e+08,0,2.99913e+07,-953305,953305,1.40025e+07
0,0,0,7.70555e+08,0,2.9993e+07,-953305,953305,1.40025e+07
0,0,0,7.70555e+08,0,2.99946e+07,-953305,953305,1.40025e+07
0,0,0,7.70555e+08,0,2.99962e+07,-953305,953305,1.40025e+07
0,0,0,7.70555e+08,0,3.10971e+07,-953305,953305,1.40025e+07
0,0,0,7.70555e+08,0,3.10988e+07,-953305,953305,1.40025e+07
0,0,0,7.70555e+08,0,3.11004e+07,-953305,953305,1.40025e+07
0,0,0,7.70555e+08,0,3.11021e+07,-953305,953305,1.40025e+07
0,0,0,7.70555e+08,0,3.06755e+07,-953305,953305,1.40025e+07
0,0,0,7.70555e+08,0,3.06772e+07,-953305,953305,1.40025e+07
0,0,0,7.70555e+08,0,3.06788e+07,-953305,953305,1.40025e+07
0,0,0,7.70555e+08,0,3.06805e+07,-953305,953305,1.40025e+07
0,0,0,7.70555e+08,0,3.21732e+07,-953305,953305,1.40025e+07
0,0,0,7.70555e+08,0,3.21749e+07,-953305,953305,1.40025e+07
0,0,0,7.70555e+08,0,3.21767e+07,-953305,953305,1.40025e+07
0,0,0,7.70555e+08,0,3.21784e+07,-953305,953305,1.40025e+07
0,0,0,7.70555e+08,0,3.21802e+07,-953305,953305,1.40025e+07
0,0,0,7.70555e+08,0,3.25331e+07,-953305,953305,1.40025e+07
0,0,0,7.70555e+08,0,3.25349e+07,-953305,953305,1.40025e+07
0,0,0,7.70555e+08,0,3.25366e+07,-953305,953305,1.40025e+07
0,0,0,7.70555e+08,0,3.25384e+07,-953305,953305,1.40025e+07
0,0,0,7.70555e+08,0,3.3284e+07,-953305,953305,1.40025e+07
0,0,0,7.70555e+08,0,3.32858e+07,-953305,953305,1.40025e+07
0,0,0,7.70555e+08,0,3.32876e+07,-953305,953305,1.40025e+07
0,0,0,7.70555e+08,0,3.32894e+07,-953305,953305,1.40025e+07
0,0,0,7.70555e+08,0,3.57585e+07,-953305,953305,1.40025e+07
0,0,0,7.70555e+08,0,3.57604e+07,-953305,953305,1.40025e+07
0,0,0,7.70555e+08,0,3.57624e+07,-953305,953305,1.40025e+07
0,0,0,7.70555e+08,0,3.57643e+07,-953305,953305,1.40025e+07
0,0,0,7.70555e+08,0,3.57663e+07,-953305,953305,1.40025e+07
0,0,0,7.70555e+08,0,3.43824e+07,-953305,953305,1.40025e+07
0,0,0,7.70555e+08,0,3.43843e+07,-953305,953305,1.40025e+07
0,0,0,7.70555e+08,0,3.43862e+07,-953305,953305,1.40025e+07
0,0,0,7.70555e+08,0,3.4388e+07,-953305,953305,1.40025e+07
0,0,0,7.70555e+08,0,3.31691e+07,-953305,953305,1.40025e+07
0,0,0,7.70555e+08,0,3.31709e+07,-953305,953305,1.40025e+07
0,0,0,7.70555e+08,0,3.31727e+07,-953305,953305,1.40025e+07
0,0,0,7.70555e+08,0,3.31745e+07,-953305,953305,1.40025e+07
0,0,0,7.70555e+08,0,3.03488e+07,-953305,953305,1.40025e+07
0,0,0,7.70555e+08,0,3.03504e+07,-953305,953305,1.40025e+07
0,0,0,7.70555e+08,0,3.03521e+07,-953305,953305,1.40025e+07
0,0,0,7.70555e+08,0,3.03537e+07,-953305,953305,1.40025e+07
0,0,0,7.70555e+08,0,3.03553e+07,-953305,953305,1.40025e+07
0,0,0,7.70555e+08,0,3.12774e+07,-953305,953305,1.40025e+07
0,0,0,7.70555e+08,0,3.12789e+07,-953305,953305,1.40025e+07
0,0,0,7.70555e+08,0,3.12804e+07,-953305,953305,1.40025e+07
0,0,0,7.70555e+08,0,3.1282e+07,-953305,953305,1.40025e+07
0,0,0,7.70555e+08,0,3.45166e+07,-953305,953305,1.40025e+07
0,0,0,7.70555e+08,0,3.45183e+07,-953305,953305,1.40025e+07
0,0,0,7.70555e+08,0,3.452e+07,-953305,953305,1.40025e+07
0,0,0,7.70555e+08,0,3.45217e+07,-953305,953305,1.40025e+07
0,0,0,7.70555e+08,0,3.00725e+07,-953305,953305,1.40025e+07
0,0,0,7.70555e+08,0,3.0074e+07,-953305,953305,1.40025e+07
0,0,0,7.70555e+08,0,3.00755e+07,-953305,953305,1.40025e+07
0,0,0,7.70555e+08,0,3.00769e+07,-953305,953305,1.40025e+07
0,0,0,7.70555e+08,0,3.00784e+07,-953305,953305,1.40025e+07
0,0,0,7.70555e+08,0,3.11823e+07,-953305,953305,1.40025e+07
0,0,0,7.70555e+08,0,3.11839e+07,-953305,953305,1.40025e+07
0,0,0,7.70555e+08,0,3.11854e+07,-953305,953305,1.40025e+07
0,0,0,7.70555e+08,0,3.11869e+07,-953305,953305,1.40025e+07
0,0,0,7.70555e+08,0,3.07589e+07,-953305,953305,1.40025e+07
0,0,0,7.70555e+08,0,3.07605e+07,-953305,953305,1.40025e+07
0,0,0,7.70555e+08,0,3.0762e+07,-953305,953305,1.40025e+07
0,0,0,7.70555e+08,0,3.07635e+07,-953305,953305,1.40025e+07
0,0,0,7.70555e+08,0,3.22603e+07,-953305,953305,1.40025e+07
0,0,0,7.70555e+08,0,3.22619e+07,-953305,953305,1.40025e+07
0,0,0,7.70555e+08,0,3.22634e+07,-953305,953305,1.40025e+07
0,0,0,7.70555e+08,0,3.2265e+07,-953305,953305,1.40025e+07
0,0,0,7.70555e+08,0,3.22666e+07,-953305,953305,1.40025e+07
0,0,0,7.70555e+08,0,3.26204e+07,-953305,953305,1.40025e+07
0,0,0,7.70555e+08,0,3.2622e+07,-953305,953305,1.40025e+07
0,0,0,7.70555e+08,0,3.26236e+07,-953305,953305,1.40025e+07
0,0,0,7.70555e+08,0,3.26252e+07,-953305,953305,1.40025e+07
0,0,0,7.70555e+08,0,3.33727e+07,-953305,953305,1.40025e+07
0,0,0,7.70555e+08,0,3.33744e+07,-953305,953305,1.40025e+07
0,0,0,7.70555e+08,0,3.3376e+07,-953305,953305,1.40025e+07
0,0,0,7.70555e+08,0,3.33776e+07,-953305,953305,1.40025e+07
0,0,0,7.70555e+08,0,3.58534e+07,-953305,953305,1.40025e+07
0,0,0,7.70555e+08,0,3.58552e+07,-953305,953305,1.40025e+07
0,0,0,7.70555e+08,0,3.5857e+07,-953305,953305,1.40025e+07
0,0,0,7.70555e+08,0,3.58587e+07,-953305,953305,1.40025e+07
0,0,0,7.70555e+08,0,3.58605e+07,-953305,953305,1.40025e+07
0,0,0,7.70555e+08,0,3.44727e+07,-953305,953305,1.40025e+07
0,0,0,7.70555e+08,0,3.44744e+07,-953305,953305,1.40025e+07
0,0,0,7.70555e+08,0,3.44761e+07,-953305,953305,1.40025e+07
0,0,0,7.70555e+08,0,3.44778e+07,-953305,953305,1.40025e+07
0,0,0,7.70555e+08,0,3.32554e+07,-953305,953305,1.40025e+07
0,0,0,7.70555e+08,0,3.3257e+07,-953305,953305,1.40025e+07
0,0,0,7.70555e+08,0,3.32587e+07,-953305,953305,1.40025e+07
0,0,0,7.70555e+08,0,3.32603e+07,-953305,953305,1.40025e+07
0,0,0,7.70555e+08,0,3.04268e+07,-953305,953305,1.40025e+07
0,0,0,7.70555e+08,0,3.04283e+07,-953305,953305,1.40025e+07
0,0,0,7.70555e+08,0,3.04298e+07,-953305,953305,1.40025e+07
0,0,0,7.70555e+08,0,3.04313e+07,-953305,953305,1.40025e+07
0,0,0,7.70555e+08,0,2.72615e+07,-4.12452e+06,4.12452e+06,1.58354e+07
0,0,0,7.70555e+08,0,3.13571e+07,-953305,953305,1.40025e+07
0,0,0,7.70555e+08,0,2.80859e+07,-4.22593e+06,4.22593e+06,1.58354e+07
0,0,0,7.70555e+08,0,2.80871e+07,-4.22608e+06,4.22608e+06,1.58354e+07
0,0,0,7.70555e+08,0,2.80883e+07,-4.22623e+06,4.22623e+06,1.58354e+07
0,0,0,7.70555e+08,0,3.09761e+07,-4.58149e+06,4.58149e+06,1.58354e+07
0,0,0,7.70555e+08,0,3.46058e+07,-953305,953305,1.40025e+07
0,0,0,7.70555e+08,0,3.46074e+07,-953305,953305,1.40025e+07
0,0,0,7.70555e+08,0,3.38832e+07,-1.67904e+06,1.67904e+06,1.40025e+07
0,0,0,7.70555e+08,0,2.70078e+07,-4.09331e+06,4.09331e+06,1.58354e+07
0,0,0,7.70555e+08,0,3.01492e+07,-953305,953305,1.40025e+07
0,0,0,7.70555e+08,0,2.70102e+07,-4.09361e+06,4.09361e+06,1.58354e+07
0,0,0,7.70555e+08,0,2.70114e+07,-4.09375e+06,4.09375e+06,1.58354e+07
0,0,0,7.70555e+08,0,2.70126e+07,-4.0939e+06,4.0939e+06,1.58354e+07
0,0,0,7.70555e+08,0,3.06074e+07,-1.60567e+06,1.60567e+06,1.40025e+07
0,0,0,7.70555e+08,0,3.06088e+07,-1.6057e+06,1.6057e+06,1.40025e+07
0,0,0,7.70555e+08,0,2.80004e+07,-4.21542e+06,4.21542e+06,1.58354e+07
0,0,0,7.70555e+08,0,2.80017e+07,-4.21558e+06,4.21558e+06,1.58354e+07
0,0,0,7.70555e+08,0,3.01917e+07,-1.59636e+06,1.59636e+06,1.40025e+07
0,0,0,7.70555e+08,0,3.08361e+07,-953305,953305,1.40025e+07
0,0,0,7.70555e+08,0,3.08374e+07,-953305,953305,1.40025e+07
0,0,0,7.70555e+08,0,3.08388e+07,-953305,953305,1.40025e+07
0,0,0,7.70555e+08,0,2.89592e+07,-4.33337e+06,4.33337e+06,1.58354e+07
0,0,0,7.70555e+08,0,3.16647e+07,-1.62935e+06,1.62935e+06,1.40025e+07
0,0,0,7.70555e+08,0,3.23422e+07,-953305,953305,1.40025e+07
0,0,0,7.70555e+08,0,3.23436e+07,-953305,953305,1.40025e+07
0,0,0,7.70555e+08,0,3.2345e+07,-953305,953305,1.40025e+07
0,0,0,7.70555e+08,0,3.26995e+07,-953305,953305,1.40025e+07
0,0,0,7.70555e+08,0,3.2701e+07,-953305,953305,1.40025e+07
0,0,0,7.70555e+08,0,3.27024e+07,-953305,953305,1.40025e+07
0,0,0,7.70555e+08,0,3.27039e+07,-953305,953305,1.40025e+07
0,0,0,7.70555e+08,0,3.34531e+07,-953305,953305,1.40025e+07
0,0,0,7.70555e+08,0,3.34546e+07,-953305,953305,1.40025e+07
0,0,0,7.70555e+08,0,3.34561e+07,-953305,953305,1.40025e+07
0,0,0,7.70555e+08,0,3.34575e+07,-953305,953305,1.40025e+07
0,0,0,7.70555e+08,0,3.59394e+07,-953305,953305,1.40025e+07
0,0,0,7.70555e+08,0,3.59409e+07,-953305,953305,1.40025e+07
0,0,0,7.70555e+08,0,3.59425e+07,-953305,953305,1.40025e+07
0,0,0,7.70555e+08,0,3.59441e+07,-953305,953305,1.40025e+07
0,0,0,7.70555e+08,0,3.59457e+07,-953305,953305,1.40025e+07
0,0,0,7.70555e+08,0,3.45543e+07,-953305,953305,1.40025e+07
0,0,0,7.70555e+08,0,3.45559e+07,-953305,953305,1.40025e+07
0,0,0,7.70555e+08,0,3.45574e+07,-953305,953305,1.40025e+07
0,0,0,7.70555e+08,0,3.45589e+07,-953305,953305,1.40025e+07
0,0,0,7.70555e+08,0,3.26356e+07,-1.6511e+06,1.6511e+06,1.40025e+07
0,0,0,7.70555e+08,0,3.2637e+07,-1.65113e+06,1.65113e+06,1.40025e+07
0,0,0,7.70555e+08,0,3.26384e+07,-1.65116e+06,1.65116e+06,1.40025e+07
0,0,0,7.70555e+08,0,2.98483e+07,-4.44275e+06,4.44275e+06,1.58354e+07
0,0,0,7.70555e+08,0,2.73189e+07,-4.13158e+06,4.13158e+06,1.58354e+07
0,0,0,7.70555e+08,0,2.73201e+07,-4.13173e+06,4.13173e+06,1.58354e+07
0,0,0,7.70555e+08,0,2.73213e+07,-4.13188e+06,4.13188e+06,1.58354e+07
0,0,0,7.70555e+08,0,2.73225e+07,-4.13203e+06,4.13203e+06,1.58354e+07
0,0,0,7.70555e+08,0,2.73237e+07,-4.13217e+06,4.13217e+06,1.58354e+07
0,0,0,7.70555e+08,0,2.81486e+07,-4.23366e+06,4.23366e+06,1.58354e+07
0,0,0,7.70555e+08,0,2.81497e+07,-4.23379e+06,4.23379e+06,1.58354e+07
0,0,0,7.70555e+08,0,2.81508e+07,-4.23393e+06,4.23393e+06,1.58354e+07
0,0,0,7.70555e+08,0,2.81519e+07,-4.23406e+06,4.23406e+06,1.58354e+07
0,0,0,7.70555e+08,0,3.10465e+07,-4.59015e+06,4.59015e+06,1.58354e+07
0,0,0,7.70555e+08,0,3.10477e+07,-4.5903e+06,4.5903e+06,1.58354e+07
0,0,0,7.70555e+08,0,3.10489e+07,-4.59045e+06,4.59045e+06,1.58354e+07
0,0,0,7.70555e+08,0,3.10501e+07,-4.5906e+06,4.5906e+06,1.58354e+07
0,0,0,7.70555e+08,0,2.70682e+07,-4.10074e+06,4.10074e+06,1.58354e+07
0,0,0,7.70555e+08,0,2.70693e+07,-4.10087e+06,4.10087e+06,1.58354e+07
0,0,0,7.70555e+08,0,2.70703e+07,-4.101e+06,4.101e+06,1.58354e+07
0,0,0,7.70555e+08,0,2.70714e+07,-4.10113e+06,4.10113e+06,1.58354e+07
0,0,0,7.70555e+08,0,2.70724e+07,-4.10126e+06,4.10126e+06,1.58354e+07
0,0,0,7.70555e+08,0,3.06756e+07,-1.60719e+06,1.60719e+06,1.40025e+07
0,0,0,7.70555e+08,0,3.13307e+07,-953305,953305,1.40025e+07
0,0,0,7.70555e+08,0,3.13319e+07,-953305,953305,1.40025e+07
0,0,0,7.70555e+08,0,3.13332e+07,-953305,953305,1.40025e+07
0,0,0,7.70555e+08,0,3.09028e+07,-953305,953305,1.40025e+07
0,0,0,7.70555e+08,0,3.0904e+07,-953305,953305,1.40025e+07
0,0,0,7.70555e+08,0,3.09052e+07,-953305,953305,1.40025e+07
0,0,0,7.70555e+08,0,3.09064e+07,-953305,953305,1.40025e+07
0,0,0,7.70555e+08,0,3.24102e+07,-953305,953305,1.40025e+07
0,0,0,7.70555e+08,0,3.24115e+07,-953305,953305,1.40025e+07
0,0,0,7.70555e+08,0,3.24128e+07,-953305,953305,1.40025e+07
0,0,0,7.70555e+08,0,3.2414e+07,-953305,953305,1.40025e+07
0,0,0,7.70555e+08,0,3.24153e+07,-953305,953305,1.40025e+07
0,0,0,7.70555e+08,0,3.27705e+07,-953305,953305,1.40025e+07
0,0,0,7.70555e+08,0,3.27717e+07,-953305,953305,1.40025e+07
0,0,0,7.70555e+08,0,3.2773e+07,-953305,953305,1.40025e+07
0,0,0,7.70555e+08,0,3.27743e+07,-953305,953305,1.40025e+07
0,0,0,7.70555e+08,0,3.35251e+07,-953305,953305,1.40025e+07
0,0,0,7.70555e+08,0,3.35264e+07,-953305,953305,1.40025e+07
0,0,0,7.70555e+08,0,3.35277e+07,-953305,953305,1.40025e+07
0,0,0,7.70555e+08,0,3.3529e+07,-953305,953305,1.40025e+07
0,0,0,7.70555e+08,0,3.60162e+07,-953305,953305,1.40025e+07
0,0,0,7.70555e+08,0,3.60176e+07,-953305,953305,1.40025e+07
0,0,0,7.70555e+08,0,3.60191e+07,-953305,953305,1.40025e+07
0,0,0,7.70555e+08,0,3.60205e+07,-953305,953305,1.40025e+07
0,0,0,7.70555e+08,0,3.60219e+07,-953305,953305,1.40025e+07
0,0,0,7.70555e+08,0,3.46272e+07,-953305,953305,1.40025e+07
0,0,0,7.70555e+08,0,3.46286e+07,-953305,953305,1.40025e+07
0,0,0,7.70555e+08,0,3.463e+07,-953305,953305,1.40025e+07
0,0,0,7.70555e+08,0,3.46313e+07,-953305,953305,1.40025e+07
0,0,0,7.70555e+08,0,3.34029e+07,-953305,953305,1.40025e+07
0,0,0,7.70555e+08,0,3.34042e+07,-953305,953305,1.40025e+07
0,0,0,7.70555e+08,0,3.34055e+07,-953305,953305,1.40025e+07
0,0,0,7.70555e+08,0,3.34069e+07,-953305,953305,1.40025e+07
0,0,0,7.70555e+08,0,3.056e+07,-953305,953305,1.40025e+07
0,0,0,7.70555e+08,0,3.05612e+07,-953305,953305,1.40025e+07
0,0,0,7.70555e+08,0,3.05624e+07,-953305,953305,1.40025e+07
0,0,0,7.70555e+08,0,3.05636e+07,-953305,953305,1.40025e+07
0,0,0,7.70555e+08,0,3.05648e+07,-953305,953305,1.40025e+07
0,0,0,7.70555e+08,0,2.73791e+07,-4.13899e+06,4.13899e+06,1.58354e+07
0,0,0,7.70555e+08,0,2.82056e+07,-4.24067e+06,4.24067e+06,1.58354e+07
0,0,0,7.70555e+08,0,3.14941e+07,-953305,953305,1.40025e+07
0,0,0,7.70555e+08,0,3.14952e+07,-953305,953305,1.40025e+07
0,0,0,7.70555e+08,0,3.08387e+07,-1.61085e+06,1.61085e+06,1.40025e+07
0,0,0,7.70555e+08,0,3.11091e+07,-4.59785e+06,4.59785e+06,1.58354e+07
0,0,0,7.70555e+08,0,3.11102e+07,-4.59798e+06,4.59798e+06,1.58354e+07
0,0,0,7.70555e+08,0,3.4756e+07,-953305,953305,1.40025e+07
0,0,0,7.70555e+08,0,3.40282e+07,-1.68229e+06,1.68229e+06,1.40025e+07
0,0,0,7.70555e+08,0,2.71219e+07,-4.10734e+06,4.10734e+06,1.58354e+07
0,0,0,7.70555e+08,0,2.71228e+07,-4.10745e+06,4.10745e+06,1.58354e+07
0,0,0,7.70555e+08,0,3.0278e+07,-953305,953305,1.40025e+07
0,0,0,7.70555e+08,0,3.0279e+07,-953305,953305,1.40025e+07
0,0,0,7.70555e+08,0,3.028e+07,-953305,953305,1.40025e+07
0,0,0,7.70555e+08,0,3.13913e+07,-953305,953305,1.40025e+07
0,0,0,7.70555e+08,0,3.13923e+07,-953305,953305,1.40025e+07
0,0,0,7.70555e+08,0,3.13934e+07,-953305,953305,1.40025e+07
0,0,0,7.70555e+08,0,3.13945e+07,-953305,953305,1.40025e+07
0,0,0,7.70555e+08,0,3.09631e+07,-953305,953305,1.40025e+07
0,0,0,7.70555e+08,0,3.09642e+07,-953305,953305,1.40025e+07
0,0,0,7.70555e+08,0,3.09652e+07,-953305,953305,1.40025e+07
0,0,0,7.70555e+08,0,3.09663e+07,-953305,953305,1.40025e+07
0,0,0,7.70555e+08,0,3.2473e+07,-953305,953305,1.40025e+07
0,0,0,7.70555e+08,0,3.24741e+07,-953305,953305,1.40025e+07
0,0,0,7.70555e+08,0,3.24752e+07,-953305,953305,1.40025e+07
0,0,0,7.70555e+08,0,3.24763e+07,-953305,953305,1.40025e+07
0,0,0,7.70555e+08,0,3.24774e+07,-953305,953305,1.40025e+07
0,0,0,7.70555e+08,0,3.28332e+07,-953305,953305,1.40025e+07
0,0,0,7.70555e+08,0,3.28343e+07,-953305,953305,1.40025e+07
0,0,0,7.70555e+08,0,3.28354e+07,-953305,953305,1.40025e+07
0,0,0,7.70555e+08,0,3.28365e+07,-953305,953305,1.40025e+07
0,0,0,7.70555e+08,0,3.35886e+07,-953305,953305,1.40025e+07
0,0,0,7.70555e+08,0,3.35898e+07,-953305,953305,1.40025e+07
0,0,0,7.70555e+08,0,3.35909e+07,-953305,953305,1.40025e+07
0,0,0,7.70555e+08,0,3.35921e+07,-953305,953305,1.40025e+07
0,0,0,7.70555e+08,0,3.6084e+07,-953305,953305,1.40025e+07
0,0,0,7.70555e+08,0,3.60852e+07,-953305,953305,1.40025e+07
0,0,0,7.70555e+08,0,3.60865e+07,-953305,953305,1.40025e+07
0,0,0,7.70555e+08,0,3.60877e+07,-953305,953305,1.40025e+07
0,0,0,7.70555e+08,0,3.6089e+07,-953305,953305,1.40025e+07
0,0,0,7.70555e+08,0,3.46914e+07,-953305,953305,1.40025e+07
0,0,0,7.70555e+08,0,3.46926e+07,-953305,953305,1.40025e+07
0,0,0,7.70555e+08,0,3.46938e+07,-953305,953305,1.40025e+07
0,0,0,7.70555e+08,0,3.4695e+07,-953305,953305,1.40025e+07
0,0,0,7.70555e+08,0,3.34641e+07,-953305,953305,1.40025e+07
0,0,0,7.70555e+08,0,3.34652e+07,-953305,953305,1.40025e+07
0,0,0,7.70555e+08,0,3.34664e+07,-953305,953305,1.40025e+07
0,0,0,7.70555e+08,0,3.34675e+07,-953305,953305,1.40025e+07
0,0,0,7.70555e+08,0,3.06151e+07,-953305,953305,1.40025e+07
0,0,0,7.70555e+08,0,3.06162e+07,-953305,953305,1.40025e+07
0,0,0,7.70555e+08,0,3.06172e+07,-953305,953305,1.40025e+07
0,0,0,7.70555e+08,0,3.06183e+07,-953305,953305,1.40025e+07
0,0,0,7.70555e+08,0,3.06193e+07,-953305,953305,1.40025e+07
0,0,0,7.70555e+08,0,3.15491e+07,-953305,953305,1.40025e+07
0,0,0,7.70555e+08,0,3.15501e+07,-953305,953305,1.40025e+07
0,0,0,7.70555e+08,0,3.1551e+07,-953305,953305,1.40025e+07
0,0,0,7.70555e+08,0,3.15519e+07,-953305,953305,1.40025e+07
0,0,0,7.70555e+08,0,3.48152e+07,-953305,953305,1.40025e+07
0,0,0,7.70555e+08,0,3.48162e+07,-953305,953305,1.40025e+07
0,0,0,7.70555e+08,0,3.48172e+07,-953305,953305,1.40025e+07
0,0,0,7.70555e+08,0,3.48183e+07,-953305,953305,1.40025e+07
0,0,0,7.70555e+08,0,3.03286e+07,-953305,953305,1.40025e+07
0,0,0,7.70555e+08,0,3.03295e+07,-953305,953305,1.40025e+07
0,0,0,7.70555e+08,0,3.03304e+07,-953305,953305,1.40025e+07
0,0,0,7.70555e+08,0,3.03313e+07,-953305,953305,1.40025e+07
0,0,0,7.70555e+08,0,3.03321e+07,-953305,953305,1.40025e+07
0,0,0,7.70555e+08,0,3.14452e+07,-953305,953305,1.40025e+07
0,0,0,7.70555e+08,0,3.14462e+07,-953305,953305,1.40025e+07
0,0,0,7.70555e+08,0,3.14471e+07,-953305,953305,1.40025e+07
0,0,0,7.70555e+08,0,3.1448e+07,-953305,953305,1.40025e+07
0,0,0,7.70555e+08,0,3.10157e+07,-953305,953305,1.40025e+07
0,0,0,7.70555e+08,0,3.10166e+07,-953305,953305,1.40025e+07
0,0,0,7.70555e+08,0,3.10175e+07,-953305,953305,1.40025e+07
0,0,0,7.70555e+08,0,3.10184e+07,-953305,953305,1.40025e+07
0,0,0,7.70555e+08,0,3.25276e+07,-953305,953305,1.40025e+07
0,0,0,7.70555e+08,0,3.25286e+07,-953305,953305,1.40025e+07
0,0,0,7.70555e+08,0,3.25296e+07,-953305,953305,1.40025e+07
0,0,0,7.70555e+08,0,3.25305e+07,-953305,953305,1.40025e+07
0,0,0,7.70555e+08,0,3.25315e+07,-953305,953305,1.40025e+07
0,0,0,7.70555e+08,0,3.28877e+07,-953305,953305,1.40025e+07
0,0,0,7.70555e+08,0,3.28886e+07,-953305,953305,1.40025e+07
0,0,0,7.70555e+08,0,3.28896e+07,-953305,953305,1.40025e+07
0,0,0,7.70555e+08,0,3.28906e+07,-953305,953305,1.40025e+07
0,0,0,7.70555e+08,0,3.36438e+07,-953305,953305,1.40025e+07
0,0,0,7.70555e+08,0,3.36448e+07,-953305,953305,1.40025e+07
0,0,0,7.70555e+08,0,3.36458e+07,-953305,953305,1.40025e+07
0,0,0,7.70555e+08,0,3.36468e+07,-953305,953305,1.40025e+07
0,0,0,7.70555e+08,0,3.61428e+07,-953305,953305,1.40025e+07
0,0,0,7.70555e+08,0,3.61438e+07,-953305,953305,1.40025e+07
0,0,0,7.70555e+08,0,3.61449e+07,-953305,953305,1.40025e+07
0,0,0,7.70555e+08,0,3.6146e+07,-953305,953305,1.40025e+07
0,0,0,7.70555e+08,0,3.6147e+07,-953305,953305,1.40025e+07
0,0,0,7.70555e+08,0,3.4747e+07,-953305,953305,1.40025e+07
0,0,0,7.70555e+08,0,3.4748e+07,-953305,953305,1.40025e+07
0,0,0,7.70555e+08,0,3.47491e+07,-953305,953305,1.40025e+07
0,0,0,7.70555e+08,0,3.47501e+07,-953305,953305,1.40025e+07
0,0,0,7.70555e+08,0,3.35169e+07,-953305,953305,1.40025e+07
0,0,0,7.70555e+08,0,3.35179e+07,-953305,953305,1.40025e+07
0,0,0,7.70555e+08,0,3.35189e+07,-953305,953305,1.40025e+07
0,0,0,7.70555e+08,0,3.35199e+07,-953305,953305,1.40025e+07
0,0,0,7.70555e+08,0,3.06627e+07,-953305,953305,1.40025e+07
0,0,0,7.70555e+08,0,3.06636e+07,-953305,953305,1.40025e+07
0,0,0,7.70555e+08,0,3.06645e+07,-953305,953305,1.40025e+07
0,0,0,7.70555e+08,0,3.06654e+07,-953305,953305,1.40025e+07
0,0,0,7.70555e+08,0,3.06663e+07,-953305,953305,1.40025e+07
0,0,0,7.70555e+08,0,3.15975e+07,-953305,953305,1.40025e+07
0,0,0,7.70555e+08,0,3.15982e+07,-953305,953305,1.40025e+07
0,0,0,7.70555e+08,0,3.1599e+07,-953305,953305,1.40025e+07
0,0,0,7.70555e+08,0,3.15998e+07,-953305,953305,1.40025e+07
0,0,0,7.70555e+08,0,3.48681e+07,-953305,953305,1.40025e+07
0,0,0,7.70555e+08,0,3.48689e+07,-953305,953305,1.40025e+07
0,0,0,7.70555e+08,0,3.48698e+07,-953305,953305,1.40025e+07
0,0,0,7.70555e+08,0,3.48707e+07,-953305,953305,1.40025e+07
0,0,0,7.70555e+08,0,3.03738e+07,-953305,953305,1.40025e+07
0,0,0,7.70555e+08,0,3.03745e+07,-953305,953305,1.40025e+07
0,0,0,7.70555e+08,0,3.03753e+07,-953305,953305,1.40025e+07
0,0,0,7.70555e+08,0,3.0376e+07,-953305,953305,1.40025e+07
0,0,0,7.70555e+08,0,3.03768e+07,-953305,953305,1.40025e+07
0,0,0,7.70555e+08,0,3.14914e+07,-953305,953305,1.40025e+07
0,0,0,7.70555e+08,0,3.14922e+07,-953305,953305,1.40025e+07
0,0,0,7.70555e+08,0,3.1493e+07,-953305,953305,1.40025e+07
0,0,0,7.70555e+08,0,3.14938e+07,-953305,953305,1.40025e+07
0,0,0,7.70555e+08,0,3.10606e+07,-953305,953305,1.40025e+07
0,0,0,7.70555e+08,0,3.10614e+07,-953305,953305,1.40025e+07
0,0,0,7.70555e+08,0,3.10621e+07,-953305,953305,1.40025e+07
0,0,0,7.70555e+08,0,3.10629e+07,-953305,953305,1.40025e+07
0,0,0,7.70555e+08,0,3.25742e+07,-953305,953305,1.40025e+07
0,0,0,7.70555e+08,0,3.2575e+07,-953305,953305,1.40025e+07
0,0,0,7.70555e+08,0,3.25759e+07,-953305,953305,1.40025e+07
0,0,0,7.70555e+08,0,3.25767e+07,-953305,953305,1.40025e+07
0,0,0,7.70555e+08,0,3.25775e+07,-953305,953305,1.40025e+07
0,0,0,7.70555e+08,0,3.2934e+07,-953305,953305,1.40025e+07
0,0,0,7.70555e+08,0,3.29348e+07,-953305,953305,1.40025e+07
0,0,0,7.70555e+08,0,3.29356e+07,-953305,953305,1.40025e+07
0,0,0,7.70555e+08,0,3.29364e+07,-953305,953305,1.40025e+07
0,0,0,7.70555e+08,0,3.36906e+07,-953305,953305,1.40025e+07
0,0,0,7.70555e+08,0,3.36914e+07,-953305,953305,1.40025e+07
0,0,0,7.70555e+08,0,3.36923e+07,-953305,953305,1.40025e+07
0,0,0,7.70555e+08,0,3.36931e+07,-953305,953305,1.40025e+07
0,0,0,7.70555e+08,0,3.61925e+07,-953305,953305,1.40025e+07
0,0,0,7.70555e+08,0,3.61934e+07,-953305,953305,1.40025e+07
0,0,0,7.70555e+08,0,3.61943e+07,-953305,953305,1.40025e+07
0,0,0,7.70555e+08,0,3.61952e+07,-953305,953305,1.40025e+07
0,0,0,7.70555e+08,0,3.61961e+07,-953305,953305,1.40025e+07
0,0,0,7.70555e+08,0,3.47939e+07,-953305,953305,1.40025e+07
0,0,0,7.70555e+08,0,3.47948e+07,-953305,953305,1.40025e+07
0,0,0,7.70555e+08,0,3.47956e+07,-953305,953305,1.40025e+07
0,0,0,7.70555e+08,0,3.47965e+07,-953305,953305,1.40025e+07
0,0,0,7.70555e+08,0,3.35615e+07,-953305,953305,1.40025e+07
0,0,0,7.70555e+08,0,3.35623e+07,-953305,953305,1.40025e+07
0,0,0,7.70555e+08,0,3.35631e+07,-953305,953305,1.40025e+07
0,0,0,7.70555e+08,0,3.3564e+07,-953305,953305,1.40025e+07
0,0,0,7.70555e+08,0,3.07026e+07,-953305,953305,1.40025e+07
0,0,0,7.70555e+08,0,3.07034e+07,-953305,953305,1.40025e+07
0,0,0,7.70555e+08,0,3.07041e+07,-953305,953305,1.40025e+07
0,0,0,7.70555e+08,0,3.07049e+07,-953305,953305,1.40025e+07
0,0,0,7.70555e+08,0,3.07057e+07,-953305,953305,1.40025e+07
0,0,0,7.70555e+08,0,3.16379e+07,-953305,953305,1.40025e+07
0,0,0,7.70555e+08,0,3.16386e+07,-953305,953305,1.40025e+07
0,0,0,7.70555e+08,0,3.16392e+07,-953305,953305,1.40025e+07
0,0,0,7.70555e+08,0,3.16398e+07,-953305,953305,1.40025e+07
0,0,0,7.70555e+08,0,3.49123e+07,-953305,953305,1.40025e+07
0,0,0,7.70555e+08,0,3.4913e+07,-953305,953305,1.40025e+07
0,0,0,7.70555e+08,0,3.49137e+07,-953305,953305,1.40025e+07
0,0,0,7.70555e+08,0,3.49144e+07,-953305,953305,1.40025e+07
0,0,0,7.70555e+08,0,3.04114e+07,-953305,953305,1.40025e+07
0,0,0,7.70555e+08,0,3.0412e+07,-953305,953305,1.40025e+07
0,0,0,7.70555e+08,0,3.04126e+07,-953305,953305,1.40025e+07
0,0,0,7.70555e+08,0,3.04132e+07,-953305,953305,1.40025e+07
0,0,0,7.70555e+08,0,3.04138e+07,-953305,953305,1.40025e+07
0,0,0,7.70555e+08,0,3.15298e+07,-953305,953305,1.40025e+07
0,0,0,7.70555e+08,0,3.15304e+07,-953305,953305,1.40025e+07
0,0,0,7.70555e+08,0,3.1531e+07,-953305,953305,1.40025e+07
0,0,0,7.70555e+08,0,3.15317e+07,-953305,953305,1.40025e+07
0,0,0,7.70555e+08,0,3.10978e+07,-953305,953305,1.40025e+07
0,0,0,7.70555e+08,0,3.10984e+07,-953305,953305,1.40025e+07
0,0,0,7.70555e+08,0,3.10991e+07,-953305,953305,1.40025e+07
0,0,0,7.70555e+08,0,3.10997e+07,-953305,953305,1.40025e+07
0,0,0,7.70555e+08,0,3.26127e+07,-953305,953305,1.40025e+07
0,0,0,7.70555e+08,0,3.26134e+07,-953305,953305,1.40025e+07
0,0,0,7.70555e+08,0,3.2614e+07,-953305,953305,1.40025e+07
0,0,0,7.70555e+08,0,3.26147e+07,-953305,953305,1.40025e+07
0,0,0,7.70555e+08,0,3.26153e+07,-953305,953305,1.40025e+07
0,0,0,7.70555e+08,0,3.29721e+07,-953305,953305,1.40025e+07
0,0,0,7.70555e+08,0,3.29728e+07,-953305,953305,1.40025e+07
0,0,0,7.70555e+08,0,3.29734e+07,-953305,953305,1.40025e+07
0,0,0,7.70555e+08,0,3.29741e+07,-953305,953305,1.40025e+07
0,0,0,7.70555e+08,0,3.3729e+07,-953305,953305,1.40025e+07
0,0,0,7.70555e+08,0,3.37297e+07,-953305,953305,1.40025e+07
0,0,0,7.70555e+08,0,3.37303e+07,-953305,953305,1.40025e+07
0,0,0,7.70555e+08,0,3.3731e+07,-953305,953305,1.40025e+07
0,0,0,7.70555e+08,0,3.62332e+07,-953305,953305,1.40025e+07
0,0,0,7.70555e+08,0,3.62339e+07,-953305,953305,1.40025e+07
0,0,0,7.70555e+08,0,3.62346e+07,-953305,953305,1.40025e+07
0,0,0,7.70555e+08,0,3.62353e+07,-953305,953305,1.40025e+07
0,0,0,7.70555e+08,0,3.62361e+07,-953305,953305,1.40025e+07
0,0,0,7.70555e+08,0,3.48321e+07,-953305,953305,1.40025e+07
0,0,0,7.70555e+08,0,3.48328e+07,-953305,953305,1.40025e+07
0,0,0,7.70555e+08,0,3.48335e+07,-953305,953305,1.40025e+07
0,0,0,7.70555e+08,0,3.48342e+07,-953305,953305,1.40025e+07
0,0,0,7.70555e+08,0,3.35976e+07,-953305,953305,1.40025e+07
0,0,0,7.70555e+08,0,3.35982e+07,-953305,953305,1.40025e+07
0,0,0,7.70555e+08,0,3.35989e+07,-953305,953305,1.40025e+07
0,0,0,7.70555e+08,0,3.35996e+07,-953305,953305,1.40025e+07
0,0,0,7.70555e+08,0,3.07349e+07,-953305,953305,1.40025e+07
0,0,0,7.70555e+08,0,3.07355e+07,-953305,953305,1.40025e+07
0,0,0,7.70555e+08,0,3.07361e+07,-953305,953305,1.40025e+07
0,0,0,7.70555e+08,0,3.07367e+07,-953305,953305,1.40025e+07
0,0,0,7.70555e+08,0,3.07373e+07,-953305,953305,1.40025e+07
0,0,0,7.70555e+08,0,3.16705e+07,-953305,953305,1.40025e+07
0,0,0,7.70555e+08,0,3.1671e+07,-953305,953305,1.40025e+07
0,0,0,7.70555e+08,0,3.16714e+07,-953305,953305,1.40025e+07
0,0,0,7.70555e+08,0,3.16719e+07,-953305,953305,1.40025e+07
0,0,0,7.70555e+08,0,3.49477e+07,-953305,953305,1.40025e+07
0,0,0,7.70555e+08,0,3.49482e+07,-953305,953305,1.40025e+07
0,0,0,7.70555e+08,0,3.49487e+07,-953305,953305,1.40025e+07
0,0,0,7.70555e+08,0,3.49493e+07,-953305,953305,1.40025e+07
0,0,0,7.70555e+08,0,3.04415e+07,-953305,953305,1.40025e+07
0,0,0,7.70555e+08,0,3.04419e+07,-953305,953305,1.40025e+07
0,0,0,7.70555e+08,0,3.04424e+07,-953305,953305,1.40025e+07
0,0,0,7.70555e+08,0,3.04428e+07,-953305,953305,1.40025e+07
0,0,0,7.70555e+08,0,3.04433e+07,-953305,953305,1.40025e+07
0,0,0,7.70555e+08,0,3.15602e+07,-953305,953305,1.40025e+07
0,0,0,7.70555e+08,0,3.15607e+07,-953305,953305,1.40025e+07
0,0,0,7.70555e+08,0,3.15612e+07,-953305,953305,1.40025e+07
0,0,0,7.70555e+08,0,3.15616e+07,-953305,953305,1.40025e+07
0,0,0,7.70555e+08,0,3.11272e+07,-953305,953305,1.40025e+07
0,0,0,7.70555e+08,0,3.11277e+07,-953305,953305,1.40025e+07
0,0,0,7.70555e+08,0,3.11281e+07,-953305,953305,1.40025e+07
0,0,0,7.70555e+08,0,3.11286e+07,-953305,953305,1.40025e+07
0,0,0,7.70555e+08,0,3.2643e+07,-953305,953305,1.40025e+07
0,0,0,7.70555e+08,0,3.26435e+07,-953305,953305,1.40025e+07
0,0,0,7.70555e+08,0,3.2644e+07,-953305,953305,1.40025e+07
0,0,0,7.70555e+08,0,3.26444e+07,-953305,953305,1.40025e+07
0,0,0,7.70555e+08,0,3.26449e+07,-953305,953305,1.40025e+07
0,0,0,7.70555e+08,0,3.30019e+07,-953305,953305,1.40025e+07
0,0,0,7.70555e+08,0,3.30024e+07,-953305,953305,1.40025e+07
0,0,0,7.70555e+08,0,3.30029e+07,-953305,953305,1.40025e+07
0,0,0,7.70555e+08,0,3.30034e+07,-953305,953305,1.40025e+07
0,0,0,7.70555e+08,0,3.37589e+07,-953305,953305,1.40025e+07
0,0,0,7.70555e+08,0,3.37594e+07,-953305,953305,1.40025e+07
0,0,0,7.70555e+08,0,3.37599e+07,-953305,953305,1.40025e+07
0,0,0,7.70555e+08,0,3.37604e+07,-953305,953305,1.40025e+07
0,0,0,7.70555e+08,0,3.62646e+07,-953305,953305,1.40025e+07
0,0,0,7.70555e+08,0,3.62652e+07,-953305,953305,1.40025e+07
0,0,0,7.70555e+08,0,3.62657e+07,-953305,953305,1.40025e+07
0,0,0,7.70555e+08,0,3.62663e+07,-953305,953305,1.40025e+07
0,0,0,7.70555e+08,0,3.62668e+07,-953305,953305,1.40025e+07
0,0,0,7.70555e+08,0,3.48614e+07,-953305,953305,1.40025e+07
0,0,0,7.70555e+08,0,3.4862e+07,-953305,953305,1.40025e+07
0,0,0,7.70555e+08,0,3.48625e+07,-953305,953305,1.40025e+07
0,0,0,7.70555e+08,0,3.4863e+07,-953305,953305,1.40025e+07
0,0,0,7.70555e+08,0,3.36252e+07,-953305,953305,1.40025e+07
0,0,0,7.70555e+08,0,3.36257e+07,-953305,953305,1.40025e+07
0,0,0,7.70555e+08,0,3.36262e+07,-953305,953305,1.40025e+07
0,0,0,7.70555e+08,0,3.36267e+07,-953305,953305,1.40025e+07
0,0,0,7.70555e+08,0,3.07595e+07,-953305,953305,1.40025e+07
0,0,0,7.70555e+08,0,3.07599e+07,-953305,953305,1.40025e+07
0,0,0,7.70555e+08,0,3.07604e+07,-953305,953305,1.40025e+07
0,0,0,7.70555e+08,0,3.07608e+07,-953305,953305,1.40025e+07
0,0,0,7.70555e+08,0,3.07613e+07,-953305,953305,1.40025e+07
0,0,0,7.70555e+08,0,3.16951e+07,-953305,953305,1.40025e+07
0,0,0,7.70555e+08,0,3.16954e+07,-953305,953305,1.40025e+07
0,0,0,7.70555e+08,0,3.16957e+07,-953305,953305,1.40025e+07
0,0,0,7.70555e+08,0,3.1696e+07,-953305,953305,1.40025e+07
0,0,0,7.70555e+08,0,3.49742e+07,-953305,953305,1.40025e+07
0,0,0,7.70555e+08,0,3.49746e+07,-953305,953305,1.40025e+07
0,0,0,7.70555e+08,0,3.4975e+07,-953305,953305,1.40025e+07
0,0,0,7.70555e+08,0,3.49753e+07,-953305,953305,1.40025e+07
0,0,0,7.70555e+08,0,3.04639e+07,-953305,953305,1.40025e+07
0,0,0,7.70555e+08,0,3.04642e+07,-953305,953305,1.40025e+07
0,0,0,7.70555e+08,0,3.04645e+07,-953305,953305,1.40025e+07
0,0,0,7.70555e+08,0,3.04648e+07,-953305,953305,1.40025e+07
0,0,0,7.70555e+08,0,3.04651e+07,-953305,953305,1.40025e+07
0,0,0,7.70555e+08,0,3.15827e+07,-953305,953305,1.40025e+07
0,0,0,7.70555e+08,0,3.1583e+07,-953305,953305,1.40025e+07
0,0,0,7.70555e+08,0,3.15834e+07,-953305,953305,1.40025e+07
0,0,0,7.70555e+08,0,3.15837e+07,-953305,953305,1.40025e+07
0,0,0,7.70555e+08,0,3.11488e+07,-953305,953305,1.40025e+07
0,0,0,7.70555e+08,0,3.11491e+07,-953305,953305,1.40025e+07
0,0,0,7.70555e+08,0,3.11494e+07,-953305,953305,1.40025e+07
0,0,0,7.70555e+08,0,3.11497e+07,-953305,953305,1.40025e+07
0,0,0,7.70555e+08,0,3.2665e+07,-953305,953305,1.40025e+07
0,0,0,7.70555e+08,0,3.26654e+07,-953305,953305,1.40025e+07
0,0,0,7.70555e+08,0,3.26657e+07,-953305,953305,1.40025e+07
0,0,0,7.70555e+08,0,3.2666e+07,-953305,953305,1.40025e+07
0,0,0,7.70555e+08,0,3.26664e+07,-953305,953305,1.40025e+07
0,0,0,7.70555e+08,0,3.30234e+07,-953305,953305,1.40025e+07
0,0,0,7.70555e+08,0,3.30238e+07,-953305,953305,1.40025e+07
0,0,0,7.70555e+08,0,3.30241e+07,-953305,953305,1.40025e+07
0,0,0,7.70555e+08,0,3.30245e+07,-953305,953305,1.40025e+07
0,0,0,7.70555e+08,0,3.37802e+07,-953305,953305,1.40025e+07
0,0,0,7.70555e+08,0,3.37806e+07,-953305,953305,1.40025e+07
0,0,0,7.70555e+08,0,3.37809e+07,-953305,953305,1.40025e+07
0,0,0,7.70555e+08,0,3.37813e+07,-953305,953305,1.40025e+07
0,0,0,7.70555e+08,0,3.6287e+07,-953305,953305,1.40025e+07
0,0,0,7.70555e+08,0,3.62873e+07,-953305,953305,1.40025e+07
0,0,0,7.70555e+08,0,3.62877e+07,-953305,953305,1.40025e+07
0,0,0,7.70555e+08,0,3.62881e+07,-953305,953305,1.40025e+07
0,0,0,7.70555e+08,0,3.62885e+07,-953305,953305,1.40025e+07
0,0,0,7.70555e+08,0,3.4882e+07,-953305,953305,1.40025e+07
0,0,0,7.70555e+08,0,3.48824e+07,-953305,953305,1.40025e+07
0,0,0,7.70555e+08,0,3.48827e+07,-953305,953305,1.40025e+07
0,0,0,7.70555e+08,0,3.48831e+07,-953305,953305,1.40025e+07
0,0,0,7.70555e+08,0,3.36444e+07,-953305,953305,1.40025e+07
0,0,0,7.70555e+08,0,3.36447e+07,-953305,953305,1.40025e+07
0,0,0,7.70555e+08,0,3.3645e+07,-953305,953305,1.40025e+07
0,0,0,7.70555e+08,0,3.36454e+07,-953305,953305,1.40025e+07
0,0,0,7.70555e+08,0,3.07763e+07,-953305,953305,1.40025e+07
0,0,0,7.70555e+08,0,3.07767e+07,-953305,953305,1.40025e+07
0,0,0,7.70555e+08,0,3.0777e+07,-953305,953305,1.40025e+07
0,0,0,7.70555e+08,0,3.07773e+07,-953305,953305,1.40025e+07
0,0,0,7.70555e+08,0,3.07776e+07,-953305,953305,1.40025e+07
0,0,0,7.70555e+08,0,3.07776e+07,-953305,953305,1.40025e+07
0,0,0,7.70555e+08,0,3.17117e+07,-953305,953305,1.40025e+07
0,0,0,7.70555e+08,0,3.17119e+07,-953305,953305,1.40025e+07
0,0,0,7.70555e+08,0,3.17121e+07,-953305,953305,1.40025e+07
0,0,0,7.70555e+08,0,3.17122e+07,-953305,953305,1.40025e+07
0,0,0,7.70555e+08,0,3.4992e+07,-953305,953305,1.40025e+07
0,0,0,7.70555e+08,0,3.49922e+07,-953305,953305,1.40025e+07
0,0,0,7.70555e+08,0,3.49924e+07,-953305,953305,1.40025e+07
0,0,0,7.70555e+08,0,3.49926e+07,-953305,953305,1.40025e+07
0,0,0,7.70555e+08,0,3.04787e+07,-953305,953305,1.40025e+07
0,0,0,7.70555e+08,0,3.04789e+07,-953305,953305,1.40025e+07
0,0,0,7.70555e+08,0,3.0479e+07,-953305,953305,1.40025e+07
0,0,0,7.70555e+08,0,3.04792e+07,-953305,953305,1.40025e+07
0,0,0,7.70555e+08,0,3.04794e+07,-953305,953305,1.40025e+07
0,0,0,7.70555e+08,0,3.15974e+07,-953305,953305,1.40025e+07
0,0,0,7.70555e+08,0,3.15975e+07,-953305,953305,1.40025e+07
0,0,0,7.70555e+08,0,3.15977e+07,-953305,953305,1.40025e+07
0,0,0,7.70555e+08,0,3.15979e+07,-953305,953305,1.40025e+07
0,0,0,7.70555e+08,0,3.11626e+07,-953305,953305,1.40025e+07
0,0,0,7.70555e+08,0,3.11628e+07,-953305,953305,1.40025e+07
0,0,0,7.70555e+08,0,3.1163e+07,-953305,953305,1.40025e+07
0,0,0,7.70555e+08,0,3.11631e+07,-953305,953305,1.40025e+07
0,0,0,7.70555e+08,0,3.2679e+07,-953305,953305,1.40025e+07
0,0,0,7.70555e+08,0,3.26791e+07,-953305,953305,1.40025e+07
0,0,0,7.70555e+08,0,3.26793e+07,-953305,953305,1.40025e+07
0,0,0,7.70555e+08,0,3.26795e+07,-953305,953305,1.40025e+07
0,0,0,7.70555e+08,0,3.26797e+07,-953305,953305,1.40025e+07
0,0,0,7.70555e+08,0,3.30367e+07,-953305,953305,1.40025e+07
0,0,0,7.70555e+08,0,3.30369e+07,-953305,953305,1.40025e+07
0,0,0,7.70555e+08,0,3.30371e+07,-953305,953305,1.40025e+07
0,0,0,7.70555e+08,0,3.30373e+07,-953305,953305,1.40025e+07
0,0,0,7.70555e+08,0,3.37932e+07,-953305,953305,1.40025e+07
0,0,0,7.70555e+08,0,3.37934e+07,-953305,953305,1.40025e+07
0,0,0,7.70555e+08,0,3.37936e+07,-953305,953305,1.40025e+07
0,0,0,7.70555e+08,0,3.37938e+07,-953305,953305,1.40025e+07
0,0,0,7.70555e+08,0,3.63003e+07,-953305,953305,1.40025e+07
0,0,0,7.70555e+08,0,3.63005e+07,-953305,953305,1.40025e+07
0,0,0,7.70555e+08,0,3.63007e+07,-953305,953305,1.40025e+07
0,0,0,7.70555e+08,0,3.63009e+07,-953305,953305,1.40025e+07
0,0,0,7.70555e+08,0,3.63011e+07,-953305,953305,1.40025e+07
0,0,0,7.70555e+08,0,3.48939e+07,-953305,953305,1.40025e+07
0,0,0,7.70555e+08,0,3.48941e+07,-953305,953305,1.40025e+07
0,0,0,7.70555e+08,0,3.48943e+07,-953305,953305,1.40025e+07
0,0,0,7.70555e+08,0,3.48945e+07,-953305,953305,1.40025e+07
0,0,0,7.70555e+08,0,3.36552e+07,-953305,953305,1.40025e+07
0,0,0,7.70555e+08,0,3.36554e+07,-953305,953305,1.40025e+07
0,0,0,7.70555e+08,0,3.36556e+07,-953305,953305,1.40025e+07
0,0,0,7.70555e+08,0,3.36558e+07,-953305,953305,1.40025e+07
0,0,0,7.70555e+08,0,3.07856e+07,-953305,953305,1.40025e+07
0,0,0,7.70555e+08,0,3.07858e+07,-953305,953305,1.40025e+07
0,0,0,7.70555e+08,0,3.0786e+07,-953305,953305,1.40025e+07
0,0,0,7.70555e+08,0,3.07861e+07,-953305,953305,1.40025e+07
0,0,0,7.70555e+08,0,3.07863e+07,-953305,953305,1.40025e+07
0,0,0,7.70555e+08,0,3.17206e+07,-953305,953305,1.40025e+07
0,0,0,7.70555e+08,0,3.17206e+07,-953305,953305,1.40025e+07
0,0,0,7.70555e+08,0,3.17206e+07,-953305,953305,1.40025e+07
0,0,0,7.70555e+08,0,3.17206e+07,-953305,953305,1.40025e+07
0,0,0,7.70555e+08,0,3.50012e+07,-953305,953305,1.40025e+07
0,0,0,7.70555e+08,0,3.50012e+07,-953305,953305,1.40025e+07
0,0,0,7.70555e+08,0,3.50012e+07,-953305,953305,1.40025e+07
0,0,0,7.70555e+08,0,3.50012e+07,-953305,953305,1.40025e+07
0,0,0,7.70555e+08,0,3.0486e+07,-953305,953305,1.40025e+07
0,0,0,7.70555e+08,0,3.0486e+07,-953305,953305,1.40025e+07
0,0,0,7.70555e+08,0,3.04861e+07,-953305,953305,1.40025e+07
0,0,0,7.70555e+08,0,3.04861e+07,-953305,953305,1.40025e+07
0,0,0,7.70555e+08,0,3.04861e+07,-953305,953305,1.40025e+07
0,0,0,7.70555e+08,0,3.16042e+07,-953305,953305,1.40025e+07
0,0,0,7.70555e+08,0,3.16043e+07,-953305,953305,1.40025e+07
0,0,0,7.70555e+08,0,3.16043e+07,-953305,953305,1.40025e+07
0,0,0,7.70555e+08,0,3.16043e+07,-953305,953305,1.40025e+07
0,0,0,7.70555e+08,0,3.11688e+07,-953305,953305,1.40025e+07
0,0,0,7.70555e+08,0,3.11688e+07,-953305,953305,1.40025e+07
0,0,0,7.70555e+08,0,3.11689e+07,-953305,953305,1.40025e+07
0,0,0,7.70555e+08,0,3.11689e+07,-953305,953305,1.40025e+07
0,0,0,7.70555e+08,0,3.26848e+07,-953305,953305,1.40025e+07
0,0,0,7.70555e+08,0,3.26849e+07,-953305,953305,1.40025e+07
0,0,0,7.70555e+08,0,3.26849e+07,-953305,953305,1.40025e+07
0,0,0,7.70555e+08,0,3.26849e+07,-953305,953305,1.40025e+07
0,0,0,7.70555e+08,0,3.26849e+07,-953305,953305,1.40025e+07
0,0,0,7.70555e+08,0,3.30419e+07,-953305,953305,1.40025e+07
0,0,0,7.70555e+08,0,3.30419e+07,-953305,953305,1.40025e+07
0,0,0,7.70555e+08,0,3.3042e+07,-953305,953305,1.40025e+07
0,0,0,7.70555e+08,0,3.3042e+07,-953305,953305,1.40025e+07
0,0,0,7.70555e+08,0,3.37979e+07,-953305,953305,1.40025e+07
0,0,0,7.70555e+08,0,3.37979e+07,-953305,953305,1.40025e+07
0,0,0,7.70555e+08,0,3.37979e+07,-953305,953305,1.40025e+07
0,0,0,7.70555e+08,0,3.37979e+07,-953305,953305,1.40025e+07
0,0,0,7.70555e+08,0,3.63046e+07,-953305,953305,1.40025e+07
0,0,0,7.70555e+08,0,3.63046e+07,-953305,953305,1.40025e+07
0,0,0,7.70555e+08,0,3.63046e+07,-953305,953305,1.40025e+07
0,0,0,7.70555e+08,0,3.63047e+07,-953305,953305,1.40025e+07
0,0,0,7.70555e+08,0,3.63047e+07,-953305,953305,1.40025e+07
0,0,0,7.70555e+08,0,3.48973e+07,-953305,953305,1.40025e+07
0,0,0,7.70555e+08,0,3.48973e+07,-953305,953305,1.40025e+07
0,0,0,7.70555e+08,0,3.48973e+07,-953305,953305,1.40025e+07
0,0,0,7.70555e+08,0,3.48973e+07,-953305,953305,1.40025e+07
0,0,0,7.70555e+08,0,3.36578e+07,-953305,953305,1.40025e+07
0,0,0,7.70555e+08,0,3.36578e+07,-953305,953305,1.40025e+07
0,0,0,7.70555e+08,0,3.36578e+07,-953305,953305,1.40025e+07
0,0,0,7.70555e+08,0,3.36578e+07,-953305,953305,1.40025e+07
0,0,0,7.70555e+08,0,3.07874e+07,-953305,953305,1.40025e+07
0,0,0,7.70555e+08,0,3.07874e+07,-953305,953305,1.40025e+07
0,0,0,7.70555e+08,0,3.07874e+07,-953305,953305,1.40025e+07
0,0,0,7.70555e+08,0,3.07875e+07,-953305,953305,1.40025e+07
0,0,0,7.70555e+08,0,3.07875e+07,-953305,953305,1.40025e+07
0,0,0,7.70555e+08,0,3.17216e+07,-953305,953305,1.40025e+07
0,0,0,7.70555e+08,0,3.17215e+07,-953305,953305,1.40025e+07
0,0,0,7.70555e+08,0,3.17214e+07,-953305,953305,1.40025e+07
0,0,0,7.70555e+08,0,3.17212e+07,-953305,953305,1.40025e+07
0,0,0,7.70555e+08,0,3.50017e+07,-953305,953305,1.40025e+07
0,0,0,7.70555e+08,0,3.50015e+07,-953305,953305,1.40025e+07
0,0,0,7.70555e+08,0,3.50014e+07,-953305,953305,1.40025e+07
0,0,0,7.70555e+08,0,3.50013e+07,-953305,953305,1.40025e+07
0,0,0,7.70555e+08,0,3.04859e+07,-953305,953305,1.40025e+07
0,0,0,7.70555e+08,0,3.04858e+07,-953305,953305,1.40025e+07
0,0,0,7.70555e+08,0,3.04856e+07,-953305,953305,1.40025e+07
0,0,0,7.70555e+08,0,3.04855e+07,-953305,953305,1.40025e+07
0,0,0,7.70555e+08,0,3.04854e+07,-953305,953305,1.40025e+07
0,0,0,7.70555e+08,0,3.16034e+07,-953305,953305,1.40025e+07
0,0,0,7.70555e+08,0,3.16032e+07,-953305,953305,1.40025e+07
0,0,0,7.70555e+08,0,3.16031e+07,-953305,953305,1.40025e+07
0,0,0,7.70555e+08,0,3.1603e+07,-953305,953305,1.40025e+07
0,0,0,7.70555e+08,0,3.11674e+07,-953305,953305,1.40025e+07
0,0,0,7.70555e+08,0,3.11672e+07,-953305,953305,1.40025e+07
0,0,0,7.70555e+08,0,3.11671e+07,-953305,953305,1.40025e+07
0,0,0,7.70555e+08,0,3.1167e+07,-953305,953305,1.40025e+07
0,0,0,7.70555e+08,0,3.26827e+07,-953305,953305,1.40025e+07
0,0,0,7.70555e+08,0,3.26826e+07,-953305,953305,1.40025e+07
0,0,0,7.70555e+08,0,3.26824e+07,-953305,953305,1.40025e+07
0,0,0,7.70555e+08,0,3.26823e+07,-953305,953305,1.40025e+07
0,0,0,7.70555e+08,0,3.26822e+07,-953305,953305,1.40025e+07
0,0,0,7.70555e+08,0,3.3039e+07,-953305,953305,1.40025e+07
0,0,0,7.70555e+08,0,3.30388e+07,-953305,953305,1.40025e+07
0,0,0,7.70555e+08,0,3.30387e+07,-953305,953305,1.40025e+07
0,0,0,7.70555e+08,0,3.30386e+07,-953305,953305,1.40025e+07
0,0,0,7.70555e+08,0,3.37942e+07,-953305,953305,1.40025e+07
0,0,0,7.70555e+08,0,3.37941e+07,-953305,953305,1.40025e+07
0,0,0,7.70555e+08,0,3.37939e+07,-953305,953305,1.40025e+07
0,0,0,7.70555e+08,0,3.37938e+07,-953305,953305,1.40025e+07
0,0,0,7.70555e+08,0,3.63e+07,-953305,953305,1.40025e+07
0,0,0,7.70555e+08,0,3.62998e+07,-953305,953305,1.40025e+07
0,0,0,7.70555e+08,0,3.62997e+07,-953305,953305,1.40025e+07
0,0,0,7.70555e+08,0,3.62995e+07,-953305,953305,1.40025e+07
0,0,0,7.70555e+08,0,3.62994e+07,-953305,953305,1.40025e+07
0,0,0,7.70555e+08,0,3.4892e+07,-953305,953305,1.40025e+07
0,0,0,7.70555e+08,0,3.48919e+07,-953305,953305,1.40025e+07
0,0,0,7.70555e+08,0,3.48917e+07,-953305,953305,1.40025e+07
0,0,0,7.70555e+08,0,3.48916e+07,-953305,953305,1.40025e+07
0,0,0,7.70555e+08,0,3.36521e+07,-953305,953305,1.40025e+07
0,0,0,7.70555e+08,0,3.36519e+07,-953305,953305,1.40025e+07
0,0,0,7.70555e+08,0,3.36518e+07,-953305,953305,1.40025e+07
0,0,0,7.70555e+08,0,3.36516e+07,-953305,953305,1.40025e+07
0,0,0,7.70555e+08,0,3.07816e+07,-953305,953305,1.40025e+07
0,0,0,7.70555e+08,0,3.07815e+07,-953305,953305,1.40025e+07
0,0,0,7.70555e+08,0,3.07814e+07,-953305,953305,1.40025e+07
0,0,0,7.70555e+08,0,3.07812e+07,-953305,953305,1.40025e+07
0,0,0,7.70555e+08,0,3.07811e+07,-953305,953305,1.40025e+07
0,0,0,7.70555e+08,0,3.17149e+07,-953305,953305,1.40025e+07
0,0,0,7.70555e+08,0,3.17146e+07,-953305,953305,1.40025e+07
0,0,0,7.70555e+08,0,3.17144e+07,-953305,953305,1.40025e+07
0,0,0,7.70555e+08,0,3.17141e+07,-953305,953305,1.40025e+07
0,0,0,7.70555e+08,0,3.49936e+07,-953305,953305,1.40025e+07
0,0,0,7.70555e+08,0,3.49933e+07,-953305,953305,1.40025e+07
0,0,0,7.70555e+08,0,3.4993e+07,-953305,953305,1.40025e+07
0,0,0,7.70555e+08,0,3.49927e+07,-953305,953305,1.40025e+07
0,0,0,7.70555e+08,0,3.04783e+07,-953305,953305,1.40025e+07
0,0,0,7.70555e+08,0,3.04781e+07,-953305,953305,1.40025e+07
0,0,0,7.70555e+08,0,3.04778e+07,-953305,953305,1.40025e+07
0,0,0,7.70555e+08,0,3.04775e+07,-953305,953305,1.40025e+07
0,0,0,7.70555e+08,0,3.04773e+07,-953305,953305,1.40025e+07
0,0,0,7.70555e+08,0,3.15947e+07,-953305,953305,1.40025e+07
0,0,0,7.70555e+08,0,3.15945e+07,-953305,953305,1.40025e+07
0,0,0,7.70555e+08,0,3.15942e+07,-953305,953305,1.40025e+07
0,0,0,7.70555e+08,0,3.15939e+07,-953305,953305,1.40025e+07
0,0,0,7.70555e+08,0,3.11583e+07,-953305,953305,1.40025e+07
0,0,0,7.70555e+08,0,3.1158e+07,-953305,953305,1.40025e+07
0,0,0,7.70555e+08,0,3.11578e+07,-953305,953305,1.40025e+07
0,0,0,7.70555e+08,0,3.11575e+07,-953305,953305,1.40025e+07
0,0,0,7.70555e+08,0,3.26726e+07,-953305,953305,1.40025e+07
0,0,0,7.70555e+08,0,3.26723e+07,-953305,953305,1.40025e+07
0,0,0,7.70555e+08,0,3.2672e+07,-953305,953305,1.40025e+07
0,0,0,7.70555e+08,0,3.26717e+07,-953305,953305,1.40025e+07
0,0,0,7.70555e+08,0,3.26714e+07,-953305,953305,1.40025e+07
0,0,0,7.70555e+08,0,3.30279e+07,-953305,953305,1.40025e+07
0,0,0,7.70555e+08,0,3.30276e+07,-953305,953305,1.40025e+07
0,0,0,7.70555e+08,0,3.30274e+07,-953305,953305,1.40025e+07
0,0,0,7.70555e+08,0,3.30271e+07,-953305,953305,1.40025e+07
0,0,0,7.70555e+08,0,3.37823e+07,-953305,953305,1.40025e+07
0,0,0,7.70555e+08,0,3.3782e+07,-953305,953305,1.40025e+07
0,0,0,7.70555e+08,0,3.37817e+07,-953305,953305,1.40025e+07
0,0,0,7.70555e+08,0,3.37814e+07,-953305,953305,1.40025e+07
0,0,0,7.70555e+08,0,3.62864e+07,-953305,953305,1.40025e+07
0,0,0,7.70555e+08,0,3.62861e+07,-953305,953305,1.40025e+07
0,0,0,7.70555e+08,0,3.62858e+07,-953305,953305,1.40025e+07
0,0,0,7.70555e+08,0,3.62855e+07,-953305,953305,1.40025e+07
0,0,0,7.70555e+08,0,3.62852e+07,-953305,953305,1.40025e+07
0,0,0,7.70555e+08,0,3.48782e+07,-953305,953305,1.40025e+07
0,0,0,7.70555e+08,0,3.48779e+07,-953305,953305,1.40025e+07
0,0,0,7.70555e+08,0,3.48776e+07,-953305,953305,1.40025e+07
0,0,0,7.70555e+08,0,3.48773e+07,-953305,953305,1.40025e+07
0,0,0,7.70555e+08,0,3.36381e+07,-953305,953305,1.40025e+07
0,0,0,7.70555e+08,0,3.36378e+07,-953305,953305,1.40025e+07
0,0,0,7.70555e+08,0,3.36375e+07,-953305,953305,1.40025e+07
