0cont_fund,0ins_pout,0ins_price,0infra_npv,0debt_serv,0gross_rev,0cont_contrib,0drought_cost,0water_price
0,0,0,0,0.000499492,2.52605e+07,-916973,916973,1.34689e+07
0,0,0,0,0,2.51691e+07,-854093,854093,1.34689e+07
0,0,0,0,0,2.51737e+07,-852923,852923,1.34689e+07
0,0,0,0,0,2.51783e+07,-851752,851752,1.34689e+07
0,0,0,0,0,2.77715e+07,-850582,850582,1.34689e+07
0,0,0,0,0,2.69813e+07,-338080,338080,1.34689e+07
0,0,0,0,0,2.69864e+07,-336771,336771,1.34689e+07
0,0,0,0,0,2.69914e+07,-335462,335462,1.34689e+07
0,0,0,0,0,2.34298e+07,-334152,334152,1.34689e+07
0,0,0,0,0,2.43428e+07,-916973,916973,1.34689e+07
0,0,0,0,0,2.4349e+07,-916973,916973,1.34689e+07
0,0,0,0,0,2.43551e+07,-916973,916973,1.34689e+07
0,0,0,0,0,2.43613e+07,-916973,916973,1.34689e+07
0,0,0,0,0,2.52519e+07,-916973,916973,1.34689e+07
0,0,0,0,0,2.51477e+07,-845882,845882,1.34689e+07
0,0,0,0,0,2.51523e+07,-844710,844710,1.34689e+07
0,0,0,0,0,2.51569e+07,-843538,843538,1.34689e+07
0,0,0,0,0,2.48166e+07,-842365,842365,1.34689e+07
0,0,0,0,0,2.49229e+07,-906620,906620,1.34689e+07
0,0,0,0,0,2.49275e+07,-905465,905465,1.34689e+07
0,0,0,0,0,2.4932e+07,-904309,904309,1.34689e+07
0,0,0,0,0,2.61382e+07,-903152,903152,1.34689e+07
0,0,0,0,0,2.57817e+07,-669718,669718,1.34689e+07
0,0,0,0,0,2.57864e+07,-668498,668498,1.34689e+07
0,0,0,0,0,2.57912e+07,-667279,667279,1.34689e+07
0,0,0,0,0,2.5796e+07,-666058,666058,1.34689e+07
0,0,0,0,0,2.60841e+07,-664838,664838,1.34689e+07
0,0,0,0,0,2.589e+07,-535782,535782,1.34689e+07
0,0,0,0,0,2.58948e+07,-534526,534526,1.34689e+07
0,0,0,0,0,2.58996e+07,-533271,533271,1.34689e+07
0,0,0,0,0,2.6505e+07,-532014,532014,1.34689e+07
0,0,0,0,0,2.63325e+07,-416705,416705,1.34689e+07
0,0,0,0,0,2.63374e+07,-415418,415418,1.34689e+07
0,0,0,0,0,2.63423e+07,-414130,414130,1.34689e+07
0,0,0,0,0,2.83412e+07,-412842,412842,1.34689e+07
0,0,0,0,0,2.77063e+07,0,0,1.34689e+07
0,0,0,0,0,2.77138e+07,0,0,1.34689e+07
0,0,0,0,0,2.77212e+07,0,0,1.34689e+07
0,0,0,0,0,2.77287e+07,0,0,1.34689e+07
0,0,0,0,0,2.66151e+07,0,0,1.34689e+07
0,0,0,0,0,2.70002e+07,-242912,242912,1.34689e+07
0,0,0,0,0,2.70053e+07,-241578,241578,1.34689e+07
0,0,0,0,0,2.70104e+07,-240244,240244,1.34689e+07
0,0,0,0,0,2.6027e+07,-238909,238909,1.34689e+07
0,0,0,0,0,2.6387e+07,-465814,465814,1.34689e+07
0,0,0,0,0,2.63919e+07,-464540,464540,1.34689e+07
0,0,0,0,0,2.63968e+07,-463266,463266,1.34689e+07
0,0,0,0,0,2.41104e+07,-461991,461991,1.34689e+07
0,0,0,0,0,2.48246e+07,-916973,916973,1.34689e+07
0,0,0,0,0,2.48309e+07,-916973,916973,1.34689e+07
0,0,0,0,0,2.48372e+07,-916973,916973,1.34689e+07
0,0,0,0,0,2.48435e+07,-916973,916973,1.34689e+07
0,0,0,3.55053e+08,0.000499492,2.55964e+07,-916973,916973,1.34689e+07
0,0,0,3.55053e+08,0,2.54096e+07,-792883,792883,1.34689e+07
0,0,0,3.55053e+08,0,2.54141e+07,-791734,791734,1.34689e+07
0,0,0,3.55053e+08,0,2.54186e+07,-790584,790584,1.34689e+07
0,0,0,3.55053e+08,0,2.80481e+07,-789435,789435,1.34689e+07
0,0,0,3.55053e+08,0,2.72466e+07,-269767,269767,1.34689e+07
0,0,0,3.55053e+08,0,2.72516e+07,-268482,268482,1.34689e+07
0,0,0,3.55053e+08,0,2.72566e+07,-267196,267196,1.34689e+07
0,0,0,3.55053e+08,0,2.36449e+07,-265910,265910,1.34689e+07
0,0,0,3.55053e+08,0,2.46639e+07,-916973,916973,1.34689e+07
0,0,0,3.55053e+08,0,2.467e+07,-916973,916973,1.34689e+07
0,0,0,3.55053e+08,0,2.4676e+07,-916973,916973,1.34689e+07
0,0,0,3.55053e+08,0,2.46821e+07,-916973,916973,1.34689e+07
0,0,0,3.55053e+08,0,2.55849e+07,-916973,916973,1.34689e+07
0,0,0,3.55053e+08,0,2.53859e+07,-785045,785045,1.34689e+07
0,0,0,3.55053e+08,0,2.53905e+07,-783895,783895,1.34689e+07
0,0,0,3.55053e+08,0,2.5395e+07,-782743,782743,1.34689e+07
0,0,0,3.55053e+08,0,2.50498e+07,-781592,781592,1.34689e+07
0,0,0,3.55053e+08,0,2.51575e+07,-846781,846781,1.34689e+07
0,0,0,3.55053e+08,0,2.51619e+07,-845646,845646,1.34689e+07
0,0,0,3.55053e+08,0,2.51664e+07,-844511,844511,1.34689e+07
0,0,0,3.55053e+08,0,2.63892e+07,-843376,843376,1.34689e+07
0,0,0,3.55053e+08,0,2.60276e+07,-606731,606731,1.34689e+07
0,0,0,3.55053e+08,0,2.60322e+07,-605534,605534,1.34689e+07
0,0,0,3.55053e+08,0,2.60369e+07,-604337,604337,1.34689e+07
0,0,0,3.55053e+08,0,2.60416e+07,-603139,603139,1.34689e+07
0,0,0,3.55053e+08,0,2.63335e+07,-601941,601941,1.34689e+07
0,0,0,3.55053e+08,0,2.61366e+07,-471134,471134,1.34689e+07
0,0,0,3.55053e+08,0,2.61413e+07,-469901,469901,1.34689e+07
0,0,0,3.55053e+08,0,2.61461e+07,-468669,468669,1.34689e+07
0,0,0,3.55053e+08,0,2.67597e+07,-467435,467435,1.34689e+07
0,0,0,3.55053e+08,0,2.65846e+07,-350572,350572,1.34689e+07
0,0,0,3.55053e+08,0,2.65895e+07,-349308,349308,1.34689e+07
0,0,0,3.55053e+08,0,2.65943e+07,-348044,348044,1.34689e+07
0,0,0,3.55053e+08,0,2.86205e+07,-346779,346779,1.34689e+07
0,0,0,3.55053e+08,0,2.80883e+07,0,0,1.34689e+07
0,0,0,3.55053e+08,0,2.80956e+07,0,0,1.34689e+07
0,0,0,3.55053e+08,0,2.8103e+07,0,0,1.34689e+07
0,0,0,3.55053e+08,0,2.81103e+07,0,0,1.34689e+07
0,0,0,3.55053e+08,0,2.69811e+07,0,0,1.34689e+07
0,0,0,3.55053e+08,0,2.72601e+07,-174760,174760,1.34689e+07
0,0,0,3.55053e+08,0,2.72651e+07,-173450,173450,1.34689e+07
0,0,0,3.55053e+08,0,2.72701e+07,-172140,172140,1.34689e+07
0,0,0,3.55053e+08,0,2.62731e+07,-170830,170830,1.34689e+07
0,0,0,3.55053e+08,0,2.66378e+07,-400891,400891,1.34689e+07
0,0,0,3.55053e+08,0,2.66426e+07,-399640,399640,1.34689e+07
0,0,0,3.55053e+08,0,2.66475e+07,-398389,398389,1.34689e+07
0,0,0,3.55053e+08,0,2.43296e+07,-397138,397138,1.34689e+07
0,0,0,3.55053e+08,0,2.50844e+07,-878267,878267,1.34689e+07
0,0,0,3.55053e+08,0,2.50888e+07,-877141,877141,1.34689e+07
0,0,0,3.55053e+08,0,2.50932e+07,-876015,876015,1.34689e+07
0,0,0,3.55053e+08,0,2.50976e+07,-874888,874888,1.34689e+07
0,0,0,3.55053e+08,3.99021e+07,2.59261e+07,-916973,916973,1.34689e+07
0,0,0,3.55053e+08,0,2.59322e+07,-916973,916973,1.34689e+07
0,0,0,3.55053e+08,0,2.59384e+07,-916973,916973,1.34689e+07
0,0,0,3.55053e+08,0,2.59446e+07,-916973,916973,1.34689e+07
0,0,0,3.55053e+08,0,2.86114e+07,-916973,916973,1.34689e+07
0,0,0,3.55053e+08,0,2.86183e+07,-916973,916973,1.34689e+07
0,0,0,3.55053e+08,0,2.86251e+07,-916973,916973,1.34689e+07
0,0,0,3.55053e+08,0,2.8632e+07,-916973,916973,1.34689e+07
0,0,0,3.55053e+08,0,2.49731e+07,-916973,916973,1.34689e+07
0,0,0,3.55053e+08,0,2.4979e+07,-916973,916973,1.34689e+07
0,0,0,3.55053e+08,0,2.49849e+07,-916973,916973,1.34689e+07
0,0,0,3.55053e+08,0,2.49909e+07,-916973,916973,1.34689e+07
0,0,0,3.55053e+08,0,2.49968e+07,-916973,916973,1.34689e+07
0,0,0,3.55053e+08,0,2.59116e+07,-916973,916973,1.34689e+07
0,0,0,3.55053e+08,0,2.59178e+07,-916973,916973,1.34689e+07
0,0,0,3.55053e+08,0,2.5924e+07,-916973,916973,1.34689e+07
0,0,0,3.55053e+08,0,2.59302e+07,-916973,916973,1.34689e+07
0,0,0,3.55053e+08,0,2.5582e+07,-916973,916973,1.34689e+07
0,0,0,3.55053e+08,0,2.5588e+07,-916973,916973,1.34689e+07
0,0,0,3.55053e+08,0,2.55941e+07,-916973,916973,1.34689e+07
0,0,0,3.55053e+08,0,2.56002e+07,-916973,916973,1.34689e+07
0,0,0,3.55053e+08,0,2.68411e+07,-916973,916973,1.34689e+07
0,0,0,3.55053e+08,0,2.68475e+07,-916973,916973,1.34689e+07
0,0,0,3.55053e+08,0,2.68539e+07,-916973,916973,1.34689e+07
0,0,0,3.55053e+08,0,2.68603e+07,-916973,916973,1.34689e+07
0,0,0,3.55053e+08,0,2.68667e+07,-916973,916973,1.34689e+07
0,0,0,3.55053e+08,0,2.71642e+07,-916973,916973,1.34689e+07
0,0,0,3.55053e+08,0,2.71707e+07,-916973,916973,1.34689e+07
0,0,0,3.55053e+08,0,2.71772e+07,-916973,916973,1.34689e+07
0,0,0,3.55053e+08,0,2.71837e+07,-916973,916973,1.34689e+07
0,0,0,3.55053e+08,0,2.78072e+07,-916973,916973,1.34689e+07
0,0,0,3.55053e+08,0,2.78139e+07,-916973,916973,1.34689e+07
0,0,0,3.55053e+08,0,2.78205e+07,-916973,916973,1.34689e+07
0,0,0,3.55053e+08,0,2.78272e+07,-916973,916973,1.34689e+07
0,0,0,3.55053e+08,0,2.98822e+07,-916973,916973,1.34689e+07
0,0,0,3.55053e+08,0,2.98894e+07,-916973,916973,1.34689e+07
0,0,0,3.55053e+08,0,2.98965e+07,-916973,916973,1.34689e+07
0,0,0,3.55053e+08,0,2.99037e+07,-916973,916973,1.34689e+07
0,0,0,3.55053e+08,0,2.99109e+07,-916973,916973,1.34689e+07
0,0,0,3.55053e+08,0,2.87665e+07,-916973,916973,1.34689e+07
0,0,0,3.55053e+08,0,2.87733e+07,-916973,916973,1.34689e+07
0,0,0,3.55053e+08,0,2.87802e+07,-916973,916973,1.34689e+07
0,0,0,3.55053e+08,0,2.87871e+07,-916973,916973,1.34689e+07
0,0,0,3.55053e+08,0,2.77787e+07,-916973,916973,1.34689e+07
0,0,0,3.55053e+08,0,2.77854e+07,-916973,916973,1.34689e+07
0,0,0,3.55053e+08,0,2.7792e+07,-916973,916973,1.34689e+07
0,0,0,3.55053e+08,0,2.77987e+07,-916973,916973,1.34689e+07
0,0,0,3.55053e+08,0,2.54519e+07,-916973,916973,1.34689e+07
0,0,0,3.55053e+08,0,2.5458e+07,-916973,916973,1.34689e+07
0,0,0,3.55053e+08,0,2.5464e+07,-916973,916973,1.34689e+07
0,0,0,3.55053e+08,0,2.54701e+07,-916973,916973,1.34689e+07
0,0,0,3.55053e+08,0,2.54761e+07,-916973,916973,1.34689e+07
0,0,0,7.46967e+08,3.99021e+07,2.62489e+07,-916973,916973,1.34689e+07
0,0,0,7.46967e+08,0,2.62549e+07,-916973,916973,1.34689e+07
0,0,0,7.46967e+08,0,2.6261e+07,-916973,916973,1.34689e+07
0,0,0,7.46967e+08,0,2.6267e+07,-916973,916973,1.34689e+07
0,0,0,7.46967e+08,0,2.89687e+07,-916973,916973,1.34689e+07
0,0,0,7.46967e+08,0,2.89754e+07,-916973,916973,1.34689e+07
0,0,0,7.46967e+08,0,2.89821e+07,-916973,916973,1.34689e+07
0,0,0,7.46967e+08,0,2.89888e+07,-916973,916973,1.34689e+07
0,0,0,7.46967e+08,0,2.52817e+07,-916973,916973,1.34689e+07
0,0,0,7.46967e+08,0,2.52875e+07,-916973,916973,1.34689e+07
0,0,0,7.46967e+08,0,2.52933e+07,-916973,916973,1.34689e+07
0,0,0,7.46967e+08,0,2.52991e+07,-916973,916973,1.34689e+07
0,0,0,7.46967e+08,0,2.53049e+07,-916973,916973,1.34689e+07
0,0,0,7.46967e+08,0,2.62314e+07,-916973,916973,1.34689e+07
0,0,0,7.46967e+08,0,2.62375e+07,-916973,916973,1.34689e+07
0,0,0,7.46967e+08,0,2.62435e+07,-916973,916973,1.34689e+07
0,0,0,7.46967e+08,0,2.62495e+07,-916973,916973,1.34689e+07
0,0,0,7.46967e+08,0,2.58966e+07,-916973,916973,1.34689e+07
0,0,0,7.46967e+08,0,2.59025e+07,-916973,916973,1.34689e+07
0,0,0,7.46967e+08,0,2.59085e+07,-916973,916973,1.34689e+07
0,0,0,7.46967e+08,0,2.59144e+07,-916973,916973,1.34689e+07
0,0,0,7.46967e+08,0,2.71712e+07,-916973,916973,1.34689e+07
0,0,0,7.46967e+08,0,2.71774e+07,-916973,916973,1.34689e+07
0,0,0,7.46967e+08,0,2.71837e+07,-916973,916973,1.34689e+07
0,0,0,7.46967e+08,0,2.719e+07,-916973,916973,1.34689e+07
0,0,0,7.46967e+08,0,2.71962e+07,-916973,916973,1.34689e+07
0,0,0,7.46967e+08,0,2.74974e+07,-916973,916973,1.34689e+07
0,0,0,7.46967e+08,0,2.75037e+07,-916973,916973,1.34689e+07
0,0,0,7.46967e+08,0,2.751e+07,-916973,916973,1.34689e+07
0,0,0,7.46967e+08,0,2.75164e+07,-916973,916973,1.34689e+07
0,0,0,7.46967e+08,0,2.81477e+07,-916973,916973,1.34689e+07
0,0,0,7.46967e+08,0,2.81542e+07,-916973,916973,1.34689e+07
0,0,0,7.46967e+08,0,2.81607e+07,-916973,916973,1.34689e+07
0,0,0,7.46967e+08,0,2.81672e+07,-916973,916973,1.34689e+07
0,0,0,7.46967e+08,0,3.02485e+07,-916973,916973,1.34689e+07
0,0,0,7.46967e+08,0,3.02555e+07,-916973,916973,1.34689e+07
0,0,0,7.46967e+08,0,3.02625e+07,-916973,916973,1.34689e+07
0,0,0,7.46967e+08,0,3.02695e+07,-916973,916973,1.34689e+07
0,0,0,7.46967e+08,0,3.02765e+07,-916973,916973,1.34689e+07
0,0,0,7.46967e+08,0,2.91172e+07,-916973,916973,1.34689e+07
0,0,0,7.46967e+08,0,2.91239e+07,-916973,916973,1.34689e+07
0,0,0,7.46967e+08,0,2.91306e+07,-916973,916973,1.34689e+07
0,0,0,7.46967e+08,0,2.91373e+07,-916973,916973,1.34689e+07
0,0,0,7.46967e+08,0,2.81158e+07,-916973,916973,1.34689e+07
0,0,0,7.46967e+08,0,2.81223e+07,-916973,916973,1.34689e+07
0,0,0,7.46967e+08,0,2.81288e+07,-916973,916973,1.34689e+07
0,0,0,7.46967e+08,0,2.81353e+07,-916973,916973,1.34689e+07
0,0,0,7.46967e+08,0,2.57584e+07,-916973,916973,1.34689e+07
0,0,0,7.46967e+08,0,2.57643e+07,-916973,916973,1.34689e+07
0,0,0,7.46967e+08,0,2.57702e+07,-916973,916973,1.34689e+07
0,0,0,7.46967e+08,0,2.57761e+07,-916973,916973,1.34689e+07
0,0,0,7.46967e+08,0,2.5782e+07,-916973,916973,1.34689e+07
0,0,0,7.46967e+08,8.39466e+07,2.65644e+07,-916973,916973,1.34689e+07
0,0,0,7.46967e+08,0,2.65703e+07,-916973,916973,1.34689e+07
0,0,0,7.46967e+08,0,2.65762e+07,-916973,916973,1.34689e+07
0,0,0,7.46967e+08,0,2.65821e+07,-916973,916973,1.34689e+07
0,0,0,7.46967e+08,0,2.93178e+07,-916973,916973,1.34689e+07
0,0,0,7.46967e+08,0,2.93243e+07,-916973,916973,1.34689e+07
0,0,0,7.46967e+08,0,2.93308e+07,-916973,916973,1.34689e+07
0,0,0,7.46967e+08,0,2.93374e+07,-916973,916973,1.34689e+07
0,0,0,7.46967e+08,0,2.55832e+07,-916973,916973,1.34689e+07
0,0,0,7.46967e+08,0,2.55888e+07,-916973,916973,1.34689e+07
0,0,0,7.46967e+08,0,2.55945e+07,-916973,916973,1.34689e+07
0,0,0,7.46967e+08,0,2.56001e+07,-916973,916973,1.34689e+07
0,0,0,7.46967e+08,0,2.56058e+07,-916973,916973,1.34689e+07
0,0,0,7.46967e+08,0,2.65438e+07,-916973,916973,1.34689e+07
0,0,0,7.46967e+08,0,2.65497e+07,-916973,916973,1.34689e+07
0,0,0,7.46967e+08,0,2.65556e+07,-916973,916973,1.34689e+07
0,0,0,7.46967e+08,0,2.65615e+07,-916973,916973,1.34689e+07
0,0,0,7.46967e+08,0,2.62039e+07,-916973,916973,1.34689e+07
0,0,0,7.46967e+08,0,2.62097e+07,-916973,916973,1.34689e+07
0,0,0,7.46967e+08,0,2.62155e+07,-916973,916973,1.34689e+07
0,0,0,7.46967e+08,0,2.62213e+07,-916973,916973,1.34689e+07
0,0,0,7.46967e+08,0,2.74936e+07,-916973,916973,1.34689e+07
0,0,0,7.46967e+08,0,2.74997e+07,-916973,916973,1.34689e+07
0,0,0,7.46967e+08,0,2.75058e+07,-916973,916973,1.34689e+07
0,0,0,7.46967e+08,0,2.75119e+07,-916973,916973,1.34689e+07
0,0,0,7.46967e+08,0,2.7518e+07,-916973,916973,1.34689e+07
0,0,0,7.46967e+08,0,2.78227e+07,-916973,916973,1.34689e+07
0,0,0,7.46967e+08,0,2.78288e+07,-916973,916973,1.34689e+07
0,0,0,7.46967e+08,0,2.7835e+07,-916973,916973,1.34689e+07
0,0,0,7.46967e+08,0,2.78412e+07,-916973,916973,1.34689e+07
0,0,0,7.46967e+08,0,2.84802e+07,-916973,916973,1.34689e+07
0,0,0,7.46967e+08,0,2.84865e+07,-916973,916973,1.34689e+07
0,0,0,7.46967e+08,0,2.84929e+07,-916973,916973,1.34689e+07
0,0,0,7.46967e+08,0,2.84992e+07,-916973,916973,1.34689e+07
0,0,0,7.46967e+08,0,3.0606e+07,-916973,916973,1.34689e+07
0,0,0,7.46967e+08,0,3.06129e+07,-916973,916973,1.34689e+07
0,0,0,7.46967e+08,0,3.06197e+07,-916973,916973,1.34689e+07
0,0,0,7.46967e+08,0,3.06265e+07,-916973,916973,1.34689e+07
0,0,0,7.46967e+08,0,3.06334e+07,-916973,916973,1.34689e+07
0,0,0,7.46967e+08,0,2.94594e+07,-916973,916973,1.34689e+07
0,0,0,7.46967e+08,0,2.9466e+07,-916973,916973,1.34689e+07
0,0,0,7.46967e+08,0,2.94725e+07,-916973,916973,1.34689e+07
0,0,0,7.46967e+08,0,2.94791e+07,-916973,916973,1.34689e+07
0,0,0,7.46967e+08,0,2.84447e+07,-916973,916973,1.34689e+07
0,0,0,7.46967e+08,0,2.84511e+07,-916973,916973,1.34689e+07
0,0,0,7.46967e+08,0,2.84574e+07,-916973,916973,1.34689e+07
0,0,0,7.46967e+08,0,2.84637e+07,-916973,916973,1.34689e+07
0,0,0,7.46967e+08,0,2.60574e+07,-916973,916973,1.34689e+07
0,0,0,7.46967e+08,0,2.60631e+07,-916973,916973,1.34689e+07
0,0,0,7.46967e+08,0,2.60689e+07,-916973,916973,1.34689e+07
0,0,0,7.46967e+08,0,2.60747e+07,-916973,916973,1.34689e+07
0,0,0,7.46967e+08,0,2.60805e+07,-916973,916973,1.34689e+07
0,0,0,7.46967e+08,0,2.68722e+07,-916973,916973,1.34689e+07
0,0,0,7.56449e+08,8.39466e+07,2.68779e+07,-916973,916973,1.34689e+07
0,0,0,7.56449e+08,0,2.68837e+07,-916973,916973,1.34689e+07
0,0,0,7.56449e+08,0,2.68894e+07,-916973,916973,1.34689e+07
0,0,0,7.56449e+08,0,2.96583e+07,-916973,916973,1.34689e+07
0,0,0,7.56449e+08,0,2.96646e+07,-916973,916973,1.34689e+07
0,0,0,7.56449e+08,0,2.9671e+07,-916973,916973,1.34689e+07
0,0,0,7.56449e+08,0,2.96774e+07,-916973,916973,1.34689e+07
0,0,0,7.56449e+08,0,2.58772e+07,-916973,916973,1.34689e+07
0,0,0,7.56449e+08,0,2.58827e+07,-916973,916973,1.34689e+07
0,0,0,7.56449e+08,0,2.58882e+07,-916973,916973,1.34689e+07
0,0,0,7.56449e+08,0,2.58938e+07,-916973,916973,1.34689e+07
0,0,0,7.56449e+08,0,2.58993e+07,-916973,916973,1.34689e+07
0,0,0,7.56449e+08,0,2.68485e+07,-916973,916973,1.34689e+07
0,0,0,7.56449e+08,0,2.68542e+07,-916973,916973,1.34689e+07
0,0,0,7.56449e+08,0,2.68599e+07,-916973,916973,1.34689e+07
0,0,0,7.56449e+08,0,2.68657e+07,-916973,916973,1.34689e+07
0,0,0,7.56449e+08,0,2.65035e+07,-916973,916973,1.34689e+07
0,0,0,7.56449e+08,0,2.65092e+07,-916973,916973,1.34689e+07
0,0,0,7.56449e+08,0,2.65148e+07,-916973,916973,1.34689e+07
0,0,0,7.56449e+08,0,2.65205e+07,-916973,916973,1.34689e+07
0,0,0,7.56449e+08,0,2.78079e+07,-916973,916973,1.34689e+07
0,0,0,7.56449e+08,0,2.78138e+07,-916973,916973,1.34689e+07
0,0,0,7.56449e+08,0,2.78198e+07,-916973,916973,1.34689e+07
0,0,0,7.56449e+08,0,2.78257e+07,-916973,916973,1.34689e+07
0,0,0,7.56449e+08,0,2.78317e+07,-916973,916973,1.34689e+07
0,0,0,7.56449e+08,0,2.81398e+07,-916973,916973,1.34689e+07
0,0,0,7.56449e+08,0,2.81458e+07,-916973,916973,1.34689e+07
0,0,0,7.56449e+08,0,2.81518e+07,-916973,916973,1.34689e+07
0,0,0,7.56449e+08,0,2.81578e+07,-916973,916973,1.34689e+07
0,0,0,7.56449e+08,0,2.88042e+07,-916973,916973,1.34689e+07
0,0,0,7.56449e+08,0,2.88104e+07,-916973,916973,1.34689e+07
0,0,0,7.56449e+08,0,2.88166e+07,-916973,916973,1.34689e+07
0,0,0,7.56449e+08,0,2.88228e+07,-916973,916973,1.34689e+07
0,0,0,7.56449e+08,0,3.09545e+07,-916973,916973,1.34689e+07
0,0,0,7.56449e+08,0,3.09612e+07,-916973,916973,1.34689e+07
0,0,0,7.56449e+08,0,3.09678e+07,-916973,916973,1.34689e+07
0,0,0,7.56449e+08,0,3.09745e+07,-916973,916973,1.34689e+07
0,0,0,7.56449e+08,0,3.09811e+07,-916973,916973,1.34689e+07
0,0,0,7.56449e+08,0,2.9793e+07,-916973,916973,1.34689e+07
0,0,0,7.56449e+08,0,2.97994e+07,-916973,916973,1.34689e+07
0,0,0,7.56449e+08,0,2.98058e+07,-916973,916973,1.34689e+07
0,0,0,7.56449e+08,0,2.98121e+07,-916973,916973,1.34689e+07
0,0,0,7.56449e+08,0,2.87653e+07,-916973,916973,1.34689e+07
0,0,0,7.56449e+08,0,2.87714e+07,-916973,916973,1.34689e+07
0,0,0,7.56449e+08,0,2.87776e+07,-916973,916973,1.34689e+07
0,0,0,7.56449e+08,0,2.87838e+07,-916973,916973,1.34689e+07
0,0,0,7.56449e+08,0,2.63487e+07,-916973,916973,1.34689e+07
0,0,0,7.56449e+08,0,2.63543e+07,-916973,916973,1.34689e+07
0,0,0,7.56449e+08,0,2.63599e+07,-916973,916973,1.34689e+07
0,0,0,7.56449e+08,0,2.63656e+07,-916973,916973,1.34689e+07
0,0,0,7.56449e+08,0,2.63712e+07,-916973,916973,1.34689e+07
0,0,0,7.56449e+08,0,2.63712e+07,-916973,916973,1.34689e+07
0,0,0,7.56449e+08,8.50122e+07,2.7172e+07,-916973,916973,1.34689e+07
0,0,0,7.56449e+08,0,2.71776e+07,-916973,916973,1.34689e+07
0,0,0,7.56449e+08,0,2.71832e+07,-916973,916973,1.34689e+07
0,0,0,7.56449e+08,0,2.71888e+07,-916973,916973,1.34689e+07
0,0,0,7.56449e+08,0,2.99899e+07,-916973,916973,1.34689e+07
0,0,0,7.56449e+08,0,2.99961e+07,-916973,916973,1.34689e+07
0,0,0,7.56449e+08,0,3.00023e+07,-916973,916973,1.34689e+07
0,0,0,7.56449e+08,0,3.00085e+07,-916973,916973,1.34689e+07
0,0,0,7.56449e+08,0,2.61636e+07,-916973,916973,1.34689e+07
0,0,0,7.56449e+08,0,2.6169e+07,-916973,916973,1.34689e+07
0,0,0,7.56449e+08,0,2.61743e+07,-916973,916973,1.34689e+07
0,0,0,7.56449e+08,0,2.61797e+07,-916973,916973,1.34689e+07
0,0,0,7.56449e+08,0,2.61851e+07,-916973,916973,1.34689e+07
0,0,0,7.56449e+08,0,2.71451e+07,-916973,916973,1.34689e+07
0,0,0,7.56449e+08,0,2.71507e+07,-916973,916973,1.34689e+07
0,0,0,7.56449e+08,0,2.71563e+07,-916973,916973,1.34689e+07
0,0,0,7.56449e+08,0,2.71618e+07,-916973,916973,1.34689e+07
0,0,0,7.56449e+08,0,2.67952e+07,-916973,916973,1.34689e+07
0,0,0,7.56449e+08,0,2.68007e+07,-916973,916973,1.34689e+07
0,0,0,7.56449e+08,0,2.68062e+07,-916973,916973,1.34689e+07
0,0,0,7.56449e+08,0,2.68117e+07,-916973,916973,1.34689e+07
0,0,0,7.56449e+08,0,2.81138e+07,-916973,916973,1.34689e+07
0,0,0,7.56449e+08,0,2.81196e+07,-916973,916973,1.34689e+07
0,0,0,7.56449e+08,0,2.81254e+07,-916973,916973,1.34689e+07
0,0,0,7.56449e+08,0,2.81312e+07,-916973,916973,1.34689e+07
0,0,0,7.56449e+08,0,2.8137e+07,-916973,916973,1.34689e+07
0,0,0,7.56449e+08,0,2.84484e+07,-916973,916973,1.34689e+07
0,0,0,7.56449e+08,0,2.84543e+07,-916973,916973,1.34689e+07
0,0,0,7.56449e+08,0,2.84601e+07,-916973,916973,1.34689e+07
0,0,0,7.56449e+08,0,2.8466e+07,-916973,916973,1.34689e+07
0,0,0,7.56449e+08,0,2.91196e+07,-916973,916973,1.34689e+07
0,0,0,7.56449e+08,0,2.91256e+07,-916973,916973,1.34689e+07
0,0,0,7.56449e+08,0,2.91316e+07,-916973,916973,1.34689e+07
0,0,0,7.56449e+08,0,2.91376e+07,-916973,916973,1.34689e+07
0,0,0,7.56449e+08,0,3.12936e+07,-916973,916973,1.34689e+07
0,0,0,7.56449e+08,0,3.13001e+07,-916973,916973,1.34689e+07
0,0,0,7.56449e+08,0,3.13065e+07,-916973,916973,1.34689e+07
0,0,0,7.56449e+08,0,3.1313e+07,-916973,916973,1.34689e+07
0,0,0,7.56449e+08,0,3.13195e+07,-916973,916973,1.34689e+07
0,0,0,7.56449e+08,0,3.01175e+07,-916973,916973,1.34689e+07
0,0,0,7.56449e+08,0,3.01237e+07,-916973,916973,1.34689e+07
0,0,0,7.56449e+08,0,3.01299e+07,-916973,916973,1.34689e+07
0,0,0,7.56449e+08,0,3.01361e+07,-916973,916973,1.34689e+07
0,0,0,7.56449e+08,0,2.90771e+07,-916973,916973,1.34689e+07
0,0,0,7.56449e+08,0,2.9083e+07,-916973,916973,1.34689e+07
0,0,0,7.56449e+08,0,2.9089e+07,-916973,916973,1.34689e+07
0,0,0,7.56449e+08,0,2.9095e+07,-916973,916973,1.34689e+07
0,0,0,7.56449e+08,0,2.6632e+07,-916973,916973,1.34689e+07
0,0,0,7.56449e+08,0,2.66375e+07,-916973,916973,1.34689e+07
0,0,0,7.56449e+08,0,2.6643e+07,-916973,916973,1.34689e+07
0,0,0,7.56449e+08,0,2.66484e+07,-916973,916973,1.34689e+07
0,0,0,7.56449e+08,0,2.66539e+07,-916973,916973,1.34689e+07
0,0,0,7.56449e+08,8.50122e+07,2.74636e+07,-916973,916973,1.34689e+07
0,0,0,7.56449e+08,0,2.7469e+07,-916973,916973,1.34689e+07
0,0,0,7.56449e+08,0,2.74744e+07,-916973,916973,1.34689e+07
0,0,0,7.56449e+08,0,2.74799e+07,-916973,916973,1.34689e+07
0,0,0,7.56449e+08,0,3.03124e+07,-916973,916973,1.34689e+07
0,0,0,7.56449e+08,0,3.03184e+07,-916973,916973,1.34689e+07
0,0,0,7.56449e+08,0,3.03245e+07,-916973,916973,1.34689e+07
0,0,0,7.56449e+08,0,3.03305e+07,-916973,916973,1.34689e+07
0,0,0,7.56449e+08,0,2.6442e+07,-916973,916973,1.34689e+07
0,0,0,7.56449e+08,0,2.64472e+07,-916973,916973,1.34689e+07
0,0,0,7.56449e+08,0,2.64524e+07,-916973,916973,1.34689e+07
0,0,0,7.56449e+08,0,2.64576e+07,-916973,916973,1.34689e+07
0,0,0,7.56449e+08,0,2.64629e+07,-916973,916973,1.34689e+07
0,0,0,7.56449e+08,0,2.74334e+07,-916973,916973,1.34689e+07
0,0,0,7.56449e+08,0,2.74389e+07,-916973,916973,1.34689e+07
0,0,0,7.56449e+08,0,2.74443e+07,-916973,916973,1.34689e+07
0,0,0,7.56449e+08,0,2.74497e+07,-916973,916973,1.34689e+07
0,0,0,7.56449e+08,0,2.70788e+07,-916973,916973,1.34689e+07
0,0,0,7.56449e+08,0,2.70841e+07,-916973,916973,1.34689e+07
0,0,0,7.56449e+08,0,2.70894e+07,-916973,916973,1.34689e+07
0,0,0,7.56449e+08,0,2.70948e+07,-916973,916973,1.34689e+07
0,0,0,7.56449e+08,0,2.84112e+07,-916973,916973,1.34689e+07
0,0,0,7.56449e+08,0,2.84168e+07,-916973,916973,1.34689e+07
0,0,0,7.56449e+08,0,2.84224e+07,-916973,916973,1.34689e+07
0,0,0,7.56449e+08,0,2.8428e+07,-916973,916973,1.34689e+07
0,0,0,7.56449e+08,0,2.84336e+07,-916973,916973,1.34689e+07
0,0,0,7.56449e+08,0,2.87483e+07,-916973,916973,1.34689e+07
0,0,0,7.56449e+08,0,2.87539e+07,-916973,916973,1.34689e+07
0,0,0,7.56449e+08,0,2.87596e+07,-916973,916973,1.34689e+07
0,0,0,7.56449e+08,0,2.87653e+07,-916973,916973,1.34689e+07
0,0,0,7.56449e+08,0,2.94259e+07,-916973,916973,1.34689e+07
0,0,0,7.56449e+08,0,2.94317e+07,-916973,916973,1.34689e+07
0,0,0,7.56449e+08,0,2.94376e+07,-916973,916973,1.34689e+07
0,0,0,7.56449e+08,0,2.94434e+07,-916973,916973,1.34689e+07
0,0,0,7.56449e+08,0,3.16229e+07,-916973,916973,1.34689e+07
0,0,0,7.56449e+08,0,3.16292e+07,-916973,916973,1.34689e+07
0,0,0,7.56449e+08,0,3.16355e+07,-916973,916973,1.34689e+07
0,0,0,7.56449e+08,0,3.16418e+07,-916973,916973,1.34689e+07
0,0,0,7.56449e+08,0,3.1648e+07,-916973,916973,1.34689e+07
0,0,0,7.56449e+08,0,3.04326e+07,-916973,916973,1.34689e+07
0,0,0,7.56449e+08,0,3.04386e+07,-916973,916973,1.34689e+07
0,0,0,7.56449e+08,0,3.04446e+07,-916973,916973,1.34689e+07
0,0,0,7.56449e+08,0,3.04507e+07,-916973,916973,1.34689e+07
0,0,0,7.56449e+08,0,2.93797e+07,-916973,916973,1.34689e+07
0,0,0,7.56449e+08,0,2.93856e+07,-916973,916973,1.34689e+07
0,0,0,7.56449e+08,0,2.93914e+07,-916973,916973,1.34689e+07
0,0,0,7.56449e+08,0,2.93972e+07,-916973,916973,1.34689e+07
0,0,0,7.56449e+08,0,2.69071e+07,-916973,916973,1.34689e+07
0,0,0,7.56449e+08,0,2.69124e+07,-916973,916973,1.34689e+07
0,0,0,7.56449e+08,0,2.69177e+07,-916973,916973,1.34689e+07
0,0,0,7.56449e+08,0,2.6923e+07,-916973,916973,1.34689e+07
0,0,0,7.56449e+08,0,2.69283e+07,-916973,916973,1.34689e+07
0,0,0,7.56449e+08,8.50122e+07,2.77466e+07,-916973,916973,1.34689e+07
0,0,0,7.56449e+08,0,2.77518e+07,-916973,916973,1.34689e+07
0,0,0,7.56449e+08,0,2.63304e+07,0,0,1.34689e+07
0,0,0,7.56449e+08,0,2.63357e+07,0,0,1.34689e+07
0,0,0,7.56449e+08,0,2.91987e+07,0,0,1.34689e+07
0,0,0,7.56449e+08,0,3.06312e+07,-916973,916973,1.34689e+07
0,0,0,7.56449e+08,0,3.0637e+07,-916973,916973,1.34689e+07
0,0,0,7.56449e+08,0,3.06428e+07,-916973,916973,1.34689e+07
0,0,0,7.56449e+08,0,2.67121e+07,-916973,916973,1.34689e+07
0,0,0,7.56449e+08,0,2.67172e+07,-916973,916973,1.34689e+07
0,0,0,7.56449e+08,0,2.67222e+07,-916973,916973,1.34689e+07
0,0,0,7.56449e+08,0,2.67273e+07,-916973,916973,1.34689e+07
0,0,0,7.56449e+08,0,2.67323e+07,-916973,916973,1.34689e+07
0,0,0,7.56449e+08,0,2.77131e+07,-916973,916973,1.34689e+07
0,0,0,7.56449e+08,0,2.77184e+07,-916973,916973,1.34689e+07
0,0,0,7.56449e+08,0,2.77236e+07,-916973,916973,1.34689e+07
0,0,0,7.56449e+08,0,2.77289e+07,-916973,916973,1.34689e+07
0,0,0,7.56449e+08,0,2.73538e+07,-916973,916973,1.34689e+07
0,0,0,7.56449e+08,0,2.73589e+07,-916973,916973,1.34689e+07
0,0,0,7.56449e+08,0,2.73641e+07,-916973,916973,1.34689e+07
0,0,0,7.56449e+08,0,2.73693e+07,-916973,916973,1.34689e+07
0,0,0,7.56449e+08,0,2.86995e+07,-916973,916973,1.34689e+07
0,0,0,7.56449e+08,0,2.87049e+07,-916973,916973,1.34689e+07
0,0,0,7.56449e+08,0,2.87104e+07,-916973,916973,1.34689e+07
0,0,0,7.56449e+08,0,2.87158e+07,-916973,916973,1.34689e+07
0,0,0,7.56449e+08,0,2.87213e+07,-916973,916973,1.34689e+07
0,0,0,7.56449e+08,0,2.9039e+07,-916973,916973,1.34689e+07
0,0,0,7.56449e+08,0,2.90445e+07,-916973,916973,1.34689e+07
0,0,0,7.56449e+08,0,2.905e+07,-916973,916973,1.34689e+07
0,0,0,7.56449e+08,0,2.90555e+07,-916973,916973,1.34689e+07
0,0,0,7.56449e+08,0,2.97229e+07,-916973,916973,1.34689e+07
0,0,0,7.56449e+08,0,2.97286e+07,-916973,916973,1.34689e+07
0,0,0,7.56449e+08,0,2.97342e+07,-916973,916973,1.34689e+07
0,0,0,7.56449e+08,0,2.97399e+07,-916973,916973,1.34689e+07
0,0,0,7.56449e+08,0,3.19422e+07,-916973,916973,1.34689e+07
0,0,0,7.56449e+08,0,3.19482e+07,-916973,916973,1.34689e+07
0,0,0,7.56449e+08,0,3.19543e+07,-916973,916973,1.34689e+07
0,0,0,7.56449e+08,0,3.19604e+07,-916973,916973,1.34689e+07
0,0,0,7.56449e+08,0,3.19665e+07,-916973,916973,1.34689e+07
0,0,0,7.56449e+08,0,3.0738e+07,-916973,916973,1.34689e+07
0,0,0,7.56449e+08,0,3.07438e+07,-916973,916973,1.34689e+07
0,0,0,7.56449e+08,0,3.07497e+07,-916973,916973,1.34689e+07
0,0,0,7.56449e+08,0,3.07555e+07,-916973,916973,1.34689e+07
0,0,0,7.56449e+08,0,2.96731e+07,-916973,916973,1.34689e+07
0,0,0,7.56449e+08,0,2.96787e+07,-916973,916973,1.34689e+07
0,0,0,7.56449e+08,0,2.96844e+07,-916973,916973,1.34689e+07
0,0,0,7.56449e+08,0,2.969e+07,-916973,916973,1.34689e+07
0,0,0,7.56449e+08,0,2.71736e+07,-916973,916973,1.34689e+07
0,0,0,7.56449e+08,0,2.71787e+07,-916973,916973,1.34689e+07
0,0,0,7.56449e+08,0,2.71839e+07,-916973,916973,1.34689e+07
0,0,0,7.56449e+08,0,2.7189e+07,-916973,916973,1.34689e+07
0,0,0,7.56449e+08,0,2.71941e+07,-916973,916973,1.34689e+07
0,0,0,7.56449e+08,8.50122e+07,2.80207e+07,-916973,916973,1.34689e+07
0,0,0,7.56449e+08,0,2.80258e+07,-916973,916973,1.34689e+07
0,0,0,7.56449e+08,0,2.80309e+07,-916973,916973,1.34689e+07
0,0,0,7.56449e+08,0,2.8036e+07,-916973,916973,1.34689e+07
0,0,0,7.56449e+08,0,3.09285e+07,-916973,916973,1.34689e+07
0,0,0,7.56449e+08,0,3.09341e+07,-916973,916973,1.34689e+07
0,0,0,7.56449e+08,0,3.09398e+07,-916973,916973,1.34689e+07
0,0,0,7.56449e+08,0,3.09454e+07,-916973,916973,1.34689e+07
0,0,0,7.56449e+08,0,2.69738e+07,-916973,916973,1.34689e+07
0,0,0,7.56449e+08,0,2.69787e+07,-916973,916973,1.34689e+07
0,0,0,7.56449e+08,0,2.69836e+07,-916973,916973,1.34689e+07
0,0,0,7.56449e+08,0,2.69885e+07,-916973,916973,1.34689e+07
0,0,0,7.56449e+08,0,2.69933e+07,-916973,916973,1.34689e+07
0,0,0,7.56449e+08,0,2.7984e+07,-916973,916973,1.34689e+07
0,0,0,7.56449e+08,0,2.79891e+07,-916973,916973,1.34689e+07
0,0,0,7.56449e+08,0,2.79942e+07,-916973,916973,1.34689e+07
0,0,0,7.56449e+08,0,2.79993e+07,-916973,916973,1.34689e+07
0,0,0,7.56449e+08,0,2.76201e+07,-916973,916973,1.34689e+07
0,0,0,7.56449e+08,0,2.76251e+07,-916973,916973,1.34689e+07
0,0,0,7.56449e+08,0,2.76301e+07,-916973,916973,1.34689e+07
0,0,0,7.56449e+08,0,2.76351e+07,-916973,916973,1.34689e+07
0,0,0,7.56449e+08,0,2.89787e+07,-916973,916973,1.34689e+07
0,0,0,7.56449e+08,0,2.8984e+07,-916973,916973,1.34689e+07
0,0,0,7.56449e+08,0,2.89892e+07,-916973,916973,1.34689e+07
0,0,0,7.56449e+08,0,2.89945e+07,-916973,916973,1.34689e+07
0,0,0,7.56449e+08,0,2.89998e+07,-916973,916973,1.34689e+07
0,0,0,7.56449e+08,0,2.93205e+07,-916973,916973,1.34689e+07
0,0,0,7.56449e+08,0,2.93258e+07,-916973,916973,1.34689e+07
0,0,0,7.56449e+08,0,2.93312e+07,-916973,916973,1.34689e+07
0,0,0,7.56449e+08,0,2.93365e+07,-916973,916973,1.34689e+07
0,0,0,7.56449e+08,0,3.00104e+07,-916973,916973,1.34689e+07
0,0,0,7.56449e+08,0,3.00159e+07,-916973,916973,1.34689e+07
0,0,0,7.56449e+08,0,3.00213e+07,-916973,916973,1.34689e+07
0,0,0,7.56449e+08,0,3.00268e+07,-916973,916973,1.34689e+07
0,0,0,7.56449e+08,0,3.22512e+07,-916973,916973,1.34689e+07
0,0,0,7.56449e+08,0,3.22571e+07,-916973,916973,1.34689e+07
0,0,0,7.56449e+08,0,3.2263e+07,-916973,916973,1.34689e+07
0,0,0,7.56449e+08,0,3.22688e+07,-916973,916973,1.34689e+07
0,0,0,7.56449e+08,0,3.22747e+07,-916973,916973,1.34689e+07
0,0,0,7.56449e+08,0,3.10335e+07,-916973,916973,1.34689e+07
0,0,0,7.56449e+08,0,3.10392e+07,-916973,916973,1.34689e+07
0,0,0,7.56449e+08,0,3.10448e+07,-916973,916973,1.34689e+07
0,0,0,7.56449e+08,0,3.10505e+07,-916973,916973,1.34689e+07
0,0,0,7.56449e+08,0,2.9957e+07,-916973,916973,1.34689e+07
0,0,0,7.56449e+08,0,2.99624e+07,-916973,916973,1.34689e+07
0,0,0,7.56449e+08,0,2.99679e+07,-916973,916973,1.34689e+07
0,0,0,7.56449e+08,0,2.99733e+07,-916973,916973,1.34689e+07
0,0,0,7.56449e+08,0,2.74315e+07,-916973,916973,1.34689e+07
0,0,0,7.56449e+08,0,2.74364e+07,-916973,916973,1.34689e+07
0,0,0,7.56449e+08,0,2.74414e+07,-916973,916973,1.34689e+07
0,0,0,7.56449e+08,0,2.74464e+07,-916973,916973,1.34689e+07
0,0,0,7.56449e+08,0,2.74513e+07,-916973,916973,1.34689e+07
0,0,0,7.56449e+08,8.50122e+07,2.8286e+07,-916973,916973,1.34689e+07
0,0,0,7.56449e+08,0,2.82909e+07,-916973,916973,1.34689e+07
0,0,0,7.56449e+08,0,2.82958e+07,-916973,916973,1.34689e+07
0,0,0,7.56449e+08,0,2.83007e+07,-916973,916973,1.34689e+07
0,0,0,7.56449e+08,0,3.12218e+07,-916973,916973,1.34689e+07
0,0,0,7.56449e+08,0,3.12273e+07,-916973,916973,1.34689e+07
0,0,0,7.56449e+08,0,3.12327e+07,-916973,916973,1.34689e+07
0,0,0,7.56449e+08,0,3.12382e+07,-916973,916973,1.34689e+07
0,0,0,7.56449e+08,0,2.7227e+07,-916973,916973,1.34689e+07
0,0,0,7.56449e+08,0,2.72317e+07,-916973,916973,1.34689e+07
0,0,0,7.56449e+08,0,2.72364e+07,-916973,916973,1.34689e+07
0,0,0,7.56449e+08,0,2.72412e+07,-916973,916973,1.34689e+07
0,0,0,7.56449e+08,0,2.72459e+07,-916973,916973,1.34689e+07
0,0,0,7.56449e+08,0,2.82462e+07,-916973,916973,1.34689e+07
0,0,0,7.56449e+08,0,2.82511e+07,-916973,916973,1.34689e+07
0,0,0,7.56449e+08,0,2.8256e+07,-916973,916973,1.34689e+07
0,0,0,7.56449e+08,0,2.82609e+07,-916973,916973,1.34689e+07
0,0,0,7.56449e+08,0,2.78778e+07,-916973,916973,1.34689e+07
0,0,0,7.56449e+08,0,2.78826e+07,-916973,916973,1.34689e+07
0,0,0,7.56449e+08,0,2.78874e+07,-916973,916973,1.34689e+07
0,0,0,7.56449e+08,0,2.78923e+07,-916973,916973,1.34689e+07
0,0,0,7.56449e+08,0,2.92489e+07,-916973,916973,1.34689e+07
0,0,0,7.56449e+08,0,2.9254e+07,-916973,916973,1.34689e+07
0,0,0,7.56449e+08,0,2.92591e+07,-916973,916973,1.34689e+07
0,0,0,7.56449e+08,0,2.92642e+07,-916973,916973,1.34689e+07
0,0,0,7.56449e+08,0,2.92693e+07,-916973,916973,1.34689e+07
0,0,0,7.56449e+08,0,2.95929e+07,-916973,916973,1.34689e+07
0,0,0,7.56449e+08,0,2.95981e+07,-916973,916973,1.34689e+07
0,0,0,7.56449e+08,0,2.96033e+07,-916973,916973,1.34689e+07
0,0,0,7.56449e+08,0,2.96084e+07,-916973,916973,1.34689e+07
0,0,0,7.56449e+08,0,3.02887e+07,-916973,916973,1.34689e+07
0,0,0,7.56449e+08,0,3.0294e+07,-916973,916973,1.34689e+07
0,0,0,7.56449e+08,0,3.02992e+07,-916973,916973,1.34689e+07
0,0,0,7.56449e+08,0,3.03045e+07,-916973,916973,1.34689e+07
0,0,0,7.56449e+08,0,3.25503e+07,-916973,916973,1.34689e+07
0,0,0,7.56449e+08,0,3.2556e+07,-916973,916973,1.34689e+07
0,0,0,7.56449e+08,0,3.25617e+07,-916973,916973,1.34689e+07
0,0,0,7.56449e+08,0,3.25674e+07,-916973,916973,1.34689e+07
0,0,0,7.56449e+08,0,3.25731e+07,-916973,916973,1.34689e+07
0,0,0,7.56449e+08,0,3.13196e+07,-916973,916973,1.34689e+07
0,0,0,7.56449e+08,0,3.13251e+07,-916973,916973,1.34689e+07
0,0,0,7.56449e+08,0,3.13306e+07,-916973,916973,1.34689e+07
0,0,0,7.56449e+08,0,3.13361e+07,-916973,916973,1.34689e+07
0,0,0,7.56449e+08,0,3.02317e+07,-916973,916973,1.34689e+07
0,0,0,7.56449e+08,0,3.0237e+07,-916973,916973,1.34689e+07
0,0,0,7.56449e+08,0,3.02423e+07,-916973,916973,1.34689e+07
0,0,0,7.56449e+08,0,3.02476e+07,-916973,916973,1.34689e+07
0,0,0,7.56449e+08,0,2.76811e+07,-916973,916973,1.34689e+07
0,0,0,7.56449e+08,0,2.76859e+07,-916973,916973,1.34689e+07
0,0,0,7.56449e+08,0,2.76907e+07,-916973,916973,1.34689e+07
0,0,0,7.56449e+08,0,2.76955e+07,-916973,916973,1.34689e+07
0,0,0,7.56449e+08,0,2.77003e+07,-916973,916973,1.34689e+07
0,0,0,7.56449e+08,0,2.85427e+07,-916973,916973,1.34689e+07
0,0,0,7.56449e+08,8.50122e+07,2.85475e+07,-916973,916973,1.34689e+07
0,0,0,7.56449e+08,0,2.85523e+07,-916973,916973,1.34689e+07
0,0,0,7.56449e+08,0,2.8557e+07,-916973,916973,1.34689e+07
0,0,0,7.56449e+08,0,3.15058e+07,-916973,916973,1.34689e+07
0,0,0,7.56449e+08,0,3.1511e+07,-916973,916973,1.34689e+07
0,0,0,7.56449e+08,0,3.15163e+07,-916973,916973,1.34689e+07
0,0,0,7.56449e+08,0,3.15216e+07,-916973,916973,1.34689e+07
0,0,0,7.56449e+08,0,2.74721e+07,-916973,916973,1.34689e+07
0,0,0,7.56449e+08,0,2.74767e+07,-916973,916973,1.34689e+07
0,0,0,7.56449e+08,0,2.74812e+07,-916973,916973,1.34689e+07
0,0,0,7.56449e+08,0,2.74858e+07,-916973,916973,1.34689e+07
0,0,0,7.56449e+08,0,2.74904e+07,-916973,916973,1.34689e+07
0,0,0,7.56449e+08,0,2.84999e+07,-916973,916973,1.34689e+07
0,0,0,7.56449e+08,0,2.85047e+07,-916973,916973,1.34689e+07
0,0,0,7.56449e+08,0,2.85094e+07,-916973,916973,1.34689e+07
0,0,0,7.56449e+08,0,2.85142e+07,-916973,916973,1.34689e+07
0,0,0,7.56449e+08,0,2.81272e+07,-916973,916973,1.34689e+07
0,0,0,7.56449e+08,0,2.81319e+07,-916973,916973,1.34689e+07
0,0,0,7.56449e+08,0,2.81366e+07,-916973,916973,1.34689e+07
0,0,0,7.56449e+08,0,2.81413e+07,-916973,916973,1.34689e+07
0,0,0,7.56449e+08,0,2.95105e+07,-916973,916973,1.34689e+07
0,0,0,7.56449e+08,0,2.95154e+07,-916973,916973,1.34689e+07
0,0,0,7.56449e+08,0,2.95203e+07,-916973,916973,1.34689e+07
0,0,0,7.56449e+08,0,2.95253e+07,-916973,916973,1.34689e+07
0,0,0,7.56449e+08,0,2.95302e+07,-916973,916973,1.34689e+07
0,0,0,7.56449e+08,0,2.98567e+07,-916973,916973,1.34689e+07
0,0,0,7.56449e+08,0,2.98617e+07,-916973,916973,1.34689e+07
0,0,0,7.56449e+08,0,2.98667e+07,-916973,916973,1.34689e+07
0,0,0,7.56449e+08,0,2.98717e+07,-916973,916973,1.34689e+07
0,0,0,7.56449e+08,0,3.05581e+07,-916973,916973,1.34689e+07
0,0,0,7.56449e+08,0,3.05632e+07,-916973,916973,1.34689e+07
0,0,0,7.56449e+08,0,3.05683e+07,-916973,916973,1.34689e+07
0,0,0,7.56449e+08,0,3.05734e+07,-916973,916973,1.34689e+07
0,0,0,7.56449e+08,0,3.28399e+07,-916973,916973,1.34689e+07
0,0,0,7.56449e+08,0,3.28454e+07,-916973,916973,1.34689e+07
0,0,0,7.56449e+08,0,3.28509e+07,-916973,916973,1.34689e+07
0,0,0,7.56449e+08,0,3.28564e+07,-916973,916973,1.34689e+07
0,0,0,7.56449e+08,0,3.28619e+07,-916973,916973,1.34689e+07
0,0,0,7.56449e+08,0,3.15966e+07,-916973,916973,1.34689e+07
0,0,0,7.56449e+08,0,3.16019e+07,-916973,916973,1.34689e+07
0,0,0,7.56449e+08,0,3.16072e+07,-916973,916973,1.34689e+07
0,0,0,7.56449e+08,0,3.16125e+07,-916973,916973,1.34689e+07
0,0,0,7.56449e+08,0,3.04978e+07,-916973,916973,1.34689e+07
0,0,0,7.56449e+08,0,3.05029e+07,-916973,916973,1.34689e+07
0,0,0,7.56449e+08,0,3.0508e+07,-916973,916973,1.34689e+07
0,0,0,7.56449e+08,0,3.05131e+07,-916973,916973,1.34689e+07
0,0,0,7.56449e+08,0,2.79228e+07,-916973,916973,1.34689e+07
0,0,0,7.56449e+08,0,2.79275e+07,-916973,916973,1.34689e+07
0,0,0,7.56449e+08,0,2.79321e+07,-916973,916973,1.34689e+07
0,0,0,7.56449e+08,0,2.79368e+07,-916973,916973,1.34689e+07
0,0,0,7.56449e+08,0,2.79414e+07,-916973,916973,1.34689e+07
0,0,0,7.56449e+08,0,2.79414e+07,-916973,916973,1.34689e+07
0,0,0,7.56449e+08,8.50122e+07,2.87914e+07,-916973,916973,1.34689e+07
0,0,0,7.56449e+08,0,2.8796e+07,-916973,916973,1.34689e+07
0,0,0,7.56449e+08,0,2.88006e+07,-916973,916973,1.34689e+07
0,0,0,7.56449e+08,0,2.88052e+07,-916973,916973,1.34689e+07
0,0,0,7.56449e+08,0,3.17807e+07,-916973,916973,1.34689e+07
0,0,0,7.56449e+08,0,3.17858e+07,-916973,916973,1.34689e+07
0,0,0,7.56449e+08,0,3.17909e+07,-916973,916973,1.34689e+07
0,0,0,7.56449e+08,0,3.1796e+07,-916973,916973,1.34689e+07
0,0,0,7.56449e+08,0,2.77093e+07,-916973,916973,1.34689e+07
0,0,0,7.56449e+08,0,2.77138e+07,-916973,916973,1.34689e+07
0,0,0,7.56449e+08,0,2.77182e+07,-916973,916973,1.34689e+07
0,0,0,7.56449e+08,0,2.77226e+07,-916973,916973,1.34689e+07
0,0,0,7.56449e+08,0,2.7727e+07,-916973,916973,1.34689e+07
0,0,0,7.56449e+08,0,2.87456e+07,-916973,916973,1.34689e+07
0,0,0,7.56449e+08,0,2.87502e+07,-916973,916973,1.34689e+07
0,0,0,7.56449e+08,0,2.87548e+07,-916973,916973,1.34689e+07
0,0,0,7.56449e+08,0,2.87594e+07,-916973,916973,1.34689e+07
0,0,0,7.56449e+08,0,2.83687e+07,-916973,916973,1.34689e+07
0,0,0,7.56449e+08,0,2.83732e+07,-916973,916973,1.34689e+07
0,0,0,7.56449e+08,0,2.83778e+07,-916973,916973,1.34689e+07
0,0,0,7.56449e+08,0,2.83823e+07,-916973,916973,1.34689e+07
0,0,0,7.56449e+08,0,2.97636e+07,-916973,916973,1.34689e+07
0,0,0,7.56449e+08,0,2.97684e+07,-916973,916973,1.34689e+07
0,0,0,7.56449e+08,0,2.97731e+07,-916973,916973,1.34689e+07
0,0,0,7.56449e+08,0,2.97779e+07,-916973,916973,1.34689e+07
0,0,0,7.56449e+08,0,2.97827e+07,-916973,916973,1.34689e+07
0,0,0,7.56449e+08,0,3.01119e+07,-916973,916973,1.34689e+07
0,0,0,7.56449e+08,0,3.01167e+07,-916973,916973,1.34689e+07
0,0,0,7.56449e+08,0,3.01216e+07,-916973,916973,1.34689e+07
0,0,0,7.56449e+08,0,3.01264e+07,-916973,916973,1.34689e+07
0,0,0,7.56449e+08,0,3.08187e+07,-916973,916973,1.34689e+07
0,0,0,7.56449e+08,0,3.08237e+07,-916973,916973,1.34689e+07
0,0,0,7.56449e+08,0,3.08286e+07,-916973,916973,1.34689e+07
0,0,0,7.56449e+08,0,3.08336e+07,-916973,916973,1.34689e+07
0,0,0,7.56449e+08,0,3.312e+07,-916973,916973,1.34689e+07
0,0,0,7.56449e+08,0,3.31253e+07,-916973,916973,1.34689e+07
0,0,0,7.56449e+08,0,3.31306e+07,-916973,916973,1.34689e+07
0,0,0,7.56449e+08,0,3.3136e+07,-916973,916973,1.34689e+07
0,0,0,7.56449e+08,0,3.31413e+07,-916973,916973,1.34689e+07
0,0,0,7.56449e+08,0,3.18645e+07,-916973,916973,1.34689e+07
0,0,0,7.56449e+08,0,3.18697e+07,-916973,916973,1.34689e+07
0,0,0,7.56449e+08,0,3.18748e+07,-916973,916973,1.34689e+07
0,0,0,7.56449e+08,0,3.18799e+07,-916973,916973,1.34689e+07
0,0,0,7.56449e+08,0,3.07551e+07,-916973,916973,1.34689e+07
0,0,0,7.56449e+08,0,3.076e+07,-916973,916973,1.34689e+07
0,0,0,7.56449e+08,0,3.0765e+07,-916973,916973,1.34689e+07
0,0,0,7.56449e+08,0,3.07699e+07,-916973,916973,1.34689e+07
0,0,0,7.56449e+08,0,2.81565e+07,-916973,916973,1.34689e+07
0,0,0,7.56449e+08,0,2.8161e+07,-916973,916973,1.34689e+07
0,0,0,7.56449e+08,0,2.81655e+07,-916973,916973,1.34689e+07
0,0,0,7.56449e+08,0,2.817e+07,-916973,916973,1.34689e+07
0,0,0,7.56449e+08,0,2.81745e+07,-916973,916973,1.34689e+07
0,0,0,7.56449e+08,8.50122e+07,2.90317e+07,-916973,916973,1.34689e+07
0,0,0,7.56449e+08,0.000499492,2.90362e+07,-916973,916973,1.34689e+07
0,0,0,7.56449e+08,0,2.90406e+07,-916973,916973,1.34689e+07
0,0,0,7.56449e+08,0,2.90451e+07,-916973,916973,1.34689e+07
0,0,0,7.56449e+08,0,3.20464e+07,-916973,916973,1.34689e+07
0,0,0,7.56449e+08,0,3.20513e+07,-916973,916973,1.34689e+07
0,0,0,7.56449e+08,0,3.20562e+07,-916973,916973,1.34689e+07
0,0,0,7.56449e+08,0,3.20612e+07,-916973,916973,1.34689e+07
0,0,0,7.56449e+08,0,2.79386e+07,-916973,916973,1.34689e+07
0,0,0,7.56449e+08,0,2.79429e+07,-916973,916973,1.34689e+07
0,0,0,7.56449e+08,0,2.79472e+07,-916973,916973,1.34689e+07
0,0,0,7.56449e+08,0,2.79515e+07,-916973,916973,1.34689e+07
0,0,0,7.56449e+08,0,2.79557e+07,-916973,916973,1.34689e+07
0,0,0,7.56449e+08,0,2.89829e+07,-916973,916973,1.34689e+07
0,0,0,7.56449e+08,0,2.89873e+07,-916973,916973,1.34689e+07
0,0,0,7.56449e+08,0,2.89918e+07,-916973,916973,1.34689e+07
0,0,0,7.56449e+08,0,2.89962e+07,-916973,916973,1.34689e+07
0,0,0,7.56449e+08,0,2.8602e+07,-916973,916973,1.34689e+07
0,0,0,7.56449e+08,0,2.86064e+07,-916973,916973,1.34689e+07
0,0,0,7.56449e+08,0,2.86107e+07,-916973,916973,1.34689e+07
0,0,0,7.56449e+08,0,2.86151e+07,-916973,916973,1.34689e+07
0,0,0,7.56449e+08,0,3.00081e+07,-916973,916973,1.34689e+07
0,0,0,7.56449e+08,0,3.00127e+07,-916973,916973,1.34689e+07
0,0,0,7.56449e+08,0,3.00173e+07,-916973,916973,1.34689e+07
0,0,0,7.56449e+08,0,3.00219e+07,-916973,916973,1.34689e+07
0,0,0,7.56449e+08,0,3.00265e+07,-916973,916973,1.34689e+07
0,0,0,7.56449e+08,0,3.03584e+07,-916973,916973,1.34689e+07
0,0,0,7.56449e+08,0,3.0363e+07,-916973,916973,1.34689e+07
0,0,0,7.56449e+08,0,3.03677e+07,-916973,916973,1.34689e+07
0,0,0,7.56449e+08,0,3.03724e+07,-916973,916973,1.34689e+07
0,0,0,7.56449e+08,0,3.10704e+07,-916973,916973,1.34689e+07
0,0,0,7.56449e+08,0,3.10752e+07,-916973,916973,1.34689e+07
0,0,0,7.56449e+08,0,3.108e+07,-916973,916973,1.34689e+07
0,0,0,7.56449e+08,0,3.10847e+07,-916973,916973,1.34689e+07
0,0,0,7.56449e+08,0,3.33904e+07,-916973,916973,1.34689e+07
0,0,0,7.56449e+08,0,3.33956e+07,-916973,916973,1.34689e+07
0,0,0,7.56449e+08,0,3.34007e+07,-916973,916973,1.34689e+07
0,0,0,7.56449e+08,0,3.34059e+07,-916973,916973,1.34689e+07
0,0,0,7.56449e+08,0,3.3411e+07,-916973,916973,1.34689e+07
0,0,0,7.56449e+08,0,3.21232e+07,-916973,916973,1.34689e+07
0,0,0,7.56449e+08,0,3.21281e+07,-916973,916973,1.34689e+07
0,0,0,7.56449e+08,0,3.21331e+07,-916973,916973,1.34689e+07
0,0,0,7.56449e+08,0,3.2138e+07,-916973,916973,1.34689e+07
0,0,0,7.56449e+08,0,3.10035e+07,-916973,916973,1.34689e+07
0,0,0,7.56449e+08,0,3.10082e+07,-916973,916973,1.34689e+07
0,0,0,7.56449e+08,0,3.1013e+07,-916973,916973,1.34689e+07
0,0,0,7.56449e+08,0,3.10177e+07,-916973,916973,1.34689e+07
0,0,0,7.56449e+08,0,2.83821e+07,-916973,916973,1.34689e+07
0,0,0,7.56449e+08,0,2.83864e+07,-916973,916973,1.34689e+07
0,0,0,7.56449e+08,0,2.83908e+07,-916973,916973,1.34689e+07
0,0,0,7.56449e+08,0,2.83951e+07,-916973,916973,1.34689e+07
0,0,0,7.56449e+08,0,2.83995e+07,-916973,916973,1.34689e+07
0,0,0,7.56449e+08,8.50122e+07,2.92637e+07,-916973,916973,1.34689e+07
0,0,0,7.56449e+08,0,2.9268e+07,-916973,916973,1.34689e+07
0,0,0,7.56449e+08,0,2.92723e+07,-916973,916973,1.34689e+07
0,0,0,7.56449e+08,0,2.92765e+07,-916973,916973,1.34689e+07
0,0,0,7.56449e+08,0,3.23028e+07,-916973,916973,1.34689e+07
0,0,0,7.56449e+08,0,3.23075e+07,-916973,916973,1.34689e+07
0,0,0,7.56449e+08,0,3.23123e+07,-916973,916973,1.34689e+07
0,0,0,7.56449e+08,0,3.2317e+07,-916973,916973,1.34689e+07
0,0,0,7.56449e+08,0,2.81599e+07,-916973,916973,1.34689e+07
0,0,0,7.56449e+08,0,2.8164e+07,-916973,916973,1.34689e+07
0,0,0,7.56449e+08,0,2.81681e+07,-916973,916973,1.34689e+07
0,0,0,7.56449e+08,0,2.81722e+07,-916973,916973,1.34689e+07
0,0,0,7.56449e+08,0,2.81763e+07,-916973,916973,1.34689e+07
0,0,0,7.56449e+08,0,2.92118e+07,-916973,916973,1.34689e+07
0,0,0,7.56449e+08,0,2.92161e+07,-916973,916973,1.34689e+07
0,0,0,7.56449e+08,0,2.92204e+07,-916973,916973,1.34689e+07
0,0,0,7.56449e+08,0,2.92247e+07,-916973,916973,1.34689e+07
0,0,0,7.56449e+08,0,2.8827e+07,-916973,916973,1.34689e+07
0,0,0,7.56449e+08,0,2.88312e+07,-916973,916973,1.34689e+07
0,0,0,7.56449e+08,0,2.88354e+07,-916973,916973,1.34689e+07
0,0,0,7.56449e+08,0,2.88396e+07,-916973,916973,1.34689e+07
0,0,0,7.56449e+08,0,3.02439e+07,-916973,916973,1.34689e+07
0,0,0,7.56449e+08,0,3.02484e+07,-916973,916973,1.34689e+07
0,0,0,7.56449e+08,0,3.02528e+07,-916973,916973,1.34689e+07
0,0,0,7.56449e+08,0,3.02572e+07,-916973,916973,1.34689e+07
0,0,0,7.56449e+08,0,3.02617e+07,-916973,916973,1.34689e+07
0,0,0,7.56449e+08,0,3.0596e+07,-916973,916973,1.34689e+07
0,0,0,7.56449e+08,0,3.06005e+07,-916973,916973,1.34689e+07
0,0,0,7.56449e+08,0,3.0605e+07,-916973,916973,1.34689e+07
0,0,0,7.56449e+08,0,3.06095e+07,-916973,916973,1.34689e+07
0,0,0,7.56449e+08,0,3.1313e+07,-916973,916973,1.34689e+07
0,0,0,7.56449e+08,0,3.13176e+07,-916973,916973,1.34689e+07
0,0,0,7.56449e+08,0,3.13222e+07,-916973,916973,1.34689e+07
0,0,0,7.56449e+08,0,3.13268e+07,-916973,916973,1.34689e+07
0,0,0,7.56449e+08,0,3.36511e+07,-916973,916973,1.34689e+07
0,0,0,7.56449e+08,0,3.36561e+07,-916973,916973,1.34689e+07
0,0,0,7.56449e+08,0,3.3661e+07,-916973,916973,1.34689e+07
0,0,0,7.56449e+08,0,3.3666e+07,-916973,916973,1.34689e+07
0,0,0,7.56449e+08,0,3.36709e+07,-916973,916973,1.34689e+07
0,0,0,7.56449e+08,0,3.23724e+07,-916973,916973,1.34689e+07
0,0,0,7.56449e+08,0,3.23772e+07,-916973,916973,1.34689e+07
0,0,0,7.56449e+08,0,3.23819e+07,-916973,916973,1.34689e+07
0,0,0,7.56449e+08,0,3.23867e+07,-916973,916973,1.34689e+07
0,0,0,7.56449e+08,0,3.12427e+07,-916973,916973,1.34689e+07
0,0,0,7.56449e+08,0,3.12473e+07,-916973,916973,1.34689e+07
0,0,0,7.56449e+08,0,3.12519e+07,-916973,916973,1.34689e+07
0,0,0,7.56449e+08,0,3.12565e+07,-916973,916973,1.34689e+07
0,0,0,7.56449e+08,0,2.85994e+07,-916973,916973,1.34689e+07
0,0,0,7.56449e+08,0,2.86036e+07,-916973,916973,1.34689e+07
0,0,0,7.56449e+08,0,2.86077e+07,-916973,916973,1.34689e+07
0,0,0,7.56449e+08,0,2.86119e+07,-916973,916973,1.34689e+07
0,0,0,7.56449e+08,0,2.86161e+07,-916973,916973,1.34689e+07
0,0,0,7.56449e+08,0,2.94871e+07,-916973,916973,1.34689e+07
0,0,0,7.56449e+08,0,2.94912e+07,-916973,916973,1.34689e+07
0,0,0,7.56449e+08,0,2.94953e+07,-916973,916973,1.34689e+07
0,0,0,7.56449e+08,0,2.94994e+07,-916973,916973,1.34689e+07
0,0,0,7.56449e+08,0,3.25496e+07,-916973,916973,1.34689e+07
0,0,0,7.56449e+08,0,3.25542e+07,-916973,916973,1.34689e+07
0,0,0,7.56449e+08,0,3.25587e+07,-916973,916973,1.34689e+07
0,0,0,7.56449e+08,0,3.25633e+07,-916973,916973,1.34689e+07
0,0,0,7.56449e+08,0,2.83728e+07,-916973,916973,1.34689e+07
0,0,0,7.56449e+08,0,2.83768e+07,-916973,916973,1.34689e+07
0,0,0,7.56449e+08,0,2.83807e+07,-916973,916973,1.34689e+07
0,0,0,7.56449e+08,0,2.83847e+07,-916973,916973,1.34689e+07
0,0,0,7.56449e+08,0,2.83886e+07,-916973,916973,1.34689e+07
0,0,0,7.56449e+08,0,2.94321e+07,-916973,916973,1.34689e+07
0,0,0,7.56449e+08,0,2.94362e+07,-916973,916973,1.34689e+07
0,0,0,7.56449e+08,0,2.94403e+07,-916973,916973,1.34689e+07
0,0,0,7.56449e+08,0,2.94445e+07,-916973,916973,1.34689e+07
0,0,0,7.56449e+08,0,2.90434e+07,-916973,916973,1.34689e+07
0,0,0,7.56449e+08,0,2.90474e+07,-916973,916973,1.34689e+07
0,0,0,7.56449e+08,0,2.90515e+07,-916973,916973,1.34689e+07
0,0,0,7.56449e+08,0,2.90555e+07,-916973,916973,1.34689e+07
0,0,0,7.56449e+08,0,3.04707e+07,-916973,916973,1.34689e+07
0,0,0,7.56449e+08,0,3.0475e+07,-916973,916973,1.34689e+07
0,0,0,7.56449e+08,0,3.04792e+07,-916973,916973,1.34689e+07
0,0,0,7.56449e+08,0,3.04835e+07,-916973,916973,1.34689e+07
0,0,0,7.56449e+08,0,3.04877e+07,-916973,916973,1.34689e+07
0,0,0,7.56449e+08,0,3.08245e+07,-916973,916973,1.34689e+07
0,0,0,7.56449e+08,0,3.08288e+07,-916973,916973,1.34689e+07
0,0,0,7.56449e+08,0,3.08331e+07,-916973,916973,1.34689e+07
0,0,0,7.56449e+08,0,3.08374e+07,-916973,916973,1.34689e+07
0,0,0,7.56449e+08,0,3.15462e+07,-916973,916973,1.34689e+07
0,0,0,7.56449e+08,0,3.15506e+07,-916973,916973,1.34689e+07
0,0,0,7.56449e+08,0,3.15551e+07,-916973,916973,1.34689e+07
0,0,0,7.56449e+08,0,3.15595e+07,-916973,916973,1.34689e+07
0,0,0,7.56449e+08,0,3.39016e+07,-916973,916973,1.34689e+07
0,0,0,7.56449e+08,0,3.39064e+07,-916973,916973,1.34689e+07
0,0,0,7.56449e+08,0,3.39111e+07,-916973,916973,1.34689e+07
0,0,0,7.56449e+08,0,3.39159e+07,-916973,916973,1.34689e+07
0,0,0,7.56449e+08,0,3.39206e+07,-916973,916973,1.34689e+07
0,0,0,7.56449e+08,0,3.26118e+07,-916973,916973,1.34689e+07
0,0,0,7.56449e+08,0,3.26164e+07,-916973,916973,1.34689e+07
0,0,0,7.56449e+08,0,3.2621e+07,-916973,916973,1.34689e+07
0,0,0,7.56449e+08,0,3.26255e+07,-916973,916973,1.34689e+07
0,0,0,7.56449e+08,0,3.14725e+07,-916973,916973,1.34689e+07
0,0,0,7.56449e+08,0,3.14769e+07,-916973,916973,1.34689e+07
0,0,0,7.56449e+08,0,3.14813e+07,-916973,916973,1.34689e+07
0,0,0,7.56449e+08,0,3.14857e+07,-916973,916973,1.34689e+07
0,0,0,7.56449e+08,0,2.8808e+07,-916973,916973,1.34689e+07
0,0,0,7.56449e+08,0,2.8812e+07,-916973,916973,1.34689e+07
0,0,0,7.56449e+08,0,2.8816e+07,-916973,916973,1.34689e+07
0,0,0,7.56449e+08,0,2.88201e+07,-916973,916973,1.34689e+07
0,0,0,7.56449e+08,0,2.88241e+07,-916973,916973,1.34689e+07
0,0,0,7.56449e+08,0,2.97015e+07,-916973,916973,1.34689e+07
0,0,0,7.56449e+08,0,2.97054e+07,-916973,916973,1.34689e+07
0,0,0,7.56449e+08,0,2.97093e+07,-916973,916973,1.34689e+07
0,0,0,7.56449e+08,0,2.97133e+07,-916973,916973,1.34689e+07
0,0,0,7.56449e+08,0,3.27865e+07,-916973,916973,1.34689e+07
0,0,0,7.56449e+08,0,3.27909e+07,-916973,916973,1.34689e+07
0,0,0,7.56449e+08,0,3.27952e+07,-916973,916973,1.34689e+07
0,0,0,7.56449e+08,0,3.27996e+07,-916973,916973,1.34689e+07
0,0,0,7.56449e+08,0,2.85771e+07,-916973,916973,1.34689e+07
0,0,0,7.56449e+08,0,2.85809e+07,-916973,916973,1.34689e+07
0,0,0,7.56449e+08,0,2.85847e+07,-916973,916973,1.34689e+07
0,0,0,7.56449e+08,0,2.85884e+07,-916973,916973,1.34689e+07
0,0,0,7.56449e+08,0,2.85922e+07,-916973,916973,1.34689e+07
0,0,0,7.56449e+08,0,2.96434e+07,-916973,916973,1.34689e+07
0,0,0,7.56449e+08,0,2.96473e+07,-916973,916973,1.34689e+07
0,0,0,7.56449e+08,0,2.96513e+07,-916973,916973,1.34689e+07
0,0,0,7.56449e+08,0,2.96552e+07,-916973,916973,1.34689e+07
0,0,0,7.56449e+08,0,2.92509e+07,-916973,916973,1.34689e+07
0,0,0,7.56449e+08,0,2.92548e+07,-916973,916973,1.34689e+07
0,0,0,7.56449e+08,0,2.92587e+07,-916973,916973,1.34689e+07
0,0,0,7.56449e+08,0,2.92625e+07,-916973,916973,1.34689e+07
0,0,0,7.56449e+08,0,3.06881e+07,-916973,916973,1.34689e+07
0,0,0,7.56449e+08,0,3.06921e+07,-916973,916973,1.34689e+07
0,0,0,7.56449e+08,0,3.06962e+07,-916973,916973,1.34689e+07
0,0,0,7.56449e+08,0,3.07003e+07,-916973,916973,1.34689e+07
0,0,0,7.56449e+08,0,3.07044e+07,-916973,916973,1.34689e+07
0,0,0,7.56449e+08,0,3.10434e+07,-916973,916973,1.34689e+07
0,0,0,7.56449e+08,0,3.10475e+07,-916973,916973,1.34689e+07
0,0,0,7.56449e+08,0,3.10517e+07,-916973,916973,1.34689e+07
0,0,0,7.56449e+08,0,3.10558e+07,-916973,916973,1.34689e+07
0,0,0,7.56449e+08,0,3.17696e+07,-916973,916973,1.34689e+07
0,0,0,7.56449e+08,0,3.17739e+07,-916973,916973,1.34689e+07
0,0,0,7.56449e+08,0,3.17781e+07,-916973,916973,1.34689e+07
0,0,0,7.56449e+08,0,3.17823e+07,-916973,916973,1.34689e+07
0,0,0,7.56449e+08,0,3.41415e+07,-916973,916973,1.34689e+07
0,0,0,7.56449e+08,0,3.41461e+07,-916973,916973,1.34689e+07
0,0,0,7.56449e+08,0,3.41506e+07,-916973,916973,1.34689e+07
0,0,0,7.56449e+08,0,3.41552e+07,-916973,916973,1.34689e+07
0,0,0,7.56449e+08,0,3.41597e+07,-916973,916973,1.34689e+07
0,0,0,7.56449e+08,0,3.2841e+07,-916973,916973,1.34689e+07
0,0,0,7.56449e+08,0,3.28454e+07,-916973,916973,1.34689e+07
0,0,0,7.56449e+08,0,3.28498e+07,-916973,916973,1.34689e+07
0,0,0,7.56449e+08,0,3.28542e+07,-916973,916973,1.34689e+07
0,0,0,7.56449e+08,0,3.16925e+07,-916973,916973,1.34689e+07
0,0,0,7.56449e+08,0,3.16967e+07,-916973,916973,1.34689e+07
0,0,0,7.56449e+08,0,3.17009e+07,-916973,916973,1.34689e+07
0,0,0,7.56449e+08,0,3.17051e+07,-916973,916973,1.34689e+07
0,0,0,7.56449e+08,0,2.90076e+07,-916973,916973,1.34689e+07
0,0,0,7.56449e+08,0,2.90115e+07,-916973,916973,1.34689e+07
0,0,0,7.56449e+08,0,2.90153e+07,-916973,916973,1.34689e+07
0,0,0,7.56449e+08,0,2.90191e+07,-916973,916973,1.34689e+07
0,0,0,7.56449e+08,0,2.9023e+07,-916973,916973,1.34689e+07
0,0,0,7.56449e+08,0,2.99065e+07,-916973,916973,1.34689e+07
0,0,0,7.56449e+08,0,2.99103e+07,-916973,916973,1.34689e+07
0,0,0,7.56449e+08,0,2.99141e+07,-916973,916973,1.34689e+07
0,0,0,7.56449e+08,0,2.99178e+07,-916973,916973,1.34689e+07
0,0,0,7.56449e+08,0,3.3013e+07,-916973,916973,1.34689e+07
0,0,0,7.56449e+08,0,3.30172e+07,-916973,916973,1.34689e+07
0,0,0,7.56449e+08,0,3.30214e+07,-916973,916973,1.34689e+07
0,0,0,7.56449e+08,0,3.30255e+07,-916973,916973,1.34689e+07
0,0,0,7.56449e+08,0,2.87724e+07,-916973,916973,1.34689e+07
0,0,0,7.56449e+08,0,2.8776e+07,-916973,916973,1.34689e+07
0,0,0,7.56449e+08,0,2.87796e+07,-916973,916973,1.34689e+07
0,0,0,7.56449e+08,0,2.87832e+07,-916973,916973,1.34689e+07
0,0,0,7.56449e+08,0,2.87868e+07,-916973,916973,1.34689e+07
0,0,0,7.56449e+08,0,2.98454e+07,-916973,916973,1.34689e+07
0,0,0,7.56449e+08,0,2.98491e+07,-916973,916973,1.34689e+07
0,0,0,7.56449e+08,0,2.98528e+07,-916973,916973,1.34689e+07
0,0,0,7.56449e+08,0,2.98566e+07,-916973,916973,1.34689e+07
0,0,0,7.56449e+08,0,2.94492e+07,-916973,916973,1.34689e+07
0,0,0,7.56449e+08,0,2.94529e+07,-916973,916973,1.34689e+07
0,0,0,7.56449e+08,0,2.94566e+07,-916973,916973,1.34689e+07
0,0,0,7.56449e+08,0,2.94603e+07,-916973,916973,1.34689e+07
0,0,0,7.56449e+08,0,3.08958e+07,-916973,916973,1.34689e+07
0,0,0,7.56449e+08,0,3.08996e+07,-916973,916973,1.34689e+07
0,0,0,7.56449e+08,0,3.09035e+07,-916973,916973,1.34689e+07
0,0,0,7.56449e+08,0,3.09074e+07,-916973,916973,1.34689e+07
0,0,0,7.56449e+08,0,3.09113e+07,-916973,916973,1.34689e+07
0,0,0,7.56449e+08,0,3.12525e+07,-916973,916973,1.34689e+07
0,0,0,7.56449e+08,0,3.12565e+07,-916973,916973,1.34689e+07
0,0,0,7.56449e+08,0,3.12604e+07,-916973,916973,1.34689e+07
0,0,0,7.56449e+08,0,3.12643e+07,-916973,916973,1.34689e+07
0,0,0,7.56449e+08,0,3.1983e+07,-916973,916973,1.34689e+07
0,0,0,7.56449e+08,0,3.1987e+07,-916973,916973,1.34689e+07
0,0,0,7.56449e+08,0,3.1991e+07,-916973,916973,1.34689e+07
0,0,0,7.56449e+08,0,3.19951e+07,-916973,916973,1.34689e+07
0,0,0,7.56449e+08,0,3.43706e+07,-916973,916973,1.34689e+07
0,0,0,7.56449e+08,0,3.43749e+07,-916973,916973,1.34689e+07
0,0,0,7.56449e+08,0,3.43792e+07,-916973,916973,1.34689e+07
0,0,0,7.56449e+08,0,3.43836e+07,-916973,916973,1.34689e+07
0,0,0,7.56449e+08,0,3.43879e+07,-916973,916973,1.34689e+07
0,0,0,7.56449e+08,0,3.30598e+07,-916973,916973,1.34689e+07
0,0,0,7.56449e+08,0,3.3064e+07,-916973,916973,1.34689e+07
0,0,0,7.56449e+08,0,3.30682e+07,-916973,916973,1.34689e+07
0,0,0,7.56449e+08,0,3.30723e+07,-916973,916973,1.34689e+07
0,0,0,7.56449e+08,0,3.19024e+07,-916973,916973,1.34689e+07
0,0,0,7.56449e+08,0,3.19064e+07,-916973,916973,1.34689e+07
0,0,0,7.56449e+08,0,3.19104e+07,-916973,916973,1.34689e+07
0,0,0,7.56449e+08,0,3.19144e+07,-916973,916973,1.34689e+07
0,0,0,7.56449e+08,0,2.91981e+07,-916973,916973,1.34689e+07
0,0,0,7.56449e+08,0,2.92018e+07,-916973,916973,1.34689e+07
0,0,0,7.56449e+08,0,2.92054e+07,-916973,916973,1.34689e+07
0,0,0,7.56449e+08,0,2.92091e+07,-916973,916973,1.34689e+07
0,0,0,7.56449e+08,0,2.92127e+07,-916973,916973,1.34689e+07
0,0,0,7.56449e+08,0,2.92127e+07,-916973,916973,1.34689e+07
0,0,0,7.56449e+08,0,3.01022e+07,-916973,916973,1.34689e+07
0,0,0,7.56449e+08,0,3.01057e+07,-916973,916973,1.34689e+07
0,0,0,7.56449e+08,0,3.01093e+07,-916973,916973,1.34689e+07
0,0,0,7.56449e+08,0,3.01129e+07,-916973,916973,1.34689e+07
0,0,0,7.56449e+08,0,3.32291e+07,-916973,916973,1.34689e+07
0,0,0,7.56449e+08,0,3.3233e+07,-916973,916973,1.34689e+07
0,0,0,7.56449e+08,0,3.3237e+07,-916973,916973,1.34689e+07
0,0,0,7.56449e+08,0,3.3241e+07,-916973,916973,1.34689e+07
0,0,0,7.56449e+08,0,2.89587e+07,-916973,916973,1.34689e+07
0,0,0,7.56449e+08,0,2.89621e+07,-916973,916973,1.34689e+07
0,0,0,7.56449e+08,0,2.89655e+07,-916973,916973,1.34689e+07
0,0,0,7.56449e+08,0,2.89689e+07,-916973,916973,1.34689e+07
0,0,0,7.56449e+08,0,2.89724e+07,-916973,916973,1.34689e+07
0,0,0,7.56449e+08,0,3.00379e+07,-916973,916973,1.34689e+07
0,0,0,7.56449e+08,0,3.00414e+07,-916973,916973,1.34689e+07
0,0,0,7.56449e+08,0,3.0045e+07,-916973,916973,1.34689e+07
0,0,0,7.56449e+08,0,3.00486e+07,-916973,916973,1.34689e+07
0,0,0,7.56449e+08,0,2.96382e+07,-916973,916973,1.34689e+07
0,0,0,7.56449e+08,0,2.96417e+07,-916973,916973,1.34689e+07
0,0,0,7.56449e+08,0,2.96453e+07,-916973,916973,1.34689e+07
0,0,0,7.56449e+08,0,2.96488e+07,-916973,916973,1.34689e+07
0,0,0,7.56449e+08,0,3.10937e+07,-916973,916973,1.34689e+07
0,0,0,7.56449e+08,0,3.10974e+07,-916973,916973,1.34689e+07
0,0,0,7.56449e+08,0,3.11011e+07,-916973,916973,1.34689e+07
0,0,0,7.56449e+08,0,3.11047e+07,-916973,916973,1.34689e+07
0,0,0,7.56449e+08,0,3.11084e+07,-916973,916973,1.34689e+07
0,0,0,7.56449e+08,0,3.14517e+07,-916973,916973,1.34689e+07
0,0,0,7.56449e+08,0,3.14555e+07,-916973,916973,1.34689e+07
0,0,0,7.56449e+08,0,3.14592e+07,-916973,916973,1.34689e+07
0,0,0,7.56449e+08,0,3.1463e+07,-916973,916973,1.34689e+07
0,0,0,7.56449e+08,0,3.21862e+07,-916973,916973,1.34689e+07
0,0,0,7.56449e+08,0,3.219e+07,-916973,916973,1.34689e+07
0,0,0,7.56449e+08,0,3.21938e+07,-916973,916973,1.34689e+07
0,0,0,7.56449e+08,0,3.21977e+07,-916973,916973,1.34689e+07
0,0,0,7.56449e+08,0,3.45887e+07,-916973,916973,1.34689e+07
0,0,0,7.56449e+08,0,3.45928e+07,-916973,916973,1.34689e+07
0,0,0,7.56449e+08,0,3.45969e+07,-916973,916973,1.34689e+07
0,0,0,7.56449e+08,0,3.46011e+07,-916973,916973,1.34689e+07
0,0,0,7.56449e+08,0,3.46052e+07,-916973,916973,1.34689e+07
0,0,0,7.56449e+08,0,3.32681e+07,-916973,916973,1.34689e+07
0,0,0,7.56449e+08,0,3.32721e+07,-916973,916973,1.34689e+07
0,0,0,7.56449e+08,0,3.32761e+07,-916973,916973,1.34689e+07
0,0,0,7.56449e+08,0,3.328e+07,-916973,916973,1.34689e+07
0,0,0,7.56449e+08,0,3.21021e+07,-916973,916973,1.34689e+07
0,0,0,7.56449e+08,0,3.2106e+07,-916973,916973,1.34689e+07
0,0,0,7.56449e+08,0,3.21098e+07,-916973,916973,1.34689e+07
0,0,0,7.56449e+08,0,3.21136e+07,-916973,916973,1.34689e+07
0,0,0,7.56449e+08,0,2.93793e+07,-916973,916973,1.34689e+07
0,0,0,7.56449e+08,0,2.93828e+07,-916973,916973,1.34689e+07
0,0,0,7.56449e+08,0,2.93863e+07,-916973,916973,1.34689e+07
0,0,0,7.56449e+08,0,2.93898e+07,-916973,916973,1.34689e+07
0,0,0,7.56449e+08,0,2.93933e+07,-916973,916973,1.34689e+07
0,0,0,7.56449e+08,0,3.02883e+07,-916973,916973,1.34689e+07
0,0,0,7.56449e+08,0,3.02917e+07,-916973,916973,1.34689e+07
0,0,0,7.56449e+08,0,3.0295e+07,-916973,916973,1.34689e+07
0,0,0,7.56449e+08,0,3.02984e+07,-916973,916973,1.34689e+07
0,0,0,7.56449e+08,0,3.34345e+07,-916973,916973,1.34689e+07
0,0,0,7.56449e+08,0,3.34383e+07,-916973,916973,1.34689e+07
0,0,0,7.56449e+08,0,3.34421e+07,-916973,916973,1.34689e+07
0,0,0,7.56449e+08,0,3.34458e+07,-916973,916973,1.34689e+07
0,0,0,7.56449e+08,0,2.91357e+07,-916973,916973,1.34689e+07
0,0,0,7.56449e+08,0,2.9139e+07,-916973,916973,1.34689e+07
0,0,0,7.56449e+08,0,2.91422e+07,-916973,916973,1.34689e+07
0,0,0,7.56449e+08,0,2.91455e+07,-916973,916973,1.34689e+07
0,0,0,7.56449e+08,0,2.91487e+07,-916973,916973,1.34689e+07
0,0,0,7.56449e+08,0,3.02208e+07,-916973,916973,1.34689e+07
0,0,0,7.56449e+08,0,3.02242e+07,-916973,916973,1.34689e+07
0,0,0,7.56449e+08,0,3.02276e+07,-916973,916973,1.34689e+07
0,0,0,7.56449e+08,0,3.0231e+07,-916973,916973,1.34689e+07
0,0,0,7.56449e+08,0,2.98178e+07,-916973,916973,1.34689e+07
0,0,0,7.56449e+08,0,2.98212e+07,-916973,916973,1.34689e+07
0,0,0,7.56449e+08,0,2.98245e+07,-916973,916973,1.34689e+07
0,0,0,7.56449e+08,0,2.98278e+07,-916973,916973,1.34689e+07
0,0,0,7.56449e+08,0,3.12817e+07,-916973,916973,1.34689e+07
0,0,0,7.56449e+08,0,3.12852e+07,-916973,916973,1.34689e+07
0,0,0,7.56449e+08,0,3.12887e+07,-916973,916973,1.34689e+07
0,0,0,7.56449e+08,0,3.12922e+07,-916973,916973,1.34689e+07
0,0,0,7.56449e+08,0,3.12957e+07,-916973,916973,1.34689e+07
0,0,0,7.56449e+08,0,3.16409e+07,-916973,916973,1.34689e+07
0,0,0,7.56449e+08,0,3.16445e+07,-916973,916973,1.34689e+07
0,0,0,7.56449e+08,0,3.1648e+07,-916973,916973,1.34689e+07
0,0,0,7.56449e+08,0,3.16516e+07,-916973,916973,1.34689e+07
0,0,0,7.56449e+08,0,3.23791e+07,-916973,916973,1.34689e+07
0,0,0,7.56449e+08,0,3.23828e+07,-916973,916973,1.34689e+07
0,0,0,7.56449e+08,0,3.23864e+07,-916973,916973,1.34689e+07
0,0,0,7.56449e+08,0,3.239e+07,-916973,916973,1.34689e+07
0,0,0,7.56449e+08,0,3.47957e+07,-916973,916973,1.34689e+07
0,0,0,7.56449e+08,0,3.47996e+07,-916973,916973,1.34689e+07
0,0,0,7.56449e+08,0,3.48036e+07,-916973,916973,1.34689e+07
0,0,0,7.56449e+08,0,3.48075e+07,-916973,916973,1.34689e+07
0,0,0,7.56449e+08,0,3.48114e+07,-916973,916973,1.34689e+07
0,0,0,7.56449e+08,0,3.34658e+07,-916973,916973,1.34689e+07
0,0,0,7.56449e+08,0,3.34695e+07,-916973,916973,1.34689e+07
0,0,0,7.56449e+08,0,3.34733e+07,-916973,916973,1.34689e+07
0,0,0,7.56449e+08,0,3.34771e+07,-916973,916973,1.34689e+07
0,0,0,7.56449e+08,0,3.22917e+07,-916973,916973,1.34689e+07
0,0,0,7.56449e+08,0,3.22953e+07,-916973,916973,1.34689e+07
0,0,0,7.56449e+08,0,3.22989e+07,-916973,916973,1.34689e+07
0,0,0,7.56449e+08,0,3.23025e+07,-916973,916973,1.34689e+07
0,0,0,7.56449e+08,0,2.90981e+07,-1.37014e+06,1.37014e+06,1.34689e+07
0,0,0,7.56449e+08,0,2.95545e+07,-916973,916973,1.34689e+07
0,0,0,7.56449e+08,0,2.95578e+07,-916973,916973,1.34689e+07
0,0,0,7.56449e+08,0,2.95611e+07,-916973,916973,1.34689e+07
0,0,0,7.56449e+08,0,2.95644e+07,-916973,916973,1.34689e+07
0,0,0,7.56449e+08,0,3.04647e+07,-916973,916973,1.34689e+07
0,0,0,7.56449e+08,0,3.04679e+07,-916973,916973,1.34689e+07
0,0,0,7.56449e+08,0,3.04711e+07,-916973,916973,1.34689e+07
0,0,0,7.56449e+08,0,3.04743e+07,-916973,916973,1.34689e+07
0,0,0,7.56449e+08,0,3.36293e+07,-916973,916973,1.34689e+07
0,0,0,7.56449e+08,0,3.36328e+07,-916973,916973,1.34689e+07
0,0,0,7.56449e+08,0,3.36364e+07,-916973,916973,1.34689e+07
0,0,0,7.56449e+08,0,3.36399e+07,-916973,916973,1.34689e+07
0,0,0,7.56449e+08,0,2.93035e+07,-916973,916973,1.34689e+07
0,0,0,7.56449e+08,0,2.93066e+07,-916973,916973,1.34689e+07
0,0,0,7.56449e+08,0,2.93096e+07,-916973,916973,1.34689e+07
0,0,0,7.56449e+08,0,2.93127e+07,-916973,916973,1.34689e+07
0,0,0,7.56449e+08,0,2.93158e+07,-916973,916973,1.34689e+07
0,0,0,7.56449e+08,0,3.03941e+07,-916973,916973,1.34689e+07
0,0,0,7.56449e+08,0,3.03973e+07,-916973,916973,1.34689e+07
0,0,0,7.56449e+08,0,3.04005e+07,-916973,916973,1.34689e+07
0,0,0,7.56449e+08,0,3.04037e+07,-916973,916973,1.34689e+07
0,0,0,7.56449e+08,0,2.99879e+07,-916973,916973,1.34689e+07
0,0,0,7.56449e+08,0,2.9991e+07,-916973,916973,1.34689e+07
0,0,0,7.56449e+08,0,2.99942e+07,-916973,916973,1.34689e+07
0,0,0,7.56449e+08,0,2.99973e+07,-916973,916973,1.34689e+07
0,0,0,7.56449e+08,0,3.14596e+07,-916973,916973,1.34689e+07
0,0,0,7.56449e+08,0,3.14629e+07,-916973,916973,1.34689e+07
0,0,0,7.56449e+08,0,3.14662e+07,-916973,916973,1.34689e+07
0,0,0,7.56449e+08,0,3.14695e+07,-916973,916973,1.34689e+07
0,0,0,7.56449e+08,0,3.14728e+07,-916973,916973,1.34689e+07
0,0,0,7.56449e+08,0,3.18199e+07,-916973,916973,1.34689e+07
0,0,0,7.56449e+08,0,3.18232e+07,-916973,916973,1.34689e+07
0,0,0,7.56449e+08,0,3.18266e+07,-916973,916973,1.34689e+07
0,0,0,7.56449e+08,0,3.18299e+07,-916973,916973,1.34689e+07
0,0,0,7.56449e+08,0,3.25615e+07,-916973,916973,1.34689e+07
0,0,0,7.56449e+08,0,3.2565e+07,-916973,916973,1.34689e+07
0,0,0,7.56449e+08,0,3.25684e+07,-916973,916973,1.34689e+07
0,0,0,7.56449e+08,0,3.25718e+07,-916973,916973,1.34689e+07
0,0,0,7.56449e+08,0,3.49914e+07,-916973,916973,1.34689e+07
0,0,0,7.56449e+08,0,3.49951e+07,-916973,916973,1.34689e+07
0,0,0,7.56449e+08,0,3.49988e+07,-916973,916973,1.34689e+07
0,0,0,7.56449e+08,0,3.50025e+07,-916973,916973,1.34689e+07
0,0,0,7.56449e+08,0,3.50062e+07,-916973,916973,1.34689e+07
0,0,0,7.56449e+08,0,3.36525e+07,-916973,916973,1.34689e+07
0,0,0,7.56449e+08,0,3.3656e+07,-916973,916973,1.34689e+07
0,0,0,7.56449e+08,0,3.36596e+07,-916973,916973,1.34689e+07
0,0,0,7.56449e+08,0,3.36631e+07,-916973,916973,1.34689e+07
0,0,0,7.56449e+08,0,3.24706e+07,-916973,916973,1.34689e+07
0,0,0,7.56449e+08,0,3.24741e+07,-916973,916973,1.34689e+07
0,0,0,7.56449e+08,0,3.24775e+07,-916973,916973,1.34689e+07
0,0,0,7.56449e+08,0,3.19805e+07,-1.41734e+06,1.41734e+06,1.34689e+07
0,0,0,7.56449e+08,0,2.74346e+07,-3.19587e+06,3.19587e+06,1.52319e+07
0,0,0,7.56449e+08,0,2.74375e+07,-3.19612e+06,3.19612e+06,1.52319e+07
0,0,0,7.56449e+08,0,2.74403e+07,-3.19637e+06,3.19637e+06,1.52319e+07
0,0,0,7.56449e+08,0,2.74432e+07,-3.19662e+06,3.19662e+06,1.52319e+07
0,0,0,7.56449e+08,0,2.7446e+07,-3.19687e+06,3.19687e+06,1.52319e+07
0,0,0,7.56449e+08,0,2.82783e+07,-3.2698e+06,3.2698e+06,1.52319e+07
0,0,0,7.56449e+08,0,2.82811e+07,-3.27004e+06,3.27004e+06,1.52319e+07
0,0,0,7.56449e+08,0,2.82839e+07,-3.27028e+06,3.27028e+06,1.52319e+07
0,0,0,7.56449e+08,0,2.82866e+07,-3.27052e+06,3.27052e+06,1.52319e+07
0,0,0,7.56449e+08,0,3.12038e+07,-3.52613e+06,3.52613e+06,1.52319e+07
0,0,0,7.56449e+08,0,3.12069e+07,-3.5264e+06,3.5264e+06,1.52319e+07
0,0,0,7.56449e+08,0,3.38196e+07,-916973,916973,1.34689e+07
0,0,0,7.56449e+08,0,3.38229e+07,-916973,916973,1.34689e+07
0,0,0,7.56449e+08,0,2.94617e+07,-916973,916973,1.34689e+07
0,0,0,7.56449e+08,0,2.94646e+07,-916973,916973,1.34689e+07
0,0,0,7.56449e+08,0,2.94675e+07,-916973,916973,1.34689e+07
0,0,0,7.56449e+08,0,2.94703e+07,-916973,916973,1.34689e+07
0,0,0,7.56449e+08,0,2.94732e+07,-916973,916973,1.34689e+07
0,0,0,7.56449e+08,0,3.05575e+07,-916973,916973,1.34689e+07
0,0,0,7.56449e+08,0,3.05605e+07,-916973,916973,1.34689e+07
0,0,0,7.56449e+08,0,3.05635e+07,-916973,916973,1.34689e+07
0,0,0,7.56449e+08,0,3.05665e+07,-916973,916973,1.34689e+07
0,0,0,7.56449e+08,0,3.01481e+07,-916973,916973,1.34689e+07
0,0,0,7.56449e+08,0,3.0151e+07,-916973,916973,1.34689e+07
0,0,0,7.56449e+08,0,3.0154e+07,-916973,916973,1.34689e+07
0,0,0,7.56449e+08,0,3.01569e+07,-916973,916973,1.34689e+07
0,0,0,7.56449e+08,0,3.16272e+07,-916973,916973,1.34689e+07
0,0,0,7.56449e+08,0,3.16303e+07,-916973,916973,1.34689e+07
0,0,0,7.56449e+08,0,3.16334e+07,-916973,916973,1.34689e+07
0,0,0,7.56449e+08,0,3.16365e+07,-916973,916973,1.34689e+07
0,0,0,7.56449e+08,0,3.16396e+07,-916973,916973,1.34689e+07
0,0,0,7.56449e+08,0,3.19884e+07,-916973,916973,1.34689e+07
0,0,0,7.56449e+08,0,3.19916e+07,-916973,916973,1.34689e+07
0,0,0,7.56449e+08,0,3.19947e+07,-916973,916973,1.34689e+07
0,0,0,7.56449e+08,0,3.19978e+07,-916973,916973,1.34689e+07
0,0,0,7.56449e+08,0,3.27333e+07,-916973,916973,1.34689e+07
0,0,0,7.56449e+08,0,3.27365e+07,-916973,916973,1.34689e+07
0,0,0,7.56449e+08,0,3.27397e+07,-916973,916973,1.34689e+07
0,0,0,7.56449e+08,0,3.27429e+07,-916973,916973,1.34689e+07
0,0,0,7.56449e+08,0,3.51756e+07,-916973,916973,1.34689e+07
0,0,0,7.56449e+08,0,3.5179e+07,-916973,916973,1.34689e+07
0,0,0,7.56449e+08,0,3.51825e+07,-916973,916973,1.34689e+07
0,0,0,7.56449e+08,0,3.5186e+07,-916973,916973,1.34689e+07
0,0,0,7.56449e+08,0,3.51894e+07,-916973,916973,1.34689e+07
0,0,0,7.56449e+08,0,3.38281e+07,-916973,916973,1.34689e+07
0,0,0,7.56449e+08,0,3.38314e+07,-916973,916973,1.34689e+07
0,0,0,7.56449e+08,0,3.38348e+07,-916973,916973,1.34689e+07
0,0,0,7.56449e+08,0,3.38381e+07,-916973,916973,1.34689e+07
0,0,0,7.56449e+08,0,3.26389e+07,-916973,916973,1.34689e+07
0,0,0,7.56449e+08,0,3.26421e+07,-916973,916973,1.34689e+07
0,0,0,7.56449e+08,0,3.26453e+07,-916973,916973,1.34689e+07
0,0,0,7.56449e+08,0,3.26486e+07,-916973,916973,1.34689e+07
0,0,0,7.56449e+08,0,2.9866e+07,-916973,916973,1.34689e+07
0,0,0,7.56449e+08,0,2.98689e+07,-916973,916973,1.34689e+07
0,0,0,7.56449e+08,0,2.98719e+07,-916973,916973,1.34689e+07
0,0,0,7.56449e+08,0,2.98748e+07,-916973,916973,1.34689e+07
0,0,0,7.56449e+08,0,2.98777e+07,-916973,916973,1.34689e+07
0,0,0,7.56449e+08,0,3.07876e+07,-916973,916973,1.34689e+07
0,0,0,7.56449e+08,0,3.07904e+07,-916973,916973,1.34689e+07
0,0,0,7.56449e+08,0,3.07932e+07,-916973,916973,1.34689e+07
0,0,0,7.56449e+08,0,3.0796e+07,-916973,916973,1.34689e+07
0,0,0,7.56449e+08,0,3.39855e+07,-916973,916973,1.34689e+07
0,0,0,7.56449e+08,0,3.39886e+07,-916973,916973,1.34689e+07
0,0,0,7.56449e+08,0,3.39917e+07,-916973,916973,1.34689e+07
0,0,0,7.56449e+08,0,3.39949e+07,-916973,916973,1.34689e+07
0,0,0,7.56449e+08,0,2.96103e+07,-916973,916973,1.34689e+07
0,0,0,7.56449e+08,0,2.9613e+07,-916973,916973,1.34689e+07
0,0,0,7.56449e+08,0,2.96157e+07,-916973,916973,1.34689e+07
0,0,0,7.56449e+08,0,2.96184e+07,-916973,916973,1.34689e+07
0,0,0,7.56449e+08,0,2.96211e+07,-916973,916973,1.34689e+07
0,0,0,7.56449e+08,0,3.07108e+07,-916973,916973,1.34689e+07
0,0,0,7.56449e+08,0,3.07136e+07,-916973,916973,1.34689e+07
0,0,0,7.56449e+08,0,3.07164e+07,-916973,916973,1.34689e+07
0,0,0,7.56449e+08,0,3.07192e+07,-916973,916973,1.34689e+07
0,0,0,7.56449e+08,0,3.02985e+07,-916973,916973,1.34689e+07
0,0,0,7.56449e+08,0,3.03012e+07,-916973,916973,1.34689e+07
0,0,0,7.56449e+08,0,3.0304e+07,-916973,916973,1.34689e+07
0,0,0,7.56449e+08,0,3.03068e+07,-916973,916973,1.34689e+07
0,0,0,7.56449e+08,0,3.17845e+07,-916973,916973,1.34689e+07
0,0,0,7.56449e+08,0,3.17874e+07,-916973,916973,1.34689e+07
0,0,0,7.56449e+08,0,3.17903e+07,-916973,916973,1.34689e+07
0,0,0,7.56449e+08,0,3.17932e+07,-916973,916973,1.34689e+07
0,0,0,7.56449e+08,0,3.17961e+07,-916973,916973,1.34689e+07
0,0,0,7.56449e+08,0,3.21465e+07,-916973,916973,1.34689e+07
0,0,0,7.56449e+08,0,3.21494e+07,-916973,916973,1.34689e+07
0,0,0,7.56449e+08,0,3.21524e+07,-916973,916973,1.34689e+07
0,0,0,7.56449e+08,0,3.21553e+07,-916973,916973,1.34689e+07
0,0,0,7.56449e+08,0,3.28943e+07,-916973,916973,1.34689e+07
0,0,0,7.56449e+08,0,3.28973e+07,-916973,916973,1.34689e+07
0,0,0,7.56449e+08,0,3.29004e+07,-916973,916973,1.34689e+07
0,0,0,7.56449e+08,0,3.29034e+07,-916973,916973,1.34689e+07
0,0,0,7.56449e+08,0,3.53482e+07,-916973,916973,1.34689e+07
0,0,0,7.56449e+08,0,3.53515e+07,-916973,916973,1.34689e+07
0,0,0,7.56449e+08,0,3.53548e+07,-916973,916973,1.34689e+07
0,0,0,7.56449e+08,0,3.5358e+07,-916973,916973,1.34689e+07
0,0,0,7.56449e+08,0,3.53613e+07,-916973,916973,1.34689e+07
0,0,0,7.56449e+08,0,3.39928e+07,-916973,916973,1.34689e+07
0,0,0,7.56449e+08,0,3.39959e+07,-916973,916973,1.34689e+07
0,0,0,7.56449e+08,0,3.3999e+07,-916973,916973,1.34689e+07
0,0,0,7.56449e+08,0,3.40021e+07,-916973,916973,1.34689e+07
0,0,0,7.56449e+08,0,3.27967e+07,-916973,916973,1.34689e+07
0,0,0,7.56449e+08,0,3.27997e+07,-916973,916973,1.34689e+07
0,0,0,7.56449e+08,0,3.28027e+07,-916973,916973,1.34689e+07
0,0,0,7.56449e+08,0,3.28057e+07,-916973,916973,1.34689e+07
0,0,0,7.56449e+08,0,3.00089e+07,-916973,916973,1.34689e+07
0,0,0,7.56449e+08,0,3.00117e+07,-916973,916973,1.34689e+07
0,0,0,7.56449e+08,0,3.00144e+07,-916973,916973,1.34689e+07
0,0,0,7.56449e+08,0,3.00171e+07,-916973,916973,1.34689e+07
0,0,0,7.56449e+08,0,3.00199e+07,-916973,916973,1.34689e+07
0,0,0,7.56449e+08,0,3.09341e+07,-916973,916973,1.34689e+07
0,0,0,7.56449e+08,0,3.09367e+07,-916973,916973,1.34689e+07
0,0,0,7.56449e+08,0,3.09394e+07,-916973,916973,1.34689e+07
0,0,0,7.56449e+08,0,3.0942e+07,-916973,916973,1.34689e+07
0,0,0,7.56449e+08,0,3.41471e+07,-916973,916973,1.34689e+07
0,0,0,7.56449e+08,0,3.415e+07,-916973,916973,1.34689e+07
0,0,0,7.56449e+08,0,3.41529e+07,-916973,916973,1.34689e+07
0,0,0,7.56449e+08,0,3.41558e+07,-916973,916973,1.34689e+07
0,0,0,7.56449e+08,0,2.97494e+07,-916973,916973,1.34689e+07
0,0,0,7.56449e+08,0,2.97519e+07,-916973,916973,1.34689e+07
0,0,0,7.56449e+08,0,2.97544e+07,-916973,916973,1.34689e+07
0,0,0,7.56449e+08,0,2.97569e+07,-916973,916973,1.34689e+07
0,0,0,7.56449e+08,0,2.97595e+07,-916973,916973,1.34689e+07
0,0,0,7.56449e+08,0,3.08544e+07,-916973,916973,1.34689e+07
0,0,0,7.56449e+08,0,3.0857e+07,-916973,916973,1.34689e+07
0,0,0,7.56449e+08,0,3.08596e+07,-916973,916973,1.34689e+07
0,0,0,7.56449e+08,0,3.08622e+07,-916973,916973,1.34689e+07
0,0,0,7.56449e+08,0,3.04392e+07,-916973,916973,1.34689e+07
0,0,0,7.56449e+08,0,3.04418e+07,-916973,916973,1.34689e+07
0,0,0,7.56449e+08,0,3.04444e+07,-916973,916973,1.34689e+07
0,0,0,7.56449e+08,0,3.0447e+07,-916973,916973,1.34689e+07
0,0,0,7.56449e+08,0,3.19316e+07,-916973,916973,1.34689e+07
0,0,0,7.56449e+08,0,3.19343e+07,-916973,916973,1.34689e+07
0,0,0,7.56449e+08,0,3.19371e+07,-916973,916973,1.34689e+07
0,0,0,7.56449e+08,0,3.19398e+07,-916973,916973,1.34689e+07
0,0,0,7.56449e+08,0,3.19425e+07,-916973,916973,1.34689e+07
0,0,0,7.56449e+08,0,3.22943e+07,-916973,916973,1.34689e+07
0,0,0,7.56449e+08,0,3.22971e+07,-916973,916973,1.34689e+07
0,0,0,7.56449e+08,0,3.22998e+07,-916973,916973,1.34689e+07
0,0,0,7.56449e+08,0,3.23026e+07,-916973,916973,1.34689e+07
0,0,0,7.56449e+08,0,3.30449e+07,-916973,916973,1.34689e+07
0,0,0,7.56449e+08,0,3.30477e+07,-916973,916973,1.34689e+07
0,0,0,7.56449e+08,0,3.30505e+07,-916973,916973,1.34689e+07
0,0,0,7.56449e+08,0,3.30534e+07,-916973,916973,1.34689e+07
0,0,0,7.56449e+08,0,3.55096e+07,-916973,916973,1.34689e+07
0,0,0,7.56449e+08,0,3.55127e+07,-916973,916973,1.34689e+07
0,0,0,7.56449e+08,0,3.55157e+07,-916973,916973,1.34689e+07
0,0,0,7.56449e+08,0,3.55187e+07,-916973,916973,1.34689e+07
0,0,0,7.56449e+08,0,3.55218e+07,-916973,916973,1.34689e+07
0,0,0,7.56449e+08,0,3.41466e+07,-916973,916973,1.34689e+07
0,0,0,7.56449e+08,0,3.41495e+07,-916973,916973,1.34689e+07
0,0,0,7.56449e+08,0,3.41524e+07,-916973,916973,1.34689e+07
0,0,0,7.56449e+08,0,3.41553e+07,-916973,916973,1.34689e+07
0,0,0,7.56449e+08,0,3.2944e+07,-916973,916973,1.34689e+07
0,0,0,7.56449e+08,0,3.29468e+07,-916973,916973,1.34689e+07
0,0,0,7.56449e+08,0,3.29496e+07,-916973,916973,1.34689e+07
0,0,0,7.56449e+08,0,3.29524e+07,-916973,916973,1.34689e+07
0,0,0,7.56449e+08,0,3.01424e+07,-916973,916973,1.34689e+07
0,0,0,7.56449e+08,0,3.01449e+07,-916973,916973,1.34689e+07
0,0,0,7.56449e+08,0,3.01475e+07,-916973,916973,1.34689e+07
0,0,0,7.56449e+08,0,3.015e+07,-916973,916973,1.34689e+07
0,0,0,7.56449e+08,0,3.01526e+07,-916973,916973,1.34689e+07
0,0,0,7.56449e+08,0,3.01526e+07,-916973,916973,1.34689e+07
0,0,0,7.56449e+08,0,3.10709e+07,-916973,916973,1.34689e+07
0,0,0,7.56449e+08,0,3.10733e+07,-916973,916973,1.34689e+07
0,0,0,7.56449e+08,0,3.10758e+07,-916973,916973,1.34689e+07
0,0,0,7.56449e+08,0,3.10782e+07,-916973,916973,1.34689e+07
0,0,0,7.56449e+08,0,3.42979e+07,-916973,916973,1.34689e+07
0,0,0,7.56449e+08,0,3.43006e+07,-916973,916973,1.34689e+07
0,0,0,7.56449e+08,0,3.43033e+07,-916973,916973,1.34689e+07
0,0,0,7.56449e+08,0,3.4306e+07,-916973,916973,1.34689e+07
0,0,0,7.56449e+08,0,2.98791e+07,-916973,916973,1.34689e+07
0,0,0,7.56449e+08,0,2.98815e+07,-916973,916973,1.34689e+07
0,0,0,7.56449e+08,0,2.98838e+07,-916973,916973,1.34689e+07
0,0,0,7.56449e+08,0,2.98861e+07,-916973,916973,1.34689e+07
0,0,0,7.56449e+08,0,2.98885e+07,-916973,916973,1.34689e+07
0,0,0,7.56449e+08,0,3.09882e+07,-916973,916973,1.34689e+07
0,0,0,7.56449e+08,0,3.09906e+07,-916973,916973,1.34689e+07
0,0,0,7.56449e+08,0,3.0993e+07,-916973,916973,1.34689e+07
0,0,0,7.56449e+08,0,3.09955e+07,-916973,916973,1.34689e+07
0,0,0,7.56449e+08,0,3.05703e+07,-916973,916973,1.34689e+07
0,0,0,7.56449e+08,0,3.05727e+07,-916973,916973,1.34689e+07
0,0,0,7.56449e+08,0,3.05751e+07,-916973,916973,1.34689e+07
0,0,0,7.56449e+08,0,3.05775e+07,-916973,916973,1.34689e+07
0,0,0,7.56449e+08,0,3.20687e+07,-916973,916973,1.34689e+07
0,0,0,7.56449e+08,0,3.20712e+07,-916973,916973,1.34689e+07
0,0,0,7.56449e+08,0,3.20737e+07,-916973,916973,1.34689e+07
0,0,0,7.56449e+08,0,3.20763e+07,-916973,916973,1.34689e+07
0,0,0,7.56449e+08,0,3.20788e+07,-916973,916973,1.34689e+07
0,0,0,7.56449e+08,0,3.2432e+07,-916973,916973,1.34689e+07
0,0,0,7.56449e+08,0,3.24346e+07,-916973,916973,1.34689e+07
0,0,0,7.56449e+08,0,3.24371e+07,-916973,916973,1.34689e+07
0,0,0,7.56449e+08,0,3.24397e+07,-916973,916973,1.34689e+07
0,0,0,7.56449e+08,0,3.31851e+07,-916973,916973,1.34689e+07
0,0,0,7.56449e+08,0,3.31877e+07,-916973,916973,1.34689e+07
0,0,0,7.56449e+08,0,3.31903e+07,-916973,916973,1.34689e+07
0,0,0,7.56449e+08,0,3.31929e+07,-916973,916973,1.34689e+07
0,0,0,7.56449e+08,0,3.56598e+07,-916973,916973,1.34689e+07
0,0,0,7.56449e+08,0,3.56626e+07,-916973,916973,1.34689e+07
0,0,0,7.56449e+08,0,3.56654e+07,-916973,916973,1.34689e+07
0,0,0,7.56449e+08,0,3.56683e+07,-916973,916973,1.34689e+07
0,0,0,7.56449e+08,0,3.56711e+07,-916973,916973,1.34689e+07
0,0,0,7.56449e+08,0,3.42897e+07,-916973,916973,1.34689e+07
0,0,0,7.56449e+08,0,3.42924e+07,-916973,916973,1.34689e+07
0,0,0,7.56449e+08,0,3.42951e+07,-916973,916973,1.34689e+07
0,0,0,7.56449e+08,0,3.42978e+07,-916973,916973,1.34689e+07
0,0,0,7.56449e+08,0,3.30809e+07,-916973,916973,1.34689e+07
0,0,0,7.56449e+08,0,3.30835e+07,-916973,916973,1.34689e+07
0,0,0,7.56449e+08,0,3.30861e+07,-916973,916973,1.34689e+07
0,0,0,7.56449e+08,0,3.25786e+07,-1.42714e+06,1.42714e+06,1.34689e+07
0,0,0,7.56449e+08,0,2.79429e+07,-3.24041e+06,3.24041e+06,1.52319e+07
0,0,0,7.56449e+08,0,2.79451e+07,-3.2406e+06,3.2406e+06,1.52319e+07
0,0,0,7.56449e+08,0,2.79473e+07,-3.24079e+06,3.24079e+06,1.52319e+07
0,0,0,7.56449e+08,0,2.79495e+07,-3.24098e+06,3.24098e+06,1.52319e+07
0,0,0,7.56449e+08,0,2.79517e+07,-3.24117e+06,3.24117e+06,1.52319e+07
0,0,0,7.56449e+08,0,2.87994e+07,-3.31545e+06,3.31545e+06,1.52319e+07
0,0,0,7.56449e+08,0,2.88015e+07,-3.31564e+06,3.31564e+06,1.52319e+07
0,0,0,7.56449e+08,0,2.88035e+07,-3.31582e+06,3.31582e+06,1.52319e+07
0,0,0,7.56449e+08,0,2.88056e+07,-3.316e+06,3.316e+06,1.52319e+07
0,0,0,7.56449e+08,0,3.17783e+07,-3.57647e+06,3.57647e+06,1.52319e+07
0,0,0,7.56449e+08,0,3.17806e+07,-3.57668e+06,3.57668e+06,1.52319e+07
0,0,0,7.56449e+08,0,3.44428e+07,-916973,916973,1.34689e+07
0,0,0,7.56449e+08,0,3.44453e+07,-916973,916973,1.34689e+07
0,0,0,7.56449e+08,0,2.99995e+07,-916973,916973,1.34689e+07
0,0,0,7.56449e+08,0,3.00017e+07,-916973,916973,1.34689e+07
0,0,0,7.56449e+08,0,3.00038e+07,-916973,916973,1.34689e+07
0,0,0,7.56449e+08,0,3.0006e+07,-916973,916973,1.34689e+07
0,0,0,7.56449e+08,0,3.00082e+07,-916973,916973,1.34689e+07
0,0,0,7.56449e+08,0,3.11123e+07,-916973,916973,1.34689e+07
0,0,0,7.56449e+08,0,3.11145e+07,-916973,916973,1.34689e+07
0,0,0,7.56449e+08,0,3.11168e+07,-916973,916973,1.34689e+07
0,0,0,7.56449e+08,0,3.1119e+07,-916973,916973,1.34689e+07
0,0,0,7.56449e+08,0,3.06919e+07,-916973,916973,1.34689e+07
0,0,0,7.56449e+08,0,3.06941e+07,-916973,916973,1.34689e+07
0,0,0,7.56449e+08,0,3.06963e+07,-916973,916973,1.34689e+07
0,0,0,7.56449e+08,0,3.06986e+07,-916973,916973,1.34689e+07
0,0,0,7.56449e+08,0,3.21957e+07,-916973,916973,1.34689e+07
0,0,0,7.56449e+08,0,3.2198e+07,-916973,916973,1.34689e+07
0,0,0,7.56449e+08,0,3.22003e+07,-916973,916973,1.34689e+07
0,0,0,7.56449e+08,0,3.22027e+07,-916973,916973,1.34689e+07
0,0,0,7.56449e+08,0,3.2205e+07,-916973,916973,1.34689e+07
0,0,0,7.56449e+08,0,3.25595e+07,-916973,916973,1.34689e+07
0,0,0,7.56449e+08,0,3.25618e+07,-916973,916973,1.34689e+07
0,0,0,7.56449e+08,0,3.25642e+07,-916973,916973,1.34689e+07
0,0,0,7.56449e+08,0,3.25665e+07,-916973,916973,1.34689e+07
0,0,0,7.56449e+08,0,3.33148e+07,-916973,916973,1.34689e+07
0,0,0,7.56449e+08,0,3.33172e+07,-916973,916973,1.34689e+07
0,0,0,7.56449e+08,0,3.33196e+07,-916973,916973,1.34689e+07
0,0,0,7.56449e+08,0,3.3322e+07,-916973,916973,1.34689e+07
0,0,0,7.56449e+08,0,3.57987e+07,-916973,916973,1.34689e+07
0,0,0,7.56449e+08,0,3.58013e+07,-916973,916973,1.34689e+07
0,0,0,7.56449e+08,0,3.58039e+07,-916973,916973,1.34689e+07
0,0,0,7.56449e+08,0,3.58065e+07,-916973,916973,1.34689e+07
0,0,0,7.56449e+08,0,3.58091e+07,-916973,916973,1.34689e+07
0,0,0,7.56449e+08,0,3.44219e+07,-916973,916973,1.34689e+07
0,0,0,7.56449e+08,0,3.44244e+07,-916973,916973,1.34689e+07
0,0,0,7.56449e+08,0,3.44269e+07,-916973,916973,1.34689e+07
0,0,0,7.56449e+08,0,3.44294e+07,-916973,916973,1.34689e+07
0,0,0,7.56449e+08,0,3.32075e+07,-916973,916973,1.34689e+07
0,0,0,7.56449e+08,0,3.32099e+07,-916973,916973,1.34689e+07
0,0,0,7.56449e+08,0,3.32123e+07,-916973,916973,1.34689e+07
0,0,0,7.56449e+08,0,3.32147e+07,-916973,916973,1.34689e+07
0,0,0,7.56449e+08,0,3.03809e+07,-916973,916973,1.34689e+07
0,0,0,7.56449e+08,0,3.03831e+07,-916973,916973,1.34689e+07
0,0,0,7.56449e+08,0,3.03853e+07,-916973,916973,1.34689e+07
0,0,0,7.56449e+08,0,3.03875e+07,-916973,916973,1.34689e+07
0,0,0,7.56449e+08,0,3.03897e+07,-916973,916973,1.34689e+07
0,0,0,7.56449e+08,0,3.13151e+07,-916973,916973,1.34689e+07
0,0,0,7.56449e+08,0,3.13172e+07,-916973,916973,1.34689e+07
0,0,0,7.56449e+08,0,3.13193e+07,-916973,916973,1.34689e+07
0,0,0,7.56449e+08,0,3.13213e+07,-916973,916973,1.34689e+07
0,0,0,7.56449e+08,0,3.4567e+07,-916973,916973,1.34689e+07
0,0,0,7.56449e+08,0,3.45692e+07,-916973,916973,1.34689e+07
0,0,0,7.56449e+08,0,3.45715e+07,-916973,916973,1.34689e+07
0,0,0,7.56449e+08,0,3.45738e+07,-916973,916973,1.34689e+07
0,0,0,7.56449e+08,0,3.01105e+07,-916973,916973,1.34689e+07
0,0,0,7.56449e+08,0,3.01125e+07,-916973,916973,1.34689e+07
0,0,0,7.56449e+08,0,3.01145e+07,-916973,916973,1.34689e+07
0,0,0,7.56449e+08,0,3.01165e+07,-916973,916973,1.34689e+07
0,0,0,7.56449e+08,0,3.01185e+07,-916973,916973,1.34689e+07
0,0,0,7.56449e+08,0,3.12266e+07,-916973,916973,1.34689e+07
0,0,0,7.56449e+08,0,3.12287e+07,-916973,916973,1.34689e+07
0,0,0,7.56449e+08,0,3.12308e+07,-916973,916973,1.34689e+07
0,0,0,7.56449e+08,0,3.12328e+07,-916973,916973,1.34689e+07
0,0,0,7.56449e+08,0,3.08039e+07,-916973,916973,1.34689e+07
0,0,0,7.56449e+08,0,3.08059e+07,-916973,916973,1.34689e+07
0,0,0,7.56449e+08,0,3.0808e+07,-916973,916973,1.34689e+07
0,0,0,7.56449e+08,0,3.081e+07,-916973,916973,1.34689e+07
0,0,0,7.56449e+08,0,3.23126e+07,-916973,916973,1.34689e+07
0,0,0,7.56449e+08,0,3.23148e+07,-916973,916973,1.34689e+07
0,0,0,7.56449e+08,0,3.23169e+07,-916973,916973,1.34689e+07
0,0,0,7.56449e+08,0,3.2319e+07,-916973,916973,1.34689e+07
0,0,0,7.56449e+08,0,3.23212e+07,-916973,916973,1.34689e+07
0,0,0,7.56449e+08,0,3.26768e+07,-916973,916973,1.34689e+07
0,0,0,7.56449e+08,0,3.26789e+07,-916973,916973,1.34689e+07
0,0,0,7.56449e+08,0,3.26811e+07,-916973,916973,1.34689e+07
0,0,0,7.56449e+08,0,3.26833e+07,-916973,916973,1.34689e+07
0,0,0,7.56449e+08,0,3.34341e+07,-916973,916973,1.34689e+07
0,0,0,7.56449e+08,0,3.34363e+07,-916973,916973,1.34689e+07
0,0,0,7.56449e+08,0,3.34385e+07,-916973,916973,1.34689e+07
0,0,0,7.56449e+08,0,3.34407e+07,-916973,916973,1.34689e+07
0,0,0,7.56449e+08,0,3.59264e+07,-916973,916973,1.34689e+07
0,0,0,7.56449e+08,0,3.59288e+07,-916973,916973,1.34689e+07
0,0,0,7.56449e+08,0,3.59312e+07,-916973,916973,1.34689e+07
0,0,0,7.56449e+08,0,3.59336e+07,-916973,916973,1.34689e+07
0,0,0,7.56449e+08,0,3.5936e+07,-916973,916973,1.34689e+07
0,0,0,7.56449e+08,0,3.45434e+07,-916973,916973,1.34689e+07
0,0,0,7.56449e+08,0,3.45457e+07,-916973,916973,1.34689e+07
0,0,0,7.56449e+08,0,3.4548e+07,-916973,916973,1.34689e+07
0,0,0,7.56449e+08,0,3.45503e+07,-916973,916973,1.34689e+07
0,0,0,7.56449e+08,0,3.33237e+07,-916973,916973,1.34689e+07
0,0,0,7.56449e+08,0,3.33259e+07,-916973,916973,1.34689e+07
0,0,0,7.56449e+08,0,3.33281e+07,-916973,916973,1.34689e+07
0,0,0,7.56449e+08,0,3.33303e+07,-916973,916973,1.34689e+07
0,0,0,7.56449e+08,0,3.0486e+07,-916973,916973,1.34689e+07
0,0,0,7.56449e+08,0,3.0488e+07,-916973,916973,1.34689e+07
0,0,0,7.56449e+08,0,3.049e+07,-916973,916973,1.34689e+07
0,0,0,7.56449e+08,0,3.0492e+07,-916973,916973,1.34689e+07
0,0,0,7.56449e+08,0,3.04941e+07,-916973,916973,1.34689e+07
0,0,0,7.56449e+08,0,3.14227e+07,-916973,916973,1.34689e+07
0,0,0,7.56449e+08,0,3.14245e+07,-916973,916973,1.34689e+07
0,0,0,7.56449e+08,0,3.14264e+07,-916973,916973,1.34689e+07
0,0,0,7.56449e+08,0,3.14283e+07,-916973,916973,1.34689e+07
0,0,0,7.56449e+08,0,3.46853e+07,-916973,916973,1.34689e+07
0,0,0,7.56449e+08,0,3.46874e+07,-916973,916973,1.34689e+07
0,0,0,7.56449e+08,0,3.46895e+07,-916973,916973,1.34689e+07
0,0,0,7.56449e+08,0,3.46916e+07,-916973,916973,1.34689e+07
0,0,0,7.56449e+08,0,3.02123e+07,-916973,916973,1.34689e+07
0,0,0,7.56449e+08,0,3.02141e+07,-916973,916973,1.34689e+07
0,0,0,7.56449e+08,0,3.02159e+07,-916973,916973,1.34689e+07
0,0,0,7.56449e+08,0,3.02177e+07,-916973,916973,1.34689e+07
0,0,0,7.56449e+08,0,3.02195e+07,-916973,916973,1.34689e+07
0,0,0,7.56449e+08,0,3.13314e+07,-916973,916973,1.34689e+07
0,0,0,7.56449e+08,0,3.13333e+07,-916973,916973,1.34689e+07
0,0,0,7.56449e+08,0,3.13351e+07,-916973,916973,1.34689e+07
0,0,0,7.56449e+08,0,3.1337e+07,-916973,916973,1.34689e+07
0,0,0,7.56449e+08,0,3.09064e+07,-916973,916973,1.34689e+07
0,0,0,7.56449e+08,0,3.09082e+07,-916973,916973,1.34689e+07
0,0,0,7.56449e+08,0,3.09101e+07,-916973,916973,1.34689e+07
0,0,0,7.56449e+08,0,3.0912e+07,-916973,916973,1.34689e+07
0,0,0,7.56449e+08,0,3.24196e+07,-916973,916973,1.34689e+07
0,0,0,7.56449e+08,0,3.24215e+07,-916973,916973,1.34689e+07
0,0,0,7.56449e+08,0,3.24235e+07,-916973,916973,1.34689e+07
0,0,0,7.56449e+08,0,3.24254e+07,-916973,916973,1.34689e+07
0,0,0,7.56449e+08,0,3.24274e+07,-916973,916973,1.34689e+07
0,0,0,7.56449e+08,0,3.2784e+07,-916973,916973,1.34689e+07
0,0,0,7.56449e+08,0,3.2786e+07,-916973,916973,1.34689e+07
0,0,0,7.56449e+08,0,3.27879e+07,-916973,916973,1.34689e+07
0,0,0,7.56449e+08,0,3.27899e+07,-916973,916973,1.34689e+07
0,0,0,7.56449e+08,0,3.35431e+07,-916973,916973,1.34689e+07
0,0,0,7.56449e+08,0,3.35451e+07,-916973,916973,1.34689e+07
0,0,0,7.56449e+08,0,3.35471e+07,-916973,916973,1.34689e+07
0,0,0,7.56449e+08,0,3.35492e+07,-916973,916973,1.34689e+07
0,0,0,7.56449e+08,0,3.6043e+07,-916973,916973,1.34689e+07
0,0,0,7.56449e+08,0,3.60452e+07,-916973,916973,1.34689e+07
0,0,0,7.56449e+08,0,3.60474e+07,-916973,916973,1.34689e+07
0,0,0,7.56449e+08,0,3.60496e+07,-916973,916973,1.34689e+07
0,0,0,7.56449e+08,0,3.60517e+07,-916973,916973,1.34689e+07
0,0,0,7.56449e+08,0,3.46543e+07,-916973,916973,1.34689e+07
0,0,0,7.56449e+08,0,3.46564e+07,-916973,916973,1.34689e+07
0,0,0,7.56449e+08,0,3.46585e+07,-916973,916973,1.34689e+07
0,0,0,7.56449e+08,0,3.46606e+07,-916973,916973,1.34689e+07
0,0,0,7.56449e+08,0,3.34297e+07,-916973,916973,1.34689e+07
0,0,0,7.56449e+08,0,3.34317e+07,-916973,916973,1.34689e+07
0,0,0,7.56449e+08,0,3.34337e+07,-916973,916973,1.34689e+07
0,0,0,7.56449e+08,0,3.34357e+07,-916973,916973,1.34689e+07
0,0,0,7.56449e+08,0,3.05818e+07,-916973,916973,1.34689e+07
0,0,0,7.56449e+08,0,2.82347e+07,-3.26597e+06,3.26597e+06,1.52319e+07
0,0,0,7.56449e+08,0,3.05855e+07,-916973,916973,1.34689e+07
0,0,0,7.56449e+08,0,3.05873e+07,-916973,916973,1.34689e+07
0,0,0,7.56449e+08,0,3.05891e+07,-916973,916973,1.34689e+07
0,0,0,7.56449e+08,0,3.15206e+07,-916973,916973,1.34689e+07
0,0,0,7.56449e+08,0,3.15223e+07,-916973,916973,1.34689e+07
0,0,0,7.56449e+08,0,3.1524e+07,-916973,916973,1.34689e+07
0,0,0,7.56449e+08,0,3.15257e+07,-916973,916973,1.34689e+07
0,0,0,7.56449e+08,0,3.47931e+07,-916973,916973,1.34689e+07
0,0,0,7.56449e+08,0,3.4795e+07,-916973,916973,1.34689e+07
0,0,0,7.56449e+08,0,3.47969e+07,-916973,916973,1.34689e+07
0,0,0,7.56449e+08,0,3.47987e+07,-916973,916973,1.34689e+07
0,0,0,7.56449e+08,0,3.03048e+07,-916973,916973,1.34689e+07
0,0,0,7.56449e+08,0,3.03064e+07,-916973,916973,1.34689e+07
0,0,0,7.56449e+08,0,3.0308e+07,-916973,916973,1.34689e+07
0,0,0,7.56449e+08,0,3.03097e+07,-916973,916973,1.34689e+07
0,0,0,7.56449e+08,0,3.03113e+07,-916973,916973,1.34689e+07
0,0,0,7.56449e+08,0,3.14265e+07,-916973,916973,1.34689e+07
0,0,0,7.56449e+08,0,3.14282e+07,-916973,916973,1.34689e+07
0,0,0,7.56449e+08,0,3.14299e+07,-916973,916973,1.34689e+07
0,0,0,7.56449e+08,0,3.14316e+07,-916973,916973,1.34689e+07
0,0,0,7.56449e+08,0,3.09995e+07,-916973,916973,1.34689e+07
0,0,0,7.56449e+08,0,3.10011e+07,-916973,916973,1.34689e+07
0,0,0,7.56449e+08,0,3.10028e+07,-916973,916973,1.34689e+07
0,0,0,7.56449e+08,0,3.10045e+07,-916973,916973,1.34689e+07
0,0,0,7.56449e+08,0,3.25167e+07,-916973,916973,1.34689e+07
0,0,0,7.56449e+08,0,3.25184e+07,-916973,916973,1.34689e+07
0,0,0,7.56449e+08,0,3.25202e+07,-916973,916973,1.34689e+07
0,0,0,7.56449e+08,0,3.25219e+07,-916973,916973,1.34689e+07
0,0,0,7.56449e+08,0,3.25237e+07,-916973,916973,1.34689e+07
0,0,0,7.56449e+08,0,3.28812e+07,-916973,916973,1.34689e+07
0,0,0,7.56449e+08,0,3.2883e+07,-916973,916973,1.34689e+07
0,0,0,7.56449e+08,0,3.28848e+07,-916973,916973,1.34689e+07
0,0,0,7.56449e+08,0,3.28865e+07,-916973,916973,1.34689e+07
0,0,0,7.56449e+08,0,3.36419e+07,-916973,916973,1.34689e+07
0,0,0,7.56449e+08,0,3.36437e+07,-916973,916973,1.34689e+07
0,0,0,7.56449e+08,0,3.36455e+07,-916973,916973,1.34689e+07
0,0,0,7.56449e+08,0,3.36473e+07,-916973,916973,1.34689e+07
0,0,0,7.56449e+08,0,3.47219e+07,0,0,1.34689e+07
0,0,0,7.56449e+08,0,3.61506e+07,-916973,916973,1.34689e+07
0,0,0,7.56449e+08,0,3.47259e+07,0,0,1.34689e+07
0,0,0,7.56449e+08,0,3.47278e+07,0,0,1.34689e+07
0,0,0,7.56449e+08,0,3.47298e+07,0,0,1.34689e+07
0,0,0,7.56449e+08,0,3.33279e+07,0,0,1.34689e+07
0,0,0,7.56449e+08,0,3.33298e+07,0,0,1.34689e+07
0,0,0,7.56449e+08,0,3.33317e+07,0,0,1.34689e+07
0,0,0,7.56449e+08,0,3.33336e+07,0,0,1.34689e+07
0,0,0,7.56449e+08,0,3.20988e+07,0,0,1.34689e+07
0,0,0,7.56449e+08,0,3.21006e+07,0,0,1.34689e+07
0,0,0,7.56449e+08,0,3.21024e+07,0,0,1.34689e+07
0,0,0,7.56449e+08,0,3.21042e+07,0,0,1.34689e+07
0,0,0,7.56449e+08,0,2.92417e+07,0,0,1.34689e+07
0,0,0,7.56449e+08,0,2.92433e+07,0,0,1.34689e+07
0,0,0,7.56449e+08,0,2.9245e+07,0,0,1.34689e+07
0,0,0,7.56449e+08,0,2.92466e+07,0,0,1.34689e+07
0,0,0,7.56449e+08,0,2.92483e+07,0,0,1.34689e+07
0,0,0,7.56449e+08,0,3.01823e+07,0,0,1.34689e+07
0,0,0,7.56449e+08,0,3.01838e+07,0,0,1.34689e+07
0,0,0,7.56449e+08,0,3.01853e+07,0,0,1.34689e+07
0,0,0,7.56449e+08,0,3.01868e+07,0,0,1.34689e+07
0,0,0,7.56449e+08,0,3.34635e+07,0,0,1.34689e+07
0,0,0,7.56449e+08,0,3.34652e+07,0,0,1.34689e+07
0,0,0,7.56449e+08,0,3.34669e+07,0,0,1.34689e+07
0,0,0,7.56449e+08,0,3.34686e+07,0,0,1.34689e+07
0,0,0,7.56449e+08,0,2.89614e+07,0,0,1.34689e+07
0,0,0,7.56449e+08,0,2.89629e+07,0,0,1.34689e+07
0,0,0,7.56449e+08,0,2.89643e+07,0,0,1.34689e+07
0,0,0,7.56449e+08,0,2.89658e+07,0,0,1.34689e+07
0,0,0,7.56449e+08,0,2.89673e+07,0,0,1.34689e+07
0,0,0,7.56449e+08,0,3.00855e+07,0,0,1.34689e+07
0,0,0,7.56449e+08,0,3.0087e+07,0,0,1.34689e+07
0,0,0,7.56449e+08,0,3.00885e+07,0,0,1.34689e+07
0,0,0,7.56449e+08,0,3.009e+07,0,0,1.34689e+07
0,0,0,7.56449e+08,0,2.96564e+07,0,0,1.34689e+07
0,0,0,7.56449e+08,0,2.96579e+07,0,0,1.34689e+07
0,0,0,7.56449e+08,0,2.96594e+07,0,0,1.34689e+07
0,0,0,7.56449e+08,0,2.96609e+07,0,0,1.34689e+07
0,0,0,7.56449e+08,0,3.11771e+07,0,0,1.34689e+07
0,0,0,7.56449e+08,0,3.11787e+07,0,0,1.34689e+07
0,0,0,7.56449e+08,0,3.11803e+07,0,0,1.34689e+07
0,0,0,7.56449e+08,0,3.11818e+07,0,0,1.34689e+07
0,0,0,7.56449e+08,0,3.11834e+07,0,0,1.34689e+07
0,0,0,7.56449e+08,0,3.15417e+07,0,0,1.34689e+07
0,0,0,7.56449e+08,0,3.15433e+07,0,0,1.34689e+07
0,0,0,7.56449e+08,0,3.15449e+07,0,0,1.34689e+07
0,0,0,7.56449e+08,0,3.15465e+07,0,0,1.34689e+07
0,0,0,7.56449e+08,0,3.23036e+07,0,0,1.34689e+07
0,0,0,7.56449e+08,0,3.23053e+07,0,0,1.34689e+07
0,0,0,7.56449e+08,0,3.23069e+07,0,0,1.34689e+07
0,0,0,7.56449e+08,0,3.23085e+07,0,0,1.34689e+07
0,0,0,7.56449e+08,0,3.48164e+07,0,0,1.34689e+07
0,0,0,7.56449e+08,0,3.48181e+07,0,0,1.34689e+07
0,0,0,7.56449e+08,0,3.48199e+07,0,0,1.34689e+07
0,0,0,7.56449e+08,0,3.48216e+07,0,0,1.34689e+07
0,0,0,7.56449e+08,0,3.48234e+07,0,0,1.34689e+07
0,0,0,7.56449e+08,0,3.34175e+07,0,0,1.34689e+07
0,0,0,7.56449e+08,0,3.34192e+07,0,0,1.34689e+07
0,0,0,7.56449e+08,0,3.34209e+07,0,0,1.34689e+07
0,0,0,7.56449e+08,0,3.34225e+07,0,0,1.34689e+07
0,0,0,7.56449e+08,0,3.21842e+07,0,0,1.34689e+07
0,0,0,7.56449e+08,0,3.21859e+07,0,0,1.34689e+07
0,0,0,7.56449e+08,0,3.21875e+07,0,0,1.34689e+07
0,0,0,7.56449e+08,0,3.21891e+07,0,0,1.34689e+07
0,0,0,7.56449e+08,0,2.93188e+07,0,0,1.34689e+07
0,0,0,7.56449e+08,0,2.93203e+07,0,0,1.34689e+07
0,0,0,7.56449e+08,0,2.93217e+07,0,0,1.34689e+07
0,0,0,7.56449e+08,0,2.93232e+07,0,0,1.34689e+07
0,0,0,7.56449e+08,0,2.93247e+07,0,0,1.34689e+07
0,0,0,7.56449e+08,0,2.93247e+07,0,0,1.34689e+07
0,0,0,7.56449e+08,0,3.02609e+07,0,0,1.34689e+07
0,0,0,7.56449e+08,0,3.02623e+07,0,0,1.34689e+07
0,0,0,7.56449e+08,0,3.02636e+07,0,0,1.34689e+07
0,0,0,7.56449e+08,0,3.02649e+07,0,0,1.34689e+07
0,0,0,7.56449e+08,0,3.35499e+07,0,0,1.34689e+07
0,0,0,7.56449e+08,0,3.35513e+07,0,0,1.34689e+07
0,0,0,7.56449e+08,0,3.35528e+07,0,0,1.34689e+07
0,0,0,7.56449e+08,0,3.35543e+07,0,0,1.34689e+07
0,0,0,7.56449e+08,0,2.90354e+07,0,0,1.34689e+07
0,0,0,7.56449e+08,0,2.90367e+07,0,0,1.34689e+07
0,0,0,7.56449e+08,0,2.9038e+07,0,0,1.34689e+07
0,0,0,7.56449e+08,0,2.90393e+07,0,0,1.34689e+07
0,0,0,7.56449e+08,0,2.90405e+07,0,0,1.34689e+07
0,0,0,7.56449e+08,0,3.01614e+07,0,0,1.34689e+07
0,0,0,7.56449e+08,0,3.01627e+07,0,0,1.34689e+07
0,0,0,7.56449e+08,0,3.01641e+07,0,0,1.34689e+07
0,0,0,7.56449e+08,0,3.01654e+07,0,0,1.34689e+07
0,0,0,7.56449e+08,0,2.97305e+07,0,0,1.34689e+07
0,0,0,7.56449e+08,0,2.97318e+07,0,0,1.34689e+07
0,0,0,7.56449e+08,0,2.97331e+07,0,0,1.34689e+07
0,0,0,7.56449e+08,0,2.97345e+07,0,0,1.34689e+07
0,0,0,7.56449e+08,0,3.12542e+07,0,0,1.34689e+07
0,0,0,7.56449e+08,0,3.12556e+07,0,0,1.34689e+07
0,0,0,7.56449e+08,0,3.1257e+07,0,0,1.34689e+07
0,0,0,7.56449e+08,0,3.12584e+07,0,0,1.34689e+07
0,0,0,7.56449e+08,0,3.12597e+07,0,0,1.34689e+07
0,0,0,7.56449e+08,0,3.16187e+07,0,0,1.34689e+07
0,0,0,7.56449e+08,0,3.16201e+07,0,0,1.34689e+07
0,0,0,7.56449e+08,0,3.16215e+07,0,0,1.34689e+07
0,0,0,7.56449e+08,0,3.16229e+07,0,0,1.34689e+07
0,0,0,7.56449e+08,0,3.23817e+07,0,0,1.34689e+07
0,0,0,7.56449e+08,0,3.23831e+07,0,0,1.34689e+07
0,0,0,7.56449e+08,0,3.23845e+07,0,0,1.34689e+07
0,0,0,7.56449e+08,0,3.2386e+07,0,0,1.34689e+07
0,0,0,7.56449e+08,0,3.48996e+07,0,0,1.34689e+07
0,0,0,7.56449e+08,0,3.49012e+07,0,0,1.34689e+07
0,0,0,7.56449e+08,0,3.49027e+07,0,0,1.34689e+07
0,0,0,7.56449e+08,0,3.49042e+07,0,0,1.34689e+07
0,0,0,7.56449e+08,0,3.49058e+07,0,0,1.34689e+07
0,0,0,7.56449e+08,0,3.34964e+07,0,0,1.34689e+07
0,0,0,7.56449e+08,0,3.34979e+07,0,0,1.34689e+07
0,0,0,7.56449e+08,0,3.34993e+07,0,0,1.34689e+07
0,0,0,7.56449e+08,0,3.35008e+07,0,0,1.34689e+07
0,0,0,7.56449e+08,0,3.22594e+07,0,0,1.34689e+07
0,0,0,7.56449e+08,0,3.22608e+07,0,0,1.34689e+07
0,0,0,7.56449e+08,0,3.22622e+07,0,0,1.34689e+07
0,0,0,7.56449e+08,0,3.22636e+07,0,0,1.34689e+07
0,0,0,7.56449e+08,0,2.93865e+07,0,0,1.34689e+07
0,0,0,7.56449e+08,0,2.93878e+07,0,0,1.34689e+07
0,0,0,7.56449e+08,0,2.93891e+07,0,0,1.34689e+07
0,0,0,7.56449e+08,0,2.93904e+07,0,0,1.34689e+07
0,0,0,7.56449e+08,0,2.93917e+07,0,0,1.34689e+07
0,0,0,7.56449e+08,0,3.03299e+07,0,0,1.34689e+07
0,0,0,7.56449e+08,0,3.0331e+07,0,0,1.34689e+07
0,0,0,7.56449e+08,0,3.03322e+07,0,0,1.34689e+07
0,0,0,7.56449e+08,0,3.03333e+07,0,0,1.34689e+07
0,0,0,7.56449e+08,0,3.36255e+07,0,0,1.34689e+07
0,0,0,7.56449e+08,0,3.36268e+07,0,0,1.34689e+07
0,0,0,7.56449e+08,0,3.3628e+07,0,0,1.34689e+07
0,0,0,7.56449e+08,0,3.36293e+07,0,0,1.34689e+07
0,0,0,7.56449e+08,0,2.91002e+07,0,0,1.34689e+07
0,0,0,7.56449e+08,0,2.91013e+07,0,0,1.34689e+07
0,0,0,7.56449e+08,0,2.91024e+07,0,0,1.34689e+07
0,0,0,7.56449e+08,0,2.91035e+07,0,0,1.34689e+07
0,0,0,7.56449e+08,0,2.91046e+07,0,0,1.34689e+07
0,0,0,7.56449e+08,0,3.02277e+07,0,0,1.34689e+07
0,0,0,7.56449e+08,0,3.02289e+07,0,0,1.34689e+07
0,0,0,7.56449e+08,0,3.023e+07,0,0,1.34689e+07
0,0,0,7.56449e+08,0,3.02311e+07,0,0,1.34689e+07
0,0,0,7.56449e+08,0,2.97952e+07,0,0,1.34689e+07
0,0,0,7.56449e+08,0,2.97963e+07,0,0,1.34689e+07
0,0,0,7.56449e+08,0,2.97974e+07,0,0,1.34689e+07
0,0,0,7.56449e+08,0,2.97985e+07,0,0,1.34689e+07
0,0,0,7.56449e+08,0,3.13214e+07,0,0,1.34689e+07
0,0,0,7.56449e+08,0,3.13226e+07,0,0,1.34689e+07
0,0,0,7.56449e+08,0,3.13238e+07,0,0,1.34689e+07
0,0,0,7.56449e+08,0,3.13249e+07,0,0,1.34689e+07
0,0,0,7.56449e+08,0,3.13261e+07,0,0,1.34689e+07
0,0,0,7.56449e+08,0,3.16857e+07,0,0,1.34689e+07
0,0,0,7.56449e+08,0,3.16869e+07,0,0,1.34689e+07
0,0,0,7.56449e+08,0,3.16881e+07,0,0,1.34689e+07
0,0,0,7.56449e+08,0,3.16893e+07,0,0,1.34689e+07
0,0,0,7.56449e+08,0,3.24495e+07,0,0,1.34689e+07
0,0,0,7.56449e+08,0,3.24507e+07,0,0,1.34689e+07
0,0,0,7.56449e+08,0,3.24519e+07,0,0,1.34689e+07
0,0,0,7.56449e+08,0,3.24532e+07,0,0,1.34689e+07
0,0,0,7.56449e+08,0,3.49718e+07,0,0,1.34689e+07
0,0,0,7.56449e+08,0,3.49731e+07,0,0,1.34689e+07
0,0,0,7.56449e+08,0,3.49745e+07,0,0,1.34689e+07
0,0,0,7.56449e+08,0,3.49758e+07,0,0,1.34689e+07
0,0,0,7.56449e+08,0,3.49771e+07,0,0,1.34689e+07
0,0,0,7.56449e+08,0,3.35646e+07,0,0,1.34689e+07
0,0,0,7.56449e+08,0,3.35659e+07,0,0,1.34689e+07
0,0,0,7.56449e+08,0,3.35672e+07,0,0,1.34689e+07
0,0,0,7.56449e+08,0,3.35684e+07,0,0,1.34689e+07
0,0,0,7.56449e+08,0,3.23243e+07,0,0,1.34689e+07
0,0,0,7.56449e+08,0,3.23255e+07,0,0,1.34689e+07
0,0,0,7.56449e+08,0,3.23268e+07,0,0,1.34689e+07
0,0,0,7.56449e+08,0,3.2328e+07,0,0,1.34689e+07
0,0,0,7.56449e+08,0,2.94449e+07,0,0,1.34689e+07
0,0,0,7.56449e+08,0,2.9446e+07,0,0,1.34689e+07
0,0,0,7.56449e+08,0,2.94472e+07,0,0,1.34689e+07
0,0,0,7.56449e+08,0,2.94483e+07,0,0,1.34689e+07
0,0,0,7.56449e+08,0,2.94494e+07,0,0,1.34689e+07
0,0,0,7.56449e+08,0,3.03892e+07,0,0,1.34689e+07
0,0,0,7.56449e+08,0,3.03902e+07,0,0,1.34689e+07
0,0,0,7.56449e+08,0,3.03911e+07,0,0,1.34689e+07
0,0,0,7.56449e+08,0,3.03921e+07,0,0,1.34689e+07
0,0,0,7.56449e+08,0,3.36905e+07,0,0,1.34689e+07
0,0,0,7.56449e+08,0,3.36915e+07,0,0,1.34689e+07
0,0,0,7.56449e+08,0,3.36926e+07,0,0,1.34689e+07
0,0,0,7.56449e+08,0,3.36937e+07,0,0,1.34689e+07
0,0,0,7.56449e+08,0,2.91557e+07,0,0,1.34689e+07
0,0,0,7.56449e+08,0,2.91566e+07,0,0,1.34689e+07
0,0,0,7.56449e+08,0,2.91575e+07,0,0,1.34689e+07
0,0,0,7.56449e+08,0,2.91584e+07,0,0,1.34689e+07
0,0,0,7.56449e+08,0,2.91594e+07,0,0,1.34689e+07
0,0,0,7.56449e+08,0,3.02844e+07,0,0,1.34689e+07
0,0,0,7.56449e+08,0,3.02854e+07,0,0,1.34689e+07
0,0,0,7.56449e+08,0,3.02864e+07,0,0,1.34689e+07
0,0,0,7.56449e+08,0,3.02873e+07,0,0,1.34689e+07
0,0,0,7.56449e+08,0,2.98503e+07,0,0,1.34689e+07
0,0,0,7.56449e+08,0,2.98513e+07,0,0,1.34689e+07
0,0,0,7.56449e+08,0,2.98522e+07,0,0,1.34689e+07
0,0,0,7.56449e+08,0,2.98532e+07,0,0,1.34689e+07
0,0,0,7.56449e+08,0,3.13786e+07,0,0,1.34689e+07
0,0,0,7.56449e+08,0,3.13796e+07,0,0,1.34689e+07
0,0,0,7.56449e+08,0,3.13806e+07,0,0,1.34689e+07
0,0,0,7.56449e+08,0,3.13816e+07,0,0,1.34689e+07
0,0,0,7.56449e+08,0,3.13826e+07,0,0,1.34689e+07
0,0,0,7.56449e+08,0,3.17426e+07,0,0,1.34689e+07
0,0,0,7.56449e+08,0,3.17436e+07,0,0,1.34689e+07
0,0,0,7.56449e+08,0,3.17446e+07,0,0,1.34689e+07
0,0,0,7.56449e+08,0,3.17456e+07,0,0,1.34689e+07
0,0,0,7.56449e+08,0,3.2507e+07,0,0,1.34689e+07
0,0,0,7.56449e+08,0,3.2508e+07,0,0,1.34689e+07
0,0,0,7.56449e+08,0,3.2509e+07,0,0,1.34689e+07
0,0,0,7.56449e+08,0,3.25101e+07,0,0,1.34689e+07
0,0,0,7.56449e+08,0,3.5033e+07,0,0,1.34689e+07
0,0,0,7.56449e+08,0,3.50341e+07,0,0,1.34689e+07
0,0,0,7.56449e+08,0,3.50352e+07,0,0,1.34689e+07
0,0,0,7.56449e+08,0,3.50363e+07,0,0,1.34689e+07
0,0,0,7.56449e+08,0,3.50374e+07,0,0,1.34689e+07
0,0,0,7.56449e+08,0,3.36223e+07,0,0,1.34689e+07
0,0,0,7.56449e+08,0,3.36233e+07,0,0,1.34689e+07
0,0,0,7.56449e+08,0,3.36244e+07,0,0,1.34689e+07
0,0,0,7.56449e+08,0,3.36254e+07,0,0,1.34689e+07
0,0,0,7.56449e+08,0,3.2379e+07,0,0,1.34689e+07
0,0,0,7.56449e+08,0,3.238e+07,0,0,1.34689e+07
0,0,0,7.56449e+08,0,3.23811e+07,0,0,1.34689e+07
0,0,0,7.56449e+08,0,3.23821e+07,0,0,1.34689e+07
0,0,0,7.56449e+08,0,2.9494e+07,0,0,1.34689e+07
0,0,0,7.56449e+08,0,2.9495e+07,0,0,1.34689e+07
0,0,0,7.56449e+08,0,2.94959e+07,0,0,1.34689e+07
0,0,0,7.56449e+08,0,2.94968e+07,0,0,1.34689e+07
0,0,0,7.56449e+08,0,2.94978e+07,0,0,1.34689e+07
0,0,0,7.56449e+08,0,3.0439e+07,0,0,1.34689e+07
0,0,0,7.56449e+08,0,3.04397e+07,0,0,1.34689e+07
0,0,0,7.56449e+08,0,3.04405e+07,0,0,1.34689e+07
0,0,0,7.56449e+08,0,3.04413e+07,0,0,1.34689e+07
0,0,0,7.56449e+08,0,3.37448e+07,0,0,1.34689e+07
0,0,0,7.56449e+08,0,3.37456e+07,0,0,1.34689e+07
0,0,0,7.56449e+08,0,3.37465e+07,0,0,1.34689e+07
0,0,0,7.56449e+08,0,3.37473e+07,0,0,1.34689e+07
0,0,0,7.56449e+08,0,2.9202e+07,0,0,1.34689e+07
0,0,0,7.56449e+08,0,2.92027e+07,0,0,1.34689e+07
0,0,0,7.56449e+08,0,2.92034e+07,0,0,1.34689e+07
0,0,0,7.56449e+08,0,2.92042e+07,0,0,1.34689e+07
0,0,0,7.56449e+08,0,2.92049e+07,0,0,1.34689e+07
0,0,0,7.56449e+08,0,3.03316e+07,0,0,1.34689e+07
0,0,0,7.56449e+08,0,3.03323e+07,0,0,1.34689e+07
0,0,0,7.56449e+08,0,3.03331e+07,0,0,1.34689e+07
0,0,0,7.56449e+08,0,3.03339e+07,0,0,1.34689e+07
0,0,0,7.56449e+08,0,2.98961e+07,0,0,1.34689e+07
0,0,0,7.56449e+08,0,2.98968e+07,0,0,1.34689e+07
0,0,0,7.56449e+08,0,2.98976e+07,0,0,1.34689e+07
0,0,0,7.56449e+08,0,2.98983e+07,0,0,1.34689e+07
0,0,0,7.56449e+08,0,3.14259e+07,0,0,1.34689e+07
0,0,0,7.56449e+08,0,3.14267e+07,0,0,1.34689e+07
0,0,0,7.56449e+08,0,3.14275e+07,0,0,1.34689e+07
0,0,0,7.56449e+08,0,3.14283e+07,0,0,1.34689e+07
0,0,0,7.56449e+08,0,3.14291e+07,0,0,1.34689e+07
0,0,0,7.56449e+08,0,3.17895e+07,0,0,1.34689e+07
0,0,0,7.56449e+08,0,3.17903e+07,0,0,1.34689e+07
0,0,0,7.56449e+08,0,3.17911e+07,0,0,1.34689e+07
0,0,0,7.56449e+08,0,3.17919e+07,0,0,1.34689e+07
0,0,0,7.56449e+08,0,3.25541e+07,0,0,1.34689e+07
0,0,0,7.56449e+08,0,3.2555e+07,0,0,1.34689e+07
0,0,0,7.56449e+08,0,3.25558e+07,0,0,1.34689e+07
0,0,0,7.56449e+08,0,3.25566e+07,0,0,1.34689e+07
0,0,0,7.56449e+08,0,3.50829e+07,0,0,1.34689e+07
0,0,0,7.56449e+08,0,3.50838e+07,0,0,1.34689e+07
0,0,0,7.56449e+08,0,3.50847e+07,0,0,1.34689e+07
0,0,0,7.56449e+08,0,3.50856e+07,0,0,1.34689e+07
0,0,0,7.56449e+08,0,3.50864e+07,0,0,1.34689e+07
0,0,0,7.56449e+08,0,3.36691e+07,0,0,1.34689e+07
0,0,0,7.56449e+08,0,3.367e+07,0,0,1.34689e+07
0,0,0,7.56449e+08,0,3.36708e+07,0,0,1.34689e+07
0,0,0,7.56449e+08,0,3.36717e+07,0,0,1.34689e+07
0,0,0,7.56449e+08,0,3.24234e+07,0,0,1.34689e+07
0,0,0,7.56449e+08,0,3.24242e+07,0,0,1.34689e+07
0,0,0,7.56449e+08,0,3.2425e+07,0,0,1.34689e+07
0,0,0,7.56449e+08,0,3.24258e+07,0,0,1.34689e+07
0,0,0,7.56449e+08,0,2.95337e+07,0,0,1.34689e+07
0,0,0,7.56449e+08,0,2.95345e+07,0,0,1.34689e+07
0,0,0,7.56449e+08,0,2.95352e+07,0,0,1.34689e+07
0,0,0,7.56449e+08,0,2.9536e+07,0,0,1.34689e+07
0,0,0,7.56449e+08,0,2.95367e+07,0,0,1.34689e+07
0,0,0,7.56449e+08,0,3.0479e+07,0,0,1.34689e+07
0,0,0,7.56449e+08,0,3.04795e+07,0,0,1.34689e+07
0,0,0,7.56449e+08,0,3.04801e+07,0,0,1.34689e+07
0,0,0,7.56449e+08,0,3.04807e+07,0,0,1.34689e+07
0,0,0,7.56449e+08,0,3.37883e+07,0,0,1.34689e+07
0,0,0,7.56449e+08,0,3.37889e+07,0,0,1.34689e+07
0,0,0,7.56449e+08,0,3.37896e+07,0,0,1.34689e+07
0,0,0,7.56449e+08,0,3.37902e+07,0,0,1.34689e+07
0,0,0,7.56449e+08,0,2.92389e+07,0,0,1.34689e+07
0,0,0,7.56449e+08,0,2.92394e+07,0,0,1.34689e+07
0,0,0,7.56449e+08,0,2.924e+07,0,0,1.34689e+07
0,0,0,7.56449e+08,0,2.92405e+07,0,0,1.34689e+07
0,0,0,7.56449e+08,0,2.92411e+07,0,0,1.34689e+07
0,0,0,7.56449e+08,0,3.0369e+07,0,0,1.34689e+07
0,0,0,7.56449e+08,0,3.03695e+07,0,0,1.34689e+07
0,0,0,7.56449e+08,0,3.03701e+07,0,0,1.34689e+07
0,0,0,7.56449e+08,0,3.03707e+07,0,0,1.34689e+07
0,0,0,7.56449e+08,0,2.99322e+07,0,0,1.34689e+07
0,0,0,7.56449e+08,0,2.99327e+07,0,0,1.34689e+07
0,0,0,7.56449e+08,0,2.99333e+07,0,0,1.34689e+07
0,0,0,7.56449e+08,0,2.99339e+07,0,0,1.34689e+07
0,0,0,7.56449e+08,0,3.14631e+07,0,0,1.34689e+07
0,0,0,7.56449e+08,0,3.14637e+07,0,0,1.34689e+07
0,0,0,7.56449e+08,0,3.14643e+07,0,0,1.34689e+07
0,0,0,7.56449e+08,0,3.14649e+07,0,0,1.34689e+07
0,0,0,7.56449e+08,0,3.14655e+07,0,0,1.34689e+07
0,0,0,7.56449e+08,0,3.18261e+07,0,0,1.34689e+07
0,0,0,7.56449e+08,0,3.18267e+07,0,0,1.34689e+07
0,0,0,7.56449e+08,0,3.18273e+07,0,0,1.34689e+07
0,0,0,7.56449e+08,0,3.18279e+07,0,0,1.34689e+07
0,0,0,7.56449e+08,0,3.25908e+07,0,0,1.34689e+07
0,0,0,7.56449e+08,0,3.25915e+07,0,0,1.34689e+07
0,0,0,7.56449e+08,0,3.25921e+07,0,0,1.34689e+07
0,0,0,7.56449e+08,0,3.25927e+07,0,0,1.34689e+07
0,0,0,7.56449e+08,0,3.51216e+07,0,0,1.34689e+07
0,0,0,7.56449e+08,0,3.51222e+07,0,0,1.34689e+07
0,0,0,7.56449e+08,0,3.51229e+07,0,0,1.34689e+07
0,0,0,7.56449e+08,0,3.51236e+07,0,0,1.34689e+07
0,0,0,7.56449e+08,0,3.51242e+07,0,0,1.34689e+07
0,0,0,7.56449e+08,0,3.37052e+07,0,0,1.34689e+07
0,0,0,7.56449e+08,0,3.37059e+07,0,0,1.34689e+07
0,0,0,7.56449e+08,0,3.37065e+07,0,0,1.34689e+07
0,0,0,7.56449e+08,0,3.37071e+07,0,0,1.34689e+07
0,0,0,7.56449e+08,0,3.24573e+07,0,0,1.34689e+07
0,0,0,7.56449e+08,0,3.24579e+07,0,0,1.34689e+07
0,0,0,7.56449e+08,0,3.24585e+07,0,0,1.34689e+07
0,0,0,7.56449e+08,0,3.24592e+07,0,0,1.34689e+07
0,0,0,7.56449e+08,0,2.95639e+07,0,0,1.34689e+07
0,0,0,7.56449e+08,0,2.95644e+07,0,0,1.34689e+07
0,0,0,7.56449e+08,0,2.9565e+07,0,0,1.34689e+07
0,0,0,7.56449e+08,0,2.95656e+07,0,0,1.34689e+07
0,0,0,7.56449e+08,0,2.95661e+07,0,0,1.34689e+07
0,0,0,7.56449e+08,0,3.05091e+07,0,0,1.34689e+07
0,0,0,7.56449e+08,0,3.05095e+07,0,0,1.34689e+07
0,0,0,7.56449e+08,0,3.05099e+07,0,0,1.34689e+07
0,0,0,7.56449e+08,0,3.05103e+07,0,0,1.34689e+07
0,0,0,7.56449e+08,0,3.38209e+07,0,0,1.34689e+07
0,0,0,7.56449e+08,0,3.38213e+07,0,0,1.34689e+07
0,0,0,7.56449e+08,0,3.38218e+07,0,0,1.34689e+07
0,0,0,7.56449e+08,0,3.38222e+07,0,0,1.34689e+07
0,0,0,7.56449e+08,0,2.92664e+07,0,0,1.34689e+07
0,0,0,7.56449e+08,0,2.92668e+07,0,0,1.34689e+07
0,0,0,7.56449e+08,0,2.92671e+07,0,0,1.34689e+07
0,0,0,7.56449e+08,0,2.92675e+07,0,0,1.34689e+07
0,0,0,7.56449e+08,0,2.92679e+07,0,0,1.34689e+07
0,0,0,7.56449e+08,0,3.03966e+07,0,0,1.34689e+07
0,0,0,7.56449e+08,0,3.0397e+07,0,0,1.34689e+07
0,0,0,7.56449e+08,0,3.03974e+07,0,0,1.34689e+07
0,0,0,7.56449e+08,0,3.18244e+07,-916973,916973,1.34689e+07
0,0,0,7.56449e+08,0,3.13853e+07,-916973,916973,1.34689e+07
0,0,0,7.56449e+08,0,3.13857e+07,-916973,916973,1.34689e+07
0,0,0,7.56449e+08,0,3.13861e+07,-916973,916973,1.34689e+07
0,0,0,7.56449e+08,0,3.13865e+07,-916973,916973,1.34689e+07
0,0,0,7.56449e+08,0,3.29168e+07,-916973,916973,1.34689e+07
0,0,0,7.56449e+08,0,3.29172e+07,-916973,916973,1.34689e+07
0,0,0,7.56449e+08,0,3.29177e+07,-916973,916973,1.34689e+07
0,0,0,7.56449e+08,0,3.29181e+07,-916973,916973,1.34689e+07
0,0,0,7.56449e+08,0,3.29185e+07,-916973,916973,1.34689e+07
0,0,0,7.56449e+08,0,3.32792e+07,-916973,916973,1.34689e+07
0,0,0,7.56449e+08,0,3.32796e+07,-916973,916973,1.34689e+07
0,0,0,7.56449e+08,0,3.328e+07,-916973,916973,1.34689e+07
0,0,0,7.56449e+08,0,3.32804e+07,-916973,916973,1.34689e+07
0,0,0,7.56449e+08,0,3.40437e+07,-916973,916973,1.34689e+07
0,0,0,7.56449e+08,0,3.40442e+07,-916973,916973,1.34689e+07
0,0,0,7.56449e+08,0,3.40446e+07,-916973,916973,1.34689e+07
0,0,0,7.56449e+08,0,3.4045e+07,-916973,916973,1.34689e+07
0,0,0,7.56449e+08,0,3.65756e+07,-916973,916973,1.34689e+07
0,0,0,7.56449e+08,0,3.65761e+07,-916973,916973,1.34689e+07
0,0,0,7.56449e+08,0,3.65766e+07,-916973,916973,1.34689e+07
0,0,0,7.56449e+08,0,3.6577e+07,-916973,916973,1.34689e+07
0,0,0,7.56449e+08,0,3.65775e+07,-916973,916973,1.34689e+07
0,0,0,7.56449e+08,0,3.51571e+07,-916973,916973,1.34689e+07
0,0,0,7.56449e+08,0,3.51576e+07,-916973,916973,1.34689e+07
0,0,0,7.56449e+08,0,3.5158e+07,-916973,916973,1.34689e+07
0,0,0,7.56449e+08,0,3.51585e+07,-916973,916973,1.34689e+07
0,0,0,7.56449e+08,0,3.39075e+07,-916973,916973,1.34689e+07
0,0,0,7.56449e+08,0,3.39079e+07,-916973,916973,1.34689e+07
0,0,0,7.56449e+08,0,3.39083e+07,-916973,916973,1.34689e+07
0,0,0,7.56449e+08,0,3.39088e+07,-916973,916973,1.34689e+07
0,0,0,7.56449e+08,0,3.10112e+07,-916973,916973,1.34689e+07
0,0,0,7.56449e+08,0,3.10116e+07,-916973,916973,1.34689e+07
0,0,0,7.56449e+08,0,3.1012e+07,-916973,916973,1.34689e+07
0,0,0,7.56449e+08,0,3.10124e+07,-916973,916973,1.34689e+07
0,0,0,7.56449e+08,0,3.10128e+07,-916973,916973,1.34689e+07
0,0,0,7.56449e+08,0,3.10128e+07,-916973,916973,1.34689e+07
0,0,0,7.56449e+08,0,3.19562e+07,-916973,916973,1.34689e+07
0,0,0,7.56449e+08,0,3.19565e+07,-916973,916973,1.34689e+07
0,0,0,7.56449e+08,0,3.19567e+07,-916973,916973,1.34689e+07
0,0,0,7.56449e+08,0,3.19569e+07,-916973,916973,1.34689e+07
0,0,0,7.56449e+08,0,3.52694e+07,-916973,916973,1.34689e+07
0,0,0,7.56449e+08,0,3.52696e+07,-916973,916973,1.34689e+07
0,0,0,7.56449e+08,0,3.52699e+07,-916973,916973,1.34689e+07
0,0,0,7.56449e+08,0,3.52701e+07,-916973,916973,1.34689e+07
0,0,0,7.56449e+08,0,3.07112e+07,-916973,916973,1.34689e+07
0,0,0,7.56449e+08,0,3.07114e+07,-916973,916973,1.34689e+07
0,0,0,7.56449e+08,0,3.07116e+07,-916973,916973,1.34689e+07
0,0,0,7.56449e+08,0,3.07118e+07,-916973,916973,1.34689e+07
0,0,0,7.56449e+08,0,3.0712e+07,-916973,916973,1.34689e+07
0,0,0,7.56449e+08,0,3.18412e+07,-916973,916973,1.34689e+07
0,0,0,7.56449e+08,0,3.18415e+07,-916973,916973,1.34689e+07
0,0,0,7.56449e+08,0,3.18417e+07,-916973,916973,1.34689e+07
0,0,0,7.56449e+08,0,3.18419e+07,-916973,916973,1.34689e+07
0,0,0,7.56449e+08,0,3.14023e+07,-916973,916973,1.34689e+07
0,0,0,7.56449e+08,0,3.14025e+07,-916973,916973,1.34689e+07
0,0,0,7.56449e+08,0,3.14027e+07,-916973,916973,1.34689e+07
0,0,0,7.56449e+08,0,3.1403e+07,-916973,916973,1.34689e+07
0,0,0,7.56449e+08,0,3.29339e+07,-916973,916973,1.34689e+07
0,0,0,7.56449e+08,0,3.29342e+07,-916973,916973,1.34689e+07
0,0,0,7.56449e+08,0,3.29344e+07,-916973,916973,1.34689e+07
0,0,0,7.56449e+08,0,3.29346e+07,-916973,916973,1.34689e+07
0,0,0,7.56449e+08,0,3.29348e+07,-916973,916973,1.34689e+07
0,0,0,7.56449e+08,0,3.32955e+07,-916973,916973,1.34689e+07
0,0,0,7.56449e+08,0,3.32957e+07,-916973,916973,1.34689e+07
0,0,0,7.56449e+08,0,3.32959e+07,-916973,916973,1.34689e+07
0,0,0,7.56449e+08,0,3.32962e+07,-916973,916973,1.34689e+07
0,0,0,7.56449e+08,0,3.40597e+07,-916973,916973,1.34689e+07
0,0,0,7.56449e+08,0,3.40599e+07,-916973,916973,1.34689e+07
0,0,0,7.56449e+08,0,3.40601e+07,-916973,916973,1.34689e+07
0,0,0,7.56449e+08,0,3.40604e+07,-916973,916973,1.34689e+07
0,0,0,7.56449e+08,0,3.6592e+07,-916973,916973,1.34689e+07
0,0,0,7.56449e+08,0,3.65922e+07,-916973,916973,1.34689e+07
0,0,0,7.56449e+08,0,3.65925e+07,-916973,916973,1.34689e+07
0,0,0,7.56449e+08,0,3.65927e+07,-916973,916973,1.34689e+07
0,0,0,7.56449e+08,0,3.65929e+07,-916973,916973,1.34689e+07
0,0,0,7.56449e+08,0,3.51718e+07,-916973,916973,1.34689e+07
0,0,0,7.56449e+08,0,3.5172e+07,-916973,916973,1.34689e+07
0,0,0,7.56449e+08,0,3.51723e+07,-916973,916973,1.34689e+07
0,0,0,7.56449e+08,0,3.51725e+07,-916973,916973,1.34689e+07
0,0,0,7.56449e+08,0,3.39208e+07,-916973,916973,1.34689e+07
0,0,0,7.56449e+08,0,3.3921e+07,-916973,916973,1.34689e+07
0,0,0,7.56449e+08,0,3.39213e+07,-916973,916973,1.34689e+07
0,0,0,7.56449e+08,0,3.39215e+07,-916973,916973,1.34689e+07
0,0,0,7.56449e+08,0,3.10227e+07,-916973,916973,1.34689e+07
0,0,0,7.56449e+08,0,3.10229e+07,-916973,916973,1.34689e+07
0,0,0,7.56449e+08,0,3.10231e+07,-916973,916973,1.34689e+07
0,0,0,7.56449e+08,0,3.10233e+07,-916973,916973,1.34689e+07
0,0,0,7.56449e+08,0,3.10235e+07,-916973,916973,1.34689e+07
0,0,0,7.56449e+08,0,3.19671e+07,-916973,916973,1.34689e+07
0,0,0,7.56449e+08,0,3.19671e+07,-916973,916973,1.34689e+07
0,0,0,7.56449e+08,0,3.19672e+07,-916973,916973,1.34689e+07
0,0,0,7.56449e+08,0,3.19672e+07,-916973,916973,1.34689e+07
0,0,0,7.56449e+08,0,3.52806e+07,-916973,916973,1.34689e+07
0,0,0,7.56449e+08,0,3.52807e+07,-916973,916973,1.34689e+07
0,0,0,7.56449e+08,0,3.52807e+07,-916973,916973,1.34689e+07
0,0,0,7.56449e+08,0,3.52807e+07,-916973,916973,1.34689e+07
0,0,0,7.56449e+08,0,3.07202e+07,-916973,916973,1.34689e+07
0,0,0,7.56449e+08,0,3.07203e+07,-916973,916973,1.34689e+07
0,0,0,7.56449e+08,0,3.07203e+07,-916973,916973,1.34689e+07
0,0,0,7.56449e+08,0,3.07203e+07,-916973,916973,1.34689e+07
0,0,0,7.56449e+08,0,3.07203e+07,-916973,916973,1.34689e+07
0,0,0,7.56449e+08,0,3.18497e+07,-916973,916973,1.34689e+07
0,0,0,7.56449e+08,0,3.18497e+07,-916973,916973,1.34689e+07
0,0,0,7.56449e+08,0,3.18497e+07,-916973,916973,1.34689e+07
0,0,0,7.56449e+08,0,3.18498e+07,-916973,916973,1.34689e+07
0,0,0,7.56449e+08,0,3.14099e+07,-916973,916973,1.34689e+07
0,0,0,7.56449e+08,0,3.14099e+07,-916973,916973,1.34689e+07
0,0,0,7.56449e+08,0,3.141e+07,-916973,916973,1.34689e+07
0,0,0,7.56449e+08,0,3.141e+07,-916973,916973,1.34689e+07
0,0,0,7.56449e+08,0,3.29412e+07,-916973,916973,1.34689e+07
0,0,0,7.56449e+08,0,3.29412e+07,-916973,916973,1.34689e+07
0,0,0,7.56449e+08,0,3.29412e+07,-916973,916973,1.34689e+07
0,0,0,7.56449e+08,0,3.29413e+07,-916973,916973,1.34689e+07
0,0,0,7.56449e+08,0,3.29413e+07,-916973,916973,1.34689e+07
0,0,0,7.56449e+08,0,3.33018e+07,-916973,916973,1.34689e+07
0,0,0,7.56449e+08,0,3.33019e+07,-916973,916973,1.34689e+07
0,0,0,7.56449e+08,0,3.33019e+07,-916973,916973,1.34689e+07
0,0,0,7.56449e+08,0,3.33019e+07,-916973,916973,1.34689e+07
0,0,0,7.56449e+08,0,3.40654e+07,-916973,916973,1.34689e+07
0,0,0,7.56449e+08,0,3.40654e+07,-916973,916973,1.34689e+07
0,0,0,7.56449e+08,0,3.40655e+07,-916973,916973,1.34689e+07
0,0,0,7.56449e+08,0,3.40655e+07,-916973,916973,1.34689e+07
0,0,0,7.56449e+08,0,3.65973e+07,-916973,916973,1.34689e+07
0,0,0,7.56449e+08,0,3.65973e+07,-916973,916973,1.34689e+07
0,0,0,7.56449e+08,0,3.65973e+07,-916973,916973,1.34689e+07
0,0,0,7.56449e+08,0,3.65974e+07,-916973,916973,1.34689e+07
0,0,0,7.56449e+08,0,3.65974e+07,-916973,916973,1.34689e+07
0,0,0,7.56449e+08,0,3.51759e+07,-916973,916973,1.34689e+07
0,0,0,7.56449e+08,0,3.51759e+07,-916973,916973,1.34689e+07
0,0,0,7.56449e+08,0,3.51759e+07,-916973,916973,1.34689e+07
0,0,0,7.56449e+08,0,3.5176e+07,-916973,916973,1.34689e+07
0,0,0,7.56449e+08,0,3.13059e+07,-3.53508e+06,3.53508e+06,1.52319e+07
0,0,0,7.56449e+08,0,3.13059e+07,-3.53508e+06,3.53508e+06,1.52319e+07
0,0,0,7.56449e+08,0,3.13059e+07,-3.53508e+06,3.53508e+06,1.52319e+07
0,0,0,7.56449e+08,0,3.13059e+07,-3.53508e+06,3.53508e+06,1.52319e+07
0,0,0,7.56449e+08,0,2.86403e+07,-3.30151e+06,3.30151e+06,1.52319e+07
0,0,0,7.56449e+08,0,2.86403e+07,-3.30151e+06,3.30151e+06,1.52319e+07
0,0,0,7.56449e+08,0,3.0548e+07,-1.39388e+06,1.39388e+06,1.34689e+07
0,0,0,7.56449e+08,0,2.86404e+07,-3.30152e+06,3.30152e+06,1.52319e+07
0,0,0,7.56449e+08,0,2.86404e+07,-3.30152e+06,3.30152e+06,1.52319e+07
0,0,0,7.56449e+08,0,2.95079e+07,-3.37753e+06,3.37753e+06,1.52319e+07
0,0,0,7.56449e+08,0,2.95077e+07,-3.37752e+06,3.37752e+06,1.52319e+07
0,0,0,7.56449e+08,0,2.95076e+07,-3.37751e+06,3.37751e+06,1.52319e+07
0,0,0,7.56449e+08,0,2.95074e+07,-3.37749e+06,3.37749e+06,1.52319e+07
0,0,0,7.56449e+08,0,3.25538e+07,-3.64443e+06,3.64443e+06,1.52319e+07
0,0,0,7.56449e+08,0,3.25536e+07,-3.64441e+06,3.64441e+06,1.52319e+07
0,0,0,7.56449e+08,0,3.25535e+07,-3.6444e+06,3.6444e+06,1.52319e+07
0,0,0,7.56449e+08,0,3.25533e+07,-3.64438e+06,3.64438e+06,1.52319e+07
0,0,0,7.56449e+08,0,2.83601e+07,-3.27696e+06,3.27696e+06,1.52319e+07
0,0,0,7.56449e+08,0,2.836e+07,-3.27695e+06,3.27695e+06,1.52319e+07
0,0,0,7.56449e+08,0,2.83598e+07,-3.27694e+06,3.27694e+06,1.52319e+07
0,0,0,7.56449e+08,0,2.83597e+07,-3.27692e+06,3.27692e+06,1.52319e+07
0,0,0,7.56449e+08,0,2.83595e+07,-3.27691e+06,3.27691e+06,1.52319e+07
0,0,0,7.56449e+08,0,2.93977e+07,-3.36788e+06,3.36788e+06,1.52319e+07
0,0,0,7.56449e+08,0,2.93976e+07,-3.36787e+06,3.36787e+06,1.52319e+07
0,0,0,7.56449e+08,0,3.18483e+07,-916973,916973,1.34689e+07
0,0,0,7.56449e+08,0,3.18481e+07,-916973,916973,1.34689e+07
0,0,0,7.56449e+08,0,3.14081e+07,-916973,916973,1.34689e+07
0,0,0,7.56449e+08,0,3.1408e+07,-916973,916973,1.34689e+07
0,0,0,7.56449e+08,0,3.14078e+07,-916973,916973,1.34689e+07
0,0,0,7.56449e+08,0,3.09246e+07,-1.40005e+06,1.40005e+06,1.34689e+07
0,0,0,7.56449e+08,0,3.29385e+07,-916973,916973,1.34689e+07
0,0,0,7.56449e+08,0,3.29384e+07,-916973,916973,1.34689e+07
0,0,0,7.56449e+08,0,3.29382e+07,-916973,916973,1.34689e+07
0,0,0,7.56449e+08,0,3.29381e+07,-916973,916973,1.34689e+07
0,0,0,7.56449e+08,0,3.29379e+07,-916973,916973,1.34689e+07
0,0,0,7.56449e+08,0,3.32982e+07,-916973,916973,1.34689e+07
0,0,0,7.56449e+08,0,3.32981e+07,-916973,916973,1.34689e+07
0,0,0,7.56449e+08,0,3.32979e+07,-916973,916973,1.34689e+07
0,0,0,7.56449e+08,0,3.32977e+07,-916973,916973,1.34689e+07
0,0,0,7.56449e+08,0,3.40609e+07,-916973,916973,1.34689e+07
0,0,0,7.56449e+08,0,3.40607e+07,-916973,916973,1.34689e+07
0,0,0,7.56449e+08,0,3.40606e+07,-916973,916973,1.34689e+07
0,0,0,7.56449e+08,0,3.40604e+07,-916973,916973,1.34689e+07
0,0,0,7.56449e+08,0,3.65916e+07,-916973,916973,1.34689e+07
0,0,0,7.56449e+08,0,3.65914e+07,-916973,916973,1.34689e+07
0,0,0,7.56449e+08,0,3.37582e+07,-3.74996e+06,3.74996e+06,1.52319e+07
0,0,0,7.56449e+08,0,3.37581e+07,-3.74995e+06,3.74995e+06,1.52319e+07
0,0,0,7.56449e+08,0,3.37579e+07,-3.74993e+06,3.74993e+06,1.52319e+07
0,0,0,7.56449e+08,0,3.2451e+07,-3.63541e+06,3.63541e+06,1.52319e+07
0,0,0,7.56449e+08,0,3.24508e+07,-3.6354e+06,3.6354e+06,1.52319e+07
0,0,0,7.56449e+08,0,3.24506e+07,-3.63539e+06,3.63539e+06,1.52319e+07
0,0,0,7.56449e+08,0,3.24505e+07,-3.63537e+06,3.63537e+06,1.52319e+07
0,0,0,7.56449e+08,0,3.12994e+07,-3.53451e+06,3.53451e+06,1.52319e+07
0,0,0,7.56449e+08,0,3.12993e+07,-3.5345e+06,3.5345e+06,1.52319e+07
0,0,0,7.56449e+08,0,3.12991e+07,-3.53449e+06,3.53449e+06,1.52319e+07
0,0,0,7.56449e+08,0,3.1299e+07,-3.53447e+06,3.53447e+06,1.52319e+07
0,0,0,7.56449e+08,0,2.86337e+07,-3.30094e+06,3.30094e+06,1.52319e+07
0,0,0,7.56449e+08,0,2.86336e+07,-3.30093e+06,3.30093e+06,1.52319e+07
0,0,0,7.56449e+08,0,2.86335e+07,-3.30091e+06,3.30091e+06,1.52319e+07
0,0,0,7.56449e+08,0,2.86333e+07,-3.3009e+06,3.3009e+06,1.52319e+07
0,0,0,7.56449e+08,0,2.86332e+07,-3.30089e+06,3.30089e+06,1.52319e+07
0,0,0,7.56449e+08,0,2.95003e+07,-3.37687e+06,3.37687e+06,1.52319e+07
0,0,0,7.56449e+08,0,2.95e+07,-3.37684e+06,3.37684e+06,1.52319e+07
0,0,0,7.56449e+08,0,3.19595e+07,-916973,916973,1.34689e+07
0,0,0,7.56449e+08,0,3.19592e+07,-916973,916973,1.34689e+07
0,0,0,7.56449e+08,0,3.52713e+07,-916973,916973,1.34689e+07
0,0,0,7.56449e+08,0,3.52709e+07,-916973,916973,1.34689e+07
0,0,0,7.56449e+08,0,3.52706e+07,-916973,916973,1.34689e+07
0,0,0,7.56449e+08,0,3.52702e+07,-916973,916973,1.34689e+07
0,0,0,7.56449e+08,0,3.07108e+07,-916973,916973,1.34689e+07
0,0,0,7.56449e+08,0,3.07104e+07,-916973,916973,1.34689e+07
0,0,0,7.56449e+08,0,3.07101e+07,-916973,916973,1.34689e+07
0,0,0,7.56449e+08,0,3.07098e+07,-916973,916973,1.34689e+07
0,0,0,7.56449e+08,0,3.07095e+07,-916973,916973,1.34689e+07
0,0,0,7.56449e+08,0,3.1838e+07,-916973,916973,1.34689e+07
0,0,0,7.56449e+08,0,3.18377e+07,-916973,916973,1.34689e+07
0,0,0,7.56449e+08,0,3.18374e+07,-916973,916973,1.34689e+07
0,0,0,7.56449e+08,0,3.1837e+07,-916973,916973,1.34689e+07
0,0,0,7.56449e+08,0,3.1397e+07,-916973,916973,1.34689e+07
0,0,0,7.56449e+08,0,3.13967e+07,-916973,916973,1.34689e+07
0,0,0,7.56449e+08,0,3.13963e+07,-916973,916973,1.34689e+07
0,0,0,7.56449e+08,0,3.1396e+07,-916973,916973,1.34689e+07
0,0,0,7.56449e+08,0,3.29261e+07,-916973,916973,1.34689e+07
0,0,0,7.56449e+08,0,3.29257e+07,-916973,916973,1.34689e+07
0,0,0,7.56449e+08,0,3.29254e+07,-916973,916973,1.34689e+07
0,0,0,7.56449e+08,0,3.2925e+07,-916973,916973,1.34689e+07
0,0,0,7.56449e+08,0,3.29247e+07,-916973,916973,1.34689e+07
0,0,0,7.56449e+08,0,3.32847e+07,-916973,916973,1.34689e+07
0,0,0,7.56449e+08,0,3.32843e+07,-916973,916973,1.34689e+07
0,0,0,7.56449e+08,0,3.3284e+07,-916973,916973,1.34689e+07
0,0,0,7.56449e+08,0,3.32836e+07,-916973,916973,1.34689e+07
0,0,0,7.56449e+08,0,3.40462e+07,-916973,916973,1.34689e+07
0,0,0,7.56449e+08,0,3.40459e+07,-916973,916973,1.34689e+07
0,0,0,7.56449e+08,0,3.40455e+07,-916973,916973,1.34689e+07
0,0,0,7.56449e+08,0,3.40452e+07,-916973,916973,1.34689e+07
0,0,0,7.56449e+08,0,3.6575e+07,-916973,916973,1.34689e+07
0,0,0,7.56449e+08,0,3.65746e+07,-916973,916973,1.34689e+07
0,0,0,7.56449e+08,0,3.65742e+07,-916973,916973,1.34689e+07
0,0,0,7.56449e+08,0,3.65738e+07,-916973,916973,1.34689e+07
0,0,0,7.56449e+08,0,3.65734e+07,-916973,916973,1.34689e+07
0,0,0,7.56449e+08,0,3.51524e+07,-916973,916973,1.34689e+07
0,0,0,7.56449e+08,0,3.51521e+07,-916973,916973,1.34689e+07
0,0,0,7.56449e+08,0,3.51517e+07,-916973,916973,1.34689e+07
0,0,0,7.56449e+08,0,3.51513e+07,-916973,916973,1.34689e+07
0,0,0,7.56449e+08,0,3.38998e+07,-916973,916973,1.34689e+07
0,0,0,7.56449e+08,0,3.38995e+07,-916973,916973,1.34689e+07
0,0,0,7.56449e+08,0,3.38991e+07,-916973,916973,1.34689e+07
