0st_vol,0capacity,0net_inf,0st_rof,0lt_rof,0rest_demand,0unrest_demand,0unfulf_demand,0wastewater,0treat_capacity,0agg_price,0res_price,0gross_rev,0drought_cost,0cont_contrib,0debt_serv,0infra_npv,1st_vol,1capacity,1net_inf,1st_rof,1lt_rof,1rest_demand,1unrest_demand,1unfulf_demand,1wastewater,1treat_capacity,1agg_price,1res_price,1gross_rev,1drought_cost,1cont_contrib,1debt_serv,1infra_npv
85.1408,85.1408,2.84531,0.07,0,0.935421,2.46977,0,0,4.6872,4.14971e+06,2.70226e+06,3.88172e+06,0,0,0,0,62.338,61.3098,4.94046,0,1,1.90512,1.12031,0.749538,0,1.90512,8.62394e+06,3.61194e+06,1.64296e+07,0,0,0,0
84.7166,85.1408,2.19369,0.07,0,2.05651,2.47055,0,0.175298,4.6872,4.14971e+06,2.70226e+06,8.5339e+06,0,0,0,0,62.338,61.3098,4.32652,0,1,1.53471,1.12066,0,1.4719,1.90512,8.62394e+06,3.61194e+06,1.32352e+07,0,0,0,0
84.4669,85.1408,2.37907,0.07,0,2.05764,2.47133,0,0.385389,4.6872,4.14971e+06,2.70226e+06,8.5386e+06,0,0,0,0,62.338,61.3098,4.21882,0,1,1.53471,1.12101,0,1.18571,1.90512,8.62394e+06,3.61194e+06,1.32352e+07,0,0,0,0
84.6224,85.1408,2.85112,0.06,0,2.05877,2.47211,0,0.385602,4.6872,4.14971e+06,2.70226e+06,8.5433e+06,0,0,0,0,62.338,61.3098,4.18804,0,1,1.53471,1.12137,0,1.18571,1.90512,8.62394e+06,3.61194e+06,1.32352e+07,0,0,0,0
85.1408,85.1408,4.00244,0.06,0,2.30111,2.71409,0,0.385814,4.6872,4.14971e+06,2.70226e+06,9.54892e+06,0,0,0,0,62.338,61.3098,5.98093,0,1,1.6666,1.25361,0,1.18571,1.90512,8.62394e+06,3.61194e+06,1.43726e+07,0,0,0,0
85.1408,85.1408,3.18699,0.05,0,2.43421,2.71495,0,0.431227,4.6872,4.14971e+06,2.70226e+06,1.01012e+07,0,0,0,0,62.338,61.3098,5.77799,0,1,1.53475,1.25401,0,1.28761,1.90512,8.62394e+06,3.61194e+06,1.32356e+07,0,0,0,0
84.0244,85.1408,1.80907,0.05,0,2.43546,2.7158,0,0.456171,4.6872,4.14971e+06,2.70226e+06,1.01064e+07,0,0,0,0,62.338,61.3098,3.68461,0,1,1.53475,1.2544,0,1.18575,1.90512,8.62394e+06,3.61194e+06,1.32356e+07,0,0,0,0
83.5654,85.1408,2.49092,0.05,0,2.43671,2.71666,0,0.456405,4.6872,4.14971e+06,2.70226e+06,1.01116e+07,0,0,0,0,62.338,61.3098,4.92855,0,1,1.53475,1.2548,0,1.18575,1.90512,8.62394e+06,3.61194e+06,1.32356e+07,0,0,0,0
82.9888,85.1408,2.0209,0.05,0,2.0935,2.37306,0,0.45664,4.6872,4.14971e+06,2.70226e+06,8.68742e+06,0,0,0,0,62.338,61.3098,4.00452,0,1,1.35753,1.07797,0,1.18575,1.90512,8.62394e+06,3.61194e+06,1.17072e+07,0,0,0,0
82.7378,85.1408,2.18513,0.04,0,1.91742,2.3738,0,0.392322,4.6872,4.14971e+06,2.70226e+06,7.95675e+06,0,0,0,0,62.338,61.3098,4.39447,0,1,1.53469,1.07831,0,1.04882,1.90512,8.62394e+06,3.61194e+06,1.32351e+07,0,0,0,0
83.3088,85.1408,3.10194,0.04,0,1.91851,2.37455,0,0.359325,4.6872,4.14971e+06,2.70226e+06,7.96127e+06,0,0,0,0,62.338,61.3098,4.44049,0,1,1.53469,1.07865,0,1.1857,1.90512,8.62394e+06,3.61194e+06,1.32351e+07,0,0,0,0
84.3195,85.1408,3.5089,0.04,0,1.9196,2.3753,0,0.359529,4.6872,4.14971e+06,2.70226e+06,7.96579e+06,0,0,0,0,62.338,61.3098,6.27694,0,1,1.53469,1.07899,0,1.1857,1.90512,8.62394e+06,3.61194e+06,1.32351e+07,0,0,0,0
84.4671,85.1408,2.69643,0.04,0,1.92069,2.37605,0,0.359733,4.6872,4.14971e+06,2.70226e+06,7.97031e+06,0,0,0,0,62.338,61.3098,4.26776,0,1,1.53469,1.07933,0,1.1857,1.90512,8.62394e+06,3.61194e+06,1.32351e+07,0,0,0,0
85.0245,85.1408,3.19125,0.05,0,2.00862,2.46364,0,0.359938,4.6872,4.14971e+06,2.70226e+06,8.3352e+06,0,0,0,0,62.338,61.3098,4.99496,0,1,1.57812,1.1231,0,1.1857,1.90512,8.62394e+06,3.61194e+06,1.36096e+07,0,0,0,0
85.1408,85.1408,2.94029,0.06,0,2.05317,2.46442,0,0.376416,4.6872,4.14971e+06,2.70226e+06,8.52004e+06,0,0,0,0,62.338,61.3098,4.99105,0,1,1.53471,1.12345,0,1.21925,1.90512,8.62394e+06,3.61194e+06,1.32352e+07,0,0,0,0
85.1408,85.1408,3.12549,0.06,0,2.0543,2.4652,0,0.384763,4.6872,4.14971e+06,2.70226e+06,8.52473e+06,0,0,0,0,62.338,61.3098,5.56027,0,1,1.53471,1.12381,0,1.18571,1.90512,8.62394e+06,3.61194e+06,1.32352e+07,0,0,0,0
85.1408,85.1408,2.73794,0.07,0,2.05543,2.46598,0,0.384975,4.6872,4.14971e+06,2.70226e+06,8.52943e+06,0,0,0,0,62.338,61.3098,4.68724,0,1,1.53471,1.12416,0,1.18571,1.90512,8.62394e+06,3.61194e+06,1.32352e+07,0,0,0,0
84.7649,85.1408,2.11598,0.07,0,2.02256,2.43275,0,0.385187,4.6872,4.14971e+06,2.70226e+06,8.39304e+06,0,0,0,0,62.338,61.3098,4.19299,0,1,1.51782,1.10763,0,1.18571,1.90512,8.62394e+06,3.61194e+06,1.30896e+07,0,0,0,0
84.366,85.1408,2.0457,0.07,0,2.0068,2.43352,0,0.379028,4.6872,4.14971e+06,2.70226e+06,8.32762e+06,0,0,0,0,62.338,61.3098,3.99614,0,1,1.5347,1.10798,0,1.17267,1.90512,8.62394e+06,3.61194e+06,1.32352e+07,0,0,0,0
83.8004,85.1408,1.82495,0.07,0,2.00791,2.43429,0,0.376074,4.6872,4.14971e+06,2.70226e+06,8.33225e+06,0,0,0,0,62.338,61.3098,3.82498,0,1,1.5347,1.10833,0,1.18571,1.90512,8.62394e+06,3.61194e+06,1.32352e+07,0,0,0,0
83.1508,85.1408,1.71973,0.07,0,2.00903,2.43506,0,0.376283,4.6872,4.14971e+06,2.70226e+06,8.33689e+06,0,0,0,0,62.338,61.3098,3.47088,0,1,1.5347,1.10868,0,1.18571,1.90512,8.62394e+06,3.61194e+06,1.32352e+07,0,0,0,0
82.2766,85.1408,1.57271,0.06,0,2.12569,2.55137,0,0.376492,4.6872,4.14971e+06,2.70226e+06,8.82101e+06,0,0,0,0,62.338,61.3098,3.3653,0,1,1.59466,1.16898,0,1.18571,1.90512,8.62394e+06,3.61194e+06,1.37523e+07,0,0,0,0
81.2405,85.1408,1.4327,0.05,0,2.18681,2.55218,0,0.398355,4.6872,4.14971e+06,2.70226e+06,9.07461e+06,0,0,0,0,62.338,61.3098,3.28757,0,1,1.53472,1.16935,0,1.23204,1.90512,8.62394e+06,3.61194e+06,1.32353e+07,0,0,0,0
80.1314,85.1408,1.34801,0.04,0,2.18798,2.55298,0,0.409808,4.6872,4.14971e+06,2.70226e+06,9.07948e+06,0,0,0,0,62.338,61.3098,3.08436,0,1,1.53472,1.16972,0,1.18573,1.90512,8.62394e+06,3.61194e+06,1.32353e+07,0,0,0,0
78.9665,85.1408,1.24143,0.04,0,2.18915,2.55378,0,0.410028,4.6872,4.14971e+06,2.70226e+06,9.08435e+06,0,0,0,0,62.338,61.3098,2.93586,0,1,1.53472,1.17009,0,1.18573,1.90512,8.62394e+06,3.61194e+06,1.32353e+07,0,0,0,0
77.8083,85.1408,1.23679,0.07,0,2.19033,2.55459,0,0.410248,4.6872,4.14971e+06,2.70226e+06,9.08922e+06,0,0,0,0,62.338,61.3098,2.95609,0,1,1.53472,1.17046,0,1.18573,1.90512,8.62394e+06,3.61194e+06,1.32353e+07,0,0,0,0
77.1115,85.1408,1.66986,0.06,0,2.16861,2.53251,0,0.410467,4.6872,4.14971e+06,2.70226e+06,8.99912e+06,0,0,0,0,62.338,61.3098,2.4448,0,1,1.56773,1.20383,0,1.18573,1.90512,8.62394e+06,3.61194e+06,1.352e+07,0,0,0,0
76.2828,85.1408,1.56147,0.06,0,2.20279,2.53331,0,0.406398,4.6872,4.14971e+06,2.70226e+06,9.14093e+06,0,0,0,0,62.338,61.3098,2.34723,0,1,1.53473,1.20421,0,1.21123,1.90512,8.62394e+06,3.61194e+06,1.32354e+07,0,0,0,0
75.3187,85.1408,1.42091,0.05,0,2.20397,2.5341,0,0.412803,4.6872,4.14971e+06,2.70226e+06,9.14581e+06,0,0,0,0,62.3202,61.3098,2.23462,0,1,1.53473,1.20459,0,1.18573,1.90512,8.62394e+06,3.61194e+06,1.32354e+07,0,0,0,0
74.2438,85.1408,1.29127,0.04,0,2.20514,2.5349,0,0.413023,4.6872,4.14971e+06,2.70226e+06,9.1507e+06,0,0,0,0,62.2514,61.3098,2.05158,0,1,1.53473,1.20497,0,1.18573,1.90512,8.62394e+06,3.61194e+06,1.32354e+07,0,0,0,0
73.3195,85.1408,1.47191,0.05,0,2.2655,2.59488,0,0.413244,4.6872,4.14971e+06,2.70226e+06,9.40116e+06,0,0,0,0,62.0969,61.3098,2.21404,0,1,1.56419,1.23481,0,1.18573,1.90512,8.62394e+06,3.61194e+06,1.34894e+07,0,0,0,0
72.3251,85.1408,1.42474,0.07,0,2.29615,2.5957,0,0.424555,4.6872,4.14971e+06,2.70226e+06,9.52835e+06,0,0,0,0,61.9462,61.3098,2.057,0,1,1.53474,1.23519,0,1.20849,1.90512,8.62394e+06,3.61194e+06,1.32355e+07,0,0,0,0
71.2146,85.1408,1.29063,0.06,0,2.29736,2.59651,0,0.430299,4.6872,4.14971e+06,2.70226e+06,9.53336e+06,0,0,0,0,61.7842,61.3098,2.00887,0,1,1.53474,1.23558,0,1.18574,1.90512,8.62394e+06,3.61194e+06,1.32355e+07,0,0,0,0
69.8919,85.1408,1.06799,0.06,0,2.29856,2.59733,0,0.430525,4.6872,4.14971e+06,2.70226e+06,9.53837e+06,0,0,0,0,61.5551,61.3098,1.97573,0,1,1.53474,1.23597,0,1.18574,1.90512,8.62394e+06,3.61194e+06,1.32355e+07,0,0,0,0
68.456,85.1408,1.09411,0.06,0,2.47329,2.77167,0,0.430751,4.6872,4.14971e+06,2.70226e+06,1.02634e+07,0,0,0,0,60.959,61.3098,1.76008,0,1,1.64119,1.34281,0,1.18574,1.90512,8.62394e+06,3.61194e+06,1.41535e+07,0,0,0,0
67.2034,85.1408,1.36057,0.06,0,2.581,2.77254,0,0.463495,4.6872,4.14971e+06,2.70226e+06,1.07104e+07,0,0,0,0,60.5973,61.3098,1.5049,0,1,1.53477,1.34323,0,1.26798,1.90512,8.62394e+06,3.61194e+06,1.32358e+07,0,0,0,0
66.0444,85.1408,1.46139,0.09,0,2.58229,2.77342,0,0.483679,4.6872,4.14971e+06,2.70226e+06,1.07158e+07,0,0,0,0,59.9744,61.3098,1.85359,0,1,1.53478,1.34365,0,1.18577,1.90512,8.62394e+06,3.61194e+06,1.32358e+07,0,0,0,0
64.6486,85.1408,1.20946,0.09,0,2.58359,2.77429,0,0.483922,4.6872,4.14971e+06,2.70226e+06,1.07211e+07,0,0,0,0,59.5639,61.3098,1.29365,0,1,1.53478,1.34408,0,1.18577,1.90512,8.62394e+06,3.61194e+06,1.32358e+07,0,0,0,0
63.5443,85.1408,1.48807,0.09,0,2.58489,2.77516,0,0.484165,4.6872,4.14971e+06,2.70226e+06,1.07265e+07,0,0,0,0,59.4741,61.3098,2.45025,0,1,1.53478,1.3445,0,1.18577,1.90512,8.62394e+06,3.61194e+06,1.32358e+07,0,0,0,0
62.7685,85.1408,1.75602,0.1,0,2.50148,2.69134,0,0.484408,4.6872,4.14971e+06,2.70226e+06,1.03804e+07,0,0,0,0,59.7088,61.3098,2.53041,0,1,1.47007,1.28021,0,1.18577,1.90512,8.62394e+06,3.61194e+06,1.26777e+07,0,0,0,0
62.8609,85.1408,2.60524,0.1,0,2.43804,2.69218,0,0.468778,4.6872,4.14971e+06,2.70226e+06,1.01172e+07,0,0,0,0,60.0373,61.3098,3.0586,0,1,1.53476,1.28062,0,1.13577,1.90512,8.62394e+06,3.61194e+06,1.32356e+07,0,0,0,0
63.8208,85.1408,3.59666,0.1,0,2.4393,2.69303,0,0.45689,4.6872,4.14971e+06,2.70226e+06,1.01224e+07,0,0,0,0,61.048,61.3098,4.96205,0,1,1.53476,1.28102,0,1.18575,1.90512,8.62394e+06,3.61194e+06,1.32356e+07,0,0,0,0
64.2932,85.1408,3.14807,0.1,0,2.44055,2.69388,0,0.457124,4.6872,4.14971e+06,2.70226e+06,1.01276e+07,0,0,0,0,61.5688,61.3098,3.51343,0,1,1.53476,1.28142,0,1.18575,1.90512,8.62394e+06,3.61194e+06,1.32356e+07,0,0,0,0
64.0417,85.1408,2.33883,0.1,0,2.37219,2.62512,0,0.457358,4.6872,4.14971e+06,2.70226e+06,9.84388e+06,0,0,0,0,61.6669,61.3098,2.42222,0,1,1.47578,1.22285,0,1.18575,1.90512,8.62394e+06,3.61194e+06,1.2727e+07,0,0,0,0
64.1225,85.1408,2.64814,0.11,0,2.31444,2.62594,0,0.444548,4.6872,4.14971e+06,2.70226e+06,9.60425e+06,0,0,0,0,61.8688,61.3098,2.46267,0,1,1.53474,1.22323,0,1.14019,1.90512,8.62394e+06,3.61194e+06,1.32355e+07,0,0,0,0
65.0191,85.1408,3.5122,0.11,0,2.31565,2.62677,0,0.433726,4.6872,4.14971e+06,2.70226e+06,9.60927e+06,0,0,0,0,62.0463,61.3098,2.67546,0,1,1.53474,1.22362,0,1.18574,1.90512,8.62394e+06,3.61194e+06,1.32355e+07,0,0,0,0
65.6732,85.1408,3.38653,0.1,0,2.31686,2.62759,0,0.433953,4.6872,4.14971e+06,2.70226e+06,9.6143e+06,0,0,0,0,62.338,61.3098,3.43049,0,1,1.53474,1.224,0,1.18574,1.90512,8.62394e+06,3.61194e+06,1.32355e+07,0,0,0,0
67.4585,85.1408,4.35753,0.1,0,2.12012,2.43047,0,0.43418,4.6872,4.14971e+06,2.70226e+06,8.7979e+06,0,0,0,0,62.338,61.3098,4.23673,0,1,1.41175,1.1014,0,1.18574,1.90512,8.62394e+06,3.61194e+06,1.21749e+07,0,0,0,0
71.9758,85.1408,7.03434,0.1,0,1.99829,2.43124,0,0.397311,4.6872,4.14971e+06,2.70226e+06,8.29231e+06,0,0,0,0,62.338,61.3098,6.67641,0,1,1.5347,1.10175,0,1.09072,1.90512,8.62394e+06,3.61194e+06,1.32351e+07,0,0,0,0
77.0148,85.1408,7.7441,0.06,0,1.9994,2.432,0,0.374479,4.6872,4.14971e+06,2.70226e+06,8.29693e+06,0,0,0,0,62.338,61.3098,6.16535,0,1,1.5347,1.1021,0,1.18571,1.90512,8.62394e+06,3.61194e+06,1.32351e+07,0,0,0,0
80.9278,85.1408,6.82857,0.03,0,2.00051,2.43277,0,0.374688,4.6872,4.14971e+06,2.70226e+06,8.30154e+06,0,0,0,0,62.338,61.3098,5.00461,0,1,1.5347,1.10244,0,1.18571,1.90512,8.62394e+06,3.61194e+06,1.32351e+07,0,0,0,0
85.1408,85.1408,6.95536,0.02,0,2.00162,2.43353,0,0.374896,4.6872,4.14971e+06,2.70226e+06,8.30615e+06,0,0,0,0,62.338,61.3098,5.28721,0,1,1.5347,1.10279,0,1.18571,1.90512,8.62394e+06,3.61194e+06,1.32351e+07,0,0,0,0
85.1408,85.1408,4.97957,0.02,0,2.07898,2.51054,0,0.375104,4.6872,4.14971e+06,2.70226e+06,8.62717e+06,0,0,0,0,62.338,61.3098,4.2105,0,1,1.57036,1.1388,0,1.18571,1.90512,8.62394e+06,3.61194e+06,1.35427e+07,0,0,0,0
85.1408,85.1408,5.40639,0.02,0,2.11576,2.51131,0,0.389601,4.6872,4.14971e+06,2.70226e+06,8.77977e+06,0,0,0,0,62.338,61.3098,4.06899,0,1,1.5347,1.13915,0,1.21326,1.90512,8.62394e+06,3.61194e+06,1.32351e+07,0,0,0,0
85.1408,85.1408,3.38007,0.03,0,2.11687,2.51207,0,0.396493,4.6872,4.14971e+06,2.70226e+06,8.78439e+06,0,0,0,0,62.3055,61.3098,2.52623,0,1,1.5347,1.13949,0,1.18571,1.90512,8.62394e+06,3.61194e+06,1.32351e+07,0,0,0,0
85.1408,85.1408,5.84067,0.04,0,2.11798,2.51284,0,0.396702,4.6872,4.14971e+06,2.70226e+06,8.78901e+06,0,0,0,0,62.338,61.3098,5.37026,0,1,1.5347,1.13984,0,1.18571,1.90512,8.62394e+06,3.61194e+06,1.32352e+07,0,0,0,0
85.1408,85.1408,4.39288,0.04,0,2.36427,2.75878,0,0.39691,4.6872,4.14971e+06,2.70226e+06,9.81102e+06,0,0,0,0,62.338,61.3098,3.65272,0,1,1.66876,1.27425,0,1.18571,1.90512,8.62394e+06,3.61194e+06,1.43913e+07,0,0,0,0
85.1408,85.1408,4.70189,0.04,0,2.49952,2.75962,0,0.443064,4.6872,4.14971e+06,2.70226e+06,1.03723e+07,0,0,0,0,62.338,61.3098,3.3278,0,1,1.53474,1.27464,0,1.28929,1.90512,8.62394e+06,3.61194e+06,1.32355e+07,0,0,0,0
85.1408,85.1408,5.64503,0.04,0,2.50075,2.76046,0,0.46841,4.6872,4.14971e+06,2.70226e+06,1.03774e+07,0,0,0,0,62.338,61.3098,4.52223,0,1,1.53474,1.27503,0,1.18574,1.90512,8.62394e+06,3.61194e+06,1.32355e+07,0,0,0,0
85.1408,85.1408,4.18493,0.04,0,2.50198,2.7613,0,0.46864,4.6872,4.14971e+06,2.70226e+06,1.03825e+07,0,0,0,0,62.338,61.3098,3.53921,0,1,1.53474,1.27542,0,1.18574,1.90512,8.62394e+06,3.61194e+06,1.32355e+07,0,0,0,0
85.1408,85.1408,3.59538,0.04,0,2.15309,2.41202,0,0.468871,4.6872,4.14971e+06,2.70226e+06,8.93469e+06,0,0,0,0,62.338,61.3098,3.07258,0,1,1.35461,1.09567,0,1.18574,1.90512,8.62394e+06,3.61194e+06,1.16821e+07,0,0,0,0
85.1408,85.1408,3.03077,0.04,0,1.97408,2.41276,0,0.403489,4.6872,4.14971e+06,2.70226e+06,8.19185e+06,0,0,0,0,62.315,61.3098,3.74845,0,1,1.53469,1.09601,0,1.04657,1.90512,8.62394e+06,3.61194e+06,1.3235e+07,0,0,0,0
85.1408,85.1408,2.61368,0.04,0,1.97515,2.41349,0,0.369943,4.6872,4.14971e+06,2.70226e+06,8.19629e+06,0,0,0,0,62.338,61.3098,2.30768,0,1,1.53469,1.09634,0,1.1857,1.90512,8.62394e+06,3.61194e+06,1.3235e+07,0,0,0,0
85.1408,85.1408,2.56895,0.04,0,1.97622,2.41423,0,0.370143,4.6872,4.14971e+06,2.70226e+06,8.20073e+06,0,0,0,0,62.338,61.3098,2.71993,0,1,1.53469,1.09668,0,1.1857,1.90512,8.62394e+06,3.61194e+06,1.3235e+07,0,0,0,0
85.1408,85.1408,3.58396,0.04,0,1.97729,2.41496,0,0.370343,4.6872,4.14971e+06,2.70226e+06,8.20517e+06,0,0,0,0,62.1894,61.3098,3.56901,0,1,1.53469,1.09701,0,1.1857,1.90512,8.62394e+06,3.61194e+06,1.3235e+07,0,0,0,0
85.1408,85.1408,3.09552,0.05,0,2.06662,2.50397,0,0.370544,4.6872,4.14971e+06,2.70226e+06,8.57588e+06,0,0,0,0,62.0897,61.3098,2.05201,0,1,1.57882,1.14148,0,1.1857,1.90512,8.62394e+06,3.61194e+06,1.36156e+07,0,0,0,0
85.1408,85.1408,4.30401,0.05,0,2.11185,2.50473,0,0.387285,4.6872,4.14971e+06,2.70226e+06,8.76358e+06,0,0,0,0,62.3052,61.3098,2.91328,0,1,1.5347,1.14183,0,1.2198,1.90512,8.62394e+06,3.61194e+06,1.32352e+07,0,0,0,0
85.1408,85.1408,4.25107,0.06,0,2.11296,2.50549,0,0.395761,4.6872,4.14971e+06,2.70226e+06,8.76819e+06,0,0,0,0,62.1844,61.3098,3.12245,0,1,1.5347,1.14217,0,1.18571,1.90512,8.62394e+06,3.61194e+06,1.32352e+07,0,0,0,0
85.1408,85.1408,3.06799,0.07,0,2.11408,2.50625,0,0.39597,4.6872,4.14971e+06,2.70226e+06,8.7728e+06,0,0,0,0,62.0441,61.3098,1.96489,0,1,1.5347,1.14252,0,1.18571,1.90512,8.62394e+06,3.61194e+06,1.32352e+07,0,0,0,0
85.1408,85.1408,2.77176,0.07,0,2.08063,2.47246,0,0.396178,4.6872,4.14971e+06,2.70226e+06,8.63402e+06,0,0,0,0,62.0241,61.3098,2.42301,0,1,1.51754,1.12571,0,1.18571,1.90512,8.62394e+06,3.61194e+06,1.30872e+07,0,0,0,0
85.1408,85.1408,2.63873,0.07,0,2.06457,2.47322,0,0.389911,4.6872,4.14971e+06,2.70226e+06,8.56737e+06,0,0,0,0,61.998,61.3098,2.56004,0,1,1.53469,1.12605,0,1.17245,1.90512,8.62394e+06,3.61194e+06,1.32351e+07,0,0,0,0
85.0555,85.1408,2.36705,0.07,0,2.06567,2.47397,0,0.386901,4.6872,4.14971e+06,2.70226e+06,8.57192e+06,0,0,0,0,62.0616,61.3098,2.40031,0,1,1.53469,1.12639,0,1.18571,1.90512,8.62394e+06,3.61194e+06,1.32351e+07,0,0,0,0
84.8549,85.1408,2.22722,0.07,0,2.06677,2.47472,0,0.387106,4.6872,4.14971e+06,2.70226e+06,8.57647e+06,0,0,0,0,62.0364,61.3098,2.21439,0,1,1.53469,1.12674,0,1.18571,1.90512,8.62394e+06,3.61194e+06,1.32351e+07,0,0,0,0
84.4044,85.1408,2.08701,0.06,0,2.18529,2.59291,0,0.387312,4.6872,4.14971e+06,2.70226e+06,9.06832e+06,0,0,0,0,61.9562,61.3098,2.09834,0,1,1.59563,1.18802,0,1.18571,1.90512,8.62394e+06,3.61194e+06,1.37606e+07,0,0,0,0
83.8707,85.1408,2.04602,0.05,0,2.24736,2.5937,0,0.409524,4.6872,4.14971e+06,2.70226e+06,9.32589e+06,0,0,0,0,62.0809,61.3098,2.59456,0,1,1.53471,1.18838,0,1.23278,1.90512,8.62394e+06,3.61194e+06,1.32353e+07,0,0,0,0
83.1774,85.1408,1.8263,0.04,0,2.24851,2.59449,0,0.421155,4.6872,4.14971e+06,2.70226e+06,9.33066e+06,0,0,0,0,62.0241,61.3098,2.17978,0,1,1.53471,1.18874,0,1.18572,1.90512,8.62394e+06,3.61194e+06,1.32353e+07,0,0,0,0
82.3761,85.1408,1.70453,0.04,0,2.24966,2.59528,0,0.421371,4.6872,4.14971e+06,2.70226e+06,9.33545e+06,0,0,0,0,61.7808,61.3098,1.84255,0,1,1.53471,1.1891,0,1.18572,1.90512,8.62394e+06,3.61194e+06,1.32353e+07,0,0,0,0
81.5263,85.1408,1.64361,0.04,0,2.25082,2.59607,0,0.421587,4.6872,4.14971e+06,2.70226e+06,9.34023e+06,0,0,0,0,61.4885,61.3098,1.71106,0,1,1.53471,1.18946,0,1.18572,1.90512,8.62394e+06,3.61194e+06,1.32353e+07,0,0,0,0
81.1081,85.1408,2.04575,0.02,0,2.22871,2.5736,0,0.421803,4.6872,4.14971e+06,2.70226e+06,9.24849e+06,0,0,0,0,61.3718,61.3098,2.0971,0,1,1.56826,1.22337,0,1.18572,1.90512,8.62394e+06,3.61194e+06,1.35245e+07,0,0,0,0
80.5208,85.1408,1.88708,0.03,0,2.2634,2.57438,0,0.41766,4.6872,4.14971e+06,2.70226e+06,9.39244e+06,0,0,0,0,61.2681,61.3098,2.14759,0,1,1.53472,1.22374,0,1.21163,1.90512,8.62394e+06,3.61194e+06,1.32354e+07,0,0,0,0
79.8053,85.1408,1.75073,0.03,0,2.26455,2.57517,0,0.424161,4.6872,4.14971e+06,2.70226e+06,9.39723e+06,0,0,0,0,61.1577,61.3098,2.13164,0,1,1.53472,1.22411,0,1.18573,1.90512,8.62394e+06,3.61194e+06,1.32354e+07,0,0,0,0
79.0586,85.1408,1.71113,0.03,0,2.26571,2.57595,0,0.424377,4.6872,4.14971e+06,2.70226e+06,9.40203e+06,0,0,0,0,60.9901,61.3098,2.11574,0,1,1.53472,1.22448,0,1.18573,1.90512,8.62394e+06,3.61194e+06,1.32354e+07,0,0,0,0
78.1267,85.1408,1.5487,0.06,0,2.327,2.63687,0,0.424594,4.6872,4.14971e+06,2.70226e+06,9.65638e+06,0,0,0,0,60.4753,61.3098,1.74241,0,1,1.56465,1.25479,0,1.18573,1.90512,8.62394e+06,3.61194e+06,1.34935e+07,0,0,0,0
76.9313,85.1408,1.28941,0.06,0,2.35811,2.63767,0,0.43608,4.6872,4.14971e+06,2.70226e+06,9.78546e+06,0,0,0,0,59.8342,61.3098,1.48752,0,1,1.53473,1.25517,0,1.20885,1.90512,8.62394e+06,3.61194e+06,1.32354e+07,0,0,0,0
75.6715,85.1408,1.21545,0.06,0,2.35929,2.63847,0,0.441909,4.6872,4.14971e+06,2.70226e+06,9.79037e+06,0,0,0,0,59.0974,61.3098,1.37572,0,1,1.53473,1.25555,0,1.18574,1.90512,8.62394e+06,3.61194e+06,1.32355e+07,0,0,0,0
74.3148,85.1408,1.09902,0.06,0,2.36048,2.63928,0,0.442131,4.6872,4.14971e+06,2.70226e+06,9.79529e+06,0,0,0,0,58.3641,61.3098,1.27704,0,1,1.53473,1.25593,0,1.18574,1.90512,8.62394e+06,3.61194e+06,1.32355e+07,0,0,0,0
72.7582,85.1408,1.02479,0.06,0,2.53798,2.8164,0,0.442353,4.6872,4.14971e+06,2.70226e+06,1.05319e+07,0,0,0,0,57.6746,61.3098,1.28701,0,1,1.6429,1.36448,0,1.18574,1.90512,8.62394e+06,3.61194e+06,1.41682e+07,0,0,0,0
71.0566,85.1408,0.959931,0.06,0,2.64738,2.81726,0,0.475618,4.6872,4.14971e+06,2.70226e+06,1.09859e+07,0,0,0,0,57.0564,61.3098,1.45206,0,1,1.53477,1.36489,0,1.2693,1.90512,8.62394e+06,3.61194e+06,1.32357e+07,0,0,0,0
69.347,85.1408,0.935401,0.06,0,2.64866,2.81811,0,0.49612,4.6872,4.14971e+06,2.70226e+06,1.09912e+07,0,0,0,0,56.5965,61.3098,1.36721,0,1,1.53477,1.36531,0,1.18576,1.90512,8.62394e+06,3.61194e+06,1.32357e+07,0,0,0,0
68.0467,85.1408,1.34097,0.06,0,2.64993,2.81897,0,0.496358,4.6872,4.14971e+06,2.70226e+06,1.09964e+07,0,0,0,0,56.22,61.3098,1.60027,0,1,1.53477,1.36572,0,1.18576,1.90512,8.62394e+06,3.61194e+06,1.32357e+07,0,0,0,0
67.2917,85.1408,1.94519,0.1,0,2.6512,2.81983,0,0.496597,4.6872,4.14971e+06,2.70226e+06,1.10017e+07,0,0,0,0,55.9822,61.3098,1.83016,0,1,1.53477,1.36614,0,1.18576,1.90512,8.62394e+06,3.61194e+06,1.32357e+07,0,0,0,0
65.9968,85.1408,1.28153,0.1,0,2.56641,2.73462,0,0.496835,4.6872,4.14971e+06,2.70226e+06,1.06499e+07,0,0,0,0,55.7319,61.3098,2.30494,0,1,1.46902,1.3008,0,1.18576,1.90512,8.62394e+06,3.61194e+06,1.26687e+07,0,0,0,0
64.4978,85.1408,1.00274,0.1,0,2.50191,2.73546,0,0.480946,4.6872,4.14971e+06,2.70226e+06,1.03822e+07,0,0,0,0,55.3271,61.3098,1.84704,0,1,1.53475,1.3012,0,1.13496,1.90512,8.62394e+06,3.61194e+06,1.32356e+07,0,0,0,0
63.3758,85.1408,1.42694,0.1,0,2.50314,2.73629,0,0.468858,4.6872,4.14971e+06,2.70226e+06,1.03873e+07,0,0,0,0,55.0518,61.3098,2.11958,0,1,1.53475,1.3016,0,1.18575,1.90512,8.62394e+06,3.61194e+06,1.32356e+07,0,0,0,0
64.1628,85.1408,3.52379,0.11,0,2.50437,2.73712,0,0.469088,4.6872,4.14971e+06,2.70226e+06,1.03924e+07,0,0,0,0,55.3157,61.3098,3.58671,0,1,1.53475,1.30199,0,1.18575,1.90512,8.62394e+06,3.61194e+06,1.32356e+07,0,0,0,0
63.8524,85.1408,2.46092,0.11,0,2.43487,2.66723,0,0.469318,4.6872,4.14971e+06,2.70226e+06,1.0104e+07,0,0,0,0,55.4468,61.3098,2.93878,0,1,1.47483,1.24247,0,1.18575,1.90512,8.62394e+06,3.61194e+06,1.27188e+07,0,0,0,0
63.4925,85.1408,2.29878,0.12,0,2.37615,2.66804,0,0.456294,4.6872,4.14971e+06,2.70226e+06,9.86033e+06,0,0,0,0,55.5142,61.3098,2.80029,0,1,1.53473,1.24284,0,1.13945,1.90512,8.62394e+06,3.61194e+06,1.32354e+07,0,0,0,0
63.6639,85.1408,2.78697,0.12,0,2.37734,2.66885,0,0.445291,4.6872,4.14971e+06,2.70226e+06,9.86526e+06,0,0,0,0,55.7298,61.3098,3.85792,0,1,1.53473,1.24322,0,1.18573,1.90512,8.62394e+06,3.61194e+06,1.32354e+07,0,0,0,0
63.5722,85.1408,2.556,0.12,0,2.37853,2.66966,0,0.445513,4.6872,4.14971e+06,2.70226e+06,9.8702e+06,0,0,0,0,55.9535,61.3098,3.4657,0,1,1.53473,1.2436,0,1.18573,1.90512,8.62394e+06,3.61194e+06,1.32354e+07,0,0,0,0
63.7237,85.1408,2.64573,0.12,0,2.1786,2.46935,0,0.445736,4.6872,4.14971e+06,2.70226e+06,9.04056e+06,0,0,0,0,56.1319,61.3098,2.65936,0,1,1.40978,1.11902,0,1.18573,1.90512,8.62394e+06,3.61194e+06,1.21578e+07,0,0,0,0
64.036,85.1408,2.71784,0.12,0,2.05478,2.4701,0,0.40827,4.6872,4.14971e+06,2.70226e+06,8.52672e+06,0,0,0,0,56.1247,61.3098,2.57338,0,1,1.53469,1.11936,0,1.08919,1.90512,8.62394e+06,3.61194e+06,1.32351e+07,0,0,0,0
63.9669,85.1408,2.32149,0.12,0,2.05587,2.47086,0,0.385065,4.6872,4.14971e+06,2.70226e+06,8.53125e+06,0,0,0,0,56.264,61.3098,3.23961,0,1,1.53469,1.1197,0,1.1857,1.90512,8.62394e+06,3.61194e+06,1.32351e+07,0,0,0,0
65.339,85.1408,3.87145,0.14,0,2.05696,2.47161,0,0.38527,4.6872,4.14971e+06,2.70226e+06,8.53578e+06,0,0,0,0,57.068,61.3098,4.81919,0,1,1.53469,1.12005,0,1.1857,1.90512,8.62394e+06,3.61194e+06,1.32351e+07,0,0,0,0
66.5615,85.1408,3.73786,0.14,0,2.05805,2.47236,0,0.385474,4.6872,4.14971e+06,2.70226e+06,8.54031e+06,0,0,0,0,57.1724,61.3098,2.9738,0,1,1.53469,1.12039,0,1.1857,1.90512,8.62394e+06,3.61194e+06,1.32351e+07,0,0,0,0
69.3454,85.1408,5.59235,0.14,0,2.1366,2.55057,0,0.385679,4.6872,4.14971e+06,2.70226e+06,8.86628e+06,0,0,0,0,58.6677,61.3098,5.48977,0,1,1.57092,1.15696,0,1.1857,1.90512,8.62394e+06,3.61194e+06,1.35475e+07,0,0,0,6.44116e+07
73.9658,85.1408,7.77607,0.08,0,2.17393,2.55132,0,0.4004,4.6872,4.14971e+06,2.70226e+06,9.02115e+06,0,0,0,0,60.9859,61.3098,7.3945,0,1,1.53469,1.1573,0,1.2137,1.90512,8.62394e+06,3.61194e+06,1.32351e+07,0,0,0,6.44116e+07
77.0397,85.1408,6.10234,0.05,0,2.17502,2.55207,0,0.407394,4.6872,4.14971e+06,2.70226e+06,9.02568e+06,0,0,0,0,62.338,61.3098,6.83347,0,1,1.53469,1.15764,0,1.1857,1.90512,8.62394e+06,3.61194e+06,1.32351e+07,0,0,0,6.44116e+07
80.8586,85.1408,6.93203,0.07,0,2.17611,2.55282,0,0.407598,4.6872,4.14971e+06,2.70226e+06,9.0302e+06,0,0,0,0,62.338,61.3098,7.82961,0,1,1.53469,1.15798,0,1.1857,1.90512,8.62394e+06,3.61194e+06,1.32351e+07,0,0,0,6.44116e+07
84.647,85.1408,7.16654,0.05,0,2.42627,2.80264,0,0.407802,4.6872,4.14971e+06,2.70226e+06,1.00683e+07,0,0,0,0,62.338,61.3098,7.36552,0,1,1.67089,1.29451,0,1.1857,1.90512,8.62394e+06,3.61194e+06,1.44096e+07,0,0,0,6.44116e+07
85.1408,85.1408,5.51582,0.05,0,2.56362,2.80346,0,0.454682,4.6872,4.14971e+06,2.70226e+06,1.06383e+07,0,0,0,0,62.338,61.3098,6.35396,0,1,1.53473,1.29489,0,1.29093,1.90512,8.62394e+06,3.61194e+06,1.32354e+07,0,0,0,6.44116e+07
85.1408,85.1408,5.27994,0.04,0,2.56483,2.80429,0,0.480423,4.6872,4.14971e+06,2.70226e+06,1.06433e+07,0,0,0,0,62.338,61.3098,6.274,0,1,1.53473,1.29527,0,1.18573,1.90512,8.62394e+06,3.61194e+06,1.32354e+07,0,0,0,6.44116e+07
85.1408,85.1408,4.77719,0.04,0,2.56603,2.80511,0,0.480649,4.6872,4.14971e+06,2.70226e+06,1.06483e+07,0,0,0,0,62.338,61.3098,5.87456,0,1,1.53473,1.29565,0,1.18573,1.90512,8.62394e+06,3.61194e+06,1.32354e+07,0,0,0,6.44116e+07
85.1408,85.1408,5.17146,0.04,0,2.21157,2.45027,0,0.480874,4.6872,4.14971e+06,2.70226e+06,9.17735e+06,0,0,0,0,62.338,61.3098,5.75061,0,1,1.35174,1.11305,0,1.18573,1.90512,8.62394e+06,3.61194e+06,1.16574e+07,0,0,0,6.44116e+07
85.1408,85.1408,4.52045,0.04,0,2.02968,2.45099,0,0.414448,4.6872,4.14971e+06,2.70226e+06,8.42257e+06,0,0,0,0,62.338,61.3098,5.0592,0,1,1.53468,1.11337,0,1.04436,1.90512,8.62394e+06,3.61194e+06,1.3235e+07,0,0,0,6.44116e+07
85.1408,85.1408,5.809,0.04,0,2.03073,2.45171,0,0.380362,4.6872,4.14971e+06,2.70226e+06,8.42692e+06,0,0,0,0,62.338,61.3098,5.59541,0,1,1.53468,1.1137,0,1.18569,1.90512,8.62394e+06,3.61194e+06,1.3235e+07,0,0,0,6.44116e+07
85.1408,85.1408,5.59188,0.04,0,2.03177,2.45243,0,0.380558,4.6872,4.14971e+06,2.70226e+06,8.43126e+06,0,0,0,0,62.338,61.3098,5.42293,0,1,1.53468,1.11403,0,1.18569,1.90512,8.62394e+06,3.61194e+06,1.3235e+07,0,0,0,6.44116e+07
85.1408,85.1408,9.30683,0.05,0,2.03282,2.45315,0,0.380754,4.6872,4.14971e+06,2.70226e+06,8.43561e+06,0,0,0,0,62.338,61.3098,7.30648,0,1,1.53468,1.11435,0,1.18569,1.90512,8.62394e+06,3.61194e+06,1.3235e+07,0,0,0,6.44116e+07
85.1408,85.1408,7.28818,0.06,0,2.12353,2.54353,0,0.380951,4.6872,4.14971e+06,2.70226e+06,8.81202e+06,0,0,0,0,62.338,61.3098,11.0721,0,1,1.57951,1.15951,0,1.18569,1.90512,8.62394e+06,3.61194e+06,1.36216e+07,0,0,0,6.44116e+07
85.1408,85.1408,5.72662,0.07,0,2.16943,2.54427,0,0.397949,4.6872,4.14971e+06,2.70226e+06,9.00251e+06,0,0,0,0,62.338,61.3098,8.69872,0,1,1.53469,1.15985,0,1.22033,1.90512,8.62394e+06,3.61194e+06,1.32351e+07,0,0,0,6.44116e+07
85.1408,85.1408,4.72112,0.08,0,2.17052,2.54502,0,0.406552,4.6872,4.14971e+06,2.70226e+06,9.00703e+06,0,0,0,0,62.338,61.3098,7.48244,0,1,1.53469,1.16019,0,1.1857,1.90512,8.62394e+06,3.61194e+06,1.32351e+07,0,0,0,6.44116e+07
85.1408,85.1408,4.51184,0.08,0,2.17161,2.54577,0,0.406756,4.6872,4.14971e+06,2.70226e+06,9.01154e+06,0,0,0,0,62.338,61.3098,7.17447,0,1,1.53469,1.16053,0,1.1857,1.90512,8.62394e+06,3.61194e+06,1.32351e+07,0,0,0,6.44116e+07
85.1408,85.1408,4.35812,0.07,0,2.1376,2.51142,0,0.40696,4.6872,4.14971e+06,2.70226e+06,8.87042e+06,0,0,0,0,62.338,61.3098,6.10341,0,1,1.51726,1.14344,0,1.1857,1.90512,8.62394e+06,3.61194e+06,1.30848e+07,0,0,0,6.44116e+07
85.1408,85.1408,3.38049,0.07,0,2.12125,2.51216,0,0.400586,4.6872,4.14971e+06,2.70226e+06,8.80255e+06,0,0,0,0,62.338,61.3098,4.1588,0,1,1.53469,1.14378,0,1.17224,1.90512,8.62394e+06,3.61194e+06,1.32351e+07,0,0,0,6.44116e+07
85.1408,85.1408,2.81216,0.07,0,2.12232,2.51289,0,0.397522,4.6872,4.14971e+06,2.70226e+06,8.80701e+06,0,0,0,0,62.338,61.3098,3.66323,0,1,1.53469,1.14411,0,1.1857,1.90512,8.62394e+06,3.61194e+06,1.32351e+07,0,0,0,6.44116e+07
84.954,85.1408,2.48803,0.07,0,2.12339,2.51363,0,0.397723,4.6872,4.14971e+06,2.70226e+06,8.81146e+06,0,0,0,0,62.338,61.3098,3.25618,0,1,1.53469,1.14445,0,1.1857,1.90512,8.62394e+06,3.61194e+06,1.32351e+07,0,0,0,6.44116e+07
84.5265,85.1408,2.33241,0.07,0,2.24374,2.63364,0,0.397924,4.6872,4.14971e+06,2.70226e+06,9.31087e+06,0,0,0,0,62.338,61.3098,3.04944,0,1,1.59658,1.20668,0,1.1857,1.90512,8.62394e+06,3.61194e+06,1.37688e+07,0,0,0,6.44116e+07
84.4229,85.1408,2.65121,0.07,0,2.30674,2.63442,0,0.420477,4.6872,4.14971e+06,2.70226e+06,9.57231e+06,0,0,0,0,62.338,61.3098,3.50634,0,1,1.53471,1.20703,0,1.23352,1.90512,8.62394e+06,3.61194e+06,1.32352e+07,0,0,0,6.44116e+07
84.1362,85.1408,2.44505,0.07,0,2.30787,2.63519,0,0.432284,4.6872,4.14971e+06,2.70226e+06,9.57699e+06,0,0,0,0,62.338,61.3098,3.34875,0,1,1.53471,1.20739,0,1.18571,1.90512,8.62394e+06,3.61194e+06,1.32352e+07,0,0,0,6.44116e+07
83.7261,85.1408,2.30522,0.05,0,2.309,2.63596,0,0.432495,4.6872,4.14971e+06,2.70226e+06,9.58167e+06,0,0,0,0,62.338,61.3098,3.21446,0,1,1.53471,1.20774,0,1.18571,1.90512,8.62394e+06,3.61194e+06,1.32352e+07,0,0,0,6.44116e+07
83.2027,85.1408,2.17786,0.05,0,2.31013,2.63674,0,0.432707,4.6872,4.14971e+06,2.70226e+06,9.58635e+06,0,0,0,0,62.338,61.3098,3.0621,0,1,1.53471,1.2081,0,1.18571,1.90512,8.62394e+06,3.61194e+06,1.32352e+07,0,0,0,6.44116e+07
83.2102,85.1408,2.69177,0.04,0,2.28763,2.61389,0,0.432918,4.6872,4.14971e+06,2.70226e+06,9.49301e+06,0,0,0,0,62.338,61.3098,2.76883,0,1,1.56877,1.24252,0,1.18571,1.90512,8.62394e+06,3.61194e+06,1.3529e+07,0,0,0,6.44116e+07
83.2345,85.1408,2.66115,0.03,0,2.32282,2.61466,0,0.428703,4.6872,4.14971e+06,2.70226e+06,9.63904e+06,0,0,0,0,62.338,61.3098,2.71869,0,1,1.53472,1.24288,0,1.21203,1.90512,8.62394e+06,3.61194e+06,1.32353e+07,0,0,0,6.44116e+07
83.0695,85.1408,2.45466,0.04,0,2.32396,2.61542,0,0.435297,4.6872,4.14971e+06,2.70226e+06,9.64373e+06,0,0,0,0,62.338,61.3098,2.67216,0,1,1.53472,1.24325,0,1.18572,1.90512,8.62394e+06,3.61194e+06,1.32353e+07,0,0,0,6.44116e+07
82.7568,85.1408,2.29332,0.04,0,2.32509,2.61619,0,0.435509,4.6872,4.14971e+06,2.70226e+06,9.64843e+06,0,0,0,0,62.338,61.3098,2.7536,0,1,1.53472,1.24361,0,1.18572,1.90512,8.62394e+06,3.61194e+06,1.32353e+07,0,0,0,6.44116e+07
82.2599,85.1408,2.14029,0.04,0,2.38729,2.67803,0,0.435721,4.6872,4.14971e+06,2.70226e+06,9.90657e+06,0,0,0,0,62.338,61.3098,2.39477,0,1,1.56511,1.27438,0,1.18572,1.90512,8.62394e+06,3.61194e+06,1.34974e+07,0,0,0,6.44116e+07
81.8876,85.1408,2.28676,0.04,0,2.41884,2.67882,0,0.447379,4.6872,4.14971e+06,2.70226e+06,1.00375e+07,0,0,0,0,62.338,61.3098,2.45965,0,1,1.53473,1.27475,0,1.20921,1.90512,8.62394e+06,3.61194e+06,1.32354e+07,0,0,0,6.44116e+07
81.4064,85.1408,2.15556,0.04,0,2.42,2.67961,0,0.453291,4.6872,4.14971e+06,2.70226e+06,1.00423e+07,0,0,0,0,62.338,61.3098,2.49957,0,1,1.53473,1.27512,0,1.18573,1.90512,8.62394e+06,3.61194e+06,1.32354e+07,0,0,0,6.44116e+07
80.7967,85.1408,2.01766,0.05,0,2.42116,2.68039,0,0.453509,4.6872,4.14971e+06,2.70226e+06,1.00471e+07,0,0,0,0,62.3367,61.3098,2.2944,0,1,1.53473,1.2755,0,1.18573,1.90512,8.62394e+06,3.61194e+06,1.32354e+07,0,0,0,6.44116e+07
80.0136,85.1408,1.98157,0.05,0,2.60139,2.86024,0,0.453726,4.6872,4.14971e+06,2.70226e+06,1.0795e+07,0,0,0,0,62.2924,61.3098,2.46089,0,1,1.64457,1.38572,0,1.18573,1.90512,8.62394e+06,3.61194e+06,1.41827e+07,0,0,0,6.44116e+07
79.4703,85.1408,2.32602,0.05,0,2.71245,2.86108,0,0.4875,4.6872,4.14971e+06,2.70226e+06,1.12559e+07,0,0,0,0,62.263,61.3098,2.35492,0,1,1.53476,1.38613,0,1.2706,1.90512,8.62394e+06,3.61194e+06,1.32357e+07,0,0,0,6.44116e+07
78.5022,85.1408,1.92845,0.05,0,2.71369,2.86192,0,0.508313,4.6872,4.14971e+06,2.70226e+06,1.1261e+07,0,0,0,0,62.1674,61.3098,1.87463,0,1,1.53476,1.38653,0,1.18575,1.90512,8.62394e+06,3.61194e+06,1.32357e+07,0,0,0,6.44116e+07
77.8585,85.1408,2.22012,0.06,0,2.71494,2.86276,0,0.508546,4.6872,4.14971e+06,2.70226e+06,1.12662e+07,0,0,0,0,62.338,61.3098,2.83587,0,1,1.53476,1.38694,0,1.18575,1.90512,8.62394e+06,3.61194e+06,1.32357e+07,0,0,0,6.44116e+07
76.8765,85.1408,1.86785,0.06,0,2.71619,2.8636,0,0.50878,4.6872,4.14971e+06,2.70226e+06,1.12714e+07,0,0,0,0,62.338,61.3098,2.17711,0,1,1.53476,1.38735,0,1.18575,1.90512,8.62394e+06,3.61194e+06,1.32357e+07,0,0,0,6.44116e+07
76.5801,85.1408,2.51233,0.06,0,2.63004,2.77704,0,0.509014,4.6872,4.14971e+06,2.70226e+06,1.09139e+07,0,0,0,0,62.338,61.3098,2.70057,0,1,1.46799,1.32098,0,1.18575,1.90512,8.62394e+06,3.61194e+06,1.26598e+07,0,0,0,6.44116e+07
75.9535,85.1408,2.11215,0.07,0,2.56449,2.77786,0,0.492869,4.6872,4.14971e+06,2.70226e+06,1.06419e+07,0,0,0,0,62.2978,61.3098,2.26622,0,1,1.53474,1.32137,0,1.13417,1.90512,8.62394e+06,3.61194e+06,1.32355e+07,0,0,0,6.44116e+07
75.3799,85.1408,2.17275,0.07,0,2.56569,2.77867,0,0.480585,4.6872,4.14971e+06,2.70226e+06,1.06469e+07,0,0,0,0,62.2247,61.3098,2.20337,0,1,1.53474,1.32176,0,1.18574,1.90512,8.62394e+06,3.61194e+06,1.32355e+07,0,0,0,6.44116e+07
75.1657,85.1408,2.52997,0.07,0,2.56689,2.77949,0,0.48081,4.6872,4.14971e+06,2.70226e+06,1.06518e+07,0,0,0,0,62.338,61.3098,2.80957,0,1,1.53474,1.32214,0,1.18574,1.90512,8.62394e+06,3.61194e+06,1.32355e+07,0,0,0,6.44116e+07
76.4765,85.1408,4.1549,0.07,0,2.49627,2.70848,0,0.481036,4.6872,4.14971e+06,2.70226e+06,1.03588e+07,0,0,0,0,62.338,61.3098,3.76791,0,1,1.47389,1.26168,0,1.18574,1.90512,8.62394e+06,3.61194e+06,1.27107e+07,0,0,0,6.44116e+07
76.9019,85.1408,3.20886,0.07,0,2.43661,2.70927,0,0.467802,4.6872,4.14971e+06,2.70226e+06,1.01112e+07,0,0,0,0,62.338,61.3098,3.68743,0,1,1.53472,1.26205,0,1.13873,1.90512,8.62394e+06,3.61194e+06,1.32353e+07,0,0,0,6.44116e+07
77.0606,85.1408,2.863,0.07,0,2.43777,2.71007,0,0.45662,4.6872,4.14971e+06,2.70226e+06,1.0116e+07,0,0,0,0,62.338,61.3098,2.27844,0,1,1.53472,1.26242,0,1.18573,1.90512,8.62394e+06,3.61194e+06,1.32353e+07,0,0,0,6.44116e+07
77.7103,85.1408,3.3082,0.06,0,2.43893,2.71086,0,0.456838,4.6872,4.14971e+06,2.70226e+06,1.01209e+07,0,0,0,0,62.338,61.3098,2.94516,0,1,1.53472,1.26279,0,1.18573,1.90512,8.62394e+06,3.61194e+06,1.32353e+07,0,0,0,6.44116e+07
78.2148,85.1408,3.01306,0.05,0,2.23588,2.50744,0,0.457056,4.6872,4.14971e+06,2.70226e+06,9.27825e+06,0,0,0,0,62.338,61.3098,2.89394,0,1,1.40784,1.13628,0,1.18573,1.90512,8.62394e+06,3.61194e+06,1.21411e+07,0,0,0,6.44116e+07
78.173,85.1408,2.50914,0.05,0,2.1101,2.50817,0,0.419004,4.6872,4.14971e+06,2.70226e+06,8.75632e+06,0,0,0,0,62.338,61.3098,3.18314,0,1,1.53469,1.13662,0,1.0877,1.90512,8.62394e+06,3.61194e+06,1.3235e+07,0,0,0,6.44116e+07
78.0943,85.1408,2.43177,0.05,0,2.11117,2.50891,0,0.395434,4.6872,4.14971e+06,2.70226e+06,8.76075e+06,0,0,0,0,62.338,61.3098,2.70811,0,1,1.53469,1.13695,0,1.1857,1.90512,8.62394e+06,3.61194e+06,1.3235e+07,0,0,0,6.44116e+07
77.7503,85.1408,2.1905,0.06,0,2.11224,2.50964,0,0.395634,4.6872,4.14971e+06,2.70226e+06,8.76519e+06,0,0,0,0,62.338,61.3098,2.75006,0,1,1.53469,1.13728,0,1.1857,1.90512,8.62394e+06,3.61194e+06,1.3235e+07,0,0,0,6.44116e+07
78.7318,85.1408,3.49594,0.05,0,2.11331,2.51038,0,0.395834,4.6872,4.14971e+06,2.70226e+06,8.76962e+06,0,0,0,0,62.338,61.3098,3.07533,0,1,1.53469,1.13762,0,1.1857,1.90512,8.62394e+06,3.61194e+06,1.3235e+07,0,0,0,6.44116e+07
81.6454,85.1408,5.66639,0.06,0,2.19303,2.58977,0,0.396034,4.6872,4.14971e+06,2.70226e+06,9.10044e+06,0,0,0,0,62.338,61.3098,5.116,0,1,1.57147,1.17474,0,1.1857,1.90512,8.62394e+06,3.61194e+06,1.35523e+07,0,0,0,6.44116e+07
85.1408,85.1408,16.4795,0.04,0,2.23088,2.5905,0,0.410974,4.6872,4.14971e+06,2.70226e+06,9.25752e+06,0,0,0,0,62.338,61.3098,8.04194,0,1,1.53468,1.17507,0,1.21412,1.90512,8.62394e+06,3.61194e+06,1.3235e+07,0,0,0,6.44116e+07
85.1408,85.1408,10.0289,0.04,0,2.23195,2.59123,0,0.418068,4.6872,4.14971e+06,2.70226e+06,9.26194e+06,0,0,0,0,62.338,61.3098,5.84324,0,1,1.53468,1.1754,0,1.1857,1.90512,8.62394e+06,3.61194e+06,1.3235e+07,0,0,0,6.44116e+07
85.1408,85.1408,6.28344,0.05,0,2.23302,2.59197,0,0.418267,4.6872,4.14971e+06,2.70226e+06,9.26636e+06,0,0,0,0,62.338,61.3098,4.00699,0,1,1.53468,1.17573,0,1.1857,1.90512,8.62394e+06,3.61194e+06,1.3235e+07,0,0,0,6.44116e+07
85.1408,85.1408,6.24402,0.05,0,2.48697,2.84559,0,0.418467,4.6872,4.14971e+06,2.70226e+06,1.03202e+07,0,0,0,0,62.338,61.3098,4.04242,0,1,1.67297,1.31435,0,1.1857,1.90512,8.62394e+06,3.61194e+06,1.44275e+07,0,0,0,6.44116e+07
85.1408,85.1408,9.12663,0.05,0,2.62639,2.84639,0,0.466058,4.6872,4.14971e+06,2.70226e+06,1.08987e+07,0,0,0,0,62.338,61.3098,6.82636,0,1,1.53472,1.31472,0,1.29253,1.90512,8.62394e+06,3.61194e+06,1.32354e+07,0,0,0,6.44116e+07
85.1408,85.1408,7.47575,0.05,0,2.62756,2.8472,0,0.492185,4.6872,4.14971e+06,2.70226e+06,1.09036e+07,0,0,0,0,62.338,61.3098,6.25082,0,1,1.53472,1.31509,0,1.18573,1.90512,8.62394e+06,3.61194e+06,1.32354e+07,0,0,0,6.44116e+07
85.1408,85.1408,8.67443,0.05,0,2.62874,2.848,0,0.492405,4.6872,4.14971e+06,2.70226e+06,1.09085e+07,0,0,0,0,62.338,61.3098,8.29297,0,1,1.53472,1.31546,0,1.18573,1.90512,8.62394e+06,3.61194e+06,1.32354e+07,0,0,0,6.44116e+07
85.1408,85.1408,6.88715,0.04,0,2.26881,2.4877,0,0.492626,4.6872,4.14971e+06,2.70226e+06,9.41491e+06,0,0,0,0,62.338,61.3098,5.77153,0,1,1.34894,1.13005,0,1.18573,1.90512,8.62394e+06,3.61194e+06,1.16332e+07,0,0,0,6.44116e+07
85.1408,85.1408,5.70017,0.04,0,2.0841,2.48841,0,0.425176,4.6872,4.14971e+06,2.70226e+06,8.64843e+06,0,0,0,0,62.338,61.3098,5.56302,0,1,1.53467,1.13037,0,1.04219,1.90512,8.62394e+06,3.61194e+06,1.32349e+07,0,0,0,6.44116e+07
85.1408,85.1408,4.9873,0.04,0,2.08513,2.48911,0,0.390561,4.6872,4.14971e+06,2.70226e+06,8.65267e+06,0,0,0,0,62.338,61.3098,3.71708,0,1,1.53467,1.13069,0,1.18569,1.90512,8.62394e+06,3.61194e+06,1.32349e+07,0,0,0,6.44116e+07
85.1408,85.1408,3.95937,0.05,0,2.08615,2.48981,0,0.390753,4.6872,4.14971e+06,2.70226e+06,8.65692e+06,0,0,0,0,62.1861,61.3098,2.88394,0,1,1.53467,1.13101,0,1.18569,1.90512,8.62394e+06,3.61194e+06,1.32349e+07,0,0,0,6.44116e+07
85.1408,85.1408,3.20234,0.06,0,2.08718,2.49052,0,0.390945,4.6872,4.14971e+06,2.70226e+06,8.66117e+06,0,0,0,0,62.2582,61.3098,2.14492,0,1,1.53467,1.13133,0,1.18569,1.90512,8.62394e+06,3.61194e+06,1.32349e+07,0,0,0,6.44116e+07
85.1408,85.1408,3.34484,0.08,0,2.17922,2.58225,0,0.391137,4.6872,4.14971e+06,2.70226e+06,9.04314e+06,0,0,0,0,62.338,61.3098,2.84027,0,1,1.58019,1.17716,0,1.18569,1.90512,8.62394e+06,3.61194e+06,1.36274e+07,0,0,0,6.44116e+07
85.1408,85.1408,3.9155,0.09,0,2.22579,2.58298,0,0.408387,4.6872,4.14971e+06,2.70226e+06,9.23637e+06,0,0,0,0,62.338,61.3098,3.59113,0,1,1.53468,1.1775,0,1.22085,1.90512,8.62394e+06,3.61194e+06,1.3235e+07,0,0,0,6.44116e+07
85.1408,85.1408,3.341,0.09,0,2.22685,2.58371,0,0.417113,4.6872,4.14971e+06,2.70226e+06,9.24078e+06,0,0,0,0,62.1597,61.3098,2.81427,0,1,1.53468,1.17783,0,1.1857,1.90512,8.62394e+06,3.61194e+06,1.3235e+07,0,0,0,6.44116e+07
84.9527,85.1408,2.43155,0.09,0,2.22791,2.58444,0,0.417312,4.6872,4.14971e+06,2.70226e+06,9.24519e+06,0,0,0,0,62.196,61.3098,2.30998,0,1,1.53469,1.17816,0,1.1857,1.90512,8.62394e+06,3.61194e+06,1.3235e+07,0,0,0,6.44116e+07
84.7579,85.1408,2.37881,0.09,0,2.19335,2.54954,0,0.417511,4.6872,4.14971e+06,2.70226e+06,9.10175e+06,0,0,0,0,62.338,61.3098,2.37239,0,1,1.51699,1.1608,0,1.1857,1.90512,8.62394e+06,3.61194e+06,1.30824e+07,0,0,0,6.44116e+07
84.7713,85.1408,2.53876,0.08,0,2.1767,2.55026,0,0.411033,4.6872,4.14971e+06,2.70226e+06,9.03269e+06,0,0,0,0,62.338,61.3098,2.62655,0,1,1.53468,1.16113,0,1.17202,1.90512,8.62394e+06,3.61194e+06,1.3235e+07,0,0,0,6.44116e+07
84.7428,85.1408,2.46423,0.07,0,2.17775,2.55098,0,0.407915,4.6872,4.14971e+06,2.70226e+06,9.03704e+06,0,0,0,0,62.338,61.3098,2.82518,0,1,1.53468,1.16146,0,1.18569,1.90512,8.62394e+06,3.61194e+06,1.3235e+07,0,0,0,6.44116e+07
84.5517,85.1408,2.28943,0.07,0,2.1788,2.5517,0,0.408111,4.6872,4.14971e+06,2.70226e+06,9.0414e+06,0,0,0,0,62.338,61.3098,2.58047,0,1,1.53468,1.16178,0,1.18569,1.90512,8.62394e+06,3.61194e+06,1.3235e+07,0,0,0,6.44116e+07
84.3036,85.1408,2.33711,0.07,0,2.30093,2.6735,0,0.408308,4.6872,4.14971e+06,2.70226e+06,9.54819e+06,0,0,0,0,62.338,61.3098,2.52122,0,1,1.59751,1.22494,0,1.18569,1.90512,8.62394e+06,3.61194e+06,1.37768e+07,0,0,0,6.44116e+07
83.7976,85.1408,2.09712,0.07,0,2.36485,2.67426,0,0.431195,4.6872,4.14971e+06,2.70226e+06,9.81342e+06,0,0,0,0,62.338,61.3098,2.41332,0,1,1.5347,1.22529,0,1.23424,1.90512,8.62394e+06,3.61194e+06,1.32351e+07,0,0,0,6.44116e+07
83.0963,85.1408,1.83599,0.07,0,2.36595,2.67501,0,0.443172,4.6872,4.14971e+06,2.70226e+06,9.81799e+06,0,0,0,0,62.338,61.3098,2.3647,0,1,1.5347,1.22563,0,1.18571,1.90512,8.62394e+06,3.61194e+06,1.32351e+07,0,0,0,6.44116e+07
82.3764,85.1408,1.81186,0.07,0,2.36705,2.67577,0,0.443379,4.6872,4.14971e+06,2.70226e+06,9.82257e+06,0,0,0,0,62.338,61.3098,2.39922,0,1,1.5347,1.22598,0,1.18571,1.90512,8.62394e+06,3.61194e+06,1.32351e+07,0,0,0,6.44116e+07
81.5513,85.1408,1.69718,0.05,0,2.36815,2.67652,0,0.443585,4.6872,4.14971e+06,2.70226e+06,9.82714e+06,0,0,0,0,62.2498,61.3098,2.29637,0,1,1.5347,1.22633,0,1.18571,1.90512,8.62394e+06,3.61194e+06,1.32351e+07,0,0,0,6.44116e+07
80.5828,85.1408,1.5432,0.06,0,2.34528,2.6533,0,0.443792,4.6872,4.14971e+06,2.70226e+06,9.73221e+06,0,0,0,0,62.3328,61.3098,2.11406,0,1,1.56928,1.26125,0,1.18571,1.90512,8.62394e+06,3.61194e+06,1.35334e+07,0,0,0,6.44116e+07
79.5634,85.1408,1.51994,0.05,0,2.38095,2.65405,0,0.439505,4.6872,4.14971e+06,2.70226e+06,9.88026e+06,0,0,0,0,62.338,61.3098,2.19139,0,1,1.53471,1.26161,0,1.21243,1.90512,8.62394e+06,3.61194e+06,1.32352e+07,0,0,0,6.44116e+07
78.4964,85.1408,1.45723,0.05,0,2.38206,2.6548,0,0.446191,4.6872,4.14971e+06,2.70226e+06,9.88486e+06,0,0,0,0,62.1838,61.3098,2.16926,0,1,1.53471,1.26197,0,1.18572,1.90512,8.62394e+06,3.61194e+06,1.32352e+07,0,0,0,6.44116e+07
77.2974,85.1408,1.28813,0.07,0,2.38317,2.65555,0,0.446398,4.6872,4.14971e+06,2.70226e+06,9.88945e+06,0,0,0,0,62.0031,61.3098,1.95938,0,1,1.53471,1.26232,0,1.18572,1.90512,8.62394e+06,3.61194e+06,1.32352e+07,0,0,0,6.44116e+07
75.9775,85.1408,1.20328,0.06,0,2.44627,2.7183,0,0.446606,4.6872,4.14971e+06,2.70226e+06,1.01513e+07,0,0,0,0,61.6172,61.3098,1.84335,0,1,1.56556,1.29353,0,1.18572,1.90512,8.62394e+06,3.61194e+06,1.35013e+07,0,0,0,6.44116e+07
74.7782,85.1408,1.35859,0.06,0,2.47825,2.71906,0,0.45843,4.6872,4.14971e+06,2.70226e+06,1.0284e+07,0,0,0,0,61.4522,61.3098,1.84839,0,1,1.53472,1.2939,0,1.20955,1.90512,8.62394e+06,3.61194e+06,1.32353e+07,0,0,0,6.44116e+07
73.485,85.1408,1.2408,0.06,0,2.47938,2.71983,0,0.464423,4.6872,4.14971e+06,2.70226e+06,1.02887e+07,0,0,0,0,61.0046,61.3098,1.77917,0,1,1.53472,1.29427,0,1.18572,1.90512,8.62394e+06,3.61194e+06,1.32353e+07,0,0,0,6.44116e+07
72.101,85.1408,1.13898,0.09,0,2.48051,2.7206,0,0.464636,4.6872,4.14971e+06,2.70226e+06,1.02934e+07,0,0,0,0,60.6851,61.3098,1.57245,0,1,1.53472,1.29463,0,1.18572,1.90512,8.62394e+06,3.61194e+06,1.32353e+07,0,0,0,6.44116e+07
70.6443,85.1408,1.19754,0.09,0,2.6634,2.90312,0,0.464848,4.6872,4.14971e+06,2.70226e+06,1.10523e+07,0,0,0,0,60.0179,61.3098,1.85215,0,1,1.64621,1.40649,0,1.18572,1.90512,8.62394e+06,3.61194e+06,1.41968e+07,0,0,0,6.44116e+07
69.0757,85.1408,1.20046,0.09,0,2.77608,2.90394,0,0.49912,4.6872,4.14971e+06,2.70226e+06,1.15199e+07,0,0,0,0,59.5032,61.3098,1.45207,0,1,1.53475,1.40689,0,1.27186,1.90512,8.62394e+06,3.61194e+06,1.32356e+07,0,0,0,6.44116e+07
67.4316,85.1408,1.12485,0.09,0,2.77729,2.90476,0,0.520237,4.6872,4.14971e+06,2.70226e+06,1.1525e+07,0,0,0,0,59.2461,61.3098,1.52294,0,1,1.53475,1.40729,0,1.18575,1.90512,8.62394e+06,3.61194e+06,1.32356e+07,0,0,0,6.44116e+07
65.7382,85.1408,1.05948,0.13,0,2.77851,2.90558,0,0.520465,4.6872,4.14971e+06,2.70226e+06,1.153e+07,0,0,0,0,58.9565,61.3098,1.78613,0,1,1.53475,1.40768,0,1.18575,1.90512,8.62394e+06,3.61194e+06,1.32356e+07,0,0,0,6.44116e+07
64.0197,85.1408,1.0157,0.13,0,2.77973,2.9064,0,0.520693,4.6872,4.14971e+06,2.70226e+06,1.15351e+07,0,0,0,0,58.5005,61.3098,1.75636,0,1,1.53475,1.40808,0,1.18575,1.90512,8.62394e+06,3.61194e+06,1.32356e+07,0,0,0,6.44116e+07
62.5363,85.1408,1.20425,0.13,0,2.69224,2.81852,0,0.520921,4.6872,4.14971e+06,2.70226e+06,1.1172e+07,0,0,0,0,58.066,61.3098,1.58451,0,1,1.46698,1.34071,0,1.18575,1.90512,8.62394e+06,3.61194e+06,1.26512e+07,0,0,0,6.44116e+07
61.4228,85.1408,1.52531,0.14,0,2.62567,2.81931,0,0.504527,4.6872,4.14971e+06,2.70226e+06,1.08958e+07,0,0,0,0,57.9626,61.3098,1.61458,0,1,1.53473,1.34109,0,1.13339,1.90512,8.62394e+06,3.61194e+06,1.32354e+07,0,0,0,6.44116e+07
60.0635,85.1408,1.26701,0.16,0,2.62684,2.82011,0,0.492051,4.6872,4.14971e+06,2.70226e+06,1.09006e+07,0,0,0,0,57.7044,61.3098,2.54062,0,1,1.53473,1.34147,0,1.18573,1.90512,8.62394e+06,3.61194e+06,1.32354e+07,0,0,0,6.44116e+07
58.5158,85.1408,1.06205,0.16,0,2.62802,2.8209,0,0.492271,4.6872,4.14971e+06,2.70226e+06,1.09055e+07,0,0,0,0,57.1263,61.3098,1.33483,0,1,1.53473,1.34185,0,1.18573,1.90512,8.62394e+06,3.61194e+06,1.32354e+07,0,0,0,6.44116e+07
57.2215,85.1408,1.27804,0.16,0,2.5563,2.74881,0,0.492491,4.6872,4.14971e+06,2.70226e+06,1.06079e+07,0,0,0,0,56.9966,61.3098,1.50419,0,1,1.47298,1.28047,0,1.18573,1.90512,8.62394e+06,3.61194e+06,1.27028e+07,0,0,0,6.44116e+07
56.4659,85.1408,1.71982,0.16,0,2.4957,2.74959,0,0.479051,4.6872,4.14971e+06,2.70226e+06,1.03564e+07,0,0,0,0,56.8894,61.3098,2.00016,0,1,1.53471,1.28083,0,1.13802,1.90512,8.62394e+06,3.61194e+06,1.32353e+07,0,0,0,6.44116e+07
56.4204,85.1408,2.54626,0.17,0,2.49684,2.75036,0,0.467695,4.6872,4.14971e+06,2.70226e+06,1.03612e+07,0,0,0,0,57.0664,61.3098,2.55467,0,1,1.53471,1.28119,0,1.18572,1.90512,8.62394e+06,3.61194e+06,1.32353e+07,0,0,0,6.44116e+07
58.6205,85.1408,4.85749,0.17,0,2.49798,2.75114,0,0.467908,4.6872,4.14971e+06,2.70226e+06,1.03659e+07,0,0,0,0,57.6055,61.3098,3.5999,0,1,1.53471,1.28155,0,1.18572,1.90512,8.62394e+06,3.61194e+06,1.32353e+07,0,0,0,6.44116e+07
60.671,85.1408,4.69712,0.16,0,2.29187,2.54466,0,0.468121,4.6872,4.14971e+06,2.70226e+06,9.51057e+06,0,0,0,0,58.1581,61.3098,3.94991,0,1,1.40595,1.15315,0,1.18572,1.90512,8.62394e+06,3.61194e+06,1.21248e+07,0,0,0,6.44116e+07
63.8402,85.1408,5.74427,0.16,0,2.16418,2.54538,0,0.429496,4.6872,4.14971e+06,2.70226e+06,8.98072e+06,0,0,0,0,58.5987,61.3098,3.25675,0,1,1.53468,1.15348,0,1.08624,1.90512,8.62394e+06,3.61194e+06,1.3235e+07,0,0,0,6.44116e+07
67.4192,85.1408,6.24364,0.15,0,2.16523,2.5461,0,0.405568,4.6872,4.14971e+06,2.70226e+06,8.98505e+06,0,0,0,0,59.099,61.3098,3.56836,0,1,1.53468,1.1538,0,1.18569,1.90512,8.62394e+06,3.61194e+06,1.3235e+07,0,0,0,6.44116e+07
73.3489,85.1408,8.59873,0.16,0,2.16627,2.54682,0,0.405763,4.6872,4.14971e+06,2.70226e+06,8.98939e+06,0,0,0,0,59.5348,61.3098,3.34246,0,1,1.53468,1.15413,0,1.18569,1.90512,8.62394e+06,3.61194e+06,1.3235e+07,0,0,0,6.44116e+07
80.9356,85.1408,10.5997,0.14,0,2.16731,2.54754,0,0.405959,4.6872,4.14971e+06,2.70226e+06,8.99372e+06,0,0,0,0,61.3274,61.3098,5.91966,0,1,1.53468,1.15445,0,1.18569,1.90512,8.62394e+06,3.61194e+06,1.3235e+07,0,0,0,6.44116e+07
85.1408,85.1408,7.37988,0.04,0,2.24817,2.62807,0,0.406155,4.6872,4.14971e+06,2.70226e+06,9.32926e+06,0,0,0,0,62.338,61.3098,5.71843,0,1,1.57201,1.19211,0,1.18569,1.90512,8.62394e+06,3.61194e+06,1.35569e+07,0,0,0,6.44116e+07
85.1408,85.1408,5.17796,0.05,0,2.28655,2.62879,0,0.421308,4.6872,4.14971e+06,2.70226e+06,9.48849e+06,0,0,0,0,62.338,61.3098,3.28053,0,1,1.53468,1.19244,0,1.21453,1.90512,8.62394e+06,3.61194e+06,1.3235e+07,0,0,0,6.44116e+07
85.1408,85.1408,5.96204,0.05,0,2.28758,2.6295,0,0.428499,4.6872,4.14971e+06,2.70226e+06,9.49281e+06,0,0,0,0,62.2374,61.3098,2.96225,0,1,1.53468,1.19276,0,1.18569,1.90512,8.62394e+06,3.61194e+06,1.3235e+07,0,0,0,6.44116e+07
85.1408,85.1408,3.89464,0.07,0,2.28862,2.63022,0,0.428693,4.6872,4.14971e+06,2.70226e+06,9.49712e+06,0,0,0,0,62.1245,61.3098,2.039,0,1,1.53468,1.19308,0,1.18569,1.90512,8.62394e+06,3.61194e+06,1.3235e+07,0,0,0,6.44116e+07
85.1408,85.1408,5.79181,0.07,0,2.54628,2.88755,0,0.428888,4.6872,4.14971e+06,2.70226e+06,1.05663e+07,0,0,0,0,61.7916,61.3098,3.67043,0,1,1.675,1.33373,0,1.18569,1.90512,8.62394e+06,3.61194e+06,1.44451e+07,0,0,0,6.44116e+07
85.1408,85.1408,3.8359,0.06,0,2.68771,2.88833,0,0.477173,4.6872,4.14971e+06,2.70226e+06,1.11532e+07,0,0,0,0,61.6563,61.3098,1.60366,0,1,1.53471,1.33409,0,1.2941,1.90512,8.62394e+06,3.61194e+06,1.32353e+07,0,0,0,6.44116e+07
85.1408,85.1408,4.79249,0.06,0,2.68886,2.88912,0,0.503677,4.6872,4.14971e+06,2.70226e+06,1.1158e+07,0,0,0,0,61.8434,61.3098,2.86361,0,1,1.53471,1.33445,0,1.18572,1.90512,8.62394e+06,3.61194e+06,1.32353e+07,0,0,0,6.44116e+07
85.1408,85.1408,5.47326,0.06,0,2.69001,2.8899,0,0.503892,4.6872,4.14971e+06,2.70226e+06,1.11627e+07,0,0,0,0,62.2707,61.3098,3.18609,0,1,1.53471,1.33482,0,1.18572,1.90512,8.62394e+06,3.61194e+06,1.32353e+07,0,0,0,6.44116e+07
85.1408,85.1408,5.18105,0.06,0,2.32474,2.52428,0,0.504107,4.6872,4.14971e+06,2.70226e+06,9.647e+06,0,0,0,0,62.338,61.3098,3.53096,0,1,1.3462,1.14667,0,1.18572,1.90512,8.62394e+06,3.61194e+06,1.16095e+07,0,0,0,6.44116e+07
85.1408,85.1408,5.86632,0.06,0,2.13728,2.52496,0,0.435657,4.6872,4.14971e+06,2.70226e+06,8.86907e+06,0,0,0,0,62.338,61.3098,4.81541,0,1,1.53466,1.14698,0,1.04007,1.90512,8.62394e+06,3.61194e+06,1.32348e+07,0,0,0,6.44116e+07
85.1408,85.1408,5.6233,0.06,0,2.13827,2.52565,0,0.400526,4.6872,4.14971e+06,2.70226e+06,8.87321e+06,0,0,0,0,62.338,61.3098,5.78619,0,1,1.53466,1.14729,0,1.18568,1.90512,8.62394e+06,3.61194e+06,1.32348e+07,0,0,0,6.44116e+07
85.1408,85.1408,5.94427,0.08,0,2.13927,2.52634,0,0.400713,4.6872,4.14971e+06,2.70226e+06,8.87736e+06,0,0,0,0,62.338,61.3098,5.37508,0,1,1.53466,1.1476,0,1.18568,1.90512,8.62394e+06,3.61194e+06,1.32348e+07,0,0,0,6.44116e+07
85.1408,85.1408,6.59123,0.08,0,2.14027,2.52702,0,0.4009,4.6872,4.14971e+06,2.70226e+06,8.8815e+06,0,0,0,0,62.338,61.3098,6.24042,0,1,1.53466,1.14791,0,1.18568,1.90512,8.62394e+06,3.61194e+06,1.32348e+07,0,0,0,6.44116e+07
85.1408,85.1408,5.21111,0.09,0,2.23363,2.62007,0,0.401087,4.6872,4.14971e+06,2.70226e+06,9.26891e+06,0,0,0,0,62.338,61.3098,4.73461,0,1,1.58084,1.19441,0,1.18568,1.90512,8.62394e+06,3.61194e+06,1.36331e+07,0,0,0,6.44116e+07
85.1408,85.1408,5.03464,0.09,0,2.28083,2.62078,0,0.418582,4.6872,4.14971e+06,2.70226e+06,9.46479e+06,0,0,0,0,62.338,61.3098,5.12447,0,1,1.53468,1.19473,0,1.22136,1.90512,8.62394e+06,3.61194e+06,1.3235e+07,0,0,0,6.44116e+07
85.1408,85.1408,3.95377,0.09,0,2.28187,2.62149,0,0.427428,4.6872,4.14971e+06,2.70226e+06,9.4691e+06,0,0,0,0,62.338,61.3098,4.3221,0,1,1.53468,1.19506,0,1.18569,1.90512,8.62394e+06,3.61194e+06,1.3235e+07,0,0,0,6.44116e+07
85.1408,85.1408,3.67557,0.1,0,2.28291,2.62221,0,0.427623,4.6872,4.14971e+06,2.70226e+06,9.4734e+06,0,0,0,0,62.338,61.3098,3.91643,0,1,1.53468,1.19538,0,1.18569,1.90512,8.62394e+06,3.61194e+06,1.3235e+07,0,0,0,6.44116e+07
85.1408,85.1408,2.99127,0.1,0,2.2478,2.58677,0,0.427817,4.6872,4.14971e+06,2.70226e+06,9.3277e+06,0,0,0,0,62.338,61.3098,3.10772,0,1,1.51672,1.17775,0,1.18569,1.90512,8.62394e+06,3.61194e+06,1.30801e+07,0,0,0,6.44116e+07
84.7277,85.1408,2.23643,0.1,0,2.23087,2.58747,0,0.421237,4.6872,4.14971e+06,2.70226e+06,9.25745e+06,0,0,0,0,62.338,61.3098,2.67176,0,1,1.53467,1.17807,0,1.17182,1.90512,8.62394e+06,3.61194e+06,1.32349e+07,0,0,0,6.44116e+07
84.9728,85.1408,2.91088,0.1,0,2.23189,2.58817,0,0.418065,4.6872,4.14971e+06,2.70226e+06,9.2617e+06,0,0,0,0,62.338,61.3098,2.86724,0,1,1.53467,1.17839,0,1.18569,1.90512,8.62394e+06,3.61194e+06,1.32349e+07,0,0,0,6.44116e+07
84.9784,85.1408,2.65947,0.09,0,2.23292,2.58888,0,0.418257,4.6872,4.14971e+06,2.70226e+06,9.26595e+06,0,0,0,0,62.338,61.3098,2.78567,0,1,1.53467,1.17871,0,1.18569,1.90512,8.62394e+06,3.61194e+06,1.32349e+07,0,0,0,6.44116e+07
84.2865,85.1408,1.99398,0.09,0,2.35678,2.71242,0,0.418448,4.6872,4.14971e+06,2.70226e+06,9.77996e+06,0,0,0,0,62.2819,61.3098,2.41457,0,1,1.59842,1.24278,0,1.18569,1.90512,8.62394e+06,3.61194e+06,1.37846e+07,0,0,0,6.44116e+07
83.5983,85.1408,2.03471,0.09,0,2.42158,2.71316,0,0.441661,4.6872,4.14971e+06,2.70226e+06,1.00489e+07,0,0,0,0,62.2623,61.3098,2.22694,0,1,1.53469,1.24311,0,1.23494,1.90512,8.62394e+06,3.61194e+06,1.32351e+07,0,0,0,6.44116e+07
82.7888,85.1408,1.86261,0.08,0,2.42266,2.7139,0,0.453805,4.6872,4.14971e+06,2.70226e+06,1.00533e+07,0,0,0,0,62.1018,61.3098,2.0244,0,1,1.53469,1.24345,0,1.1857,1.90512,8.62394e+06,3.61194e+06,1.32351e+07,0,0,0,6.44116e+07
81.8757,85.1408,1.7207,0.08,0,2.42373,2.71464,0,0.454006,4.6872,4.14971e+06,2.70226e+06,1.00578e+07,0,0,0,0,61.9453,61.3098,2.0363,0,1,1.53469,1.24379,0,1.1857,1.90512,8.62394e+06,3.61194e+06,1.32351e+07,0,0,0,6.44116e+07
80.9168,85.1408,1.66469,0.07,0,2.42481,2.71537,0,0.454208,4.6872,4.14971e+06,2.70226e+06,1.00623e+07,0,0,0,0,61.8155,61.3098,2.00886,0,1,1.53469,1.24413,0,1.1857,1.90512,8.62394e+06,3.61194e+06,1.32351e+07,0,0,0,6.44116e+07
80.2587,85.1408,1.94782,0.07,0,2.40156,2.69179,0,0.454409,4.6872,4.14971e+06,2.70226e+06,9.96577e+06,0,0,0,0,61.6804,61.3098,2.33708,0,1,1.56977,1.27955,0,1.1857,1.90512,8.62394e+06,3.61194e+06,1.35376e+07,0,0,0,6.44116e+07
79.7124,85.1408,2.09539,0.06,0,2.43771,2.69252,0,0.450052,4.6872,4.14971e+06,2.70226e+06,1.01158e+07,0,0,0,0,61.5981,61.3098,2.514,0,1,1.5347,1.2799,0,1.21281,1.90512,8.62394e+06,3.61194e+06,1.32352e+07,0,0,0,6.44116e+07
78.9924,85.1408,1.91655,0.06,0,2.43879,2.69325,0,0.456827,4.6872,4.14971e+06,2.70226e+06,1.01203e+07,0,0,0,0,61.5055,61.3098,2.53136,0,1,1.5347,1.28024,0,1.18571,1.90512,8.62394e+06,3.61194e+06,1.32352e+07,0,0,0,6.44116e+07
78.0983,85.1408,1.73039,0.07,0,2.43987,2.69398,0,0.457029,4.6872,4.14971e+06,2.70226e+06,1.01247e+07,0,0,0,0,61.3667,61.3098,2.24857,0,1,1.5347,1.28059,0,1.18571,1.90512,8.62394e+06,3.61194e+06,1.32352e+07,0,0,0,6.44116e+07
77.0682,85.1408,1.60801,0.07,0,2.50384,2.7576,0,0.457232,4.6872,4.14971e+06,2.70226e+06,1.03902e+07,0,0,0,0,61.1176,61.3098,2.18073,0,1,1.566,1.31224,0,1.18571,1.90512,8.62394e+06,3.61194e+06,1.35051e+07,0,0,0,6.44116e+07
76.1998,85.1408,1.79911,0.06,0,2.53624,2.75835,0,0.46922,4.6872,4.14971e+06,2.70226e+06,1.05246e+07,0,0,0,0,61.1372,61.3098,2.6147,0,1,1.53471,1.3126,0,1.20989,1.90512,8.62394e+06,3.61194e+06,1.32352e+07,0,0,0,6.44116e+07
75.2022,85.1408,1.64461,0.06,0,2.53734,2.7591,0,0.475291,4.6872,4.14971e+06,2.70226e+06,1.05292e+07,0,0,0,0,61.0261,61.3098,2.59054,0,1,1.53471,1.31295,0,1.18572,1.90512,8.62394e+06,3.61194e+06,1.32352e+07,0,0,0,6.44116e+07
74.0793,85.1408,1.50923,0.06,0,2.53845,2.75985,0,0.475498,4.6872,4.14971e+06,2.70226e+06,1.05338e+07,0,0,0,0,60.8616,61.3098,2.26639,0,1,1.53471,1.31331,0,1.18572,1.90512,8.62394e+06,3.61194e+06,1.32352e+07,0,0,0,6.44116e+07
72.8996,85.1408,1.58772,0.06,0,2.72392,2.94497,0,0.475705,4.6872,4.14971e+06,2.70226e+06,1.13035e+07,0,0,0,0,60.6789,61.3098,2.68462,0,1,1.64781,1.42677,0,1.18572,1.90512,8.62394e+06,3.61194e+06,1.42106e+07,0,0,0,6.44116e+07
71.2817,85.1408,1.25556,0.08,0,2.83818,2.94577,0,0.510463,4.6872,4.14971e+06,2.70226e+06,1.17776e+07,0,0,0,0,60.5987,61.3098,2.42307,0,1,1.53474,1.42715,0,1.2731,1.90512,8.62394e+06,3.61194e+06,1.32355e+07,0,0,0,6.44116e+07
69.3878,85.1408,0.967786,0.1,0,2.83937,2.94657,0,0.531875,4.6872,4.14971e+06,2.70226e+06,1.17826e+07,0,0,0,0,60.4177,61.3098,2.16449,0,1,1.53474,1.42754,0,1.18574,1.90512,8.62394e+06,3.61194e+06,1.32355e+07,0,0,0,6.44116e+07
67.567,85.1408,1.02141,0.1,0,2.84056,2.94737,0,0.532098,4.6872,4.14971e+06,2.70226e+06,1.17875e+07,0,0,0,0,60.2316,61.3098,2.13589,0,1,1.53474,1.42793,0,1.18574,1.90512,8.62394e+06,3.61194e+06,1.32355e+07,0,0,0,6.44116e+07
66.2317,85.1408,1.5315,0.12,0,2.84174,2.94817,0,0.53232,4.6872,4.14971e+06,2.70226e+06,1.17924e+07,0,0,0,0,60.1736,61.3098,2.55341,0,1,1.53474,1.42832,0,1.18574,1.90512,8.62394e+06,3.61194e+06,1.32355e+07,0,0,0,6.44116e+07
65.2368,85.1408,1.83282,0.12,0,2.75296,2.85899,0,0.532543,4.6872,4.14971e+06,2.70226e+06,1.1424e+07,0,0,0,0,60.6591,61.3098,3.27796,0,1,1.466,1.35996,0,1.18574,1.90512,8.62394e+06,3.61194e+06,1.26427e+07,0,0,0,6.44116e+07
63.5617,85.1408,1.10264,0.13,0,2.68538,2.85977,0,0.515904,4.6872,4.14971e+06,2.70226e+06,1.11435e+07,0,0,0,0,60.7024,61.3098,2.60643,0,1,1.53472,1.36033,0,1.13263,1.90512,8.62394e+06,3.61194e+06,1.32353e+07,0,0,0,6.44116e+07
61.7292,85.1408,0.942675,0.13,0,2.68653,2.86054,0,0.50324,4.6872,4.14971e+06,2.70226e+06,1.11483e+07,0,0,0,0,60.7005,61.3098,2.34983,0,1,1.53472,1.3607,0,1.18573,1.90512,8.62394e+06,3.61194e+06,1.32353e+07,0,0,0,6.44116e+07
60.9575,85.1408,1.92866,0.16,0,2.68767,2.86132,0,0.503455,4.6872,4.14971e+06,2.70226e+06,1.11531e+07,0,0,0,0,60.9541,61.3098,3.21914,0,1,1.53472,1.36107,0,1.18573,1.90512,8.62394e+06,3.61194e+06,1.32353e+07,0,0,0,6.44116e+07
63.1449,85.1408,4.99635,0.14,0,2.61488,2.78816,0,0.50367,4.6872,4.14971e+06,2.70226e+06,1.0851e+07,0,0,0,0,62.338,61.3098,5.75006,0,1,1.47208,1.2988,0,1.18573,1.90512,8.62394e+06,3.61194e+06,1.26951e+07,0,0,0,6.44116e+07
63.9863,85.1408,3.67325,0.13,0,2.55337,2.78892,0,0.490029,4.6872,4.14971e+06,2.70226e+06,1.05957e+07,0,0,0,0,62.338,61.3098,3.09162,0,1,1.5347,1.29915,0,1.13733,1.90512,8.62394e+06,3.61194e+06,1.32352e+07,0,0,0,6.44116e+07
64.3669,85.1408,3.23802,0.14,0,2.55448,2.78968,0,0.478502,4.6872,4.14971e+06,2.70226e+06,1.06003e+07,0,0,0,0,62.338,61.3098,6.55912,0,1,1.5347,1.29951,0,1.18571,1.90512,8.62394e+06,3.61194e+06,1.32352e+07,0,0,0,6.44116e+07
65.2207,85.1408,3.71874,0.14,0,2.55559,2.79043,0,0.478709,4.6872,4.14971e+06,2.70226e+06,1.06049e+07,0,0,0,0,62.338,61.3098,3.2272,0,1,1.5347,1.29986,0,1.18571,1.90512,8.62394e+06,3.61194e+06,1.32352e+07,0,0,0,6.44116e+07
66.9216,85.1408,4.47409,0.14,0,2.34649,2.58098,0,0.478917,4.6872,4.14971e+06,2.70226e+06,9.73725e+06,0,0,0,0,62.338,61.3098,6.13117,0,1,1.4041,1.16961,0,1.18571,1.90512,8.62394e+06,3.61194e+06,1.21089e+07,0,0,0,6.44116e+07
68.409,85.1408,4.09862,0.14,0,2.21694,2.58168,0,0.439732,4.6872,4.14971e+06,2.70226e+06,9.19966e+06,0,0,0,0,62.338,61.3098,4.85911,0,1,1.53467,1.16993,0,1.08481,1.90512,8.62394e+06,3.61194e+06,1.32349e+07,0,0,0,6.44116e+07
70.2221,85.1408,4.42031,0.13,0,2.21796,2.58238,0,0.415455,4.6872,4.14971e+06,2.70226e+06,9.20389e+06,0,0,0,0,62.338,61.3098,4.86033,0,1,1.53467,1.17025,0,1.18569,1.90512,8.62394e+06,3.61194e+06,1.32349e+07,0,0,0,6.44116e+07
72.2875,85.1408,4.69919,0.12,0,2.21898,2.58309,0,0.415646,4.6872,4.14971e+06,2.70226e+06,9.20811e+06,0,0,0,0,62.338,61.3098,4.50911,0,1,1.53467,1.17056,0,1.18569,1.90512,8.62394e+06,3.61194e+06,1.32349e+07,0,0,0,6.44116e+07
73.3054,85.1408,3.64201,0.12,0,2.22,2.58379,0,0.415837,4.6872,4.14971e+06,2.70226e+06,9.21234e+06,0,0,0,0,62.338,61.3098,4.05181,0,1,1.53467,1.17088,0,1.18569,1.90512,8.62394e+06,3.61194e+06,1.32349e+07,0,0,0,6.44116e+07
76.6016,85.1408,6.02781,0.13,0,2.30197,2.66544,0,0.416028,4.6872,4.14971e+06,2.70226e+06,9.55249e+06,0,0,0,0,62.338,61.3098,6.50972,0,1,1.57253,1.20906,0,1.18569,1.90512,8.62394e+06,3.61194e+06,1.35614e+07,0,0,0,6.44116e+07
81.3928,85.1408,7.73925,0.09,0.02,2.34084,2.66613,0,0.431388,4.6872,4.14971e+06,2.70226e+06,9.71381e+06,0,0,0,0,62.338,61.3098,6.67248,0,1,1.53467,1.20938,0,1.21494,1.90512,8.62394e+06,3.61194e+06,1.32349e+07,0,0,0,6.44116e+07
85.1408,85.1408,7.3249,0.05,0.02,2.34186,2.66683,0,0.438674,4.6872,4.14971e+06,2.70226e+06,9.71802e+06,0,0,0,0,62.338,61.3098,6.94026,0,1,1.53467,1.20969,0,1.18568,1.90512,8.62394e+06,3.61194e+06,1.32349e+07,0,0,0,6.44116e+07
85.1408,85.1408,5.50306,0.07,0.02,2.34287,2.66753,0,0.438864,4.6872,4.14971e+06,2.70226e+06,9.72222e+06,0,0,0,0,62.338,61.3098,4.87817,0,1,1.53467,1.21001,0,1.18568,1.90512,8.62394e+06,3.61194e+06,1.32349e+07,0,0,0,6.44116e+07
85.1408,85.1408,5.39945,0.07,0.02,2.60414,2.92848,0,0.439054,4.6872,4.14971e+06,2.70226e+06,1.08064e+07,0,0,0,0,62.338,61.3098,4.89312,0,1,1.67698,1.35263,0,1.18568,1.90512,8.62394e+06,3.61194e+06,1.44621e+07,0,0,0,6.44116e+07
85.1408,85.1408,14.8913,0.07,0.02,2.74753,2.92924,0,0.488015,4.6872,4.14971e+06,2.70226e+06,1.14014e+07,0,0,0,0,62.338,61.3098,10.3008,0,1,1.53471,1.35299,0,1.29563,1.90512,8.62394e+06,3.61194e+06,1.32352e+07,0,0,0,6.44116e+07
85.1408,85.1408,8.79129,0.06,0.02,2.74864,2.93001,0,0.514886,4.6872,4.14971e+06,2.70226e+06,1.14061e+07,0,0,0,0,62.338,61.3098,6.52868,0,1,1.53471,1.35334,0,1.18571,1.90512,8.62394e+06,3.61194e+06,1.32352e+07,0,0,0,6.44116e+07
85.1408,85.1408,7.02114,0.05,0.02,2.74976,2.93077,0,0.515096,4.6872,4.14971e+06,2.70226e+06,1.14107e+07,0,0,0,0,62.338,61.3098,6.21652,0,1,1.53471,1.3537,0,1.18571,1.90512,8.62394e+06,3.61194e+06,1.32352e+07,0,0,0,6.44116e+07
85.1408,85.1408,6.59064,0.06,0.02,2.37929,2.55995,0,0.515306,4.6872,4.14971e+06,2.70226e+06,9.87336e+06,0,0,0,0,62.338,61.3098,6.46481,0,1,1.34353,1.16287,0,1.18571,1.90512,8.62394e+06,3.61194e+06,1.15865e+07,0,0,0,6.44116e+07
85.1408,85.1408,6.58476,0.06,0.02,2.18913,2.56062,0,0.445879,4.6872,4.14971e+06,2.70226e+06,9.08427e+06,0,0,0,0,62.338,61.3098,6.46005,0,1,1.53466,1.16317,0,1.03801,1.90512,8.62394e+06,3.61194e+06,1.32348e+07,0,0,0,6.44116e+07
85.1408,85.1408,6.94037,0.06,0.02,2.19011,2.56129,0,0.410244,4.6872,4.14971e+06,2.70226e+06,9.08831e+06,0,0,0,0,62.338,61.3098,7.13561,0,1,1.53466,1.16348,0,1.18568,1.90512,8.62394e+06,3.61194e+06,1.32348e+07,0,0,0,6.44116e+07
85.1408,85.1408,9.28358,0.07,0.02,2.19108,2.56196,0,0.410426,4.6872,4.14971e+06,2.70226e+06,9.09234e+06,0,0,0,0,62.338,61.3098,7.8052,0,1,1.53466,1.16378,0,1.18568,1.90512,8.62394e+06,3.61194e+06,1.32348e+07,0,0,0,6.44116e+07
85.1408,85.1408,10.3625,0.08,0.02,2.19205,2.56263,0,0.410609,4.6872,4.14971e+06,2.70226e+06,9.09638e+06,0,0,0,0,62.338,61.3098,8.09305,0,1,1.53466,1.16409,0,1.18568,1.90512,8.62394e+06,3.61194e+06,1.32348e+07,0,0,0,6.44116e+07
85.1408,85.1408,13.3364,0.1,0.02,2.28668,2.65695,0,0.410791,4.6872,4.14971e+06,2.70226e+06,9.48907e+06,0,0,0,0,62.338,61.3098,9.82787,0,1,1.58149,1.21122,0,1.18568,1.90512,8.62394e+06,3.61194e+06,1.36386e+07,0,0,0,6.44116e+07
85.1408,85.1408,9.12931,0.1,0.02,2.33451,2.65765,0,0.428525,4.6872,4.14971e+06,2.70226e+06,9.68755e+06,0,0,0,0,62.338,61.3098,7.97235,0,1,1.53467,1.21154,0,1.22186,1.90512,8.62394e+06,3.61194e+06,1.32349e+07,0,0,0,6.44116e+07
85.1408,85.1408,6.8068,0.09,0.02,2.33552,2.65834,0,0.437488,4.6872,4.14971e+06,2.70226e+06,9.69174e+06,0,0,0,0,62.338,61.3098,6.62571,0,1,1.53467,1.21185,0,1.18568,1.90512,8.62394e+06,3.61194e+06,1.32349e+07,0,0,0,6.44116e+07
85.1408,85.1408,6.24852,0.09,0.02,2.33654,2.65903,0,0.437677,4.6872,4.14971e+06,2.70226e+06,9.69594e+06,0,0,0,0,62.338,61.3098,6.62828,0,1,1.53467,1.21217,0,1.18568,1.90512,8.62394e+06,3.61194e+06,1.32349e+07,0,0,0,6.44116e+07
85.1408,85.1408,6.07103,0.09,0.02,2.30089,2.62307,0,0.437867,4.6872,4.14971e+06,2.70226e+06,9.54802e+06,0,0,0,0,62.338,61.3098,6.49383,0,1,1.51646,1.19428,0,1.18568,1.90512,8.62394e+06,3.61194e+06,1.30779e+07,0,0,0,6.44116e+07
85.1408,85.1408,6.6152,0.09,0.02,2.28368,2.62376,0,0.431187,4.6872,4.14971e+06,2.70226e+06,9.47662e+06,0,0,0,0,62.338,61.3098,6.30299,0,1,1.53466,1.19459,0,1.17162,1.90512,8.62394e+06,3.61194e+06,1.32348e+07,0,0,0,6.44116e+07
85.1408,85.1408,5.92398,0.09,0.02,2.28468,2.62444,0,0.427962,4.6872,4.14971e+06,2.70226e+06,9.48075e+06,0,0,0,0,62.338,61.3098,5.01762,0,1,1.53466,1.1949,0,1.18568,1.90512,8.62394e+06,3.61194e+06,1.32348e+07,0,0,0,6.44116e+07
85.1408,85.1408,5.63205,0.07,0.02,2.28568,2.62513,0,0.428149,4.6872,4.14971e+06,2.70226e+06,9.48489e+06,0,0,0,0,62.338,61.3098,5.10777,0,1,1.53466,1.19521,0,1.18568,1.90512,8.62394e+06,3.61194e+06,1.32348e+07,0,0,0,6.44116e+07
85.1408,85.1408,5.18549,0.07,0.02,2.41124,2.75037,0,0.428336,4.6872,4.14971e+06,2.70226e+06,1.00059e+07,0,0,0,0,62.338,61.3098,5.14277,0,1,1.5993,1.26016,0,1.18568,1.90512,8.62394e+06,3.61194e+06,1.37923e+07,0,0,0,6.44116e+07
85.1408,85.1408,5.04164,0.07,0.02,2.4769,2.75109,0,0.451866,4.6872,4.14971e+06,2.70226e+06,1.02784e+07,0,0,0,0,62.338,61.3098,4.63222,0,1,1.53468,1.26049,0,1.23562,1.90512,8.62394e+06,3.61194e+06,1.3235e+07,0,0,0,6.44116e+07
85.1408,85.1408,4.6369,0.07,0.02,2.47795,2.75181,0,0.464172,4.6872,4.14971e+06,2.70226e+06,1.02828e+07,0,0,0,0,62.338,61.3098,4.26171,0,1,1.53468,1.26082,0,1.18569,1.90512,8.62394e+06,3.61194e+06,1.3235e+07,0,0,0,6.44116e+07
85.1408,85.1408,4.40639,0.08,0.02,2.479,2.75253,0,0.464368,4.6872,4.14971e+06,2.70226e+06,1.02871e+07,0,0,0,0,62.338,61.3098,4.16453,0,1,1.53468,1.26115,0,1.18569,1.90512,8.62394e+06,3.61194e+06,1.3235e+07,0,0,0,6.44116e+07
85.1408,85.1408,4.23898,0.07,0.02,2.48005,2.75325,0,0.464564,4.6872,4.14971e+06,2.70226e+06,1.02915e+07,0,0,0,0,62.338,61.3098,4.19593,0,1,1.53468,1.26148,0,1.18569,1.90512,8.62394e+06,3.61194e+06,1.3235e+07,0,0,0,6.44116e+07
85.1408,85.1408,3.91362,0.06,0.02,2.45643,2.7293,0,0.464761,4.6872,4.14971e+06,2.70226e+06,1.01935e+07,0,0,0,0,62.338,61.3098,3.78702,0,1,1.57025,1.29738,0,1.18569,1.90512,8.62394e+06,3.61194e+06,1.35418e+07,0,0,0,6.44116e+07
85.1408,85.1408,3.49372,0.06,0.02,2.49304,2.73001,0,0.460335,4.6872,4.14971e+06,2.70226e+06,1.03454e+07,0,0,0,0,62.338,61.3098,2.97251,0,1,1.53469,1.29772,0,1.21318,1.90512,8.62394e+06,3.61194e+06,1.32351e+07,0,0,0,6.44116e+07
85.1408,85.1408,3.31313,0.05,0.02,2.49409,2.73073,0,0.467196,4.6872,4.14971e+06,2.70226e+06,1.03498e+07,0,0,0,0,62.338,61.3098,2.87128,0,1,1.53469,1.29806,0,1.1857,1.90512,8.62394e+06,3.61194e+06,1.32351e+07,0,0,0,6.44116e+07
85.1408,85.1408,3.10478,0.04,0.02,2.49514,2.73144,0,0.467393,4.6872,4.14971e+06,2.70226e+06,1.03541e+07,0,0,0,0,62.2493,61.3098,2.69384,0,1,1.53469,1.2984,0,1.1857,1.90512,8.62394e+06,3.61194e+06,1.32351e+07,0,0,0,6.44116e+07
85.1408,85.1408,2.91148,0.04,0.02,2.55996,2.79591,0,0.46759,4.6872,4.14971e+06,2.70226e+06,1.06231e+07,0,0,0,0,62.078,61.3098,2.53586,0,1,1.56643,1.33047,0,1.1857,1.90512,8.62394e+06,3.61194e+06,1.35088e+07,0,0,0,6.44116e+07
85.1408,85.1408,2.88614,0.04,0.02,2.59276,2.79664,0,0.479736,4.6872,4.14971e+06,2.70226e+06,1.07592e+07,0,0,0,0,61.9393,61.3098,2.25465,0,1,1.5347,1.33082,0,1.21022,1.90512,8.62394e+06,3.61194e+06,1.32351e+07,0,0,0,6.44116e+07
85.1408,85.1408,2.81914,0.04,0.02,2.59384,2.79737,0,0.485884,4.6872,4.14971e+06,2.70226e+06,1.07637e+07,0,0,0,0,61.7462,61.3098,2.33933,0,1,1.5347,1.33117,0,1.18571,1.90512,8.62394e+06,3.61194e+06,1.32352e+07,0,0,0,6.44116e+07
84.9853,85.1408,2.63256,0.04,0.02,2.59492,2.7981,0,0.486086,4.6872,4.14971e+06,2.70226e+06,1.07682e+07,0,0,0,0,61.5061,61.3098,2.21886,0,1,1.5347,1.33151,0,1.18571,1.90512,8.62394e+06,3.61194e+06,1.32352e+07,0,0,0,6.44116e+07
84.4676,85.1408,2.41624,0.04,0.02,2.78292,2.98576,0,0.486288,4.6872,4.14971e+06,2.70226e+06,1.15483e+07,0,0,0,0,61.1453,61.3098,2.07872,0,1,1.64937,1.44653,0,1.18571,1.90512,8.62394e+06,3.61194e+06,1.4224e+07,0,0,0,6.44116e+07
83.7059,85.1408,2.22894,0.04,0.02,2.89871,2.98654,0,0.521519,4.6872,4.14971e+06,2.70226e+06,1.20288e+07,0,0,0,0,60.943,61.3098,2.42513,0,1,1.53473,1.44691,0,1.2743,1.90512,8.62394e+06,3.61194e+06,1.32354e+07,0,0,0,6.44116e+07
82.413,85.1408,1.66887,0.04,0.02,2.89987,2.98732,0,0.543219,4.6872,4.14971e+06,2.70226e+06,1.20336e+07,0,0,0,0,60.6401,61.3098,1.98055,0,1,1.53473,1.44728,0,1.18573,1.90512,8.62394e+06,3.61194e+06,1.32354e+07,0,0,0,6.44116e+07
81.8383,85.1408,2.39406,0.04,0.02,2.90103,2.9881,0,0.543436,4.6872,4.14971e+06,2.70226e+06,1.20384e+07,0,0,0,0,60.4097,61.3098,2.31874,0,1,1.53473,1.44766,0,1.18573,1.90512,8.62394e+06,3.61194e+06,1.32354e+07,0,0,0,6.44116e+07
82.2438,85.1408,3.47166,0.04,0.02,2.90218,2.98887,0,0.543652,4.6872,4.14971e+06,2.70226e+06,1.20432e+07,0,0,0,0,60.3683,61.3098,2.64636,0,1,1.53473,1.44804,0,1.18573,1.90512,8.62394e+06,3.61194e+06,1.32354e+07,0,0,0,6.44116e+07
81.626,85.1408,2.38106,0.05,0.02,2.81212,2.89844,0,0.543869,4.6872,4.14971e+06,2.70226e+06,1.16695e+07,0,0,0,0,59.9915,61.3098,2.00328,0,1,1.46504,1.37873,0,1.18573,1.90512,8.62394e+06,3.61194e+06,1.26344e+07,0,0,0,6.44116e+07
80.5507,85.1408,1.84528,0.05,0.02,2.74357,2.89919,0,0.526992,4.6872,4.14971e+06,2.70226e+06,1.1385e+07,0,0,0,0,59.5743,61.3098,1.3685,0,1,1.53471,1.37909,0,1.13189,1.90512,8.62394e+06,3.61194e+06,1.32353e+07,0,0,0,6.44116e+07
79.3026,85.1408,1.68963,0.05,0.02,2.74468,2.89995,0,0.514145,4.6872,4.14971e+06,2.70226e+06,1.13896e+07,0,0,0,0,59.3233,61.3098,1.65131,0,1,1.53471,1.37945,0,1.18572,1.90512,8.62394e+06,3.61194e+06,1.32353e+07,0,0,0,6.44116e+07
78.2582,85.1408,1.89986,0.07,0.02,2.7458,2.90071,0,0.514354,4.6872,4.14971e+06,2.70226e+06,1.13943e+07,0,0,0,0,59.2788,61.3098,2.29512,0,1,1.53471,1.37981,0,1.18572,1.90512,8.62394e+06,3.61194e+06,1.32353e+07,0,0,0,6.44116e+07
77.0837,85.1408,1.68455,0.08,0.02,2.67197,2.82651,0,0.514563,4.6872,4.14971e+06,2.70226e+06,1.10879e+07,0,0,0,0,59.1526,61.3098,1.83967,0,1,1.47121,1.31667,0,1.18572,1.90512,8.62394e+06,3.61194e+06,1.26876e+07,0,0,0,6.44116e+07
75.8586,85.1408,1.65376,0.08,0.02,2.60956,2.82725,0,0.500726,4.6872,4.14971e+06,2.70226e+06,1.08289e+07,0,0,0,0,58.9722,61.3098,1.81751,0,1,1.5347,1.31701,0,1.13666,1.90512,8.62394e+06,3.61194e+06,1.32351e+07,0,0,0,6.44116e+07
75.5671,85.1408,2.63128,0.08,0.02,2.61064,2.82799,0,0.489032,4.6872,4.14971e+06,2.70226e+06,1.08334e+07,0,0,0,0,59.3308,61.3098,3.23709,0,1,1.5347,1.31735,0,1.18571,1.90512,8.62394e+06,3.61194e+06,1.32351e+07,0,0,0,6.44116e+07
74.3859,85.1408,1.69686,0.08,0.02,2.61172,2.82872,0,0.489234,4.6872,4.14971e+06,2.70226e+06,1.08379e+07,0,0,0,0,59.42,61.3098,2.67899,0,1,1.5347,1.3177,0,1.18571,1.90512,8.62394e+06,3.61194e+06,1.32351e+07,0,0,0,6.44116e+07
74.8541,85.1408,3.37549,0.07,0.02,2.39971,2.61637,0,0.489437,4.6872,4.14971e+06,2.70226e+06,9.95811e+06,0,0,0,0,59.7334,61.3098,2.90375,0,1,1.4023,1.18565,0,1.18571,1.90512,8.62394e+06,3.61194e+06,1.20934e+07,0,0,0,6.44116e+07
79.0042,85.1408,7.06207,0.07,0.02,2.26835,2.61705,0,0.449706,4.6872,4.14971e+06,2.70226e+06,9.41298e+06,0,0,0,0,60.2943,61.3098,4.48834,0,1,1.53466,1.18596,0,1.08342,1.90512,8.62394e+06,3.61194e+06,1.32348e+07,0,0,0,6.44116e+07
81.652,85.1408,5.54886,0.08,0.02,2.26934,2.61774,0,0.425088,4.6872,4.14971e+06,2.70226e+06,9.41709e+06,0,0,0,0,60.6989,61.3098,4.24015,0,1,1.53466,1.18627,0,1.18568,1.90512,8.62394e+06,3.61194e+06,1.32348e+07,0,0,0,6.44116e+07
85.1408,85.1408,7.52664,0.06,0.02,2.27033,2.61842,0,0.425274,4.6872,4.14971e+06,2.70226e+06,9.42121e+06,0,0,0,0,61.2054,61.3098,4.3525,0,1,1.53466,1.18657,0,1.18568,1.90512,8.62394e+06,3.61194e+06,1.32348e+07,0,0,0,6.44116e+07
85.1408,85.1408,10.6456,0.09,0.02,2.27132,2.6191,0,0.42546,4.6872,4.14971e+06,2.70226e+06,9.42533e+06,0,0,0,0,62.338,61.3098,6.36158,0,1,1.53466,1.18688,0,1.18568,1.90512,8.62394e+06,3.61194e+06,1.32348e+07,0,0,0,6.44116e+07
85.1408,85.1408,8.15998,0.11,0.02,2.27163,2.6191,0,0.425646,4.6872,4.14971e+06,2.70226e+06,9.42661e+06,0,0,0,0,62.1998,61.3098,7.53922,0,1,1.53435,1.18688,0,1.18568,1.90512,8.62394e+06,3.61194e+06,1.32322e+07,0,0,0,6.44116e+07
85.1408,85.1408,3.81028,0.13,0.02,1.99451,2.70184,0,0.425704,5.11056,4.14971e+06,2.70226e+06,8.27665e+06,0,0,0,0,61.7438,61.3098,1.96134,0,1,1.9329,1.22557,0,1.18544,2.32848,8.62394e+06,3.61194e+06,1.66692e+07,0,0,0,6.44116e+07
85.1408,85.1408,2.71747,0.13,0.02,2.03388,2.70252,0,0.373772,5.11056,4.14971e+06,2.70226e+06,8.44001e+06,0,0,0,0,61.6001,61.3098,1.96737,0,1,1.89452,1.22588,0,1.49336,2.32848,8.62394e+06,3.61194e+06,1.63382e+07,0,0,0,6.44116e+07
85.1408,85.1408,7.33381,0.13,0.02,2.03487,2.70319,0,0.381149,5.11056,4.14971e+06,2.70226e+06,8.4441e+06,0,0,0,0,62.338,61.3098,4.91757,0,1,1.89452,1.22619,0,1.4637,2.32848,8.62394e+06,3.61194e+06,1.63382e+07,0,0,0,6.44116e+07
85.1408,85.1408,6.87412,0.12,0.02,2.03585,2.70387,0,0.381334,5.11056,4.14971e+06,2.70226e+06,8.44819e+06,0,0,0,0,62.338,61.3098,5.78555,0,1,1.89452,1.2265,0,1.4637,2.32848,8.62394e+06,3.61194e+06,1.63382e+07,0,0,0,6.44116e+07
85.1408,85.1408,9.31323,0.12,0.02,2.30063,2.96835,0,0.381519,5.11056,4.14971e+06,2.70226e+06,9.54696e+06,0,0,0,0,62.338,61.3098,7.91251,0,1,2.03876,1.37105,0,1.4637,2.32848,8.62394e+06,3.61194e+06,1.75822e+07,0,0,0,6.44116e+07
85.1408,85.1408,8.18346,0.12,0.02,2.44593,2.96909,0,0.431139,5.11056,4.14971e+06,2.70226e+06,1.01499e+07,0,0,0,0,62.338,61.3098,5.35056,0,1,1.89455,1.37139,0,1.57515,2.32848,8.62394e+06,3.61194e+06,1.63385e+07,0,0,0,6.44116e+07
85.1408,85.1408,5.91788,0.12,0.02,2.44702,2.96984,0,0.458368,5.11056,4.14971e+06,2.70226e+06,1.01544e+07,0,0,0,0,62.338,61.3098,3.71814,0,1,1.89455,1.37174,0,1.46373,2.32848,8.62394e+06,3.61194e+06,1.63385e+07,0,0,0,6.44116e+07
85.1408,85.1408,5.85082,0.11,0.02,2.44811,2.97058,0,0.458572,5.11056,4.14971e+06,2.70226e+06,1.01589e+07,0,0,0,0,62.338,61.3098,3.36658,0,1,1.89455,1.37208,0,1.46373,2.32848,8.62394e+06,3.61194e+06,1.63385e+07,0,0,0,6.44116e+07
85.1408,85.1408,7.81266,0.1,0.02,2.07256,2.59469,0,0.458776,5.11056,4.14971e+06,2.70226e+06,8.60053e+06,0,0,0,0,62.338,61.3098,8.29968,0,1,1.70078,1.17865,0,1.46373,2.32848,8.62394e+06,3.61194e+06,1.46674e+07,0,0,0,6.44116e+07
85.1408,85.1408,8.11999,0.1,0.02,1.87978,2.59534,0,0.388398,5.11056,4.14971e+06,2.70226e+06,7.80055e+06,0,0,0,0,62.338,61.3098,8.83944,0,1,1.8945,1.17895,0,1.31402,2.32848,8.62394e+06,3.61194e+06,1.63381e+07,0,0,0,6.44116e+07
85.1408,85.1408,8.16862,0.1,0.02,1.88073,2.59599,0,0.352272,5.11056,4.14971e+06,2.70226e+06,7.80448e+06,0,0,0,0,62.338,61.3098,11.5606,0,1,1.8945,1.17924,0,1.46369,2.32848,8.62394e+06,3.61194e+06,1.63381e+07,0,0,0,6.44116e+07
85.1408,85.1408,8.84404,0.1,0.02,1.88168,2.59664,0,0.352449,5.11056,4.14971e+06,2.70226e+06,7.80841e+06,0,0,0,0,62.338,61.3098,10.8448,0,1,1.8945,1.17954,0,1.46369,2.32848,8.62394e+06,3.61194e+06,1.63381e+07,0,0,0,6.44116e+07
85.1408,85.1408,8.84378,0.1,0.02,1.88262,2.59729,0,0.352626,5.11056,4.14971e+06,2.70226e+06,7.81234e+06,0,0,0,0,62.338,61.3098,11.9369,0,1,1.8945,1.17983,0,1.46369,2.32848,8.62394e+06,3.61194e+06,1.63381e+07,0,0,0,6.44116e+07
85.1408,85.1408,5.77161,0.1,0.02,1.97849,2.69287,0,0.352804,5.11056,4.14971e+06,2.70226e+06,8.21017e+06,0,0,0,0,62.338,61.3098,8.99986,0,1,1.94197,1.22759,0,1.46369,2.32848,8.62394e+06,3.61194e+06,1.67474e+07,0,0,0,6.44116e+07
85.1408,85.1408,5.53246,0.1,0.02,2.02693,2.69354,0,0.37077,5.11056,4.14971e+06,2.70226e+06,8.41116e+06,0,0,0,0,62.338,61.3098,8.51823,0,1,1.89452,1.2279,0,1.50036,2.32848,8.62394e+06,3.61194e+06,1.63382e+07,0,0,0,6.44116e+07
85.1408,85.1408,4.53335,0.1,0.02,2.02791,2.69422,0,0.379846,5.11056,4.14971e+06,2.70226e+06,8.41524e+06,0,0,0,0,62.338,61.3098,7.2296,0,1,1.89452,1.22821,0,1.4637,2.32848,8.62394e+06,3.61194e+06,1.63382e+07,0,0,0,6.44116e+07
85.1408,85.1408,4.38764,0.09,0.02,2.02889,2.69489,0,0.380031,5.11056,4.14971e+06,2.70226e+06,8.41932e+06,0,0,0,0,62.338,61.3098,6.81227,0,1,1.89452,1.22852,0,1.4637,2.32848,8.62394e+06,3.61194e+06,1.63382e+07,0,0,0,6.44116e+07
85.1408,85.1408,4.60545,0.09,0.02,1.99273,2.65842,0,0.380215,5.11056,4.14971e+06,2.70226e+06,8.26923e+06,0,0,0,0,62.338,61.3098,6.37768,0,1,1.87606,1.21037,0,1.4637,2.32848,8.62394e+06,3.61194e+06,1.6179e+07,0,0,0,6.44116e+07
85.1408,85.1408,3.83404,0.09,0.02,1.97525,2.65908,0,0.373437,5.11056,4.14971e+06,2.70226e+06,8.1967e+06,0,0,0,0,62.338,61.3098,5.59918,0,1,1.89451,1.21067,0,1.44945,2.32848,8.62394e+06,3.61194e+06,1.63381e+07,0,0,0,6.44116e+07
85.1408,85.1408,3.39392,0.09,0.02,1.97622,2.65975,0,0.370161,5.11056,4.14971e+06,2.70226e+06,8.20072e+06,0,0,0,0,62.338,61.3098,4.96419,0,1,1.89451,1.21098,0,1.4637,2.32848,8.62394e+06,3.61194e+06,1.63381e+07,0,0,0,6.44116e+07
85.1408,85.1408,3.06933,0.07,0.02,1.97719,2.66042,0,0.370343,5.11056,4.14971e+06,2.70226e+06,8.20475e+06,0,0,0,0,62.338,61.3098,4.48891,0,1,1.89451,1.21128,0,1.4637,2.32848,8.62394e+06,3.61194e+06,1.63381e+07,0,0,0,6.44116e+07
85.1408,85.1408,2.94358,0.07,0.02,2.10439,2.78732,0,0.370525,5.11056,4.14971e+06,2.70226e+06,8.73261e+06,0,0,0,0,62.338,61.3098,4.25941,0,1,1.96002,1.27709,0,1.4637,2.32848,8.62394e+06,3.61194e+06,1.69031e+07,0,0,0,6.44116e+07
85.1408,85.1408,3.0672,0.08,0.02,2.1709,2.78802,0,0.394363,5.11056,4.14971e+06,2.70226e+06,9.00859e+06,0,0,0,0,62.338,61.3098,5.20616,0,1,1.89453,1.27741,0,1.51431,2.32848,8.62394e+06,3.61194e+06,1.63383e+07,0,0,0,6.44116e+07
85.1408,85.1408,2.73685,0.08,0.02,2.17192,2.78871,0,0.406826,5.11056,4.14971e+06,2.70226e+06,9.01282e+06,0,0,0,0,62.338,61.3098,4.36474,0,1,1.89453,1.27773,0,1.46371,2.32848,8.62394e+06,3.61194e+06,1.63383e+07,0,0,0,6.44116e+07
85.1408,85.1408,2.55466,0.09,0.02,2.17294,2.78941,0,0.407017,5.11056,4.14971e+06,2.70226e+06,9.01705e+06,0,0,0,0,62.338,61.3098,3.67197,0,1,1.89453,1.27805,0,1.46371,2.32848,8.62394e+06,3.61194e+06,1.63383e+07,0,0,0,6.44116e+07
85.1408,85.1408,2.63744,0.07,0.02,2.17395,2.79011,0,0.407208,5.11056,4.14971e+06,2.70226e+06,9.02128e+06,0,0,0,0,62.338,61.3098,3.24643,0,1,1.89453,1.27837,0,1.46371,2.32848,8.62394e+06,3.61194e+06,1.63383e+07,0,0,0,6.44116e+07
85.1408,85.1408,2.76961,0.06,0.02,2.14998,2.76582,0,0.407399,5.11056,4.14971e+06,2.70226e+06,8.92178e+06,0,0,0,0,62.338,61.3098,2.67761,0,1,1.93058,1.31474,0,1.46371,2.32848,8.62394e+06,3.61194e+06,1.66492e+07,0,0,0,6.44116e+07
85.1408,85.1408,2.53256,0.05,0.02,2.18704,2.76651,0,0.402906,5.11056,4.14971e+06,2.70226e+06,9.07557e+06,0,0,0,0,62.338,61.3098,2.68892,0,1,1.89454,1.31507,0,1.49156,2.32848,8.62394e+06,3.61194e+06,1.63384e+07,0,0,0,6.44116e+07
84.9741,85.1408,2.28632,0.04,0.02,2.18806,2.7672,0,0.409851,5.11056,4.14971e+06,2.70226e+06,9.07982e+06,0,0,0,0,62.3279,61.3098,2.40223,0,1,1.89454,1.3154,0,1.46372,2.32848,8.62394e+06,3.61194e+06,1.63384e+07,0,0,0,6.44116e+07
84.7371,85.1408,2.1787,0.04,0.02,2.18908,2.7679,0,0.410043,5.11056,4.14971e+06,2.70226e+06,9.08406e+06,0,0,0,0,62.2145,61.3098,2.33467,0,1,1.89454,1.31573,0,1.46372,2.32848,8.62394e+06,3.61194e+06,1.63384e+07,0,0,0,6.44116e+07
84.6307,85.1408,2.37521,0.04,0.02,2.25472,2.8332,0,0.410234,5.11056,4.14971e+06,2.70226e+06,9.35643e+06,0,0,0,0,62.0952,61.3098,2.54341,0,1,1.9267,1.34821,0,1.46372,2.32848,8.62394e+06,3.61194e+06,1.66157e+07,0,0,0,6.44116e+07
84.3906,85.1408,2.25225,0.04,0.02,2.28792,2.83391,0,0.422535,5.11056,4.14971e+06,2.70226e+06,9.49419e+06,0,0,0,0,61.863,61.3098,2.59409,0,1,1.89455,1.34855,0,1.48857,2.32848,8.62394e+06,3.61194e+06,1.63384e+07,0,0,0,6.44116e+07
84.0122,85.1408,2.10749,0.04,0.02,2.28897,2.83462,0,0.428756,5.11056,4.14971e+06,2.70226e+06,9.49854e+06,0,0,0,0,61.5738,61.3098,2.37954,0,1,1.89455,1.34889,0,1.46373,2.32848,8.62394e+06,3.61194e+06,1.63384e+07,0,0,0,6.44116e+07
83.6079,85.1408,2.07206,0.04,0.02,2.29001,2.83533,0,0.428952,5.11056,4.14971e+06,2.70226e+06,9.50289e+06,0,0,0,0,61.3435,61.3098,2.55026,0,1,1.89455,1.34923,0,1.46373,2.32848,8.62394e+06,3.61194e+06,1.63384e+07,0,0,0,6.44116e+07
82.9535,85.1408,1.97713,0.04,0.02,2.48047,3.02545,0,0.429149,5.11056,4.14971e+06,2.70226e+06,1.02932e+07,0,0,0,0,60.9408,61.3098,2.22591,0,1,2.01074,1.46576,0,1.46373,2.32848,8.62394e+06,3.61194e+06,1.73405e+07,0,0,0,6.44116e+07
81.8856,85.1408,1.66612,0.04,0.02,2.59776,3.02621,0,0.46484,5.11056,4.14971e+06,2.70226e+06,1.07799e+07,0,0,0,0,60.3664,61.3098,1.72727,0,1,1.89458,1.46613,0,1.5535,2.32848,8.62394e+06,3.61194e+06,1.63387e+07,0,0,0,6.44116e+07
80.6307,85.1408,1.50045,0.05,0.02,2.59888,3.02696,0,0.48682,5.11056,4.14971e+06,2.70226e+06,1.07846e+07,0,0,0,0,59.8352,61.3098,1.65567,0,1,1.89458,1.46649,0,1.46375,2.32848,8.62394e+06,3.61194e+06,1.63387e+07,0,0,0,6.44116e+07
79.4112,85.1408,1.51321,0.06,0.02,2.60001,3.02772,0,0.48703,5.11056,4.14971e+06,2.70226e+06,1.07893e+07,0,0,0,0,59.4571,61.3098,1.79973,0,1,1.89458,1.46686,0,1.46375,2.32848,8.62394e+06,3.61194e+06,1.63387e+07,0,0,0,6.44116e+07
78.3531,85.1408,1.68612,0.08,0.02,2.60113,3.02848,0,0.487241,5.11056,4.14971e+06,2.70226e+06,1.07939e+07,0,0,0,0,59.1602,61.3098,2.27267,0,1,1.89458,1.46723,0,1.46375,2.32848,8.62394e+06,3.61194e+06,1.63387e+07,0,0,0,6.44116e+07
77.5222,85.1408,1.88862,0.07,0.02,2.50983,2.93681,0,0.487452,5.11056,4.14971e+06,2.70226e+06,1.04151e+07,0,0,0,0,59.0703,61.3098,2.57042,0,1,1.82396,1.39698,0,1.46375,2.32848,8.62394e+06,3.61194e+06,1.57297e+07,0,0,0,6.44116e+07
76.4047,85.1408,1.52119,0.08,0.02,2.44032,2.93755,0,0.470343,5.11056,4.14971e+06,2.70226e+06,1.01266e+07,0,0,0,0,58.8135,61.3098,2.17731,0,1,1.89456,1.39733,0,1.40919,2.32848,8.62394e+06,3.61194e+06,1.63385e+07,0,0,0,6.44116e+07
75.6331,85.1408,1.87407,0.08,0.02,2.44141,2.93828,0,0.457317,5.11056,4.14971e+06,2.70226e+06,1.01311e+07,0,0,0,0,58.6821,61.3098,2.45335,0,1,1.89456,1.39768,0,1.46374,2.32848,8.62394e+06,3.61194e+06,1.63385e+07,0,0,0,6.44116e+07
75.619,85.1408,2.67149,0.09,0.02,2.44249,2.93902,0,0.45752,5.11056,4.14971e+06,2.70226e+06,1.01356e+07,0,0,0,0,58.7837,61.3098,2.97556,0,1,1.89456,1.39803,0,1.46374,2.32848,8.62394e+06,3.61194e+06,1.63385e+07,0,0,0,6.44116e+07
76.0262,85.1408,3.18818,0.09,0.02,2.36764,2.86381,0,0.457723,5.11056,4.14971e+06,2.70226e+06,9.82501e+06,0,0,0,0,59.1479,61.3098,3.74514,0,1,1.83022,1.33404,0,1.46374,2.32848,8.62394e+06,3.61194e+06,1.57837e+07,0,0,0,6.44116e+07
77.6893,85.1408,4.39999,0.09,0.02,2.30437,2.86453,0,0.443695,5.11056,4.14971e+06,2.70226e+06,9.56244e+06,0,0,0,0,59.5481,61.3098,4.95918,0,1,1.89454,1.33438,0,1.41403,2.32848,8.62394e+06,3.61194e+06,1.63384e+07,0,0,0,6.44116e+07
78.3341,85.1408,3.40869,0.11,0.02,2.30542,2.86525,0,0.431838,5.11056,4.14971e+06,2.70226e+06,9.56681e+06,0,0,0,0,59.4117,61.3098,3.03034,0,1,1.89454,1.33471,0,1.46372,2.32848,8.62394e+06,3.61194e+06,1.63384e+07,0,0,0,6.44116e+07
79.4282,85.1408,3.90274,0.1,0.02,2.30647,2.86597,0,0.432035,5.11056,4.14971e+06,2.70226e+06,9.57117e+06,0,0,0,0,59.613,61.3098,4.04593,0,1,1.89454,1.33504,0,1.46372,2.32848,8.62394e+06,3.61194e+06,1.63384e+07,0,0,0,6.44116e+07
84.465,85.1408,7.9143,0.1,0.02,2.09163,2.65079,0,0.432232,5.11056,4.14971e+06,2.70226e+06,8.67964e+06,0,0,0,0,61.7789,61.3098,6.59876,0,1,1.76041,1.20124,0,1.46372,2.32848,8.62394e+06,3.61194e+06,1.51816e+07,0,0,0,6.44116e+07
85.1408,85.1408,14.1778,0.06,0.02,1.95849,2.65145,0,0.391971,5.11056,4.14971e+06,2.70226e+06,8.12716e+06,0,0,0,0,62.338,61.3098,7.10361,0,1,1.89451,1.20154,0,1.36009,2.32848,8.62394e+06,3.61194e+06,1.63381e+07,0,0,0,6.44116e+07
85.1408,85.1408,10.5123,0.09,0.02,1.95945,2.65212,0,0.367021,5.11056,4.14971e+06,2.70226e+06,8.13116e+06,0,0,0,0,62.338,61.3098,4.73012,0,1,1.89451,1.20185,0,1.4637,2.32848,8.62394e+06,3.61194e+06,1.63381e+07,0,0,0,6.44116e+07
85.1408,85.1408,11.7609,0.11,0.02,1.96042,2.65278,0,0.367202,5.11056,4.14971e+06,2.70226e+06,8.13516e+06,0,0,0,0,62.338,61.3098,4.87574,0,1,1.89451,1.20215,0,1.4637,2.32848,8.62394e+06,3.61194e+06,1.63381e+07,0,0,0,6.44116e+07
85.1408,85.1408,10.1778,0.18,0.02,1.96138,2.65344,0,0.367382,5.11056,4.14971e+06,2.70226e+06,8.13916e+06,0,0,0,0,62.338,61.3098,4.25147,0,1,1.89451,1.20245,0,1.4637,2.32848,8.62394e+06,3.61194e+06,1.63381e+07,0,0,0,6.44116e+07
85.1408,85.1408,4.85087,0.19,0.02,2.04548,2.73724,0,0.367563,5.11056,4.14971e+06,2.70226e+06,8.48813e+06,0,0,0,0,62.338,61.3098,3.41881,0,0,1.93339,1.24163,0,1.4637,2.32848,8.62394e+06,3.61194e+06,1.66734e+07,0,0,0,6.44116e+07
85.1408,85.1408,4.95845,0.19,0.02,2.08532,2.7379,0,0.383323,5.11056,4.14971e+06,2.70226e+06,8.65346e+06,0,0,0,0,62.338,61.3098,3.56163,0,0,1.89451,1.24193,0,1.49374,2.32848,8.62394e+06,3.61194e+06,1.63381e+07,0,0,0,6.44116e+07
85.1408,85.1408,5.09719,0.19,0.02,2.08628,2.73855,0,0.390789,5.11056,4.14971e+06,2.70226e+06,8.65743e+06,0,0,0,0,62.338,61.3098,4.78052,0,0,1.89451,1.24223,0,1.4637,2.32848,8.62394e+06,3.61194e+06,1.63381e+07,0,0,0,6.44116e+07
85.1408,85.1408,7.25187,0.19,0.02,2.08723,2.73921,0,0.390968,5.11056,4.14971e+06,2.70226e+06,8.6614e+06,0,0,0,0,62.338,61.3098,4.14018,0,0,1.89451,1.24253,0,1.4637,2.32848,8.62394e+06,3.61194e+06,1.63381e+07,0,0,0,6.44116e+07
85.1408,85.1408,5.907,0.19,0.02,2.35543,3.00711,0,0.391147,5.11056,4.14971e+06,2.70226e+06,9.77434e+06,0,0,0,0,62.338,61.3098,3.63383,0,0,2.04064,1.38895,0,1.4637,2.32848,8.62394e+06,3.61194e+06,1.75983e+07,0,0,0,6.44116e+07
85.1408,85.1408,3.2321,0.19,0.02,2.50258,3.00783,0,0.441408,5.11056,4.14971e+06,2.70226e+06,1.0385e+07,0,0,0,0,62.3016,61.3098,2.76247,0,0,1.89454,1.38929,0,1.5766,2.32848,8.62394e+06,3.61194e+06,1.63384e+07,0,0,0,6.44116e+07
85.1408,85.1408,5.76512,0.14,0.02,2.50364,3.00856,0,0.468984,5.11056,4.14971e+06,2.70226e+06,1.03894e+07,0,0,0,0,62.338,61.3098,3.82582,0,0,1.89454,1.38962,0,1.46372,2.32848,8.62394e+06,3.61194e+06,1.63384e+07,0,0,0,6.44116e+07
85.1408,85.1408,5.58081,0.18,0.02,2.50469,3.00928,0,0.469182,5.11056,4.14971e+06,2.70226e+06,1.03937e+07,0,0,0,0,62.338,61.3098,3.9131,0,0,1.89454,1.38996,0,1.46372,2.32848,8.62394e+06,3.61194e+06,1.63384e+07,0,0,0,6.44116e+07
85.1408,85.1408,4.70065,0.17,0.02,2.12421,2.62847,0,0.46938,5.11056,4.14971e+06,2.70226e+06,8.81486e+06,0,0,0,0,62.338,61.3098,3.84506,0,0,1.69825,1.19399,0,1.46372,2.32848,8.62394e+06,3.61194e+06,1.46456e+07,0,0,0,6.44116e+07
85.1408,85.1408,5.29191,0.16,0.02,1.92888,2.6291,0,0.398078,5.11056,4.14971e+06,2.70226e+06,8.0043e+06,0,0,0,0,62.338,61.3098,4.40499,0,0,1.89449,1.19428,0,1.31206,2.32848,8.62394e+06,3.61194e+06,1.6338e+07,0,0,0,6.44116e+07
85.1408,85.1408,7.22994,0.16,0.02,1.9298,2.62973,0,0.361473,5.11056,4.14971e+06,2.70226e+06,8.00811e+06,0,0,0,0,62.338,61.3098,4.32602,0,0,1.89449,1.19457,0,1.46369,2.32848,8.62394e+06,3.61194e+06,1.6338e+07,0,0,0,6.44116e+07
85.1408,85.1408,5.53757,0.16,0.02,1.93072,2.63036,0,0.361645,5.11056,4.14971e+06,2.70226e+06,8.01192e+06,0,0,0,0,62.338,61.3098,4.46999,0,0,1.89449,1.19485,0,1.46369,2.32848,8.62394e+06,3.61194e+06,1.6338e+07,0,0,0,6.44116e+07
85.1408,85.1408,6.56885,0.16,0.02,1.93164,2.63099,0,0.361817,5.11056,4.14971e+06,2.70226e+06,8.01573e+06,0,0,0,0,62.338,61.3098,4.77929,0,0,1.8945,1.19514,0,1.46369,2.32848,8.62394e+06,3.61194e+06,1.6338e+07,0,0,0,6.44116e+07
85.1408,85.1408,5.22126,0.15,0.02,2.02871,2.72778,0,0.361989,5.11056,4.14971e+06,2.70226e+06,8.41856e+06,0,0,0,0,62.338,61.3098,3.89557,0,0,1.94257,1.24351,0,1.46369,2.32848,8.62394e+06,3.61194e+06,1.67526e+07,0,0,0,6.44116e+07
85.1408,85.1408,4.71423,0.15,0.02,2.07773,2.72843,0,0.380181,5.11056,4.14971e+06,2.70226e+06,8.62198e+06,0,0,0,0,62.338,61.3098,3.35294,0,0,1.89451,1.24381,0,1.50083,2.32848,8.62394e+06,3.61194e+06,1.63381e+07,0,0,0,6.44116e+07
85.1408,85.1408,4.35381,0.14,0.02,2.07869,2.72909,0,0.389367,5.11056,4.14971e+06,2.70226e+06,8.62594e+06,0,0,0,0,62.338,61.3098,3.98336,0,0,1.89451,1.2441,0,1.4637,2.32848,8.62394e+06,3.61194e+06,1.63381e+07,0,0,0,6.44116e+07
85.1408,85.1408,5.68724,0.12,0.02,2.07964,2.72974,0,0.389546,5.11056,4.14971e+06,2.70226e+06,8.6299e+06,0,0,0,0,62.338,61.3098,5.02236,0,0,1.89451,1.2444,0,1.4637,2.32848,8.62394e+06,3.61194e+06,1.63381e+07,0,0,0,6.44116e+07
85.1408,85.1408,4.21103,0.11,0.02,2.04296,2.69277,0,0.389725,5.11056,4.14971e+06,2.70226e+06,8.4777e+06,0,0,0,0,62.338,61.3098,4.07087,0,0,1.87582,1.22601,0,1.4637,2.32848,8.62394e+06,3.61194e+06,1.61769e+07,0,0,0,6.44116e+07
85.1408,85.1408,3.43891,0.11,0.02,2.02522,2.69341,0,0.382851,5.11056,4.14971e+06,2.70226e+06,8.40406e+06,0,0,0,0,62.338,61.3098,3.29362,0,0,1.8945,1.22631,0,1.44926,2.32848,8.62394e+06,3.61194e+06,1.63381e+07,0,0,0,6.44116e+07
85.1408,85.1408,2.91215,0.1,0.02,2.02616,2.69406,0,0.379526,5.11056,4.14971e+06,2.70226e+06,8.40797e+06,0,0,0,0,62.2993,61.3098,2.97723,0,0,1.8945,1.2266,0,1.46369,2.32848,8.62394e+06,3.61194e+06,1.63381e+07,0,0,0,6.44116e+07
85.1408,85.1408,2.67377,0.09,0.02,2.0271,2.69471,0,0.379702,5.11056,4.14971e+06,2.70226e+06,8.41187e+06,0,0,0,0,62.1428,61.3098,2.38004,0,0,1.8945,1.22689,0,1.46369,2.32848,8.62394e+06,3.61194e+06,1.63381e+07,0,0,0,6.44116e+07
85.1408,85.1408,3.3178,0.07,0.02,2.1559,2.82322,0,0.379879,5.11056,4.14971e+06,2.70226e+06,8.94636e+06,0,0,0,0,62.1887,61.3098,2.73015,0,0,1.96085,1.29354,0,1.46369,2.32848,8.62394e+06,3.61194e+06,1.69103e+07,0,0,0,6.44116e+07
85.1344,85.1408,2.53121,0.08,0.02,2.22322,2.82389,0,0.404016,5.11056,4.14971e+06,2.70226e+06,9.22572e+06,0,0,0,0,61.9606,61.3098,2.33332,0,0,1.89452,1.29385,0,1.51495,2.32848,8.62394e+06,3.61194e+06,1.63382e+07,0,0,0,6.44116e+07
84.9219,85.1408,2.26777,0.08,0.02,2.22421,2.82457,0,0.416632,5.11056,4.14971e+06,2.70226e+06,9.22983e+06,0,0,0,0,61.7122,61.3098,2.32207,0,0,1.89452,1.29416,0,1.46371,2.32848,8.62394e+06,3.61194e+06,1.63382e+07,0,0,0,6.44116e+07
84.6828,85.1408,2.23654,0.09,0.02,2.2252,2.82525,0,0.416817,5.11056,4.14971e+06,2.70226e+06,9.23393e+06,0,0,0,0,61.5193,61.3098,2.34195,0,0,1.89452,1.29447,0,1.46371,2.32848,8.62394e+06,3.61194e+06,1.63382e+07,0,0,0,6.44116e+07
84.4645,85.1408,2.25331,0.08,0.02,2.22619,2.82593,0,0.417002,5.11056,4.14971e+06,2.70226e+06,9.23803e+06,0,0,0,0,61.3304,61.3098,2.37956,0,0,1.89452,1.29478,0,1.46371,2.32848,8.62394e+06,3.61194e+06,1.63382e+07,0,0,0,6.44116e+07
85.0703,85.1408,3.07512,0.06,0.02,2.20186,2.80129,0,0.417188,5.11056,4.14971e+06,2.70226e+06,9.13708e+06,0,0,0,0,61.4452,61.3098,3.1841,0,0,1.93103,1.3316,0,1.46371,2.32848,8.62394e+06,3.61194e+06,1.66531e+07,0,0,0,6.44116e+07
85.1408,85.1408,2.81301,0.06,0.02,2.23936,2.80196,0,0.412629,5.11056,4.14971e+06,2.70226e+06,9.29267e+06,0,0,0,0,61.5497,61.3098,3.17695,0,0,1.89453,1.33192,0,1.49191,2.32848,8.62394e+06,3.61194e+06,1.63383e+07,0,0,0,6.44116e+07
85.1408,85.1408,2.54407,0.05,0.02,2.24035,2.80263,0,0.419655,5.11056,4.14971e+06,2.70226e+06,9.29679e+06,0,0,0,0,61.5818,61.3098,2.83507,0,0,1.89453,1.33224,0,1.46371,2.32848,8.62394e+06,3.61194e+06,1.63383e+07,0,0,0,6.44116e+07
85.1112,85.1408,2.41721,0.04,0.02,2.24134,2.80331,0,0.419841,5.11056,4.14971e+06,2.70226e+06,9.30091e+06,0,0,0,0,61.4983,61.3098,2.79433,0,0,1.89453,1.33256,0,1.46371,2.32848,8.62394e+06,3.61194e+06,1.63383e+07,0,0,0,6.44116e+07
84.6087,85.1408,1.97498,0.04,0.02,2.30777,2.86942,0,0.420027,5.11056,4.14971e+06,2.70226e+06,9.57658e+06,0,0,0,0,61.2367,61.3098,2.11506,0,0,1.9271,1.36545,0,1.46371,2.32848,8.62394e+06,3.61194e+06,1.66192e+07,0,0,0,6.44116e+07
84.0601,85.1408,1.98542,0.05,0.02,2.34135,2.87011,0,0.432477,5.11056,4.14971e+06,2.70226e+06,9.71592e+06,0,0,0,0,60.9662,61.3098,2.20884,0,0,1.89454,1.36578,0,1.48888,2.32848,8.62394e+06,3.61194e+06,1.63384e+07,0,0,0,6.44116e+07
83.388,85.1408,1.83393,0.05,0.02,2.34237,2.8708,0,0.438769,5.11056,4.14971e+06,2.70226e+06,9.72014e+06,0,0,0,0,60.617,61.3098,2.11004,0,0,1.89454,1.36611,0,1.46372,2.32848,8.62394e+06,3.61194e+06,1.63384e+07,0,0,0,6.44116e+07
82.5613,85.1408,1.66912,0.06,0.02,2.34338,2.87149,0,0.43896,5.11056,4.14971e+06,2.70226e+06,9.72436e+06,0,0,0,0,60.2312,61.3098,1.83869,0,0,1.89454,1.36643,0,1.46372,2.32848,8.62394e+06,3.61194e+06,1.63384e+07,0,0,0,6.44116e+07
81.5956,85.1408,1.67694,0.06,0.02,2.53622,3.064,0,0.43915,5.11056,4.14971e+06,2.70226e+06,1.05246e+07,0,0,0,0,59.8825,61.3098,2.27825,0,0,2.01221,1.48443,0,1.46372,2.32848,8.62394e+06,3.61194e+06,1.73532e+07,0,0,0,6.44116e+07
79.9626,85.1408,1.09047,0.06,0.02,2.65496,3.06473,0,0.475288,5.11056,4.14971e+06,2.70226e+06,1.10173e+07,0,0,0,0,59.4012,61.3098,1.69379,0,0,1.89456,1.48479,0,1.55463,2.32848,8.62394e+06,3.61194e+06,1.63386e+07,0,0,0,6.44116e+07
78.427,85.1408,1.17679,0.06,0.02,2.65605,3.06547,0,0.497539,5.11056,4.14971e+06,2.70226e+06,1.10218e+07,0,0,0,0,58.9357,61.3098,1.70852,0,0,1.89456,1.48515,0,1.46374,2.32848,8.62394e+06,3.61194e+06,1.63386e+07,0,0,0,6.44116e+07
77.4954,85.1408,1.8216,0.09,0.02,2.65714,3.0662,0,0.497743,5.11056,4.14971e+06,2.70226e+06,1.10264e+07,0,0,0,0,58.5727,61.3098,2.05003,0,0,1.89456,1.4855,0,1.46374,2.32848,8.62394e+06,3.61194e+06,1.63386e+07,0,0,0,6.44116e+07
77.1794,85.1408,2.45991,0.09,0.02,2.65823,3.06694,0,0.497948,5.11056,4.14971e+06,2.70226e+06,1.10309e+07,0,0,0,0,58.3732,61.3098,2.24458,0,0,1.89456,1.48586,0,1.46374,2.32848,8.62394e+06,3.61194e+06,1.63386e+07,0,0,0,6.44116e+07
76.2486,85.1408,1.8523,0.09,0.02,2.56573,2.97408,0,0.498153,5.11056,4.14971e+06,2.70226e+06,1.0647e+07,0,0,0,0,58.1665,61.3098,3.63804,0,0,1.82306,1.41471,0,1.46374,2.32848,8.62394e+06,3.61194e+06,1.57219e+07,0,0,0,6.44116e+07
75.3232,85.1408,1.82719,0.09,0.02,2.49529,2.97479,0,0.480817,5.11056,4.14971e+06,2.70226e+06,1.03547e+07,0,0,0,0,58.0816,61.3098,3.47456,0,0,1.89455,1.41505,0,1.40849,2.32848,8.62394e+06,3.61194e+06,1.63385e+07,0,0,0,6.44116e+07
74.5388,85.1408,1.98702,0.09,0.02,2.49634,2.9755,0,0.467617,5.11056,4.14971e+06,2.70226e+06,1.03591e+07,0,0,0,0,58.5545,61.3098,5.67937,0,0,1.89455,1.41539,0,1.46373,2.32848,8.62394e+06,3.61194e+06,1.63385e+07,0,0,0,6.44116e+07
73.7016,85.1408,1.92322,0.1,0.02,2.49739,2.97622,0,0.467814,5.11056,4.14971e+06,2.70226e+06,1.03635e+07,0,0,0,0,59.0284,61.3098,5.6932,0,0,1.89455,1.41573,0,1.46373,2.32848,8.62394e+06,3.61194e+06,1.63385e+07,0,0,0,6.44116e+07
72.4543,85.1408,1.48192,0.12,0.02,2.42155,2.90003,0,0.468012,5.11056,4.14971e+06,2.70226e+06,1.00487e+07,0,0,0,0,59.1634,61.3098,3.88104,0,0,1.82939,1.35091,0,1.46373,2.32848,8.62394e+06,3.61194e+06,1.57766e+07,0,0,0,6.44116e+07
70.9912,85.1408,1.22415,0.12,0.02,2.35743,2.90073,0,0.453798,5.11056,4.14971e+06,2.70226e+06,9.78264e+06,0,0,0,0,59.1496,61.3098,3.21409,0,0,1.89453,1.35124,0,1.41339,2.32848,8.62394e+06,3.61194e+06,1.63383e+07,0,0,0,6.44116e+07
69.9017,85.1408,1.68073,0.12,0.02,2.35845,2.90142,0,0.441782,5.11056,4.14971e+06,2.70226e+06,9.78687e+06,0,0,0,0,59.4881,61.3098,4.40389,0,0,1.89453,1.35156,0,1.46372,2.32848,8.62394e+06,3.61194e+06,1.63383e+07,0,0,0,6.44116e+07
70.6797,85.1408,3.63667,0.12,0.02,2.35947,2.90212,0,0.441973,5.11056,4.14971e+06,2.70226e+06,9.79111e+06,0,0,0,0,61.0395,61.3098,6.61174,0,0,1.89453,1.35188,0,1.46372,2.32848,8.62394e+06,3.61194e+06,1.63383e+07,0,0,0,6.44116e+07
70.9056,85.1408,2.8706,0.12,0.02,2.14187,2.6842,0,0.442165,5.11056,4.14971e+06,2.70226e+06,8.88815e+06,0,0,0,0,61.5149,61.3098,5.56456,0,0,1.75871,1.21638,0,1.46372,2.32848,8.62394e+06,3.61194e+06,1.5167e+07,0,0,0,6.44116e+07
72.2523,85.1408,3.85614,0.13,0.02,2.00702,2.68484,0,0.401387,5.11056,4.14971e+06,2.70226e+06,8.32854e+06,0,0,0,0,61.2447,61.3098,3.65249,0,0,1.8945,1.21668,0,1.35878,2.32848,8.62394e+06,3.61194e+06,1.6338e+07,0,0,0,6.44116e+07
73.1754,85.1408,3.50236,0.13,0.02,2.00795,2.68549,0,0.376115,5.11056,4.14971e+06,2.70226e+06,8.33242e+06,0,0,0,0,62.338,61.3098,10.2565,0,0,1.8945,1.21697,0,1.46369,2.32848,8.62394e+06,3.61194e+06,1.6338e+07,0,0,0,6.44116e+07
74.2218,85.1408,3.67365,0.13,0.02,2.00889,2.68613,0,0.37629,5.11056,4.14971e+06,2.70226e+06,8.3363e+06,0,0,0,0,62.338,61.3098,8.14653,0,0,1.8945,1.21726,0,1.46369,2.32848,8.62394e+06,3.61194e+06,1.6338e+07,0,0,0,6.44116e+07
74.0594,85.1408,2.31975,0.12,0.02,2.00983,2.68677,0,0.376466,5.11056,4.14971e+06,2.70226e+06,8.34019e+06,0,0,0,0,62.338,61.3098,5.16534,0,0,1.8945,1.21755,0,1.46369,2.32848,8.62394e+06,3.61194e+06,1.6338e+07,0,0,0,6.44116e+07
73.3921,85.1408,1.93584,0.11,0.04,2.09494,2.77159,0,0.376641,5.11056,4.14971e+06,2.70226e+06,8.69337e+06,0,0,0,0,62.338,61.3098,4.21287,0,0,1.93387,1.25721,0,1.46369,2.32848,8.62394e+06,3.61194e+06,1.66776e+07,0,0,0,6.44116e+07
73.8658,85.1408,3.16888,0.15,0.04,2.13524,2.77223,0,0.392591,5.11056,4.14971e+06,2.70226e+06,8.8606e+06,0,0,0,0,62.338,61.3098,5.33381,0,0,1.8945,1.2575,0,1.49411,2.32848,8.62394e+06,3.61194e+06,1.6338e+07,0,0,0,6.44116e+07
77.3917,85.1408,6.26739,0.13,0.04,2.13616,2.77287,0,0.400143,5.11056,4.14971e+06,2.70226e+06,8.86445e+06,0,0,0,0,62.338,61.3098,8.31164,0,0,1.8945,1.25779,0,1.46369,2.32848,8.62394e+06,3.61194e+06,1.6338e+07,0,0,0,6.44116e+07
82.1122,85.1408,7.55614,0.13,0.04,2.13709,2.77351,0,0.400317,5.11056,4.14971e+06,2.70226e+06,8.8683e+06,0,0,0,0,62.338,61.3098,8.16538,0,0,1.8945,1.25808,0,1.46369,2.32848,8.62394e+06,3.61194e+06,1.6338e+07,0,0,0,6.44116e+07
85.1408,85.1408,10.9314,0.1,0.04,2.4086,3.04473,0,0.400491,5.11056,4.14971e+06,2.70226e+06,9.99499e+06,0,0,0,0,62.338,61.3098,9.87828,0,0,2.04246,1.40633,0,1.46369,2.32848,8.62394e+06,3.61194e+06,1.7614e+07,0,0,0,6.44116e+07
85.1408,85.1408,5.99399,0.1,0.04,2.55755,3.04543,0,0.451372,5.11056,4.14971e+06,2.70226e+06,1.06131e+07,0,0,0,0,62.338,61.3098,6.87243,0,0,1.89453,1.40665,0,1.578,2.32848,8.62394e+06,3.61194e+06,1.63383e+07,0,0,0,6.44116e+07
85.1408,85.1408,7.04593,0.11,0.04,2.55857,3.04613,0,0.479284,5.11056,4.14971e+06,2.70226e+06,1.06173e+07,0,0,0,0,62.338,61.3098,7.36753,0,0,1.89453,1.40698,0,1.46371,2.32848,8.62394e+06,3.61194e+06,1.63383e+07,0,0,0,6.44116e+07
85.1408,85.1408,6.19029,0.11,0.04,2.5596,3.04683,0,0.479476,5.11056,4.14971e+06,2.70226e+06,1.06216e+07,0,0,0,0,62.338,61.3098,9.1829,0,0,1.89453,1.4073,0,1.46372,2.32848,8.62394e+06,3.61194e+06,1.63383e+07,0,0,0,6.44116e+07
85.1408,85.1408,6.91676,0.11,0.04,2.17433,2.66123,0,0.479668,5.11056,4.14971e+06,2.70226e+06,9.02281e+06,0,0,0,0,62.338,61.3098,10.7725,0,0,1.69579,1.20888,0,1.46372,2.32848,8.62394e+06,3.61194e+06,1.46244e+07,0,0,0,6.44116e+07
85.1408,85.1408,8.33685,0.11,0.04,1.97652,2.66185,0,0.407469,5.11056,4.14971e+06,2.70226e+06,8.20197e+06,0,0,0,0,62.338,61.3098,14.0123,0,0,1.89449,1.20916,0,1.31017,2.32848,8.62394e+06,3.61194e+06,1.63379e+07,0,0,0,6.44116e+07
85.1408,85.1408,9.02869,0.13,0.04,1.97741,2.66246,0,0.370399,5.11056,4.14971e+06,2.70226e+06,8.20566e+06,0,0,0,0,62.338,61.3098,14.572,0,0,1.89449,1.20943,0,1.46368,2.32848,8.62394e+06,3.61194e+06,1.63379e+07,0,0,0,6.44116e+07
85.1408,85.1408,8.12247,0.13,0.04,1.9783,2.66307,0,0.370566,5.11056,4.14971e+06,2.70226e+06,8.20936e+06,0,0,0,0,62.338,61.3098,12.8429,0,0,1.89449,1.20971,0,1.46368,2.32848,8.62394e+06,3.61194e+06,1.63379e+07,0,0,0,6.44116e+07
85.1408,85.1408,6.91462,0.13,0.04,1.97919,2.66368,0,0.370733,5.11056,4.14971e+06,2.70226e+06,8.21305e+06,0,0,0,0,62.338,61.3098,10.338,0,0,1.89449,1.20999,0,1.46368,2.32848,8.62394e+06,3.61194e+06,1.63379e+07,0,0,0,6.44116e+07
85.1408,85.1408,7.06856,0.15,0.04,2.07743,2.76164,0,0.3709,5.11056,4.14971e+06,2.70226e+06,8.62071e+06,0,0,0,0,62.338,61.3098,13.6544,0,0,1.94316,1.25895,0,1.46368,2.32848,8.62394e+06,3.61194e+06,1.67577e+07,0,0,0,6.44116e+07
85.1408,85.1408,6.22567,0.16,0.04,2.12702,2.76228,0,0.38931,5.11056,4.14971e+06,2.70226e+06,8.82649e+06,0,0,0,0,62.338,61.3098,12.6466,0,0,1.8945,1.25923,0,1.50129,2.32848,8.62394e+06,3.61194e+06,1.6338e+07,0,0,0,6.44116e+07
85.1408,85.1408,4.75184,0.17,0.04,2.12794,2.76291,0,0.398603,5.11056,4.14971e+06,2.70226e+06,8.83033e+06,0,0,0,0,62.338,61.3098,9.32898,0,0,1.8945,1.25952,0,1.46369,2.32848,8.62394e+06,3.61194e+06,1.6338e+07,0,0,0,6.44116e+07
85.1408,85.1408,4.23719,0.16,0.04,2.12886,2.76355,0,0.398776,5.11056,4.14971e+06,2.70226e+06,8.83417e+06,0,0,0,0,62.338,61.3098,8.30566,0,0,1.8945,1.25981,0,1.46369,2.32848,8.62394e+06,3.61194e+06,1.6338e+07,0,0,0,6.44116e+07
85.1408,85.1408,4.86898,0.12,0.04,2.09169,2.72609,0,0.398949,5.11056,4.14971e+06,2.70226e+06,8.67991e+06,0,0,0,0,62.338,61.3098,7.94052,0,0,1.87557,1.24118,0,1.46369,2.32848,8.62394e+06,3.61194e+06,1.61748e+07,0,0,0,6.44116e+07
85.1408,85.1408,4.16289,0.11,0.04,2.07369,2.72671,0,0.391983,5.11056,4.14971e+06,2.70226e+06,8.60519e+06,0,0,0,0,62.338,61.3098,6.84902,0,0,1.89449,1.24147,0,1.44907,2.32848,8.62394e+06,3.61194e+06,1.6338e+07,0,0,0,6.44116e+07
85.1408,85.1408,3.65858,0.11,0.04,2.0746,2.72734,0,0.388609,5.11056,4.14971e+06,2.70226e+06,8.60897e+06,0,0,0,0,62.338,61.3098,6.15661,0,0,1.89449,1.24175,0,1.46369,2.32848,8.62394e+06,3.61194e+06,1.6338e+07,0,0,0,6.44116e+07
85.1408,85.1408,3.96676,0.12,0.04,2.07551,2.72797,0,0.38878,5.11056,4.14971e+06,2.70226e+06,8.61276e+06,0,0,0,0,62.338,61.3098,5.29719,0,0,1.89449,1.24204,0,1.46369,2.32848,8.62394e+06,3.61194e+06,1.6338e+07,0,0,0,6.44116e+07
85.1408,85.1408,3.72956,0.09,0.04,2.20586,2.85803,0,0.388951,5.11056,4.14971e+06,2.70226e+06,9.15367e+06,0,0,0,0,62.338,61.3098,5.52398,0,0,1.96166,1.30949,0,1.46369,2.32848,8.62394e+06,3.61194e+06,1.69172e+07,0,0,0,6.44116e+07
85.1408,85.1408,3.33947,0.08,0.04,2.27397,2.85869,0,0.413378,5.11056,4.14971e+06,2.70226e+06,9.4363e+06,0,0,0,0,62.338,61.3098,4.60605,0,0,1.89451,1.30979,0,1.51558,2.32848,8.62394e+06,3.61194e+06,1.63381e+07,0,0,0,6.44116e+07
85.1408,85.1408,3.18744,0.09,0.04,2.27493,2.85934,0,0.426141,5.11056,4.14971e+06,2.70226e+06,9.44027e+06,0,0,0,0,62.338,61.3098,4.4818,0,0,1.89451,1.31009,0,1.4637,2.32848,8.62394e+06,3.61194e+06,1.63381e+07,0,0,0,6.44116e+07
85.1408,85.1408,2.97969,0.09,0.04,2.27588,2.86,0,0.426321,5.11056,4.14971e+06,2.70226e+06,9.44425e+06,0,0,0,0,62.338,61.3098,4.21637,0,0,1.89451,1.31039,0,1.4637,2.32848,8.62394e+06,3.61194e+06,1.63381e+07,0,0,0,6.44116e+07
85.1408,85.1408,2.82214,0.09,0.04,2.27684,2.86066,0,0.426501,5.11056,4.14971e+06,2.70226e+06,9.44823e+06,0,0,0,0,62.3025,61.3098,4.22362,0,0,1.89451,1.31069,0,1.4637,2.32848,8.62394e+06,3.61194e+06,1.63381e+07,0,0,0,6.44116e+07
85.1408,85.1408,2.89472,0.07,0.04,2.25217,2.83569,0,0.42668,5.11056,4.14971e+06,2.70226e+06,9.34586e+06,0,0,0,0,62.0285,61.3098,2.026,0,0,1.93147,1.34795,0,1.4637,2.32848,8.62394e+06,3.61194e+06,1.66569e+07,0,0,0,6.44116e+07
85.1408,85.1408,2.72933,0.06,0.04,2.29008,2.83634,0,0.422057,5.11056,4.14971e+06,2.70226e+06,9.50318e+06,0,0,0,0,61.715,61.3098,1.89873,0,0,1.89452,1.34826,0,1.49225,2.32848,8.62394e+06,3.61194e+06,1.63382e+07,0,0,0,6.44116e+07
85.1071,85.1408,2.49489,0.06,0.04,2.29105,2.83699,0,0.429162,5.11056,4.14971e+06,2.70226e+06,9.50717e+06,0,0,0,0,61.2451,61.3098,1.89349,0,0,1.89452,1.34857,0,1.4637,2.32848,8.62394e+06,3.61194e+06,1.63382e+07,0,0,0,6.44116e+07
84.8463,85.1408,2.25652,0.05,0.04,2.29201,2.83764,0,0.429342,5.11056,4.14971e+06,2.70226e+06,9.51116e+06,0,0,0,0,60.7488,61.3098,1.69421,0,0,1.89452,1.34888,0,1.4637,2.32848,8.62394e+06,3.61194e+06,1.63382e+07,0,0,0,6.44116e+07
84.6063,85.1408,2.30658,0.05,0.04,2.35921,2.90454,0,0.429522,5.11056,4.14971e+06,2.70226e+06,9.79003e+06,0,0,0,0,60.166,61.3098,1.64116,0,0,1.92749,1.38216,0,1.4637,2.32848,8.62394e+06,3.61194e+06,1.66225e+07,0,0,0,6.44116e+07
84.4111,85.1408,2.37413,0.06,0.04,2.39315,2.9052,0,0.442116,5.11056,4.14971e+06,2.70226e+06,9.93089e+06,0,0,0,0,59.5025,61.3098,1.63865,0,0,1.89453,1.38248,0,1.48918,2.32848,8.62394e+06,3.61194e+06,1.63383e+07,0,0,0,6.44116e+07
83.955,85.1408,2.10774,0.06,0.04,2.39414,2.90587,0,0.448477,5.11056,4.14971e+06,2.70226e+06,9.93498e+06,0,0,0,0,58.7413,61.3098,1.5297,0,0,1.89453,1.38279,0,1.46371,2.32848,8.62394e+06,3.61194e+06,1.63383e+07,0,0,0,6.44116e+07
83.3154,85.1408,1.91753,0.06,0.04,2.39512,2.90654,0,0.448662,5.11056,4.14971e+06,2.70226e+06,9.93907e+06,0,0,0,0,57.9345,61.3098,1.4492,0,0,1.89453,1.38311,0,1.46371,2.32848,8.62394e+06,3.61194e+06,1.63383e+07,0,0,0,6.44116e+07
82.2661,85.1408,1.64778,0.06,0.04,2.59027,3.10137,0,0.448846,5.11056,4.14971e+06,2.70226e+06,1.07489e+07,0,0,0,0,56.9201,61.3098,1.40442,0,0,2.01363,1.50254,0,1.46371,2.32848,8.62394e+06,3.61194e+06,1.73654e+07,0,0,0,6.44116e+07
81.0333,85.1408,1.55458,0.06,0.04,2.71041,3.10208,0,0.485417,5.11056,4.14971e+06,2.70226e+06,1.12474e+07,0,0,0,0,55.7963,61.3098,1.13129,0,0,1.89455,1.50288,0,1.55573,2.32848,8.62394e+06,3.61194e+06,1.63385e+07,0,0,0,6.44116e+07
79.6531,85.1408,1.39353,0.06,0.04,2.71147,3.10279,0,0.50793,5.11056,4.14971e+06,2.70226e+06,1.12518e+07,0,0,0,0,54.6996,61.3098,1.04698,0,0,1.89455,1.50323,0,1.46373,2.32848,8.62394e+06,3.61194e+06,1.63385e+07,0,0,0,6.44116e+07
78.5423,85.1408,1.65774,0.07,0.04,2.71252,3.1035,0,0.508129,5.11056,4.14971e+06,2.70226e+06,1.12562e+07,0,0,0,0,53.7564,61.3098,1.13299,0,0,1.89455,1.50357,0,1.46373,2.32848,8.62394e+06,3.61194e+06,1.63385e+07,0,0,0,6.44116e+07
78.5439,85.1408,2.83148,0.1,0.04,2.71358,3.10422,0,0.508327,5.11056,4.14971e+06,2.70226e+06,1.12606e+07,0,0,0,0,53.0096,61.3098,1.36404,0,0,1.89455,1.50392,0,1.46373,2.32848,8.62394e+06,3.61194e+06,1.63385e+07,0,0,0,6.44116e+07
78.2848,85.1408,2.46551,0.1,0.04,2.6199,3.01019,0,0.508525,5.11056,4.14971e+06,2.70226e+06,1.08718e+07,0,0,0,0,52.5016,61.3098,1.49764,0,0,1.82218,1.43189,0,1.46373,2.32848,8.62394e+06,3.61194e+06,1.57143e+07,0,0,0,6.44116e+07
78.0666,85.1408,2.46161,0.1,0.04,2.54856,3.01088,0,0.49097,5.11056,4.14971e+06,2.70226e+06,1.05758e+07,0,0,0,0,52.106,61.3098,1.87083,0,0,1.89454,1.43222,0,1.40781,2.32848,8.62394e+06,3.61194e+06,1.63384e+07,0,0,0,6.44116e+07
77.7468,85.1408,2.37867,0.11,0.04,2.54958,3.01158,0,0.477601,5.11056,4.14971e+06,2.70226e+06,1.058e+07,0,0,0,0,51.7844,61.3098,1.82536,0,0,1.89454,1.43255,0,1.46372,2.32848,8.62394e+06,3.61194e+06,1.63384e+07,0,0,0,6.44116e+07
77.7649,85.1408,2.81164,0.11,0.04,2.5506,3.01227,0,0.477792,5.11056,4.14971e+06,2.70226e+06,1.05843e+07,0,0,0,0,51.7158,61.3098,2.36785,0,0,1.89454,1.43287,0,1.46372,2.32848,8.62394e+06,3.61194e+06,1.63384e+07,0,0,0,6.44116e+07
77.4903,85.1408,2.51076,0.11,0.04,2.47379,2.93513,0,0.477983,5.11056,4.14971e+06,2.70226e+06,1.02655e+07,0,0,0,0,51.6348,61.3098,2.2063,0,0,1.8286,1.36726,0,1.46372,2.32848,8.62394e+06,3.61194e+06,1.57697e+07,0,0,0,6.44116e+07
76.1187,85.1408,1.3618,0.11,0.04,2.40886,2.9358,0,0.463589,5.11056,4.14971e+06,2.70226e+06,9.99604e+06,0,0,0,0,51.4865,61.3098,2.01377,0,0,1.89452,1.36758,0,1.41277,2.32848,8.62394e+06,3.61194e+06,1.63382e+07,0,0,0,6.44116e+07
76.0225,85.1408,2.58931,0.11,0.04,2.40984,2.93648,0,0.451419,5.11056,4.14971e+06,2.70226e+06,1.00001e+07,0,0,0,0,51.5943,61.3098,2.66072,0,0,1.89452,1.36789,0,1.46371,2.32848,8.62394e+06,3.61194e+06,1.63382e+07,0,0,0,6.44116e+07
80.7555,85.1408,7.65049,0.11,0.04,2.41083,2.93715,0,0.451605,5.11056,4.14971e+06,2.70226e+06,1.00042e+07,0,0,0,0,52.494,61.3098,4.39926,0,0,1.89452,1.3682,0,1.46371,2.32848,8.62394e+06,3.61194e+06,1.63382e+07,0,0,0,6.44116e+07
82.595,85.1408,4.50891,0.07,0.04,2.19057,2.71657,0,0.45179,5.11056,4.14971e+06,2.70226e+06,9.09022e+06,0,0,0,0,52.8694,61.3098,3.094,0,0,1.75706,1.23105,0,1.46371,2.32848,8.62394e+06,3.61194e+06,1.51528e+07,0,0,0,6.44116e+07
85.1408,85.1408,5.24582,0.08,0.04,2.05404,2.7172,0,0.410512,5.11056,4.14971e+06,2.70226e+06,8.52368e+06,0,0,0,0,52.7785,61.3098,2.48256,0,0,1.89449,1.23134,0,1.3575,2.32848,8.62394e+06,3.61194e+06,1.6338e+07,0,0,0,6.44116e+07
85.1408,85.1408,6.39312,0.09,0.04,2.05495,2.71782,0,0.384928,5.11056,4.14971e+06,2.70226e+06,8.52744e+06,0,0,0,0,52.6597,61.3098,2.32484,0,0,1.89449,1.23162,0,1.46368,2.32848,8.62394e+06,3.61194e+06,1.6338e+07,0,0,0,6.44116e+07
85.1408,85.1408,8.02155,0.09,0.04,2.05586,2.71844,0,0.385097,5.11056,4.14971e+06,2.70226e+06,8.5312e+06,0,0,0,0,52.632,61.3098,2.87234,0,0,1.89449,1.2319,0,1.46368,2.32848,8.62394e+06,3.61194e+06,1.6338e+07,0,0,0,6.44116e+07
85.1408,85.1408,13.8603,0.1,0.04,2.05676,2.71907,0,0.385267,5.11056,4.14971e+06,2.70226e+06,8.53496e+06,0,0,0,0,53.2053,61.3098,5.88632,0,0,1.89449,1.23219,0,1.46368,2.32848,8.62394e+06,3.61194e+06,1.6338e+07,0,0,0,6.44116e+07
85.1408,85.1408,5.23116,0.13,0.04,2.14285,2.80488,0,0.385437,5.11056,4.14971e+06,2.70226e+06,8.89222e+06,0,0,0,0,53.3165,61.3098,2.98943,0,0,1.93433,1.27231,0,1.46368,2.32848,8.62394e+06,3.61194e+06,1.66816e+07,0,0,0,6.44116e+07
85.1408,85.1408,4.85322,0.17,0.04,2.1836,2.80549,0,0.401571,5.11056,4.14971e+06,2.70226e+06,9.06129e+06,0,0,0,0,53.6173,61.3098,2.68159,0,0,1.89449,1.27259,0,1.49447,2.32848,8.62394e+06,3.61194e+06,1.63379e+07,0,0,0,6.44116e+07
85.1408,85.1408,6.36819,0.19,0.04,2.18449,2.80611,0,0.409206,5.11056,4.14971e+06,2.70226e+06,9.06501e+06,0,0,0,0,54.2204,61.3098,3.7585,0,0,1.89449,1.27287,0,1.46368,2.32848,8.62394e+06,3.61194e+06,1.63379e+07,0,0,0,6.44116e+07
85.1408,85.1408,4.76972,0.2,0.04,2.18539,2.80673,0,0.409374,5.11056,4.14971e+06,2.70226e+06,9.06874e+06,0,0,0,0,53.947,61.3098,2.40221,0,0,1.89449,1.27315,0,1.46368,2.32848,8.62394e+06,3.61194e+06,1.63379e+07,0,0,0,6.44116e+07
85.1408,85.1408,4.26297,0.2,0.04,2.46011,3.08117,0,0.409542,5.11056,4.14971e+06,2.70226e+06,1.02087e+07,0,0,0,0,53.1195,61.3098,2.02875,0,0,2.04422,1.42316,0,1.46368,2.32848,8.62394e+06,3.61194e+06,1.76292e+07,0,0,0,6.44116e+07
83.8943,85.1408,1.77019,0.2,0.04,2.6108,3.08185,0,0.461025,5.11056,4.14971e+06,2.70226e+06,1.0834e+07,0,0,0,0,53.0746,61.3098,1.46043,0,0,1.89452,1.42347,0,1.57936,2.32848,8.62394e+06,3.61194e+06,1.63382e+07,0,0,0,6.44116e+07
85.1408,85.1408,5.62925,0.19,0.04,2.61179,3.08252,0,0.489263,5.11056,4.14971e+06,2.70226e+06,1.08382e+07,0,0,0,0,53.1461,61.3098,3.25454,0,0,1.89452,1.42379,0,1.46371,2.32848,8.62394e+06,3.61194e+06,1.63382e+07,0,0,0,6.44116e+07
85.1408,85.1408,3.41957,0.19,0.04,2.61278,3.0832,0,0.489449,5.11056,4.14971e+06,2.70226e+06,1.08423e+07,0,0,0,0,52.3666,61.3098,1.79917,0,0,1.89452,1.4241,0,1.46371,2.32848,8.62394e+06,3.61194e+06,1.63382e+07,0,0,0,6.44116e+07
85.1408,85.1408,2.82286,0.19,0.04,2.22287,2.69298,0,0.489635,5.11056,4.14971e+06,2.70226e+06,9.22425e+06,0,0,0,0,51.8663,61.3098,1.66116,0,0,1.69341,1.2233,0,1.46371,2.32848,8.62394e+06,3.61194e+06,1.46038e+07,0,0,0,6.44116e+07
85.1408,85.1408,4.01858,0.18,0.04,2.02266,2.69357,0,0.416566,5.11056,4.14971e+06,2.70226e+06,8.39344e+06,0,0,0,0,51.7367,61.3098,2.43077,0,0,1.89448,1.22357,0,1.30833,2.32848,8.62394e+06,3.61194e+06,1.63379e+07,0,0,0,6.44116e+07
85.1408,85.1408,3.5475,0.18,0.04,2.02352,2.69416,0,0.379046,5.11056,4.14971e+06,2.70226e+06,8.39702e+06,0,0,0,0,51.6108,61.3098,2.12486,0,0,1.89448,1.22384,0,1.46367,2.32848,8.62394e+06,3.61194e+06,1.63379e+07,0,0,0,6.44116e+07
85.1408,85.1408,3.89242,0.18,0.04,2.02438,2.69475,0,0.379208,5.11056,4.14971e+06,2.70226e+06,8.40059e+06,0,0,0,0,51.6605,61.3098,2.37193,0,0,1.89448,1.22411,0,1.46367,2.32848,8.62394e+06,3.61194e+06,1.63379e+07,0,0,0,6.44116e+07
85.1408,85.1408,4.54505,0.19,0.04,2.02524,2.69535,0,0.379369,5.11056,4.14971e+06,2.70226e+06,8.40417e+06,0,0,0,0,51.8882,61.3098,2.66918,0,0,1.89448,1.22437,0,1.46367,2.32848,8.62394e+06,3.61194e+06,1.63379e+07,0,0,0,6.44116e+07
85.1408,85.1408,5.11116,0.18,0.04,2.12461,2.79444,0,0.379531,5.11056,4.14971e+06,2.70226e+06,8.8165e+06,0,0,0,0,51.9981,61.3098,2.37356,0,0,1.94373,1.2739,0,1.46367,2.32848,8.62394e+06,3.61194e+06,1.67626e+07,0,0,0,6.44116e+07
85.1408,85.1408,4.52595,0.18,0.04,2.17475,2.79506,0,0.398152,5.11056,4.14971e+06,2.70226e+06,9.02456e+06,0,0,0,0,52.4725,61.3098,2.67557,0,0,1.89449,1.27418,0,1.50173,2.32848,8.62394e+06,3.61194e+06,1.63379e+07,0,0,0,6.44116e+07
85.1408,85.1408,4.16784,0.18,0.04,2.17564,2.79567,0,0.407547,5.11056,4.14971e+06,2.70226e+06,9.02827e+06,0,0,0,0,52.8769,61.3098,3.06273,0,0,1.89449,1.27446,0,1.46368,2.32848,8.62394e+06,3.61194e+06,1.63379e+07,0,0,0,6.44116e+07
85.1408,85.1408,3.56836,0.18,0.04,2.17654,2.79629,0,0.407715,5.11056,4.14971e+06,2.70226e+06,9.03198e+06,0,0,0,0,52.9094,61.3098,2.47769,0,0,1.89449,1.27474,0,1.46368,2.32848,8.62394e+06,3.61194e+06,1.63379e+07,0,0,0,6.44116e+07
85.1408,85.1408,3.41001,0.15,0.04,2.13888,2.75835,0,0.407883,5.11056,4.14971e+06,2.70226e+06,8.87573e+06,0,0,0,0,52.5905,61.3098,2.14396,0,0,1.87534,1.25587,0,1.46368,2.32848,8.62394e+06,3.61194e+06,1.61728e+07,0,0,0,6.44116e+07
85.1408,85.1408,2.72238,0.14,0.04,2.12062,2.75896,0,0.400826,5.11056,4.14971e+06,2.70226e+06,8.79996e+06,0,0,0,0,52.3344,61.3098,2.06398,0,0,1.89448,1.25615,0,1.44889,2.32848,8.62394e+06,3.61194e+06,1.63379e+07,0,0,0,6.44116e+07
84.9448,85.1408,2.42852,0.11,0.04,2.1215,2.75956,0,0.397404,5.11056,4.14971e+06,2.70226e+06,8.80362e+06,0,0,0,0,51.8776,61.3098,1.82578,0,0,1.89448,1.25642,0,1.46368,2.32848,8.62394e+06,3.61194e+06,1.63379e+07,0,0,0,6.44116e+07
84.6713,85.1408,2.28423,0.12,0.04,2.12239,2.76017,0,0.39757,5.11056,4.14971e+06,2.70226e+06,8.80728e+06,0,0,0,0,51.4396,61.3098,1.80594,0,0,1.89448,1.2567,0,1.46368,2.32848,8.62394e+06,3.61194e+06,1.63379e+07,0,0,0,6.44116e+07
84.2089,85.1408,2.19584,0.12,0.04,2.25423,2.89174,0,0.397735,5.11056,4.14971e+06,2.70226e+06,9.3544e+06,0,0,0,0,50.9325,61.3098,1.85473,0,0,1.96244,1.32493,0,1.46368,2.32848,8.62394e+06,3.61194e+06,1.6924e+07,0,0,0,6.44116e+07
83.4718,85.1408,1.94433,0.1,0.04,2.3231,2.89238,0,0.422443,5.11056,4.14971e+06,2.70226e+06,9.6402e+06,0,0,0,0,50.2966,61.3098,1.67431,0,0,1.8945,1.32523,0,1.51618,2.32848,8.62394e+06,3.61194e+06,1.6338e+07,0,0,0,6.44116e+07
82.6826,85.1408,1.87965,0.09,0.04,2.32403,2.89301,0,0.435349,5.11056,4.14971e+06,2.70226e+06,9.64404e+06,0,0,0,0,49.5653,61.3098,1.50675,0,0,1.8945,1.32552,0,1.46369,2.32848,8.62394e+06,3.61194e+06,1.6338e+07,0,0,0,6.44116e+07
81.73,85.1408,1.67232,0.09,0.04,2.32496,2.89365,0,0.435523,5.11056,4.14971e+06,2.70226e+06,9.64789e+06,0,0,0,0,48.7362,61.3098,1.43771,0,0,1.8945,1.32581,0,1.46369,2.32848,8.62394e+06,3.61194e+06,1.6338e+07,0,0,0,6.44116e+07
80.7191,85.1408,1.58384,0.09,0.04,2.32588,2.89428,0,0.435697,5.11056,4.14971e+06,2.70226e+06,9.65174e+06,0,0,0,0,48.1115,61.3098,1.36347,0,0,1.8945,1.3261,0,1.46369,2.32848,8.62394e+06,3.61194e+06,1.6338e+07,0,0,0,6.44116e+07
80.052,85.1408,1.87978,0.08,0.04,2.30088,2.86899,0,0.435871,5.11056,4.14971e+06,2.70226e+06,9.54799e+06,0,0,0,0,47.5272,61.3098,1.57876,0,0,1.93189,1.36378,0,1.46369,2.32848,8.62394e+06,3.61194e+06,1.66605e+07,0,0,0,6.44116e+07
79.2976,85.1408,1.81654,0.07,0.04,2.3392,2.86962,0,0.431185,5.11056,4.14971e+06,2.70226e+06,9.70698e+06,0,0,0,0,46.8743,61.3098,1.56757,0,0,1.89451,1.36408,0,1.49258,2.32848,8.62394e+06,3.61194e+06,1.63381e+07,0,0,0,6.44116e+07
78.385,85.1408,1.65293,0.1,0.04,2.34013,2.87025,0,0.438365,5.11056,4.14971e+06,2.70226e+06,9.71084e+06,0,0,0,0,46.1052,61.3098,1.49251,0,0,1.89451,1.36438,0,1.4637,2.32848,8.62394e+06,3.61194e+06,1.63381e+07,0,0,0,6.44116e+07
77.3421,85.1408,1.50216,0.11,0.04,2.34106,2.87088,0,0.43854,5.11056,4.14971e+06,2.70226e+06,9.7147e+06,0,0,0,0,45.3042,61.3098,1.37122,0,0,1.89451,1.36468,0,1.4637,2.32848,8.62394e+06,3.61194e+06,1.63381e+07,0,0,0,6.44116e+07
76.2153,85.1408,1.43616,0.1,0.04,2.409,2.93853,0,0.438714,5.11056,4.14971e+06,2.70226e+06,9.99666e+06,0,0,0,0,44.4053,61.3098,1.35135,0,0,1.92786,1.39834,0,1.4637,2.32848,8.62394e+06,3.61194e+06,1.66258e+07,0,0,0,6.44116e+07
74.9967,85.1408,1.36162,0.1,0.04,2.4433,2.93917,0,0.451447,5.11056,4.14971e+06,2.70226e+06,1.0139e+07,0,0,0,0,43.3777,61.3098,1.30628,0,0,1.89452,1.39864,0,1.48947,2.32848,8.62394e+06,3.61194e+06,1.63382e+07,0,0,0,6.44116e+07
73.6685,85.1408,1.24002,0.08,0.04,2.44426,2.93982,0,0.457875,5.11056,4.14971e+06,2.70226e+06,1.01429e+07,0,0,0,0,42.514,61.3098,1.14059,0,0,1.89452,1.39895,0,1.4637,2.32848,8.62394e+06,3.61194e+06,1.63382e+07,0,0,0,6.44116e+07
72.4594,85.1408,1.34467,0.14,0.04,2.44521,2.94047,0,0.458053,5.11056,4.14971e+06,2.70226e+06,1.01469e+07,0,0,0,0,41.7338,61.3098,1.40502,0,0,1.89452,1.39926,0,1.4637,2.32848,8.62394e+06,3.61194e+06,1.63382e+07,0,0,0,6.44116e+07
71.0924,85.1408,1.3308,0.13,0.04,2.64259,3.13754,0,0.458232,5.11056,4.14971e+06,2.70226e+06,1.0966e+07,0,0,0,0,40.7416,61.3098,1.38714,0,0,2.01501,1.52006,0,1.4637,2.32848,8.62394e+06,3.61194e+06,1.73773e+07,0,0,0,6.44116e+07
69.1775,85.1408,0.842705,0.13,0.04,2.76408,3.13823,0,0.495221,5.11056,4.14971e+06,2.70226e+06,1.14701e+07,0,0,0,0,39.6081,61.3098,1.05491,0,0,1.89454,1.5204,0,1.5568,2.32848,8.62394e+06,3.61194e+06,1.63384e+07,0,0,0,6.44116e+07
67.2937,85.1408,0.855797,0.14,0.04,2.7651,3.13891,0,0.517988,5.11056,4.14971e+06,2.70226e+06,1.14744e+07,0,0,0,0,38.6042,61.3098,1.01144,0,0,1.89454,1.52073,0,1.46372,2.32848,8.62394e+06,3.61194e+06,1.63384e+07,0,0,0,6.44116e+07
65.8195,85.1408,1.26674,0.17,0.04,2.76613,3.1396,0,0.51818,5.11056,4.14971e+06,2.70226e+06,1.14786e+07,0,0,0,0,37.7029,61.3098,1.21178,0,0,1.89454,1.52106,0,1.46372,2.32848,8.62394e+06,3.61194e+06,1.63384e+07,0,0,0,6.44116e+07
64.8547,85.1408,1.80897,0.16,0.04,2.76715,3.14029,0,0.518372,5.11056,4.14971e+06,2.70226e+06,1.14829e+07,0,0,0,0,37.2062,61.3098,1.36288,0,0,1.89454,1.5214,0,1.46372,2.32848,8.62394e+06,3.61194e+06,1.63384e+07,0,0,0,6.44116e+07
63.8219,85.1408,1.66753,0.15,0.04,2.67234,3.04515,0,0.518564,5.11056,4.14971e+06,2.70226e+06,1.10894e+07,0,0,0,0,36.8355,61.3098,1.66091,0,0,1.82132,1.44851,0,1.46372,2.32848,8.62394e+06,3.61194e+06,1.5707e+07,0,0,0,6.44116e+07
62.8147,85.1408,1.61323,0.15,0.04,2.60012,3.04582,0,0.500796,5.11056,4.14971e+06,2.70226e+06,1.07898e+07,0,0,0,0,36.7601,61.3098,2.97477,0,0,1.89453,1.44883,0,1.40716,2.32848,8.62394e+06,3.61194e+06,1.63383e+07,0,0,0,6.44116e+07
61.6354,85.1408,1.43435,0.16,0.04,2.60111,3.04649,0,0.487263,5.11056,4.14971e+06,2.70226e+06,1.07938e+07,0,0,0,0,36.3264,61.3098,1.83003,0,0,1.89453,1.44915,0,1.46371,2.32848,8.62394e+06,3.61194e+06,1.63383e+07,0,0,0,6.44116e+07
60.2315,85.1408,1.19291,0.17,0.04,2.6021,3.04715,0,0.487448,5.11056,4.14971e+06,2.70226e+06,1.07979e+07,0,0,0,0,35.8649,61.3098,1.62345,0,0,1.89453,1.44947,0,1.46371,2.32848,8.62394e+06,3.61194e+06,1.63383e+07,0,0,0,6.44116e+07
59.9997,85.1408,2.46719,0.17,0.04,2.52435,2.96909,0,0.487633,5.11056,4.14971e+06,2.70226e+06,1.04753e+07,0,0,0,0,35.8537,61.3098,3.17648,0,0,1.82782,1.38308,0,1.46371,2.32848,8.62394e+06,3.61194e+06,1.5763e+07,0,0,0,6.44116e+07
60.6554,85.1408,3.52985,0.16,0.04,2.45862,2.96974,0,0.473064,5.11056,4.14971e+06,2.70226e+06,1.02025e+07,0,0,0,0,36.3098,61.3098,4.42504,0,0,1.89451,1.38339,0,1.41218,2.32848,8.62394e+06,3.61194e+06,1.63382e+07,0,0,0,6.44116e+07
61.3391,85.1408,3.30915,0.17,0.04,2.45957,2.9704,0,0.460745,5.11056,4.14971e+06,2.70226e+06,1.02065e+07,0,0,0,0,36.4316,61.3098,3.44793,0,0,1.89451,1.38369,0,1.4637,2.32848,8.62394e+06,3.61194e+06,1.63382e+07,0,0,0,6.44116e+07
62.0186,85.1408,3.32383,0.15,0.04,2.46053,2.97105,0,0.460924,5.11056,4.14971e+06,2.70226e+06,1.02105e+07,0,0,0,0,36.919,61.3098,5.29293,0,0,1.89451,1.38399,0,1.4637,2.32848,8.62394e+06,3.61194e+06,1.63382e+07,0,0,0,6.44116e+07
62.8428,85.1408,3.33243,0.16,0.04,2.23768,2.7479,0,0.461103,5.11056,4.14971e+06,2.70226e+06,9.28573e+06,0,0,0,0,37.1665,61.3098,3.7695,0,0,1.75546,1.24525,0,1.4637,2.32848,8.62394e+06,3.61194e+06,1.5139e+07,0,0,0,6.44116e+07
67.0262,85.1408,6.9318,0.14,0.04,2.09954,2.7485,0,0.419342,5.11056,4.14971e+06,2.70226e+06,8.71248e+06,0,0,0,0,38.848,61.3098,4.44116,0,0,1.89448,1.24552,0,1.35627,2.32848,8.62394e+06,3.61194e+06,1.63379e+07,0,0,0,6.44116e+07
70.0494,85.1408,5.76892,0.17,0.04,2.10042,2.7491,0,0.393454,5.11056,4.14971e+06,2.70226e+06,8.71612e+06,0,0,0,0,40.2501,61.3098,5.23544,0,0,1.89448,1.2458,0,1.46368,2.32848,8.62394e+06,3.61194e+06,1.63379e+07,0,0,0,6.44116e+07
72.4803,85.1408,5.1109,0.16,0.04,2.1013,2.74971,0,0.393618,5.11056,4.14971e+06,2.70226e+06,8.71976e+06,0,0,0,0,41.7543,61.3098,7.37488,0,0,1.89448,1.24607,0,1.46368,2.32848,8.62394e+06,3.61194e+06,1.63379e+07,0,0,0,6.44116e+07
74.9641,85.1408,5.22777,0.16,0.04,2.10217,2.75031,0,0.393783,5.11056,4.14971e+06,2.70226e+06,8.7234e+06,0,0,0,0,43.3092,61.3098,7.99877,0,0,1.89448,1.24634,0,1.46368,2.32848,8.62394e+06,3.61194e+06,1.63379e+07,0,0,0,6.44116e+07
77.5187,85.1408,5.32131,0.14,0.04,2.18921,2.83708,0,0.393947,5.11056,4.14971e+06,2.70226e+06,9.0846e+06,0,0,0,0,43.9467,61.3098,4.78901,0,0,1.93478,1.28692,0,1.46368,2.32848,8.62394e+06,3.61194e+06,1.66855e+07,0,0,0,6.44116e+07
79.7962,85.1408,5.10313,0.14,0.04,2.23039,2.83768,0,0.410259,5.11056,4.14971e+06,2.70226e+06,9.25545e+06,0,0,0,0,44.1221,61.3098,3.69387,0,0,1.89448,1.28719,0,1.49481,2.32848,8.62394e+06,3.61194e+06,1.63379e+07,0,0,0,6.44116e+07
80.8017,85.1408,3.81351,0.11,0.04,2.23126,2.83827,0,0.417975,5.11056,4.14971e+06,2.70226e+06,9.25906e+06,0,0,0,0,44.0867,61.3098,3.04159,0,0,1.89448,1.28746,0,1.46367,2.32848,8.62394e+06,3.61194e+06,1.63379e+07,0,0,0,6.44116e+07
81.7777,85.1408,3.77427,0.12,0.04,2.23212,2.83887,0,0.418137,5.11056,4.14971e+06,2.70226e+06,9.26266e+06,0,0,0,0,43.932,61.3098,2.61113,0,0,1.89448,1.28773,0,1.46367,2.32848,8.62394e+06,3.61194e+06,1.63379e+07,0,0,0,6.44116e+07
81.8252,85.1408,3.14657,0.12,0.04,2.50995,3.11642,0,0.4183,5.11056,4.14971e+06,2.70226e+06,1.04155e+07,0,0,0,0,43.8574,61.3098,2.75313,0,0,2.04592,1.43944,0,1.46367,2.32848,8.62394e+06,3.61194e+06,1.76439e+07,0,0,0,6.44116e+07
84.539,85.1408,5.93724,0.12,0.04,2.66232,3.11708,0,0.470364,5.11056,4.14971e+06,2.70226e+06,1.10478e+07,0,0,0,0,43.9159,61.3098,3.5122,0,0,1.89451,1.43975,0,1.58068,2.32848,8.62394e+06,3.61194e+06,1.63381e+07,0,0,0,6.44116e+07
85.1408,85.1408,4.30195,0.12,0.04,2.66328,3.11774,0,0.498918,5.11056,4.14971e+06,2.70226e+06,1.10518e+07,0,0,0,0,43.3813,61.3098,2.65899,0,0,1.89451,1.44005,0,1.4637,2.32848,8.62394e+06,3.61194e+06,1.63381e+07,0,0,0,6.44116e+07
85.1408,85.1408,3.1604,0.13,0.04,2.66424,3.11839,0,0.499098,5.11056,4.14971e+06,2.70226e+06,1.10558e+07,0,0,0,0,42.8995,61.3098,1.64916,0,0,1.89451,1.44035,0,1.4637,2.32848,8.62394e+06,3.61194e+06,1.63381e+07,0,0,0,6.44116e+07
85.1408,85.1408,3.07138,0.13,0.04,2.26984,2.72369,0,0.499278,5.11056,4.14971e+06,2.70226e+06,9.41915e+06,0,0,0,0,42.5076,61.3098,2.20054,0,0,1.6911,1.23725,0,1.4637,2.32848,8.62394e+06,3.61194e+06,1.4584e+07,0,0,0,6.44116e+07
84.9778,85.1408,2.43134,0.13,0.04,2.0673,2.72426,0,0.425367,5.11056,4.14971e+06,2.70226e+06,8.57871e+06,0,0,0,0,42.14,61.3098,2.084,0,0,1.89447,1.23751,0,1.30655,2.32848,8.62394e+06,3.61194e+06,1.63378e+07,0,0,0,6.44116e+07
85.1408,85.1408,2.91164,0.15,0.04,2.06814,2.72484,0,0.387413,5.11056,4.14971e+06,2.70226e+06,8.58217e+06,0,0,0,0,41.9505,61.3098,2.81999,0,0,1.89447,1.23777,0,1.46367,2.32848,8.62394e+06,3.61194e+06,1.63378e+07,0,0,0,6.44116e+07
85.1408,85.1408,2.73994,0.16,0.04,2.06897,2.72541,0,0.387569,5.11056,4.14971e+06,2.70226e+06,8.58563e+06,0,0,0,0,41.6799,61.3098,2.53796,0,0,1.89447,1.23803,0,1.46367,2.32848,8.62394e+06,3.61194e+06,1.63378e+07,0,0,0,6.44116e+07
85.1408,85.1408,4.92384,0.17,0.04,2.06981,2.72598,0,0.387725,5.11056,4.14971e+06,2.70226e+06,8.58909e+06,0,0,0,0,41.9139,61.3098,4.61733,0,0,1.89447,1.23829,0,1.46367,2.32848,8.62394e+06,3.61194e+06,1.63378e+07,0,0,0,6.44116e+07
85.1408,85.1408,4.63855,0.18,0.04,2.17026,2.82618,0,0.387882,5.11056,4.14971e+06,2.70226e+06,9.00595e+06,0,0,0,0,41.9282,61.3098,4.033,0,0,1.94428,1.28837,0,1.46367,2.32848,8.62394e+06,3.61194e+06,1.67674e+07,0,0,0,6.44116e+07
85.1408,85.1408,5.07027,0.17,0.04,2.22093,2.82677,0,0.406707,5.11056,4.14971e+06,2.70226e+06,9.21622e+06,0,0,0,0,42.2006,61.3098,5.21555,0,0,1.89448,1.28864,0,1.50215,2.32848,8.62394e+06,3.61194e+06,1.63379e+07,0,0,0,6.44116e+07
85.1408,85.1408,4.34607,0.18,0.04,2.2218,2.82737,0,0.416203,5.11056,4.14971e+06,2.70226e+06,9.21981e+06,0,0,0,0,42.762,61.3098,5.27955,0,0,1.89448,1.28891,0,1.46367,2.32848,8.62394e+06,3.61194e+06,1.63379e+07,0,0,0,6.44116e+07
85.1408,85.1408,3.87336,0.19,0.04,2.22266,2.82796,0,0.416365,5.11056,4.14971e+06,2.70226e+06,9.2234e+06,0,0,0,0,42.9168,61.3098,4.15305,0,0,1.89448,1.28918,0,1.46367,2.32848,8.62394e+06,3.61194e+06,1.63379e+07,0,0,0,6.44116e+07
85.1408,85.1408,2.92753,0.18,0.04,2.18455,2.78957,0,0.416527,5.11056,4.14971e+06,2.70226e+06,9.06522e+06,0,0,0,0,42.8337,61.3098,3.25365,0,0,1.87512,1.27009,0,1.46367,2.32848,8.62394e+06,3.61194e+06,1.61709e+07,0,0,0,6.44116e+07
84.9419,85.1408,2.41878,0.15,0.04,2.16604,2.79016,0,0.409384,5.11056,4.14971e+06,2.70226e+06,8.98843e+06,0,0,0,0,42.7786,61.3098,3.10983,0,0,1.89448,1.27035,0,1.44871,2.32848,8.62394e+06,3.61194e+06,1.63378e+07,0,0,0,6.44116e+07
85.1408,85.1408,3.78389,0.13,0.04,2.16689,2.79075,0,0.405916,5.11056,4.14971e+06,2.70226e+06,8.99198e+06,0,0,0,0,42.9137,61.3098,3.69508,0,0,1.89448,1.27062,0,1.46367,2.32848,8.62394e+06,3.61194e+06,1.63378e+07,0,0,0,6.44116e+07
84.9816,85.1408,2.41097,0.12,0.04,2.16775,2.79134,0,0.406076,5.11056,4.14971e+06,2.70226e+06,8.99552e+06,0,0,0,0,42.8843,61.3098,3.15419,0,0,1.89448,1.27089,0,1.46367,2.32848,8.62394e+06,3.61194e+06,1.63378e+07,0,0,0,6.44116e+07
84.4258,85.1408,2.10253,0.12,0.04,2.30104,2.92436,0,0.406236,5.11056,4.14971e+06,2.70226e+06,9.54866e+06,0,0,0,0,42.727,61.3098,2.65408,0,0,1.9632,1.33988,0,1.46367,2.32848,8.62394e+06,3.61194e+06,1.69305e+07,0,0,0,6.44116e+07
83.9135,85.1408,2.19008,0.1,0.04,2.37065,2.92498,0,0.431216,5.11056,4.14971e+06,2.70226e+06,9.83751e+06,0,0,0,0,42.5663,61.3098,2.67772,0,0,1.89449,1.34016,0,1.51677,2.32848,8.62394e+06,3.61194e+06,1.6338e+07,0,0,0,6.44116e+07
83.231,85.1408,2.00359,0.1,0.04,2.37155,2.92559,0,0.44426,5.11056,4.14971e+06,2.70226e+06,9.84123e+06,0,0,0,0,42.3469,61.3098,2.42321,0,0,1.89449,1.34045,0,1.46368,2.32848,8.62394e+06,3.61194e+06,1.6338e+07,0,0,0,6.44116e+07
82.4607,85.1408,1.85581,0.09,0.04,2.37245,2.92621,0,0.444428,5.11056,4.14971e+06,2.70226e+06,9.84496e+06,0,0,0,0,42.0767,61.3098,2.3343,0,0,1.89449,1.34073,0,1.46368,2.32848,8.62394e+06,3.61194e+06,1.6338e+07,0,0,0,6.44116e+07
81.5987,85.1408,1.75183,0.09,0.04,2.37334,2.92682,0,0.444596,5.11056,4.14971e+06,2.70226e+06,9.84868e+06,0,0,0,0,41.7484,61.3098,2.18709,0,0,1.89449,1.34101,0,1.46368,2.32848,8.62394e+06,3.61194e+06,1.6338e+07,0,0,0,6.44116e+07
80.486,85.1408,1.42956,0.08,0.04,2.34802,2.90122,0,0.444765,5.11056,4.14971e+06,2.70226e+06,9.7436e+06,0,0,0,0,41.2009,61.3098,1.80653,0,0,1.9323,1.3791,0,1.46368,2.32848,8.62394e+06,3.61194e+06,1.66641e+07,0,0,0,6.44116e+07
79.2019,85.1408,1.26626,0.08,0.04,2.38673,2.90183,0,0.440019,5.11056,4.14971e+06,2.70226e+06,9.90422e+06,0,0,0,0,40.6316,61.3098,1.59411,0,0,1.8945,1.37939,0,1.4929,2.32848,8.62394e+06,3.61194e+06,1.6338e+07,0,0,0,6.44116e+07
77.8227,85.1408,1.16356,0.11,0.04,2.38763,2.90244,0,0.447273,5.11056,4.14971e+06,2.70226e+06,9.90795e+06,0,0,0,0,39.8853,61.3098,1.60366,0,0,1.8945,1.37968,0,1.46369,2.32848,8.62394e+06,3.61194e+06,1.6338e+07,0,0,0,6.44116e+07
76.3575,85.1408,1.06555,0.11,0.04,2.38853,2.90305,0,0.447441,5.11056,4.14971e+06,2.70226e+06,9.91169e+06,0,0,0,0,39.0478,61.3098,1.40711,0,0,1.8945,1.37997,0,1.46369,2.32848,8.62394e+06,3.61194e+06,1.6338e+07,0,0,0,6.44116e+07
74.7586,85.1408,0.953267,0.1,0.04,2.45719,2.97143,0,0.44761,5.11056,4.14971e+06,2.70226e+06,1.01966e+07,0,0,0,0,38.1627,61.3098,1.30071,0,0,1.92823,1.41399,0,1.46369,2.32848,8.62394e+06,3.61194e+06,1.66289e+07,0,0,0,6.44116e+07
73.1841,85.1408,0.992157,0.1,0.04,2.49184,2.97205,0,0.460478,5.11056,4.14971e+06,2.70226e+06,1.03404e+07,0,0,0,0,37.4325,61.3098,1.37136,0,0,1.89451,1.41429,0,1.48975,2.32848,8.62394e+06,3.61194e+06,1.63381e+07,0,0,0,6.44116e+07
71.5557,85.1408,0.917611,0.15,0.04,2.49276,2.97268,0,0.46697,5.11056,4.14971e+06,2.70226e+06,1.03442e+07,0,0,0,0,36.5235,61.3098,1.39056,0,0,1.89451,1.41459,0,1.46369,2.32848,8.62394e+06,3.61194e+06,1.63381e+07,0,0,0,6.44116e+07
69.8729,85.1408,0.850532,0.15,0.04,2.49368,2.9733,0,0.467143,5.11056,4.14971e+06,2.70226e+06,1.0348e+07,0,0,0,0,35.7099,61.3098,1.23964,0,0,1.89451,1.41488,0,1.46369,2.32848,8.62394e+06,3.61194e+06,1.63381e+07,0,0,0,6.44116e+07
68.061,85.1408,0.86519,0.14,0.04,2.69322,3.17254,0,0.467316,5.11056,4.14971e+06,2.70226e+06,1.11761e+07,0,0,0,0,34.768,61.3098,1.39846,0,0,2.01635,1.53702,0,1.46369,2.32848,8.62394e+06,3.61194e+06,1.73888e+07,0,0,0,6.44116e+07
66.2829,85.1408,0.977387,0.19,0.04,2.81603,3.17321,0,0.504709,5.11056,4.14971e+06,2.70226e+06,1.16857e+07,0,0,0,0,33.6754,61.3098,1.20109,0,0,1.89453,1.53735,0,1.55783,2.32848,8.62394e+06,3.61194e+06,1.63383e+07,0,0,0,6.44116e+07
64.3424,85.1408,0.815516,0.18,0.04,2.81702,3.17388,0,0.527723,5.11056,4.14971e+06,2.70226e+06,1.16898e+07,0,0,0,0,32.741,61.3098,0.989678,0,0,1.89453,1.53767,0,1.46371,2.32848,8.62394e+06,3.61194e+06,1.63383e+07,0,0,0,6.44116e+07
62.498,85.1408,0.885228,0.18,0.04,2.81801,3.17455,0,0.527909,5.11056,4.14971e+06,2.70226e+06,1.16939e+07,0,0,0,0,31.8461,61.3098,1.31437,0,0,1.89453,1.53799,0,1.46371,2.32848,8.62394e+06,3.61194e+06,1.63383e+07,0,0,0,6.44116e+07
60.6095,85.1408,0.823944,0.18,0.04,2.819,3.17521,0,0.528094,5.11056,4.14971e+06,2.70226e+06,1.1698e+07,0,0,0,0,31.1574,61.3098,1.16344,0,0,1.89453,1.53832,0,1.46371,2.32848,8.62394e+06,3.61194e+06,1.63383e+07,0,0,0,6.44116e+07
59.0285,85.1408,1.04778,0.2,0.04,2.72309,3.07898,0,0.52828,5.11056,4.14971e+06,2.70226e+06,1.13e+07,0,0,0,0,30.8159,61.3098,1.64909,0,0,1.8205,1.46461,0,1.46371,2.32848,8.62394e+06,3.61194e+06,1.56999e+07,0,0,0,6.44116e+07
58.2631,85.1408,1.82124,0.2,0.04,2.65003,3.07963,0,0.510307,5.11056,4.14971e+06,2.70226e+06,1.09968e+07,0,0,0,0,30.769,61.3098,2.6043,0,0,1.89452,1.46492,0,1.40652,2.32848,8.62394e+06,3.61194e+06,1.63382e+07,0,0,0,6.44116e+07
58.1442,85.1408,2.55922,0.2,0.04,2.65098,3.08028,0,0.496615,5.11056,4.14971e+06,2.70226e+06,1.10008e+07,0,0,0,0,31.2403,61.3098,4.27072,0,0,1.89452,1.46522,0,1.4637,2.32848,8.62394e+06,3.61194e+06,1.63382e+07,0,0,0,6.44116e+07
57.6726,85.1408,2.26001,0.2,0.04,2.65194,3.08092,0,0.496794,5.11056,4.14971e+06,2.70226e+06,1.10048e+07,0,0,0,0,31.3616,61.3098,3.10813,0,0,1.89452,1.46553,0,1.4637,2.32848,8.62394e+06,3.61194e+06,1.63382e+07,0,0,0,6.44116e+07
56.8241,85.1408,1.79698,0.2,0.04,2.57329,3.00197,0,0.496973,5.11056,4.14971e+06,2.70226e+06,1.06784e+07,0,0,0,0,30.4945,61.3098,2.22134,0,0,1.82707,1.3984,0,1.4637,2.32848,8.62394e+06,3.61194e+06,1.57566e+07,0,0,0,6.44116e+07
55.5453,85.1408,1.2646,0.2,0.04,2.50679,3.0026,0,0.482235,5.11056,4.14971e+06,2.70226e+06,1.04024e+07,0,0,0,0,29.9909,61.3098,0.842666,0,0,1.8945,1.39869,0,1.4116,2.32848,8.62394e+06,3.61194e+06,1.63381e+07,0,0,0,6.44116e+07
54.8848,85.1408,1.90735,0.23,0.04,2.50771,3.00323,0,0.469772,5.11056,4.14971e+06,2.70226e+06,1.04063e+07,0,0,0,0,29.9436,61.3098,2.28584,0,0,1.8945,1.39899,0,1.46369,2.32848,8.62394e+06,3.61194e+06,1.63381e+07,0,0,0,6.44116e+07
56.7863,85.1408,4.63949,0.23,0.04,2.50864,3.00386,0,0.469945,5.11056,4.14971e+06,2.70226e+06,1.04101e+07,0,0,0,0,30.6235,61.3098,4.11257,0,0,1.8945,1.39928,0,1.46369,2.32848,8.62394e+06,3.61194e+06,1.63381e+07,0,0,0,6.44116e+07
56.9947,85.1408,2.70724,0.19,0.04,2.28329,2.77822,0,0.470119,5.11056,4.14971e+06,2.70226e+06,9.47498e+06,0,0,0,0,30.7773,61.3098,2.03948,0,0,1.75392,1.25899,0,1.46369,2.32848,8.62394e+06,3.61194e+06,1.51257e+07,0,0,0,6.44116e+07
58.9116,85.1408,4.39222,0.19,0.04,2.14359,2.7788,0,0.427889,5.11056,4.14971e+06,2.70226e+06,8.89525e+06,0,0,0,0,31.1935,61.3098,3.14187,0,0,1.89447,1.25926,0,1.35508,2.32848,8.62394e+06,3.61194e+06,1.63378e+07,0,0,0,6.44116e+07
60.9265,85.1408,4.44657,0.21,0.04,2.14443,2.77939,0,0.401708,5.11056,4.14971e+06,2.70226e+06,8.89877e+06,0,0,0,0,31.486,61.3098,2.88562,0,0,1.89447,1.25952,0,1.46367,2.32848,8.62394e+06,3.61194e+06,1.63378e+07,0,0,0,6.44116e+07
62.4605,85.1408,4.03494,0.21,0.04,2.14528,2.77997,0,0.401867,5.11056,4.14971e+06,2.70226e+06,8.9023e+06,0,0,0,0,31.8247,61.3098,3.02744,0,0,1.89447,1.25978,0,1.46367,2.32848,8.62394e+06,3.61194e+06,1.63378e+07,0,0,0,6.44116e+07
66.7494,85.1408,6.77556,0.2,0.04,2.14613,2.78056,0,0.402026,5.11056,4.14971e+06,2.70226e+06,8.90582e+06,0,0,0,0,32.1971,61.3098,3.35001,0,0,1.89447,1.26005,0,1.46367,2.32848,8.62394e+06,3.61194e+06,1.63378e+07,0,0,0,6.44116e+07
70.1847,85.1408,6.19334,0.23,0.04,2.23409,2.86825,0,0.402185,5.11056,4.14971e+06,2.70226e+06,9.27084e+06,0,0,0,0,32.9563,61.3098,4.35016,0,0,1.93522,1.30106,0,1.46367,2.32848,8.62394e+06,3.61194e+06,1.66892e+07,0,0,0,6.44116e+07
70.4074,85.1408,2.89378,0.2,0.04,2.27568,2.86883,0,0.418669,5.11056,4.14971e+06,2.70226e+06,9.44342e+06,0,0,0,0,33.5871,61.3098,3.61138,0,0,1.89447,1.30132,0,1.49515,2.32848,8.62394e+06,3.61194e+06,1.63378e+07,0,0,0,6.44116e+07
69.8672,85.1408,2.1139,0.21,0.04,2.27652,2.86941,0,0.426463,5.11056,4.14971e+06,2.70226e+06,9.44691e+06,0,0,0,0,33.9199,61.3098,3.09499,0,0,1.89447,1.30158,0,1.46367,2.32848,8.62394e+06,3.61194e+06,1.63378e+07,0,0,0,6.44116e+07
69.1146,85.1408,1.88589,0.21,0.04,2.27736,2.86999,0,0.426621,5.11056,4.14971e+06,2.70226e+06,9.4504e+06,0,0,0,0,34.0691,61.3098,2.67231,0,0,1.89447,1.30185,0,1.46367,2.32848,8.62394e+06,3.61194e+06,1.63378e+07,0,0,0,6.44116e+07
68.4293,85.1408,2.15492,0.24,0.04,2.55819,3.15056,0,0.426778,5.11056,4.14971e+06,2.70226e+06,1.06158e+07,0,0,0,0,35.185,61.3098,4.20006,0,0,2.04757,1.45521,0,1.46367,2.32848,8.62394e+06,3.61194e+06,1.76581e+07,0,0,0,6.44116e+07
70.3524,85.1408,5.13244,0.25,0.04,2.71219,3.15119,0,0.479406,5.11056,4.14971e+06,2.70226e+06,1.12548e+07,0,0,0,0,37.2263,61.3098,6.86856,0,0,1.8945,1.4555,0,1.58195,2.32848,8.62394e+06,3.61194e+06,1.63381e+07,0,0,0,6.44116e+07
69.8743,85.1408,2.62562,0.25,0.04,2.71312,3.15183,0,0.508265,5.11056,4.14971e+06,2.70226e+06,1.12587e+07,0,0,0,0,38.035,61.3098,4.09086,0,0,1.8945,1.4558,0,1.46369,2.32848,8.62394e+06,3.61194e+06,1.63381e+07,0,0,0,6.44116e+07
69.0746,85.1408,2.21498,0.27,0.04,2.71405,3.15246,0,0.508439,5.11056,4.14971e+06,2.70226e+06,1.12625e+07,0,0,0,0,38.5527,61.3098,3.35542,0,0,1.8945,1.45609,0,1.46369,2.32848,8.62394e+06,3.61194e+06,1.63381e+07,0,0,0,6.44116e+07
68.9192,85.1408,2.57571,0.28,0.04,2.3153,2.75342,0,0.508613,5.11056,4.14971e+06,2.70226e+06,9.60784e+06,0,0,0,0,40.0082,61.3098,5.14458,0,0,1.68887,1.25076,0,1.46369,2.32848,8.62394e+06,3.61194e+06,1.45647e+07,0,0,0,6.44116e+07
72.7458,85.1408,6.60505,0.31,0.04,2.11053,2.75398,0,0.433888,5.11056,4.14971e+06,2.70226e+06,8.75806e+06,0,0,0,0,43.387,61.3098,10.7248,0,0,1.89446,1.25101,0,1.30482,2.32848,8.62394e+06,3.61194e+06,1.63377e+07,0,0,0,6.44116e+07
75.3421,85.1408,5.43935,0.31,0.04,2.11133,2.75453,0,0.395512,5.11056,4.14971e+06,2.70226e+06,8.76141e+06,0,0,0,0,45.5306,61.3098,7.26444,0,0,1.89446,1.25126,0,1.46366,2.32848,8.62394e+06,3.61194e+06,1.63377e+07,0,0,0,6.44116e+07
76.4329,85.1408,3.90751,0.28,0.04,2.11214,2.75509,0,0.395664,5.11056,4.14971e+06,2.70226e+06,8.76476e+06,0,0,0,0,46.812,61.3098,5.81675,0,0,1.89446,1.25151,0,1.46366,2.32848,8.62394e+06,3.61194e+06,1.63377e+07,0,0,0,6.44116e+07
78.3487,85.1408,4.64696,0.28,0.04,2.11295,2.75564,0,0.395815,5.11056,4.14971e+06,2.70226e+06,8.76812e+06,0,0,0,0,48.2644,61.3098,6.21491,0,0,1.89446,1.25176,0,1.46366,2.32848,8.62394e+06,3.61194e+06,1.63377e+07,0,0,0,6.44116e+07
79.4045,85.1408,3.92446,0.31,0.04,2.21446,2.8569,0,0.395966,5.11056,4.14971e+06,2.70226e+06,9.18937e+06,0,0,0,0,50.0157,61.3098,6.73354,0,0,1.94482,1.30237,0,1.46366,2.32848,8.62394e+06,3.61194e+06,1.6772e+07,0,0,0,6.44116e+07
79.3391,85.1408,2.72857,0.32,0.04,2.26565,2.85748,0,0.41499,5.11056,4.14971e+06,2.70226e+06,9.40176e+06,0,0,0,0,51.4638,61.3098,5.67205,0,0,1.89447,1.30263,0,1.50256,2.32848,8.62394e+06,3.61194e+06,1.63378e+07,0,0,0,6.44116e+07
79.4999,85.1408,3.00019,0.32,0.04,2.26648,2.85806,0,0.424582,5.11056,4.14971e+06,2.70226e+06,9.40524e+06,0,0,0,0,52.8669,61.3098,5.66589,0,0,1.89447,1.3029,0,1.46367,2.32848,8.62394e+06,3.61194e+06,1.63378e+07,0,0,0,6.44116e+07
79.1269,85.1408,2.40286,0.21,0.04,2.26732,2.85863,0,0.424739,5.11056,4.14971e+06,2.70226e+06,9.40872e+06,0,0,0,0,53.8953,61.3098,5.067,0,0,1.89447,1.30316,0,1.46367,2.32848,8.62394e+06,3.61194e+06,1.63378e+07,0,0,0,6.44116e+07
79.0755,85.1408,2.67853,0.33,0.04,2.22875,2.8198,0,0.424896,5.11056,4.14971e+06,2.70226e+06,9.24868e+06,0,0,0,0,54.7891,61.3098,5.89359,0,0,1.8749,1.28385,0,1.46367,2.32848,8.62394e+06,3.61194e+06,1.6169e+07,0,0,0,6.44116e+07
78.9948,85.1408,2.55542,0.33,0.04,2.21001,2.82037,0,0.417669,5.11056,4.14971e+06,2.70226e+06,9.1709e+06,0,0,0,0,55.6198,61.3098,4.9452,0,0,1.89447,1.28411,0,1.44855,2.32848,8.62394e+06,3.61194e+06,1.63378e+07,0,0,0,6.44116e+07
78.5753,85.1408,2.2087,0.29,0.04,2.21084,2.82094,0,0.414156,5.11056,4.14971e+06,2.70226e+06,9.17434e+06,0,0,0,0,56.2456,61.3098,4.47442,0,0,1.89447,1.28437,0,1.46367,2.32848,8.62394e+06,3.61194e+06,1.63378e+07,0,0,0,6.44116e+07
78.0758,85.1408,2.03266,0.29,0.04,2.21167,2.82151,0,0.414311,5.11056,4.14971e+06,2.70226e+06,9.17777e+06,0,0,0,0,56.6567,61.3098,4.05979,0,0,1.89447,1.28463,0,1.46367,2.32848,8.62394e+06,3.61194e+06,1.63378e+07,0,0,0,6.44116e+07
77.4202,85.1408,1.9814,0.26,0.04,2.34637,2.95595,0,0.414466,5.11056,4.14971e+06,2.70226e+06,9.73673e+06,0,0,0,0,57.2216,61.3098,4.56533,0,0,1.96393,1.35435,0,1.46367,2.32848,8.62394e+06,3.61194e+06,1.69368e+07,0,0,0,6.44116e+07
76.4355,85.1408,1.6912,0.21,0.04,2.41669,2.95654,0,0.439709,5.11056,4.14971e+06,2.70226e+06,1.00285e+07,0,0,0,0,57.2733,61.3098,3.16393,0,0,1.89448,1.35463,0,1.51734,2.32848,8.62394e+06,3.61194e+06,1.63379e+07,0,0,0,6.44116e+07
75.3261,85.1408,1.51309,0.19,0.04,2.41756,2.95714,0,0.452887,5.11056,4.14971e+06,2.70226e+06,1.00322e+07,0,0,0,0,57.2581,61.3098,3.02073,0,0,1.89448,1.3549,0,1.46368,2.32848,8.62394e+06,3.61194e+06,1.63379e+07,0,0,0,6.44116e+07
74.2057,85.1408,1.49191,0.17,0.04,2.41843,2.95773,0,0.45305,5.11056,4.14971e+06,2.70226e+06,1.00358e+07,0,0,0,0,57.3199,61.3098,3.05299,0,0,1.89448,1.35517,0,1.46368,2.32848,8.62394e+06,3.61194e+06,1.63379e+07,0,0,0,6.44116e+07
73.0023,85.1408,1.39532,0.15,0.04,2.41929,2.95833,0,0.453213,5.11056,4.14971e+06,2.70226e+06,1.00394e+07,0,0,0,0,57.3065,61.3098,2.89212,0,0,1.89448,1.35544,0,1.46368,2.32848,8.62394e+06,3.61194e+06,1.63379e+07,0,0,0,6.44116e+07
71.9377,85.1408,1.47688,0.21,0.04,2.39366,2.93243,0,0.453376,5.11056,4.14971e+06,2.70226e+06,9.933e+06,0,0,0,0,57.1025,61.3098,2.23882,0,0,1.9327,1.39394,0,1.46368,2.32848,8.62394e+06,3.61194e+06,1.66675e+07,0,0,0,6.44116e+07
70.8468,85.1408,1.45713,0.19,0.04,2.43275,2.93302,0,0.448572,5.11056,4.14971e+06,2.70226e+06,1.00952e+07,0,0,0,0,56.6641,61.3098,1.93575,0,0,1.89449,1.39422,0,1.4932,2.32848,8.62394e+06,3.61194e+06,1.6338e+07,0,0,0,6.44116e+07
69.6277,85.1408,1.3155,0.18,0.04,2.43362,2.93361,0,0.455897,5.11056,4.14971e+06,2.70226e+06,1.00988e+07,0,0,0,0,56.1714,61.3098,1.72339,0,0,1.89449,1.3945,0,1.46368,2.32848,8.62394e+06,3.61194e+06,1.6338e+07,0,0,0,6.44116e+07
68.3836,85.1408,1.2535,0.17,0.04,2.43449,2.9342,0,0.45606,5.11056,4.14971e+06,2.70226e+06,1.01024e+07,0,0,0,0,55.5274,61.3098,1.67883,0,0,1.89449,1.39478,0,1.46368,2.32848,8.62394e+06,3.61194e+06,1.6338e+07,0,0,0,6.44116e+07
66.9521,85.1408,1.09647,0.17,0.04,2.50385,3.00328,0,0.456223,5.11056,4.14971e+06,2.70226e+06,1.03903e+07,0,0,0,0,54.7057,61.3098,1.56106,0,0,1.92858,1.42915,0,1.46368,2.32848,8.62394e+06,3.61194e+06,1.66319e+07,0,0,0,6.44116e+07
65.4857,85.1408,1.08568,0.22,0.04,2.53883,3.00389,0,0.469222,5.11056,4.14971e+06,2.70226e+06,1.05354e+07,0,0,0,0,53.9865,61.3098,1.45153,0,0,1.8945,1.42944,0,1.49002,2.32848,8.62394e+06,3.61194e+06,1.6338e+07,0,0,0,6.44116e+07
63.9609,85.1408,1.00469,0.22,0.04,2.53972,3.00449,0,0.475777,5.11056,4.14971e+06,2.70226e+06,1.05391e+07,0,0,0,0,53.1115,61.3098,1.46915,0,0,1.8945,1.42973,0,1.46369,2.32848,8.62394e+06,3.61194e+06,1.6338e+07,0,0,0,6.44116e+07
62.3771,85.1408,0.931058,0.22,0.04,2.54062,3.0051,0,0.475944,5.11056,4.14971e+06,2.70226e+06,1.05428e+07,0,0,0,0,52.335,61.3098,1.31029,0,0,1.8945,1.43001,0,1.46369,2.32848,8.62394e+06,3.61194e+06,1.6338e+07,0,0,0,6.44116e+07
60.6705,85.1408,0.947474,0.24,0.04,2.74225,3.20644,0,0.476111,5.11056,4.14971e+06,2.70226e+06,1.13795e+07,0,0,0,0,51.4409,61.3098,1.47791,0,0,2.01764,1.55344,0,1.46369,2.32848,8.62394e+06,3.61194e+06,1.74e+07,0,0,0,6.44116e+07
58.9277,85.1408,0.987223,0.24,0.04,2.86632,3.20709,0,0.513897,5.11056,4.14971e+06,2.70226e+06,1.18944e+07,0,0,0,0,50.5395,61.3098,1.26153,0,0,1.89452,1.55376,0,1.55883,2.32848,8.62394e+06,3.61194e+06,1.63382e+07,0,0,0,6.44116e+07
57.2562,85.1408,1.04033,0.23,0.04,2.86728,3.20773,0,0.537149,5.11056,4.14971e+06,2.70226e+06,1.18984e+07,0,0,0,0,49.5489,61.3098,1.30898,0,0,1.89452,1.55407,0,1.46371,2.32848,8.62394e+06,3.61194e+06,1.63382e+07,0,0,0,6.44116e+07
55.4288,85.1408,0.878494,0.23,0.04,2.86824,3.20838,0,0.537329,5.11056,4.14971e+06,2.70226e+06,1.19024e+07,0,0,0,0,48.7737,61.3098,1.15188,0,0,1.89452,1.55438,0,1.46371,2.32848,8.62394e+06,3.61194e+06,1.63382e+07,0,0,0,6.44116e+07
53.7095,85.1408,0.955723,0.24,0.04,2.8692,3.20903,0,0.537509,5.11056,4.14971e+06,2.70226e+06,1.19063e+07,0,0,0,0,48.0011,61.3098,1.52806,0,0,1.89452,1.5547,0,1.46371,2.32848,8.62394e+06,3.61194e+06,1.63382e+07,0,0,0,6.44116e+07
52.1922,85.1408,1.07749,0.24,0.04,2.77223,3.11174,0,0.537688,5.11056,4.14971e+06,2.70226e+06,1.15039e+07,0,0,0,0,47.0481,61.3098,1.30382,0,0,1.8197,1.48019,0,1.46371,2.32848,8.62394e+06,3.61194e+06,1.5693e+07,0,0,0,6.44116e+07
51.0466,85.1408,1.3865,0.24,0.04,2.69835,3.11237,0,0.519516,5.11056,4.14971e+06,2.70226e+06,1.11974e+07,0,0,0,0,46.438,61.3098,1.2098,0,0,1.89451,1.48049,0,1.4059,2.32848,8.62394e+06,3.61194e+06,1.63381e+07,0,0,0,6.44116e+07
49.6935,85.1408,1.15888,0.28,0.04,2.69928,3.11299,0,0.505671,5.11056,4.14971e+06,2.70226e+06,1.12012e+07,0,0,0,0,45.5504,61.3098,2.02305,0,0,1.89451,1.48079,0,1.4637,2.32848,8.62394e+06,3.61194e+06,1.63381e+07,0,0,0,6.44116e+07
48.1926,85.1408,0.991981,0.28,0.04,2.7002,3.11362,0,0.505844,5.11056,4.14971e+06,2.70226e+06,1.1205e+07,0,0,0,0,44.4838,61.3098,1.07557,0,0,1.89451,1.48109,0,1.4637,2.32848,8.62394e+06,3.61194e+06,1.63381e+07,0,0,0,6.44116e+07
46.909,85.1408,1.1557,0.28,0.04,2.62068,3.0338,0,0.506018,5.11056,4.14971e+06,2.70226e+06,1.0875e+07,0,0,0,0,43.7281,61.3098,1.10054,0,0,1.82635,1.41323,0,1.4637,2.32848,8.62394e+06,3.61194e+06,1.57503e+07,0,0,0,6.44116e+07
46.1731,85.1408,1.63864,0.28,0.04,2.55343,3.03441,0,0.491115,5.11056,4.14971e+06,2.70226e+06,1.0596e+07,0,0,0,0,43.2656,61.3098,1.6728,0,0,1.89449,1.41351,0,1.41104,2.32848,8.62394e+06,3.61194e+06,1.6338e+07,0,0,0,6.44116e+07
46.0263,85.1408,2.34945,0.28,0.04,2.55433,3.03502,0,0.478513,5.11056,4.14971e+06,2.70226e+06,1.05997e+07,0,0,0,0,42.762,61.3098,1.54895,0,0,1.89449,1.4138,0,1.46368,2.32848,8.62394e+06,3.61194e+06,1.6338e+07,0,0,0,6.44116e+07
45.4953,85.1408,1.93951,0.28,0.04,2.55522,3.03563,0,0.478681,5.11056,4.14971e+06,2.70226e+06,1.06034e+07,0,0,0,0,42.3407,61.3098,1.57694,0,0,1.89449,1.41408,0,1.46369,2.32848,8.62394e+06,3.61194e+06,1.6338e+07,0,0,0,6.44116e+07
47.9806,85.1408,4.95552,0.28,0.04,2.32745,2.80758,0,0.478848,5.11056,4.14971e+06,2.70226e+06,9.65825e+06,0,0,0,0,42.8055,61.3098,4.86231,0,0,1.75242,1.2723,0,1.46369,2.32848,8.62394e+06,3.61194e+06,1.51128e+07,0,0,0,6.44116e+07
51.2257,85.1408,5.78706,0.29,0.04,2.18623,2.80815,0,0.436165,5.11056,4.14971e+06,2.70226e+06,9.07223e+06,0,0,0,0,43.7241,61.3098,5.08769,0,0,1.89446,1.27255,0,1.35392,2.32848,8.62394e+06,3.61194e+06,1.63377e+07,0,0,0,6.44116e+07
52.7148,85.1408,4.02508,0.26,0.04,2.18706,2.80871,0,0.4097,5.11056,4.14971e+06,2.70226e+06,9.07564e+06,0,0,0,0,44.1226,61.3098,4.12145,0,0,1.89446,1.27281,0,1.46366,2.32848,8.62394e+06,3.61194e+06,1.63377e+07,0,0,0,6.44116e+07
55.8246,85.1408,5.6818,0.27,0.04,2.18788,2.80928,0,0.409854,5.11056,4.14971e+06,2.70226e+06,9.07905e+06,0,0,0,0,44.5922,61.3098,4.19684,0,0,1.89446,1.27307,0,1.46366,2.32848,8.62394e+06,3.61194e+06,1.63377e+07,0,0,0,6.44116e+07
58.3066,85.1408,5.22614,0.31,0.04,2.1887,2.80984,0,0.410008,5.11056,4.14971e+06,2.70226e+06,9.08246e+06,0,0,0,0,45.0199,61.3098,4.16827,0,0,1.89446,1.27332,0,1.46366,2.32848,8.62394e+06,3.61194e+06,1.63377e+07,0,0,0,6.44116e+07
61.6836,85.1408,6.19425,0.3,0.04,2.18896,2.80984,0,0.410162,5.11056,4.14971e+06,2.70226e+06,9.08353e+06,0,0,0,0,45.5918,61.3098,4.45588,0,0,1.89421,1.27332,0,1.46366,2.32848,8.62394e+06,3.61194e+06,1.63355e+07,0,0,0,6.44116e+07
67.4229,85.1408,8.81678,0.31,0.04,2.27755,2.89844,0,0.41021,5.95728,4.14971e+06,2.70226e+06,9.45118e+06,0,0,0,0,47.2555,61.3098,6.25879,0,1,1.93564,1.31475,0,1.46347,2.32848,8.62394e+06,3.61194e+06,1.66928e+07,0,0,0,6.44116e+07
72.4754,85.1408,8.10459,0.28,0.04,2.31954,2.899,0,0.426813,5.95728,4.14971e+06,2.70226e+06,9.62542e+06,0,0,0,0,48.4768,61.3098,5.80932,0,1,1.89446,1.31501,0,1.49547,2.32848,8.62394e+06,3.61194e+06,1.63377e+07,0,0,0,6.44116e+07
78.1973,85.1408,8.86773,0.24,0.04,2.32036,2.89956,0,0.434682,5.95728,4.14971e+06,2.70226e+06,9.6288e+06,0,0,0,0,50.4803,61.3098,8.31075,0,1,1.89446,1.31526,0,1.46366,2.32848,8.62394e+06,3.61194e+06,1.63377e+07,0,0,0,6.44116e+07
82.358,85.1408,7.1796,0.21,0.04,2.32117,2.90012,0,0.434835,5.95728,4.14971e+06,2.70226e+06,9.63217e+06,0,0,0,0,51.5394,61.3098,5.09415,0,1,1.89446,1.31551,0,1.46366,2.32848,8.62394e+06,3.61194e+06,1.63377e+07,0,0,0,6.44116e+07
84.0938,85.1408,4.96538,0.15,0.04,2.60491,3.1836,0,0.434987,5.95728,4.14971e+06,2.70226e+06,1.08096e+07,0,0,0,0,53.4275,61.3098,5.93727,0,1,2.04917,1.47047,0,1.46366,2.32848,8.62394e+06,3.61194e+06,1.76719e+07,0,0,0,6.44116e+07
85.1408,85.1408,6.34027,0.18,0.04,2.76048,3.18422,0,0.48816,5.95728,4.14971e+06,2.70226e+06,1.14552e+07,0,0,0,0,54.6789,61.3098,5.17111,0,1,1.89449,1.47076,0,1.58319,2.32848,8.62394e+06,3.61194e+06,1.6338e+07,0,0,0,6.44116e+07
85.1408,85.1408,6.5618,0.18,0.04,2.76138,3.18483,0,0.517314,5.95728,4.14971e+06,2.70226e+06,1.14589e+07,0,0,0,0,55.8336,61.3098,5.41876,0,1,1.89449,1.47104,0,1.46368,2.32848,8.62394e+06,3.61194e+06,1.6338e+07,0,0,0,6.44116e+07
85.1408,85.1408,6.23721,0.19,0.04,2.76228,3.18545,0,0.517483,5.95728,4.14971e+06,2.70226e+06,1.14626e+07,0,0,0,0,57.1958,61.3098,5.49178,0,1,1.89449,1.47132,0,1.46368,2.32848,8.62394e+06,3.61194e+06,1.6338e+07,0,0,0,6.44116e+07
85.1408,85.1408,7.35239,0.17,0.04,2.35932,2.78221,0,0.517651,5.95728,4.14971e+06,2.70226e+06,9.7905e+06,0,0,0,0,58.9035,61.3098,6.12505,0,1,1.68671,1.26383,0,1.46368,2.32848,8.62394e+06,3.61194e+06,1.45461e+07,0,0,0,6.44116e+07
85.1408,85.1408,7.58913,0.2,0.04,2.15237,2.78274,0,0.442137,5.95728,4.14971e+06,2.70226e+06,8.93169e+06,0,0,0,0,60.4801,61.3098,5.91144,0,1,1.89445,1.26407,0,1.30316,2.32848,8.62394e+06,3.61194e+06,1.63376e+07,0,0,0,6.44116e+07
85.1408,85.1408,7.71589,0.22,0.04,2.15315,2.78328,0,0.403353,5.95728,4.14971e+06,2.70226e+06,8.93493e+06,0,0,0,0,61.8477,61.3098,5.47394,0,1,1.89445,1.26432,0,1.46365,2.32848,8.62394e+06,3.61194e+06,1.63376e+07,0,0,0,6.44116e+07
85.1408,85.1408,6.87553,0.23,0.04,2.15393,2.78382,0,0.4035,5.95728,4.14971e+06,2.70226e+06,8.93817e+06,0,0,0,0,62.338,61.3098,5.01103,0,1,1.89445,1.26456,0,1.46365,2.32848,8.62394e+06,3.61194e+06,1.63376e+07,0,0,0,6.44116e+07
85.1408,85.1408,6.76008,0.23,0.04,2.15471,2.78435,0,0.403646,5.95728,4.14971e+06,2.70226e+06,8.94141e+06,0,0,0,0,62.338,61.3098,4.02033,0,1,1.89445,1.26481,0,1.46365,2.32848,8.62394e+06,3.61194e+06,1.63376e+07,0,0,0,6.44116e+07
85.1408,85.1408,4.50188,0.25,0.04,2.25724,2.88664,0,0.403792,5.95728,4.14971e+06,2.70226e+06,9.3669e+06,0,0,0,0,62.338,61.3098,2.99483,0,1,1.94533,1.31593,0,1.46365,2.32848,8.62394e+06,3.61194e+06,1.67764e+07,0,0,0,6.44116e+07
85.1408,85.1408,7.03963,0.25,0.04,2.30892,2.8872,0,0.423007,5.95728,4.14971e+06,2.70226e+06,9.58136e+06,0,0,0,0,62.338,61.3098,5.00103,0,1,1.89446,1.31618,0,1.50296,2.32848,8.62394e+06,3.61194e+06,1.63377e+07,0,0,0,6.44116e+07
85.1408,85.1408,6.19987,0.25,0.04,2.30973,2.88776,0,0.432692,5.95728,4.14971e+06,2.70226e+06,9.58472e+06,0,0,0,0,62.338,61.3098,4.6747,0,1,1.89446,1.31644,0,1.46366,2.32848,8.62394e+06,3.61194e+06,1.63377e+07,0,0,0,6.44116e+07
85.1408,85.1408,4.66394,0.24,0.04,2.31054,2.88832,0,0.432844,5.95728,4.14971e+06,2.70226e+06,9.58808e+06,0,0,0,0,62.338,61.3098,3.39698,0,1,1.89446,1.31669,0,1.46366,2.32848,8.62394e+06,3.61194e+06,1.63377e+07,0,0,0,6.44116e+07
85.1408,85.1408,5.16146,0.23,0.04,2.27154,2.84906,0,0.432996,5.95728,4.14971e+06,2.70226e+06,9.42623e+06,0,0,0,0,62.338,61.3098,5.05944,0,1,1.87469,1.29717,0,1.46366,2.32848,8.62394e+06,3.61194e+06,1.61672e+07,0,0,0,6.44116e+07
85.1408,85.1408,4.52908,0.2,0.04,2.25257,2.84961,0,0.425687,5.95728,4.14971e+06,2.70226e+06,9.34749e+06,0,0,0,0,62.338,61.3098,3.3586,0,1,1.89446,1.29742,0,1.44838,2.32848,8.62394e+06,3.61194e+06,1.63377e+07,0,0,0,6.44116e+07
85.1408,85.1408,3.78215,0.18,0.04,2.25337,2.85016,0,0.422131,5.95728,4.14971e+06,2.70226e+06,9.35081e+06,0,0,0,0,62.338,61.3098,3.22177,0,1,1.89446,1.29767,0,1.46366,2.32848,8.62394e+06,3.61194e+06,1.63377e+07,0,0,0,6.44116e+07
85.1408,85.1408,3.55754,0.18,0.04,2.25417,2.85071,0,0.422281,5.95728,4.14971e+06,2.70226e+06,9.35413e+06,0,0,0,0,62.338,61.3098,2.5516,0,1,1.89446,1.29792,0,1.46366,2.32848,8.62394e+06,3.61194e+06,1.63377e+07,0,0,0,6.44116e+07
85.1408,85.1408,3.7377,0.16,0.04,2.39022,2.98651,0,0.422431,5.95728,4.14971e+06,2.70226e+06,9.91872e+06,0,0,0,0,62.338,61.3098,3.15494,0,1,1.96464,1.36836,0,1.46366,2.32848,8.62394e+06,3.61194e+06,1.6943e+07,0,0,0,6.44116e+07
85.1408,85.1408,3.30638,0.14,0.04,2.46123,2.98709,0,0.447928,5.95728,4.14971e+06,2.70226e+06,1.02134e+07,0,0,0,0,62.338,61.3098,3.14309,0,1,1.89447,1.36862,0,1.51788,2.32848,8.62394e+06,3.61194e+06,1.63378e+07,0,0,0,6.44116e+07
85.1408,85.1408,3.25494,0.13,0.04,2.46207,2.98766,0,0.461235,5.95728,4.14971e+06,2.70226e+06,1.02169e+07,0,0,0,0,62.338,61.3098,3.06759,0,1,1.89447,1.36888,0,1.46367,2.32848,8.62394e+06,3.61194e+06,1.63378e+07,0,0,0,6.44116e+07
85.1408,85.1408,2.81773,0.11,0.04,2.46291,2.98824,0,0.461393,5.95728,4.14971e+06,2.70226e+06,1.02204e+07,0,0,0,0,62.3343,61.3098,2.37774,0,1,1.89447,1.36915,0,1.46367,2.32848,8.62394e+06,3.61194e+06,1.63378e+07,0,0,0,6.44116e+07
85.0813,85.1408,2.67111,0.12,0.04,2.46375,2.98881,0,0.46155,5.95728,4.14971e+06,2.70226e+06,1.02239e+07,0,0,0,0,62.338,61.3098,2.59702,0,1,1.89447,1.36941,0,1.46367,2.32848,8.62394e+06,3.61194e+06,1.63378e+07,0,0,0,6.44116e+07
84.9548,85.1408,2.56174,0.11,0.04,2.43782,2.96262,0,0.461707,5.95728,4.14971e+06,2.70226e+06,1.01162e+07,0,0,0,0,62.338,61.3098,3.11051,0,1,1.93308,1.40829,0,1.46367,2.32848,8.62394e+06,3.61194e+06,1.66708e+07,0,0,0,6.44116e+07
84.685,85.1408,2.42958,0.11,0.04,2.47727,2.96319,0,0.456847,5.95728,4.14971e+06,2.70226e+06,1.02799e+07,0,0,0,0,62.338,61.3098,3.00467,0,1,1.89448,1.40856,0,1.4935,2.32848,8.62394e+06,3.61194e+06,1.63379e+07,0,0,0,6.44116e+07
84.2743,85.1408,2.27716,0.1,0.04,2.47811,2.96376,0,0.46424,5.95728,4.14971e+06,2.70226e+06,1.02834e+07,0,0,0,0,62.338,61.3098,2.79928,0,1,1.89448,1.40883,0,1.46367,2.32848,8.62394e+06,3.61194e+06,1.63379e+07,0,0,0,6.44116e+07
83.728,85.1408,2.1351,0.09,0.04,2.47895,2.96433,0,0.464398,5.95728,4.14971e+06,2.70226e+06,1.02869e+07,0,0,0,0,62.146,61.3098,2.63238,0,1,1.89448,1.4091,0,1.46367,2.32848,8.62394e+06,3.61194e+06,1.63379e+07,0,0,0,6.44116e+07
82.7032,85.1408,1.66961,0.1,0.04,2.54899,3.0341,0,0.464556,5.95728,4.14971e+06,2.70226e+06,1.05776e+07,0,0,0,0,61.9044,61.3098,1.91746,0,1,1.92892,1.44381,0,1.46367,2.32848,8.62394e+06,3.61194e+06,1.66349e+07,0,0,0,6.44116e+07
81.6153,85.1408,1.63077,0.1,0.04,2.58429,3.03468,0,0.477681,5.95728,4.14971e+06,2.70226e+06,1.0724e+07,0,0,0,0,61.583,61.3098,1.95844,0,1,1.89449,1.44409,0,1.49028,2.32848,8.62394e+06,3.61194e+06,1.63379e+07,0,0,0,6.44116e+07
80.4339,85.1408,1.52296,0.1,0.04,2.58515,3.03527,0,0.484295,5.95728,4.14971e+06,2.70226e+06,1.07276e+07,0,0,0,0,61.1113,61.3098,1.85195,0,1,1.89449,1.44437,0,1.46368,2.32848,8.62394e+06,3.61194e+06,1.63379e+07,0,0,0,6.44116e+07
79.1406,85.1408,1.39785,0.1,0.04,2.58601,3.03585,0,0.484457,5.95728,4.14971e+06,2.70226e+06,1.07312e+07,0,0,0,0,60.7954,61.3098,1.74685,0,1,1.89449,1.44465,0,1.46368,2.32848,8.62394e+06,3.61194e+06,1.63379e+07,0,0,0,6.44116e+07
78.0196,85.1408,1.72361,0.15,0.04,2.78967,3.23923,0,0.484619,5.95728,4.14971e+06,2.70226e+06,1.15763e+07,0,0,0,0,60.5964,61.3098,2.18767,0,1,2.01889,1.56933,0,1.46368,2.32848,8.62394e+06,3.61194e+06,1.74108e+07,0,0,0,6.44116e+07
76.8935,85.1408,1.81948,0.14,0.04,2.91497,3.23985,0,0.522784,5.95728,4.14971e+06,2.70226e+06,1.20963e+07,0,0,0,0,60.4163,61.3098,2.24184,0,1,1.89451,1.56963,0,1.55979,2.32848,8.62394e+06,3.61194e+06,1.63381e+07,0,0,0,6.44116e+07
75.4683,85.1408,1.53447,0.14,0.04,2.9159,3.24048,0,0.546266,5.95728,4.14971e+06,2.70226e+06,1.21001e+07,0,0,0,0,60.1333,61.3098,1.97035,0,1,1.89451,1.56993,0,1.4637,2.32848,8.62394e+06,3.61194e+06,1.63381e+07,0,0,0,6.44116e+07
74.2039,85.1408,1.67079,0.14,0.04,2.91683,3.2411,0,0.54644,5.95728,4.14971e+06,2.70226e+06,1.2104e+07,0,0,0,0,60.11,61.3098,2.62412,0,1,1.89451,1.57024,0,1.4637,2.32848,8.62394e+06,3.61194e+06,1.63381e+07,0,0,0,6.44116e+07
73.0853,85.1408,1.83232,0.14,0.04,2.91775,3.24173,0,0.546613,5.95728,4.14971e+06,2.70226e+06,1.21078e+07,0,0,0,0,59.8996,61.3098,2.44082,0,1,1.89451,1.57054,0,1.4637,2.32848,8.62394e+06,3.61194e+06,1.63381e+07,0,0,0,6.44116e+07
72.8468,85.1408,2.67285,0.17,0.04,2.81975,3.14342,0,0.546787,5.95728,4.14971e+06,2.70226e+06,1.17012e+07,0,0,0,0,59.782,61.3098,2.82424,0,1,1.81893,1.49526,0,1.4637,2.32848,8.62394e+06,3.61194e+06,1.56863e+07,0,0,0,6.44116e+07
72.2645,85.1408,2.25565,0.17,0.04,2.74508,3.14403,0,0.528422,5.95728,4.14971e+06,2.70226e+06,1.13913e+07,0,0,0,0,60.0176,61.3098,4.63147,0,1,1.8945,1.49555,0,1.40531,2.32848,8.62394e+06,3.61194e+06,1.6338e+07,0,0,0,6.44116e+07
71.3746,85.1408,1.9441,0.16,0.04,2.74598,3.14463,0,0.514428,5.95728,4.14971e+06,2.70226e+06,1.1395e+07,0,0,0,0,59.7172,61.3098,2.57534,0,1,1.8945,1.49584,0,1.46369,2.32848,8.62394e+06,3.61194e+06,1.6338e+07,0,0,0,6.44116e+07
70.5535,85.1408,2.0203,0.15,0.04,2.74687,3.14524,0,0.514596,5.95728,4.14971e+06,2.70226e+06,1.13987e+07,0,0,0,0,59.4076,61.3098,2.49208,0,1,1.8945,1.49613,0,1.46369,2.32848,8.62394e+06,3.61194e+06,1.6338e+07,0,0,0,6.44116e+07
71.7072,85.1408,3.98751,0.15,0.04,2.6665,3.06458,0,0.514764,5.95728,4.14971e+06,2.70226e+06,1.10652e+07,0,0,0,0,59.3443,61.3098,2.81041,0,1,1.82565,1.42756,0,1.46369,2.32848,8.62394e+06,3.61194e+06,1.57443e+07,0,0,0,6.44116e+07
73.2254,85.1408,4.36125,0.16,0.04,2.59853,3.06517,0,0.499702,5.95728,4.14971e+06,2.70226e+06,1.07831e+07,0,0,0,0,59.177,61.3098,2.81552,0,1,1.89448,1.42784,0,1.41049,2.32848,8.62394e+06,3.61194e+06,1.63379e+07,0,0,0,6.44116e+07
75.3318,85.1408,5.01463,0.16,0.04,2.59939,3.06576,0,0.486964,5.95728,4.14971e+06,2.70226e+06,1.07867e+07,0,0,0,0,59.5333,61.3098,3.48843,0,1,1.89448,1.42812,0,1.46368,2.32848,8.62394e+06,3.61194e+06,1.63379e+07,0,0,0,6.44116e+07
77.0705,85.1408,4.71905,0.14,0.04,2.60026,3.06635,0,0.487127,5.95728,4.14971e+06,2.70226e+06,1.07903e+07,0,0,0,0,60.1509,61.3098,4.09195,0,1,1.89448,1.42839,0,1.46368,2.32848,8.62394e+06,3.61194e+06,1.63379e+07,0,0,0,6.44116e+07
82.1157,85.1408,7.98932,0.15,0.04,2.37015,2.83597,0,0.487289,5.95728,4.14971e+06,2.70226e+06,9.83543e+06,0,0,0,0,61.7856,61.3098,6.28421,0,1,1.75098,1.28516,0,1.46368,2.32848,8.62394e+06,3.61194e+06,1.51003e+07,0,0,0,6.44116e+07
85.1408,85.1408,11.944,0.14,0.04,2.22747,2.83651,0,0.444166,5.95728,4.14971e+06,2.70226e+06,9.24334e+06,0,0,0,0,62.338,61.3098,7.21095,0,1,1.89446,1.28541,0,1.35281,2.32848,8.62394e+06,3.61194e+06,1.63377e+07,0,0,0,6.44116e+07
85.1408,85.1408,11.6767,0.14,0.04,2.22826,2.83706,0,0.417427,5.95728,4.14971e+06,2.70226e+06,9.24663e+06,0,0,0,0,62.338,61.3098,8.6838,0,1,1.89446,1.28566,0,1.46366,2.32848,8.62394e+06,3.61194e+06,1.63377e+07,0,0,0,6.44116e+07
85.1408,85.1408,10.1657,0.15,0.04,2.22906,2.83761,0,0.417576,5.95728,4.14971e+06,2.70226e+06,9.24993e+06,0,0,0,0,62.338,61.3098,6.15243,0,1,1.89446,1.2859,0,1.46366,2.32848,8.62394e+06,3.61194e+06,1.63377e+07,0,0,0,6.44116e+07
85.1408,85.1408,11.3022,0.16,0.04,2.22985,2.83815,0,0.417725,5.95728,4.14971e+06,2.70226e+06,9.25323e+06,0,0,0,0,62.338,61.3098,8.64774,0,1,1.89446,1.28615,0,1.46366,2.32848,8.62394e+06,3.61194e+06,1.63377e+07,0,0,0,6.44116e+07
85.1408,85.1408,3.71159,0.16,0,2.31956,2.92762,0,0.417874,5.95728,4.14971e+06,2.70226e+06,9.6255e+06,0,0,0,0,62.338,61.3098,4.53,0,1,1.93604,1.32799,0,1.46366,2.32848,8.62394e+06,3.61194e+06,1.66963e+07,0,0,0,6.44116e+07
85.1408,85.1408,3.86723,0.17,0,2.36194,2.92816,0,0.434686,5.95728,4.14971e+06,2.70226e+06,9.80135e+06,0,0,0,0,62.338,61.3098,4.37673,0,1,1.89445,1.32823,0,1.49579,2.32848,8.62394e+06,3.61194e+06,1.63376e+07,0,0,0,6.44116e+07
85.1408,85.1408,3.73676,0.17,0,2.36272,2.9287,0,0.442627,5.95728,4.14971e+06,2.70226e+06,9.80461e+06,0,0,0,0,62.338,61.3098,4.61905,0,1,1.89445,1.32848,0,1.46365,2.32848,8.62394e+06,3.61194e+06,1.63376e+07,0,0,0,6.44116e+07
85.1408,85.1408,3.56474,0.17,0,2.36351,2.92924,0,0.442774,5.95728,4.14971e+06,2.70226e+06,9.80787e+06,0,0,0,0,62.338,61.3098,4.68328,0,1,1.89445,1.32872,0,1.46365,2.32848,8.62394e+06,3.61194e+06,1.63376e+07,0,0,0,6.44116e+07
85.1408,85.1408,3.59232,0.18,0,2.65006,3.21554,0,0.442921,5.95728,4.14971e+06,2.70226e+06,1.0997e+07,0,0,0,0,62.338,61.3098,4.31449,0,1,2.05071,1.48523,0,1.46365,2.32848,8.62394e+06,3.61194e+06,1.76852e+07,0,0,0,6.44116e+07
84.1733,85.1408,2.44102,0.19,0,2.80715,3.21614,0,0.496621,5.95728,4.14971e+06,2.70226e+06,1.16489e+07,0,0,0,0,62.338,61.3098,4.0924,0,1,1.89448,1.4855,0,1.58438,2.32848,8.62394e+06,3.61194e+06,1.63379e+07,0,0,0,6.44116e+07
83.2481,85.1408,2.36411,0.2,0,2.80802,3.21673,0,0.526061,5.95728,4.14971e+06,2.70226e+06,1.16525e+07,0,0,0,0,62.338,61.3098,2.96777,0,1,1.89448,1.48577,0,1.46368,2.32848,8.62394e+06,3.61194e+06,1.63379e+07,0,0,0,6.44116e+07
83.0251,85.1408,3.16021,0.21,0,2.80889,3.21732,0,0.526223,5.95728,4.14971e+06,2.70226e+06,1.16561e+07,0,0,0,0,62.338,61.3098,4.7236,0,1,1.89448,1.48605,0,1.46368,2.32848,8.62394e+06,3.61194e+06,1.63379e+07,0,0,0,6.44116e+07
84.6736,85.1408,4.71208,0.21,0,2.40186,2.81002,0,0.526385,5.95728,4.14971e+06,2.70226e+06,9.96703e+06,0,0,0,0,62.338,61.3098,7.1539,0,1,1.68463,1.27647,0,1.46368,2.32848,8.62394e+06,3.61194e+06,1.45281e+07,0,0,0,6.44116e+07
85.1408,85.1408,4.57145,0.23,0,2.1928,2.81054,0,0.450109,5.95728,4.14971e+06,2.70226e+06,9.09948e+06,0,0,0,0,62.338,61.3098,8.25403,0,1,1.89444,1.2767,0,1.30154,2.32848,8.62394e+06,3.61194e+06,1.63376e+07,0,0,0,6.44116e+07
85.1408,85.1408,7.77936,0.24,0,2.19355,2.81106,0,0.410931,5.95728,4.14971e+06,2.70226e+06,9.10261e+06,0,0,0,0,62.338,61.3098,13.1687,0,1,1.89444,1.27694,0,1.46365,2.32848,8.62394e+06,3.61194e+06,1.63376e+07,0,0,0,6.44116e+07
85.1408,85.1408,7.87651,0.25,0,2.19431,2.81158,0,0.411072,5.95728,4.14971e+06,2.70226e+06,9.10573e+06,0,0,0,0,62.338,61.3098,12.3365,0,1,1.89444,1.27717,0,1.46365,2.32848,8.62394e+06,3.61194e+06,1.63376e+07,0,0,0,6.44116e+07
85.1408,85.1408,5.89929,0.26,0,2.19506,2.8121,0,0.411213,5.95728,4.14971e+06,2.70226e+06,9.10886e+06,0,0,0,0,62.338,61.3098,10.1579,0,1,1.89444,1.27741,0,1.46365,2.32848,8.62394e+06,3.61194e+06,1.63376e+07,0,0,0,6.44116e+07
85.1408,85.1408,5.26381,0.29,0,2.29858,2.91538,0,0.411354,5.95728,4.14971e+06,2.70226e+06,9.53844e+06,0,0,0,0,62.338,61.3098,14.9068,0,1,1.94583,1.32903,0,1.46365,2.32848,8.62394e+06,3.61194e+06,1.67807e+07,0,0,0,6.44116e+07
85.1408,85.1408,3.71761,0.29,0,2.35074,2.91592,0,0.430754,5.95728,4.14971e+06,2.70226e+06,9.75488e+06,0,0,0,0,62.338,61.3098,9.59878,0,1,1.89445,1.32927,0,1.50335,2.32848,8.62394e+06,3.61194e+06,1.63376e+07,0,0,0,6.44116e+07
85.1408,85.1408,3.33826,0.27,0,2.35152,2.91646,0,0.440529,5.95728,4.14971e+06,2.70226e+06,9.75813e+06,0,0,0,0,62.338,61.3098,8.11034,0,1,1.89445,1.32952,0,1.46365,2.32848,8.62394e+06,3.61194e+06,1.63376e+07,0,0,0,6.44116e+07
85.1408,85.1408,3.05947,0.28,0,2.35231,2.91699,0,0.440675,5.95728,4.14971e+06,2.70226e+06,9.76138e+06,0,0,0,0,62.338,61.3098,9.27567,0,1,1.89445,1.32976,0,1.46365,2.32848,8.62394e+06,3.61194e+06,1.63376e+07,0,0,0,6.44116e+07
84.7909,85.1408,2.42493,0.26,0,2.31288,2.87732,0,0.440822,5.95728,4.14971e+06,2.70226e+06,9.59777e+06,0,0,0,0,62.338,61.3098,4.67918,0,1,1.87448,1.31004,0,1.46365,2.32848,8.62394e+06,3.61194e+06,1.61654e+07,0,0,0,6.44116e+07
84.1881,85.1408,2.13998,0.26,0,2.29368,2.87785,0,0.433433,5.95728,4.14971e+06,2.70226e+06,9.5181e+06,0,0,0,0,62.338,61.3098,4.39576,0,1,1.89445,1.31028,0,1.44822,2.32848,8.62394e+06,3.61194e+06,1.63376e+07,0,0,0,6.44116e+07
83.8511,85.1408,2.42452,0.2,0,2.29445,2.87838,0,0.429836,5.95728,4.14971e+06,2.70226e+06,9.52131e+06,0,0,0,0,62.338,61.3098,4.26665,0,1,1.89445,1.31052,0,1.46365,2.32848,8.62394e+06,3.61194e+06,1.63376e+07,0,0,0,6.44116e+07
83.3145,85.1408,2.11347,0.2,0,2.29522,2.87891,0,0.42998,5.95728,4.14971e+06,2.70226e+06,9.52451e+06,0,0,0,0,62.338,61.3098,3.98946,0,1,1.89445,1.31076,0,1.46365,2.32848,8.62394e+06,3.61194e+06,1.63376e+07,0,0,0,6.44116e+07
82.4673,85.1408,1.90508,0.18,0,2.43259,3.01603,0,0.430125,5.95728,4.14971e+06,2.70226e+06,1.00945e+07,0,0,0,0,62.338,61.3098,3.42559,0,1,1.96533,1.38188,0,1.46365,2.32848,8.62394e+06,3.61194e+06,1.69489e+07,0,0,0,6.44116e+07
81.3626,85.1408,1.69944,0.14,0,2.50427,3.01659,0,0.455867,5.95728,4.14971e+06,2.70226e+06,1.0392e+07,0,0,0,0,62.338,61.3098,2.90092,0,1,1.89446,1.38214,0,1.51841,2.32848,8.62394e+06,3.61194e+06,1.63377e+07,0,0,0,6.44116e+07
80.1688,85.1408,1.59611,0.13,0,2.50508,3.01715,0,0.469299,5.95728,4.14971e+06,2.70226e+06,1.03953e+07,0,0,0,0,62.338,61.3098,2.68276,0,1,1.89446,1.38239,0,1.46366,2.32848,8.62394e+06,3.61194e+06,1.63377e+07,0,0,0,6.44116e+07
78.8597,85.1408,1.45944,0.13,0,2.50589,3.0177,0,0.469451,5.95728,4.14971e+06,2.70226e+06,1.03987e+07,0,0,0,0,62.3038,61.3098,2.43162,0,1,1.89446,1.38265,0,1.46366,2.32848,8.62394e+06,3.61194e+06,1.63377e+07,0,0,0,6.44116e+07
77.6844,85.1408,1.53564,0.18,0,2.5067,3.01826,0,0.469603,5.95728,4.14971e+06,2.70226e+06,1.04021e+07,0,0,0,0,62.1511,61.3098,2.41149,0,1,1.89446,1.3829,0,1.46366,2.32848,8.62394e+06,3.61194e+06,1.63377e+07,0,0,0,6.44116e+07
76.8972,85.1408,1.89657,0.16,0,2.48047,2.99178,0,0.469755,5.95728,4.14971e+06,2.70226e+06,1.02932e+07,0,0,0,0,61.86,61.3098,2.54914,0,1,1.93346,1.42215,0,1.46366,2.32848,8.62394e+06,3.61194e+06,1.6674e+07,0,0,0,6.44116e+07
75.922,85.1408,1.73414,0.16,0,2.52027,2.99233,0,0.46484,5.95728,4.14971e+06,2.70226e+06,1.04584e+07,0,0,0,0,61.5538,61.3098,2.50869,0,1,1.89447,1.42241,0,1.49379,2.32848,8.62394e+06,3.61194e+06,1.63378e+07,0,0,0,6.44116e+07
74.8041,85.1408,1.57187,0.17,0,2.52108,2.99288,0,0.472299,5.95728,4.14971e+06,2.70226e+06,1.04618e+07,0,0,0,0,61.2105,61.3098,2.2567,0,1,1.89447,1.42267,0,1.46367,2.32848,8.62394e+06,3.61194e+06,1.63378e+07,0,0,0,6.44116e+07
73.649,85.1408,1.48564,0.17,0,2.5219,2.99343,0,0.472451,5.95728,4.14971e+06,2.70226e+06,1.04651e+07,0,0,0,0,60.7562,61.3098,2.22799,0,1,1.89447,1.42294,0,1.46367,2.32848,8.62394e+06,3.61194e+06,1.63378e+07,0,0,0,6.44116e+07
72.3603,85.1408,1.40253,0.2,0,2.59258,3.06386,0,0.472604,5.95728,4.14971e+06,2.70226e+06,1.07585e+07,0,0,0,0,60.3046,61.3098,2.11084,0,1,1.92925,1.45797,0,1.46367,2.32848,8.62394e+06,3.61194e+06,1.66377e+07,0,0,0,6.44116e+07
71.0285,85.1408,1.37392,0.2,0,2.62819,3.06442,0,0.48585,5.95728,4.14971e+06,2.70226e+06,1.09062e+07,0,0,0,0,59.8527,61.3098,2.14764,0,1,1.89448,1.45824,0,1.49054,2.32848,8.62394e+06,3.61194e+06,1.63378e+07,0,0,0,6.44116e+07
69.5391,85.1408,1.20208,0.19,0,2.62902,3.06499,0,0.492522,5.95728,4.14971e+06,2.70226e+06,1.09097e+07,0,0,0,0,59.3705,61.3098,1.9789,0,1,1.89448,1.45851,0,1.46367,2.32848,8.62394e+06,3.61194e+06,1.63378e+07,0,0,0,6.44116e+07
67.9724,85.1408,1.10894,0.21,0,2.62985,3.06555,0,0.492679,5.95728,4.14971e+06,2.70226e+06,1.09131e+07,0,0,0,0,58.8794,61.3098,1.89236,0,1,1.89448,1.45878,0,1.46367,2.32848,8.62394e+06,3.61194e+06,1.63378e+07,0,0,0,6.44116e+07
66.1908,85.1408,1.02955,0.23,0,2.83546,3.27089,0,0.492835,5.95728,4.14971e+06,2.70226e+06,1.17663e+07,0,0,0,0,58.3416,61.3098,1.71084,0,1,2.02009,1.58467,0,1.46367,2.32848,8.62394e+06,3.61194e+06,1.74212e+07,0,0,0,6.44116e+07
64.6011,85.1408,1.33625,0.23,0,2.96195,3.27149,0,0.531365,5.95728,4.14971e+06,2.70226e+06,1.22912e+07,0,0,0,0,57.668,61.3098,1.92944,0,1,1.8945,1.58496,0,1.56073,2.32848,8.62394e+06,3.61194e+06,1.6338e+07,0,0,0,6.44116e+07
62.7646,85.1408,1.07742,0.22,0,2.96284,3.27209,0,0.555069,5.95728,4.14971e+06,2.70226e+06,1.22949e+07,0,0,0,0,57.0678,61.3098,1.38901,0,1,1.8945,1.58525,0,1.46369,2.32848,8.62394e+06,3.61194e+06,1.6338e+07,0,0,0,6.44116e+07
61.1812,85.1408,1.30176,0.21,0,2.96374,3.2727,0,0.555237,5.95728,4.14971e+06,2.70226e+06,1.22986e+07,0,0,0,0,56.7102,61.3098,2.43387,0,1,1.8945,1.58554,0,1.46369,2.32848,8.62394e+06,3.61194e+06,1.6338e+07,0,0,0,6.44116e+07
59.3156,85.1408,0.991467,0.23,0,2.96463,3.2733,0,0.555405,5.95728,4.14971e+06,2.70226e+06,1.23024e+07,0,0,0,0,56.1995,61.3098,1.66183,0,1,1.8945,1.58584,0,1.46369,2.32848,8.62394e+06,3.61194e+06,1.6338e+07,0,0,0,6.44116e+07
57.3255,85.1408,0.755541,0.24,0,2.86564,3.17401,0,0.555572,5.95728,4.14971e+06,2.70226e+06,1.18916e+07,0,0,0,0,55.5996,61.3098,2.44917,0,1,1.81818,1.50981,0,1.46369,2.32848,8.62394e+06,3.61194e+06,1.56799e+07,0,0,0,6.44116e+07
55.2967,85.1408,0.632878,0.24,0,2.7902,3.1746,0,0.537021,5.95728,4.14971e+06,2.70226e+06,1.15785e+07,0,0,0,0,54.8493,61.3098,1.27982,0,1,1.89449,1.51009,0,1.40473,2.32848,8.62394e+06,3.61194e+06,1.63379e+07,0,0,0,6.44116e+07
53.5058,85.1408,0.898165,0.26,0,2.79106,3.17518,0,0.522883,5.95728,4.14971e+06,2.70226e+06,1.15821e+07,0,0,0,0,54.3773,61.3098,1.47497,0,1,1.89449,1.51037,0,1.46368,2.32848,8.62394e+06,3.61194e+06,1.63379e+07,0,0,0,6.44116e+07
52.9018,85.1408,2.2241,0.26,0,2.79193,3.17577,0,0.523045,5.95728,4.14971e+06,2.70226e+06,1.15857e+07,0,0,0,0,54.3761,61.3098,2.5299,0,1,1.89449,1.51065,0,1.46368,2.32848,8.62394e+06,3.61194e+06,1.63379e+07,0,0,0,6.44116e+07
51.447,85.1408,1.24084,0.27,0,2.71074,3.0943,0,0.523207,5.95728,4.14971e+06,2.70226e+06,1.12488e+07,0,0,0,0,54.0579,61.3098,1.80211,0,1,1.82497,1.44141,0,1.46368,2.32848,8.62394e+06,3.61194e+06,1.57384e+07,0,0,0,6.44116e+07
51.2662,85.1408,2.51257,0.27,0,2.64207,3.09487,0,0.507992,5.95728,4.14971e+06,2.70226e+06,1.09638e+07,0,0,0,0,53.9187,61.3098,2.12391,0,1,1.89447,1.44167,0,1.40997,2.32848,8.62394e+06,3.61194e+06,1.63378e+07,0,0,0,6.44116e+07
53.3319,85.1408,4.81942,0.27,0,2.6429,3.09544,0,0.495123,5.95728,4.14971e+06,2.70226e+06,1.09673e+07,0,0,0,0,54.3181,61.3098,3.15022,0,1,1.89447,1.44194,0,1.46367,2.32848,8.62394e+06,3.61194e+06,1.63378e+07,0,0,0,6.44116e+07
54.503,85.1408,3.9352,0.27,0,2.64374,3.09601,0,0.49528,5.95728,4.14971e+06,2.70226e+06,1.09707e+07,0,0,0,0,54.9855,61.3098,4.5578,0,1,1.89447,1.4422,0,1.46367,2.32848,8.62394e+06,3.61194e+06,1.63378e+07,0,0,0,6.44116e+07
55.6298,85.1408,3.75453,0.29,0,2.41137,2.86337,0,0.495436,5.95728,4.14971e+06,2.70226e+06,1.00065e+07,0,0,0,0,55.3196,61.3098,3.73894,0,1,1.74958,1.29758,0,1.46367,2.32848,8.62394e+06,3.61194e+06,1.50883e+07,0,0,0,6.44116e+07
56.3577,85.1408,3.22547,0.28,0,2.26727,2.8639,0,0.45189,5.95728,4.14971e+06,2.70226e+06,9.40849e+06,0,0,0,0,55.5711,61.3098,3.70418,0,1,1.89445,1.29782,0,1.35173,2.32848,8.62394e+06,3.61194e+06,1.63376e+07,0,0,0,6.44116e+07
57.983,85.1408,4.27732,0.32,0,2.26803,2.86442,0,0.424886,5.95728,4.14971e+06,2.70226e+06,9.41167e+06,0,0,0,0,56.1764,61.3098,4.10506,0,1,1.89445,1.29806,0,1.46365,2.32848,8.62394e+06,3.61194e+06,1.63376e+07,0,0,0,6.44116e+07
59.8678,85.1408,4.50451,0.31,0,2.2688,2.86495,0,0.425029,5.95728,4.14971e+06,2.70226e+06,9.41485e+06,0,0,0,0,56.9874,61.3098,4.67957,0,1,1.89445,1.29829,0,1.46365,2.32848,8.62394e+06,3.61194e+06,1.63376e+07,0,0,0,6.44116e+07
63.0418,85.1408,6.12669,0.33,0,2.26957,2.86548,0,0.425173,5.95728,4.14971e+06,2.70226e+06,9.41803e+06,0,0,0,0,58.7296,61.3098,6.92496,0,1,1.89445,1.29853,0,1.46365,2.32848,8.62394e+06,3.61194e+06,1.63376e+07,0,0,0,6.44116e+07
64.414,85.1408,4.17162,0.32,0,2.36011,2.95578,0,0.425317,5.95728,4.14971e+06,2.70226e+06,9.79375e+06,0,0,0,2.37082e+08,59.4889,61.3098,3.70172,0,1,1.93644,1.34076,0,1.46365,2.32848,8.62394e+06,3.61194e+06,1.66997e+07,0,0,0,6.44116e+07
65.9022,85.1408,4.23586,0.32,0,2.40285,2.9563,0,0.442284,5.95728,4.14971e+06,2.70226e+06,9.97114e+06,0,0,0,2.37082e+08,60.2045,61.3098,3.85947,0,1,1.89444,1.341,0,1.49609,2.32848,8.62394e+06,3.61194e+06,1.63376e+07,0,0,0,6.44116e+07
69.1968,85.1408,6.33041,0.34,0,2.40361,2.95682,0,0.450295,5.95728,4.14971e+06,2.70226e+06,9.97427e+06,0,0,0,2.37082e+08,60.8565,61.3098,3.82695,0,1,1.89444,1.34123,0,1.46365,2.32848,8.62394e+06,3.61194e+06,1.63376e+07,0,0,0,6.44116e+07
73.9929,85.1408,8.1588,0.29,0,2.40437,2.95734,0,0.450436,5.95728,4.14971e+06,2.70226e+06,9.97741e+06,0,0,0,2.37082e+08,62.338,61.3098,5.87085,0,1,1.89444,1.34147,0,1.46365,2.32848,8.62394e+06,3.61194e+06,1.63376e+07,0,0,0,6.44116e+07
80.9874,85.1408,10.6534,0.24,0,2.69362,3.24636,0,0.450578,5.95728,4.14971e+06,2.70226e+06,1.11778e+07,0,0,0,2.37082e+08,62.338,61.3098,11.3431,0,1,2.0522,1.49946,0,1.46365,2.32848,8.62394e+06,3.61194e+06,1.7698e+07,0,0,0,6.44116e+07
84.077,85.1408,6.75403,0.2,0,2.85219,3.24693,0,0.504785,5.95728,4.14971e+06,2.70226e+06,1.18357e+07,0,0,0,2.37082e+08,62.338,61.3098,4.45683,0,1,1.89447,1.49973,0,1.58553,2.32848,8.62394e+06,3.61194e+06,1.63378e+07,0,0,0,6.44116e+07
85.1408,85.1408,5.53691,0.21,0,2.85302,3.2475,0,0.5345,5.95728,4.14971e+06,2.70226e+06,1.18392e+07,0,0,0,2.37082e+08,62.338,61.3098,3.76085,0,1,1.89447,1.49999,0,1.46367,2.32848,8.62394e+06,3.61194e+06,1.63378e+07,0,0,0,6.44116e+07
85.1408,85.1408,5.94373,0.22,0,2.85386,3.24808,0,0.534656,5.95728,4.14971e+06,2.70226e+06,1.18427e+07,0,0,0,2.37082e+08,62.338,61.3098,4.61653,0,1,1.89447,1.50025,0,1.46367,2.32848,8.62394e+06,3.61194e+06,1.63378e+07,0,0,0,6.44116e+07
85.1408,85.1408,7.56421,0.24,0,2.44291,2.83686,0,0.534813,5.95728,4.14971e+06,2.70226e+06,1.01373e+07,0,0,0,2.37082e+08,62.338,61.3098,8.43162,0,1,1.68261,1.28866,0,1.46367,2.32848,8.62394e+06,3.61194e+06,1.45107e+07,0,0,0,6.44116e+07
85.1408,85.1408,7.49319,0.26,0,2.23181,2.83736,0,0.457801,5.95728,4.14971e+06,2.70226e+06,9.26136e+06,0,0,0,2.37082e+08,62.338,61.3098,12.9365,0,1,1.89443,1.28888,0,1.29999,2.32848,8.62394e+06,3.61194e+06,1.63375e+07,0,0,0,6.44116e+07
85.1408,85.1408,8.0301,0.26,0,2.23254,2.83786,0,0.418241,5.95728,4.14971e+06,2.70226e+06,9.26437e+06,0,0,0,2.37082e+08,62.338,61.3098,12.0957,0,1,1.89443,1.28911,0,1.46364,2.32848,8.62394e+06,3.61194e+06,1.63375e+07,0,0,0,6.44116e+07
85.1408,85.1408,14.228,0.28,0,2.23326,2.83836,0,0.418377,5.95728,4.14971e+06,2.70226e+06,9.26738e+06,0,0,0,2.37082e+08,62.338,61.3098,20.7592,0,1,1.89443,1.28934,0,1.46364,2.32848,8.62394e+06,3.61194e+06,1.63375e+07,0,0,0,6.44116e+07
85.1408,85.1408,10.4231,0.31,0,2.23399,2.83886,0,0.418513,5.95728,4.14971e+06,2.70226e+06,9.27039e+06,0,0,0,2.37082e+08,62.338,61.3098,12.607,0,1,1.89443,1.28956,0,1.46364,2.32848,8.62394e+06,3.61194e+06,1.63375e+07,0,0,0,6.44116e+07
85.1408,85.1408,11.774,0.33,0,2.33846,2.9431,0,0.418649,5.95728,4.14971e+06,2.70226e+06,9.70391e+06,0,0,0,2.37082e+08,62.338,61.3098,15.9933,0,1,1.94631,1.34167,0,1.46364,2.32848,8.62394e+06,3.61194e+06,1.67848e+07,0,0,0,6.44116e+07
85.1408,85.1408,8.7709,0.34,0,2.39108,2.94362,0,0.438227,5.95728,4.14971e+06,2.70226e+06,9.92227e+06,0,0,0,2.37082e+08,62.338,61.3098,12.6987,0,1,1.89444,1.3419,0,1.50372,2.32848,8.62394e+06,3.61194e+06,1.63376e+07,0,0,0,6.44116e+07
85.1408,85.1408,8.05156,0.35,0,2.39183,2.94414,0,0.448088,5.95728,4.14971e+06,2.70226e+06,9.92539e+06,0,0,0,2.37082e+08,62.338,61.3098,13.3625,0,1,1.89444,1.34214,0,1.46365,2.32848,8.62394e+06,3.61194e+06,1.63376e+07,0,0,0,6.44116e+07
85.1408,85.1408,7.31858,0.32,0,2.39258,2.94465,0,0.448229,5.95728,4.14971e+06,2.70226e+06,9.92852e+06,0,0,0,2.37082e+08,62.338,61.3098,12.9616,0,1,1.89444,1.34237,0,1.46365,2.32848,8.62394e+06,3.61194e+06,1.63376e+07,0,0,0,6.44116e+07
85.1408,85.1408,7.10303,0.31,0,2.35275,2.90458,0,0.44837,5.95728,4.14971e+06,2.70226e+06,9.7632e+06,0,0,0,2.37082e+08,62.338,61.3098,7.68803,0,1,1.87428,1.32245,0,1.46365,2.32848,8.62394e+06,3.61194e+06,1.61637e+07,0,0,0,6.44116e+07
85.1408,85.1408,6.51742,0.29,0,2.33333,2.90509,0,0.440904,5.95728,4.14971e+06,2.70226e+06,9.68264e+06,0,0,0,2.37082e+08,62.338,61.3098,6.90753,0,1,1.89444,1.32268,0,1.44807,2.32848,8.62394e+06,3.61194e+06,1.63375e+07,0,0,0,6.44116e+07
85.1408,85.1408,6.03905,0.27,0,2.33407,2.9056,0,0.437266,5.95728,4.14971e+06,2.70226e+06,9.68572e+06,0,0,0,2.37082e+08,62.338,61.3098,6.97786,0,1,1.89444,1.32291,0,1.46364,2.32848,8.62394e+06,3.61194e+06,1.63375e+07,0,0,0,6.44116e+07
85.1408,85.1408,6.25892,0.22,0,2.33482,2.90611,0,0.437406,5.95728,4.14971e+06,2.70226e+06,9.68881e+06,0,0,0,2.37082e+08,62.338,61.3098,6.38239,0,1,1.89444,1.32315,0,1.46364,2.32848,8.62394e+06,3.61194e+06,1.63375e+07,0,0,0,6.44116e+07
85.1408,85.1408,5.89897,0.21,0,2.47344,3.0445,0,0.437545,5.95728,4.14971e+06,2.70226e+06,1.02641e+07,0,0,0,2.37082e+08,62.338,61.3098,5.70765,0,1,1.96599,1.39493,0,1.46364,2.32848,8.62394e+06,3.61194e+06,1.69546e+07,0,0,0,6.44116e+07
85.1408,85.1408,5.45068,0.15,0,2.54576,3.04504,0,0.463523,5.95728,4.14971e+06,2.70226e+06,1.05642e+07,0,0,0,2.37082e+08,62.338,61.3098,5.34242,0,1,1.89445,1.39517,0,1.51892,2.32848,8.62394e+06,3.61194e+06,1.63376e+07,0,0,0,6.44116e+07
85.1408,85.1408,4.85755,0.15,0,2.54654,3.04558,0,0.477075,5.95728,4.14971e+06,2.70226e+06,1.05674e+07,0,0,0,2.37082e+08,62.338,61.3098,4.83935,0,1,1.89445,1.39542,0,1.46365,2.32848,8.62394e+06,3.61194e+06,1.63376e+07,0,0,0,6.44116e+07
85.1408,85.1408,4.69038,0.13,0,2.54732,3.04611,0,0.477222,5.95728,4.14971e+06,2.70226e+06,1.05706e+07,0,0,0,2.37082e+08,62.338,61.3098,4.54155,0,1,1.89445,1.39566,0,1.46365,2.32848,8.62394e+06,3.61194e+06,1.63376e+07,0,0,0,6.44116e+07
85.1408,85.1408,4.40789,0.13,0,2.5481,3.04665,0,0.477368,5.95728,4.14971e+06,2.70226e+06,1.05739e+07,0,0,0,2.37082e+08,62.338,61.3098,5.27575,0,1,1.89445,1.39591,0,1.46365,2.32848,8.62394e+06,3.61194e+06,1.63376e+07,0,0,0,6.44116e+07
85.1408,85.1408,4.41498,0.13,0,2.52159,3.01989,0,0.477514,5.95728,4.14971e+06,2.70226e+06,1.04639e+07,0,0,0,2.37082e+08,62.338,61.3098,3.67946,0,1,1.93381,1.43551,0,1.46365,2.32848,8.62394e+06,3.61194e+06,1.66771e+07,0,0,0,6.44116e+07
85.1408,85.1408,4.18167,0.13,0,2.56173,3.02042,0,0.472546,5.95728,4.14971e+06,2.70226e+06,1.06304e+07,0,0,0,2.37082e+08,62.338,61.3098,3.47106,0,1,1.89446,1.43577,0,1.49406,2.32848,8.62394e+06,3.61194e+06,1.63377e+07,0,0,0,6.44116e+07
85.1408,85.1408,3.88014,0.13,0,2.56251,3.02095,0,0.480068,5.95728,4.14971e+06,2.70226e+06,1.06337e+07,0,0,0,2.37082e+08,62.338,61.3098,3.23725,0,1,1.89446,1.43602,0,1.46366,2.32848,8.62394e+06,3.61194e+06,1.63377e+07,0,0,0,6.44116e+07
85.1408,85.1408,3.70451,0.13,0,2.56329,3.02148,0,0.480214,5.95728,4.14971e+06,2.70226e+06,1.06369e+07,0,0,0,2.37082e+08,62.338,61.3098,3.02708,0,1,1.89446,1.43627,0,1.46366,2.32848,8.62394e+06,3.61194e+06,1.63377e+07,0,0,0,6.44116e+07
85.1408,85.1408,3.75872,0.13,0,2.6346,3.09254,0,0.480361,5.95728,4.14971e+06,2.70226e+06,1.09328e+07,0,0,0,2.37082e+08,62.3238,61.3098,2.80743,0,1,1.92956,1.47163,0,1.46366,2.32848,8.62394e+06,3.61194e+06,1.66404e+07,0,0,0,6.44116e+07
85.1408,85.1408,3.74049,0.13,0,2.6705,3.09309,0,0.493725,5.95728,4.14971e+06,2.70226e+06,1.10818e+07,0,0,0,2.37082e+08,62.218,61.3098,2.89043,0,1,1.89447,1.47188,0,1.49078,2.32848,8.62394e+06,3.61194e+06,1.63378e+07,0,0,0,6.44116e+07
85.1408,85.1408,3.26631,0.13,0,2.67131,3.09363,0,0.500452,5.95728,4.14971e+06,2.70226e+06,1.10851e+07,0,0,0,2.37082e+08,62.0587,61.3098,2.66799,0,1,1.89447,1.47214,0,1.46366,2.32848,8.62394e+06,3.61194e+06,1.63378e+07,0,0,0,6.44116e+07
85.1408,85.1408,3.01147,0.13,0,2.67211,3.09417,0,0.500603,5.95728,4.14971e+06,2.70226e+06,1.10885e+07,0,0,0,2.37082e+08,61.8828,61.3098,2.55699,0,1,1.89447,1.4724,0,1.46367,2.32848,8.62394e+06,3.61194e+06,1.63378e+07,0,0,0,6.44116e+07
85.0322,85.1408,2.8655,0.13,0,2.87959,3.3014,0,0.500753,5.95728,4.14971e+06,2.70226e+06,1.19495e+07,0,0,0,2.37082e+08,61.6732,61.3098,2.52881,0,1,2.02126,1.59945,0,1.46366,2.32848,8.62394e+06,3.61194e+06,1.74312e+07,0,0,0,6.44116e+07
85.1103,85.1408,3.13915,0.14,0,3.00722,3.30198,0,0.539636,5.95728,4.14971e+06,2.70226e+06,1.24791e+07,0,0,0,2.37082e+08,61.3163,61.3098,1.9857,0,1,1.89449,1.59973,0,1.56162,2.32848,8.62394e+06,3.61194e+06,1.6338e+07,0,0,0,6.44116e+07
85.1408,85.1408,3.4928,0.14,0,3.00808,3.30256,0,0.563553,5.95728,4.14971e+06,2.70226e+06,1.24827e+07,0,0,0,2.37082e+08,61.0863,61.3098,2.42511,0,1,1.89449,1.60001,0,1.46368,2.32848,8.62394e+06,3.61194e+06,1.6338e+07,0,0,0,6.44116e+07
84.8562,85.1408,2.81749,0.13,0,3.00895,3.30314,0,0.563715,5.95728,4.14971e+06,2.70226e+06,1.24862e+07,0,0,0,2.37082e+08,60.6697,61.3098,1.82103,0,1,1.89449,1.60029,0,1.46368,2.32848,8.62394e+06,3.61194e+06,1.6338e+07,0,0,0,6.44116e+07
85.1408,85.1408,3.36508,0.14,0,3.00981,3.30372,0,0.563876,5.95728,4.14971e+06,2.70226e+06,1.24898e+07,0,0,0,2.37082e+08,60.5962,61.3098,2.99087,0,1,1.89449,1.60057,0,1.46368,2.32848,8.62394e+06,3.61194e+06,1.6338e+07,0,0,0,6.44116e+07
85.1408,85.1408,3.22818,0.14,0,2.90985,3.20348,0,0.564038,5.95728,4.14971e+06,2.70226e+06,1.2075e+07,0,0,0,2.37082e+08,60.2973,61.3098,2.26696,0,1,1.81747,1.52383,0,1.46368,2.32848,8.62394e+06,3.61194e+06,1.56737e+07,0,0,0,6.44116e+07
85.1027,85.1408,3.02769,0.14,0,2.83367,3.20405,0,0.545306,5.95728,4.14971e+06,2.70226e+06,1.17589e+07,0,0,0,2.37082e+08,60.1824,61.3098,2.44706,0,1,1.89448,1.5241,0,1.40417,2.32848,8.62394e+06,3.61194e+06,1.63378e+07,0,0,0,6.44116e+07
85.1408,85.1408,3.4932,0.14,0,2.8345,3.20461,0,0.53103,5.95728,4.14971e+06,2.70226e+06,1.17624e+07,0,0,0,2.37082e+08,60.3102,61.3098,3.04402,0,1,1.89448,1.52437,0,1.46367,2.32848,8.62394e+06,3.61194e+06,1.63378e+07,0,0,0,6.44116e+07
85.1408,85.1408,3.45704,0.14,0,2.83533,3.20517,0,0.531186,5.95728,4.14971e+06,2.70226e+06,1.17658e+07,0,0,0,2.37082e+08,60.4328,61.3098,3.0275,0,1,1.89448,1.52464,0,1.46367,2.32848,8.62394e+06,3.61194e+06,1.63378e+07,0,0,0,6.44116e+07
85.1408,85.1408,4.75161,0.14,0,2.75335,3.12292,0,0.531341,5.95728,4.14971e+06,2.70226e+06,1.14256e+07,0,0,0,2.37082e+08,61.1267,61.3098,4.74986,0,1,1.82432,1.45474,0,1.46367,2.32848,8.62394e+06,3.61194e+06,1.57328e+07,0,0,0,6.44116e+07
85.1408,85.1408,4.71605,0.14,0,2.68401,3.12347,0,0.515978,5.95728,4.14971e+06,2.70226e+06,1.11378e+07,0,0,0,2.37082e+08,61.8399,61.3098,5.05983,0,1,1.89446,1.455,0,1.40947,2.32848,8.62394e+06,3.61194e+06,1.63377e+07,0,0,0,6.44116e+07
85.1408,85.1408,3.93816,0.14,0,2.68481,3.12402,0,0.502983,5.95728,4.14971e+06,2.70226e+06,1.11412e+07,0,0,0,2.37082e+08,62.2582,61.3098,4.26097,0,1,1.89446,1.45525,0,1.46366,2.32848,8.62394e+06,3.61194e+06,1.63377e+07,0,0,0,6.44116e+07
85.1408,85.1408,4.14476,0.14,0,2.68562,3.12457,0,0.503134,5.95728,4.14971e+06,2.70226e+06,1.11445e+07,0,0,0,2.37082e+08,62.338,61.3098,6.35211,0,1,1.89446,1.45551,0,1.46366,2.32848,8.62394e+06,3.61194e+06,1.63377e+07,0,0,0,6.44116e+07
85.1408,85.1408,3.27221,0.15,0,2.45106,2.88976,0,0.503285,5.95728,4.14971e+06,2.70226e+06,1.01712e+07,0,0,0,2.37082e+08,62.338,61.3098,5.43349,0,1,1.74824,1.30954,0,1.46366,2.32848,8.62394e+06,3.61194e+06,1.50767e+07,0,0,0,6.44116e+07
83.9113,85.1408,1.73457,0.16,0,2.3056,2.89027,0,0.459329,5.95728,4.14971e+06,2.70226e+06,9.56757e+06,0,0,0,2.37082e+08,62.3322,61.3098,2.99684,0,1,1.89444,1.30977,0,1.35069,2.32848,8.62394e+06,3.61194e+06,1.63375e+07,0,0,0,6.44116e+07
83.4864,85.1408,2.53744,0.17,0,2.30634,2.89078,0,0.43207,5.95728,4.14971e+06,2.70226e+06,9.57063e+06,0,0,0,2.37082e+08,62.3044,61.3098,3.27162,0,1,1.89444,1.31,0,1.46364,2.32848,8.62394e+06,3.61194e+06,1.63375e+07,0,0,0,6.44116e+07
83.2532,85.1408,2.72899,0.18,0,2.30708,2.89129,0,0.432208,5.95728,4.14971e+06,2.70226e+06,9.57369e+06,0,0,0,2.37082e+08,62.338,61.3098,3.40129,0,1,1.89444,1.31023,0,1.46364,2.32848,8.62394e+06,3.61194e+06,1.63375e+07,0,0,0,6.44116e+07
84.3774,85.1408,4.24585,0.18,0,2.30782,2.89179,0,0.432346,5.95728,4.14971e+06,2.70226e+06,9.57676e+06,0,0,0,2.37082e+08,62.338,61.3098,4.20789,0,1,1.89444,1.31046,0,1.46364,2.32848,8.62394e+06,3.61194e+06,1.63375e+07,0,0,0,6.44116e+07
85.1408,85.1408,4.90962,0.2,0,2.39915,2.9829,0,0.432485,5.95728,4.14971e+06,2.70226e+06,9.95577e+06,0,0,0,2.37082e+08,62.3328,61.3098,3.41868,0,1,1.93681,1.35306,0,1.46364,2.32848,8.62394e+06,3.61194e+06,1.67029e+07,0,0,0,6.44116e+07
85.1408,85.1408,4.81027,0.2,0,2.44225,2.9834,0,0.449601,5.95728,4.14971e+06,2.70226e+06,1.01346e+07,0,0,0,2.37082e+08,62.0492,61.3098,2.90729,0,1,1.89443,1.35329,0,1.49638,2.32848,8.62394e+06,3.61194e+06,1.63375e+07,0,0,0,6.44116e+07
85.1408,85.1408,4.81556,0.21,0,2.44298,2.9839,0,0.457678,5.95728,4.14971e+06,2.70226e+06,1.01376e+07,0,0,0,2.37082e+08,61.8225,61.3098,3.10834,0,1,1.89443,1.35352,0,1.46364,2.32848,8.62394e+06,3.61194e+06,1.63375e+07,0,0,0,6.44116e+07
85.1408,85.1408,4.49353,0.22,0,2.4437,2.9844,0,0.457814,5.95728,4.14971e+06,2.70226e+06,1.01407e+07,0,0,0,2.37082e+08,61.6577,61.3098,3.38423,0,1,1.89443,1.35374,0,1.46364,2.32848,8.62394e+06,3.61194e+06,1.63375e+07,0,0,0,6.44116e+07
85.1408,85.1408,5.60978,0.22,0,2.73557,3.27604,0,0.45795,5.95728,4.14971e+06,2.70226e+06,1.13518e+07,0,0,0,2.37082e+08,61.3276,61.3098,2.76518,0,1,2.05363,1.51317,0,1.46364,2.32848,8.62394e+06,3.61194e+06,1.77104e+07,0,0,0,6.44116e+07
85.1408,85.1408,5.58275,0.22,0,2.89554,3.27658,0,0.512646,5.95728,4.14971e+06,2.70226e+06,1.20157e+07,0,0,0,2.37082e+08,61.0992,61.3098,2.97362,0,1,1.89446,1.51342,0,1.58664,2.32848,8.62394e+06,3.61194e+06,1.63377e+07,0,0,0,6.44116e+07
85.1408,85.1408,6.17742,0.24,0,2.89634,3.27713,0,0.542625,5.95728,4.14971e+06,2.70226e+06,1.2019e+07,0,0,0,2.37082e+08,60.8593,61.3098,2.89239,0,1,1.89446,1.51367,0,1.46366,2.32848,8.62394e+06,3.61194e+06,1.63377e+07,0,0,0,6.44116e+07
85.1408,85.1408,7.22891,0.26,0,2.89715,3.27768,0,0.542775,5.95728,4.14971e+06,2.70226e+06,1.20223e+07,0,0,0,2.37082e+08,60.6736,61.3098,3.20809,0,1,1.89446,1.51393,0,1.46366,2.32848,8.62394e+06,3.61194e+06,1.63377e+07,0,0,0,6.44116e+07
85.1408,85.1408,7.83581,0.26,0,2.48241,2.86269,0,0.542925,5.95728,4.14971e+06,2.70226e+06,1.03013e+07,0,0,0,2.37082e+08,61.0786,61.3098,5.17973,0,1,1.68067,1.30039,0,1.46366,2.32848,8.62394e+06,3.61194e+06,1.4494e+07,0,0,0,6.44116e+07
85.1408,85.1408,7.8188,0.27,0,2.26936,2.86317,0,0.465204,5.95728,4.14971e+06,2.70226e+06,9.41716e+06,0,0,0,2.37082e+08,61.4803,61.3098,4.47807,0,1,1.89443,1.30061,0,1.29849,2.32848,8.62394e+06,3.61194e+06,1.63374e+07,0,0,0,6.44116e+07
85.1408,85.1408,5.36504,0.3,0,2.27005,2.86365,0,0.425277,5.95728,4.14971e+06,2.70226e+06,9.42005e+06,0,0,0,2.37082e+08,61.5011,61.3098,3.53624,0,1,1.89443,1.30083,0,1.46363,2.32848,8.62394e+06,3.61194e+06,1.63374e+07,0,0,0,6.44116e+07
85.1408,85.1408,7.15226,0.32,0,2.27075,2.86413,0,0.425408,5.95728,4.14971e+06,2.70226e+06,9.42295e+06,0,0,0,2.37082e+08,61.7238,61.3098,4.19859,0,1,1.89443,1.30105,0,1.46363,2.32848,8.62394e+06,3.61194e+06,1.63374e+07,0,0,0,6.44116e+07
85.1408,85.1408,7.5669,0.35,0,2.27145,2.86461,0,0.425538,5.95728,4.14971e+06,2.70226e+06,9.42584e+06,0,0,0,2.37082e+08,62.338,61.3098,5.07819,0,1,1.89443,1.30126,0,1.46363,2.32848,8.62394e+06,3.61194e+06,1.63374e+07,0,0,0,6.44116e+07
85.1408,85.1408,6.12394,0.34,0,2.37683,2.96977,0,0.425669,5.95728,4.14971e+06,2.70226e+06,9.86314e+06,0,0,0,2.37082e+08,62.338,61.3098,3.52906,0,1,1.94677,1.35382,0,1.46363,2.32848,8.62394e+06,3.61194e+06,1.67888e+07,0,0,0,6.44116e+07
85.1408,85.1408,6.83526,0.35,0,2.42989,2.97027,0,0.445418,5.95728,4.14971e+06,2.70226e+06,1.00833e+07,0,0,0,2.37082e+08,62.338,61.3098,5.67815,0,1,1.89443,1.35405,0,1.50407,2.32848,8.62394e+06,3.61194e+06,1.63375e+07,0,0,0,6.44116e+07
85.1408,85.1408,5.91042,0.36,0,2.43061,2.97077,0,0.455361,5.95728,4.14971e+06,2.70226e+06,1.00863e+07,0,0,0,2.37082e+08,62.338,61.3098,6.76893,0,1,1.89443,1.35428,0,1.46364,2.32848,8.62394e+06,3.61194e+06,1.63375e+07,0,0,0,6.44116e+07
85.1408,85.1408,4.38399,0.35,0,2.43133,2.97126,0,0.455496,5.95728,4.14971e+06,2.70226e+06,1.00893e+07,0,0,0,2.37082e+08,62.338,61.3098,4.9341,0,1,1.89443,1.3545,0,1.46364,2.32848,8.62394e+06,3.61194e+06,1.63375e+07,0,0,0,6.44116e+07
85.1408,85.1408,4.26963,0.33,0,2.3911,2.9308,0,0.455632,5.95728,4.14971e+06,2.70226e+06,9.92236e+06,0,0,0,2.37082e+08,62.338,61.3098,3.34,0,1,1.87409,1.33439,0,1.46364,2.32848,8.62394e+06,3.61194e+06,1.6162e+07,0,0,0,6.44116e+07
85.1408,85.1408,4.04684,0.34,0,2.37147,2.93129,0,0.448092,5.95728,4.14971e+06,2.70226e+06,9.84092e+06,0,0,0,2.37082e+08,62.2248,61.3098,2.9274,0,1,1.89443,1.33461,0,1.44792,2.32848,8.62394e+06,3.61194e+06,1.63375e+07,0,0,0,6.44116e+07
85.1408,85.1408,3.63929,0.3,0,2.37219,2.93178,0,0.444414,5.95728,4.14971e+06,2.70226e+06,9.84388e+06,0,0,0,2.37082e+08,62.0213,61.3098,2.62083,0,1,1.89443,1.33483,0,1.46364,2.32848,8.62394e+06,3.61194e+06,1.63375e+07,0,0,0,6.44116e+07
85.1408,85.1408,3.35343,0.25,0,2.3729,2.93227,0,0.444548,5.95728,4.14971e+06,2.70226e+06,9.84684e+06,0,0,0,2.37082e+08,61.8176,61.3098,2.49299,0,1,1.89443,1.33506,0,1.46364,2.32848,8.62394e+06,3.61194e+06,1.63375e+07,0,0,0,6.44116e+07
85.1408,85.1408,3.33223,0.22,0,2.51274,3.07189,0,0.444681,5.95728,4.14971e+06,2.70226e+06,1.04271e+07,0,0,0,2.37082e+08,61.5856,61.3098,2.88644,0,1,1.96662,1.40747,0,1.46364,2.32848,8.62394e+06,3.61194e+06,1.696e+07,0,0,0,6.44116e+07
85.1408,85.1408,3.44823,0.21,0,2.58566,3.0724,0,0.470887,5.95728,4.14971e+06,2.70226e+06,1.07298e+07,0,0,0,2.37082e+08,61.3043,61.3098,2.65394,0,1,1.89444,1.40771,0,1.51941,2.32848,8.62394e+06,3.61194e+06,1.63376e+07,0,0,0,6.44116e+07
85.1408,85.1408,3.14467,0.17,0,2.58641,3.07291,0,0.484554,5.95728,4.14971e+06,2.70226e+06,1.07329e+07,0,0,0,2.37082e+08,60.9991,61.3098,2.18537,0,1,1.89444,1.40794,0,1.46365,2.32848,8.62394e+06,3.61194e+06,1.63376e+07,0,0,0,6.44116e+07
85.055,85.1408,2.78039,0.16,0,2.58716,3.07343,0,0.484694,5.95728,4.14971e+06,2.70226e+06,1.0736e+07,0,0,0,2.37082e+08,60.6331,61.3098,1.93916,0,1,1.89444,1.40818,0,1.46365,2.32848,8.62394e+06,3.61194e+06,1.63376e+07,0,0,0,6.44116e+07
84.7677,85.1408,2.53913,0.16,0,2.58791,3.07394,0,0.484834,5.95728,4.14971e+06,2.70226e+06,1.07391e+07,0,0,0,2.37082e+08,60.253,61.3098,2.09987,0,1,1.89444,1.40842,0,1.46365,2.32848,8.62394e+06,3.61194e+06,1.63376e+07,0,0,0,6.44116e+07
84.0293,85.1408,2.00437,0.16,0,2.56113,3.04692,0,0.484975,5.95728,4.14971e+06,2.70226e+06,1.06279e+07,0,0,0,2.37082e+08,59.8006,61.3098,2.02321,0,1,1.93415,1.44836,0,1.46365,2.32848,8.62394e+06,3.61194e+06,1.668e+07,0,0,0,6.44116e+07
83.1484,85.1408,1.89135,0.15,0,2.60158,3.04743,0,0.479955,5.95728,4.14971e+06,2.70226e+06,1.07958e+07,0,0,0,2.37082e+08,59.3223,61.3098,1.89361,0,1,1.89445,1.4486,0,1.49433,2.32848,8.62394e+06,3.61194e+06,1.63376e+07,0,0,0,6.44116e+07
82.1125,85.1408,1.73125,0.14,0,2.60234,3.04794,0,0.487537,5.95728,4.14971e+06,2.70226e+06,1.07989e+07,0,0,0,2.37082e+08,58.8234,61.3098,1.8912,0,1,1.89445,1.44885,0,1.46365,2.32848,8.62394e+06,3.61194e+06,1.63376e+07,0,0,0,6.44116e+07
80.9273,85.1408,1.56564,0.15,0,2.60309,3.04845,0,0.487678,5.95728,4.14971e+06,2.70226e+06,1.08021e+07,0,0,0,2.37082e+08,58.2255,61.3098,1.67945,0,1,1.89445,1.44909,0,1.46365,2.32848,8.62394e+06,3.61194e+06,1.63376e+07,0,0,0,6.44116e+07
79.6638,85.1408,1.52017,0.15,0,2.675,3.12012,0,0.487819,5.95728,4.14971e+06,2.70226e+06,1.11005e+07,0,0,0,2.37082e+08,57.4961,61.3098,1.56172,0,1,1.92987,1.48475,0,1.46365,2.32848,8.62394e+06,3.61194e+06,1.6643e+07,0,0,0,6.44116e+07
78.3636,85.1408,1.50375,0.14,0,2.71118,3.12064,0,0.501294,5.95728,4.14971e+06,2.70226e+06,1.12506e+07,0,0,0,2.37082e+08,56.7177,61.3098,1.50054,0,1,1.89446,1.48499,0,1.49101,2.32848,8.62394e+06,3.61194e+06,1.63377e+07,0,0,0,6.44116e+07
76.908,85.1408,1.33607,0.18,0,2.71195,3.12116,0,0.508074,5.95728,4.14971e+06,2.70226e+06,1.12538e+07,0,0,0,2.37082e+08,55.8332,61.3098,1.42047,0,1,1.89446,1.48524,0,1.46366,2.32848,8.62394e+06,3.61194e+06,1.63377e+07,0,0,0,6.44116e+07
75.3535,85.1408,1.22356,0.18,0,2.71272,3.12168,0,0.508219,5.95728,4.14971e+06,2.70226e+06,1.1257e+07,0,0,0,2.37082e+08,54.8937,61.3098,1.32266,0,1,1.89446,1.48549,0,1.46366,2.32848,8.62394e+06,3.61194e+06,1.63377e+07,0,0,0,6.44116e+07
73.4915,85.1408,1.05862,0.19,0,2.92201,3.33072,0,0.508363,5.95728,4.14971e+06,2.70226e+06,1.21255e+07,0,0,0,2.37082e+08,53.731,61.3098,1.26516,0,1,2.02237,1.61366,0,1.46366,2.32848,8.62394e+06,3.61194e+06,1.74408e+07,0,0,0,6.44116e+07
71.4215,85.1408,0.953061,0.21,0,3.05073,3.33128,0,0.547584,5.95728,4.14971e+06,2.70226e+06,1.26596e+07,0,0,0,2.37082e+08,52.7244,61.3098,1.00372,0,1,1.89448,1.61393,0,1.56248,2.32848,8.62394e+06,3.61194e+06,1.63379e+07,0,0,0,6.44116e+07
69.4683,85.1408,1.06158,0.21,0,3.05155,3.33184,0,0.571706,5.95728,4.14971e+06,2.70226e+06,1.26631e+07,0,0,0,2.37082e+08,51.5306,61.3098,1.22938,0,1,1.89448,1.6142,0,1.46367,2.32848,8.62394e+06,3.61194e+06,1.63379e+07,0,0,0,6.44116e+07
67.3247,85.1408,0.860946,0.21,0,3.05238,3.33239,0,0.571861,5.95728,4.14971e+06,2.70226e+06,1.26665e+07,0,0,0,2.37082e+08,50.7443,61.3098,0.923203,0,1,1.89448,1.61447,0,1.46367,2.32848,8.62394e+06,3.61194e+06,1.63379e+07,0,0,0,6.44116e+07
65.3708,85.1408,1.02264,0.23,0,3.05321,3.33295,0,0.572016,5.95728,4.14971e+06,2.70226e+06,1.26699e+07,0,0,0,2.37082e+08,49.6698,61.3098,1.52037,0,1,1.89448,1.61474,0,1.46367,2.32848,8.62394e+06,3.61194e+06,1.63379e+07,0,0,0,6.44116e+07
63.2533,85.1408,0.79567,0.23,0,2.95233,3.2318,0,0.572171,5.95728,4.14971e+06,2.70226e+06,1.22513e+07,0,0,0,2.37082e+08,48.9708,61.3098,0.998921,0,1,1.81677,1.5373,0,1.46367,2.32848,8.62394e+06,3.61194e+06,1.56677e+07,0,0,0,6.44116e+07
61.8485,85.1408,1.44989,0.24,0,2.87543,3.23234,0,0.553266,5.95728,4.14971e+06,2.70226e+06,1.19322e+07,0,0,0,2.37082e+08,47.9239,61.3098,1.80558,0,1,1.89447,1.53756,0,1.40364,2.32848,8.62394e+06,3.61194e+06,1.63377e+07,0,0,0,6.44116e+07
59.7096,85.1408,0.679269,0.26,0,2.87623,3.23288,0,0.538856,5.95728,4.14971e+06,2.70226e+06,1.19355e+07,0,0,0,2.37082e+08,46.7431,61.3098,0.944718,0,1,1.89447,1.53781,0,1.46366,2.32848,8.62394e+06,3.61194e+06,1.63377e+07,0,0,0,6.44116e+07
57.7266,85.1408,0.829544,0.26,0,2.87703,3.23342,0,0.539005,5.95728,4.14971e+06,2.70226e+06,1.19388e+07,0,0,0,2.37082e+08,46.1126,61.3098,1.03562,0,1,1.89447,1.53807,0,1.46366,2.32848,8.62394e+06,3.61194e+06,1.63377e+07,0,0,0,6.44116e+07
57.591,85.1408,2.69605,0.26,0,2.79428,3.15042,0,0.539155,5.95728,4.14971e+06,2.70226e+06,1.15955e+07,0,0,0,2.37082e+08,45.7968,61.3098,2.97545,0,1,1.82369,1.46755,0,1.46366,2.32848,8.62394e+06,3.61194e+06,1.57274e+07,0,0,0,6.44116e+07
57.3771,85.1408,2.63195,0.26,0,2.72429,3.15095,0,0.523649,5.95728,4.14971e+06,2.70226e+06,1.1305e+07,0,0,0,2.37082e+08,45.9018,61.3098,3.73405,0,1,1.89445,1.4678,0,1.40898,2.32848,8.62394e+06,3.61194e+06,1.63376e+07,0,0,0,6.44116e+07
57.1347,85.1408,2.56471,0.26,0,2.72506,3.15147,0,0.510532,5.95728,4.14971e+06,2.70226e+06,1.13082e+07,0,0,0,2.37082e+08,46.0434,61.3098,4.32339,0,1,1.89445,1.46804,0,1.46365,2.32848,8.62394e+06,3.61194e+06,1.63376e+07,0,0,0,6.44116e+07
57.2309,85.1408,3.02125,0.26,0,2.72583,3.152,0,0.510676,5.95728,4.14971e+06,2.70226e+06,1.13114e+07,0,0,0,2.37082e+08,46.6677,61.3098,5.0278,0,1,1.89445,1.46829,0,1.46365,2.32848,8.62394e+06,3.61194e+06,1.63376e+07,0,0,0,6.44116e+07
60.0777,85.1408,5.59848,0.27,0,2.48918,2.91511,0,0.510821,5.95728,4.14971e+06,2.70226e+06,1.03294e+07,0,0,0,2.37082e+08,46.8143,61.3098,5.21085,0,1,1.74694,1.32102,0,1.46365,2.32848,8.62394e+06,3.61194e+06,1.50655e+07,0,0,0,6.44116e+07
62.3593,85.1408,4.9405,0.27,0,2.34241,2.91559,0,0.466473,5.95728,4.14971e+06,2.70226e+06,9.7203e+06,0,0,0,2.37082e+08,46.898,61.3098,3.623,0,1,1.89443,1.32124,0,1.34969,2.32848,8.62394e+06,3.61194e+06,1.63374e+07,0,0,0,6.44116e+07
64.9094,85.1408,5.23511,0.3,0,2.34312,2.91608,0,0.438967,5.95728,4.14971e+06,2.70226e+06,9.72324e+06,0,0,0,2.37082e+08,46.9562,61.3098,3.34572,0,1,1.89443,1.32146,0,1.46364,2.32848,8.62394e+06,3.61194e+06,1.63374e+07,0,0,0,6.44116e+07
66.5941,85.1408,4.39516,0.29,0,2.34382,2.91657,0,0.4391,5.95728,4.14971e+06,2.70226e+06,9.72618e+06,0,0,0,2.37082e+08,46.9917,61.3098,3.19732,0,1,1.89443,1.32169,0,1.46364,2.32848,8.62394e+06,3.61194e+06,1.63374e+07,0,0,0,6.44116e+07
71.0148,85.1408,7.13195,0.31,0,2.34453,2.91705,0,0.439233,5.95728,4.14971e+06,2.70226e+06,9.72912e+06,0,0,0,2.37082e+08,47.0054,61.3098,3.62501,0,1,1.89443,1.32191,0,1.46364,2.32848,8.62394e+06,3.61194e+06,1.63374e+07,0,0,0,6.44116e+07
73.9434,85.1408,5.8726,0.29,0,2.43663,3.00893,0,0.439365,5.95728,4.14971e+06,2.70226e+06,1.01113e+07,0,0,0,2.37082e+08,47.2227,61.3098,3.77894,0,1,1.93717,1.36487,0,1.46364,2.32848,8.62394e+06,3.61194e+06,1.67061e+07,0,0,0,6.44116e+07
76.6144,85.1408,5.7166,0.26,0,2.48007,3.00941,0,0.456624,5.95728,4.14971e+06,2.70226e+06,1.02916e+07,0,0,0,2.37082e+08,47.4506,61.3098,3.69062,0,1,1.89442,1.36509,0,1.49666,2.32848,8.62394e+06,3.61194e+06,1.63374e+07,0,0,0,6.44116e+07
81.3753,85.1408,7.94421,0.26,0,2.48076,3.00988,0,0.464765,5.95728,4.14971e+06,2.70226e+06,1.02944e+07,0,0,0,2.37082e+08,47.8591,61.3098,4.5467,0,1,1.89442,1.3653,0,1.46363,2.32848,8.62394e+06,3.61194e+06,1.63374e+07,0,0,0,6.44116e+07
82.8078,85.1408,4.44419,0.21,0,2.48146,3.01036,0,0.464895,5.95728,4.14971e+06,2.70226e+06,1.02973e+07,0,0,0,2.37082e+08,47.8742,61.3098,3.03105,0,1,1.89442,1.36552,0,1.46363,2.32848,8.62394e+06,3.61194e+06,1.63374e+07,0,0,0,6.44116e+07
83.3849,85.1408,3.87877,0.21,0,2.77582,3.30451,0,0.465025,5.95728,4.14971e+06,2.70226e+06,1.15189e+07,0,0,0,2.37082e+08,47.9237,61.3098,3.24154,0,1,2.05501,1.52632,0,1.46363,2.32848,8.62394e+06,3.61194e+06,1.77222e+07,0,0,0,6.44116e+07
85.1408,85.1408,5.5508,0.23,0,2.93715,3.30503,0,0.520189,5.95728,4.14971e+06,2.70226e+06,1.21883e+07,0,0,0,2.37082e+08,48.2784,61.3098,4.0173,0,1,1.89445,1.52656,0,1.5877,2.32848,8.62394e+06,3.61194e+06,1.63376e+07,0,0,0,6.44116e+07
85.1408,85.1408,4.29197,0.23,0,2.93791,3.30556,0,0.550421,5.95728,4.14971e+06,2.70226e+06,1.21915e+07,0,0,0,2.37082e+08,48.4814,61.3098,3.28811,0,1,1.89445,1.5268,0,1.46365,2.32848,8.62394e+06,3.61194e+06,1.63376e+07,0,0,0,6.44116e+07
85.1408,85.1408,8.3596,0.24,0,2.93868,3.30608,0,0.550565,5.95728,4.14971e+06,2.70226e+06,1.21947e+07,0,0,0,2.37082e+08,49.6848,61.3098,7.14533,0,1,1.89445,1.52705,0,1.46365,2.32848,8.62394e+06,3.61194e+06,1.63376e+07,0,0,0,6.44116e+07
85.1408,85.1408,10.7862,0.25,0,2.52031,2.88747,0,0.550709,5.95728,4.14971e+06,2.70226e+06,1.04586e+07,0,0,0,2.37082e+08,51.6579,61.3098,10.9401,0,1,1.67881,1.31165,0,1.46365,2.32848,8.62394e+06,3.61194e+06,1.4478e+07,0,0,0,6.44116e+07
85.1408,85.1408,9.47149,0.28,0,2.30537,2.88793,0,0.472307,5.95728,4.14971e+06,2.70226e+06,9.56663e+06,0,0,0,2.37082e+08,52.9426,61.3098,7.35111,0,1,1.89442,1.31186,0,1.29705,2.32848,8.62394e+06,3.61194e+06,1.63373e+07,0,0,0,6.44116e+07
85.1408,85.1408,7.46922,0.31,0,2.30604,2.88839,0,0.432027,5.95728,4.14971e+06,2.70226e+06,9.56939e+06,0,0,0,2.37082e+08,53.7579,61.3098,5.70107,0,1,1.89442,1.31207,0,1.46363,2.32848,8.62394e+06,3.61194e+06,1.63373e+07,0,0,0,6.44116e+07
85.1408,85.1408,6.03957,0.32,0,2.30671,2.88885,0,0.432152,5.95728,4.14971e+06,2.70226e+06,9.57216e+06,0,0,0,2.37082e+08,54.0462,61.3098,4.29322,0,1,1.89442,1.31227,0,1.46363,2.32848,8.62394e+06,3.61194e+06,1.63373e+07,0,0,0,6.44116e+07
85.1408,85.1408,6.8159,0.34,0,2.30737,2.88931,0,0.432277,5.95728,4.14971e+06,2.70226e+06,9.57493e+06,0,0,0,2.37082e+08,54.6936,61.3098,5.55045,0,1,1.89442,1.31248,0,1.46363,2.32848,8.62394e+06,3.61194e+06,1.63373e+07,0,0,0,6.44116e+07
85.1408,85.1408,4.89558,0.34,0,2.41363,2.99535,0,0.432402,5.95728,4.14971e+06,2.70226e+06,1.00158e+07,0,0,0,2.37082e+08,55.4812,61.3098,5.89355,0,1,1.94721,1.36549,0,1.46363,2.32848,8.62394e+06,3.61194e+06,1.67926e+07,0,0,0,6.44116e+07
85.1408,85.1408,5.63667,0.36,0,2.46711,2.99583,0,0.452314,5.95728,4.14971e+06,2.70226e+06,1.02378e+07,0,0,0,2.37082e+08,56.3032,61.3098,5.96945,0,1,1.89442,1.3657,0,1.50442,2.32848,8.62394e+06,3.61194e+06,1.63374e+07,0,0,0,6.44116e+07
85.1408,85.1408,6.34474,0.35,0,2.4678,2.9963,0,0.462336,5.95728,4.14971e+06,2.70226e+06,1.02406e+07,0,0,0,2.37082e+08,57.5675,61.3098,7.10588,0,1,1.89442,1.36592,0,1.46363,2.32848,8.62394e+06,3.61194e+06,1.63374e+07,0,0,0,6.44116e+07
85.1408,85.1408,6.31705,0.35,0,2.46849,2.99678,0,0.462465,5.95728,4.14971e+06,2.70226e+06,1.02435e+07,0,0,0,2.37082e+08,59.0756,61.3098,7.93546,0,1,1.89442,1.36614,0,1.46363,2.32848,8.62394e+06,3.61194e+06,1.63374e+07,0,0,0,6.44116e+07
85.1408,85.1408,6.82255,0.33,0,2.42787,2.95594,0,0.462595,5.95728,4.14971e+06,2.70226e+06,1.0075e+07,0,0,0,2.37082e+08,60.3488,61.3098,7.36673,0,1,1.87391,1.34583,0,1.46363,2.32848,8.62394e+06,3.61194e+06,1.61605e+07,0,0,0,6.44116e+07
85.1408,85.1408,3.92744,0.33,0,2.40804,2.95641,0,0.454983,5.95728,4.14971e+06,2.70226e+06,9.99266e+06,0,0,0,2.37082e+08,60.5643,61.3098,4.04489,0,1,1.89442,1.34605,0,1.44778,2.32848,8.62394e+06,3.61194e+06,1.63374e+07,0,0,0,6.44116e+07
85.1408,85.1408,3.49508,0.31,0,2.40872,2.95688,0,0.451267,5.95728,4.14971e+06,2.70226e+06,9.9955e+06,0,0,0,2.37082e+08,60.6543,61.3098,3.54429,0,1,1.89442,1.34626,0,1.46363,2.32848,8.62394e+06,3.61194e+06,1.63374e+07,0,0,0,6.44116e+07
85.1408,85.1408,3.22297,0.26,0,2.40941,2.95735,0,0.451395,5.95728,4.14971e+06,2.70226e+06,9.99833e+06,0,0,0,2.37082e+08,60.6837,61.3098,3.30618,0,1,1.89442,1.34648,0,1.46363,2.32848,8.62394e+06,3.61194e+06,1.63374e+07,0,0,0,6.44116e+07
85.1408,85.1408,3.01814,0.23,0,2.5504,3.09813,0,0.451523,5.95728,4.14971e+06,2.70226e+06,1.05834e+07,0,0,0,2.37082e+08,60.6628,61.3098,3.33049,0,1,1.96723,1.4195,0,1.46363,2.32848,8.62394e+06,3.61194e+06,1.69653e+07,0,0,0,6.44116e+07
84.9422,85.1408,2.68771,0.22,0,2.62391,3.09862,0,0.477945,5.95728,4.14971e+06,2.70226e+06,1.08885e+07,0,0,0,2.37082e+08,60.4358,61.3098,2.6539,0,1,1.89443,1.41972,0,1.51988,2.32848,8.62394e+06,3.61194e+06,1.63375e+07,0,0,0,6.44116e+07
84.6065,85.1408,2.5235,0.17,0,2.62463,3.09911,0,0.491721,5.95728,4.14971e+06,2.70226e+06,1.08914e+07,0,0,0,2.37082e+08,60.2336,61.3098,2.68678,0,1,1.89443,1.41995,0,1.46364,2.32848,8.62394e+06,3.61194e+06,1.63375e+07,0,0,0,6.44116e+07
84.1787,85.1408,2.42246,0.17,0,2.62535,3.09961,0,0.491856,5.95728,4.14971e+06,2.70226e+06,1.08944e+07,0,0,0,2.37082e+08,60.0449,61.3098,2.60114,0,1,1.89443,1.42017,0,1.46364,2.32848,8.62394e+06,3.61194e+06,1.63375e+07,0,0,0,6.44116e+07
83.6081,85.1408,2.26986,0.16,0,2.62606,3.1001,0,0.49199,5.95728,4.14971e+06,2.70226e+06,1.08974e+07,0,0,0,2.37082e+08,59.8068,61.3098,2.42307,0,1,1.89443,1.4204,0,1.46364,2.32848,8.62394e+06,3.61194e+06,1.63375e+07,0,0,0,6.44116e+07
83.5537,85.1408,2.77772,0.16,0,2.59901,3.07282,0,0.492124,5.95728,4.14971e+06,2.70226e+06,1.07851e+07,0,0,0,2.37082e+08,59.7395,61.3098,3.13901,0,1,1.93448,1.46067,0,1.46364,2.32848,8.62394e+06,3.61194e+06,1.66829e+07,0,0,0,6.44116e+07
83.4559,85.1408,2.77064,0.16,0,2.63977,3.07331,0,0.487055,5.95728,4.14971e+06,2.70226e+06,1.09543e+07,0,0,0,2.37082e+08,59.6666,61.3098,3.06025,0,1,1.89444,1.46091,0,1.49458,2.32848,8.62394e+06,3.61194e+06,1.63375e+07,0,0,0,6.44116e+07
83.1353,85.1408,2.54561,0.17,0,2.64049,3.07379,0,0.494693,5.95728,4.14971e+06,2.70226e+06,1.09573e+07,0,0,0,2.37082e+08,59.5733,61.3098,3.08003,0,1,1.89444,1.46114,0,1.46364,2.32848,8.62394e+06,3.61194e+06,1.63375e+07,0,0,0,6.44116e+07
82.6117,85.1408,2.33109,0.16,0,2.64121,3.07428,0,0.494828,5.95728,4.14971e+06,2.70226e+06,1.09603e+07,0,0,0,2.37082e+08,59.4257,61.3098,2.69979,0,1,1.89444,1.46137,0,1.46364,2.32848,8.62394e+06,3.61194e+06,1.63375e+07,0,0,0,6.44116e+07
82.0245,85.1408,2.30306,0.16,0,2.71369,3.14653,0,0.494963,5.95728,4.14971e+06,2.70226e+06,1.1261e+07,0,0,0,2.37082e+08,59.2374,61.3098,2.67492,0,1,1.93015,1.49732,0,1.46364,2.32848,8.62394e+06,3.61194e+06,1.66455e+07,0,0,0,6.44116e+07
81.5173,85.1408,2.39893,0.15,0,2.75014,3.14703,0,0.508545,5.95728,4.14971e+06,2.70226e+06,1.14123e+07,0,0,0,2.37082e+08,59.0782,61.3098,2.84733,0,1,1.89445,1.49755,0,1.49124,2.32848,8.62394e+06,3.61194e+06,1.63376e+07,0,0,0,6.44116e+07
80.7534,85.1408,2.13186,0.15,0,2.75087,3.14753,0,0.515375,5.95728,4.14971e+06,2.70226e+06,1.14153e+07,0,0,0,2.37082e+08,58.87,61.3098,2.69364,0,1,1.89445,1.49779,0,1.46365,2.32848,8.62394e+06,3.61194e+06,1.63376e+07,0,0,0,6.44116e+07
79.8225,85.1408,1.95253,0.15,0,2.75161,3.14803,0,0.515514,5.95728,4.14971e+06,2.70226e+06,1.14184e+07,0,0,0,2.37082e+08,58.6367,61.3098,2.51534,0,1,1.89445,1.49803,0,1.46365,2.32848,8.62394e+06,3.61194e+06,1.63376e+07,0,0,0,6.44116e+07
78.4772,85.1408,1.68777,0.16,0,2.96262,3.3588,0,0.515652,5.95728,4.14971e+06,2.70226e+06,1.2294e+07,0,0,0,2.37082e+08,58.3947,61.3098,2.49487,0,1,2.02344,1.62726,0,1.46365,2.32848,8.62394e+06,3.61194e+06,1.745e+07,0,0,0,6.44116e+07
77.216,85.1408,1.88076,0.19,0,3.09239,3.35934,0,0.555195,5.95728,4.14971e+06,2.70226e+06,1.28325e+07,0,0,0,2.37082e+08,58.1034,61.3098,2.43656,0,1,1.89447,1.62752,0,1.56331,2.32848,8.62394e+06,3.61194e+06,1.63378e+07,0,0,0,6.44116e+07
76.1361,85.1408,2.08441,0.19,0,3.09318,3.35987,0,0.579513,5.95728,4.14971e+06,2.70226e+06,1.28358e+07,0,0,0,2.37082e+08,57.9759,61.3098,3.02192,0,1,1.89447,1.62778,0,1.46366,2.32848,8.62394e+06,3.61194e+06,1.63378e+07,0,0,0,6.44116e+07
74.681,85.1408,1.69866,0.19,0,3.09397,3.3604,0,0.579662,5.95728,4.14971e+06,2.70226e+06,1.28391e+07,0,0,0,2.37082e+08,57.6112,61.3098,2.1229,0,1,1.89447,1.62803,0,1.46366,2.32848,8.62394e+06,3.61194e+06,1.63378e+07,0,0,0,6.44116e+07
73.62,85.1408,2.07044,0.19,0,3.09476,3.36093,0,0.57981,5.95728,4.14971e+06,2.70226e+06,1.28424e+07,0,0,0,2.37082e+08,57.6875,61.3098,3.90246,0,1,1.89447,1.62829,0,1.46366,2.32848,8.62394e+06,3.61194e+06,1.63378e+07,0,0,0,6.44116e+07
72.1162,85.1408,1.54287,0.2,0,2.99299,3.2589,0,0.579958,5.95728,4.14971e+06,2.70226e+06,1.242e+07,0,0,0,2.37082e+08,57.2793,61.3098,2.31467,0,1,1.81611,1.55019,0,1.46366,2.32848,8.62394e+06,3.61194e+06,1.5662e+07,0,0,0,6.44116e+07
70.7387,85.1408,1.60849,0.2,0,2.91541,3.25942,0,0.560886,5.95728,4.14971e+06,2.70226e+06,1.20981e+07,0,0,0,2.37082e+08,56.8248,61.3098,2.15332,0,1,1.89445,1.55044,0,1.40313,2.32848,8.62394e+06,3.61194e+06,1.63377e+07,0,0,0,6.44116e+07
69.9593,85.1408,2.23405,0.2,0,2.91617,3.25994,0,0.546347,5.95728,4.14971e+06,2.70226e+06,1.21013e+07,0,0,0,2.37082e+08,56.4351,61.3098,2.41219,0,1,1.89445,1.55069,0,1.46366,2.32848,8.62394e+06,3.61194e+06,1.63377e+07,0,0,0,6.44116e+07
69.976,85.1408,3.13123,0.2,0,2.91693,3.26046,0,0.54649,5.95728,4.14971e+06,2.70226e+06,1.21044e+07,0,0,0,2.37082e+08,56.3916,61.3098,3.96291,0,1,1.89445,1.55093,0,1.46366,2.32848,8.62394e+06,3.61194e+06,1.63377e+07,0,0,0,6.44116e+07
69.7012,85.1408,2.85237,0.2,0,2.83346,3.17673,0,0.546633,5.95728,4.14971e+06,2.70226e+06,1.1758e+07,0,0,0,2.37082e+08,56.1989,61.3098,3.00673,0,1,1.82308,1.47981,0,1.46366,2.32848,8.62394e+06,3.61194e+06,1.57222e+07,0,0,0,6.44116e+07
69.4277,85.1408,2.85928,0.2,0,2.76284,3.17724,0,0.53099,5.95728,4.14971e+06,2.70226e+06,1.1465e+07,0,0,0,2.37082e+08,56.2574,61.3098,2.93094,0,1,1.89444,1.48004,0,1.40851,2.32848,8.62394e+06,3.61194e+06,1.63376e+07,0,0,0,6.44116e+07
69.8679,85.1408,3.57012,0.19,0,2.76358,3.17774,0,0.517756,5.95728,4.14971e+06,2.70226e+06,1.1468e+07,0,0,0,2.37082e+08,56.3373,61.3098,3.18131,0,1,1.89444,1.48028,0,1.46365,2.32848,8.62394e+06,3.61194e+06,1.63376e+07,0,0,0,6.44116e+07
70.8925,85.1408,4.16039,0.2,0,2.76431,3.17825,0,0.517894,5.95728,4.14971e+06,2.70226e+06,1.14711e+07,0,0,0,2.37082e+08,56.5368,61.3098,3.5812,0,1,1.89444,1.48051,0,1.46365,2.32848,8.62394e+06,3.61194e+06,1.63376e+07,0,0,0,6.44116e+07
74.3786,85.1408,6.39322,0.21,0,2.52566,2.93935,0,0.518033,5.95728,4.14971e+06,2.70226e+06,1.04807e+07,0,0,0,2.37082e+08,57.1241,61.3098,4.221,0,1,1.74571,1.33201,0,1.46365,2.32848,8.62394e+06,3.61194e+06,1.50549e+07,0,0,0,6.44116e+07
77.6016,85.1408,6.28169,0.21,0,2.37762,2.93982,0,0.473308,5.95728,4.14971e+06,2.70226e+06,9.86643e+06,0,0,0,2.37082e+08,58.028,61.3098,5.69796,0,1,1.89442,1.33222,0,1.34873,2.32848,8.62394e+06,3.61194e+06,1.63374e+07,0,0,0,6.44116e+07
79.7149,85.1408,5.14423,0.22,0,2.3783,2.94028,0,0.445566,5.95728,4.14971e+06,2.70226e+06,9.86924e+06,0,0,0,2.37082e+08,58.6913,61.3098,5.7348,0,1,1.89442,1.33243,0,1.46363,2.32848,8.62394e+06,3.61194e+06,1.63374e+07,0,0,0,6.44116e+07
81.6708,85.1408,5.10518,0.2,0,2.37898,2.94075,0,0.445693,5.95728,4.14971e+06,2.70226e+06,9.87206e+06,0,0,0,2.37082e+08,60.2795,61.3098,7.64756,0,1,1.89442,1.33264,0,1.46363,2.32848,8.62394e+06,3.61194e+06,1.63374e+07,0,0,0,6.44116e+07
85.1408,85.1408,9.75227,0.2,0,2.37965,2.94122,0,0.44582,5.95728,4.14971e+06,2.70226e+06,9.87487e+06,0,0,0,2.37082e+08,62.338,61.3098,9.14922,0,1,1.89442,1.33286,0,1.46363,2.32848,8.62394e+06,3.61194e+06,1.63374e+07,0,0,0,6.44116e+07
85.1408,85.1408,5.62731,0.22,0,2.47247,3.03383,0,0.445947,5.95728,4.14971e+06,2.70226e+06,1.026e+07,0,0,0,2.37082e+08,62.338,61.3098,5.22649,0,1,1.93752,1.37616,0,1.46363,2.32848,8.62394e+06,3.61194e+06,1.6709e+07,0,0,0,6.44116e+07
85.1408,85.1408,7.03035,0.24,0.02,2.33631,3.03428,0,0.463342,6.16896,4.14971e+06,2.70226e+06,9.695e+06,0,0,0,2.37082e+08,62.338,61.3098,8.78827,0,1,2.07434,1.37637,0,1.49693,2.54016,8.62394e+06,3.61194e+06,1.7889e+07,0,0,0,6.44116e+07
85.1408,85.1408,3.85661,0.23,0.02,2.33697,3.03474,0,0.437825,6.16896,4.14971e+06,2.70226e+06,9.69775e+06,0,0,0,2.37082e+08,62.338,61.3098,5.83916,0,1,2.07434,1.37658,0,1.60264,2.54016,8.62394e+06,3.61194e+06,1.7889e+07,0,0,0,6.44116e+07
85.1408,85.1408,5.36593,0.22,0.02,2.33764,3.03519,0,0.437949,6.16896,4.14971e+06,2.70226e+06,9.7005e+06,0,0,0,2.37082e+08,62.338,61.3098,8.15821,0,1,2.07434,1.37679,0,1.60264,2.54016,8.62394e+06,3.61194e+06,1.7889e+07,0,0,0,6.44116e+07
85.1408,85.1408,4.18352,0.22,0.02,2.63439,3.33174,0,0.438073,6.16896,4.14971e+06,2.70226e+06,1.09319e+07,0,0,0,2.37082e+08,62.338,61.3098,6.23791,0,1,2.23625,1.5389,0,1.60264,2.54016,8.62394e+06,3.61194e+06,1.92853e+07,0,0,0,6.44116e+07
85.1408,85.1408,5.23648,0.23,0.02,2.797,3.33224,0,0.493684,6.16896,4.14971e+06,2.70226e+06,1.16067e+07,0,0,0,2.37082e+08,62.338,61.3098,7.50064,0,1,2.07437,1.53913,0,1.72773,2.54016,8.62394e+06,3.61194e+06,1.78892e+07,0,0,0,6.44116e+07
85.1408,85.1408,9.81493,0.25,0.02,2.79773,3.33274,0,0.524158,6.16896,4.14971e+06,2.70226e+06,1.16098e+07,0,0,0,2.37082e+08,62.338,61.3098,10.962,0,1,2.07437,1.53936,0,1.60266,2.54016,8.62394e+06,3.61194e+06,1.78892e+07,0,0,0,6.44116e+07
85.1408,85.1408,5.28088,0.27,0.02,2.79846,3.33324,0,0.524295,6.16896,4.14971e+06,2.70226e+06,1.16128e+07,0,0,0,2.37082e+08,62.338,61.3098,6.55274,0,1,2.07437,1.53959,0,1.60266,2.54016,8.62394e+06,3.61194e+06,1.78892e+07,0,0,0,6.44116e+07
85.1408,85.1408,3.91117,0.26,0.02,2.37662,2.91117,0,0.524432,6.16896,4.14971e+06,2.70226e+06,9.86229e+06,0,0,0,2.37082e+08,62.338,61.3098,5.78627,0,1,1.85696,1.32241,0,1.60266,2.54016,8.62394e+06,3.61194e+06,1.60143e+07,0,0,0,6.44116e+07
85.1408,85.1408,5.57148,0.3,0.02,2.15988,2.91161,0,0.445379,6.16896,4.14971e+06,2.70226e+06,8.96288e+06,0,0,0,2.37082e+08,62.338,61.3098,8.95655,0,1,2.07433,1.32261,0,1.43469,2.54016,8.62394e+06,3.61194e+06,1.78889e+07,0,0,0,6.44116e+07
85.1408,85.1408,5.71033,0.32,0.02,2.16052,2.91204,0,0.404762,6.16896,4.14971e+06,2.70226e+06,8.96552e+06,0,0,0,2.37082e+08,62.338,61.3098,9.69618,0,1,2.07433,1.32281,0,1.60263,2.54016,8.62394e+06,3.61194e+06,1.78889e+07,0,0,0,6.44116e+07
85.1408,85.1408,7.64405,0.33,0.02,2.16115,2.91248,0,0.404881,6.16896,4.14971e+06,2.70226e+06,8.96816e+06,0,0,0,2.37082e+08,62.338,61.3098,10.6331,0,1,2.07433,1.32301,0,1.60263,2.54016,8.62394e+06,3.61194e+06,1.78889e+07,0,0,0,6.44116e+07
85.1408,85.1408,8.5421,0.34,0.02,2.16179,2.91292,0,0.405,6.16896,4.14971e+06,2.70226e+06,8.9708e+06,0,0,0,2.37082e+08,62.338,61.3098,11.0305,0,1,2.07433,1.32321,0,1.60263,2.54016,8.62394e+06,3.61194e+06,1.78889e+07,0,0,0,6.44116e+07
85.1408,85.1408,10.0709,0.34,0.02,2.26887,3.0198,0,0.40512,6.16896,4.14971e+06,2.70226e+06,9.41517e+06,0,0,0,2.37082e+08,62.338,61.3098,12.8027,0,1,2.12756,1.37663,0,1.60263,2.54016,8.62394e+06,3.61194e+06,1.8348e+07,0,0,0,6.44116e+07
85.1408,85.1408,9.09993,0.38,0.02,2.32275,3.02026,0,0.425187,6.16896,4.14971e+06,2.70226e+06,9.63875e+06,0,0,0,2.37082e+08,62.338,61.3098,10.4818,0,1,2.07434,1.37684,0,1.64375,2.54016,8.62394e+06,3.61194e+06,1.7889e+07,0,0,0,6.44116e+07
85.1408,85.1408,7.25059,0.38,0.02,2.32341,3.02071,0,0.435284,6.16896,4.14971e+06,2.70226e+06,9.64148e+06,0,0,0,2.37082e+08,62.338,61.3098,8.87116,0,1,2.07434,1.37705,0,1.60264,2.54016,8.62394e+06,3.61194e+06,1.7889e+07,0,0,0,6.44116e+07
85.1408,85.1408,6.38264,0.38,0.02,2.32407,3.02116,0,0.435408,6.16896,4.14971e+06,2.70226e+06,9.64423e+06,0,0,0,2.37082e+08,62.338,61.3098,8.35653,0,1,2.07434,1.37725,0,1.60264,2.54016,8.62394e+06,3.61194e+06,1.7889e+07,0,0,0,6.44116e+07
85.1408,85.1408,5.81601,0.37,0.02,2.28309,2.97997,0,0.435531,6.16896,4.14971e+06,2.70226e+06,9.47415e+06,0,0,0,2.37082e+08,62.338,61.3098,7.01504,0,1,2.05366,1.35677,0,1.60264,2.54016,8.62394e+06,3.61194e+06,1.77106e+07,0,0,0,6.44116e+07
85.1408,85.1408,6.25871,0.34,0.02,2.26306,2.98042,0,0.427851,6.16896,4.14971e+06,2.70226e+06,9.39103e+06,0,0,0,2.37082e+08,62.338,61.3098,6.45606,0,1,2.07434,1.35698,0,1.58666,2.54016,8.62394e+06,3.61194e+06,1.7889e+07,0,0,0,6.44116e+07
85.1408,85.1408,5.25041,0.33,0.02,2.26371,2.98087,0,0.424097,6.16896,4.14971e+06,2.70226e+06,9.39373e+06,0,0,0,2.37082e+08,62.338,61.3098,5.95951,0,1,2.07434,1.35718,0,1.60263,2.54016,8.62394e+06,3.61194e+06,1.7889e+07,0,0,0,6.44116e+07
85.1408,85.1408,4.6949,0.31,0.02,2.26436,2.98131,0,0.424219,6.16896,4.14971e+06,2.70226e+06,9.39643e+06,0,0,0,2.37082e+08,62.338,61.3098,5.20461,0,1,2.07434,1.35739,0,1.60263,2.54016,8.62394e+06,3.61194e+06,1.7889e+07,0,0,0,6.44116e+07
85.1408,85.1408,4.34523,0.26,0.02,2.40646,3.12321,0,0.424341,6.16896,4.14971e+06,2.70226e+06,9.9861e+06,0,0,0,2.37082e+08,62.338,61.3098,4.6697,0,1,2.14774,1.43099,0,1.60263,2.54016,8.62394e+06,3.61194e+06,1.8522e+07,0,0,0,6.44116e+07
85.1408,85.1408,4.18882,0.24,0.02,2.48053,3.12368,0,0.45097,6.16896,4.14971e+06,2.70226e+06,1.02935e+07,0,0,0,2.37082e+08,62.338,61.3098,3.84665,0,1,2.07435,1.4312,0,1.65934,2.54016,8.62394e+06,3.61194e+06,1.78891e+07,0,0,0,6.44116e+07
85.1408,85.1408,4.11059,0.21,0.02,2.48121,3.12415,0,0.464851,6.16896,4.14971e+06,2.70226e+06,1.02963e+07,0,0,0,2.37082e+08,62.338,61.3098,3.90491,0,1,2.07435,1.43142,0,1.60264,2.54016,8.62394e+06,3.61194e+06,1.78891e+07,0,0,0,6.44116e+07
85.1408,85.1408,3.69115,0.18,0.02,2.4819,3.12462,0,0.464979,6.16896,4.14971e+06,2.70226e+06,1.02991e+07,0,0,0,2.37082e+08,62.338,61.3098,3.99438,0,1,2.07435,1.43163,0,1.60264,2.54016,8.62394e+06,3.61194e+06,1.78891e+07,0,0,0,6.44116e+07
85.1408,85.1408,3.5235,0.16,0.02,2.48258,3.12508,0,0.465107,6.16896,4.14971e+06,2.70226e+06,1.0302e+07,0,0,0,2.37082e+08,62.338,61.3098,3.94756,0,1,2.07435,1.43185,0,1.60264,2.54016,8.62394e+06,3.61194e+06,1.78891e+07,0,0,0,6.44116e+07
85.1408,85.1408,3.15238,0.16,0.02,2.45527,3.09756,0,0.465236,6.16896,4.14971e+06,2.70226e+06,1.01887e+07,0,0,0,2.37082e+08,62.2755,61.3098,3.627,0,1,2.11472,1.47243,0,1.60264,2.54016,8.62394e+06,3.61194e+06,1.82372e+07,0,0,0,6.44116e+07
85.1408,85.1408,2.86606,0.17,0.02,2.49632,3.09802,0,0.460118,6.16896,4.14971e+06,2.70226e+06,1.0359e+07,0,0,0,2.37082e+08,62.154,61.3098,3.49635,0,1,2.07436,1.47265,0,1.63383,2.54016,8.62394e+06,3.61194e+06,1.78891e+07,0,0,0,6.44116e+07
84.9007,85.1408,2.54224,0.18,0.02,2.49701,3.09849,0,0.467811,6.16896,4.14971e+06,2.70226e+06,1.03619e+07,0,0,0,2.37082e+08,61.9775,61.3098,3.19118,0,1,2.07436,1.47288,0,1.60265,2.54016,8.62394e+06,3.61194e+06,1.78891e+07,0,0,0,6.44116e+07
84.6197,85.1408,2.47807,0.17,0.02,2.49769,3.09896,0,0.467939,6.16896,4.14971e+06,2.70226e+06,1.03647e+07,0,0,0,2.37082e+08,61.7651,61.3098,3.1648,0,1,2.07436,1.4731,0,1.60265,2.54016,8.62394e+06,3.61194e+06,1.78891e+07,0,0,0,6.44116e+07
84.3322,85.1408,2.49506,0.18,0.02,2.57072,3.17175,0,0.468068,6.16896,4.14971e+06,2.70226e+06,1.06677e+07,0,0,0,2.37082e+08,61.462,61.3098,2.96032,0,1,2.11036,1.50932,0,1.60265,2.54016,8.62394e+06,3.61194e+06,1.81996e+07,0,0,0,6.44116e+07
83.7185,85.1408,2.19564,0.17,0.02,2.60741,3.17223,0,0.481752,6.16896,4.14971e+06,2.70226e+06,1.082e+07,0,0,0,2.37082e+08,61.0822,61.3098,2.50506,0,1,2.07436,1.50955,0,1.63046,2.54016,8.62394e+06,3.61194e+06,1.78892e+07,0,0,0,6.44116e+07
82.967,85.1408,2.03139,0.17,0.02,2.60812,3.17271,0,0.488629,6.16896,4.14971e+06,2.70226e+06,1.08229e+07,0,0,0,2.37082e+08,60.6241,61.3098,2.58048,0,1,2.07436,1.50977,0,1.60265,2.54016,8.62394e+06,3.61194e+06,1.78892e+07,0,0,0,6.44116e+07
82.0756,85.1408,1.88262,0.17,0.02,2.60882,3.17318,0,0.488761,6.16896,4.14971e+06,2.70226e+06,1.08258e+07,0,0,0,2.37082e+08,60.1292,61.3098,2.29184,0,1,2.07436,1.51,0,1.60265,2.54016,8.62394e+06,3.61194e+06,1.78892e+07,0,0,0,6.44116e+07
81.0536,85.1408,1.91554,0.17,0.02,2.82148,3.38561,0,0.488893,6.16896,4.14971e+06,2.70226e+06,1.17083e+07,0,0,0,2.37082e+08,59.6859,61.3098,2.58939,0,1,2.20439,1.64025,0,1.60265,2.54016,8.62394e+06,3.61194e+06,1.90105e+07,0,0,0,6.44116e+07
79.783,85.1408,1.75437,0.17,0.02,2.95224,3.38612,0,0.528745,6.16896,4.14971e+06,2.70226e+06,1.22509e+07,0,0,0,2.37082e+08,59.134,61.3098,2.21738,0,1,2.07438,1.6405,0,1.70311,2.54016,8.62394e+06,3.61194e+06,1.78893e+07,0,0,0,6.44116e+07
78.6595,85.1408,1.90794,0.17,0.02,2.95299,3.38663,0,0.553249,6.16896,4.14971e+06,2.70226e+06,1.2254e+07,0,0,0,2.37082e+08,58.6441,61.3098,2.61428,0,1,2.07438,1.64074,0,1.60267,2.54016,8.62394e+06,3.61194e+06,1.78893e+07,0,0,0,6.44116e+07
77.1702,85.1408,1.54578,0.19,0.02,2.95375,3.38714,0,0.553391,6.16896,4.14971e+06,2.70226e+06,1.22572e+07,0,0,0,2.37082e+08,58.0285,61.3098,1.96323,0,1,2.07438,1.64099,0,1.60267,2.54016,8.62394e+06,3.61194e+06,1.78893e+07,0,0,0,6.44116e+07
75.998,85.1408,1.83804,0.19,0.02,2.9545,3.38765,0,0.553532,6.16896,4.14971e+06,2.70226e+06,1.22603e+07,0,0,0,2.37082e+08,57.6459,61.3098,3.23578,0,1,2.07438,1.64123,0,1.60267,2.54016,8.62394e+06,3.61194e+06,1.78893e+07,0,0,0,6.44116e+07
74.6038,85.1408,1.55138,0.2,0.02,2.85188,3.28478,0,0.553673,6.16896,4.14971e+06,2.70226e+06,1.18345e+07,0,0,0,2.37082e+08,57.1285,61.3098,2.45904,0,1,1.9954,1.5625,0,1.60267,2.54016,8.62394e+06,3.61194e+06,1.72082e+07,0,0,0,6.44116e+07
73.3335,85.1408,1.64067,0.2,0.02,2.77364,3.28527,0,0.534442,6.16896,4.14971e+06,2.70226e+06,1.15098e+07,0,0,0,2.37082e+08,56.7245,61.3098,2.69414,0,1,2.07437,1.56274,0,1.54165,2.54016,8.62394e+06,3.61194e+06,1.78892e+07,0,0,0,6.44116e+07
72.6723,85.1408,2.27973,0.21,0.02,2.77437,3.28577,0,0.51978,6.16896,4.14971e+06,2.70226e+06,1.15128e+07,0,0,0,2.37082e+08,56.3926,61.3098,3.0201,0,1,2.07437,1.56297,0,1.60266,2.54016,8.62394e+06,3.61194e+06,1.78892e+07,0,0,0,6.44116e+07
72.8233,85.1408,3.19318,0.21,0.02,2.77509,3.28626,0,0.519916,6.16896,4.14971e+06,2.70226e+06,1.15158e+07,0,0,0,2.37082e+08,56.4636,61.3098,4.9632,0,1,2.07437,1.56321,0,1.60266,2.54016,8.62394e+06,3.61194e+06,1.78892e+07,0,0,0,6.44116e+07
72.4725,85.1408,2.67661,0.21,0.02,2.69092,3.20185,0,0.520053,6.16896,4.14971e+06,2.70226e+06,1.11665e+07,0,0,0,2.37082e+08,56.2677,61.3098,3.4103,0,1,2.00244,1.49151,0,1.60266,2.54016,8.62394e+06,3.61194e+06,1.72689e+07,0,0,0,6.44116e+07
71.9621,85.1408,2.4163,0.21,0.02,2.6197,3.20233,0,0.504278,6.16896,4.14971e+06,2.70226e+06,1.0871e+07,0,0,0,2.37082e+08,56.0057,61.3098,2.05034,0,1,2.07436,1.49173,0,1.54708,2.54016,8.62394e+06,3.61194e+06,1.78891e+07,0,0,0,6.44116e+07
73.8052,85.1408,4.90831,0.21,0.02,2.6204,3.20281,0,0.490931,6.16896,4.14971e+06,2.70226e+06,1.08739e+07,0,0,0,2.37082e+08,56.829,61.3098,5.5812,0,1,2.07436,1.49195,0,1.60265,2.54016,8.62394e+06,3.61194e+06,1.78891e+07,0,0,0,6.44116e+07
73.9654,85.1408,3.13871,0.18,0.02,2.62111,3.20329,0,0.491063,6.16896,4.14971e+06,2.70226e+06,1.08768e+07,0,0,0,2.37082e+08,56.9262,61.3098,3.08109,0,1,2.07436,1.49218,0,1.60265,2.54016,8.62394e+06,3.61194e+06,1.78891e+07,0,0,0,6.44116e+07
76.3721,85.1408,5.3466,0.2,0.02,2.38053,2.96249,0,0.491195,6.16896,4.14971e+06,2.70226e+06,9.87851e+06,0,0,0,2.37082e+08,57.2922,61.3098,3.34291,0,1,1.92445,1.3425,0,1.60265,2.54016,8.62394e+06,3.61194e+06,1.65964e+07,0,0,0,6.44116e+07
77.8274,85.1408,4.23866,0.21,0.02,2.23129,2.96293,0,0.446111,6.16896,4.14971e+06,2.70226e+06,9.25921e+06,0,0,0,2.37082e+08,57.4748,61.3098,3.92229,0,1,2.07434,1.3427,0,1.48683,2.54016,8.62394e+06,3.61194e+06,1.7889e+07,0,0,0,6.44116e+07
79.678,85.1408,4.82668,0.22,0.02,2.23194,2.96338,0,0.418144,6.16896,4.14971e+06,2.70226e+06,9.26189e+06,0,0,0,2.37082e+08,57.8832,61.3098,4.82751,0,1,2.07434,1.3429,0,1.60263,2.54016,8.62394e+06,3.61194e+06,1.7889e+07,0,0,0,6.44116e+07
81.8674,85.1408,5.07539,0.22,0.02,2.23258,2.96382,0,0.418265,6.16896,4.14971e+06,2.70226e+06,9.26457e+06,0,0,0,2.37082e+08,58.2669,61.3098,4.05786,0,1,2.07434,1.3431,0,1.60263,2.54016,8.62394e+06,3.61194e+06,1.7889e+07,0,0,0,6.44116e+07
85.1408,85.1408,6.55974,0.23,0.02,2.23323,2.96427,0,0.418386,6.16896,4.14971e+06,2.70226e+06,9.26725e+06,0,0,0,2.37082e+08,58.7494,61.3098,3.99522,0,1,2.07434,1.3433,0,1.60263,2.54016,8.62394e+06,3.61194e+06,1.7889e+07,0,0,0,6.44116e+07
85.1408,85.1408,4.21142,0.24,0.02,2.23343,2.96427,0,0.418507,6.16896,4.14971e+06,2.70226e+06,9.26809e+06,0,0,0,2.37082e+08,59.1737,61.3098,4.2768,0,1,2.07414,1.3433,0,1.60263,2.54016,8.62394e+06,3.61194e+06,1.78872e+07,0,0,0,6.44116e+07
85.1408,85.1408,3.22867,0.24,0.02,2.32674,3.05758,0,0.418545,6.16896,4.14971e+06,2.70226e+06,9.65529e+06,0,0,0,2.37082e+08,60.0086,61.3098,3.65226,0,0,2.11777,1.38694,0,1.60248,2.54016,8.62394e+06,3.61194e+06,1.82635e+07,0,0,0,6.44116e+07
85.1408,85.1408,3.47441,0.25,0.02,2.37081,3.05801,0,0.436031,6.16896,4.14971e+06,2.70226e+06,9.83817e+06,0,0,0,2.37082e+08,60.4953,61.3098,3.07122,0,0,2.07433,1.38713,0,1.63619,2.54016,8.62394e+06,3.61194e+06,1.78889e+07,0,0,0,6.44116e+07
85.0707,85.1408,2.78676,0.25,0.02,2.37144,3.05844,0,0.44429,6.16896,4.14971e+06,2.70226e+06,9.84079e+06,0,0,0,2.37082e+08,60.6152,61.3098,2.65172,0,0,2.07433,1.38733,0,1.60263,2.54016,8.62394e+06,3.61194e+06,1.78889e+07,0,0,0,6.44116e+07
84.6031,85.1408,2.34881,0.25,0.02,2.37207,3.05888,0,0.444408,6.16896,4.14971e+06,2.70226e+06,9.84341e+06,0,0,0,2.37082e+08,60.9083,61.3098,2.3331,0,0,2.07433,1.38753,0,1.60263,2.54016,8.62394e+06,3.61194e+06,1.78889e+07,0,0,0,6.44116e+07
85.1408,85.1408,3.9731,0.25,0.02,2.6711,3.35771,0,0.444526,6.16896,4.14971e+06,2.70226e+06,1.10843e+07,0,0,0,2.37082e+08,61.3425,61.3098,3.56852,0,0,2.2375,1.55089,0,1.60263,2.54016,8.62394e+06,3.61194e+06,1.92961e+07,0,0,0,6.44116e+07
85.1408,85.1408,3.52475,0.27,0.02,2.83494,3.35819,0,0.500564,6.16896,4.14971e+06,2.70226e+06,1.17642e+07,0,0,0,2.37082e+08,61.0186,61.3098,2.53658,0,0,2.07436,1.55111,0,1.72869,2.54016,8.62394e+06,3.61194e+06,1.78891e+07,0,0,0,6.44116e+07
85.1408,85.1408,3.47228,0.28,0.02,2.83564,3.35866,0,0.531268,6.16896,4.14971e+06,2.70226e+06,1.17671e+07,0,0,0,2.37082e+08,61.0654,61.3098,1.8519,0,0,2.07436,1.55133,0,1.60265,2.54016,8.62394e+06,3.61194e+06,1.78891e+07,0,0,0,6.44116e+07
85.1408,85.1408,4.627,0.28,0.02,2.83633,3.35914,0,0.531398,6.16896,4.14971e+06,2.70226e+06,1.177e+07,0,0,0,2.37082e+08,61.5357,61.3098,2.92784,0,0,2.07436,1.55155,0,1.60265,2.54016,8.62394e+06,3.61194e+06,1.78891e+07,0,0,0,6.44116e+07
85.1408,85.1408,7.79532,0.31,0.02,2.41118,2.93376,0,0.531529,6.16896,4.14971e+06,2.70226e+06,1.00057e+07,0,0,0,2.37082e+08,62.338,61.3098,7.37018,0,0,1.85526,1.33268,0,1.60265,2.54016,8.62394e+06,3.61194e+06,1.59996e+07,0,0,0,6.44116e+07
85.1408,85.1408,5.601,0.32,0.02,2.19272,2.93418,0,0.451855,6.16896,4.14971e+06,2.70226e+06,9.09913e+06,0,0,0,2.37082e+08,62.338,61.3098,5.93786,0,0,2.07433,1.33286,0,1.43337,2.54016,8.62394e+06,3.61194e+06,1.78888e+07,0,0,0,6.44116e+07
85.1408,85.1408,5.64581,0.34,0.02,2.19332,2.93459,0,0.410915,6.16896,4.14971e+06,2.70226e+06,9.10164e+06,0,0,0,2.37082e+08,62.338,61.3098,4.69401,0,0,2.07432,1.33305,0,1.60262,2.54016,8.62394e+06,3.61194e+06,1.78888e+07,0,0,0,6.44116e+07
85.1408,85.1408,5.29534,0.35,0.02,2.19393,2.93501,0,0.411029,6.16896,4.14971e+06,2.70226e+06,9.10415e+06,0,0,0,2.37082e+08,62.338,61.3098,5.59866,0,0,2.07433,1.33324,0,1.60262,2.54016,8.62394e+06,3.61194e+06,1.78888e+07,0,0,0,6.44116e+07
85.1408,85.1408,8.80423,0.37,0.02,2.19453,2.93543,0,0.411142,6.16896,4.14971e+06,2.70226e+06,9.10667e+06,0,0,0,2.37082e+08,62.338,61.3098,10.9053,0,0,2.07433,1.33343,0,1.60262,2.54016,8.62394e+06,3.61194e+06,1.78888e+07,0,0,0,6.44116e+07
85.1408,85.1408,9.4642,0.39,0.02,2.2481,3.04311,0,0.411255,6.16896,4.14971e+06,2.83978e+06,9.32894e+06,0,0,0,2.37082e+08,62.338,61.3098,8.08763,0,0,2.1032,1.38726,0,1.60262,2.54016,8.62394e+06,3.79575e+06,1.81379e+07,0,0,0,6.44116e+07
85.1408,85.1408,7.60202,0.4,0.02,2.08507,3.04354,0,0.421293,6.16896,4.14971e+06,3.40773e+06,8.65244e+06,0,0,0,2.37082e+08,62.338,61.3098,7.77057,0,0,1.95052,1.38745,0,1.62494,2.54016,8.62394e+06,4.5549e+06,1.68212e+07,0,0,0,6.44116e+07
85.1408,85.1408,6.12017,0.41,0.02,2.08566,3.04397,0,0.390743,6.16896,4.14971e+06,3.40773e+06,8.65489e+06,0,0,0,2.37082e+08,62.338,61.3098,5.22153,0,0,1.9505,1.38765,0,1.50697,2.54016,8.62394e+06,4.5549e+06,1.6821e+07,0,0,0,6.44116e+07
85.1408,85.1408,5.47779,0.39,0.02,2.30359,3.04441,0,0.390853,6.16896,4.14971e+06,2.83978e+06,9.55921e+06,0,0,0,2.37082e+08,62.338,61.3098,4.65128,0,0,2.04956,1.38785,0,1.50696,2.54016,8.62394e+06,3.79575e+06,1.76753e+07,0,0,0,6.44116e+07
85.1408,85.1408,5.34655,0.36,0.02,2.31658,3.00287,0,0.431692,6.16896,4.14971e+06,2.70226e+06,9.61315e+06,0,0,0,2.37082e+08,62.338,61.3098,4.76868,0,0,2.05349,1.3672,0,1.58349,2.54016,8.62394e+06,3.61194e+06,1.77092e+07,0,0,0,6.44116e+07
85.1408,85.1408,5.06211,0.35,0.02,2.29636,3.0033,0,0.434128,6.16896,4.14971e+06,2.70226e+06,9.52923e+06,0,0,0,2.37082e+08,62.338,61.3098,4.11238,0,0,2.07433,1.36739,0,1.58653,2.54016,8.62394e+06,3.61194e+06,1.78889e+07,0,0,0,6.44116e+07
85.1408,85.1408,4.65616,0.33,0.02,2.29698,3.00372,0,0.430338,6.16896,4.14971e+06,2.70226e+06,9.5318e+06,0,0,0,2.37082e+08,62.338,61.3098,3.88141,0,0,2.07433,1.36759,0,1.60263,2.54016,8.62394e+06,3.61194e+06,1.78889e+07,0,0,0,6.44116e+07
85.1408,85.1408,4.27068,0.28,0.02,2.2976,3.00415,0,0.430454,6.16896,4.14971e+06,2.70226e+06,9.53437e+06,0,0,0,2.37082e+08,62.338,61.3098,3.70638,0,0,2.07433,1.36778,0,1.60263,2.54016,8.62394e+06,3.61194e+06,1.78889e+07,0,0,0,6.44116e+07
85.1408,85.1408,3.55702,0.25,0.02,2.44075,3.1471,0,0.430571,6.16896,4.14971e+06,2.70226e+06,1.01284e+07,0,0,0,2.37082e+08,62.338,61.3098,3.30013,0,0,2.14829,1.44194,0,1.60263,2.54016,8.62394e+06,3.61194e+06,1.85267e+07,0,0,0,6.44116e+07
85.1408,85.1408,3.17097,0.23,0.02,2.51535,3.14755,0,0.457396,6.16896,4.14971e+06,2.70226e+06,1.0438e+07,0,0,0,2.37082e+08,62.338,61.3098,2.89482,0,0,2.07434,1.44214,0,1.65977,2.54016,8.62394e+06,3.61194e+06,1.7889e+07,0,0,0,6.44116e+07
85.1408,85.1408,2.89262,0.2,0.02,2.516,3.148,0,0.471376,6.16896,4.14971e+06,2.70226e+06,1.04407e+07,0,0,0,2.37082e+08,62.338,61.3098,2.88497,0,0,2.07434,1.44235,0,1.60264,2.54016,8.62394e+06,3.61194e+06,1.7889e+07,0,0,0,6.44116e+07
85.1408,85.1408,2.83121,0.17,0.02,2.51665,3.14844,0,0.471498,6.16896,4.14971e+06,2.70226e+06,1.04434e+07,0,0,0,2.37082e+08,62.338,61.3098,2.94135,0,0,2.07434,1.44255,0,1.60264,2.54016,8.62394e+06,3.61194e+06,1.7889e+07,0,0,0,6.44116e+07
84.7618,85.1408,2.4063,0.19,0.02,2.5173,3.14889,0,0.47162,6.16896,4.14971e+06,2.70226e+06,1.04461e+07,0,0,0,2.37082e+08,62.1984,61.3098,2.24441,0,0,2.07434,1.44275,0,1.60264,2.54016,8.62394e+06,3.61194e+06,1.7889e+07,0,0,0,6.44116e+07
84.1502,85.1408,2.11816,0.19,0.02,2.48975,3.12113,0,0.471742,6.16896,4.14971e+06,2.70226e+06,1.03317e+07,0,0,0,2.37082e+08,61.7892,61.3098,1.81277,0,0,2.11502,1.48364,0,1.60264,2.54016,8.62394e+06,3.61194e+06,1.82398e+07,0,0,0,6.44116e+07
83.394,85.1408,1.97492,0.19,0.02,2.53107,3.12157,0,0.466578,6.16896,4.14971e+06,2.70226e+06,1.05032e+07,0,0,0,2.37082e+08,61.3275,61.3098,1.73301,0,0,2.07435,1.48385,0,1.63406,2.54016,8.62394e+06,3.61194e+06,1.7889e+07,0,0,0,6.44116e+07
82.4305,85.1408,1.74501,0.19,0.02,2.53172,3.12201,0,0.474323,6.16896,4.14971e+06,2.70226e+06,1.05059e+07,0,0,0,2.37082e+08,60.8859,61.3098,1.69873,0,0,2.07435,1.48406,0,1.60264,2.54016,8.62394e+06,3.61194e+06,1.7889e+07,0,0,0,6.44116e+07
81.4904,85.1408,1.75756,0.19,0.02,2.53238,3.12246,0,0.474445,6.16896,4.14971e+06,2.70226e+06,1.05086e+07,0,0,0,2.37082e+08,60.5196,61.3098,1.76259,0,0,2.07435,1.48427,0,1.60264,2.54016,8.62394e+06,3.61194e+06,1.7889e+07,0,0,0,6.44116e+07
80.6043,85.1408,1.86375,0.18,0.02,2.60591,3.19578,0,0.474567,6.16896,4.14971e+06,2.70226e+06,1.08138e+07,0,0,0,2.37082e+08,60.1455,61.3098,1.88724,0,0,2.11062,1.52075,0,1.60264,2.54016,8.62394e+06,3.61194e+06,1.82019e+07,0,0,0,6.44116e+07
79.5806,85.1408,1.74512,0.18,0.02,2.64285,3.19623,0,0.488348,6.16896,4.14971e+06,2.70226e+06,1.0967e+07,0,0,0,2.37082e+08,59.6564,61.3098,1.87492,0,0,2.07435,1.52097,0,1.63067,2.54016,8.62394e+06,3.61194e+06,1.78891e+07,0,0,0,6.44116e+07
78.3726,85.1408,1.5494,0.18,0.02,2.64352,3.19669,0,0.49527,6.16896,4.14971e+06,2.70226e+06,1.09698e+07,0,0,0,2.37082e+08,59.0994,61.3098,1.70674,0,0,2.07435,1.52118,0,1.60264,2.54016,8.62394e+06,3.61194e+06,1.78891e+07,0,0,0,6.44116e+07
77.0409,85.1408,1.40454,0.19,0.02,2.64419,3.19714,0,0.495395,6.16896,4.14971e+06,2.70226e+06,1.09726e+07,0,0,0,2.37082e+08,58.4757,61.3098,1.66669,0,0,2.07435,1.5214,0,1.60264,2.54016,8.62394e+06,3.61194e+06,1.78891e+07,0,0,0,6.44116e+07
75.1754,85.1408,1.01249,0.19,0.02,2.85841,3.41115,0,0.49552,6.16896,4.14971e+06,2.70226e+06,1.18616e+07,0,0,0,2.37082e+08,57.6968,61.3098,1.54282,0,0,2.20536,1.65262,0,1.60264,2.54016,8.62394e+06,3.61194e+06,1.90189e+07,0,0,0,6.44116e+07
73.0805,85.1408,0.864888,0.19,0.02,2.99011,3.41163,0,0.535666,6.16896,4.14971e+06,2.70226e+06,1.24081e+07,0,0,0,2.37082e+08,56.9658,61.3098,1.40256,0,0,2.07437,1.65285,0,1.70386,2.54016,8.62394e+06,3.61194e+06,1.78892e+07,0,0,0,6.44116e+07
71.1591,85.1408,1.02544,0.21,0.02,2.99083,3.41211,0,0.560347,6.16896,4.14971e+06,2.70226e+06,1.24111e+07,0,0,0,2.37082e+08,56.4273,61.3098,1.51834,0,0,2.07437,1.65309,0,1.60266,2.54016,8.62394e+06,3.61194e+06,1.78892e+07,0,0,0,6.44116e+07
69.9134,85.1408,1.7504,0.21,0.02,2.99155,3.4126,0,0.560481,6.16896,4.14971e+06,2.70226e+06,1.2414e+07,0,0,0,2.37082e+08,55.8988,61.3098,1.82189,0,0,2.07437,1.65332,0,1.60266,2.54016,8.62394e+06,3.61194e+06,1.78892e+07,0,0,0,6.44116e+07
68.5339,85.1408,1.63614,0.21,0.02,2.99227,3.41308,0,0.560616,6.16896,4.14971e+06,2.70226e+06,1.2417e+07,0,0,0,2.37082e+08,55.1932,61.3098,1.6919,0,0,2.07437,1.65356,0,1.60266,2.54016,8.62394e+06,3.61194e+06,1.78892e+07,0,0,0,6.44116e+07
66.8251,85.1408,1.2279,0.22,0.02,2.88883,3.30941,0,0.56075,6.16896,4.14971e+06,2.70226e+06,1.19878e+07,0,0,0,2.37082e+08,54.7506,61.3098,1.42793,0,0,1.9948,1.57422,0,1.60266,2.54016,8.62394e+06,3.61194e+06,1.7203e+07,0,0,0,6.44116e+07
65.0171,85.1408,1.03963,0.23,0.02,2.80996,3.30988,0,0.541367,6.16896,4.14971e+06,2.70226e+06,1.16605e+07,0,0,0,2.37082e+08,54.1611,61.3098,2.31277,0,0,2.07436,1.57444,0,1.54118,2.54016,8.62394e+06,3.61194e+06,1.78891e+07,0,0,0,6.44116e+07
63.0891,85.1408,0.902774,0.23,0.02,2.81066,3.31035,0,0.526587,6.16896,4.14971e+06,2.70226e+06,1.16634e+07,0,0,0,2.37082e+08,53.2162,61.3098,1.28534,0,0,2.07436,1.57467,0,1.60265,2.54016,8.62394e+06,3.61194e+06,1.78891e+07,0,0,0,6.44116e+07
61.1989,85.1408,0.934337,0.24,0.02,2.81135,3.31082,0,0.526717,6.16896,4.14971e+06,2.70226e+06,1.16663e+07,0,0,0,2.37082e+08,52.1342,61.3098,1.24326,0,0,2.07436,1.57489,0,1.60265,2.54016,8.62394e+06,3.61194e+06,1.78891e+07,0,0,0,6.44116e+07
59.4536,85.1408,1.03942,0.25,0.02,2.7265,3.22575,0,0.526847,6.16896,4.14971e+06,2.70226e+06,1.13142e+07,0,0,0,2.37082e+08,50.9633,61.3098,1.03084,0,0,2.00189,1.50264,0,1.60265,2.54016,8.62394e+06,3.61194e+06,1.72642e+07,0,0,0,6.44116e+07
57.5852,85.1408,0.833431,0.25,0.02,2.65471,3.22621,0,0.510946,6.16896,4.14971e+06,2.70226e+06,1.10163e+07,0,0,0,2.37082e+08,50.3292,61.3098,0.875073,0,0,2.07435,1.50285,0,1.54666,2.54016,8.62394e+06,3.61194e+06,1.78891e+07,0,0,0,6.44116e+07
56.3953,85.1408,1.5668,0.27,0.02,2.65538,3.22666,0,0.497493,6.16896,4.14971e+06,2.70226e+06,1.10191e+07,0,0,0,2.37082e+08,50.112,61.3098,2.6001,0,0,2.07435,1.50307,0,1.60264,2.54016,8.62394e+06,3.61194e+06,1.78891e+07,0,0,0,6.44116e+07
56.3918,85.1408,2.8894,0.3,0.02,2.65605,3.22712,0,0.497618,6.16896,4.14971e+06,2.70226e+06,1.10218e+07,0,0,0,2.37082e+08,50.065,61.3098,3.10171,0,0,2.07435,1.50328,0,1.60264,2.54016,8.62394e+06,3.61194e+06,1.78891e+07,0,0,0,6.44116e+07
55.2989,85.1408,1.5721,0.31,0.02,2.41365,2.9845,0,0.497744,6.16896,4.14971e+06,2.70226e+06,1.00159e+07,0,0,0,2.37082e+08,49.6838,61.3098,1.41544,0,0,1.92333,1.35247,0,1.60264,2.54016,8.62394e+06,3.61194e+06,1.65867e+07,0,0,0,6.44116e+07
55.6279,85.1408,3.10456,0.32,0.02,2.26326,2.98493,0,0.452318,6.16896,4.14971e+06,2.70226e+06,9.39188e+06,0,0,0,2.37082e+08,50.1028,61.3098,3.50285,0,0,2.07433,1.35266,0,1.48596,2.54016,8.62394e+06,3.61194e+06,1.78889e+07,0,0,0,6.44116e+07
56.0038,85.1408,3.10437,0.35,0.02,2.26388,2.98535,0,0.424135,6.16896,4.14971e+06,2.70226e+06,9.39443e+06,0,0,0,2.37082e+08,50.0295,61.3098,2.81197,0,0,2.07433,1.35285,0,1.60263,2.54016,8.62394e+06,3.61194e+06,1.78889e+07,0,0,0,6.44116e+07
57.3273,85.1408,3.87555,0.41,0.02,1.99805,2.98577,0,0.424251,6.16896,4.14971e+06,3.40773e+06,8.29134e+06,0,0,0,2.37082e+08,49.9493,61.3098,2.73334,0,0,1.95359,1.35305,0,1.60263,2.54016,8.62394e+06,4.5549e+06,1.68476e+07,0,0,0,6.44116e+07
58.8257,85.1408,4.09453,0.39,0.02,2.21181,2.9862,0,0.374435,6.16896,4.14971e+06,2.83978e+06,9.17837e+06,0,0,0,2.37082e+08,50.3329,61.3098,3.86908,0,0,2.05018,1.35324,0,1.50934,2.54016,8.62394e+06,3.79575e+06,1.76806e+07,0,0,0,6.44116e+07
63.934,85.1408,7.60798,0.42,0.02,2.08441,3.08017,0,0.414493,6.16896,4.14971e+06,3.40773e+06,8.64969e+06,0,0,0,2.37082e+08,51.6368,61.3098,6.62702,0,0,1.99341,1.39719,0,1.58397,2.54016,8.62394e+06,4.5549e+06,1.7191e+07,0,0,0,6.44116e+07
65.9342,85.1408,4.71819,0.38,0.02,2.40363,3.08058,0,0.390619,6.16896,4.14971e+06,2.70226e+06,9.97436e+06,0,0,0,2.37082e+08,51.5968,61.3098,3.45111,0,0,2.07432,1.39737,0,1.5401,2.54016,8.62394e+06,3.61194e+06,1.78888e+07,0,0,0,6.44116e+07
66.944,85.1408,3.50578,0.4,0.02,2.12929,3.08099,0,0.45044,6.16896,4.14971e+06,3.40773e+06,8.83595e+06,0,0,0,2.37082e+08,51.4224,61.3098,2.88875,0,0,1.94961,1.39756,0,1.60262,2.54016,8.62394e+06,4.5549e+06,1.68133e+07,0,0,0,6.44116e+07
68.6192,85.1408,4.51144,0.39,0.02,2.34983,3.0814,0,0.39903,6.16896,4.14971e+06,2.83978e+06,9.75111e+06,0,0,0,2.37082e+08,51.9355,61.3098,4.46908,0,0,2.04938,1.39775,0,1.50627,2.54016,8.62394e+06,3.79575e+06,1.76737e+07,0,0,0,6.44116e+07
73.2116,85.1408,7.84066,0.37,0.02,2.70602,3.38241,0,0.440358,6.16896,4.14971e+06,2.70226e+06,1.12292e+07,0,0,0,2.37082e+08,52.4578,61.3098,5.26866,0,0,2.23869,1.5623,0,1.58335,2.54016,8.62394e+06,3.61194e+06,1.93063e+07,0,0,0,6.44116e+07
77.6963,85.1408,7.93673,0.38,0.02,2.87102,3.38286,0,0.507108,6.16896,4.14971e+06,2.70226e+06,1.19139e+07,0,0,0,2.37082e+08,52.9242,61.3098,5.4851,0,0,2.07434,1.56251,0,1.72961,2.54016,8.62394e+06,3.61194e+06,1.7889e+07,0,0,0,6.44116e+07
80.6069,85.1408,6.46753,0.35,0.02,2.87168,3.38331,0,0.53803,6.16896,4.14971e+06,2.70226e+06,1.19166e+07,0,0,0,2.37082e+08,53.147,61.3098,4.08975,0,0,2.07434,1.56272,0,1.60264,2.54016,8.62394e+06,3.61194e+06,1.7889e+07,0,0,0,6.44116e+07
83.2104,85.1408,5.99107,0.29,0.02,2.87234,3.38376,0,0.538153,6.16896,4.14971e+06,2.70226e+06,1.19194e+07,0,0,0,2.37082e+08,53.1419,61.3098,3.62679,0,0,2.07434,1.56293,0,1.60264,2.54016,8.62394e+06,3.61194e+06,1.7889e+07,0,0,0,6.44116e+07
85.1408,85.1408,7.6491,0.31,0.02,2.44403,2.95524,0,0.538277,6.16896,4.14971e+06,2.70226e+06,1.0142e+07,0,0,0,2.37082e+08,54.2729,61.3098,6.22375,0,0,1.85364,1.34243,0,1.60264,2.54016,8.62394e+06,3.61194e+06,1.59857e+07,0,0,0,6.44116e+07
85.1408,85.1408,6.89234,0.33,0.02,2.22394,2.95564,0,0.458012,6.16896,4.14971e+06,2.70226e+06,9.22868e+06,0,0,0,2.37082e+08,54.9893,61.3098,4.79185,0,0,2.07432,1.34261,0,1.43213,2.54016,8.62394e+06,3.61194e+06,1.78888e+07,0,0,0,6.44116e+07
85.1408,85.1408,5.5402,0.34,0.02,2.22451,2.95603,0,0.416765,6.16896,4.14971e+06,2.70226e+06,9.23106e+06,0,0,0,2.37082e+08,55.3003,61.3098,3.40049,0,0,2.07432,1.34279,0,1.60262,2.54016,8.62394e+06,3.61194e+06,1.78888e+07,0,0,0,6.44116e+07
85.1408,85.1408,3.85858,0.35,0.02,2.22508,2.95643,0,0.416873,6.16896,4.14971e+06,2.70226e+06,9.23344e+06,0,0,0,2.37082e+08,55.2725,61.3098,2.66252,0,0,2.07432,1.34297,0,1.60262,2.54016,8.62394e+06,3.61194e+06,1.78888e+07,0,0,0,6.44116e+07
85.1408,85.1408,7.2925,0.38,0.02,2.22566,2.95682,0,0.41698,6.16896,4.14971e+06,2.70226e+06,9.23582e+06,0,0,0,2.37082e+08,56.2619,61.3098,5.09427,0,0,2.07432,1.34315,0,1.60262,2.54016,8.62394e+06,3.61194e+06,1.78888e+07,0,0,0,6.44116e+07
85.1408,85.1408,6.99237,0.39,0.02,2.27957,3.06527,0,0.417088,6.16896,4.14971e+06,2.83978e+06,9.45957e+06,0,0,0,2.37082e+08,56.5958,61.3098,3.95893,0,0,2.1034,1.39736,0,1.60262,2.54016,8.62394e+06,3.79575e+06,1.81396e+07,0,0,0,6.44116e+07
85.1408,85.1408,6.56123,0.42,0.02,2.11533,3.06568,0,0.427192,6.16896,4.14971e+06,3.40773e+06,8.778e+06,0,0,0,2.37082e+08,57.0749,61.3098,4.1938,0,0,1.94961,1.39754,0,1.62509,2.54016,8.62394e+06,4.5549e+06,1.68133e+07,0,0,0,6.44116e+07
85.1408,85.1408,6.10384,0.42,0.02,2.11589,3.06608,0,0.396413,6.16896,4.14971e+06,3.40773e+06,8.78032e+06,0,0,0,2.37082e+08,57.5478,61.3098,4.33433,0,0,1.9496,1.39773,0,1.50627,2.54016,8.62394e+06,4.5549e+06,1.68132e+07,0,0,0,6.44116e+07
85.1408,85.1408,4.89004,0.43,0.02,2.11645,3.06649,0,0.396518,6.16896,4.14971e+06,3.40773e+06,8.78264e+06,0,0,0,2.37082e+08,57.5967,61.3098,3.16478,0,0,1.94958,1.39792,0,1.50626,2.54016,8.62394e+06,4.5549e+06,1.6813e+07,0,0,0,6.44116e+07
85.1408,85.1408,3.28134,0.39,0.02,2.29443,3.02463,0,0.396622,6.16896,4.14971e+06,2.83978e+06,9.52123e+06,0,0,0,2.37082e+08,57.4181,61.3098,2.32148,0,0,2.02875,1.37711,0,1.50624,2.54016,8.62394e+06,3.79575e+06,1.74958e+07,0,0,0,6.44116e+07
85.1408,85.1408,2.92241,0.36,0.02,2.32801,3.02504,0,0.429977,6.16896,4.14971e+06,2.70226e+06,9.66056e+06,0,0,0,2.37082e+08,57.2297,61.3098,2.31824,0,0,2.07432,1.37729,0,1.56741,2.54016,8.62394e+06,3.61194e+06,1.78888e+07,0,0,0,6.44116e+07
85.1408,85.1408,3.81735,0.35,0.02,2.3286,3.02544,0,0.436269,6.16896,4.14971e+06,2.70226e+06,9.663e+06,0,0,0,2.37082e+08,57.117,61.3098,2.48801,0,0,2.07432,1.37748,0,1.60262,2.54016,8.62394e+06,3.61194e+06,1.78888e+07,0,0,0,6.44116e+07
85.1408,85.1408,3.47451,0.31,0.02,2.32918,3.02584,0,0.436379,6.16896,4.14971e+06,2.70226e+06,9.66543e+06,0,0,0,2.37082e+08,56.9778,61.3098,2.41727,0,0,2.07432,1.37766,0,1.60262,2.54016,8.62394e+06,3.61194e+06,1.78888e+07,0,0,0,6.44116e+07
84.9422,85.1408,2.56868,0.27,0.02,2.47333,3.1698,0,0.436489,6.16896,4.14971e+06,2.70226e+06,1.02636e+07,0,0,0,2.37082e+08,56.4696,61.3098,2.02824,0,0,2.14881,1.45234,0,1.60262,2.54016,8.62394e+06,3.61194e+06,1.85312e+07,0,0,0,6.44116e+07
84.6214,85.1408,2.48821,0.26,0.02,2.54843,3.17023,0,0.463502,6.16896,4.14971e+06,2.70226e+06,1.05752e+07,0,0,0,2.37082e+08,55.9032,61.3098,1.7008,0,0,2.07433,1.45253,0,1.66017,2.54016,8.62394e+06,3.61194e+06,1.78889e+07,0,0,0,6.44116e+07
84.0086,85.1408,2.17404,0.22,0.02,2.54905,3.17065,0,0.477576,6.16896,4.14971e+06,2.70226e+06,1.05778e+07,0,0,0,2.37082e+08,55.2463,61.3098,1.58616,0,0,2.07433,1.45273,0,1.60263,2.54016,8.62394e+06,3.61194e+06,1.78889e+07,0,0,0,6.44116e+07
83.3217,85.1408,2.04223,0.22,0.02,2.54966,3.17107,0,0.477691,6.16896,4.14971e+06,2.70226e+06,1.05804e+07,0,0,0,2.37082e+08,54.4654,61.3098,1.51602,0,0,2.07433,1.45292,0,1.60263,2.54016,8.62394e+06,3.61194e+06,1.78889e+07,0,0,0,6.44116e+07
82.38,85.1408,1.77468,0.2,0.02,2.55028,3.1715,0,0.477807,6.16896,4.14971e+06,2.70226e+06,1.05829e+07,0,0,0,2.37082e+08,53.6263,61.3098,1.43998,0,0,2.07433,1.45311,0,1.60263,2.54016,8.62394e+06,3.61194e+06,1.78889e+07,0,0,0,6.44116e+07
81.2345,85.1408,1.53014,0.2,0.02,2.52249,3.14351,0,0.477922,6.16896,4.14971e+06,2.70226e+06,1.04676e+07,0,0,0,2.37082e+08,52.7849,61.3098,1.41809,0,0,2.1153,1.49428,0,1.60263,2.54016,8.62394e+06,3.61194e+06,1.82422e+07,0,0,0,6.44116e+07
79.9626,85.1408,1.43119,0.19,0.02,2.56407,3.14393,0,0.472714,6.16896,4.14971e+06,2.70226e+06,1.06401e+07,0,0,0,2.37082e+08,51.8819,61.3098,1.36149,0,0,2.07434,1.49448,0,1.63428,2.54016,8.62394e+06,3.61194e+06,1.78889e+07,0,0,0,6.44116e+07
78.5707,85.1408,1.30283,0.19,0.02,2.56469,3.14435,0,0.480507,6.16896,4.14971e+06,2.70226e+06,1.06427e+07,0,0,0,2.37082e+08,50.8786,61.3098,1.29629,0,0,2.07434,1.49468,0,1.60263,2.54016,8.62394e+06,3.61194e+06,1.78889e+07,0,0,0,6.44116e+07
77.0818,85.1408,1.18377,0.22,0.02,2.56531,3.14477,0,0.480623,6.16896,4.14971e+06,2.70226e+06,1.06453e+07,0,0,0,2.37082e+08,49.7773,61.3098,1.19082,0,0,2.07434,1.49488,0,1.60263,2.54016,8.62394e+06,3.61194e+06,1.78889e+07,0,0,0,6.44116e+07
75.4285,85.1408,1.0472,0.2,0.02,2.63933,3.21859,0,0.480739,6.16896,4.14971e+06,2.70226e+06,1.09525e+07,0,0,0,2.37082e+08,48.851,61.3098,1.14831,0,0,2.11087,1.53161,0,1.60263,2.54016,8.62394e+06,3.61194e+06,1.8204e+07,0,0,0,6.44116e+07
73.9154,85.1408,1.21289,0.2,0.02,2.67649,3.21902,0,0.494611,6.16896,4.14971e+06,2.70226e+06,1.11067e+07,0,0,0,2.37082e+08,48.1194,61.3098,1.47413,0,0,2.07434,1.53181,0,1.63086,2.54016,8.62394e+06,3.61194e+06,1.7889e+07,0,0,0,6.44116e+07
72.3101,85.1408,1.09581,0.19,0.02,2.67713,3.21945,0,0.501575,6.16896,4.14971e+06,2.70226e+06,1.11093e+07,0,0,0,2.37082e+08,47.1455,61.3098,1.38887,0,0,2.07434,1.53202,0,1.60264,2.54016,8.62394e+06,3.61194e+06,1.7889e+07,0,0,0,6.44116e+07
70.6221,85.1408,0.998072,0.22,0.02,2.67776,3.21988,0,0.501693,6.16896,4.14971e+06,2.70226e+06,1.11119e+07,0,0,0,2.37082e+08,46.1732,61.3098,1.21516,0,0,2.07434,1.53222,0,1.60264,2.54016,8.62394e+06,3.61194e+06,1.7889e+07,0,0,0,6.44116e+07
68.6967,85.1408,0.923782,0.21,0.02,2.89347,3.43538,0,0.501812,6.16896,4.14971e+06,2.70226e+06,1.2007e+07,0,0,0,2.37082e+08,45.3315,61.3098,1.24978,0,0,2.20628,1.66436,0,1.60264,2.54016,8.62394e+06,3.61194e+06,1.90268e+07,0,0,0,6.44116e+07
66.7714,85.1408,1.02602,0.21,0.02,3.02606,3.43584,0,0.542235,6.16896,4.14971e+06,2.70226e+06,1.25573e+07,0,0,0,2.37082e+08,44.3571,61.3098,1.46161,0,0,2.07436,1.66458,0,1.70457,2.54016,8.62394e+06,3.61194e+06,1.78891e+07,0,0,0,6.44116e+07
64.6628,85.1408,0.83144,0.23,0.02,3.02674,3.4363,0,0.567084,6.16896,4.14971e+06,2.70226e+06,1.25601e+07,0,0,0,2.37082e+08,43.7084,61.3098,1.09751,0,0,2.07436,1.6648,0,1.60265,2.54016,8.62394e+06,3.61194e+06,1.78891e+07,0,0,0,6.44116e+07
62.7395,85.1408,0.988417,0.23,0.02,3.02742,3.43676,0,0.567212,6.16896,4.14971e+06,2.70226e+06,1.25629e+07,0,0,0,2.37082e+08,43.0455,61.3098,1.79937,0,0,2.07436,1.66503,0,1.60265,2.54016,8.62394e+06,3.61194e+06,1.78891e+07,0,0,0,6.44116e+07
60.6409,85.1408,0.81147,0.23,0.02,3.0281,3.43721,0,0.567339,6.16896,4.14971e+06,2.70226e+06,1.25657e+07,0,0,0,2.37082e+08,42.1714,61.3098,1.36747,0,0,2.07436,1.66525,0,1.60265,2.54016,8.62394e+06,3.61194e+06,1.78891e+07,0,0,0,6.44116e+07
58.4805,85.1408,0.679062,0.26,0.02,2.9239,3.33279,0,0.567467,6.16896,4.14971e+06,2.70226e+06,1.21333e+07,0,0,0,2.37082e+08,41.1116,61.3098,1.23496,0,0,1.99423,1.58534,0,1.60265,2.54016,8.62394e+06,3.61194e+06,1.71981e+07,0,0,0,6.44116e+07
56.317,85.1408,0.583771,0.26,0.02,2.84443,3.33323,0,0.547938,6.16896,4.14971e+06,2.70226e+06,1.18036e+07,0,0,0,2.37082e+08,40.1865,61.3098,1.06389,0,0,2.07435,1.58555,0,1.54074,2.54016,8.62394e+06,3.61194e+06,1.7889e+07,0,0,0,6.44116e+07
54.3806,85.1408,0.792429,0.3,0.02,2.84509,3.33367,0,0.533046,6.16896,4.14971e+06,2.70226e+06,1.18063e+07,0,0,0,2.37082e+08,39.4936,61.3098,1.3945,0,0,2.07435,1.58576,0,1.60264,2.54016,8.62394e+06,3.61194e+06,1.7889e+07,0,0,0,6.44116e+07
52.8162,85.1408,1.1753,0.3,0.02,2.84574,3.33412,0,0.533169,6.16896,4.14971e+06,2.70226e+06,1.1809e+07,0,0,0,2.37082e+08,38.8352,61.3098,1.57277,0,0,2.07435,1.58597,0,1.60264,2.54016,8.62394e+06,3.61194e+06,1.7889e+07,0,0,0,6.44116e+07
51.3387,85.1408,1.21704,0.3,0.02,2.76026,3.24842,0,0.533292,6.16896,4.14971e+06,2.70226e+06,1.14543e+07,0,0,0,2.37082e+08,37.6335,61.3098,1.41319,0,0,2.00137,1.5132,0,1.60264,2.54016,8.62394e+06,3.61194e+06,1.72597e+07,0,0,0,6.44116e+07
49.6825,85.1408,0.951484,0.31,0.02,2.68792,3.24886,0,0.517273,6.16896,4.14971e+06,2.70226e+06,1.11541e+07,0,0,0,2.37082e+08,36.9369,61.3098,0.681182,0,0,2.07434,1.51341,0,1.54626,2.54016,8.62394e+06,3.61194e+06,1.7889e+07,0,0,0,6.44116e+07
49.3536,85.1408,2.30159,0.36,0.02,2.68856,3.24929,0,0.503717,6.16896,4.14971e+06,2.70226e+06,1.11567e+07,0,0,0,2.37082e+08,36.6744,61.3098,1.85783,0,0,2.07434,1.51361,0,1.60263,2.54016,8.62394e+06,3.61194e+06,1.7889e+07,0,0,0,6.44116e+07
49.884,85.1408,3.21762,0.36,0.02,2.6892,3.24972,0,0.503836,6.16896,4.14971e+06,2.70226e+06,1.11594e+07,0,0,0,2.37082e+08,36.6432,61.3098,3.08464,0,0,2.07434,1.51381,0,1.60263,2.54016,8.62394e+06,3.61194e+06,1.7889e+07,0,0,0,6.44116e+07
50.18,85.1408,2.83595,0.38,0.02,2.44506,3.00538,0,0.503955,6.16896,4.14971e+06,2.70226e+06,1.01463e+07,0,0,0,2.37082e+08,36.827,61.3098,3.10898,0,0,1.92226,1.36193,0,1.60263,2.54016,8.62394e+06,3.61194e+06,1.65775e+07,0,0,0,6.44116e+07
51.2234,85.1408,3.3704,0.41,0.02,2.02536,3.00578,0,0.458204,6.16896,4.14971e+06,3.40773e+06,8.40465e+06,0,0,0,2.37082e+08,37.205,61.3098,3.56906,0,0,1.95277,1.36212,0,1.48514,2.54016,8.62394e+06,4.5549e+06,1.68406e+07,0,0,0,6.44116e+07
53.2545,85.1408,4.58363,0.37,0.02,2.29416,3.00619,0,0.379552,6.16896,4.14971e+06,2.70226e+06,9.52011e+06,0,0,0,2.37082e+08,37.7194,61.3098,3.75506,0,0,2.07432,1.3623,0,1.50871,2.54016,8.62394e+06,3.61194e+06,1.78888e+07,0,0,0,6.44116e+07
55.7996,85.1408,5.09665,0.42,0.02,2.02645,3.00659,0,0.429926,6.16896,4.14971e+06,3.40773e+06,8.40919e+06,0,0,0,2.37082e+08,40.7327,61.3098,8.24447,0,0,1.95274,1.36248,0,1.60262,2.54016,8.62394e+06,4.5549e+06,1.68403e+07,0,0,0,6.44116e+07
58.7248,85.1408,5.39838,0.48,0.02,2.027,3.00699,0,0.379757,6.16896,4.14971e+06,3.40773e+06,8.41145e+06,0,0,0,2.37082e+08,42.2372,61.3098,5.45477,0,0,1.95272,1.36266,0,1.50868,2.54016,8.62394e+06,4.5549e+06,1.68401e+07,0,0,0,6.44116e+07
61.7995,85.1408,5.84362,0.43,0.02,2.11334,3.10159,0,0.37986,6.16896,4.14971e+06,3.40773e+06,8.76975e+06,0,0,0,2.37082e+08,43.7505,61.3098,6.02872,0,0,1.99283,1.4069,0,1.50867,2.54016,8.62394e+06,4.5549e+06,1.71861e+07,0,0,0,6.44116e+07
63.9378,85.1408,4.86006,0.45,0.02,2.15794,3.10198,0,0.39604,6.16896,4.14971e+06,3.40773e+06,8.95481e+06,0,0,0,2.37082e+08,44.6623,61.3098,5.01055,0,0,1.94875,1.40708,0,1.53966,2.54016,8.62394e+06,4.5549e+06,1.68059e+07,0,0,0,6.44116e+07
65.2672,85.1408,3.99516,0.4,0.02,2.15847,3.10237,0,0.404397,6.16896,4.14971e+06,3.40773e+06,8.957e+06,0,0,0,2.37082e+08,45.1684,61.3098,3.85306,0,0,1.94874,1.40725,0,1.5056,2.54016,8.62394e+06,4.5549e+06,1.68058e+07,0,0,0,6.44116e+07
67.5873,85.1408,5.13452,0.4,0.02,2.159,3.10275,0,0.404497,6.16896,4.14971e+06,3.40773e+06,8.9592e+06,0,0,0,2.37082e+08,45.6735,61.3098,4.05148,0,0,1.94872,1.40743,0,1.50559,2.54016,8.62394e+06,4.5549e+06,1.68056e+07,0,0,0,6.44116e+07
67.9885,85.1408,3.32099,0.41,0.02,2.43519,3.40581,0,0.404596,6.16896,4.14971e+06,3.40773e+06,1.01053e+07,0,0,0,2.37082e+08,45.9592,61.3098,3.29612,0,0,2.09944,1.57311,0,1.50558,2.54016,8.62394e+06,4.5549e+06,1.81054e+07,0,0,0,6.44116e+07
69.4252,85.1408,4.57444,0.44,0.02,2.60126,3.40624,0,0.456355,6.16896,4.14971e+06,3.40773e+06,1.07945e+07,0,0,0,2.37082e+08,46.4598,61.3098,3.78579,0,0,1.93394,1.57331,0,1.62203,2.54016,8.62394e+06,4.5549e+06,1.66782e+07,0,0,0,6.44116e+07
72.2624,85.1408,6.42062,0.39,0.02,2.84504,3.40667,0,0.487476,6.16896,4.14971e+06,2.83978e+06,1.18061e+07,0,0,0,2.37082e+08,47.3846,61.3098,4.49914,0,0,2.04625,1.57351,0,1.49416,2.54016,8.62394e+06,3.79575e+06,1.76467e+07,0,0,0,6.44116e+07
73.1873,85.1408,4.08967,0.42,0.02,2.60243,3.40709,0,0.533161,6.16896,4.14971e+06,3.40773e+06,1.07993e+07,0,0,0,2.37082e+08,47.8432,61.3098,3.51577,0,0,1.9339,1.5737,0,1.58093,2.54016,8.62394e+06,4.5549e+06,1.66779e+07,0,0,0,6.44116e+07
75.6694,85.1408,5.3645,0.42,0.02,2.20963,2.97559,0,0.487695,6.16896,4.14971e+06,3.40773e+06,9.16933e+06,0,0,0,2.37082e+08,48.7335,61.3098,5.10724,0,0,1.73149,1.35168,0,1.49413,2.54016,8.62394e+06,4.5549e+06,1.49323e+07,0,0,0,6.44116e+07
77.2185,85.1408,4.52542,0.39,0.02,2.2004,2.97597,0,0.414085,6.16896,4.14971e+06,2.83978e+06,9.131e+06,0,0,0,2.37082e+08,49.3479,61.3098,4.16748,0,0,2.05018,1.35185,0,1.33775,2.54016,8.62394e+06,3.79575e+06,1.76806e+07,0,0,0,6.44116e+07
77.6277,85.1408,3.12385,0.42,0.02,1.98846,2.97634,0,0.412354,6.16896,4.14971e+06,3.40773e+06,8.25151e+06,0,0,0,2.37082e+08,49.5126,61.3098,3.24908,0,0,1.95366,1.35202,0,1.58397,2.54016,8.62394e+06,4.5549e+06,1.68482e+07,0,0,0,6.44116e+07
79.0913,85.1408,4.12567,0.47,0.02,1.98896,2.97671,0,0.372637,6.16896,4.14971e+06,3.40773e+06,8.25362e+06,0,0,0,2.37082e+08,49.905,61.3098,3.85902,0,0,1.95364,1.35219,0,1.5094,2.54016,8.62394e+06,4.5549e+06,1.68481e+07,0,0,0,6.44116e+07
80.4912,85.1408,4.14717,0.49,0.02,1.98947,2.97708,0,0.372732,6.16896,4.14971e+06,3.40773e+06,8.25573e+06,0,0,0,2.37082e+08,50.253,61.3098,3.97664,0,0,1.95363,1.35236,0,1.50938,2.54016,8.62394e+06,4.5549e+06,1.6848e+07,0,0,0,6.44116e+07
82.0573,85.1408,4.2968,0.41,0.02,2.08906,3.08625,0,0.372827,6.16896,4.14971e+06,3.40773e+06,8.669e+06,0,0,0,2.37082e+08,50.1935,61.3098,2.593,0,0,2.00316,1.40692,0,1.50937,2.54016,8.62394e+06,4.5549e+06,1.72751e+07,0,0,0,6.44116e+07
84.0368,85.1408,4.78347,0.44,0.02,2.14398,3.08663,0,0.39149,6.16896,4.14971e+06,3.40773e+06,8.89689e+06,0,0,0,2.37082e+08,51.0434,61.3098,4.73945,0,0,1.94875,1.4071,0,1.54764,2.54016,8.62394e+06,4.5549e+06,1.68059e+07,0,0,0,6.44116e+07
85.1408,85.1408,4.11134,0.45,0.02,2.14451,3.08702,0,0.401782,6.16896,4.14971e+06,3.40773e+06,8.89908e+06,0,0,0,2.37082e+08,51.9074,61.3098,5.33479,0,0,1.94873,1.40727,0,1.5056,2.54016,8.62394e+06,4.5549e+06,1.68058e+07,0,0,0,6.44116e+07
85.1408,85.1408,2.97102,0.45,0.02,2.14504,3.0874,0,0.401881,6.16896,4.14971e+06,3.40773e+06,8.90127e+06,0,0,0,2.37082e+08,52.2331,61.3098,3.78517,0,0,1.94872,1.40745,0,1.50559,2.54016,8.62394e+06,4.5549e+06,1.68056e+07,0,0,0,6.44116e+07
85.1079,85.1408,2.60969,0.42,0.02,2.1068,3.04523,0,0.40198,6.16896,4.14971e+06,3.40773e+06,8.74262e+06,0,0,0,2.37082e+08,52.3402,61.3098,3.19534,0,0,1.92945,1.38649,0,1.50558,2.54016,8.62394e+06,4.5549e+06,1.66395e+07,0,0,0,6.44116e+07
85.0402,85.1408,2.71704,0.39,0.02,2.30361,3.04561,0,0.394815,6.16896,4.14971e+06,2.83978e+06,9.55931e+06,0,0,0,2.37082e+08,52.4108,61.3098,2.96448,0,0,2.04956,1.38666,0,1.49069,2.54016,8.62394e+06,3.79575e+06,1.76753e+07,0,0,0,6.44116e+07
84.6899,85.1408,2.40613,0.37,0.02,2.35852,3.046,0,0.431697,6.16896,4.14971e+06,2.70226e+06,9.78717e+06,0,0,0,2.37082e+08,52.391,61.3098,2.72883,0,0,2.07431,1.38683,0,1.58349,2.54016,8.62394e+06,3.61194e+06,1.78887e+07,0,0,0,6.44116e+07
84.1626,85.1408,2.20837,0.33,0.02,2.35908,3.04638,0,0.441987,6.16896,4.14971e+06,2.70226e+06,9.78947e+06,0,0,0,2.37082e+08,52.4,61.3098,2.94121,0,0,2.07431,1.38701,0,1.60261,2.54016,8.62394e+06,3.61194e+06,1.78887e+07,0,0,0,6.44116e+07
83.3586,85.1408,2.05964,0.3,0.02,2.50416,3.19129,0,0.442091,6.16896,4.14971e+06,2.70226e+06,1.03915e+07,0,0,0,2.37082e+08,52.3669,61.3098,2.69482,0,0,2.14931,1.46218,0,1.60261,2.54016,8.62394e+06,3.61194e+06,1.85355e+07,0,0,0,6.44116e+07
82.3425,85.1408,1.88456,0.29,0.02,2.57973,3.19169,0,0.469279,6.16896,4.14971e+06,2.70226e+06,1.07051e+07,0,0,0,2.37082e+08,52.1782,61.3098,2.25937,0,0,2.07432,1.46236,0,1.66056,2.54016,8.62394e+06,3.61194e+06,1.78888e+07,0,0,0,6.44116e+07
81.1646,85.1408,1.64888,0.24,0.02,2.58031,3.19209,0,0.483441,6.16896,4.14971e+06,2.70226e+06,1.07075e+07,0,0,0,2.37082e+08,51.9454,61.3098,2.22509,0,0,2.07432,1.46255,0,1.60262,2.54016,8.62394e+06,3.61194e+06,1.78888e+07,0,0,0,6.44116e+07
79.9751,85.1408,1.62659,0.24,0.02,2.58089,3.19248,0,0.48355,6.16896,4.14971e+06,2.70226e+06,1.071e+07,0,0,0,2.37082e+08,51.7608,61.3098,2.24338,0,0,2.07432,1.46273,0,1.60262,2.54016,8.62394e+06,3.61194e+06,1.78888e+07,0,0,0,6.44116e+07
78.848,85.1408,1.66913,0.22,0.02,2.58148,3.19288,0,0.48366,6.16896,4.14971e+06,2.70226e+06,1.07124e+07,0,0,0,2.37082e+08,51.5318,61.3098,2.15691,0,0,2.07432,1.46291,0,1.60262,2.54016,8.62394e+06,3.61194e+06,1.78888e+07,0,0,0,6.44116e+07
78.0303,85.1408,1.93105,0.28,0.02,2.55346,3.16468,0,0.483769,6.16896,4.14971e+06,2.70226e+06,1.05961e+07,0,0,0,2.37082e+08,51.2601,61.3098,2.10082,0,0,2.11557,1.50434,0,1.60262,2.54016,8.62394e+06,3.61194e+06,1.82445e+07,0,0,0,6.44116e+07
77.0282,85.1408,1.77466,0.24,0.02,2.59528,3.16508,0,0.478518,6.16896,4.14971e+06,2.70226e+06,1.07697e+07,0,0,0,2.37082e+08,50.9679,61.3098,2.11288,0,0,2.07432,1.50453,0,1.63449,2.54016,8.62394e+06,3.61194e+06,1.78888e+07,0,0,0,6.44116e+07
75.8903,85.1408,1.62528,0.24,0.02,2.59587,3.16547,0,0.486356,6.16896,4.14971e+06,2.70226e+06,1.07721e+07,0,0,0,2.37082e+08,50.6375,61.3098,1.85491,0,0,2.07432,1.50472,0,1.60262,2.54016,8.62394e+06,3.61194e+06,1.78888e+07,0,0,0,6.44116e+07
74.6559,85.1408,1.49163,0.24,0.02,2.59645,3.16587,0,0.486466,6.16896,4.14971e+06,2.70226e+06,1.07745e+07,0,0,0,2.37082e+08,50.0669,61.3098,1.82585,0,0,2.07432,1.50491,0,1.60262,2.54016,8.62394e+06,3.61194e+06,1.78888e+07,0,0,0,6.44116e+07
73.286,85.1408,1.38317,0.22,0.02,2.67093,3.24016,0,0.486575,6.16896,4.14971e+06,2.70226e+06,1.10836e+07,0,0,0,2.37082e+08,49.5902,61.3098,1.68051,0,0,2.1111,1.54187,0,1.60262,2.54016,8.62394e+06,3.61194e+06,1.8206e+07,0,0,0,6.44116e+07
71.8444,85.1408,1.35903,0.26,0.02,2.7083,3.24057,0,0.500532,6.16896,4.14971e+06,2.70226e+06,1.12387e+07,0,0,0,2.37082e+08,49.0919,61.3098,1.72898,0,0,2.07433,1.54206,0,1.63104,2.54016,8.62394e+06,3.61194e+06,1.78889e+07,0,0,0,6.44116e+07
70.3338,85.1408,1.25726,0.24,0.02,2.7089,3.24097,0,0.507536,6.16896,4.14971e+06,2.70226e+06,1.12411e+07,0,0,0,2.37082e+08,48.3767,61.3098,1.66962,0,0,2.07433,1.54226,0,1.60263,2.54016,8.62394e+06,3.61194e+06,1.78889e+07,0,0,0,6.44116e+07
68.7301,85.1408,1.14478,0.24,0.02,2.7095,3.24138,0,0.507648,6.16896,4.14971e+06,2.70226e+06,1.12436e+07,0,0,0,2.37082e+08,47.8977,61.3098,1.46361,0,0,2.07433,1.54245,0,1.60263,2.54016,8.62394e+06,3.61194e+06,1.78889e+07,0,0,0,6.44116e+07
66.9539,85.1408,1.1308,0.23,0.02,2.9266,3.45829,0,0.50776,6.16896,4.14971e+06,2.70226e+06,1.21445e+07,0,0,0,2.37082e+08,47.226,61.3098,1.84572,0,0,2.20714,1.67546,0,1.60263,2.54016,8.62394e+06,3.61194e+06,1.90343e+07,0,0,0,6.44116e+07
64.7181,85.1408,0.765316,0.26,0.02,3.06004,3.45872,0,0.548445,6.16896,4.14971e+06,2.70226e+06,1.26983e+07,0,0,0,2.37082e+08,46.4154,61.3098,1.40576,0,0,2.07435,1.67567,0,1.70524,2.54016,8.62394e+06,3.61194e+06,1.7889e+07,0,0,0,6.44116e+07
62.5191,85.1408,0.774872,0.25,0.02,3.06068,3.45915,0,0.573452,6.16896,4.14971e+06,2.70226e+06,1.27009e+07,0,0,0,2.37082e+08,45.786,61.3098,1.34788,0,0,2.07435,1.67588,0,1.60264,2.54016,8.62394e+06,3.61194e+06,1.7889e+07,0,0,0,6.44116e+07
60.6892,85.1408,1.14251,0.25,0.02,3.06132,3.45958,0,0.573572,6.16896,4.14971e+06,2.70226e+06,1.27036e+07,0,0,0,2.37082e+08,45.2658,61.3098,1.61573,0,0,2.07435,1.67609,0,1.60264,2.54016,8.62394e+06,3.61194e+06,1.7889e+07,0,0,0,6.44116e+07
59.2611,85.1408,1.57186,0.27,0.02,3.06197,3.46002,0,0.573692,6.16896,4.14971e+06,2.70226e+06,1.27063e+07,0,0,0,2.37082e+08,44.9359,61.3098,1.79129,0,0,2.07435,1.6763,0,1.60264,2.54016,8.62394e+06,3.61194e+06,1.7889e+07,0,0,0,6.44116e+07
57.4144,85.1408,1.01683,0.28,0.02,2.95703,3.35487,0,0.573813,6.16896,4.14971e+06,2.70226e+06,1.22708e+07,0,0,0,2.37082e+08,44.7627,61.3098,2.97002,0,0,1.99368,1.59584,0,1.60264,2.54016,8.62394e+06,3.61194e+06,1.71934e+07,0,0,0,6.44116e+07
55.507,85.1408,0.870662,0.28,0.02,2.87699,3.35529,0,0.554147,6.16896,4.14971e+06,2.70226e+06,1.19387e+07,0,0,0,2.37082e+08,44.1829,61.3098,1.58338,0,0,2.07434,1.59604,0,1.54032,2.54016,8.62394e+06,3.61194e+06,1.78889e+07,0,0,0,6.44116e+07
53.7373,85.1408,1.01404,0.32,0.02,2.87761,3.35571,0,0.539148,6.16896,4.14971e+06,2.70226e+06,1.19412e+07,0,0,0,2.37082e+08,43.7886,61.3098,1.61863,0,0,2.07434,1.59624,0,1.60263,2.54016,8.62394e+06,3.61194e+06,1.78889e+07,0,0,0,6.44116e+07
53.6597,85.1408,2.87829,0.32,0.02,2.87823,3.35613,0,0.539264,6.16896,4.14971e+06,2.70226e+06,1.19438e+07,0,0,0,2.37082e+08,44.2083,61.3098,3.06762,0,0,2.07434,1.59644,0,1.60263,2.54016,8.62394e+06,3.61194e+06,1.78889e+07,0,0,0,6.44116e+07
52.7356,85.1408,1.90437,0.32,0.02,2.79214,3.26984,0,0.53938,6.16896,4.14971e+06,2.70226e+06,1.15866e+07,0,0,0,2.37082e+08,43.4924,61.3098,2.22701,0,0,2.00087,1.52318,0,1.60263,2.54016,8.62394e+06,3.61194e+06,1.72554e+07,0,0,0,6.44116e+07
51.5922,85.1408,1.59857,0.33,0.02,2.71929,3.27025,0,0.523247,6.16896,4.14971e+06,2.70226e+06,1.12843e+07,0,0,0,2.37082e+08,43.0436,61.3098,1.05493,0,0,2.07433,1.52337,0,1.54588,2.54016,8.62394e+06,3.61194e+06,1.78889e+07,0,0,0,6.44116e+07
52.0305,85.1408,3.22248,0.35,0.02,2.71989,3.27066,0,0.509595,6.16896,4.14971e+06,2.70226e+06,1.12867e+07,0,0,0,2.37082e+08,43.1019,61.3098,2.49778,0,0,2.07433,1.52356,0,1.60262,2.54016,8.62394e+06,3.61194e+06,1.78889e+07,0,0,0,6.44116e+07
55.5063,85.1408,6.40936,0.34,0.02,2.72049,3.27106,0,0.509707,6.16896,4.14971e+06,2.70226e+06,1.12892e+07,0,0,0,2.37082e+08,44.0135,61.3098,5.19085,0,0,2.07433,1.52375,0,1.60262,2.54016,8.62394e+06,3.61194e+06,1.78889e+07,0,0,0,6.44116e+07
57.0153,85.1408,4.17824,0.34,0.02,2.47471,3.02509,0,0.509819,6.16896,4.14971e+06,2.70226e+06,1.02693e+07,0,0,0,2.37082e+08,44.1418,61.3098,2.60774,0,0,1.92125,1.37087,0,1.60262,2.54016,8.62394e+06,3.61194e+06,1.65688e+07,0,0,0,6.44116e+07
60.1481,85.1408,5.80394,0.34,0.02,2.3222,3.02547,0,0.46376,6.16896,4.14971e+06,2.70226e+06,9.63646e+06,0,0,0,2.37082e+08,44.5147,61.3098,3.58497,0,0,2.07431,1.37104,0,1.48436,2.54016,8.62394e+06,3.61194e+06,1.78887e+07,0,0,0,6.44116e+07
61.3135,85.1408,3.9483,0.34,0.02,2.32275,3.02585,0,0.435181,6.16896,4.14971e+06,2.70226e+06,9.63874e+06,0,0,0,2.37082e+08,45.0161,61.3098,4.14457,0,0,2.07431,1.37121,0,1.60261,2.54016,8.62394e+06,3.61194e+06,1.78887e+07,0,0,0,6.44116e+07
62.8407,85.1408,4.26445,0.37,0.02,2.3233,3.02623,0,0.435284,6.16896,4.14971e+06,2.70226e+06,9.64102e+06,0,0,0,2.37082e+08,45.7513,61.3098,4.64856,0,0,2.07431,1.37138,0,1.60261,2.54016,8.62394e+06,3.61194e+06,1.78887e+07,0,0,0,6.44116e+07
64.3414,85.1408,4.28687,0.35,0.02,2.32385,3.02661,0,0.435387,6.16896,4.14971e+06,2.70226e+06,9.6433e+06,0,0,0,2.37082e+08,46.0736,61.3098,3.7336,0,0,2.07431,1.37155,0,1.60261,2.54016,8.62394e+06,3.61194e+06,1.78887e+07,0,0,0,6.44116e+07
66.9693,85.1408,5.2141,0.4,0.02,2.14064,3.1218,0,0.43549,6.16896,4.14971e+06,3.40773e+06,8.88303e+06,0,0,0,2.37082e+08,46.429,61.3098,3.37038,0,0,1.99229,1.41607,0,1.60261,2.54016,8.62394e+06,4.5549e+06,1.71814e+07,0,0,0,6.44116e+07
68.5478,85.1408,4.27655,0.4,0.02,2.18549,3.12216,0,0.401156,6.16896,4.14971e+06,3.40773e+06,9.06915e+06,0,0,0,2.37082e+08,46.6473,61.3098,2.97879,0,0,1.94792,1.41624,0,1.53924,2.54016,8.62394e+06,4.5549e+06,1.67988e+07,0,0,0,6.44116e+07
69.5083,85.1408,3.82433,0.37,0.02,2.46463,3.12253,0,0.409561,6.16896,4.14971e+06,2.70226e+06,1.02275e+07,0,0,0,2.37082e+08,46.7733,61.3098,2.78342,0,0,2.0743,1.4164,0,1.50497,2.54016,8.62394e+06,3.61194e+06,1.78886e+07,0,0,0,6.44116e+07
70.3479,85.1408,3.73435,0.39,0.02,2.40942,3.12289,0,0.461871,6.16896,4.14971e+06,2.83978e+06,9.99841e+06,0,0,0,2.37082e+08,46.7785,61.3098,2.45208,0,0,2.04902,1.41657,0,1.60261,2.54016,8.62394e+06,3.79575e+06,1.76706e+07,0,0,0,6.44116e+07
75.2933,85.1408,8.52288,0.39,0.02,2.70915,3.42789,0,0.451526,6.16896,4.14971e+06,2.83978e+06,1.12422e+07,0,0,0,2.37082e+08,47.4646,61.3098,5.42811,0,0,2.21262,1.58331,0,1.58307,2.54016,8.62394e+06,3.79575e+06,1.90815e+07,0,0,0,6.44116e+07
78.8474,85.1408,7.36396,0.36,0.02,2.93747,3.42829,0,0.507694,6.16896,4.14971e+06,2.70226e+06,1.21896e+07,0,0,0,2.37082e+08,47.9517,61.3098,4.29033,0,0,2.07432,1.58349,0,1.70947,2.54016,8.62394e+06,3.61194e+06,1.78888e+07,0,0,0,6.44116e+07
80.2972,85.1408,4.99082,0.37,0.02,2.93805,3.4287,0,0.550482,6.16896,4.14971e+06,2.70226e+06,1.21921e+07,0,0,0,2.37082e+08,48.0422,61.3098,2.95945,0,0,2.07432,1.58368,0,1.60262,2.54016,8.62394e+06,3.61194e+06,1.78888e+07,0,0,0,6.44116e+07
81.0322,85.1408,4.20837,0.31,0.02,2.93864,3.4291,0,0.550591,6.16896,4.14971e+06,2.70226e+06,1.21945e+07,0,0,0,2.37082e+08,48.1483,61.3098,3.29757,0,0,2.07432,1.58386,0,1.60262,2.54016,8.62394e+06,3.61194e+06,1.78888e+07,0,0,0,6.44116e+07
84.4226,85.1408,6.7084,0.33,0.02,2.50451,2.99479,0,0.550701,6.16896,4.14971e+06,2.70226e+06,1.0393e+07,0,0,0,2.37082e+08,51.0661,61.3098,7.99494,0,0,1.85067,1.3604,0,1.60262,2.54016,8.62394e+06,3.61194e+06,1.596e+07,0,0,0,6.44116e+07
85.1408,85.1408,7.60744,0.35,0.02,2.2814,2.99514,0,0.469346,6.16896,4.14971e+06,2.70226e+06,9.46713e+06,0,0,0,2.37082e+08,55.5882,61.3098,10.4107,0,0,2.07429,1.36056,0,1.42983,2.54016,8.62394e+06,3.61194e+06,1.78886e+07,0,0,0,6.44116e+07
85.1408,85.1408,7.80555,0.37,0.02,2.2819,2.99549,0,0.427534,6.16896,4.14971e+06,2.70226e+06,9.46924e+06,0,0,0,2.37082e+08,59.724,61.3098,10.8008,0,0,2.0743,1.36071,0,1.6026,2.54016,8.62394e+06,3.61194e+06,1.78886e+07,0,0,0,6.44116e+07
85.1408,85.1408,10.438,0.39,0.02,2.22895,2.99584,0,0.427629,6.16896,4.14971e+06,2.83978e+06,9.24948e+06,0,0,0,2.37082e+08,62.338,61.3098,12.0984,0,0,2.05001,1.36087,0,1.6026,2.54016,8.62394e+06,3.79575e+06,1.76791e+07,0,0,0,6.44116e+07
85.1408,85.1408,9.8072,0.43,0.02,2.01556,2.99619,0,0.417705,6.16896,4.14971e+06,3.40773e+06,8.36397e+06,0,0,0,2.37082e+08,62.338,61.3098,11.3642,0,0,1.95284,1.36103,0,1.58384,2.54016,8.62394e+06,4.5549e+06,1.68412e+07,0,0,0,6.44116e+07
85.1408,85.1408,7.36409,0.44,0.02,2.11575,3.10602,0,0.377715,6.16896,4.14971e+06,3.40773e+06,8.77975e+06,0,0,0,2.37082e+08,62.338,61.3098,8.90571,0,0,2.00269,1.41594,0,1.50877,2.54016,8.62394e+06,4.5549e+06,1.72711e+07,0,0,0,6.44116e+07
85.1408,85.1408,8.10544,0.48,0.02,2.17099,3.10639,0,0.396492,6.16896,4.14971e+06,3.40773e+06,9.00896e+06,0,0,0,2.37082e+08,62.338,61.3098,9.52635,0,0,1.94793,1.4161,0,1.54728,2.54016,8.62394e+06,4.5549e+06,1.67989e+07,0,0,0,6.44116e+07
85.1408,85.1408,5.75063,0.48,0.02,2.17148,3.10675,0,0.406843,6.16896,4.14971e+06,3.40773e+06,9.01102e+06,0,0,0,2.37082e+08,62.338,61.3098,7.5754,0,0,1.94792,1.41627,0,1.50497,2.54016,8.62394e+06,4.5549e+06,1.67987e+07,0,0,0,6.44116e+07
85.1408,85.1408,5.07633,0.5,0.02,2.17198,3.10711,0,0.406936,6.16896,4.14971e+06,3.40773e+06,9.01307e+06,0,0,0,2.37082e+08,62.338,61.3098,7.5053,0,0,1.94791,1.41643,0,1.50496,2.54016,8.62394e+06,4.5549e+06,1.67986e+07,0,0,0,6.44116e+07
85.1408,85.1408,4.66554,0.45,0.02,2.13347,3.06465,0,0.407029,6.16896,4.14971e+06,3.40773e+06,8.85326e+06,0,0,0,2.37082e+08,62.338,61.3098,4.55772,0,0,1.92852,1.39533,0,1.50495,2.54016,8.62394e+06,4.5549e+06,1.66314e+07,0,0,0,6.44116e+07
85.1408,85.1408,4.31895,0.43,0.02,2.11269,3.065,0,0.399812,6.16896,4.14971e+06,3.40773e+06,8.76703e+06,0,0,0,2.37082e+08,62.338,61.3098,3.86951,0,0,1.94977,1.39549,0,1.48997,2.54016,8.62394e+06,4.5549e+06,1.68147e+07,0,0,0,6.44116e+07
85.1408,85.1408,4.01349,0.42,0.02,2.11317,3.06536,0,0.395917,6.16896,4.14971e+06,3.40773e+06,8.76906e+06,0,0,0,2.37082e+08,62.338,61.3098,3.87772,0,0,1.94976,1.39565,0,1.50639,2.54016,8.62394e+06,4.5549e+06,1.68146e+07,0,0,0,6.44116e+07
85.1408,85.1408,3.85553,0.39,0.02,2.33252,3.06572,0,0.396009,6.16896,4.14971e+06,2.83978e+06,9.67928e+06,0,0,0,2.37082e+08,62.338,61.3098,4.74143,0,0,2.04939,1.39581,0,1.50638,2.54016,8.62394e+06,3.79575e+06,1.76738e+07,0,0,0,6.44116e+07
85.1408,85.1408,3.56266,0.34,0.02,2.5332,3.21152,0,0.437114,6.16896,4.14971e+06,2.70226e+06,1.0512e+07,0,0,0,2.37082e+08,62.338,61.3098,3.66127,0,0,2.14977,1.47145,0,1.58336,2.54016,8.62394e+06,3.61194e+06,1.85395e+07,0,0,0,6.44116e+07
85.1408,85.1408,3.13728,0.3,0.02,2.60921,3.2119,0,0.474722,6.16896,4.14971e+06,2.70226e+06,1.08275e+07,0,0,0,2.37082e+08,62.2333,61.3098,3.0395,0,0,2.07431,1.47162,0,1.66091,2.54016,8.62394e+06,3.61194e+06,1.78887e+07,0,0,0,6.44116e+07
85.0497,85.1408,2.86168,0.26,0.02,2.60976,3.21227,0,0.488967,6.16896,4.14971e+06,2.70226e+06,1.08297e+07,0,0,0,2.37082e+08,62.1185,61.3098,3.0324,0,0,2.07431,1.4718,0,1.60261,2.54016,8.62394e+06,3.61194e+06,1.78887e+07,0,0,0,6.44116e+07
84.9057,85.1408,2.80071,0.24,0.02,2.61031,3.21265,0,0.489069,6.16896,4.14971e+06,2.70226e+06,1.0832e+07,0,0,0,2.37082e+08,62.0664,61.3098,3.05217,0,0,2.07431,1.47197,0,1.60261,2.54016,8.62394e+06,3.61194e+06,1.78887e+07,0,0,0,6.44116e+07
84.6092,85.1408,2.63741,0.22,0.02,2.61085,3.21302,0,0.489172,6.16896,4.14971e+06,2.70226e+06,1.08343e+07,0,0,0,2.37082e+08,61.9236,61.3098,2.77517,0,0,2.07431,1.47214,0,1.60261,2.54016,8.62394e+06,3.61194e+06,1.78887e+07,0,0,0,6.44116e+07
84.3925,85.1408,2.62227,0.22,0.02,2.58262,3.18462,0,0.489274,6.16896,4.14971e+06,2.70226e+06,1.07171e+07,0,0,0,2.37082e+08,61.6392,61.3098,2.27982,0,0,2.11581,1.51382,0,1.60261,2.54016,8.62394e+06,3.61194e+06,1.82466e+07,0,0,0,6.44116e+07
83.9751,85.1408,2.4293,0.22,0.02,2.62467,3.18499,0,0.483983,6.16896,4.14971e+06,2.70226e+06,1.08916e+07,0,0,0,2.37082e+08,61.3439,61.3098,2.20441,0,0,2.07431,1.51399,0,1.63468,2.54016,8.62394e+06,3.61194e+06,1.78887e+07,0,0,0,6.44116e+07
83.4017,85.1408,2.25866,0.22,0.02,2.62522,3.18536,0,0.491863,6.16896,4.14971e+06,2.70226e+06,1.08939e+07,0,0,0,2.37082e+08,61.0517,61.3098,2.28874,0,0,2.07431,1.51417,0,1.60261,2.54016,8.62394e+06,3.61194e+06,1.78887e+07,0,0,0,6.44116e+07
82.765,85.1408,2.17982,0.21,0.02,2.62577,3.18573,0,0.491966,6.16896,4.14971e+06,2.70226e+06,1.08962e+07,0,0,0,2.37082e+08,60.5291,61.3098,2.20545,0,0,2.07431,1.51435,0,1.60261,2.54016,8.62394e+06,3.61194e+06,1.78887e+07,0,0,0,6.44116e+07
81.5661,85.1408,1.6322,0.21,0.02,2.70067,3.26046,0,0.492069,6.16896,4.14971e+06,2.70226e+06,1.1207e+07,0,0,0,2.37082e+08,59.8236,61.3098,1.49493,0,0,2.11132,1.55153,0,1.60261,2.54016,8.62394e+06,3.61194e+06,1.82079e+07,0,0,0,6.44116e+07
80.3717,85.1408,1.6742,0.21,0.02,2.73824,3.26084,0,0.506106,6.16896,4.14971e+06,2.70226e+06,1.13629e+07,0,0,0,2.37082e+08,59.2139,61.3098,1.59078,0,0,2.07432,1.55171,0,1.63121,2.54016,8.62394e+06,3.61194e+06,1.78888e+07,0,0,0,6.44116e+07
79.0458,85.1408,1.50956,0.21,0.02,2.7388,3.26122,0,0.513146,6.16896,4.14971e+06,2.70226e+06,1.13652e+07,0,0,0,2.37082e+08,58.3451,61.3098,1.53844,0,0,2.07432,1.55189,0,1.60262,2.54016,8.62394e+06,3.61194e+06,1.78888e+07,0,0,0,6.44116e+07
77.6008,85.1408,1.37544,0.22,0.02,2.73936,3.26161,0,0.513252,6.16896,4.14971e+06,2.70226e+06,1.13676e+07,0,0,0,2.37082e+08,57.651,61.3098,1.33032,0,0,2.07432,1.55208,0,1.60262,2.54016,8.62394e+06,3.61194e+06,1.78888e+07,0,0,0,6.44116e+07
76.0267,85.1408,1.40719,0.22,0.02,2.95778,3.47984,0,0.513357,6.16896,4.14971e+06,2.70226e+06,1.22739e+07,0,0,0,2.37082e+08,56.7689,61.3098,1.57293,0,0,2.20796,1.6859,0,1.60262,2.54016,8.62394e+06,3.61194e+06,1.90413e+07,0,0,0,6.44116e+07
74.1194,85.1408,1.15714,0.22,0.02,3.09201,3.48025,0,0.554288,6.16896,4.14971e+06,2.70226e+06,1.28309e+07,0,0,0,2.37082e+08,55.7972,61.3098,1.27818,0,0,2.07433,1.6861,0,1.70587,2.54016,8.62394e+06,3.61194e+06,1.78889e+07,0,0,0,6.44116e+07
72.2031,85.1408,1.12593,0.22,0.02,3.09261,3.48065,0,0.579443,6.16896,4.14971e+06,2.70226e+06,1.28334e+07,0,0,0,2.37082e+08,54.9673,61.3098,1.20355,0,0,2.07433,1.68629,0,1.60263,2.54016,8.62394e+06,3.61194e+06,1.78889e+07,0,0,0,6.44116e+07
70.7693,85.1408,1.60694,0.23,0.02,3.09322,3.48106,0,0.579556,6.16896,4.14971e+06,2.70226e+06,1.28359e+07,0,0,0,2.37082e+08,54.2734,61.3098,1.40889,0,0,2.07433,1.68649,0,1.60263,2.54016,8.62394e+06,3.61194e+06,1.78889e+07,0,0,0,6.44116e+07
69.9823,85.1408,2.33604,0.24,0.02,3.09382,3.48147,0,0.579669,6.16896,4.14971e+06,2.70226e+06,1.28384e+07,0,0,0,2.37082e+08,53.7789,61.3098,1.60953,0,0,2.07433,1.68669,0,1.60263,2.54016,8.62394e+06,3.61194e+06,1.78889e+07,0,0,0,6.44116e+07
68.9438,85.1408,1.90281,0.24,0.02,2.98819,3.37564,0,0.579782,6.16896,4.14971e+06,2.70226e+06,1.24001e+07,0,0,0,2.37082e+08,53.2341,61.3098,2.1431,0,0,1.99317,1.60572,0,1.60263,2.54016,8.62394e+06,3.61194e+06,1.7189e+07,0,0,0,6.44116e+07
68.2564,85.1408,2.19724,0.24,0.02,2.90762,3.37603,0,0.559986,6.16896,4.14971e+06,2.70226e+06,1.20658e+07,0,0,0,2.37082e+08,52.8129,61.3098,2.64137,0,0,2.07432,1.60591,0,1.53992,2.54016,8.62394e+06,3.61194e+06,1.78888e+07,0,0,0,6.44116e+07
67.5105,85.1408,2.16717,0.24,0.02,2.9082,3.37642,0,0.544887,6.16896,4.14971e+06,2.70226e+06,1.20682e+07,0,0,0,2.37082e+08,52.3902,61.3098,2.62652,0,0,2.07432,1.6061,0,1.60262,2.54016,8.62394e+06,3.61194e+06,1.78888e+07,0,0,0,6.44116e+07
67.0203,85.1408,2.582,0.26,0.02,2.90878,3.37682,0,0.544996,6.16896,4.14971e+06,2.70226e+06,1.20706e+07,0,0,0,2.37082e+08,52.2022,61.3098,3.33663,0,0,2.07432,1.60628,0,1.60262,2.54016,8.62394e+06,3.61194e+06,1.78888e+07,0,0,0,6.44116e+07
66.1412,85.1408,2.16365,0.26,0.02,2.82212,3.28997,0,0.545105,6.16896,4.14971e+06,2.70226e+06,1.1711e+07,0,0,0,2.37082e+08,52.1598,61.3098,3.08368,0,0,2.00041,1.53256,0,1.60262,2.54016,8.62394e+06,3.61194e+06,1.72514e+07,0,0,0,6.44116e+07
64.6667,85.1408,1.51999,0.26,0.02,2.74878,3.29036,0,0.528865,6.16896,4.14971e+06,2.70226e+06,1.14066e+07,0,0,0,2.37082e+08,52.282,61.3098,3.2112,0,0,2.07431,1.53274,0,1.54552,2.54016,8.62394e+06,3.61194e+06,1.78888e+07,0,0,0,6.44116e+07
63.6547,85.1408,1.89899,0.26,0.02,2.74934,3.29074,0,0.515121,6.16896,4.14971e+06,2.70226e+06,1.1409e+07,0,0,0,2.37082e+08,52.6027,61.3098,3.81719,0,0,2.07431,1.53292,0,1.60262,2.54016,8.62394e+06,3.61194e+06,1.78888e+07,0,0,0,6.44116e+07
68.0772,85.1408,7.59684,0.28,0.02,2.7499,3.29112,0,0.515226,6.16896,4.14971e+06,2.70226e+06,1.14113e+07,0,0,0,2.37082e+08,53.901,61.3098,6.38999,0,0,2.07432,1.53309,0,1.60262,2.54016,8.62394e+06,3.61194e+06,1.78888e+07,0,0,0,6.44116e+07
69.2382,85.1408,4.08716,0.28,0.02,2.50258,3.04362,0,0.515332,6.16896,4.14971e+06,2.70226e+06,1.0385e+07,0,0,0,2.37082e+08,54.4971,61.3098,4.72477,0,0,1.9203,1.37926,0,1.60262,2.54016,8.62394e+06,3.61194e+06,1.65606e+07,0,0,0,6.44116e+07
69.981,85.1408,3.48632,0.26,0.02,2.3491,3.04397,0,0.468983,6.16896,4.14971e+06,2.70226e+06,9.74808e+06,0,0,0,2.37082e+08,54.17,61.3098,2.5844,0,0,2.0743,1.37942,0,1.48363,2.54016,8.62394e+06,3.61194e+06,1.78886e+07,0,0,0,6.44116e+07
71.2528,85.1408,4.0452,0.3,0.02,2.34962,3.04433,0,0.440221,6.16896,4.14971e+06,2.70226e+06,9.75022e+06,0,0,0,2.37082e+08,54.3715,61.3098,3.23416,0,0,2.0743,1.37958,0,1.6026,2.54016,8.62394e+06,3.61194e+06,1.78886e+07,0,0,0,6.44116e+07
74.3241,85.1408,6.16638,0.32,0.02,2.35013,3.04469,0,0.440318,6.16896,4.14971e+06,2.70226e+06,9.75236e+06,0,0,0,2.37082e+08,55.0779,61.3098,5.35709,0,0,2.0743,1.37974,0,1.6026,2.54016,8.62394e+06,3.61194e+06,1.78886e+07,0,0,0,6.44116e+07
76.6898,85.1408,5.23925,0.3,0.02,2.35065,3.04504,0,0.440415,6.16896,4.14971e+06,2.70226e+06,9.75451e+06,0,0,0,2.37082e+08,55.1336,61.3098,4.14767,0,0,2.0743,1.37991,0,1.6026,2.54016,8.62394e+06,3.61194e+06,1.78886e+07,0,0,0,6.44116e+07
80.4041,85.1408,7.01215,0.31,0.02,2.44656,3.14079,0,0.440512,6.16896,4.14971e+06,2.70226e+06,1.01525e+07,0,0,0,2.37082e+08,56.2626,61.3098,5.31549,0,0,2.11891,1.42468,0,1.6026,2.54016,8.62394e+06,3.61194e+06,1.82734e+07,0,0,0,6.44116e+07
85.1408,85.1408,8.92726,0.28,0.04,2.49168,3.14113,0,0.458485,6.16896,4.14971e+06,2.70226e+06,1.03397e+07,0,0,0,2.37082e+08,58.6888,61.3098,7.99111,0,0,2.07429,1.42484,0,1.63707,2.54016,8.62394e+06,3.61194e+06,1.78886e+07,0,0,0,6.44116e+07
85.1408,85.1408,13.6989,0.29,0.04,2.49218,3.14147,0,0.466941,6.16896,4.14971e+06,2.70226e+06,1.03418e+07,0,0,0,2.37082e+08,62.338,61.3098,10.6317,0,0,2.07429,1.42499,0,1.6026,2.54016,8.62394e+06,3.61194e+06,1.78886e+07,0,0,0,6.44116e+07
85.1408,85.1408,11.9383,0.31,0.04,2.49267,3.14181,0,0.467034,6.16896,4.14971e+06,2.70226e+06,1.03439e+07,0,0,0,2.37082e+08,62.338,61.3098,11.2233,0,0,2.07429,1.42515,0,1.6026,2.54016,8.62394e+06,3.61194e+06,1.78886e+07,0,0,0,6.44116e+07
85.1408,85.1408,7.22742,0.34,0.04,2.79965,3.44863,0,0.467127,6.16896,4.14971e+06,2.70226e+06,1.16177e+07,0,0,0,2.37082e+08,62.338,61.3098,8.69975,0,0,2.24188,1.59289,0,1.6026,2.54016,8.62394e+06,3.61194e+06,1.93338e+07,0,0,0,6.44116e+07
85.1408,85.1408,5.53831,0.34,0.04,2.96776,3.44901,0,0.524654,6.16896,4.14971e+06,2.70226e+06,1.23153e+07,0,0,0,2.37082e+08,62.338,61.3098,6.38558,0,0,2.07431,1.59306,0,1.73207,2.54016,8.62394e+06,3.61194e+06,1.78887e+07,0,0,0,6.44116e+07
85.1408,85.1408,6.99369,0.33,0.04,2.96831,3.44939,0,0.556159,6.16896,4.14971e+06,2.70226e+06,1.23176e+07,0,0,0,2.37082e+08,62.338,61.3098,7.83907,0,0,2.07431,1.59324,0,1.60261,2.54016,8.62394e+06,3.61194e+06,1.78887e+07,0,0,0,6.44116e+07
85.1408,85.1408,10.4717,0.34,0.04,2.96886,3.44976,0,0.556262,6.16896,4.14971e+06,2.70226e+06,1.23199e+07,0,0,0,2.37082e+08,62.338,61.3098,9.81928,0,0,2.07431,1.59341,0,1.60261,2.54016,8.62394e+06,3.61194e+06,1.78887e+07,0,0,0,6.44116e+07
85.1408,85.1408,4.80812,0.34,0.04,2.53208,3.01281,0,0.556364,6.16896,4.14971e+06,2.70226e+06,1.05074e+07,0,0,0,2.37082e+08,62.338,61.3098,4.57374,0,0,1.84931,1.36858,0,1.60261,2.54016,8.62394e+06,3.61194e+06,1.59483e+07,0,0,0,6.44116e+07
85.1408,85.1408,5.8506,0.35,0.04,2.30758,3.01314,0,0.474512,6.16896,4.14971e+06,2.70226e+06,9.5758e+06,0,0,0,2.37082e+08,62.338,61.3098,4.2634,0,0,2.07428,1.36873,0,1.42878,2.54016,8.62394e+06,3.61194e+06,1.78885e+07,0,0,0,6.44116e+07
85.1408,85.1408,8.36345,0.38,0.04,2.30806,3.01346,0,0.432441,6.16896,4.14971e+06,2.70226e+06,9.57778e+06,0,0,0,2.37082e+08,62.338,61.3098,6.83564,0,0,2.07429,1.36888,0,1.60259,2.54016,8.62394e+06,3.61194e+06,1.78885e+07,0,0,0,6.44116e+07
85.1408,85.1408,7.46248,0.41,0.04,2.0396,3.01379,0,0.432531,6.16896,4.14971e+06,3.40773e+06,8.46375e+06,0,0,0,2.37082e+08,62.338,61.3098,7.18622,0,0,1.95212,1.36903,0,1.60259,2.54016,8.62394e+06,4.5549e+06,1.6835e+07,0,0,0,6.44116e+07
85.1408,85.1408,5.81592,0.43,0.04,2.04005,3.01412,0,0.382221,6.16896,4.14971e+06,3.40773e+06,8.4656e+06,0,0,0,2.37082e+08,62.338,61.3098,4.51066,0,0,1.95211,1.36918,0,1.50821,2.54016,8.62394e+06,4.5549e+06,1.68348e+07,0,0,0,6.44116e+07
85.1408,85.1408,5.13143,0.47,0.04,2.14081,3.12459,0,0.382305,6.16896,4.14971e+06,3.40773e+06,8.88373e+06,0,0,0,2.37082e+08,62.338,61.3098,3.48604,0,0,2.00225,1.4244,0,1.5082,2.54016,8.62394e+06,4.5549e+06,1.72673e+07,0,0,0,6.44116e+07
85.1408,85.1408,4.23087,0.49,0.04,2.19634,3.12493,0,0.401188,6.16896,4.14971e+06,3.40773e+06,9.11417e+06,0,0,0,2.37082e+08,62.338,61.3098,5.60198,0,0,1.94717,1.42456,0,1.54694,2.54016,8.62394e+06,4.5549e+06,1.67923e+07,0,0,0,6.44116e+07
85.1408,85.1408,4.44563,0.51,0.04,2.19681,3.12527,0,0.411594,6.16896,4.14971e+06,3.40773e+06,9.1161e+06,0,0,0,2.37082e+08,62.338,61.3098,5.43524,0,0,1.94716,1.42471,0,1.50438,2.54016,8.62394e+06,4.5549e+06,1.67922e+07,0,0,0,6.44116e+07
85.1408,85.1408,3.19379,0.51,0.04,2.19727,3.12561,0,0.411681,6.16896,4.14971e+06,3.40773e+06,9.11803e+06,0,0,0,2.37082e+08,62.338,61.3098,3.49615,0,0,1.94714,1.42487,0,1.50437,2.54016,8.62394e+06,4.5549e+06,1.6792e+07,0,0,0,6.44116e+07
85.1408,85.1408,3.34458,0.51,0.04,2.1585,3.08287,0,0.411768,6.16896,4.14971e+06,3.40773e+06,8.95712e+06,0,0,0,2.37082e+08,62.338,61.3098,3.58255,0,0,1.92764,1.40362,0,1.50436,2.54016,8.62394e+06,4.5549e+06,1.66238e+07,0,0,0,6.44116e+07
85.1408,85.1408,3.06144,0.47,0.04,2.13756,3.0832,0,0.404502,6.16896,4.14971e+06,3.40773e+06,8.87024e+06,0,0,0,2.37082e+08,62.338,61.3098,3.61644,0,0,1.94902,1.40377,0,1.48929,2.54016,8.62394e+06,4.5549e+06,1.68082e+07,0,0,0,6.44116e+07
85.1408,85.1408,3.14173,0.44,0.04,2.13802,3.08354,0,0.400578,6.16896,4.14971e+06,3.40773e+06,8.87214e+06,0,0,0,2.37082e+08,62.338,61.3098,3.70424,0,0,1.94901,1.40393,0,1.50581,2.54016,8.62394e+06,4.5549e+06,1.68081e+07,0,0,0,6.44116e+07
85.1408,85.1408,4.30328,0.43,0.04,2.13847,3.08387,0,0.400664,6.16896,4.14971e+06,3.40773e+06,8.87404e+06,0,0,0,2.37082e+08,62.338,61.3098,4.11209,0,0,1.94899,1.40408,0,1.5058,2.54016,8.62394e+06,4.5549e+06,1.6808e+07,0,0,0,6.44116e+07
84.9745,85.1408,2.74213,0.34,0.04,2.56046,3.23051,0,0.40075,6.16896,4.14971e+06,2.70226e+06,1.06252e+07,0,0,0,2.37082e+08,62.338,61.3098,3.46241,0,0,2.15021,1.48015,0,1.50579,2.54016,8.62394e+06,3.61194e+06,1.85433e+07,0,0,0,6.44116e+07
84.7724,85.1408,2.75585,0.3,0.04,2.63688,3.23087,0,0.47983,6.16896,4.14971e+06,2.70226e+06,1.09423e+07,0,0,0,2.37082e+08,62.338,61.3098,3.24528,0,0,2.0743,1.48031,0,1.66125,2.54016,8.62394e+06,3.61194e+06,1.78886e+07,0,0,0,6.44116e+07
84.2998,85.1408,2.41299,0.29,0.04,2.63739,3.23122,0,0.494152,6.16896,4.14971e+06,2.70226e+06,1.09444e+07,0,0,0,2.37082e+08,62.338,61.3098,2.86565,0,0,2.0743,1.48048,0,1.6026,2.54016,8.62394e+06,3.61194e+06,1.78886e+07,0,0,0,6.44116e+07
83.7401,85.1408,2.30635,0.25,0.04,2.63791,3.23157,0,0.494248,6.16896,4.14971e+06,2.70226e+06,1.09465e+07,0,0,0,2.37082e+08,62.338,61.3098,2.92826,0,0,2.0743,1.48064,0,1.6026,2.54016,8.62394e+06,3.61194e+06,1.78886e+07,0,0,0,6.44116e+07
83.0869,85.1408,2.20092,0.22,0.04,2.63842,3.23192,0,0.494344,6.16896,4.14971e+06,2.70226e+06,1.09487e+07,0,0,0,2.37082e+08,62.338,61.3098,2.86929,0,0,2.0743,1.4808,0,1.6026,2.54016,8.62394e+06,3.61194e+06,1.78886e+07,0,0,0,6.44116e+07
82.6172,85.1408,2.3465,0.23,0.04,2.60998,3.20332,0,0.49444,6.16896,4.14971e+06,2.70226e+06,1.08307e+07,0,0,0,2.37082e+08,62.338,61.3098,2.93901,0,0,2.11605,1.52271,0,1.6026,2.54016,8.62394e+06,3.61194e+06,1.82487e+07,0,0,0,6.44116e+07
81.9055,85.1408,2.13532,0.23,0.04,2.65224,3.20367,0,0.489111,6.16896,4.14971e+06,2.70226e+06,1.1006e+07,0,0,0,2.37082e+08,62.338,61.3098,2.79991,0,0,2.0743,1.52287,0,1.63486,2.54016,8.62394e+06,3.61194e+06,1.78886e+07,0,0,0,6.44116e+07
81.0224,85.1408,1.94049,0.23,0.04,2.65276,3.20402,0,0.49703,6.16896,4.14971e+06,2.70226e+06,1.10082e+07,0,0,0,2.37082e+08,62.338,61.3098,2.58438,0,0,2.0743,1.52304,0,1.60261,2.54016,8.62394e+06,3.61194e+06,1.78886e+07,0,0,0,6.44116e+07
80.0792,85.1408,1.83707,0.22,0.04,2.65327,3.20437,0,0.497126,6.16896,4.14971e+06,2.70226e+06,1.10103e+07,0,0,0,2.37082e+08,62.3311,61.3098,2.52817,0,0,2.0743,1.5232,0,1.60261,2.54016,8.62394e+06,3.61194e+06,1.78886e+07,0,0,0,6.44116e+07
78.9661,85.1408,1.7164,0.22,0.04,2.72858,3.27951,0,0.497223,6.16896,4.14971e+06,2.70226e+06,1.13228e+07,0,0,0,2.37082e+08,62.259,61.3098,2.36181,0,0,2.11153,1.56059,0,1.60261,2.54016,8.62394e+06,3.61194e+06,1.82097e+07,0,0,0,6.44116e+07
77.7853,85.1408,1.69564,0.23,0.04,2.76632,3.27986,0,0.511335,6.16896,4.14971e+06,2.70226e+06,1.14794e+07,0,0,0,2.37082e+08,62.0594,61.3098,2.09845,0,0,2.07431,1.56076,0,1.63136,2.54016,8.62394e+06,3.61194e+06,1.78887e+07,0,0,0,6.44116e+07
76.5108,85.1408,1.57311,0.23,0.04,2.76685,3.28022,0,0.518409,6.16896,4.14971e+06,2.70226e+06,1.14816e+07,0,0,0,2.37082e+08,61.6491,61.3098,2.01381,0,0,2.07431,1.56093,0,1.60261,2.54016,8.62394e+06,3.61194e+06,1.78887e+07,0,0,0,6.44116e+07
75.1113,85.1408,1.43232,0.22,0.04,2.76738,3.28058,0,0.518508,6.16896,4.14971e+06,2.70226e+06,1.14838e+07,0,0,0,2.37082e+08,61.4479,61.3098,1.7892,0,0,2.07431,1.5611,0,1.60261,2.54016,8.62394e+06,3.61194e+06,1.78887e+07,0,0,0,6.44116e+07
73.7369,85.1408,1.62565,0.22,0.04,2.98702,3.50005,0,0.518606,6.16896,4.14971e+06,2.70226e+06,1.23953e+07,0,0,0,2.37082e+08,61.1478,61.3098,2.31561,0,0,2.20872,1.69569,0,1.60261,2.54016,8.62394e+06,3.61194e+06,1.90479e+07,0,0,0,6.44116e+07
71.9578,85.1408,1.30996,0.23,0.04,3.12199,3.50043,0,0.559768,6.16896,4.14971e+06,2.70226e+06,1.29553e+07,0,0,0,2.37082e+08,60.8017,61.3098,1.65582,0,0,2.07432,1.69588,0,1.70646,2.54016,8.62394e+06,3.61194e+06,1.78888e+07,0,0,0,6.44116e+07
70.3136,85.1408,1.45126,0.23,0.04,3.12256,3.50082,0,0.585061,6.16896,4.14971e+06,2.70226e+06,1.29577e+07,0,0,0,2.37082e+08,60.2599,61.3098,2.05216,0,0,2.07432,1.69606,0,1.60262,2.54016,8.62394e+06,3.61194e+06,1.78888e+07,0,0,0,6.44116e+07
68.416,85.1408,1.18206,0.23,0.04,3.12312,3.5012,0,0.585167,6.16896,4.14971e+06,2.70226e+06,1.296e+07,0,0,0,2.37082e+08,59.8696,61.3098,1.44857,0,0,2.07432,1.69625,0,1.60262,2.54016,8.62394e+06,3.61194e+06,1.78888e+07,0,0,0,6.44116e+07
66.803,85.1408,1.44193,0.24,0.04,3.12369,3.50158,0,0.585273,6.16896,4.14971e+06,2.70226e+06,1.29624e+07,0,0,0,2.37082e+08,59.9024,61.3098,2.6317,0,0,2.07432,1.69643,0,1.60262,2.54016,8.62394e+06,3.61194e+06,1.78888e+07,0,0,0,6.44116e+07
65.6064,85.1408,1.80334,0.27,0.04,3.0174,3.39511,0,0.585379,6.16896,4.14971e+06,2.70226e+06,1.25213e+07,0,0,0,2.37082e+08,60.1617,61.3098,2.48671,0,0,1.99269,1.61498,0,1.60262,2.54016,8.62394e+06,3.61194e+06,1.71848e+07,0,0,0,6.44116e+07
64.3623,85.1408,1.67305,0.27,0.04,2.93633,3.39548,0,0.565461,6.16896,4.14971e+06,2.70226e+06,1.21849e+07,0,0,0,2.37082e+08,61.0924,61.3098,4.07556,0,0,2.07431,1.61516,0,1.53955,2.54016,8.62394e+06,3.61194e+06,1.78887e+07,0,0,0,6.44116e+07
62.9424,85.1408,1.48809,0.27,0.04,2.93687,3.39585,0,0.550267,6.16896,4.14971e+06,2.70226e+06,1.21872e+07,0,0,0,2.37082e+08,61.1766,61.3098,2.38839,0,0,2.07431,1.61533,0,1.60261,2.54016,8.62394e+06,3.61194e+06,1.78887e+07,0,0,0,6.44116e+07
61.3241,85.1408,1.26889,0.27,0.04,2.93742,3.39622,0,0.550369,6.16896,4.14971e+06,2.70226e+06,1.21894e+07,0,0,0,2.37082e+08,61.1966,61.3098,2.17391,0,0,2.07431,1.61551,0,1.60261,2.54016,8.62394e+06,3.61194e+06,1.78887e+07,0,0,0,6.44116e+07
60.6209,85.1408,2.22655,0.28,0.04,2.85022,3.30884,0,0.550472,6.16896,4.14971e+06,2.70226e+06,1.18276e+07,0,0,0,2.37082e+08,61.7993,61.3098,3.07928,0,0,1.99997,1.54135,0,1.60261,2.54016,8.62394e+06,3.61194e+06,1.72477e+07,0,0,0,6.44116e+07
61.1954,85.1408,3.56073,0.29,0.04,2.77642,3.3092,0,0.534131,6.16896,4.14971e+06,2.70226e+06,1.15213e+07,0,0,0,2.37082e+08,62.338,61.3098,3.92384,0,0,2.0743,1.54152,0,1.54518,2.54016,8.62394e+06,3.61194e+06,1.78887e+07,0,0,0,6.44116e+07
60.0527,85.1408,1.73957,0.31,0.04,2.77694,3.30956,0,0.5203,6.16896,4.14971e+06,2.70226e+06,1.15235e+07,0,0,0,2.37082e+08,62.338,61.3098,2.48585,0,0,2.0743,1.54168,0,1.60261,2.54016,8.62394e+06,3.61194e+06,1.78887e+07,0,0,0,6.44116e+07
58.8383,85.1408,1.638,0.32,0.04,2.77747,3.30992,0,0.520399,6.16896,4.14971e+06,2.70226e+06,1.15257e+07,0,0,0,2.37082e+08,62.338,61.3098,2.38849,0,0,2.0743,1.54185,0,1.60261,2.54016,8.62394e+06,3.61194e+06,1.78887e+07,0,0,0,6.44116e+07
58.4711,85.1408,2.35219,0.34,0.04,2.5287,3.06098,0,0.520498,6.16896,4.14971e+06,2.70226e+06,1.04933e+07,0,0,0,2.37082e+08,62.338,61.3098,3.13285,0,0,1.91941,1.38713,0,1.60261,2.54016,8.62394e+06,3.61194e+06,1.65529e+07,0,0,0,6.44116e+07
60.0447,85.1408,4.21798,0.35,0.04,2.37431,3.06131,0,0.473878,6.16896,4.14971e+06,2.70226e+06,9.85267e+06,0,0,0,2.37082e+08,62.338,61.3098,4.12257,0,0,2.07429,1.38728,0,1.48294,2.54016,8.62394e+06,3.61194e+06,1.78885e+07,0,0,0,6.44116e+07
60.6814,85.1408,3.26258,0.36,0.04,2.37479,3.06165,0,0.444945,6.16896,4.14971e+06,2.70226e+06,9.85468e+06,0,0,0,2.37082e+08,61.7746,61.3098,2.21297,0,0,2.07429,1.38743,0,1.60259,2.54016,8.62394e+06,3.61194e+06,1.78885e+07,0,0,0,6.44116e+07
61.2992,85.1408,3.20226,0.39,0.04,2.32063,3.06198,0,0.445036,6.16896,4.14971e+06,2.83978e+06,9.62992e+06,0,0,0,2.37082e+08,60.9348,61.3098,1.65086,0,0,2.04952,1.38758,0,1.60259,2.54016,8.62394e+06,3.79575e+06,1.7675e+07,0,0,0,6.44116e+07
61.9069,85.1408,3.04396,0.44,0.04,2.10249,3.06231,0,0.434885,6.16896,4.14971e+06,3.40773e+06,8.72472e+06,0,0,0,2.37082e+08,60.517,61.3098,1.35069,0,0,1.95045,1.38773,0,1.58346,2.54016,8.62394e+06,4.5549e+06,1.68206e+07,0,0,0,6.44116e+07
62.7208,85.1408,3.38276,0.47,0.04,2.19032,3.15858,0,0.394007,6.16896,4.14971e+06,3.40773e+06,9.08917e+06,0,0,0,2.37082e+08,60.4977,61.3098,2.57642,0,0,1.99131,1.43275,0,1.50692,2.54016,8.62394e+06,4.5549e+06,1.71729e+07,0,0,0,6.44116e+07
62.6372,85.1408,2.49339,0.42,0.04,2.23563,3.1589,0,0.410465,6.89472,4.14971e+06,3.40773e+06,9.2772e+06,0,0,0,2.37082e+08,60.311,61.3098,2.1743,0,0,1.94642,1.4329,0,1.53848,2.54016,8.62394e+06,4.5549e+06,1.67858e+07,0,0,0,6.44116e+07
63.9105,85.1408,4.04374,0.43,0.04,2.23606,3.15922,0,0.418957,6.89472,4.14971e+06,3.40773e+06,9.27901e+06,0,0,0,2.37082e+08,60.4934,61.3098,2.73656,0,0,1.9464,1.43304,0,1.5038,2.54016,8.62394e+06,4.5549e+06,1.67857e+07,0,0,0,6.44116e+07
64.6482,85.1408,3.42917,0.45,0.04,2.2365,3.15954,0,0.419038,6.89472,4.14971e+06,3.40773e+06,9.28082e+06,0,0,0,2.37082e+08,60.9104,61.3098,3.575,0,0,1.94639,1.43319,0,1.50379,2.54016,8.62394e+06,4.5549e+06,1.67855e+07,0,0,0,6.44116e+07
66.6277,85.1408,5.02561,0.48,0.04,2.51764,3.46806,0,0.41912,6.89472,4.14971e+06,3.40773e+06,1.04475e+07,0,0,0,2.37082e+08,61.6208,61.3098,3.61754,0,0,2.09987,1.60186,0,1.50378,2.54016,8.62394e+06,4.5549e+06,1.81091e+07,0,0,0,6.44116e+07
67.5774,85.1408,4.06515,0.5,0.04,2.68663,3.46841,0,0.471805,6.89472,4.14971e+06,3.40773e+06,1.11487e+07,0,0,0,2.37082e+08,61.898,61.3098,3.04609,0,0,1.93134,1.60202,0,1.62236,2.54016,8.62394e+06,4.5549e+06,1.66558e+07,0,0,0,6.44116e+07
67.9543,85.1408,3.46983,0.52,0.04,2.68711,3.46876,0,0.503475,6.89472,4.14971e+06,3.40773e+06,1.11507e+07,0,0,0,2.37082e+08,62.3133,61.3098,3.34435,0,0,1.93133,1.60219,0,1.49215,2.54016,8.62394e+06,4.5549e+06,1.66556e+07,0,0,0,6.44116e+07
68.9659,85.1408,4.09715,0.54,0.04,2.68759,3.46911,0,0.503565,6.89472,4.14971e+06,3.40773e+06,1.11527e+07,0,0,0,2.37082e+08,62.338,61.3098,3.32323,0,0,1.93131,1.60235,0,1.49214,2.54016,8.62394e+06,4.5549e+06,1.66555e+07,0,0,0,6.44116e+07
70.2038,85.1408,4.04885,0.47,0.04,2.28754,3.02968,0,0.503655,6.89472,4.14971e+06,3.40773e+06,9.49262e+06,0,0,0,2.37082e+08,62.338,61.3098,3.64842,0,0,1.72523,1.37625,0,1.49213,2.54016,8.62394e+06,4.5549e+06,1.48783e+07,0,0,0,6.44116e+07
72.1555,85.1408,4.65922,0.53,0.04,2.06172,3.02999,0,0.428685,6.89472,4.14971e+06,3.40773e+06,8.55554e+06,0,0,0,2.37082e+08,62.338,61.3098,3.57784,0,0,1.95145,1.37639,0,1.33291,2.54016,8.62394e+06,4.5549e+06,1.68292e+07,0,0,0,6.44116e+07
72.95,85.1408,3.50605,0.59,0.04,2.06214,3.0303,0,0.386367,6.89472,4.14971e+06,3.40773e+06,8.55727e+06,0,0,0,2.37082e+08,62.338,61.3098,3.45376,0,0,1.95144,1.37653,0,1.50769,2.54016,8.62394e+06,4.5549e+06,1.68291e+07,0,0,0,6.44116e+07
76.6892,85.1408,6.54746,0.62,0.04,2.06256,3.0306,0,0.386445,6.89472,4.14971e+06,3.40773e+06,8.55901e+06,0,0,0,2.37082e+08,62.338,61.3098,5.2395,0,0,1.95143,1.37667,0,1.50768,2.54016,8.62394e+06,4.5549e+06,1.6829e+07,0,0,0,6.44116e+07
78.7566,85.1408,4.95791,0.57,0.04,2.06297,3.03091,0,0.386523,6.89472,4.14971e+06,3.40773e+06,8.56074e+06,0,0,0,2.37082e+08,62.338,61.3098,5.46759,0,0,1.95142,1.37681,0,1.50767,2.54016,8.62394e+06,4.5549e+06,1.68289e+07,0,0,0,6.44116e+07
79.8683,85.1408,3.87502,0.59,0.04,2.16426,3.14197,0,0.386601,6.89472,4.14971e+06,3.40773e+06,8.98106e+06,0,0,0,2.37082e+08,62.338,61.3098,4.17105,0,0,2.00184,1.43232,0,1.50766,2.54016,8.62394e+06,4.5549e+06,1.72637e+07,0,0,0,6.44116e+07
79.9183,85.1408,2.8372,0.51,0.04,2.22007,3.14229,0,0.405583,6.89472,4.14971e+06,3.40773e+06,9.21264e+06,0,0,0,2.37082e+08,62.338,61.3098,3.15248,0,0,1.94645,1.43247,0,1.54662,2.54016,8.62394e+06,4.5549e+06,1.67861e+07,0,0,0,6.44116e+07
81.8805,85.1408,4.91664,0.55,0.04,2.2205,3.1426,0,0.416041,6.89472,4.14971e+06,3.40773e+06,9.21444e+06,0,0,0,2.37082e+08,62.338,61.3098,4.89762,0,0,1.94644,1.43261,0,1.50383,2.54016,8.62394e+06,4.5549e+06,1.6786e+07,0,0,0,6.44116e+07
82.478,85.1408,3.39919,0.53,0.04,2.22094,3.14292,0,0.416123,6.89472,4.14971e+06,3.40773e+06,9.21624e+06,0,0,0,2.37082e+08,62.338,61.3098,3.7342,0,0,1.94643,1.43276,0,1.50382,2.54016,8.62394e+06,4.5549e+06,1.67859e+07,0,0,0,6.44116e+07
82.395,85.1408,2.57567,0.53,0.04,2.18192,3.09992,0,0.416204,6.89472,4.14971e+06,3.40773e+06,9.05431e+06,0,0,0,2.37082e+08,62.3133,61.3098,2.70924,0,0,1.92682,1.41138,0,1.50381,2.54016,8.62394e+06,4.5549e+06,1.66168e+07,0,0,0,6.44116e+07
82.0748,85.1408,2.2734,0.49,0.04,2.16083,3.10023,0,0.408891,6.89472,4.14971e+06,3.40773e+06,8.96681e+06,0,0,0,2.37082e+08,62.0771,61.3098,2.3817,0,0,1.94832,1.41153,0,1.48866,2.54016,8.62394e+06,4.5549e+06,1.68022e+07,0,0,0,6.44116e+07
81.5472,85.1408,2.0364,0.46,0.04,2.16126,3.10054,0,0.404939,6.89472,4.14971e+06,3.40773e+06,8.96858e+06,0,0,0,2.37082e+08,61.8067,61.3098,2.1125,0,0,1.94831,1.41167,0,1.50527,2.54016,8.62394e+06,4.5549e+06,1.68021e+07,0,0,0,6.44116e+07
80.9045,85.1408,1.88622,0.45,0.04,2.16168,3.10086,0,0.405019,6.89472,4.14971e+06,3.40773e+06,8.97035e+06,0,0,0,2.37082e+08,61.6575,61.3098,2.00124,0,0,1.94829,1.41181,0,1.50526,2.54016,8.62394e+06,4.5549e+06,1.6802e+07,0,0,0,6.44116e+07
79.9025,85.1408,1.85897,0.36,0.04,2.58596,3.24828,0,0.4051,6.89472,4.14971e+06,2.70226e+06,1.0731e+07,0,0,0,2.37082e+08,61.5257,61.3098,2.26517,0,0,2.15062,1.48829,0,1.50525,2.54016,8.62394e+06,3.61194e+06,1.85468e+07,0,0,0,6.44116e+07
78.8632,85.1408,1.84543,0.32,0.04,2.66276,3.24861,0,0.484608,6.89472,4.14971e+06,2.70226e+06,1.10497e+07,0,0,0,2.37082e+08,61.37,61.3098,2.50998,0,0,2.07429,1.48844,0,1.66157,2.54016,8.62394e+06,3.61194e+06,1.78885e+07,0,0,0,6.44116e+07
77.8502,85.1408,1.60579,0.45,0.04,2.37332,3.24894,0,0.499002,6.89472,4.14971e+06,3.40773e+06,9.84859e+06,0,0,0,2.37082e+08,61.1143,61.3098,2.23049,0,0,1.94145,1.48859,0,1.60259,2.54016,8.62394e+06,4.5549e+06,1.6743e+07,0,0,0,6.44116e+07
76.4755,85.1408,1.42436,0.39,0.04,2.60573,3.24926,0,0.444761,6.89472,4.14971e+06,2.83978e+06,1.0813e+07,0,0,0,2.37082e+08,60.7836,61.3098,2.0985,0,0,2.04772,1.48874,0,1.49996,2.54016,8.62394e+06,3.79575e+06,1.76594e+07,0,0,0,6.44116e+07
74.9526,85.1408,1.29986,0.35,0.04,2.6642,3.24959,0,0.488314,6.89472,4.14971e+06,2.70226e+06,1.10556e+07,0,0,0,2.37082e+08,60.4128,61.3098,1.9902,0,0,2.07429,1.48889,0,1.58207,2.54016,8.62394e+06,3.61194e+06,1.78885e+07,0,0,0,6.44116e+07
73.9228,85.1408,1.7528,0.31,0.04,2.63557,3.22081,0,0.499271,6.89472,4.14971e+06,2.70226e+06,1.09368e+07,0,0,0,2.37082e+08,60.0475,61.3098,2.23958,0,0,2.11626,1.53102,0,1.60259,2.54016,8.62394e+06,3.61194e+06,1.82505e+07,0,0,0,6.44116e+07
72.9136,85.1408,1.79595,0.28,0.04,2.67802,3.22114,0,0.493906,6.89472,4.14971e+06,2.70226e+06,1.1113e+07,0,0,0,2.37082e+08,59.6752,61.3098,2.32762,0,0,2.07429,1.53118,0,1.63503,2.54016,8.62394e+06,3.61194e+06,1.78886e+07,0,0,0,6.44116e+07
71.8488,85.1408,1.7085,0.33,0.04,2.6785,3.22146,0,0.501862,6.89472,4.14971e+06,2.70226e+06,1.1115e+07,0,0,0,2.37082e+08,59.2601,61.3098,2.24867,0,0,2.07429,1.53133,0,1.6026,2.54016,8.62394e+06,3.61194e+06,1.78886e+07,0,0,0,6.44116e+07
70.5902,85.1408,1.48455,0.3,0.04,2.67898,3.22179,0,0.501952,6.89472,4.14971e+06,2.70226e+06,1.1117e+07,0,0,0,2.37082e+08,58.7988,61.3098,2.15954,0,0,2.07429,1.53149,0,1.6026,2.54016,8.62394e+06,3.61194e+06,1.78886e+07,0,0,0,6.44116e+07
69.2063,85.1408,1.39524,0.28,0.04,2.75466,3.29731,0,0.502041,6.89472,4.14971e+06,2.70226e+06,1.1431e+07,0,0,0,2.37082e+08,58.302,61.3098,1.97936,0,0,2.11172,1.56907,0,1.6026,2.54016,8.62394e+06,3.61194e+06,1.82113e+07,0,0,0,6.44116e+07
67.7131,85.1408,1.33353,0.28,0.04,2.79257,3.29764,0,0.516223,6.89472,4.14971e+06,2.70226e+06,1.15884e+07,0,0,0,2.37082e+08,57.7325,61.3098,1.815,0,0,2.07429,1.56923,0,1.63151,2.54016,8.62394e+06,3.61194e+06,1.78886e+07,0,0,0,6.44116e+07
66.1508,85.1408,1.22528,0.31,0.04,2.79307,3.29798,0,0.523329,6.89472,4.14971e+06,2.70226e+06,1.15904e+07,0,0,0,2.37082e+08,57.0392,61.3098,1.75087,0,0,2.07429,1.56938,0,1.6026,2.54016,8.62394e+06,3.61194e+06,1.78886e+07,0,0,0,6.44116e+07
64.5001,85.1408,1.11555,0.3,0.04,2.79356,3.29831,0,0.523421,6.89472,4.14971e+06,2.70226e+06,1.15924e+07,0,0,0,2.37082e+08,56.4045,61.3098,1.51098,0,0,2.07429,1.56954,0,1.6026,2.54016,8.62394e+06,3.61194e+06,1.78886e+07,0,0,0,6.44116e+07
62.8299,85.1408,1.25236,0.29,0.04,3.01435,3.51895,0,0.523513,6.89472,4.14971e+06,2.70226e+06,1.25087e+07,0,0,0,2.37082e+08,55.6192,61.3098,1.99796,0,0,2.20944,1.70485,0,1.6026,2.54016,8.62394e+06,3.61194e+06,1.90541e+07,0,0,0,6.44116e+07
60.771,85.1408,0.945216,0.28,0.04,3.15001,3.5193,0,0.564889,6.89472,4.14971e+06,2.70226e+06,1.30716e+07,0,0,0,2.37082e+08,54.9203,61.3098,1.30776,0,0,2.07431,1.70502,0,1.70701,2.54016,8.62394e+06,3.61194e+06,1.78887e+07,0,0,0,6.44116e+07
58.8415,85.1408,1.06713,0.3,0.04,3.15054,3.51966,0,0.590312,6.89472,4.14971e+06,2.70226e+06,1.30738e+07,0,0,0,2.37082e+08,53.9756,61.3098,1.63467,0,0,2.07431,1.70519,0,1.60261,2.54016,8.62394e+06,3.61194e+06,1.78887e+07,0,0,0,6.44116e+07
56.7295,85.1408,0.864784,0.3,0.04,3.15106,3.52001,0,0.590411,6.89472,4.14971e+06,2.70226e+06,1.3076e+07,0,0,0,2.37082e+08,53.2487,61.3098,1.17579,0,0,2.07431,1.70536,0,1.60261,2.54016,8.62394e+06,3.61194e+06,1.78887e+07,0,0,0,6.44116e+07
54.8282,85.1408,1.03841,0.34,0.04,3.15159,3.52037,0,0.590509,6.89472,4.14971e+06,2.70226e+06,1.30782e+07,0,0,0,2.37082e+08,52.2681,61.3098,2.06677,0,0,2.07431,1.70553,0,1.60261,2.54016,8.62394e+06,3.61194e+06,1.78887e+07,0,0,0,6.44116e+07
52.5347,85.1408,0.551288,0.33,0.04,3.0447,3.4133,0,0.590608,6.89472,4.14971e+06,2.70226e+06,1.26346e+07,0,0,0,2.37082e+08,50.9049,61.3098,1.0272,0,0,1.99224,1.62364,0,1.60261,2.54016,8.62394e+06,3.61194e+06,1.71809e+07,0,0,0,6.44116e+07
50.3885,85.1408,0.633487,0.33,0.04,2.96315,3.41365,0,0.570576,6.89472,4.14971e+06,2.70226e+06,1.22962e+07,0,0,0,2.37082e+08,50.0243,61.3098,0.776006,0,0,2.0743,1.6238,0,1.5392,2.54016,8.62394e+06,3.61194e+06,1.78886e+07,0,0,0,6.44116e+07
48.3217,85.1408,0.680034,0.37,0.04,2.96365,3.41399,0,0.555294,6.89472,4.14971e+06,2.70226e+06,1.22983e+07,0,0,0,2.37082e+08,49.377,61.3098,1.34547,0,0,2.0743,1.62396,0,1.6026,2.54016,8.62394e+06,3.61194e+06,1.78886e+07,0,0,0,6.44116e+07
46.6121,85.1408,1.02696,0.37,0.04,2.96416,3.41433,0,0.555389,6.89472,4.14971e+06,2.70226e+06,1.23004e+07,0,0,0,2.37082e+08,49.0361,61.3098,3.67253,0,0,2.0743,1.62413,0,1.6026,2.54016,8.62394e+06,3.61194e+06,1.78886e+07,0,0,0,6.44116e+07
45.8823,85.1408,1.85133,0.4,0.04,2.57962,3.32647,0,0.555484,6.89472,4.14971e+06,3.40773e+06,1.07047e+07,0,0,0,2.37082e+08,48.701,61.3098,2.47852,0,0,1.86129,1.54956,0,1.6026,2.54016,8.62394e+06,4.5549e+06,1.60517e+07,0,0,0,6.44116e+07
45.2642,85.1408,1.83919,0.4,0.04,2.50536,3.32681,0,0.483421,6.89472,4.14971e+06,3.40773e+06,1.03965e+07,0,0,0,2.37082e+08,48.4114,61.3098,2.37654,0,0,1.936,1.54972,0,1.43803,2.54016,8.62394e+06,4.5549e+06,1.6696e+07,0,0,0,6.44116e+07
44.9601,85.1408,2.15139,0.48,0.04,2.50582,3.32714,0,0.469504,6.89472,4.14971e+06,3.40773e+06,1.03984e+07,0,0,0,2.37082e+08,48.4877,61.3098,4.31772,0,0,1.93599,1.54987,0,1.49576,2.54016,8.62394e+06,4.5549e+06,1.66958e+07,0,0,0,6.44116e+07
44.0797,85.1408,1.57183,0.5,0.04,2.50628,3.32748,0,0.469591,6.89472,4.14971e+06,3.40773e+06,1.04003e+07,0,0,0,2.37082e+08,48.245,61.3098,2.98061,0,0,1.93597,1.55003,0,1.49574,2.54016,8.62394e+06,4.5549e+06,1.66957e+07,0,0,0,6.44116e+07
46.5338,85.1408,5.0085,0.54,0.04,2.27849,3.07719,0,0.469678,6.89472,4.14971e+06,3.40773e+06,9.45506e+06,0,0,0,2.37082e+08,48.304,61.3098,4.90208,0,0,1.79415,1.39447,0,1.49573,2.54016,8.62394e+06,4.5549e+06,1.54726e+07,0,0,0,6.44116e+07
46.7417,85.1408,2.45438,0.47,0.04,2.12322,3.0775,0,0.426989,6.89472,4.14971e+06,3.40773e+06,8.81073e+06,0,0,0,2.37082e+08,47.9039,61.3098,2.5209,0,0,1.94983,1.39461,0,1.38616,2.54016,8.62394e+06,4.5549e+06,1.68152e+07,0,0,0,6.44116e+07
48.5386,85.1408,4.23324,0.51,0.04,2.12364,3.07781,0,0.397891,6.89472,4.14971e+06,3.40773e+06,8.81249e+06,0,0,0,2.37082e+08,48.277,61.3098,6.21215,0,0,1.94982,1.39476,0,1.50644,2.54016,8.62394e+06,4.5549e+06,1.68151e+07,0,0,0,6.44116e+07
50.8577,85.1408,4.80115,0.56,0.04,2.12406,3.07812,0,0.39797,6.89472,4.14971e+06,3.40773e+06,8.81425e+06,0,0,0,2.37082e+08,48.4183,61.3098,5.32468,0,0,1.9498,1.3949,0,1.50643,2.54016,8.62394e+06,4.5549e+06,1.6815e+07,0,0,0,6.44116e+07
53.8154,85.1408,5.35682,0.58,0.04,2.12449,3.07843,0,0.39805,6.89472,4.14971e+06,3.40773e+06,8.816e+06,0,0,0,2.37082e+08,48.1382,61.3098,3.63792,0,0,1.94979,1.39504,0,1.50642,2.54016,8.62394e+06,4.5549e+06,1.68149e+07,0,0,0,6.44116e+07
55.0347,85.1408,3.6564,0.55,0.04,2.12463,3.07843,0,0.398129,6.89472,4.14971e+06,3.40773e+06,8.81659e+06,0,0,0,2.37082e+08,48.5986,61.3098,4.41072,0,0,1.94965,1.39504,0,1.50641,2.54016,8.62394e+06,4.5549e+06,1.68137e+07,0,0,0,6.44116e+07
56.0639,85.1408,3.56718,0.6,0.02,2.21274,3.17518,0,0.398155,6.89472,4.14971e+06,3.40773e+06,9.18224e+06,0,0,0,2.37082e+08,48.8655,61.3098,3.84248,0,0,1.99086,1.44028,0,1.5063,2.54016,8.62394e+06,4.5549e+06,1.7169e+07,0,0,0,1.28823e+08
56.5497,85.1408,3.09648,0.62,0.02,2.25826,3.17548,0,0.414668,6.89472,4.14971e+06,3.40773e+06,9.37112e+06,0,0,0,2.37082e+08,48.7987,61.3098,3.10076,0,0,1.94573,1.44042,0,1.53814,2.54016,8.62394e+06,4.5549e+06,1.67799e+07,0,0,0,1.28823e+08
58.5423,85.1408,4.62062,0.63,0.02,2.25867,3.17577,0,0.423198,6.89472,4.14971e+06,3.40773e+06,9.3728e+06,0,0,0,2.37082e+08,49.314,61.3098,8.30072,0,0,1.94572,1.44055,0,1.50327,2.54016,8.62394e+06,4.5549e+06,1.67798e+07,0,0,0,1.28823e+08
61.0396,85.1408,5.21752,0.59,0.02,2.25907,3.17607,0,0.423274,6.89472,4.14971e+06,3.40773e+06,9.37448e+06,0,0,0,2.37082e+08,49.5879,61.3098,7.34677,0,0,1.94571,1.44069,0,1.50326,2.54016,8.62394e+06,4.5549e+06,1.67797e+07,0,0,0,1.28823e+08
62.6374,85.1408,4.5201,0.61,0.02,2.54164,3.48618,0,0.42335,6.89472,4.14971e+06,3.40773e+06,1.05471e+07,0,0,0,2.37082e+08,50.2514,61.3098,5.30108,0,0,2.09999,1.61023,0,1.50326,2.54016,8.62394e+06,4.5549e+06,1.81102e+07,0,0,0,1.28823e+08
65.2743,85.1408,5.8951,0.54,0.02,2.71148,3.48651,0,0.476304,6.89472,4.14971e+06,3.40773e+06,1.12519e+07,0,0,0,2.37082e+08,50.6283,61.3098,6.94329,0,0,1.93058,1.61038,0,1.62245,2.54016,8.62394e+06,4.5549e+06,1.66492e+07,0,0,0,1.28823e+08
67.3689,85.1408,5.34728,0.56,0.02,2.71193,3.48683,0,0.508132,6.89472,4.14971e+06,3.40773e+06,1.12537e+07,0,0,0,2.37082e+08,50.9798,61.3098,7.41397,0,0,1.93057,1.61053,0,1.49157,2.54016,8.62394e+06,4.5549e+06,1.66491e+07,0,0,0,1.28823e+08
72.8103,85.1408,9.00163,0.58,0.02,2.71238,3.48716,0,0.508216,6.89472,4.14971e+06,3.40773e+06,1.12556e+07,0,0,0,2.37082e+08,51.3302,61.3098,6.84016,0,0,1.93056,1.61068,0,1.49156,2.54016,8.62394e+06,4.5549e+06,1.6649e+07,0,0,0,1.28823e+08
76.3645,85.1408,7.06294,0.55,0.02,2.31021,3.04542,0,0.5083,6.89472,4.14971e+06,3.40773e+06,9.5867e+06,0,0,0,2.37082e+08,51.8855,61.3098,5.61804,0,0,1.7234,1.3834,0,1.49155,2.54016,8.62394e+06,4.5549e+06,1.48625e+07,0,0,0,1.28823e+08
80.8744,85.1408,7.65018,0.51,0.02,2.08319,3.04571,0,0.432934,6.89472,4.14971e+06,3.40773e+06,8.64461e+06,0,0,0,2.37082e+08,52.4495,61.3098,7.5487,0,0,1.95081,1.38353,0,1.3315,2.54016,8.62394e+06,4.5549e+06,1.68236e+07,0,0,0,1.28823e+08
85.1408,85.1408,13.5953,0.44,0.02,2.08357,3.04599,0,0.390389,6.89472,4.14971e+06,3.40773e+06,8.64622e+06,0,0,0,2.37082e+08,54.1853,61.3098,10.0488,0,0,1.95079,1.38366,0,1.50719,2.54016,8.62394e+06,4.5549e+06,1.68235e+07,0,0,0,1.28823e+08
85.1408,85.1408,8.03378,0.47,0.02,2.08396,3.04628,0,0.390462,6.89472,4.14971e+06,3.40773e+06,8.64783e+06,0,0,0,2.37082e+08,54.4656,61.3098,5.08753,0,0,1.95078,1.38379,0,1.50718,2.54016,8.62394e+06,4.5549e+06,1.68234e+07,0,0,0,1.28823e+08
85.1408,85.1408,6.06074,0.52,0.02,2.08435,3.04656,0,0.390534,6.89472,4.14971e+06,3.40773e+06,8.64944e+06,0,0,0,2.37082e+08,54.8804,61.3098,5.29202,0,0,1.95077,1.38392,0,1.50717,2.54016,8.62394e+06,4.5549e+06,1.68233e+07,0,0,0,1.28823e+08
85.1408,85.1408,10.2577,0.53,0.02,2.18613,3.15817,0,0.390607,6.89472,4.14971e+06,3.40773e+06,9.07179e+06,0,0,0,2.37082e+08,56.2077,61.3098,7.72245,0,0,2.00146,1.43971,0,1.50717,2.54016,8.62394e+06,4.5549e+06,1.72604e+07,0,0,0,1.28823e+08
85.1408,85.1408,8.0766,0.57,0.02,2.24219,3.15847,0,0.409681,6.89472,4.14971e+06,3.40773e+06,9.30444e+06,0,0,0,2.37082e+08,57.1841,61.3098,6.69788,0,0,1.94579,1.43984,0,1.54633,2.54016,8.62394e+06,4.5549e+06,1.67803e+07,0,0,0,1.28823e+08
85.1408,85.1408,6.14988,0.55,0.02,2.24259,3.15876,0,0.420187,6.89472,4.14971e+06,3.40773e+06,9.30611e+06,0,0,0,2.37082e+08,57.7907,61.3098,5.76324,0,0,1.94577,1.43998,0,1.50331,2.54016,8.62394e+06,4.5549e+06,1.67802e+07,0,0,0,1.28823e+08
85.1408,85.1408,5.39732,0.55,0.02,2.243,3.15905,0,0.420262,6.89472,4.14971e+06,3.40773e+06,9.30778e+06,0,0,0,2.37082e+08,58.3876,61.3098,5.41815,0,0,1.94576,1.44011,0,1.5033,2.54016,8.62394e+06,4.5549e+06,1.67801e+07,0,0,0,1.28823e+08
85.1408,85.1408,4.65541,0.53,0.02,2.20374,3.11581,0,0.420338,6.89472,4.14971e+06,3.40773e+06,9.14488e+06,0,0,0,2.37082e+08,58.7477,61.3098,4.55308,0,0,1.92605,1.41862,0,1.5033,2.54016,8.62394e+06,4.5549e+06,1.66101e+07,0,0,0,1.28823e+08
85.1408,85.1408,4.42112,0.51,0.02,2.18251,3.1161,0,0.412981,6.89472,4.14971e+06,3.40773e+06,9.05679e+06,0,0,0,2.37082e+08,58.9503,61.3098,4.10178,0,0,1.94767,1.41875,0,1.48807,2.54016,8.62394e+06,4.5549e+06,1.67965e+07,0,0,0,1.28823e+08
85.1408,85.1408,4.00299,0.47,0.02,2.18291,3.11639,0,0.409003,6.89472,4.14971e+06,3.40773e+06,9.05844e+06,0,0,0,2.37082e+08,59.1441,61.3098,3.9712,0,0,1.94765,1.41888,0,1.50477,2.54016,8.62394e+06,4.5549e+06,1.67964e+07,0,0,0,1.28823e+08
85.1408,85.1408,3.79806,0.42,0.02,2.18331,3.11668,0,0.409077,6.89472,4.14971e+06,3.40773e+06,9.06009e+06,0,0,0,2.37082e+08,59.4772,61.3098,4.71758,0,0,1.94764,1.41902,0,1.50476,2.54016,8.62394e+06,4.5549e+06,1.67963e+07,0,0,0,1.28823e+08
85.1408,85.1408,3.16323,0.35,0.02,2.60971,3.26483,0,0.409152,6.89472,4.14971e+06,2.70226e+06,1.08295e+07,0,0,0,2.37082e+08,59.3977,61.3098,2.96873,0,0,2.151,1.49588,0,1.50475,2.54016,8.62394e+06,3.61194e+06,1.855e+07,0,0,0,1.28823e+08
84.9448,85.1408,2.78004,0.34,0.02,2.68687,3.26513,0,0.489059,6.89472,4.14971e+06,2.70226e+06,1.11497e+07,0,0,0,2.37082e+08,59.1995,61.3098,2.84898,0,0,2.07428,1.49602,0,1.66186,2.54016,8.62394e+06,3.61194e+06,1.78884e+07,0,0,0,1.28823e+08
84.6726,85.1408,2.69569,0.31,0.02,2.68732,3.26544,0,0.50352,6.89472,4.14971e+06,2.70226e+06,1.11516e+07,0,0,0,2.37082e+08,59.0445,61.3098,2.86718,0,0,2.07428,1.49615,0,1.60259,2.54016,8.62394e+06,3.61194e+06,1.78884e+07,0,0,0,1.28823e+08
84.2711,85.1408,2.55596,0.25,0.02,2.68776,3.26574,0,0.503603,6.89472,4.14971e+06,2.70226e+06,1.11534e+07,0,0,0,2.37082e+08,58.8689,61.3098,2.75566,0,0,2.07428,1.49629,0,1.60259,2.54016,8.62394e+06,3.61194e+06,1.78884e+07,0,0,0,1.28823e+08
83.3904,85.1408,2.05084,0.26,0.02,2.68821,3.26605,0,0.503686,6.89472,4.14971e+06,2.70226e+06,1.11553e+07,0,0,0,2.37082e+08,58.6171,61.3098,2.98102,0,0,2.07428,1.49643,0,1.60259,2.54016,8.62394e+06,3.61194e+06,1.78884e+07,0,0,0,1.28823e+08
82.2481,85.1408,1.74973,0.25,0.02,2.6594,3.2371,0,0.50377,6.89472,4.14971e+06,2.70226e+06,1.10357e+07,0,0,0,2.37082e+08,58.3133,61.3098,2.79771,0,0,2.11647,1.53876,0,1.60259,2.54016,8.62394e+06,3.61194e+06,1.82523e+07,0,0,0,1.28823e+08
80.9509,85.1408,1.59713,0.25,0.02,2.70203,3.2374,0,0.498371,6.89472,4.14971e+06,2.70226e+06,1.12126e+07,0,0,0,2.37082e+08,57.9617,61.3098,2.67891,0,0,2.07428,1.53891,0,1.63518,2.54016,8.62394e+06,3.61194e+06,1.78885e+07,0,0,0,1.28823e+08
79.6024,85.1408,1.50064,0.24,0.02,2.70247,3.2377,0,0.50636,6.89472,4.14971e+06,2.70226e+06,1.12145e+07,0,0,0,2.37082e+08,57.5219,61.3098,2.60599,0,0,2.07428,1.53905,0,1.60259,2.54016,8.62394e+06,3.61194e+06,1.78885e+07,0,0,0,1.28823e+08
78.0871,85.1408,1.32208,0.24,0.02,2.70292,3.238,0,0.506443,6.89472,4.14971e+06,2.70226e+06,1.12163e+07,0,0,0,2.37082e+08,57.0566,61.3098,2.54848,0,0,2.07428,1.53919,0,1.60259,2.54016,8.62394e+06,3.61194e+06,1.78885e+07,0,0,0,1.28823e+08
76.3992,85.1408,1.19991,0.25,0.02,2.77894,3.31388,0,0.506527,6.89472,4.14971e+06,2.70226e+06,1.15318e+07,0,0,0,2.37082e+08,56.5586,61.3098,2.3644,0,0,2.11189,1.57695,0,1.60259,2.54016,8.62394e+06,3.61194e+06,1.82128e+07,0,0,0,1.28823e+08
74.5928,85.1408,1.09257,0.25,0.02,2.81701,3.31419,0,0.520773,6.89472,4.14971e+06,2.70226e+06,1.16898e+07,0,0,0,2.37082e+08,56.0316,61.3098,2.04205,0,0,2.07428,1.5771,0,1.63165,2.54016,8.62394e+06,3.61194e+06,1.78885e+07,0,0,0,1.28823e+08
72.9378,85.1408,1.22532,0.24,0.02,2.81746,3.3145,0,0.527907,6.89472,4.14971e+06,2.70226e+06,1.16916e+07,0,0,0,2.37082e+08,55.6125,61.3098,2.69806,0,0,2.07428,1.57725,0,1.60259,2.54016,8.62394e+06,3.61194e+06,1.78885e+07,0,0,0,1.28823e+08
71.264,85.1408,1.18905,0.26,0.02,2.81792,3.31481,0,0.527993,6.89472,4.14971e+06,2.70226e+06,1.16935e+07,0,0,0,2.37082e+08,55.1732,61.3098,2.57501,0,0,2.07428,1.57739,0,1.60259,2.54016,8.62394e+06,3.61194e+06,1.78885e+07,0,0,0,1.28823e+08
69.2853,85.1408,1.03216,0.25,0.02,3.03978,3.53652,0,0.528078,6.89472,4.14971e+06,2.70226e+06,1.26142e+07,0,0,0,2.37082e+08,54.6885,61.3098,2.57072,0,0,2.2101,1.71336,0,1.60259,2.54016,8.62394e+06,3.61194e+06,1.90598e+07,0,0,0,1.28823e+08
67.1619,85.1408,0.995973,0.25,0.02,3.17608,3.53685,0,0.569655,6.89472,4.14971e+06,2.70226e+06,1.31798e+07,0,0,0,2.37082e+08,54.2118,61.3098,2.66469,0,0,2.0743,1.71352,0,1.70753,2.54016,8.62394e+06,3.61194e+06,1.78886e+07,0,0,0,1.28823e+08
64.8807,85.1408,0.816263,0.27,0.02,3.17657,3.53718,0,0.595197,6.89472,4.14971e+06,2.70226e+06,1.31818e+07,0,0,0,2.37082e+08,53.5992,61.3098,1.86435,0,0,2.0743,1.71368,0,1.6026,2.54016,8.62394e+06,3.61194e+06,1.78886e+07,0,0,0,1.28823e+08
62.8002,85.1408,0.986424,0.28,0.02,3.17706,3.53751,0,0.595288,6.89472,4.14971e+06,2.70226e+06,1.31838e+07,0,0,0,2.37082e+08,53.2422,61.3098,3.46126,0,0,2.0743,1.71384,0,1.6026,2.54016,8.62394e+06,3.61194e+06,1.78886e+07,0,0,0,1.28823e+08
60.7832,85.1408,1.05437,0.29,0.02,3.17755,3.53784,0,0.59538,6.89472,4.14971e+06,2.70226e+06,1.31859e+07,0,0,0,2.37082e+08,52.8032,61.3098,2.33436,0,0,2.0743,1.714,0,1.6026,2.54016,8.62394e+06,3.61194e+06,1.78886e+07,0,0,0,1.28823e+08
59.0118,85.1408,1.20431,0.31,0.02,3.07008,3.43022,0,0.595472,6.89472,4.14971e+06,2.70226e+06,1.27399e+07,0,0,0,2.37082e+08,52.6641,61.3098,3.7576,0,0,1.99182,1.63168,0,1.6026,2.54016,8.62394e+06,3.61194e+06,1.71773e+07,0,0,0,1.28823e+08
57.1897,85.1408,1.06982,0.32,0.02,2.98809,3.43054,0,0.575333,6.89472,4.14971e+06,2.70226e+06,1.23997e+07,0,0,0,2.37082e+08,52.228,61.3098,2.63691,0,0,2.07429,1.63184,0,1.53888,2.54016,8.62394e+06,3.61194e+06,1.78885e+07,0,0,0,1.28823e+08
55.2099,85.1408,0.88144,0.31,0.02,2.98856,3.43086,0,0.559967,6.89472,4.14971e+06,2.70226e+06,1.24016e+07,0,0,0,2.37082e+08,51.7075,61.3098,2.07928,0,0,2.07429,1.63199,0,1.6026,2.54016,8.62394e+06,3.61194e+06,1.78885e+07,0,0,0,1.28823e+08
53.5826,85.1408,1.28037,0.35,0.02,2.98903,3.43118,0,0.560056,6.89472,4.14971e+06,2.70226e+06,1.24036e+07,0,0,0,2.37082e+08,50.8716,61.3098,2.22983,0,0,2.07429,1.63214,0,1.6026,2.54016,8.62394e+06,3.61194e+06,1.78885e+07,0,0,0,1.28823e+08
51.6755,85.1408,0.896627,0.37,0.02,2.90086,3.34285,0,0.560144,6.89472,4.14971e+06,2.70226e+06,1.20377e+07,0,0,0,2.37082e+08,50.2699,61.3098,1.05646,0,0,1.99919,1.55719,0,1.6026,2.54016,8.62394e+06,3.61194e+06,1.72409e+07,0,0,0,1.28823e+08
51.6016,85.1408,2.78344,0.38,0.02,2.82622,3.34317,0,0.543621,6.89472,4.14971e+06,2.70226e+06,1.1728e+07,0,0,0,2.37082e+08,50.0291,61.3098,3.3792,0,0,2.07428,1.55734,0,1.54457,2.54016,8.62394e+06,3.61194e+06,1.78885e+07,0,0,0,1.28823e+08
51.0409,85.1408,2.28343,0.38,0.02,2.82668,3.34348,0,0.529634,6.89472,4.14971e+06,2.70226e+06,1.17299e+07,0,0,0,2.37082e+08,49.8917,61.3098,1.81495,0,0,2.07428,1.55748,0,1.60259,2.54016,8.62394e+06,3.61194e+06,1.78885e+07,0,0,0,1.28823e+08
50.2976,85.1408,1.82636,0.44,0.02,2.52875,3.34379,0,0.52972,6.89472,4.14971e+06,3.40773e+06,1.04936e+07,0,0,0,2.37082e+08,49.654,61.3098,1.9668,0,0,1.93529,1.55763,0,1.60259,2.54016,8.62394e+06,4.5549e+06,1.66898e+07,0,0,0,1.28823e+08
50.0664,85.1408,2.1908,0.47,0.02,2.29981,3.09225,0,0.473888,6.89472,4.14971e+06,3.40773e+06,9.54352e+06,0,0,0,2.37082e+08,49.5149,61.3098,2.40015,0,0,1.79276,1.4013,0,1.4952,2.54016,8.62394e+06,4.5549e+06,1.54607e+07,0,0,0,1.28823e+08
50.8141,85.1408,3.11619,0.51,0.02,2.14374,3.09254,0,0.430983,6.89472,4.14971e+06,3.40773e+06,8.89589e+06,0,0,0,2.37082e+08,49.7649,61.3098,3.59782,0,0,1.94921,1.40143,0,1.38509,2.54016,8.62394e+06,4.5549e+06,1.68099e+07,0,0,0,1.28823e+08
51.3515,85.1408,2.89396,0.56,0.02,2.14413,3.09283,0,0.401737,6.89472,4.14971e+06,3.40773e+06,8.89753e+06,0,0,0,2.37082e+08,49.7781,61.3098,2.67845,0,0,1.9492,1.40156,0,1.50596,2.54016,8.62394e+06,4.5549e+06,1.68098e+07,0,0,0,1.28823e+08
53.039,85.1408,4.11616,0.53,0.02,2.14453,3.09312,0,0.401811,6.89472,4.14971e+06,3.40773e+06,8.89916e+06,0,0,0,2.37082e+08,50.3858,61.3098,4.82123,0,0,1.94919,1.40169,0,1.50595,2.54016,8.62394e+06,4.5549e+06,1.68097e+07,0,0,0,1.28823e+08
55.1291,85.1408,4.54673,0.55,0.02,2.14492,3.09341,0,0.401884,6.89472,4.14971e+06,3.40773e+06,8.90079e+06,0,0,0,2.37082e+08,51.2634,61.3098,5.10744,0,0,1.94917,1.40182,0,1.50594,2.54016,8.62394e+06,4.5549e+06,1.68096e+07,0,0,0,1.28823e+08
57.5699,85.1408,5.07576,0.61,0.02,2.23357,3.1906,0,0.401958,6.89472,4.14971e+06,3.40773e+06,9.26867e+06,0,0,0,2.37082e+08,52.8901,61.3098,6.81938,0,0,1.99044,1.44728,0,1.50593,2.54016,8.62394e+06,4.5549e+06,1.71655e+07,0,0,0,1.28823e+08
61.952,85.1408,7.17228,0.55,0.02,2.27928,3.19087,0,0.418572,6.89472,4.14971e+06,3.40773e+06,9.45834e+06,0,0,0,2.37082e+08,54.7083,61.3098,7.81246,0,0,1.9451,1.4474,0,1.53782,2.54016,8.62394e+06,4.5549e+06,1.67744e+07,0,0,0,1.28823e+08
64.1617,85.1408,4.90532,0.57,0.02,2.27965,3.19115,0,0.427137,6.89472,4.14971e+06,3.40773e+06,9.45989e+06,0,0,0,2.37082e+08,56.2103,61.3098,6.10256,0,0,1.94509,1.44753,0,1.50278,2.54016,8.62394e+06,4.5549e+06,1.67743e+07,0,0,0,1.28823e+08
64.9055,85.1408,3.34324,0.5,0.02,2.28003,3.19142,0,0.427207,6.89472,4.14971e+06,3.40773e+06,9.46144e+06,0,0,0,2.37082e+08,57.1141,61.3098,4.93798,0,0,1.94508,1.44765,0,1.50278,2.54016,8.62394e+06,4.5549e+06,1.67742e+07,0,0,0,1.28823e+08
64.8296,85.1408,2.79125,0.52,0.02,2.56393,3.50301,0,0.427277,6.89472,4.14971e+06,3.40773e+06,1.06396e+07,0,0,0,2.37082e+08,57.9763,61.3098,4.47621,0,0,2.1001,1.618,0,1.50277,2.54016,8.62394e+06,4.5549e+06,1.81112e+07,0,0,0,1.28823e+08
65.0311,85.1408,3.25148,0.55,0.02,2.73456,3.50331,0,0.48048,6.89472,4.14971e+06,3.40773e+06,1.13476e+07,0,0,0,2.37082e+08,59.0409,61.3098,5.57775,0,0,1.92988,1.61814,0,1.62254,2.54016,8.62394e+06,4.5549e+06,1.66432e+07,0,0,0,1.28823e+08
66.1142,85.1408,4.23828,0.56,0.02,2.73497,3.50361,0,0.512456,6.89472,4.14971e+06,3.40773e+06,1.13493e+07,0,0,0,2.37082e+08,60.0735,61.3098,5.82314,0,0,1.92987,1.61828,0,1.49102,2.54016,8.62394e+06,4.5549e+06,1.6643e+07,0,0,0,1.28823e+08
66.4572,85.1408,3.40943,0.61,0.02,2.73538,3.50391,0,0.512533,6.89472,4.14971e+06,3.40773e+06,1.1351e+07,0,0,0,2.37082e+08,61.1457,61.3098,5.20111,0,0,1.92985,1.61842,0,1.49101,2.54016,8.62394e+06,4.5549e+06,1.66429e+07,0,0,0,1.28823e+08
69.5443,85.1408,5.9367,0.63,0.02,2.33125,3.06003,0,0.51261,6.89472,4.14971e+06,3.40773e+06,9.674e+06,0,0,0,2.37082e+08,62.338,61.3098,6.86772,0,0,1.72171,1.39003,0,1.49101,2.54016,8.62394e+06,4.5549e+06,1.48479e+07,0,0,0,1.28823e+08
71.9498,85.1408,5.20005,0.62,0.02,2.1031,3.06029,0,0.436876,6.89472,4.14971e+06,3.40773e+06,8.72725e+06,0,0,0,2.37082e+08,62.338,61.3098,7.38798,0,0,1.9502,1.39015,0,1.33019,2.54016,8.62394e+06,4.5549e+06,1.68184e+07,0,0,0,1.28823e+08
74.1427,85.1408,4.72683,0.65,0.02,2.10346,3.06055,0,0.394121,6.89472,4.14971e+06,3.40773e+06,8.72874e+06,0,0,0,2.37082e+08,62.338,61.3098,6.65608,0,0,1.95019,1.39027,0,1.50673,2.54016,8.62394e+06,4.5549e+06,1.68183e+07,0,0,0,1.28823e+08
76.2091,85.1408,4.80626,0.59,0.02,2.10382,3.06082,0,0.394188,6.89472,4.14971e+06,3.40773e+06,8.73023e+06,0,0,0,2.37082e+08,62.338,61.3098,6.44756,0,0,1.95018,1.39039,0,1.50672,2.54016,8.62394e+06,4.5549e+06,1.68183e+07,0,0,0,1.28823e+08
78.7001,85.1408,5.30229,0.62,0.02,2.10418,3.06108,0,0.394255,6.89472,4.14971e+06,3.40773e+06,8.73171e+06,0,0,0,2.37082e+08,62.338,61.3098,5.88494,0,0,1.95017,1.39051,0,1.50671,2.54016,8.62394e+06,4.5549e+06,1.68182e+07,0,0,0,1.28823e+08
81.0077,85.1408,5.16825,0.68,0.02,2.20641,3.1732,0,0.394322,6.89472,4.14971e+06,3.40773e+06,9.15594e+06,0,0,0,2.37082e+08,62.338,61.3098,4.64856,0,0,2.0011,1.44656,0,1.5067,2.54016,8.62394e+06,4.5549e+06,1.72574e+07,0,0,0,1.28823e+08
82.6527,85.1408,4.5262,0.58,0.02,2.2627,3.17347,0,0.413481,6.89472,4.14971e+06,3.40773e+06,9.38956e+06,0,0,0,2.37082e+08,62.338,61.3098,4.24552,0,0,1.94516,1.44668,0,1.54605,2.54016,8.62394e+06,4.5549e+06,1.6775e+07,0,0,0,1.28823e+08
84.4231,85.1408,4.63411,0.57,0.02,2.26308,3.17374,0,0.424031,6.89472,4.14971e+06,3.40773e+06,9.3911e+06,0,0,0,2.37082e+08,62.338,61.3098,4.27367,0,0,1.94515,1.44681,0,1.50283,2.54016,8.62394e+06,4.5549e+06,1.67749e+07,0,0,0,1.28823e+08
85.1408,85.1408,4.62185,0.57,0.02,2.26345,3.17401,0,0.4241,6.89472,4.14971e+06,3.40773e+06,9.39265e+06,0,0,0,2.37082e+08,62.338,61.3098,4.16526,0,0,1.94514,1.44693,0,1.50283,2.54016,8.62394e+06,4.5549e+06,1.67748e+07,0,0,0,1.28823e+08
85.1408,85.1408,3.70269,0.54,0.02,2.22397,3.13053,0,0.42417,6.89472,4.14971e+06,3.40773e+06,9.22884e+06,0,0,0,2.37082e+08,62.338,61.3098,4.20474,0,0,1.92534,1.42533,0,1.50282,2.54016,8.62394e+06,4.5549e+06,1.6604e+07,0,0,0,1.28823e+08
85.1408,85.1408,3.26484,0.53,0.02,2.20261,3.1308,0,0.416773,6.89472,4.14971e+06,3.40773e+06,9.1402e+06,0,0,0,2.37082e+08,62.338,61.3098,3.75709,0,0,1.94706,1.42545,0,1.48752,2.54016,8.62394e+06,4.5549e+06,1.67913e+07,0,0,0,1.28823e+08
85.1408,85.1408,2.93521,0.49,0.02,2.20298,3.13107,0,0.41277,6.89472,4.14971e+06,3.40773e+06,9.14172e+06,0,0,0,2.37082e+08,62.338,61.3098,3.36136,0,0,1.94705,1.42557,0,1.5043,2.54016,8.62394e+06,4.5549e+06,1.67912e+07,0,0,0,1.28823e+08
85.1408,85.1408,2.70568,0.42,0.02,2.20335,3.13134,0,0.412838,6.89472,4.14971e+06,3.40773e+06,9.14324e+06,0,0,0,2.37082e+08,62.338,61.3098,3.19548,0,0,1.94704,1.42569,0,1.50429,2.54016,8.62394e+06,4.5549e+06,1.67911e+07,0,0,0,1.28823e+08
84.665,85.1408,2.47743,0.37,0.02,2.63172,3.28016,0,0.412907,6.89472,4.14971e+06,2.70226e+06,1.09209e+07,0,0,0,2.37082e+08,62.338,61.3098,2.88677,0,0,2.15135,1.5029,0,1.50428,2.54016,8.62394e+06,3.61194e+06,1.85531e+07,0,0,0,1.28823e+08
84.1984,85.1408,2.49694,0.35,0.02,2.70921,3.28044,0,0.493184,6.89472,4.14971e+06,2.70226e+06,1.12424e+07,0,0,0,2.37082e+08,62.338,61.3098,3.56177,0,0,2.07426,1.50303,0,1.66213,2.54016,8.62394e+06,3.61194e+06,1.78883e+07,0,0,0,1.28823e+08
83.5245,85.1408,2.22798,0.31,0.02,2.70962,3.28073,0,0.507706,6.89472,4.14971e+06,2.70226e+06,1.12441e+07,0,0,0,2.37082e+08,62.2989,61.3098,2.99433,0,0,2.07426,1.50316,0,1.60258,2.54016,8.62394e+06,3.61194e+06,1.78883e+07,0,0,0,1.28823e+08
82.7179,85.1408,2.07968,0.26,0.02,2.71003,3.28101,0,0.507783,6.89472,4.14971e+06,2.70226e+06,1.12458e+07,0,0,0,2.37082e+08,62.0864,61.3098,2.53483,0,0,2.07426,1.50329,0,1.60258,2.54016,8.62394e+06,3.61194e+06,1.78883e+07,0,0,0,1.28823e+08
81.9152,85.1408,2.09848,0.26,0.02,2.71044,3.28129,0,0.507859,6.89472,4.14971e+06,2.70226e+06,1.12475e+07,0,0,0,2.37082e+08,61.9368,61.3098,2.77871,0,0,2.07426,1.50342,0,1.60258,2.54016,8.62394e+06,3.61194e+06,1.78883e+07,0,0,0,1.28823e+08
81.0222,85.1408,1.98875,0.25,0.02,2.68146,3.25218,0,0.507936,6.89472,4.14971e+06,2.70226e+06,1.11273e+07,0,0,0,2.37082e+08,61.8827,61.3098,2.97785,0,0,2.11665,1.54593,0,1.60258,2.54016,8.62394e+06,3.61194e+06,1.82539e+07,0,0,0,1.28823e+08
79.9704,85.1408,1.84766,0.24,0.02,2.72425,3.25246,0,0.502505,6.89472,4.14971e+06,2.70226e+06,1.13049e+07,0,0,0,2.37082e+08,61.7669,61.3098,2.72198,0,0,2.07427,1.54606,0,1.63532,2.54016,8.62394e+06,3.61194e+06,1.78884e+07,0,0,0,1.28823e+08
78.8796,85.1408,1.78849,0.23,0.02,2.72466,3.25274,0,0.510525,6.89472,4.14971e+06,2.70226e+06,1.13066e+07,0,0,0,2.37082e+08,61.611,61.3098,2.54054,0,0,2.07427,1.5462,0,1.60258,2.54016,8.62394e+06,3.61194e+06,1.78884e+07,0,0,0,1.28823e+08
77.7035,85.1408,1.66288,0.27,0.02,2.72508,3.25301,0,0.510602,6.89472,4.14971e+06,2.70226e+06,1.13083e+07,0,0,0,2.37082e+08,61.3959,61.3098,2.36502,0,0,2.07427,1.54633,0,1.60258,2.54016,8.62394e+06,3.61194e+06,1.78884e+07,0,0,0,1.28823e+08
76.3782,85.1408,1.57966,0.25,0.02,2.80141,3.32922,0,0.510679,6.89472,4.14971e+06,2.70226e+06,1.1625e+07,0,0,0,2.37082e+08,61.353,61.3098,2.6573,0,0,2.11206,1.58425,0,1.60258,2.54016,8.62394e+06,3.61194e+06,1.82142e+07,0,0,0,1.28823e+08
74.9539,85.1408,1.48928,0.25,0.02,2.83962,3.3295,0,0.524985,6.89472,4.14971e+06,2.70226e+06,1.17836e+07,0,0,0,2.37082e+08,61.2097,61.3098,2.72284,0,0,2.07427,1.58439,0,1.63178,2.54016,8.62394e+06,3.61194e+06,1.78884e+07,0,0,0,1.28823e+08
73.4492,85.1408,1.39394,0.24,0.02,2.84004,3.32979,0,0.532145,6.89472,4.14971e+06,2.70226e+06,1.17853e+07,0,0,0,2.37082e+08,61.0028,61.3098,2.49815,0,0,2.07427,1.58452,0,1.60258,2.54016,8.62394e+06,3.61194e+06,1.78884e+07,0,0,0,1.28823e+08
71.9377,85.1408,1.36919,0.26,0.02,2.84046,3.33008,0,0.532224,6.89472,4.14971e+06,2.70226e+06,1.17871e+07,0,0,0,2.37082e+08,60.8611,61.3098,2.67799,0,0,2.07427,1.58466,0,1.60258,2.54016,8.62394e+06,3.61194e+06,1.78884e+07,0,0,0,1.28823e+08
70.1166,85.1408,1.21761,0.26,0.02,3.0633,3.55278,0,0.532303,6.89472,4.14971e+06,2.70226e+06,1.27118e+07,0,0,0,2.37082e+08,60.702,61.3098,2.63078,0,0,2.21072,1.72124,0,1.60258,2.54016,8.62394e+06,3.61194e+06,1.90651e+07,0,0,0,1.28823e+08
67.9782,85.1408,0.992287,0.25,0.02,3.20019,3.55309,0,0.574063,6.89472,4.14971e+06,2.70226e+06,1.32798e+07,0,0,0,2.37082e+08,60.4416,61.3098,2.36884,0,0,2.07428,1.72139,0,1.708,2.54016,8.62394e+06,3.61194e+06,1.78885e+07,0,0,0,1.28823e+08
65.9378,85.1408,1.06712,0.28,0.02,3.20064,3.55339,0,0.599715,6.89472,4.14971e+06,2.70226e+06,1.32817e+07,0,0,0,2.37082e+08,60.1907,61.3098,2.38976,0,0,2.07428,1.72153,0,1.60259,2.54016,8.62394e+06,3.61194e+06,1.78885e+07,0,0,0,1.28823e+08
64.4428,85.1408,1.65375,0.28,0.02,3.20109,3.5537,0,0.5998,6.89472,4.14971e+06,2.70226e+06,1.32836e+07,0,0,0,2.37082e+08,60.0963,61.3098,2.86774,0,0,2.07428,1.72168,0,1.60259,2.54016,8.62394e+06,3.61194e+06,1.78885e+07,0,0,0,1.28823e+08
64.0265,85.1408,2.73627,0.29,0.02,3.20155,3.554,0,0.599885,6.89472,4.14971e+06,2.70226e+06,1.32855e+07,0,0,0,2.37082e+08,60.4248,61.3098,3.6696,0,0,2.07428,1.72183,0,1.60259,2.54016,8.62394e+06,3.61194e+06,1.78885e+07,0,0,0,1.28823e+08
63.716,85.1408,2.78547,0.29,0.02,3.09355,3.44586,0,0.59997,6.89472,4.14971e+06,2.70226e+06,1.28373e+07,0,0,0,2.37082e+08,60.8577,61.3098,3.9928,0,0,1.99143,1.63912,0,1.60259,2.54016,8.62394e+06,3.61194e+06,1.7174e+07,0,0,0,1.28823e+08
63.6691,85.1408,3.04204,0.29,0.02,3.01114,3.44615,0,0.579732,6.89472,4.14971e+06,2.70226e+06,1.24954e+07,0,0,0,2.37082e+08,61.801,61.3098,5.09283,0,0,2.07428,1.63927,0,1.53858,2.54016,8.62394e+06,3.61194e+06,1.78884e+07,0,0,0,1.28823e+08
63.4406,85.1408,2.90422,0.28,0.02,3.01158,3.44645,0,0.564288,6.89472,4.14971e+06,2.70226e+06,1.24972e+07,0,0,0,2.37082e+08,62.338,61.3098,5.27695,0,0,2.07428,1.63941,0,1.60259,2.54016,8.62394e+06,3.61194e+06,1.78884e+07,0,0,0,1.28823e+08
63.5141,85.1408,3.32751,0.28,0.02,3.01202,3.44675,0,0.56437,6.89472,4.14971e+06,2.70226e+06,1.2499e+07,0,0,0,2.37082e+08,62.338,61.3098,5.96095,0,0,2.07428,1.63955,0,1.60259,2.54016,8.62394e+06,3.61194e+06,1.78884e+07,0,0,0,1.28823e+08
63.3555,85.1408,3.17131,0.28,0.02,2.92341,3.358,0,0.564452,6.89472,4.14971e+06,2.70226e+06,1.21313e+07,0,0,0,2.37082e+08,62.338,61.3098,3.40452,0,0,1.99883,1.56424,0,1.60259,2.54016,8.62394e+06,3.61194e+06,1.72378e+07,0,0,0,1.28823e+08
64.9981,85.1408,4.91279,0.27,0.02,2.84839,3.35828,0,0.547846,6.89472,4.14971e+06,2.70226e+06,1.182e+07,0,0,0,2.37082e+08,62.338,61.3098,4.61331,0,0,2.07427,1.56438,0,1.5443,2.54016,8.62394e+06,3.61194e+06,1.78884e+07,0,0,0,1.28823e+08
66.45,85.1408,4.7047,0.29,0.02,2.84881,3.35857,0,0.533789,6.89472,4.14971e+06,2.70226e+06,1.18217e+07,0,0,0,2.37082e+08,62.338,61.3098,4.57319,0,0,2.07427,1.56451,0,1.60258,2.54016,8.62394e+06,3.61194e+06,1.78884e+07,0,0,0,1.28823e+08
74.5273,85.1408,11.2803,0.3,0.02,2.84924,3.35886,0,0.533868,6.89472,4.14971e+06,2.70226e+06,1.18235e+07,0,0,0,2.37082e+08,62.338,61.3098,8.10345,0,0,2.07427,1.56465,0,1.60258,2.54016,8.62394e+06,3.61194e+06,1.78884e+07,0,0,0,1.28823e+08
76.6555,85.1408,5.22507,0.25,0.02,2.59668,3.10616,0,0.533947,6.89472,4.14971e+06,2.70226e+06,1.07754e+07,0,0,0,2.37082e+08,62.338,61.3098,5.90256,0,0,1.91709,1.4076,0,1.60258,2.54016,8.62394e+06,3.61194e+06,1.65329e+07,0,0,0,1.28823e+08
81.6846,85.1408,8.44055,0.26,0.02,2.4399,3.10643,0,0.486617,6.89472,4.14971e+06,2.70226e+06,1.01249e+07,0,0,0,2.37082e+08,62.338,61.3098,7.34406,0,0,2.07426,1.40772,0,1.48115,2.54016,8.62394e+06,3.61194e+06,1.78883e+07,0,0,0,1.28823e+08
85.1408,85.1408,7.46005,0.25,0.02,2.44029,3.1067,0,0.457237,6.89472,4.14971e+06,2.70226e+06,1.01265e+07,0,0,0,2.37082e+08,62.338,61.3098,10.2185,0,0,2.07426,1.40785,0,1.60257,2.54016,8.62394e+06,3.61194e+06,1.78883e+07,0,0,0,1.28823e+08
85.1408,85.1408,5.93763,0.27,0.02,2.44067,3.10696,0,0.45731,6.89472,4.14971e+06,2.70226e+06,1.01281e+07,0,0,0,2.37082e+08,62.338,61.3098,5.4677,0,0,2.07426,1.40797,0,1.60257,2.54016,8.62394e+06,3.61194e+06,1.78883e+07,0,0,0,1.28823e+08
85.1408,85.1408,10.4851,0.29,0.02,2.44106,3.10723,0,0.457382,6.89472,4.14971e+06,2.70226e+06,1.01297e+07,0,0,0,2.37082e+08,62.338,61.3098,10.7648,0,0,2.07426,1.40809,0,1.60257,2.54016,8.62394e+06,3.61194e+06,1.78883e+07,0,0,0,1.28823e+08
85.1408,85.1408,9.54739,0.29,0.02,2.53879,3.20484,0,0.457455,6.89472,4.14971e+06,2.70226e+06,1.05352e+07,0,0,0,2.37082e+08,62.338,61.3098,9.1165,0,0,2.11978,1.45374,0,1.60257,2.54016,8.62394e+06,3.61194e+06,1.82809e+07,0,0,0,1.28823e+08
85.1408,85.1408,7.61318,0.29,0.02,2.58469,3.20509,0,0.475769,6.89472,4.14971e+06,2.70226e+06,1.07257e+07,0,0,0,2.37082e+08,62.338,61.3098,6.51651,0,0,2.07425,1.45385,0,1.63775,2.54016,8.62394e+06,3.61194e+06,1.78882e+07,0,0,0,1.28823e+08
85.1408,85.1408,5.49722,0.31,0.02,2.58505,3.20534,0,0.48437,6.89472,4.14971e+06,2.70226e+06,1.07272e+07,0,0,0,2.37082e+08,62.338,61.3098,5.27049,0,0,2.07425,1.45396,0,1.60257,2.54016,8.62394e+06,3.61194e+06,1.78882e+07,0,0,0,1.28823e+08
85.1408,85.1408,5.15405,0.34,0.02,2.58542,3.20559,0,0.484439,6.89472,4.14971e+06,2.70226e+06,1.07287e+07,0,0,0,2.37082e+08,62.338,61.3098,4.89708,0,0,2.07425,1.45408,0,1.60257,2.54016,8.62394e+06,3.61194e+06,1.78882e+07,0,0,0,1.28823e+08
85.1408,85.1408,7.05177,0.35,0.02,2.89847,3.51853,0,0.484507,6.89472,4.14971e+06,2.70226e+06,1.20278e+07,0,0,0,2.37082e+08,62.338,61.3098,6.66866,0,0,2.24523,1.62517,0,1.60257,2.54016,8.62394e+06,3.61194e+06,1.93627e+07,0,0,0,1.28823e+08
85.1408,85.1408,6.0812,0.36,0.02,3.06984,3.51881,0,0.543174,6.89472,4.14971e+06,2.70226e+06,1.2739e+07,0,0,0,2.37082e+08,62.338,61.3098,4.94877,0,0,2.07426,1.6253,0,1.73467,2.54016,8.62394e+06,3.61194e+06,1.78883e+07,0,0,0,1.28823e+08
85.1408,85.1408,5.19666,0.35,0.02,3.07025,3.51908,0,0.575289,6.89472,4.14971e+06,2.70226e+06,1.27406e+07,0,0,0,2.37082e+08,62.338,61.3098,4.11623,0,0,2.07426,1.62543,0,1.60258,2.54016,8.62394e+06,3.61194e+06,1.78883e+07,0,0,0,1.28823e+08
85.1408,85.1408,7.05201,0.37,0.02,3.07065,3.51936,0,0.575364,6.89472,4.14971e+06,2.70226e+06,1.27423e+07,0,0,0,2.37082e+08,62.338,61.3098,6.71068,0,0,2.07426,1.62556,0,1.60258,2.54016,8.62394e+06,3.61194e+06,1.78883e+07,0,0,0,1.28823e+08
85.1408,85.1408,10.4837,0.38,0.02,2.62492,3.0735,0,0.57544,6.89472,4.14971e+06,2.70226e+06,1.08926e+07,0,0,0,2.37082e+08,62.338,61.3098,12.766,0,0,1.84473,1.39615,0,1.60258,2.54016,8.62394e+06,3.61194e+06,1.59088e+07,0,0,0,1.28823e+08
85.1408,85.1408,8.53718,0.39,0.02,2.3409,3.07374,0,0.491909,6.89472,4.14971e+06,2.83978e+06,9.71403e+06,0,0,0,2.37082e+08,62.338,61.3098,10.9287,0,0,2.04933,1.39626,0,1.42524,2.54016,8.62394e+06,3.79575e+06,1.76733e+07,0,0,0,1.28823e+08
85.1408,85.1408,8.56908,0.43,0.02,2.12179,3.07398,0,0.438684,6.89472,4.14971e+06,3.40773e+06,8.80483e+06,0,0,0,2.37082e+08,62.338,61.3098,8.60751,0,0,1.94964,1.39637,0,1.58331,2.54016,8.62394e+06,4.5549e+06,1.68136e+07,0,0,0,1.28823e+08
85.1408,85.1408,6.00663,0.46,0.02,2.12212,3.07422,0,0.397624,6.89472,4.14971e+06,3.40773e+06,8.80619e+06,0,0,0,2.37082e+08,62.338,61.3098,5.80974,0,0,1.94963,1.39648,0,1.50629,2.54016,8.62394e+06,4.5549e+06,1.68135e+07,0,0,0,1.28823e+08
85.1408,85.1408,8.00291,0.52,0.02,2.12245,3.07446,0,0.397686,6.89472,4.14971e+06,3.40773e+06,8.80756e+06,0,0,0,2.37082e+08,62.338,61.3098,6.6806,0,0,1.94962,1.39659,0,1.50628,2.54016,8.62394e+06,4.5549e+06,1.68134e+07,0,0,0,1.28823e+08
85.1408,85.1408,6.42962,0.54,0.02,2.2251,3.18704,0,0.397748,6.89472,4.14971e+06,3.40773e+06,9.23351e+06,0,0,0,2.37082e+08,62.338,61.3098,6.55171,0,0,2.00077,1.45287,0,1.50628,2.54016,8.62394e+06,4.5549e+06,1.72545e+07,0,0,0,1.28823e+08
85.1408,85.1408,5.131,0.56,0.02,2.28161,3.18729,0,0.416984,6.89472,4.14971e+06,3.40773e+06,9.46801e+06,0,0,0,2.37082e+08,62.338,61.3098,5.84401,0,0,1.94459,1.45299,0,1.5458,2.54016,8.62394e+06,4.5549e+06,1.677e+07,0,0,0,1.28823e+08
85.1408,85.1408,4.47678,0.55,0.02,2.28195,3.18754,0,0.427574,6.89472,4.14971e+06,3.40773e+06,9.46943e+06,0,0,0,2.37082e+08,62.338,61.3098,5.45845,0,0,1.94458,1.4531,0,1.50239,2.54016,8.62394e+06,4.5549e+06,1.677e+07,0,0,0,1.28823e+08
85.1408,85.1408,4.76674,0.56,0.02,2.28229,3.18779,0,0.427638,6.89472,4.14971e+06,3.40773e+06,9.47084e+06,0,0,0,2.37082e+08,62.338,61.3098,5.24394,0,0,1.94457,1.45321,0,1.50238,2.54016,8.62394e+06,4.5549e+06,1.67699e+07,0,0,0,1.28823e+08
85.1408,85.1408,4.95342,0.53,0.02,2.24262,3.1441,0,0.427702,6.89472,4.14971e+06,3.40773e+06,9.3062e+06,0,0,0,2.37082e+08,62.338,61.3098,5.82602,0,0,1.92468,1.4315,0,1.50238,2.54016,8.62394e+06,4.5549e+06,1.65984e+07,0,0,0,1.28823e+08
85.1408,85.1408,4.48663,0.52,0.02,2.22113,3.14435,0,0.420266,6.89472,4.14971e+06,3.40773e+06,9.21703e+06,0,0,0,2.37082e+08,62.338,61.3098,5.21583,0,0,1.9465,1.43162,0,1.48701,2.54016,8.62394e+06,4.5549e+06,1.67865e+07,0,0,0,1.28823e+08
85.1408,85.1408,4.23859,0.48,0.02,2.22147,3.1446,0,0.41624,6.89472,4.14971e+06,3.40773e+06,9.21843e+06,0,0,0,2.37082e+08,62.338,61.3098,4.64069,0,0,1.94649,1.43173,0,1.50386,2.54016,8.62394e+06,4.5549e+06,1.67864e+07,0,0,0,1.28823e+08
85.1408,85.1408,4.18107,0.43,0.02,2.2218,3.14484,0,0.416303,6.89472,4.14971e+06,3.40773e+06,9.21983e+06,0,0,0,2.37082e+08,62.338,61.3098,4.77005,0,0,1.94648,1.43184,0,1.50386,2.54016,8.62394e+06,4.5549e+06,1.67863e+07,0,0,0,1.28823e+08
85.1408,85.1408,4.09678,0.38,0.02,2.65199,3.29428,0,0.416366,6.89472,4.14971e+06,2.70226e+06,1.1005e+07,0,0,0,2.37082e+08,62.338,61.3098,4.56325,0,0,2.15167,1.50937,0,1.50385,2.54016,8.62394e+06,3.61194e+06,1.85558e+07,0,0,0,1.28823e+08
85.1408,85.1408,3.95675,0.34,0.02,2.72977,3.29454,0,0.496982,6.89472,4.14971e+06,2.70226e+06,1.13278e+07,0,0,0,2.37082e+08,62.338,61.3098,4.3742,0,0,2.07425,1.50949,0,1.66238,2.54016,8.62394e+06,3.61194e+06,1.78882e+07,0,0,0,1.28823e+08
85.1408,85.1408,3.66528,0.32,0.02,2.73015,3.2948,0,0.51156,6.89472,4.14971e+06,2.70226e+06,1.13293e+07,0,0,0,2.37082e+08,62.338,61.3098,4.16152,0,0,2.07425,1.50961,0,1.60257,2.54016,8.62394e+06,3.61194e+06,1.78882e+07,0,0,0,1.28823e+08
85.1408,85.1408,3.5018,0.28,0.02,2.73053,3.29506,0,0.51163,6.89472,4.14971e+06,2.70226e+06,1.13309e+07,0,0,0,2.37082e+08,62.338,61.3098,3.99328,0,0,2.07425,1.50973,0,1.60257,2.54016,8.62394e+06,3.61194e+06,1.78882e+07,0,0,0,1.28823e+08
85.1408,85.1408,3.12631,0.27,0.02,2.7309,3.29531,0,0.511701,6.89472,4.14971e+06,2.70226e+06,1.13324e+07,0,0,0,2.37082e+08,62.338,61.3098,3.35454,0,0,2.07425,1.50984,0,1.60257,2.54016,8.62394e+06,3.61194e+06,1.78882e+07,0,0,0,1.28823e+08
85.0152,85.1408,2.76699,0.27,0.02,2.70176,3.26606,0,0.511771,6.89472,4.14971e+06,2.70226e+06,1.12115e+07,0,0,0,2.37082e+08,62.2264,61.3098,2.54211,0,0,2.11682,1.55253,0,1.60257,2.54016,8.62394e+06,3.61194e+06,1.82553e+07,0,0,0,1.28823e+08
84.6234,85.1408,2.51516,0.24,0.02,2.7447,3.26631,0,0.50631,6.89472,4.14971e+06,2.70226e+06,1.13897e+07,0,0,0,2.37082e+08,62.0635,61.3098,2.32998,0,0,2.07426,1.55265,0,1.63546,2.54016,8.62394e+06,3.61194e+06,1.78883e+07,0,0,0,1.28823e+08
84.1409,85.1408,2.38202,0.23,0.02,2.74508,3.26657,0,0.514358,6.89472,4.14971e+06,2.70226e+06,1.13913e+07,0,0,0,2.37082e+08,61.7906,61.3098,2.30771,0,0,2.07426,1.55277,0,1.60257,2.54016,8.62394e+06,3.61194e+06,1.78883e+07,0,0,0,1.28823e+08
83.4051,85.1408,2.12029,0.23,0.02,2.74546,3.26682,0,0.514428,6.89472,4.14971e+06,2.70226e+06,1.13929e+07,0,0,0,2.37082e+08,61.4803,61.3098,2.24293,0,0,2.07426,1.55289,0,1.60257,2.54016,8.62394e+06,3.61194e+06,1.78883e+07,0,0,0,1.28823e+08
83.2935,85.1408,2.81797,0.22,0.02,2.82208,3.34333,0,0.514499,6.89472,4.14971e+06,2.70226e+06,1.17108e+07,0,0,0,2.37082e+08,61.1867,61.3098,2.42391,0,0,2.11221,1.59096,0,1.60257,2.54016,8.62394e+06,3.61194e+06,1.82155e+07,0,0,0,1.28823e+08
82.8398,85.1408,2.50117,0.22,0.02,2.86042,3.34359,0,0.528859,6.89472,4.14971e+06,2.70226e+06,1.18699e+07,0,0,0,2.37082e+08,60.853,61.3098,2.29326,0,0,2.07426,1.59109,0,1.63189,2.54016,8.62394e+06,3.61194e+06,1.78883e+07,0,0,0,1.28823e+08
82.1836,85.1408,2.28954,0.22,0.02,2.8608,3.34385,0,0.536042,6.89472,4.14971e+06,2.70226e+06,1.18715e+07,0,0,0,2.37082e+08,60.4987,61.3098,2.14069,0,0,2.07426,1.59121,0,1.60257,2.54016,8.62394e+06,3.61194e+06,1.78883e+07,0,0,0,1.28823e+08
81.2368,85.1408,1.97466,0.22,0.02,2.86119,3.34411,0,0.536114,6.89472,4.14971e+06,2.70226e+06,1.18731e+07,0,0,0,2.37082e+08,60.1363,61.3098,2.12317,0,0,2.07426,1.59134,0,1.60257,2.54016,8.62394e+06,3.61194e+06,1.78883e+07,0,0,0,1.28823e+08
80.0052,85.1408,1.86695,0.22,0.02,3.08493,3.56773,0,0.536187,6.89472,4.14971e+06,2.70226e+06,1.28016e+07,0,0,0,2.37082e+08,59.6664,61.3098,1.81468,0,0,2.21128,1.72848,0,1.60257,2.54016,8.62394e+06,3.61194e+06,1.90699e+07,0,0,0,1.28823e+08
78.9929,85.1408,2.20165,0.22,0.02,3.22235,3.56801,0,0.578116,6.89472,4.14971e+06,2.70226e+06,1.33718e+07,0,0,0,2.37082e+08,59.0452,61.3098,1.95114,0,0,2.07427,1.72862,0,1.70843,2.54016,8.62394e+06,3.61194e+06,1.78884e+07,0,0,0,1.28823e+08
77.5486,85.1408,1.77093,0.25,0.02,3.22277,3.56829,0,0.603869,6.89472,4.14971e+06,2.70226e+06,1.33735e+07,0,0,0,2.37082e+08,58.4607,61.3098,1.46515,0,0,2.07427,1.72875,0,1.60258,2.54016,8.62394e+06,3.61194e+06,1.78884e+07,0,0,0,1.28823e+08
76.4764,85.1408,2.12123,0.25,0.02,3.22318,3.56857,0,0.603947,6.89472,4.14971e+06,2.70226e+06,1.33753e+07,0,0,0,2.37082e+08,58.1221,61.3098,2.40896,0,0,2.07427,1.72889,0,1.60258,2.54016,8.62394e+06,3.61194e+06,1.78884e+07,0,0,0,1.28823e+08
75.0676,85.1408,1.81585,0.26,0.02,3.2236,3.56885,0,0.604025,6.89472,4.14971e+06,2.70226e+06,1.3377e+07,0,0,0,2.37082e+08,57.7186,61.3098,2.03882,0,0,2.07427,1.72902,0,1.60258,2.54016,8.62394e+06,3.61194e+06,1.78884e+07,0,0,0,1.28823e+08
76.1092,85.1408,4.24636,0.25,0.02,3.11512,3.46023,0,0.604102,6.89472,4.14971e+06,2.70226e+06,1.29268e+07,0,0,0,2.37082e+08,58.1659,61.3098,5.11369,0,0,1.99107,1.64596,0,1.60258,2.54016,8.62394e+06,3.61194e+06,1.71709e+07,0,0,0,1.28823e+08
75.3816,85.1408,2.46827,0.24,0.02,3.03232,3.4605,0,0.583773,6.89472,4.14971e+06,2.70226e+06,1.25833e+07,0,0,0,2.37082e+08,58.1024,61.3098,3.45211,0,0,2.07426,1.64609,0,1.5383,2.54016,8.62394e+06,3.61194e+06,1.78883e+07,0,0,0,1.28823e+08
74.4987,85.1408,2.20738,0.25,0.02,3.03272,3.46077,0,0.568258,6.89472,4.14971e+06,2.70226e+06,1.25849e+07,0,0,0,2.37082e+08,58.0532,61.3098,2.88375,0,0,2.07426,1.64622,0,1.60258,2.54016,8.62394e+06,3.61194e+06,1.78883e+07,0,0,0,1.28823e+08
76.9269,85.1408,5.67095,0.24,0.02,3.03312,3.46104,0,0.568332,6.89472,4.14971e+06,2.70226e+06,1.25866e+07,0,0,0,2.37082e+08,58.7495,61.3098,6.62461,0,0,2.07426,1.64635,0,1.60258,2.54016,8.62394e+06,3.61194e+06,1.78883e+07,0,0,0,1.28823e+08
77.3759,85.1408,3.62828,0.23,0.02,2.94411,3.3719,0,0.568407,6.89472,4.14971e+06,2.70226e+06,1.22172e+07,0,0,0,2.37082e+08,59.3429,61.3098,4.17315,0,0,1.99851,1.57072,0,1.60258,2.54016,8.62394e+06,3.61194e+06,1.7235e+07,0,0,0,1.28823e+08
78.0195,85.1408,3.88236,0.23,0.02,2.86875,3.37216,0,0.551726,6.89472,4.14971e+06,2.70226e+06,1.19045e+07,0,0,0,2.37082e+08,60.3236,61.3098,4.85988,0,0,2.07426,1.57084,0,1.54405,2.54016,8.62394e+06,3.61194e+06,1.78883e+07,0,0,0,1.28823e+08
78.4449,85.1408,3.71604,0.24,0.02,2.86914,3.37243,0,0.537603,6.89472,4.14971e+06,2.70226e+06,1.19061e+07,0,0,0,2.37082e+08,62.338,61.3098,7.55084,0,0,2.07426,1.57097,0,1.60257,2.54016,8.62394e+06,3.61194e+06,1.78883e+07,0,0,0,1.28823e+08
81.0013,85.1408,5.89078,0.25,0.02,2.86952,3.37269,0,0.537676,6.89472,4.14971e+06,2.70226e+06,1.19077e+07,0,0,0,2.37082e+08,62.338,61.3098,6.89167,0,0,2.07426,1.57109,0,1.60257,2.54016,8.62394e+06,3.61194e+06,1.78883e+07,0,0,0,1.28823e+08
83.0248,85.1408,5.18581,0.23,0.02,2.61589,3.11893,0,0.537748,6.89472,4.14971e+06,2.70226e+06,1.08552e+07,0,0,0,2.37082e+08,62.338,61.3098,6.02091,0,0,1.91644,1.41339,0,1.60257,2.54016,8.62394e+06,3.61194e+06,1.65272e+07,0,0,0,1.28823e+08
85.1408,85.1408,5.90886,0.23,0.02,2.45843,3.11918,0,0.490217,6.89472,4.14971e+06,2.70226e+06,1.02018e+07,0,0,0,2.37082e+08,62.338,61.3098,5.28406,0,0,2.07425,1.4135,0,1.48064,2.54016,8.62394e+06,3.61194e+06,1.78882e+07,0,0,0,1.28823e+08
85.1408,85.1408,5.41374,0.27,0.02,2.45879,3.11942,0,0.46071,6.89472,4.14971e+06,2.70226e+06,1.02032e+07,0,0,0,2.37082e+08,62.338,61.3098,4.19629,0,0,2.07425,1.41361,0,1.60256,2.54016,8.62394e+06,3.61194e+06,1.78882e+07,0,0,0,1.28823e+08
85.1408,85.1408,7.02752,0.29,0.02,2.45914,3.11967,0,0.460777,6.89472,4.14971e+06,2.70226e+06,1.02047e+07,0,0,0,2.37082e+08,62.338,61.3098,5.86662,0,0,2.07425,1.41372,0,1.60256,2.54016,8.62394e+06,3.61194e+06,1.78882e+07,0,0,0,1.28823e+08
85.1408,85.1408,6.39936,0.3,0.02,2.4595,3.11991,0,0.460843,6.89472,4.14971e+06,2.70226e+06,1.02062e+07,0,0,0,2.37082e+08,62.338,61.3098,5.83329,0,0,2.07425,1.41383,0,1.60256,2.54016,8.62394e+06,3.61194e+06,1.78882e+07,0,0,0,1.28823e+08
85.1408,85.1408,8.61962,0.3,0.02,2.55759,3.21789,0,0.46091,6.89472,4.14971e+06,2.70226e+06,1.06132e+07,0,0,0,2.37082e+08,62.338,61.3098,6.92329,0,0,2.11996,1.45966,0,1.60256,2.54016,8.62394e+06,3.61194e+06,1.82824e+07,0,0,0,1.28823e+08
85.1408,85.1408,8.06037,0.3,0.02,2.60364,3.21812,0,0.479292,6.89472,4.14971e+06,2.70226e+06,1.08043e+07,0,0,0,2.37082e+08,62.338,61.3098,5.93192,0,0,2.07424,1.45976,0,1.63788,2.54016,8.62394e+06,3.61194e+06,1.78881e+07,0,0,0,1.28823e+08
85.1408,85.1408,8.72895,0.31,0.02,2.60397,3.21835,0,0.487922,6.89472,4.14971e+06,2.70226e+06,1.08057e+07,0,0,0,2.37082e+08,62.338,61.3098,8.93867,0,0,2.07424,1.45987,0,1.60256,2.54016,8.62394e+06,3.61194e+06,1.78881e+07,0,0,0,1.28823e+08
85.1408,85.1408,7.26135,0.35,0.02,2.60431,3.21858,0,0.487985,6.89472,4.14971e+06,2.70226e+06,1.08071e+07,0,0,0,2.37082e+08,62.338,61.3098,6.58073,0,0,2.07424,1.45997,0,1.60256,2.54016,8.62394e+06,3.61194e+06,1.78881e+07,0,0,0,1.28823e+08
85.1408,85.1408,5.49903,0.36,0.02,2.91859,3.53276,0,0.488047,6.89472,4.14971e+06,2.70226e+06,1.21113e+07,0,0,0,2.37082e+08,62.338,61.3098,7.4855,0,0,2.24591,1.63175,0,1.60256,2.54016,8.62394e+06,3.61194e+06,1.93686e+07,0,0,0,1.28823e+08
85.1408,85.1408,4.1091,0.36,0.02,3.09062,3.53301,0,0.546944,6.89472,4.14971e+06,2.70226e+06,1.28252e+07,0,0,0,2.37082e+08,62.338,61.3098,4.76646,0,0,2.07425,1.63186,0,1.73519,2.54016,8.62394e+06,3.61194e+06,1.78882e+07,0,0,0,1.28823e+08
85.1408,85.1408,4.52003,0.37,0.02,3.09099,3.53326,0,0.579182,6.89472,4.14971e+06,2.70226e+06,1.28267e+07,0,0,0,2.37082e+08,62.338,61.3098,4.66086,0,0,2.07425,1.63198,0,1.60257,2.54016,8.62394e+06,3.61194e+06,1.78882e+07,0,0,0,1.28823e+08
85.0424,85.1408,3.49087,0.37,0.02,3.09136,3.53351,0,0.579251,6.89472,4.14971e+06,2.70226e+06,1.28282e+07,0,0,0,2.37082e+08,62.338,61.3098,3.83552,0,0,2.07425,1.63209,0,1.60257,2.54016,8.62394e+06,3.61194e+06,1.78882e+07,0,0,0,1.28823e+08
85.1408,85.1408,6.92901,0.39,0.02,2.58872,3.08584,0,0.57932,6.89472,4.14971e+06,2.83978e+06,1.07424e+07,0,0,0,2.37082e+08,62.338,61.3098,6.96377,0,0,1.81878,1.40176,0,1.60257,2.54016,8.62394e+06,3.79575e+06,1.56851e+07,0,0,0,1.28823e+08
85.1408,85.1408,5.50981,0.41,0.02,2.13829,3.08606,0,0.485127,6.89472,4.14971e+06,3.40773e+06,8.87329e+06,0,0,0,2.37082e+08,62.338,61.3098,5.84107,0,0,1.94914,1.40186,0,1.40519,2.54016,8.62394e+06,4.5549e+06,1.68093e+07,0,0,0,1.28823e+08
85.1408,85.1408,8.03596,0.44,0.02,2.13859,3.08628,0,0.400716,6.89472,4.14971e+06,3.40773e+06,8.87453e+06,0,0,0,2.37082e+08,62.338,61.3098,6.54517,0,0,1.94913,1.40196,0,1.50591,2.54016,8.62394e+06,4.5549e+06,1.68092e+07,0,0,0,1.28823e+08
85.1408,85.1408,7.86089,0.49,0.02,2.13889,3.0865,0,0.400772,6.89472,4.14971e+06,3.40773e+06,8.87577e+06,0,0,0,2.37082e+08,62.338,61.3098,6.38071,0,0,1.94912,1.40206,0,1.5059,2.54016,8.62394e+06,4.5549e+06,1.68091e+07,0,0,0,1.28823e+08
85.1408,85.1408,9.96631,0.53,0.02,2.13919,3.08671,0,0.400828,6.89472,4.14971e+06,3.40773e+06,8.87701e+06,0,0,0,2.37082e+08,62.338,61.3098,7.03105,0,0,1.94911,1.40216,0,1.50589,2.54016,8.62394e+06,4.5549e+06,1.6809e+07,0,0,0,1.28823e+08
85.1408,85.1408,5.75075,0.55,0.02,2.24221,3.19972,0,0.400884,6.89472,4.14971e+06,3.40773e+06,9.30454e+06,0,0,0,2.37082e+08,62.338,61.3098,3.78388,0,0,2.00047,1.45865,0,1.50589,2.54016,8.62394e+06,4.5549e+06,1.72519e+07,0,0,0,1.28823e+08
85.1408,85.1408,5.12134,0.57,0.02,2.29892,3.19995,0,0.420191,6.89472,4.14971e+06,3.40773e+06,9.53984e+06,0,0,0,2.37082e+08,62.338,61.3098,5.39357,0,0,1.94407,1.45876,0,1.54556,2.54016,8.62394e+06,4.5549e+06,1.67655e+07,0,0,0,1.28823e+08
85.1408,85.1408,4.27648,0.56,0.02,2.29923,3.20018,0,0.430817,6.89472,4.14971e+06,3.40773e+06,9.54113e+06,0,0,0,2.37082e+08,62.338,61.3098,5.64911,0,0,1.94406,1.45886,0,1.50199,2.54016,8.62394e+06,4.5549e+06,1.67654e+07,0,0,0,1.28823e+08
85.1408,85.1408,3.23356,0.56,0.02,2.29954,3.20041,0,0.430876,6.89472,4.14971e+06,3.40773e+06,9.54242e+06,0,0,0,2.37082e+08,62.338,61.3098,3.97458,0,0,1.94405,1.45896,0,1.50198,2.54016,8.62394e+06,4.5549e+06,1.67654e+07,0,0,0,1.28823e+08
85.1408,85.1408,4.12015,0.54,0.02,2.25968,3.15652,0,0.430934,6.89472,4.14971e+06,3.40773e+06,9.37699e+06,0,0,0,2.37082e+08,62.338,61.3098,3.65213,0,0,1.92408,1.43716,0,1.50197,2.54016,8.62394e+06,4.5549e+06,1.65932e+07,0,0,0,1.28823e+08
85.1408,85.1408,3.60948,0.5,0.02,2.23807,3.15675,0,0.423463,6.89472,4.14971e+06,3.40773e+06,9.28735e+06,0,0,0,2.37082e+08,62.338,61.3098,3.2841,0,0,1.94598,1.43726,0,1.48655,2.54016,8.62394e+06,4.5549e+06,1.6782e+07,0,0,0,1.28823e+08
85.1408,85.1408,3.23449,0.48,0.02,2.23838,3.15697,0,0.419415,6.89472,4.14971e+06,3.40773e+06,9.28862e+06,0,0,0,2.37082e+08,62.2622,61.3098,2.91329,0,0,1.94597,1.43736,0,1.50347,2.54016,8.62394e+06,4.5549e+06,1.6782e+07,0,0,0,1.28823e+08
85.1408,85.1408,2.99476,0.44,0.02,2.23869,3.15719,0,0.419472,6.89472,4.14971e+06,3.40773e+06,9.28989e+06,0,0,0,2.37082e+08,62.1686,61.3098,2.76366,0,0,1.94597,1.43746,0,1.50346,2.54016,8.62394e+06,4.5549e+06,1.67819e+07,0,0,0,1.28823e+08
85.1408,85.1408,2.77815,0.41,0.02,2.37541,3.3072,0,0.41953,6.89472,4.14971e+06,3.40773e+06,9.85724e+06,0,0,0,2.37082e+08,62.0341,61.3098,2.55999,0,0,2.01674,1.51529,0,1.50345,2.54016,8.62394e+06,4.5549e+06,1.73923e+07,0,0,0,1.28823e+08
84.9006,85.1408,2.76327,0.34,0.02,2.74858,3.30743,0,0.445151,6.89472,4.14971e+06,2.70226e+06,1.14058e+07,0,0,0,2.37082e+08,61.9805,61.3098,2.86536,0,0,2.07424,1.5154,0,1.55814,2.54016,8.62394e+06,3.61194e+06,1.78881e+07,0,0,0,1.28823e+08
84.4883,85.1408,2.51816,0.31,0.02,2.74893,3.30767,0,0.515085,6.89472,4.14971e+06,2.70226e+06,1.14072e+07,0,0,0,2.37082e+08,61.7782,61.3098,2.51492,0,0,2.07424,1.5155,0,1.60256,2.54016,8.62394e+06,3.61194e+06,1.78881e+07,0,0,0,1.28823e+08
83.8868,85.1408,2.31438,0.3,0.02,2.74927,3.3079,0,0.515149,6.89472,4.14971e+06,2.70226e+06,1.14087e+07,0,0,0,2.37082e+08,61.4392,61.3098,2.11219,0,0,2.07424,1.51561,0,1.60256,2.54016,8.62394e+06,3.61194e+06,1.78881e+07,0,0,0,1.28823e+08
83.0709,85.1408,2.0945,0.25,0.02,2.74961,3.30814,0,0.515213,6.89472,4.14971e+06,2.70226e+06,1.14101e+07,0,0,0,2.37082e+08,61.0654,61.3098,1.96613,0,0,2.07424,1.51572,0,1.60256,2.54016,8.62394e+06,3.61194e+06,1.78881e+07,0,0,0,1.28823e+08
81.7745,85.1408,1.59899,0.25,0.02,2.72032,3.27874,0,0.515277,6.89472,4.14971e+06,2.70226e+06,1.12886e+07,0,0,0,2.37082e+08,60.8062,61.3098,1.96643,0,0,2.11698,1.55856,0,1.60256,2.54016,8.62394e+06,3.61194e+06,1.82567e+07,0,0,0,1.28823e+08
80.3969,85.1408,1.52115,0.24,0.02,2.7634,3.27897,0,0.509789,6.89472,4.14971e+06,2.70226e+06,1.14673e+07,0,0,0,2.37082e+08,60.4577,61.3098,1.90207,0,0,2.07425,1.55867,0,1.63558,2.54016,8.62394e+06,3.61194e+06,1.78882e+07,0,0,0,1.28823e+08
78.8502,85.1408,1.32149,0.22,0.02,2.76374,3.27921,0,0.517861,6.89472,4.14971e+06,2.70226e+06,1.14687e+07,0,0,0,2.37082e+08,60.1081,61.3098,1.82245,0,0,2.07425,1.55878,0,1.60256,2.54016,8.62394e+06,3.61194e+06,1.78882e+07,0,0,0,1.28823e+08
77.2977,85.1408,1.29864,0.26,0.02,2.76409,3.27944,0,0.517925,6.89472,4.14971e+06,2.70226e+06,1.14701e+07,0,0,0,2.37082e+08,59.7537,61.3098,1.87152,0,0,2.07425,1.55889,0,1.60256,2.54016,8.62394e+06,3.61194e+06,1.78882e+07,0,0,0,1.28823e+08
75.5754,85.1408,1.17954,0.24,0.02,2.84097,3.35622,0,0.51799,6.89472,4.14971e+06,2.70226e+06,1.17892e+07,0,0,0,2.37082e+08,59.4664,61.3098,1.96512,0,0,2.11234,1.5971,0,1.60256,2.54016,8.62394e+06,3.61194e+06,1.82167e+07,0,0,0,1.28823e+08
73.7888,85.1408,1.1334,0.24,0.02,2.87941,3.35645,0,0.532398,6.89472,4.14971e+06,2.70226e+06,1.19487e+07,0,0,0,2.37082e+08,59.121,61.3098,1.99978,0,0,2.07425,1.59721,0,1.632,2.54016,8.62394e+06,3.61194e+06,1.78882e+07,0,0,0,1.28823e+08
71.9482,85.1408,1.05742,0.23,0.02,2.87977,3.35669,0,0.539602,6.89472,4.14971e+06,2.70226e+06,1.19502e+07,0,0,0,2.37082e+08,58.6874,61.3098,1.89449,0,0,2.07425,1.59732,0,1.60257,2.54016,8.62394e+06,3.61194e+06,1.78882e+07,0,0,0,1.28823e+08
70.0419,85.1408,0.970416,0.26,0.02,2.88012,3.35693,0,0.539668,6.89472,4.14971e+06,2.70226e+06,1.19516e+07,0,0,0,2.37082e+08,58.2911,61.3098,1.77966,0,0,2.07425,1.59744,0,1.60257,2.54016,8.62394e+06,3.61194e+06,1.78882e+07,0,0,0,1.28823e+08
67.9323,85.1408,0.932623,0.25,0.02,3.10468,3.58138,0,0.539734,6.89472,4.14971e+06,2.70226e+06,1.28835e+07,0,0,0,2.37082e+08,57.5565,61.3098,1.93427,0,0,2.21179,1.73509,0,1.60257,2.54016,8.62394e+06,3.61194e+06,1.90744e+07,0,0,0,1.28823e+08
65.3645,85.1408,0.569337,0.26,0.02,3.24259,3.58163,0,0.581817,6.89472,4.14971e+06,2.70226e+06,1.34558e+07,0,0,0,2.37082e+08,56.6006,61.3098,1.29615,0,0,2.07426,1.73522,0,1.70883,2.54016,8.62394e+06,3.61194e+06,1.78883e+07,0,0,0,1.28823e+08
62.8119,85.1408,0.554118,0.26,0.02,3.24297,3.58189,0,0.607662,6.89472,4.14971e+06,2.70226e+06,1.34574e+07,0,0,0,2.37082e+08,55.7705,61.3098,1.21979,0,0,2.07426,1.73534,0,1.60257,2.54016,8.62394e+06,3.61194e+06,1.78883e+07,0,0,0,1.28823e+08
60.5187,85.1408,0.791416,0.27,0.02,3.24335,3.58214,0,0.607733,6.89472,4.14971e+06,2.70226e+06,1.34589e+07,0,0,0,2.37082e+08,55.1106,61.3098,1.42581,0,0,2.07426,1.73546,0,1.60257,2.54016,8.62394e+06,3.61194e+06,1.78883e+07,0,0,0,1.28823e+08
58.4698,85.1408,1.06176,0.3,0.02,3.24373,3.5824,0,0.607803,6.89472,4.14971e+06,2.70226e+06,1.34605e+07,0,0,0,2.37082e+08,54.3426,61.3098,1.68797,0,0,2.07426,1.73559,0,1.60257,2.54016,8.62394e+06,3.61194e+06,1.78883e+07,0,0,0,1.28823e+08
56.1986,85.1408,0.703586,0.31,0.02,3.13479,3.47334,0,0.607874,6.89472,4.14971e+06,2.70226e+06,1.30085e+07,0,0,0,2.37082e+08,53.421,61.3098,1.35595,0,0,1.99075,1.6522,0,1.60257,2.54016,8.62394e+06,3.61194e+06,1.71681e+07,0,0,0,1.28823e+08
53.9082,85.1408,0.58589,0.34,0.02,3.05165,3.47359,0,0.58746,6.89472,4.14971e+06,2.70226e+06,1.26635e+07,0,0,0,2.37082e+08,52.6249,61.3098,1.20142,0,0,2.07425,1.65231,0,1.53805,2.54016,8.62394e+06,3.61194e+06,1.78882e+07,0,0,0,1.28823e+08
52.0441,85.1408,1.08511,0.34,0.02,3.05201,3.47384,0,0.571879,6.89472,4.14971e+06,2.70226e+06,1.2665e+07,0,0,0,2.37082e+08,52.4713,61.3098,1.64114,0,0,2.07425,1.65243,0,1.60257,2.54016,8.62394e+06,3.61194e+06,1.78882e+07,0,0,0,1.28823e+08
51.183,85.1408,2.16227,0.36,0.02,3.05238,3.47408,0,0.571947,6.89472,4.14971e+06,2.70226e+06,1.26665e+07,0,0,0,2.37082e+08,52.414,61.3098,2.37199,0,0,2.07425,1.65255,0,1.60257,2.54016,8.62394e+06,3.61194e+06,1.78882e+07,0,0,0,1.28823e+08
49.7127,85.1408,1.36178,0.37,0.02,2.96299,3.38458,0,0.572016,6.89472,4.14971e+06,2.70226e+06,1.22956e+07,0,0,0,2.37082e+08,51.7391,61.3098,1.59145,0,0,1.99821,1.57663,0,1.60257,2.54016,8.62394e+06,3.61194e+06,1.72325e+07,0,0,0,1.28823e+08
48.8212,85.1408,1.68837,0.44,0.02,2.58527,3.38482,0,0.555265,6.89472,4.14971e+06,3.40773e+06,1.07281e+07,0,0,0,2.37082e+08,51.3648,61.3098,1.29531,0,0,1.93355,1.57674,0,1.54382,2.54016,8.62394e+06,4.5549e+06,1.66748e+07,0,0,0,1.28823e+08
47.9912,85.1408,1.73711,0.45,0.02,2.5856,3.38506,0,0.484479,6.89472,4.14971e+06,3.40773e+06,1.07295e+07,0,0,0,2.37082e+08,51.2233,61.3098,2.29884,0,0,1.93354,1.57685,0,1.49386,2.54016,8.62394e+06,4.5549e+06,1.66747e+07,0,0,0,1.28823e+08
50.1398,85.1408,4.89584,0.47,0.02,2.58593,3.3853,0,0.484541,6.89472,4.14971e+06,3.40773e+06,1.07308e+07,0,0,0,2.37082e+08,52.5487,61.3098,5.37515,0,0,1.93353,1.57696,0,1.49385,2.54016,8.62394e+06,4.5549e+06,1.66746e+07,0,0,0,1.28823e+08
51.5962,85.1408,3.96682,0.5,0.02,2.35404,3.13057,0,0.484603,6.89472,4.14971e+06,3.40773e+06,9.76858e+06,0,0,0,2.37082e+08,53.0503,61.3098,2.70373,0,0,1.78924,1.41866,0,1.49384,2.54016,8.62394e+06,4.5549e+06,1.54303e+07,0,0,0,1.28823e+08
52.98,85.1408,3.76866,0.45,0.02,2.19594,3.13079,0,0.441147,6.89472,4.14971e+06,3.40773e+06,9.11252e+06,0,0,0,2.37082e+08,53.2465,61.3098,2.38646,0,0,1.94763,1.41877,0,1.38237,2.54016,8.62394e+06,4.5549e+06,1.67963e+07,0,0,0,1.28823e+08
54.1702,85.1408,3.6359,0.5,0.02,2.19625,3.13102,0,0.41152,6.89472,4.14971e+06,3.40773e+06,9.11378e+06,0,0,0,2.37082e+08,53.5935,61.3098,2.6753,0,0,1.94762,1.41887,0,1.50474,2.54016,8.62394e+06,4.5549e+06,1.67962e+07,0,0,0,1.28823e+08
56.3949,85.1408,4.63635,0.53,0.02,2.19655,3.13124,0,0.411577,6.89472,4.14971e+06,3.40773e+06,9.11504e+06,0,0,0,2.37082e+08,54.0865,61.3098,3.15833,0,0,1.94761,1.41897,0,1.50473,2.54016,8.62394e+06,4.5549e+06,1.67961e+07,0,0,0,1.28823e+08
58.3076,85.1408,4.50396,0.56,0.02,2.19685,3.13146,0,0.411634,6.89472,4.14971e+06,3.40773e+06,9.1163e+06,0,0,0,2.37082e+08,54.5014,61.3098,3.10452,0,0,1.94761,1.41907,0,1.50473,2.54016,8.62394e+06,4.5549e+06,1.6796e+07,0,0,0,1.28823e+08
59.8909,85.1408,4.24172,0.52,0.02,2.2865,3.22978,0,0.41169,6.89472,4.14971e+06,3.40773e+06,9.48831e+06,0,0,0,2.37082e+08,54.528,61.3098,3.52491,0,0,1.98939,1.46505,0,1.50472,2.54016,8.62394e+06,4.5549e+06,1.71563e+07,0,0,0,1.28823e+08
60.6494,110.357,3.33482,0.62,0.02,2.33267,3.22999,0,0.42849,6.89472,4.14971e+06,3.40773e+06,9.67991e+06,0,0,0,2.37082e+08,54.3141,61.3098,3.40715,0,1,1.94349,1.46514,0,1.537,2.54016,8.62394e+06,4.5549e+06,1.67605e+07,0,0,0,1.28823e+08
60.588,110.357,2.55495,0.65,0.02,2.33295,3.23019,0,0.437143,6.89472,4.14971e+06,3.40773e+06,9.68108e+06,0,0,0,2.37082e+08,53.9442,61.3098,1.8305,0,1,1.94348,1.46524,0,1.50154,2.54016,8.62394e+06,4.5549e+06,1.67604e+07,0,0,0,1.28823e+08
61.0953,110.357,3.28258,0.66,0.02,2.33324,3.2304,0,0.437196,6.89472,4.14971e+06,3.40773e+06,9.68225e+06,0,0,0,2.37082e+08,53.8062,61.3098,2.93276,0,1,1.94347,1.46533,0,1.50153,2.54016,8.62394e+06,4.5549e+06,1.67604e+07,0,0,0,1.28823e+08
65.3915,110.357,7.3252,0.68,0.02,2.6205,3.54571,0,0.437248,6.89472,4.14971e+06,3.40773e+06,1.08743e+07,0,0,0,2.37082e+08,54.4186,61.3098,5.63511,0,1,2.10039,1.63773,0,1.50152,2.54016,8.62394e+06,4.5549e+06,1.81136e+07,0,0,0,1.28823e+08
66.6615,110.357,4.39813,0.65,0.02,2.79311,3.54594,0,0.491083,6.89472,4.14971e+06,3.40773e+06,1.15906e+07,0,0,0,2.37082e+08,55.1263,61.3098,4.27832,0,1,1.92809,1.63783,0,1.62276,2.54016,8.62394e+06,4.5549e+06,1.66277e+07,0,0,0,1.28823e+08
68.9297,110.357,5.52832,0.67,0.02,2.79342,3.54617,0,0.523428,6.89472,4.14971e+06,3.40773e+06,1.15919e+07,0,0,0,2.37082e+08,55.9401,61.3098,7.3919,0,1,1.92808,1.63794,0,1.48964,2.54016,8.62394e+06,4.5549e+06,1.66276e+07,0,0,0,1.28823e+08
70.858,110.357,5.21414,0.6,0.02,2.79373,3.54639,0,0.523487,6.89472,4.14971e+06,3.40773e+06,1.15932e+07,0,0,0,2.37082e+08,56.4188,61.3098,6.17065,0,1,1.92807,1.63804,0,1.48963,2.54016,8.62394e+06,4.5549e+06,1.66275e+07,0,0,0,1.28823e+08
76.7274,110.357,9.01553,0.64,0.02,2.3846,3.09706,0,0.523545,6.89472,4.14971e+06,3.40773e+06,9.8954e+06,0,0,0,2.37082e+08,57.4473,61.3098,9.34059,0,1,1.71741,1.40686,0,1.48963,2.54016,8.62394e+06,4.5549e+06,1.48108e+07,0,0,0,1.28823e+08
82.28,110.357,8.53737,0.6,0.02,2.15359,3.09726,0,0.446874,6.89472,4.14971e+06,3.40773e+06,8.93679e+06,0,0,0,2.37082e+08,58.3087,61.3098,7.35713,0,1,1.94868,1.40695,0,1.32687,2.54016,8.62394e+06,4.5549e+06,1.68053e+07,0,0,0,1.28823e+08
89.5559,110.357,10.3468,0.56,0.02,2.15386,3.09746,0,0.403584,6.89472,4.14971e+06,3.40773e+06,8.93791e+06,0,0,0,2.37082e+08,59.3283,61.3098,8.27158,0,1,1.94867,1.40704,0,1.50555,2.54016,8.62394e+06,4.5549e+06,1.68052e+07,0,0,0,1.28823e+08
95.991,110.357,9.55206,0.49,0.02,2.15413,3.09766,0,0.403634,6.89472,4.14971e+06,3.40773e+06,8.93903e+06,0,0,0,2.37082e+08,60.5241,61.3098,9.51375,0,1,1.94866,1.40713,0,1.50554,2.54016,8.62394e+06,4.5549e+06,1.68051e+07,0,0,0,1.28823e+08
105.079,110.357,12.4652,0.26,0.02,2.43084,3.09785,0,0.403685,6.89472,4.14971e+06,2.70226e+06,1.00873e+07,0,0,0,2.37082e+08,62.338,61.3098,11.227,0,1,2.07423,1.40722,0,1.50553,2.54016,8.62394e+06,3.61194e+06,1.7888e+07,0,0,0,1.28823e+08
109.906,110.357,8.36813,0.14,0.02,2.54433,3.21125,0,0.45554,6.89472,4.14971e+06,2.70226e+06,1.05582e+07,0,0,0,2.37082e+08,62.338,61.3098,7.75164,0,1,2.13083,1.46391,0,1.60255,2.54016,8.62394e+06,3.61194e+06,1.83761e+07,0,0,0,1.28823e+08
110.357,110.357,7.7544,0.09,0.02,2.60122,3.21145,0,0.476807,6.89472,4.14971e+06,2.70226e+06,1.07943e+07,0,0,0,2.37082e+08,62.338,61.3098,7.05487,0,1,2.07423,1.464,0,1.64628,2.54016,8.62394e+06,3.61194e+06,1.7888e+07,0,0,0,1.28823e+08
110.357,110.357,6.72743,0.08,0.02,2.60152,3.21166,0,0.487469,6.89472,4.14971e+06,2.70226e+06,1.07956e+07,0,0,0,2.37082e+08,62.338,61.3098,6.32799,0,1,2.07423,1.46409,0,1.60255,2.54016,8.62394e+06,3.61194e+06,1.7888e+07,0,0,0,1.28823e+08
110.357,110.357,6.01937,0.08,0.02,2.60182,3.21186,0,0.487525,6.89472,4.14971e+06,2.70226e+06,1.07968e+07,0,0,0,2.37082e+08,62.338,61.3098,5.93913,0,1,2.07423,1.46419,0,1.60255,2.54016,8.62394e+06,3.61194e+06,1.7888e+07,0,0,0,1.28823e+08
110.357,110.357,4.81077,0.09,0.02,2.55785,3.1678,0,0.487581,6.89472,4.14971e+06,2.70226e+06,1.06143e+07,0,0,0,2.37082e+08,62.338,61.3098,4.76017,0,1,2.05224,1.44229,0,1.60255,2.54016,8.62394e+06,3.61194e+06,1.76984e+07,0,0,0,1.28823e+08
110.357,110.357,4.31294,0.08,0.02,2.53616,3.168,0,0.479341,6.89472,4.14971e+06,2.70226e+06,1.05243e+07,0,0,0,2.37082e+08,62.3246,61.3098,3.60828,0,1,2.07423,1.44238,0,1.58556,2.54016,8.62394e+06,3.61194e+06,1.7888e+07,0,0,0,1.28823e+08
110.357,110.357,3.9984,0.08,0.02,2.53645,3.1682,0,0.475276,6.89472,4.14971e+06,2.70226e+06,1.05255e+07,0,0,0,2.37082e+08,62.2445,61.3098,3.61046,0,1,2.07423,1.44248,0,1.60255,2.54016,8.62394e+06,3.61194e+06,1.7888e+07,0,0,0,1.28823e+08
110.357,110.357,3.53701,0.07,0.02,2.53675,3.16841,0,0.475331,6.89472,4.14971e+06,2.70226e+06,1.05267e+07,0,0,0,2.37082e+08,62.084,61.3098,4.02337,0,1,2.07423,1.44257,0,1.60255,2.54016,8.62394e+06,3.61194e+06,1.7888e+07,0,0,0,1.28823e+08
110.21,110.357,3.05612,0.06,0.02,2.68735,3.31892,0,0.475386,6.89472,4.14971e+06,2.70226e+06,1.11517e+07,0,0,0,2.37082e+08,61.8485,61.3098,3.46725,0,1,2.15223,1.52066,0,1.60255,2.54016,8.62394e+06,3.61194e+06,1.85607e+07,0,0,0,1.28823e+08
109.93,110.357,3.00471,0.05,0.02,2.76565,3.31913,0,0.503609,6.89472,4.14971e+06,2.70226e+06,1.14766e+07,0,0,0,2.37082e+08,61.5943,61.3098,3.25038,0,1,2.07423,1.52075,0,1.66281,2.54016,8.62394e+06,3.61194e+06,1.78881e+07,0,0,0,1.28823e+08
109.574,110.357,2.91651,0.05,0.02,2.76596,3.31934,0,0.518283,6.89472,4.14971e+06,2.70226e+06,1.14779e+07,0,0,0,2.37082e+08,61.2921,61.3098,2.95325,0,1,2.07423,1.52085,0,1.60255,2.54016,8.62394e+06,3.61194e+06,1.78881e+07,0,0,0,1.28823e+08
108.902,110.357,2.55918,0.06,0.02,2.76627,3.31955,0,0.518341,6.89472,4.14971e+06,2.70226e+06,1.14792e+07,0,0,0,2.37082e+08,60.9395,61.3098,2.75297,0,1,2.07423,1.52095,0,1.60255,2.54016,8.62394e+06,3.61194e+06,1.78881e+07,0,0,0,1.28823e+08
108.271,110.357,2.52773,0.06,0.02,2.76658,3.31977,0,0.518399,6.89472,4.14971e+06,2.70226e+06,1.14805e+07,0,0,0,2.37082e+08,60.5716,61.3098,2.70254,0,1,2.07423,1.52105,0,1.60255,2.54016,8.62394e+06,3.61194e+06,1.78881e+07,0,0,0,1.28823e+08
108.166,110.357,3.05452,0.06,0.02,2.73715,3.29024,0,0.518457,6.89472,4.14971e+06,2.70226e+06,1.13584e+07,0,0,0,2.37082e+08,60.3688,61.3098,3.06044,0,1,2.11712,1.56403,0,1.60255,2.54016,8.62394e+06,3.61194e+06,1.82579e+07,0,0,0,1.28823e+08
107.866,110.357,2.89145,0.06,0.02,2.78034,3.29045,0,0.512942,6.89472,4.14971e+06,2.70226e+06,1.15376e+07,0,0,0,2.37082e+08,60.1548,61.3098,2.91684,0,1,2.07424,1.56413,0,1.63568,2.54016,8.62394e+06,3.61194e+06,1.78881e+07,0,0,0,1.28823e+08
107.449,110.357,2.75861,0.06,0.02,2.78065,3.29066,0,0.521036,6.89472,4.14971e+06,2.70226e+06,1.15389e+07,0,0,0,2.37082e+08,59.9087,61.3098,2.86613,0,1,2.07424,1.56423,0,1.60255,2.54016,8.62394e+06,3.61194e+06,1.78881e+07,0,0,0,1.28823e+08
106.927,110.357,2.60651,0.06,0.02,2.78096,3.29087,0,0.521094,6.89472,4.14971e+06,2.70226e+06,1.15402e+07,0,0,0,2.37082e+08,59.603,61.3098,2.87886,0,1,2.07424,1.56433,0,1.60255,2.54016,8.62394e+06,3.61194e+06,1.78881e+07,0,0,0,1.28823e+08
106.12,110.357,2.35754,0.09,0.02,2.85808,3.36789,0,0.521152,6.89472,4.14971e+06,2.70226e+06,1.18602e+07,0,0,0,2.37082e+08,59.2634,61.3098,2.52622,0,1,2.11246,1.60265,0,1.60255,2.54016,8.62394e+06,3.61194e+06,1.82178e+07,0,0,0,1.28823e+08
105.213,110.357,2.30808,0.09,0.02,2.89662,3.36811,0,0.535604,6.89472,4.14971e+06,2.70226e+06,1.20201e+07,0,0,0,2.37082e+08,58.8384,61.3098,2.46037,0,1,2.07424,1.60276,0,1.63209,2.54016,8.62394e+06,3.61194e+06,1.78881e+07,0,0,0,1.28823e+08
104.173,110.357,2.1395,0.09,0.02,2.89694,3.36832,0,0.542827,6.89472,4.14971e+06,2.70226e+06,1.20215e+07,0,0,0,2.37082e+08,58.375,61.3098,2.38594,0,1,2.07424,1.60286,0,1.60256,2.54016,8.62394e+06,3.61194e+06,1.78881e+07,0,0,0,1.28823e+08
102.957,110.357,1.94805,0.09,0.02,2.89726,3.36854,0,0.542887,6.89472,4.14971e+06,2.70226e+06,1.20228e+07,0,0,0,2.37082e+08,57.8862,61.3098,2.07252,0,1,2.07424,1.60296,0,1.60256,2.54016,8.62394e+06,3.61194e+06,1.78881e+07,0,0,0,1.28823e+08
101.834,110.357,2.21417,0.09,0.02,3.12256,3.59374,0,0.542946,6.89472,4.14971e+06,2.70226e+06,1.29577e+07,0,0,0,2.37082e+08,57.5092,61.3098,2.72512,0,1,2.21226,1.74108,0,1.60256,2.54016,8.62394e+06,3.61194e+06,1.90783e+07,0,0,0,1.28823e+08
100.593,110.357,2.20226,0.1,0.02,3.26091,3.59397,0,0.585168,6.89472,4.14971e+06,2.70226e+06,1.35318e+07,0,0,0,2.37082e+08,57.1128,61.3098,2.31915,0,1,2.07425,1.74119,0,1.70919,2.54016,8.62394e+06,3.61194e+06,1.78882e+07,0,0,0,1.28823e+08
98.9904,110.357,1.86094,0.14,0.02,3.26125,3.5942,0,0.611094,6.89472,4.14971e+06,2.70226e+06,1.35332e+07,0,0,0,2.37082e+08,56.6446,61.3098,2.04181,0,1,2.07425,1.7413,0,1.60256,2.54016,8.62394e+06,3.61194e+06,1.78882e+07,0,0,0,1.28823e+08
97.5783,110.357,2.02362,0.14,0.02,3.26159,3.59442,0,0.611158,6.89472,4.14971e+06,2.70226e+06,1.35346e+07,0,0,0,2.37082e+08,56.3593,61.3098,2.70435,0,1,2.07425,1.74141,0,1.60256,2.54016,8.62394e+06,3.61194e+06,1.78882e+07,0,0,0,1.28823e+08
96.034,110.357,1.88316,0.13,0.02,3.26193,3.59465,0,0.611222,6.89472,4.14971e+06,2.70226e+06,1.35361e+07,0,0,0,2.37082e+08,55.9565,61.3098,2.41181,0,1,2.07425,1.74152,0,1.60256,2.54016,8.62394e+06,3.61194e+06,1.78882e+07,0,0,0,1.28823e+08
95.2284,110.357,2.63075,0.13,0.02,3.15259,3.4852,0,0.611286,6.89472,4.14971e+06,2.70226e+06,1.30823e+07,0,0,0,2.37082e+08,55.447,61.3098,2.05079,0,1,1.99045,1.65784,0,1.60256,2.54016,8.62394e+06,3.61194e+06,1.71655e+07,0,0,0,1.28823e+08
94,110.357,2.1613,0.15,0.02,3.06912,3.48542,0,0.590795,6.89472,4.14971e+06,2.70226e+06,1.2736e+07,0,0,0,2.37082e+08,55.0047,61.3098,2.05616,0,1,2.07424,1.65794,0,1.53782,2.54016,8.62394e+06,3.61194e+06,1.78881e+07,0,0,0,1.28823e+08
93.145,110.357,2.55904,0.15,0.02,3.06945,3.48565,0,0.575154,6.89472,4.14971e+06,2.70226e+06,1.27373e+07,0,0,0,2.37082e+08,54.8748,61.3098,3.21086,0,1,2.07424,1.65805,0,1.60256,2.54016,8.62394e+06,3.61194e+06,1.78881e+07,0,0,0,1.28823e+08
92.2304,110.357,2.48997,0.15,0.02,3.06978,3.48587,0,0.575216,6.89472,4.14971e+06,2.70226e+06,1.27387e+07,0,0,0,2.37082e+08,54.6372,61.3098,2.98977,0,1,2.07424,1.65816,0,1.60256,2.54016,8.62394e+06,3.61194e+06,1.78881e+07,0,0,0,1.28823e+08
92.072,110.357,3.29527,0.14,0.02,2.98006,3.39604,0,0.575277,6.89472,4.14971e+06,2.70226e+06,1.23664e+07,0,0,0,2.37082e+08,54.6862,61.3098,3.27241,0,1,1.99795,1.58197,0,1.60256,2.54016,8.62394e+06,3.61194e+06,1.72302e+07,0,0,0,1.28823e+08
93.3034,110.357,4.73025,0.14,0.02,2.90408,3.39625,0,0.558463,6.89472,4.14971e+06,2.70226e+06,1.20511e+07,0,0,0,2.37082e+08,54.755,61.3098,3.36774,0,1,2.07424,1.58207,0,1.54361,2.54016,8.62394e+06,3.61194e+06,1.78881e+07,0,0,0,1.28823e+08
94.5282,110.357,4.73919,0.14,0.02,2.9044,3.39647,0,0.544225,6.89472,4.14971e+06,2.70226e+06,1.20524e+07,0,0,0,2.37082e+08,54.833,61.3098,3.43658,0,1,2.07424,1.58217,0,1.60256,2.54016,8.62394e+06,3.61194e+06,1.78881e+07,0,0,0,1.28823e+08
96.1591,110.357,5.16518,0.17,0.02,2.90472,3.39669,0,0.544285,6.89472,4.14971e+06,2.70226e+06,1.20537e+07,0,0,0,2.37082e+08,55.6366,61.3098,4.95955,0,1,2.07424,1.58227,0,1.60256,2.54016,8.62394e+06,3.61194e+06,1.78881e+07,0,0,0,1.28823e+08
97.2502,110.357,4.39309,0.14,0.02,2.64921,3.14108,0,0.544344,6.89472,4.14971e+06,2.70226e+06,1.09935e+07,0,0,0,2.37082e+08,55.9341,61.3098,3.92524,0,1,1.91529,1.42343,0,1.60256,2.54016,8.62394e+06,3.61194e+06,1.65174e+07,0,0,0,1.28823e+08
97.8992,110.357,3.79189,0.15,0.02,2.49057,3.14128,0,0.496462,6.89472,4.14971e+06,2.70226e+06,1.03351e+07,0,0,0,2.37082e+08,55.9953,61.3098,3.38959,0,1,2.07423,1.42352,0,1.47976,2.54016,8.62394e+06,3.61194e+06,1.7888e+07,0,0,0,1.28823e+08
98.3347,110.357,3.63363,0.16,0.02,2.49086,3.14148,0,0.466733,6.89472,4.14971e+06,2.70226e+06,1.03363e+07,0,0,0,2.37082e+08,56.2859,61.3098,4.17797,0,1,2.07423,1.42361,0,1.60255,2.54016,8.62394e+06,3.61194e+06,1.7888e+07,0,0,0,1.28823e+08
99.5805,110.357,4.39256,0.18,0.02,2.49115,3.14168,0,0.466787,6.89472,4.14971e+06,2.70226e+06,1.03376e+07,0,0,0,2.37082e+08,56.6337,61.3098,4.61353,0,1,2.07423,1.4237,0,1.60255,2.54016,8.62394e+06,3.61194e+06,1.7888e+07,0,0,0,1.28823e+08
100.72,110.357,4.48366,0.17,0.02,2.49144,3.14188,0,0.466842,6.89472,4.14971e+06,2.70226e+06,1.03388e+07,0,0,0,2.37082e+08,56.8574,61.3098,4.39804,0,1,2.07423,1.42379,0,1.60255,2.54016,8.62394e+06,3.61194e+06,1.7888e+07,0,0,0,1.28823e+08
101.431,110.357,4.11659,0.18,0.02,2.59016,3.2405,0,0.466897,6.89472,4.14971e+06,2.70226e+06,1.07484e+07,0,0,0,2.37082e+08,57.6061,61.3098,3.4608,0,1,2.12026,1.46992,0,1.60255,2.54016,8.62394e+06,3.61194e+06,1.8285e+07,0,0,0,1.28823e+08
103.639,110.357,5.6442,0.19,0.02,2.63647,3.24069,0,0.485396,6.89472,4.14971e+06,2.70226e+06,1.09406e+07,0,0,0,2.37082e+08,59.4628,61.3098,6.73322,0,1,2.07422,1.47,0,1.63811,2.54016,8.62394e+06,3.61194e+06,1.78879e+07,0,0,0,1.28823e+08
106.818,110.357,6.7345,0.14,0.02,2.63674,3.24087,0,0.494074,6.89472,4.14971e+06,2.70226e+06,1.09417e+07,0,0,0,2.37082e+08,61.0827,61.3098,6.6354,0,1,2.07422,1.47008,0,1.60254,2.54016,8.62394e+06,3.61194e+06,1.78879e+07,0,0,0,1.28823e+08
108.599,110.357,5.35111,0.15,0.02,2.637,3.24106,0,0.494124,6.89472,4.14971e+06,2.70226e+06,1.09428e+07,0,0,0,2.37082e+08,62.338,61.3098,6.24679,0,1,2.07422,1.47017,0,1.60254,2.54016,8.62394e+06,3.61194e+06,1.78879e+07,0,0,0,1.28823e+08
110.357,110.357,5.93302,0.1,0.02,2.95341,3.55738,0,0.494174,6.89472,4.14971e+06,2.70226e+06,1.22558e+07,0,0,0,2.37082e+08,62.338,61.3098,6.37216,0,1,2.24709,1.64312,0,1.60254,2.54016,8.62394e+06,3.61194e+06,1.93788e+07,0,0,0,1.28823e+08
110.357,110.357,12.6395,0.09,0.02,3.12657,3.55759,0,0.55347,6.89472,4.14971e+06,2.70226e+06,1.29743e+07,0,0,0,2.37082e+08,62.338,61.3098,9.87895,0,1,2.07423,1.64321,0,1.7361,2.54016,8.62394e+06,3.61194e+06,1.7888e+07,0,0,0,1.28823e+08
110.357,110.357,11.7621,0.09,0.02,3.12686,3.55779,0,0.585919,6.89472,4.14971e+06,2.70226e+06,1.29756e+07,0,0,0,2.37082e+08,62.338,61.3098,9.65186,0,1,2.07423,1.64331,0,1.60255,2.54016,8.62394e+06,3.61194e+06,1.7888e+07,0,0,0,1.28823e+08
110.357,110.357,5.85378,0.08,0.02,3.12716,3.55799,0,0.585974,6.89472,4.14971e+06,2.70226e+06,1.29768e+07,0,0,0,2.37082e+08,62.338,61.3098,5.66803,0,1,2.07423,1.6434,0,1.60255,2.54016,8.62394e+06,3.61194e+06,1.7888e+07,0,0,0,1.28823e+08
110.357,110.357,6.25051,0.08,0.02,2.67643,3.10717,0,0.58603,6.89472,4.14971e+06,2.70226e+06,1.11064e+07,0,0,0,2.37082e+08,62.338,61.3098,6.78895,0,1,1.84218,1.41145,0,1.60255,2.54016,8.62394e+06,3.61194e+06,1.58869e+07,0,0,0,1.28823e+08
110.357,110.357,8.25924,0.08,0.02,2.44465,3.10734,0,0.501563,6.89472,4.14971e+06,2.70226e+06,1.01446e+07,0,0,0,2.37082e+08,62.338,61.3098,8.56244,0,1,2.07422,1.41153,0,1.42327,2.54016,8.62394e+06,3.61194e+06,1.78879e+07,0,0,0,1.28823e+08
110.357,110.357,8.15124,0.08,0.02,2.44491,3.10752,0,0.458128,6.89472,4.14971e+06,2.70226e+06,1.01457e+07,0,0,0,2.37082e+08,62.338,61.3098,9.11004,0,1,2.07422,1.41161,0,1.60254,2.54016,8.62394e+06,3.61194e+06,1.78879e+07,0,0,0,1.28823e+08
110.357,110.357,6.20292,0.08,0.02,2.44517,3.1077,0,0.458176,6.89472,4.14971e+06,2.70226e+06,1.01467e+07,0,0,0,2.37082e+08,62.338,61.3098,7.18814,0,1,2.07422,1.41169,0,1.60254,2.54016,8.62394e+06,3.61194e+06,1.78879e+07,0,0,0,1.28823e+08
110.357,110.357,5.63762,0.08,0.02,2.44542,3.10787,0,0.458224,6.89472,4.14971e+06,2.70226e+06,1.01478e+07,0,0,0,2.37082e+08,62.338,61.3098,6.52519,0,1,2.07422,1.41177,0,1.60254,2.54016,8.62394e+06,3.61194e+06,1.78879e+07,0,0,0,1.28823e+08
110.357,110.357,5.8582,0.08,0.02,2.55924,3.22161,0,0.458272,6.89472,4.14971e+06,2.70226e+06,1.06201e+07,0,0,0,2.37082e+08,62.338,61.3098,7.84124,0,1,2.131,1.46863,0,1.60254,2.54016,8.62394e+06,3.61194e+06,1.83776e+07,0,0,0,1.28823e+08
110.357,110.357,4.9866,0.09,0.02,2.61629,3.22179,0,0.479602,6.89472,4.14971e+06,2.70226e+06,1.08568e+07,0,0,0,2.37082e+08,62.338,61.3098,6.19008,0,1,2.07422,1.46871,0,1.64641,2.54016,8.62394e+06,3.61194e+06,1.78879e+07,0,0,0,1.28823e+08
110.357,110.357,4.36597,0.08,0.02,2.61655,3.22198,0,0.490292,6.89472,4.14971e+06,2.70226e+06,1.08579e+07,0,0,0,2.37082e+08,62.338,61.3098,5.93005,0,1,2.07422,1.4688,0,1.60254,2.54016,8.62394e+06,3.61194e+06,1.78879e+07,0,0,0,1.28823e+08
110.357,110.357,4.9253,0.08,0.02,2.61682,3.22216,0,0.490342,6.89472,4.14971e+06,2.70226e+06,1.0859e+07,0,0,0,2.37082e+08,62.338,61.3098,6.47998,0,1,2.07422,1.46888,0,1.60254,2.54016,8.62394e+06,3.61194e+06,1.78879e+07,0,0,0,1.28823e+08
110.357,110.357,4.56556,0.1,0.02,2.57267,3.17793,0,0.490392,6.89472,4.14971e+06,2.70226e+06,1.06758e+07,0,0,0,2.37082e+08,62.338,61.3098,5.20329,0,1,2.05216,1.4469,0,1.60254,2.54016,8.62394e+06,3.61194e+06,1.76977e+07,0,0,0,1.28823e+08
110.357,110.357,3.39984,0.08,0.02,2.55088,3.17811,0,0.482119,6.89472,4.14971e+06,2.70226e+06,1.05854e+07,0,0,0,2.37082e+08,62.338,61.3098,3.59117,0,1,2.07422,1.44699,0,1.5855,2.54016,8.62394e+06,3.61194e+06,1.78879e+07,0,0,0,1.28823e+08
110.07,110.357,2.90816,0.08,0.02,2.55114,3.17829,0,0.478034,6.89472,4.14971e+06,2.70226e+06,1.05865e+07,0,0,0,2.37082e+08,62.338,61.3098,3.2798,0,1,2.07422,1.44707,0,1.60254,2.54016,8.62394e+06,3.61194e+06,1.78879e+07,0,0,0,1.28823e+08
109.49,110.357,2.57944,0.07,0.02,2.5514,3.17847,0,0.478084,6.89472,4.14971e+06,2.70226e+06,1.05876e+07,0,0,0,2.37082e+08,62.338,61.3098,2.89441,0,1,2.07422,1.44715,0,1.60254,2.54016,8.62394e+06,3.61194e+06,1.78879e+07,0,0,0,1.28823e+08
108.775,110.357,2.5348,0.06,0.02,2.70245,3.32944,0,0.478133,6.89472,4.14971e+06,2.70226e+06,1.12144e+07,0,0,0,2.37082e+08,62.338,61.3098,2.72684,0,1,2.15246,1.52548,0,1.60254,2.54016,8.62394e+06,3.61194e+06,1.85627e+07,0,0,0,1.28823e+08
108.162,110.357,2.65556,0.06,0.02,2.78097,3.32962,0,0.506439,6.89472,4.14971e+06,2.70226e+06,1.15402e+07,0,0,0,2.37082e+08,62.338,61.3098,2.64391,0,1,2.07422,1.52556,0,1.66299,2.54016,8.62394e+06,3.61194e+06,1.7888e+07,0,0,0,1.28823e+08
107.446,110.357,2.53857,0.05,0.02,2.78124,3.32981,0,0.521153,6.89472,4.14971e+06,2.70226e+06,1.15413e+07,0,0,0,2.37082e+08,62.3361,61.3098,2.43275,0,1,2.07422,1.52565,0,1.60254,2.54016,8.62394e+06,3.61194e+06,1.7888e+07,0,0,0,1.28823e+08
106.476,110.357,2.26145,0.06,0.02,2.78152,3.33,0,0.521205,6.89472,4.14971e+06,2.70226e+06,1.15425e+07,0,0,0,2.37082e+08,62.2597,61.3098,2.22293,0,1,2.07422,1.52574,0,1.60254,2.54016,8.62394e+06,3.61194e+06,1.7888e+07,0,0,0,1.28823e+08
105.478,110.357,2.12678,0.11,0.02,2.78179,3.33019,0,0.521256,6.89472,4.14971e+06,2.70226e+06,1.15436e+07,0,0,0,2.37082e+08,62.1177,61.3098,2.13751,0,1,2.07422,1.52582,0,1.60254,2.54016,8.62394e+06,3.61194e+06,1.7888e+07,0,0,0,1.28823e+08
103.916,110.357,1.51918,0.09,0.02,2.75224,3.30055,0,0.521308,6.89472,4.14971e+06,2.70226e+06,1.1421e+07,0,0,0,2.37082e+08,61.9085,61.3098,2.07825,0,1,2.11724,1.56893,0,1.60254,2.54016,8.62394e+06,3.61194e+06,1.82589e+07,0,0,0,1.28823e+08
102.302,110.357,1.48997,0.09,0.02,2.79553,3.30074,0,0.51577,6.89472,4.14971e+06,2.70226e+06,1.16006e+07,0,0,0,2.37082e+08,61.6697,61.3098,2.07206,0,1,2.07422,1.56902,0,1.63578,2.54016,8.62394e+06,3.61194e+06,1.7888e+07,0,0,0,1.28823e+08
100.66,110.357,1.4174,0.09,0.02,2.79581,3.30093,0,0.523882,6.89472,4.14971e+06,2.70226e+06,1.16018e+07,0,0,0,2.37082e+08,61.3843,61.3098,2.0043,0,1,2.07423,1.5691,0,1.60255,2.54016,8.62394e+06,3.61194e+06,1.7888e+07,0,0,0,1.28823e+08
98.8707,110.357,1.2318,0.13,0.02,2.79608,3.30111,0,0.523934,6.89472,4.14971e+06,2.70226e+06,1.16029e+07,0,0,0,2.37082e+08,60.9634,61.3098,1.92031,0,1,2.07422,1.56919,0,1.60255,2.54016,8.62394e+06,3.61194e+06,1.7888e+07,0,0,0,1.28823e+08
97.0673,110.357,1.26636,0.13,0.02,2.8734,3.37835,0,0.523986,6.89472,4.14971e+06,2.70226e+06,1.19238e+07,0,0,0,2.37082e+08,60.4547,61.3098,1.81282,0,1,2.11257,1.60763,0,1.60255,2.54016,8.62394e+06,3.61194e+06,1.82187e+07,0,0,0,1.28823e+08
95.2821,110.357,1.30333,0.13,0.02,2.91203,3.37854,0,0.538476,6.89472,4.14971e+06,2.70226e+06,1.20841e+07,0,0,0,2.37082e+08,59.8341,61.3098,1.74733,0,1,2.07423,1.60772,0,1.63217,2.54016,8.62394e+06,3.61194e+06,1.7888e+07,0,0,0,1.28823e+08
93.3496,110.357,1.14168,0.18,0.02,2.91231,3.37873,0,0.545715,6.89472,4.14971e+06,2.70226e+06,1.20852e+07,0,0,0,2.37082e+08,59.1583,61.3098,1.61436,0,1,2.07423,1.60781,0,1.60255,2.54016,8.62394e+06,3.61194e+06,1.7888e+07,0,0,0,1.28823e+08
91.3443,110.357,1.05358,0.18,0.02,2.9126,3.37892,0,0.545768,6.89472,4.14971e+06,2.70226e+06,1.20864e+07,0,0,0,2.37082e+08,58.439,61.3098,1.54895,0,1,2.07423,1.6079,0,1.60255,2.54016,8.62394e+06,3.61194e+06,1.7888e+07,0,0,0,1.28823e+08
89.0125,110.357,0.879175,0.17,0.02,3.13856,3.60479,0,0.545821,6.89472,4.14971e+06,2.70226e+06,1.30241e+07,0,0,0,2.37082e+08,57.5301,61.3098,1.4971,0,1,2.21267,1.74643,0,1.60255,2.54016,8.62394e+06,3.61194e+06,1.90819e+07,0,0,0,1.28823e+08
86.4136,110.357,0.750468,0.19,0.02,3.27729,3.60499,0,0.588165,6.89472,4.14971e+06,2.70226e+06,1.35998e+07,0,0,0,2.37082e+08,56.7116,61.3098,1.2111,0,1,2.07424,1.74653,0,1.70951,2.54016,8.62394e+06,3.61194e+06,1.78881e+07,0,0,0,1.28823e+08
83.9185,110.357,0.84909,0.19,0.02,3.2776,3.6052,0,0.614165,6.89472,4.14971e+06,2.70226e+06,1.36011e+07,0,0,0,2.37082e+08,55.7229,61.3098,1.50991,0,1,2.07424,1.74663,0,1.60255,2.54016,8.62394e+06,3.61194e+06,1.78881e+07,0,0,0,1.28823e+08
81.307,110.357,0.691718,0.21,0.02,3.2779,3.6054,0,0.614222,6.89472,4.14971e+06,2.70226e+06,1.36023e+07,0,0,0,2.37082e+08,55.1102,61.3098,1.08851,0,1,2.07424,1.74673,0,1.60255,2.54016,8.62394e+06,3.61194e+06,1.78881e+07,0,0,0,1.28823e+08
78.8566,110.357,0.825304,0.22,0.02,3.2782,3.60561,0,0.614278,6.89472,4.14971e+06,2.70226e+06,1.36036e+07,0,0,0,2.37082e+08,54.7427,61.3098,1.89758,0,1,2.07424,1.74683,0,1.60255,2.54016,8.62394e+06,3.61194e+06,1.78881e+07,0,0,0,1.28823e+08
76.3703,110.357,0.710112,0.22,0.02,3.16849,3.49579,0,0.614335,6.89472,4.14971e+06,2.70226e+06,1.31483e+07,0,0,0,2.37082e+08,54.4986,61.3098,2.53666,0,1,1.99018,1.66288,0,1.60255,2.54016,8.62394e+06,3.61194e+06,1.71632e+07,0,0,0,1.28823e+08
73.9051,110.357,0.649851,0.24,0.02,3.08473,3.49599,0,0.593775,6.89472,4.14971e+06,2.70226e+06,1.28007e+07,0,0,0,2.37082e+08,53.8491,61.3098,1.82461,0,1,2.07423,1.66297,0,1.53761,2.54016,8.62394e+06,3.61194e+06,1.7888e+07,0,0,0,1.28823e+08
71.3513,110.357,0.536083,0.24,0.02,3.08503,3.49619,0,0.578079,6.89472,4.14971e+06,2.70226e+06,1.2802e+07,0,0,0,2.37082e+08,53.2839,61.3098,1.44311,0,1,2.07423,1.66307,0,1.60255,2.54016,8.62394e+06,3.61194e+06,1.7888e+07,0,0,0,1.28823e+08
69.0561,110.357,0.870805,0.26,0.02,3.08532,3.49639,0,0.578134,6.89472,4.14971e+06,2.70226e+06,1.28032e+07,0,0,0,2.37082e+08,52.9618,61.3098,1.9216,0,1,2.07423,1.66316,0,1.60255,2.54016,8.62394e+06,3.61194e+06,1.7888e+07,0,0,0,1.28823e+08
67.4193,110.357,1.56217,0.26,0.02,2.99529,3.40626,0,0.578189,6.89472,4.14971e+06,2.70226e+06,1.24296e+07,0,0,0,2.37082e+08,52.8796,61.3098,2.31246,0,1,1.9977,1.58673,0,1.60255,2.54016,8.62394e+06,3.61194e+06,1.72281e+07,0,0,0,1.28823e+08
65.5007,110.357,1.11678,0.33,0.02,2.91905,3.40646,0,0.561317,6.89472,4.14971e+06,2.70226e+06,1.21132e+07,0,0,0,2.37082e+08,52.5366,61.3098,1.79338,0,1,2.07423,1.58682,0,1.54343,2.54016,8.62394e+06,3.61194e+06,1.7888e+07,0,0,0,1.28823e+08
64.5617,110.357,2.14201,0.32,0.02,2.91933,3.40665,0,0.54703,6.89472,4.14971e+06,2.70226e+06,1.21144e+07,0,0,0,2.37082e+08,52.4575,61.3098,2.32748,0,1,2.07423,1.58691,0,1.60255,2.54016,8.62394e+06,3.61194e+06,1.7888e+07,0,0,0,1.28823e+08
64.6597,110.357,3.18273,0.32,0.02,2.91961,3.40684,0,0.547083,6.89472,4.14971e+06,2.70226e+06,1.21155e+07,0,0,0,2.37082e+08,53.0832,61.3098,4.32432,0,1,2.07423,1.587,0,1.60255,2.54016,8.62394e+06,3.61194e+06,1.7888e+07,0,0,0,1.28823e+08
63.7381,110.357,1.92537,0.34,0.02,2.66331,3.15045,0,0.547136,6.89472,4.14971e+06,2.70226e+06,1.1052e+07,0,0,0,2.37082e+08,53.1436,61.3098,3.08934,0,1,1.91481,1.42767,0,1.60255,2.54016,8.62394e+06,3.61194e+06,1.65132e+07,0,0,0,1.28823e+08
62.8781,110.357,1.89011,0.36,0.02,2.50416,3.15062,0,0.499104,6.89472,4.14971e+06,2.70226e+06,1.03915e+07,0,0,0,2.37082e+08,52.8584,61.3098,2.6341,0,1,2.07422,1.42775,0,1.47938,2.54016,8.62394e+06,3.61194e+06,1.78879e+07,0,0,0,1.28823e+08
63.0184,110.357,2.73021,0.41,0.02,2.22326,3.1508,0,0.469279,6.89472,4.14971e+06,3.40773e+06,9.22586e+06,0,0,0,2.37082e+08,52.8156,61.3098,3.4934,0,1,1.9468,1.42783,0,1.60254,2.54016,8.62394e+06,4.5549e+06,1.67891e+07,0,0,0,1.28823e+08
63.2056,110.357,2.76845,0.46,0.02,2.2235,3.15098,0,0.416638,6.89472,4.14971e+06,3.40773e+06,9.22687e+06,0,0,0,2.37082e+08,52.725,61.3098,3.06841,0,1,1.9468,1.42791,0,1.5041,2.54016,8.62394e+06,4.5549e+06,1.6789e+07,0,0,0,1.28823e+08
64.0837,110.357,3.52034,0.47,0.02,2.22374,3.15116,0,0.416684,6.89472,4.14971e+06,3.40773e+06,9.22788e+06,0,0,0,2.37082e+08,52.8904,61.3098,4.63834,0,1,1.94679,1.42799,0,1.50409,2.54016,8.62394e+06,4.5549e+06,1.6789e+07,0,0,0,1.28823e+08
64.9375,110.357,3.5796,0.52,0.02,2.22382,3.15116,0,0.416729,6.89472,4.14971e+06,3.40773e+06,9.22822e+06,0,0,0,2.37082e+08,53.9515,61.3098,5.91979,0,1,1.94671,1.42799,0,1.50409,2.54016,8.62394e+06,4.5549e+06,1.67883e+07,0,0,0,1.28823e+08
68.3624,110.357,6.2993,0.58,0.02,2.31389,3.25005,0,0.416745,6.89472,4.14971e+06,3.40773e+06,9.60197e+06,0,0,0,2.37082e+08,57.2423,61.3098,10.5629,0,1,1.98883,1.47425,0,1.50403,2.54016,8.62394e+06,4.5549e+06,1.71516e+07,0,0,0,1.28823e+08
72.9397,110.357,7.5949,0.46,0.02,2.36029,3.25021,0,0.433623,6.89472,4.14971e+06,3.40773e+06,9.79451e+06,0,0,0,2.37082e+08,60.5974,61.3098,10.3657,0,1,1.94265,1.47432,0,1.53657,2.54016,8.62394e+06,4.5549e+06,1.67533e+07,0,0,0,1.28823e+08
81.9937,110.357,12.361,0.48,0.02,2.36051,3.25038,0,0.442318,6.89472,4.14971e+06,3.40773e+06,9.79543e+06,0,0,0,2.37082e+08,62.338,61.3098,13.7024,0,1,1.94264,1.47439,0,1.50089,2.54016,8.62394e+06,4.5549e+06,1.67532e+07,0,0,0,1.28823e+08
86.1089,110.357,7.64182,0.35,0.02,2.65079,3.25054,0,0.44236,6.89472,4.14971e+06,2.70226e+06,1.1e+07,0,0,0,2.37082e+08,62.338,61.3098,12.3398,0,1,2.07421,1.47447,0,1.50088,2.54016,8.62394e+06,3.61194e+06,1.78878e+07,0,0,0,1.28823e+08
86.613,110.357,4.14956,0.33,0.02,2.96809,3.56776,0,0.496759,6.89472,4.14971e+06,2.70226e+06,1.23167e+07,0,0,0,2.37082e+08,62.338,61.3098,6.95866,0,1,2.24758,1.64791,0,1.60253,2.54016,8.62394e+06,3.61194e+06,1.9383e+07,0,0,0,1.28823e+08
87.2744,110.357,4.52475,0.33,0.02,3.14172,3.56794,0,0.556221,6.89472,4.14971e+06,2.70226e+06,1.30372e+07,0,0,0,2.37082e+08,62.338,61.3098,7.10341,0,1,2.07422,1.648,0,1.73648,2.54016,8.62394e+06,3.61194e+06,1.78879e+07,0,0,0,1.28823e+08
86.9154,110.357,3.43206,0.36,0.02,3.14198,3.56812,0,0.588758,6.89472,4.14971e+06,2.70226e+06,1.30383e+07,0,0,0,2.37082e+08,62.338,61.3098,5.45765,0,1,2.07422,1.64808,0,1.60254,2.54016,8.62394e+06,3.61194e+06,1.78879e+07,0,0,0,1.28823e+08
92.2236,110.357,9.26059,0.38,0.02,3.14224,3.56829,0,0.588806,6.89472,4.14971e+06,2.70226e+06,1.30394e+07,0,0,0,2.37082e+08,62.338,61.3098,12.9495,0,1,2.07422,1.64816,0,1.60254,2.54016,8.62394e+06,3.61194e+06,1.78879e+07,0,0,0,1.28823e+08
93.9448,110.357,5.40146,0.32,0.02,2.69017,3.11614,0,0.588855,6.89472,4.14971e+06,2.70226e+06,1.11634e+07,0,0,0,2.37082e+08,62.338,61.3098,10.3052,0,1,1.8415,1.41552,0,1.60254,2.54016,8.62394e+06,3.61194e+06,1.5881e+07,0,0,0,1.28823e+08
97.6598,110.357,7.26401,0.35,0.02,2.45769,3.1163,0,0.504137,6.89472,4.14971e+06,2.70226e+06,1.01987e+07,0,0,0,2.37082e+08,62.338,61.3098,9.94016,0,1,2.07421,1.41559,0,1.42274,2.54016,8.62394e+06,3.61194e+06,1.78878e+07,0,0,0,1.28823e+08
100.339,110.357,6.17488,0.27,0.02,2.45791,3.11645,0,0.460571,6.89472,4.14971e+06,2.70226e+06,1.01996e+07,0,0,0,2.37082e+08,62.338,61.3098,11.8693,0,1,2.07421,1.41566,0,1.60253,2.54016,8.62394e+06,3.61194e+06,1.78878e+07,0,0,0,1.28823e+08
104.431,110.357,7.5247,0.28,0.02,2.45814,3.11661,0,0.460613,6.89472,4.14971e+06,2.70226e+06,1.02005e+07,0,0,0,2.37082e+08,62.338,61.3098,10.2124,0,1,2.07421,1.41573,0,1.60253,2.54016,8.62394e+06,3.61194e+06,1.78878e+07,0,0,0,1.28823e+08
106.706,110.357,5.73123,0.15,0.02,2.45836,3.11676,0,0.460655,6.89472,4.14971e+06,2.70226e+06,1.02015e+07,0,0,0,2.37082e+08,62.338,61.3098,7.32725,0,1,2.07421,1.4158,0,1.60253,2.54016,8.62394e+06,3.61194e+06,1.78878e+07,0,0,0,1.28823e+08
107.47,110.357,4.22441,0.17,0.02,2.57247,3.2308,0,0.460697,6.89472,4.14971e+06,2.70226e+06,1.0675e+07,0,0,0,2.37082e+08,62.338,61.3098,5.86297,0,1,2.13115,1.47282,0,1.60253,2.54016,8.62394e+06,3.61194e+06,1.83789e+07,0,0,0,1.28823e+08
107.883,110.357,3.91431,0.09,0.02,2.62965,3.23096,0,0.482081,6.89472,4.14971e+06,2.70226e+06,1.09123e+07,0,0,0,2.37082e+08,62.338,61.3098,6.06913,0,1,2.07421,1.47289,0,1.64653,2.54016,8.62394e+06,3.61194e+06,1.78878e+07,0,0,0,1.28823e+08
107.853,110.357,3.40225,0.09,0.02,2.62988,3.23112,0,0.492796,6.89472,4.14971e+06,2.70226e+06,1.09132e+07,0,0,0,2.37082e+08,62.338,61.3098,5.68211,0,1,2.07421,1.47297,0,1.60253,2.54016,8.62394e+06,3.61194e+06,1.78878e+07,0,0,0,1.28823e+08
107.985,110.357,3.5234,0.1,0.02,2.63011,3.23128,0,0.49284,6.89472,4.14971e+06,2.70226e+06,1.09142e+07,0,0,0,2.37082e+08,62.338,61.3098,3.40225,0,1,2.07421,1.47304,0,1.60253,2.54016,8.62394e+06,3.61194e+06,1.78878e+07,0,0,0,1.28823e+08
107.743,110.357,3.1046,0.09,0.02,2.58581,3.18691,0,0.492884,6.89472,4.14971e+06,2.70226e+06,1.07304e+07,0,0,0,2.37082e+08,62.338,61.3098,3.02228,0,1,2.05209,1.45099,0,1.60253,2.54016,8.62394e+06,3.61194e+06,1.76971e+07,0,0,0,1.28823e+08
107.299,110.357,2.792,0.09,0.02,2.56392,3.18707,0,0.484581,6.89472,4.14971e+06,2.70226e+06,1.06395e+07,0,0,0,2.37082e+08,62.338,61.3098,2.68318,0,1,2.07421,1.45106,0,1.58544,2.54016,8.62394e+06,3.61194e+06,1.78878e+07,0,0,0,1.28823e+08
106.834,110.357,2.68961,0.08,0.02,2.56415,3.18722,0,0.480479,6.89472,4.14971e+06,2.70226e+06,1.06405e+07,0,0,0,2.37082e+08,62.338,61.3098,2.7999,0,1,2.07421,1.45114,0,1.60253,2.54016,8.62394e+06,3.61194e+06,1.78878e+07,0,0,0,1.28823e+08
106.242,110.357,2.54868,0.12,0.02,2.56438,3.18738,0,0.480522,6.89472,4.14971e+06,2.70226e+06,1.06414e+07,0,0,0,2.37082e+08,62.338,61.3098,2.68879,0,1,2.07421,1.45121,0,1.60253,2.54016,8.62394e+06,3.61194e+06,1.78878e+07,0,0,0,1.28823e+08
105.7,110.357,2.66165,0.1,0.02,2.71582,3.33875,0,0.480565,6.89472,4.14971e+06,2.70226e+06,1.12698e+07,0,0,0,2.37082e+08,62.338,61.3098,2.88559,0,1,2.15267,1.52974,0,1.60253,2.54016,8.62394e+06,3.61194e+06,1.85645e+07,0,0,0,1.28823e+08
104.966,110.357,2.49876,0.09,0.02,2.79452,3.33891,0,0.508944,6.89472,4.14971e+06,2.70226e+06,1.15964e+07,0,0,0,2.37082e+08,62.338,61.3098,2.93229,0,1,2.07421,1.52982,0,1.66315,2.54016,8.62394e+06,3.61194e+06,1.78879e+07,0,0,0,1.28823e+08
104.144,110.357,2.39849,0.09,0.02,2.79476,3.33908,0,0.523693,6.89472,4.14971e+06,2.70226e+06,1.15974e+07,0,0,0,2.37082e+08,62.338,61.3098,2.85876,0,1,2.07421,1.52989,0,1.60254,2.54016,8.62394e+06,3.61194e+06,1.78879e+07,0,0,0,1.28823e+08
103.183,110.357,2.2474,0.09,0.02,2.795,3.33924,0,0.523738,6.89472,4.14971e+06,2.70226e+06,1.15984e+07,0,0,0,2.37082e+08,62.338,61.3098,2.66273,0,1,2.07421,1.52997,0,1.60254,2.54016,8.62394e+06,3.61194e+06,1.78879e+07,0,0,0,1.28823e+08
101.986,110.357,2.04334,0.09,0.02,2.79524,3.33941,0,0.523783,6.89472,4.14971e+06,2.70226e+06,1.15994e+07,0,0,0,2.37082e+08,62.338,61.3098,3.04612,0,1,2.07421,1.53005,0,1.60254,2.54016,8.62394e+06,3.61194e+06,1.78879e+07,0,0,0,1.28823e+08
100.799,110.357,1.91275,0.09,0.02,2.76557,3.30966,0,0.523829,6.89472,4.14971e+06,2.70226e+06,1.14763e+07,0,0,0,2.37082e+08,62.338,61.3098,3.13872,0,1,2.11735,1.57326,0,1.60254,2.54016,8.62394e+06,3.61194e+06,1.82599e+07,0,0,0,1.28823e+08
99.4688,110.357,1.77183,0.13,0.02,2.80895,3.30983,0,0.518269,6.89472,4.14971e+06,2.70226e+06,1.16563e+07,0,0,0,2.37082e+08,62.338,61.3098,3.04233,0,1,2.07421,1.57334,0,1.63586,2.54016,8.62394e+06,3.61194e+06,1.78879e+07,0,0,0,1.28823e+08
98.0307,110.357,1.64733,0.13,0.02,2.80919,3.30999,0,0.526397,6.89472,4.14971e+06,2.70226e+06,1.16573e+07,0,0,0,2.37082e+08,62.338,61.3098,3.14704,0,1,2.07421,1.57341,0,1.60254,2.54016,8.62394e+06,3.61194e+06,1.78879e+07,0,0,0,1.28823e+08
96.5565,110.357,1.58869,0.13,0.02,2.80944,3.31016,0,0.526443,6.89472,4.14971e+06,2.70226e+06,1.16583e+07,0,0,0,2.37082e+08,62.338,61.3098,3.06361,0,1,2.07421,1.57349,0,1.60254,2.54016,8.62394e+06,3.61194e+06,1.78879e+07,0,0,0,1.28823e+08
94.9084,110.357,1.48815,0.13,0.02,2.88693,3.38758,0,0.526488,6.89472,4.14971e+06,2.70226e+06,1.19799e+07,0,0,0,2.37082e+08,62.338,61.3098,2.73257,0,1,2.11267,1.61202,0,1.60254,2.54016,8.62394e+06,3.61194e+06,1.82195e+07,0,0,0,1.28823e+08
93.1491,110.357,1.37616,0.16,0.02,2.92563,3.38775,0,0.541011,6.89472,4.14971e+06,2.70226e+06,1.21405e+07,0,0,0,2.37082e+08,62.2847,61.3098,2.6311,0,1,2.07422,1.6121,0,1.63225,2.54016,8.62394e+06,3.61194e+06,1.78879e+07,0,0,0,1.28823e+08
91.2856,110.357,1.25305,0.16,0.02,2.92588,3.38791,0,0.548263,6.89472,4.14971e+06,2.70226e+06,1.21415e+07,0,0,0,2.37082e+08,62.185,61.3098,2.32095,0,1,2.07422,1.61218,0,1.60254,2.54016,8.62394e+06,3.61194e+06,1.78879e+07,0,0,0,1.28823e+08
89.6524,110.357,1.45895,0.16,0.02,2.92613,3.38808,0,0.54831,6.89472,4.14971e+06,2.70226e+06,1.21426e+07,0,0,0,2.37082e+08,62.3132,61.3098,3.18945,0,1,2.07422,1.61226,0,1.60254,2.54016,8.62394e+06,3.61194e+06,1.78879e+07,0,0,0,1.28823e+08
87.4129,110.357,0.990481,0.18,0.02,3.15266,3.61454,0,0.548356,6.89472,4.14971e+06,2.70226e+06,1.30826e+07,0,0,0,2.37082e+08,62.2571,61.3098,2.71729,0,1,2.21303,1.75116,0,1.60254,2.54016,8.62394e+06,3.61194e+06,1.9085e+07,0,0,0,1.28823e+08
85.1783,110.357,1.09995,0.19,0.02,3.29174,3.61472,0,0.590809,6.89472,4.14971e+06,2.70226e+06,1.36597e+07,0,0,0,2.37082e+08,62.2255,61.3098,2.79106,0,1,2.07422,1.75124,0,1.70979,2.54016,8.62394e+06,3.61194e+06,1.7888e+07,0,0,0,1.28823e+08
83.5458,110.357,1.76494,0.19,0.02,3.292,3.61489,0,0.616871,6.89472,4.14971e+06,2.70226e+06,1.36608e+07,0,0,0,2.37082e+08,62.338,61.3098,3.40445,0,1,2.07422,1.75133,0,1.60254,2.54016,8.62394e+06,3.61194e+06,1.7888e+07,0,0,0,1.28823e+08
82.3691,110.357,2.20456,0.22,0.02,3.29227,3.61507,0,0.616921,6.89472,4.14971e+06,2.70226e+06,1.3662e+07,0,0,0,2.37082e+08,62.338,61.3098,3.62339,0,1,2.07422,1.75142,0,1.60254,2.54016,8.62394e+06,3.61194e+06,1.7888e+07,0,0,0,1.28823e+08
80.515,110.357,1.4752,0.21,0.02,3.29253,3.61525,0,0.616971,6.89472,4.14971e+06,2.70226e+06,1.36631e+07,0,0,0,2.37082e+08,62.338,61.3098,3.41642,0,1,2.07422,1.7515,0,1.60254,2.54016,8.62394e+06,3.61194e+06,1.7888e+07,0,0,0,1.28823e+08
78.6904,110.357,1.39032,0.12,0.02,3.18249,3.50512,0,0.617021,6.89472,4.14971e+06,2.70226e+06,1.32064e+07,0,0,0,2.37082e+08,62.338,61.3098,6.03412,0,1,1.98995,1.66731,0,1.60254,2.54016,8.62394e+06,3.61194e+06,1.71612e+07,0,0,0,1.28823e+08
76.7286,110.357,1.16585,0.22,0.02,3.09847,3.5053,0,0.596399,6.89472,4.14971e+06,2.70226e+06,1.28578e+07,0,0,0,2.37082e+08,62.338,61.3098,3.16034,0,1,2.07422,1.6674,0,1.53743,2.54016,8.62394e+06,3.61194e+06,1.78879e+07,0,0,0,1.28823e+08
75.1967,110.357,1.65209,0.12,0.02,3.09873,3.50547,0,0.580654,6.89472,4.14971e+06,2.70226e+06,1.28588e+07,0,0,0,2.37082e+08,62.338,61.3098,3.66174,0,1,2.07422,1.66748,0,1.60254,2.54016,8.62394e+06,3.61194e+06,1.78879e+07,0,0,0,1.28823e+08
76.4375,110.357,4.68595,0.1,0.02,3.09899,3.50564,0,0.580702,6.89472,4.14971e+06,2.70226e+06,1.28599e+07,0,0,0,2.37082e+08,62.338,61.3098,6.14078,0,1,2.07422,1.66756,0,1.60254,2.54016,8.62394e+06,3.61194e+06,1.78879e+07,0,0,0,1.28823e+08
78.5283,110.357,5.52797,0.11,0.02,3.00868,3.41525,0,0.58075,6.89472,4.14971e+06,2.70226e+06,1.24851e+07,0,0,0,2.37082e+08,62.338,61.3098,13.1668,0,1,1.99749,1.59092,0,1.60254,2.54016,8.62394e+06,3.61194e+06,1.72262e+07,0,0,0,1.28823e+08
78.9236,110.357,3.6676,0.13,0.02,2.9322,3.41542,0,0.563827,6.89472,4.14971e+06,2.70226e+06,1.21678e+07,0,0,0,2.37082e+08,62.338,61.3098,5.87195,0,1,2.07421,1.591,0,1.54326,2.54016,8.62394e+06,3.61194e+06,1.78879e+07,0,0,0,1.28823e+08
81.924,110.357,6.87137,0,0.02,3.41559,3.41559,0,0.549495,6.89472,4.14971e+06,2.70226e+06,1.41737e+07,0,0,0,2.37082e+08,62.338,61.3098,9.44584,0,1,1.59107,1.59107,0,1.60254,2.54016,8.62394e+06,3.61194e+06,1.37213e+07,0,0,0,1.28823e+08
84.5055,110.357,6.06784,0.03,0.02,2.9327,3.41576,0,0.640082,6.89472,4.14971e+06,2.70226e+06,1.21698e+07,0,0,0,2.37082e+08,62.338,61.3098,12.3093,0,1,2.07421,1.59115,0,1.22926,2.54016,8.62394e+06,3.61194e+06,1.78879e+07,0,0,0,1.28823e+08
89,110.357,7.69869,0.12,0.02,2.67569,3.15867,0,0.549588,6.89472,4.14971e+06,2.70226e+06,1.11033e+07,0,0,0,2.37082e+08,62.338,61.3098,21.0293,0,1,1.91438,1.4314,0,1.60254,2.54016,8.62394e+06,3.61194e+06,1.65095e+07,0,0,0,1.28823e+08
94.9884,110.357,9.28411,0.09,0.02,2.51609,3.15883,0,0.501424,6.89472,4.14971e+06,2.70226e+06,1.0441e+07,0,0,0,2.37082e+08,62.338,61.3098,24.6172,0,1,2.07421,1.43147,0,1.47905,2.54016,8.62394e+06,3.61194e+06,1.78878e+07,0,0,0,1.28823e+08
99.4822,110.357,7.9336,0.09,0.02,2.51632,3.15899,0,0.471516,6.89472,4.14971e+06,2.70226e+06,1.0442e+07,0,0,0,2.37082e+08,62.338,61.3098,15.7698,0,1,2.07421,1.43154,0,1.60253,2.54016,8.62394e+06,3.61194e+06,1.78878e+07,0,0,0,1.28823e+08
103.746,110.357,7.68648,0.02,0.02,2.51655,3.15914,0,0.471558,6.89472,4.14971e+06,2.70226e+06,1.04429e+07,0,0,0,2.37082e+08,62.338,61.3098,9.23735,0,1,2.07421,1.43161,0,1.60253,2.54016,8.62394e+06,3.61194e+06,1.78878e+07,0,0,0,1.28823e+08
107.057,110.357,7.49093,0,0.02,3.1593,3.1593,0,0.471601,6.89472,4.14971e+06,2.70226e+06,1.31102e+07,0,0,0,2.37082e+08,62.338,61.3098,8.36687,0,1,1.43168,1.43168,0,1.60253,2.54016,8.62394e+06,3.61194e+06,1.23467e+07,0,0,0,1.28823e+08
109.439,110.357,5.93636,0.08,0.02,2.61597,3.25842,0,0.592053,6.89472,4.14971e+06,2.70226e+06,1.08555e+07,0,0,0,2.37082e+08,62.338,61.3098,8.0985,0,1,2.1205,1.47804,0,1.10612,2.54016,8.62394e+06,3.61194e+06,1.8287e+07,0,0,0,1.28823e+08
110.357,110.357,10.2638,0,0.02,3.25856,3.25856,0,0.490233,6.89472,4.14971e+06,2.70226e+06,1.35221e+07,0,0,0,2.37082e+08,62.338,61.3098,12.4102,0,1,1.47811,1.47811,0,1.6383,2.54016,8.62394e+06,3.61194e+06,1.27471e+07,0,0,0,1.28823e+08
110.357,110.357,10.7525,0.07,0.02,2.66267,3.2587,0,0.610655,6.89472,4.14971e+06,2.70226e+06,1.10493e+07,0,0,0,2.37082e+08,62.338,61.3098,9.07338,0,1,2.0742,1.47817,0,1.14199,2.54016,8.62394e+06,3.61194e+06,1.78878e+07,0,0,0,1.28823e+08
110.357,110.357,7.03506,0.1,0.02,2.66287,3.25884,0,0.498985,6.89472,4.14971e+06,2.70226e+06,1.10501e+07,0,0,0,2.37082e+08,62.338,61.3098,6.85602,0,1,2.0742,1.47823,0,1.60253,2.54016,8.62394e+06,3.61194e+06,1.78878e+07,0,0,0,1.28823e+08
110.357,110.357,6.85269,0.09,0.02,2.98095,3.57685,0,0.499023,6.89472,4.14971e+06,2.70226e+06,1.23701e+07,0,0,0,2.37082e+08,62.338,61.3098,10.2589,0,1,2.24802,1.65211,0,1.60253,2.54016,8.62394e+06,3.61194e+06,1.93867e+07,0,0,0,1.28823e+08
110.357,110.357,4.89317,0.09,0.02,3.15498,3.577,0,0.55863,6.89472,4.14971e+06,2.70226e+06,1.30922e+07,0,0,0,2.37082e+08,62.338,61.3098,5.27232,0,1,2.07421,1.65218,0,1.73682,2.54016,8.62394e+06,3.61194e+06,1.78878e+07,0,0,0,1.28823e+08
110.005,110.357,3.74095,0.08,0.02,3.1552,3.57716,0,0.591243,6.89472,4.14971e+06,2.70226e+06,1.30932e+07,0,0,0,2.37082e+08,62.338,61.3098,3.69874,0,1,2.07421,1.65225,0,1.60253,2.54016,8.62394e+06,3.61194e+06,1.78878e+07,0,0,0,1.28823e+08
109.891,110.357,3.88686,0.08,0.02,3.15543,3.57731,0,0.591285,6.89472,4.14971e+06,2.70226e+06,1.30941e+07,0,0,0,2.37082e+08,62.338,61.3098,4.64764,0,1,2.07421,1.65232,0,1.60253,2.54016,8.62394e+06,3.61194e+06,1.78878e+07,0,0,0,1.28823e+08
110.357,110.357,6.77471,0.08,0.02,2.70218,3.124,0,0.591327,6.89472,4.14971e+06,2.70226e+06,1.12133e+07,0,0,0,2.37082e+08,62.338,61.3098,7.93861,0,1,1.8409,1.41909,0,1.60253,2.54016,8.62394e+06,3.61194e+06,1.58758e+07,0,0,0,1.28823e+08
110.357,110.357,5.3728,0.08,0.02,2.46908,3.12413,0,0.506389,6.89472,4.14971e+06,2.70226e+06,1.0246e+07,0,0,0,2.37082e+08,62.338,61.3098,6.15611,0,1,2.0742,1.41915,0,1.42228,2.54016,8.62394e+06,3.61194e+06,1.78877e+07,0,0,0,1.28823e+08
110.357,110.357,4.34535,0.08,0.02,2.46928,3.12426,0,0.462706,6.89472,4.14971e+06,2.70226e+06,1.02468e+07,0,0,0,2.37082e+08,62.338,61.3098,4.64863,0,1,2.0742,1.41921,0,1.60252,2.54016,8.62394e+06,3.61194e+06,1.78877e+07,0,0,0,1.28823e+08
110.357,110.357,4.8979,0.08,0.02,2.46947,3.1244,0,0.462743,6.89472,4.14971e+06,2.70226e+06,1.02476e+07,0,0,0,2.37082e+08,62.338,61.3098,6.00863,0,1,2.0742,1.41927,0,1.60252,2.54016,8.62394e+06,3.61194e+06,1.78877e+07,0,0,0,1.28823e+08
110.357,110.357,4.99294,0.08,0.02,2.46966,3.12453,0,0.462779,6.89472,4.14971e+06,2.70226e+06,1.02484e+07,0,0,0,2.37082e+08,62.338,61.3098,4.54028,0,1,2.0742,1.41933,0,1.60252,2.54016,8.62394e+06,3.61194e+06,1.78877e+07,0,0,0,1.28823e+08
110.357,110.357,7.3232,0.1,0.02,2.58403,3.23883,0,0.462815,6.89472,4.14971e+06,2.70226e+06,1.0723e+07,0,0,0,2.37082e+08,62.338,61.3098,4.88022,0,1,2.13128,1.47648,0,1.60252,2.54016,8.62394e+06,3.61194e+06,1.83801e+07,0,0,0,1.28823e+08
110.357,110.357,6.49319,0.09,0.02,2.64131,3.23897,0,0.484247,6.89472,4.14971e+06,2.70226e+06,1.09607e+07,0,0,0,2.37082e+08,62.338,61.3098,6.95831,0,1,2.0742,1.47654,0,1.64663,2.54016,8.62394e+06,3.61194e+06,1.78878e+07,0,0,0,1.28823e+08
110.357,110.357,5.36692,0.09,0.02,2.64151,3.23911,0,0.494982,6.89472,4.14971e+06,2.70226e+06,1.09615e+07,0,0,0,2.37082e+08,62.338,61.3098,7.28284,0,1,2.0742,1.47661,0,1.60253,2.54016,8.62394e+06,3.61194e+06,1.78878e+07,0,0,0,1.28823e+08
110.357,110.357,4.49765,0.11,0.02,2.64171,3.23924,0,0.49502,6.89472,4.14971e+06,2.70226e+06,1.09623e+07,0,0,0,2.37082e+08,62.338,61.3098,5.24778,0,1,2.0742,1.47667,0,1.60253,2.54016,8.62394e+06,3.61194e+06,1.78878e+07,0,0,0,1.28823e+08
110.357,110.357,4.15389,0.09,0.02,2.59727,3.19474,0,0.495057,6.89472,4.14971e+06,2.70226e+06,1.07779e+07,0,0,0,2.37082e+08,62.338,61.3098,4.35781,0,1,2.05202,1.45456,0,1.60253,2.54016,8.62394e+06,3.61194e+06,1.76965e+07,0,0,0,1.28823e+08
110.357,110.357,3.38224,0.09,0.02,2.57529,3.19487,0,0.486728,6.89472,4.14971e+06,2.70226e+06,1.06867e+07,0,0,0,2.37082e+08,62.338,61.3098,3.9408,0,1,2.0742,1.45462,0,1.58539,2.54016,8.62394e+06,3.61194e+06,1.78878e+07,0,0,0,1.28823e+08
110.086,110.357,3.03017,0.08,0.02,2.57549,3.19501,0,0.48261,6.89472,4.14971e+06,2.70226e+06,1.06875e+07,0,0,0,2.37082e+08,62.338,61.3098,3.06426,0,1,2.0742,1.45468,0,1.60253,2.54016,8.62394e+06,3.61194e+06,1.78878e+07,0,0,0,1.28823e+08
110.357,110.357,3.67146,0.07,0.02,2.57569,3.19514,0,0.482647,6.89472,4.14971e+06,2.70226e+06,1.06883e+07,0,0,0,2.37082e+08,62.338,61.3098,3.17107,0,1,2.0742,1.45474,0,1.60253,2.54016,8.62394e+06,3.61194e+06,1.78878e+07,0,0,0,1.28823e+08
110.215,110.357,3.15497,0.06,0.02,2.72746,3.34685,0,0.482684,6.89472,4.14971e+06,2.70226e+06,1.13182e+07,0,0,0,2.37082e+08,62.338,61.3098,3.30539,0,1,2.15285,1.53346,0,1.60253,2.54016,8.62394e+06,3.61194e+06,1.85661e+07,0,0,0,1.28823e+08
109.756,110.357,2.88633,0.05,0.02,2.80632,3.347,0,0.511126,6.89472,4.14971e+06,2.70226e+06,1.16454e+07,0,0,0,2.37082e+08,62.338,61.3098,2.99548,0,1,2.0742,1.53352,0,1.66329,2.54016,8.62394e+06,3.61194e+06,1.78878e+07,0,0,0,1.28823e+08
109.18,110.357,2.67347,0.06,0.02,2.80653,3.34714,0,0.525904,6.89472,4.14971e+06,2.70226e+06,1.16463e+07,0,0,0,2.37082e+08,62.338,61.3098,2.8832,0,1,2.0742,1.53359,0,1.60253,2.54016,8.62394e+06,3.61194e+06,1.78878e+07,0,0,0,1.28823e+08
108.473,110.357,2.52367,0.06,0.02,2.80674,3.34728,0,0.525943,6.89472,4.14971e+06,2.70226e+06,1.16471e+07,0,0,0,2.37082e+08,62.338,61.3098,2.70834,0,1,2.0742,1.53365,0,1.60253,2.54016,8.62394e+06,3.61194e+06,1.78878e+07,0,0,0,1.28823e+08
107.468,110.357,2.25131,0.06,0.02,2.80694,3.34743,0,0.525982,6.89472,4.14971e+06,2.70226e+06,1.1648e+07,0,0,0,2.37082e+08,62.338,61.3098,2.89445,0,1,2.0742,1.53372,0,1.60253,2.54016,8.62394e+06,3.61194e+06,1.78878e+07,0,0,0,1.28823e+08
106.32,110.357,2.04556,0.06,0.02,2.77717,3.31759,0,0.526021,6.89472,4.14971e+06,2.70226e+06,1.15244e+07,0,0,0,2.37082e+08,62.338,61.3098,2.87561,0,1,2.11744,1.57702,0,1.60253,2.54016,8.62394e+06,3.61194e+06,1.82607e+07,0,0,0,1.28823e+08
105.056,110.357,1.93855,0.09,0.02,2.82062,3.31773,0,0.520442,6.89472,4.14971e+06,2.70226e+06,1.17047e+07,0,0,0,2.37082e+08,62.2996,61.3098,2.78215,0,1,2.0742,1.57709,0,1.63593,2.54016,8.62394e+06,3.61194e+06,1.78878e+07,0,0,0,1.28823e+08
103.679,110.357,1.80887,0.09,0.02,2.82082,3.31787,0,0.528583,6.89472,4.14971e+06,2.70226e+06,1.17056e+07,0,0,0,2.37082e+08,62.1439,61.3098,2.59317,0,1,2.0742,1.57716,0,1.60253,2.54016,8.62394e+06,3.61194e+06,1.78878e+07,0,0,0,1.28823e+08
102.195,110.357,1.6701,0.09,0.02,2.82103,3.31801,0,0.528622,6.89472,4.14971e+06,2.70226e+06,1.17065e+07,0,0,0,2.37082e+08,61.9698,61.3098,2.43511,0,1,2.0742,1.57723,0,1.60253,2.54016,8.62394e+06,3.61194e+06,1.78878e+07,0,0,0,1.28823e+08
100.811,110.357,1.81225,0.09,0.02,2.89868,3.39559,0,0.528661,6.89472,4.14971e+06,2.70226e+06,1.20287e+07,0,0,0,2.37082e+08,62.2018,61.3098,3.04167,0,1,2.11275,1.61583,0,1.60253,2.54016,8.62394e+06,3.61194e+06,1.82202e+07,0,0,0,1.28823e+08
99.2657,110.357,1.65596,0.13,0.02,2.93743,3.39574,0,0.543213,6.89472,4.14971e+06,2.70226e+06,1.21895e+07,0,0,0,2.37082e+08,62.2459,61.3098,2.96387,0,1,2.0742,1.6159,0,1.63231,2.54016,8.62394e+06,3.61194e+06,1.78878e+07,0,0,0,1.28823e+08
97.5977,110.357,1.51984,0.14,0.02,2.93765,3.39588,0,0.550475,6.89472,4.14971e+06,2.70226e+06,1.21904e+07,0,0,0,2.37082e+08,62.2127,61.3098,2.60815,0,1,2.0742,1.61597,0,1.60253,2.54016,8.62394e+06,3.61194e+06,1.78878e+07,0,0,0,1.28823e+08
96.0342,110.357,1.59847,0.14,0.02,2.93786,3.39602,0,0.550515,6.89472,4.14971e+06,2.70226e+06,1.21913e+07,0,0,0,2.37082e+08,62.3177,61.3098,3.07945,0,1,2.0742,1.61604,0,1.60253,2.54016,8.62394e+06,3.61194e+06,1.78878e+07,0,0,0,1.28823e+08
93.968,110.357,1.27674,0.14,0.02,3.16489,3.62298,0,0.550555,6.89472,4.14971e+06,2.70226e+06,1.31334e+07,0,0,0,2.37082e+08,62.1981,61.3098,2.29379,0,1,2.21335,1.75525,0,1.60253,2.54016,8.62394e+06,3.61194e+06,1.90877e+07,0,0,0,1.28823e+08
91.8689,110.357,1.36303,0.17,0.02,3.30425,3.62314,0,0.5931,6.89472,4.14971e+06,2.70226e+06,1.37117e+07,0,0,0,2.37082e+08,62.1631,61.3098,2.70743,0,1,2.07421,1.75532,0,1.71003,2.54016,8.62394e+06,3.61194e+06,1.78879e+07,0,0,0,1.28823e+08
89.5317,110.357,1.10971,0.17,0.02,3.30448,3.62329,0,0.619217,6.89472,4.14971e+06,2.70226e+06,1.37126e+07,0,0,0,2.37082e+08,61.9125,61.3098,1.90965,0,1,2.07421,1.7554,0,1.60254,2.54016,8.62394e+06,3.61194e+06,1.78879e+07,0,0,0,1.28823e+08
87.4621,110.357,1.35456,0.19,0.02,3.30471,3.62345,0,0.61926,6.89472,4.14971e+06,2.70226e+06,1.37136e+07,0,0,0,2.37082e+08,62.1927,61.3098,3.47594,0,1,2.07421,1.75547,0,1.60254,2.54016,8.62394e+06,3.61194e+06,1.78879e+07,0,0,0,1.28823e+08
85.3398,110.357,1.35923,0.19,0.02,3.30494,3.6236,0,0.619303,6.89472,4.14971e+06,2.70226e+06,1.37145e+07,0,0,0,2.37082e+08,62.2845,61.3098,2.51811,0,1,2.07421,1.75555,0,1.60254,2.54016,8.62394e+06,3.61194e+06,1.78879e+07,0,0,0,1.28823e+08
83.7656,110.357,1.84162,0.19,0.02,3.19461,3.51319,0,0.619346,6.89472,4.14971e+06,2.70226e+06,1.32567e+07,0,0,0,2.37082e+08,62.338,61.3098,2.84715,0,1,1.98974,1.67115,0,1.60254,2.54016,8.62394e+06,3.61194e+06,1.71594e+07,0,0,0,1.28823e+08
82.0294,110.357,1.52652,0.21,0.02,3.11036,3.51334,0,0.598669,6.89472,4.14971e+06,2.70226e+06,1.29071e+07,0,0,0,2.37082e+08,62.338,61.3098,4.46402,0,1,2.07421,1.67122,0,1.53727,2.54016,8.62394e+06,3.61194e+06,1.78878e+07,0,0,0,1.28823e+08
80.0594,110.357,1.27687,0.21,0.02,3.11058,3.51349,0,0.582881,6.89472,4.14971e+06,2.70226e+06,1.2908e+07,0,0,0,2.37082e+08,62.3342,61.3098,2.34694,0,1,2.07421,1.6713,0,1.60253,2.54016,8.62394e+06,3.61194e+06,1.78878e+07,0,0,0,1.28823e+08
78.2812,110.357,1.48433,0.14,0.02,3.1108,3.51364,0,0.582923,6.89472,4.14971e+06,2.70226e+06,1.29089e+07,0,0,0,2.37082e+08,62.3083,61.3098,2.50959,0,1,2.07421,1.67137,0,1.60253,2.54016,8.62394e+06,3.61194e+06,1.78878e+07,0,0,0,1.28823e+08
76.4672,110.357,1.33609,0.23,0.02,3.02025,3.42302,0,0.582964,6.89472,4.14971e+06,2.70226e+06,1.25332e+07,0,0,0,2.37082e+08,62.0095,61.3098,2.09626,0,1,1.9973,1.59454,0,1.60253,2.54016,8.62394e+06,3.61194e+06,1.72246e+07,0,0,0,1.28823e+08
74.7384,110.357,1.42057,0.13,0.02,2.94357,3.42317,0,0.565995,6.89472,4.14971e+06,2.70226e+06,1.22149e+07,0,0,0,2.37082e+08,61.807,61.3098,1.54281,0,1,2.0742,1.5946,0,1.54312,2.54016,8.62394e+06,3.61194e+06,1.78878e+07,0,0,0,1.28823e+08
73.2495,110.357,1.6579,0.11,0.02,2.94378,3.42331,0,0.551624,6.89472,4.14971e+06,2.70226e+06,1.22158e+07,0,0,0,2.37082e+08,62.2072,61.3098,3.34767,0,1,2.0742,1.59467,0,1.60253,2.54016,8.62394e+06,3.61194e+06,1.78878e+07,0,0,0,1.28823e+08
74.0002,110.357,4.44801,0,0.02,3.42346,3.42346,0,0.551664,6.89472,4.14971e+06,2.70226e+06,1.42064e+07,0,0,0,2.37082e+08,62.338,61.3098,6.97374,0,1,1.59474,1.59474,0,1.60253,2.54016,8.62394e+06,3.61194e+06,1.37529e+07,0,0,0,1.28823e+08
73.4065,110.357,2.46682,0.01,0.02,2.68637,3.16577,0,0.641556,6.89472,4.14971e+06,2.70226e+06,1.11477e+07,0,0,0,2.37082e+08,62.338,61.3098,4.60915,0,1,1.91401,1.43461,0,1.2321,2.54016,8.62394e+06,3.61194e+06,1.65063e+07,0,0,0,1.28823e+08
75.0118,110.357,5.27928,0,0.02,3.1659,3.1659,0,0.503426,6.89472,4.14971e+06,2.70226e+06,1.31376e+07,0,0,0,2.37082e+08,62.338,61.3098,11.4532,0,1,1.43468,1.43468,0,1.47876,2.54016,8.62394e+06,3.61194e+06,1.23726e+07,0,0,0,1.28823e+08
75.9146,110.357,4.40372,0,0.02,3.16604,3.16604,0,0.59329,6.89472,4.14971e+06,2.70226e+06,1.31381e+07,0,0,0,2.37082e+08,62.338,61.3098,4.59473,0,1,1.43474,1.43474,0,1.10843,2.54016,8.62394e+06,3.61194e+06,1.23731e+07,0,0,0,1.28823e+08
76.8919,110.357,3.88398,0.05,0.02,2.52677,3.16617,0,0.593315,6.89472,4.14971e+06,2.70226e+06,1.04854e+07,0,0,0,2.37082e+08,62.338,61.3098,6.48528,0,1,2.0742,1.4348,0,1.10848,2.54016,8.62394e+06,3.61194e+06,1.78877e+07,0,0,0,1.28823e+08
78.03,110.357,4.07463,0.05,0.02,2.52697,3.16631,0,0.473517,6.89472,4.14971e+06,2.70226e+06,1.04862e+07,0,0,0,2.37082e+08,62.338,61.3098,6.41577,0,1,2.0742,1.43486,0,1.60252,2.54016,8.62394e+06,3.61194e+06,1.78877e+07,0,0,0,1.28823e+08
78.2863,110.357,3.24688,0.1,0.02,2.62635,3.26563,0,0.473554,6.89472,4.14971e+06,2.70226e+06,1.08986e+07,0,0,0,2.37082e+08,62.338,61.3098,5.38927,0,1,2.12059,1.48131,0,1.60252,2.54016,8.62394e+06,3.61194e+06,1.82878e+07,0,0,0,1.28823e+08
79.0642,110.357,4.38156,0,0.02,3.26575,3.26575,0,0.492178,6.89472,4.14971e+06,2.70226e+06,1.35519e+07,0,0,0,2.37082e+08,62.338,61.3098,7.62905,0,1,1.48137,1.48137,0,1.63837,2.54016,8.62394e+06,3.61194e+06,1.27752e+07,0,0,0,1.28823e+08
81.0938,110.357,5.82405,0,0.02,3.26586,3.26586,0,0.612001,6.89472,4.14971e+06,2.70226e+06,1.35524e+07,0,0,0,2.37082e+08,62.338,61.3098,10.0404,0,1,1.48142,1.48142,0,1.1445,2.54016,8.62394e+06,3.61194e+06,1.27757e+07,0,0,0,1.28823e+08
81.437,110.357,4.05791,0,0.02,3.26598,3.26598,0,0.612023,6.89472,4.14971e+06,2.70226e+06,1.35529e+07,0,0,0,2.37082e+08,62.338,61.3098,6.1704,0,1,1.48147,1.48147,0,1.14454,2.54016,8.62394e+06,3.61194e+06,1.27761e+07,0,0,0,1.28823e+08
83.4355,110.357,6.08005,0,0.02,3.58466,3.58466,0,0.612044,6.89472,4.14971e+06,2.70226e+06,1.48753e+07,0,0,0,2.37082e+08,62.338,61.3098,11.0388,0,1,1.65572,1.65572,0,1.14458,2.54016,8.62394e+06,3.61194e+06,1.42788e+07,0,0,0,1.28823e+08
85.24,110.357,5.91867,0,0.02,3.58479,3.58479,0,0.671766,6.89472,4.14971e+06,2.70226e+06,1.48758e+07,0,0,0,2.37082e+08,62.338,61.3098,9.76208,0,1,1.65578,1.65578,0,1.27921,2.54016,8.62394e+06,3.61194e+06,1.42793e+07,0,0,0,1.28823e+08
87.4235,110.357,6.41282,0,0.02,3.58492,3.58492,0,0.67179,6.89472,4.14971e+06,2.70226e+06,1.48764e+07,0,0,0,2.37082e+08,62.338,61.3098,9.5524,0,1,1.65584,1.65584,0,1.27925,2.54016,8.62394e+06,3.61194e+06,1.42798e+07,0,0,0,1.28823e+08
88.2645,110.357,5.12291,0,0.02,3.58505,3.58505,0,0.671814,6.89472,4.14971e+06,2.70226e+06,1.48769e+07,0,0,0,2.37082e+08,62.338,61.3098,8.63212,0,1,1.6559,1.6559,0,1.2793,2.54016,8.62394e+06,3.61194e+06,1.42803e+07,0,0,0,1.28823e+08
87.8968,110.357,3.38338,0,0.02,3.13073,3.13073,0,0.671838,6.89472,4.14971e+06,2.70226e+06,1.29916e+07,0,0,0,2.37082e+08,62.338,61.3098,5.01949,0,1,1.42215,1.42215,0,1.27935,2.54016,8.62394e+06,3.61194e+06,1.22645e+07,0,0,0,1.28823e+08
88.4706,110.357,4.40993,0,0.02,3.13084,3.13084,0,0.586699,6.89472,4.14971e+06,2.70226e+06,1.29921e+07,0,0,0,2.37082e+08,62.338,61.3098,4.84102,0,1,1.4222,1.4222,0,1.09875,2.54016,8.62394e+06,3.61194e+06,1.2265e+07,0,0,0,1.28823e+08
89.038,110.357,4.40777,0,0.02,3.13095,3.13095,0,0.58672,6.89472,4.14971e+06,2.70226e+06,1.29925e+07,0,0,0,2.37082e+08,62.338,61.3098,4.26436,0,1,1.42225,1.42225,0,1.09879,2.54016,8.62394e+06,3.61194e+06,1.22654e+07,0,0,0,1.28823e+08
91.0095,110.357,5.85195,0,0.02,3.13107,3.13107,0,0.586741,6.89472,4.14971e+06,2.70226e+06,1.2993e+07,0,0,0,2.37082e+08,62.338,61.3098,6.19125,0,1,1.4223,1.4223,0,1.09883,2.54016,8.62394e+06,3.61194e+06,1.22658e+07,0,0,0,1.28823e+08
93.0656,110.357,5.95329,0,0.02,3.13118,3.13118,0,0.586762,6.89472,4.14971e+06,2.70226e+06,1.29935e+07,0,0,0,2.37082e+08,62.338,61.3098,9.89121,0,1,1.42235,1.42235,0,1.09887,2.54016,8.62394e+06,3.61194e+06,1.22663e+07,0,0,0,1.28823e+08
94.4043,110.357,5.369,0,0.02,3.2457,3.2457,0,0.586783,6.89472,4.14971e+06,2.70226e+06,1.34687e+07,0,0,0,2.37082e+08,62.338,61.3098,4.96617,0,1,1.47961,1.47961,0,1.09891,2.54016,8.62394e+06,3.61194e+06,1.27601e+07,0,0,0,1.28823e+08
95.7931,110.357,5.4287,0,0.02,3.24582,3.24582,0,0.608244,6.89472,4.14971e+06,2.70226e+06,1.34692e+07,0,0,0,2.37082e+08,62.338,61.3098,5.46533,0,1,1.47966,1.47966,0,1.14315,2.54016,8.62394e+06,3.61194e+06,1.27605e+07,0,0,0,1.28823e+08
98.2602,110.357,6.49474,0,0.02,3.24593,3.24593,0,0.608266,6.89472,4.14971e+06,2.70226e+06,1.34697e+07,0,0,0,2.37082e+08,62.338,61.3098,6.42971,0,1,1.47972,1.47972,0,1.14319,2.54016,8.62394e+06,3.61194e+06,1.2761e+07,0,0,0,1.28823e+08
100.973,110.357,6.78455,0,0.02,3.24605,3.24605,0,0.608287,6.89472,4.14971e+06,2.70226e+06,1.34701e+07,0,0,0,2.37082e+08,62.338,61.3098,7.28245,0,1,1.47977,1.47977,0,1.14323,2.54016,8.62394e+06,3.61194e+06,1.27614e+07,0,0,0,1.28823e+08
101.382,110.357,4.24178,0,0.02,3.20142,3.20142,0,0.608309,6.89472,4.14971e+06,2.70226e+06,1.3285e+07,0,0,0,2.37082e+08,62.338,61.3098,4.99955,0,1,1.4576,1.4576,0,1.14327,2.54016,8.62394e+06,3.61194e+06,1.25703e+07,0,0,0,1.28823e+08
101.296,110.357,3.71575,0,0.02,3.20154,3.20154,0,0.599947,6.89472,4.14971e+06,2.70226e+06,1.32854e+07,0,0,0,2.37082e+08,62.338,61.3098,4.47012,0,1,1.45765,1.45765,0,1.12614,2.54016,8.62394e+06,3.61194e+06,1.25707e+07,0,0,0,1.28823e+08
100.858,110.357,3.33161,0,0.02,3.20165,3.20165,0,0.599968,6.89472,4.14971e+06,2.70226e+06,1.32859e+07,0,0,0,2.37082e+08,62.338,61.3098,3.96585,0,1,1.4577,1.4577,0,1.12618,2.54016,8.62394e+06,3.61194e+06,1.25712e+07,0,0,0,1.28823e+08
100.226,110.357,3.08296,0,0.02,3.20177,3.20177,0,0.599989,6.89472,4.14971e+06,2.70226e+06,1.32864e+07,0,0,0,2.37082e+08,62.338,61.3098,3.76757,0,1,1.45776,1.45776,0,1.12622,2.54016,8.62394e+06,3.61194e+06,1.25716e+07,0,0,0,1.28823e+08
99.8782,110.357,3.37612,0,0.02,3.35377,3.35377,0,0.600011,6.89472,4.14971e+06,2.70226e+06,1.39172e+07,0,0,0,2.37082e+08,62.338,61.3098,4.07888,0,1,1.53663,1.53663,0,1.12626,2.54016,8.62394e+06,3.61194e+06,1.32518e+07,0,0,0,1.28823e+08
99.2191,110.357,3.0288,0,0.02,3.35389,3.35389,0,0.628496,6.89472,4.14971e+06,2.70226e+06,1.39176e+07,0,0,0,2.37082e+08,62.338,61.3098,3.87057,0,1,1.53668,1.53668,0,1.1872,2.54016,8.62394e+06,3.61194e+06,1.32522e+07,0,0,0,1.28823e+08
98.2437,110.357,2.69896,0,0.02,3.35401,3.35401,0,0.628518,6.89472,4.14971e+06,2.70226e+06,1.39181e+07,0,0,0,2.37082e+08,62.338,61.3098,3.54167,0,1,1.53673,1.53673,0,1.18724,2.54016,8.62394e+06,3.61194e+06,1.32527e+07,0,0,0,1.28823e+08
97.0841,110.357,2.47995,0,0.02,3.35413,3.35413,0,0.628541,6.89472,4.14971e+06,2.70226e+06,1.39186e+07,0,0,0,2.37082e+08,62.3137,61.3098,3.49628,0,1,1.53679,1.53679,0,1.18728,2.54016,8.62394e+06,3.61194e+06,1.32532e+07,0,0,0,1.28823e+08
95.782,110.357,2.3025,0,0.02,3.35425,3.35425,0,0.628563,6.89472,4.14971e+06,2.70226e+06,1.39191e+07,0,0,0,2.37082e+08,62.2094,61.3098,2.79206,0,1,1.53684,1.53684,0,1.18732,2.54016,8.62394e+06,3.61194e+06,1.32536e+07,0,0,0,1.28823e+08
94.3808,110.357,2.16946,0,0.02,3.32432,3.32432,0,0.628586,6.89472,4.14971e+06,2.70226e+06,1.3795e+07,0,0,0,2.37082e+08,62.0094,61.3098,2.34734,0,1,1.58023,1.58023,0,1.18737,2.54016,8.62394e+06,3.61194e+06,1.36278e+07,0,0,0,1.28823e+08
92.8844,110.357,2.02275,0,0.02,3.32444,3.32444,0,0.622978,6.89472,4.14971e+06,2.70226e+06,1.37955e+07,0,0,0,2.37082e+08,61.759,61.3098,2.23786,0,1,1.58028,1.58028,0,1.22088,2.54016,8.62394e+06,3.61194e+06,1.36283e+07,0,0,0,1.28823e+08
91.1856,110.357,1.78729,0,0.02,3.32456,3.32456,0,0.623,6.89472,4.14971e+06,2.70226e+06,1.37959e+07,0,0,0,2.37082e+08,61.4698,61.3098,2.2025,0,1,1.58034,1.58034,0,1.22093,2.54016,8.62394e+06,3.61194e+06,1.36287e+07,0,0,0,1.28823e+08
89.4549,110.357,1.73312,0,0.02,3.32468,3.32468,0,0.623022,6.89472,4.14971e+06,2.70226e+06,1.37964e+07,0,0,0,2.37082e+08,61.1532,61.3098,2.17203,0,1,1.58039,1.58039,0,1.22097,2.54016,8.62394e+06,3.61194e+06,1.36292e+07,0,0,0,1.28823e+08
87.6089,110.357,1.66595,0,0.02,3.40239,3.40239,0,0.623045,6.89472,4.14971e+06,2.70226e+06,1.41189e+07,0,0,0,2.37082e+08,60.7573,61.3098,1.91822,0,1,1.61907,1.61907,0,1.22101,2.54016,8.62394e+06,3.61194e+06,1.39628e+07,0,0,0,1.28823e+08
85.6941,110.357,1.57178,0,0.02,3.40251,3.40251,0,0.637608,6.89472,4.14971e+06,2.70226e+06,1.41194e+07,0,0,0,2.37082e+08,60.3093,61.3098,2.00334,0,1,1.61913,1.61913,0,1.25089,2.54016,8.62394e+06,3.61194e+06,1.39633e+07,0,0,0,1.28823e+08
83.6968,110.357,1.4709,0,0.02,3.40263,3.40263,0,0.637631,6.89472,4.14971e+06,2.70226e+06,1.41199e+07,0,0,0,2.37082e+08,59.8285,61.3098,1.83603,0,1,1.61919,1.61919,0,1.25094,2.54016,8.62394e+06,3.61194e+06,1.39638e+07,0,0,0,1.28823e+08
81.7261,110.357,1.44566,0,0.02,3.40275,3.40275,0,0.637653,6.89472,4.14971e+06,2.70226e+06,1.41204e+07,0,0,0,2.37082e+08,59.3826,61.3098,1.96581,0,1,1.61924,1.61924,0,1.25098,2.54016,8.62394e+06,3.61194e+06,1.39643e+07,0,0,0,1.28823e+08
79.6479,110.357,1.49487,0,0.02,3.63014,3.63014,0,0.637676,6.89472,4.14971e+06,2.70226e+06,1.5064e+07,0,0,0,2.37082e+08,58.7924,61.3098,1.74512,0,1,1.75872,1.75872,0,1.25103,2.54016,8.62394e+06,3.61194e+06,1.51671e+07,0,0,0,1.28823e+08
77.7461,110.357,1.68021,0,0.02,3.63027,3.63027,0,0.680288,6.89472,4.14971e+06,2.70226e+06,1.50646e+07,0,0,0,2.37082e+08,58.1146,61.3098,1.99425,0,1,1.75878,1.75878,0,1.35878,2.54016,8.62394e+06,3.61194e+06,1.51676e+07,0,0,0,1.28823e+08
75.5294,110.357,1.3535,0,0.02,3.6304,3.6304,0,0.680312,6.89472,4.14971e+06,2.70226e+06,1.50651e+07,0,0,0,2.37082e+08,57.4593,61.3098,1.43531,0,1,1.75884,1.75884,0,1.35883,2.54016,8.62394e+06,3.61194e+06,1.51681e+07,0,0,0,1.28823e+08
73.6277,110.357,1.63714,0,0.02,3.63053,3.63053,0,0.680337,6.89472,4.14971e+06,2.70226e+06,1.50656e+07,0,0,0,2.37082e+08,57.0416,61.3098,2.51737,0,1,1.7589,1.7589,0,1.35888,2.54016,8.62394e+06,3.61194e+06,1.51687e+07,0,0,0,1.28823e+08
71.6765,110.357,1.55775,0,0.02,3.63066,3.63066,0,0.680361,6.89472,4.14971e+06,2.70226e+06,1.50662e+07,0,0,0,2.37082e+08,56.445,61.3098,1.75943,0,1,1.75897,1.75897,0,1.35893,2.54016,8.62394e+06,3.61194e+06,1.51692e+07,0,0,0,1.28823e+08
70.0764,110.357,1.83355,0,0.02,3.52001,3.52001,0,0.680385,6.89472,4.14971e+06,2.70226e+06,1.4607e+07,0,0,0,2.37082e+08,55.8539,61.3098,1.70088,0,1,1.6744,1.6744,0,1.35898,2.54016,8.62394e+06,3.61194e+06,1.44399e+07,0,0,0,1.28823e+08
68.5942,110.357,2.00898,0,0.02,3.52013,3.52013,0,0.659649,6.89472,4.14971e+06,2.70226e+06,1.46075e+07,0,0,0,2.37082e+08,55.433,61.3098,2.14911,0,1,1.67446,1.67446,0,1.29364,2.54016,8.62394e+06,3.61194e+06,1.44404e+07,0,0,0,1.28823e+08
67.0037,110.357,1.90804,0,0.02,3.52026,3.52026,0,0.659673,6.89472,4.14971e+06,2.70226e+06,1.4608e+07,0,0,0,2.37082e+08,55.048,61.3098,2.20914,0,1,1.67451,1.67451,0,1.29368,2.54016,8.62394e+06,3.61194e+06,1.44409e+07,0,0,0,1.28823e+08
65.6335,110.357,2.16804,0,0.02,3.52038,3.52038,0,0.659696,6.89472,4.14971e+06,2.70226e+06,1.46086e+07,0,0,0,2.37082e+08,54.729,61.3098,2.49853,0,1,1.67457,1.67457,0,1.29373,2.54016,8.62394e+06,3.61194e+06,1.44414e+07,0,0,0,1.28823e+08
64.0576,110.357,1.75266,0,0.02,3.42957,3.42957,0,0.65972,6.89472,4.14971e+06,2.70226e+06,1.42317e+07,0,0,0,2.37082e+08,54.4609,61.3098,1.80151,0,1,1.59758,1.59758,0,1.29378,2.54016,8.62394e+06,3.61194e+06,1.37775e+07,0,0,0,1.28823e+08
63.1039,110.357,2.51292,0,0.02,3.42969,3.42969,0,0.642701,6.89472,4.14971e+06,2.70226e+06,1.42322e+07,0,0,0,2.37082e+08,54.1446,61.3098,1.67482,0,1,1.59764,1.59764,0,1.23429,2.54016,8.62394e+06,3.61194e+06,1.3778e+07,0,0,0,1.28823e+08
61.7497,110.357,2.07446,0,0.02,3.42981,3.42981,0,0.642724,6.89472,4.14971e+06,2.70226e+06,1.42327e+07,0,0,0,2.37082e+08,53.7687,61.3098,1.721,0,1,1.5977,1.5977,0,1.23434,2.54016,8.62394e+06,3.61194e+06,1.37785e+07,0,0,0,1.28823e+08
63.4557,110.357,5.30024,0,0.02,3.42993,3.42993,0,0.642747,6.89472,4.14971e+06,2.70226e+06,1.42332e+07,0,0,0,2.37082e+08,54.2158,61.3098,5.29612,0,1,1.59776,1.59776,0,1.23438,2.54016,8.62394e+06,3.61194e+06,1.37789e+07,0,0,0,1.28823e+08
65.8056,110.357,5.80326,0,0.02,3.17173,3.17173,0,0.642769,6.89472,4.14971e+06,2.70226e+06,1.31618e+07,0,0,0,2.37082e+08,55.2457,61.3098,4.88177,0,1,1.43732,1.43732,0,1.23443,2.54016,8.62394e+06,3.61194e+06,1.23953e+07,0,0,0,1.28823e+08
69.0684,110.357,6.74862,0,0.02,3.17185,3.17185,0,0.594383,6.89472,4.14971e+06,2.70226e+06,1.31622e+07,0,0,0,2.37082e+08,56.7531,61.3098,5.12703,0,1,1.43737,1.43737,0,1.11047,2.54016,8.62394e+06,3.61194e+06,1.23958e+07,0,0,0,1.28823e+08
73.4919,110.357,7.9488,0,0.02,3.17196,3.17196,0,0.594404,6.89472,4.14971e+06,2.70226e+06,1.31627e+07,0,0,0,2.37082e+08,58.273,61.3098,6.21374,0,1,1.43742,1.43742,0,1.11051,2.54016,8.62394e+06,3.61194e+06,1.23962e+07,0,0,0,1.28823e+08
75.65,110.357,5.67845,0,0.02,3.17207,3.17207,0,0.594425,6.89472,4.14971e+06,2.70226e+06,1.31632e+07,0,0,0,2.37082e+08,58.4513,61.3098,2.96754,0,1,1.43747,1.43747,0,1.11055,2.54016,8.62394e+06,3.61194e+06,1.23967e+07,0,0,0,1.28823e+08
77.4701,110.357,5.29881,0,0.02,3.17219,3.17219,0,0.594446,6.89472,4.14971e+06,2.70226e+06,1.31636e+07,0,0,0,2.37082e+08,58.7237,61.3098,2.83827,0,1,1.43752,1.43752,0,1.11059,2.54016,8.62394e+06,3.61194e+06,1.23971e+07,0,0,0,1.28823e+08
77.142,110.357,3.19523,0,0.02,3.27167,3.27167,0,0.594468,6.89472,4.14971e+06,2.70226e+06,1.35765e+07,0,0,0,2.37082e+08,58.9371,61.3098,3.12544,0,1,1.48405,1.48405,0,1.11063,2.54016,8.62394e+06,3.61194e+06,1.27984e+07,0,0,0,1.28823e+08
77.8604,110.357,4.31139,0,0.02,3.27176,3.27176,0,0.613111,6.89472,4.14971e+06,2.70226e+06,1.35769e+07,0,0,0,2.37082e+08,59.4893,61.3098,4.42272,0,1,1.48409,1.48409,0,1.14658,2.54016,8.62394e+06,3.61194e+06,1.27987e+07,0,0,0,1.28823e+08
79.8137,110.357,5.72694,0,0.02,3.27186,3.27186,0,0.613128,6.89472,4.14971e+06,2.70226e+06,1.35772e+07,0,0,0,2.37082e+08,60.371,61.3098,5.81639,0,1,1.48414,1.48414,0,1.14661,2.54016,8.62394e+06,3.61194e+06,1.27991e+07,0,0,0,1.28823e+08
80.1034,110.357,3.9887,0,0.02,3.27195,3.27195,0,0.613146,6.89472,4.14971e+06,2.70226e+06,1.35776e+07,0,0,0,2.37082e+08,60.6632,61.3098,3.5747,0,1,1.48418,1.48418,0,1.14664,2.54016,8.62394e+06,3.61194e+06,1.27995e+07,0,0,0,1.28823e+08
79.8041,110.357,3.63688,0,0.02,3.59119,3.59119,0,0.613163,6.89472,4.14971e+06,2.70226e+06,1.49024e+07,0,0,0,2.37082e+08,60.7809,61.3098,3.13124,0,1,1.65874,1.65874,0,1.14668,2.54016,8.62394e+06,3.61194e+06,1.43048e+07,0,0,0,1.28823e+08
79.7086,110.357,3.83593,0,0.02,3.59129,3.59129,0,0.672989,6.89472,4.14971e+06,2.70226e+06,1.49028e+07,0,0,0,2.37082e+08,61.0003,61.3098,3.68522,0,1,1.65878,1.65878,0,1.28154,2.54016,8.62394e+06,3.61194e+06,1.43052e+07,0,0,0,1.28823e+08
79.7147,110.357,3.9447,0,0.02,3.5914,3.5914,0,0.673009,6.89472,4.14971e+06,2.70226e+06,1.49032e+07,0,0,0,2.37082e+08,61.1539,61.3098,3.20493,0,1,1.65883,1.65883,0,1.28158,2.54016,8.62394e+06,3.61194e+06,1.43056e+07,0,0,0,1.28823e+08
79.9388,110.357,4.15477,0,0.02,3.5915,3.5915,0,0.673028,6.89472,4.14971e+06,2.70226e+06,1.49037e+07,0,0,0,2.37082e+08,61.3821,61.3098,3.89586,0,1,1.65888,1.65888,0,1.28161,2.54016,8.62394e+06,3.61194e+06,1.43061e+07,0,0,0,1.28823e+08
81.9296,110.357,5.61841,0,0.02,3.13634,3.13634,0,0.673047,6.89472,4.14971e+06,2.70226e+06,1.30149e+07,0,0,0,2.37082e+08,62.2793,61.3098,4.20843,0,1,1.4247,1.4247,0,1.28165,2.54016,8.62394e+06,3.61194e+06,1.22865e+07,0,0,0,1.28823e+08
83.5402,110.357,5.22796,0,0.02,3.13643,3.13643,0,0.587751,6.89472,4.14971e+06,2.70226e+06,1.30153e+07,0,0,0,2.37082e+08,62.338,61.3098,4.37098,0,1,1.42474,1.42474,0,1.10072,2.54016,8.62394e+06,3.61194e+06,1.22869e+07,0,0,0,1.28823e+08
85.9654,110.357,6.11362,0,0.02,3.13652,3.13652,0,0.587768,6.89472,4.14971e+06,2.70226e+06,1.30157e+07,0,0,0,2.37082e+08,62.338,61.3098,3.84967,0,1,1.42478,1.42478,0,1.10075,2.54016,8.62394e+06,3.61194e+06,1.22872e+07,0,0,0,1.28823e+08
87.2235,110.357,5.01144,0,0.02,3.13661,3.13661,0,0.587785,6.89472,4.14971e+06,2.70226e+06,1.3016e+07,0,0,0,2.37082e+08,62.338,61.3098,3.3915,0,1,1.42482,1.42482,0,1.10079,2.54016,8.62394e+06,3.61194e+06,1.22876e+07,0,0,0,1.28823e+08
87.6854,110.357,4.17566,0,0.02,3.1367,3.1367,0,0.587801,6.89472,4.14971e+06,2.70226e+06,1.30164e+07,0,0,0,2.37082e+08,62.338,61.3098,3.05775,0,1,1.42486,1.42486,0,1.10082,2.54016,8.62394e+06,3.61194e+06,1.22879e+07,0,0,0,1.28823e+08
88.582,110.357,4.70476,0,0.02,3.25141,3.25141,0,0.587818,6.89472,4.14971e+06,2.70226e+06,1.34924e+07,0,0,0,2.37082e+08,62.338,61.3098,3.14615,0,1,1.48221,1.48221,0,1.10085,2.54016,8.62394e+06,3.61194e+06,1.27825e+07,0,0,0,1.28823e+08
89.6833,110.357,4.91455,0,0.02,3.2515,3.2515,0,0.609313,6.89472,4.14971e+06,2.70226e+06,1.34928e+07,0,0,0,2.37082e+08,62.338,61.3098,4.40237,0,1,1.48225,1.48225,0,1.14516,2.54016,8.62394e+06,3.61194e+06,1.27829e+07,0,0,0,1.28823e+08
89.4001,110.357,3.46312,0,0.02,3.25159,3.25159,0,0.609331,6.89472,4.14971e+06,2.70226e+06,1.34932e+07,0,0,0,2.37082e+08,62.338,61.3098,2.45416,0,1,1.4823,1.4823,0,1.14519,2.54016,8.62394e+06,3.61194e+06,1.27832e+07,0,0,0,1.28823e+08
89.0109,110.357,3.30157,0,0.02,3.25168,3.25168,0,0.609348,6.89472,4.14971e+06,2.70226e+06,1.34935e+07,0,0,0,2.37082e+08,62.338,61.3098,2.52375,0,1,1.48234,1.48234,0,1.14522,2.54016,8.62394e+06,3.61194e+06,1.27836e+07,0,0,0,1.28823e+08
89.056,110.357,3.68608,0,0.02,3.20696,3.20696,0,0.609366,6.89472,4.14971e+06,2.70226e+06,1.33079e+07,0,0,0,2.37082e+08,62.338,61.3098,3.08559,0,1,1.46012,1.46012,0,1.14526,2.54016,8.62394e+06,3.61194e+06,1.2592e+07,0,0,0,1.28823e+08
88.4582,110.357,2.99175,0,0.02,3.20705,3.20705,0,0.600984,6.89472,4.14971e+06,2.70226e+06,1.33083e+07,0,0,0,2.37082e+08,62.2714,61.3098,2.56778,0,1,1.46016,1.46016,0,1.12809,2.54016,8.62394e+06,3.61194e+06,1.25924e+07,0,0,0,1.28823e+08
87.5893,110.357,2.59016,0,0.02,3.20714,3.20714,0,0.601002,6.89472,4.14971e+06,2.70226e+06,1.33087e+07,0,0,0,2.37082e+08,62.2703,61.3098,2.25457,0,1,1.46021,1.46021,0,1.12812,2.54016,8.62394e+06,3.61194e+06,1.25927e+07,0,0,0,1.28823e+08
86.4824,110.357,2.31914,0,0.02,3.20724,3.20724,0,0.601019,6.89472,4.14971e+06,2.70226e+06,1.33091e+07,0,0,0,2.37082e+08,62.3048,61.3098,2.07351,0,1,1.46025,1.46025,0,1.12815,2.54016,8.62394e+06,3.61194e+06,1.25931e+07,0,0,0,1.28823e+08
85.2032,110.357,2.32176,0,0.02,3.35947,3.35947,0,0.601036,6.89472,4.14971e+06,2.70226e+06,1.39408e+07,0,0,0,2.37082e+08,62.338,61.3098,2.26331,0,1,1.53924,1.53924,0,1.12819,2.54016,8.62394e+06,3.61194e+06,1.32743e+07,0,0,0,1.28823e+08
83.7942,110.357,2.15964,0,0.02,3.35957,3.35957,0,0.629565,6.89472,4.14971e+06,2.70226e+06,1.39412e+07,0,0,0,2.37082e+08,62.2399,61.3098,2.14236,0,1,1.53928,1.53928,0,1.18922,2.54016,8.62394e+06,3.61194e+06,1.32747e+07,0,0,0,1.28823e+08
82.3104,110.357,1.97038,0,0.02,3.35967,3.35967,0,0.629583,6.89472,4.14971e+06,2.70226e+06,1.39416e+07,0,0,0,2.37082e+08,62.1328,61.3098,2.13663,0,1,1.53933,1.53933,0,1.18925,2.54016,8.62394e+06,3.61194e+06,1.32751e+07,0,0,0,1.28823e+08
80.8004,110.357,1.92885,0,0.02,3.35976,3.35976,0,0.629601,6.89472,4.14971e+06,2.70226e+06,1.3942e+07,0,0,0,2.37082e+08,62.0774,61.3098,2.15976,0,1,1.53937,1.53937,0,1.18928,2.54016,8.62394e+06,3.61194e+06,1.32754e+07,0,0,0,1.28823e+08
79.2064,110.357,1.81778,0,0.02,3.35986,3.35986,0,0.62962,6.89472,4.14971e+06,2.70226e+06,1.39424e+07,0,0,0,2.37082e+08,61.9184,61.3098,2.12034,0,1,1.53942,1.53942,0,1.18932,2.54016,8.62394e+06,3.61194e+06,1.32758e+07,0,0,0,1.28823e+08
77.5735,110.357,1.7219,0,0.02,3.32986,3.32986,0,0.629638,6.89472,4.14971e+06,2.70226e+06,1.3818e+07,0,0,0,2.37082e+08,61.648,61.3098,2.1681,0,1,1.58286,1.58286,0,1.18935,2.54016,8.62394e+06,3.61194e+06,1.36505e+07,0,0,0,1.28823e+08
75.8777,110.357,1.64371,0,0.02,3.32996,3.32996,0,0.624016,6.89472,4.14971e+06,2.70226e+06,1.38183e+07,0,0,0,2.37082e+08,61.3585,61.3098,2.10002,0,1,1.5829,1.5829,0,1.22292,2.54016,8.62394e+06,3.61194e+06,1.36509e+07,0,0,0,1.28823e+08
74.133,110.357,1.55261,0,0.02,3.33005,3.33005,0,0.624034,6.89472,4.14971e+06,2.70226e+06,1.38187e+07,0,0,0,2.37082e+08,61.005,61.3098,2.06866,0,1,1.58295,1.58295,0,1.22295,2.54016,8.62394e+06,3.61194e+06,1.36513e+07,0,0,0,1.28823e+08
72.2941,110.357,1.44811,0,0.02,3.33015,3.33015,0,0.624052,6.89472,4.14971e+06,2.70226e+06,1.38191e+07,0,0,0,2.37082e+08,60.6587,61.3098,2.07658,0,1,1.583,1.583,0,1.22299,2.54016,8.62394e+06,3.61194e+06,1.36517e+07,0,0,0,1.28823e+08
70.4409,110.357,1.45133,0,0.02,3.40796,3.40796,0,0.62407,6.89472,4.14971e+06,2.70226e+06,1.41421e+07,0,0,0,2.37082e+08,60.3507,61.3098,2.07974,0,1,1.62172,1.62172,0,1.22302,2.54016,8.62394e+06,3.61194e+06,1.39856e+07,0,0,0,1.28823e+08
68.6188,110.357,1.48415,0,0.02,3.40806,3.40806,0,0.638653,6.89472,4.14971e+06,2.70226e+06,1.41425e+07,0,0,0,2.37082e+08,60.0081,61.3098,2.22332,0,1,1.62177,1.62177,0,1.25294,2.54016,8.62394e+06,3.61194e+06,1.3986e+07,0,0,0,1.28823e+08
66.726,110.357,1.3765,0,0.02,3.40816,3.40816,0,0.638671,6.89472,4.14971e+06,2.70226e+06,1.41429e+07,0,0,0,2.37082e+08,59.625,61.3098,2.15179,0,1,1.62182,1.62182,0,1.25298,2.54016,8.62394e+06,3.61194e+06,1.39864e+07,0,0,0,1.28823e+08
64.7361,110.357,1.25334,0,0.02,3.40826,3.40826,0,0.638689,6.89472,4.14971e+06,2.70226e+06,1.41433e+07,0,0,0,2.37082e+08,59.2149,61.3098,1.87719,0,1,1.62186,1.62186,0,1.25302,2.54016,8.62394e+06,3.61194e+06,1.39868e+07,0,0,0,1.28823e+08
62.531,110.357,1.18765,0,0.02,3.63599,3.63599,0,0.638708,6.89472,4.14971e+06,2.70226e+06,1.50883e+07,0,0,0,2.37082e+08,58.8172,61.3098,2.48677,0,1,1.76155,1.76155,0,1.25305,2.54016,8.62394e+06,3.61194e+06,1.51915e+07,0,0,0,1.28823e+08
60.1833,110.357,1.01156,0,0.02,3.63609,3.63609,0,0.681384,6.89472,4.14971e+06,2.70226e+06,1.50887e+07,0,0,0,2.37082e+08,58.3557,61.3098,2.15413,0,1,1.7616,1.7616,0,1.36097,2.54016,8.62394e+06,3.61194e+06,1.51919e+07,0,0,0,1.28823e+08
58.3253,110.357,1.4941,0,0.02,3.63619,3.63619,0,0.681403,6.89472,4.14971e+06,2.70226e+06,1.50891e+07,0,0,0,2.37082e+08,57.9939,61.3098,2.58409,0,1,1.76165,1.76165,0,1.36101,2.54016,8.62394e+06,3.61194e+06,1.51924e+07,0,0,0,1.28823e+08
57.0755,110.357,2.13447,0,0.02,3.6363,3.6363,0,0.681423,6.89472,4.14971e+06,2.70226e+06,1.50896e+07,0,0,0,2.37082e+08,57.8255,61.3098,2.86085,0,1,1.7617,1.7617,0,1.36105,2.54016,8.62394e+06,3.61194e+06,1.51928e+07,0,0,0,1.28823e+08
55.2883,110.357,1.59724,0,0.02,3.6364,3.6364,0,0.681442,6.89472,4.14971e+06,2.70226e+06,1.509e+07,0,0,0,2.37082e+08,57.7465,61.3098,3.37931,0,1,1.76175,1.76175,0,1.36109,2.54016,8.62394e+06,3.61194e+06,1.51932e+07,0,0,0,1.28823e+08
54.1087,110.357,2.12998,0,0.02,3.52555,3.52555,0,0.681462,6.89472,4.14971e+06,2.70226e+06,1.463e+07,0,0,0,2.37082e+08,58.9238,61.3098,7.41233,0,1,1.67703,1.67703,0,1.36113,2.54016,8.62394e+06,3.61194e+06,1.44626e+07,0,0,0,1.28823e+08
52.533,110.357,1.68107,0,0.02,3.52565,3.52565,0,0.660688,6.89472,4.14971e+06,2.70226e+06,1.46304e+07,0,0,0,2.37082e+08,59.4511,61.3098,5.82372,0,1,1.67708,1.67708,0,1.29568,2.54016,8.62394e+06,3.61194e+06,1.4463e+07,0,0,0,1.28823e+08
51.1771,110.357,1.88107,0,0.02,3.52575,3.52575,0,0.660707,6.89472,4.14971e+06,2.70226e+06,1.46308e+07,0,0,0,2.37082e+08,59.9398,61.3098,5.57576,0,1,1.67713,1.67713,0,1.29571,2.54016,8.62394e+06,3.61194e+06,1.44635e+07,0,0,0,1.28823e+08
54.6753,110.357,6.76034,0,0.02,3.52585,3.52585,0,0.660726,6.89472,4.14971e+06,2.70226e+06,1.46313e+07,0,0,0,2.37082e+08,61.9321,61.3098,11.0921,0,1,1.67718,1.67718,0,1.29575,2.54016,8.62394e+06,3.61194e+06,1.44639e+07,0,0,0,1.28823e+08
55.318,110.357,4.00089,0,0.02,3.43487,3.43487,0,0.660745,6.89472,4.14971e+06,2.70226e+06,1.42537e+07,0,0,0,2.37082e+08,62.338,61.3098,6.36351,0,1,1.60006,1.60006,0,1.29579,2.54016,8.62394e+06,3.61194e+06,1.37988e+07,0,0,0,1.28823e+08
57.1543,110.357,5.15388,0,0.02,3.43497,3.43497,0,0.643695,6.89472,4.14971e+06,2.70226e+06,1.42541e+07,0,0,0,2.37082e+08,62.338,61.3098,5.86212,0,1,1.6001,1.6001,0,1.2362,2.54016,8.62394e+06,3.61194e+06,1.37992e+07,0,0,0,1.28823e+08
59.3923,110.357,5.67265,0,0.02,3.43507,3.43507,0,0.643713,6.89472,4.14971e+06,2.70226e+06,1.42545e+07,0,0,0,2.37082e+08,62.338,61.3098,5.99855,0,1,1.60015,1.60015,0,1.23624,2.54016,8.62394e+06,3.61194e+06,1.37996e+07,0,0,0,1.28823e+08
62.3774,110.357,6.52346,0,0.02,3.43517,3.43517,0,0.643732,6.89472,4.14971e+06,2.70226e+06,1.42549e+07,0,0,0,2.37082e+08,62.338,61.3098,7.48873,0,1,1.60019,1.60019,0,1.23627,2.54016,8.62394e+06,3.61194e+06,1.38e+07,0,0,0,1.28823e+08
67.5118,110.357,8.72772,0,0.02,3.17655,3.17655,0,0.64375,6.89472,4.14971e+06,2.70226e+06,1.31818e+07,0,0,0,2.37082e+08,62.338,61.3098,10.607,0,1,1.4395,1.4395,0,1.23631,2.54016,8.62394e+06,3.61194e+06,1.24142e+07,0,0,0,1.28823e+08
73.6493,110.357,9.76741,0,0.02,3.17664,3.17664,0,0.595286,6.89472,4.14971e+06,2.70226e+06,1.31821e+07,0,0,0,2.37082e+08,62.338,61.3098,11.7461,0,1,1.43954,1.43954,0,1.11216,2.54016,8.62394e+06,3.61194e+06,1.24145e+07,0,0,0,1.28823e+08
79.8318,110.357,9.96611,0,0.02,3.17673,3.17673,0,0.595303,6.89472,4.14971e+06,2.70226e+06,1.31825e+07,0,0,0,2.37082e+08,62.338,61.3098,13.2744,0,1,1.43958,1.43958,0,1.11219,2.54016,8.62394e+06,3.61194e+06,1.24149e+07,0,0,0,1.28823e+08
84.5539,110.357,8.56491,0,0.02,3.17682,3.17682,0,0.59532,6.89472,4.14971e+06,2.70226e+06,1.31829e+07,0,0,0,2.37082e+08,62.338,61.3098,13.892,0,1,1.43962,1.43962,0,1.11222,2.54016,8.62394e+06,3.61194e+06,1.24152e+07,0,0,0,1.28823e+08
89.7979,110.357,9.00421,0,0.02,3.17691,3.17691,0,0.595337,6.89472,4.14971e+06,2.70226e+06,1.31833e+07,0,0,0,2.37082e+08,62.338,61.3098,11.5261,0,1,1.43967,1.43967,0,1.11225,2.54016,8.62394e+06,3.61194e+06,1.24156e+07,0,0,0,1.28823e+08
92.4338,110.357,6.57553,0,0.02,3.27652,3.27652,0,0.595354,6.89472,4.14971e+06,2.70226e+06,1.35966e+07,0,0,0,2.37082e+08,62.338,61.3098,9.3773,0,1,1.48625,1.48625,0,1.11229,2.54016,8.62394e+06,3.61194e+06,1.28174e+07,0,0,0,1.28823e+08
95.0605,110.357,6.61597,0,0.02,3.27659,3.27659,0,0.61402,6.89472,4.14971e+06,2.70226e+06,1.35969e+07,0,0,0,2.37082e+08,62.338,61.3098,8.74618,0,1,1.48629,1.48629,0,1.14828,2.54016,8.62394e+06,3.61194e+06,1.28176e+07,0,0,0,1.28823e+08
97.568,110.357,6.51402,0,0.02,3.27666,3.27666,0,0.614034,6.89472,4.14971e+06,2.70226e+06,1.35972e+07,0,0,0,2.37082e+08,62.338,61.3098,9.16554,0,1,1.48632,1.48632,0,1.1483,2.54016,8.62394e+06,3.61194e+06,1.28179e+07,0,0,0,1.28823e+08
99.8111,110.357,6.23141,0,0.02,3.27674,3.27674,0,0.614047,6.89472,4.14971e+06,2.70226e+06,1.35975e+07,0,0,0,2.37082e+08,62.338,61.3098,9.70709,0,1,1.48635,1.48635,0,1.14833,2.54016,8.62394e+06,3.61194e+06,1.28182e+07,0,0,0,1.28823e+08
100.343,110.357,4.76132,0,0.02,3.59642,3.59642,0,0.61406,6.89472,4.14971e+06,2.70226e+06,1.49241e+07,0,0,0,2.37082e+08,62.338,61.3098,5.78477,0,1,1.66115,1.66115,0,1.14835,2.54016,8.62394e+06,3.61194e+06,1.43256e+07,0,0,0,1.28823e+08
100.515,110.357,4.43213,0,0.02,3.5965,3.5965,0,0.673969,6.89472,4.14971e+06,2.70226e+06,1.49244e+07,0,0,0,2.37082e+08,62.338,61.3098,5.10804,0,1,1.66119,1.66119,0,1.2834,2.54016,8.62394e+06,3.61194e+06,1.4326e+07,0,0,0,1.28823e+08
100.718,110.357,4.51644,0,0.02,3.59657,3.59657,0,0.673983,6.89472,4.14971e+06,2.70226e+06,1.49247e+07,0,0,0,2.37082e+08,62.338,61.3098,6.44549,0,1,1.66122,1.66122,0,1.28343,2.54016,8.62394e+06,3.61194e+06,1.43263e+07,0,0,0,1.28823e+08
101.442,110.357,5.03367,0,0.02,3.59665,3.59665,0,0.673998,6.89472,4.14971e+06,2.70226e+06,1.49251e+07,0,0,0,2.37082e+08,62.338,61.3098,7.05884,0,1,1.66126,1.66126,0,1.28346,2.54016,8.62394e+06,3.61194e+06,1.43266e+07,0,0,0,1.28823e+08
104.885,110.357,7.87249,0,0.02,3.14082,3.14082,0,0.674013,6.89472,4.14971e+06,2.70226e+06,1.30335e+07,0,0,0,2.37082e+08,62.338,61.3098,13.4213,0,1,1.42673,1.42673,0,1.28349,2.54016,8.62394e+06,3.61194e+06,1.23041e+07,0,0,0,1.28823e+08
107.314,110.357,6.71961,0,0.02,3.14089,3.14089,0,0.58859,6.89472,4.14971e+06,2.70226e+06,1.30338e+07,0,0,0,2.37082e+08,62.338,61.3098,12.1517,0,1,1.42676,1.42676,0,1.10229,2.54016,8.62394e+06,3.61194e+06,1.23043e+07,0,0,0,1.28823e+08
109.583,110.357,6.60545,0,0.02,3.14096,3.14096,0,0.588603,6.89472,4.14971e+06,2.70226e+06,1.30341e+07,0,0,0,2.37082e+08,62.338,61.3098,11.0787,0,1,1.4268,1.4268,0,1.10232,2.54016,8.62394e+06,3.61194e+06,1.23046e+07,0,0,0,1.28823e+08
110.357,110.357,6.61331,0,0.02,3.14103,3.14103,0,0.588615,6.89472,4.14971e+06,2.70226e+06,1.30343e+07,0,0,0,2.37082e+08,62.338,61.3098,10.8142,0,1,1.42683,1.42683,0,1.10234,2.54016,8.62394e+06,3.61194e+06,1.23049e+07,0,0,0,1.28823e+08
110.357,110.357,5.29487,0,0.02,3.14109,3.14109,0,0.588628,6.89472,4.14971e+06,2.70226e+06,1.30346e+07,0,0,0,2.37082e+08,62.338,61.3098,9.25178,0,1,1.42686,1.42686,0,1.10237,2.54016,8.62394e+06,3.61194e+06,1.23051e+07,0,0,0,1.28823e+08
110.357,110.357,7.18079,0,0.02,3.25593,3.25593,0,0.588641,6.89472,4.14971e+06,2.70226e+06,1.35112e+07,0,0,0,2.37082e+08,62.338,61.3098,13.0263,0,1,1.48428,1.48428,0,1.10239,2.54016,8.62394e+06,3.61194e+06,1.28003e+07,0,0,0,1.28823e+08
110.357,110.357,5.63249,0,0.02,3.256,3.256,0,0.610162,6.89472,4.14971e+06,2.70226e+06,1.35115e+07,0,0,0,2.37082e+08,62.338,61.3098,11.2338,0,1,1.48431,1.48431,0,1.14675,2.54016,8.62394e+06,3.61194e+06,1.28006e+07,0,0,0,1.28823e+08
110.357,110.357,4.30008,0,0.02,3.25607,3.25607,0,0.610175,6.89472,4.14971e+06,2.70226e+06,1.35118e+07,0,0,0,2.37082e+08,62.338,61.3098,9.56259,0,1,1.48434,1.48434,0,1.14678,2.54016,8.62394e+06,3.61194e+06,1.28009e+07,0,0,0,1.28823e+08
110.239,110.357,4.03131,0,0.02,3.25614,3.25614,0,0.610188,6.89472,4.14971e+06,2.70226e+06,1.3512e+07,0,0,0,2.37082e+08,62.338,61.3098,10.2075,0,1,1.48437,1.48437,0,1.1468,2.54016,8.62394e+06,3.61194e+06,1.28011e+07,0,0,0,1.28823e+08
109.714,110.357,3.3791,0,0.02,3.21134,3.21134,0,0.610201,6.89472,4.14971e+06,2.70226e+06,1.33261e+07,0,0,0,2.37082e+08,62.338,61.3098,4.9579,0,1,1.46211,1.46211,0,1.14683,2.54016,8.62394e+06,3.61194e+06,1.26092e+07,0,0,0,1.28823e+08
109.376,110.357,3.52005,0,0.02,3.21141,3.21141,0,0.601804,6.89472,4.14971e+06,2.70226e+06,1.33264e+07,0,0,0,2.37082e+08,62.338,61.3098,4.59245,0,1,1.46215,1.46215,0,1.12963,2.54016,8.62394e+06,3.61194e+06,1.26094e+07,0,0,0,1.28823e+08
108.755,110.357,3.11449,0,0.02,3.21147,3.21147,0,0.601817,6.89472,4.14971e+06,2.70226e+06,1.33267e+07,0,0,0,2.37082e+08,62.338,61.3098,4.24568,0,1,1.46218,1.46218,0,1.12965,2.54016,8.62394e+06,3.61194e+06,1.26097e+07,0,0,0,1.28823e+08
107.904,110.357,2.8591,0,0.02,3.21154,3.21154,0,0.60183,6.89472,4.14971e+06,2.70226e+06,1.3327e+07,0,0,0,2.37082e+08,62.338,61.3098,4.56056,0,1,1.46221,1.46221,0,1.12968,2.54016,8.62394e+06,3.61194e+06,1.261e+07,0,0,0,1.28823e+08
107.07,110.357,2.99778,0,0.02,3.36396,3.36396,0,0.601843,6.89472,4.14971e+06,2.70226e+06,1.39595e+07,0,0,0,2.37082e+08,62.338,61.3098,4.38734,0,1,1.5413,1.5413,0,1.1297,2.54016,8.62394e+06,3.61194e+06,1.3292e+07,0,0,0,1.28823e+08
106.041,110.357,2.75959,0,0.02,3.36404,3.36404,0,0.630407,6.89472,4.14971e+06,2.70226e+06,1.39598e+07,0,0,0,2.37082e+08,62.338,61.3098,3.48735,0,1,1.54133,1.54133,0,1.19081,2.54016,8.62394e+06,3.61194e+06,1.32923e+07,0,0,0,1.28823e+08
104.778,110.357,2.505,0,0.02,3.36411,3.36411,0,0.63042,6.89472,4.14971e+06,2.70226e+06,1.39601e+07,0,0,0,2.37082e+08,62.338,61.3098,3.03948,0,1,1.54136,1.54136,0,1.19083,2.54016,8.62394e+06,3.61194e+06,1.32926e+07,0,0,0,1.28823e+08
103.262,110.357,2.21805,0,0.02,3.36418,3.36418,0,0.630434,6.89472,4.14971e+06,2.70226e+06,1.39604e+07,0,0,0,2.37082e+08,62.338,61.3098,3.1157,0,1,1.5414,1.5414,0,1.19086,2.54016,8.62394e+06,3.61194e+06,1.32929e+07,0,0,0,1.28823e+08
101.807,110.357,2.1705,0,0.02,3.36425,3.36425,0,0.630448,6.89472,4.14971e+06,2.70226e+06,1.39607e+07,0,0,0,2.37082e+08,62.338,61.3098,3.0281,0,1,1.54143,1.54143,0,1.19088,2.54016,8.62394e+06,3.61194e+06,1.32932e+07,0,0,0,1.28823e+08
100.548,110.357,2.31966,0,0.02,3.33419,3.33419,0,0.630461,6.89472,4.14971e+06,2.70226e+06,1.38359e+07,0,0,0,2.37082e+08,62.338,61.3098,2.40529,0,1,1.58492,1.58492,0,1.19091,2.54016,8.62394e+06,3.61194e+06,1.36682e+07,0,0,0,1.28823e+08
99.1565,110.357,2.18025,0,0.02,3.33427,3.33427,0,0.624828,6.89472,4.14971e+06,2.70226e+06,1.38362e+07,0,0,0,2.37082e+08,62.338,61.3098,2.26999,0,1,1.58495,1.58495,0,1.22451,2.54016,8.62394e+06,3.61194e+06,1.36685e+07,0,0,0,1.28823e+08
97.5876,110.357,1.99207,0,0.02,3.33434,3.33434,0,0.624842,6.89472,4.14971e+06,2.70226e+06,1.38365e+07,0,0,0,2.37082e+08,62.2716,61.3098,2.23042,0,1,1.58499,1.58499,0,1.22453,2.54016,8.62394e+06,3.61194e+06,1.36688e+07,0,0,0,1.28823e+08
95.8558,110.357,1.80599,0,0.02,3.33441,3.33441,0,0.624855,6.89472,4.14971e+06,2.70226e+06,1.38368e+07,0,0,0,2.37082e+08,62.1752,61.3098,2.02127,0,1,1.58502,1.58502,0,1.22456,2.54016,8.62394e+06,3.61194e+06,1.36691e+07,0,0,0,1.28823e+08
94.0494,110.357,1.74249,0,0.02,3.4123,3.4123,0,0.624869,6.89472,4.14971e+06,2.70226e+06,1.41601e+07,0,0,0,2.37082e+08,62.1702,61.3098,2.19136,0,1,1.62379,1.62379,0,1.22459,2.54016,8.62394e+06,3.61194e+06,1.40034e+07,0,0,0,1.28823e+08
92.1934,110.357,1.68078,0,0.02,3.41238,3.41238,0,0.639466,6.89472,4.14971e+06,2.70226e+06,1.41604e+07,0,0,0,2.37082e+08,62.0976,61.3098,2.22129,0,1,1.62382,1.62382,0,1.25454,2.54016,8.62394e+06,3.61194e+06,1.40037e+07,0,0,0,1.28823e+08
90.2479,110.357,1.56917,0,0.02,3.41245,3.41245,0,0.639479,6.89472,4.14971e+06,2.70226e+06,1.41607e+07,0,0,0,2.37082e+08,61.905,61.3098,2.09906,0,1,1.62386,1.62386,0,1.25457,2.54016,8.62394e+06,3.61194e+06,1.4004e+07,0,0,0,1.28823e+08
88.1944,110.357,1.4402,0,0.02,3.41252,3.41252,0,0.639493,6.89472,4.14971e+06,2.70226e+06,1.4161e+07,0,0,0,2.37082e+08,61.7604,61.3098,1.98305,0,1,1.62389,1.62389,0,1.25459,2.54016,8.62394e+06,3.61194e+06,1.40043e+07,0,0,0,1.28823e+08
86.1198,110.357,1.58015,0,0.02,3.64051,3.64051,0,0.639507,6.89472,4.14971e+06,2.70226e+06,1.51071e+07,0,0,0,2.37082e+08,61.6011,61.3098,2.27325,0,1,1.76374,1.76374,0,1.25462,2.54016,8.62394e+06,3.61194e+06,1.52104e+07,0,0,0,1.28823e+08
83.9816,110.357,1.50161,0,0.02,3.64059,3.64059,0,0.682232,6.89472,4.14971e+06,2.70226e+06,1.51074e+07,0,0,0,2.37082e+08,61.1729,61.3098,2.08288,0,1,1.76378,1.76378,0,1.36267,2.54016,8.62394e+06,3.61194e+06,1.52107e+07,0,0,0,1.28823e+08
81.6034,110.357,1.23657,0,0.02,3.64067,3.64067,0,0.682247,6.89472,4.14971e+06,2.70226e+06,1.51077e+07,0,0,0,2.37082e+08,60.8363,61.3098,1.65722,0,1,1.76382,1.76382,0,1.3627,2.54016,8.62394e+06,3.61194e+06,1.52111e+07,0,0,0,1.28823e+08
79.4522,110.357,1.43192,0,0.02,3.64075,3.64075,0,0.682261,6.89472,4.14971e+06,2.70226e+06,1.5108e+07,0,0,0,2.37082e+08,60.8571,61.3098,2.50794,0,1,1.76386,1.76386,0,1.36273,2.54016,8.62394e+06,3.61194e+06,1.52114e+07,0,0,0,1.28823e+08
77.1597,110.357,1.28262,0,0.02,3.64083,3.64083,0,0.682276,6.89472,4.14971e+06,2.70226e+06,1.51084e+07,0,0,0,2.37082e+08,60.7239,61.3098,2.11819,0,1,1.76389,1.76389,0,1.36275,2.54016,8.62394e+06,3.61194e+06,1.52117e+07,0,0,0,1.28823e+08
75.6099,110.357,1.92804,0,0.02,3.52982,3.52982,0,0.682291,6.89472,4.14971e+06,2.70226e+06,1.46477e+07,0,0,0,2.37082e+08,61.0208,61.3098,2.81197,0,1,1.67906,1.67906,0,1.36278,2.54016,8.62394e+06,3.61194e+06,1.44801e+07,0,0,0,1.28823e+08
74.2501,110.357,2.14988,0,0.02,3.52989,3.52989,0,0.661488,6.89472,4.14971e+06,2.70226e+06,1.4648e+07,0,0,0,2.37082e+08,61.3199,61.3098,2.66743,0,1,1.6791,1.6791,0,1.29724,2.54016,8.62394e+06,3.61194e+06,1.44804e+07,0,0,0,1.28823e+08
73.561,110.357,2.85878,0,0.02,3.52997,3.52997,0,0.661502,6.89472,4.14971e+06,2.70226e+06,1.46483e+07,0,0,0,2.37082e+08,61.9884,61.3098,3.58934,0,1,1.67913,1.67913,0,1.29727,2.54016,8.62394e+06,3.61194e+06,1.44807e+07,0,0,0,1.28823e+08
73.6913,110.357,3.82594,0,0.02,3.53005,3.53005,0,0.661516,6.89472,4.14971e+06,2.70226e+06,1.46487e+07,0,0,0,2.37082e+08,62.338,61.3098,5.0514,0,1,1.67917,1.67917,0,1.2973,2.54016,8.62394e+06,3.61194e+06,1.44811e+07,0,0,0,1.28823e+08
73.3926,110.357,3.25981,0,0.02,3.43893,3.43893,0,0.661531,6.89472,4.14971e+06,2.70226e+06,1.42706e+07,0,0,0,2.37082e+08,62.338,61.3098,3.58007,0,1,1.60195,1.60195,0,1.29733,2.54016,8.62394e+06,3.61194e+06,1.38151e+07,0,0,0,1.28823e+08
73.5175,110.357,3.82391,0,0.02,3.439,3.439,0,0.644456,6.89472,4.14971e+06,2.70226e+06,1.42709e+07,0,0,0,2.37082e+08,62.338,61.3098,4.4269,0,1,1.60198,1.60198,0,1.23766,2.54016,8.62394e+06,3.61194e+06,1.38154e+07,0,0,0,1.28823e+08
73.4041,110.357,3.62681,0,0.02,3.43908,3.43908,0,0.64447,6.89472,4.14971e+06,2.70226e+06,1.42712e+07,0,0,0,2.37082e+08,62.338,61.3098,6.51397,0,1,1.60202,1.60202,0,1.23769,2.54016,8.62394e+06,3.61194e+06,1.38157e+07,0,0,0,1.28823e+08
75.5856,110.357,5.95538,0,0.02,3.43915,3.43915,0,0.644483,6.89472,4.14971e+06,2.70226e+06,1.42715e+07,0,0,0,2.37082e+08,62.338,61.3098,5.48934,0,1,1.60205,1.60205,0,1.23772,2.54016,8.62394e+06,3.61194e+06,1.3816e+07,0,0,0,1.28823e+08
75.4493,110.357,3.37577,0,0.02,3.18021,3.18021,0,0.644497,6.89472,4.14971e+06,2.70226e+06,1.3197e+07,0,0,0,2.37082e+08,62.338,61.3098,4.0975,0,1,1.44116,1.44116,0,1.23774,2.54016,8.62394e+06,3.61194e+06,1.24285e+07,0,0,0,1.28823e+08
74.7703,110.357,2.87284,0,0.02,3.18028,3.18028,0,0.595972,6.89472,4.14971e+06,2.70226e+06,1.31972e+07,0,0,0,2.37082e+08,62.338,61.3098,5.29314,0,1,1.44119,1.44119,0,1.11344,2.54016,8.62394e+06,3.61194e+06,1.24288e+07,0,0,0,1.28823e+08
78.3289,110.357,7.11578,0,0.02,3.18035,3.18035,0,0.595985,6.89472,4.14971e+06,2.70226e+06,1.31975e+07,0,0,0,2.37082e+08,62.338,61.3098,6.53237,0,1,1.44122,1.44122,0,1.11347,2.54016,8.62394e+06,3.61194e+06,1.2429e+07,0,0,0,1.28823e+08
79.8263,110.357,5.36541,0,0.02,3.18042,3.18042,0,0.595998,6.89472,4.14971e+06,2.70226e+06,1.31978e+07,0,0,0,2.37082e+08,62.338,61.3098,5.01552,0,1,1.44125,1.44125,0,1.11349,2.54016,8.62394e+06,3.61194e+06,1.24293e+07,0,0,0,1.28823e+08
80.2128,110.357,4.03409,0,0.02,3.18049,3.18049,0,0.596011,6.89472,4.14971e+06,2.70226e+06,1.31981e+07,0,0,0,2.37082e+08,62.338,61.3098,5.40726,0,1,1.44129,1.44129,0,1.11351,2.54016,8.62394e+06,3.61194e+06,1.24296e+07,0,0,0,1.28823e+08
80.9819,110.357,4.39226,0,0.02,3.28019,3.28019,0,0.596024,6.89472,4.14971e+06,2.70226e+06,1.36118e+07,0,0,0,2.37082e+08,62.338,61.3098,3.35204,0,1,1.48792,1.48792,0,1.11354,2.54016,8.62394e+06,3.61194e+06,1.28317e+07,0,0,0,1.28823e+08
80.7007,110.357,3.2768,0,0.02,3.28024,3.28024,0,0.614707,6.89472,4.14971e+06,2.70226e+06,1.3612e+07,0,0,0,2.37082e+08,62.338,61.3098,3.88418,0,1,1.48794,1.48794,0,1.14956,2.54016,8.62394e+06,3.61194e+06,1.28319e+07,0,0,0,1.28823e+08
79.5592,110.357,2.34804,0,0.02,3.28028,3.28028,0,0.614716,6.89472,4.14971e+06,2.70226e+06,1.36122e+07,0,0,0,2.37082e+08,62.338,61.3098,2.88559,0,1,1.48796,1.48796,0,1.14958,2.54016,8.62394e+06,3.61194e+06,1.28321e+07,0,0,0,1.28823e+08
78.4283,110.357,2.46143,0,0.02,3.28033,3.28033,0,0.614725,6.89472,4.14971e+06,2.70226e+06,1.36124e+07,0,0,0,2.37082e+08,62.338,61.3098,2.39342,0,1,1.48798,1.48798,0,1.1496,2.54016,8.62394e+06,3.61194e+06,1.28323e+07,0,0,0,1.28823e+08
77.0154,110.357,2.44246,0,0.02,3.60034,3.60034,0,0.614734,6.89472,4.14971e+06,2.70226e+06,1.49404e+07,0,0,0,2.37082e+08,62.2055,61.3098,2.34803,0,1,1.66296,1.66296,0,1.14961,2.54016,8.62394e+06,3.61194e+06,1.43413e+07,0,0,0,1.28823e+08
76.137,110.357,2.933,0,0.02,3.60039,3.60039,0,0.674704,6.89472,4.14971e+06,2.70226e+06,1.49406e+07,0,0,0,2.37082e+08,62.0554,61.3098,2.73949,0,1,1.66299,1.66299,0,1.2848,2.54016,8.62394e+06,3.61194e+06,1.43415e+07,0,0,0,1.28823e+08
75.9582,110.357,3.67602,0,0.02,3.60045,3.60045,0,0.674714,6.89472,4.14971e+06,2.70226e+06,1.49408e+07,0,0,0,2.37082e+08,61.8029,61.3098,2.54483,0,1,1.66301,1.66301,0,1.28482,2.54016,8.62394e+06,3.61194e+06,1.43417e+07,0,0,0,1.28823e+08
75.153,110.357,2.9675,0,0.02,3.6005,3.6005,0,0.674724,6.89472,4.14971e+06,2.70226e+06,1.4941e+07,0,0,0,2.37082e+08,61.6246,61.3098,2.20533,0,1,1.66303,1.66303,0,1.28484,2.54016,8.62394e+06,3.61194e+06,1.43419e+07,0,0,0,1.28823e+08
75.5642,110.357,3.87168,0,0.02,3.14416,3.14416,0,0.674734,6.89472,4.14971e+06,2.70226e+06,1.30473e+07,0,0,0,2.37082e+08,61.8933,61.3098,2.5312,0,1,1.42825,1.42825,0,1.28486,2.54016,8.62394e+06,3.61194e+06,1.23171e+07,0,0,0,1.28823e+08
76.4583,110.357,4.38343,0,0.02,3.14421,3.14421,0,0.589216,6.89472,4.14971e+06,2.70226e+06,1.30475e+07,0,0,0,2.37082e+08,62.2687,61.3098,2.81907,0,1,1.42827,1.42827,0,1.10347,2.54016,8.62394e+06,3.61194e+06,1.23173e+07,0,0,0,1.28823e+08
76.8841,110.357,3.87198,0,0.02,3.14425,3.14425,0,0.589224,6.89472,4.14971e+06,2.70226e+06,1.30477e+07,0,0,0,2.37082e+08,62.338,61.3098,2.46808,0,1,1.42829,1.42829,0,1.10348,2.54016,8.62394e+06,3.61194e+06,1.23175e+07,0,0,0,1.28823e+08
77.6534,110.357,4.24751,0,0.02,3.1443,3.1443,0,0.589233,6.89472,4.14971e+06,2.70226e+06,1.30479e+07,0,0,0,2.37082e+08,62.338,61.3098,2.78324,0,1,1.42831,1.42831,0,1.1035,2.54016,8.62394e+06,3.61194e+06,1.23177e+07,0,0,0,1.28823e+08
79.3561,110.357,5.19113,0,0.02,3.14434,3.14434,0,0.589241,6.89472,4.14971e+06,2.70226e+06,1.30481e+07,0,0,0,2.37082e+08,62.338,61.3098,2.93344,0,1,1.42833,1.42833,0,1.10351,2.54016,8.62394e+06,3.61194e+06,1.23179e+07,0,0,0,1.28823e+08
79.9509,110.357,4.28846,0,0.02,3.25928,3.25928,0,0.58925,6.89472,4.14971e+06,2.70226e+06,1.35251e+07,0,0,0,2.37082e+08,62.338,61.3098,2.59516,0,1,1.4858,1.4858,0,1.10353,2.54016,8.62394e+06,3.61194e+06,1.28135e+07,0,0,0,1.28823e+08
81.3157,110.357,5.10647,0,0.02,3.25933,3.25933,0,0.610789,6.89472,4.14971e+06,2.70226e+06,1.35253e+07,0,0,0,2.37082e+08,62.1403,61.3098,3.35733,0,1,1.48582,1.48582,0,1.14793,2.54016,8.62394e+06,3.61194e+06,1.28137e+07,0,0,0,1.28823e+08
81.2611,110.357,3.59375,0,0.02,3.25938,3.25938,0,0.610798,6.89472,4.14971e+06,2.70226e+06,1.35255e+07,0,0,0,2.37082e+08,61.9954,61.3098,2.01136,0,1,1.48585,1.48585,0,1.14795,2.54016,8.62394e+06,3.61194e+06,1.28138e+07,0,0,0,1.28823e+08
80.8882,110.357,3.28689,0,0.02,3.25942,3.25942,0,0.610807,6.89472,4.14971e+06,2.70226e+06,1.35257e+07,0,0,0,2.37082e+08,62.0645,61.3098,2.11519,0,1,1.48587,1.48587,0,1.14796,2.54016,8.62394e+06,3.61194e+06,1.2814e+07,0,0,0,1.28823e+08
81.2668,110.357,3.92221,0,0.02,3.21455,3.21455,0,0.610816,6.89472,4.14971e+06,2.70226e+06,1.33394e+07,0,0,0,2.37082e+08,62.3207,61.3098,2.64289,0,1,1.46358,1.46358,0,1.14798,2.54016,8.62394e+06,3.61194e+06,1.26218e+07,0,0,0,1.28823e+08
80.9652,110.357,3.23576,0,0.02,3.21459,3.21459,0,0.602406,6.89472,4.14971e+06,2.70226e+06,1.33396e+07,0,0,0,2.37082e+08,62.2051,61.3098,2.38111,0,1,1.4636,1.4636,0,1.13076,2.54016,8.62394e+06,3.61194e+06,1.2622e+07,0,0,0,1.28823e+08
80.4764,110.357,2.94659,0,0.02,3.21464,3.21464,0,0.602415,6.89472,4.14971e+06,2.70226e+06,1.33398e+07,0,0,0,2.37082e+08,62.2367,61.3098,2.11542,0,1,1.46362,1.46362,0,1.13078,2.54016,8.62394e+06,3.61194e+06,1.26222e+07,0,0,0,1.28823e+08
79.9352,110.357,2.87152,0,0.02,3.21469,3.21469,0,0.602424,6.89472,4.14971e+06,2.70226e+06,1.334e+07,0,0,0,2.37082e+08,62.3256,61.3098,2.30778,0,1,1.46364,1.46364,0,1.13079,2.54016,8.62394e+06,3.61194e+06,1.26223e+07,0,0,0,1.28823e+08
79.1908,110.357,2.77263,0,0.02,3.36723,3.36723,0,0.602433,6.89472,4.14971e+06,2.70226e+06,1.3973e+07,0,0,0,2.37082e+08,62.338,61.3098,2.25452,0,1,1.5428,1.5428,0,1.13081,2.54016,8.62394e+06,3.61194e+06,1.3305e+07,0,0,0,1.28823e+08
78.3949,110.357,2.70351,0,0.02,3.36728,3.36728,0,0.63102,6.89472,4.14971e+06,2.70226e+06,1.39732e+07,0,0,0,2.37082e+08,62.338,61.3098,2.47587,0,1,1.54282,1.54282,0,1.19196,2.54016,8.62394e+06,3.61194e+06,1.33052e+07,0,0,0,1.28823e+08
77.3194,110.357,2.40912,0,0.02,3.36733,3.36733,0,0.631029,6.89472,4.14971e+06,2.70226e+06,1.39734e+07,0,0,0,2.37082e+08,62.3351,61.3098,2.24375,0,1,1.54284,1.54284,0,1.19198,2.54016,8.62394e+06,3.61194e+06,1.33054e+07,0,0,0,1.28823e+08
76.0788,110.357,2.21362,0,0.02,3.36738,3.36738,0,0.631038,6.89472,4.14971e+06,2.70226e+06,1.39737e+07,0,0,0,2.37082e+08,62.3026,61.3098,2.21028,0,1,1.54286,1.54286,0,1.192,2.54016,8.62394e+06,3.61194e+06,1.33056e+07,0,0,0,1.28823e+08
74.7374,110.357,2.06835,0,0.02,3.36743,3.36743,0,0.631047,6.89472,4.14971e+06,2.70226e+06,1.39739e+07,0,0,0,2.37082e+08,62.1715,61.3098,1.97517,0,1,1.54289,1.54289,0,1.19202,2.54016,8.62394e+06,3.61194e+06,1.33058e+07,0,0,0,1.28823e+08
73.1564,110.357,1.732,0,0.02,3.33732,3.33732,0,0.631057,6.89472,4.14971e+06,2.70226e+06,1.38489e+07,0,0,0,2.37082e+08,62.0178,61.3098,2.09157,0,1,1.5864,1.5864,0,1.19203,2.54016,8.62394e+06,3.61194e+06,1.36811e+07,0,0,0,1.28823e+08
71.4778,110.357,1.61957,0,0.02,3.33737,3.33737,0,0.625414,6.89472,4.14971e+06,2.70226e+06,1.38491e+07,0,0,0,2.37082e+08,61.8198,61.3098,2.00808,0,1,1.58643,1.58643,0,1.22566,2.54016,8.62394e+06,3.61194e+06,1.36813e+07,0,0,0,1.28823e+08
69.67,110.357,1.47371,0,0.02,3.33742,3.33742,0,0.625423,6.89472,4.14971e+06,2.70226e+06,1.38493e+07,0,0,0,2.37082e+08,61.4709,61.3098,1.91183,0,1,1.58645,1.58645,0,1.22567,2.54016,8.62394e+06,3.61194e+06,1.36815e+07,0,0,0,1.28823e+08
67.7594,110.357,1.33928,0,0.02,3.33747,3.33747,0,0.625432,6.89472,4.14971e+06,2.70226e+06,1.38495e+07,0,0,0,2.37082e+08,61.0864,61.3098,1.75561,0,1,1.58647,1.58647,0,1.22569,2.54016,8.62394e+06,3.61194e+06,1.36817e+07,0,0,0,1.28823e+08
65.7539,110.357,1.25251,0,0.02,3.41541,3.41541,0,0.625441,6.89472,4.14971e+06,2.70226e+06,1.41729e+07,0,0,0,2.37082e+08,60.6632,61.3098,1.7424,0,1,1.62527,1.62527,0,1.22571,2.54016,8.62394e+06,3.61194e+06,1.40162e+07,0,0,0,1.28823e+08
63.7389,110.357,1.23635,0,0.02,3.41546,3.41546,0,0.640047,6.89472,4.14971e+06,2.70226e+06,1.41732e+07,0,0,0,2.37082e+08,60.1587,61.3098,1.72375,0,1,1.62529,1.62529,0,1.25568,2.54016,8.62394e+06,3.61194e+06,1.40164e+07,0,0,0,1.28823e+08
61.6725,110.357,1.14753,0,0.02,3.41551,3.41551,0,0.640057,6.89472,4.14971e+06,2.70226e+06,1.41734e+07,0,0,0,2.37082e+08,59.4699,61.3098,1.66559,0,1,1.62531,1.62531,0,1.2557,2.54016,8.62394e+06,3.61194e+06,1.40166e+07,0,0,0,1.28823e+08
59.5332,110.357,1.04484,0,0.02,3.41556,3.41556,0,0.640066,6.89472,4.14971e+06,2.70226e+06,1.41736e+07,0,0,0,2.37082e+08,59.005,61.3098,1.45815,0,1,1.62534,1.62534,0,1.25572,2.54016,8.62394e+06,3.61194e+06,1.40168e+07,0,0,0,1.28823e+08
57.491,110.357,1.29046,0,0.02,3.64372,3.64372,0,0.640076,6.89472,4.14971e+06,2.70226e+06,1.51204e+07,0,0,0,2.37082e+08,58.3936,61.3098,1.8979,0,1,1.7653,1.7653,0,1.25573,2.54016,8.62394e+06,3.61194e+06,1.52238e+07,0,0,0,1.28823e+08
55.6018,110.357,1.40841,0,0.02,3.64378,3.64378,0,0.682834,6.89472,4.14971e+06,2.70226e+06,1.51206e+07,0,0,0,2.37082e+08,57.8764,61.3098,1.5384,0,1,1.76532,1.76532,0,1.36387,2.54016,8.62394e+06,3.61194e+06,1.5224e+07,0,0,0,1.28823e+08
53.8284,110.357,1.51252,0,0.02,3.64383,3.64383,0,0.682844,6.89472,4.14971e+06,2.70226e+06,1.51208e+07,0,0,0,2.37082e+08,57.1402,61.3098,1.89493,0,1,1.76535,1.76535,0,1.36389,2.54016,8.62394e+06,3.61194e+06,1.52243e+07,0,0,0,1.28823e+08
51.8293,110.357,1.2517,0,0.02,3.64388,3.64388,0,0.682854,6.89472,4.14971e+06,2.70226e+06,1.5121e+07,0,0,0,2.37082e+08,56.5769,61.3098,1.32063,0,1,1.76537,1.76537,0,1.36391,2.54016,8.62394e+06,3.61194e+06,1.52245e+07,0,0,0,1.28823e+08
50.1552,110.357,1.54033,0,0.02,3.64394,3.64394,0,0.682864,6.89472,4.14971e+06,2.70226e+06,1.51213e+07,0,0,0,2.37082e+08,56.3194,61.3098,2.5086,0,1,1.7654,1.7654,0,1.36393,2.54016,8.62394e+06,3.61194e+06,1.52247e+07,0,0,0,1.28823e+08
48.5279,110.357,1.52296,0,0.02,3.53281,3.53281,0,0.682874,6.89472,4.14971e+06,2.70226e+06,1.46601e+07,0,0,0,2.37082e+08,56.0164,61.3098,2.01207,0,1,1.68048,1.68048,0,1.36395,2.54016,8.62394e+06,3.61194e+06,1.44924e+07,0,0,0,1.28823e+08
46.8381,110.357,1.41632,0,0.02,3.53286,3.53286,0,0.662048,6.89472,4.14971e+06,2.70226e+06,1.46603e+07,0,0,0,2.37082e+08,56.03,61.3098,3.23866,0,1,1.68051,1.68051,0,1.29834,2.54016,8.62394e+06,3.61194e+06,1.44926e+07,0,0,0,1.28823e+08
45.0255,110.357,1.26026,0,0.02,3.53291,3.53291,0,0.662058,6.89472,4.14971e+06,2.70226e+06,1.46605e+07,0,0,0,2.37082e+08,55.643,61.3098,1.98798,0,1,1.68053,1.68053,0,1.29836,2.54016,8.62394e+06,3.61194e+06,1.44928e+07,0,0,0,1.28823e+08
43.0479,110.357,1.04882,0,0.02,3.53296,3.53296,0,0.662068,6.89472,4.14971e+06,2.70226e+06,1.46608e+07,0,0,0,2.37082e+08,54.979,61.3098,1.76313,0,1,1.68056,1.68056,0,1.29838,2.54016,8.62394e+06,3.61194e+06,1.4493e+07,0,0,0,1.28823e+08
41.3031,110.357,1.25312,0,0.02,3.44175,3.44175,0,0.662077,6.89472,4.14971e+06,2.70226e+06,1.42823e+07,0,0,0,2.37082e+08,54.4337,61.3098,1.56106,0,1,1.60326,1.60326,0,1.2984,2.54016,8.62394e+06,3.61194e+06,1.38264e+07,0,0,0,1.28823e+08
39.8617,110.357,1.56775,0,0.02,3.4418,3.4418,0,0.644984,6.89472,4.14971e+06,2.70226e+06,1.42825e+07,0,0,0,2.37082e+08,54.1163,61.3098,1.44952,0,1,1.60328,1.60328,0,1.23868,2.54016,8.62394e+06,3.61194e+06,1.38266e+07,0,0,0,1.28823e+08
41.3097,110.357,4.5179,0,0.02,3.44185,3.44185,0,0.644993,6.89472,4.14971e+06,2.70226e+06,1.42827e+07,0,0,0,2.37082e+08,54.8808,61.3098,5.00953,0,1,1.60331,1.60331,0,1.2387,2.54016,8.62394e+06,3.61194e+06,1.38268e+07,0,0,0,1.28823e+08
41.7916,110.357,3.62668,0,0.02,3.4419,3.4419,0,0.645003,6.89472,4.14971e+06,2.70226e+06,1.42829e+07,0,0,0,2.37082e+08,55.2893,61.3098,4.32891,0,1,1.60333,1.60333,0,1.23871,2.54016,8.62394e+06,3.61194e+06,1.3827e+07,0,0,0,1.28823e+08
43.2758,110.357,4.41036,0,0.02,3.18273,3.18273,0,0.645012,6.89472,4.14971e+06,2.70226e+06,1.32074e+07,0,0,0,2.37082e+08,55.7636,61.3098,4.37285,0,1,1.4423,1.4423,0,1.23873,2.54016,8.62394e+06,3.61194e+06,1.24383e+07,0,0,0,1.28823e+08
42.8352,110.357,2.48574,0,0.02,3.18278,3.18278,0,0.596444,6.89472,4.14971e+06,2.70226e+06,1.32076e+07,0,0,0,2.37082e+08,55.6595,61.3098,1.55873,0,1,1.44232,1.44232,0,1.11432,2.54016,8.62394e+06,3.61194e+06,1.24385e+07,0,0,0,1.28823e+08
44.9713,110.357,5.28028,0,0.02,3.18283,3.18283,0,0.596453,6.89472,4.14971e+06,2.70226e+06,1.32078e+07,0,0,0,2.37082e+08,56.6467,61.3098,4.59707,0,1,1.44234,1.44234,0,1.11434,2.54016,8.62394e+06,3.61194e+06,1.24387e+07,0,0,0,1.28823e+08
47.063,110.357,5.23446,0,0.02,3.18287,3.18287,0,0.596462,6.89472,4.14971e+06,2.70226e+06,1.3208e+07,0,0,0,2.37082e+08,57.0388,61.3098,2.96777,0,1,1.44237,1.44237,0,1.11436,2.54016,8.62394e+06,3.61194e+06,1.24389e+07,0,0,0,1.28823e+08
49.2509,110.357,5.27429,0,0.02,3.18292,3.18292,0,0.59647,6.89472,4.14971e+06,2.70226e+06,1.32082e+07,0,0,0,2.37082e+08,57.1121,61.3098,2.31082,0,1,1.44239,1.44239,0,1.11437,2.54016,8.62394e+06,3.61194e+06,1.24391e+07,0,0,0,1.28823e+08
54.8649,110.357,9.15214,0,0.02,3.18292,3.18292,0,0.596479,6.89472,4.14971e+06,2.70226e+06,1.32082e+07,0,0,0,2.37082e+08,58.9438,61.3098,10.3105,0,1,1.44239,1.44239,0,1.11439,2.54016,8.62394e+06,3.61194e+06,1.24391e+07,0,0,0,1.28823e+08
59.024,110.357,7.73178,0,0.02,3.28267,3.28267,0,0.596479,6.89472,4.14971e+06,2.70226e+06,1.36221e+07,0,0,0,5.05463e+08,59.8228,61.3098,7.7264,0,1,1.48904,1.48904,0,1.11439,2.54016,8.62394e+06,3.61194e+06,1.28414e+07,0,0,0,1.28823e+08
64.483,110.357,9.26511,0,0.02,3.2827,3.2827,0,0.615173,6.89472,4.14971e+06,2.70226e+06,1.36222e+07,0,0,0,5.05463e+08,60.9202,61.3098,9.03279,0,1,1.48905,1.48905,0,1.15043,2.54016,8.62394e+06,3.61194e+06,1.28415e+07,0,0,0,1.28823e+08
67.8792,110.357,7.19337,0,0.02,3.28272,3.28272,0,0.615177,6.89472,4.14971e+06,2.70226e+06,1.36223e+07,0,0,0,5.05463e+08,61.9876,61.3098,8.56761,0,1,1.48907,1.48907,0,1.15044,2.54016,8.62394e+06,3.61194e+06,1.28416e+07,0,0,0,1.28823e+08
71.0894,110.357,7.08035,0,0.02,3.28275,3.28275,0,0.615182,6.89472,4.14971e+06,2.70226e+06,1.36224e+07,0,0,0,5.05463e+08,62.338,61.3098,8.80779,0,1,1.48908,1.48908,0,1.15045,2.54016,8.62394e+06,3.61194e+06,1.28417e+07,0,0,0,1.28823e+08
74.5634,110.357,7.89975,0,0.02,3.60297,3.60297,0,0.615187,6.89472,4.14971e+06,2.70226e+06,1.49513e+07,0,0,0,5.05463e+08,62.338,61.3098,7.83453,0,1,1.66417,1.66417,0,1.15046,2.54016,8.62394e+06,3.61194e+06,1.43517e+07,0,0,0,1.28823e+08
78.0561,110.357,7.75956,0,0.02,3.603,3.603,0,0.675196,6.89472,4.14971e+06,2.70226e+06,1.49514e+07,0,0,0,5.05463e+08,62.338,61.3098,7.50643,0,1,1.66419,1.66419,0,1.28574,2.54016,8.62394e+06,3.61194e+06,1.43519e+07,0,0,0,1.28823e+08
82.3835,110.357,8.66684,0,0.02,3.60303,3.60303,0,0.675202,6.89472,4.14971e+06,2.70226e+06,1.49515e+07,0,0,0,5.05463e+08,62.338,61.3098,9.35132,0,1,1.6642,1.6642,0,1.28575,2.54016,8.62394e+06,3.61194e+06,1.4352e+07,0,0,0,1.28823e+08
85.1988,110.357,7.07527,0,0.02,3.60305,3.60305,0,0.675207,6.89472,4.14971e+06,2.70226e+06,1.49516e+07,0,0,0,5.05463e+08,62.338,61.3098,7.32105,0,1,1.66421,1.66421,0,1.28576,2.54016,8.62394e+06,3.61194e+06,1.43521e+07,0,0,0,1.28823e+08
88.1148,110.357,6.94607,0,0.02,3.14637,3.14637,0,0.675212,6.89472,4.14971e+06,2.70226e+06,1.30565e+07,0,0,0,5.05463e+08,62.338,61.3098,4.14441,0,1,1.42925,1.42925,0,1.28577,2.54016,8.62394e+06,3.61194e+06,1.23258e+07,0,0,0,1.28823e+08
90.3722,110.357,6.2699,0,0.02,3.14639,3.14639,0,0.589629,6.89472,4.14971e+06,2.70226e+06,1.30566e+07,0,0,0,5.05463e+08,62.338,61.3098,4.70959,0,1,1.42926,1.42926,0,1.10424,2.54016,8.62394e+06,3.61194e+06,1.23259e+07,0,0,0,1.28823e+08
93.0561,110.357,6.737,0,0.02,3.14642,3.14642,0,0.589634,6.89472,4.14971e+06,2.70226e+06,1.30567e+07,0,0,0,5.05463e+08,62.338,61.3098,5.81681,0,1,1.42928,1.42928,0,1.10425,2.54016,8.62394e+06,3.61194e+06,1.2326e+07,0,0,0,1.28823e+08
95.1602,110.357,6.19957,0,0.02,3.14644,3.14644,0,0.589639,6.89472,4.14971e+06,2.70226e+06,1.30568e+07,0,0,0,5.05463e+08,62.338,61.3098,4.9172,0,1,1.42929,1.42929,0,1.10426,2.54016,8.62394e+06,3.61194e+06,1.23261e+07,0,0,0,1.28823e+08
97.2872,110.357,6.13708,0,0.02,3.14647,3.14647,0,0.589643,6.89472,4.14971e+06,2.70226e+06,1.30569e+07,0,0,0,5.05463e+08,62.338,61.3098,6.12377,0,1,1.4293,1.4293,0,1.10427,2.54016,8.62394e+06,3.61194e+06,1.23262e+07,0,0,0,1.28823e+08
98.0896,110.357,4.8203,0,0.02,3.26146,3.26146,0,0.589648,6.89472,4.14971e+06,2.70226e+06,1.35341e+07,0,0,0,5.05463e+08,62.338,61.3098,5.05655,0,1,1.48679,1.48679,0,1.10428,2.54016,8.62394e+06,3.61194e+06,1.2822e+07,0,0,0,1.28823e+08
97.967,110.357,3.82024,0,0.02,3.26148,3.26148,0,0.611197,6.89472,4.14971e+06,2.70226e+06,1.35342e+07,0,0,0,5.05463e+08,62.338,61.3098,3.95175,0,1,1.48681,1.48681,0,1.1487,2.54016,8.62394e+06,3.61194e+06,1.28221e+07,0,0,0,1.28823e+08
97.5481,110.357,3.44547,0,0.02,3.26151,3.26151,0,0.611202,6.89472,4.14971e+06,2.70226e+06,1.35343e+07,0,0,0,5.05463e+08,62.338,61.3098,3.53015,0,1,1.48682,1.48682,0,1.14871,2.54016,8.62394e+06,3.61194e+06,1.28222e+07,0,0,0,1.28823e+08
96.56,110.357,2.813,0,0.02,3.26153,3.26153,0,0.611207,6.89472,4.14971e+06,2.70226e+06,1.35344e+07,0,0,0,5.05463e+08,62.338,61.3098,2.83755,0,1,1.48683,1.48683,0,1.14872,2.54016,8.62394e+06,3.61194e+06,1.28223e+07,0,0,0,1.28823e+08
95.3557,110.357,2.49792,0,0.02,3.21661,3.21661,0,0.611212,6.89472,4.14971e+06,2.70226e+06,1.3348e+07,0,0,0,5.05463e+08,62.338,61.3098,2.7075,0,1,1.46451,1.46451,0,1.14872,2.54016,8.62394e+06,3.61194e+06,1.26299e+07,0,0,0,1.28823e+08
95.2146,110.357,3.58858,0,0.02,3.21663,3.21663,0,0.602792,6.89472,4.14971e+06,2.70226e+06,1.33481e+07,0,0,0,5.05463e+08,62.338,61.3098,3.06755,0,1,1.46453,1.46453,0,1.13148,2.54016,8.62394e+06,3.61194e+06,1.263e+07,0,0,0,1.28823e+08
94.2824,110.357,2.732,0,0.02,3.21666,3.21666,0,0.602797,6.89472,4.14971e+06,2.70226e+06,1.33482e+07,0,0,0,5.05463e+08,62.338,61.3098,2.77407,0,1,1.46454,1.46454,0,1.13149,2.54016,8.62394e+06,3.61194e+06,1.26301e+07,0,0,0,1.28823e+08
93.0884,110.357,2.38396,0,0.02,3.21668,3.21668,0,0.602802,6.89472,4.14971e+06,2.70226e+06,1.33483e+07,0,0,0,5.05463e+08,62.338,61.3098,2.51737,0,1,1.46455,1.46455,0,1.1315,2.54016,8.62394e+06,3.61194e+06,1.26302e+07,0,0,0,1.28823e+08
92.0163,110.357,2.59715,0,0.02,3.3693,3.3693,0,0.602807,6.89472,4.14971e+06,2.70226e+06,1.39816e+07,0,0,0,5.05463e+08,62.2914,61.3098,2.86769,0,1,1.54374,1.54374,0,1.13151,2.54016,8.62394e+06,3.61194e+06,1.33131e+07,0,0,0,1.28823e+08
90.919,110.357,2.55332,0,0.02,3.36933,3.36933,0,0.631407,6.89472,4.14971e+06,2.70226e+06,1.39817e+07,0,0,0,5.05463e+08,62.2469,61.3098,2.96162,0,1,1.54375,1.54375,0,1.1927,2.54016,8.62394e+06,3.61194e+06,1.33132e+07,0,0,0,1.28823e+08
89.5655,110.357,2.29969,0,0.02,3.36935,3.36935,0,0.631412,6.89472,4.14971e+06,2.70226e+06,1.39818e+07,0,0,0,5.05463e+08,62.1737,61.3098,2.94158,0,1,1.54377,1.54377,0,1.1927,2.54016,8.62394e+06,3.61194e+06,1.33133e+07,0,0,0,1.28823e+08
88.1454,110.357,2.19035,0,0.02,3.36938,3.36938,0,0.631417,6.89472,4.14971e+06,2.70226e+06,1.39819e+07,0,0,0,5.05463e+08,62.0863,61.3098,2.97374,0,1,1.54378,1.54378,0,1.19271,2.54016,8.62394e+06,3.61194e+06,1.33134e+07,0,0,0,1.28823e+08
86.4953,110.357,1.88833,0,0.02,3.36941,3.36941,0,0.631422,6.89472,4.14971e+06,2.70226e+06,1.3982e+07,0,0,0,5.05463e+08,62.0405,61.3098,2.6644,0,1,1.54379,1.54379,0,1.19272,2.54016,8.62394e+06,3.61194e+06,1.33136e+07,0,0,0,1.28823e+08
84.8848,110.357,1.88237,0,0.02,3.33925,3.33925,0,0.631427,6.89472,4.14971e+06,2.70226e+06,1.38569e+07,0,0,0,5.05463e+08,61.9261,61.3098,2.69193,0,1,1.58732,1.58732,0,1.19273,2.54016,8.62394e+06,3.61194e+06,1.3689e+07,0,0,0,1.28823e+08
83.2551,110.357,1.79381,0,0.02,3.33928,3.33928,0,0.625776,6.89472,4.14971e+06,2.70226e+06,1.3857e+07,0,0,0,5.05463e+08,61.7797,61.3098,2.6876,0,1,1.58734,1.58734,0,1.22637,2.54016,8.62394e+06,3.61194e+06,1.36891e+07,0,0,0,1.28823e+08
81.4514,110.357,1.57791,0,0.02,3.33931,3.33931,0,0.625781,6.89472,4.14971e+06,2.70226e+06,1.38571e+07,0,0,0,5.05463e+08,61.5609,61.3098,2.45511,0,1,1.58735,1.58735,0,1.22638,2.54016,8.62394e+06,3.61194e+06,1.36892e+07,0,0,0,1.28823e+08
79.7559,110.357,1.68942,0,0.02,3.33933,3.33933,0,0.625786,6.89472,4.14971e+06,2.70226e+06,1.38573e+07,0,0,0,5.05463e+08,61.4989,61.3098,2.78083,0,1,1.58736,1.58736,0,1.22639,2.54016,8.62394e+06,3.61194e+06,1.36893e+07,0,0,0,1.28823e+08
77.972,110.357,1.65509,0,0.02,3.41729,3.41729,0,0.625791,6.89472,4.14971e+06,2.70226e+06,1.41808e+07,0,0,0,5.05463e+08,61.3376,61.3098,2.76285,0,1,1.62616,1.62616,0,1.2264,2.54016,8.62394e+06,3.61194e+06,1.40239e+07,0,0,0,1.28823e+08
76.104,110.357,1.54442,0,0.02,3.41732,3.41732,0,0.640401,6.89472,4.14971e+06,2.70226e+06,1.41809e+07,0,0,0,5.05463e+08,61.1208,61.3098,2.62067,0,1,1.62617,1.62617,0,1.25637,2.54016,8.62394e+06,3.61194e+06,1.4024e+07,0,0,0,1.28823e+08
74.1341,110.357,1.41739,0,0.02,3.41735,3.41735,0,0.640406,6.89472,4.14971e+06,2.70226e+06,1.4181e+07,0,0,0,5.05463e+08,60.8967,61.3098,2.45485,0,1,1.62619,1.62619,0,1.25638,2.54016,8.62394e+06,3.61194e+06,1.40241e+07,0,0,0,1.28823e+08
72.4017,110.357,1.62664,0,0.02,3.41737,3.41737,0,0.640411,6.89472,4.14971e+06,2.70226e+06,1.41811e+07,0,0,0,5.05463e+08,60.8019,61.3098,3.09038,0,1,1.6262,1.6262,0,1.25639,2.54016,8.62394e+06,3.61194e+06,1.40242e+07,0,0,0,1.28823e+08
70.0278,110.357,1.14954,0,0.02,3.64563,3.64563,0,0.640416,6.89472,4.14971e+06,2.70226e+06,1.51283e+07,0,0,0,5.05463e+08,60.4274,61.3098,2.20067,0,1,1.76622,1.76622,0,1.2564,2.54016,8.62394e+06,3.61194e+06,1.52318e+07,0,0,0,1.28823e+08
67.807,110.357,1.29752,0,0.02,3.64566,3.64566,0,0.683192,6.89472,4.14971e+06,2.70226e+06,1.51284e+07,0,0,0,5.05463e+08,60.1915,61.3098,2.74707,0,1,1.76624,1.76624,0,1.36458,2.54016,8.62394e+06,3.61194e+06,1.52319e+07,0,0,0,1.28823e+08
65.3597,110.357,1.05098,0,0.02,3.64569,3.64569,0,0.683197,6.89472,4.14971e+06,2.70226e+06,1.51286e+07,0,0,0,5.05463e+08,59.7524,61.3098,1.97825,0,1,1.76625,1.76625,0,1.36459,2.54016,8.62394e+06,3.61194e+06,1.5232e+07,0,0,0,1.28823e+08
63.1643,110.357,1.26277,0,0.02,3.64572,3.64572,0,0.683203,6.89472,4.14971e+06,2.70226e+06,1.51287e+07,0,0,0,5.05463e+08,59.6797,61.3098,3.46232,0,1,1.76626,1.76626,0,1.36461,2.54016,8.62394e+06,3.61194e+06,1.52322e+07,0,0,0,1.28823e+08
61.1998,110.357,1.48344,0,0.02,3.64575,3.64575,0,0.683208,6.89472,4.14971e+06,2.70226e+06,1.51288e+07,0,0,0,5.05463e+08,59.3133,61.3098,2.27178,0,1,1.76628,1.76628,0,1.36462,2.54016,8.62394e+06,3.61194e+06,1.52323e+07,0,0,0,1.28823e+08
59.5257,110.357,1.67899,0,0.02,3.53454,3.53454,0,0.683213,6.89472,4.14971e+06,2.70226e+06,1.46673e+07,0,0,0,5.05463e+08,59.0572,61.3098,2.38491,0,1,1.68131,1.68131,0,1.36463,2.54016,8.62394e+06,3.61194e+06,1.44995e+07,0,0,0,1.28823e+08
57.903,110.357,1.74371,0,0.02,3.53457,3.53457,0,0.662373,6.89472,4.14971e+06,2.70226e+06,1.46674e+07,0,0,0,5.05463e+08,58.8175,61.3098,2.5149,0,1,1.68132,1.68132,0,1.29898,2.54016,8.62394e+06,3.61194e+06,1.44996e+07,0,0,0,1.28823e+08
56.4727,110.357,2.07965,0,0.02,3.5346,3.5346,0,0.662378,6.89472,4.14971e+06,2.70226e+06,1.46675e+07,0,0,0,5.05463e+08,58.9022,61.3098,3.2491,0,1,1.68133,1.68133,0,1.29899,2.54016,8.62394e+06,3.61194e+06,1.44997e+07,0,0,0,1.28823e+08
55.3472,110.357,2.3669,0,0.02,3.53462,3.53462,0,0.662383,6.89472,4.14971e+06,2.70226e+06,1.46677e+07,0,0,0,5.05463e+08,58.7858,61.3098,2.68681,0,1,1.68135,1.68135,0,1.299,2.54016,8.62394e+06,3.61194e+06,1.44998e+07,0,0,0,1.28823e+08
55.3404,110.357,3.3147,0,0.02,3.44334,3.44334,0,0.662388,6.89472,4.14971e+06,2.70226e+06,1.42889e+07,0,0,0,5.05463e+08,59.3045,61.3098,4.74567,0,1,1.604,1.604,0,1.29901,2.54016,8.62394e+06,3.61194e+06,1.38328e+07,0,0,0,1.28823e+08
54.1177,110.357,2.08246,0,0.02,3.44337,3.44337,0,0.645282,6.89472,4.14971e+06,2.70226e+06,1.4289e+07,0,0,0,5.05463e+08,59.3883,61.3098,3.66533,0,1,1.60401,1.60401,0,1.23925,2.54016,8.62394e+06,3.61194e+06,1.38329e+07,0,0,0,1.28823e+08
56.6941,110.357,6.13576,0,0.02,3.4434,3.4434,0,0.645287,6.89472,4.14971e+06,2.70226e+06,1.42891e+07,0,0,0,5.05463e+08,59.7646,61.3098,4.38394,0,1,1.60403,1.60403,0,1.23926,2.54016,8.62394e+06,3.61194e+06,1.3833e+07,0,0,0,1.28823e+08
58.4466,110.357,5.30459,0,0.02,3.44342,3.44342,0,0.645293,6.89472,4.14971e+06,2.70226e+06,1.42892e+07,0,0,0,5.05463e+08,59.6314,61.3098,4.09889,0,1,1.60404,1.60404,0,1.23927,2.54016,8.62394e+06,3.61194e+06,1.38331e+07,0,0,0,1.28823e+08
58.5782,110.357,3.40432,0,0.02,3.18412,3.18412,0,0.645298,6.89472,4.14971e+06,2.70226e+06,1.32132e+07,0,0,0,5.05463e+08,59.7625,61.3098,3.148,0,1,1.44293,1.44293,0,1.23928,2.54016,8.62394e+06,3.61194e+06,1.24437e+07,0,0,0,1.28823e+08
59.6875,110.357,4.54262,0,0.02,3.18414,3.18414,0,0.596704,6.89472,4.14971e+06,2.70226e+06,1.32133e+07,0,0,0,5.05463e+08,60.6001,61.3098,4.25981,0,1,1.44294,1.44294,0,1.11481,2.54016,8.62394e+06,3.61194e+06,1.24438e+07,0,0,0,1.28823e+08
61.049,110.357,4.89712,0,0.02,3.18417,3.18417,0,0.596709,6.89472,4.14971e+06,2.70226e+06,1.32134e+07,0,0,0,5.05463e+08,61.8735,61.3098,6.31787,0,1,1.44295,1.44295,0,1.11482,2.54016,8.62394e+06,3.61194e+06,1.24439e+07,0,0,0,1.28823e+08
62.4606,110.357,4.82045,0,0.02,3.18419,3.18419,0,0.596713,6.89472,4.14971e+06,2.70226e+06,1.32135e+07,0,0,0,5.05463e+08,62.338,61.3098,4.6924,0,1,1.44296,1.44296,0,1.11483,2.54016,8.62394e+06,3.61194e+06,1.2444e+07,0,0,0,1.28823e+08
62.1802,110.357,2.99492,0,0.02,3.18422,3.18422,0,0.596718,6.89472,4.14971e+06,2.70226e+06,1.32136e+07,0,0,0,5.05463e+08,62.2039,61.3098,2.61089,0,1,1.44298,1.44298,0,1.11483,2.54016,8.62394e+06,3.61194e+06,1.24441e+07,0,0,0,1.28823e+08
60.858,110.357,1.9629,0,0.02,3.28399,3.28399,0,0.596723,6.89472,4.14971e+06,2.70226e+06,1.36276e+07,0,0,0,5.05463e+08,62.134,61.3098,1.89966,0,1,1.48964,1.48964,0,1.11484,2.54016,8.62394e+06,3.61194e+06,1.28466e+07,0,0,0,1.28823e+08
59.8258,110.357,2.295,0,0.02,3.28399,3.28399,0,0.61542,6.89472,4.14971e+06,2.70226e+06,1.36276e+07,0,0,0,5.05463e+08,62.338,61.3098,2.81307,0,1,1.48964,1.48964,0,1.1509,2.54016,8.62394e+06,3.61194e+06,1.28466e+07,0,0,0,1.28823e+08
59.5973,110.357,3.1493,0,0.02,3.284,3.284,0,0.61542,6.89472,4.14971e+06,2.70226e+06,1.36276e+07,0,0,0,5.05463e+08,62.338,61.3098,3.7027,0,1,1.48964,1.48964,0,1.1509,2.54016,8.62394e+06,3.61194e+06,1.28466e+07,0,0,0,1.28823e+08
60.2266,110.357,4.00364,0,0.02,3.284,3.284,0,0.615421,6.89472,4.14971e+06,2.70226e+06,1.36276e+07,0,0,0,5.05463e+08,62.338,61.3098,3.17191,0,1,1.48965,1.48965,0,1.1509,2.54016,8.62394e+06,3.61194e+06,1.28466e+07,0,0,0,1.28823e+08
61.1553,110.357,4.7173,0,0.02,3.60432,3.60432,0,0.615422,6.89472,4.14971e+06,2.70226e+06,1.49569e+07,0,0,0,5.05463e+08,62.338,61.3098,3.84338,0,1,1.6648,1.6648,0,1.1509,2.54016,8.62394e+06,3.61194e+06,1.43571e+07,0,0,0,1.28823e+08
60.0094,110.357,2.49542,0,0.02,3.60432,3.60432,0,0.675449,6.89472,4.14971e+06,2.70226e+06,1.49569e+07,0,0,0,5.05463e+08,62.1368,61.3098,2.28686,0,1,1.6648,1.6648,0,1.28622,2.54016,8.62394e+06,3.61194e+06,1.43571e+07,0,0,0,1.28823e+08
59.542,110.357,3.17021,0,0.02,3.60433,3.60433,0,0.67545,6.89472,4.14971e+06,2.70226e+06,1.49569e+07,0,0,0,5.05463e+08,62.0635,61.3098,2.83112,0,1,1.6648,1.6648,0,1.28622,2.54016,8.62394e+06,3.61194e+06,1.43571e+07,0,0,0,1.28823e+08
60.0779,110.357,4.19263,0,0.02,3.60433,3.60433,0,0.675451,6.89472,4.14971e+06,2.70226e+06,1.49569e+07,0,0,0,5.05463e+08,62.338,61.3098,4.88711,0,1,1.6648,1.6648,0,1.28623,2.54016,8.62394e+06,3.61194e+06,1.43572e+07,0,0,0,1.28823e+08
64.7452,110.357,8.20271,0,0.02,3.14746,3.14746,0,0.675451,6.89472,4.14971e+06,2.70226e+06,1.3061e+07,0,0,0,5.05463e+08,62.338,61.3098,8.43907,0,1,1.42975,1.42975,0,1.28623,2.54016,8.62394e+06,3.61194e+06,1.23301e+07,0,0,0,1.28823e+08
66.7148,110.357,5.43615,0,0.02,3.14746,3.14746,0,0.589834,6.89472,4.14971e+06,2.70226e+06,1.30611e+07,0,0,0,5.05463e+08,62.338,61.3098,7.68377,0,1,1.42975,1.42975,0,1.10462,2.54016,8.62394e+06,3.61194e+06,1.23301e+07,0,0,0,1.28823e+08
70.4513,110.357,7.40772,0,0.02,3.14747,3.14747,0,0.589835,6.89472,4.14971e+06,2.70226e+06,1.30611e+07,0,0,0,5.05463e+08,62.338,61.3098,12.9873,0,1,1.42975,1.42975,0,1.10463,2.54016,8.62394e+06,3.61194e+06,1.23301e+07,0,0,0,1.28823e+08
74.1048,110.357,7.18918,0,0.02,3.14747,3.14747,0,0.589835,6.89472,4.14971e+06,2.70226e+06,1.30611e+07,0,0,0,5.05463e+08,62.338,61.3098,10.8545,0,1,1.42975,1.42975,0,1.10463,2.54016,8.62394e+06,3.61194e+06,1.23301e+07,0,0,0,1.28823e+08
78.277,110.357,7.80828,0,0.02,3.14747,3.14747,0,0.589836,6.89472,4.14971e+06,2.70226e+06,1.30611e+07,0,0,0,5.05463e+08,62.338,61.3098,7.90928,0,1,1.42976,1.42976,0,1.10463,2.54016,8.62394e+06,3.61194e+06,1.23301e+07,0,0,0,1.28823e+08
82.3593,110.357,7.93042,0,0.02,3.26248,3.26248,0,0.589837,6.89472,4.14971e+06,2.70226e+06,1.35383e+07,0,0,0,5.05463e+08,62.338,61.3098,8.53113,0,1,1.48726,1.48726,0,1.10463,2.54016,8.62394e+06,3.61194e+06,1.2826e+07,0,0,0,1.28823e+08
85.846,110.357,7.35377,0,0.02,3.26248,3.26248,0,0.611389,6.89472,4.14971e+06,2.70226e+06,1.35383e+07,0,0,0,5.05463e+08,62.338,61.3098,8.22852,0,1,1.48726,1.48726,0,1.14906,2.54016,8.62394e+06,3.61194e+06,1.28261e+07,0,0,0,1.28823e+08
88.3949,110.357,6.40997,0,0.02,3.26249,3.26249,0,0.611389,6.89472,4.14971e+06,2.70226e+06,1.35384e+07,0,0,0,5.05463e+08,62.338,61.3098,6.53235,0,1,1.48726,1.48726,0,1.14906,2.54016,8.62394e+06,3.61194e+06,1.28261e+07,0,0,0,1.28823e+08
89.8685,110.357,5.329,0,0.02,3.26249,3.26249,0,0.61139,6.89472,4.14971e+06,2.70226e+06,1.35384e+07,0,0,0,5.05463e+08,62.338,61.3098,4.95281,0,1,1.48727,1.48727,0,1.14906,2.54016,8.62394e+06,3.61194e+06,1.28261e+07,0,0,0,1.28823e+08
91.0826,110.357,4.93684,0,0.02,3.21753,3.21753,0,0.611391,6.89472,4.14971e+06,2.70226e+06,1.33518e+07,0,0,0,5.05463e+08,62.338,61.3098,4.58828,0,1,1.46493,1.46493,0,1.14906,2.54016,8.62394e+06,3.61194e+06,1.26335e+07,0,0,0,1.28823e+08
91.9807,110.357,4.60603,0,0.02,3.21753,3.21753,0,0.602965,6.89472,4.14971e+06,2.70226e+06,1.33518e+07,0,0,0,5.05463e+08,62.338,61.3098,4.16213,0,1,1.46493,1.46493,0,1.13181,2.54016,8.62394e+06,3.61194e+06,1.26335e+07,0,0,0,1.28823e+08
92.7572,110.357,4.42848,0,0.02,3.21753,3.21753,0,0.602965,6.89472,4.14971e+06,2.70226e+06,1.33518e+07,0,0,0,5.05463e+08,62.338,61.3098,4.11951,0,1,1.46494,1.46494,0,1.13181,2.54016,8.62394e+06,3.61194e+06,1.26335e+07,0,0,0,1.28823e+08
93.2632,110.357,4.07239,0,0.02,3.21754,3.21754,0,0.602966,6.89472,4.14971e+06,2.70226e+06,1.33518e+07,0,0,0,5.05463e+08,62.338,61.3098,3.71938,0,1,1.46494,1.46494,0,1.13181,2.54016,8.62394e+06,3.61194e+06,1.26335e+07,0,0,0,1.28823e+08
92.8849,110.357,3.26697,0,0.02,3.37017,3.37017,0,0.602967,6.89472,4.14971e+06,2.70226e+06,1.39852e+07,0,0,0,5.05463e+08,62.338,61.3098,3.76061,0,1,1.54414,1.54414,0,1.13181,2.54016,8.62394e+06,3.61194e+06,1.33166e+07,0,0,0,1.28823e+08
92.3188,110.357,3.06755,0,0.02,3.37018,3.37018,0,0.63157,6.89472,4.14971e+06,2.70226e+06,1.39852e+07,0,0,0,5.05463e+08,62.338,61.3098,3.4706,0,1,1.54414,1.54414,0,1.193,2.54016,8.62394e+06,3.61194e+06,1.33166e+07,0,0,0,1.28823e+08
91.512,110.357,2.80706,0,0.02,3.37018,3.37018,0,0.631571,6.89472,4.14971e+06,2.70226e+06,1.39853e+07,0,0,0,5.05463e+08,62.338,61.3098,3.14154,0,1,1.54414,1.54414,0,1.19301,2.54016,8.62394e+06,3.61194e+06,1.33166e+07,0,0,0,1.28823e+08
90.5841,110.357,2.60156,0,0.02,3.37018,3.37018,0,0.631572,6.89472,4.14971e+06,2.70226e+06,1.39853e+07,0,0,0,5.05463e+08,62.2967,61.3098,3.02582,0,1,1.54415,1.54415,0,1.19301,2.54016,8.62394e+06,3.61194e+06,1.33166e+07,0,0,0,1.28823e+08
89.2738,110.357,2.21541,0,0.02,3.37019,3.37019,0,0.631572,6.89472,4.14971e+06,2.70226e+06,1.39853e+07,0,0,0,5.05463e+08,61.9932,61.3098,2.07641,0,1,1.54415,1.54415,0,1.19301,2.54016,8.62394e+06,3.61194e+06,1.33166e+07,0,0,0,1.28823e+08
87.7761,110.357,1.99052,0,0.02,3.34001,3.34001,0,0.631573,6.89472,4.14971e+06,2.70226e+06,1.386e+07,0,0,0,5.05463e+08,61.6317,61.3098,1.71938,0,1,1.58768,1.58768,0,1.19301,2.54016,8.62394e+06,3.61194e+06,1.36921e+07,0,0,0,1.28823e+08
86.1575,110.357,1.82672,0,0.02,3.34001,3.34001,0,0.625917,6.89472,4.14971e+06,2.70226e+06,1.38601e+07,0,0,0,5.05463e+08,61.1867,61.3098,1.6814,0,1,1.58768,1.58768,0,1.22664,2.54016,8.62394e+06,3.61194e+06,1.36921e+07,0,0,0,1.28823e+08
84.4724,110.357,1.71175,0,0.02,3.34001,3.34001,0,0.625918,6.89472,4.14971e+06,2.70226e+06,1.38601e+07,0,0,0,5.05463e+08,60.6224,61.3098,1.61631,0,1,1.58768,1.58768,0,1.22664,2.54016,8.62394e+06,3.61194e+06,1.36921e+07,0,0,0,1.28823e+08
82.6709,110.357,1.5471,0,0.02,3.34002,3.34002,0,0.625918,6.89472,4.14971e+06,2.70226e+06,1.38601e+07,0,0,0,5.05463e+08,60.1749,61.3098,1.52628,0,1,1.58769,1.58769,0,1.22664,2.54016,8.62394e+06,3.61194e+06,1.36921e+07,0,0,0,1.28823e+08
81.0334,110.357,1.77931,0,0.02,3.41797,3.41797,0,0.625919,6.89472,4.14971e+06,2.70226e+06,1.41836e+07,0,0,0,5.05463e+08,59.8983,61.3098,1.86832,0,1,1.62648,1.62648,0,1.22665,2.54016,8.62394e+06,3.61194e+06,1.40267e+07,0,0,0,1.28823e+08
79.2739,110.357,1.6283,0,0.02,3.41797,3.41797,0,0.640527,6.89472,4.14971e+06,2.70226e+06,1.41836e+07,0,0,0,5.05463e+08,59.3699,61.3098,1.8229,0,1,1.62649,1.62649,0,1.25662,2.54016,8.62394e+06,3.61194e+06,1.40267e+07,0,0,0,1.28823e+08
77.3968,110.357,1.49375,0,0.02,3.41798,3.41798,0,0.640528,6.89472,4.14971e+06,2.70226e+06,1.41836e+07,0,0,0,5.05463e+08,58.9994,61.3098,1.60339,0,1,1.62649,1.62649,0,1.25662,2.54016,8.62394e+06,3.61194e+06,1.40267e+07,0,0,0,1.28823e+08
75.6236,110.357,1.57248,0,0.02,3.41798,3.41798,0,0.640529,6.89472,4.14971e+06,2.70226e+06,1.41836e+07,0,0,0,5.05463e+08,58.1959,61.3098,1.89362,0,1,1.62649,1.62649,0,1.25662,2.54016,8.62394e+06,3.61194e+06,1.40267e+07,0,0,0,1.28823e+08
73.3891,110.357,1.28229,0,0.02,3.64626,3.64626,0,0.640529,6.89472,4.14971e+06,2.70226e+06,1.51309e+07,0,0,0,5.05463e+08,57.3379,61.3098,1.24678,0,1,1.76652,1.76652,0,1.25663,2.54016,8.62394e+06,3.61194e+06,1.52344e+07,0,0,0,1.28823e+08
71.3225,110.357,1.44222,0,0.02,3.64626,3.64626,0,0.683308,6.89472,4.14971e+06,2.70226e+06,1.51309e+07,0,0,0,5.05463e+08,56.3753,61.3098,1.55113,0,1,1.76653,1.76653,0,1.36482,2.54016,8.62394e+06,3.61194e+06,1.52344e+07,0,0,0,1.28823e+08
68.989,110.357,1.15807,0,0.02,3.64626,3.64626,0,0.683309,6.89472,4.14971e+06,2.70226e+06,1.51309e+07,0,0,0,5.05463e+08,55.7326,61.3098,1.12024,0,1,1.76653,1.76653,0,1.36482,2.54016,8.62394e+06,3.61194e+06,1.52344e+07,0,0,0,1.28823e+08
66.9362,110.357,1.40624,0,0.02,3.64627,3.64627,0,0.68331,6.89472,4.14971e+06,2.70226e+06,1.51309e+07,0,0,0,5.05463e+08,55.1625,61.3098,1.93989,0,1,1.76653,1.76653,0,1.36482,2.54016,8.62394e+06,3.61194e+06,1.52344e+07,0,0,0,1.28823e+08
65.2912,110.357,1.78986,0,0.02,3.64627,3.64627,0,0.68331,6.89472,4.14971e+06,2.70226e+06,1.5131e+07,0,0,0,5.05463e+08,54.4392,61.3098,1.52383,0,1,1.76653,1.76653,0,1.36482,2.54016,8.62394e+06,3.61194e+06,1.52345e+07,0,0,0,1.28823e+08
63.8101,110.357,1.91465,0,0.02,3.53502,3.53502,0,0.683311,6.89472,4.14971e+06,2.70226e+06,1.46693e+07,0,0,0,5.05463e+08,54.1502,61.3098,1.59825,0,1,1.68154,1.68154,0,1.36482,2.54016,8.62394e+06,3.61194e+06,1.45015e+07,0,0,0,1.28823e+08
62.5498,110.357,2.1647,0,0.02,3.53503,3.53503,0,0.662463,6.89472,4.14971e+06,2.70226e+06,1.46693e+07,0,0,0,5.05463e+08,54.1151,61.3098,2.23052,0,1,1.68154,1.68154,0,1.29916,2.54016,8.62394e+06,3.61194e+06,1.45015e+07,0,0,0,1.28823e+08
61.2061,110.357,2.09086,0,0.02,3.53503,3.53503,0,0.662464,6.89472,4.14971e+06,2.70226e+06,1.46693e+07,0,0,0,5.05463e+08,54.1505,61.3098,2.12717,0,1,1.68154,1.68154,0,1.29916,2.54016,8.62394e+06,3.61194e+06,1.45015e+07,0,0,0,1.28823e+08
59.703,110.357,1.92677,0,0.02,3.53503,3.53503,0,0.662465,6.89472,4.14971e+06,2.70226e+06,1.46694e+07,0,0,0,5.05463e+08,54.0035,61.3098,2.26474,0,1,1.68154,1.68154,0,1.29916,2.54016,8.62394e+06,3.61194e+06,1.45015e+07,0,0,0,1.28823e+08
57.8154,110.357,1.41092,0,0.02,3.44372,3.44372,0,0.662465,6.89472,4.14971e+06,2.70226e+06,1.42904e+07,0,0,0,5.05463e+08,53.5083,61.3098,1.76806,0,1,1.60418,1.60418,0,1.29916,2.54016,8.62394e+06,3.61194e+06,1.38343e+07,0,0,0,1.28823e+08
55.9774,110.357,1.50052,0,0.02,3.44372,3.44372,0,0.645353,6.89472,4.14971e+06,2.70226e+06,1.42904e+07,0,0,0,5.05463e+08,53.2872,61.3098,1.30044,0,1,1.60418,1.60418,0,1.23939,2.54016,8.62394e+06,3.61194e+06,1.38343e+07,0,0,0,1.28823e+08
54.4034,110.357,1.75115,0,0.02,3.44373,3.44373,0,0.645354,6.89472,4.14971e+06,2.70226e+06,1.42905e+07,0,0,0,5.05463e+08,53.5879,61.3098,2.81696,0,1,1.60418,1.60418,0,1.23939,2.54016,8.62394e+06,3.61194e+06,1.38344e+07,0,0,0,1.28823e+08
55.5908,110.357,4.70364,0,0.02,3.44373,3.44373,0,0.645354,6.89472,4.14971e+06,2.70226e+06,1.42905e+07,0,0,0,5.05463e+08,55.4279,61.3098,5.88472,0,1,1.60418,1.60418,0,1.23939,2.54016,8.62394e+06,3.61194e+06,1.38344e+07,0,0,0,1.28823e+08
54.8615,110.357,2.4958,0,0.02,3.18438,3.18438,0,0.645355,6.89472,4.14971e+06,2.70226e+06,1.32143e+07,0,0,0,5.05463e+08,56.011,61.3098,2.8776,0,1,1.44305,1.44305,0,1.23939,2.54016,8.62394e+06,3.61194e+06,1.24448e+07,0,0,0,1.28823e+08
57.9291,110.357,6.4563,0,0.02,3.18438,3.18438,0,0.596753,6.89472,4.14971e+06,2.70226e+06,1.32143e+07,0,0,0,5.05463e+08,58.0801,61.3098,5.95111,0,1,1.44305,1.44305,0,1.1149,2.54016,8.62394e+06,3.61194e+06,1.24448e+07,0,0,0,1.28823e+08
61.765,110.357,7.49119,0,0.02,3.18439,3.18439,0,0.596754,6.89472,4.14971e+06,2.70226e+06,1.32143e+07,0,0,0,5.05463e+08,59.3386,61.3098,4.2903,0,1,1.44305,1.44305,0,1.1149,2.54016,8.62394e+06,3.61194e+06,1.24448e+07,0,0,0,1.28823e+08
62.8312,110.357,4.52322,0,0.02,3.18439,3.18439,0,0.596754,6.89472,4.14971e+06,2.70226e+06,1.32143e+07,0,0,0,5.05463e+08,60.495,61.3098,4.11631,0,1,1.44305,1.44305,0,1.1149,2.54016,8.62394e+06,3.61194e+06,1.24448e+07,0,0,0,1.28823e+08
63.5398,110.357,4.1229,0,0.02,3.18439,3.18439,0,0.596755,6.89472,4.14971e+06,2.70226e+06,1.32143e+07,0,0,0,5.05463e+08,61.3772,61.3098,3.66794,0,1,1.44306,1.44306,0,1.1149,2.54016,8.62394e+06,3.61194e+06,1.24448e+07,0,0,0,1.28823e+08
69.0602,110.357,9.13464,0,0.02,3.28415,3.28415,0,0.596756,6.89472,4.14971e+06,2.70226e+06,1.36283e+07,0,0,0,5.05463e+08,62.338,61.3098,5.81264,0,1,1.48971,1.48971,0,1.1149,2.54016,8.62394e+06,3.61194e+06,1.28472e+07,0,0,0,1.28823e+08
71.8806,110.357,6.50362,0,0.02,3.28413,3.28413,0,0.615449,6.89472,4.14971e+06,2.70226e+06,1.36282e+07,0,0,0,5.05463e+08,62.338,61.3098,4.54308,0,1,1.4897,1.4897,0,1.15095,2.54016,8.62394e+06,3.61194e+06,1.28471e+07,0,0,0,1.28823e+08
79.3282,110.357,11.5439,0,0.02,3.28411,3.28411,0,0.615446,6.89472,4.14971e+06,2.70226e+06,1.36281e+07,0,0,0,5.05463e+08,62.338,61.3098,11.0485,0,1,1.4897,1.4897,0,1.15095,2.54016,8.62394e+06,3.61194e+06,1.2847e+07,0,0,0,1.28823e+08
83.3243,110.357,8.28013,0,0.02,3.28409,3.28409,0,0.615442,6.89472,4.14971e+06,2.70226e+06,1.3628e+07,0,0,0,5.05463e+08,62.338,61.3098,8.04859,0,1,1.48969,1.48969,0,1.15094,2.54016,8.62394e+06,3.61194e+06,1.2847e+07,0,0,0,1.28823e+08
97.5997,110.357,18.8595,0,0.02,3.60439,3.60439,0,0.615439,6.89472,4.14971e+06,2.70226e+06,1.49572e+07,0,0,0,5.05463e+08,62.338,61.3098,11.6513,0,1,1.66483,1.66483,0,1.15093,2.54016,8.62394e+06,3.61194e+06,1.43574e+07,0,0,0,1.28823e+08
101.255,110.357,9.00175,0,0.02,3.60437,3.60437,0,0.675463,6.89472,4.14971e+06,2.70226e+06,1.49571e+07,0,0,0,5.05463e+08,62.338,61.3098,6.31284,0,1,1.66482,1.66482,0,1.28625,2.54016,8.62394e+06,3.61194e+06,1.43573e+07,0,0,0,1.28823e+08
102.928,110.357,6.31995,0,0.02,3.60435,3.60435,0,0.675459,6.89472,4.14971e+06,2.70226e+06,1.4957e+07,0,0,0,5.05463e+08,62.338,61.3098,5.2098,0,1,1.66481,1.66481,0,1.28624,2.54016,8.62394e+06,3.61194e+06,1.43573e+07,0,0,0,1.28823e+08
104.295,110.357,6.01017,0,0.02,3.60433,3.60433,0,0.675456,6.89472,4.14971e+06,2.70226e+06,1.49569e+07,0,0,0,5.05463e+08,62.338,61.3098,7.46017,0,1,1.6648,1.6648,0,1.28624,2.54016,8.62394e+06,3.61194e+06,1.43572e+07,0,0,0,1.28823e+08
106.203,110.357,6.0166,0,0.02,3.14744,3.14744,0,0.675452,6.89472,4.14971e+06,2.70226e+06,1.3061e+07,0,0,0,5.05463e+08,62.338,61.3098,3.51612,0,1,1.42974,1.42974,0,1.28623,2.54016,8.62394e+06,3.61194e+06,1.233e+07,0,0,0,1.28823e+08
106.219,110.357,3.99262,0,0.02,3.14742,3.14742,0,0.589831,6.89472,4.14971e+06,2.70226e+06,1.30609e+07,0,0,0,5.05463e+08,62.338,61.3098,3.21977,0,1,1.42973,1.42973,0,1.10462,2.54016,8.62394e+06,3.61194e+06,1.23299e+07,0,0,0,1.28823e+08
107.522,110.357,5.47491,0,0.02,3.14741,3.14741,0,0.589827,6.89472,4.14971e+06,2.70226e+06,1.30608e+07,0,0,0,5.05463e+08,62.338,61.3098,5.45088,0,1,1.42972,1.42972,0,1.10461,2.54016,8.62394e+06,3.61194e+06,1.23299e+07,0,0,0,1.28823e+08
108.818,110.357,5.25644,0,0.02,3.14739,3.14739,0,0.589824,6.89472,4.14971e+06,2.70226e+06,1.30607e+07,0,0,0,5.05463e+08,62.338,61.3098,4.55615,0,1,1.42972,1.42972,0,1.10461,2.54016,8.62394e+06,3.61194e+06,1.23298e+07,0,0,0,1.28823e+08
110.357,110.357,6.86148,0,0.02,3.14737,3.14737,0,0.58982,6.89472,4.14971e+06,2.70226e+06,1.30607e+07,0,0,0,5.05463e+08,62.338,61.3098,5.3253,0,1,1.42971,1.42971,0,1.1046,2.54016,8.62394e+06,3.61194e+06,1.23297e+07,0,0,0,1.28823e+08
110.357,110.357,6.99434,0,0.02,3.26235,3.26235,0,0.589817,6.89472,4.14971e+06,2.70226e+06,1.35378e+07,0,0,0,5.05463e+08,62.338,61.3098,5.04615,0,1,1.4872,1.4872,0,1.10459,2.54016,8.62394e+06,3.61194e+06,1.28255e+07,0,0,0,1.28823e+08
110.357,110.357,5.21475,0,0.02,3.26233,3.26233,0,0.611364,6.89472,4.14971e+06,2.70226e+06,1.35377e+07,0,0,0,5.05463e+08,62.338,61.3098,4.61962,0,1,1.48719,1.48719,0,1.14901,2.54016,8.62394e+06,3.61194e+06,1.28255e+07,0,0,0,1.28823e+08
110.357,110.357,4.39606,0,0.02,3.26231,3.26231,0,0.611361,6.89472,4.14971e+06,2.70226e+06,1.35376e+07,0,0,0,5.05463e+08,62.338,61.3098,3.5291,0,1,1.48718,1.48718,0,1.149,2.54016,8.62394e+06,3.61194e+06,1.28254e+07,0,0,0,1.28823e+08
110.357,110.357,4.07257,0,0.02,3.26229,3.26229,0,0.611357,6.89472,4.14971e+06,2.70226e+06,1.35376e+07,0,0,0,5.05463e+08,62.338,61.3098,3.68475,0,1,1.48718,1.48718,0,1.149,2.54016,8.62394e+06,3.61194e+06,1.28253e+07,0,0,0,1.28823e+08
110.357,110.357,3.88698,0,0.02,3.21731,3.21731,0,0.611354,6.89472,4.14971e+06,2.70226e+06,1.33509e+07,0,0,0,5.05463e+08,62.338,61.3098,3.5466,0,1,1.46483,1.46483,0,1.14899,2.54016,8.62394e+06,3.61194e+06,1.26326e+07,0,0,0,1.28823e+08
109.984,110.357,3.44024,0,0.02,3.21729,3.21729,0,0.602924,6.89472,4.14971e+06,2.70226e+06,1.33508e+07,0,0,0,5.05463e+08,62.338,61.3098,3.12506,0,1,1.46483,1.46483,0,1.13173,2.54016,8.62394e+06,3.61194e+06,1.26326e+07,0,0,0,1.28823e+08
109.346,110.357,3.13423,0,0.02,3.21727,3.21727,0,0.602921,6.89472,4.14971e+06,2.70226e+06,1.33507e+07,0,0,0,5.05463e+08,62.338,61.3098,2.85375,0,1,1.46482,1.46482,0,1.13172,2.54016,8.62394e+06,3.61194e+06,1.26325e+07,0,0,0,1.28823e+08
108.543,110.357,2.91845,0,0.02,3.21726,3.21726,0,0.602917,6.89472,4.14971e+06,2.70226e+06,1.33507e+07,0,0,0,5.05463e+08,62.338,61.3098,2.79288,0,1,1.46481,1.46481,0,1.13172,2.54016,8.62394e+06,3.61194e+06,1.26324e+07,0,0,0,1.28823e+08
107.638,110.357,2.92159,0,0.02,3.36985,3.36985,0,0.602914,6.89472,4.14971e+06,2.70226e+06,1.39839e+07,0,0,0,5.05463e+08,62.338,61.3098,2.70469,0,1,1.544,1.544,0,1.13171,2.54016,8.62394e+06,3.61194e+06,1.33153e+07,0,0,0,1.28823e+08
106.518,110.357,2.61339,0,0.02,3.36983,3.36983,0,0.631511,6.89472,4.14971e+06,2.70226e+06,1.39838e+07,0,0,0,5.05463e+08,62.338,61.3098,2.45969,0,1,1.54399,1.54399,0,1.19289,2.54016,8.62394e+06,3.61194e+06,1.33152e+07,0,0,0,1.28823e+08
105.284,110.357,2.4532,0,0.02,3.36982,3.36982,0,0.631507,6.89472,4.14971e+06,2.70226e+06,1.39837e+07,0,0,0,5.05463e+08,62.338,61.3098,2.49975,0,1,1.54398,1.54398,0,1.19288,2.54016,8.62394e+06,3.61194e+06,1.33152e+07,0,0,0,1.28823e+08
103.966,110.357,2.35451,0,0.02,3.3698,3.3698,0,0.631503,6.89472,4.14971e+06,2.70226e+06,1.39837e+07,0,0,0,5.05463e+08,62.338,61.3098,2.43747,0,1,1.54397,1.54397,0,1.19288,2.54016,8.62394e+06,3.61194e+06,1.33151e+07,0,0,0,1.28823e+08
103.249,110.357,2.94438,0,0.02,3.36978,3.36978,0,0.6315,6.89472,4.14971e+06,2.70226e+06,1.39836e+07,0,0,0,5.05463e+08,62.338,61.3098,2.98944,0,1,1.54396,1.54396,0,1.19287,2.54016,8.62394e+06,3.61194e+06,1.3315e+07,0,0,0,1.28823e+08
102.738,110.357,3.12241,0,0.02,3.33958,3.33958,0,0.631496,6.89472,4.14971e+06,2.70226e+06,1.38583e+07,0,0,0,5.05463e+08,62.338,61.3098,3.08545,0,1,1.58748,1.58748,0,1.19286,2.54016,8.62394e+06,3.61194e+06,1.36903e+07,0,0,0,1.28823e+08
101.992,110.357,2.88067,0,0.02,3.33956,3.33956,0,0.625837,6.89472,4.14971e+06,2.70226e+06,1.38582e+07,0,0,0,5.05463e+08,62.338,61.3098,3.05348,0,1,1.58747,1.58747,0,1.22648,2.54016,8.62394e+06,3.61194e+06,1.36902e+07,0,0,0,1.28823e+08
101.006,110.357,2.63056,0,0.02,3.33954,3.33954,0,0.625833,6.89472,4.14971e+06,2.70226e+06,1.38581e+07,0,0,0,5.05463e+08,62.338,61.3098,2.72196,0,1,1.58746,1.58746,0,1.22648,2.54016,8.62394e+06,3.61194e+06,1.36901e+07,0,0,0,1.28823e+08
99.7901,110.357,2.35183,0,0.02,3.33952,3.33952,0,0.625829,6.89472,4.14971e+06,2.70226e+06,1.3858e+07,0,0,0,5.05463e+08,62.338,61.3098,2.41652,0,1,1.58745,1.58745,0,1.22647,2.54016,8.62394e+06,3.61194e+06,1.36901e+07,0,0,0,1.28823e+08
98.6011,110.357,2.43578,0,0.02,3.41744,3.41744,0,0.625826,6.89472,4.14971e+06,2.70226e+06,1.41814e+07,0,0,0,5.05463e+08,62.338,61.3098,2.35423,0,1,1.62623,1.62623,0,1.22646,2.54016,8.62394e+06,3.61194e+06,1.40245e+07,0,0,0,1.28823e+08
97.2612,110.357,2.25556,0,0.02,3.41742,3.41742,0,0.640428,6.89472,4.14971e+06,2.70226e+06,1.41813e+07,0,0,0,5.05463e+08,62.2637,61.3098,2.33797,0,1,1.62622,1.62622,0,1.25643,2.54016,8.62394e+06,3.61194e+06,1.40244e+07,0,0,0,1.28823e+08
95.7685,110.357,2.08968,0,0.02,3.4174,3.4174,0,0.640424,6.89472,4.14971e+06,2.70226e+06,1.41812e+07,0,0,0,5.05463e+08,62.1285,61.3098,2.09469,0,1,1.62621,1.62621,0,1.25642,2.54016,8.62394e+06,3.61194e+06,1.40244e+07,0,0,0,1.28823e+08
94.3358,110.357,2.12759,0,0.02,3.41738,3.41738,0,0.64042,6.89472,4.14971e+06,2.70226e+06,1.41811e+07,0,0,0,5.05463e+08,62.0772,61.3098,2.35832,0,1,1.6262,1.6262,0,1.25641,2.54016,8.62394e+06,3.61194e+06,1.40243e+07,0,0,0,1.28823e+08
92.1767,110.357,1.58748,0,0.02,3.64559,3.64559,0,0.640417,6.89472,4.14971e+06,2.70226e+06,1.51281e+07,0,0,0,5.05463e+08,61.8376,61.3098,2.16597,0,1,1.7662,1.7662,0,1.2564,2.54016,8.62394e+06,3.61194e+06,1.52316e+07,0,0,0,1.28823e+08
89.9011,110.357,1.45416,0,0.02,3.64557,3.64557,0,0.683183,6.89472,4.14971e+06,2.70226e+06,1.5128e+07,0,0,0,5.05463e+08,61.5316,61.3098,2.00218,0,1,1.76619,1.76619,0,1.36457,2.54016,8.62394e+06,3.61194e+06,1.52315e+07,0,0,0,1.28823e+08
88.2579,110.357,2.08346,0,0.02,3.64555,3.64555,0,0.68318,6.89472,4.14971e+06,2.70226e+06,1.5128e+07,0,0,0,5.05463e+08,61.3241,61.3098,2.3392,0,1,1.76618,1.76618,0,1.36456,2.54016,8.62394e+06,3.61194e+06,1.52314e+07,0,0,0,1.28823e+08
87.4561,110.357,3.02307,0,0.02,3.64553,3.64553,0,0.683176,6.89472,4.14971e+06,2.70226e+06,1.51279e+07,0,0,0,5.05463e+08,61.371,61.3098,2.71679,0,1,1.76617,1.76617,0,1.36455,2.54016,8.62394e+06,3.61194e+06,1.52314e+07,0,0,0,1.28823e+08
86.386,110.357,2.75851,0,0.02,3.64551,3.64551,0,0.683172,6.89472,4.14971e+06,2.70226e+06,1.51278e+07,0,0,0,5.05463e+08,61.3422,61.3098,2.62968,0,1,1.76616,1.76616,0,1.36454,2.54016,8.62394e+06,3.61194e+06,1.52313e+07,0,0,0,1.28823e+08
86.0287,110.357,3.34373,0,0.02,3.53426,3.53426,0,0.683168,6.89472,4.14971e+06,2.70226e+06,1.46661e+07,0,0,0,5.05463e+08,61.4242,61.3098,2.85534,0,1,1.68117,1.68117,0,1.36454,2.54016,8.62394e+06,3.61194e+06,1.44983e+07,0,0,0,1.28823e+08
85.1333,110.357,2.79245,0,0.02,3.53424,3.53424,0,0.66232,6.89472,4.14971e+06,2.70226e+06,1.4666e+07,0,0,0,5.05463e+08,61.9194,61.3098,4.68153,0,1,1.68116,1.68116,0,1.29887,2.54016,8.62394e+06,3.61194e+06,1.44983e+07,0,0,0,1.28823e+08
83.8903,110.357,2.38673,0,0.02,3.53422,3.53422,0,0.662316,6.89472,4.14971e+06,2.70226e+06,1.4666e+07,0,0,0,5.05463e+08,61.7667,61.3098,2.49467,0,1,1.68115,1.68115,0,1.29887,2.54016,8.62394e+06,3.61194e+06,1.44982e+07,0,0,0,1.28823e+08
82.7105,110.357,2.45433,0,0.02,3.5342,3.5342,0,0.662312,6.89472,4.14971e+06,2.70226e+06,1.46659e+07,0,0,0,5.05463e+08,61.6451,61.3098,2.62248,0,1,1.68114,1.68114,0,1.29886,2.54016,8.62394e+06,3.61194e+06,1.44981e+07,0,0,0,1.28823e+08
81.6661,110.357,2.49759,0,0.02,3.44288,3.44288,0,0.662308,6.89472,4.14971e+06,2.70226e+06,1.42869e+07,0,0,0,5.05463e+08,61.7933,61.3098,3.4713,0,1,1.60379,1.60379,0,1.29885,2.54016,8.62394e+06,3.61194e+06,1.3831e+07,0,0,0,1.28823e+08
81.5832,110.357,3.60673,0,0.02,3.44286,3.44286,0,0.645196,6.89472,4.14971e+06,2.70226e+06,1.42869e+07,0,0,0,5.05463e+08,62.338,61.3098,4.61765,0,1,1.60378,1.60378,0,1.23909,2.54016,8.62394e+06,3.61194e+06,1.38309e+07,0,0,0,1.28823e+08
84.859,110.357,7.08764,0,0.02,3.44284,3.44284,0,0.645192,6.89472,4.14971e+06,2.70226e+06,1.42868e+07,0,0,0,5.05463e+08,62.338,61.3098,6.70218,0,1,1.60377,1.60377,0,1.23908,2.54016,8.62394e+06,3.61194e+06,1.38308e+07,0,0,0,1.28823e+08
87.5212,110.357,6.58816,0,0.02,3.44282,3.44282,0,0.645188,6.89472,4.14971e+06,2.70226e+06,1.42867e+07,0,0,0,5.05463e+08,62.338,61.3098,6.49497,0,1,1.60376,1.60376,0,1.23907,2.54016,8.62394e+06,3.61194e+06,1.38307e+07,0,0,0,1.28823e+08
93.6065,110.357,10.0348,0,0.02,3.18352,3.18352,0,0.645185,6.89472,4.14971e+06,2.70226e+06,1.32107e+07,0,0,0,5.05463e+08,62.338,61.3098,9.47281,0,1,1.44266,1.44266,0,1.23906,2.54016,8.62394e+06,3.61194e+06,1.24414e+07,0,0,0,1.28823e+08
97.2256,110.357,7.52185,0,0.02,3.1835,3.1835,0,0.596591,6.89472,4.14971e+06,2.70226e+06,1.32106e+07,0,0,0,5.05463e+08,62.338,61.3098,7.07356,0,1,1.44265,1.44265,0,1.1146,2.54016,8.62394e+06,3.61194e+06,1.24413e+07,0,0,0,1.28823e+08
100.3,110.357,7.11164,0,0.02,3.18348,3.18348,0,0.596588,6.89472,4.14971e+06,2.70226e+06,1.32105e+07,0,0,0,5.05463e+08,62.338,61.3098,10.2374,0,1,1.44264,1.44264,0,1.11459,2.54016,8.62394e+06,3.61194e+06,1.24413e+07,0,0,0,1.28823e+08
108.743,110.357,12.7443,0,0.02,3.18346,3.18346,0,0.596585,6.89472,4.14971e+06,2.70226e+06,1.32104e+07,0,0,0,5.05463e+08,62.338,61.3098,14.3471,0,1,1.44263,1.44263,0,1.11458,2.54016,8.62394e+06,3.61194e+06,1.24412e+07,0,0,0,1.28823e+08
110.357,110.357,8.2259,0,0.02,3.18345,3.18345,0,0.596581,6.89472,4.14971e+06,2.70226e+06,1.32104e+07,0,0,0,5.05463e+08,62.338,61.3098,7.77714,0,1,1.44263,1.44263,0,1.11458,2.54016,8.62394e+06,3.61194e+06,1.24411e+07,0,0,0,1.28823e+08
110.357,110.357,7.18865,0,0.02,3.28315,3.28315,0,0.596578,6.89472,4.14971e+06,2.70226e+06,1.36241e+07,0,0,0,5.05463e+08,62.338,61.3098,4.2014,0,1,1.48926,1.48926,0,1.11457,2.54016,8.62394e+06,3.61194e+06,1.28433e+07,0,0,0,1.28823e+08
110.357,110.357,4.92155,0,0.02,3.28311,3.28311,0,0.615262,6.89472,4.14971e+06,2.70226e+06,1.36239e+07,0,0,0,5.05463e+08,62.338,61.3098,2.95594,0,1,1.48924,1.48924,0,1.1506,2.54016,8.62394e+06,3.61194e+06,1.28431e+07,0,0,0,1.28823e+08
110.357,110.357,4.62838,0,0.02,3.28307,3.28307,0,0.615254,6.89472,4.14971e+06,2.70226e+06,1.36238e+07,0,0,0,5.05463e+08,61.8358,61.3098,2.90167,0,1,1.48922,1.48922,0,1.15059,2.54016,8.62394e+06,3.61194e+06,1.2843e+07,0,0,0,1.28823e+08
110.061,110.357,3.72676,0,0.02,3.28302,3.28302,0,0.615246,6.89472,4.14971e+06,2.70226e+06,1.36236e+07,0,0,0,5.05463e+08,62.0123,61.3098,1.86461,0,1,1.4892,1.4892,0,1.15057,2.54016,8.62394e+06,3.61194e+06,1.28428e+07,0,0,0,1.28823e+08
110.357,110.357,5.06723,0,0.02,3.6032,3.6032,0,0.615239,6.89472,4.14971e+06,2.70226e+06,1.49522e+07,0,0,0,5.05463e+08,62.338,61.3098,3.73404,0,1,1.66428,1.66428,0,1.15056,2.54016,8.62394e+06,3.61194e+06,1.43527e+07,0,0,0,1.28823e+08
110.357,110.357,4.4149,0,0.02,3.60315,3.60315,0,0.675239,6.89472,4.14971e+06,2.70226e+06,1.4952e+07,0,0,0,5.05463e+08,62.338,61.3098,3.84367,0,1,1.66426,1.66426,0,1.28582,2.54016,8.62394e+06,3.61194e+06,1.43525e+07,0,0,0,1.28823e+08
110.357,110.357,4.98094,0,0.02,3.60311,3.60311,0,0.675231,6.89472,4.14971e+06,2.70226e+06,1.49518e+07,0,0,0,5.05463e+08,62.338,61.3098,4.07773,0,1,1.66424,1.66424,0,1.28581,2.54016,8.62394e+06,3.61194e+06,1.43523e+07,0,0,0,1.28823e+08
110.357,110.357,4.88933,0,0.02,3.60306,3.60306,0,0.675222,6.89472,4.14971e+06,2.70226e+06,1.49517e+07,0,0,0,5.05463e+08,62.338,61.3098,4.49703,0,1,1.66422,1.66422,0,1.28579,2.54016,8.62394e+06,3.61194e+06,1.43521e+07,0,0,0,1.28823e+08
110.357,110.357,4.85856,0,0.02,3.14631,3.14631,0,0.675214,6.89472,4.14971e+06,2.70226e+06,1.30563e+07,0,0,0,5.05463e+08,62.338,61.3098,3.36851,0,1,1.42923,1.42923,0,1.28578,2.54016,8.62394e+06,3.61194e+06,1.23256e+07,0,0,0,1.28823e+08
110.357,110.357,5.04497,0,0.02,3.14627,3.14627,0,0.589619,6.89472,4.14971e+06,2.70226e+06,1.30561e+07,0,0,0,5.05463e+08,62.338,61.3098,4.18229,0,1,1.42921,1.42921,0,1.10422,2.54016,8.62394e+06,3.61194e+06,1.23254e+07,0,0,0,1.28823e+08
110.357,110.357,6.32436,0,0.02,3.14623,3.14623,0,0.589612,6.89472,4.14971e+06,2.70226e+06,1.3056e+07,0,0,0,5.05463e+08,62.338,61.3098,4.99011,0,1,1.42919,1.42919,0,1.10421,2.54016,8.62394e+06,3.61194e+06,1.23253e+07,0,0,0,1.28823e+08
110.357,110.357,6.79985,0,0.02,3.14619,3.14619,0,0.589604,6.89472,4.14971e+06,2.70226e+06,1.30558e+07,0,0,0,5.05463e+08,62.338,61.3098,7.81136,0,1,1.42917,1.42917,0,1.10419,2.54016,8.62394e+06,3.61194e+06,1.23251e+07,0,0,0,1.28823e+08
110.357,110.357,6.05183,0,0.02,3.14616,3.14616,0,0.589597,6.89472,4.14971e+06,2.70226e+06,1.30556e+07,0,0,0,5.05463e+08,62.338,61.3098,4.78446,0,1,1.42916,1.42916,0,1.10418,2.54016,8.62394e+06,3.61194e+06,1.2325e+07,0,0,0,1.28823e+08
110.357,110.357,4.49391,0,0.02,3.26107,3.26107,0,0.58959,6.89472,4.14971e+06,2.70226e+06,1.35325e+07,0,0,0,5.05463e+08,62.338,61.3098,4.16204,0,1,1.48662,1.48662,0,1.10417,2.54016,8.62394e+06,3.61194e+06,1.28205e+07,0,0,0,1.28823e+08
109.969,110.357,3.69306,0,0.02,3.26103,3.26103,0,0.611124,6.89472,4.14971e+06,2.70226e+06,1.35323e+07,0,0,0,5.05463e+08,62.338,61.3098,4.41653,0,1,1.4866,1.4866,0,1.14856,2.54016,8.62394e+06,3.61194e+06,1.28203e+07,0,0,0,1.28823e+08
109.341,110.357,3.42647,0,0.02,3.26099,3.26099,0,0.611117,6.89472,4.14971e+06,2.70226e+06,1.35321e+07,0,0,0,5.05463e+08,62.338,61.3098,4.69776,0,1,1.48658,1.48658,0,1.14855,2.54016,8.62394e+06,3.61194e+06,1.28202e+07,0,0,0,1.28823e+08
108.408,110.357,3.05746,0,0.02,3.26095,3.26095,0,0.611109,6.89472,4.14971e+06,2.70226e+06,1.3532e+07,0,0,0,5.05463e+08,62.338,61.3098,4.9795,0,1,1.48656,1.48656,0,1.14853,2.54016,8.62394e+06,3.61194e+06,1.282e+07,0,0,0,1.28823e+08
107.192,110.357,2.66617,0,0.02,3.21596,3.21596,0,0.611101,6.89472,4.14971e+06,2.70226e+06,1.33453e+07,0,0,0,5.05463e+08,62.338,61.3098,3.07681,0,1,1.46422,1.46422,0,1.14852,2.54016,8.62394e+06,3.61194e+06,1.26273e+07,0,0,0,1.28823e+08
107.134,110.357,3.84484,0,0.02,3.21592,3.21592,0,0.602671,6.89472,4.14971e+06,2.70226e+06,1.33451e+07,0,0,0,5.05463e+08,62.338,61.3098,3.49277,0,1,1.4642,1.4642,0,1.13126,2.54016,8.62394e+06,3.61194e+06,1.26272e+07,0,0,0,1.28823e+08
106.214,110.357,2.91321,0,0.02,3.21588,3.21588,0,0.602664,6.89472,4.14971e+06,2.70226e+06,1.3345e+07,0,0,0,5.05463e+08,62.338,61.3098,3.16083,0,1,1.46418,1.46418,0,1.13124,2.54016,8.62394e+06,3.61194e+06,1.2627e+07,0,0,0,1.28823e+08
104.823,110.357,2.36716,0,0.02,3.21584,3.21584,0,0.602656,6.89472,4.14971e+06,2.70226e+06,1.33448e+07,0,0,0,5.05463e+08,62.338,61.3098,2.76658,0,1,1.46417,1.46417,0,1.13123,2.54016,8.62394e+06,3.61194e+06,1.26269e+07,0,0,0,1.28823e+08
103.377,110.357,2.37352,0,0.02,3.36835,3.36835,0,0.602649,6.89472,4.14971e+06,2.70226e+06,1.39777e+07,0,0,0,5.05463e+08,62.338,61.3098,2.6002,0,1,1.54331,1.54331,0,1.13121,2.54016,8.62394e+06,3.61194e+06,1.33094e+07,0,0,0,1.28823e+08
101.872,110.357,2.28231,0,0.02,3.36831,3.36831,0,0.631229,6.89472,4.14971e+06,2.70226e+06,1.39775e+07,0,0,0,5.05463e+08,62.338,61.3098,2.32486,0,1,1.54329,1.54329,0,1.19236,2.54016,8.62394e+06,3.61194e+06,1.33092e+07,0,0,0,1.28823e+08
100.235,110.357,2.0656,0,0.02,3.36827,3.36827,0,0.631221,6.89472,4.14971e+06,2.70226e+06,1.39773e+07,0,0,0,5.05463e+08,62.3373,61.3098,2.23874,0,1,1.54327,1.54327,0,1.19234,2.54016,8.62394e+06,3.61194e+06,1.3309e+07,0,0,0,1.28823e+08
98.5241,110.357,1.95466,0,0.02,3.36822,3.36822,0,0.631213,6.89472,4.14971e+06,2.70226e+06,1.39771e+07,0,0,0,5.05463e+08,62.0759,61.3098,2.10467,0,1,1.54325,1.54325,0,1.19233,2.54016,8.62394e+06,3.61194e+06,1.33089e+07,0,0,0,1.28823e+08
96.65,110.357,1.73916,0,0.02,3.36818,3.36818,0,0.631205,6.89472,4.14971e+06,2.70226e+06,1.3977e+07,0,0,0,5.05463e+08,61.5282,61.3098,1.71032,0,1,1.54323,1.54323,0,1.19231,2.54016,8.62394e+06,3.61194e+06,1.33087e+07,0,0,0,1.28823e+08
94.6521,110.357,1.54204,0,0.02,3.33797,3.33797,0,0.631197,6.89472,4.14971e+06,2.70226e+06,1.38516e+07,0,0,0,5.05463e+08,60.9167,61.3098,1.49958,0,1,1.58672,1.58672,0,1.1923,2.54016,8.62394e+06,3.61194e+06,1.36837e+07,0,0,0,1.28823e+08
92.6612,110.357,1.5312,0,0.02,3.33793,3.33793,0,0.625536,6.89472,4.14971e+06,2.70226e+06,1.38514e+07,0,0,0,5.05463e+08,60.3564,61.3098,1.56263,0,1,1.5867,1.5867,0,1.2259,2.54016,8.62394e+06,3.61194e+06,1.36836e+07,0,0,0,1.28823e+08
90.633,110.357,1.46841,0,0.02,3.33789,3.33789,0,0.625528,6.89472,4.14971e+06,2.70226e+06,1.38513e+07,0,0,0,5.05463e+08,59.5598,61.3098,1.55273,0,1,1.58668,1.58668,0,1.22588,2.54016,8.62394e+06,3.61194e+06,1.36834e+07,0,0,0,1.28823e+08
88.4609,110.357,1.2615,0,0.02,3.33785,3.33785,0,0.625521,6.89472,4.14971e+06,2.70226e+06,1.38511e+07,0,0,0,5.05463e+08,58.3399,61.3098,1.28989,0,1,1.58666,1.58666,0,1.22587,2.54016,8.62394e+06,3.61194e+06,1.36832e+07,0,0,0,1.28823e+08
86.1305,110.357,1.14452,0,0.02,3.4157,3.4157,0,0.625513,6.89472,4.14971e+06,2.70226e+06,1.41742e+07,0,0,0,5.05463e+08,57.0593,61.3098,0.877088,0,1,1.62541,1.62541,0,1.22585,2.54016,8.62394e+06,3.61194e+06,1.40174e+07,0,0,0,1.28823e+08
83.7602,110.357,1.08036,0,0.02,3.41566,3.41566,0,0.640103,6.89472,4.14971e+06,2.70226e+06,1.4174e+07,0,0,0,5.05463e+08,55.6947,61.3098,0.888091,0,1,1.62539,1.62539,0,1.25579,2.54016,8.62394e+06,3.61194e+06,1.40172e+07,0,0,0,1.28823e+08
81.3718,110.357,1.0109,0,0.02,3.41562,3.41562,0,0.640095,6.89472,4.14971e+06,2.70226e+06,1.41738e+07,0,0,0,5.05463e+08,54.3766,61.3098,0.815375,0,1,1.62537,1.62537,0,1.25577,2.54016,8.62394e+06,3.61194e+06,1.40171e+07,0,0,0,1.28823e+08
78.9877,110.357,0.993957,0,0.02,3.41558,3.41558,0,0.640087,6.89472,4.14971e+06,2.70226e+06,1.41736e+07,0,0,0,5.05463e+08,52.9541,61.3098,0.874741,0,1,1.62535,1.62535,0,1.25576,2.54016,8.62394e+06,3.61194e+06,1.40169e+07,0,0,0,1.28823e+08
76.5202,110.357,1.05586,0,0.02,3.64364,3.64364,0,0.640079,6.89472,4.14971e+06,2.70226e+06,1.51201e+07,0,0,0,5.05463e+08,51.4523,61.3098,0.737438,0,1,1.76526,1.76526,0,1.25574,2.54016,8.62394e+06,3.61194e+06,1.52235e+07,0,0,0,1.28823e+08
74.0049,110.357,0.988768,0,0.02,3.6436,3.6436,0,0.682819,6.89472,4.14971e+06,2.70226e+06,1.51199e+07,0,0,0,5.05463e+08,50.0423,61.3098,0.759856,0,1,1.76524,1.76524,0,1.36384,2.54016,8.62394e+06,3.61194e+06,1.52233e+07,0,0,0,1.28823e+08
71.4547,110.357,0.93327,0,0.02,3.64355,3.64355,0,0.68281,6.89472,4.14971e+06,2.70226e+06,1.51197e+07,0,0,0,5.05463e+08,48.6436,61.3098,0.852823,0,1,1.76521,1.76521,0,1.36382,2.54016,8.62394e+06,3.61194e+06,1.52231e+07,0,0,0,1.28823e+08
68.9002,110.357,0.901231,0,0.02,3.64351,3.64351,0,0.682802,6.89472,4.14971e+06,2.70226e+06,1.51195e+07,0,0,0,5.05463e+08,47.581,61.3098,0.841569,0,1,1.76519,1.76519,0,1.3638,2.54016,8.62394e+06,3.61194e+06,1.52229e+07,0,0,0,1.28823e+08
66.4697,110.357,1.00251,0,0.02,3.64346,3.64346,0,0.682793,6.89472,4.14971e+06,2.70226e+06,1.51193e+07,0,0,0,5.05463e+08,46.9022,61.3098,1.22131,0,1,1.76517,1.76517,0,1.36379,2.54016,8.62394e+06,3.61194e+06,1.52227e+07,0,0,0,1.28823e+08
64.3952,110.357,1.24782,0,0.02,3.53225,3.53225,0,0.682785,6.89472,4.14971e+06,2.70226e+06,1.46578e+07,0,0,0,5.05463e+08,46.3015,61.3098,1.75293,0,1,1.68022,1.68022,0,1.36377,2.54016,8.62394e+06,3.61194e+06,1.44901e+07,0,0,0,1.28823e+08
62.5526,110.357,1.49133,0,0.02,3.53221,3.53221,0,0.661944,6.89472,4.14971e+06,2.70226e+06,1.46576e+07,0,0,0,5.05463e+08,45.7391,61.3098,1.78094,0,1,1.6802,1.6802,0,1.29814,2.54016,8.62394e+06,3.61194e+06,1.44899e+07,0,0,0,1.28823e+08
61.4954,110.357,2.3149,0,0.02,3.53216,3.53216,0,0.661936,6.89472,4.14971e+06,2.70226e+06,1.46574e+07,0,0,0,5.05463e+08,45.4678,61.3098,3.08166,0,1,1.68018,1.68018,0,1.29812,2.54016,8.62394e+06,3.61194e+06,1.44897e+07,0,0,0,1.28823e+08
60.0862,110.357,2.013,0,0.02,3.53212,3.53212,0,0.661927,6.89472,4.14971e+06,2.70226e+06,1.46573e+07,0,0,0,5.05463e+08,45.0517,61.3098,2.43726,0,1,1.68016,1.68016,0,1.29811,2.54016,8.62394e+06,3.61194e+06,1.44896e+07,0,0,0,1.28823e+08
58.9258,110.357,2.19158,0,0.02,3.44083,3.44083,0,0.661919,6.89472,4.14971e+06,2.70226e+06,1.42785e+07,0,0,0,5.05463e+08,44.8961,61.3098,2.13334,0,1,1.60283,1.60283,0,1.29809,2.54016,8.62394e+06,3.61194e+06,1.38227e+07,0,0,0,1.28823e+08
58.8146,110.357,3.51141,0,0.02,3.44079,3.44079,0,0.644812,6.89472,4.14971e+06,2.70226e+06,1.42783e+07,0,0,0,5.05463e+08,45.1187,61.3098,3.92204,0,1,1.60281,1.60281,0,1.23835,2.54016,8.62394e+06,3.61194e+06,1.38226e+07,0,0,0,1.28823e+08
59.8579,110.357,4.52858,0,0.02,3.44075,3.44075,0,0.644804,6.89472,4.14971e+06,2.70226e+06,1.42781e+07,0,0,0,5.05463e+08,45.4361,61.3098,4.18497,0,1,1.60279,1.60279,0,1.23833,2.54016,8.62394e+06,3.61194e+06,1.38224e+07,0,0,0,1.28823e+08
