41,38,38,35,36,38,38,40,39,39,38,42,39,38,41,39,40,38,38,39,39,37,37,40,38,41,43,43,44,41,42,40,41,39,39,41,41,44,44,42,43,43,41,40,39,40,41,41,39,39
41,38,38,35,36,38,38,40,39,39,38,42,39,38,41,39,40,38,38,39,39,37,37,40,38,41,43,43,44,41,42,40,41,39,39,41,41,44,44,42,43,43,41,40,39,40,41,41,39,39
41,38,38,35,36,38,38,40,39,39,38,42,39,38,41,39,40,38,38,39,39,37,37,40,38,41,43,43,44,41,42,40,41,39,39,41,41,44,44,42,43,43,41,40,39,40,41,41,39,39
41,38,38,35,36,38,38,40,39,39,38,42,39,38,41,39,40,38,38,39,39,37,37,40,38,41,43,43,44,41,42,40,41,39,39,41,41,44,44,42,43,43,41,40,39,40,41,41,39,39
41,38,38,35,36,38,38,40,39,39,38,42,39,38,41,39,40,38,38,39,39,37,37,40,38,41,43,43,44,41,42,40,41,39,39,41,41,44,44,42,43,43,41,40,39,40,41,41,39,39
41,38,38,35,37,38,38,40,39,39,38,42,40,38,41,39,40,38,38,40,39,37,37,40,38,42,43,43,44,41,42,41,41,39,39,41,41,44,44,42,43,43,41,40,40,40,41,41,40,39
41,38,38,35,36,38,38,40,39,39,38,42,39,38,41,39,40,38,38,39,39,37,37,40,38,42,43,43,44,41,42,40,41,39,39,41,41,44,44,42,43,43,41,40,39,40,41,41,40,39
41,38,38,35,36,38,38,40,39,39,38,42,39,38,41,39,40,38,38,39,39,37,37,40,38,41,43,43,44,41,42,40,41,39,39,41,41,44,44,42,43,43,41,40,39,40,41,41,39,39
41,38,38,35,37,38,38,40,39,39,38,42,40,38,41,39,40,38,38,40,39,37,37,40,38,42,43,43,44,41,42,41,41,39,39,41,41,44,44,42,43,43,41,40,40,40,41,41,40,39
41,38,38,35,36,38,38,40,39,39,38,42,39,38,41,39,40,38,38,39,39,37,37,40,38,41,43,43,44,41,42,40,41,39,39,41,41,44,44,42,43,43,41,40,39,40,41,41,39,39
41,38,38,35,36,38,38,40,39,39,38,42,39,38,41,39,40,38,38,39,39,37,37,40,38,41,43,43,44,41,42,40,41,39,39,41,41,44,44,42,43,43,41,40,39,40,41,41,39,39
41,38,38,35,36,38,38,40,39,39,38,42,39,38,41,39,40,38,38,39,39,37,37,40,38,41,43,43,44,41,42,40,41,39,39,41,41,44,44,42,43,43,41,40,39,40,41,41,39,39
41,38,38,35,36,38,38,40,39,39,38,42,39,38,41,39,40,38,38,39,39,37,37,40,38,41,43,43,44,41,42,40,41,39,39,41,41,44,44,42,43,43,41,40,39,40,41,41,39,39
41,38,38,35,36,38,38,40,39,39,38,42,39,38,41,39,40,38,38,39,39,37,37,40,38,41,43,43,44,41,42,40,41,39,39,41,41,44,44,42,43,43,41,40,39,40,41,41,39,39
41,38,38,35,36,38,38,40,39,39,38,42,39,38,41,39,40,38,38,39,39,37,37,40,38,41,43,43,44,41,42,40,41,39,39,41,41,44,44,42,43,43,41,40,39,40,41,41,39,39
41,38,38,35,36,38,38,40,39,39,38,42,39,38,41,39,40,38,38,39,39,37,37,40,38,41,43,43,44,41,42,40,41,39,39,41,41,44,44,42,43,43,41,40,39,40,41,41,39,39
41,38,38,35,37,38,38,40,39,39,38,42,39,38,41,39,40,38,38,39,39,37,37,40,38,41,43,43,44,41,42,40,41,39,39,41,41,44,44,42,43,43,41,40,39,40,41,41,39,39
41,38,38,35,37,38,38,40,39,39,38,42,39,38,41,39,40,38,38,39,39,37,37,40,38,41,43,43,44,41,42,40,41,39,39,41,41,44,44,42,43,43,41,40,39,40,41,41,39,39
41,38,38,35,37,38,38,40,39,39,38,42,39,38,41,39,40,38,38,39,39,37,37,40,38,41,43,43,44,41,42,40,41,39,39,41,41,44,44,42,43,43,41,40,39,40,41,41,39,39
41,38,38,35,37,38,38,40,39,39,38,42,39,38,41,39,40,38,38,39,39,37,37,40,38,41,43,43,44,41,42,40,41,39,39,41,41,44,44,42,43,43,41,40,39,40,41,41,39,39
41,38,38,35,37,38,38,40,39,39,38,42,39,38,41,39,40,38,38,39,39,37,37,40,38,41,43,43,44,41,42,40,41,39,39,41,41,44,44,42,43,43,41,40,40,40,41,41,39,39
41,38,38,35,37,38,38,40,39,39,38,42,39,38,41,39,40,38,38,39,39,38,37,40,38,42,43,43,44,41,42,40,41,39,39,41,41,44,44,42,43,43,41,40,40,40,41,41,39,39
41,38,38,35,37,38,38,40,39,39,38,42,39,38,41,39,40,38,38,39,39,38,37,40,38,42,43,43,44,41,42,40,41,39,39,41,41,44,44,42,43,43,41,40,40,40,41,41,40,39
41,38,38,36,37,38,38,40,39,39,38,42,39,38,41,39,40,38,38,40,39,38,37,40,38,42,43,43,44,41,42,40,41,39,39,41,41,44,44,42,43,43,41,40,40,40,41,41,40,39
41,38,38,36,37,38,38,40,39,39,38,42,39,38,41,39,40,38,38,40,39,38,38,40,38,42,43,43,45,41,43,40,41,39,39,41,41,44,44,42,43,43,41,40,40,40,41,41,40,39
41,38,38,36,37,38,38,40,39,39,39,42,39,39,41,39,40,38,39,40,39,38,38,40,38,42,43,43,44,41,43,41,41,39,39,41,41,44,44,42,43,43,41,40,40,40,41,41,40,40
41,38,38,36,37,38,38,40,39,39,39,42,40,39,41,39,40,39,39,40,39,38,38,40,39,42,43,43,44,41,43,41,41,39,39,41,41,44,44,42,43,43,41,40,40,40,41,41,40,40
41,38,39,36,37,38,38,40,39,39,39,42,40,39,41,39,40,39,39,40,40,38,38,40,39,41,43,43,44,41,43,41,41,40,40,41,41,44,44,42,43,43,41,40,40,39,41,41,40,40
41,38,39,37,37,38,38,40,39,39,39,42,40,39,41,40,40,39,39,40,40,38,38,40,39,41,43,43,44,41,42,41,41,40,40,41,41,44,44,42,43,43,41,40,40,39,41,41,40,40
41,38,39,37,37,38,38,40,39,39,39,42,40,39,41,40,40,39,39,40,40,39,38,40,39,41,43,43,44,41,42,41,41,40,40,41,41,44,44,42,43,43,41,40,40,39,41,41,40,40
40,38,39,37,37,38,39,40,40,40,39,42,40,39,42,40,41,39,39,40,40,39,39,40,39,41,43,43,44,41,42,41,41,40,40,41,41,44,44,42,43,43,41,40,41,39,41,42,40,40
40,39,39,37,36,38,39,41,40,40,39,42,40,39,42,40,41,39,39,40,40,39,39,40,39,41,43,43,44,41,42,41,41,40,40,41,41,44,44,42,43,43,42,41,41,39,41,42,40,40
40,39,40,37,36,39,39,41,40,40,40,42,40,39,42,40,41,39,39,41,40,39,39,40,40,40,43,43,44,41,42,41,42,40,40,41,41,44,44,42,43,43,42,41,41,38,41,42,40,41
40,39,40,38,36,39,39,41,40,40,40,41,40,40,42,40,41,40,39,41,40,39,39,40,40,40,43,43,44,41,42,41,42,40,40,42,42,44,44,42,43,43,42,41,41,38,41,42,41,41
40,39,40,38,36,39,39,41,40,40,40,41,40,40,42,40,41,40,40,41,41,40,39,39,40,40,43,43,44,41,42,41,42,40,40,42,42,44,44,42,43,43,42,41,41,38,40,42,41,41
39,39,40,38,36,39,39,41,40,41,40,41,40,40,42,40,41,40,40,41,41,40,40,39,40,40,43,43,44,42,43,41,42,41,40,42,42,44,44,42,43,43,42,41,41,38,40,42,41,41
39,40,40,38,36,39,39,41,41,41,41,41,41,40,42,41,41,40,40,41,41,40,40,39,40,40,43,43,45,42,43,41,42,41,41,42,42,44,45,42,43,43,42,41,42,39,40,42,41,41
39,40,41,39,36,39,40,42,41,41,41,41,41,40,42,41,42,40,40,41,41,40,40,39,41,40,43,43,45,42,42,42,42,41,41,42,42,44,45,42,43,44,42,41,42,39,40,42,41,42
39,40,41,39,36,38,40,42,41,41,41,41,41,41,42,41,42,41,40,42,41,41,40,39,41,39,43,43,46,42,43,42,42,41,41,42,42,44,46,42,43,44,42,42,42,39,40,43,42,42
39,40,41,39,36,39,40,42,41,43,41,41,41,41,42,41,42,41,40,43,41,41,41,38,41,40,43,43,46,42,43,42,42,41,41,42,42,44,46,43,43,44,42,42,42,39,40,45,43,42
39,41,42,40,36,39,40,42,41,42,41,41,41,41,42,41,42,41,40,43,41,41,41,38,41,40,43,43,46,42,43,42,42,41,41,42,42,45,46,47,43,44,42,42,42,39,40,45,43,43
39,41,42,40,36,39,41,42,42,42,42,41,41,42,42,42,43,41,40,43,42,41,41,38,41,40,43,43,46,42,44,43,44,41,41,43,43,44,46,47,43,44,44,42,42,39,40,45,43,43
39,42,41,40,35,39,41,41,42,42,42,41,42,42,42,42,44,42,40,42,42,42,41,38,42,40,43,43,46,42,44,43,44,42,42,43,43,45,46,47,43,44,44,42,44,39,40,45,43,43
39,42,41,41,35,39,41,42,44,42,42,41,42,43,42,42,44,43,40,42,43,42,41,39,42,40,43,43,46,45,44,43,44,42,42,43,42,45,46,48,43,44,44,44,44,39,40,45,45,43
39,43,41,41,35,39,41,42,44,43,42,42,42,43,42,42,44,43,40,42,43,43,41,39,42,40,43,44,47,45,44,44,44,45,42,43,43,45,46,48,44,46,44,45,44,39,41,45,45,43
39,43,42,41,36,40,41,42,44,43,43,42,44,43,42,42,44,43,41,42,43,43,41,39,42,40,44,44,47,45,44,46,44,45,42,43,43,45,47,48,45,46,44,45,44,39,41,45,45,43
39,44,42,41,36,40,41,42,44,43,43,42,45,43,42,42,44,43,41,42,43,43,41,39,44,40,45,45,47,46,44,46,44,45,42,43,44,45,47,48,45,46,44,45,44,39,41,45,45,43
39,45,42,42,36,40,41,42,44,43,42,42,46,43,42,43,43,43,41,42,43,43,41,39,44,40,45,45,47,47,45,46,44,45,42,43,44,45,47,48,45,47,45,45,44,39,41,45,45,43
39,45,42,42,36,40,41,42,44,43,43,42,46,43,42,45,43,44,41,42,43,43,40,39,44,40,45,45,47,48,45,46,44,45,42,43,45,45,48,48,45,47,45,45,44,40,41,45,45,43
39,44,41,41,36,40,41,42,44,42,42,41,46,43,42,45,43,44,41,42,43,42,40,39,44,39,45,46,46,48,45,46,44,45,42,42,44,45,47,48,45,46,47,45,44,40,41,45,45,43
39,44,41,41,36,40,41,41,43,42,42,41,45,43,42,45,43,44,41,42,43,42,40,39,44,39,45,46,46,48,44,46,44,45,42,42,44,45,47,48,45,46,46,45,43,40,41,45,45,43
39,44,41,41,36,40,41,41,43,42,42,41,45,43,41,45,43,44,41,41,43,42,40,39,43,39,45,46,46,47,44,45,44,44,42,42,44,44,47,47,45,46,46,45,43,40,41,44,45,43
39,44,41,41,36,39,41,41,43,42,42,41,45,42,41,44,42,43,41,41,42,42,40,39,43,38,45,46,46,47,44,45,43,44,42,42,44,44,47,47,45,46,46,44,43,40,41,44,44,43
39,44,41,41,36,39,41,41,43,42,42,41,45,42,41,44,42,43,41,41,42,42,39,39,43,38,44,46,46,47,44,45,43,44,42,42,44,44,47,47,44,46,46,44,43,40,41,44,44,42
38,44,41,41,36,39,41,41,43,42,42,41,45,42,41,44,42,43,41,41,42,42,39,39,43,38,44,46,46,47,44,45,43,44,42,42,44,44,47,47,45,46,46,44,43,40,41,44,44,42
38,44,41,40,36,39,40,41,43,42,42,40,45,42,41,44,42,43,41,41,42,42,39,39,43,38,44,45,46,47,44,45,43,44,42,42,44,44,47,47,44,46,46,44,43,40,41,44,44,42
38,44,41,40,36,38,40,41,43,42,41,40,45,42,41,44,42,43,41,41,42,42,39,38,43,38,44,45,46,47,44,45,43,44,42,41,44,44,47,47,44,46,46,44,43,40,41,44,44,42
38,44,41,40,36,38,40,41,43,42,42,40,45,42,41,44,42,43,40,41,42,42,39,38,43,38,44,45,46,47,44,45,43,44,42,41,44,44,47,47,44,46,46,44,43,40,41,44,44,42
38,44,41,40,36,38,41,41,43,42,42,40,45,42,41,44,42,43,40,41,42,42,39,38,43,38,45,46,46,47,44,45,43,44,42,41,44,44,47,47,45,46,46,44,43,40,41,44,44,42
38,44,41,40,36,38,40,41,43,41,41,40,45,42,41,44,42,43,40,41,42,42,39,38,43,38,44,46,46,47,44,45,43,44,42,40,44,44,47,47,44,46,46,44,42,40,41,44,44,42
38,44,41,40,36,38,41,41,43,41,41,40,45,42,40,44,42,43,40,40,42,41,39,38,43,38,44,46,46,47,44,45,43,44,42,40,44,44,47,47,45,46,46,44,42,40,41,44,44,42
38,44,41,40,35,38,41,41,42,41,41,39,45,42,40,44,42,43,40,40,42,41,39,38,43,38,44,46,46,47,44,45,42,44,41,40,43,44,47,47,45,46,46,44,42,40,41,44,44,41
38,44,41,40,35,37,40,41,42,41,40,39,45,42,40,44,42,43,40,40,42,41,39,38,43,38,44,45,45,47,44,45,42,44,41,40,43,44,46,47,44,46,46,44,42,40,41,44,44,41
38,43,40,39,35,37,40,41,42,40,40,39,45,42,39,44,42,43,40,40,41,40,38,37,43,38,44,45,45,47,44,45,42,44,40,39,43,44,46,47,44,45,46,44,42,40,41,44,44,41
38,43,40,39,35,37,40,41,42,40,40,39,45,42,39,44,41,43,39,39,41,40,38,37,43,38,44,45,45,47,44,45,41,44,40,39,43,44,46,47,44,45,45,43,41,40,41,44,44,41
38,43,40,39,35,37,39,40,41,40,40,39,44,42,39,44,41,43,39,39,40,39,37,37,43,38,44,45,45,47,44,45,41,43,40,39,42,43,46,47,44,45,45,43,41,40,41,43,43,41
37,43,40,38,35,37,39,40,41,40,39,38,44,41,39,43,40,43,39,39,40,39,37,37,42,38,44,45,45,47,43,44,41,43,39,39,42,43,46,47,44,45,45,43,41,40,40,43,43,40
37,43,39,38,35,37,39,39,41,39,39,38,44,41,39,43,40,42,38,39,40,39,37,37,42,38,44,45,44,47,43,44,41,43,39,39,42,42,46,46,44,45,45,43,41,40,40,43,42,40
37,43,39,38,35,37,38,39,40,39,39,38,43,40,38,42,40,41,38,38,40,39,37,37,42,38,44,45,44,46,42,44,41,42,39,39,42,42,45,46,43,45,45,42,40,40,40,42,42,40
37,43,39,38,35,37,38,38,40,39,39,38,43,40,38,42,40,41,38,38,40,39,37,37,41,38,43,45,44,46,42,44,41,42,39,39,41,42,45,46,43,45,45,42,40,40,40,42,42,40
37,42,38,38,35,37,38,38,40,39,39,38,43,40,38,42,40,41,38,38,40,39,37,37,41,38,43,45,44,46,42,43,41,42,39,39,41,42,45,45,43,45,44,42,40,40,40,42,42,40
37,42,38,38,35,37,38,38,40,39,39,38,43,40,38,42,40,41,38,38,40,39,37,37,41,38,43,45,44,45,42,43,41,42,39,39,41,41,45,45,43,44,44,42,40,40,40,42,42,40
37,42,38,38,35,37,38,38,40,39,39,38,42,40,38,42,40,41,38,38,39,39,38,37,41,38,42,45,43,45,42,43,40,42,39,39,41,41,44,45,42,44,44,42,40,40,40,41,42,40
37,41,38,38,35,37,38,38,40,39,39,38,42,40,38,41,40,41,38,38,39,39,38,37,40,38,42,44,43,45,41,43,40,41,39,39,41,41,44,45,42,44,44,42,40,40,40,41,41,40
37,41,38,38,35,37,38,38,40,39,39,38,42,40,38,41,39,40,38,38,40,39,38,37,40,38,42,44,43,45,41,43,40,41,39,39,41,41,44,45,42,44,44,42,40,40,40,41,41,40
38,41,38,38,36,37,38,38,40,39,39,38,42,39,38,41,39,40,38,38,40,39,38,37,40,38,42,44,43,45,41,43,40,41,39,39,41,41,44,44,42,44,44,41,40,40,40,41,41,40
38,41,38,38,36,38,38,38,40,39,39,38,42,40,38,41,39,40,38,38,40,39,38,38,40,38,42,44,43,45,41,43,41,41,39,39,41,41,44,44,42,44,44,41,40,40,40,41,41,40
38,41,38,38,36,37,38,38,40,39,39,39,42,40,39,41,39,40,38,39,40,39,38,38,40,39,42,44,43,44,41,43,41,41,39,39,41,41,44,44,42,43,43,41,40,40,40,41,41,40
38,41,38,38,36,37,38,38,40,39,39,39,42,40,39,41,39,40,39,39,40,39,38,38,40,39,42,43,43,44,41,43,41,41,39,39,41,41,44,44,42,43,43,41,40,40,40,41,41,40
38,41,38,39,36,37,38,38,40,39,39,39,42,40,39,41,40,40,39,39,40,40,38,38,40,39,42,43,43,44,41,43,41,41,40,40,41,41,44,44,42,43,43,41,40,40,39,41,41,40
38,41,38,39,37,37,38,38,40,39,39,39,42,40,39,41,40,40,39,39,40,40,38,38,40,39,42,43,43,44,41,42,41,41,40,40,41,41,44,44,42,43,43,41,40,40,39,41,41,40
38,41,38,39,37,37,38,38,40,39,39,39,42,40,39,42,40,41,39,39,40,40,39,38,40,39,41,43,43,44,41,42,41,41,40,40,41,41,44,44,42,43,43,41,40,41,39,41,42,40
38,40,38,39,37,37,38,39,41,40,40,39,42,40,39,42,40,41,39,39,40,40,39,39,40,39,41,43,43,44,41,42,41,41,40,40,41,41,44,44,42,43,43,42,40,41,39,41,42,40
39,40,39,39,37,36,38,39,41,40,40,40,42,40,39,42,40,41,39,39,40,40,39,39,40,40,41,43,43,44,41,42,41,42,40,40,41,41,44,44,42,43,43,42,41,41,39,41,42,40
39,40,39,40,37,36,39,39,41,40,40,40,42,40,39,42,40,41,39,39,41,40,39,39,40,40,40,43,43,44,41,42,41,42,40,40,41,41,44,44,42,43,43,42,41,41,38,41,42,41
39,40,39,40,38,36,39,39,41,40,40,40,43,40,40,42,40,41,40,39,41,40,39,39,40,40,40,43,43,44,41,42,41,42,40,40,42,42,44,44,42,43,43,42,41,41,38,41,42,41
39,40,39,40,38,36,39,39,41,40,40,40,43,40,40,42,40,41,40,40,41,41,40,39,39,40,40,43,43,44,41,42,41,42,40,40,42,42,44,44,42,43,43,42,41,41,38,40,42,41
39,39,39,40,38,36,39,39,41,40,41,40,43,40,40,42,40,41,40,40,41,41,40,40,39,40,40,43,43,44,42,43,41,42,41,41,42,42,44,44,42,43,43,42,41,42,38,40,42,41
40,39,40,40,38,36,39,39,41,41,41,41,43,41,40,42,41,41,40,40,41,41,40,40,39,40,40,43,43,45,42,43,41,42,41,41,42,42,44,45,42,43,43,42,41,42,39,40,42,41
40,39,40,41,39,36,39,40,42,41,41,41,43,41,40,43,41,42,41,40,41,41,40,40,39,41,40,43,43,45,42,42,42,42,41,41,42,42,44,45,42,43,44,42,41,42,39,40,42,41
40,39,40,41,39,35,38,40,42,41,41,41,43,41,41,43,41,42,41,40,42,41,41,40,38,41,39,43,43,46,42,43,42,42,41,41,43,42,44,46,42,43,44,42,42,42,39,40,43,42
40,39,40,41,39,35,39,40,42,41,43,41,43,41,41,44,41,42,41,40,43,41,41,40,38,41,40,43,43,48,42,43,42,42,41,41,43,42,44,46,43,43,44,42,42,42,38,40,45,43
40,39,41,42,40,36,39,40,43,41,43,41,43,41,41,44,41,42,41,40,43,41,41,41,38,41,40,43,43,48,42,43,42,42,41,41,43,42,45,46,47,43,44,42,42,42,39,40,45,43
41,39,41,43,40,36,39,41,43,42,43,44,43,41,42,43,42,43,41,40,43,42,41,41,38,41,40,43,43,48,42,44,43,44,41,41,43,43,46,46,47,43,44,44,42,42,39,40,47,43
41,39,42,43,40,35,39,41,43,42,43,44,43,42,42,43,42,44,42,40,43,42,42,40,38,42,40,43,43,48,42,44,43,46,42,41,43,43,46,46,47,43,44,44,42,44,39,40,47,43
41,39,42,43,41,35,39,41,43,45,43,44,43,42,43,43,42,44,43,40,43,45,44,41,38,42,40,43,43,48,45,44,43,46,42,42,43,42,46,46,48,43,44,44,44,44,39,40,47,45
41,39,43,43,41,35,39,42,43,45,43,44,43,42,43,44,42,44,43,40,44,45,44,41,39,42,40,43,44,48,45,44,44,46,47,42,44,43,47,46,48,44,46,44,46,45,39,41,47,45
41,39,43,43,41,35,39,42,44,45,43,44,43,44,43,44,42,44,43,40,44,45,44,41,39,42,40,44,44,48,45,44,48,46,47,42,44,43,47,47,49,47,46,44,46,46,39,41,47,45
41,39,44,44,41,36,40,42,44,45,45,44,43,45,44,44,42,44,43,41,44,45,45,41,39,46,40,47,45,48,46,44,48,46,47,42,44,44,47,47,48,47,46,44,46,46,39,41,47,45
41,39,46,44,42,36,40,42,44,44,45,45,43,47,45,44,43,44,43,41,44,45,45,40,39,46,40,47,45,48,47,45,48,46,47,42,43,44,47,47,48,47,47,45,47,46,39,41,47,45
41,39,46,43,42,36,40,42,44,44,45,44,43,46,45,44,47,45,44,41,44,45,45,40,39,46,39,47,45,48,48,45,48,46,47,42,43,46,47,48,48,47,47,45,47,46,39,41,47,45
41,39,46,43,42,36,40,41,44,44,45,44,42,46,45,44,47,45,44,41,44,45,44,40,39,46,39,47,48,48,48,45,48,46,47,42,43,46,47,48,48,47,48,48,47,46,40,41,47,47
41,39,46,43,42,36,40,41,44,44,45,44,42,48,45,44,47,45,44,41,44,45,44,40,39,46,39,47,48,48,48,44,48,46,47,42,44,46,47,48,48,47,48,48,47,46,40,41,47,47
41,39,46,43,41,36,40,41,43,44,44,44,42,47,45,44,47,45,46,41,44,45,44,40,39,45,39,47,48,48,48,44,48,45,47,42,43,46,46,48,48,47,48,48,47,45,40,41,46,47
40,39,46,42,41,36,40,41,43,44,44,44,41,47,45,43,47,45,46,41,43,45,44,39,39,45,38,47,48,48,48,46,48,45,47,42,43,46,46,48,48,47,48,48,47,45,40,41,46,47
40,38,46,42,41,36,40,41,43,45,44,43,41,47,45,43,46,44,45,41,43,44,44,39,39,45,38,47,48,48,48,46,47,44,46,42,42,46,46,48,48,47,48,48,46,45,40,41,46,46
40,38,46,42,40,36,40,41,43,45,43,42,40,47,44,43,46,44,45,41,43,44,44,39,39,45,38,46,48,48,48,46,47,44,46,41,42,46,46,48,49,47,48,48,46,45,40,41,46,46
40,38,46,42,40,36,39,41,43,44,43,42,40,47,44,43,46,44,45,41,42,44,43,39,39,45,38,46,48,48,48,46,47,44,46,41,41,46,46,49,49,46,48,48,46,45,40,41,46,46
40,38,46,42,40,36,38,41,43,44,42,42,40,47,44,42,46,44,45,40,42,43,43,39,38,45,38,46,47,48,49,46,47,44,46,41,41,45,46,49,48,46,48,48,46,44,40,41,46,46
40,38,45,42,40,36,38,41,42,43,42,42,40,47,44,42,46,44,45,40,42,43,42,39,38,45,38,46,47,47,49,46,47,43,46,41,41,44,45,48,48,46,48,48,46,43,40,41,46,46
40,38,45,42,40,36,38,41,42,43,41,41,40,46,44,41,46,44,45,40,41,43,42,39,38,45,38,46,47,47,48,46,47,43,46,42,40,44,45,48,48,46,47,48,46,42,40,41,46,46
40,38,45,42,40,35,38,41,42,43,41,41,40,46,44,41,45,44,45,40,40,43,41,39,38,44,38,46,47,47,48,45,47,43,46,41,40,44,45,48,48,46,47,47,46,42,40,41,45,46
40,38,45,42,40,35,38,41,42,43,41,41,39,46,43,40,45,43,44,40,40,42,41,39,38,44,38,46,47,47,48,45,46,43,45,41,40,44,45,48,48,46,47,47,45,42,40,41,45,45
40,38,45,42,40,35,37,41,42,42,41,41,39,45,43,40,45,43,44,40,40,42,41,39,38,44,38,45,46,46,48,45,46,42,45,41,40,43,44,48,48,45,47,47,45,42,40,41,45,45
40,38,44,41,39,35,37,40,41,42,41,40,39,45,43,39,45,42,44,40,40,42,40,38,38,44,38,45,46,46,48,45,45,42,45,41,39,43,44,47,48,45,46,47,44,42,40,41,45,45
40,38,44,41,39,35,37,40,41,42,40,40,39,45,42,39,44,42,44,39,39,41,40,38,37,43,38,45,46,45,48,44,45,42,44,40,39,43,44,47,48,45,46,46,44,42,40,41,44,44
40,38,44,41,39,35,37,39,41,42,40,40,39,45,42,39,44,41,44,39,39,41,40,37,37,43,38,45,46,45,48,44,45,41,44,40,39,43,44,47,47,45,46,46,43,41,40,41,44,44
40,37,44,40,39,35,36,39,40,41,40,39,38,45,42,39,44,41,43,39,39,40,39,37,37,43,38,44,46,45,47,44,44,41,43,40,39,42,43,46,47,45,46,46,43,41,39,41,43,43
40,37,44,40,38,35,36,39,40,41,40,39,38,44,41,39,43,40,42,38,39,40,39,37,37,42,38,44,46,44,47,43,44,41,43,39,39,42,42,46,47,44,46,45,43,41,39,40,43,43
40,37,44,39,38,35,36,39,39,41,39,39,38,44,40,39,43,40,42,38,38,40,39,37,37,42,38,44,45,44,47,43,44,41,43,39,39,42,42,45,46,44,45,45,42,40,39,40,43,42
40,37,43,39,38,35,36,38,39,40,39,39,38,43,40,38,42,40,41,38,38,40,39,37,37,41,38,43,45,44,47,42,44,41,42,39,39,41,42,45,46,43,45,45,42,40,39,40,42,42
40,37,43,38,38,35,37,38,38,40,39,39,38,43,40,38,42,40,41,38,38,39,39,37,37,41,38,43,45,44,46,42,43,41,42,39,39,41,42,45,45,43,45,45,42,40,39,40,42,42
40,37,42,38,38,35,37,38,38,40,39,39,38,43,40,38,42,40,41,38,38,39,39,37,37,41,38,43,45,43,46,42,43,40,42,39,39,41,41,45,45,43,44,44,42,40,39,40,42,42
40,37,42,38,38,35,37,38,38,40,39,39,38,42,40,38,42,39,41,38,38,39,39,37,37,41,38,42,45,43,45,42,43,40,42,39,39,41,41,44,45,43,44,44,42,40,39,40,42,41
40,37,42,38,38,35,37,38,38,40,39,39,38,42,40,38,41,39,41,38,38,39,39,37,37,40,38,42,45,43,45,42,43,40,41,39,39,41,41,44,45,42,44,44,42,40,39,40,41,41
40,37,41,38,38,35,37,37,38,40,39,39,38,42,39,38,41,39,40,38,38,39,39,38,37,40,38,42,44,43,45,41,43,40,41,39,39,41,41,44,45,42,44,44,42,40,40,40,41,41
40,37,41,38,38,35,37,37,38,40,39,39,38,42,39,38,41,39,40,38,38,39,39,38,37,40,38,42,44,43,45,41,43,40,41,39,39,41,41,44,44,42,44,44,41,40,40,40,41,41
40,37,41,38,38,36,37,38,38,40,39,39,38,42,39,38,41,39,40,38,38,39,39,38,37,40,38,42,44,43,45,41,43,40,41,39,39,41,41,44,44,42,44,44,41,40,40,40,41,41
40,38,41,38,38,36,37,38,38,40,39,39,38,42,39,38,41,39,40,38,38,40,39,38,38,40,38,42,44,43,45,41,43,40,41,39,39,41,41,44,44,42,43,43,41,40,40,40,41,41
40,38,41,38,38,36,37,38,38,40,39,39,38,42,39,38,41,39,40,38,38,40,39,38,38,40,38,42,43,43,44,41,42,41,41,39,39,41,41,44,44,42,43,43,41,40,40,40,41,41
40,38,41,38,38,36,37,38,38,40,39,39,39,42,39,39,41,39,40,38,39,40,39,38,38,40,39,41,43,43,44,41,42,41,41,39,39,41,41,44,44,42,43,43,41,40,40,39,41,41
41,38,41,38,39,36,37,38,38,40,39,39,39,42,39,39,41,39,40,39,39,40,39,38,38,40,39,41,43,43,44,41,42,41,41,39,39,41,41,44,44,42,43,43,41,40,40,39,41,41
41,38,41,38,39,36,37,38,38,40,39,39,39,42,40,39,41,39,40,39,39,40,40,38,38,40,39,41,43,43,44,41,42,41,41,40,40,41,41,44,44,42,43,43,41,40,40,39,41,41
41,38,40,38,39,37,37,38,38,40,39,39,39,42,40,39,41,40,40,39,39,40,40,39,38,40,39,41,43,43,44,41,42,41,41,40,40,41,41,44,44,42,43,43,41,40,40,39,41,41
41,38,40,38,39,37,36,38,38,40,39,40,39,42,40,39,42,40,41,39,39,40,40,39,39,40,39,41,43,43,44,41,42,41,41,40,40,41,41,44,44,42,43,43,41,40,41,39,41,42
41,39,40,39,39,37,36,38,39,41,40,40,39,42,40,39,42,40,41,39,39,40,40,39,39,40,39,40,43,43,44,41,42,41,41,40,40,41,41,44,44,42,43,43,41,41,41,38,41,42
41,39,40,39,40,37,36,39,39,41,40,40,40,42,40,39,42,40,41,39,39,41,40,39,39,40,40,40,43,43,44,41,42,41,42,40,40,41,41,44,44,42,43,43,42,41,41,38,41,42
41,39,40,39,40,38,36,39,39,41,40,40,40,43,40,40,42,40,41,40,39,41,40,39,39,39,40,40,43,43,44,41,42,41,42,40,40,42,42,44,44,42,43,43,42,41,41,38,40,42
41,39,39,39,40,38,36,39,39,41,40,40,40,43,40,40,42,40,41,40,40,41,41,40,39,39,40,40,43,43,44,41,42,41,42,40,40,42,42,44,44,42,43,43,42,41,41,38,40,42
41,39,39,39,40,38,36,39,39,41,40,40,40,43,40,40,42,40,41,40,40,41,41,40,40,39,40,40,43,43,44,41,42,41,42,41,40,42,42,44,44,42,43,43,42,41,41,38,40,42
41,40,39,40,40,38,36,39,39,41,41,41,41,43,41,40,42,41,41,40,40,41,41,40,40,39,40,40,43,43,45,42,43,41,42,41,41,42,42,44,45,42,43,43,42,41,42,38,40,42
40,40,39,40,41,39,36,38,40,42,41,41,41,43,41,40,43,41,42,40,40,41,41,40,40,38,41,40,43,43,45,42,42,42,42,41,41,42,42,44,45,42,43,44,42,41,42,38,40,42
40,40,39,40,41,39,35,38,40,42,41,41,41,43,41,41,43,41,42,41,40,42,41,40,40,38,41,39,43,43,46,42,43,42,42,41,41,43,42,44,46,42,43,44,42,42,42,38,40,43
40,40,39,40,41,39,35,38,40,42,41,43,41,43,41,41,45,41,42,41,40,43,41,41,40,38,41,39,43,43,48,42,43,42,42,41,41,43,42,44,46,43,43,44,42,42,42,38,40,45
40,40,39,40,42,40,35,39,40,43,41,43,41,44,41,41,45,41,42,41,40,43,41,41,40,38,41,39,43,43,48,42,43,42,42,41,41,43,42,45,46,47,43,44,42,42,42,38,40,45
40,41,38,41,43,40,35,39,41,43,42,43,44,43,41,42,45,42,43,41,40,43,42,41,41,38,41,40,43,43,48,42,44,43,44,41,41,43,43,47,46,47,43,44,44,42,42,39,40,48
40,41,38,42,44,40,35,39,41,43,42,43,44,43,41,42,45,42,44,42,40,43,42,42,40,38,42,40,43,43,48,42,44,43,46,42,41,43,43,47,46,47,43,44,43,42,44,39,40,48
40,41,39,42,44,41,35,39,41,43,45,43,44,43,42,43,45,42,44,43,40,43,45,44,40,38,42,40,43,43,48,45,44,43,46,42,41,43,42,47,46,48,43,44,44,44,44,39,40,48
41,41,39,43,44,41,35,39,41,43,45,43,45,43,42,43,45,42,44,43,40,45,46,44,41,38,42,40,43,44,48,45,44,44,46,48,41,43,43,48,46,48,44,46,44,46,46,39,40,48
41,41,39,43,44,41,35,39,41,45,45,43,45,43,44,43,45,42,44,43,40,45,46,45,41,39,42,40,44,44,48,45,44,48,46,48,42,43,43,48,47,49,47,46,44,46,46,39,41,48
41,41,39,44,44,41,35,39,42,45,44,46,45,43,45,44,45,42,44,43,40,45,46,45,40,39,46,39,48,45,48,46,44,48,46,48,42,43,44,48,47,48,48,46,44,46,47,39,41,48
41,41,38,46,43,42,35,40,42,44,44,45,45,43,47,46,45,43,44,43,40,45,46,45,40,39,46,39,48,45,48,47,45,48,46,48,42,43,44,48,47,48,48,47,45,48,46,39,41,47
41,41,38,46,43,42,35,40,42,44,44,45,45,43,46,46,45,48,46,44,41,45,46,45,40,39,46,39,48,45,49,48,45,48,46,48,42,43,46,47,48,48,48,47,45,47,46,39,41,47
41,41,38,46,43,42,35,40,41,44,44,45,45,42,46,46,44,48,46,44,41,44,45,45,40,39,46,39,48,48,49,48,45,48,46,48,42,43,46,47,48,48,48,48,48,48,46,39,41,47
41,41,38,46,42,41,35,40,41,44,44,45,44,42,48,46,44,47,46,44,41,44,45,45,39,39,46,39,48,48,49,48,44,49,45,48,42,43,46,47,48,48,48,48,48,48,46,39,41,47
40,40,39,46,42,41,35,40,41,44,44,45,44,42,48,45,44,47,45,46,41,44,45,45,39,38,46,38,48,49,49,48,44,48,45,47,42,43,46,47,48,48,48,48,48,47,46,40,41,47
40,40,38,47,42,41,36,40,41,43,44,44,43,41,48,45,44,47,45,46,41,44,44,45,39,38,46,38,47,48,48,48,47,48,44,47,42,42,47,47,48,48,48,48,48,47,46,40,41,46
40,40,38,47,42,40,36,40,41,43,45,44,43,41,48,45,44,46,45,46,41,43,44,44,39,39,46,38,47,49,48,48,47,48,44,47,41,42,46,46,48,48,47,49,49,47,45,40,41,46
40,40,38,46,42,40,36,40,41,43,45,43,42,40,47,45,43,46,44,45,41,43,43,44,39,39,45,38,47,48,48,48,46,47,44,46,41,42,46,46,48,49,47,48,48,47,45,40,41,46
40,40,38,45,42,40,36,38,41,43,44,42,42,40,47,44,42,46,44,45,40,42,43,43,39,38,45,38,46,47,47,48,46,47,43,46,41,41,45,46,48,49,46,48,48,46,45,40,41,46
40,40,38,45,42,40,36,38,41,42,43,42,42,40,46,43,42,45,43,44,40,42,43,42,39,38,44,38,45,47,47,48,45,46,43,45,41,41,45,45,48,48,46,47,47,45,44,40,41,45
40,40,38,44,41,40,36,38,41,41,43,41,41,40,45,43,41,45,42,44,40,41,43,42,39,38,43,38,45,46,46,48,44,45,43,44,41,40,44,44,47,47,45,46,46,45,43,40,41,44
39,40,38,43,40,40,35,38,40,41,43,41,41,39,45,42,41,44,42,43,40,41,42,41,39,38,43,38,44,45,45,47,44,45,43,44,41,40,43,44,46,47,44,46,46,44,42,40,41,44
39,40,38,43,40,39,35,37,40,40,42,41,41,39,44,41,40,43,41,42,40,40,41,41,39,38,42,38,44,45,45,46,43,44,42,43,41,40,43,43,46,46,44,45,45,43,42,40,40,43
39,40,38,43,40,39,35,37,39,40,42,41,40,39,44,41,40,43,41,42,40,40,41,41,39,38,42,38,43,44,44,46,43,44,42,43,41,40,43,43,46,46,43,45,45,43,42,40,40,43
39,40,38,42,39,39,35,37,39,39,41,40,40,39,44,41,39,43,41,42,39,39,41,40,38,38,42,38,43,44,44,46,43,44,42,43,40,39,42,43,45,46,43,44,45,43,41,40,40,42
38,40,37,42,39,39,35,37,38,39,41,40,40,39,43,40,39,42,40,41,39,39,40,40,38,37,41,38,42,44,44,45,42,43,41,42,40,39,42,42,45,45,43,44,44,42,41,40,40,42
38,40,37,41,38,38,35,36,38,39,41,39,39,38,43,40,39,42,40,41,39,39,40,39,37,37,41,38,42,43,43,45,42,43,41,42,40,39,42,42,44,45,42,44,44,42,41,40,40,42
38,39,37,41,38,38,35,36,38,38,40,39,39,38,42,39,38,41,39,40,38,38,39,39,37,37,40,38,42,43,43,44,41,42,40,41,39,39,41,41,44,44,42,43,43,41,40,39,40,41
38,39,37,41,38,38,35,36,37,38,40,39,38,38,42,39,38,41,39,40,38,38,39,39,37,37,40,37,41,43,43,44,41,42,40,41,39,39,41,41,44,44,41,43,43,41,40,39,39,41
38,39,37,41,38,38,35,36,37,38,40,39,38,38,42,39,38,41,39,40,38,38,39,39,37,37,40,37,41,43,43,44,41,42,40,41,39,39,41,41,44,44,41,43,43,41,40,39,39,41
38,39,37,41,38,38,35,36,37,38,40,39,38,38,42,39,38,41,39,40,38,38,39,39,37,37,40,37,41,43,43,44,41,42,40,41,39,39,41,41,44,44,41,43,43,41,40,39,39,41
38,39,37,41,38,38,35,36,37,38,40,39,38,38,42,39,38,41,39,40,38,38,39,39,37,37,40,37,41,43,43,44,41,42,40,41,39,39,41,41,44,44,41,43,43,41,40,39,39,41
38,39,37,41,38,38,35,36,37,38,40,39,38,38,42,39,38,41,39,40,38,38,39,39,37,37,40,37,41,43,43,44,41,42,40,41,39,39,41,41,44,44,41,43,43,41,40,39,39,41
38,39,37,41,38,38,35,36,37,38,40,39,38,38,42,39,38,41,39,40,38,38,39,39,37,37,40,37,41,43,43,44,41,42,40,41,39,39,41,41,44,44,41,43,43,41,40,39,39,41
38,39,37,41,38,38,35,37,37,38,40,39,38,38,42,39,38,41,39,40,38,38,39,39,37,37,40,37,41,43,43,44,41,42,40,41,39,39,41,41,44,44,41,43,43,41,40,39,39,41
38,39,37,41,38,38,35,37,37,38,40,39,38,38,42,39,38,41,39,40,38,38,39,39,37,37,40,38,41,43,43,44,41,42,40,41,39,39,41,41,44,44,41,43,43,41,40,39,40,41
38,40,37,41,38,38,35,37,37,38,40,39,39,38,42,39,38,41,39,40,38,38,39,39,37,37,40,38,41,43,43,44,41,42,40,41,39,39,41,41,44,44,41,43,43,41,40,39,40,41
38,40,37,41,38,38,35,37,37,38,40,39,39,38,42,39,38,41,39,40,38,38,39,39,37,37,40,38,41,43,43,44,41,42,40,41,39,39,41,41,44,44,41,43,43,41,40,39,40,41
38,40,37,41,38,38,35,37,37,38,40,39,39,38,42,39,38,41,39,40,38,38,39,39,38,37,40,38,41,43,43,44,41,42,40,41,39,39,41,41,44,44,41,43,43,41,40,40,40,41
38,40,37,41,38,38,36,37,37,38,40,39,39,38,42,39,38,41,39,40,38,38,39,39,38,37,40,38,41,43,43,44,41,42,40,41,39,39,41,41,44,44,41,43,43,41,40,40,39,41
38,40,37,41,38,38,36,37,37,38,40,39,39,38,42,39,38,41,39,40,38,38,40,39,38,38,40,38,41,43,43,44,41,42,40,41,39,39,41,41,44,44,41,43,43,41,40,40,39,41
38,40,38,41,38,38,36,37,38,38,40,39,39,38,42,39,38,41,39,40,38,38,40,39,38,38,40,38,41,43,43,44,41,42,40,41,39,39,41,41,44,44,41,43,43,41,40,40,39,41
38,40,38,41,38,38,36,36,38,38,40,39,39,39,42,39,39,41,39,40,38,38,40,39,38,38,40,39,41,43,43,44,41,42,40,41,39,39,41,41,44,44,41,43,43,41,40,40,39,41
39,41,38,40,38,39,36,36,38,38,40,39,39,39,42,39,39,41,39,40,39,39,40,39,38,38,40,39,41,43,43,44,41,42,41,41,39,39,41,41,44,44,41,43,43,41,40,40,38,41
39,41,38,40,38,39,37,36,38,38,40,39,39,39,41,39,39,41,39,40,39,39,40,40,38,38,40,39,40,43,43,44,41,42,41,41,40,40,41,41,43,44,41,43,43,41,40,40,38,40
39,41,38,39,38,39,37,36,38,38,40,39,39,39,41,40,39,41,39,40,39,39,40,40,39,38,39,39,40,43,43,44,41,42,41,41,40,40,41,41,43,44,41,43,43,41,40,40,38,40
39,41,38,39,38,39,37,36,38,38,41,40,40,39,41,40,39,41,40,41,39,39,40,40,39,39,39,39,40,43,43,44,41,42,41,41,40,40,41,41,43,44,41,43,43,41,40,41,38,40
39,40,39,39,39,39,37,36,38,39,41,40,40,40,41,40,39,41,40,41,39,39,41,40,39,39,39,39,40,43,43,44,41,42,41,41,40,40,41,41,43,44,41,43,43,41,41,41,38,40
40,40,39,39,39,40,38,35,38,39,41,40,40,40,40,40,39,41,40,41,40,39,41,40,39,39,39,40,39,43,43,44,41,42,41,42,40,40,41,41,43,44,42,43,43,42,41,41,37,40
40,40,39,39,39,40,38,35,38,39,41,40,40,40,40,40,40,41,40,41,40,39,41,40,39,39,38,40,40,43,43,44,41,42,41,42,40,40,42,42,43,44,42,43,43,42,41,41,38,40
40,40,39,39,39,40,38,35,38,39,41,40,40,40,40,40,40,41,40,41,40,40,41,41,40,39,38,40,39,43,43,44,41,42,41,42,41,40,42,42,43,44,42,43,43,42,41,41,38,39
40,40,39,38,39,40,38,35,38,39,41,40,41,40,40,40,40,41,40,41,40,40,41,41,40,39,38,40,39,43,43,44,42,43,41,42,41,40,41,42,43,45,42,43,43,42,41,42,38,39
41,40,39,38,40,40,39,35,38,40,42,41,41,40,39,41,40,41,41,42,40,40,41,41,40,39,38,41,39,43,43,44,42,42,41,42,41,41,41,42,43,45,42,43,43,42,41,42,38,39
41,40,40,38,40,40,39,35,38,40,41,41,41,40,39,41,41,41,41,42,41,40,41,41,40,39,38,41,39,43,43,44,42,43,42,42,41,41,41,42,43,46,42,43,43,42,42,42,38,39
41,39,40,38,40,40,39,35,38,40,41,41,41,40,40,41,41,41,41,42,41,39,41,41,41,39,37,41,39,43,43,44,42,43,42,42,41,41,41,42,43,46,43,43,44,42,42,42,38,39
41,39,40,38,40,40,39,35,38,39,40,41,40,40,40,41,41,40,41,42,41,39,41,41,41,39,38,41,39,43,43,44,42,43,42,42,41,41,41,42,43,45,46,43,44,42,42,42,38,39
42,39,40,38,41,40,39,35,38,39,40,42,40,40,39,41,42,40,41,42,41,39,41,41,41,39,37,41,39,43,43,45,42,43,43,42,41,41,41,42,43,45,46,43,44,43,42,42,38,39
42,39,40,38,42,39,39,34,38,39,40,42,41,40,39,41,41,40,42,42,42,39,40,41,41,39,37,42,39,43,43,45,42,43,43,42,42,41,41,43,43,45,46,43,44,43,42,42,38,40
42,40,40,38,42,40,40,34,38,39,40,42,41,40,40,42,41,40,42,42,42,39,40,41,41,39,38,42,39,43,43,45,45,43,43,42,42,41,41,42,43,46,46,43,44,44,43,42,38,40
43,40,41,38,43,40,40,34,38,39,40,42,41,41,40,42,41,40,42,42,42,40,40,41,41,39,38,42,39,43,44,45,45,43,44,42,43,41,41,43,43,46,46,44,45,44,43,42,38,40
43,40,41,38,43,40,40,35,38,39,40,42,41,41,40,44,41,40,42,42,42,40,40,41,41,39,38,42,39,43,44,45,45,43,44,42,43,41,41,43,43,46,46,44,45,44,43,42,38,40
42,40,41,38,43,40,40,35,38,39,40,42,41,41,40,44,41,40,42,42,42,40,40,41,41,39,38,42,39,43,45,45,46,43,44,42,43,41,41,43,43,46,46,43,45,44,43,42,38,40
42,39,40,38,43,39,39,35,38,39,40,42,41,40,39,44,41,40,43,41,42,40,40,41,40,39,38,42,39,43,44,44,46,43,44,42,43,41,40,43,43,45,46,43,45,45,43,42,39,40
42,39,40,38,42,39,39,35,38,39,39,41,40,40,39,44,41,40,43,41,42,39,40,41,40,39,38,42,39,43,44,44,46,43,44,42,43,40,40,42,43,45,46,43,44,45,43,41,39,40
42,39,40,38,42,39,39,35,37,39,39,41,40,40,39,43,41,39,43,40,42,39,39,41,40,38,38,41,39,43,44,44,46,42,44,42,43,40,40,42,42,45,46,43,44,44,43,41,39,40
42,39,40,38,42,39,39,35,37,38,39,41,40,40,39,43,40,39,42,40,41,39,39,40,40,38,38,41,38,42,44,44,45,42,43,41,42,40,40,42,42,45,45,43,44,44,42,41,39,40
41,38,40,37,41,38,38,35,37,38,38,40,39,39,38,43,40,39,42,40,41,38,39,40,39,38,37,40,38,42,43,43,45,42,43,41,42,39,39,41,41,44,45,42,43,44,42,40,39,40
41,38,39,37,41,38,38,35,36,37,38,40,39,39,38,42,39,38,41,39,40,38,38,39,39,37,37,40,37,41,43,43,44,41,42,40,41,39,39,41,41,44,44,42,43,43,41,40,39,40
40,38,39,37,41,38,37,34,36,37,38,40,39,38,38,42,39,38,41,39,40,38,38,39,38,37,36,40,37,41,42,42,44,41,42,40,41,39,38,41,41,44,44,41,43,43,41,40,39,39
40,38,39,37,41,38,37,34,36,37,38,40,39,38,38,42,39,38,41,39,40,38,38,39,38,37,36,40,37,41,42,42,44,41,42,40,41,39,38,41,41,44,44,41,43,43,41,40,39,39
40,38,39,37,41,38,37,34,36,37,38,40,39,38,38,42,39,38,41,39,40,38,38,39,38,37,36,40,37,41,42,42,44,41,42,40,41,39,38,41,41,44,44,41,43,43,41,40,39,39
40,38,39,37,41,38,37,34,36,37,38,40,39,38,38,42,39,38,41,39,40,38,38,39,38,37,36,40,37,41,42,42,44,41,42,40,41,39,38,41,41,44,44,41,43,43,41,40,39,39
40,38,39,37,41,38,37,34,36,37,38,40,39,38,38,42,39,38,41,39,40,38,38,39,38,37,36,40,37,41,42,42,44,41,42,40,41,39,38,41,41,44,44,41,43,43,41,40,39,39
40,38,39,37,41,38,37,34,36,37,38,40,39,38,38,42,39,38,41,39,40,38,38,39,38,37,36,40,37,41,42,42,44,41,42,40,41,39,38,41,41,44,44,41,43,43,41,40,39,39
40,38,39,37,41,38,37,34,36,37,38,40,39,38,38,42,39,38,41,39,40,38,38,39,38,37,36,40,37,41,42,42,44,41,42,40,41,39,38,41,41,44,44,41,43,43,41,40,39,39
40,38,39,37,41,38,37,34,36,37,38,40,39,38,38,42,39,38,41,39,40,38,38,39,38,37,36,40,37,41,42,42,44,41,42,40,41,39,38,41,41,44,44,41,43,43,41,40,39,39
40,38,39,37,41,38,37,34,36,37,38,40,39,38,38,42,39,38,41,39,40,38,38,39,38,37,36,40,37,41,42,42,44,41,42,40,41,39,38,41,41,44,44,41,43,43,41,40,39,39
40,38,39,37,41,38,37,34,36,37,38,40,39,38,38,42,39,38,41,39,40,38,38,39,38,37,36,40,37,41,42,42,44,41,42,40,41,39,38,41,41,44,44,41,43,43,41,40,39,39
40,38,39,37,41,38,37,34,36,37,38,40,39,38,38,42,39,38,41,39,40,38,38,39,38,37,36,40,37,41,42,42,44,41,42,40,41,39,38,41,41,44,44,41,43,43,41,40,39,39
40,38,39,37,41,38,37,34,36,37,38,40,39,38,38,42,39,38,41,39,40,38,38,39,38,37,36,40,37,41,42,42,44,41,42,40,41,39,38,41,41,44,44,41,43,43,41,40,39,39
40,38,39,37,41,38,37,34,36,37,38,40,39,38,38,42,39,38,41,39,40,38,38,39,38,37,36,40,37,41,42,42,44,41,42,40,41,39,38,41,41,44,44,41,43,43,41,40,39,39
40,38,39,37,41,38,37,34,36,37,38,40,39,38,38,42,39,38,41,39,40,38,38,39,38,37,36,40,37,41,42,42,44,41,42,40,41,39,38,41,41,44,44,41,43,43,41,40,39,39
40,38,39,37,41,38,37,34,36,37,38,40,39,38,38,42,39,38,41,39,40,38,38,39,38,37,36,40,37,41,42,42,44,41,42,40,41,39,38,41,41,44,44,41,43,43,41,40,39,39
40,38,39,37,41,38,37,34,36,37,38,40,39,38,38,42,39,38,41,39,40,38,38,39,38,37,36,40,37,41,42,42,44,41,42,40,41,39,38,41,41,44,44,41,43,43,41,40,39,39
40,38,39,37,41,38,37,35,36,37,38,40,39,38,38,42,39,38,41,39,40,38,38,39,38,37,36,40,37,41,42,42,44,41,42,40,41,39,38,41,41,44,44,41,43,43,41,40,39,39
40,38,39,37,41,38,37,35,36,37,38,40,39,38,38,42,39,38,41,39,40,38,38,39,38,37,37,40,37,41,42,42,44,41,42,40,41,39,39,41,41,44,44,41,43,43,41,40,39,39
40,38,39,37,41,38,38,35,36,37,38,40,39,38,38,42,39,38,41,39,40,38,38,39,39,37,37,40,37,41,42,42,44,41,42,40,41,39,38,41,41,44,44,41,43,43,41,40,39,39
40,38,39,37,41,38,38,35,37,37,38,40,39,38,38,42,39,38,41,39,40,38,38,39,39,37,37,40,37,41,43,43,44,41,42,40,41,39,39,41,41,44,44,41,43,43,41,40,39,39
40,38,39,37,41,38,38,35,37,37,38,40,39,38,38,42,39,38,41,39,40,38,38,39,39,37,37,40,37,41,43,43,44,41,42,40,41,39,39,41,41,44,44,41,43,43,41,40,39,39
41,38,40,37,41,38,38,35,37,37,38,40,39,38,38,42,39,38,41,39,40,38,38,39,39,37,37,40,38,41,43,43,44,41,42,40,41,39,39,41,41,44,44,42,43,43,41,40,39,39
41,38,40,37,41,38,38,35,37,37,38,40,39,39,38,42,39,38,41,39,40,38,38,39,39,37,37,40,38,41,43,43,44,41,42,40,41,39,39,41,41,44,44,42,43,43,41,40,39,40
41,38,40,37,41,38,38,35,37,37,38,40,39,39,38,42,39,38,41,39,40,38,38,39,39,38,37,40,38,41,43,42,44,41,42,40,41,39,39,41,41,44,44,42,43,43,41,40,40,39
40,38,40,37,41,38,38,36,36,37,38,40,39,39,38,42,39,38,41,39,40,38,38,39,39,38,37,40,38,41,43,42,44,41,42,40,41,39,39,41,41,44,44,42,43,43,41,40,40,39
40,38,40,37,40,38,38,36,36,37,38,40,39,39,38,42,39,38,41,39,40,38,38,40,39,38,38,40,38,41,43,42,44,41,42,40,41,39,39,41,41,44,44,41,43,43,41,40,40,39
40,38,40,38,40,38,38,36,36,38,38,40,39,39,39,42,39,38,41,39,40,38,38,40,39,38,38,40,38,41,43,42,44,41,42,40,41,39,39,41,41,44,44,41,43,43,41,40,40,38
40,39,40,38,40,38,39,36,36,38,38,40,39,39,39,42,39,39,41,39,40,39,38,40,39,38,38,40,39,41,43,42,44,41,42,40,41,39,39,41,41,44,44,41,43,43,41,40,40,38
40,39,41,38,40,38,39,36,36,38,38,40,39,39,39,42,39,39,41,39,40,39,39,40,40,38,38,40,39,40,43,43,44,41,42,41,41,39,39,41,41,44,44,41,43,43,41,40,40,38
41,39,41,38,39,38,39,37,36,38,38,40,39,39,39,42,40,39,41,39,40,39,39,40,40,39,38,39,39,40,43,43,44,41,42,41,41,40,40,41,41,44,44,41,43,43,41,40,40,38
41,39,41,38,39,38,39,37,35,38,38,41,39,40,39,42,40,39,42,40,40,39,39,40,40,39,39,39,39,40,43,43,44,41,42,41,41,40,40,41,41,44,44,41,43,43,41,40,41,38
41,39,41,39,39,39,39,37,35,38,39,41,40,40,40,42,40,39,42,40,41,39,39,41,40,39,39,39,39,39,43,43,44,41,42,41,41,40,40,41,41,44,44,41,43,43,41,40,41,37
41,40,40,39,39,39,40,37,35,38,39,41,40,40,40,41,40,39,42,40,41,39,39,41,40,39,39,39,40,39,43,43,44,41,42,41,41,40,40,41,41,44,44,41,43,43,42,41,41,37
41,40,40,39,39,39,40,38,35,38,39,41,40,40,40,41,40,40,42,40,41,40,39,41,40,39,39,38,40,39,42,43,44,41,42,41,42,40,40,42,41,44,44,42,43,43,42,41,41,37
41,40,40,39,38,39,40,38,35,38,39,41,40,40,40,41,40,40,42,40,41,40,40,41,41,40,39,38,40,39,43,43,44,41,42,41,42,40,40,42,42,44,44,42,43,43,42,41,41,37
41,40,40,39,38,39,40,38,35,38,39,41,40,41,40,41,40,40,42,40,41,40,40,41,41,40,39,38,40,39,43,43,45,42,42,41,42,41,40,42,42,44,45,42,43,43,42,41,42,38
42,41,40,39,38,40,41,39,35,38,40,42,41,41,41,41,41,40,42,41,42,40,39,41,41,40,39,38,41,39,43,43,45,42,42,41,42,41,40,42,42,44,45,42,43,43,42,41,42,38
42,41,40,40,38,40,41,39,35,37,40,42,41,41,41,41,41,41,42,41,42,41,40,42,41,40,39,38,41,38,43,43,46,42,42,42,42,41,41,42,42,44,46,42,43,43,42,41,42,38
42,41,39,40,38,40,41,39,35,38,40,42,41,42,41,41,41,41,42,41,42,41,39,43,41,41,40,37,41,39,43,43,46,42,43,42,42,41,41,42,42,44,46,43,43,44,42,42,42,37
42,41,39,40,38,40,42,39,35,38,40,42,41,42,41,41,41,41,42,41,42,41,39,43,41,41,40,37,41,39,43,43,46,42,43,42,42,41,41,42,42,45,46,47,43,44,42,42,42,38
42,42,40,40,38,41,42,40,35,38,40,41,42,42,42,41,41,42,41,41,43,41,39,42,42,41,40,37,41,39,43,43,46,42,44,43,44,41,41,42,42,44,46,47,43,44,43,42,42,38
42,44,40,40,38,42,41,40,34,38,40,41,42,42,42,41,41,42,42,42,44,42,39,42,42,42,39,37,42,39,43,43,46,42,44,43,44,42,41,42,43,45,46,47,43,44,43,42,44,38
41,44,40,40,38,42,41,40,34,38,41,42,44,43,42,41,42,43,42,42,44,43,39,42,43,42,40,38,42,39,43,43,47,45,44,43,44,42,41,43,42,45,46,48,43,44,44,44,44,38
41,44,40,40,38,43,42,40,34,38,41,42,44,43,42,42,42,43,42,42,44,43,39,42,43,43,40,38,42,39,43,44,47,45,44,44,44,45,41,43,43,45,46,48,44,46,44,45,44,38
41,45,40,41,38,43,42,41,35,39,41,42,44,43,43,42,44,43,42,42,44,43,40,42,43,43,40,38,42,39,44,44,47,45,44,46,44,45,41,43,43,45,47,48,46,46,44,45,44,38
41,45,40,40,38,44,42,41,35,39,41,42,44,43,43,42,45,44,42,42,44,43,40,42,44,43,40,38,44,39,46,45,47,46,44,47,45,45,41,43,44,45,47,48,46,46,44,46,44,38
41,45,40,40,38,45,42,41,35,39,41,42,44,43,43,42,46,43,42,43,43,43,40,42,43,43,40,38,44,39,46,45,47,47,45,46,44,45,41,43,44,45,47,48,46,47,45,46,44,39
41,45,40,40,38,45,42,41,35,39,41,42,44,43,43,42,46,44,42,46,43,44,40,42,44,43,39,38,44,39,46,45,47,48,44,47,45,45,41,43,45,45,48,48,46,47,45,46,44,39
41,45,40,40,38,45,42,41,35,39,41,42,44,43,43,42,46,44,42,46,43,44,40,42,44,43,39,38,44,38,46,47,47,48,44,47,45,46,41,43,45,45,48,48,46,47,48,46,44,39
41,45,40,40,38,45,42,41,35,39,40,42,44,43,43,41,47,44,42,46,43,44,40,42,44,43,39,38,44,38,46,47,47,48,44,47,45,46,42,43,45,45,48,48,46,47,48,46,44,39
40,45,40,40,38,45,42,41,35,39,40,42,44,43,43,41,47,44,42,46,43,45,40,42,44,43,39,38,44,38,46,47,47,48,44,47,44,46,42,42,45,45,48,48,46,47,48,46,44,39
40,45,40,40,38,45,42,40,35,39,40,42,44,43,43,41,47,44,42,46,43,45,40,42,44,43,39,38,44,38,46,47,47,48,45,47,44,46,41,42,45,45,48,48,46,47,48,46,44,39
40,45,40,40,38,45,41,40,35,39,40,42,44,43,42,40,46,44,42,46,43,45,40,42,43,43,39,38,44,37,46,47,47,48,45,47,44,45,41,42,45,45,48,48,46,47,47,46,44,39
39,45,40,40,38,45,41,40,35,39,40,42,44,43,42,40,46,43,42,45,43,44,40,42,43,43,38,38,44,37,46,47,47,48,45,46,43,45,41,41,45,45,48,49,46,47,47,46,44,39
39,45,39,40,37,45,41,40,35,38,40,42,44,42,41,40,46,43,42,45,43,44,40,42,43,43,38,38,44,37,46,47,47,48,45,46,43,45,41,41,45,45,48,48,46,47,47,45,44,39
39,45,39,39,37,45,41,40,35,38,40,42,43,41,41,39,46,43,41,45,43,44,40,41,43,42,38,38,44,37,45,47,47,48,45,46,43,45,41,41,44,45,48,48,46,47,47,45,43,39
39,45,39,40,38,45,41,39,35,37,41,42,43,41,41,39,46,43,41,45,43,44,40,41,43,42,38,38,44,37,45,47,47,48,45,46,43,45,41,40,44,45,48,48,46,47,47,45,42,39
39,45,39,40,37,45,41,39,35,37,41,42,42,41,41,39,46,43,40,45,43,44,40,40,42,41,38,38,44,37,45,47,47,48,45,46,43,45,41,40,43,45,48,48,46,47,47,45,42,40
38,44,39,40,37,45,41,39,35,37,40,42,42,41,41,39,46,43,40,45,43,44,40,40,42,41,38,38,44,37,45,47,46,48,45,46,42,45,41,39,43,44,48,48,45,47,47,45,42,40
38,44,39,40,37,45,41,39,35,37,40,41,42,40,40,39,45,43,40,45,43,44,39,39,42,41,38,37,44,38,45,47,46,48,45,46,42,45,41,39,43,44,48,48,45,47,47,45,41,40
38,44,38,40,37,45,41,39,35,37,40,41,42,40,40,39,45,43,39,45,42,44,39,39,42,40,38,37,44,38,45,46,45,48,45,45,42,45,41,39,43,44,48,48,45,47,47,44,41,40
38,44,38,39,37,44,41,39,35,37,40,41,42,40,40,38,45,42,39,44,42,44,39,39,41,40,38,37,44,37,45,46,45,48,45,45,41,45,40,39,43,44,47,48,45,47,47,44,41,39
38,44,38,39,37,44,41,39,35,36,39,40,42,40,40,38,45,42,39,44,41,44,39,39,41,39,37,37,43,37,45,46,45,48,45,45,41,44,40,39,42,43,47,47,45,46,46,43,41,39
38,44,38,39,37,44,40,38,35,36,39,40,41,39,39,38,45,42,38,44,41,43,39,39,40,39,37,37,43,37,45,46,45,48,44,44,41,43,39,39,42,43,46,47,45,46,46,43,41,39
37,43,38,39,37,43,40,38,34,36,39,40,41,39,39,38,44,41,38,43,40,43,38,38,40,39,37,36,42,37,44,45,44,47,43,44,41,43,39,38,42,43,46,47,44,46,45,43,41,39
37,43,38,39,37,43,40,38,34,36,38,39,40,39,39,38,44,40,38,43,40,42,38,38,39,39,37,36,42,37,44,45,44,47,43,44,40,42,39,38,42,42,45,46,44,45,45,42,40,39
37,42,37,39,37,43,39,38,34,36,38,39,40,39,39,38,43,40,38,42,39,41,38,38,39,39,37,36,41,37,43,44,43,46,42,43,40,42,39,38,41,42,45,46,43,45,45,42,40,39
37,42,37,39,37,42,38,37,34,36,38,38,40,39,39,37,43,40,38,42,39,41,38,38,39,38,37,36,41,37,43,44,43,46,42,43,40,42,39,38,41,41,45,45,43,44,44,42,40,39
37,42,37,39,37,42,38,37,34,36,38,38,40,39,38,37,43,39,38,42,39,41,38,38,39,38,37,36,41,37,43,44,43,46,42,43,40,41,39,38,41,41,44,45,43,44,44,42,40,39
37,42,37,39,37,42,38,37,35,36,37,38,40,39,38,37,42,39,38,41,39,40,38,38,39,38,37,36,40,37,42,44,43,45,41,43,40,41,39,38,41,41,44,45,42,44,44,41,40,39
37,41,38,39,37,41,38,37,35,36,37,38,40,39,38,37,42,39,38,41,39,40,38,38,39,38,37,37,40,37,42,44,43,45,41,43,40,41,39,38,41,41,44,45,42,44,44,41,40,39
37,41,38,39,37,41,37,37,35,36,37,38,40,39,38,38,42,39,38,41,39,40,38,38,39,38,37,37,40,37,42,43,43,45,41,42,40,41,39,38,41,41,44,45,42,44,44,41,40,39
37,41,38,39,37,41,37,38,35,37,37,38,40,38,38,38,42,39,38,41,39,40,38,38,39,39,37,37,40,37,42,43,43,45,41,42,40,41,39,38,41,41,44,44,42,43,44,41,40,39
37,41,38,39,37,41,37,38,35,37,37,38,40,38,38,38,42,39,38,41,39,40,38,38,39,39,37,37,40,38,41,43,43,44,41,42,40,41,39,39,41,41,44,44,42,43,43,41,40,39
37,41,38,40,37,41,37,38,35,37,37,38,40,39,38,38,42,39,38,41,39,40,38,38,39,39,37,37,40,38,41,43,42,44,41,42,40,41,39,39,41,41,44,44,42,43,43,41,40,39
37,40,38,40,37,41,37,38,35,36,37,38,40,39,39,38,42,39,38,41,39,40,38,38,39,39,37,37,40,38,41,43,42,44,41,42,40,41,39,39,41,41,44,44,42,43,43,41,40,39
37,40,38,40,37,41,38,38,36,36,37,38,40,39,39,38,42,39,38,41,39,40,38,38,39,39,38,37,40,38,41,43,42,44,41,42,40,41,39,39,41,41,44,44,41,43,43,41,40,40
37,40,38,40,37,40,38,38,36,36,37,38,40,39,39,38,42,39,38,41,39,40,38,38,40,39,38,38,40,38,41,43,42,44,41,42,40,41,39,39,41,41,44,44,41,43,43,41,40,40
37,40,38,40,38,40,38,38,36,36,38,38,40,39,39,38,42,39,38,41,39,40,38,38,40,39,38,38,40,38,41,43,42,44,41,42,40,41,39,39,41,41,44,44,41,43,43,41,40,40
38,40,38,40,38,40,38,39,36,36,38,38,40,39,39,39,42,39,39,41,39,40,38,38,40,39,38,38,40,39,40,43,42,44,41,42,40,41,39,39,41,41,44,44,41,43,43,41,40,40
38,40,39,40,38,39,38,39,36,36,38,38,40,39,39,39,42,39,39,41,39,40,39,39,40,39,38,38,39,39,40,43,42,44,41,42,41,41,39,39,41,41,44,44,41,43,43,41,40,40
38,41,39,40,38,39,38,39,37,35,38,38,40,39,39,39,42,39,39,41,39,40,39,39,40,40,39,38,39,39,40,43,42,44,41,42,41,41,40,39,41,41,44,44,41,43,43,41,40,40
38,41,39,40,38,39,38,39,37,35,38,38,40,39,40,39,42,40,39,42,39,40,39,39,40,40,39,39,39,39,39,43,42,44,41,42,41,41,40,40,41,41,44,44,41,43,43,41,40,41
38,41,39,40,38,39,39,39,37,35,38,39,41,40,40,39,42,40,39,42,40,41,39,39,40,40,39,39,39,39,39,42,43,44,41,42,41,41,40,40,41,41,44,44,41,43,43,41,40,41
39,41,39,40,39,39,39,40,37,35,38,39,41,40,40,40,41,40,39,42,40,41,39,39,41,40,39,39,38,40,39,42,43,44,41,42,41,41,40,40,41,41,44,44,41,43,43,41,41,41
39,41,40,40,39,38,39,40,38,35,38,39,41,40,40,40,41,40,40,42,40,41,40,39,41,40,39,39,38,40,39,42,43,44,41,42,41,42,40,40,42,41,44,44,42,43,43,42,41,41
39,41,40,40,39,38,39,40,38,35,38,39,41,40,40,40,41,40,40,42,40,41,40,39,41,41,40,39,38,40,39,42,43,44,41,42,41,42,40,40,42,41,44,44,42,43,43,42,41,41
39,41,40,40,39,38,39,40,38,35,38,39,41,40,41,40,41,40,40,42,40,41,40,39,41,41,40,39,38,40,39,43,43,45,41,42,41,42,41,40,42,42,44,45,42,43,43,42,41,42
40,42,40,39,39,38,40,41,39,35,37,40,42,41,41,41,41,41,40,42,40,41,40,39,41,41,40,39,37,40,38,43,43,45,42,42,41,42,41,40,42,42,44,45,42,43,43,42,41,42
40,42,41,39,39,38,40,41,39,34,37,40,42,41,41,41,41,41,41,42,41,42,41,39,42,41,40,39,37,41,38,43,43,46,42,42,42,42,41,40,42,42,44,46,42,43,43,42,41,42
40,42,41,39,39,38,40,41,39,34,37,40,42,41,43,41,41,41,41,42,41,42,41,39,43,41,41,39,37,41,38,43,43,46,42,43,42,42,41,40,42,42,44,46,43,43,44,42,42,42
40,42,41,39,40,38,40,42,39,34,38,40,42,41,42,41,41,41,41,42,41,42,41,39,43,41,41,40,37,41,38,43,43,46,42,43,42,42,41,41,42,42,45,46,47,43,44,42,42,42
40,42,42,39,40,37,41,42,39,34,38,40,41,42,42,42,41,41,42,41,41,43,41,39,42,42,41,40,37,41,39,43,43,46,42,44,43,43,41,41,42,42,44,46,47,43,44,43,42,42
41,42,44,39,40,37,42,41,40,34,38,40,41,42,42,42,41,41,42,41,42,44,42,39,42,42,42,39,37,41,39,43,43,46,42,44,43,44,42,40,42,42,44,46,47,43,44,43,42,43
41,41,44,39,40,38,42,41,40,34,38,40,41,44,42,42,41,42,43,42,42,44,43,39,42,43,42,39,37,42,39,43,43,46,45,44,43,44,42,40,42,42,45,46,48,43,44,43,44,43
41,41,44,40,40,38,43,41,40,34,38,40,42,44,43,42,41,42,43,42,42,44,43,39,42,43,42,40,37,42,39,43,44,47,45,44,44,44,45,41,42,42,45,46,48,44,46,44,45,44
42,41,45,40,40,38,43,42,40,34,38,41,42,44,43,42,42,44,43,42,42,44,43,39,42,43,43,40,38,42,39,44,44,47,45,44,46,44,45,41,42,43,45,47,48,46,46,44,45,44
42,41,45,40,40,38,44,42,41,34,39,41,42,44,43,43,42,45,43,42,42,44,43,39,42,43,43,39,38,44,38,45,45,47,46,44,46,44,45,41,43,44,45,47,48,46,46,44,45,44
42,41,45,40,40,37,45,42,41,34,39,41,42,44,43,43,42,46,43,42,43,43,43,40,42,43,43,39,38,44,38,46,45,47,47,45,46,44,45,41,42,44,45,47,48,46,47,45,45,44
42,41,45,40,40,38,45,42,41,34,39,41,42,44,43,43,42,46,43,42,45,43,44,40,42,43,43,39,38,44,38,45,45,47,48,44,46,44,45,41,42,45,45,48,48,46,47,45,45,44
42,41,45,40,40,38,45,42,41,34,39,40,42,44,43,43,41,46,43,42,45,43,44,40,42,43,43,39,38,44,38,45,47,47,48,44,46,44,45,41,42,45,45,48,48,46,47,47,45,44
42,41,45,40,40,38,45,42,41,35,39,40,42,44,43,43,41,46,43,42,45,43,44,40,42,43,43,39,38,44,38,45,47,47,48,44,46,44,45,41,42,45,45,48,48,46,47,47,45,44
42,40,45,40,40,38,45,42,40,35,39,40,42,44,43,43,41,46,43,42,45,43,44,40,42,43,43,39,38,44,38,45,47,47,48,44,46,44,45,41,42,45,45,48,48,46,47,47,45,44
42,40,44,40,39,38,45,41,40,35,39,40,42,44,43,42,40,46,43,42,45,43,44,40,42,43,42,38,38,44,37,45,47,46,48,45,46,44,45,41,42,45,45,48,48,45,47,47,45,44
42,39,44,39,39,37,44,41,40,35,39,40,41,43,42,42,40,46,43,41,45,42,44,40,41,43,42,38,38,43,37,45,46,46,48,44,46,43,45,41,41,44,44,47,48,45,46,47,45,43
42,39,44,39,39,37,44,41,40,35,39,40,41,43,42,42,40,46,43,41,45,43,44,40,41,43,42,38,38,43,37,45,46,46,48,45,46,43,45,41,41,44,44,47,48,45,46,47,45,43
42,39,44,39,39,37,44,41,39,35,38,40,41,43,42,41,39,46,43,41,45,43,44,40,41,43,42,38,38,43,37,45,46,46,48,45,46,43,45,41,40,44,44,47,48,45,46,47,45,43
42,38,44,39,39,37,44,41,39,35,37,40,41,43,41,41,39,45,42,41,44,42,43,40,41,42,42,38,37,43,37,45,46,46,48,44,45,43,44,41,40,44,44,47,48,45,46,46,44,43
41,38,43,39,39,37,43,40,39,35,37,40,40,42,41,41,39,45,42,41,44,42,43,39,41,42,41,38,37,43,37,44,45,45,47,44,45,43,44,41,40,43,44,46,47,44,46,46,44,42
41,38,43,39,39,37,43,40,39,35,37,39,40,42,41,41,39,44,41,40,43,41,42,39,40,41,41,38,37,42,37,44,45,45,47,43,44,42,43,41,39,43,43,46,46,44,45,45,43,42
41,38,43,39,39,37,43,40,39,35,37,39,40,42,40,40,39,44,41,40,43,41,42,39,40,41,41,38,37,42,37,43,45,45,47,43,44,42,43,41,39,43,43,46,46,44,45,45,43,41
41,38,43,38,39,37,43,40,39,35,37,39,40,42,40,40,39,44,41,39,43,41,42,39,39,41,40,38,37,42,37,43,45,45,47,43,44,42,43,41,39,43,43,46,46,44,45,45,43,41
40,38,42,38,39,37,43,39,39,34,37,39,40,42,40,40,38,44,41,39,43,41,42,39,39,41,40,38,37,42,37,43,45,44,46,43,44,42,43,41,39,43,43,46,46,43,45,45,43,41
40,38,42,38,39,37,42,39,39,34,36,39,39,41,40,40,38,44,41,39,43,41,42,39,39,41,40,38,37,42,37,43,44,44,46,43,44,41,43,40,39,42,43,45,46,43,45,45,43,41
40,37,42,38,39,37,42,39,38,34,36,39,39,41,40,39,38,44,41,38,43,40,42,39,39,40,39,37,37,41,37,43,44,44,46,42,44,41,43,40,38,42,42,45,46,43,44,45,43,41
40,37,42,38,39,37,42,39,38,34,36,38,39,41,39,39,38,43,40,38,42,40,41,38,38,40,39,37,36,41,37,43,44,44,46,42,43,41,42,39,38,42,42,45,45,43,44,44,42,41
40,37,42,37,39,37,42,39,38,34,36,38,39,41,39,39,38,43,40,38,42,40,41,38,38,40,39,37,36,41,37,42,44,44,45,42,43,40,42,39,38,42,42,45,45,43,44,44,42,40
39,37,41,37,39,37,42,38,38,34,36,38,39,40,39,39,37,43,40,38,42,39,41,38,38,39,39,37,36,41,37,42,44,43,45,42,43,40,42,39,38,42,42,45,45,42,44,44,42,40
39,37,41,37,39,37,41,38,38,34,36,38,38,40,39,38,37,43,40,38,42,39,41,38,38,39,38,37,36,41,37,42,43,43,45,42,43,40,42,39,38,41,41,44,45,42,44,44,42,40
39,37,41,37,39,37,41,38,37,34,36,38,38,40,39,38,37,43,40,38,42,39,41,37,38,39,38,37,36,40,37,42,43,43,45,42,43,40,42,39,38,41,41,44,45,42,43,44,42,40
39,37,41,37,39,37,41,38,37,34,36,37,38,40,38,38,37,43,39,38,42,39,41,37,38,39,38,37,36,40,37,42,43,43,45,41,43,40,41,38,38,41,41,44,45,42,44,44,41,40
39,37,41,37,39,37,41,38,37,34,36,37,38,40,38,38,37,42,39,38,41,39,40,37,38,39,38,37,36,40,37,42,43,43,45,41,43,40,41,38,38,41,41,44,45,42,44,44,41,39
39,37,41,37,39,37,41,38,37,35,36,37,38,40,38,38,37,42,39,38,41,39,40,37,38,39,38,37,36,40,37,42,43,43,45,41,42,40,41,38,38,41,41,44,45,42,44,44,41,39
38,37,41,37,39,37,41,37,37,35,36,37,38,40,38,38,37,42,39,38,41,39,40,37,38,39,38,37,36,40,37,42,43,43,45,41,42,40,41,38,38,40,41,44,44,42,43,44,41,39
38,37,41,38,39,37,41,37,37,35,36,37,38,40,38,38,38,42,39,38,41,39,40,38,38,39,38,37,37,40,37,41,43,42,44,41,42,40,41,38,38,40,41,44,44,42,43,43,41,39
38,37,41,38,39,37,41,37,37,35,37,37,38,40,38,38,38,42,39,38,41,39,40,38,38,39,38,37,37,40,37,41,43,42,44,41,42,40,41,39,38,40,41,44,44,42,43,43,41,39
38,37,41,38,39,37,41,37,38,35,36,37,38,40,38,38,38,42,39,38,41,39,40,38,38,39,39,37,37,40,38,41,43,42,44,41,42,40,41,39,39,41,41,44,44,42,43,43,41,39
38,37,40,38,40,37,41,37,38,35,36,37,38,40,39,38,38,42,39,38,41,39,40,38,38,39,39,37,37,40,38,41,43,42,44,41,42,40,41,39,39,41,41,44,44,41,43,43,41,40
38,37,40,38,40,37,40,37,38,35,36,37,38,40,39,39,38,42,39,38,41,39,40,38,38,39,39,38,37,40,38,41,43,42,44,41,42,40,41,39,39,41,41,43,44,41,43,43,41,40
38,37,40,38,40,37,40,38,38,36,36,37,38,40,39,39,38,42,39,38,41,39,40,38,38,39,39,38,37,40,38,41,43,42,44,41,42,40,41,39,39,41,41,43,44,41,43,43,41,40
38,37,40,38,40,37,40,38,38,36,36,37,38,40,39,39,38,42,39,38,41,39,40,38,38,40,39,38,38,40,38,41,43,42,44,41,42,40,41,39,39,41,41,43,44,41,43,43,41,40
39,38,40,38,40,38,40,38,38,36,36,38,38,40,39,39,39,42,39,38,41,39,40,38,38,40,39,38,38,39,38,40,43,42,44,41,42,40,41,39,39,41,41,43,44,41,43,43,41,40
39,38,40,39,40,38,39,38,39,36,35,38,38,40,39,39,39,42,39,39,41,39,40,39,38,40,39,38,38,39,39,40,43,42,44,41,42,40,41,39,39,41,41,43,44,41,43,43,41,40
39,38,40,39,40,38,39,38,39,37,35,38,38,40,39,39,39,42,39,39,41,39,40,39,39,40,40,38,38,39,39,40,43,42,44,41,42,41,41,40,39,41,41,43,44,41,43,43,41,40
39,38,41,39,40,38,39,38,39,37,35,38,38,40,39,40,39,42,40,39,41,39,40,39,39,40,40,39,39,39,39,39,42,42,44,41,42,41,41,40,40,41,41,44,44,41,43,43,41,40
39,38,41,39,40,38,39,38,39,37,35,38,38,41,40,40,39,42,40,39,42,40,41,39,39,40,40,39,39,38,39,39,42,42,44,41,42,41,41,40,40,41,41,44,44,41,43,43,41,40
39,39,41,39,40,39,38,39,40,37,35,38,39,41,40,40,40,42,40,39,42,40,41,39,39,41,40,39,39,38,39,39,42,43,44,41,42,41,41,40,40,41,41,44,44,41,43,43,41,41
40,39,41,40,40,39,38,39,40,38,35,38,39,41,40,40,40,42,40,39,42,40,41,40,39,41,40,39,39,38,40,39,42,43,44,41,42,41,42,40,40,42,41,44,44,41,43,43,42,41
40,39,41,40,40,39,38,39,40,38,35,38,39,41,40,40,40,42,40,40,42,40,41,40,39,41,41,40,39,38,40,38,42,43,44,41,42,41,42,40,40,42,41,44,44,42,43,43,42,41
40,39,41,40,39,39,38,39,40,38,35,38,39,41,40,41,40,42,40,40,42,40,41,40,39,41,41,40,38,37,40,38,42,43,44,41,42,41,42,41,40,42,42,44,45,42,43,43,42,41
40,40,42,40,39,39,38,40,41,38,34,37,40,42,41,41,41,41,41,40,43,40,41,40,39,41,41,40,39,37,40,38,43,43,45,42,42,41,42,41,40,42,42,44,45,42,43,43,42,41
41,40,42,41,39,39,38,40,41,39,34,37,40,42,41,41,41,41,41,40,43,41,42,41,39,42,41,40,39,37,41,38,43,43,46,42,42,42,42,41,40,42,42,44,46,42,43,43,42,41
41,40,42,41,39,39,38,40,41,39,34,37,40,42,41,42,41,42,41,41,43,41,42,41,39,43,41,41,39,37,41,38,43,43,47,42,43,42,42,41,40,42,42,44,46,43,43,43,42,42
41,40,42,41,39,39,37,40,42,39,34,37,40,42,41,43,41,42,41,41,43,41,42,41,39,43,41,41,39,37,41,38,43,43,47,42,43,42,42,41,41,42,42,45,46,47,43,44,42,42
40,40,42,42,39,40,37,41,42,39,34,38,40,42,41,43,43,42,41,42,42,41,43,41,39,43,42,41,40,37,41,38,43,43,47,42,44,43,44,41,41,42,42,45,46,47,43,44,43,42
41,41,42,45,39,40,37,42,42,40,34,38,40,42,42,43,43,42,41,42,42,42,44,42,39,43,42,42,39,37,41,38,43,43,47,42,44,43,45,42,40,42,42,45,46,47,43,44,43,42
40,41,41,45,39,40,37,42,42,40,34,38,40,42,44,43,43,42,42,43,43,42,44,43,39,43,44,43,39,37,42,39,43,43,47,45,44,43,45,42,40,42,42,46,46,48,43,44,43,44
40,41,42,46,39,40,37,43,43,40,34,38,40,43,45,43,43,42,42,43,43,42,44,43,39,43,44,43,39,37,42,39,43,44,48,45,44,44,45,46,40,42,42,46,46,48,44,46,44,46
40,42,41,46,40,40,37,43,43,40,34,38,40,43,44,43,44,42,44,43,43,42,44,43,39,43,44,44,39,38,42,39,44,44,48,45,44,47,45,46,41,42,43,46,47,49,47,46,44,46
40,42,41,46,40,40,37,44,43,41,34,38,41,43,44,44,44,42,45,44,43,42,44,43,39,43,45,44,39,38,45,38,47,45,48,46,44,48,45,47,41,42,44,46,47,48,47,46,44,46
40,42,41,46,40,40,37,46,42,41,34,39,41,43,44,44,44,42,47,45,44,43,44,43,39,44,45,44,39,38,46,38,47,45,48,47,45,48,45,47,41,42,44,47,47,48,47,47,45,47
40,42,41,46,40,40,37,46,42,41,34,39,41,43,44,44,44,42,46,45,44,47,45,44,40,44,45,44,39,38,46,38,47,45,48,48,44,48,45,47,41,42,46,47,48,48,47,47,45,47
40,42,41,46,40,40,37,46,42,41,34,39,40,43,44,44,44,41,46,45,44,47,45,44,40,44,45,44,39,38,46,38,47,48,48,48,44,48,45,47,41,42,46,47,48,48,47,48,48,47
40,42,40,46,40,40,38,46,42,41,34,39,40,43,44,44,43,41,48,45,44,46,45,44,40,44,44,44,39,38,46,38,47,48,48,48,44,48,45,47,41,42,46,47,48,48,47,48,48,47
40,42,40,46,39,39,38,46,42,40,35,39,40,43,44,44,43,41,48,45,43,46,45,46,40,44,44,44,38,38,46,38,47,48,48,48,44,48,44,47,41,42,46,46,48,48,47,48,48,47
40,42,39,46,39,39,38,46,41,40,35,39,40,42,44,43,43,40,48,45,43,46,44,46,40,43,44,44,38,38,45,37,47,48,48,48,46,48,44,47,41,41,46,46,48,48,47,48,48,47
39,42,39,45,39,39,37,46,41,40,35,39,40,42,44,43,42,40,47,44,43,45,44,45,40,42,43,43,38,38,45,37,46,48,47,48,46,47,43,46,41,41,46,45,48,48,46,48,48,46
40,42,39,45,39,39,37,46,41,39,35,39,40,42,44,42,41,40,47,44,42,45,44,45,40,42,43,43,38,38,45,37,46,48,47,48,46,47,43,46,40,41,45,45,48,49,46,48,48,46
40,42,39,45,39,39,37,46,41,39,35,38,40,42,44,42,41,39,47,44,42,45,44,45,40,41,43,42,38,38,45,37,46,48,47,48,46,47,43,46,40,40,45,45,49,49,46,48,48,46
39,42,38,46,39,39,37,46,41,39,35,37,40,42,43,41,41,39,47,44,41,45,44,45,39,41,42,42,38,37,44,37,46,48,47,49,46,47,43,46,40,40,44,45,49,48,47,48,48,46
39,42,38,46,39,39,37,46,41,39,35,37,40,42,42,41,41,39,46,44,41,45,44,45,39,41,42,41,38,37,44,37,46,48,47,49,46,46,43,46,41,40,43,44,49,48,47,48,48,45
38,42,38,46,39,39,37,46,41,39,35,37,40,42,42,41,41,39,46,44,40,45,43,45,39,40,42,41,38,37,44,37,46,48,46,48,46,46,42,46,41,39,43,44,49,48,47,48,48,45
38,41,38,46,39,39,37,46,41,39,34,37,40,41,42,40,40,39,45,44,40,45,43,45,39,40,42,41,38,37,44,37,46,48,46,48,46,46,42,45,41,39,43,44,48,48,47,48,48,45
38,42,38,46,38,39,37,46,41,39,35,37,40,41,42,40,40,39,45,44,39,45,43,45,39,39,42,40,38,37,44,37,46,48,46,48,46,45,42,45,41,39,43,44,48,48,47,48,47,45
38,41,38,46,38,40,37,46,41,39,34,37,40,41,42,40,40,38,45,43,39,44,42,45,39,39,41,40,38,37,44,37,46,48,45,48,45,45,42,45,41,39,43,44,48,49,46,47,47,44
38,41,38,46,38,39,37,46,41,39,34,36,40,41,42,40,40,38,45,42,39,44,41,44,39,39,41,40,38,37,43,37,46,48,45,48,45,45,41,44,40,39,42,43,47,48,46,47,47,43
38,41,38,46,38,39,37,46,41,38,34,36,39,40,41,40,39,38,45,42,38,44,41,44,39,39,41,39,37,37,43,37,45,48,45,48,45,44,41,43,40,38,42,43,47,47,46,46,46,43
37,41,37,45,38,39,37,46,40,38,34,36,39,40,41,39,39,38,44,41,38,43,40,43,38,38,40,39,37,36,42,37,45,48,44,48,44,44,41,43,39,38,42,43,46,47,45,46,46,43
37,40,37,44,38,39,37,45,40,38,34,36,38,39,41,39,39,38,44,41,38,43,40,42,38,38,40,39,37,36,42,37,44,47,44,47,43,44,40,43,39,38,42,42,46,46,44,46,45,42
37,40,37,43,37,39,37,45,39,38,34,36,38,39,40,39,39,37,44,40,38,43,39,42,38,38,39,39,37,36,41,37,44,46,44,47,43,44,40,42,39,38,42,42,45,46,43,45,45,42
37,39,37,43,37,39,37,44,39,38,34,36,38,39,40,39,38,37,43,40,38,42,39,41,38,38,39,38,37,36,41,37,43,46,43,47,42,43,40,42,39,38,41,41,45,46,43,45,44,42
37,39,37,42,37,39,37,43,38,37,34,36,38,38,40,39,38,37,43,40,38,42,39,41,37,38,39,38,37,36,41,37,43,45,43,46,42,43,40,42,39,38,41,41,45,45,43,44,44,42
37,39,37,42,37,39,37,42,38,37,34,36,37,38,40,38,38,37,43,39,38,42,39,41,37,38,39,38,37,36,40,37,42,45,43,45,41,43,40,41,38,38,41,41,44,45,43,44,44,41
37,39,37,42,37,39,37,42,38,37,34,36,37,38,40,38,38,37,42,39,38,41,39,40,37,38,39,38,37,36,40,37,42,45,43,45,41,43,40,41,38,38,41,41,44,45,42,44,44,41
37,39,37,41,37,39,37,41,38,37,35,36,37,38,40,38,38,37,42,39,38,41,39,40,37,38,39,38,37,36,40,37,42,44,43,45,41,43,40,41,38,38,41,41,44,45,42,44,44,41
37,38,37,41,38,39,37,41,37,37,35,36,37,38,40,38,38,38,42,39,38,41,39,40,37,38,39,38,37,37,40,37,42,44,43,45,41,42,40,41,38,38,41,41,44,45,42,43,44,41
37,38,37,41,38,39,37,41,37,37,35,36,37,38,40,38,38,38,42,39,38,41,39,40,38,38,39,38,37,37,40,37,41,44,42,45,41,42,40,41,39,38,41,41,44,44,42,43,44,41
37,38,37,41,38,39,37,41,37,38,35,37,37,38,40,38,38,38,42,39,38,41,39,40,38,38,39,39,37,37,40,37,41,44,42,44,41,42,40,41,39,38,41,41,44,44,42,43,43,41
37,38,37,41,38,40,37,41,37,38,35,37,37,38,40,38,38,38,42,39,38,41,39,40,38,38,39,39,37,37,40,38,41,43,42,44,41,42,40,41,39,39,41,41,44,44,42,43,43,41
37,38,37,40,38,40,37,41,37,38,35,36,37,38,40,39,39,38,42,39,38,41,39,40,38,38,39,39,37,37,40,38,41,43,42,44,41,42,40,41,39,39,41,41,44,44,41,43,43,41
37,38,37,40,38,40,37,40,38,38,35,36,37,38,40,39,39,38,42,39,38,41,39,40,38,38,39,39,38,37,40,38,41,43,42,44,41,42,40,41,39,39,41,41,44,44,41,43,43,41
37,38,37,40,38,40,37,40,38,38,36,36,37,38,40,39,39,38,42,39,38,41,39,40,38,38,39,39,38,37,40,38,41,43,42,44,41,42,40,41,39,39,41,41,44,44,41,43,43,41
37,38,37,40,38,40,38,40,38,38,36,36,37,38,40,39,39,38,42,39,38,41,39,40,38,38,40,39,38,38,40,38,41,43,42,44,41,42,40,41,39,39,41,41,43,44,41,43,43,41
38,39,38,40,38,40,38,40,38,38,36,36,38,38,40,39,39,39,42,39,38,41,39,40,38,38,40,39,38,38,40,38,40,43,42,44,41,42,40,41,39,39,41,41,44,44,41,43,43,41
38,39,38,40,39,40,38,39,38,39,36,36,38,38,40,39,39,39,42,39,39,41,39,40,39,39,40,39,38,38,39,39,40,43,42,44,41,42,40,41,39,39,41,41,43,44,41,43,43,41
38,39,38,41,39,40,38,39,38,39,37,35,38,38,40,39,39,39,42,39,39,41,39,40,39,39,40,40,38,38,39,39,40,43,42,44,41,42,41,41,40,39,41,41,44,44,41,43,43,41
38,39,38,41,39,40,38,39,38,39,37,35,38,38,40,39,40,39,42,40,39,42,39,40,39,39,40,40,39,39,39,39,39,42,42,44,41,42,41,41,40,40,41,41,44,44,41,43,43,41
38,39,38,41,39,40,38,39,38,39,37,35,38,38,41,40,40,39,42,40,39,42,40,41,39,39,40,40,39,39,39,39,39,42,43,44,41,42,41,41,40,40,41,41,44,44,41,43,43,41
38,39,39,41,39,40,39,39,39,40,37,35,38,39,41,40,40,40,43,40,39,42,40,41,39,39,41,40,39,39,38,40,39,42,43,44,41,42,41,41,40,40,41,41,44,44,41,43,43,41
38,40,39,41,40,40,39,38,39,40,38,35,38,39,41,40,40,40,43,40,40,42,40,41,40,39,41,40,39,39,38,40,39,42,43,44,41,42,41,42,40,40,42,41,44,44,42,43,43,42
38,40,39,41,40,40,39,38,39,40,38,35,38,39,41,40,40,40,43,40,40,42,40,41,40,39,41,41,40,39,38,40,39,42,43,44,41,42,41,42,40,40,42,41,44,44,42,43,43,42
37,40,39,41,40,40,39,38,39,40,38,35,38,39,41,40,41,40,43,40,40,42,40,41,40,39,41,41,40,39,38,40,39,42,43,44,41,42,41,42,41,40,42,42,44,45,42,43,43,42
37,40,40,42,40,39,39,38,40,41,39,35,37,40,42,41,41,41,42,41,40,43,40,41,40,39,41,41,40,39,37,40,38,43,43,45,42,42,41,42,41,40,42,42,44,45,42,43,43,42
37,41,40,42,41,39,39,38,40,41,39,34,37,40,42,41,41,41,42,41,40,43,41,42,41,39,42,41,40,39,37,41,38,43,43,46,42,42,42,42,41,40,42,42,44,46,42,43,43,42
37,41,40,42,41,39,39,38,40,41,39,34,37,40,42,41,42,41,42,41,41,45,41,42,41,39,43,41,41,39,37,41,38,43,43,48,42,43,42,42,41,40,42,42,44,46,43,43,43,42
37,41,40,42,41,39,40,38,40,42,39,35,38,40,42,41,43,41,42,41,41,46,41,42,41,39,43,41,41,40,37,41,38,43,43,48,42,43,42,42,41,41,42,42,45,46,47,43,44,42
37,41,40,42,42,39,40,37,41,42,39,34,38,40,42,41,43,44,42,41,42,45,41,43,41,39,43,42,41,40,37,41,39,43,43,48,42,44,43,44,41,41,42,42,47,46,47,43,44,43
37,41,41,43,46,39,40,37,42,43,40,34,38,40,43,42,43,44,42,41,42,45,42,44,42,39,43,42,42,39,37,41,39,43,43,48,42,44,43,46,42,40,42,42,47,46,47,43,44,43
37,40,41,41,47,39,40,38,42,43,40,34,38,40,43,44,43,44,42,42,43,45,42,44,43,39,43,45,44,39,37,42,39,43,43,48,45,44,43,45,42,40,42,42,47,46,48,43,44,43
37,40,41,42,47,40,40,38,43,43,40,34,38,40,43,45,43,44,42,42,43,45,42,44,43,39,45,46,44,40,37,42,39,43,44,48,45,44,44,45,48,41,42,42,48,46,48,44,46,44
37,40,42,41,47,40,40,38,43,43,40,34,38,41,44,44,43,44,42,44,43,44,42,44,43,39,45,46,45,40,38,42,39,44,44,48,45,44,48,45,48,41,42,43,48,47,49,47,46,44
38,40,42,41,48,40,40,38,44,43,41,34,39,41,44,44,46,44,42,45,44,44,42,44,43,39,45,46,45,39,38,46,38,48,45,48,46,44,48,45,48,41,43,44,48,47,48,48,46,44
38,40,42,41,47,40,40,37,46,43,41,34,39,41,44,44,46,44,42,47,46,44,43,44,43,40,45,45,45,39,38,46,38,48,45,48,47,45,48,45,48,41,42,44,48,47,48,48,47,45
38,40,42,41,47,40,40,38,46,42,41,35,39,41,44,44,46,44,42,46,46,44,47,46,44,40,44,45,45,39,38,46,38,48,45,49,48,44,48,45,48,41,42,46,48,48,48,48,47,45
38,40,42,41,47,40,40,38,46,42,41,35,39,40,44,44,45,44,41,46,46,44,47,46,44,40,44,45,45,39,38,46,38,48,48,49,48,44,48,45,48,41,42,46,47,48,48,48,48,48
38,40,42,40,48,40,40,38,46,42,41,35,39,40,44,44,45,44,41,48,46,44,46,46,44,40,44,44,45,39,38,46,38,48,48,49,48,44,0,45,48,41,42,46,47,48,48,48,48,48
38,40,42,40,48,40,40,38,46,42,40,35,39,40,43,44,44,43,41,48,46,44,46,46,46,40,44,44,44,39,38,46,38,48,49,49,48,44,49,44,47,41,42,46,46,48,48,48,48,48
37,40,42,40,48,40,40,38,49,41,40,35,39,40,42,44,44,43,40,48,46,43,46,45,48,40,43,44,44,39,38,46,37,48,48,48,48,47,49,44,47,41,42,46,46,48,48,48,48,48
37,40,42,39,48,39,39,38,48,41,40,35,39,40,42,44,43,42,40,48,46,43,46,45,48,40,42,43,43,38,38,45,37,48,49,48,48,47,48,43,47,41,41,46,45,48,48,48,49,49
37,40,42,39,48,39,39,37,48,41,40,35,39,40,42,44,42,42,40,48,46,42,45,44,48,40,42,43,43,38,38,45,37,48,48,48,48,47,47,43,46,41,41,46,45,48,49,48,49,50
37,40,42,39,48,39,39,37,49,41,40,35,38,40,42,44,42,41,39,47,46,42,45,44,49,40,41,43,42,38,38,45,37,48,48,48,48,47,47,43,46,41,41,45,45,49,49,48,48,49
37,39,42,39,49,39,39,37,48,41,39,35,37,40,42,43,41,41,39,47,45,41,45,44,48,40,41,43,42,38,38,45,37,47,48,47,49,47,47,43,46,41,40,44,45,49,48,47,48,49
37,39,42,38,48,39,39,37,48,41,39,35,37,40,42,42,41,41,39,46,45,41,45,44,47,40,41,42,41,38,38,44,37,47,48,47,49,46,47,43,46,41,40,44,45,50,48,47,48,49
37,39,42,38,47,39,40,37,48,41,39,35,37,40,42,42,41,41,39,46,45,40,45,43,47,40,40,42,41,38,38,44,37,47,48,46,48,46,46,42,46,41,40,43,44,49,48,47,50,48
37,38,42,38,47,39,40,37,48,41,39,35,37,40,41,42,40,40,39,45,45,40,45,43,46,39,40,42,41,38,37,44,37,46,48,46,48,46,46,42,46,41,39,43,44,48,48,47,49,48
37,38,42,38,47,39,40,37,48,41,39,35,37,40,41,42,40,40,39,45,44,39,45,43,45,39,39,42,40,38,37,44,37,46,48,46,48,46,45,42,45,41,39,43,44,48,48,47,48,47
37,38,42,38,46,38,40,37,49,41,39,35,37,40,41,42,40,40,39,45,43,39,45,42,45,39,39,42,40,38,37,44,38,46,49,45,48,45,45,42,45,41,39,43,44,48,49,47,47,47
37,38,41,38,46,38,39,37,48,41,39,35,36,40,41,42,40,40,38,45,42,39,44,42,44,39,39,41,40,38,37,43,37,46,49,45,48,45,45,41,44,40,39,43,43,48,48,46,47,47
37,38,41,38,46,38,39,37,48,41,39,35,36,39,40,42,40,39,38,45,42,39,44,41,44,39,39,41,39,37,37,43,37,45,48,45,48,45,44,41,43,40,39,42,43,47,47,46,46,46
37,37,41,38,45,38,39,37,47,40,38,35,36,39,40,41,39,39,38,44,41,38,44,41,43,39,39,40,39,37,37,43,37,45,48,45,48,44,44,41,43,39,38,42,43,46,47,45,46,46
37,37,40,37,44,38,39,37,46,40,38,34,36,39,40,41,39,39,38,44,41,38,43,40,43,38,38,40,39,37,36,42,37,44,47,44,47,43,44,40,43,39,38,42,43,46,46,44,46,45
37,37,40,37,43,38,39,37,45,40,38,34,36,38,39,40,39,39,38,44,40,38,43,40,42,38,38,39,39,37,36,41,37,44,46,44,47,43,44,40,42,39,38,42,42,45,46,44,45,45
37,37,39,37,43,37,39,37,44,39,38,34,36,38,39,40,39,39,38,43,40,38,42,39,41,38,38,39,39,37,36,41,37,43,46,43,47,42,43,40,42,39,38,41,42,45,46,43,45,45
36,37,39,37,42,37,39,37,43,38,37,34,36,38,38,40,39,38,37,43,40,38,42,39,41,38,38,39,38,37,36,41,37,43,45,43,46,42,43,40,42,39,38,41,41,45,45,43,44,44
36,37,39,37,42,37,39,37,42,38,37,34,36,38,38,40,39,38,37,43,39,38,42,39,41,38,38,39,38,37,36,41,37,43,45,43,46,42,43,40,41,39,38,41,41,44,45,43,44,44
37,37,39,37,42,37,39,37,42,38,37,35,36,37,38,40,39,38,37,42,39,38,41,39,40,38,38,39,38,37,36,40,37,42,45,43,45,41,43,40,41,39,38,41,41,44,45,42,44,44
37,37,39,37,41,38,39,37,41,38,37,35,36,37,38,40,39,38,38,42,39,38,41,39,40,38,38,39,38,37,37,40,37,42,44,43,45,41,43,40,41,39,38,41,41,44,45,42,44,44
37,37,39,37,41,38,39,37,41,37,37,35,36,37,38,40,39,38,38,42,39,38,41,39,40,38,38,39,38,37,37,40,37,42,44,43,45,41,42,40,41,39,38,41,41,44,45,42,44,44
37,37,38,37,41,38,39,37,41,37,38,35,37,37,38,40,39,38,38,42,39,38,41,39,40,38,38,39,39,37,37,40,37,42,44,43,45,41,42,40,41,39,38,41,41,44,44,42,43,44
37,37,38,37,41,38,39,37,41,37,38,35,37,37,38,40,38,38,38,42,39,38,41,39,40,38,38,39,39,37,37,40,38,41,44,43,44,41,42,40,41,39,39,41,41,44,44,42,43,43
37,37,38,37,41,38,40,37,41,37,38,35,37,37,38,40,39,38,38,42,39,38,41,39,40,38,38,39,39,37,37,40,38,41,43,42,44,41,42,40,41,39,39,41,41,44,44,42,43,43
37,37,38,37,40,38,40,37,41,37,38,35,37,37,38,40,39,39,38,42,39,38,41,39,40,38,38,39,39,38,37,40,38,41,43,42,44,41,42,40,41,39,39,41,41,44,44,42,43,43
38,37,38,37,40,38,40,37,41,38,38,36,36,37,38,40,39,39,38,42,39,38,41,39,40,38,38,39,39,38,37,40,38,41,43,42,44,41,42,40,41,39,39,41,41,44,44,41,43,43
38,37,38,37,40,38,40,37,40,38,38,36,36,37,38,40,39,39,38,42,39,38,41,39,40,38,38,40,39,38,38,40,38,41,43,42,44,41,42,40,41,39,39,41,41,44,44,41,43,43
38,38,39,38,40,38,40,38,40,38,38,36,36,38,38,40,39,39,39,42,39,38,41,39,40,38,38,40,39,38,38,40,38,41,43,42,44,41,42,40,41,39,39,41,41,44,44,41,43,43
38,38,39,38,40,38,40,38,40,38,39,36,36,38,38,40,39,39,39,42,39,39,41,39,40,39,38,40,39,38,38,40,39,41,43,42,44,41,42,40,41,39,39,41,41,44,44,41,43,43
38,38,39,38,40,39,40,38,39,38,39,36,36,38,38,40,39,39,39,42,39,39,41,39,40,39,39,40,39,38,38,40,39,40,43,42,44,41,42,41,41,39,39,41,41,44,44,41,43,43
38,38,39,38,41,39,41,38,39,38,39,37,36,38,38,40,39,39,39,42,39,39,41,39,40,39,39,40,40,39,38,39,39,40,43,42,44,41,42,41,41,40,39,41,41,44,44,41,43,43
38,38,39,38,41,39,41,38,39,38,39,37,36,38,38,40,39,40,39,42,40,39,42,39,40,39,39,40,40,39,39,39,39,40,43,43,44,41,42,41,41,40,40,41,41,44,44,41,43,43
37,38,39,38,41,39,41,38,39,39,39,37,35,38,39,41,40,40,39,42,40,39,42,40,41,39,39,40,40,39,39,39,39,39,42,43,44,41,42,41,41,40,40,41,41,44,44,41,43,43
37,38,39,39,41,39,40,39,39,39,40,37,35,38,39,41,40,40,40,43,40,39,42,40,41,39,39,41,40,39,39,39,40,39,42,43,44,41,42,41,41,40,40,41,41,44,44,41,43,43
37,38,40,39,41,40,40,39,39,39,40,38,35,38,39,41,40,40,40,43,40,40,42,40,41,40,39,41,40,39,39,38,40,39,42,43,44,41,42,41,42,40,40,42,41,44,44,42,43,43
37,38,40,39,41,40,40,39,38,39,40,38,35,38,39,41,40,40,40,43,40,40,42,40,41,40,40,41,41,40,39,38,40,39,42,43,44,41,42,41,42,40,40,42,41,44,44,42,43,43
37,38,40,39,41,40,40,39,38,39,40,38,35,38,39,41,40,41,40,43,40,40,42,40,41,40,40,41,41,40,39,38,40,39,42,43,44,41,42,41,42,41,40,42,42,44,45,42,43,43
37,37,40,40,42,40,40,39,38,40,41,39,35,38,40,42,41,41,41,42,41,40,43,40,41,40,39,41,41,40,39,38,40,39,43,43,45,42,42,41,42,41,40,42,42,44,45,42,43,43
37,37,41,40,42,41,40,40,38,40,41,39,35,37,40,42,41,41,41,43,41,40,43,41,42,41,40,42,41,40,39,38,41,38,43,43,46,42,42,42,42,41,41,43,42,44,46,42,43,43
37,38,41,40,42,41,39,40,38,40,41,39,35,38,40,42,41,43,41,43,41,41,45,41,42,41,39,43,41,41,40,37,41,39,43,43,48,42,43,42,42,41,41,42,42,44,46,43,43,43
37,38,41,40,43,41,40,40,38,40,42,39,35,38,40,42,41,43,41,43,41,41,46,41,42,41,39,43,41,41,40,37,41,39,43,43,48,42,43,42,42,41,41,42,42,45,46,47,43,44
37,37,41,40,43,42,40,40,38,41,42,40,35,38,40,43,41,43,44,42,41,42,45,41,43,41,39,43,42,41,40,37,41,39,43,43,48,42,44,43,44,41,41,42,42,47,46,47,43,44
36,37,41,41,43,46,40,40,38,42,43,40,34,38,40,43,42,43,44,42,41,42,45,42,44,42,39,43,42,42,40,37,42,39,43,43,48,42,44,43,46,42,41,42,42,47,46,47,43,44
36,37,41,41,42,47,40,40,38,42,44,40,34,38,41,43,45,43,44,42,42,43,45,42,44,43,39,43,45,44,40,38,42,39,43,43,48,45,44,43,46,42,41,43,42,47,46,48,43,44
37,37,40,41,42,47,40,40,38,43,44,41,34,38,41,43,45,43,44,42,42,43,45,42,44,43,40,45,46,44,40,38,42,39,43,44,48,45,44,44,46,48,41,43,42,48,46,48,44,46
37,38,40,42,42,47,40,41,38,43,44,41,35,39,41,44,44,43,44,42,44,43,45,42,44,43,40,45,46,45,40,38,42,39,44,44,48,45,44,48,45,48,41,43,43,48,47,49,47,46
37,38,41,42,42,48,40,41,38,44,43,41,35,39,41,44,44,47,44,42,45,44,45,42,44,43,40,45,46,45,40,38,46,39,48,45,48,46,44,48,45,48,41,43,44,48,47,48,48,46
37,38,41,42,41,47,40,40,38,46,43,41,35,39,41,44,44,46,44,42,47,46,45,43,44,43,40,45,46,46,40,38,46,39,48,45,48,47,45,48,45,48,41,43,44,48,47,48,48,47
37,38,41,42,41,47,40,41,38,46,43,41,35,39,41,44,44,46,44,42,46,47,44,47,46,44,40,45,45,45,40,38,46,39,48,45,49,48,44,48,45,48,41,43,46,48,48,48,48,47
37,38,41,42,41,47,40,40,38,46,42,41,35,39,41,44,44,45,44,42,46,47,44,47,46,44,40,44,45,45,39,38,46,39,48,48,49,48,44,48,45,48,42,43,46,47,48,48,48,48
37,38,41,42,41,48,40,40,38,46,42,41,35,39,41,44,44,45,44,41,48,46,44,47,46,44,40,44,45,45,39,38,46,38,48,48,49,48,44,0,45,48,42,43,46,47,48,48,48,48
37,38,41,42,40,48,40,40,38,46,42,41,35,39,40,43,44,44,44,41,48,46,44,46,46,46,40,44,44,45,39,38,47,38,48,49,49,48,44,49,44,47,42,42,46,47,48,48,48,48
37,38,40,42,40,48,40,40,38,49,42,40,35,39,40,43,44,44,43,41,48,46,44,46,46,48,40,43,44,44,39,38,46,38,48,48,48,48,47,49,44,47,41,42,46,46,48,48,48,48
37,37,40,42,40,48,40,40,38,48,42,40,35,39,40,42,45,43,42,40,48,46,43,46,45,48,40,43,43,44,39,38,46,38,48,49,48,48,48,48,44,47,41,42,46,46,48,48,48,49
37,37,40,42,39,48,40,40,38,48,41,40,35,39,40,42,44,42,42,40,48,46,42,45,45,48,40,42,43,43,39,38,45,37,48,48,48,48,47,48,43,47,41,41,46,45,48,49,48,49
37,37,40,42,39,48,39,40,38,49,41,40,35,38,40,42,44,42,41,40,47,46,42,45,44,49,40,42,43,42,38,38,45,37,48,48,48,48,47,47,43,46,41,41,45,45,49,49,48,48
37,37,40,42,39,49,39,40,38,48,41,40,35,38,40,42,43,41,41,39,47,45,41,45,44,48,40,41,43,42,38,38,45,37,48,48,47,49,47,47,43,46,41,41,44,45,49,48,47,48
37,37,39,42,39,48,39,40,37,48,41,39,35,37,40,42,42,41,41,39,46,45,41,45,44,47,40,41,42,41,38,38,44,37,47,48,47,49,46,47,43,46,41,40,44,45,50,48,47,48
37,37,39,42,38,47,39,40,37,48,41,39,35,37,40,42,42,41,41,39,46,45,40,45,43,47,40,40,42,41,38,38,44,37,47,48,47,48,46,46,42,46,41,40,43,44,49,48,47,50
37,37,38,42,38,47,39,39,37,48,41,39,35,37,40,41,42,40,40,39,45,45,40,45,43,46,39,40,42,41,38,37,44,37,46,48,46,48,46,46,42,45,41,39,43,44,48,48,47,49
37,37,38,42,38,47,39,40,37,48,41,39,35,37,40,41,42,40,40,39,45,44,39,45,43,45,39,39,42,40,38,37,44,37,46,48,46,48,46,45,42,45,41,39,43,44,48,48,47,48
37,37,38,41,38,46,38,40,37,49,41,39,35,37,40,41,42,40,40,39,45,43,39,44,42,45,39,39,42,40,38,37,44,37,46,49,45,48,45,45,42,45,41,39,43,44,48,49,47,47
37,37,38,41,38,46,38,39,37,48,41,39,35,36,40,41,42,40,40,38,45,42,39,44,41,44,39,39,41,40,38,37,43,37,46,49,45,48,45,45,41,44,40,39,42,43,47,48,46,47
37,37,38,41,38,46,38,39,37,48,41,38,34,36,39,40,41,40,39,38,45,42,38,44,41,44,39,39,41,39,37,37,43,37,45,48,45,48,45,44,41,43,40,39,42,43,47,47,46,46
36,37,37,41,37,45,38,39,37,47,40,38,34,36,39,40,41,39,39,38,44,41,38,43,40,43,38,38,40,39,37,36,42,37,45,47,44,48,44,44,41,43,39,38,42,43,46,47,45,46
36,37,37,40,37,44,37,39,37,45,40,38,34,36,38,39,41,39,39,38,44,41,38,43,40,42,38,38,40,39,37,36,42,37,44,47,44,47,43,44,40,43,39,38,42,42,46,46,44,46
36,36,37,40,37,43,37,39,37,45,39,38,34,36,38,39,40,39,39,37,44,40,38,43,39,42,38,38,39,39,37,36,41,37,44,46,44,47,43,44,40,42,39,38,42,42,45,46,43,45
36,36,37,39,37,43,37,39,37,44,39,38,34,36,38,38,40,39,38,37,43,40,38,42,39,41,38,38,39,38,37,36,41,37,43,46,43,47,42,43,40,42,39,38,41,41,45,45,43,45
36,36,37,39,37,42,37,39,37,43,38,37,34,36,38,38,40,38,38,37,43,39,38,42,39,41,37,38,39,38,37,36,41,37,43,45,43,46,42,43,40,42,38,38,41,41,45,45,43,44
36,36,37,39,37,42,37,39,36,42,38,37,34,36,37,38,40,38,38,37,43,39,38,41,39,40,37,38,39,38,37,36,40,37,42,45,43,45,41,43,40,41,38,38,41,41,44,45,42,44
36,36,37,39,37,42,37,39,36,42,38,37,34,36,37,38,40,38,38,37,42,39,38,41,39,40,37,38,39,38,37,36,40,37,42,44,43,45,41,43,40,41,38,38,41,41,44,45,42,44
36,36,37,38,37,41,37,39,36,41,37,37,34,36,37,37,40,38,38,37,42,39,38,41,39,40,37,38,39,38,37,36,40,37,42,44,43,45,41,42,40,41,38,38,40,41,44,45,42,43
36,37,37,38,37,41,37,39,37,41,37,37,34,36,37,37,40,38,38,37,42,39,38,41,39,40,37,38,39,38,37,36,40,37,41,44,42,45,41,42,40,41,38,38,40,41,44,44,42,43
36,37,37,38,37,41,37,39,37,41,37,37,35,36,37,37,40,38,38,37,42,39,38,41,39,40,37,38,39,38,37,37,40,37,41,44,42,44,41,42,40,41,38,38,40,41,44,44,42,43
36,37,37,38,37,41,37,39,37,41,37,37,35,36,37,37,40,38,38,38,42,39,38,41,39,40,37,38,39,38,37,37,40,37,41,43,42,44,41,42,40,41,38,38,40,41,44,44,42,43
36,37,37,38,37,40,38,39,37,41,37,38,35,36,37,37,40,38,38,38,42,39,38,41,39,40,38,38,39,38,37,37,40,37,41,43,42,44,41,42,40,41,39,38,40,41,43,44,41,43
36,37,37,38,37,40,38,39,37,40,37,38,35,36,37,37,40,38,38,38,42,39,38,41,39,40,38,38,39,39,37,37,39,38,41,43,42,44,41,42,40,41,39,38,40,41,43,44,41,43
37,37,37,38,37,40,38,40,37,40,37,38,35,36,37,38,40,38,39,38,42,39,38,41,39,40,38,38,39,39,37,37,39,38,41,43,42,44,41,42,40,41,39,39,41,41,43,44,41,43
37,37,37,38,37,40,38,40,37,40,37,38,36,36,37,38,40,39,39,38,42,39,38,41,39,40,38,38,39,39,38,37,39,38,41,43,42,44,41,42,40,41,39,39,41,41,43,44,41,43
37,37,37,38,37,40,38,40,37,40,38,38,36,35,37,38,40,39,39,38,42,39,38,41,39,40,38,38,40,39,38,38,39,38,40,43,42,44,41,42,40,41,39,39,41,41,43,44,41,43
37,37,37,38,37,40,38,40,38,39,38,38,36,35,37,38,40,39,39,39,42,39,38,41,39,40,38,38,40,39,38,38,39,38,40,42,42,44,41,42,40,41,39,39,41,41,43,44,41,43
37,37,38,39,38,40,38,40,38,39,38,39,36,35,38,38,40,39,39,39,42,39,39,41,39,40,38,38,40,39,38,38,39,38,40,42,42,44,41,42,40,41,39,39,41,41,43,44,41,43
38,37,38,39,38,40,39,40,38,38,38,39,36,35,37,38,40,39,39,39,42,39,39,41,39,40,39,39,40,39,38,38,38,39,39,42,42,44,41,42,41,41,39,39,41,41,43,44,41,42
38,37,38,39,38,41,39,40,38,38,38,39,37,35,37,38,40,39,39,39,42,39,39,41,39,40,39,39,40,40,39,38,38,39,39,42,42,44,41,42,41,41,40,39,41,41,43,44,41,42
38,37,37,39,38,41,39,40,38,38,38,39,37,35,37,38,41,39,40,39,42,40,39,42,39,40,39,39,40,40,39,39,38,39,39,42,42,44,41,42,41,41,40,40,41,41,43,44,41,43
38,36,37,39,38,41,39,39,38,38,39,39,37,34,37,39,41,40,40,40,43,40,39,42,40,41,39,39,41,40,39,38,38,39,38,42,42,44,41,42,41,41,40,40,41,41,44,44,41,43
39,36,37,39,39,41,40,39,39,38,39,40,38,34,37,39,41,40,40,40,43,40,39,42,40,41,40,39,41,40,39,38,37,40,39,42,42,44,41,42,41,41,40,40,42,41,44,44,41,43
39,36,37,40,39,41,40,39,38,37,39,40,38,34,37,39,41,40,40,40,42,40,40,42,40,41,40,39,41,40,40,38,37,40,38,42,42,44,41,42,41,42,40,40,42,41,44,44,42,43
39,36,37,40,39,41,40,39,38,37,39,40,38,34,37,39,41,40,41,40,42,40,40,42,40,41,40,39,41,41,40,38,37,40,38,42,43,44,41,42,41,42,41,40,42,41,44,45,42,43
39,36,36,40,39,42,40,39,38,37,40,41,38,34,37,39,42,41,41,41,42,40,40,43,40,41,40,38,41,41,40,38,37,40,38,42,43,45,41,42,41,42,41,40,42,42,44,45,42,43
40,36,36,40,40,42,41,39,39,37,40,41,38,34,36,40,42,41,41,41,42,41,40,43,41,42,41,39,42,41,40,38,37,41,38,43,43,46,42,42,41,42,41,40,42,42,44,46,42,43
40,36,36,40,40,42,41,38,39,37,40,41,38,34,37,40,42,41,42,41,42,41,41,45,41,42,41,38,43,41,41,39,36,41,38,43,43,48,42,43,42,42,41,40,42,42,44,46,43,43
40,36,37,40,40,42,41,39,39,37,40,42,38,34,37,39,42,41,43,41,42,41,41,45,41,42,41,38,43,41,41,39,36,41,38,43,43,48,42,43,42,42,41,40,41,42,45,46,47,43
40,35,36,40,40,42,42,39,39,37,41,42,39,34,37,39,42,41,43,43,41,41,42,44,41,43,41,38,43,42,41,39,36,41,38,43,43,48,42,44,43,44,41,40,41,42,47,46,47,43
41,35,36,40,41,42,46,39,39,37,42,42,39,33,37,39,43,42,43,43,41,41,42,44,41,44,42,38,43,42,42,38,36,41,38,43,43,48,42,44,43,45,42,40,41,42,47,46,47,43
42,35,36,39,41,41,46,39,39,37,42,43,39,33,37,40,43,44,43,43,41,42,43,44,42,44,42,38,43,45,44,39,37,42,38,43,43,48,45,44,43,45,42,40,42,42,47,46,48,43
42,36,36,39,41,41,46,39,39,37,43,43,40,33,37,40,43,44,43,44,41,42,43,44,42,44,43,38,43,45,44,39,37,42,38,43,44,48,45,44,44,45,47,40,42,42,47,46,48,44
42,36,36,39,41,41,46,39,40,37,43,43,40,34,38,40,43,44,43,43,41,44,43,43,42,44,43,39,43,45,44,39,37,42,38,44,44,48,45,44,48,44,47,40,42,43,47,47,49,47
42,36,37,40,41,41,46,39,39,37,44,42,40,34,38,40,43,44,44,43,41,45,44,44,42,44,43,39,44,45,44,39,37,46,38,47,45,48,46,44,48,45,47,40,42,44,47,47,48,47
43,36,37,40,41,40,47,39,39,37,46,42,40,34,38,40,43,44,45,43,41,47,45,44,42,44,43,39,44,45,44,39,37,46,38,47,45,48,47,44,48,45,47,40,41,44,47,47,48,48
43,36,37,39,41,40,46,39,39,37,46,42,40,34,38,40,43,44,44,43,41,46,45,43,46,44,43,39,43,44,44,38,37,45,38,47,45,48,48,44,48,44,47,40,41,45,47,47,48,47
43,36,37,39,41,40,46,39,39,37,46,41,40,34,38,40,43,44,44,43,41,46,45,43,46,44,44,39,43,44,44,38,37,45,37,47,48,48,48,44,48,44,47,41,42,45,46,48,48,47
44,36,37,40,41,40,46,39,39,37,46,41,40,34,38,40,43,44,44,43,40,48,44,43,46,44,44,39,43,44,44,38,37,45,37,47,48,48,48,44,48,44,46,41,42,45,46,48,48,47
45,36,37,39,41,39,46,39,39,37,46,41,40,34,38,39,42,44,43,43,40,47,44,43,45,44,45,39,43,43,44,38,37,45,37,47,48,48,48,44,48,43,46,41,41,45,46,48,48,47
47,36,37,39,41,39,46,39,39,37,46,41,40,34,38,39,42,44,43,42,40,47,44,43,45,44,45,39,42,43,43,38,37,45,37,46,48,48,48,46,47,43,46,40,41,45,45,48,48,47
48,36,36,39,41,39,46,39,39,37,46,41,39,34,38,39,41,44,42,41,39,47,44,42,45,44,45,39,42,42,43,38,37,45,36,46,48,47,48,46,47,43,46,40,41,45,45,48,48,47
48,36,36,39,41,38,45,39,39,37,46,40,39,34,38,39,41,44,42,41,39,47,44,42,45,44,45,39,41,42,43,38,37,44,36,46,48,47,48,46,47,42,46,40,40,45,44,48,49,46
48,36,36,39,41,38,44,39,39,36,45,40,39,34,37,39,41,43,41,41,39,46,43,41,45,43,44,39,41,42,42,37,37,44,36,45,47,46,48,45,46,42,45,40,40,44,44,48,48,46
48,36,36,39,41,38,44,38,38,36,45,40,39,34,37,40,41,42,41,40,38,46,43,41,45,43,44,39,40,42,41,37,37,44,36,45,47,46,48,45,46,42,45,40,40,43,44,48,48,45
47,36,36,38,41,38,44,38,39,37,44,40,39,34,36,40,41,42,40,40,38,46,42,40,45,42,43,39,40,42,41,37,37,43,36,45,46,46,48,44,46,42,44,40,39,43,44,47,48,45
46,36,36,38,41,38,43,38,39,36,43,40,38,34,36,39,40,42,40,40,38,45,41,40,44,41,42,39,39,41,40,37,37,42,36,44,45,45,47,43,45,42,43,40,39,43,43,46,47,44
46,36,36,38,40,37,43,38,39,36,43,40,38,34,36,39,40,41,40,40,38,44,41,39,43,41,42,39,39,41,40,37,37,42,36,43,45,44,47,43,44,42,43,40,38,43,43,46,46,44
45,36,36,38,40,37,42,38,39,36,42,39,38,34,36,39,39,41,39,39,38,44,40,39,43,40,42,38,39,41,40,37,36,41,37,43,44,44,46,42,44,41,43,40,38,42,42,45,46,43
45,36,37,37,39,37,41,38,39,36,42,38,38,34,36,38,39,41,39,39,38,43,40,38,42,40,41,38,38,40,39,37,36,41,37,42,44,43,45,42,43,41,42,39,38,42,42,45,45,43
44,36,37,37,39,37,41,37,38,36,41,38,38,34,36,38,38,40,39,39,38,43,39,38,42,39,41,38,38,39,39,37,36,40,36,42,43,43,45,41,43,40,41,39,38,41,41,44,45,42
44,36,36,37,39,37,41,37,38,36,41,38,38,34,35,37,38,40,39,39,37,43,39,38,42,39,40,38,38,39,38,36,36,40,36,42,43,43,45,41,43,40,41,39,38,41,41,44,45,42
44,36,36,37,39,37,41,37,38,36,41,38,38,34,35,38,38,40,39,39,37,43,39,38,42,39,40,38,38,39,38,36,36,40,36,42,43,43,45,41,43,40,41,39,38,41,41,44,45,42
44,36,36,36,38,37,41,37,38,36,41,38,37,34,35,37,38,40,39,38,37,42,39,38,41,39,40,38,38,39,38,36,36,40,36,41,43,42,45,41,42,40,41,38,38,41,41,44,44,42
44,36,36,36,38,36,40,37,38,36,41,37,37,34,35,37,38,40,38,38,37,42,39,37,41,39,40,37,37,39,38,36,36,40,36,41,43,42,44,41,42,40,41,38,38,41,41,44,44,41
43,35,36,36,38,36,40,37,38,36,40,37,37,34,35,37,37,39,38,38,37,42,38,37,41,38,40,37,37,39,38,36,36,39,36,41,42,42,44,40,42,40,41,38,38,40,40,43,44,41
43,35,36,36,38,36,40,37,38,36,40,37,37,34,35,37,37,39,38,38,37,42,38,37,41,38,40,37,37,38,38,36,36,39,36,41,42,42,44,40,42,39,40,38,38,40,40,43,44,41
43,35,36,36,38,36,40,37,38,36,40,37,37,34,35,37,37,39,38,38,37,42,38,37,41,38,40,37,37,38,38,36,36,39,36,41,42,42,44,40,42,39,40,38,38,40,40,43,44,41
43,35,36,36,38,36,40,37,38,36,40,37,37,34,36,37,37,39,38,38,37,42,38,37,41,38,40,37,37,38,38,36,36,39,36,41,42,42,44,40,42,39,40,38,38,40,40,43,44,41
43,35,36,36,38,36,40,37,38,36,40,37,37,34,36,37,37,39,38,38,37,42,38,37,41,38,40,37,37,39,38,36,36,39,37,41,42,42,44,40,42,39,40,38,38,40,40,43,44,41
43,36,36,36,38,36,40,37,39,36,40,37,37,34,36,37,37,39,38,38,37,42,38,37,41,38,40,37,37,39,38,36,36,39,37,41,42,42,44,40,42,39,40,38,38,40,40,43,44,41
43,36,36,36,38,36,40,37,39,36,40,37,37,34,36,37,37,39,38,38,37,42,38,37,41,38,40,37,37,39,38,37,36,39,37,41,42,42,44,40,42,40,40,38,38,40,40,43,44,41
43,36,36,36,38,36,40,37,39,36,40,37,37,34,36,37,37,39,38,38,37,42,38,37,41,38,40,37,37,39,38,37,36,39,37,41,42,42,44,40,42,40,40,38,38,40,40,43,44,41
43,36,37,36,38,37,40,37,39,36,40,37,37,35,35,37,37,39,38,38,37,42,38,38,41,38,40,37,37,39,38,37,37,39,37,41,42,42,44,40,42,40,40,38,38,40,40,43,44,41
44,36,37,37,38,37,40,37,39,37,40,37,37,35,35,37,37,39,38,38,38,42,38,38,41,38,40,37,38,39,38,37,37,39,37,41,42,42,44,40,42,40,40,38,38,40,40,43,44,41
44,36,37,37,38,37,40,38,39,37,39,37,38,35,35,37,37,40,38,38,38,42,39,38,41,38,40,38,38,39,38,37,37,39,37,40,42,42,44,40,42,40,41,39,38,40,40,43,44,41
43,37,37,37,38,37,40,38,40,37,39,37,38,35,35,37,37,40,38,38,38,42,39,38,41,38,40,38,38,39,39,37,37,39,38,40,42,42,44,40,42,40,41,39,38,40,40,43,44,41
43,37,37,37,38,37,40,38,40,37,39,37,38,36,35,37,38,40,38,39,38,42,39,38,41,38,40,38,38,39,39,38,37,39,38,40,42,42,44,40,42,40,41,39,39,41,40,43,44,41
43,37,37,37,38,37,40,38,40,37,38,38,38,36,35,37,38,40,39,39,38,42,39,38,41,39,40,38,38,40,39,38,38,38,38,39,42,42,44,40,42,40,41,39,39,41,41,43,44,41
43,37,37,37,38,37,40,38,39,37,38,38,38,36,34,37,38,40,39,39,39,41,39,38,41,39,40,38,38,40,39,38,38,38,38,39,42,42,44,40,42,40,41,39,39,41,41,43,44,41
43,37,37,38,39,38,40,39,39,38,38,38,39,36,34,37,38,40,39,39,39,41,39,39,41,39,40,39,38,40,39,38,38,38,39,38,42,42,44,41,42,40,41,39,39,41,41,43,44,41
43,38,36,37,39,38,40,39,39,38,38,38,39,37,34,36,38,40,39,39,39,41,39,39,41,39,40,39,39,40,39,38,38,37,39,38,42,42,44,41,42,40,41,39,39,41,41,43,44,41
43,38,36,37,39,38,41,39,39,38,38,38,39,37,34,37,38,41,39,40,39,41,39,39,42,39,40,39,39,40,40,39,38,37,39,38,42,42,44,41,42,41,41,40,39,41,41,43,44,41
43,38,36,37,39,38,41,39,39,38,37,38,39,37,34,37,38,41,40,40,39,40,40,39,42,39,41,39,39,41,40,39,38,37,39,38,42,42,44,41,42,41,41,40,40,41,41,43,44,41
43,38,36,36,39,39,41,40,39,38,37,39,40,37,34,37,39,41,40,40,40,40,40,39,42,39,41,39,38,41,40,39,38,37,39,38,42,42,44,41,42,41,41,40,39,41,41,43,44,41
43,39,35,36,40,39,41,40,38,38,37,39,40,38,34,37,39,41,40,40,40,40,40,40,41,40,41,40,38,41,40,39,38,37,40,37,42,42,44,41,42,41,42,40,39,42,41,43,44,42
43,39,35,36,40,39,41,40,38,38,37,39,40,37,34,37,39,41,40,41,40,40,40,40,41,40,41,40,38,41,40,40,37,36,40,37,42,43,44,41,42,41,42,40,39,42,41,44,45,42
43,39,35,36,40,39,41,40,38,38,37,40,40,37,33,36,39,42,40,41,40,39,40,40,41,40,41,40,38,41,41,40,37,36,40,37,42,43,45,41,42,41,42,41,39,41,42,44,45,42
43,40,36,36,40,40,41,41,38,38,37,40,40,38,33,36,39,42,41,41,40,40,41,40,41,40,42,41,38,41,41,40,38,36,40,37,42,43,45,42,42,41,42,41,39,41,42,44,46,42
43,40,35,36,40,40,41,41,38,38,37,40,40,38,33,36,39,41,41,41,40,40,41,41,41,41,42,41,38,42,41,41,38,36,41,37,43,43,45,42,43,42,42,41,39,41,42,44,46,43
43,40,35,36,40,40,41,41,38,38,36,40,40,38,33,36,39,41,41,41,41,40,41,41,41,41,42,41,37,41,41,41,38,36,41,37,43,43,45,42,43,42,42,41,39,41,42,44,46,46
43,40,35,36,39,40,41,42,38,39,36,41,41,38,33,37,39,40,41,41,41,40,41,42,40,41,42,41,38,41,41,41,39,36,41,37,43,43,45,42,44,43,42,41,40,41,42,43,46,47
44,41,35,36,39,41,41,43,38,39,36,42,40,39,33,36,39,40,42,41,41,40,41,42,40,41,43,42,38,40,41,41,38,36,41,37,43,43,45,42,44,43,42,42,39,41,42,43,46,47
44,42,35,35,39,41,40,43,38,39,36,42,40,39,33,37,39,40,42,41,41,40,42,42,40,42,43,42,38,40,42,41,38,36,42,37,43,43,45,45,43,43,43,42,39,41,42,43,46,47
44,42,35,36,39,40,40,43,38,39,36,43,40,39,33,37,39,40,43,41,41,40,42,42,40,42,42,43,38,40,42,41,38,36,42,38,43,43,45,45,44,44,43,44,39,41,42,44,46,47
44,42,35,36,39,41,39,43,39,39,36,43,40,39,33,37,39,40,43,41,41,40,44,42,41,42,42,43,38,40,42,41,38,36,42,38,44,44,45,45,44,45,43,44,40,41,43,44,47,47
44,42,35,36,39,41,40,43,39,39,36,44,40,40,33,37,40,40,43,41,41,40,45,42,41,42,42,43,38,40,42,41,38,37,43,37,44,45,45,46,44,45,43,44,40,41,44,44,47,47
44,43,35,36,39,41,40,43,39,39,36,44,40,40,33,38,40,41,43,41,41,40,45,42,41,42,42,43,38,41,42,41,38,37,43,37,44,45,45,47,44,45,43,44,40,41,44,44,47,47
44,43,36,37,39,41,40,44,39,39,36,44,40,40,33,38,40,41,43,41,41,40,45,42,41,44,42,43,39,41,42,41,38,37,43,37,44,45,45,47,44,45,43,44,40,41,44,44,47,47
44,43,35,37,39,41,40,44,39,39,36,44,40,40,33,38,39,41,43,41,41,40,45,42,41,44,42,43,39,41,42,41,38,37,43,37,44,46,45,47,44,45,43,44,40,41,44,44,47,47
44,44,35,37,39,41,39,43,39,39,36,43,40,40,33,38,39,40,43,41,41,40,45,42,40,44,41,43,39,40,42,41,38,37,42,37,44,45,45,47,44,45,43,44,40,41,43,44,47,47
44,45,35,37,39,41,39,43,39,38,37,43,40,39,34,38,39,40,42,41,41,40,45,42,40,44,41,43,39,40,42,41,37,37,42,36,44,45,45,47,43,45,43,44,40,41,43,43,46,47
43,46,35,36,39,41,38,43,39,38,37,43,40,39,34,38,39,40,42,41,41,39,45,41,40,44,41,43,39,40,41,41,37,37,42,36,44,45,45,47,43,45,42,43,40,40,43,43,46,47
43,46,35,36,39,41,38,43,38,38,36,43,40,39,34,38,39,40,42,41,41,39,45,41,40,44,41,42,39,40,41,41,37,37,42,36,44,45,45,47,43,45,42,43,40,40,43,43,46,47
43,46,35,36,39,41,38,43,38,38,36,43,40,39,34,38,39,40,42,41,41,39,45,41,40,44,41,42,39,40,41,41,37,37,42,36,44,45,45,47,43,45,42,43,40,40,43,43,46,47
43,46,35,36,39,41,38,43,38,38,36,43,40,39,34,37,39,40,42,41,40,39,45,41,40,44,41,42,39,40,41,41,37,37,42,36,44,45,45,47,43,45,42,43,40,39,43,43,46,47
43,46,35,36,38,40,37,42,38,38,36,43,39,39,34,36,39,39,42,40,40,38,44,41,40,43,40,42,39,39,41,40,37,37,42,36,43,44,44,46,43,44,42,43,40,39,43,43,46,46
43,46,36,36,38,40,37,42,38,38,36,42,39,38,34,36,39,39,42,40,40,38,44,41,39,43,40,42,39,39,41,40,37,37,41,36,43,44,44,46,43,44,42,43,40,39,42,43,45,46
43,46,36,36,37,40,37,42,38,39,36,43,39,38,34,36,39,39,41,40,40,38,44,41,39,43,40,42,39,39,41,40,37,37,42,36,43,44,44,46,43,44,42,43,40,38,42,43,46,46
43,46,36,36,37,40,37,42,38,38,36,43,39,38,34,36,39,39,41,39,40,38,44,41,39,43,40,42,38,39,41,40,37,36,41,36,43,44,44,46,43,44,41,43,40,38,42,43,46,46
43,45,36,36,37,40,37,42,38,39,36,42,39,38,34,36,39,39,41,39,39,38,44,40,39,43,40,42,38,38,40,40,37,36,41,36,43,44,44,46,42,44,41,42,40,38,42,42,45,46
42,45,36,37,37,40,37,42,37,39,36,42,39,38,34,36,38,39,41,39,39,38,44,40,38,43,40,41,38,38,40,39,37,36,41,36,43,44,44,46,42,44,41,42,40,38,42,42,45,46
42,45,36,36,37,39,37,42,37,38,36,42,39,38,34,36,38,39,41,39,39,37,43,40,38,42,40,41,38,38,40,39,37,36,41,36,42,44,43,46,42,43,40,42,39,38,42,42,45,45
42,44,36,36,37,39,37,41,37,38,36,41,38,38,34,35,38,38,40,39,39,37,43,40,38,42,39,41,38,38,40,38,36,36,40,36,42,43,43,45,41,43,40,42,39,38,41,41,44,45
41,44,36,36,36,39,37,41,37,38,36,41,38,38,34,35,37,38,40,38,38,37,42,39,37,41,39,40,38,38,39,38,36,36,40,36,42,43,43,45,41,43,40,41,39,37,41,41,44,45
41,44,36,36,36,38,36,41,37,38,36,41,38,37,34,35,37,38,40,38,38,37,42,39,37,41,39,40,37,37,39,38,36,36,40,36,41,43,42,45,41,42,40,41,38,37,41,41,44,44
41,44,35,36,36,38,36,40,37,38,36,41,37,37,33,35,37,38,40,38,38,37,42,39,37,41,39,40,37,37,39,38,36,36,40,36,41,43,42,44,41,42,40,41,38,37,41,41,44,44
41,44,35,36,36,38,36,40,37,38,36,40,37,37,33,35,37,37,39,38,38,37,42,39,37,41,38,40,37,37,39,38,36,36,39,36,41,42,42,44,41,42,40,41,38,37,40,41,44,44
40,43,35,36,36,38,36,40,37,38,36,40,37,37,34,35,36,37,39,38,38,37,42,38,37,41,38,39,37,37,38,38,36,36,39,36,41,42,42,44,40,42,39,40,38,37,40,40,43,44
40,43,35,36,36,38,36,40,37,38,36,40,37,37,34,35,36,37,39,38,38,37,42,38,37,41,38,39,37,37,38,38,36,36,39,36,41,42,42,44,40,42,39,40,38,37,40,40,43,44
40,43,35,36,36,38,36,40,37,38,36,40,37,37,34,35,36,37,39,38,38,37,42,38,37,41,38,39,37,37,38,38,36,36,39,36,41,42,42,44,40,42,39,40,38,38,40,40,43,44
40,43,35,36,36,38,36,40,37,38,36,40,37,37,34,36,36,37,39,38,38,37,42,38,37,41,38,39,37,37,38,38,36,36,39,36,41,42,42,44,40,42,39,40,38,38,40,40,43,44
40,43,35,36,36,38,36,40,37,38,36,40,37,37,34,36,36,37,39,38,38,37,42,38,37,41,38,39,37,37,38,38,36,36,39,37,41,42,42,44,40,42,39,40,38,38,40,40,43,44
40,43,36,36,36,38,36,40,37,39,36,40,37,37,34,36,36,37,39,38,38,37,42,38,37,41,38,39,37,37,39,38,36,36,39,37,41,42,42,44,40,42,39,40,38,38,40,40,43,44
40,43,36,36,36,38,36,40,37,39,36,40,37,37,34,36,37,37,39,38,38,37,42,38,37,41,38,39,37,37,39,38,37,36,39,37,41,42,42,44,40,42,39,40,38,38,40,40,43,44
41,43,36,37,36,38,36,40,37,39,36,40,37,37,35,35,37,37,39,38,38,37,42,38,37,41,38,39,37,37,39,38,37,36,39,37,41,42,42,44,40,42,40,40,38,38,40,40,43,44
41,43,36,37,36,38,37,40,37,39,36,39,37,37,35,35,37,37,39,38,38,38,42,38,38,41,38,40,37,37,39,38,37,37,39,37,41,42,42,44,40,42,40,40,38,38,40,40,43,44
41,43,36,37,37,38,37,40,37,39,37,39,37,38,35,35,37,37,39,38,38,38,42,38,38,41,38,40,38,38,39,38,37,37,39,37,40,42,42,44,40,42,40,40,38,38,40,40,43,44
41,43,37,37,37,38,37,40,38,39,37,39,37,38,35,35,37,37,40,38,38,38,42,39,38,41,38,40,38,38,39,39,37,37,39,38,40,42,42,44,40,42,40,41,39,38,40,40,43,44
41,43,37,36,37,38,37,40,38,40,37,39,37,38,35,34,37,37,40,38,39,38,42,39,38,41,38,40,38,38,39,39,38,37,38,38,39,42,42,44,40,42,40,41,39,38,41,40,43,44
41,43,37,36,37,38,37,40,38,39,37,38,37,38,36,34,37,38,40,39,39,38,42,39,38,41,38,40,38,38,39,39,38,38,38,38,39,42,42,44,40,42,40,41,39,39,41,40,43,44
41,43,37,36,37,38,37,40,38,39,37,38,38,38,36,34,37,38,40,39,39,39,41,39,38,41,39,40,38,38,40,39,38,38,38,38,39,42,42,44,40,42,40,41,39,39,41,41,43,44
41,43,37,36,37,38,38,40,38,39,38,37,38,39,36,34,37,38,40,39,39,39,41,39,38,41,39,40,38,38,40,39,38,38,38,38,38,42,42,44,40,42,40,41,39,39,41,41,43,44
42,43,38,36,37,39,38,40,39,39,38,37,38,39,37,34,36,38,40,39,39,39,41,39,39,41,39,40,39,38,40,39,38,38,37,39,38,42,42,44,41,42,40,41,39,39,41,41,43,44
42,43,38,36,36,39,38,41,39,39,38,37,38,39,37,34,36,38,41,39,40,39,41,39,39,42,39,40,39,38,40,40,39,38,37,39,38,42,42,44,41,42,41,41,40,39,41,41,43,44
42,43,38,36,37,39,38,41,39,39,38,37,38,39,37,34,36,38,41,39,40,39,41,40,39,42,39,40,39,38,40,40,39,38,37,39,38,42,42,44,41,42,41,41,40,39,41,41,43,44
41,43,38,35,36,39,39,41,39,38,38,37,39,40,37,33,37,39,41,40,40,40,41,40,39,42,39,41,39,38,41,40,39,37,37,39,38,42,42,44,41,42,41,41,40,39,41,41,44,44
41,43,39,35,36,39,39,41,40,38,38,37,39,40,37,33,37,39,41,40,40,40,41,40,40,42,40,41,40,38,41,40,39,37,36,40,37,42,42,44,41,42,41,41,40,39,42,41,44,44
41,44,39,35,36,39,39,41,40,38,37,36,39,40,37,33,36,39,41,40,41,40,40,40,40,42,40,41,40,38,41,40,40,37,36,40,37,42,42,44,41,42,41,42,40,39,41,41,44,44
41,44,39,35,36,40,39,41,40,38,38,37,40,41,37,33,36,39,42,40,41,41,40,40,40,42,40,41,40,38,41,41,40,37,36,40,37,42,43,45,41,42,41,42,41,39,41,42,44,45
41,44,40,35,36,40,40,41,41,38,38,37,40,41,37,33,36,39,42,41,41,41,40,41,40,42,40,42,40,38,42,41,40,38,36,40,37,42,43,45,42,42,41,42,41,39,41,42,44,46
41,44,40,35,36,40,40,41,41,38,38,37,40,41,37,33,36,39,42,41,42,41,40,41,41,42,41,42,41,37,42,41,41,38,36,41,37,43,43,46,42,43,42,42,41,39,41,42,44,46
41,44,40,35,36,40,40,41,41,38,38,36,40,41,38,33,36,39,41,41,42,41,41,41,41,42,41,42,41,37,42,41,41,38,36,41,37,43,43,46,42,43,42,42,41,39,41,42,44,46
41,44,40,35,36,39,40,41,41,38,39,36,41,41,38,33,36,39,41,41,42,42,41,41,42,41,41,43,41,38,42,41,41,38,36,41,37,43,43,46,42,44,43,43,41,40,41,42,44,46
41,44,41,34,36,39,41,41,44,38,39,36,42,41,38,33,36,39,41,42,42,42,41,41,42,41,41,43,42,37,41,42,42,38,36,41,37,43,43,46,42,44,43,43,42,39,41,42,44,46
41,44,42,35,35,39,41,40,44,38,39,36,42,41,39,32,37,39,41,43,42,42,41,42,43,41,42,44,42,38,41,43,42,38,36,42,37,43,43,46,45,44,43,44,42,39,41,42,44,46
41,44,42,35,36,39,40,40,45,38,39,36,43,41,39,33,37,39,42,44,42,42,41,42,43,42,42,44,43,38,42,43,42,38,36,42,37,43,43,47,45,44,44,44,45,39,41,42,45,46
41,44,42,35,36,39,40,40,45,38,39,36,43,42,39,33,37,39,42,44,42,42,41,44,43,42,42,44,43,38,42,43,42,38,36,42,38,44,44,47,45,44,46,44,45,39,41,43,45,47
41,45,42,35,36,39,41,40,45,39,39,36,44,41,39,33,37,39,42,44,42,42,41,45,43,42,42,43,43,38,42,43,42,38,36,44,37,45,45,46,46,44,46,44,45,40,41,44,45,47
41,45,43,35,36,39,41,40,45,39,39,36,45,41,40,33,37,40,42,44,42,42,41,46,43,42,42,43,43,38,42,43,42,38,37,44,37,45,45,46,47,44,46,44,45,40,41,44,45,47
41,45,43,35,36,39,41,40,45,39,39,36,45,41,40,33,37,40,42,44,43,43,41,46,43,42,45,43,43,38,42,43,42,38,37,44,37,46,45,47,48,44,47,44,45,40,41,45,45,47
42,45,43,35,36,39,41,40,45,39,39,36,45,41,40,33,38,39,42,44,43,43,40,46,43,42,46,43,44,39,42,43,43,38,37,44,37,46,47,47,48,44,47,44,45,40,41,45,45,48
41,45,44,35,37,39,41,39,45,39,39,36,45,40,40,33,38,39,42,43,43,42,40,46,43,42,45,43,44,39,42,43,42,38,37,44,37,46,47,47,48,44,47,44,45,40,41,45,45,48
41,45,45,35,36,39,41,39,45,38,38,36,45,40,39,33,38,39,42,43,42,42,40,46,43,42,45,43,44,39,42,43,42,37,37,44,36,45,47,46,48,44,46,43,45,40,41,45,45,48
41,45,47,35,36,39,41,38,45,38,38,36,45,40,39,34,38,39,41,43,42,42,39,46,43,42,45,43,44,39,42,43,42,37,37,44,36,45,47,46,48,45,46,43,45,40,40,45,45,48
41,45,48,35,36,38,41,38,45,38,38,36,45,40,39,34,38,39,41,43,42,41,39,46,43,42,45,43,44,39,41,42,42,37,37,44,36,45,47,46,48,45,46,42,45,40,40,45,44,48
41,45,48,35,36,39,41,38,44,38,38,36,45,40,39,34,38,39,41,43,41,41,39,46,43,41,44,42,44,39,41,42,42,37,37,44,36,45,47,46,48,45,46,42,45,40,40,45,44,48
41,45,48,35,36,39,41,38,45,38,38,36,45,40,39,34,37,39,41,43,41,40,38,46,43,41,44,43,44,39,40,42,41,37,37,44,36,45,47,46,48,45,46,42,45,40,39,44,44,48
40,45,48,35,36,38,41,37,45,38,38,36,45,40,39,34,36,39,41,42,40,40,38,46,43,40,44,43,44,39,40,42,41,37,37,43,36,45,47,46,49,45,46,42,45,40,39,43,44,48
40,45,48,36,36,38,41,37,45,38,38,36,45,40,38,34,36,39,41,42,40,40,38,46,43,40,44,43,44,39,40,41,40,37,37,43,36,45,47,46,49,45,46,42,45,40,39,43,44,48
40,44,48,36,36,37,41,37,45,38,39,36,45,40,38,34,36,39,41,41,40,40,38,45,43,39,44,42,44,39,39,41,40,37,37,43,36,46,47,45,48,45,45,42,45,40,38,42,43,48
40,43,48,36,36,37,41,37,45,38,38,36,45,40,38,34,36,39,41,41,39,40,38,45,43,39,44,42,45,38,39,41,40,37,36,43,36,45,47,45,48,45,45,41,45,40,38,42,43,48
40,43,48,36,36,37,41,37,45,38,39,36,45,40,38,34,36,39,40,41,39,39,38,45,43,39,44,42,44,38,38,41,40,37,36,43,36,45,47,45,48,45,45,41,44,40,38,42,43,47
40,42,48,36,37,37,41,37,45,38,39,36,46,40,38,34,36,39,40,41,39,39,38,44,42,38,44,41,44,38,38,41,39,37,36,43,36,45,48,44,48,44,44,41,44,40,38,42,43,47
40,42,48,36,37,37,40,37,45,37,38,36,46,40,38,34,36,39,40,41,39,39,37,44,41,38,44,41,43,38,38,40,39,37,36,43,36,45,48,44,48,44,44,41,44,39,38,42,43,47
39,42,48,36,36,37,40,37,45,37,38,36,46,40,38,34,35,39,40,41,39,39,37,44,41,38,43,40,43,38,38,40,38,36,36,42,36,44,48,44,47,44,44,40,43,39,38,42,42,46
39,42,48,36,36,37,40,37,45,37,38,36,46,40,38,34,35,38,39,40,39,38,37,44,41,38,43,40,42,38,38,39,38,36,36,42,36,44,47,44,47,43,43,40,42,39,38,41,42,46
39,41,47,36,36,36,40,37,44,37,38,36,45,39,38,34,35,38,39,40,38,38,37,44,40,38,43,39,42,38,37,39,38,36,36,41,36,43,46,43,47,42,43,40,42,38,38,41,42,45
39,41,47,36,36,36,39,36,43,37,38,36,44,39,37,34,35,38,38,40,38,38,37,43,40,37,42,39,41,37,37,39,38,36,36,41,36,43,46,43,47,42,43,40,42,38,38,41,41,45
38,41,46,35,36,36,39,36,42,37,38,36,43,38,37,34,35,37,38,40,38,38,37,43,39,37,42,39,41,37,37,39,38,36,36,40,36,43,45,43,46,41,43,40,41,38,38,41,41,44
38,41,46,35,36,36,39,36,42,37,38,36,42,38,37,34,35,37,38,39,38,38,37,43,39,37,41,38,40,37,37,39,38,36,36,40,36,42,45,42,46,41,42,40,41,38,38,40,41,44
38,41,45,35,36,36,38,36,42,37,38,36,42,37,37,34,35,37,37,39,38,38,37,42,39,37,41,38,40,37,37,38,38,36,36,40,36,42,44,42,45,41,42,39,41,38,38,40,41,44
38,41,45,35,36,36,38,36,41,37,38,36,41,37,37,34,36,37,37,39,38,38,37,42,39,37,41,38,40,37,37,38,38,36,36,40,36,42,44,42,45,41,42,39,41,38,38,40,40,44
38,41,44,35,36,36,38,36,41,37,38,36,41,37,37,34,36,37,37,39,38,38,37,42,38,37,41,38,40,37,37,39,38,36,36,40,37,41,44,42,44,41,42,39,41,38,38,40,40,44
38,41,44,36,36,36,38,36,41,37,39,36,41,37,37,34,36,37,37,39,38,38,37,42,38,37,41,38,40,37,37,39,38,36,36,39,37,41,44,42,44,40,42,39,41,38,38,40,40,43
38,41,44,36,36,36,38,36,41,37,39,36,41,37,37,34,36,37,37,39,38,38,37,42,38,37,41,38,40,37,37,39,38,37,36,39,37,41,43,42,44,40,42,40,40,38,38,40,40,43
38,41,44,36,36,36,38,36,40,37,39,36,40,37,37,34,36,37,37,39,38,38,37,42,38,37,41,38,40,37,37,39,38,37,36,39,37,41,43,42,44,40,42,40,40,38,38,40,40,43
37,41,44,36,37,36,38,37,40,37,39,36,40,37,37,35,36,37,37,39,38,38,37,42,38,38,41,38,40,37,37,39,38,37,37,39,37,41,43,42,44,40,42,40,40,38,38,40,40,43
38,41,44,36,37,37,38,37,40,37,39,37,40,37,37,35,35,37,37,39,38,38,38,42,38,38,41,38,40,37,38,39,38,37,37,39,37,41,43,42,44,40,42,40,40,38,38,40,40,43
37,41,44,36,37,37,38,37,40,38,39,37,39,37,38,35,35,37,37,40,38,38,38,42,39,38,41,38,40,38,38,39,38,37,37,39,37,41,43,42,44,40,42,40,41,39,38,40,40,43
37,41,43,37,37,37,38,37,40,38,40,37,39,37,38,35,35,37,37,40,38,38,38,42,39,38,41,38,40,38,38,39,39,37,37,39,38,40,42,42,44,40,42,40,41,39,38,40,40,43
37,41,43,37,37,37,38,37,40,38,40,37,39,37,38,36,35,37,38,40,38,39,38,42,39,38,41,38,40,38,38,39,39,38,37,39,38,40,42,42,44,40,42,40,41,39,39,41,40,43
36,41,43,37,37,37,38,37,40,38,40,37,39,38,38,36,35,37,38,40,39,39,38,42,39,38,41,39,40,38,38,40,39,38,38,39,38,39,42,42,44,40,42,40,41,39,39,41,41,43
36,41,43,37,37,37,38,37,40,38,40,38,38,38,38,36,35,37,38,40,39,39,39,42,39,38,41,39,40,38,38,40,39,38,38,38,38,39,42,42,44,41,42,40,41,39,39,41,41,43
35,41,43,37,37,38,39,38,40,39,39,38,38,38,39,36,34,37,38,40,39,39,39,42,39,39,41,39,40,39,38,40,39,38,38,38,39,39,42,42,44,41,42,40,41,39,39,41,41,43
35,42,43,38,36,38,39,38,40,39,39,38,38,38,39,37,34,37,38,40,39,39,39,42,39,39,41,39,40,39,39,40,39,38,38,38,39,38,42,42,44,41,42,40,41,39,39,41,41,43
35,42,43,38,36,37,39,38,41,39,39,38,38,38,39,37,34,37,38,41,39,40,39,42,39,39,42,39,40,39,39,40,40,39,38,38,39,38,42,42,44,41,42,41,41,40,39,41,41,43
35,42,43,38,36,37,39,38,41,39,39,38,38,39,39,37,34,37,38,41,40,40,39,42,40,39,42,39,41,39,39,41,40,39,38,37,39,38,42,42,44,41,42,41,41,40,40,41,41,43
35,42,43,38,36,37,39,39,41,40,39,38,37,39,40,37,34,37,39,41,40,40,40,42,40,39,42,40,41,39,39,41,40,39,38,37,39,38,42,42,44,41,42,41,41,40,40,41,41,44
35,42,43,39,36,37,40,39,41,40,39,38,37,39,40,38,34,37,39,41,40,40,40,42,40,40,42,40,41,40,38,41,40,39,38,37,40,38,42,42,44,41,42,41,42,40,39,42,41,44
35,42,44,39,36,37,40,39,41,40,39,38,37,39,40,38,34,37,39,41,40,41,40,42,40,40,42,40,41,40,38,41,40,40,38,37,40,38,42,43,44,41,42,41,42,40,39,42,41,44
35,42,44,39,36,36,40,39,42,40,38,38,37,40,41,38,34,36,39,42,40,41,41,41,40,40,43,40,41,40,38,41,41,40,38,37,40,38,42,43,45,41,42,41,42,41,39,42,42,44
35,42,44,40,36,36,40,40,42,41,38,38,37,40,41,38,33,36,40,42,41,41,41,41,41,40,43,40,42,41,38,42,41,40,38,36,41,37,42,43,46,42,42,41,42,41,39,41,42,44
35,42,44,40,36,36,40,40,42,41,38,39,37,40,41,38,33,37,40,42,41,42,41,41,41,41,45,41,42,41,38,43,41,41,38,36,41,37,43,43,48,42,43,42,42,41,40,41,42,44
35,42,44,40,36,37,40,40,41,41,38,39,37,40,42,38,34,37,39,42,41,43,41,42,41,41,45,41,42,41,38,43,41,41,39,36,41,38,43,43,48,42,43,42,42,41,40,41,42,45
35,42,44,40,35,36,40,40,42,41,39,39,36,41,42,39,34,37,39,42,41,43,43,41,41,42,44,41,43,41,38,43,42,41,39,36,41,38,43,43,48,42,44,43,44,41,40,41,42,47
36,42,44,41,35,36,40,41,42,46,38,39,37,42,42,39,33,37,39,43,42,43,43,41,41,42,44,41,43,42,38,43,42,42,38,36,41,38,43,43,48,42,44,43,45,42,39,41,42,47
36,42,44,42,35,36,39,41,41,47,39,39,37,42,42,39,33,37,39,43,44,43,43,41,42,43,44,42,44,42,38,43,45,44,39,36,42,38,43,43,48,45,44,43,45,42,40,41,42,47
36,42,44,42,35,36,39,41,41,47,39,39,37,43,43,39,33,37,40,43,44,43,43,41,42,43,44,42,44,43,38,44,45,44,39,37,42,38,43,43,48,45,44,44,45,48,40,41,42,48
36,42,44,42,36,36,39,41,40,47,39,39,37,43,43,40,34,38,40,43,44,43,43,41,44,43,43,42,44,43,39,44,45,45,39,37,42,38,44,44,48,45,44,48,44,48,40,42,43,48
36,42,45,42,36,37,39,41,40,47,39,39,37,44,42,40,34,38,40,43,44,46,43,41,45,44,43,42,44,43,39,44,45,45,39,37,46,38,48,45,48,46,44,48,44,48,40,42,44,47
36,42,47,43,36,37,40,41,40,47,39,39,37,46,42,40,34,38,40,43,44,45,43,41,47,46,43,42,44,43,39,44,45,45,39,37,45,38,48,45,48,47,44,48,44,47,40,41,44,47
36,42,47,43,36,37,39,41,40,47,39,39,37,46,41,40,34,38,40,43,44,45,43,41,46,46,43,46,45,43,39,44,44,44,38,37,45,38,48,45,49,48,44,48,44,47,40,41,45,47
36,42,47,43,36,37,39,41,40,47,39,39,37,46,41,40,34,38,40,43,44,44,43,41,46,46,43,46,45,44,39,43,44,44,38,37,45,37,48,48,49,48,44,48,44,47,40,41,45,46
36,42,47,44,36,37,40,41,40,48,39,39,37,46,41,40,34,38,40,43,44,44,43,40,48,45,43,46,45,44,39,43,44,44,38,37,45,37,48,48,49,48,44,50,44,47,41,42,45,46
36,42,47,45,36,37,39,41,39,48,39,39,37,46,41,40,34,38,39,42,44,43,43,40,48,45,43,45,45,46,39,43,43,44,38,37,45,37,48,49,49,48,44,49,43,46,41,41,45,46
36,41,47,47,36,37,39,41,39,48,39,39,37,48,41,40,34,38,39,42,44,43,42,40,48,45,43,45,44,48,39,42,43,43,38,37,45,37,48,48,48,48,47,48,43,46,40,41,45,45
36,41,47,48,36,36,39,41,39,48,39,39,37,48,41,39,34,38,39,41,44,42,41,39,47,45,42,45,44,48,39,42,42,43,38,37,45,36,48,49,48,48,47,47,43,46,40,41,45,45
36,41,46,48,36,36,39,41,38,48,39,39,37,48,40,39,34,38,39,41,44,42,41,39,47,45,42,45,44,48,39,41,42,42,38,37,44,36,47,48,47,48,46,47,42,46,40,40,45,44
36,41,45,48,36,36,39,41,38,48,39,39,37,49,40,39,34,37,39,41,43,41,41,39,47,45,41,45,43,48,39,41,42,42,37,37,44,36,47,48,47,48,46,46,42,46,40,40,44,44
36,41,45,49,36,36,39,41,38,48,38,39,37,48,40,39,34,37,40,41,42,41,40,39,46,45,41,45,43,47,39,40,42,41,37,37,44,36,47,48,46,49,46,46,42,46,40,40,43,44
36,41,45,48,36,36,38,41,38,47,38,39,37,48,40,39,34,36,40,41,42,40,40,38,46,44,40,45,43,47,39,40,42,41,37,37,43,36,46,48,46,49,46,46,42,45,40,39,43,44
36,41,44,49,36,36,38,41,38,47,38,39,37,48,40,38,34,36,40,41,42,40,40,38,45,44,40,44,42,46,39,39,41,40,37,37,43,36,46,48,46,48,45,46,42,45,40,39,43,44
36,41,44,48,36,36,38,41,37,46,38,39,36,48,40,38,34,36,39,41,41,40,40,38,45,44,39,44,42,46,39,39,41,40,37,37,43,37,45,48,45,48,45,45,42,45,40,38,43,43
36,40,43,48,36,36,38,41,37,46,38,39,37,48,40,38,34,36,39,40,41,39,39,38,45,43,39,44,42,44,38,39,41,40,37,37,43,37,45,48,45,48,45,45,41,44,40,38,42,43
36,40,42,48,36,37,37,41,37,46,38,39,36,48,40,38,34,36,39,40,41,39,39,38,44,42,38,44,41,44,38,38,41,39,37,36,43,37,45,49,44,48,45,44,41,44,40,38,42,43
37,40,42,48,36,37,37,41,37,45,37,39,36,48,40,38,34,36,39,40,41,39,39,38,44,42,38,44,41,44,38,38,40,39,37,36,43,37,45,49,44,48,44,44,41,44,39,38,42,43
37,39,42,48,36,36,37,40,37,45,37,38,36,47,40,38,34,35,39,40,41,39,39,38,44,41,38,43,40,43,38,38,40,39,36,36,42,37,45,48,44,48,44,44,40,43,39,38,42,43
37,39,42,48,36,36,37,40,37,45,37,38,36,46,40,38,34,35,38,39,41,39,39,37,44,41,38,43,40,43,38,38,40,38,36,36,42,37,44,47,44,47,43,43,40,42,39,38,41,42
37,39,42,47,36,36,37,40,37,44,37,38,36,45,39,38,34,35,38,39,40,39,38,37,44,40,38,43,39,42,38,38,39,38,36,36,41,36,43,46,43,47,42,43,40,42,38,38,41,42
37,39,41,47,36,36,36,39,36,43,37,38,36,44,39,37,34,35,38,38,40,38,38,37,43,40,38,42,39,41,37,37,39,38,36,36,41,36,43,46,43,47,42,43,40,42,38,38,41,41
37,38,41,46,35,36,36,39,36,42,37,38,36,43,38,37,34,35,37,38,40,38,38,37,43,39,37,42,39,41,37,37,39,38,36,36,40,36,43,45,43,46,41,43,40,42,38,38,41,41
37,38,41,46,35,36,36,39,36,42,37,38,36,42,38,37,34,35,37,38,39,38,38,37,43,39,37,41,38,40,37,37,39,38,36,36,40,36,42,45,42,46,41,43,40,41,38,38,40,41
37,38,41,45,35,36,36,38,36,42,37,38,36,42,37,37,34,36,37,37,39,38,38,37,42,39,37,41,38,40,37,37,38,38,36,36,40,36,42,44,42,45,41,42,40,41,38,38,40,41
37,38,41,45,35,36,36,38,36,41,37,38,36,41,37,37,34,36,37,37,39,38,38,37,42,39,37,41,38,40,37,37,38,38,36,36,40,36,42,44,42,45,41,42,39,41,38,38,40,40
37,38,41,44,35,36,36,38,36,41,37,38,36,41,37,37,34,36,37,37,39,38,38,37,42,38,37,41,38,40,37,37,39,38,36,36,40,37,41,44,42,44,41,42,39,41,38,38,40,40
37,37,41,44,36,36,36,38,36,41,37,39,36,41,37,37,34,36,37,37,39,38,38,37,42,38,37,41,38,40,37,37,39,38,36,36,39,37,41,43,42,44,40,42,39,40,38,38,40,40
37,37,41,44,36,36,36,38,36,40,37,39,36,40,37,37,34,36,37,37,39,38,38,37,42,38,37,41,38,40,37,37,39,38,37,36,39,37,41,43,42,44,40,42,40,40,38,38,40,40
37,37,41,44,36,36,36,38,36,40,37,39,36,40,37,37,34,36,37,37,39,38,38,37,42,38,37,41,38,40,37,37,39,38,37,36,39,37,41,43,42,44,40,42,40,40,38,38,40,40
37,37,41,44,36,37,36,38,36,40,37,39,36,40,37,37,35,35,37,37,39,38,38,37,42,38,37,41,38,40,37,37,39,38,37,37,39,37,41,43,42,44,40,42,40,40,38,38,40,40
37,37,41,44,36,37,37,38,37,40,37,39,37,40,37,37,35,35,37,37,39,38,38,38,42,38,38,41,38,40,37,37,39,38,37,37,39,37,41,43,42,44,40,42,40,40,38,38,40,40
38,37,41,43,36,37,37,38,37,40,37,39,37,39,37,38,35,35,37,37,40,38,38,38,42,38,38,41,38,40,38,38,39,38,37,37,39,37,40,42,42,44,40,42,40,40,38,38,40,40
38,37,41,43,37,37,37,38,37,40,38,40,37,39,37,38,35,35,37,37,40,38,38,38,42,39,38,41,38,40,38,38,39,39,37,37,39,38,40,42,42,44,40,42,40,41,39,38,40,40
38,37,41,43,37,36,37,38,37,40,38,40,37,39,37,38,35,35,37,37,40,38,39,38,42,39,38,41,38,40,38,38,39,39,38,37,39,38,39,42,42,44,40,42,40,41,39,38,41,40
38,36,41,43,37,37,37,38,37,40,38,40,37,38,37,38,36,34,37,38,40,39,39,38,42,39,38,41,38,40,38,38,40,39,38,38,38,38,39,42,42,44,40,42,40,41,39,39,41,40
39,35,41,43,37,37,37,38,37,40,38,39,37,38,38,38,36,34,37,38,40,39,39,39,42,39,38,41,39,40,38,38,40,39,38,38,38,38,39,42,42,44,40,42,40,41,39,39,41,41
39,35,41,43,37,36,37,38,38,40,39,39,38,38,38,39,36,34,37,38,40,39,39,39,42,39,38,41,39,40,38,38,40,39,38,38,38,38,38,42,42,44,41,42,40,41,39,39,41,41
39,35,42,43,38,36,37,39,38,40,39,39,38,37,38,39,37,34,36,38,40,39,39,39,42,39,39,41,39,40,39,38,40,39,38,38,37,39,38,42,42,44,41,42,40,41,39,39,41,41
39,35,42,43,38,36,36,39,38,41,39,39,38,37,38,39,37,34,36,38,41,39,40,39,42,39,39,42,39,40,39,38,40,40,39,38,37,39,38,42,42,44,41,42,41,41,40,39,41,41
40,35,42,43,38,36,37,39,38,41,39,39,38,37,38,39,37,34,36,38,41,39,40,39,42,40,39,42,39,41,39,38,40,40,39,38,37,39,38,42,42,44,41,42,41,41,40,39,41,41
40,35,42,43,38,35,36,39,39,41,39,38,38,37,39,40,37,34,37,39,41,40,40,40,42,40,39,42,39,41,39,38,41,40,39,37,37,39,38,42,42,44,41,42,41,41,40,39,41,41
40,34,41,43,39,35,36,39,39,41,40,38,38,37,39,40,37,33,37,39,41,40,40,40,42,40,40,42,40,41,40,38,41,40,39,37,36,40,37,42,42,44,41,42,41,41,40,39,42,41
40,34,41,44,39,35,36,39,39,41,40,38,37,36,39,40,37,33,36,39,41,40,41,40,41,40,40,42,40,41,40,38,41,40,40,37,36,40,37,42,42,44,41,42,41,42,40,39,41,41
41,34,41,44,39,35,36,40,39,41,40,38,38,37,39,41,37,33,36,39,42,40,41,41,41,40,40,43,40,41,40,38,41,41,40,37,36,40,37,42,43,45,41,42,41,42,41,39,41,42
41,34,41,44,40,35,35,40,40,41,41,38,38,37,40,41,37,33,36,39,42,41,41,41,41,41,40,43,40,42,40,38,42,41,40,38,36,40,37,42,43,46,42,42,41,42,41,39,41,42
41,35,41,44,40,35,36,40,40,41,41,38,38,37,40,41,37,33,36,39,42,41,42,41,41,41,41,45,41,42,41,37,43,41,41,38,36,41,37,42,43,48,42,42,42,42,41,39,41,42
42,34,41,44,40,35,36,40,40,41,41,38,38,36,40,42,38,33,36,39,42,41,42,41,41,41,41,44,41,42,41,37,43,41,41,38,36,41,37,43,43,48,42,43,42,42,41,39,41,42
44,35,41,44,40,35,35,39,40,41,41,38,38,36,41,42,38,33,36,39,42,41,43,43,41,41,42,43,41,43,41,37,43,41,41,38,35,41,37,43,43,48,42,44,43,44,41,39,41,42
44,35,41,44,41,34,35,39,41,41,46,38,39,36,42,42,38,33,36,38,42,42,43,43,40,41,42,43,41,43,42,37,43,42,42,38,36,41,37,43,43,48,42,44,43,44,42,39,41,42
45,35,41,44,42,35,35,39,41,40,47,38,39,36,42,42,39,32,36,39,42,44,43,43,40,42,43,43,42,44,42,37,43,45,44,38,36,42,37,43,43,48,45,44,43,44,42,39,41,42
46,35,41,44,42,35,35,39,40,40,46,38,39,36,43,42,39,33,37,39,42,44,43,43,40,42,43,43,42,44,43,38,43,45,44,38,36,42,37,43,43,48,45,44,44,44,47,39,41,42
46,35,41,44,42,35,36,38,40,40,46,38,39,36,43,42,39,33,37,39,42,44,43,43,40,44,43,43,42,44,43,38,43,44,44,38,36,42,37,44,44,48,45,44,48,44,46,39,41,43
46,35,41,45,42,35,36,39,40,40,46,38,39,36,44,41,39,33,37,39,43,44,44,43,40,45,44,43,42,44,43,38,43,44,44,38,36,45,37,47,45,48,46,44,48,44,46,39,41,43
47,35,41,46,43,35,36,39,40,39,46,39,38,36,46,41,39,33,37,39,43,44,44,43,40,47,44,43,42,44,43,38,43,44,44,38,36,45,37,47,45,48,47,44,48,44,46,40,41,44
47,36,41,46,43,35,36,39,40,39,46,38,39,36,46,41,39,33,37,39,43,43,44,43,40,46,44,43,46,44,43,38,43,44,44,38,36,45,37,47,45,48,48,44,48,44,46,40,41,44
47,36,41,46,43,35,36,39,41,39,46,38,38,36,46,40,40,33,37,39,42,43,44,43,40,46,44,43,46,44,44,38,43,43,43,37,36,45,37,47,48,48,48,44,48,44,46,40,41,45
47,36,41,46,44,35,36,39,41,39,46,38,38,36,46,40,39,33,37,39,42,43,43,42,40,47,44,42,45,44,44,39,43,43,43,37,36,45,36,46,48,47,48,44,47,43,46,40,41,45
48,35,41,46,45,35,36,39,41,38,46,38,38,36,46,40,39,33,38,39,42,43,43,42,39,47,44,42,45,44,45,39,42,43,43,37,36,45,36,46,48,47,48,44,48,43,46,40,41,45
48,35,41,46,47,35,36,39,41,38,46,38,38,36,46,40,39,33,38,38,41,43,42,41,39,47,44,42,45,44,45,39,42,42,43,37,36,45,36,46,48,47,48,46,47,42,45,40,40,45
48,35,41,46,48,35,35,38,41,38,45,38,38,36,46,40,39,34,38,38,41,43,42,41,39,47,44,41,44,43,45,39,41,42,42,37,37,44,36,46,48,47,48,46,47,42,45,39,40,45
48,35,41,46,48,35,36,38,41,37,45,38,38,36,45,40,38,34,38,39,41,43,41,40,38,47,44,41,44,43,45,39,41,42,42,37,37,44,36,46,47,47,48,46,46,42,45,39,39,44
47,35,41,45,48,35,36,38,40,37,44,38,38,36,44,40,38,34,37,39,41,42,40,40,38,46,43,40,44,42,44,38,40,42,41,37,36,43,36,45,46,46,48,44,46,42,45,39,39,44
45,35,40,43,46,35,35,38,40,37,43,38,38,36,43,40,38,34,36,39,40,42,40,40,38,45,41,40,44,41,42,38,40,41,40,37,36,42,36,44,45,45,47,43,45,41,43,39,39,43
45,35,40,43,46,35,35,37,40,37,42,38,38,36,43,39,38,34,36,39,39,41,39,40,38,44,41,39,43,40,42,38,39,41,40,37,36,41,36,43,44,44,46,43,44,41,43,39,38,42
44,35,39,42,45,35,36,37,39,37,42,37,38,36,42,39,38,33,36,38,39,41,39,39,38,43,40,39,42,40,41,38,39,40,39,37,36,41,36,42,44,43,46,42,43,41,42,39,38,42
44,36,39,42,45,36,36,37,39,37,41,37,38,36,41,38,38,33,35,38,38,40,39,39,38,43,40,38,42,39,41,38,38,40,39,37,36,40,36,42,43,43,45,42,43,41,42,39,38,41
44,36,38,42,45,35,36,37,39,36,41,37,38,36,41,38,38,33,35,38,38,40,39,39,37,43,39,38,42,39,41,38,38,40,39,37,36,40,36,42,43,43,45,41,43,41,42,39,37,41
43,36,38,41,44,35,36,37,39,36,41,37,38,36,41,38,38,33,35,37,38,40,39,39,37,43,39,38,42,39,40,38,38,39,38,37,36,40,36,42,43,43,45,41,43,40,41,39,37,41
43,36,38,41,44,36,36,36,38,36,41,37,38,36,41,37,37,33,35,37,38,40,38,38,37,42,39,38,41,39,40,37,38,39,38,37,36,40,36,41,43,42,45,41,42,40,41,38,37,41
43,36,38,41,44,35,36,36,38,36,40,37,38,36,40,37,37,33,35,37,37,39,38,38,37,42,39,37,41,38,40,37,37,39,38,36,36,39,36,41,42,42,44,41,42,40,41,38,37,40
43,36,38,41,44,35,36,36,38,36,40,37,38,36,40,37,37,33,35,37,37,39,38,38,37,42,39,37,41,38,40,37,37,39,38,36,35,39,36,41,42,42,44,40,42,40,41,38,37,40
43,36,37,40,43,35,35,36,38,36,40,36,38,36,40,37,37,33,35,36,37,39,38,38,37,42,38,37,41,38,40,37,37,38,38,36,35,39,36,41,42,42,44,40,42,39,40,38,37,40
42,36,37,40,43,35,35,36,37,36,40,36,38,35,40,37,36,33,35,36,37,39,37,38,36,41,38,37,40,38,39,36,37,38,37,36,35,39,36,40,42,41,44,40,41,39,40,38,37,40
42,36,37,40,43,35,35,36,37,36,40,36,38,35,40,37,36,33,35,36,37,39,37,38,36,41,38,37,40,38,39,36,37,38,37,36,35,39,36,40,42,41,44,40,41,39,40,38,37,40
42,36,37,40,43,35,35,36,37,36,40,36,38,35,40,37,36,33,35,36,37,39,37,38,36,41,38,37,40,38,39,36,37,38,37,36,35,39,36,40,42,41,44,40,41,39,40,38,37,40
42,36,37,40,43,35,35,36,37,36,40,36,38,36,40,37,36,33,35,36,37,39,37,38,36,41,38,37,40,38,39,36,37,38,37,36,35,39,36,40,42,41,44,40,41,39,40,38,37,40
42,36,37,40,43,35,35,36,37,36,40,37,38,36,40,37,37,33,35,36,37,39,38,38,36,41,38,37,40,38,39,37,37,38,37,36,35,39,36,40,42,41,44,40,41,39,40,38,37,40
42,36,37,40,43,35,36,36,37,36,40,37,38,36,40,37,37,34,35,36,37,39,38,38,37,41,38,37,40,38,39,37,37,38,37,36,36,39,36,40,42,41,44,40,41,39,40,38,37,40
42,37,37,40,43,35,36,36,37,36,40,37,38,36,40,37,37,34,35,36,37,39,38,38,37,41,38,37,40,38,39,37,37,38,38,36,36,39,36,40,42,41,44,40,41,39,40,38,37,40
42,37,37,40,43,35,36,36,37,36,40,37,38,36,40,37,37,34,36,36,37,39,38,38,37,41,38,37,40,38,39,37,37,38,38,36,36,39,36,40,42,41,44,40,41,39,40,38,37,40
42,37,37,40,43,36,36,36,37,36,40,37,38,36,40,37,37,34,35,36,37,39,38,38,37,41,38,37,40,38,39,37,37,38,38,36,36,39,37,40,42,41,44,40,41,39,40,38,37,40
42,37,37,40,43,36,36,36,37,36,40,37,39,36,39,37,37,34,35,36,37,39,38,38,37,41,38,37,40,38,39,37,37,39,38,37,36,39,37,40,42,41,44,40,41,39,40,38,38,40
42,37,37,40,43,36,36,36,37,36,40,37,39,36,39,37,37,35,34,36,37,39,38,38,37,42,38,37,41,38,39,37,37,39,38,37,36,39,37,40,42,41,44,40,41,39,40,38,38,40
42,37,36,41,43,36,36,36,38,36,40,37,39,36,38,37,37,35,34,37,37,39,38,38,37,42,38,37,41,38,39,37,37,39,38,37,37,39,37,40,42,41,44,40,41,40,40,38,38,40
42,38,36,41,43,36,36,37,38,37,40,37,39,37,38,37,38,35,34,37,37,39,38,38,38,42,38,38,41,38,39,37,37,39,38,37,37,38,37,39,42,41,44,40,42,40,40,38,38,40
42,38,36,41,43,37,36,37,38,37,40,38,39,37,38,37,38,35,34,37,37,39,38,38,38,42,38,38,41,38,40,38,38,39,38,37,37,38,38,39,42,42,44,40,42,40,40,39,38,40
42,38,35,41,43,37,36,37,38,37,40,38,39,37,38,37,38,36,34,36,37,40,38,39,38,41,39,38,41,38,40,38,38,39,39,38,37,38,38,38,42,42,44,40,42,40,41,39,38,40
42,38,35,41,43,37,36,37,38,37,40,38,39,37,37,37,38,36,34,36,38,40,39,39,38,41,39,38,41,38,40,38,38,40,39,38,38,37,38,38,42,42,44,40,41,40,41,39,39,41
42,39,34,41,43,37,36,37,38,37,40,38,38,37,37,38,39,36,33,36,38,40,39,39,39,40,39,38,41,38,40,38,38,40,39,38,37,37,38,38,42,42,44,40,42,40,41,39,39,41
42,39,34,41,43,37,35,36,38,38,40,39,38,37,37,38,39,36,33,36,38,40,39,39,39,40,39,39,41,39,40,39,38,40,39,38,37,37,38,37,42,42,44,40,42,40,41,39,39,41
42,39,34,41,43,38,35,36,39,38,40,39,38,37,37,38,39,37,33,36,38,40,39,39,39,40,39,39,41,39,40,39,38,40,39,38,37,36,39,37,42,42,44,41,42,40,41,39,39,41
42,40,34,41,43,38,35,36,39,38,40,39,38,37,36,38,39,37,33,36,38,41,39,40,39,39,39,39,41,39,40,39,38,40,40,39,37,36,39,37,42,42,44,41,42,41,41,40,39,41
42,40,34,40,43,38,35,36,39,38,40,39,38,37,36,39,40,37,33,36,39,41,40,40,40,39,40,39,40,39,41,39,37,41,40,39,37,36,39,37,42,42,44,41,42,41,41,40,38,41
43,40,34,40,42,39,35,35,39,39,40,40,38,37,36,39,40,37,33,36,39,41,40,40,40,39,40,39,40,39,41,40,37,40,40,39,37,36,39,36,42,42,44,41,42,41,41,40,38,41
43,40,34,40,42,39,34,35,39,39,39,40,38,37,36,39,40,36,33,36,39,41,40,40,39,39,40,40,40,40,41,40,37,40,40,40,36,35,40,36,42,42,44,41,42,41,42,40,38,40
43,41,33,39,42,39,34,35,39,39,39,40,37,37,36,39,39,36,32,35,39,41,40,40,39,38,40,40,40,40,41,40,37,41,40,40,37,35,40,36,42,42,43,41,42,41,42,41,38,40
43,41,34,39,42,39,35,35,39,39,40,41,37,37,36,40,39,37,32,35,38,40,40,40,39,38,40,40,40,40,41,40,37,40,40,40,37,35,40,36,42,43,44,41,42,41,42,41,38,40
43,41,34,40,42,40,34,35,39,40,39,41,37,37,36,40,39,37,32,35,38,40,41,40,39,38,41,41,40,40,41,41,37,40,40,40,37,35,41,36,42,43,44,42,42,42,42,41,38,40
43,42,34,39,42,40,34,35,39,40,39,41,37,38,35,40,39,37,32,36,38,39,41,39,39,39,41,41,39,41,41,41,37,40,40,41,38,35,41,36,42,43,44,42,43,42,41,41,39,40
43,44,34,39,42,40,34,35,38,40,39,41,37,38,35,41,39,37,32,36,38,39,41,40,39,38,41,41,39,41,41,41,37,40,40,41,38,35,41,36,43,43,44,42,43,43,41,41,39,40
43,44,34,40,42,41,34,35,39,40,39,42,37,38,35,42,39,38,32,36,38,39,41,40,40,38,41,41,39,41,41,41,37,39,40,40,37,35,41,36,43,43,44,42,43,43,41,42,38,40
43,45,34,40,42,42,34,35,38,40,38,42,37,38,35,42,39,38,32,36,38,39,41,40,40,39,42,41,39,42,41,42,37,39,40,40,37,35,42,37,43,43,44,45,42,43,41,42,38,40
42,45,35,40,43,42,34,35,38,39,39,42,37,38,36,42,39,38,32,36,38,39,41,40,40,39,42,40,39,42,41,42,37,39,41,40,38,35,42,37,43,43,44,45,42,44,42,43,38,40
42,45,35,39,43,42,34,35,38,40,38,42,38,38,35,42,39,39,32,36,39,39,41,40,40,39,44,40,39,42,41,42,37,39,40,40,38,36,41,37,43,44,44,45,42,44,42,43,39,40
43,45,35,40,43,42,34,35,38,40,38,42,38,38,35,43,39,39,32,37,39,39,41,40,40,39,44,41,39,42,41,42,37,39,41,40,37,36,41,36,43,44,44,46,43,44,42,43,39,40
42,45,35,40,43,43,35,36,38,40,38,43,38,38,35,43,39,39,32,37,39,39,42,40,40,39,44,41,40,42,41,42,38,39,41,40,37,36,42,36,43,45,44,47,43,44,42,43,39,40
43,45,35,40,43,43,35,36,38,40,39,43,38,38,36,43,39,39,33,37,39,40,42,40,40,39,44,41,40,43,40,42,38,39,41,40,37,36,42,36,43,45,44,47,43,44,42,43,39,40
42,45,35,40,43,43,35,36,38,40,38,43,38,38,36,43,39,39,33,37,39,39,42,40,40,39,44,41,40,43,40,42,38,39,41,40,37,36,42,36,43,45,44,47,43,44,42,43,39,40
42,45,35,40,43,44,35,36,38,40,38,42,38,38,36,43,39,39,33,37,38,39,41,40,40,39,44,41,39,43,40,42,38,39,41,40,37,36,41,36,43,44,44,46,43,44,42,43,40,40
42,45,35,39,42,45,35,36,38,40,38,42,38,38,36,42,39,39,33,37,38,39,41,40,40,39,44,40,39,43,40,42,38,39,40,40,37,36,41,36,43,44,44,46,42,44,41,42,40,39
42,44,35,39,42,45,35,36,37,39,38,42,38,38,36,42,38,38,33,37,38,39,41,39,39,38,43,40,39,42,40,41,38,39,40,39,37,36,41,35,42,44,43,46,42,43,41,42,39,39
42,44,35,39,42,45,35,35,37,39,37,42,38,38,36,42,38,38,33,36,38,39,41,39,39,38,43,40,39,42,39,41,38,38,40,39,37,36,41,35,42,44,43,46,42,43,41,42,39,39
41,44,35,39,42,45,35,35,37,39,37,42,38,38,35,42,38,38,33,36,38,38,41,39,39,38,43,40,39,42,39,41,38,38,40,39,37,36,41,35,42,44,43,46,42,43,41,42,39,39
41,43,35,38,41,44,35,35,36,38,37,41,37,37,35,41,37,37,33,35,37,38,40,38,38,37,42,39,38,41,39,40,37,38,39,38,36,36,40,35,41,43,42,45,41,42,40,41,38,38
40,42,35,37,40,43,35,35,36,37,36,40,36,37,35,40,37,36,33,35,36,37,39,37,37,36,41,38,37,40,38,39,36,37,38,37,36,35,39,35,40,42,41,44,40,41,39,40,38,37
40,42,35,37,40,43,35,35,36,37,36,40,36,37,35,40,36,36,33,34,36,37,39,37,37,36,41,38,37,40,38,39,36,37,38,37,36,35,39,35,40,42,41,44,40,41,39,40,37,37
40,42,35,37,40,43,35,35,36,37,36,40,36,38,35,40,36,36,33,34,36,37,39,37,37,36,41,38,37,40,38,39,36,37,38,37,36,35,39,35,40,42,41,44,40,41,39,40,37,37
40,42,35,37,40,43,35,35,36,37,36,40,36,38,35,40,36,36,33,34,36,37,39,37,37,36,41,38,37,40,38,39,36,37,38,37,36,35,39,35,40,42,41,44,40,41,39,40,37,37
40,42,36,37,40,43,35,35,36,37,36,40,36,38,35,40,36,36,33,34,36,37,39,37,37,36,41,38,37,40,38,39,36,37,38,37,36,35,39,36,40,42,41,44,40,41,39,40,37,37
40,42,36,37,40,43,35,35,36,37,36,40,36,38,35,40,36,36,33,34,36,37,39,37,37,36,41,38,37,40,38,39,36,37,38,37,36,35,39,36,40,42,41,44,40,41,39,40,37,37
40,42,36,37,40,43,35,35,36,37,36,40,36,38,35,40,36,36,33,34,36,37,39,37,37,36,41,38,37,40,38,39,36,37,38,37,36,35,39,36,40,42,41,44,40,41,39,40,37,37
40,42,36,37,40,43,35,35,36,37,36,40,36,38,35,40,36,36,33,34,36,37,39,37,37,36,41,38,37,40,38,39,36,37,38,37,36,35,39,36,40,42,41,44,40,41,39,40,37,37
40,42,36,37,40,43,35,35,36,37,36,40,36,38,35,40,36,36,33,34,36,37,39,37,37,36,41,38,37,40,38,39,36,37,38,37,36,35,39,36,40,42,41,44,40,41,39,40,37,37
40,42,36,37,40,43,35,35,36,37,36,40,36,38,35,40,36,36,33,34,36,37,39,37,37,36,41,38,37,40,38,39,36,37,38,37,36,35,39,36,40,42,41,44,40,41,39,40,37,37
40,42,36,37,40,43,35,35,36,37,36,40,36,38,35,40,36,36,33,35,36,37,39,37,37,36,41,38,37,40,38,39,36,37,38,37,36,35,39,36,40,42,41,44,40,41,39,40,37,37
40,42,36,37,40,43,35,35,36,37,36,40,36,38,35,40,36,36,33,35,36,37,39,37,37,36,41,38,37,40,38,39,36,37,38,37,36,35,39,36,40,42,41,44,40,41,39,40,37,37
40,42,36,37,40,43,35,35,36,37,36,40,36,38,35,40,36,36,33,35,36,37,39,37,37,36,41,38,37,40,38,39,36,37,38,37,36,35,39,36,40,42,41,44,40,41,39,40,37,37
40,42,36,37,40,43,35,35,36,37,36,40,36,38,35,40,36,36,33,35,36,37,39,37,37,36,41,38,37,40,38,39,36,37,38,37,36,35,39,36,40,42,41,44,40,41,39,40,37,37
40,42,36,37,40,43,35,35,36,37,36,40,36,38,35,40,36,36,33,35,36,37,39,37,37,36,41,38,37,40,38,39,36,37,38,37,36,35,39,36,40,42,41,44,40,41,39,40,37,37
40,42,36,37,40,43,35,36,36,37,36,40,37,38,36,40,36,37,34,35,36,37,39,37,37,37,41,38,37,40,38,39,36,37,38,37,36,36,39,36,40,42,41,44,40,41,39,40,37,37
40,42,36,37,40,43,35,36,36,37,36,40,37,38,36,40,36,37,34,35,36,37,39,37,37,37,41,38,37,40,38,39,37,37,38,37,36,36,39,36,40,42,41,44,40,41,39,40,38,37
40,42,37,37,40,43,35,36,36,37,36,40,37,38,36,40,36,37,34,35,36,37,39,38,38,37,41,38,37,40,38,39,37,37,38,38,36,36,39,36,40,42,41,44,40,41,39,40,38,37
40,42,37,37,40,43,35,36,36,37,36,40,37,38,36,40,37,37,34,35,36,37,39,38,38,37,41,38,37,40,38,39,37,37,38,38,36,36,39,36,40,42,41,44,40,41,39,40,38,37
40,42,37,37,40,43,36,36,36,37,36,40,37,39,36,39,37,37,34,34,36,37,39,38,38,37,41,38,37,40,38,39,37,37,38,38,36,36,39,37,40,42,41,44,40,41,39,40,38,38
40,42,37,37,40,43,36,36,36,37,36,40,37,39,36,39,37,37,34,34,36,37,39,38,38,37,41,38,37,40,38,39,37,37,39,38,37,36,39,37,40,42,41,44,40,41,39,40,38,38
40,42,37,36,41,43,36,36,36,37,36,40,37,39,36,38,37,37,35,34,37,37,39,38,38,37,42,38,37,41,38,39,37,37,39,38,37,37,39,37,39,42,41,44,40,41,40,40,38,38
40,42,38,36,41,43,36,36,36,38,36,40,37,39,36,38,37,38,35,34,36,37,39,38,38,38,41,38,38,41,38,39,37,37,39,38,37,37,38,37,39,42,41,44,40,41,40,40,38,38
40,42,38,36,41,43,37,35,37,38,37,40,38,39,37,38,37,38,35,34,37,37,39,38,38,38,41,38,38,41,38,40,38,38,39,38,37,37,38,37,39,42,41,44,40,42,40,40,38,38
40,42,38,35,41,43,37,36,37,38,37,40,38,39,37,37,37,38,35,33,36,37,40,38,39,38,41,38,38,41,38,40,38,38,39,39,37,37,37,38,38,42,42,44,40,41,40,40,39,38
40,42,38,34,41,43,37,36,37,38,37,40,38,38,37,37,37,38,36,33,36,38,40,38,39,38,40,39,38,41,38,40,38,38,40,39,38,37,37,38,38,42,42,44,40,41,40,41,39,38
40,42,39,34,41,43,37,35,37,38,37,40,38,38,37,37,38,39,36,33,36,38,40,39,39,39,40,39,38,41,38,40,38,38,40,39,38,37,37,38,37,42,42,44,40,42,40,41,39,39
40,42,39,34,41,43,37,35,36,38,38,40,39,38,37,37,38,39,36,33,35,38,40,39,39,39,40,39,38,41,39,40,39,38,40,39,38,37,36,38,37,42,42,44,40,42,40,41,39,39
40,42,39,34,41,43,38,35,35,39,38,40,39,38,37,36,38,39,37,33,35,38,40,39,39,39,40,39,39,41,39,40,39,37,40,39,38,37,36,39,37,42,42,44,40,42,40,41,39,39
40,42,39,34,41,43,38,35,36,39,38,40,39,38,37,36,38,39,37,33,36,38,41,39,40,39,39,39,39,41,39,40,39,37,40,40,39,37,36,39,37,42,42,44,41,42,41,41,40,38
40,42,40,34,40,43,38,34,35,39,38,40,39,38,37,36,39,40,37,33,36,38,41,40,40,40,39,40,39,40,39,41,39,37,41,40,39,37,36,39,37,42,42,44,41,42,41,41,40,38
41,43,40,34,40,42,39,34,35,39,39,40,40,37,37,36,39,40,37,33,36,38,41,40,40,40,39,40,39,40,39,41,40,37,40,40,39,36,36,39,36,42,42,44,41,42,41,41,40,38
41,43,40,33,40,42,39,34,35,39,39,39,40,37,36,36,39,40,36,32,35,38,41,40,40,39,39,40,40,40,40,41,40,37,40,40,40,36,35,40,36,42,42,44,41,42,41,42,40,38
41,43,41,33,39,42,39,34,35,39,39,39,40,37,37,36,39,39,36,32,35,38,41,40,40,39,38,40,40,40,40,41,40,37,41,40,40,36,35,40,36,42,42,43,41,42,41,42,41,38
41,43,41,33,39,42,39,34,35,39,39,40,41,37,37,36,40,39,37,32,35,38,40,40,40,39,38,40,40,40,40,41,40,37,40,40,40,37,35,40,36,42,43,44,41,42,41,42,41,38
41,43,41,34,40,42,40,34,35,39,39,39,41,37,37,36,40,39,36,32,35,38,40,41,40,39,38,41,41,40,40,41,41,37,40,40,40,37,35,41,36,42,43,44,42,42,42,42,41,38
41,43,42,34,39,42,40,34,35,39,40,39,41,37,37,35,40,39,37,32,35,38,39,41,39,39,39,41,41,39,41,41,41,36,40,40,41,37,35,41,36,42,43,44,42,43,42,41,41,38
42,43,44,34,40,42,40,34,35,38,40,39,41,37,38,35,41,39,37,32,36,38,39,41,40,39,38,41,41,39,41,41,41,37,40,40,41,38,35,41,36,43,43,44,42,43,43,41,41,39
42,43,44,34,40,42,41,33,35,38,40,39,42,37,38,35,42,39,38,32,35,38,39,41,40,40,38,41,41,39,41,41,41,36,39,40,40,37,35,41,36,43,43,44,42,43,43,41,42,38
42,43,45,34,40,42,42,34,34,38,40,38,42,37,38,35,42,39,38,32,36,38,39,41,40,40,39,42,41,39,42,41,41,37,39,40,39,37,35,42,36,43,43,44,45,42,43,41,42,38
42,42,45,35,39,42,42,34,35,38,39,38,42,37,38,35,42,39,38,32,36,38,39,41,40,40,39,42,40,39,42,41,42,37,39,40,40,37,35,42,37,43,43,44,45,42,44,41,42,38
42,42,45,35,39,43,42,34,35,38,40,38,42,38,38,35,42,39,38,32,36,38,39,41,40,40,39,44,40,39,42,41,42,37,39,40,40,37,35,41,37,43,44,44,45,42,44,41,43,38
42,42,45,35,40,43,42,34,35,38,40,38,42,38,38,35,42,39,39,32,36,39,39,41,40,40,39,44,40,39,42,41,42,37,39,41,40,37,36,41,36,43,44,44,46,42,44,42,43,39
43,42,45,35,40,43,43,34,35,38,40,38,42,38,38,35,43,39,39,32,37,39,39,41,40,40,39,44,41,39,42,40,42,37,39,41,40,37,36,41,36,43,45,44,46,43,44,42,43,39
43,42,45,35,40,43,43,35,36,38,40,38,43,38,38,35,43,39,39,32,37,39,39,41,40,40,39,44,41,39,43,40,42,38,39,41,40,37,36,41,36,43,45,44,46,43,44,42,43,39
43,42,45,35,40,43,43,34,36,38,40,38,43,38,38,35,43,39,39,32,37,38,39,41,40,40,39,44,41,39,43,40,42,38,39,41,40,37,36,41,36,43,45,44,46,43,44,42,43,39
43,42,45,35,39,42,44,34,36,38,40,38,42,38,38,35,42,39,39,33,37,38,39,41,40,40,39,44,40,39,43,40,42,38,39,40,40,37,36,41,36,43,44,44,46,42,44,41,42,39
43,42,45,35,39,42,45,34,36,38,40,38,42,38,37,36,42,39,39,33,37,38,39,41,40,40,39,44,40,39,43,40,41,38,39,40,39,37,36,41,36,43,44,44,46,42,44,41,42,39
42,42,44,35,39,42,45,35,35,38,39,38,42,38,37,36,42,39,38,33,37,38,39,41,39,39,38,44,40,39,42,40,41,38,39,40,39,37,36,41,35,42,44,43,46,42,43,41,42,39
42,41,44,35,38,41,45,35,35,37,39,37,41,38,37,35,41,38,38,33,36,38,38,40,39,39,38,43,39,38,42,39,41,38,38,39,39,37,36,40,35,42,43,43,45,41,43,40,42,39
41,40,43,35,38,41,44,34,35,36,38,36,41,37,37,35,41,37,37,33,35,37,37,40,38,38,37,42,39,38,41,38,40,37,37,39,38,36,36,40,35,41,43,42,45,41,42,40,41,38
40,40,42,35,37,40,43,34,35,36,37,36,40,36,37,35,40,37,36,33,34,36,37,39,37,37,36,42,38,37,40,38,39,36,37,38,37,36,35,39,35,40,42,41,44,40,41,39,40,38
40,40,42,35,37,40,43,35,35,35,37,35,40,36,37,35,40,36,36,33,34,36,37,39,37,37,36,41,38,37,40,37,39,36,36,38,37,35,35,39,35,40,42,41,44,40,41,39,40,37
40,40,42,35,37,40,43,35,35,35,37,35,40,36,37,35,40,36,36,33,34,36,37,39,37,37,36,41,38,37,40,37,39,36,36,38,37,35,35,39,35,40,42,41,44,40,41,39,40,37
40,40,42,35,37,40,43,35,35,35,37,35,40,36,37,35,40,36,36,33,34,36,37,39,37,37,36,41,38,37,40,37,39,36,36,38,37,35,35,39,35,40,42,41,44,40,41,39,40,37
40,40,42,35,37,40,43,35,35,35,37,35,40,36,37,35,40,36,36,33,34,36,37,39,37,37,36,41,38,37,40,37,39,36,36,38,37,35,35,39,35,40,42,41,44,40,41,39,40,37
40,40,42,35,37,40,43,35,35,35,37,35,40,36,37,35,40,36,36,33,34,36,37,39,37,37,36,41,38,37,40,37,39,36,36,38,37,35,35,39,35,40,42,41,44,40,41,39,40,37
40,40,42,36,37,40,43,35,35,35,37,35,40,36,37,35,40,36,36,33,34,36,37,39,37,37,36,41,38,37,40,37,39,36,36,38,37,35,35,39,36,40,42,41,44,40,41,39,40,37
40,40,42,36,37,40,43,35,35,35,37,35,40,36,37,35,40,36,36,33,34,36,37,39,37,37,36,41,38,37,40,37,39,36,36,38,37,35,35,39,36,40,42,41,44,40,41,39,40,37
40,40,42,36,37,40,43,35,35,35,37,35,40,36,37,35,40,36,36,33,34,36,37,39,37,37,36,41,38,37,40,37,39,36,36,38,37,35,35,39,36,40,42,41,44,40,41,39,40,37
40,40,42,36,37,40,43,35,35,35,37,35,40,36,37,35,40,36,36,33,34,36,37,39,37,37,36,41,38,37,40,37,39,36,36,38,37,35,35,39,36,40,42,41,44,40,41,39,40,37
40,40,42,36,37,40,43,35,35,35,37,35,40,36,37,35,40,36,36,33,34,36,37,39,37,37,36,41,38,37,40,37,39,36,36,38,37,35,35,39,36,40,42,41,44,40,41,39,40,37
40,40,42,36,37,40,43,35,35,35,37,35,40,36,37,35,40,36,36,33,34,36,37,39,37,37,36,41,38,37,40,37,39,36,36,38,37,35,35,39,36,40,42,41,44,40,41,39,40,37
40,40,42,36,37,40,43,35,35,35,37,35,40,36,37,35,40,36,36,33,34,36,37,39,37,37,36,41,38,37,40,37,39,36,36,38,37,35,35,39,36,40,42,41,44,40,41,39,40,37
40,40,42,36,37,40,43,35,35,35,37,35,40,36,37,35,40,36,36,33,35,36,37,39,37,37,36,41,38,37,40,37,39,36,36,38,37,35,35,39,36,40,42,41,44,40,41,39,40,37
40,40,42,36,37,40,43,35,35,35,37,35,40,36,38,35,40,36,36,33,35,36,37,39,37,37,36,41,38,37,40,37,39,36,36,38,37,36,35,39,36,40,42,41,44,40,41,39,40,37
40,40,42,36,37,40,43,35,35,36,37,36,40,36,38,35,40,36,36,33,35,36,37,39,37,37,36,41,38,37,40,37,39,36,37,38,37,36,35,39,36,40,42,41,44,40,41,39,40,37
40,40,42,36,37,40,43,35,35,36,37,36,40,36,38,35,40,36,36,33,35,36,37,39,37,37,36,41,38,37,40,37,39,36,37,38,37,36,35,39,36,40,42,41,44,40,41,39,40,37
40,40,42,36,37,40,43,35,36,36,37,36,40,37,38,36,40,36,37,34,35,36,37,39,37,37,37,41,38,37,40,37,39,36,37,38,37,36,36,39,36,40,42,41,44,40,41,39,40,37
40,40,42,37,37,40,43,35,36,36,37,36,40,37,38,36,40,36,37,34,35,36,37,39,37,37,37,41,38,37,40,37,39,37,37,38,37,36,36,39,36,40,42,41,44,40,41,39,40,38
40,40,42,37,37,40,43,35,36,36,37,36,40,37,38,36,40,36,37,34,35,36,37,39,37,38,37,41,38,37,40,37,39,37,37,38,38,36,36,39,36,40,42,41,44,40,41,39,40,38
40,40,42,37,37,40,43,36,36,36,37,36,40,37,38,36,39,36,37,34,34,36,37,39,38,38,37,41,38,37,40,38,39,37,37,38,38,36,36,39,36,40,42,41,44,40,41,39,40,38
40,40,42,37,37,40,43,36,36,36,37,36,40,37,39,36,38,37,37,34,34,36,37,39,38,38,37,41,38,37,40,38,39,37,37,39,38,37,36,39,37,40,42,41,44,40,41,39,40,38
40,40,42,37,36,40,43,36,36,36,37,36,40,37,39,36,38,37,37,35,34,36,37,39,38,38,37,42,38,37,40,38,39,37,37,39,38,37,37,38,37,39,42,41,44,40,41,39,40,38
40,40,42,38,36,41,43,36,35,36,37,36,40,37,39,36,38,37,38,35,34,36,37,39,38,38,38,41,38,38,41,38,39,37,37,39,38,37,37,38,37,39,42,41,44,40,41,40,40,38
40,40,42,38,35,41,43,36,35,37,38,37,40,38,39,37,38,37,38,35,33,36,37,39,38,38,38,41,38,38,41,38,39,38,38,39,38,37,37,37,37,38,42,41,44,40,41,40,40,38
40,40,42,38,35,41,43,37,35,37,38,37,40,38,38,37,37,37,38,35,33,36,37,39,38,39,38,41,38,38,41,38,40,38,38,39,39,37,37,37,38,38,42,41,44,40,41,40,40,39
41,40,42,38,34,41,43,37,35,37,38,37,40,38,38,37,37,37,38,36,33,36,37,40,38,39,38,40,39,38,41,38,40,38,38,39,39,38,37,37,38,38,42,42,44,40,41,40,40,39
41,40,42,39,34,41,43,37,35,36,38,37,40,38,38,37,36,38,38,36,33,35,38,40,39,39,38,40,39,38,41,38,40,38,38,40,39,38,37,36,38,37,42,42,44,40,41,40,41,39
41,40,42,39,34,41,43,37,35,36,38,38,40,39,38,37,36,38,39,36,33,35,38,40,39,39,39,40,39,38,41,39,40,38,38,40,39,38,37,36,38,37,42,42,44,40,42,40,41,39
41,40,42,39,34,40,42,38,35,35,39,38,40,39,38,37,36,38,39,37,33,35,38,40,39,39,39,40,39,39,40,39,40,39,37,40,39,38,37,36,39,37,42,42,44,40,42,40,41,39
41,40,42,39,34,40,43,38,34,35,39,38,40,39,38,37,36,38,39,37,32,35,38,40,39,40,39,39,39,39,40,39,40,39,37,40,40,39,36,36,39,37,42,42,44,41,42,41,41,40
41,40,42,40,33,40,42,38,34,35,38,38,40,39,37,37,36,39,40,37,32,35,38,41,39,40,40,39,40,39,40,39,41,39,37,40,40,39,36,36,39,37,42,42,44,41,42,41,41,40
41,41,43,40,33,39,42,38,34,35,38,39,39,40,37,36,36,39,40,36,32,36,38,41,40,40,39,39,40,39,40,39,41,39,37,40,40,39,36,35,39,36,42,42,44,41,42,41,41,40
41,41,43,40,33,39,42,39,34,35,38,39,39,40,37,36,35,39,39,36,32,35,38,41,40,40,39,38,40,40,40,40,41,40,37,40,40,40,36,35,40,36,42,42,43,41,42,41,42,40
42,41,43,41,33,39,42,39,34,35,39,39,39,40,37,37,36,39,39,36,32,35,38,40,40,39,39,38,40,40,40,40,41,40,37,40,39,40,36,35,40,36,42,42,43,41,42,41,42,41
42,41,42,41,33,39,42,39,34,34,39,39,39,41,37,37,36,40,39,36,32,35,38,40,40,40,39,38,40,40,39,40,41,40,37,40,40,40,36,35,40,36,42,43,43,41,42,41,42,41
42,41,43,41,34,39,42,40,34,35,39,39,39,41,37,37,35,40,39,36,32,35,38,40,40,40,39,38,41,41,39,40,41,41,36,40,39,40,37,34,41,36,42,43,43,42,42,42,41,41
42,41,42,42,33,39,42,40,34,35,39,39,39,41,37,37,35,40,39,37,32,35,38,39,40,39,39,38,41,41,39,41,41,41,36,40,40,40,37,35,41,36,42,43,44,42,43,42,41,41
43,42,42,44,34,39,42,40,34,34,38,40,39,41,37,37,35,41,39,37,32,35,38,39,41,39,39,38,41,41,38,41,41,41,36,40,40,41,37,34,41,36,42,43,44,42,43,43,41,41
43,42,42,44,34,39,42,41,33,34,38,40,39,42,37,38,35,42,38,37,31,35,38,39,41,39,39,38,41,40,39,41,41,41,36,39,40,40,37,35,41,36,43,43,44,42,42,43,41,42
43,42,43,44,34,40,42,42,34,34,38,40,38,42,37,38,35,42,39,38,31,35,38,39,41,39,40,38,42,40,39,42,41,41,37,39,40,39,37,35,42,36,43,43,44,45,42,43,41,42
43,42,42,45,34,39,42,42,34,35,38,39,38,42,37,38,35,42,39,38,32,36,38,39,41,40,40,39,42,40,39,42,41,41,37,39,40,39,37,35,42,36,43,43,44,45,42,44,41,42
43,42,42,45,35,39,42,42,34,35,38,39,38,42,37,38,35,42,39,38,32,36,38,39,41,40,40,39,44,40,39,42,41,42,37,39,40,39,37,35,41,36,43,44,44,45,42,44,41,42
43,42,42,45,35,39,42,42,34,35,38,40,38,42,38,38,35,42,39,38,32,36,38,39,41,40,40,39,44,40,39,42,41,42,37,39,40,40,37,35,41,36,43,44,44,46,42,44,41,43
43,43,42,45,35,40,43,43,34,35,38,40,38,43,38,38,35,43,39,39,32,36,39,39,41,40,40,39,44,41,39,42,40,42,37,39,41,40,37,36,41,36,43,45,44,46,43,44,42,43
43,43,43,45,35,40,43,43,34,35,38,40,39,43,38,38,35,43,39,39,32,37,39,40,42,40,40,39,44,41,40,43,41,42,38,40,41,40,37,36,42,36,43,45,44,47,43,44,42,43
43,43,43,45,35,40,43,43,34,36,38,40,38,43,38,38,35,43,39,39,32,37,38,40,42,40,40,39,45,41,40,43,41,42,38,40,41,40,37,36,42,36,43,45,44,47,43,44,42,43
43,43,42,45,35,40,43,44,34,36,38,40,38,43,38,37,35,43,39,39,32,37,38,39,41,40,40,39,44,41,39,43,40,42,38,39,41,40,37,36,42,35,43,45,44,47,43,44,42,43
43,43,42,45,35,40,43,45,34,35,38,40,38,43,38,37,35,43,39,39,33,37,38,39,41,40,40,39,44,41,39,43,40,42,38,39,41,40,37,36,41,35,43,45,44,47,43,44,42,43
43,43,42,45,35,40,43,46,34,35,38,40,37,42,38,37,35,43,39,38,33,37,38,39,41,40,40,38,44,41,39,43,40,42,38,39,41,40,37,36,41,35,43,45,44,46,43,44,42,43
43,43,42,45,35,39,42,46,34,35,37,40,37,42,37,37,35,42,39,38,33,37,38,39,41,40,40,38,44,40,39,43,40,42,38,39,40,39,36,36,41,35,43,44,44,46,42,44,41,42
42,42,41,44,35,39,42,45,34,35,37,39,37,42,37,37,35,42,38,38,33,36,38,38,41,39,39,38,43,40,39,42,39,41,38,38,40,39,36,36,41,35,42,44,43,46,42,43,41,42
42,42,41,44,35,39,42,45,34,35,37,39,37,41,37,37,35,41,38,38,33,36,38,38,40,39,39,38,43,39,38,42,39,41,38,38,40,39,36,36,40,35,42,43,43,45,41,43,41,42
42,42,41,44,35,38,41,45,35,35,37,39,36,41,37,37,35,41,38,38,33,35,37,38,40,39,39,37,43,39,38,42,39,41,38,38,39,38,36,36,40,35,42,43,43,45,41,43,40,41
42,42,41,44,35,38,41,45,35,35,37,39,36,41,37,37,35,41,38,38,33,35,37,38,40,39,39,37,43,39,38,42,39,41,38,38,39,38,36,36,40,35,42,43,43,45,41,43,40,41
42,42,41,44,35,38,41,45,35,35,36,39,36,41,37,38,35,41,38,37,33,35,37,38,40,39,39,37,43,39,38,42,39,41,38,38,39,38,36,36,40,35,42,43,43,45,41,43,40,41
42,42,41,44,35,38,41,45,35,35,36,39,36,41,37,37,35,41,38,37,33,35,37,38,40,39,39,37,43,39,38,42,39,41,38,38,39,39,36,36,40,35,42,43,43,45,41,43,40,41
42,42,41,43,35,38,41,44,35,35,36,38,36,41,37,38,35,41,38,37,33,35,37,38,40,38,39,37,43,39,38,42,39,40,37,37,39,38,36,36,40,35,42,43,42,45,41,43,40,41
42,42,41,43,36,38,41,44,35,36,36,39,36,41,37,38,35,41,38,38,33,35,37,38,40,38,38,37,43,39,37,42,39,40,38,37,39,38,36,36,40,36,42,43,42,45,41,43,40,41
42,41,41,43,36,38,41,44,35,36,36,38,36,41,36,38,35,41,38,37,33,35,37,38,40,38,38,37,43,39,37,41,39,40,37,37,39,38,36,36,40,36,41,43,42,45,41,42,40,41
41,41,40,43,36,38,41,44,35,36,36,38,36,41,36,37,35,40,37,37,33,34,37,37,40,38,38,37,42,39,37,41,38,40,37,37,39,38,36,35,40,36,41,43,42,45,41,42,39,41
41,41,40,43,36,38,41,44,35,35,36,38,36,41,36,37,35,40,37,37,33,34,37,37,39,38,38,37,42,39,37,41,38,40,37,37,39,37,35,35,39,36,41,43,42,44,41,42,39,41
41,41,40,43,36,37,41,44,35,35,36,38,36,40,36,37,35,40,37,37,33,34,37,37,39,38,38,36,42,38,37,41,38,40,37,37,38,37,35,35,39,35,41,42,42,44,40,42,39,41
41,41,40,43,36,37,40,44,35,35,36,38,36,40,36,37,35,40,37,37,33,34,36,37,39,38,37,36,42,38,37,41,38,40,36,37,38,37,35,35,39,35,41,42,42,44,40,42,39,40
41,41,40,42,36,37,40,43,35,35,35,37,36,40,36,37,35,40,37,36,33,34,36,37,39,37,37,36,42,38,37,41,38,39,36,36,38,37,35,35,39,35,41,42,41,44,40,42,39,40
40,40,40,42,36,37,40,43,35,35,35,37,35,40,36,37,35,40,36,36,33,34,36,37,39,37,37,36,42,38,37,40,38,39,36,36,38,37,35,35,39,35,40,42,41,44,40,41,39,40
40,40,39,42,36,37,40,43,35,35,35,37,35,40,36,37,35,39,36,36,33,35,36,36,39,37,37,36,41,38,37,40,37,39,36,36,38,37,35,35,39,36,40,42,41,44,40,41,39,40
40,40,39,42,36,37,40,43,35,35,35,37,35,40,36,38,35,39,36,36,33,35,36,36,39,37,37,36,41,38,37,40,37,39,36,36,38,37,36,35,39,36,40,42,41,44,40,41,39,40
40,40,39,42,36,37,40,43,35,35,36,37,36,40,36,38,35,39,36,36,33,35,36,36,39,37,37,36,41,38,37,40,37,39,36,36,38,37,36,35,39,36,40,42,41,44,40,41,39,40
40,40,39,42,36,37,40,43,35,36,36,37,36,40,36,38,35,39,36,37,33,35,36,36,39,37,37,36,41,38,37,40,37,39,36,37,38,37,36,36,39,36,40,42,41,44,40,41,39,40
40,40,39,42,36,37,40,43,35,36,36,37,36,40,37,38,36,39,36,37,34,35,36,37,39,37,37,37,41,38,37,40,37,39,37,37,38,37,36,36,39,36,40,42,41,44,40,41,39,40
40,40,39,42,37,37,40,43,35,36,36,37,36,40,37,38,36,39,36,37,34,34,36,37,39,37,38,37,41,38,37,40,37,39,37,37,38,37,36,36,39,36,40,42,41,44,40,41,39,40
40,40,39,42,37,37,40,43,35,36,36,37,36,40,37,38,36,39,36,37,34,34,36,37,39,37,38,37,41,38,37,40,37,39,37,37,38,38,36,36,39,36,40,42,41,44,40,41,39,40
40,40,40,42,37,36,40,43,36,36,36,37,36,40,37,39,36,38,37,37,34,34,36,37,39,38,38,37,41,38,37,40,38,39,37,37,39,38,37,36,39,37,39,42,41,44,40,41,39,40
41,40,40,42,37,36,40,43,36,36,36,37,36,40,37,39,36,38,37,37,35,34,36,37,39,38,38,37,41,38,37,40,38,39,37,37,39,38,37,36,38,37,39,42,41,44,40,41,39,40
41,40,40,42,38,36,41,43,36,35,36,37,36,40,37,39,36,38,37,37,35,34,36,37,39,38,38,38,42,38,37,41,38,39,37,37,39,38,37,37,38,37,39,42,41,44,40,41,40,40
40,40,40,42,38,35,41,43,36,35,36,38,37,40,37,39,37,37,37,38,35,33,36,37,39,38,38,38,42,38,38,41,38,39,38,37,39,38,37,37,37,37,38,42,41,44,40,41,40,40
40,40,40,42,38,35,41,43,37,35,36,38,37,40,38,38,37,37,37,38,35,33,36,37,39,38,39,38,42,38,38,41,38,40,38,38,39,39,37,37,37,38,38,42,41,44,40,41,40,40
40,41,40,42,38,34,41,43,37,35,36,38,37,40,38,38,37,37,37,38,36,33,36,37,40,38,39,38,41,39,38,41,38,40,38,38,39,39,38,37,37,38,37,42,41,44,40,41,40,40
40,41,40,42,39,34,41,43,37,35,36,38,37,40,38,38,37,36,38,38,36,33,35,38,40,39,39,38,41,39,38,41,38,40,38,38,40,39,38,37,36,38,37,42,42,44,40,41,40,41
41,41,40,42,39,34,41,43,37,35,36,38,37,40,38,38,37,36,38,39,36,33,35,38,40,39,39,39,41,39,38,41,38,40,38,37,40,39,38,37,36,38,37,42,42,44,40,42,40,41
41,41,40,42,39,34,41,43,38,35,35,39,38,40,39,38,37,36,38,39,37,33,35,38,40,39,39,39,41,39,39,41,39,40,39,37,40,39,38,37,36,39,37,42,42,44,40,42,40,41
41,41,40,42,39,34,41,43,38,34,35,38,38,40,39,38,37,36,38,39,37,32,35,38,40,39,40,39,40,39,39,42,39,40,39,37,40,40,39,36,36,39,36,42,42,44,41,42,41,41
41,41,40,42,40,33,40,43,38,34,35,38,38,40,39,37,37,36,38,40,37,32,35,38,41,39,40,40,40,39,39,42,39,41,39,37,41,40,39,36,35,39,37,42,42,44,41,42,41,41
41,41,41,43,40,33,40,43,38,34,35,38,39,40,40,37,36,36,39,40,36,32,35,38,41,40,40,40,40,40,39,42,39,41,39,37,41,40,39,36,35,39,36,42,42,44,41,42,41,41
40,41,41,43,40,33,40,43,39,34,35,38,39,40,40,37,36,35,39,40,36,32,35,38,41,40,40,40,40,40,40,42,40,41,40,37,41,40,40,36,35,40,36,42,42,44,41,42,41,42
40,42,41,43,41,33,40,44,39,34,35,39,39,40,40,37,37,36,39,40,36,32,35,38,41,40,41,40,40,40,40,41,40,41,40,37,41,40,40,36,35,40,36,42,42,45,41,42,41,42
40,42,41,43,41,33,40,44,39,34,34,39,39,40,41,37,37,36,40,41,36,32,35,38,42,41,41,41,40,40,40,41,40,42,40,37,42,41,40,36,35,40,36,42,43,45,41,42,41,42
40,42,41,43,41,34,40,44,40,34,35,39,39,40,41,37,37,35,40,41,36,32,35,38,42,41,42,41,40,41,41,41,40,42,41,36,42,41,40,37,34,41,36,42,43,46,42,42,42,42
39,42,41,44,42,33,40,44,40,34,35,39,39,40,41,37,37,35,40,41,37,32,35,38,41,41,41,41,40,41,41,41,41,42,41,36,42,41,41,37,35,41,36,43,43,46,42,43,42,42
40,43,42,45,44,34,40,44,40,34,34,38,40,40,41,37,37,35,41,41,37,32,35,38,41,41,42,42,40,41,42,41,41,43,41,36,42,41,41,37,34,41,36,43,43,46,42,44,43,43
40,43,42,45,44,34,40,44,41,33,34,38,40,40,44,37,38,35,42,41,37,32,35,38,41,42,42,42,40,41,42,41,41,43,42,36,41,42,42,37,35,41,36,43,43,46,42,44,43,43
40,43,42,45,45,34,40,44,42,34,34,38,40,39,44,37,38,35,42,41,38,31,36,38,41,43,42,42,40,42,43,41,42,43,42,37,41,43,42,37,35,42,36,43,43,46,45,44,43,43
39,45,42,45,46,34,40,44,42,34,35,38,39,39,45,37,38,35,42,41,38,32,36,38,42,43,42,42,40,42,43,42,42,44,42,37,41,43,42,37,35,42,36,43,43,47,45,44,44,43
40,46,42,45,46,35,40,44,42,34,35,38,39,39,45,37,38,35,43,41,38,32,36,38,42,43,42,42,40,44,43,42,42,44,43,37,42,43,42,37,35,42,37,44,44,47,45,44,47,43
40,46,42,45,46,35,40,45,42,34,35,38,40,39,45,38,38,35,44,41,39,32,36,38,42,43,43,42,40,45,43,42,42,44,43,37,42,43,43,37,36,44,36,46,45,47,46,44,47,43
40,46,44,45,47,35,40,46,43,34,35,38,40,39,45,38,38,35,46,40,39,32,37,39,42,43,43,42,40,47,44,42,42,43,43,37,42,43,43,37,36,44,36,46,45,47,47,44,47,43
40,46,46,45,47,35,41,46,43,35,36,38,40,39,46,38,38,35,46,40,39,32,37,39,42,43,43,42,40,46,44,42,45,43,43,38,42,43,43,37,36,44,36,46,45,47,48,44,47,43
40,47,45,45,47,35,41,46,43,34,36,38,40,39,46,38,38,35,46,40,39,32,37,38,42,43,43,42,39,46,44,42,45,43,44,38,42,43,43,37,36,44,36,46,48,47,48,44,47,43
40,47,45,45,47,35,40,46,44,34,36,38,40,38,46,38,38,35,46,40,39,33,37,38,42,43,43,42,39,47,44,42,45,44,44,38,42,42,43,37,36,44,36,47,48,48,48,44,48,43
40,47,45,46,47,35,40,46,45,35,36,38,40,38,46,38,37,36,46,40,39,33,37,38,41,43,42,42,39,47,44,42,44,43,46,38,42,42,42,37,36,44,36,47,48,48,48,44,48,42
40,47,45,46,47,35,40,46,47,35,35,38,40,38,46,38,37,36,46,39,38,33,37,38,41,43,42,41,39,47,44,42,44,43,45,38,41,42,42,37,36,44,35,47,48,47,48,46,47,42
40,47,45,46,47,35,40,45,48,35,35,38,40,37,46,38,37,36,46,39,38,33,37,38,40,43,41,40,38,46,44,41,44,43,45,38,40,41,41,37,36,43,35,46,48,46,48,46,46,42
39,46,46,45,47,35,40,45,48,35,35,38,40,37,46,37,37,35,46,39,38,33,37,38,40,42,40,40,38,46,44,40,44,42,45,38,40,41,41,36,36,43,35,46,48,46,48,45,46,41
39,46,46,45,47,35,40,44,48,35,35,38,40,37,45,37,37,35,45,39,38,33,36,38,40,42,40,40,38,46,43,40,44,42,44,38,39,41,40,36,36,43,35,46,47,46,48,45,45,41
39,46,45,43,46,35,40,44,48,35,35,37,40,37,45,37,37,35,45,39,38,33,35,38,40,41,39,39,37,45,43,40,44,42,44,38,39,41,40,36,36,43,35,45,47,45,49,45,45,41
38,45,45,43,46,35,39,44,48,35,35,37,40,36,45,37,37,35,45,39,38,33,35,39,40,41,39,39,37,45,43,39,44,42,44,38,39,41,39,36,36,42,35,45,47,45,48,45,45,41
38,45,44,42,46,35,40,43,48,35,35,37,40,36,44,37,38,35,44,39,37,33,35,39,40,40,39,39,37,45,42,39,43,41,44,38,38,40,39,36,36,42,35,45,46,44,48,44,45,41
39,45,44,42,46,35,39,43,47,35,35,36,40,36,44,37,38,35,44,39,37,33,35,38,40,40,39,39,37,44,42,38,43,41,43,38,38,40,39,36,36,42,35,44,46,44,48,44,44,41
38,44,43,42,45,35,39,42,47,35,35,36,40,36,44,37,38,35,43,39,38,33,35,38,39,40,38,39,37,44,42,38,43,41,43,38,38,40,39,36,36,42,35,44,46,44,48,44,44,40
38,44,43,41,45,36,39,42,47,35,36,36,40,36,43,37,38,35,43,39,38,33,35,38,39,40,38,38,37,44,41,37,43,40,43,38,37,40,38,36,36,42,36,44,46,43,47,44,43,40
38,44,43,41,45,36,39,41,47,35,36,36,40,36,43,36,38,35,43,39,37,33,35,38,39,40,38,38,37,44,41,37,43,40,43,37,37,40,38,36,36,42,36,44,45,43,47,43,43,40
38,43,42,41,45,36,38,41,46,35,36,36,40,36,42,36,37,35,42,39,37,33,34,38,39,40,38,38,37,44,40,37,43,39,42,37,37,39,38,36,35,41,35,43,45,43,46,43,43,39
38,43,42,41,45,36,38,41,46,35,35,36,39,36,42,36,37,35,42,39,37,33,34,37,39,40,38,38,36,43,40,37,42,39,42,37,37,39,37,35,35,41,35,43,44,43,46,42,43,39
38,43,42,40,44,36,38,41,45,35,35,36,39,36,42,36,37,35,42,38,37,33,34,37,38,39,38,38,36,43,39,37,42,38,41,37,37,38,37,35,35,40,35,43,44,42,46,42,42,39
37,43,41,40,44,36,38,41,45,35,35,35,38,36,42,36,37,35,42,38,37,33,34,37,38,39,37,37,36,43,39,37,42,38,41,36,37,38,37,35,35,40,35,42,44,42,46,41,42,39
37,42,41,40,44,36,38,40,45,35,35,35,38,36,42,36,37,35,42,37,36,33,34,37,37,39,37,37,36,42,38,37,41,38,40,36,36,38,37,35,35,40,35,42,44,42,46,41,42,39
37,42,41,40,44,36,37,40,45,35,35,35,38,35,41,36,37,35,41,37,36,33,34,36,37,39,37,37,36,42,38,37,41,38,40,36,36,38,37,35,35,39,35,42,43,42,45,40,42,39
37,42,41,40,43,36,37,40,44,35,35,35,38,35,41,36,37,35,41,37,36,33,35,36,37,39,37,37,36,42,38,37,41,37,39,36,36,38,37,35,35,39,35,41,43,42,45,40,42,39
37,41,41,40,43,36,37,40,44,35,35,35,37,35,41,36,38,35,40,36,36,33,35,36,36,39,37,37,36,42,38,37,40,37,39,36,36,38,37,36,35,39,36,41,43,41,44,40,42,39
37,41,41,39,43,36,37,40,44,35,35,35,37,35,40,36,38,35,40,36,36,33,35,36,36,39,37,37,36,41,38,37,40,37,39,36,36,38,37,36,35,39,36,41,43,41,44,40,41,39
37,41,40,39,43,36,37,40,44,35,35,35,37,36,40,36,38,35,40,36,36,33,35,36,36,39,37,37,36,41,38,37,40,37,39,36,37,38,37,36,35,39,36,40,43,41,44,40,41,39
37,41,40,39,42,36,37,40,43,35,36,36,37,36,40,36,38,35,40,36,37,34,35,36,36,39,37,37,37,41,38,37,40,37,39,36,37,38,37,36,36,39,36,40,43,41,44,40,41,39
37,41,40,39,42,37,37,40,43,35,36,36,37,36,40,37,38,36,39,36,37,34,34,36,37,39,37,37,37,41,38,37,40,37,39,37,37,38,37,36,36,39,36,40,42,41,44,40,41,39
37,41,40,39,42,37,37,40,43,35,36,36,37,36,40,37,38,36,39,36,37,34,34,36,37,39,37,38,37,41,38,37,40,37,39,37,37,38,38,36,36,39,36,40,42,41,44,40,41,39
37,41,40,39,42,37,36,40,43,36,36,36,37,36,40,37,38,36,38,36,37,34,34,36,37,39,38,38,37,41,38,37,40,37,39,37,37,38,38,36,36,39,37,39,42,41,44,40,41,39
37,41,40,40,42,37,36,40,43,36,35,36,37,36,40,37,39,36,38,37,37,35,34,36,37,39,38,38,37,41,38,37,40,38,39,37,37,39,38,37,36,38,37,39,42,41,44,40,41,39
37,40,40,40,42,38,35,40,43,36,35,36,37,36,40,37,39,36,37,37,37,35,33,36,37,39,38,38,37,42,38,37,41,38,39,37,37,39,38,37,37,38,37,39,42,41,44,40,41,39
37,40,40,40,42,38,35,41,43,36,35,36,38,36,40,37,39,37,37,37,38,35,33,36,37,39,38,38,38,42,38,38,41,38,39,37,37,39,38,37,37,37,37,38,42,41,44,40,41,40
37,40,40,40,42,38,34,41,43,37,35,36,38,37,40,38,38,37,37,37,38,35,33,36,37,39,38,38,38,42,38,38,41,38,40,38,38,39,38,37,37,37,37,38,42,41,44,40,41,40
38,40,40,40,42,38,34,41,43,37,35,36,38,37,40,38,38,37,37,37,38,36,33,36,37,40,38,39,38,41,38,38,41,38,40,38,38,39,39,38,37,37,38,37,42,41,44,40,41,40
38,40,41,40,42,39,34,41,43,37,35,36,38,37,40,38,38,37,36,37,38,36,33,35,38,40,39,39,38,41,39,38,41,38,40,38,37,40,39,38,37,36,38,37,42,42,44,40,41,40
38,40,41,40,42,39,34,41,43,37,35,36,38,37,40,38,38,37,36,38,39,36,33,35,38,40,39,39,39,41,39,38,41,38,40,38,37,40,39,38,37,36,38,37,42,42,44,40,41,40
38,41,41,40,42,39,33,41,43,38,34,35,38,38,40,39,38,37,36,38,39,36,32,35,38,40,39,39,39,41,39,39,41,39,40,39,37,40,39,38,36,36,39,36,42,42,44,40,42,40
38,41,41,40,42,39,33,41,43,38,34,35,38,38,40,39,37,37,36,38,39,36,32,35,38,40,39,40,39,40,39,39,41,39,40,39,37,40,40,39,36,36,39,36,42,42,44,41,42,41
39,41,41,40,42,40,33,40,43,38,34,35,38,38,40,39,37,37,36,38,40,37,32,35,38,41,39,40,39,40,39,39,41,39,41,39,37,41,40,39,36,35,39,36,42,42,44,41,42,41
39,41,41,40,43,40,33,40,43,38,34,35,38,38,40,40,37,36,35,39,40,36,32,35,38,41,40,40,40,40,40,39,41,39,41,39,37,41,40,39,36,35,39,36,42,42,44,41,42,41
39,40,41,41,43,40,33,40,43,39,34,35,38,39,40,40,37,36,35,39,40,36,32,35,38,41,40,40,40,39,40,40,41,39,41,40,37,41,40,40,36,35,40,36,42,42,44,41,42,41
40,40,42,41,43,41,33,40,43,39,34,34,38,39,40,40,37,36,35,39,40,36,32,35,38,41,40,40,40,39,40,40,40,40,41,40,36,41,40,40,36,35,40,36,42,42,44,41,42,41
40,40,42,41,43,41,33,40,43,39,34,34,39,39,40,40,37,37,35,40,40,36,32,34,38,41,41,40,39,39,40,40,40,40,42,40,36,41,40,40,36,35,40,35,42,42,44,41,42,41
40,39,42,41,43,41,33,40,43,40,34,34,38,39,40,41,36,37,35,40,40,36,32,35,38,40,41,41,39,39,41,41,40,40,42,41,36,41,40,40,37,34,40,36,42,43,44,42,42,42
41,39,42,41,43,42,33,40,42,40,34,35,38,39,40,41,37,37,35,40,40,36,32,35,37,40,41,40,40,39,41,41,40,41,41,41,36,40,40,41,37,34,41,36,42,43,45,42,43,42
41,39,43,42,43,44,33,40,42,40,33,34,38,39,40,41,37,37,35,41,40,37,32,35,37,39,41,40,40,39,41,41,39,41,42,41,36,40,40,41,37,34,41,36,43,43,45,42,43,43
41,40,43,42,43,44,34,40,43,41,33,34,38,40,40,42,36,37,35,42,39,37,31,35,37,39,41,40,40,39,41,41,39,41,42,42,36,39,41,40,36,34,41,36,43,43,44,42,43,43
41,40,43,42,43,45,34,40,43,42,33,34,37,39,38,42,37,38,35,42,39,37,31,35,38,39,41,40,40,39,42,41,39,42,42,42,36,39,41,40,37,35,42,36,43,43,44,45,43,43
42,39,43,42,43,45,34,40,43,42,34,34,37,39,39,43,37,37,35,42,39,38,31,35,38,39,41,40,40,39,42,41,39,42,41,42,37,39,41,40,37,35,42,36,43,43,44,45,43,44
42,39,43,42,43,45,34,40,43,42,34,35,37,39,38,43,37,38,35,43,39,38,32,36,38,39,41,40,40,39,44,41,39,42,41,42,37,39,41,40,37,35,41,36,43,44,44,45,43,44
43,39,43,42,43,45,34,40,43,42,34,35,38,39,38,43,37,37,35,43,39,38,32,36,38,39,41,40,40,39,44,41,39,42,41,42,37,39,41,40,37,35,41,36,43,45,44,46,43,44
43,40,43,43,42,45,34,40,43,43,34,35,38,39,38,43,37,37,35,43,39,39,32,36,38,39,42,40,40,39,44,41,40,42,40,42,37,39,41,40,37,35,42,36,43,45,44,47,43,44
43,40,43,43,43,45,35,40,43,43,34,35,38,39,38,43,37,37,35,43,39,39,32,36,38,40,42,40,40,39,45,41,40,43,40,42,37,40,41,40,37,35,42,36,43,45,44,47,43,44
45,40,44,44,43,46,35,40,43,43,34,35,38,40,38,43,38,37,35,43,39,39,32,36,38,40,42,40,41,39,45,41,40,44,41,42,38,40,41,40,36,36,42,36,44,45,44,47,43,45
45,40,43,43,42,45,35,40,43,44,34,35,38,40,38,43,38,37,35,43,39,38,32,36,38,39,41,40,40,39,44,41,39,43,40,42,38,39,41,40,36,35,41,35,43,45,44,47,43,44
44,39,43,43,42,45,34,39,42,45,34,35,38,40,37,42,37,37,35,42,39,38,32,37,38,39,41,40,40,38,44,40,39,43,40,41,38,39,40,39,36,35,41,35,43,44,44,46,42,44
44,39,43,43,42,45,34,39,42,46,34,35,38,40,37,42,37,37,35,42,39,38,32,37,38,39,41,40,40,38,44,40,39,43,40,41,38,39,40,39,36,36,41,35,43,44,44,46,42,44
44,39,42,42,42,44,34,39,42,45,34,35,37,39,37,42,37,37,35,42,38,38,33,36,38,39,41,39,39,38,44,40,39,42,39,41,38,38,40,39,36,36,41,35,42,44,43,46,42,43
44,39,42,42,41,44,34,39,42,45,34,35,37,39,36,42,37,37,35,42,38,38,33,36,38,38,41,39,39,37,43,40,39,42,39,41,38,38,40,39,36,36,41,35,42,44,43,46,42,43
44,38,42,42,41,44,34,39,42,45,34,35,37,39,36,41,37,37,35,42,38,38,33,35,38,38,40,39,39,37,43,39,38,42,39,41,38,38,40,39,36,36,40,35,42,43,43,45,41,43
43,38,42,42,41,44,34,38,41,45,34,35,37,39,36,41,37,37,35,41,38,38,33,35,37,38,40,39,39,37,43,39,38,42,39,41,37,38,39,38,36,35,40,35,42,43,43,45,41,43
43,37,41,41,40,43,35,37,40,44,34,35,36,38,36,40,36,37,35,40,37,37,33,34,36,37,39,38,38,37,42,38,37,41,38,40,37,37,38,37,36,35,39,35,41,42,42,44,40,42
42,37,41,40,40,42,35,37,40,43,35,35,35,37,36,40,36,37,35,40,37,36,33,34,36,37,39,37,37,36,42,38,37,41,38,39,36,37,38,37,35,35,39,35,40,42,41,44,40,41
42,37,40,40,40,42,35,37,40,43,35,35,35,37,35,40,36,37,35,40,36,36,32,34,36,37,39,37,37,36,42,38,37,40,37,39,36,37,38,37,35,35,39,35,40,42,41,44,40,41
42,37,40,40,40,42,35,37,40,43,35,35,35,37,35,40,36,37,35,39,36,36,33,34,36,37,39,37,37,36,42,38,37,40,37,39,36,36,38,37,35,35,39,35,40,42,41,44,40,41
42,37,40,40,39,42,35,37,40,43,35,35,35,37,35,40,36,37,35,39,36,36,32,34,36,36,39,37,37,36,41,38,37,40,37,39,36,36,38,37,35,35,39,35,40,42,41,44,40,41
42,37,40,40,39,42,35,37,40,43,35,35,35,37,35,40,36,37,35,39,36,36,33,34,36,36,38,37,37,36,41,38,37,40,37,39,36,36,38,37,35,35,39,35,40,42,41,44,40,41
42,37,40,40,39,42,36,37,40,43,34,35,35,37,35,40,36,37,35,39,36,36,33,34,36,36,38,37,37,36,41,38,36,40,37,39,36,36,38,37,35,35,38,35,40,42,41,44,40,41
42,37,40,40,39,42,36,37,40,43,34,35,35,37,35,40,36,37,35,39,36,36,33,34,36,36,38,37,37,36,41,38,36,40,37,39,36,36,38,37,35,35,38,35,40,42,41,44,40,41
42,37,40,40,39,42,36,37,40,43,34,35,35,37,35,40,36,37,35,39,36,36,33,34,36,36,38,37,37,36,41,38,36,40,37,39,36,36,38,37,35,35,38,35,40,42,41,44,40,41
42,37,40,40,39,42,36,37,40,43,34,35,35,37,35,40,36,37,35,39,36,36,33,34,36,36,38,37,37,36,41,38,36,40,37,39,36,36,38,37,35,35,38,35,40,42,41,44,40,41
42,37,40,40,39,42,36,37,40,43,34,35,35,37,35,40,36,37,35,39,36,36,33,34,36,36,38,37,37,36,41,38,36,40,37,39,36,36,38,37,35,35,38,35,40,42,41,44,40,41
42,37,40,40,39,42,36,37,40,43,34,35,35,37,35,40,36,37,35,39,36,36,33,34,36,36,38,37,37,36,41,38,36,40,37,39,36,36,38,37,35,35,38,35,40,42,41,44,40,41
42,37,40,40,39,42,36,37,40,43,34,35,35,37,35,40,36,37,35,39,36,36,33,34,36,36,38,37,37,36,41,38,36,40,37,39,36,36,38,37,35,35,38,35,40,42,41,44,40,41
42,37,40,40,39,42,36,37,40,43,35,35,35,37,35,40,36,37,35,39,36,36,33,35,36,36,38,37,37,36,41,38,36,40,37,39,36,36,38,37,35,35,38,35,40,42,41,44,40,41
42,37,40,40,39,42,36,37,40,43,35,35,35,37,35,40,36,38,35,39,36,36,33,34,36,36,38,37,37,36,41,38,37,40,37,39,36,36,38,37,36,35,38,36,40,42,41,44,40,41
42,37,40,40,39,42,36,37,40,43,35,35,35,37,35,40,36,38,35,39,36,36,33,35,36,36,39,37,37,36,41,38,37,40,37,39,36,36,38,37,36,35,38,36,40,42,41,44,40,41
42,37,40,40,39,42,36,37,40,43,35,36,35,37,36,40,36,38,35,39,36,37,34,35,36,36,39,37,37,37,41,38,37,40,37,39,36,37,38,37,36,36,38,36,40,42,41,44,40,41
42,37,40,40,39,42,37,37,40,43,35,36,36,37,36,40,37,38,36,39,36,37,34,34,36,36,39,37,37,37,41,38,37,40,37,39,37,37,38,37,36,36,38,36,40,42,41,44,40,41
42,37,40,40,39,42,37,36,40,43,35,36,36,37,36,40,37,38,36,39,36,37,34,34,36,37,39,37,38,37,41,38,37,40,37,39,37,37,38,38,36,36,38,36,40,42,41,44,40,41
42,37,41,40,39,42,37,36,40,43,36,36,36,37,36,40,37,38,36,38,36,37,34,34,36,37,39,37,38,37,41,38,37,40,37,39,37,37,38,38,36,36,38,36,39,42,41,44,40,41
42,37,41,40,39,42,37,35,40,43,36,35,36,37,36,40,37,39,36,38,37,37,34,33,36,37,39,38,38,37,41,38,37,40,37,39,37,37,39,38,37,36,38,37,39,42,41,44,40,41
42,37,40,40,40,42,37,35,40,43,36,35,36,37,36,40,37,39,36,37,37,37,35,33,36,37,39,38,38,37,42,38,37,41,38,39,37,37,39,38,37,37,37,37,38,42,41,44,40,41
42,37,40,40,40,42,38,35,41,43,36,35,36,37,36,40,37,38,36,37,37,38,35,33,36,37,39,38,38,38,42,38,38,41,38,39,37,37,39,38,37,37,37,37,38,42,41,44,40,41
42,37,40,40,40,42,38,34,41,43,37,35,36,38,37,40,38,38,37,37,37,38,35,33,36,37,39,38,38,38,42,38,38,41,38,39,38,38,39,38,37,37,37,37,37,42,41,44,40,41
42,38,40,40,40,42,38,34,41,43,37,35,36,38,37,40,38,38,37,36,37,38,36,33,35,37,40,38,39,38,41,38,38,41,38,40,38,38,39,39,38,37,36,38,37,42,41,44,40,41
42,38,40,41,40,42,39,34,41,43,37,35,36,38,37,40,38,38,37,36,37,38,36,33,35,38,40,38,39,38,41,39,38,41,38,40,38,37,40,39,38,36,36,38,37,42,41,44,40,41
42,38,40,41,40,42,39,33,41,43,37,35,36,38,37,40,38,37,36,36,38,39,36,32,35,38,40,39,39,39,41,39,38,41,38,40,38,37,40,39,38,36,36,38,37,42,42,44,40,41
43,38,41,41,40,42,39,33,40,43,38,34,35,38,38,40,39,37,37,36,38,39,36,32,35,38,40,39,39,39,41,39,39,41,39,40,39,37,40,39,38,36,36,38,36,42,42,44,40,42
43,38,41,41,40,42,39,33,41,43,38,34,35,38,38,40,39,37,36,36,38,39,36,32,35,38,40,39,40,39,40,39,39,42,39,40,39,37,40,40,39,36,35,39,36,42,42,44,40,42
43,39,41,41,40,42,40,33,40,43,38,34,35,38,38,40,39,37,36,35,38,40,37,32,35,38,41,39,40,39,40,39,39,41,39,41,39,37,41,40,39,36,35,39,36,42,42,44,41,42
43,39,40,41,40,43,40,33,40,43,38,34,35,38,38,40,40,37,36,35,39,40,36,32,35,38,41,40,40,40,40,40,39,41,39,41,39,37,41,40,39,36,35,39,36,42,42,44,41,42
43,39,40,41,41,43,40,33,40,43,39,34,35,38,39,39,40,37,36,35,39,40,36,32,35,38,41,40,40,40,40,40,40,41,39,41,40,36,41,40,40,36,35,40,36,42,42,44,41,42
43,40,40,42,41,43,41,33,40,43,39,34,34,38,39,40,40,36,36,35,39,40,36,32,34,38,41,40,41,40,39,40,40,41,40,41,40,36,41,40,40,36,35,40,36,42,42,45,41,42
43,40,40,42,41,43,41,33,40,43,39,34,34,38,38,40,40,36,36,35,40,40,36,31,34,38,42,40,41,40,39,40,40,41,40,42,40,36,41,41,40,36,34,40,35,42,42,45,41,42
43,40,39,42,41,43,41,33,40,43,40,34,34,38,39,40,41,36,37,35,40,40,36,31,35,38,41,41,41,40,39,41,41,41,40,42,41,36,41,41,40,36,34,40,36,42,43,45,42,42
44,41,39,42,41,44,42,33,40,43,40,34,35,38,39,40,41,36,37,35,40,41,36,32,35,37,41,41,41,40,40,41,41,41,41,42,41,36,41,41,41,37,34,41,36,42,43,45,42,43
44,41,39,43,42,44,44,33,40,43,40,33,34,38,39,40,41,37,37,34,41,41,37,32,35,37,40,41,41,41,39,41,42,40,41,42,41,36,41,41,41,37,34,41,36,43,43,45,42,44
44,41,39,43,42,44,44,34,40,44,41,33,34,38,40,40,43,36,37,35,42,40,37,31,35,37,40,42,41,41,39,41,42,40,41,43,42,36,40,42,41,36,34,41,36,43,43,45,42,44
44,41,40,43,42,44,45,34,40,44,42,33,34,37,39,39,44,37,38,35,42,40,37,31,35,37,40,43,41,41,39,42,42,41,42,43,42,36,40,42,41,37,35,41,36,43,43,46,44,44
42,42,39,45,42,44,46,34,40,44,42,34,34,37,39,39,44,37,37,35,42,41,38,31,35,38,41,43,41,42,39,42,42,41,42,43,42,36,41,42,41,37,35,42,36,43,43,46,45,44
42,42,39,45,42,44,46,34,40,44,42,34,35,37,39,39,44,37,38,35,43,41,38,32,36,38,41,43,42,42,39,44,42,41,42,43,43,37,41,42,41,37,35,42,36,44,44,46,45,44
42,43,39,45,42,44,46,34,40,45,42,34,35,38,39,39,44,37,37,35,44,40,38,32,36,38,41,43,42,42,39,45,42,41,42,43,43,37,41,43,42,37,35,43,36,45,45,46,46,44
43,43,40,45,44,44,47,34,40,45,43,34,35,38,39,38,45,37,37,35,45,40,39,32,36,38,41,43,42,42,39,46,43,41,42,42,43,37,41,43,42,37,35,43,36,45,45,46,47,44
43,43,40,46,45,45,47,35,40,45,43,34,35,38,39,38,45,37,37,35,45,40,39,32,36,38,42,42,42,42,39,46,43,42,45,42,43,37,42,43,42,37,35,44,36,45,45,46,48,44
43,47,40,46,45,45,47,35,40,45,43,34,35,38,40,38,45,37,37,35,45,39,39,32,36,38,41,42,42,42,39,46,43,42,45,43,44,38,42,42,42,36,36,44,36,46,47,46,48,44
42,47,40,45,45,44,47,35,40,45,44,34,35,38,40,38,45,38,37,35,45,39,38,32,37,38,41,42,42,41,39,46,43,42,44,42,44,38,41,42,42,36,36,44,35,45,47,46,48,44
42,47,40,45,45,44,47,34,40,45,45,34,35,38,40,38,45,37,37,35,45,39,38,32,37,38,41,42,42,41,39,46,43,41,44,42,44,38,41,42,42,36,35,43,35,45,47,46,48,44
42,47,40,45,45,44,47,34,40,45,47,34,35,38,40,37,45,37,37,35,45,39,38,33,37,38,40,42,41,41,38,46,43,41,44,42,44,38,41,42,42,36,36,43,35,45,47,46,48,45
42,47,39,45,45,44,47,34,40,45,48,34,35,37,40,37,44,37,37,35,45,39,38,33,37,38,40,42,41,40,38,46,42,41,44,42,44,38,40,41,41,36,36,43,35,45,47,46,48,44
42,47,39,45,45,44,47,34,40,45,48,34,35,37,40,37,44,37,37,35,44,39,38,33,37,38,40,42,40,40,38,46,42,40,43,42,44,38,40,41,41,36,36,43,35,45,46,46,48,44
41,46,38,45,45,44,47,34,40,44,48,34,35,37,40,36,44,37,37,35,44,39,38,33,36,38,40,42,40,39,37,46,42,40,43,42,44,38,39,41,40,36,36,42,35,45,46,45,48,44
41,46,38,45,45,43,46,35,39,44,48,34,35,37,40,36,44,37,37,35,45,39,38,33,35,38,40,41,39,39,37,45,42,39,44,42,44,38,39,41,40,36,36,42,35,45,47,45,48,45
40,46,38,45,44,42,46,35,39,44,47,35,35,37,40,36,44,37,37,35,44,39,37,33,35,38,40,40,39,39,37,45,42,39,43,41,43,37,39,40,39,36,36,42,35,44,46,45,48,44
40,46,38,44,44,42,46,35,39,43,47,35,35,36,40,36,43,37,37,35,44,39,37,33,35,38,40,40,39,39,37,44,41,38,43,41,43,38,38,40,39,36,36,42,35,44,45,44,47,43
40,45,38,44,44,41,45,35,39,42,47,35,35,36,39,36,43,37,37,35,43,39,37,33,35,38,39,40,38,39,37,44,41,38,43,41,43,37,38,40,39,36,35,42,35,44,45,44,47,43
40,45,38,44,43,41,45,35,39,42,47,35,35,36,40,36,43,37,37,35,43,39,37,33,35,38,39,40,38,38,37,44,41,38,43,41,43,37,37,40,38,36,35,42,35,44,45,43,47,43
40,45,38,44,43,41,45,35,39,41,47,35,35,36,39,36,43,36,37,35,43,39,37,33,35,38,39,40,38,38,37,44,41,37,43,40,43,37,37,40,38,36,35,42,35,44,45,43,47,43
40,45,38,44,42,41,45,36,39,41,47,35,36,36,39,36,43,36,37,35,43,39,37,33,34,38,39,40,38,38,37,44,40,37,43,39,43,37,37,40,38,36,35,41,35,44,45,43,47,43
39,44,38,44,42,41,44,36,38,41,47,35,35,36,39,36,44,36,37,35,43,39,37,33,34,38,39,40,38,38,37,43,40,37,43,39,42,37,37,39,38,35,35,41,35,44,46,43,47,43
39,44,38,44,42,41,44,36,38,41,47,35,35,36,39,36,43,36,37,35,43,39,37,33,34,37,38,39,38,38,36,43,40,37,42,39,42,37,37,39,37,35,35,41,35,43,45,43,46,42
39,43,37,44,41,40,44,36,38,41,47,35,35,35,39,36,43,36,37,35,43,38,37,33,34,37,38,39,38,38,36,43,39,37,42,38,41,37,37,38,37,35,35,40,35,42,45,42,46,42
39,43,37,43,41,40,44,36,38,41,46,35,35,35,38,35,42,36,37,35,42,38,37,33,34,37,38,39,37,37,36,43,39,37,42,38,40,36,37,38,37,35,35,40,35,42,45,42,46,41
38,43,37,43,41,40,44,36,38,40,45,35,35,35,38,35,42,36,37,35,42,37,36,33,34,37,37,39,37,37,36,42,38,37,41,38,40,36,36,38,37,35,35,39,35,42,44,42,45,41
38,43,37,43,41,40,43,36,37,40,45,35,35,35,38,35,41,36,37,35,41,37,36,33,34,36,37,38,37,37,36,42,38,36,41,37,40,36,36,38,37,35,35,39,35,41,44,41,45,40
38,42,37,42,41,40,43,36,37,40,45,35,35,35,37,35,41,36,37,35,40,37,36,33,34,36,36,38,37,37,36,42,38,36,41,37,39,36,36,38,37,35,35,39,35,41,43,41,44,40
38,42,37,42,41,39,43,36,37,40,44,35,35,35,37,35,41,36,37,35,40,36,36,33,35,36,36,38,37,37,36,42,38,36,40,37,39,36,36,38,37,35,35,39,35,41,43,41,44,40
38,42,37,42,40,39,43,36,37,40,44,35,35,35,37,35,40,36,38,35,40,36,36,33,34,36,36,38,37,37,36,41,38,37,40,37,39,36,36,38,37,36,35,39,36,41,43,41,44,40
38,42,37,42,40,39,42,36,37,40,44,35,35,35,37,35,40,36,38,35,40,36,36,33,35,36,36,39,37,37,36,41,38,37,40,37,39,36,36,38,37,36,35,39,36,40,43,41,44,40
38,42,37,41,40,39,42,36,37,40,43,35,36,35,37,36,40,36,38,35,39,36,37,34,35,36,36,39,37,37,36,41,38,37,40,37,39,36,37,38,37,36,36,38,36,40,42,41,44,40
38,42,37,41,40,39,42,37,37,40,43,35,36,36,37,36,40,37,38,36,39,36,37,34,34,36,36,39,37,37,37,41,38,37,40,37,39,37,37,38,37,36,36,38,36,40,42,41,44,40
38,42,37,41,40,39,42,37,36,40,43,35,36,36,37,36,40,37,38,36,39,36,37,34,34,36,37,39,37,38,37,41,38,37,40,37,39,37,37,38,37,36,36,38,36,40,42,41,44,40
38,42,37,41,40,39,42,37,36,40,43,36,36,36,37,36,40,37,38,36,38,36,37,34,34,36,37,39,37,38,37,41,38,37,40,37,39,37,37,38,38,36,36,38,36,39,42,41,44,40
38,42,37,41,40,39,42,37,35,40,43,36,35,36,37,36,40,37,39,36,38,37,37,34,33,36,37,39,38,38,37,41,38,37,40,37,39,37,37,39,38,37,36,38,37,39,42,41,44,40
38,42,37,40,40,40,42,37,35,40,43,36,35,36,37,36,40,37,39,36,37,37,37,35,33,36,37,39,38,38,37,42,38,37,40,38,39,37,37,39,38,37,37,37,37,38,42,41,44,40
38,42,37,40,40,40,42,38,35,41,43,36,35,36,37,36,40,37,38,36,37,37,38,35,33,36,37,39,38,38,38,42,38,38,41,38,39,37,37,39,38,37,37,37,37,38,42,41,44,40
39,42,37,40,40,40,42,38,34,41,43,37,35,36,38,37,40,38,38,37,37,37,38,35,33,36,37,39,38,38,38,42,38,38,41,38,39,38,38,39,38,37,37,37,37,37,42,41,44,40
39,42,37,40,40,40,42,38,34,41,43,37,35,36,38,37,40,38,38,37,36,37,38,36,33,35,37,39,38,39,38,41,38,38,41,38,40,38,38,39,39,38,37,36,38,37,42,41,44,40
39,42,38,40,41,40,42,39,33,41,43,37,35,36,38,37,40,38,37,37,36,37,38,36,32,35,38,40,38,39,38,41,39,38,41,38,40,38,37,40,39,38,36,36,38,37,42,41,44,40
39,42,38,40,41,40,42,39,33,41,43,37,34,36,38,37,40,38,37,36,36,38,39,36,32,35,38,40,39,39,39,41,39,38,41,38,40,38,37,40,39,38,36,36,38,36,42,42,44,40
39,43,38,41,41,40,42,39,33,40,43,38,34,35,38,38,40,39,37,36,36,38,39,36,32,35,38,40,39,39,39,41,39,39,41,39,40,39,37,40,39,38,36,36,38,36,42,42,44,40
39,43,38,41,41,40,42,39,33,41,43,38,34,35,38,38,40,39,37,36,36,38,39,36,32,35,38,40,39,40,39,40,39,39,42,39,40,39,37,40,40,39,36,35,39,36,42,42,44,40
40,43,39,41,41,40,42,40,33,40,43,38,34,35,38,38,40,39,37,36,35,38,40,36,32,35,38,41,39,40,39,40,39,39,42,39,41,39,36,41,40,39,36,35,39,36,42,42,44,41
40,43,39,40,41,40,43,40,33,40,43,38,34,35,38,38,40,40,37,36,35,39,40,36,32,35,38,41,40,40,40,40,40,39,42,39,41,39,36,41,40,39,36,35,39,36,42,42,44,41
40,43,39,40,41,41,43,40,33,40,43,39,33,34,38,39,39,40,37,36,35,39,40,35,32,35,38,41,40,40,40,40,40,40,41,39,41,40,36,41,40,40,36,35,40,36,42,42,44,41
40,43,40,40,42,41,43,41,33,39,43,39,33,34,38,38,40,40,36,36,35,39,40,36,32,34,38,41,40,41,40,39,40,40,41,40,41,40,36,41,40,40,36,34,40,35,42,42,45,41
41,43,40,39,42,41,43,41,33,40,43,39,34,34,38,38,40,40,36,36,35,40,40,36,31,34,38,42,40,41,40,39,40,40,41,40,42,40,36,41,41,40,36,34,40,35,42,42,45,41
41,43,40,39,42,41,43,41,33,40,43,40,34,34,38,39,39,41,36,36,35,40,40,36,31,34,37,41,41,41,40,39,41,41,41,40,42,41,36,41,41,40,36,34,40,35,42,43,45,42
41,43,41,39,42,41,44,42,33,39,43,40,33,34,38,39,39,41,36,37,35,40,40,36,32,35,37,40,41,40,40,40,41,41,40,41,42,41,36,41,41,41,37,34,41,35,42,43,45,42
41,43,41,39,43,42,44,44,33,40,43,40,33,34,38,39,40,41,36,37,34,41,40,36,31,35,37,40,41,41,40,39,41,42,40,41,42,41,36,41,41,41,37,34,41,36,43,43,45,42
42,43,41,39,43,42,44,44,33,40,43,41,33,34,38,39,39,43,36,37,34,42,40,37,31,35,37,40,42,41,41,39,41,42,40,41,42,42,36,40,41,41,36,34,41,36,43,43,45,42
42,43,41,39,43,42,44,45,34,40,43,41,33,34,37,39,38,43,36,37,35,42,39,37,31,35,37,40,42,40,40,39,42,41,40,42,42,42,36,40,41,40,36,34,41,36,43,43,45,44
43,41,42,39,44,42,43,45,34,40,43,42,33,34,37,39,39,43,37,37,35,42,39,37,31,35,37,40,42,40,40,39,42,41,40,42,42,42,36,39,41,40,37,35,42,36,43,43,45,45
43,41,42,39,43,42,43,45,34,40,43,42,33,34,37,39,38,43,37,37,34,43,39,38,31,35,38,39,42,40,40,39,44,41,40,42,41,42,36,39,41,40,37,35,42,36,43,44,45,45
43,41,43,39,43,42,43,45,34,40,43,42,34,35,37,39,38,43,37,37,35,43,39,38,32,36,38,39,41,40,40,39,44,41,40,42,41,42,37,39,41,40,37,35,42,35,43,45,44,46
44,41,43,39,43,43,42,45,34,40,43,43,34,35,37,39,38,43,37,37,34,43,39,38,32,36,38,40,42,40,40,39,45,41,40,42,40,42,37,39,41,40,37,35,42,35,43,45,44,47
45,41,43,40,43,43,42,45,34,40,43,43,34,35,37,39,38,43,37,37,35,43,39,38,32,36,38,39,42,40,40,39,45,41,40,43,40,42,37,39,41,40,36,35,42,35,43,45,44,47
45,41,45,40,43,43,42,45,34,40,43,43,34,35,37,39,38,43,37,37,35,43,39,38,32,36,38,39,41,40,40,39,44,41,39,43,40,42,37,39,41,40,36,35,41,35,43,45,44,47
44,41,45,39,43,43,42,45,34,40,43,44,34,35,37,39,38,43,37,37,35,43,39,38,32,36,38,39,41,40,40,38,44,41,39,43,40,42,37,39,41,40,36,35,41,35,43,45,44,47
44,41,45,39,43,43,42,45,34,40,43,45,34,35,37,39,37,43,37,37,35,43,39,38,32,36,37,39,41,40,40,38,44,41,39,43,40,42,37,39,41,40,36,35,41,35,43,45,44,47
44,41,45,39,43,43,42,45,34,40,43,46,34,35,37,39,37,43,37,37,35,43,39,38,32,37,37,39,41,40,40,38,44,41,39,43,40,42,38,39,41,40,36,35,41,35,43,45,44,47
44,41,45,39,43,43,42,45,34,39,43,46,34,34,37,39,37,42,37,37,35,43,39,38,32,37,37,39,41,40,40,38,44,40,39,43,40,42,38,39,41,40,36,36,41,34,43,44,44,46
44,40,45,39,43,43,42,45,34,39,42,46,34,34,37,39,36,42,37,37,35,42,39,37,33,36,38,39,41,40,39,37,44,40,39,43,40,42,38,39,40,39,36,36,41,34,43,44,44,46
44,40,44,38,43,43,42,45,34,39,42,46,34,34,37,39,36,42,37,37,35,42,39,37,33,35,38,39,41,39,39,37,44,40,39,43,40,42,37,39,40,39,36,35,41,34,43,44,44,46
44,40,44,38,43,43,42,45,34,39,42,46,34,35,37,39,36,42,37,37,35,42,39,37,33,35,38,39,41,39,39,37,44,40,39,43,40,42,37,39,40,39,36,35,41,35,43,44,44,46
44,40,44,38,42,42,41,44,34,39,42,45,34,35,36,39,36,42,37,37,35,42,38,37,33,35,38,38,40,39,39,37,43,40,39,42,39,41,37,38,40,39,36,35,41,35,42,44,43,46
43,39,44,38,42,42,41,44,35,38,42,45,34,35,36,39,36,41,37,37,35,41,38,37,32,35,38,38,40,38,39,37,43,39,38,42,39,41,37,38,39,39,36,35,40,35,42,43,43,45
43,39,43,38,41,41,40,43,35,38,41,44,35,35,36,38,36,41,36,37,35,41,37,37,32,34,37,37,39,38,38,37,42,39,37,41,38,40,37,37,39,38,36,35,39,35,41,43,42,45
42,38,42,37,40,40,39,42,35,37,40,43,35,35,35,37,35,40,36,37,35,39,36,36,32,34,36,36,38,37,37,36,41,38,37,40,37,39,36,36,38,37,35,35,39,35,40,42,41,44
41,38,42,36,40,40,39,42,35,37,40,43,34,35,35,37,35,40,36,37,35,39,36,36,32,34,36,36,38,37,37,36,41,37,36,40,37,39,36,36,38,37,35,35,38,35,40,42,41,43
41,38,42,36,40,40,39,42,35,37,40,43,34,35,35,37,35,40,36,37,35,39,36,36,32,34,36,36,38,37,37,36,41,37,36,40,37,39,36,36,38,37,35,35,38,35,40,42,41,43
41,38,42,36,40,40,39,42,35,37,40,43,34,35,35,37,35,40,36,37,35,39,36,36,32,34,36,36,38,37,37,36,41,37,36,40,37,39,36,36,38,37,35,35,38,35,40,42,41,43
41,38,42,36,40,40,39,42,36,37,40,43,34,35,35,37,35,40,36,37,35,39,36,36,32,34,36,36,38,37,37,36,41,37,36,40,37,39,36,36,38,37,35,35,38,35,40,42,41,43
41,38,42,36,40,40,39,42,36,37,40,43,34,35,35,37,35,40,36,37,35,39,36,36,32,34,36,36,38,37,37,36,41,37,36,40,37,39,36,36,38,37,35,35,38,35,40,42,41,43
41,38,42,36,40,40,39,42,36,37,40,43,34,35,35,37,35,40,36,37,35,39,36,36,32,34,36,36,38,37,37,36,41,37,36,40,37,39,36,36,38,37,35,35,38,35,40,42,41,43
41,38,42,36,40,40,39,42,36,37,40,43,34,35,35,37,35,40,36,37,35,39,36,36,32,34,36,36,38,37,37,36,41,37,36,40,37,39,36,36,38,37,35,35,38,35,40,42,41,43
41,38,42,36,40,40,39,42,36,37,40,43,34,35,35,37,35,40,36,37,35,39,36,36,33,34,36,36,38,37,37,36,41,37,36,40,37,39,36,36,38,37,35,35,38,35,40,42,41,43
41,38,42,36,40,40,39,42,36,37,40,43,34,35,35,37,35,40,36,37,35,39,36,36,33,34,36,36,38,37,37,36,41,37,36,40,37,39,36,36,38,37,35,35,38,35,40,42,41,43
41,38,42,36,40,40,39,42,36,37,40,43,34,35,35,37,35,40,36,37,35,39,36,36,33,34,36,36,38,37,37,36,41,37,36,40,37,39,36,36,38,37,35,35,38,35,40,42,41,43
41,38,42,36,40,40,39,42,36,37,40,43,35,35,35,37,35,40,36,37,35,39,36,36,33,34,36,36,38,37,37,36,41,37,36,40,37,39,36,36,38,37,35,35,38,35,40,42,41,43
41,38,42,36,40,40,39,42,36,37,40,43,35,35,35,37,35,40,36,38,35,39,36,36,33,34,36,36,38,37,37,36,41,37,36,40,37,39,36,36,38,37,36,35,38,36,40,42,41,43
41,38,42,36,40,40,39,42,36,37,40,43,35,35,35,37,35,40,36,38,35,39,36,36,33,34,36,36,38,37,37,36,41,38,37,40,37,39,36,36,38,37,36,35,38,36,40,42,41,43
41,38,42,36,40,40,39,42,36,36,40,43,35,36,35,37,36,40,36,38,35,39,36,37,34,34,36,36,38,37,37,37,41,38,37,40,37,39,36,37,38,37,36,36,38,36,40,42,41,43
41,38,42,37,40,40,39,42,37,36,40,43,35,36,36,37,36,40,37,38,36,38,36,37,34,33,36,36,39,37,37,37,41,38,37,40,37,39,37,37,38,37,36,36,38,36,39,42,41,43
41,38,42,37,40,40,39,42,37,36,40,43,35,35,36,37,36,40,37,38,36,38,36,37,34,33,36,36,39,37,38,37,41,38,37,40,37,39,37,37,38,38,36,36,38,36,39,42,41,43
41,38,42,37,40,40,39,42,37,35,40,43,36,35,36,37,36,40,37,39,36,37,36,37,34,33,36,37,39,37,38,37,41,38,37,40,37,39,37,37,39,38,37,36,38,37,38,42,41,43
42,38,42,37,40,40,39,42,37,35,40,43,36,35,36,37,36,40,37,39,36,37,37,37,35,33,36,37,39,38,38,37,41,38,37,40,37,39,37,37,39,38,37,37,37,37,38,42,41,43
42,38,42,37,40,40,40,42,38,35,41,43,36,35,36,37,36,40,37,38,36,37,37,38,35,33,36,37,39,38,38,38,42,38,37,41,38,39,37,37,39,38,37,37,37,37,38,42,41,44
42,39,42,37,40,40,40,42,38,34,41,43,36,35,36,38,37,40,38,38,36,36,37,38,35,33,35,37,39,38,38,38,41,38,38,41,38,39,38,37,39,38,37,37,36,37,37,42,41,44
42,39,42,37,40,40,40,42,38,33,41,43,37,35,36,38,37,40,38,37,37,36,37,38,35,32,35,37,39,38,39,38,41,38,38,41,38,40,38,37,39,39,37,36,36,38,37,42,41,44
42,39,42,38,40,40,40,42,38,33,41,43,37,35,36,38,37,40,38,37,36,36,37,38,36,32,35,37,40,38,39,38,40,39,38,41,38,40,38,37,40,39,38,36,36,38,36,42,41,44
42,39,42,38,40,41,40,42,39,33,40,43,37,34,35,38,37,40,38,37,36,36,38,39,36,32,34,38,40,39,39,39,40,39,38,41,38,40,38,37,40,39,38,36,35,38,36,42,41,44
42,39,42,38,40,41,40,42,39,33,40,43,37,34,35,38,38,40,39,37,36,35,38,39,36,32,35,38,40,39,39,39,40,39,39,41,38,40,39,37,40,39,38,36,35,38,36,42,42,44
42,39,43,38,41,41,40,42,39,33,40,43,38,34,35,38,38,40,39,37,36,35,38,39,36,32,35,38,40,39,40,39,39,39,39,41,39,40,39,36,40,39,39,36,35,39,36,42,42,44
42,40,43,39,41,41,40,42,40,33,40,43,38,34,34,38,38,40,39,37,36,35,38,39,36,32,35,38,41,39,40,39,39,39,39,40,39,40,39,36,40,40,39,36,35,39,36,42,42,44
42,40,42,39,40,41,40,43,40,33,39,42,38,33,34,38,38,39,39,36,36,35,39,40,36,32,35,37,41,40,40,40,39,40,39,40,39,41,39,36,40,40,39,35,35,39,35,42,42,44
42,40,42,39,40,41,41,43,40,32,39,42,39,33,34,38,38,39,40,36,36,35,39,40,35,32,35,37,41,40,40,39,38,40,40,40,39,41,40,36,40,40,40,35,34,39,35,42,42,44
43,40,42,40,39,42,41,43,41,32,39,42,39,33,34,38,38,39,40,36,36,35,39,39,35,31,34,37,41,40,40,39,38,40,40,40,40,41,40,36,40,40,40,35,34,40,35,42,42,43
43,41,42,40,39,42,41,43,41,33,39,42,39,34,34,38,38,39,40,36,36,35,40,39,36,31,34,37,40,40,40,39,38,40,40,39,40,41,40,36,40,40,40,36,34,40,35,42,42,43
43,41,42,40,39,42,41,43,41,33,40,42,40,33,34,38,38,39,41,36,36,35,40,39,36,31,34,37,40,40,40,39,38,41,41,39,40,41,41,36,40,39,40,36,34,40,35,42,42,44
43,41,42,41,39,42,41,43,42,33,39,42,40,33,34,38,39,39,41,36,36,34,40,39,36,31,34,37,39,41,39,39,38,41,41,39,41,41,41,35,40,40,41,36,34,41,35,42,43,44
43,41,42,41,39,43,42,42,44,33,39,42,40,33,34,37,39,39,41,36,37,34,41,39,36,31,35,37,39,41,39,39,38,41,41,38,41,41,41,36,40,40,41,37,34,41,35,43,43,44
44,42,42,41,39,43,42,43,44,33,39,42,41,33,34,38,39,39,42,36,37,34,42,38,37,31,34,37,39,41,40,39,38,41,40,39,41,41,41,36,39,40,40,36,34,41,35,43,43,44
43,42,42,41,39,43,42,43,45,33,40,42,41,33,33,37,39,38,42,36,37,34,42,39,37,31,35,37,39,41,40,40,38,42,41,39,42,41,42,36,39,40,39,36,34,41,36,43,43,44
43,43,40,42,39,43,42,42,45,34,39,43,42,33,34,37,38,38,42,36,37,35,42,39,37,31,35,37,39,41,40,40,39,42,40,39,42,41,42,36,39,40,40,36,34,42,36,43,43,44
43,43,41,42,39,43,42,43,45,34,39,43,42,33,34,37,39,38,43,37,37,34,43,39,38,31,35,37,39,41,40,40,39,44,41,39,42,41,42,36,39,41,40,37,35,41,36,43,44,44
43,43,41,43,39,44,42,43,45,34,40,43,42,33,34,37,39,38,43,37,37,34,43,39,38,31,36,38,40,42,40,40,39,45,41,40,42,41,42,36,39,41,40,36,35,42,35,43,45,44
44,44,41,43,39,44,44,43,46,34,40,43,43,34,35,37,39,38,43,37,37,34,43,40,38,31,36,38,40,42,40,41,39,45,41,40,42,41,42,37,40,41,40,36,35,42,35,44,45,44
43,45,41,43,39,44,44,43,46,34,40,43,43,34,35,37,39,38,43,37,37,35,43,39,38,32,36,38,40,42,41,41,39,45,41,40,44,41,43,37,40,41,41,36,35,42,35,44,45,45
42,45,42,46,40,44,44,43,46,34,40,44,43,34,35,37,39,38,44,37,37,35,44,39,38,32,36,38,40,42,41,41,39,45,42,40,44,41,43,37,40,42,41,36,35,42,35,44,46,45
42,44,42,46,39,44,44,43,46,34,40,44,44,34,35,37,39,38,44,37,37,35,44,39,38,32,36,38,40,42,41,41,38,46,42,41,44,41,43,37,40,42,41,36,35,43,35,44,46,45
42,44,42,46,39,44,44,43,46,34,40,44,45,34,35,37,39,37,44,37,37,35,44,39,38,32,36,37,40,42,41,41,38,45,42,40,44,41,43,37,40,42,41,36,35,43,35,44,46,45
42,44,42,46,39,45,44,44,46,34,40,44,47,34,35,37,39,37,44,37,37,35,44,39,38,32,37,37,40,42,41,40,38,46,42,41,44,41,43,38,40,41,41,36,35,43,35,44,46,45
43,44,41,46,39,45,45,44,47,34,39,44,48,34,34,37,39,37,44,37,37,35,44,39,38,32,37,37,40,42,40,40,38,46,42,40,43,42,43,38,40,41,41,36,36,43,34,45,46,45
43,44,41,47,39,45,45,44,47,34,40,44,48,34,34,37,39,36,44,37,37,35,44,39,37,33,36,38,40,42,40,39,37,46,42,40,43,42,44,38,40,41,41,36,36,42,34,45,46,46
43,44,41,46,38,45,45,44,46,34,40,44,48,34,35,37,39,36,45,37,37,35,45,39,37,33,35,38,40,41,39,39,37,45,42,40,43,42,44,37,39,41,40,36,35,42,35,45,47,45
43,45,41,46,38,45,45,43,46,34,39,44,48,34,35,37,39,36,45,37,37,35,45,39,37,33,35,38,39,41,39,39,37,45,42,39,43,42,44,37,39,40,39,36,35,42,35,45,47,45
43,44,40,46,38,45,44,42,46,35,39,43,48,34,35,36,39,36,45,37,37,35,45,39,37,33,35,38,39,40,39,39,37,45,42,39,43,41,44,37,38,40,39,36,35,42,35,45,47,44
43,44,40,46,38,45,44,42,45,35,39,43,48,35,35,36,39,36,45,37,37,35,45,39,37,33,35,38,39,40,38,39,37,44,43,38,43,41,44,37,38,40,39,36,35,42,35,44,47,44
43,44,40,45,38,45,43,41,45,35,39,42,48,35,35,36,39,36,45,37,37,35,45,39,37,32,35,38,39,40,38,38,37,44,42,38,43,41,44,37,37,40,38,36,35,42,35,44,47,44
42,43,40,45,38,45,43,41,45,35,39,42,48,35,35,36,39,36,45,37,37,35,44,39,37,33,35,38,39,40,38,38,37,44,42,37,43,40,43,37,37,40,38,36,35,42,35,44,47,43
41,43,40,45,38,45,43,41,45,35,39,41,48,35,35,36,39,36,45,36,37,35,44,39,37,32,35,38,39,40,38,38,37,44,41,37,43,40,43,37,37,40,38,36,35,42,35,44,47,43
41,44,39,44,38,45,42,41,44,35,39,41,48,35,35,36,39,36,44,36,37,35,44,39,37,33,34,38,39,40,38,38,36,43,40,37,43,39,42,37,37,39,38,36,35,41,35,44,47,43
41,44,39,44,38,45,42,41,44,36,38,41,47,35,35,36,39,36,44,36,37,35,44,39,37,33,34,38,39,40,38,38,36,43,40,37,42,39,42,37,37,39,37,35,35,41,35,43,46,43
40,44,39,43,38,45,42,40,44,36,38,41,47,35,35,36,39,36,44,36,37,35,44,39,37,33,34,37,38,39,38,38,36,43,40,37,42,38,42,37,37,39,37,35,35,41,35,43,46,43
40,43,39,43,37,45,41,40,44,36,38,41,46,35,35,35,39,35,43,36,37,35,43,38,37,33,34,37,38,39,37,37,36,43,39,37,42,38,41,37,36,38,37,35,35,40,35,42,45,42
40,43,39,43,37,44,41,40,44,36,38,40,46,35,35,35,38,35,42,36,37,35,43,38,36,33,34,37,37,39,37,37,36,43,38,37,41,38,40,36,36,38,37,35,35,40,35,42,45,42
40,43,38,43,37,44,41,40,44,36,37,40,45,35,35,35,38,35,42,36,37,35,42,37,36,33,34,36,37,39,37,37,36,42,38,36,41,37,40,36,36,38,37,35,35,39,35,42,44,42
39,42,38,43,37,43,41,40,43,36,37,40,45,34,35,35,38,35,41,36,37,35,41,37,36,33,34,36,37,38,37,37,36,42,38,36,41,37,39,36,36,38,37,35,35,39,35,41,44,41
39,42,38,42,37,42,41,40,43,36,37,40,44,34,35,35,37,35,41,36,37,35,40,36,36,33,34,36,36,38,37,37,36,42,38,36,40,37,39,36,36,38,37,35,35,39,35,41,43,41
39,42,38,42,37,42,41,39,43,36,37,40,44,34,35,35,37,35,41,36,37,35,40,36,36,33,34,36,36,38,37,37,36,41,38,36,40,37,39,36,36,38,37,35,35,39,35,41,43,41
38,42,38,42,36,42,40,39,43,36,37,40,44,35,35,35,37,35,40,36,37,35,40,36,36,33,34,36,36,38,37,37,36,41,38,36,40,37,39,36,36,38,37,36,35,39,36,40,43,41
38,42,38,42,36,42,40,39,42,36,37,40,44,35,35,35,37,35,40,36,38,35,39,36,36,33,34,36,36,38,37,37,36,41,38,37,40,37,39,36,36,38,37,36,35,38,36,40,43,41
38,42,38,42,36,41,40,39,42,36,37,40,43,35,36,35,37,35,40,36,38,35,39,36,36,33,35,36,36,39,37,37,36,41,38,37,40,37,39,36,36,38,37,36,36,38,36,40,42,41
38,41,38,42,37,41,40,39,42,37,37,40,43,35,36,35,37,36,40,36,38,35,39,36,37,34,34,36,36,39,37,37,37,41,38,37,40,37,39,36,37,38,37,36,36,38,36,40,42,41
38,41,38,42,37,41,40,39,42,37,36,40,43,35,36,36,37,36,40,37,38,36,38,36,37,34,34,36,36,39,37,38,37,41,38,37,40,37,39,37,37,38,37,36,36,38,36,39,42,41
38,41,38,42,37,41,40,39,42,37,36,40,43,36,35,36,37,36,40,37,38,36,38,36,37,34,33,36,37,39,37,38,37,41,38,37,40,37,39,37,37,38,38,36,36,38,36,39,42,41
38,42,38,42,37,40,40,39,42,37,35,40,43,36,35,36,37,36,40,37,39,36,37,36,37,34,33,36,37,39,38,38,37,41,38,37,40,37,39,37,37,39,38,37,36,38,37,39,42,41
38,42,38,42,37,40,40,39,42,37,35,40,43,36,35,36,37,36,40,37,39,36,37,37,37,35,33,36,37,39,38,38,37,41,38,37,40,37,39,37,37,39,38,37,37,37,37,38,42,41
38,42,38,42,37,40,40,40,42,38,35,41,43,36,35,36,37,36,40,37,38,36,37,37,38,35,33,36,37,39,38,38,38,42,38,38,41,38,39,37,37,39,38,37,37,37,37,38,42,41
39,42,39,42,37,40,40,40,42,38,34,41,43,36,35,36,38,37,40,38,38,37,37,37,38,35,33,36,37,39,38,38,38,42,38,38,41,38,39,38,37,39,38,37,37,37,37,37,42,41
39,42,39,42,37,40,40,40,42,38,34,41,43,37,35,36,38,37,40,38,38,37,36,37,38,36,33,35,37,39,38,39,38,41,38,38,41,38,40,38,38,39,39,37,37,36,38,37,42,41
39,42,39,42,38,40,41,40,42,39,33,41,43,37,35,36,38,37,40,38,37,37,36,37,38,36,32,35,37,40,38,39,38,41,39,38,41,38,40,38,37,40,39,38,36,36,38,37,42,41
39,42,39,42,38,40,41,40,42,39,33,41,43,37,34,36,38,37,40,38,37,36,36,38,39,36,32,35,38,40,39,39,39,41,39,38,41,38,40,38,37,40,39,38,36,36,38,36,42,42
39,42,39,43,38,41,41,40,42,39,33,40,43,38,34,35,38,38,40,39,37,36,36,38,39,36,32,35,38,40,39,39,39,41,39,39,41,39,40,39,37,40,39,38,36,36,38,36,42,42
39,42,39,43,38,41,41,40,42,39,33,40,43,38,34,35,38,38,40,39,37,36,36,38,39,36,32,35,38,40,39,40,39,40,39,39,42,39,40,39,37,40,40,39,36,35,39,36,42,42
39,42,40,43,39,41,41,40,42,40,33,40,43,38,34,35,38,38,40,39,37,36,35,38,40,36,32,35,38,41,39,40,39,40,39,39,42,39,41,39,36,41,40,39,36,35,39,36,42,42
39,42,40,43,39,40,41,40,43,40,33,40,43,38,34,35,38,38,40,39,37,36,35,39,40,36,32,35,38,41,40,40,40,40,40,39,42,39,41,39,36,41,40,39,36,35,39,36,42,42
38,42,40,43,39,40,41,41,43,40,33,40,43,39,34,34,38,39,39,40,37,36,35,39,40,35,32,35,38,41,40,40,40,40,40,40,42,39,41,40,36,41,40,40,36,35,40,36,42,42
38,43,40,43,40,40,42,41,43,41,33,39,44,39,34,34,38,38,40,40,36,36,35,39,40,36,32,34,38,41,40,41,40,39,40,40,42,40,41,40,36,41,40,40,36,34,40,35,42,42
38,43,41,43,40,39,42,41,43,41,33,40,44,39,34,34,38,38,40,40,36,36,35,40,40,36,31,34,38,42,40,41,40,39,40,40,43,40,42,40,36,42,41,40,36,34,40,35,42,42
38,43,41,43,40,39,42,41,43,41,33,40,44,40,34,34,38,39,39,41,36,36,35,40,40,36,31,34,37,42,41,42,41,39,41,41,43,40,42,41,36,42,41,40,36,34,40,35,42,43
38,43,41,44,41,39,42,41,44,42,33,39,44,40,33,35,38,39,39,41,36,37,35,40,41,36,32,35,37,41,41,42,41,40,41,41,43,41,42,41,36,43,41,41,37,34,41,35,42,43
38,43,41,44,41,39,43,42,45,44,33,40,44,40,33,34,38,39,40,41,36,37,34,41,41,37,31,35,37,41,41,42,41,39,41,42,42,41,43,41,36,43,41,41,37,34,41,36,43,43
37,44,42,44,41,39,43,42,45,44,34,40,44,41,33,34,38,40,40,46,36,37,35,42,40,37,31,35,37,41,42,43,41,39,41,42,42,41,43,42,36,42,42,42,36,34,41,36,43,43
37,44,42,44,41,40,43,42,45,45,34,40,44,41,33,34,37,39,38,47,36,37,35,42,40,37,31,35,37,41,42,43,41,39,42,43,42,42,43,42,36,42,43,43,37,34,41,36,43,43
37,43,43,42,42,39,45,42,45,46,34,40,44,42,33,34,37,39,39,47,37,37,35,42,41,38,31,35,38,41,43,43,42,39,42,43,42,42,43,42,36,42,43,43,37,35,42,36,43,43
38,43,43,42,42,39,47,42,45,46,34,40,44,42,34,34,37,39,38,47,37,37,35,43,41,38,32,36,38,41,42,43,41,39,44,43,42,42,43,43,37,42,43,43,37,35,42,36,44,44
37,43,43,42,43,39,47,42,45,46,34,40,45,42,34,35,37,39,38,47,37,37,35,44,40,38,32,36,38,41,42,44,41,39,45,43,42,42,43,43,37,42,43,43,37,35,44,36,47,45
37,44,44,42,43,39,48,44,45,47,34,40,46,43,34,35,38,39,38,47,37,37,35,46,40,38,32,36,38,42,42,44,42,39,46,44,42,42,43,43,37,42,43,43,37,35,44,36,47,45
37,46,45,43,43,40,48,45,45,47,35,40,46,43,34,35,38,39,38,47,37,37,35,46,40,38,32,36,38,41,42,43,42,39,46,44,42,45,43,43,37,42,43,43,37,35,44,36,47,45
37,45,45,43,47,40,48,45,45,47,35,40,46,43,34,35,38,40,38,47,37,37,35,46,39,39,32,36,38,41,42,43,42,39,46,44,42,45,43,44,37,42,42,42,36,35,44,36,47,48
38,45,44,42,47,40,48,45,45,47,35,40,45,44,34,35,38,40,38,48,38,37,35,46,39,38,32,37,38,41,42,42,41,39,47,44,41,44,43,44,38,42,42,42,36,36,44,35,47,48
37,45,44,42,47,40,48,45,46,47,35,40,45,45,34,35,38,40,38,48,37,37,35,46,39,38,32,37,38,41,42,42,41,39,47,43,41,44,43,46,38,41,42,42,36,36,44,35,47,49
38,45,44,42,47,40,48,45,45,47,35,40,45,47,34,35,38,40,37,48,37,37,35,48,39,38,33,37,38,40,42,41,41,38,46,43,41,44,43,47,38,41,42,42,36,36,44,35,46,48
38,45,44,42,47,39,48,45,45,47,35,40,45,48,34,35,37,40,37,48,37,37,35,48,39,38,33,37,38,40,42,41,40,38,46,44,41,44,42,47,38,40,41,41,36,36,43,35,46,49
38,44,44,42,47,39,49,47,45,47,35,40,45,48,34,35,37,40,37,48,37,37,35,48,39,38,33,37,38,40,42,40,40,38,46,44,40,43,42,47,38,40,41,41,36,36,43,35,46,48
38,44,44,41,46,39,48,46,44,47,35,40,44,48,34,35,38,40,37,48,37,37,35,49,39,38,33,36,38,40,42,40,39,38,46,43,40,43,42,47,38,39,41,40,36,36,43,35,46,48
38,44,45,41,46,38,49,45,43,46,35,39,44,49,35,35,37,40,36,47,37,37,35,48,39,38,33,35,38,40,41,39,39,37,45,43,39,44,42,46,38,39,41,40,36,36,42,35,45,48
38,44,44,40,46,38,48,44,43,46,35,39,44,48,35,35,37,40,36,46,37,37,35,48,39,38,33,35,38,40,40,39,39,37,45,43,39,44,41,46,38,39,41,39,36,36,42,35,45,48
38,44,44,40,46,38,48,44,42,46,35,39,43,49,35,35,36,40,36,46,37,38,35,48,39,37,33,35,39,40,40,39,39,37,44,43,38,43,41,45,38,38,40,39,36,36,42,35,45,48
38,43,44,40,46,38,48,44,42,45,35,39,43,48,35,35,36,40,36,45,37,37,35,48,39,37,33,35,38,40,40,39,39,37,44,43,38,43,41,45,38,38,40,39,36,36,42,35,44,48
38,42,44,40,45,38,47,43,42,45,35,39,42,48,35,35,36,40,36,45,37,38,35,47,39,37,33,35,38,39,40,38,39,37,44,42,38,43,41,43,37,37,40,39,36,36,42,35,44,48
37,41,44,40,45,38,47,43,41,45,36,39,42,48,35,36,36,40,36,45,37,38,35,47,39,38,33,35,38,39,40,38,38,37,44,41,37,43,40,43,38,37,40,38,36,36,42,36,44,49
37,41,44,40,45,38,47,43,41,45,36,39,41,48,35,36,36,40,36,45,36,38,35,46,39,37,33,35,38,39,40,38,38,37,44,41,37,43,40,43,37,37,40,38,36,36,42,36,44,48
37,41,44,40,44,38,46,42,41,45,36,39,41,47,35,36,36,40,36,44,36,38,35,46,39,37,33,35,38,39,40,38,38,37,44,40,37,43,39,42,37,37,39,38,36,35,41,36,44,47
37,41,44,39,44,38,46,42,41,45,36,38,41,47,35,35,36,39,36,44,36,38,35,45,39,37,33,35,37,39,40,38,38,37,43,40,37,42,39,42,37,37,39,37,35,35,41,36,43,46
37,41,43,39,44,38,45,42,41,44,36,38,41,47,35,35,36,39,36,43,36,38,35,44,38,37,33,34,37,38,39,38,38,37,43,39,37,42,38,41,37,37,38,37,35,35,40,36,43,45
37,40,43,39,44,38,45,42,40,44,36,38,41,46,35,35,36,38,36,42,36,38,35,43,38,37,33,35,37,38,39,38,38,36,43,39,37,42,38,41,37,37,38,37,35,35,40,36,42,45
36,40,43,39,43,37,44,42,40,44,36,38,40,46,35,35,36,38,36,42,36,38,35,42,37,37,33,35,37,37,39,37,37,36,42,39,37,41,38,40,36,37,38,37,36,35,40,36,42,44
36,39,43,38,43,37,43,41,40,44,36,37,40,45,35,35,35,38,36,41,36,38,35,42,37,36,33,35,37,37,39,37,37,36,42,38,37,41,38,40,36,37,38,37,36,35,39,36,42,44
36,39,42,38,43,37,43,41,40,43,36,37,40,45,35,35,35,38,36,41,36,38,35,41,37,36,33,35,36,37,39,37,37,36,42,38,37,41,38,40,36,37,38,37,36,35,39,36,41,44
36,39,42,38,42,37,42,41,40,43,36,37,40,44,35,35,36,38,36,41,36,38,35,40,37,36,33,35,36,37,39,37,37,36,42,38,37,41,38,39,36,37,38,37,36,35,39,36,41,43
36,39,42,38,42,37,42,41,40,43,36,37,40,44,35,35,36,37,36,41,36,38,35,40,37,37,33,35,36,37,39,37,37,36,42,38,37,40,38,39,36,37,38,37,36,35,39,36,41,43
36,39,42,38,42,37,42,41,40,43,36,37,40,44,35,36,36,37,36,40,37,38,36,40,36,37,34,35,36,37,39,37,37,37,41,38,37,40,38,39,37,37,38,37,36,36,39,36,41,43
36,39,42,38,42,37,42,40,40,42,37,37,40,44,35,36,36,37,36,40,37,38,36,40,36,37,34,35,36,37,39,37,38,37,41,38,37,40,38,39,37,37,38,37,36,36,39,36,40,43
36,38,42,38,42,37,41,40,40,42,37,37,40,43,35,36,36,37,36,40,37,38,36,40,36,37,34,35,36,37,39,37,38,37,41,38,37,40,38,39,37,37,38,38,36,36,39,36,40,42
36,39,42,38,42,37,41,40,40,42,37,37,40,43,36,36,36,37,36,40,37,38,36,39,37,37,34,35,36,37,39,38,38,37,41,38,37,40,38,39,37,37,38,38,36,36,39,37,40,42
36,39,42,38,42,37,41,40,40,42,37,37,40,43,36,36,36,37,36,40,37,39,36,39,37,37,34,34,36,37,39,38,38,37,41,38,37,40,38,39,37,37,39,38,37,36,39,37,40,42
35,39,42,38,42,37,41,40,40,42,37,36,40,43,36,36,36,37,36,40,37,39,36,38,37,37,35,34,36,37,39,38,38,37,41,38,37,41,38,39,37,37,39,38,37,37,39,37,39,42
35,39,42,38,42,37,41,40,40,42,38,36,41,43,36,36,36,38,36,40,37,39,36,38,37,38,35,34,37,37,39,38,38,38,42,38,38,41,38,39,37,37,39,38,37,37,38,37,39,42
34,39,42,39,42,37,40,40,40,42,38,36,41,43,37,36,37,38,37,40,38,39,37,38,37,38,35,34,37,37,39,38,38,38,42,38,38,41,38,39,38,38,39,38,37,37,38,37,39,42
34,39,42,39,42,38,40,40,40,42,38,35,41,43,37,36,37,38,37,40,38,39,37,38,37,38,35,34,37,37,40,38,39,38,42,38,38,41,38,40,38,38,39,39,37,37,38,38,38,42
34,39,42,39,42,38,40,41,40,42,38,35,41,43,37,36,37,38,37,40,38,39,37,37,37,38,36,34,36,38,40,38,39,38,42,39,38,41,38,40,38,38,40,39,38,38,37,38,38,42
33,39,42,39,43,38,40,41,40,42,39,34,41,43,37,36,37,38,37,40,38,38,37,37,38,39,36,33,36,38,40,39,39,39,42,39,38,41,38,40,38,38,40,39,38,37,37,38,38,42
33,39,42,39,43,38,41,41,40,42,39,34,41,43,37,35,37,38,38,40,39,38,37,37,38,39,36,33,36,38,40,39,39,39,42,39,39,41,39,40,39,38,40,39,38,37,37,38,37,42
33,39,42,39,43,38,41,41,40,42,39,34,41,43,38,35,36,39,38,40,39,38,37,37,38,39,37,33,36,38,40,39,39,39,42,39,39,41,39,40,39,38,40,39,38,37,37,39,37,42
33,39,42,40,43,39,41,41,40,42,39,34,41,43,38,35,36,39,38,41,39,38,37,37,38,39,37,33,36,38,41,39,40,39,41,39,39,42,39,40,39,38,40,40,39,37,36,39,37,42
33,39,42,40,43,39,41,41,40,42,40,34,41,43,38,35,36,39,38,41,39,38,37,36,39,40,37,33,36,39,41,40,40,40,41,40,39,42,39,41,39,38,41,40,39,37,36,39,37,42
33,40,42,40,43,39,41,41,41,43,40,34,41,43,39,35,36,39,39,41,40,38,37,36,39,40,37,33,36,39,41,40,40,40,41,40,39,42,39,41,40,37,41,40,39,37,36,39,37,42
32,39,42,40,43,39,41,41,41,43,40,34,41,43,39,35,36,39,39,40,40,38,37,36,39,40,37,33,36,39,41,40,40,40,41,40,40,42,40,41,40,37,41,40,40,37,36,40,37,42
32,39,43,40,43,40,41,42,41,43,41,34,40,44,39,35,35,39,39,41,40,37,37,36,39,40,37,33,35,39,42,40,41,40,40,40,40,42,40,41,40,37,41,40,40,37,36,40,37,42
32,39,43,41,43,40,41,42,41,43,41,34,41,44,39,35,35,39,39,41,41,37,37,36,40,41,37,32,35,39,42,41,41,41,40,40,40,43,40,42,40,37,42,41,40,37,35,40,36,42
32,39,43,41,44,40,40,42,41,43,41,34,41,44,40,35,35,39,40,40,41,37,37,36,40,41,37,32,36,38,42,41,42,41,40,41,41,44,40,42,41,37,43,41,40,37,35,41,36,42
32,39,43,41,44,41,40,42,41,44,42,34,40,44,40,35,36,39,40,40,41,37,38,36,40,41,37,33,36,38,42,41,42,41,41,41,41,44,41,42,41,37,43,41,41,38,35,41,37,43
32,39,44,41,44,41,40,43,42,46,44,34,41,44,40,34,35,39,40,41,41,38,38,35,41,42,38,33,36,38,42,41,43,42,40,41,42,43,41,43,41,37,43,41,41,38,35,41,37,43
32,38,44,42,44,41,40,43,42,46,44,35,41,44,41,34,35,39,41,41,46,37,38,36,42,41,38,32,36,38,42,42,43,42,40,41,42,43,41,43,42,37,43,42,42,37,35,41,37,43
32,38,44,42,44,41,41,43,42,45,45,35,41,44,42,34,35,38,40,40,47,38,38,36,42,41,38,32,36,38,42,43,43,42,40,42,43,43,42,43,42,37,43,44,44,38,36,42,37,43
32,39,44,43,43,42,40,45,42,45,46,35,41,44,42,35,35,38,40,40,47,38,38,36,42,42,39,32,36,39,42,44,43,42,40,42,43,43,42,44,42,37,43,44,44,38,36,42,37,43
32,39,43,43,43,42,40,47,42,45,46,35,41,44,42,35,35,38,40,39,47,38,39,36,43,42,39,32,37,39,42,43,43,42,40,44,43,43,42,44,43,38,43,44,44,38,36,42,37,44
32,38,43,43,43,43,40,47,42,45,46,35,41,45,42,35,36,39,40,39,47,38,38,36,44,41,39,33,37,39,42,43,45,42,40,45,44,43,42,44,43,38,43,44,44,38,36,45,37,48
32,38,44,44,43,43,40,48,44,45,47,35,41,47,43,35,36,39,40,39,47,38,38,36,46,41,39,33,37,39,42,43,44,42,40,47,45,43,42,44,43,38,43,44,44,38,36,45,37,48
33,38,47,45,44,43,41,48,46,45,47,35,41,46,43,35,36,39,40,39,47,38,38,36,46,41,39,33,37,39,42,43,44,42,40,46,45,43,45,44,43,38,43,43,43,38,36,45,37,48
33,38,46,45,44,47,41,48,45,45,47,36,41,46,43,35,36,39,40,39,47,38,38,36,46,40,40,33,37,39,42,43,44,42,40,46,45,43,45,44,44,38,42,43,43,37,36,45,37,48
33,39,46,45,43,48,41,48,45,45,47,35,41,46,44,35,36,39,41,39,48,38,38,36,46,40,39,33,37,39,42,43,43,42,40,48,45,42,45,44,44,39,42,43,43,37,36,45,36,48
33,38,46,44,43,48,41,48,45,46,48,35,41,46,45,35,36,39,41,38,48,38,38,36,46,40,39,33,38,39,41,43,42,42,39,47,44,42,45,44,46,39,42,43,43,37,36,45,36,47
33,39,46,44,43,48,40,48,45,46,48,35,41,46,47,35,36,39,41,38,48,38,38,36,48,40,39,33,38,38,41,43,42,41,39,47,44,42,45,44,48,39,42,42,43,37,36,45,36,47
33,39,45,44,42,48,40,48,45,46,48,35,41,46,48,35,35,38,41,38,48,38,38,36,48,40,39,34,38,38,41,43,42,41,39,47,44,41,44,43,48,39,41,42,42,37,37,44,36,47
33,39,45,44,42,48,40,49,47,46,48,35,41,46,48,35,35,38,40,37,48,38,38,36,48,40,38,34,38,39,41,43,41,40,38,46,44,41,44,43,48,39,41,42,42,37,37,44,36,47
34,39,45,44,42,47,39,48,46,45,47,35,41,45,48,35,36,38,40,37,48,38,38,36,49,40,38,34,36,39,41,42,40,40,38,46,44,40,44,43,47,38,40,42,41,37,36,43,36,46
34,39,45,45,42,47,39,49,45,44,47,35,40,45,49,35,36,38,40,37,48,38,38,36,48,40,38,34,36,39,40,42,40,40,38,46,44,40,44,43,47,38,40,41,40,37,36,43,36,46
34,39,45,45,41,46,39,48,45,43,46,35,40,44,48,35,36,37,40,37,47,38,38,36,48,40,38,34,36,39,40,41,39,40,38,45,43,39,44,42,46,38,39,41,40,37,36,43,36,45
34,39,44,44,40,46,39,48,45,43,46,35,40,43,49,35,36,37,40,37,46,37,38,36,48,40,38,33,36,39,40,41,39,39,38,45,43,39,44,42,45,38,39,41,40,37,36,43,36,45
34,39,43,44,40,46,39,48,44,42,46,36,40,43,48,36,36,37,40,37,46,37,38,36,48,40,38,33,35,39,40,41,39,39,38,44,43,38,44,41,45,38,38,41,39,37,36,42,36,45
34,38,43,44,40,46,39,48,44,42,45,36,40,42,48,35,36,37,40,36,45,37,38,36,48,40,38,33,35,39,40,41,39,39,37,44,42,38,43,41,44,38,38,40,39,37,36,42,36,45
34,38,42,44,40,45,39,47,43,42,45,36,39,42,48,35,36,37,40,36,45,37,38,36,47,40,38,33,35,39,40,40,39,39,37,44,42,38,43,41,43,38,38,40,39,37,36,42,36,44
34,38,41,44,40,45,38,47,43,41,45,36,39,41,48,36,36,36,40,36,45,37,38,36,47,40,38,33,35,38,39,40,39,39,37,44,41,37,43,40,43,38,38,40,38,37,36,42,36,44
35,37,41,44,40,44,38,46,42,41,45,36,39,41,48,35,36,36,40,36,45,37,38,36,46,39,37,33,35,38,39,40,38,38,37,44,40,37,43,40,42,38,37,39,38,36,36,42,36,44
35,37,41,44,40,44,38,46,42,41,45,36,38,41,47,35,36,36,40,36,44,37,38,36,45,39,37,33,35,38,39,40,38,38,37,44,40,37,43,39,42,37,37,39,38,36,35,41,36,43
35,37,41,44,40,44,38,45,42,41,44,36,38,41,47,35,35,36,39,36,43,36,38,35,44,39,37,33,35,37,38,40,38,38,37,43,40,37,42,38,41,37,37,39,38,36,35,41,36,43
35,37,41,43,39,44,38,45,42,41,44,36,38,41,46,35,35,36,39,36,42,36,38,35,43,38,37,33,35,37,38,39,38,38,36,43,39,37,42,38,41,37,37,38,37,36,35,40,36,42
35,37,40,43,39,44,37,44,42,40,44,36,38,40,46,35,35,36,38,36,42,36,38,35,43,38,37,33,35,37,37,39,38,38,36,42,39,37,41,38,40,36,37,38,37,36,35,40,36,42
34,37,39,43,39,43,37,43,41,40,44,36,37,40,45,35,35,36,38,36,42,36,38,35,42,37,36,33,35,37,37,39,37,37,36,42,38,37,41,38,40,36,37,38,37,36,35,39,36,42
34,36,39,42,38,43,37,43,41,40,43,36,37,40,45,35,35,36,38,36,41,36,38,35,41,37,36,33,35,36,37,39,37,37,36,42,38,37,41,38,40,36,37,38,37,36,35,39,36,41
34,36,39,42,38,42,37,42,41,40,43,36,37,40,44,35,35,36,38,36,41,36,38,35,41,37,36,33,35,36,37,39,37,37,36,42,38,37,41,38,39,36,37,38,37,36,35,39,36,41
34,36,39,42,38,42,37,42,41,40,43,36,37,40,44,35,36,36,37,36,41,36,38,36,40,37,37,33,35,36,37,39,37,37,37,42,38,37,40,38,39,36,37,38,37,36,35,39,36,41
35,36,39,42,38,42,37,42,41,40,43,36,37,40,44,35,36,36,37,36,40,37,38,36,40,36,37,34,35,36,37,39,37,37,37,41,38,37,40,38,39,37,37,38,37,36,36,39,36,41
35,36,39,42,38,42,37,42,40,40,42,37,37,40,44,35,36,36,37,36,40,37,38,36,40,36,37,34,35,36,37,39,37,38,37,41,38,37,40,38,39,37,37,38,37,36,36,39,36,40
35,36,39,42,38,42,37,41,40,40,42,37,37,40,43,35,36,36,37,36,40,37,38,36,40,36,37,34,35,36,37,39,37,38,37,41,38,37,40,38,39,37,37,38,38,36,36,39,36,40
35,36,39,42,38,42,37,41,40,40,42,37,37,40,43,36,36,36,37,36,40,37,38,36,39,37,37,34,35,36,37,39,38,38,37,41,38,37,40,38,39,37,37,38,38,36,36,39,37,40
35,36,39,42,38,42,37,41,40,40,42,37,37,40,43,36,36,36,37,36,40,37,39,36,39,37,37,34,34,36,37,39,38,38,37,41,38,37,40,38,39,37,37,39,38,37,36,39,37,40
35,35,39,42,38,42,37,41,40,40,42,37,36,40,43,36,36,36,37,36,40,37,39,36,38,37,37,35,34,36,37,39,38,38,37,41,38,37,41,38,39,37,37,39,38,37,37,39,37,39
35,35,39,42,38,42,37,41,40,40,42,38,36,41,43,36,36,36,38,36,40,37,39,36,38,37,38,35,34,37,37,39,38,38,38,42,38,38,41,38,39,37,37,39,38,37,37,38,37,39
36,34,39,42,39,42,37,40,40,40,42,38,36,41,43,36,36,37,38,37,40,38,39,37,38,37,38,35,34,37,37,39,38,38,38,42,38,38,41,38,39,38,38,39,38,37,37,38,37,39
36,34,39,42,39,42,37,40,40,40,42,38,35,41,43,37,36,37,38,37,40,38,39,37,38,37,38,35,34,36,37,40,38,39,38,42,38,38,41,38,40,38,38,39,39,37,37,38,38,38
36,34,39,42,39,42,38,40,41,40,42,38,35,41,43,37,36,37,38,37,40,38,39,37,37,37,38,36,34,36,37,40,38,39,38,42,39,38,41,38,40,38,38,39,39,38,38,37,38,38
36,33,39,42,39,42,38,40,41,40,42,39,34,41,43,37,36,37,38,37,40,38,38,37,37,38,39,36,33,36,38,40,39,39,39,42,39,38,41,38,40,38,38,40,39,38,37,37,38,38
37,33,39,42,39,43,38,41,41,40,42,39,34,41,43,37,35,37,38,38,40,39,38,37,37,38,39,36,33,36,38,40,39,39,39,42,39,38,41,39,40,38,38,40,39,38,37,37,38,37
37,33,39,42,39,43,38,41,41,40,42,39,34,41,43,38,35,36,39,38,40,39,38,37,37,38,39,37,33,36,38,40,39,39,39,42,39,39,41,39,40,39,38,40,39,38,37,36,39,37
37,33,39,42,40,43,39,41,41,40,42,39,34,41,43,38,35,36,39,38,41,39,38,37,36,38,39,37,33,36,38,40,39,40,39,41,39,39,42,39,40,39,38,40,40,39,37,36,39,37
37,33,39,42,40,43,39,41,41,40,42,40,34,41,43,38,35,36,39,38,41,39,38,37,36,39,40,37,33,36,38,41,40,40,40,41,40,39,42,39,41,39,37,41,40,39,37,36,39,37
38,32,39,42,40,43,39,41,41,41,43,40,34,40,43,39,35,36,39,39,40,40,38,37,36,39,40,37,33,36,39,41,40,40,40,41,40,39,42,39,41,39,37,41,40,39,37,36,39,36
38,32,39,42,40,43,39,41,41,41,43,40,34,40,43,39,34,35,39,39,40,40,37,37,36,39,40,36,33,36,39,41,40,40,40,40,40,40,42,40,41,40,37,41,40,40,36,36,40,36
38,32,39,43,40,43,40,41,42,41,43,41,34,40,44,39,34,35,39,39,40,40,37,37,36,39,40,36,33,35,39,41,40,41,40,40,40,40,42,40,41,40,37,41,40,40,37,35,40,36
39,32,39,43,41,43,40,40,42,41,43,41,34,40,44,39,35,35,39,39,41,40,37,37,36,40,41,37,32,35,38,42,41,41,41,40,40,40,43,40,42,40,37,42,41,40,37,35,40,36
39,32,39,43,41,44,40,40,42,41,43,41,34,41,44,40,35,35,39,40,40,41,37,37,36,40,41,37,32,35,38,42,41,42,41,40,41,41,44,40,42,41,37,43,41,40,37,35,41,36
39,32,39,43,41,44,41,40,42,41,44,42,34,40,44,40,34,35,39,40,40,41,37,38,36,40,41,37,32,36,38,42,41,42,41,40,41,41,44,41,42,41,37,43,41,41,38,35,41,36
40,32,39,44,41,44,41,40,43,42,46,44,34,40,44,40,34,35,38,40,40,41,37,38,35,41,42,37,32,36,38,42,41,43,42,40,41,42,43,41,43,41,37,43,41,41,38,35,41,36
40,31,38,44,42,44,41,40,43,42,45,44,34,41,44,41,34,35,39,40,40,46,37,38,35,42,41,38,32,36,38,42,42,43,42,40,41,42,43,41,43,42,37,43,42,42,37,35,41,37
40,32,38,44,42,44,41,40,43,42,45,45,35,41,44,42,34,35,38,40,39,47,37,38,36,42,41,38,32,36,38,42,43,43,42,40,42,43,42,42,43,42,37,43,44,43,37,35,42,37
41,32,38,44,43,43,42,40,45,42,45,46,35,40,44,42,34,35,38,39,39,47,38,38,36,42,41,38,32,36,38,42,43,43,42,40,42,43,42,42,44,42,37,43,44,44,38,36,42,37
41,32,38,43,43,43,42,40,47,42,45,46,35,41,44,42,34,35,38,40,39,47,38,38,35,43,41,39,32,36,39,42,43,43,42,40,44,43,42,42,44,43,37,43,44,43,38,36,42,37
41,32,38,43,43,43,43,40,47,42,45,46,35,41,45,42,35,36,38,40,39,47,38,38,36,44,41,39,32,37,39,42,43,44,42,40,45,44,42,42,44,43,38,43,44,43,38,36,45,36
41,32,38,44,44,43,43,40,48,44,45,47,35,41,46,43,35,36,38,40,39,47,38,38,35,46,41,39,32,37,39,42,43,44,42,40,47,44,42,42,43,43,38,43,43,43,38,36,44,36
43,32,38,46,45,43,43,40,48,46,45,47,35,41,46,43,35,36,38,40,39,47,38,38,36,46,40,39,33,37,39,42,43,44,42,40,46,44,42,45,43,43,38,42,43,43,37,36,44,36
44,33,38,45,45,43,47,40,48,45,45,47,35,41,46,43,35,36,38,40,39,47,38,38,36,46,40,39,33,37,39,42,43,43,42,40,46,44,42,45,44,44,38,42,43,43,37,36,44,36
44,33,38,45,44,43,48,40,48,45,45,47,35,41,46,44,35,36,38,40,39,48,38,38,36,46,40,39,33,37,39,42,43,43,42,39,48,44,42,45,44,44,38,42,43,43,37,36,44,36
44,33,38,45,44,42,48,40,48,45,46,47,35,41,46,45,35,36,38,40,38,48,38,38,36,46,40,39,33,37,38,41,43,42,42,39,47,44,42,44,44,46,38,42,42,42,37,36,44,36
44,33,38,45,44,42,48,40,48,45,46,47,35,40,46,47,35,36,38,40,38,48,38,38,36,48,40,39,33,37,38,41,43,42,41,39,47,44,42,44,43,48,38,41,42,42,37,36,44,35
44,33,38,45,44,42,48,40,48,45,46,47,35,40,46,48,35,35,38,40,37,48,38,38,36,48,40,38,33,37,38,40,43,41,40,38,46,44,41,44,43,48,38,41,41,41,37,36,43,35
44,33,38,45,44,42,47,39,49,47,46,47,35,40,45,48,35,35,38,40,37,48,38,38,35,48,39,38,33,37,38,40,42,40,40,38,46,44,40,44,42,48,38,40,41,41,37,36,43,35
44,33,38,45,44,42,47,39,48,46,45,47,35,40,44,48,35,35,38,40,37,48,37,37,35,49,39,38,33,36,38,40,42,40,40,38,46,44,40,44,42,47,38,40,41,40,36,36,43,35
43,33,38,45,45,41,47,39,49,45,43,46,35,40,44,49,35,35,38,40,37,47,37,37,35,48,39,38,33,36,38,40,41,39,39,38,45,43,40,44,42,46,38,39,41,40,36,36,43,35
42,33,38,44,44,40,46,39,48,45,43,46,35,40,44,48,35,35,37,40,37,46,37,37,35,48,39,38,33,35,39,40,41,39,39,37,45,43,39,44,42,46,38,39,41,40,36,36,42,35
42,34,38,44,44,40,46,39,48,44,42,46,35,40,43,49,35,35,37,40,36,46,37,38,35,48,39,38,33,35,39,40,41,39,39,37,45,43,39,43,41,45,38,38,41,39,36,36,42,35
42,34,38,43,44,40,46,39,48,44,42,46,35,40,43,48,35,35,37,40,36,46,37,38,35,48,39,38,33,35,39,40,40,39,39,37,44,43,38,43,41,45,38,38,40,39,36,36,42,35
41,34,38,42,44,40,45,38,47,43,42,45,36,39,42,48,35,36,37,40,36,45,37,38,36,47,39,38,33,35,38,40,40,38,39,37,44,42,38,43,41,44,38,38,40,39,36,36,42,36
41,34,37,41,44,40,45,38,47,43,41,45,36,39,42,48,35,36,36,40,36,45,37,38,36,47,39,38,33,35,38,39,40,38,38,37,44,41,37,43,40,43,38,37,40,38,36,36,42,36
40,34,37,41,44,40,45,38,47,43,41,45,36,39,41,48,35,36,36,40,36,45,36,38,35,46,39,37,33,35,38,39,40,38,38,37,44,41,37,43,40,43,38,37,40,38,36,36,42,36
40,34,37,41,44,40,44,38,46,42,41,45,36,39,41,47,35,36,36,40,36,44,36,38,35,46,39,37,33,35,38,39,40,38,38,37,44,40,37,43,39,42,37,37,39,38,36,35,41,36
40,34,37,41,44,39,44,38,46,42,41,45,36,38,41,47,35,35,36,39,36,44,36,38,35,45,39,37,33,35,37,39,40,38,38,37,43,40,37,42,39,42,37,37,39,38,36,35,41,36
40,34,37,41,43,39,44,38,45,42,41,44,36,38,41,47,35,35,36,39,36,43,36,38,35,44,38,37,33,34,37,38,39,38,38,37,43,39,37,42,38,41,37,37,39,37,35,35,40,36
40,34,37,40,43,39,44,38,45,42,40,44,36,38,41,46,35,35,36,38,36,42,36,37,35,43,38,37,33,34,37,38,39,38,38,36,43,39,37,42,38,41,37,37,38,37,36,35,40,36
39,35,37,40,43,39,43,37,44,42,40,44,36,38,40,46,35,35,36,38,36,42,36,38,35,42,38,37,33,35,37,37,39,37,38,36,42,39,37,41,38,40,36,37,38,37,36,35,40,36
39,34,36,39,43,38,43,37,43,41,40,44,36,37,40,45,35,35,35,38,36,41,36,38,35,42,37,36,33,35,37,37,39,37,37,36,42,38,37,41,38,40,36,37,38,37,36,35,39,36
39,34,36,39,42,38,43,37,43,41,40,43,36,37,40,45,35,35,35,38,36,41,36,38,35,41,37,36,33,35,36,37,39,37,37,36,42,38,37,41,38,40,36,37,38,37,36,35,39,36
39,34,36,39,42,38,42,37,42,41,40,43,36,37,40,44,35,35,36,38,36,41,36,38,35,40,37,36,33,35,36,37,39,37,37,36,42,38,37,41,37,39,36,37,38,37,36,35,39,36
38,34,36,39,42,38,42,37,42,41,40,43,36,37,40,44,35,35,36,37,36,41,36,38,35,40,37,36,33,35,36,37,39,37,37,36,42,38,37,40,37,39,36,37,38,37,36,35,39,36
38,34,36,39,42,38,42,37,42,41,40,43,36,37,40,44,35,36,36,37,36,40,36,38,36,40,36,37,34,35,36,37,39,37,37,37,41,38,37,40,37,39,37,37,38,37,36,36,39,36
38,35,36,38,42,38,42,37,42,40,40,42,37,37,40,44,35,36,36,37,36,40,37,38,36,40,36,37,34,35,36,37,39,37,37,37,41,38,37,40,37,39,37,37,38,37,36,36,39,36
38,35,36,38,42,38,42,37,41,40,40,42,37,37,40,43,35,36,36,37,36,40,37,38,36,40,36,37,34,35,36,37,39,37,38,37,41,38,37,40,37,39,37,37,38,38,36,36,39,36
38,35,36,38,42,38,42,37,41,40,40,42,37,37,40,43,36,36,36,37,36,40,37,38,36,39,36,37,34,34,36,37,39,38,38,37,41,38,37,40,38,39,37,37,38,38,36,36,39,37
38,35,36,38,42,38,42,37,41,40,40,42,37,37,40,43,36,36,36,37,36,40,37,39,36,38,37,37,34,34,36,37,39,38,38,37,41,38,37,40,38,39,37,37,39,38,37,36,39,37
38,35,35,39,42,38,42,37,41,40,40,42,37,36,40,43,36,36,36,37,36,40,37,39,36,38,37,37,35,34,36,37,39,38,38,37,41,38,37,40,38,39,37,37,39,38,37,37,39,37
38,35,35,39,42,38,42,37,41,40,40,42,38,36,41,43,36,36,36,37,36,40,37,39,36,38,37,38,35,34,36,37,39,38,38,38,42,38,38,41,38,39,37,37,39,38,37,37,38,37
38,36,34,39,42,39,42,37,40,40,40,42,38,36,41,43,36,36,37,38,37,40,37,39,37,38,37,38,35,34,37,37,39,38,38,38,42,38,38,41,38,39,38,37,39,38,37,37,38,37
39,36,34,39,42,39,42,37,40,40,40,42,38,35,41,43,37,36,37,38,37,40,38,39,37,37,37,38,35,34,36,37,39,38,39,38,42,38,38,41,38,40,38,38,39,39,37,37,37,38
39,36,34,39,42,39,42,38,40,41,40,42,38,34,41,43,37,36,37,38,37,40,38,38,37,37,37,38,36,33,36,37,40,38,39,38,42,39,38,41,38,40,38,38,39,39,38,37,37,38
39,36,33,39,42,39,43,38,40,41,40,42,39,34,41,43,37,36,37,38,37,40,38,38,37,37,38,39,36,33,36,38,40,39,39,39,42,39,38,41,38,40,38,38,40,39,38,37,37,38
39,37,33,39,42,39,43,38,41,41,40,42,39,34,41,43,37,35,36,38,38,40,39,38,37,37,38,39,36,33,35,38,40,39,39,39,42,39,38,41,39,40,38,38,40,39,38,37,36,38
39,37,33,39,42,39,43,38,41,41,40,42,39,34,41,43,38,35,36,39,38,40,39,38,37,36,38,39,37,33,36,38,40,39,39,39,42,39,39,41,39,40,39,38,40,39,38,37,36,39
39,37,33,39,42,40,43,39,41,41,40,42,39,34,41,43,38,35,36,39,38,41,39,38,37,36,38,39,37,33,36,38,40,39,40,39,41,39,39,42,39,40,39,37,40,40,39,37,36,39
39,37,32,39,42,40,43,39,41,41,40,42,40,34,41,43,38,35,36,39,38,40,39,38,37,36,39,40,37,33,36,38,41,39,40,40,41,39,39,42,39,41,39,37,41,40,39,37,36,39
40,38,32,39,42,40,43,39,41,41,41,43,40,34,40,43,38,34,35,39,39,40,40,37,37,36,39,40,37,33,36,38,41,40,40,40,41,40,39,42,39,41,39,37,41,40,39,36,36,39
40,38,32,39,42,40,43,39,41,41,41,43,40,33,40,43,39,34,35,39,39,40,40,37,37,36,39,40,36,33,36,38,41,40,40,40,40,40,40,42,40,41,40,37,41,40,40,36,35,40
40,38,32,39,43,40,43,40,40,42,41,43,41,33,40,44,39,34,35,39,39,40,40,37,37,36,39,40,36,32,35,38,41,40,41,40,40,40,40,43,40,41,40,37,41,40,40,36,35,40
40,39,32,39,43,41,43,40,40,42,41,43,41,34,40,44,39,35,35,39,39,40,40,37,37,36,40,41,37,32,35,38,42,41,41,41,40,40,40,43,40,42,40,37,42,41,40,37,35,40
41,39,32,39,43,41,44,40,40,42,41,43,41,34,41,44,40,34,35,39,39,40,41,37,37,36,40,41,37,32,35,38,42,41,42,41,40,41,41,44,40,42,41,37,42,41,40,37,35,40
41,39,31,39,43,41,44,41,40,42,41,44,42,34,40,44,40,34,35,39,40,40,41,37,37,35,40,41,37,32,35,38,42,41,42,41,40,41,41,43,41,42,41,36,43,41,41,37,35,41
41,40,31,38,44,41,44,41,40,43,42,46,44,34,40,44,40,34,35,38,40,40,41,37,38,35,41,41,37,32,36,38,41,41,43,42,40,41,42,42,41,43,41,37,43,41,41,38,35,41
41,40,31,38,44,42,44,41,40,43,42,45,44,34,40,44,41,34,35,38,40,40,46,37,38,35,42,41,38,32,35,38,41,42,43,42,40,41,42,42,41,43,42,37,43,42,42,37,35,41
41,40,32,38,44,42,44,41,40,43,42,45,45,34,41,44,41,34,35,38,40,39,47,37,38,35,42,41,38,32,36,38,42,43,43,42,40,42,43,42,42,43,42,37,43,44,43,37,35,42
41,41,32,38,44,43,43,42,40,45,42,45,46,35,40,44,42,34,35,38,39,39,47,37,38,36,42,41,38,32,36,38,42,43,43,42,40,42,43,42,42,44,42,37,43,44,43,37,35,42
41,41,32,38,43,43,43,42,40,47,42,45,46,35,40,44,42,34,35,38,40,39,47,38,38,35,43,41,38,32,36,38,42,43,43,42,40,44,43,42,42,44,43,37,43,44,43,37,36,42
42,41,32,38,43,43,43,43,40,47,42,45,46,35,40,45,42,34,35,38,40,39,47,38,38,35,44,41,39,32,36,39,42,43,44,42,40,45,44,42,42,44,43,37,43,43,43,37,36,44
42,41,32,37,44,44,43,43,40,48,44,45,47,35,41,46,43,35,36,38,40,39,47,38,38,35,46,40,39,32,37,39,42,43,44,42,40,46,44,42,42,43,43,38,43,43,43,37,36,44
42,43,32,38,46,45,43,43,40,48,45,45,47,35,41,46,43,35,36,38,40,39,47,38,38,35,46,40,39,32,37,39,42,43,43,42,40,46,44,42,45,43,43,38,42,43,43,37,36,44
42,44,33,38,45,45,43,47,40,48,45,45,47,35,41,46,43,35,36,38,40,39,47,38,38,36,46,40,39,33,37,39,42,43,43,42,39,46,44,42,45,43,43,38,42,43,43,37,36,44
42,44,33,38,45,44,43,47,40,48,45,44,47,35,41,46,44,35,36,38,40,38,48,38,38,36,46,40,39,33,37,38,42,43,43,42,39,47,44,42,45,44,44,38,42,43,43,37,36,44
41,44,33,38,45,44,42,48,40,48,45,46,47,35,40,46,45,35,36,38,40,38,48,38,38,36,46,40,39,33,37,38,41,43,42,42,39,47,44,42,44,43,46,38,42,42,42,37,36,44
41,44,33,38,45,44,42,48,40,48,45,46,47,35,40,46,47,35,36,38,40,38,48,38,38,36,48,40,39,33,37,38,41,43,42,41,39,47,44,42,44,43,48,38,41,42,42,37,36,44
40,44,33,38,45,44,42,48,40,48,45,46,47,35,40,46,48,35,35,38,40,37,48,38,37,36,48,40,38,33,37,38,40,43,41,40,38,46,44,41,44,43,48,38,41,41,41,37,36,43
40,44,33,38,45,44,42,47,39,49,47,46,47,35,40,45,48,35,35,38,40,37,48,38,38,36,48,39,38,33,37,38,40,42,40,40,38,46,44,41,44,42,48,38,40,41,41,37,36,43
40,44,33,39,45,44,42,47,39,48,46,45,47,35,40,44,48,35,35,38,40,37,48,38,37,35,49,39,38,33,36,38,40,42,40,40,38,46,44,40,44,42,47,38,40,41,41,36,36,43
39,43,33,38,45,45,41,47,39,49,45,43,46,35,40,44,49,35,35,38,40,37,47,37,37,35,48,39,38,33,36,39,40,41,40,40,38,45,43,40,44,42,46,38,39,41,40,36,36,43
39,42,33,38,44,45,40,46,39,48,45,43,46,35,40,44,48,35,35,37,40,37,47,37,38,36,48,40,38,33,35,39,40,41,39,39,38,45,43,39,44,42,46,38,39,41,40,36,36,42
39,42,34,39,44,44,40,46,39,48,44,42,46,35,40,43,49,35,35,37,40,37,46,37,38,36,48,40,38,33,35,39,40,41,39,39,37,45,43,39,43,41,45,38,39,41,39,37,36,42
39,42,34,38,43,44,40,46,39,48,44,42,46,35,40,43,48,35,35,37,40,36,46,37,38,35,48,40,38,33,35,39,40,41,39,39,37,44,43,38,43,41,45,38,38,41,39,37,36,42
39,41,34,38,42,44,40,45,38,48,43,42,45,36,39,42,48,35,36,37,40,36,45,37,38,36,48,40,38,33,35,39,40,40,39,39,37,44,42,38,43,41,44,38,38,40,39,37,36,42
39,41,34,38,41,44,40,45,38,47,43,41,45,36,39,42,48,35,36,36,40,36,45,37,38,36,47,39,38,33,35,38,39,40,38,39,37,44,41,37,43,40,43,38,37,40,38,36,36,42
39,41,34,37,41,44,40,45,38,47,43,41,45,36,39,41,48,35,36,36,40,36,45,36,38,35,46,39,38,33,35,38,39,40,38,38,37,44,41,37,43,40,43,38,37,40,38,36,36,42
39,40,34,37,41,44,40,44,38,46,42,41,45,36,39,41,47,35,36,36,40,36,44,36,38,35,46,39,37,33,35,38,39,40,38,38,37,44,40,37,43,39,42,37,37,39,38,36,35,41
39,40,34,37,41,44,40,44,38,46,42,41,45,36,38,41,47,35,35,36,39,36,44,36,38,35,45,39,37,33,35,37,39,40,38,38,37,43,40,37,42,39,42,37,37,39,38,36,35,41
38,40,34,37,41,43,39,44,38,45,42,41,44,36,38,41,47,35,35,36,39,36,43,36,38,35,44,39,37,33,34,37,38,39,38,38,37,43,39,37,42,38,41,37,37,39,37,36,35,41
38,40,34,37,40,43,39,44,38,45,42,40,44,36,38,41,46,35,35,36,38,36,42,36,38,35,43,38,37,33,34,37,38,39,38,38,36,43,39,37,42,38,41,37,37,38,37,36,35,40
38,39,34,37,40,43,39,43,37,44,42,40,44,36,38,40,46,35,35,36,38,36,42,36,38,35,42,38,37,33,34,37,37,39,37,38,36,42,39,37,41,38,40,36,37,38,37,36,35,40
38,39,34,36,39,43,38,43,37,43,41,40,44,36,37,40,45,35,35,35,38,36,41,36,37,35,42,37,36,33,35,37,37,39,37,37,36,42,38,37,41,38,40,36,37,38,37,36,35,39
38,39,34,36,39,42,38,43,37,43,41,40,43,36,37,40,45,35,35,35,38,35,41,36,38,35,41,37,36,33,35,36,37,39,37,37,36,42,38,37,41,38,40,36,36,38,37,36,35,39
38,39,34,36,39,42,38,42,37,42,41,40,43,36,37,40,44,35,35,36,38,36,41,36,38,35,40,37,36,33,35,36,37,39,37,37,36,42,38,37,41,37,39,36,37,38,37,36,35,39
37,38,34,36,39,42,38,42,37,42,41,40,43,36,37,40,44,35,35,36,37,36,41,36,38,35,40,36,36,33,35,36,37,39,37,37,36,42,38,37,40,37,39,36,37,38,37,36,35,39
37,38,34,36,39,42,38,42,37,42,40,40,43,36,37,40,44,35,36,36,37,36,40,36,38,36,40,36,37,34,35,36,37,39,37,37,37,41,38,37,40,37,39,36,37,38,37,36,36,39
37,38,34,36,38,42,38,42,37,41,40,40,42,37,37,40,44,35,36,36,37,36,40,37,38,36,40,36,37,34,35,36,37,39,37,37,37,41,38,37,40,37,39,37,37,38,37,36,36,39
37,38,35,36,38,42,38,42,37,41,40,40,42,37,37,40,43,35,36,36,37,36,40,37,38,36,40,36,37,34,35,36,37,39,37,38,37,41,38,37,40,37,39,37,37,38,38,36,36,39
37,38,35,36,38,42,38,42,37,41,40,40,42,37,37,40,43,36,36,36,37,36,40,37,38,36,39,36,37,34,34,36,37,39,38,38,37,41,38,37,40,37,39,37,37,38,38,36,36,39
37,38,35,36,38,42,38,42,37,41,40,40,42,37,37,40,43,36,36,36,37,36,40,37,39,36,38,37,37,34,34,36,37,39,38,38,37,41,38,37,40,38,39,37,37,39,38,37,36,39
37,38,35,35,38,42,38,42,37,41,40,40,42,37,36,40,43,36,36,36,37,36,40,37,39,36,38,37,37,35,34,36,37,39,38,38,37,41,38,37,40,38,39,37,37,39,38,37,37,39
38,38,35,34,39,42,38,42,37,41,40,40,42,38,36,41,43,36,36,36,37,36,40,37,39,36,38,37,37,35,34,36,37,39,38,38,38,42,38,37,41,38,39,37,37,39,38,37,37,38
38,38,36,34,39,42,39,42,37,40,40,40,42,38,35,41,43,36,35,37,38,37,40,37,39,37,38,37,38,35,34,36,37,39,38,38,38,42,38,38,41,38,39,38,37,39,38,37,37,38
38,39,36,34,39,42,39,42,37,40,40,40,42,38,35,41,43,37,36,37,38,37,40,38,39,37,37,37,38,35,33,36,37,39,38,39,38,42,38,38,41,38,40,38,38,39,39,37,37,37
38,39,36,34,39,42,39,42,38,40,41,40,42,38,34,41,43,37,36,37,38,37,40,38,38,37,37,37,38,36,33,36,37,40,38,39,38,42,39,38,41,38,40,38,38,39,39,38,37,37
38,39,36,33,39,42,39,42,38,40,41,40,42,39,34,41,43,37,35,37,38,37,40,38,38,37,37,38,38,36,33,36,38,40,39,39,39,41,39,38,41,38,40,38,38,40,39,38,37,37
38,39,37,33,39,42,39,43,38,41,41,40,42,39,34,41,43,37,35,36,38,37,40,38,38,37,37,38,39,36,33,35,38,40,39,39,39,42,39,38,41,39,40,38,38,40,39,38,37,36
38,39,37,33,39,42,39,43,38,41,41,40,42,39,34,41,43,38,35,35,39,38,40,39,38,37,36,38,39,37,33,35,38,40,39,39,39,41,39,39,41,39,40,39,37,40,39,38,37,36
39,39,37,33,39,42,40,43,39,41,41,40,42,39,34,41,43,38,35,36,39,38,41,39,38,37,36,38,39,37,33,36,38,40,39,40,39,41,39,39,42,39,40,39,37,40,40,39,37,36
39,39,37,32,39,42,40,43,39,41,41,40,42,40,34,41,43,38,35,35,39,38,40,39,38,37,36,39,40,37,33,36,38,41,39,40,40,41,39,39,42,39,41,39,37,41,40,39,37,36
39,40,38,32,39,42,40,43,39,41,41,41,43,40,34,40,43,38,34,35,39,39,40,40,37,37,36,39,40,37,33,36,38,41,40,40,40,41,40,39,42,39,41,39,37,41,40,39,36,36
39,40,38,32,39,42,40,43,39,41,41,41,43,40,33,40,43,39,34,35,39,39,40,40,37,36,36,39,40,36,32,36,38,41,40,40,40,40,40,40,42,40,41,40,37,41,40,40,36,35
39,40,38,32,39,43,40,43,40,40,42,41,43,41,33,40,44,39,34,35,39,39,40,40,37,37,36,39,40,36,32,35,38,41,40,41,40,40,40,40,43,40,41,40,37,41,40,40,36,35
40,40,39,32,39,43,41,43,40,40,42,41,43,41,34,40,44,39,35,35,39,39,40,40,37,37,36,40,41,37,32,35,38,42,41,41,41,40,40,40,43,40,42,40,37,42,41,40,37,35
40,41,39,31,39,43,41,43,40,40,42,41,43,41,34,40,44,40,34,35,39,39,40,41,37,37,36,40,41,37,32,35,38,42,41,42,41,40,41,41,44,40,42,41,37,42,41,40,37,35
40,41,39,31,39,43,41,44,41,40,42,41,44,42,34,40,44,40,34,35,39,40,40,41,37,37,35,40,41,37,32,35,38,42,41,42,41,40,41,41,43,41,42,41,36,43,41,41,37,35
40,41,40,31,38,44,41,44,41,40,43,42,46,44,34,40,44,40,34,35,38,40,40,41,37,38,35,41,41,37,32,36,38,41,41,43,42,40,41,42,42,41,43,41,37,43,41,41,38,35
41,41,40,31,38,44,42,44,41,40,43,42,45,44,34,40,44,41,34,35,39,40,40,46,37,38,35,42,41,38,32,35,38,41,42,43,42,40,41,42,42,41,43,42,37,43,42,42,37,35
40,41,40,31,38,44,42,44,41,40,43,42,45,45,34,41,44,41,34,35,38,40,39,47,37,38,35,42,41,38,32,36,38,42,43,43,42,40,42,43,42,42,43,42,37,43,44,43,37,35
40,41,41,32,38,43,43,43,42,40,45,42,45,46,35,40,44,42,34,35,38,39,39,47,37,38,36,42,41,38,32,36,38,42,43,43,42,40,42,43,42,42,44,42,37,43,44,43,37,35
40,42,41,31,38,43,43,43,42,40,47,42,45,46,35,40,44,42,34,35,38,40,39,47,38,38,35,43,41,39,32,36,38,42,43,43,42,40,44,43,42,42,44,43,37,43,44,43,38,36
40,42,41,32,38,43,43,43,43,40,47,42,45,46,35,41,44,42,34,35,38,40,39,47,38,38,35,44,41,39,32,37,39,42,43,44,42,40,45,44,42,42,44,43,37,43,44,43,37,36
40,42,41,32,37,44,44,43,43,40,48,44,45,47,35,41,46,43,35,36,38,40,39,47,38,38,35,46,41,39,32,37,39,42,43,44,42,40,46,44,42,42,43,43,38,43,43,43,37,36
40,42,43,32,38,46,45,43,43,40,48,45,45,47,35,41,46,43,35,36,38,40,39,47,38,38,36,46,40,39,32,37,39,42,43,44,42,40,46,44,42,45,43,43,38,42,43,43,37,36
40,42,44,33,38,45,45,43,47,40,48,45,45,47,35,41,46,43,35,36,38,40,39,47,38,38,36,46,40,39,33,37,39,42,43,43,42,40,46,44,42,45,44,43,38,42,43,43,37,36
40,42,44,33,38,45,44,43,47,40,48,45,44,47,35,41,46,44,35,36,38,40,39,48,38,38,36,46,40,39,33,37,39,42,43,43,42,39,48,44,42,45,44,44,38,42,43,43,37,36
40,41,44,33,38,45,44,43,48,40,48,45,46,48,35,41,46,45,35,36,38,40,38,48,38,38,36,46,40,39,33,37,38,41,43,42,42,39,47,44,42,45,44,46,38,42,42,43,37,36
40,41,44,33,38,45,44,43,48,40,48,45,46,48,35,40,46,47,35,36,38,40,38,48,38,38,36,48,40,39,33,37,38,41,43,42,41,39,47,44,42,44,43,48,38,41,42,42,37,36
40,41,44,33,38,45,44,42,48,40,48,44,46,48,35,40,46,48,35,35,38,40,38,48,38,38,36,48,40,38,33,38,38,41,43,41,41,38,47,44,41,44,43,48,38,41,42,42,37,36
40,40,44,33,39,45,44,42,47,39,49,47,46,47,35,40,46,48,35,35,38,40,37,48,38,38,36,48,40,38,33,37,38,41,43,41,40,38,46,44,41,44,43,48,38,40,41,42,37,36
40,40,44,33,39,45,44,42,47,39,48,46,45,47,35,40,45,48,35,35,38,40,37,48,38,38,36,49,40,38,33,36,39,41,42,40,40,38,46,44,40,44,42,47,38,40,41,41,37,36
40,40,43,33,39,45,45,42,47,39,49,45,44,47,35,40,45,49,35,35,38,40,37,47,38,38,36,48,40,38,33,36,39,40,41,40,40,38,46,44,40,44,42,46,38,40,41,40,37,36
40,39,43,33,39,44,45,41,46,39,48,45,43,46,35,40,44,48,35,35,37,40,37,47,38,38,36,48,40,38,34,36,39,40,41,39,40,38,45,43,39,44,42,46,38,39,41,40,37,36
40,39,42,34,39,44,44,40,46,39,48,45,43,46,35,40,43,49,35,36,37,40,37,46,37,38,36,48,40,38,33,35,39,40,41,39,39,38,45,43,39,44,42,45,38,39,41,39,37,36
39,39,42,34,38,43,44,40,46,39,48,44,42,46,36,40,43,48,35,36,37,40,37,46,37,38,36,48,40,38,33,35,39,40,41,39,39,38,44,43,38,44,41,45,38,38,41,39,37,36
39,39,42,34,38,43,44,40,46,39,48,44,42,45,36,39,42,48,35,36,37,40,36,45,37,38,36,48,40,38,33,35,39,40,41,39,39,37,44,42,38,43,41,44,38,38,41,39,37,36
39,39,41,34,38,42,44,40,45,39,47,43,42,45,36,39,42,48,35,36,37,40,36,45,37,38,36,47,40,38,33,35,39,40,40,39,39,37,44,42,38,43,41,44,38,38,40,39,37,36
38,39,41,34,38,41,44,40,45,38,47,43,42,45,36,39,41,48,36,36,36,40,36,45,37,38,36,47,40,38,33,35,38,39,40,39,39,37,44,41,38,43,40,43,38,38,40,38,37,36
38,39,41,35,37,41,44,40,44,38,47,43,41,45,36,39,41,48,35,36,36,40,36,45,37,38,36,46,39,37,33,35,38,39,40,38,38,37,44,40,37,43,40,43,38,37,40,38,36,36
38,39,40,35,37,41,44,40,44,38,46,42,41,45,36,38,41,47,35,36,36,40,36,44,37,38,36,45,39,37,33,35,38,39,40,38,38,37,44,40,37,43,39,42,37,37,39,38,36,35
38,38,40,35,37,41,44,40,44,38,45,42,41,45,36,38,41,47,35,35,36,39,36,43,36,38,36,44,39,37,33,35,37,38,40,38,38,37,44,40,37,42,38,42,37,37,39,38,36,35
38,38,40,35,37,41,43,39,44,38,45,42,41,44,36,38,41,46,35,35,36,39,36,43,36,38,35,44,38,37,33,35,37,38,39,38,38,37,43,39,37,42,38,41,37,37,38,37,36,35
38,38,39,35,37,40,43,39,44,38,44,42,40,44,36,38,41,46,35,35,36,38,36,42,36,38,35,43,38,37,33,35,37,38,39,38,38,36,43,39,37,42,38,40,37,37,38,37,36,35
37,38,39,34,37,39,43,39,43,37,43,41,40,44,36,38,40,45,35,35,36,38,36,42,36,38,35,42,37,37,33,35,37,37,39,38,38,36,42,38,37,41,38,40,36,37,38,37,36,35
37,38,39,34,36,39,42,38,43,37,43,41,40,44,36,37,40,45,35,35,36,38,36,41,36,38,35,41,37,36,33,35,37,37,39,37,38,36,42,38,37,41,38,40,36,37,38,37,36,35
37,38,39,34,36,39,42,38,43,37,42,41,40,43,36,37,40,44,35,35,36,38,36,41,36,38,35,41,37,37,33,35,36,37,39,37,37,36,42,38,37,41,38,40,36,37,38,37,36,35
37,38,39,34,36,39,42,38,42,37,42,41,40,43,36,37,40,44,35,36,36,38,36,41,36,38,36,40,37,37,34,35,36,37,39,37,37,37,42,38,37,41,38,39,37,37,38,37,36,36
37,37,38,34,36,39,42,38,42,37,42,41,40,43,37,37,40,44,35,36,36,37,36,40,37,38,36,40,37,37,34,35,36,37,39,37,38,37,42,38,37,40,38,39,37,37,38,37,36,36
36,37,38,35,36,39,42,38,42,37,42,41,40,43,37,37,40,44,35,36,36,37,36,40,37,38,36,40,36,37,34,35,36,37,39,38,38,37,41,38,37,40,38,39,37,37,38,38,36,36
36,37,38,35,36,39,42,38,42,37,41,40,40,42,37,37,40,43,35,36,36,37,36,40,37,38,36,40,37,37,34,35,36,37,39,38,38,37,41,38,37,40,38,39,37,37,38,38,36,36
36,37,38,35,36,39,42,38,42,37,41,40,40,42,37,37,40,43,36,36,36,37,36,40,37,38,36,39,37,37,34,34,36,37,39,38,38,37,41,38,37,40,38,39,37,37,39,38,36,36
36,37,38,35,36,39,42,38,42,37,41,40,40,42,37,37,40,43,36,36,36,37,36,40,37,39,36,39,37,37,34,34,36,37,39,38,38,37,41,38,37,40,38,39,37,37,39,38,37,36
36,38,38,35,35,39,42,38,42,37,41,40,40,42,37,36,41,43,36,36,36,37,36,40,37,39,36,38,37,37,35,34,37,37,39,38,38,37,41,38,37,41,38,39,37,37,39,38,37,37
36,38,38,35,35,39,42,38,42,37,41,40,40,42,38,36,41,43,36,36,36,38,36,40,37,39,36,38,37,38,35,34,37,37,39,38,38,38,42,38,38,41,38,39,37,37,39,38,37,37
36,38,38,36,34,39,42,39,42,37,40,40,40,42,38,36,41,43,36,36,37,38,37,40,38,39,37,38,37,38,35,34,37,37,39,38,38,38,42,38,38,41,38,40,38,38,39,38,37,37
37,38,39,36,34,39,42,39,42,37,40,41,40,42,38,35,41,43,37,36,37,38,37,40,38,39,37,38,37,38,35,33,36,37,40,38,39,38,42,38,38,41,38,40,38,38,39,39,37,37
37,38,39,36,34,39,42,39,43,38,40,41,40,42,38,34,41,43,37,36,37,38,37,40,38,39,37,37,37,38,36,33,36,38,40,38,39,38,42,39,38,41,38,40,38,38,40,39,38,38
37,38,39,36,33,39,42,39,43,38,40,41,40,42,39,34,41,43,37,36,37,38,37,40,38,38,37,37,38,39,36,33,36,38,40,39,39,39,42,39,38,41,38,40,38,38,40,39,38,37
37,38,39,37,33,39,42,39,43,38,41,41,40,42,39,34,41,43,37,35,36,38,38,40,39,38,37,37,38,39,36,33,36,38,40,39,39,39,42,39,39,41,39,40,39,38,40,39,38,37
37,39,39,37,33,39,42,39,43,38,41,41,40,42,39,34,41,43,38,35,36,39,38,41,39,38,37,37,38,39,37,33,36,38,40,39,39,39,42,39,39,41,39,40,39,38,40,39,38,37
37,39,39,37,33,39,42,40,43,39,41,41,40,42,39,34,41,43,38,35,36,39,38,41,39,38,37,36,38,39,37,33,36,38,40,39,40,39,41,39,39,42,39,40,39,38,40,40,39,37
38,39,39,37,32,39,42,40,43,39,41,41,40,42,40,34,41,43,38,35,36,39,38,41,39,38,37,36,39,40,37,33,36,38,41,39,40,40,41,39,39,42,39,41,39,37,41,40,39,37
38,39,40,38,32,39,42,40,43,39,41,41,41,43,40,34,41,43,38,34,35,39,39,40,40,38,37,36,39,40,37,33,36,39,41,40,40,40,41,40,39,42,39,41,39,37,41,40,39,37
38,39,40,38,32,39,42,40,43,39,41,41,41,43,40,33,40,43,39,34,35,39,39,40,40,37,37,36,39,40,36,32,36,39,41,40,40,40,40,40,40,42,40,41,40,37,41,40,40,36
38,39,40,38,32,39,43,40,43,40,41,42,41,43,41,33,40,44,39,34,35,39,39,40,40,37,37,36,39,40,36,32,35,39,41,40,41,40,40,40,40,43,40,41,40,37,41,40,40,37
39,40,40,39,32,39,43,41,43,40,40,42,41,43,41,34,40,44,39,35,35,39,39,41,40,37,37,36,40,41,37,32,35,38,42,40,41,41,40,40,40,43,40,42,40,37,42,41,40,37
39,40,41,39,31,39,43,41,43,40,40,42,41,43,41,34,41,44,40,34,35,39,39,40,41,37,37,36,40,41,37,32,35,38,42,41,42,41,40,41,41,44,40,42,41,37,42,41,40,37
39,40,41,39,31,39,43,41,44,41,40,42,41,44,42,34,40,44,40,34,35,39,40,40,41,37,37,35,40,41,37,32,35,38,42,41,42,41,40,41,41,44,41,42,41,36,43,41,41,38
40,40,41,40,31,38,44,41,44,41,40,43,42,46,44,34,40,44,40,34,35,38,40,40,41,37,38,35,41,42,37,32,36,38,42,41,43,42,40,41,42,43,41,43,41,37,43,41,41,38
40,41,41,40,31,38,44,42,44,41,40,43,42,45,44,34,41,44,41,34,35,39,40,40,46,37,38,35,42,41,38,32,36,38,42,42,43,42,40,41,42,43,41,43,42,37,43,42,42,37
40,41,41,40,31,38,44,42,44,41,40,43,42,45,45,34,41,44,41,34,35,38,40,39,47,37,38,35,42,41,38,32,36,38,42,43,43,42,40,42,43,42,42,43,42,37,43,44,43,37
40,40,41,41,32,38,43,43,43,42,40,45,42,45,46,35,40,44,42,34,35,38,39,39,47,37,38,36,42,41,38,32,36,38,42,43,43,42,40,42,43,42,42,44,42,37,43,44,44,38
41,40,42,41,31,38,43,43,43,42,40,47,42,45,46,35,41,44,42,34,35,38,40,39,47,38,38,35,43,41,39,32,36,39,42,43,43,42,40,44,43,42,42,44,43,37,43,44,43,38
41,40,42,41,32,38,43,43,43,43,40,47,42,45,46,35,41,44,42,34,35,38,40,39,47,38,38,35,44,41,39,32,37,39,42,43,44,42,40,45,44,42,42,44,43,37,43,44,43,38
41,40,42,41,32,37,44,44,43,43,40,48,44,45,47,35,41,46,43,35,36,38,40,39,47,38,38,35,46,41,39,32,37,39,42,43,44,42,40,46,44,42,42,43,43,38,43,44,43,38
41,40,42,43,32,38,46,45,43,43,40,48,45,45,47,35,41,46,43,35,36,38,40,39,47,38,38,35,46,40,39,32,37,39,42,43,44,42,40,46,44,42,45,43,43,38,42,43,43,37
42,40,42,44,32,38,45,45,43,47,40,48,45,45,47,35,41,46,43,35,36,38,40,39,47,38,38,36,46,40,39,33,37,39,42,43,43,42,40,46,44,42,45,44,43,38,42,43,43,37
42,40,42,44,33,38,45,44,43,47,40,48,45,44,47,35,41,46,44,35,36,38,40,39,48,38,38,36,46,40,39,33,37,39,42,43,43,42,39,48,44,42,45,44,44,38,42,43,43,37
42,40,41,44,33,38,45,44,43,48,40,48,45,46,48,35,41,46,45,35,36,38,40,38,48,38,38,36,46,40,39,33,37,38,41,43,42,42,39,47,44,42,45,44,46,38,42,42,43,37
42,40,41,44,33,38,45,44,42,48,40,48,45,46,48,35,40,46,47,35,36,38,40,38,48,38,38,36,48,40,39,33,37,38,41,43,42,41,39,47,44,42,44,43,48,38,41,42,42,37
42,40,41,44,33,38,45,44,42,48,40,48,44,46,48,35,40,46,48,35,35,38,40,37,48,38,38,36,48,40,38,33,37,38,41,43,41,41,38,47,44,41,44,43,48,38,41,42,42,37
42,40,40,44,33,38,45,44,42,47,39,49,47,46,47,35,40,45,48,35,35,38,40,37,48,38,38,36,48,40,38,33,37,38,41,43,41,40,38,46,44,41,44,43,48,38,40,41,42,37
42,40,40,44,33,39,45,44,42,47,39,48,46,45,47,35,40,45,48,35,35,38,40,37,48,38,37,35,49,40,38,33,36,39,40,42,40,40,38,46,44,40,44,42,47,38,40,41,41,36
42,40,40,43,33,39,45,45,41,47,39,49,45,44,47,35,40,45,49,35,35,38,40,37,47,38,37,35,48,40,38,33,36,39,40,41,40,40,38,45,44,40,44,42,46,38,39,41,40,37
42,39,39,43,33,38,44,45,41,46,39,48,45,43,46,35,40,44,48,35,35,37,40,37,47,37,38,36,48,40,38,33,35,39,40,41,39,39,38,45,43,39,44,42,46,38,39,41,40,37
42,39,39,42,34,39,44,44,40,46,39,48,44,42,46,35,40,43,49,35,35,37,40,37,46,37,38,36,48,40,38,33,35,39,40,41,39,39,37,45,43,39,44,41,45,38,39,41,39,37
42,39,39,42,34,38,43,44,40,46,39,48,44,42,46,35,40,43,48,35,35,37,40,36,46,37,38,35,48,40,38,33,35,39,40,41,39,39,37,44,43,38,43,41,45,38,38,41,39,37
42,39,39,41,34,38,42,44,40,45,38,48,44,42,45,36,39,42,48,35,36,37,40,36,45,37,38,36,48,40,38,33,35,39,40,40,39,39,37,44,42,38,43,41,44,38,38,40,39,37
42,39,39,41,34,38,42,44,40,45,38,47,43,41,45,36,39,42,48,35,36,36,40,36,45,37,38,36,47,40,38,33,35,38,39,40,38,39,37,44,41,38,43,40,43,38,38,40,39,36
42,38,39,41,34,37,41,44,40,45,38,47,43,41,45,36,39,41,48,35,36,36,40,36,45,37,38,36,46,39,38,33,35,38,39,40,38,38,37,44,41,37,43,40,43,38,37,40,38,36
42,38,39,40,34,37,41,44,40,44,38,46,42,41,45,36,39,41,48,35,36,36,40,36,44,36,38,36,46,39,37,33,35,38,39,40,38,38,37,44,40,37,43,39,42,37,37,39,38,36
41,38,39,40,34,37,41,44,40,44,38,46,42,41,45,36,38,41,47,35,36,36,40,36,44,36,38,36,45,39,37,33,35,38,39,40,38,38,37,44,40,37,43,39,42,37,37,39,38,36
41,38,38,40,35,37,41,44,40,44,38,45,42,41,44,36,38,41,47,35,35,36,39,36,43,36,38,35,44,39,37,33,34,37,38,40,38,38,37,43,40,37,42,38,41,37,37,39,37,36
41,38,38,40,35,37,40,43,39,44,38,45,42,40,44,36,38,41,46,35,35,36,39,36,42,36,38,35,43,38,37,33,34,37,38,39,38,38,36,43,39,37,42,38,41,37,37,38,37,36
41,38,38,39,35,37,40,43,39,44,37,44,42,40,44,36,38,41,46,35,35,36,38,36,42,36,38,35,43,38,37,33,34,37,37,39,38,38,36,42,39,37,41,38,40,36,37,38,37,36
40,37,38,39,34,36,39,43,38,43,37,43,41,40,44,36,37,40,45,35,35,36,38,36,42,36,38,35,42,37,36,33,35,37,37,39,37,38,36,42,38,37,41,38,40,36,37,38,37,36
40,37,38,39,34,36,39,42,38,43,37,43,41,40,43,36,37,40,45,35,35,36,38,36,41,36,38,35,41,37,36,33,35,36,37,39,37,37,36,42,38,37,41,38,40,36,37,38,37,36
40,37,38,39,34,36,39,42,38,43,37,42,41,40,43,36,37,40,44,35,35,36,38,36,41,36,38,35,41,37,36,33,35,36,37,39,37,37,36,42,38,37,41,38,39,36,37,38,37,36
39,37,37,38,34,36,39,42,38,42,37,42,41,40,43,36,37,40,44,35,35,36,37,36,41,36,38,35,40,37,37,33,35,36,37,39,37,37,37,42,38,37,41,37,39,36,37,38,37,36
39,36,37,38,34,36,39,42,38,42,37,42,41,40,43,36,37,40,44,35,36,36,37,36,40,37,38,36,40,36,37,34,35,36,37,39,37,37,37,41,38,37,40,38,39,37,37,38,37,36
39,36,37,38,35,36,39,42,38,42,37,42,40,40,43,37,37,40,44,35,36,36,37,36,40,37,38,36,40,36,37,34,35,36,37,39,37,38,37,41,38,37,40,37,39,37,37,38,37,36
39,36,37,38,35,36,39,42,38,42,37,41,40,40,42,37,37,40,43,35,36,36,37,36,40,37,38,36,40,36,37,34,35,36,37,39,37,38,37,41,38,37,40,37,39,37,37,38,38,36
39,36,37,38,35,36,39,42,38,42,37,41,40,40,42,37,37,40,43,36,36,36,37,36,40,37,38,36,39,37,37,34,34,36,37,39,38,38,37,41,38,37,40,38,39,37,37,38,38,36
39,36,37,38,35,36,39,42,38,42,37,41,40,40,42,37,37,40,43,36,36,36,37,36,40,37,39,36,39,37,37,34,34,36,37,39,38,38,37,41,38,37,40,38,39,37,37,39,38,37
39,36,38,38,35,35,39,42,38,42,37,41,40,40,42,37,36,40,43,36,36,36,37,36,40,37,39,36,38,37,37,35,34,36,37,39,38,38,37,41,38,37,41,38,39,37,37,39,38,37
39,36,38,38,35,34,39,42,38,42,37,41,40,40,42,38,36,41,43,36,36,36,37,36,40,37,39,36,38,37,38,35,34,36,37,39,38,38,38,42,38,38,41,38,39,37,37,39,38,37
40,36,38,38,36,34,39,42,39,42,37,40,40,40,42,38,35,41,43,36,35,37,38,37,40,38,39,37,38,37,38,35,34,37,37,39,38,38,38,42,38,38,41,38,40,38,38,39,38,37
40,36,38,39,36,34,39,42,39,42,37,40,41,40,42,38,35,41,43,37,36,37,38,37,40,38,39,37,37,37,38,35,33,36,37,39,38,39,38,42,38,38,41,38,40,38,38,39,39,37
40,37,38,39,36,34,39,42,39,43,38,40,41,40,42,38,34,41,43,37,36,37,38,37,40,38,38,37,37,37,38,36,33,36,37,40,38,39,38,42,39,38,41,38,40,38,38,40,39,38
40,37,38,39,36,33,39,42,39,43,38,40,41,40,42,39,34,41,43,37,35,37,38,37,40,38,38,37,37,38,39,36,33,36,38,40,39,39,39,42,39,38,41,38,40,38,38,40,39,38
40,37,38,39,37,33,39,42,39,43,38,41,41,40,42,39,34,41,43,37,35,36,38,38,40,39,38,37,37,38,39,36,33,35,38,40,39,39,39,42,39,38,41,39,40,38,38,40,39,38
40,37,39,39,37,33,39,42,39,43,38,41,41,40,42,39,34,41,43,38,35,36,39,38,41,39,38,37,37,38,39,37,33,36,38,40,39,39,39,42,39,39,41,39,40,39,38,40,39,38
40,37,39,39,37,33,39,42,40,43,39,41,41,40,42,39,34,41,43,38,35,36,39,38,41,39,38,37,36,38,39,37,33,36,38,40,39,40,39,41,39,39,42,39,40,39,37,40,40,39
40,38,39,39,37,32,39,42,40,43,39,41,41,40,42,40,34,41,43,38,35,35,39,38,41,39,38,37,36,39,40,37,33,36,38,41,39,40,40,41,39,39,42,39,41,39,37,41,40,39
41,38,39,40,38,32,39,42,40,43,39,41,41,41,43,40,34,40,43,38,34,35,39,38,40,40,37,37,36,39,40,37,32,36,39,41,40,40,40,41,40,39,42,39,41,39,37,41,40,39
41,38,39,40,38,32,39,42,40,43,39,41,41,41,43,40,33,40,43,39,34,35,39,39,40,40,37,37,36,39,40,36,32,36,38,41,40,40,40,40,40,40,42,40,41,40,37,41,40,40
41,38,39,40,38,32,39,43,40,43,40,41,42,41,43,41,33,40,44,39,34,35,39,39,40,40,37,37,36,39,40,36,32,35,38,41,40,41,40,40,40,40,43,40,41,40,37,41,40,40
41,39,40,40,39,32,39,43,41,43,40,40,42,41,43,41,33,40,44,39,34,35,39,39,41,40,37,37,36,40,41,37,32,35,38,42,40,41,41,40,40,40,43,40,42,40,37,42,41,40
41,39,40,41,39,31,39,43,41,43,40,40,42,41,43,41,34,41,44,40,34,35,39,39,40,41,37,37,36,40,41,37,32,35,38,42,41,42,41,40,41,41,44,40,42,41,37,42,41,40
40,39,40,41,39,31,39,43,41,44,41,40,42,41,44,42,34,40,44,40,34,35,39,40,40,41,37,37,35,40,41,37,32,35,38,42,41,42,41,40,41,41,44,41,42,41,36,43,41,41
40,40,40,41,40,31,38,44,41,44,41,40,43,42,46,44,34,41,44,40,34,35,38,40,40,41,37,38,35,41,42,37,32,36,38,42,41,43,42,40,41,42,43,41,43,41,37,43,41,41
41,40,41,41,40,31,38,44,42,44,41,40,43,42,45,44,34,41,44,41,33,35,39,40,40,46,37,38,35,42,41,38,32,36,38,42,42,43,42,40,41,42,43,41,43,42,37,43,42,42
41,40,41,41,40,31,38,44,42,44,41,40,43,42,45,45,34,41,44,41,34,34,38,40,39,47,37,38,35,42,41,38,31,36,38,42,43,43,42,40,42,43,43,42,43,42,37,43,44,43
41,40,40,42,41,32,38,43,43,43,42,40,45,42,45,46,35,40,44,42,34,35,38,39,39,47,37,38,36,42,41,38,32,36,38,42,43,43,42,40,42,43,42,42,44,42,37,43,44,44
41,40,40,42,41,31,38,43,43,43,42,40,47,42,45,46,35,41,44,42,34,35,38,40,39,47,38,38,35,43,41,39,32,36,39,42,43,43,42,40,44,43,42,42,44,43,37,43,44,44
41,41,40,42,41,32,38,43,43,43,43,40,47,42,45,46,35,41,44,42,34,35,38,40,39,47,38,38,35,44,41,39,32,37,39,42,43,44,42,40,45,44,42,42,44,43,37,43,44,43
41,41,40,42,41,32,37,44,44,43,43,40,48,44,45,47,35,41,46,43,35,36,38,40,39,47,38,38,35,46,41,39,32,37,39,42,43,44,42,40,46,44,42,42,43,43,38,43,44,43
41,41,40,42,43,32,38,46,45,43,43,40,48,45,45,47,35,41,46,43,35,36,38,40,39,47,38,38,35,46,40,39,32,37,39,42,43,44,42,40,46,44,42,45,43,43,38,43,43,43
41,42,40,42,44,32,38,46,45,43,47,41,48,45,45,47,35,41,46,43,35,36,38,40,39,47,38,38,36,46,40,39,32,37,39,42,43,43,42,40,46,44,42,45,44,43,38,42,43,43
41,42,40,42,44,33,38,45,44,43,47,40,48,45,44,47,35,41,46,44,35,36,38,40,39,48,38,38,36,46,40,39,33,37,39,42,43,43,42,39,48,44,42,45,44,44,38,42,43,43
41,42,40,42,44,33,38,45,44,43,48,40,48,45,46,48,35,41,46,45,35,36,38,40,38,48,38,38,36,46,40,39,33,37,38,41,43,42,42,39,47,44,42,45,44,46,38,42,42,43
41,42,40,41,44,33,38,45,44,43,48,40,48,45,46,48,35,40,46,47,35,36,38,40,38,48,38,37,36,48,40,39,33,37,38,41,43,42,41,39,47,44,42,44,43,48,38,41,42,42
41,42,40,41,44,33,38,45,44,42,48,40,48,44,46,48,35,40,46,48,35,35,38,40,37,48,38,37,36,48,40,38,33,37,38,41,43,41,41,38,47,44,41,44,43,48,38,41,42,42
41,42,40,40,44,33,38,45,44,42,47,39,49,47,46,47,35,40,46,48,35,35,38,40,37,48,38,38,35,48,40,38,33,37,38,40,43,41,40,38,46,44,41,44,43,48,38,40,41,42
41,42,40,40,44,33,39,45,44,42,47,39,48,46,45,47,35,40,45,48,35,35,38,40,37,48,38,37,35,49,39,38,33,36,38,40,42,40,40,38,46,44,40,44,42,47,38,40,41,41
40,42,40,40,43,33,38,45,45,41,47,39,49,45,44,47,35,40,45,49,35,35,38,40,37,47,38,37,35,48,40,38,33,36,39,40,41,40,40,38,45,44,40,44,42,46,38,39,41,40
40,42,40,39,43,33,38,44,45,41,46,39,48,45,43,46,35,40,44,48,35,35,37,40,37,47,37,37,36,48,40,38,33,35,39,40,41,39,39,38,45,43,39,44,42,46,38,39,41,40
40,42,39,39,42,34,39,44,44,40,46,39,48,45,42,46,35,40,43,49,35,35,37,40,37,46,37,38,36,48,40,38,33,35,39,40,41,39,39,37,45,43,39,44,41,45,38,39,41,39
40,42,39,39,42,34,38,43,44,40,46,39,48,44,42,46,35,40,43,48,35,35,37,40,36,46,37,38,35,48,40,38,33,35,39,40,41,39,39,37,44,43,38,44,41,45,38,38,41,39
39,42,39,39,42,34,38,42,44,40,46,38,48,44,42,45,36,39,42,48,35,36,37,40,36,45,37,38,36,48,40,38,33,35,39,40,41,39,39,37,44,42,38,43,41,44,38,38,40,39
39,42,39,39,41,34,38,42,44,40,45,39,47,43,42,45,36,39,42,48,35,36,36,40,36,45,37,38,36,47,40,38,33,35,39,40,40,39,39,37,44,42,38,43,40,43,38,38,40,39
39,42,38,39,41,34,37,41,44,40,45,38,47,43,41,45,36,39,41,48,35,36,36,40,36,45,37,38,36,47,40,38,33,35,38,39,40,39,39,37,44,41,37,43,40,43,38,38,40,38
39,42,38,39,41,34,37,41,44,40,44,38,47,43,41,45,36,39,41,48,35,36,36,40,36,45,36,38,36,46,39,37,33,35,38,39,40,38,38,37,44,40,37,43,40,43,38,37,40,38
39,42,38,39,40,35,37,41,44,40,44,38,46,42,41,45,36,38,41,47,35,36,36,40,36,44,36,38,36,45,39,37,33,35,38,39,40,38,38,37,44,40,37,43,39,42,37,37,39,38
39,41,38,38,40,35,37,41,44,40,44,38,45,42,41,45,36,38,41,47,35,35,36,39,36,44,36,38,35,44,39,37,33,34,37,38,40,38,38,37,44,40,37,42,38,42,37,37,39,38
39,41,38,38,40,35,37,41,43,39,44,38,45,42,41,44,36,38,41,46,35,35,36,39,36,43,36,38,35,44,38,37,33,34,37,38,39,38,38,36,43,39,37,42,38,41,37,37,38,37
39,41,38,38,39,35,37,40,43,39,44,38,44,42,40,44,36,38,41,46,35,35,36,38,36,42,36,38,35,43,38,37,33,35,37,38,39,38,38,36,43,39,37,42,38,40,37,37,38,37
38,41,37,38,39,34,37,39,43,39,43,37,44,41,40,44,36,38,40,45,35,35,36,38,36,42,36,38,35,42,37,37,33,35,37,37,39,37,38,36,42,38,37,41,38,40,36,37,38,37
38,40,37,38,39,34,36,39,42,38,43,37,43,41,40,44,36,37,40,45,35,35,36,38,36,41,36,38,35,41,37,36,33,35,36,37,39,37,37,36,42,38,37,41,38,40,36,37,38,37
38,40,37,38,39,34,36,39,42,38,43,37,43,41,40,43,36,37,40,44,35,35,36,38,36,41,36,38,35,41,37,36,33,35,36,37,39,37,37,36,42,38,37,41,38,40,36,37,38,37
38,39,37,38,39,34,36,39,42,38,43,37,42,41,40,43,36,37,40,44,35,35,36,38,36,41,36,38,36,40,37,37,33,35,36,37,39,37,37,37,42,38,37,41,38,39,37,37,38,37
38,39,37,37,38,34,36,39,42,38,42,37,42,41,40,43,36,37,40,44,35,36,36,37,36,40,37,38,36,40,37,37,34,35,36,37,39,37,38,37,42,38,37,40,38,39,37,37,38,37
38,39,36,37,38,35,36,39,42,38,42,37,42,41,40,43,37,37,40,44,35,36,36,37,36,40,37,38,36,40,36,37,34,35,36,37,39,37,38,37,41,38,37,40,38,39,37,37,38,37
38,39,36,37,38,35,36,39,42,38,42,37,41,40,40,42,37,37,40,44,35,36,36,37,36,40,37,38,36,40,37,37,34,35,36,37,39,38,38,37,41,38,37,40,38,39,37,37,38,38
38,39,36,37,38,35,36,39,42,38,42,37,41,40,40,42,37,37,40,43,36,36,36,37,36,40,37,38,36,39,37,37,34,34,36,37,39,38,38,37,41,38,37,40,38,39,37,37,39,38
38,39,36,37,38,35,36,39,42,38,42,37,41,40,40,42,37,37,40,43,36,36,36,37,36,40,37,39,36,39,37,37,34,34,36,37,39,38,38,37,41,38,37,40,38,39,37,37,39,38
38,39,36,38,38,35,35,39,42,38,42,37,41,40,40,42,37,36,40,43,36,36,36,37,36,40,37,39,36,38,37,37,35,34,36,37,39,38,38,37,41,38,37,41,38,39,37,37,39,38
38,40,36,38,38,35,34,39,42,38,42,37,41,40,40,42,38,36,41,43,36,36,36,37,36,40,37,39,36,38,37,38,35,34,36,37,39,38,38,38,42,38,38,41,38,39,37,37,39,38
38,40,36,38,38,36,34,39,42,39,42,37,40,40,40,42,38,35,41,43,36,35,37,38,37,40,38,39,37,38,37,38,35,34,37,37,39,38,38,38,42,38,38,41,38,40,38,38,39,38
38,40,36,38,39,36,34,39,42,39,42,37,40,41,40,42,38,35,41,43,37,36,37,38,37,40,38,39,37,37,37,38,35,33,36,37,39,38,39,38,42,38,38,41,38,40,38,38,39,39
38,40,37,38,39,36,34,39,42,39,43,38,40,41,40,42,38,34,41,43,37,36,37,38,37,40,38,38,37,37,37,38,36,33,36,37,40,38,39,38,42,39,38,41,38,40,38,38,40,39
39,40,37,38,39,36,33,39,42,39,43,38,40,41,40,42,39,34,41,43,37,35,37,38,37,40,38,38,37,37,38,39,36,33,36,38,40,39,39,39,42,39,38,41,38,40,38,38,40,39
38,40,37,38,39,37,33,39,42,39,43,38,41,41,40,42,39,34,41,43,37,35,36,38,37,40,38,38,37,37,38,39,36,33,35,38,40,39,39,39,42,39,38,41,38,40,38,38,40,39
38,40,37,38,39,37,33,39,42,39,43,38,41,41,40,42,39,34,41,43,38,35,36,39,38,41,39,38,37,37,38,39,37,33,36,38,40,39,39,39,42,39,39,41,39,40,39,38,40,39
38,40,37,39,39,37,33,39,42,40,43,39,41,41,40,42,39,34,41,43,38,35,36,39,38,41,39,38,37,36,38,39,37,33,36,38,40,39,40,39,41,39,39,42,39,40,39,37,40,40
38,40,38,39,39,37,32,39,42,40,43,39,41,41,40,42,40,34,41,43,38,34,35,39,38,41,39,38,37,36,39,40,37,33,36,38,41,39,40,40,41,39,39,42,39,41,39,37,41,40
38,41,38,39,40,38,32,39,42,40,43,39,41,41,40,43,40,33,41,43,38,34,35,39,38,41,40,37,37,36,39,40,37,32,36,39,41,40,40,40,41,40,39,42,39,41,39,37,41,40
38,41,38,39,40,38,32,39,42,40,43,39,41,41,41,43,40,33,41,43,39,34,35,39,39,40,40,37,37,36,39,40,36,32,36,39,41,40,40,40,41,40,40,42,40,41,40,37,41,40
38,41,38,39,40,38,32,39,43,40,43,40,41,42,41,43,41,33,40,44,39,34,35,39,39,40,40,37,37,36,39,40,36,32,35,38,41,40,41,40,40,40,40,42,40,41,40,37,41,40
37,41,39,40,40,39,32,39,43,41,43,40,40,42,41,43,41,33,41,44,39,34,35,39,39,41,40,37,37,36,40,41,37,32,35,38,42,40,41,41,40,40,40,43,40,42,40,37,42,41
37,41,39,40,41,39,31,39,43,41,43,40,40,42,41,43,41,34,41,44,40,34,35,39,39,40,41,37,37,36,40,41,37,32,35,38,42,41,42,41,40,41,41,44,40,42,41,37,42,41
37,40,39,40,41,39,31,39,43,41,44,41,40,42,41,44,42,34,40,44,40,34,35,39,40,40,41,37,37,35,40,41,37,32,35,38,42,41,42,41,41,41,41,44,41,42,41,36,43,41
37,40,40,40,41,40,31,38,44,41,44,41,40,43,42,46,44,34,41,44,40,34,35,38,40,40,41,37,38,35,41,42,37,32,36,38,42,41,43,42,40,41,42,43,41,43,41,37,43,41
37,41,40,41,41,40,31,38,44,42,44,41,40,43,42,45,44,34,41,44,41,33,35,39,40,40,46,37,38,35,42,41,38,32,36,38,42,42,43,42,40,41,42,43,41,43,42,37,43,42
37,41,40,41,41,40,31,38,44,42,44,41,40,43,42,45,45,34,41,44,41,34,34,38,40,39,47,37,38,35,42,41,38,31,36,38,42,43,43,42,40,42,43,43,42,43,42,37,43,45
37,41,40,40,42,41,32,38,43,43,43,42,40,45,42,45,46,35,41,44,42,34,35,38,39,40,47,37,38,36,42,42,38,32,36,38,42,44,43,42,40,42,43,43,42,44,42,37,43,44
37,41,40,40,42,41,31,38,43,43,43,42,40,47,42,45,46,35,41,44,42,34,35,38,40,39,47,38,38,35,43,42,39,32,36,39,42,43,43,42,40,44,43,43,42,44,43,37,43,44
37,41,41,40,42,41,32,38,43,43,43,43,40,47,42,45,46,35,41,44,42,34,35,38,40,39,47,38,38,35,44,41,39,32,37,39,42,43,45,42,40,45,44,43,42,44,43,37,43,44
37,41,41,40,42,41,32,37,44,44,43,43,40,48,44,45,47,35,41,47,43,35,36,38,40,39,47,38,38,35,46,41,39,32,37,39,42,43,45,42,40,46,45,43,42,44,43,38,43,44
37,41,41,40,42,43,32,38,46,45,43,43,41,48,45,45,47,35,41,46,43,35,36,38,40,39,47,38,38,35,46,41,39,32,37,39,42,43,44,42,40,46,45,43,45,44,43,38,43,43
37,41,42,40,42,44,32,38,46,45,44,47,41,48,45,45,47,35,41,46,43,35,36,38,40,39,47,38,38,36,46,40,39,32,37,39,42,43,44,42,40,46,45,43,45,44,43,38,42,43
37,41,42,40,42,44,33,38,46,44,43,47,40,48,45,44,47,35,41,46,44,35,36,38,40,39,48,38,38,36,46,40,39,33,37,39,42,43,43,42,39,48,44,42,45,44,44,38,42,43
38,41,42,40,42,45,33,38,46,44,43,48,40,48,45,46,48,35,41,46,45,35,36,38,40,38,48,38,38,36,46,40,39,33,37,38,41,43,42,42,39,47,44,42,45,44,46,38,42,43
37,41,42,40,41,45,33,38,46,44,43,48,40,48,45,46,48,35,40,46,47,35,36,38,40,38,48,38,37,36,48,40,39,33,37,38,41,43,42,41,39,47,44,42,45,44,48,38,42,42
37,41,42,40,41,44,33,38,46,44,42,48,40,48,44,46,48,35,40,46,48,35,35,38,40,37,48,38,37,36,48,40,38,33,38,38,41,43,41,41,38,47,44,41,44,43,48,38,41,42
36,41,42,40,40,44,33,38,45,44,42,48,39,49,47,46,48,35,40,46,48,35,35,38,40,37,48,38,38,36,48,40,38,33,37,38,41,43,41,40,38,46,44,41,44,43,48,38,41,42
36,41,42,40,40,44,33,39,45,44,42,47,39,48,46,45,47,35,40,45,48,35,35,38,40,37,48,38,37,35,49,40,38,33,36,39,41,42,40,40,38,46,44,40,44,43,48,38,40,41
36,41,42,40,40,44,33,39,45,45,42,47,39,49,46,44,47,35,40,45,49,35,35,38,40,37,48,38,37,35,48,40,38,33,36,39,40,41,40,40,38,46,44,40,44,42,47,38,40,41
36,40,42,40,39,43,33,39,45,45,41,47,39,48,45,43,46,35,40,44,48,35,35,37,40,37,47,37,37,36,48,40,38,33,35,39,40,41,39,40,38,45,44,39,44,42,46,38,39,41
36,40,42,40,39,42,34,39,44,44,40,46,39,48,45,43,46,35,40,43,49,35,35,37,40,37,46,37,38,36,48,40,38,33,35,39,40,41,39,39,38,45,43,39,44,42,46,38,39,41
36,40,42,39,39,42,34,38,44,44,40,46,39,49,44,42,46,35,40,43,48,35,35,37,40,36,46,37,38,35,48,40,38,33,35,39,40,41,39,39,37,44,43,38,44,41,45,38,38,41
36,39,42,39,39,42,34,38,43,44,40,46,38,48,44,42,45,36,39,42,48,35,36,37,40,36,45,37,38,36,48,40,38,33,35,39,40,40,39,39,37,44,42,38,43,41,44,38,38,40
36,39,42,39,39,41,34,38,42,44,40,45,38,47,43,42,45,36,39,42,48,35,36,36,40,36,45,37,38,36,47,40,38,33,35,38,40,40,39,39,37,44,42,38,43,40,44,38,38,40
37,39,42,38,39,41,34,37,41,44,40,45,38,47,43,41,45,36,39,41,48,35,36,36,40,36,45,37,38,35,47,40,38,33,35,38,39,40,38,38,37,44,41,37,43,40,43,38,37,40
37,39,42,38,39,40,34,37,41,44,40,44,38,47,42,41,45,36,39,41,48,35,36,36,40,36,45,36,37,35,46,39,37,33,34,38,39,40,38,38,37,44,40,37,43,39,43,37,37,39
37,39,41,38,39,40,34,37,41,44,40,44,38,46,42,41,45,36,38,41,47,35,36,36,40,36,44,36,38,35,45,39,37,33,34,38,39,40,38,38,37,44,40,37,43,39,42,37,37,39
37,39,41,38,38,40,35,37,41,44,40,44,38,45,42,41,45,36,38,41,47,35,35,36,39,36,44,36,38,35,44,39,37,33,34,37,38,40,38,38,37,44,40,37,42,38,42,37,37,39
37,39,41,38,38,40,34,37,41,43,39,44,38,45,42,41,44,36,38,41,46,35,35,36,39,36,43,36,37,35,44,38,37,33,34,37,38,39,38,38,36,43,39,37,42,38,41,37,37,38
37,38,41,38,38,39,35,37,40,43,39,44,37,44,42,40,44,36,38,41,46,35,35,36,38,36,42,36,37,35,43,38,37,33,34,37,38,39,38,38,36,42,39,37,42,38,40,36,37,38
37,38,40,37,38,39,34,36,39,43,39,43,37,43,41,40,44,36,37,40,45,35,35,35,38,36,42,36,37,35,42,37,36,33,35,37,37,39,37,38,36,42,38,37,41,38,40,36,37,38
37,38,40,37,38,39,34,36,39,42,38,43,37,43,41,40,44,36,37,40,45,35,35,35,38,35,41,36,38,35,41,37,36,33,35,36,37,39,37,37,36,42,38,37,41,38,40,36,37,38
37,38,40,37,38,39,34,36,39,42,38,43,37,42,41,40,43,36,37,40,44,35,35,36,38,36,41,36,38,35,41,37,36,33,35,36,37,39,37,37,36,42,38,37,41,37,39,36,37,38
37,38,39,37,37,38,34,36,39,42,38,42,37,42,41,40,43,36,37,40,44,35,35,36,37,36,41,36,38,35,40,37,37,33,35,36,37,39,37,37,37,42,38,37,41,37,39,36,37,38
36,38,39,36,37,38,34,36,39,42,38,42,37,42,41,40,43,36,37,40,44,35,36,36,37,36,40,37,38,36,40,36,37,34,35,36,37,39,37,37,37,42,38,37,40,37,39,37,37,38
37,38,39,36,37,38,34,36,39,42,38,42,37,42,41,40,43,37,37,40,44,35,36,36,37,36,40,37,38,36,40,36,37,34,35,36,37,39,37,38,37,41,38,37,40,37,39,37,37,38
37,38,39,36,37,38,35,36,38,42,38,42,37,41,40,40,42,37,37,40,44,35,36,36,37,36,40,37,38,36,40,36,37,34,35,36,37,39,37,38,37,41,38,37,40,37,39,37,37,38
37,38,39,36,37,38,35,36,38,42,38,42,37,41,40,40,42,37,37,40,43,36,36,36,37,36,40,37,38,36,39,37,37,34,34,36,37,39,38,38,37,41,38,37,40,38,39,37,37,38
37,38,39,36,37,38,35,36,39,42,38,42,37,41,40,40,42,37,37,40,43,36,36,36,37,36,40,37,39,36,39,37,37,34,34,36,37,39,38,38,37,41,38,37,40,38,39,37,37,39
37,38,39,36,37,38,35,35,39,42,38,42,37,41,40,40,42,37,36,40,43,36,36,36,37,36,40,37,39,36,38,37,37,35,34,36,37,39,38,38,37,41,38,37,41,38,39,37,37,39
37,38,39,36,38,38,35,34,39,42,38,42,37,41,40,40,42,38,36,41,43,36,36,36,37,36,40,37,39,36,38,37,38,35,34,36,37,39,38,38,38,42,38,38,41,38,39,37,37,39
37,38,40,36,38,38,36,34,39,42,39,42,37,40,40,40,42,38,35,41,43,36,35,37,38,36,40,37,39,37,38,37,38,35,33,36,37,39,38,38,38,42,38,38,41,38,39,38,37,39
37,38,40,36,38,39,36,34,39,42,39,42,37,40,40,40,42,38,35,41,43,37,35,37,38,37,40,38,39,37,37,37,38,35,33,36,37,39,38,39,38,42,38,38,41,38,40,38,38,39
38,38,40,37,38,39,36,33,39,42,39,42,38,40,41,40,42,38,34,41,43,37,35,37,38,37,40,38,38,37,37,37,38,36,33,36,37,40,38,39,38,42,39,38,41,38,40,38,38,39
38,39,40,37,38,39,36,33,39,42,39,43,38,40,41,40,42,39,34,41,43,37,35,37,38,37,40,38,38,37,37,38,39,36,33,36,38,40,39,39,39,42,39,38,41,38,40,38,38,40
38,38,40,37,38,39,37,33,39,42,39,43,38,41,41,40,42,39,34,41,43,37,35,36,38,37,40,38,38,37,37,38,39,36,33,35,38,40,39,39,39,42,39,38,41,38,40,38,38,40
38,38,40,37,38,39,37,33,39,42,39,43,38,41,41,40,42,39,34,41,43,38,35,35,39,38,40,39,38,37,36,38,39,36,33,35,38,40,39,39,39,42,39,39,41,39,40,39,37,40
39,38,40,37,39,39,37,32,39,42,40,43,38,41,41,40,42,39,34,41,43,38,35,36,39,38,41,39,38,37,36,38,39,37,33,36,38,40,39,40,39,41,39,39,42,39,40,39,37,40
39,37,40,38,39,39,37,32,39,42,40,43,39,41,41,40,42,40,34,41,43,38,34,35,39,38,41,39,38,37,36,38,40,37,32,36,38,41,39,40,40,41,39,39,42,39,41,39,37,41
39,38,41,38,39,40,38,32,39,42,40,43,39,41,41,40,43,40,33,40,43,38,34,35,39,38,40,40,37,37,36,39,40,37,32,36,38,41,40,40,40,41,40,39,42,39,41,39,37,41
39,38,41,38,39,40,38,32,39,42,40,43,39,41,41,41,43,40,33,40,43,39,34,35,39,39,40,40,37,36,36,39,40,36,32,35,38,41,40,40,40,40,40,40,42,39,41,40,37,41
40,37,41,38,39,40,38,32,39,43,40,43,40,41,42,41,43,41,33,40,44,39,34,35,39,39,40,40,37,37,36,39,40,36,32,35,38,41,40,41,40,40,40,40,42,40,41,40,37,41
40,37,41,39,40,40,39,31,39,43,41,43,40,40,42,41,43,41,33,40,44,39,34,35,39,39,41,40,37,37,36,40,41,37,32,35,38,42,40,41,41,40,40,40,43,40,42,40,37,42
40,37,41,39,40,40,39,31,39,43,41,43,40,40,42,41,43,41,34,41,44,40,34,35,39,39,40,41,37,37,36,40,41,37,32,35,38,42,41,42,41,40,41,41,44,40,42,41,37,42
40,37,40,39,40,41,39,31,39,43,41,44,41,40,42,41,44,42,34,40,44,40,34,35,39,40,40,41,37,37,35,40,41,37,32,35,38,42,41,42,41,40,41,41,44,41,42,41,36,43
41,37,40,40,40,41,40,31,38,43,41,44,41,40,43,42,46,44,34,41,44,40,34,35,38,40,40,41,37,38,35,41,42,37,32,36,38,42,41,43,42,40,41,42,43,41,43,41,37,43
42,36,41,40,41,41,40,31,38,44,42,44,41,40,43,42,45,44,34,41,44,41,33,35,39,40,40,46,37,38,35,42,41,38,32,35,38,42,42,43,42,40,41,42,43,41,43,42,36,43
43,37,41,40,41,41,40,31,38,44,42,44,41,40,43,42,45,45,34,41,44,41,34,34,38,40,39,47,37,38,35,42,41,38,31,36,38,42,43,43,42,40,42,43,43,42,43,42,37,43
43,37,41,40,40,42,41,31,38,43,43,43,42,40,45,42,45,46,35,40,44,42,34,35,38,39,40,47,37,38,35,42,41,38,32,36,38,42,43,43,42,40,42,43,43,42,44,42,37,43
43,37,41,40,40,42,41,31,38,43,43,43,42,40,47,42,45,46,35,41,44,42,34,35,38,40,39,47,38,38,35,43,41,39,32,36,39,42,43,43,42,40,44,43,42,42,44,43,37,43
43,37,41,41,40,42,41,32,38,43,43,43,43,40,47,42,45,46,35,41,44,42,34,35,38,40,39,47,38,38,35,44,41,39,32,36,39,42,43,44,42,40,45,44,42,42,44,43,37,43
45,37,41,41,40,42,41,32,37,44,44,43,43,40,48,44,45,47,35,41,47,43,34,36,38,40,39,47,38,38,35,46,41,39,32,37,39,42,43,44,42,40,46,44,43,42,43,43,38,43
45,37,41,41,40,42,43,32,38,46,45,43,43,40,48,45,45,47,35,41,46,43,35,36,38,40,39,47,38,38,35,46,40,39,32,37,39,42,43,44,42,40,46,45,42,45,43,43,38,43
45,37,41,42,40,42,44,32,38,46,45,44,47,41,48,45,45,47,35,41,46,43,34,36,38,40,39,47,38,38,36,46,40,39,32,37,39,42,43,43,42,40,46,45,43,45,44,43,38,42
44,37,41,42,40,42,44,33,38,46,44,43,47,40,48,45,44,47,35,41,46,44,35,36,38,40,39,48,38,38,36,46,40,39,32,37,39,42,43,43,42,39,48,44,42,45,44,44,38,42
44,37,41,42,40,42,44,33,38,46,44,43,48,40,48,45,46,48,35,41,46,45,35,36,38,40,38,48,38,37,36,46,40,39,33,37,38,41,43,42,42,39,47,44,42,45,44,46,38,42
44,37,41,42,40,41,44,33,38,46,44,43,48,40,48,45,46,48,35,40,46,47,35,36,38,40,38,48,38,37,36,48,40,39,33,37,38,41,43,42,41,39,47,44,42,45,43,48,38,41
44,37,41,42,40,41,44,33,38,45,44,42,48,40,48,44,46,48,35,40,46,48,35,35,38,40,37,48,38,37,36,48,40,38,33,38,38,41,43,41,41,38,47,44,41,44,43,48,38,41
44,36,41,42,40,40,44,33,38,45,44,42,48,39,49,47,46,48,35,40,46,48,35,35,38,40,37,48,38,37,35,48,40,38,33,37,38,41,43,41,40,38,46,44,41,44,43,48,38,40
44,36,41,42,40,40,44,33,39,45,44,42,47,39,48,46,45,47,35,40,45,48,35,35,38,40,37,48,38,37,35,49,40,38,33,36,39,41,42,40,40,38,46,44,40,44,42,48,38,40
44,36,41,42,40,40,44,33,38,45,45,42,47,39,49,46,44,47,35,40,45,49,35,35,38,40,37,48,38,37,35,48,40,38,33,35,39,40,41,40,40,38,46,44,40,44,42,47,38,40
43,36,40,42,40,39,43,33,38,45,45,41,46,39,48,45,43,46,35,40,44,48,35,35,37,40,37,47,37,37,36,48,40,38,33,35,39,40,41,39,39,38,45,43,39,44,42,46,38,39
43,36,40,42,39,39,42,33,39,44,44,40,46,39,48,45,43,46,35,40,43,49,35,35,37,40,37,46,37,38,35,48,40,38,33,35,39,40,41,39,39,37,45,43,39,44,42,46,38,39
41,36,40,42,39,39,42,34,38,43,44,40,46,39,49,44,42,46,35,40,43,48,35,35,37,40,36,46,37,38,35,48,40,38,33,35,39,40,41,39,39,37,44,43,38,44,41,45,38,38
40,36,39,42,39,39,42,34,38,42,44,40,46,38,48,44,42,45,36,39,42,48,35,36,37,40,36,45,37,38,36,48,40,38,33,35,39,40,40,39,39,37,44,42,38,43,41,44,38,38
39,36,39,42,39,39,41,34,38,42,44,40,45,38,47,43,42,45,36,39,42,48,35,36,36,40,36,45,37,38,35,47,40,38,33,35,38,40,40,38,39,37,44,41,37,43,40,43,38,37
39,37,39,42,38,39,41,34,37,41,44,40,45,38,47,43,41,45,36,39,41,48,35,36,36,40,36,45,36,38,35,47,40,38,33,35,38,39,40,38,38,37,44,41,37,43,40,43,38,37
39,37,39,42,38,39,40,34,37,41,44,40,44,38,47,42,41,45,36,39,41,48,35,36,36,40,36,45,36,37,35,46,39,37,33,34,38,39,40,38,38,37,44,40,37,43,39,42,37,37
39,37,39,41,38,39,40,34,37,41,44,40,44,38,46,42,41,45,36,38,41,47,35,35,36,40,36,44,36,37,35,45,39,37,33,34,38,39,40,38,38,37,44,40,37,43,39,42,37,37
39,37,39,41,38,38,40,34,37,41,44,40,44,38,45,42,41,45,36,38,41,47,35,35,36,39,36,43,36,38,35,44,39,37,33,34,37,38,40,38,38,37,43,40,37,42,38,42,37,37
38,37,39,41,38,38,40,34,37,41,43,39,44,38,45,42,41,44,36,38,41,46,35,35,36,39,36,43,36,37,35,43,38,37,33,34,37,38,39,38,38,36,43,39,37,42,38,41,37,37
38,37,39,41,38,38,39,34,37,40,43,39,44,37,44,42,40,44,36,38,41,46,35,35,36,38,36,42,36,37,35,43,38,37,33,34,37,38,39,38,38,36,42,39,37,42,38,40,36,37
38,37,38,40,37,38,39,34,36,39,43,38,43,37,43,41,40,44,36,37,40,45,35,35,35,38,36,42,36,37,35,42,37,36,33,34,37,37,39,37,38,36,42,38,37,41,38,40,36,37
38,37,38,40,37,38,39,34,36,39,42,38,43,37,43,41,40,43,36,37,40,45,35,35,35,38,35,41,36,38,35,41,37,36,33,35,36,37,39,37,37,36,42,38,37,41,38,40,36,37
37,37,38,40,37,38,39,34,36,39,42,38,43,37,42,41,40,43,36,37,40,44,35,35,36,38,36,41,36,38,35,40,37,36,33,35,36,37,39,37,37,36,42,38,37,41,37,39,36,37
37,36,38,39,37,37,38,34,36,39,42,38,42,37,42,41,40,43,36,37,40,44,35,35,36,37,36,41,36,38,35,40,37,37,33,35,36,37,39,37,37,36,42,38,37,40,37,39,36,37
37,36,38,39,36,37,38,34,36,39,42,38,42,37,42,41,40,43,36,37,40,44,35,36,36,37,36,40,36,38,36,40,36,37,34,35,36,37,39,37,37,37,41,38,37,40,37,39,37,37
37,37,38,39,36,37,38,34,35,38,42,38,42,37,42,40,40,42,37,37,40,44,35,36,36,37,36,40,37,38,36,40,36,37,34,35,36,37,39,37,38,37,41,38,37,40,37,39,37,37
38,37,38,39,36,37,38,35,36,38,42,38,42,37,41,40,40,42,37,37,40,43,35,36,36,37,36,40,37,38,36,40,36,37,34,34,36,37,39,37,38,37,41,38,37,40,37,39,37,37
38,37,38,39,36,37,38,35,36,38,42,38,42,37,41,40,40,42,37,37,40,43,36,36,36,37,36,40,37,38,36,39,37,37,34,34,36,37,39,38,38,37,41,38,37,40,37,39,37,37
38,37,38,39,36,37,38,35,35,38,42,38,42,37,41,40,40,42,37,36,40,43,36,36,36,37,36,40,37,39,36,38,37,37,34,34,36,37,39,38,38,37,41,38,37,40,38,39,37,37
38,37,38,39,36,37,38,35,35,38,42,38,42,37,41,40,40,42,37,36,40,43,36,36,36,37,36,40,37,39,36,38,37,37,35,34,36,37,39,38,38,37,41,38,37,40,38,39,37,37
38,37,38,39,36,38,38,35,34,39,42,38,42,37,41,40,40,42,38,36,41,43,36,35,36,37,36,40,37,39,36,38,37,38,35,33,36,37,39,38,38,38,42,38,38,41,38,39,37,37
38,37,38,40,36,38,38,36,34,39,42,39,42,37,40,40,40,42,38,35,41,43,36,35,37,38,36,40,37,39,37,38,37,38,35,33,36,37,39,38,38,38,42,38,38,41,38,39,38,37
38,37,38,40,36,38,38,36,34,39,42,39,42,37,40,40,40,42,38,35,41,43,37,35,37,38,37,40,38,38,37,37,37,38,35,33,36,37,39,38,39,38,42,38,38,41,38,40,38,38
38,38,38,40,37,38,39,36,33,39,42,39,42,38,40,41,40,42,38,34,41,43,37,35,37,38,37,40,38,38,37,37,37,38,36,33,36,37,40,38,39,38,42,39,38,41,38,40,38,38
38,38,39,40,37,38,39,36,33,39,42,39,42,38,40,41,40,42,39,34,41,43,37,35,36,38,37,40,38,38,37,36,38,39,36,33,35,38,40,39,39,39,41,39,38,41,38,40,38,38
38,38,38,40,37,38,39,37,33,39,42,39,43,38,41,41,40,42,39,34,41,43,37,35,36,38,37,40,38,38,37,36,38,39,36,33,35,38,40,39,39,39,41,39,38,41,38,40,38,37
38,38,38,40,37,38,39,37,32,39,42,39,43,38,41,41,40,42,39,33,41,43,38,35,35,39,38,40,39,38,37,36,38,39,37,33,35,38,40,39,39,39,41,39,39,41,39,40,39,37
38,39,37,40,37,39,39,37,32,39,42,40,43,38,41,41,40,42,39,34,41,43,38,34,35,39,38,40,39,38,37,36,38,39,37,32,35,38,40,39,40,39,41,39,39,42,39,40,39,37
39,39,37,40,38,39,39,37,32,39,42,40,43,39,41,41,40,42,40,33,40,43,38,34,35,38,38,40,39,37,37,36,39,40,37,32,35,38,41,39,40,40,41,39,39,42,39,41,39,37
39,39,37,41,38,39,40,38,32,39,42,40,43,39,41,41,40,43,40,33,40,43,38,34,35,38,38,40,40,37,36,36,39,40,36,32,36,38,41,40,40,40,41,40,39,42,39,41,39,37
39,39,37,41,38,39,40,38,32,39,42,40,43,39,41,41,41,43,40,33,40,43,39,34,35,38,39,40,40,37,36,35,39,40,36,32,35,38,41,40,40,40,40,40,40,42,39,41,40,37
39,40,37,41,38,39,40,38,31,39,43,40,43,40,40,42,41,43,41,33,40,44,39,34,35,39,39,40,40,37,37,36,39,40,36,32,35,38,41,40,41,40,40,40,40,42,40,41,40,37
39,40,37,41,39,40,40,39,31,38,43,41,43,40,40,42,41,43,41,33,40,44,39,34,34,39,39,40,40,37,37,36,40,41,36,32,35,38,42,40,41,41,40,40,40,43,40,42,40,37
40,40,37,40,39,40,40,39,31,39,43,41,43,40,40,42,41,43,41,34,40,44,40,34,35,39,39,40,41,37,37,35,40,41,36,32,35,38,42,41,42,41,40,40,41,44,40,42,41,36
40,40,37,40,39,40,41,39,31,38,43,41,44,41,39,42,41,44,42,33,40,44,40,34,35,39,39,40,41,37,37,35,40,41,37,32,35,38,42,41,42,41,40,41,41,43,41,42,41,36
40,41,36,40,39,40,41,40,31,38,43,41,44,41,40,43,42,45,44,34,40,44,40,34,34,38,40,40,41,37,37,35,41,41,37,32,35,38,41,41,42,42,40,41,42,42,41,43,41,36
40,42,36,40,40,41,41,40,31,38,44,41,44,41,40,43,42,45,44,34,40,44,41,33,34,38,40,40,46,37,38,35,42,41,37,31,35,38,41,42,43,42,40,41,42,42,41,43,42,36
41,43,37,40,40,40,41,40,31,38,43,42,44,41,40,43,42,45,45,34,41,44,41,34,34,38,40,39,47,37,38,35,42,41,38,31,36,38,41,43,43,42,40,42,43,42,41,43,42,37
41,43,37,41,40,40,41,41,31,38,43,43,43,42,40,45,42,45,46,34,40,44,42,34,35,38,39,39,47,37,38,35,42,41,38,31,36,38,42,43,43,42,40,42,43,42,42,44,42,37
41,43,37,40,40,40,41,41,31,38,43,43,43,42,40,47,42,45,46,35,40,44,42,34,35,38,39,39,47,37,38,35,43,41,38,32,36,38,42,43,43,42,40,44,43,42,42,44,43,37
41,43,37,41,41,40,42,41,31,38,43,43,43,43,40,47,42,45,46,35,40,44,42,34,35,38,40,39,47,38,38,35,44,41,39,32,36,38,42,43,44,42,40,45,44,42,42,44,43,37
42,44,37,41,41,40,42,41,32,37,44,44,43,43,40,47,44,45,47,35,41,46,43,34,35,38,40,39,47,38,38,35,46,40,39,32,37,39,42,43,44,42,40,46,44,42,42,43,43,37
42,44,37,41,41,40,42,43,32,37,46,45,43,43,40,48,45,45,47,35,41,46,43,34,35,38,40,39,47,38,38,35,46,40,39,32,37,39,42,43,43,42,40,46,44,42,45,43,43,38
42,44,37,41,41,40,42,44,32,38,45,45,43,47,40,48,45,45,47,35,41,46,43,34,36,38,40,39,47,38,37,35,46,40,39,32,37,39,42,43,43,42,39,46,44,42,45,43,43,38
43,44,37,41,42,40,42,44,32,38,45,44,43,47,40,48,45,44,47,35,41,46,44,34,36,38,40,38,48,38,37,35,46,40,39,32,37,38,42,43,43,42,39,47,44,42,45,44,44,38
43,44,37,41,42,40,41,44,33,38,45,44,42,48,40,48,45,46,47,35,40,46,45,34,36,38,40,38,48,38,37,36,46,40,39,33,37,38,41,43,42,42,39,47,44,42,44,43,46,38
43,44,37,41,42,40,41,44,33,38,45,44,42,48,40,48,45,46,48,35,40,46,47,35,35,38,40,38,48,38,37,36,48,40,39,33,37,38,41,43,42,41,39,47,44,42,44,43,48,38
46,44,37,41,42,40,40,44,33,38,45,44,42,48,40,48,44,46,47,35,40,46,48,35,35,38,40,37,48,38,37,36,48,40,38,33,37,38,40,43,41,40,38,46,44,41,44,43,48,38
46,44,36,41,42,40,40,44,33,38,45,44,42,47,39,49,47,46,47,35,40,45,48,35,35,38,40,37,48,38,37,35,48,39,38,33,37,38,40,42,41,40,38,46,44,41,44,42,48,38
46,43,36,41,42,40,40,44,33,38,45,44,42,47,39,48,46,45,47,35,40,45,48,35,35,38,40,37,48,38,37,35,49,39,38,33,36,38,40,42,40,40,38,46,44,40,44,42,47,38
46,44,36,40,42,40,39,43,33,38,45,45,41,47,39,49,45,44,47,35,40,45,49,35,35,38,40,37,47,37,37,35,48,39,38,33,35,39,40,41,40,40,38,45,44,40,44,42,46,38
45,43,36,40,42,39,39,43,33,38,44,45,40,46,39,48,45,43,46,35,40,44,48,35,35,37,40,37,47,37,37,35,48,40,38,33,35,39,40,41,39,39,38,45,43,39,44,42,46,38
45,42,36,40,42,39,39,42,33,38,44,44,40,46,39,48,45,42,46,35,40,43,49,35,35,37,40,36,46,37,38,35,48,40,38,33,35,39,40,41,39,39,37,45,43,39,44,41,45,38
45,41,36,39,42,39,39,42,34,38,43,44,40,46,39,48,44,42,46,35,40,43,48,35,35,37,40,36,46,37,37,35,48,40,38,33,35,39,40,40,39,39,37,44,43,38,43,41,45,38
44,40,36,39,42,39,39,41,34,38,42,44,40,45,38,48,44,42,45,35,39,42,48,35,35,37,40,36,45,37,38,35,48,40,38,33,35,39,40,40,39,39,37,44,42,38,43,41,44,38
44,39,36,39,42,39,39,41,34,37,41,44,40,45,38,47,43,41,45,36,39,42,48,35,36,36,40,36,45,37,38,35,47,40,38,33,35,38,39,40,38,39,37,44,41,37,43,40,43,38
44,39,37,39,42,38,39,41,34,37,41,44,40,45,38,47,43,41,45,36,39,41,48,35,36,36,40,36,45,36,37,35,46,39,38,33,35,38,39,40,38,38,37,44,41,37,43,40,43,38
43,39,37,39,42,38,39,40,34,37,41,44,40,44,38,46,42,41,45,36,39,41,48,35,36,36,40,36,44,36,37,35,46,39,37,33,34,38,39,40,38,38,37,44,40,37,43,39,42,37
43,39,37,39,41,38,39,40,34,37,41,44,40,44,38,46,42,41,45,36,38,41,47,35,35,36,39,36,44,36,37,35,45,39,37,33,34,38,39,40,38,38,37,44,40,37,43,39,42,37
42,39,37,39,41,38,38,40,34,37,41,44,40,44,38,45,42,41,45,36,38,41,47,35,35,36,39,36,43,36,37,35,44,39,37,33,34,37,38,40,38,38,37,43,40,37,42,38,42,37
42,38,37,39,41,38,38,40,34,37,41,43,39,44,38,45,42,40,44,36,38,41,46,35,35,36,39,36,43,36,37,35,43,38,37,33,34,37,38,39,38,38,36,43,39,37,42,38,41,37
42,38,37,38,41,38,38,39,34,37,40,43,39,44,37,44,42,40,44,36,38,41,46,35,35,36,38,36,42,36,37,35,43,38,37,33,34,37,37,39,37,38,36,42,39,37,41,38,40,36
41,38,37,38,40,37,38,39,34,36,39,43,38,43,37,43,41,40,44,36,37,40,45,35,35,35,38,35,42,36,37,35,42,37,36,33,34,37,37,39,37,37,36,42,38,37,41,38,40,36
41,38,37,38,40,37,38,39,34,36,39,42,38,43,37,43,41,40,43,36,37,40,45,35,35,35,38,35,41,36,37,35,41,37,36,33,35,36,37,39,37,37,36,42,38,37,41,38,40,36
40,37,37,38,40,37,38,39,34,36,39,42,38,43,37,42,41,40,43,36,37,40,44,35,35,36,38,36,41,36,38,35,40,37,36,33,35,36,37,39,37,37,36,42,38,37,41,37,39,36
40,37,36,38,39,37,37,38,34,36,39,42,38,42,37,42,41,40,43,36,37,40,44,35,35,36,37,36,41,36,38,35,40,37,37,33,35,36,37,39,37,37,36,42,38,37,40,37,39,36
40,37,36,38,39,36,37,38,34,36,39,42,38,42,37,42,41,40,43,36,37,40,44,35,36,36,37,36,40,36,38,36,40,36,37,34,35,36,37,39,37,37,37,41,38,37,40,37,39,36
39,37,37,38,39,36,37,38,34,35,38,42,38,42,37,42,40,40,42,37,37,40,44,35,36,36,37,36,40,37,38,36,40,36,37,34,35,36,37,39,37,38,37,41,38,37,40,37,39,37
39,38,37,38,39,36,37,38,35,36,38,42,38,42,37,41,40,40,42,37,37,40,43,35,36,36,37,36,40,37,38,36,40,36,37,34,34,36,37,39,37,38,37,41,38,37,40,37,39,37
39,38,37,38,39,36,37,38,35,36,38,42,38,42,37,41,40,40,42,37,37,40,43,36,36,36,37,36,40,37,38,36,39,37,37,34,34,36,37,39,38,38,37,41,38,37,40,37,39,37
39,38,37,38,39,36,37,38,35,35,38,42,38,42,37,41,40,40,42,37,36,40,43,36,36,36,37,36,40,37,39,36,38,37,37,34,34,36,37,39,38,38,37,41,38,37,40,37,39,37
39,38,37,38,39,36,37,38,35,35,38,42,38,42,37,41,40,40,42,37,36,40,43,36,36,36,37,36,40,37,39,36,38,37,37,35,34,36,37,39,38,38,37,41,38,37,40,38,39,37
39,38,37,38,39,36,38,38,35,34,39,42,38,42,37,41,40,40,42,38,36,41,43,36,35,36,37,36,40,37,39,36,38,37,38,35,33,36,37,39,38,38,38,42,38,38,41,38,39,37
39,38,37,38,40,36,38,38,35,34,39,42,39,42,37,40,40,40,42,38,35,41,43,36,35,37,38,36,40,37,39,37,38,37,38,35,33,36,37,39,38,38,38,42,38,38,41,38,39,38
39,38,37,38,40,36,38,38,36,34,39,42,39,42,37,40,40,40,42,38,35,41,43,37,35,37,38,37,40,38,38,37,37,37,38,35,33,36,37,39,38,39,38,42,38,38,41,38,40,38
39,38,38,38,40,37,38,39,36,33,39,42,39,42,38,40,41,40,42,38,34,41,43,37,35,36,38,37,40,38,38,37,37,37,38,36,33,36,37,40,38,39,38,42,39,38,41,38,40,38
39,38,38,39,40,37,38,39,36,33,39,42,39,42,38,40,41,40,42,39,34,41,43,37,35,36,38,37,40,38,38,37,36,38,39,36,33,35,38,40,39,39,39,42,39,38,41,38,40,38
39,38,38,38,40,37,38,39,36,33,39,42,39,43,38,41,41,40,42,39,34,41,43,37,35,36,38,37,40,38,38,37,36,38,39,36,33,35,38,40,39,39,39,42,39,38,41,38,40,38
39,38,38,38,40,37,38,39,37,32,39,42,39,43,38,41,41,40,42,39,33,41,43,38,35,35,39,38,40,39,38,37,36,38,39,37,33,35,38,40,39,39,39,41,39,39,41,39,40,39
39,38,39,37,40,37,39,39,37,32,39,42,40,43,38,41,41,40,42,39,33,41,43,38,34,35,39,38,41,39,38,37,36,38,39,37,32,35,38,40,39,40,39,41,39,39,42,39,40,39
40,39,39,37,40,38,39,39,37,32,39,42,40,43,39,41,41,40,42,40,33,40,43,38,34,35,38,38,40,39,37,37,36,38,40,37,32,35,38,41,39,40,40,41,39,39,42,39,41,39
40,39,39,37,41,38,39,40,38,32,39,42,40,43,39,41,41,40,43,40,33,40,43,38,34,35,38,38,40,40,37,36,36,39,40,36,32,35,38,41,40,40,40,41,40,39,42,39,41,39
40,39,39,37,41,38,39,40,38,32,39,42,40,43,39,41,41,41,43,40,33,40,43,39,34,35,38,39,40,40,37,36,35,39,40,36,32,35,38,41,40,40,40,40,40,40,42,39,41,40
40,39,40,37,41,38,39,40,38,31,39,43,40,43,40,40,42,41,43,41,33,40,44,39,34,35,39,39,40,40,37,36,36,39,40,36,32,35,38,41,40,41,40,40,40,40,42,40,41,40
40,39,40,37,41,39,40,40,39,31,38,43,41,43,40,40,42,41,43,41,33,40,44,39,34,34,39,39,40,40,37,37,36,40,41,36,32,35,38,42,40,41,41,40,40,40,43,40,42,40
41,40,40,36,40,39,40,40,39,31,38,43,41,43,40,40,42,41,43,41,33,40,44,40,34,35,39,39,40,41,37,37,35,40,41,36,32,35,38,42,41,42,41,40,40,41,44,40,42,41
41,40,40,37,40,39,40,41,39,31,38,43,41,44,41,39,42,41,44,42,33,40,44,40,34,35,39,39,40,41,37,37,35,40,41,37,32,35,38,42,41,42,41,40,41,41,43,41,42,41
41,40,41,36,40,39,40,41,40,31,38,43,41,44,41,40,43,42,45,44,34,40,44,40,33,34,38,40,40,41,37,37,35,41,41,37,32,35,38,41,41,42,42,40,41,42,42,41,43,41
42,40,42,36,40,39,41,41,40,31,38,44,41,44,41,40,43,42,45,44,34,40,44,41,33,34,38,40,40,46,37,38,35,42,41,37,31,35,38,41,42,43,42,40,41,42,42,41,43,42
42,41,43,36,40,40,40,41,40,31,38,43,42,44,41,40,43,42,45,45,34,41,44,41,34,34,38,40,39,47,37,38,35,42,41,38,31,35,38,42,43,43,42,40,42,43,42,41,43,42
42,41,43,37,41,40,40,41,41,31,38,43,43,43,42,39,45,42,45,46,34,40,44,42,34,34,38,39,39,47,37,38,35,42,41,38,31,36,38,42,43,43,42,40,42,43,42,42,44,42
42,41,43,37,40,40,40,41,41,31,38,43,43,43,42,40,47,42,45,46,35,40,44,42,34,35,38,39,39,47,37,38,35,43,41,38,32,36,38,42,43,43,42,40,44,43,42,42,44,43
42,41,43,37,41,40,40,42,41,31,38,43,43,43,43,40,47,42,45,46,35,40,44,42,34,35,38,40,39,47,38,38,35,44,41,39,32,36,38,42,43,44,42,40,45,44,42,42,44,43
43,42,44,37,41,41,40,42,41,32,37,44,44,43,43,40,47,44,45,47,35,40,46,43,34,35,38,40,39,47,38,37,35,46,40,39,32,37,39,42,43,44,42,40,46,44,42,42,43,43
43,42,44,37,41,41,40,42,43,32,37,46,45,43,43,40,48,45,45,47,35,41,46,43,34,35,38,40,39,47,38,38,35,46,40,39,32,37,39,42,43,43,42,40,46,44,42,45,43,43
43,42,44,37,41,41,40,42,44,32,38,45,45,43,47,40,48,45,45,47,35,41,46,43,34,36,38,40,39,47,38,37,35,46,40,39,32,37,38,42,43,43,42,39,46,44,42,45,43,43
43,43,44,37,41,42,40,41,44,32,38,45,44,43,47,40,48,45,44,47,35,40,46,44,34,36,38,40,38,48,38,37,35,46,40,39,32,37,38,42,43,43,42,39,47,44,42,45,43,44
43,43,44,37,41,42,40,41,44,32,38,45,44,42,48,40,48,45,46,47,35,40,46,45,34,36,38,40,38,48,38,37,36,46,40,39,32,37,38,41,43,42,42,39,47,44,42,44,43,46
43,43,44,37,41,42,40,41,44,33,38,45,44,42,48,40,48,45,46,47,35,40,46,47,34,35,38,40,38,48,38,37,36,48,40,39,33,37,38,41,43,42,41,39,47,44,42,44,43,48
43,46,44,37,41,42,40,40,44,33,38,45,44,42,48,40,48,44,46,47,35,40,46,48,35,35,38,40,37,48,38,37,35,48,40,38,33,37,38,40,43,41,40,38,46,44,41,44,43,48
43,46,44,36,41,42,40,40,44,33,38,45,44,42,47,39,49,47,46,47,35,40,45,48,34,35,38,40,37,48,37,37,35,48,39,38,33,37,38,40,42,40,40,38,46,44,41,44,42,48
43,46,43,36,41,42,40,40,44,33,38,45,44,42,47,39,48,46,45,47,35,40,44,48,35,35,38,40,37,48,37,37,35,49,39,38,33,36,38,40,42,40,40,38,46,44,40,44,42,47
43,45,43,36,40,42,39,39,43,33,38,45,45,41,47,39,49,45,43,46,35,40,44,49,35,35,38,40,37,47,37,37,35,48,39,38,33,35,38,40,41,39,39,38,45,43,40,44,42,46
43,45,43,36,40,42,39,39,42,33,38,44,45,40,46,39,48,45,43,46,35,40,44,48,35,35,37,40,36,47,37,37,35,48,39,38,33,35,39,40,41,39,39,37,45,43,39,44,42,46
43,45,42,36,40,42,39,39,42,33,38,44,44,40,46,39,48,44,42,46,35,40,43,49,35,35,37,40,36,46,37,38,35,48,39,38,33,35,39,40,40,39,39,37,45,43,39,43,41,45
43,44,41,36,39,42,39,39,42,34,38,43,44,40,46,39,48,44,42,46,35,40,43,48,35,35,36,40,36,46,37,37,35,48,39,38,33,35,39,40,40,39,39,37,44,43,38,43,41,45
43,44,40,36,39,42,39,39,41,34,38,42,44,40,45,38,47,43,42,45,35,39,42,48,35,35,36,40,36,45,37,38,35,47,39,38,33,35,38,40,40,38,39,37,44,42,38,43,41,44
43,44,39,36,39,42,39,39,41,34,37,41,44,40,45,38,47,43,41,45,36,39,42,48,35,36,36,40,36,45,37,38,35,47,39,38,33,35,38,39,40,38,38,37,44,41,37,43,40,43
43,43,39,37,39,42,38,39,40,34,37,41,44,40,45,38,47,43,41,45,36,39,41,48,35,36,36,40,36,45,36,37,35,46,39,37,33,34,38,39,40,38,38,37,44,41,37,43,39,43
43,43,38,37,39,41,38,39,40,34,37,41,44,39,44,38,46,42,41,45,36,38,41,47,35,35,36,39,36,44,36,37,35,46,39,37,33,34,38,39,40,38,38,37,43,40,37,43,39,42
42,42,38,37,39,41,38,38,40,34,37,41,44,39,44,38,46,42,41,45,36,38,41,47,35,35,36,39,36,44,36,37,35,45,39,37,33,34,37,39,40,38,38,37,43,40,37,42,39,42
42,42,38,37,39,41,38,38,40,34,37,41,43,39,44,38,45,42,41,44,36,38,41,47,35,35,36,39,36,43,36,37,35,44,38,37,33,34,37,38,39,38,38,37,43,39,37,42,38,41
42,42,38,37,38,41,38,38,39,34,36,40,43,39,44,38,44,42,40,44,36,38,41,46,35,35,36,38,36,42,36,37,35,43,38,37,33,34,37,38,39,38,38,36,43,39,37,42,38,41
42,42,38,37,38,41,37,38,39,34,36,40,43,39,43,37,44,42,40,44,36,38,40,46,35,35,35,38,36,42,36,37,35,42,37,37,33,34,37,37,39,37,37,36,42,38,37,41,38,40
42,41,38,37,38,40,37,38,39,34,36,39,43,38,43,37,43,41,40,44,36,37,40,45,35,35,35,38,35,41,36,37,35,41,37,36,33,34,37,37,39,37,37,36,42,38,37,41,38,40
41,41,37,37,38,40,37,38,39,34,36,39,42,38,43,37,43,41,40,43,36,37,40,45,35,35,35,38,35,41,36,37,35,41,37,36,33,34,36,37,39,37,37,36,42,38,37,41,37,40
41,40,37,36,38,40,37,37,38,34,36,39,42,38,42,37,42,41,40,43,36,37,40,44,35,35,35,37,35,41,36,37,35,40,37,36,33,35,36,37,39,37,37,36,42,38,37,40,37,39
41,40,37,36,38,39,36,37,38,34,35,39,42,38,42,37,42,41,40,43,36,37,40,44,35,35,35,37,35,40,36,38,35,40,36,36,33,35,36,36,39,37,37,36,41,38,37,40,37,39
40,39,37,36,38,39,36,37,38,34,35,38,42,38,42,37,42,40,39,43,36,37,40,44,35,36,35,37,36,40,36,38,35,40,36,37,33,35,36,36,39,37,37,36,41,38,37,40,37,39
40,39,37,36,38,39,36,37,38,34,35,38,42,38,42,37,41,40,39,42,36,37,40,43,35,36,36,37,36,40,36,38,35,40,36,37,34,35,36,37,39,37,37,37,41,38,37,40,37,39
40,39,37,36,38,39,36,37,38,34,35,38,42,38,42,37,41,40,39,42,37,37,40,43,35,36,36,37,36,40,37,38,36,40,36,37,34,34,36,37,39,37,38,37,41,38,37,40,37,39
40,39,37,37,38,39,36,37,38,35,35,38,42,38,42,37,41,40,39,42,37,36,40,43,35,36,36,37,36,40,37,38,36,39,36,37,34,34,36,37,39,37,38,37,41,38,37,40,37,39
40,39,37,37,38,39,36,37,38,35,35,38,42,38,42,37,41,40,39,42,37,36,40,43,36,36,36,37,36,40,37,38,36,38,36,37,34,34,36,37,39,38,38,37,41,38,37,40,37,39
40,39,37,37,38,39,36,37,38,35,35,38,42,38,42,37,41,40,39,42,37,36,40,43,36,35,36,37,36,40,37,39,36,38,37,37,34,33,36,37,39,38,38,37,41,38,37,40,37,39
40,39,38,37,38,39,36,37,38,35,34,38,42,38,42,37,40,40,40,42,38,35,40,43,36,35,36,37,36,40,37,39,36,38,37,37,35,33,36,37,39,38,38,38,41,38,37,40,38,39
40,39,38,37,38,40,36,38,38,35,34,39,42,38,42,37,40,40,40,42,38,35,41,43,36,35,36,37,36,40,37,39,36,37,37,38,35,33,36,37,39,38,38,38,42,38,38,41,38,39
40,39,38,37,38,40,36,38,38,36,33,39,42,39,42,37,40,40,40,42,38,34,41,43,37,35,36,38,37,40,38,38,37,37,37,38,35,33,36,37,39,38,39,38,42,38,38,41,38,40
40,39,38,38,38,40,36,38,39,36,33,39,42,39,42,38,40,40,40,42,38,34,41,43,37,35,36,38,37,40,38,38,37,37,37,38,36,33,36,37,40,38,39,38,42,38,38,41,38,40
40,39,38,38,39,40,37,38,39,36,33,39,42,39,42,38,40,41,40,42,39,34,41,43,37,35,36,38,37,40,38,38,37,36,37,38,36,33,35,38,40,38,39,38,41,39,38,41,38,40
40,39,38,38,38,40,37,38,39,36,32,39,42,39,42,38,40,41,40,42,39,34,41,43,37,35,36,38,37,40,38,38,37,36,38,39,36,32,35,38,40,39,39,39,41,39,38,41,38,40
40,39,38,38,38,40,37,38,39,37,32,39,42,39,43,38,41,41,40,42,39,33,41,43,38,34,35,38,38,40,39,38,37,36,38,39,36,32,35,38,40,39,39,39,41,39,39,41,39,40
41,39,38,38,37,40,37,39,39,37,32,39,42,39,43,38,41,41,40,42,39,33,41,43,38,34,35,38,38,40,39,37,37,36,38,39,36,32,35,38,40,39,40,39,41,39,39,42,39,40
41,40,39,39,37,40,38,39,39,37,32,39,42,40,43,39,41,41,40,42,40,33,40,43,38,34,35,38,38,40,39,37,37,36,38,40,37,32,35,38,41,39,40,40,41,39,39,42,39,41
41,40,39,39,37,41,38,39,40,38,32,39,42,40,43,39,41,41,40,43,40,33,40,43,38,34,35,38,38,40,40,37,36,35,39,40,36,32,35,38,41,40,40,40,40,40,39,42,39,41
41,40,39,39,37,41,38,39,40,38,32,39,42,40,43,39,40,41,41,43,40,33,40,43,39,34,35,38,39,40,40,37,36,35,39,40,36,32,35,38,41,40,40,40,40,40,40,42,39,41
41,40,39,40,37,41,38,39,40,38,31,38,43,40,43,40,40,42,41,43,41,33,40,44,39,34,34,38,39,40,40,37,36,35,39,40,36,32,35,38,41,40,41,40,39,40,40,42,40,41
41,40,39,40,37,40,39,40,40,38,31,38,43,41,43,40,40,42,41,43,41,33,40,44,39,34,34,39,39,40,40,37,37,35,40,41,36,31,34,38,42,40,41,41,40,40,40,43,40,42
41,41,40,40,36,40,39,40,40,39,31,38,43,41,43,40,39,42,41,43,41,33,40,44,40,34,34,38,39,40,41,36,37,35,40,41,36,31,35,38,42,41,42,41,40,40,41,43,40,42
42,41,40,40,36,40,39,40,41,39,31,38,43,41,44,41,39,42,41,44,42,33,40,44,40,34,35,38,39,40,41,37,37,35,40,41,36,32,35,37,42,41,42,41,40,41,41,43,40,42
42,41,40,41,36,40,39,40,41,39,31,38,43,41,44,41,39,43,42,45,44,33,40,44,40,33,34,38,39,40,41,37,37,35,41,41,37,32,35,37,41,41,42,41,39,41,42,42,41,43
42,42,40,42,36,40,39,40,41,40,31,38,44,41,44,41,40,43,42,45,44,34,40,44,41,33,34,38,40,40,46,36,37,35,42,40,37,31,35,37,41,42,43,42,39,41,42,42,41,43
42,42,41,43,36,40,39,40,41,40,31,37,43,42,44,41,40,43,42,45,45,34,40,44,41,33,34,38,39,39,47,37,38,35,42,41,38,31,35,38,41,43,43,42,39,42,43,42,41,43
43,42,41,43,36,40,40,39,41,41,31,38,43,43,42,42,39,45,42,45,46,34,40,44,42,34,34,37,39,39,47,37,37,35,42,41,38,31,35,38,41,43,43,42,39,42,43,42,42,43
43,42,41,43,36,40,40,39,41,41,31,38,43,43,42,42,39,47,42,45,46,34,40,44,42,34,35,37,39,39,47,37,38,35,43,41,38,32,36,38,41,43,43,42,39,44,43,42,42,43
46,42,41,43,37,40,40,39,41,41,31,37,43,43,42,43,39,47,42,45,46,34,40,44,42,34,35,38,39,38,47,37,37,35,44,40,38,32,36,38,41,42,44,42,39,45,44,42,42,43
46,42,42,44,37,40,41,39,41,41,31,37,44,44,43,43,40,47,44,45,47,34,40,46,43,34,35,38,39,38,47,38,37,35,46,40,39,32,36,38,42,42,44,42,39,46,44,42,42,43
46,42,42,44,37,41,41,40,41,43,32,37,46,45,43,43,40,48,45,45,47,35,40,46,43,34,35,38,39,38,47,37,37,35,46,40,39,32,36,38,42,42,43,42,39,46,44,42,45,43
46,43,42,44,37,41,41,40,41,44,32,37,45,45,43,47,40,48,45,45,47,35,40,46,43,34,35,38,40,38,47,38,37,35,46,39,39,32,36,38,41,42,43,42,39,46,44,42,45,43
46,43,43,43,37,41,41,39,41,44,32,38,45,44,42,47,40,48,45,44,47,35,40,45,44,34,35,38,40,38,48,38,37,35,46,39,39,32,37,38,41,42,42,41,39,47,44,41,44,43
46,43,43,43,37,41,41,39,41,44,32,37,45,44,42,47,40,48,45,46,47,35,40,45,45,34,35,38,40,38,48,37,37,35,46,39,38,32,37,38,41,42,42,41,39,47,43,41,44,43
46,43,43,43,37,41,41,39,40,44,32,38,45,44,42,47,40,48,45,45,47,35,40,45,47,34,35,38,40,37,48,37,37,35,48,39,38,33,37,38,40,42,41,41,38,46,43,41,44,43
46,43,46,43,36,41,41,39,40,44,32,38,45,44,42,47,39,48,44,45,47,35,40,45,48,34,35,37,40,37,48,37,37,35,48,39,38,33,37,38,40,42,41,40,38,46,44,41,44,42
46,43,45,43,36,40,42,39,40,44,33,38,44,44,42,47,39,49,47,45,47,35,40,45,48,34,35,37,40,37,48,37,37,35,48,39,38,33,37,38,40,42,40,40,38,46,43,40,43,42
45,43,45,43,36,40,41,39,39,43,33,38,44,44,41,46,39,48,46,44,47,35,40,44,48,34,35,37,40,37,47,37,37,35,49,39,38,33,35,38,40,42,40,39,38,46,43,40,43,42
45,43,45,43,36,40,41,39,39,43,33,38,44,45,41,46,38,49,45,43,46,35,39,44,49,34,35,37,40,36,47,37,37,35,48,39,38,33,35,38,40,41,39,39,37,45,43,39,43,42
45,43,45,43,36,40,41,39,39,42,33,38,44,44,40,46,38,48,44,42,46,35,39,44,48,35,35,37,39,36,46,37,37,35,48,39,37,33,35,38,40,40,39,39,37,45,43,39,43,41
45,43,44,42,36,39,42,39,39,42,33,38,43,44,40,46,38,48,44,42,46,35,39,43,49,35,35,36,39,36,46,37,37,35,48,39,37,33,35,38,40,40,39,39,37,44,43,38,43,41
45,43,44,40,36,39,41,39,39,41,33,38,43,44,40,45,38,48,44,41,45,35,39,42,48,35,35,36,39,36,45,37,37,35,48,39,37,33,35,38,39,40,38,39,37,44,42,38,43,41
44,43,44,39,36,39,41,39,39,41,33,38,42,43,40,45,38,47,43,41,45,35,39,42,48,35,35,36,39,36,45,37,37,35,47,39,37,33,34,38,39,40,38,38,37,44,42,38,43,40
44,42,43,39,36,39,41,38,38,40,34,37,41,43,39,45,38,47,43,41,45,35,39,41,48,35,35,36,39,36,45,36,37,35,46,39,37,32,34,38,39,40,38,38,37,43,41,37,43,40
44,42,43,38,36,39,41,38,38,40,34,37,41,44,39,44,38,46,42,41,44,35,39,41,47,35,35,36,39,36,44,36,37,35,46,39,37,33,34,38,39,40,38,38,36,43,40,37,43,39
43,42,43,38,36,39,41,38,38,40,34,36,41,44,39,44,38,46,42,40,44,36,38,41,47,35,35,36,39,36,44,36,37,35,45,39,37,33,34,38,39,40,38,38,36,43,40,37,42,39
43,42,42,38,37,39,41,38,38,40,34,36,40,44,39,43,37,45,42,40,44,36,38,41,47,35,35,35,39,36,44,36,37,35,44,39,37,33,34,37,38,39,38,38,36,43,39,37,42,38
43,42,42,38,37,38,41,37,38,39,34,36,40,43,39,43,37,45,41,40,44,36,38,41,46,35,35,35,39,35,43,36,37,35,43,38,37,33,34,37,38,39,37,37,36,43,39,37,42,38
43,42,42,38,37,38,41,37,38,39,34,36,40,43,39,43,37,44,41,40,44,36,38,40,46,35,35,35,38,35,42,36,37,35,43,38,36,33,34,37,37,39,37,37,36,43,38,37,41,38
43,42,41,38,36,38,40,37,38,39,34,36,39,43,38,43,37,44,41,40,44,36,37,40,45,35,35,35,38,35,42,36,37,35,42,37,36,33,34,36,37,39,37,37,36,42,38,37,41,37
42,41,41,37,36,38,40,37,38,39,34,36,39,42,38,43,37,43,41,40,43,36,37,40,45,34,35,35,38,35,41,36,37,35,41,37,36,33,34,36,37,38,37,37,36,42,38,36,41,37
42,41,40,37,36,38,40,37,37,38,34,35,39,42,38,42,37,42,41,40,43,36,37,40,44,34,35,35,37,35,41,36,37,35,40,36,36,33,34,36,36,38,37,37,36,42,38,36,40,37
42,41,40,37,36,37,39,36,37,38,34,35,38,42,38,42,36,42,41,39,43,36,37,40,44,34,35,35,37,35,41,36,37,35,40,36,36,33,34,36,36,38,37,37,36,41,38,36,40,37
41,40,39,37,36,37,39,36,37,38,34,35,38,42,38,42,36,42,40,39,42,36,37,40,44,35,35,35,37,35,40,36,37,35,40,36,36,33,34,36,36,38,37,37,36,41,37,36,40,37
41,40,39,37,36,37,39,36,37,38,34,35,38,41,38,42,36,41,40,39,42,36,37,40,43,35,35,35,37,35,40,36,37,35,39,36,36,33,34,36,36,38,37,37,36,41,37,36,40,37
41,40,39,37,36,37,39,36,37,38,34,35,38,41,38,42,36,41,40,39,42,36,37,40,43,35,35,35,37,35,40,36,38,35,39,36,36,33,34,36,36,38,37,37,36,41,37,37,40,37
40,40,39,37,36,37,39,36,37,38,34,35,38,41,38,42,36,41,40,39,42,36,37,40,43,35,36,35,37,35,40,36,38,35,39,36,37,34,34,36,36,38,37,37,37,41,37,37,40,37
40,40,39,37,36,37,39,36,37,38,34,35,38,41,38,42,36,41,40,39,42,37,36,40,43,35,36,36,37,36,40,37,38,36,38,36,37,34,33,36,36,38,37,37,37,41,38,37,40,37
40,40,39,37,36,38,39,36,37,38,35,35,38,41,38,42,37,41,40,39,42,37,36,40,43,35,35,36,37,36,40,37,38,36,37,36,37,34,33,36,36,39,37,38,37,41,38,37,40,37
40,40,39,37,37,38,39,36,37,38,35,34,38,41,38,42,37,40,40,39,42,37,35,40,43,36,35,36,37,36,39,37,38,36,37,36,37,34,33,35,37,39,37,38,37,41,38,37,40,37
40,40,39,37,37,38,39,36,37,38,35,33,38,41,38,42,37,40,40,39,42,37,35,40,43,36,35,36,37,36,39,37,39,36,37,37,37,34,33,35,37,39,38,38,37,41,38,37,40,37
41,40,39,37,37,38,39,36,37,38,35,33,38,42,38,42,37,40,40,39,42,38,34,40,43,36,34,36,37,36,40,37,38,36,37,37,38,35,33,35,37,39,38,38,38,42,38,37,40,37
41,40,39,37,37,38,39,36,38,38,35,33,38,42,38,42,37,40,40,40,42,38,34,41,43,36,35,36,37,36,40,37,37,36,36,37,38,35,32,35,37,39,38,38,38,41,38,38,41,38
41,40,39,38,37,38,40,36,38,38,36,32,39,42,39,42,37,40,40,40,42,38,33,41,43,37,34,36,38,37,40,38,37,36,36,37,38,35,32,35,37,39,38,39,38,41,38,38,41,38
41,40,39,38,38,38,40,36,38,38,36,32,39,42,39,42,38,40,40,40,42,38,33,40,43,37,34,36,38,37,40,38,37,36,35,37,38,36,32,35,37,39,38,39,38,40,38,38,41,38
41,40,39,38,38,37,40,37,38,39,36,32,39,42,39,42,38,40,41,40,42,39,33,40,43,37,34,35,38,37,40,38,37,36,35,38,39,36,32,34,38,40,39,39,39,40,39,38,41,38
41,40,39,38,38,37,40,37,38,39,37,32,39,42,39,42,38,40,41,40,42,39,33,40,43,37,34,34,38,37,40,39,37,36,35,38,39,36,32,34,38,40,39,39,39,40,39,39,41,38
41,40,39,38,38,36,40,37,38,39,37,32,39,42,39,42,38,40,41,40,42,39,33,40,43,38,34,35,38,38,39,39,37,36,35,38,39,36,32,34,38,40,39,40,39,40,39,39,42,39
41,40,39,38,39,36,40,37,39,39,37,31,38,42,40,43,39,40,41,40,42,40,33,39,43,38,33,34,37,38,39,39,36,36,35,38,39,36,32,35,37,40,39,40,39,40,39,39,42,39
41,41,40,39,39,36,40,38,39,39,37,31,38,42,40,43,39,40,41,40,42,40,32,39,43,38,33,34,37,38,39,39,36,36,35,39,40,35,31,35,37,41,40,40,40,40,39,39,42,39
41,41,40,39,39,36,40,38,39,40,38,31,38,42,40,43,39,40,41,40,43,40,32,39,43,39,33,34,37,38,39,40,36,35,34,39,40,35,31,34,37,41,40,40,40,39,40,40,42,39
42,41,40,39,39,36,40,38,39,40,38,31,38,43,40,43,39,39,42,41,43,41,32,39,44,39,33,34,38,38,39,40,36,36,35,39,40,35,31,34,37,41,40,41,40,39,40,40,42,40
42,41,40,39,40,36,40,39,40,40,38,31,37,43,40,43,40,39,42,41,43,41,32,39,44,39,33,34,38,38,39,40,36,36,35,40,40,35,31,34,37,42,40,41,40,39,40,40,43,40
42,41,41,39,40,36,39,39,40,40,39,30,38,43,41,43,40,39,42,41,43,41,33,39,44,40,33,34,38,38,39,41,36,36,35,40,40,35,31,34,37,41,41,42,40,39,40,41,43,40
42,42,41,40,40,36,39,39,40,41,39,30,37,43,41,44,40,38,42,41,44,42,33,39,44,40,33,34,38,38,39,41,36,36,34,40,40,36,31,34,37,41,41,42,40,39,41,41,42,40
42,42,41,40,41,35,39,39,40,41,39,30,37,43,41,44,41,39,43,41,45,44,33,39,44,40,33,34,37,39,39,41,36,37,34,41,40,36,31,34,37,40,41,42,41,39,41,42,41,41
45,42,42,40,42,35,39,39,40,41,40,30,37,44,41,44,41,39,43,42,45,44,33,39,44,41,32,34,37,39,39,46,36,37,34,42,40,36,31,34,37,40,42,43,41,39,41,42,41,41
45,42,41,40,43,36,39,39,39,40,40,30,37,43,42,43,41,39,43,42,45,45,33,40,44,41,33,33,37,39,38,47,36,37,34,42,40,37,30,35,37,40,42,43,41,39,42,43,41,41
45,43,41,41,43,36,40,39,39,40,40,31,37,43,43,42,42,38,45,42,45,45,34,39,44,42,33,34,37,38,38,47,36,37,34,42,40,37,31,35,37,41,42,43,41,39,42,43,41,42
45,43,42,41,43,36,40,39,39,40,41,30,37,43,43,42,42,39,47,42,45,46,34,39,44,42,33,34,37,38,38,47,37,37,34,43,40,37,31,35,37,41,42,43,41,39,44,43,41,42
45,45,41,41,43,36,40,40,39,41,41,31,37,43,43,42,43,39,47,42,45,46,34,39,44,42,33,34,37,39,38,47,37,37,34,44,40,38,31,35,38,41,42,43,41,39,45,43,41,42
45,45,42,42,43,36,40,40,39,41,41,31,36,44,44,42,43,39,47,44,45,46,34,40,45,43,34,35,37,39,38,47,37,37,34,45,39,38,31,36,38,41,42,43,41,39,46,43,41,42
45,46,42,42,43,36,40,40,39,41,43,31,37,45,44,42,43,39,48,45,45,46,34,40,45,43,34,35,37,39,38,47,37,37,34,46,39,38,32,36,38,41,42,42,41,39,46,43,41,44
45,46,42,42,43,36,40,41,39,41,43,32,37,44,45,42,47,39,48,45,45,46,34,40,45,43,34,35,37,39,38,47,37,37,35,46,39,38,32,36,38,41,42,42,41,39,46,43,41,44
45,46,42,43,43,37,40,41,39,41,43,32,37,44,44,42,47,39,48,45,44,46,34,40,45,44,34,35,37,39,38,48,37,37,35,46,39,38,32,36,38,41,42,42,41,38,47,43,41,44
45,46,42,43,43,37,40,41,39,40,43,32,37,44,44,41,47,39,48,45,45,47,34,40,45,45,34,35,37,39,37,48,37,37,35,46,39,38,32,36,37,40,42,41,41,38,46,43,41,44
45,46,42,43,43,36,40,41,39,40,43,32,37,44,44,42,47,39,48,45,45,47,34,39,45,47,34,35,37,39,37,48,37,37,35,48,39,38,32,37,37,40,42,41,40,38,46,43,41,44
45,46,42,45,43,36,40,41,39,40,43,32,37,44,44,41,47,39,48,44,45,47,34,39,45,48,34,34,37,39,37,48,37,37,35,48,39,38,32,37,37,40,42,40,40,38,46,43,40,43
45,45,43,45,43,36,40,41,39,39,43,32,38,44,44,41,47,39,49,46,45,47,34,40,45,48,34,34,37,39,36,48,37,37,35,48,39,37,33,36,38,40,42,40,39,37,46,43,40,43
45,45,43,45,43,35,40,41,39,39,43,32,38,44,44,41,46,38,48,45,44,46,34,40,44,48,34,35,37,39,36,47,37,37,35,49,39,37,33,35,38,40,41,39,39,37,45,43,39,43
44,45,43,45,43,35,40,41,39,39,43,33,38,44,45,41,46,38,49,45,43,46,34,39,44,49,34,35,37,39,36,47,37,37,35,48,39,37,33,35,38,39,41,39,39,37,45,43,39,43
44,45,43,45,42,36,39,41,39,39,42,33,38,44,44,40,46,38,48,44,42,46,35,39,43,48,34,35,36,39,36,46,37,37,35,48,39,37,33,35,38,39,40,39,39,37,45,43,39,43
45,45,43,44,42,36,39,41,39,38,41,33,38,43,44,40,45,38,48,44,42,45,35,39,42,49,35,35,36,39,36,45,37,37,35,48,39,37,32,35,38,39,40,38,39,37,44,42,38,43
44,45,42,44,40,36,39,41,39,38,41,33,37,43,43,40,45,38,48,43,41,45,35,39,42,48,35,35,36,39,36,45,37,37,35,48,39,37,32,34,38,39,40,38,38,37,44,42,38,43
44,44,42,44,39,36,39,41,38,38,41,33,37,42,43,39,45,38,47,43,41,45,35,39,42,48,35,35,36,39,36,45,36,37,35,47,39,37,32,34,38,39,40,38,38,37,44,42,37,43
44,44,42,43,39,36,39,41,38,38,40,34,37,41,43,39,45,38,47,43,41,44,35,39,41,48,35,35,36,39,36,45,36,37,35,46,39,37,32,34,38,39,40,38,38,37,43,41,37,43
43,44,42,43,38,36,39,41,38,38,40,34,37,41,43,39,44,38,46,42,41,44,35,38,41,47,35,35,36,39,36,44,36,37,35,46,39,37,32,34,38,39,40,38,38,36,43,40,37,43
43,43,42,43,38,36,39,41,38,38,40,34,36,40,44,39,44,38,46,42,40,44,36,38,41,47,35,35,36,39,36,44,36,37,35,45,39,37,33,34,37,38,40,38,38,36,43,40,37,42
43,43,42,42,38,37,39,41,38,38,40,34,36,40,44,39,43,37,45,42,40,44,36,38,41,47,35,35,35,39,35,44,36,37,35,44,39,37,33,34,37,38,39,38,38,36,43,39,37,42
42,43,42,42,38,37,39,41,37,38,39,34,36,40,43,39,43,37,45,41,40,44,36,38,41,46,35,35,35,39,35,43,36,37,35,43,38,37,33,34,37,38,39,37,37,36,43,39,37,42
42,43,42,42,38,37,38,41,37,38,39,34,36,40,43,39,43,37,44,41,40,44,36,38,41,46,35,35,35,38,35,42,36,37,35,43,38,37,33,34,37,37,39,37,37,36,43,38,37,41
42,43,42,41,38,36,38,40,37,38,39,34,36,40,43,38,43,37,44,41,40,44,36,37,40,45,35,35,35,38,35,42,36,37,35,42,37,36,33,34,36,37,39,37,37,36,42,38,37,41
42,42,41,41,37,36,38,40,37,38,39,34,36,39,42,38,43,37,43,41,40,43,36,37,40,45,35,35,35,38,35,41,36,37,35,41,37,36,33,34,36,37,38,37,37,36,42,38,36,41
41,42,41,40,37,36,38,40,37,38,38,34,35,39,42,38,42,37,42,41,40,43,36,37,40,44,34,35,35,37,35,41,36,37,35,40,37,36,33,34,36,36,38,37,37,36,42,38,36,40
41,42,41,40,37,36,38,39,36,37,38,34,35,39,42,38,42,37,42,41,39,43,36,37,40,44,34,35,35,37,35,41,36,37,35,40,36,36,33,34,36,36,38,37,37,36,41,38,36,40
40,41,40,40,37,36,37,39,36,37,38,34,35,38,42,38,42,36,42,40,39,43,36,37,40,44,35,35,35,37,35,40,36,37,35,40,36,36,33,34,36,36,38,37,37,36,41,38,36,40
40,41,40,39,37,36,38,39,36,37,38,34,35,38,42,38,42,36,41,40,39,42,36,37,40,43,35,35,35,37,35,40,36,38,35,40,36,36,33,34,36,36,38,37,37,36,41,38,37,40
39,41,40,39,37,36,38,39,36,37,38,34,35,38,41,38,42,36,41,40,39,42,36,37,40,43,35,36,35,37,35,40,36,38,35,39,36,36,33,35,36,36,39,37,37,36,41,38,37,40
39,41,40,39,37,36,37,39,36,37,38,34,35,38,41,38,42,37,41,40,39,42,37,37,40,43,35,36,35,37,36,40,36,38,35,39,36,37,34,34,36,36,39,37,37,37,41,38,37,40
39,41,40,39,37,36,38,39,36,37,38,34,35,38,41,38,42,37,41,40,39,42,37,36,40,43,35,36,36,37,36,40,37,38,36,39,36,37,34,34,36,36,39,37,38,37,41,38,37,40
39,41,40,39,37,37,38,39,36,37,38,35,35,38,41,38,42,37,41,40,39,42,37,36,40,43,36,36,36,37,36,40,37,38,36,38,36,37,34,33,36,37,39,37,38,37,41,38,37,40
38,41,40,39,37,37,38,39,36,37,38,35,35,38,41,38,42,37,40,40,39,42,37,35,40,43,36,35,36,37,36,40,37,39,36,38,36,37,34,33,36,37,39,38,38,37,41,38,37,40
38,41,40,39,37,37,38,39,36,37,38,35,34,38,42,38,42,37,40,40,39,42,37,35,40,43,36,35,36,37,36,40,37,39,36,37,37,37,35,33,36,37,39,38,38,37,41,38,37,40
38,41,40,39,37,37,38,39,36,38,38,35,33,38,42,38,42,37,40,40,40,42,38,35,41,43,36,35,36,37,36,40,37,38,36,37,37,38,35,33,36,37,39,38,38,38,42,38,38,41
38,41,40,39,38,37,38,40,36,38,38,36,33,39,42,39,42,37,40,40,40,42,38,34,41,43,36,35,36,38,37,40,38,38,37,37,37,38,35,33,36,37,39,38,38,38,42,38,38,41
38,41,40,39,38,37,38,40,36,38,38,36,33,39,42,39,42,37,40,40,40,42,38,34,41,43,37,35,36,38,37,40,38,38,37,36,37,38,35,33,35,37,39,38,39,38,41,38,38,41
38,41,40,39,38,38,38,40,37,38,39,36,32,39,42,39,42,38,40,41,40,42,39,33,41,43,37,35,36,38,37,40,38,37,37,36,37,38,36,32,35,38,40,38,39,38,41,39,38,41
38,41,40,39,38,38,37,40,37,38,39,36,32,39,42,39,42,38,40,41,40,42,39,33,41,43,37,34,36,38,37,40,38,37,36,36,38,39,36,32,35,38,40,39,39,39,41,39,38,41
38,41,40,39,38,38,37,40,37,38,39,37,32,39,42,39,42,38,41,41,40,42,39,33,40,43,38,34,35,38,38,40,39,37,37,36,38,39,36,32,35,38,40,39,39,39,41,39,39,41
39,41,40,39,38,38,37,40,37,39,39,37,32,39,42,39,43,38,41,41,40,42,39,33,40,43,38,34,35,38,38,40,39,37,36,36,38,39,36,32,35,38,40,39,40,39,40,39,39,42
39,41,41,39,38,39,37,40,37,39,39,37,32,39,42,40,43,39,41,41,40,42,40,33,40,43,38,34,35,38,38,40,39,37,36,35,38,40,37,32,35,38,41,39,40,39,40,39,39,42
39,41,41,40,39,39,37,41,38,39,40,38,32,39,42,40,43,39,40,41,40,43,40,33,40,43,38,34,35,38,38,40,39,37,36,35,39,40,36,32,35,38,41,40,40,40,40,40,39,42
38,42,41,40,39,39,37,41,38,39,40,38,31,38,42,40,43,39,40,41,41,43,40,33,40,43,39,34,35,38,39,39,40,37,36,35,39,40,36,32,35,38,41,40,40,40,40,40,40,42
38,42,41,40,39,40,37,40,38,39,40,38,31,38,43,40,43,40,40,42,41,43,41,33,39,44,39,34,34,38,39,40,40,36,36,35,39,40,36,32,34,38,41,40,41,40,39,40,40,42
38,42,41,40,39,40,36,40,39,40,40,38,31,38,43,40,43,40,40,42,41,43,41,33,40,44,39,34,34,38,38,40,40,36,36,35,40,40,36,31,34,38,42,40,41,40,39,40,40,43
38,42,41,41,40,40,36,40,39,40,40,39,31,38,43,41,43,40,39,42,41,43,41,33,40,44,40,34,34,38,39,39,41,36,36,35,40,40,36,31,34,37,42,41,42,41,39,40,41,43
38,42,42,41,40,40,36,39,39,40,41,39,31,38,43,41,44,40,39,42,41,44,42,33,39,44,40,34,35,38,39,39,41,36,37,35,40,41,36,32,35,37,41,41,42,41,40,41,41,43
37,42,42,41,40,41,36,40,39,40,41,39,31,38,43,41,44,41,39,43,41,45,44,33,40,44,40,33,34,38,39,40,41,37,37,34,41,41,37,31,35,37,41,41,42,41,39,41,42,42
37,45,42,42,40,42,36,40,39,40,41,40,31,37,44,41,44,41,39,43,42,45,44,34,40,44,41,33,34,38,40,40,46,36,37,35,42,40,37,31,35,37,41,42,43,41,39,41,42,42
38,45,42,42,41,43,36,40,39,40,41,40,31,37,43,42,44,41,40,43,42,45,45,34,40,44,41,33,34,37,39,38,47,37,37,35,42,40,37,31,35,37,41,42,43,41,39,42,43,42
38,45,43,42,41,43,36,40,40,39,41,41,31,37,43,43,42,42,39,45,42,45,46,34,40,44,42,33,34,37,39,39,47,37,37,35,42,41,38,31,35,38,41,43,43,42,39,42,43,42
38,45,43,42,41,43,36,40,40,39,41,41,31,38,43,43,42,42,39,47,42,45,46,34,40,44,42,34,34,37,39,38,47,37,37,35,43,41,38,31,36,38,41,42,43,41,39,44,43,42
38,45,46,42,41,43,37,40,40,39,41,41,31,37,43,43,42,43,39,47,42,45,46,34,40,44,42,34,35,37,39,38,47,37,37,35,44,40,38,32,36,38,41,42,44,41,39,45,43,42
38,45,46,42,42,44,37,40,40,39,41,41,31,37,44,44,42,43,39,47,44,45,47,34,40,46,43,34,35,38,39,38,47,37,37,35,46,40,39,32,36,38,42,42,43,42,39,46,44,42
39,45,46,42,42,44,37,40,41,39,41,43,32,37,46,45,43,43,40,48,45,45,47,35,40,46,43,34,35,38,39,38,47,37,37,35,46,40,39,32,36,38,41,42,43,42,39,46,44,42
39,45,46,43,42,44,37,41,41,40,41,43,32,37,45,45,43,47,40,48,45,45,47,35,40,45,43,34,35,38,39,38,47,37,37,35,46,39,39,32,36,38,41,42,43,42,39,46,44,42
39,45,46,43,43,43,37,41,41,39,41,44,32,37,45,44,42,47,40,48,45,44,47,35,40,45,44,34,35,38,40,38,48,38,37,35,46,39,39,32,37,38,41,42,42,41,39,47,44,41
39,45,46,43,43,43,37,41,41,39,41,44,32,37,45,44,42,47,40,48,45,46,47,34,40,45,45,34,35,38,40,37,48,37,37,35,46,39,38,32,37,38,41,42,42,41,39,47,43,41
39,45,46,43,43,43,36,41,41,39,40,44,32,38,45,44,42,47,40,48,45,45,47,34,40,45,47,34,35,38,40,37,48,37,37,35,48,39,38,32,37,38,40,42,41,41,38,46,43,41
39,45,46,43,46,43,36,40,41,39,40,44,32,38,44,44,42,47,39,48,44,45,47,34,40,45,48,34,35,37,40,37,48,37,37,35,48,39,38,33,37,38,40,42,41,40,38,46,43,41
40,45,46,43,45,43,36,40,41,39,40,44,32,38,44,44,42,47,39,49,46,45,47,34,40,45,48,34,35,37,40,37,48,37,37,35,48,39,38,33,36,38,40,42,40,40,38,46,43,40
40,45,45,43,45,43,36,40,41,39,39,43,33,38,44,44,41,46,38,48,46,44,46,34,40,44,48,34,35,37,40,36,47,37,37,35,49,39,38,33,35,38,40,41,40,39,37,45,43,40
40,44,45,43,45,43,35,40,41,39,39,43,33,38,44,44,41,46,38,49,45,43,46,34,39,44,49,34,35,37,39,36,47,37,37,35,48,39,37,33,35,38,39,41,39,39,37,45,43,39
40,44,45,42,44,42,35,39,41,39,39,42,33,38,43,44,40,46,38,48,44,42,45,34,39,43,48,34,35,36,39,36,46,37,37,35,48,39,37,33,35,38,39,40,39,39,37,44,43,39
39,44,44,42,44,42,36,39,41,39,38,41,33,38,43,43,40,45,38,48,44,42,45,35,39,42,49,34,35,36,39,36,45,37,37,35,48,39,37,32,34,38,39,40,38,39,37,44,42,38
39,44,44,42,44,40,36,39,41,38,38,41,33,37,42,43,39,45,38,48,43,41,45,35,39,42,48,35,35,36,39,36,45,36,37,35,48,39,37,32,34,38,39,40,38,38,37,44,42,38
39,44,44,42,44,39,36,39,41,38,38,41,33,37,42,43,39,45,38,47,43,41,45,35,39,42,48,35,35,36,39,36,45,36,37,35,47,39,37,32,34,38,39,40,38,38,37,43,42,37
39,44,44,42,43,39,36,39,41,38,38,40,33,37,41,43,39,45,38,47,43,41,44,35,38,41,48,35,35,36,39,36,45,36,37,35,46,39,37,32,34,38,39,40,38,38,37,43,41,37
39,43,44,42,43,38,36,39,41,38,38,40,34,37,41,43,39,44,38,46,42,41,44,35,38,41,47,35,35,36,39,36,44,36,37,35,46,39,37,32,34,38,39,40,38,38,36,43,40,37
39,43,43,42,43,38,36,39,41,38,38,40,34,36,40,44,39,44,38,46,42,40,44,36,38,41,47,35,35,36,39,35,44,36,37,35,45,39,37,33,34,37,38,40,38,38,36,43,40,37
39,42,43,42,42,38,36,39,41,38,38,40,34,36,40,43,39,43,37,45,42,40,44,36,38,41,47,35,35,35,39,35,44,36,37,35,44,38,37,33,34,37,38,39,37,38,36,43,39,37
39,42,43,42,42,38,37,38,41,37,38,39,34,36,40,43,39,43,37,45,41,40,44,36,38,41,46,35,35,35,39,35,43,36,37,35,43,38,37,33,34,37,38,39,37,37,36,43,39,37
39,42,43,42,41,38,36,38,41,37,38,39,34,36,40,43,39,43,37,44,41,40,44,36,38,40,46,35,35,35,38,35,42,36,37,35,43,38,36,33,34,37,37,39,37,37,36,43,38,37
39,42,43,41,41,38,36,38,40,37,38,39,34,36,39,43,38,43,37,44,41,40,44,36,37,40,45,35,35,35,38,35,42,36,37,35,42,37,36,33,34,36,37,39,37,37,36,42,38,37
39,42,42,41,41,37,36,38,40,37,38,39,34,36,39,42,38,43,37,43,41,40,43,36,37,40,45,34,35,35,38,35,41,36,37,35,41,37,36,33,34,36,37,38,37,37,36,42,38,36
39,41,42,41,40,37,36,38,40,37,37,38,34,35,39,42,38,42,37,42,41,40,43,36,37,40,44,34,35,35,37,35,41,36,37,35,40,36,36,33,34,36,36,38,37,37,36,42,38,36
38,41,42,41,40,37,36,38,39,36,37,38,34,35,38,42,38,42,36,42,41,39,43,36,37,40,44,34,35,35,37,35,41,36,37,35,40,36,36,33,34,36,36,38,37,37,36,41,38,36
38,40,41,40,40,37,36,37,39,36,37,38,34,35,38,42,38,42,36,42,40,39,42,36,37,40,44,35,35,35,37,35,40,36,37,35,40,36,36,33,34,36,36,38,37,37,36,41,38,36
38,40,41,40,39,37,36,37,39,36,37,38,34,35,38,42,38,42,36,41,40,39,42,36,37,40,43,35,35,35,37,35,40,36,38,35,39,36,36,33,34,36,36,38,37,37,36,41,37,37
38,39,41,40,39,37,36,37,39,36,37,38,34,35,38,41,38,42,36,41,40,39,42,36,37,40,43,35,36,35,37,35,40,36,38,35,39,36,36,33,35,36,36,38,37,37,36,41,38,37
38,39,41,40,39,37,36,37,39,36,37,38,34,35,38,41,38,42,36,41,40,39,42,37,37,40,43,35,36,35,37,36,40,36,38,35,39,36,37,34,34,36,36,39,37,37,37,41,38,37
38,39,40,40,39,37,36,38,39,36,37,38,34,35,38,41,38,42,37,41,40,39,42,37,36,40,43,35,36,36,37,36,40,37,38,36,38,36,37,34,34,36,36,39,37,38,37,41,38,37
38,39,40,40,39,37,37,38,39,36,37,38,35,35,38,41,38,42,37,41,40,39,42,37,36,40,43,35,35,36,37,36,40,37,38,36,38,36,37,34,33,36,37,39,37,38,37,41,38,37
38,38,40,40,39,37,37,38,39,36,37,38,35,34,38,41,38,42,37,40,40,39,42,37,35,40,43,36,35,36,37,36,40,37,39,36,37,36,37,34,33,36,37,39,38,38,37,41,38,37
38,38,41,40,39,37,37,38,39,36,37,38,35,34,38,41,38,42,37,40,40,39,42,37,35,40,43,36,35,36,37,36,40,37,39,36,37,37,37,35,33,36,37,39,38,38,37,41,38,37
38,38,41,40,39,37,37,38,39,36,37,38,35,33,38,42,38,42,37,40,40,40,42,38,35,41,43,36,35,36,37,36,40,37,38,36,37,37,38,35,33,36,37,39,38,38,38,42,38,37
39,38,41,40,39,38,37,38,40,36,38,38,36,33,39,42,38,42,37,40,40,40,42,38,34,41,43,36,35,36,38,37,40,38,38,37,37,37,38,35,33,36,37,39,38,38,38,42,38,38
39,38,41,40,39,38,37,38,40,36,38,38,36,33,39,42,39,42,37,40,40,40,42,38,34,41,43,37,35,36,38,37,40,38,38,37,36,37,38,35,33,35,37,39,38,39,38,41,38,38
39,38,41,40,39,38,38,38,40,37,38,39,36,32,39,42,39,42,38,40,41,40,42,39,33,41,43,37,35,36,38,37,40,38,37,37,36,37,38,36,32,35,37,40,38,39,38,41,39,38
39,38,41,40,39,38,38,37,40,37,38,39,36,32,39,42,39,42,38,40,41,40,42,39,33,41,43,37,34,36,38,37,40,38,37,36,36,38,39,36,32,35,38,40,39,39,39,41,39,38
39,38,41,40,39,38,38,37,40,37,38,39,37,32,39,42,39,42,38,41,41,40,42,39,33,40,43,38,34,35,38,38,40,39,37,37,36,38,39,36,32,35,38,40,39,39,39,41,39,39
39,39,41,40,39,38,38,37,40,37,39,39,37,32,39,42,39,43,38,41,41,40,42,39,33,40,43,38,34,35,38,38,40,39,37,36,36,38,39,36,32,35,38,40,39,40,39,40,39,39
39,39,41,41,39,38,39,37,40,37,39,39,37,32,39,42,40,43,39,41,41,40,42,40,33,40,43,38,34,35,38,38,40,39,37,36,35,38,40,37,32,35,38,41,39,40,39,40,39,39
40,39,41,41,40,39,39,37,40,38,39,40,38,32,39,42,40,43,39,40,41,40,43,40,33,40,43,38,34,35,38,38,40,39,37,36,35,39,40,36,32,35,38,41,40,40,40,40,40,39
40,38,42,41,40,39,39,37,41,38,39,40,38,31,38,42,40,43,39,40,41,41,43,40,33,40,43,39,34,35,38,39,39,40,37,36,35,39,40,36,32,35,38,41,40,40,40,40,40,40
40,39,42,41,40,39,40,37,40,38,39,40,38,31,38,43,40,43,40,40,42,41,43,41,33,39,44,39,34,34,38,39,40,40,36,36,35,39,40,36,32,34,38,41,40,41,40,39,40,40
40,38,42,41,40,39,40,36,40,39,40,40,38,31,38,43,40,43,40,40,42,41,43,41,33,40,44,39,34,34,38,38,40,40,36,36,35,40,40,36,31,34,38,42,40,41,40,39,40,40
40,38,42,41,41,40,40,36,40,39,40,40,39,31,38,43,41,43,40,39,42,41,43,41,33,40,44,40,34,34,38,39,39,41,36,37,35,40,40,36,31,35,38,42,41,42,41,39,40,41
41,38,42,42,41,40,40,36,40,39,40,41,39,31,38,43,41,44,40,39,42,41,44,42,33,40,44,40,34,35,38,39,39,41,36,37,35,40,41,36,32,35,37,41,41,42,41,40,41,41
41,37,42,42,41,40,41,36,40,39,40,41,39,31,38,43,41,44,41,39,43,41,45,44,33,40,44,40,33,34,38,39,40,41,37,37,35,41,41,37,32,35,37,41,41,42,41,39,41,42
41,38,45,42,42,40,42,36,40,39,40,41,40,31,37,44,41,44,41,39,43,42,45,44,34,40,44,41,33,34,38,40,40,46,36,37,35,42,40,37,31,35,37,41,42,43,41,39,41,42
41,38,45,42,42,41,43,36,40,39,40,41,40,31,37,43,42,44,41,40,43,42,45,45,34,40,44,41,33,34,37,39,39,47,37,38,35,42,40,37,31,35,38,41,43,43,42,39,42,43
41,38,45,43,42,41,43,36,40,40,39,41,41,31,38,43,43,42,42,39,45,42,45,46,34,40,44,42,34,34,37,39,39,47,37,37,35,42,41,38,31,35,38,41,43,43,42,39,42,43
41,38,45,43,42,41,43,36,40,40,39,41,41,31,38,43,43,42,42,39,47,42,45,46,34,40,44,42,34,35,37,39,38,47,37,38,35,43,41,38,32,36,38,41,42,43,42,39,44,43
41,38,45,46,42,41,43,37,40,40,39,41,41,31,37,43,43,42,43,39,47,42,45,46,34,40,44,42,34,35,38,39,38,47,37,37,35,44,40,38,32,36,38,41,42,44,42,39,45,44
42,38,45,46,42,42,44,37,40,41,39,41,41,31,37,44,44,43,43,40,47,44,45,47,34,40,46,43,34,35,38,39,38,47,38,37,35,46,40,39,32,36,38,42,43,44,42,40,46,44
42,39,45,46,43,42,44,37,41,41,40,41,43,32,37,46,45,43,43,40,48,45,45,47,35,40,46,43,34,35,38,39,38,47,37,37,35,46,40,39,32,36,38,42,42,43,42,39,46,44
42,39,45,46,43,42,44,37,41,41,40,41,44,32,37,45,45,43,47,40,48,45,45,47,35,40,46,43,34,35,38,40,38,47,38,37,35,46,40,39,32,36,38,42,42,43,42,39,46,44
41,39,45,46,43,43,44,37,41,41,40,41,44,32,38,45,44,42,47,40,48,45,44,47,35,40,45,44,34,35,38,40,38,48,38,37,35,46,39,39,32,37,38,41,42,42,41,39,47,44
41,39,45,46,43,43,44,37,41,42,40,41,44,32,38,45,44,42,48,40,48,45,46,47,35,40,45,45,34,35,38,40,38,48,37,37,35,46,40,38,32,37,38,41,42,42,41,39,47,44
41,39,45,46,43,43,43,37,41,42,39,40,44,32,38,45,44,42,47,40,48,45,46,47,35,40,45,47,34,35,38,40,37,48,38,37,35,48,39,38,33,37,38,40,42,41,41,38,46,44
41,40,45,46,43,46,43,37,41,42,39,40,44,32,38,45,44,42,47,39,48,44,45,47,35,40,45,48,34,35,37,40,37,48,37,37,35,48,39,38,33,37,38,40,42,41,40,38,46,44
41,40,45,46,43,46,43,36,41,42,39,40,44,33,38,44,44,42,47,39,49,47,45,47,35,40,45,48,34,35,38,40,37,48,37,37,35,48,39,38,33,37,38,40,42,40,40,38,46,44
40,40,45,46,43,45,43,36,40,42,39,39,44,33,38,44,44,41,47,39,48,46,44,47,35,40,44,48,34,35,38,40,37,48,37,37,35,49,39,38,33,35,38,40,42,40,39,38,46,43
38,40,44,45,43,45,43,36,40,42,39,39,43,33,38,44,45,41,46,38,49,45,43,46,35,39,44,49,35,35,37,40,36,47,37,37,35,48,39,38,33,35,38,40,41,39,39,37,45,43
38,40,44,45,43,45,43,36,40,42,39,39,42,33,38,44,44,40,46,38,48,44,43,46,35,39,44,48,35,35,37,40,36,46,37,37,35,48,39,38,33,35,38,40,40,39,39,37,45,43
37,40,45,45,43,45,42,36,40,42,39,39,42,33,38,43,44,40,46,38,48,44,42,46,35,39,43,49,35,35,36,40,36,46,37,37,35,48,39,37,33,35,38,40,40,39,39,37,44,43
37,39,45,45,43,44,40,36,39,42,39,39,41,33,38,43,44,40,45,38,48,44,42,45,35,39,42,48,35,35,36,40,36,45,37,37,35,48,39,37,33,35,38,40,40,38,39,37,44,43
37,39,44,44,43,44,39,36,39,42,39,39,41,34,38,42,43,40,45,38,47,43,41,45,35,39,42,48,35,35,36,40,36,45,37,37,35,47,39,37,33,34,38,39,40,38,38,37,44,42
37,39,44,44,43,43,39,36,39,41,38,39,40,34,37,41,43,40,45,38,47,43,41,45,35,39,41,48,35,35,36,39,36,45,36,37,35,46,39,37,32,34,38,39,40,38,38,37,43,41
37,39,43,44,42,43,38,36,39,41,38,38,40,34,37,41,43,39,44,38,46,42,41,44,35,39,41,47,35,35,36,39,36,44,36,37,35,46,39,37,33,34,38,39,40,38,38,36,43,40
37,39,43,43,42,43,38,36,39,41,38,38,40,34,36,41,44,39,44,38,46,42,40,44,36,38,41,47,35,35,36,39,36,44,36,37,35,45,39,37,33,34,38,39,40,38,38,36,43,40
37,39,42,43,42,42,38,37,39,41,38,38,40,34,36,40,44,39,43,37,45,42,40,44,36,38,41,47,35,35,35,39,35,44,36,37,35,44,39,37,33,34,37,38,39,38,38,36,43,39
37,39,42,43,42,42,38,37,38,41,37,38,39,34,36,40,43,39,43,37,45,41,40,44,36,38,41,46,35,35,35,39,35,43,36,37,35,43,38,37,33,34,37,38,39,37,37,36,43,39
37,39,42,43,42,42,38,37,38,41,37,38,39,34,36,40,43,39,43,37,44,41,40,44,36,38,41,46,35,35,35,38,35,42,36,37,35,43,38,36,33,34,37,37,39,37,37,36,43,38
37,39,42,43,41,41,38,36,38,40,37,38,39,34,36,39,43,38,43,37,44,41,40,44,36,37,40,45,35,35,35,38,35,42,36,37,35,42,37,36,33,34,36,37,39,37,37,36,42,38
37,39,41,42,41,41,37,36,38,40,37,38,39,34,36,39,42,38,43,37,43,41,40,43,36,37,40,45,34,35,35,37,35,41,36,37,35,41,37,36,33,34,36,37,38,37,37,36,42,38
37,39,41,42,41,40,37,36,38,40,37,37,38,34,35,39,42,38,42,37,42,41,40,43,36,37,40,44,34,35,35,37,35,41,36,37,35,40,36,36,33,34,36,36,38,37,37,36,42,38
36,38,41,42,41,40,37,36,37,39,36,37,38,34,35,38,42,38,42,36,42,41,39,43,36,37,40,44,34,35,35,37,35,41,36,37,35,40,36,36,33,34,36,36,38,37,37,36,41,38
36,38,40,41,40,39,37,36,37,39,36,37,38,34,35,38,42,38,42,36,42,40,39,42,36,37,40,44,35,35,35,37,35,40,36,37,35,39,36,36,33,34,36,36,38,37,37,36,41,37
36,38,40,41,40,39,37,36,37,39,36,37,38,34,35,38,41,38,42,36,41,40,39,42,36,37,40,43,35,35,35,37,35,40,36,37,35,39,36,36,33,34,36,36,38,37,37,36,41,37
36,38,39,41,40,39,37,36,37,39,36,37,38,34,35,38,41,38,42,36,41,40,39,42,36,37,40,43,35,35,35,37,35,40,36,38,35,39,36,36,33,34,36,36,38,37,37,36,41,37
36,38,39,40,40,39,37,36,37,39,36,37,38,34,35,38,41,38,42,36,41,40,39,42,36,36,40,43,35,36,35,37,35,40,36,38,35,39,36,37,34,34,36,36,38,37,37,37,41,37
36,38,39,40,40,39,37,36,37,39,36,37,38,34,35,38,41,38,42,36,41,40,39,42,37,36,40,43,35,36,35,37,36,40,37,38,35,38,36,37,34,33,36,36,38,37,37,37,41,38
36,38,38,40,40,39,37,37,38,39,36,37,38,35,35,38,41,38,42,37,41,40,39,42,37,36,40,43,35,35,36,37,36,40,37,38,36,37,36,37,34,33,36,36,39,37,38,37,41,38
36,38,38,40,40,39,37,37,38,39,36,37,38,35,34,38,41,38,42,37,40,40,39,42,37,35,40,43,36,35,36,37,36,39,37,38,36,37,36,37,34,33,35,37,39,37,38,37,41,38
36,38,38,40,40,39,37,37,38,39,36,37,38,35,33,38,41,38,42,37,40,40,39,42,37,35,40,43,36,35,36,37,36,39,37,39,36,37,37,37,35,33,35,37,39,38,38,37,41,38
36,38,38,41,40,39,37,37,38,39,36,37,38,35,33,38,42,38,42,37,40,40,39,42,38,34,40,43,36,34,36,37,36,40,37,38,36,37,37,38,35,33,35,37,39,38,38,38,41,38
36,38,38,41,40,39,37,37,38,39,36,38,38,35,33,38,42,38,42,37,40,40,40,42,38,34,41,43,36,35,36,37,36,40,37,37,36,36,37,38,35,32,35,37,39,38,38,38,41,38
37,39,38,41,40,39,38,37,38,40,36,38,38,36,32,39,42,39,42,37,40,40,40,42,38,33,41,43,37,34,36,38,37,40,38,37,36,36,37,38,35,32,35,37,39,38,39,38,41,38
37,39,38,41,40,39,38,38,38,40,36,38,38,36,32,39,42,39,42,38,40,40,40,42,38,33,40,43,37,34,36,38,37,40,38,37,36,35,37,38,36,32,35,37,40,38,39,38,40,38
37,39,38,41,40,39,38,38,37,40,37,38,39,36,32,39,42,39,42,38,40,41,40,42,39,33,40,43,37,34,35,38,37,40,38,37,36,35,38,39,36,32,34,38,40,39,39,39,40,39
37,39,38,41,40,39,38,38,37,40,37,38,39,37,32,39,42,39,42,38,40,41,40,42,39,33,40,43,37,34,34,38,37,40,39,37,36,35,38,39,36,32,34,38,40,39,39,39,40,39
37,39,38,41,40,39,38,38,36,40,37,38,39,37,32,39,42,39,43,38,40,41,40,42,39,33,40,43,38,34,35,38,38,39,39,37,36,35,38,39,36,32,34,38,40,39,40,39,40,39
38,39,38,41,40,39,38,39,36,40,37,39,39,37,31,38,42,40,43,39,40,41,40,42,40,33,39,43,38,33,34,37,38,39,39,36,36,35,38,39,36,32,35,37,40,39,40,39,40,39
38,40,39,41,41,40,39,39,36,40,38,39,39,37,31,38,42,40,43,39,40,41,40,42,40,32,39,43,38,33,34,37,38,39,39,36,36,35,39,40,35,31,35,37,41,40,40,40,40,40
38,40,38,42,41,40,39,39,36,40,38,39,40,38,31,38,42,40,43,39,40,41,40,43,40,32,39,43,39,33,34,37,38,39,40,36,35,34,39,40,35,31,34,37,41,40,40,40,39,40
38,40,38,42,41,40,39,39,36,40,38,39,40,38,31,38,43,40,43,39,39,42,41,43,41,32,39,44,39,33,34,38,38,39,40,36,36,35,39,40,35,31,34,37,41,40,41,40,39,40
39,40,38,42,41,40,39,40,36,40,39,40,40,38,31,37,43,40,43,40,39,42,41,43,41,32,39,44,39,33,34,38,38,39,40,36,36,35,40,40,35,31,34,37,42,40,41,40,39,40
39,40,38,42,41,41,39,40,36,39,39,40,40,39,30,38,43,41,43,40,39,42,41,43,41,33,39,44,40,33,34,38,38,39,41,36,36,35,40,40,35,31,34,37,41,41,42,40,39,40
39,41,37,42,42,41,40,40,36,39,39,40,41,39,30,37,43,41,44,40,38,42,41,44,42,33,39,44,40,33,34,38,38,39,41,36,36,34,40,40,36,31,34,37,41,41,42,40,39,41
40,40,37,42,42,41,40,41,35,39,39,40,41,39,30,37,43,41,44,41,39,43,41,45,44,33,39,44,40,33,34,37,39,39,41,36,37,34,41,40,36,31,34,37,40,41,42,41,39,41
40,40,37,45,42,42,40,42,35,39,39,40,41,40,30,37,43,41,44,41,39,43,42,45,44,33,39,44,41,32,34,37,39,39,46,36,37,34,42,40,37,31,34,37,40,42,42,41,39,41
40,40,37,45,42,41,40,43,36,39,39,39,40,40,30,37,43,42,43,41,39,43,42,45,45,33,40,44,41,33,33,37,39,38,47,36,37,34,42,40,37,31,35,37,40,42,43,41,39,42
41,40,37,45,43,42,41,43,36,40,39,39,40,40,31,37,43,43,42,42,39,45,42,45,45,34,39,44,42,33,34,37,38,38,47,36,37,35,42,40,37,31,35,37,41,42,43,41,39,42
41,41,37,45,43,42,41,43,36,40,39,39,40,41,31,37,43,43,42,42,39,47,42,45,46,34,39,44,42,33,34,37,39,38,47,37,37,34,43,40,38,31,35,37,41,42,43,41,39,44
41,41,38,45,45,42,41,43,36,40,40,39,41,41,31,37,43,43,42,43,39,47,42,45,46,34,39,44,42,33,34,37,39,38,47,37,37,34,44,40,38,31,36,38,41,42,43,41,39,45
42,41,38,45,46,42,42,43,36,40,40,39,41,41,31,36,44,44,42,43,39,47,44,45,46,34,40,45,43,34,35,37,39,38,47,37,37,34,45,39,38,31,36,38,41,42,43,41,39,46
42,41,38,45,46,42,42,43,36,40,40,39,41,43,31,37,45,44,42,43,39,48,45,45,46,34,40,45,43,34,35,37,39,38,47,37,37,35,46,39,38,32,36,38,41,42,43,41,39,46
42,41,38,45,46,42,42,43,37,40,41,39,41,43,32,37,44,45,42,47,39,48,45,45,46,34,40,45,43,34,35,37,39,38,47,37,37,35,46,39,38,32,36,38,41,42,42,41,39,46
43,41,39,45,46,42,43,43,37,40,41,39,41,43,32,37,44,44,42,47,39,48,45,44,47,34,40,45,44,34,35,37,39,38,48,37,37,35,46,39,38,32,36,38,41,42,42,41,38,47
46,40,39,45,46,42,43,43,37,40,41,39,40,43,32,37,44,44,41,47,39,48,45,45,47,34,40,45,45,34,35,37,39,37,48,37,37,35,46,39,38,32,36,37,40,42,41,41,38,46
46,40,39,45,46,42,43,43,36,40,41,39,40,43,32,37,44,44,41,47,39,48,45,45,47,34,39,45,47,34,35,37,39,37,48,37,37,35,48,39,38,32,36,37,40,42,41,40,38,46
46,40,39,45,46,42,45,43,36,40,41,39,40,43,32,37,44,44,41,47,39,48,44,45,47,34,39,45,48,34,34,37,39,37,48,37,37,35,48,39,38,32,37,37,40,42,40,40,38,46
45,40,39,45,45,42,45,43,36,40,41,39,39,43,32,37,44,44,41,46,38,48,46,45,46,34,39,45,48,34,34,37,39,36,48,37,37,35,48,39,37,33,36,37,40,42,40,39,37,45
46,40,39,45,45,42,45,42,35,40,41,39,39,43,32,38,44,44,41,46,38,48,45,44,46,34,39,44,48,34,34,37,39,36,47,37,37,35,49,39,37,33,35,38,40,41,39,39,37,45
46,38,39,44,45,42,45,42,35,40,41,39,39,42,32,37,44,44,40,46,38,49,44,43,46,34,39,44,49,34,34,37,39,36,47,37,37,35,48,39,37,33,34,38,39,40,39,39,37,45
46,37,39,44,45,42,44,42,35,39,41,38,38,41,32,37,43,44,40,45,38,48,44,42,45,34,39,43,48,34,34,36,39,36,46,37,37,35,48,39,37,33,34,38,39,40,38,39,37,44
46,37,39,44,44,42,44,41,35,39,41,38,38,41,33,37,43,43,39,45,38,48,44,41,45,34,39,42,49,34,35,36,39,36,45,36,37,35,48,39,37,32,34,38,39,40,38,38,37,44
46,37,39,44,44,42,44,40,36,39,41,38,38,41,33,37,42,43,39,45,38,47,43,41,45,35,39,42,48,34,35,36,39,35,45,36,37,35,48,39,37,32,34,38,39,40,38,38,37,43
46,37,39,44,44,42,43,39,36,38,41,38,38,40,33,37,41,43,39,45,37,47,43,41,44,35,38,41,47,34,35,36,39,35,44,36,37,35,46,39,37,32,34,38,39,39,38,38,36,43
45,37,39,43,44,42,43,38,36,38,41,38,38,40,33,36,40,43,39,44,37,46,42,40,44,35,38,41,47,34,35,35,39,35,44,36,37,35,46,39,37,32,34,37,39,39,38,38,36,43
44,37,39,43,43,42,43,38,36,38,41,37,38,40,33,36,40,43,39,44,37,46,42,40,44,35,38,40,47,35,35,35,39,35,44,36,37,35,45,39,37,32,34,37,38,39,38,38,36,43
44,37,39,42,43,42,42,38,36,38,41,37,38,39,33,36,40,43,39,43,37,46,41,40,44,35,38,40,47,34,35,35,39,35,44,36,37,35,45,38,36,32,33,37,38,39,37,37,36,43
43,37,39,42,42,42,42,37,36,38,40,37,38,39,33,36,40,43,39,43,37,45,41,40,44,35,37,40,46,34,35,35,38,35,43,36,37,34,44,38,36,32,33,37,38,39,37,37,36,43
43,37,39,42,42,41,41,37,36,38,40,37,37,39,33,35,40,43,39,43,37,44,41,40,44,35,37,40,46,34,34,35,38,35,43,35,37,34,43,38,36,32,33,36,37,39,37,37,36,43
42,37,39,41,42,41,41,37,36,38,40,37,37,39,33,35,39,43,38,43,37,44,41,39,44,35,37,40,45,34,34,35,38,35,42,35,37,34,42,37,36,32,33,36,37,38,37,37,36,42
42,36,39,41,42,41,41,37,36,38,40,37,37,38,34,35,39,42,38,43,37,43,41,39,43,36,37,40,45,34,34,35,37,35,41,35,37,34,41,37,36,32,33,36,37,38,37,37,36,42
41,36,38,41,42,41,40,37,36,37,40,36,37,38,33,35,38,42,38,42,36,43,41,39,43,35,37,39,44,34,34,35,37,35,41,35,37,34,40,36,36,32,33,36,36,38,37,37,36,42
40,36,38,40,42,41,40,37,36,37,39,36,37,38,33,35,38,42,37,42,36,42,40,39,43,35,36,39,44,34,34,35,37,35,41,36,37,34,39,36,36,32,34,36,36,38,37,37,36,41
40,36,38,40,41,40,39,36,36,37,39,36,37,38,33,34,38,41,37,42,36,42,40,39,42,36,36,39,44,34,35,35,37,35,40,36,37,35,39,36,36,33,34,35,36,38,37,37,36,41
40,36,38,40,41,40,39,36,36,37,39,36,37,38,33,34,38,41,37,42,36,41,40,39,42,36,36,39,43,34,35,35,37,35,40,36,37,35,39,36,36,33,33,35,36,38,37,37,36,41
39,36,38,39,41,40,39,36,36,37,39,36,37,37,33,34,38,41,37,41,36,41,40,39,42,36,36,40,43,34,35,35,37,35,40,36,37,35,39,36,36,33,33,35,36,38,37,37,36,41
39,36,38,39,40,40,39,37,36,37,39,36,37,37,34,34,38,41,37,41,36,41,40,39,42,36,36,40,43,34,35,35,37,35,40,36,37,35,38,36,36,33,33,35,36,38,37,37,36,41
39,35,38,38,40,40,38,37,36,37,38,35,37,37,34,34,37,41,37,41,36,41,40,39,42,36,35,40,43,35,35,35,37,35,39,36,37,35,38,36,36,33,33,35,36,38,37,37,36,41
39,35,38,38,40,39,38,37,36,37,39,35,37,37,34,34,38,41,37,41,36,40,40,39,42,36,35,40,43,35,35,35,37,35,39,36,38,35,37,36,36,33,32,35,36,38,37,37,36,41
39,36,38,38,40,39,38,37,36,37,39,35,37,37,34,34,38,41,38,42,36,40,40,39,42,37,35,40,43,35,34,35,37,35,39,36,38,35,36,36,37,34,32,35,36,38,37,37,37,41
39,36,38,38,40,39,38,37,36,37,39,35,37,38,34,33,38,41,38,42,36,40,40,39,42,37,34,40,43,35,34,35,37,36,39,37,38,35,36,36,37,34,32,34,36,38,37,38,37,41
39,36,38,38,40,40,38,37,37,38,39,36,37,38,35,32,38,41,38,42,37,40,40,39,42,37,34,40,43,36,34,35,37,36,39,37,38,35,36,36,37,34,32,34,36,39,37,38,37,41
39,36,38,38,40,40,38,37,37,38,39,36,37,38,35,32,38,41,38,42,37,40,40,39,42,37,33,40,43,36,33,35,37,36,39,37,37,35,36,36,37,35,32,34,37,39,37,38,37,41
39,36,38,38,40,40,38,37,37,38,39,36,37,38,35,32,38,41,38,42,37,40,40,39,42,38,33,40,43,36,34,35,37,36,39,37,37,35,35,37,38,35,31,34,37,39,38,38,38,41
39,36,38,38,41,40,38,37,37,37,39,36,38,38,35,31,38,42,38,42,37,40,40,39,42,38,32,40,43,36,33,35,37,36,39,38,36,35,35,37,38,35,31,34,37,39,38,38,38,40
39,36,38,38,41,40,39,37,37,37,40,36,38,38,36,31,38,42,39,42,37,40,40,39,42,38,32,40,43,37,33,35,37,37,39,38,36,35,35,37,38,35,31,34,37,39,38,39,38,40
39,37,39,38,41,40,39,37,38,36,40,36,38,38,36,31,38,42,39,42,38,40,40,39,42,39,32,39,43,37,33,34,37,37,39,38,36,35,34,37,39,35,31,33,37,40,38,39,38,40
39,37,39,38,41,40,39,38,38,36,40,37,38,39,36,31,38,42,39,42,38,40,41,40,42,39,32,39,42,37,33,33,37,37,39,38,36,35,34,38,39,35,31,33,37,40,39,39,39,40
39,37,39,38,41,40,39,38,38,36,40,37,38,39,37,31,38,42,39,42,38,39,41,40,42,39,32,39,42,38,33,34,37,38,39,39,36,35,34,38,39,35,31,33,37,40,39,40,39,39
40,37,39,38,41,40,39,38,39,35,40,37,39,39,37,30,38,42,39,42,38,39,41,40,42,40,32,39,42,38,32,33,37,37,38,39,35,35,34,38,39,35,31,34,36,40,39,40,39,39
40,38,39,38,41,40,40,38,39,35,40,37,39,39,37,30,37,42,40,42,39,39,41,40,42,40,31,38,42,38,32,33,36,37,38,39,35,35,34,39,40,34,30,34,36,41,39,40,39,39
40,38,40,37,41,41,40,38,39,36,39,38,39,40,38,30,37,42,40,42,39,39,41,40,43,40,31,38,42,39,32,33,36,37,38,40,35,34,33,39,39,34,30,33,36,41,39,40,39,38
40,38,40,37,42,41,40,39,39,35,39,38,39,40,38,30,37,43,40,42,39,38,41,40,43,41,31,38,42,39,32,33,37,37,38,40,35,35,34,39,39,34,30,33,36,40,39,39,39,38
40,39,40,37,42,41,40,39,40,35,39,38,39,40,38,30,36,43,40,42,40,38,42,41,43,41,31,38,42,39,32,33,37,37,38,40,35,35,34,40,39,35,30,33,36,40,40,40,39,38
41,39,40,37,42,41,41,39,40,35,38,38,39,40,39,29,37,43,41,42,40,38,42,41,43,41,32,38,42,40,32,33,37,37,38,41,35,35,34,40,39,34,30,33,36,40,40,40,39,38
41,39,40,36,42,42,41,40,40,35,38,38,39,40,39,29,36,43,41,42,40,38,42,41,43,42,32,38,42,40,32,33,37,38,38,41,35,35,33,40,39,35,30,33,36,39,40,39,39,38
41,40,40,36,42,42,41,40,41,34,38,38,39,40,39,29,36,43,41,42,41,38,43,41,42,44,32,38,42,40,32,33,36,38,38,41,35,36,33,41,39,35,30,34,36,39,41,39,39,38
42,40,39,36,43,42,41,40,42,34,38,38,39,40,40,29,36,43,41,42,41,38,43,41,43,44,32,39,42,41,31,33,36,38,38,42,35,36,33,42,38,36,30,33,36,39,41,40,39,38
42,40,39,36,43,42,40,40,41,35,39,38,38,40,40,29,36,43,42,42,41,38,43,42,43,44,32,39,42,41,32,32,36,38,37,42,35,36,33,42,39,36,30,34,36,39,41,40,40,38
42,41,40,36,43,42,41,41,41,35,39,38,38,39,40,30,36,43,43,40,42,38,43,42,42,45,33,38,43,42,32,33,36,37,37,43,35,36,34,42,39,36,30,34,36,39,41,40,40,38
42,41,40,37,43,43,41,41,41,35,39,38,38,40,41,30,36,43,43,41,42,38,43,42,43,45,33,38,43,42,32,33,36,38,37,43,36,36,33,43,39,37,30,34,36,39,41,40,40,38
44,41,40,37,44,44,41,41,41,35,39,39,38,40,41,30,36,43,43,41,43,38,44,42,43,45,33,39,43,42,33,33,36,38,37,43,36,36,33,43,39,37,30,35,37,40,41,40,40,38
44,42,40,37,44,44,41,41,41,35,39,39,38,40,41,30,35,44,44,41,43,38,44,44,43,45,33,39,43,43,33,34,36,38,37,43,36,36,33,43,39,37,31,35,37,40,41,40,40,38
44,42,40,37,43,44,41,42,41,36,39,39,38,40,41,30,36,43,44,41,43,38,44,44,43,46,33,39,43,43,33,34,36,38,37,43,36,36,34,43,39,37,31,35,37,40,41,41,40,38
44,42,40,38,43,44,41,42,41,36,39,40,38,40,42,31,36,42,44,41,46,39,44,44,43,46,34,39,44,43,33,34,36,38,37,43,36,36,34,43,38,38,31,35,37,40,41,41,40,38
44,43,40,38,43,44,42,43,41,36,40,40,38,40,42,31,36,42,44,41,46,38,44,44,43,46,34,39,44,44,33,34,37,38,37,44,36,36,34,44,38,37,31,35,37,40,41,41,40,38
44,43,40,38,43,45,42,43,41,36,40,40,38,40,42,31,36,42,44,41,46,38,44,44,43,46,33,39,44,45,33,34,37,38,36,44,36,36,34,44,38,37,31,36,36,40,41,40,40,38
45,43,40,38,44,45,42,43,41,35,40,40,38,39,42,31,36,42,44,41,46,38,44,44,43,46,33,39,44,47,33,34,36,39,36,44,36,36,34,44,38,37,31,36,36,39,41,40,40,37
45,43,40,38,44,45,42,43,41,35,39,40,38,39,42,31,36,42,44,41,46,38,44,44,43,46,34,39,44,47,33,34,36,39,36,44,36,36,34,44,38,37,32,36,37,39,41,40,39,37
45,43,40,39,42,45,42,43,41,35,39,40,38,39,42,31,37,42,44,41,46,38,44,44,43,46,34,39,44,47,33,34,36,39,35,44,36,36,34,44,38,37,32,35,37,39,41,39,39,37
45,43,39,39,42,44,42,43,41,35,39,40,38,38,42,32,37,42,44,40,45,38,45,44,43,46,34,39,43,47,33,34,36,39,35,44,36,36,34,44,38,37,32,34,37,39,41,39,38,37
45,43,37,39,42,44,42,43,41,35,39,40,38,38,42,32,37,42,44,40,45,37,44,44,42,45,34,38,43,47,33,34,36,39,35,44,36,36,34,44,38,37,32,34,37,39,40,38,38,36
45,43,36,39,42,44,42,43,41,35,39,41,38,38,41,32,37,42,43,39,45,37,44,44,41,45,34,38,43,47,34,34,36,39,35,44,36,36,34,44,38,37,32,34,37,39,39,38,38,36
44,43,36,39,42,44,42,43,40,35,39,41,38,38,41,32,37,42,43,39,45,37,44,43,41,45,34,38,42,47,34,34,35,39,35,44,36,36,34,44,38,36,32,34,37,39,39,38,38,36
44,43,36,38,42,44,42,42,39,35,38,41,38,38,40,32,36,41,43,39,45,37,44,43,40,45,34,38,42,47,34,34,35,39,35,43,36,36,34,43,38,36,32,33,37,39,39,37,38,36
44,42,36,38,41,44,42,42,38,35,38,41,38,38,40,33,36,41,43,39,44,37,43,42,40,44,34,38,41,46,34,34,35,39,35,43,36,36,34,42,38,37,32,33,37,38,39,37,38,36
43,41,36,38,40,43,42,41,38,35,38,41,37,38,40,33,36,40,43,39,44,37,43,42,40,44,35,38,41,45,34,35,35,39,35,42,36,36,34,41,38,37,32,33,37,38,39,37,37,36
42,41,36,38,40,42,42,41,37,35,38,40,37,37,39,33,35,40,43,39,44,37,42,41,40,44,35,38,40,45,34,35,35,38,35,42,35,36,34,41,38,36,32,33,37,38,39,37,37,36
42,41,36,38,40,42,41,40,37,36,38,40,37,37,39,33,35,39,43,38,43,37,42,41,40,44,35,37,40,45,34,34,35,38,35,41,35,36,34,40,38,36,32,33,37,38,39,37,37,36
42,40,36,38,39,42,41,40,37,36,38,40,37,37,39,33,35,39,43,38,43,37,42,41,40,44,35,37,40,44,34,34,35,38,35,41,35,36,34,40,38,36,32,33,36,38,39,37,37,36
42,40,36,38,39,42,41,40,37,36,38,40,37,37,39,33,35,39,43,38,43,37,41,41,39,43,35,37,40,44,34,34,35,38,35,41,35,36,34,40,37,36,32,33,36,37,38,37,37,36
41,40,36,38,38,41,40,39,37,36,38,39,36,37,38,33,35,38,42,38,42,37,41,41,39,43,35,37,40,44,34,34,35,37,35,40,35,36,34,39,37,36,32,33,36,37,38,37,37,35
41,39,36,38,38,41,40,39,37,36,38,39,36,37,38,33,35,38,42,38,42,36,41,41,39,43,35,37,40,44,34,34,34,37,35,40,35,36,34,39,37,36,32,33,36,36,38,37,37,35
41,39,36,38,38,41,40,39,37,36,37,39,36,37,38,33,35,38,42,37,42,36,41,40,39,42,35,36,39,43,34,34,34,37,34,40,35,36,34,39,36,36,32,33,36,36,38,36,37,35
40,39,36,38,38,41,40,39,36,36,37,39,36,37,38,33,34,38,41,37,42,36,40,40,39,42,35,36,39,43,34,34,34,37,35,40,35,37,34,39,36,36,32,33,35,36,38,36,37,35
40,39,35,38,38,40,40,38,36,36,37,39,36,37,37,33,34,38,41,37,41,36,40,40,39,42,35,36,39,43,34,34,35,37,35,39,36,37,34,38,36,36,32,33,35,36,38,36,37,36
40,39,35,38,37,40,39,38,36,36,37,38,35,37,37,33,34,37,41,37,41,36,40,40,39,42,36,36,39,43,34,35,35,36,35,39,36,37,34,38,36,36,33,33,35,36,38,37,37,36
40,39,35,38,37,40,39,38,36,36,37,38,35,37,37,33,34,37,41,37,41,36,40,40,39,42,36,36,39,43,34,35,35,36,35,39,36,37,35,38,36,36,33,33,35,36,38,37,37,36
40,39,35,38,37,40,39,38,36,36,37,38,35,37,37,34,34,37,41,37,41,36,40,40,39,42,36,36,40,43,34,35,35,36,35,39,36,37,35,38,36,36,33,33,35,36,38,37,37,36
40,39,35,38,37,40,39,38,37,36,37,38,35,37,37,34,34,37,41,37,41,36,40,40,39,42,36,35,40,43,35,35,35,36,35,39,36,37,35,38,36,36,33,33,35,36,38,37,37,36
40,39,35,38,38,40,39,38,37,36,37,39,35,37,37,34,34,37,41,37,41,36,40,40,39,42,36,35,40,43,35,35,35,37,35,39,36,38,35,37,36,36,33,32,35,36,38,37,37,36
40,39,35,38,37,40,39,38,37,36,37,39,35,37,37,34,34,38,41,38,42,36,40,40,39,42,37,35,40,43,35,34,35,37,35,39,36,38,35,36,36,37,34,32,35,36,38,37,37,37
40,39,36,38,38,40,39,38,37,36,37,39,35,37,38,34,33,38,41,38,42,36,40,40,39,42,37,34,40,43,35,34,35,37,35,39,37,38,35,36,36,37,34,32,34,36,38,37,38,37
40,39,36,38,38,40,40,38,37,37,38,39,36,37,38,35,32,38,41,38,42,36,40,40,39,42,37,34,40,43,36,34,35,37,36,39,37,38,35,36,36,37,34,32,34,36,39,37,38,37
40,39,36,38,38,40,40,38,37,37,38,39,36,37,38,35,32,38,41,38,42,37,40,40,39,42,37,33,40,43,36,33,35,37,36,39,37,37,35,36,36,37,35,32,34,37,39,37,38,37
40,39,36,38,38,40,40,38,37,37,38,39,36,37,38,35,32,38,41,38,42,37,40,40,39,42,38,33,40,43,36,34,35,37,36,39,37,37,35,35,37,38,35,31,34,37,39,38,38,38
40,39,36,38,38,41,40,38,37,37,37,39,36,38,38,35,31,38,42,38,42,37,40,40,39,42,38,32,40,43,36,33,35,37,36,39,38,36,35,35,37,38,35,31,34,37,39,38,38,38
40,39,36,38,38,41,40,39,37,37,37,40,36,38,38,36,31,38,42,39,42,37,40,40,39,42,38,32,40,43,37,33,35,37,37,39,38,36,35,35,37,38,35,31,34,37,39,38,39,38
40,39,37,39,38,41,40,39,37,38,36,40,36,38,38,36,31,38,42,39,42,38,40,40,39,42,39,32,39,43,37,33,34,37,37,39,38,36,35,34,37,39,35,31,33,37,40,38,39,38
40,39,37,39,38,41,40,39,38,38,36,40,37,38,39,36,31,38,42,39,42,38,40,41,40,42,39,32,39,43,37,33,33,37,37,39,38,36,35,34,38,39,35,31,33,37,40,39,39,39
40,39,37,39,38,41,40,39,38,38,36,40,37,38,39,37,31,38,42,39,42,38,39,41,40,42,39,32,39,43,38,33,34,37,38,39,39,36,35,34,38,39,35,31,34,37,40,39,40,39
41,40,37,39,38,41,40,39,38,39,35,40,37,39,39,37,30,38,42,39,42,38,40,41,40,42,40,32,39,42,38,32,33,37,37,38,39,36,35,34,38,39,35,31,34,36,40,39,40,39
41,40,38,39,38,41,40,40,38,39,35,40,37,39,39,37,30,37,42,40,42,39,39,41,40,42,40,31,38,42,38,32,33,36,37,38,39,35,35,34,39,40,34,30,34,36,41,39,40,39
41,40,38,40,37,41,41,40,39,39,36,39,38,39,40,38,30,37,42,40,42,39,39,41,40,43,40,31,38,42,39,32,33,36,37,38,40,35,34,34,39,39,34,30,33,36,41,39,40,39
41,40,38,40,37,42,41,40,39,39,35,39,38,39,40,38,30,37,43,40,42,39,38,41,40,43,41,31,38,42,39,32,33,37,37,38,40,35,35,34,39,39,34,30,33,36,41,40,40,39
41,40,39,40,37,42,41,40,39,40,35,39,38,39,40,38,30,37,43,40,42,40,38,42,41,43,41,31,38,42,39,32,33,37,37,38,40,35,35,34,40,39,35,30,33,36,40,40,40,39
42,41,39,40,37,42,41,41,39,40,35,39,38,39,40,39,29,37,43,41,42,40,38,42,41,43,41,32,38,42,40,32,33,37,37,38,41,35,35,34,40,39,34,30,33,36,40,40,40,39
42,41,39,40,36,42,42,41,40,40,35,38,38,39,40,39,29,37,43,41,42,40,38,42,41,43,42,32,38,42,40,32,33,37,38,38,41,35,35,33,40,39,35,30,33,36,39,40,39,39
42,41,40,40,36,42,42,41,40,41,34,38,38,39,40,39,29,36,43,41,42,41,38,43,41,42,44,32,38,42,40,32,33,36,38,38,41,35,36,33,41,39,35,30,34,36,39,41,39,39
42,42,40,39,36,43,42,41,40,42,34,38,38,39,40,40,29,36,43,41,42,41,38,43,41,43,44,32,39,42,41,31,33,36,38,38,42,35,36,33,42,39,36,30,33,36,39,41,40,40
42,42,40,39,36,43,42,40,40,41,35,39,38,38,40,40,29,36,43,42,42,41,38,43,42,43,44,32,39,42,41,32,32,36,38,37,42,35,36,33,42,39,36,30,34,36,39,41,40,40
42,42,41,40,36,43,42,41,41,41,35,39,38,38,39,40,30,36,43,43,41,42,38,43,42,42,45,33,38,43,42,32,33,36,37,37,43,35,36,34,42,39,36,30,34,36,39,41,40,40
42,42,41,40,37,44,43,41,41,41,35,39,38,38,40,41,30,36,43,43,41,42,38,44,42,43,45,33,38,43,42,32,33,36,38,37,43,36,36,33,43,39,37,30,34,36,39,41,40,40
42,44,41,40,37,44,44,41,41,41,35,39,39,38,40,41,30,36,43,43,41,43,38,44,42,43,45,33,39,43,42,33,33,36,38,37,43,36,36,33,43,39,37,30,35,37,40,41,40,40
42,44,42,40,37,44,44,41,41,41,35,39,39,38,40,41,30,35,44,44,41,43,38,44,44,43,45,33,39,44,43,33,34,36,38,37,43,36,36,33,44,39,37,31,35,37,40,41,41,40
42,45,42,40,37,44,45,41,42,41,36,39,39,38,40,42,30,36,43,44,41,43,39,44,44,43,46,33,39,44,43,33,34,36,38,37,44,36,36,34,44,39,37,31,35,37,40,41,41,41
41,45,42,40,38,44,45,41,42,42,36,39,40,38,40,42,31,36,42,44,42,46,39,45,45,43,46,34,39,44,43,33,34,36,38,37,44,36,36,34,44,38,38,31,35,37,40,41,41,41
42,45,43,40,38,44,45,42,43,41,36,40,40,38,40,42,31,36,43,44,41,46,39,45,45,44,46,34,39,44,44,33,34,37,38,37,44,36,36,34,44,38,37,31,35,37,40,41,41,40
42,45,44,40,38,44,45,42,43,42,36,40,40,38,40,43,31,36,43,44,41,46,39,45,45,44,46,34,39,44,45,33,34,37,39,36,45,36,36,34,45,38,37,31,36,37,40,41,41,40
42,45,44,40,38,44,45,42,43,42,35,40,40,38,39,43,31,36,43,44,41,46,39,45,44,44,46,34,39,44,47,33,34,37,39,36,45,36,36,34,45,38,37,32,36,37,39,41,40,40
42,45,44,40,38,44,45,42,43,41,35,40,40,38,39,42,31,37,42,44,41,46,38,45,44,44,46,34,39,44,48,33,34,36,39,36,44,36,36,34,44,38,37,32,36,37,39,41,40,39
42,45,43,40,39,42,45,42,43,41,35,39,40,38,39,42,31,37,42,44,41,46,38,45,45,44,46,34,39,44,48,33,34,36,39,36,44,36,36,34,44,38,37,32,35,37,39,41,39,39
42,45,43,39,39,42,44,42,43,41,35,39,40,38,38,42,32,37,42,44,40,45,38,45,45,43,46,34,39,43,48,33,34,36,39,35,44,36,36,34,44,38,37,32,34,37,39,41,39,39
42,45,44,37,39,43,44,42,43,41,35,39,41,38,38,42,32,37,42,44,40,45,37,45,44,42,45,34,38,43,48,34,34,36,39,35,44,36,36,34,44,38,37,32,34,37,39,40,38,38
42,45,44,36,39,43,44,42,43,41,35,39,41,38,38,41,32,37,42,43,39,45,37,45,44,41,45,34,38,43,48,34,34,36,39,35,44,36,36,34,44,38,37,32,34,37,39,39,38,38