0cont_fund,0ins_pout,0ins_price,0infra_npv,0debt_serv,0gross_rev,0cont_contrib,0drought_cost,0water_price
0,0,0,0,60,2.1827e+07,0,0,1.40033e+07
0,0,0,0,0,2.18345e+07,0,0,1.40033e+07
0,0,0,0,0,2.18421e+07,0,0,1.40033e+07
0,0,0,0,0,2.18496e+07,0,0,1.40033e+07
0,0,0,0,0,2.42016e+07,0,0,1.40033e+07
0,0,0,0,0,2.42099e+07,0,0,1.40033e+07
0,0,0,0,0,2.42183e+07,0,0,1.40033e+07
0,0,0,0,0,2.42266e+07,0,0,1.40033e+07
0,0,0,0,0,2.09917e+07,0,0,1.40033e+07
0,0,0,0,0,2.09989e+07,0,0,1.40033e+07
0,0,0,0,0,2.10062e+07,0,0,1.40033e+07
0,0,0,0,0,2.10134e+07,0,0,1.40033e+07
0,0,0,0,0,2.10206e+07,0,0,1.40033e+07
0,0,0,0,0,2.18338e+07,0,0,1.40033e+07
0,0,0,0,0,2.18413e+07,0,0,1.40033e+07
0,0,0,0,0,2.18488e+07,0,0,1.40033e+07
0,0,0,0,0,2.18563e+07,0,0,1.40033e+07
0,0,0,0,0,2.15494e+07,0,0,1.40033e+07
0,0,0,0,0,2.15568e+07,0,0,1.40033e+07
0,0,0,0,0,2.15642e+07,0,0,1.40033e+07
0,0,0,0,0,2.15717e+07,0,0,1.40033e+07
0,0,0,0,0,2.26723e+07,0,0,1.40033e+07
0,0,0,0,0,2.26801e+07,0,0,1.40033e+07
0,0,0,0,0,2.26879e+07,0,0,1.40033e+07
0,0,0,0,0,2.26957e+07,0,0,1.40033e+07
0,0,0,0,0,2.27035e+07,0,0,1.40033e+07
0,0,0,0,0,2.29194e+07,0,0,1.40033e+07
0,0,0,0,0,2.29273e+07,0,0,1.40033e+07
0,0,0,0,0,2.29352e+07,0,0,1.40033e+07
0,0,0,0,0,2.29431e+07,0,0,1.40033e+07
0,0,0,0,0,2.34991e+07,0,0,1.40033e+07
0,0,0,0,0,2.35072e+07,0,0,1.40033e+07
0,0,0,0,0,2.35153e+07,0,0,1.40033e+07
0,0,0,0,0,2.35233e+07,0,0,1.40033e+07
0,0,0,0,0,2.53289e+07,0,0,1.40033e+07
0,0,0,0,0,2.53376e+07,0,0,1.40033e+07
0,0,0,0,0,2.53463e+07,0,0,1.40033e+07
0,0,0,0,0,2.53551e+07,0,0,1.40033e+07
0,0,0,0,0,2.53638e+07,0,0,1.40033e+07
0,0,0,0,0,2.43743e+07,0,0,1.40033e+07
0,0,0,0,0,2.43826e+07,0,0,1.40033e+07
0,0,0,0,0,2.4391e+07,0,0,1.40033e+07
0,0,0,0,0,2.43994e+07,0,0,1.40033e+07
0,0,0,0,0,2.35324e+07,0,0,1.40033e+07
0,0,0,0,0,2.35405e+07,0,0,1.40033e+07
0,0,0,0,0,2.35486e+07,0,0,1.40033e+07
0,0,0,0,0,2.35567e+07,0,0,1.40033e+07
0,0,0,0,0,2.14987e+07,0,0,1.40033e+07
0,0,0,0,0,2.15061e+07,0,0,1.40033e+07
0,0,0,0,0,2.15135e+07,0,0,1.40033e+07
0,0,0,0,0,2.15209e+07,0,0,1.40033e+07
0,0,0,0,0,2.15283e+07,0,0,1.40033e+07
0,0,0,5.4071e+07,60,2.22207e+07,0,0,1.40033e+07
0,0,0,5.4071e+07,0,2.22281e+07,0,0,1.40033e+07
0,0,0,5.4071e+07,0,2.22355e+07,0,0,1.40033e+07
0,0,0,5.4071e+07,0,2.22429e+07,0,0,1.40033e+07
0,0,0,5.4071e+07,0,2.46369e+07,0,0,1.40033e+07
0,0,0,5.4071e+07,0,2.46451e+07,0,0,1.40033e+07
0,0,0,5.4071e+07,0,2.46533e+07,0,0,1.40033e+07
0,0,0,5.4071e+07,0,2.46614e+07,0,0,1.40033e+07
0,0,0,5.4071e+07,0,2.13682e+07,0,0,1.40033e+07
0,0,0,5.4071e+07,0,2.13753e+07,0,0,1.40033e+07
0,0,0,5.4071e+07,0,2.13824e+07,0,0,1.40033e+07
0,0,0,5.4071e+07,0,2.13895e+07,0,0,1.40033e+07
0,0,0,5.4071e+07,0,2.13966e+07,0,0,1.40033e+07
0,0,0,5.4071e+07,0,2.2224e+07,0,0,1.40033e+07
0,0,0,5.4071e+07,0,2.22314e+07,0,0,1.40033e+07
0,0,0,5.4071e+07,0,2.22388e+07,0,0,1.40033e+07
0,0,0,5.4071e+07,0,2.22462e+07,0,0,1.40033e+07
0,0,0,5.4071e+07,0,2.19335e+07,0,0,1.40033e+07
0,0,0,5.4071e+07,0,2.19408e+07,0,0,1.40033e+07
0,0,0,5.4071e+07,0,2.19481e+07,0,0,1.40033e+07
0,0,0,5.4071e+07,0,2.19554e+07,0,0,1.40033e+07
0,0,0,5.4071e+07,0,2.30753e+07,0,0,1.40033e+07
0,0,0,5.4071e+07,0,2.30829e+07,0,0,1.40033e+07
0,0,0,5.4071e+07,0,2.30906e+07,0,0,1.40033e+07
0,0,0,5.4071e+07,0,2.30983e+07,0,0,1.40033e+07
0,0,0,5.4071e+07,0,2.31059e+07,0,0,1.40033e+07
0,0,0,5.4071e+07,0,2.33254e+07,0,0,1.40033e+07
0,0,0,5.4071e+07,0,2.33331e+07,0,0,1.40033e+07
0,0,0,5.4071e+07,0,2.33409e+07,0,0,1.40033e+07
0,0,0,5.4071e+07,0,2.33486e+07,0,0,1.40033e+07
0,0,0,5.4071e+07,0,2.39142e+07,0,0,1.40033e+07
0,0,0,5.4071e+07,0,2.39221e+07,0,0,1.40033e+07
0,0,0,5.4071e+07,0,2.393e+07,0,0,1.40033e+07
0,0,0,5.4071e+07,0,2.3938e+07,0,0,1.40033e+07
0,0,0,5.4071e+07,0,2.57751e+07,0,0,1.40033e+07
0,0,0,5.4071e+07,0,2.57836e+07,0,0,1.40033e+07
0,0,0,5.4071e+07,0,2.57922e+07,0,0,1.40033e+07
0,0,0,5.4071e+07,0,2.58007e+07,0,0,1.40033e+07
0,0,0,5.4071e+07,0,2.58093e+07,0,0,1.40033e+07
0,0,0,5.4071e+07,0,2.48021e+07,0,0,1.40033e+07
0,0,0,5.4071e+07,0,2.48103e+07,0,0,1.40033e+07
0,0,0,5.4071e+07,0,2.48185e+07,0,0,1.40033e+07
0,0,0,5.4071e+07,0,2.48268e+07,0,0,1.40033e+07
0,0,0,5.4071e+07,0,2.39443e+07,0,0,1.40033e+07
0,0,0,5.4071e+07,0,2.4485e+07,-342444,342444,1.40033e+07
0,0,0,5.4071e+07,0,2.39602e+07,0,0,1.40033e+07
0,0,0,5.4071e+07,0,2.39681e+07,0,0,1.40033e+07
0,0,0,5.4071e+07,0,2.1874e+07,0,0,1.40033e+07
0,0,0,5.4071e+07,0,2.18812e+07,0,0,1.40033e+07
0,0,0,5.4071e+07,0,2.18885e+07,0,0,1.40033e+07
0,0,0,5.4071e+07,0,2.18957e+07,0,0,1.40033e+07
0,0,0,5.4071e+07,0,2.1903e+07,0,0,1.40033e+07
0,0,0,5.4071e+07,60,2.26071e+07,0,0,1.40033e+07
0,0,0,5.4071e+07,0,2.26144e+07,0,0,1.40033e+07
0,0,0,5.4071e+07,0,2.26216e+07,0,0,1.40033e+07
0,0,0,5.4071e+07,0,2.26289e+07,0,0,1.40033e+07
0,0,0,5.4071e+07,0,2.50641e+07,0,0,1.40033e+07
0,0,0,5.4071e+07,0,2.50721e+07,0,0,1.40033e+07
0,0,0,5.4071e+07,0,2.50802e+07,0,0,1.40033e+07
0,0,0,5.4071e+07,0,2.50882e+07,0,0,1.40033e+07
0,0,0,5.4071e+07,0,2.17377e+07,0,0,1.40033e+07
0,0,0,5.4071e+07,0,2.17446e+07,0,0,1.40033e+07
0,0,0,5.4071e+07,0,2.17516e+07,0,0,1.40033e+07
0,0,0,5.4071e+07,0,2.17586e+07,0,0,1.40033e+07
0,0,0,5.4071e+07,0,2.17655e+07,0,0,1.40033e+07
0,0,0,5.4071e+07,0,2.26069e+07,0,0,1.40033e+07
0,0,0,5.4071e+07,0,2.26142e+07,0,0,1.40033e+07
0,0,0,5.4071e+07,0,2.26214e+07,0,0,1.40033e+07
0,0,0,5.4071e+07,0,2.26286e+07,0,0,1.40033e+07
0,0,0,5.4071e+07,0,2.23103e+07,0,0,1.40033e+07
0,0,0,5.4071e+07,0,2.23174e+07,0,0,1.40033e+07
0,0,0,5.4071e+07,0,2.23246e+07,0,0,1.40033e+07
0,0,0,5.4071e+07,0,2.23317e+07,0,0,1.40033e+07
0,0,0,5.4071e+07,0,2.34705e+07,0,0,1.40033e+07
0,0,0,5.4071e+07,0,2.3478e+07,0,0,1.40033e+07
0,0,0,5.4071e+07,0,2.34855e+07,0,0,1.40033e+07
0,0,0,5.4071e+07,0,2.3493e+07,0,0,1.40033e+07
0,0,0,5.4071e+07,0,2.35005e+07,0,0,1.40033e+07
0,0,0,5.4071e+07,0,2.37234e+07,0,0,1.40033e+07
0,0,0,5.4071e+07,0,2.3731e+07,0,0,1.40033e+07
0,0,0,5.4071e+07,0,2.37386e+07,0,0,1.40033e+07
0,0,0,5.4071e+07,0,2.37462e+07,0,0,1.40033e+07
0,0,0,5.4071e+07,0,2.43211e+07,0,0,1.40033e+07
0,0,0,5.4071e+07,0,2.43289e+07,0,0,1.40033e+07
0,0,0,5.4071e+07,0,2.43366e+07,0,0,1.40033e+07
0,0,0,5.4071e+07,0,2.43444e+07,0,0,1.40033e+07
0,0,0,5.4071e+07,0,2.62124e+07,0,0,1.40033e+07
0,0,0,5.4071e+07,0,2.62207e+07,0,0,1.40033e+07
0,0,0,5.4071e+07,0,2.62291e+07,0,0,1.40033e+07
0,0,0,5.4071e+07,0,2.62375e+07,0,0,1.40033e+07
0,0,0,5.4071e+07,0,2.62459e+07,0,0,1.40033e+07
0,0,0,5.4071e+07,0,2.52213e+07,0,0,1.40033e+07
0,0,0,5.4071e+07,0,2.52294e+07,0,0,1.40033e+07
0,0,0,5.4071e+07,0,2.52374e+07,0,0,1.40033e+07
0,0,0,5.4071e+07,0,2.52455e+07,0,0,1.40033e+07
0,0,0,5.4071e+07,0,2.43479e+07,0,0,1.40033e+07
0,0,0,5.4071e+07,0,2.43556e+07,0,0,1.40033e+07
0,0,0,5.4071e+07,0,2.43634e+07,0,0,1.40033e+07
0,0,0,5.4071e+07,0,2.43712e+07,0,0,1.40033e+07
0,0,0,5.4071e+07,0,2.22415e+07,0,0,1.40033e+07
0,0,0,5.4071e+07,0,2.22486e+07,0,0,1.40033e+07
0,0,0,5.4071e+07,0,2.22557e+07,0,0,1.40033e+07
0,0,0,5.4071e+07,0,2.22628e+07,0,0,1.40033e+07
0,0,0,5.4071e+07,0,2.22699e+07,0,0,1.40033e+07
0,0,0,5.4071e+07,60,2.29856e+07,0,0,1.40033e+07
0,0,0,5.4071e+07,0,2.29927e+07,0,0,1.40033e+07
0,0,0,5.4071e+07,0,2.29997e+07,0,0,1.40033e+07
0,0,0,5.4071e+07,0,2.30068e+07,0,0,1.40033e+07
0,0,0,5.4071e+07,0,2.54824e+07,0,0,1.40033e+07
0,0,0,5.4071e+07,0,2.54903e+07,0,0,1.40033e+07
0,0,0,5.4071e+07,0,2.54981e+07,0,0,1.40033e+07
0,0,0,5.4071e+07,0,2.5506e+07,0,0,1.40033e+07
0,0,0,5.4071e+07,0,2.20994e+07,0,0,1.40033e+07
0,0,0,5.4071e+07,0,2.21062e+07,0,0,1.40033e+07
0,0,0,5.4071e+07,0,2.2113e+07,0,0,1.40033e+07
0,0,0,5.4071e+07,0,2.21198e+07,0,0,1.40033e+07
0,0,0,5.4071e+07,0,2.21266e+07,0,0,1.40033e+07
0,0,0,5.4071e+07,0,2.29817e+07,0,0,1.40033e+07
0,0,0,5.4071e+07,0,2.29888e+07,0,0,1.40033e+07
0,0,0,5.4071e+07,0,2.29958e+07,0,0,1.40033e+07
0,0,0,5.4071e+07,0,2.30029e+07,0,0,1.40033e+07
0,0,0,5.4071e+07,0,2.2679e+07,0,0,1.40033e+07
0,0,0,5.4071e+07,0,2.2686e+07,0,0,1.40033e+07
0,0,0,5.4071e+07,0,2.2693e+07,0,0,1.40033e+07
0,0,0,5.4071e+07,0,2.26999e+07,0,0,1.40033e+07
0,0,0,5.4071e+07,0,2.38572e+07,0,0,1.40033e+07
0,0,0,5.4071e+07,0,2.38646e+07,0,0,1.40033e+07
0,0,0,5.4071e+07,0,2.38719e+07,0,0,1.40033e+07
0,0,0,5.4071e+07,0,2.38792e+07,0,0,1.40033e+07
0,0,0,5.4071e+07,0,2.38866e+07,0,0,1.40033e+07
0,0,0,5.4071e+07,0,2.41128e+07,0,0,1.40033e+07
0,0,0,5.4071e+07,0,2.41202e+07,0,0,1.40033e+07
0,0,0,5.4071e+07,0,2.41276e+07,0,0,1.40033e+07
0,0,0,5.4071e+07,0,2.41351e+07,0,0,1.40033e+07
0,0,0,5.4071e+07,0,2.47191e+07,0,0,1.40033e+07
0,0,0,5.4071e+07,0,2.47267e+07,0,0,1.40033e+07
0,0,0,5.4071e+07,0,2.47343e+07,0,0,1.40033e+07
0,0,0,5.4071e+07,0,2.47419e+07,0,0,1.40033e+07
0,0,0,5.4071e+07,0,2.664e+07,0,0,1.40033e+07
0,0,0,5.4071e+07,0,2.66482e+07,0,0,1.40033e+07
0,0,0,5.4071e+07,0,2.66564e+07,0,0,1.40033e+07
0,0,0,5.4071e+07,0,2.66645e+07,0,0,1.40033e+07
0,0,0,5.4071e+07,0,2.66727e+07,0,0,1.40033e+07
0,0,0,5.4071e+07,0,2.56312e+07,0,0,1.40033e+07
0,0,0,5.4071e+07,0,2.56391e+07,0,0,1.40033e+07
0,0,0,5.4071e+07,0,2.56469e+07,0,0,1.40033e+07
0,0,0,5.4071e+07,0,2.56835e+07,-18420.7,18420.7,1.40033e+07
0,0,0,5.4071e+07,0,2.4769e+07,-17116.2,17116.2,1.40033e+07
0,0,0,5.4071e+07,0,2.50791e+07,-211547,211547,1.40033e+07
0,0,0,5.4071e+07,0,2.50847e+07,-210302,210302,1.40033e+07
0,0,0,5.4071e+07,0,2.50904e+07,-209056,209056,1.40033e+07
0,0,0,5.4071e+07,0,2.26008e+07,0,0,1.40033e+07
0,0,0,5.4071e+07,0,2.26077e+07,0,0,1.40033e+07
0,0,0,5.4071e+07,0,2.26146e+07,0,0,1.40033e+07
0,0,0,5.4071e+07,0,2.26216e+07,0,0,1.40033e+07
0,0,0,5.4071e+07,0,2.26285e+07,0,0,1.40033e+07
0,0,0,5.4071e+07,60,2.33554e+07,0,0,1.40033e+07
0,0,0,5.4071e+07,0,2.33623e+07,0,0,1.40033e+07
0,0,0,5.4071e+07,0,2.33692e+07,0,0,1.40033e+07
0,0,0,5.4071e+07,0,2.33761e+07,0,0,1.40033e+07
0,0,0,5.4071e+07,0,2.58912e+07,0,0,1.40033e+07
0,0,0,5.4071e+07,0,2.58988e+07,0,0,1.40033e+07
0,0,0,5.4071e+07,0,2.59065e+07,0,0,1.40033e+07
0,0,0,5.4071e+07,0,2.59141e+07,0,0,1.40033e+07
0,0,0,5.4071e+07,0,2.24528e+07,0,0,1.40033e+07
0,0,0,5.4071e+07,0,2.24594e+07,0,0,1.40033e+07
0,0,0,5.4071e+07,0,2.24661e+07,0,0,1.40033e+07
0,0,0,5.4071e+07,0,2.24727e+07,0,0,1.40033e+07
0,0,0,5.4071e+07,0,2.24793e+07,0,0,1.40033e+07
0,0,0,5.4071e+07,0,2.33477e+07,0,0,1.40033e+07
0,0,0,5.4071e+07,0,2.33546e+07,0,0,1.40033e+07
0,0,0,5.4071e+07,0,2.33615e+07,0,0,1.40033e+07
0,0,0,5.4071e+07,0,2.33684e+07,0,0,1.40033e+07
0,0,0,5.4071e+07,0,2.30391e+07,0,0,1.40033e+07
0,0,0,5.4071e+07,0,2.30459e+07,0,0,1.40033e+07
0,0,0,5.4071e+07,0,2.30527e+07,0,0,1.40033e+07
0,0,0,5.4071e+07,0,2.30595e+07,0,0,1.40033e+07
0,0,0,5.4071e+07,0,2.42349e+07,0,0,1.40033e+07
0,0,0,5.4071e+07,0,2.4242e+07,0,0,1.40033e+07
0,0,0,5.4071e+07,0,2.42492e+07,0,0,1.40033e+07
0,0,0,5.4071e+07,0,2.42563e+07,0,0,1.40033e+07
0,0,0,5.4071e+07,0,2.42635e+07,0,0,1.40033e+07
0,0,0,5.4071e+07,0,2.4493e+07,0,0,1.40033e+07
0,0,0,5.4071e+07,0,2.45003e+07,0,0,1.40033e+07
0,0,0,5.4071e+07,0,2.45075e+07,0,0,1.40033e+07
0,0,0,5.4071e+07,0,2.45147e+07,0,0,1.40033e+07
0,0,0,5.4071e+07,0,2.51076e+07,0,0,1.40033e+07
0,0,0,5.4071e+07,0,2.5115e+07,0,0,1.40033e+07
0,0,0,5.4071e+07,0,2.51224e+07,0,0,1.40033e+07
0,0,0,5.4071e+07,0,2.51298e+07,0,0,1.40033e+07
0,0,0,5.4071e+07,0,2.70574e+07,0,0,1.40033e+07
0,0,0,5.4071e+07,0,2.70654e+07,0,0,1.40033e+07
0,0,0,5.4071e+07,0,2.70734e+07,0,0,1.40033e+07
0,0,0,5.4071e+07,0,2.70814e+07,0,0,1.40033e+07
0,0,0,5.4071e+07,0,2.70893e+07,0,0,1.40033e+07
0,0,0,5.4071e+07,0,2.60312e+07,0,0,1.40033e+07
0,0,0,5.4071e+07,0,2.60389e+07,0,0,1.40033e+07
0,0,0,5.4071e+07,0,2.60466e+07,0,0,1.40033e+07
0,0,0,5.4071e+07,0,2.60543e+07,0,0,1.40033e+07
0,0,0,5.4071e+07,0,2.51273e+07,0,0,1.40033e+07
0,0,0,5.4071e+07,0,2.51347e+07,0,0,1.40033e+07
0,0,0,5.4071e+07,0,2.53711e+07,-147191,147191,1.40033e+07
0,0,0,5.4071e+07,0,2.53766e+07,-145976,145976,1.40033e+07
0,0,0,5.4071e+07,0,2.31765e+07,-144761,144761,1.40033e+07
0,0,0,5.4071e+07,0,2.38262e+07,-558036,558036,1.40033e+07
0,0,0,5.4071e+07,0,2.29648e+07,0,0,1.40033e+07
0,0,0,5.4071e+07,0,2.29716e+07,0,0,1.40033e+07
0,0,0,5.4071e+07,0,2.29783e+07,0,0,1.40033e+07
0,0,0,5.4071e+07,0,2.37162e+07,0,0,1.40033e+07
0,0,0,5.4071e+07,8.2477e+06,2.37229e+07,0,0,1.40033e+07
0,0,0,5.4071e+07,0,2.37297e+07,0,0,1.40033e+07
0,0,0,5.4071e+07,0,2.37364e+07,0,0,1.40033e+07
0,0,0,5.4071e+07,0,2.62899e+07,0,0,1.40033e+07
0,0,0,5.4071e+07,0,2.62973e+07,0,0,1.40033e+07
0,0,0,5.4071e+07,0,2.63048e+07,0,0,1.40033e+07
0,0,0,5.4071e+07,0,2.63122e+07,0,0,1.40033e+07
0,0,0,5.4071e+07,0,2.27974e+07,0,0,1.40033e+07
0,0,0,5.4071e+07,0,2.28039e+07,0,0,1.40033e+07
0,0,0,5.4071e+07,0,2.28104e+07,0,0,1.40033e+07
0,0,0,5.4071e+07,0,2.28168e+07,0,0,1.40033e+07
0,0,0,5.4071e+07,0,2.28233e+07,0,0,1.40033e+07
0,0,0,5.4071e+07,0,2.37047e+07,0,0,1.40033e+07
0,0,0,5.4071e+07,0,2.37115e+07,0,0,1.40033e+07
0,0,0,5.4071e+07,0,2.37182e+07,0,0,1.40033e+07
0,0,0,5.4071e+07,0,2.37249e+07,0,0,1.40033e+07
0,0,0,5.4071e+07,0,2.33903e+07,0,0,1.40033e+07
0,0,0,5.4071e+07,0,2.33969e+07,0,0,1.40033e+07
0,0,0,5.4071e+07,0,2.34035e+07,0,0,1.40033e+07
0,0,0,5.4071e+07,0,2.34102e+07,0,0,1.40033e+07
0,0,0,5.4071e+07,0,2.46031e+07,0,0,1.40033e+07
0,0,0,5.4071e+07,0,2.46101e+07,0,0,1.40033e+07
0,0,0,5.4071e+07,0,2.4617e+07,0,0,1.40033e+07
0,0,0,5.4071e+07,0,2.4624e+07,0,0,1.40033e+07
0,0,0,5.4071e+07,0,2.4631e+07,0,0,1.40033e+07
0,0,0,5.4071e+07,0,2.48637e+07,0,0,1.40033e+07
0,0,0,5.4071e+07,0,2.48707e+07,0,0,1.40033e+07
0,0,0,5.4071e+07,0,2.48778e+07,0,0,1.40033e+07
0,0,0,5.4071e+07,0,2.48848e+07,0,0,1.40033e+07
0,0,0,5.4071e+07,0,2.54864e+07,0,0,1.40033e+07
0,0,0,5.4071e+07,0,2.54936e+07,0,0,1.40033e+07
0,0,0,5.4071e+07,0,2.55008e+07,0,0,1.40033e+07
0,0,0,5.4071e+07,0,2.5508e+07,0,0,1.40033e+07
0,0,0,5.4071e+07,0,2.74643e+07,0,0,1.40033e+07
0,0,0,5.4071e+07,0,2.7472e+07,0,0,1.40033e+07
0,0,0,5.4071e+07,0,2.74798e+07,0,0,1.40033e+07
0,0,0,5.4071e+07,0,2.74876e+07,0,0,1.40033e+07
0,0,0,5.4071e+07,0,2.74954e+07,0,0,1.40033e+07
0,0,0,5.4071e+07,0,2.64211e+07,0,0,1.40033e+07
0,0,0,5.4071e+07,0,2.64286e+07,0,0,1.40033e+07
0,0,0,5.4071e+07,0,2.6436e+07,0,0,1.40033e+07
0,0,0,5.4071e+07,0,2.64435e+07,0,0,1.40033e+07
0,0,0,5.4071e+07,0,2.55024e+07,0,0,1.40033e+07
0,0,0,5.4071e+07,0,2.56448e+07,-86878.3,86878.3,1.40033e+07
0,0,0,5.4071e+07,0,2.56501e+07,-85695.2,85695.2,1.40033e+07
0,0,0,5.4071e+07,0,2.56555e+07,-84512.1,84512.1,1.40033e+07
0,0,0,5.4071e+07,0,2.34224e+07,-83328.6,83328.6,1.40033e+07
0,0,0,5.4071e+07,0,2.40816e+07,-502803,502803,1.40033e+07
0,0,0,5.4071e+07,0,2.40866e+07,-501738,501738,1.40033e+07
0,0,0,5.4071e+07,0,2.40915e+07,-500673,500673,1.40033e+07
0,0,0,5.4071e+07,0,2.40964e+07,-499607,499607,1.40033e+07
0,0,0,5.4071e+07,0,2.40948e+07,-498541,498541,1.40033e+07
0,0,0,1.08142e+08,8.2477e+06,2.48433e+07,-498541,498541,1.40033e+07
0,0,0,1.08142e+08,0,2.40742e+07,0,0,1.40033e+07
0,0,0,1.08142e+08,0,2.40808e+07,0,0,1.40033e+07
0,0,0,1.08142e+08,0,2.40873e+07,0,0,1.40033e+07
0,0,0,1.08142e+08,0,2.66782e+07,0,0,1.40033e+07
0,0,0,1.08142e+08,0,2.66855e+07,0,0,1.40033e+07
0,0,0,1.08142e+08,0,2.66927e+07,0,0,1.40033e+07
0,0,0,1.08142e+08,0,2.67e+07,0,0,1.40033e+07
0,0,0,1.08142e+08,0,2.31331e+07,0,0,1.40033e+07
0,0,0,1.08142e+08,0,2.31394e+07,0,0,1.40033e+07
0,0,0,1.08142e+08,0,2.31457e+07,0,0,1.40033e+07
0,0,0,1.08142e+08,0,2.3152e+07,0,0,1.40033e+07
0,0,0,1.08142e+08,0,2.31583e+07,0,0,1.40033e+07
0,0,0,1.08142e+08,0,2.40524e+07,0,0,1.40033e+07
0,0,0,1.08142e+08,0,2.40589e+07,0,0,1.40033e+07
0,0,0,1.08142e+08,0,2.40654e+07,0,0,1.40033e+07
0,0,0,1.08142e+08,0,2.4072e+07,0,0,1.40033e+07
0,0,0,1.08142e+08,0,2.37322e+07,0,0,1.40033e+07
0,0,0,1.08142e+08,0,2.37386e+07,0,0,1.40033e+07
0,0,0,1.08142e+08,0,2.37451e+07,0,0,1.40033e+07
0,0,0,1.08142e+08,0,2.37515e+07,0,0,1.40033e+07
0,0,0,1.08142e+08,0,2.49615e+07,0,0,1.40033e+07
0,0,0,1.08142e+08,0,2.49683e+07,0,0,1.40033e+07
0,0,0,1.08142e+08,0,2.49751e+07,0,0,1.40033e+07
0,0,0,1.08142e+08,0,2.49819e+07,0,0,1.40033e+07
0,0,0,1.08142e+08,0,2.49887e+07,0,0,1.40033e+07
0,0,0,1.08142e+08,0,2.52245e+07,0,0,1.40033e+07
0,0,0,1.08142e+08,0,2.52313e+07,0,0,1.40033e+07
0,0,0,1.08142e+08,0,2.52381e+07,0,0,1.40033e+07
0,0,0,1.08142e+08,0,2.5245e+07,0,0,1.40033e+07
0,0,0,1.08142e+08,0,2.58549e+07,0,0,1.40033e+07
0,0,0,1.08142e+08,0,2.5862e+07,0,0,1.40033e+07
0,0,0,1.08142e+08,0,2.5869e+07,0,0,1.40033e+07
0,0,0,1.08142e+08,0,2.5876e+07,0,0,1.40033e+07
0,0,0,1.08142e+08,0,2.78601e+07,0,0,1.40033e+07
0,0,0,1.08142e+08,0,2.78677e+07,0,0,1.40033e+07
0,0,0,1.08142e+08,0,2.78753e+07,0,0,1.40033e+07
0,0,0,1.08142e+08,0,2.78828e+07,0,0,1.40033e+07
0,0,0,1.08142e+08,0,2.78904e+07,0,0,1.40033e+07
0,0,0,1.08142e+08,0,2.68004e+07,0,0,1.40033e+07
0,0,0,1.08142e+08,0,2.68076e+07,0,0,1.40033e+07
0,0,0,1.08142e+08,0,2.68149e+07,0,0,1.40033e+07
0,0,0,1.08142e+08,0,2.68222e+07,0,0,1.40033e+07
0,0,0,1.08142e+08,0,2.58673e+07,0,0,1.40033e+07
0,0,0,1.08142e+08,0,2.58743e+07,0,0,1.40033e+07
0,0,0,1.08142e+08,0,2.58813e+07,0,0,1.40033e+07
0,0,0,1.08142e+08,0,2.58883e+07,0,0,1.40033e+07
0,0,0,1.08142e+08,0,2.36249e+07,0,0,1.40033e+07
0,0,0,1.08142e+08,0,2.36313e+07,0,0,1.40033e+07
0,0,0,1.08142e+08,0,2.36378e+07,0,0,1.40033e+07
0,0,0,1.08142e+08,0,2.36442e+07,0,0,1.40033e+07
0,0,0,1.08142e+08,0,2.36506e+07,0,0,1.40033e+07
0,0,0,1.08142e+08,8.2477e+06,2.44095e+07,0,0,1.40033e+07
0,0,0,1.08142e+08,0,2.44158e+07,0,0,1.40033e+07
0,0,0,1.08142e+08,0,2.44222e+07,0,0,1.40033e+07
0,0,0,1.08142e+08,0,2.44285e+07,0,0,1.40033e+07
0,0,0,1.08142e+08,0,2.70558e+07,0,0,1.40033e+07
0,0,0,1.08142e+08,0,2.70629e+07,0,0,1.40033e+07
0,0,0,1.08142e+08,0,2.70699e+07,0,0,1.40033e+07
0,0,0,1.08142e+08,0,2.7077e+07,0,0,1.40033e+07
0,0,0,1.08142e+08,0,2.34595e+07,0,0,1.40033e+07
0,0,0,1.08142e+08,0,2.34656e+07,0,0,1.40033e+07
0,0,0,1.08142e+08,0,2.34717e+07,0,0,1.40033e+07
0,0,0,1.08142e+08,0,2.34778e+07,0,0,1.40033e+07
0,0,0,1.08142e+08,0,2.34839e+07,0,0,1.40033e+07
0,0,0,1.08142e+08,0,2.43902e+07,0,0,1.40033e+07
0,0,0,1.08142e+08,0,2.43966e+07,0,0,1.40033e+07
0,0,0,1.08142e+08,0,2.44029e+07,0,0,1.40033e+07
0,0,0,1.08142e+08,0,2.44093e+07,0,0,1.40033e+07
0,0,0,1.08142e+08,0,2.40644e+07,0,0,1.40033e+07
0,0,0,1.08142e+08,0,2.40707e+07,0,0,1.40033e+07
0,0,0,1.08142e+08,0,2.4077e+07,0,0,1.40033e+07
0,0,0,1.08142e+08,0,2.40832e+07,0,0,1.40033e+07
0,0,0,1.08142e+08,0,2.53098e+07,0,0,1.40033e+07
0,0,0,1.08142e+08,0,2.53164e+07,0,0,1.40033e+07
0,0,0,1.08142e+08,0,2.5323e+07,0,0,1.40033e+07
0,0,0,1.08142e+08,0,2.53296e+07,0,0,1.40033e+07
0,0,0,1.08142e+08,0,2.53361e+07,0,0,1.40033e+07
0,0,0,1.08142e+08,0,2.55749e+07,0,0,1.40033e+07
0,0,0,1.08142e+08,0,2.55816e+07,0,0,1.40033e+07
0,0,0,1.08142e+08,0,2.55882e+07,0,0,1.40033e+07
0,0,0,1.08142e+08,0,2.55949e+07,0,0,1.40033e+07
0,0,0,1.08142e+08,0,2.6213e+07,0,0,1.40033e+07
0,0,0,1.08142e+08,0,2.62198e+07,0,0,1.40033e+07
0,0,0,1.08142e+08,0,2.62266e+07,0,0,1.40033e+07
0,0,0,1.08142e+08,0,2.62334e+07,0,0,1.40033e+07
0,0,0,1.08142e+08,0,2.82446e+07,0,0,1.40033e+07
0,0,0,1.08142e+08,0,2.8252e+07,0,0,1.40033e+07
0,0,0,1.08142e+08,0,2.82593e+07,0,0,1.40033e+07
0,0,0,1.08142e+08,0,2.82666e+07,0,0,1.40033e+07
0,0,0,1.08142e+08,0,2.8274e+07,0,0,1.40033e+07
0,0,0,1.08142e+08,0,2.71686e+07,0,0,1.40033e+07
0,0,0,1.08142e+08,0,2.71757e+07,0,0,1.40033e+07
0,0,0,1.08142e+08,0,2.71827e+07,0,0,1.40033e+07
0,0,0,1.08142e+08,0,2.71898e+07,0,0,1.40033e+07
0,0,0,1.08142e+08,0,2.62215e+07,0,0,1.40033e+07
0,0,0,1.08142e+08,0,2.62283e+07,0,0,1.40033e+07
0,0,0,1.08142e+08,0,2.62351e+07,0,0,1.40033e+07
0,0,0,1.08142e+08,0,2.62419e+07,0,0,1.40033e+07
0,0,0,1.08142e+08,0,2.39474e+07,0,0,1.40033e+07
0,0,0,1.08142e+08,0,2.39536e+07,0,0,1.40033e+07
0,0,0,1.08142e+08,0,2.39598e+07,0,0,1.40033e+07
0,0,0,1.08142e+08,0,2.3966e+07,0,0,1.40033e+07
0,0,0,1.08142e+08,0,2.39722e+07,0,0,1.40033e+07
0,0,0,1.08142e+08,8.2477e+06,2.47412e+07,0,0,1.40033e+07
0,0,0,1.08142e+08,0,2.47473e+07,0,0,1.40033e+07
0,0,0,1.08142e+08,0,2.47535e+07,0,0,1.40033e+07
0,0,0,1.08142e+08,0,2.47596e+07,0,0,1.40033e+07
0,0,0,1.08142e+08,0,2.74222e+07,0,0,1.40033e+07
0,0,0,1.08142e+08,0,2.74291e+07,0,0,1.40033e+07
0,0,0,1.08142e+08,0,2.74359e+07,0,0,1.40033e+07
0,0,0,1.08142e+08,0,2.74427e+07,0,0,1.40033e+07
0,0,0,1.08142e+08,0,2.37761e+07,0,0,1.40033e+07
0,0,0,1.08142e+08,0,2.3782e+07,0,0,1.40033e+07
0,0,0,1.08142e+08,0,2.37879e+07,0,0,1.40033e+07
0,0,0,1.08142e+08,0,2.37938e+07,0,0,1.40033e+07
0,0,0,1.08142e+08,0,2.37997e+07,0,0,1.40033e+07
0,0,0,1.08142e+08,0,2.4718e+07,0,0,1.40033e+07
0,0,0,1.08142e+08,0,2.47241e+07,0,0,1.40033e+07
0,0,0,1.08142e+08,0,2.47303e+07,0,0,1.40033e+07
0,0,0,1.08142e+08,0,2.47364e+07,0,0,1.40033e+07
0,0,0,1.08142e+08,0,2.43867e+07,0,0,1.40033e+07
0,0,0,1.08142e+08,0,2.43928e+07,0,0,1.40033e+07
0,0,0,1.08142e+08,0,2.43988e+07,0,0,1.40033e+07
0,0,0,1.08142e+08,0,2.44049e+07,0,0,1.40033e+07
0,0,0,1.08142e+08,0,2.56476e+07,0,0,1.40033e+07
0,0,0,1.08142e+08,0,2.5654e+07,0,0,1.40033e+07
0,0,0,1.08142e+08,0,2.56604e+07,0,0,1.40033e+07
0,0,0,1.08142e+08,0,2.56667e+07,0,0,1.40033e+07
0,0,0,1.08142e+08,0,2.56731e+07,0,0,1.40033e+07
0,0,0,1.08142e+08,0,2.59148e+07,0,0,1.40033e+07
0,0,0,1.08142e+08,0,2.59212e+07,0,0,1.40033e+07
0,0,0,1.08142e+08,0,2.59277e+07,0,0,1.40033e+07
0,0,0,1.08142e+08,0,2.59341e+07,0,0,1.40033e+07
0,0,0,1.08142e+08,0,2.65601e+07,0,0,1.40033e+07
0,0,0,1.08142e+08,0,2.65667e+07,0,0,1.40033e+07
0,0,0,1.08142e+08,0,2.65733e+07,0,0,1.40033e+07
0,0,0,1.08142e+08,0,2.65799e+07,0,0,1.40033e+07
0,0,0,1.08142e+08,0,2.86173e+07,0,0,1.40033e+07
0,0,0,1.08142e+08,0,2.86244e+07,0,0,1.40033e+07
0,0,0,1.08142e+08,0,2.86316e+07,0,0,1.40033e+07
0,0,0,1.08142e+08,0,2.86387e+07,0,0,1.40033e+07
0,0,0,1.08142e+08,0,2.86458e+07,0,0,1.40033e+07
0,0,0,1.08142e+08,0,2.75256e+07,0,0,1.40033e+07
0,0,0,1.08142e+08,0,2.75324e+07,0,0,1.40033e+07
0,0,0,1.08142e+08,0,2.75393e+07,0,0,1.40033e+07
0,0,0,1.08142e+08,0,2.75461e+07,0,0,1.40033e+07
0,0,0,1.08142e+08,0,2.65648e+07,0,0,1.40033e+07
0,0,0,1.08142e+08,0,2.65714e+07,0,0,1.40033e+07
0,0,0,1.08142e+08,0,2.6578e+07,0,0,1.40033e+07
0,0,0,1.08142e+08,0,2.65846e+07,0,0,1.40033e+07
0,0,0,1.08142e+08,0,2.42598e+07,0,0,1.40033e+07
0,0,0,1.08142e+08,0,2.42658e+07,0,0,1.40033e+07
0,0,0,1.08142e+08,0,2.42718e+07,0,0,1.40033e+07
0,0,0,1.08142e+08,0,2.42779e+07,0,0,1.40033e+07
0,0,0,1.08142e+08,0,2.42839e+07,0,0,1.40033e+07
0,0,0,1.08142e+08,8.2477e+06,2.50625e+07,0,0,1.40033e+07
0,0,0,1.08142e+08,0,2.50685e+07,0,0,1.40033e+07
0,0,0,1.08142e+08,0,2.50745e+07,0,0,1.40033e+07
0,0,0,1.08142e+08,0,2.50804e+07,0,0,1.40033e+07
0,0,0,1.08142e+08,0,2.77772e+07,0,0,1.40033e+07
0,0,0,1.08142e+08,0,2.77838e+07,0,0,1.40033e+07
0,0,0,1.08142e+08,0,2.77904e+07,0,0,1.40033e+07
0,0,0,1.08142e+08,0,2.7797e+07,0,0,1.40033e+07
0,0,0,1.08142e+08,0,2.40828e+07,0,0,1.40033e+07
0,0,0,1.08142e+08,0,2.40885e+07,0,0,1.40033e+07
0,0,0,1.08142e+08,0,2.40942e+07,0,0,1.40033e+07
0,0,0,1.08142e+08,0,2.40999e+07,0,0,1.40033e+07
0,0,0,1.08142e+08,0,2.41056e+07,0,0,1.40033e+07
0,0,0,1.08142e+08,0,2.50355e+07,0,0,1.40033e+07
0,0,0,1.08142e+08,0,2.50414e+07,0,0,1.40033e+07
0,0,0,1.08142e+08,0,2.50473e+07,0,0,1.40033e+07
0,0,0,1.08142e+08,0,2.50533e+07,0,0,1.40033e+07
0,0,0,1.08142e+08,0,2.46988e+07,0,0,1.40033e+07
0,0,0,1.08142e+08,0,2.47047e+07,0,0,1.40033e+07
0,0,0,1.08142e+08,0,2.47105e+07,0,0,1.40033e+07
0,0,0,1.08142e+08,0,2.47164e+07,0,0,1.40033e+07
0,0,0,1.08142e+08,0,2.59747e+07,0,0,1.40033e+07
0,0,0,1.08142e+08,0,2.59809e+07,0,0,1.40033e+07
0,0,0,1.08142e+08,0,2.5987e+07,0,0,1.40033e+07
0,0,0,1.08142e+08,0,2.59932e+07,0,0,1.40033e+07
0,0,0,1.08142e+08,0,2.59994e+07,0,0,1.40033e+07
0,0,0,1.08142e+08,0,2.62438e+07,0,0,1.40033e+07
0,0,0,1.08142e+08,0,2.625e+07,0,0,1.40033e+07
0,0,0,1.08142e+08,0,2.62563e+07,0,0,1.40033e+07
0,0,0,1.08142e+08,0,2.62625e+07,0,0,1.40033e+07
0,0,0,1.08142e+08,0,2.68961e+07,0,0,1.40033e+07
0,0,0,1.08142e+08,0,2.69025e+07,0,0,1.40033e+07
0,0,0,1.08142e+08,0,2.69089e+07,0,0,1.40033e+07
0,0,0,1.08142e+08,0,2.69153e+07,0,0,1.40033e+07
0,0,0,1.08142e+08,0,2.83248e+07,-653328,653328,1.40033e+07
0,0,0,1.08142e+08,0,2.83315e+07,-653483,653483,1.40033e+07
0,0,0,1.08142e+08,0,2.83382e+07,-653638,653638,1.40033e+07
0,0,0,1.08142e+08,0,2.83449e+07,-653793,653793,1.40033e+07
0,0,0,1.08142e+08,0,2.83517e+07,-653948,653948,1.40033e+07
0,0,0,1.08142e+08,0,2.78711e+07,0,0,1.40033e+07
0,0,0,1.08142e+08,0,2.78777e+07,0,0,1.40033e+07
0,0,0,1.08142e+08,0,2.78843e+07,0,0,1.40033e+07
0,0,0,1.08142e+08,0,2.78909e+07,0,0,1.40033e+07
0,0,0,1.08142e+08,0,2.6897e+07,0,0,1.40033e+07
0,0,0,1.08142e+08,0,2.69034e+07,0,0,1.40033e+07
0,0,0,1.08142e+08,0,2.69098e+07,0,0,1.40033e+07
0,0,0,1.08142e+08,0,2.69162e+07,0,0,1.40033e+07
0,0,0,1.08142e+08,0,2.45621e+07,0,0,1.40033e+07
0,0,0,1.08142e+08,0,2.45679e+07,0,0,1.40033e+07
0,0,0,1.08142e+08,0,2.45737e+07,0,0,1.40033e+07
0,0,0,1.08142e+08,0,2.45796e+07,0,0,1.40033e+07
0,0,0,1.08142e+08,0,2.45854e+07,0,0,1.40033e+07
0,0,0,1.08142e+08,1.64953e+07,2.53735e+07,0,0,1.40033e+07
0,0,0,1.08142e+08,0,2.53792e+07,0,0,1.40033e+07
0,0,0,1.08142e+08,0,2.5385e+07,0,0,1.40033e+07
0,0,0,1.08142e+08,0,2.53908e+07,0,0,1.40033e+07
0,0,0,1.08142e+08,0,2.81206e+07,0,0,1.40033e+07
0,0,0,1.08142e+08,0,2.8127e+07,0,0,1.40033e+07
0,0,0,1.08142e+08,0,2.81334e+07,0,0,1.40033e+07
0,0,0,1.08142e+08,0,2.81398e+07,0,0,1.40033e+07
0,0,0,1.08142e+08,0,2.43795e+07,0,0,1.40033e+07
0,0,0,1.08142e+08,0,2.4385e+07,0,0,1.40033e+07
0,0,0,1.08142e+08,0,2.43906e+07,0,0,1.40033e+07
0,0,0,1.08142e+08,0,2.43961e+07,0,0,1.40033e+07
0,0,0,1.08142e+08,0,2.44017e+07,0,0,1.40033e+07
0,0,0,1.08142e+08,0,2.53426e+07,0,0,1.40033e+07
0,0,0,1.08142e+08,0,2.53484e+07,0,0,1.40033e+07
0,0,0,1.08142e+08,0,2.53541e+07,0,0,1.40033e+07
0,0,0,1.08142e+08,0,2.53599e+07,0,0,1.40033e+07
0,0,0,1.08142e+08,0,2.50008e+07,0,0,1.40033e+07
0,0,0,1.08142e+08,0,2.50065e+07,0,0,1.40033e+07
0,0,0,1.08142e+08,0,2.50122e+07,0,0,1.40033e+07
0,0,0,1.08142e+08,0,2.50179e+07,0,0,1.40033e+07
0,0,0,1.08142e+08,0,2.62912e+07,0,0,1.40033e+07
0,0,0,1.08142e+08,0,2.62972e+07,0,0,1.40033e+07
0,0,0,1.08142e+08,0,2.63032e+07,0,0,1.40033e+07
0,0,0,1.08142e+08,0,2.63091e+07,0,0,1.40033e+07
0,0,0,1.08142e+08,0,2.63151e+07,0,0,1.40033e+07
0,0,0,1.08142e+08,0,2.65622e+07,0,0,1.40033e+07
0,0,0,1.08142e+08,0,2.65683e+07,0,0,1.40033e+07
0,0,0,1.08142e+08,0,2.65743e+07,0,0,1.40033e+07
0,0,0,1.08142e+08,0,2.65803e+07,0,0,1.40033e+07
0,0,0,1.08142e+08,0,2.72213e+07,0,0,1.40033e+07
0,0,0,1.08142e+08,0,2.72275e+07,0,0,1.40033e+07
0,0,0,1.08142e+08,0,2.72337e+07,0,0,1.40033e+07
0,0,0,1.08142e+08,0,2.72399e+07,0,0,1.40033e+07
0,0,0,1.08142e+08,0,2.86661e+07,-661200,661200,1.40033e+07
0,0,0,1.08142e+08,0,2.86726e+07,-661350,661350,1.40033e+07
0,0,0,1.08142e+08,0,2.86791e+07,-661500,661500,1.40033e+07
0,0,0,1.08142e+08,0,2.86856e+07,-661650,661650,1.40033e+07
0,0,0,1.08142e+08,0,2.86921e+07,-661800,661800,1.40033e+07
0,0,0,1.08142e+08,0,2.82054e+07,0,0,1.40033e+07
0,0,0,1.08142e+08,0,2.82118e+07,0,0,1.40033e+07
0,0,0,1.08142e+08,0,2.82182e+07,0,0,1.40033e+07
0,0,0,1.08142e+08,0,2.82246e+07,0,0,1.40033e+07
0,0,0,1.08142e+08,0,2.72186e+07,0,0,1.40033e+07
0,0,0,1.08142e+08,0,2.72248e+07,0,0,1.40033e+07
0,0,0,1.08142e+08,0,2.72309e+07,0,0,1.40033e+07
0,0,0,1.08142e+08,0,2.72371e+07,0,0,1.40033e+07
0,0,0,1.08142e+08,0,2.48547e+07,0,0,1.40033e+07
0,0,0,1.08142e+08,0,2.52496e+07,-250184,250184,1.40033e+07
0,0,0,1.08142e+08,0,2.52538e+07,-249272,249272,1.40033e+07
0,0,0,1.08142e+08,0,2.5258e+07,-248361,248361,1.40033e+07
0,0,0,1.08142e+08,0,2.52623e+07,-247449,247449,1.40033e+07
0,0,0,1.08142e+08,0,2.6058e+07,-246537,246537,1.40033e+07
0,0,0,1.08142e+08,1.64953e+07,2.568e+07,0,0,1.40033e+07
0,0,0,1.08142e+08,0,2.56856e+07,0,0,1.40033e+07
0,0,0,1.08142e+08,0,2.56912e+07,0,0,1.40033e+07
0,0,0,1.08142e+08,0,2.84531e+07,0,0,1.40033e+07
0,0,0,1.08142e+08,0,2.84593e+07,0,0,1.40033e+07
0,0,0,1.08142e+08,0,2.84655e+07,0,0,1.40033e+07
0,0,0,1.08142e+08,0,2.84717e+07,0,0,1.40033e+07
0,0,0,1.08142e+08,0,2.46668e+07,0,0,1.40033e+07
0,0,0,1.08142e+08,0,2.46721e+07,0,0,1.40033e+07
0,0,0,1.08142e+08,0,2.46775e+07,0,0,1.40033e+07
0,0,0,1.08142e+08,0,2.46829e+07,0,0,1.40033e+07
0,0,0,1.08142e+08,0,2.46882e+07,0,0,1.40033e+07
0,0,0,1.08142e+08,0,2.564e+07,0,0,1.40033e+07
0,0,0,1.08142e+08,0,2.56456e+07,0,0,1.40033e+07
0,0,0,1.08142e+08,0,2.56512e+07,0,0,1.40033e+07
0,0,0,1.08142e+08,0,2.56567e+07,0,0,1.40033e+07
0,0,0,1.08142e+08,0,2.52932e+07,0,0,1.40033e+07
0,0,0,1.08142e+08,0,2.52987e+07,0,0,1.40033e+07
0,0,0,1.08142e+08,0,2.53042e+07,0,0,1.40033e+07
0,0,0,1.08142e+08,0,2.53097e+07,0,0,1.40033e+07
0,0,0,1.08142e+08,0,2.65977e+07,0,0,1.40033e+07
0,0,0,1.08142e+08,0,2.66034e+07,0,0,1.40033e+07
0,0,0,1.08142e+08,0,2.66092e+07,0,0,1.40033e+07
0,0,0,1.08142e+08,0,2.6615e+07,0,0,1.40033e+07
0,0,0,1.08142e+08,0,2.66208e+07,0,0,1.40033e+07
0,0,0,1.08142e+08,0,2.68705e+07,0,0,1.40033e+07
0,0,0,1.08142e+08,0,2.68764e+07,0,0,1.40033e+07
0,0,0,1.08142e+08,0,2.68822e+07,0,0,1.40033e+07
0,0,0,1.08142e+08,0,2.68881e+07,0,0,1.40033e+07
0,0,0,1.08142e+08,0,2.75362e+07,0,0,1.40033e+07
0,0,0,1.08142e+08,0,2.75422e+07,0,0,1.40033e+07
0,0,0,1.08142e+08,0,2.75482e+07,0,0,1.40033e+07
0,0,0,1.08142e+08,0,2.75542e+07,0,0,1.40033e+07
0,0,0,1.08142e+08,0,2.89966e+07,-668822,668822,1.40033e+07
0,0,0,1.08142e+08,0,2.90029e+07,-668968,668968,1.40033e+07
0,0,0,1.08142e+08,0,2.90092e+07,-669113,669113,1.40033e+07
0,0,0,1.08142e+08,0,2.90155e+07,-669258,669258,1.40033e+07
0,0,0,1.08142e+08,0,2.90218e+07,-669404,669404,1.40033e+07
0,0,0,1.08142e+08,0,2.85292e+07,0,0,1.40033e+07
0,0,0,1.08142e+08,0,2.85354e+07,0,0,1.40033e+07
0,0,0,1.08142e+08,0,2.85416e+07,0,0,1.40033e+07
0,0,0,1.08142e+08,0,2.85478e+07,0,0,1.40033e+07
0,0,0,1.08142e+08,0,2.753e+07,0,0,1.40033e+07
0,0,0,1.08142e+08,0,2.75359e+07,0,0,1.40033e+07
0,0,0,1.08142e+08,0,2.75419e+07,0,0,1.40033e+07
0,0,0,1.08142e+08,0,2.75479e+07,0,0,1.40033e+07
0,0,0,1.08142e+08,0,2.51381e+07,0,0,1.40033e+07
0,0,0,1.08142e+08,0,2.54615e+07,-204354,204354,1.40033e+07
0,0,0,1.08142e+08,0,2.54656e+07,-203472,203472,1.40033e+07
0,0,0,1.08142e+08,0,2.54697e+07,-202589,202589,1.40033e+07
0,0,0,1.08142e+08,0,2.54737e+07,-201707,201707,1.40033e+07
0,0,0,1.08142e+08,0,2.51599e+07,0,0,1.40033e+07
0,0,0,1.08142e+08,1.64953e+07,2.59659e+07,0,0,1.40033e+07
0,0,0,1.08142e+08,0,2.59713e+07,0,0,1.40033e+07
0,0,0,1.08142e+08,0,2.59767e+07,0,0,1.40033e+07
0,0,0,1.08142e+08,0,2.59821e+07,0,0,1.40033e+07
0,0,0,1.08142e+08,0,2.8775e+07,0,0,1.40033e+07
0,0,0,1.08142e+08,0,2.8781e+07,0,0,1.40033e+07
0,0,0,1.08142e+08,0,2.8787e+07,0,0,1.40033e+07
0,0,0,1.08142e+08,0,2.87929e+07,0,0,1.40033e+07
0,0,0,1.08142e+08,0,2.49449e+07,0,0,1.40033e+07
0,0,0,1.08142e+08,0,2.49501e+07,0,0,1.40033e+07
0,0,0,1.08142e+08,0,2.49553e+07,0,0,1.40033e+07
0,0,0,1.08142e+08,0,2.49604e+07,0,0,1.40033e+07
0,0,0,1.08142e+08,0,2.49656e+07,0,0,1.40033e+07
0,0,0,1.08142e+08,0,2.59278e+07,0,0,1.40033e+07
0,0,0,1.08142e+08,0,2.59332e+07,0,0,1.40033e+07
0,0,0,1.08142e+08,0,2.59386e+07,0,0,1.40033e+07
0,0,0,1.08142e+08,0,2.5944e+07,0,0,1.40033e+07
0,0,0,1.08142e+08,0,2.55762e+07,0,0,1.40033e+07
0,0,0,1.08142e+08,0,2.55815e+07,0,0,1.40033e+07
0,0,0,1.08142e+08,0,2.55868e+07,0,0,1.40033e+07
0,0,0,1.08142e+08,0,2.55921e+07,0,0,1.40033e+07
0,0,0,1.08142e+08,0,2.68942e+07,0,0,1.40033e+07
0,0,0,1.08142e+08,0,2.68998e+07,0,0,1.40033e+07
0,0,0,1.08142e+08,0,2.69054e+07,0,0,1.40033e+07
0,0,0,1.08142e+08,0,2.6911e+07,0,0,1.40033e+07
0,0,0,1.08142e+08,0,2.69166e+07,0,0,1.40033e+07
0,0,0,1.08142e+08,0,2.71688e+07,0,0,1.40033e+07
0,0,0,1.08142e+08,0,2.71745e+07,0,0,1.40033e+07
0,0,0,1.08142e+08,0,2.71801e+07,0,0,1.40033e+07
0,0,0,1.08142e+08,0,2.71857e+07,0,0,1.40033e+07
0,0,0,1.08142e+08,0,2.78408e+07,0,0,1.40033e+07
0,0,0,1.08142e+08,0,2.78466e+07,0,0,1.40033e+07
0,0,0,1.08142e+08,0,2.78524e+07,0,0,1.40033e+07
0,0,0,1.08142e+08,0,2.78582e+07,0,0,1.40033e+07
0,0,0,1.08142e+08,0,2.93162e+07,-676195,676195,1.40033e+07
0,0,0,1.08142e+08,0,2.93223e+07,-676336,676336,1.40033e+07
0,0,0,1.08142e+08,0,2.93284e+07,-676476,676476,1.40033e+07
0,0,0,1.08142e+08,0,2.93345e+07,-676616,676616,1.40033e+07
0,0,0,1.08142e+08,0,2.93406e+07,-676757,676757,1.40033e+07
0,0,0,1.08142e+08,0,2.88423e+07,0,0,1.40033e+07
0,0,0,1.08142e+08,0,2.88483e+07,0,0,1.40033e+07
0,0,0,1.08142e+08,0,2.88543e+07,0,0,1.40033e+07
0,0,0,1.08142e+08,0,2.88603e+07,0,0,1.40033e+07
0,0,0,1.08142e+08,0,2.78311e+07,0,0,1.40033e+07
0,0,0,1.08142e+08,0,2.78368e+07,0,0,1.40033e+07
0,0,0,1.08142e+08,0,2.78426e+07,0,0,1.40033e+07
0,0,0,1.08142e+08,0,2.78484e+07,0,0,1.40033e+07
0,0,0,1.08142e+08,0,2.5412e+07,0,0,1.40033e+07
0,0,0,1.08142e+08,0,2.56663e+07,-160046,160046,1.40033e+07
0,0,0,1.08142e+08,0,2.56703e+07,-159193,159193,1.40033e+07
0,0,0,1.08142e+08,0,2.56742e+07,-158340,158340,1.40033e+07
0,0,0,1.08142e+08,0,2.56782e+07,-157487,157487,1.40033e+07
0,0,0,1.08142e+08,1.64953e+07,2.64913e+07,-156634,156634,1.40033e+07
0,0,0,1.08142e+08,60,2.62528e+07,0,0,1.40033e+07
0,0,0,1.08142e+08,0,2.62581e+07,0,0,1.40033e+07
0,0,0,1.08142e+08,0,2.62633e+07,0,0,1.40033e+07
0,0,0,1.08142e+08,0,2.90861e+07,0,0,1.40033e+07
0,0,0,1.08142e+08,0,2.90919e+07,0,0,1.40033e+07
0,0,0,1.08142e+08,0,2.90977e+07,0,0,1.40033e+07
0,0,0,1.08142e+08,0,2.91034e+07,0,0,1.40033e+07
0,0,0,1.08142e+08,0,2.52137e+07,0,0,1.40033e+07
0,0,0,1.08142e+08,0,2.52187e+07,0,0,1.40033e+07
0,0,0,1.08142e+08,0,2.52237e+07,0,0,1.40033e+07
0,0,0,1.08142e+08,0,2.52287e+07,0,0,1.40033e+07
0,0,0,1.08142e+08,0,2.52337e+07,0,0,1.40033e+07
0,0,0,1.08142e+08,0,2.6206e+07,0,0,1.40033e+07
0,0,0,1.08142e+08,0,2.62112e+07,0,0,1.40033e+07
0,0,0,1.08142e+08,0,2.62164e+07,0,0,1.40033e+07
0,0,0,1.08142e+08,0,2.62216e+07,0,0,1.40033e+07
0,0,0,1.08142e+08,0,2.58496e+07,0,0,1.40033e+07
0,0,0,1.08142e+08,0,2.58547e+07,0,0,1.40033e+07
0,0,0,1.08142e+08,0,2.58598e+07,0,0,1.40033e+07
0,0,0,1.08142e+08,0,2.5865e+07,0,0,1.40033e+07
0,0,0,1.08142e+08,0,2.71807e+07,0,0,1.40033e+07
0,0,0,1.08142e+08,0,2.7186e+07,0,0,1.40033e+07
0,0,0,1.08142e+08,0,2.71914e+07,0,0,1.40033e+07
0,0,0,1.08142e+08,0,2.71968e+07,0,0,1.40033e+07
0,0,0,1.08142e+08,0,2.72022e+07,0,0,1.40033e+07
0,0,0,1.08142e+08,0,2.74569e+07,0,0,1.40033e+07
0,0,0,1.08142e+08,0,2.74624e+07,0,0,1.40033e+07
0,0,0,1.08142e+08,0,2.74678e+07,0,0,1.40033e+07
0,0,0,1.08142e+08,0,2.74733e+07,0,0,1.40033e+07
0,0,0,1.08142e+08,0,2.8135e+07,0,0,1.40033e+07
0,0,0,1.08142e+08,0,2.81406e+07,0,0,1.40033e+07
0,0,0,1.08142e+08,0,2.81462e+07,0,0,1.40033e+07
0,0,0,1.08142e+08,0,2.81517e+07,0,0,1.40033e+07
0,0,0,1.08142e+08,0,2.96249e+07,-683315,683315,1.40033e+07
0,0,0,1.08142e+08,0,2.96307e+07,-683450,683450,1.40033e+07
0,0,0,1.08142e+08,0,2.96366e+07,-683586,683586,1.40033e+07
0,0,0,1.08142e+08,0,2.96425e+07,-683721,683721,1.40033e+07
0,0,0,1.08142e+08,0,2.96484e+07,-683857,683857,1.40033e+07
0,0,0,1.08142e+08,0,2.84876e+07,-657082,657082,1.40033e+07
0,0,0,1.08142e+08,0,2.84932e+07,-657212,657212,1.40033e+07
0,0,0,1.08142e+08,0,2.84989e+07,-657343,657343,1.40033e+07
0,0,0,1.08142e+08,0,2.85045e+07,-657473,657473,1.40033e+07
0,0,0,1.08142e+08,0,2.81217e+07,0,0,1.40033e+07
0,0,0,1.08142e+08,0,2.81273e+07,0,0,1.40033e+07
0,0,0,1.08142e+08,0,2.81329e+07,0,0,1.40033e+07
0,0,0,1.08142e+08,0,2.81384e+07,0,0,1.40033e+07
0,0,0,1.08142e+08,0,2.56765e+07,0,0,1.40033e+07
0,0,0,1.08142e+08,0,2.5864e+07,-117278,117278,1.40033e+07
0,0,0,1.08142e+08,0,2.56867e+07,0,0,1.40033e+07
0,0,0,1.08142e+08,0,2.56918e+07,0,0,1.40033e+07
0,0,0,1.08142e+08,0,2.56968e+07,0,0,1.40033e+07
0,0,0,1.08142e+08,1.64953e+07,2.65195e+07,0,0,1.40033e+07
0,0,0,1.08142e+08,0,2.65246e+07,0,0,1.40033e+07
0,0,0,1.08142e+08,0,2.65296e+07,0,0,1.40033e+07
0,0,0,1.08142e+08,0,2.65346e+07,0,0,1.40033e+07
0,0,0,1.08142e+08,0,2.93863e+07,0,0,1.40033e+07
0,0,0,1.08142e+08,0,2.93919e+07,0,0,1.40033e+07
0,0,0,1.08142e+08,0,2.93975e+07,0,0,1.40033e+07
0,0,0,1.08142e+08,0,2.9403e+07,0,0,1.40033e+07
0,0,0,1.08142e+08,0,2.5473e+07,0,0,1.40033e+07
0,0,0,1.08142e+08,0,2.54778e+07,0,0,1.40033e+07
0,0,0,1.08142e+08,0,2.54826e+07,0,0,1.40033e+07
0,0,0,1.08142e+08,0,2.54874e+07,0,0,1.40033e+07
0,0,0,1.08142e+08,0,2.54922e+07,0,0,1.40033e+07
0,0,0,1.08142e+08,0,2.64743e+07,0,0,1.40033e+07
0,0,0,1.08142e+08,0,2.64793e+07,0,0,1.40033e+07
0,0,0,1.08142e+08,0,2.64843e+07,0,0,1.40033e+07
0,0,0,1.08142e+08,0,2.64893e+07,0,0,1.40033e+07
0,0,0,1.08142e+08,0,2.61132e+07,0,0,1.40033e+07
0,0,0,1.08142e+08,0,2.61182e+07,0,0,1.40033e+07
0,0,0,1.08142e+08,0,2.61231e+07,0,0,1.40033e+07
0,0,0,1.08142e+08,0,2.61281e+07,0,0,1.40033e+07
0,0,0,1.08142e+08,0,2.74569e+07,0,0,1.40033e+07
0,0,0,1.08142e+08,0,2.74621e+07,0,0,1.40033e+07
0,0,0,1.08142e+08,0,2.74673e+07,0,0,1.40033e+07
0,0,0,1.08142e+08,0,2.74725e+07,0,0,1.40033e+07
0,0,0,1.08142e+08,0,2.74777e+07,0,0,1.40033e+07
0,0,0,1.08142e+08,0,2.77347e+07,0,0,1.40033e+07
0,0,0,1.08142e+08,0,2.77399e+07,0,0,1.40033e+07
0,0,0,1.08142e+08,0,2.77452e+07,0,0,1.40033e+07
0,0,0,1.08142e+08,0,2.77504e+07,0,0,1.40033e+07
0,0,0,1.08142e+08,0,2.84186e+07,0,0,1.40033e+07
0,0,0,1.08142e+08,0,2.84239e+07,0,0,1.40033e+07
0,0,0,1.08142e+08,0,2.84293e+07,0,0,1.40033e+07
0,0,0,1.08142e+08,0,2.84347e+07,0,0,1.40033e+07
0,0,0,1.08142e+08,0,2.99223e+07,-690176,690176,1.40033e+07
0,0,0,1.08142e+08,0,2.9928e+07,-690306,690306,1.40033e+07
0,0,0,1.08142e+08,0,2.99336e+07,-690437,690437,1.40033e+07
0,0,0,1.08142e+08,0,2.99393e+07,-690568,690568,1.40033e+07
0,0,0,1.08142e+08,0,2.9945e+07,-690698,690698,1.40033e+07
0,0,0,1.08142e+08,0,2.87723e+07,-663650,663650,1.40033e+07
0,0,0,1.08142e+08,0,2.87777e+07,-663775,663775,1.40033e+07
0,0,0,1.08142e+08,0,2.87832e+07,-663900,663900,1.40033e+07
0,0,0,1.08142e+08,0,2.87886e+07,-664026,664026,1.40033e+07
0,0,0,1.08142e+08,0,2.84017e+07,0,0,1.40033e+07
0,0,0,1.08142e+08,0,2.84071e+07,0,0,1.40033e+07
0,0,0,1.08142e+08,0,2.84125e+07,0,0,1.40033e+07
0,0,0,1.08142e+08,0,2.84178e+07,0,0,1.40033e+07
0,0,0,1.08142e+08,0,2.59312e+07,0,0,1.40033e+07
0,0,0,1.08142e+08,0,2.60545e+07,-76081.6,76081.6,1.40033e+07
0,0,0,1.08142e+08,0,2.60581e+07,-75289,75289,1.40033e+07
0,0,0,1.08142e+08,0,2.60618e+07,-74496.7,74496.7,1.40033e+07
0,0,0,1.08142e+08,0,2.59508e+07,0,0,1.40033e+07
0,0,0,1.08142e+08,1.64953e+07,2.67814e+07,0,0,1.40033e+07
0,0,0,1.08142e+08,0,2.67862e+07,0,0,1.40033e+07
0,0,0,1.08142e+08,0,2.6791e+07,0,0,1.40033e+07
0,0,0,1.08142e+08,0,2.67958e+07,0,0,1.40033e+07
0,0,0,1.08142e+08,0,2.90063e+07,-669048,669048,1.40033e+07
0,0,0,1.08142e+08,0,2.90115e+07,-669168,669168,1.40033e+07
0,0,0,1.08142e+08,0,2.90168e+07,-669288,669288,1.40033e+07
0,0,0,1.08142e+08,0,2.9022e+07,-669409,669409,1.40033e+07
0,0,0,1.08142e+08,0,2.57225e+07,0,0,1.40033e+07
0,0,0,1.08142e+08,0,2.57272e+07,0,0,1.40033e+07
0,0,0,1.08142e+08,0,2.57318e+07,0,0,1.40033e+07
0,0,0,1.08142e+08,0,2.57364e+07,0,0,1.40033e+07
0,0,0,1.08142e+08,0,2.57411e+07,0,0,1.40033e+07
0,0,0,1.08142e+08,0,2.67324e+07,0,0,1.40033e+07
0,0,0,1.08142e+08,0,2.67372e+07,0,0,1.40033e+07
0,0,0,1.08142e+08,0,2.6742e+07,0,0,1.40033e+07
0,0,0,1.08142e+08,0,2.67468e+07,0,0,1.40033e+07
0,0,0,1.08142e+08,0,2.63669e+07,0,0,1.40033e+07
0,0,0,1.08142e+08,0,2.63716e+07,0,0,1.40033e+07
0,0,0,1.08142e+08,0,2.63764e+07,0,0,1.40033e+07
0,0,0,1.08142e+08,0,2.63811e+07,0,0,1.40033e+07
0,0,0,1.08142e+08,0,2.77225e+07,0,0,1.40033e+07
0,0,0,1.08142e+08,0,2.77275e+07,0,0,1.40033e+07
0,0,0,1.08142e+08,0,2.77325e+07,0,0,1.40033e+07
0,0,0,1.08142e+08,0,2.77375e+07,0,0,1.40033e+07
0,0,0,1.08142e+08,0,2.77425e+07,0,0,1.40033e+07
0,0,0,1.08142e+08,0,2.80017e+07,0,0,1.40033e+07
0,0,0,1.08142e+08,0,2.80068e+07,0,0,1.40033e+07
0,0,0,1.08142e+08,0,2.80118e+07,0,0,1.40033e+07
0,0,0,1.08142e+08,0,2.80168e+07,0,0,1.40033e+07
0,0,0,1.08142e+08,0,2.86911e+07,0,0,1.40033e+07
0,0,0,1.08142e+08,0,2.86963e+07,0,0,1.40033e+07
0,0,0,1.08142e+08,0,2.87014e+07,0,0,1.40033e+07
0,0,0,1.08142e+08,0,2.87066e+07,0,0,1.40033e+07
0,0,0,1.08142e+08,0,3.02082e+07,-696770,696770,1.40033e+07
0,0,0,1.08142e+08,0,3.02136e+07,-696895,696895,1.40033e+07
0,0,0,1.08142e+08,0,3.02191e+07,-697020,697020,1.40033e+07
0,0,0,1.08142e+08,0,3.02245e+07,-697145,697145,1.40033e+07
0,0,0,1.08142e+08,0,3.02299e+07,-697271,697271,1.40033e+07
0,0,0,1.08142e+08,0,2.90458e+07,-669959,669959,1.40033e+07
0,0,0,1.08142e+08,0,2.9051e+07,-670079,670079,1.40033e+07
0,0,0,1.08142e+08,0,2.90563e+07,-670199,670199,1.40033e+07
0,0,0,1.08142e+08,0,2.90615e+07,-670320,670320,1.40033e+07
0,0,0,1.08142e+08,0,2.86707e+07,0,0,1.40033e+07
0,0,0,1.08142e+08,0,2.86758e+07,0,0,1.40033e+07
0,0,0,1.08142e+08,0,2.8681e+07,0,0,1.40033e+07
0,0,0,1.08142e+08,0,2.86861e+07,0,0,1.40033e+07
0,0,0,1.08142e+08,0,2.61758e+07,0,0,1.40033e+07
0,0,0,1.08142e+08,0,2.62373e+07,-36526.8,36526.8,1.40033e+07
0,0,0,1.08142e+08,0,2.62408e+07,-35766.1,35766.1,1.40033e+07
0,0,0,1.08142e+08,0,2.62443e+07,-35005.4,35005.4,1.40033e+07
0,0,0,1.08142e+08,0,2.62479e+07,-34244.8,34244.8,1.40033e+07
0,0,0,1.08142e+08,1.64953e+07,2.70327e+07,0,0,1.40033e+07
0,0,0,1.08142e+08,0,2.70373e+07,0,0,1.40033e+07
0,0,0,1.08142e+08,0,2.70419e+07,0,0,1.40033e+07
0,0,0,1.08142e+08,0,2.70465e+07,0,0,1.40033e+07
0,0,0,1.08142e+08,0,2.92774e+07,-675301,675301,1.40033e+07
0,0,0,1.08142e+08,0,2.92824e+07,-675416,675416,1.40033e+07
0,0,0,1.08142e+08,0,2.92874e+07,-675531,675531,1.40033e+07
0,0,0,1.08142e+08,0,2.92924e+07,-675647,675647,1.40033e+07
0,0,0,1.08142e+08,0,2.5962e+07,0,0,1.40033e+07
0,0,0,1.08142e+08,0,2.59664e+07,0,0,1.40033e+07
0,0,0,1.08142e+08,0,2.59708e+07,0,0,1.40033e+07
0,0,0,1.08142e+08,0,2.59753e+07,0,0,1.40033e+07
0,0,0,1.08142e+08,0,2.59797e+07,0,0,1.40033e+07
0,0,0,1.08142e+08,0,2.698e+07,0,0,1.40033e+07
0,0,0,1.08142e+08,0,2.69846e+07,0,0,1.40033e+07
0,0,0,1.08142e+08,0,2.69892e+07,0,0,1.40033e+07
0,0,0,1.08142e+08,0,2.69938e+07,0,0,1.40033e+07
0,0,0,1.08142e+08,0,2.66101e+07,0,0,1.40033e+07
0,0,0,1.08142e+08,0,2.66146e+07,0,0,1.40033e+07
0,0,0,1.08142e+08,0,2.66191e+07,0,0,1.40033e+07
0,0,0,1.08142e+08,0,2.66237e+07,0,0,1.40033e+07
0,0,0,1.08142e+08,0,2.79772e+07,0,0,1.40033e+07
0,0,0,1.08142e+08,0,2.7982e+07,0,0,1.40033e+07
0,0,0,1.08142e+08,0,2.79867e+07,0,0,1.40033e+07
0,0,0,1.08142e+08,0,2.79915e+07,0,0,1.40033e+07
0,0,0,1.08142e+08,0,2.79963e+07,0,0,1.40033e+07
0,0,0,1.08142e+08,0,2.82576e+07,0,0,1.40033e+07
0,0,0,1.08142e+08,0,2.82624e+07,0,0,1.40033e+07
0,0,0,1.08142e+08,0,2.82672e+07,0,0,1.40033e+07
0,0,0,1.08142e+08,0,2.82721e+07,0,0,1.40033e+07
0,0,0,1.08142e+08,0,2.89522e+07,0,0,1.40033e+07
0,0,0,1.08142e+08,0,2.89572e+07,0,0,1.40033e+07
0,0,0,1.08142e+08,0,2.89621e+07,0,0,1.40033e+07
0,0,0,1.08142e+08,0,2.8967e+07,0,0,1.40033e+07
0,0,0,1.08142e+08,0,3.0482e+07,-703084,703084,1.40033e+07
0,0,0,1.08142e+08,0,3.04872e+07,-703204,703204,1.40033e+07
0,0,0,1.08142e+08,0,3.04924e+07,-703324,703324,1.40033e+07
0,0,0,1.08142e+08,0,3.04975e+07,-703444,703444,1.40033e+07
0,0,0,1.08142e+08,0,3.05027e+07,-703563,703563,1.40033e+07
0,0,0,1.08142e+08,0,2.93077e+07,-675998,675998,1.40033e+07
0,0,0,1.08142e+08,0,2.93127e+07,-676114,676114,1.40033e+07
0,0,0,1.08142e+08,0,2.93177e+07,-676229,676229,1.40033e+07
0,0,0,1.08142e+08,0,2.93227e+07,-676344,676344,1.40033e+07
0,0,0,1.08142e+08,0,2.89281e+07,0,0,1.40033e+07
0,0,0,1.08142e+08,0,2.8933e+07,0,0,1.40033e+07
0,0,0,1.08142e+08,0,2.89379e+07,0,0,1.40033e+07
0,0,0,1.08142e+08,0,2.89428e+07,0,0,1.40033e+07
0,0,0,1.08142e+08,0,2.64098e+07,0,0,1.40033e+07
0,0,0,1.08142e+08,0,2.64143e+07,0,0,1.40033e+07
0,0,0,1.08142e+08,0,2.64188e+07,0,0,1.40033e+07
0,0,0,1.08142e+08,0,2.64233e+07,0,0,1.40033e+07
0,0,0,1.08142e+08,0,2.64278e+07,0,0,1.40033e+07
0,0,0,1.08142e+08,0,2.72731e+07,0,0,1.40033e+07
0,0,0,1.08142e+08,1.64953e+07,2.72775e+07,0,0,1.40033e+07
0,0,0,1.08142e+08,0,2.72819e+07,0,0,1.40033e+07
0,0,0,1.08142e+08,0,2.72863e+07,0,0,1.40033e+07
0,0,0,1.08142e+08,0,2.95367e+07,-681281,681281,1.40033e+07
0,0,0,1.08142e+08,0,2.95415e+07,-681391,681391,1.40033e+07
0,0,0,1.08142e+08,0,2.95462e+07,-681501,681501,1.40033e+07
0,0,0,1.08142e+08,0,2.9551e+07,-681611,681611,1.40033e+07
0,0,0,1.08142e+08,0,2.61909e+07,0,0,1.40033e+07
0,0,0,1.08142e+08,0,2.61951e+07,0,0,1.40033e+07
0,0,0,1.08142e+08,0,2.61994e+07,0,0,1.40033e+07
0,0,0,1.08142e+08,0,2.62036e+07,0,0,1.40033e+07
0,0,0,1.08142e+08,0,2.62078e+07,0,0,1.40033e+07
0,0,0,1.08142e+08,0,2.72166e+07,0,0,1.40033e+07
0,0,0,1.08142e+08,0,2.7221e+07,0,0,1.40033e+07
0,0,0,1.08142e+08,0,2.72254e+07,0,0,1.40033e+07
0,0,0,1.08142e+08,0,2.72298e+07,0,0,1.40033e+07
0,0,0,1.08142e+08,0,2.68425e+07,0,0,1.40033e+07
0,0,0,1.08142e+08,0,2.68468e+07,0,0,1.40033e+07
0,0,0,1.08142e+08,0,2.68511e+07,0,0,1.40033e+07
0,0,0,1.08142e+08,0,2.68555e+07,0,0,1.40033e+07
0,0,0,1.08142e+08,0,2.82205e+07,0,0,1.40033e+07
0,0,0,1.08142e+08,0,2.82251e+07,0,0,1.40033e+07
0,0,0,1.08142e+08,0,2.82296e+07,0,0,1.40033e+07
0,0,0,1.08142e+08,0,2.82342e+07,0,0,1.40033e+07
0,0,0,1.08142e+08,0,2.82387e+07,0,0,1.40033e+07
0,0,0,1.08142e+08,0,2.8502e+07,0,0,1.40033e+07
0,0,0,1.08142e+08,0,2.85066e+07,0,0,1.40033e+07
0,0,0,1.08142e+08,0,2.85112e+07,0,0,1.40033e+07
0,0,0,1.08142e+08,0,2.85158e+07,0,0,1.40033e+07
0,0,0,1.08142e+08,0,2.85432e+07,-658366,658366,1.40033e+07
0,0,0,1.08142e+08,0,2.85478e+07,-658472,658472,1.40033e+07
0,0,0,1.08142e+08,0,2.85524e+07,-658578,658578,1.40033e+07
0,0,0,1.08142e+08,0,2.8557e+07,-658684,658684,1.40033e+07
0,0,0,1.08142e+08,0,3.07434e+07,-709113,709113,1.40033e+07
0,0,0,1.08142e+08,0,3.07483e+07,-709228,709228,1.40033e+07
0,0,0,1.08142e+08,0,3.07533e+07,-709342,709342,1.40033e+07
0,0,0,1.08142e+08,0,3.07582e+07,-709456,709456,1.40033e+07
0,0,0,1.08142e+08,0,3.07632e+07,-709571,709571,1.40033e+07
0,0,0,1.08142e+08,0,2.95576e+07,-681764,681764,1.40033e+07
0,0,0,1.08142e+08,0,2.95624e+07,-681874,681874,1.40033e+07
0,0,0,1.08142e+08,0,2.95672e+07,-681984,681984,1.40033e+07
0,0,0,1.08142e+08,0,2.95719e+07,-682094,682094,1.40033e+07
0,0,0,1.08142e+08,0,2.91737e+07,0,0,1.40033e+07
0,0,0,1.08142e+08,0,2.91784e+07,0,0,1.40033e+07
0,0,0,1.08142e+08,0,2.91831e+07,0,0,1.40033e+07
0,0,0,1.08142e+08,0,2.91878e+07,0,0,1.40033e+07
0,0,0,1.08142e+08,0,2.66331e+07,0,0,1.40033e+07
0,0,0,1.08142e+08,0,2.66373e+07,0,0,1.40033e+07
0,0,0,1.08142e+08,0,2.66416e+07,0,0,1.40033e+07
0,0,0,1.08142e+08,0,2.66459e+07,0,0,1.40033e+07
0,0,0,1.08142e+08,0,2.66502e+07,0,0,1.40033e+07
0,0,0,1.08142e+08,0,2.66502e+07,0,0,1.40033e+07
0,0,0,1.08142e+08,0,2.75024e+07,0,0,1.40033e+07
0,0,0,1.08142e+08,0,2.75066e+07,0,0,1.40033e+07
0,0,0,1.08142e+08,0,2.75108e+07,0,0,1.40033e+07
0,0,0,1.08142e+08,0,2.7515e+07,0,0,1.40033e+07
0,0,0,1.08142e+08,0,2.97839e+07,-686984,686984,1.40033e+07
0,0,0,1.08142e+08,0,2.97885e+07,-687089,687089,1.40033e+07
0,0,0,1.08142e+08,0,2.9793e+07,-687193,687193,1.40033e+07
0,0,0,1.08142e+08,0,2.97976e+07,-687298,687298,1.40033e+07
0,0,0,1.08142e+08,0,2.64092e+07,0,0,1.40033e+07
0,0,0,1.08142e+08,0,2.64132e+07,0,0,1.40033e+07
0,0,0,1.08142e+08,0,2.64172e+07,0,0,1.40033e+07
0,0,0,1.08142e+08,0,2.64213e+07,0,0,1.40033e+07
0,0,0,1.08142e+08,0,2.64253e+07,0,0,1.40033e+07
0,0,0,1.08142e+08,0,2.74422e+07,0,0,1.40033e+07
0,0,0,1.08142e+08,0,2.74464e+07,0,0,1.40033e+07
0,0,0,1.08142e+08,0,2.74506e+07,0,0,1.40033e+07
0,0,0,1.08142e+08,0,2.74548e+07,0,0,1.40033e+07
0,0,0,1.08142e+08,0,2.7064e+07,0,0,1.40033e+07
0,0,0,1.08142e+08,0,2.70681e+07,0,0,1.40033e+07
0,0,0,1.08142e+08,0,2.70722e+07,0,0,1.40033e+07
0,0,0,1.08142e+08,0,2.70763e+07,0,0,1.40033e+07
0,0,0,1.08142e+08,0,2.84523e+07,0,0,1.40033e+07
0,0,0,1.08142e+08,0,2.84567e+07,0,0,1.40033e+07
0,0,0,1.08142e+08,0,2.8461e+07,0,0,1.40033e+07
0,0,0,1.08142e+08,0,2.84653e+07,0,0,1.40033e+07
0,0,0,1.08142e+08,0,2.84697e+07,0,0,1.40033e+07
0,0,0,1.08142e+08,0,2.87349e+07,0,0,1.40033e+07
0,0,0,1.08142e+08,0,2.87393e+07,0,0,1.40033e+07
0,0,0,1.08142e+08,0,2.87436e+07,0,0,1.40033e+07
0,0,0,1.08142e+08,0,2.8748e+07,0,0,1.40033e+07
0,0,0,1.08142e+08,0,2.87754e+07,-663720,663720,1.40033e+07
0,0,0,1.08142e+08,0,2.87797e+07,-663821,663821,1.40033e+07
0,0,0,1.08142e+08,0,2.87841e+07,-663922,663922,1.40033e+07
0,0,0,1.08142e+08,0,2.87885e+07,-664023,664023,1.40033e+07
0,0,0,1.08142e+08,0,3.09923e+07,-714855,714855,1.40033e+07
0,0,0,1.08142e+08,0,3.0997e+07,-714963,714963,1.40033e+07
0,0,0,1.08142e+08,0,3.10017e+07,-715072,715072,1.40033e+07
0,0,0,1.08142e+08,0,3.10064e+07,-715181,715181,1.40033e+07
0,0,0,1.08142e+08,0,3.10111e+07,-715289,715289,1.40033e+07
0,0,0,1.08142e+08,0,2.97956e+07,-687252,687252,1.40033e+07
0,0,0,1.08142e+08,0,2.98001e+07,-687357,687357,1.40033e+07
0,0,0,1.08142e+08,0,2.98046e+07,-687461,687461,1.40033e+07
0,0,0,1.08142e+08,0,2.98092e+07,-687566,687566,1.40033e+07
0,0,0,1.08142e+08,0,2.87445e+07,-663009,663009,1.40033e+07
0,0,0,1.08142e+08,0,2.87489e+07,-663109,663109,1.40033e+07
0,0,0,1.08142e+08,0,2.87532e+07,-663210,663210,1.40033e+07
0,0,0,1.08142e+08,0,2.87576e+07,-663311,663311,1.40033e+07
0,0,0,1.08142e+08,0,2.68455e+07,0,0,1.40033e+07
0,0,0,1.08142e+08,0,2.68496e+07,0,0,1.40033e+07
0,0,0,1.08142e+08,0,2.68537e+07,0,0,1.40033e+07
0,0,0,1.08142e+08,0,2.68578e+07,0,0,1.40033e+07
0,0,0,1.08142e+08,0,2.68618e+07,0,0,1.40033e+07
0,0,0,1.08142e+08,0,2.77205e+07,0,0,1.40033e+07
0,0,0,1.08142e+08,0,2.77245e+07,0,0,1.40033e+07
0,0,0,1.08142e+08,0,2.77285e+07,0,0,1.40033e+07
0,0,0,1.08142e+08,0,2.77325e+07,0,0,1.40033e+07
0,0,0,1.08142e+08,0,3.00191e+07,-692408,692408,1.40033e+07
0,0,0,1.08142e+08,0,3.00234e+07,-692507,692507,1.40033e+07
0,0,0,1.08142e+08,0,3.00277e+07,-692606,692606,1.40033e+07
0,0,0,1.08142e+08,0,3.0032e+07,-692706,692706,1.40033e+07
0,0,0,1.08142e+08,0,2.66168e+07,0,0,1.40033e+07
0,0,0,1.08142e+08,0,2.66206e+07,0,0,1.40033e+07
0,0,0,1.08142e+08,0,2.66244e+07,0,0,1.40033e+07
0,0,0,1.08142e+08,0,2.66282e+07,0,0,1.40033e+07
0,0,0,1.08142e+08,0,2.6632e+07,0,0,1.40033e+07
0,0,0,1.08142e+08,0,2.76566e+07,0,0,1.40033e+07
0,0,0,1.08142e+08,0,2.76606e+07,0,0,1.40033e+07
0,0,0,1.08142e+08,0,2.76646e+07,0,0,1.40033e+07
0,0,0,1.08142e+08,0,2.76685e+07,0,0,1.40033e+07
0,0,0,1.08142e+08,0,2.72745e+07,0,0,1.40033e+07
0,0,0,1.08142e+08,0,2.72784e+07,0,0,1.40033e+07
0,0,0,1.08142e+08,0,2.72823e+07,0,0,1.40033e+07
0,0,0,1.08142e+08,0,2.72862e+07,0,0,1.40033e+07
0,0,0,1.08142e+08,0,2.86726e+07,0,0,1.40033e+07
0,0,0,1.08142e+08,0,2.86767e+07,0,0,1.40033e+07
0,0,0,1.08142e+08,0,2.86808e+07,0,0,1.40033e+07
0,0,0,1.08142e+08,0,2.86849e+07,0,0,1.40033e+07
0,0,0,1.08142e+08,0,2.8689e+07,0,0,1.40033e+07
0,0,0,1.08142e+08,0,2.8956e+07,0,0,1.40033e+07
0,0,0,1.08142e+08,0,2.89602e+07,0,0,1.40033e+07
0,0,0,1.08142e+08,0,2.89643e+07,0,0,1.40033e+07
0,0,0,1.08142e+08,0,2.89685e+07,0,0,1.40033e+07
0,0,0,1.08142e+08,0,2.89958e+07,-668804,668804,1.40033e+07
0,0,0,1.08142e+08,0,2.89999e+07,-668900,668900,1.40033e+07
0,0,0,1.08142e+08,0,2.90041e+07,-668996,668996,1.40033e+07
0,0,0,1.08142e+08,0,2.90082e+07,-669091,669091,1.40033e+07
0,0,0,1.08142e+08,0,3.12285e+07,-720304,720304,1.40033e+07
0,0,0,1.08142e+08,0,3.1233e+07,-720407,720407,1.40033e+07
0,0,0,1.08142e+08,0,3.12375e+07,-720510,720510,1.40033e+07
0,0,0,1.08142e+08,0,3.12419e+07,-720614,720614,1.40033e+07
0,0,0,1.08142e+08,0,3.12464e+07,-720717,720717,1.40033e+07
0,0,0,1.08142e+08,0,3.00214e+07,-692461,692461,1.40033e+07
0,0,0,1.08142e+08,0,3.00257e+07,-692560,692560,1.40033e+07
0,0,0,1.08142e+08,0,3.003e+07,-692659,692659,1.40033e+07
0,0,0,1.08142e+08,0,3.00343e+07,-692758,692758,1.40033e+07
0,0,0,1.08142e+08,0,2.89613e+07,-668009,668009,1.40033e+07
0,0,0,1.08142e+08,0,2.89654e+07,-668105,668105,1.40033e+07
0,0,0,1.08142e+08,0,2.89696e+07,-668200,668200,1.40033e+07
0,0,0,1.08142e+08,0,2.89737e+07,-668296,668296,1.40033e+07
0,0,0,1.08142e+08,0,2.7047e+07,0,0,1.40033e+07
0,0,0,1.08142e+08,0,2.70509e+07,0,0,1.40033e+07
0,0,0,1.08142e+08,0,2.70548e+07,0,0,1.40033e+07
0,0,0,1.08142e+08,0,2.70586e+07,0,0,1.40033e+07
0,0,0,1.08142e+08,0,2.70625e+07,0,0,1.40033e+07
0,0,0,1.08142e+08,0,2.79274e+07,0,0,1.40033e+07
0,0,0,1.08142e+08,0,2.79311e+07,0,0,1.40033e+07
0,0,0,1.08142e+08,0,2.79349e+07,0,0,1.40033e+07
0,0,0,1.08142e+08,0,2.79386e+07,0,0,1.40033e+07
0,0,0,1.08142e+08,0,3.0242e+07,-697549,697549,1.40033e+07
0,0,0,1.08142e+08,0,3.0246e+07,-697642,697642,1.40033e+07
0,0,0,1.08142e+08,0,3.02501e+07,-697736,697736,1.40033e+07
0,0,0,1.08142e+08,0,3.02541e+07,-697829,697829,1.40033e+07
0,0,0,1.08142e+08,0,2.68134e+07,0,0,1.40033e+07
0,0,0,1.08142e+08,0,2.6817e+07,0,0,1.40033e+07
0,0,0,1.08142e+08,0,2.68206e+07,0,0,1.40033e+07
0,0,0,1.08142e+08,0,2.68242e+07,0,0,1.40033e+07
0,0,0,1.08142e+08,0,2.68278e+07,0,0,1.40033e+07
0,0,0,1.08142e+08,0,2.78597e+07,0,0,1.40033e+07
0,0,0,1.08142e+08,0,2.78634e+07,0,0,1.40033e+07
0,0,0,1.08142e+08,0,2.78672e+07,0,0,1.40033e+07
0,0,0,1.08142e+08,0,2.78709e+07,0,0,1.40033e+07
0,0,0,1.08142e+08,0,2.74737e+07,0,0,1.40033e+07
0,0,0,1.08142e+08,0,2.74774e+07,0,0,1.40033e+07
0,0,0,1.08142e+08,0,2.74811e+07,0,0,1.40033e+07
0,0,0,1.08142e+08,0,2.74848e+07,0,0,1.40033e+07
0,0,0,1.08142e+08,0,2.8881e+07,0,0,1.40033e+07
0,0,0,1.08142e+08,0,2.88849e+07,0,0,1.40033e+07
0,0,0,1.08142e+08,0,2.88888e+07,0,0,1.40033e+07
0,0,0,1.08142e+08,0,2.88927e+07,0,0,1.40033e+07
0,0,0,1.08142e+08,0,2.88965e+07,0,0,1.40033e+07
0,0,0,1.08142e+08,0,2.85077e+07,-657546,657546,1.40033e+07
0,0,0,1.08142e+08,0,2.85115e+07,-657634,657634,1.40033e+07
0,0,0,1.08142e+08,0,2.85153e+07,-657722,657722,1.40033e+07
0,0,0,1.08142e+08,0,2.85191e+07,-657810,657810,1.40033e+07
0,0,0,1.08142e+08,0,2.92042e+07,-673611,673611,1.40033e+07
0,0,0,1.08142e+08,0,2.92081e+07,-673702,673702,1.40033e+07
0,0,0,1.08142e+08,0,2.9212e+07,-673792,673792,1.40033e+07
0,0,0,1.08142e+08,0,2.92159e+07,-673882,673882,1.40033e+07
0,0,0,1.08142e+08,0,3.14519e+07,-725455,725455,1.40033e+07
0,0,0,1.08142e+08,0,3.14561e+07,-725552,725552,1.40033e+07
0,0,0,1.08142e+08,0,3.14603e+07,-725650,725650,1.40033e+07
0,0,0,1.08142e+08,0,3.14645e+07,-725747,725747,1.40033e+07
0,0,0,1.08142e+08,0,3.14687e+07,-725844,725844,1.40033e+07
0,0,0,1.08142e+08,0,3.02347e+07,-697381,697381,1.40033e+07
0,0,0,1.08142e+08,0,3.02388e+07,-697475,697475,1.40033e+07
0,0,0,1.08142e+08,0,3.02428e+07,-697568,697568,1.40033e+07
0,0,0,1.08142e+08,0,3.02469e+07,-697661,697661,1.40033e+07
0,0,0,1.08142e+08,0,2.9166e+07,-672731,672731,1.40033e+07
0,0,0,1.08142e+08,0,2.91699e+07,-672821,672821,1.40033e+07
0,0,0,1.08142e+08,0,2.91738e+07,-672912,672912,1.40033e+07
0,0,0,1.08142e+08,0,2.91778e+07,-673002,673002,1.40033e+07
0,0,0,1.08142e+08,0,2.72372e+07,0,0,1.40033e+07
0,0,0,1.08142e+08,0,2.72409e+07,0,0,1.40033e+07
0,0,0,1.08142e+08,0,2.72445e+07,0,0,1.40033e+07
0,0,0,1.08142e+08,0,2.72482e+07,0,0,1.40033e+07
0,0,0,1.08142e+08,0,2.72518e+07,0,0,1.40033e+07
0,0,0,1.08142e+08,0,2.81225e+07,0,0,1.40033e+07
0,0,0,1.08142e+08,0,2.8126e+07,0,0,1.40033e+07
0,0,0,1.08142e+08,0,2.81295e+07,0,0,1.40033e+07
0,0,0,1.08142e+08,0,2.81331e+07,0,0,1.40033e+07
0,0,0,1.08142e+08,0,3.04522e+07,-702398,702398,1.40033e+07
0,0,0,1.08142e+08,0,3.0456e+07,-702486,702486,1.40033e+07
0,0,0,1.08142e+08,0,3.04598e+07,-702574,702574,1.40033e+07
0,0,0,1.08142e+08,0,3.04636e+07,-702661,702661,1.40033e+07
0,0,0,1.08142e+08,0,2.69988e+07,0,0,1.40033e+07
0,0,0,1.08142e+08,0,2.70022e+07,0,0,1.40033e+07
0,0,0,1.08142e+08,0,2.70056e+07,0,0,1.40033e+07
0,0,0,1.08142e+08,0,2.7009e+07,0,0,1.40033e+07
0,0,0,1.08142e+08,0,2.70123e+07,0,0,1.40033e+07
0,0,0,1.08142e+08,0,2.80511e+07,0,0,1.40033e+07
0,0,0,1.08142e+08,0,2.80546e+07,0,0,1.40033e+07
0,0,0,1.08142e+08,0,2.80581e+07,0,0,1.40033e+07
0,0,0,1.08142e+08,0,2.80616e+07,0,0,1.40033e+07
0,0,0,1.08142e+08,0,2.76615e+07,0,0,1.40033e+07
0,0,0,1.08142e+08,0,2.7665e+07,0,0,1.40033e+07
0,0,0,1.08142e+08,0,2.76684e+07,0,0,1.40033e+07
0,0,0,1.08142e+08,0,2.76719e+07,0,0,1.40033e+07
0,0,0,1.08142e+08,0,2.90774e+07,0,0,1.40033e+07
0,0,0,1.08142e+08,0,2.9081e+07,0,0,1.40033e+07
0,0,0,1.08142e+08,0,2.90847e+07,0,0,1.40033e+07
0,0,0,1.08142e+08,0,2.90883e+07,0,0,1.40033e+07
0,0,0,1.08142e+08,0,2.90919e+07,0,0,1.40033e+07
0,0,0,1.08142e+08,0,2.87002e+07,-661986,661986,1.40033e+07
0,0,0,1.08142e+08,0,2.87038e+07,-662069,662069,1.40033e+07
0,0,0,1.08142e+08,0,2.87074e+07,-662152,662152,1.40033e+07
0,0,0,1.08142e+08,0,2.87109e+07,-662235,662235,1.40033e+07
0,0,0,1.08142e+08,0,2.94003e+07,-678136,678136,1.40033e+07
0,0,0,1.08142e+08,0,2.9404e+07,-678221,678221,1.40033e+07
0,0,0,1.08142e+08,0,2.94077e+07,-678306,678306,1.40033e+07
0,0,0,1.08142e+08,0,2.94114e+07,-678390,678390,1.40033e+07
0,0,0,1.08142e+08,0,3.1662e+07,-730302,730302,1.40033e+07
0,0,0,1.08142e+08,0,3.16659e+07,-730393,730393,1.40033e+07
0,0,0,1.08142e+08,0,3.16699e+07,-730485,730485,1.40033e+07
0,0,0,1.08142e+08,0,3.16739e+07,-730576,730576,1.40033e+07
0,0,0,1.08142e+08,0,3.16778e+07,-730668,730668,1.40033e+07
0,0,0,1.08142e+08,0,3.04353e+07,-702009,702009,1.40033e+07
0,0,0,1.08142e+08,0,3.04392e+07,-702097,702097,1.40033e+07
0,0,0,1.08142e+08,0,3.0443e+07,-702185,702185,1.40033e+07
0,0,0,1.08142e+08,0,3.04468e+07,-702272,702272,1.40033e+07
0,0,0,1.08142e+08,0,2.93585e+07,-677171,677171,1.40033e+07
0,0,0,1.08142e+08,0,2.93622e+07,-677256,677256,1.40033e+07
0,0,0,1.08142e+08,0,2.93659e+07,-677341,677341,1.40033e+07
0,0,0,1.08142e+08,0,2.93695e+07,-677426,677426,1.40033e+07
0,0,0,1.08142e+08,0,2.7416e+07,0,0,1.40033e+07
0,0,0,1.08142e+08,0,2.74194e+07,0,0,1.40033e+07
0,0,0,1.08142e+08,0,2.74229e+07,0,0,1.40033e+07
0,0,0,1.08142e+08,0,2.74263e+07,0,0,1.40033e+07
0,0,0,1.08142e+08,0,2.74297e+07,0,0,1.40033e+07
0,0,0,1.08142e+08,0,2.83058e+07,0,0,1.40033e+07
0,0,0,1.08142e+08,0,2.83091e+07,0,0,1.40033e+07
0,0,0,1.08142e+08,0,2.83124e+07,0,0,1.40033e+07
0,0,0,1.08142e+08,0,2.83157e+07,0,0,1.40033e+07
0,0,0,1.08142e+08,0,3.06497e+07,-706952,706952,1.40033e+07
0,0,0,1.08142e+08,0,3.06532e+07,-707035,707035,1.40033e+07
0,0,0,1.08142e+08,0,3.06568e+07,-707117,707117,1.40033e+07
0,0,0,1.08142e+08,0,3.06604e+07,-707200,707200,1.40033e+07
0,0,0,1.08142e+08,0,2.7173e+07,0,0,1.40033e+07
0,0,0,1.08142e+08,0,2.71761e+07,0,0,1.40033e+07
0,0,0,1.08142e+08,0,2.71793e+07,0,0,1.40033e+07
0,0,0,1.08142e+08,0,2.71825e+07,0,0,1.40033e+07
0,0,0,1.08142e+08,0,2.71856e+07,0,0,1.40033e+07
0,0,0,1.08142e+08,0,2.82308e+07,0,0,1.40033e+07
0,0,0,1.08142e+08,0,2.82341e+07,0,0,1.40033e+07
0,0,0,1.08142e+08,0,2.82374e+07,0,0,1.40033e+07
0,0,0,1.08142e+08,0,2.82407e+07,0,0,1.40033e+07
0,0,0,1.08142e+08,0,2.78378e+07,0,0,1.40033e+07
0,0,0,1.08142e+08,0,2.7841e+07,0,0,1.40033e+07
0,0,0,1.08142e+08,0,2.78442e+07,0,0,1.40033e+07
0,0,0,1.08142e+08,0,2.78475e+07,0,0,1.40033e+07
0,0,0,1.08142e+08,0,2.92616e+07,0,0,1.40033e+07
0,0,0,1.08142e+08,0,2.9265e+07,0,0,1.40033e+07
0,0,0,1.08142e+08,0,2.92685e+07,0,0,1.40033e+07
0,0,0,1.08142e+08,0,2.92719e+07,0,0,1.40033e+07
0,0,0,1.08142e+08,0,2.92753e+07,0,0,1.40033e+07
0,0,0,1.08142e+08,0,2.88808e+07,-666152,666152,1.40033e+07
0,0,0,1.08142e+08,0,2.88842e+07,-666230,666230,1.40033e+07
0,0,0,1.08142e+08,0,2.88875e+07,-666308,666308,1.40033e+07
0,0,0,1.08142e+08,0,2.88909e+07,-666385,666385,1.40033e+07
0,0,0,1.08142e+08,0,2.95843e+07,-682380,682380,1.40033e+07
0,0,0,1.08142e+08,0,2.95878e+07,-682460,682460,1.40033e+07
0,0,0,1.08142e+08,0,2.95912e+07,-682539,682539,1.40033e+07
0,0,0,1.08142e+08,0,2.95947e+07,-682619,682619,1.40033e+07
0,0,0,1.08142e+08,0,3.18591e+07,-734848,734848,1.40033e+07
0,0,0,1.08142e+08,0,3.18628e+07,-734933,734933,1.40033e+07
0,0,0,1.08142e+08,0,3.18665e+07,-735019,735019,1.40033e+07
0,0,0,1.08142e+08,0,3.18702e+07,-735104,735104,1.40033e+07
0,0,0,1.08142e+08,0,3.18739e+07,-735190,735190,1.40033e+07
0,0,0,1.08142e+08,0,3.06235e+07,-706348,706348,1.40033e+07
0,0,0,1.08142e+08,0,3.0627e+07,-706430,706430,1.40033e+07
0,0,0,1.08142e+08,0,3.06306e+07,-706512,706512,1.40033e+07
0,0,0,1.08142e+08,0,3.06342e+07,-706595,706595,1.40033e+07
0,0,0,1.08142e+08,0,2.9539e+07,-681333,681333,1.40033e+07
0,0,0,1.08142e+08,0,2.95424e+07,-681413,681413,1.40033e+07
0,0,0,1.08142e+08,0,2.95458e+07,-681492,681492,1.40033e+07
0,0,0,1.08142e+08,0,2.95493e+07,-681571,681571,1.40033e+07
0,0,0,1.08142e+08,0,2.75836e+07,0,0,1.40033e+07
0,0,0,1.08142e+08,0,2.75868e+07,0,0,1.40033e+07
0,0,0,1.08142e+08,0,2.759e+07,0,0,1.40033e+07
0,0,0,1.08142e+08,0,2.75932e+07,0,0,1.40033e+07
0,0,0,1.08142e+08,0,2.75964e+07,0,0,1.40033e+07
0,0,0,1.08142e+08,0,2.84776e+07,0,0,1.40033e+07
0,0,0,1.08142e+08,0,2.84807e+07,0,0,1.40033e+07
0,0,0,1.08142e+08,0,2.84838e+07,0,0,1.40033e+07
0,0,0,1.08142e+08,0,2.84869e+07,0,0,1.40033e+07
0,0,0,1.08142e+08,0,3.08346e+07,-711218,711218,1.40033e+07
0,0,0,1.08142e+08,0,3.0838e+07,-711295,711295,1.40033e+07
0,0,0,1.08142e+08,0,3.08413e+07,-711372,711372,1.40033e+07
0,0,0,1.08142e+08,0,3.08446e+07,-711449,711449,1.40033e+07
0,0,0,1.08142e+08,0,2.7336e+07,0,0,1.40033e+07
0,0,0,1.08142e+08,0,2.7339e+07,0,0,1.40033e+07
0,0,0,1.08142e+08,0,2.73419e+07,0,0,1.40033e+07
0,0,0,1.08142e+08,0,2.73449e+07,0,0,1.40033e+07
0,0,0,1.08142e+08,0,2.73478e+07,0,0,1.40033e+07
0,0,0,1.08142e+08,0,2.8399e+07,0,0,1.40033e+07
0,0,0,1.08142e+08,0,2.84021e+07,0,0,1.40033e+07
0,0,0,1.08142e+08,0,2.84052e+07,0,0,1.40033e+07
0,0,0,1.08142e+08,0,2.84082e+07,0,0,1.40033e+07
0,0,0,1.08142e+08,0,2.80027e+07,0,0,1.40033e+07
0,0,0,1.08142e+08,0,2.80057e+07,0,0,1.40033e+07
0,0,0,1.08142e+08,0,2.80087e+07,0,0,1.40033e+07
0,0,0,1.08142e+08,0,2.80118e+07,0,0,1.40033e+07
0,0,0,1.08142e+08,0,2.9434e+07,0,0,1.40033e+07
0,0,0,1.08142e+08,0,2.94372e+07,0,0,1.40033e+07
0,0,0,1.08142e+08,0,2.94404e+07,0,0,1.40033e+07
0,0,0,1.08142e+08,0,2.94436e+07,0,0,1.40033e+07
0,0,0,1.08142e+08,0,2.94467e+07,0,0,1.40033e+07
0,0,0,1.08142e+08,0,2.90497e+07,-670048,670048,1.40033e+07
0,0,0,1.08142e+08,0,2.90528e+07,-670121,670121,1.40033e+07
0,0,0,1.08142e+08,0,2.9056e+07,-670193,670193,1.40033e+07
0,0,0,1.08142e+08,0,2.90591e+07,-670266,670266,1.40033e+07
0,0,0,1.08142e+08,0,2.97564e+07,-686348,686348,1.40033e+07
0,0,0,1.08142e+08,0,2.97596e+07,-686422,686422,1.40033e+07
0,0,0,1.08142e+08,0,2.97628e+07,-686496,686496,1.40033e+07
0,0,0,1.08142e+08,0,2.9766e+07,-686571,686571,1.40033e+07
0,0,0,1.08142e+08,0,3.1977e+07,-805282,805282,1.40033e+07
0,0,0,1.08142e+08,0,3.19788e+07,-807099,807099,1.40033e+07
0,0,0,1.08142e+08,0,3.19805e+07,-808917,808917,1.40033e+07
0,0,0,1.08142e+08,0,3.19822e+07,-810735,810735,1.40033e+07
0,0,0,1.08142e+08,0,3.19839e+07,-812553,812553,1.40033e+07
0,0,0,1.08142e+08,0,3.07992e+07,-710401,710401,1.40033e+07
0,0,0,1.08142e+08,0,3.08025e+07,-710478,710478,1.40033e+07
0,0,0,1.08142e+08,0,3.08059e+07,-710555,710555,1.40033e+07
0,0,0,1.08142e+08,0,3.08092e+07,-710632,710632,1.40033e+07
0,0,0,1.08142e+08,0,2.97075e+07,-685220,685220,1.40033e+07
0,0,0,1.08142e+08,0,2.97107e+07,-685294,685294,1.40033e+07
0,0,0,1.08142e+08,0,2.97139e+07,-685368,685368,1.40033e+07
0,0,0,1.08142e+08,0,2.97171e+07,-685442,685442,1.40033e+07
0,0,0,1.08142e+08,0,2.774e+07,0,0,1.40033e+07
0,0,0,1.08142e+08,0,2.7743e+07,0,0,1.40033e+07
0,0,0,1.08142e+08,0,2.7746e+07,0,0,1.40033e+07
0,0,0,1.08142e+08,0,2.7749e+07,0,0,1.40033e+07
0,0,0,1.08142e+08,0,2.7752e+07,0,0,1.40033e+07
0,0,0,1.08142e+08,0,2.7752e+07,0,0,1.40033e+07
0,0,0,1.08142e+08,0,2.86379e+07,0,0,1.40033e+07
0,0,0,1.08142e+08,0,2.86408e+07,0,0,1.40033e+07
0,0,0,1.08142e+08,0,2.86436e+07,0,0,1.40033e+07
0,0,0,1.08142e+08,0,2.86465e+07,0,0,1.40033e+07
0,0,0,1.08142e+08,0,3.10072e+07,-715198,715198,1.40033e+07
0,0,0,1.08142e+08,0,3.10103e+07,-715270,715270,1.40033e+07
0,0,0,1.08142e+08,0,3.10134e+07,-715341,715341,1.40033e+07
0,0,0,1.08142e+08,0,3.10165e+07,-715413,715413,1.40033e+07
0,0,0,1.08142e+08,0,2.74881e+07,0,0,1.40033e+07
0,0,0,1.08142e+08,0,2.74908e+07,0,0,1.40033e+07
0,0,0,1.08142e+08,0,2.74936e+07,0,0,1.40033e+07
0,0,0,1.08142e+08,0,2.74963e+07,0,0,1.40033e+07
0,0,0,1.08142e+08,0,2.74991e+07,0,0,1.40033e+07
0,0,0,1.08142e+08,0,2.85558e+07,0,0,1.40033e+07
0,0,0,1.08142e+08,0,2.85587e+07,0,0,1.40033e+07
0,0,0,1.08142e+08,0,2.85615e+07,0,0,1.40033e+07
0,0,0,1.08142e+08,0,2.85644e+07,0,0,1.40033e+07
0,0,0,1.08142e+08,0,2.81564e+07,0,0,1.40033e+07
0,0,0,1.08142e+08,0,2.81592e+07,0,0,1.40033e+07
0,0,0,1.08142e+08,0,2.8162e+07,0,0,1.40033e+07
0,0,0,1.08142e+08,0,2.81648e+07,0,0,1.40033e+07
0,0,0,1.08142e+08,0,2.89273e+07,-667226,667226,1.40033e+07
0,0,0,1.08142e+08,0,2.89302e+07,-667293,667293,1.40033e+07
0,0,0,1.08142e+08,0,2.89331e+07,-667359,667359,1.40033e+07
0,0,0,1.08142e+08,0,2.8936e+07,-667426,667426,1.40033e+07
0,0,0,1.08142e+08,0,2.89389e+07,-667493,667493,1.40033e+07
0,0,0,1.08142e+08,0,2.9207e+07,-673676,673676,1.40033e+07
0,0,0,1.08142e+08,0,2.92099e+07,-673743,673743,1.40033e+07
0,0,0,1.08142e+08,0,2.92128e+07,-673810,673810,1.40033e+07
0,0,0,1.08142e+08,0,2.92157e+07,-673878,673878,1.40033e+07
0,0,0,1.08142e+08,0,2.99165e+07,-690041,690041,1.40033e+07
0,0,0,1.08142e+08,0,2.99195e+07,-690110,690110,1.40033e+07
0,0,0,1.08142e+08,0,2.99225e+07,-690179,690179,1.40033e+07
0,0,0,1.08142e+08,0,2.99254e+07,-690248,690248,1.40033e+07
0,0,0,1.08142e+08,0,3.20624e+07,-895203,895203,1.40033e+07
0,0,0,1.08142e+08,0,3.2064e+07,-896891,896891,1.40033e+07
0,0,0,1.08142e+08,0,3.20656e+07,-898579,898579,1.40033e+07
0,0,0,1.08142e+08,0,3.20672e+07,-900267,900267,1.40033e+07
0,0,0,1.08142e+08,0,3.20688e+07,-901956,901956,1.40033e+07
0,0,0,1.08142e+08,0,3.09626e+07,-714171,714171,1.40033e+07
0,0,0,1.08142e+08,0,3.09657e+07,-714242,714242,1.40033e+07
0,0,0,1.08142e+08,0,3.09688e+07,-714314,714314,1.40033e+07
0,0,0,1.08142e+08,0,3.09719e+07,-714385,714385,1.40033e+07
0,0,0,1.08142e+08,0,2.98641e+07,-688834,688834,1.40033e+07
0,0,0,1.08142e+08,0,2.98671e+07,-688902,688902,1.40033e+07
0,0,0,1.08142e+08,0,2.98701e+07,-688971,688971,1.40033e+07
0,0,0,1.08142e+08,0,2.98731e+07,-689040,689040,1.40033e+07
0,0,0,1.08142e+08,0,2.78854e+07,0,0,1.40033e+07
0,0,0,1.08142e+08,0,2.78881e+07,0,0,1.40033e+07
0,0,0,1.08142e+08,0,2.78909e+07,0,0,1.40033e+07
0,0,0,1.08142e+08,0,2.78937e+07,0,0,1.40033e+07
0,0,0,1.08142e+08,0,2.78965e+07,0,0,1.40033e+07
0,0,0,1.08142e+08,0,2.87868e+07,0,0,1.40033e+07
0,0,0,1.08142e+08,0,2.87894e+07,0,0,1.40033e+07
0,0,0,1.08142e+08,0,2.87921e+07,0,0,1.40033e+07
0,0,0,1.08142e+08,0,2.87947e+07,0,0,1.40033e+07
0,0,0,1.08142e+08,0,3.11674e+07,-718893,718893,1.40033e+07
0,0,0,1.08142e+08,0,3.11702e+07,-718959,718959,1.40033e+07
0,0,0,1.08142e+08,0,3.11731e+07,-719025,719025,1.40033e+07
0,0,0,1.08142e+08,0,3.11759e+07,-719091,719091,1.40033e+07
0,0,0,1.08142e+08,0,2.76292e+07,0,0,1.40033e+07
0,0,0,1.08142e+08,0,2.76317e+07,0,0,1.40033e+07
0,0,0,1.08142e+08,0,2.76343e+07,0,0,1.40033e+07
0,0,0,1.08142e+08,0,2.76368e+07,0,0,1.40033e+07
0,0,0,1.08142e+08,0,2.76393e+07,0,0,1.40033e+07
0,0,0,1.08142e+08,0,2.87013e+07,0,0,1.40033e+07
0,0,0,1.08142e+08,0,2.87039e+07,0,0,1.40033e+07
0,0,0,1.08142e+08,0,2.87065e+07,0,0,1.40033e+07
0,0,0,1.08142e+08,0,2.87092e+07,0,0,1.40033e+07
0,0,0,1.08142e+08,0,2.82988e+07,0,0,1.40033e+07
0,0,0,1.08142e+08,0,2.83014e+07,0,0,1.40033e+07
0,0,0,1.08142e+08,0,2.8304e+07,0,0,1.40033e+07
0,0,0,1.08142e+08,0,2.83066e+07,0,0,1.40033e+07
0,0,0,1.08142e+08,0,2.90728e+07,-670580,670580,1.40033e+07
0,0,0,1.08142e+08,0,2.90754e+07,-670642,670642,1.40033e+07
0,0,0,1.08142e+08,0,2.90781e+07,-670703,670703,1.40033e+07
0,0,0,1.08142e+08,0,2.90808e+07,-670765,670765,1.40033e+07
0,0,0,1.08142e+08,0,2.90834e+07,-670826,670826,1.40033e+07
0,0,0,1.08142e+08,0,2.93526e+07,-677035,677035,1.40033e+07
0,0,0,1.08142e+08,0,2.93553e+07,-677097,677097,1.40033e+07
0,0,0,1.08142e+08,0,2.9358e+07,-677159,677159,1.40033e+07
0,0,0,1.08142e+08,0,2.93607e+07,-677221,677221,1.40033e+07
0,0,0,1.08142e+08,0,3.00647e+07,-693459,693459,1.40033e+07
0,0,0,1.08142e+08,0,3.00674e+07,-693523,693523,1.40033e+07
0,0,0,1.08142e+08,0,3.00702e+07,-693587,693587,1.40033e+07
0,0,0,1.08142e+08,0,3.0073e+07,-693650,693650,1.40033e+07
0,0,0,1.08142e+08,0,3.21414e+07,-978393,978393,1.40033e+07
0,0,0,1.08142e+08,0,3.21429e+07,-979952,979952,1.40033e+07
0,0,0,1.08142e+08,0,3.21444e+07,-981510,981510,1.40033e+07
0,0,0,1.08142e+08,0,3.21459e+07,-983069,983069,1.40033e+07
0,0,0,1.08142e+08,0,3.21473e+07,-984628,984628,1.40033e+07
0,0,0,1.08142e+08,0,3.11137e+07,-717656,717656,1.40033e+07
0,0,0,1.08142e+08,0,3.11166e+07,-717722,717722,1.40033e+07
0,0,0,1.08142e+08,0,3.11194e+07,-717788,717788,1.40033e+07
0,0,0,1.08142e+08,0,3.11223e+07,-717854,717854,1.40033e+07
0,0,0,1.08142e+08,0,3.00089e+07,-692173,692173,1.40033e+07
0,0,0,1.08142e+08,0,3.00117e+07,-692236,692236,1.40033e+07
0,0,0,1.08142e+08,0,3.00144e+07,-692300,692300,1.40033e+07
0,0,0,1.08142e+08,0,3.00172e+07,-692363,692363,1.40033e+07
0,0,0,1.08142e+08,0,2.80196e+07,0,0,1.40033e+07
0,0,0,1.08142e+08,0,2.80222e+07,0,0,1.40033e+07
0,0,0,1.08142e+08,0,2.80248e+07,0,0,1.40033e+07
0,0,0,1.08142e+08,0,2.80273e+07,0,0,1.40033e+07
0,0,0,1.08142e+08,0,2.80299e+07,0,0,1.40033e+07
0,0,0,1.08142e+08,0,2.89242e+07,0,0,1.40033e+07
0,0,0,1.08142e+08,0,2.89267e+07,0,0,1.40033e+07
0,0,0,1.08142e+08,0,2.89291e+07,0,0,1.40033e+07
0,0,0,1.08142e+08,0,2.89315e+07,0,0,1.40033e+07
0,0,0,1.08142e+08,0,3.13152e+07,-722302,722302,1.40033e+07
0,0,0,1.08142e+08,0,3.13178e+07,-722363,722363,1.40033e+07
0,0,0,1.08142e+08,0,3.13204e+07,-722423,722423,1.40033e+07
0,0,0,1.08142e+08,0,3.1323e+07,-722484,722484,1.40033e+07
0,0,0,1.08142e+08,0,2.77593e+07,0,0,1.40033e+07
0,0,0,1.08142e+08,0,2.77616e+07,0,0,1.40033e+07
0,0,0,1.08142e+08,0,2.7764e+07,0,0,1.40033e+07
0,0,0,1.08142e+08,0,2.77663e+07,0,0,1.40033e+07
0,0,0,1.08142e+08,0,2.77686e+07,0,0,1.40033e+07
0,0,0,1.08142e+08,0,2.88353e+07,0,0,1.40033e+07
0,0,0,1.08142e+08,0,2.88377e+07,0,0,1.40033e+07
0,0,0,1.08142e+08,0,2.88401e+07,0,0,1.40033e+07
0,0,0,1.08142e+08,0,2.88425e+07,0,0,1.40033e+07
0,0,0,1.08142e+08,0,2.84301e+07,0,0,1.40033e+07
0,0,0,1.08142e+08,0,2.84325e+07,0,0,1.40033e+07
0,0,0,1.08142e+08,0,2.84348e+07,0,0,1.40033e+07
0,0,0,1.08142e+08,0,2.84372e+07,0,0,1.40033e+07
0,0,0,1.08142e+08,0,2.92067e+07,-673669,673669,1.40033e+07
0,0,0,1.08142e+08,0,2.92091e+07,-673725,673725,1.40033e+07
0,0,0,1.08142e+08,0,2.92116e+07,-673782,673782,1.40033e+07
0,0,0,1.08142e+08,0,2.9214e+07,-673838,673838,1.40033e+07
0,0,0,1.08142e+08,0,2.92165e+07,-673895,673895,1.40033e+07
0,0,0,1.08142e+08,0,2.94866e+07,-680126,680126,1.40033e+07
0,0,0,1.08142e+08,0,2.94891e+07,-680183,680183,1.40033e+07
0,0,0,1.08142e+08,0,2.94916e+07,-680240,680240,1.40033e+07
0,0,0,1.08142e+08,0,2.9494e+07,-680297,680297,1.40033e+07
0,0,0,1.08142e+08,0,3.0201e+07,-696603,696603,1.40033e+07
0,0,0,1.08142e+08,0,3.02035e+07,-696662,696662,1.40033e+07
0,0,0,1.08142e+08,0,3.0206e+07,-696720,696720,1.40033e+07
0,0,0,1.08142e+08,0,3.02086e+07,-696778,696778,1.40033e+07
0,0,0,1.08142e+08,0,3.2214e+07,-1.05487e+06,1.05487e+06,1.40033e+07
0,0,0,1.08142e+08,0,3.22154e+07,-1.0563e+06,1.0563e+06,1.40033e+07
0,0,0,1.08142e+08,0,3.22168e+07,-1.05773e+06,1.05773e+06,1.40033e+07
0,0,0,1.08142e+08,0,3.22181e+07,-1.05916e+06,1.05916e+06,1.40033e+07
0,0,0,1.08142e+08,0,3.22195e+07,-1.06059e+06,1.06059e+06,1.40033e+07
0,0,0,1.08142e+08,0,3.12525e+07,-720858,720858,1.40033e+07
0,0,0,1.08142e+08,0,3.12552e+07,-720919,720919,1.40033e+07
0,0,0,1.08142e+08,0,3.12578e+07,-720979,720979,1.40033e+07
0,0,0,1.08142e+08,0,3.12604e+07,-721039,721039,1.40033e+07
0,0,0,1.08142e+08,0,3.01418e+07,-695239,695239,1.40033e+07
0,0,0,1.08142e+08,0,3.01444e+07,-695297,695297,1.40033e+07
0,0,0,1.08142e+08,0,3.01469e+07,-695355,695355,1.40033e+07
0,0,0,1.08142e+08,0,3.01494e+07,-695413,695413,1.40033e+07
0,0,0,1.08142e+08,0,2.81428e+07,0,0,1.40033e+07
0,0,0,1.08142e+08,0,2.81452e+07,0,0,1.40033e+07
0,0,0,1.08142e+08,0,2.81476e+07,0,0,1.40033e+07
0,0,0,1.08142e+08,0,2.81499e+07,0,0,1.40033e+07
0,0,0,1.08142e+08,0,2.81523e+07,0,0,1.40033e+07
0,0,0,1.08142e+08,0,2.90503e+07,0,0,1.40033e+07
0,0,0,1.08142e+08,0,2.90525e+07,0,0,1.40033e+07
0,0,0,1.08142e+08,0,2.90547e+07,0,0,1.40033e+07
0,0,0,1.08142e+08,0,2.90569e+07,0,0,1.40033e+07
0,0,0,1.08142e+08,0,3.14506e+07,-725427,725427,1.40033e+07
0,0,0,1.08142e+08,0,3.1453e+07,-725483,725483,1.40033e+07
0,0,0,1.08142e+08,0,3.14554e+07,-725538,725538,1.40033e+07
0,0,0,1.08142e+08,0,3.14578e+07,-725593,725593,1.40033e+07
0,0,0,1.08142e+08,0,2.78786e+07,0,0,1.40033e+07
0,0,0,1.08142e+08,0,2.78807e+07,0,0,1.40033e+07
0,0,0,1.08142e+08,0,2.78828e+07,0,0,1.40033e+07
0,0,0,1.08142e+08,0,2.78849e+07,0,0,1.40033e+07
0,0,0,1.08142e+08,0,2.7887e+07,0,0,1.40033e+07
0,0,0,1.08142e+08,0,2.8958e+07,0,0,1.40033e+07
0,0,0,1.08142e+08,0,2.89602e+07,0,0,1.40033e+07
0,0,0,1.08142e+08,0,2.89624e+07,0,0,1.40033e+07
0,0,0,1.08142e+08,0,2.89646e+07,0,0,1.40033e+07
0,0,0,1.08142e+08,0,2.85502e+07,0,0,1.40033e+07
0,0,0,1.08142e+08,0,2.85524e+07,0,0,1.40033e+07
0,0,0,1.08142e+08,0,2.85545e+07,0,0,1.40033e+07
0,0,0,1.08142e+08,0,2.85567e+07,0,0,1.40033e+07
0,0,0,1.08142e+08,0,2.93292e+07,-676494,676494,1.40033e+07
0,0,0,1.08142e+08,0,2.93314e+07,-676546,676546,1.40033e+07
0,0,0,1.08142e+08,0,2.93336e+07,-676597,676597,1.40033e+07
0,0,0,1.08142e+08,0,2.93358e+07,-676648,676648,1.40033e+07
0,0,0,1.08142e+08,0,2.93381e+07,-676700,676700,1.40033e+07
0,0,0,1.08142e+08,0,2.96091e+07,-682952,682952,1.40033e+07
0,0,0,1.08142e+08,0,2.96114e+07,-683004,683004,1.40033e+07
0,0,0,1.08142e+08,0,2.96136e+07,-683056,683056,1.40033e+07
0,0,0,1.08142e+08,0,2.96159e+07,-683108,683108,1.40033e+07
0,0,0,1.08142e+08,0,3.03255e+07,-699476,699476,1.40033e+07
0,0,0,1.08142e+08,0,3.03278e+07,-699529,699529,1.40033e+07
0,0,0,1.08142e+08,0,3.03301e+07,-699582,699582,1.40033e+07
0,0,0,1.08142e+08,0,3.03324e+07,-699635,699635,1.40033e+07
0,0,0,1.08142e+08,0,3.22804e+07,-1.12471e+06,1.12471e+06,1.40033e+07
0,0,0,1.08142e+08,0,3.22816e+07,-1.12601e+06,1.12601e+06,1.40033e+07
0,0,0,1.08142e+08,0,3.22828e+07,-1.12731e+06,1.12731e+06,1.40033e+07
0,0,0,1.08142e+08,0,3.22841e+07,-1.12861e+06,1.12861e+06,1.40033e+07
0,0,0,1.08142e+08,0,3.22853e+07,-1.12991e+06,1.12991e+06,1.40033e+07
0,0,0,1.08142e+08,0,3.13792e+07,-723780,723780,1.40033e+07
0,0,0,1.08142e+08,0,3.13816e+07,-723835,723835,1.40033e+07
0,0,0,1.08142e+08,0,3.1384e+07,-723890,723890,1.40033e+07
0,0,0,1.08142e+08,0,3.13864e+07,-723945,723945,1.40033e+07
0,0,0,1.08142e+08,0,3.02631e+07,-698035,698035,1.40033e+07
0,0,0,1.08142e+08,0,3.02654e+07,-698088,698088,1.40033e+07
0,0,0,1.08142e+08,0,3.02677e+07,-698141,698141,1.40033e+07
0,0,0,1.08142e+08,0,3.027e+07,-698194,698194,1.40033e+07
0,0,0,1.08142e+08,0,2.82552e+07,0,0,1.40033e+07
0,0,0,1.08142e+08,0,2.82573e+07,0,0,1.40033e+07
0,0,0,1.08142e+08,0,2.82595e+07,0,0,1.40033e+07
0,0,0,1.08142e+08,0,2.82616e+07,0,0,1.40033e+07
0,0,0,1.08142e+08,0,2.82637e+07,0,0,1.40033e+07
0,0,0,1.08142e+08,0,2.91651e+07,0,0,1.40033e+07
0,0,0,1.08142e+08,0,2.91671e+07,0,0,1.40033e+07
0,0,0,1.08142e+08,0,2.91691e+07,0,0,1.40033e+07
0,0,0,1.08142e+08,0,2.91711e+07,0,0,1.40033e+07
0,0,0,1.08142e+08,0,3.1574e+07,-728272,728272,1.40033e+07
0,0,0,1.08142e+08,0,3.15761e+07,-728322,728322,1.40033e+07
0,0,0,1.08142e+08,0,3.15783e+07,-728371,728371,1.40033e+07
0,0,0,1.08142e+08,0,3.15804e+07,-728421,728421,1.40033e+07
0,0,0,1.08142e+08,0,2.7987e+07,0,0,1.40033e+07
0,0,0,1.08142e+08,0,2.79889e+07,0,0,1.40033e+07
0,0,0,1.08142e+08,0,2.79908e+07,0,0,1.40033e+07
0,0,0,1.08142e+08,0,2.79927e+07,0,0,1.40033e+07
0,0,0,1.08142e+08,0,2.79947e+07,0,0,1.40033e+07
0,0,0,1.08142e+08,0,2.90695e+07,0,0,1.40033e+07
0,0,0,1.08142e+08,0,2.90715e+07,0,0,1.40033e+07
0,0,0,1.08142e+08,0,2.90735e+07,0,0,1.40033e+07
0,0,0,1.08142e+08,0,2.90755e+07,0,0,1.40033e+07
0,0,0,1.08142e+08,0,2.86593e+07,0,0,1.40033e+07
0,0,0,1.08142e+08,0,2.86612e+07,0,0,1.40033e+07
0,0,0,1.08142e+08,0,2.86632e+07,0,0,1.40033e+07
0,0,0,1.08142e+08,0,2.86651e+07,0,0,1.40033e+07
0,0,0,1.08142e+08,0,2.94403e+07,-679058,679058,1.40033e+07
0,0,0,1.08142e+08,0,2.94423e+07,-679104,679104,1.40033e+07
0,0,0,1.08142e+08,0,2.94443e+07,-679151,679151,1.40033e+07
0,0,0,1.08142e+08,0,2.94463e+07,-679197,679197,1.40033e+07
0,0,0,1.08142e+08,0,2.94484e+07,-679243,679243,1.40033e+07
0,0,0,1.08142e+08,0,2.97202e+07,-685514,685514,1.40033e+07
0,0,0,1.08142e+08,0,2.97222e+07,-685561,685561,1.40033e+07
0,0,0,1.08142e+08,0,2.97243e+07,-685607,685607,1.40033e+07
0,0,0,1.08142e+08,0,2.97263e+07,-685654,685654,1.40033e+07
0,0,0,1.08142e+08,0,3.04383e+07,-702078,702078,1.40033e+07
0,0,0,1.08142e+08,0,3.04404e+07,-702126,702126,1.40033e+07
0,0,0,1.08142e+08,0,3.04425e+07,-702174,702174,1.40033e+07
0,0,0,1.08142e+08,0,3.04446e+07,-702222,702222,1.40033e+07
0,0,0,1.08142e+08,0,3.23404e+07,-1.18792e+06,1.18792e+06,1.40033e+07
0,0,0,1.08142e+08,0,3.23415e+07,-1.18909e+06,1.18909e+06,1.40033e+07
0,0,0,1.08142e+08,0,3.23426e+07,-1.19027e+06,1.19027e+06,1.40033e+07
0,0,0,1.08142e+08,0,3.23437e+07,-1.19144e+06,1.19144e+06,1.40033e+07
0,0,0,1.08142e+08,0,3.23448e+07,-1.19262e+06,1.19262e+06,1.40033e+07
0,0,0,1.08142e+08,0,3.14938e+07,-726422,726422,1.40033e+07
0,0,0,1.08142e+08,0,3.14959e+07,-726472,726472,1.40033e+07
0,0,0,1.08142e+08,0,3.14981e+07,-726521,726521,1.40033e+07
0,0,0,1.08142e+08,0,3.15002e+07,-726571,726571,1.40033e+07
0,0,0,1.08142e+08,0,3.03726e+07,-700562,700562,1.40033e+07
0,0,0,1.08142e+08,0,3.03747e+07,-700610,700610,1.40033e+07
0,0,0,1.08142e+08,0,3.03768e+07,-700657,700657,1.40033e+07
0,0,0,1.08142e+08,0,3.03788e+07,-700705,700705,1.40033e+07
0,0,0,1.08142e+08,0,2.83566e+07,0,0,1.40033e+07
0,0,0,1.08142e+08,0,2.83585e+07,0,0,1.40033e+07
0,0,0,1.08142e+08,0,2.83604e+07,0,0,1.40033e+07
0,0,0,1.08142e+08,0,2.83624e+07,0,0,1.40033e+07
0,0,0,1.08142e+08,0,2.83643e+07,0,0,1.40033e+07
0,0,0,1.08142e+08,0,2.92686e+07,0,0,1.40033e+07
0,0,0,1.08142e+08,0,2.92704e+07,0,0,1.40033e+07
0,0,0,1.08142e+08,0,2.92722e+07,0,0,1.40033e+07
0,0,0,1.08142e+08,0,2.9274e+07,0,0,1.40033e+07
0,0,0,1.08142e+08,0,3.16851e+07,-730835,730835,1.40033e+07
0,0,0,1.08142e+08,0,3.1687e+07,-730879,730879,1.40033e+07
0,0,0,1.08142e+08,0,3.16889e+07,-730924,730924,1.40033e+07
0,0,0,1.08142e+08,0,3.16909e+07,-730968,730968,1.40033e+07
0,0,0,1.08142e+08,0,2.80846e+07,0,0,1.40033e+07
0,0,0,1.08142e+08,0,2.80863e+07,0,0,1.40033e+07
0,0,0,1.08142e+08,0,2.8088e+07,0,0,1.40033e+07
0,0,0,1.08142e+08,0,2.80897e+07,0,0,1.40033e+07
0,0,0,1.08142e+08,0,2.80915e+07,0,0,1.40033e+07
0,0,0,1.08142e+08,0,2.91698e+07,0,0,1.40033e+07
0,0,0,1.08142e+08,0,2.91716e+07,0,0,1.40033e+07
0,0,0,1.08142e+08,0,2.91734e+07,0,0,1.40033e+07
0,0,0,1.08142e+08,0,2.91751e+07,0,0,1.40033e+07
0,0,0,1.08142e+08,0,2.87573e+07,0,0,1.40033e+07
0,0,0,1.08142e+08,0,2.8759e+07,0,0,1.40033e+07
0,0,0,1.08142e+08,0,2.87608e+07,0,0,1.40033e+07
0,0,0,1.08142e+08,0,2.87625e+07,0,0,1.40033e+07
0,0,0,1.08142e+08,0,2.95401e+07,-681359,681359,1.40033e+07
0,0,0,1.08142e+08,0,2.95419e+07,-681400,681400,1.40033e+07
0,0,0,1.08142e+08,0,2.95436e+07,-681441,681441,1.40033e+07
0,0,0,1.08142e+08,0,2.95454e+07,-681483,681483,1.40033e+07
0,0,0,1.08142e+08,0,2.95472e+07,-681524,681524,1.40033e+07
0,0,0,1.08142e+08,0,2.98198e+07,-687810,687810,1.40033e+07
0,0,0,1.08142e+08,0,2.98216e+07,-687852,687852,1.40033e+07
0,0,0,1.08142e+08,0,2.98234e+07,-687893,687893,1.40033e+07
0,0,0,1.08142e+08,0,2.98252e+07,-687935,687935,1.40033e+07
0,0,0,1.08142e+08,0,3.05394e+07,-704408,704408,1.40033e+07
0,0,0,1.08142e+08,0,3.05412e+07,-704451,704451,1.40033e+07
0,0,0,1.08142e+08,0,3.05431e+07,-704494,704494,1.40033e+07
0,0,0,1.08142e+08,0,3.05449e+07,-704536,704536,1.40033e+07
0,0,0,1.08142e+08,0,3.23941e+07,-1.24447e+06,1.24447e+06,1.40033e+07
0,0,0,1.08142e+08,0,3.23951e+07,-1.24552e+06,1.24552e+06,1.40033e+07
0,0,0,1.08142e+08,0,3.23961e+07,-1.24656e+06,1.24656e+06,1.40033e+07
0,0,0,1.08142e+08,0,3.23971e+07,-1.24761e+06,1.24761e+06,1.40033e+07
0,0,0,1.08142e+08,0,3.2398e+07,-1.24865e+06,1.24865e+06,1.40033e+07
0,0,0,1.08142e+08,0,3.15961e+07,-728783,728783,1.40033e+07
0,0,0,1.08142e+08,0,3.1598e+07,-728827,728827,1.40033e+07
0,0,0,1.08142e+08,0,3.16e+07,-728871,728871,1.40033e+07
0,0,0,1.08142e+08,0,3.16019e+07,-728915,728915,1.40033e+07
0,0,0,1.08142e+08,0,3.04704e+07,-702817,702817,1.40033e+07
0,0,0,1.08142e+08,0,3.04722e+07,-702859,702859,1.40033e+07
0,0,0,1.08142e+08,0,3.04741e+07,-702902,702902,1.40033e+07
0,0,0,1.08142e+08,0,3.04759e+07,-702945,702945,1.40033e+07
0,0,0,1.08142e+08,0,2.8447e+07,0,0,1.40033e+07
0,0,0,1.08142e+08,0,2.84487e+07,0,0,1.40033e+07
0,0,0,1.08142e+08,0,2.84504e+07,0,0,1.40033e+07
0,0,0,1.08142e+08,0,2.84521e+07,0,0,1.40033e+07
0,0,0,1.08142e+08,0,2.84539e+07,0,0,1.40033e+07
0,0,0,1.08142e+08,0,2.84539e+07,0,0,1.40033e+07
0,0,0,1.08142e+08,0,2.93608e+07,0,0,1.40033e+07
0,0,0,1.08142e+08,0,2.93624e+07,0,0,1.40033e+07
0,0,0,1.08142e+08,0,2.93639e+07,0,0,1.40033e+07
0,0,0,1.08142e+08,0,2.93655e+07,0,0,1.40033e+07
0,0,0,1.08142e+08,0,3.17839e+07,-733114,733114,1.40033e+07
0,0,0,1.08142e+08,0,3.17856e+07,-733153,733153,1.40033e+07
0,0,0,1.08142e+08,0,3.17873e+07,-733192,733192,1.40033e+07
0,0,0,1.08142e+08,0,3.1789e+07,-733231,733231,1.40033e+07
0,0,0,1.08142e+08,0,2.81714e+07,0,0,1.40033e+07
0,0,0,1.08142e+08,0,2.81729e+07,0,0,1.40033e+07
0,0,0,1.08142e+08,0,2.81744e+07,0,0,1.40033e+07
0,0,0,1.08142e+08,0,2.81759e+07,0,0,1.40033e+07
0,0,0,1.08142e+08,0,2.81774e+07,0,0,1.40033e+07
0,0,0,1.08142e+08,0,2.92588e+07,0,0,1.40033e+07
0,0,0,1.08142e+08,0,2.92604e+07,0,0,1.40033e+07
0,0,0,1.08142e+08,0,2.92619e+07,0,0,1.40033e+07
0,0,0,1.08142e+08,0,2.92635e+07,0,0,1.40033e+07
0,0,0,1.08142e+08,0,2.88441e+07,0,0,1.40033e+07
0,0,0,1.08142e+08,0,2.88456e+07,0,0,1.40033e+07
0,0,0,1.08142e+08,0,2.88472e+07,0,0,1.40033e+07
0,0,0,1.08142e+08,0,2.88487e+07,0,0,1.40033e+07
0,0,0,1.08142e+08,0,2.96284e+07,-683395,683395,1.40033e+07
0,0,0,1.08142e+08,0,2.96299e+07,-683432,683432,1.40033e+07
0,0,0,1.08142e+08,0,2.96315e+07,-683468,683468,1.40033e+07
0,0,0,1.08142e+08,0,2.96331e+07,-683504,683504,1.40033e+07
0,0,0,1.08142e+08,0,2.96346e+07,-683540,683540,1.40033e+07
0,0,0,1.08142e+08,0,2.99078e+07,-689840,689840,1.40033e+07
0,0,0,1.08142e+08,0,2.99093e+07,-689876,689876,1.40033e+07
0,0,0,1.08142e+08,0,2.99109e+07,-689913,689913,1.40033e+07
0,0,0,1.08142e+08,0,2.99125e+07,-689950,689950,1.40033e+07
0,0,0,1.08142e+08,0,3.06286e+07,-706465,706465,1.40033e+07
0,0,0,1.08142e+08,0,3.06302e+07,-706503,706503,1.40033e+07
0,0,0,1.08142e+08,0,3.06318e+07,-706540,706540,1.40033e+07
0,0,0,1.08142e+08,0,3.06334e+07,-706578,706578,1.40033e+07
0,0,0,1.08142e+08,0,3.24414e+07,-1.29433e+06,1.29433e+06,1.40033e+07
0,0,0,1.08142e+08,0,3.24423e+07,-1.29525e+06,1.29525e+06,1.40033e+07
0,0,0,1.08142e+08,0,3.24432e+07,-1.29617e+06,1.29617e+06,1.40033e+07
0,0,0,1.08142e+08,0,3.2444e+07,-1.29709e+06,1.29709e+06,1.40033e+07
0,0,0,1.08142e+08,0,3.24449e+07,-1.298e+06,1.298e+06,1.40033e+07
0,0,0,1.08142e+08,0,3.16862e+07,-730861,730861,1.40033e+07
0,0,0,1.08142e+08,0,3.16879e+07,-730900,730900,1.40033e+07
0,0,0,1.08142e+08,0,3.16896e+07,-730939,730939,1.40033e+07
0,0,0,1.08142e+08,0,3.16913e+07,-730977,730977,1.40033e+07
0,0,0,1.08142e+08,0,3.05563e+07,-704800,704800,1.40033e+07
0,0,0,1.08142e+08,0,3.0558e+07,-704837,704837,1.40033e+07
0,0,0,1.08142e+08,0,3.05596e+07,-704874,704874,1.40033e+07
0,0,0,1.08142e+08,0,3.05612e+07,-704912,704912,1.40033e+07
0,0,0,1.08142e+08,0,2.85264e+07,0,0,1.40033e+07
0,0,0,1.08142e+08,0,2.85279e+07,0,0,1.40033e+07
0,0,0,1.08142e+08,0,2.85294e+07,0,0,1.40033e+07
0,0,0,1.08142e+08,0,2.85309e+07,0,0,1.40033e+07
0,0,0,1.08142e+08,0,2.85324e+07,0,0,1.40033e+07
0,0,0,1.08142e+08,0,2.94416e+07,0,0,1.40033e+07
0,0,0,1.08142e+08,0,2.9443e+07,0,0,1.40033e+07
0,0,0,1.08142e+08,0,2.94443e+07,0,0,1.40033e+07
0,0,0,1.08142e+08,0,2.94457e+07,0,0,1.40033e+07
0,0,0,1.08142e+08,0,3.18705e+07,-735111,735111,1.40033e+07
0,0,0,1.08142e+08,0,3.18719e+07,-735144,735144,1.40033e+07
0,0,0,1.08142e+08,0,3.18734e+07,-735178,735178,1.40033e+07
0,0,0,1.08142e+08,0,3.18748e+07,-735211,735211,1.40033e+07
0,0,0,1.08142e+08,0,2.82472e+07,0,0,1.40033e+07
0,0,0,1.08142e+08,0,2.82485e+07,0,0,1.40033e+07
0,0,0,1.08142e+08,0,2.82498e+07,0,0,1.40033e+07
0,0,0,1.08142e+08,0,2.82511e+07,0,0,1.40033e+07
0,0,0,1.08142e+08,0,2.82524e+07,0,0,1.40033e+07
0,0,0,1.08142e+08,0,2.93365e+07,0,0,1.40033e+07
0,0,0,1.08142e+08,0,2.93378e+07,0,0,1.40033e+07
0,0,0,1.08142e+08,0,2.93392e+07,0,0,1.40033e+07
0,0,0,1.08142e+08,0,2.93405e+07,0,0,1.40033e+07
0,0,0,1.08142e+08,0,2.89198e+07,0,0,1.40033e+07
0,0,0,1.08142e+08,0,2.89211e+07,0,0,1.40033e+07
0,0,0,1.08142e+08,0,2.89225e+07,0,0,1.40033e+07
0,0,0,1.08142e+08,0,2.89238e+07,0,0,1.40033e+07
0,0,0,1.08142e+08,0,2.97053e+07,-685169,685169,1.40033e+07
0,0,0,1.08142e+08,0,2.97066e+07,-685200,685200,1.40033e+07
0,0,0,1.08142e+08,0,2.9708e+07,-685231,685231,1.40033e+07
0,0,0,1.08142e+08,0,2.97093e+07,-685263,685263,1.40033e+07
0,0,0,1.08142e+08,0,2.97107e+07,-685294,685294,1.40033e+07
0,0,0,1.08142e+08,0,2.99843e+07,-691604,691604,1.40033e+07
0,0,0,1.08142e+08,0,2.99856e+07,-691636,691636,1.40033e+07
0,0,0,1.08142e+08,0,2.9987e+07,-691667,691667,1.40033e+07
0,0,0,1.08142e+08,0,2.99884e+07,-691699,691699,1.40033e+07
0,0,0,1.08142e+08,0,3.0706e+07,-708251,708251,1.40033e+07
0,0,0,1.08142e+08,0,3.07074e+07,-708283,708283,1.40033e+07
0,0,0,1.08142e+08,0,3.07088e+07,-708316,708316,1.40033e+07
0,0,0,1.08142e+08,0,3.07102e+07,-708348,708348,1.40033e+07
0,0,0,1.08142e+08,0,3.24825e+07,-1.33756e+06,1.33756e+06,1.40033e+07
0,0,0,1.08142e+08,0,3.24832e+07,-1.33835e+06,1.33835e+06,1.40033e+07
0,0,0,1.08142e+08,0,3.2484e+07,-1.33914e+06,1.33914e+06,1.40033e+07
0,0,0,1.08142e+08,0,3.24847e+07,-1.33993e+06,1.33993e+06,1.40033e+07
0,0,0,1.08142e+08,0,3.24855e+07,-1.34072e+06,1.34072e+06,1.40033e+07
0,0,0,1.08142e+08,0,3.17642e+07,-732659,732659,1.40033e+07
0,0,0,1.08142e+08,0,3.17656e+07,-732693,732693,1.40033e+07
0,0,0,1.08142e+08,0,3.17671e+07,-732726,732726,1.40033e+07
0,0,0,1.08142e+08,0,3.17685e+07,-732760,732760,1.40033e+07
0,0,0,1.08142e+08,0,3.06306e+07,-706513,706513,1.40033e+07
0,0,0,1.08142e+08,0,3.0632e+07,-706545,706545,1.40033e+07
0,0,0,1.08142e+08,0,3.06334e+07,-706577,706577,1.40033e+07
0,0,0,1.08142e+08,0,3.06348e+07,-706609,706609,1.40033e+07
0,0,0,1.08142e+08,0,2.85948e+07,0,0,1.40033e+07
0,0,0,1.08142e+08,0,2.85961e+07,0,0,1.40033e+07
0,0,0,1.08142e+08,0,2.85974e+07,0,0,1.40033e+07
0,0,0,1.08142e+08,0,2.85987e+07,0,0,1.40033e+07
0,0,0,1.08142e+08,0,2.86e+07,0,0,1.40033e+07
0,0,0,1.08142e+08,0,2.95112e+07,0,0,1.40033e+07
0,0,0,1.08142e+08,0,2.95123e+07,0,0,1.40033e+07
0,0,0,1.08142e+08,0,2.95135e+07,0,0,1.40033e+07
0,0,0,1.08142e+08,0,2.95146e+07,0,0,1.40033e+07
0,0,0,1.08142e+08,0,3.19448e+07,-736826,736826,1.40033e+07
0,0,0,1.08142e+08,0,3.1946e+07,-736854,736854,1.40033e+07
0,0,0,1.08142e+08,0,3.19473e+07,-736882,736882,1.40033e+07
0,0,0,1.08142e+08,0,3.19485e+07,-736910,736910,1.40033e+07
0,0,0,1.08142e+08,0,2.83123e+07,0,0,1.40033e+07
0,0,0,1.08142e+08,0,2.83134e+07,0,0,1.40033e+07
0,0,0,1.08142e+08,0,2.83145e+07,0,0,1.40033e+07
0,0,0,1.08142e+08,0,2.83155e+07,0,0,1.40033e+07
0,0,0,1.08142e+08,0,2.83166e+07,0,0,1.40033e+07
0,0,0,1.08142e+08,0,2.9403e+07,0,0,1.40033e+07
0,0,0,1.08142e+08,0,2.94041e+07,0,0,1.40033e+07
0,0,0,1.08142e+08,0,2.94052e+07,0,0,1.40033e+07
0,0,0,1.08142e+08,0,2.94064e+07,0,0,1.40033e+07
0,0,0,1.08142e+08,0,2.89845e+07,0,0,1.40033e+07
0,0,0,1.08142e+08,0,2.89856e+07,0,0,1.40033e+07
0,0,0,1.08142e+08,0,2.89867e+07,0,0,1.40033e+07
0,0,0,1.08142e+08,0,2.89878e+07,0,0,1.40033e+07
0,0,0,1.08142e+08,0,2.97708e+07,-686681,686681,1.40033e+07
0,0,0,1.08142e+08,0,2.97719e+07,-686707,686707,1.40033e+07
0,0,0,1.08142e+08,0,2.97731e+07,-686733,686733,1.40033e+07
0,0,0,1.08142e+08,0,2.97742e+07,-686760,686760,1.40033e+07
0,0,0,1.08142e+08,0,2.97754e+07,-686786,686786,1.40033e+07
0,0,0,1.08142e+08,0,3.00493e+07,-693105,693105,1.40033e+07
0,0,0,1.08142e+08,0,3.00505e+07,-693131,693131,1.40033e+07
0,0,0,1.08142e+08,0,3.00516e+07,-693158,693158,1.40033e+07
0,0,0,1.08142e+08,0,3.00527e+07,-693184,693184,1.40033e+07
0,0,0,1.08142e+08,0,3.07717e+07,-709767,709767,1.40033e+07
0,0,0,1.08142e+08,0,3.07729e+07,-709794,709794,1.40033e+07
0,0,0,1.08142e+08,0,3.0774e+07,-709821,709821,1.40033e+07
0,0,0,1.08142e+08,0,3.07752e+07,-709848,709848,1.40033e+07
0,0,0,1.08142e+08,0,3.25172e+07,-1.37416e+06,1.37416e+06,1.40033e+07
0,0,0,1.08142e+08,0,3.25179e+07,-1.37483e+06,1.37483e+06,1.40033e+07
0,0,0,1.08142e+08,0,3.25185e+07,-1.37549e+06,1.37549e+06,1.40033e+07
0,0,0,1.08142e+08,0,3.25191e+07,-1.37615e+06,1.37615e+06,1.40033e+07
0,0,0,1.08142e+08,0,3.25197e+07,-1.37681e+06,1.37681e+06,1.40033e+07
0,0,0,1.08142e+08,0,3.183e+07,-734178,734178,1.40033e+07
0,0,0,1.08142e+08,0,3.18312e+07,-734206,734206,1.40033e+07
0,0,0,1.08142e+08,0,3.18325e+07,-734234,734234,1.40033e+07
0,0,0,1.08142e+08,0,3.18337e+07,-734262,734262,1.40033e+07
0,0,0,1.08142e+08,0,3.06932e+07,-707956,707956,1.40033e+07
0,0,0,1.08142e+08,0,3.06944e+07,-707983,707983,1.40033e+07
0,0,0,1.08142e+08,0,3.06955e+07,-708010,708010,1.40033e+07
0,0,0,1.08142e+08,0,3.06967e+07,-708037,708037,1.40033e+07
0,0,0,1.08142e+08,0,2.86524e+07,0,0,1.40033e+07
0,0,0,1.08142e+08,0,2.86535e+07,0,0,1.40033e+07
0,0,0,1.08142e+08,0,2.86546e+07,0,0,1.40033e+07
0,0,0,1.08142e+08,0,2.86557e+07,0,0,1.40033e+07
0,0,0,1.08142e+08,0,2.86568e+07,0,0,1.40033e+07
0,0,0,1.08142e+08,0,2.95695e+07,0,0,1.40033e+07
0,0,0,1.08142e+08,0,2.95704e+07,0,0,1.40033e+07
0,0,0,1.08142e+08,0,2.95713e+07,0,0,1.40033e+07
0,0,0,1.08142e+08,0,2.95722e+07,0,0,1.40033e+07
0,0,0,1.08142e+08,0,3.2007e+07,-738260,738260,1.40033e+07
0,0,0,1.08142e+08,0,3.2008e+07,-738282,738282,1.40033e+07
0,0,0,1.08142e+08,0,3.20089e+07,-738305,738305,1.40033e+07
0,0,0,1.08142e+08,0,3.20099e+07,-738327,738327,1.40033e+07
0,0,0,1.08142e+08,0,2.83665e+07,0,0,1.40033e+07
0,0,0,1.08142e+08,0,2.83674e+07,0,0,1.40033e+07
0,0,0,1.08142e+08,0,2.83683e+07,0,0,1.40033e+07
0,0,0,1.08142e+08,0,2.83692e+07,0,0,1.40033e+07
0,0,0,1.08142e+08,0,2.837e+07,0,0,1.40033e+07
0,0,0,1.08142e+08,0,2.94582e+07,0,0,1.40033e+07
0,0,0,1.08142e+08,0,2.94591e+07,0,0,1.40033e+07
0,0,0,1.08142e+08,0,2.946e+07,0,0,1.40033e+07
0,0,0,1.08142e+08,0,2.94609e+07,0,0,1.40033e+07
0,0,0,1.08142e+08,0,2.90381e+07,0,0,1.40033e+07
0,0,0,1.08142e+08,0,2.9039e+07,0,0,1.40033e+07
0,0,0,1.08142e+08,0,2.90399e+07,0,0,1.40033e+07
0,0,0,1.08142e+08,0,2.90407e+07,0,0,1.40033e+07
0,0,0,1.08142e+08,0,2.98249e+07,-687929,687929,1.40033e+07
0,0,0,1.08142e+08,0,2.98258e+07,-687951,687951,1.40033e+07
0,0,0,1.08142e+08,0,2.98268e+07,-687972,687972,1.40033e+07
0,0,0,1.08142e+08,0,2.98277e+07,-687993,687993,1.40033e+07
0,0,0,1.08142e+08,0,2.98286e+07,-688014,688014,1.40033e+07
0,0,0,1.08142e+08,0,3.01028e+07,-694339,694339,1.40033e+07
0,0,0,1.08142e+08,0,3.01037e+07,-694360,694360,1.40033e+07
0,0,0,1.08142e+08,0,3.01047e+07,-694381,694381,1.40033e+07
0,0,0,1.08142e+08,0,3.01056e+07,-694403,694403,1.40033e+07
0,0,0,1.08142e+08,0,3.08255e+07,-711009,711009,1.40033e+07
0,0,0,1.08142e+08,0,3.08265e+07,-711031,711031,1.40033e+07
0,0,0,1.08142e+08,0,3.08274e+07,-711053,711053,1.40033e+07
0,0,0,1.08142e+08,0,3.08284e+07,-711074,711074,1.40033e+07
0,0,0,1.08142e+08,0,3.25456e+07,-1.40407e+06,1.40407e+06,1.40033e+07
0,0,0,1.08142e+08,0,3.25461e+07,-1.4046e+06,1.4046e+06,1.40033e+07
0,0,0,1.08142e+08,0,3.25466e+07,-1.40514e+06,1.40514e+06,1.40033e+07
0,0,0,1.08142e+08,0,3.25471e+07,-1.40567e+06,1.40567e+06,1.40033e+07
0,0,0,1.08142e+08,0,3.25476e+07,-1.4062e+06,1.4062e+06,1.40033e+07
0,0,0,1.08142e+08,0,3.18836e+07,-735414,735414,1.40033e+07
0,0,0,1.08142e+08,0,3.18846e+07,-735436,735436,1.40033e+07
0,0,0,1.08142e+08,0,3.18855e+07,-735459,735459,1.40033e+07
0,0,0,1.08142e+08,0,3.18865e+07,-735481,735481,1.40033e+07
0,0,0,1.08142e+08,0,3.07439e+07,-709126,709126,1.40033e+07
0,0,0,1.08142e+08,0,3.07449e+07,-709148,709148,1.40033e+07
0,0,0,1.08142e+08,0,3.07458e+07,-709170,709170,1.40033e+07
0,0,0,1.08142e+08,0,3.07467e+07,-709191,709191,1.40033e+07
0,0,0,1.08142e+08,0,2.86989e+07,0,0,1.40033e+07
0,0,0,1.08142e+08,0,2.86998e+07,0,0,1.40033e+07
0,0,0,1.08142e+08,0,2.87007e+07,0,0,1.40033e+07
0,0,0,1.08142e+08,0,2.87015e+07,0,0,1.40033e+07
0,0,0,1.08142e+08,0,2.87024e+07,0,0,1.40033e+07
0,0,0,1.08142e+08,0,2.96164e+07,0,0,1.40033e+07
0,0,0,1.08142e+08,0,2.96171e+07,0,0,1.40033e+07
0,0,0,1.08142e+08,0,2.96178e+07,0,0,1.40033e+07
0,0,0,1.08142e+08,0,2.96184e+07,0,0,1.40033e+07
0,0,0,1.08142e+08,0,3.20568e+07,-739408,739408,1.40033e+07
0,0,0,1.08142e+08,0,3.20575e+07,-739425,739425,1.40033e+07
0,0,0,1.08142e+08,0,3.20582e+07,-739442,739442,1.40033e+07
0,0,0,1.08142e+08,0,3.2059e+07,-739459,739459,1.40033e+07
0,0,0,1.08142e+08,0,2.84098e+07,0,0,1.40033e+07
0,0,0,1.08142e+08,0,2.84105e+07,0,0,1.40033e+07
0,0,0,1.08142e+08,0,2.84111e+07,0,0,1.40033e+07
0,0,0,1.08142e+08,0,2.84118e+07,0,0,1.40033e+07
0,0,0,1.08142e+08,0,2.84124e+07,0,0,1.40033e+07
0,0,0,1.08142e+08,0,2.9502e+07,0,0,1.40033e+07
0,0,0,1.08142e+08,0,2.95027e+07,0,0,1.40033e+07
0,0,0,1.08142e+08,0,2.95034e+07,0,0,1.40033e+07
0,0,0,1.08142e+08,0,2.95041e+07,0,0,1.40033e+07
0,0,0,1.08142e+08,0,2.90804e+07,0,0,1.40033e+07
0,0,0,1.08142e+08,0,2.90811e+07,0,0,1.40033e+07
0,0,0,1.08142e+08,0,2.90817e+07,0,0,1.40033e+07
0,0,0,1.08142e+08,0,2.90824e+07,0,0,1.40033e+07
0,0,0,1.08142e+08,0,2.98675e+07,-688911,688911,1.40033e+07
0,0,0,1.08142e+08,0,2.98682e+07,-688927,688927,1.40033e+07
0,0,0,1.08142e+08,0,2.98689e+07,-688943,688943,1.40033e+07
0,0,0,1.08142e+08,0,2.98696e+07,-688959,688959,1.40033e+07
0,0,0,1.08142e+08,0,2.98703e+07,-688975,688975,1.40033e+07
0,0,0,1.08142e+08,0,3.01446e+07,-695304,695304,1.40033e+07
0,0,0,1.08142e+08,0,3.01453e+07,-695320,695320,1.40033e+07
0,0,0,1.08142e+08,0,3.0146e+07,-695336,695336,1.40033e+07
0,0,0,1.08142e+08,0,3.01467e+07,-695352,695352,1.40033e+07
0,0,0,1.08142e+08,0,3.08675e+07,-711976,711976,1.40033e+07
0,0,0,1.08142e+08,0,3.08682e+07,-711992,711992,1.40033e+07
0,0,0,1.08142e+08,0,3.08689e+07,-712009,712009,1.40033e+07
0,0,0,1.08142e+08,0,3.08696e+07,-712025,712025,1.40033e+07
0,0,0,1.08142e+08,0,3.25676e+07,-1.42723e+06,1.42723e+06,1.40033e+07
0,0,0,1.08142e+08,0,3.2568e+07,-1.42763e+06,1.42763e+06,1.40033e+07
0,0,0,1.08142e+08,0,3.25684e+07,-1.42803e+06,1.42803e+06,1.40033e+07
0,0,0,1.08142e+08,0,3.25688e+07,-1.42843e+06,1.42843e+06,1.40033e+07
0,0,0,1.08142e+08,0,3.25691e+07,-1.42884e+06,1.42884e+06,1.40033e+07
0,0,0,1.08142e+08,0,3.19248e+07,-736364,736364,1.40033e+07
0,0,0,1.08142e+08,0,3.19255e+07,-736381,736381,1.40033e+07
0,0,0,1.08142e+08,0,3.19263e+07,-736398,736398,1.40033e+07
0,0,0,1.08142e+08,0,3.1927e+07,-736415,736415,1.40033e+07
0,0,0,1.08142e+08,0,3.07827e+07,-710021,710021,1.40033e+07
0,0,0,1.08142e+08,0,3.07834e+07,-710038,710038,1.40033e+07
0,0,0,1.08142e+08,0,3.07841e+07,-710054,710054,1.40033e+07
0,0,0,1.08142e+08,0,3.07848e+07,-710070,710070,1.40033e+07
0,0,0,1.08142e+08,0,2.87343e+07,0,0,1.40033e+07
0,0,0,1.08142e+08,0,2.87349e+07,0,0,1.40033e+07
0,0,0,1.08142e+08,0,2.87356e+07,0,0,1.40033e+07
0,0,0,1.08142e+08,0,2.87362e+07,0,0,1.40033e+07
0,0,0,1.08142e+08,0,2.87369e+07,0,0,1.40033e+07
0,0,0,1.08142e+08,0,2.96518e+07,0,0,1.40033e+07
0,0,0,1.08142e+08,0,2.96522e+07,0,0,1.40033e+07
0,0,0,1.08142e+08,0,2.96527e+07,0,0,1.40033e+07
0,0,0,1.08142e+08,0,2.96532e+07,0,0,1.40033e+07
0,0,0,1.08142e+08,0,3.20941e+07,-740269,740269,1.40033e+07
0,0,0,1.08142e+08,0,3.20946e+07,-740281,740281,1.40033e+07
0,0,0,1.08142e+08,0,3.20951e+07,-740292,740292,1.40033e+07
0,0,0,1.08142e+08,0,3.20956e+07,-740304,740304,1.40033e+07
0,0,0,1.08142e+08,0,2.84421e+07,0,0,1.40033e+07
0,0,0,1.08142e+08,0,2.84425e+07,0,0,1.40033e+07
0,0,0,1.08142e+08,0,2.8443e+07,0,0,1.40033e+07
0,0,0,1.08142e+08,0,2.84434e+07,0,0,1.40033e+07
0,0,0,1.08142e+08,0,2.84438e+07,0,0,1.40033e+07
0,0,0,1.08142e+08,0,2.95344e+07,0,0,1.40033e+07
0,0,0,1.08142e+08,0,2.95349e+07,0,0,1.40033e+07
0,0,0,1.08142e+08,0,2.95354e+07,0,0,1.40033e+07
0,0,0,1.08142e+08,0,2.95358e+07,0,0,1.40033e+07
0,0,0,1.08142e+08,0,2.91115e+07,0,0,1.40033e+07
0,0,0,1.08142e+08,0,2.91119e+07,0,0,1.40033e+07
0,0,0,1.08142e+08,0,2.91124e+07,0,0,1.40033e+07
0,0,0,1.08142e+08,0,2.91128e+07,0,0,1.40033e+07
0,0,0,1.08142e+08,0,2.98985e+07,-689627,689627,1.40033e+07
0,0,0,1.08142e+08,0,2.9899e+07,-689638,689638,1.40033e+07
0,0,0,1.08142e+08,0,2.98995e+07,-689649,689649,1.40033e+07
0,0,0,1.08142e+08,0,2.98999e+07,-689659,689659,1.40033e+07
0,0,0,1.08142e+08,0,2.99004e+07,-689670,689670,1.40033e+07
0,0,0,1.08142e+08,0,3.01748e+07,-696000,696000,1.40033e+07
0,0,0,1.08142e+08,0,3.01753e+07,-696011,696011,1.40033e+07
0,0,0,1.08142e+08,0,3.01758e+07,-696022,696022,1.40033e+07
0,0,0,1.08142e+08,0,3.01763e+07,-696033,696033,1.40033e+07
0,0,0,1.08142e+08,0,3.08975e+07,-712668,712668,1.40033e+07
0,0,0,1.08142e+08,0,3.08979e+07,-712679,712679,1.40033e+07
0,0,0,1.08142e+08,0,3.08984e+07,-712690,712690,1.40033e+07
0,0,0,1.08142e+08,0,3.08989e+07,-712701,712701,1.40033e+07
0,0,0,1.08142e+08,0,3.25832e+07,-1.44365e+06,1.44365e+06,1.40033e+07
0,0,0,1.08142e+08,0,3.25835e+07,-1.44393e+06,1.44393e+06,1.40033e+07
0,0,0,1.08142e+08,0,3.25837e+07,-1.4442e+06,1.4442e+06,1.40033e+07
0,0,0,1.08142e+08,0,3.2584e+07,-1.44448e+06,1.44448e+06,1.40033e+07
0,0,0,1.08142e+08,0,3.25842e+07,-1.44475e+06,1.44475e+06,1.40033e+07
0,0,0,1.08142e+08,0,3.19537e+07,-737030,737030,1.40033e+07
0,0,0,1.08142e+08,0,3.19542e+07,-737042,737042,1.40033e+07
0,0,0,1.08142e+08,0,3.19547e+07,-737053,737053,1.40033e+07
0,0,0,1.08142e+08,0,3.19552e+07,-737065,737065,1.40033e+07
0,0,0,1.08142e+08,0,3.08097e+07,-710643,710643,1.40033e+07
0,0,0,1.08142e+08,0,3.08101e+07,-710654,710654,1.40033e+07
0,0,0,1.08142e+08,0,3.08106e+07,-710665,710665,1.40033e+07
0,0,0,1.08142e+08,0,3.08111e+07,-710676,710676,1.40033e+07
0,0,0,1.08142e+08,0,2.87586e+07,0,0,1.40033e+07
0,0,0,1.08142e+08,0,2.8759e+07,0,0,1.40033e+07
0,0,0,1.08142e+08,0,2.87595e+07,0,0,1.40033e+07
0,0,0,1.08142e+08,0,2.87599e+07,0,0,1.40033e+07
0,0,0,1.08142e+08,0,2.87604e+07,0,0,1.40033e+07
0,0,0,1.08142e+08,0,2.87604e+07,0,0,1.40033e+07
0,0,0,1.08142e+08,0,2.96758e+07,0,0,1.40033e+07
0,0,0,1.08142e+08,0,2.9676e+07,0,0,1.40033e+07
0,0,0,1.08142e+08,0,2.96763e+07,0,0,1.40033e+07
0,0,0,1.08142e+08,0,2.96765e+07,0,0,1.40033e+07
0,0,0,1.08142e+08,0,3.21191e+07,-740846,740846,1.40033e+07
0,0,0,1.08142e+08,0,3.21194e+07,-740852,740852,1.40033e+07
0,0,0,1.08142e+08,0,3.21197e+07,-740858,740858,1.40033e+07
0,0,0,1.08142e+08,0,3.21199e+07,-740865,740865,1.40033e+07
0,0,0,1.08142e+08,0,2.84634e+07,0,0,1.40033e+07
0,0,0,1.08142e+08,0,2.84636e+07,0,0,1.40033e+07
0,0,0,1.08142e+08,0,2.84639e+07,0,0,1.40033e+07
0,0,0,1.08142e+08,0,2.84641e+07,0,0,1.40033e+07
0,0,0,1.08142e+08,0,2.84644e+07,0,0,1.40033e+07
0,0,0,1.08142e+08,0,2.95555e+07,0,0,1.40033e+07
0,0,0,1.08142e+08,0,2.95558e+07,0,0,1.40033e+07
0,0,0,1.08142e+08,0,2.9556e+07,0,0,1.40033e+07
0,0,0,1.08142e+08,0,2.95563e+07,0,0,1.40033e+07
0,0,0,1.08142e+08,0,2.91314e+07,0,0,1.40033e+07
0,0,0,1.08142e+08,0,2.91316e+07,0,0,1.40033e+07
0,0,0,1.08142e+08,0,2.91319e+07,0,0,1.40033e+07
0,0,0,1.08142e+08,0,2.91321e+07,0,0,1.40033e+07
0,0,0,1.08142e+08,0,2.99181e+07,-690079,690079,1.40033e+07
0,0,0,1.08142e+08,0,2.99184e+07,-690085,690085,1.40033e+07
0,0,0,1.08142e+08,0,2.99186e+07,-690090,690090,1.40033e+07
0,0,0,1.08142e+08,0,2.99189e+07,-690096,690096,1.40033e+07
0,0,0,1.08142e+08,0,2.99191e+07,-690102,690102,1.40033e+07
0,0,0,1.08142e+08,0,3.01935e+07,-696431,696431,1.40033e+07
0,0,0,1.08142e+08,0,3.01938e+07,-696437,696437,1.40033e+07
0,0,0,1.08142e+08,0,3.0194e+07,-696443,696443,1.40033e+07
0,0,0,1.08142e+08,0,3.01943e+07,-696448,696448,1.40033e+07
0,0,0,1.08142e+08,0,3.09157e+07,-713088,713088,1.40033e+07
0,0,0,1.08142e+08,0,3.09159e+07,-713094,713094,1.40033e+07
0,0,0,1.08142e+08,0,3.09162e+07,-713100,713100,1.40033e+07
0,0,0,1.08142e+08,0,3.09164e+07,-713106,713106,1.40033e+07
0,0,0,1.08142e+08,0,3.25925e+07,-1.45343e+06,1.45343e+06,1.40033e+07
0,0,0,1.08142e+08,0,3.25926e+07,-1.45358e+06,1.45358e+06,1.40033e+07
0,0,0,1.08142e+08,0,3.25928e+07,-1.45373e+06,1.45373e+06,1.40033e+07
0,0,0,1.08142e+08,0,3.25929e+07,-1.45387e+06,1.45387e+06,1.40033e+07
0,0,0,1.08142e+08,0,3.25931e+07,-1.45402e+06,1.45402e+06,1.40033e+07
0,0,0,1.08142e+08,0,3.19704e+07,-737416,737416,1.40033e+07
0,0,0,1.08142e+08,0,3.19707e+07,-737423,737423,1.40033e+07
0,0,0,1.08142e+08,0,3.1971e+07,-737429,737429,1.40033e+07
0,0,0,1.08142e+08,0,3.19712e+07,-737435,737435,1.40033e+07
0,0,0,1.08142e+08,0,3.08249e+07,-710994,710994,1.40033e+07
0,0,0,1.08142e+08,0,3.08252e+07,-711000,711000,1.40033e+07
0,0,0,1.08142e+08,0,3.08254e+07,-711006,711006,1.40033e+07
0,0,0,1.08142e+08,0,3.08257e+07,-711012,711012,1.40033e+07
0,0,0,1.08142e+08,0,2.87719e+07,0,0,1.40033e+07
0,0,0,1.08142e+08,0,2.87722e+07,0,0,1.40033e+07
0,0,0,1.08142e+08,0,2.87724e+07,0,0,1.40033e+07
0,0,0,1.08142e+08,0,2.87727e+07,0,0,1.40033e+07
0,0,0,1.08142e+08,0,2.87729e+07,0,0,1.40033e+07
0,0,0,1.08142e+08,0,2.96885e+07,0,0,1.40033e+07
0,0,0,1.08142e+08,0,2.96885e+07,0,0,1.40033e+07
0,0,0,1.08142e+08,0,2.96886e+07,0,0,1.40033e+07
0,0,0,1.08142e+08,0,2.96886e+07,0,0,1.40033e+07
0,0,0,1.08142e+08,0,3.2132e+07,-741142,741142,1.40033e+07
0,0,0,1.08142e+08,0,3.2132e+07,-741143,741143,1.40033e+07
0,0,0,1.08142e+08,0,3.2132e+07,-741144,741144,1.40033e+07
0,0,0,1.08142e+08,0,3.21321e+07,-741145,741145,1.40033e+07
0,0,0,1.08142e+08,0,2.8474e+07,0,0,1.40033e+07
0,0,0,1.08142e+08,0,2.8474e+07,0,0,1.40033e+07
0,0,0,1.08142e+08,0,2.8474e+07,0,0,1.40033e+07
0,0,0,1.08142e+08,0,2.8474e+07,0,0,1.40033e+07
0,0,0,1.08142e+08,0,2.84741e+07,0,0,1.40033e+07
0,0,0,1.08142e+08,0,2.95654e+07,0,0,1.40033e+07
0,0,0,1.08142e+08,0,2.95654e+07,0,0,1.40033e+07
0,0,0,1.08142e+08,0,2.95655e+07,0,0,1.40033e+07
0,0,0,1.08142e+08,0,2.95655e+07,0,0,1.40033e+07
0,0,0,1.08142e+08,0,2.91403e+07,0,0,1.40033e+07
0,0,0,1.08142e+08,0,2.91403e+07,0,0,1.40033e+07
0,0,0,1.08142e+08,0,2.91404e+07,0,0,1.40033e+07
0,0,0,1.08142e+08,0,2.91404e+07,0,0,1.40033e+07
0,0,0,1.08142e+08,0,2.99264e+07,-690270,690270,1.40033e+07
0,0,0,1.08142e+08,0,2.99264e+07,-690270,690270,1.40033e+07
0,0,0,1.08142e+08,0,2.99265e+07,-690271,690271,1.40033e+07
0,0,0,1.08142e+08,0,2.99265e+07,-690272,690272,1.40033e+07
0,0,0,1.08142e+08,0,2.99265e+07,-690273,690273,1.40033e+07
0,0,0,1.08142e+08,0,3.02008e+07,-696598,696598,1.40033e+07
0,0,0,1.08142e+08,0,3.02008e+07,-696599,696599,1.40033e+07
0,0,0,1.08142e+08,0,3.02008e+07,-696600,696600,1.40033e+07
0,0,0,1.08142e+08,0,3.02009e+07,-696601,696601,1.40033e+07
0,0,0,1.08142e+08,0,3.09222e+07,-713239,713239,1.40033e+07
0,0,0,1.08142e+08,0,3.09222e+07,-713239,713239,1.40033e+07
0,0,0,1.08142e+08,0,3.09223e+07,-713240,713240,1.40033e+07
0,0,0,1.08142e+08,0,3.09223e+07,-713241,713241,1.40033e+07
0,0,0,1.08142e+08,0,3.25955e+07,-1.45661e+06,1.45661e+06,1.40033e+07
0,0,0,1.08142e+08,0,3.25955e+07,-1.45663e+06,1.45663e+06,1.40033e+07
0,0,0,1.08142e+08,0,3.25956e+07,-1.45665e+06,1.45665e+06,1.40033e+07
0,0,0,1.08142e+08,0,3.25956e+07,-1.45667e+06,1.45667e+06,1.40033e+07
0,0,0,1.08142e+08,0,3.25956e+07,-1.45669e+06,1.45669e+06,1.40033e+07
0,0,0,1.08142e+08,0,3.19751e+07,-737524,737524,1.40033e+07
0,0,0,1.08142e+08,0,3.19751e+07,-737525,737525,1.40033e+07
0,0,0,1.08142e+08,0,3.19752e+07,-737526,737526,1.40033e+07
0,0,0,1.08142e+08,0,3.19752e+07,-737526,737526,1.40033e+07
0,0,0,1.08142e+08,0,3.08285e+07,-711077,711077,1.40033e+07
0,0,0,1.08142e+08,0,3.08285e+07,-711078,711078,1.40033e+07
0,0,0,1.08142e+08,0,3.08286e+07,-711079,711079,1.40033e+07
0,0,0,1.08142e+08,0,3.08286e+07,-711080,711080,1.40033e+07
0,0,0,1.08142e+08,0,2.87745e+07,0,0,1.40033e+07
0,0,0,1.08142e+08,0,2.87745e+07,0,0,1.40033e+07
0,0,0,1.08142e+08,0,2.87745e+07,0,0,1.40033e+07
0,0,0,1.08142e+08,0,2.87746e+07,0,0,1.40033e+07
0,0,0,1.08142e+08,0,2.87746e+07,0,0,1.40033e+07
0,0,0,1.08142e+08,0,2.969e+07,0,0,1.40033e+07
0,0,0,1.08142e+08,0,2.96898e+07,0,0,1.40033e+07
0,0,0,1.08142e+08,0,2.96897e+07,0,0,1.40033e+07
0,0,0,1.08142e+08,0,2.96895e+07,0,0,1.40033e+07
0,0,0,1.08142e+08,0,3.21327e+07,-741159,741159,1.40033e+07
0,0,0,1.08142e+08,0,3.21325e+07,-741154,741154,1.40033e+07
0,0,0,1.08142e+08,0,3.21323e+07,-741150,741150,1.40033e+07
0,0,0,1.08142e+08,0,3.21321e+07,-741145,741145,1.40033e+07
0,0,0,1.08142e+08,0,2.84738e+07,0,0,1.40033e+07
0,0,0,1.08142e+08,0,2.84736e+07,0,0,1.40033e+07
0,0,0,1.08142e+08,0,2.84734e+07,0,0,1.40033e+07
0,0,0,1.08142e+08,0,2.84732e+07,0,0,1.40033e+07
0,0,0,1.08142e+08,0,2.84731e+07,0,0,1.40033e+07
0,0,0,1.08142e+08,0,2.95641e+07,0,0,1.40033e+07
0,0,0,1.08142e+08,0,2.9564e+07,0,0,1.40033e+07
0,0,0,1.08142e+08,0,2.95638e+07,0,0,1.40033e+07
0,0,0,1.08142e+08,0,2.95636e+07,0,0,1.40033e+07
0,0,0,1.08142e+08,0,2.91382e+07,0,0,1.40033e+07
0,0,0,1.08142e+08,0,2.9138e+07,0,0,1.40033e+07
0,0,0,1.08142e+08,0,2.91378e+07,0,0,1.40033e+07
0,0,0,1.08142e+08,0,2.91377e+07,0,0,1.40033e+07
0,0,0,1.08142e+08,0,2.99234e+07,-690200,690200,1.40033e+07
0,0,0,1.08142e+08,0,2.99232e+07,-690196,690196,1.40033e+07
0,0,0,1.08142e+08,0,2.9923e+07,-690192,690192,1.40033e+07
0,0,0,1.08142e+08,0,2.99228e+07,-690187,690187,1.40033e+07
0,0,0,1.08142e+08,0,2.99226e+07,-690183,690183,1.40033e+07
0,0,0,1.08142e+08,0,3.01966e+07,-696503,696503,1.40033e+07
0,0,0,1.08142e+08,0,3.01964e+07,-696498,696498,1.40033e+07
0,0,0,1.08142e+08,0,3.01963e+07,-696494,696494,1.40033e+07
0,0,0,1.08142e+08,0,3.01961e+07,-696490,696490,1.40033e+07
0,0,0,1.08142e+08,0,3.09171e+07,-713120,713120,1.40033e+07
0,0,0,1.08142e+08,0,3.09169e+07,-713116,713116,1.40033e+07
0,0,0,1.08142e+08,0,3.09167e+07,-713111,713111,1.40033e+07
0,0,0,1.08142e+08,0,3.09165e+07,-713107,713107,1.40033e+07
0,0,0,1.08142e+08,0,3.25923e+07,-1.45321e+06,1.45321e+06,1.40033e+07
0,0,0,1.08142e+08,0,3.25922e+07,-1.4531e+06,1.4531e+06,1.40033e+07
0,0,0,1.08142e+08,0,3.25921e+07,-1.45299e+06,1.45299e+06,1.40033e+07
0,0,0,1.08142e+08,0,3.2592e+07,-1.45289e+06,1.45289e+06,1.40033e+07
0,0,0,1.08142e+08,0,3.25919e+07,-1.45278e+06,1.45278e+06,1.40033e+07
0,0,0,1.08142e+08,0,3.19677e+07,-737353,737353,1.40033e+07
0,0,0,1.08142e+08,0,3.19675e+07,-737349,737349,1.40033e+07
0,0,0,1.08142e+08,0,3.19673e+07,-737344,737344,1.40033e+07
0,0,0,1.08142e+08,0,3.19671e+07,-737340,737340,1.40033e+07
0,0,0,1.08142e+08,0,3.08205e+07,-710892,710892,1.40033e+07
0,0,0,1.08142e+08,0,3.08203e+07,-710888,710888,1.40033e+07
0,0,0,1.08142e+08,0,3.08201e+07,-710883,710883,1.40033e+07
0,0,0,1.08142e+08,0,3.08199e+07,-710879,710879,1.40033e+07
0,0,0,1.08142e+08,0,2.87661e+07,0,0,1.40033e+07
0,0,0,1.08142e+08,0,2.8766e+07,0,0,1.40033e+07
0,0,0,1.08142e+08,0,2.87658e+07,0,0,1.40033e+07
0,0,0,1.08142e+08,0,2.87656e+07,0,0,1.40033e+07
0,0,0,1.08142e+08,0,2.87654e+07,0,0,1.40033e+07
0,0,0,1.08142e+08,0,2.96804e+07,0,0,1.40033e+07
0,0,0,1.08142e+08,0,2.968e+07,0,0,1.40033e+07
0,0,0,1.08142e+08,0,2.96796e+07,0,0,1.40033e+07
0,0,0,1.08142e+08,0,2.96792e+07,0,0,1.40033e+07
0,0,0,1.08142e+08,0,3.21213e+07,-740896,740896,1.40033e+07
0,0,0,1.08142e+08,0,3.21209e+07,-740886,740886,1.40033e+07
0,0,0,1.08142e+08,0,3.21204e+07,-740877,740877,1.40033e+07
0,0,0,1.08142e+08,0,3.212e+07,-740867,740867,1.40033e+07
0,0,0,1.08142e+08,0,2.84629e+07,0,0,1.40033e+07
0,0,0,1.08142e+08,0,2.84625e+07,0,0,1.40033e+07
0,0,0,1.08142e+08,0,2.84621e+07,0,0,1.40033e+07
0,0,0,1.08142e+08,0,2.84617e+07,0,0,1.40033e+07
0,0,0,1.08142e+08,0,2.84613e+07,0,0,1.40033e+07
0,0,0,1.08142e+08,0,2.95517e+07,0,0,1.40033e+07
0,0,0,1.08142e+08,0,2.95514e+07,0,0,1.40033e+07
0,0,0,1.08142e+08,0,2.9551e+07,0,0,1.40033e+07
0,0,0,1.08142e+08,0,2.95506e+07,0,0,1.40033e+07
0,0,0,1.08142e+08,0,2.91252e+07,0,0,1.40033e+07
0,0,0,1.08142e+08,0,2.91248e+07,0,0,1.40033e+07
0,0,0,1.08142e+08,0,2.91244e+07,0,0,1.40033e+07
0,0,0,1.08142e+08,0,2.9124e+07,0,0,1.40033e+07
0,0,0,1.08142e+08,0,2.99091e+07,-689871,689871,1.40033e+07
0,0,0,1.08142e+08,0,2.99087e+07,-689862,689862,1.40033e+07
0,0,0,1.08142e+08,0,2.99083e+07,-689853,689853,1.40033e+07
0,0,0,1.08142e+08,0,2.99079e+07,-689844,689844,1.40033e+07
0,0,0,1.08142e+08,0,2.99075e+07,-689834,689834,1.40033e+07
0,0,0,1.08142e+08,0,3.01811e+07,-696146,696146,1.40033e+07
0,0,0,1.08142e+08,0,3.01807e+07,-696136,696136,1.40033e+07
0,0,0,1.08142e+08,0,3.01803e+07,-696127,696127,1.40033e+07
0,0,0,1.08142e+08,0,3.01799e+07,-696118,696118,1.40033e+07
0,0,0,1.08142e+08,0,3.09003e+07,-712734,712734,1.40033e+07
0,0,0,1.08142e+08,0,3.08999e+07,-712725,712725,1.40033e+07
0,0,0,1.08142e+08,0,3.08995e+07,-712715,712715,1.40033e+07
0,0,0,1.08142e+08,0,3.08991e+07,-712706,712706,1.40033e+07
0,0,0,1.08142e+08,0,3.25828e+07,-1.44325e+06,1.44325e+06,1.40033e+07
0,0,0,1.08142e+08,0,3.25826e+07,-1.44302e+06,1.44302e+06,1.40033e+07
0,0,0,1.08142e+08,0,3.25824e+07,-1.44279e+06,1.44279e+06,1.40033e+07
0,0,0,1.08142e+08,0,3.25822e+07,-1.44255e+06,1.44255e+06,1.40033e+07
0,0,0,1.08142e+08,0,3.25819e+07,-1.44232e+06,1.44232e+06,1.40033e+07
0,0,0,1.08142e+08,0,3.19483e+07,-736906,736906,1.40033e+07
0,0,0,1.08142e+08,0,3.19479e+07,-736897,736897,1.40033e+07
0,0,0,1.08142e+08,0,3.19475e+07,-736887,736887,1.40033e+07
0,0,0,1.08142e+08,0,3.1947e+07,-736877,736877,1.40033e+07
0,0,0,1.08142e+08,0,3.08009e+07,-710441,710441,1.40033e+07
0,0,0,1.08142e+08,0,3.08005e+07,-710431,710431,1.40033e+07
0,0,0,1.08142e+08,0,3.08001e+07,-710422,710422,1.40033e+07
