0volume,0demand,0up_spill,0ww_inflow,0catch_inflow,0evap,0ds_spill,0treat_cap,1volume,1demand,1up_spill,1ww_inflow,1catch_inflow,1evap,1ds_spill,1treat_cap,2volume,2s_area,2demand,2up_spill,2ww_inflow,2catch_inflow,2evap,2ds_spill,2treat_cap,2valloc_0,2talloc_0,2valloc_1,2talloc_1,3volume,3demand,3up_spill,3ww_inflow,3catch_inflow,3evap,3ds_spill,3treat_cap,3valloc_0,3talloc_0,3valloc_1,3talloc_1,3valloc_2,3talloc_2,4demand,4up_spill,4ww_inflow,4catch_inflow,4ds_spill,4treat_cap,11volume,11s_area,11demand,11up_spill,11ww_inflow,11catch_inflow,11evap,11ds_spill,11treat_cap
72.29,1.69944,0,0,9.93548,0.242145,7.9939,3.6288,61.308,0,0,0,2.39456,0.179227,2.21533,0.66528,12.849,1,0.302062,7.9939,0,91.5451,3.67721,95.5598,0.84672,12.849,0.84672,3695.15,0,18.483,0.42336,4.00107,0,6.70876,0.7562,9.53027,0.42336,18.483,0.42336,0,0,442.007,0,1.09993,0,0,5.101,4.00107,1.028160,1,0,107.305,0,0,0,107.305,0
72.29,1.69986,0,0,8.0212,0.242145,6.0792,3.6288,61.308,0.0719973,0,0,1.75354,0.179227,1.50232,0.66528,12.849,1,0.302137,6.0792,0,94.8041,3.67721,96.904,0.84672,12.849,0.84672,3695.15,0,18.483,0.42336,2.5901,1.30423,5.54609,0.7562,8.26086,0.42336,18.483,0.42336,0,0,442.007,0,1.02816,0,0,3.61826,2.5901,1.028160,1,0,106.667,0,0,0,106.667,0
72.29,1.70028,0,0,5.52862,0.258241,3.57011,3.6288,61.308,0.0722221,0,0,1.64236,0.181403,1.38873,0.66528,12.849,1,0.302211,3.57011,0,73.4478,3.58952,73.1262,0.84672,12.849,0.84672,3695.15,0,18.483,0.42336,2.37688,1.30449,4.98397,0.799936,7.44204,0.42336,18.483,0.42336,0,0,442.007,0,1.02816,0,0,3.40504,2.37688,1.028160,1,0,81.9569,0,0,0,81.9569,0
72.29,1.7007,0,0,5.49913,0.298481,3.49995,3.6288,61.308,0.0724471,0,0,1.61708,0.186844,1.35779,0.66528,12.849,1,0.302286,3.49995,0,106.209,3.37029,106.036,0.84672,12.849,0.84672,3695.15,0,18.483,0.42336,2.33705,1.30476,5.89193,0.909277,8.2011,0.42336,18.483,0.42336,0,0,442.007,0,1.02816,0,0,3.36521,2.33705,1.028160,1,0,115.595,0,0,0,115.595,0
72.29,1.9021,0,0,14.109,0.281674,11.9252,3.6288,61.308,0.202106,0,0,3.11703,0.147222,2.7677,0.66528,12.849,1,0.338085,11.9252,0,325.37,3.21597,333.741,0.84672,12.849,0.84672,3695.15,0,18.483,0.42336,6.44804,1.30503,15.0094,0.858057,21.4811,0.42336,18.483,0.42336,0,0,442.007,0,1.02816,0,0,7.4762,6.44804,1.028160,1,0,357.99,0,0,0,357.99,0
72.29,1.90257,0,0,18.7787,0.26907,16.6071,3.6288,61.308,0.202358,0,0,3.35721,0.117505,3.03735,0.66528,12.849,1,0.338167,16.6071,0,397.114,3.10023,410.283,0.84672,12.849,0.84672,3695.15,0,18.483,0.42336,8.84525,1.44965,18.7198,0.819642,27.7717,0.42336,18.483,0.42336,0,0,442.007,0,1.02816,0,0,9.87341,8.84525,1.028160,1,0,441.092,0,0,0,441.092,0
72.29,1.90303,0,0,7.50289,0.26907,5.33079,3.6288,61.308,0.202609,0,0,1.62753,0.117505,1.30742,0.66528,12.849,1,0.338249,5.33079,0,239.128,3.10023,241.021,0.84672,12.849,0.84672,3695.15,0,18.483,0.42336,4.29706,1.44995,7.95934,0.819642,12.4633,0.42336,18.483,0.42336,0,0,442.007,0,1.02816,0,0,5.32522,4.29706,1.028160,1,0,254.791,0,0,0,254.791,0
72.29,1.90349,0,0,6.17453,0.279916,3.99113,3.6288,61.308,0.202861,0,0,1.70821,0.197872,1.30748,0.66528,12.849,1,0.338331,3.99113,0,179.485,4.063,179.075,0.84672,12.849,0.84672,3695.15,0,18.483,0.42336,4.29512,1.45025,7.52077,0.98606,11.8567,0.42336,18.483,0.42336,0,0,442.007,0,1.02816,0,0,5.32328,4.29512,1.028160,1,0,192.239,0,0,0,192.239,0
72.29,1.62397,0,0,8.8922,0.32264,6.94559,3.6288,61.308,0.0292681,0,0,4.65647,0.202286,4.42491,0.66528,12.849,1,0.288648,6.94559,0,237.767,3.75502,240.669,0.84672,12.849,0.84672,3695.15,0,18.483,0.415214,7.31151,1.45054,15.0565,0.96104,22.4423,0.42336,18.483,0.42336,0,0,442.007,0,1.02816,0,0,8.33967,7.31151,1.028160,1,0,267.536,0,0,0,267.536,0
72.29,1.6243,0,0,10.203,0.343464,8.23521,3.6288,61.308,0.0294844,0,0,5.7198,0.210303,5.48001,0.66528,12.849,1,0.288707,8.23521,0,291.708,3.70566,295.949,0.84672,12.849,0.84672,3695.15,0,18.483,0.415299,8.15918,1.2532,17.3197,1.03048,25.2863,0.42336,18.483,0.42336,0,0,442.007,0,1.02816,0,0,9.18734,8.15918,1.028160,1,0,326.715,0,0,0,326.715,0
72.29,1.62463,0,0,12.1632,0.343464,10.1951,3.6288,61.308,0.0297006,0,0,7.69522,0.210303,7.45521,0.66528,12.849,1,0.288766,10.1951,0,326.277,3.70566,332.478,0.84672,12.849,0.84672,3695.15,0,18.483,0.415384,8.89695,1.25346,21.8092,1.03048,30.5137,0.42336,18.483,0.42336,0,0,442.007,0,1.02816,0,0,9.92511,8.89695,1.028160,1,0,370.447,0,0,0,370.447,0
72.29,1.62496,0,0,14.112,0.332135,12.1549,3.6288,61.308,0.0299169,0,0,9.34453,0.204287,9.11033,0.66528,12.849,1,0.288825,12.1549,0,396.193,3.61846,404.441,0.84672,12.849,0.84672,3695.15,0,18.483,0.415468,13.522,1.25372,26.1902,1.01796,39.5325,0.42336,18.483,0.42336,0,0,442.007,0,1.02816,0,0,14.5502,13.522,1.028160,1,0,453.084,0,0,0,453.084,0
72.29,1.6253,0,0,10.7574,0.287424,8.84468,3.6288,61.308,0.0301333,0,0,6.3307,0.195827,6.10474,0.66528,12.849,1,0.288884,8.84468,0,306.133,3.51684,311.172,0.84672,12.849,0.84672,3695.15,0,18.483,0.415553,8.03485,1.25397,19.5559,1.02094,27.4082,0.42336,18.483,0.42336,0,0,442.007,0,1.02816,0,0,9.06301,8.03485,1.028160,1,0,344.685,0,0,0,344.685,0
72.29,1.69136,0,0,13.0668,0.31718,11.0582,3.6288,61.308,0.0729221,0,0,13.515,0.228058,13.2141,0.66528,12.849,1,0.300627,11.0582,0,329.654,4.24211,336.17,0.84672,12.849,0.84672,3695.15,0,18.483,0.42336,11.1082,1.25423,23.3108,1.06056,34.1893,0.42336,18.483,0.42336,0,0,442.007,0,1.02816,0,0,12.1363,11.1082,1.028160,1,0,383.573,0,0,0,383.573,0
72.29,1.69178,0,0,10.5363,0.31718,8.52734,3.6288,61.308,0.0731473,0,0,4.89297,0.228058,4.59176,0.66528,12.849,1,0.300702,8.52734,0,258.78,4.24211,262.765,0.84672,12.849,0.84672,3695.15,0,18.483,0.42336,5.13997,1.30333,16.2857,1.06056,21.2451,0.42336,18.483,0.42336,0,0,442.007,0,1.02816,0,0,6.16813,5.13997,1.028160,1,0,288.601,0,0,0,288.601,0
72.29,1.6922,0,0,12.0942,0.260765,10.1412,3.6288,61.308,0.0733725,0,0,6.14618,0.251242,5.82157,0.66528,12.849,1,0.300776,10.1412,0,257.362,4.4374,262.765,0.84672,12.849,0.84672,3695.15,0,18.483,0.42336,6.35714,1.3036,18.7975,1.14513,24.8898,0.42336,18.483,0.42336,0,0,442.007,0,1.02816,0,0,7.3853,6.35714,1.028160,1,0,293.477,0,0,0,293.477,0
72.29,1.69262,0,0,9.38157,0.260878,7.42807,3.6288,61.308,0.0735978,0,0,3.58465,0.224277,3.28677,0.66528,12.849,1,0.300851,7.42807,0,222.064,4.00653,225.184,0.84672,12.849,0.84672,3695.15,0,18.483,0.42336,4.14171,1.30387,14.3255,1.1626,18.1851,0.42336,18.483,0.42336,0,0,442.007,0,1.02816,0,0,5.16987,4.14171,1.028160,1,0,246.656,0,0,0,246.656,0
72.29,1.66475,0,0,8.26995,0.256703,6.34849,3.6288,61.308,0.057275,0,0,2.50967,0.210364,2.24203,0.66528,12.849,1,0.295897,6.34849,0,175.649,4.34266,177.359,0.84672,12.849,0.84672,3695.15,0,18.483,0.42336,3.98221,1.30413,10.7657,1.14893,14.4798,0.42336,18.483,0.42336,0,0,442.007,0,1.02816,0,0,5.01037,3.98221,1.028160,1,0,194.08,0,0,0,194.08,0
72.29,1.66517,0,0,7.46859,0.192071,5.61135,3.6288,61.308,0.057497,0,0,2.27755,0.241437,1.97861,0.66528,12.849,1,0.295971,5.61135,0,153.592,4.6458,154.262,0.84672,12.849,0.84672,3695.15,0,18.483,0.42336,3.37044,1.28537,10.2597,1.16119,13.331,0.42336,18.483,0.42336,0,0,442.007,0,1.02816,0,0,4.3986,3.37044,1.028160,1,0,169.572,0,0,0,169.572,0
72.29,1.66558,0,0,6.64174,0.163981,4.81218,3.6288,61.308,0.057719,0,0,2.16059,0.254516,1.84835,0.66528,12.849,1,0.296045,4.81218,0,141.376,4.76112,141.131,0.84672,12.849,0.84672,3695.15,0,18.483,0.42336,3.11732,1.28563,9.21784,1.16807,12.0294,0.42336,18.483,0.42336,0,0,442.007,0,1.02816,0,0,4.14548,3.11732,1.028160,1,0,155.009,0,0,0,155.009,0
72.29,1.666,0,0,6.2768,0.163981,4.44682,3.6288,61.308,0.0579412,0,0,2.05151,0.254516,1.73905,0.66528,12.849,1,0.296118,4.44682,0,134.137,4.76112,133.526,0.84672,12.849,0.84672,3695.15,0,18.483,0.42336,2.92762,1.2859,8.72381,1.16807,11.3459,0.42336,18.483,0.42336,0,0,442.007,0,1.02816,0,0,3.95578,2.92762,1.028160,1,0,146.611,0,0,0,146.611,0
72.29,1.76251,0,0,5.92104,0.163081,3.99545,3.6288,61.308,0.116896,0,0,2.04147,0.247977,1.6766,0.66528,12.849,1,0.313273,3.99545,0,108.461,4.58197,107.562,0.84672,12.849,0.84672,3695.15,0,18.483,0.42336,3.21782,1.28616,8.63749,1.08364,11.6345,0.42336,18.483,0.42336,0,0,442.007,0,1.02816,0,0,4.24598,3.21782,1.028160,1,0,120.873,0,0,0,120.873,0
72.29,1.76295,0,0,5.58636,0.161881,3.66153,3.6288,61.308,0.11713,0,0,1.84405,0.239257,1.48767,0.66528,12.849,1,0.31335,3.66153,0,79.6323,4.34311,78.6373,0.84672,12.849,0.84672,3695.15,0,18.483,0.42336,2.77354,1.35301,7.29613,0.971062,10.0283,0.42336,18.483,0.42336,0,0,442.007,0,1.02816,0,0,3.8017,2.77354,1.028160,1,0,90.1533,0,0,0,90.1533,0
72.29,1.76338,0,0,4.80823,0.161881,2.88297,3.6288,61.308,0.117364,0,0,1.24169,0.239257,0.885067,0.66528,12.849,1,0.313428,2.88297,0,81.0311,4.34311,79.2575,0.84672,12.849,0.84672,3695.15,0,18.483,0.42336,1.81172,1.35329,6.44112,0.971062,8.21171,0.42336,18.483,0.42336,0,0,442.007,0,1.02816,0,0,2.83988,1.81172,1.028160,1,0,88.3543,0,0,0,88.3543,0
72.29,1.76382,0,0,4.46902,0.131728,2.57348,3.6288,61.308,0.117599,0,0,1.22977,0.241091,0.871085,0.66528,12.849,1,0.313505,2.57348,0,80.841,4.63525,78.4657,0.84672,12.849,0.84672,3695.15,0,18.483,0.42336,1.6814,1.35356,6.21225,1.08106,7.74278,0.42336,18.483,0.42336,0,0,442.007,0,1.02816,0,0,2.70956,1.6814,1.028160,1,0,87.0796,0,0,0,87.0796,0
72.29,1.76425,0,0,4.05059,0.106675,2.17966,3.6288,61.308,0.117833,0,0,1.08493,0.241241,0.72586,0.66528,12.849,1,0.313582,2.17966,0,74.6729,4.9076,71.6314,0.84672,12.849,0.84672,3695.15,0,18.483,0.42336,1.38594,1.35384,5.76704,1.16747,6.916,0.42336,18.483,0.42336,0,0,442.007,0,1.02816,0,0,2.4141,1.38594,1.028160,1,0,79.2733,0,0,0,79.2733,0
72.29,1.74566,0,0,3.62268,0.0920478,1.78498,3.6288,61.308,0.150381,0,0,0.934597,0.233891,0.550326,0.66528,12.849,1,0.310278,1.78498,0,74.2919,5.22701,70.5396,0.84672,12.849,0.84672,3695.15,0,18.483,0.42336,2.18133,1.35412,4.91943,1.1909,6.84062,0.42336,18.483,0.42336,0,0,442.007,0,1.02816,0,0,3.20949,2.18133,1.028160,1,0,77.9305,0,0,0,77.9305,0
72.29,1.74609,0,0,3.24232,0.0920478,1.40419,3.6288,61.308,0.150622,0,0,0.823072,0.233891,0.43856,0.66528,12.849,1,0.310354,1.40419,0,79.2832,5.22701,75.1501,0.84672,12.849,0.84672,3695.15,0,18.483,0.42336,1.88314,1.37516,4.74125,1.1909,6.3853,0.42336,18.483,0.42336,0,0,442.007,0,1.02816,0,0,2.9113,1.88314,1.028160,1,0,81.9739,0,0,0,81.9739,0
72.29,1.74652,0,0,3.00547,0.0920478,1.1669,3.6288,61.308,0.150863,0,0,0.827755,0.233891,0.443001,0.66528,12.849,1,0.310431,1.1669,0,68.7658,5.22701,64.3952,0.84672,12.849,0.84672,3695.15,0,18.483,0.42336,1.90463,1.37544,4.59505,1.1909,6.26086,0.42336,18.483,0.42336,0,0,442.007,0,1.02816,0,0,2.93279,1.90463,1.028160,1,0,71.0991,0,0,0,71.0991,0
72.29,1.74695,0,0,2.93491,0.0788602,1.1091,3.6288,61.308,0.151105,0,0,0.772114,0.25623,0.364779,0.66528,12.849,1,0.310508,1.1091,0,65.3089,5.65249,60.455,0.84672,12.849,0.84672,3695.15,0,18.483,0.42336,1.7383,1.37572,4.45293,1.31748,5.82611,0.42336,18.483,0.42336,0,0,442.007,0,1.02816,0,0,2.76646,1.7383,1.028160,1,0,66.6459,0,0,0,66.6459,0
72.29,1.79655,0,0,2.75769,0.0547301,0.906406,3.6288,61.308,0.180168,0,0,0.717225,0.298527,0.23853,0.66528,12.849,1,0.319324,0.906406,0,62.5558,6.15139,56.9914,0.84672,12.849,0.84672,3695.15,0,18.483,0.42336,1.36628,1.37601,3.82755,1.56422,4.58226,0.42336,18.483,0.42336,0,0,442.007,0,1.02816,0,0,2.39444,1.36628,1.028160,1,0,61.8122,0,0,0,61.8122,0
72.29,1.79699,0,0,2.55696,0.0582656,0.701705,3.6288,61.308,0.180415,0,0,0.605082,0.293106,0.13156,0.66528,12.849,1,0.319402,0.701705,0,57.6575,5.92547,52.1143,0.84672,12.849,0.84672,3695.15,0,18.483,0.42336,1.34325,1.40941,3.79245,1.53634,4.58541,0.42336,18.483,0.42336,0,0,442.007,0,1.02816,0,0,2.37141,1.34325,1.028160,1,0,56.8313,0,0,0,56.8313,0
72.29,1.79744,0,0,2.39273,0.0582656,0.537026,3.6288,61.308,0.180663,0,0,0.560085,0.293106,0.0863163,0.66528,12.849,1,0.319481,0.537026,0,52.0501,5.92547,46.3422,0.84672,12.849,0.84672,3695.15,0,18.483,0.42336,1.24147,1.4097,3.38473,1.53634,4.0762,0.42336,18.483,0.42336,0,0,442.007,0,1.02816,0,0,2.26963,1.24147,1.028160,1,0,50.5047,0,0,0,50.5047,0
72.2676,1.79788,0,0,2.19663,0.0582656,0.36288,3.6288,61.308,0.18091,0,0,0.553929,0.293106,0.0799129,0.66528,12.849,1,0.319559,0.36288,0,47.58,5.92547,41.6979,0.84672,12.849,0.84672,3695.15,0,18.483,0.42336,1.05506,1.40998,3.31039,1.53634,3.81573,0.42336,18.483,0.42336,0,0,442.007,0,1.02816,0,0,2.08322,1.05506,1.028160,1,0,45.5935,0,0,0,45.5935,0
72.29,1.94234,0,0,2.38168,0.041343,0.375607,3.6288,61.308,0.285275,0,0,0.616667,0.282871,0.0485212,0.66528,12.849,1,0.345343,0.375607,0,46.5441,6.01116,40.5632,0.84672,12.849,0.84672,3695.15,0,18.483,0.42336,1.69971,1.41027,4.55926,1.56974,5.67615,0.42336,18.483,0.42336,0,0,442.007,0,1.02816,0,0,2.72787,1.69971,1.028160,1,0,46.2879,0,0,0,46.2879,0
71.4371,1.9429,0,0,1.48705,0.0341759,0.36288,3.6288,61.1622,0.285544,0,0,0.418679,0.278951,0,0.66528,12.849,1,0.345336,0.36288,0,36.3646,5.73016,30.652,0.84672,12.849,0.84672,3695.15,0,18.483,0.42336,1.40708,1.52281,2.95397,1.52416,3.93634,0.42336,18.483,0.42336,0,0,442.007,0,1.02816,0,0,2.43524,1.40708,1.028160,1,0,34.5884,0,0,0,34.5884,0
70.6185,1.93988,0,0,1.51811,0.0339547,0.36288,3.6288,60.9986,0.285813,0,0,0.400968,0.278693,0,0.66528,12.849,1,0.348915,0.36288,0,33.55,5.73016,27.8338,0.84672,12.849,0.84672,3695.15,0,18.483,0.42336,1.30795,1.52312,3.02836,1.52416,3.91191,0.42336,18.483,0.42336,0,0,442.007,0,1.02816,0,0,2.33611,1.30795,1.028160,1,0,31.7457,0,0,0,31.7457,0
70.5423,1.93692,0,0,2.26239,0.0387683,0.36288,3.6288,60.9099,0.286081,0,0,0.474705,0.277334,0,0.66528,12.849,1,0.352422,0.36288,0,43.188,5.70048,37.498,0.84672,12.849,0.84672,3695.15,0,18.483,0.42336,1.78622,1.52343,3.31899,1.52052,4.68475,0.42336,18.483,0.42336,0,0,442.007,0,1.02816,0,0,2.81438,1.78622,1.028160,1,0,42.1827,0,0,0,42.1827,0
71.4076,1.93707,0,0,3.22682,0.0615958,0.36288,3.6288,60.9691,0.286351,0,0,0.613476,0.267963,0,0.66528,12.849,1,0.35283,0.36288,0,63.3515,5.63694,57.7246,0.84672,12.849,0.84672,3695.15,0,18.483,0.42336,1.9202,1.52374,3.63396,1.49713,5.15741,0.42336,18.483,0.42336,0,0,442.007,0,1.02816,0,0,2.94836,1.9202,1.028160,1,0,62.882,0,0,0,62.882,0
70.5885,1.87099,0,0,1.54801,0.133224,0.36288,3.6288,61.1216,0.22336,0,0,0.552249,0.176417,0,0.66528,12.849,1,0.336664,0.36288,0,26.0208,4.07684,21.9702,0.84672,12.849,0.84672,3695.15,0,18.483,0.42336,1.44145,1.52406,3.90243,1.0946,5.34998,0.42336,18.483,0.42336,0,0,442.007,0,1.02816,0,0,2.46961,1.44145,1.028160,1,0,27.3202,0,0,0,27.3202,0
70.2527,1.86814,0,0,2.02762,0.13239,0.36288,3.6288,61.308,0.223616,0,0,0.689089,0.176587,0.102456,0.66528,12.849,1,0.340052,0.36288,0,62.4553,4.07684,58.4013,0.84672,12.849,0.84672,3695.15,0,18.483,0.42336,1.82635,1.45998,4.61222,1.0946,6.38058,0.42336,18.483,0.42336,0,0,442.007,0,1.02816,0,0,2.85451,1.82635,1.028160,1,0,64.8843,0,0,0,64.8843,0
69.3828,1.86722,0,0,1.49222,0.132048,0.36288,3.6288,61.308,0.223873,0,0,0.557227,0.176796,0.156559,0.66528,12.849,1,0.341509,0.36288,0,31.7195,4.07684,27.664,0.84672,12.849,0.84672,3695.15,0,18.483,0.42336,1.64252,1.46028,3.55949,1.0946,5.14433,0.42336,18.483,0.42336,0,0,442.007,0,1.02816,0,0,2.67068,1.64252,1.028160,1,0,32.9649,0,0,0,32.9649,0
68.4116,1.86407,0,0,1.38689,0.131163,0.36288,3.6288,61.308,0.224129,0,0,0.562471,0.176796,0.161546,0.66528,12.849,1,0.345206,0.36288,0,23.4644,4.07684,19.4053,0.84672,12.849,0.84672,3695.15,0,18.483,0.42336,1.68097,1.46057,3.37427,1.0946,4.99785,0.42336,18.483,0.42336,0,0,442.007,0,1.02816,0,0,2.70913,1.68097,1.028160,1,0,24.5647,0,0,0,24.5647,0
67.239,1.80313,0,0,1.19119,0.197726,0.36288,3.6288,61.308,0.166756,0,0,0.57771,0.159445,0.251509,0.66528,12.849,1,0.338662,0.36288,0,23.6546,3.66426,20.0146,0.84672,12.849,0.84672,3695.15,0,18.483,0.42336,1.18691,1.46087,2.97208,0.934491,4.26202,0.42336,18.483,0.42336,0,0,442.007,0,1.02816,0,0,2.21507,1.18691,1.028160,1,0,24.5281,0,0,0,24.5281,0
66.9198,1.79861,0,0,2.06061,0.218321,0.36288,3.6288,61.308,0.167001,0,0,0.573249,0.16332,0.242929,0.66528,12.849,1,0.343704,0.36288,0,51.0499,3.73705,47.332,0.84672,12.849,0.84672,3695.15,0,18.483,0.42336,0.621613,1.4039,3.80372,0.9008,4.50507,0.42336,18.483,0.42336,0,0,442.007,0,1.02816,0,0,1.64977,0.621613,1.028160,1,0,52.08,0,0,0,52.08,0
68.7162,1.79768,0,0,4.17476,0.217772,0.36288,3.6288,61.308,0.167246,0,0,1.2481,0.16332,0.917539,0.66528,12.849,1,0.345164,0.36288,0,80.8673,3.73705,77.1479,0.84672,12.849,0.84672,3695.15,0,18.483,0.42336,2.60519,1.40419,7.99392,0.9008,10.6791,0.42336,18.483,0.42336,0,0,442.007,0,1.02816,0,0,3.63335,2.60519,1.028160,1,0,88.7446,0,0,0,88.7446,0
69.0994,1.80572,0,0,2.77265,0.220866,0.36288,3.6288,61.308,0.16749,0,0,1.20527,0.16332,0.874461,0.66528,12.849,1,0.337645,0.36288,0,49.7721,3.73705,46.0603,0.84672,12.849,0.84672,3695.15,0,18.483,0.42336,2.71644,1.40448,5.95387,0.9008,8.75063,0.42336,18.483,0.42336,0,0,442.007,0,1.02816,0,0,3.7446,2.71644,1.028160,1,0,55.6854,0,0,0,55.6854,0
69.4335,1.64471,0,0,2.59737,0.25576,0.36288,3.6288,61.308,0.0476116,0,0,0.683853,0.180078,0.456163,0.66528,12.849,1,0.305834,0.36288,0,84.9867,3.83858,81.2051,0.84672,12.849,0.84672,3695.15,0,18.483,0.42336,1.10156,1.40476,7.23462,0.943426,8.37415,0.42336,18.483,0.42336,0,0,442.007,0,1.02816,0,0,2.12972,1.10156,1.028160,1,0,90.0355,0,0,0,90.0355,0
69.9525,1.64637,0,0,2.76102,0.232684,0.36288,3.6288,61.308,0.047832,0,0,0.449531,0.185756,0.215943,0.66528,12.849,1,0.304668,0.36288,0,76.36,3.48348,72.9347,0.84672,12.849,0.84672,3695.15,0,18.483,0.42336,0.874783,1.27601,5.82612,0.907837,6.64571,0.42336,18.483,0.42336,0,0,442.007,0,1.02816,0,0,1.90294,0.874783,1.028160,1,0,79.7964,0,0,0,79.7964,0
72.29,1.64869,0,0,5.49413,0.233621,1.27437,3.6288,61.308,0.0480524,0,0,0.715934,0.185756,0.482125,0.66528,12.849,1,0.302834,1.27437,0,114.166,3.48348,111.654,0.84672,12.849,0.84672,3695.15,0,18.483,0.42336,2.27347,1.27627,8.76018,0.907837,10.9787,0.42336,18.483,0.42336,0,0,442.007,0,1.02816,0,0,3.30163,2.27347,1.028160,1,0,123.114,0,0,0,123.114,0
72.29,1.65741,0,0,3.28428,0.237839,1.38903,3.6288,61.308,0.0482729,0,0,0.773988,0.185756,0.539959,0.66528,12.849,1,0.294593,1.38903,0,130.747,3.48348,128.358,0.84672,12.849,0.84672,3695.15,0,18.483,0.42336,2.71173,1.27653,7.41692,0.907837,10.074,0.42336,18.483,0.42336,0,0,442.007,0,1.02816,0,0,3.73989,2.71173,1.028160,1,0,138.972,0,0,0,138.972,0
72.29,1.65783,0,0,4.41805,0.267424,2.4928,3.6288,61.308,0.0484934,0,0,1.00203,0.218802,0.734737,0.66528,12.849,1,0.294666,2.4928,0,117.395,3.88053,115.713,0.84672,12.849,0.84672,3695.15,0,18.483,0.42336,3.48379,1.2768,9.05973,0.987884,12.4091,0.42336,18.483,0.42336,0,0,442.007,0,1.02816,0,0,4.51195,3.48379,1.028160,1,0,128.857,0,0,0,128.857,0
72.29,1.72145,0,0,2.59369,0.279302,0.592945,3.6288,61.308,0.0835311,0,0,0.55265,0.158093,0.311026,0.66528,12.849,1,0.305974,0.592945,0,55.3986,3.43696,52.2486,0.84672,12.849,0.84672,3695.15,0,18.483,0.42336,1.11758,1.27706,7.37873,0.892315,8.45769,0.42336,18.483,0.42336,0,0,442.007,0,1.02816,0,0,2.14574,1.11758,1.028160,1,0,61.0173,0,0,0,61.0173,0
72.29,1.72186,0,0,3.27409,0.281556,1.27068,3.6288,61.308,0.0837518,0,0,0.605591,0.145993,0.375846,0.66528,12.849,1,0.306047,1.27068,0,78.4796,3.31338,76.1309,0.84672,12.849,0.84672,3695.15,0,18.483,0.42336,0.607625,1.31817,7.80754,0.866185,8.44379,0.42336,18.483,0.42336,0,0,442.007,0,1.02816,0,0,1.63579,0.607625,1.028160,1,0,84.9505,0,0,0,84.9505,0
72.29,1.72227,0,0,3.05754,0.281556,1.05371,3.6288,61.308,0.0839727,0,0,0.904573,0.145993,0.674607,0.66528,12.849,1,0.306121,1.05371,0,74.2713,3.31338,71.7055,0.84672,12.849,0.84672,3695.15,0,18.483,0.42336,1.24287,1.31843,8.81219,0.866185,10.084,0.42336,18.483,0.42336,0,0,442.007,0,1.02816,0,0,2.27103,1.24287,1.028160,1,0,82.464,0,0,0,82.464,0
72.29,1.72269,0,0,4.399,0.286776,2.38954,3.6288,61.308,0.0841936,0,0,1.29518,0.143517,1.06747,0.66528,12.849,1,0.306194,2.38954,0,95.6621,3.35019,94.3952,0.84672,12.849,0.84672,3695.15,0,18.483,0.42336,1.49158,1.31869,10.7605,0.858053,12.2894,0.42336,18.483,0.42336,0,0,442.007,0,1.02816,0,0,2.51974,1.49158,1.028160,1,0,107.752,0,0,0,107.752,0
72.29,1.92623,0,0,4.73225,0.329249,2.47677,3.6288,61.308,0.21523,0,0,1.92321,0.13824,1.56974,0.66528,12.849,1,0.342373,2.47677,0,132.814,3.83754,131.111,0.84672,12.849,0.84672,3695.15,0,18.483,0.42336,3.76774,1.31895,10.5242,0.906901,14.2806,0.42336,18.483,0.42336,0,0,442.007,0,1.02816,0,0,4.7959,3.76774,1.028160,1,0,146.961,0,0,0,146.961,0
72.29,1.92668,0,0,5.01068,0.344123,2.73988,3.6288,61.308,0.215477,0,0,0.993738,0.151017,0.627244,0.66528,12.849,1,0.342453,2.73988,0,89.8508,4.19286,88.0554,0.84672,12.849,0.84672,3695.15,0,18.483,0.42336,1.56811,1.46512,8.8071,1.03709,10.3799,0.42336,18.483,0.42336,0,0,442.007,0,1.02816,0,0,2.59627,1.56811,1.028160,1,0,99.0625,0,0,0,99.0625,0
71.9345,1.92714,0,0,2.27259,0.338093,0.36288,3.6288,61.308,0.330281,0,0,0.62394,0.153077,0.140582,0.66528,12.849,1,0.342534,0.36288,0,44.2846,4.18037,40.1246,0.84672,12.849,0.84672,3695.15,0,18.483,0.42336,0.608429,1.46541,5.24632,1.02872,5.86808,0.42336,18.483,0.42336,0,0,442.007,0,0.913602,0,0,1.52203,0.608429,1.028160,1,0,46.1332,0,0,0,46.1332,0
71.9927,1.92615,0,0,2.64838,0.301102,0.36288,3.6288,61.308,0.215971,0,0,0.635214,0.165436,0.253807,0.66528,12.849,1,0.344051,0.36288,0,47.5701,4.1054,43.4835,0.84672,12.849,0.84672,3695.15,0,18.483,0.42336,0.658688,1.4657,6.55341,0.978506,7.27593,0.42336,18.483,0.42336,0,0,442.007,0,1.02816,0,0,1.68685,0.658688,1.028160,1,0,51.0133,0,0,0,51.0133,0
72.29,1.63921,0,0,3.16549,0.327599,0.901402,3.6288,61.308,0.0405228,0,0,1.11873,0.177223,0.900988,0.66528,12.849,1,0.29256,0.901402,0,63.1514,4.2174,59.5428,0.84672,12.849,0.84672,3695.15,0,18.483,0.42084,0.873435,1.46599,7.90821,1.02768,8.79911,0.42336,18.483,0.42336,0,0,442.007,0,1.02816,0,0,1.90159,0.873435,1.028160,1,0,69.2429,0,0,0,69.2429,0
72.29,1.64158,0,0,5.35918,0.363569,3.35403,3.6288,61.308,0.040735,0,0,1.3813,0.192939,1.14763,0.66528,12.849,1,0.291778,3.35403,0,99.7695,4.36674,98.465,0.84672,12.849,0.84672,3695.15,0,18.483,0.419716,1.56152,1.26654,10.1068,1.09325,11.4219,0.42336,18.483,0.42336,0,0,442.007,0,1.02816,0,0,2.58968,1.56152,1.028160,1,0,111.035,0,0,0,111.035,0
72.29,1.6419,0,0,5.12877,0.363569,3.1233,3.6288,61.308,0.0409475,0,0,1.25021,0.192939,1.01632,0.66528,12.849,1,0.291836,3.1233,0,74.7161,4.36674,73.1808,0.84672,12.849,0.84672,3695.15,0,18.483,0.4198,1.14016,1.26679,9.04098,1.09325,9.93489,0.42336,18.483,0.42336,0,0,442.007,0,1.02816,0,0,2.16832,1.14016,1.028160,1,0,84.1321,0,0,0,84.1321,0
72.29,1.64223,0,0,4.35313,0.379656,2.33124,3.6288,61.308,0.0411598,0,0,1.30461,0.17376,1.08969,0.66528,12.849,1,0.291894,2.33124,0,78.414,4.39322,76.0602,0.84672,12.849,0.84672,3695.15,0,18.483,0.419883,1.37628,1.26705,9.15036,1.0458,10.328,0.42336,18.483,0.42336,0,0,442.007,0,1.02816,0,0,2.40444,1.37628,1.028160,1,0,87.4779,0,0,0,87.4779,0
72.29,1.64256,0,0,3.70851,0.386091,1.67986,3.6288,61.308,0.0413723,0,0,1.36608,0.166089,1.15862,0.66528,12.849,1,0.291952,1.67986,0,61.8363,4.40381,58.8204,0.84672,12.849,0.84672,3695.15,0,18.483,0.419967,1.79552,1.2673,10.283,1.02681,11.899,0.42336,18.483,0.42336,0,0,442.007,0,1.02816,0,0,2.82368,1.79552,1.028160,1,0,71.8781,0,0,0,71.8781,0
72.29,1.71313,0,0,5.12506,0.366082,3.04584,3.6288,61.308,0.0846091,0,0,1.29929,0.157236,1.05745,0.66528,12.849,1,0.304496,3.04584,0,91.8743,3.96921,90.6464,0.84672,12.849,0.84672,3695.15,0,18.483,0.42336,1.81537,1.26755,10.5182,0.930578,12.2472,0.42336,18.483,0.42336,0,0,442.007,0,1.02816,0,0,2.84353,1.81537,1.028160,1,0,103.951,0,0,0,103.951,0
72.29,1.71354,0,0,4.35447,0.366082,2.27484,3.6288,61.308,0.0848301,0,0,1.01923,0.157236,0.777169,0.66528,12.849,1,0.304569,2.27484,0,83.3008,3.96921,81.3019,0.84672,12.849,0.84672,3695.15,0,18.483,0.42336,1.19867,1.31717,9.55908,0.930578,10.721,0.42336,18.483,0.42336,0,0,442.007,0,1.02816,0,0,2.22683,1.19867,1.028160,1,0,92.8,0,0,0,92.8,0
72.29,1.71396,0,0,3.17202,0.319007,1.13906,3.6288,61.308,0.0850512,0,0,0.810881,0.172837,0.552993,0.66528,12.849,1,0.304643,1.13906,0,59.8617,4.10819,56.588,0.84672,12.849,0.84672,3695.15,0,18.483,0.42336,0.839678,1.31743,6.53163,0.940282,7.3251,0.42336,18.483,0.42336,0,0,442.007,0,1.02816,0,0,1.86784,0.839678,1.028160,1,0,64.466,0,0,0,64.466,0
72.29,1.71437,0,0,2.60301,0.300177,0.588462,3.6288,61.308,0.164069,0,0,0.613007,0.179077,0.26986,0.66528,12.849,1,0.304716,0.588462,0,45.1671,4.16378,41.287,0.84672,12.849,0.84672,3695.15,0,18.483,0.42336,0.528595,1.31769,5.24728,0.944163,5.72604,0.42336,18.483,0.42336,0,0,442.007,0,0.949363,0,0,1.47796,0.528595,1.028160,1,0,47.2829,0,0,0,47.2829,0
72.29,1.68619,0,0,3.10528,0.262431,1.15665,3.6288,61.308,0.0687703,0,0,0.855153,0.149457,0.636926,0.66528,12.849,1,0.299708,1.15665,0,57.7238,3.9643,54.6164,0.84672,12.849,0.84672,3695.15,0,18.483,0.42336,1.10947,1.31795,6.02974,0.960271,7.07353,0.42336,18.483,0.42336,0,0,442.007,0,1.02816,0,0,2.13763,1.10947,1.028160,1,0,62.3268,0,0,0,62.3268,0
72.29,1.6866,0,0,2.66035,0.269601,0.704152,3.6288,61.308,0.0689882,0,0,0.844076,0.16171,0.613378,0.66528,12.849,1,0.29978,0.704152,0,48.1344,4.20453,44.3342,0.84672,12.849,0.84672,3695.15,0,18.483,0.42336,0.736776,1.29898,5.41671,1.00702,6.02209,0.42336,18.483,0.42336,0,0,442.007,0,1.02816,0,0,1.76494,0.736776,1.028160,1,0,50.9697,0,0,0,50.9697,0
72.29,1.687,0,0,2.39287,0.227328,0.478541,3.6288,61.308,0.0692063,0,0,0.700091,0.194845,0.436039,0.66528,12.849,1,0.299852,0.478541,0,43.1803,4.5306,38.8284,0.84672,12.849,0.84672,3695.15,0,18.483,0.42336,0.610692,1.29924,4.96142,1.03051,5.41749,0.42336,18.483,0.42336,0,0,442.007,0,1.02816,0,0,1.63885,0.610692,1.028160,1,0,44.6819,0,0,0,44.6819,0
72.29,1.68741,0,0,2.30596,0.185194,0.43335,3.6288,61.308,0.0694245,0,0,0.732344,0.214464,0.448455,0.66528,12.849,1,0.299925,0.43335,0,41.3541,4.70358,36.7839,0.84672,12.849,0.84672,3695.15,0,18.483,0.42336,0.679372,1.2995,5.2683,1.04083,5.78298,0.42336,18.483,0.42336,0,0,442.007,0,1.02816,0,0,1.70753,0.679372,1.028160,1,0,43.0153,0,0,0,43.0153,0
72.1036,1.78494,0,0,2.15515,0.193778,0.36288,3.6288,61.308,0.128996,0,0,0.678836,0.211572,0.338268,0.66528,12.849,1,0.317259,0.36288,0,38.5526,4.48407,34.1142,0.84672,12.849,0.84672,3695.15,0,18.483,0.42336,0.616464,1.29976,5.02757,1.05909,5.46134,0.42336,18.483,0.42336,0,0,442.007,0,1.02816,0,0,1.64462,0.616464,1.028160,1,0,39.9138,0,0,0,39.9138,0
71.7634,1.78467,0,0,1.97669,0.169331,0.36288,3.6288,61.308,0.129226,0,0,0.611942,0.215052,0.267664,0.66528,12.849,1,0.318031,0.36288,0,35.8669,4.26038,31.6514,0.84672,12.849,0.84672,3695.15,0,18.483,0.42336,0.596203,1.36731,4.02572,1.04456,4.52131,0.42336,18.483,0.42336,0,0,442.007,0,1.02816,0,0,1.62436,0.596203,1.028160,1,0,36.4403,0,0,0,36.4403,0
71.347,1.78381,0,0,1.89164,0.161313,0.36288,3.6288,61.308,0.129456,0,0,0.643421,0.216837,0.297128,0.66528,12.849,1,0.319386,0.36288,0,33.6993,4.31455,29.4282,0.84672,12.849,0.84672,3695.15,0,18.483,0.42336,0.587088,1.36758,4.19398,1.03453,4.69075,0.42336,18.483,0.42336,0,0,442.007,0,1.02816,0,0,1.61525,0.587088,1.028160,1,0,34.4161,0,0,0,34.4161,0
70.8478,1.78266,0,0,1.80713,0.160801,0.36288,3.6288,61.308,0.129686,0,0,0.646128,0.216837,0.299605,0.66528,12.849,1,0.321042,0.36288,0,31.6623,4.31455,27.3896,0.84672,12.849,0.84672,3695.15,0,18.483,0.42336,0.515938,1.36785,4.03281,1.03453,4.45871,0.42336,18.483,0.42336,0,0,442.007,0,1.02816,0,0,1.5441,0.515938,1.028160,1,0,32.1479,0,0,0,32.1479,0
70.233,1.78117,0,0,1.68948,0.160188,0.36288,3.6288,61.308,0.129916,0,0,0.601483,0.216837,0.25473,0.66528,12.849,1,0.323034,0.36288,0,29.5504,4.31455,25.2756,0.84672,12.849,0.84672,3695.15,0,18.483,0.42336,0.43327,1.36812,3.82007,1.03453,4.16357,0.42336,18.483,0.42336,0,0,442.007,0,1.02816,0,0,1.46143,0.43327,1.028160,1,0,29.694,0,0,0,29.694,0
69.8595,1.76006,0,0,1.8596,0.110152,0.36288,3.6288,61.308,0.1628,0,0,0.655707,0.228438,0.264469,0.66528,12.849,1,0.322,0.36288,0,30.3903,4.94623,25.485,0.84672,12.849,0.84672,3695.15,0,18.483,0.42336,0.623056,1.36839,4.54879,1.13275,4.98413,0.42336,18.483,0.42336,0,0,442.007,0,1.02816,0,0,1.65122,0.623056,1.028160,1,0,30.7336,0,0,0,30.7336,0
69.3205,1.75903,0,0,1.69268,0.109835,0.36288,3.6288,61.308,0.163037,0,0,0.613281,0.228438,0.221806,0.66528,12.849,1,0.323532,0.36288,0,29.1745,4.94623,24.2676,0.84672,12.849,0.84672,3695.15,0,18.483,0.42336,0.402503,1.38965,4.27317,1.13275,4.50922,0.42336,18.483,0.42336,0,0,442.007,0,1.02816,0,0,1.43066,0.402503,1.028160,1,0,28.9986,0,0,0,28.9986,0
68.6613,1.75733,0,0,1.55647,0.095419,0.36288,3.6288,61.308,0.163274,0,0,0.585531,0.261345,0.160912,0.66528,12.849,1,0.325732,0.36288,0,25.8643,5.36969,20.5317,0.84672,12.849,0.84672,3695.15,0,18.483,0.42336,0.395384,1.38993,4.11172,1.28732,4.18636,0.42336,18.483,0.42336,0,0,442.007,0,1.02816,0,0,1.42354,0.395384,1.028160,1,0,24.879,0,0,0,24.879,0
67.9297,1.75511,0,0,1.46282,0.076415,0.36288,3.6288,61.308,0.163511,0,0,0.546226,0.305222,0.0774938,0.66528,12.849,1,0.328445,0.36288,0,22.9604,5.93428,17.0605,0.84672,12.849,0.84672,3695.15,0,18.483,0.42336,0.369006,1.3902,3.95828,1.49341,3.80072,0.42336,18.483,0.42336,0,0,442.007,0,1.02816,0,0,1.39717,0.369006,1.028160,1,0,20.9387,0,0,0,20.9387,0
67.2677,1.80177,0,0,1.58069,0.0780758,0.36288,3.6288,61.308,0.192872,0,0,0.60157,0.317195,0.0915027,0.66528,12.849,1,0.340807,0.36288,0,24.4286,6.06641,18.3843,0.84672,12.849,0.84672,3695.15,0,18.483,0.42336,0.409648,1.39048,4.00463,1.5032,3.8782,0.42336,18.483,0.42336,0,0,442.007,0,1.02816,0,0,1.43781,0.409648,1.028160,1,0,22.354,0,0,0,22.354,0
66.7448,1.79938,0,0,1.71861,0.0792347,0.36288,3.6288,61.308,0.193115,0,0,0.649616,0.326174,0.130326,0.66528,12.849,1,0.343705,0.36288,0,25.0349,6.16549,18.8886,0.84672,12.849,0.84672,3695.15,0,18.483,0.42336,0.491858,1.42423,4.34595,1.51055,4.32813,0.42336,18.483,0.42336,0,0,442.007,0,1.02816,0,0,1.52002,0.491858,1.028160,1,0,23.3471,0,0,0,23.3471,0
66.0041,1.79755,0,0,1.4986,0.0789079,0.36288,3.6288,61.308,0.193358,0,0,0.612592,0.326174,0.0930601,0.66528,12.849,1,0.346045,0.36288,0,23.7188,6.16549,17.5701,0.84672,12.849,0.84672,3695.15,0,18.483,0.42336,0.350689,1.42451,4.15263,1.51055,3.99391,0.42336,18.483,0.42336,0,0,442.007,0,1.02816,0,0,1.37885,0.350689,1.028160,1,0,21.6571,0,0,0,21.6571,0
65.1548,1.79473,0,0,1.38206,0.0737774,0.36288,3.6288,61.308,0.193601,0,0,0.602063,0.328764,0.0796977,0.66528,12.849,1,0.349379,0.36288,0,22.3765,6.24027,16.1497,0.84672,12.849,0.84672,3695.15,0,18.483,0.42336,0.289768,1.42479,4.11485,1.52549,3.88056,0.42336,18.483,0.42336,0,0,442.007,0,1.02816,0,0,1.31793,0.289768,1.028160,1,0,20.11,0,0,0,20.11,0
64.0349,1.9346,0,0,1.23526,0.0576215,0.36288,3.6288,61.3011,0.299053,0,0,0.624506,0.332371,0,0.66528,12.849,1,0.381518,0.36288,0,22.8508,6.41872,16.4135,0.84672,12.849,0.84672,3695.15,0,18.483,0.42336,0.311947,1.42508,4.41532,1.48815,4.24083,0.42336,18.483,0.42336,0,0,442.007,0,1.02816,0,0,1.34011,0.311947,1.028160,1,0,20.6543,0,0,0,20.6543,0
63.9256,1.9295,0,0,2.20612,0.0230355,0.36288,3.6288,61.308,0.299317,0,0,0.804272,0.352987,0.145049,0.66528,12.849,1,0.387166,0.36288,0,33.9046,6.40153,27.4787,0.84672,12.849,0.84672,3695.15,0,18.483,0.42336,0.516033,1.53878,7.51417,1.55821,7.58742,0.42336,18.483,0.42336,0,0,442.007,0,1.02816,0,0,1.54419,0.516033,1.028160,1,0,35.2112,0,0,0,35.2112,0
63.3195,1.9294,0,0,1.71871,0.0325503,0.36288,3.6288,61.2392,0.299581,0,0,0.581596,0.350857,0,0.66528,12.849,1,0.387808,0.36288,0,25.8867,6.34216,19.5196,0.84672,12.849,0.84672,3695.15,0,18.483,0.42336,0.210038,1.53909,4.63678,1.55093,4.41162,0.42336,18.483,0.42336,0,0,442.007,0,1.02816,0,0,1.2382,0.210038,1.028160,1,0,23.9312,0,0,0,23.9312,0
62.2158,1.92677,0,0,1.28374,0.0977656,0.36288,3.6288,61.089,0.343555,0,0,0.520001,0.32657,0,0.66528,12.849,1,0.390986,0.36288,0,18.7927,6.18087,12.5837,0.84672,12.849,0.84672,3695.15,0,18.483,0.42336,0.204422,1.5394,3.98027,1.48461,3.81612,0.42336,18.483,0.42336,0,0,442.007,0,0.98445,0,0,1.18887,0.204422,1.028160,1,0,16.3998,0,0,0,16.3998,0
61.0224,1.92147,0,0,1.19473,0.103767,0.36288,3.6288,60.9214,0.367484,0,0,0.522996,0.323134,0,0.66528,12.849,1,0.396828,0.36288,0,21.9211,6.17873,15.7085,0.84672,12.849,0.84672,3695.15,0,18.483,0.42336,0.204422,1.5397,3.57063,1.47659,3.4148,0.42336,18.483,0.42336,0,0,442.007,0,0.960785,0,0,1.16521,0.204422,1.028160,1,0,19.1233,0,0,0,19.1233,0
61.0612,1.8464,0,0,2.30529,0.0572047,0.36288,3.6288,61.1189,0.236452,0,0,0.772639,0.338748,0,0.66528,12.849,1,0.388781,0.36288,0,30.7535,6.023,24.7046,0.84672,12.849,0.84672,3695.15,0,18.483,0.42336,0.703408,1.54001,7.42088,1.43431,7.80662,0.42336,18.483,0.42336,0,0,442.007,0,1.02816,0,0,1.73157,0.703408,1.028160,1,0,32.5112,0,0,0,32.5112,0
61.3506,1.84704,0,0,2.63878,0.139467,0.36288,3.6288,61.308,0.236704,0,0,1.04193,0.285312,0.330767,0.66528,12.849,1,0.388669,0.36288,0,30.8352,4.578,26.2314,0.84672,12.849,0.84672,3695.15,0,18.483,0.42336,1.15123,1.47525,9.86878,1.08664,10.9853,0.42336,18.483,0.42336,0,0,442.007,0,1.02816,0,0,2.17939,1.15123,1.028160,1,0,37.5474,0,0,0,37.5474,0
61.6357,1.84899,0,0,2.64524,0.148283,0.36288,3.6288,61.308,0.236955,0,0,1.16557,0.288672,0.639944,0.66528,12.849,1,0.387244,0.36288,0,35.1645,4.62682,30.5133,0.84672,12.849,0.84672,3695.15,0,18.483,0.42336,1.19014,1.47554,10.8049,1.1146,11.9326,0.42336,18.483,0.42336,0,0,442.007,0,1.02816,0,0,2.2183,1.19014,1.028160,1,0,43.0859,0,0,0,43.0859,0
62.1138,1.85091,0,0,2.84047,0.148633,0.36288,3.6288,61.308,0.237207,0,0,1.22576,0.288672,0.699878,0.66528,12.849,1,0.385854,0.36288,0,51.6575,4.62682,47.0077,0.84672,12.849,0.84672,3695.15,0,18.483,0.42336,1.35195,1.47584,11.8348,1.1146,13.1246,0.42336,18.483,0.42336,0,0,442.007,0,1.02816,0,0,2.38011,1.35195,1.028160,1,0,60.8322,0,0,0,60.8322,0
63.2045,1.79686,0,0,3.44497,0.194484,0.36288,3.6288,61.308,0.179228,0,0,1.90492,0.263663,1.46203,0.66528,12.849,1,0.371703,0.36288,0,98.2858,4.20427,94.0727,0.84672,12.849,0.84672,3695.15,0,18.483,0.42336,2.15034,1.47613,18.2152,1.03147,20.3868,0.42336,18.483,0.42336,0,0,442.007,0,1.02816,0,0,3.1785,2.15034,1.028160,1,0,115.922,0,0,0,115.922,0
65.4488,1.80262,0,0,4.66693,0.257123,0.36288,3.6288,61.308,0.179468,0,0,2.2668,0.230318,1.85701,0.66528,12.849,1,0.366459,0.36288,0,92.4938,3.64088,88.8493,0.84672,12.849,0.84672,3695.15,0,18.483,0.42336,2.69175,1.41855,17.0837,0.920634,19.85,0.42336,18.483,0.42336,0,0,442.007,0,1.02816,0,0,3.71991,2.69175,1.028160,1,0,110.556,0,0,0,110.556,0
66.5371,1.81356,0,0,3.52659,0.261826,0.36288,3.6288,61.308,0.179708,0,0,2.23299,0.230318,1.82296,0.66528,12.849,1,0.35604,0.36288,0,89.9087,3.64088,86.2747,0.84672,12.849,0.84672,3695.15,0,18.483,0.42336,1.63368,1.41884,15.8873,0.920634,17.5958,0.42336,18.483,0.42336,0,0,442.007,0,1.02816,0,0,2.66184,1.63368,1.028160,1,0,105.693,0,0,0,105.693,0
68.8058,1.81887,0,0,4.71448,0.264106,0.36288,3.6288,61.308,0.179949,0,0,1.98346,0.230318,1.57319,0.66528,12.849,1,0.351242,0.36288,0,83.1591,3.64088,79.5299,0.84672,12.849,0.84672,3695.15,0,18.483,0.42336,2.18941,1.41912,17.1329,0.920634,19.3975,0.42336,18.483,0.42336,0,0,442.007,0,1.02816,0,0,3.21757,2.18941,1.028160,1,0,100.501,0,0,0,100.501,0
69.9891,1.66445,0,0,3.49536,0.284686,0.36288,3.6288,61.308,0.0588145,0,0,1.32977,0.221869,1.04908,0.66528,12.849,1,0.310824,0.36288,0,84.8057,3.69141,81.1663,0.84672,12.849,0.84672,3695.15,0,18.483,0.42336,1.07255,1.4194,13.803,0.92245,14.9491,0.42336,18.483,0.42336,0,0,442.007,0,1.02816,0,0,2.10071,1.07255,1.028160,1,0,97.1645,0,0,0,97.1645,0
71.4339,1.66929,0,0,3.78257,0.305608,0.36288,3.6288,61.308,0.0590308,0,0,1.77444,0.230415,1.48499,0.66528,12.849,1,0.306458,0.36288,0,89.6297,4.68773,84.9984,0.84672,12.849,0.84672,3695.15,0,18.483,0.42336,0.934407,1.2893,11.307,1.16076,11.9466,0.42336,18.483,0.42336,0,0,442.007,0,1.02816,0,0,1.96257,0.934407,1.028160,1,0,98.43,0,0,0,98.43,0
72.29,1.67495,0,0,5.91284,0.309018,3.07276,3.6288,61.308,0.0592472,0,0,4.14529,0.230415,3.85563,0.66528,12.849,1,0.301277,3.07276,0,107.332,4.68773,105.416,0.84672,12.849,0.84672,3695.15,0,18.483,0.42336,2.35401,1.28956,25.681,1.16076,27.7405,0.42336,18.483,0.42336,0,0,442.007,0,1.02816,0,0,3.38217,2.35401,1.028160,1,0,137.012,0,0,0,137.012,0
72.29,1.67838,0,0,4.77682,0.311038,2.7874,3.6288,61.308,0.0594637,0,0,1.76129,0.230415,1.47141,0.66528,12.849,1,0.29832,2.7874,0,90.3269,4.68773,88.1282,0.84672,12.849,0.84672,3695.15,0,18.483,0.42336,1.60212,1.28981,14.0336,1.16076,15.3414,0.42336,18.483,0.42336,0,0,442.007,0,1.02816,0,0,2.63028,1.60212,1.028160,1,0,104.941,0,0,0,104.941,0
72.29,1.67879,0,0,4.82378,0.309262,2.83573,3.6288,61.308,0.0596802,0,0,1.03746,0.237432,0.740345,0.66528,12.849,1,0.298392,2.83573,0,86.1538,4.71362,83.9775,0.84672,12.849,0.84672,3695.15,0,18.483,0.42336,0.479822,1.29007,15.067,1.18074,15.2327,0.42336,18.483,0.42336,0,0,442.007,0,1.02816,0,0,1.50798,0.479822,1.028160,1,0,99.9506,0,0,0,99.9506,0
72.29,1.74305,0,0,3.24153,0.289132,1.20934,3.6288,61.308,0.0950751,0,0,1.10956,0.22506,0.789422,0.66528,12.849,1,0.309815,1.20934,0,47.9453,3.82398,45.0208,0.84672,12.849,0.84672,3695.15,0,18.483,0.42336,0.471174,1.29033,7.56715,1.05146,7.85383,0.42336,18.483,0.42336,0,0,442.007,0,1.02816,0,0,1.49933,0.471174,1.028160,1,0,53.6641,0,0,0,53.6641,0
72.29,1.74346,0,0,2.79653,0.285344,0.767731,3.6288,61.308,0.0952913,0,0,0.870269,0.20327,0.571707,0.66528,12.849,1,0.309887,0.767731,0,44.4808,3.40599,41.5326,0.84672,12.849,0.84672,3695.15,0,18.483,0.42336,0.663172,1.33186,7.36222,0.951798,7.98209,0.42336,18.483,0.42336,0,0,442.007,0,1.02816,0,0,1.69133,0.663172,1.028160,1,0,50.0864,0,0,0,50.0864,0
72.29,1.74386,0,0,6.45341,0.285344,4.4242,3.6288,61.308,0.0955076,0,0,2.46163,0.20327,2.16285,0.66528,12.849,1,0.309959,4.4242,0,126.435,3.40599,127.143,0.84672,12.849,0.84672,3695.15,0,18.483,0.42336,2.50508,1.33211,15.6801,0.951798,18.1422,0.42336,18.483,0.42336,0,0,442.007,0,1.02816,0,0,3.53324,2.50508,1.028160,1,0,147.448,0,0,0,147.448,0
72.29,1.74427,0,0,6.17497,0.305314,4.12539,3.6288,61.308,0.0957239,0,0,2.32755,0.212894,2.01893,0.66528,12.849,1,0.310031,4.12539,0,128.86,3.5889,129.087,0.84672,12.849,0.84672,3695.15,0,18.483,0.42336,3.43964,1.33237,14.2091,0.998733,17.559,0.42336,18.483,0.42336,0,0,442.007,0,1.02816,0,0,4.4678,3.43964,1.028160,1,0,148.665,0,0,0,148.665,0
72.29,1.94991,0,0,7.89992,0.349489,5.60053,3.6288,61.308,0.228111,0,0,2.05873,0.227534,1.60309,0.66528,12.849,1,0.346581,5.60053,0,189.789,4.09388,190.949,0.84672,12.849,0.84672,3695.15,0,18.483,0.42336,4.6936,1.33263,16.1564,1.07997,20.6793,0.42336,18.483,0.42336,0,0,442.007,0,1.02816,0,0,5.72176,4.6936,1.028160,1,0,213.231,0,0,0,213.231,0
72.29,1.95035,0,0,4.77663,0.335116,2.49117,3.6288,61.308,0.228352,0,0,1.35136,0.203983,0.919021,0.66528,12.849,1,0.34666,2.49117,0,66.7352,4.21313,64.6666,0.84672,12.849,0.84672,3695.15,0,18.483,0.42336,2.55545,1.48029,8.64605,0.989728,11.2687,0.42336,18.483,0.42336,0,0,442.007,0,1.02816,0,0,3.58361,2.55545,1.028160,1,0,76.8543,0,0,0,76.8543,0
72.29,1.9508,0,0,3.50601,0.326781,1.22843,3.6288,61.308,0.228594,0,0,0.753138,0.206373,0.318171,0.66528,12.849,1,0.346739,1.22843,0,49.8248,4.22857,46.4779,0.84672,12.849,0.84672,3695.15,0,18.483,0.42336,1.25809,1.48058,7.21284,1.00619,8.52196,0.42336,18.483,0.42336,0,0,442.007,0,1.02816,0,0,2.28625,1.25809,1.028160,1,0,55.3181,0,0,0,55.3181,0
72.29,1.95124,0,0,3.39763,0.276776,1.16961,3.6288,61.308,0.228836,0,0,0.892005,0.220715,0.442454,0.66528,12.849,1,0.346818,1.16961,0,73.8078,4.32127,70.3093,0.84672,12.849,0.84672,3695.15,0,18.483,0.42336,1.91494,1.48086,7.7493,1.10498,9.61677,0.42336,18.483,0.42336,0,0,442.007,0,1.02816,0,0,2.9431,1.91494,1.028160,1,0,80.3685,0,0,0,80.3685,0
72.29,1.65873,0,0,4.25356,0.293018,2.30181,3.6288,61.308,0.0515677,0,0,2.53035,0.201513,2.27727,0.66528,12.849,1,0.294827,2.30181,0,83.4615,4.21214,81.2564,0.84672,12.849,0.84672,3695.15,0,18.483,0.42336,2.2116,1.48115,10.9539,1.04484,13.1784,0.42336,18.483,0.42336,0,0,442.007,0,1.02816,0,0,3.23976,2.2116,1.028160,1,0,96.7121,0,0,0,96.7121,0
72.29,1.65912,0,0,5.75528,0.333622,3.76253,3.6288,61.308,0.0517757,0,0,3.68447,0.153508,3.47918,0.66528,12.849,1,0.294896,3.76253,0,104.753,3.93928,104.281,0.84672,12.849,0.84672,3695.15,0,18.483,0.42336,3.70643,1.27963,17.2901,0.894496,20.9583,0.42336,18.483,0.42336,0,0,442.007,0,1.02816,0,0,4.73459,3.70643,1.028160,1,0,128.719,0,0,0,128.719,0
72.29,1.65951,0,0,4.54411,0.333622,2.55098,3.6288,61.308,0.0519837,0,0,2.04827,0.153508,1.84278,0.66528,12.849,1,0.294965,2.55098,0,87.162,3.93928,85.4788,0.84672,12.849,0.84672,3695.15,0,18.483,0.42336,2.09541,1.27988,10.4777,0.894496,12.5352,0.42336,18.483,0.42336,0,0,442.007,0,1.02816,0,0,3.12357,2.09541,1.028160,1,0,99.8567,0,0,0,99.8567,0
72.29,1.6599,0,0,3.97891,0.333622,1.98539,3.6288,61.308,0.0521916,0,0,2.28105,0.153508,2.07535,0.66528,12.849,1,0.295035,1.98539,0,80.1602,3.93928,77.9113,0.84672,12.849,0.84672,3695.15,0,18.483,0.42336,1.9638,1.28013,9.28532,0.894496,11.2114,0.42336,18.483,0.42336,0,0,442.007,0,1.02816,0,0,2.99196,1.9638,1.028160,1,0,91.198,0,0,0,91.198,0
72.29,1.66029,0,0,7.23496,0.332256,5.24242,3.6288,61.308,0.0523997,0,0,3.42954,0.142054,3.23508,0.66528,12.849,1,0.295104,5.24242,0,171.023,3.75998,172.21,0.84672,12.849,0.84672,3695.15,0,18.483,0.42336,4.4694,1.28037,17.4397,0.863786,21.9023,0.42336,18.483,0.42336,0,0,442.007,0,1.02816,0,0,5.49756,4.4694,1.028160,1,0,197.347,0,0,0,197.347,0
72.29,1.73449,0,0,4.4473,0.314237,2.39858,3.6288,61.308,0.0960754,0,0,2.48198,0.185816,2.20009,0.66528,12.849,1,0.308292,2.39858,0,100.942,4.5312,98.5011,0.84672,12.849,0.84672,3695.15,0,18.483,0.42336,2.54843,1.28062,13.6949,0.96347,16.1371,0.42336,18.483,0.42336,0,0,442.007,0,1.02816,0,0,3.57659,2.54843,1.028160,1,0,116.838,0,0,0,116.838,0
72.29,1.73489,0,0,4.0196,0.311803,1.97291,3.6288,61.308,0.0962919,0,0,2.76918,0.197882,2.47501,0.66528,12.849,1,0.308364,1.97291,0,103.798,4.73445,100.728,0.84672,12.849,0.84672,3695.15,0,18.483,0.42336,2.52358,1.33074,10.9558,0.992879,13.3939,0.42336,18.483,0.42336,0,0,442.007,0,1.02816,0,0,3.55174,2.52358,1.028160,1,0,116.597,0,0,0,116.597,0
72.29,1.7353,0,0,4.85705,0.302173,2.81959,3.6288,61.308,0.0965085,0,0,2.11347,0.209561,1.8074,0.66528,12.849,1,0.308436,2.81959,0,108.302,5.04504,105.769,0.84672,12.849,0.84672,3695.15,0,18.483,0.42336,2.46737,1.331,14.781,1.0155,17.1405,0.42336,18.483,0.42336,0,0,442.007,0,1.02816,0,0,3.49553,2.46737,1.028160,1,0,124.716,0,0,0,124.716,0
72.29,1.7357,0,0,3.523,0.240432,1.54687,3.6288,61.308,0.0967252,0,0,1.48306,0.189538,1.1968,0.66528,12.849,1,0.308507,1.54687,0,77.6053,4.21386,74.6299,0.84672,12.849,0.84672,3695.15,0,18.483,0.42336,1.56153,1.33125,8.60587,0.865044,10.2103,0.42336,18.483,0.42336,0,0,442.007,0,1.02816,0,0,2.58969,1.56153,1.028160,1,0,86.0369,0,0,0,86.0369,0
72.29,1.70722,0,0,3.01476,0.20726,1.10027,3.6288,61.308,0.0800465,0,0,1.09163,0.212807,0.798776,0.66528,12.849,1,0.303446,1.10027,0,65.3396,3.82356,62.3128,0.84672,12.849,0.84672,3695.15,0,18.483,0.42336,0.864337,1.33151,6.44413,0.983909,7.2327,0.42336,18.483,0.42336,0,0,442.007,0,1.02816,0,0,1.8925,0.864337,1.028160,1,0,70.3443,0,0,0,70.3443,0
72.29,1.70762,0,0,2.61865,0.182382,0.728645,3.6288,61.308,0.08026,0,0,0.986049,0.230259,0.675529,0.66528,12.849,1,0.303516,0.728645,0,52.8979,3.53084,49.7922,0.84672,12.849,0.84672,3695.15,0,18.483,0.42336,0.749123,1.31234,6.31469,1.07306,6.87973,0.42336,18.483,0.42336,0,0,442.007,0,1.02816,0,0,1.77728,0.749123,1.028160,1,0,57.3474,0,0,0,57.3474,0
72.29,1.70802,0,0,2.45428,0.182382,0.563879,3.6288,61.308,0.0804735,0,0,0.843808,0.230259,0.533076,0.66528,12.849,1,0.303587,0.563879,0,50.0702,3.53084,46.7996,0.84672,12.849,0.84672,3695.15,0,18.483,0.42336,0.416785,1.31259,5.97772,1.07306,6.21068,0.42336,18.483,0.42336,0,0,442.007,0,1.02816,0,0,1.44494,0.416785,1.028160,1,0,53.5434,0,0,0,53.5434,0
72.29,1.70842,0,0,2.90537,0.158054,1.0389,3.6288,61.308,0.0806871,0,0,0.838408,0.242128,0.515593,0.66528,12.849,1,0.303658,1.0389,0,52.9675,4.46654,49.2362,0.84672,12.849,0.84672,3695.15,0,18.483,0.42336,0.49026,1.31284,7.8713,1.10995,8.14109,0.42336,18.483,0.42336,0,0,442.007,0,1.02816,0,0,1.51842,0.49026,1.028160,1,0,57.8929,0,0,0,57.8929,0
72.2619,1.80693,0,0,2.25723,0.115539,0.36288,3.6288,61.308,0.140862,0,0,0.809723,0.255564,0.413297,0.66528,12.849,1,0.321168,0.36288,0,38.536,5.14945,33.4282,0.84672,12.849,0.84672,3695.15,0,18.483,0.42336,0.476582,1.3131,5.88775,1.17552,6.07854,0.42336,18.483,0.42336,0,0,442.007,0,1.02816,0,0,1.50474,0.476582,1.028160,1,0,39.92,0,0,0,39.92,0
72.29,1.80724,0,0,2.51738,0.129753,0.552265,3.6288,61.308,0.141088,0,0,0.829017,0.233644,0.454285,0.66528,12.849,1,0.321348,0.552265,0,44.4426,4.20094,40.4726,0.84672,12.849,0.84672,3695.15,0,18.483,0.42336,0.555016,1.38133,5.48789,1.04803,5.95285,0.42336,18.483,0.42336,0,0,442.007,0,1.02816,0,0,1.58318,0.555016,1.028160,1,0,46.8797,0,0,0,46.8797,0
72.2299,1.80776,0,0,2.24035,0.129781,0.36288,3.6288,61.308,0.141313,0,0,0.760622,0.233644,0.385665,0.66528,12.849,1,0.321316,0.36288,0,40.0778,4.20094,35.9184,0.84672,12.849,0.84672,3695.15,0,18.483,0.42336,0.414971,1.3816,5.2885,1.04803,5.61367,0.42336,18.483,0.42336,0,0,442.007,0,1.02816,0,0,1.44313,0.414971,1.028160,1,0,41.9177,0,0,0,41.9177,0
72.0957,1.80795,0,0,2.11595,0.0793552,0.36288,3.6288,61.308,0.141538,0,0,0.730477,0.266696,0.322243,0.66528,12.849,1,0.321617,0.36288,0,35.7216,4.57579,31.1871,0.84672,12.849,0.84672,3695.15,0,18.483,0.42336,0.360539,1.38186,5.03678,1.14381,5.21201,0.42336,18.483,0.42336,0,0,442.007,0,1.02816,0,0,1.3887,0.360539,1.028160,1,0,36.7214,0,0,0,36.7214,0
71.8357,1.80786,0,0,1.99001,0.0792743,0.36288,3.6288,61.308,0.183374,0,0,0.696168,0.266696,0.246098,0.66528,12.849,1,0.3222,0.36288,0,35.2054,4.57579,30.6703,0.84672,12.849,0.84672,3695.15,0,18.483,0.42336,0.30119,1.38213,5.18689,1.14381,5.30303,0.42336,18.483,0.42336,0,0,442.007,0,0.98655,0,0,1.28774,0.30119,1.028160,1,0,36.2194,0,0,0,36.2194,0
71.1115,1.78789,0,0,1.51471,0.0881122,0.36288,3.6288,61.1151,0.469549,0,0,0.555816,0.279165,0,0.66528,12.849,1,0.319793,0.36288,0,26.9027,5.27851,21.6673,0.84672,12.849,0.84672,3695.15,0,18.483,0.42336,0.30119,1.38239,2.6531,1.24151,2.67182,0.42336,18.483,0.42336,0,0,442.007,0,0.733588,0,0,1.03478,0.30119,1.028160,1,0,24.3391,0,0,0,24.3391,0
70.2073,1.78554,0,0,1.33328,0.0891172,0.36288,3.6288,60.8212,0.525258,0,0,0.512215,0.2809,0,0.66528,12.849,1,0.322626,0.36288,0,25.3338,5.39563,19.9784,0.84672,12.849,0.84672,3695.15,0,18.483,0.42336,0.261274,1.40386,2.28885,1.25779,2.27283,0.42336,18.483,0.42336,0,0,442.007,0,0.67811,0,0,0.939384,0.261274,1.028160,1,0,22.2512,0,0,0,22.2512,0
69.186,1.78244,0,0,1.21256,0.0885002,0.36288,3.6288,60.5026,0.537647,0,0,0.499471,0.280377,0,0.66528,12.849,1,0.326214,0.36288,0,24.838,5.39563,19.479,0.84672,12.849,0.84672,3695.15,0,18.483,0.42336,0.261274,1.40413,2.19313,1.25779,2.17738,0.42336,18.483,0.42336,0,0,442.007,0,0.665954,0,0,0.927227,0.261274,1.028160,1,0,21.6564,0,0,0,21.6564,0
68.0571,1.77879,0,0,1.10059,0.0878034,0.36288,3.6288,60.0489,0.642457,0,0,0.468583,0.279811,0,0.66528,12.849,1,0.330351,0.36288,0,22.1328,5.39563,16.7697,0.84672,12.849,0.84672,3695.15,0,18.483,0.42336,0.261274,1.4044,2.12154,1.25779,2.10607,0.42336,18.483,0.42336,0,0,442.007,0,0.561375,0,0,0.822649,0.261274,1.028160,1,0,18.8758,0,0,0,18.8758,0
66.8745,1.82432,0,0,1.06516,0.0605643,0.36288,3.6288,59.4924,0.654278,0,0,0.435113,0.337321,0,0.66528,12.849,1,0.344427,0.36288,0,20.5222,6.15837,14.3822,0.84672,12.849,0.84672,3695.15,0,18.483,0.42336,0.261274,1.40467,1.98863,1.54115,1.69007,0.42336,18.483,0.42336,0,0,442.007,0,0.579208,0,0,0.840482,0.261274,1.028160,1,0,16.0723,0,0,0,16.0723,0
65.6979,1.81963,0,0,1.07357,0.0676404,0.36288,3.6288,58.9458,0.65055,0,0,0.416291,0.312403,0,0.66528,12.849,1,0.349616,0.36288,0,19.133,5.85795,13.2883,0.84672,12.849,0.84672,3695.15,0,18.483,0.42336,0.261274,1.43875,1.9028,1.43809,1.74138,0.42336,18.483,0.42336,0,0,442.007,0,0.583174,0,0,0.844448,0.261274,1.028160,1,0,15.0297,0,0,0,15.0297,0
64.4189,1.81481,0,0,0.965658,0.0670107,0.36288,3.6288,58.381,0.643902,0,0,0.390477,0.311311,0,0.66528,12.849,1,0.354935,0.36288,0,18.032,5.85795,12.182,0.84672,12.849,0.84672,3695.15,0,18.483,0.42336,0.227405,1.43903,1.94254,1.43809,1.74752,0.42336,18.483,0.42336,0,0,442.007,0,0.59006,0,0,0.817465,0.227405,1.028160,1,0,13.9295,0,0,0,13.9295,0
63.0591,1.80935,0,0,0.8788,0.0663261,0.36288,3.6288,57.7241,0.721364,0,0,0.374603,0.310182,0,0.66528,12.849,1,0.360894,0.36288,0,16.9366,5.85795,11.0806,0.84672,12.849,0.84672,3695.15,0,18.483,0.42336,0.227405,1.43931,1.8059,1.43809,1.61116,0.42336,18.483,0.42336,0,0,442.007,0,0.512836,0,0,0.740241,0.227405,1.028160,1,0,12.6918,0,0,0,12.6918,0
61.4583,1.94723,0,0,0.760424,0.051135,0.36288,3.6288,56.9454,0.835986,0,0,0.373031,0.315776,0,0.66528,12.849,1,0.396769,0.36288,0,16.1594,6.09977,10.0257,0.84672,12.849,0.84672,3695.15,0,18.483,0.42336,0.227405,1.43958,1.83,1.46814,1.6055,0.42336,18.483,0.42336,0,0,442.007,0,0.504732,0,0,0.732136,0.227405,1.028160,1,0,11.6312,0,0,0,11.6312,0
59.9142,1.93912,0,0,0.855619,0.0977177,0.36288,3.6288,56.1976,0.840323,0,0,0.3783,0.285715,0,0.66528,12.849,1,0.405409,0.36288,0,19.0833,5.29788,13.7428,0.84672,12.849,0.84672,3695.15,0,18.483,0.42336,0.227405,1.55444,1.31215,1.44697,1.22366,0.42336,18.483,0.42336,0,0,442.007,0,0.500653,0,0,0.728058,0.227405,1.028160,1,0,14.9665,0,0,0,14.9665,0
58.3231,1.93096,0,0,0.799105,0.0964247,0.36288,3.6288,55.4137,0.860272,0,0,0.360636,0.284327,0,0.66528,12.849,1,0.414106,0.36288,0,18.5674,5.29788,13.2183,0.84672,12.849,0.84672,3695.15,0,18.483,0.42336,0.204422,1.55474,1.30105,1.44697,1.18987,0.42336,18.483,0.42336,0,0,442.007,0,0.480963,0,0,0.685385,0.204422,1.028160,1,0,14.4082,0,0,0,14.4082,0
56.9364,1.92214,0,0,0.993332,0.0949563,0.36288,3.6288,54.7315,0.782529,0,0,0.383287,0.28287,0,0.66528,12.849,1,0.423461,0.36288,0,18.9979,5.29788,13.6394,0.84672,12.849,0.84672,3695.15,0,18.483,0.42336,0.204422,1.55504,1.92314,1.44697,1.81227,0.42336,18.483,0.42336,0,0,442.007,0,0.558965,0,0,0.763387,0.204422,1.028160,1,0,15.4517,0,0,0,15.4517,0
55.3664,1.91416,0,0,0.800703,0.0936765,0.36288,3.6288,53.954,0.84948,0,0,0.353494,0.281603,0,0.66528,12.849,1,0.431973,0.36288,0,17.5277,5.29788,12.1607,0.84672,12.849,0.84672,3695.15,0,18.483,0.42336,0.204422,1.55534,1.30771,1.44697,1.19714,0.42336,18.483,0.42336,0,0,442.007,0,0.492273,0,0,0.696695,0.204422,1.028160,1,0,13.3579,0,0,0,13.3579,0
53.6441,1.83605,0,0,0.623467,0.146836,0.36288,3.6288,52.9715,1.00995,0,0,0.287138,0.259644,0,0.66528,12.849,1,0.426096,0.36288,0,14.2351,5.06126,9.11062,0.84672,12.849,0.84672,3695.15,0,18.483,0.42336,0.204422,1.55564,1.15302,1.37018,1.11954,0.42336,18.483,0.42336,0,0,442.007,0,0.267494,0,0,0.471917,0.204422,1.028160,1,0,10.2302,0,0,0,10.2302,0
51.7904,1.82543,0,0,0.494402,0.159791,0.36288,3.6288,52.2359,0.866007,0,0,0.379812,0.24941,0,0.66528,12.849,1,0.437233,0.36288,0,11.2205,4.93553,6.21063,0.84672,12.849,0.84672,3695.15,0,18.483,0.42336,0.216518,1.49022,1.29034,1.34555,1.22817,0.42336,18.483,0.42336,0,0,442.007,0,0.41168,0,0,0.628199,0.216518,1.028160,1,0,7.4388,0,0,0,7.4388,0
49.8865,1.81331,0,0,0.429043,0.156775,0.36288,3.6288,51.0696,1.1285,0,0,0.210172,0.247942,0,0.66528,12.849,1,0.449875,0.36288,0,11.5214,4.93553,6.49883,0.84672,12.849,0.84672,3695.15,0,18.483,0.42336,0.216518,1.4905,0.957105,1.34555,0.895217,0.42336,18.483,0.42336,0,0,442.007,0,0.149437,0,0,0.365956,0.216518,1.028160,1,0,7.39405,0,0,0,7.39405,0
47.9872,1.80007,0,0,0.417349,0.153677,0.36288,3.6288,49.8584,1.16006,0,0,0.194434,0.245615,0,0.66528,12.849,1,0.463634,0.36288,0,10.5245,4.93553,5.48819,0.84672,12.849,0.84672,3695.15,0,18.483,0.42336,0.216518,1.49079,0.940447,1.34555,0.878847,0.42336,18.483,0.42336,0,0,442.007,0,0.11812,0,0,0.334638,0.216518,1.028160,1,0,6.36704,0,0,0,6.36704,0
46.3258,1.73124,0,0,0.693716,0.260995,0.36288,3.6288,49.0726,0.95275,0,0,0.321364,0.154388,0,0.66528,12.849,1,0.463554,0.36288,0,19.4407,3.60376,15.7363,0.84672,12.849,0.84672,3695.15,0,18.483,0.42336,0.216518,1.49108,1.60552,0.90505,1.98471,0.42336,18.483,0.42336,0,0,442.007,0,0.266857,0,0,0.483375,0.216518,1.028160,1,0,17.721,0,0,0,17.721,0
44.6358,1.71862,0,0,0.648329,0.256811,0.36288,3.6288,48.1751,0.949237,0,0,0.227708,0.176024,0,0.66528,12.849,1,0.476679,0.36288,0,13.5947,3.90789,9.57301,0.84672,12.849,0.84672,3695.15,0,18.483,0.42336,0.216518,1.43291,1.08861,0.939517,1.37517,0.42336,18.483,0.42336,0,0,442.007,0,0.270605,0,0,0.487123,0.216518,1.028160,1,0,10.9482,0,0,0,10.9482,0
43.7904,1.705,0,0,1.47442,0.251987,0.36288,3.6288,47.448,0.875937,0,0,0.323631,0.174719,0,0.66528,12.849,1,0.490806,0.36288,0,26.5545,3.90789,22.5187,0.84672,12.849,0.84672,3695.15,0,18.483,0.42336,0.292723,1.43319,1.88879,0.939517,2.25182,0.42336,18.483,0.42336,0,0,442.007,0,0.34414,0,0,0.636863,0.292723,1.028160,1,0,24.7705,0,0,0,24.7705,0
43.8185,1.69806,0,0,2.33863,0.249574,0.36288,3.6288,47.5301,0.421778,0,0,0.677543,0.173662,0,0.66528,12.849,1,0.498246,0.36288,0,36.1298,3.90789,32.0865,0.84672,12.849,0.84672,3695.15,0,18.483,0.42336,0.292723,1.43346,3.04118,0.939517,3.40449,0.42336,18.483,0.42336,0,0,442.007,0,0.798535,0,0,1.09126,0.292723,1.028160,1,0,35.491,0,0,0,35.491,0
43.1624,1.54611,0,0,1.50255,0.249654,0.36288,3.6288,47.4174,0.444139,0,0,0.50517,0.173781,0,0.66528,12.849,1,0.453371,0.36288,0,24.8496,3.90789,20.8512,0.84672,12.849,0.84672,3695.15,0,18.483,0.42336,0.292723,1.43374,3.00056,0.939517,3.36414,0.42336,18.483,0.42336,0,0,442.007,0,0.653809,0,0,0.946532,0.292723,1.028160,1,0,24.2154,0,0,0,24.2154,0
42.1414,1.54116,0,0,1.13232,0.24931,0.36288,3.6288,47.239,0.277726,0,0,0.294605,0.195311,0,0.66528,12.849,1,0.458788,0.36288,0,28.7242,3.69452,24.9338,0.84672,12.849,0.84672,3695.15,0,18.483,0.42336,0.292723,1.30232,2.11558,1.04986,2.23741,0.42336,18.483,0.42336,0,0,442.007,0,0.820434,0,0,1.11316,0.292723,1.028160,1,0,27.1712,0,0,0,27.1712,0
41.3913,1.533,0,0,1.37196,0.226184,0.36288,3.6288,47.1978,0.155557,0,0,0.306372,0.191959,0,0.66528,12.849,1,0.467416,0.36288,0,35.5523,3.9841,31.4637,0.84672,12.849,0.84672,3695.15,0,18.483,0.42336,0.412474,1.30257,2.62459,1.10177,2.8145,0.42336,18.483,0.42336,0,0,442.007,0,0.942814,0,0,1.35529,0.412474,1.028160,1,0,34.2782,0,0,0,34.2782,0
40.8492,1.5269,0,0,1.57372,0.226032,0.36288,3.6288,46.7077,0.566878,0,0,0.263786,0.187046,0,0.66528,12.849,1,0.473991,0.36288,0,41.2897,3.98664,37.1919,0.84672,12.849,0.84672,3695.15,0,18.483,0.42336,0.412474,1.30282,2.18234,1.11756,2.35671,0.42336,18.483,0.42336,0,0,442.007,0,0.531706,0,0,0.944179,0.412474,1.028160,1,0,39.5487,0,0,0,39.5487,0
40.706,1.52247,0,0,1.96676,0.224591,0.36288,3.6288,46.4828,0.608968,0,0,0.570383,0.186272,0,0.66528,12.849,1,0.478888,0.36288,0,51.6138,3.98664,47.5112,0.84672,12.849,0.84672,3695.15,0,18.483,0.42336,0.412474,1.30307,2.23513,1.11756,2.40975,0.42336,18.483,0.42336,0,0,442.007,0,0.489828,0,0,0.902301,0.412474,1.028160,1,0,49.9209,0,0,0,49.9209,0
42.7937,1.57928,0,0,4.24544,0.21553,0.36288,3.6288,47.3005,0.10638,0,0,1.09803,0.173967,0,0.66528,12.849,1,0.498507,0.36288,0,98.0929,3.71664,94.2406,0.84672,12.849,0.84672,3695.15,0,18.483,0.42336,0.823677,1.30332,5.08179,1.08584,5.69958,0.42336,18.483,0.42336,0,0,442.007,0,1.02816,0,0,1.85184,0.823677,1.028160,1,0,99.9402,0,0,0,99.9402,0
44.653,1.59835,0,0,4.03468,0.214194,0.36288,3.6288,47.7692,0.106591,0,0,0.741537,0.1662,0,0.66528,12.849,1,0.47991,0.36288,0,88.3829,3.51414,84.7517,0.84672,12.849,0.84672,3695.15,0,18.483,0.42336,0.644077,1.34526,4.34447,1.06205,4.84839,0.42336,18.483,0.42336,0,0,442.007,0,1.02816,0,0,1.67224,0.644077,1.028160,1,0,89.6001,0,0,0,89.6001,0
45.7952,1.61423,0,0,3.33809,0.218801,0.36288,3.6288,48.0508,0.196589,0,0,0.645006,0.166853,0,0.66528,12.849,1,0.464497,0.36288,0,72.4645,3.51414,68.8488,0.84672,12.849,0.84672,3695.15,0,18.483,0.42336,0.503194,1.34551,3.39939,1.06205,3.76268,0.42336,18.483,0.42336,0,0,442.007,0,0.938373,0,0,1.44157,0.503194,1.028160,1,0,72.6115,0,0,0,72.6115,0
47.1341,1.62364,0,0,3.5991,0.273619,0.36288,3.6288,48.5905,0.10774,0,0,0.816067,0.168593,0,0.66528,12.849,1,0.455552,0.36288,0,66.5876,3.70944,62.7855,0.84672,12.849,0.84672,3695.15,0,18.483,0.42336,0.503194,1.34576,3.6192,1.13292,3.91187,0.42336,18.483,0.42336,0,0,442.007,0,1.02743,0,0,1.53063,0.503194,1.028160,1,0,66.6974,0,0,0,66.6974,0
48.8334,1.82601,0,0,4.16979,0.28163,0.36288,3.6288,48.9039,0.240722,0,0,0.720574,0.166498,0,0.66528,12.849,1,0.49778,0.36288,0,76.0303,3.6018,72.2936,0.84672,12.849,0.84672,3695.15,0,18.483,0.42336,0.516421,1.34601,3.22368,0.976965,3.68579,0.42336,18.483,0.42336,0,0,442.007,0,1.02816,0,0,1.54458,0.516421,1.028160,1,0,75.9794,0,0,0,75.9794,0
51.8188,1.84013,0,0,5.47069,0.28228,0.36288,3.6288,49.4873,0.240959,0,0,1.00845,0.184065,0,0.66528,12.849,1,0.484174,0.36288,0,80.6941,4.22352,76.3493,0.84672,12.849,0.84672,3695.15,0,18.483,0.42336,0.921387,1.49516,4.89382,1.05771,5.82929,0.42336,18.483,0.42336,0,0,442.007,0,1.02816,0,0,1.94955,0.921387,1.028160,1,0,82.1786,0,0,0,82.1786,0
53.2433,1.86289,0,0,3.9416,0.291323,0.36288,3.6288,49.2862,0.598857,0,0,0.582688,0.184953,0,0.66528,12.849,1,0.461923,0.36288,0,58.1159,4.22352,53.7934,0.84672,12.849,0.84672,3695.15,0,18.483,0.42336,0.608429,1.49543,3.9972,1.05771,4.62,0.42336,18.483,0.42336,0,0,442.007,0,0.670499,0,0,1.27893,0.608429,1.028160,1,0,58.4134,0,0,0,58.4134,0
54.5184,1.87326,0,0,3.75736,0.246166,0.36288,3.6288,49.4548,0.321775,0,0,0.690383,0.200012,0,0.66528,12.849,1,0.452067,0.36288,0,78.5036,4.33167,74.0827,0.84672,12.849,0.84672,3695.15,0,18.483,0.42336,0.608429,1.49571,4.26273,1.17296,4.77055,0.42336,18.483,0.42336,0,0,442.007,0,0.947817,0,0,1.55625,0.608429,1.028160,1,0,78.8532,0,0,0,78.8532,0
57.0158,1.60022,0,0,4.71681,0.256254,0.36288,3.6288,50.9461,0.0636674,0,0,1.75272,0.197713,0,0.66528,12.849,1,0.377143,0.36288,0,106.682,4.25838,102.409,0.84672,12.849,0.84672,3695.15,0,18.483,0.42336,0.608429,1.49599,6.63323,1.13162,7.18267,0.42336,18.483,0.42336,0,0,442.007,0,1.02687,0,0,1.6353,0.608429,1.028160,1,0,109.592,0,0,0,109.592,0
61.4305,1.61407,0,0,6.6966,0.305027,0.36288,3.6288,54.1819,0.0625833,0,0,3.48284,0.184486,0,0.66528,12.849,1,0.363744,0.36288,0,128.736,3.81864,124.916,0.84672,12.849,0.84672,3695.15,0,18.483,0.42336,1.79285,1.29245,9.0974,0.883574,10.8758,0.42336,18.483,0.42336,0,0,442.007,0,1.02816,0,0,2.82101,1.79285,1.028160,1,0,135.792,0,0,0,135.792,0
65.7828,1.63605,0,0,6.6691,0.317864,0.36288,3.6288,58.1488,0.0627866,0,0,4.21889,0.189254,0,0.66528,12.849,1,0.342203,0.36288,0,148.526,3.81864,144.728,0.84672,12.849,0.84672,3695.15,0,18.483,0.42336,2.94195,1.29269,11.3263,0.883574,14.2541,0.42336,18.483,0.42336,0,0,442.007,0,1.02816,0,0,3.97011,2.94195,1.028160,1,0,158.982,0,0,0,158.982,0
70.668,1.65537,0,0,7.2328,0.329304,0.36288,3.6288,61.308,0.0629899,0,0,4.47471,0.194224,1.05825,0.66528,12.849,1,0.323335,0.36288,0,157.411,3.81864,153.632,0.84672,12.849,0.84672,3695.15,0,18.483,0.42336,2.26444,1.29293,13.9192,0.883574,16.1696,0.42336,18.483,0.42336,0,0,442.007,0,1.02816,0,0,3.2926,2.26444,1.028160,1,0,170.86,0,0,0,170.86,0
72.29,1.67466,0,0,7.8173,0.329787,4.19085,3.6288,61.308,0.0631933,0,0,5.04007,0.215846,4.76104,0.66528,12.849,1,0.304491,4.19085,0,132.94,4.32394,132.503,0.84672,12.849,0.84672,3695.15,0,18.483,0.42336,2.59603,1.29317,12.722,0.955804,15.232,0.42336,18.483,0.42336,0,0,442.007,0,1.02816,0,0,3.62419,2.59603,1.028160,1,0,152.496,0,0,0,152.496,0
72.29,1.75539,0,0,9.15944,0.299722,7.10432,3.6288,61.308,0.107298,0,0,5.24346,0.213018,4.92314,0.66528,12.849,1,0.312008,7.10432,0,226.805,4.82084,228.777,0.84672,12.849,0.84672,3695.15,0,18.483,0.42336,3.02658,1.29341,13.1775,0.980595,16.0935,0.42336,18.483,0.42336,0,0,442.007,0,1.02816,0,0,4.05474,3.02658,1.028160,1,0,249.793,0,0,0,249.793,0
72.29,1.75579,0,0,8.77884,0.292725,6.73033,3.6288,61.308,0.10751,0,0,4.01759,0.202467,3.70761,0.66528,12.849,1,0.312078,6.73033,0,182.729,4.75009,184.397,0.84672,12.849,0.84672,3695.15,0,18.483,0.42336,2.43695,1.34402,11.4159,0.951988,13.8215,0.42336,18.483,0.42336,0,0,442.007,0,1.02816,0,0,3.46511,2.43695,1.028160,1,0,201.926,0,0,0,201.926,0
72.29,1.75618,0,0,5.76422,0.292725,3.71531,3.6288,61.308,0.107721,0,0,3.00983,0.202467,2.69964,0.66528,12.849,1,0.312148,3.71531,0,117.518,4.75009,116.171,0.84672,12.849,0.84672,3695.15,0,18.483,0.42336,1.69483,1.34427,8.67637,0.951988,10.3401,0.42336,18.483,0.42336,0,0,442.007,0,1.02816,0,0,2.72299,1.69483,1.028160,1,0,129.211,0,0,0,129.211,0
72.29,1.75657,0,0,4.97028,0.292725,2.92098,3.6288,61.308,0.107933,0,0,2.76326,0.202467,2.45286,0.66528,12.849,1,0.312218,2.92098,0,100.643,4.75009,98.5017,0.84672,12.849,0.84672,3695.15,0,18.483,0.42336,1.70867,1.34452,7.84287,0.951988,9.52072,0.42336,18.483,0.42336,0,0,442.007,0,1.02816,0,0,2.73683,1.70867,1.028160,1,0,110.475,0,0,0,110.475,0
72.29,1.7278,0,0,4.60585,0.269029,2.60903,3.6288,61.308,0.0910813,0,0,2.15761,0.199984,1.86654,0.66528,12.849,1,0.307103,2.60903,0,95.2422,4.48611,93.058,0.84672,12.849,0.84672,3695.15,0,18.483,0.42336,1.3045,1.34477,6.95365,0.999947,8.17962,0.42336,18.483,0.42336,0,0,442.007,0,1.02816,0,0,2.33266,1.3045,1.028160,1,0,103.104,0,0,0,103.104,0
72.29,1.72819,0,0,4.29735,0.193498,2.37567,3.6288,61.308,0.09129,0,0,1.48786,0.211235,1.18534,0.66528,12.849,1,0.307172,2.37567,0,95.4478,4.26384,93.2525,0.84672,12.849,0.84672,3695.15,0,18.483,0.42336,1.33981,1.3254,5.51867,1.07295,6.68758,0.42336,18.483,0.42336,0,0,442.007,0,1.02816,0,0,2.36797,1.33981,1.028160,1,0,101.125,0,0,0,101.125,0
72.29,1.72858,0,0,4.0733,0.193498,2.15123,3.6288,61.308,0.0914987,0,0,1.46058,0.211235,1.15785,0.66528,12.849,1,0.307242,2.15123,0,89.2987,4.26384,86.8789,0.84672,12.849,0.84672,3695.15,0,18.483,0.42336,1.22911,1.32565,5.20764,1.07295,6.26609,0.42336,18.483,0.42336,0,0,442.007,0,1.02816,0,0,2.25727,1.22911,1.028160,1,0,94.3028,0,0,0,94.3028,0
72.29,1.72897,0,0,3.81942,0.193498,1.89695,3.6288,61.308,0.0917075,0,0,1.75316,0.211235,1.45022,0.66528,12.849,1,0.307311,1.89695,0,82.7064,4.26384,80.0322,0.84672,12.849,0.84672,3695.15,0,18.483,0.42336,1.63718,1.3259,5.9444,1.07295,7.41116,0.42336,18.483,0.42336,0,0,442.007,0,1.02816,0,0,2.66534,1.63718,1.028160,1,0,88.8936,0,0,0,88.8936,0
72.29,1.82844,0,0,3.56347,0.215215,1.51981,3.6288,61.308,0.152474,0,0,1.53951,0.164671,1.22236,0.66528,12.849,1,0.324992,1.51981,0,75.0652,3.82116,72.4388,0.84672,12.849,0.84672,3695.15,0,18.483,0.42336,1.33675,1.32615,5.41474,0.908718,6.74555,0.42336,18.483,0.42336,0,0,442.007,0,1.02816,0,0,2.36491,1.33675,1.028160,1,0,80.4068,0,0,0,80.4068,0
72.29,1.82885,0,0,2.86107,0.184199,0.848016,3.6288,61.308,0.152694,0,0,1.10125,0.195318,0.753235,0.66528,12.849,1,0.325065,0.848016,0,51.0635,4.42464,47.1618,0.84672,12.849,0.84672,3695.15,0,18.483,0.42336,0.868078,1.39505,3.67527,1.08056,4.43447,0.42336,18.483,0.42336,0,0,442.007,0,1.02816,0,0,1.89624,0.868078,1.028160,1,0,52.3495,0,0,0,52.3495,0
72.29,1.82926,0,0,2.66369,0.105018,0.729408,3.6288,61.308,0.152914,0,0,0.97467,0.223479,0.598277,0.66528,12.849,1,0.325137,0.729408,0,49.764,4.80249,45.3658,0.84672,12.849,0.84672,3695.15,0,18.483,0.42336,0.742444,1.39531,3.42941,1.15658,3.98722,0.42336,18.483,0.42336,0,0,442.007,0,1.02816,0,0,1.7706,0.742444,1.028160,1,0,49.9513,0,0,0,49.9513,0
72.29,1.82967,0,0,2.42253,0.105018,0.48784,3.6288,61.308,0.153134,0,0,0.787095,0.223479,0.410483,0.66528,12.849,1,0.32521,0.48784,0,45.2997,4.80249,40.6598,0.84672,12.849,0.84672,3695.15,0,18.483,0.42336,0.470439,1.39557,3.06601,1.15658,3.35208,0.42336,18.483,0.42336,0,0,442.007,0,1.02816,0,0,1.4986,0.470439,1.028160,1,0,44.4224,0,0,0,44.4224,0
72.29,1.83008,0,0,2.36167,0.110838,0.420752,3.6288,61.308,0.153354,0,0,0.643585,0.236001,0.25423,0.66528,12.849,1,0.325282,0.420752,0,41.0636,5.02107,36.138,0.84672,12.849,0.84672,3695.15,0,18.483,0.42336,0.394572,1.39583,2.94055,1.19982,3.10777,0.42336,18.483,0.42336,0,0,442.007,0,1.02816,0,0,1.42273,0.394572,1.028160,1,0,39.5,0,0,0,39.5,0
72.29,1.81087,0,0,2.8314,0.0996828,0.920844,3.6288,61.308,0.186889,0,0,0.866281,0.258431,0.420961,0.66528,12.849,1,0.321869,0.920844,0,47.8418,5.31015,43.1306,0.84672,12.849,0.84672,3695.15,0,18.483,0.42336,0.84742,1.39609,4.36212,1.27666,4.90561,0.42336,18.483,0.42336,0,0,442.007,0,1.02816,0,0,1.87558,0.84742,1.028160,1,0,48.4572,0,0,0,48.4572,0
72.29,1.81128,0,0,2.88374,0.101679,0.970784,3.6288,61.308,0.187116,0,0,0.926338,0.23305,0.506172,0.66528,12.849,1,0.32194,0.970784,0,51.2337,4.84722,47.0354,0.84672,12.849,0.84672,3695.15,0,18.483,0.42336,0.946607,1.41776,5.09109,1.18687,5.84523,0.42336,18.483,0.42336,0,0,442.007,0,1.02816,0,0,1.97477,0.946607,1.028160,1,0,53.3868,0,0,0,53.3868,0
72.29,1.81168,0,0,2.62262,0.101679,0.709261,3.6288,61.308,0.187342,0,0,0.903286,0.23305,0.482894,0.66528,12.849,1,0.322012,0.709261,0,50.231,4.84722,45.771,0.84672,12.849,0.84672,3695.15,0,18.483,0.42336,0.921033,1.41802,4.87818,1.18687,5.607,0.42336,18.483,0.42336,0,0,442.007,0,1.02816,0,0,1.94919,0.921033,1.028160,1,0,51.8609,0,0,0,51.8609,0
72.29,1.81209,0,0,2.38041,0.101679,0.466643,3.6288,61.308,0.187569,0,0,0.847429,0.23305,0.42681,0.66528,12.849,1,0.322084,0.466643,0,44.76,4.84722,40.0573,0.84672,12.849,0.84672,3695.15,0,18.483,0.42336,0.701205,1.41829,4.71899,1.18687,5.22825,0.42336,18.483,0.42336,0,0,442.007,0,1.02816,0,0,1.72937,0.701205,1.028160,1,0,45.7123,0,0,0,45.7123,0
72.1658,1.86318,0,0,2.17226,0.0703547,0.36288,3.6288,61.308,0.217508,0,0,0.755352,0.306808,0.231036,0.66528,12.849,1,0.331166,0.36288,0,38.5828,5.78763,32.8269,0.84672,12.849,0.84672,3695.15,0,18.483,0.42336,0.618823,1.41855,3.98105,1.51381,4.08126,0.42336,18.483,0.42336,0,0,442.007,0,1.02816,0,0,1.64698,0.618823,1.028160,1,0,37.1392,0,0,0,37.1392,0
71.9596,1.86311,0,0,2.09504,0.0752843,0.36288,3.6288,61.308,0.21774,0,0,0.817258,0.299244,0.300273,0.66528,12.849,1,0.331723,0.36288,0,41.8694,5.66853,36.232,0.84672,12.849,0.84672,3695.15,0,18.483,0.42336,0.566248,1.45296,3.02565,1.4295,3.192,0.42336,18.483,0.42336,0,0,442.007,0,1.02816,0,0,1.59441,0.566248,1.028160,1,0,39.7242,0,0,0,39.7242,0
71.6096,1.86272,0,0,1.95073,0.0751664,0.36288,3.6288,61.308,0.217973,0,0,0.709016,0.299244,0.191798,0.66528,12.849,1,0.332604,0.36288,0,35.4516,5.66853,29.8134,0.84672,12.849,0.84672,3695.15,0,18.483,0.42336,0.695339,1.45323,3.05355,1.4295,3.34926,0.42336,18.483,0.42336,0,0,442.007,0,1.02816,0,0,1.7235,0.695339,1.028160,1,0,33.3544,0,0,0,33.3544,0
71.1136,1.86175,0,0,1.80359,0.0749663,0.36288,3.6288,61.308,0.218205,0,0,0.65753,0.299244,0.14008,0.66528,12.849,1,0.334057,0.36288,0,33.9949,5.66853,28.3552,0.84672,12.849,0.84672,3695.15,0,18.483,0.42336,0.485611,1.4535,2.65503,1.4295,2.74128,0.42336,18.483,0.42336,0,0,442.007,0,1.02816,0,0,1.51377,0.485611,1.028160,1,0,31.2365,0,0,0,31.2365,0
70.5161,2.00838,0,0,1.84365,0.0698256,0.36288,3.6288,61.308,0.325765,0,0,0.730192,0.301834,0.102593,0.66528,12.849,1,0.362879,0.36288,0,32.3325,5.7433,26.5892,0.84672,12.849,0.84672,3695.15,0,18.483,0.42336,0.689869,1.45377,3.28406,1.44444,3.5599,0.42336,18.483,0.42336,0,0,442.007,0,1.02816,0,0,1.71803,0.689869,1.028160,1,0,30.2517,0,0,0,30.2517,0
69.8992,2.00622,0,0,1.80941,0.0572472,0.36288,3.6288,61.2714,0.326017,0,0,0.630668,0.341275,0,0.66528,12.849,1,0.36556,0.36288,0,25.9935,5.96541,20.0254,0.84672,12.849,0.84672,3695.15,0,18.483,0.42336,0.377888,1.56975,2.87964,1.51448,2.88944,0.42336,18.483,0.42336,0,0,442.007,0,1.02816,0,0,1.40605,0.377888,1.028160,1,0,22.9149,0,0,0,22.9149,0
69.2581,2.00393,0,0,1.7822,0.0565512,0.36288,3.6288,61.2249,0.32627,0,0,0.606576,0.326795,0,0.66528,12.849,1,0.368366,0.36288,0,25.2955,5.95717,19.3328,0.84672,12.849,0.84672,3695.15,0,18.483,0.42336,0.370025,1.57005,2.18862,1.53218,2.17316,0.42336,18.483,0.42336,0,0,442.007,0,1.02816,0,0,1.39819,0.370025,1.028160,1,0,21.506,0,0,0,21.506,0
68.4014,2.00149,0,0,1.56395,0.056271,0.36288,3.6288,61.1569,0.326523,0,0,0.585188,0.326699,0,0.66528,12.849,1,0.371324,0.36288,0,32.1551,5.95717,26.1894,0.84672,12.849,0.84672,3695.15,0,18.483,0.42336,0.307739,1.57034,2.10169,1.53218,2.02423,0.42336,18.483,0.42336,0,0,442.007,0,1.02816,0,0,1.3359,0.307739,1.028160,1,0,28.2137,0,0,0,28.2137,0
67.5818,1.99802,0,0,1.59728,0.0558966,0.36288,3.6288,61.1748,0.326775,0,0,0.671259,0.326558,0,0.66528,12.849,1,0.375322,0.36288,0,27.8543,5.95717,21.8847,0.84672,12.849,0.84672,3695.15,0,18.483,0.42336,0.383469,1.57063,2.18256,1.53218,2.18112,0.42336,18.483,0.42336,0,0,442.007,0,1.02816,0,0,1.41163,0.383469,1.028160,1,0,24.0658,0,0,0,24.0658,0
66.9941,1.92292,0,0,1.75101,0.0529432,0.36288,3.6288,61.308,0.261824,0,0,0.776434,0.345142,0.0362465,0.66528,12.849,1,0.365595,0.36288,0,34.204,5.9045,28.2968,0.84672,12.849,0.84672,3695.15,0,18.483,0.42336,0.89214,1.57092,3.26675,1.59385,3.71261,0.42336,18.483,0.42336,0,0,442.007,0,1.02816,0,0,1.9203,0.89214,1.028160,1,0,32.0457,0,0,0,32.0457,0
66.4705,1.92065,0,0,1.83937,0.07946,0.36288,3.6288,61.308,0.262065,0,0,0.768528,0.338652,0.167811,0.66528,12.849,1,0.368368,0.36288,0,30.2155,5.69934,24.5107,0.84672,12.849,0.84672,3695.15,0,18.483,0.42336,0.687865,1.50485,3.47018,1.58321,3.65632,0.42336,18.483,0.42336,0,0,442.007,0,1.02816,0,0,1.71602,0.687865,1.028160,1,0,28.3349,0,0,0,28.3349,0
66.496,1.91865,0,0,2.42426,0.117238,0.36288,3.6288,61.308,0.262305,0,0,0.807978,0.311049,0.234624,0.66528,12.849,1,0.370882,0.36288,0,30.5576,5.47848,25.0711,0.84672,12.849,0.84672,3695.15,0,18.483,0.42336,0.809032,1.50513,2.79106,1.50735,3.17451,0.42336,18.483,0.42336,0,0,442.007,0,1.02816,0,0,1.83719,0.809032,1.028160,1,0,28.4803,0,0,0,28.4803,0
67.5563,1.91919,0,0,3.45964,0.117262,0.36288,3.6288,61.308,0.262546,0,0,1.32979,0.311049,0.756196,0.66528,12.849,1,0.370845,0.36288,0,56.5218,5.47848,51.0354,0.84672,12.849,0.84672,3695.15,0,18.483,0.42336,2.07378,1.50541,5.23236,1.50735,6.88084,0.42336,18.483,0.42336,0,0,442.007,0,1.02816,0,0,3.10194,2.07378,1.028160,1,0,58.6724,0,0,0,58.6724,0
67.8673,1.8656,0,0,2.67593,0.136451,0.36288,3.6288,61.308,0.203391,0,0,1.04466,0.305994,0.535278,0.66528,12.849,1,0.354832,0.36288,0,74.722,5.37507,69.355,0.84672,12.849,0.84672,3695.15,0,18.483,0.42336,1.30132,1.50569,3.61272,1.4492,4.54717,0.42336,18.483,0.42336,0,0,442.007,0,1.02816,0,0,2.32948,1.30132,1.028160,1,0,74.4374,0,0,0,74.4374,0
66.7778,1.86738,0,0,1.38709,0.246265,0.36288,3.6288,61.308,0.203621,0,0,0.910181,0.275662,0.430898,0.66528,12.849,1,0.353543,0.36288,0,44.0586,4.75461,39.3133,0.84672,12.849,0.84672,3695.15,0,18.483,0.42336,0.567233,1.44694,2.77161,1.10031,3.26211,0.42336,18.483,0.42336,0,0,442.007,0,1.02816,0,0,1.59539,0.567233,1.028160,1,0,43.0063,0,0,0,43.0063,0
67.8046,1.86296,0,0,3.48157,0.22896,0.36288,3.6288,61.308,0.203851,0,0,1.37673,0.269705,0.903176,0.66528,12.849,1,0.35846,0.36288,0,42.2997,4.61061,37.6935,0.84672,12.849,0.84672,3695.15,0,18.483,0.42336,1.29266,1.44721,5.7985,1.13251,6.98251,0.42336,18.483,0.42336,0,0,442.007,0,1.02816,0,0,2.32082,1.29266,1.028160,1,0,45.5792,0,0,0,45.5792,0
72.29,1.86794,0,0,7.18228,0.240828,0.588123,3.6288,61.308,0.204081,0,0,2.21322,0.228483,1.78066,0.66528,12.849,1,0.353975,0.588123,0,116.275,3.71744,112.792,0.84672,12.849,0.84672,3695.15,0,18.483,0.42336,2.45688,1.44748,13.0384,0.995977,15.5234,0.42336,18.483,0.42336,0,0,442.007,0,1.02816,0,0,3.48504,2.45688,1.028160,1,0,130.096,0,0,0,130.096,0
72.29,1.71782,0,0,3.83734,0.261917,1.8576,3.6288,61.308,0.080513,0,0,1.50314,0.215171,1.20745,0.66528,12.849,1,0.30533,1.8576,0,70.289,3.43696,68.4043,0.84672,12.849,0.84672,3695.15,0,18.483,0.42336,1.28541,1.44775,6.4622,0.924193,7.84781,0.42336,18.483,0.42336,0,0,442.007,0,1.02816,0,0,2.31357,1.28541,1.028160,1,0,77.4596,0,0,0,77.4596,0
72.29,1.71821,0,0,4.49226,0.299283,2.47476,3.6288,61.308,0.08072,0,0,1.88989,0.222159,1.58701,0.66528,12.849,1,0.305399,2.47476,0,68.5758,4.38115,66.364,0.84672,12.849,0.84672,3695.15,0,18.483,0.42336,2.15525,1.31504,9.06045,1.12997,10.9774,0.42336,18.483,0.42336,0,0,442.007,0,1.02816,0,0,3.18341,2.15525,1.028160,1,0,78.9284,0,0,0,78.9284,0
72.29,1.7186,0,0,3.7318,0.305511,1.70769,3.6288,61.308,0.0809269,0,0,0.826057,0.223323,0.521806,0.66528,12.849,1,0.305468,1.70769,0,56.7562,4.53852,53.6199,0.84672,12.849,0.84672,3695.15,0,18.483,0.42336,1.48198,1.31528,4.80748,1.16427,6.01711,0.42336,18.483,0.42336,0,0,442.007,0,1.02816,0,0,2.51014,1.48198,1.028160,1,0,60.1589,0,0,0,60.1589,0
72.29,1.71899,0,0,3.76849,0.303735,1.74577,3.6288,61.308,0.0826547,0,0,0.486578,0.23034,0.173583,0.66528,12.849,1,0.305537,1.74577,0,54.1333,4.56441,51.0091,0.84672,12.849,0.84672,3695.15,0,18.483,0.42336,0.412474,1.31553,5.16147,1.18425,5.28186,0.42336,18.483,0.42336,0,0,442.007,0,1.02664,0,0,1.43911,0.412474,1.028160,1,0,56.4646,0,0,0,56.4646,0
72.29,1.71937,0,0,3.27605,0.293077,1.2636,3.6288,61.308,0.220039,0,0,0.538798,0.272443,0.0463162,0.66528,12.849,1,0.305606,1.2636,0,57.7871,4.71975,54.0253,0.84672,12.849,0.84672,3695.15,0,18.483,0.42336,0.412474,1.31577,2.95925,1.30411,2.96003,0.42336,18.483,0.42336,0,0,442.007,0,0.889462,0,0,1.30194,0.412474,1.028160,1,0,57.0317,0,0,0,57.0317,0
72.29,1.78489,0,0,5.02855,0.285,2.95866,3.6288,61.308,0.117427,0,0,1.16047,0.249344,0.793702,0.66528,12.849,1,0.317251,2.95866,0,122.521,4.31897,120.844,0.84672,12.849,0.84672,3695.15,0,18.483,0.42336,1.24231,1.31602,8.06083,1.18008,9.01572,0.42336,18.483,0.42336,0,0,442.007,0,1.02816,0,0,2.27047,1.24231,1.028160,1,0,130.653,0,0,0,130.653,0
72.29,1.78528,0,0,6.26429,0.26798,4.21103,3.6288,61.308,0.117633,0,0,1.30439,0.19852,0.988237,0.66528,12.849,1,0.31732,4.21103,0,138.523,3.42006,138.996,0.84672,12.849,0.84672,3695.15,0,18.483,0.42336,1.77218,1.35836,8.59395,0.909874,10.3913,0.42336,18.483,0.42336,0,0,442.007,0,1.02816,0,0,2.80034,1.77218,1.028160,1,0,150.376,0,0,0,150.376,0
72.29,1.78567,0,0,7.9774,0.26798,5.92375,3.6288,61.308,0.117839,0,0,1.47384,0.19852,1.15748,0.66528,12.849,1,0.317388,5.92375,0,157.943,3.42006,160.129,0.84672,12.849,0.84672,3695.15,0,18.483,0.42336,2.05413,1.3586,10.043,0.909874,12.1225,0.42336,18.483,0.42336,0,0,442.007,0,1.02816,0,0,3.08229,2.05413,1.028160,1,0,173.409,0,0,0,173.409,0
72.29,1.78605,0,0,5.78651,0.26798,3.73248,3.6288,61.308,0.118045,0,0,1.29951,0.19852,0.982943,0.66528,12.849,1,0.317457,3.73248,0,80.1472,3.42006,80.1422,0.84672,12.849,0.84672,3695.15,0,18.483,0.42336,1.60296,1.35885,6.47236,0.909874,8.10094,0.42336,18.483,0.42336,0,0,442.007,0,1.02816,0,0,2.63112,1.60296,1.028160,1,0,89.2261,0,0,0,89.2261,0
72.29,1.99574,0,0,6.72105,0.26798,4.45732,3.6288,61.308,0.253045,0,0,1.54243,0.19852,1.09087,0.66528,12.849,1,0.354728,4.45732,0,94.6875,3.42006,95.37,0.84672,12.849,0.84672,3695.15,0,18.483,0.42336,2.10798,1.35909,9.82584,0.909874,11.9597,0.42336,18.483,0.42336,0,0,442.007,0,1.02816,0,0,3.13614,2.10798,1.028160,1,0,108.421,0,0,0,108.421,0
72.29,1.99617,0,0,5.8704,0.325309,3.54893,3.6288,61.308,0.253276,0,0,0.88306,0.156459,0.473325,0.66528,12.849,1,0.354804,3.54893,0,85.6008,3.08837,85.7066,0.84672,12.849,0.84672,3695.15,0,18.483,0.42336,1.19031,1.50968,5.08635,0.77454,6.58843,0.42336,18.483,0.42336,0,0,442.007,0,1.02816,0,0,2.21847,1.19031,1.028160,1,0,92.7683,0,0,0,92.7683,0
72.29,1.99659,0,0,4.91419,0.317517,2.60008,3.6288,61.308,0.253507,0,0,1.0024,0.173057,0.575831,0.66528,12.849,1,0.354879,2.60008,0,78.1816,3.48149,76.9453,0.84672,12.849,0.84672,3695.15,0,18.483,0.42336,1.34968,1.50995,5.78108,0.897528,7.31982,0.42336,18.483,0.42336,0,0,442.007,0,1.02816,0,0,2.37784,1.34968,1.028160,1,0,84.841,0,0,0,84.841,0
72.29,1.99702,0,0,5.81061,0.292478,3.52111,3.6288,61.308,0.253737,0,0,0.951221,0.178666,0.518818,0.66528,12.849,1,0.354955,3.52111,0,80.4635,4.35702,79.2726,0.84672,12.849,0.84672,3695.15,0,18.483,0.42336,1.4809,1.51022,6.55516,1.20693,7.91599,0.42336,18.483,0.42336,0,0,442.007,0,1.02816,0,0,2.50906,1.4809,1.028160,1,0,87.7074,0,0,0,87.7074,0
72.29,1.69869,0,0,5.54311,0.259412,3.58501,3.6288,61.308,0.0729434,0,0,1.15285,0.194031,0.885878,0.66528,12.849,1,0.301929,3.58501,0,93.3733,3.79974,92.8567,0.84672,12.849,0.84672,3695.15,0,18.483,0.42336,1.90826,1.51049,8.53494,0.902593,10.6277,0.42336,18.483,0.42336,0,0,442.007,0,1.02816,0,0,2.93642,1.90826,1.028160,1,0,104.37,0,0,0,104.37,0
72.29,1.69906,0,0,4.43629,0.327743,2.40949,3.6288,61.308,0.0731417,0,0,0.909818,0.133434,0.703243,0.66528,12.849,1,0.301995,2.40949,0,98.1133,3.84531,96.3754,0.84672,12.849,0.84672,3695.15,0,18.483,0.42336,1.30864,1.30497,7.51222,0.864364,8.8381,0.42336,18.483,0.42336,0,0,442.007,0,1.02816,0,0,2.3368,1.30864,1.028160,1,0,105.917,0,0,0,105.917,0
72.29,1.69943,0,0,4.85077,0.309562,2.84178,3.6288,61.308,0.07334,0,0,0.86826,0.172163,0.622757,0.66528,12.849,1,0.302061,2.84178,0,104.688,4.76259,102.465,0.84672,12.849,0.84672,3695.15,0,18.483,0.42336,1.20002,1.3052,7.51507,1.15134,8.4456,0.42336,18.483,0.42336,0,0,442.007,0,1.02816,0,0,2.22818,1.20002,1.028160,1,0,111.534,0,0,0,111.534,0
72.29,1.6998,0,0,4.62262,0.309562,2.61325,3.6288,61.308,0.0735383,0,0,0.924221,0.172163,0.67852,0.66528,12.849,1,0.302127,2.61325,0,112.381,4.76259,109.93,0.84672,12.849,0.84672,3695.15,0,18.483,0.42336,1.36316,1.30544,7.82637,1.15134,8.92027,0.42336,18.483,0.42336,0,0,442.007,0,1.02816,0,0,2.39132,1.36316,1.028160,1,0,119.529,0,0,0,119.529,0
72.29,1.70017,0,0,14.6321,0.309562,12.6224,3.6288,61.308,0.0737367,0,0,2.56209,0.172163,2.31619,0.66528,12.849,1,0.302192,12.6224,0,187.86,4.76259,195.417,0.84672,12.849,0.84672,3695.15,0,18.483,0.42336,4.22874,1.30567,20.1409,1.15134,24.1006,0.42336,18.483,0.42336,0,0,442.007,0,1.02816,0,0,5.2569,4.22874,1.028160,1,0,221.834,0,0,0,221.834,0
72.29,1.77581,0,0,11.2684,0.31382,9.17876,3.6288,61.308,0.118261,0,0,2.75803,0.178247,2.46152,0.66528,12.849,1,0.315637,9.17876,0,192.062,4.67991,196.245,0.84672,12.849,0.84672,3695.15,0,18.483,0.42336,4.17014,1.30591,19.2286,1.13969,23.1416,0.42336,18.483,0.42336,0,0,442.007,0,1.02816,0,0,5.1983,4.17014,1.028160,1,0,221.848,0,0,0,221.848,0
72.29,1.77619,0,0,6.88071,0.317014,4.7875,3.6288,61.308,0.118467,0,0,1.88006,0.182811,1.57878,0.66528,12.849,1,0.315705,4.7875,0,132.625,4.6179,132.479,0.84672,12.849,0.84672,3695.15,0,18.483,0.42336,3.85972,1.357,13.1546,1.13096,16.817,0.42336,18.483,0.42336,0,0,442.007,0,1.02816,0,0,4.88788,3.85972,1.028160,1,0,150.875,0,0,0,150.875,0
72.29,1.77658,0,0,4.91462,0.317014,2.82103,3.6288,61.308,0.118674,0,0,1.42616,0.182811,1.12468,0.66528,12.849,1,0.315774,2.82103,0,91.9521,4.6179,89.8394,0.84672,12.849,0.84672,3695.15,0,18.483,0.42336,2.09167,1.35724,9.97877,1.13096,11.8734,0.42336,18.483,0.42336,0,0,442.007,0,1.02816,0,0,3.11983,2.09167,1.028160,1,0,102.837,0,0,0,102.837,0
72.29,1.77696,0,0,4.21369,0.28392,2.1528,3.6288,61.308,0.11888,0,0,1.1565,0.192402,0.845216,0.66528,12.849,1,0.315842,2.1528,0,77.9458,4.62795,75.1548,0.84672,12.849,0.84672,3695.15,0,18.483,0.42336,1.72195,1.35749,7.97498,1.14402,9.48704,0.42336,18.483,0.42336,0,0,442.007,0,1.02816,0,0,2.75011,1.72195,1.028160,1,0,85.487,0,0,0,85.487,0
72.29,1.7479,0,0,3.90863,0.294316,1.86642,3.6288,61.308,0.101859,0,0,1.02398,0.202291,0.719828,0.66528,12.849,1,0.310676,1.86642,0,73.2637,4.79365,70.0258,0.84672,12.849,0.84672,3695.15,0,18.483,0.42336,1.41888,1.35773,6.8677,1.16258,8.05837,0.42336,18.483,0.42336,0,0,442.007,0,1.02816,0,0,2.44704,1.41888,1.028160,1,0,78.804,0,0,0,78.804,0
72.29,1.74828,0,0,3.67476,0.229553,1.69693,3.6288,61.308,0.102062,0,0,0.922164,0.217169,0.602933,0.66528,12.849,1,0.310743,1.69693,0,71.1167,4.33923,68.1637,0.84672,12.849,0.84672,3695.15,0,18.483,0.42336,0.91571,1.33817,5.21211,1.23247,5.81017,0.42336,18.483,0.42336,0,0,442.007,0,1.02816,0,0,1.94387,0.91571,1.028160,1,0,74.5768,0,0,0,74.5768,0
72.29,1.74866,0,0,3.27818,0.229553,1.29997,3.6288,61.308,0.102266,0,0,0.818839,0.217169,0.499403,0.66528,12.849,1,0.310811,1.29997,0,61.0813,4.33923,57.7312,0.84672,12.849,0.84672,3695.15,0,18.483,0.42336,0.666438,1.33841,4.52615,1.23247,4.87517,0.42336,18.483,0.42336,0,0,442.007,0,1.02816,0,0,1.6946,0.666438,1.028160,1,0,63.1058,0,0,0,63.1058,0
72.29,1.74904,0,0,3.02063,0.212269,1.05932,3.6288,61.308,0.10247,0,0,0.750393,0.194414,0.453509,0.66528,12.849,1,0.310878,1.05932,0,56.972,3.86739,53.853,0.84672,12.849,0.84672,3695.15,0,18.483,0.42336,0.563423,1.33865,4.07606,1.11279,4.44198,0.42336,18.483,0.42336,0,0,442.007,0,1.02816,0,0,1.59158,0.563423,1.028160,1,0,58.7485,0,0,0,58.7485,0
72.29,1.84946,0,0,2.87204,0.199307,0.823277,3.6288,61.308,0.163812,0,0,0.717293,0.177347,0.376133,0.66528,12.849,1,0.328727,0.823277,0,52.626,3.51351,49.607,0.84672,12.849,0.84672,3695.15,0,18.483,0.42336,0.707728,1.33889,4.07393,1.02304,4.67415,0.42336,18.483,0.42336,0,0,442.007,0,1.02816,0,0,1.73589,0.707728,1.028160,1,0,54.6573,0,0,0,54.6573,0
72.29,1.84985,0,0,2.94309,0.144082,0.949159,3.6288,61.308,0.164027,0,0,0.819409,0.231184,0.424198,0.66528,12.849,1,0.328798,0.949159,0,53.2474,4.78206,49.0857,0.84672,12.849,0.84672,3695.15,0,18.483,0.42336,0.698311,1.40845,4.32118,1.09335,4.91123,0.42336,18.483,0.42336,0,0,442.007,0,1.02816,0,0,1.72647,0.698311,1.028160,1,0,54.4211,0,0,0,54.4211,0
72.29,1.85025,0,0,2.81454,0.134877,0.82941,3.6288,61.308,0.164242,0,0,0.739169,0.240157,0.33477,0.66528,12.849,1,0.328868,0.82941,0,49.6443,4.99349,45.1514,0.84672,12.849,0.84672,3695.15,0,18.483,0.42336,0.557194,1.4087,4.08798,1.10506,4.52545,0.42336,18.483,0.42336,0,0,442.007,0,1.02816,0,0,1.58535,0.557194,1.028160,1,0,50.0116,0,0,0,50.0116,0
72.29,1.85065,0,0,2.71936,0.134877,0.733834,3.6288,61.308,0.164457,0,0,0.754004,0.240157,0.34939,0.66528,12.849,1,0.328939,0.733834,0,47.3323,4.99349,42.7437,0.84672,12.849,0.84672,3695.15,0,18.483,0.42336,0.729864,1.40895,3.91017,1.10506,4.52056,0.42336,18.483,0.42336,0,0,442.007,0,1.02816,0,0,1.75802,0.729864,1.028160,1,0,47.6137,0,0,0,47.6137,0
72.29,1.85105,0,0,2.49596,0.159463,0.485446,3.6288,61.308,0.164672,0,0,0.706787,0.233573,0.308542,0.66528,12.849,1,0.32901,0.485446,0,44.5045,4.57041,40.0905,0.84672,12.849,0.84672,3695.15,0,18.483,0.42336,0.65137,1.40921,3.56587,1.12139,4.08171,0.42336,18.483,0.42336,0,0,442.007,0,1.02816,0,0,1.67953,0.65137,1.028160,1,0,44.4807,0,0,0,44.4807,0
72.29,1.83165,0,0,2.43591,0.124033,0.480232,3.6288,61.308,0.19852,0,0,0.680124,0.225982,0.255622,0.66528,12.849,1,0.325561,0.480232,0,42.4212,4.65481,37.921,0.84672,12.849,0.84672,3695.15,0,18.483,0.42336,0.634185,1.40946,3.59264,1.11777,4.09516,0.42336,18.483,0.42336,0,0,442.007,0,1.02816,0,0,1.66234,0.634185,1.028160,1,0,42.2718,0,0,0,42.2718,0
72.29,1.83204,0,0,2.30551,0.109526,0.36394,3.6288,61.308,0.198741,0,0,0.653262,0.215,0.239521,0.66528,12.849,1,0.325631,0.36394,0,41.7218,4.78894,36.9711,0.84672,12.849,0.84672,3695.15,0,18.483,0.42336,0.629139,1.43133,3.55025,1.09349,4.09387,0.42336,18.483,0.42336,0,0,442.007,0,1.02816,0,0,1.6573,0.629139,1.028160,1,0,41.3045,0,0,0,41.3045,0
72.0922,1.83244,0,0,2.10708,0.109526,0.36288,3.6288,61.308,0.198962,0,0,0.610898,0.215,0.196936,0.66528,12.849,1,0.325702,0.36288,0,39.2431,4.78894,34.4914,0.84672,12.849,0.84672,3695.15,0,18.483,0.42336,0.388187,1.43159,3.37835,1.09349,3.68128,0.42336,18.483,0.42336,0,0,442.007,0,1.02816,0,0,1.41635,0.388187,1.028160,1,0,38.3696,0,0,0,38.3696,0
71.7444,1.83207,0,0,1.93751,0.0903506,0.36288,3.6288,61.308,0.199183,0,0,0.578912,0.258876,0.120853,0.66528,12.849,1,0.32653,0.36288,0,35.1358,5.35355,29.8186,0.84672,12.849,0.84672,3695.15,0,18.483,0.42336,0.389128,1.43185,3.21667,1.29958,3.31471,0.42336,18.483,0.42336,0,0,442.007,0,1.02816,0,0,1.41729,0.389128,1.028160,1,0,33.2541,0,0,0,33.2541,0
71.2529,1.88224,0,0,1.82955,0.0760271,0.36288,3.6288,61.308,0.2294,0,0,0.541168,0.295875,0.0158924,0.66528,12.849,1,0.337098,0.36288,0,31.54,5.82136,25.7444,0.84672,12.849,0.84672,3695.15,0,18.483,0.42336,0.343881,1.4321,3.09956,1.45717,2.99502,0.42336,18.483,0.42336,0,0,442.007,0,1.02816,0,0,1.37204,0.343881,1.028160,1,0,28.7553,0,0,0,28.7553,0
70.9918,1.88067,0,0,2.05904,0.0765539,0.36288,3.6288,61.308,0.229627,0,0,0.692036,0.320427,0.141982,0.66528,12.849,1,0.339141,0.36288,0,40.4044,6.08759,34.3405,0.84672,12.849,0.84672,3695.15,0,18.483,0.42336,0.571139,1.46683,3.4114,1.47529,3.55073,0.42336,18.483,0.42336,0,0,442.007,0,1.02816,0,0,1.5993,0.571139,1.028160,1,0,38.0332,0,0,0,38.0332,0
70.5897,1.88002,0,0,1.91722,0.076401,0.36288,3.6288,61.308,0.229854,0,0,0.600399,0.320427,0.0501179,0.66528,12.849,1,0.34027,0.36288,0,34.2115,6.08759,28.1465,0.84672,12.849,0.84672,3695.15,0,18.483,0.42336,0.700609,1.4671,3.44287,1.47529,3.71193,0.42336,18.483,0.42336,0,0,442.007,0,1.02816,0,0,1.72877,0.700609,1.028160,1,0,31.9085,0,0,0,31.9085,0
70.0445,1.87878,0,0,1.77258,0.0761656,0.36288,3.6288,61.308,0.23008,0,0,0.556777,0.320427,0.00626943,0.66528,12.849,1,0.341983,0.36288,0,32.8059,6.08759,26.7392,0.84672,12.849,0.84672,3695.15,0,18.483,0.42336,0.490234,1.46736,2.99354,1.47529,3.05249,0.42336,18.483,0.42336,0,0,442.007,0,1.02816,0,0,1.51839,0.490234,1.028160,1,0,29.798,0,0,0,29.798,0
69.3963,2.02618,0,0,1.81197,0.0710291,0.36288,3.6288,61.2646,0.338656,0,0,0.618322,0.323017,0,0.66528,12.849,1,0.371684,0.36288,0,31.2016,6.16236,25.0305,0.84672,12.849,0.84672,3695.15,0,18.483,0.42336,0.695105,1.46763,3.70278,1.49023,3.95192,0.42336,18.483,0.42336,0,0,442.007,0,1.02816,0,0,1.72327,0.695105,1.028160,1,0,28.9824,0,0,0,28.9824,0
69.1409,2.02368,0,0,2.19803,0.0668843,0.36288,3.6288,61.308,0.338902,0,0,0.755357,0.317748,0.0553555,0.66528,12.849,1,0.374692,0.36288,0,37.3838,6.32787,31.0441,0.84672,12.849,0.84672,3695.15,0,18.483,0.42336,0.764182,1.5847,3.96812,1.52918,4.36446,0.42336,18.483,0.42336,0,0,442.007,0,1.02816,0,0,1.79234,0.764182,1.028160,1,0,35.4639,0,0,0,35.4639,0
68.4237,2.02294,0,0,1.73539,0.0668318,0.36288,3.6288,61.2203,0.339149,0,0,0.574405,0.322945,0,0.66528,12.849,1,0.375939,0.36288,0,44.0272,6.37728,37.6369,0.84672,12.849,0.84672,3695.15,0,18.483,0.42336,0.305113,1.58498,2.87729,1.53539,2.80864,0.42336,18.483,0.42336,0,0,442.007,0,1.02816,0,0,1.33327,0.305113,1.028160,1,0,40.4455,0,0,0,40.4455,0
68.0295,2.02005,0,0,2.05526,0.0664592,0.36288,3.6288,61.308,0.339395,0,0,0.876795,0.322766,0.126946,0.66528,12.849,1,0.379337,0.36288,0,37.7895,6.37728,31.3958,0.84672,12.849,0.84672,3695.15,0,18.483,0.42336,0.977495,1.58527,3.89097,1.53539,4.49499,0.42336,18.483,0.42336,0,0,442.007,0,1.02816,0,0,2.00566,0.977495,1.028160,1,0,36.0177,0,0,0,36.0177,0
67.2953,2.01863,0,0,1.71717,0.0699369,0.36288,3.6288,61.308,0.339642,0,0,0.64346,0.302261,0.00155729,0.66528,12.849,1,0.381267,0.36288,0,34.4852,5.82274,28.644,0.84672,12.849,0.84672,3695.15,0,18.483,0.42336,0.55423,1.58556,4.0312,1.31952,4.4281,0.42336,18.483,0.42336,0,0,442.007,0,1.02816,0,0,1.58239,0.55423,1.028160,1,0,33.0737,0,0,0,33.0737,0
67.1484,1.94322,0,0,2.26124,0.101964,0.36288,3.6288,61.308,0.274066,0,0,1.17442,0.257946,0.642405,0.66528,12.849,1,0.371029,0.36288,0,37.8505,4.72606,33.1162,0.84672,12.849,0.84672,3695.15,0,18.483,0.42336,1.84706,1.58584,8.45637,1.07017,10.3957,0.42336,18.483,0.42336,0,0,442.007,0,1.02816,0,0,2.87522,1.84706,1.028160,1,0,44.1544,0,0,0,44.1544,0
66.6038,1.94296,0,0,1.89975,0.138533,0.36288,3.6288,61.308,0.2743,0,0,1.00431,0.235631,0.494382,0.66528,12.849,1,0.371789,0.36288,0,45.1816,4.24967,40.923,0.84672,12.849,0.84672,3695.15,0,18.483,0.42336,1.86125,1.51913,7.91726,1.12145,9.75283,0.42336,18.483,0.42336,0,0,442.007,0,1.02816,0,0,2.88941,1.86125,1.028160,1,0,51.1702,0,0,0,51.1702,0
65.8321,1.94082,0,0,1.66997,0.137937,0.36288,3.6288,61.308,0.274535,0,0,0.859792,0.235631,0.349626,0.66528,12.849,1,0.374417,0.36288,0,41.4729,4.24967,37.2117,0.84672,12.849,0.84672,3695.15,0,18.483,0.42336,1.28803,1.5194,6.6242,1.12145,7.88683,0.42336,18.483,0.42336,0,0,442.007,0,1.02816,0,0,2.31619,1.28803,1.028160,1,0,45.4481,0,0,0,45.4481,0
65.167,1.93756,0,0,1.78977,0.154473,0.36288,3.6288,61.308,0.27477,0,0,1.40688,0.2325,0.899607,0.66528,12.849,1,0.37817,0.36288,0,72.8307,4.08209,68.7333,0.84672,12.849,0.84672,3695.15,0,18.483,0.42336,3.26804,1.51968,9.15892,1.07993,12.4433,0.42336,18.483,0.42336,0,0,442.007,0,1.02816,0,0,4.2962,3.26804,1.028160,1,0,82.0763,0,0,0,82.0763,0
67.1372,1.87564,0,0,4.40559,0.196872,0.36288,3.6288,61.308,0.215047,0,0,1.73585,0.224673,1.29613,0.66528,12.849,1,0.36982,0.36288,0,127.791,3.66313,124.121,0.84672,12.849,0.84672,3695.15,0,18.483,0.42336,3.23371,1.51995,13.9535,0.976142,17.3077,0.42336,18.483,0.42336,0,0,442.007,0,1.02816,0,0,4.26187,3.23371,1.028160,1,0,142.725,0,0,0,142.725,0
68.9985,1.88515,0,0,4.28832,0.178932,0.36288,3.6288,61.308,0.215271,0,0,1.55169,0.300947,1.03547,0.66528,12.849,1,0.360788,0.36288,0,111.294,4.73928,106.556,0.84672,12.849,0.84672,3695.15,0,18.483,0.42336,1.71601,1.46064,10.5737,1.25494,12.0721,0.42336,18.483,0.42336,0,0,442.007,0,1.02816,0,0,2.74417,1.71601,1.028160,1,0,119.664,0,0,0,119.664,0
70.4026,1.89376,0,0,3.93084,0.270129,0.36288,3.6288,61.308,0.215495,0,0,1.81588,0.200485,1.3999,0.66528,12.849,1,0.352659,0.36288,0,87.4377,3.6456,83.8023,0.84672,12.849,0.84672,3695.15,0,18.483,0.42336,2.33156,1.4609,10.9577,0.914602,13.4122,0.42336,18.483,0.42336,0,0,442.007,0,1.02816,0,0,3.35972,2.33156,1.028160,1,0,98.6144,0,0,0,98.6144,0
71.9582,1.90012,0,0,4.09167,0.273081,0.36288,3.6288,61.308,0.215719,0,0,1.40379,0.200485,0.987588,0.66528,12.849,1,0.346785,0.36288,0,86.3387,3.6456,82.7091,0.84672,12.849,0.84672,3695.15,0,18.483,0.42336,4.60921,1.46116,12.9388,0.914602,17.6712,0.42336,18.483,0.42336,0,0,442.007,0,1.02816,0,0,5.63737,4.60921,1.028160,1,0,101.368,0,0,0,101.368,0
72.29,1.73622,0,0,5.11263,0.276351,2.76826,3.6288,61.308,0.0909776,0,0,1.67969,0.200485,1.38822,0.66528,12.849,1,0.310023,2.76826,0,121.653,3.6456,120.466,0.84672,12.849,0.84672,3695.15,0,18.483,0.42336,2.299,1.46143,19.0637,0.914602,21.4862,0.42336,18.483,0.42336,0,0,442.007,0,1.02816,0,0,3.32716,2.299,1.028160,1,0,143.34,0,0,0,143.34,0
72.29,1.73781,0,0,5.36484,0.284982,3.34205,3.6288,61.308,0.0911794,0,0,2.45243,0.203309,2.15794,0.66528,12.849,1,0.308882,3.34205,0,111.054,4.25333,109.834,0.84672,12.849,0.84672,3695.15,0,18.483,0.42336,2.46237,1.32745,13.8028,1.155,16.0143,0.42336,18.483,0.42336,0,0,442.007,0,1.02816,0,0,3.49053,2.46237,1.028160,1,0,128.006,0,0,0,128.006,0
72.29,1.73819,0,0,4.84921,0.288156,2.82287,3.6288,61.308,0.0913813,0,0,4.1025,0.204438,3.80668,0.66528,12.849,1,0.308949,2.82287,0,84.2727,4.49642,82.2902,0.84672,12.849,0.84672,3695.15,0,18.483,0.42336,4.71164,1.32769,18.6049,1.25116,22.9698,0.42336,18.483,0.42336,0,0,442.007,0,1.02816,0,0,5.7398,4.71164,1.028160,1,0,109.067,0,0,0,109.067,0
72.29,1.73856,0,0,8.88046,0.288156,6.85374,3.6288,61.308,0.0915833,0,0,3.08712,0.204438,2.7911,0.66528,12.849,1,0.309017,6.85374,0,230.724,4.49642,232.773,0.84672,12.849,0.84672,3695.15,0,18.483,0.42336,5.23496,1.32793,20.0594,1.25116,24.9478,0.42336,18.483,0.42336,0,0,442.007,0,1.02816,0,0,6.26312,5.23496,1.028160,1,0,260.511,0,0,0,260.511,0
72.29,1.73894,0,0,9.54806,0.288156,7.52097,3.6288,61.308,0.0917853,0,0,4.36274,0.204438,4.06652,0.66528,12.849,1,0.309084,7.52097,0,238.543,4.49642,241.259,0.84672,12.849,0.84672,3695.15,0,18.483,0.42336,5.22349,1.32817,21.8579,1.25116,26.735,0.42336,18.483,0.42336,0,0,442.007,0,1.02816,0,0,6.25165,5.22349,1.028160,1,0,272.061,0,0,0,272.061,0
72.29,1.80507,0,0,4.80528,0.295512,2.70471,3.6288,61.308,0.128203,0,0,2.02434,0.147602,1.74853,0.66528,12.849,1,0.320837,2.70471,0,150.822,3.60893,149.597,0.84672,12.849,0.84672,3695.15,0,18.483,0.42336,2.67238,1.32841,14.3456,1.00407,16.919,0.42336,18.483,0.42336,0,0,442.007,0,1.02816,0,0,3.70054,2.67238,1.028160,1,0,168.265,0,0,0,168.265,0
72.29,1.77876,0,0,3.07442,0.287013,1.00865,3.6288,61.308,0.128404,0,0,0.924955,0.111421,0.68513,0.66528,12.849,1,0.31616,1.00865,0,67.2686,2.5452,65.4159,0.84672,12.849,0.84672,3695.15,0,18.483,0,0.981409,1.37114,10.9773,0.699523,12.6303,0.42336,18.483,0.42336,0,0,442.007,0,1.02816,0,0,2.00957,0.981409,1.028160,1,0,78.7314,0,0,0,78.7314,0
72.29,1.77906,0,0,5.27897,0.287013,3.21289,3.6288,61.308,0.128605,0,0,2.27019,0.111421,2.03017,0.66528,12.849,1,0.316215,3.21289,0,140.497,2.5452,140.848,0.84672,12.849,0.84672,3695.15,0,18.483,0,3.33015,1.37138,20.5602,0.699523,24.5622,0.42336,18.483,0.42336,0,0,442.007,0,1.02816,0,0,4.35831,3.33015,1.028160,1,0,167.441,0,0,0,167.441,0
72.29,1.77937,0,0,6.0789,0.326953,3.97257,3.6288,61.308,0.128806,0,0,2.06741,0.130668,1.80793,0.66528,12.849,1,0.31627,3.97257,0,165.621,2.91102,166.366,0.84672,12.849,0.84672,3695.15,0,18.483,0,4.33769,1.37161,20.2317,0.793392,25.1476,0.42336,18.483,0.42336,0,0,442.007,0,1.02816,0,0,5.36585,4.33769,1.028160,1,0,193.322,0,0,0,193.322,0
72.29,1.95327,0,0,6.23411,0.356908,3.92394,3.6288,61.308,0.265066,0,0,2.22086,0.145104,1.81069,0.66528,12.849,1,0.347179,3.92394,0,255.524,3.18538,255.915,0.84672,12.849,0.84672,3695.15,0,18.483,0,5.1497,1.37185,21.3228,0.863794,26.9806,0.42336,18.483,0.42336,0,0,442.007,0,1.02816,0,0,6.17786,5.1497,1.028160,1,0,284.706,0,0,0,284.706,0
72.29,1.95361,0,0,9.79877,0.355138,7.49002,3.6288,61.308,0.26529,0,0,2.52228,0.118381,2.1386,0.66528,12.849,1,0.347239,7.49002,0,277.568,3.78083,280.93,0.84672,12.849,0.84672,3695.15,0,18.483,0,6.45042,1.52384,24.817,0.869686,31.9216,0.42336,18.483,0.42336,0,0,442.007,0,1.02816,0,0,7.47858,6.45042,1.028160,1,0,314.99,0,0,0,314.99,0
72.29,1.95395,0,0,5.40832,0.354843,3.09953,3.6288,61.308,0.265515,0,0,1.66599,0.113927,1.28655,0.66528,12.849,1,0.347299,3.09953,0,154.663,3.88007,153.535,0.84672,12.849,0.84672,3695.15,0,18.483,0,2.86795,1.5241,13.3641,0.870668,16.8855,0.42336,18.483,0.42336,0,0,442.007,0,1.02816,0,0,3.89611,2.86795,1.028160,1,0,171.707,0,0,0,171.707,0
72.29,1.95429,0,0,4.2546,0.354843,1.94547,3.6288,61.308,0.26574,0,0,1.38713,0.113927,1.00746,0.66528,12.849,1,0.34736,1.94547,0,111.53,3.88007,109.248,0.84672,12.849,0.84672,3695.15,0,18.483,0,2.41447,1.52437,10.7889,0.870668,13.8571,0.42336,18.483,0.42336,0,0,442.007,0,1.02816,0,0,3.44263,2.41447,1.028160,1,0,124.113,0,0,0,124.113,0
72.29,1.70687,0,0,3.91855,0.354482,1.8572,3.6288,61.308,0.0832461,0,0,1.4477,0.0909362,1.27352,0.66528,12.849,1,0.303382,1.8572,0,102.617,3.45249,100.719,0.84672,12.849,0.84672,3695.15,0,18.483,0,2.91308,1.52463,11.0032,0.738966,14.702,0.42336,18.483,0.42336,0,0,442.007,0,1.02816,0,0,3.94124,2.91308,1.028160,1,0,116.694,0,0,0,116.694,0
72.29,1.70716,0,0,5.11615,0.337771,3.07122,3.6288,61.308,0.0834392,0,0,2.68151,0.119792,2.47828,0.66528,12.849,1,0.303435,3.07122,0,115.408,3.75199,114.424,0.84672,12.849,0.84672,3695.15,0,18.483,0,3.30947,1.31718,17.6956,0.91277,21.4095,0.42336,18.483,0.42336,0,0,442.007,0,1.02816,0,0,4.33763,3.30947,1.028160,1,0,138.311,0,0,0,138.311,0
72.29,1.70746,0,0,4.33789,0.339755,2.29068,3.6288,61.308,0.0836325,0,0,2.60721,0.122058,2.40152,0.66528,12.849,1,0.303488,2.29068,0,103.486,3.7884,101.684,0.84672,12.849,0.84672,3695.15,0,18.483,0,2.72789,1.3174,14.3652,0.946962,17.4635,0.42336,18.483,0.42336,0,0,442.007,0,1.02816,0,0,3.75605,2.72789,1.028160,1,0,121.549,0,0,0,121.549,0
72.29,1.70776,0,0,5.87041,0.339755,3.8229,3.6288,61.308,0.0838258,0,0,3.63282,0.122058,3.42693,0.66528,12.849,1,0.303541,3.8229,0,162.513,3.7884,162.244,0.84672,12.849,0.84672,3695.15,0,18.483,0,4.51623,1.31763,18.053,0.946962,22.9399,0.42336,18.483,0.42336,0,0,442.007,0,1.02816,0,0,5.54439,4.51623,1.028160,1,0,188.611,0,0,0,188.611,0
72.29,1.70805,0,0,7.32784,0.335658,5.28413,3.6288,61.308,0.084019,0,0,3.9839,0.0876951,3.81218,0.66528,12.849,1,0.303593,5.28413,0,212.916,3.25047,214.646,0.84672,12.849,0.84672,3695.15,0,18.483,0,5.4956,1.31786,23.9937,0.854832,29.9523,0.42336,18.483,0.42336,0,0,442.007,0,1.02816,0,0,6.52376,5.4956,1.028160,1,0,248.41,0,0,0,248.41,0
72.29,1.77077,0,0,5.71101,0.306244,3.63399,3.6288,61.308,0.128951,0,0,2.92552,0.138722,2.65785,0.66528,12.849,1,0.314741,3.63399,0,188.592,3.91533,187.996,0.84672,12.849,0.84672,3695.15,0,18.483,0,4.30093,1.31809,14.9361,1.02951,19.5256,0.42336,18.483,0.42336,0,0,442.007,0,1.02816,0,0,5.32909,4.30093,1.028160,1,0,210.18,0,0,0,210.18,0
72.29,1.77108,0,0,3.97595,0.267936,1.93693,3.6288,61.308,0.129152,0,0,2.44646,0.214395,2.10291,0.66528,12.849,1,0.314796,1.93693,0,113.181,4.92135,109.882,0.84672,12.849,0.84672,3695.15,0,18.483,0,2.83962,1.36965,12.003,1.28289,14.9294,0.42336,18.483,0.42336,0,0,442.007,0,1.02816,0,0,3.86778,2.83962,1.028160,1,0,126.915,0,0,0,126.915,0
72.29,1.77139,0,0,4.04235,0.25008,2.02089,3.6288,61.308,0.129353,0,0,2.53289,0.22391,2.17962,0.66528,12.849,1,0.31485,2.02089,0,103.494,5.03769,100.163,0.84672,12.849,0.84672,3695.15,0,18.483,0,2.65566,1.36989,10.653,1.30579,13.3728,0.42336,18.483,0.42336,0,0,442.007,0,1.02816,0,0,3.68382,2.65566,1.028160,1,0,115.715,0,0,0,115.715,0
72.29,1.77169,0,0,3.86268,0.233725,1.85727,3.6288,61.308,0.129555,0,0,2.56257,0.246548,2.18647,0.66528,12.849,1,0.314905,1.85727,0,95.618,5.2773,91.8831,0.84672,12.849,0.84672,3695.15,0,18.483,0,2.62727,1.37013,10.7959,1.41852,13.3748,0.42336,18.483,0.42336,0,0,442.007,0,1.02816,0,0,3.65543,2.62727,1.028160,1,0,107.444,0,0,0,107.444,0
72.29,1.74758,0,0,3.48299,0.20162,1.53379,3.6288,61.308,0.112368,0,0,1.99443,0.270354,1.61171,0.66528,12.849,1,0.310619,1.53379,0,79.5217,5.47296,75.2719,0.84672,12.849,0.84672,3695.15,0,18.483,0,2.13286,1.37037,9.00452,1.50907,10.9987,0.42336,18.483,0.42336,0,0,442.007,0,1.02816,0,0,3.16102,2.13286,1.028160,1,0,87.8823,0,0,0,87.8823,0
72.29,1.74788,0,0,3.0134,0.173454,1.09206,3.6288,61.308,0.112566,0,0,0.964276,0.240564,0.611145,0.66528,12.849,1,0.310673,1.09206,0,66.8088,3.7675,63.8227,0.84672,12.849,0.84672,3695.15,0,18.483,0,1.38778,1.35061,6.83942,1.21453,8.36329,0.42336,18.483,0.42336,0,0,442.007,0,1.02816,0,0,2.41594,1.38778,1.028160,1,0,72.7971,0,0,0,72.7971,0
72.29,1.74819,0,0,2.6777,0.173454,0.756059,3.6288,61.308,0.112765,0,0,1.04585,0.240564,0.692517,0.66528,12.849,1,0.310727,0.756059,0,62.054,3.7675,58.7319,0.84672,12.849,0.84672,3695.15,0,18.483,0,1.54928,1.35085,7.01706,1.21453,8.70266,0.42336,18.483,0.42336,0,0,442.007,0,1.02816,0,0,2.57744,1.54928,1.028160,1,0,68.127,0,0,0,68.127,0
72.29,1.74849,0,0,2.79669,0.173454,0.874746,3.6288,61.308,0.112963,0,0,0.895864,0.240564,0.542337,0.66528,12.849,1,0.310781,0.874746,0,61.5426,3.7675,58.3391,0.84672,12.849,0.84672,3695.15,0,18.483,0,1.11186,1.35108,8.23366,1.21453,9.48207,0.42336,18.483,0.42336,0,0,442.007,0,1.02816,0,0,2.14002,1.11186,1.028160,1,0,68.3635,0,0,0,68.3635,0
72.29,1.83175,0,0,2.73302,0.136961,0.764308,3.6288,61.308,0.174867,0,0,0.873608,0.258367,0.440373,0.66528,12.849,1,0.32558,0.764308,0,61.1878,5.17105,56.4555,0.84672,12.849,0.84672,3695.15,0,18.483,0,1.20755,1.35132,7.43861,1.26987,8.72761,0.42336,18.483,0.42336,0,0,442.007,0,1.02816,0,0,2.23571,1.20755,1.028160,1,0,65.6234,0,0,0,65.6234,0
72.2216,1.83207,0,0,2.25218,0.125613,0.36288,3.6288,61.308,0.175077,0,0,0.898577,0.199924,0.523576,0.66528,12.849,1,0.325637,0.36288,0,50.5861,3.97938,46.6439,0.84672,12.849,0.84672,3695.15,0,18.483,0,1.20922,1.42151,6.80262,1.05461,8.37874,0.42336,18.483,0.42336,0,0,442.007,0,1.02816,0,0,2.23738,1.20922,1.028160,1,0,55.5463,0,0,0,55.5463,0
72.054,1.83186,0,0,2.15059,0.123443,0.36288,3.6288,61.308,0.175286,0,0,0.726641,0.17536,0.375995,0.66528,12.849,1,0.325908,0.36288,0,51.0814,3.40914,47.7092,0.84672,12.849,0.84672,3695.15,0,18.483,0,0.878904,1.42176,6.36647,0.964813,7.70232,0.42336,18.483,0.42336,0,0,442.007,0,1.02816,0,0,1.90706,0.878904,1.028160,1,0,55.7876,0,0,0,55.7876,0
71.7438,1.8309,0,0,2.00687,0.123285,0.36288,3.6288,61.308,0.175495,0,0,0.698354,0.17536,0.347498,0.66528,12.849,1,0.326494,0.36288,0,45.9372,3.40914,42.5644,0.84672,12.849,0.84672,3695.15,0,18.483,0,0.619289,1.422,5.53407,0.964813,6.61055,0.42336,18.483,0.42336,0,0,442.007,0,1.02816,0,0,1.64745,0.619289,1.028160,1,0,49.5224,0,0,0,49.5224,0
71.3912,1.82882,0,0,1.88872,0.0496285,0.36288,3.6288,61.308,0.175705,0,0,0.658377,0.280327,0.202345,0.66528,12.849,1,0.327533,0.36288,0,44.4029,4.83525,39.603,0.84672,12.849,0.84672,3695.15,0,18.483,0,0.476237,1.42225,4.98382,1.34669,5.53562,0.42336,18.483,0.42336,0,0,442.007,0,1.02816,0,0,1.5044,0.476237,1.028160,1,0,45.3409,0,0,0,45.3409,0
70.7309,1.81004,0,0,1.57229,0.059728,0.36288,3.6288,61.308,0.281881,0,0,0.584797,0.27637,0.0265459,0.66528,12.849,1,0.32577,0.36288,0,36.4165,4.91036,31.5432,0.84672,12.849,0.84672,3695.15,0,18.483,0,0.30119,1.4225,4.18929,1.30094,4.61204,0.42336,18.483,0.42336,0,0,442.007,0,0.956137,0,0,1.25733,0.30119,1.028160,1,0,36.1818,0,0,0,36.1818,0
69.7185,1.80521,0,0,1.22867,0.0730016,0.36288,3.6288,61.0926,0.479218,0,0,0.534862,0.271093,0,0.66528,12.849,1,0.327935,0.36288,0,28.4439,5.01049,23.4684,0.84672,12.849,0.84672,3695.15,0,18.483,0,0.30119,1.44456,3.6125,1.23994,4.11831,0.42336,18.483,0.42336,0,0,442.007,0,0.759015,0,0,1.06021,0.30119,1.028160,1,0,27.5867,0,0,0,27.5867,0
68.7088,1.79751,0,0,1.22319,0.0724341,0.36288,3.6288,60.9217,0.414754,0,0,0.514594,0.270724,0,0.66528,12.849,1,0.331278,0.36288,0,26.839,5.01049,21.8601,0.84672,12.849,0.84672,3695.15,0,18.483,0,0.261274,1.44481,3.82513,1.23994,4.29127,0.42336,18.483,0.42336,0,0,442.007,0,0.823694,0,0,1.08497,0.261274,1.028160,1,0,26.1513,0,0,0,26.1513,0
67.6622,1.78967,0,0,1.16382,0.0579058,0.36288,3.6288,60.7006,0.429761,0,0,0.502349,0.293691,0,0.66528,12.849,1,0.33468,0.36288,0,25.2974,5.33625,19.9894,0.84672,12.849,0.84672,3695.15,0,18.483,0,0.261274,1.44506,3.71839,1.35019,4.07454,0.42336,18.483,0.42336,0,0,442.007,0,0.808903,0,0,1.07018,0.261274,1.028160,1,0,24.0639,0,0,0,24.0639,0
66.4441,1.82292,0,0,1.00708,0.0393659,0.36288,3.6288,60.3201,0.534217,0,0,0.472661,0.318911,0,0.66528,12.849,1,0.346172,0.36288,0,23.6009,6.04179,17.5758,0.84672,12.849,0.84672,3695.15,0,18.483,0,0.261274,1.44531,3.71371,1.59778,3.82253,0.42336,18.483,0.42336,0,0,442.007,0,0.734936,0,0,0.996209,0.261274,1.028160,1,0,21.3983,0,0,0,21.3983,0
65.2713,1.81272,0,0,1.04575,0.0429336,0.36288,3.6288,59.7423,0.713864,0,0,0.486532,0.350436,0,0.66528,12.849,1,0.350545,0.36288,0,27.9123,5.51229,22.4123,0.84672,12.849,0.84672,3695.15,0,18.483,0,0.261274,1.48035,3.21815,1.53805,3.42173,0.42336,18.483,0.42336,0,0,442.007,0,0.555509,0,0,0.816782,0.261274,1.028160,1,0,25.8341,0,0,0,25.8341,0
64.0151,1.80266,0,0,0.951877,0.0425338,0.36288,3.6288,59.098,0.69646,0,0,0.40129,0.349148,0,0.66528,12.849,1,0.354863,0.36288,0,22.4819,5.51229,16.9776,0.84672,12.849,0.84672,3695.15,0,18.483,0,0.261274,1.48061,2.9904,1.53805,3.19424,0.42336,18.483,0.42336,0,0,442.007,0,0.573134,0,0,0.834408,0.261274,1.028160,1,0,20.1718,0,0,0,20.1718,0
62.6843,1.79157,0,0,0.865728,0.0421056,0.36288,3.6288,58.3312,0.792852,0,0,0.373717,0.347712,0,0.66528,12.849,1,0.359601,0.36288,0,20.9582,5.51229,15.4492,0.84672,12.849,0.84672,3695.15,0,18.483,0,0.227405,1.48087,2.66503,1.53805,2.83525,0.42336,18.483,0.42336,0,0,442.007,0,0.476963,0,0,0.704367,0.227405,1.028160,1,0,18.2845,0,0,0,18.2845,0
61.3311,1.89831,0,0,0.942762,0.0347291,0.36288,3.6288,57.7089,0.719146,0,0,0.441123,0.344236,0,0.66528,12.849,1,0.389115,0.36288,0,21.0573,5.62042,15.4107,0.84672,12.849,0.84672,3695.15,0,18.483,0,0.227405,1.48113,3.76816,1.56396,3.91274,0.42336,18.483,0.42336,0,0,442.007,0,0.660234,0,0,0.887639,0.227405,1.028160,1,0,19.3234,0,0,0,19.3234,0
59.8823,1.88478,0,0,0.839195,0.0403561,0.36288,3.6288,56.925,0.83232,0,0,0.389117,0.340672,0,0.66528,12.849,1,0.394866,0.36288,0,18.545,5.64593,12.8671,0.84672,12.849,0.84672,3695.15,0,18.483,0,0.227405,1.59927,2.98827,1.54531,3.26963,0.42336,18.483,0.42336,0,0,442.007,0,0.547301,0,0,0.774706,0.227405,1.028160,1,0,16.1367,0,0,0,16.1367,0
58.3,1.86981,0,0,0.701508,0.051065,0.36288,3.6288,55.9719,0.942426,0,0,0.328384,0.339066,0,0.66528,12.849,1,0.401208,0.36288,0,17.0178,5.55691,11.4225,0.84672,12.849,0.84672,3695.15,0,18.483,0,0.227405,1.59955,1.9578,1.50542,2.27933,0.42336,18.483,0.42336,0,0,442.007,0,0.437435,0,0,0.664839,0.227405,1.028160,1,0,13.7019,0,0,0,13.7019,0
56.781,1.85287,0,0,0.747032,0.0502914,0.36288,3.6288,55.2738,0.765097,0,0,0.403927,0.336965,0,0.66528,12.849,1,0.408361,0.36288,0,21.6558,5.55691,16.0534,0.84672,12.849,0.84672,3695.15,0,18.483,0,0.204422,1.59982,2.18678,1.50542,2.48561,0.42336,18.483,0.42336,0,0,442.007,0,0.615004,0,0,0.819426,0.204422,1.028160,1,0,18.539,0,0,0,18.539,0
55.1472,1.83602,0,0,0.614579,0.0495488,0.36288,3.6288,54.2078,1.02473,0,0,0.294173,0.335426,0,0.66528,12.849,1,0.415473,0.36288,0,19.84,5.55691,14.2305,0.84672,12.849,0.84672,3695.15,0,18.483,0,0.204422,1.6001,1.79107,1.50542,2.09018,0.42336,18.483,0.42336,0,0,442.007,0,0.355614,0,0,0.560036,0.204422,1.028160,1,0,16.3207,0,0,0,16.3207,0
53.8446,1.76175,0,0,0.885038,0.0630175,0.36288,3.6288,54.0298,0.394099,0,0,0.528877,0.312803,0,0.66528,12.849,1,0.410478,0.36288,0,22.6625,5.42435,17.1905,0.84672,12.849,0.84672,3695.15,0,18.483,0,0.204422,1.60038,3.03806,1.44308,3.39978,0.42336,18.483,0.42336,0,0,442.007,0,0.920056,0,0,1.12448,0.204422,1.028160,1,0,20.5903,0,0,0,20.5903,0
52.8131,1.74675,0,0,1.17559,0.0973972,0.36288,3.6288,53.5513,0.657779,0,0,0.44115,0.261814,0,0.66528,12.849,1,0.416828,0.36288,0,28.4752,5.09292,23.3283,0.84672,12.849,0.84672,3695.15,0,18.483,0,0.204422,1.53304,3.16498,1.28724,3.61521,0.42336,18.483,0.42336,0,0,442.007,0,0.656605,0,0,0.861028,0.204422,1.028160,1,0,26.9435,0,0,0,26.9435,0
51.5966,1.73459,0,0,0.977348,0.0963764,0.36288,3.6288,53.6271,0.286453,0,0,0.623081,0.260888,0,0.66528,12.849,1,0.422011,0.36288,0,26.304,5.09292,21.152,0.84672,12.849,0.84672,3695.15,0,18.483,0,0.489335,1.53331,3.58851,1.28724,4.32392,0.42336,18.483,0.42336,0,0,442.007,0,1.02816,0,0,1.5175,0.489335,1.028160,1,0,25.4759,0,0,0,25.4759,0
50.2475,1.71979,0,0,0.828706,0.0951724,0.36288,3.6288,52.975,0.729326,0,0,0.338279,0.261045,0,0.66528,12.849,1,0.428276,0.36288,0,26.2671,5.09292,21.1088,0.84672,12.849,0.84672,3695.15,0,18.483,0,0.216518,1.53358,2.65426,1.28724,3.11712,0.42336,18.483,0.42336,0,0,442.007,0,0.585516,0,0,0.802034,0.216518,1.028160,1,0,24.2259,0,0,0,24.2259,0
49.0739,1.65883,0,0,0.974177,0.126099,0.36288,3.6288,52.4389,0.648762,0,0,0.343686,0.230998,0,0.66528,12.849,1,0.424186,0.36288,0,26.4587,4.67766,21.7197,0.84672,12.849,0.84672,3695.15,0,18.483,0,0.216518,1.53385,2.77187,1.15745,3.36479,0.42336,18.483,0.42336,0,0,442.007,0,0.605802,0,0,0.822321,0.216518,1.028160,1,0,25.0845,0,0,0,25.0845,0
48.5597,1.64402,0,0,1.60548,0.112743,0.36288,3.6288,52.7247,0.226623,0,0,0.688289,0.175906,0,0.66528,12.849,1,0.430453,0.36288,0,29.6929,4.11294,25.5124,0.84672,12.849,0.84672,3695.15,0,18.483,0,0.269654,1.47398,4.11166,0.870264,4.98503,0.42336,18.483,0.42336,0,0,442.007,0,1.02816,0,0,1.29781,0.269654,1.028160,1,0,30.4974,0,0,0,30.4974,0
48.2943,1.63755,0,0,1.9225,0.187479,0.36288,3.6288,52.6824,0.386983,0,0,0.512685,0.16795,0,0.66528,12.849,1,0.433298,0.36288,0,35.2178,4.30542,30.8419,0.84672,12.849,0.84672,3695.15,0,18.483,0,0.216518,1.47424,3.86582,1.02116,4.53541,0.42336,18.483,0.42336,0,0,442.007,0,0.868018,0,0,1.08454,0.216518,1.028160,1,0,35.3773,0,0,0,35.3773,0
47.7439,1.63431,0,0,1.63371,0.186939,0.36288,3.6288,52.8628,0.22706,0,0,0.57537,0.167893,0,0.66528,12.849,1,0.434818,0.36288,0,28.7889,4.30542,24.4116,0.84672,12.849,0.84672,3695.15,0,18.483,0,0.301415,1.47449,4.29682,1.02116,5.05157,0.42336,18.483,0.42336,0,0,442.007,0,1.02816,0,0,1.32958,0.301415,1.028160,1,0,29.4631,0,0,0,29.4631,0
50.7225,1.50466,0,0,5.03194,0.18582,0.36288,3.6288,54.4348,0.101173,0,0,1.8413,0.168136,0,0.66528,12.849,1,0.404941,0.36288,0,99.7417,4.30542,95.3942,0.84672,12.849,0.84672,3695.15,0,18.483,0,3.22396,1.47475,10.2173,1.02116,13.8949,0.42336,18.483,0.42336,0,0,442.007,0,1.02816,0,0,4.25212,3.22396,1.028160,1,0,109.289,0,0,0,109.289,0
52.4498,1.54078,0,0,3.84007,0.209043,0.36288,3.6288,55.555,0.10137,0,0,1.37261,0.151054,0,0.66528,12.849,1,0.390309,0.36288,0,70.2268,3.88176,66.3176,0.84672,12.849,0.84672,3695.15,0,18.483,0,1.38137,1.33954,7.39447,0.934514,9.18088,0.42336,18.483,0.42336,0,0,442.007,0,1.02816,0,0,2.40953,1.38137,1.028160,1,0,75.4985,0,0,0,75.4985,0
53.355,1.56067,0,0,3.05471,0.225961,0.36288,3.6288,56.0988,0.101567,0,0,0.783069,0.137768,0,0.66528,12.849,1,0.382329,0.36288,0,57.7835,3.56401,54.2,0.84672,12.849,0.84672,3695.15,0,18.483,0,1.23653,1.33978,5.8293,0.869527,7.53608,0.42336,18.483,0.42336,0,0,442.007,0,1.02816,0,0,2.26469,1.23653,1.028160,1,0,61.7361,0,0,0,61.7361,0
55.4637,1.57091,0,0,4.27054,0.228069,0.36288,3.6288,56.896,0.101763,0,0,1.03727,0.138259,0,0.66528,12.849,1,0.378308,0.36288,0,65.6603,3.56401,62.0808,0.84672,12.849,0.84672,3695.15,0,18.483,0,1.83851,1.34001,9.2729,0.869527,11.5819,0.42336,18.483,0.42336,0,0,442.007,0,1.02816,0,0,2.86667,1.83851,1.028160,1,0,73.6627,0,0,0,73.6627,0
56.2034,1.5936,0,0,2.93368,0.237513,0.36288,3.6288,57.6273,0.10196,0,0,0.971015,0.137787,0,0.66528,12.849,1,0.369181,0.36288,0,73.2657,3.61488,69.6446,0.84672,12.849,0.84672,3695.15,0,18.483,0,1.46179,1.34024,5.53218,0.861554,7.47266,0.42336,18.483,0.42336,0,0,442.007,0,1.02816,0,0,2.48995,1.46179,1.028160,1,0,77.1172,0,0,0,77.1172,0
56.8618,1.60121,0,0,2.88436,0.261806,0.36288,3.6288,58.2649,0.10196,0,0,0.896858,0.157296,0,0.66528,12.849,1,0.366062,0.36288,0,63.4043,4.20243,59.1987,0.84672,12.849,0.84672,3695.15,0,18.483,0,1.25388,1.34048,5.80715,0.935069,7.46644,0.42336,18.483,0.42336,0,0,442.007,0,1.02816,0,0,2.28204,1.25388,1.028160,1,0,66.6651,0,0,0,66.6651,0
61.4116,1.65853,0,0,6.79719,0.226031,0.36288,3.6288,59.2068,0.138702,0,0,1.28522,0.204545,0,0.66528,12.849,1,0.374775,0.36288,0,93.8243,4.2105,89.602,0.84672,12.849,0.84672,3695.15,0,18.483,0,1.93178,1.34048,10.6088,0.99815,12.8829,0.42336,18.483,0.42336,0,0,442.007,0,1.02816,0,0,2.95994,1.93178,1.028160,1,0,102.485,0,0,0,102.485,0
68.5667,1.70364,0,0,9.45752,0.235864,0.36288,3.6288,60.3627,0.138897,0,0,1.50057,0.205787,0,0.66528,12.849,1,0.356449,0.36288,0,127.671,4.2105,123.467,0.84672,12.849,0.84672,3695.15,0,18.483,0,2.69732,1.38359,11.1857,0.99815,14.2684,0.42336,18.483,0.42336,0,0,442.007,0,1.02816,0,0,3.72548,2.69732,1.028160,1,0,137.735,0,0,0,137.735,0
71.501,1.76619,0,0,5.31312,0.249821,0.36288,3.6288,61.0496,0.139093,0,0,1.03323,0.20731,0,0.66528,12.849,1,0.330974,0.36288,0,66.1992,4.2105,62.0206,0.84672,12.849,0.84672,3695.15,0,18.483,0,1.42404,1.38382,8.15037,0.99815,9.96008,0.42336,18.483,0.42336,0,0,442.007,0,1.02816,0,0,2.4522,1.42404,1.028160,1,0,71.9807,0,0,0,71.9807,0
72.29,1.78952,0,0,4.07417,0.279832,1.21577,3.6288,61.308,0.139288,0,0,0.899675,0.208709,0.293231,0.66528,12.849,1,0.321584,1.21577,0,51.2264,4.14359,47.977,0.84672,12.849,0.84672,3695.15,0,18.483,0,1.17474,1.38405,7.00704,1.04376,8.52207,0.42336,18.483,0.42336,0,0,442.007,0,1.02816,0,0,2.2029,1.17474,1.028160,1,0,56.7923,0,0,0,56.7923,0
72.29,1.97095,0,0,4.62112,0.318496,2.33167,3.6288,61.308,0.276774,0,0,0.870964,0.220885,0.373305,0.66528,12.849,1,0.350322,2.33167,0,62.7131,4.64373,60.0507,0.84672,12.849,0.84672,3695.15,0,18.483,0,1.35578,1.38428,9.62626,1.39379,10.9725,0.42336,18.483,0.42336,0,0,442.007,0,1.02816,0,0,2.38394,1.35578,1.028160,1,0,71.3965,0,0,0,71.3965,0
72.29,1.97128,0,0,4.01644,0.334441,1.71072,3.6288,61.308,0.276992,0,0,0.951091,0.227137,0.446961,0.66528,12.849,1,0.350381,1.71072,0,91.6298,4.49535,88.4948,0.84672,12.849,0.84672,3695.15,0,18.483,0,1.56554,1.53764,9.46123,1.27737,11.287,0.42336,18.483,0.42336,0,0,442.007,0,1.02816,0,0,2.5937,1.56554,1.028160,1,0,100.229,0,0,0,100.229,0
72.29,1.97161,0,0,4.1229,0.344966,1.80632,3.6288,61.308,0.277211,0,0,1.25839,0.220522,0.760657,0.66528,12.849,1,0.350439,1.80632,0,65.2673,4.47332,62.2498,0.84672,12.849,0.84672,3695.15,0,18.483,0,2.04014,1.53789,8.96875,1.25993,11.2868,0.42336,18.483,0.42336,0,0,442.007,0,1.02816,0,0,3.0683,2.04014,1.028160,1,0,74.2973,0,0,0,74.2973,0
72.29,1.97194,0,0,5.83636,0.344966,3.51945,3.6288,61.308,0.27743,0,0,1.45371,0.220522,0.955754,0.66528,12.849,1,0.350498,3.51945,0,64.1319,4.47332,62.8275,0.84672,12.849,0.84672,3695.15,0,18.483,0,2.78109,1.53815,12.3008,1.25993,15.3601,0.42336,18.483,0.42336,0,0,442.007,0,1.02816,0,0,3.80925,2.78109,1.028160,1,0,79.1433,0,0,0,79.1433,0
72.29,1.72228,0,0,4.92341,0.296209,2.90492,3.6288,61.308,0.0932802,0,0,1.19649,0.212473,0.89074,0.66528,12.849,1,0.306121,2.90492,0,69.3999,4.16994,67.8288,0.84672,12.849,0.84672,3695.15,0,18.483,0,1.2074,1.53841,12.1216,1.02049,13.8469,0.42336,18.483,0.42336,0,0,442.007,0,1.02816,0,0,2.23556,1.2074,1.028160,1,0,82.5664,0,0,0,82.5664,0
72.29,1.72256,0,0,4.9301,0.276706,2.93083,3.6288,61.308,0.093468,0,0,1.44164,0.209253,1.13892,0.66528,12.849,1,0.306173,2.93083,0,88.471,4.04859,87.0471,0.84672,12.849,0.84672,3695.15,0,18.483,0,1.49887,1.32907,12.7196,0.924709,14.6229,0.42336,18.483,0.42336,0,0,442.007,0,1.02816,0,0,2.52703,1.49887,1.028160,1,0,102.809,0,0,0,102.809,0
72.29,1.72285,0,0,5.67435,0.276706,3.6748,3.6288,61.308,0.093656,0,0,1.50899,0.209253,1.20608,0.66528,12.849,1,0.306224,3.6748,0,68.974,4.04859,68.294,0.84672,12.849,0.84672,3695.15,0,18.483,0,1.18338,1.32929,11.5384,0.924709,13.1263,0.42336,18.483,0.42336,0,0,442.007,0,1.02816,0,0,2.21154,1.18338,1.028160,1,0,82.6264,0,0,0,82.6264,0
72.29,1.72314,0,0,4.86378,0.289576,2.85106,3.6288,61.308,0.093844,0,0,1.43084,0.19391,1.14309,0.66528,12.849,1,0.306275,2.85106,0,70.6139,4.06977,69.0889,0.84672,12.849,0.84672,3695.15,0,18.483,0,1.25052,1.32951,11.9461,0.886749,13.6394,0.42336,18.483,0.42336,0,0,442.007,0,1.02816,0,0,2.27868,1.25052,1.028160,1,0,83.8713,0,0,0,83.8713,0
72.29,1.72343,0,0,4.08015,0.301852,2.05487,3.6288,61.308,0.0940319,0,0,1.45562,0.192306,1.16928,0.66528,12.849,1,0.306327,2.05487,0,63.5515,4.28945,61.0106,0.84672,12.849,0.84672,3695.15,0,18.483,0,1.7983,1.32974,10.4987,0.903885,12.7229,0.42336,18.483,0.42336,0,0,442.007,0,1.02816,0,0,2.82646,1.7983,1.028160,1,0,74.9028,0,0,0,74.9028,0
72.29,1.7867,0,0,4.43007,0.308411,2.33495,3.6288,61.308,0.139361,0,0,1.48532,0.217062,1.1289,0.66528,12.849,1,0.317572,2.33495,0,59.7057,4.79892,56.9241,0.84672,12.849,0.84672,3695.15,0,18.483,0,1.63217,1.32996,8.99122,1.0179,10.9354,0.42336,18.483,0.42336,0,0,442.007,0,1.02816,0,0,2.66033,1.63217,1.028160,1,0,68.9885,0,0,0,68.9885,0
72.29,1.787,0,0,3.70591,0.308411,1.6105,3.6288,61.308,0.139557,0,0,1.24877,0.217062,0.892155,0.66528,12.849,1,0.317626,1.6105,0,52.0431,4.79892,48.5371,0.84672,12.849,0.84672,3695.15,0,18.483,0,1.35229,1.38198,8.4691,1.0179,10.1855,0.42336,18.483,0.42336,0,0,442.007,0,1.02816,0,0,2.38045,1.35229,1.028160,1,0,59.6147,0,0,0,59.6147,0
72.29,1.7873,0,0,3.89169,0.231433,1.87296,3.6288,61.308,0.139753,0,0,1.24728,0.193292,0.914234,0.66528,12.849,1,0.317679,1.87296,0,58.4788,3.5343,56.4998,0.84672,12.849,0.84672,3695.15,0,18.483,0,1.2167,1.38221,8.21906,0.87238,9.94559,0.42336,18.483,0.42336,0,0,442.007,0,1.02816,0,0,2.24486,1.2167,1.028160,1,0,67.3596,0,0,0,67.3596,0
72.29,1.7876,0,0,3.11228,0.231433,1.09325,3.6288,61.308,0.139948,0,0,1.0584,0.193292,0.72516,0.66528,12.849,1,0.317732,1.09325,0,47.0739,3.5343,44.3151,0.84672,12.849,0.84672,3695.15,0,18.483,0,1.00438,1.38244,7.34193,0.87238,8.85637,0.42336,18.483,0.42336,0,0,442.007,0,1.02816,0,0,2.03254,1.00438,1.028160,1,0,53.8967,0,0,0,53.8967,0
72.29,1.76326,0,0,2.73093,0.259078,0.708596,3.6288,61.308,0.335023,0,0,0.713206,0.206002,0.172181,0.66528,12.849,1,0.313406,0.708596,0,37.0471,3.93162,33.5107,0.84672,12.849,0.84672,3695.15,0,18.483,0,0.528595,1.38267,4.73483,0.889497,5.7566,0.42336,18.483,0.42336,0,0,442.007,0,0.815737,0,0,1.34433,0.528595,1.028160,1,0,39.4395,0,0,0,39.4395,0
72.0116,1.76355,0,0,2.10713,0.259078,0.36288,3.6288,61.1269,0.551691,0,0,0.576546,0.206002,0,0.66528,12.849,1,0.313458,0.36288,0,28.1726,3.93162,24.2904,0.84672,12.849,0.84672,3695.15,0,18.483,0,0.528595,1.36273,4.00144,0.889497,5.00327,0.42336,18.483,0.42336,0,0,442.007,0,0.599262,0,0,1.12786,0.528595,1.028160,1,0,29.2937,0,0,0,29.2937,0
71.5304,1.76179,0,0,1.90202,0.258531,0.36288,3.6288,61.1203,0.379179,0,0,0.578354,0.205766,0,0.66528,12.849,1,0.314355,0.36288,0,25.8535,3.93162,21.9704,0.84672,12.849,0.84672,3695.15,0,18.483,0,0.402797,1.36296,5.09353,0.889497,5.96979,0.42336,18.483,0.42336,0,0,442.007,0,0.771967,0,0,1.17476,0.402797,1.028160,1,0,27.9402,0,0,0,27.9402,0
72.0912,1.7585,0,0,2.93968,0.257585,0.36288,3.6288,61.308,0.19496,0,0,0.70642,0.205757,0.117965,0.66528,12.849,1,0.315879,0.36288,0,32.5073,3.93162,28.6227,0.84672,12.849,0.84672,3695.15,0,18.483,0,0.402797,1.36319,4.59467,0.889497,5.47116,0.42336,18.483,0.42336,0,0,442.007,0,0.956379,0,0,1.35918,0.402797,1.028160,1,0,34.2118,0,0,0,34.2118,0
71.7637,1.8466,0,0,2.09714,0.21511,0.36288,3.6288,61.2375,0.428154,0,0,0.570846,0.213144,0,0.66528,12.849,1,0.329124,0.36288,0,28.304,4.08972,24.2481,0.84672,12.849,0.84672,3695.15,0,18.483,0,0.402797,1.36341,3.81786,0.893161,4.69091,0.42336,18.483,0.42336,0,0,442.007,0,0.785635,0,0,1.18843,0.402797,1.028160,1,0,28.939,0,0,0,28.939,0
71.4332,1.84436,0,0,2.08523,0.208506,0.36288,3.6288,61.1132,0.469675,0,0,0.557461,0.212158,0,0.66528,12.849,1,0.330225,0.36288,0,26.2685,4.01867,22.2824,0.84672,12.849,0.84672,3695.15,0,18.483,0,0.402797,1.43423,3.84408,0.931013,4.75009,0.42336,18.483,0.42336,0,0,442.007,0,0.744319,0,0,1.14712,0.402797,1.028160,1,0,27.0325,0,0,0,27.0325,0
70.9985,1.84208,0,0,1.97825,0.207981,0.36288,3.6288,61.0258,0.417113,0,0,0.541717,0.211991,0,0.66528,12.849,1,0.331343,0.36288,0,24.6723,4.01867,20.6852,0.84672,12.849,0.84672,3695.15,0,18.483,0,0.30119,1.43447,3.5541,0.931013,4.35874,0.42336,18.483,0.42336,0,0,442.007,0,0.797083,0,0,1.09827,0.30119,1.028160,1,0,25.0439,0,0,0,25.0439,0
70.4469,1.83895,0,0,1.84766,0.197452,0.36288,3.6288,60.836,0.478756,0,0,0.509267,0.220278,0,0.66528,12.849,1,0.332806,0.36288,0,22.939,4.21341,18.7557,0.84672,12.849,0.84672,3695.15,0,18.483,0,0.30119,1.43471,3.44679,0.95866,4.22403,0.42336,18.483,0.42336,0,0,442.007,0,0.735644,0,0,1.03683,0.30119,1.028160,1,0,22.9797,0,0,0,22.9797,0
69.787,1.83486,0,0,1.68051,0.142635,0.36288,3.6288,60.5729,0.48626,0,0,0.482612,0.259428,0,0.66528,12.849,1,0.334666,0.36288,0,21.655,5.0568,16.6264,0.84672,12.849,0.84672,3695.15,0,18.483,0,0.30119,1.43495,3.14439,1.11774,3.76279,0.42336,18.483,0.42336,0,0,442.007,0,0.728343,0,0,1.02953,0.30119,1.028160,1,0,20.3892,0,0,0,20.3892,0
68.8842,1.81346,0,0,1.42734,0.15385,0.36288,3.6288,60.1942,0.598505,0,0,0.451483,0.231674,0,0.66528,12.849,1,0.333889,0.36288,0,20.627,4.2441,16.4119,0.84672,12.849,0.84672,3695.15,0,18.483,0,0.30119,1.43519,2.74178,1.10072,3.37744,0.42336,18.483,0.42336,0,0,442.007,0,0.650549,0,0,0.951739,0.30119,1.028160,1,0,19.7893,0,0,0,19.7893,0
67.8602,1.80642,0,0,1.29808,0.152776,0.36288,3.6288,59.8323,0.571127,0,0,0.440249,0.231116,0,0.66528,12.849,1,0.336953,0.36288,0,20.2232,4.2441,16.005,0.84672,12.849,0.84672,3695.15,0,18.483,0,0.261274,1.45744,2.62713,1.10072,3.24512,0.42336,18.483,0.42336,0,0,442.007,0,0.678136,0,0,0.93941,0.261274,1.028160,1,0,19.2502,0,0,0,19.2502,0
66.7257,1.79824,0,0,1.1782,0.151557,0.36288,3.6288,59.3374,0.677289,0,0,0.413024,0.230584,0,0.66528,12.849,1,0.340489,0.36288,0,18.0205,4.2441,13.7988,0.84672,12.849,0.84672,3695.15,0,18.483,0,0.261274,1.45768,2.5414,1.10072,3.15963,0.42336,18.483,0.42336,0,0,442.007,0,0.572184,0,0,0.833458,0.261274,1.028160,1,0,16.9585,0,0,0,16.9585,0
65.5734,1.78894,0,0,1.11782,0.118292,0.36288,3.6288,58.7449,0.674241,0,0,0.387424,0.305682,0,0.66528,12.849,1,0.344486,0.36288,0,16.2093,5.23215,10.9956,0.84672,12.849,0.84672,3695.15,0,18.483,0,0.261274,1.45793,2.40851,1.46137,2.66634,0.42336,18.483,0.42336,0,0,442.007,0,0.575441,0,0,0.836715,0.261274,1.028160,1,0,13.6619,0,0,0,13.6619,0
64.4261,1.82077,0,0,1.15139,0.115089,0.36288,3.6288,58.2205,0.691393,0,0,0.477732,0.31076,0,0.66528,12.849,1,0.356777,0.36288,0,16.2334,5.87907,10.3604,0.84672,12.849,0.84672,3695.15,0,18.483,0,0.261274,1.45817,2.54426,1.46245,2.80126,0.42336,18.483,0.42336,0,0,442.007,0,0.589041,0,0,0.850314,0.261274,1.028160,1,0,13.1616,0,0,0,13.1616,0
63.3073,1.81065,0,0,1.16847,0.113683,0.36288,3.6288,57.7765,0.592231,0,0,0.458977,0.310749,0,0.66528,12.849,1,0.361112,0.36288,0,21.3649,5.98689,15.3798,0.84672,12.849,0.84672,3695.15,0,18.483,0,0.261274,1.49351,2.83435,1.46262,3.12651,0.42336,18.483,0.42336,0,0,442.007,0,0.688418,0,0,0.949692,0.261274,1.028160,1,0,18.5063,0,0,0,18.5063,0
62.1253,1.80054,0,0,1.0941,0.112657,0.36288,3.6288,57.3173,0.576194,0,0,0.426832,0.30986,0,0.66528,12.849,1,0.365442,0.36288,0,17.1539,5.98689,11.1644,0.84672,12.849,0.84672,3695.15,0,18.483,0,0.227405,1.49376,2.55494,1.46262,2.81349,0.42336,18.483,0.42336,0,0,442.007,0,0.70467,0,0,0.932075,0.227405,1.028160,1,0,13.9779,0,0,0,13.9779,0
60.8574,1.78957,0,0,0.99614,0.111573,0.36288,3.6288,56.6937,0.719824,0,0,0.405219,0.308939,0,0.66528,12.849,1,0.370126,0.36288,0,15.6336,5.98689,9.63942,0.84672,12.849,0.84672,3695.15,0,18.483,0,0.227405,1.49401,2.38321,1.46262,2.642,0.42336,18.483,0.42336,0,0,442.007,0,0.561254,0,0,0.788659,0.227405,1.028160,1,0,12.2814,0,0,0,12.2814,0
59.6775,1.89617,0,0,1.17806,0.0989157,0.36288,3.6288,56.2927,0.563808,0,0,0.490831,0.328064,0,0.66528,12.849,1,0.400343,0.36288,0,17.3089,6.58716,10.6842,0.84672,12.849,0.84672,3695.15,0,18.483,0,0.227405,1.49426,3.60164,1.46259,3.86072,0.42336,18.483,0.42336,0,0,442.007,0,0.827798,0,0,1.0552,0.227405,1.028160,1,0,14.5449,0,0,0,14.5449,0
58.5653,1.88383,0,0,1.23785,0.103377,0.36288,3.6288,55.7478,0.6887,0,0,0.486473,0.342599,0,0.66528,12.849,1,0.405601,0.36288,0,19.5583,7.03857,12.477,0.84672,12.849,0.84672,3695.15,0,18.483,0,0.227405,1.61344,3.27334,1.39282,3.72136,0.42336,18.483,0.42336,0,0,442.007,0,0.70314,0,0,0.930545,0.227405,1.028160,1,0,16.1984,0,0,0,16.1984,0
57.2476,1.8719,0,0,1.01935,0.102274,0.36288,3.6288,55.0556,0.774253,0,0,0.423411,0.34138,0,0.66528,12.849,1,0.410688,0.36288,0,24.2805,7.03857,17.1941,0.84672,12.849,0.84672,3695.15,0,18.483,0,0.204422,1.61371,2.92034,1.39282,3.34565,0.42336,18.483,0.42336,0,0,442.007,0,0.61782,0,0,0.822243,0.204422,1.028160,1,0,20.5397,0,0,0,20.5397,0
56.0541,1.85732,0,0,1.12767,0.100967,0.36288,3.6288,54.7771,0.52035,0,0,0.581629,0.339832,0,0.66528,12.849,1,0.416868,0.36288,0,20.817,7.03857,13.7245,0.84672,12.849,0.84672,3695.15,0,18.483,0,0.204422,1.61398,3.48985,1.39282,3.91543,0.42336,18.483,0.42336,0,0,442.007,0,0.871957,0,0,1.07638,0.204422,1.028160,1,0,17.6399,0,0,0,17.6399,0
54.8206,1.84374,0,0,1.08104,0.107875,0.36288,3.6288,54.329,0.592226,0,0,0.470532,0.326382,0,0.66528,12.849,1,0.422632,0.36288,0,22.5853,6.68002,15.8455,0.84672,12.849,0.84672,3695.15,0,18.483,0,0.204422,1.61425,3.98761,1.31329,4.493,0.42336,18.483,0.42336,0,0,442.007,0,0.800315,0,0,1.00474,0.204422,1.028160,1,0,20.3385,0,0,0,20.3385,0
53.8083,1.77348,0,0,1.27087,0.14686,0.36288,3.6288,54.0956,0.506379,0,0,0.567832,0.294817,0,0.66528,12.849,1,0.415673,0.36288,0,28.6672,5.82267,22.7917,0.84672,12.849,0.84672,3695.15,0,18.483,0,0.204422,1.61453,4.12643,1.33976,4.60562,0.42336,18.483,0.42336,0,0,442.007,0,0.819383,0,0,1.02381,0.204422,1.028160,1,0,27.3973,0,0,0,27.3973,0
52.71,1.76172,0,0,1.17164,0.145364,0.36288,3.6288,53.6343,0.603076,0,0,0.43612,0.294362,0,0.66528,12.849,1,0.420686,0.36288,0,29.2474,5.82267,23.367,0.84672,12.849,0.84672,3695.15,0,18.483,0,0.216518,1.54658,3.49536,1.33976,3.91871,0.42336,18.483,0.42336,0,0,442.007,0,0.722909,0,0,0.939427,0.216518,1.028160,1,0,27.2857,0,0,0,27.2857,0
51.4308,1.74861,0,0,1.01713,0.184773,0.36288,3.6288,53.0677,0.702269,0,0,0.39893,0.263237,0,0.66528,12.849,1,0.426255,0.36288,0,20.8032,5.31862,15.4212,0.84672,12.849,0.84672,3695.15,0,18.483,0,0.216518,1.54684,5.09925,1.20898,5.65363,0.42336,18.483,0.42336,0,0,442.007,0,0.623938,0,0,0.840456,0.216518,1.028160,1,0,21.0748,0,0,0,21.0748,0
51.3705,1.73284,0,0,2.15499,0.119621,0.36288,3.6288,52.9185,0.389611,0,0,0.54478,0.304394,0,0.66528,12.849,1,0.432916,0.36288,0,22.4775,6.22503,16.1824,0.84672,12.849,0.84672,3695.15,0,18.483,0,0.216518,1.5471,8.55824,1.21434,9.10752,0.42336,18.483,0.42336,0,0,442.007,0,0.936818,0,0,1.15334,0.216518,1.028160,1,0,25.2899,0,0,0,25.2899,0
54.2413,1.68761,0,0,5.10125,0.179949,0.36288,3.6288,53.2873,0.237453,0,0,0.835039,0.228816,0,0.66528,12.849,1,0.422111,0.36288,0,51.8129,4.58955,47.1641,0.84672,12.849,0.84672,3695.15,0,18.483,0,1.21104,1.54736,10.8041,1.18987,12.3726,0.42336,18.483,0.42336,0,0,442.007,0,1.02816,0,0,2.2392,1.21104,1.028160,1,0,59.5367,0,0,0,59.5367,0
55.9162,1.72243,0,0,3.95232,0.192065,0.36288,3.6288,54.0897,0.237665,0,0,1.26166,0.221553,0,0.66528,12.849,1,0.408019,0.36288,0,72.2546,4.19055,68.0189,0.84672,12.849,0.84672,3695.15,0,18.483,0,1.67634,1.48696,9.97885,1.2595,11.8827,0.42336,18.483,0.42336,0,0,442.007,0,1.02816,0,0,2.7045,1.67634,1.028160,1,0,79.9016,0,0,0,79.9016,0
57.6148,1.74182,0,0,4.00307,0.199856,0.36288,3.6288,54.649,0.237877,0,0,1.02151,0.224363,0,0.66528,12.849,1,0.400253,0.36288,0,55.1769,4.07208,51.0675,0.84672,12.849,0.84672,3695.15,0,18.483,0,1.96747,1.48721,12.3739,1.2343,14.5943,0.42336,18.483,0.42336,0,0,442.007,0,1.02816,0,0,2.99563,1.96747,1.028160,1,0,65.6618,0,0,0,65.6618,0
60.3041,1.76075,0,0,5.04386,0.230907,0.36288,3.6288,55.8843,0.23809,0,0,1.7074,0.234029,0,0.66528,12.849,1,0.392676,0.36288,0,102.965,3.36126,99.5744,0.84672,12.849,0.84672,3695.15,0,18.483,0,2.26247,1.48746,12.389,1.08311,15.0558,0.42336,18.483,0.42336,0,0,442.007,0,1.02816,0,0,3.29063,2.26247,1.028160,1,0,114.63,0,0,0,114.63,0
64.2348,1.65441,0,0,6.19567,0.247666,0.36288,3.6288,56.8659,0.11109,0,0,1.31136,0.218679,0,0.66528,12.849,1,0.352506,0.36288,0,107.19,3.93114,103.27,0.84672,12.849,0.84672,3695.15,0,18.483,0,2.50546,1.48771,13.1203,1.10617,16.0073,0.42336,18.483,0.42336,0,0,442.007,0,1.02816,0,0,3.53362,2.50546,1.028160,1,0,119.277,0,0,0,119.277,0
63.8105,1.69005,0,0,1.89916,0.270502,0.36288,3.6288,57.9836,0.111282,0,0,1.42599,0.196927,0,0.66528,12.849,1,0.338064,0.36288,0,103.818,4.69098,99.1521,0.84672,12.849,0.84672,3695.15,0,18.483,0,1.40475,1.35131,7.49701,1.13691,9.11616,0.42336,18.483,0.42336,0,0,442.007,0,1.02816,0,0,2.43291,1.40475,1.028160,1,0,108.268,0,0,0,108.268,0
64.1114,1.68666,0,0,2.61997,0.269575,0.36288,3.6288,59.3397,0.111473,0,0,1.66585,0.198359,0,0.66528,12.849,1,0.339628,0.36288,0,92.7625,4.69098,88.0948,0.84672,12.849,0.84672,3695.15,0,18.483,0,2.34931,1.35153,8.36145,1.13691,10.9254,0.42336,18.483,0.42336,0,0,442.007,0,1.02816,0,0,3.37747,2.34931,1.028160,1,0,99.0202,0,0,0,99.0202,0
65.4825,1.68955,0,0,3.6938,0.270233,0.36288,3.6288,60.6982,0.111664,0,0,1.67031,0.200096,0,0.66528,12.849,1,0.338614,0.36288,0,111.553,4.69098,106.886,0.84672,12.849,0.84672,3695.15,0,18.483,0,2.30659,1.35176,8.85246,1.13691,11.3739,0.42336,18.483,0.42336,0,0,442.007,0,1.02816,0,0,3.33475,2.30659,1.028160,1,0,118.26,0,0,0,118.26,0
67.0301,1.70153,0,0,3.89701,0.28496,0.36288,3.6288,61.308,0.111855,0,0,2.19002,0.191577,1.27681,0.66528,12.849,1,0.333875,0.36288,0,111.507,3.9796,107.556,0.84672,12.849,0.84672,3695.15,0,18.483,0,1.93378,1.35199,10.3109,1.0841,12.5126,0.42336,18.483,0.42336,0,0,442.007,0,1.02816,0,0,2.96194,1.93378,1.028160,1,0,121.346,0,0,0,121.346,0
67.3682,1.76834,0,0,2.77221,0.302902,0.36288,3.6288,61.308,0.148911,0,0,0.725649,0.171402,0.405336,0.66528,12.849,1,0.338972,0.36288,0,90.3286,3.55383,86.7987,0.84672,12.849,0.84672,3695.15,0,18.483,0,1.2207,1.35221,4.72328,0.914819,6.38138,0.42336,18.483,0.42336,0,0,442.007,0,1.02816,0,0,2.24886,1.2207,1.028160,1,0,93.5854,0,0,0,93.5854,0
71.1134,1.77145,0,0,6.18318,0.303711,0.36288,3.6288,61.308,0.149101,0,0,0.960647,0.171402,0.640144,0.66528,12.849,1,0.337866,0.36288,0,99.7289,3.55383,96.2001,0.84672,12.849,0.84672,3695.15,0,18.483,0,2.11172,1.39569,7.47009,0.914819,10.0627,0.42336,18.483,0.42336,0,0,442.007,0,1.02816,0,0,3.13988,2.11172,1.028160,1,0,106.903,0,0,0,106.903,0
72.29,1.80186,0,0,9.09906,0.268709,5.85187,3.6288,61.308,0.149291,0,0,1.20465,0.153976,0.901383,0.66528,12.849,1,0.325567,5.85187,0,159.037,3.35568,161.208,0.84672,12.849,0.84672,3695.15,0,18.483,0,2.74695,1.39592,10.7468,0.897528,13.9921,0.42336,18.483,0.42336,0,0,442.007,0,1.02816,0,0,3.77511,2.74695,1.028160,1,0,176.101,0,0,0,176.101,0
72.29,1.81117,0,0,6.47784,0.253384,4.41329,3.6288,61.308,0.14948,0,0,1.17611,0.147006,0.879625,0.66528,12.849,1,0.321922,4.41329,0,207.748,3.27642,208.563,0.84672,12.849,0.84672,3695.15,0,18.483,0,2.42916,1.39614,10.8054,0.890611,13.7401,0.42336,18.483,0.42336,0,0,442.007,0,1.02816,0,0,3.45732,2.42916,1.028160,1,0,223.183,0,0,0,223.183,0
72.29,1.98815,0,0,5.97261,0.266404,3.71806,3.6288,61.308,0.288158,0,0,1.67078,0.166033,1.21659,0.66528,12.849,1,0.353378,3.71806,0,163.997,3.59811,163.763,0.84672,12.849,0.84672,3695.15,0,18.483,0,3.83565,1.39637,14.1533,0.989518,18.3958,0.42336,18.483,0.42336,0,0,442.007,0,1.02816,0,0,4.86381,3.83565,1.028160,1,0,183.376,0,0,0,183.376,0
72.29,1.98847,0,0,7.03266,0.304676,4.73951,3.6288,61.308,0.28837,0,0,1.64748,0.181,1.17811,0.66528,12.849,1,0.353435,4.73951,0,205.652,3.76131,206.277,0.84672,12.849,0.84672,3695.15,0,18.483,0,3.40184,1.55105,13.5041,1.11691,17.3401,0.42336,18.483,0.42336,0,0,442.007,0,1.02816,0,0,4.43,3.40184,1.028160,1,0,224.795,0,0,0,224.795,0
72.29,1.98879,0,0,4.72066,0.304676,2.4272,3.6288,61.308,0.288582,0,0,1.06978,0.181,0.600196,0.66528,12.849,1,0.353492,2.4272,0,134.876,3.76131,133.189,0.84672,12.849,0.84672,3695.15,0,18.483,0,1.92992,1.5513,8.29155,1.11691,10.6559,0.42336,18.483,0.42336,0,0,442.007,0,1.02816,0,0,2.95808,1.92992,1.028160,1,0,144.445,0,0,0,144.445,0
72.29,1.98911,0,0,5.25859,0.304676,2.9648,3.6288,61.308,0.288795,0,0,0.975974,0.181,0.506179,0.66528,12.849,1,0.353549,2.9648,0,114.591,3.76131,113.441,0.84672,12.849,0.84672,3695.15,0,18.483,0,1.59216,1.55155,6.45615,1.11691,8.48295,0.42336,18.483,0.42336,0,0,442.007,0,1.02816,0,0,2.62032,1.59216,1.028160,1,0,122.43,0,0,0,122.43,0
72.29,1.73726,0,0,6.1215,0.331441,4.0528,3.6288,61.308,0.103035,0,0,2.35516,0.210766,2.04136,0.66528,12.849,1,0.308784,4.0528,0,200.015,3.93623,199.823,0.84672,12.849,0.84672,3695.15,0,18.483,0,3.27503,1.5518,11.9643,1.116,15.6752,0.42336,18.483,0.42336,0,0,442.007,0,1.02816,0,0,4.30319,3.27503,1.028160,1,0,217.539,0,0,0,217.539,0
72.29,1.73754,0,0,7.09327,0.346636,5.00909,3.6288,61.308,0.103217,0,0,3.27702,0.244603,2.9292,0.66528,12.849,1,0.308834,5.00909,0,233.902,4.22037,234.382,0.84672,12.849,0.84672,3695.15,0,18.483,0,4.57584,1.34063,16.5181,1.14789,21.2867,0.42336,18.483,0.42336,0,0,442.007,0,1.02816,0,0,5.604,4.57584,1.028160,1,0,258.598,0,0,0,258.598,0
72.29,1.73782,0,0,6.10058,0.346636,4.01613,3.6288,61.308,0.1034,0,0,2.48866,0.244603,2.14065,0.66528,12.849,1,0.308884,4.01613,0,243.213,4.22037,242.7,0.84672,12.849,0.84672,3695.15,0,18.483,0,3.67253,1.34084,13.8383,1.14789,17.7038,0.42336,18.483,0.42336,0,0,442.007,0,1.02816,0,0,4.70069,3.67253,1.028160,1,0,262.545,0,0,0,262.545,0
72.29,1.7381,0,0,5.53548,0.341862,3.45552,3.6288,61.308,0.103582,0,0,1.98456,0.224157,1.65683,0.66528,12.849,1,0.308934,3.45552,0,176.821,4.23345,175.734,0.84672,12.849,0.84672,3695.15,0,18.483,0,3.01738,1.34106,11.3622,1.08768,14.633,0.42336,18.483,0.42336,0,0,442.007,0,1.02816,0,0,4.04554,3.01738,1.028160,1,0,192.024,0,0,0,192.024,0
72.29,1.73838,0,0,6.71873,0.316716,4.66364,3.6288,61.308,0.103765,0,0,3.0568,0.206592,2.74644,0.66528,12.849,1,0.308983,4.66364,0,198.685,4.08437,198.955,0.84672,12.849,0.84672,3695.15,0,18.483,0,4.58767,1.34128,14.486,1.01406,19.4009,0.42336,18.483,0.42336,0,0,442.007,0,1.02816,0,0,5.61583,4.58767,1.028160,1,0,221.102,0,0,0,221.102,0
72.29,1.80218,0,0,5.30715,0.31417,3.1908,3.6288,61.308,0.14948,0,0,3.58868,0.222265,3.21694,0.66528,12.849,1,0.320325,3.1908,0,204.163,3.71545,203.318,0.84672,12.849,0.84672,3695.15,0,18.483,0,5.60212,1.34149,12.487,0.995821,18.4348,0.42336,18.483,0.42336,0,0,442.007,0,1.02816,0,0,6.63028,5.60212,1.028160,1,0,224.97,0,0,0,224.97,0
72.29,1.80248,0,0,5.34155,0.325019,3.21406,3.6288,61.308,0.14967,0,0,3.30216,0.224132,2.92835,0.66528,12.849,1,0.320376,3.21406,0,194.492,3.80814,193.577,0.84672,12.849,0.84672,3695.15,0,18.483,0,4.87502,1.39395,11.474,1.00828,16.7347,0.42336,18.483,0.42336,0,0,442.007,0,1.02816,0,0,5.90318,4.87502,1.028160,1,0,213.24,0,0,0,213.24,0
72.29,1.80277,0,0,7.51081,0.325019,5.38303,3.6288,61.308,0.149859,0,0,5.05813,0.224132,4.68414,0.66528,12.849,1,0.320428,5.38303,0,200.35,3.80814,201.605,0.84672,12.849,0.84672,3695.15,0,18.483,0,9.40349,1.39418,20.7106,1.00828,30.5,0.42336,18.483,0.42336,0,0,442.007,0,1.02816,0,0,10.4317,9.40349,1.028160,1,0,236.789,0,0,0,236.789,0
72.29,1.80306,0,0,5.50186,0.298235,3.40056,3.6288,61.308,0.150049,0,0,4.19088,0.238405,3.80243,0.66528,12.849,1,0.32048,3.40056,0,246.448,3.98265,245.546,0.84672,12.849,0.84672,3695.15,0,18.483,0,6.14676,1.3944,13.1298,1.04264,19.6283,0.42336,18.483,0.42336,0,0,442.007,0,1.02816,0,0,7.17492,6.14676,1.028160,1,0,268.976,0,0,0,268.976,0
72.29,1.77849,0,0,4.34003,0.259488,2.30205,3.6288,61.308,0.132544,0,0,1.72708,0.211013,1.38352,0.66528,12.849,1,0.316114,2.30205,0,174.036,4.05099,171.971,0.84672,12.849,0.84672,3695.15,0,18.483,0,3.46032,1.39463,9.1247,1.02721,12.9524,0.42336,18.483,0.42336,0,0,442.007,0,1.02816,0,0,4.48848,3.46032,1.028160,1,0,186.307,0,0,0,186.307,0
72.29,1.77878,0,0,3.81771,0.258982,1.77995,3.6288,61.308,0.132731,0,0,1.63519,0.203276,1.29918,0.66528,12.849,1,0.316165,1.77995,0,136.922,4.0236,134.362,0.84672,12.849,0.84672,3695.15,0,18.483,0,3.47531,1.3745,9.42434,1.01701,13.2571,0.42336,18.483,0.42336,0,0,442.007,0,1.02816,0,0,4.50347,3.47531,1.028160,1,0,148.918,0,0,0,148.918,0
72.29,1.77907,0,0,4.61586,0.258982,2.57781,3.6288,61.308,0.132918,0,0,1.8847,0.203276,1.54851,0.66528,12.849,1,0.316216,2.57781,0,164.902,4.0236,163.14,0.84672,12.849,0.84672,3695.15,0,18.483,0,4.08593,1.37473,11.8992,1.01701,16.3428,0.42336,18.483,0.42336,0,0,442.007,0,1.02816,0,0,5.11409,4.08593,1.028160,1,0,181.032,0,0,0,181.032,0
72.29,1.77935,0,0,3.43968,0.22065,1.43968,3.6288,61.308,0.133105,0,0,1.66958,0.178409,1.35807,0.66528,12.849,1,0.316267,1.43968,0,130.539,4.01363,127.649,0.84672,12.849,0.84672,3695.15,0,18.483,0,3.55526,1.37495,9.06517,1.11352,12.8819,0.42336,18.483,0.42336,0,0,442.007,0,1.02816,0,0,4.58342,3.55526,1.028160,1,0,141.889,0,0,0,141.889,0
72.29,1.86406,0,0,3.40701,0.187798,1.35515,3.6288,61.308,0.196087,0,0,1.51926,0.190135,1.13304,0.66528,12.849,1,0.331323,1.35515,0,120.877,4.02786,117.873,0.84672,12.849,0.84672,3695.15,0,18.483,0,3.37835,1.37517,8.33069,1.07082,12.0134,0.42336,18.483,0.42336,0,0,442.007,0,1.02816,0,0,4.40651,3.37835,1.028160,1,0,131.019,0,0,0,131.019,0
72.29,1.86436,0,0,3.36354,0.164438,1.33474,3.6288,61.308,0.196285,0,0,1.3211,0.219033,0.905782,0.66528,12.849,1,0.331376,1.33474,0,107.23,4.05216,104.181,0.84672,12.849,0.84672,3695.15,0,18.483,0,3.21462,1.44658,7.65573,0.962422,11.3545,0.42336,18.483,0.42336,0,0,442.007,0,1.02816,0,0,4.24278,3.21462,1.028160,1,0,116.442,0,0,0,116.442,0
72.29,1.86466,0,0,3.00376,0.164438,0.974655,3.6288,61.308,0.196482,0,0,1.22933,0.219033,0.81381,0.66528,12.849,1,0.33143,0.974655,0,92.9474,4.05216,89.5385,0.84672,12.849,0.84672,3695.15,0,18.483,0,2.92181,1.44682,7.45174,0.962422,10.8579,0.42336,18.483,0.42336,0,0,442.007,0,1.02816,0,0,3.94997,2.92181,1.028160,1,0,101.21,0,0,0,101.21,0
72.29,1.86496,0,0,2.72699,0.166552,0.695475,3.6288,61.308,0.19668,0,0,1.15315,0.211697,0.74477,0.66528,12.849,1,0.331483,0.695475,0,94.2667,3.88656,90.7442,0.84672,12.849,0.84672,3695.15,0,18.483,0,2.67623,1.44705,7.10346,0.963279,10.2635,0.42336,18.483,0.42336,0,0,442.007,0,1.02816,0,0,3.70439,2.67623,1.028160,1,0,101.752,0,0,0,101.752,0
72.29,1.86526,0,0,2.71997,0.136754,0.717948,3.6288,61.308,0.196877,0,0,1.21392,0.217094,0.799949,0.66528,12.849,1,0.331537,0.717948,0,84.5286,3.62626,81.2887,0.84672,12.849,0.84672,3695.15,0,18.483,0,2.48041,1.44728,7.25017,1.10475,10.0731,0.42336,18.483,0.42336,0,0,442.007,0,1.02816,0,0,3.50857,2.48041,1.028160,1,0,92.1618,0,0,0,92.1618,0
72.29,1.84886,0,0,3.53619,0.11319,1.57414,3.6288,61.308,0.231615,0,0,1.73734,0.245245,1.26048,0.66528,12.849,1,0.32862,1.57414,0,83.1997,5.05564,79.3896,0.84672,12.849,0.84672,3695.15,0,18.483,0,2.35615,1.44752,10.1109,1.15541,12.7591,0.42336,18.483,0.42336,0,0,442.007,0,1.02816,0,0,3.38431,2.35615,1.028160,1,0,93.4092,0,0,0,93.4092,0
72.29,1.84916,0,0,3.34542,0.11319,1.38307,3.6288,61.308,0.231819,0,0,1.69632,0.245245,1.21925,0.66528,12.849,1,0.328673,1.38307,0,80.6985,5.05564,76.6972,0.84672,12.849,0.84672,3695.15,0,18.483,0,2.13147,1.46995,9.23538,1.15541,11.6814,0.42336,18.483,0.42336,0,0,442.007,0,1.02816,0,0,3.15963,2.13147,1.028160,1,0,89.5979,0,0,0,89.5979,0
72.29,1.84945,0,0,3.18452,0.103621,1.23145,3.6288,61.308,0.232022,0,0,1.6377,0.26079,1.14489,0.66528,12.849,1,0.328726,1.23145,0,77.4636,5.27282,73.0936,0.84672,12.849,0.84672,3695.15,0,18.483,0,2.09798,1.47019,8.89635,1.22891,11.2356,0.42336,18.483,0.42336,0,0,442.007,0,1.02816,0,0,3.12614,2.09798,1.028160,1,0,85.474,0,0,0,85.474,0
72.29,1.84975,0,0,3.00452,0.089555,1.06521,3.6288,61.308,0.232225,0,0,1.57996,0.280718,1.06702,0.66528,12.849,1,0.328779,1.06521,0,73.3769,5.83404,68.2793,0.84672,12.849,0.84672,3695.15,0,18.483,0,2.18803,1.47042,8.8242,1.36726,11.1154,0.42336,18.483,0.42336,0,0,442.007,0,1.02816,0,0,3.21619,2.18803,1.028160,1,0,80.4617,0,0,0,80.4617,0
72.29,1.89323,0,0,2.77199,0.0824225,0.796339,3.6288,61.308,0.263232,0,0,1.34484,0.292193,0.789417,0.66528,12.849,1,0.336507,0.796339,0,63.04,5.65949,57.8404,0.84672,12.849,0.84672,3695.15,0,18.483,0,1.72853,1.47066,7.11115,1.42144,8.8889,0.42336,18.483,0.42336,0,0,442.007,0,1.02816,0,0,2.75669,1.72853,1.028160,1,0,67.5187,0,0,0,67.5187,0
72.29,1.89353,0,0,2.85471,0.0779924,0.883183,3.6288,61.308,0.26344,0,0,1.32792,0.299812,0.764664,0.66528,12.849,1,0.336561,0.883183,0,79.3765,5.58673,74.3364,0.84672,12.849,0.84672,3695.15,0,18.483,0,2.11615,1.50629,7.44932,1.45037,9.6214,0.42336,18.483,0.42336,0,0,442.007,0,1.02816,0,0,3.14431,2.11615,1.028160,1,0,84.7225,0,0,0,84.7225,0
72.29,1.89384,0,0,2.66244,0.0779924,0.690612,3.6288,61.308,0.263649,0,0,1.17618,0.299812,0.61272,0.66528,12.849,1,0.336615,0.690612,0,62.7929,5.58673,57.5602,0.84672,12.849,0.84672,3695.15,0,18.483,0,2.07564,1.50654,6.79959,1.45037,8.9314,0.42336,18.483,0.42336,0,0,442.007,0,1.02816,0,0,3.1038,2.07564,1.028160,1,0,67.1043,0,0,0,67.1043,0
72.29,1.89414,0,0,2.42174,0.0779924,0.449604,3.6288,61.308,0.263857,0,0,1.10481,0.299812,0.541136,0.66528,12.849,1,0.33667,0.449604,0,57.7407,5.58673,52.2669,0.84672,12.849,0.84672,3695.15,0,18.483,0,1.58992,1.50678,6.22287,1.45037,7.8692,0.42336,18.483,0.42336,0,0,442.007,0,1.02816,0,0,2.61808,1.58992,1.028160,1,0,60.6772,0,0,0,60.6772,0
72.29,2.02097,0,0,2.74843,0.0705984,0.656857,3.6288,61.308,0.375321,0,0,1.35321,0.321377,0.656508,0.66528,12.849,1,0.359212,0.656857,0,60.9595,5.78942,55.4677,0.84672,12.849,0.84672,3695.15,0,18.483,0,2.20587,1.50702,8.07379,1.44992,10.3368,0.42336,18.483,0.42336,0,0,442.007,0,1.02816,0,0,3.23403,2.20587,1.028160,1,0,66.461,0,0,0,66.461,0
72.29,2.0213,0,0,2.6903,0.0954316,0.573568,3.6288,61.308,0.375547,0,0,1.32898,0.34698,0.606452,0.66528,12.849,1,0.35927,0.573568,0,57.3555,5.7176,51.8522,0.84672,12.849,0.84672,3695.15,0,18.483,0,1.13551,1.62721,5.7041,1.34251,7.12431,0.42336,18.483,0.42336,0,0,442.007,0,1.02816,0,0,2.16367,1.13551,1.028160,1,0,59.583,0,0,0,59.583,0
72.29,2.02162,0,0,2.52306,0.100809,0.400629,3.6288,61.308,0.375774,0,0,1.30921,0.330598,0.602839,0.66528,12.849,1,0.359328,0.400629,0,53.0849,5.84157,47.2847,0.84672,12.849,0.84672,3695.15,0,18.483,0,2.01806,1.62747,6.44112,1.39054,8.69611,0.42336,18.483,0.42336,0,0,442.007,0,1.02816,0,0,3.04622,2.01806,1.028160,1,0,56.5836,0,0,0,56.5836,0
72.1779,2.02195,0,0,2.37354,0.100809,0.36288,3.6288,61.308,0.376,0,0,1.26017,0.330598,0.553571,0.66528,12.849,1,0.359386,0.36288,0,54.582,5.84157,48.7439,0.84672,12.849,0.84672,3695.15,0,18.483,0,2.43602,1.62773,5.95718,1.39054,8.6304,0.42336,18.483,0.42336,0,0,442.007,0,1.02816,0,0,3.46418,2.43602,1.028160,1,0,57.9279,0,0,0,57.9279,0
72.0041,2.02133,0,0,2.3111,0.100723,0.36288,3.6288,61.308,0.376227,0,0,1.26068,0.330598,0.553854,0.66528,12.849,1,0.359834,0.36288,0,51.1184,5.84157,45.2799,0.84672,12.849,0.84672,3695.15,0,18.483,0,2.38721,1.628,5.95797,1.39054,8.58264,0.42336,18.483,0.42336,0,0,442.007,0,1.02816,0,0,3.41537,2.38721,1.028160,1,0,54.4164,0,0,0,54.4164,0
71.7172,1.95854,0,0,2.22135,0.186844,0.36288,3.6288,61.308,0.308871,0,0,1.10893,0.292989,0.507067,0.66528,12.849,1,0.349498,0.36288,0,53.9665,6.09882,47.881,0.84672,12.849,0.84672,3695.15,0,18.483,0,1.87528,1.62826,4.75907,1.21695,7.04565,0.42336,18.483,0.42336,0,0,442.007,0,1.02816,0,0,2.90344,1.87528,1.028160,1,0,55.4338,0,0,0,55.4338,0
72.29,1.95648,0,0,3.11681,0.186436,0.401046,3.6288,61.308,0.309087,0,0,1.90452,0.292989,1.30244,0.66528,12.849,1,0.350528,0.401046,0,51.5613,6.09882,45.513,0.84672,12.849,0.84672,3695.15,0,18.483,0,3.42227,1.55973,6.09484,1.21695,9.85989,0.42336,18.483,0.42336,0,0,442.007,0,1.02816,0,0,4.45043,3.42227,1.028160,1,0,56.6753,0,0,0,56.6753,0
72.29,1.96152,0,0,2.97792,0.18725,0.829149,3.6288,61.308,0.309303,0,0,1.51979,0.292989,0.917502,0.66528,12.849,1,0.348646,0.829149,0,62.8242,6.09882,57.2059,0.84672,12.849,0.84672,3695.15,0,18.483,0,2.72937,1.55998,5.30295,1.21695,8.37535,0.42336,18.483,0.42336,0,0,442.007,0,1.02816,0,0,3.75753,2.72937,1.028160,1,0,66.4987,0,0,0,66.4987,0
72.29,1.96184,0,0,2.59385,0.18725,0.444758,3.6288,61.308,0.309519,0,0,1.48667,0.292989,0.88416,0.66528,12.849,1,0.348702,0.444758,0,60.5107,6.09882,54.5079,0.84672,12.849,0.84672,3695.15,0,18.483,0,2.67495,1.56023,5.06777,1.21695,8.086,0.42336,18.483,0.42336,0,0,442.007,0,1.02816,0,0,3.70311,2.67495,1.028160,1,0,63.4781,0,0,0,63.4781,0
71.9615,1.91147,0,0,2.20866,0.262784,0.36288,3.6288,61.308,0.248179,0,0,1.2952,0.213702,0.833316,0.66528,12.849,1,0.339749,0.36288,0,71.6848,4.29069,67.4172,0.84672,12.849,0.84672,3695.15,0,18.483,0,1.8804,1.56049,4.52165,1.01797,6.94457,0.42336,18.483,0.42336,0,0,442.007,0,1.02816,0,0,2.90856,1.8804,1.028160,1,0,75.1951,0,0,0,75.1951,0
72.29,1.90914,0,0,3.62029,0.262009,1.12066,3.6288,61.308,0.248385,0,0,1.49626,0.191214,1.05666,0.66528,12.849,1,0.340885,1.12066,0,75.702,3.52264,72.9591,0.84672,12.849,0.84672,3695.15,0,18.483,0,1.49145,1.49956,5.45376,1.0213,7.42348,0.42336,18.483,0.42336,0,0,442.007,0,1.02816,0,0,2.51961,1.49145,1.028160,1,0,81.4392,0,0,0,81.4392,0
72.29,1.91209,0,0,3.48491,0.262664,1.31016,3.6288,61.308,0.248591,0,0,1.16974,0.191214,0.729939,0.66528,12.849,1,0.339859,1.31016,0,72.7056,3.52264,70.1533,0.84672,12.849,0.84672,3695.15,0,18.483,0,1.33184,1.49981,7.81397,1.0213,9.62432,0.42336,18.483,0.42336,0,0,442.007,0,1.02816,0,0,2.36,1.33184,1.028160,1,0,80.5075,0,0,0,80.5075,0
72.29,1.9124,0,0,3.25379,0.262664,1.07873,3.6288,61.308,0.248797,0,0,2.28028,0.191214,1.84027,0.66528,12.849,1,0.339914,1.07873,0,86.686,3.52264,83.9022,0.84672,12.849,0.84672,3695.15,0,18.483,0,2.19465,1.50005,7.37751,1.0213,10.0509,0.42336,18.483,0.42336,0,0,442.007,0,1.02816,0,0,3.22281,2.19465,1.028160,1,0,95.7933,0,0,0,95.7933,0
72.29,1.76866,0,0,2.95969,0.273417,0.917619,3.6288,61.308,0.120716,0,0,1.2368,0.197681,0.918401,0.66528,12.849,1,0.314365,0.917619,0,61.446,3.87719,58.1721,0.84672,12.849,0.84672,3695.15,0,18.483,0,1.72788,1.50029,8.70857,1.06913,10.8676,0.42336,18.483,0.42336,0,0,442.007,0,1.02816,0,0,2.75604,1.72788,1.028160,1,0,69.9581,0,0,0,69.9581,0
71.433,1.76894,0,0,1.57512,0.3003,0.36288,3.6288,61.308,0.120902,0,0,0.545388,0.213848,0.210638,0.66528,12.849,1,0.314416,0.36288,0,44.3565,4.76354,39.6414,0.84672,12.849,0.84672,3695.15,0,18.483,0,1.87828,1.36272,6.21605,1.18869,8.26835,0.42336,18.483,0.42336,0,0,442.007,0,1.02816,0,0,2.90644,1.87828,1.028160,1,0,48.1204,0,0,0,48.1204,0
71.3696,1.76283,0,0,2.36067,0.298347,0.36288,3.6288,61.308,0.121087,0,0,0.851774,0.213848,0.516839,0.66528,12.849,1,0.317089,0.36288,0,71.2502,4.76354,66.5324,0.84672,12.849,0.84672,3695.15,0,18.483,0,4.24136,1.36294,9.50435,1.18869,13.92,0.42336,18.483,0.42336,0,0,442.007,0,1.02816,0,0,5.26952,4.24136,1.028160,1,0,80.9692,0,0,0,80.9692,0
72.29,1.76264,0,0,5.93508,0.298203,2.95385,3.6288,61.308,0.121273,0,0,2.35487,0.213848,2.01975,0.66528,12.849,1,0.317336,2.95385,0,187.733,4.76354,185.606,0.84672,12.849,0.84672,3695.15,0,18.483,0,3.39943,1.36316,19.0269,1.18869,22.6008,0.42336,18.483,0.42336,0,0,442.007,0,1.02816,0,0,4.42759,3.39943,1.028160,1,0,210.227,0,0,0,210.227,0
72.29,1.7698,0,0,10.9729,0.283915,8.91923,3.6288,61.308,0.121458,0,0,5.30849,0.201447,4.98558,0.66528,12.849,1,0.314568,8.91923,0,322.631,4.33478,326.901,0.84672,12.849,0.84672,3695.15,0,18.483,0,3.84932,1.36338,21.3138,1.13513,25.3913,0.42336,18.483,0.42336,0,0,442.007,0,1.02816,0,0,4.87748,3.84932,1.028160,1,0,357.278,0,0,0,357.278,0
72.29,1.82553,0,0,7.16,0.328628,5.00584,3.6288,61.308,0.158819,0,0,3.00883,0.193991,2.65602,0.66528,12.849,1,0.324474,5.00584,0,152.836,3.74551,153.771,0.84672,12.849,0.84672,3695.15,0,18.483,0,2.98984,1.3636,13.2561,0.968364,16.6412,0.42336,18.483,0.42336,0,0,442.007,0,1.02816,0,0,4.018,2.98984,1.028160,1,0,173.069,0,0,0,173.069,0
72.29,1.82581,0,0,7.53313,0.344131,5.36318,3.6288,61.308,0.159003,0,0,1.96214,0.190336,1.6128,0.66528,12.849,1,0.324525,5.36318,0,117.065,3.72687,118.377,0.84672,12.849,0.84672,3695.15,0,18.483,0,2.24235,1.40744,10.6268,0.979158,13.2974,0.42336,18.483,0.42336,0,0,442.007,0,1.02816,0,0,3.27051,2.24235,1.028160,1,0,133.287,0,0,0,133.287,0
72.29,1.8261,0,0,6.15812,0.325885,4.00613,3.6288,61.308,0.159187,0,0,1.58262,0.19545,1.22799,0.66528,12.849,1,0.324575,4.00613,0,92.9992,3.91807,92.7627,0.84672,12.849,0.84672,3695.15,0,18.483,0,1.74582,1.40766,9.49882,1.02833,11.624,0.42336,18.483,0.42336,0,0,442.007,0,1.02816,0,0,2.77398,1.74582,1.028160,1,0,105.615,0,0,0,105.615,0
72.29,1.82638,0,0,5.41151,0.301557,3.28357,3.6288,61.308,0.159371,0,0,1.53077,0.202269,1.16914,0.66528,12.849,1,0.324625,3.28357,0,74.7809,4.17302,73.5669,0.84672,12.849,0.84672,3695.15,0,18.483,0,1.46608,1.40788,7.95459,1.0939,9.73465,0.42336,18.483,0.42336,0,0,442.007,0,1.02816,0,0,2.49424,1.46608,1.028160,1,0,84.4706,0,0,0,84.4706,0
72.29,2.00483,0,0,5.39388,0.320164,3.06889,3.6288,61.308,0.299205,0,0,1.82402,0.203637,1.32118,0.66528,12.849,1,0.356344,3.06889,0,83.0632,4.17049,81.6053,0.84672,12.849,0.84672,3695.15,0,18.483,0,1.81524,1.40809,9.07433,1.12618,11.1715,0.42336,18.483,0.42336,0,0,442.007,0,1.02816,0,0,2.8434,1.81524,1.028160,1,0,94.098,0,0,0,94.098,0
72.29,2.00514,0,0,5.98039,0.344975,3.63027,3.6288,61.308,0.29941,0,0,1.80337,0.205461,1.2985,0.66528,12.849,1,0.356399,3.63027,0,105.848,4.16714,104.955,0.84672,12.849,0.84672,3695.15,0,18.483,0,2.06918,1.56407,11.1474,1.16921,13.6115,0.42336,18.483,0.42336,0,0,442.007,0,1.02816,0,0,3.09734,2.06918,1.028160,1,0,119.864,0,0,0,119.864,0
72.29,2.00545,0,0,7.02706,0.349939,4.67167,3.6288,61.308,0.299616,0,0,1.92731,0.196089,1.4316,0.66528,12.849,1,0.356454,4.67167,0,118.543,3.85241,119.005,0.84672,12.849,0.84672,3695.15,0,18.483,0,2.44354,1.56431,9.61105,1.06387,12.555,0.42336,18.483,0.42336,0,0,442.007,0,1.02816,0,0,3.4717,2.44354,1.028160,1,0,132.992,0,0,0,132.992,0
72.29,2.00576,0,0,5.98866,0.356557,3.62634,3.6288,61.308,0.299822,0,0,2.28951,0.183593,1.80609,0.66528,12.849,1,0.356509,3.62634,0,131.866,3.43277,131.703,0.84672,12.849,0.84672,3695.15,0,18.483,0,3.28834,1.56455,11.3332,0.923405,15.2627,0.42336,18.483,0.42336,0,0,442.007,0,1.02816,0,0,4.3165,3.28834,1.028160,1,0,148.772,0,0,0,148.772,0
72.29,1.75179,0,0,5.91309,0.356139,3.80516,3.6288,61.308,0.112499,0,0,2.89754,0.183395,2.60165,0.66528,12.849,1,0.311368,3.80516,0,122.432,3.68818,122.238,0.84672,12.849,0.84672,3695.15,0,18.483,0,4.05218,1.56479,15.1118,0.925303,19.8035,0.42336,18.483,0.42336,0,0,442.007,0,1.02816,0,0,5.08034,4.05218,1.028160,1,0,144.643,0,0,0,144.643,0
72.29,1.75206,0,0,7.1596,0.355581,5.05195,3.6288,61.308,0.112676,0,0,3.10554,0.183132,2.80973,0.66528,12.849,1,0.311416,5.05195,0,103.233,4.02875,103.945,0.84672,12.849,0.84672,3695.15,0,18.483,0,4.43515,1.35185,16.3947,0.927834,21.2539,0.42336,18.483,0.42336,0,0,442.007,0,1.02816,0,0,5.46331,4.43515,1.028160,1,0,128.009,0,0,0,128.009,0
72.29,1.75234,0,0,5.79585,0.355581,3.68793,3.6288,61.308,0.112853,0,0,2.19488,0.183132,1.8989,0.66528,12.849,1,0.311464,3.68793,0,103.498,4.02875,102.845,0.84672,12.849,0.84672,3695.15,0,18.483,0,2.46984,1.35205,11.2485,0.927834,14.1426,0.42336,18.483,0.42336,0,0,442.007,0,1.02816,0,0,3.498,2.46984,1.028160,1,0,118.887,0,0,0,118.887,0
72.29,1.75261,0,0,4.03144,0.355581,1.92325,3.6288,61.308,0.11303,0,0,1.56808,0.183132,1.27192,0.66528,12.849,1,0.311513,1.92325,0,95.9688,4.02875,93.5518,0.84672,12.849,0.84672,3695.15,0,18.483,0,2.0709,1.35226,10.8138,0.927834,13.3092,0.42336,18.483,0.42336,0,0,442.007,0,1.02816,0,0,3.09906,2.0709,1.028160,1,0,108.133,0,0,0,108.133,0
72.29,1.75288,0,0,4.48095,0.287612,2.44046,3.6288,61.308,0.113206,0,0,1.38892,0.147034,1.12868,0.66528,12.849,1,0.311561,2.44046,0,87.2035,3.50557,85.8269,0.84672,12.849,0.84672,3695.15,0,18.483,0,1.78465,1.35247,10.2203,0.852681,12.5047,0.42336,18.483,0.42336,0,0,442.007,0,1.02816,0,0,2.81281,1.78465,1.028160,1,0,99.4602,0,0,0,99.4602,0
72.29,1.81721,0,0,7.00527,0.321601,4.86646,3.6288,61.308,0.159295,0,0,2.97337,0.134564,2.67951,0.66528,12.849,1,0.322995,4.86646,0,128.478,3.79187,129.229,0.84672,12.849,0.84672,3695.15,0,18.483,0,4.37677,1.35268,13.5204,0.892893,18.357,0.42336,18.483,0.42336,0,0,442.007,0,1.02816,0,0,5.40493,4.37677,1.028160,1,0,150.266,0,0,0,150.266,0
72.29,1.81749,0,0,5.26693,0.321601,3.12784,3.6288,61.308,0.159479,0,0,1.83075,0.134564,1.5367,0.66528,12.849,1,0.323045,3.12784,0,79.9597,3.79187,78.9727,0.84672,12.849,0.84672,3695.15,0,18.483,0,2.88755,1.40557,10.9971,0.892893,14.3973,0.42336,18.483,0.42336,0,0,442.007,0,1.02816,0,0,3.91571,2.88755,1.028160,1,0,94.9067,0,0,0,94.9067,0
72.29,1.81777,0,0,4.96879,0.321601,2.82943,3.6288,61.308,0.159663,0,0,1.98619,0.134564,1.69196,0.66528,12.849,1,0.323095,2.82943,0,92.2761,3.79187,90.9905,0.84672,12.849,0.84672,3695.15,0,18.483,0,2.91171,1.40579,11.0614,0.892893,14.486,0.42336,18.483,0.42336,0,0,442.007,0,1.02816,0,0,3.93987,2.91171,1.028160,1,0,107.168,0,0,0,107.168,0
72.29,1.81805,0,0,4.43712,0.268033,2.35103,3.6288,61.308,0.159847,0,0,1.8712,0.16311,1.54824,0.66528,12.849,1,0.323145,2.35103,0,85.1792,4.14088,83.0662,0.84672,12.849,0.84672,3695.15,0,18.483,0,2.84064,1.40601,11.413,0.961595,14.6981,0.42336,18.483,0.42336,0,0,442.007,0,1.02816,0,0,3.8688,2.84064,1.028160,1,0,99.3125,0,0,0,99.3125,0
72.29,1.79327,0,0,5.12651,0.239885,3.09335,3.6288,61.308,0.142189,0,0,1.78029,0.188805,1.4493,0.66528,12.849,1,0.31874,3.09335,0,91.7562,4.30608,90.2247,0.84672,12.849,0.84672,3695.15,0,18.483,0,3.16923,1.40622,13.2978,1.00887,16.8644,0.42336,18.483,0.42336,0,0,442.007,0,1.02816,0,0,4.19739,3.16923,1.028160,1,0,108.538,0,0,0,108.538,0
72.29,1.79355,0,0,4.18561,0.232198,2.15987,3.6288,61.308,0.14237,0,0,1.25747,0.197181,0.917923,0.66528,12.849,1,0.31879,2.15987,0,67.1198,4.34889,64.612,0.84672,12.849,0.84672,3695.15,0,18.483,0,2.04825,1.38593,7.02268,1.0232,9.43365,0.42336,18.483,0.42336,0,0,442.007,0,1.02816,0,0,3.07641,2.04825,1.028160,1,0,74.9636,0,0,0,74.9636,0
72.29,1.79383,0,0,3.57239,0.232198,1.54636,3.6288,61.308,0.142552,0,0,1.18793,0.197181,0.848199,0.66528,12.849,1,0.318839,1.54636,0,58.858,4.34889,55.7366,0.84672,12.849,0.84672,3695.15,0,18.483,0,1.725,1.38614,5.97328,1.0232,8.06122,0.42336,18.483,0.42336,0,0,442.007,0,1.02816,0,0,2.75316,1.725,1.028160,1,0,64.6461,0,0,0,64.6461,0
72.29,1.79411,0,0,3.17809,0.232198,1.15179,3.6288,61.308,0.142733,0,0,1.06294,0.197181,0.723031,0.66528,12.849,1,0.318889,1.15179,0,50.4682,4.34889,46.9522,0.84672,12.849,0.84672,3695.15,0,18.483,0,1.3806,1.38636,5.10744,1.0232,6.8512,0.42336,18.483,0.42336,0,0,442.007,0,1.02816,0,0,2.40876,1.3806,1.028160,1,0,54.5265,0,0,0,54.5265,0
72.29,1.8795,0,0,3.10508,0.214713,1.01086,3.6288,61.308,0.206229,0,0,0.9727,0.19175,0.57472,0.66528,12.849,1,0.334068,1.01086,0,47.5284,4.3565,43.8487,0.84672,12.849,0.84672,3695.15,0,18.483,0,1.1316,1.38657,5.06332,1.01514,6.56636,0.42336,18.483,0.42336,0,0,442.007,0,1.02816,0,0,2.15976,1.1316,1.028160,1,0,50.9898,0,0,0,50.9898,0
72.29,1.8798,0,0,3.29227,0.200607,1.21187,3.6288,61.308,0.20642,0,0,1.06081,0.162372,0.692018,0.66528,12.849,1,0.334119,1.21187,0,49.3384,4.49526,45.7209,0.84672,12.849,0.84672,3695.15,0,18.483,0,1.22456,1.45857,5.98183,1.01513,7.64983,0.42336,18.483,0.42336,0,0,442.007,0,1.02816,0,0,2.25272,1.22456,1.028160,1,0,54.0627,0,0,0,54.0627,0
72.29,1.88009,0,0,3.25581,0.0897543,1.28597,3.6288,61.308,0.206612,0,0,1.01647,0.201798,0.608061,0.66528,12.849,1,0.334171,1.28597,0,50.5583,5.02425,46.4859,0.84672,12.849,0.84672,3695.15,0,18.483,0,1.27346,1.45879,6.17471,1.12156,7.7854,0.42336,18.483,0.42336,0,0,442.007,0,1.02816,0,0,2.30162,1.27346,1.028160,1,0,54.8794,0,0,0,54.8794,0
72.29,1.88038,0,0,2.89157,0.0897543,0.921442,3.6288,61.308,0.206803,0,0,0.828576,0.201798,0.419975,0.66528,12.849,1,0.334223,0.921442,0,45.2152,5.02425,40.7782,0.84672,12.849,0.84672,3695.15,0,18.483,0,0.928999,1.45902,5.29555,1.12156,6.56201,0.42336,18.483,0.42336,0,0,442.007,0,1.02816,0,0,1.95716,0.928999,1.028160,1,0,47.7602,0,0,0,47.7602,0
72.29,1.88067,0,0,2.78481,0.0897543,0.814386,3.6288,61.308,0.206995,0,0,0.666999,0.201798,0.258207,0.66528,12.849,1,0.334275,0.814386,0,41.6668,5.02425,37.1227,0.84672,12.849,0.84672,3695.15,0,18.483,0,0.782775,1.45925,5.09109,1.12156,6.21155,0.42336,18.483,0.42336,0,0,442.007,0,1.02816,0,0,1.81094,0.782775,1.028160,1,0,43.5925,0,0,0,43.5925,0
71.9489,1.86411,0,0,2.00508,0.119201,0.36288,3.6288,61.308,0.242012,0,0,0.515668,0.211144,0.0625127,0.66528,12.849,1,0.331332,0.36288,0,26.7142,4.51731,22.2284,0.84672,12.849,0.84672,3695.15,0,18.483,0,0.322367,1.45947,3.15417,1.08615,3.84985,0.42336,18.483,0.42336,0,0,442.007,0,1.02816,0,0,1.35053,0.322367,1.028160,1,0,26.1408,0,0,0,26.1408,0
71.4217,1.86173,0,0,1.81631,0.118892,0.36288,3.6288,61.308,0.248222,0,0,0.492759,0.211144,0.0333933,0.66528,12.849,1,0.332478,0.36288,0,26.2532,4.51731,21.7663,0.84672,12.849,0.84672,3695.15,0,18.483,0,0.261274,1.48208,2.97976,1.08615,3.63696,0.42336,18.483,0.42336,0,0,442.007,0,1.02215,0,0,1.28342,0.261274,1.028160,1,0,25.4367,0,0,0,25.4367,0
70.741,1.85786,0,0,1.65377,0.113687,0.36288,3.6288,61.1809,0.371029,0,0,0.466011,0.222113,0,0.66528,12.849,1,0.334236,0.36288,0,23.1106,4.65846,18.4808,0.84672,12.849,0.84672,3695.15,0,18.483,0,0.261274,1.48231,2.89209,1.13768,3.498,0.42336,18.483,0.42336,0,0,442.007,0,0.899536,0,0,1.16081,0.261274,1.028160,1,0,21.9788,0,0,0,21.9788,0
70.0106,1.85272,0,0,1.57006,0.0848697,0.36288,3.6288,60.9744,0.355303,0,0,0.436533,0.287696,0,0.66528,12.849,1,0.336517,0.36288,0,20.8442,5.50536,15.3652,0.84672,12.849,0.84672,3695.15,0,18.483,0,0.261274,1.48254,2.75783,1.44681,3.05483,0.42336,18.483,0.42336,0,0,442.007,0,0.91546,0,0,1.17673,0.261274,1.028160,1,0,18.42,0,0,0,18.42,0
69.2193,1.89019,0,0,1.54456,0.0827674,0.36288,3.6288,60.6521,0.48907,0,0,0.470143,0.303406,0,0.66528,12.849,1,0.346906,0.36288,0,19.1519,5.74476,13.4232,0.84672,12.849,0.84672,3695.15,0,18.483,0,0.261274,1.48277,2.61151,1.46072,2.89483,0.42336,18.483,0.42336,0,0,442.007,0,0.812946,0,0,1.07422,0.261274,1.028160,1,0,16.318,0,0,0,16.318,0
68.5626,1.88383,0,0,1.67107,0.0810493,0.36288,3.6288,60.439,0.402785,0,0,0.504502,0.314826,0,0.66528,12.849,1,0.34969,0.36288,0,26.1202,5.92431,20.2091,0.84672,12.849,0.84672,3695.15,0,18.483,0,0.261274,1.51869,2.84556,1.47116,3.15436,0.42336,18.483,0.42336,0,0,442.007,0,0.899433,0,0,1.16071,0.261274,1.028160,1,0,23.3634,0,0,0,23.3634,0
67.7991,1.87852,0,0,1.5585,0.0806358,0.36288,3.6288,60.1874,0.384066,0,0,0.446857,0.3144,0,0.66528,12.849,1,0.352044,0.36288,0,20.6634,5.92431,14.7499,0.84672,12.849,0.84672,3695.15,0,18.483,0,0.227405,1.51892,2.59734,1.47116,2.87251,0.42336,18.483,0.42336,0,0,442.007,0,0.918354,0,0,1.14576,0.227405,1.028160,1,0,17.6225,0,0,0,17.6225,0
66.9015,1.87219,0,0,1.41762,0.0801551,0.36288,3.6288,59.7296,0.563574,0,0,0.419738,0.313897,0,0.66528,12.849,1,0.35481,0.36288,0,19.0007,5.92431,13.0844,0.84672,12.849,0.84672,3695.15,0,18.483,0,0.227405,1.51916,2.37712,1.47116,2.65253,0.42336,18.483,0.42336,0,0,442.007,0,0.739048,0,0,0.966453,0.227405,1.028160,1,0,15.7369,0,0,0,15.7369,0
65.9626,1.9891,0,0,1.48598,0.0729335,0.36288,3.6288,59.517,0.392145,0,0,0.48823,0.308656,0,0.66528,12.849,1,0.382024,0.36288,0,18.6475,6.04427,12.584,0.84672,12.849,0.84672,3695.15,0,18.483,0,0.227405,1.51939,3.32255,1.4948,3.57455,0.42336,18.483,0.42336,0,0,442.007,0,1.02285,0,0,1.25025,0.227405,1.028160,1,0,16.1586,0,0,0,16.1586,0
64.3215,1.98042,0,0,0.784771,0.0825114,0.36288,3.6288,58.7401,0.799136,0,0,0.316934,0.294771,0,0.66528,12.849,1,0.385771,0.36288,0,12.6673,6.00705,6.63734,0.84672,12.849,0.84672,3695.15,0,18.483,0,0.227405,1.64055,2.22899,1.45529,2.64166,0.42336,18.483,0.42336,0,0,442.007,0,0.616075,0,0,0.84348,0.227405,1.028160,1,0,9.279,0,0,0,9.279,0
62.6807,1.96459,0,0,0.768131,0.0814322,0.36288,3.6288,57.9193,0.823763,0,0,0.296326,0.293306,0,0.66528,12.849,1,0.39245,0.36288,0,11.5594,6.00705,5.52275,0.84672,12.849,0.84672,3695.15,0,18.483,0,0.204422,1.64081,2.23722,1.45529,2.62716,0.42336,18.483,0.42336,0,0,442.007,0,0.591667,0,0,0.79609,0.204422,1.028160,1,0,8.14991,0,0,0,8.14991,0
61.4053,1.94819,0,0,1.11599,0.0803531,0.36288,3.6288,57.2856,0.682494,0,0,0.340489,0.291759,0,0.66528,12.849,1,0.399361,0.36288,0,13.1653,6.00705,7.12175,0.84672,12.849,0.84672,3695.15,0,18.483,0,0.204422,1.64106,2.48043,1.45529,2.87063,0.42336,18.483,0.42336,0,0,442.007,0,0.733156,0,0,0.937578,0.204422,1.028160,1,0,9.99238,0,0,0,9.99238,0
60.6081,1.93509,0,0,1.60848,0.107685,0.36288,3.6288,56.8509,0.603934,0,0,0.450687,0.281426,0,0.66528,12.849,1,0.404917,0.36288,0,21.4798,5.87564,15.5621,0.84672,12.849,0.84672,3695.15,0,18.483,0,0.204422,1.64132,2.76148,1.42877,3.17845,0.42336,18.483,0.42336,0,0,442.007,0,0.811935,0,0,1.01636,0.204422,1.028160,1,0,18.7406,0,0,0,18.7406,0
60.1284,1.86804,0,0,1.8661,0.114944,0.36288,3.6288,56.6653,0.347236,0,0,0.450505,0.288866,0,0.66528,12.849,1,0.396027,0.36288,0,27.1476,5.35081,21.7636,0.84672,12.849,0.84672,3695.15,0,18.483,0,0.204422,1.64157,3.33872,1.35756,3.82716,0.42336,18.483,0.42336,0,0,442.007,0,1.00072,0,0,1.20514,0.204422,1.028160,1,0,25.5908,0,0,0,25.5908,0
59.673,1.86327,0,0,1.88843,0.117644,0.36288,3.6288,56.7412,0.320004,0,0,0.686559,0.290644,0,0.66528,12.849,1,0.398166,0.36288,0,24.1055,5.23152,18.8387,0.84672,12.849,0.84672,3695.15,0,18.483,0,0.999346,1.57247,4.07792,1.34612,5.30362,0.42336,18.483,0.42336,0,0,442.007,0,1.02816,0,0,2.02751,0.999346,1.028160,1,0,24.1423,0,0,0,24.1423,0
58.989,1.8587,0,0,1.65466,0.117132,0.36288,3.6288,56.5546,0.320213,0,0,0.424369,0.290787,0,0.66528,12.849,1,0.400221,0.36288,0,24.4747,5.23152,19.2058,0.84672,12.849,0.84672,3695.15,0,18.483,0,0.439042,1.57272,3.21486,1.34612,3.8805,0.42336,18.483,0.42336,0,0,442.007,0,1.02816,0,0,1.4672,0.439042,1.028160,1,0,23.0863,0,0,0,23.0863,0
58.0042,1.85159,0,0,1.34603,0.116364,0.36288,3.6288,56.1939,0.419497,0,0,0.349287,0.290434,0,0.66528,12.849,1,0.403314,0.36288,0,22.4748,5.23152,17.2028,0.84672,12.849,0.84672,3695.15,0,18.483,0,0.216518,1.57296,2.90478,1.34612,3.34814,0.42336,18.483,0.42336,0,0,442.007,0,0.929085,0,0,1.1456,0.216518,1.028160,1,0,20.551,0,0,0,20.551,0
57.3826,1.79348,0,0,1.70949,0.17467,0.36288,3.6288,56.1097,0.258574,0,0,0.44319,0.268819,0,0.66528,12.849,1,0.397289,0.36288,0,27.8087,4.73261,23.0417,0.84672,12.849,0.84672,3695.15,0,18.483,0,0.45665,1.57321,3.17549,1.18659,4.01876,0.42336,18.483,0.42336,0,0,442.007,0,1.02816,0,0,1.48481,0.45665,1.028160,1,0,27.0605,0,0,0,27.0605,0
56.3276,1.78697,0,0,1.30668,0.211877,0.36288,3.6288,55.9966,0.258773,0,0,0.420674,0.27499,0,0.66528,12.849,1,0.400134,0.36288,0,22.2223,4.55185,17.6331,0.84672,12.849,0.84672,3695.15,0,18.483,0,0.456019,1.51178,2.89809,1.12531,3.74058,0.42336,18.483,0.42336,0,0,442.007,0,1.02816,0,0,1.48418,0.456019,1.028160,1,0,21.3737,0,0,0,21.3737,0
56.0174,1.7755,0,0,2.03785,0.209685,0.36288,3.6288,56.0866,0.258973,0,0,0.623748,0.274786,0,0.66528,12.849,1,0.405013,0.36288,0,37.8732,4.55185,33.2792,0.84672,12.849,0.84672,3695.15,0,18.483,0,1.07406,1.51201,6.11791,1.12531,7.57868,0.42336,18.483,0.42336,0,0,442.007,0,1.02816,0,0,2.10222,1.07406,1.028160,1,0,40.8579,0,0,0,40.8579,0
57.2893,1.77227,0,0,3.6588,0.2517,0.36288,3.6288,56.5989,0.259173,0,0,1.03238,0.260893,0,0.66528,12.849,1,0.406514,0.36288,0,51.514,4.12291,47.3475,0.84672,12.849,0.84672,3695.15,0,18.483,0,1.44491,1.51225,8.75633,1.06301,10.6505,0.42336,18.483,0.42336,0,0,442.007,0,1.02816,0,0,2.47307,1.44491,1.028160,1,0,57.9979,0,0,0,57.9979,0
59.7043,1.65221,0,0,4.69266,0.262565,0.36288,3.6288,57.2529,0.130044,0,0,1.03993,0.255893,0,0.66528,12.849,1,0.370561,0.36288,0,53.4684,4.11998,49.3407,0.84672,12.849,0.84672,3695.15,0,18.483,0,2.33028,1.51248,6.53899,1.05995,9.3218,0.42336,18.483,0.42336,0,0,442.007,0,1.02816,0,0,3.35844,2.33028,1.028160,1,0,58.6625,0,0,0,58.6625,0
61.106,1.67644,0,0,3.71272,0.271752,0.36288,3.6288,57.5436,0.130224,0,0,0.656665,0.235749,0,0.66528,12.849,1,0.360787,0.36288,0,74.6208,4.53128,70.0916,0.84672,12.849,0.84672,3695.15,0,18.483,0,2.26822,1.37379,6.87328,1.1039,9.41139,0.42336,18.483,0.42336,0,0,442.007,0,1.02816,0,0,3.29638,2.26822,1.028160,1,0,79.503,0,0,0,79.503,0
62.183,1.69004,0,0,3.40508,0.275146,0.36288,3.6288,57.7178,0.130403,0,0,0.540805,0.236194,0,0.66528,12.849,1,0.355372,0.36288,0,74.0387,4.53128,69.515,0.84672,12.849,0.84672,3695.15,0,18.483,0,1.59256,1.374,5.4327,1.1039,7.29537,0.42336,18.483,0.42336,0,0,442.007,0,1.02816,0,0,2.62072,1.59256,1.028160,1,0,76.8103,0,0,0,76.8103,0
64.6543,1.70028,0,0,4.80686,0.27242,0.36288,3.6288,58.3689,0.130583,0,0,1.00599,0.224391,0,0.66528,12.849,1,0.351333,0.36288,0,104.318,4.09652,100.233,0.84672,12.849,0.84672,3695.15,0,18.483,0,2.18481,1.37421,9.22327,1.00607,11.7762,0.42336,18.483,0.42336,0,0,442.007,0,1.02816,0,0,3.21297,2.18481,1.028160,1,0,112.009,0,0,0,112.009,0
67.734,1.72261,0,0,5.43281,0.267571,0.36288,3.6288,59.1433,0.130763,0,0,1.14043,0.235199,0,0.66528,12.849,1,0.342341,0.36288,0,118.813,4.43309,114.4,0.84672,12.849,0.84672,3695.15,0,18.483,0,1.71839,1.37443,8.4084,1.08611,10.4151,0.42336,18.483,0.42336,0,0,442.007,0,1.02816,0,0,2.74655,1.71839,1.028160,1,0,124.816,0,0,0,124.816,0
72.29,1.80361,0,0,7.93726,0.254795,1.32285,3.6288,60.2201,0.168418,0,0,1.4595,0.21434,0,0.66528,12.849,1,0.342142,1.32285,0,93.4848,3.90976,90.5557,0.84672,12.849,0.84672,3695.15,0,18.483,0,2.54236,1.37464,10.2489,1.08193,13.084,0.42336,18.483,0.42336,0,0,442.007,0,1.02816,0,0,3.57052,2.54236,1.028160,1,0,103.64,0,0,0,103.64,0
72.29,1.84057,0,0,5.68773,0.257918,3.58924,3.6288,60.6772,0.168596,0,0,0.82696,0.201192,0,0.66528,12.849,1,0.327147,3.58924,0,56.373,3.50165,56.1334,0.84672,12.849,0.84672,3695.15,0,18.483,0,1.38043,1.41882,5.51164,1.03423,7.27666,0.42336,18.483,0.42336,0,0,442.007,0,1.02816,0,0,2.40859,1.38043,1.028160,1,0,63.4101,0,0,0,63.4101,0
72.29,1.84084,0,0,4.17847,0.257918,2.07971,3.6288,60.9959,0.168774,0,0,0.689265,0.201777,0,0.66528,12.849,1,0.327196,2.07971,0,51.3161,3.50165,49.5669,0.84672,12.849,0.84672,3695.15,0,18.483,0,0.990576,1.41903,4.46995,1.03423,5.84532,0.42336,18.483,0.42336,0,0,442.007,0,1.02816,0,0,2.01874,0.990576,1.028160,1,0,55.4123,0,0,0,55.4123,0
72.29,1.84112,0,0,5.25721,0.257918,3.15817,3.6288,61.308,0.168952,0,0,1.39298,0.202185,0.709786,0.66528,12.849,1,0.327245,3.15817,0,89.6999,3.50165,89.0292,0.84672,12.849,0.84672,3695.15,0,18.483,0,1.80428,1.41924,12.6231,1.03423,14.8124,0.42336,18.483,0.42336,0,0,442.007,0,1.02816,0,0,2.83244,1.80428,1.028160,1,0,104.551,0,0,0,104.551,0
72.29,2.021,0,0,6.32297,0.293289,4.00868,3.6288,61.308,0.309906,0,0,1.22448,0.253703,0.660869,0.66528,12.849,1,0.359217,4.00868,0,85.9829,4.21615,85.4162,0.84672,12.849,0.84672,3695.15,0,18.483,0,2.60243,1.41946,8.34356,1.27784,11.0876,0.42336,18.483,0.42336,0,0,442.007,0,1.02816,0,0,3.63059,2.60243,1.028160,1,0,97.1646,0,0,0,97.1646,0
72.29,2.0213,0,0,3.9443,0.302341,1.62066,3.6288,61.308,0.310105,0,0,0.817741,0.219045,0.288592,0.66528,12.849,1,0.35927,1.62066,0,82.4942,4.62471,79.1309,0.84672,12.849,0.84672,3695.15,0,18.483,0,1.49048,1.57668,6.79406,1.36108,8.50014,0.42336,18.483,0.42336,0,0,442.007,0,1.02816,0,0,2.51864,1.49048,1.028160,1,0,87.9196,0,0,0,87.9196,0
72.29,2.0216,0,0,4.04885,0.312866,1.71439,3.6288,61.308,0.310304,0,0,1.08197,0.212429,0.559237,0.66528,12.849,1,0.359324,1.71439,0,58.7596,4.60268,55.512,0.84672,12.849,0.84672,3695.15,0,18.483,0,1.95134,1.57691,6.44039,1.34365,8.62499,0.42336,18.483,0.42336,0,0,442.007,0,1.02816,0,0,2.9795,1.95134,1.028160,1,0,64.6962,0,0,0,64.6962,0
72.29,2.0219,0,0,5.73153,0.312866,3.39677,3.6288,61.308,0.310503,0,0,1.2499,0.212429,0.726965,0.66528,12.849,1,0.359377,3.39677,0,57.7373,4.60268,56.172,0.84672,12.849,0.84672,3695.15,0,18.483,0,2.67083,1.57714,8.83302,1.34365,11.7373,0.42336,18.483,0.42336,0,0,442.007,0,1.02816,0,0,3.69899,2.67083,1.028160,1,0,68.6364,0,0,0,68.6364,0
72.29,1.76587,0,0,5.54691,0.320473,3.46056,3.6288,61.308,0.121667,0,0,1.0755,0.20565,0.748182,0.66528,12.849,1,0.31387,3.46056,0,69.169,4.41004,67.9056,0.84672,12.849,0.84672,3695.15,0,18.483,0,1.89518,1.57738,7.76105,1.23168,10.0019,0.42336,18.483,0.42336,0,0,442.007,0,1.02816,0,0,2.92334,1.89518,1.028160,1,0,78.6557,0,0,0,78.6557,0
72.29,1.76613,0,0,3.30868,0.326505,1.21604,3.6288,61.308,0.121838,0,0,1.17102,0.216366,0.832819,0.66528,12.849,1,0.313917,1.21604,0,61.9696,4.58367,58.2881,0.84672,12.849,0.84672,3695.15,0,18.483,0,1.46719,1.36271,6.69621,1.15675,8.36936,0.42336,18.483,0.42336,0,0,442.007,0,1.02816,0,0,2.49535,1.46719,1.028160,1,0,67.4903,0,0,0,67.4903,0
72.29,1.7664,0,0,2.50411,0.321311,0.416406,3.6288,61.308,0.170963,0,0,0.70721,0.227431,0.308815,0.66528,12.849,1,0.313964,0.416406,0,43.0768,4.84575,38.3335,0.84672,12.849,0.84672,3695.15,0,18.483,0,0.558835,1.36291,3.48373,1.23874,4.16673,0.42336,18.483,0.42336,0,0,442.007,0,0.979206,0,0,1.53804,0.558835,1.028160,1,0,42.809,0,0,0,42.809,0
72.29,1.76666,0,0,3.50229,0.321311,1.41432,3.6288,61.308,0.12218,0,0,1.08264,0.227431,0.733024,0.66528,12.849,1,0.31401,1.41432,0,34.605,4.84575,30.8596,0.84672,12.849,0.84672,3695.15,0,18.483,0,1.67279,1.36312,6.97862,1.23874,8.77579,0.42336,18.483,0.42336,0,0,442.007,0,1.02816,0,0,2.70095,1.67279,1.028160,1,0,40.3684,0,0,0,40.3684,0
72.29,1.76692,0,0,4.82456,0.321311,2.73633,3.6288,61.308,0.122351,0,0,1.36831,0.227431,1.01853,0.66528,12.849,1,0.314057,2.73633,0,50.9396,4.84575,48.5161,0.84672,12.849,0.84672,3695.15,0,18.483,0,3.80269,1.36332,8.69944,1.23874,12.6267,0.42336,18.483,0.42336,0,0,442.007,0,1.02816,0,0,4.83085,3.80269,1.028160,1,0,62.1614,0,0,0,62.1614,0
72.29,1.83175,0,0,6.6813,0.303671,4.54588,3.6288,61.308,0.168802,0,0,2.07416,0.209366,1.69599,0.66528,12.849,1,0.32558,4.54588,0,88.7657,4.34994,88.6361,0.84672,12.849,0.84672,3695.15,0,18.483,0,4.42052,1.36352,11.6581,1.01741,16.4247,0.42336,18.483,0.42336,0,0,442.007,0,1.02816,0,0,5.44868,4.42052,1.028160,1,0,106.757,0,0,0,106.757,0
72.29,1.83203,0,0,4.56646,0.300731,2.4337,3.6288,61.308,0.16898,0,0,1.45109,0.206355,1.07575,0.66528,12.849,1,0.325629,2.4337,0,70.8121,4.26731,68.6529,0.84672,12.849,0.84672,3695.15,0,18.483,0,2.59301,1.41682,7.25898,0.980517,10.2883,0.42336,18.483,0.42336,0,0,442.007,0,1.02816,0,0,3.62117,2.59301,1.028160,1,0,80.017,0,0,0,80.017,0
72.29,1.8323,0,0,3.43106,0.300731,1.29803,3.6288,61.308,0.169158,0,0,1.13167,0.206355,0.756154,0.66528,12.849,1,0.325677,1.29803,0,45.5509,4.26731,42.256,0.84672,12.849,0.84672,3695.15,0,18.483,0,1.72681,1.41703,6.55357,0.980517,8.7169,0.42336,18.483,0.42336,0,0,442.007,0,1.02816,0,0,2.75497,1.72681,1.028160,1,0,51.729,0,0,0,51.729,0
72.29,1.83257,0,0,3.06473,0.26774,0.964417,3.6288,61.308,0.169336,0,0,1.00376,0.196168,0.638256,0.66528,12.849,1,0.325726,0.964417,0,47.1504,3.72533,44.0637,0.84672,12.849,0.84672,3695.15,0,18.483,0,1.47973,1.41725,6.21087,0.91815,8.1897,0.42336,18.483,0.42336,0,0,442.007,0,1.02816,0,0,2.50789,1.47973,1.028160,1,0,52.8917,0,0,0,52.8917,0
72.29,1.80758,0,0,3.87805,0.226726,1.84374,3.6288,61.308,0.151529,0,0,1.04175,0.167967,0.722255,0.66528,12.849,1,0.321284,1.84374,0,56.1336,3.55556,54.1005,0.84672,12.849,0.84672,3695.15,0,18.483,0,1.7462,1.41746,6.37819,0.955559,8.58629,0.42336,18.483,0.42336,0,0,442.007,0,1.02816,0,0,2.77436,1.7462,1.028160,1,0,63.4091,0,0,0,63.4091,0
72.29,1.80785,0,0,3.1178,0.241145,1.06881,3.6288,61.308,0.151705,0,0,0.89475,0.179282,0.563764,0.66528,12.849,1,0.321332,1.06881,0,42.4583,4.26286,38.9429,0.84672,12.849,0.84672,3695.15,0,18.483,0,1.18401,1.39699,5.32875,1.08544,6.8243,0.42336,18.483,0.42336,0,0,442.007,0,1.02816,0,0,2.21217,1.18401,1.028160,1,0,46.3309,0,0,0,46.3309,0
72.29,1.80812,0,0,2.78199,0.21987,0.753993,3.6288,61.308,0.15188,0,0,0.750479,0.209366,0.389233,0.66528,12.849,1,0.32138,0.753993,0,37.726,4.57899,33.5796,0.84672,12.849,0.84672,3695.15,0,18.483,0,1.01979,1.39719,4.83833,1.11034,6.14497,0.42336,18.483,0.42336,0,0,442.007,0,1.02816,0,0,2.04795,1.01979,1.028160,1,0,40.1138,0,0,0,40.1138,0
72.29,1.80839,0,0,2.61821,0.163691,0.646123,3.6288,61.308,0.152056,0,0,0.746349,0.235524,0.358769,0.66528,12.849,1,0.321428,0.646123,0,35.1817,4.80963,30.6968,0.84672,12.849,0.84672,3695.15,0,18.483,0,0.988606,1.3974,4.815,1.12411,6.0769,0.42336,18.483,0.42336,0,0,442.007,0,1.02816,0,0,2.01677,0.988606,1.028160,1,0,37.1325,0,0,0,37.1325,0
72.29,1.89446,0,0,2.57489,0.161012,0.519424,3.6288,61.308,0.216049,0,0,0.757158,0.234296,0.306812,0.66528,12.849,1,0.336725,0.519424,0,33.4349,4.73777,28.8798,0.84672,12.849,0.84672,3695.15,0,18.483,0,1.04402,1.39761,5.20492,1.09509,6.55146,0.42336,18.483,0.42336,0,0,442.007,0,1.02816,0,0,2.07218,1.04402,1.028160,1,0,35.7381,0,0,0,35.7381,0
72.29,1.89474,0,0,2.50783,0.144939,0.468152,3.6288,61.308,0.216234,0,0,0.741364,0.226928,0.298202,0.66528,12.849,1,0.336775,0.468152,0,28.1365,4.30658,23.9613,0.84672,12.849,0.84672,3695.15,0,18.483,0,0.839722,1.47017,3.84782,0.920987,5.23672,0.42336,18.483,0.42336,0,0,442.007,0,1.02816,0,0,1.86788,0.839722,1.028160,1,0,29.4962,0,0,0,29.4962,0
72.0606,1.89502,0,0,2.17344,0.144939,0.36288,3.6288,61.308,0.21642,0,0,0.680556,0.226928,0.237208,0.66528,12.849,1,0.336826,0.36288,0,26.4035,4.30658,22.123,0.84672,12.849,0.84672,3695.15,0,18.483,0,0.866195,1.47039,3.89452,0.920987,5.31012,0.42336,18.483,0.42336,0,0,442.007,0,1.02816,0,0,1.89435,0.866195,1.028160,1,0,27.6703,0,0,0,27.6703,0
71.6301,1.89348,0,0,1.97058,0.144687,0.36288,3.6288,61.308,0.216605,0,0,0.591929,0.226928,0.148396,0.66528,12.849,1,0.337623,0.36288,0,24.3135,4.30658,20.0322,0.84672,12.849,0.84672,3695.15,0,18.483,0,0.661798,1.47061,3.68253,0.920987,4.89395,0.42336,18.483,0.42336,0,0,442.007,0,1.02816,0,0,1.68996,0.661798,1.028160,1,0,25.0745,0,0,0,25.0745,0
71.1092,1.89032,0,0,1.84815,0.115855,0.36288,3.6288,61.308,0.21679,0,0,0.548815,0.256562,0.0754636,0.66528,12.849,1,0.339085,0.36288,0,23.2721,4.89347,18.4024,0.84672,12.849,0.84672,3695.15,0,18.483,0,0.547137,1.47083,3.53208,1.08114,4.4689,0.42336,18.483,0.42336,0,0,442.007,0,1.02816,0,0,1.5753,0.547137,1.028160,1,0,22.9468,0,0,0,22.9468,0
70.5227,1.8695,0,0,1.75588,0.109978,0.36288,3.6288,61.308,0.252077,0,0,0.683421,0.258172,0.173171,0.66528,12.849,1,0.337807,0.36288,0,25.9419,4.95753,21.0095,0.84672,12.849,0.84672,3695.15,0,18.483,0,0.54661,1.47105,4.31134,1.05127,5.27773,0.42336,18.483,0.42336,0,0,442.007,0,1.02816,0,0,1.57477,0.54661,1.028160,1,0,26.4604,0,0,0,26.4604,0
69.8836,1.86503,0,0,1.69817,0.109366,0.36288,3.6288,61.308,0.252267,0,0,0.671924,0.257618,0.162039,0.66528,12.849,1,0.339803,0.36288,0,24.914,4.9519,19.9852,0.84672,12.849,0.84672,3695.15,0,18.483,0,0.555716,1.49382,4.56954,1.04184,5.57724,0.42336,18.483,0.42336,0,0,442.007,0,1.02816,0,0,1.58388,0.555716,1.028160,1,0,25.7245,0,0,0,25.7245,0
69.1287,1.86008,0,0,1.54869,0.0806483,0.36288,3.6288,61.308,0.252458,0,0,0.654221,0.304251,0.0975114,0.66528,12.849,1,0.341999,0.36288,0,23.6924,5.60341,18.1099,0.84672,12.849,0.84672,3695.15,0,18.483,0,0.426168,1.49405,4.40415,1.26234,5.06203,0.42336,18.483,0.42336,0,0,442.007,0,1.02816,0,0,1.45433,0.426168,1.028160,1,0,23.2694,0,0,0,23.2694,0
68.2347,1.85409,0,0,1.39915,0.0762117,0.36288,3.6288,61.308,0.252649,0,0,0.618339,0.302645,0.0630449,0.66528,12.849,1,0.344621,0.36288,0,21.7025,6.1866,15.5341,0.84672,12.849,0.84672,3695.15,0,18.483,0,0.465644,1.49427,4.35601,1.47512,4.8408,0.42336,18.483,0.42336,0,0,442.007,0,1.02816,0,0,1.4938,0.465644,1.028160,1,0,20.438,0,0,0,20.438,0
67.3316,1.88992,0,0,1.41558,0.0658945,0.36288,3.6288,61.308,0.284141,0,0,0.594699,0.30649,0.00406768,0.66528,12.849,1,0.355883,0.36288,0,20.1023,6.12963,13.9797,0.84672,12.849,0.84672,3695.15,0,18.483,0,0.371658,1.49449,3.99323,1.45539,4.40399,0.42336,18.483,0.42336,0,0,442.007,0,1.02816,0,0,1.39982,0.371658,1.028160,1,0,18.3878,0,0,0,18.3878,0
66.6508,1.88225,0,0,1.6168,0.0524709,0.36288,3.6288,61.308,0.284336,0,0,0.734875,0.311617,0.138922,0.66528,12.849,1,0.359194,0.36288,0,25.3059,6.05367,19.2559,0.84672,12.849,0.84672,3695.15,0,18.483,0,0.427533,1.53068,3.99672,1.42907,4.52586,0.42336,18.483,0.42336,0,0,442.007,0,1.02816,0,0,1.45569,0.427533,1.028160,1,0,23.9207,0,0,0,23.9207,0
65.8476,1.87645,0,0,1.48835,0.0521893,0.36288,3.6288,61.308,0.284532,0,0,0.623004,0.311617,0.0268561,0.66528,12.849,1,0.361744,0.36288,0,20.7859,6.05367,14.7333,0.84672,12.849,0.84672,3695.15,0,18.483,0,0.515791,1.53091,3.86446,1.42907,4.48209,0.42336,18.483,0.42336,0,0,442.007,0,1.02816,0,0,1.54395,0.515791,1.028160,1,0,19.2423,0,0,0,19.2423,0
64.9262,1.86944,0,0,1.36281,0.051857,0.36288,3.6288,61.2887,0.284727,0,0,0.577039,0.311617,0,0.66528,12.849,1,0.364788,0.36288,0,19.757,6.05367,13.7014,0.84672,12.849,0.84672,3695.15,0,18.483,0,0.291661,1.53114,3.39681,1.42907,3.79054,0.42336,18.483,0.42336,0,0,442.007,0,1.02816,0,0,1.31982,0.291661,1.028160,1,0,17.492,0,0,0,17.492,0
63.9755,1.9855,0,0,1.43991,0.0422218,0.36288,3.6288,61.2364,0.397973,0,0,0.662434,0.316758,0,0.66528,12.849,1,0.392934,0.36288,0,19.3769,6.20322,13.1437,0.84672,12.849,0.84672,3695.15,0,18.483,0,0.55563,1.53137,4.49355,1.45895,5.1216,0.42336,18.483,0.42336,0,0,442.007,0,1.02816,0,0,1.58379,0.55563,1.028160,1,0,18.2653,0,0,0,18.2653,0
62.8681,1.97624,0,0,1.2731,0.0414178,0.36288,3.6288,60.9305,0.511301,0,0,0.519986,0.314549,0,0.66528,12.849,1,0.396912,0.36288,0,14.1254,6.15174,7.93968,0.84672,12.849,0.84672,3695.15,0,18.483,0,0.227405,1.65347,3.49157,1.46097,3.91148,0.42336,18.483,0.42336,0,0,442.007,0,0.915045,0,0,1.14245,0.227405,1.028160,1,0,11.8512,0,0,0,11.8512,0
61.6162,1.96515,0,0,1.1172,0.0410464,0.36288,3.6288,60.5788,0.53942,0,0,0.501653,0.31394,0,0.66528,12.849,1,0.401638,0.36288,0,17.9558,6.15174,11.7653,0.84672,12.849,0.84672,3695.15,0,18.483,0,0.204422,1.65372,3.35288,1.46097,3.75006,0.42336,18.483,0.42336,0,0,442.007,0,0.887138,0,0,1.09156,0.204422,1.028160,1,0,15.5154,0,0,0,15.5154,0
60.4015,1.95225,0,0,1.14101,0.0406264,0.36288,3.6288,60.3633,0.477744,0,0,0.57545,0.31324,0,0.66528,12.849,1,0.407108,0.36288,0,15.5542,6.15174,9.35828,0.84672,12.849,0.84672,3695.15,0,18.483,0,0.204422,1.65396,3.48192,1.46097,3.87934,0.42336,18.483,0.42336,0,0,442.007,0,0.949026,0,0,1.15345,0.204422,1.028160,1,0,13.2376,0,0,0,13.2376,0
59.2091,1.93939,0,0,1.15126,0.0413731,0.36288,3.6288,60.2383,0.398823,0,0,0.5798,0.305958,0,0.66528,12.849,1,0.412561,0.36288,0,15.7823,5.96689,9.76577,0.84672,12.849,0.84672,3695.15,0,18.483,0,0.407074,1.65421,4.45357,1.38901,5.12584,0.42336,18.483,0.42336,0,0,442.007,0,1.02816,0,0,1.43523,0.407074,1.028160,1,0,14.8916,0,0,0,14.8916,0
57.9913,1.86765,0,0,1.11569,0.103002,0.36288,3.6288,59.9584,0.457521,0,0,0.440462,0.262886,0,0.66528,12.849,1,0.405301,0.36288,0,16.1692,5.45692,10.6698,0.84672,12.849,0.84672,3695.15,0,18.483,0,0.204422,1.65446,3.41197,1.2036,4.06725,0.42336,18.483,0.42336,0,0,442.007,0,0.901005,0,0,1.10543,0.204422,1.028160,1,0,14.7371,0,0,0,14.7371,0
56.8011,1.85446,0,0,1.17971,0.152509,0.36288,3.6288,59.6831,0.537298,0,0,0.505173,0.243093,0,0.66528,12.849,1,0.410888,0.36288,0,18.4473,4.69032,13.7089,0.84672,12.849,0.84672,3695.15,0,18.483,0,0.216518,1.58481,3.78031,1.00941,4.57222,0.42336,18.483,0.42336,0,0,442.007,0,0.821431,0,0,1.03795,0.216518,1.028160,1,0,18.2812,0,0,0,18.2812,0
55.656,1.8412,0,0,1.23015,0.171151,0.36288,3.6288,59.9057,0.330771,0,0,0.789184,0.235851,0,0.66528,12.849,1,0.416498,0.36288,0,18.8195,4.41871,14.3471,0.84672,12.849,0.84672,3695.15,0,18.483,0,0.497215,1.58504,5.22358,0.947885,6.35795,0.42336,18.483,0.42336,0,0,442.007,0,1.02816,0,0,1.52537,0.497215,1.028160,1,0,20.7051,0,0,0,20.7051,0
54.5149,1.8281,0,0,1.21909,0.169218,0.36288,3.6288,60.2585,0.330973,0,0,0.919996,0.236186,0,0.66528,12.849,1,0.422044,0.36288,0,18.4196,4.41871,13.9417,0.84672,12.849,0.84672,3695.15,0,18.483,0,0.744535,1.58528,5.28365,0.947885,6.66557,0.42336,18.483,0.42336,0,0,442.007,0,1.02816,0,0,1.77269,0.744535,1.028160,1,0,20.6073,0,0,0,20.6073,0
53.606,1.76781,0,0,1.40256,0.180775,0.36288,3.6288,60.5976,0.268633,0,0,0.811158,0.2035,0,0.66528,12.849,1,0.416668,0.36288,0,23.3075,4.1923,19.0614,0.84672,12.849,0.84672,3695.15,0,18.483,0,0.771725,1.58551,5.152,0.96064,6.5486,0.42336,18.483,0.42336,0,0,442.007,0,1.02816,0,0,1.79988,0.771725,1.028160,1,0,25.61,0,0,0,25.61,0
53.4322,1.7572,0,0,2.1411,0.19482,0.36288,3.6288,61.0852,0.268826,0,0,0.959446,0.202963,0,0.66528,12.849,1,0.42119,0.36288,0,50.5574,4.02942,46.4697,0.84672,12.849,0.84672,3695.15,0,18.483,0,1.56829,1.5236,6.94207,1.06615,8.96781,0.42336,18.483,0.42336,0,0,442.007,0,1.02816,0,0,2.59645,1.56829,1.028160,1,0,55.4375,0,0,0,55.4375,0
53.9628,1.75536,0,0,2.8902,0.241424,0.36288,3.6288,61.308,0.269019,0,0,1.13838,0.166369,0.480222,0.66528,12.849,1,0.422116,0.36288,0,53.1546,3.4251,49.6702,0.84672,12.849,0.84672,3695.15,0,18.483,0,1.54008,1.52382,8.49096,0.857355,10.6975,0.42336,18.483,0.42336,0,0,442.007,0,1.02816,0,0,2.56824,1.54008,1.028160,1,0,60.848,0,0,0,60.848,0
55.4125,1.76202,0,0,3.81739,0.242731,0.36288,3.6288,61.308,0.269212,0,0,1.43383,0.166603,0.998018,0.66528,12.849,1,0.419553,0.36288,0,58.2192,3.4251,54.7374,0.84672,12.849,0.84672,3695.15,0,18.483,0,2.08514,1.52405,10.2191,0.857355,12.971,0.42336,18.483,0.42336,0,0,442.007,0,1.02816,0,0,3.1133,2.08514,1.028160,1,0,68.7064,0,0,0,68.7064,0
56.7076,1.64538,0,0,3.54968,0.246302,0.36288,3.6288,61.308,0.139069,0,0,2.17273,0.166603,1.86705,0.66528,12.849,1,0.381529,0.36288,0,103.828,3.4251,100.384,0.84672,12.849,0.84672,3695.15,0,18.483,0,2.05288,1.52428,13.1744,0.857355,15.8942,0.42336,18.483,0.42336,0,0,442.007,0,1.02816,0,0,3.08104,2.05288,1.028160,1,0,118.145,0,0,0,118.145,0
58.8796,1.65931,0,0,4.44779,0.253674,0.36288,3.6288,61.308,0.139243,0,0,3.12377,0.226108,2.75842,0.66528,12.849,1,0.375972,0.36288,0,136.398,4.86318,131.522,0.84672,12.849,0.84672,3695.15,0,18.483,0,3.25484,1.38449,14.0478,1.29882,17.3883,0.42336,18.483,0.42336,0,0,442.007,0,1.02816,0,0,4.283,3.25484,1.028160,1,0,151.668,0,0,0,151.668,0
61.0102,1.68164,0,0,4.43428,0.259114,0.36288,3.6288,61.308,0.139417,0,0,1.5945,0.226108,1.22898,0.66528,12.849,1,0.366975,0.36288,0,107.054,4.86318,102.187,0.84672,12.849,0.84672,3695.15,0,18.483,0,2.07862,1.3847,8.60579,1.29882,10.7703,0.42336,18.483,0.42336,0,0,442.007,0,1.02816,0,0,3.10678,2.07862,1.028160,1,0,114.186,0,0,0,114.186,0
63.153,1.70254,0,0,4.47244,0.264233,0.36288,3.6288,61.308,0.139591,0,0,2.45267,0.226108,2.08697,0.66528,12.849,1,0.358561,0.36288,0,128.399,4.86318,123.54,0.84672,12.849,0.84672,3695.15,0,18.483,0,3.66562,1.38491,15.8091,1.29882,19.5608,0.42336,18.483,0.42336,0,0,442.007,0,1.02816,0,0,4.69378,3.66562,1.028160,1,0,145.188,0,0,0,145.188,0
63.5991,1.72262,0,0,2.79308,0.261451,0.36288,3.6288,61.308,0.139765,0,0,1.03865,0.200361,0.698524,0.66528,12.849,1,0.350482,0.36288,0,74.4509,4.3945,70.0688,0.84672,12.849,0.84672,3695.15,0,18.483,0,1.28739,1.38511,6.81033,1.16403,8.3188,0.42336,18.483,0.42336,0,0,442.007,0,1.02816,0,0,2.31555,1.28739,1.028160,1,0,79.0861,0,0,0,79.0861,0
65.9889,1.78099,0,0,4.78283,0.249162,0.36288,3.6288,61.308,0.177706,0,0,1.03742,0.182404,0.677312,0.66528,12.849,1,0.359815,0.36288,0,119.557,3.29596,116.264,0.84672,12.849,0.84672,3695.15,0,18.483,0,1.2371,1.38532,7.75276,0.789363,9.58581,0.42336,18.483,0.42336,0,0,442.007,0,1.02816,0,0,2.26526,1.2371,1.028160,1,0,126.527,0,0,0,126.527,0
68.7703,1.80279,0,0,5.19861,0.251528,0.36288,3.6288,61.308,0.177878,0,0,0.957407,0.194685,0.584844,0.66528,12.849,1,0.35103,0.36288,0,81.6886,2.94074,78.7597,0.84672,12.849,0.84672,3695.15,0,18.483,0,1.56689,1.42983,5.90326,0.643145,8.25684,0.42336,18.483,0.42336,0,0,442.007,0,1.02816,0,0,2.59505,1.56689,1.028160,1,0,87.6014,0,0,0,87.6014,0
71.9583,1.82684,0,0,5.63475,0.257103,0.36288,3.6288,61.308,0.17805,0,0,1.12107,0.194685,0.748331,0.66528,12.849,1,0.341325,0.36288,0,90.212,2.94074,87.2928,0.84672,12.849,0.84672,3695.15,0,18.483,0,2.04296,1.43004,8.27521,0.643145,11.1051,0.42336,18.483,0.42336,0,0,442.007,0,1.02816,0,0,3.07112,2.04296,1.028160,1,0,99.1462,0,0,0,99.1462,0
72.29,1.85279,0,0,7.76987,0.334476,5.25086,3.6288,61.308,0.178222,0,0,1.21293,0.165083,0.869621,0.66528,12.849,1,0.330838,5.25086,0,93.9229,3.18167,95.6612,0.84672,12.849,0.84672,3695.15,0,18.483,0,2.22251,1.43024,11.1954,0.789282,14.0588,0.42336,18.483,0.42336,0,0,442.007,0,1.02816,0,0,3.25067,2.22251,1.028160,1,0,110.59,0,0,0,110.59,0
72.29,2.03663,0,0,7.5654,0.353514,5.17525,3.6288,61.308,0.32026,0,0,1.09226,0.157921,0.61408,0.66528,12.849,1,0.361996,5.17525,0,140.269,3.25468,141.827,0.84672,12.849,0.84672,3695.15,0,18.483,0,2.26405,1.43045,12.7809,0.800728,15.6747,0.42336,18.483,0.42336,0,0,442.007,0,1.02816,0,0,3.29221,2.26405,1.028160,1,0,158.116,0,0,0,158.116,0
72.29,2.03692,0,0,6.26911,0.391513,3.84067,3.6288,61.308,0.320453,0,0,0.789083,0.144547,0.324083,0.66528,12.849,1,0.362048,3.84067,0,93.674,3.45188,93.7008,0.84672,12.849,0.84672,3695.15,0,18.483,0,1.71294,1.58888,6.70022,0.72327,9.27876,0.42336,18.483,0.42336,0,0,442.007,0,1.02816,0,0,2.7411,1.71294,1.028160,1,0,103.304,0,0,0,103.304,0
72.29,2.03722,0,0,5.24792,0.383721,2.82698,3.6288,61.308,0.320645,0,0,0.895709,0.161146,0.413918,0.66528,12.849,1,0.3621,2.82698,0,85.5567,3.845,84.1766,0.84672,12.849,0.84672,3695.15,0,18.483,0,1.90985,1.5891,7.61547,0.846257,10.2682,0.42336,18.483,0.42336,0,0,442.007,0,1.02816,0,0,2.93801,1.90985,1.028160,1,0,94.8587,0,0,0,94.8587,0
72.29,2.03751,0,0,6.20524,0.358682,3.80905,3.6288,61.308,0.320838,0,0,0.849977,0.166754,0.362385,0.66528,12.849,1,0.362151,3.80905,0,88.0554,4.72053,86.7818,0.84672,12.849,0.84672,3695.15,0,18.483,0,2.07199,1.58933,8.63508,1.15566,11.1407,0.42336,18.483,0.42336,0,0,442.007,0,1.02816,0,0,3.10015,2.07199,1.028160,1,0,98.2849,0,0,0,98.2849,0
72.29,1.77949,0,0,5.69752,0.32608,3.59194,3.6288,61.308,0.130537,0,0,0.975758,0.184506,0.660715,0.66528,12.849,1,0.316292,3.59194,0,94.5052,4.29768,93.4832,0.84672,12.849,0.84672,3695.15,0,18.483,0,2.50322,1.58956,9.41155,0.904006,12.6003,0.42336,18.483,0.42336,0,0,442.007,0,1.02816,0,0,3.53138,2.50322,1.028160,1,0,106.744,0,0,0,106.744,0
72.29,1.77975,0,0,5.14023,0.328723,3.03176,3.6288,61.308,0.130703,0,0,0.937354,0.183152,0.623499,0.66528,12.849,1,0.316337,3.03176,0,84.9044,4.97259,82.6473,0.84672,12.849,0.84672,3695.15,0,18.483,0,2.00471,1.37322,9.10155,1.15656,11.3229,0.42336,18.483,0.42336,0,0,442.007,0,1.02816,0,0,3.03287,2.00471,1.028160,1,0,94.5937,0,0,0,94.5937,0
72.29,1.78,0,0,4.87712,0.328384,2.76874,3.6288,61.308,0.130868,0,0,0.962479,0.143969,0.687641,0.66528,12.849,1,0.316382,2.76874,0,80.1101,4.64342,77.919,0.84672,12.849,0.84672,3695.15,0,18.483,0,2.32948,1.37342,9.27167,0.997716,11.9769,0.42336,18.483,0.42336,0,0,442.007,0,1.02816,0,0,3.35764,2.32948,1.028160,1,0,90.5835,0,0,0,90.5835,0
72.29,1.78026,0,0,5.33965,0.328384,3.23101,3.6288,61.308,0.131034,0,0,0.84424,0.143969,0.569237,0.66528,12.849,1,0.316427,3.23101,0,88.6559,4.64342,86.9271,0.84672,12.849,0.84672,3695.15,0,18.483,0,1.68575,1.37362,8.62142,0.997716,10.6831,0.42336,18.483,0.42336,0,0,442.007,0,1.02816,0,0,2.71391,1.68575,1.028160,1,0,98.1794,0,0,0,98.1794,0
72.29,1.78051,0,0,4.72385,0.328384,2.61495,3.6288,61.308,0.1312,0,0,0.806561,0.143969,0.531393,0.66528,12.849,1,0.316472,2.61495,0,77.4117,4.64342,75.0668,0.84672,12.849,0.84672,3695.15,0,18.483,0,1.43447,1.37381,7.81194,0.997716,9.62251,0.42336,18.483,0.42336,0,0,442.007,0,1.02816,0,0,2.46263,1.43447,1.028160,1,0,85.2207,0,0,0,85.2207,0
72.29,1.84583,0,0,5.2002,0.343353,3.01102,3.6288,61.308,0.178,0,0,0.847195,0.170871,0.498323,0.66528,12.849,1,0.328083,3.01102,0,86.0881,4.61861,84.1524,0.84672,12.849,0.84672,3695.15,0,18.483,0,1.50168,1.37401,6.17427,1.09717,7.9528,0.42336,18.483,0.42336,0,0,442.007,0,1.02816,0,0,2.52984,1.50168,1.028160,1,0,92.6035,0,0,0,92.6035,0
72.29,1.8461,0,0,4.24436,0.342638,2.05562,3.6288,61.308,0.178173,0,0,0.706674,0.172677,0.355824,0.66528,12.849,1,0.328129,2.05562,0,58.5458,4.8677,55.4056,0.84672,12.849,0.84672,3695.15,0,18.483,0,0.931029,1.42771,5.26798,1.13737,6.48935,0.42336,18.483,0.42336,0,0,442.007,0,1.02816,0,0,1.95919,0.931029,1.028160,1,0,62.2508,0,0,0,62.2508,0
72.29,1.84636,0,0,3.62638,0.331641,1.44838,3.6288,61.308,0.178345,0,0,0.610282,0.169281,0.262655,0.66528,12.849,1,0.328176,1.44838,0,55.344,4.68703,51.7772,0.84672,12.849,0.84672,3695.15,0,18.483,0,0.753011,1.42792,5.00851,1.11658,6.07286,0.42336,18.483,0.42336,0,0,442.007,0,1.02816,0,0,1.78117,0.753011,1.028160,1,0,58.1127,0,0,0,58.1127,0
72.29,1.84662,0,0,3.86823,0.26566,1.75595,3.6288,61.308,0.178518,0,0,0.612457,0.148907,0.285032,0.66528,12.849,1,0.328223,1.75595,0,59.9657,3.60308,57.7903,0.84672,12.849,0.84672,3695.15,0,18.483,0,0.646013,1.42812,4.89434,0.991847,5.97663,0.42336,18.483,0.42336,0,0,442.007,0,1.02816,0,0,1.67417,0.646013,1.028160,1,0,64.052,0,0,0,64.052,0
72.29,1.82143,0,0,3.39608,0.253523,1.32113,3.6288,61.308,0.264705,0,0,0.529486,0.145378,0.119403,0.66528,12.849,1,0.323746,1.32113,0,52.237,3.72454,49.5098,0.84672,12.849,0.84672,3695.15,0,18.483,0,0.528595,1.42832,4.36184,1.04238,5.27637,0.42336,18.483,0.42336,0,0,442.007,0,0.924022,0,0,1.45262,0.528595,1.028160,1,0,54.9056,0,0,0,54.9056,0
72.29,1.82169,0,0,3.54184,0.26979,1.45036,3.6288,61.308,0.310356,0,0,0.515665,0.156952,0.0483568,0.66528,12.849,1,0.323792,1.45036,0,53.6618,4.10918,50.6792,0.84672,12.849,0.84672,3695.15,0,18.483,0,0.528595,1.40769,4.14247,1.13243,4.94633,0.42336,18.483,0.42336,0,0,442.007,0,0.878541,0,0,1.40714,0.528595,1.028160,1,0,55.6739,0,0,0,55.6739,0
72.29,1.82195,0,0,3.24851,0.171477,1.25508,3.6288,61.2491,0.297756,0,0,0.441592,0.202729,0,0.66528,12.849,1,0.323838,1.25508,0,48.9896,4.51279,45.408,0.84672,12.849,0.84672,3695.15,0,18.483,0,0.402797,1.40789,3.86069,1.15653,4.51485,0.42336,18.483,0.42336,0,0,442.007,0,0.891311,0,0,1.29411,0.402797,1.028160,1,0,49.9229,0,0,0,49.9229,0
72.29,1.82221,0,0,3.16024,0.171477,1.16655,3.6288,61.308,0.161077,0,0,0.48709,0.202654,0.0644661,0.66528,12.849,1,0.323885,1.16655,0,47.3464,4.51279,43.6763,0.84672,12.849,0.84672,3695.15,0,18.483,0,0.408007,1.40809,4.47626,1.15653,5.13584,0.42336,18.483,0.42336,0,0,442.007,0,1.02816,0,0,1.43617,0.408007,1.028160,1,0,48.8766,0,0,0,48.8766,0
72.29,1.90893,0,0,3.0576,0.171477,0.977198,3.6288,61.2,0.3943,0,0,0.489025,0.202729,0,0.66528,12.849,1,0.339297,0.977198,0,44.8876,4.51279,41.0127,0.84672,12.849,0.84672,3695.15,0,18.483,0,0.402797,1.40829,3.92792,1.15653,4.58248,0.42336,18.483,0.42336,0,0,442.007,0,0.859412,0,0,1.26221,0.402797,1.028160,1,0,45.5952,0,0,0,45.5952,0
72.29,1.9092,0,0,2.86179,0.185936,0.766657,3.6288,61.0469,0.369579,0,0,0.449533,0.233068,0,0.66528,12.849,1,0.339346,0.766657,0,39.8916,4.27119,36.0477,0.84672,12.849,0.84672,3695.15,0,18.483,0,0.402797,1.4814,3.32853,1.15341,4.05932,0.42336,18.483,0.42336,0,0,442.007,0,0.884313,0,0,1.28711,0.402797,1.028160,1,0,40.107,0,0,0,40.107,0
72.29,1.90947,0,0,2.64763,0.163103,0.575058,3.6288,61,0.265646,0,0,0.456994,0.238189,0,0.66528,12.849,1,0.339394,0.575058,0,36.139,4.43373,31.941,0.84672,12.849,0.84672,3695.15,0,18.483,0,0.30119,1.48161,3.2843,1.12332,3.94378,0.42336,18.483,0.42336,0,0,442.007,0,0.988425,0,0,1.28962,0.30119,1.028160,1,0,35.8848,0,0,0,35.8848,0
72.29,1.90975,0,0,2.56516,0.163103,0.492316,3.6288,60.928,0.312758,0,0,0.478868,0.238118,0,0.66528,12.849,1,0.339443,0.492316,0,34.2911,4.43373,30.0103,0.84672,12.849,0.84672,3695.15,0,18.483,0,0.30119,1.48182,3.40927,1.12332,4.06897,0.42336,18.483,0.42336,0,0,442.007,0,0.941492,0,0,1.24268,0.30119,1.028160,1,0,34.0792,0,0,0,34.0792,0
72.2563,1.91002,0,0,2.40227,0.163103,0.36288,3.6288,60.7061,0.425681,0,0,0.441764,0.238009,0,0.66528,12.849,1,0.339491,0.36288,0,32.1405,4.43373,27.7302,0.84672,12.849,0.84672,3695.15,0,18.483,0,0.30119,1.48204,3.08904,1.12332,3.74894,0.42336,18.483,0.42336,0,0,442.007,0,0.828749,0,0,1.12994,0.30119,1.028160,1,0,31.4791,0,0,0,31.4791,0
71.7887,1.89292,0,0,1.92352,0.13535,0.36288,3.6288,60.5858,0.381162,0,0,0.463001,0.202139,0,0.66528,12.849,1,0.336608,0.36288,0,30.4911,4.65326,25.8641,0.84672,12.849,0.84672,3695.15,0,18.483,0,0.30119,1.48225,3.25695,1.06962,3.97077,0.42336,18.483,0.42336,0,0,442.007,0,0.908816,0,0,1.21001,0.30119,1.028160,1,0,29.8349,0,0,0,29.8349,0
71.0224,1.88946,0,0,1.60987,0.123825,0.36288,3.6288,60.5833,0.29041,0,0,0.475726,0.187782,0,0.66528,12.849,1,0.338183,0.36288,0,29.7583,4.74107,25.042,0.84672,12.849,0.84672,3695.15,0,18.483,0,0.261274,1.50519,3.24534,1.04814,3.96366,0.42336,18.483,0.42336,0,0,442.007,0,0.999752,0,0,1.26103,0.261274,1.028160,1,0,29.0056,0,0,0,29.0056,0
70.1037,1.88356,0,0,1.45091,0.123102,0.36288,3.6288,60.3874,0.451169,0,0,0.443008,0.187779,0,0.66528,12.849,1,0.340764,0.36288,0,27.5814,4.74107,22.8624,0.84672,12.849,0.84672,3695.15,0,18.483,0,0.261274,1.5054,3.08998,1.04814,3.80851,0.42336,18.483,0.42336,0,0,442.007,0,0.839177,0,0,1.10045,0.261274,1.028160,1,0,26.6709,0,0,0,26.6709,0
69.1531,1.8763,0,0,1.38742,0.0988291,0.36288,3.6288,60.0989,0.465256,0,0,0.418816,0.242071,0,0.66528,12.849,1,0.343899,0.36288,0,24.8662,5.44682,19.4383,0.84672,12.849,0.84672,3695.15,0,18.483,0,0.261274,1.50562,2.93579,1.30576,3.39693,0.42336,18.483,0.42336,0,0,442.007,0,0.825276,0,0,1.08655,0.261274,1.028160,1,0,22.8353,0,0,0,22.8353,0
68.0943,1.91225,0,0,1.3047,0.0883717,0.36288,3.6288,59.7301,0.512341,0,0,0.411625,0.268092,0,0.66528,12.849,1,0.355305,0.36288,0,23.6808,5.72008,17.9683,0.84672,12.849,0.84672,3695.15,0,18.483,0,0.261274,1.50583,2.945,1.42959,3.28252,0.42336,18.483,0.42336,0,0,442.007,0,0.809914,0,0,1.07119,0.261274,1.028160,1,0,21.2508,0,0,0,21.2508,0
67.206,1.90329,0,0,1.46438,0.0865567,0.36288,3.6288,59.4377,0.459904,0,0,0.446683,0.279169,0,0.66528,12.849,1,0.35914,0.36288,0,24.8797,5.69751,19.1859,0.84672,12.849,0.84672,3695.15,0,18.483,0,0.261274,1.54229,2.99135,1.48156,3.31335,0.42336,18.483,0.42336,0,0,442.007,0,0.86254,0,0,1.12381,0.261274,1.028160,1,0,22.4992,0,0,0,22.4992,0
66.2325,1.89567,0,0,1.37102,0.085954,0.36288,3.6288,59.1715,0.418241,0,0,0.430742,0.278648,0,0.66528,12.849,1,0.362429,0.36288,0,23.3382,5.69751,17.6411,0.84672,12.849,0.84672,3695.15,0,18.483,0,0.227405,1.54251,3.09406,1.48156,3.38242,0.42336,18.483,0.42336,0,0,442.007,0,0.904392,0,0,1.1318,0.227405,1.028160,1,0,21.0236,0,0,0,21.0236,0
65.1095,1.88712,0,0,1.21224,0.0852937,0.36288,3.6288,58.7632,0.535675,0,0,0.405494,0.278174,0,0.66528,12.849,1,0.366098,0.36288,0,22.046,5.69751,16.3453,0.84672,12.849,0.84672,3695.15,0,18.483,0,0.227405,1.54273,2.90264,1.48156,3.19122,0.42336,18.483,0.42336,0,0,442.007,0,0.787147,0,0,1.01455,0.227405,1.028160,1,0,19.5365,0,0,0,19.5365,0
63.7644,2.00235,0,0,1.09544,0.0752628,0.36288,3.6288,58.2021,0.680036,0,0,0.401489,0.282542,0,0.66528,12.849,1,0.395152,0.36288,0,20.8983,5.84706,15.0189,0.84672,12.849,0.84672,3695.15,0,18.483,0,0.227405,1.54295,2.8962,1.51144,3.15512,0.42336,18.483,0.42336,0,0,442.007,0,0.756881,0,0,0.984286,0.227405,1.028160,1,0,18.174,0,0,0,18.174,0
62.3064,1.989,0,0,0.976415,0.0825692,0.36288,3.6288,57.4197,0.814472,0,0,0.330864,0.298771,0,0.66528,12.849,1,0.400799,0.36288,0,15.8492,5.82749,9.98381,0.84672,12.849,0.84672,3695.15,0,18.483,0,0.227405,1.66598,2.88921,1.5034,3.27919,0.42336,18.483,0.42336,0,0,442.007,0,0.62265,0,0,0.850055,0.227405,1.028160,1,0,13.263,0,0,0,13.263,0
60.9614,1.97407,0,0,1.07589,0.083938,0.36288,3.6288,56.8486,0.648418,0,0,0.370272,0.293022,0,0.66528,12.849,1,0.407098,0.36288,0,17.0464,5.80083,11.2013,0.84672,12.849,0.84672,3695.15,0,18.483,0,0.204422,1.66621,2.77499,1.5024,3.14322,0.42336,18.483,0.42336,0,0,442.007,0,0.78891,0,0,0.993332,0.204422,1.028160,1,0,14.3445,0,0,0,14.3445,0
59.4188,1.95988,0,0,0.863222,0.0830111,0.36288,3.6288,56.0026,0.845123,0,0,0.291156,0.291938,0,0.66528,12.849,1,0.41309,0.36288,0,20.0502,5.80083,14.1991,0.84672,12.849,0.84672,3695.15,0,18.483,0,0.204422,1.66645,2.30514,1.5024,2.67362,0.42336,18.483,0.42336,0,0,442.007,0,0.59241,0,0,0.796833,0.204422,1.028160,1,0,16.8727,0,0,0,16.8727,0
58.0534,1.94304,0,0,1.02233,0.0818607,0.36288,3.6288,55.7133,0.443483,0,0,0.444442,0.290331,0,0.66528,12.849,1,0.420171,0.36288,0,17.2097,5.80083,11.3515,0.84672,12.849,0.84672,3695.15,0,18.483,0,0.204422,1.66669,3.11726,1.5024,3.48597,0.42336,18.483,0.42336,0,0,442.007,0,0.994257,0,0,1.19868,0.204422,1.028160,1,0,14.8375,0,0,0,14.8375,0
56.4937,1.86885,0,0,0.756777,0.0846986,0.36288,3.6288,54.8992,0.779408,0,0,0.286216,0.320911,0,0.66528,12.849,1,0.413633,0.36288,0,15.0308,5.87373,9.10635,0.84672,12.849,0.84672,3695.15,0,18.483,0,0.204422,1.66693,2.2982,1.49759,2.67196,0.42336,18.483,0.42336,0,0,442.007,0,0.589351,0,0,0.793773,0.204422,1.028160,1,0,11.7783,0,0,0,11.7783,0
54.87,1.8512,0,0,0.702812,0.112496,0.36288,3.6288,53.9003,0.939116,0,0,0.262812,0.322558,0,0.66528,12.849,1,0.421039,0.36288,0,10.4528,5.76276,4.63193,0.84672,12.849,0.84672,3695.15,0,18.483,0,0.216518,1.59674,1.62389,1.43708,2.00007,0.42336,18.483,0.42336,0,0,442.007,0,0.429839,0,0,0.646358,0.216518,1.028160,1,0,6.63199,0,0,0,6.63199,0
53.4562,1.83212,0,0,0.926303,0.145054,0.36288,3.6288,52.9888,0.893671,0,0,0.276302,0.294124,0,0.66528,12.849,1,0.429031,0.36288,0,10.5712,5.5419,4.96316,0.84672,12.849,0.84672,3695.15,0,18.483,0,0.216518,1.59697,1.30609,1.36123,1.75836,0.42336,18.483,0.42336,0,0,442.007,0,0.47548,0,0,0.691998,0.216518,1.028160,1,0,6.72152,0,0,0,6.72152,0
52.4573,1.81494,0,0,1.32189,0.142992,0.36288,3.6288,52.734,0.417512,0,0,0.454745,0.292022,0,0.66528,12.849,1,0.436247,0.36288,0,19.5534,5.5419,13.9382,0.84672,12.849,0.84672,3695.15,0,18.483,0,0.216518,1.5972,2.44853,1.36123,2.90103,0.42336,18.483,0.42336,0,0,442.007,0,0.951834,0,0,1.16835,0.216518,1.028160,1,0,16.8392,0,0,0,16.8392,0
51.3808,1.75595,0,0,1.19389,0.151591,0.36288,3.6288,52.3791,0.470886,0,0,0.402547,0.286555,0,0.66528,12.849,1,0.430106,0.36288,0,30.5646,5.34003,25.1573,0.84672,12.849,0.84672,3695.15,0,18.483,0,0.216518,1.59743,2.03071,1.31952,2.52513,0.42336,18.483,0.42336,0,0,442.007,0,0.835644,0,0,1.05216,0.216518,1.028160,1,0,27.6825,0,0,0,27.6825,0
50.1938,1.74255,0,0,1.12801,0.209577,0.36288,3.6288,52.2207,0.28667,0,0,0.384805,0.256596,0,0.66528,12.849,1,0.435766,0.36288,0,30.2597,4.12881,26.058,0.84672,12.849,0.84672,3695.15,0,18.483,0,0.216518,1.53504,2.19135,1.06931,2.87359,0.42336,18.483,0.42336,0,0,442.007,0,1.02005,0,0,1.23657,0.216518,1.028160,1,0,28.9316,0,0,0,28.9316,0
48.8454,1.72732,0,0,0.948802,0.206984,0.36288,3.6288,51.7522,0.545357,0,0,0.33314,0.256269,0,0.66528,12.849,1,0.442174,0.36288,0,21.0906,4.12881,16.8825,0.84672,12.849,0.84672,3695.15,0,18.483,0,0.292723,1.53526,2.63059,1.06931,3.38926,0.42336,18.483,0.42336,0,0,442.007,0,0.761547,0,0,1.05427,0.292723,1.028160,1,0,20.2717,0,0,0,20.2717,0
47.8271,1.70944,0,0,1.26468,0.210628,0.36288,3.6288,51.6827,0.27893,0,0,0.462498,0.253033,0,0.66528,12.849,1,0.449675,0.36288,0,37.115,4.05732,32.9709,0.84672,12.849,0.84672,3695.15,0,18.483,0,0.40894,1.53547,3.75017,1.05893,4.63565,0.42336,18.483,0.42336,0,0,442.007,0,1.02816,0,0,1.4371,0.40894,1.028160,1,0,37.6066,0,0,0,37.6066,0
48.5402,1.56788,0,0,2.89135,0.247488,0.36288,3.6288,52.2014,0.147806,0,0,0.905764,0.23928,0,0.66528,12.849,1,0.421218,0.36288,0,47.0524,3.62838,43.3657,0.84672,12.849,0.84672,3695.15,0,18.483,0,0.868726,1.53569,6.10343,0.996629,7.51123,0.42336,18.483,0.42336,0,0,442.007,0,1.02816,0,0,1.89689,0.868726,1.028160,1,0,50.8769,0,0,0,50.8769,0
49.4893,1.57727,0,0,3.14649,0.257283,0.36288,3.6288,52.4484,0.147974,0,0,0.637758,0.242761,0,0.66528,12.849,1,0.417517,0.36288,0,62.2889,4.63431,57.5999,0.84672,12.849,0.84672,3695.15,0,18.483,0,0.830408,1.39486,6.0439,1.12339,7.14578,0.42336,18.483,0.42336,0,0,442.007,0,1.02816,0,0,1.85857,0.830408,1.028160,1,0,64.7457,0,0,0,64.7457,0
51.0559,1.58946,0,0,3.78022,0.261256,0.36288,3.6288,52.5415,0.148142,0,0,0.484917,0.243658,0,0.66528,12.849,1,0.412673,0.36288,0,57.8062,4.80196,52.9544,0.84672,12.849,0.84672,3695.15,0,18.483,0,0.629009,1.39506,4.41762,1.14452,5.29717,0.42336,18.483,0.42336,0,0,442.007,0,1.02816,0,0,1.65717,0.629009,1.028160,1,0,58.2516,0,0,0,58.2516,0
51.8227,1.60882,0,0,3.00412,0.265608,0.36288,3.6288,52.6197,0.148311,0,0,0.47036,0.24384,0,0.66528,12.849,1,0.404884,0.36288,0,58.553,4.80196,53.7091,0.84672,12.849,0.84672,3695.15,0,18.483,0,0.640907,1.39525,5.58603,1.14452,6.47767,0.42336,18.483,0.42336,0,0,442.007,0,1.02816,0,0,1.66907,0.640907,1.028160,1,0,60.1867,0,0,0,60.1867,0
51.7848,1.61816,0,0,2.19964,0.256546,0.36288,3.6288,52.0373,0.627887,0,0,0.248942,0.203502,0,0.66528,12.849,1,0.401208,0.36288,0,37.3271,4.02084,33.268,0.84672,12.849,0.84672,3695.15,0,18.483,0,0.412474,1.39545,2.92732,0.919877,3.81537,0.42336,18.483,0.42336,0,0,442.007,0,0.548752,0,0,0.961226,0.412474,1.028160,1,0,37.0833,0,0,0,37.0833,0
52.3223,1.66862,0,0,2.82506,0.256009,0.36288,3.6288,51.5792,0.576196,0,0,0.320079,0.201988,0,0.66528,12.849,1,0.414024,0.36288,0,47.3501,3.9814,43.3175,0.84672,12.849,0.84672,3695.15,0,18.483,0,0.412474,1.39565,4.1175,0.930105,4.99553,0.42336,18.483,0.42336,0,0,442.007,0,0.63866,0,0,1.05113,0.412474,1.028160,1,0,48.313,0,0,0,48.313,0
55.4506,1.67534,0,0,5.42931,0.262852,0.36288,3.6288,52.0876,0.186863,0,0,0.917162,0.22191,0,0.66528,12.849,1,0.41142,0.36288,0,72.0636,4.34542,67.6696,0.84672,12.849,0.84672,3695.15,0,18.483,0,0.620715,1.44049,6.30587,1.06355,7.30353,0.42336,18.483,0.42336,0,0,442.007,0,1.02816,0,0,1.64887,0.620715,1.028160,1,0,74.9731,0,0,0,74.9731,0
57.6582,1.71174,0,0,4.55357,0.271339,0.36288,3.6288,52.7786,0.18703,0,0,1.10089,0.222823,0,0.66528,12.849,1,0.396644,0.36288,0,72.9125,4.34542,68.5333,0.84672,12.849,0.84672,3695.15,0,18.483,0,1.07201,1.44069,5.5757,1.06355,7.02486,0.42336,18.483,0.42336,0,0,442.007,0,1.02816,0,0,2.10017,1.07201,1.028160,1,0,75.5582,0,0,0,75.5582,0
58.9422,1.73597,0,0,3.6602,0.277328,0.36288,3.6288,53.3264,0.187197,0,0,0.959031,0.224064,0,0.66528,12.849,1,0.386858,0.36288,0,42.1635,4.34542,37.7941,0.84672,12.849,0.84672,3695.15,0,18.483,0,0.852094,1.44089,4.46846,1.06355,5.6979,0.42336,18.483,0.42336,0,0,442.007,0,1.02816,0,0,1.88025,0.852094,1.028160,1,0,43.492,0,0,0,43.492,0
59.3943,1.92029,0,0,3.05385,0.318585,0.36288,3.6288,53.1226,0.656979,0,0,0.653122,0.199937,0,0.66528,12.849,1,0.418609,0.36288,0,47.791,4.25729,43.4779,0.84672,12.849,0.84672,3695.15,0,18.483,0,0.503194,1.44109,5.56447,0.993823,6.51493,0.42336,18.483,0.42336,0,0,442.007,0,0.701464,0,0,1.20466,0.503194,1.028160,1,0,49.9929,0,0,0,49.9929,0
60.271,1.92564,0,0,3.42584,0.260581,0.36288,3.6288,53.3238,0.362404,0,0,0.751818,0.188164,0,0.66528,12.849,1,0.416581,0.36288,0,55.8296,3.76953,52.0064,0.84672,12.849,0.84672,3695.15,0,18.483,0,0.503194,1.60069,4.42615,0.977668,5.55236,0.42336,18.483,0.42336,0,0,442.007,0,0.996227,0,0,1.49942,0.503194,1.028160,1,0,57.5587,0,0,0,57.5587,0
61.5568,1.93562,0,0,3.85554,0.271232,0.36288,3.6288,53.5822,0.330657,0,0,0.778575,0.189523,0,0.66528,12.849,1,0.41265,0.36288,0,61.756,3.96816,57.738,0.84672,12.849,0.84672,3695.15,0,18.483,0,0.828153,1.60091,4.88211,1.05741,6.25376,0.42336,18.483,0.42336,0,0,442.007,0,1.02816,0,0,1.85631,0.828153,1.028160,1,0,63.9918,0,0,0,63.9918,0
64.2171,1.94982,0,0,5.24712,0.274157,0.36288,3.6288,53.8211,0.330843,0,0,0.75962,0.189913,0,0.66528,12.849,1,0.406994,0.36288,0,89.3195,3.96816,85.3072,0.84672,12.849,0.84672,3695.15,0,18.483,0,1.08652,1.60113,5.59818,1.05741,7.22842,0.42336,18.483,0.42336,0,0,442.007,0,1.02816,0,0,2.11468,1.08652,1.028160,1,0,92.5356,0,0,0,92.5356,0
66.1284,1.72704,0,0,4.28146,0.280181,0.36288,3.6288,54.2926,0.139125,0,0,0.800876,0.190275,0,0.66528,12.849,1,0.345557,0.36288,0,69.1041,3.96816,65.1533,0.84672,12.849,0.84672,3695.15,0,18.483,0,0.750142,1.60135,5.09316,1.05741,6.38724,0.42336,18.483,0.42336,0,0,442.007,0,1.02816,0,0,1.7783,0.750142,1.028160,1,0,71.5405,0,0,0,71.5405,0
69.5832,1.7438,0,0,5.8775,0.316056,0.36288,3.6288,54.9774,0.139285,0,0,0.994982,0.170833,0,0.66528,12.849,1,0.338827,0.36288,0,103.715,4.04009,99.6985,0.84672,12.849,0.84672,3695.15,0,18.483,0,1.04881,1.3834,10.0827,1.0391,11.4758,0.42336,18.483,0.42336,0,0,442.007,0,1.02816,0,0,2.07697,1.04881,1.028160,1,0,111.174,0,0,0,111.174,0
72.29,1.77233,0,0,5.63693,0.324747,0.833061,3.6288,55.8304,0.139445,0,0,1.16395,0.171607,0,0.66528,12.849,1,0.327272,0.833061,0,102.818,4.04009,99.2834,0.84672,12.849,0.84672,3695.15,0,18.483,0,1.0247,1.38359,7.81047,1.0391,9.17966,0.42336,18.483,0.42336,0,0,442.007,0,1.02816,0,0,2.05286,1.0247,1.028160,1,0,108.463,0,0,0,108.463,0
72.29,1.79342,0,0,9.70367,0.329508,7.58074,3.6288,57.3335,0.139606,0,0,1.79873,0.155985,0,0.66528,12.849,1,0.318767,7.58074,0,214.92,3.77112,218.411,0.84672,12.849,0.84672,3695.15,0,18.483,0,2.94517,1.38378,18.4214,0.993031,21.7573,0.42336,18.483,0.42336,0,0,442.007,0,1.02816,0,0,3.97333,2.94517,1.028160,1,0,240.168,0,0,0,240.168,0
72.29,1.79367,0,0,8.70566,0.326776,6.58522,3.6288,58.4951,0.139766,0,0,1.43656,0.135188,0,0.66528,12.849,1,0.318811,6.58522,0,205.315,3.4125,208.169,0.84672,12.849,0.84672,3695.15,0,18.483,0,2.3912,1.38397,11.939,0.931611,14.7826,0.42336,18.483,0.42336,0,0,442.007,0,1.02816,0,0,3.41936,2.3912,1.028160,1,0,222.951,0,0,0,222.951,0
72.29,1.85946,0,0,8.82498,0.358622,6.6069,3.6288,59.6208,0.186906,0,0,1.45085,0.138205,0,0.66528,12.849,1,0.330505,6.6069,0,251.633,3.23892,254.671,0.84672,12.849,0.84672,3695.15,0,18.483,0,2.05356,1.38416,16.5226,0.900342,19.06,0.42336,18.483,0.42336,0,0,442.007,0,1.02816,0,0,3.08172,2.05356,1.028160,1,0,273.731,0,0,0,273.731,0
72.29,1.85972,0,0,8.59481,0.352911,6.38219,3.6288,60.6821,0.187073,0,0,1.3825,0.134138,0,0.66528,12.849,1,0.33055,6.38219,0,173.614,3.40633,176.259,0.84672,12.849,0.84672,3695.15,0,18.483,0,2.03191,1.43825,10.9109,0.934685,13.4464,0.42336,18.483,0.42336,0,0,442.007,0,1.02816,0,0,3.06007,2.03191,1.028160,1,0,189.706,0,0,0,189.706,0
72.29,1.85997,0,0,6.03116,0.341073,3.83012,3.6288,61.308,0.18724,0,0,0.995103,0.132399,0.0495892,0.66528,12.849,1,0.330596,3.83012,0,141.946,3.52537,141.92,0.84672,12.849,0.84672,3695.15,0,18.483,0,1.583,1.43845,8.26978,0.957803,10.3334,0.42336,18.483,0.42336,0,0,442.007,0,1.02816,0,0,2.61116,1.583,1.028160,1,0,152.303,0,0,0,152.303,0
72.29,1.86023,0,0,5.33302,0.341073,3.13172,3.6288,61.308,0.187407,0,0,1.06612,0.132925,0.745784,0.66528,12.849,1,0.330641,3.13172,0,122.756,3.52537,122.032,0.84672,12.849,0.84672,3695.15,0,18.483,0,1.42205,1.43865,8.09689,0.957803,9.99979,0.42336,18.483,0.42336,0,0,442.007,0,1.02816,0,0,2.45021,1.42205,1.028160,1,0,132.778,0,0,0,132.778,0
72.29,1.83484,0,0,4.89854,0.329048,2.73465,3.6288,61.308,0.169318,0,0,1.01987,0.146509,0.704047,0.66528,12.849,1,0.326129,2.73465,0,122.232,3.4926,121.148,0.84672,12.849,0.84672,3695.15,0,18.483,0,1.25387,1.43885,9.76329,0.982357,11.4736,0.42336,18.483,0.42336,0,0,442.007,0,1.02816,0,0,2.28203,1.25387,1.028160,1,0,133.325,0,0,0,133.325,0
72.29,1.83509,0,0,4.58171,0.293753,2.45287,3.6288,61.308,0.169482,0,0,0.751766,0.175783,0.406501,0.66528,12.849,1,0.326174,2.45287,0,102.34,3.59436,100.872,0.84672,12.849,0.84672,3695.15,0,18.483,0,1.0497,1.41805,6.97404,1.06795,8.37384,0.42336,18.483,0.42336,0,0,442.007,0,1.02816,0,0,2.07786,1.0497,1.028160,1,0,109.653,0,0,0,109.653,0
72.29,1.83534,0,0,4.16462,0.293753,2.03552,3.6288,61.308,0.169647,0,0,0.629338,0.175783,0.283907,0.66528,12.849,1,0.326219,2.03552,0,94.4171,3.59436,92.532,0.84672,12.849,0.84672,3695.15,0,18.483,0,0.736577,1.41825,6.29122,1.06795,7.3781,0.42336,18.483,0.42336,0,0,442.007,0,1.02816,0,0,1.76474,0.736577,1.028160,1,0,100.194,0,0,0,100.194,0
72.29,1.8356,0,0,4.07976,0.259386,1.98477,3.6288,61.308,0.169811,0,0,0.606696,0.185853,0.251032,0.66528,12.849,1,0.326263,1.98477,0,91.1848,3.71658,89.1268,0.84672,12.849,0.84672,3695.15,0,18.483,0,0.706864,1.41844,6.25552,1.00769,7.37314,0.42336,18.483,0.42336,0,0,442.007,0,1.02816,0,0,1.73502,0.706864,1.028160,1,0,96.7509,0,0,0,96.7509,0
72.29,1.92294,0,0,3.86812,0.206108,1.73908,3.6288,61.308,0.234753,0,0,0.586672,0.198348,0.15357,0.66528,12.849,1,0.341787,1.73908,0,84.2314,4.09584,81.5328,0.84672,12.849,0.84672,3695.15,0,18.483,0,0.667872,1.41864,5.52731,0.937479,6.67634,0.42336,18.483,0.42336,0,0,442.007,0,1.02816,0,0,1.69603,0.667872,1.028160,1,0,88.3627,0,0,0,88.3627,0
72.29,1.9232,0,0,3.11622,0.223911,0.969112,3.6288,61.2806,0.354652,0,0,0.527698,0.200472,0,0.66528,12.849,1,0.341834,0.969112,0,56.0275,4.37398,52.2808,0.84672,12.849,0.84672,3695.15,0,18.483,0,0.402797,1.49227,4.51509,0.957748,5.45241,0.42336,18.483,0.42336,0,0,442.007,0,0.908436,0,0,1.31123,0.402797,1.028160,1,0,57.7332,0,0,0,57.7332,0
72.29,1.92346,0,0,3.07604,0.168361,0.984213,3.6288,61.308,0.235101,0,0,0.603418,0.211414,0.129478,0.66528,12.849,1,0.341881,0.984213,0,55.3272,4.62492,51.3446,0.84672,12.849,0.84672,3695.15,0,18.483,0,0.605085,1.49248,5.1292,0.993757,6.233,0.42336,18.483,0.42336,0,0,442.007,0,1.02816,0,0,1.63325,0.605085,1.028160,1,0,57.7071,0,0,0,57.7071,0
72.29,1.92373,0,0,2.73695,0.120853,0.692372,3.6288,61.308,0.235274,0,0,0.494764,0.228347,0.0311421,0.66528,12.849,1,0.341928,0.692372,0,51.3165,4.85163,46.8153,0.84672,12.849,0.84672,3695.15,0,18.483,0,0.359018,1.49268,4.39108,1.03937,5.20341,0.42336,18.483,0.42336,0,0,442.007,0,1.02816,0,0,1.38718,0.359018,1.028160,1,0,52.0499,0,0,0,52.0499,0
72.29,1.92399,0,0,2.55734,0.120853,0.512499,3.6288,61.1111,0.363501,0,0,0.394912,0.228347,0,0.66528,12.849,1,0.341975,0.512499,0,47.2578,4.85163,42.5767,0.84672,12.849,0.84672,3695.15,0,18.483,0,0.30119,1.49289,4.05965,1.03937,4.81436,0.42336,18.483,0.42336,0,0,442.007,0,0.900107,0,0,1.2013,0.30119,1.028160,1,0,47.391,0,0,0,47.391,0
72.0489,1.90702,0,0,2.14389,0.115088,0.36288,3.6288,60.7566,0.519493,0,0,0.415489,0.250426,0,0.66528,12.849,1,0.338959,0.36288,0,41.7791,5.06229,36.7407,0.84672,12.849,0.84672,3695.15,0,18.483,0,0.30119,1.49309,3.37072,1.17714,3.98786,0.42336,18.483,0.42336,0,0,442.007,0,0.779916,0,0,1.08111,0.30119,1.028160,1,0,40.7286,0,0,0,40.7286,0
71.4656,1.90536,0,0,1.79552,0.110562,0.36288,3.6288,60.2857,0.652521,0,0,0.448193,0.266599,0,0.66528,12.849,1,0.339796,0.36288,0,40.244,5.22029,35.0468,0.84672,12.849,0.84672,3695.15,0,18.483,0,0.30119,1.51619,2.93096,1.28048,3.46787,0.42336,18.483,0.42336,0,0,442.007,0,0.647067,0,0,0.948257,0.30119,1.028160,1,0,38.5147,0,0,0,38.5147,0
70.7418,1.90092,0,0,1.65004,0.110072,0.36288,3.6288,59.8428,0.612385,0,0,0.435312,0.265803,0,0.66528,12.849,1,0.341771,0.36288,0,39.6084,5.22029,34.4093,0.84672,12.849,0.84672,3695.15,0,18.483,0,0.261274,1.5164,2.95551,1.28048,3.45271,0.42336,18.483,0.42336,0,0,442.007,0,0.687381,0,0,0.948655,0.261274,1.028160,1,0,37.862,0,0,0,37.862,0
69.8761,1.89527,0,0,1.50193,0.109464,0.36288,3.6288,59.2456,0.739278,0,0,0.407148,0.265054,0,0.66528,12.849,1,0.344242,0.36288,0,38.024,5.22029,32.8224,0.84672,12.849,0.84672,3695.15,0,18.483,0,0.261274,1.51661,2.77644,1.28048,3.27385,0.42336,18.483,0.42336,0,0,442.007,0,0.560667,0,0,0.82194,0.261274,1.028160,1,0,36.0962,0,0,0,36.0962,0
68.8521,1.93242,0,0,1.36636,0.0951133,0.36288,3.6288,58.5362,0.797241,0,0,0.382317,0.294552,0,0.66528,12.849,1,0.355338,0.36288,0,33.1502,5.63547,27.5223,0.84672,12.849,0.84672,3695.15,0,18.483,0,0.261274,1.51682,2.58613,1.41755,2.94668,0.42336,18.483,0.42336,0,0,442.007,0,0.534652,0,0,0.795925,0.261274,1.028160,1,0,30.469,0,0,0,30.469,0
67.8722,1.92383,0,0,1.38506,0.0781753,0.36288,3.6288,57.8327,0.825703,0,0,0.446775,0.324558,0,0.66528,12.849,1,0.359019,0.36288,0,35.7063,6.15048,29.5596,0.84672,12.849,0.84672,3695.15,0,18.483,0,0.261274,1.55353,2.34011,1.51865,2.63627,0.42336,18.483,0.42336,0,0,442.007,0,0.506373,0,0,0.767647,0.261274,1.028160,1,0,32.1959,0,0,0,32.1959,0
66.829,1.91544,0,0,1.3127,0.0775786,0.36288,3.6288,57.1582,0.751072,0,0,0.3997,0.323089,0,0.66528,12.849,1,0.362615,0.36288,0,31.5495,6.15048,25.3993,0.84672,12.849,0.84672,3695.15,0,18.483,0,0.261274,1.55375,2.44418,1.51865,2.74055,0.42336,18.483,0.42336,0,0,442.007,0,0.581187,0,0,0.84246,0.261274,1.028160,1,0,28.1398,0,0,0,28.1398,0
65.71,1.90631,0,0,1.22714,0.0769432,0.36288,3.6288,56.4165,0.789884,0,0,0.369812,0.32168,0,0.66528,12.849,1,0.366519,0.36288,0,29.9989,6.15048,23.8448,0.84672,12.849,0.84672,3695.15,0,18.483,0,0.227405,1.55396,2.14467,1.51865,2.40739,0.42336,18.483,0.42336,0,0,442.007,0,0.542557,0,0,0.769962,0.227405,1.028160,1,0,26.2522,0,0,0,26.2522,0
64.4586,2.0229,0,0,1.21065,0.0762617,0.36288,3.6288,55.6436,0.852892,0,0,0.400103,0.320131,0,0.66528,12.849,1,0.395561,0.36288,0,27.8359,6.15048,21.6528,0.84672,12.849,0.84672,3695.15,0,18.483,0,0.227405,1.55418,2.42539,1.51865,2.68832,0.42336,18.483,0.42336,0,0,442.007,0,0.594467,0,0,0.821871,0.227405,1.028160,1,0,24.3411,0,0,0,24.3411,0
63.2997,2.01058,0,0,1.2508,0.0362421,0.36288,3.6288,54.7694,0.943033,0,0,0.40086,0.332029,0,0.66528,12.849,1,0.400783,0.36288,0,26.2997,6.4276,19.8342,0.84672,12.849,0.84672,3695.15,0,18.483,0,0.227405,1.67808,2.59789,1.5862,2.91718,0.42336,18.483,0.42336,0,0,442.007,0,0.504524,0,0,0.731929,0.227405,1.028160,1,0,22.7514,0,0,0,22.7514,0
62.301,1.99889,0,0,1.39614,0.0331334,0.36288,3.6288,54.0898,0.83874,0,0,0.487737,0.328547,0,0.66528,12.849,1,0.405747,0.36288,0,31.391,6.32909,25.0191,0.84672,12.849,0.84672,3695.15,0,18.483,0,0.227405,1.67831,2.62301,1.57139,2.95734,0.42336,18.483,0.42336,0,0,442.007,0,0.609016,0,0,0.836421,0.227405,1.028160,1,0,27.9764,0,0,0,27.9764,0
61.0196,1.98861,0,0,1.10298,0.0328639,0.36288,3.6288,53.0656,1.05315,0,0,0.35603,0.327075,0,0.66528,12.849,1,0.410131,0.36288,0,32.3946,6.32909,26.0182,0.84672,12.849,0.84672,3695.15,0,18.483,0,0.204422,1.67854,2.0784,1.57139,2.38997,0.42336,18.483,0.42336,0,0,442.007,0,0.394803,0,0,0.599225,0.204422,1.028160,1,0,28.4082,0,0,0,28.4082,0
60.0153,1.975,0,0,1.36607,0.0325182,0.36288,3.6288,52.7496,0.583805,0,0,0.592318,0.324529,0,0.66528,12.849,1,0.415879,0.36288,0,28.7089,6.32909,22.3268,0.84672,12.849,0.84672,3695.15,0,18.483,0,0.204422,1.67877,3.1232,1.57139,3.43501,0.42336,18.483,0.42336,0,0,442.007,0,0.86435,0,0,1.06877,0.204422,1.028160,1,0,25.7618,0,0,0,25.7618,0
59.083,1.90419,0,0,1.34566,0.0108804,0.36288,3.6288,52.0617,0.763317,0,0,0.394811,0.319409,0,0.66528,12.849,1,0.407679,0.36288,0,27.5352,6.00084,21.4896,0.84672,12.849,0.84672,3695.15,0,18.483,0,0.204422,1.679,3.27665,1.41189,3.74819,0.42336,18.483,0.42336,0,0,442.007,0,0.615349,0,0,0.819772,0.204422,1.028160,1,0,25.2378,0,0,0,25.2378,0
58.3944,1.8942,0,0,1.62842,0.0599079,0.36288,3.6288,51.4612,0.687898,0,0,0.368603,0.281163,0,0.66528,12.849,1,0.41194,0.36288,0,27.7948,4.83564,22.9101,0.84672,12.849,0.84672,3695.15,0,18.483,0,0.204422,1.6083,3.54225,1.13011,4.22486,0.42336,18.483,0.42336,0,0,442.007,0,0.690958,0,0,0.89538,0.204422,1.028160,1,0,27.135,0,0,0,27.135,0
57.8867,1.88675,0,0,1.85355,0.111617,0.36288,3.6288,51.3512,0.38091,0,0,0.533025,0.262102,0,0.66528,12.849,1,0.415158,0.36288,0,27.3788,4.31351,23.013,0.84672,12.849,0.84672,3695.15,0,18.483,0,0.216518,1.60852,4.94289,1.03339,5.73454,0.42336,18.483,0.42336,0,0,442.007,0,0.998136,0,0,1.21465,0.216518,1.028160,1,0,28.7475,0,0,0,28.7475,0
57.2959,1.88125,0,0,1.76442,0.111067,0.36288,3.6288,51.1512,0.456743,0,0,0.518636,0.261869,0,0.66528,12.849,1,0.417578,0.36288,0,34.8517,4.31351,30.4835,0.84672,12.849,0.84672,3695.15,0,18.483,0,0.216518,1.60874,4.89367,1.03339,5.68554,0.42336,18.483,0.42336,0,0,442.007,0,0.922493,0,0,1.13901,0.216518,1.028160,1,0,36.169,0,0,0,36.169,0
56.9797,1.82629,0,0,1.98334,0.110426,0.36288,3.6288,51.2831,0.287798,0,0,0.681069,0.261444,0,0.66528,12.849,1,0.409559,0.36288,0,69.1068,4.31351,64.7466,0.84672,12.849,0.84672,3695.15,0,18.483,0,0.367615,1.60896,6.49965,1.03339,7.44284,0.42336,18.483,0.42336,0,0,442.007,0,1.02816,0,0,1.39577,0.367615,1.028160,1,0,72.1894,0,0,0,72.1894,0
56.1999,1.82297,0,0,1.60667,0.200633,0.36288,3.6288,50.5823,0.857748,0,0,0.355334,0.19832,0,0.66528,12.849,1,0.411082,0.36288,0,29.4436,4.15476,25.2406,0.84672,12.849,0.84672,3695.15,0,18.483,0,0.216518,1.54611,4.40478,0.977427,5.18998,0.42336,18.483,0.42336,0,0,442.007,0,0.458391,0,0,0.674909,0.216518,1.028160,1,0,30.4306,0,0,0,30.4306,0
55.127,1.81429,0,0,1.337,0.232676,0.36288,3.6288,49.5987,1.03892,0,0,0.248705,0.1934,0,0.66528,12.849,1,0.414801,0.36288,0,23.9211,4.1937,19.6755,0.84672,12.849,0.84672,3695.15,0,18.483,0,0.216518,1.54633,3.67756,1.02703,4.41338,0.42336,18.483,0.42336,0,0,442.007,0,0.277398,0,0,0.493917,0.216518,1.028160,1,0,24.0889,0,0,0,24.0889,0
54.7445,1.80198,0,0,2.01253,0.230199,0.36288,3.6288,49.7208,0.288341,0,0,0.602273,0.191849,0,0.66528,12.849,1,0.420006,0.36288,0,37.3022,4.1937,33.0513,0.84672,12.849,0.84672,3695.15,0,18.483,0,0.399384,1.54654,7.45699,1.02703,8.37588,0.42336,18.483,0.42336,0,0,442.007,0,1.02816,0,0,1.42754,0.399384,1.028160,1,0,41.4272,0,0,0,41.4272,0
57.3623,1.66229,0,0,4.87228,0.229316,0.36288,3.6288,50.7218,0.156266,0,0,1.34927,0.192041,0,0.66528,12.849,1,0.390154,0.36288,0,97.7561,4.1937,93.5351,0.84672,12.849,0.84672,3695.15,0,18.483,0,1.2181,1.54675,11.281,1.02703,13.0188,0.42336,18.483,0.42336,0,0,442.007,0,1.02816,0,0,2.24626,1.2181,1.028160,1,0,106.554,0,0,0,106.554,0
57.1875,1.69061,0,0,2.1347,0.256008,0.36288,3.6288,50.7169,0.450667,0,0,0.626203,0.180425,0,0.66528,12.849,1,0.378691,0.36288,0,80.1005,3.6852,76.3995,0.84672,12.849,0.84672,3695.15,0,18.483,0,0.292723,1.40489,4.05982,0.929165,4.82827,0.42336,18.483,0.42336,0,0,442.007,0,0.733921,0,0,1.02664,0.292723,1.028160,1,0,81.2277,0,0,0,81.2277,0
56.4741,1.68901,0,0,1.57422,0.235716,0.36288,3.6288,50.5656,0.48098,0,0,0.525213,0.195514,0,0.66528,12.849,1,0.379491,0.36288,0,36.8746,3.78651,33.0714,0.84672,12.849,0.84672,3695.15,0,18.483,0,0.292723,1.40508,3.0855,0.976333,3.80697,0.42336,18.483,0.42336,0,0,442.007,0,0.703771,0,0,0.996494,0.292723,1.028160,1,0,36.8784,0,0,0,36.8784,0
57.2518,1.68173,0,0,3.05636,0.234064,0.36288,3.6288,50.8527,0.268461,0,0,0.7508,0.195273,0,0.66528,12.849,1,0.382627,0.36288,0,42.5986,3.78651,38.7923,0.84672,12.849,0.84672,3695.15,0,18.483,0,0.412474,1.40528,4.41734,0.976333,5.25876,0.42336,18.483,0.42336,0,0,442.007,0,0.916453,0,0,1.32893,0.412474,1.028160,1,0,44.0511,0,0,0,44.0511,0
60.9834,1.69015,0,0,6.03161,0.247011,0.36288,3.6288,52.5704,0.156917,0,0,2.08137,0.206688,0,0.66528,12.849,1,0.37932,0.36288,0,149.13,4.01016,145.103,0.84672,12.849,0.84672,3695.15,0,18.483,0,1.68609,1.40547,9.53986,1.00916,11.6223,0.42336,18.483,0.42336,0,0,442.007,0,1.02816,0,0,2.71425,1.68609,1.028160,1,0,156.726,0,0,0,156.726,0
62.8062,1.72754,0,0,4.19604,0.282731,0.36288,3.6288,53.4816,0.156917,0,0,1.2989,0.230775,0,0.66528,12.849,1,0.363987,0.36288,0,154.385,4.6144,149.769,0.84672,12.849,0.84672,3695.15,0,18.483,0,0.88312,1.40566,7.55372,1.12694,8.71556,0.42336,18.483,0.42336,0,0,442.007,0,1.02816,0,0,1.91128,0.88312,1.028160,1,0,158.485,0,0,0,158.485,0
64.1827,1.79963,0,0,3.82094,0.281953,0.36288,3.6288,53.6146,0.305484,0,0,0.654308,0.215892,0,0.66528,12.849,1,0.368171,0.36288,0,71.1885,4.7272,66.456,0.84672,12.849,0.84672,3695.15,0,18.483,0,0.412474,1.40566,3.48016,1.21622,4.08208,0.42336,18.483,0.42336,0,0,442.007,0,0.918078,0,0,1.33055,0.412474,1.028160,1,0,70.5381,0,0,0,70.5381,0
66.905,1.81281,0,0,5.18314,0.285126,0.36288,3.6288,54.6137,0.195563,0,0,1.41077,0.21612,0,0.66528,12.849,1,0.362913,0.36288,0,73.7165,4.7272,68.9892,0.84672,12.849,0.84672,3695.15,0,18.483,0,2.69543,1.45082,9.28527,1.21622,12.2153,0.42336,18.483,0.42336,0,0,442.007,0,1.02816,0,0,3.72359,2.69543,1.028160,1,0,81.2045,0,0,0,81.2045,0
69.4438,1.83757,0,0,5.00921,0.270011,0.36288,3.6288,55.509,0.195725,0,0,1.31115,0.220075,0,0.66528,12.849,1,0.352903,0.36288,0,96.4656,4.48976,91.9858,0.84672,12.849,0.84672,3695.15,0,18.483,0,0.869158,1.45101,7.66905,1.25668,8.73254,0.42336,18.483,0.42336,0,0,442.007,0,1.02816,0,0,1.89732,0.869158,1.028160,1,0,100.718,0,0,0,100.718,0
70.5437,1.8595,0,0,3.58896,0.266706,0.36288,3.6288,56.7255,0.195886,0,0,1.63471,0.222365,0,0.66528,12.849,1,0.344058,0.36288,0,77.7607,4.39478,73.3847,0.84672,12.849,0.84672,3695.15,0,18.483,0,0.638107,1.4512,5.61687,1.27287,6.43331,0.42336,18.483,0.42336,0,0,442.007,0,1.02816,0,0,1.66627,0.638107,1.028160,1,0,79.818,0,0,0,79.818,0
72.29,2.05108,0,0,5.76216,0.329071,1.63568,3.6288,58.1215,0.339988,0,0,1.92026,0.184202,0,0.66528,12.849,1,0.373589,1.63568,0,92.6587,4.3261,89.5947,0.84672,12.849,0.84672,3695.15,0,18.483,0,1.4857,1.45139,10.0488,1.03458,11.9513,0.42336,18.483,0.42336,0,0,442.007,0,1.02816,0,0,2.51386,1.4857,1.028160,1,0,101.546,0,0,0,101.546,0
72.29,2.0667,0,0,5.86886,0.343639,3.45852,3.6288,59.5168,0.340169,0,0,1.91458,0.17916,0,0.66528,12.849,1,0.367341,3.45852,0,94.1509,4.31466,92.9275,0.84672,12.849,0.84672,3695.15,0,18.483,0,1.78008,1.61212,10.664,0.994863,13.0613,0.42336,18.483,0.42336,0,0,442.007,0,1.02816,0,0,2.80824,1.78008,1.028160,1,0,105.989,0,0,0,105.989,0
72.29,2.06698,0,0,6.90298,0.343639,4.49236,3.6288,61.0097,0.340349,0,0,2.01399,0.180772,0,0.66528,12.849,1,0.367389,4.49236,0,112.903,4.31466,112.714,0.84672,12.849,0.84672,3695.15,0,18.483,0,1.72825,1.61234,11.0971,0.994863,13.4429,0.42336,18.483,0.42336,0,0,442.007,0,1.02816,0,0,2.75641,1.72825,1.028160,1,0,126.156,0,0,0,126.156,0
72.29,2.06725,0,0,7.29484,0.333131,4.89446,3.6288,61.308,0.340529,0,0,2.0349,0.175524,1.22051,0.66528,12.849,1,0.367438,4.89446,0,120.081,4.07535,120.533,0.84672,12.849,0.84672,3695.15,0,18.483,0,2.00143,1.61255,12.139,0.917839,14.8352,0.42336,18.483,0.42336,0,0,442.007,0,1.02816,0,0,3.02959,2.00143,1.028160,1,0,136.589,0,0,0,136.589,0
72.29,1.80545,0,0,7.69306,0.314759,5.57285,3.6288,61.308,0.147438,0,0,2.25997,0.154936,1.9576,0.66528,12.849,1,0.320905,5.57285,0,149.456,3.54395,151.164,0.84672,12.849,0.84672,3695.15,0,18.483,0,2.50037,1.61276,17.4595,0.802739,20.7699,0.42336,18.483,0.42336,0,0,442.007,0,1.02816,0,0,3.52853,2.50037,1.028160,1,0,173.892,0,0,0,173.892,0
72.29,1.80569,0,0,6.96686,0.315687,4.84549,3.6288,61.308,0.147593,0,0,2.06112,0.148854,1.76468,0.66528,12.849,1,0.320947,4.84549,0,132.42,3.47792,133.467,0.84672,12.849,0.84672,3695.15,0,18.483,0,2.44897,1.39325,16.5756,0.796656,19.6212,0.42336,18.483,0.42336,0,0,442.007,0,1.02816,0,0,3.47713,2.44897,1.028160,1,0,154.853,0,0,0,154.853,0
72.29,1.80593,0,0,8.11115,0.315687,5.98953,3.6288,61.308,0.147748,0,0,2.10366,0.148854,1.80706,0.66528,12.849,1,0.32099,5.98953,0,148.74,3.47792,150.931,0.84672,12.849,0.84672,3695.15,0,18.483,0,2.90953,1.39344,20.1258,0.796656,23.6322,0.42336,18.483,0.42336,0,0,442.007,0,1.02816,0,0,3.93769,2.90953,1.028160,1,0,176.37,0,0,0,176.37,0
72.29,1.80616,0,0,9.21352,0.315004,7.09236,3.6288,61.308,0.147903,0,0,2.23681,0.143127,1.94578,0.66528,12.849,1,0.321032,7.09236,0,176.716,3.38826,180.099,0.84672,12.849,0.84672,3695.15,0,18.483,0,3.00447,1.39362,20.1601,0.781301,23.7768,0.42336,18.483,0.42336,0,0,442.007,0,1.02816,0,0,4.03263,3.00447,1.028160,1,0,205.821,0,0,0,205.821,0
72.29,1.8064,0,0,9.07678,0.310323,6.96005,3.6288,61.308,0.148058,0,0,2.26486,0.157719,1.95909,0.66528,12.849,1,0.321074,6.96005,0,186.366,3.55408,189.451,0.84672,12.849,0.84672,3695.15,0,18.483,0,2.93937,1.3938,24.1572,0.831582,27.6588,0.42336,18.483,0.42336,0,0,442.007,0,1.02816,0,0,3.96753,2.93937,1.028160,1,0,219.068,0,0,0,219.068,0
72.29,1.87265,0,0,6.85768,0.303314,4.68171,3.6288,61.308,0.195526,0,0,2.73359,0.16543,2.37264,0.66528,12.849,1,0.33285,4.68171,0,182.086,3.26875,183.166,0.84672,12.849,0.84672,3695.15,0,18.483,0,4.44257,1.39399,16.5727,0.754597,21.6547,0.42336,18.483,0.42336,0,0,442.007,0,1.02816,0,0,5.47073,4.44257,1.028160,1,0,207.194,0,0,0,207.194,0
72.29,1.8729,0,0,5.95934,0.303314,3.78312,3.6288,61.308,0.195687,0,0,2.22196,0.16543,1.86084,0.66528,12.849,1,0.332893,3.78312,0,150.697,3.26875,150.879,0.84672,12.849,0.84672,3695.15,0,18.483,0,3.27451,1.44846,13.0838,0.754597,17.0522,0.42336,18.483,0.42336,0,0,442.007,0,1.02816,0,0,4.30267,3.27451,1.028160,1,0,169.792,0,0,0,169.792,0
72.29,1.87315,0,0,4.78981,0.273136,2.64353,3.6288,61.308,0.195849,0,0,1.60438,0.1621,1.24643,0.66528,12.849,1,0.332937,2.64353,0,120.838,3.46646,119.682,0.84672,12.849,0.84672,3695.15,0,18.483,0,2.33428,1.44865,8.77211,0.767452,11.7876,0.42336,18.483,0.42336,0,0,442.007,0,1.02816,0,0,3.36244,2.33428,1.028160,1,0,132.716,0,0,0,132.716,0
72.29,1.87339,0,0,4.27748,0.243675,2.16041,3.6288,61.308,0.19601,0,0,1.37123,0.16891,1.00631,0.66528,12.849,1,0.332981,2.16041,0,113.098,3.73941,111.186,0.84672,12.849,0.84672,3695.15,0,18.483,0,1.77634,1.44884,7.90422,0.80924,10.3202,0.42336,18.483,0.42336,0,0,442.007,0,1.02816,0,0,2.8045,1.77634,1.028160,1,0,122.513,0,0,0,122.513,0
72.29,1.84782,0,0,4.37365,0.202716,2.32311,3.6288,61.308,0.177786,0,0,1.31271,0.224753,0.91017,0.66528,12.849,1,0.328435,2.32311,0,97.2881,4.48749,94.7953,0.84672,12.849,0.84672,3695.15,0,18.483,0,2.44894,1.44903,8.45389,1.00212,11.3497,0.42336,18.483,0.42336,0,0,442.007,0,1.02816,0,0,3.4771,2.44894,1.028160,1,0,107.055,0,0,0,107.055,0
72.29,1.84806,0,0,4.12827,0.202716,2.07749,3.6288,61.308,0.177945,0,0,1.20009,0.224753,0.797389,0.66528,12.849,1,0.328479,2.07749,0,89.6339,4.48749,86.8955,0.84672,12.849,0.84672,3695.15,0,18.483,0,1.83304,1.42808,7.49408,1.00212,9.75308,0.42336,18.483,0.42336,0,0,442.007,0,1.02816,0,0,2.8612,1.83304,1.028160,1,0,97.4459,0,0,0,97.4459,0
72.29,1.8483,0,0,3.82007,0.202716,1.76905,3.6288,61.308,0.178104,0,0,1.12621,0.224753,0.723349,0.66528,12.849,1,0.328522,1.76905,0,82.2571,4.48749,79.2102,0.84672,12.849,0.84672,3695.15,0,18.483,0,1.62543,1.42827,6.58437,1.00212,8.63596,0.42336,18.483,0.42336,0,0,442.007,0,1.02816,0,0,2.65359,1.62543,1.028160,1,0,88.5695,0,0,0,88.5695,0
72.29,1.84855,0,0,3.50699,0.172195,1.48625,3.6288,61.308,0.178263,0,0,1.04246,0.248816,0.61538,0.66528,12.849,1,0.328565,1.48625,0,72.7047,4.76132,69.1011,0.84672,12.849,0.84672,3695.15,0,18.483,0,1.53859,1.42846,6.16754,1.0126,8.12199,0.42336,18.483,0.42336,0,0,442.007,0,1.02816,0,0,2.56675,1.53859,1.028160,1,0,77.8385,0,0,0,77.8385,0
72.29,1.93649,0,0,3.31476,0.132984,1.24529,3.6288,61.308,0.243657,0,0,0.875059,0.233183,0.39822,0.66528,12.849,1,0.344197,1.24529,0,64.8233,4.63713,61.0873,0.84672,12.849,0.84672,3695.15,0,18.483,0,1.14759,1.42865,6.08674,1.03537,7.6276,0.42336,18.483,0.42336,0,0,442.007,0,1.02816,0,0,2.17575,1.14759,1.028160,1,0,69.1131,0,0,0,69.1131,0
72.29,1.93675,0,0,3.17877,0.11493,1.12709,3.6288,61.308,0.243825,0,0,0.794517,0.226055,0.324638,0.66528,12.849,1,0.344242,1.12709,0,60.5023,4.70274,56.5824,0.84672,12.849,0.84672,3695.15,0,18.483,0,0.939289,1.50279,5.81109,1.07553,7.17764,0.42336,18.483,0.42336,0,0,442.007,0,1.02816,0,0,1.96745,0.939289,1.028160,1,0,64.0847,0,0,0,64.0847,0
72.29,1.937,0,0,3.04377,0.11493,0.991835,3.6288,61.308,0.243992,0,0,0.807728,0.226055,0.337681,0.66528,12.849,1,0.344288,0.991835,0,57.7248,4.70274,53.6696,0.84672,12.849,0.84672,3695.15,0,18.483,0,1.17767,1.50299,5.53275,1.07553,7.13788,0.42336,18.483,0.42336,0,0,442.007,0,1.02816,0,0,2.20583,1.17767,1.028160,1,0,61.1452,0,0,0,61.1452,0
72.29,1.93726,0,0,2.80371,0.144433,0.722023,3.6288,61.308,0.24416,0,0,0.756933,0.218154,0.294619,0.66528,12.849,1,0.344333,0.722023,0,53.9619,4.19505,50.1445,0.84672,12.849,0.84672,3695.15,0,18.483,0,1.06878,1.50319,5.06633,1.09512,6.54318,0.42336,18.483,0.42336,0,0,442.007,0,1.02816,0,0,2.09694,1.06878,1.028160,1,0,56.9823,0,0,0,56.9823,0
72.29,1.93751,0,0,2.80821,0.0922556,0.778437,3.6288,61.308,0.244328,0,0,0.734244,0.245293,0.244623,0.66528,12.849,1,0.344379,0.778437,0,47.4645,4.58523,43.3134,0.84672,12.849,0.84672,3695.15,0,18.483,0,0.989928,1.50339,4.42495,1.21989,5.69838,0.42336,18.483,0.42336,0,0,442.007,0,1.02816,0,0,2.01809,0.989928,1.028160,1,0,49.2564,0,0,0,49.2564,0
72.29,1.92041,0,0,2.90365,0.0939019,0.889337,3.6288,61.308,0.280373,0,0,0.687234,0.254179,0.152682,0.66528,12.849,1,0.341339,0.889337,0,41.764,4.99391,37.3181,0.84672,12.849,0.84672,3695.15,0,18.483,0,0.729613,1.50359,3.70749,1.31525,4.62544,0.42336,18.483,0.42336,0,0,442.007,0,1.02816,0,0,1.75777,0.729613,1.028160,1,0,42.0962,0,0,0,42.0962,0
72.29,1.92067,0,0,2.7072,0.0939019,0.692627,3.6288,61.308,0.280546,0,0,0.660329,0.254179,0.125604,0.66528,12.849,1,0.341384,0.692627,0,41.2118,4.99391,36.5691,0.84672,12.849,0.84672,3695.15,0,18.483,0,0.658774,1.52684,3.78839,1.31525,4.65875,0.42336,18.483,0.42336,0,0,442.007,0,1.02816,0,0,1.68693,0.658774,1.028160,1,0,41.3535,0,0,0,41.3535,0
72.29,1.92092,0,0,2.45233,0.0939019,0.437511,3.6288,61.308,0.280719,0,0,0.63099,0.254179,0.0960918,0.66528,12.849,1,0.341429,0.437511,0,40.5006,4.99391,35.6028,0.84672,12.849,0.84672,3695.15,0,18.483,0,0.57494,1.52704,3.5789,1.31525,4.36563,0.42336,18.483,0.42336,0,0,442.007,0,1.02816,0,0,1.6031,0.57494,1.028160,1,0,40.0645,0,0,0,40.0645,0
72.1497,1.92117,0,0,2.23288,0.0891417,0.36288,3.6288,61.308,0.280891,0,0,0.59675,0.265148,0.0507106,0.66528,12.849,1,0.341474,0.36288,0,35.6524,5.13506,30.5388,0.84672,12.849,0.84672,3695.15,0,18.483,0,0.421822,1.52724,3.47361,1.36678,4.0559,0.42336,18.483,0.42336,0,0,442.007,0,1.02816,0,0,1.44998,0.421822,1.028160,1,0,34.6454,0,0,0,34.6454,0
71.8089,1.96511,0,0,2.05708,0.0698854,0.36288,3.6288,61.2081,0.313056,0,0,0.535893,0.322741,0,0.66528,12.849,1,0.349964,0.36288,0,31.5271,5.96841,25.5716,0.84672,12.849,0.84672,3695.15,0,18.483,0,0.312742,1.52744,3.23206,1.5425,3.52974,0.42336,18.483,0.42336,0,0,442.007,0,1.02816,0,0,1.3409,0.312742,1.028160,1,0,29.1014,0,0,0,29.1014,0
71.4203,1.96255,0,0,2.00656,0.0697045,0.36288,3.6288,61.0661,0.313233,0,0,0.49375,0.322537,0,0.66528,12.849,1,0.351166,0.36288,0,31.4868,5.96841,25.5301,0.84672,12.849,0.84672,3695.15,0,18.483,0,0.432371,1.56441,3.46339,1.5425,3.91766,0.42336,18.483,0.42336,0,0,442.007,0,1.02816,0,0,1.46053,0.432371,1.028160,1,0,29.4477,0,0,0,29.4477,0
70.906,1.95957,0,0,1.87768,0.0694982,0.36288,3.6288,60.8875,0.31341,0,0,0.457035,0.322247,0,0.66528,12.849,1,0.352541,0.36288,0,28.4246,5.96841,22.4665,0.84672,12.849,0.84672,3695.15,0,18.483,0,0.369688,1.56462,3.09104,1.5425,3.48284,0.42336,18.483,0.42336,0,0,442.007,0,1.02816,0,0,1.39785,0.369688,1.028160,1,0,25.9493,0,0,0,25.9493,0
70.2422,1.95551,0,0,1.7238,0.0692252,0.36288,3.6288,60.704,0.313587,0,0,0.452015,0.321883,0,0.66528,12.849,1,0.354361,0.36288,0,25.9835,5.96841,20.0236,0.84672,12.849,0.84672,3695.15,0,18.483,0,0.254871,1.56482,3.02316,1.5425,3.30035,0.42336,18.483,0.42336,0,0,442.007,0,1.02816,0,0,1.28303,0.254871,1.028160,1,0,23.324,0,0,0,23.324,0
69.6839,2.08036,0,0,1.94274,0.0578498,0.36288,3.6288,60.4404,0.429298,0,0,0.483662,0.317985,0,0.66528,12.849,1,0.380548,0.36288,0,25.5239,5.82407,19.6822,0.84672,12.849,0.84672,3695.15,0,18.483,0,0.453635,1.56503,3.6779,1.5059,4.19067,0.42336,18.483,0.42336,0,0,442.007,0,1.02816,0,0,1.48179,0.453635,1.028160,1,0,23.8729,0,0,0,23.8729,0
69.0766,2.0755,0,0,1.88893,0.0577776,0.36288,3.6288,60.1488,0.42949,0,0,0.448221,0.310307,0,0.66528,12.849,1,0.382702,0.36288,0,25.6641,5.58495,20.0593,0.84672,12.849,0.84672,3695.15,0,18.483,0,0.325529,1.68979,2.50395,1.4523,3.06697,0.42336,18.483,0.42336,0,0,442.007,0,1.02816,0,0,1.35369,0.325529,1.028160,1,0,23.1263,0,0,0,23.1263,0
68.1416,2.07013,0,0,1.5555,0.057506,0.36288,3.6288,59.763,0.466143,0,0,0.39012,0.309732,0,0.66528,12.849,1,0.385067,0.36288,0,31.8604,5.58495,26.2533,0.84672,12.849,0.84672,3695.15,0,18.483,0,0.204422,1.69001,2.23392,1.4523,2.67605,0.42336,18.483,0.42336,0,0,442.007,0,0.991699,0,0,1.19612,0.204422,1.028160,1,0,28.9293,0,0,0,28.9293,0
67.3809,2.06158,0,0,1.72079,0.0570878,0.36288,3.6288,59.5601,0.429875,0,0,0.535903,0.308971,0,0.66528,12.849,1,0.388738,0.36288,0,27.3159,5.58495,21.7051,0.84672,12.849,0.84672,3695.15,0,18.483,0,0.537659,1.69024,2.66957,1.4523,3.44517,0.42336,18.483,0.42336,0,0,442.007,0,1.02816,0,0,1.56582,0.537659,1.028160,1,0,25.1502,0,0,0,25.1502,0
66.4398,2.05454,0,0,1.53455,0.0582269,0.36288,3.6288,59.2024,0.430067,0,0,0.368961,0.296558,0,0.66528,12.849,1,0.391785,0.36288,0,25.4264,5.39046,20.007,0.84672,12.849,0.84672,3695.15,0,18.483,0,0.324061,1.69046,2.57958,1.3832,3.21089,0.42336,18.483,0.42336,0,0,442.007,0,1.02816,0,0,1.35222,0.324061,1.028160,1,0,23.2179,0,0,0,23.2179,0
65.2808,1.9832,0,0,1.24856,0.0614658,0.36288,3.6288,58.9045,0.36116,0,0,0.329156,0.265915,0,0.66528,12.849,1,0.383538,0.36288,0,20.66,4.90423,15.7351,0.84672,12.849,0.84672,3695.15,0,18.483,0,0.204422,1.69068,1.82333,1.21046,2.50797,0.42336,18.483,0.42336,0,0,442.007,0,1.02709,0,0,1.23151,0.204422,1.028160,1,0,18.243,0,0,0,18.243,0
64.0252,1.97224,0,0,1.1404,0.0609002,0.36288,3.6288,58.3206,0.567321,0,0,0.248837,0.265408,0,0.66528,12.849,1,0.38819,0.36288,0,23.2564,4.90423,18.3268,0.84672,12.849,0.84672,3695.15,0,18.483,0,0.216518,1.61948,1.50326,1.21046,2.1288,0.42336,18.483,0.42336,0,0,442.007,0,0.821111,0,0,1.03763,0.216518,1.028160,1,0,20.4556,0,0,0,20.4556,0
62.6371,1.96004,0,0,1.01031,0.0754908,0.36288,3.6288,57.7152,0.595524,0,0,0.244171,0.254047,0,0.66528,12.849,1,0.393354,0.36288,0,24.7082,4.73622,19.9415,0.84672,12.849,0.84672,3695.15,0,18.483,0,0.216518,1.61969,1.53821,1.16687,2.20755,0.42336,18.483,0.42336,0,0,442.007,0,0.793092,0,0,1.00961,0.216518,1.028160,1,0,22.1491,0,0,0,22.1491,0
61.1996,1.94613,0,0,1.07295,0.201359,0.36288,3.6288,57.2049,0.573433,0,0,0.235509,0.172388,0,0.66528,12.849,1,0.399217,0.36288,0,27.9771,4.83468,23.1061,0.84672,12.849,0.84672,3695.15,0,18.483,0,0.216518,1.61991,1.87097,0.971916,2.73548,0.42336,18.483,0.42336,0,0,442.007,0,0.815365,0,0,1.03188,0.216518,1.028160,1,0,25.8416,0,0,0,25.8416,0
59.6115,1.88137,0,0,0.800496,0.144348,0.36288,3.6288,56.9224,0.455588,0,0,0.363581,0.190476,0,0.66528,12.849,1,0.394998,0.36288,0,26.3758,4.84638,21.4973,0.84672,12.849,0.84672,3695.15,0,18.483,0,0.216518,1.62012,2.51295,1.10329,3.2463,0.42336,18.483,0.42336,0,0,442.007,0,0.869486,0,0,1.086,0.216518,1.028160,1,0,24.7436,0,0,0,24.7436,0
58.8151,1.8648,0,0,1.62789,0.196658,0.36288,3.6288,56.7566,0.393158,0,0,0.413446,0.186137,0,0.66528,12.849,1,0.401949,0.36288,0,30.0114,4.61894,25.3534,0.84672,12.849,0.84672,3695.15,0,18.483,0,0.216518,1.55682,2.60061,1.07338,3.30056,0.42336,18.483,0.42336,0,0,442.007,0,0.932092,0,0,1.14861,0.216518,1.028160,1,0,28.6539,0,0,0,28.6539,0
58.8268,1.85638,0,0,2.47065,0.239628,0.36288,3.6288,56.9289,0.297265,0,0,0.661258,0.191632,0,0.66528,12.849,1,0.405553,0.36288,0,39.6503,4.69255,34.915,0.84672,12.849,0.84672,3695.15,0,18.483,0,0.373257,1.55703,2.76489,1.07738,3.6178,0.42336,18.483,0.42336,0,0,442.007,0,1.02816,0,0,1.40142,0.373257,1.028160,1,0,38.5328,0,0,0,38.5328,0
59.3715,1.85676,0,0,3.00396,0.239656,0.36288,3.6288,57.2504,0.29744,0,0,0.810708,0.191847,0,0.66528,12.849,1,0.405554,0.36288,0,96.5494,4.69255,91.8142,0.84672,12.849,0.84672,3695.15,0,18.483,0,1.1522,1.55724,5.71793,1.07738,7.34998,0.42336,18.483,0.42336,0,0,442.007,0,1.02816,0,0,2.18036,1.1522,1.028160,1,0,99.1642,0,0,0,99.1642,0
59.4071,1.72264,0,0,2.36063,0.239556,0.36288,3.6288,57.2913,0.164445,0,0,0.398737,0.193372,0,0.66528,12.849,1,0.372808,0.36288,0,64.821,4.10924,60.7018,0.84672,12.849,0.84672,3695.15,0,18.483,0,0.500913,1.55744,3.44204,0.86705,4.63334,0.42336,18.483,0.42336,0,0,442.007,0,1.02816,0,0,1.52907,0.500913,1.028160,1,0,65.3352,0,0,0,65.3352,0
59.3034,1.72322,0,0,2.22105,0.238617,0.36288,3.6288,57.235,0.164602,0,0,0.302543,0.194267,0,0.66528,12.849,1,0.372712,0.36288,0,55.0772,3.67175,51.3957,0.84672,12.849,0.84672,3695.15,0,18.483,0,0.320371,1.41459,2.7201,0.709304,3.74576,0.42336,18.483,0.42336,0,0,442.007,0,1.02816,0,0,1.34853,0.320371,1.028160,1,0,55.1414,0,0,0,55.1414,0
59.3042,1.72241,0,0,2.32442,0.238379,0.36288,3.6288,57.3507,0.16476,0,0,0.474727,0.194196,0,0.66528,12.849,1,0.373187,0.36288,0,63.394,3.67175,59.712,0.84672,12.849,0.84672,3695.15,0,18.483,0,1.00545,1.41478,3.6925,0.709304,5.40343,0.42336,18.483,0.42336,0,0,442.007,0,1.02816,0,0,2.03361,1.00545,1.028160,1,0,65.1154,0,0,0,65.1154,0
59.2716,1.72265,0,0,2.29136,0.23838,0.36288,3.6288,57.4174,0.164917,0,0,0.425951,0.194342,0,0.66528,12.849,1,0.373233,0.36288,0,71.1791,3.67175,67.497,0.84672,12.849,0.84672,3695.15,0,18.483,0,0.668053,1.41497,3.28166,0.709304,4.65538,0.42336,18.483,0.42336,0,0,442.007,0,1.02816,0,0,1.69621,0.668053,1.028160,1,0,72.1524,0,0,0,72.1524,0
62.9074,1.72255,0,0,5.98442,0.263217,0.36288,3.6288,58.7468,0.165075,0,0,1.68088,0.186451,0,0.66528,12.849,1,0.373417,0.36288,0,109.572,4.34566,105.216,0.84672,12.849,0.84672,3695.15,0,18.483,0,2.38929,1.41515,7.75647,0.901537,10.6594,0.42336,18.483,0.42336,0,0,442.007,0,1.02816,0,0,3.41745,2.38929,1.028160,1,0,115.876,0,0,0,115.876,0
64.3226,1.81298,0,0,3.85037,0.259281,0.36288,3.6288,59.7686,0.203818,0,0,1.41408,0.18845,0,0.66528,12.849,1,0.370305,0.36288,0,107.976,4.06019,103.908,0.84672,12.849,0.84672,3695.15,0,18.483,0,1.73329,1.41534,7.09456,0.89141,9.35178,0.42336,18.483,0.42336,0,0,442.007,0,1.02816,0,0,2.76145,1.73329,1.028160,1,0,113.26,0,0,0,113.26,0
65.4677,1.82657,0,0,3.58748,0.252977,0.36288,3.6288,60.284,0.203973,0,0,0.891795,0.172439,0,0.66528,12.849,1,0.364873,0.36288,0,101.933,3.87649,98.0545,0.84672,12.849,0.84672,3695.15,0,18.483,0,1.51796,1.4608,5.83911,0.759026,8.05884,0.42336,18.483,0.42336,0,0,442.007,0,1.02816,0,0,2.54612,1.51796,1.028160,1,0,106.113,0,0,0,106.113,0
66.021,1.83732,0,0,3.00879,0.255316,0.36288,3.6288,60.668,0.204129,0,0,0.761201,0.173007,0,0.66528,12.849,1,0.360602,0.36288,0,84.6694,3.87649,80.7952,0.84672,12.849,0.84672,3695.15,0,18.483,0,1.15877,1.46098,5.28019,0.759026,7.14092,0.42336,18.483,0.42336,0,0,442.007,0,1.02816,0,0,2.18693,1.15877,1.028160,1,0,87.9361,0,0,0,87.9361,0
66.4355,1.84255,0,0,2.87639,0.256446,0.36288,3.6288,61.0611,0.204285,0,0,0.770757,0.173429,0,0.66528,12.849,1,0.358598,0.36288,0,80.3831,3.87649,76.5109,0.84672,12.849,0.84672,3695.15,0,18.483,0,1.19478,1.46117,5.39762,0.759026,7.29454,0.42336,18.483,0.42336,0,0,442.007,0,1.02816,0,0,2.22294,1.19478,1.028160,1,0,83.8054,0,0,0,83.8054,0
67.4067,2.0266,0,0,3.6606,0.299861,0.36288,3.6288,61.308,0.349368,0,0,1.06611,0.180527,0.289296,0.66528,12.849,1,0.391956,0.36288,0,96.3619,4.29653,92.0363,0.84672,12.849,0.84672,3695.15,0,18.483,0,1.15431,1.46135,6.18388,1.01809,7.78146,0.42336,18.483,0.42336,0,0,442.007,0,1.02816,0,0,2.18247,1.15431,1.028160,1,0,100.107,0,0,0,100.107,0
68.7307,2.03626,0,0,4.02653,0.303414,0.36288,3.6288,61.308,0.349542,0,0,1.19731,0.181836,0.665927,0.66528,12.849,1,0.388149,0.36288,0,104.41,4.37021,100.015,0.84672,12.849,0.84672,3695.15,0,18.483,0,1.49798,1.62318,6.8551,1.06893,8.90732,0.42336,18.483,0.42336,0,0,442.007,0,1.02816,0,0,2.52614,1.49798,1.028160,1,0,109.588,0,0,0,109.588,0
70.1685,2.04904,0,0,4.15636,0.30658,0.36288,3.6288,61.308,0.349716,0,0,1.22344,0.181836,0.691889,0.66528,12.849,1,0.383062,0.36288,0,108.121,4.37021,103.731,0.84672,12.849,0.84672,3695.15,0,18.483,0,1.36312,1.62338,6.71492,1.06893,8.6325,0.42336,18.483,0.42336,0,0,442.007,0,1.02816,0,0,2.39128,1.36312,1.028160,1,0,113.055,0,0,0,113.055,0
72.0136,2.06253,0,0,4.56535,0.294836,0.36288,3.6288,61.308,0.349891,0,0,1.25547,0.176076,0.729503,0.66528,12.849,1,0.377683,0.36288,0,120.105,4.07739,116.012,0.84672,12.849,0.84672,3695.15,0,18.483,0,1.669,1.62359,7.58799,0.969672,9.9109,0.42336,18.483,0.42336,0,0,442.007,0,1.02816,0,0,2.69716,1.669,1.028160,1,0,126.653,0,0,0,126.653,0
72.0948,1.81568,0,0,2.56961,0.309925,0.36288,3.6288,61.308,0.155472,0,0,0.783501,0.200676,0.427353,0.66528,12.849,1,0.323962,0.36288,0,79.2547,3.95209,75.3415,0.84672,12.849,0.84672,3695.15,0,18.483,0,0.843601,1.62379,7.12359,1.07779,8.51319,0.42336,18.483,0.42336,0,0,442.007,0,1.02816,0,0,1.87176,0.843601,1.028160,1,0,84.2821,0,0,0,84.2821,0
72.29,1.81653,0,0,3.19456,0.322072,0.860724,3.6288,61.308,0.155622,0,0,1.26438,0.204775,0.903981,0.66528,12.849,1,0.323749,0.860724,0,73.561,3.93466,70.1634,0.84672,12.849,0.84672,3695.15,0,18.483,0,1.22837,1.40277,8.69063,1.14359,10.1782,0.42336,18.483,0.42336,0,0,442.007,0,1.02816,0,0,2.25653,1.22837,1.028160,1,0,81.2455,0,0,0,81.2455,0
72.29,1.81825,0,0,3.77092,0.32255,1.63012,3.6288,61.308,0.155771,0,0,1.44925,0.204775,1.0887,0.66528,12.849,1,0.32318,1.63012,0,77.3306,3.93466,74.7029,0.84672,12.849,0.84672,3695.15,0,18.483,0,1.53992,1.40295,7.73185,1.14359,9.53113,0.42336,18.483,0.42336,0,0,442.007,0,1.02816,0,0,2.56808,1.53992,1.028160,1,0,85.3227,0,0,0,85.3227,0
72.29,1.81848,0,0,3.23719,0.325767,1.09295,3.6288,61.308,0.155921,0,0,1.22681,0.20094,0.86995,0.66528,12.849,1,0.323221,1.09295,0,63.8625,3.93996,60.6922,0.84672,12.849,0.84672,3695.15,0,18.483,0,1.35214,1.40313,8.08428,1.1341,9.70544,0.42336,18.483,0.42336,0,0,442.007,0,1.02816,0,0,2.3803,1.35214,1.028160,1,0,71.2676,0,0,0,71.2676,0
72.29,1.81871,0,0,3.19571,0.330442,1.04656,3.6288,61.308,0.156071,0,0,1.39806,0.17515,1.06684,0.66528,12.849,1,0.323262,1.04656,0,67.2154,3.96717,63.9715,0.84672,12.849,0.84672,3695.15,0,18.483,0,1.53806,1.40331,7.22408,1.07728,9.08816,0.42336,18.483,0.42336,0,0,442.007,0,1.02816,0,0,2.56622,1.53806,1.028160,1,0,74.1265,0,0,0,74.1265,0
72.29,1.8854,0,0,4.49089,0.293868,2.31163,3.6288,61.308,0.203855,0,0,1.82725,0.16821,1.45518,0.66528,12.849,1,0.335115,2.31163,0,79.5692,3.95577,77.59,0.84672,12.849,0.84672,3695.15,0,18.483,0,1.60761,1.40348,8.98421,1.07757,10.9177,0.42336,18.483,0.42336,0,0,442.007,0,1.02816,0,0,2.63577,1.60761,1.028160,1,0,89.9629,0,0,0,89.9629,0
72.29,1.88564,0,0,4.0317,0.293868,1.8522,3.6288,61.308,0.204011,0,0,2.14241,0.16821,1.77019,0.66528,12.849,1,0.335158,1.8522,0,79.31,3.95577,76.8713,0.84672,12.849,0.84672,3695.15,0,18.483,0,2.04361,1.45832,10.2081,1.07757,12.6324,0.42336,18.483,0.42336,0,0,442.007,0,1.02816,0,0,3.07177,2.04361,1.028160,1,0,91.2739,0,0,0,91.2739,0
72.29,1.88587,0,0,4.1642,0.293868,1.98445,3.6288,61.308,0.204167,0,0,1.45504,0.16821,1.08266,0.66528,12.849,1,0.3352,1.98445,0,70.2499,3.95577,67.9433,0.84672,12.849,0.84672,3695.15,0,18.483,0,1.29742,1.4585,6.78901,1.07757,8.46736,0.42336,18.483,0.42336,0,0,442.007,0,1.02816,0,0,2.32558,1.29742,1.028160,1,0,77.4934,0,0,0,77.4934,0
72.29,1.88611,0,0,3.40205,0.239012,1.27693,3.6288,61.308,0.204322,0,0,1.34355,0.227414,0.91181,0.66528,12.849,1,0.335242,1.27693,0,60.7832,4.72023,57.0046,0.84672,12.849,0.84672,3695.15,0,18.483,0,1.22529,1.45869,8.15622,1.29143,9.54877,0.42336,18.483,0.42336,0,0,442.007,0,1.02816,0,0,2.25345,1.22529,1.028160,1,0,67.4652,0,0,0,67.4652,0
72.29,1.86035,0,0,2.88103,0.205361,0.81532,3.6288,61.308,0.185968,0,0,1.07247,0.125875,0.760623,0.66528,12.849,1,0.330664,0.81532,0,59.7093,3.88511,56.3089,0.84672,12.849,0.84672,3695.15,0,18.483,0,1.41173,1.45887,5.92148,1.14181,7.65027,0.42336,18.483,0.42336,0,0,442.007,0,1.02816,0,0,2.43989,1.41173,1.028160,1,0,64.7198,0,0,0,64.7198,0
72.1139,1.86059,0,0,2.29245,0.245106,0.36288,3.6288,61.308,0.186122,0,0,0.965624,0.15505,0.624452,0.66528,12.849,1,0.330705,0.36288,0,46.0616,4.27728,41.8165,0.84672,12.849,0.84672,3695.15,0,18.483,0,0.940127,1.43777,5.02662,1.18725,6.21726,0.42336,18.483,0.42336,0,0,442.007,0,1.02816,0,0,1.96829,0.940127,1.028160,1,0,48.6582,0,0,0,48.6582,0
71.819,1.85945,0,0,2.08803,0.160623,0.36288,3.6288,61.308,0.186275,0,0,0.807227,0.194288,0.426663,0.66528,12.849,1,0.33131,0.36288,0,41.8008,4.62324,37.2092,0.84672,12.849,0.84672,3695.15,0,18.483,0,0.775431,1.43795,4.64096,1.20791,5.64643,0.42336,18.483,0.42336,0,0,442.007,0,1.02816,0,0,1.80359,0.775431,1.028160,1,0,43.2823,0,0,0,43.2823,0
71.488,1.85738,0,0,2.03556,0.146269,0.36288,3.6288,61.308,0.186429,0,0,0.881721,0.200828,0.494464,0.66528,12.849,1,0.3323,0.36288,0,40.5056,4.6809,35.8553,0.84672,12.849,0.84672,3695.15,0,18.483,0,0.938278,1.43813,5.26013,1.21135,6.42518,0.42336,18.483,0.42336,0,0,442.007,0,1.02816,0,0,1.96644,0.938278,1.028160,1,0,42.7749,0,0,0,42.7749,0
70.8767,1.943,0,0,1.84042,0.145854,0.36288,3.6288,61.308,0.252258,0,0,0.735255,0.195046,0.287952,0.66528,12.849,1,0.349227,0.36288,0,38.0786,4.32198,33.7702,0.84672,12.849,0.84672,3695.15,0,18.483,0,0.804514,1.43831,4.41784,1.14382,5.51685,0.42336,18.483,0.42336,0,0,442.007,0,1.02816,0,0,1.83267,0.804514,1.028160,1,0,39.575,0,0,0,39.575,0
70.1468,1.93815,0,0,1.70313,0.131962,0.36288,3.6288,61.308,0.25242,0,0,0.710096,0.193833,0.263843,0.66528,12.849,1,0.351361,0.36288,0,36.0358,4.1476,31.8997,0.84672,12.849,0.84672,3695.15,0,18.483,0,0.86235,1.51296,4.0171,1.07561,5.31679,0.42336,18.483,0.42336,0,0,442.007,0,1.02816,0,0,1.89051,0.86235,1.028160,1,0,37.4803,0,0,0,37.4803,0
69.3898,1.93223,0,0,1.66933,0.131223,0.36288,3.6288,61.308,0.252582,0,0,0.76801,0.193833,0.321595,0.66528,12.849,1,0.353932,0.36288,0,34.521,4.1476,30.3824,0.84672,12.849,0.84672,3695.15,0,18.483,0,0.826675,1.51315,4.32855,1.07561,5.59275,0.42336,18.483,0.42336,0,0,442.007,0,1.02816,0,0,1.85484,0.826675,1.028160,1,0,36.2967,0,0,0,36.2967,0
68.5285,1.92599,0,0,1.55806,0.130457,0.36288,3.6288,61.308,0.252744,0,0,0.701862,0.193833,0.255285,0.66528,12.849,1,0.356638,0.36288,0,32.2707,4.1476,28.1294,0.84672,12.849,0.84672,3695.15,0,18.483,0,0.693559,1.51334,3.83299,1.07561,4.96427,0.42336,18.483,0.42336,0,0,442.007,0,1.02816,0,0,1.72172,0.693559,1.028160,1,0,33.3489,0,0,0,33.3489,0
67.6025,1.91873,0,0,1.45288,0.0973332,0.36288,3.6288,61.308,0.252906,0,0,0.733277,0.232464,0.247908,0.66528,12.849,1,0.359759,0.36288,0,29.2313,4.91908,24.3153,0.84672,12.849,0.84672,3695.15,0,18.483,0,0.738642,1.51353,3.70824,1.20044,4.75998,0.42336,18.483,0.42336,0,0,442.007,0,1.02816,0,0,1.7668,0.738642,1.028160,1,0,29.3232,0,0,0,29.3232,0
66.6203,1.89365,0,0,1.35806,0.0836602,0.36288,3.6288,61.308,0.289187,0,0,0.874549,0.270108,0.315255,0.66528,12.849,1,0.35992,0.36288,0,25.2019,5.48457,19.7203,0.84672,12.849,0.84672,3695.15,0,18.483,0,0.770697,1.51372,3.52388,1.31898,4.48932,0.42336,18.483,0.42336,0,0,442.007,0,1.02816,0,0,1.79886,0.770697,1.028160,1,0,24.5249,0,0,0,24.5249,0
65.5611,1.88509,0,0,1.2717,0.0830138,0.36288,3.6288,61.308,0.289353,0,0,0.831419,0.270108,0.271958,0.66528,12.849,1,0.363574,0.36288,0,25.1691,5.48457,19.6838,0.84672,12.849,0.84672,3695.15,0,18.483,0,0.662118,1.53712,3.62137,1.31898,4.50164,0.42336,18.483,0.42336,0,0,442.007,0,1.02816,0,0,1.69028,0.662118,1.028160,1,0,24.4574,0,0,0,24.4574,0
64.3968,1.87563,0,0,1.15656,0.0823166,0.36288,3.6288,61.308,0.28952,0,0,0.810726,0.270108,0.251098,0.66528,12.849,1,0.367596,0.36288,0,24.6764,5.48457,19.1871,0.84672,12.849,0.84672,3695.15,0,18.483,0,0.640215,1.53732,3.46994,1.31898,4.32849,0.42336,18.483,0.42336,0,0,442.007,0,1.02816,0,0,1.66838,0.640215,1.028160,1,0,23.7667,0,0,0,23.7667,0
63.1371,1.86496,0,0,1.04974,0.0815503,0.36288,3.6288,61.308,0.289687,0,0,0.760596,0.270108,0.200802,0.66528,12.849,1,0.372114,0.36288,0,21.9886,5.48457,16.4948,0.84672,12.849,0.84672,3695.15,0,18.483,0,0.452079,1.53751,3.35668,1.31898,4.0273,0.42336,18.483,0.42336,0,0,442.007,0,1.02816,0,0,1.48024,0.452079,1.028160,1,0,20.7229,0,0,0,20.7229,0
61.691,1.89635,0,0,0.874308,0.0612293,0.36288,3.6288,61.2607,0.344593,0,0,0.62052,0.323228,0,0.66528,12.849,1,0.385924,0.36288,0,17.451,6.13722,11.2907,0.84672,12.849,0.84672,3695.15,0,18.483,0,0.261274,1.53771,2.73601,1.52194,3.01306,0.42336,18.483,0.42336,0,0,442.007,0,1.00563,0,0,1.2669,0.261274,1.028160,1,0,14.3038,0,0,0,14.3038,0
60.3795,1.88195,0,0,0.984614,0.0512631,0.36288,3.6288,61.308,0.32223,0,0,0.81362,0.329552,0.114536,0.66528,12.849,1,0.391974,0.36288,0,22.66,6.1699,16.461,0.84672,12.849,0.84672,3695.15,0,18.483,0,0.538644,1.57491,3.15357,1.54813,3.71899,0.42336,18.483,0.42336,0,0,442.007,0,1.02816,0,0,1.5668,0.538644,1.028160,1,0,20.2946,0,0,0,20.2946,0
58.9936,1.86852,0,0,0.896227,0.0507083,0.36288,3.6288,61.308,0.322401,0,0,0.671069,0.32965,0.0190173,0.66528,12.849,1,0.397629,0.36288,0,18.2515,6.1699,12.0468,0.84672,12.849,0.84672,3695.15,0,18.483,0,0.572461,1.57511,2.93037,1.54813,3.52981,0.42336,18.483,0.42336,0,0,442.007,0,1.02816,0,0,1.60062,0.572461,1.028160,1,0,15.5957,0,0,0,15.5957,0
57.5419,1.85388,0,0,0.815115,0.0500428,0.36288,3.6288,61.2807,0.322572,0,0,0.624966,0.32965,0,0.66528,12.849,1,0.403781,0.36288,0,17.0144,6.1699,10.8036,0.84672,12.849,0.84672,3695.15,0,18.483,0,0.322989,1.57531,2.61154,1.54813,2.9617,0.42336,18.483,0.42336,0,0,442.007,0,1.02816,0,0,1.35115,0.322989,1.028160,1,0,13.7653,0,0,0,13.7653,0
56.0136,1.96078,0,0,0.852664,0.057376,0.36288,3.6288,61.1959,0.43905,0,0,0.713146,0.358974,0,0.66528,12.849,1,0.437839,0.36288,0,18.0505,6.25599,11.7196,0.84672,12.849,0.84672,3695.15,0,18.483,0,0.350274,1.57551,2.94557,1.51061,3.36075,0.42336,18.483,0.42336,0,0,442.007,0,1.02816,0,0,1.37843,0.350274,1.028160,1,0,15.0803,0,0,0,15.0803,0
54.4162,1.94235,0,0,0.791735,0.0838895,0.36288,3.6288,60.8629,0.620658,0,0,0.65651,0.368806,0,0.66528,12.849,1,0.445557,0.36288,0,18.7662,6.36488,12.3186,0.84672,12.849,0.84672,3695.15,0,18.483,0,0.227405,1.7011,2.68709,1.49197,3.12362,0.42336,18.483,0.42336,0,0,442.007,0,0.846737,0,0,1.07414,0.227405,1.028160,1,0,15.4422,0,0,0,15.4422,0
52.7938,1.92235,0,0,0.741234,0.0783522,0.36288,3.6288,60.6989,0.439421,0,0,0.64603,0.370612,0,0.66528,12.849,1,0.453914,0.36288,0,18.9122,6.43965,12.3815,0.84672,12.849,0.84672,3695.15,0,18.483,0,0.388506,1.70131,2.55497,1.50691,3.13788,0.42336,18.483,0.42336,0,0,442.007,0,1.02816,0,0,1.41667,0.388506,1.028160,1,0,15.5194,0,0,0,15.5194,0
51.1643,1.90125,0,0,0.711659,0.077068,0.36288,3.6288,60.5258,0.439607,0,0,0.636733,0.370226,0,0.66528,12.849,1,0.462727,0.36288,0,17.8364,6.43965,11.2969,0.84672,12.849,0.84672,3695.15,0,18.483,0,0.363044,1.70153,2.51841,1.50691,3.07607,0.42336,18.483,0.42336,0,0,442.007,0,1.02816,0,0,1.3912,0.363044,1.028160,1,0,14.373,0,0,0,14.373,0
49.5522,1.8792,0,0,0.715003,0.0850066,0.36288,3.6288,60.3406,0.439792,0,0,0.617392,0.362801,0,0.66528,12.849,1,0.471926,0.36288,0,17.1723,6.2229,10.8403,0.84672,12.849,0.84672,3695.15,0,18.483,0,0.291505,1.70174,2.66115,1.4279,3.22649,0.42336,18.483,0.42336,0,0,442.007,0,1.02816,0,0,1.31966,0.291505,1.028160,1,0,14.0668,0,0,0,14.0668,0
48.0708,1.79985,0,0,0.819348,0.138014,0.36288,3.6288,60.3009,0.439868,0,0,0.720464,0.320315,0,0.66528,12.849,1,0.466705,0.36288,0,13.8782,4.9224,8.85195,0.84672,12.849,0.84672,3695.15,0,18.483,0,0.204422,1.70196,3.33107,0.953836,4.28362,0.42336,18.483,0.42336,0,0,442.007,0,0.957632,0,0,1.16205,0.204422,1.028160,1,0,13.1356,0,0,0,13.1356,0
46.467,1.77884,0,0,0.673721,0.135821,0.36288,3.6288,60.6181,0.369516,0,0,1.007,0.320234,0,0.66528,12.849,1,0.475473,0.36288,0,13.4726,4.9224,8.43762,0.84672,12.849,0.84672,3695.15,0,18.483,0,0.954409,1.63027,3.761,0.953836,5.39184,0.42336,18.483,0.42336,0,0,442.007,0,1.02816,0,0,1.98257,0.954409,1.028160,1,0,13.8295,0,0,0,13.8295,0
44.7745,1.75516,0,0,0.55903,0.133446,0.36288,3.6288,60.2509,0.588,0,0,0.541605,0.32088,0,0.66528,12.849,1,0.485336,0.36288,0,12.9087,4.9224,7.86382,0.84672,12.849,0.84672,3695.15,0,18.483,0,0.216518,1.63048,2.80092,0.953836,3.69408,0.42336,18.483,0.42336,0,0,442.007,0,0.809853,0,0,1.02637,0.216518,1.028160,1,0,11.5579,0,0,0,11.5579,0
43.3101,1.72906,0,0,0.804045,0.176515,0.36288,3.6288,60.1841,0.457972,0,0,0.666195,0.274952,0,0.66528,12.849,1,0.496192,0.36288,0,15.0656,4.29951,10.6327,0.84672,12.849,0.84672,3695.15,0,18.483,0,0.216518,1.63068,3.0821,0.759142,4.17016,0.42336,18.483,0.42336,0,0,442.007,0,0.940058,0,0,1.15658,0.216518,1.028160,1,0,14.8029,0,0,0,14.8029,0
42.0633,1.66148,0,0,0.979569,0.20202,0.36288,3.6288,60.488,0.305716,0,0,0.814258,0.204688,0,0.66528,12.849,1,0.49292,0.36288,0,27.5947,3.82134,23.6433,0.84672,12.849,0.84672,3695.15,0,18.483,0,0.317235,1.63089,4.80067,0.842263,5.90653,0.42336,18.483,0.42336,0,0,442.007,0,1.02816,0,0,1.34539,0.317235,1.028160,1,0,29.5498,0,0,0,29.5498,0
41.5288,1.64127,0,0,1.65637,0.18677,0.36288,3.6288,61.308,0.305885,0,0,1.3294,0.201103,0.00239267,0.66528,12.849,1,0.501357,0.36288,0,34.8227,3.96228,30.722,0.84672,12.849,0.84672,3695.15,0,18.483,0,1.31235,1.56716,6.407,0.979349,8.30716,0.42336,18.483,0.42336,0,0,442.007,0,1.02816,0,0,2.34051,1.31235,1.028160,1,0,39.0315,0,0,0,39.0315,0
40.4478,1.63251,0,0,1.10008,0.185605,0.36288,3.6288,61.308,0.306053,0,0,1.28376,0.202151,0.775553,0.66528,12.849,1,0.505099,0.36288,0,21.4328,3.96228,17.3283,0.84672,12.849,0.84672,3695.15,0,18.483,0,1.38402,1.56736,4.77195,0.979349,6.74399,0.42336,18.483,0.42336,0,0,442.007,0,1.02816,0,0,2.41218,1.38402,1.028160,1,0,24.8479,0,0,0,24.8479,0
39.8591,1.61417,0,0,1.61082,0.222501,0.36288,3.6288,61.308,0.306222,0,0,1.01434,0.219397,0.488722,0.66528,12.849,1,0.51277,0.36288,0,41.8161,4.25223,37.414,0.84672,12.849,0.84672,3695.15,0,18.483,0,0.822939,1.56756,8.77263,1.04704,10.1161,0.42336,18.483,0.42336,0,0,442.007,0,1.02816,0,0,1.8511,0.822939,1.028160,1,0,48.0188,0,0,0,48.0188,0
40.7933,1.48323,0,0,2.99887,0.218558,0.36288,3.6288,61.308,0.17234,0,0,1.55465,0.19088,1.19143,0.66528,12.849,1,0.478134,0.36288,0,85.1861,4.04079,81.03,0.84672,12.849,0.84672,3695.15,0,18.483,0,1.85178,1.56776,7.47559,1.0202,9.87492,0.42336,18.483,0.42336,0,0,442.007,0,1.02816,0,0,2.87994,1.85178,1.028160,1,0,92.0964,0,0,0,92.0964,0
40.4858,1.49852,0,0,1.75062,0.196766,0.36288,3.6288,61.308,0.172492,0,0,1.97127,0.143658,1.65512,0.66528,12.849,1,0.472,0.36288,0,72.6571,3.60423,68.9438,0.84672,12.849,0.84672,3695.15,0,18.483,0,1.54806,1.42396,10.17,0.94832,12.1937,0.42336,18.483,0.42336,0,0,442.007,0,1.02816,0,0,2.57622,1.54806,1.028160,1,0,82.7926,0,0,0,82.7926,0
40.1304,1.49378,0,0,1.69874,0.197511,0.36288,3.6288,61.308,0.172644,0,0,1.87758,0.167763,1.53717,0.66528,12.849,1,0.474082,0.36288,0,64.1152,3.96554,60.0385,0.84672,12.849,0.84672,3695.15,0,18.483,0,1.48168,1.42414,8.81909,1.09082,10.6341,0.42336,18.483,0.42336,0,0,442.007,0,1.02816,0,0,2.50984,1.48168,1.028160,1,0,72.2097,0,0,0,72.2097,0
40.5312,1.48822,0,0,2.47111,0.219162,0.36288,3.6288,61.308,0.172796,0,0,2.0208,0.195057,1.65295,0.66528,12.849,1,0.4765,0.36288,0,82.4919,4.45261,77.9256,0.84672,12.849,0.84672,3695.15,0,18.483,0,1.8157,1.42432,11.5258,1.21104,13.5547,0.42336,18.483,0.42336,0,0,442.007,0,1.02816,0,0,2.84386,1.8157,1.028160,1,0,93.1333,0,0,0,93.1333,0
42.8948,1.49489,0,0,4.44499,0.223619,0.36288,3.6288,61.308,0.172948,0,0,3.02163,0.179022,2.66966,0.66528,12.849,1,0.473902,0.36288,0,109.724,4.02786,105.585,0.84672,12.849,0.84672,3695.15,0,18.483,0,2.59605,1.4245,17.334,1.10513,20.2494,0.42336,18.483,0.42336,0,0,442.007,0,1.02816,0,0,3.62421,2.59605,1.028160,1,0,128.504,0,0,0,128.504,0
42.9347,1.57987,0,0,2.23211,0.249441,0.36288,3.6288,61.308,0.211939,0,0,0.781782,0.191402,0.378441,0.66528,12.849,1,0.473244,0.36288,0,49.3615,3.34089,45.9103,0.84672,12.849,0.84672,3695.15,0,18.483,0,0.515964,1.42468,6.60044,0.712755,7.82833,0.42336,18.483,0.42336,0,0,442.007,0,1.02816,0,0,1.54412,0.515964,1.028160,1,0,54.117,0,0,0,54.117,0
44.747,1.58068,0,0,4.00539,0.249556,0.36288,3.6288,61.308,0.212089,0,0,1.38886,0.191402,0.985372,0.66528,12.849,1,0.473047,0.36288,0,101.583,3.34089,98.132,0.84672,12.849,0.84672,3695.15,0,18.483,0,0.931081,1.47043,7.46833,0.712755,9.15708,0.42336,18.483,0.42336,0,0,442.007,0,1.02816,0,0,1.95924,0.931081,1.028160,1,0,108.274,0,0,0,108.274,0
46.5674,1.60835,0,0,4.04645,0.25478,0.36288,3.6288,61.308,0.212239,0,0,1.79169,0.191402,1.38804,0.66528,12.849,1,0.461834,0.36288,0,84.3454,3.34089,80.9056,0.84672,12.849,0.84672,3695.15,0,18.483,0,1.70619,1.4706,8.59991,0.712755,11.064,0.42336,18.483,0.42336,0,0,442.007,0,1.02816,0,0,2.73435,1.70619,1.028160,1,0,93.3576,0,0,0,93.3576,0
49.8041,1.63487,0,0,5.515,0.280638,0.36288,3.6288,61.308,0.212389,0,0,2.77208,0.179018,2.38068,0.66528,12.849,1,0.451096,0.36288,0,167.859,3.52494,164.246,0.84672,12.849,0.84672,3695.15,0,18.483,0,3.04989,1.47078,10.1625,0.672097,14.0111,0.42336,18.483,0.42336,0,0,442.007,0,1.02816,0,0,4.07805,3.04989,1.028160,1,0,180.637,0,0,0,180.637,0
51.8627,1.84271,0,0,4.56608,0.301849,0.36288,3.6288,61.308,0.358419,0,0,1.87134,0.202858,1.31006,0.66528,12.849,1,0.475403,0.36288,0,92.6787,4.03584,88.5303,0.84672,12.849,0.84672,3695.15,0,18.483,0,1.24697,1.47096,7.17292,1.02755,8.86329,0.42336,18.483,0.42336,0,0,442.007,0,1.02816,0,0,2.27513,1.24697,1.028160,1,0,98.7037,0,0,0,98.7037,0
53.9309,1.87162,0,0,4.61319,0.310436,0.36288,3.6288,61.308,0.358587,0,0,1.38505,0.224453,0.802012,0.66528,12.849,1,0.463695,0.36288,0,97.5378,4.3638,93.0732,0.84672,12.849,0.84672,3695.15,0,18.483,0,1.03609,1.63384,7.69529,1.30634,9.05888,0.42336,18.483,0.42336,0,0,442.007,0,1.02816,0,0,2.06425,1.03609,1.028160,1,0,102.934,0,0,0,102.934,0
55.5516,1.89928,0,0,4.20555,0.322745,0.36288,3.6288,61.308,0.358755,0,0,1.59424,0.211957,1.02353,0.66528,12.849,1,0.452502,0.36288,0,100.907,3.94416,96.8728,0.84672,12.849,0.84672,3695.15,0,18.483,0,1.42541,1.63404,6.30763,1.16588,8.2012,0.42336,18.483,0.42336,0,0,442.007,0,1.02816,0,0,2.45357,1.42541,1.028160,1,0,106.098,0,0,0,106.098,0
56.9917,1.92009,0,0,4.05543,0.332363,0.36288,3.6288,61.308,0.358922,0,0,1.63237,0.202585,1.07087,0.66528,12.849,1,0.444115,0.36288,0,113.148,3.62943,109.437,0.84672,12.849,0.84672,3695.15,0,18.483,0,1.45048,1.63424,7.33511,1.06053,9.35929,0.42336,18.483,0.42336,0,0,442.007,0,1.02816,0,0,2.47864,1.45048,1.028160,1,0,119.867,0,0,0,119.867,0
58.9978,1.69233,0,0,4.38751,0.326132,0.36288,3.6288,61.308,0.163223,0,0,1.7998,0.197302,1.43927,0.66528,12.849,1,0.381543,0.36288,0,121.508,3.31929,118.17,0.84672,12.849,0.84672,3695.15,0,18.483,0,2.18951,1.63443,8.6469,1.04521,11.4256,0.42336,18.483,0.42336,0,0,442.007,0,1.02816,0,0,3.21767,2.18951,1.028160,1,0,131.035,0,0,0,131.035,0
61.3951,1.7132,0,0,4.79748,0.324153,0.36288,3.6288,61.308,0.163367,0,0,1.4755,0.19334,1.1188,0.66528,12.849,1,0.373115,0.36288,0,118.113,3.08668,115.016,0.84672,12.849,0.84672,3695.15,0,18.483,0,1.98719,1.41196,6.87733,1.03372,9.24276,0.42336,18.483,0.42336,0,0,442.007,0,1.02816,0,0,3.01535,1.98719,1.028160,1,0,125.378,0,0,0,125.378,0
64.791,1.73694,0,0,5.82312,0.327407,0.36288,3.6288,61.308,0.163511,0,0,2.44374,0.199228,2.081,0.66528,12.849,1,0.363513,0.36288,0,153.027,3.25512,149.772,0.84672,12.849,0.84672,3695.15,0,18.483,0,2.66424,1.41213,11.3478,1.05779,14.3664,0.42336,18.483,0.42336,0,0,442.007,0,1.02816,0,0,3.6924,2.66424,1.028160,1,0,166.219,0,0,0,166.219,0
67.2551,1.76847,0,0,4.90851,0.313006,0.36288,3.6288,61.308,0.163655,0,0,1.53501,0.234555,1.1368,0.66528,12.849,1,0.350713,0.36288,0,84.0923,4.26573,79.8387,0.84672,12.849,0.84672,3695.15,0,18.483,0,1.82985,1.4123,7.41168,1.20225,9.45157,0.42336,18.483,0.42336,0,0,442.007,0,1.02816,0,0,2.85801,1.82985,1.028160,1,0,90.4271,0,0,0,90.4271,0
68.9758,1.79006,0,0,4.19019,0.316635,0.36288,3.6288,61.308,0.1638,0,0,1.29845,0.225659,0.908995,0.66528,12.849,1,0.341988,0.36288,0,104.407,4.2255,100.202,0.84672,12.849,0.84672,3695.15,0,18.483,0,1.53865,1.41247,5.40257,1.18491,7.16878,0.42336,18.483,0.42336,0,0,442.007,0,1.02816,0,0,2.56681,1.53865,1.028160,1,0,108.28,0,0,0,108.28,0
71.2658,1.87052,0,0,4.82871,0.305264,0.36288,3.6288,61.308,0.211889,0,0,1.23135,0.172286,0.847172,0.66528,12.849,1,0.348445,0.36288,0,109.102,3.98412,105.132,0.84672,12.849,0.84672,3695.15,0,18.483,0,1.38508,1.41264,5.81793,1.08086,7.5348,0.42336,18.483,0.42336,0,0,442.007,0,1.02816,0,0,2.41324,1.38508,1.028160,1,0,113.514,0,0,0,113.514,0
72.29,1.88971,0,0,4.86264,0.310705,1.63804,3.6288,61.308,0.212039,0,0,1.36337,0.172286,0.979041,0.66528,12.849,1,0.340709,1.63804,0,109.691,3.98412,107.004,0.84672,12.849,0.84672,3695.15,0,18.483,0,1.83662,1.46783,6.25673,1.08086,8.48033,0.42336,18.483,0.42336,0,0,442.007,0,1.02816,0,0,2.86478,1.83662,1.028160,1,0,116.463,0,0,0,116.463,0
72.29,1.89815,0,0,3.58712,0.313138,1.37583,3.6288,61.308,0.212189,0,0,1.01164,0.172286,0.627165,0.66528,12.849,1,0.337382,1.37583,0,78.7597,3.98412,75.814,0.84672,12.849,0.84672,3695.15,0,18.483,0,0.849001,1.468,4.43299,1.08086,5.66914,0.42336,18.483,0.42336,0,0,442.007,0,1.02816,0,0,1.87716,0.849001,1.028160,1,0,82.1103,0,0,0,82.1103,0
72.29,1.89838,0,0,3.16926,0.280961,0.989921,3.6288,61.308,0.212339,0,0,0.845605,0.185743,0.447523,0.66528,12.849,1,0.337423,0.989921,0,69.0466,4.09632,65.6027,0.84672,12.849,0.84672,3695.15,0,18.483,0,0.67189,1.46818,3.83121,1.09497,4.87631,0.42336,18.483,0.42336,0,0,442.007,0,1.02816,0,0,1.70005,0.67189,1.028160,1,0,70.9266,0,0,0,70.9266,0
72.29,1.87244,0,0,3.30821,0.243616,1.19215,3.6288,61.308,0.193859,0,0,0.846634,0.202324,0.450451,0.66528,12.849,1,0.332813,1.19215,0,75.3805,4.37288,71.867,0.84672,12.849,0.84672,3695.15,0,18.483,0,0.900012,1.46836,4.51365,1.09638,5.78564,0.42336,18.483,0.42336,0,0,442.007,0,1.02816,0,0,1.92817,0.900012,1.028160,1,0,78.1031,0,0,0,78.1031,0
72.29,1.87267,0,0,2.9205,0.231495,0.816337,3.6288,61.308,0.194007,0,0,0.823167,0.205075,0.424085,0.66528,12.849,1,0.332853,0.816337,0,69.4164,4.37808,65.5218,0.84672,12.849,0.84672,3695.15,0,18.483,0,0.771664,1.44711,4.03453,1.09835,5.15495,0.42336,18.483,0.42336,0,0,442.007,0,1.02816,0,0,1.79982,0.771664,1.028160,1,0,71.1008,0,0,0,71.1008,0
72.29,1.8729,0,0,2.59814,0.231495,0.493752,3.6288,61.308,0.194155,0,0,0.736586,0.205075,0.337356,0.66528,12.849,1,0.332893,0.493752,0,59.521,4.37808,55.3038,0.84672,12.849,0.84672,3695.15,0,18.483,0,0.546515,1.44729,3.4497,1.09835,4.34515,0.42336,18.483,0.42336,0,0,442.007,0,1.02816,0,0,1.57467,0.546515,1.028160,1,0,59.9863,0,0,0,59.9863,0
72.2175,1.87312,0,0,2.38203,0.218532,0.36288,3.6288,61.308,0.194303,0,0,0.666455,0.188009,0.284144,0.66528,12.849,1,0.332934,0.36288,0,54.6116,4.0242,50.6174,0.84672,12.849,0.84672,3695.15,0,18.483,0,0.432302,1.44746,3.22379,1.0086,4.09496,0.42336,18.483,0.42336,0,0,442.007,0,1.02816,0,0,1.46046,0.432302,1.028160,1,0,54.9965,0,0,0,54.9965,0
72.0187,1.96162,0,0,2.32266,0.196949,0.36288,3.6288,61.308,0.260551,0,0,0.6696,0.182779,0.22627,0.66528,12.849,1,0.349013,0.36288,0,53.6057,3.54759,50.0719,0.84672,12.849,0.84672,3695.15,0,18.483,0,0.434618,1.44764,3.06955,0.949745,4.00206,0.42336,18.483,0.42336,0,0,442.007,0,1.02816,0,0,1.46278,0.434618,1.028160,1,0,54.3003,0,0,0,54.3003,0
71.807,1.96022,0,0,2.24934,0.137906,0.36288,3.6288,61.308,0.260707,0,0,0.691554,0.218642,0.212205,0.66528,12.849,1,0.349727,0.36288,0,50.0356,3.92049,46.1283,0.84672,12.849,0.84672,3695.15,0,18.483,0,0.49305,1.52275,3.03503,0.960628,4.09021,0.42336,18.483,0.42336,0,0,442.007,0,1.02816,0,0,1.52121,0.49305,1.028160,1,0,50.4307,0,0,0,50.4307,0
71.5311,1.95871,0,0,2.18333,0.137684,0.36288,3.6288,61.308,0.260863,0,0,0.734417,0.218642,0.254912,0.66528,12.849,1,0.350487,0.36288,0,47.6914,3.92049,43.7833,0.84672,12.849,0.84672,3695.15,0,18.483,0,0.475597,1.52294,3.22864,0.960628,4.26655,0.42336,18.483,0.42336,0,0,442.007,0,1.02816,0,0,1.50376,0.475597,1.028160,1,0,48.3048,0,0,0,48.3048,0
71.1455,1.95665,0,0,2.07132,0.137395,0.36288,3.6288,61.308,0.261019,0,0,0.713673,0.218642,0.234011,0.66528,12.849,1,0.35147,0.36288,0,44.7934,3.92049,40.8843,0.84672,12.849,0.84672,3695.15,0,18.483,0,0.411584,1.52312,2.98506,0.960628,3.95914,0.42336,18.483,0.42336,0,0,442.007,0,1.02816,0,0,1.43974,0.411584,1.028160,1,0,45.0775,0,0,0,45.0775,0
70.6094,1.95366,0,0,1.90843,0.127996,0.36288,3.6288,61.308,0.261175,0,0,0.658411,0.224187,0.173049,0.66528,12.849,1,0.352835,0.36288,0,40.7385,4.11465,36.6339,0.84672,12.849,0.84672,3695.15,0,18.483,0,0.350136,1.52331,2.89145,0.99881,3.76609,0.42336,18.483,0.42336,0,0,442.007,0,1.02816,0,0,1.3783,0.350136,1.028160,1,0,40.573,0,0,0,40.573,0
69.9302,1.93192,0,0,1.6893,0.0737255,0.36288,3.6288,61.308,0.297683,0,0,0.560813,0.257457,0.00567262,0.66528,12.849,1,0.351556,0.36288,0,33.1503,5.27961,27.882,0.84672,12.849,0.84672,3695.15,0,18.483,0,0.525813,1.52349,2.82169,1.2279,3.64309,0.42336,18.483,0.42336,0,0,442.007,0,1.02816,0,0,1.55397,0.525813,1.028160,1,0,31.5308,0,0,0,31.5308,0
69.1494,1.9264,0,0,1.58189,0.0733406,0.36288,3.6288,61.2858,0.297844,0,0,0.533145,0.257457,0,0.66528,12.849,1,0.353957,0.36288,0,33.107,5.27961,27.8363,0.84672,12.849,0.84672,3695.15,0,18.483,0,0.432035,1.54704,2.89975,1.2279,3.65092,0.42336,18.483,0.42336,0,0,442.007,0,1.02816,0,0,1.46019,0.432035,1.028160,1,0,31.4872,0,0,0,31.4872,0
68.2324,1.91992,0,0,1.43865,0.0728983,0.36288,3.6288,61.2503,0.298004,0,0,0.51988,0.257421,0,0.66528,12.849,1,0.356751,0.36288,0,32.4592,5.27961,27.1857,0.84672,12.849,0.84672,3695.15,0,18.483,0,0.413104,1.54723,2.77848,1.2279,3.51091,0.42336,18.483,0.42336,0,0,442.007,0,1.02816,0,0,1.44126,0.413104,1.028160,1,0,30.6966,0,0,0,30.6966,0
67.1908,1.91214,0,0,1.30579,0.0723786,0.36288,3.6288,61.1718,0.308861,0,0,0.487729,0.257363,0,0.66528,12.849,1,0.36008,0.36288,0,28.9236,5.27961,23.6468,0.84672,12.849,0.84672,3695.15,0,18.483,0,0.261274,1.54741,2.6878,1.2279,3.26859,0.42336,18.483,0.42336,0,0,442.007,0,1.01746,0,0,1.27874,0.261274,1.028160,1,0,26.9154,0,0,0,26.9154,0
66.1287,1.9475,0,0,1.29735,0.0489708,0.36288,3.6288,61.0124,0.351319,0,0,0.502718,0.310816,0,0.66528,12.849,1,0.372425,0.36288,0,28.7342,6.04514,22.6795,0.84672,12.849,0.84672,3695.15,0,18.483,0,0.261274,1.5476,2.44159,1.45114,2.79933,0.42336,18.483,0.42336,0,0,442.007,0,1.00758,0,0,1.26885,0.261274,1.028160,1,0,25.4789,0,0,0,25.4789,0
65.0191,1.93784,0,0,1.24334,0.0522154,0.36288,3.6288,60.8188,0.330903,0,0,0.438591,0.301257,0,0.66528,12.849,1,0.376528,0.36288,0,27.3348,5.95612,21.365,0.84672,12.849,0.84672,3695.15,0,18.483,0,0.263537,1.58503,2.47556,1.39617,2.92796,0.42336,18.483,0.42336,0,0,442.007,0,1.02816,0,0,1.2917,0.263537,1.028160,1,0,24.293,0,0,0,24.293,0
63.8405,1.9275,0,0,1.16348,0.0517542,0.36288,3.6288,60.5735,0.350387,0,0,0.405978,0.300887,0,0.66528,12.849,1,0.380911,0.36288,0,24.6765,5.95612,18.7024,0.84672,12.849,0.84672,3695.15,0,18.483,0,0.227405,1.58523,2.20941,1.39617,2.62588,0.42336,18.483,0.42336,0,0,442.007,0,1.00884,0,0,1.23625,0.227405,1.028160,1,0,21.3283,0,0,0,21.3283,0
62.5782,1.91623,0,0,1.06813,0.0512643,0.36288,3.6288,60.2225,0.45208,0,0,0.401519,0.300419,0,0.66528,12.849,1,0.385675,0.36288,0,22.5574,5.95612,16.5785,0.84672,12.849,0.84672,3695.15,0,18.483,0,0.227405,1.58542,2.16089,1.39617,2.57755,0.42336,18.483,0.42336,0,0,442.007,0,0.907312,0,0,1.13472,0.227405,1.028160,1,0,19.156,0,0,0,19.156,0
61.3241,2.03097,0,0,1.18216,0.0424184,0.36288,3.6288,59.9402,0.448449,0,0,0.46469,0.298582,0,0.66528,12.849,1,0.417013,0.36288,0,23.0952,6.25293,16.7881,0.84672,12.849,0.84672,3695.15,0,18.483,0,0.352296,1.58561,2.93554,1.47003,3.40342,0.42336,18.483,0.42336,0,0,442.007,0,1.02816,0,0,1.38046,0.352296,1.028160,1,0,20.1915,0,0,0,20.1915,0
59.7436,2.01745,0,0,0.853347,0.053586,0.36288,3.6288,59.2819,0.714835,0,0,0.37311,0.316611,0,0.66528,12.849,1,0.422708,0.36288,0,19.9871,6.49971,13.4275,0.84672,12.849,0.84672,3695.15,0,18.483,0,0.227405,1.71199,1.79512,1.52563,2.20888,0.42336,18.483,0.42336,0,0,442.007,0,0.761953,0,0,0.989358,0.227405,1.028160,1,0,15.6364,0,0,0,15.6364,0
58.0931,1.9998,0,0,0.765089,0.0528493,0.36288,3.6288,58.5485,0.756261,0,0,0.338218,0.315281,0,0.66528,12.849,1,0.430096,0.36288,0,17.8429,6.49971,11.276,0.84672,12.849,0.84672,3695.15,0,18.483,0,0.204422,1.7122,1.75051,1.52563,2.1415,0.42336,18.483,0.42336,0,0,442.007,0,0.720706,0,0,0.925128,0.204422,1.028160,1,0,13.4175,0,0,0,13.4175,0
56.6133,1.98069,0,0,0.915728,0.052013,0.36288,3.6288,57.9212,0.676848,0,0,0.363338,0.313801,0,0.66528,12.849,1,0.438087,0.36288,0,18.466,6.49971,11.8911,0.84672,12.849,0.84672,3695.15,0,18.483,0,0.204422,1.71241,1.92009,1.52563,2.31129,0.42336,18.483,0.42336,0,0,442.007,0,0.800297,0,0,1.00472,0.204422,1.028160,1,0,14.2024,0,0,0,14.2024,0
55.7797,1.96295,0,0,1.56579,0.0735834,0.36288,3.6288,57.5692,0.51145,0,0,0.466668,0.307286,0,0.66528,12.849,1,0.445513,0.36288,0,30.6884,6.35128,24.2545,0.84672,12.849,0.84672,3695.15,0,18.483,0,0.204422,1.71262,2.12539,1.50743,2.535,0.42336,18.483,0.42336,0,0,442.007,0,0.965874,0,0,1.1703,0.204422,1.028160,1,0,26.7895,0,0,0,26.7895,0
54.5632,1.89321,0,0,1.08162,0.0420383,0.36288,3.6288,57.4308,0.378254,0,0,0.58934,0.349497,0,0.66528,12.849,1,0.436106,0.36288,0,21.1085,6.49964,14.5356,0.84672,12.849,0.84672,3695.15,0,18.483,0,0.2139,1.71282,2.74611,1.62733,3.04551,0.42336,18.483,0.42336,0,0,442.007,0,1.02816,0,0,1.24206,0.2139,1.028160,1,0,17.5811,0,0,0,17.5811,0
53.5509,1.87837,0,0,1.31334,0.0843507,0.36288,3.6288,57.3343,0.378424,0,0,0.597473,0.315525,0,0.66528,12.849,1,0.442336,0.36288,0,19.1629,6.22356,12.8599,0.84672,12.849,0.84672,3695.15,0,18.483,0,0.234602,1.64067,2.0317,1.53251,2.37446,0.42336,18.483,0.42336,0,0,442.007,0,1.02816,0,0,1.26276,0.234602,1.028160,1,0,15.2344,0,0,0,15.2344,0
53.2576,1.86574,0,0,2.01883,0.0834893,0.36288,3.6288,57.6495,0.378594,0,0,1.00916,0.315328,0,0.66528,12.849,1,0.447665,0.36288,0,35.558,6.22356,29.2497,0.84672,12.849,0.84672,3695.15,0,18.483,0,1.17294,1.64087,3.92775,1.53251,5.20906,0.42336,18.483,0.42336,0,0,442.007,0,1.02816,0,0,2.2011,1.17294,1.028160,1,0,34.4587,0,0,0,34.4587,0
52.6305,1.86218,0,0,1.68115,0.0832398,0.36288,3.6288,57.7566,0.378764,0,0,0.801827,0.315973,0,0.66528,12.849,1,0.449271,0.36288,0,52.7636,6.22356,46.4537,0.84672,12.849,0.84672,3695.15,0,18.483,0,0.710268,1.64107,2.7653,1.53251,3.58413,0.42336,18.483,0.42336,0,0,442.007,0,1.02816,0,0,1.73843,0.710268,1.028160,1,0,50.0378,0,0,0,50.0378,0
52.7474,1.80632,0,0,2.46259,0.176494,0.36288,3.6288,58.1044,0.314194,0,0,0.916963,0.254948,0,0.66528,12.849,1,0.440988,0.36288,0,87.8823,4.85123,82.9529,0.84672,12.849,0.84672,3695.15,0,18.483,0,1.04106,1.64127,3.82665,1.21592,5.29305,0.42336,18.483,0.42336,0,0,442.007,0,1.02816,0,0,2.06922,1.04106,1.028160,1,0,88.246,0,0,0,88.246,0
53.8646,1.80803,0,0,3.45576,0.167605,0.36288,3.6288,58.7969,0.314357,0,0,1.24544,0.238657,0,0.66528,12.849,1,0.440428,0.36288,0,89.7684,3.89025,85.8006,0.84672,12.849,0.84672,3695.15,0,18.483,0,1.75164,1.57713,6.02072,0.947831,8.40166,0.42336,18.483,0.42336,0,0,442.007,0,1.02816,0,0,2.7798,1.75164,1.028160,1,0,94.2022,0,0,0,94.2022,0
55.5155,1.82234,0,0,4.00563,0.169529,0.36288,3.6288,59.5186,0.31452,0,0,1.27602,0.239723,0,0.66528,12.849,1,0.434705,0.36288,0,49.7177,3.89025,45.7556,0.84672,12.849,0.84672,3695.15,0,18.483,0,1.7623,1.57732,6.15054,0.947831,8.54233,0.42336,18.483,0.42336,0,0,442.007,0,1.02816,0,0,2.79046,1.7623,1.028160,1,0,54.2979,0,0,0,54.2979,0
56.3773,1.84271,0,0,3.28386,0.216449,0.36288,3.6288,59.996,0.314682,0,0,1.0268,0.234778,0,0.66528,12.849,1,0.426493,0.36288,0,75.7884,3.97294,71.7518,0.84672,12.849,0.84672,3695.15,0,18.483,0,0.968129,1.57751,3.74732,1.03373,5.25923,0.42336,18.483,0.42336,0,0,442.007,0,1.02816,0,0,1.99629,0.968129,1.028160,1,0,77.011,0,0,0,77.011,0
57.0852,1.71359,0,0,3.00466,0.220235,0.36288,3.6288,60.5292,0.179944,0,0,0.949978,0.236777,0,0.66528,12.849,1,0.390546,0.36288,0,75.7951,4.17878,71.5886,0.84672,12.849,0.84672,3695.15,0,18.483,0,0.939997,1.5777,3.55006,1.15183,4.91593,0.42336,18.483,0.42336,0,0,442.007,0,1.02816,0,0,1.96816,0.939997,1.028160,1,0,76.5046,0,0,0,76.5046,0
57.0346,1.72142,0,0,2.27712,0.243416,0.36288,3.6288,61.308,0.180091,0,0,1.56639,0.219069,0.388464,0.66528,12.849,1,0.387466,0.36288,0,76.0668,4.36642,71.6758,0.84672,12.849,0.84672,3695.15,0,18.483,0,1.03491,1.43298,5.10478,1.10232,6.47034,0.42336,18.483,0.42336,0,0,442.007,0,1.02816,0,0,2.06307,1.03491,1.028160,1,0,78.5346,0,0,0,78.5346,0
57.1612,1.72109,0,0,2.45382,0.243295,0.36288,3.6288,61.308,0.180237,0,0,1.15911,0.220152,0.758717,0.66528,12.849,1,0.387735,0.36288,0,77.7611,4.36642,73.3698,0.84672,12.849,0.84672,3695.15,0,18.483,0,1.45457,1.43315,5.87542,1.10232,7.66082,0.42336,18.483,0.42336,0,0,442.007,0,1.02816,0,0,2.48273,1.45457,1.028160,1,0,81.7894,0,0,0,81.7894,0
56.8659,1.72265,0,0,2.03386,0.243598,0.36288,3.6288,61.1105,0.444344,0,0,0.466964,0.220152,0,0.66528,12.849,1,0.387227,0.36288,0,64.8394,4.36642,60.4486,0.84672,12.849,0.84672,3695.15,0,18.483,0,0.412474,1.43332,4.07674,1.10232,4.82022,0.42336,18.483,0.42336,0,0,442.007,0,0.764199,0,0,1.17667,0.412474,1.028160,1,0,65.2688,0,0,0,65.2688,0
56.0364,1.7197,0,0,1.48505,0.231958,0.36288,3.6288,60.8857,0.506076,0,0,0.550205,0.268936,0,0.66528,12.849,1,0.38857,0.36288,0,55.249,4.54765,50.6757,0.84672,12.849,0.84672,3695.15,0,18.483,0,0.412474,1.4335,2.3747,1.24217,2.9785,0.42336,18.483,0.42336,0,0,442.007,0,0.702613,0,0,1.11509,0.412474,1.028160,1,0,53.6542,0,0,0,53.6542,0
57.1388,1.76451,0,0,3.48923,0.259501,0.36288,3.6288,61.2663,0.219761,0,0,0.829943,0.229525,0,0.66528,12.849,1,0.404596,0.36288,0,99.6589,4.35524,95.262,0.84672,12.849,0.84672,3695.15,0,18.483,0,0.459912,1.43367,3.79325,1.04989,4.63693,0.42336,18.483,0.42336,0,0,442.007,0,1.02816,0,0,1.48807,0.459912,1.028160,1,0,99.8989,0,0,0,99.8989,0
65.5726,1.777,0,0,10.8193,0.245637,0.36288,3.6288,61.308,0.219905,0,0,2.04726,0.204962,1.58071,0.66528,12.849,1,0.399601,0.36288,0,120.786,3.68002,117.07,0.84672,12.849,0.84672,3695.15,0,18.483,0,1.89147,1.4797,7.93142,0.937503,10.3651,0.42336,18.483,0.42336,0,0,442.007,0,1.02816,0,0,2.91963,1.89147,1.028160,1,0,129.015,0,0,0,129.015,0
70.7893,1.86202,0,0,7.70213,0.260534,0.36288,3.6288,61.308,0.220049,0,0,1.45026,0.201915,1.02829,0.66528,12.849,1,0.364865,0.36288,0,172.212,3.57283,168.637,0.84672,12.849,0.84672,3695.15,0,18.483,0,1.34121,1.47987,5.11678,0.924112,7.01375,0.42336,18.483,0.42336,0,0,442.007,0,1.02816,0,0,2.36937,1.34121,1.028160,1,0,176.679,0,0,0,176.679,0
72.29,1.90769,0,0,6.05731,0.271401,2.37751,3.6288,61.308,0.220193,0,0,2.37289,0.201915,1.95078,0.66528,12.849,1,0.346267,2.37751,0,110.082,3.57283,108.541,0.84672,12.849,0.84672,3695.15,0,18.483,0,2.64418,1.48004,6.63393,0.924112,9.83404,0.42336,18.483,0.42336,0,0,442.007,0,1.02816,0,0,3.67234,2.64418,1.028160,1,0,120.325,0,0,0,120.325,0
72.29,2.10743,0,0,5.39677,0.29672,2.99262,3.6288,61.308,0.367133,0,0,1.48713,0.204539,0.915453,0.66528,12.849,1,0.37458,2.99262,0,102.574,3.50313,101.689,0.84672,12.849,0.84672,3695.15,0,18.483,0,1.26483,1.48021,5.24026,0.932088,7.05322,0.42336,18.483,0.42336,0,0,442.007,0,1.02816,0,0,2.29299,1.26483,1.028160,1,0,109.658,0,0,0,109.658,0
72.29,2.10767,0,0,4.44729,0.326311,2.01331,3.6288,61.308,0.367294,0,0,2.123,0.208037,1.54767,0.66528,12.849,1,0.374623,2.01331,0,93.4667,3.41019,91.6952,0.84672,12.849,0.84672,3695.15,0,18.483,0,1.87654,1.64411,7.89533,0.942723,10.4733,0.42336,18.483,0.42336,0,0,442.007,0,1.02816,0,0,2.9047,1.87654,1.028160,1,0,103.716,0,0,0,103.716,0
72.29,2.10792,0,0,6.54315,0.33354,4.10169,3.6288,61.308,0.367455,0,0,1.50284,0.204269,0.931117,0.66528,12.849,1,0.374666,4.10169,0,146.689,3.43208,146.984,0.84672,12.849,0.84672,3695.15,0,18.483,0,2.35058,1.6443,8.12393,0.93314,11.1857,0.42336,18.483,0.42336,0,0,442.007,0,1.02816,0,0,3.37874,2.35058,1.028160,1,0,159.101,0,0,0,159.101,0
72.29,2.10816,0,0,7.90202,0.392151,5.40171,3.6288,61.308,0.367616,0,0,1.61806,0.202233,1.04821,0.66528,12.849,1,0.37471,5.40171,0,127.589,3.50678,129.109,0.84672,12.849,0.84672,3695.15,0,18.483,0,3.8247,1.64449,8.61831,0.906474,13.181,0.42336,18.483,0.42336,0,0,442.007,0,1.02816,0,0,4.85286,3.8247,1.028160,1,0,143.338,0,0,0,143.338,0
72.29,1.84115,0,0,8.09967,0.363703,5.89482,3.6288,61.308,0.170684,0,0,1.6428,0.232885,1.23923,0.66528,12.849,1,0.32725,5.89482,0,168.691,3.69738,170.561,0.84672,12.849,0.84672,3695.15,0,18.483,0,2.13558,1.64468,9.99847,1.00531,12.7734,0.42336,18.483,0.42336,0,0,442.007,0,1.02816,0,0,3.16374,2.13558,1.028160,1,0,184.574,0,0,0,184.574,0
72.29,1.84136,0,0,6.3921,0.298692,4.25204,3.6288,61.308,0.170822,0,0,2.00245,0.237179,1.59445,0.66528,12.849,1,0.327288,4.25204,0,138.157,4.05216,138.03,0.84672,12.849,0.84672,3695.15,0,18.483,0,2.28057,1.4208,11.5208,1.08227,14.1399,0.42336,18.483,0.42336,0,0,442.007,0,1.02816,0,0,3.30873,2.28057,1.028160,1,0,153.764,0,0,0,153.764,0
72.29,1.84158,0,0,7.29406,0.298692,5.15379,3.6288,61.308,0.17096,0,0,3.04067,0.237179,2.63253,0.66528,12.849,1,0.327326,5.15379,0,119.276,4.05216,120.05,0.84672,12.849,0.84672,3695.15,0,18.483,0,3.5387,1.42097,15.6065,1.08227,19.4839,0.42336,18.483,0.42336,0,0,442.007,0,1.02816,0,0,4.56686,3.5387,1.028160,1,0,142.167,0,0,0,142.167,0
72.29,1.84179,0,0,6.72935,0.298692,4.58887,3.6288,61.308,0.171099,0,0,2.85358,0.237179,2.44531,0.66528,12.849,1,0.327364,4.58887,0,144.171,4.05216,144.381,0.84672,12.849,0.84672,3695.15,0,18.483,0,3.08716,1.42113,14.2022,1.08227,17.6282,0.42336,18.483,0.42336,0,0,442.007,0,1.02816,0,0,4.11532,3.08716,1.028160,1,0,164.454,0,0,0,164.454,0
72.29,1.842,0,0,7.21267,0.230723,5.13995,3.6288,61.308,0.171237,0,0,4.14138,0.201081,3.76906,0.66528,12.849,1,0.327402,5.13995,0,131.553,3.52899,132.836,0.84672,12.849,0.84672,3695.15,0,18.483,0,4.34887,1.42129,17.1906,1.00712,21.9536,0.42336,18.483,0.42336,0,0,442.007,0,1.02816,0,0,5.37703,4.34887,1.028160,1,0,158.559,0,0,0,158.559,0
72.29,1.90952,0,0,5.88903,0.192613,3.7869,3.6288,61.308,0.21962,0,0,2.02018,0.185094,1.61547,0.66528,12.849,1,0.339403,3.7869,0,153.408,4.59563,152.26,0.84672,12.849,0.84672,3695.15,0,18.483,0,1.94174,1.42146,7.10217,1.20769,9.25767,0.42336,18.483,0.42336,0,0,442.007,0,1.02816,0,0,2.9699,1.94174,1.028160,1,0,163.133,0,0,0,163.133,0
72.29,1.90974,0,0,6.6875,0.244579,4.53318,3.6288,61.308,0.219764,0,0,2.56306,0.209333,2.13396,0.66528,12.849,1,0.339442,4.53318,0,160.82,4.9624,160.051,0.84672,12.849,0.84672,3695.15,0,18.483,0,2.67674,1.47698,10.3068,1.26165,13.1989,0.42336,18.483,0.42336,0,0,442.007,0,1.02816,0,0,3.7049,2.67674,1.028160,1,0,175.384,0,0,0,175.384,0
72.29,1.90996,0,0,8.39479,0.244579,6.24024,3.6288,61.308,0.219908,0,0,2.13672,0.209333,1.70747,0.66528,12.849,1,0.339482,6.24024,0,139.523,4.9624,140.461,0.84672,12.849,0.84672,3695.15,0,18.483,0,2.70014,1.47715,10.9954,1.26165,13.911,0.42336,18.483,0.42336,0,0,442.007,0,1.02816,0,0,3.7283,2.70014,1.028160,1,0,156.08,0,0,0,156.08,0
72.29,1.91018,0,0,8.50375,0.244579,6.34898,3.6288,61.308,0.220052,0,0,1.71075,0.209333,1.28136,0.66528,12.849,1,0.339521,6.34898,0,108.332,4.9624,109.379,0.84672,12.849,0.84672,3695.15,0,18.483,0,1.79213,1.47732,11.5104,1.26165,13.5182,0.42336,18.483,0.42336,0,0,442.007,0,1.02816,0,0,2.82029,1.79213,1.028160,1,0,124.178,0,0,0,124.178,0
72.29,1.88407,0,0,5.85033,0.195176,3.77107,3.6288,61.308,0.20145,0,0,1.17634,0.231198,0.743688,0.66528,12.849,1,0.33488,3.77107,0,104.385,4.73262,103.089,0.84672,12.849,0.84672,3695.15,0,18.483,0,1.17339,1.47749,8.29431,1.3274,9.61779,0.42336,18.483,0.42336,0,0,442.007,0,1.02816,0,0,2.20155,1.17339,1.028160,1,0,113.45,0,0,0,113.45,0
72.29,1.88429,0,0,4.92849,0.200414,2.84378,3.6288,61.308,0.201592,0,0,0.899821,0.226623,0.471607,0.66528,12.849,1,0.334919,2.84378,0,87.4549,4.47783,85.486,0.84672,12.849,0.84672,3695.15,0,18.483,0,0.75244,1.4561,5.44533,1.32164,6.33224,0.42336,18.483,0.42336,0,0,442.007,0,1.02816,0,0,1.7806,0.75244,1.028160,1,0,92.2898,0,0,0,92.2898,0
72.29,1.88451,0,0,4.4657,0.196093,2.38509,3.6288,61.308,0.201734,0,0,0.806769,0.220934,0.384101,0.66528,12.849,1,0.334957,2.38509,0,77.0541,4.35987,74.7444,0.84672,12.849,0.84672,3695.15,0,18.483,0,0.590734,1.45627,4.98061,1.29172,5.73589,0.42336,18.483,0.42336,0,0,442.007,0,1.02816,0,0,1.61889,0.590734,1.028160,1,0,80.8644,0,0,0,80.8644,0
72.29,1.88473,0,0,4.0933,0.170168,2.03841,3.6288,61.308,0.201876,0,0,0.762471,0.186801,0.373795,0.66528,12.849,1,0.334996,2.03841,0,74.1891,3.65211,72.2404,0.84672,12.849,0.84672,3695.15,0,18.483,0,0.511929,1.45644,4.53503,1.11221,5.39119,0.42336,18.483,0.42336,0,0,442.007,0,1.02816,0,0,1.54009,0.511929,1.028160,1,0,78.0054,0,0,0,78.0054,0
72.29,1.97436,0,0,4.15779,0.164077,2.01935,3.6288,61.308,0.268528,0,0,0.822787,0.207698,0.346561,0.66528,12.849,1,0.350928,2.01935,0,66.1643,4.01781,63.8149,0.84672,12.849,0.84672,3695.15,0,18.483,0,0.900651,1.45661,4.97069,1.16673,6.16122,0.42336,18.483,0.42336,0,0,442.007,0,1.02816,0,0,1.92881,0.900651,1.028160,1,0,70.3226,0,0,0,70.3226,0
72.29,1.97459,0,0,3.88763,0.155287,1.75775,3.6288,61.308,0.268677,0,0,0.686007,0.275395,0.141935,0.66528,12.849,1,0.350968,1.75775,0,60.2571,4.93536,56.7285,0.84672,12.849,0.84672,3695.15,0,18.483,0,0.598458,1.53218,4.08342,1.35142,4.86264,0.42336,18.483,0.42336,0,0,442.007,0,1.02816,0,0,1.62662,0.598458,1.028160,1,0,61.7331,0,0,0,61.7331,0
72.29,1.97482,0,0,3.63386,0.106178,1.55287,3.6288,61.308,0.268827,0,0,0.663483,0.272482,0.122174,0.66528,12.849,1,0.351009,1.55287,0,58.1209,5.05925,54.2635,0.84672,12.849,0.84672,3695.15,0,18.483,0,0.428414,1.53236,3.92992,1.34449,4.5462,0.42336,18.483,0.42336,0,0,442.007,0,1.02816,0,0,1.45657,0.428414,1.028160,1,0,58.9319,0,0,0,58.9319,0
72.29,1.97505,0,0,3.37728,0.0971884,1.30505,3.6288,61.308,0.268977,0,0,0.624041,0.270065,0.0849994,0.66528,12.849,1,0.351049,1.30505,0,54.4602,5.07948,50.3347,0.84672,12.849,0.84672,3695.15,0,18.483,0,0.347224,1.53253,3.61177,1.33729,4.15424,0.42336,18.483,0.42336,0,0,442.007,0,1.02816,0,0,1.37538,0.347224,1.028160,1,0,54.5739,0,0,0,54.5739,0
72.29,1.97527,0,0,3.22817,0.0971884,1.15571,3.6288,61.308,0.269127,0,0,0.624128,0.270065,0.084936,0.66528,12.849,1,0.35109,1.15571,0,46.0979,5.07948,41.8231,0.84672,12.849,0.84672,3695.15,0,18.483,0,0.488644,1.53271,3.33958,1.33729,4.02365,0.42336,18.483,0.42336,0,0,442.007,0,1.02816,0,0,1.5168,0.488644,1.028160,1,0,45.9317,0,0,0,45.9317,0
71.943,1.95781,0,0,2.06023,0.0865698,0.36288,3.6288,61.1337,0.460629,0,0,0.56055,0.274237,0,0.66528,12.849,1,0.347986,0.36288,0,35.4711,5.29714,30.1888,0.84672,12.849,0.84672,3695.15,0,18.483,0,0.30119,1.53289,1.73195,1.29349,2.27254,0.42336,18.483,0.42336,0,0,442.007,0,0.873383,0,0,1.17457,0.30119,1.028160,1,0,32.4614,0,0,0,32.4614,0
71.4678,1.95518,0,0,1.92923,0.0863418,0.36288,3.6288,60.9009,0.491758,0,0,0.532894,0.273935,0,0.66528,12.849,1,0.349195,0.36288,0,35.4246,5.29714,30.1411,0.84672,12.849,0.84672,3695.15,0,18.483,0,0.261274,1.55657,1.77987,1.29349,2.30423,0.42336,18.483,0.42336,0,0,442.007,0,0.842409,0,0,1.10368,0.261274,1.028160,1,0,32.4454,0,0,0,32.4454,0
70.8219,1.95147,0,0,1.75453,0.0860297,0.36288,3.6288,60.6408,0.506202,0,0,0.519635,0.273531,0,0.66528,12.849,1,0.35085,0.36288,0,34.7313,5.29714,29.4462,0.84672,12.849,0.84672,3695.15,0,18.483,0,0.261274,1.55675,1.70543,1.29349,2.22997,0.42336,18.483,0.42336,0,0,442.007,0,0.828118,0,0,1.08939,0.261274,1.028160,1,0,31.6762,0,0,0,31.6762,0
70.0197,1.94629,0,0,1.59249,0.0856054,0.36288,3.6288,60.226,0.629217,0,0,0.4875,0.273081,0,0.66528,12.849,1,0.353109,0.36288,0,30.9484,5.29714,25.661,0.84672,12.849,0.84672,3695.15,0,18.483,0,0.261274,1.55693,1.64978,1.29349,2.1745,0.42336,18.483,0.42336,0,0,442.007,0,0.705257,0,0,0.966531,0.261274,1.028160,1,0,27.8355,0,0,0,27.8355,0
69.1787,1.98496,0,0,1.56466,0.0577591,0.36288,3.6288,59.8352,0.628953,0,0,0.555937,0.317731,0,0.66528,12.849,1,0.364252,0.36288,0,31.1716,5.74135,25.4288,0.84672,12.849,0.84672,3695.15,0,18.483,0,0.261274,1.55711,1.58478,1.53081,1.87236,0.42336,18.483,0.42336,0,0,442.007,0,0.738288,0,0,0.999562,0.261274,1.028160,1,0,27.3012,0,0,0,27.3012,0
68.2409,1.97776,0,0,1.4643,0.0614289,0.36288,3.6288,59.4035,0.630347,0,0,0.492401,0.293832,0,0.66528,12.849,1,0.367342,0.36288,0,28.9074,5.33347,23.5694,0.84672,12.849,0.84672,3695.15,0,18.483,0,0.261274,1.59477,1.58039,1.43831,1.99812,0.42336,18.483,0.42336,0,0,442.007,0,0.737052,0,0,0.998326,0.261274,1.028160,1,0,25.5675,0,0,0,25.5675,0
67.2178,1.96955,0,0,1.37025,0.0609812,0.36288,3.6288,58.9268,0.639473,0,0,0.455787,0.293022,0,0.66528,12.849,1,0.370844,0.36288,0,26.096,5.33347,20.7546,0.84672,12.849,0.84672,3695.15,0,18.483,0,0.227405,1.59495,1.41048,1.43831,1.79453,0.42336,18.483,0.42336,0,0,442.007,0,0.728084,0,0,0.955489,0.227405,1.028160,1,0,22.5491,0,0,0,22.5491,0
66.092,1.96039,0,0,1.25795,0.0604928,0.36288,3.6288,58.3673,0.718108,0,0,0.45078,0.292128,0,0.66528,12.849,1,0.374738,0.36288,0,23.8549,5.33347,18.5095,0.84672,12.849,0.84672,3695.15,0,18.483,0,0.227405,1.59513,1.37951,1.43831,1.76375,0.42336,18.483,0.42336,0,0,442.007,0,0.649607,0,0,0.877012,0.227405,1.028160,1,0,20.2733,0,0,0,20.2733,0
65.0906,2.08029,0,0,1.4903,0.0485269,0.36288,3.6288,58.1,0.528968,0,0,0.542839,0.2812,0,0.66528,12.849,1,0.404431,0.36288,0,24.5353,5.59411,18.8996,0.84672,12.849,0.84672,3695.15,0,18.483,0,0.227405,1.59532,2.06313,1.51095,2.3749,0.42336,18.483,0.42336,0,0,442.007,0,0.956673,0,0,1.18408,0.227405,1.028160,1,0,21.2745,0,0,0,21.2745,0
63.9437,2.07029,0,0,1.34975,0.0634881,0.36288,3.6288,57.7629,0.544994,0,0,0.502033,0.29411,0,0.66528,12.849,1,0.408679,0.36288,0,22.4121,5.93397,16.4323,0.84672,12.849,0.84672,3695.15,0,18.483,0,0.227405,1.72247,1.64602,1.61187,1.98402,0.42336,18.483,0.42336,0,0,442.007,0,0.940818,0,0,1.16822,0.227405,1.028160,1,0,18.4163,0,0,0,18.4163,0
62.6438,2.05853,0,0,1.18445,0.0629037,0.36288,3.6288,57.3795,0.574231,0,0,0.484335,0.29347,0,0.66528,12.849,1,0.413646,0.36288,0,28.4897,5.93397,22.505,0.84672,12.849,0.84672,3695.15,0,18.483,0,0.204422,1.72266,1.58063,1.61187,1.89584,0.42336,18.483,0.42336,0,0,442.007,0,0.911753,0,0,1.11618,0.204422,1.028160,1,0,24.4008,0,0,0,24.4008,0
61.3836,2.04481,0,0,1.20969,0.0622414,0.36288,3.6288,57.1312,0.51114,0,0,0.555578,0.292742,0,0.66528,12.849,1,0.419416,0.36288,0,24.6791,5.93397,18.6886,0.84672,12.849,0.84672,3695.15,0,18.483,0,0.204422,1.72286,1.64145,1.61187,1.95687,0.42336,18.483,0.42336,0,0,442.007,0,0.975015,0,0,1.17944,0.204422,1.028160,1,0,20.6455,0,0,0,20.6455,0
60.1473,2.03115,0,0,1.22056,0.0627627,0.36288,3.6288,56.9473,0.458167,0,0,0.559782,0.285559,0,0.66528,12.849,1,0.425166,0.36288,0,25.0409,5.74913,19.2295,0.84672,12.849,0.84672,3695.15,0,18.483,0,0.439439,1.72306,2.09954,1.53992,2.72212,0.42336,18.483,0.42336,0,0,442.007,0,1.02816,0,0,1.4676,0.439439,1.028160,1,0,21.9516,0,0,0,21.9516,0
59.3782,1.95582,0,0,1.57973,0.030173,0.36288,3.6288,56.8846,0.386817,0,0,0.609651,0.285552,0,0.66528,12.849,1,0.417812,0.36288,0,29.704,5.86374,23.7853,0.84672,12.849,0.84672,3695.15,0,18.483,0,0.55995,1.72326,3.89705,1.53595,4.64432,0.42336,18.483,0.42336,0,0,442.007,0,1.02816,0,0,1.58811,0.55995,1.028160,1,0,28.4296,0,0,0,28.4296,0
58.8937,1.9474,0,0,1.90172,0.0759079,0.36288,3.6288,56.8494,0.38698,0,0,0.604888,0.253064,0,0.66528,12.849,1,0.421404,0.36288,0,27.6548,5.7456,21.8507,0.84672,12.849,0.84672,3695.15,0,18.483,0,0.552882,1.65066,3.02177,1.49661,3.7287,0.42336,18.483,0.42336,0,0,442.007,0,1.02816,0,0,1.58104,0.552882,1.028160,1,0,25.5794,0,0,0,25.5794,0
59.4729,1.94211,0,0,2.95974,0.0755541,0.36288,3.6288,57.2122,0.387144,0,0,1.00291,0.253006,0,0.66528,12.849,1,0.423715,0.36288,0,44.955,5.7456,39.1485,0.84672,12.849,0.84672,3695.15,0,18.483,0,1.69554,1.65085,5.3902,1.49661,7.23998,0.42336,18.483,0.42336,0,0,442.007,0,1.02816,0,0,2.7237,1.69554,1.028160,1,0,46.3885,0,0,0,46.3885,0
59.8076,1.94893,0,0,2.72246,0.0759771,0.36288,3.6288,57.4937,0.387307,0,0,0.922398,0.253603,0,0.66528,12.849,1,0.421061,0.36288,0,81.4519,5.7456,75.6481,0.84672,12.849,0.84672,3695.15,0,18.483,0,1.4462,1.65104,4.55598,1.49661,6.15661,0.42336,18.483,0.42336,0,0,442.007,0,1.02816,0,0,2.47436,1.4462,1.028160,1,0,81.8047,0,0,0,81.8047,0
60.4792,1.90247,0,0,3.08952,0.152553,0.36288,3.6288,57.8304,0.322338,0,0,0.878377,0.219299,0,0.66528,12.849,1,0.408725,0.36288,0,54.5679,4.88262,49.6394,0.84672,12.849,0.84672,3695.15,0,18.483,0,1.28263,1.65123,3.74949,1.28063,5.40272,0.42336,18.483,0.42336,0,0,442.007,0,1.02816,0,0,2.31079,1.28263,1.028160,1,0,55.0422,0,0,0,55.0422,0
62.1204,1.90998,0,0,4.08766,0.173638,0.36288,3.6288,58.6523,0.322494,0,0,1.31838,0.173936,0,0.66528,12.849,1,0.405782,0.36288,0,77.4176,3.3977,73.977,0.84672,12.849,0.84672,3695.15,0,18.483,0,2.37418,1.58669,6.95917,0.819425,10.1006,0.42336,18.483,0.42336,0,0,442.007,0,1.02816,0,0,3.40234,2.37418,1.028160,1,0,84.0776,0,0,0,84.0776,0
63.5002,1.92758,0,0,3.84631,0.176013,0.36288,3.6288,60.3043,0.32265,0,0,2.14949,0.17486,0,0.66528,12.849,1,0.398702,0.36288,0,90.4686,3.3977,87.0351,0.84672,12.849,0.84672,3695.15,0,18.483,0,4.10203,1.58688,11.082,0.819425,15.9515,0.42336,18.483,0.42336,0,0,442.007,0,1.02816,0,0,5.13019,4.10203,1.028160,1,0,102.987,0,0,0,102.987,0
67.2832,1.94195,0,0,6.26588,0.17801,0.36288,3.6288,61.308,0.322806,0,0,1.5644,0.176717,0.0612083,0.66528,12.849,1,0.392946,0.36288,0,101.733,3.3977,98.3048,0.84672,12.849,0.84672,3695.15,0,18.483,0,4.26751,1.58706,10.296,0.819425,15.3312,0.42336,18.483,0.42336,0,0,442.007,0,1.02816,0,0,5.29567,4.26751,1.028160,1,0,113.697,0,0,0,113.697,0
69.6644,1.8299,0,0,4.78797,0.214049,0.36288,3.6288,61.308,0.187246,0,0,1.32378,0.181847,0.954684,0.66528,12.849,1,0.349454,0.36288,0,96.5573,3.97372,92.597,0.84672,12.849,0.84672,3695.15,0,18.483,0,3.09779,1.58724,8.19684,0.961269,11.9206,0.42336,18.483,0.42336,0,0,442.007,0,1.02816,0,0,4.12595,3.09779,1.028160,1,0,105.472,0,0,0,105.472,0
70.3385,1.85021,0,0,3.16036,0.273131,0.36288,3.6288,61.308,0.187386,0,0,1.21425,0.227362,0.7995,0.66528,12.849,1,0.341255,0.36288,0,79.1144,4.36863,74.7674,0.84672,12.849,0.84672,3695.15,0,18.483,0,3.32084,1.44164,8.54412,1.07208,12.2345,0.42336,18.483,0.42336,0,0,442.007,0,1.02816,0,0,4.349,3.32084,1.028160,1,0,87.8014,0,0,0,87.8014,0
72.29,1.85594,0,0,4.97712,0.274556,0.895135,3.6288,61.308,0.187527,0,0,2.60618,0.227362,2.19129,0.66528,12.849,1,0.339031,0.895135,0,106.35,4.36863,102.538,0.84672,12.849,0.84672,3695.15,0,18.483,0,6.80154,1.4418,9.41518,1.07208,16.5864,0.42336,18.483,0.42336,0,0,442.007,0,1.02816,0,0,7.8297,6.80154,1.028160,1,0,121.315,0,0,0,121.315,0
72.29,1.87173,0,0,4.79006,0.260142,2.65819,3.6288,61.308,0.187667,0,0,0.967257,0.219951,0.559638,0.66528,12.849,1,0.332685,2.65819,0,69.2417,3.98913,67.578,0.84672,12.849,0.84672,3695.15,0,18.483,0,2.8306,1.44197,6.38632,1.00918,9.64972,0.42336,18.483,0.42336,0,0,442.007,0,1.02816,0,0,3.85876,2.8306,1.028160,1,0,77.7874,0,0,0,77.7874,0
72.29,1.87194,0,0,4.87467,0.252725,2.75,3.6288,61.308,0.187808,0,0,2.01333,0.216987,1.60853,0.66528,12.849,1,0.332723,2.75,0,58.6044,3.83733,57.1844,0.84672,12.849,0.84672,3695.15,0,18.483,0,3.52394,1.44214,7.49373,0.984022,11.4758,0.42336,18.483,0.42336,0,0,442.007,0,1.02816,0,0,4.5521,3.52394,1.028160,1,0,70.2687,0,0,0,70.2687,0
72.29,1.9308,0,0,3.90128,0.308236,1.66224,3.6288,61.308,0.227268,0,0,1.31875,0.256162,0.835319,0.66528,12.849,1,0.343186,1.66224,0,57.7505,4.80933,54.2603,0.84672,12.849,0.84672,3695.15,0,18.483,0,2.28739,1.4423,6.20584,1.25667,8.67886,0.42336,18.483,0.42336,0,0,442.007,0,1.02816,0,0,3.31555,2.28739,1.028160,1,0,63.7744,0,0,0,63.7744,0
72.1163,1.93102,0,0,2.45061,0.330441,0.36288,3.6288,61.308,0.227405,0,0,0.824161,0.271832,0.324923,0.66528,12.849,1,0.343223,0.36288,0,43.5545,5.19813,38.376,0.84672,12.849,0.84672,3695.15,0,18.483,0,1.5762,1.4886,4.70177,1.36574,6.40084,0.42336,18.483,0.42336,0,0,442.007,0,1.02816,0,0,2.60436,1.5762,1.028160,1,0,45.1018,0,0,0,45.1018,0
71.4397,1.92982,0,0,1.94616,0.330005,0.36288,3.6288,61.308,0.227543,0,0,0.678318,0.271832,0.178942,0.66528,12.849,1,0.343838,0.36288,0,39.1249,5.19813,33.9458,0.84672,12.849,0.84672,3695.15,0,18.483,0,1.19389,1.48877,3.98044,1.36574,5.29736,0.42336,18.483,0.42336,0,0,442.007,0,1.02816,0,0,2.22205,1.19389,1.028160,1,0,39.4221,0,0,0,39.4221,0
71.1944,1.92451,0,0,2.34699,0.304891,0.36288,3.6288,61.308,0.227681,0,0,0.949856,0.262103,0.460072,0.66528,12.849,1,0.346139,0.36288,0,41.1457,5.13453,36.0279,0.84672,12.849,0.84672,3695.15,0,18.483,0,1.61574,1.48893,4.94327,1.25606,6.79188,0.42336,18.483,0.42336,0,0,442.007,0,1.02816,0,0,2.6439,1.61574,1.028160,1,0,43.2798,0,0,0,43.2798,0
70.3708,2.11024,0,0,1.94635,0.296815,0.36288,3.6288,61.308,0.375495,0,0,1.23509,0.243064,0.616529,0.66528,12.849,1,0.380851,0.36288,0,44.3115,4.55931,39.7343,0.84672,12.849,0.84672,3695.15,0,18.483,0,1.73944,1.48909,4.65759,1.12928,6.75684,0.42336,18.483,0.42336,0,0,442.007,0,1.02816,0,0,2.7676,1.73944,1.028160,1,0,47.1076,0,0,0,47.1076,0
68.7725,2.10295,0,0,1.18729,0.319853,0.36288,3.6288,61.308,0.375649,0,0,0.955115,0.213709,0.365756,0.66528,12.849,1,0.383978,0.36288,0,31.8604,3.24051,28.5988,0.84672,12.849,0.84672,3695.15,0,18.483,0,1.54378,1.65396,4.12949,1.01796,6.30927,0.42336,18.483,0.42336,0,0,442.007,0,1.02816,0,0,2.57194,1.54378,1.028160,1,0,35.2739,0,0,0,35.2739,0
70.0932,2.08823,0,0,4.08779,0.315917,0.36288,3.6288,61.308,0.375803,0,0,1.23638,0.213709,0.646863,0.66528,12.849,1,0.390152,0.36288,0,71.3902,3.24051,68.1224,0.84672,12.849,0.84672,3695.15,0,18.483,0,2.98302,1.65414,6.76302,1.01796,10.3822,0.42336,18.483,0.42336,0,0,442.007,0,1.02816,0,0,4.01118,2.98302,1.028160,1,0,79.1515,0,0,0,79.1515,0
69.374,2.10085,0,0,2.06372,0.319169,0.36288,3.6288,61.308,0.375958,0,0,0.705741,0.213709,0.116074,0.66528,12.849,1,0.385113,0.36288,0,43.6205,3.24051,40.3578,0.84672,12.849,0.84672,3695.15,0,18.483,0,1.43197,1.65432,4.05372,1.01796,6.12205,0.42336,18.483,0.42336,0,0,442.007,0,1.02816,0,0,2.46013,1.43197,1.028160,1,0,46.5959,0,0,0,46.5959,0
69.2269,1.8289,0,0,2.34919,0.30457,0.36288,3.6288,61.308,0.177841,0,0,0.791692,0.188065,0.425786,0.66528,12.849,1,0.338736,0.36288,0,47.3429,2.99448,44.3725,0.84672,12.849,0.84672,3695.15,0,18.483,0,1.16135,1.65451,4.03266,0.847414,6.00111,0.42336,18.483,0.42336,0,0,442.007,0,1.02816,0,0,2.18951,1.16135,1.028160,1,0,50.7994,0,0,0,50.7994,0
71.3325,1.82789,0,0,4.63092,0.334521,0.36288,3.6288,61.308,0.177974,0,0,1.53596,0.129812,1.22817,0.66528,12.849,1,0.339269,0.36288,0,90.1722,2.64555,87.5503,0.84672,12.849,0.84672,3695.15,0,18.483,0,2.16539,1.42928,6.01867,0.644632,8.96871,0.42336,18.483,0.42336,0,0,442.007,0,1.02816,0,0,3.19355,2.16539,1.028160,1,0,97.7472,0,0,0,97.7472,0
72.29,1.84506,0,0,3.93861,0.31273,0.823326,3.6288,61.308,0.178106,0,0,1.09516,0.176073,0.740985,0.66528,12.849,1,0.332348,0.823326,0,62.8506,2.76717,60.5744,0.84672,12.849,0.84672,3695.15,0,18.483,0,1.19718,1.42944,4.61173,0.786522,6.45183,0.42336,18.483,0.42336,0,0,442.007,0,1.02816,0,0,2.22534,1.19718,1.028160,1,0,67.7672,0,0,0,67.7672,0
72.29,1.85275,0,0,4.00326,0.315019,1.83549,3.6288,61.308,0.178238,0,0,1.05328,0.176073,0.698966,0.66528,12.849,1,0.329313,1.83549,0,54.4546,2.76717,53.1936,0.84672,12.849,0.84672,3695.15,0,18.483,0,1.11759,1.4296,4.1243,0.786522,5.88496,0.42336,18.483,0.42336,0,0,442.007,0,1.02816,0,0,2.14575,1.11759,1.028160,1,0,59.7776,0,0,0,59.7776,0
72.29,1.85296,0,0,4.25797,0.315019,2.09,3.6288,61.308,0.178371,0,0,1.0926,0.176073,0.738154,0.66528,12.849,1,0.329349,2.09,0,57.4628,2.76717,56.4563,0.84672,12.849,0.84672,3695.15,0,18.483,0,1.27778,1.42976,4.42058,0.786522,6.34159,0.42336,18.483,0.42336,0,0,442.007,0,1.02816,0,0,2.30594,1.27778,1.028160,1,0,63.536,0,0,0,63.536,0
72.29,1.92087,0,0,4.76006,0.285689,2.5535,3.6288,61.308,0.227034,0,0,1.37892,0.142201,1.00968,0.66528,12.849,1,0.34142,2.5535,0,80.1973,2.82576,79.5837,0.84672,12.849,0.84672,3695.15,0,18.483,0,2.3897,1.42991,5.31772,0.677601,8.45974,0.42336,18.483,0.42336,0,0,442.007,0,1.02816,0,0,3.41786,2.3897,1.028160,1,0,89.0531,0,0,0,89.0531,0
72.29,1.92108,0,0,5.48179,0.273093,3.28761,3.6288,61.308,0.227172,0,0,1.56106,0.178203,1.15568,0.66528,12.849,1,0.341457,3.28761,0,108.666,3.7611,107.851,0.84672,12.849,0.84672,3695.15,0,18.483,0,2.96698,1.48575,6.39884,0.911741,9.93984,0.42336,18.483,0.42336,0,0,442.007,0,1.02816,0,0,3.99514,2.96698,1.028160,1,0,118.947,0,0,0,118.947,0
72.29,1.92129,0,0,3.46499,0.27001,1.27368,3.6288,61.308,0.22731,0,0,1.34484,0.194862,0.922671,0.66528,12.849,1,0.341495,1.27368,0,98.8459,4.13133,95.6468,0.84672,12.849,0.84672,3695.15,0,18.483,0,2.97435,1.48592,5.40493,1.01266,8.85254,0.42336,18.483,0.42336,0,0,442.007,0,1.02816,0,0,4.00251,2.97435,1.028160,1,0,105.422,0,0,0,105.422,0
72.29,1.9215,0,0,3.28722,0.27001,1.09571,3.6288,61.308,0.227448,0,0,1.60558,0.194862,1.18327,0.66528,12.849,1,0.341532,1.09571,0,71.3923,4.13133,68.0152,0.84672,12.849,0.84672,3695.15,0,18.483,0,3.27452,1.48608,4.64966,1.01266,8.3976,0.42336,18.483,0.42336,0,0,442.007,0,1.02816,0,0,4.30268,3.27452,1.028160,1,0,77.596,0,0,0,77.596,0
72.29,1.89523,0,0,3.14661,0.230472,1.02091,3.6288,61.308,0.208728,0,0,1.14889,0.230565,0.709594,0.66528,12.849,1,0.336862,1.02091,0,66.8893,5.08329,62.4901,0.84672,12.849,0.84672,3695.15,0,18.483,0,2.51994,1.48624,5.98813,1.12413,8.87018,0.42336,18.483,0.42336,0,0,442.007,0,1.02816,0,0,3.5481,2.51994,1.028160,1,0,72.0699,0,0,0,72.0699,0
72.29,1.89543,0,0,2.83412,0.143085,0.795599,3.6288,61.308,0.208864,0,0,0.855049,0.239514,0.406671,0.66528,12.849,1,0.336899,0.795599,0,60.7526,4.8488,56.3625,0.84672,12.849,0.84672,3695.15,0,18.483,0,1.73053,1.46472,4.15256,1.0986,6.24921,0.42336,18.483,0.42336,0,0,442.007,0,1.02816,0,0,2.75869,1.73053,1.028160,1,0,63.0184,0,0,0,63.0184,0
72.29,1.89564,0,0,2.63014,0.143085,0.591409,3.6288,61.308,0.209,0,0,0.825431,0.239514,0.376917,0.66528,12.849,1,0.336936,0.591409,0,52.0021,4.8488,47.4078,0.84672,12.849,0.84672,3695.15,0,18.483,0,1.51679,1.46488,3.80598,1.0986,5.68905,0.42336,18.483,0.42336,0,0,442.007,0,1.02816,0,0,2.54495,1.51679,1.028160,1,0,53.4737,0,0,0,53.4737,0
72.29,1.89585,0,0,2.5372,0.143085,0.49826,3.6288,61.308,0.209136,0,0,0.764986,0.239514,0.316336,0.66528,12.849,1,0.336973,0.49826,0,48.0152,4.8488,43.3277,0.84672,12.849,0.84672,3695.15,0,18.483,0,1.31421,1.46504,3.78224,1.0986,5.4629,0.42336,18.483,0.42336,0,0,442.007,0,1.02816,0,0,2.34237,1.31421,1.028160,1,0,49.1069,0,0,0,49.1069,0
71.9506,1.986,0,0,2.16943,0.159934,0.36288,3.6288,61.308,0.276173,0,0,0.717092,0.194424,0.246494,0.66528,12.849,1,0.352997,0.36288,0,44.0078,4.56689,39.4508,0.84672,12.849,0.84672,3695.15,0,18.483,0,1.21669,1.4652,3.51907,0.996613,5.20436,0.42336,18.483,0.42336,0,0,442.007,0,1.02816,0,0,2.24485,1.21669,1.028160,1,0,44.9017,0,0,0,44.9017,0
71.3697,1.98339,0,0,1.88128,0.115914,0.36288,3.6288,61.308,0.276317,0,0,0.588688,0.281018,0.0313536,0.66528,12.849,1,0.354196,0.36288,0,35.9659,5.8065,30.1681,0.84672,12.849,0.84672,3695.15,0,18.483,0,0.842158,1.54121,2.98282,1.23024,4.13596,0.42336,18.483,0.42336,0,0,442.007,0,1.02816,0,0,1.87032,0.842158,1.028160,1,0,34.3354,0,0,0,34.3354,0
70.7205,1.97872,0,0,1.8078,0.115402,0.36288,3.6288,61.308,0.27646,0,0,0.569792,0.281018,0.0123138,0.66528,12.849,1,0.356238,0.36288,0,34.1948,5.8065,28.3949,0.84672,12.849,0.84672,3695.15,0,18.483,0,0.807149,1.54138,2.61547,1.23024,3.73376,0.42336,18.483,0.42336,0,0,442.007,0,1.02816,0,0,1.83531,0.807149,1.028160,1,0,32.141,0,0,0,32.141,0
70.0092,1.97341,0,0,1.73979,0.114829,0.36288,3.6288,61.2964,0.276603,0,0,0.546024,0.281018,0,0.66528,12.849,1,0.358544,0.36288,0,32.103,5.8065,26.3009,0.84672,12.849,0.84672,3695.15,0,18.483,0,0.923841,1.54155,2.20342,1.23024,3.43858,0.42336,18.483,0.42336,0,0,442.007,0,1.02816,0,0,1.952,0.923841,1.028160,1,0,29.7395,0,0,0,29.7395,0
69.2929,1.96749,0,0,1.70164,0.0875706,0.36288,3.6288,61.2279,0.276746,0,0,0.529817,0.321593,0,0.66528,12.849,1,0.3611,0.36288,0,30.2481,5.99949,24.2504,0.84672,12.849,0.84672,3695.15,0,18.483,0,0.856647,1.54172,2.08946,1.32612,3.16171,0.42336,18.483,0.42336,0,0,442.007,0,1.02816,0,0,1.88481,0.856647,1.028160,1,0,27.4121,0,0,0,27.4121,0
68.18,1.94387,0,0,1.28711,0.0932031,0.36288,3.6288,61.0452,0.379292,0,0,0.485681,0.289036,0,0.66528,12.849,1,0.360453,0.36288,0,23.2658,5.24907,18.0191,0.84672,12.849,0.84672,3695.15,0,18.483,0,0.30119,1.54189,2.76232,1.20777,3.39763,0.42336,18.483,0.42336,0,0,442.007,0,0.962548,0,0,1.26374,0.30119,1.028160,1,0,21.4168,0,0,0,21.4168,0
66.9601,1.93426,0,0,1.17066,0.0934084,0.36288,3.6288,60.787,0.442857,0,0,0.467903,0.283305,0,0.66528,12.849,1,0.364524,0.36288,0,21.6251,5.124,16.4994,0.84672,12.849,0.84672,3695.15,0,18.483,0,0.261274,1.5657,2.76254,1.18804,3.40147,0.42336,18.483,0.42336,0,0,442.007,0,0.89913,0,0,1.1604,0.261274,1.028160,1,0,19.9009,0,0,0,19.9009,0
65.7175,1.92344,0,0,1.10971,0.066053,0.36288,3.6288,60.4725,0.434641,0,0,0.445955,0.325746,0,0.66528,12.849,1,0.369089,0.36288,0,20.3208,5.89508,14.4196,0.84672,12.849,0.84672,3695.15,0,18.483,0,0.261274,1.56588,2.69677,1.41805,3.10586,0.42336,18.483,0.42336,0,0,442.007,0,0.907494,0,0,1.16877,0.261274,1.028160,1,0,17.5254,0,0,0,17.5254,0
64.388,1.91212,0,0,1.01844,0.0728948,0.36288,3.6288,60.1518,0.450211,0,0,0.43951,0.310029,0,0.66528,12.849,1,0.373856,0.36288,0,20.326,5.90971,14.4053,0.84672,12.849,0.84672,3695.15,0,18.483,0,0.261274,1.56605,2.59858,1.38174,3.04416,0.42336,18.483,0.42336,0,0,442.007,0,0.892071,0,0,1.15334,0.261274,1.028160,1,0,17.4495,0,0,0,17.4495,0
62.9276,1.944,0,0,0.91565,0.069231,0.36288,3.6288,59.6438,0.603949,0,0,0.404782,0.30888,0,0.66528,12.849,1,0.387937,0.36288,0,17.784,5.63841,12.1205,0.84672,12.849,0.84672,3695.15,0,18.483,0,0.261274,1.56622,2.33328,1.38767,2.7731,0.42336,18.483,0.42336,0,0,442.007,0,0.771284,0,0,1.03256,0.261274,1.028160,1,0,14.8936,0,0,0,14.8936,0
61.3945,1.92956,0,0,0.824005,0.0646071,0.36288,3.6288,59.0641,0.651948,0,0,0.379497,0.307194,0,0.66528,12.849,1,0.393991,0.36288,0,15.8407,5.27667,10.5329,0.84672,12.849,0.84672,3695.15,0,18.483,0,0.261274,1.60409,2.24999,1.39557,2.71978,0.42336,18.483,0.42336,0,0,442.007,0,0.723436,0,0,0.984709,0.261274,1.028160,1,0,13.2527,0,0,0,13.2527,0
59.8078,1.91388,0,0,0.753788,0.0637982,0.36288,3.6288,58.478,0.636711,0,0,0.356683,0.306056,0,0.66528,12.849,1,0.400549,0.36288,0,14.8937,5.27667,9.57938,0.84672,12.849,0.84672,3695.15,0,18.483,0,0.227405,1.60426,2.29019,1.39557,2.72629,0.42336,18.483,0.42336,0,0,442.007,0,0.738824,0,0,0.966228,0.227405,1.028160,1,0,12.3057,0,0,0,12.3057,0
58.1674,1.89709,0,0,0.682517,0.0629231,0.36288,3.6288,57.7786,0.735358,0,0,0.340794,0.304906,0,0.66528,12.849,1,0.407567,0.36288,0,14.027,5.27667,8.7056,0.84672,12.849,0.84672,3695.15,0,18.483,0,0.227405,1.60444,2.12937,1.39557,2.56565,0.42336,18.483,0.42336,0,0,442.007,0,0.640328,0,0,0.867732,0.227405,1.028160,1,0,11.2712,0,0,0,11.2712,0
56.348,2.00457,0,0,0.596884,0.0488398,0.36288,3.6288,56.938,0.867813,0,0,0.338377,0.311129,0,0.66528,12.849,1,0.442804,0.36288,0,13.3567,5.501,7.77583,0.84672,12.849,0.84672,3695.15,0,18.483,0,0.227405,1.60462,2.15215,1.44039,2.54378,0.42336,18.483,0.42336,0,0,442.007,0,0.626478,0,0,0.853883,0.227405,1.028160,1,0,10.3196,0,0,0,10.3196,0
54.6518,1.98239,0,0,0.725674,0.0765645,0.36288,3.6288,56.2014,0.792446,0,0,0.356686,0.300826,0,0.66528,12.849,1,0.452042,0.36288,0,14.9238,4.66043,10.1742,0.84672,12.849,0.84672,3695.15,0,18.483,0,0.227405,1.73249,2.44608,1.41665,2.98933,0.42336,18.483,0.42336,0,0,442.007,0,0.702009,0,0,0.929413,0.227405,1.028160,1,0,13.1635,0,0,0,13.1635,0
53.0801,1.96086,0,0,0.827263,0.0752776,0.36288,3.6288,55.5761,0.691997,0,0,0.366051,0.299385,0,0.66528,12.849,1,0.46101,0.36288,0,15.1185,4.66043,10.36,0.84672,12.849,0.84672,3695.15,0,18.483,0,0.204422,1.73268,3.45372,1.41665,3.97417,0.42336,18.483,0.42336,0,0,442.007,0,0.802621,0,0,1.00704,0.204422,1.028160,1,0,14.3342,0,0,0,14.3342,0
51.5218,1.94014,0,0,0.818882,0.0740851,0.36288,3.6288,54.9282,0.722151,0,0,0.372474,0.298162,0,0.66528,12.849,1,0.469646,0.36288,0,13.987,4.66043,9.21985,0.84672,12.849,0.84672,3695.15,0,18.483,0,0.204422,1.73288,2.74234,1.41665,3.26299,0.42336,18.483,0.42336,0,0,442.007,0,0.772632,0,0,0.977054,0.204422,1.028160,1,0,12.4828,0,0,0,12.4828,0
49.7797,1.91881,0,0,0.622862,0.0833563,0.36288,3.6288,54.1519,0.799997,0,0,0.320774,0.29709,0,0.66528,12.849,1,0.478531,0.36288,0,13.5603,4.71593,8.72873,0.84672,12.849,0.84672,3695.15,0,18.483,0,0.204422,1.73307,2.32642,1.40578,2.85813,0.42336,18.483,0.42336,0,0,442.007,0,0.69495,0,0,0.899372,0.204422,1.028160,1,0,11.5869,0,0,0,11.5869,0
48.1337,1.83617,0,0,0.685314,0.132201,0.36288,3.6288,53.2251,0.915068,0,0,0.231133,0.242848,0,0.66528,12.849,1,0.473947,0.36288,0,12.6553,3.73925,8.80495,0.84672,12.849,0.84672,3695.15,0,18.483,0,0.204422,1.73326,2.37667,1.14435,3.17,0.42336,18.483,0.42336,0,0,442.007,0,0.508106,0,0,0.712529,0.204422,1.028160,1,0,11.975,0,0,0,11.975,0
46.5385,1.81243,0,0,0.739619,0.159502,0.36288,3.6288,52.7021,0.609149,0,0,0.303428,0.217345,0,0.66528,12.849,1,0.483817,0.36288,0,14.2701,3.25658,10.8926,0.84672,12.849,0.84672,3695.15,0,18.483,0,0.216518,1.66022,3.41001,1.03133,4.25543,0.42336,18.483,0.42336,0,0,442.007,0,0.814182,0,0,1.0307,0.216518,1.028160,1,0,15.148,0,0,0,15.148,0
44.9634,1.78846,0,0,0.732983,0.156729,0.36288,3.6288,52.3972,0.442191,0,0,0.353731,0.216437,0,0.66528,12.849,1,0.493782,0.36288,0,13.9669,3.25658,10.5794,0.84672,12.849,0.84672,3695.15,0,18.483,0,0.216518,1.66041,3.44923,1.03133,4.29483,0.42336,18.483,0.42336,0,0,442.007,0,0.981297,0,0,1.19782,0.216518,1.028160,1,0,14.8743,0,0,0,14.8743,0
43.3286,1.76379,0,0,0.645849,0.153992,0.36288,3.6288,51.9682,0.526285,0,0,0.313237,0.215908,0,0.66528,12.849,1,0.504031,0.36288,0,11.982,3.25658,8.58431,0.84672,12.849,0.84672,3695.15,0,18.483,0,0.216518,1.66059,3.00771,1.03133,3.85349,0.42336,18.483,0.42336,0,0,442.007,0,0.897359,0,0,1.11388,0.216518,1.028160,1,0,12.4378,0,0,0,12.4378,0
42.2901,1.6922,0,0,1.17391,0.157333,0.36288,3.6288,51.8723,0.330131,0,0,0.434805,0.200555,0,0.66528,12.849,1,0.501818,0.36288,0,19.8145,3.54307,16.1324,0.84672,12.849,0.84672,3695.15,0,18.483,0,0.380506,1.66077,4.58878,0.984817,5.64524,0.42336,18.483,0.42336,0,0,442.007,0,1.02816,0,0,1.40867,0.380506,1.028160,1,0,21.7777,0,0,0,21.7777,0
42.3373,1.67512,0,0,2.27761,0.192417,0.36288,3.6288,51.5564,0.563068,0,0,0.408107,0.161035,0,0.66528,12.849,1,0.508952,0.36288,0,28.9191,4.28853,24.4845,0.84672,12.849,0.84672,3695.15,0,18.483,0,0.216518,1.59585,3.93657,0.905752,4.84318,0.42336,18.483,0.42336,0,0,442.007,0,0.795372,0,0,1.01189,0.216518,1.028160,1,0,29.3277,0,0,0,29.3277,0
41.9722,1.6761,0,0,1.89533,0.221463,0.36288,3.6288,50.7744,0.910779,0,0,0.285643,0.156801,0,0.66528,12.849,1,0.508682,0.36288,0,23.4953,4.32747,19.022,0.84672,12.849,0.84672,3695.15,0,18.483,0,0.292723,1.59603,3.28664,0.955357,4.22003,0.42336,18.483,0.42336,0,0,442.007,0,0.447811,0,0,0.740534,0.292723,1.028160,1,0,23.242,0,0,0,23.242,0
42.5717,1.67011,0,0,2.85296,0.220522,0.36288,3.6288,50.9798,0.330579,0,0,0.691726,0.155809,0,0.66528,12.849,1,0.511272,0.36288,0,36.6378,4.32747,32.162,0.84672,12.849,0.84672,3695.15,0,18.483,0,1.11218,1.5962,6.66433,0.955357,8.41736,0.42336,18.483,0.42336,0,0,442.007,0,1.02816,0,0,2.14034,1.11218,1.028160,1,0,40.5793,0,0,0,40.5793,0
47.3397,1.55385,0,0,6.90684,0.222067,0.36288,3.6288,52.1791,0.194232,0,0,1.54968,0.15607,0,0.66528,12.849,1,0.468984,0.36288,0,96.0163,4.32747,91.5827,0.84672,12.849,0.84672,3695.15,0,18.483,0,2.33968,1.59638,10.0818,0.955357,13.0625,0.42336,18.483,0.42336,0,0,442.007,0,1.02816,0,0,3.36784,2.33968,1.028160,1,0,104.645,0,0,0,104.645,0
46.5703,1.62334,0,0,1.45433,0.237532,0.36288,3.6288,52.2466,0.194367,0,0,0.418225,0.156428,0,0.66528,12.849,1,0.440609,0.36288,0,24.8386,3.63416,21.1267,0.84672,12.849,0.84672,3695.15,0,18.483,0,0.410996,1.44992,3.23696,1.03078,4.0671,0.42336,18.483,0.42336,0,0,442.007,0,1.02816,0,0,1.43916,0.410996,1.028160,1,0,25.1938,0,0,0,25.1938,0
47.4903,1.6129,0,0,3.13138,0.235524,0.36288,3.6288,52.6365,0.194501,0,0,0.740957,0.156513,0,0.66528,12.849,1,0.445009,0.36288,0,54.6604,3.63416,50.9442,0.84672,12.849,0.84672,3695.15,0,18.483,0,1.51788,1.45008,5.06566,1.03078,7.00284,0.42336,18.483,0.42336,0,0,442.007,0,1.02816,0,0,2.54604,1.51788,1.028160,1,0,57.947,0,0,0,57.947,0
48.1267,1.62575,0,0,2.86611,0.241093,0.36288,3.6288,53.0309,0.194635,0,0,0.791483,0.202498,0,0.66528,12.849,1,0.439863,0.36288,0,54.3539,4.35676,49.9201,0.84672,12.849,0.84672,3695.15,0,18.483,0,0.912963,1.45024,5.79822,1.31579,6.84563,0.42336,18.483,0.42336,0,0,442.007,0,1.02816,0,0,1.94112,0.912963,1.028160,1,0,56.7658,0,0,0,56.7658,0
49.8307,1.63452,0,0,3.92174,0.220397,0.36288,3.6288,53.7867,0.19477,0,0,1.15229,0.201628,0,0.66528,12.849,1,0.436388,0.36288,0,69.5323,3.67529,65.7835,0.84672,12.849,0.84672,3695.15,0,18.483,0,1.91455,1.4504,6.59401,1.06086,8.8981,0.42336,18.483,0.42336,0,0,442.007,0,1.02816,0,0,2.94271,1.91455,1.028160,1,0,74.6816,0,0,0,74.6816,0
54.5808,1.70895,0,0,7.04697,0.224962,0.36288,3.6288,56.598,0.234448,0,0,3.22693,0.181182,0,0.66528,12.849,1,0.440658,0.36288,0,118.945,3.79037,115.077,0.84672,12.849,0.84672,3695.15,0,18.483,0,4.02624,1.45056,18.1654,1.00815,22.6341,0.42336,18.483,0.42336,0,0,442.007,0,1.02816,0,0,5.0544,4.02624,1.028160,1,0,137.711,0,0,0,137.711,0
59.1931,1.76855,0,0,7.00276,0.259109,0.36288,3.6288,59.5546,0.23458,0,0,3.39165,0.200513,0,0.66528,12.849,1,0.416337,0.36288,0,176.089,4.5024,171.533,0.84672,12.849,0.84672,3695.15,0,18.483,0,3.75595,1.49712,20.6811,1.09346,24.8407,0.42336,18.483,0.42336,0,0,442.007,0,1.02816,0,0,4.78411,3.75595,1.028160,1,0,196.374,0,0,0,196.374,0
64.4394,1.82046,0,0,7.70081,0.271162,0.36288,3.6288,61.308,0.234711,0,0,3.06901,0.204375,0.876527,0.66528,12.849,1,0.395166,0.36288,0,157.703,4.5024,153.169,0.84672,12.849,0.84672,3695.15,0,18.483,0,3.42786,1.49727,16.8953,1.09346,20.7269,0.42336,18.483,0.42336,0,0,442.007,0,1.02816,0,0,4.45602,3.42786,1.028160,1,0,174.772,0,0,0,174.772,0
69.4273,1.87344,0,0,7.50773,0.283527,0.36288,3.6288,61.308,0.234843,0,0,3.85284,0.206666,3.41133,0.66528,12.849,1,0.373558,0.36288,0,185.412,4.5024,180.899,0.84672,12.849,0.84672,3695.15,0,18.483,0,4.69729,1.49743,20.7176,1.09346,25.8189,0.42336,18.483,0.42336,0,0,442.007,0,1.02816,0,0,5.72545,4.69729,1.028160,1,0,210.129,0,0,0,210.129,0
71.2759,2.10588,0,0,4.63713,0.319746,0.36288,3.6288,61.308,0.383492,0,0,2.50282,0.194875,1.92445,0.66528,12.849,1,0.389739,0.36288,0,102.474,4.45319,97.9938,0.84672,12.849,0.84672,3695.15,0,18.483,0,2.25792,1.49758,12.2786,1.2062,14.8279,0.42336,18.483,0.42336,0,0,442.007,0,1.02816,0,0,3.28608,2.25792,1.028160,1,0,114.746,0,0,0,114.746,0
72.29,2.12323,0,0,4.6076,0.289758,1.1805,3.6288,61.308,0.383639,0,0,4.52789,0.174112,3.97014,0.66528,12.849,1,0.382757,1.1805,0,110.937,3.62618,108.108,0.84672,12.849,0.84672,3695.15,0,18.483,0,2.9774,1.66338,15.5201,0.955466,19.2054,0.42336,18.483,0.42336,0,0,442.007,0,1.02816,0,0,4.00556,2.9774,1.028160,1,0,131.284,0,0,0,131.284,0
72.29,2.13258,0,0,4.71299,0.313693,2.26671,3.6288,61.308,0.383786,0,0,2.98181,0.162807,2.43522,0.66528,12.849,1,0.37905,2.26671,0,139.734,3.69183,137.93,0.84672,12.849,0.84672,3695.15,0,18.483,0,2.05205,1.66356,11.4938,0.926716,14.2827,0.42336,18.483,0.42336,0,0,442.007,0,1.02816,0,0,3.08021,2.05205,1.028160,1,0,154.648,0,0,0,154.648,0
72.29,2.1328,0,0,8.52762,0.368,6.02681,3.6288,61.308,0.383933,0,0,3.36673,0.182024,2.80077,0.66528,12.849,1,0.37909,6.02681,0,149.82,3.68502,151.783,0.84672,12.849,0.84672,3695.15,0,18.483,0,4.02176,1.66373,15.0767,0.939773,19.8224,0.42336,18.483,0.42336,0,0,442.007,0,1.02816,0,0,5.04992,4.02176,1.028160,1,0,174.406,0,0,0,174.406,0
72.29,1.86265,0,0,4.54522,0.37,2.31257,3.6288,61.308,0.184684,0,0,2.92646,0.192511,2.54927,0.66528,12.849,1,0.331072,2.31257,0,159.519,3.64828,157.853,0.84672,12.849,0.84672,3695.15,0,18.483,0,1.9937,1.6639,13.4081,0.966229,16.0994,0.42336,18.483,0.42336,0,0,442.007,0,1.02816,0,0,3.02186,1.9937,1.028160,1,0,176.501,0,0,0,176.501,0
72.29,1.86285,0,0,8.32818,0.321064,6.14427,3.6288,61.308,0.184811,0,0,3.08477,0.173138,2.72682,0.66528,12.849,1,0.331107,6.14427,0,256.581,3.65432,258.74,0.84672,12.849,0.84672,3695.15,0,18.483,0,3.93378,1.43739,17.544,1.00163,21.9136,0.42336,18.483,0.42336,0,0,442.007,0,1.02816,0,0,4.96194,3.93378,1.028160,1,0,283.38,0,0,0,283.38,0
72.29,1.86304,0,0,7.25846,0.321064,5.07436,3.6288,61.308,0.184937,0,0,2.5096,0.173138,2.15153,0.66528,12.849,1,0.331141,5.07436,0,175.091,3.65432,176.18,0.84672,12.849,0.84672,3695.15,0,18.483,0,2.51334,1.43754,13.5108,1.00163,16.4601,0.42336,18.483,0.42336,0,0,442.007,0,1.02816,0,0,3.5415,2.51334,1.028160,1,0,194.792,0,0,0,194.792,0
72.29,1.86323,0,0,7.09344,0.321064,4.90914,3.6288,61.308,0.185063,0,0,2.24186,0.173138,1.88366,0.66528,12.849,1,0.331176,4.90914,0,182.537,3.65432,183.461,0.84672,12.849,0.84672,3695.15,0,18.483,0,2.25173,1.43769,13.6506,1.00163,16.3384,0.42336,18.483,0.42336,0,0,442.007,0,1.02816,0,0,3.27989,2.25173,1.028160,1,0,201.683,0,0,0,201.683,0
72.29,1.86343,0,0,7.04532,0.275752,4.90614,3.6288,61.308,0.18519,0,0,2.04206,0.149072,1.70779,0.66528,12.849,1,0.33121,4.90614,0,196.857,3.30553,198.127,0.84672,12.849,0.84672,3695.15,0,18.483,0,2.3353,1.43784,14.0321,0.951526,16.8538,0.42336,18.483,0.42336,0,0,442.007,0,1.02816,0,0,3.36346,2.3353,1.028160,1,0,216.688,0,0,0,216.688,0
72.29,1.93171,0,0,6.2943,0.293271,4.06931,3.6288,61.308,0.234121,0,0,1.92684,0.15706,1.53566,0.66528,12.849,1,0.343348,4.06931,0,147.124,3.25664,147.593,0.84672,12.849,0.84672,3695.15,0,18.483,0,1.56241,1.43799,12.2947,0.893631,14.4015,0.42336,18.483,0.42336,0,0,442.007,0,1.02816,0,0,2.59057,1.56241,1.028160,1,0,163.53,0,0,0,163.53,0
72.29,1.93192,0,0,4.30619,0.311715,2.06256,3.6288,61.308,0.234252,0,0,1.71914,0.179136,1.30576,0.66528,12.849,1,0.343383,2.06256,0,118.328,3.60087,116.447,0.84672,12.849,0.84672,3695.15,0,18.483,0,1.31463,1.49414,12.2155,0.956145,14.0681,0.42336,18.483,0.42336,0,0,442.007,0,1.02816,0,0,2.34279,1.31463,1.028160,1,0,131.82,0,0,0,131.82,0
72.29,1.93212,0,0,3.87484,0.311715,1.63101,3.6288,61.308,0.234384,0,0,2.19199,0.179136,1.77847,0.66528,12.849,1,0.343419,1.63101,0,83.9117,3.60087,81.5984,0.84672,12.849,0.84672,3695.15,0,18.483,0,1.72413,1.4943,9.727,0.956145,11.9893,0.42336,18.483,0.42336,0,0,442.007,0,1.02816,0,0,2.75229,1.72413,1.028160,1,0,95.3661,0,0,0,95.3661,0
72.29,1.93232,0,0,3.59542,0.317088,1.34602,3.6288,61.308,0.234515,0,0,2.32642,0.171382,1.92052,0.66528,12.849,1,0.343455,1.34602,0,76.1806,3.38444,73.7987,0.84672,12.849,0.84672,3695.15,0,18.483,0,1.76027,1.49445,13.0517,0.914381,15.392,0.42336,18.483,0.42336,0,0,442.007,0,1.02816,0,0,2.78843,1.76027,1.028160,1,0,91.1113,0,0,0,91.1113,0
72.29,1.90588,0,0,3.29651,0.272036,1.11859,3.6288,61.308,0.215684,0,0,2.09182,0.200317,1.67582,0.66528,12.849,1,0.338757,1.11859,0,81.5348,3.94752,78.3671,0.84672,12.849,0.84672,3695.15,0,18.483,0,1.80739,1.49461,9.78463,1.02892,12.0577,0.42336,18.483,0.42336,0,0,442.007,0,1.02816,0,0,2.83555,1.80739,1.028160,1,0,92.1007,0,0,0,92.1007,0
72.29,1.90608,0,0,2.98425,0.254351,0.823814,3.6288,61.308,0.215813,0,0,1.44689,0.218589,1.01249,0.66528,12.849,1,0.338792,0.823814,0,85.8514,4.41126,81.9251,0.84672,12.849,0.84672,3695.15,0,18.483,0,1.3136,1.47296,8.46573,1.13196,10.1203,0.42336,18.483,0.42336,0,0,442.007,0,1.02816,0,0,2.34176,1.3136,1.028160,1,0,93.0579,0,0,0,93.0579,0
72.29,1.90628,0,0,2.64597,0.254351,0.485342,3.6288,61.308,0.215943,0,0,1.31423,0.218589,0.879699,0.66528,12.849,1,0.338827,0.485342,0,74.3861,4.41126,70.1213,0.84672,12.849,0.84672,3695.15,0,18.483,0,1.01662,1.47311,7.32084,1.13196,8.67861,0.42336,18.483,0.42336,0,0,442.007,0,1.02816,0,0,2.04478,1.01662,1.028160,1,0,79.6796,0,0,0,79.6796,0
72.1681,1.90648,0,0,2.39751,0.25003,0.36288,3.6288,61.308,0.216072,0,0,1.17834,0.2129,0.749368,0.66528,12.849,1,0.338862,0.36288,0,65.5379,4.2933,61.2686,0.84672,12.849,0.84672,3695.15,0,18.483,0,0.830909,1.47326,6.69609,1.10205,7.89821,0.42336,18.483,0.42336,0,0,442.007,0,1.02816,0,0,1.85907,0.830909,1.028160,1,0,69.9162,0,0,0,69.9162,0
71.7828,1.99611,0,0,2.19758,0.223897,0.36288,3.6288,61.308,0.283479,0,0,1.11364,0.178767,0.65139,0.66528,12.849,1,0.355392,0.36288,0,63.1005,3.58554,59.5225,0.84672,12.849,0.84672,3695.15,0,18.483,0,0.740431,1.47342,6.09704,0.922536,7.38835,0.42336,18.483,0.42336,0,0,442.007,0,1.02816,0,0,1.76859,0.740431,1.028160,1,0,67.5622,0,0,0,67.5622,0
71.6319,1.99308,0,0,2.40708,0.202084,0.36288,3.6288,61.308,0.283615,0,0,1.22026,0.228548,0.708098,0.66528,12.849,1,0.356757,0.36288,0,69.9339,4.81752,65.1225,0.84672,12.849,0.84672,3695.15,0,18.483,0,0.972726,1.54985,7.55482,1.01458,9.06281,0.42336,18.483,0.42336,0,0,442.007,0,1.02816,0,0,2.00089,0.972726,1.028160,1,0,74.8934,0,0,0,74.8934,0
71.3814,1.99201,0,0,2.27216,0.16777,0.36288,3.6288,61.308,0.283752,0,0,1.13976,0.239075,0.616936,0.66528,12.849,1,0.357317,0.36288,0,59.2054,4.99653,54.2145,0.84672,12.849,0.84672,3695.15,0,18.483,0,0.79018,1.55001,7.33614,1.09064,8.58569,0.42336,18.483,0.42336,0,0,442.007,0,1.02816,0,0,1.81834,0.79018,1.028160,1,0,63.4171,0,0,0,63.4171,0
71.102,1.99009,0,0,2.2411,0.16745,0.36288,3.6288,61.308,0.283888,0,0,1.14312,0.239075,0.620152,0.66528,12.849,1,0.358226,0.36288,0,56.024,4.99653,51.0321,0.84672,12.849,0.84672,3695.15,0,18.483,0,0.867292,1.55017,6.98423,1.09064,8.31105,0.42336,18.483,0.42336,0,0,442.007,0,1.02816,0,0,1.89545,0.867292,1.028160,1,0,59.9633,0,0,0,59.9633,0
70.5798,1.98792,0,0,2.0103,0.181711,0.36288,3.6288,61.308,0.284025,0,0,1.09001,0.235125,0.570864,0.66528,12.849,1,0.35924,0.36288,0,52.9088,4.74269,48.1697,0.84672,12.849,0.84672,3695.15,0,18.483,0,0.877902,1.55033,6.43274,1.10043,7.76054,0.42336,18.483,0.42336,0,0,442.007,0,1.02816,0,0,1.90606,0.877902,1.028160,1,0,56.5011,0,0,0,56.5011,0
70.4325,1.96587,0,0,2.32613,0.144721,0.36288,3.6288,61.308,0.321157,0,0,1.42725,0.250727,0.855366,0.66528,12.849,1,0.357884,0.36288,0,59.0547,4.83802,54.2216,0.84672,12.849,0.84672,3695.15,0,18.483,0,1.38522,1.55049,6.80193,1.17644,8.56119,0.42336,18.483,0.42336,0,0,442.007,0,1.02816,0,0,2.41338,1.38522,1.028160,1,0,63.6382,0,0,0,63.6382,0
70.338,1.96481,0,0,2.35546,0.122312,0.36288,3.6288,61.308,0.321298,0,0,1.56436,0.259074,0.983986,0.66528,12.849,1,0.35844,0.36288,0,60.1334,5.01155,55.1263,0.84672,12.849,0.84672,3695.15,0,18.483,0,1.50827,1.57443,6.56899,1.20163,8.45006,0.42336,18.483,0.42336,0,0,442.007,0,1.02816,0,0,2.53643,1.50827,1.028160,1,0,64.5604,0,0,0,64.5604,0
70.1344,1.9642,0,0,2.24572,0.122223,0.36288,3.6288,61.308,0.321439,0,0,1.5092,0.259074,0.928688,0.66528,12.849,1,0.358811,0.36288,0,58.5482,5.01155,53.5407,0.84672,12.849,0.84672,3695.15,0,18.483,0,1.432,1.57459,6.22061,1.20163,8.02558,0.42336,18.483,0.42336,0,0,442.007,0,1.02816,0,0,2.46016,1.432,1.028160,1,0,62.495,0,0,0,62.495,0
69.8327,1.96265,0,0,2.12147,0.0976659,0.36288,3.6288,61.308,0.321579,0,0,1.43702,0.298135,0.817308,0.66528,12.849,1,0.359568,0.36288,0,55.2113,5.67037,49.5443,0.84672,12.849,0.84672,3695.15,0,18.483,0,1.42291,1.57476,6.04545,1.40397,7.63915,0.42336,18.483,0.42336,0,0,442.007,0,1.02816,0,0,2.45107,1.42291,1.028160,1,0,58.0007,0,0,0,58.0007,0
69.4383,2.00599,0,0,2.07039,0.0958476,0.36288,3.6288,61.308,0.354705,0,0,1.39366,0.296194,0.742759,0.66528,12.849,1,0.369095,0.36288,0,54.5227,5.83836,48.6781,0.84672,12.849,0.84672,3695.15,0,18.483,0,1.36877,1.57492,5.87252,1.43396,7.38225,0.42336,18.483,0.42336,0,0,442.007,0,1.02816,0,0,2.39693,1.36877,1.028160,1,0,56.8032,0,0,0,56.8032,0
69.167,2.00267,0,0,2.17338,0.0791918,0.36288,3.6288,61.308,0.354849,0,0,1.31242,0.319244,0.638324,0.66528,12.849,1,0.370578,0.36288,0,50.7183,5.94111,44.7695,0.84672,12.849,0.84672,3695.15,0,18.483,0,1.15588,1.61299,5.63979,1.53055,6.8781,0.42336,18.483,0.42336,0,0,442.007,0,1.02816,0,0,2.18404,1.15588,1.028160,1,0,52.2859,0,0,0,52.2859,0
68.7129,2.00044,0,0,1.98823,0.0790251,0.36288,3.6288,61.308,0.354993,0,0,1.23352,0.319244,0.559288,0.66528,12.849,1,0.371618,0.36288,0,47.6865,5.94111,41.7366,0.84672,12.849,0.84672,3695.15,0,18.483,0,1.11485,1.61316,5.74053,1.53055,6.93799,0.42336,18.483,0.42336,0,0,442.007,0,1.02816,0,0,2.14301,1.11485,1.028160,1,0,49.2339,0,0,0,49.2339,0
68.0749,1.99654,0,0,1.80022,0.0787462,0.36288,3.6288,61.308,0.355137,0,0,1.17857,0.319244,0.504193,0.66528,12.849,1,0.373343,0.36288,0,44.9115,5.94111,38.9599,0.84672,12.849,0.84672,3695.15,0,18.483,0,0.896391,1.61332,5.33745,1.53055,6.31661,0.42336,18.483,0.42336,0,0,442.007,0,1.02816,0,0,1.92455,0.896391,1.028160,1,0,45.7807,0,0,0,45.7807,0
67.0984,2.12386,0,0,1.57435,0.0641207,0.36288,3.6288,61.308,0.474389,0,0,1.17021,0.327014,0.368807,0.66528,12.849,1,0.400875,0.36288,0,42.7655,6.16544,36.5621,0.84672,12.849,0.84672,3695.15,0,18.483,0,0.865668,1.61349,5.39454,1.57537,6.29833,0.42336,18.483,0.42336,0,0,442.007,0,1.02816,0,0,1.89383,0.865668,1.028160,1,0,43.2292,0,0,0,43.2292,0
65.5615,2.11439,0,0,1.00534,0.0649498,0.36288,3.6288,61.308,0.474546,0,0,1.01565,0.312617,0.228486,0.66528,12.849,1,0.404894,0.36288,0,30.3681,5.5725,24.7536,0.84672,12.849,0.84672,3695.15,0,18.483,0,0.862116,1.74207,4.39116,1.44167,5.55367,0.42336,18.483,0.42336,0,0,442.007,0,1.02816,0,0,1.89028,0.862116,1.028160,1,0,30.5358,0,0,0,30.5358,0
64.021,2.09894,0,0,0.984312,0.0629926,0.36288,3.6288,61.308,0.474703,0,0,0.964397,0.312334,0.17736,0.66528,12.849,1,0.411359,0.36288,0,26.6132,5.49066,21.074,0.84672,12.849,0.84672,3695.15,0,18.483,0,0.803408,1.74225,4.38568,1.44409,5.48725,0.42336,18.483,0.42336,0,0,442.007,0,1.02816,0,0,1.83157,0.803408,1.028160,1,0,26.7387,0,0,0,26.7387,0
62.9751,2.08296,0,0,1.46687,0.0669875,0.36288,3.6288,61.308,0.474859,0,0,1.14175,0.311262,0.355629,0.66528,12.849,1,0.418049,0.36288,0,34.2582,5.46097,28.7421,0.84672,12.849,0.84672,3695.15,0,18.483,0,1.17839,1.74243,4.80656,1.44045,6.28693,0.42336,18.483,0.42336,0,0,442.007,0,1.02816,0,0,2.20655,1.17839,1.028160,1,0,35.3846,0,0,0,35.3846,0
62.5446,2.07187,0,0,2.09218,0.0879401,0.36288,3.6288,61.308,0.475016,0,0,1.47551,0.302023,0.698475,0.66528,12.849,1,0.422729,0.36288,0,50.253,5.39743,44.7957,0.84672,12.849,0.84672,3695.15,0,18.483,0,1.28342,1.74261,5.26273,1.41706,6.8717,0.42336,18.483,0.42336,0,0,442.007,0,1.02816,0,0,2.31158,1.28342,1.028160,1,0,52.3659,0,0,0,52.3659,0
61.8944,2.00428,0,0,1.80936,0.0924066,0.36288,3.6288,61.308,0.40284,0,0,1.56591,0.278306,0.884767,0.66528,12.849,1,0.411754,0.36288,0,52.418,4.86091,47.5082,0.84672,12.849,0.84672,3695.15,0,18.483,0,1.59396,1.7428,4.12026,1.26019,6.19683,0.42336,18.483,0.42336,0,0,442.007,0,1.02816,0,0,2.62212,1.59396,1.028160,1,0,54.5898,0,0,0,54.5898,0
61.5124,1.99748,0,0,2.08065,0.102279,0.36288,3.6288,61.308,0.402989,0,0,1.58025,0.263322,0.913936,0.66528,12.849,1,0.414669,0.36288,0,58.7983,4.34395,54.4026,0.84672,12.849,0.84672,3695.15,0,18.483,0,1.62147,1.66935,7.46401,1.14408,9.61075,0.42336,18.483,0.42336,0,0,442.007,0,1.02816,0,0,2.64963,1.62147,1.028160,1,0,64.9273,0,0,0,64.9273,0
61.1144,1.99353,0,0,2.06036,0.101957,0.36288,3.6288,61.308,0.403139,0,0,1.67671,0.263322,1.01025,0.66528,12.849,1,0.416418,0.36288,0,63.5171,4.34395,59.1196,0.84672,12.849,0.84672,3695.15,0,18.483,0,1.74836,1.66953,5.3153,1.14408,7.58911,0.42336,18.483,0.42336,0,0,442.007,0,1.02816,0,0,2.77652,1.74836,1.028160,1,0,67.719,0,0,0,67.719,0
60.2984,1.98937,0,0,1.63788,0.101622,0.36288,3.6288,61.308,0.403288,0,0,1.48151,0.263322,0.8149,0.66528,12.849,1,0.418254,0.36288,0,48.0978,4.34395,43.6985,0.84672,12.849,0.84672,3695.15,0,18.483,0,1.41275,1.6697,5.54664,1.14408,7.48501,0.42336,18.483,0.42336,0,0,442.007,0,1.02816,0,0,2.44091,1.41275,1.028160,1,0,51.9984,0,0,0,51.9984,0
60.9423,1.92933,0,0,3.11011,0.173949,0.36288,3.6288,61.308,0.337569,0,0,1.8674,0.190837,1.33899,0.66528,12.849,1,0.411121,0.36288,0,77.2033,3.62476,73.5303,0.84672,12.849,0.84672,3695.15,0,18.483,0,1.31407,1.66987,9.59286,0.890079,11.6867,0.42336,18.483,0.42336,0,0,442.007,0,1.02816,0,0,2.34223,1.31407,1.028160,1,0,86.556,0,0,0,86.556,0
63.079,1.93653,0,0,4.66397,0.227937,0.36288,3.6288,61.308,0.337712,0,0,2.43263,0.224748,1.87017,0.66528,12.849,1,0.408295,0.36288,0,90.993,4.41346,86.5341,0.84672,12.849,0.84672,3695.15,0,18.483,0,3.10217,1.60459,10.7277,0.954325,14.4801,0.42336,18.483,0.42336,0,0,442.007,0,1.02816,0,0,4.13033,3.10217,1.028160,1,0,102.884,0,0,0,102.884,0
63.3028,1.95926,0,0,2.77798,0.231981,0.36288,3.6288,61.308,0.337854,0,0,1.1686,0.224748,0.606001,0.66528,12.849,1,0.399096,0.36288,0,56.5822,4.41346,52.1326,0.84672,12.849,0.84672,3695.15,0,18.483,0,0.887466,1.60476,5.80789,0.954325,7.34579,0.42336,18.483,0.42336,0,0,442.007,0,1.02816,0,0,1.91563,0.887466,1.028160,1,0,60.0843,0,0,0,60.0843,0
65.7897,1.96177,0,0,5.04922,0.237671,0.36288,3.6288,61.308,0.337996,0,0,1.84423,0.23119,1.27505,0.66528,12.849,1,0.398193,0.36288,0,103.96,4.55121,99.3734,0.84672,12.849,0.84672,3695.15,0,18.483,0,1.39687,1.60492,9.88821,0.99317,11.8968,0.42336,18.483,0.42336,0,0,442.007,0,1.02816,0,0,2.42503,1.39687,1.028160,1,0,112.545,0,0,0,112.545,0
67.797,1.83721,0,0,4.48207,0.27472,0.36288,3.6288,61.308,0.200898,0,0,2.42082,0.26984,1.95009,0.66528,12.849,1,0.358814,0.36288,0,93.9427,5.37768,88.5691,0.84672,12.849,0.84672,3695.15,0,18.483,0,3.03788,1.60509,11.2735,1.22624,14.6902,0.42336,18.483,0.42336,0,0,442.007,0,1.02816,0,0,4.06604,3.03788,1.028160,1,0,105.209,0,0,0,105.209,0
67.7771,1.85512,0,0,2.48642,0.288325,0.36288,3.6288,61.308,0.201026,0,0,1.4407,0.200234,1.03944,0.66528,12.849,1,0.351585,0.36288,0,63.4033,3.97017,59.4445,0.84672,12.849,0.84672,3695.15,0,18.483,0,1.64031,1.45783,8.24279,0.985113,10.3558,0.42336,18.483,0.42336,0,0,442.007,0,1.02816,0,0,2.66847,1.64031,1.028160,1,0,70.8397,0,0,0,70.8397,0
67.3242,1.85514,0,0,2.05491,0.289813,0.36288,3.6288,61.308,0.201155,0,0,1.48382,0.188632,1.09403,0.66528,12.849,1,0.351692,0.36288,0,74.6103,3.73559,70.8859,0.84672,12.849,0.84672,3695.15,0,18.483,0,1.34302,1.45798,8.33667,0.944924,10.1927,0.42336,18.483,0.42336,0,0,442.007,0,1.02816,0,0,2.37118,1.34302,1.028160,1,0,82.1727,0,0,0,82.1727,0
67.7149,1.85139,0,0,2.90498,0.299978,0.36288,3.6288,61.308,0.201283,0,0,1.85977,0.243665,1.41482,0.66528,12.849,1,0.353344,0.36288,0,58.3189,4.57996,53.7484,0.84672,12.849,0.84672,3695.15,0,18.483,0,2.07482,1.45813,9.01535,1.25999,11.2883,0.42336,18.483,0.42336,0,0,442.007,0,1.02816,0,0,3.10298,2.07482,1.028160,1,0,66.4516,0,0,0,66.4516,0
67.9237,1.85499,0,0,2.76419,0.337511,0.36288,3.6288,61.308,0.201411,0,0,1.91705,0.233297,1.48234,0.66528,12.849,1,0.351986,0.36288,0,101.478,4.48079,97.0078,0.84672,12.849,0.84672,3695.15,0,18.483,0,2.39653,1.45829,13.6882,1.14191,16.4011,0.42336,18.483,0.42336,0,0,442.007,0,1.02816,0,0,3.42469,2.39653,1.028160,1,0,114.891,0,0,0,114.891,0
72.29,1.85679,0,0,9.58669,0.297898,3.06571,3.6288,61.308,0.201411,0,0,3.56236,0.215335,3.14561,0.66528,12.849,1,0.351246,3.06571,0,140.242,4.16448,138.792,0.84672,12.849,0.84672,3695.15,0,18.483,0,3.45801,1.45844,21.6577,1.07408,25.5001,0.42336,18.483,0.42336,0,0,442.007,0,1.02816,0,0,4.48617,3.45801,1.028160,1,0,167.438,0,0,0,167.438,0
72.29,1.95238,0,0,7.581,0.285484,5.34313,3.6288,61.308,0.241298,0,0,2.62921,0.216189,2.17173,0.66528,12.849,1,0.347021,5.34313,0,109.668,4.60026,110.064,0.84672,12.849,0.84672,3695.15,0,18.483,0,2.44217,1.45844,10.5017,1.09077,13.3115,0.42336,18.483,0.42336,0,0,442.007,0,1.02816,0,0,3.47033,2.44217,1.028160,1,0,125.547,0,0,0,125.547,0
72.29,1.95257,0,0,6.24362,0.285484,4.00556,3.6288,61.308,0.241423,0,0,2.03468,0.216189,1.57706,0.66528,12.849,1,0.347055,4.00556,0,88.2541,4.60026,87.3124,0.84672,12.849,0.84672,3695.15,0,18.483,0,1.63108,1.50524,8.95778,1.09077,11.0033,0.42336,18.483,0.42336,0,0,442.007,0,1.02816,0,0,2.65924,1.63108,1.028160,1,0,99.8928,0,0,0,99.8928,0
72.29,1.95277,0,0,8.00513,0.325555,5.72681,3.6288,61.308,0.241548,0,0,2.02084,0.205479,1.57381,0.66528,12.849,1,0.34709,5.72681,0,116.535,4.7142,117.201,0.84672,12.849,0.84672,3695.15,0,18.483,0,1.85474,1.50539,12.7561,1.28945,14.8268,0.42336,18.483,0.42336,0,0,442.007,0,1.02816,0,0,2.8829,1.85474,1.028160,1,0,133.602,0,0,0,133.602,0
72.29,1.95296,0,0,5.55907,0.332233,3.27388,3.6288,61.308,0.241673,0,0,1.8309,0.203694,1.38554,0.66528,12.849,1,0.347124,3.27388,0,80.6976,4.73319,78.8912,0.84672,12.849,0.84672,3695.15,0,18.483,0,1.37919,1.50553,7.75025,1.32256,9.31242,0.42336,18.483,0.42336,0,0,442.007,0,1.02816,0,0,2.40735,1.37919,1.028160,1,0,89.5891,0,0,0,89.5891,0
72.29,2.14366,0,0,11.7136,0.298402,9.27153,3.6288,61.308,0.391119,0,0,4.1466,0.156957,3.59852,0.66528,12.849,1,0.381019,9.27153,0,200.131,4.29208,204.729,0.84672,12.849,0.84672,3695.15,0,18.483,0,4.75142,1.50568,21.8519,1.07401,27.035,0.42336,18.483,0.42336,0,0,442.007,0,1.02816,0,0,5.77958,4.75142,1.028160,1,0,235.363,0,0,0,235.363,0
72.29,2.14387,0,0,9.19132,0.34031,6.70714,3.6288,61.308,0.391258,0,0,3.5596,0.209394,2.95895,0.66528,12.849,1,0.381056,6.70714,0,156.768,4.67468,158.419,0.84672,12.849,0.84672,3695.15,0,18.483,0,3.88368,1.67237,18.2923,1.20755,22.6408,0.42336,18.483,0.42336,0,0,442.007,0,1.02816,0,0,4.91184,3.88368,1.028160,1,0,184.019,0,0,0,184.019,0
72.29,2.14408,0,0,10.1226,0.347295,7.63125,3.6288,61.308,0.391398,0,0,4.36238,0.218133,3.75285,0.66528,12.849,1,0.381094,7.63125,0,165.104,4.73844,167.616,0.84672,12.849,0.84672,3695.15,0,18.483,0,4.84586,1.67254,20.6437,1.2298,25.9323,0.42336,18.483,0.42336,0,0,442.007,0,1.02816,0,0,5.87402,4.84586,1.028160,1,0,197.301,0,0,0,197.301,0
72.29,2.14429,0,0,7.65262,0.347295,5.16103,3.6288,61.308,0.391538,0,0,3.34326,0.218133,2.73359,0.66528,12.849,1,0.381132,5.16103,0,122.863,4.73844,122.904,0.84672,12.849,0.84672,3695.15,0,18.483,0,3.69078,1.6727,16.0887,1.2298,20.2224,0.42336,18.483,0.42336,0,0,442.007,0,1.02816,0,0,4.71894,3.69078,1.028160,1,0,145.86,0,0,0,145.86,0
72.29,1.87267,0,0,7.78084,0.32863,5.57953,3.6288,61.308,0.19121,0,0,2.52584,0.196891,2.13774,0.66528,12.849,1,0.332853,5.57953,0,109.99,4.0258,111.211,0.84672,12.849,0.84672,3695.15,0,18.483,0,2.91445,1.67286,15.5265,1.00274,19.1111,0.42336,18.483,0.42336,0,0,442.007,0,1.02816,0,0,3.94261,2.91445,1.028160,1,0,132.459,0,0,0,132.459,0
72.29,1.87286,0,0,6.33079,0.32863,4.1293,3.6288,61.308,0.19133,0,0,2.27035,0.196891,1.88213,0.66528,12.849,1,0.332886,4.1293,0,95.3934,4.0258,95.164,0.84672,12.849,0.84672,3695.15,0,18.483,0,2.17584,1.44513,11.9922,1.00274,14.6105,0.42336,18.483,0.42336,0,0,442.007,0,1.02816,0,0,3.204,2.17584,1.028160,1,0,111.657,0,0,0,111.657,0
72.29,1.87304,0,0,8.56742,0.32863,6.36574,3.6288,61.308,0.19145,0,0,3.16348,0.196891,2.77514,0.66528,12.849,1,0.332919,6.36574,0,149.803,4.0258,151.81,0.84672,12.849,0.84672,3695.15,0,18.483,0,3.70132,1.44527,15.0709,1.00274,19.2148,0.42336,18.483,0.42336,0,0,442.007,0,1.02816,0,0,4.72948,3.70132,1.028160,1,0,173.8,0,0,0,173.8,0
72.29,1.87323,0,0,10.6945,0.324533,8.49675,3.6288,61.308,0.19157,0,0,3.46917,0.162529,3.11507,0.66528,12.849,1,0.332952,8.49675,0,196.261,3.48787,200.937,0.84672,12.849,0.84672,3695.15,0,18.483,0,4.53693,1.44541,20.0302,0.910612,25.1019,0.42336,18.483,0.42336,0,0,442.007,0,1.02816,0,0,5.56509,4.53693,1.028160,1,0,229.154,0,0,0,229.154,0
72.29,1.87341,0,0,10.2369,0.298532,8.06499,3.6288,61.308,0.19169,0,0,3.09417,0.197048,2.70543,0.66528,12.849,1,0.332985,8.06499,0,172.837,3.92274,176.646,0.84672,12.849,0.84672,3695.15,0,18.483,0,4.11277,1.44556,15.4513,0.879265,20.1303,0.42336,18.483,0.42336,0,0,442.007,0,1.02816,0,0,5.14093,4.11277,1.028160,1,0,199.482,0,0,0,199.482,0
72.29,1.94205,0,0,6.97499,0.279544,4.75339,3.6288,61.308,0.240877,0,0,2.78096,0.227233,2.31285,0.66528,12.849,1,0.345185,4.75339,0,143.192,4.31613,143.284,0.84672,12.849,0.84672,3695.15,0,18.483,0,3.248,1.4457,11.9251,0.867272,15.7515,0.42336,18.483,0.42336,0,0,442.007,0,1.02816,0,0,4.27616,3.248,1.028160,1,0,161.348,0,0,0,161.348,0
72.29,1.94224,0,0,5.80369,0.279544,3.5819,3.6288,61.308,0.241002,0,0,2.40383,0.227233,1.93559,0.66528,12.849,1,0.345219,3.5819,0,99.3462,4.31613,98.2667,0.84672,12.849,0.84672,3695.15,0,18.483,0,2.85568,1.50214,10.5126,0.867272,14.0032,0.42336,18.483,0.42336,0,0,442.007,0,1.02816,0,0,3.88384,2.85568,1.028160,1,0,114.206,0,0,0,114.206,0
72.29,1.94244,0,0,4.93907,0.269648,2.72699,3.6288,61.308,0.241127,0,0,2.07939,0.180113,1.65815,0.66528,12.849,1,0.345253,2.72699,0,78.7208,3.52865,77.5739,0.84672,12.849,0.84672,3695.15,0,18.483,0,2.45359,1.50229,9.12902,0.899639,12.1853,0.42336,18.483,0.42336,0,0,442.007,0,1.02816,0,0,3.48175,2.45359,1.028160,1,0,91.4173,0,0,0,91.4173,0
72.29,1.94263,0,0,4.75727,0.233859,2.58078,3.6288,61.308,0.241252,0,0,1.81321,0.205423,1.36653,0.66528,12.849,1,0.345287,2.58078,0,71.8381,3.80593,70.2677,0.84672,12.849,0.84672,3695.15,0,18.483,0,2.22771,1.50243,7.53719,0.984247,10.2831,0.42336,18.483,0.42336,0,0,442.007,0,1.02816,0,0,3.25587,2.22771,1.028160,1,0,81.9173,0,0,0,81.9173,0
72.29,1.91604,0,0,4.57577,0.190097,2.46963,3.6288,61.308,0.222313,0,0,1.18235,0.21936,0.740677,0.66528,12.849,1,0.340562,2.46963,0,73.1177,3.86211,71.3847,0.84672,12.849,0.84672,3695.15,0,18.483,0,1.59453,1.50258,5.94991,1.01755,8.02947,0.42336,18.483,0.42336,0,0,442.007,0,1.02816,0,0,2.62269,1.59453,1.028160,1,0,80.1548,0,0,0,80.1548,0
72.29,1.91623,0,0,3.71467,0.190097,1.60834,3.6288,61.308,0.222436,0,0,1.04757,0.21936,0.60577,0.66528,12.849,1,0.340595,1.60834,0,62.2558,3.86211,59.6614,0.84672,12.849,0.84672,3695.15,0,18.483,0,1.36649,1.48081,5.11493,1.01755,6.94468,0.42336,18.483,0.42336,0,0,442.007,0,1.02816,0,0,2.39465,1.36649,1.028160,1,0,67.2119,0,0,0,67.2119,0
72.29,1.91642,0,0,3.31335,0.190097,1.20684,3.6288,61.308,0.222559,0,0,0.889479,0.21936,0.44756,0.66528,12.849,1,0.340629,1.20684,0,59.3775,3.86211,56.3816,0.84672,12.849,0.84672,3695.15,0,18.483,0,0.754428,1.48095,4.80947,1.01755,6.02731,0.42336,18.483,0.42336,0,0,442.007,0,1.02816,0,0,1.78259,0.754428,1.028160,1,0,62.8565,0,0,0,62.8565,0
72.29,1.91661,0,0,4.03534,0.176977,1.94175,3.6288,61.308,0.222682,0,0,1.00457,0.225418,0.556472,0.66528,12.849,1,0.340663,1.94175,0,66.8381,3.94092,64.4983,0.84672,12.849,0.84672,3695.15,0,18.483,0,0.72741,1.4811,5.54715,1.03466,6.721,0.42336,18.483,0.42336,0,0,442.007,0,1.02816,0,0,1.75557,0.72741,1.028160,1,0,71.7757,0,0,0,71.7757,0
72.29,2.00772,0,0,3.92374,0.13137,1.78465,3.6288,61.308,0.29044,0,0,1.038,0.248997,0.498565,0.66528,12.849,1,0.356858,1.78465,0,51.3594,4.36095,48.4262,0.84672,12.849,0.84672,3695.15,0,18.483,0,1.35843,1.48125,4.71159,1.03892,6.51235,0.42336,18.483,0.42336,0,0,442.007,0,1.02816,0,0,2.38659,1.35843,1.028160,1,0,55.4371,0,0,0,55.4371,0
72.29,2.00792,0,0,3.60926,0.13689,1.46445,3.6288,61.308,0.290569,0,0,1.01671,0.246868,0.479274,0.66528,12.849,1,0.356893,1.46445,0,48.633,4.35215,45.3884,0.84672,12.849,0.84672,3695.15,0,18.483,0,0.770532,1.55807,4.49501,1.02252,5.80109,0.42336,18.483,0.42336,0,0,442.007,0,1.02816,0,0,1.79869,0.770532,1.028160,1,0,51.6688,0,0,0,51.6688,0
72.29,2.00812,0,0,3.25226,0.13689,1.10725,3.6288,61.308,0.290699,0,0,0.906189,0.246868,0.368622,0.66528,12.849,1,0.356928,1.10725,0,43.5958,4.35215,39.994,0.84672,12.849,0.84672,3695.15,0,18.483,0,0.523601,1.55822,4.22814,1.02252,5.28744,0.42336,18.483,0.42336,0,0,442.007,0,1.02816,0,0,1.55176,0.523601,1.028160,1,0,45.65,0,0,0,45.65,0
72.29,2.00832,0,0,2.91493,0.12911,0.7775,3.6288,61.308,0.29083,0,0,0.895882,0.25226,0.352792,0.66528,12.849,1,0.356963,0.7775,0,37.8328,4.43876,33.8146,0.84672,12.849,0.84672,3695.15,0,18.483,0,0.655983,1.55838,4.12963,1.04396,5.30004,0.42336,18.483,0.42336,0,0,442.007,0,1.02816,0,0,1.68414,0.655983,1.028160,1,0,39.4674,0,0,0,39.4674,0
72.29,2.00852,0,0,2.81418,0.0893925,0.716269,3.6288,61.308,0.290959,0,0,0.752095,0.261315,0.199821,0.66528,12.849,1,0.356999,0.716269,0,35.4928,5.05327,30.7988,0.84672,12.849,0.84672,3695.15,0,18.483,0,0.592073,1.55853,3.42391,1.20378,4.37074,0.42336,18.483,0.42336,0,0,442.007,0,1.02816,0,0,1.62023,0.592073,1.028160,1,0,35.3693,0,0,0,35.3693,0
72.29,1.99072,0,0,2.64773,0.0946137,0.562391,3.6288,61.308,0.32828,0,0,0.640475,0.243842,0.0683521,0.66528,12.849,1,0.353836,0.562391,0,34.6193,5.12442,29.7034,0.84672,12.849,0.84672,3695.15,0,18.483,0,0.495167,1.55869,3.25712,1.22719,4.08377,0.42336,18.483,0.42336,0,0,442.007,0,1.02816,0,0,1.52333,0.495167,1.028160,1,0,33.8555,0,0,0,33.8555,0
72.2525,1.99092,0,0,2.41094,0.0946137,0.36288,3.6288,61.308,0.328414,0,0,0.633978,0.243842,0.0617219,0.66528,12.849,1,0.353871,0.36288,0,34.3517,5.12442,29.2363,0.84672,12.849,0.84672,3695.15,0,18.483,0,0.497344,1.58274,3.13479,1.22719,3.98768,0.42336,18.483,0.42336,0,0,442.007,0,1.02816,0,0,1.5255,0.497344,1.028160,1,0,33.2857,0,0,0,33.2857,0
71.9856,1.9908,0,0,2.18133,0.0945868,0.36288,3.6288,61.308,0.328548,0,0,0.588355,0.243842,0.0159656,0.66528,12.849,1,0.354034,0.36288,0,30.8481,5.12442,25.7325,0.84672,12.849,0.84672,3695.15,0,18.483,0,0.308111,1.5829,3.00656,1.22719,3.67037,0.42336,18.483,0.42336,0,0,442.007,0,1.02816,0,0,1.33627,0.308111,1.028160,1,0,29.4188,0,0,0,29.4188,0
71.6531,1.98877,0,0,2.086,0.0667954,0.36288,3.6288,61.1943,0.349374,0,0,0.541824,0.306111,0,0.66528,12.849,1,0.354983,0.36288,0,30.9214,5.89265,25.0367,0.84672,12.849,0.84672,3695.15,0,18.483,0,0.261274,1.58305,2.79579,1.50961,3.13051,0.42336,18.483,0.42336,0,0,442.007,0,1.00747,0,0,1.26874,0.261274,1.028160,1,0,28.1672,0,0,0,28.1672,0
71.0569,2.03252,0,0,1.86639,0.0672589,0.36288,3.6288,60.4124,0.895088,0,0,0.408785,0.295593,0,0.66528,12.849,1,0.364477,0.36288,0,25.9113,5.56175,20.3479,0.84672,12.849,0.84672,3695.15,0,18.483,0,0.261274,1.58321,2.32584,1.40079,2.76953,0.42336,18.483,0.42336,0,0,442.007,0,0.495046,0,0,0.75632,0.261274,1.028160,1,0,23.1175,0,0,0,23.1175,0
70.346,2.02755,0,0,1.74651,0.0669531,0.36288,3.6288,59.569,0.927685,0,0,0.378388,0.294131,0,0.66528,12.849,1,0.366635,0.36288,0,23.3913,5.56175,17.8258,0.84672,12.849,0.84672,3695.15,0,18.483,0,0.261274,1.62147,2.07578,1.40079,2.55773,0.42336,18.483,0.42336,0,0,442.007,0,0.462586,0,0,0.723859,0.261274,1.028160,1,0,20.3836,0,0,0,20.3836,0
69.4984,2.0215,0,0,1.60339,0.0665886,0.36288,3.6288,58.6973,0.953401,0,0,0.374233,0.292554,0,0.66528,12.849,1,0.369235,0.36288,0,21.3824,5.56175,15.8143,0.84672,12.849,0.84672,3695.15,0,18.483,0,0.227405,1.62163,2.0302,1.40079,2.47845,0.42336,18.483,0.42336,0,0,442.007,0,0.437007,0,0,0.664412,0.227405,1.028160,1,0,18.2928,0,0,0,18.2928,0
68.9964,2.01413,0,0,1.92633,0.0513108,0.36288,3.6288,58.1592,0.717567,0,0,0.455702,0.276199,0,0.66528,12.849,1,0.372376,0.36288,0,22.3924,5.76996,16.6129,0.84672,12.849,0.84672,3695.15,0,18.483,0,0.227405,1.62179,3.0314,1.4596,3.42099,0.42336,18.483,0.42336,0,0,442.007,0,0.672978,0,0,0.900383,0.227405,1.028160,1,0,20.0339,0,0,0,20.0339,0
67.8412,2.14401,0,0,1.41065,0.0590076,0.36288,3.6288,57.1023,1.08721,0,0,0.326754,0.296475,0,0.66528,12.849,1,0.399272,0.36288,0,16.7997,5.75109,11.0122,0.84672,12.849,0.84672,3695.15,0,18.483,0,0.227405,1.62195,1.90314,1.48613,2.26637,0.42336,18.483,0.42336,0,0,442.007,0,0.423206,0,0,0.650611,0.227405,1.028160,1,0,13.2786,0,0,0,13.2786,0
66.7787,2.13288,0,0,1.49596,0.0626881,0.36288,3.6288,56.1731,0.99669,0,0,0.376468,0.309025,0,0.66528,12.849,1,0.403963,0.36288,0,18.8914,5.73342,13.1169,0.84672,12.849,0.84672,3695.15,0,18.483,0,0.227405,1.75119,1.96569,1.48955,2.45473,0.42336,18.483,0.42336,0,0,442.007,0,0.513873,0,0,0.741277,0.227405,1.028160,1,0,15.5717,0,0,0,15.5717,0
65.4131,2.12242,0,0,1.18186,0.0621651,0.36288,3.6288,54.9566,1.18407,0,0,0.274806,0.30716,0,0.66528,12.849,1,0.408378,0.36288,0,19.4953,5.73342,13.7164,0.84672,12.849,0.84672,3695.15,0,18.483,0,0.204422,1.75136,1.55756,1.48955,2.02379,0.42336,18.483,0.42336,0,0,442.007,0,0.326639,0,0,0.531061,0.204422,1.028160,1,0,15.7402,0,0,0,15.7402,0
64.3439,2.10857,0,0,1.46376,0.0614928,0.36288,3.6288,54.341,0.768085,0,0,0.457186,0.304719,0,0.66528,12.849,1,0.414183,0.36288,0,17.2773,5.73342,11.4926,0.84672,12.849,0.84672,3695.15,0,18.483,0,0.204422,1.75153,2.34055,1.48955,2.80696,0.42336,18.483,0.42336,0,0,442.007,0,0.742776,0,0,0.947198,0.204422,1.028160,1,0,14.2996,0,0,0,14.2996,0
63.7148,2.09749,0,0,1.87923,0.048001,0.36288,3.6288,54.0037,0.48285,0,0,0.420714,0.275202,0,0.66528,12.849,1,0.418853,0.36288,0,16.5115,5.27895,11.1765,0.84672,12.849,0.84672,3695.15,0,18.483,0,0.300689,1.75171,2.67513,1.29741,3.43011,0.42336,18.483,0.42336,0,0,442.007,0,1.02816,0,0,1.32885,0.300689,1.028160,1,0,14.6067,0,0,0,14.6067,0
62.4649,2.02714,0,0,1.16519,0.0250232,0.36288,3.6288,53.5368,0.449939,0,0,0.250754,0.267653,0,0.66528,12.849,1,0.408801,0.36288,0,27.1307,5.5356,21.5492,0.84672,12.849,0.84672,3695.15,0,18.483,0,0.204422,1.75188,1.47649,1.37701,2.05578,0.42336,18.483,0.42336,0,0,442.007,0,0.988511,0,0,1.19293,0.204422,1.028160,1,0,23.605,0,0,0,23.605,0
61.0186,2.01405,0,0,0.95542,0.0247693,0.36288,3.6288,52.6665,0.832608,0,0,0.22898,0.266723,0,0.66528,12.849,1,0.414289,0.36288,0,15.7393,5.5356,10.1523,0.84672,12.849,0.84672,3695.15,0,18.483,0,0.216518,1.67804,1.05512,1.37701,1.57267,0.42336,18.483,0.42336,0,0,442.007,0,0.605984,0,0,0.822502,0.216518,1.028160,1,0,11.725,0,0,0,11.725,0
60.913,1.99843,0,0,2.35067,0.0950498,0.36288,3.6288,52.3497,0.410574,0,0,0.364218,0.27046,0,0.66528,12.849,1,0.420819,0.36288,0,20.9555,5.0724,15.8252,0.84672,12.849,0.84672,3695.15,0,18.483,0,0.820912,1.67821,2.74441,1.27745,3.96608,0.42336,18.483,0.42336,0,0,442.007,0,1.02816,0,0,1.84907,0.820912,1.028160,1,0,19.7913,0,0,0,19.7913,0
60.518,1.99745,0,0,2.09805,0.132652,0.36288,3.6288,52.0654,0.410716,0,0,0.409389,0.282914,0,0.66528,12.849,1,0.421343,0.36288,0,35.2632,4.87588,30.3289,0.84672,12.849,0.84672,3695.15,0,18.483,0,0.391669,1.67837,2.05654,1.20807,2.91852,0.42336,18.483,0.42336,0,0,442.007,0,1.02816,0,0,1.41983,0.391669,1.028160,1,0,33.2474,0,0,0,33.2474,0
59.4128,1.94174,0,0,1.32081,0.121438,0.36288,3.6288,51.9943,0.344648,0,0,0.484243,0.210743,0,0.66528,12.849,1,0.412264,0.36288,0,17.1574,4.59533,12.5127,0.84672,12.849,0.84672,3695.15,0,18.483,0,0.530047,1.67854,2.78627,1.00185,3.99301,0.42336,18.483,0.42336,0,0,442.007,0,1.02816,0,0,1.55821,0.530047,1.028160,1,0,16.5057,0,0,0,16.5057,0
58.7658,1.92968,0,0,1.88704,0.241481,0.36288,3.6288,51.873,0.344784,0,0,0.420708,0.197197,0,0.66528,12.849,1,0.417326,0.36288,0,26.3462,4.73161,21.5601,0.84672,12.849,0.84672,3695.15,0,18.483,0,0.456797,1.61291,2.96571,1.17546,3.85995,0.42336,18.483,0.42336,0,0,442.007,0,1.02816,0,0,1.48496,0.456797,1.028160,1,0,25.4201,0,0,0,25.4201,0
57.8005,1.92257,0,0,1.56016,0.239978,0.36288,3.6288,51.6936,0.344919,0,0,0.362504,0.197004,0,0.66528,12.849,1,0.420365,0.36288,0,21.1291,4.73161,16.34,0.84672,12.849,0.84672,3695.15,0,18.483,0,0.583805,1.61307,2.87672,1.17546,3.89813,0.42336,18.483,0.42336,0,0,442.007,0,1.02816,0,0,1.61196,0.583805,1.028160,1,0,20.2381,0,0,0,20.2381,0
59.2553,1.91165,0,0,3.9671,0.237737,0.36288,3.6288,52.3124,0.345055,0,0,1.16059,0.196719,0,0.66528,12.849,1,0.424959,0.36288,0,58.949,4.73161,54.1553,0.84672,12.849,0.84672,3695.15,0,18.483,0,3.87696,1.61322,6.7229,1.17546,11.0376,0.42336,18.483,0.42336,0,0,442.007,0,1.02816,0,0,4.90512,3.87696,1.028160,1,0,65.1929,0,0,0,65.1929,0
62.9712,1.78325,0,0,6.10263,0.240658,0.36288,3.6288,53.3098,0.207241,0,0,1.4061,0.201419,0,0.66528,12.849,1,0.386682,0.36288,0,81.9971,3.93857,78.0347,0.84672,12.849,0.84672,3695.15,0,18.483,0,3.48822,1.61338,7.12134,1.0525,11.1704,0.42336,18.483,0.42336,0,0,442.007,0,1.02816,0,0,4.51638,3.48822,1.028160,1,0,89.2051,0,0,0,89.2051,0
65.9777,1.82058,0,0,5.43828,0.248313,0.36288,3.6288,53.7135,0.207363,0,0,0.815556,0.204533,0,0.66528,12.849,1,0.371482,0.36288,0,49.9176,3.62134,46.2877,0.84672,12.849,0.84672,3695.15,0,18.483,0,2.22683,1.46535,4.74726,1.00331,7.43613,0.42336,18.483,0.42336,0,0,442.007,0,1.02816,0,0,3.25499,2.22683,1.028160,1,0,53.7238,0,0,0,53.7238,0
68.3187,1.84875,0,0,4.80704,0.254409,0.36288,3.6288,54.1371,0.207485,0,0,0.836231,0.205192,0,0.66528,12.849,1,0.36004,0.36288,0,57.8487,3.62134,54.2302,0.84672,12.849,0.84672,3695.15,0,18.483,0,2.2589,1.4655,4.90791,1.00331,7.629,0.42336,18.483,0.42336,0,0,442.007,0,1.02816,0,0,3.28706,2.2589,1.028160,1,0,61.8592,0,0,0,61.8592,0
72.29,1.86956,0,0,7.95682,0.256878,1.85906,3.6288,54.5602,0.207607,0,0,0.862281,0.231513,0,0.66528,12.849,1,0.351617,1.85906,0,52.2869,4.44822,49.3462,0.84672,12.849,0.84672,3695.15,0,18.483,0,2.81382,1.46564,5.3197,1.26001,8.33915,0.42336,18.483,0.42336,0,0,442.007,0,1.02816,0,0,3.84198,2.81382,1.028160,1,0,57.6853,0,0,0,57.6853,0
72.29,1.90261,0,0,7.74602,0.265454,5.57796,3.6288,55.6064,0.207729,0,0,1.49686,0.24292,0,0.66528,12.849,1,0.338174,5.57796,0,92.8254,4.7079,93.3573,0.84672,12.849,0.84672,3695.15,0,18.483,0,3.88272,1.46579,7.00733,1.32802,11.0278,0.42336,18.483,0.42336,0,0,442.007,0,1.02816,0,0,4.91088,3.88272,1.028160,1,0,104.385,0,0,0,104.385,0
72.29,1.9624,0,0,3.85979,0.269289,1.6281,3.6288,57.0488,0.247814,0,0,1.9359,0.24572,0,0.66528,12.849,1,0.348802,1.6281,0,66.4094,4.53022,63.1584,0.84672,12.849,0.84672,3695.15,0,18.483,0,2.70607,1.46593,8.14424,1.24135,11.0749,0.42336,18.483,0.42336,0,0,442.007,0,1.02816,0,0,3.73423,2.70607,1.028160,1,0,74.2333,0,0,0,74.2333,0
72.29,1.96259,0,0,3.2124,0.269289,0.980529,3.6288,58.1083,0.247933,0,0,1.55552,0.248044,0,0.66528,12.849,1,0.348835,0.980529,0,69.7761,4.53022,65.8776,0.84672,12.849,0.84672,3695.15,0,18.483,0,2.09461,1.51296,7.755,1.24135,10.1212,0.42336,18.483,0.42336,0,0,442.007,0,1.02816,0,0,3.12277,2.09461,1.028160,1,0,75.9988,0,0,0,75.9988,0
72.29,1.96277,0,0,4.11306,0.269289,1.88101,3.6288,59.1874,0.248051,0,0,1.57689,0.249751,0,0.66528,12.849,1,0.348867,1.88101,0,104.16,4.53022,101.162,0.84672,12.849,0.84672,3695.15,0,18.483,0,2.22944,1.5131,7.66524,1.24135,10.1664,0.42336,18.483,0.42336,0,0,442.007,0,1.02816,0,0,3.2576,2.22944,1.028160,1,0,111.329,0,0,0,111.329,0
72.29,1.96295,0,0,2.67132,0.271009,0.437364,3.6288,59.8056,0.24817,0,0,1.11227,0.245959,0,0.66528,12.849,1,0.3489,0.437364,0,58.7697,4.4634,54.3948,0.84672,12.849,0.84672,3695.15,0,18.483,0,1.09173,1.51325,6.37504,1.21557,7.76445,0.42336,18.483,0.42336,0,0,442.007,0,1.02816,0,0,2.11989,1.09173,1.028160,1,0,62.1592,0,0,0,62.1592,0
72.29,2.15461,0,0,4.1151,0.358893,1.6016,3.6288,61.0599,0.398372,0,0,1.83929,0.186632,0,0.66528,12.849,1,0.382966,1.6016,0,73.151,4.02528,70.3443,0.84672,12.849,0.84672,3695.15,0,18.483,0,2.28465,1.51339,7.5523,0.96286,10.3875,0.42336,18.483,0.42336,0,0,442.007,0,1.02816,0,0,3.31281,2.28465,1.028160,1,0,80.7318,0,0,0,80.7318,0
72.29,2.15481,0,0,3.19979,0.37182,0.673156,3.6288,61.308,0.398504,0,0,1.35329,0.183593,0.523056,0.66528,12.849,1,0.383002,0.673156,0,53.9654,4.01909,50.2364,0.84672,12.849,0.84672,3695.15,0,18.483,0,1.63461,1.68092,7.8414,0.946527,10.2104,0.42336,18.483,0.42336,0,0,442.007,0,1.02816,0,0,2.66277,1.63461,1.028160,1,0,60.9699,0,0,0,60.9699,0
72.2336,2.15501,0,0,2.79164,0.330149,0.36288,3.6288,61.308,0.398637,0,0,1.12373,0.195833,0.529257,0.66528,12.849,1,0.383037,0.36288,0,57.4279,4.09634,53.3114,0.84672,12.849,0.84672,3695.15,0,18.483,0,1.37848,1.68107,7.60804,1.02885,9.63874,0.42336,18.483,0.42336,0,0,442.007,0,1.02816,0,0,2.40664,1.37848,1.028160,1,0,63.4794,0,0,0,63.4794,0
72.2538,2.1547,0,0,2.8511,0.313347,0.36288,3.6288,61.308,0.398769,0,0,1.57948,0.200614,0.980095,0.66528,12.849,1,0.383282,0.36288,0,76.5167,4.12724,72.3691,0.84672,12.849,0.84672,3695.15,0,18.483,0,1.29247,1.68123,6.72646,1.06178,8.63838,0.42336,18.483,0.42336,0,0,442.007,0,1.02816,0,0,2.32063,1.29247,1.028160,1,0,81.9875,0,0,0,81.9875,0
72.29,1.88192,0,0,3.52669,0.309442,1.29909,3.6288,61.308,0.197414,0,0,1.51711,0.108168,1.21152,0.66528,12.849,1,0.334664,1.29909,0,69.876,2.66231,68.1781,0.84672,12.849,0.84672,3695.15,0,18.483,0,1.13239,1.68139,5.98636,0.719159,8.08098,0.42336,18.483,0.42336,0,0,442.007,0,1.02816,0,0,2.16055,1.13239,1.028160,1,0,77.4706,0,0,0,77.4706,0
72.29,1.88238,0,0,3.01254,0.308868,0.821299,3.6288,61.308,0.197528,0,0,1.37212,0.0927603,1.08183,0.66528,12.849,1,0.334578,0.821299,0,70.8195,2.41815,68.8881,0.84672,12.849,0.84672,3695.15,0,18.483,0,1.28335,1.45248,5.05859,0.662055,7.13237,0.42336,18.483,0.42336,0,0,442.007,0,1.02816,0,0,2.31151,1.28335,1.028160,1,0,77.1023,0,0,0,77.1023,0
72.29,1.88255,0,0,5.55564,0.308868,3.36422,3.6288,61.308,0.197642,0,0,2.22518,0.0927603,1.93478,0.66528,12.849,1,0.334609,3.36422,0,136.568,2.41815,137.18,0.84672,12.849,0.84672,3695.15,0,18.483,0,2.95419,1.45262,10.3546,0.662055,14.0994,0.42336,18.483,0.42336,0,0,442.007,0,1.02816,0,0,3.98235,2.95419,1.028160,1,0,153.214,0,0,0,153.214,0
72.29,1.88273,0,0,5.30343,0.286844,3.13386,3.6288,61.308,0.197756,0,0,2.44884,0.103436,2.14765,0.66528,12.849,1,0.33464,3.13386,0,167.848,3.064,167.583,0.84672,12.849,0.84672,3695.15,0,18.483,0,3.55563,1.45275,15.9058,0.769956,20.1442,0.42336,18.483,0.42336,0,0,442.007,0,1.02816,0,0,4.58379,3.55563,1.028160,1,0,189.875,0,0,0,189.875,0
72.29,1.8829,0,0,4.60566,0.275261,2.4475,3.6288,61.308,0.19787,0,0,2.05657,0.126343,1.73236,0.66528,12.849,1,0.334671,2.4475,0,127.729,3.48957,126.353,0.84672,12.849,0.84672,3695.15,0,18.483,0,2.14722,1.45289,8.6889,0.893895,11.3951,0.42336,18.483,0.42336,0,0,442.007,0,1.02816,0,0,3.17538,2.14722,1.028160,1,0,139.48,0,0,0,139.48,0
72.29,1.95188,0,0,4.26017,0.274711,2.03358,3.6288,61.308,0.247298,0,0,1.64986,0.15136,1.2512,0.66528,12.849,1,0.346932,2.03358,0,121.033,3.50007,119.219,0.84672,12.849,0.84672,3695.15,0,18.483,0,1.91079,1.45302,8.91631,0.961742,11.3184,0.42336,18.483,0.42336,0,0,442.007,0,1.02816,0,0,2.93895,1.91079,1.028160,1,0,131.789,0,0,0,131.789,0
72.29,1.95206,0,0,4.49924,0.274711,2.27246,3.6288,61.308,0.247417,0,0,2.40232,0.15136,2.00354,0.66528,12.849,1,0.346964,2.27246,0,139.395,3.50007,137.821,0.84672,12.849,0.84672,3695.15,0,18.483,0,2.67924,1.50974,10.6179,0.961742,13.8451,0.42336,18.483,0.42336,0,0,442.007,0,1.02816,0,0,3.7074,2.67924,1.028160,1,0,153.669,0,0,0,153.669,0
72.29,1.95224,0,0,3.84097,0.274711,1.61402,3.6288,61.308,0.247535,0,0,1.91744,0.15136,1.51855,0.66528,12.849,1,0.346996,1.61402,0,108.339,3.50007,106.106,0.84672,12.849,0.84672,3695.15,0,18.483,0,2.02975,1.50988,7.68537,0.961742,10.2633,0.42336,18.483,0.42336,0,0,442.007,0,1.02816,0,0,3.05791,2.02975,1.028160,1,0,117.887,0,0,0,117.887,0
72.29,1.95242,0,0,3.14566,0.233712,0.959524,3.6288,61.308,0.247654,0,0,1.45098,0.158071,1.04526,0.66528,12.849,1,0.347029,0.959524,0,90.8366,3.71265,87.7365,0.84672,12.849,0.84672,3695.15,0,18.483,0,1.38842,1.51002,5.58372,0.975979,7.50618,0.42336,18.483,0.42336,0,0,442.007,0,1.02816,0,0,2.41658,1.38842,1.028160,1,0,96.2879,0,0,0,96.2879,0
72.29,1.92569,0,0,3.13081,0.198964,1.00615,3.6288,61.308,0.228612,0,0,1.6744,0.221647,1.22414,0.66528,12.849,1,0.342278,1.00615,0,76.3301,3.60423,73.3897,0.84672,12.849,0.84672,3695.15,0,18.483,0,1.70758,1.51016,5.69771,0.971415,7.94404,0.42336,18.483,0.42336,0,0,442.007,0,1.02816,0,0,2.73574,1.70758,1.028160,1,0,82.5579,0,0,0,82.5579,0
72.2884,1.92587,0,0,2.48613,0.198964,0.36288,3.6288,61.308,0.228729,0,0,1.36289,0.221647,0.912515,0.66528,12.849,1,0.342309,0.36288,0,64.2643,3.60423,60.6807,0.84672,12.849,0.84672,3695.15,0,18.483,0,1.27575,1.48827,4.71418,0.971415,6.50678,0.42336,18.483,0.42336,0,0,442.007,0,1.02816,0,0,2.30391,1.27575,1.028160,1,0,68.1,0,0,0,68.1,0
72.0007,1.92604,0,0,2.20018,0.198961,0.36288,3.6288,61.308,0.228846,0,0,1.2065,0.221647,0.756006,0.66528,12.849,1,0.342346,0.36288,0,60.5557,3.60423,56.972,0.84672,12.849,0.84672,3695.15,0,18.483,0,0.80841,1.48841,4.48977,0.971415,5.81517,0.42336,18.483,0.42336,0,0,442.007,0,1.02816,0,0,1.83657,0.80841,1.028160,1,0,63.5432,0,0,0,63.5432,0
72.1096,1.92389,0,0,2.59416,0.198527,0.36288,3.6288,61.308,0.228963,0,0,1.36641,0.221647,0.915798,0.66528,12.849,1,0.343332,0.36288,0,68.4404,3.60423,64.8557,0.84672,12.849,0.84672,3695.15,0,18.483,0,0.876684,1.48854,5.27026,0.971415,6.66408,0.42336,18.483,0.42336,0,0,442.007,0,1.02816,0,0,1.90484,0.876684,1.028160,1,0,72.4356,0,0,0,72.4356,0
71.6877,2.01627,0,0,2.09161,0.134346,0.36288,3.6288,61.308,0.297053,0,0,1.09352,0.239643,0.556826,0.66528,12.849,1,0.359273,0.36288,0,45.9318,4.07942,41.856,0.84672,12.849,0.84672,3695.15,0,18.483,0,0.646168,1.48868,4.09236,1.15533,5.07188,0.42336,18.483,0.42336,0,0,442.007,0,1.02816,0,0,1.67433,0.646168,1.028160,1,0,47.4847,0,0,0,47.4847,0
71.0306,2.01287,0,0,1.84232,0.123616,0.36288,3.6288,61.308,0.297176,0,0,1.01952,0.234876,0.487468,0.66528,12.849,1,0.360778,0.36288,0,37.592,4.20052,33.3936,0.84672,12.849,0.84672,3695.15,0,18.483,0,0.62951,1.56589,3.82538,1.15291,4.86786,0.42336,18.483,0.42336,0,0,442.007,0,1.02816,0,0,1.65767,0.62951,1.028160,1,0,38.7489,0,0,0,38.7489,0
70.3431,2.00741,0,0,1.80579,0.122997,0.36288,3.6288,61.308,0.297299,0,0,1.10269,0.234876,0.570513,0.66528,12.849,1,0.363128,0.36288,0,36.012,4.20052,31.8112,0.84672,12.849,0.84672,3695.15,0,18.483,0,0.598216,1.56603,4.12196,1.15291,5.1333,0.42336,18.483,0.42336,0,0,442.007,0,1.02816,0,0,1.62638,0.598216,1.028160,1,0,37.515,0,0,0,37.515,0
69.5417,2.00161,0,0,1.68541,0.122349,0.36288,3.6288,61.308,0.297422,0,0,1.00771,0.234876,0.475411,0.66528,12.849,1,0.365617,0.36288,0,33.6646,4.20052,29.4614,0.84672,12.849,0.84672,3695.15,0,18.483,0,0.481481,1.56618,3.65005,1.15291,4.5448,0.42336,18.483,0.42336,0,0,442.007,0,1.02816,0,0,1.50964,0.481481,1.028160,1,0,34.4816,0,0,0,34.4816,0
68.8511,1.99471,0,0,1.77125,0.104302,0.36288,3.6288,61.308,0.297546,0,0,0.955411,0.264645,0.393221,0.66528,12.849,1,0.368556,0.36288,0,34.2277,4.77759,29.4444,0.84672,12.849,0.84672,3695.15,0,18.483,0,0.688409,1.56632,3.8458,1.2152,4.88533,0.42336,18.483,0.42336,0,0,442.007,0,1.02816,0,0,1.71657,0.688409,1.028160,1,0,34.723,0,0,0,34.723,0
68.3641,1.97089,0,0,1.95014,0.10339,0.36288,3.6288,61.308,0.335045,0,0,0.910941,0.284692,0.291204,0.66528,12.849,1,0.367807,0.36288,0,37.4605,5.09261,32.363,0.84672,12.849,0.84672,3695.15,0,18.483,0,0.88357,1.56647,4.19628,1.23374,5.41258,0.42336,18.483,0.42336,0,0,442.007,0,1.02816,0,0,1.91173,0.88357,1.028160,1,0,38.0668,0,0,0,38.0668,0
67.7343,1.96669,0,0,1.80278,0.102998,0.36288,3.6288,61.308,0.335172,0,0,0.880675,0.284692,0.260811,0.66528,12.849,1,0.369638,0.36288,0,37.2343,5.09261,32.1349,0.84672,12.849,0.84672,3695.15,0,18.483,0,0.851239,1.59063,4.25504,1.23374,5.46317,0.42336,18.483,0.42336,0,0,442.007,0,1.02816,0,0,1.8794,0.851239,1.028160,1,0,37.8589,0,0,0,37.8589,0
66.9444,1.96114,0,0,1.63663,0.102491,0.36288,3.6288,61.308,0.335299,0,0,0.831963,0.284692,0.211972,0.66528,12.849,1,0.372023,0.36288,0,36.1275,5.09261,31.0257,0.84672,12.849,0.84672,3695.15,0,18.483,0,0.66687,1.59078,3.99967,1.23374,5.02358,0.42336,18.483,0.42336,0,0,442.007,0,1.02816,0,0,1.69503,0.66687,1.028160,1,0,36.2613,0,0,0,36.2613,0
66.0333,1.95403,0,0,1.49858,0.0927189,0.36288,3.6288,61.308,0.335426,0,0,0.791821,0.30663,0.149766,0.66528,12.849,1,0.375048,0.36288,0,31.86,5.37491,26.4729,0.84672,12.849,0.84672,3695.15,0,18.483,0,0.597318,1.59093,3.88426,1.33679,4.73572,0.42336,18.483,0.42336,0,0,442.007,0,1.02816,0,0,1.62548,0.597318,1.028160,1,0,31.3584,0,0,0,31.3584,0
64.9683,1.99106,0,0,1.38059,0.0916873,0.36288,3.6288,61.308,0.368876,0,0,0.8255,0.313722,0.142903,0.66528,12.849,1,0.387428,0.36288,0,30.5086,5.70045,24.7836,0.84672,12.849,0.84672,3695.15,0,18.483,0,0.484367,1.59108,3.40902,1.41812,4.06635,0.42336,18.483,0.42336,0,0,442.007,0,1.02816,0,0,1.51253,0.484367,1.028160,1,0,28.9929,0,0,0,28.9929,0
63.8046,1.9808,0,0,1.2709,0.0909095,0.36288,3.6288,61.308,0.369006,0,0,0.69984,0.313722,0.0171129,0.66528,12.849,1,0.391749,0.36288,0,25.0594,5.70045,19.3301,0.84672,12.849,0.84672,3695.15,0,18.483,0,0.576098,1.62952,3.29621,1.41812,4.08371,0.42336,18.483,0.42336,0,0,442.007,0,1.02816,0,0,1.60426,0.576098,1.028160,1,0,23.4309,0,0,0,23.4309,0
62.5461,1.9693,0,0,1.1637,0.0900596,0.36288,3.6288,61.2733,0.369135,0,0,0.648199,0.313722,0,0.66528,12.849,1,0.396578,0.36288,0,23.8188,5.70045,18.0847,0.84672,12.849,0.84672,3695.15,0,18.483,0,0.343189,1.62967,2.89733,1.41812,3.45207,0.42336,18.483,0.42336,0,0,442.007,0,1.02816,0,0,1.37135,0.343189,1.028160,1,0,21.5368,0,0,0,21.5368,0
61.3762,1.95651,0,0,1.22952,0.0800631,0.36288,3.6288,61.308,0.369265,0,0,0.744111,0.318832,0.021356,0.66528,12.849,1,0.401932,0.36288,0,23.3607,5.85,17.4717,0.84672,12.849,0.84672,3695.15,0,18.483,0,0.617466,1.62982,3.83279,1.448,4.63208,0.42336,18.483,0.42336,0,0,442.007,0,1.02816,0,0,1.64563,0.617466,1.028160,1,0,22.1251,0,0,0,22.1251,0
60.0598,2.07418,0,0,1.21495,0.0942363,0.36288,3.6288,61.1774,0.489719,0,0,0.646837,0.287677,0,0.66528,12.849,1,0.434226,0.36288,0,20.7665,5.82523,14.8699,0.84672,12.849,0.84672,3695.15,0,18.483,0,0.594035,1.62997,3.65236,1.52528,4.35109,0.42336,18.483,0.42336,0,0,442.007,0,1.02816,0,0,1.62219,0.594035,1.028160,1,0,19.221,0,0,0,19.221,0
58.8526,2.05912,0,0,1.31687,0.102034,0.36288,3.6288,61.1192,0.48986,0,0,0.727097,0.295481,0,0.66528,12.849,1,0.440521,0.36288,0,24.6564,5.87454,18.7042,0.84672,12.849,0.84672,3695.15,0,18.483,0,0.992779,1.75984,3.81783,1.57421,4.99624,0.42336,18.483,0.42336,0,0,442.007,0,1.02816,0,0,2.02094,0.992779,1.028160,1,0,23.7005,0,0,0,23.7005,0
57.4019,2.04493,0,0,1.05793,0.100857,0.36288,3.6288,60.8597,0.490001,0,0,0.525898,0.295372,0,0.66528,12.849,1,0.44646,0.36288,0,24.0934,5.87454,18.1353,0.84672,12.849,0.84672,3695.15,0,18.483,0,0.374872,1.76001,3.06484,1.57421,3.62551,0.42336,18.483,0.42336,0,0,442.007,0,1.02816,0,0,1.40303,0.374872,1.028160,1,0,21.7608,0,0,0,21.7608,0
56.2298,2.02732,0,0,1.31753,0.0994421,0.36288,3.6288,60.9735,0.490143,0,0,0.898852,0.294887,0,0.66528,12.849,1,0.453801,0.36288,0,22.0045,5.87454,16.0391,0.84672,12.849,0.84672,3695.15,0,18.483,0,1.62587,1.76017,4.73884,1.57421,6.55067,0.42336,18.483,0.42336,0,0,442.007,0,1.02816,0,0,2.65403,1.62587,1.028160,1,0,22.5897,0,0,0,22.5897,0
55.0928,2.0127,0,0,1.34552,0.106975,0.36288,3.6288,61.02,0.490284,0,0,0.799318,0.26258,0,0.66528,12.849,1,0.459918,0.36288,0,22.9818,5.14869,17.7361,0.84672,12.849,0.84672,3695.15,0,18.483,0,1.03829,1.76033,5.07991,1.26584,6.6127,0.42336,18.483,0.42336,0,0,442.007,0,1.02816,0,0,2.06645,1.03829,1.028160,1,0,24.3488,0,0,0,24.3488,0
54.082,1.93716,0,0,1.40111,0.111864,0.36288,3.6288,61.2906,0.417359,0,0,0.965667,0.277683,0,0.66528,12.849,1,0.451794,0.36288,0,35.1681,5.92189,29.1573,0.84672,12.849,0.84672,3695.15,0,18.483,0,1.56987,1.7605,5.01553,1.50227,6.84363,0.42336,18.483,0.42336,0,0,442.007,0,1.02816,0,0,2.59803,1.56987,1.028160,1,0,36.0009,0,0,0,36.0009,0
54.3324,1.9243,0,0,2.64834,0.110729,0.36288,3.6288,61.308,0.417494,0,0,1.6551,0.278159,0.942073,0.66528,12.849,1,0.457183,0.36288,0,41.9263,5.92189,35.9101,0.84672,12.849,0.84672,3695.15,0,18.483,0,3.87916,1.68629,8.59752,1.50227,12.6607,0.42336,18.483,0.42336,0,0,442.007,0,1.02816,0,0,4.90732,3.87916,1.028160,1,0,49.5129,0,0,0,49.5129,0
53.1183,1.92774,0,0,1.18752,0.11101,0.36288,3.6288,61.308,0.417628,0,0,0.939012,0.27819,0.243194,0.66528,12.849,1,0.455889,0.36288,0,31.8788,5.92189,25.8639,0.84672,12.849,0.84672,3695.15,0,18.483,0,1.48031,1.68645,4.4207,1.50227,6.08519,0.42336,18.483,0.42336,0,0,442.007,0,1.02816,0,0,2.50847,1.48031,1.028160,1,0,32.1923,0,0,0,32.1923,0
52.1987,1.91194,0,0,1.48728,0.132021,0.36288,3.6288,61.308,0.417763,0,0,1.18822,0.27559,0.494872,0.66528,12.849,1,0.462486,0.36288,0,30.414,5.74143,24.573,0.84672,12.849,0.84672,3695.15,0,18.483,0,1.5931,1.6866,5.40833,1.47511,7.21293,0.42336,18.483,0.42336,0,0,442.007,0,1.02816,0,0,2.62126,1.5931,1.028160,1,0,32.2808,0,0,0,32.2808,0
51.1782,1.85062,0,0,1.36424,0.171288,0.36288,3.6288,61.308,0.351364,0,0,0.80996,0.232766,0.22583,0.66528,12.849,1,0.455541,0.36288,0,42.6424,4.55064,37.9991,0.84672,12.849,0.84672,3695.15,0,18.483,0,1.19626,1.68676,5.49066,1.07899,7.29469,0.42336,18.483,0.42336,0,0,442.007,0,1.02816,0,0,2.22442,1.19626,1.028160,1,0,45.5196,0,0,0,45.5196,0
50.0409,1.83706,0,0,1.22609,0.163437,0.36288,3.6288,61.0352,0.539162,0,0,0.488271,0.221882,0,0.66528,12.849,1,0.461219,0.36288,0,42.6284,4.43205,38.098,0.84672,12.849,0.84672,3695.15,0,18.483,0,0.216518,1.6208,4.85499,1.0366,5.65571,0.42336,18.483,0.42336,0,0,442.007,0,0.840491,0,0,1.05701,0.216518,1.028160,1,0,43.7537,0,0,0,43.7537,0
50.2089,1.82151,0,0,2.51392,0.161495,0.36288,3.6288,61.308,0.351621,0,0,1.0781,0.2215,0.232206,0.66528,12.849,1,0.467708,0.36288,0,65.8473,4.43205,61.3104,0.84672,12.849,0.84672,3695.15,0,18.483,0,1.58542,1.62095,6.94158,1.0366,9.11136,0.42336,18.483,0.42336,0,0,442.007,0,1.02816,0,0,2.61358,1.58542,1.028160,1,0,70.6539,0,0,0,70.6539,0
52.8805,1.82403,0,0,5.02031,0.161782,0.36288,3.6288,61.308,0.351749,0,0,2.07475,0.221882,1.50112,0.66528,12.849,1,0.466788,0.36288,0,121.382,4.43205,116.846,0.84672,12.849,0.84672,3695.15,0,18.483,0,4.63895,1.6211,11.1679,1.0366,16.3913,0.42336,18.483,0.42336,0,0,442.007,0,1.02816,0,0,5.66711,4.63895,1.028160,1,0,134.738,0,0,0,134.738,0
53.4967,1.72021,0,0,2.9236,0.224399,0.36288,3.6288,61.308,0.213257,0,0,0.959591,0.222851,0.523483,0.66528,12.849,1,0.417979,0.36288,0,64.3144,4.21965,60.0397,0.84672,12.849,0.84672,3695.15,0,18.483,0,2.06162,1.62125,7.253,1.03471,9.90116,0.42336,18.483,0.42336,0,0,442.007,0,1.02816,0,0,3.08978,2.06162,1.028160,1,0,70.4643,0,0,0,70.4643,0
54.2167,1.72777,0,0,3.05952,0.24888,0.36288,3.6288,61.308,0.213373,0,0,0.843117,0.215482,0.414262,0.66528,12.849,1,0.414982,0.36288,0,61.691,4.27528,57.3636,0.84672,12.849,0.84672,3695.15,0,18.483,0,1.44494,1.47249,7.86059,1.10754,9.67047,0.42336,18.483,0.42336,0,0,442.007,0,1.02816,0,0,2.4731,1.44494,1.028160,1,0,67.4483,0,0,0,67.4483,0
56.2012,1.73645,0,0,4.33459,0.250708,0.36288,3.6288,61.308,0.213488,0,0,1.60417,0.215482,1.1752,0.66528,12.849,1,0.411527,0.36288,0,126.826,4.27528,122.502,0.84672,12.849,0.84672,3695.15,0,18.483,0,1.98727,1.47263,9.28869,1.10754,11.6411,0.42336,18.483,0.42336,0,0,442.007,0,1.02816,0,0,3.01543,1.98727,1.028160,1,0,135.318,0,0,0,135.318,0
57.8731,1.75936,0,0,4.04241,0.248271,0.36288,3.6288,61.308,0.213604,0,0,1.85958,0.218423,1.42755,0.66528,12.849,1,0.402235,0.36288,0,137.188,3.85025,133.298,0.84672,12.849,0.84672,3695.15,0,18.483,0,3.61552,1.47276,10.491,1.05501,14.5243,0.42336,18.483,0.42336,0,0,442.007,0,1.02816,0,0,4.64368,3.61552,1.028160,1,0,149.25,0,0,0,149.25,0
59.6793,1.77791,0,0,4.18966,0.242649,0.36288,3.6288,61.308,0.213719,0,0,1.29065,0.227909,0.849023,0.66528,12.849,1,0.394733,0.36288,0,102.314,3.69755,98.5846,0.84672,12.849,0.84672,3695.15,0,18.483,0,2.99708,1.4729,9.97471,1.02957,13.4151,0.42336,18.483,0.42336,0,0,442.007,0,1.02816,0,0,4.02524,2.99708,1.028160,1,0,112.849,0,0,0,112.849,0
60.7376,1.85348,0,0,3.51919,0.244519,0.36288,3.6288,61.308,0.253992,0,0,2.35729,0.268258,1.83504,0.66528,12.849,1,0.399056,0.36288,0,89.1985,4.73831,84.424,0.84672,12.849,0.84672,3695.15,0,18.483,0,4.50846,1.47304,11.1961,1.31467,15.8629,0.42336,18.483,0.42336,0,0,442.007,0,1.02816,0,0,5.53662,4.50846,1.028160,1,0,102.122,0,0,0,102.122,0
61.8581,1.86483,0,0,3.59878,0.250623,0.36288,3.6288,61.308,0.254103,0,0,2.17651,0.267703,1.6547,0.66528,12.849,1,0.394503,0.36288,0,85.9671,4.74569,81.1898,0.84672,12.849,0.84672,3695.15,0,18.483,0,3.89661,1.52029,10.5738,1.34824,14.6425,0.42336,18.483,0.42336,0,0,442.007,0,1.02816,0,0,4.92477,3.89661,1.028160,1,0,97.487,0,0,0,97.487,0
63.3162,1.87656,0,0,3.95056,0.252959,0.36288,3.6288,61.308,0.254215,0,0,1.93725,0.267703,1.41533,0.66528,12.849,1,0.389794,0.36288,0,109.594,4.74569,104.821,0.84672,12.849,0.84672,3695.15,0,18.483,0,3.36213,1.52042,11.1661,1.34824,14.7004,0.42336,18.483,0.42336,0,0,442.007,0,1.02816,0,0,4.39029,3.36213,1.028160,1,0,120.937,0,0,0,120.937,0
64.765,1.89137,0,0,3.95522,0.252252,0.36288,3.6288,61.308,0.254327,0,0,2.01034,0.265294,1.49072,0.66528,12.849,1,0.383822,0.36288,0,93.3327,4.60332,88.7085,0.84672,12.849,0.84672,3695.15,0,18.483,0,3.59307,1.52055,10.7987,1.31907,14.5933,0.42336,18.483,0.42336,0,0,442.007,0,1.02816,0,0,4.62123,3.59307,1.028160,1,0,104.792,0,0,0,104.792,0
64.5579,2.09152,0,0,2.49498,0.247691,0.36288,3.6288,61.308,0.405246,0,0,1.6999,0.259247,1.03541,0.66528,12.849,1,0.414945,0.36288,0,53.5996,4.21331,49.3343,0.84672,12.849,0.84672,3695.15,0,18.483,0,2.05122,1.52069,6.86547,1.16423,9.27316,0.42336,18.483,0.42336,0,0,442.007,0,1.02816,0,0,3.07938,2.05122,1.028160,1,0,59.6428,0,0,0,59.6428,0
65.2692,2.08951,0,0,3.41708,0.25335,0.36288,3.6288,61.308,0.405371,0,0,2.16196,0.262609,1.49398,0.66528,12.849,1,0.415877,0.36288,0,77.7542,4.39898,73.3022,0.84672,12.849,0.84672,3695.15,0,18.483,0,2.04409,1.68902,14.6003,1.17228,17.1611,0.42336,18.483,0.42336,0,0,442.007,0,1.02816,0,0,3.07225,2.04409,1.028160,1,0,91.9573,0,0,0,91.9573,0
65.9779,2.09716,0,0,3.42322,0.254482,0.36288,3.6288,61.308,0.405496,0,0,2.36713,0.223427,1.7382,0.66528,12.849,1,0.412851,0.36288,0,107.959,4.0698,103.839,0.84672,12.849,0.84672,3695.15,0,18.483,0,2.51279,1.68916,9.20462,1.01344,12.3931,0.42336,18.483,0.42336,0,0,442.007,0,1.02816,0,0,3.54095,2.51279,1.028160,1,0,117.97,0,0,0,117.97,0
66.4755,2.10468,0,0,3.22094,0.255798,0.36288,3.6288,61.308,0.405621,0,0,1.74203,0.207753,1.12866,0.66528,12.849,1,0.40988,0.36288,0,90.3286,3.93813,86.3435,0.84672,12.849,0.84672,3695.15,0,18.483,0,2.33664,1.68931,8.13948,0.949896,11.2155,0.42336,18.483,0.42336,0,0,442.007,0,1.02816,0,0,3.3648,2.33664,1.028160,1,0,98.6877,0,0,0,98.6877,0
68.3565,1.8425,0,0,4.39404,0.307666,0.36288,3.6288,61.308,0.203292,0,0,2.54769,0.191662,2.15273,0.66528,12.849,1,0.356135,0.36288,0,121.734,3.92073,117.82,0.84672,12.849,0.84672,3695.15,0,18.483,0,3.50491,1.68946,14.7381,0.936602,18.9959,0.42336,18.483,0.42336,0,0,442.007,0,1.02816,0,0,4.53307,3.50491,1.028160,1,0,138.969,0,0,0,138.969,0
71.768,1.85905,0,0,5.9664,0.332906,0.36288,3.6288,61.308,0.203399,0,0,2.42675,0.185226,2.03813,0.66528,12.849,1,0.349446,0.36288,0,93.9038,3.91377,90.0035,0.84672,12.849,0.84672,3695.15,0,18.483,0,2.7427,1.45945,13.1943,0.931285,16.4652,0.42336,18.483,0.42336,0,0,442.007,0,1.02816,0,0,3.77086,2.7427,1.028160,1,0,108.507,0,0,0,108.507,0
72.29,1.88741,0,0,4.83001,0.341788,2.07885,3.6288,61.308,0.203507,0,0,1.71514,0.185226,1.32641,0.66528,12.849,1,0.337912,2.07885,0,94.1449,3.91377,91.9721,0.84672,12.849,0.84672,3695.15,0,18.483,0,1.3862,1.45957,9.05282,0.931285,10.9673,0.42336,18.483,0.42336,0,0,442.007,0,1.02816,0,0,2.41436,1.3862,1.028160,1,0,104.266,0,0,0,104.266,0
72.29,1.89172,0,0,3.3596,0.343147,1.12473,3.6288,61.308,0.203614,0,0,1.22534,0.185226,0.836502,0.66528,12.849,1,0.33624,1.12473,0,87.2977,3.91377,84.1724,0.84672,12.849,0.84672,3695.15,0,18.483,0,1.11085,1.4597,8.70273,0.931285,10.342,0.42336,18.483,0.42336,0,0,442.007,0,1.02816,0,0,2.13901,1.11085,1.028160,1,0,95.3509,0,0,0,95.3509,0
72.29,1.89189,0,0,3.4665,0.273062,1.30155,3.6288,61.308,0.203722,0,0,1.09858,0.148063,0.746791,0.66528,12.849,1,0.336269,1.30155,0,76.5876,3.79827,73.7546,0.84672,12.849,0.84672,3695.15,0,18.483,0,0.971041,1.45983,8.62039,0.877146,10.1741,0.42336,18.483,0.42336,0,0,442.007,0,1.02816,0,0,1.9992,0.971041,1.028160,1,0,84.6755,0,0,0,84.6755,0
72.29,1.96119,0,0,3.75073,0.266018,1.52352,3.6288,61.308,0.253379,0,0,1.4324,0.152177,1.02684,0.66528,12.849,1,0.348586,1.52352,0,90.6293,4.36023,87.444,0.84672,12.849,0.84672,3695.15,0,18.483,0,1.51082,1.45996,9.64034,0.916551,11.6946,0.42336,18.483,0.42336,0,0,442.007,0,1.02816,0,0,2.53898,1.51082,1.028160,1,0,100.165,0,0,0,100.165,0
72.29,1.96136,0,0,5.15433,0.2732,2.91977,3.6288,61.308,0.253491,0,0,2.16924,0.161772,1.75397,0.66528,12.849,1,0.348616,2.91977,0,127.512,4.08272,126,0.84672,12.849,0.84672,3695.15,0,18.483,0,2.77373,1.51694,14.3703,0.916096,17.7449,0.42336,18.483,0.42336,0,0,442.007,0,1.02816,0,0,3.80189,2.77373,1.028160,1,0,145.499,0,0,0,145.499,0
72.29,1.96153,0,0,5.19048,0.2732,2.95575,3.6288,61.308,0.253603,0,0,2.40181,0.161772,1.98643,0.66528,12.849,1,0.348647,2.95575,0,128.199,4.08272,126.723,0.84672,12.849,0.84672,3695.15,0,18.483,0,3.48516,1.51707,15.454,0.916096,19.5402,0.42336,18.483,0.42336,0,0,442.007,0,1.02816,0,0,4.51332,3.48516,1.028160,1,0,148.25,0,0,0,148.25,0
72.29,1.9617,0,0,3.82898,0.2732,1.59408,3.6288,61.308,0.253715,0,0,1.78216,0.161772,1.36668,0.66528,12.849,1,0.348677,1.59408,0,92.0514,4.08272,89.2141,0.84672,12.849,0.84672,3695.15,0,18.483,0,1.92918,1.5172,10.9495,0.916096,13.4798,0.42336,18.483,0.42336,0,0,442.007,0,1.02816,0,0,2.95734,1.92918,1.028160,1,0,104.061,0,0,0,104.061,0
72.29,1.93483,0,0,2.5844,0.219921,0.429645,3.6288,61.308,0.234576,0,0,1.36268,0.163919,0.964189,0.66528,12.849,1,0.343902,0.429645,0,61.2384,3.59344,57.7307,0.84672,12.849,0.84672,3695.15,0,18.483,0,1.03617,1.51733,6.98967,0.996144,8.54703,0.42336,18.483,0.42336,0,0,442.007,0,1.02816,0,0,2.06433,1.03617,1.028160,1,0,67.2419,0,0,0,67.2419,0
72.0604,1.935,0,0,2.28789,0.219644,0.36288,3.6288,61.308,0.234686,0,0,1.1792,0.190952,0.753567,0.66528,12.849,1,0.343932,0.36288,0,53.8147,3.89963,49.934,0.84672,12.849,0.84672,3695.15,0,18.483,0,0.8795,1.49533,6.31384,1.02245,7.66621,0.42336,18.483,0.42336,0,0,442.007,0,1.02816,0,0,1.90766,0.8795,1.028160,1,0,58.3538,0,0,0,58.3538,0
71.7341,1.93331,0,0,2.11907,0.14916,0.36288,3.6288,61.308,0.234796,0,0,1.07454,0.22365,0.616094,0.66528,12.849,1,0.344726,0.36288,0,49.3823,4.18792,45.2125,0.84672,12.849,0.84672,3695.15,0,18.483,0,0.736551,1.49546,5.95693,1.03967,7.14928,0.42336,18.483,0.42336,0,0,442.007,0,1.02816,0,0,1.76471,0.736551,1.028160,1,0,52.9779,0,0,0,52.9779,0
71.3622,1.93081,0,0,2.07056,0.14879,0.36288,3.6288,61.308,0.234906,0,0,1.20598,0.22365,0.747423,0.66528,12.849,1,0.345847,0.36288,0,47.9436,4.18792,43.7727,0.84672,12.849,0.84672,3695.15,0,18.483,0,0.986351,1.49559,7.09128,1.03967,8.53356,0.42336,18.483,0.42336,0,0,442.007,0,1.02816,0,0,2.01451,0.986351,1.028160,1,0,53.0537,0,0,0,53.0537,0
70.7666,2.01938,0,0,1.9606,0.173897,0.36288,3.6288,61.308,0.303311,0,0,1.18311,0.190832,0.688968,0.66528,12.849,1,0.363597,0.36288,0,45.3682,4.11395,41.2535,0.84672,12.849,0.84672,3695.15,0,18.483,0,0.817266,1.49572,5.96993,1.03071,7.25221,0.42336,18.483,0.42336,0,0,442.007,0,1.02816,0,0,1.84543,0.817266,1.028160,1,0,49.1947,0,0,0,49.1947,0
70.2047,2.01439,0,0,1.89796,0.0825959,0.36288,3.6288,61.308,0.303427,0,0,1.08277,0.205643,0.573703,0.66528,12.849,1,0.36575,0.36288,0,45.2144,4.58745,40.6241,0.84672,12.849,0.84672,3695.15,0,18.483,0,0.734832,1.57328,5.81213,1.13041,6.98983,0.42336,18.483,0.42336,0,0,442.007,0,1.02816,0,0,1.76299,0.734832,1.028160,1,0,48.1876,0,0,0,48.1876,0
69.4356,2.00963,0,0,1.68562,0.0822397,0.36288,3.6288,61.308,0.303543,0,0,0.882611,0.205643,0.373424,0.66528,12.849,1,0.367806,0.36288,0,40.4361,4.58745,35.8437,0.84672,12.849,0.84672,3695.15,0,18.483,0,0.470992,1.57342,4.98474,1.13041,5.89874,0.42336,18.483,0.42336,0,0,442.007,0,1.02816,0,0,1.49915,0.470992,1.028160,1,0,42.1159,0,0,0,42.1159,0
68.6114,2.00296,0,0,1.6234,0.081752,0.36288,3.6288,61.308,0.30366,0,0,0.71051,0.205643,0.201208,0.66528,12.849,1,0.370646,0.36288,0,37.2628,4.58745,32.6675,0.84672,12.849,0.84672,3695.15,0,18.483,0,0.358992,1.57355,4.79228,1.13041,5.59441,0.42336,18.483,0.42336,0,0,442.007,0,1.02816,0,0,1.38715,0.358992,1.028160,1,0,38.4632,0,0,0,38.4632,0
67.833,1.99568,0,0,1.66057,0.0803846,0.36288,3.6288,61.308,0.303776,0,0,0.756432,0.275585,0.177071,0.66528,12.849,1,0.373735,0.36288,0,35.1416,5.61365,29.5171,0.84672,12.849,0.84672,3695.15,0,18.483,0,0.410573,1.57369,4.48576,1.33244,5.13758,0.42336,18.483,0.42336,0,0,442.007,0,1.02816,0,0,1.43873,0.410573,1.028160,1,0,34.8317,0,0,0,34.8317,0
67.2485,1.97089,0,0,1.82233,0.073082,0.36288,3.6288,61.308,0.341444,0,0,1.00378,0.259005,0.403329,0.66528,12.849,1,0.373327,0.36288,0,37.072,4.91662,32.1449,0.84672,12.849,0.84672,3695.15,0,18.483,0,0.575381,1.57383,4.72027,1.16938,5.7001,0.42336,18.483,0.42336,0,0,442.007,0,1.02816,0,0,1.60354,0.575381,1.028160,1,0,38.2484,0,0,0,38.2484,0
66.5069,1.96566,0,0,1.6597,0.0727465,0.36288,3.6288,61.308,0.341564,0,0,0.988511,0.259005,0.387942,0.66528,12.849,1,0.375574,0.36288,0,36.2101,4.91662,31.2807,0.84672,12.849,0.84672,3695.15,0,18.483,0,0.599737,1.5981,4.55317,1.16938,5.58163,0.42336,18.483,0.42336,0,0,442.007,0,1.02816,0,0,1.6279,0.599737,1.028160,1,0,37.2503,0,0,0,37.2503,0
65.6086,1.95889,0,0,1.49581,0.0723209,0.36288,3.6288,61.308,0.341683,0,0,0.920514,0.259005,0.319826,0.66528,12.849,1,0.378454,0.36288,0,33.5613,4.91662,28.6291,0.84672,12.849,0.84672,3695.15,0,18.483,0,0.392437,1.59824,4.3352,1.16938,5.1565,0.42336,18.483,0.42336,0,0,442.007,0,1.02816,0,0,1.4206,0.392437,1.028160,1,0,34.1054,0,0,0,34.1054,0
64.6764,1.95051,0,0,1.43035,0.0492108,0.36288,3.6288,61.308,0.341803,0,0,0.870247,0.31385,0.214594,0.66528,12.849,1,0.381994,0.36288,0,30.2573,5.62238,24.6158,0.84672,12.849,0.84672,3695.15,0,18.483,0,0.374484,1.59838,4.11889,1.42699,4.66476,0.42336,18.483,0.42336,0,0,442.007,0,1.02816,0,0,1.40264,0.374484,1.028160,1,0,29.4951,0,0,0,29.4951,0
63.5751,1.98695,0,0,1.29332,0.0447797,0.36288,3.6288,61.308,0.375401,0,0,0.881626,0.310966,0.195259,0.66528,12.849,1,0.394739,0.36288,0,30.3797,5.80505,24.5428,0.84672,12.849,0.84672,3695.15,0,18.483,0,0.335051,1.59852,3.44276,1.39242,3.98391,0.42336,18.483,0.42336,0,0,442.007,0,1.02816,0,0,1.36321,0.335051,1.028160,1,0,28.722,0,0,0,28.722,0
62.3886,1.97595,0,0,1.19753,0.045193,0.36288,3.6288,61.308,0.375524,0,0,0.768243,0.306828,0.0858904,0.66528,12.849,1,0.399354,0.36288,0,26.2367,5.78844,20.4117,0.84672,12.849,0.84672,3695.15,0,18.483,0,0.435534,1.63713,3.44476,1.36948,4.14794,0.42336,18.483,0.42336,0,0,442.007,0,1.02816,0,0,1.46369,0.435534,1.028160,1,0,24.6456,0,0,0,24.6456,0
61.1366,1.96379,0,0,1.11947,0.0447573,0.36288,3.6288,61.308,0.375647,0,0,0.710804,0.306828,0.0283292,0.66528,12.849,1,0.404445,0.36288,0,24.9473,5.78844,19.1173,0.84672,12.849,0.84672,3695.15,0,18.483,0,0.309589,1.63727,3.02265,1.36948,3.60003,0.42336,18.483,0.42336,0,0,442.007,0,1.02816,0,0,1.33775,0.309589,1.028160,1,0,22.7457,0,0,0,22.7457,0
59.8833,1.95061,0,0,1.10442,0.0442976,0.36288,3.6288,61.308,0.375769,0,0,0.769003,0.306828,0.0864056,0.66528,12.849,1,0.409957,0.36288,0,23.1485,5.78844,17.313,0.84672,12.849,0.84672,3695.15,0,18.483,0,0.399747,1.63742,3.41828,1.36948,4.08596,0.42336,18.483,0.42336,0,0,442.007,0,1.02816,0,0,1.42791,0.399747,1.028160,1,0,21.4854,0,0,0,21.4854,0
58.5549,2.06641,0,0,1.13806,0.0371049,0.36288,3.6288,61.253,0.496775,0,0,0.727631,0.28583,0,0.66528,12.849,1,0.443385,0.36288,0,21.7472,6.03015,15.6366,0.84672,12.849,0.84672,3695.15,0,18.483,0,0.3726,1.63756,3.6618,1.4537,4.21827,0.42336,18.483,0.42336,0,0,442.007,0,1.02816,0,0,1.40076,0.3726,1.028160,1,0,19.8548,0,0,0,19.8548,0
57.3113,2.05061,0,0,1.21858,0.0487257,0.36288,3.6288,61.2448,0.496908,0,0,0.760899,0.272182,0,0.66528,12.849,1,0.449976,0.36288,0,22.5618,6.02228,16.4524,0.84672,12.849,0.84672,3695.15,0,18.483,0,0.515437,1.76802,2.86097,1.47993,3.6645,0.42336,18.483,0.42336,0,0,442.007,0,1.02816,0,0,1.5436,0.515437,1.028160,1,0,20.1169,0,0,0,20.1169,0
55.8311,2.0354,0,0,0.966203,0.048138,0.36288,3.6288,60.9735,0.5703,0,0,0.571116,0.272168,0,0.66528,12.849,1,0.456329,0.36288,0,24.7738,6.02228,18.6581,0.84672,12.849,0.84672,3695.15,0,18.483,0,0.204422,1.76818,2.29714,1.47993,2.78981,0.42336,18.483,0.42336,0,0,442.007,0,0.954901,0,0,1.15932,0.204422,1.028160,1,0,21.4479,0,0,0,21.4479,0
54.5785,2.01668,0,0,1.17437,0.0474386,0.36288,3.6288,61.1228,0.497174,0,0,0.918209,0.271701,0,0.66528,12.849,1,0.464119,0.36288,0,21.5952,6.02228,15.4717,0.84672,12.849,0.84672,3695.15,0,18.483,0,0.89392,1.76833,3.30988,1.47993,4.4922,0.42336,18.483,0.42336,0,0,442.007,0,1.02816,0,0,1.92208,0.89392,1.028160,1,0,19.9639,0,0,0,19.9639,0
53.157,2.00035,0,0,0.998654,0.0568686,0.36288,3.6288,61.0705,0.497308,0,0,0.688763,0.24374,0,0.66528,12.849,1,0.470927,0.36288,0,20.4783,5.2984,15.0718,0.84672,12.849,0.84672,3695.15,0,18.483,0,0.468115,1.76849,3.31413,1.24666,4.30407,0.42336,18.483,0.42336,0,0,442.007,0,1.02816,0,0,1.49628,0.468115,1.028160,1,0,19.3759,0,0,0,19.3759,0
51.9518,1.92075,0,0,1.17113,0.0927566,0.36288,3.6288,61.308,0.424038,0,0,1.27527,0.218977,0.394791,0.66528,12.849,1,0.46428,0.36288,0,23.3798,4.83693,18.4415,0.84672,12.849,0.84672,3695.15,0,18.483,0,2.06193,1.76864,4.32999,1.3581,6.80246,0.42336,18.483,0.42336,0,0,442.007,0,1.02816,0,0,3.09009,2.06193,1.028160,1,0,25.6388,0,0,0,25.6388,0
50.6259,1.90454,0,0,1.03314,0.0916126,0.36288,3.6288,61.308,0.424164,0,0,0.717984,0.219306,0.0745133,0.66528,12.849,1,0.471041,0.36288,0,24.2179,4.83693,19.2728,0.84672,12.849,0.84672,3695.15,0,18.483,0,0.842884,1.69408,3.24715,1.3581,4.42601,0.42336,18.483,0.42336,0,0,442.007,0,1.02816,0,0,1.87104,0.842884,1.028160,1,0,23.7734,0,0,0,23.7734,0
49.1632,1.88612,0,0,0.876666,0.0903541,0.36288,3.6288,61.308,0.424291,0,0,0.654483,0.219306,0.0108851,0.66528,12.849,1,0.478703,0.36288,0,22.3779,4.83693,17.4251,0.84672,12.849,0.84672,3695.15,0,18.483,0,0.672866,1.69423,3.0898,1.3581,4.0988,0.42336,18.483,0.42336,0,0,442.007,0,1.02816,0,0,1.70103,0.672866,1.028160,1,0,21.5348,0,0,0,21.5348,0
48.6198,1.86507,0,0,1.86918,0.184639,0.36288,3.6288,61.308,0.424418,0,0,1.19726,0.128339,0.644505,0.66528,12.849,1,0.487444,0.36288,0,49.2607,3.59115,45.545,0.84672,12.849,0.84672,3695.15,0,18.483,0,1.25533,1.69438,6.84617,0.968713,8.82717,0.42336,18.483,0.42336,0,0,442.007,0,1.02816,0,0,2.28349,1.25533,1.028160,1,0,55.0167,0,0,0,55.0167,0
50.585,1.80918,0,0,4.32197,0.184658,0.36288,3.6288,61.308,0.357706,0,0,1.92813,0.244472,1.32595,0.66528,12.849,1,0.478121,0.36288,0,66.7471,4.19195,62.4399,0.84672,12.849,0.84672,3695.15,0,18.483,0,1.83955,1.69452,9.33837,1.03305,11.8394,0.42336,18.483,0.42336,0,0,442.007,0,1.02816,0,0,2.86771,1.83955,1.028160,1,0,75.6053,0,0,0,75.6053,0
50.4,1.83731,0,0,2.19775,0.182544,0.36288,3.6288,61.308,0.357827,0,0,1.15679,0.296989,0.501975,0.66528,12.849,1,0.466691,0.36288,0,33.5343,4.51532,28.9151,0.84672,12.849,0.84672,3695.15,0,18.483,0,1.32619,1.62825,4.20186,1.08474,6.07155,0.42336,18.483,0.42336,0,0,442.007,0,1.02816,0,0,2.35435,1.32619,1.028160,1,0,35.4887,0,0,0,35.4887,0
49.5563,1.83489,0,0,1.53623,0.182189,0.36288,3.6288,61.308,0.357949,0,0,0.793325,0.296989,0.138387,0.66528,12.849,1,0.467789,0.36288,0,19.117,4.51532,14.4967,0.84672,12.849,0.84672,3695.15,0,18.483,0,0.609362,1.62839,3.95636,1.08474,5.10937,0.42336,18.483,0.42336,0,0,442.007,0,1.02816,0,0,1.63752,0.609362,1.028160,1,0,19.7445,0,0,0,19.7445,0
49.4019,1.82316,0,0,2.21217,0.180571,0.36288,3.6288,61.308,0.35807,0,0,1.28715,0.296989,0.632094,0.66528,12.849,1,0.472709,0.36288,0,34.4224,4.51532,29.7972,0.84672,12.849,0.84672,3695.15,0,18.483,0,1.57918,1.62853,6.24262,1.08474,8.3656,0.42336,18.483,0.42336,0,0,442.007,0,1.02816,0,0,2.60734,1.57918,1.028160,1,0,38.7949,0,0,0,38.7949,0
49.6767,1.68396,0,0,2.54523,0.223535,0.36288,3.6288,61.308,0.218936,0,0,1.31957,0.254845,0.845789,0.66528,12.849,1,0.437983,0.36288,0,38.4409,3.97376,34.3921,0.84672,12.849,0.84672,3695.15,0,18.483,0,1.60044,1.62867,5.9729,1.05354,8.14848,0.42336,18.483,0.42336,0,0,442.007,0,1.02816,0,0,2.6286,1.60044,1.028160,1,0,43.3863,0,0,0,43.3863,0
49.6489,1.68773,0,0,2.24267,0.219868,0.36288,3.6288,61.308,0.219045,0,0,0.969402,0.221261,0.529095,0.66528,12.849,1,0.436535,0.36288,0,32.5294,3.91892,28.5369,0.84672,12.849,0.84672,3695.15,0,18.483,0,1.4039,1.47923,5.23288,1.10884,7.00717,0.42336,18.483,0.42336,0,0,442.007,0,1.02816,0,0,2.43206,1.4039,1.028160,1,0,36.0731,0,0,0,36.0731,0
49.193,1.68751,0,0,1.8143,0.219803,0.36288,3.6288,61.308,0.219154,0,0,0.77798,0.221261,0.337565,0.66528,12.849,1,0.436723,0.36288,0,22.0602,3.91892,18.0674,0.84672,12.849,0.84672,3695.15,0,18.483,0,1.01773,1.47936,6.05404,1.10884,7.44228,0.42336,18.483,0.42336,0,0,442.007,0,1.02816,0,0,2.04589,1.01773,1.028160,1,0,25.8473,0,0,0,25.8473,0
48.3335,1.68163,0,0,1.39963,0.214582,0.36288,3.6288,61.308,0.219263,0,0,0.919711,0.235745,0.464702,0.66528,12.849,1,0.439234,0.36288,0,27.5562,4.41589,23.0639,0.84672,12.849,0.84672,3695.15,0,18.483,0,1.55847,1.47948,11.401,1.2239,13.215,0.42336,18.483,0.42336,0,0,442.007,0,1.02816,0,0,2.58663,1.55847,1.028160,1,0,36.7436,0,0,0,36.7436,0
48.2569,1.67022,0,0,2.16353,0.207113,0.36288,3.6288,61.308,0.219372,0,0,1.02845,0.255057,0.554024,0.66528,12.849,1,0.444012,0.36288,0,41.7242,5.07853,36.5645,0.84672,12.849,0.84672,3695.15,0,18.483,0,1.39152,1.47961,6.66917,1.37731,8.163,0.42336,18.483,0.42336,0,0,442.007,0,1.02816,0,0,2.41968,1.39152,1.028160,1,0,45.2816,0,0,0,45.2816,0
51.7638,1.72162,0,0,5.77271,0.181299,0.36288,3.6288,61.308,0.25982,0,0,2.81351,0.175526,2.37817,0.66528,12.849,1,0.458402,0.36288,0,104.791,2.95292,101.743,0.84672,12.849,0.84672,3695.15,0,18.483,0,3.81943,1.47974,13.6802,0.861566,18.1178,0.42336,18.483,0.42336,0,0,442.007,0,1.02816,0,0,4.84759,3.81943,1.028160,1,0,122.239,0,0,0,122.239,0
54.0379,1.76894,0,0,4.59414,0.188173,0.36288,3.6288,61.308,0.259926,0,0,2.09293,0.175526,1.65748,0.66528,12.849,1,0.439092,0.36288,0,76.534,2.95292,73.5049,0.84672,12.849,0.84672,3695.15,0,18.483,0,2.99073,1.5272,10.2362,0.861566,13.8925,0.42336,18.483,0.42336,0,0,442.007,0,1.02816,0,0,4.01889,2.99073,1.028160,1,0,89.0548,0,0,0,89.0548,0
55.7362,1.7976,0,0,4.08163,0.222893,0.36288,3.6288,61.308,0.260031,0,0,1.96445,0.17905,1.52537,0.66528,12.849,1,0.42743,0.36288,0,61.3481,3.15506,58.1285,0.84672,12.849,0.84672,3695.15,0,18.483,0,2.48391,1.52733,9.11736,0.974668,12.1539,0.42336,18.483,0.42336,0,0,442.007,0,1.02816,0,0,3.51207,2.48391,1.028160,1,0,71.8078,0,0,0,71.8078,0
58.134,1.81808,0,0,4.8376,0.258774,0.36288,3.6288,61.308,0.260136,0,0,2.47381,0.170765,2.04291,0.66528,12.849,1,0.419127,0.36288,0,68.2396,2.93695,65.2464,0.84672,12.849,0.84672,3695.15,0,18.483,0,3.14318,1.52745,10.0901,0.76302,13.9977,0.42336,18.483,0.42336,0,0,442.007,0,1.02816,0,0,4.17134,3.14318,1.028160,1,0,81.287,0,0,0,81.287,0
61.7106,2.02564,0,0,6.23836,0.273262,0.36288,3.6288,61.308,0.41173,0,0,2.41065,0.153289,1.84563,0.66528,12.849,1,0.447715,0.36288,0,87.6174,2.93605,84.5965,0.84672,12.849,0.84672,3695.15,0,18.483,0,3.29058,1.52758,11.7289,0.749885,15.7971,0.42336,18.483,0.42336,0,0,442.007,0,1.02816,0,0,4.31874,3.29058,1.028160,1,0,102.239,0,0,0,102.239,0
65.6947,2.06778,0,0,6.70351,0.288745,0.36288,3.6288,61.308,0.411848,0,0,3.23234,0.140182,2.68031,0.66528,12.849,1,0.43054,0.36288,0,113.598,2.93538,110.595,0.84672,12.849,0.84672,3695.15,0,18.483,0,3.95257,1.69666,14.2925,0.740034,19.2017,0.42336,18.483,0.42336,0,0,442.007,0,1.02816,0,0,4.98073,3.95257,1.028160,1,0,132.477,0,0,0,132.477,0
68.599,2.11106,0,0,5.65905,0.280872,0.36288,3.6288,61.308,0.411965,0,0,2.75593,0.176027,2.16793,0.66528,12.849,1,0.412895,0.36288,0,143.718,3.77641,139.891,0.84672,12.849,0.84672,3695.15,0,18.483,0,2.94026,1.6968,15.41,0.996361,19.0507,0.42336,18.483,0.42336,0,0,442.007,0,1.02816,0,0,3.96842,2.94026,1.028160,1,0,161.11,0,0,0,161.11,0
70.7583,2.1405,0,0,4.94957,0.286816,0.36288,3.6288,61.308,0.412083,0,0,2.05991,0.158719,1.4891,0.66528,12.849,1,0.400928,0.36288,0,92.1802,3.31895,88.8232,0.84672,12.849,0.84672,3695.15,0,18.483,0,2.49863,1.69693,10.2273,0.812497,13.6103,0.42336,18.483,0.42336,0,0,442.007,0,1.02816,0,0,3.52679,2.49863,1.028160,1,0,103.923,0,0,0,103.923,0
72.29,1.88739,0,0,4.82443,0.305602,1.09977,3.6288,61.308,0.208835,0,0,2.50307,0.172229,2.12201,0.66528,12.849,1,0.342731,1.09977,0,116.097,3.30784,113.547,0.84672,12.849,0.84672,3695.15,0,18.483,0,2.5715,1.69707,11.2969,0.865409,14.7,0.42336,18.483,0.42336,0,0,442.007,0,1.02816,0,0,3.59966,2.5715,1.028160,1,0,130.369,0,0,0,130.369,0
72.29,1.8999,0,0,5.54251,0.319782,3.32283,3.6288,61.308,0.208936,0,0,2.90374,0.182361,2.51244,0.66528,12.849,1,0.337692,3.32283,0,100.005,3.29952,99.6902,0.84672,12.849,0.84672,3695.15,0,18.483,0,2.41332,1.46602,13.8651,0.905092,16.8394,0.42336,18.483,0.42336,0,0,442.007,0,1.02816,0,0,3.44148,2.41332,1.028160,1,0,119.042,0,0,0,119.042,0
72.29,1.90005,0,0,3.93088,0.319782,1.71105,3.6288,61.308,0.209037,0,0,2.25234,0.182361,1.86095,0.66528,12.849,1,0.33772,1.71105,0,91.3283,3.29952,89.4021,0.84672,12.849,0.84672,3695.15,0,18.483,0,2.33349,1.46614,10.9351,0.905092,13.8297,0.42336,18.483,0.42336,0,0,442.007,0,1.02816,0,0,3.36165,2.33349,1.028160,1,0,105.093,0,0,0,105.093,0
72.29,1.90021,0,0,5.28327,0.308453,3.07461,3.6288,61.308,0.209138,0,0,2.40619,0.176344,2.02071,0.66528,12.849,1,0.337747,3.07461,0,105.295,3.21233,104.819,0.84672,12.849,0.84672,3695.15,0,18.483,0,1.95185,1.46626,12.0537,0.892567,14.5792,0.42336,18.483,0.42336,0,0,442.007,0,1.02816,0,0,2.98001,1.95185,1.028160,1,0,121.419,0,0,0,121.419,0
72.29,1.90036,0,0,4.1728,0.287891,1.98455,3.6288,61.308,0.209239,0,0,3.678,0.208887,3.25988,0.66528,12.849,1,0.337775,1.98455,0,94.7773,4.18855,92.2356,0.84672,12.849,0.84672,3695.15,0,18.483,0,3.519,1.46638,12.908,1.1355,16.7579,0.42336,18.483,0.42336,0,0,442.007,0,1.02816,0,0,4.54716,3.519,1.028160,1,0,112.253,0,0,0,112.253,0
72.29,1.96996,0,0,4.63444,0.292013,2.37247,3.6288,61.308,0.259111,0,0,5.11284,0.195199,4.65853,0.66528,12.849,1,0.350145,2.37247,0,97.9906,3.78903,96.2239,0.84672,12.849,0.84672,3695.15,0,18.483,0,3.93483,1.4665,9.98758,1.13207,14.2568,0.42336,18.483,0.42336,0,0,442.007,0,1.02816,0,0,4.96299,3.93483,1.028160,1,0,115.139,0,0,0,115.139,0
72.29,1.97012,0,0,4.75743,0.292013,2.49529,3.6288,61.308,0.259216,0,0,5.49622,0.195199,5.04181,0.66528,12.849,1,0.350174,2.49529,0,92.2242,3.78903,90.5803,0.84672,12.849,0.84672,3695.15,0,18.483,0,3.7287,1.52372,10.0213,1.13207,14.1416,0.42336,18.483,0.42336,0,0,442.007,0,1.02816,0,0,4.75686,3.7287,1.028160,1,0,109.764,0,0,0,109.764,0
72.29,1.97028,0,0,4.27094,0.292013,2.00865,3.6288,61.308,0.259321,0,0,6.44426,0.195199,5.98974,0.66528,12.849,1,0.350202,2.00865,0,91.9218,3.78903,89.7912,0.84672,12.849,0.84672,3695.15,0,18.483,0,4.5156,1.52385,11.3863,1.13207,16.2937,0.42336,18.483,0.42336,0,0,442.007,0,1.02816,0,0,5.54376,4.5156,1.028160,1,0,112.075,0,0,0,112.075,0
72.29,1.97044,0,0,4.41127,0.292013,2.14882,3.6288,61.308,0.259426,0,0,4.37664,0.195199,3.92202,0.66528,12.849,1,0.350231,2.14882,0,81.4225,3.78903,79.4321,0.84672,12.849,0.84672,3695.15,0,18.483,0,3.16888,1.52397,7.57267,1.13207,11.1334,0.42336,18.483,0.42336,0,0,442.007,0,1.02816,0,0,4.19704,3.16888,1.028160,1,0,94.4875,0,0,0,94.4875,0
72.29,1.94344,0,0,4.02314,0.234326,1.84537,3.6288,61.308,0.240195,0,0,3.24997,0.202682,2.80709,0.66528,12.849,1,0.345432,1.84537,0,89.1916,3.94779,86.7437,0.84672,12.849,0.84672,3695.15,0,18.483,0,3.55009,1.5241,10.5572,1.13324,14.4981,0.42336,18.483,0.42336,0,0,442.007,0,1.02816,0,0,4.57825,3.55009,1.028160,1,0,104.049,0,0,0,104.049,0
72.29,1.9436,0,0,3.48771,0.224711,1.3194,3.6288,61.308,0.240298,0,0,2.82596,0.203929,2.38173,0.66528,12.849,1,0.34546,1.3194,0,74.1917,3.97425,71.1914,0.84672,12.849,0.84672,3695.15,0,18.483,0,3.03162,1.50198,8.84753,1.13343,12.2477,0.42336,18.483,0.42336,0,0,442.007,0,1.02816,0,0,4.05978,3.03162,1.028160,1,0,85.8208,0,0,0,85.8208,0
72.29,1.94376,0,0,3.07809,0.224711,0.909616,3.6288,61.308,0.240402,0,0,2.64433,0.203929,2.2,0.66528,12.849,1,0.345489,0.909616,0,64.6687,3.97425,61.2585,0.84672,12.849,0.84672,3695.15,0,18.483,0,2.52393,1.50211,7.81816,1.13343,10.7108,0.42336,18.483,0.42336,0,0,442.007,0,1.02816,0,0,3.55209,2.52393,1.028160,1,0,74.1693,0,0,0,74.1693,0
72.29,1.94392,0,0,2.77358,0.224711,0.604949,3.6288,61.308,0.240506,0,0,2.34349,0.203929,1.89905,0.66528,12.849,1,0.345517,0.604949,0,56.4501,3.97425,52.7353,0.84672,12.849,0.84672,3695.15,0,18.483,0,2.16392,1.50223,7.06026,1.13343,9.59298,0.42336,18.483,0.42336,0,0,442.007,0,1.02816,0,0,3.19208,2.16392,1.028160,1,0,64.2273,0,0,0,64.2273,0
72.29,2.0363,0,0,2.80128,0.19306,0.57192,3.6288,61.308,0.309206,0,0,2.41359,0.194205,1.91018,0.66528,12.849,1,0.361937,0.57192,0,57.5483,3.63066,54.1276,0.84672,12.849,0.84672,3695.15,0,18.483,0,2.24503,1.50235,7.11651,1.04587,9.81801,0.42336,18.483,0.42336,0,0,442.007,0,1.02816,0,0,3.27319,2.24503,1.028160,1,0,65.8558,0,0,0,65.8558,0
72.29,2.03646,0,0,2.73011,0.174797,0.518849,3.6288,61.308,0.309315,0,0,1.84461,0.220449,1.31485,0.66528,12.849,1,0.361966,0.518849,0,53.9539,3.86676,50.244,0.84672,12.849,0.84672,3695.15,0,18.483,0,2.37711,1.58025,7.39999,1.21127,10.1461,0.42336,18.483,0.42336,0,0,442.007,0,1.02816,0,0,3.40527,2.37711,1.028160,1,0,61.7049,0,0,0,61.7049,0
72.204,2.03663,0,0,2.44979,0.136275,0.36288,3.6288,61.308,0.309424,0,0,1.79241,0.222391,1.2606,0.66528,12.849,1,0.361996,0.36288,0,47.1961,3.93162,43.2654,0.84672,12.849,0.84672,3695.15,0,18.483,0,2.39222,1.58037,6.91641,1.1703,9.7187,0.42336,18.483,0.42336,0,0,442.007,0,1.02816,0,0,3.42038,2.39222,1.028160,1,0,54.2446,0,0,0,54.2446,0
72.088,2.03606,0,0,2.41909,0.136186,0.36288,3.6288,61.308,0.309534,0,0,1.94685,0.222391,1.41493,0.66528,12.849,1,0.362326,0.36288,0,45.6409,3.93162,41.7098,0.84672,12.849,0.84672,3695.15,0,18.483,0,2.32038,1.5805,7.58298,1.1703,10.3136,0.42336,18.483,0.42336,0,0,442.007,0,1.02816,0,0,3.34854,2.32038,1.028160,1,0,53.4383,0,0,0,53.4383,0
71.8693,2.03524,0,0,2.31352,0.134019,0.36288,3.6288,61.308,0.309643,0,0,1.76333,0.230533,1.22315,0.66528,12.849,1,0.362762,0.36288,0,43.0745,4.09719,38.9775,0.84672,12.849,0.84672,3695.15,0,18.483,0,2.13263,1.58063,6.57072,1.19324,9.09074,0.42336,18.483,0.42336,0,0,442.007,0,1.02816,0,0,3.16079,2.13263,1.028160,1,0,49.2914,0,0,0,49.2914,0
71.9124,2.01532,0,0,2.54283,0.121536,0.36288,3.6288,61.308,0.347469,0,0,1.50711,0.279384,0.880256,0.66528,12.849,1,0.360304,0.36288,0,42.6771,5.09061,37.5891,0.84672,12.849,0.84672,3695.15,0,18.483,0,1.497,1.58076,6.06785,1.33088,7.81474,0.42336,18.483,0.42336,0,0,442.007,0,1.02816,0,0,2.52516,1.497,1.028160,1,0,46.2841,0,0,0,46.2841,0
71.7933,2.01585,0,0,2.38113,0.121576,0.36288,3.6288,61.308,0.347582,0,0,1.43275,0.279384,0.805788,0.66528,12.849,1,0.360183,0.36288,0,42.6214,5.09061,37.5335,0.84672,12.849,0.84672,3695.15,0,18.483,0,1.34459,1.60513,6.23566,1.33088,7.85451,0.42336,18.483,0.42336,0,0,442.007,0,1.02816,0,0,2.37275,1.34459,1.028160,1,0,46.1938,0,0,0,46.1938,0
71.4594,2.015,0,0,2.16552,0.121465,0.36288,3.6288,61.308,0.347694,0,0,1.39711,0.279384,0.770027,0.66528,12.849,1,0.360629,0.36288,0,41.7869,5.09061,36.6986,0.84672,12.849,0.84672,3695.15,0,18.483,0,1.31387,1.60526,5.97495,1.33088,7.5632,0.42336,18.483,0.42336,0,0,442.007,0,1.02816,0,0,2.34203,1.31387,1.028160,1,0,45.0318,0,0,0,45.0318,0
70.9286,2.01231,0,0,1.96554,0.121157,0.36288,3.6288,61.308,0.347806,0,0,1.31071,0.279384,0.683515,0.66528,12.849,1,0.36183,0.36288,0,37.2357,5.09061,32.1462,0.84672,12.849,0.84672,3695.15,0,18.483,0,1.04976,1.60539,5.77994,1.33088,7.10421,0.42336,18.483,0.42336,0,0,442.007,0,1.02816,0,0,2.07792,1.04976,1.028160,1,0,39.9339,0,0,0,39.9339,0
70.2492,2.05475,0,0,1.83124,0.0930749,0.36288,3.6288,61.308,0.381544,0,0,1.14378,0.339212,0.423025,0.66528,12.849,1,0.372226,0.36288,0,33.0604,6.14067,26.9104,0.84672,12.849,0.84672,3695.15,0,18.483,0,0.925854,1.60552,4.99535,1.59143,5.93529,0.42336,18.483,0.42336,0,0,442.007,0,1.02816,0,0,1.95401,0.925854,1.028160,1,0,33.2687,0,0,0,33.2687,0
69.8535,2.04885,0,0,2.10368,0.0875772,0.36288,3.6288,61.308,0.381659,0,0,1.48287,0.338648,0.762558,0.66528,12.849,1,0.374747,0.36288,0,43.1533,6.21863,36.9228,0.84672,12.849,0.84672,3695.15,0,18.483,0,1.33277,1.64429,5.6277,1.58288,7.02189,0.42336,18.483,0.42336,0,0,442.007,0,1.02816,0,0,2.36093,1.33277,1.028160,1,0,44.7072,0,0,0,44.7072,0
69.2727,2.04544,0,0,1.91482,0.0873102,0.36288,3.6288,61.308,0.381774,0,0,1.22307,0.338648,0.502647,0.66528,12.849,1,0.376243,0.36288,0,34.7579,6.21863,28.5259,0.84672,12.849,0.84672,3695.15,0,18.483,0,1.38377,1.64443,5.2294,1.58288,6.67472,0.42336,18.483,0.42336,0,0,442.007,0,1.02816,0,0,2.41193,1.38377,1.028160,1,0,35.7032,0,0,0,35.7032,0
68.5241,2.04031,0,0,1.74151,0.0869181,0.36288,3.6288,61.308,0.38189,0,0,1.13903,0.338648,0.418491,0.66528,12.849,1,0.378446,0.36288,0,32.4022,6.21863,26.1681,0.84672,12.849,0.84672,3695.15,0,18.483,0,1.00781,1.64456,4.66042,1.58288,5.72992,0.42336,18.483,0.42336,0,0,442.007,0,1.02816,0,0,2.03597,1.00781,1.028160,1,0,32.3165,0,0,0,32.3165,0
67.6032,2.16937,0,0,1.70452,0.0931835,0.36288,3.6288,61.308,0.503414,0,0,1.25926,0.328586,0.427263,0.66528,12.849,1,0.40678,0.36288,0,31.255,6.13656,25.0746,0.84672,12.849,0.84672,3695.15,0,18.483,0,1.41089,1.6447,5.63604,1.53912,7.1525,0.42336,18.483,0.42336,0,0,442.007,0,1.02816,0,0,2.43905,1.41089,1.028160,1,0,32.6543,0,0,0,32.6543,0
66.1382,2.16032,0,0,1.18407,0.125861,0.36288,3.6288,61.308,0.503539,0,0,0.981469,0.294365,0.183565,0.66528,12.849,1,0.4106,0.36288,0,27.5952,5.66969,21.8778,0.84672,12.849,0.84672,3695.15,0,18.483,0,0.925707,1.77572,3.87478,1.37742,5.19879,0.42336,18.483,0.42336,0,0,442.007,0,1.02816,0,0,1.95387,0.925707,1.028160,1,0,27.2602,0,0,0,27.2602,0
64.6645,2.14544,0,0,1.15896,0.12441,0.36288,3.6288,61.308,0.503664,0,0,0.917646,0.294365,0.119616,0.66528,12.849,1,0.416806,0.36288,0,25.1815,5.66969,19.4579,0.84672,12.849,0.84672,3695.15,0,18.483,0,0.815927,1.77587,3.88906,1.37742,5.10344,0.42336,18.483,0.42336,0,0,442.007,0,1.02816,0,0,1.84409,0.815927,1.028160,1,0,24.681,0,0,0,24.681,0
63.7324,2.13001,0,0,1.68379,0.122951,0.36288,3.6288,61.308,0.50379,0,0,1.05442,0.294365,0.256262,0.66528,12.849,1,0.423239,0.36288,0,28.6801,5.66969,22.9501,0.84672,12.849,0.84672,3695.15,0,18.483,0,1.14371,1.77601,4.31189,1.37742,5.85419,0.42336,18.483,0.42336,0,0,442.007,0,1.02816,0,0,2.17187,1.14371,1.028160,1,0,29.0605,0,0,0,29.0605,0
63.5256,2.12007,0,0,2.42688,0.150743,0.36288,3.6288,61.308,0.503915,0,0,1.39567,0.284987,0.606769,0.66528,12.849,1,0.427424,0.36288,0,46.7929,5.53827,41.19,0.84672,12.849,0.84672,3695.15,0,18.483,0,1.32613,1.77616,4.80044,1.3509,6.55182,0.42336,18.483,0.42336,0,0,442.007,0,1.02816,0,0,2.35429,1.32613,1.028160,1,0,48.3486,0,0,0,48.3486,0
63.2023,2.05335,0,0,2.24975,0.15685,0.36288,3.6288,61.308,0.430319,0,0,1.62155,0.219076,0.972152,0.66528,12.849,1,0.41532,0.36288,0,60.0682,4.59638,55.4194,0.84672,12.849,0.84672,3695.15,0,18.483,0,1.20684,1.7763,5.20847,1.13707,7.05453,0.42336,18.483,0.42336,0,0,442.007,0,1.02816,0,0,2.235,1.20684,1.028160,1,0,63.4461,0,0,0,63.4461,0
62.3588,2.05005,0,0,1.72587,0.156438,0.36288,3.6288,61.308,0.430438,0,0,1.36242,0.219076,0.71291,0.66528,12.849,1,0.416775,0.36288,0,33.1733,4.59638,28.523,0.84672,12.849,0.84672,3695.15,0,18.483,0,1.14411,1.70141,4.10014,1.13707,5.80858,0.42336,18.483,0.42336,0,0,442.007,0,1.02816,0,0,2.17227,1.14411,1.028160,1,0,35.0445,0,0,0,35.0445,0
61.3723,2.04107,0,0,1.57284,0.155362,0.36288,3.6288,61.308,0.430557,0,0,1.35851,0.219076,0.708877,0.66528,12.849,1,0.420561,0.36288,0,23.8459,4.59638,19.1918,0.84672,12.849,0.84672,3695.15,0,18.483,0,1.14653,1.70155,3.81916,1.13707,5.53016,0.42336,18.483,0.42336,0,0,442.007,0,1.02816,0,0,2.17469,1.14653,1.028160,1,0,25.4309,0,0,0,25.4309,0
60.3689,2.03032,0,0,1.60453,0.214688,0.36288,3.6288,61.308,0.430677,0,0,1.4427,0.180476,0.831546,0.66528,12.849,1,0.425071,0.36288,0,19.7569,3.72271,15.972,0.84672,12.849,0.84672,3695.15,0,18.483,0,0.911494,1.70169,3.72597,0.939599,5.39955,0.42336,18.483,0.42336,0,0,442.007,0,1.02816,0,0,1.93965,0.911494,1.028160,1,0,22.2031,0,0,0,22.2031,0
61.3569,1.96699,0,0,3.55328,0.235451,0.36288,3.6288,61.308,0.363669,0,0,2.20718,0.170505,1.67301,0.66528,12.849,1,0.418656,0.36288,0,86.6025,3.67827,82.8685,0.84672,12.849,0.84672,3695.15,0,18.483,0,2.99711,1.70182,11.9675,0.884369,15.7821,0.42336,18.483,0.42336,0,0,442.007,0,1.02816,0,0,4.02527,2.99711,1.028160,1,0,100.324,0,0,0,100.324,0
62.8093,1.97803,0,0,4.01369,0.220365,0.36288,3.6288,61.308,0.363783,0,0,2.37991,0.184739,1.83138,0.66528,12.849,1,0.414227,0.36288,0,133.07,4.13637,128.882,0.84672,12.849,0.84672,3695.15,0,18.483,0,3.01727,1.63525,10.9573,0.954026,14.6558,0.42336,18.483,0.42336,0,0,442.007,0,1.02816,0,0,4.04543,3.01727,1.028160,1,0,145.369,0,0,0,145.369,0
62.7943,1.99377,0,0,2.5647,0.223014,0.36288,3.6288,61.308,0.363897,0,0,1.50163,0.184739,0.952996,0.66528,12.849,1,0.40787,0.36288,0,68.9123,4.13637,64.7309,0.84672,12.849,0.84672,3695.15,0,18.483,0,1.71412,1.63539,5.37836,0.954026,7.77383,0.42336,18.483,0.42336,0,0,442.007,0,1.02816,0,0,2.74228,1.71412,1.028160,1,0,73.4578,0,0,0,73.4578,0
63.2782,1.99378,0,0,3.06261,0.222065,0.36288,3.6288,61.308,0.364011,0,0,1.88787,0.196944,1.32691,0.66528,12.849,1,0.407968,0.36288,0,84.0596,4.12884,79.8857,0.84672,12.849,0.84672,3695.15,0,18.483,0,2.60892,1.63552,6.19217,0.972936,9.46367,0.42336,18.483,0.42336,0,0,442.007,0,1.02816,0,0,3.63708,2.60892,1.028160,1,0,90.6762,0,0,0,90.6762,0
65.7631,1.84848,0,0,4.92585,0.229582,0.36288,3.6288,61.308,0.224274,0,0,2.45302,0.24574,1.983,0.66528,12.849,1,0.375345,0.36288,0,128.301,3.94956,124.339,0.84672,12.849,0.84672,3695.15,0,18.483,0,3.19555,1.63565,8.7086,1.02371,12.5161,0.42336,18.483,0.42336,0,0,442.007,0,1.02816,0,0,4.22371,3.19555,1.028160,1,0,138.838,0,0,0,138.838,0
69.8535,1.87206,0,0,6.59058,0.265316,0.36288,3.6288,61.308,0.224377,0,0,4.09036,0.184648,3.68133,0.66528,12.849,1,0.365768,0.36288,0,212.578,3.61431,208.96,0.84672,12.849,0.84672,3695.15,0,18.483,0,3.24657,1.48556,13.196,0.866973,17.0612,0.42336,18.483,0.42336,0,0,442.007,0,1.02816,0,0,4.27473,3.24657,1.028160,1,0,229.703,0,0,0,229.703,0
72.29,1.90827,0,0,5.42271,0.273979,0.803925,3.6288,61.308,0.224479,0,0,4.13825,0.184648,3.72912,0.66528,12.849,1,0.351011,0.803925,0,173.859,3.61431,170.698,0.84672,12.849,0.84672,3695.15,0,18.483,0,3.09034,1.48568,13.2,0.866973,16.9091,0.42336,18.483,0.42336,0,0,442.007,0,1.02816,0,0,4.1185,3.09034,1.028160,1,0,191.336,0,0,0,191.336,0
72.29,1.92855,0,0,4.85776,0.27914,2.65007,3.6288,61.308,0.224581,0,0,2.79099,0.184648,2.38176,0.66528,12.849,1,0.342786,2.65007,0,144.185,3.61431,142.878,0.84672,12.849,0.84672,3695.15,0,18.483,0,2.73227,1.4858,12.7741,0.866973,16.1252,0.42336,18.483,0.42336,0,0,442.007,0,1.02816,0,0,3.76043,2.73227,1.028160,1,0,161.385,0,0,0,161.385,0
72.29,1.92871,0,0,4.254,0.275171,2.05012,3.6288,61.308,0.224684,0,0,1.43954,0.169948,1.0449,0.66528,12.849,1,0.342814,2.05012,0,136.871,3.31596,135.262,0.84672,12.849,0.84672,3695.15,0,18.483,0,1.86178,1.48592,8.92944,0.771,11.5061,0.42336,18.483,0.42336,0,0,442.007,0,1.02816,0,0,2.88994,1.86178,1.028160,1,0,147.813,0,0,0,147.813,0
71.9848,1.98929,0,0,2.34108,0.29407,0.36288,3.6288,61.308,0.265297,0,0,0.747621,0.158325,0.323999,0.66528,12.849,1,0.353582,0.36288,0,82.2301,3.38231,78.8571,0.84672,12.849,0.84672,3695.15,0,18.483,0,1.01621,1.48604,5.03421,0.847496,6.68897,0.42336,18.483,0.42336,0,0,442.007,0,1.02816,0,0,2.04437,1.01621,1.028160,1,0,85.87,0,0,0,85.87,0
72.2003,1.9869,0,0,2.86415,0.298877,0.36288,3.6288,61.308,0.265396,0,0,0.865642,0.14797,0.452276,0.66528,12.849,1,0.354653,0.36288,0,82.2606,3.3054,78.9634,0.84672,12.849,0.84672,3695.15,0,18.483,0,1.18709,1.53369,3.99364,0.836814,5.87761,0.42336,18.483,0.42336,0,0,442.007,0,1.02816,0,0,2.21525,1.18709,1.028160,1,0,85.2933,0,0,0,85.2933,0
72.29,1.98885,0,0,5.91704,0.299367,3.53916,3.6288,61.308,0.265494,0,0,1.57077,0.14797,1.15731,0.66528,12.849,1,0.353942,3.53916,0,93.75,3.3054,93.6299,0.84672,12.849,0.84672,3695.15,0,18.483,0,2.1159,1.53381,4.2298,0.836814,7.0427,0.42336,18.483,0.42336,0,0,442.007,0,1.02816,0,0,3.14406,2.1159,1.028160,1,0,101.83,0,0,0,101.83,0
72.29,1.98975,0,0,7.12765,0.290698,4.8472,3.6288,61.308,0.265593,0,0,1.59548,0.144485,1.1854,0.66528,12.849,1,0.353662,4.8472,0,114.731,3.26577,115.959,0.84672,12.849,0.84672,3695.15,0,18.483,0,1.98789,1.53393,6.21687,0.833356,8.90533,0.42336,18.483,0.42336,0,0,442.007,0,1.02816,0,0,3.01605,1.98789,1.028160,1,0,126.05,0,0,0,126.05,0
72.29,2.18399,0,0,12.2419,0.268979,9.78896,3.6288,61.308,0.417821,0,0,2.22992,0.140837,1.67127,0.66528,12.849,1,0.388187,9.78896,0,184.286,3.43155,190.255,0.84672,12.849,0.84672,3695.15,0,18.483,0,4.02308,1.53405,10.1127,0.885091,14.7847,0.42336,18.483,0.42336,0,0,442.007,0,1.02816,0,0,5.05124,4.02308,1.028160,1,0,206.711,0,0,0,206.711,0
72.29,2.18415,0,0,8.12765,0.311003,5.63249,3.6288,61.308,0.417931,0,0,1.77135,0.163856,1.18956,0.66528,12.849,1,0.388217,5.63249,0,163.864,3.96963,165.138,0.84672,12.849,0.84672,3695.15,0,18.483,0,2.75891,1.70383,7.09361,0.98174,10.5746,0.42336,18.483,0.42336,0,0,442.007,0,1.02816,0,0,3.78707,2.75891,1.028160,1,0,176.902,0,0,0,176.902,0
72.29,2.18432,0,0,9.58185,0.311003,7.08652,3.6288,61.308,0.418041,0,0,2.01653,0.163856,1.43464,0.66528,12.849,1,0.388247,7.08652,0,194.652,3.96963,197.381,0.84672,12.849,0.84672,3695.15,0,18.483,0,3.71434,1.70396,9.26493,0.98174,13.7015,0.42336,18.483,0.42336,0,0,442.007,0,1.02816,0,0,4.7425,3.71434,1.028160,1,0,212.517,0,0,0,212.517,0
72.29,2.18449,0,0,13.3419,0.298016,10.8594,3.6288,61.308,0.418151,0,0,3.43011,0.191519,2.82044,0.66528,12.849,1,0.388276,10.8594,0,224.878,4.62483,230.724,0.84672,12.849,0.84672,3695.15,0,18.483,0,6.37557,1.70409,16.6175,1.18672,23.5104,0.42336,18.483,0.42336,0,0,442.007,0,1.02816,0,0,7.40373,6.37557,1.028160,1,0,257.055,0,0,0,257.055,0
72.29,1.90774,0,0,10.1274,0.283433,7.93621,3.6288,61.308,0.21404,0,0,2.15677,0.191879,1.75085,0.66528,12.849,1,0.339086,7.93621,0,192.986,4.37944,196.204,0.84672,12.849,0.84672,3695.15,0,18.483,0,4.19328,1.70422,12.764,1.06623,17.5953,0.42336,18.483,0.42336,0,0,442.007,0,1.02816,0,0,5.22144,4.19328,1.028160,1,0,215.55,0,0,0,215.55,0
72.29,1.90788,0,0,7.78585,0.30323,5.57474,3.6288,61.308,0.214135,0,0,1.31265,0.223621,0.874894,0.66528,12.849,1,0.339111,5.57474,0,159.173,4.61136,159.797,0.84672,12.849,0.84672,3695.15,0,18.483,0,2.58293,1.47219,10.2749,1.11211,13.2179,0.42336,18.483,0.42336,0,0,442.007,0,1.02816,0,0,3.61109,2.58293,1.028160,1,0,173.89,0,0,0,173.89,0
72.29,1.90803,0,0,9.83172,0.309984,7.61371,3.6288,61.308,0.214229,0,0,1.9873,0.222584,1.55049,0.66528,12.849,1,0.339137,7.61371,0,153.674,4.63754,156.311,0.84672,12.849,0.84672,3695.15,0,18.483,0,3.96897,1.4723,15.8158,1.10982,20.1472,0.42336,18.483,0.42336,0,0,442.007,0,1.02816,0,0,4.99713,3.96897,1.028160,1,0,178.008,0,0,0,178.008,0
72.29,1.90817,0,0,7.91355,0.309984,5.69539,3.6288,61.308,0.214324,0,0,1.49296,0.222584,1.05605,0.66528,12.849,1,0.339163,5.69539,0,149.005,4.63754,149.723,0.84672,12.849,0.84672,3695.15,0,18.483,0,2.92245,1.47241,11.6393,1.10982,14.9243,0.42336,18.483,0.42336,0,0,442.007,0,1.02816,0,0,3.95061,2.92245,1.028160,1,0,165.704,0,0,0,165.704,0
72.29,1.90832,0,0,7.63629,0.316062,5.41191,3.6288,61.308,0.214419,0,0,1.20826,0.206727,0.787115,0.66528,12.849,1,0.339189,5.41191,0,131.584,4.60721,132.049,0.84672,12.849,0.84672,3695.15,0,18.483,0,2.44947,1.47252,10.2287,1.07333,13.0774,0.42336,18.483,0.42336,0,0,442.007,0,1.02816,0,0,3.47763,2.44947,1.028160,1,0,145.914,0,0,0,145.914,0
72.29,1.97819,0,0,8.77712,0.292989,6.50593,3.6288,61.308,0.264493,0,0,2.69979,0.227571,2.20773,0.66528,12.849,1,0.351609,6.50593,0,150.308,4.86749,151.595,0.84672,12.849,0.84672,3695.15,0,18.483,0,6.11012,1.47263,10.2327,1.0126,16.8028,0.42336,18.483,0.42336,0,0,442.007,0,1.02816,0,0,7.13828,6.11012,1.028160,1,0,170.606,0,0,0,170.606,0
72.29,1.97834,0,0,7.63724,0.292989,5.36591,3.6288,61.308,0.264591,0,0,2.48458,0.227571,1.99242,0.66528,12.849,1,0.351636,5.36591,0,112.476,4.86749,112.622,0.84672,12.849,0.84672,3695.15,0,18.483,0,5.75052,1.53009,10.3046,1.0126,16.5726,0.42336,18.483,0.42336,0,0,442.007,0,1.02816,0,0,6.77868,5.75052,1.028160,1,0,131.187,0,0,0,131.187,0
72.29,1.9785,0,0,8.47463,0.292989,6.20315,3.6288,61.308,0.26469,0,0,2.53034,0.227571,2.03808,0.66528,12.849,1,0.351663,6.20315,0,185.153,4.86749,186.137,0.84672,12.849,0.84672,3695.15,0,18.483,0,5.9184,1.53021,11.4697,1.0126,17.9057,0.42336,18.483,0.42336,0,0,442.007,0,1.02816,0,0,6.94656,5.9184,1.028160,1,0,206.08,0,0,0,206.08,0
72.29,1.97865,0,0,8.63801,0.292989,6.36638,3.6288,61.308,0.264788,0,0,2.47343,0.227571,1.98107,0.66528,12.849,1,0.351689,6.36638,0,175.374,4.86749,176.521,0.84672,12.849,0.84672,3695.15,0,18.483,0,5.89792,1.53033,11.4093,1.0126,17.8249,0.42336,18.483,0.42336,0,0,442.007,0,1.02816,0,0,6.92608,5.89792,1.028160,1,0,196.327,0,0,0,196.327,0
72.29,1.95152,0,0,6.52247,0.243865,4.32709,3.6288,61.308,0.24547,0,0,1.54877,0.226766,1.07654,0.66528,12.849,1,0.346869,4.32709,0,139.761,4.98225,138.759,0.84672,12.849,0.84672,3695.15,0,18.483,0,4.66464,1.53044,8.81263,1.05422,13.9535,0.42336,18.483,0.42336,0,0,442.007,0,1.02816,0,0,5.6928,4.66464,1.028160,1,0,153.789,0,0,0,153.789,0
72.29,1.95167,0,0,5.08842,0.240748,2.896,3.6288,61.308,0.245567,0,0,1.13716,0.210255,0.681341,0.66528,12.849,1,0.346895,2.896,0,119.65,4.64488,117.554,0.84672,12.849,0.84672,3695.15,0,18.483,0,3.5368,1.50823,6.52977,1.00761,10.5672,0.42336,18.483,0.42336,0,0,442.007,0,1.02816,0,0,4.56496,3.5368,1.028160,1,0,128.803,0,0,0,128.803,0
72.29,1.95182,0,0,4.83698,0.240748,2.64441,3.6288,61.308,0.245664,0,0,1.03978,0.210255,0.583863,0.66528,12.849,1,0.346922,2.64441,0,107.753,4.64488,105.406,0.84672,12.849,0.84672,3695.15,0,18.483,0,2.7372,1.50835,5.88914,1.00761,9.12708,0.42336,18.483,0.42336,0,0,442.007,0,1.02816,0,0,3.76536,2.7372,1.028160,1,0,115.116,0,0,0,115.116,0
72.29,1.95197,0,0,4.44974,0.240748,2.25702,3.6288,61.308,0.245761,0,0,0.973728,0.210255,0.517713,0.66528,12.849,1,0.346948,2.25702,0,98.9228,4.64488,96.188,0.84672,12.849,0.84672,3695.15,0,18.483,0,2.54801,1.50846,5.04427,1.00761,8.09313,0.42336,18.483,0.42336,0,0,442.007,0,1.02816,0,0,3.57617,2.54801,1.028160,1,0,104.799,0,0,0,104.799,0
72.29,2.04472,0,0,4.01614,0.189334,1.78208,3.6288,61.308,0.314738,0,0,0.869495,0.23583,0.318927,0.66528,12.849,1,0.363434,1.78208,0,83.3121,5.04166,79.6891,0.84672,12.849,0.84672,3695.15,0,18.483,0,2.0833,1.50858,4.52102,1.02163,7.09127,0.42336,18.483,0.42336,0,0,442.007,0,1.02816,0,0,3.11146,2.0833,1.028160,1,0,87.0992,0,0,0,87.0992,0
72.29,2.04488,0,0,3.64704,0.155326,1.44684,3.6288,61.308,0.31484,0,0,0.738409,0.228674,0.194895,0.66528,12.849,1,0.363462,1.44684,0,63.2248,5.06803,59.2401,0.84672,12.849,0.84672,3695.15,0,18.483,0,1.45423,1.58678,3.69154,0.986413,5.74615,0.42336,18.483,0.42336,0,0,442.007,0,1.02816,0,0,2.48239,1.45423,1.028160,1,0,65.1811,0,0,0,65.1811,0
72.29,2.04503,0,0,3.59112,0.155326,1.39076,3.6288,61.308,0.314943,0,0,0.739541,0.228674,0.195924,0.66528,12.849,1,0.363489,1.39076,0,59.4527,5.06803,55.4119,0.84672,12.849,0.84672,3695.15,0,18.483,0,1.50404,1.5869,3.53258,0.986413,5.63711,0.42336,18.483,0.42336,0,0,442.007,0,1.02816,0,0,2.5322,1.50404,1.028160,1,0,61.245,0,0,0,61.245,0
72.29,2.04519,0,0,3.21069,0.16516,1.00034,3.6288,61.308,0.315045,0,0,0.711314,0.22604,0.170229,0.66528,12.849,1,0.363517,1.00034,0,56.3625,4.89881,52.1005,0.84672,12.849,0.84672,3695.15,0,18.483,0,1.61691,1.58702,3.26446,0.992941,5.47545,0.42336,18.483,0.42336,0,0,442.007,0,1.02816,0,0,2.64507,1.61691,1.028160,1,0,57.7462,0,0,0,57.7462,0
72.29,2.04535,0,0,3.07177,0.167526,0.858899,3.6288,61.308,0.315148,0,0,0.69666,0.227758,0.153755,0.66528,12.849,1,0.363545,0.858899,0,52.3324,4.53984,48.2879,0.84672,12.849,0.84672,3695.15,0,18.483,0,1.59358,1.58715,3.08678,1.02831,5.2392,0.42336,18.483,0.42336,0,0,442.007,0,1.02816,0,0,2.62174,1.59358,1.028160,1,0,53.6809,0,0,0,53.6809,0
72.29,2.02718,0,0,2.55315,0.126503,0.39947,3.6288,61.308,0.353122,0,0,0.727911,0.282834,0.0919558,0.66528,12.849,1,0.360316,0.39947,0,42.4124,5.4705,36.981,0.84672,12.849,0.84672,3695.15,0,18.483,0,0.906379,1.58727,2.82813,1.29613,4.02565,0.42336,18.483,0.42336,0,0,442.007,0,1.02816,0,0,1.93454,0.906379,1.028160,1,0,41.0986,0,0,0,41.0986,0
72.1887,2.02734,0,0,2.41543,0.126503,0.36288,3.6288,61.308,0.353227,0,0,0.690803,0.282834,0.0547417,0.66528,12.849,1,0.360344,0.36288,0,42.5495,5.4705,37.0815,0.84672,12.849,0.84672,3695.15,0,18.483,0,0.759171,1.61173,3.01023,1.29613,4.085,0.42336,18.483,0.42336,0,0,442.007,0,1.02816,0,0,1.78733,0.759171,1.028160,1,0,41.2213,0,0,0,41.2213,0
71.8727,2.02663,0,0,2.19988,0.126406,0.36288,3.6288,61.308,0.353333,0,0,0.68027,0.282834,0.0441041,0.66528,12.849,1,0.360724,0.36288,0,41.56,5.4705,36.0916,0.84672,12.849,0.84672,3695.15,0,18.483,0,0.786335,1.61185,2.90368,1.29613,4.00574,0.42336,18.483,0.42336,0,0,442.007,0,1.02816,0,0,1.8145,0.786335,1.028160,1,0,40.1415,0,0,0,40.1415,0
71.3423,2.02409,0,0,1.98266,0.126103,0.36288,3.6288,61.3052,0.353438,0,0,0.633493,0.282834,0,0.66528,12.849,1,0.361856,0.36288,0,38.52,5.4705,33.0505,0.84672,12.849,0.84672,3695.15,0,18.483,0,0.555293,1.61197,2.76466,1.29613,3.6358,0.42336,18.483,0.42336,0,0,442.007,0,1.02816,0,0,1.58345,0.555293,1.028160,1,0,36.6863,0,0,0,36.6863,0
70.4611,2.06682,0,0,1.65612,0.10763,0.36288,3.6288,60.8425,0.623835,0,0,0.476122,0.314984,0,0.66528,12.849,1,0.372242,0.36288,0,31.0382,5.9392,25.0896,0.84672,12.849,0.84672,3695.15,0,18.483,0,0.261274,1.61209,2.14478,1.43412,2.58403,0.42336,18.483,0.42336,0,0,442.007,0,0.791631,0,0,1.0529,0.261274,1.028160,1,0,27.6736,0,0,0,27.6736,0
69.6416,2.05912,0,0,1.69529,0.0927808,0.36288,3.6288,60.2592,0.76944,0,0,0.512803,0.32672,0,0.66528,12.849,1,0.375493,0.36288,0,35.6956,6.11016,29.5728,0.84672,12.849,0.84672,3695.15,0,18.483,0,0.261274,1.65102,2.0783,1.48681,2.50378,0.42336,18.483,0.42336,0,0,442.007,0,0.646134,0,0,0.907407,0.261274,1.028160,1,0,32.0766,0,0,0,32.0766,0
68.6952,2.05185,0,0,1.5606,0.0921958,0.36288,3.6288,59.6539,0.714511,0,0,0.434744,0.325512,0,0.66528,12.849,1,0.37857,0.36288,0,29.32,6.11016,23.1942,0.84672,12.849,0.84672,3695.15,0,18.483,0,0.261274,1.65114,2.00951,1.48681,2.43512,0.42336,18.483,0.42336,0,0,442.007,0,0.701171,0,0,0.962444,0.261274,1.028160,1,0,25.6293,0,0,0,25.6293,0
67.6265,2.04327,0,0,1.42897,0.0915202,0.36288,3.6288,58.9118,0.820476,0,0,0.402662,0.324258,0,0.66528,12.849,1,0.38218,0.36288,0,27.8685,6.11016,21.739,0.84672,12.849,0.84672,3695.15,0,18.483,0,0.227405,1.65127,1.76634,1.48681,2.15821,0.42336,18.483,0.42336,0,0,442.007,0,0.595313,0,0,0.822718,0.227405,1.028160,1,0,23.8972,0,0,0,23.8972,0
66.3655,2.16916,0,0,1.3623,0.0913429,0.36288,3.6288,58.1952,0.826132,0,0,0.430494,0.32101,0,0.66528,12.849,1,0.412139,0.36288,0,25.3924,6.12546,19.2176,0.84672,12.849,0.84672,3695.15,0,18.483,0,0.227405,1.65139,2.13151,1.48053,2.52978,0.42336,18.483,0.42336,0,0,442.007,0,0.711668,0,0,0.939073,0.227405,1.028160,1,0,21.7474,0,0,0,21.7474,0
64.3371,2.15635,0,0,0.617579,0.126683,0.36288,3.6288,57.0714,1.10085,0,0,0.268645,0.291544,0,0.66528,12.849,1,0.417491,0.36288,0,14.1666,5.69384,8.41813,0.84672,12.849,0.84672,3695.15,0,18.483,0,0.227405,1.78294,1.37681,1.33827,2.04889,0.42336,18.483,0.42336,0,0,442.007,0,0.437063,0,0,0.664468,0.227405,1.028160,1,0,10.467,0,0,0,10.467,0
62.6321,2.13493,0,0,0.926951,0.134208,0.36288,3.6288,56.1343,0.96967,0,0,0.319876,0.287344,0,0.66528,12.849,1,0.426375,0.36288,0,20.9193,5.63447,15.2214,0.84672,12.849,0.84672,3695.15,0,18.483,0,0.227405,1.78308,1.46315,1.33098,2.14265,0.42336,18.483,0.42336,0,0,442.007,0,0.568365,0,0,0.79577,0.227405,1.028160,1,0,17.364,0,0,0,17.364,0
61.3114,2.11622,0,0,1.30524,0.146821,0.36288,3.6288,55.359,0.909056,0,0,0.410573,0.276791,0,0.66528,12.849,1,0.434145,0.36288,0,27.3051,5.6388,21.595,0.84672,12.849,0.84672,3695.15,0,18.483,0,0.204422,1.78321,1.61097,1.31072,2.28789,0.42336,18.483,0.42336,0,0,442.007,0,0.629096,0,0,0.833518,0.204422,1.028160,1,0,23.8829,0,0,0,23.8829,0
59.9865,2.10129,0,0,1.27773,0.138464,0.36288,3.6288,54.8159,0.698937,0,0,0.428492,0.272692,0,0.66528,12.849,1,0.440367,0.36288,0,25.123,5.75337,19.2921,0.84672,12.849,0.84672,3695.15,0,18.483,0,0.204422,1.78335,1.55597,1.30917,2.23457,0.42336,18.483,0.42336,0,0,442.007,0,0.839333,0,0,1.04376,0.204422,1.028160,1,0,21.5267,0,0,0,21.5267,0
58.3117,2.02223,0,0,0.91082,0.200438,0.36288,3.6288,53.8135,0.965687,0,0,0.19821,0.23484,0,0.66528,12.849,1,0.433158,0.36288,0,17.4741,5.26791,12.1359,0.84672,12.849,0.84672,3695.15,0,18.483,0,0.204422,1.78348,1.07031,1.2699,1.78831,0.42336,18.483,0.42336,0,0,442.007,0,0.498681,0,0,0.703103,0.204422,1.028160,1,0,13.9242,0,0,0,13.9242,0
56.4387,2.00265,0,0,0.736197,0.243713,0.36288,3.6288,52.5522,1.17637,0,0,0.120799,0.205783,0,0.66528,12.849,1,0.441284,0.36288,0,16.0154,3.9982,11.9388,0.84672,12.849,0.84672,3695.15,0,18.483,0,0.204422,1.70828,1.07918,0.920036,2.07184,0.42336,18.483,0.42336,0,0,442.007,0,0.288107,0,0,0.492529,0.204422,1.028160,1,0,14.0106,0,0,0,14.0106,0
54.645,1.97984,0,0,0.801636,0.252647,0.36288,3.6288,51.6713,0.885636,0,0,0.20543,0.200685,0,0.66528,12.849,1,0.450736,0.36288,0,17.1539,3.90915,13.1569,0.84672,12.849,0.84672,3695.15,0,18.483,0,0.216518,1.70841,1.51064,0.909114,2.52646,0.42336,18.483,0.42336,0,0,442.007,0,0.578955,0,0,0.795474,0.216518,1.028160,1,0,15.6834,0,0,0,15.6834,0
52.8534,1.95706,0,0,0.776494,0.24816,0.36288,3.6288,50.7942,0.883518,0,0,0.205694,0.199266,0,0.66528,12.849,1,0.460174,0.36288,0,16.4543,3.90915,12.4478,0.84672,12.849,0.84672,3695.15,0,18.483,0,0.216518,1.70854,1.38314,0.909114,2.39909,0.42336,18.483,0.42336,0,0,442.007,0,0.581185,0,0,0.797704,0.216518,1.028160,1,0,14.8469,0,0,0,14.8469,0
51.1691,1.88338,0,0,0.823643,0.261634,0.36288,3.6288,49.7767,0.973854,0,0,0.171074,0.214717,0,0.66528,12.849,1,0.457862,0.36288,0,15.6419,3.90267,11.6443,0.84672,12.849,0.84672,3695.15,0,18.483,0,0.216518,1.70867,1.30105,0.944082,2.28215,0.42336,18.483,0.42336,0,0,442.007,0,0.423565,0,0,0.640083,0.216518,1.028160,1,0,13.9264,0,0,0,13.9264,0
49.414,1.86073,0,0,0.74914,0.280638,0.36288,3.6288,48.503,1.16308,0,0,0.124559,0.235237,0,0.66528,12.849,1,0.467245,0.36288,0,12.4531,3.89403,8.4547,0.84672,12.849,0.84672,3695.15,0,18.483,0,0.216518,1.64182,1.30067,0.990706,2.1683,0.42336,18.483,0.42336,0,0,442.007,0,0.234444,0,0,0.450962,0.216518,1.028160,1,0,10.623,0,0,0,10.623,0
47.9278,1.8361,0,0,0.988278,0.275491,0.36288,3.6288,48.0893,0.464294,0,0,0.283438,0.232777,0,0.66528,12.849,1,0.477437,0.36288,0,16.6615,3.89403,12.6529,0.84672,12.849,0.84672,3695.15,0,18.483,0,0.216518,1.64195,2.31193,0.990706,3.17968,0.42336,18.483,0.42336,0,0,442.007,0,0.933338,0,0,1.14986,0.216518,1.028160,1,0,15.8326,0,0,0,15.8326,0
48.1538,1.81441,0,0,2.67442,0.271091,0.36288,3.6288,48.1466,0.369579,0,0,0.658804,0.231978,0,0.66528,12.849,1,0.486427,0.36288,0,49.7635,3.89403,45.746,0.84672,12.849,0.84672,3695.15,0,18.483,0,1.04926,1.64207,4.02949,0.990706,5.73011,0.42336,18.483,0.42336,0,0,442.007,0,1.02816,0,0,2.07742,1.04926,1.028160,1,0,51.4761,0,0,0,51.4761,0
47.292,1.68101,0,0,1.48818,0.30614,0.36288,3.6288,47.8094,0.510806,0,0,0.370828,0.197156,0,0.66528,12.849,1,0.448549,0.36288,0,26.3857,3.42403,22.876,0.84672,12.849,0.84672,3695.15,0,18.483,0,0.292723,1.6422,2.3932,0.828682,3.49944,0.42336,18.483,0.42336,0,0,442.007,0,0.746631,0,0,1.03935,0.292723,1.028160,1,0,26.3754,0,0,0,26.3754,0
46.9561,1.66915,0,0,1.94475,0.248579,0.36288,3.6288,47.6787,0.229372,0,0,0.289129,0.190469,0,0.66528,12.849,1,0.4535,0.36288,0,34.5541,3.93277,30.5307,0.84672,12.849,0.84672,3695.15,0,18.483,0,0.46129,1.49149,2.39854,1.0104,3.34092,0.42336,18.483,0.42336,0,0,442.007,0,1.02816,0,0,1.48945,0.46129,1.028160,1,0,33.8716,0,0,0,33.8716,0
46.2377,1.66453,0,0,1.55664,0.247661,0.36288,3.6288,47.4561,0.286933,0,0,0.25454,0.190261,0,0.66528,12.849,1,0.45548,0.36288,0,25.0362,3.93277,21.0108,0.84672,12.849,0.84672,3695.15,0,18.483,0,0.292723,1.4916,2.141,1.0104,2.91492,0.42336,18.483,0.42336,0,0,442.007,0,0.970695,0,0,1.26342,0.292723,1.028160,1,0,23.9258,0,0,0,23.9258,0
45.3293,1.65437,0,0,1.35324,0.244358,0.36288,3.6288,47.2518,0.274207,0,0,0.264253,0.194274,0,0.66528,12.849,1,0.459734,0.36288,0,24.9971,4.09844,20.8018,0.84672,12.849,0.84672,3695.15,0,18.483,0,0.412474,1.49172,4.85841,1.04876,5.71385,0.42336,18.483,0.42336,0,0,442.007,0,0.983517,0,0,1.39599,0.412474,1.028160,1,0,26.5156,0,0,0,26.5156,0
44.7576,1.64121,0,0,1.66632,0.233933,0.36288,3.6288,47.0469,0.259641,0,0,0.274786,0.220098,0,0.66528,12.849,1,0.465217,0.36288,0,38.6821,5.0924,33.4873,0.84672,12.849,0.84672,3695.15,0,18.483,0,0.412474,1.49183,4.01014,1.27887,4.63557,0.42336,18.483,0.42336,0,0,442.007,0,0.998179,0,0,1.41065,0.412474,1.028160,1,0,38.1229,0,0,0,38.1229,0
44.9242,1.68397,0,0,2.47543,0.261963,0.36288,3.6288,47.6142,0.270428,0,0,0.987833,0.150093,0,0.66528,12.849,1,0.483432,0.36288,0,76.827,3.49175,73.2147,0.84672,12.849,0.84672,3695.15,0,18.483,0,0.746608,1.49195,7.51535,0.892493,8.86141,0.42336,18.483,0.42336,0,0,442.007,0,1.02816,0,0,1.77477,0.746608,1.028160,1,0,82.0761,0,0,0,82.0761,0
45.0045,1.68666,0,0,2.40409,0.274293,0.36288,3.6288,48.2636,0.27052,0,0,1.04279,0.122825,0,0.66528,12.849,1,0.48241,0.36288,0,51.3835,2.85149,48.4124,0.84672,12.849,0.84672,3695.15,0,18.483,0,0.568953,1.53978,7.06277,0.737942,8.43356,0.42336,18.483,0.42336,0,0,442.007,0,1.02816,0,0,1.59711,0.568953,1.028160,1,0,56.846,0,0,0,56.846,0
44.5758,1.68802,0,0,1.89677,0.274541,0.36288,3.6288,48.6596,0.40429,0,0,0.923763,0.123492,0,0.66528,12.849,1,0.481937,0.36288,0,32.7352,2.85149,29.7647,0.84672,12.849,0.84672,3695.15,0,18.483,0,0.503194,1.53989,6.01054,0.737942,7.31568,0.42336,18.483,0.42336,0,0,442.007,0,0.894482,0,0,1.39768,0.503194,1.028160,1,0,37.0804,0,0,0,37.0804,0
44.1556,1.6815,0,0,1.92233,0.298158,0.36288,3.6288,49.0062,0.425567,0,0,0.885358,0.113263,0,0.66528,12.849,1,0.484693,0.36288,0,36.3677,3.16795,33.078,0.84672,12.849,0.84672,3695.15,0,18.483,0,0.503194,1.54,6.14477,0.750444,7.43751,0.42336,18.483,0.42336,0,0,442.007,0,0.873297,0,0,1.37649,0.503194,1.028160,1,0,40.5155,0,0,0,40.5155,0
44.2548,1.83842,0,0,2.61051,0.310084,0.36288,3.6288,49.5389,0.423525,0,0,1.06347,0.107213,0,0.66528,12.849,1,0.534968,0.36288,0,45.7746,3.55394,42.0486,0.84672,12.849,0.84672,3695.15,0,18.483,0,0.693775,1.54011,7.57624,0.855724,8.9544,0.42336,18.483,0.42336,0,0,442.007,0,1.02816,0,0,1.72193,0.693775,1.028160,1,0,51.003,0,0,0,51.003,0
45.9104,1.84026,0,0,4.15271,0.293931,0.36288,3.6288,50.5589,0.423628,0,0,1.54242,0.0988023,0,0.66528,12.849,1,0.534304,0.36288,0,81.9107,3.50721,78.232,0.84672,12.849,0.84672,3695.15,0,18.483,0,1.14991,1.71056,11.4925,0.827331,13.5256,0.42336,18.483,0.42336,0,0,442.007,0,1.02816,0,0,2.17807,1.14991,1.028160,1,0,91.7577,0,0,0,91.7577,0
46.6863,1.86832,0,0,3.30657,0.299467,0.36288,3.6288,51.2524,0.423731,0,0,1.21692,0.0996315,0,0.66528,12.849,1,0.522889,0.36288,0,82.8049,3.50721,79.1377,0.84672,12.849,0.84672,3695.15,0,18.483,0,0.723989,1.71068,9.67257,0.827331,11.2799,0.42336,18.483,0.42336,0,0,442.007,0,1.02816,0,0,1.75215,0.723989,1.028160,1,0,90.4176,0,0,0,90.4176,0
47.6355,1.88113,0,0,3.49529,0.302062,0.36288,3.6288,52.3342,0.423834,0,0,1.60585,0.100195,0,0.66528,12.849,1,0.517725,0.36288,0,80.1204,3.50721,76.4584,0.84672,12.849,0.84672,3695.15,0,18.483,0,1.17825,1.7108,10.9244,0.827331,12.9861,0.42336,18.483,0.42336,0,0,442.007,0,1.02816,0,0,2.20641,1.17825,1.028160,1,0,89.4445,0,0,0,89.4445,0
49.0914,1.65606,0,0,3.73874,0.263901,0.36288,3.6288,53.1187,0.218914,0,0,1.19432,0.190992,0,0.66528,12.849,1,0.446697,0.36288,0,87.0788,3.98669,83.0083,0.84672,12.849,0.84672,3695.15,0,18.483,0,0.684089,1.71092,10.1379,1.1106,11.4223,0.42336,18.483,0.42336,0,0,442.007,0,1.02816,0,0,1.71225,0.684089,1.028160,1,0,94.4306,0,0,0,94.4306,0
52.5875,1.67589,0,0,5.80101,0.266204,0.36288,3.6288,55.5481,0.219002,0,0,2.85169,0.20328,0,0.66528,12.849,1,0.438642,0.36288,0,161.006,4.25004,156.68,0.84672,12.849,0.84672,3695.15,0,18.483,0,1.89937,1.47796,19.5246,1.07959,21.8223,0.42336,18.483,0.42336,0,0,442.007,0,1.02816,0,0,2.92753,1.89937,1.028160,1,0,178.502,0,0,0,178.502,0
55.4044,1.72057,0,0,5.18427,0.283819,0.36288,3.6288,58.4557,0.219091,0,0,3.30174,0.175034,0,0.66528,12.849,1,0.420398,0.36288,0,206.756,3.71238,202.986,0.84672,12.849,0.84672,3695.15,0,18.483,0,1.74131,1.47807,16.5829,0.921721,18.8806,0.42336,18.483,0.42336,0,0,442.007,0,1.02816,0,0,2.76947,1.74131,1.028160,1,0,221.867,0,0,0,221.867,0
58.8547,1.75399,0,0,5.85915,0.292048,0.36288,3.6288,61.308,0.219179,0,0,3.32421,0.178373,0.0743559,0.66528,12.849,1,0.406773,0.36288,0,162.126,3.71238,158.37,0.84672,12.849,0.84672,3695.15,0,18.483,0,2.99632,1.47817,19.2307,0.921721,22.7835,0.42336,18.483,0.42336,0,0,442.007,0,1.02816,0,0,4.02448,2.99632,1.028160,1,0,181.228,0,0,0,181.228,0
67.2507,1.79207,0,0,10.8531,0.302128,0.36288,3.6288,61.308,0.219267,0,0,6.13333,0.181648,5.73241,0.66528,12.849,1,0.391239,0.36288,0,176.39,3.71238,172.649,0.84672,12.849,0.84672,3695.15,0,18.483,0,3.8635,1.47828,27.4784,0.921721,31.8984,0.42336,18.483,0.42336,0,0,442.007,0,1.02816,0,0,4.89166,3.8635,1.028160,1,0,210.28,0,0,0,210.28,0
71.0804,1.9419,0,0,6.41369,0.279224,0.36288,3.6288,61.308,0.26953,0,0,6.18875,0.202788,5.71644,0.66528,12.849,1,0.371022,0.36288,0,124.016,4.25618,119.752,0.84672,12.849,0.84672,3695.15,0,18.483,0,3.47691,1.47838,18.4034,1.12032,22.2383,0.42336,18.483,0.42336,0,0,442.007,0,1.02816,0,0,4.50507,3.47691,1.028160,1,0,147.706,0,0,0,147.706,0
72.29,1.97588,0,0,4.53743,0.279643,1.07232,3.6288,61.308,0.269622,0,0,2.66566,0.219558,2.17648,0.66528,12.849,1,0.357173,1.07232,0,140.71,4.40758,137.018,0.84672,12.849,0.84672,3695.15,0,18.483,0,1.55014,1.53605,10.7683,1.17533,12.6792,0.42336,18.483,0.42336,0,0,442.007,0,1.02816,0,0,2.5783,1.55014,1.028160,1,0,151.873,0,0,0,151.873,0
72.29,1.98618,0,0,3.95029,0.282233,1.68188,3.6288,61.308,0.269714,0,0,2.01141,0.219558,1.52214,0.66528,12.849,1,0.353029,1.68188,0,96.457,4.40758,93.3782,0.84672,12.849,0.84672,3695.15,0,18.483,0,0.994706,1.53616,7.19755,1.17533,8.55309,0.42336,18.483,0.42336,0,0,442.007,0,1.02816,0,0,2.02287,0.994706,1.028160,1,0,103.453,0,0,0,103.453,0
72.29,1.98632,0,0,3.68062,0.232153,1.46215,3.6288,61.308,0.269806,0,0,1.77641,0.252433,1.25417,0.66528,12.849,1,0.353054,1.46215,0,103.645,5.05541,99.6983,0.84672,12.849,0.84672,3695.15,0,18.483,0,0.69889,1.53627,6.48086,1.29482,7.4212,0.42336,18.483,0.42336,0,0,442.007,0,1.02816,0,0,1.72705,0.69889,1.028160,1,0,108.374,0,0,0,108.374,0
72.29,1.95909,0,0,3.18804,0.21197,1.01698,3.6288,61.308,0.250405,0,0,1.57689,0.222572,1.10391,0.66528,12.849,1,0.348213,1.01698,0,80.3252,4.06897,76.925,0.84672,12.849,0.84672,3695.15,0,18.483,0,0.754488,1.53638,5.73973,1.1696,6.861,0.42336,18.483,0.42336,0,0,442.007,0,1.02816,0,0,1.78265,0.754488,1.028160,1,0,84.8899,0,0,0,84.8899,0
72.29,1.95923,0,0,2.92072,0.203094,0.758398,3.6288,61.308,0.250496,0,0,1.54996,0.196067,1.10339,0.66528,12.849,1,0.348238,0.758398,0,74.247,3.24817,71.409,0.84672,12.849,0.84672,3695.15,0,18.483,0,0.925543,1.51408,5.69299,1.06075,7.07186,0.42336,18.483,0.42336,0,0,442.007,0,1.02816,0,0,1.9537,0.925543,1.028160,1,0,79.5842,0,0,0,79.5842,0
72.29,1.95936,0,0,3.17586,0.203094,1.0134,3.6288,61.308,0.250586,0,0,1.336,0.196067,0.88935,0.66528,12.849,1,0.348262,1.0134,0,76.604,3.24817,74.0209,0.84672,12.849,0.84672,3695.15,0,18.483,0,0.641857,1.51418,6.97623,1.06075,8.07152,0.42336,18.483,0.42336,0,0,442.007,0,1.02816,0,0,1.67002,0.641857,1.028160,1,0,82.9818,0,0,0,82.9818,0
72.29,1.9595,0,0,2.86558,0.160519,0.745554,3.6288,61.308,0.250677,0,0,1.30782,0.216837,0.840305,0.66528,12.849,1,0.348287,0.745554,0,69.4695,4.88565,64.9811,0.84672,12.849,0.84672,3695.15,0,18.483,0,0.713742,1.51429,5.87154,1.12531,6.97426,0.42336,18.483,0.42336,0,0,442.007,0,1.02816,0,0,1.7419,0.713742,1.028160,1,0,72.7957,0,0,0,72.7957,0
72.2372,2.0526,0,0,2.46094,0.0983025,0.36288,3.6288,61.308,0.319913,0,0,1.19899,0.2417,0.637376,0.66528,12.849,1,0.364834,0.36288,0,45.6524,5.21783,40.4326,0.84672,12.849,0.84672,3695.15,0,18.483,0,0.523878,1.5144,5.22989,1.28381,5.98435,0.42336,18.483,0.42336,0,0,442.007,0,1.02816,0,0,1.55204,0.523878,1.028160,1,0,47.0543,0,0,0,47.0543,0
71.8555,2.05229,0,0,2.15805,0.124573,0.36288,3.6288,61.308,0.320009,0,0,0.919486,0.268067,0.33141,0.66528,12.849,1,0.365046,0.36288,0,44.3925,5.12243,39.2679,0.84672,12.849,0.84672,3695.15,0,18.483,0,0.417407,1.5929,4.35354,1.34745,5.0164,0.42336,18.483,0.42336,0,0,442.007,0,1.02816,0,0,1.44557,0.417407,1.028160,1,0,44.6157,0,0,0,44.6157,0
71.2449,2.04915,0,0,1.92565,0.124212,0.36288,3.6288,61.308,0.425452,0,0,0.858047,0.268067,0.164528,0.66528,12.849,1,0.366423,0.36288,0,40.9312,5.12243,35.8053,0.84672,12.849,0.84672,3695.15,0,18.483,0,0.402797,1.59301,3.91853,1.34745,4.56689,0.42336,18.483,0.42336,0,0,442.007,0,0.922813,0,0,1.32561,0.402797,1.028160,1,0,40.5367,0,0,0,40.5367,0
70.6032,2.04397,0,0,1.88885,0.123634,0.36288,3.6288,61.308,0.458699,0,0,0.794267,0.268067,0.0675002,0.66528,12.849,1,0.36863,0.36288,0,38.4337,5.12243,33.3056,0.84672,12.849,0.84672,3695.15,0,18.483,0,0.30119,1.59312,3.61648,1.34745,4.16334,0.42336,18.483,0.42336,0,0,442.007,0,0.889661,0,0,1.19085,0.30119,1.028160,1,0,37.5364,0,0,0,37.5364,0
69.7342,2.03846,0,0,1.64826,0.115921,0.36288,3.6288,61.236,0.537436,0,0,0.738262,0.272789,0,0.66528,12.849,1,0.370977,0.36288,0,34.3518,5.17597,29.1677,0.84672,12.849,0.84672,3695.15,0,18.483,0,0.30119,1.59324,3.49786,1.36113,4.03116,0.42336,18.483,0.42336,0,0,442.007,0,0.81102,0,0,1.11221,0.30119,1.028160,1,0,33.1989,0,0,0,33.1989,0
69.0497,2.01264,0,0,1.79764,0.106683,0.36288,3.6288,61.308,0.358408,0,0,0.908306,0.209244,0.268691,0.66528,12.849,1,0.370842,0.36288,0,42.2313,4.46561,37.7577,0.84672,12.849,0.84672,3695.15,0,18.483,0,0.975007,1.59335,4.89613,1.12971,6.33478,0.42336,18.483,0.42336,0,0,442.007,0,1.02816,0,0,2.00317,0.975007,1.028160,1,0,44.3612,0,0,0,44.3612,0
68.2394,2.00661,0,0,1.67095,0.111736,0.36288,3.6288,61.308,0.358506,0,0,0.905887,0.194042,0.353338,0.66528,12.849,1,0.373397,0.36288,0,43.0001,4.29366,38.6959,0.84672,12.849,0.84672,3695.15,0,18.483,0,1.03308,1.61789,4.90688,1.07746,6.48039,0.42336,18.483,0.42336,0,0,442.007,0,1.02816,0,0,2.06124,1.03308,1.028160,1,0,45.5296,0,0,0,45.5296,0
67.2922,1.99934,0,0,1.52141,0.106418,0.36288,3.6288,61.308,0.358605,0,0,0.856699,0.205011,0.293083,0.66528,12.849,1,0.376462,0.36288,0,37.8529,4.43481,33.4045,0.84672,12.849,0.84672,3695.15,0,18.483,0,0.836188,1.61801,4.76251,1.12898,6.08772,0.42336,18.483,0.42336,0,0,442.007,0,1.02816,0,0,1.86435,0.836188,1.028160,1,0,39.7853,0,0,0,39.7853,0
66.3049,1.99067,0,0,1.44443,0.0781501,0.36288,3.6288,61.308,0.358703,0,0,0.802535,0.270825,0.173007,0.66528,12.849,1,0.380105,0.36288,0,34.1404,5.28171,28.8415,0.84672,12.849,0.84672,3695.15,0,18.483,0,0.861728,1.61812,4.54141,1.43812,5.58314,0.42336,18.483,0.42336,0,0,442.007,0,1.02816,0,0,1.88989,0.861728,1.028160,1,0,34.5977,0,0,0,34.5977,0
65.241,2.02768,0,0,1.40857,0.0818916,0.36288,3.6288,61.308,0.392693,0,0,0.729778,0.287027,0.0500584,0.66528,12.849,1,0.392937,0.36288,0,32.9587,5.49276,27.4359,0.84672,12.849,0.84672,3695.15,0,18.483,0,0.846236,1.61824,4.0578,1.47879,5.04349,0.42336,18.483,0.42336,0,0,442.007,0,1.02816,0,0,1.8744,0.846236,1.028160,1,0,32.5295,0,0,0,32.5295,0
64.1448,2.01727,0,0,1.3709,0.08695,0.36288,3.6288,61.2382,0.392793,0,0,0.631587,0.308628,0,0.66528,12.849,1,0.397294,0.36288,0,31.608,5.77416,25.7994,0.84672,12.849,0.84672,3695.15,0,18.483,0,0.698872,1.6573,3.50696,1.53302,4.33011,0.42336,18.483,0.42336,0,0,442.007,0,1.02816,0,0,1.72703,0.698872,1.028160,1,0,30.1295,0,0,0,30.1295,0
62.9429,2.00629,0,0,1.2534,0.0861859,0.36288,3.6288,61.1469,0.392894,0,0,0.6101,0.308492,0,0.66528,12.849,1,0.401884,0.36288,0,29.6832,5.77416,23.8701,0.84672,12.849,0.84672,3695.15,0,18.483,0,0.563095,1.65742,3.3414,1.53302,4.02889,0.42336,18.483,0.42336,0,0,442.007,0,1.02816,0,0,1.59125,0.563095,1.028160,1,0,27.899,0,0,0,27.899,0
61.5915,1.99393,0,0,1.07557,0.0701095,0.36288,3.6288,61.0468,0.392995,0,0,0.607604,0.314669,0,0.66528,12.849,1,0.407036,0.36288,0,28.3138,6.03347,22.2362,0.84672,12.849,0.84672,3695.15,0,18.483,0,0.547517,1.65753,3.3202,1.5483,3.97695,0.42336,18.483,0.42336,0,0,442.007,0,1.02816,0,0,1.57568,0.547517,1.028160,1,0,26.2131,0,0,0,26.2131,0
59.9694,2.11185,0,0,0.931565,0.0789473,0.36288,3.6288,60.8016,0.51546,0,0,0.573394,0.303199,0,0.66528,12.849,1,0.440566,0.36288,0,26.2691,5.89659,20.2949,0.84672,12.849,0.84672,3695.15,0,18.483,0,0.504835,1.65765,3.192,1.42961,3.92488,0.42336,18.483,0.42336,0,0,442.007,0,1.02816,0,0,1.533,0.504835,1.028160,1,0,24.2197,0,0,0,24.2197,0
58.5164,2.09291,0,0,1.1044,0.101572,0.36288,3.6288,60.5029,0.515569,0,0,0.543854,0.326929,0,0.66528,12.849,1,0.448426,0.36288,0,27.6387,6.14838,21.4047,0.84672,12.849,0.84672,3695.15,0,18.483,0,0.642963,1.78969,3.40284,1.61581,4.21968,0.42336,18.483,0.42336,0,0,442.007,0,1.02816,0,0,1.67112,0.642963,1.028160,1,0,25.6244,0,0,0,25.6244,0
57.1901,2.07538,0,0,1.21203,0.10016,0.36288,3.6288,60.3325,0.515678,0,0,0.671574,0.32631,0,0.66528,12.849,1,0.45571,0.36288,0,35.5455,6.14838,29.3043,0.84672,12.849,0.84672,3695.15,0,18.483,0,1.04807,1.78981,3.7121,1.61581,4.93417,0.42336,18.483,0.42336,0,0,442.007,0,1.02816,0,0,2.07623,1.04807,1.028160,1,0,34.2384,0,0,0,34.2384,0
55.6431,2.05887,0,0,0.973693,0.0988712,0.36288,3.6288,59.9765,0.515788,0,0,0.485746,0.325957,0,0.66528,12.849,1,0.462571,0.36288,0,34.7337,6.14838,28.4856,0.84672,12.849,0.84672,3695.15,0,18.483,0,0.413251,1.78994,2.97997,1.61581,3.56735,0.42336,18.483,0.42336,0,0,442.007,0,1.02816,0,0,1.44141,0.413251,1.028160,1,0,32.0529,0,0,0,32.0529,0
54.3565,2.03895,0,0,1.21262,0.0973681,0.36288,3.6288,59.9656,0.515897,0,0,0.830226,0.325219,0,0.66528,12.849,1,0.470831,0.36288,0,31.7226,6.14838,25.4663,0.84672,12.849,0.84672,3695.15,0,18.483,0,1.69846,1.79007,4.60768,1.61581,6.4804,0.42336,18.483,0.42336,0,0,442.007,0,1.02816,0,0,2.72662,1.69846,1.028160,1,0,31.9467,0,0,0,31.9467,0
52.9136,1.96017,0,0,1.01828,0.138137,0.36288,3.6288,59.8391,0.44171,0,0,0.572774,0.257573,0,0.66528,12.849,1,0.463352,0.36288,0,26.1032,4.91931,21.0834,0.84672,12.849,0.84672,3695.15,0,18.483,0,0.84361,1.79019,3.70258,1.397,4.93938,0.42336,18.483,0.42336,0,0,442.007,0,1.02816,0,0,1.87177,0.84361,1.028160,1,0,26.0228,0,0,0,26.0228,0
51.4151,1.94096,0,0,0.956465,0.151185,0.36288,3.6288,59.9752,0.441814,0,0,0.817788,0.239901,0,0.66528,12.849,1,0.471321,0.36288,0,21.6458,4.68646,16.8509,0.84672,12.849,0.84672,3695.15,0,18.483,0,2.11187,1.7147,4.0058,1.41021,6.42215,0.42336,18.483,0.42336,0,0,442.007,0,1.02816,0,0,3.14003,2.11187,1.028160,1,0,23.273,0,0,0,23.273,0
49.827,1.92028,0,0,0.843947,0.148861,0.36288,3.6288,59.7678,0.441919,0,0,0.474612,0.240109,0,0.66528,12.849,1,0.479891,0.36288,0,22.1718,4.68646,17.3683,0.84672,12.849,0.84672,3695.15,0,18.483,0,0.943203,1.71482,3.07684,1.41021,4.32465,0.42336,18.483,0.42336,0,0,442.007,0,1.02816,0,0,1.97136,0.943203,1.028160,1,0,21.693,0,0,0,21.693,0
48.1176,1.89751,0,0,0.697395,0.146398,0.36288,3.6288,59.5041,0.442023,0,0,0.418125,0.239792,0,0.66528,12.849,1,0.489316,0.36288,0,20.4712,4.68646,15.6583,0.84672,12.849,0.84672,3695.15,0,18.483,0,0.724732,1.71494,2.84939,1.41021,3.87885,0.42336,18.483,0.42336,0,0,442.007,0,1.02816,0,0,1.75289,0.724732,1.028160,1,0,19.5371,0,0,0,19.5371,0
46.8117,1.82362,0,0,1.09099,0.210384,0.36288,3.6288,59.4571,0.374479,0,0,0.518372,0.190909,0,0.66528,12.849,1,0.486966,0.36288,0,26.1742,4.05166,21.9984,0.84672,12.849,0.84672,3695.15,0,18.483,0,0.701438,1.71506,3.2967,1.09464,4.61855,0.42336,18.483,0.42336,0,0,442.007,0,1.02816,0,0,1.7296,0.701438,1.028160,1,0,26.617,0,0,0,26.617,0
45.2454,1.8039,0,0,0.808963,0.208474,0.36288,3.6288,58.718,0.82747,0,0,0.315427,0.22702,0,0.66528,12.849,1,0.495139,0.36288,0,23.7157,4.64478,18.9386,0.84672,12.849,0.84672,3695.15,0,18.483,0,0.216518,1.64795,2.74254,0.987146,3.61987,0.42336,18.483,0.42336,0,0,442.007,0,0.575269,0,0,0.791787,0.216518,1.028160,1,0,22.5585,0,0,0,22.5585,0
43.8426,1.77933,0,0,0.944257,0.204864,0.36288,3.6288,58.7359,0.374678,0,0,0.618548,0.225947,0,0.66528,12.849,1,0.505303,0.36288,0,27.6049,4.64478,22.8177,0.84672,12.849,0.84672,3695.15,0,18.483,0,0.803036,1.64807,4.3544,0.987146,5.81836,0.42336,18.483,0.42336,0,0,442.007,0,1.02816,0,0,1.8312,0.803036,1.028160,1,0,28.636,0,0,0,28.636,0
44.0416,1.75646,0,0,2.51999,0.20163,0.36288,3.6288,59.6499,0.374778,0,0,1.51478,0.225973,0,0.66528,12.849,1,0.514768,0.36288,0,81.1286,4.64478,76.332,0.84672,12.849,0.84672,3695.15,0,18.483,0,2.39801,1.64819,8.22094,0.987146,11.28,0.42336,18.483,0.42336,0,0,442.007,0,1.02816,0,0,3.42617,2.39801,1.028160,1,0,87.612,0,0,0,87.612,0
43.2795,1.62736,0,0,1.46593,0.237771,0.36288,3.6288,60.1429,0.233947,0,0,0.922579,0.195687,0,0.66528,12.849,1,0.474777,0.36288,0,45.2304,4.16925,40.9493,0.84672,12.849,0.84672,3695.15,0,18.483,0,0.544985,1.6483,4.95579,0.822309,6.32677,0.42336,18.483,0.42336,0,0,442.007,0,1.02816,0,0,1.57315,0.544985,1.028160,1,0,47.276,0,0,0,47.276,0
42.7362,1.61565,0,0,1.67265,0.237464,0.36288,3.6288,60.9088,0.234036,0,0,1.20963,0.209695,0,0.66528,12.849,1,0.479661,0.36288,0,104.29,4.44223,99.731,0.84672,12.849,0.84672,3695.15,0,18.483,0,1.40804,1.49703,6.36479,1.12846,8.14141,0.42336,18.483,0.42336,0,0,442.007,0,1.02816,0,0,2.4362,1.40804,1.028160,1,0,107.872,0,0,0,107.872,0
43.1243,1.60718,0,0,2.59412,0.235979,0.36288,3.6288,61.308,0.234126,0,0,1.53128,0.210718,0.687225,0.66528,12.849,1,0.483214,0.36288,0,90.015,4.44223,85.4524,0.84672,12.849,0.84672,3695.15,0,18.483,0,2.46714,1.49714,7.43988,1.12846,10.2757,0.42336,18.483,0.42336,0,0,442.007,0,1.02816,0,0,3.4953,2.46714,1.028160,1,0,96.4153,0,0,0,96.4153,0
44.0901,1.61344,0,0,3.17915,0.23704,0.36288,3.6288,61.308,0.234215,0,0,1.46278,0.211251,1.01731,0.66528,12.849,1,0.480729,0.36288,0,114.049,4.44223,109.489,0.84672,12.849,0.84672,3695.15,0,18.483,0,2.32934,1.49724,7.64873,1.12846,10.3469,0.42336,18.483,0.42336,0,0,442.007,0,1.02816,0,0,3.3575,2.32934,1.028160,1,0,120.853,0,0,0,120.853,0
46.3194,1.62857,0,0,4.47377,0.252997,0.36288,3.6288,61.308,0.234305,0,0,2.09186,0.198249,1.6593,0.66528,12.849,1,0.474607,0.36288,0,118.924,3.58308,115.229,0.84672,12.849,0.84672,3695.15,0,18.483,0,2.01444,1.49735,9.28964,1.06917,11.7323,0.42336,18.483,0.42336,0,0,442.007,0,1.02816,0,0,3.0426,2.01444,1.028160,1,0,128.62,0,0,0,128.62,0
47.475,1.66179,0,0,3.4348,0.254483,0.36288,3.6288,61.308,0.234305,0,0,2.66071,0.162123,2.26429,0.66528,12.849,1,0.460981,0.36288,0,124.347,3.07747,121.171,0.84672,12.849,0.84672,3695.15,0,18.483,0,2.56748,1.49746,12.9803,0.912405,16.1328,0.42336,18.483,0.42336,0,0,442.007,0,1.02816,0,0,3.59564,2.56748,1.028160,1,0,139.568,0,0,0,139.568,0
47.0831,1.73097,0,0,1.94542,0.243549,0.36288,3.6288,61.308,0.275216,0,0,2.30341,0.13947,1.88872,0.66528,12.849,1,0.468484,0.36288,0,68.4695,2.82975,65.5341,0.84672,12.849,0.84672,3695.15,0,18.483,0,2.07189,1.49746,9.0345,0.784375,11.8195,0.42336,18.483,0.42336,0,0,442.007,0,1.02816,0,0,3.10005,2.07189,1.028160,1,0,79.2423,0,0,0,79.2423,0
46.6153,1.72538,0,0,1.86304,0.242502,0.36288,3.6288,61.308,0.275302,0,0,1.99682,0.13947,1.58204,0.66528,12.849,1,0.470856,0.36288,0,50.3926,2.82975,47.4549,0.84672,12.849,0.84672,3695.15,0,18.483,0,1.58355,1.54546,8.20705,0.784375,10.5517,0.42336,18.483,0.42336,0,0,442.007,0,1.02816,0,0,2.61171,1.58355,1.028160,1,0,59.5886,0,0,0,59.5886,0
46.6283,1.7186,0,0,2.35218,0.257749,0.36288,3.6288,61.308,0.275387,0,0,2.32858,0.129563,1.92363,0.66528,12.849,1,0.473713,0.36288,0,84.2011,2.97699,81.1133,0.84672,12.849,0.84672,3695.15,0,18.483,0,2.03793,1.54556,9.94084,0.751849,12.7725,0.42336,18.483,0.42336,0,0,442.007,0,1.02816,0,0,3.06609,2.03793,1.028160,1,0,95.8094,0,0,0,95.8094,0
46.7713,1.7189,0,0,2.47883,0.25403,0.36288,3.6288,61.308,0.275473,0,0,2.19687,0.157484,1.76391,0.66528,12.849,1,0.473665,0.36288,0,75.4361,3.05439,72.2709,0.84672,12.849,0.84672,3695.15,0,18.483,0,1.67413,1.54566,9.67248,0.934335,11.9579,0.42336,18.483,0.42336,0,0,442.007,0,1.02816,0,0,2.70229,1.67413,1.028160,1,0,85.9928,0,0,0,85.9928,0
48.1636,1.88901,0,0,3.88133,0.237147,0.36288,3.6288,61.308,0.428848,0,0,2.68151,0.158243,2.09442,0.66528,12.849,1,0.518947,0.36288,0,108.409,3.17373,105.079,0.84672,12.849,0.84672,3695.15,0,18.483,0,1.94984,1.54576,15.5853,0.904277,18.1766,0.42336,18.483,0.42336,0,0,442.007,0,1.02816,0,0,2.978,1.94984,1.028160,1,0,125.35,0,0,0,125.35,0
49.7789,1.91129,0,0,4.13027,0.240799,0.36288,3.6288,61.308,0.428943,0,0,2.65358,0.158243,2.06639,0.66528,12.849,1,0.509892,0.36288,0,95.0789,3.17373,91.7581,0.84672,12.849,0.84672,3695.15,0,18.483,0,1.95972,1.71683,10.7684,0.904277,13.5407,0.42336,18.483,0.42336,0,0,442.007,0,1.02816,0,0,2.98788,1.95972,1.028160,1,0,107.365,0,0,0,107.365,0
51.0276,1.93618,0,0,3.79276,0.245029,0.36288,3.6288,61.308,0.429039,0,0,2.56036,0.158243,1.97308,0.66528,12.849,1,0.49977,0.36288,0,93.7138,3.17373,90.4031,0.84672,12.849,0.84672,3695.15,0,18.483,0,1.8088,1.71694,9.97713,0.904277,12.5986,0.42336,18.483,0.42336,0,0,442.007,0,1.02816,0,0,2.83696,1.8088,1.028160,1,0,104.975,0,0,0,104.975,0
52.186,1.95479,0,0,3.71477,0.238634,0.36288,3.6288,61.308,0.429134,0,0,2.6869,0.185575,2.07219,0.66528,12.849,1,0.492225,0.36288,0,95.1938,3.99494,91.0695,0.84672,12.849,0.84672,3695.15,0,18.483,0,1.90666,1.71705,10.1968,1.18167,12.6388,0.42336,18.483,0.42336,0,0,442.007,0,1.02816,0,0,2.93482,1.90666,1.028160,1,0,105.781,0,0,0,105.781,0
54.0054,1.72166,0,0,4.17849,0.274569,0.36288,3.6288,61.308,0.22346,0,0,2.50803,0.19409,2.09048,0.66528,12.849,1,0.423898,0.36288,0,145.568,3.44726,142.06,0.84672,12.849,0.84672,3695.15,0,18.483,0,2.07954,1.71717,10.4484,1.01885,13.2263,0.42336,18.483,0.42336,0,0,442.007,0,1.02816,0,0,3.1077,2.07954,1.028160,1,0,157.377,0,0,0,157.377,0
56.2151,1.74381,0,0,4.59614,0.279732,0.36288,3.6288,61.308,0.223542,0,0,2.34343,0.19409,1.9258,0.66528,12.849,1,0.414888,0.36288,0,148.287,3.44726,144.787,0.84672,12.849,0.84672,3695.15,0,18.483,0,2.27988,1.48335,9.774,1.01885,12.5184,0.42336,18.483,0.42336,0,0,442.007,0,1.02816,0,0,3.30804,2.27988,1.028160,1,0,159.231,0,0,0,159.231,0
59.1077,1.76946,0,0,5.31089,0.286003,0.36288,3.6288,61.308,0.223624,0,0,3.5642,0.19409,3.14648,0.66528,12.849,1,0.404443,0.36288,0,185.23,3.44726,181.741,0.84672,12.849,0.84672,3695.15,0,18.483,0,2.67601,1.48345,14.8008,1.01885,17.9414,0.42336,18.483,0.42336,0,0,442.007,0,1.02816,0,0,3.70417,2.67601,1.028160,1,0,202.829,0,0,0,202.829,0
61.2402,1.80112,0,0,4.56446,0.267978,0.36288,3.6288,61.308,0.223706,0,0,2.57245,0.235305,2.11344,0.66528,12.849,1,0.391533,0.36288,0,104.084,4.6263,99.4294,0.84672,12.849,0.84672,3695.15,0,18.483,0,1.96993,1.48354,10.0156,1.18739,12.2817,0.42336,18.483,0.42336,0,0,442.007,0,1.02816,0,0,2.99809,1.96993,1.028160,1,0,113.824,0,0,0,113.824,0
65.0861,1.82323,0,0,6.30018,0.26813,0.36288,3.6288,61.308,0.223788,0,0,4.35038,0.210832,3.91576,0.66528,12.849,1,0.382539,0.36288,0,212.929,4.6827,208.227,0.84672,12.849,0.84672,3695.15,0,18.483,0,3.91302,1.48364,16.115,1.17606,20.3356,0.42336,18.483,0.42336,0,0,442.007,0,1.02816,0,0,4.94118,3.91302,1.028160,1,0,232.478,0,0,0,232.478,0
68.9449,1.92855,0,0,6.4248,0.274581,0.36288,3.6288,61.308,0.274226,0,0,3.56045,0.201042,3.08518,0.66528,12.849,1,0.380725,0.36288,0,162.867,4.70526,158.143,0.84672,12.849,0.84672,3695.15,0,18.483,0,3.47553,1.48374,14.8831,1.17152,18.6708,0.42336,18.483,0.42336,0,0,442.007,0,1.02816,0,0,4.50369,3.47553,1.028160,1,0,179.9,0,0,0,179.9,0
70.553,1.9644,0,0,4.21851,0.283086,0.36288,3.6288,61.308,0.274311,0,0,2.66736,0.201042,2.192,0.66528,12.849,1,0.366098,0.36288,0,104.744,4.70526,100.035,0.84672,12.849,0.84672,3695.15,0,18.483,0,2.51098,1.54161,11.3117,1.17152,14.1927,0.42336,18.483,0.42336,0,0,442.007,0,1.02816,0,0,3.53914,2.51098,1.028160,1,0,116.42,0,0,0,116.42,0
71.5624,1.97862,0,0,3.63747,0.28663,0.36288,3.6288,61.308,0.274397,0,0,2.44884,0.201042,1.9734,0.66528,12.849,1,0.360343,0.36288,0,89.7031,4.70526,85.0003,0.84672,12.849,0.84672,3695.15,0,18.483,0,2.52898,1.54171,10.2249,1.17152,13.1241,0.42336,18.483,0.42336,0,0,442.007,0,1.02816,0,0,3.55714,2.52898,1.028160,1,0,100.098,0,0,0,100.098,0
72.127,1.98737,0,0,3.18514,0.270289,0.36288,3.6288,61.308,0.274482,0,0,2.05287,0.19532,1.58307,0.66528,12.849,1,0.356832,0.36288,0,77.9052,4.13417,73.777,0.84672,12.849,0.84672,3695.15,0,18.483,0,2.06601,1.54182,8.40629,1.12566,10.8885,0.42336,18.483,0.42336,0,0,442.007,0,1.02816,0,0,3.09417,2.06601,1.028160,1,0,86.2486,0,0,0,86.2486,0
72.29,1.96479,0,0,2.74223,0.246594,0.367814,3.6288,61.308,0.255005,0,0,1.94527,0.18769,1.50258,0.66528,12.849,1,0.350016,0.367814,0,71.4355,3.3727,68.0806,0.84672,12.849,0.84672,3695.15,0,18.483,0,2.14385,1.54192,6.48838,1.0645,9.10965,0.42336,18.483,0.42336,0,0,442.007,0,1.02816,0,0,3.17201,2.14385,1.028160,1,0,78.6928,0,0,0,78.6928,0
72.29,1.96626,0,0,2.86408,0.246899,0.65092,3.6288,61.308,0.255089,0,0,1.66629,0.18769,1.22351,0.66528,12.849,1,0.349488,0.65092,0,70.8471,3.3727,67.7759,0.84672,12.849,0.84672,3695.15,0,18.483,0,1.60553,1.51952,7.61329,1.0645,9.67384,0.42336,18.483,0.42336,0,0,442.007,0,1.02816,0,0,2.63369,1.60553,1.028160,1,0,78.6732,0,0,0,78.6732,0
72.29,1.96639,0,0,2.79888,0.210406,0.622077,3.6288,61.308,0.255173,0,0,1.6249,0.205493,1.16423,0.66528,12.849,1,0.349511,0.622077,0,70.4385,4.77626,65.9348,0.84672,12.849,0.84672,3695.15,0,18.483,0,1.72329,1.51962,6.87822,1.11983,9.0013,0.42336,18.483,0.42336,0,0,442.007,0,1.02816,0,0,2.75145,1.72329,1.028160,1,0,76.1003,0,0,0,76.1003,0
72.1118,1.96652,0,0,2.29846,0.147238,0.36288,3.6288,61.308,0.255257,0,0,1.54721,0.226005,1.06595,0.66528,12.849,1,0.349534,0.36288,0,44.0777,5.30853,38.7825,0.84672,12.849,0.84672,3695.15,0,18.483,0,1.48953,1.51972,6.01972,1.25582,7.77315,0.42336,18.483,0.42336,0,0,442.007,0,1.02816,0,0,2.51769,1.48953,1.028160,1,0,47.6216,0,0,0,47.6216,0
71.7961,2.0584,0,0,2.25395,0.148385,0.36288,3.6288,61.308,0.324734,0,0,1.34173,0.241191,0.775806,0.66528,12.849,1,0.36677,0.36288,0,65.0497,4.70998,60.3358,0.84672,12.849,0.84672,3695.15,0,18.483,0,1.32316,1.51982,5.72854,1.1925,7.37901,0.42336,18.483,0.42336,0,0,442.007,0,1.02816,0,0,2.35132,1.32316,1.028160,1,0,68.4906,0,0,0,68.4906,0
71.3689,2.0558,0,0,2.13951,0.148029,0.36288,3.6288,61.308,0.324823,0,0,1.22455,0.241191,0.658533,0.66528,12.849,1,0.367917,0.36288,0,58.9493,4.70998,54.2343,0.84672,12.849,0.84672,3695.15,0,18.483,0,1.06917,1.59859,5.37684,1.1925,6.85211,0.42336,18.483,0.42336,0,0,442.007,0,1.02816,0,0,2.09733,1.06917,1.028160,1,0,61.745,0,0,0,61.745,0
70.7815,2.0522,0,0,1.93952,0.111808,0.36288,3.6288,61.308,0.324912,0,0,1.16898,0.264799,0.579272,0.66528,12.849,1,0.369471,0.36288,0,51.9774,4.97774,46.993,0.84672,12.849,0.84672,3695.15,0,18.483,0,1.00064,1.5987,5.23714,1.26091,6.57558,0.42336,18.483,0.42336,0,0,442.007,0,1.02816,0,0,2.0288,1.00064,1.028160,1,0,54.1479,0,0,0,54.1479,0
70.1072,2.04716,0,0,1.83278,0.097075,0.36288,3.6288,61.308,0.325001,0,0,1.11668,0.274243,0.517434,0.66528,12.849,1,0.371621,0.36288,0,50.3065,5.08483,45.2129,0.84672,12.849,0.84672,3695.15,0,18.483,0,0.863257,1.5988,5.2226,1.28827,6.39639,0.42336,18.483,0.42336,0,0,442.007,0,1.02816,0,0,1.89142,0.863257,1.028160,1,0,52.1267,0,0,0,52.1267,0
69.3746,2.04127,0,0,1.75876,0.0871727,0.36288,3.6288,61.308,0.325089,0,0,0.823867,0.302128,0.19665,0.66528,12.849,1,0.374116,0.36288,0,41.4538,5.57023,35.8723,0.84672,12.849,0.84672,3695.15,0,18.483,0,0.583477,1.59891,4.46689,1.40392,5.24535,0.42336,18.483,0.42336,0,0,442.007,0,1.02816,0,0,1.61164,0.583477,1.028160,1,0,41.3143,0,0,0,41.3143,0
68.522,2.01654,0,0,1.60976,0.0829413,0.36288,3.6288,61.3078,0.36333,0,0,0.676443,0.313282,0,0.66528,12.849,1,0.373487,0.36288,0,34.2175,5.7644,28.4425,0.84672,12.849,0.84672,3695.15,0,18.483,0,0.367451,1.59901,3.62098,1.45018,4.13726,0.42336,18.483,0.42336,0,0,442.007,0,1.02816,0,0,1.39561,0.367451,1.028160,1,0,32.5798,0,0,0,32.5798,0
67.5546,2.00889,0,0,1.4867,0.0823926,0.36288,3.6288,61.2767,0.363421,0,0,0.645564,0.313282,0,0.66528,12.849,1,0.376701,0.36288,0,31.0166,5.7644,25.2384,0.84672,12.849,0.84672,3695.15,0,18.483,0,0.29001,1.62364,3.60611,1.45018,4.06958,0.42336,18.483,0.42336,0,0,442.007,0,1.02816,0,0,1.31817,0.29001,1.028160,1,0,29.308,0,0,0,29.308,0
66.5488,2.00004,0,0,1.43888,0.08177,0.36288,3.6288,61.09,0.481656,0,0,0.608225,0.31322,0,0.66528,12.849,1,0.380411,0.36288,0,28.0475,5.7644,22.2656,0.84672,12.849,0.84672,3695.15,0,18.483,0,0.261274,1.62374,3.51939,1.45018,3.95423,0.42336,18.483,0.42336,0,0,442.007,0,0.910017,0,0,1.17129,0.261274,1.028160,1,0,26.2198,0,0,0,26.2198,0
65.425,1.99064,0,0,1.29781,0.0680063,0.36288,3.6288,60.7292,0.58344,0,0,0.547107,0.324547,0,0.66528,12.849,1,0.384345,0.36288,0,24.4742,5.95236,18.5004,0.84672,12.849,0.84672,3695.15,0,18.483,0,0.261274,1.62385,3.24559,1.49782,3.63289,0.42336,18.483,0.42336,0,0,442.007,0,0.808324,0,0,1.0696,0.261274,1.028160,1,0,22.1332,0,0,0,22.1332,0
64.1959,2.02609,0,0,1.21198,0.0521262,0.36288,3.6288,60.4339,0.554902,0,0,0.597103,0.337489,0,0.66528,12.849,1,0.397909,0.36288,0,27.0113,6.2894,20.6869,0.84672,12.849,0.84672,3695.15,0,18.483,0,0.261274,1.62396,3.02792,1.53821,3.37494,0.42336,18.483,0.42336,0,0,442.007,0,0.870964,0,0,1.13224,0.261274,1.028160,1,0,24.0618,0,0,0,24.0618,0
62.8962,2.01374,0,0,1.1285,0.0516133,0.36288,3.6288,60.1517,0.463325,0,0,0.518028,0.336857,0,0.66528,12.849,1,0.403055,0.36288,0,22.8712,6.2894,16.5416,0.84672,12.849,0.84672,3695.15,0,18.483,0,0.261274,1.66315,3.05584,1.53821,3.44205,0.42336,18.483,0.42336,0,0,442.007,0,0.962634,0,0,1.22391,0.261274,1.028160,1,0,19.9837,0,0,0,19.9837,0
61.5253,2.00031,0,0,1.04337,0.051071,0.36288,3.6288,59.7174,0.578486,0,0,0.480397,0.336253,0,0.66528,12.849,1,0.408642,0.36288,0,21.9313,6.2894,15.5962,0.84672,12.849,0.84672,3695.15,0,18.483,0,0.227405,1.66326,2.65703,1.53821,3.00948,0.42336,18.483,0.42336,0,0,442.007,0,0.847567,0,0,1.07497,0.227405,1.028160,1,0,18.6057,0,0,0,18.6057,0
60.1972,1.98573,0,0,1.06655,0.0459985,0.36288,3.6288,59.4794,0.43354,0,0,0.533494,0.337887,0,0.66528,12.849,1,0.414702,0.36288,0,20.859,6.36417,14.443,0.84672,12.849,0.84672,3695.15,0,18.483,0,0.227405,1.66336,3.28654,1.55315,3.62415,0.42336,18.483,0.42336,0,0,442.007,0,0.992606,0,0,1.22001,0.227405,1.028160,1,0,18.0672,0,0,0,18.0672,0
58.398,2.10283,0,0,0.705154,0.0387064,0.36288,3.6288,58.7275,0.843845,0,0,0.420968,0.329028,0,0.66528,12.849,1,0.448846,0.36288,0,16.8378,6.27813,10.4737,0.84672,12.849,0.84672,3695.15,0,18.483,0,0.227405,1.66347,2.43803,1.45285,2.87606,0.42336,18.483,0.42336,0,0,442.007,0,0.705188,0,0,0.932593,0.227405,1.028160,1,0,13.3498,0,0,0,13.3498,0
56.4826,2.08102,0,0,0.569795,0.041305,0.36288,3.6288,57.8097,0.955464,0,0,0.361112,0.323514,0,0.66528,12.849,1,0.457877,0.36288,0,14.2526,6.18901,7.96862,0.84672,12.849,0.84672,3695.15,0,18.483,0,0.227405,1.79596,2.11449,1.42119,2.71667,0.42336,18.483,0.42336,0,0,442.007,0,0.593672,0,0,0.821076,0.227405,1.028160,1,0,10.6853,0,0,0,10.6853,0
54.7043,2.05681,0,0,0.681973,0.0405366,0.36288,3.6288,57.0141,0.861942,0,0,0.387929,0.321606,0,0.66528,12.849,1,0.467895,0.36288,0,14.7506,6.18901,8.45652,0.84672,12.849,0.84672,3695.15,0,18.483,0,0.204422,1.79608,2.31935,1.42119,2.89866,0.42336,18.483,0.42336,0,0,442.007,0,0.687295,0,0,0.891717,0.204422,1.028160,1,0,11.3552,0,0,0,11.3552,0
53.4125,2.03336,0,0,1.16613,0.0617249,0.36288,3.6288,56.4825,0.715095,0,0,0.498259,0.314734,0,0.66528,12.849,1,0.477597,0.36288,0,24.5136,6.04059,18.3583,0.84672,12.849,0.84672,3695.15,0,18.483,0,0.204422,1.7962,2.56732,1.40299,3.16496,0.42336,18.483,0.42336,0,0,442.007,0,0.834244,0,0,1.03867,0.204422,1.028160,1,0,21.5232,0,0,0,21.5232,0
53.0418,2.01574,0,0,2.05372,0.0457537,0.36288,3.6288,56.6996,0.52128,0,0,1.0131,0.274735,0,0.66528,12.849,1,0.484909,0.36288,0,37.0956,5.88243,31.0911,0.84672,12.849,0.84672,3695.15,0,18.483,0,1.4105,1.79632,5.8523,1.38369,7.67542,0.42336,18.483,0.42336,0,0,442.007,0,1.02816,0,0,2.43866,1.4105,1.028160,1,0,38.7665,0,0,0,38.7665,0
51.7102,1.94933,0,0,1.01932,0.0387221,0.36288,3.6288,56.6521,0.446827,0,0,0.651543,0.252224,0,0.66528,12.849,1,0.47221,0.36288,0,51.3896,5.60784,45.6724,0.84672,12.849,0.84672,3695.15,0,18.483,0,0.816454,1.79644,3.87679,1.37739,5.11229,0.42336,18.483,0.42336,0,0,442.007,0,1.02816,0,0,1.84461,0.816454,1.028160,1,0,50.7847,0,0,0,50.7847,0
50.3239,1.93099,0,0,0.945708,0.0381939,0.36288,3.6288,56.6144,0.446923,0,0,0.661402,0.252146,0,0.66528,12.849,1,0.479813,0.36288,0,30.5237,5.60784,24.799,0.84672,12.849,0.84672,3695.15,0,18.483,0,0.389768,1.72066,2.92966,1.37739,3.6627,0.42336,18.483,0.42336,0,0,442.007,0,1.02816,0,0,1.41793,0.389768,1.028160,1,0,28.4617,0,0,0,28.4617,0
50.4371,1.91125,0,0,2.5024,0.115036,0.36288,3.6288,57.0942,0.44702,0,0,1.18742,0.260582,0,0.66528,12.849,1,0.487992,0.36288,0,45.4971,5.05039,40.3216,0.84672,12.849,0.84672,3695.15,0,18.483,0,2.57772,1.72078,8.55846,1.25369,11.6033,0.42336,18.483,0.42336,0,0,442.007,0,1.02816,0,0,3.60588,2.57772,1.028160,1,0,51.9249,0,0,0,51.9249,0
49.7558,1.91302,0,0,1.73417,0.139627,0.36288,3.6288,57.2642,0.447117,0,0,0.877205,0.260147,0,0.66528,12.849,1,0.487348,0.36288,0,69.3408,4.79484,64.4214,0.84672,12.849,0.84672,3695.15,0,18.483,0,0.867395,1.72089,4.84434,1.17596,6.25667,0.42336,18.483,0.42336,0,0,442.007,0,1.02816,0,0,1.89556,0.867395,1.028160,1,0,70.6781,0,0,0,70.6781,0
48.7786,1.854,0,0,1.40463,0.164946,0.36288,3.6288,57.2035,0.379332,0,0,0.506567,0.187923,0,0.66528,12.849,1,0.478779,0.36288,0,44.3314,3.87513,40.3404,0.84672,12.849,0.84672,3695.15,0,18.483,0,0.407243,1.721,3.29853,0.98106,4.44571,0.42336,18.483,0.42336,0,0,442.007,0,1.02816,0,0,1.4354,0.407243,1.028160,1,0,44.7861,0,0,0,44.7861,0
49.1716,1.83988,0,0,2.75901,0.163225,0.36288,3.6288,57.5187,0.379424,0,0,0.882474,0.187849,0,0.66528,12.849,1,0.484651,0.36288,0,64.9006,3.87513,60.9037,0.84672,12.849,0.84672,3695.15,0,18.483,0,0.728257,1.65366,5.65313,0.98106,7.05398,0.42336,18.483,0.42336,0,0,442.007,0,1.02816,0,0,1.75642,0.728257,1.028160,1,0,67.9576,0,0,0,67.9576,0
50.0414,1.84577,0,0,3.24233,0.163919,0.36288,3.6288,58.4076,0.379517,0,0,1.45669,0.188233,0,0.66528,12.849,1,0.482317,0.36288,0,70.2592,3.87513,66.2646,0.84672,12.849,0.84672,3695.15,0,18.483,0,2.25318,1.65376,6.87053,0.98106,9.79641,0.42336,18.483,0.42336,0,0,442.007,0,1.02816,0,0,3.28134,2.25318,1.028160,1,0,76.061,0,0,0,76.061,0
49.9755,1.85846,0,0,2.33842,0.182936,0.36288,3.6288,58.7973,0.379609,0,0,0.965439,0.196089,0,0.66528,12.849,1,0.477193,0.36288,0,62.8346,3.99111,58.7291,0.84672,12.849,0.84672,3695.15,0,18.483,0,1.26173,1.65387,6.99023,1.00814,8.8977,0.42336,18.483,0.42336,0,0,442.007,0,1.02816,0,0,2.28989,1.26173,1.028160,1,0,67.6268,0,0,0,67.6268,0
51.6583,1.71774,0,0,3.97537,0.211908,0.36288,3.6288,59.5029,0.238286,0,0,1.14345,0.199625,0,0.66528,12.849,1,0.441641,0.36288,0,74.2591,3.81765,70.3627,0.84672,12.849,0.84672,3695.15,0,18.483,0,1.36079,1.65398,6.21169,1.00152,8.22495,0.42336,18.483,0.42336,0,0,442.007,0,1.02816,0,0,2.38895,1.36079,1.028160,1,0,78.5876,0,0,0,78.5876,0
51.9066,1.73969,0,0,2.56406,0.213203,0.36288,3.6288,60.0251,0.23837,0,0,0.958833,0.198197,0,0.66528,12.849,1,0.432714,0.36288,0,79.3722,3.74042,75.562,0.84672,12.849,0.84672,3695.15,0,18.483,0,1.60578,1.50218,5.58234,0.98913,7.70117,0.42336,18.483,0.42336,0,0,442.007,0,1.02816,0,0,2.63394,1.60578,1.028160,1,0,83.2631,0,0,0,83.2631,0
52.1276,1.74295,0,0,2.54054,0.213753,0.36288,3.6288,60.4108,0.238453,0,0,0.82296,0.198859,0,0.66528,12.849,1,0.431452,0.36288,0,63.5588,3.74042,59.7498,0.84672,12.849,0.84672,3695.15,0,18.483,0,1.11201,1.50228,6.43563,0.98913,8.06079,0.42336,18.483,0.42336,0,0,442.007,0,1.02816,0,0,2.14017,1.11201,1.028160,1,0,67.8106,0,0,0,67.8106,0
52.5922,1.74585,0,0,2.77752,0.204112,0.36288,3.6288,60.9281,0.238536,0,0,0.961865,0.206007,0,0.66528,12.849,1,0.430338,0.36288,0,82.8308,3.29027,79.4731,0.84672,12.849,0.84672,3695.15,0,18.483,0,1.99331,1.50238,6.25317,0.923758,8.8251,0.42336,18.483,0.42336,0,0,442.007,0,1.02816,0,0,3.02147,1.99331,1.028160,1,0,88.2982,0,0,0,88.2982,0
59.5871,1.75178,0,0,9.33727,0.227729,0.36288,3.6288,61.308,0.238619,0,0,2.02443,0.20334,1.20259,0.66528,12.849,1,0.427983,0.36288,0,133.573,3.84162,129.666,0.84672,12.849,0.84672,3695.15,0,18.483,0,3.65657,1.50247,17.0871,0.971655,21.2745,0.42336,18.483,0.42336,0,0,442.007,0,1.02816,0,0,4.68473,3.65657,1.028160,1,0,152.143,0,0,0,152.143,0
63.9622,1.88959,0,0,6.9043,0.276801,0.36288,3.6288,61.308,0.279663,0,0,1.41871,0.190764,0.948287,0.66528,12.849,1,0.407458,0.36288,0,180.412,4.09374,176.274,0.84672,12.849,0.84672,3695.15,0,18.483,0,2.62977,1.50257,10.9467,1.00831,14.0707,0.42336,18.483,0.42336,0,0,442.007,0,1.02816,0,0,3.65793,2.62977,1.028160,1,0,191.293,0,0,0,191.293,0
66.8067,1.93532,0,0,5.42993,0.287219,0.36288,3.6288,61.308,0.279742,0,0,2.32126,0.190764,1.85075,0.66528,12.849,1,0.388775,0.36288,0,115.323,4.09374,111.204,0.84672,12.849,0.84672,3695.15,0,18.483,0,4.6414,1.55073,14.1922,1.00831,19.376,0.42336,18.483,0.42336,0,0,442.007,0,1.02816,0,0,5.66956,4.6414,1.028160,1,0,132.43,0,0,0,132.43,0
69.0719,1.96291,0,0,4.87085,0.27986,0.36288,3.6288,61.308,0.279821,0,0,1.58363,0.194412,1.10939,0.66528,12.849,1,0.377529,0.36288,0,104.255,4.34466,99.8961,0.84672,12.849,0.84672,3695.15,0,18.483,0,2.89942,1.55082,11.1092,0.936257,14.6232,0.42336,18.483,0.42336,0,0,442.007,0,1.02816,0,0,3.92758,2.89942,1.028160,1,0,115.629,0,0,0,115.629,0
72.29,1.9838,0,0,6.1186,0.321532,0.59513,3.6288,61.308,0.2799,0,0,1.94095,0.200587,1.46046,0.66528,12.849,1,0.369034,0.59513,0,134.041,4.52308,129.744,0.84672,12.849,0.84672,3695.15,0,18.483,0,3.81161,1.55092,13.2159,0.946609,17.6318,0.42336,18.483,0.42336,0,0,442.007,0,1.02816,0,0,4.83977,3.81161,1.028160,1,0,148.836,0,0,0,148.836,0
72.29,2.20811,0,0,5.45595,0.329755,2.91809,3.6288,61.308,0.433788,0,0,2.46325,0.194626,1.83483,0.66528,12.849,1,0.392474,2.91809,0,118.563,3.71658,117.372,0.84672,12.849,0.84672,3695.15,0,18.483,0,4.77162,1.55101,15.864,1.12308,21.0635,0.42336,18.483,0.42336,0,0,442.007,0,1.02816,0,0,5.79978,4.77162,1.028160,1,0,140.271,0,0,0,140.271,0
72.29,2.20824,0,0,6.64801,0.329755,4.11002,3.6288,61.308,0.433877,0,0,2.56726,0.194626,1.93876,0.66528,12.849,1,0.392498,4.11002,0,135.225,3.71658,135.226,0.84672,12.849,0.84672,3695.15,0,18.483,0,7.97092,1.72265,21.9958,1.12308,30.5663,0.42336,18.483,0.42336,0,0,442.007,0,1.02816,0,0,8.99908,7.97092,1.028160,1,0,167.731,0,0,0,167.731,0
72.29,2.20837,0,0,4.54859,0.329755,2.01046,3.6288,61.308,0.433965,0,0,1.9714,0.194626,1.34281,0.66528,12.849,1,0.392521,2.01046,0,137.5,3.71658,135.402,0.84672,12.849,0.84672,3695.15,0,18.483,0,2.60671,1.72275,13.4989,1.12308,16.7053,0.42336,18.483,0.42336,0,0,442.007,0,1.02816,0,0,3.63487,2.60671,1.028160,1,0,153.45,0,0,0,153.45,0
72.29,2.20851,0,0,3.55894,0.323836,1.0266,3.6288,61.308,0.434053,0,0,1.40247,0.176445,0.791973,0.66528,12.849,1,0.392545,1.0266,0,88.3267,3.36964,85.5911,0.84672,12.849,0.84672,3695.15,0,18.483,0,1.4923,1.72286,8.70229,0.993791,10.9237,0.42336,18.483,0.42336,0,0,442.007,0,1.02816,0,0,2.52046,1.4923,1.028160,1,0,97.3068,0,0,0,97.3068,0
72.29,1.92868,0,0,8.42651,0.303068,6.19476,3.6288,61.308,0.227678,0,0,1.84154,0.235769,1.37809,0.66528,12.849,1,0.342808,6.19476,0,159.256,3.5202,161.588,0.84672,12.849,0.84672,3695.15,0,18.483,0,4.25877,1.72296,23.9549,1.08729,28.8494,0.42336,18.483,0.42336,0,0,442.007,0,1.02816,0,0,5.28693,4.25877,1.028160,1,0,191.815,0,0,0,191.815,0
72.29,1.9288,0,0,7.60994,0.314448,5.3667,3.6288,61.308,0.227753,0,0,3.06709,0.194604,2.64473,0.66528,12.849,1,0.342829,5.3667,0,219.756,2.84813,221.932,0.84672,12.849,0.84672,3695.15,0,18.483,0,5.03465,1.48835,23.069,0.889959,28.702,0.42336,18.483,0.42336,0,0,442.007,0,1.02816,0,0,6.06281,5.03465,1.028160,1,0,253.278,0,0,0,253.278,0
72.29,1.92891,0,0,8.44785,0.314448,6.20449,3.6288,61.308,0.227829,0,0,2.25454,0.194604,1.83211,0.66528,12.849,1,0.34285,6.20449,0,167.234,2.84813,170.248,0.84672,12.849,0.84672,3695.15,0,18.483,0,6.31181,1.48844,24.1343,0.889959,31.0446,0.42336,18.483,0.42336,0,0,442.007,0,1.02816,0,0,7.33997,6.31181,1.028160,1,0,203.124,0,0,0,203.124,0
72.29,1.92903,0,0,15.456,0.314448,13.2125,3.6288,61.308,0.227905,0,0,4.88195,0.194604,4.45944,0.66528,12.849,1,0.34287,13.2125,0,182.565,2.84813,192.586,0.84672,12.849,0.84672,3695.15,0,18.483,0,8.809,1.48853,35.3967,0.889959,44.8043,0.42336,18.483,0.42336,0,0,442.007,0,1.02816,0,0,9.83716,8.809,1.028160,1,0,241.85,0,0,0,241.85,0
72.29,1.92915,0,0,8.21586,0.313293,5.97342,3.6288,61.308,0.227981,0,0,2.85604,0.174983,2.45307,0.66528,12.849,1,0.342891,5.97342,0,179.266,3.37099,181.526,0.84672,12.849,0.84672,3695.15,0,18.483,0,5.81016,1.48862,22.7245,0.909451,29.1138,0.42336,18.483,0.42336,0,0,442.007,0,1.02816,0,0,6.83832,5.81016,1.028160,1,0,213.093,0,0,0,213.093,0
72.29,1.99975,0,0,8.81764,0.311495,6.50639,3.6288,61.308,0.278581,0,0,4.25494,0.200009,3.77635,0.66528,12.849,1,0.355441,6.50639,0,186.83,3.94548,189.036,0.84672,12.849,0.84672,3695.15,0,18.483,0,8.70765,1.48871,32.2126,0.989782,41.4192,0.42336,18.483,0.42336,0,0,442.007,0,1.02816,0,0,9.73581,8.70765,1.028160,1,0,234.231,0,0,0,234.231,0
72.29,1.99987,0,0,7.66126,0.311495,5.34989,3.6288,61.308,0.278659,0,0,2.21503,0.200009,1.73636,0.66528,12.849,1,0.355462,5.34989,0,157.003,3.94548,158.052,0.84672,12.849,0.84672,3695.15,0,18.483,0,5.79946,1.54677,20.6015,0.989782,26.9579,0.42336,18.483,0.42336,0,0,442.007,0,1.02816,0,0,6.82762,5.79946,1.028160,1,0,186.746,0,0,0,186.746,0
72.29,1.99999,0,0,6.19109,0.261855,3.92924,3.6288,61.308,0.278738,0,0,1.88605,0.214396,1.39292,0.66528,12.849,1,0.355484,3.92924,0,135.059,3.96055,134.672,0.84672,12.849,0.84672,3695.15,0,18.483,0,4.63794,1.54686,17.8966,1.00938,23.0721,0.42336,18.483,0.42336,0,0,442.007,0,1.02816,0,0,5.6661,4.63794,1.028160,1,0,159.137,0,0,0,159.137,0
72.29,2.00012,0,0,5.93199,0.210421,3.72145,3.6288,61.308,0.278817,0,0,1.93476,0.221919,1.43402,0.66528,12.849,1,0.355505,3.72145,0,131.671,4.0928,130.944,0.84672,12.849,0.84672,3695.15,0,18.483,0,4.14032,1.54695,18.1856,1.03011,22.8428,0.42336,18.483,0.42336,0,0,442.007,0,1.02816,0,0,5.16848,4.14032,1.028160,1,0,155.221,0,0,0,155.221,0
72.29,1.97267,0,0,4.99915,0.219214,2.80727,3.6288,61.308,0.259268,0,0,1.66819,0.205847,1.20307,0.66528,12.849,1,0.350627,2.80727,0,112.983,4.48847,110.951,0.84672,12.849,0.84672,3695.15,0,18.483,0,2.88722,1.54705,13.9184,1.02351,17.3292,0.42336,18.483,0.42336,0,0,442.007,0,1.02816,0,0,3.91538,2.88722,1.028160,1,0,129.483,0,0,0,129.483,0
72.29,1.97279,0,0,4.7739,0.14899,2.65213,3.6288,61.308,0.259346,0,0,1.54143,0.238545,1.04354,0.66528,12.849,1,0.350648,2.65213,0,101.665,4.77676,99.1899,0.84672,12.849,0.84672,3695.15,0,18.483,0,3.09651,1.52457,12.8813,1.04073,16.4616,0.42336,18.483,0.42336,0,0,442.007,0,1.02816,0,0,4.12467,3.09651,1.028160,1,0,116.695,0,0,0,116.695,0
72.29,1.97291,0,0,4.39626,0.14899,2.27436,3.6288,61.308,0.259424,0,0,1.66249,0.238545,1.16452,0.66528,12.849,1,0.350669,2.27436,0,93.3725,4.77676,90.5194,0.84672,12.849,0.84672,3695.15,0,18.483,0,3.0268,1.52466,10.986,1.04073,14.4968,0.42336,18.483,0.42336,0,0,442.007,0,1.02816,0,0,4.05496,3.0268,1.028160,1,0,106.181,0,0,0,106.181,0
72.29,1.97302,0,0,4.78323,0.14899,2.66121,3.6288,61.308,0.259502,0,0,1.41604,0.238545,0.917998,0.66528,12.849,1,0.35069,2.66121,0,96.3014,4.77676,93.8352,0.84672,12.849,0.84672,3695.15,0,18.483,0,2.95042,1.52476,10.4404,1.04073,13.8749,0.42336,18.483,0.42336,0,0,442.007,0,1.02816,0,0,3.97858,2.95042,1.028160,1,0,108.628,0,0,0,108.628,0
72.29,2.06674,0,0,4.23088,0.118779,2.04536,3.6288,61.308,0.329201,0,0,1.30543,0.231461,0.744772,0.66528,12.849,1,0.367348,2.04536,0,76.6325,4.98917,73.3213,0.84672,12.849,0.84672,3695.15,0,18.483,0,2.08202,1.52485,11.1173,1.00023,13.724,0.42336,18.483,0.42336,0,0,442.007,0,1.02816,0,0,3.11018,2.08202,1.028160,1,0,87.7901,0,0,0,87.7901,0
72.29,2.06687,0,0,4.11534,0.113744,1.93473,3.6288,61.308,0.329283,0,0,1.30732,0.230281,0.747755,0.66528,12.849,1,0.36737,1.93473,0,70.1317,5.02457,66.6745,0.84672,12.849,0.84672,3695.15,0,18.483,0,2.11149,1.60387,10.798,0.993477,13.5199,0.42336,18.483,0.42336,0,0,442.007,0,1.02816,0,0,3.13965,2.11149,1.028160,1,0,80.9422,0,0,0,80.9422,0
72.29,2.06699,0,0,3.67938,0.123578,1.48881,3.6288,61.308,0.329365,0,0,1.25741,0.227647,0.700402,0.66528,12.849,1,0.367392,1.48881,0,66.4857,4.85533,62.7517,0.84672,12.849,0.84672,3695.15,0,18.483,0,2.2514,1.60397,9.97859,1.00001,12.834,0.42336,18.483,0.42336,0,0,442.007,0,1.02816,0,0,3.27956,2.2514,1.028160,1,0,76.2861,0,0,0,76.2861,0
72.29,2.06712,0,0,3.52018,0.125945,1.32711,3.6288,61.308,0.329447,0,0,1.23149,0.229365,0.672673,0.66528,12.849,1,0.367415,1.32711,0,61.7316,4.49637,58.1949,0.84672,12.849,0.84672,3695.15,0,18.483,0,2.2225,1.60407,9.4354,1.03537,12.2266,0.42336,18.483,0.42336,0,0,442.007,0,1.02816,0,0,3.25066,2.2225,1.028160,1,0,71.0942,0,0,0,71.0942,0
72.29,2.06724,0,0,3.86735,0.0797725,1.72033,3.6288,61.308,0.329529,0,0,1.18831,0.269765,0.589017,0.66528,12.849,1,0.367437,1.72033,0,66.6664,5.1553,62.864,0.84672,12.849,0.84672,3695.15,0,18.483,0,2.11158,1.60416,9.16272,1.23059,11.6479,0.42336,18.483,0.42336,0,0,442.007,0,1.02816,0,0,3.13974,2.11158,1.028160,1,0,75.1009,0,0,0,75.1009,0
72.29,2.04885,0,0,3.93739,0.0868044,1.80173,3.6288,61.308,0.367888,0,0,1.13155,0.284499,0.479168,0.66528,12.849,1,0.364168,1.80173,0,67.5976,5.5293,63.5059,0.84672,12.849,0.84672,3695.15,0,18.483,0,2.00345,1.60426,8.49683,1.34131,10.7632,0.42336,18.483,0.42336,0,0,442.007,0,1.02816,0,0,3.03161,2.00345,1.028160,1,0,74.7483,0,0,0,74.7483,0
72.29,2.04898,0,0,3.66393,0.0868044,1.52815,3.6288,61.308,0.367972,0,0,1.05392,0.284499,0.401444,0.66528,12.849,1,0.36419,1.52815,0,61.5051,5.5293,57.1397,0.84672,12.849,0.84672,3695.15,0,18.483,0,1.72019,1.62896,8.32343,1.34131,10.3313,0.42336,18.483,0.42336,0,0,442.007,0,1.02816,0,0,2.74835,1.72019,1.028160,1,0,67.8724,0,0,0,67.8724,0
72.29,2.0491,0,0,3.56702,0.0868044,1.43112,3.6288,61.308,0.368057,0,0,1.00341,0.284499,0.350851,0.66528,12.849,1,0.364212,1.43112,0,55.0366,5.5293,50.5742,0.84672,12.849,0.84672,3695.15,0,18.483,0,1.51398,1.62905,8.23729,1.34131,10.039,0.42336,18.483,0.42336,0,0,442.007,0,1.02816,0,0,2.54214,1.51398,1.028160,1,0,60.9641,0,0,0,60.9641,0
72.29,2.04922,0,0,3.37577,0.0610119,1.26553,3.6288,61.308,0.368141,0,0,0.955333,0.310308,0.276884,0.66528,12.849,1,0.364234,1.26553,0,50.1258,5.7506,45.2765,0.84672,12.849,0.84672,3695.15,0,18.483,0,1.32036,1.62915,7.79069,1.4645,9.27569,0.42336,18.483,0.42336,0,0,442.007,0,1.02816,0,0,2.34852,1.32036,1.028160,1,0,54.8291,0,0,0,54.8291,0
72.29,2.09717,0,0,3.60967,0.0516285,1.46087,3.6288,61.308,0.402347,0,0,1.20047,0.340775,0.457346,0.66528,12.849,1,0.372757,1.46087,0,56.8697,6.01534,51.9425,0.84672,12.849,0.84672,3695.15,0,18.483,0,1.63198,1.62925,6.98257,1.57397,8.66984,0.42336,18.483,0.42336,0,0,442.007,0,1.02816,0,0,2.66014,1.63198,1.028160,1,0,61.0696,0,0,0,61.0696,0
72.29,2.0973,0,0,3.36105,0.0516285,1.21212,3.6288,61.308,0.402433,0,0,1.0415,0.340775,0.298293,0.66528,12.849,1,0.372779,1.21212,0,48.1528,6.01534,42.9768,0.84672,12.849,0.84672,3695.15,0,18.483,0,1.84736,1.66856,7.04704,1.57397,8.989,0.42336,18.483,0.42336,0,0,442.007,0,1.02816,0,0,2.87552,1.84736,1.028160,1,0,52.2641,0,0,0,52.2641,0
72.29,2.09743,0,0,3.10748,0.0516285,0.958424,3.6288,61.308,0.402519,0,0,0.96584,0.340775,0.222546,0.66528,12.849,1,0.372802,0.958424,0,46.1744,6.01534,40.7447,0.84672,12.849,0.84672,3695.15,0,18.483,0,1.49742,1.66866,6.12736,1.57397,7.71947,0.42336,18.483,0.42336,0,0,442.007,0,1.02816,0,0,2.52558,1.49742,1.028160,1,0,48.6867,0,0,0,48.6867,0
72.29,2.09755,0,0,3.17652,0.0467276,1.03224,3.6288,61.308,0.402606,0,0,1.07259,0.343365,0.326617,0.66528,12.849,1,0.372824,1.03224,0,43.9164,6.09012,38.4857,0.84672,12.849,0.84672,3695.15,0,18.483,0,1.8382,1.66876,7.57892,1.58891,9.49698,0.42336,18.483,0.42336,0,0,442.007,0,1.02816,0,0,2.86636,1.8382,1.028160,1,0,48.3093,0,0,0,48.3093,0
72.29,2.23778,0,0,2.86635,0.0472819,0.581297,3.6288,61.308,0.525882,0,0,0.937224,0.333129,0.0782131,0.66528,12.849,1,0.397748,0.581297,0,34.1563,5.8156,28.5242,0.84672,12.849,0.84672,3695.15,0,18.483,0,1.30717,1.66886,6.58723,1.53402,8.02925,0.42336,18.483,0.42336,0,0,442.007,0,1.02816,0,0,2.33533,1.30717,1.028160,1,0,36.6317,0,0,0,36.6317,0
72.29,2.23791,0,0,2.8974,0.0422752,0.617212,3.6288,61.308,0.525976,0,0,1.00028,0.339843,0.13446,0.66528,12.849,1,0.397772,0.617212,0,34.3889,5.79369,28.8147,0.84672,12.849,0.84672,3695.15,0,18.483,0,1.48093,1.80177,5.31905,1.52359,7.07816,0.42336,18.483,0.42336,0,0,442.007,0,1.02816,0,0,2.50909,1.48093,1.028160,1,0,36.0273,0,0,0,36.0273,0
71.9715,2.23805,0,0,2.32469,0.0422752,0.36288,3.6288,61.2286,0.52607,0,0,0.786542,0.339843,0,0.66528,12.849,1,0.397796,0.36288,0,40.4489,5.79369,34.6202,0.84672,12.849,0.84672,3695.15,0,18.483,0,0.98458,1.80188,4.41848,1.52359,5.68134,0.42336,18.483,0.42336,0,0,442.007,0,1.02816,0,0,2.01274,0.98458,1.028160,1,0,40.3016,0,0,0,40.3016,0
72.0844,2.23519,0,0,2.75316,0.042173,0.36288,3.6288,61.308,0.526164,0,0,1.20062,0.339672,0.255417,0.66528,12.849,1,0.399046,0.36288,0,34.7183,5.79369,28.8884,0.84672,12.849,0.84672,3695.15,0,18.483,0,1.99964,1.80199,5.975,1.52359,8.25304,0.42336,18.483,0.42336,0,0,442.007,0,1.02816,0,0,3.0278,1.99964,1.028160,1,0,37.3969,0,0,0,37.3969,0
71.8291,2.23639,0,0,2.39481,0.0507963,0.36288,3.6288,61.308,0.526258,0,0,0.841311,0.301913,0.0131406,0.66528,12.849,1,0.398635,0.36288,0,31.1515,4.95844,26.1573,0.84672,12.849,0.84672,3695.15,0,18.483,0,0.836971,1.8021,7.19106,1.2961,8.53403,0.42336,18.483,0.42336,0,0,442.007,0,1.02816,0,0,1.86513,0.836971,1.028160,1,0,34.7045,0,0,0,34.7045,0
71.8666,2.16595,0,0,2.62837,0.0621249,0.36288,3.6288,61.308,0.451557,0,0,0.95383,0.25134,0.250933,0.66528,12.849,1,0.387452,0.36288,0,38.9244,3.84479,35.0551,0.84672,12.849,0.84672,3695.15,0,18.483,0,0.309787,1.80221,8.81392,0.992771,9.93315,0.42336,18.483,0.42336,0,0,442.007,0,1.02816,0,0,1.33795,0.309787,1.028160,1,0,45.2391,0,0,0,45.2391,0
72.2172,2.16643,0,0,2.94208,0.0621426,0.36288,3.6288,61.308,0.451646,0,0,1.05396,0.25134,0.350972,0.66528,12.849,1,0.387334,0.36288,0,35.8998,3.84479,32.0306,0.84672,12.849,0.84672,3695.15,0,18.483,0,0.761832,1.72618,9.77072,0.992771,11.266,0.42336,18.483,0.42336,0,0,442.007,0,1.02816,0,0,1.78999,0.761832,1.028160,1,0,43.6475,0,0,0,43.6475,0
72.29,2.16975,0,0,5.71236,0.0623085,3.4075,3.6288,61.308,0.451736,0,0,2.90141,0.25134,2.19833,0.66528,12.849,1,0.386046,3.4075,0,62.8769,3.84479,62.0536,0.84672,12.849,0.84672,3695.15,0,18.483,0,5.23004,1.72629,13.8552,0.992771,19.8187,0.42336,18.483,0.42336,0,0,442.007,0,1.02816,0,0,6.2582,5.23004,1.028160,1,0,84.0707,0,0,0,84.0707,0
72.29,2.17055,0,0,8.23208,0.210471,5.85106,3.6288,61.308,0.451825,0,0,2.65854,0.138566,2.06815,0.66528,12.849,1,0.385798,5.85106,0,98.7863,2.40047,101.851,0.84672,12.849,0.84672,3695.15,0,18.483,0,4.06084,1.72639,13.4329,0.628558,18.5915,0.42336,18.483,0.42336,0,0,442.007,0,1.02816,0,0,5.089,4.06084,1.028160,1,0,122.511,0,0,0,122.511,0
72.29,2.1146,0,0,3.0095,0.206919,0.687979,3.6288,61.308,0.383817,0,0,1.36648,0.218677,0.763983,0.66528,12.849,1,0.375855,0.687979,0,60.756,4.41304,56.6551,0.84672,12.849,0.84672,3695.15,0,18.483,0,1.17706,1.7265,6.9837,0.948902,8.93836,0.42336,18.483,0.42336,0,0,442.007,0,1.02816,0,0,2.20522,1.17706,1.028160,1,0,66.3575,0,0,0,66.3575,0
72.29,2.11473,0,0,2.89013,0.236196,0.539204,3.6288,61.308,0.383902,0,0,1.05934,0.19018,0.48526,0.66528,12.849,1,0.375878,0.539204,0,59.1394,4.01383,55.2889,0.84672,12.849,0.84672,3695.15,0,18.483,0,1.71304,1.65892,8.38823,0.912238,10.848,0.42336,18.483,0.42336,0,0,442.007,0,1.02816,0,0,2.7412,1.71304,1.028160,1,0,66.6221,0,0,0,66.6221,0
72.29,2.11486,0,0,4.47613,0.236196,2.12508,3.6288,61.308,0.383987,0,0,1.55323,0.19018,0.979063,0.66528,12.849,1,0.3759,2.12508,0,97.2017,4.01383,94.9371,0.84672,12.849,0.84672,3695.15,0,18.483,0,2.54517,1.65902,10.9512,0.912238,14.2432,0.42336,18.483,0.42336,0,0,442.007,0,1.02816,0,0,3.57333,2.54517,1.028160,1,0,110.159,0,0,0,110.159,0
72.29,2.11499,0,0,4.04871,0.238649,1.69508,3.6288,61.308,0.384072,0,0,1.7891,0.18481,1.22022,0.66528,12.849,1,0.375923,1.69508,0,85.8972,4.01637,83.1999,0.84672,12.849,0.84672,3695.15,0,18.483,0,2.63355,1.65912,11.982,0.928028,15.3467,0.42336,18.483,0.42336,0,0,442.007,0,1.02816,0,0,3.66171,2.63355,1.028160,1,0,99.7668,0,0,0,99.7668,0
72.29,1.95582,0,0,5.12116,0.265656,2.89968,3.6288,61.308,0.242295,0,0,2.09361,0.181008,1.67031,0.66528,12.849,1,0.347633,2.89968,0,98.4053,4.32603,96.6313,0.84672,12.849,0.84672,3695.15,0,18.483,0,3.0213,1.65923,13.8762,1.13141,17.4253,0.42336,18.483,0.42336,0,0,442.007,0,1.02816,0,0,4.04946,3.0213,1.028160,1,0,115.727,0,0,0,115.727,0
72.29,1.95594,0,0,4.98432,0.270572,2.75781,3.6288,61.308,0.242372,0,0,2.56801,0.192376,2.13326,0.66528,12.849,1,0.347654,2.75781,0,107.164,4.44381,105.13,0.84672,12.849,0.84672,3695.15,0,18.483,0,3.41142,1.50693,13.9071,1.17487,17.6506,0.42336,18.483,0.42336,0,0,442.007,0,1.02816,0,0,4.43958,3.41142,1.028160,1,0,124.914,0,0,0,124.914,0
72.29,1.95606,0,0,5.13567,0.266476,2.91313,3.6288,61.308,0.242448,0,0,2.36031,0.189276,1.92859,0.66528,12.849,1,0.347675,2.91313,0,88.5323,4.33662,86.7612,0.84672,12.849,0.84672,3695.15,0,18.483,0,3.34897,1.50702,11.4293,1.16147,15.1238,0.42336,18.483,0.42336,0,0,442.007,0,1.02816,0,0,4.37713,3.34897,1.028160,1,0,103.814,0,0,0,103.814,0
72.29,1.95618,0,0,8.23532,0.235502,6.04364,3.6288,61.308,0.242525,0,0,2.7136,0.186574,2.2845,0.66528,12.849,1,0.347696,6.04364,0,158.051,3.64901,160.098,0.84672,12.849,0.84672,3695.15,0,18.483,0,3.35386,1.50711,16.005,0.971326,19.8946,0.42336,18.483,0.42336,0,0,442.007,0,1.02816,0,0,4.38202,3.35386,1.028160,1,0,182.277,0,0,0,182.277,0
72.29,1.9563,0,0,6.02917,0.240661,3.83222,3.6288,61.308,0.242602,0,0,3.08942,0.20269,2.64413,0.66528,12.849,1,0.347717,3.83222,0,124.647,3.63771,124.493,0.84672,12.849,0.84672,3695.15,0,18.483,0,4.02477,1.50721,13.1755,0.861973,17.8455,0.42336,18.483,0.42336,0,0,442.007,0,1.02816,0,0,5.05293,4.02477,1.028160,1,0,144.983,0,0,0,144.983,0
72.29,2.0177,0,0,7.77334,0.303367,5.45227,3.6288,61.308,0.283769,0,0,4.29892,0.180092,3.83506,0.66528,12.849,1,0.358631,5.45227,0,161.993,3.43135,163.655,0.84672,12.849,0.84672,3695.15,0,18.483,0,5.83282,1.5073,18.9275,0.87982,25.3878,0.42336,18.483,0.42336,0,0,442.007,0,1.02816,0,0,6.86098,5.83282,1.028160,1,0,192.878,0,0,0,192.878,0
72.29,2.01781,0,0,7.33707,0.295669,5.02359,3.6288,61.308,0.283841,0,0,4.06797,0.165382,3.61875,0.66528,12.849,1,0.358651,5.02359,0,145.024,3.09677,146.592,0.84672,12.849,0.84672,3695.15,0,18.483,0,5.70711,1.5556,17.2528,0.782093,23.7334,0.42336,18.483,0.42336,0,0,442.007,0,1.02816,0,0,6.73527,5.70711,1.028160,1,0,173.944,0,0,0,173.944,0
72.29,2.01792,0,0,6.03514,0.295669,3.72154,3.6288,61.308,0.283913,0,0,3.78374,0.165382,3.33445,0.66528,12.849,1,0.358671,3.72154,0,109.902,3.09677,110.168,0.84672,12.849,0.84672,3695.15,0,18.483,0,5.36544,1.55568,14.4566,0.782093,20.5957,0.42336,18.483,0.42336,0,0,442.007,0,1.02816,0,0,6.3936,5.36544,1.028160,1,0,134.098,0,0,0,134.098,0
72.29,2.01803,0,0,10.7984,0.295669,8.48465,3.6288,61.308,0.283986,0,0,5.68102,0.165382,5.23165,0.66528,12.849,1,0.35869,8.48465,0,158.91,3.09677,163.94,0.84672,12.849,0.84672,3695.15,0,18.483,0,8.00211,1.55577,21.8754,0.782093,30.6511,0.42336,18.483,0.42336,0,0,442.007,0,1.02816,0,0,9.03027,8.00211,1.028160,1,0,199.822,0,0,0,199.822,0
72.29,2.21499,0,0,6.48959,0.335898,3.9387,3.6288,61.308,0.438347,0,0,2.98664,0.157008,2.39129,0.66528,12.849,1,0.393698,3.9387,0,106.345,2.99714,106.893,0.84672,12.849,0.84672,3695.15,0,18.483,0,3.69141,1.55585,12.585,0.799187,17.0331,0.42336,18.483,0.42336,0,0,442.007,0,1.02816,0,0,4.71957,3.69141,1.028160,1,0,126.318,0,0,0,126.318,0
72.29,2.21511,0,0,4.01441,0.340005,1.45929,3.6288,61.308,0.438428,0,0,2.78535,0.161146,2.18578,0.66528,12.849,1,0.39372,1.45929,0,80.8998,3.11157,78.8538,0.84672,12.849,0.84672,3695.15,0,18.483,0,3.15044,1.72802,9.93013,0.843032,13.9656,0.42336,18.483,0.42336,0,0,442.007,0,1.02816,0,0,4.1786,3.15044,1.028160,1,0,95.0051,0,0,0,95.0051,0
72.29,2.21524,0,0,4.55966,0.317894,2.02654,3.6288,61.308,0.438509,0,0,2.86457,0.180711,2.24535,0.66528,12.849,1,0.393741,2.02654,0,82.3435,4.21514,79.7612,0.84672,12.849,0.84672,3695.15,0,18.483,0,3.47715,1.72812,11.2356,1.22911,15.2118,0.42336,18.483,0.42336,0,0,442.007,0,1.02816,0,0,4.50531,3.47715,1.028160,1,0,97.2183,0,0,0,97.2183,0
72.29,2.21536,0,0,4.44891,0.282217,1.95133,3.6288,61.308,0.43859,0,0,3.0119,0.190624,2.38269,0.66528,12.849,1,0.393763,1.95133,0,88.6827,3.78479,86.4555,0.84672,12.849,0.84672,3695.15,0,18.483,0,4.05808,1.72821,12.9012,0.980812,17.7067,0.42336,18.483,0.42336,0,0,442.007,0,1.02816,0,0,5.08624,4.05808,1.028160,1,0,106.545,0,0,0,106.545,0
72.29,1.93465,0,0,5.24919,0.327268,2.98727,3.6288,61.308,0.231568,0,0,2.59081,0.183595,2.17565,0.66528,12.849,1,0.34387,2.98727,0,114.839,3.36538,114.117,0.84672,12.849,0.84672,3695.15,0,18.483,0,3.20185,1.72831,8.76217,0.956498,12.7358,0.42336,18.483,0.42336,0,0,442.007,0,1.02816,0,0,4.23001,3.20185,1.028160,1,0,129.028,0,0,0,129.028,0
72.29,1.93476,0,0,5.97078,0.335695,3.70033,3.6288,61.308,0.231637,0,0,2.91189,0.181996,2.49825,0.66528,12.849,1,0.343889,3.70033,0,144.433,3.31097,144.479,0.84672,12.849,0.84672,3695.15,0,18.483,0,5.29843,1.49296,10.2095,0.9609,16.04,0.42336,18.483,0.42336,0,0,442.007,0,1.02816,0,0,6.32659,5.29843,1.028160,1,0,163.017,0,0,0,163.017,0
72.29,1.93487,0,0,6.19373,0.335695,3.92317,3.6288,61.308,0.231707,0,0,3.35832,0.181996,2.94462,0.66528,12.849,1,0.343908,3.92317,0,155.867,3.31097,156.136,0.84672,12.849,0.84672,3695.15,0,18.483,0,4.24615,1.49304,13.1989,0.9609,17.9772,0.42336,18.483,0.42336,0,0,442.007,0,1.02816,0,0,5.27431,4.24615,1.028160,1,0,177.057,0,0,0,177.057,0
72.29,1.93497,0,0,6.4416,0.319015,4.18761,3.6288,61.308,0.231776,0,0,3.33813,0.205547,2.90081,0.66528,12.849,1,0.343927,4.18761,0,116.892,3.9847,116.751,0.84672,12.849,0.84672,3695.15,0,18.483,0,4.49633,1.49312,10.843,1.05721,15.7753,0.42336,18.483,0.42336,0,0,442.007,0,1.02816,0,0,5.52449,4.49633,1.028160,1,0,135.427,0,0,0,135.427,0
72.29,1.93508,0,0,5.12519,0.307596,2.88251,3.6288,61.308,0.231846,0,0,1.83057,0.221108,1.37761,0.66528,12.849,1,0.343946,2.88251,0,113.052,4.27437,111.316,0.84672,12.849,0.84672,3695.15,0,18.483,0,2.9873,1.49321,7.79458,1.07576,11.1993,0.42336,18.483,0.42336,0,0,442.007,0,1.02816,0,0,4.01546,2.9873,1.028160,1,0,123.893,0,0,0,123.893,0
72.29,2.0059,0,0,5.05592,0.309052,2.74097,3.6288,61.308,0.282594,0,0,2.48738,0.218305,1.98648,0.66528,12.849,1,0.356533,2.74097,0,119.458,3.98685,117.856,0.84672,12.849,0.84672,3695.15,0,18.483,0,3.74802,1.49329,12.1718,1.00418,16.4089,0.42336,18.483,0.42336,0,0,442.007,0,1.02816,0,0,4.77618,3.74802,1.028160,1,0,136.251,0,0,0,136.251,0
72.29,2.00601,0,0,4.03191,0.309052,1.71685,3.6288,61.308,0.282667,0,0,1.39971,0.218305,0.898743,0.66528,12.849,1,0.356552,1.71685,0,102.417,3.98685,99.7903,0.84672,12.849,0.84672,3695.15,0,18.483,0,2.48813,1.55152,8.34298,1.00418,11.3784,0.42336,18.483,0.42336,0,0,442.007,0,1.02816,0,0,3.51629,2.48813,1.028160,1,0,112.067,0,0,0,112.067,0
72.29,2.00612,0,0,4.38483,0.309052,2.06967,3.6288,61.308,0.282739,0,0,1.97094,0.218305,1.4699,0.66528,12.849,1,0.356572,2.06967,0,124.18,3.98685,121.906,0.84672,12.849,0.84672,3695.15,0,18.483,0,3.25762,1.5516,9.0607,1.00418,12.8657,0.42336,18.483,0.42336,0,0,442.007,0,1.02816,0,0,4.28578,3.25762,1.028160,1,0,136.242,0,0,0,136.242,0
72.29,2.00623,0,0,4.83379,0.28442,2.54314,3.6288,61.308,0.282812,0,0,1.35253,0.231259,0.838461,0.66528,12.849,1,0.356592,2.54314,0,117.873,4.37772,115.682,0.84672,12.849,0.84672,3695.15,0,18.483,0,2.66626,1.55169,10.3426,1.04687,13.5137,0.42336,18.483,0.42336,0,0,442.007,0,1.02816,0,0,3.69442,2.66626,1.028160,1,0,130.034,0,0,0,130.034,0
72.29,1.97869,0,0,4.24407,0.204034,2.06135,3.6288,61.308,0.263196,0,0,1.45575,0.227233,0.965324,0.66528,12.849,1,0.351696,2.06135,0,102.729,4.54881,99.8896,0.84672,12.849,0.84672,3695.15,0,18.483,0,1.99752,1.55178,7.07649,1.14462,9.48116,0.42336,18.483,0.42336,0,0,442.007,0,1.02816,0,0,3.02568,1.99752,1.028160,1,0,110.336,0,0,0,110.336,0
72.29,1.9788,0,0,3.46388,0.204034,1.28105,3.6288,61.308,0.263268,0,0,1.26859,0.227233,0.778085,0.66528,12.849,1,0.351716,1.28105,0,88.7285,4.54881,85.109,0.84672,12.849,0.84672,3695.15,0,18.483,0,1.63506,1.52922,6.48427,1.14462,8.50393,0.42336,18.483,0.42336,0,0,442.007,0,1.02816,0,0,2.66322,1.63506,1.028160,1,0,94.391,0,0,0,94.391,0
72.29,1.9789,0,0,3.2982,0.204034,1.11526,3.6288,61.308,0.263339,0,0,1.10627,0.227233,0.615693,0.66528,12.849,1,0.351735,1.11526,0,79.2081,4.54881,75.4228,0.84672,12.849,0.84672,3695.15,0,18.483,0,1.13816,1.52931,6.57975,1.14462,8.1026,0.42336,18.483,0.42336,0,0,442.007,0,1.02816,0,0,2.16632,1.13816,1.028160,1,0,84.1411,0,0,0,84.1411,0
72.29,1.97901,0,0,2.89678,0.169089,0.748673,3.6288,61.308,0.26341,0,0,0.933276,0.244465,0.4254,0.66528,12.849,1,0.351755,0.748673,0,73.3467,4.49323,69.2504,0.84672,12.849,0.84672,3695.15,0,18.483,0,1.25774,1.52939,5.59993,1.11392,7.27314,0.42336,18.483,0.42336,0,0,442.007,0,1.02816,0,0,2.2859,1.25774,1.028160,1,0,76.9489,0,0,0,76.9489,0
72.29,2.07301,0,0,2.63324,0.13616,0.424072,3.6288,61.308,0.333314,0,0,1.03738,0.249257,0.454808,0.66528,12.849,1,0.368461,0.424072,0,54.9231,4.34181,50.6369,0.84672,12.849,0.84672,3695.15,0,18.483,0,1.25295,1.52948,5.00917,1.09384,6.69775,0.42336,18.483,0.42336,0,0,442.007,0,1.02816,0,0,2.28111,1.25295,1.028160,1,0,57.7895,0,0,0,57.7895,0
72.2423,2.07312,0,0,2.52996,0.141626,0.36288,3.6288,61.308,0.33339,0,0,0.937207,0.241983,0.361834,0.66528,12.849,1,0.368482,0.36288,0,45.5509,4.31088,41.2344,0.84672,12.849,0.84672,3695.15,0,18.483,0,0.80892,1.60873,4.46677,1.10218,5.78224,0.42336,18.483,0.42336,0,0,442.007,0,1.02816,0,0,1.83708,0.80892,1.028160,1,0,47.3784,0,0,0,47.3784,0
71.9454,2.07282,0,0,2.2516,0.112793,0.36288,3.6288,61.308,0.333465,0,0,0.889566,0.26087,0.295231,0.66528,12.849,1,0.368672,0.36288,0,40.2973,4.52508,35.7664,0.84672,12.849,0.84672,3695.15,0,18.483,0,0.731661,1.60882,4.34522,1.15691,5.52879,0.42336,18.483,0.42336,0,0,442.007,0,1.02816,0,0,1.75982,0.731661,1.028160,1,0,41.5905,0,0,0,41.5905,0
71.553,2.07035,0,0,2.13175,0.0910008,0.36288,3.6288,61.308,0.33354,0,0,0.852509,0.275035,0.243934,0.66528,12.849,1,0.369752,0.36288,0,38.3972,4.68573,33.7046,0.84672,12.849,0.84672,3695.15,0,18.483,0,0.627731,1.60891,4.29727,1.19796,5.33595,0.42336,18.483,0.42336,0,0,442.007,0,1.02816,0,0,1.65589,0.627731,1.028160,1,0,39.2845,0,0,0,39.2845,0
70.978,2.06703,0,0,1.93823,0.0832774,0.36288,3.6288,61.308,0.333615,0,0,0.90777,0.272958,0.301197,0.66528,12.849,1,0.371183,0.36288,0,41.6083,4.96023,36.6397,0.84672,12.849,0.84672,3695.15,0,18.483,0,0.654307,1.609,4.22544,1.25103,5.23772,0.42336,18.483,0.42336,0,0,442.007,0,1.02816,0,0,1.68247,0.654307,1.028160,1,0,42.1786,0,0,0,42.1786,0
70.255,2.04359,0,0,1.75653,0.07302,0.36288,3.6288,61.308,0.372082,0,0,1.008,0.270188,0.365733,0.66528,12.849,1,0.369946,0.36288,0,46.5038,5.32623,41.1705,0.84672,12.849,0.84672,3695.15,0,18.483,0,0.730063,1.60909,4.05003,1.3218,5.06738,0.42336,18.483,0.42336,0,0,442.007,0,1.02816,0,0,1.75822,0.730063,1.028160,1,0,46.6036,0,0,0,46.6036,0
69.42,2.03728,0,0,1.63768,0.0726154,0.36288,3.6288,61.308,0.37216,0,0,0.968553,0.270188,0.326205,0.66528,12.849,1,0.372599,0.36288,0,45.8886,5.32623,40.5526,0.84672,12.849,0.84672,3695.15,0,18.483,0,0.659215,1.63385,4.1384,1.3218,5.10967,0.42336,18.483,0.42336,0,0,442.007,0,1.02816,0,0,1.68737,0.659215,1.028160,1,0,45.9885,0,0,0,45.9885,0
68.4386,2.02986,0,0,1.4835,0.0721481,0.36288,3.6288,61.308,0.372237,0,0,0.925517,0.270188,0.283092,0.66528,12.849,1,0.375708,0.36288,0,45.0967,5.32623,39.7577,0.84672,12.849,0.84672,3695.15,0,18.483,0,0.575363,1.63394,3.90957,1.3218,4.79708,0.42336,18.483,0.42336,0,0,442.007,0,1.02816,0,0,1.60352,0.575363,1.028160,1,0,44.8378,0,0,0,44.8378,0
67.3385,2.02096,0,0,1.35074,0.0669778,0.36288,3.6288,61.308,0.372314,0,0,0.875284,0.281157,0.221812,0.66528,12.849,1,0.379425,0.36288,0,39.6985,5.46738,34.2145,0.84672,12.849,0.84672,3695.15,0,18.483,0,0.422202,1.63403,3.79455,1.37332,4.47746,0.42336,18.483,0.42336,0,0,442.007,0,1.02816,0,0,1.45036,0.422202,1.028160,1,0,38.9138,0,0,0,38.9138,0
66.3689,2.05768,0,0,1.49245,0.0414971,0.36288,3.6288,61.308,0.406615,0,0,0.972864,0.300942,0.265307,0.66528,12.849,1,0.392631,0.36288,0,39.8791,5.5838,34.2656,0.84672,12.849,0.84672,3695.15,0,18.483,0,0.484091,1.63412,3.23911,1.4317,3.92562,0.42336,18.483,0.42336,0,0,442.007,0,1.02816,0,0,1.51225,0.484091,1.028160,1,0,38.4565,0,0,0,38.4565,0
65.3138,2.04829,0,0,1.39729,0.0411799,0.36288,3.6288,61.308,0.406694,0,0,0.938148,0.300942,0.230512,0.66528,12.849,1,0.396549,0.36288,0,37.4086,5.5838,31.7911,0.84672,12.849,0.84672,3695.15,0,18.483,0,0.494839,1.67354,3.35033,1.4317,4.087,0.42336,18.483,0.42336,0,0,442.007,0,1.02816,0,0,1.523,0.494839,1.028160,1,0,36.1087,0,0,0,36.1087,0
64.1077,2.03785,0,0,1.23546,0.0408347,0.36288,3.6288,61.308,0.406773,0,0,0.883155,0.300942,0.17544,0.66528,12.849,1,0.4009,0.36288,0,35.3374,5.5838,29.7156,0.84672,12.849,0.84672,3695.15,0,18.483,0,0.337038,1.67363,3.14302,1.4317,3.72199,0.42336,18.483,0.42336,0,0,442.007,0,1.02816,0,0,1.3652,0.337038,1.028160,1,0,33.613,0,0,0,33.613,0
62.8044,2.02561,0,0,1.11643,0.031246,0.36288,3.6288,61.308,0.406852,0,0,0.874428,0.306122,0.161454,0.66528,12.849,1,0.405989,0.36288,0,33.4976,5.73334,27.7212,0.84672,12.849,0.84672,3695.15,0,18.483,0,0.296309,1.67372,3.13607,1.46158,3.64452,0.42336,18.483,0.42336,0,0,442.007,0,1.02816,0,0,1.32447,0.296309,1.028160,1,0,31.5271,0,0,0,31.5271,0
61.1723,2.14639,0,0,0.892443,0.0153084,0.36288,3.6288,61.308,0.530487,0,0,0.848111,0.304202,0.0134216,0.66528,12.849,1,0.439124,0.36288,0,28.9071,5.79837,23.0325,0.84672,12.849,0.84672,3695.15,0,18.483,0,0.418686,1.67381,3.2115,1.44329,3.86071,0.42336,18.483,0.42336,0,0,442.007,0,1.02816,0,0,1.44685,0.418686,1.028160,1,0,26.9066,0,0,0,26.9066,0
59.4651,2.12761,0,0,0.790672,0.00739582,0.36288,3.6288,61.2412,0.530573,0,0,0.768347,0.304579,0,0.66528,12.849,1,0.446896,0.36288,0,24.4979,5.76723,18.6467,0.84672,12.849,0.84672,3695.15,0,18.483,0,0.468003,1.80711,3.30677,1.47754,4.10434,0.42336,18.483,0.42336,0,0,442.007,0,1.02816,0,0,1.49616,0.468003,1.028160,1,0,22.751,0,0,0,22.751,0
57.7948,2.10724,0,0,0.807175,0.00728381,0.36288,3.6288,61.1419,0.530659,0,0,0.735843,0.30445,0,0.66528,12.849,1,0.455324,0.36288,0,22.6016,5.76723,16.742,0.84672,12.849,0.84672,3695.15,0,18.483,0,0.407108,1.80721,3.39003,1.47754,4.12681,0.42336,18.483,0.42336,0,0,442.007,0,1.02816,0,0,1.43527,0.407108,1.028160,1,0,20.8688,0,0,0,20.8688,0
56.5366,2.08654,0,0,1.2029,0.0116836,0.36288,3.6288,61.1791,0.530745,0,0,0.871154,0.303188,0,0.66528,12.849,1,0.463883,0.36288,0,29.0944,5.73754,23.2559,0.84672,12.849,0.84672,3695.15,0,18.483,0,0.700946,1.80731,3.71536,1.4739,4.74972,0.42336,18.483,0.42336,0,0,442.007,0,1.02816,0,0,1.72911,0.700946,1.028160,1,0,28.0056,0,0,0,28.0056,0
55.8333,2.07046,0,0,1.76259,0.0326029,0.36288,3.6288,61.308,0.530831,0,0,1.09935,0.272607,0.167065,0.66528,12.849,1,0.470551,0.36288,0,43.7644,5.47956,38.1771,0.84672,12.849,0.84672,3695.15,0,18.483,0,0.798492,1.80741,4.62517,1.40421,5.82687,0.42336,18.483,0.42336,0,0,442.007,0,1.02816,0,0,1.82665,0.798492,1.028160,1,0,44.1711,0,0,0,44.1711,0
54.8825,1.99842,0,0,1.46712,0.0566032,0.36288,3.6288,61.308,0.455903,0,0,0.868044,0.201051,0.21109,0.66528,12.849,1,0.4599,0.36288,0,35.1538,4.46275,30.5941,0.84672,12.849,0.84672,3695.15,0,18.483,0,0.445746,1.80751,5.09987,1.10382,6.24931,0.42336,18.483,0.42336,0,0,442.007,0,1.02816,0,0,1.47391,0.445746,1.028160,1,0,37.0545,0,0,0,37.0545,0
54.1657,1.98617,0,0,1.69708,0.0648436,0.36288,3.6288,61.308,0.455985,0,0,1.55597,0.198905,0.901079,0.66528,12.849,1,0.464998,0.36288,0,40.5072,4.40338,36.0017,0.84672,12.849,0.84672,3695.15,0,18.483,0,1.41015,1.73125,7.37696,1.09653,9.42183,0.42336,18.483,0.42336,0,0,442.007,0,1.02816,0,0,2.43831,1.41015,1.028160,1,0,46.3246,0,0,0,46.3246,0
53.3966,1.97677,0,0,1.63495,0.0643762,0.36288,3.6288,61.308,0.456067,0,0,1.4289,0.198905,0.773928,0.66528,12.849,1,0.468922,0.36288,0,38.8498,4.40338,34.3403,0.84672,12.849,0.84672,3695.15,0,18.483,0,1.34086,1.73135,6.32765,1.09653,8.30332,0.42336,18.483,0.42336,0,0,442.007,0,1.02816,0,0,2.36902,1.34086,1.028160,1,0,43.4176,0,0,0,43.4176,0
52.6118,1.9665,0,0,1.60846,0.0638747,0.36288,3.6288,61.308,0.456149,0,0,1.63354,0.198905,0.978485,0.66528,12.849,1,0.473205,0.36288,0,37.9512,4.40338,33.4375,0.84672,12.849,0.84672,3695.15,0,18.483,0,1.82179,1.73144,7.15878,1.09653,9.61547,0.42336,18.483,0.42336,0,0,442.007,0,1.02816,0,0,2.84995,1.82179,1.028160,1,0,44.0314,0,0,0,44.0314,0
52.3216,1.90529,0,0,2.09201,0.114085,0.36288,3.6288,61.308,0.387934,0,0,0.969192,0.184263,0.396995,0.66528,12.849,1,0.465316,0.36288,0,48.8695,4.35962,44.4074,0.84672,12.849,0.84672,3695.15,0,18.483,0,1.14351,1.73154,6.50693,1.01219,8.36979,0.42336,18.483,0.42336,0,0,442.007,0,1.02816,0,0,2.17167,1.14351,1.028160,1,0,53.1742,0,0,0,53.1742,0
52.7829,1.90146,0,0,2.90206,0.176326,0.36288,3.6288,61.308,0.388012,0,0,1.09543,0.138334,0.569084,0.66528,12.849,1,0.466956,0.36288,0,45.3721,3.64728,41.6207,0.84672,12.849,0.84672,3695.15,0,18.483,0,1.02411,1.66376,7.46461,0.754543,9.39794,0.42336,18.483,0.42336,0,0,442.007,0,1.02816,0,0,2.05227,1.02411,1.028160,1,0,51.5878,0,0,0,51.5878,0
54.2051,1.90781,0,0,3.86999,0.177165,0.36288,3.6288,61.308,0.388091,0,0,1.22586,0.138334,0.699435,0.66528,12.849,1,0.464421,0.36288,0,55.0833,3.64728,51.3345,0.84672,12.849,0.84672,3695.15,0,18.483,0,1.46859,1.66385,8.76087,0.754543,11.1388,0.42336,18.483,0.42336,0,0,442.007,0,1.02816,0,0,2.49675,1.46859,1.028160,1,0,63.1727,0,0,0,63.1727,0
55.293,1.92675,0,0,3.55731,0.179754,0.36288,3.6288,61.308,0.388169,0,0,2.03384,0.138334,1.50734,0.66528,12.849,1,0.456725,0.36288,0,97.0523,3.64728,93.3111,0.84672,12.849,0.84672,3695.15,0,18.483,0,1.44733,1.66395,11.7707,0.754543,14.1274,0.42336,18.483,0.42336,0,0,442.007,0,1.02816,0,0,2.47549,1.44733,1.028160,1,0,108.946,0,0,0,108.946,0
56.5079,1.79468,0,0,3.58132,0.208908,0.36288,3.6288,61.308,0.245974,0,0,2.04877,0.185816,1.61698,0.66528,12.849,1,0.417047,0.36288,0,78.6097,3.98988,74.5657,0.84672,12.849,0.84672,3695.15,0,18.483,0,1.80795,1.66404,7.72454,0.964358,10.2322,0.42336,18.483,0.42336,0,0,442.007,0,1.02816,0,0,2.83611,1.80795,1.028160,1,0,86.4148,0,0,0,86.4148,0
59.1342,1.80884,0,0,5.03011,0.232078,0.36288,3.6288,61.308,0.246044,0,0,3.63582,0.221427,3.16835,0.66528,12.849,1,0.411302,0.36288,0,80.0215,4.24683,75.7263,0.84672,12.849,0.84672,3695.15,0,18.483,0,3.97828,1.5113,14.6178,1.12172,18.9856,0.42336,18.483,0.42336,0,0,442.007,0,1.02816,0,0,5.00644,3.97828,1.028160,1,0,97.8802,0,0,0,97.8802,0
60.5774,1.83806,0,0,3.88227,0.238109,0.36288,3.6288,61.308,0.246114,0,0,1.40509,0.221427,0.937547,0.66528,12.849,1,0.399383,0.36288,0,64.7363,4.24683,60.453,0.84672,12.849,0.84672,3695.15,0,18.483,0,2.31604,1.51138,6.56361,1.12172,9.26931,0.42336,18.483,0.42336,0,0,442.007,0,1.02816,0,0,3.3442,2.31604,1.028160,1,0,70.6598,0,0,0,70.6598,0
61.9336,1.85345,0,0,3.81062,0.238109,0.36288,3.6288,61.308,0.246185,0,0,1.21503,0.235461,0.733388,0.66528,12.849,1,0.393134,0.36288,0,63.5014,4.29861,59.1725,0.84672,12.849,0.84672,3695.15,0,18.483,0,1.26611,1.51146,7.83389,1.16168,9.44978,0.42336,18.483,0.42336,0,0,442.007,0,1.02816,0,0,2.29427,1.26611,1.028160,1,0,69.3557,0,0,0,69.3557,0
62.9093,1.8675,0,0,3.44248,0.236399,0.36288,3.6288,61.308,0.246255,0,0,0.813652,0.26307,0.304327,0.66528,12.849,1,0.387439,0.36288,0,74.4567,4.41042,70.0217,0.84672,12.849,0.84672,3695.15,0,18.483,0,0.765279,1.51155,4.84447,1.24363,5.87766,0.42336,18.483,0.42336,0,0,442.007,0,1.02816,0,0,1.79344,0.765279,1.028160,1,0,76.2037,0,0,0,76.2037,0
66.4774,1.93619,0,0,6.11316,0.245971,0.36288,3.6288,61.308,0.287533,0,0,1.63166,0.205807,1.13832,0.66528,12.849,1,0.395461,0.36288,0,100.471,3.87582,96.5627,0.84672,12.849,0.84672,3695.15,0,18.483,0,1.9183,1.51163,11.3735,1.08247,13.721,0.42336,18.483,0.42336,0,0,442.007,0,1.02816,0,0,2.94646,1.9183,1.028160,1,0,111.422,0,0,0,111.422,0
72.29,1.97147,0,0,8.99005,0.241394,0.964586,3.6288,61.308,0.2876,0,0,2.17538,0.196506,1.69127,0.66528,12.849,1,0.381053,0.964586,0,205.112,3.55425,202.141,0.84672,12.849,0.84672,3695.15,0,18.483,0,3.12506,1.56006,15.3821,1.0423,19.0249,0.42336,18.483,0.42336,0,0,442.007,0,1.02816,0,0,4.15322,3.12506,1.028160,1,0,222.857,0,0,0,222.857,0
72.29,2.02369,0,0,5.17902,0.252532,2.9028,3.6288,61.308,0.287666,0,0,2.30748,0.196506,1.82331,0.66528,12.849,1,0.359696,2.9028,0,116.502,3.55425,115.491,0.84672,12.849,0.84672,3695.15,0,18.483,0,3.35388,1.56014,13.7821,1.0423,17.6538,0.42336,18.483,0.42336,0,0,442.007,0,1.02816,0,0,4.38204,3.35388,1.028160,1,0,134.968,0,0,0,134.968,0
72.29,2.0238,0,0,4.72385,0.247671,2.45238,3.6288,61.308,0.287731,0,0,2.09823,0.197745,1.61276,0.66528,12.849,1,0.359714,2.45238,0,119.114,3.63789,117.568,0.84672,12.849,0.84672,3695.15,0,18.483,0,2.98846,1.56022,11.1669,1.01828,14.6973,0.42336,18.483,0.42336,0,0,442.007,0,1.02816,0,0,4.01662,2.98846,1.028160,1,0,133.879,0,0,0,133.879,0
72.29,2.2213,0,0,4.70335,0.25859,2.22346,3.6288,61.308,0.442526,0,0,1.65176,0.158718,1.05052,0.66528,12.849,1,0.39482,2.22346,0,92.8506,3.13196,91.5473,0.84672,12.849,0.84672,3695.15,0,18.483,0,1.79609,1.5603,9.68734,0.922322,12.1214,0.42336,18.483,0.42336,0,0,442.007,0,1.02816,0,0,2.82425,1.79609,1.028160,1,0,104.719,0,0,0,104.719,0
72.29,2.22141,0,0,3.32742,0.274623,0.831382,3.6288,61.308,0.4426,0,0,2.70259,0.14023,2.11976,0.66528,12.849,1,0.39484,0.831382,0,82.6511,2.72884,80.3588,0.84672,12.849,0.84672,3695.15,0,18.483,0,2.21916,1.73295,12.9551,0.941582,15.9656,0.42336,18.483,0.42336,0,0,442.007,0,1.02816,0,0,3.24732,2.21916,1.028160,1,0,98.4442,0,0,0,98.4442,0
72.29,2.22153,0,0,4.46259,0.274623,1.96645,3.6288,61.308,0.442674,0,0,1.96058,0.14023,1.37768,0.66528,12.849,1,0.394859,1.96645,0,131.503,2.72884,130.345,0.84672,12.849,0.84672,3695.15,0,18.483,0,3.15547,1.73303,13.501,0.941582,17.4479,0.42336,18.483,0.42336,0,0,442.007,0,1.02816,0,0,4.18363,3.15547,1.028160,1,0,149.171,0,0,0,149.171,0
72.29,2.22164,0,0,4.05722,0.335385,1.5002,3.6288,61.308,0.442747,0,0,2.0483,0.127568,1.47799,0.66528,12.849,1,0.394879,1.5002,0,112.057,2.8443,110.318,0.84672,12.849,0.84672,3695.15,0,18.483,0,4.32811,1.73312,12.8774,0.895055,18.0436,0.42336,18.483,0.42336,0,0,442.007,0,1.02816,0,0,5.35627,4.32811,1.028160,1,0,129.84,0,0,0,129.84,0
72.29,1.94013,0,0,8.67136,0.342271,6.38896,3.6288,61.308,0.235132,0,0,4.0785,0.114786,3.72858,0.66528,12.849,1,0.344843,6.38896,0,142.682,3.01102,145.715,0.84672,12.849,0.84672,3695.15,0,18.483,0,5.36452,1.73321,17.3472,0.905671,23.5393,0.42336,18.483,0.42336,0,0,442.007,0,1.02816,0,0,6.39268,5.36452,1.028160,1,0,172.983,0,0,0,172.983,0
72.29,1.94022,0,0,6.35575,0.334869,4.08065,3.6288,61.308,0.235195,0,0,3.29105,0.0959579,2.9599,0.66528,12.849,1,0.34486,4.08065,0,102.392,3.11545,103.012,0.84672,12.849,0.84672,3695.15,0,18.483,0,3.71497,1.49718,13.7454,0.889361,18.0682,0.42336,18.483,0.42336,0,0,442.007,0,1.02816,0,0,4.74313,3.71497,1.028160,1,0,124.04,0,0,0,124.04,0
72.29,1.94032,0,0,4.9336,0.334869,2.6584,3.6288,61.308,0.235258,0,0,2.5619,0.0959579,2.23068,0.66528,12.849,1,0.344878,2.6584,0,107.895,3.11545,107.094,0.84672,12.849,0.84672,3695.15,0,18.483,0,2.64474,1.49726,11.1219,0.889361,14.3746,0.42336,18.483,0.42336,0,0,442.007,0,1.02816,0,0,3.6729,2.64474,1.028160,1,0,123.699,0,0,0,123.699,0
72.29,1.94042,0,0,3.98691,0.300885,1.74561,3.6288,61.308,0.235322,0,0,1.71526,0.077909,1.40203,0.66528,12.849,1,0.344895,1.74561,0,88.0615,2.85387,86.6083,0.84672,12.849,0.84672,3695.15,0,18.483,0,1.86196,1.49733,9.82195,0.851785,12.3295,0.42336,18.483,0.42336,0,0,442.007,0,1.02816,0,0,2.89012,1.86196,1.028160,1,0,100.34,0,0,0,100.34,0
72.29,1.94052,0,0,5.00639,0.272836,2.79304,3.6288,61.308,0.235385,0,0,2.38554,0.0779748,2.07218,0.66528,12.849,1,0.344912,2.79304,0,95.9049,2.95521,95.3978,0.84672,12.849,0.84672,3695.15,0,18.483,0,3.27411,1.49741,10.7241,0.845877,14.6498,0.42336,18.483,0.42336,0,0,442.007,0,1.02816,0,0,4.30227,3.27411,1.028160,1,0,112.12,0,0,0,112.12,0
72.29,2.01152,0,0,5.40942,0.315994,3.0819,3.6288,61.308,0.28627,0,0,2.23878,0.138302,1.81421,0.66528,12.849,1,0.357532,3.0819,0,107.544,4.08051,106.188,0.84672,12.849,0.84672,3695.15,0,18.483,0,4.0287,1.49748,9.66384,0.956363,14.2337,0.42336,18.483,0.42336,0,0,442.007,0,1.02816,0,0,5.05686,4.0287,1.028160,1,0,122.236,0,0,0,122.236,0
72.29,2.01162,0,0,4.72681,0.315994,2.39919,3.6288,61.308,0.286336,0,0,2.84482,0.138302,2.42018,0.66528,12.849,1,0.35755,2.39919,0,68.9446,4.08051,66.9057,0.84672,12.849,0.84672,3695.15,0,18.483,0,3.75371,1.55587,9.37682,0.956363,13.73,0.42336,18.483,0.42336,0,0,442.007,0,1.02816,0,0,4.78187,3.75371,1.028160,1,0,83.056,0,0,0,83.056,0
72.29,2.01172,0,0,4.15299,0.315994,1.82527,3.6288,61.308,0.286402,0,0,1.99485,0.138302,1.57014,0.66528,12.849,1,0.357568,1.82527,0,76.8709,4.08051,74.2581,0.84672,12.849,0.84672,3695.15,0,18.483,0,2.87495,1.55595,8.29336,0.956363,11.7679,0.42336,18.483,0.42336,0,0,442.007,0,1.02816,0,0,3.90311,2.87495,1.028160,1,0,87.5962,0,0,0,87.5962,0
72.29,2.01182,0,0,3.52331,0.280282,1.23121,3.6288,61.308,0.286468,0,0,1.56594,0.157333,1.12214,0.66528,12.849,1,0.357586,1.23121,0,71.5211,4.31319,68.0815,0.84672,12.849,0.84672,3695.15,0,18.483,0,2.27409,1.55603,8.07901,1.00216,10.907,0.42336,18.483,0.42336,0,0,442.007,0,1.02816,0,0,3.30225,2.27409,1.028160,1,0,80.1106,0,0,0,80.1106,0
72.29,1.98419,0,0,3.134,0.293904,0.855898,3.6288,61.308,0.266791,0,0,1.04048,0.147564,0.626126,0.66528,12.849,1,0.352675,0.855898,0,48.1878,3.73597,44.955,0.84672,12.849,0.84672,3695.15,0,18.483,0,1.12217,1.5561,5.2935,0.966466,7.00531,0.42336,18.483,0.42336,0,0,442.007,0,1.02816,0,0,2.15033,1.12217,1.028160,1,0,52.5865,0,0,0,52.5865,0
72.29,1.98429,0,0,2.79645,0.27263,0.539525,3.6288,61.308,0.266856,0,0,0.872709,0.177647,0.428206,0.66528,12.849,1,0.352693,0.539525,0,42.8169,4.0521,38.9516,0.84672,12.849,0.84672,3695.15,0,18.483,0,0.962539,1.53348,4.80635,0.991362,6.31101,0.42336,18.483,0.42336,0,0,442.007,0,1.02816,0,0,1.9907,0.962539,1.028160,1,0,45.6909,0,0,0,45.6909,0
72.29,1.98439,0,0,2.6318,0.216451,0.43096,3.6288,61.308,0.266921,0,0,0.867931,0.203806,0.397204,0.66528,12.849,1,0.352711,0.43096,0,39.9295,4.28274,35.725,0.84672,12.849,0.84672,3695.15,0,18.483,0,0.932213,1.53356,4.78312,1.00513,6.24376,0.42336,18.483,0.42336,0,0,442.007,0,1.02816,0,0,1.96037,0.932213,1.028160,1,0,42.366,0,0,0,42.366,0
72.2624,1.98449,0,0,2.53627,0.216451,0.36288,3.6288,61.308,0.266986,0,0,0.867456,0.203806,0.396664,0.66528,12.849,1,0.352729,0.36288,0,38.1766,4.28274,33.904,0.84672,12.849,0.84672,3695.15,0,18.483,0,1.00103,1.53363,5.25586,1.00513,6.78539,0.42336,18.483,0.42336,0,0,442.007,0,1.02816,0,0,2.02919,1.00103,1.028160,1,0,41.0861,0,0,0,41.0861,0
72.1572,2.0785,0,0,2.53922,0.203082,0.36288,3.6288,61.308,0.337077,0,0,0.878541,0.220462,0.321003,0.66528,12.849,1,0.369578,0.36288,0,37.3226,4.74246,32.5734,0.84672,12.849,0.84672,3695.15,0,18.483,0,0.73688,1.53371,4.53417,1.09279,5.71197,0.42336,18.483,0.42336,0,0,442.007,0,1.02816,0,0,1.76504,0.73688,1.028160,1,0,38.6064,0,0,0,38.6064,0
71.8341,2.07768,0,0,2.31034,0.192934,0.36288,3.6288,61.308,0.337145,0,0,0.720204,0.232953,0.150106,0.66528,12.849,1,0.369972,0.36288,0,34.6564,5.08725,29.5621,0.84672,12.849,0.84672,3695.15,0,18.483,0,0.54356,1.61318,4.0541,1.15854,5.05231,0.42336,18.483,0.42336,0,0,442.007,0,1.02816,0,0,1.57172,0.54356,1.028160,1,0,34.7645,0,0,0,34.7645,0
71.4516,2.07496,0,0,2.24781,0.192461,0.36288,3.6288,61.308,0.337214,0,0,0.667138,0.232953,0.0969705,0.66528,12.849,1,0.37115,0.36288,0,32.2208,5.08725,27.1253,0.84672,12.849,0.84672,3695.15,0,18.483,0,0.392826,1.61326,3.73385,1.15854,4.5814,0.42336,18.483,0.42336,0,0,442.007,0,1.02816,0,0,1.42099,0.392826,1.028160,1,0,31.8037,0,0,0,31.8037,0
70.8099,2.0717,0,0,1.97048,0.177596,0.36288,3.6288,61.308,0.341784,0,0,0.62151,0.242397,0.0373294,0.66528,12.849,1,0.372549,0.36288,0,28.7876,5.19435,23.5836,0.84672,12.849,0.84672,3695.15,0,18.483,0,0.30119,1.61334,3.62263,1.1859,4.35126,0.42336,18.483,0.42336,0,0,442.007,0,1.02366,0,0,1.32485,0.30119,1.028160,1,0,27.9722,0,0,0,27.9722,0
69.9809,2.06609,0,0,1.73722,0.137199,0.36288,3.6288,61.308,0.337351,0,0,0.649433,0.274715,0.0373663,0.66528,12.849,1,0.374909,0.36288,0,26.7533,5.4,21.3413,0.84672,12.849,0.84672,3695.15,0,18.483,0,0.322376,1.61342,3.38723,1.27616,4.04687,0.42336,18.483,0.42336,0,0,442.007,0,1.02816,0,0,1.35054,0.322376,1.028160,1,0,25.4255,0,0,0,25.4255,0
68.8758,2.04028,0,0,1.42463,0.12654,0.36288,3.6288,61.308,0.375916,0,0,0.75378,0.296491,0.0813718,0.66528,12.849,1,0.37461,0.36288,0,27.1241,5.24475,21.8676,0.84672,12.849,0.84672,3695.15,0,18.483,0,0.45049,1.6135,3.08705,1.33077,3.82027,0.42336,18.483,0.42336,0,0,442.007,0,1.02816,0,0,1.47865,0.45049,1.028160,1,0,25.7692,0,0,0,25.7692,0
67.6912,2.03031,0,0,1.33404,0.12546,0.36288,3.6288,61.308,0.375987,0,0,0.716576,0.296491,0.0440976,0.66528,12.849,1,0.37876,0.36288,0,27.0886,5.24475,21.828,0.84672,12.849,0.84672,3695.15,0,18.483,0,0.361247,1.63832,3.17246,1.33077,3.84126,0.42336,18.483,0.42336,0,0,442.007,0,1.02816,0,0,1.38941,0.361247,1.028160,1,0,25.7134,0,0,0,25.7134,0
66.3979,2.01936,0,0,1.21325,0.124302,0.36288,3.6288,61.308,0.376057,0,0,0.69876,0.296491,0.0262115,0.66528,12.849,1,0.38331,0.36288,0,26.5585,5.24475,21.2933,0.84672,12.849,0.84672,3695.15,0,18.483,0,0.343241,1.63841,3.03977,1.33077,3.69065,0.42336,18.483,0.42336,0,0,442.007,0,1.02816,0,0,1.3714,0.343241,1.028160,1,0,25.0102,0,0,0,25.0102,0
65.0061,2.00709,0,0,1.1012,0.123039,0.36288,3.6288,61.2182,0.448816,0,0,0.655551,0.296491,0,0.66528,12.849,1,0.388402,0.36288,0,23.6657,5.24475,18.3954,0.84672,12.849,0.84672,3695.15,0,18.483,0,0.261274,1.63849,2.94058,1.33077,3.50957,0.42336,18.483,0.42336,0,0,442.007,0,0.955472,0,0,1.21675,0.261274,1.028160,1,0,21.905,0,0,0,21.905,0
63.6152,2.04003,0,0,1.1127,0.10073,0.36288,3.6288,61.0922,0.557256,0,0,0.762299,0.331081,0,0.66528,12.849,1,0.403229,0.36288,0,20.8782,5.64465,15.1932,0.84672,12.849,0.84672,3695.15,0,18.483,0,0.261274,1.63857,2.80263,1.4978,3.20468,0.42336,18.483,0.42336,0,0,442.007,0,0.881418,0,0,1.14269,0.261274,1.028160,1,0,18.3979,0,0,0,18.3979,0
62.2461,2.02573,0,0,1.12088,0.10134,0.36288,3.6288,61.0561,0.438796,0,0,0.726477,0.323825,0,0.66528,12.849,1,0.409157,0.36288,0,26.9558,5.54662,21.3629,0.84672,12.849,0.84672,3695.15,0,18.483,0,0.261274,1.67809,3.09051,1.46553,3.56434,0.42336,18.483,0.42336,0,0,442.007,0,0.99995,0,0,1.26122,0.261274,1.028160,1,0,24.9273,0,0,0,24.9273,0
60.8214,2.01123,0,0,1.04954,0.100213,0.36288,3.6288,60.9795,0.428388,0,0,0.675588,0.323751,0,0.66528,12.849,1,0.415164,0.36288,0,21.6433,5.54662,16.0444,0.84672,12.849,0.84672,3695.15,0,18.483,0,0.227405,1.67817,2.78586,1.46553,3.2259,0.42336,18.483,0.42336,0,0,442.007,0,1.01043,0,0,1.23784,0.227405,1.028160,1,0,19.2703,0,0,0,19.2703,0
59.3193,1.99568,0,0,0.955584,0.0990403,0.36288,3.6288,60.6784,0.618929,0,0,0.64139,0.323594,0,0.66528,12.849,1,0.421604,0.36288,0,19.7249,5.54662,14.1195,0.84672,12.849,0.84672,3695.15,0,18.483,0,0.227405,1.67825,2.59858,1.46553,3.03871,0.42336,18.483,0.42336,0,0,442.007,0,0.819962,0,0,1.04737,0.227405,1.028160,1,0,17.1582,0,0,0,17.1582,0
57.7619,2.1109,0,0,1.00698,0.0906359,0.36288,3.6288,60.574,0.534692,0,0,0.764873,0.334565,0,0.66528,12.849,1,0.457236,0.36288,0,17.8722,5.70094,12.0769,0.84672,12.849,0.84672,3695.15,0,18.483,0,0.349358,1.67834,3.74047,1.51682,4.25134,0.42336,18.483,0.42336,0,0,442.007,0,1.02816,0,0,1.37752,0.349358,1.028160,1,0,16.3282,0,0,0,16.3282,0
56.0923,2.09151,0,0,0.885133,0.1003,0.36288,3.6288,60.3608,0.61501,0,0,0.739574,0.337754,0,0.66528,12.849,1,0.465252,0.36288,0,14.6341,5.55775,8.97396,0.84672,12.849,0.84672,3695.15,0,18.483,0,0.227405,1.81198,3.153,1.5155,3.67689,0.42336,18.483,0.42336,0,0,442.007,0,0.94792,0,0,1.17533,0.227405,1.028160,1,0,12.6508,0,0,0,12.6508,0
54.2898,2.06995,0,0,0.728905,0.0986634,0.36288,3.6288,59.9383,0.728911,0,0,0.643709,0.337297,0,0.66528,12.849,1,0.474161,0.36288,0,18.1673,5.55775,12.4983,0.84672,12.849,0.84672,3695.15,0,18.483,0,0.204422,1.81208,2.81297,1.5155,3.31397,0.42336,18.483,0.42336,0,0,442.007,0,0.834097,0,0,1.03852,0.204422,1.028160,1,0,15.8123,0,0,0,15.8123,0
52.5906,2.04571,0,0,0.806345,0.0968965,0.36288,3.6288,59.9512,0.534927,0,0,0.88424,0.33639,0,0.66528,12.849,1,0.484168,0.36288,0,15.5761,5.55775,9.89706,0.84672,12.849,0.84672,3695.15,0,18.483,0,0.331361,1.81217,3.36154,1.5155,3.98957,0.42336,18.483,0.42336,0,0,442.007,0,1.02816,0,0,1.35952,0.331361,1.028160,1,0,13.8866,0,0,0,13.8866,0
50.926,2.02191,0,0,0.811823,0.0916067,0.36288,3.6288,59.8161,0.535005,0,0,0.734158,0.334273,0,0.66528,12.849,1,0.493995,0.36288,0,16.9963,5.37679,11.4884,0.84672,12.849,0.84672,3695.15,0,18.483,0,0.265084,1.81226,4.28973,1.46723,4.89985,0.42336,18.483,0.42336,0,0,442.007,0,1.02816,0,0,1.29324,0.265084,1.028160,1,0,16.3882,0,0,0,16.3882,0
49.8352,1.93668,0,0,1.27824,0.0695593,0.36288,3.6288,59.8565,0.459869,0,0,0.862402,0.362096,0,0.66528,12.849,1,0.488639,0.36288,0,23.094,5.52973,17.4385,0.84672,12.849,0.84672,3695.15,0,18.483,0,0.426799,1.81235,7.86214,1.66233,8.43896,0.42336,18.483,0.42336,0,0,442.007,0,1.02816,0,0,1.45496,0.426799,1.028160,1,0,25.8775,0,0,0,25.8775,0
48.9008,1.92077,0,0,1.46698,0.117698,0.36288,3.6288,59.9124,0.459944,0,0,0.83694,0.321165,0,0.66528,12.849,1,0.495231,0.36288,0,19.7948,5.19844,14.464,0.84672,12.849,0.84672,3695.15,0,18.483,0,0.370017,1.73588,5.73057,1.54854,6.28793,0.42336,18.483,0.42336,0,0,442.007,0,1.02816,0,0,1.39818,0.370017,1.028160,1,0,20.7519,0,0,0,20.7519,0
48.7977,1.9068,0,0,2.28309,0.116526,0.36288,3.6288,60.5187,0.460018,0,0,1.38763,0.321279,0,0.66528,12.849,1,0.501023,0.36288,0,32.178,5.19844,26.8414,0.84672,12.849,0.84672,3695.15,0,18.483,0,1.38054,1.73597,10.222,1.54854,11.79,0.42336,18.483,0.42336,0,0,442.007,0,1.02816,0,0,2.4087,1.38054,1.028160,1,0,38.6313,0,0,0,38.6313,0
48.5132,1.90532,0,0,2.10007,0.116396,0.36288,3.6288,61.0123,0.460093,0,0,1.27623,0.322522,0,0.66528,12.849,1,0.501693,0.36288,0,58.3022,5.19844,52.9649,0.84672,12.849,0.84672,3695.15,0,18.483,0,1.16003,1.73605,8.64017,1.54854,9.98772,0.42336,18.483,0.42336,0,0,442.007,0,1.02816,0,0,2.18819,1.16003,1.028160,1,0,62.9527,0,0,0,62.9527,0
47.5798,1.85195,0,0,1.44475,0.163262,0.36288,3.6288,61.1792,0.39169,0,0,0.836603,0.277988,0,0.66528,12.849,1,0.490499,0.36288,0,31.717,5.02044,26.5689,0.84672,12.849,0.84672,3695.15,0,18.483,0,0.438091,1.73614,5.13009,1.32463,5.97969,0.42336,18.483,0.42336,0,0,442.007,0,1.02816,0,0,1.46625,0.438091,1.028160,1,0,32.5486,0,0,0,32.5486,0
46.7499,1.83789,0,0,1.53109,0.16023,0.36288,3.6288,61.308,0.391761,0,0,0.992952,0.267977,0.204462,0.66528,12.849,1,0.496326,0.36288,0,38.9519,4.96744,33.851,0.84672,12.849,0.84672,3695.15,0,18.483,0,0.668304,1.66817,9.5228,1.2269,10.6324,0.42336,18.483,0.42336,0,0,442.007,0,1.02816,0,0,1.69646,0.668304,1.028160,1,0,44.6878,0,0,0,44.6878,0
46.5794,1.82512,0,0,2.20205,0.184584,0.36288,3.6288,61.308,0.391832,0,0,1.29552,0.258506,0.645187,0.66528,12.849,1,0.501626,0.36288,0,58.44,4.68149,53.6198,0.84672,12.849,0.84672,3695.15,0,18.483,0,1.00774,1.66826,9.0701,1.18536,10.5607,0.42336,18.483,0.42336,0,0,442.007,0,1.02816,0,0,2.0359,1.00774,1.028160,1,0,64.8257,0,0,0,64.8257,0
48.735,1.82254,0,0,4.54454,0.203559,0.36288,3.6288,61.308,0.391903,0,0,2.21765,0.251239,1.5745,0.66528,12.849,1,0.502749,0.36288,0,64.524,4.46701,59.9172,0.84672,12.849,0.84672,3695.15,0,18.483,0,1.84245,1.66834,15.2894,1.15422,17.646,0.42336,18.483,0.42336,0,0,442.007,0,1.02816,0,0,2.87061,1.84245,1.028160,1,0,79.1377,0,0,0,79.1377,0
50.0182,1.71588,0,0,3.57483,0.212826,0.36288,3.6288,61.308,0.249327,0,0,1.52703,0.24572,1.03199,0.66528,12.849,1,0.452394,0.36288,0,61.6631,4.25259,57.321,0.84672,12.849,0.84672,3695.15,0,18.483,0,1.75781,1.66843,9.53096,1.08893,11.8683,0.42336,18.483,0.42336,0,0,442.007,0,1.02816,0,0,2.78597,1.75781,1.028160,1,0,70.2212,0,0,0,70.2212,0
51.928,1.73337,0,0,4.22773,0.221724,0.36288,3.6288,61.308,0.249391,0,0,2.47717,0.238363,1.98942,0.66528,12.849,1,0.44528,0.36288,0,73.2482,3.96669,69.1991,0.84672,12.849,0.84672,3695.15,0,18.483,0,3.89779,1.51527,15.996,1.00187,20.4072,0.42336,18.483,0.42336,0,0,442.007,0,1.02816,0,0,4.92595,3.89779,1.028160,1,0,91.5957,0,0,0,91.5957,0
53.9068,1.75836,0,0,4.32631,0.2262,0.36288,3.6288,61.308,0.249455,0,0,2.507,0.238363,2.01918,0.66528,12.849,1,0.435088,0.36288,0,81.5645,3.96669,77.5256,0.84672,12.849,0.84672,3695.15,0,18.483,0,4.0783,1.51535,20.216,1.00187,24.8077,0.42336,18.483,0.42336,0,0,442.007,0,1.02816,0,0,5.10646,4.0783,1.028160,1,0,104.353,0,0,0,104.353,0
55.6517,1.78308,0,0,4.12496,0.234118,0.36288,3.6288,61.308,0.249519,0,0,2.22282,0.223233,1.75007,0.66528,12.849,1,0.425009,0.36288,0,159.06,3.80169,155.196,0.84672,12.849,0.84672,3695.15,0,18.483,0,3.32783,1.51543,12.3083,0.957135,16.1944,0.42336,18.483,0.42336,0,0,442.007,0,1.02816,0,0,4.35599,3.32783,1.028160,1,0,173.14,0,0,0,173.14,0
57.0366,1.80396,0,0,3.78797,0.236211,0.36288,3.6288,61.308,0.249583,0,0,1.99091,0.202869,1.53845,0.66528,12.849,1,0.416504,0.36288,0,116.494,3.47244,112.968,0.84672,12.849,0.84672,3695.15,0,18.483,0,2.76547,1.5155,10.3817,0.95731,13.7054,0.42336,18.483,0.42336,0,0,442.007,0,1.02816,0,0,3.79363,2.76547,1.028160,1,0,128.212,0,0,0,128.212,0
62.042,1.87699,0,0,7.48976,0.24453,0.36288,3.6288,61.308,0.290963,0,0,1.84961,0.24012,1.31853,0.66528,12.849,1,0.422841,0.36288,0,133.094,4.10015,128.934,0.84672,12.849,0.84672,3695.15,0,18.483,0,2.42763,1.51558,14.505,0.904332,17.5439,0.42336,18.483,0.42336,0,0,442.007,0,1.02816,0,0,3.45579,2.42763,1.028160,1,0,147.796,0,0,0,147.796,0
67.6748,1.93235,0,0,8.18415,0.256057,0.36288,3.6288,61.308,0.291022,0,0,3.00639,0.24012,2.47525,0.66528,12.849,1,0.400192,0.36288,0,175.176,4.10015,171.039,0.84672,12.849,0.84672,3695.15,0,18.483,0,3.97616,1.56413,20.4085,0.904332,25.0444,0.42336,18.483,0.42336,0,0,442.007,0,1.02816,0,0,5.00432,3.97616,1.028160,1,0,198.558,0,0,0,198.558,0
72.29,1.98796,0,0,7.65279,0.267923,0.781752,3.6288,61.308,0.291082,0,0,2.73597,0.24012,2.20477,0.66528,12.849,1,0.377441,0.781752,0,163.082,4.10015,159.386,0.84672,12.849,0.84672,3695.15,0,18.483,0,1.98153,1.5642,11.782,0.904332,14.4234,0.42336,18.483,0.42336,0,0,442.007,0,1.02816,0,0,3.00969,1.98153,1.028160,1,0,176.014,0,0,0,176.014,0
72.29,2.02904,0,0,6.86647,0.276099,4.56133,3.6288,61.308,0.291141,0,0,1.49936,0.203924,1.00429,0.66528,12.849,1,0.360646,4.56133,0,150.363,3.63279,150.931,0.84672,12.849,0.84672,3695.15,0,18.483,0,1.36459,1.56427,10.623,0.805704,12.7461,0.42336,18.483,0.42336,0,0,442.007,0,1.02816,0,0,2.39275,1.36459,1.028160,1,0,164.681,0,0,0,164.681,0
72.29,2.22705,0,0,13.5153,0.276772,11.0115,3.6288,61.308,0.44633,0,0,2.6456,0.160452,2.03882,0.66528,12.849,1,0.395841,11.0115,0,210.16,3.18087,217.595,0.84672,12.849,0.84672,3695.15,0,18.483,0,3.78634,1.56434,17.6826,0.798314,22.235,0.42336,18.483,0.42336,0,0,442.007,0,1.02816,0,0,4.8145,3.78634,1.028160,1,0,241.869,0,0,0,241.869,0
72.29,2.22715,0,0,13.6613,0.277277,11.1569,3.6288,61.308,0.446396,0,0,2.49554,0.127847,1.9213,0.66528,12.849,1,0.395859,11.1569,0,476.521,2.84193,484.44,0.84672,12.849,0.84672,3695.15,0,18.483,0,4.65013,1.73743,22.1966,0.792771,27.7914,0.42336,18.483,0.42336,0,0,442.007,0,1.02816,0,0,5.67829,4.65013,1.028160,1,0,514.153,0,0,0,514.153,0
72.29,2.22725,0,0,6.79853,0.277277,4.29401,3.6288,61.308,0.446463,0,0,1.37634,0.127847,0.802033,0.66528,12.849,1,0.395877,4.29401,0,237.306,2.84193,238.362,0.84672,12.849,0.84672,3695.15,0,18.483,0,2.43716,1.73751,10.901,0.792771,14.2829,0.42336,18.483,0.42336,0,0,442.007,0,1.02816,0,0,3.46532,2.43716,1.028160,1,0,253.447,0,0,0,253.447,0
72.29,2.22735,0,0,5.77053,0.290292,3.25289,3.6288,61.308,0.446529,0,0,1.65678,0.224287,0.985964,0.66528,12.849,1,0.395894,3.25289,0,203.274,3.99726,202.134,0.84672,12.849,0.84672,3695.15,0,18.483,0,2.70276,1.73758,11.3347,0.992472,14.7826,0.42336,18.483,0.42336,0,0,442.007,0,1.02816,0,0,3.73092,2.70276,1.028160,1,0,217.902,0,0,0,217.902,0
72.29,1.94511,0,0,5.17393,0.297778,2.93104,3.6288,61.308,0.238374,0,0,2.44132,0.170185,2.03276,0.66528,12.849,1,0.345728,2.93104,0,171.308,2.84613,171.047,0.84672,12.849,0.84672,3695.15,0,18.483,0,3.10246,1.73766,10.5469,0.858698,14.5284,0.42336,18.483,0.42336,0,0,442.007,0,1.02816,0,0,4.13062,3.10246,1.028160,1,0,187.608,0,0,0,187.608,0
72.29,1.94519,0,0,5.41354,0.289817,3.17853,3.6288,61.308,0.238431,0,0,1.72319,0.160776,1.32398,0.66528,12.849,1,0.345744,3.17853,0,153.031,2.54404,153.32,0.84672,12.849,0.84672,3695.15,0,18.483,0,2.08126,1.50102,6.67867,0.940604,9.32035,0.42336,18.483,0.42336,0,0,442.007,0,1.02816,0,0,3.10942,2.08126,1.028160,1,0,163.964,0,0,0,163.964,0
72.29,1.94528,0,0,7.93852,0.289817,5.70342,3.6288,61.308,0.238488,0,0,2.96961,0.160776,2.57035,0.66528,12.849,1,0.345759,5.70342,0,221.645,2.54404,224.458,0.84672,12.849,0.84672,3695.15,0,18.483,0,4.99014,1.50109,13.8425,0.940604,19.3931,0.42336,18.483,0.42336,0,0,442.007,0,1.02816,0,0,6.0183,4.99014,1.028160,1,0,246.422,0,0,0,246.422,0
72.29,1.94537,0,0,5.63947,0.294201,3.3999,3.6288,61.308,0.238545,0,0,1.77897,0.21432,1.3261,0.66528,12.849,1,0.345775,3.3999,0,181.895,4.05993,180.89,0.84672,12.849,0.84672,3695.15,0,18.483,0,2.73415,1.50116,8.29526,1.17405,11.3565,0.42336,18.483,0.42336,0,0,442.007,0,1.02816,0,0,3.76231,2.73415,1.028160,1,0,193.572,0,0,0,193.572,0
72.29,1.94546,0,0,5.16783,0.305678,2.91669,3.6288,61.308,0.238602,0,0,2.47693,0.213336,2.02499,0.66528,12.849,1,0.34579,2.91669,0,160.772,4.06473,159.278,0.84672,12.849,0.84672,3695.15,0,18.483,0,2.81595,1.50123,8.4138,1.18309,11.5479,0.42336,18.483,0.42336,0,0,442.007,0,1.02816,0,0,3.84411,2.81595,1.028160,1,0,172.851,0,0,0,172.851,0
72.29,2.01663,0,0,5.65542,0.329223,3.30956,3.6288,61.308,0.28961,0,0,1.86667,0.183367,1.3937,0.66528,12.849,1,0.358441,3.30956,0,116.942,3.74475,116.148,0.84672,12.849,0.84672,3695.15,0,18.483,0,3.19276,1.5013,9.95976,1.1872,13.4666,0.42336,18.483,0.42336,0,0,442.007,0,1.02816,0,0,4.22092,3.19276,1.028160,1,0,131.008,0,0,0,131.008,0
72.29,2.01672,0,0,5.74214,0.295238,3.43018,3.6288,61.308,0.289669,0,0,1.36729,0.165318,0.912301,0.66528,12.849,1,0.358457,3.43018,0,210.354,3.48316,209.942,0.84672,12.849,0.84672,3695.15,0,18.483,0,2.64016,1.55982,9.2213,1.14962,12.2717,0.42336,18.483,0.42336,0,0,442.007,0,1.02816,0,0,3.66832,2.64016,1.028160,1,0,223.126,0,0,0,223.126,0
72.29,2.01681,0,0,3.82166,0.295238,1.50961,3.6288,61.308,0.289729,0,0,1.09202,0.165318,0.636972,0.66528,12.849,1,0.358473,1.50961,0,130.303,3.48316,127.971,0.84672,12.849,0.84672,3695.15,0,18.483,0,1.6569,1.55989,6.20304,1.14962,8.27021,0.42336,18.483,0.42336,0,0,442.007,0,1.02816,0,0,2.68506,1.6569,1.028160,1,0,136.878,0,0,0,136.878,0
72.29,2.0169,0,0,4.33717,0.295238,2.02502,3.6288,61.308,0.289788,0,0,1.18299,0.165318,0.727883,0.66528,12.849,1,0.358489,2.02502,0,110.364,3.48316,108.547,0.84672,12.849,0.84672,3695.15,0,18.483,0,1.97779,1.55996,7.7455,1.14962,10.1336,0.42336,18.483,0.42336,0,0,442.007,0,1.02816,0,0,3.00595,1.97779,1.028160,1,0,119.409,0,0,0,119.409,0
72.29,1.9892,0,0,4.37286,0.254176,2.12949,3.6288,61.308,0.270056,0,0,1.04168,0.201078,0.570548,0.66528,12.849,1,0.353565,2.12949,0,103.153,4.47195,100.457,0.84672,12.849,0.84672,3695.15,0,18.483,0,1.7081,1.56003,7.46703,1.24132,9.49385,0.42336,18.483,0.42336,0,0,442.007,0,1.02816,0,0,2.73626,1.7081,1.028160,1,0,110.521,0,0,0,110.521,0
72.29,1.98929,0,0,3.9831,0.245484,1.74833,3.6288,61.308,0.270114,0,0,0.92289,0.197631,0.455146,0.66528,12.849,1,0.353581,1.74833,0,87.5042,4.43772,84.4612,0.84672,12.849,0.84672,3695.15,0,18.483,0,1.35034,1.53735,6.48911,1.23953,8.13726,0.42336,18.483,0.42336,0,0,442.007,0,1.02816,0,0,2.3785,1.35034,1.028160,1,0,93.0536,0,0,0,93.0536,0
72.29,1.98938,0,0,3.60908,0.241163,1.37854,3.6288,61.308,0.270173,0,0,0.82747,0.191942,0.365356,0.66528,12.849,1,0.353596,1.37854,0,77.0965,4.31976,73.8016,0.84672,12.849,0.84672,3695.15,0,18.483,0,1.13431,1.53741,5.93541,1.20961,7.39753,0.42336,18.483,0.42336,0,0,442.007,0,1.02816,0,0,2.16247,1.13431,1.028160,1,0,81.5645,0,0,0,81.5645,0
72.29,1.98947,0,0,3.30814,0.215238,1.10343,3.6288,61.308,0.270231,0,0,0.782032,0.157809,0.353992,0.66528,12.849,1,0.353612,1.10343,0,74.2297,3.612,71.3675,0.84672,12.849,0.84672,3695.15,0,18.483,0,1.02907,1.53748,5.40435,1.0301,6.9408,0.42336,18.483,0.42336,0,0,442.007,0,1.02816,0,0,2.05723,1.02907,1.028160,1,0,78.6623,0,0,0,78.6623,0
72.29,2.08393,0,0,3.27534,0.218805,0.972599,3.6288,61.308,0.340491,0,0,0.822528,0.187036,0.295001,0.66528,12.849,1,0.370403,0.972599,0,70.3538,4.08113,66.8749,0.84672,12.849,0.84672,3695.15,0,18.483,0,1.25711,1.53755,5.75811,1.0408,7.51197,0.42336,18.483,0.42336,0,0,442.007,0,1.02816,0,0,2.28527,1.25711,1.028160,1,0,74.6818,0,0,0,74.6818,0
72.29,2.08403,0,0,2.95296,0.143639,0.725296,3.6288,61.308,0.340553,0,0,0.727972,0.250569,0.13685,0.66528,12.849,1,0.37042,0.725296,0,58.4136,5.12431,53.6441,0.84672,12.849,0.84672,3695.15,0,18.483,0,0.432743,1.61721,4.82921,1.23255,5.64662,0.42336,18.483,0.42336,0,0,442.007,0,1.02816,0,0,1.4609,0.432743,1.028160,1,0,59.4276,0,0,0,59.4276,0
72.29,2.08412,0,0,2.8251,0.143639,0.597338,3.6288,61.308,0.364539,0,0,0.695477,0.250569,0.0803689,0.66528,12.849,1,0.370437,0.597338,0,53.8079,5.12431,48.9105,0.84672,12.849,0.84672,3695.15,0,18.483,0,0.402797,1.61729,4.67036,1.23255,5.4579,0.42336,18.483,0.42336,0,0,442.007,0,1.00424,0,0,1.40703,0.402797,1.028160,1,0,54.4488,0,0,0,54.4488,0
72.29,2.08422,0,0,2.70511,0.143639,0.477252,3.6288,61.308,0.340676,0,0,0.70702,0.250569,0.115774,0.66528,12.849,1,0.370454,0.477252,0,51.3382,5.12431,46.3207,0.84672,12.849,0.84672,3695.15,0,18.483,0,0.549348,1.61736,4.44672,1.23255,5.38088,0.42336,18.483,0.42336,0,0,442.007,0,1.02816,0,0,1.57751,0.549348,1.028160,1,0,51.8173,0,0,0,51.8173,0
72.1618,2.08431,0,0,2.48592,0.166963,0.36288,3.6288,61.308,0.340738,0,0,0.651048,0.236688,0.0736221,0.66528,12.849,1,0.37047,0.36288,0,47.8672,4.55674,43.3029,0.84672,12.849,0.84672,3695.15,0,18.483,0,0.443984,1.61743,4.08209,1.22287,4.92064,0.42336,18.483,0.42336,0,0,442.007,0,1.02816,0,0,1.47214,0.443984,1.028160,1,0,48.2972,0,0,0,48.2972,0
71.8949,2.06463,0,0,2.29529,0.134676,0.36288,3.6288,61.308,0.379392,0,0,0.591238,0.199489,0.0123564,0.66528,12.849,1,0.367624,0.36288,0,45.7349,4.11285,41.6173,0.84672,12.849,0.84672,3695.15,0,18.483,0,0.317615,1.6175,4.01114,1.05053,4.89572,0.42336,18.483,0.42336,0,0,442.007,0,1.02816,0,0,1.34578,0.317615,1.028160,1,0,46.5254,0,0,0,46.5254,0
71.4119,2.0624,0,0,2.07672,0.134403,0.36288,3.6288,61.1273,0.529956,0,0,0.548696,0.199489,0,0.66528,12.849,1,0.368591,0.36288,0,41.0704,4.11285,36.9519,0.84672,12.849,0.84672,3695.15,0,18.483,0,0.30119,1.64238,3.84704,1.05053,4.74007,0.42336,18.483,0.42336,0,0,442.007,0,0.87766,0,0,1.17885,0.30119,1.028160,1,0,41.6919,0,0,0,41.6919,0
70.8637,2.05827,0,0,1.9785,0.105538,0.36288,3.6288,60.8971,0.484331,0,0,0.519165,0.265,0,0.66528,12.849,1,0.37034,0.36288,0,37.2068,4.95975,32.2396,0.84672,12.849,0.84672,3695.15,0,18.483,0,0.261274,1.64245,3.64484,1.35967,4.1889,0.42336,18.483,0.42336,0,0,442.007,0,0.923348,0,0,1.18462,0.261274,1.028160,1,0,36.4285,0,0,0,36.4285,0
70.1034,2.05352,0,0,1.75649,0.100387,0.36288,3.6288,60.5902,0.516803,0,0,0.485434,0.275555,0,0.66528,12.849,1,0.372344,0.36288,0,34.0295,5.1009,28.9191,0.84672,12.849,0.84672,3695.15,0,18.483,0,0.261274,1.64253,3.52467,1.41119,4.01728,0.42336,18.483,0.42336,0,0,442.007,0,0.890939,0,0,1.15221,0.261274,1.028160,1,0,32.9364,0,0,0,32.9364,0
69.0087,2.09457,0,0,1.45795,0.0952177,0.36288,3.6288,59.6335,1.02724,0,0,0.35944,0.288816,0,0.66528,12.849,1,0.383907,0.36288,0,28.4952,5.67531,22.7989,0.84672,12.849,0.84672,3695.15,0,18.483,0,0.261274,1.6426,2.67386,1.42364,3.1541,0.42336,18.483,0.42336,0,0,442.007,0,0.414968,0,0,0.676242,0.261274,1.028160,1,0,25.953,0,0,0,25.953,0
68.0645,2.08445,0,0,1.58864,0.0855078,0.36288,3.6288,58.6887,1.07946,0,0,0.43333,0.2987,0,0.66528,12.849,1,0.388113,0.36288,0,35.6505,5.95822,29.6671,0.84672,12.849,0.84672,3695.15,0,18.483,0,0.261274,1.68221,2.81667,1.4601,3.30005,0.42336,18.483,0.42336,0,0,442.007,0,0.362815,0,0,0.624089,0.261274,1.028160,1,0,32.9671,0,0,0,32.9671,0
66.9872,2.07556,0,0,1.44602,0.0848795,0.36288,3.6288,57.6832,1.06605,0,0,0.357412,0.296897,0,0.66528,12.849,1,0.391817,0.36288,0,28.7149,5.95822,22.7277,0.84672,12.849,0.84672,3695.15,0,18.483,0,0.261274,1.68228,2.61732,1.4601,3.10078,0.42336,18.483,0.42336,0,0,442.007,0,0.376284,0,0,0.637558,0.261274,1.028160,1,0,25.8285,0,0,0,25.8285,0
65.7901,2.06518,0,0,1.31515,0.0841627,0.36288,3.6288,56.5894,1.13162,0,0,0.332855,0.294978,0,0.66528,12.849,1,0.396128,0.36288,0,26.7686,5.95822,20.7771,0.84672,12.849,0.84672,3695.15,0,18.483,0,0.227405,1.68236,2.33255,1.4601,2.78221,0.42336,18.483,0.42336,0,0,442.007,0,0.310785,0,0,0.53819,0.227405,1.028160,1,0,23.5594,0,0,0,23.5594,0
64.5048,2.1905,0,0,1.35823,0.0902029,0.36288,3.6288,55.5009,1.15875,0,0,0.365443,0.295208,0,0.66528,12.849,1,0.427812,0.36288,0,24.8174,6.06077,18.6918,0.84672,12.849,0.84672,3695.15,0,18.483,0,0.227405,1.68243,2.99385,1.48578,3.41791,0.42336,18.483,0.42336,0,0,442.007,0,0.407906,0,0,0.63531,0.227405,1.028160,1,0,22.1097,0,0,0,22.1097,0
63.0133,2.17661,0,0,1.15417,0.106198,0.36288,3.6288,54.2058,1.28012,0,0,0.283871,0.298867,0,0.66528,12.849,1,0.433569,0.36288,0,20.6899,6.31712,14.3021,0.84672,12.849,0.84672,3695.15,0,18.483,0,0.227405,1.8164,2.07786,1.55,2.57166,0.42336,18.483,0.42336,0,0,442.007,0,0.286607,0,0,0.514012,0.227405,1.028160,1,0,16.8738,0,0,0,16.8738,0
61.6145,2.15999,0,0,1.22905,0.104921,0.36288,3.6288,53.098,1.16067,0,0,0.349174,0.296326,0,0.66528,12.849,1,0.440443,0.36288,0,26.3287,6.31712,19.934,0.84672,12.849,0.84672,3695.15,0,18.483,0,0.227405,1.81648,2.32089,1.55,2.81477,0.42336,18.483,0.42336,0,0,442.007,0,0.406125,0,0,0.63353,0.227405,1.028160,1,0,22.7488,0,0,0,22.7488,0
60.0151,2.14393,0,0,1.01113,0.103723,0.36288,3.6288,51.7201,1.33831,0,0,0.254297,0.29387,0,0.66528,12.849,1,0.447092,0.36288,0,24.1212,6.31712,17.7199,0.84672,12.849,0.84672,3695.15,0,18.483,0,0.204422,1.81656,1.9009,1.55,2.37188,0.42336,18.483,0.42336,0,0,442.007,0,0.228558,0,0,0.432981,0.204422,1.028160,1,0,20.0918,0,0,0,20.0918,0
58.685,2.12494,0,0,1.26005,0.102317,0.36288,3.6288,50.9543,0.915719,0,0,0.440518,0.290633,0,0.66528,12.849,1,0.45494,0.36288,0,23.5125,6.31712,17.1033,0.84672,12.849,0.84672,3695.15,0,18.483,0,0.204422,1.81664,2.96479,1.55,3.43585,0.42336,18.483,0.42336,0,0,442.007,0,0.651222,0,0,0.855644,0.204422,1.028160,1,0,20.5391,0,0,0,20.5391,0
57.1089,2.0443,0,0,0.956638,0.12557,0.36288,3.6288,50.8801,0.463455,0,0,0.639752,0.250456,0,0.66528,12.849,1,0.447597,0.36288,0,16.8245,4.63848,12.1013,0.84672,12.849,0.84672,3695.15,0,18.483,0,0.717794,1.81673,2.79961,1.21413,4.12,0.42336,18.483,0.42336,0,0,442.007,0,1.02816,0,0,1.74595,0.717794,1.028160,1,0,16.2213,0,0,0,16.2213,0
55.4415,2.02494,0,0,0.844085,0.123653,0.36288,3.6288,50.4011,0.59994,0,0,0.371286,0.250305,0,0.66528,12.849,1,0.455594,0.36288,0,17.2333,4.63848,12.5021,0.84672,12.849,0.84672,3695.15,0,18.483,0,0.204422,1.74006,2.15038,1.21413,2.88074,0.42336,18.483,0.42336,0,0,442.007,0,0.891743,0,0,1.09617,0.204422,1.028160,1,0,15.3829,0,0,0,15.3829,0
53.6508,2.00369,0,0,0.697516,0.121625,0.36288,3.6288,49.7453,0.73359,0,0,0.327097,0.249329,0,0.66528,12.849,1,0.46437,0.36288,0,15.9114,4.63848,11.1715,0.84672,12.849,0.84672,3695.15,0,18.483,0,0.216518,1.74014,1.99142,1.21413,2.73395,0.42336,18.483,0.42336,0,0,442.007,0,0.75816,0,0,0.974678,0.216518,1.028160,1,0,13.9054,0,0,0,13.9054,0
52.4016,1.97991,0,0,1.29657,0.202998,0.36288,3.6288,49.5855,0.49058,0,0,0.508869,0.178115,0,0.66528,12.849,1,0.474176,0.36288,0,28.0944,3.60033,24.3828,0.84672,12.849,0.84672,3695.15,0,18.483,0,0.216518,1.74022,3.45759,0.889637,4.52469,0.42336,18.483,0.42336,0,0,442.007,0,1.00124,0,0,1.21776,0.216518,1.028160,1,0,28.9075,0,0,0,28.9075,0
51.8765,1.91205,0,0,2.00129,0.251514,0.36288,3.6288,49.8181,0.395083,0,0,0.829303,0.201583,0,0.66528,12.849,1,0.468839,0.36288,0,42.9824,4.35573,38.5208,0.84672,12.849,0.84672,3695.15,0,18.483,0,0.61122,1.7403,4.78193,0.967856,6.16559,0.42336,18.483,0.42336,0,0,442.007,0,1.02816,0,0,1.63938,0.61122,1.028160,1,0,44.6863,0,0,0,44.6863,0
50.2908,1.90492,0,0,0.945786,0.263656,0.36288,3.6288,49.8129,0.395148,0,0,0.630714,0.240756,0,0.66528,12.849,1,0.47182,0.36288,0,22.5801,5.23372,17.2375,0.84672,12.849,0.84672,3695.15,0,18.483,0,0.448286,1.67216,4.0571,1.12387,5.05368,0.42336,18.483,0.42336,0,0,442.007,0,1.02816,0,0,1.47645,0.448286,1.028160,1,0,22.2911,0,0,0,22.2911,0
49.0399,1.88265,0,0,1.26066,0.266026,0.36288,3.6288,50.0548,0.395212,0,0,0.875629,0.238512,0,0.66528,12.849,1,0.481007,0.36288,0,39.7367,5.16224,34.4564,0.84672,12.849,0.84672,3695.15,0,18.483,0,0.984407,1.67224,5.78382,1.11348,7.32698,0.42336,18.483,0.42336,0,0,442.007,0,1.02816,0,0,2.01257,0.984407,1.028160,1,0,41.7834,0,0,0,41.7834,0
49.3925,1.86448,0,0,2.88218,0.302204,0.36288,3.6288,51.1488,0.395276,0,0,1.71481,0.225553,0,0.66528,12.849,1,0.488516,0.36288,0,50.376,4.7333,45.517,0.84672,12.849,0.84672,3695.15,0,18.483,0,1.62829,1.67231,9.41329,1.05119,11.6627,0.42336,18.483,0.42336,0,0,442.007,0,1.02816,0,0,2.65645,1.62829,1.028160,1,0,57.1797,0,0,0,57.1797,0
49.2989,1.72896,0,0,2.28921,0.290982,0.36288,3.6288,51.6963,0.252354,0,0,1.01493,0.215112,0,0.66528,12.849,1,0.449772,0.36288,0,44.0087,4.50874,39.4131,0.84672,12.849,0.84672,3695.15,0,18.483,0,1.48756,1.67239,5.70027,1.06987,7.79035,0.42336,18.483,0.42336,0,0,442.007,0,1.02816,0,0,2.51572,1.48756,1.028160,1,0,47.2034,0,0,0,47.2034,0
49.0834,1.72776,0,0,2.13489,0.259793,0.36288,3.6288,51.9927,0.252412,0,0,0.733635,0.184774,0,0.66528,12.849,1,0.450314,0.36288,0,33.7014,3.94737,29.6666,0.84672,12.849,0.84672,3695.15,0,18.483,0,0.990075,1.51886,5.21844,1.11659,6.61079,0.42336,18.483,0.42336,0,0,442.007,0,1.02816,0,0,2.01823,0.990075,1.028160,1,0,36.2774,0,0,0,36.2774,0
48.4214,1.7249,0,0,1.68502,0.25919,0.36288,3.6288,52.1419,0.25247,0,0,0.586821,0.185217,0,0.66528,12.849,1,0.451542,0.36288,0,23.4075,3.94737,19.3715,0.84672,12.849,0.84672,3695.15,0,18.483,0,0.644363,1.51893,5.39077,1.11659,6.43748,0.42336,18.483,0.42336,0,0,442.007,0,1.02816,0,0,1.67252,0.644363,1.028160,1,0,25.8089,0,0,0,25.8089,0
47.5196,1.71583,0,0,1.43146,0.254596,0.36288,3.6288,52.3894,0.252528,0,0,0.694585,0.194516,0,0.66528,12.849,1,0.45531,0.36288,0,26.0757,4.27869,21.7046,0.84672,12.849,0.84672,3695.15,0,18.483,0,0.973192,1.519,9.95486,1.19329,11.2538,0.42336,18.483,0.42336,0,0,442.007,0,1.02816,0,0,2.00135,0.973192,1.028160,1,0,32.9583,0,0,0,32.9583,0
47.1708,1.70321,0,0,1.96266,0.245309,0.36288,3.6288,52.6507,0.252586,0,0,0.731477,0.217639,0,0.66528,12.849,1,0.460538,0.36288,0,40.31,5.10699,35.1054,0.84672,12.849,0.84672,3695.15,0,18.483,0,0.899528,1.51907,8.32333,1.38505,9.35687,0.42336,18.483,0.42336,0,0,442.007,0,1.02816,0,0,1.92769,0.899528,1.028160,1,0,44.4622,0,0,0,44.4622,0
47.4291,1.7515,0,0,2.64128,0.268664,0.36288,3.6288,52.9888,0.294056,0,0,0.798172,0.166016,0,0.66528,12.849,1,0.477097,0.36288,0,45.0818,3.4896,41.478,0.84672,12.849,0.84672,3695.15,0,18.483,0,0.501042,1.51914,9.09886,0.865086,10.254,0.42336,18.483,0.42336,0,0,442.007,0,1.02816,0,0,1.5292,0.501042,1.028160,1,0,51.7319,0,0,0,51.7319,0
47.9669,1.75539,0,0,2.92962,0.273489,0.36288,3.6288,53.1509,0.439123,0,0,0.759033,0.157763,0,0.66528,12.849,1,0.475552,0.36288,0,74.2911,3.22003,70.9584,0.84672,12.849,0.84672,3695.15,0,18.483,0,0.412474,1.56779,10.1687,0.778425,11.3705,0.42336,18.483,0.42336,0,0,442.007,0,0.883146,0,0,1.29562,0.412474,1.028160,1,0,82.3289,0,0,0,82.3289,0
49.8273,1.76332,0,0,4.26172,0.275104,0.36288,3.6288,54.1425,0.294162,0,0,1.44375,0.157967,0,0.66528,12.849,1,0.472345,0.36288,0,91.7905,3.22003,88.461,0.84672,12.849,0.84672,3695.15,0,18.483,0,0.683485,1.56786,11.6382,0.778425,13.1111,0.42336,18.483,0.42336,0,0,442.007,0,1.02816,0,0,1.71164,0.683485,1.028160,1,0,101.572,0,0,0,101.572,0
52.7628,1.7898,0,0,5.36886,0.280681,0.36288,3.6288,55.6288,0.294215,0,0,1.93967,0.159154,0,0.66528,12.849,1,0.461536,0.36288,0,100.789,3.22003,97.4704,0.84672,12.849,0.84672,3695.15,0,18.483,0,1.28645,1.56792,14.5628,0.778425,16.6388,0.42336,18.483,0.42336,0,0,442.007,0,1.02816,0,0,2.31461,1.28645,1.028160,1,0,114.109,0,0,0,114.109,0
57.6157,2.00757,0,0,7.52516,0.301843,0.36288,3.6288,57.4376,0.449757,0,0,2.40692,0.148416,0,0.66528,12.849,1,0.488891,0.36288,0,167.439,3.54097,163.772,0.84672,12.849,0.84672,3695.15,0,18.483,0,3.25935,1.56798,19.0715,0.803352,23.0955,0.42336,18.483,0.42336,0,0,442.007,0,1.02816,0,0,4.28751,3.25935,1.028160,1,0,186.867,0,0,0,186.867,0
61.439,2.07269,0,0,6.55002,0.291145,0.36288,3.6288,58.8006,0.449817,0,0,1.96898,0.156126,0,0.66528,12.849,1,0.462236,0.36288,0,150.715,3.62534,146.991,0.84672,12.849,0.84672,3695.15,0,18.483,0,2.82226,1.74147,17.4557,0.912483,21.1069,0.42336,18.483,0.42336,0,0,442.007,0,1.02816,0,0,3.85042,2.82226,1.028160,1,0,168.098,0,0,0,168.098,0
62.9542,2.11923,0,0,4.2989,0.301638,0.36288,3.6288,59.6322,0.449876,0,0,1.43891,0.157505,0,0.66528,12.849,1,0.443204,0.36288,0,83.0511,3.62534,79.3455,0.84672,12.849,0.84672,3695.15,0,18.483,0,1.10182,1.74154,9.35626,0.912483,11.2871,0.42336,18.483,0.42336,0,0,442.007,0,1.02816,0,0,2.12998,1.10182,1.028160,1,0,90.6326,0,0,0,90.6326,0
63.6645,2.13668,0,0,3.51528,0.305417,0.36288,3.6288,59.9578,0.639522,0,0,1.12355,0.158347,0,0.66528,12.849,1,0.436099,0.36288,0,59.069,3.62534,55.3704,0.84672,12.849,0.84672,3695.15,0,18.483,0,0.608429,1.74161,7.04039,0.912483,8.47794,0.42336,18.483,0.42336,0,0,442.007,0,0.838573,0,0,1.447,0.608429,1.028160,1,0,63.8484,0,0,0,63.8484,0
64.5391,1.87286,0,0,3.41951,0.309088,0.36288,3.6288,60.6475,0.400044,0,0,1.25785,0.16809,0,0.66528,12.849,1,0.377989,0.36288,0,53.6598,3.52915,50.1156,0.84672,12.849,0.84672,3695.15,0,18.483,0,0.608429,1.74168,6.63707,0.935942,8.05123,0.42336,18.483,0.42336,0,0,442.007,0,0.869409,0,0,1.47784,0.608429,1.028160,1,0,58.1668,0,0,0,58.1668,0
65.8201,1.88135,0,0,3.84979,0.324563,0.36288,3.6288,61.308,0.241343,0,0,1.7595,0.165721,0.691987,0.66528,12.849,1,0.374555,0.36288,0,69.3729,3.3705,65.9907,0.84672,12.849,0.84672,3695.15,0,18.483,0,0.901092,1.50448,7.69167,0.940468,9.15678,0.42336,18.483,0.42336,0,0,442.007,0,1.02816,0,0,1.92925,0.901092,1.028160,1,0,75.8395,0,0,0,75.8395,0
68.5305,1.89347,0,0,5.29461,0.327914,0.36288,3.6288,61.308,0.241394,0,0,1.93466,0.166416,1.52685,0.66528,12.849,1,0.369631,0.36288,0,105.583,3.3705,102.206,0.84672,12.849,0.84672,3695.15,0,18.483,0,0.917136,1.50454,9.22337,0.940468,10.7046,0.42336,18.483,0.42336,0,0,442.007,0,1.02816,0,0,1.9453,0.917136,1.028160,1,0,114.438,0,0,0,114.438,0
71.7132,1.91801,0,0,5.79709,0.333509,0.36288,3.6288,61.308,0.241445,0,0,1.73217,0.174745,1.31598,0.66528,12.849,1,0.359613,0.36288,0,99.0904,3.55561,95.5381,0.84672,12.849,0.84672,3695.15,0,18.483,0,1.08457,1.5046,9.74013,0.990927,11.3384,0.42336,18.483,0.42336,0,0,442.007,0,1.02816,0,0,2.11273,1.08457,1.028160,1,0,108.192,0,0,0,108.192,0
72.29,1.94517,0,0,5.5736,0.33259,2.71902,3.6288,61.308,0.241496,0,0,2.09477,0.224721,1.62855,0.66528,12.849,1,0.34852,2.71902,0,91.8484,4.66631,89.5526,0.84672,12.849,0.84672,3695.15,0,18.483,0,1.18576,1.50466,10.4985,1.29368,11.8952,0.42336,18.483,0.42336,0,0,442.007,0,1.02816,0,0,2.21392,1.18576,1.028160,1,0,103.076,0,0,0,103.076,0
72.29,2.02123,0,0,5.98736,0.318604,3.64752,3.6288,61.308,0.292613,0,0,2.4189,0.163026,1.96326,0.66528,12.849,1,0.359258,3.64752,0,102.114,3.15682,102.245,0.84672,12.849,0.84672,3695.15,0,18.483,0,1.65758,1.50472,11.8637,1.13503,13.8909,0.42336,18.483,0.42336,0,0,442.007,0,1.02816,0,0,2.68574,1.65758,1.028160,1,0,118.099,0,0,0,118.099,0
72.29,2.02131,0,0,4.56919,0.318604,2.22928,3.6288,61.308,0.292666,0,0,1.84516,0.163026,1.38947,0.66528,12.849,1,0.359272,2.22928,0,66.0407,3.15682,64.7539,0.84672,12.849,0.84672,3695.15,0,18.483,0,0.993583,1.56338,8.2785,1.13503,9.70043,0.42336,18.483,0.42336,0,0,442.007,0,1.02816,0,0,2.02174,0.993583,1.028160,1,0,75.8438,0,0,0,75.8438,0
72.29,2.02139,0,0,4.0459,0.264693,1.75981,3.6288,61.308,0.292719,0,0,1.726,0.194836,1.23844,0.66528,12.849,1,0.359287,1.75981,0,67.7506,3.67353,65.4776,0.84672,12.849,0.84672,3695.15,0,18.483,0,0.857226,1.56344,8.37769,1.25503,9.54333,0.42336,18.483,0.42336,0,0,442.007,0,1.02816,0,0,1.88539,0.857226,1.028160,1,0,76.2594,0,0,0,76.2594,0
72.29,2.02147,0,0,5.19182,0.288116,2.88223,3.6288,61.308,0.292772,0,0,2.55677,0.198959,2.06504,0.66528,12.849,1,0.359301,2.88223,0,102.103,4.44594,100.18,0.84672,12.849,0.84672,3695.15,0,18.483,0,1.8857,1.5635,14.7614,1.50097,16.7097,0.42336,18.483,0.42336,0,0,442.007,0,1.02816,0,0,2.91386,1.8857,1.028160,1,0,118.955,0,0,0,118.955,0
72.29,1.99369,0,0,3.70629,0.229294,1.48331,3.6288,61.308,0.272988,0,0,1.51768,0.192859,1.05183,0.66528,12.849,1,0.354363,1.48331,0,67.1338,3.76129,64.5015,0.84672,12.849,0.84672,3695.15,0,18.483,0,0.950504,1.56357,8.32264,1.21413,9.62258,0.42336,18.483,0.42336,0,0,442.007,0,1.02816,0,0,1.97866,0.950504,1.028160,1,0,75.1759,0,0,0,75.1759,0
72.29,1.99377,0,0,3.88887,0.227779,1.66732,3.6288,61.308,0.27304,0,0,1.45028,0.190689,0.986546,0.66528,12.849,1,0.354377,1.66732,0,72.91,4.00506,70.2179,0.84672,12.849,0.84672,3695.15,0,18.483,0,0.867758,1.54082,9.30727,1.27018,10.4457,0.42336,18.483,0.42336,0,0,442.007,0,1.02816,0,0,1.89592,0.867758,1.028160,1,0,81.6501,0,0,0,81.6501,0
72.29,1.99385,0,0,3.26722,0.1716,1.10177,3.6288,61.308,0.314383,0,0,1.12041,0.216848,0.589178,0.66528,12.849,1,0.354392,1.10177,0,60.66,4.2357,57.1716,0.84672,12.849,0.84672,3695.15,0,18.483,0,0.528595,1.54088,6.1273,1.28395,6.91282,0.42336,18.483,0.42336,0,0,442.007,0,0.986869,0,0,1.51546,0.528595,1.028160,1,0,64.6736,0,0,0,64.6736,0
72.29,1.99393,0,0,2.71224,0.1716,0.546713,3.6288,61.308,0.273145,0,0,1.00989,0.216848,0.519894,0.66528,12.849,1,0.354406,0.546713,0,48.9364,4.2357,44.893,0.84672,12.849,0.84672,3695.15,0,18.483,0,0.464409,1.54094,5.0427,1.28395,5.7641,0.42336,18.483,0.42336,0,0,442.007,0,1.02816,0,0,1.49257,0.464409,1.028160,1,0,51.177,0,0,0,51.177,0
72.29,2.0886,0,0,2.71433,0.164163,0.461562,3.6288,61.308,0.343555,0,0,1.06208,0.212213,0.506313,0.66528,12.849,1,0.371233,0.461562,0,46.6445,4.11051,42.6243,0.84672,12.849,0.84672,3695.15,0,18.483,0,0.514763,1.541,5.48295,1.21482,6.32389,0.42336,18.483,0.42336,0,0,442.007,0,1.02816,0,0,1.54292,0.514763,1.028160,1,0,49.4545,0,0,0,49.4545,0
72.29,2.08868,0,0,2.80816,0.145572,0.573909,3.6288,61.308,0.34361,0,0,1.05081,0.200625,0.506579,0.66528,12.849,1,0.371248,0.573909,0,47.2474,3.79754,43.6525,0.84672,12.849,0.84672,3695.15,0,18.483,0,0.440942,1.62083,6.26247,1.042,7.28224,0.42336,18.483,0.42336,0,0,442.007,0,1.02816,0,0,1.4691,0.440942,1.028160,1,0,51.4414,0,0,0,51.4414,0
72.2137,2.08877,0,0,2.52093,0.145572,0.36288,3.6288,61.308,0.40221,0,0,0.912695,0.200625,0.309861,0.66528,12.849,1,0.371263,0.36288,0,44.6672,3.79754,40.8613,0.84672,12.849,0.84672,3695.15,0,18.483,0,0.402797,1.6209,6.18617,1.042,7.16786,0.42336,18.483,0.42336,0,0,442.007,0,0.969615,0,0,1.37241,0.402797,1.028160,1,0,48.3391,0,0,0,48.3391,0
71.9297,2.08818,0,0,2.2983,0.131245,0.36288,3.6288,61.308,0.34372,0,0,0.880736,0.215442,0.321574,0.66528,12.849,1,0.371551,0.36288,0,41.3189,4.09098,37.2193,0.84672,12.849,0.84672,3695.15,0,18.483,0,0.32851,1.62096,6.00126,1.12208,6.82865,0.42336,18.483,0.42336,0,0,442.007,0,1.02816,0,0,1.35667,0.32851,1.028160,1,0,44.3695,0,0,0,44.3695,0
71.5712,2.08578,0,0,2.20221,0.112013,0.36288,3.6288,61.308,0.487493,0,0,0.780607,0.235197,0.0579162,0.66528,12.849,1,0.372588,0.36288,0,40.8009,4.48224,36.309,0.84672,12.849,0.84672,3695.15,0,18.483,0,0.30119,1.62103,5.59729,1.22885,6.29066,0.42336,18.483,0.42336,0,0,442.007,0,0.884442,0,0,1.18563,0.30119,1.028160,1,0,42.6576,0,0,0,42.6576,0
71.3276,2.06404,0,0,2.2971,0.113858,0.36288,3.6288,61.308,0.382508,0,0,0.66795,0.25404,0.0314019,0.66528,12.849,1,0.370552,0.36288,0,38.7415,5.05271,33.6811,0.84672,12.849,0.84672,3695.15,0,18.483,0,0.382406,1.62109,4.85032,1.19973,5.6541,0.42336,18.483,0.42336,0,0,442.007,0,1.02816,0,0,1.41057,0.382406,1.028160,1,0,39.3666,0,0,0,39.3666,0
70.9,2.06198,0,0,2.11099,0.113646,0.36288,3.6288,61.308,0.382565,0,0,0.648769,0.25404,0.0121645,0.66528,12.849,1,0.371446,0.36288,0,38.1296,5.05271,33.0683,0.84672,12.849,0.84672,3695.15,0,18.483,0,0.383003,1.64601,4.89096,1.19973,5.72025,0.42336,18.483,0.42336,0,0,442.007,0,1.02816,0,0,1.41116,0.383003,1.028160,1,0,38.8008,0,0,0,38.8008,0
70.2871,2.05827,0,0,1.92149,0.113275,0.36288,3.6288,61.2114,0.449374,0,0,0.606785,0.25404,0,0.66528,12.849,1,0.373015,0.36288,0,36.6043,5.05271,31.5415,0.84672,12.849,0.84672,3695.15,0,18.483,0,0.261274,1.64608,4.59459,1.19973,5.30222,0.42336,18.483,0.42336,0,0,442.007,0,0.961407,0,0,1.22268,0.261274,1.028160,1,0,36.8437,0,0,0,36.8437,0
69.5396,2.05287,0,0,1.76688,0.0986788,0.36288,3.6288,61.0484,0.455522,0,0,0.579323,0.286772,0,0.66528,12.849,1,0.37528,0.36288,0,32.4509,5.47615,26.9623,0.84672,12.849,0.84672,3695.15,0,18.483,0,0.261274,1.64615,4.42099,1.35429,4.97412,0.42336,18.483,0.42336,0,0,442.007,0,0.955316,0,0,1.21659,0.261274,1.028160,1,0,31.9365,0,0,0,31.9365,0
68.8187,2.09392,0,0,1.8211,0.0851553,0.36288,3.6288,60.7578,0.49332,0,0,0.539956,0.337219,0,0.66528,12.849,1,0.386899,0.36288,0,29.9009,6.11906,23.7578,0.84672,12.849,0.84672,3695.15,0,18.483,0,0.261274,1.64621,3.96722,1.54344,4.33126,0.42336,18.483,0.42336,0,0,442.007,0,0.95205,0,0,1.21332,0.261274,1.028160,1,0,28.0891,0,0,0,28.0891,0
68.0907,2.08722,0,0,1.81102,0.0889218,0.36288,3.6288,60.4761,0.464399,0,0,0.52448,0.341794,0,0.66528,12.849,1,0.3897,0.36288,0,29.3615,6.17778,23.1569,0.84672,12.849,0.84672,3695.15,0,18.483,0,0.261274,1.6859,3.92093,1.53074,4.33736,0.42336,18.483,0.42336,0,0,442.007,0,0.981029,0,0,1.2423,0.261274,1.028160,1,0,27.4942,0,0,0,27.4942,0
67.1382,2.08034,0,0,1.57917,0.0884173,0.36288,3.6288,60.0497,0.579836,0,0,0.494589,0.341183,0,0.66528,12.849,1,0.392569,0.36288,0,27.8178,6.17778,21.6103,0.84672,12.849,0.84672,3695.15,0,18.483,0,0.261274,1.68596,3.74651,1.53074,4.16301,0.42336,18.483,0.42336,0,0,442.007,0,0.86565,0,0,1.12692,0.261274,1.028160,1,0,25.7733,0,0,0,25.7733,0
66.0775,2.07117,0,0,1.45637,0.0830478,0.36288,3.6288,59.5971,0.595826,0,0,0.486091,0.342828,0,0.66528,12.849,1,0.396382,0.36288,0,26.2435,6.25255,19.9574,0.84672,12.849,0.84672,3695.15,0,18.483,0,0.227405,1.68603,3.71244,1.54568,4.08019,0.42336,18.483,0.42336,0,0,442.007,0,0.849718,0,0,1.07712,0.227405,1.028160,1,0,24.0376,0,0,0,24.0376,0
64.6327,2.19835,0,0,1.19102,0.074573,0.36288,3.6288,59.0019,0.733607,0,0,0.479195,0.340813,0,0.66528,12.849,1,0.427477,0.36288,0,25.1548,6.43367,18.6566,0.84672,12.849,0.84672,3695.15,0,18.483,0,0.227405,1.6861,3.41091,1.50633,3.81809,0.42336,18.483,0.42336,0,0,442.007,0,0.836456,0,0,1.06386,0.227405,1.028160,1,0,22.4747,0,0,0,22.4747,0
63.1559,2.18274,0,0,1.15567,0.0868819,0.36288,3.6288,58.2291,0.852755,0,0,0.412393,0.332387,0,0.66528,12.849,1,0.43393,0.36288,0,24.5552,6.43241,18.0518,0.84672,12.849,0.84672,3695.15,0,18.483,0,0.227405,1.82035,2.38028,1.56432,2.8637,0.42336,18.483,0.42336,0,0,442.007,0,0.717371,0,0,0.944775,0.227405,1.028160,1,0,20.9155,0,0,0,20.9155,0
61.577,2.16629,0,0,1.03614,0.0858482,0.36288,3.6288,57.358,0.914179,0,0,0.373828,0.330739,0,0.66528,12.849,1,0.44073,0.36288,0,21.9208,6.43241,15.4105,0.84672,12.849,0.84672,3695.15,0,18.483,0,0.227405,1.82042,2.32113,1.56432,2.80463,0.42336,18.483,0.42336,0,0,442.007,0,0.656009,0,0,0.883414,0.227405,1.028160,1,0,18.2152,0,0,0,18.2152,0
60.2214,2.14811,0,0,1.24014,0.0847432,0.36288,3.6288,56.6155,0.815254,0,0,0.401592,0.328881,0,0.66528,12.849,1,0.448238,0.36288,0,22.6866,6.43241,16.1688,0.84672,12.849,0.84672,3695.15,0,18.483,0,0.204422,1.82049,2.54598,1.56432,3.00657,0.42336,18.483,0.42336,0,0,442.007,0,0.754998,0,0,0.95942,0.204422,1.028160,1,0,19.1754,0,0,0,19.1754,0
59.7401,2.13202,0,0,2.12053,0.106904,0.36288,3.6288,56.152,0.657187,0,0,0.515804,0.322094,0,0.66528,12.849,1,0.454893,0.36288,0,37.7022,6.28398,31.3262,0.84672,12.849,0.84672,3695.15,0,18.483,0,0.204422,1.82056,2.81822,1.54612,3.29709,0.42336,18.483,0.42336,0,0,442.007,0,0.913127,0,0,1.11755,0.204422,1.028160,1,0,34.6233,0,0,0,34.6233,0
58.7828,2.06137,0,0,1.56995,0.103035,0.36288,3.6288,56.0865,0.466659,0,0,0.691295,0.290153,0,0.66528,12.849,1,0.443362,0.36288,0,25.353,5.24139,20.0311,0.84672,12.849,0.84672,3695.15,0,18.483,0,0.486717,1.82064,3.75031,1.35886,4.69881,0.42336,18.483,0.42336,0,0,442.007,0,1.02816,0,0,1.51488,0.486717,1.028160,1,0,24.7299,0,0,0,24.7299,0
57.3324,2.04996,0,0,1.06498,0.102584,0.36288,3.6288,55.8528,0.514127,0,0,0.566657,0.28627,0,0.66528,12.849,1,0.44809,0.36288,0,22.421,5.03296,17.3028,0.84672,12.849,0.84672,3695.15,0,18.483,0,0.204422,1.7438,3.39298,1.32946,4.01174,0.42336,18.483,0.42336,0,0,442.007,0,0.980752,0,0,1.18517,0.204422,1.028160,1,0,21.3145,0,0,0,21.3145,0
56.3159,2.03217,0,0,1.53174,0.153154,0.36288,3.6288,55.8411,0.466779,0,0,0.697001,0.241917,0,0.66528,12.849,1,0.455438,0.36288,0,26.1676,4.41008,21.665,0.84672,12.849,0.84672,3695.15,0,18.483,0,0.307351,1.74387,3.7336,1.13477,4.65006,0.42336,18.483,0.42336,0,0,442.007,0,1.02816,0,0,1.33551,0.307351,1.028160,1,0,26.315,0,0,0,26.315,0
57.4555,2.01937,0,0,3.74216,0.22028,0.36288,3.6288,56.6231,0.466839,0,0,1.43223,0.183349,0,0.66528,12.849,1,0.460738,0.36288,0,78.9158,3.57956,75.2384,0.84672,12.849,0.84672,3695.15,0,18.483,0,1.09903,1.74394,9.94464,0.875178,11.9124,0.42336,18.483,0.42336,0,0,442.007,0,1.02816,0,0,2.12719,1.09903,1.028160,1,0,87.1508,0,0,0,87.1508,0
56.7252,1.98133,0,0,1.85322,0.239328,0.36288,3.6288,56.7214,0.398112,0,0,0.694025,0.197664,0,0.66528,12.849,1,0.443093,0.36288,0,53.8139,3.9113,49.8224,0.84672,12.849,0.84672,3695.15,0,18.483,0,0.423325,1.74401,4.687,0.908004,5.94633,0.42336,18.483,0.42336,0,0,442.007,0,1.02816,0,0,1.45149,0.423325,1.028160,1,0,55.7687,0,0,0,55.7687,0
55.4138,1.97245,0,0,1.28346,0.259536,0.36288,3.6288,56.8298,0.398169,0,0,0.72226,0.215636,0,0.66528,12.849,1,0.446786,0.36288,0,39.944,4.35362,35.5065,0.84672,12.849,0.84672,3695.15,0,18.483,0,0.31758,1.67572,4.30972,0.951771,5.35125,0.42336,18.483,0.42336,0,0,442.007,0,1.02816,0,0,1.34574,0.31758,1.028160,1,0,40.8577,0,0,0,40.8577,0
54.3507,1.95606,0,0,1.51201,0.256175,0.36288,3.6288,56.4786,0.687969,0,0,0.552524,0.215788,0,0.66528,12.849,1,0.453559,0.36288,0,46.2529,4.35362,41.8087,0.84672,12.849,0.84672,3695.15,0,18.483,0,0.216518,1.67579,4.47921,0.951771,5.41974,0.42336,18.483,0.42336,0,0,442.007,0,0.738418,0,0,0.954936,0.216518,1.028160,1,0,47.2284,0,0,0,47.2284,0
56.2709,1.94241,0,0,4.47897,0.253452,0.36288,3.6288,57.6831,0.398283,0,0,1.81814,0.215295,0,0.66528,12.849,1,0.459204,0.36288,0,86.9441,4.35362,82.4941,0.84672,12.849,0.84672,3695.15,0,18.483,0,2.34835,1.67585,7.88947,0.951771,10.9619,0.42336,18.483,0.42336,0,0,442.007,0,1.02816,0,0,3.37651,2.34835,1.028160,1,0,93.456,0,0,0,93.456,0
57.2814,1.8189,0,0,3.45211,0.259807,0.36288,3.6288,58.6094,0.255053,0,0,1.39457,0.213275,0,0.66528,12.849,1,0.41533,0.36288,0,97.1721,4.26989,92.8498,0.84672,12.849,0.84672,3695.15,0,18.483,0,2.02586,1.67592,7.7292,0.94336,10.4876,0.42336,18.483,0.42336,0,0,442.007,0,1.02816,0,0,3.05402,2.02586,1.028160,1,0,103.337,0,0,0,103.337,0
57.9521,1.83052,0,0,3.13514,0.271108,0.36288,3.6288,59.55,0.255105,0,0,1.38789,0.192153,0,0.66528,12.849,1,0.41061,0.36288,0,73.2022,3.7675,69.387,0.84672,12.849,0.84672,3695.15,0,18.483,0,1.37847,1.52207,9.16037,0.892893,11.168,0.42336,18.483,0.42336,0,0,442.007,0,1.02816,0,0,2.40663,1.37847,1.028160,1,0,80.555,0,0,0,80.555,0
58.624,1.83811,0,0,3.14582,0.272893,0.36288,3.6288,60.2414,0.255156,0,0,1.13988,0.193316,0,0.66528,12.849,1,0.407543,0.36288,0,85.6855,3.7675,81.8733,0.84672,12.849,0.84672,3695.15,0,18.483,0,1.47271,1.52213,8.49985,0.892893,10.6018,0.42336,18.483,0.42336,0,0,442.007,0,1.02816,0,0,2.50087,1.47271,1.028160,1,0,92.4751,0,0,0,92.4751,0
60.2851,1.84561,0,0,4.14429,0.274682,0.36288,3.6288,60.9403,0.255208,0,0,1.14829,0.19417,0,0.66528,12.849,1,0.404515,0.36288,0,80.5404,3.7675,76.7312,0.84672,12.849,0.84672,3695.15,0,18.483,0,1.43586,1.52219,6.51103,0.892893,8.57619,0.42336,18.483,0.42336,0,0,442.007,0,1.02816,0,0,2.46402,1.43586,1.028160,1,0,85.3074,0,0,0,85.3074,0
63.7639,1.86357,0,0,5.98062,0.275381,0.36288,3.6288,61.308,0.255259,0,0,2.43092,0.191941,1.61607,0.66528,12.849,1,0.397196,0.36288,0,146.49,3.66031,142.796,0.84672,12.849,0.84672,3695.15,0,18.483,0,2.6299,1.52225,15.9554,0.879502,19.228,0.42336,18.483,0.42336,0,0,442.007,0,1.02816,0,0,3.65806,2.6299,1.028160,1,0,163.64,0,0,0,163.64,0
63.4657,1.899,0,0,2.23582,0.272094,0.36288,3.6288,61.308,0.255259,0,0,1.28379,0.219602,0.80893,0.66528,12.849,1,0.382666,0.36288,0,66.581,4.37707,62.1841,0.84672,12.849,0.84672,3695.15,0,18.483,0,1.05555,1.52231,5.81459,1.18623,7.20622,0.42336,18.483,0.42336,0,0,442.007,0,1.02816,0,0,2.08371,1.05555,1.028160,1,0,70.1992,0,0,0,70.1992,0
64.5767,1.95554,0,0,3.70549,0.276102,0.36288,3.6288,61.308,0.296809,0,0,1.36013,0.237929,0.825388,0.66528,12.849,1,0.395911,0.36288,0,49.1455,4.92103,44.1915,0.84672,12.849,0.84672,3695.15,0,18.483,0,1.37032,1.52231,14.0554,1.34106,15.607,0.42336,18.483,0.42336,0,0,442.007,0,1.02816,0,0,2.39848,1.37032,1.028160,1,0,60.6238,0,0,0,60.6238,0
72.0147,1.9668,0,0,10.0462,0.278596,0.36288,3.6288,61.308,0.296856,0,0,2.64981,0.237929,2.11503,0.66528,12.849,1,0.391339,0.36288,0,176.698,4.92103,171.748,0.84672,12.849,0.84672,3695.15,0,18.483,0,4.09693,1.57106,12.1814,1.34106,16.5083,0.42336,18.483,0.42336,0,0,442.007,0,1.02816,0,0,5.12509,4.09693,1.028160,1,0,190.371,0,0,0,190.371,0
72.29,2.03555,0,0,4.70464,0.30525,2.08852,3.6288,61.308,0.296902,0,0,2.01235,0.225648,1.4898,0.66528,12.849,1,0.363186,2.08852,0,103.086,4.24967,100.562,0.84672,12.849,0.84672,3695.15,0,18.483,0,2.5778,1.57111,6.90587,1.16033,9.89445,0.42336,18.483,0.42336,0,0,442.007,0,1.02816,0,0,3.60596,2.5778,1.028160,1,0,111.946,0,0,0,111.946,0
72.29,2.03797,0,0,4.20597,0.279682,1.88832,3.6288,61.308,0.296949,0,0,1.65406,0.215901,1.14121,0.66528,12.849,1,0.362234,1.88832,0,82.3891,3.88637,80.0289,0.84672,12.849,0.84672,3695.15,0,18.483,0,2.13229,1.57117,6.60398,0.939319,9.36813,0.42336,18.483,0.42336,0,0,442.007,0,1.02816,0,0,3.16045,2.13229,1.028160,1,0,90.5382,0,0,0,90.5382,0
72.29,2.23683,0,0,6.20349,0.300064,3.6666,3.6288,61.308,0.452805,0,0,1.6799,0.205883,1.02121,0.66528,12.849,1,0.397579,3.6666,0,127.898,3.61333,127.554,0.84672,12.849,0.84672,3695.15,0,18.483,0,2.42751,1.57123,8.34823,0.753052,11.5939,0.42336,18.483,0.42336,0,0,442.007,0,1.02816,0,0,3.45567,2.42751,1.028160,1,0,140.169,0,0,0,140.169,0
72.29,2.23691,0,0,5.92103,0.308173,3.37595,3.6288,61.308,0.452857,0,0,1.65096,0.221197,0.976903,0.66528,12.849,1,0.397593,3.37595,0,121.662,4.02223,120.618,0.84672,12.849,0.84672,3695.15,0,18.483,0,2.69283,1.74506,8.32153,1.00894,11.7505,0.42336,18.483,0.42336,0,0,442.007,0,1.02816,0,0,3.72099,2.69283,1.028160,1,0,133.345,0,0,0,133.345,0
72.29,2.23699,0,0,6.23227,0.308173,3.68711,3.6288,61.308,0.452909,0,0,1.58303,0.221197,0.908923,0.66528,12.849,1,0.397607,3.68711,0,129.262,4.02223,128.529,0.84672,12.849,0.84672,3695.15,0,18.483,0,3.03336,1.74512,8.57719,1.00894,12.3467,0.42336,18.483,0.42336,0,0,442.007,0,1.02816,0,0,4.06152,3.03336,1.028160,1,0,141.785,0,0,0,141.785,0
72.29,2.23706,0,0,6.52456,0.310277,3.97722,3.6288,61.308,0.452961,0,0,1.61636,0.206023,0.957379,0.66528,12.849,1,0.397621,3.97722,0,139.539,3.68579,139.433,0.84672,12.849,0.84672,3695.15,0,18.483,0,2.46634,1.74518,8.46426,0.933349,11.7424,0.42336,18.483,0.42336,0,0,442.007,0,1.02816,0,0,3.4945,2.46634,1.028160,1,0,152.133,0,0,0,152.133,0
72.29,1.95357,0,0,3.5078,0.315537,1.23869,3.6288,61.308,0.243885,0,0,1.50137,0.168087,1.0894,0.66528,12.849,1,0.347232,1.23869,0,104.677,2.84466,102.724,0.84672,12.849,0.84672,3695.15,0,18.483,0,1.87547,1.74524,10.1985,0.744381,13.0748,0.42336,18.483,0.42336,0,0,442.007,0,1.02816,0,0,2.90363,1.87547,1.028160,1,0,116.888,0,0,0,116.888,0
72.29,1.95364,0,0,4.76005,0.315537,2.49088,3.6288,61.308,0.24393,0,0,1.55038,0.168087,1.13836,0.66528,12.849,1,0.347245,2.49088,0,89.1536,2.84466,88.4525,0.84672,12.849,0.84672,3695.15,0,18.483,0,2.48998,1.50756,9.5453,0.744381,12.7985,0.42336,18.483,0.42336,0,0,442.007,0,1.02816,0,0,3.51814,2.48998,1.028160,1,0,102.389,0,0,0,102.389,0
72.29,1.95371,0,0,4.24444,0.315537,1.9752,3.6288,61.308,0.243974,0,0,1.30481,0.168087,0.892752,0.66528,12.849,1,0.347257,1.9752,0,87.6709,2.84466,86.4542,0.84672,12.849,0.84672,3695.15,0,18.483,0,1.15036,1.50761,9.93488,0.744381,11.8485,0.42336,18.483,0.42336,0,0,442.007,0,1.02816,0,0,2.17852,1.15036,1.028160,1,0,99.1954,0,0,0,99.1954,0
72.29,1.95378,0,0,3.95277,0.282924,1.71607,3.6288,61.308,0.244019,0,0,1.32512,0.17448,0.906618,0.66528,12.849,1,0.347269,1.71607,0,96.9978,3.21405,95.1526,0.84672,12.849,0.84672,3695.15,0,18.483,0,2.15919,1.50766,8.30321,0.845636,11.1244,0.42336,18.483,0.42336,0,0,442.007,0,1.02816,0,0,3.18735,2.15919,1.028160,1,0,107.184,0,0,0,107.184,0
72.29,1.95384,0,0,4.70528,0.300498,2.45094,3.6288,61.308,0.244064,0,0,1.47521,0.16732,1.06383,0.66528,12.849,1,0.347281,2.45094,0,105.202,3.43398,103.872,0.84672,12.849,0.84672,3695.15,0,18.483,0,1.98264,1.50771,6.82057,0.803204,9.50772,0.42336,18.483,0.42336,0,0,442.007,0,1.02816,0,0,3.0108,1.98264,1.028160,1,0,114.444,0,0,0,114.444,0
72.29,2.02531,0,0,4.30863,0.301864,1.98146,3.6288,61.308,0.295278,0,0,1.21335,0.160026,0.758046,0.66528,12.849,1,0.359983,1.98146,0,100.933,3.32073,99.2341,0.84672,12.849,0.84672,3695.15,0,18.483,0,1.64195,1.50777,5.33142,0.763889,7.71726,0.42336,18.483,0.42336,0,0,442.007,0,1.02816,0,0,2.67011,1.64195,1.028160,1,0,107.709,0,0,0,107.709,0
72.29,2.02538,0,0,6.44343,0.305346,4.1127,3.6288,61.308,0.295324,0,0,1.37418,0.144561,0.934298,0.66528,12.849,1,0.359995,4.1127,0,139.228,2.88468,140.096,0.84672,12.849,0.84672,3695.15,0,18.483,0,2.5201,1.56653,14.2209,0.675935,17.6316,0.42336,18.483,0.42336,0,0,442.007,0,1.02816,0,0,3.54826,2.5201,1.028160,1,0,158.662,0,0,0,158.662,0
72.29,2.02545,0,0,4.39893,0.259196,2.11428,3.6288,61.308,0.295371,0,0,1.18805,0.165102,0.727579,0.66528,12.849,1,0.360008,2.11428,0,104.247,2.55901,103.442,0.84672,12.849,0.84672,3695.15,0,18.483,0,1.93801,1.56659,7.26624,0.669911,10.1009,0.42336,18.483,0.42336,0,0,442.007,0,1.02816,0,0,2.96617,1.93801,1.028160,1,0,114.271,0,0,0,114.271,0
72.29,2.02552,0,0,3.30364,0.24561,1.03251,3.6288,61.308,0.295417,0,0,0.948629,0.19258,0.460632,0.66528,12.849,1,0.360021,1.03251,0,67.0038,3.56939,64.1069,0.84672,12.849,0.84672,3695.15,0,18.483,0,1.23368,1.56664,5.30825,0.835351,7.27322,0.42336,18.483,0.42336,0,0,442.007,0,1.02816,0,0,2.26184,1.23368,1.028160,1,0,71.8408,0,0,0,71.8408,0
72.2324,1.99767,0,0,2.54521,0.242277,0.36288,3.6288,61.308,0.275587,0,0,0.918173,0.205788,0.436798,0.66528,12.849,1,0.355071,0.36288,0,53.0316,4.23161,48.8078,0.84672,12.849,0.84672,3695.15,0,18.483,0,1.20207,1.5667,5.94917,0.932697,7.78524,0.42336,18.483,0.42336,0,0,442.007,0,1.02816,0,0,2.23023,1.20207,1.028160,1,0,57.0299,0,0,0,57.0299,0
72.29,1.99726,0,0,2.96673,0.242171,0.66968,3.6288,61.308,0.275633,0,0,0.980389,0.205788,0.498969,0.66528,12.849,1,0.355281,0.66968,0,54.7629,4.23161,50.8457,0.84672,12.849,0.84672,3695.15,0,18.483,0,1.19797,1.5439,5.10106,0.932697,6.91023,0.42336,18.483,0.42336,0,0,442.007,0,1.02816,0,0,2.22613,1.19797,1.028160,1,0,58.2549,0,0,0,58.2549,0
72.29,1.99781,0,0,3.32289,0.219443,1.10564,3.6288,61.308,0.275679,0,0,1.00868,0.211143,0.521855,0.66528,12.849,1,0.355096,1.10564,0,65.771,4.39415,62.1274,0.84672,12.849,0.84672,3695.15,0,18.483,0,1.29777,1.54395,4.91759,0.902608,6.85671,0.42336,18.483,0.42336,0,0,442.007,0,1.02816,0,0,2.32593,1.29777,1.028160,1,0,69.506,0,0,0,69.506,0
72.0474,1.99788,0,0,2.3071,0.188909,0.36288,3.6288,61.308,0.275724,0,0,0.887216,0.219143,0.392348,0.66528,12.849,1,0.355108,0.36288,0,49.1626,4.595,44.5754,0.84672,12.849,0.84672,3695.15,0,18.483,0,1.02521,1.544,4.52458,0.895552,6.19824,0.42336,18.483,0.42336,0,0,442.007,0,1.02816,0,0,2.05337,1.02521,1.028160,1,0,51.166,0,0,0,51.166,0
71.9647,2.0906,0,0,2.55851,0.187787,0.36288,3.6288,61.308,0.346268,0,0,0.994239,0.220812,0.42716,0.66528,12.849,1,0.37284,0.36288,0,54.5353,4.39675,50.1286,0.84672,12.849,0.84672,3695.15,0,18.483,0,0.967602,1.54406,4.57995,1.09852,5.9931,0.42336,18.483,0.42336,0,0,442.007,0,1.02816,0,0,1.99576,0.967602,1.028160,1,0,56.5489,0,0,0,56.5489,0
71.6534,2.08995,0,0,2.28982,0.148309,0.36288,3.6288,61.308,0.346316,0,0,0.787856,0.208789,0.232751,0.66528,12.849,1,0.373151,0.36288,0,48.4226,4.04953,44.3628,0.84672,12.849,0.84672,3695.15,0,18.483,0,0.946797,1.62404,4.20387,1.07592,5.69879,0.42336,18.483,0.42336,0,0,442.007,0,1.02816,0,0,1.97496,0.946797,1.028160,1,0,50.2944,0,0,0,50.2944,0
71.2226,2.08727,0,0,2.15224,0.132809,0.36288,3.6288,61.308,0.346364,0,0,0.820489,0.21236,0.261765,0.66528,12.849,1,0.374292,0.36288,0,44.6022,4.1579,40.4329,0.84672,12.849,0.84672,3695.15,0,18.483,0,0.951739,1.6241,4.27251,1.05586,5.79249,0.42336,18.483,0.42336,0,0,442.007,0,1.02816,0,0,1.9799,0.951739,1.028160,1,0,46.4871,0,0,0,46.4871,0
70.712,2.08351,0,0,2.06816,0.132373,0.36288,3.6288,61.308,0.346412,0,0,0.835842,0.21236,0.27707,0.66528,12.849,1,0.375878,0.36288,0,42.0474,4.1579,37.8765,0.84672,12.849,0.84672,3695.15,0,18.483,0,0.853191,1.62415,4.26029,1.05586,5.68177,0.42336,18.483,0.42336,0,0,442.007,0,1.02816,0,0,1.88135,0.853191,1.028160,1,0,43.8354,0,0,0,43.8354,0
70.244,2.079,0,0,2.0932,0.119384,0.36288,3.6288,61.308,0.346461,0,0,0.692021,0.24136,0.1042,0.66528,12.849,1,0.377772,0.36288,0,38.534,4.8256,33.6935,0.84672,12.849,0.84672,3695.15,0,18.483,0,0.684176,1.62421,3.68155,1.11837,4.87157,0.42336,18.483,0.42336,0,0,442.007,0,1.02816,0,0,1.71234,0.684176,1.028160,1,0,38.6692,0,0,0,38.6692,0
69.6492,2.05624,0,0,1.94117,0.116883,0.36288,3.6288,61.308,0.385262,0,0,0.659768,0.246193,0.0283123,0.66528,12.849,1,0.376127,0.36288,0,37.7094,4.93689,32.7592,0.84672,12.849,0.84672,3695.15,0,18.483,0,0.702086,1.62427,3.64557,1.12878,4.84314,0.42336,18.483,0.42336,0,0,442.007,0,1.02816,0,0,1.73025,0.702086,1.028160,1,0,37.6307,0,0,0,37.6307,0
68.886,2.05091,0,0,1.76694,0.116347,0.36288,3.6288,61.2936,0.385312,0,0,0.617084,0.246193,0,0.66528,12.849,1,0.378355,0.36288,0,36.2008,4.93689,31.2485,0.84672,12.849,0.84672,3695.15,0,18.483,0,0.47101,1.64923,3.42468,1.12878,4.41613,0.42336,18.483,0.42336,0,0,442.007,0,1.02816,0,0,1.49917,0.47101,1.028160,1,0,35.6646,0,0,0,35.6646,0
68.0021,2.04396,0,0,1.62474,0.101747,0.36288,3.6288,61.2183,0.385361,0,0,0.589149,0.279075,0,0.66528,12.849,1,0.38125,0.36288,0,32.0931,5.36034,26.7144,0.84672,12.849,0.84672,3695.15,0,18.483,0,0.463527,1.64929,3.29526,1.28335,4.12472,0.42336,18.483,0.42336,0,0,442.007,0,1.02816,0,0,1.49169,0.463527,1.028160,1,0,30.8391,0,0,0,30.8391,0
67.1793,2.03576,0,0,1.65815,0.0823139,0.36288,3.6288,61.1212,0.385411,0,0,0.607279,0.318949,0,0.66528,12.849,1,0.384656,0.36288,0,27.7623,5.79404,21.9465,0.84672,12.849,0.84672,3695.15,0,18.483,0,0.356806,1.64934,3.08875,1.46253,3.63237,0.42336,18.483,0.42336,0,0,442.007,0,1.02816,0,0,1.38497,0.356806,1.028160,1,0,25.5789,0,0,0,25.5789,0
66.3954,2.07532,0,0,1.73571,0.0813705,0.36288,3.6288,61.0328,0.420003,0,0,0.645266,0.313629,0,0.66528,12.849,1,0.396935,0.36288,0,37.5072,5.6195,31.8536,0.84672,12.849,0.84672,3695.15,0,18.483,0,0.462534,1.6494,3.32369,1.42665,4.00897,0.42336,18.483,0.42336,0,0,442.007,0,1.02816,0,0,1.49069,0.462534,1.028160,1,0,35.8626,0,0,0,35.8626,0
65.5029,2.06763,0,0,1.61881,0.0808671,0.36288,3.6288,60.8709,0.420054,0,0,0.571543,0.313454,0,0.66528,12.849,1,0.400133,0.36288,0,29.6716,5.6195,24.0148,0.84672,12.849,0.84672,3695.15,0,18.483,0,0.443336,1.68915,3.03377,1.42665,3.73961,0.42336,18.483,0.42336,0,0,442.007,0,1.02816,0,0,1.4715,0.443336,1.028160,1,0,27.7544,0,0,0,27.7544,0
64.4735,2.05871,0,0,1.47246,0.0802937,0.36288,3.6288,60.6602,0.434447,0,0,0.536857,0.313132,0,0.66528,12.849,1,0.403835,0.36288,0,27.2841,5.6195,21.6236,0.84672,12.849,0.84672,3695.15,0,18.483,0,0.227405,1.68921,2.77654,1.42665,3.26651,0.42336,18.483,0.42336,0,0,442.007,0,1.01382,0,0,1.24122,0.227405,1.028160,1,0,24.8901,0,0,0,24.8901,0
63.6581,2.0482,0,0,1.66591,0.0701944,0.36288,3.6288,60.5861,0.420156,0,0,0.652688,0.306549,0,0.66528,12.849,1,0.408188,0.36288,0,28.0581,5.76099,22.2518,0.84672,12.849,0.84672,3695.15,0,18.483,0,0.65067,1.68927,4.07057,1.46353,4.94699,0.42336,18.483,0.42336,0,0,442.007,0,1.02816,0,0,1.67883,0.65067,1.028160,1,0,27.1988,0,0,0,27.1988,0
62.2614,2.17595,0,0,1.2471,0.105013,0.36288,3.6288,60.3586,0.544905,0,0,0.58124,0.263842,0,0.66528,12.849,1,0.439203,0.36288,0,26.2945,4.64783,21.5704,0.84672,12.849,0.84672,3695.15,0,18.483,0,0.392757,1.68933,3.11552,1.2504,3.94721,0.42336,18.483,0.42336,0,0,442.007,0,1.02816,0,0,1.42092,0.392757,1.028160,1,0,25.5176,0,0,0,25.5176,0
61.0805,2.16005,0,0,1.4459,0.103822,0.36288,3.6288,60.1579,0.54496,0,0,0.607643,0.263461,0,0.66528,12.849,1,0.445773,0.36288,0,25.0888,4.64783,20.3581,0.84672,12.849,0.84672,3695.15,0,18.483,0,0.344779,1.82383,3.88721,1.2504,4.80542,0.42336,18.483,0.42336,0,0,442.007,0,1.02816,0,0,1.37294,0.344779,1.028160,1,0,25.1635,0,0,0,25.1635,0
59.5269,2.14623,0,0,1.06523,0.109703,0.36288,3.6288,59.8753,0.545015,0,0,0.525751,0.263245,0,0.66528,12.849,1,0.451485,0.36288,0,24.3952,4.68112,19.6255,0.84672,12.849,0.84672,3695.15,0,18.483,0,0.289673,1.82389,2.65489,1.24388,3.52458,0.42336,18.483,0.42336,0,0,442.007,0,1.02816,0,0,1.31783,0.289673,1.028160,1,0,23.1501,0,0,0,23.1501,0
58.0422,2.12748,0,0,1.12289,0.117246,0.36288,3.6288,59.6163,0.54507,0,0,0.549001,0.262933,0,0.66528,12.849,1,0.459221,0.36288,0,22.0754,4.72552,17.2535,0.84672,12.849,0.84672,3695.15,0,18.483,0,0.221452,1.82395,2.71345,1.23518,3.52368,0.42336,18.483,0.42336,0,0,442.007,0,1.02816,0,0,1.24961,0.221452,1.028160,1,0,20.7772,0,0,0,20.7772,0
56.2303,2.10895,0,0,0.813076,0.153112,0.36288,3.6288,58.6853,1.05289,0,0,0.367966,0.246117,0,0.66528,12.849,1,0.466866,0.36288,0,22.6622,4.56603,17.9922,0.84672,12.849,0.84672,3695.15,0,18.483,0,0.204422,1.82402,2.32447,1.14781,3.2051,0.42336,18.483,0.42336,0,0,442.007,0,0.520394,0,0,0.724817,0.204422,1.028160,1,0,21.1973,0,0,0,21.1973,0
54.2581,2.02184,0,0,0.615829,0.20331,0.36288,3.6288,57.6706,1.13667,0,0,0.345555,0.223608,0,0.66528,12.849,1,0.462003,0.36288,0,19.2347,3.86642,15.2692,0.84672,12.849,0.84672,3695.15,0,18.483,0,0.204422,1.82408,2.39754,0.955874,3.47017,0.42336,18.483,0.42336,0,0,442.007,0,0.360973,0,0,0.565396,0.204422,1.028160,1,0,18.7393,0,0,0,18.7393,0
52.4363,1.99595,0,0,0.736309,0.199332,0.36288,3.6288,57.0504,0.937462,0,0,0.539407,0.222149,0,0.66528,12.849,1,0.472666,0.36288,0,23.1782,3.86642,19.202,0.84672,12.849,0.84672,3695.15,0,18.483,0,0.216518,1.74709,3.28463,0.955874,4.29236,0.42336,18.483,0.42336,0,0,442.007,0,0.560231,0,0,0.776749,0.216518,1.028160,1,0,23.4943,0,0,0,23.4943,0
50.5905,1.97095,0,0,0.683655,0.195657,0.36288,3.6288,56.3299,0.955948,0,0,0.456679,0.221258,0,0.66528,12.849,1,0.482962,0.36288,0,21.392,3.86642,17.4055,0.84672,12.849,0.84672,3695.15,0,18.483,0,0.216518,1.74715,2.6361,0.955874,3.6439,0.42336,18.483,0.42336,0,0,442.007,0,0.541798,0,0,0.758316,0.216518,1.028160,1,0,21.0494,0,0,0,21.0494,0
48.7199,1.94448,0,0,0.638026,0.201236,0.36288,3.6288,55.857,0.769057,0,0,0.522149,0.225985,0,0.66528,12.849,1,0.493862,0.36288,0,20.0286,4.11859,15.779,0.84672,12.849,0.84672,3695.15,0,18.483,0,0.216518,1.74721,3.03435,1.01031,3.98778,0.42336,18.483,0.42336,0,0,442.007,0,0.728741,0,0,0.945259,0.216518,1.028160,1,0,19.7668,0,0,0,19.7668,0
46.7513,1.86691,0,0,0.481242,0.220062,0.36288,3.6288,54.9096,0.988401,0,0,0.280695,0.239649,0,0.66528,12.849,1,0.492363,0.36288,0,14.949,4.74904,10.0705,0.84672,12.849,0.84672,3695.15,0,18.483,0,0.216518,1.74728,2.44502,1.14639,3.26243,0.42336,18.483,0.42336,0,0,442.007,0,0.440534,0,0,0.657052,0.216518,1.028160,1,0,13.3329,0,0,0,13.3329,0
44.9713,1.8367,0,0,0.641469,0.221825,0.36288,3.6288,54.3136,0.749872,0,0,0.389689,0.235838,0,0.66528,12.849,1,0.504794,0.36288,0,26.307,4.67756,21.4875,0.84672,12.849,0.84672,3695.15,0,18.483,0,0.216518,1.67885,3.48559,1.13601,4.24495,0.42336,18.483,0.42336,0,0,442.007,0,0.679113,0,0,0.895631,0.216518,1.028160,1,0,25.7325,0,0,0,25.7325,0
44.0116,1.80805,0,0,1.46655,0.255413,0.36288,3.6288,54.3162,0.539573,0,0,0.763175,0.22102,0,0.66528,12.849,1,0.516588,0.36288,0,33.3507,4.24862,28.9483,0.84672,12.849,0.84672,3695.15,0,18.483,0,0.292723,1.67891,5.67289,1.07371,6.57081,0.42336,18.483,0.42336,0,0,442.007,0,0.889462,0,0,1.18219,0.292723,1.028160,1,0,35.5191,0,0,0,35.5191,0
42.9173,1.79207,0,0,1.31333,0.252646,0.36288,3.6288,53.9818,0.595749,0,0,0.482403,0.221024,0,0.66528,12.849,1,0.523187,0.36288,0,33.3093,4.24862,28.9004,0.84672,12.849,0.84672,3695.15,0,18.483,0,0.292723,1.67897,3.58123,1.07371,4.47921,0.42336,18.483,0.42336,0,0,442.007,0,0.833337,0,0,1.12606,0.292723,1.028160,1,0,33.3796,0,0,0,33.3796,0
42.3582,1.63977,0,0,1.67171,0.228144,0.36288,3.6288,53.8999,0.401565,0,0,0.492518,0.172837,0,0.66528,12.849,1,0.490932,0.36288,0,45.2731,3.8954,41.2496,0.84672,12.849,0.84672,3695.15,0,18.483,0,0.292723,1.67903,4.57936,0.876999,5.67411,0.42336,18.483,0.42336,0,0,442.007,0,0.884019,0,0,1.17674,0.292723,1.028160,1,0,46.9237,0,0,0,46.9237,0
42.3059,1.63075,0,0,2.16797,0.22667,0.36288,3.6288,54.1183,0.321655,0,0,0.71276,0.172743,0,0.66528,12.849,1,0.494674,0.36288,0,82.9205,3.8954,78.8933,0.84672,12.849,0.84672,3695.15,0,18.483,0,0.292723,1.52488,6.06283,0.876999,7.00344,0.42336,18.483,0.42336,0,0,442.007,0,0.963973,0,0,1.2567,0.292723,1.028160,1,0,85.8967,0,0,0,85.8967,0
42.551,1.62995,0,0,2.46445,0.226533,0.36288,3.6288,54.5407,0.257514,0,0,0.852932,0.172993,0,0.66528,12.849,1,0.495043,0.36288,0,77.4058,3.8954,73.3782,0.84672,12.849,0.84672,3695.15,0,18.483,0,0.463804,1.52493,6.73217,0.876999,7.8439,0.42336,18.483,0.42336,0,0,442.007,0,1.02816,0,0,1.49196,0.463804,1.028160,1,0,81.2221,0,0,0,81.2221,0
43.3665,1.63401,0,0,3.01097,0.198567,0.36288,3.6288,55.3238,0.257559,0,0,1.25714,0.216484,0,0.66528,12.849,1,0.493418,0.36288,0,154.193,4.67532,149.387,0.84672,12.849,0.84672,3695.15,0,18.483,0,1.01565,1.52498,10.4764,1.19398,11.8231,0.42336,18.483,0.42336,0,0,442.007,0,1.02816,0,0,2.04381,1.01565,1.028160,1,0,161.21,0,0,0,161.21,0
43.5035,1.6472,0,0,2.38073,0.233624,0.36288,3.6288,56.1955,0.257604,0,0,1.30952,0.180208,0,0.66528,12.849,1,0.488048,0.36288,0,80.3132,4.35573,75.8323,0.84672,12.849,0.84672,3695.15,0,18.483,0,0.704894,1.52504,7.60293,1.09282,8.74005,0.42336,18.483,0.42336,0,0,442.007,0,1.02816,0,0,1.73305,0.704894,1.028160,1,0,84.5724,0,0,0,84.5724,0
42.7326,1.70111,0,0,1.56425,0.271126,0.36288,3.6288,56.2184,0.565992,0,0,0.783259,0.194415,0,0.66528,12.849,1,0.502433,0.36288,0,42.6025,4.7251,37.7379,0.84672,12.849,0.84672,3695.15,0,18.483,0,0.412474,1.52509,3.0533,1.25436,3.7365,0.42336,18.483,0.42336,0,0,442.007,0,0.761391,0,0,1.17386,0.412474,1.028160,1,0,41.4744,0,0,0,41.4744,0
42.7089,1.68841,0,0,2.29629,0.268728,0.36288,3.6288,56.3512,0.503815,0,0,0.831064,0.194444,0,0.66528,12.849,1,0.507678,0.36288,0,46.3378,4.7251,41.4679,0.84672,12.849,0.84672,3695.15,0,18.483,0,0.503194,1.57392,3.95674,1.25436,4.77949,0.42336,18.483,0.42336,0,0,442.007,0,0.823608,0,0,1.3268,0.503194,1.028160,1,0,46.2474,0,0,0,46.2474,0
42.7071,1.68807,0,0,2.31782,0.268654,0.36288,3.6288,56.6835,0.435297,0,0,0.962202,0.194613,0,0.66528,12.849,1,0.507856,0.36288,0,56.5243,4.7251,51.6543,0.84672,12.849,0.84672,3695.15,0,18.483,0,0.503194,1.57397,3.86247,1.25436,4.68527,0.42336,18.483,0.42336,0,0,442.007,0,0.892166,0,0,1.39536,0.503194,1.028160,1,0,56.3395,0,0,0,56.3395,0
45.1007,1.68809,0,0,4.71604,0.271451,0.36288,3.6288,58.4838,0.299344,0,0,2.29464,0.194955,0,0.66528,12.849,1,0.507884,0.36288,0,76.6046,4.60943,71.8501,0.84672,12.849,0.84672,3695.15,0,18.483,0,3.32114,1.57402,13.4469,1.23677,17.1052,0.42336,18.483,0.42336,0,0,442.007,0,1.02816,0,0,4.3493,3.32114,1.028160,1,0,88.9554,0,0,0,88.9554,0
47.1184,1.89536,0,0,4.5964,0.320517,0.36288,3.6288,59.109,0.455475,0,0,1.27386,0.193229,0,0.66528,12.849,1,0.539981,0.36288,0,71.2556,4.24778,66.8308,0.84672,12.849,0.84672,3695.15,0,18.483,0,1.82464,1.57406,6.84924,1.07458,9.17336,0.42336,18.483,0.42336,0,0,442.007,0,1.02816,0,0,2.8528,1.82464,1.028160,1,0,76.0041,0,0,0,76.0041,0
47.8787,1.92929,0,0,3.37372,0.321182,0.36288,3.6288,59.167,0.455519,0,0,0.709956,0.196364,0,0.66528,12.849,1,0.526109,0.36288,0,53.1992,4.26322,48.7728,0.84672,12.849,0.84672,3695.15,0,18.483,0,0.791873,1.7482,5.71403,1.09105,7.16306,0.42336,18.483,0.42336,0,0,442.007,0,1.02816,0,0,1.82003,0.791873,1.028160,1,0,55.9359,0,0,0,55.9359,0
48.5598,1.94166,0,0,3.26945,0.283809,0.36288,3.6288,59.3417,0.455564,0,0,0.840857,0.210584,0,0.66528,12.849,1,0.521075,0.36288,0,78.8046,4.35592,74.2905,0.84672,12.849,0.84672,3695.15,0,18.483,0,1.31476,1.74826,6.13887,1.18984,8.01204,0.42336,18.483,0.42336,0,0,442.007,0,1.02816,0,0,2.34292,1.31476,1.028160,1,0,82.3025,0,0,0,82.3025,0
49.9572,1.95255,0,0,3.98955,0.276793,0.36288,3.6288,60.1764,0.455609,0,0,1.5017,0.211391,0,0.66528,12.849,1,0.516648,0.36288,0,74.3576,4.24459,69.9592,0.84672,12.849,0.84672,3695.15,0,18.483,0,0.82404,1.74831,5.84664,1.14052,7.27848,0.42336,18.483,0.42336,0,0,442.007,0,1.02816,0,0,1.8522,0.82404,1.028160,1,0,77.2377,0,0,0,77.2377,0
52.6283,1.72402,0,0,4.98344,0.225382,0.36288,3.6288,61.308,0.246153,0,0,1.97853,0.215961,0.384846,0.66528,12.849,1,0.443418,0.36288,0,72.9661,3.57662,69.3089,0.84672,12.849,0.84672,3695.15,0,18.483,0,0.9619,1.74836,10.69,0.844612,12.5556,0.42336,18.483,0.42336,0,0,442.007,0,1.02816,0,0,1.99006,0.9619,1.028160,1,0,82.2494,0,0,0,82.2494,0
54.9015,1.75847,0,0,4.62632,0.231751,0.36288,3.6288,61.308,0.246191,0,0,1.25151,0.217517,0.787804,0.66528,12.849,1,0.429324,0.36288,0,87.6096,3.57662,83.9665,0.84672,12.849,0.84672,3695.15,0,18.483,0,0.776053,1.51024,7.67794,0.844612,9.11962,0.42336,18.483,0.42336,0,0,442.007,0,1.02816,0,0,1.80421,0.776053,1.028160,1,0,93.874,0,0,0,93.874,0
56.2002,1.78612,0,0,3.71994,0.272316,0.36288,3.6288,61.308,0.369522,0,0,1.05925,0.16338,0.526345,0.66528,12.849,1,0.418019,0.36288,0,59.5293,2.95584,56.5184,0.84672,12.849,0.84672,3695.15,0,18.483,0,0.558835,1.51029,6.14747,0.672081,7.54452,0.42336,18.483,0.42336,0,0,442.007,0,0.904867,0,0,1.4637,0.558835,1.028160,1,0,64.5892,0,0,0,64.5892,0
58.0439,1.8013,0,0,4.29259,0.284727,0.36288,3.6288,61.308,0.246268,0,0,1.1687,0.175042,0.747388,0.66528,12.849,1,0.411829,0.36288,0,69.4227,3.44799,65.9258,0.84672,12.849,0.84672,3695.15,0,18.483,0,0.57437,1.51033,6.76771,0.804904,8.04751,0.42336,18.483,0.42336,0,0,442.007,0,1.02816,0,0,1.60253,0.57437,1.028160,1,0,74.7207,0,0,0,74.7207,0
60.164,1.82207,0,0,4.58758,0.282457,0.36288,3.6288,61.308,0.304289,0,0,0.954642,0.198163,0.45219,0.66528,12.849,1,0.403346,0.36288,0,99.1725,3.60081,95.5312,0.84672,12.849,0.84672,3695.15,0,18.483,0,0.558835,1.51038,7.68061,0.896817,8.85301,0.42336,18.483,0.42336,0,0,442.007,0,0.970177,0,0,1.52901,0.558835,1.028160,1,0,104.836,0,0,0,104.836,0
62.4857,1.91233,0,0,4.88379,0.286918,0.36288,3.6288,61.308,0.297604,0,0,1.1766,0.197416,0.681574,0.66528,12.849,1,0.408408,0.36288,0,79.9433,3.4398,76.458,0.84672,12.849,0.84672,3695.15,0,18.483,0,0.733165,1.51043,6.5611,0.873032,7.93166,0.42336,18.483,0.42336,0,0,442.007,0,1.02816,0,0,1.76132,0.733165,1.028160,1,0,85.0712,0,0,0,85.0712,0
64.4199,1.93703,0,0,4.5316,0.297509,0.36288,3.6288,61.308,0.297644,0,0,1.24877,0.189662,0.761458,0.66528,12.849,1,0.398313,0.36288,0,72.576,3.22336,69.3172,0.84672,12.849,0.84672,3695.15,0,18.483,0,0.756285,1.56929,8.80347,0.831267,10.2978,0.42336,18.483,0.42336,0,0,442.007,0,1.02816,0,0,1.78445,0.756285,1.028160,1,0,80.3764,0,0,0,80.3764,0
65.7504,1.95671,0,0,3.92242,0.272337,0.36288,3.6288,61.308,0.297684,0,0,1.1695,0.204893,0.666924,0.66528,12.849,1,0.390279,0.36288,0,66.9566,3.43864,63.4906,0.84672,12.849,0.84672,3695.15,0,18.483,0,0.642038,1.56933,6.32763,0.868521,7.67048,0.42336,18.483,0.42336,0,0,442.007,0,1.02816,0,0,1.6702,0.642038,1.028160,1,0,71.828,0,0,0,71.828,0
66.4402,1.96981,0,0,3.30909,0.28656,0.36288,3.6288,61.0802,0.711822,0,0,0.67754,0.193547,0,0.66528,12.849,1,0.384942,0.36288,0,55.1423,3.55025,51.57,0.84672,12.849,0.84672,3695.15,0,18.483,0,0.528595,1.56938,4.00539,0.891472,5.21189,0.42336,18.483,0.42336,0,0,442.007,0,0.614062,0,0,1.14266,0.528595,1.028160,1,0,56.7819,0,0,0,56.7819,0
66.7736,1.94925,0,0,2.90853,0.263023,0.36288,3.6288,60.9679,0.520681,0,0,0.606178,0.197752,0,0.66528,12.849,1,0.376969,0.36288,0,47.028,3.87202,43.1418,0.84672,12.849,0.84672,3695.15,0,18.483,0,0.528595,1.56943,3.53895,0.932402,4.70457,0.42336,18.483,0.42336,0,0,442.007,0,0.785333,0,0,1.31393,0.528595,1.028160,1,0,47.8464,0,0,0,47.8464,0
66.9857,1.95243,0,0,2.73729,0.209892,0.36288,3.6288,60.8063,0.540748,0,0,0.602849,0.223714,0,0.66528,12.849,1,0.3757,0.36288,0,43.8566,4.10266,39.7411,0.84672,12.849,0.84672,3695.15,0,18.483,0,0.528595,1.54658,3.52187,0.946174,4.65087,0.42336,18.483,0.42336,0,0,442.007,0,0.765305,0,0,1.2939,0.528595,1.028160,1,0,44.3919,0,0,0,44.3919,0
67.096,1.95447,0,0,2.63794,0.210244,0.36288,3.6288,60.8158,0.369568,0,0,0.602526,0.223485,0,0.66528,12.849,1,0.374901,0.36288,0,41.9313,4.10266,37.8166,0.84672,12.849,0.84672,3695.15,0,18.483,0,0.402797,1.54663,3.86987,0.946174,4.87312,0.42336,18.483,0.42336,0,0,442.007,0,0.936524,0,0,1.33932,0.402797,1.028160,1,0,42.6897,0,0,0,42.6897,0
67.2371,1.95555,0,0,2.66973,0.210203,0.36288,3.6288,60.7278,0.504063,0,0,0.636144,0.220018,0,0.66528,12.849,1,0.374492,0.36288,0,41.9238,3.99965,37.9125,0.84672,12.849,0.84672,3695.15,0,18.483,0,0.402797,1.54667,3.4172,0.950766,4.4159,0.42336,18.483,0.42336,0,0,442.007,0,0.802069,0,0,1.20487,0.402797,1.028160,1,0,42.3284,0,0,0,42.3284,0
66.983,2.04975,0,0,2.3492,0.190692,0.36288,3.6288,60.5172,0.544481,0,0,0.568831,0.234982,0,0.66528,12.849,1,0.391707,0.36288,0,40.6023,4.5607,36.0128,0.84672,12.849,0.84672,3695.15,0,18.483,0,0.402797,1.54672,3.30223,1.1075,4.14425,0.42336,18.483,0.42336,0,0,442.007,0,0.832308,0,0,1.23511,0.402797,1.028160,1,0,40.157,0,0,0,40.157,0
66.5274,2.04734,0,0,2.10798,0.153339,0.36288,3.6288,60.2943,0.539036,0,0,0.552732,0.236601,0,0.66528,12.849,1,0.392731,0.36288,0,35.5171,4.62557,30.8616,0.84672,12.849,0.84672,3695.15,0,18.483,0,0.402797,1.62683,3.08646,1.06654,4.04955,0.42336,18.483,0.42336,0,0,442.007,0,0.837795,0,0,1.24059,0.402797,1.028160,1,0,34.9112,0,0,0,34.9112,0
66.0504,2.04295,0,0,2.08157,0.152786,0.36288,3.6288,60.1949,0.463538,0,0,0.60036,0.236266,0,0.66528,12.849,1,0.394571,0.36288,0,34.3468,4.62557,29.6895,0.84672,12.849,0.84672,3695.15,0,18.483,0,0.30119,1.62688,3.38393,1.06654,4.24546,0.42336,18.483,0.42336,0,0,442.007,0,0.913334,0,0,1.21452,0.30119,1.028160,1,0,33.935,0,0,0,33.935,0
65.4438,2.03829,0,0,1.94679,0.152208,0.36288,3.6288,59.999,0.513666,0,0,0.553971,0.236116,0,0.66528,12.849,1,0.396516,0.36288,0,32.1289,4.62557,27.4697,0.84672,12.849,0.84672,3695.15,0,18.483,0,0.30119,1.62693,2.97123,1.06654,3.83281,0.42336,18.483,0.42336,0,0,442.007,0,0.863248,0,0,1.16444,0.30119,1.028160,1,0,31.3025,0,0,0,31.3025,0
64.5582,2.03229,0,0,1.64148,0.131841,0.36288,3.6288,59.5734,0.773002,0,0,0.59489,0.2475,0,0.66528,12.849,1,0.399013,0.36288,0,27.9518,4.77009,23.1456,0.84672,12.849,0.84672,3695.15,0,18.483,0,0.30119,1.62698,2.52194,1.11882,3.33128,0.42336,18.483,0.42336,0,0,442.007,0,0.603953,0,0,0.905144,0.30119,1.028160,1,0,26.4768,0,0,0,26.4768,0
63.5119,2.00525,0,0,1.44488,0.12311,0.36288,3.6288,59.0646,0.860592,0,0,0.60328,0.251487,0,0.66528,12.849,1,0.399104,0.36288,0,27.0449,4.8279,22.1808,0.84672,12.849,0.84672,3695.15,0,18.483,0,0.30119,1.62703,2.35517,1.13973,3.14365,0.42336,18.483,0.42336,0,0,442.007,0,0.555224,0,0,0.856414,0.30119,1.028160,1,0,25.3245,0,0,0,25.3245,0
62.3441,1.99457,0,0,1.31172,0.122072,0.36288,3.6288,58.4791,0.904734,0,0,0.569916,0.250669,0,0.66528,12.849,1,0.403519,0.36288,0,26.2411,4.8279,21.3726,0.84672,12.849,0.84672,3695.15,0,18.483,0,0.261274,1.65202,2.21382,1.13973,2.98738,0.42336,18.483,0.42336,0,0,442.007,0,0.511125,0,0,0.772399,0.261274,1.028160,1,0,24.36,0,0,0,24.36,0
61.0878,1.98236,0,0,1.20107,0.112111,0.36288,3.6288,57.8138,0.936468,0,0,0.542422,0.271274,0,0.66528,12.849,1,0.408562,0.36288,0,23.1414,5.1102,17.9855,0.84672,12.849,0.84672,3695.15,0,18.483,0,0.261274,1.65207,2.14996,1.24278,2.82053,0.42336,18.483,0.42336,0,0,442.007,0,0.479434,0,0,0.740707,0.261274,1.028160,1,0,20.806,0,0,0,20.806,0
59.9517,1.96888,0,0,1.2849,0.0892205,0.36288,3.6288,57.1452,0.91371,0,0,0.565542,0.320506,0,0.66528,12.849,1,0.414128,0.36288,0,21.9499,5.83179,16.0669,0.84672,12.849,0.84672,3695.15,0,18.483,0,0.261274,1.65212,2.21889,1.50579,2.6265,0.42336,18.483,0.42336,0,0,442.007,0,0.502235,0,0,0.763508,0.261274,1.028160,1,0,18.6934,0,0,0,18.6934,0
58.9444,2.00203,0,0,1.44608,0.0884503,0.36288,3.6288,56.6132,0.878334,0,0,0.657478,0.311056,0,0.66528,12.849,1,0.42908,0.36288,0,23.7679,5.87139,17.8304,0.84672,12.849,0.84672,3695.15,0,18.483,0,0.261274,1.65217,2.64347,1.51927,3.03764,0.42336,18.483,0.42336,0,0,442.007,0,0.572253,0,0,0.833527,0.261274,1.028160,1,0,20.868,0,0,0,20.868,0
57.7821,1.99042,0,0,1.2786,0.0875978,0.36288,3.6288,55.9575,0.964735,0,0,0.618954,0.309982,0,0.66528,12.849,1,0.433881,0.36288,0,22.452,5.87139,16.5096,0.84672,12.849,0.84672,3695.15,0,18.483,0,0.261274,1.69198,2.47992,1.51927,2.9139,0.42336,18.483,0.42336,0,0,442.007,0,0.485896,0,0,0.74717,0.261274,1.028160,1,0,19.4235,0,0,0,19.4235,0
56.5201,1.97668,0,0,1.15542,0.0779169,0.36288,3.6288,55.3035,0.953201,0,0,0.612839,0.313662,0,0.66528,12.849,1,0.439553,0.36288,0,21.2828,6.02094,15.1852,0.84672,12.849,0.84672,3695.15,0,18.483,0,0.227405,1.69203,2.47443,1.54915,2.84471,0.42336,18.483,0.42336,0,0,442.007,0,0.497474,0,0,0.724879,0.227405,1.028160,1,0,18.0299,0,0,0,18.0299,0
55.0679,1.96134,0,0,0.948836,0.0767896,0.36288,3.6288,54.6339,0.963423,0,0,0.599633,0.305765,0,0.66528,12.849,1,0.445881,0.36288,0,20.0219,6.05111,13.8878,0.84672,12.849,0.84672,3695.15,0,18.483,0,0.227405,1.69208,2.36767,1.44558,2.84158,0.42336,18.483,0.42336,0,0,442.007,0,0.487296,0,0,0.714701,0.227405,1.028160,1,0,16.7294,0,0,0,16.7294,0
53.5394,2.0729,0,0,0.97359,0.0663536,0.36288,3.6288,53.5608,1.28843,0,0,0.533142,0.317763,0,0.66528,12.849,1,0.483669,0.36288,0,19.8841,6.04926,13.714,0.84672,12.849,0.84672,3695.15,0,18.483,0,0.227405,1.69213,2.04469,1.54235,2.42188,0.42336,18.483,0.42336,0,0,442.007,0,0.287236,0,0,0.514641,0.227405,1.028160,1,0,16.1359,0,0,0,16.1359,0
52.1245,2.05172,0,0,1.063,0.0632295,0.36288,3.6288,52.7063,1.19548,0,0,0.659092,0.31813,0,0.66528,12.849,1,0.492394,0.36288,0,25.1889,6.0585,19.0009,0.84672,12.849,0.84672,3695.15,0,18.483,0,0.227405,1.82684,2.28708,1.56343,2.7779,0.42336,18.483,0.42336,0,0,442.007,0,0.380233,0,0,0.607638,0.227405,1.028160,1,0,21.7788,0,0,0,21.7788,0
50.5425,2.03142,0,0,0.874532,0.0623177,0.36288,3.6288,51.5055,1.3649,0,0,0.480006,0.315965,0,0.66528,12.849,1,0.500757,0.36288,0,23.077,6.0585,16.8806,0.84672,12.849,0.84672,3695.15,0,18.483,0,0.204422,1.8269,1.8732,1.56343,2.3411,0.42336,18.483,0.42336,0,0,442.007,0,0.210862,0,0,0.415284,0.204422,1.028160,1,0,19.2217,0,0,0,19.2217,0
49.2002,2.00789,0,0,1.08982,0.061298,0.36288,3.6288,51.0645,0.95957,0,0,0.831514,0.312923,0,0.66528,12.849,1,0.510449,0.36288,0,22.4946,6.0585,16.2885,0.84672,12.849,0.84672,3695.15,0,18.483,0,0.204422,1.82695,2.92157,1.56343,3.38952,0.42336,18.483,0.42336,0,0,442.007,0,0.616239,0,0,0.820662,0.204422,1.028160,1,0,19.678,0,0,0,19.678,0
47.7475,1.9872,0,0,0.983526,0.0861904,0.36288,3.6288,50.1464,1.26651,0,0,0.61493,0.266527,0,0.66528,12.849,1,0.518972,0.36288,0,23.2276,4.83778,18.2337,0.84672,12.849,0.84672,3695.15,0,18.483,0,0.204422,1.82701,3.19885,1.18389,4.04639,0.42336,18.483,0.42336,0,0,442.007,0,0.309347,0,0,0.513769,0.204422,1.028160,1,0,22.2801,0,0,0,22.2801,0
46.6365,1.90409,0,0,1.25455,0.0985308,0.36288,3.6288,49.3699,1.20505,0,0,0.692919,0.264309,0,0.66528,12.849,1,0.512396,0.36288,0,25.4549,4.89268,20.4127,0.84672,12.849,0.84672,3695.15,0,18.483,0,0.204422,1.82706,3.61352,1.277,4.36801,0.42336,18.483,0.42336,0,0,442.007,0,0.295033,0,0,0.499455,0.204422,1.028160,1,0,24.7807,0,0,0,24.7807,0
45.333,1.88634,0,0,1.04299,0.097333,0.36288,3.6288,49.2496,0.836388,0,0,0.978696,0.262629,0,0.66528,12.849,1,0.519713,0.36288,0,23.5141,4.89268,18.4646,0.84672,12.849,0.84672,3695.15,0,18.483,0,0.216518,1.74994,4.0971,1.277,4.78656,0.42336,18.483,0.42336,0,0,442.007,0,0.663739,0,0,0.880257,0.216518,1.028160,1,0,23.2511,0,0,0,23.2511,0
43.8937,1.86485,0,0,0.884382,0.0959276,0.36288,3.6288,48.2671,1.25145,0,0,0.531342,0.262369,0,0.66528,12.849,1,0.528566,0.36288,0,23.4809,4.89268,18.4226,0.84672,12.849,0.84672,3695.15,0,18.483,0,0.216518,1.74999,3.03044,1.277,3.71995,0.42336,18.483,0.42336,0,0,442.007,0,0.248726,0,0,0.465244,0.216518,1.028160,1,0,22.1425,0,0,0,22.1425,0
42.5901,1.84024,0,0,1.00635,0.106833,0.36288,3.6288,47.3681,1.18849,0,0,0.525842,0.236416,0,0.66528,12.849,1,0.538695,0.36288,0,22.3529,4.60917,17.5679,0.84672,12.849,0.84672,3695.15,0,18.483,0,0.216518,1.75004,3.10386,1.16527,3.90516,0.42336,18.483,0.42336,0,0,442.007,0,0.311726,0,0,0.528244,0.216518,1.028160,1,0,21.4731,0,0,0,21.4731,0
41.3426,1.77019,0,0,1.06233,0.17674,0.36288,3.6288,46.6755,0.91918,0,0,0.402363,0.175748,0,0.66528,12.849,1,0.53405,0.36288,0,18.81,4.49778,14.141,0.84672,12.849,0.84672,3695.15,0,18.483,0,0.216518,1.7501,2.57421,1.12278,3.41805,0.42336,18.483,0.42336,0,0,442.007,0,0.512056,0,0,0.728574,0.216518,1.028160,1,0,17.5591,0,0,0,17.5591,0
39.936,1.74789,0,0,0.878334,0.174183,0.36288,3.6288,45.9906,0.8569,0,0,0.346696,0.17472,0,0.66528,12.849,1,0.543233,0.36288,0,15.0854,4.49778,10.4073,0.84672,12.849,0.84672,3695.15,0,18.483,0,0.216518,1.68155,2.49697,1.12278,3.27226,0.42336,18.483,0.42336,0,0,442.007,0,0.574379,0,0,0.790897,0.216518,1.028160,1,0,13.6796,0,0,0,13.6796,0
39.9133,1.7218,0,0,2.23335,0.1713,0.36288,3.6288,46.5238,0.403162,0,0,1.10996,0.173617,0,0.66528,12.849,1,0.553972,0.36288,0,42.0867,4.49778,37.3979,0.84672,12.849,0.84672,3695.15,0,18.483,0,1.37844,1.6816,5.83546,1.12278,7.77272,0.42336,18.483,0.42336,0,0,442.007,0,1.02816,0,0,2.4066,1.37844,1.028160,1,0,45.1706,0,0,0,45.1706,0
40.2692,1.72142,0,0,2.62805,0.187898,0.36288,3.6288,47.3918,0.403205,0,0,1.43167,0.160422,0,0.66528,12.849,1,0.554164,0.36288,0,50.2142,4.28013,45.7428,0.84672,12.849,0.84672,3695.15,0,18.483,0,0.541754,1.68165,5.91214,1.06113,7.07442,0.42336,18.483,0.42336,0,0,442.007,0,1.02816,0,0,1.56991,0.541754,1.028160,1,0,52.8172,0,0,0,52.8172,0
40.7263,1.59804,0,0,2.59857,0.180516,0.36288,3.6288,48.1543,0.259468,0,0,1.20754,0.185615,0,0.66528,12.849,1,0.509898,0.36288,0,74.8504,3.41354,71.2898,0.84672,12.849,0.84672,3695.15,0,18.483,0,0.512714,1.6817,6.05552,0.868417,7.38152,0.42336,18.483,0.42336,0,0,442.007,0,1.02816,0,0,1.54087,0.512714,1.028160,1,0,78.6714,0,0,0,78.6714,0
40.8379,1.60597,0,0,2.32013,0.239737,0.36288,3.6288,48.7769,0.259507,0,0,1.04992,0.16777,0,0.66528,12.849,1,0.506679,0.36288,0,46.536,3.69789,42.6943,0.84672,12.849,0.84672,3695.15,0,18.483,0,0.415126,1.5273,5.3196,0.888818,6.37322,0.42336,18.483,0.42336,0,0,442.007,0,1.02816,0,0,1.44329,0.415126,1.028160,1,0,49.0675,0,0,0,49.0675,0
41.5008,1.60793,0,0,2.87378,0.240054,0.36288,3.6288,49.8971,0.259546,0,0,1.54833,0.168639,0,0.66528,12.849,1,0.505911,0.36288,0,83.4739,3.69789,79.633,0.84672,12.849,0.84672,3695.15,0,18.483,0,0.550895,1.52735,6.84106,0.888818,8.03048,0.42336,18.483,0.42336,0,0,442.007,0,1.02816,0,0,1.57906,0.550895,1.028160,1,0,87.6635,0,0,0,87.6635,0
42.878,1.61921,0,0,3.60121,0.241938,0.36288,3.6288,51.4129,0.259585,0,0,1.94561,0.170203,0,0.66528,12.849,1,0.501321,0.36288,0,86.3551,3.69789,82.5187,0.84672,12.849,0.84672,3695.15,0,18.483,0,0.919132,1.52739,8.44206,0.888818,9.99977,0.42336,18.483,0.42336,0,0,442.007,0,1.02816,0,0,1.94729,0.919132,1.028160,1,0,92.5185,0,0,0,92.5185,0
43.9733,1.64195,0,0,3.3152,0.215053,0.36288,3.6288,53.1148,0.259624,0,0,2.15304,0.191465,0,0.66528,12.849,1,0.492033,0.36288,0,138.625,3.69595,134.8,0.84672,12.849,0.84672,3695.15,0,18.483,0,1.12963,1.52744,10.6998,0.999078,12.3578,0.42336,18.483,0.42336,0,0,442.007,0,1.02816,0,0,2.15779,1.12963,1.028160,1,0,147.158,0,0,0,147.158,0
43.8014,1.71143,0,0,2.11937,0.216908,0.36288,3.6288,53.6519,0.397517,0,0,1.09497,0.160398,0,0.66528,12.849,1,0.500081,0.36288,0,59.6092,2.60148,56.8705,0.84672,12.849,0.84672,3695.15,0,18.483,0,0.412474,1.52749,6.78366,0.702322,8.0213,0.42336,18.483,0.42336,0,0,442.007,0,0.931945,0,0,1.34442,0.412474,1.028160,1,0,64.8918,0,0,0,64.8918,0
43.2541,1.70869,0,0,1.74076,0.216483,0.36288,3.6288,53.8261,0.643013,0,0,0.978324,0.161086,0,0.66528,12.849,1,0.501237,0.36288,0,36.7712,2.60148,34.0314,0.84672,12.849,0.84672,3695.15,0,18.483,0,0.503194,1.57639,5.59704,0.702322,6.9743,0.42336,18.483,0.42336,0,0,442.007,0,0.686483,0,0,1.18968,0.503194,1.028160,1,0,41.0057,0,0,0,41.0057,0
42.618,1.69976,0,0,1.65358,0.22704,0.36288,3.6288,53.8665,0.723986,0,0,0.918588,0.154231,0,0.66528,12.849,1,0.504928,0.36288,0,34.2344,2.71191,31.3804,0.84672,12.849,0.84672,3695.15,0,18.483,0,0.503194,1.57643,5.29828,0.677927,6.69997,0.42336,18.483,0.42336,0,0,442.007,0,0.605543,0,0,1.10874,0.503194,1.028160,1,0,38.0804,0,0,0,38.0804,0
42.0579,1.68921,0,0,1.74952,0.257535,0.36288,3.6288,54.01,0.544135,0,0,0.834909,0.147307,0,0.66528,12.849,1,0.509284,0.36288,0,32.3573,3.32262,28.8883,0.84672,12.849,0.84672,3695.15,0,18.483,0,0.503194,1.57647,5.6436,0.831461,6.8918,0.42336,18.483,0.42336,0,0,442.007,0,0.785428,0,0,1.28862,0.503194,1.028160,1,0,35.7801,0,0,0,35.7801,0
41.1382,1.84362,0,0,1.5458,0.259034,0.36288,3.6288,53.6771,0.817434,0,0,0.614255,0.129709,0,0.66528,12.849,1,0.563238,0.36288,0,30.1829,2.88225,27.1003,0.84672,12.849,0.84672,3695.15,0,18.483,0,0.503194,1.57651,3.80393,0.804291,5.07934,0.42336,18.483,0.42336,0,0,442.007,0,0.668494,0,0,1.17169,0.503194,1.028160,1,0,32.1796,0,0,0,32.1796,0
40.2894,1.82623,0,0,1.59658,0.256254,0.36288,3.6288,53.4511,0.746944,0,0,0.650388,0.129397,0,0.66528,12.849,1,0.570401,0.36288,0,32.7892,2.88225,29.6995,0.84672,12.849,0.84672,3695.15,0,18.483,0,0.503194,1.75091,4.06041,0.804291,5.51022,0.42336,18.483,0.42336,0,0,442.007,0,0.739022,0,0,1.24222,0.503194,1.028160,1,0,35.2097,0,0,0,35.2097,0
39.4342,1.8098,0,0,1.56738,0.249871,0.36288,3.6288,53.0938,0.943481,0,0,0.725838,0.139675,0,0.66528,12.849,1,0.577175,0.36288,0,29.1246,3.14433,25.766,0.84672,12.849,0.84672,3695.15,0,18.483,0,0.608429,1.75095,5.07346,0.886283,6.54656,0.42336,18.483,0.42336,0,0,442.007,0,0.542523,0,0,1.15095,0.608429,1.028160,1,0,32.3125,0,0,0,32.3125,0
39.3812,1.79283,0,0,2.33105,0.22841,0.36288,3.6288,53.2773,0.657111,0,0,0.989211,0.148612,0,0.66528,12.849,1,0.584165,0.36288,0,54.8341,3.98433,50.6285,0.84672,12.849,0.84672,3695.15,0,18.483,0,0.608429,1.75099,8.15475,0.979946,9.53423,0.42336,18.483,0.42336,0,0,442.007,0,0.82893,0,0,1.43736,0.608429,1.028160,1,0,60.1627,0,0,0,60.1627,0
40.9427,1.56469,0,0,3.71877,0.229644,0.36288,3.6288,53.5637,0.513147,0,0,0.983612,0.184052,0,0.66528,12.849,1,0.510514,0.36288,0,78.5946,3.7862,74.6608,0.84672,12.849,0.84672,3695.15,0,18.483,0,0.608429,1.75104,5.03486,0.964785,6.42955,0.42336,18.483,0.42336,0,0,442.007,0,0.763111,0,0,1.37154,0.608429,1.028160,1,0,81.0903,0,0,0,81.0903,0
43.0345,1.59162,0,0,4.28021,0.23391,0.36288,3.6288,53.7244,0.684398,0,0,1.02959,0.184473,0,0.66528,12.849,1,0.499497,0.36288,0,61.2735,3.7862,57.3507,0.84672,12.849,0.84672,3695.15,0,18.483,0,0.608429,1.51255,4.56729,0.964785,5.72348,0.42336,18.483,0.42336,0,0,442.007,0,0.591892,0,0,1.20032,0.608429,1.028160,1,0,63.0742,0,0,0,63.0742,0
44.4651,1.62592,0,0,3.66881,0.249461,0.36288,3.6288,53.9321,0.59841,0,0,0.976242,0.170104,0,0.66528,12.849,1,0.485459,0.36288,0,62.7301,3.80738,58.8002,0.84672,12.849,0.84672,3695.15,0,18.483,0,0.558835,1.51259,4.72871,0.926825,5.8733,0.42336,18.483,0.42336,0,0,442.007,0,0.677912,0,0,1.23675,0.558835,1.028160,1,0,64.6735,0,0,0,64.6735,0
45.0545,1.64831,0,0,2.86166,0.261023,0.36288,3.6288,54.4504,0.342059,0,0,1.01968,0.159392,0,0.66528,12.849,1,0.476309,0.36288,0,48.4256,3.82326,44.4889,0.84672,12.849,0.84672,3695.15,0,18.483,0,0.558835,1.51263,4.90342,0.898354,6.07652,0.42336,18.483,0.42336,0,0,442.007,0,0.934295,0,0,1.49313,0.558835,1.028160,1,0,50.5654,0,0,0,50.5654,0
47.1806,1.65731,0,0,4.39495,0.248659,0.36288,3.6288,54.8562,0.460036,0,0,1.04345,0.1776,0,0.66528,12.849,1,0.472645,0.36288,0,80.1138,3.99696,76.0071,0.84672,12.849,0.84672,3695.15,0,18.483,0,0.558835,1.51266,6.09811,0.982147,7.18746,0.42336,18.483,0.42336,0,0,442.007,0,0.81635,0,0,1.37519,0.558835,1.028160,1,0,83.1945,0,0,0,83.1945,0
48.9303,1.75026,0,0,4.10655,0.243783,0.36288,3.6288,55.3124,0.37059,0,0,1.01821,0.191358,0,0.66528,12.849,1,0.47666,0.36288,0,82.6148,4.12724,78.3738,0.84672,12.849,0.84672,3695.15,0,18.483,0,0.558835,1.5127,5.22879,1.04499,6.25533,0.42336,18.483,0.42336,0,0,442.007,0,0.957165,0,0,1.516,0.558835,1.028160,1,0,84.6291,0,0,0,84.6291,0
50.9945,1.77564,0,0,4.45123,0.248479,0.36288,3.6288,55.3655,0.526351,0,0,0.77131,0.191933,0,0.66528,12.849,1,0.466281,0.36288,0,84.6953,4.12724,80.4647,0.84672,12.849,0.84672,3695.15,0,18.483,0,0.528595,1.57164,4.75288,1.04499,5.80813,0.42336,18.483,0.42336,0,0,442.007,0,0.801438,0,0,1.33003,0.528595,1.028160,1,0,86.2728,0,0,0,86.2728,0
52.1246,1.8042,0,0,3.52092,0.223687,0.36288,3.6288,55.0579,0.734341,0,0,0.656723,0.229986,0,0.66528,12.849,1,0.454601,0.36288,0,68.2059,4.63687,63.4773,0.84672,12.849,0.84672,3695.15,0,18.483,0,0.528595,1.57168,4.5254,1.18757,5.43811,0.42336,18.483,0.42336,0,0,442.007,0,0.593482,0,0,1.12208,0.528595,1.028160,1,0,68.9154,0,0,0,68.9154,0
52.7382,1.81926,0,0,2.99867,0.202994,0.36288,3.6288,54.6341,0.789437,0,0,0.598319,0.232636,0,0.66528,12.849,1,0.448456,0.36288,0,54.7236,4.63621,50.0018,0.84672,12.849,0.84672,3695.15,0,18.483,0,0.528595,1.57172,3.49861,1.23325,4.36568,0.42336,18.483,0.42336,0,0,442.007,0,0.538419,0,0,1.06701,0.528595,1.028160,1,0,54.3675,0,0,0,54.3675,0
53.0817,1.8021,0,0,2.73533,0.226863,0.36288,3.6288,54.5973,0.592488,0,0,0.737865,0.182234,0,0.66528,12.849,1,0.439059,0.36288,0,52.0156,3.86985,48.0695,0.84672,12.849,0.84672,3695.15,0,18.483,0,0.528595,1.57176,4.32099,1.09955,5.3218,0.42336,18.483,0.42336,0,0,442.007,0,0.715461,0,0,1.24406,0.528595,1.028160,1,0,53.3913,0,0,0,53.3913,0
53.1434,1.8065,0,0,2.44072,0.209656,0.36288,3.6288,54.3203,0.684865,0,0,0.618885,0.210998,0,0.66528,12.849,1,0.437283,0.36288,0,46.218,4.18597,41.9576,0.84672,12.849,0.84672,3695.15,0,18.483,0,0.528595,1.54887,3.92332,1.12444,4.87635,0.42336,18.483,0.42336,0,0,442.007,0,0.623117,0,0,1.15171,0.528595,1.028160,1,0,46.8339,0,0,0,46.8339,0
53.108,1.80733,0,0,2.29703,0.162206,0.36288,3.6288,54.1235,0.576639,0,0,0.615489,0.235615,0,0.66528,12.849,1,0.436975,0.36288,0,43.101,4.41662,38.6103,0.84672,12.849,0.84672,3695.15,0,18.483,0,0.402797,1.54891,3.90441,1.13821,4.7179,0.42336,18.483,0.42336,0,0,442.007,0,0.731376,0,0,1.13417,0.402797,1.028160,1,0,43.3282,0,0,0,43.3282,0
52.9897,1.80692,0,0,2.21365,0.162148,0.36288,3.6288,53.9665,0.536876,0,0,0.61516,0.235308,0,0.66528,12.849,1,0.437169,0.36288,0,41.2089,4.41662,36.718,0.84672,12.849,0.84672,3695.15,0,18.483,0,0.402797,1.54895,4.29023,1.13821,5.10376,0.42336,18.483,0.42336,0,0,442.007,0,0.771172,0,0,1.17397,0.402797,1.028160,1,0,41.8218,0,0,0,41.8218,0
52.5794,1.89112,0,0,1.98717,0.143391,0.36288,3.6288,53.8354,0.549242,0,0,0.650732,0.232616,0,0.66528,12.849,1,0.458561,0.36288,0,36.3263,4.11332,32.1173,0.84672,12.849,0.84672,3695.15,0,18.483,0,0.402797,1.54899,3.78767,1.06881,4.67065,0.42336,18.483,0.42336,0,0,442.007,0,0.829561,0,0,1.23236,0.402797,1.028160,1,0,36.7879,0,0,0,36.7879,0
52.0685,1.8857,0,0,1.87733,0.139707,0.36288,3.6288,53.5681,0.646961,0,0,0.611666,0.232007,0,0.66528,12.849,1,0.460815,0.36288,0,32.6798,4.06276,28.5191,0.84672,12.849,0.84672,3695.15,0,18.483,0,0.402797,1.62921,3.58066,1.05725,4.55542,0.42336,18.483,0.42336,0,0,442.007,0,0.731877,0,0,1.13467,0.402797,1.028160,1,0,33.0745,0,0,0,33.0745,0
51.4198,1.87886,0,0,1.70184,0.108825,0.36288,3.6288,53.3156,0.582455,0,0,0.583917,0.253961,0,0.66528,12.849,1,0.46365,0.36288,0,28.8149,4.33052,24.3836,0.84672,12.849,0.84672,3695.15,0,18.483,0,0.30119,1.62925,3.48762,1.12566,4.29241,0.42336,18.483,0.42336,0,0,442.007,0,0.796418,0,0,1.09761,0.30119,1.028160,1,0,28.676,0,0,0,28.676,0
50.6989,1.87005,0,0,1.60821,0.096116,0.36288,3.6288,52.9541,0.65682,0,0,0.557791,0.26241,0,0.66528,12.849,1,0.467296,0.36288,0,27.8887,4.43761,23.3467,0.84672,12.849,0.84672,3695.15,0,18.483,0,0.30119,1.62929,3.47795,1.15302,4.25541,0.42336,18.483,0.42336,0,0,442.007,0,0.722088,0,0,1.02328,0.30119,1.028160,1,0,27.6021,0,0,0,27.6021,0
50.0453,1.86008,0,0,1.6612,0.0918654,0.36288,3.6288,53.0815,0.350783,0,0,0.702602,0.224411,0,0.66528,12.849,1,0.471414,0.36288,0,31.0116,4.22582,26.6773,0.84672,12.849,0.84672,3695.15,0,18.483,0,0.466992,1.62933,4.03994,1.03779,5.09848,0.42336,18.483,0.42336,0,0,442.007,0,1.02816,0,0,1.49515,0.466992,1.028160,1,0,31.7758,0,0,0,31.7758,0
49.3973,1.83432,0,0,1.63782,0.0886067,0.36288,3.6288,53.2731,0.389692,0,0,0.777937,0.196679,0,0.66528,12.849,1,0.470957,0.36288,0,32.5527,4.06696,28.3776,0.84672,12.849,0.84672,3695.15,0,18.483,0,0.634236,1.62937,4.16319,0.951363,5.47544,0.42336,18.483,0.42336,0,0,442.007,0,1.02816,0,0,1.6624,0.634236,1.028160,1,0,33.8531,0,0,0,33.8531,0
48.6287,1.82515,0,0,1.49968,0.080245,0.36288,3.6288,53.406,0.389728,0,0,0.740422,0.217788,0,0.66528,12.849,1,0.474749,0.36288,0,28.7074,4.34926,24.2463,0.84672,12.849,0.84672,3695.15,0,18.483,0,0.566032,1.6544,4.04307,1.05441,5.20909,0.42336,18.483,0.42336,0,0,442.007,0,1.02816,0,0,1.59419,0.566032,1.028160,1,0,29.4554,0,0,0,29.4554,0
47.8072,1.81407,0,0,1.41581,0.0603572,0.36288,3.6288,53.4371,0.389764,0,0,0.690967,0.270096,0,0.66528,12.849,1,0.479324,0.36288,0,25.5328,5.05501,20.3613,0.84672,12.849,0.84672,3695.15,0,18.483,0,0.538151,1.65444,3.85659,1.31202,4.73716,0.42336,18.483,0.42336,0,0,442.007,0,1.02816,0,0,1.56631,0.538151,1.028160,1,0,25.0985,0,0,0,25.0985,0
46.8566,1.80198,0,0,1.27349,0.059202,0.36288,3.6288,53.4276,0.3898,0,0,0.651283,0.270969,0,0.66528,12.849,1,0.484312,0.36288,0,24.7605,5.13072,19.5084,0.84672,12.849,0.84672,3695.15,0,18.483,0,0.505345,1.65448,3.60182,1.33163,4.43002,0.42336,18.483,0.42336,0,0,442.007,0,1.02816,0,0,1.5335,0.505345,1.028160,1,0,23.9384,0,0,0,23.9384,0
45.8939,1.82939,0,0,1.28442,0.0549186,0.36288,3.6288,53.3617,0.424485,0,0,0.634323,0.275783,0,0.66528,12.849,1,0.501653,0.36288,0,23.8812,5.58495,18.1575,0.84672,12.849,0.84672,3695.15,0,18.483,0,0.451319,1.65452,2.92684,1.44926,3.58343,0.42336,18.483,0.42336,0,0,442.007,0,1.02816,0,0,1.47948,0.451319,1.028160,1,0,21.7409,0,0,0,21.7409,0
44.865,1.81418,0,0,1.20252,0.0543343,0.36288,3.6288,53.2732,0.424522,0,0,0.611682,0.275639,0,0.66528,12.849,1,0.50792,0.36288,0,22.4015,5.58495,16.6715,0.84672,12.849,0.84672,3695.15,0,18.483,0,0.461843,1.69438,3.02733,1.44926,3.7343,0.42336,18.483,0.42336,0,0,442.007,0,1.02816,0,0,1.49,0.461843,1.028160,1,0,20.4058,0,0,0,20.4058,0
43.7142,1.7975,0,0,1.06326,0.05371,0.36288,3.6288,53.149,0.424558,0,0,0.57583,0.275444,0,0.66528,12.849,1,0.514791,0.36288,0,21.1613,5.58495,15.4244,0.84672,12.849,0.84672,3695.15,0,18.483,0,0.30748,1.69442,2.84002,1.44926,3.39267,0.42336,18.483,0.42336,0,0,442.007,0,1.02816,0,0,1.33564,0.30748,1.028160,1,0,18.8171,0,0,0,18.8171,0
42.4883,1.7783,0,0,0.96082,0.045515,0.36288,3.6288,53.0145,0.424595,0,0,0.570145,0.280079,0,0.66528,12.849,1,0.522699,0.36288,0,20.0595,5.7345,14.1652,0.84672,12.849,0.84672,3695.15,0,18.483,0,0.267607,1.69447,2.83373,1.47914,3.31667,0.42336,18.483,0.42336,0,0,442.007,0,1.02816,0,0,1.29577,0.267607,1.028160,1,0,17.4818,0,0,0,17.4818,0
41.0651,1.87453,0,0,0.876934,0.0627668,0.36288,3.6288,52.7934,0.549711,0,0,0.596899,0.268241,0,0.66528,12.849,1,0.566882,0.36288,0,18.1636,5.71644,12.2432,0.84672,12.849,0.84672,3695.15,0,18.483,0,0.302236,1.69451,2.38661,1.34076,3.04259,0.42336,18.483,0.42336,0,0,442.007,0,1.02816,0,0,1.3304,0.302236,1.028160,1,0,15.2858,0,0,0,15.2858,0
39.6387,1.8474,0,0,0.855749,0.0718294,0.36288,3.6288,52.5615,0.549751,0,0,0.580427,0.262623,0,0.66528,12.849,1,0.578041,0.36288,0,17.1434,5.63986,11.2884,0.84672,12.849,0.84672,3695.15,0,18.483,0,0.23525,1.8294,2.21226,1.29713,2.97978,0.42336,18.483,0.42336,0,0,442.007,0,1.02816,0,0,1.26341,0.23525,1.028160,1,0,14.2682,0,0,0,14.2682,0
38.418,1.81912,0,0,1.0319,0.0706262,0.36288,3.6288,52.3441,0.549791,0,0,0.594581,0.262135,0,0.66528,12.849,1,0.589673,0.36288,0,17.0567,5.63986,11.1901,0.84672,12.849,0.84672,3695.15,0,18.483,0,0.335189,1.82944,3.19234,1.29713,4.05984,0.42336,18.483,0.42336,0,0,442.007,0,1.02816,0,0,1.36335,0.335189,1.028160,1,0,15.2499,0,0,0,15.2499,0
37.0973,1.794,0,0,0.905852,0.069636,0.36288,3.6288,52.1287,0.549831,0,0,0.59604,0.261677,0,0.66528,12.849,1,0.600008,0.36288,0,16.0951,5.63986,10.2181,0.84672,12.849,0.84672,3695.15,0,18.483,0,0.291332,1.82949,2.34675,1.29713,3.17044,0.42336,18.483,0.42336,0,0,442.007,0,1.02816,0,0,1.31949,0.291332,1.028160,1,0,13.3886,0,0,0,13.3886,0
35.8093,1.76581,0,0,0.934053,0.093401,0.36288,3.6288,51.8785,0.54987,0,0,0.516496,0.216782,0,0.66528,12.849,1,0.611604,0.36288,0,20.1458,5.15037,14.7467,0.84672,12.849,0.84672,3695.15,0,18.483,0,0.266449,1.82954,2.0017,1.17679,2.92089,0.42336,18.483,0.42336,0,0,442.007,0,1.02816,0,0,1.29461,0.266449,1.028160,1,0,17.6676,0,0,0,17.6676,0
34.8226,1.68423,0,0,1.18933,0.128902,0.36288,3.6288,51.9944,0.473983,0,0,0.74209,0.152247,0,0.66528,12.849,1,0.604333,0.36288,0,25.3479,4.28148,20.8249,0.84672,12.849,0.84672,3695.15,0,18.483,0,0.858565,1.82958,2.35395,1.01456,4.02754,0.42336,18.483,0.42336,0,0,442.007,0,1.02816,0,0,1.88673,0.858565,1.028160,1,0,24.8525,0,0,0,24.8525,0
34.0074,1.6623,0,0,1.33739,0.127375,0.36288,3.6288,52.4496,0.47402,0,0,1.08164,0.152389,0,0.66528,12.849,1,0.613362,0.36288,0,28.4758,4.28148,23.9438,0.84672,12.849,0.84672,3695.15,0,18.483,0,1.54622,1.75234,3.09439,1.01456,5.3784,0.42336,18.483,0.42336,0,0,442.007,0,1.02816,0,0,2.57438,1.54622,1.028160,1,0,29.3222,0,0,0,29.3222,0
33.062,1.64368,0,0,1.18723,0.126112,0.36288,3.6288,52.665,0.474058,0,0,0.842383,0.152949,0,0.66528,12.849,1,0.62103,0.36288,0,24.8375,4.28148,20.2979,0.84672,12.849,0.84672,3695.15,0,18.483,0,1.05883,1.75239,2.37414,1.01456,4.1708,0.42336,18.483,0.42336,0,0,442.007,0,1.02816,0,0,2.08699,1.05883,1.028160,1,0,24.4687,0,0,0,24.4687,0
32.4913,1.62149,0,0,1.55129,0.137607,0.36288,3.6288,53.2961,0.474096,0,0,1.25652,0.151285,0,0.66528,12.849,1,0.630164,0.36288,0,34.222,4.30095,29.6538,0.84672,12.849,0.84672,3695.15,0,18.483,0,2.32349,1.75243,3.75514,1.03936,6.7917,0.42336,18.483,0.42336,0,0,442.007,0,1.02816,0,0,3.35165,2.32349,1.028160,1,0,36.4455,0,0,0,36.4455,0
31.3349,1.56625,0,0,0.921214,0.148495,0.36288,3.6288,52.8264,0.768784,0,0,0.508941,0.209851,0,0.66528,12.849,1,0.61939,0.36288,0,31.482,4.09395,27.1315,0.84672,12.849,0.84672,3695.15,0,18.483,0,0.216518,1.75248,2.57298,1.08952,3.45245,0.42336,18.483,0.42336,0,0,442.007,0,0.66439,0,0,0.880908,0.216518,1.028160,1,0,30.584,0,0,0,30.584,0
31.2993,1.53842,0,0,2.01207,0.146347,0.36288,3.6288,53.0961,0.40505,0,0,0.88375,0.209064,0,0.66528,12.849,1,0.630836,0.36288,0,44.4251,4.09395,40.0632,0.84672,12.849,0.84672,3695.15,0,18.483,0,0.699736,1.68383,3.68111,1.08952,4.97515,0.42336,18.483,0.42336,0,0,442.007,0,1.02816,0,0,1.7279,0.699736,1.028160,1,0,45.0383,0,0,0,45.0383,0
33.5348,1.53759,0,0,4.28223,0.146281,0.36288,3.6288,54.3132,0.405086,0,0,1.83178,0.209516,0,0.66528,12.849,1,0.63121,0.36288,0,97.086,4.09395,92.7237,0.84672,12.849,0.84672,3695.15,0,18.483,0,3.10154,1.68387,5.97533,1.08952,9.67122,0.42336,18.483,0.42336,0,0,442.007,0,1.02816,0,0,4.1297,3.10154,1.028160,1,0,102.395,0,0,0,102.395,0
34.9918,1.59067,0,0,3.57995,0.169353,0.36288,3.6288,55.1729,0.405123,0,0,1.48503,0.220264,0,0.66528,12.849,1,0.609472,0.36288,0,51.381,3.84831,47.2861,0.84672,12.849,0.84672,3695.15,0,18.483,0,1.87673,1.68391,4.22912,1.00468,6.78508,0.42336,18.483,0.42336,0,0,442.007,0,1.02816,0,0,2.90489,1.87673,1.028160,1,0,54.0712,0,0,0,54.0712,0
36.0419,1.5011,0,0,3.10821,0.194219,0.36288,3.6288,55.9096,0.261187,0,0,1.20042,0.202478,0,0.66528,12.849,1,0.551205,0.36288,0,70.1881,4.35918,65.6406,0.84672,12.849,0.84672,3695.15,0,18.483,0,1.61007,1.68396,5.85004,1.13358,8.01049,0.42336,18.483,0.42336,0,0,442.007,0,1.02816,0,0,2.63823,1.61007,1.028160,1,0,73.6511,0,0,0,73.6511,0
37.719,1.52209,0,0,3.76181,0.19968,0.36288,3.6288,56.3886,0.261219,0,0,0.933327,0.193126,0,0.66528,12.849,1,0.542628,0.36288,0,71.1564,4.63722,66.3395,0.84672,12.849,0.84672,3695.15,0,18.483,0,1.07635,1.52934,4.37581,1.21059,5.77091,0.42336,18.483,0.42336,0,0,442.007,0,1.02816,0,0,2.10451,1.07635,1.028160,1,0,72.1104,0,0,0,72.1104,0
41.0297,1.55427,0,0,5.42864,0.200771,0.36288,3.6288,57.9125,0.261252,0,0,1.97586,0.190728,0,0.66528,12.849,1,0.529462,0.36288,0,129.421,4.53003,124.725,0.84672,12.849,0.84672,3695.15,0,18.483,0,2.09619,1.52938,10.7232,1.1972,13.1516,0.42336,18.483,0.42336,0,0,442.007,0,1.02816,0,0,3.12435,2.09619,1.028160,1,0,137.876,0,0,0,137.876,0
43.3505,1.61338,0,0,4.48755,0.19049,0.36288,3.6288,59.774,0.261285,0,0,2.29716,0.174421,0,0.66528,12.849,1,0.505251,0.36288,0,90.5472,3.88689,86.5179,0.84672,12.849,0.84672,3695.15,0,18.483,0,2.16753,1.52942,8.1992,1.11686,10.7793,0.42336,18.483,0.42336,0,0,442.007,0,1.02816,0,0,3.19569,2.16753,1.028160,1,0,97.2972,0,0,0,97.2972,0
44.9162,1.65171,0,0,3.78521,0.204924,0.36288,3.6288,60.3164,0.261317,0,0,0.980692,0.176979,0,0.66528,12.849,1,0.489562,0.36288,0,70.5922,3.81282,66.6527,0.84672,12.849,0.84672,3695.15,0,18.483,0,0.989522,1.52946,5.59467,1.13291,6.98074,0.42336,18.483,0.42336,0,0,442.007,0,1.02816,0,0,2.01768,0.989522,1.028160,1,0,73.6334,0,0,0,73.6334,0
46.8959,1.72877,0,0,4.30335,0.232057,0.36288,3.6288,61.2275,0.303044,0,0,1.39291,0.178748,0,0.66528,12.849,1,0.494543,0.36288,0,80.0511,3.62764,76.2918,0.84672,12.849,0.84672,3695.15,0,18.483,0,1.42288,1.5295,8.95355,1.17304,10.7329,0.42336,18.483,0.42336,0,0,442.007,0,1.02816,0,0,2.45104,1.42288,1.028160,1,0,87.0246,0,0,0,87.0246,0
50.6935,1.75933,0,0,6.15708,0.237244,0.36288,3.6288,61.308,0.303071,0,0,1.14964,0.179784,0.586259,0.66528,12.849,1,0.482038,0.36288,0,103.303,3.62764,99.5564,0.84672,12.849,0.84672,3695.15,0,18.483,0,1.14136,1.57845,9.98577,1.17304,11.5325,0.42336,18.483,0.42336,0,0,442.007,0,1.02816,0,0,2.16952,1.14136,1.028160,1,0,111.675,0,0,0,111.675,0
55.9891,1.81378,0,0,7.75328,0.28103,0.36288,3.6288,61.308,0.303098,0,0,1.45034,0.211187,0.936051,0.66528,12.849,1,0.45973,0.36288,0,190.464,3.96865,186.399,0.84672,12.849,0.84672,3695.15,0,18.483,0,1.68752,1.57848,11.266,1.26004,13.2719,0.42336,18.483,0.42336,0,0,442.007,0,1.02816,0,0,2.71568,1.68752,1.028160,1,0,200.607,0,0,0,200.607,0
65.8462,1.88181,0,0,12.4035,0.301699,0.36288,3.6288,61.308,0.303125,0,0,4.23086,0.19176,3.73598,0.66528,12.849,1,0.431858,0.36288,0,216.043,3.97698,211.997,0.84672,12.849,0.84672,3695.15,0,18.483,0,5.98811,1.57852,20.3523,1.22024,26.6987,0.42336,18.483,0.42336,0,0,442.007,0,1.02816,0,0,7.01627,5.98811,1.028160,1,0,242.432,0,0,0,242.432,0
71.0596,2.18264,0,0,8.09369,0.334755,0.36288,3.6288,61.308,0.459686,0,0,2.37507,0.172598,1.74278,0.66528,12.849,1,0.425912,0.36288,0,160.905,4.54812,156.294,0.84672,12.849,0.84672,3695.15,0,18.483,0,3.968,1.57855,18.9851,1.18815,23.3435,0.42336,18.483,0.42336,0,0,442.007,0,1.02816,0,0,4.99616,3.968,1.028160,1,0,181.38,0,0,0,181.38,0
72.29,2.23556,0,0,7.28888,0.349641,3.47329,3.6288,61.308,0.459716,0,0,1.99928,0.169405,1.37016,0.66528,12.849,1,0.404234,3.47329,0,159.876,4.64331,158.302,0.84672,12.849,0.84672,3695.15,0,18.483,0,2.4544,1.75316,15.0471,1.1828,18.0718,0.42336,18.483,0.42336,0,0,442.007,0,1.02816,0,0,3.48256,2.4544,1.028160,1,0,177.744,0,0,0,177.744,0
72.29,2.24731,0,0,5.67028,0.351874,3.07109,3.6288,61.308,0.459746,0,0,1.68393,0.162274,1.06191,0.66528,12.849,1,0.399443,3.07109,0,116.664,4.38855,114.947,0.84672,12.849,0.84672,3695.15,0,18.483,0,2.32461,1.7532,12.5135,1.13616,15.4551,0.42336,18.483,0.42336,0,0,442.007,0,1.02816,0,0,3.35277,2.32461,1.028160,1,0,131.464,0,0,0,131.464,0
72.29,2.24736,0,0,5.49143,0.342905,2.90117,3.6288,61.308,0.459776,0,0,1.63252,0.125025,1.04772,0.66528,12.849,1,0.399451,2.90117,0,105.153,2.99103,104.664,0.84672,12.849,0.84672,3695.15,0,18.483,0,1.95104,1.75324,11.9695,0.897318,14.7765,0.42336,18.483,0.42336,0,0,442.007,0,1.02816,0,0,2.9792,1.95104,1.028160,1,0,120.488,0,0,0,120.488,0
72.29,1.96253,0,0,8.34589,0.353465,6.0299,3.6288,61.308,0.249719,0,0,4.70343,0.184499,4.26922,0.66528,12.849,1,0.348825,6.0299,0,201.651,4.66998,202.662,0.84672,12.849,0.84672,3695.15,0,18.483,0,4.76532,1.75327,19.671,1.01201,25.1776,0.42336,18.483,0.42336,0,0,442.007,0,1.02816,0,0,5.79348,4.76532,1.028160,1,0,232.109,0,0,0,232.109,0
72.29,1.96257,0,0,9.37639,0.357822,7.056,3.6288,61.308,0.249745,0,0,6.44478,0.188879,6.00616,0.66528,12.849,1,0.348832,7.056,0,267.339,4.81876,269.227,0.84672,12.849,0.84672,3695.15,0,18.483,0,5.79549,1.51447,25.4297,0.990135,31.7495,0.42336,18.483,0.42336,0,0,442.007,0,1.02816,0,0,6.82365,5.79549,1.028160,1,0,306.983,0,0,0,306.983,0
72.29,1.96261,0,0,9.58746,0.323838,7.30101,3.6288,61.308,0.249771,0,0,6.49199,0.17083,6.07139,0.66528,12.849,1,0.348839,7.30101,0,272.819,4.55718,275.214,0.84672,12.849,0.84672,3695.15,0,18.483,0,7.55813,1.5145,25.8618,0.952559,33.9818,0.42336,18.483,0.42336,0,0,442.007,0,1.02816,0,0,8.58629,7.55813,1.028160,1,0,315.267,0,0,0,315.267,0
72.29,1.96265,0,0,9.27711,0.307277,7.00719,3.6288,61.308,0.249797,0,0,4.10759,0.205059,3.65274,0.66528,12.849,1,0.348846,7.00719,0,207.958,4.97767,209.639,0.84672,12.849,0.84672,3695.15,0,18.483,0,5.19774,1.51453,23.6637,1.11013,29.2658,0.42336,18.483,0.42336,0,0,442.007,0,1.02816,0,0,6.2259,5.19774,1.028160,1,0,242.557,0,0,0,242.557,0
72.29,1.96269,0,0,9.81599,0.321535,7.53177,3.6288,61.308,0.249823,0,0,6.36862,0.216258,5.90254,0.66528,12.849,1,0.348853,7.53177,0,253.135,5.07957,255.238,0.84672,12.849,0.84672,3695.15,0,18.483,0,6.57737,1.51456,24.8724,1.10048,31.8639,0.42336,18.483,0.42336,0,0,442.007,0,1.02816,0,0,7.60553,6.57737,1.028160,1,0,293.004,0,0,0,293.004,0
72.29,2.03444,0,0,9.0231,0.338226,6.65043,3.6288,61.308,0.301249,0,0,8.22053,0.186935,7.73234,0.66528,12.849,1,0.361607,6.65043,0,226.282,4.64961,227.922,0.84672,12.849,0.84672,3695.15,0,18.483,0,7.92884,1.51459,25.8456,0.909168,34.3799,0.42336,18.483,0.42336,0,0,442.007,0,1.02816,0,0,8.957,7.92884,1.028160,1,0,270.034,0,0,0,270.034,0
72.29,2.03448,0,0,9.29863,0.338226,6.92592,3.6288,61.308,0.301276,0,0,6.66877,0.186935,6.18056,0.66528,12.849,1,0.361614,6.92592,0,252.616,4.64961,254.531,0.84672,12.849,0.84672,3695.15,0,18.483,0,6.36612,1.5736,23.7187,0.909168,30.7493,0.42336,18.483,0.42336,0,0,442.007,0,1.02816,0,0,7.39428,6.36612,1.028160,1,0,291.461,0,0,0,291.461,0
72.29,2.03453,0,0,6.98026,0.315788,4.62994,3.6288,61.308,0.301303,0,0,5.71031,0.183533,5.22547,0.66528,12.849,1,0.361622,4.62994,0,191.131,4.28903,191.11,0.84672,12.849,0.84672,3695.15,0,18.483,0,5.59388,1.57363,17.6456,0.909133,23.904,0.42336,18.483,0.42336,0,0,442.007,0,1.02816,0,0,6.62204,5.59388,1.028160,1,0,220.239,0,0,0,220.239,0
72.29,2.03457,0,0,6.58143,0.237756,4.30911,3.6288,61.308,0.30133,0,0,4.97949,0.204748,4.47341,0.66528,12.849,1,0.361629,4.30911,0,173.013,4.18672,172.773,0.84672,12.849,0.84672,3695.15,0,18.483,0,4.99738,1.57366,14.9665,0.969987,20.5675,0.42336,18.483,0.42336,0,0,442.007,0,1.02816,0,0,6.02554,4.99738,1.028160,1,0,197.814,0,0,0,197.814,0
72.29,2.00657,0,0,6.69669,0.27385,4.41627,3.6288,61.308,0.281392,0,0,2.85148,0.213099,2.35699,0.66528,12.849,1,0.356652,4.41627,0,178.581,4.4878,178.153,0.84672,12.849,0.84672,3695.15,0,18.483,0,3.58322,1.5737,12.0324,1.0589,16.1304,0.42336,18.483,0.42336,0,0,442.007,0,1.02816,0,0,4.61138,3.58322,1.028160,1,0,196.64,0,0,0,196.64,0
72.29,2.00661,0,0,5.62888,0.27385,3.34842,3.6288,61.308,0.281419,0,0,2.73083,0.213099,2.23631,0.66528,12.849,1,0.356659,3.34842,0,121.471,4.4878,119.975,0.84672,12.849,0.84672,3695.15,0,18.483,0,3.37134,1.55077,11.1328,1.0589,14.996,0.42336,18.483,0.42336,0,0,442.007,0,1.02816,0,0,4.3995,3.37134,1.028160,1,0,137.208,0,0,0,137.208,0
72.29,2.00665,0,0,5.58539,0.27385,3.30489,3.6288,61.308,0.281445,0,0,2.70275,0.213099,2.2082,0.66528,12.849,1,0.356667,3.30489,0,117.702,4.4878,116.162,0.84672,12.849,0.84672,3695.15,0,18.483,0,3.02304,1.5508,10.605,1.0589,14.1199,0.42336,18.483,0.42336,0,0,442.007,0,1.02816,0,0,4.0512,3.02304,1.028160,1,0,132.49,0,0,0,132.49,0
72.29,2.00669,0,0,5.17158,0.26486,2.90003,3.6288,61.308,0.281472,0,0,2.34452,0.210682,1.85237,0.66528,12.849,1,0.356674,2.90003,0,110.097,4.50804,108.132,0.84672,12.849,0.84672,3695.15,0,18.483,0,2.71998,1.55083,9.51299,1.0517,12.7321,0.42336,18.483,0.42336,0,0,442.007,0,1.02816,0,0,3.74814,2.71998,1.028160,1,0,122.717,0,0,0,122.717,0
72.29,2.10192,0,0,4.80343,0.182584,2.51893,3.6288,61.308,0.352306,0,0,2.42324,0.228265,1.84267,0.66528,12.849,1,0.373601,2.51893,0,101.573,4.92112,98.7969,0.84672,12.849,0.84672,3695.15,0,18.483,0,3.10022,1.55086,11.1927,1.01564,14.8281,0.42336,18.483,0.42336,0,0,442.007,0,1.02816,0,0,4.12838,3.10022,1.028160,1,0,115.468,0,0,0,115.468,0
72.29,2.10197,0,0,4.54993,0.171248,2.27671,3.6288,61.308,0.352334,0,0,1.93863,0.2411,1.3452,0.66528,12.849,1,0.373609,2.27671,0,93.5004,5.03779,90.3657,0.84672,12.849,0.84672,3695.15,0,18.483,0,2.53028,1.63117,10.5112,1.0185,13.6541,0.42336,18.483,0.42336,0,0,442.007,0,1.02816,0,0,3.55844,2.53028,1.028160,1,0,105.365,0,0,0,105.365,0
72.29,2.10201,0,0,4.36761,0.171248,2.09435,3.6288,61.308,0.352362,0,0,1.88987,0.2411,1.29641,0.66528,12.849,1,0.373616,2.09435,0,88.7648,5.03779,85.4477,0.84672,12.849,0.84672,3695.15,0,18.483,0,2.43689,1.63121,9.47609,1.0185,12.5257,0.42336,18.483,0.42336,0,0,442.007,0,1.02816,0,0,3.46505,2.43689,1.028160,1,0,99.2698,0,0,0,99.2698,0
72.29,2.10205,0,0,4.20529,0.171248,1.93199,3.6288,61.308,0.35239,0,0,1.80746,0.2411,1.21397,0.66528,12.849,1,0.373624,1.93199,0,83.2879,5.03779,79.8084,0.84672,12.849,0.84672,3695.15,0,18.483,0,2.66718,1.63124,7.77997,1.0185,11.0599,0.42336,18.483,0.42336,0,0,442.007,0,1.02816,0,0,3.69534,2.66718,1.028160,1,0,92.0823,0,0,0,92.0823,0
72.29,2.10209,0,0,4.05751,0.137098,1.81832,3.6288,61.308,0.352418,0,0,1.51787,0.278276,0.887172,0.66528,12.849,1,0.373631,1.81832,0,79.1899,5.3343,75.3003,0.84672,12.849,0.84672,3695.15,0,18.483,0,2.05482,1.63127,7.4183,1.17948,9.92491,0.42336,18.483,0.42336,0,0,442.007,0,1.02816,0,0,3.08298,2.05482,1.028160,1,0,86.1124,0,0,0,86.1124,0
72.29,2.08331,0,0,3.75204,0.118665,1.55007,3.6288,61.308,0.391367,0,0,1.21708,0.287247,0.538469,0.66528,12.849,1,0.370292,1.55007,0,73.4746,5.53665,69.1177,0.84672,12.849,0.84672,3695.15,0,18.483,0,1.39315,1.63131,7.15055,1.29824,8.87676,0.42336,18.483,0.42336,0,0,442.007,0,1.02816,0,0,2.42131,1.39315,1.028160,1,0,78.5329,0,0,0,78.5329,0
72.29,2.08335,0,0,3.49146,0.118665,1.28944,3.6288,61.308,0.391395,0,0,1.13359,0.287247,0.454943,0.66528,12.849,1,0.3703,1.28944,0,66.8511,5.53665,62.2336,0.84672,12.849,0.84672,3695.15,0,18.483,0,1.1669,1.65635,7.00453,1.29824,8.52954,0.42336,18.483,0.42336,0,0,442.007,0,1.02816,0,0,2.19506,1.1669,1.028160,1,0,71.2181,0,0,0,71.2181,0
72.29,2.08339,0,0,3.39909,0.118665,1.19703,3.6288,61.308,0.391424,0,0,1.07925,0.287247,0.400577,0.66528,12.849,1,0.370307,1.19703,0,59.8213,5.53665,55.1114,0.84672,12.849,0.84672,3695.15,0,18.483,0,1.00221,1.65638,6.93187,1.29824,8.29223,0.42336,18.483,0.42336,0,0,442.007,0,1.02816,0,0,2.03037,1.00221,1.028160,1,0,63.8042,0,0,0,63.8042,0
72.29,2.08344,0,0,3.41969,0.0927069,1.24354,3.6288,61.308,0.391453,0,0,1.17353,0.309459,0.472616,0.66528,12.849,1,0.370315,1.24354,0,55.3153,5.72648,50.462,0.84672,12.849,0.84672,3695.15,0,18.483,0,0.943764,1.65642,7.00972,1.41069,8.19921,0.42336,18.483,0.42336,0,0,442.007,0,1.02816,0,0,1.97192,0.943764,1.028160,1,0,59.1338,0,0,0,59.1338,0
72.29,2.1321,0,0,3.72989,0.0690583,1.52873,3.6288,61.308,0.426172,0,0,1.10452,0.304391,0.373957,0.66528,12.849,1,0.378965,1.52873,0,63.173,5.65814,58.6646,0.84672,12.849,0.84672,3695.15,0,18.483,0,1.10585,1.65645,5.9661,1.46227,7.26613,0.42336,18.483,0.42336,0,0,442.007,0,1.02816,0,0,2.13401,1.10585,1.028160,1,0,66.3047,0,0,0,66.3047,0
72.29,2.13215,0,0,3.53499,0.0690583,1.33378,3.6288,61.308,0.426201,0,0,0.98814,0.304391,0.257547,0.66528,12.849,1,0.378973,1.33378,0,55.8192,5.65814,51.1159,0.84672,12.849,0.84672,3695.15,0,18.483,0,1.31388,1.69635,6.23155,1.46227,7.7795,0.42336,18.483,0.42336,0,0,442.007,0,1.02816,0,0,2.34204,1.31388,1.028160,1,0,59.153,0,0,0,59.153,0
72.29,2.13219,0,0,3.30458,0.0690583,1.10334,3.6288,61.308,0.426231,0,0,0.91425,0.304391,0.183628,0.66528,12.849,1,0.37898,1.10334,0,53.0759,5.65814,48.1421,0.84672,12.849,0.84672,3695.15,0,18.483,0,1.11233,1.69638,5.46786,1.46227,6.8143,0.42336,18.483,0.42336,0,0,442.007,0,1.02816,0,0,2.14049,1.11233,1.028160,1,0,55.14,0,0,0,55.14,0
72.29,2.13223,0,0,3.26018,0.0690583,1.05889,3.6288,61.308,0.42626,0,0,0.989159,0.304391,0.258507,0.66528,12.849,1,0.378988,1.05889,0,49.2492,5.65814,44.271,0.84672,12.849,0.84672,3695.15,0,18.483,0,1.25661,1.69642,6.18354,1.46227,7.67429,0.42336,18.483,0.42336,0,0,442.007,0,1.02816,0,0,2.28477,1.25661,1.028160,1,0,52.2038,0,0,0,52.2038,0
72.29,2.27468,0,0,3.35088,0.0506161,1.02558,3.6288,61.308,0.551512,0,0,0.882204,0.298058,0.0326345,0.66528,12.849,1,0.404307,1.02558,0,44.3553,5.82453,39.152,0.84672,12.849,0.84672,3695.15,0,18.483,0,0.918709,1.69645,5.76252,1.49826,6.87942,0.42336,18.483,0.42336,0,0,442.007,0,1.02816,0,0,1.94687,0.918709,1.028160,1,0,46.0641,0,0,0,46.0641,0
72.29,2.27473,0,0,3.50289,0.0498517,1.17831,3.6288,61.308,0.551544,0,0,0.881228,0.296459,0.0332252,0.66528,12.849,1,0.404316,1.17831,0,44.198,5.76009,39.2119,0.84672,12.849,0.84672,3695.15,0,18.483,0,0.837536,1.83149,3.85621,1.4799,5.04533,0.42336,18.483,0.42336,0,0,442.007,0,1.02816,0,0,1.8657,0.837536,1.028160,1,0,44.2905,0,0,0,44.2905,0
72.29,2.27477,0,0,2.81049,0.0498517,0.485863,3.6288,61.1529,0.551576,0,0,0.692928,0.296459,0,0.66528,12.849,1,0.404324,0.485863,0,51.9864,5.76009,46.3078,0.84672,12.849,0.84672,3695.15,0,18.483,0,0.468452,1.83152,3.20332,1.4799,4.02339,0.42336,18.483,0.42336,0,0,442.007,0,1.02816,0,0,1.49661,0.468452,1.028160,1,0,50.3312,0,0,0,50.3312,0
72.29,2.27482,0,0,3.32853,0.0498517,1.00386,3.6288,61.308,0.551608,0,0,1.05774,0.296169,0.0548599,0.66528,12.849,1,0.404332,1.00386,0,44.6213,5.76009,39.4607,0.84672,12.849,0.84672,3695.15,0,18.483,0,1.22321,1.83156,4.33183,1.4799,5.90669,0.42336,18.483,0.42336,0,0,442.007,0,1.02816,0,0,2.25137,1.22321,1.028160,1,0,45.4223,0,0,0,45.4223,0
72.2494,2.27487,0,0,2.63415,0.0370148,0.36288,3.6288,61.2851,0.55164,0,0,0.822165,0.293418,0,0.66528,12.849,1,0.40434,0.36288,0,42.8128,5.66959,37.1017,0.84672,12.849,0.84672,3695.15,0,18.483,0,0.79018,1.8316,5.12543,1.40467,6.34253,0.42336,18.483,0.42336,0,0,442.007,0,1.02816,0,0,1.81834,0.79018,1.028160,1,0,43.4442,0,0,0,43.4442,0
71.6523,2.20513,0,0,2.02116,0.050299,0.36288,3.6288,61.308,0.475659,0,0,0.830805,0.275402,0.0568515,0.66528,12.849,1,0.392165,0.36288,0,33.922,5.81424,28.0785,0.84672,12.849,0.84672,3695.15,0,18.483,0,0.511151,1.83163,5.27107,1.37361,6.24024,0.42336,18.483,0.42336,0,0,442.007,0,1.02816,0,0,1.53931,0.511151,1.028160,1,0,34.3756,0,0,0,34.3756,0
72.0511,2.19963,0,0,3.03131,0.0699073,0.36288,3.6288,61.308,0.47569,0,0,0.95618,0.26164,0.21885,0.66528,12.849,1,0.394447,0.36288,0,41.3121,5.70381,35.5767,0.84672,12.849,0.84672,3695.15,0,18.483,0,0.887181,1.7543,5.60656,1.33569,6.91235,0.42336,18.483,0.42336,0,0,442.007,0,1.02816,0,0,1.91534,0.887181,1.028160,1,0,42.7079,0,0,0,42.7079,0
72.29,2.20338,0,0,4.09279,0.0701199,1.58043,3.6288,61.308,0.47572,0,0,1.54515,0.26164,0.807791,0.66528,12.849,1,0.392933,1.58043,0,82.4387,5.70381,77.9224,0.84672,12.849,0.84672,3695.15,0,18.483,0,2.0861,1.75434,8.83155,1.33569,11.3363,0.42336,18.483,0.42336,0,0,442.007,0,1.02816,0,0,3.11426,2.0861,1.028160,1,0,90.0665,0,0,0,90.0665,0
72.29,2.20564,0,0,3.56333,0.12412,1.23357,3.6288,61.308,0.475751,0,0,1.10957,0.244626,0.389197,0.66528,12.849,1,0.392035,1.23357,0,77.3928,5.66479,72.5695,0.84672,12.849,0.84672,3695.15,0,18.483,0,1.15926,1.75437,5.62028,1.3532,7.18071,0.42336,18.483,0.42336,0,0,442.007,0,1.02816,0,0,2.18742,1.15926,1.028160,1,0,80.1394,0,0,0,80.1394,0
71.2931,2.1487,0,0,1.62975,0.115101,0.36288,3.6288,61.308,0.406585,0,0,0.910656,0.184852,0.319219,0.66528,12.849,1,0.381916,0.36288,0,29.1756,4.1185,25.0381,0.84672,12.849,0.84672,3695.15,0,18.483,0,0.450325,1.75441,5.16122,0.980105,6.38584,0.42336,18.483,0.42336,0,0,442.007,0,1.02816,0,0,1.47849,0.450325,1.028160,1,0,31.7432,0,0,0,31.7432,0
70.8416,2.1397,0,0,2.26649,0.21533,0.36288,3.6288,61.308,0.406614,0,0,0.87372,0.166413,0.300693,0.66528,12.849,1,0.385634,0.36288,0,45.2714,3.98628,41.2623,0.84672,12.849,0.84672,3695.15,0,18.483,0,0.406279,1.68568,6.14312,1.06285,7.17223,0.42336,18.483,0.42336,0,0,442.007,0,1.02816,0,0,1.43444,0.406279,1.028160,1,0,48.7352,0,0,0,48.7352,0
69.9323,2.13559,0,0,1.82272,0.2336,0.36288,3.6288,61.308,0.406644,0,0,0.66204,0.16437,0.0910265,0.66528,12.849,1,0.387345,0.36288,0,35.2741,4.00575,31.2439,0.84672,12.849,0.84672,3695.15,0,18.483,0,0.247527,1.68571,5.27925,1.08765,6.12484,0.42336,18.483,0.42336,0,0,442.007,0,1.02816,0,0,1.27569,0.247527,1.028160,1,0,37.4597,0,0,0,37.4597,0
70.616,2.12715,0,0,3.40575,0.231971,0.36288,3.6288,61.308,0.406673,0,0,1.8063,0.16437,1.23525,0.66528,12.849,1,0.390832,0.36288,0,70.2762,4.00575,66.2425,0.84672,12.849,0.84672,3695.15,0,18.483,0,2.87942,1.68574,11.6466,1.08765,15.1241,0.42336,18.483,0.42336,0,0,442.007,0,1.02816,0,0,3.90758,2.87942,1.028160,1,0,82.6019,0,0,0,82.6019,0
72.29,1.9729,0,0,5.12194,0.247737,1.22734,3.6288,61.308,0.262575,0,0,2.57607,0.178231,2.13526,0.66528,12.849,1,0.358981,1.22734,0,124.858,4.12353,121.602,0.84672,12.849,0.84672,3695.15,0,18.483,0,2.84289,1.68578,15.1309,0.988765,18.6708,0.42336,18.483,0.42336,0,0,442.007,0,1.02816,0,0,3.87105,2.84289,1.028160,1,0,142.408,0,0,0,142.408,0
72.2556,1.98708,0,0,2.57754,0.261969,0.36288,3.6288,61.308,0.262601,0,0,0.92505,0.188627,0.473822,0.66528,12.849,1,0.353189,0.36288,0,67.7481,4.21186,63.546,0.84672,12.849,0.84672,3695.15,0,18.483,0,0.831609,1.53099,9.59386,0.914602,11.0418,0.42336,18.483,0.42336,0,0,442.007,0,1.02816,0,0,1.85977,0.831609,1.028160,1,0,75.0616,0,0,0,75.0616,0
71.8492,1.98684,0,0,2.20526,0.261901,0.36288,3.6288,61.308,0.262627,0,0,0.913455,0.188627,0.462201,0.66528,12.849,1,0.353313,0.36288,0,61.7403,4.21186,57.538,0.84672,12.849,0.84672,3695.15,0,18.483,0,0.764675,1.53102,9.4926,0.914602,10.8737,0.42336,18.483,0.42336,0,0,442.007,0,1.02816,0,0,1.79283,0.764675,1.028160,1,0,68.8739,0,0,0,68.8739,0
72.29,1.98348,0,0,3.30834,0.259689,0.62441,3.6288,61.308,0.262653,0,0,0.874644,0.204787,0.407204,0.66528,12.849,1,0.354712,0.62441,0,58.1278,4.70799,53.6895,0.84672,12.849,0.84672,3695.15,0,18.483,0,0.982238,1.53105,9.54107,1.06862,10.9857,0.42336,18.483,0.42336,0,0,442.007,0,1.02816,0,0,2.0104,0.982238,1.028160,1,0,65.0824,0,0,0,65.0824,0
72.29,1.9872,0,0,4.21196,0.264509,1.96024,3.6288,61.308,0.26268,0,0,1.12198,0.22156,0.637742,0.66528,12.849,1,0.35321,1.96024,0,80.0435,5.16132,76.4893,0.84672,12.849,0.84672,3695.15,0,18.483,0,1.45352,1.53108,11.9741,1.23004,13.7286,0.42336,18.483,0.42336,0,0,442.007,0,1.02816,0,0,2.48168,1.45352,1.028160,1,0,90.8556,0,0,0,90.8556,0
72.29,2.0495,0,0,5.17056,0.299465,2.8216,3.6288,61.308,0.304444,0,0,0.790759,0.192923,0.293393,0.66528,12.849,1,0.364283,2.8216,0,69.0937,3.9123,67.6388,0.84672,12.849,0.84672,3695.15,0,18.483,0,1.33703,1.53111,9.49761,0.966416,11.3993,0.42336,18.483,0.42336,0,0,442.007,0,1.02816,0,0,2.36519,1.33703,1.028160,1,0,79.3315,0,0,0,79.3315,0
72.29,2.04953,0,0,3.39286,0.299465,1.04386,3.6288,61.308,0.304464,0,0,0.6123,0.192923,0.114913,0.66528,12.849,1,0.364288,1.04386,0,54.0935,3.9123,50.8608,0.84672,12.849,0.84672,3695.15,0,18.483,0,0.848534,1.58011,6.12948,0.966416,7.59171,0.42336,18.483,0.42336,0,0,442.007,0,1.02816,0,0,1.87669,0.848534,1.028160,1,0,58.5674,0,0,0,58.5674,0
72.29,2.04956,0,0,2.87614,0.299465,0.527109,3.6288,61.308,0.304484,0,0,0.809562,0.192923,0.312155,0.66528,12.849,1,0.364294,0.527109,0,65.6538,3.9123,61.9043,0.84672,12.849,0.84672,3695.15,0,18.483,0,0.97969,1.58014,9.05588,0.966416,10.6493,0.42336,18.483,0.42336,0,0,442.007,0,1.02816,0,0,2.00785,0.97969,1.028160,1,0,72.8658,0,0,0,72.8658,0
72.29,2.04959,0,0,5.14163,0.327404,2.76463,3.6288,61.308,0.304505,0,0,1.2862,0.22788,0.753817,0.66528,12.849,1,0.364299,2.76463,0,114.628,4.16736,112.861,0.84672,12.849,0.84672,3695.15,0,18.483,0,2.2946,1.58016,15.5953,1.05544,18.4146,0.42336,18.483,0.42336,0,0,442.007,0,1.02816,0,0,3.32276,2.2946,1.028160,1,0,132.029,0,0,0,132.029,0
71.7355,2.24954,0,0,2.41685,0.358928,0.36288,3.6288,61.308,0.461221,0,0,0.811816,0.214346,0.13625,0.66528,12.849,1,0.399839,0.36288,0,50.6509,4.05265,46.5613,0.84672,12.849,0.84672,3695.15,0,18.483,0,0.81165,1.58018,8.14403,1.05095,9.48492,0.42336,18.483,0.42336,0,0,442.007,0,1.02816,0,0,1.83981,0.81165,1.028160,1,0,56.1824,0,0,0,56.1824,0
72.29,2.24433,0,0,5.82387,0.361628,2.66342,3.6288,61.308,0.461244,0,0,0.944991,0.198445,0.285303,0.66528,12.849,1,0.401996,2.66342,0,86.2608,3.93026,84.592,0.84672,12.849,0.84672,3695.15,0,18.483,0,1.20567,1.75497,13.1967,1.02244,15.1349,0.42336,18.483,0.42336,0,0,442.007,0,1.02816,0,0,2.23383,1.20567,1.028160,1,0,100.012,0,0,0,100.012,0
72.2545,2.24961,0,0,2.94015,0.363156,0.36288,3.6288,61.0264,0.622558,0,0,0.53941,0.198445,0,0.66528,12.849,1,0.399851,0.36288,0,52.706,3.93026,48.7388,0.84672,12.849,0.84672,3695.15,0,18.483,0,0.503194,1.755,7.91009,1.02244,9.14585,0.42336,18.483,0.42336,0,0,442.007,0,0.866869,0,0,1.37006,0.503194,1.028160,1,0,57.8846,0,0,0,57.8846,0
71.8223,2.24931,0,0,2.50687,0.326892,0.36288,3.6288,60.281,0.982152,0,0,0.447184,0.210428,0,0.66528,12.849,1,0.399994,0.36288,0,38.6529,3.85529,34.7605,0.84672,12.849,0.84672,3695.15,0,18.483,0,0.608429,1.75503,7.53114,0.97223,8.92237,0.42336,18.483,0.42336,0,0,442.007,0,0.507298,0,0,1.11573,0.608429,1.028160,1,0,43.6828,0,0,0,43.6828,0
72.29,1.96066,0,0,5.35635,0.342302,2.58569,3.6288,61.2427,0.251012,0,0,1.40787,0.195187,0,0.66528,12.849,1,0.350761,2.58569,0,103.363,3.35521,102.243,0.84672,12.849,0.84672,3695.15,0,18.483,0,2.43869,1.75505,16.9671,0.928579,20.2323,0.42336,18.483,0.42336,0,0,442.007,0,1.02816,0,0,3.46685,2.43869,1.028160,1,0,122.475,0,0,0,122.475,0
72.29,1.96455,0,0,6.3091,0.35255,3.992,3.6288,61.308,0.251032,0,0,1.82316,0.189823,1.31699,0.66528,12.849,1,0.349183,3.992,0,123.571,3.16019,124.054,0.84672,12.849,0.84672,3695.15,0,18.483,0,2.01594,1.516,21.0423,0.914466,23.6598,0.42336,18.483,0.42336,0,0,442.007,0,1.02816,0,0,3.0441,2.01594,1.028160,1,0,149.03,0,0,0,149.03,0
72.29,1.96458,0,0,6.8191,0.340039,4.51449,3.6288,61.308,0.251051,0,0,2.05353,0.207565,1.59491,0.66528,12.849,1,0.349189,4.51449,0,104.362,3.66549,104.862,0.84672,12.849,0.84672,3695.15,0,18.483,0,2.32251,1.51603,19.2323,0.986696,22.0841,0.42336,18.483,0.42336,0,0,442.007,0,1.02816,0,0,3.35067,2.32251,1.028160,1,0,128.541,0,0,0,128.541,0
72.29,1.96461,0,0,5.86118,0.323358,3.57321,3.6288,61.308,0.251071,0,0,1.35445,0.231116,0.872262,0.66528,12.849,1,0.349194,3.57321,0,74.4517,4.33923,73.3365,0.84672,12.849,0.84672,3695.15,0,18.483,0,1.78357,1.51605,13.8727,1.083,16.0893,0.42336,18.483,0.42336,0,0,442.007,0,1.02816,0,0,2.81173,1.78357,1.028160,1,0,90.2981,0,0,0,90.2981,0
72.29,1.96464,0,0,5.44671,0.31607,3.166,3.6288,61.308,0.251091,0,0,1.72689,0.21033,1.26546,0.66528,12.849,1,0.349199,3.166,0,112.776,4.35813,111.235,0.84672,12.849,0.84672,3695.15,0,18.483,0,1.79618,1.51607,14.4462,1.07925,16.6792,0.42336,18.483,0.42336,0,0,442.007,0,1.02816,0,0,2.82434,1.79618,1.028160,1,0,129.179,0,0,0,129.179,0
72.29,2.03645,0,0,9.42944,0.299415,7.09357,3.6288,61.308,0.302561,0,0,3.6775,0.189296,3.18564,0.66528,12.849,1,0.361964,7.09357,0,185.831,4.377,188.185,0.84672,12.849,0.84672,3695.15,0,18.483,0,3.13629,1.5161,24.1834,1.03726,27.7985,0.42336,18.483,0.42336,0,0,442.007,0,1.02816,0,0,4.16445,3.13629,1.028160,1,0,219.17,0,0,0,219.17,0
72.29,2.03648,0,0,7.63953,0.30059,5.30246,3.6288,61.308,0.302582,0,0,1.81986,0.212493,1.30479,0.66528,12.849,1,0.361969,5.30246,0,154.393,4.35571,154.978,0.84672,12.849,0.84672,3695.15,0,18.483,0,1.68279,1.57515,15.0173,1.01282,17.2624,0.42336,18.483,0.42336,0,0,442.007,0,1.02816,0,0,2.71095,1.68279,1.028160,1,0,173.545,0,0,0,173.545,0
72.29,2.03651,0,0,4.88875,0.30059,2.55165,3.6288,61.308,0.302602,0,0,1.32333,0.212493,0.808233,0.66528,12.849,1,0.361975,2.55165,0,92.9327,4.35571,90.7667,0.84672,12.849,0.84672,3695.15,0,18.483,0,0.999518,1.57518,11.298,1.01282,12.8599,0.42336,18.483,0.42336,0,0,442.007,0,1.02816,0,0,2.02768,0.999518,1.028160,1,0,104.435,0,0,0,104.435,0
72.29,2.03655,0,0,4.18164,0.30059,1.8445,3.6288,61.308,0.302623,0,0,1.20211,0.212493,0.686993,0.66528,12.849,1,0.36198,1.8445,0,77.6183,4.35571,74.7451,0.84672,12.849,0.84672,3695.15,0,18.483,0,1.00532,1.5752,10.1614,1.01282,11.7291,0.42336,18.483,0.42336,0,0,442.007,0,1.02816,0,0,2.03348,1.00532,1.028160,1,0,87.1612,0,0,0,87.1612,0
72.29,2.00851,0,0,4.33321,0.200379,2.12432,3.6288,61.308,0.282659,0,0,1.03403,0.243953,0.507415,0.66528,12.849,1,0.356997,2.12432,0,79.9399,4.51059,77.1966,0.84672,12.849,0.84672,3695.15,0,18.483,0,1.04684,1.57523,8.99303,1.15755,10.4575,0.42336,18.483,0.42336,0,0,442.007,0,1.02816,0,0,2.075,1.04684,1.028160,1,0,88.1616,0,0,0,88.1616,0
72.29,2.00854,0,0,3.91331,0.191451,1.71332,3.6288,61.308,0.282679,0,0,1.01403,0.248711,0.482644,0.66528,12.849,1,0.357002,1.71332,0,73.6197,4.56876,70.4073,0.84672,12.849,0.84672,3695.15,0,18.483,0,1.0036,1.55227,8.73556,1.169,10.1224,0.42336,18.483,0.42336,0,0,442.007,0,1.02816,0,0,2.03176,1.0036,1.028160,1,0,81.0123,0,0,0,81.0123,0
72.29,2.00857,0,0,3.47735,0.191451,1.27733,3.6288,61.308,0.282699,0,0,1.09981,0.248711,0.568402,0.66528,12.849,1,0.357008,1.27733,0,68.3778,4.56876,64.7294,0.84672,12.849,0.84672,3695.15,0,18.483,0,1.13941,1.55229,8.96253,1.169,10.4852,0.42336,18.483,0.42336,0,0,442.007,0,1.02816,0,0,2.16757,1.13941,1.028160,1,0,75.783,0,0,0,75.783,0
72.29,2.0086,0,0,3.63188,0.191451,1.43183,3.6288,61.308,0.282719,0,0,0.942088,0.248711,0.410659,0.66528,12.849,1,0.357013,1.43183,0,67.8171,4.56876,64.3231,0.84672,12.849,0.84672,3695.15,0,18.483,0,0.771526,1.55232,10.5163,1.169,11.6711,0.42336,18.483,0.42336,0,0,442.007,0,1.02816,0,0,1.79969,0.771526,1.028160,1,0,76.4049,0,0,0,76.4049,0
72.29,2.10391,0,0,3.55399,0.160958,1.28912,3.6288,61.308,0.353613,0,0,0.879241,0.264375,0.261253,0.66528,12.849,1,0.373955,1.28912,0,61.0389,5.10099,56.8531,0.84672,12.849,0.84672,3695.15,0,18.483,0,0.933068,1.55234,8.3217,1.14204,9.66507,0.42336,18.483,0.42336,0,0,442.007,0,1.02816,0,0,1.96123,0.933068,1.028160,1,0,66.7794,0,0,0,66.7794,0
72.29,2.10395,0,0,3.23677,0.159377,0.973446,3.6288,61.308,0.353634,0,0,0.784547,0.265737,0.165175,0.66528,12.849,1,0.373961,0.973446,0,47.4723,4.68143,43.3904,0.84672,12.849,0.84672,3695.15,0,18.483,0,0.82963,1.63272,6.35878,1.08955,7.73158,0.42336,18.483,0.42336,0,0,442.007,0,1.02816,0,0,1.85779,0.82963,1.028160,1,0,51.2871,0,0,0,51.2871,0
72.29,2.10398,0,0,2.83741,0.14498,0.588451,3.6288,61.308,0.353656,0,0,0.730858,0.275181,0.102021,0.66528,12.849,1,0.373966,0.588451,0,42.4137,4.78852,37.8396,0.84672,12.849,0.84672,3695.15,0,18.483,0,0.703935,1.63274,6.16936,1.11691,7.38912,0.42336,18.483,0.42336,0,0,442.007,0,1.02816,0,0,1.7321,0.703935,1.028160,1,0,45.3308,0,0,0,45.3308,0
72.29,2.10401,0,0,2.68447,0.10899,0.471464,3.6288,61.308,0.353677,0,0,0.702691,0.298789,0.0502252,0.66528,12.849,1,0.373972,0.471464,0,38.7717,5.05627,33.813,0.84672,12.849,0.84672,3695.15,0,18.483,0,0.6203,1.63277,5.93499,1.18533,7.00273,0.42336,18.483,0.42336,0,0,442.007,0,1.02816,0,0,1.64846,0.6203,1.028160,1,0,40.8659,0,0,0,40.8659,0
72.176,2.10404,0,0,2.46121,0.108289,0.36288,3.6288,61.308,0.353698,0,0,0.721397,0.285185,0.0825139,0.66528,12.849,1,0.373978,0.36288,0,41.5885,5.05156,36.5258,0.84672,12.849,0.84672,3695.15,0,18.483,0,0.538695,1.63279,6.35381,1.16277,7.36253,0.42336,18.483,0.42336,0,0,442.007,0,1.02816,0,0,1.56686,0.538695,1.028160,1,0,43.9708,0,0,0,43.9708,0
71.854,2.08424,0,0,2.2316,0.106446,0.36288,3.6288,61.308,0.392676,0,0,0.822001,0.251174,0.178151,0.66528,12.849,1,0.371042,0.36288,0,47.9021,5.03979,42.8542,0.84672,12.849,0.84672,3695.15,0,18.483,0,0.55614,1.63282,6.32724,1.1064,7.40981,0.42336,18.483,0.42336,0,0,442.007,0,1.02816,0,0,1.5843,0.55614,1.028160,1,0,50.4422,0,0,0,50.4422,0
71.333,2.08144,0,0,2.02952,0.106186,0.36288,3.6288,61.308,0.392698,0,0,0.801567,0.251174,0.157695,0.66528,12.849,1,0.372206,0.36288,0,46.9645,5.03979,41.9154,0.84672,12.849,0.84672,3695.15,0,18.483,0,0.535594,1.65788,6.06259,1.1064,7.14967,0.42336,18.483,0.42336,0,0,442.007,0,1.02816,0,0,1.56375,0.535594,1.028160,1,0,49.2228,0,0,0,49.2228,0
70.6296,2.07687,0,0,1.84208,0.105765,0.36288,3.6288,61.308,0.392719,0,0,0.752,0.251174,0.108106,0.66528,12.849,1,0.3741,0.36288,0,41.8493,5.03979,36.7983,0.84672,12.849,0.84672,3695.15,0,18.483,0,0.359251,1.6579,5.86481,1.1064,6.77557,0.42336,18.483,0.42336,0,0,442.007,0,1.02816,0,0,1.38741,0.359251,1.028160,1,0,43.682,0,0,0,43.682,0
69.8715,2.07061,0,0,1.74766,0.0722906,0.36288,3.6288,61.2927,0.392741,0,0,0.705378,0.327958,0,0.66528,12.849,1,0.376687,0.36288,0,37.6432,6.02784,31.6015,0.84672,12.849,0.84672,3695.15,0,18.483,0,0.364677,1.65793,5.55814,1.46705,6.11369,0.42336,18.483,0.42336,0,0,442.007,0,1.02816,0,0,1.39284,0.364677,1.028160,1,0,37.7152,0,0,0,37.7152,0
69.1212,2.11192,0,0,1.79239,0.0679137,0.36288,3.6288,61.308,0.427484,0,0,0.901403,0.330001,0.128597,0.66528,12.849,1,0.388372,0.36288,0,37.3856,6.00777,31.3524,0.84672,12.849,0.84672,3695.15,0,18.483,0,0.478379,1.65796,5.49338,1.52404,6.10568,0.42336,18.483,0.42336,0,0,442.007,0,1.02816,0,0,1.50654,0.478379,1.028160,1,0,37.5866,0,0,0,37.5866,0
68.2735,2.10488,0,0,1.68693,0.0668644,0.36288,3.6288,61.308,0.427506,0,0,0.876174,0.330379,0.118289,0.66528,12.849,1,0.391278,0.36288,0,34.0047,6.00442,27.9719,0.84672,12.849,0.84672,3695.15,0,18.483,0,0.585654,1.69788,4.38858,1.53354,5.13858,0.42336,18.483,0.42336,0,0,442.007,0,1.02816,0,0,1.61381,0.585654,1.028160,1,0,33.2288,0,0,0,33.2288,0
67.4093,2.09679,0,0,1.66193,0.0664237,0.36288,3.6288,61.308,0.427529,0,0,0.837838,0.330379,0.0799307,0.66528,12.849,1,0.394615,0.36288,0,35.0494,6.00442,29.0132,0.84672,12.849,0.84672,3695.15,0,18.483,0,0.641019,1.69791,5.00596,1.53354,5.81134,0.42336,18.483,0.42336,0,0,442.007,0,1.02816,0,0,1.66918,0.641019,1.028160,1,0,34.9045,0,0,0,34.9045,0
66.417,2.0884,0,0,1.52493,0.0659745,0.36288,3.6288,61.3023,0.427551,0,0,0.752233,0.330379,0,0.66528,12.849,1,0.398074,0.36288,0,33.1862,6.00442,27.1466,0.84672,12.849,0.84672,3695.15,0,18.483,0,0.463294,1.69793,4.70737,1.53354,5.33506,0.42336,18.483,0.42336,0,0,442.007,0,1.02816,0,0,1.49145,0.463294,1.028160,1,0,32.4817,0,0,0,32.4817,0
65.0905,2.2174,0,0,1.31364,0.0598184,0.36288,3.6288,61.1699,0.552906,0,0,0.749779,0.329234,0,0.66528,12.849,1,0.428978,0.36288,0,26.7262,6.02052,20.6396,0.84672,12.849,0.84672,3695.15,0,18.483,0,0.400524,1.69796,4.82774,1.55162,5.3746,0.42336,18.483,0.42336,0,0,442.007,0,1.02816,0,0,1.42868,0.400524,1.028160,1,0,26.0142,0,0,0,26.0142,0
63.7263,2.20304,0,0,1.26422,0.0625577,0.36288,3.6288,61.0646,0.55293,0,0,0.768969,0.321411,0,0.66528,12.849,1,0.434886,0.36288,0,22.2976,5.86751,16.3581,0.84672,12.849,0.84672,3695.15,0,18.483,0,0.352961,1.8331,5.36848,1.54087,6.01367,0.42336,18.483,0.42336,0,0,442.007,0,1.02816,0,0,1.38112,0.352961,1.028160,1,0,22.3718,0,0,0,22.3718,0
62.9929,2.18786,0,0,1.88402,0.0666319,0.36288,3.6288,61.1019,0.552954,0,0,0.910388,0.320125,0,0.66528,12.849,1,0.441134,0.36288,0,28.7029,5.83782,22.7868,0.84672,12.849,0.84672,3695.15,0,18.483,0,0.635731,1.83313,5.88371,1.53723,6.81534,0.42336,18.483,0.42336,0,0,442.007,0,1.02816,0,0,1.66389,0.635731,1.028160,1,0,29.6021,0,0,0,29.6021,0
63.0499,2.17953,0,0,2.68715,0.0877576,0.36288,3.6288,61.308,0.552979,0,0,1.17651,0.310974,0.106436,0.66528,12.849,1,0.44457,0.36288,0,42.1042,5.77428,36.2482,0.84672,12.849,0.84672,3695.15,0,18.483,0,0.714943,1.83316,6.44201,1.51384,7.47627,0.42336,18.483,0.42336,0,0,442.007,0,1.02816,0,0,1.7431,0.714943,1.028160,1,0,43.8309,0,0,0,43.8309,0
62.4421,2.18022,0,0,2.01645,0.0811286,0.36288,3.6288,61.308,0.553003,0,0,0.895743,0.295044,0.0476961,0.66528,12.849,1,0.444309,0.36288,0,46.4114,5.75506,40.5749,0.84672,12.849,0.84672,3695.15,0,18.483,0,0.503271,1.83319,4.53179,1.47648,5.39177,0.42336,18.483,0.42336,0,0,442.007,0,1.02816,0,0,1.53143,0.503271,1.028160,1,0,46.0144,0,0,0,46.0144,0
63.4311,2.10692,0,0,3.5697,0.110892,0.36288,3.6288,61.308,0.476949,0,0,0.957995,0.208002,0.273043,0.66528,12.849,1,0.433551,0.36288,0,49.5305,4.08207,45.3778,0.84672,12.849,0.84672,3695.15,0,18.483,0,0.556485,1.83322,6.61593,1.07319,7.93245,0.42336,18.483,0.42336,0,0,442.007,0,1.02816,0,0,1.58465,0.556485,1.028160,1,0,53.5833,0,0,0,53.5833,0
64.0789,2.11799,0,0,3.27693,0.148311,0.36288,3.6288,61.308,0.476972,0,0,1.25668,0.19378,0.585927,0.66528,12.849,1,0.429032,0.36288,0,43.8052,3.44536,40.2937,0.84672,12.849,0.84672,3695.15,0,18.483,0,0.828118,1.7558,7.85627,0.910445,9.52974,0.42336,18.483,0.42336,0,0,442.007,0,1.02816,0,0,1.85628,0.828118,1.028160,1,0,50.4094,0,0,0,50.4094,0
65.1267,2.12512,0,0,3.68489,0.149093,0.36288,3.6288,61.308,0.476995,0,0,1.83167,0.19378,1.1609,0.66528,12.849,1,0.426126,0.36288,0,49.2106,3.44536,45.702,0.84672,12.849,0.84672,3695.15,0,18.483,0,1.50467,1.75583,10.3276,0.910445,12.6776,0.42336,18.483,0.42336,0,0,442.007,0,1.02816,0,0,2.53283,1.50467,1.028160,1,0,59.5405,0,0,0,59.5405,0
65.7481,2.13644,0,0,3.27113,0.150357,0.36288,3.6288,61.308,0.477018,0,0,1.42652,0.19378,0.755718,0.66528,12.849,1,0.421504,0.36288,0,42.9233,3.44536,39.4193,0.84672,12.849,0.84672,3695.15,0,18.483,0,1.02516,1.75586,7.92366,0.910445,9.79423,0.42336,18.483,0.42336,0,0,442.007,0,1.02816,0,0,2.05332,1.02516,1.028160,1,0,49.9692,0,0,0,49.9692,0
65.0764,2.08769,0,0,1.97047,0.191652,0.36288,3.6288,61.308,0.407787,0,0,1.03501,0.190937,0.436283,0.66528,12.849,1,0.407993,0.36288,0,43.0541,3.63414,39.3748,0.84672,12.849,0.84672,3695.15,0,18.483,0,1.02457,1.75589,5.98272,0.900353,7.86283,0.42336,18.483,0.42336,0,0,442.007,0,1.02816,0,0,2.05273,1.02457,1.028160,1,0,47.6739,0,0,0,47.6739,0
66.8142,2.08079,0,0,4.38823,0.206755,0.36288,3.6288,61.308,0.407809,0,0,1.00174,0.1898,0.404129,0.66528,12.849,1,0.410842,0.36288,0,63.1899,3.70965,59.4323,0.84672,12.849,0.84672,3695.15,0,18.483,0,1.39838,1.68709,9.21879,0.896317,11.4079,0.42336,18.483,0.42336,0,0,442.007,0,1.02816,0,0,2.42654,1.39838,1.028160,1,0,71.2444,0,0,0,71.2444,0
68.1455,2.09856,0,0,4.00238,0.209639,0.36288,3.6288,61.308,0.407831,0,0,0.983241,0.1898,0.385609,0.66528,12.849,1,0.403574,0.36288,0,86.0043,3.70965,82.2539,0.84672,12.849,0.84672,3695.15,0,18.483,0,1.07818,1.68711,9.10673,0.896317,10.9757,0.42336,18.483,0.42336,0,0,442.007,0,1.02816,0,0,2.10634,1.07818,1.028160,1,0,93.6153,0,0,0,93.6153,0
70.8407,2.11177,0,0,5.38172,0.211848,0.36288,3.6288,61.308,0.407853,0,0,1.80371,0.1898,1.20606,0.66528,12.849,1,0.398179,0.36288,0,100.308,3.70965,96.5629,0.84672,12.849,0.84672,3695.15,0,18.483,0,1.51965,1.68714,10.2391,0.896317,12.5496,0.42336,18.483,0.42336,0,0,442.007,0,1.02816,0,0,2.54781,1.51965,1.028160,1,0,110.318,0,0,0,110.318,0
72.29,1.97644,0,0,4.50371,0.288602,0.789355,3.6288,61.308,0.26363,0,0,1.47042,0.203003,1.00379,0.66528,12.849,1,0.358485,0.789355,0,112.422,3.98824,108.865,0.84672,12.849,0.84672,3695.15,0,18.483,0,1.28008,1.68717,8.48769,1.08649,10.3684,0.42336,18.483,0.42336,0,0,442.007,0,1.02816,0,0,2.30824,1.28008,1.028160,1,0,120.237,0,0,0,120.237,0
71.3706,1.9887,0,0,1.7146,0.282426,0.36288,3.6288,61.308,0.26365,0,0,0.868216,0.183373,0.421193,0.66528,12.849,1,0.353476,0.36288,0,40.0814,3.44578,36.645,0.84672,12.849,0.84672,3695.15,0,18.483,0,0.458706,1.53224,4.83778,0.990026,5.8387,0.42336,18.483,0.42336,0,0,442.007,0,1.02816,0,0,1.48687,0.458706,1.028160,1,0,42.9049,0,0,0,42.9049,0
72.0752,1.98101,0,0,3.32895,0.280456,0.36288,3.6288,61.308,0.26367,0,0,1.24114,0.183373,0.794093,0.66528,12.849,1,0.356646,0.36288,0,46.3028,3.44578,42.8632,0.84672,12.849,0.84672,3695.15,0,18.483,0,0.954703,1.53226,6.92606,0.990026,8.423,0.42336,18.483,0.42336,0,0,442.007,0,1.02816,0,0,1.98286,0.954703,1.028160,1,0,52.0803,0,0,0,52.0803,0
72.29,1.98697,0,0,6.56955,0.294574,4.0732,3.6288,61.308,0.26369,0,0,3.44063,0.195153,2.98179,0.66528,12.849,1,0.354221,4.0732,0,162.1,3.66943,162.15,0.84672,12.849,0.84672,3695.15,0,18.483,0,3.0217,1.53229,14.9577,1.02286,18.4888,0.42336,18.483,0.42336,0,0,442.007,0,1.02816,0,0,4.04986,3.0217,1.028160,1,0,183.62,0,0,0,183.62,0
72.29,1.98879,0,0,5.0975,0.326627,2.78208,3.6288,61.308,0.26371,0,0,2.36658,0.224603,1.87827,0.66528,12.849,1,0.353492,2.78208,0,196.558,4.22856,194.758,0.84672,12.849,0.84672,3695.15,0,18.483,0,2.03571,1.53231,13.3046,1.10493,15.7677,0.42336,18.483,0.42336,0,0,442.007,0,1.02816,0,0,3.06387,2.03571,1.028160,1,0,212.404,0,0,0,212.404,0
72.29,2.05112,0,0,4.17201,0.266073,1.85482,3.6288,61.308,0.3055,0,0,2.62102,0.205268,2.11025,0.66528,12.849,1,0.364572,1.85482,0,108.227,3.56118,106.156,0.84672,12.849,0.84672,3695.15,0,18.483,0,3.20356,1.53233,9.44844,1.02157,13.1628,0.42336,18.483,0.42336,0,0,442.007,0,1.02816,0,0,4.23172,3.20356,1.028160,1,0,121.429,0,0,0,121.429,0
72.29,2.05114,0,0,4.37524,0.266073,2.05803,3.6288,61.308,0.305514,0,0,3.58201,0.205268,3.07122,0.66528,12.849,1,0.364575,2.05803,0,102.653,3.56118,100.785,0.84672,12.849,0.84672,3695.15,0,18.483,0,4.17085,1.58137,12.7564,1.02157,17.4871,0.42336,18.483,0.42336,0,0,442.007,0,1.02816,0,0,5.19901,4.17085,1.028160,1,0,121.343,0,0,0,121.343,0
72.29,2.05117,0,0,5.21561,0.266073,2.89837,3.6288,61.308,0.305528,0,0,2.83183,0.205268,2.32103,0.66528,12.849,1,0.364579,2.89837,0,53.75,3.56118,52.7226,0.84672,12.849,0.84672,3695.15,0,18.483,0,3.67304,1.58138,10.2878,1.02157,14.5207,0.42336,18.483,0.42336,0,0,442.007,0,1.02816,0,0,4.7012,3.67304,1.028160,1,0,69.5643,0,0,0,69.5643,0
72.29,2.05119,0,0,7.16143,0.287027,4.82321,3.6288,61.308,0.305542,0,0,3.00358,0.231487,2.46655,0.66528,12.849,1,0.364583,4.82321,0,164.745,3.75248,165.451,0.84672,12.849,0.84672,3695.15,0,18.483,0,4.04697,1.5814,15.3462,1.08834,19.8862,0.42336,18.483,0.42336,0,0,442.007,0,1.02816,0,0,5.07513,4.04697,1.028160,1,0,187.804,0,0,0,187.804,0
72.29,2.25128,0,0,7.97239,0.270856,5.45025,3.6288,61.308,0.462373,0,0,3.6907,0.198683,3.02964,0.66528,12.849,1,0.400148,5.45025,0,186.326,3.06769,188.308,0.84672,12.849,0.84672,3695.15,0,18.483,0,5.31896,1.58141,13.5301,0.865719,19.5647,0.42336,18.483,0.42336,0,0,442.007,0,1.02816,0,0,6.34712,5.31896,1.028160,1,0,210.903,0,0,0,210.903,0
72.29,2.2513,0,0,9.31349,0.28241,6.77978,3.6288,61.308,0.462388,0,0,3.1433,0.193277,2.48764,0.66528,12.849,1,0.400152,6.77978,0,251.25,3.48579,254.144,0.84672,12.849,0.84672,3695.15,0,18.483,0,6.2025,1.75633,13.1526,0.961692,20.1497,0.42336,18.483,0.42336,0,0,442.007,0,1.02816,0,0,7.23066,6.2025,1.028160,1,0,276.782,0,0,0,276.782,0
72.29,2.25133,0,0,5.56257,0.289588,3.02166,3.6288,61.308,0.462404,0,0,2.1717,0.194685,1.51461,0.66528,12.849,1,0.400156,3.02166,0,158.926,3.66083,157.887,0.84672,12.849,0.84672,3695.15,0,18.483,0,2.99968,1.75635,7.62575,1.00307,11.3787,0.42336,18.483,0.42336,0,0,442.007,0,1.02816,0,0,4.02784,2.99968,1.028160,1,0,170.78,0,0,0,170.78,0
72.29,2.25135,0,0,4.01981,0.289588,1.47887,3.6288,61.308,0.462419,0,0,1.64429,0.194685,0.987183,0.66528,12.849,1,0.40016,1.47887,0,102.059,3.66083,99.477,0.84672,12.849,0.84672,3695.15,0,18.483,0,2.08553,1.75637,5.52582,1.00307,8.36466,0.42336,18.483,0.42336,0,0,442.007,0,1.02816,0,0,3.11369,2.08553,1.028160,1,0,108.829,0,0,0,108.829,0
72.29,1.966,0,0,5.3905,0.314665,3.10983,3.6288,61.308,0.251976,0,0,2.90527,0.19081,2.46248,0.66528,12.849,1,0.349441,3.10983,0,130.26,3.68344,129.337,0.84672,12.849,0.84672,3695.15,0,18.483,0,4.21713,1.75639,9.98748,1.03252,14.9285,0.42336,18.483,0.42336,0,0,442.007,0,1.02816,0,0,5.24529,4.21713,1.028160,1,0,146.728,0,0,0,146.728,0
72.29,1.96602,0,0,6.33939,0.333472,4.0399,3.6288,61.308,0.25199,0,0,3.55517,0.187904,3.11528,0.66528,12.849,1,0.349445,4.0399,0,182.169,3.70041,182.159,0.84672,12.849,0.84672,3695.15,0,18.483,0,4.6142,1.51715,12.2938,1.05461,17.3705,0.42336,18.483,0.42336,0,0,442.007,0,1.02816,0,0,5.64236,4.6142,1.028160,1,0,202.645,0,0,0,202.645,0
72.29,1.96604,0,0,6.88124,0.333472,4.58173,3.6288,61.308,0.252003,0,0,3.33095,0.187904,2.89105,0.66528,12.849,1,0.349448,4.58173,0,191.957,3.70041,192.488,0.84672,12.849,0.84672,3695.15,0,18.483,0,5.16462,1.51716,15.2196,1.05461,20.8468,0.42336,18.483,0.42336,0,0,442.007,0,1.02816,0,0,6.19278,5.16462,1.028160,1,0,216.226,0,0,0,216.226,0
72.29,1.96606,0,0,6.15875,0.265024,3.92767,3.6288,61.308,0.252016,0,0,2.85088,0.147657,2.45121,0.66528,12.849,1,0.349452,3.92767,0,183.601,3.18273,183.996,0.84672,12.849,0.84672,3695.15,0,18.483,0,4.50505,1.51718,13.51,0.979395,18.5529,0.42336,18.483,0.42336,0,0,442.007,0,1.02816,0,0,5.53321,4.50505,1.028160,1,0,205,0,0,0,205,0
72.29,1.96608,0,0,5.45768,0.326319,3.16528,3.6288,61.308,0.25203,0,0,2.39082,0.160874,1.97791,0.66528,12.849,1,0.349456,3.16528,0,164.465,3.82853,163.452,0.84672,12.849,0.84672,3695.15,0,18.483,0,3.42762,1.51719,11.2338,1.05508,15.1235,0.42336,18.483,0.42336,0,0,442.007,0,1.02816,0,0,4.45578,3.42762,1.028160,1,0,180.554,0,0,0,180.554,0
72.29,2.03794,0,0,6.97923,0.303542,4.63775,3.6288,61.308,0.303532,0,0,2.91806,0.172966,2.44156,0.66528,12.849,1,0.362228,4.63775,0,227.242,4.36663,227.151,0.84672,12.849,0.84672,3695.15,0,18.483,0,5.19074,1.51721,19.3622,1.06053,25.0096,0.42336,18.483,0.42336,0,0,442.007,0,1.02816,0,0,6.2189,5.19074,1.028160,1,0,254.602,0,0,0,254.602,0
72.29,2.03796,0,0,5.95807,0.303542,3.61657,3.6288,61.308,0.303545,0,0,2.32908,0.172966,1.85257,0.66528,12.849,1,0.362232,3.61657,0,176.614,4.36663,175.501,0.84672,12.849,0.84672,3695.15,0,18.483,0,4.10121,1.5763,14.0142,1.06053,18.6311,0.42336,18.483,0.42336,0,0,442.007,0,1.02816,0,0,5.12937,4.10121,1.028160,1,0,195.985,0,0,0,195.985,0
72.29,2.03798,0,0,4.76857,0.26582,2.46477,3.6288,61.308,0.303559,0,0,1.63822,0.168804,1.16586,0.66528,12.849,1,0.362235,2.46477,0,148.33,4.61376,145.819,0.84672,12.849,0.84672,3695.15,0,18.483,0,2.67176,1.57632,9.78515,1.0766,12.9566,0.42336,18.483,0.42336,0,0,442.007,0,1.02816,0,0,3.69992,2.67176,1.028160,1,0,159.941,0,0,0,159.941,0
72.29,2.038,0,0,4.11919,0.25073,1.83046,3.6288,61.308,0.303573,0,0,1.41057,0.167139,0.939854,0.66528,12.849,1,0.362239,1.83046,0,137.045,4.71261,133.801,0.84672,12.849,0.84672,3695.15,0,18.483,0,1.8747,1.57633,8.38823,1.08303,10.7562,0.42336,18.483,0.42336,0,0,442.007,0,1.02816,0,0,2.90286,1.8747,1.028160,1,0,145.497,0,0,0,145.497,0
72.29,2.00993,0,0,4.0942,0.199505,1.88476,3.6288,61.308,0.283589,0,0,1.11777,0.185011,0.649166,0.66528,12.849,1,0.35725,1.88476,0,104.405,4.72512,101.207,0.84672,12.849,0.84672,3695.15,0,18.483,0,1.07905,1.57635,8.4793,1.08822,10.0465,0.42336,18.483,0.42336,0,0,442.007,0,1.02816,0,0,2.10721,1.07905,1.028160,1,0,111.903,0,0,0,111.903,0
72.29,2.00995,0,0,4.03106,0.190967,1.83014,3.6288,61.308,0.283602,0,0,1.15938,0.18799,0.687792,0.66528,12.849,1,0.357254,1.83014,0,104.617,4.7272,101.363,0.84672,12.849,0.84672,3695.15,0,18.483,0,1.76844,1.55337,8.1076,1.08909,10.3403,0.42336,18.483,0.42336,0,0,442.007,0,1.02816,0,0,2.7966,1.76844,1.028160,1,0,112.391,0,0,0,112.391,0
72.29,2.00997,0,0,4.07182,0.168133,1.89371,3.6288,61.308,0.283616,0,0,1.17269,0.195008,0.694066,0.66528,12.849,1,0.357258,1.89371,0,102.681,4.84655,99.3711,0.84672,12.849,0.84672,3695.15,0,18.483,0,2.26426,1.55339,8.6089,1.1398,11.2867,0.42336,18.483,0.42336,0,0,442.007,0,1.02816,0,0,3.29242,2.26426,1.028160,1,0,111.352,0,0,0,111.352,0
72.29,2.01,0,0,3.55533,0.111046,1.43429,3.6288,61.308,0.28363,0,0,1.06267,0.212552,0.566486,0.66528,12.849,1,0.357261,1.43429,0,87.3461,5.1449,83.2782,0.84672,12.849,0.84672,3695.15,0,18.483,0,1.97241,1.5534,7.36137,1.26656,9.62061,0.42336,18.483,0.42336,0,0,442.007,0,1.02816,0,0,3.00057,1.97241,1.028160,1,0,93.4653,0,0,0,93.4653,0
72.29,2.10537,0,0,3.23173,0.136901,0.989465,3.6288,61.308,0.354566,0,0,0.92289,0.2122,0.356124,0.66528,12.849,1,0.374213,0.989465,0,74.158,4.98663,69.7866,0.84672,12.849,0.84672,3695.15,0,18.483,0,1.37445,1.55342,6.61101,1.19794,8.34094,0.42336,18.483,0.42336,0,0,442.007,0,1.02816,0,0,2.40261,1.37445,1.028160,1,0,78.4837,0,0,0,78.4837,0
72.29,2.10539,0,0,3.11595,0.165193,0.845367,3.6288,61.308,0.354581,0,0,0.991233,0.193552,0.4431,0.66528,12.849,1,0.374217,0.845367,0,66.3949,4.65577,62.2103,0.84672,12.849,0.84672,3695.15,0,18.483,0,1.3308,1.63384,6.50534,1.06528,8.40471,0.42336,18.483,0.42336,0,0,442.007,0,1.02816,0,0,2.35896,1.3308,1.028160,1,0,71.0581,0,0,0,71.0581,0
72.29,2.10541,0,0,2.9863,0.0701778,0.810717,3.6288,61.308,0.354595,0,0,0.914034,0.227346,0.332094,0.66528,12.849,1,0.37422,0.810717,0,66.8071,5.1092,62.1344,0.84672,12.849,0.84672,3695.15,0,18.483,0,1.27499,1.63386,6.42058,1.1565,8.17293,0.42336,18.483,0.42336,0,0,442.007,0,1.02816,0,0,2.30315,1.27499,1.028160,1,0,70.6394,0,0,0,70.6394,0
72.29,2.10543,0,0,2.68703,0.0701778,0.511423,3.6288,61.308,0.35461,0,0,0.741312,0.227346,0.159357,0.66528,12.849,1,0.374224,0.511423,0,60.0159,5.1092,55.0439,0.84672,12.849,0.84672,3695.15,0,18.483,0,0.914605,1.63388,5.57326,1.1565,6.96524,0.42336,18.483,0.42336,0,0,442.007,0,1.02816,0,0,1.94276,0.914605,1.028160,1,0,62.1685,0,0,0,62.1685,0
72.29,2.10545,0,0,2.58716,0.0732682,0.408441,3.6288,61.308,0.354624,0,0,0.631193,0.226224,0.0503448,0.66528,12.849,1,0.374228,0.408441,0,53.7271,5.08788,48.6734,0.84672,12.849,0.84672,3695.15,0,18.483,0,0.814959,1.6339,5.32373,1.1514,6.62118,0.42336,18.483,0.42336,0,0,442.007,0,1.02816,0,0,1.84312,0.814959,1.028160,1,0,55.3449,0,0,0,55.3449,0
72.1476,2.08662,0,0,2.39895,0.0918105,0.36288,3.6288,61.308,0.393621,0,0,0.756596,0.219494,0.143482,0.66528,12.849,1,0.37088,0.36288,0,44.6934,4.95999,39.7254,0.84672,12.849,0.84672,3695.15,0,18.483,0,0.866506,1.63391,4.75849,1.1208,6.13811,0.42336,18.483,0.42336,0,0,442.007,0,1.02816,0,0,1.89467,0.866506,1.028160,1,0,46.007,0,0,0,46.007,0
71.7921,2.08539,0,0,2.18443,0.0917114,0.36288,3.6288,61.308,0.393636,0,0,0.748958,0.219494,0.135829,0.66528,12.849,1,0.371395,0.36288,0,44.3478,4.95999,39.3793,0.84672,12.849,0.84672,3695.15,0,18.483,0,0.86921,1.65898,4.5798,1.1208,5.98719,0.42336,18.483,0.42336,0,0,442.007,0,1.02816,0,0,1.89737,0.86921,1.028160,1,0,45.5023,0,0,0,45.5023,0
71.2318,2.08229,0,0,1.97639,0.0914637,0.36288,3.6288,61.308,0.39365,0,0,0.695053,0.219494,0.0819094,0.66528,12.849,1,0.372679,0.36288,0,39.8248,4.95999,34.855,0.84672,12.849,0.84672,3695.15,0,18.483,0,0.633856,1.659,4.39245,1.1208,5.56451,0.42336,18.483,0.42336,0,0,442.007,0,1.02816,0,0,1.66202,0.633856,1.028160,1,0,40.5014,0,0,0,40.5014,0
70.6118,2.07735,0,0,1.88295,0.0627435,0.36288,3.6288,61.2867,0.393665,0,0,0.657642,0.285308,0,0.66528,12.849,1,0.374719,0.36288,0,36.0782,5.80689,30.2595,0.84672,12.849,0.84672,3695.15,0,18.483,0,0.641969,1.65902,4.16157,1.42993,5.03262,0.42336,18.483,0.42336,0,0,442.007,0,1.02816,0,0,1.67013,0.641969,1.028160,1,0,35.2921,0,0,0,35.2921,0
69.8087,2.12017,0,0,1.74767,0.0677476,0.36288,3.6288,61.1829,0.428423,0,0,0.613094,0.288407,0,0.66528,12.849,1,0.3858,0.36288,0,32.5112,5.59382,26.8945,0.84672,12.849,0.84672,3695.15,0,18.483,0,0.473964,1.65903,3.54023,1.42546,4.24777,0.42336,18.483,0.42336,0,0,442.007,0,1.02816,0,0,1.50212,0.473964,1.028160,1,0,31.1422,0,0,0,31.1422,0
68.9641,2.11272,0,0,1.7023,0.0713051,0.36288,3.6288,61.0735,0.428439,0,0,0.604099,0.285088,0,0.66528,12.849,1,0.388868,0.36288,0,30.584,5.45213,25.1058,0.84672,12.849,0.84672,3695.15,0,18.483,0,0.487227,1.69898,3.42919,1.40307,4.21232,0.42336,18.483,0.42336,0,0,442.007,0,1.02816,0,0,1.51539,0.487227,1.028160,1,0,29.3182,0,0,0,29.3182,0
67.91,2.10476,0,0,1.48437,0.0708394,0.36288,3.6288,60.9298,0.428454,0,0,0.569676,0.28489,0,0.66528,12.849,1,0.392146,0.36288,0,28.9761,5.45213,23.4947,0.84672,12.849,0.84672,3695.15,0,18.483,0,0.346507,1.69899,3.27664,1.40307,3.91908,0.42336,18.483,0.42336,0,0,442.007,0,1.02816,0,0,1.37467,0.346507,1.028160,1,0,27.4137,0,0,0,27.4137,0
66.7559,2.09462,0,0,1.36892,0.0655197,0.36288,3.6288,60.774,0.428469,0,0,0.559885,0.287215,0,0.66528,12.849,1,0.396316,0.36288,0,27.3363,5.5269,21.7759,0.84672,12.849,0.84672,3695.15,0,18.483,0,0.285725,1.69901,3.24683,1.41801,3.81356,0.42336,18.483,0.42336,0,0,442.007,0,1.02816,0,0,1.31388,0.285725,1.028160,1,0,25.5895,0,0,0,25.5895,0
65.2422,2.22241,0,0,1.14429,0.0726389,0.36288,3.6288,60.4957,0.553895,0,0,0.557919,0.282391,0,0.66528,12.849,1,0.427763,0.36288,0,24.9249,5.47364,19.3864,0.84672,12.849,0.84672,3695.15,0,18.483,0,0.339863,1.69903,2.93231,1.36793,3.60327,0.42336,18.483,0.42336,0,0,442.007,0,1.02816,0,0,1.36802,0.339863,1.028160,1,0,22.9897,0,0,0,22.9897,0
63.6378,2.20608,0,0,1.08466,0.120129,0.36288,3.6288,60.2122,0.553911,0,0,0.536718,0.266318,0,0.66528,12.849,1,0.434472,0.36288,0,22.4516,4.82034,17.5596,0.84672,12.849,0.84672,3695.15,0,18.483,0,0.423256,1.83425,2.36153,1.33063,3.2884,0.42336,18.483,0.42336,0,0,442.007,0,1.02816,0,0,1.45142,0.423256,1.028160,1,0,20.848,0,0,0,20.848,0
62.0185,2.1882,0,0,1.05035,0.118584,0.36288,3.6288,59.9097,0.553928,0,0,0.517295,0.265838,0,0.66528,12.849,1,0.441816,0.36288,0,22.2531,4.82034,17.3538,0.84672,12.849,0.84672,3695.15,0,18.483,0,0.384109,1.83427,2.38606,1.33063,3.2738,0.42336,18.483,0.42336,0,0,442.007,0,1.02816,0,0,1.41227,0.384109,1.028160,1,0,20.6276,0,0,0,20.6276,0
60.6713,2.16954,0,0,1.30226,0.117025,0.36288,3.6288,59.6442,0.553944,0,0,0.553764,0.265326,0,0.66528,12.849,1,0.449485,0.36288,0,21.7917,4.82034,16.8848,0.84672,12.849,0.84672,3695.15,0,18.483,0,0.545547,1.83429,3.49982,1.33063,4.54903,0.42336,18.483,0.42336,0,0,442.007,0,1.02816,0,0,1.57371,0.545547,1.028160,1,0,21.4338,0,0,0,21.4338,0
59.0225,2.15351,0,0,0.985573,0.118016,0.36288,3.6288,59.3198,0.553961,0,0,0.494497,0.264917,0,0.66528,12.849,1,0.456072,0.36288,0,20.6334,4.83144,15.7087,0.84672,12.849,0.84672,3695.15,0,18.483,0,0.387668,1.83431,2.31534,1.32846,3.20886,0.42336,18.483,0.42336,0,0,442.007,0,1.02816,0,0,1.41583,0.387668,1.028160,1,0,18.9176,0,0,0,18.9176,0
57.9381,2.06815,0,0,1.51186,0.165157,0.36288,3.6288,59.4107,0.477854,0,0,0.794215,0.225509,0,0.66528,12.849,1,0.45023,0.36288,0,51.1934,4.03662,47.0694,0.84672,12.849,0.84672,3695.15,0,18.483,0,1.01365,1.83433,4.68981,1.09028,6.4475,0.42336,18.483,0.42336,0,0,442.007,0,1.02816,0,0,2.04181,1.01365,1.028160,1,0,53.5169,0,0,0,53.5169,0
56.5795,2.05484,0,0,1.22253,0.163428,0.36288,3.6288,59.4338,0.477869,0,0,0.726667,0.22564,0,0.66528,12.849,1,0.455703,0.36288,0,25.5568,4.03662,21.4273,0.84672,12.849,0.84672,3695.15,0,18.483,0,1.04503,1.75686,4.09802,1.09028,5.80962,0.42336,18.483,0.42336,0,0,442.007,0,1.02816,0,0,2.07319,1.04503,1.028160,1,0,27.237,0,0,0,27.237,0
55.2335,2.03769,0,0,1.23031,0.175741,0.36288,3.6288,59.514,0.477885,0,0,0.774222,0.216138,0,0.66528,12.849,1,0.462751,0.36288,0,20.0859,3.8182,16.1679,0.84672,12.849,0.84672,3695.15,0,18.483,0,0.97143,1.75688,3.97013,1.04092,5.65752,0.42336,18.483,0.42336,0,0,442.007,0,1.02816,0,0,1.99959,0.97143,1.028160,1,0,21.8254,0,0,0,21.8254,0
53.9792,2.02016,0,0,1.38786,0.259119,0.36288,3.6288,59.6503,0.477901,0,0,0.773178,0.159006,0,0.66528,12.849,1,0.469951,0.36288,0,20.6518,2.50772,18.037,0.84672,12.849,0.84672,3695.15,0,18.483,0,0.927107,1.7569,4.22168,0.744707,6.16097,0.42336,18.483,0.42336,0,0,442.007,0,1.02816,0,0,1.95527,0.927107,1.028160,1,0,24.1979,0,0,0,24.1979,0
53.6372,1.95158,0,0,2.22018,0.24776,0.36288,3.6288,59.653,0.408622,0,0,0.621087,0.209732,0,0.66528,12.849,1,0.464547,0.36288,0,45.5617,3.34891,42.1112,0.84672,12.849,0.84672,3695.15,0,18.483,0,0.561997,1.75691,5.27247,0.871832,6.71955,0.42336,18.483,0.42336,0,0,442.007,0,1.02816,0,0,1.59016,0.561997,1.028160,1,0,48.8307,0,0,0,48.8307,0
52.7621,1.94704,0,0,1.67569,0.240844,0.36288,3.6288,59.684,0.408637,0,0,0.687346,0.247677,0,0.66528,12.849,1,0.466422,0.36288,0,33.618,3.97981,29.5346,0.84672,12.849,0.84672,3695.15,0,18.483,0,0.292283,1.68807,3.61275,0.967176,4.62592,0.42336,18.483,0.42336,0,0,442.007,0,1.02816,0,0,1.32044,0.292283,1.028160,1,0,34.1605,0,0,0,34.1605,0
52.6216,1.93523,0,0,2.39629,0.238698,0.36288,3.6288,59.6092,0.472433,0,0,0.64532,0.247726,0,0.66528,12.849,1,0.47128,0.36288,0,41.6792,3.97981,37.591,0.84672,12.849,0.84672,3695.15,0,18.483,0,0.216518,1.68809,4.13637,0.967176,5.07379,0.42336,18.483,0.42336,0,0,442.007,0,0.96438,0,0,1.1809,0.216518,1.028160,1,0,42.6648,0,0,0,42.6648,0
56.3681,1.93332,0,0,6.28107,0.238353,0.36288,3.6288,60.8831,0.408667,0,0,1.93013,0.247608,0,0.66528,12.849,1,0.472074,0.36288,0,92.622,3.97981,88.533,0.84672,12.849,0.84672,3695.15,0,18.483,0,3.02893,1.6881,8.36654,0.967176,12.1164,0.42336,18.483,0.42336,0,0,442.007,0,1.02816,0,0,4.05709,3.02893,1.028160,1,0,100.649,0,0,0,100.649,0
57.8087,1.83321,0,0,3.88313,0.246443,0.36288,3.6288,61.308,0.264356,0,0,1.16613,0.235879,0.240963,0.66528,12.849,1,0.417877,0.36288,0,65.444,3.88139,61.5076,0.84672,12.849,0.84672,3695.15,0,18.483,0,1.77403,1.68812,4.62152,0.971446,7.11223,0.42336,18.483,0.42336,0,0,442.007,0,1.02816,0,0,2.80219,1.77403,1.028160,1,0,68.8608,0,0,0,68.8608,0
60.6956,1.8497,0,0,5.34669,0.247176,0.36288,3.6288,61.308,0.264369,0,0,1.13337,0.20206,0.66694,0.66528,12.849,1,0.411129,0.36288,0,64.0765,3.63531,60.3929,0.84672,12.849,0.84672,3695.15,0,18.483,0,2.44321,1.5331,4.96985,0.98212,7.96404,0.42336,18.483,0.42336,0,0,442.007,0,1.02816,0,0,3.47137,2.44321,1.028160,1,0,69.0239,0,0,0,69.0239,0
61.3345,1.88117,0,0,3.13697,0.25403,0.36288,3.6288,61.308,0.264383,0,0,0.755862,0.20206,0.289419,0.66528,12.849,1,0.398235,0.36288,0,53.5253,3.63531,49.8547,0.84672,12.849,0.84672,3695.15,0,18.483,0,1.76914,1.53312,4.30486,0.98212,6.62499,0.42336,18.483,0.42336,0,0,442.007,0,1.02816,0,0,2.7973,1.76914,1.028160,1,0,56.7691,0,0,0,56.7691,0
61.094,1.88789,0,0,2.26564,0.25538,0.36288,3.6288,61.277,0.264396,0,0,0.435412,0.20206,0,0.66528,12.849,1,0.395494,0.36288,0,30.5256,3.63531,26.8576,0.84672,12.849,0.84672,3695.15,0,18.483,0,0.667829,1.53313,4.32602,0.98212,5.54486,0.42336,18.483,0.42336,0,0,442.007,0,1.02816,0,0,1.69599,0.667829,1.028160,1,0,32.4025,0,0,0,32.4025,0
62.2576,1.8854,0,0,3.7023,0.290413,0.36288,3.6288,61.308,0.26441,0,0,0.738316,0.239344,0.203517,0.66528,12.849,1,0.396527,0.36288,0,47.884,4.43531,43.4151,0.84672,12.849,0.84672,3695.15,0,18.483,0,1.56242,1.53315,5.05793,1.23168,6.92182,0.42336,18.483,0.42336,0,0,442.007,0,1.02816,0,0,2.59058,1.56242,1.028160,1,0,50.5404,0,0,0,50.5404,0
68.1774,1.89742,0,0,8.4631,0.283034,0.36288,3.6288,61.308,0.26441,0,0,1.83127,0.20294,1.36392,0.66528,12.849,1,0.391597,0.36288,0,141.526,4.12733,137.37,0.84672,12.849,0.84672,3695.15,0,18.483,0,1.97663,1.53316,12.9386,1.16326,15.2851,0.42336,18.483,0.42336,0,0,442.007,0,1.02816,0,0,3.00479,1.97663,1.028160,1,0,154.019,0,0,0,154.019,0
72.29,2.01546,0,0,8.45165,0.295015,2.02857,3.6288,61.308,0.306217,0,0,1.70605,0.196865,1.20296,0.66528,12.849,1,0.379843,2.02857,0,134.826,4.076,132.399,0.84672,12.849,0.84672,3695.15,0,18.483,0,2.2927,1.53316,12.3586,1.15185,15.0326,0.42336,18.483,0.42336,0,0,442.007,0,1.02816,0,0,3.32086,2.2927,1.028160,1,0,148.635,0,0,0,148.635,0
72.29,2.05224,0,0,6.82062,0.304518,4.46387,3.6288,61.308,0.306224,0,0,1.39178,0.196865,0.888694,0.66528,12.849,1,0.364769,4.46387,0,106.75,4.076,106.773,0.84672,12.849,0.84672,3695.15,0,18.483,0,1.51295,1.58221,10.5939,1.15185,12.5372,0.42336,18.483,0.42336,0,0,442.007,0,1.02816,0,0,2.54111,1.51295,1.028160,1,0,120.199,0,0,0,120.199,0
72.29,2.05225,0,0,8.25126,0.33791,5.8611,3.6288,61.308,0.306232,0,0,1.21836,0.187939,0.72419,0.66528,12.849,1,0.364771,5.8611,0,129.11,4.17095,130.435,0.84672,12.849,0.84672,3695.15,0,18.483,0,1.46309,1.58222,13.8029,1.31742,15.5308,0.42336,18.483,0.42336,0,0,442.007,0,1.02816,0,0,2.49125,1.46309,1.028160,1,0,146.69,0,0,0,146.69,0
72.29,2.05226,0,0,6.53699,0.339182,4.14555,3.6288,61.308,0.306239,0,0,1.27286,0.183933,0.78269,0.66528,12.849,1,0.364774,4.14555,0,102.552,4.30887,102.024,0.84672,12.849,0.84672,3695.15,0,18.483,0,1.44903,1.58223,11.1561,1.32075,12.8666,0.42336,18.483,0.42336,0,0,442.007,0,1.02816,0,0,2.47719,1.44903,1.028160,1,0,115.673,0,0,0,115.673,0
72.29,2.25244,0,0,6.72883,0.323068,4.15332,3.6288,61.308,0.463144,0,0,1.51292,0.183352,0.86642,0.66528,12.849,1,0.400355,4.15332,0,109.415,4.44213,108.726,0.84672,12.849,0.84672,3695.15,0,18.483,0,1.56891,1.58224,16.2638,1.23689,18.1781,0.42336,18.483,0.42336,0,0,442.007,0,1.02816,0,0,2.59707,1.56891,1.028160,1,0,127.771,0,0,0,127.771,0
72.29,2.25246,0,0,7.90664,0.328032,5.32615,3.6288,61.308,0.463153,0,0,1.61691,0.173979,0.979775,0.66528,12.849,1,0.400357,5.32615,0,122.536,4.1274,123.334,0.84672,12.849,0.84672,3695.15,0,18.483,0,1.88282,1.75724,14.0219,1.13155,16.5305,0.42336,18.483,0.42336,0,0,442.007,0,1.02816,0,0,2.91098,1.88282,1.028160,1,0,140.845,0,0,0,140.845,0
72.29,2.25247,0,0,6.73813,0.33465,4.15101,3.6288,61.308,0.463161,0,0,1.92076,0.161483,1.29611,0.66528,12.849,1,0.400359,4.15101,0,136.308,3.70776,136.351,0.84672,12.849,0.84672,3695.15,0,18.483,0,2.59114,1.75725,16.5345,0.991086,19.8918,0.42336,18.483,0.42336,0,0,442.007,0,1.02816,0,0,3.6193,2.59114,1.028160,1,0,157.539,0,0,0,157.539,0
72.29,2.25248,0,0,7.60419,0.330729,5.02098,3.6288,61.308,0.463169,0,0,2.58259,0.174799,1.94462,0.66528,12.849,1,0.400362,5.02098,0,132.683,3.92754,133.376,0.84672,12.849,0.84672,3695.15,0,18.483,0,2.92041,1.75726,18.8857,1.02942,22.5339,0.42336,18.483,0.42336,0,0,442.007,0,1.02816,0,0,3.94857,2.92041,1.028160,1,0,157.854,0,0,0,157.854,0
72.29,1.96698,0,0,8.97532,0.325502,6.68284,3.6288,61.308,0.252614,0,0,3.16687,0.192553,2.7217,0.66528,12.849,1,0.349615,6.68284,0,171.385,4.22058,173.497,0.84672,12.849,0.84672,3695.15,0,18.483,0,3.92806,1.75727,19.4267,1.08053,24.0315,0.42336,18.483,0.42336,0,0,442.007,0,1.02816,0,0,4.95622,3.92806,1.028160,1,0,200.251,0,0,0,200.251,0
72.29,1.96699,0,0,9.7422,0.325502,7.44972,3.6288,61.308,0.252621,0,0,2.96713,0.192553,2.52196,0.66528,12.849,1,0.349617,7.44972,0,180.593,4.22058,183.473,0.84672,12.849,0.84672,3695.15,0,18.483,0,4.41159,1.5179,24.0499,1.08053,28.8988,0.42336,18.483,0.42336,0,0,442.007,0,1.02816,0,0,5.43975,4.41159,1.028160,1,0,214.894,0,0,0,214.894,0
72.29,1.967,0,0,8.71932,0.257053,6.49526,3.6288,61.308,0.252628,0,0,2.53949,0.152306,2.13455,0.66528,12.849,1,0.349619,6.49526,0,172.732,3.7029,175.174,0.84672,12.849,0.84672,3695.15,0,18.483,0,3.83224,1.51791,21.3486,1.00532,25.6934,0.42336,18.483,0.42336,0,0,442.007,0,1.02816,0,0,4.8604,3.83224,1.028160,1,0,203.002,0,0,0,203.002,0
72.29,1.96701,0,0,7.41684,0.322145,5.12768,3.6288,61.308,0.252636,0,0,2.16715,0.163508,1.751,0.66528,12.849,1,0.349621,5.12768,0,148.42,4.25901,148.939,0.84672,12.849,0.84672,3695.15,0,18.483,0,2.77662,1.51792,16.0402,1.0801,19.2547,0.42336,18.483,0.42336,0,0,442.007,0,1.02816,0,0,3.80478,2.77662,1.028160,1,0,169.944,0,0,0,169.944,0
72.29,1.96702,0,0,12.7221,0.259588,10.4954,3.6288,61.308,0.252643,0,0,4.64711,0.172945,4.22152,0.66528,12.849,1,0.349623,10.4954,0,257.238,4.64614,262.738,0.84672,12.849,0.84672,3695.15,0,18.483,0,5.3969,1.51793,25.0495,1.02097,30.9434,0.42336,18.483,0.42336,0,0,442.007,0,1.02816,0,0,6.42506,5.3969,1.028160,1,0,297.902,0,0,0,297.902,0
72.29,2.0389,0,0,7.92236,0.259588,5.62387,3.6288,61.308,0.304163,0,0,2.98588,0.172945,2.50877,0.66528,12.849,1,0.362399,5.62387,0,155.425,4.64614,156.04,0.84672,12.849,0.84672,3695.15,0,18.483,0,3.3662,1.51794,16.9061,1.02097,20.7692,0.42336,18.483,0.42336,0,0,442.007,0,1.02816,0,0,4.39436,3.3662,1.028160,1,0,179.318,0,0,0,179.318,0
72.29,2.03891,0,0,6.61254,0.259588,4.31404,3.6288,61.308,0.30417,0,0,2.55786,0.172945,2.08075,0.66528,12.849,1,0.362401,4.31404,0,112.115,4.64614,111.421,0.84672,12.849,0.84672,3695.15,0,18.483,0,3.1798,1.57705,14.9933,1.02097,18.7292,0.42336,18.483,0.42336,0,0,442.007,0,1.02816,0,0,4.20796,3.1798,1.028160,1,0,132.231,0,0,0,132.231,0
72.29,2.03893,0,0,5.84035,0.259588,3.54184,3.6288,61.308,0.304178,0,0,2.32613,0.172945,1.84901,0.66528,12.849,1,0.362403,3.54184,0,95.3346,4.64614,93.8679,0.84672,12.849,0.84672,3695.15,0,18.483,0,2.88347,1.57706,13.6002,1.02097,17.0398,0.42336,18.483,0.42336,0,0,442.007,0,1.02816,0,0,3.91163,2.88347,1.028160,1,0,112.757,0,0,0,112.757,0
72.29,2.03894,0,0,5.47394,0.214725,3.22028,3.6288,61.308,0.304185,0,0,1.61463,0.189541,1.1209,0.66528,12.849,1,0.362406,3.22028,0,105.884,4.61623,104.126,0.84672,12.849,0.84672,3695.15,0,18.483,0,1.42046,1.57707,10.5926,1.04987,12.5402,0.42336,18.483,0.42336,0,0,442.007,0,1.02816,0,0,2.44862,1.42046,1.028160,1,0,117.787,0,0,0,117.787,0
72.29,2.01085,0,0,5.48954,0.205528,3.27316,3.6288,61.308,0.284185,0,0,1.45915,0.201155,0.973809,0.66528,12.849,1,0.357413,3.27316,0,113.962,4.79703,112.08,0.84672,12.849,0.84672,3695.15,0,18.483,0,1.91313,1.57708,9.69149,1.06423,12.1175,0.42336,18.483,0.42336,0,0,442.007,0,1.02816,0,0,2.94129,1.91313,1.028160,1,0,125.172,0,0,0,125.172,0
72.29,2.01086,0,0,5.47373,0.171276,3.2916,3.6288,61.308,0.284192,0,0,1.47984,0.211682,0.983968,0.66528,12.849,1,0.357415,3.2916,0,106.951,4.97604,104.909,0.84672,12.849,0.84672,3695.15,0,18.483,0,2.19881,1.55408,9.38563,1.14029,11.9982,0.42336,18.483,0.42336,0,0,442.007,0,1.02816,0,0,3.22697,2.19881,1.028160,1,0,117.891,0,0,0,117.891,0
72.29,2.01087,0,0,4.69264,0.125607,2.55617,3.6288,61.308,0.2842,0,0,1.27677,0.225717,0.76685,0.66528,12.849,1,0.357417,2.55617,0,92.0238,5.21472,89.0078,0.84672,12.849,0.84672,3695.15,0,18.483,0,1.83567,1.55409,8.31954,1.2417,10.4676,0.42336,18.483,0.42336,0,0,442.007,0,1.02816,0,0,2.86383,1.83567,1.028160,1,0,100.242,0,0,0,100.242,0
72.29,2.01088,0,0,4.26287,0.134384,2.11761,3.6288,61.308,0.284207,0,0,1.05456,0.223238,0.547119,0.66528,12.849,1,0.357419,2.11761,0,81.2851,5.0987,77.9466,0.84672,12.849,0.84672,3695.15,0,18.483,0,1.36791,1.55409,7.80373,1.2069,9.51884,0.42336,18.483,0.42336,0,0,442.007,0,1.02816,0,0,2.39607,1.36791,1.028160,1,0,88.0126,0,0,0,88.0126,0
72.29,2.10628,0,0,4.14127,0.170809,1.86418,3.6288,61.308,0.355168,0,0,1.09262,0.181327,0.556128,0.66528,12.849,1,0.374376,1.86418,0,65.6493,4.51553,62.6236,0.84672,12.849,0.84672,3695.15,0,18.483,0,1.38999,1.5541,7.63474,1.03535,9.54348,0.42336,18.483,0.42336,0,0,442.007,0,1.02816,0,0,2.41815,1.38999,1.028160,1,0,72.7232,0,0,0,72.7232,0
72.29,2.10629,0,0,4.09541,0.0599554,1.92916,3.6288,61.308,0.355176,0,0,1.04695,0.220752,0.471024,0.66528,12.849,1,0.374378,1.92916,0,67.2728,5.04451,63.783,0.84672,12.849,0.84672,3695.15,0,18.483,0,1.44249,1.63456,7.88098,1.14177,9.81625,0.42336,18.483,0.42336,0,0,442.007,0,1.02816,0,0,2.47065,1.44249,1.028160,1,0,74.0703,0,0,0,74.0703,0
72.29,2.1063,0,0,3.63725,0.0599554,1.47099,3.6288,61.308,0.355184,0,0,0.853433,0.220752,0.277497,0.66528,12.849,1,0.37438,1.47099,0,60.1628,5.04451,56.2149,0.84672,12.849,0.84672,3695.15,0,18.483,0,1.07275,1.63456,6.75881,1.14177,8.32436,0.42336,18.483,0.42336,0,0,442.007,0,1.02816,0,0,2.10091,1.07275,1.028160,1,0,64.8168,0,0,0,64.8168,0
72.29,2.10632,0,0,3.50294,0.0599554,1.33667,3.6288,61.308,0.355191,0,0,0.68701,0.220752,0.111066,0.66528,12.849,1,0.374382,1.33667,0,55.4418,5.04451,51.3596,0.84672,12.849,0.84672,3695.15,0,18.483,0,0.915788,1.63457,6.4978,1.14177,7.90639,0.42336,18.483,0.42336,0,0,442.007,0,1.02816,0,0,1.94395,0.915788,1.028160,1,0,59.3771,0,0,0,59.3771,0
72.29,2.10633,0,0,3.67978,0.0741567,1.49929,3.6288,61.308,0.355199,0,0,0.87137,0.282244,0.233927,0.66528,12.849,1,0.374384,1.49929,0,48.0298,5.27457,43.8801,0.84672,12.849,0.84672,3695.15,0,18.483,0,0.797049,1.63458,4.77588,1.27925,5.92826,0.42336,18.483,0.42336,0,0,442.007,0,1.02816,0,0,1.82521,0.797049,1.028160,1,0,50.0423,0,0,0,50.0423,0
72.29,2.08747,0,0,3.29736,0.0741567,1.13573,3.6288,61.308,0.394205,0,0,0.77277,0.282244,0.0963207,0.66528,12.849,1,0.371033,1.13573,0,66.4352,5.27457,61.9253,0.84672,12.849,0.84672,3695.15,0,18.483,0,0.736983,1.63459,5.47487,1.27925,6.56719,0.42336,18.483,0.42336,0,0,442.007,0,1.02816,0,0,1.76514,0.736983,1.028160,1,0,68.5888,0,0,0,68.5888,0
72.29,2.08749,0,0,2.93052,0.0741567,0.768881,3.6288,61.308,0.394213,0,0,0.700799,0.282244,0.0243416,0.66528,12.849,1,0.371035,0.768881,0,63.9481,5.27457,59.0714,0.84672,12.849,0.84672,3695.15,0,18.483,0,0.628275,1.65966,5.32125,1.27925,6.32993,0.42336,18.483,0.42336,0,0,442.007,0,1.02816,0,0,1.65643,0.628275,1.028160,1,0,65.4256,0,0,0,65.4256,0
72.29,2.0875,0,0,2.75479,0.0741567,0.59314,3.6288,61.3049,0.394221,0,0,0.67338,0.282244,0,0.66528,12.849,1,0.371037,0.59314,0,59.959,5.27457,54.9065,0.84672,12.849,0.84672,3695.15,0,18.483,0,0.587019,1.65967,5.07025,1.27925,6.03769,0.42336,18.483,0.42336,0,0,442.007,0,1.02816,0,0,1.61518,0.587019,1.028160,1,0,60.9442,0,0,0,60.9442,0
72.29,2.08751,0,0,2.75119,0.0636839,0.599998,3.6288,61.223,0.394229,0,0,0.615082,0.302813,0,0.66528,12.849,1,0.371039,0.599998,0,52.4732,5.58769,47.1145,0.84672,12.849,0.84672,3695.15,0,18.483,0,0.516007,1.65968,4.11917,1.38711,4.90775,0.42336,18.483,0.42336,0,0,442.007,0,1.02816,0,0,1.54417,0.516007,1.028160,1,0,52.0222,0,0,0,52.0222,0
72.29,2.13624,0,0,2.79214,0.0642015,0.591695,3.6288,61.0661,0.428994,0,0,0.576637,0.304485,0,0.66528,12.849,1,0.379701,0.591695,0,46.2846,5.63251,40.864,0.84672,12.849,0.84672,3695.15,0,18.483,0,0.508213,1.65969,3.63777,1.40369,4.40198,0.42336,18.483,0.42336,0,0,442.007,0,1.02816,0,0,1.53637,0.508213,1.028160,1,0,45.266,0,0,0,45.266,0
72.1548,2.13625,0,0,2.42811,0.0642015,0.36288,3.6288,60.8748,0.429002,0,0,0.541904,0.304183,0,0.66528,12.849,1,0.379703,0.36288,0,43.7901,5.63251,38.1408,0.84672,12.849,0.84672,3695.15,0,18.483,0,0.378501,1.69964,3.54008,1.40369,4.21453,0.42336,18.483,0.42336,0,0,442.007,0,1.02816,0,0,1.40666,0.378501,1.028160,1,0,42.3553,0,0,0,42.3553,0
71.8286,2.13505,0,0,2.23589,0.0641356,0.36288,3.6288,60.673,0.42901,0,0,0.530959,0.303814,0,0.66528,12.849,1,0.380201,0.36288,0,41.3004,5.63251,35.6506,0.84672,12.849,0.84672,3695.15,0,18.483,0,0.306176,1.69965,3.50425,1.40369,4.10638,0.42336,18.483,0.42336,0,0,442.007,0,1.02816,0,0,1.33434,0.306176,1.028160,1,0,39.757,0,0,0,39.757,0
71.3083,2.13213,0,0,2.02359,0.0488504,0.36288,3.6288,60.4841,0.429018,0,0,0.542834,0.302663,0,0.66528,12.849,1,0.381405,0.36288,0,40.6466,5.81583,34.8123,0.84672,12.849,0.84672,3695.15,0,18.483,0,0.338256,1.69966,3.3494,1.3956,3.99172,0.42336,18.483,0.42336,0,0,442.007,0,1.02816,0,0,1.36642,0.338256,1.028160,1,0,38.804,0,0,0,38.804,0
71.274,2.26951,0,0,2.67613,0.0781083,0.36288,3.6288,60.2788,0.554484,0,0,0.607474,0.258332,0,0.66528,12.849,1,0.408942,0.36288,0,46.3952,4.97816,41.3709,0.84672,12.849,0.84672,3695.15,0,18.483,0,0.579563,1.69967,3.28613,1.34354,4.22182,0.42336,18.483,0.42336,0,0,442.007,0,1.02816,0,0,1.60772,0.579563,1.028160,1,0,45.5928,0,0,0,45.5928,0
71.0632,2.26919,0,0,2.49938,0.0780878,0.36288,3.6288,60.0454,0.554493,0,0,0.579112,0.257995,0,0.66528,12.849,1,0.409082,0.36288,0,45.1409,4.97816,40.1165,0.84672,12.849,0.84672,3695.15,0,18.483,0,0.485326,1.83493,3.2583,1.34354,4.23502,0.42336,18.483,0.42336,0,0,442.007,0,1.02816,0,0,1.51349,0.485326,1.028160,1,0,44.3516,0,0,0,44.3516,0
71.462,2.26715,0,0,3.10682,0.077962,0.36288,3.6288,59.8488,0.554501,0,0,0.615489,0.257612,0,0.66528,12.849,1,0.409926,0.36288,0,46.1873,4.97816,41.1621,0.84672,12.849,0.84672,3695.15,0,18.483,0,0.657573,1.83494,4.81629,1.34354,5.96527,0.42336,18.483,0.42336,0,0,442.007,0,1.02816,0,0,1.68573,0.657573,1.028160,1,0,47.1273,0,0,0,47.1273,0
71.2542,2.27104,0,0,2.50433,0.0782001,0.36288,3.6288,59.6046,0.55451,0,0,0.567645,0.257289,0,0.66528,12.849,1,0.408338,0.36288,0,42.6132,4.97816,37.5896,0.84672,12.849,0.84672,3695.15,0,18.483,0,0.510304,1.83495,3.27501,1.34354,4.27673,0.42336,18.483,0.42336,0,0,442.007,0,1.02816,0,0,1.53846,0.510304,1.028160,1,0,41.8663,0,0,0,41.8663,0
71.6998,2.26904,0,0,3.15541,0.0778974,0.36288,3.6288,59.5242,0.554519,0,0,0.717345,0.24325,0,0.66528,12.849,1,0.409167,0.36288,0,51.0905,4.34783,46.6964,0.84672,12.849,0.84672,3695.15,0,18.483,0,1.35652,1.83496,3.7695,1.17783,5.78316,0.42336,18.483,0.42336,0,0,442.007,0,1.02816,0,0,2.38468,1.35652,1.028160,1,0,52.4795,0,0,0,52.4795,0
72.1042,2.204,0,0,3.04649,0.075219,0.36288,3.6288,59.5253,0.478378,0,0,0.720274,0.240806,0,0.66528,12.849,1,0.39497,0.36288,0,51.4701,4.22982,47.2082,0.84672,12.849,0.84672,3695.15,0,18.483,0,1.12564,1.83497,3.16206,1.15275,4.96992,0.42336,18.483,0.42336,0,0,442.007,0,1.02816,0,0,2.1538,1.12564,1.028160,1,0,52.1781,0,0,0,52.1781,0
72.29,2.20778,0,0,3.20979,0.0754509,0.740737,3.6288,59.814,0.478386,0,0,1.0079,0.240808,0,0.66528,12.849,1,0.393428,0.740737,0,79.1122,4.22982,75.2296,0.84672,12.849,0.84672,3695.15,0,18.483,0,2.20272,1.75747,5.61744,1.15275,8.42488,0.42336,18.483,0.42336,0,0,442.007,0,1.02816,0,0,3.23088,2.20272,1.028160,1,0,83.6545,0,0,0,83.6545,0
72.29,2.20951,0,0,8.22087,0.130314,5.88104,3.6288,60.8795,0.478395,0,0,1.73504,0.191123,0,0.66528,12.849,1,0.392724,5.88104,0,153.551,3.66062,155.379,0.84672,12.849,0.84672,3695.15,0,18.483,0,4.16742,1.75748,9.75655,0.912677,14.7688,0.42336,18.483,0.42336,0,0,442.007,0,1.02816,0,0,5.19558,4.16742,1.028160,1,0,170.147,0,0,0,170.147,0
72.29,2.20953,0,0,6.74667,0.195711,4.34143,3.6288,61.308,0.478403,0,0,1.85638,0.161837,0.787659,0.66528,12.849,1,0.392727,4.34143,0,168.961,3.28958,169.62,0.84672,12.849,0.84672,3695.15,0,18.483,0,3.47639,1.75749,12.1398,0.726177,16.6475,0.42336,18.483,0.42336,0,0,442.007,0,1.02816,0,0,4.50455,3.47639,1.028160,1,0,187.056,0,0,0,187.056,0
72.29,2.15246,0,0,7.20014,0.185563,4.86212,3.6288,61.308,0.409094,0,0,2.63299,0.211353,2.01254,0.66528,12.849,1,0.382584,4.86212,0,224.256,3.80677,224.929,0.84672,12.849,0.84672,3695.15,0,18.483,0,4.44794,1.7575,13.4218,0.904305,18.7229,0.42336,18.483,0.42336,0,0,442.007,0,1.02816,0,0,5.4761,4.44794,1.028160,1,0,245.665,0,0,0,245.665,0
72.29,2.15247,0,0,8.7708,0.185563,6.43277,3.6288,61.308,0.409102,0,0,2.08284,0.211353,1.46238,0.66528,12.849,1,0.382586,6.43277,0,285.181,3.80677,287.425,0.84672,12.849,0.84672,3695.15,0,18.483,0,3.36175,1.68862,12.0134,0.904305,16.1595,0.42336,18.483,0.42336,0,0,442.007,0,1.02816,0,0,4.38991,3.36175,1.028160,1,0,305.047,0,0,0,305.047,0
72.29,2.15248,0,0,6.28579,0.185563,3.94774,3.6288,61.308,0.40911,0,0,2.1444,0.211353,1.52394,0.66528,12.849,1,0.382588,3.94774,0,246.178,3.80677,245.936,0.84672,12.849,0.84672,3695.15,0,18.483,0,3.63595,1.68863,11.6016,0.904305,16.0219,0.42336,18.483,0.42336,0,0,442.007,0,1.02816,0,0,4.66411,3.63595,1.028160,1,0,263.482,0,0,0,263.482,0
72.29,2.1525,0,0,9.74177,0.197706,7.39157,3.6288,61.308,0.409118,0,0,3.40318,0.219425,2.77463,0.66528,12.849,1,0.38259,7.39157,0,228.398,3.90043,231.507,0.84672,12.849,0.84672,3695.15,0,18.483,0,5.81501,1.68864,15.536,0.972257,22.0674,0.42336,18.483,0.42336,0,0,442.007,0,1.02816,0,0,6.84317,5.81501,1.028160,1,0,256.349,0,0,0,256.349,0
72.29,1.9904,0,0,6.63808,0.203096,4.44458,3.6288,61.308,0.264756,0,0,4.63779,0.252907,4.12013,0.66528,12.849,1,0.353779,4.44458,0,189.621,4.40541,189.307,0.84672,12.849,0.84672,3695.15,0,18.483,0,5.64528,1.68865,14.491,1.24914,20.5758,0.42336,18.483,0.42336,0,0,442.007,0,1.02816,0,0,6.67344,5.64528,1.028160,1,0,214.003,0,0,0,214.003,0
72.29,1.99041,0,0,5.14695,0.177697,2.97884,3.6288,61.308,0.264763,0,0,3.20774,0.232968,2.71001,0.66528,12.849,1,0.35378,2.97884,0,157.837,3.97636,156.486,0.84672,12.849,0.84672,3695.15,0,18.483,0,3.80481,1.53357,13.8427,1.09039,18.0907,0.42336,18.483,0.42336,0,0,442.007,0,1.02816,0,0,4.83297,3.80481,1.028160,1,0,177.287,0,0,0,177.287,0
72.29,1.99042,0,0,7.13902,0.274597,4.87401,3.6288,61.308,0.26477,0,0,4.88932,0.211235,4.41331,0.66528,12.849,1,0.353782,4.87401,0,268.386,3.95,268.956,0.84672,12.849,0.84672,3695.15,0,18.483,0,5.55793,1.53358,15.1501,1.06034,21.1812,0.42336,18.483,0.42336,0,0,442.007,0,1.02816,0,0,6.58609,5.55793,1.028160,1,0,294.551,0,0,0,294.551,0
72.29,1.99043,0,0,17.6107,0.274597,15.3456,3.6288,61.308,0.264777,0,0,7.30959,0.211235,6.83358,0.66528,12.849,1,0.353784,15.3456,0,316.478,3.95,327.52,0.84672,12.849,0.84672,3695.15,0,18.483,0,8.43454,1.53359,20.8813,1.06034,29.7891,0.42336,18.483,0.42336,0,0,442.007,0,1.02816,0,0,9.4627,8.43454,1.028160,1,0,364.143,0,0,0,364.143,0
72.29,1.99044,0,0,11.0234,0.274892,8.75803,3.6288,61.308,0.264784,0,0,3.46279,0.203939,2.99407,0.66528,12.849,1,0.353786,8.75803,0,206.254,3.47127,211.187,0.84672,12.849,0.84672,3695.15,0,18.483,0,4.56834,1.5336,13.3491,1.14321,18.3079,0.42336,18.483,0.42336,0,0,442.007,0,1.02816,0,0,5.5965,4.56834,1.028160,1,0,232.489,0,0,0,232.489,0
72.29,2.05281,0,0,7.42097,0.27501,5.09315,3.6288,61.308,0.306597,0,0,3.16354,0.201021,2.65592,0.66528,12.849,1,0.364871,5.09315,0,177.25,3.27978,178.699,0.84672,12.849,0.84672,3695.15,0,18.483,0,4.50531,1.53361,15.0236,1.17636,19.8861,0.42336,18.483,0.42336,0,0,442.007,0,1.02816,0,0,5.53347,4.50531,1.028160,1,0,201.241,0,0,0,201.241,0
72.29,2.05281,0,0,6.35156,0.27501,4.02374,3.6288,61.308,0.306598,0,0,2.49272,0.201021,1.9851,0.66528,12.849,1,0.364872,4.02374,0,181.794,3.27978,182.173,0.84672,12.849,0.84672,3695.15,0,18.483,0,3.81888,1.58267,12.3353,1.17636,16.5605,0.42336,18.483,0.42336,0,0,442.007,0,1.02816,0,0,4.84704,3.81888,1.028160,1,0,200.719,0,0,0,200.719,0
72.29,2.05281,0,0,11.0692,0.273411,8.743,3.6288,61.308,0.306599,0,0,3.26659,0.206561,2.75343,0.66528,12.849,1,0.364872,8.743,0,242.831,3.40326,247.806,0.84672,12.849,0.84672,3695.15,0,18.483,0,5.11037,1.58267,17.8624,1.18616,23.3693,0.42336,18.483,0.42336,0,0,442.007,0,1.02816,0,0,6.13853,5.11037,1.028160,1,0,273.928,0,0,0,273.928,0
72.29,2.05281,0,0,8.83699,0.268525,6.51565,3.6288,61.308,0.3066,0,0,3.66943,0.230053,3.13277,0.66528,12.849,1,0.364872,6.51565,0,294.638,4.13703,296.652,0.84672,12.849,0.84672,3695.15,0,18.483,0,5.05958,1.58267,16.1773,1.22055,21.599,0.42336,18.483,0.42336,0,0,442.007,0,1.02816,0,0,6.08774,5.05958,1.028160,1,0,321.383,0,0,0,321.383,0
72.29,2.25304,0,0,5.79845,0.2803,3.26511,3.6288,61.308,0.46354,0,0,2.95329,0.205691,2.28406,0.66528,12.849,1,0.400461,3.26511,0,138.602,4.11925,137.347,0.84672,12.849,0.84672,3695.15,0,18.483,0,3.09639,1.58267,12.3623,1.15946,15.8819,0.42336,18.483,0.42336,0,0,442.007,0,1.02816,0,0,4.12455,3.09639,1.028160,1,0,155.513,0,0,0,155.513,0
72.29,2.25304,0,0,6.75149,0.2803,4.21815,3.6288,61.308,0.463542,0,0,3.59582,0.205691,2.92659,0.66528,12.849,1,0.400462,4.21815,0,214.663,4.11925,214.362,0.84672,12.849,0.84672,3695.15,0,18.483,0,4.82375,1.75771,18.2411,1.15946,23.6631,0.42336,18.483,0.42336,0,0,442.007,0,1.02816,0,0,5.85191,4.82375,1.028160,1,0,240.952,0,0,0,240.952,0
72.29,2.25305,0,0,5.726,0.283323,3.18963,3.6288,61.308,0.463543,0,0,2.94266,0.188182,2.29094,0.66528,12.849,1,0.400462,3.18963,0,157.052,3.8168,156.024,0.84672,12.849,0.84672,3695.15,0,18.483,0,3.07339,1.75771,13.5823,1.07273,17.3406,0.42336,18.483,0.42336,0,0,442.007,0,1.02816,0,0,4.10155,3.07339,1.028160,1,0,175.656,0,0,0,175.656,0
72.29,2.25305,0,0,4.81041,0.293109,2.26425,3.6288,61.308,0.463544,0,0,1.94578,0.17731,1.30493,0.66528,12.849,1,0.400462,2.26425,0,130.109,3.71742,128.255,0.84672,12.849,0.84672,3695.15,0,18.483,0,2.71845,1.75771,9.85973,0.978079,13.3578,0.42336,18.483,0.42336,0,0,442.007,0,1.02816,0,0,3.74661,2.71845,1.028160,1,0,142.918,0,0,0,142.918,0
72.29,1.96746,0,0,4.44487,0.311908,2.1655,3.6288,61.308,0.25293,0,0,1.41215,0.182961,0.976257,0.66528,12.849,1,0.349701,2.1655,0,130.668,4.0361,128.448,0.84672,12.849,0.84672,3695.15,0,18.483,0,2.20698,1.75771,9.0377,0.90406,12.0983,0.42336,18.483,0.42336,0,0,442.007,0,1.02816,0,0,3.23514,2.20698,1.028160,1,0,141.522,0,0,0,141.522,0
72.29,1.96746,0,0,4.18459,0.311908,1.90522,3.6288,61.308,0.252931,0,0,1.28539,0.182961,0.849499,0.66528,12.849,1,0.349702,1.90522,0,106.362,4.0361,103.881,0.84672,12.849,0.84672,3695.15,0,18.483,0,2.3305,1.51828,6.00714,0.90406,8.95186,0.42336,18.483,0.42336,0,0,442.007,0,1.02816,0,0,3.35866,2.3305,1.028160,1,0,113.683,0,0,0,113.683,0
72.29,1.96746,0,0,6.19408,0.28648,3.94013,3.6288,61.308,0.252932,0,0,2.13329,0.173633,1.70673,0.66528,12.849,1,0.349702,3.94013,0,178.908,3.85455,178.644,0.84672,12.849,0.84672,3695.15,0,18.483,0,4.6302,1.51828,13.4702,0.885142,18.7335,0.42336,18.483,0.42336,0,0,442.007,0,1.02816,0,0,5.65836,4.6302,1.028160,1,0,199.084,0,0,0,199.084,0
72.29,1.96747,0,0,5.63934,0.337818,3.33405,3.6288,61.308,0.252933,0,0,2.18621,0.225964,1.70731,0.66528,12.849,1,0.349702,3.33405,0,139.438,4.33479,138.087,0.84672,12.849,0.84672,3695.15,0,18.483,0,3.49651,1.51828,10.1586,0.997091,14.1763,0.42336,18.483,0.42336,0,0,442.007,0,1.02816,0,0,4.52467,3.49651,1.028160,1,0,153.971,0,0,0,153.971,0
72.29,1.96747,0,0,6.79717,0.307359,4.52234,3.6288,61.308,0.252933,0,0,2.0274,0.19163,1.58284,0.66528,12.849,1,0.349702,4.52234,0,197.503,4.02948,197.647,0.84672,12.849,0.84672,3695.15,0,18.483,0,3.39617,1.51828,11.0723,0.897873,15.0889,0.42336,18.483,0.42336,0,0,442.007,0,1.02816,0,0,4.42433,3.39617,1.028160,1,0,214.318,0,0,0,214.318,0
72.29,2.03936,0,0,5.9251,0.309834,3.57591,3.6288,61.308,0.304459,0,0,1.90546,0.189918,1.41108,0.66528,12.849,1,0.36248,3.57591,0,119.94,4.03673,119.116,0.84672,12.849,0.84672,3695.15,0,18.483,0,3.09661,1.51828,9.79361,0.889687,13.5188,0.42336,18.483,0.42336,0,0,442.007,0,1.02816,0,0,4.12477,3.09661,1.028160,1,0,134.046,0,0,0,134.046,0
72.29,2.03936,0,0,6.02547,0.314587,3.67152,3.6288,61.308,0.30446,0,0,2.09945,0.214109,1.58088,0.66528,12.849,1,0.36248,3.67152,0,124.729,4.54851,123.489,0.84672,12.849,0.84672,3695.15,0,18.483,0,3.48675,1.5774,12.2255,0.933598,16.3561,0.42336,18.483,0.42336,0,0,442.007,0,1.02816,0,0,4.51491,3.48675,1.028160,1,0,141.426,0,0,0,141.426,0
72.29,2.03936,0,0,5.53725,0.287934,3.20995,3.6288,61.308,0.304461,0,0,1.86127,0.236178,1.32063,0.66528,12.849,1,0.362481,3.20995,0,110.228,4.68891,108.387,0.84672,12.849,0.84672,3695.15,0,18.483,0,3.05332,1.5774,9.90187,0.929779,13.6028,0.42336,18.483,0.42336,0,0,442.007,0,1.02816,0,0,4.08148,3.05332,1.028160,1,0,123.31,0,0,0,123.31,0
72.29,2.03936,0,0,4.77017,0.225221,2.50559,3.6288,61.308,0.304462,0,0,2.06536,0.213069,1.54783,0.66528,12.849,1,0.362481,2.50559,0,108.519,4.06808,106.594,0.84672,12.849,0.84672,3695.15,0,18.483,0,2.59216,1.5774,8.37942,0.923308,11.6257,0.42336,18.483,0.42336,0,0,442.007,0,1.02816,0,0,3.62032,2.59216,1.028160,1,0,119.768,0,0,0,119.768,0
72.29,2.01125,0,0,4.36915,0.252665,2.10523,3.6288,61.308,0.284451,0,0,1.74922,0.205526,1.25924,0.66528,12.849,1,0.357485,2.10523,0,106.043,4.45057,103.34,0.84672,12.849,0.84672,3695.15,0,18.483,0,2.20654,1.5774,7.39722,0.964591,10.2166,0.42336,18.483,0.42336,0,0,442.007,0,1.02816,0,0,3.2347,2.20654,1.028160,1,0,114.816,0,0,0,114.816,0
72.29,2.01126,0,0,3.9322,0.20559,1.71536,3.6288,61.308,0.284452,0,0,1.46834,0.221127,0.962763,0.66528,12.849,1,0.357485,1.71536,0,95.0244,4.58955,91.7928,0.84672,12.849,0.84672,3695.15,0,18.483,0,2.31165,1.55439,6.63794,0.974295,9.52969,0.42336,18.483,0.42336,0,0,442.007,0,1.02816,0,0,3.33981,2.31165,1.028160,1,0,102.285,0,0,0,102.285,0
72.29,2.01126,0,0,3.71411,0.20559,1.49726,3.6288,61.308,0.284453,0,0,1.47179,0.221127,0.966209,0.66528,12.849,1,0.357486,1.49726,0,88.3405,4.58955,84.8908,0.84672,12.849,0.84672,3695.15,0,18.483,0,2.16819,1.55439,6.27402,0.974295,9.02231,0.42336,18.483,0.42336,0,0,442.007,0,1.02816,0,0,3.19635,2.16819,1.028160,1,0,94.8793,0,0,0,94.8793,0
72.29,2.01126,0,0,3.51015,0.199071,1.29982,3.6288,61.308,0.284454,0,0,1.73007,0.22595,1.21967,0.66528,12.849,1,0.357486,1.29982,0,81.3084,4.58961,77.6612,0.84672,12.849,0.84672,3695.15,0,18.483,0,2.71564,1.5544,7.12822,0.980373,10.4179,0.42336,18.483,0.42336,0,0,442.007,0,1.02816,0,0,3.7438,2.71564,1.028160,1,0,89.2987,0,0,0,89.2987,0
72.29,2.10667,0,0,3.26318,0.159957,0.996556,3.6288,61.308,0.355422,0,0,1.64103,0.254886,1.03072,0.66528,12.849,1,0.374444,0.996556,0,67.1993,4.58997,63.2315,0.84672,12.849,0.84672,3695.15,0,18.483,0,2.8159,1.5544,6.11994,1.01684,9.47339,0.42336,18.483,0.42336,0,0,442.007,0,1.02816,0,0,3.84406,2.8159,1.028160,1,0,73.7356,0,0,0,73.7356,0
72.29,2.10667,0,0,3.33222,0.159957,1.0656,3.6288,61.308,0.355423,0,0,1.72111,0.254886,1.1108,0.66528,12.849,1,0.374445,1.0656,0,66.8261,4.58997,62.9273,0.84672,12.849,0.84672,3695.15,0,18.483,0,2.00836,1.63486,5.67343,1.01684,8.2998,0.42336,18.483,0.42336,0,0,442.007,0,1.02816,0,0,3.03652,2.00836,1.028160,1,0,72.3379,0,0,0,72.3379,0
72.29,2.10667,0,0,2.82321,0.159957,0.556578,3.6288,61.308,0.355424,0,0,1.32526,0.254886,0.714945,0.66528,12.849,1,0.374445,0.556578,0,68.0504,4.58997,63.6425,0.84672,12.849,0.84672,3695.15,0,18.483,0,1.68743,1.63486,5.29338,1.01684,7.59882,0.42336,18.483,0.42336,0,0,442.007,0,1.02816,0,0,2.71559,1.68743,1.028160,1,0,71.9563,0,0,0,71.9563,0
72.29,2.10667,0,0,2.59113,0.107188,0.377266,3.6288,61.308,0.355425,0,0,1.18192,0.258094,0.568398,0.66528,12.849,1,0.374445,0.377266,0,66.3595,5.10121,61.2611,0.84672,12.849,0.84672,3695.15,0,18.483,0,1.30353,1.63486,4.92922,1.20934,6.65826,0.42336,18.483,0.42336,0,0,442.007,0,1.02816,0,0,2.33169,1.30353,1.028160,1,0,68.4878,0,0,0,68.4878,0
72.29,2.10667,0,0,2.59731,0.0957473,0.394892,3.6288,61.308,0.355426,0,0,1.04695,0.257204,0.434322,0.66528,12.849,1,0.374445,0.394892,0,49.8688,4.889,45.0002,0.84672,12.849,0.84672,3695.15,0,18.483,0,0.958133,1.63486,6.25327,1.1153,7.73096,0.42336,18.483,0.42336,0,0,442.007,0,1.02816,0,0,1.98629,0.958133,1.028160,1,0,53.1655,0,0,0,53.1655,0
72.29,2.08781,0,0,2.5755,0.0938404,0.393849,3.6288,61.308,0.394432,0,0,1.0301,0.257055,0.378608,0.66528,12.849,1,0.371092,0.393849,0,44.5632,4.85362,39.7324,0.84672,12.849,0.84672,3695.15,0,18.483,0,1.04787,1.63486,6.82456,1.09963,8.40766,0.42336,18.483,0.42336,0,0,442.007,0,1.02816,0,0,2.07603,1.04787,1.028160,1,0,48.5186,0,0,0,48.5186,0
72.2154,2.08781,0,0,2.45084,0.074706,0.36288,3.6288,61.308,0.394433,0,0,1.00549,0.288144,0.322911,0.66528,12.849,1,0.371092,0.36288,0,42.2499,5.28797,36.9537,0.84672,12.849,0.84672,3695.15,0,18.483,0,0.971179,1.65993,6.5588,1.24663,7.94327,0.42336,18.483,0.42336,0,0,442.007,0,1.02816,0,0,1.99934,0.971179,1.028160,1,0,45.2199,0,0,0,45.2199,0
71.822,2.08716,0,0,2.11747,0.0608355,0.36288,3.6288,61.308,0.394434,0,0,0.947004,0.304763,0.247808,0.66528,12.849,1,0.37136,0.36288,0,39.0551,5.95272,33.0939,0.84672,12.849,0.84672,3695.15,0,18.483,0,0.90326,1.65993,6.61478,1.48262,7.69536,0.42336,18.483,0.42336,0,0,442.007,0,1.02816,0,0,1.93142,0.90326,1.028160,1,0,41.0371,0,0,0,41.0371,0
71.2324,2.08371,0,0,1.9225,0.0655543,0.36288,3.6288,61.308,0.394435,0,0,0.795509,0.304131,0.0969432,0.66528,12.849,1,0.372776,0.36288,0,33.0232,6.08841,26.9249,0.84672,12.849,0.84672,3695.15,0,18.483,0,0.668183,1.65993,5.45075,1.52498,6.25388,0.42336,18.483,0.42336,0,0,442.007,0,1.02816,0,0,1.69634,0.668183,1.028160,1,0,33.2757,0,0,0,33.2757,0
70.6085,2.12699,0,0,1.93746,0.0714922,0.36288,3.6288,61.308,0.429198,0,0,0.798063,0.306861,0.0620043,0.66528,12.849,1,0.38367,0.36288,0,38.1059,6.08853,31.9965,0.84672,12.849,0.84672,3695.15,0,18.483,0,0.536579,1.65993,4.76057,1.51441,5.44267,0.42336,18.483,0.42336,0,0,442.007,0,1.02816,0,0,1.56474,0.536579,1.028160,1,0,37.5012,0,0,0,37.5012,0
69.8367,2.12127,0,0,1.78352,0.0711511,0.36288,3.6288,61.2485,0.429199,0,0,0.676573,0.306861,0,0.66528,12.849,1,0.386018,0.36288,0,31.3,6.08853,25.1883,0.84672,12.849,0.84672,3695.15,0,18.483,0,0.631463,1.69988,4.60304,1.51441,5.41997,0.42336,18.483,0.42336,0,0,442.007,0,1.02816,0,0,1.65962,0.631463,1.028160,1,0,30.6083,0,0,0,30.6083,0
68.9221,2.11409,0,0,1.63309,0.070729,0.36288,3.6288,61.1392,0.4292,0,0,0.626651,0.306745,0,0.66528,12.849,1,0.388963,0.36288,0,29.7505,6.08853,23.6358,0.84672,12.849,0.84672,3695.15,0,18.483,0,0.390519,1.69988,4.04603,1.51441,4.62201,0.42336,18.483,0.42336,0,0,442.007,0,1.02816,0,0,1.41868,0.390519,1.028160,1,0,28.2579,0,0,0,28.2579,0
68.1186,2.10544,0,0,1.72548,0.0606776,0.36288,3.6288,61.1177,0.429201,0,0,0.719392,0.311708,0,0.66528,12.849,1,0.392512,0.36288,0,29.1782,6.23808,22.9105,0.84672,12.849,0.84672,3695.15,0,18.483,0,0.674266,1.69988,5.35239,1.54429,6.18224,0.42336,18.483,0.42336,0,0,442.007,0,1.02816,0,0,1.70243,0.674266,1.028160,1,0,29.0928,0,0,0,29.0928,0
67.6122,2.2378,0,0,2.12244,0.0281903,0.36288,3.6288,60.9956,0.554675,0,0,0.76483,0.332287,0,0.66528,12.849,1,0.42211,0.36288,0,36.4483,6.26367,30.1254,0.84672,12.849,0.84672,3695.15,0,18.483,0,0.62653,1.69988,4.77388,1.5246,5.57569,0.42336,18.483,0.42336,0,0,442.007,0,1.02816,0,0,1.65469,0.62653,1.028160,1,0,35.7011,0,0,0,35.7011,0
66.7769,2.23253,0,0,1.79312,0.0329884,0.36288,3.6288,60.672,0.554676,0,0,0.562098,0.330959,0,0.66528,12.849,1,0.42427,0.36288,0,29.3636,6.23399,23.0682,0.84672,12.849,0.84672,3695.15,0,18.483,0,0.321572,1.83515,3.01793,1.52096,3.65369,0.42336,18.483,0.42336,0,0,442.007,0,1.02816,0,0,1.34973,0.321572,1.028160,1,0,26.7219,0,0,0,26.7219,0
65.3877,2.22373,0,0,1.29512,0.0977251,0.36288,3.6288,60.2922,0.554678,0,0,0.483118,0.308283,0,0.66528,12.849,1,0.427883,0.36288,0,20.4683,6.04515,14.3582,0.84672,12.849,0.84672,3695.15,0,18.483,0,0.225564,1.83516,2.47334,1.45902,3.07504,0.42336,18.483,0.42336,0,0,442.007,0,1.02816,0,0,1.25372,0.225564,1.028160,1,0,17.4332,0,0,0,17.4332,0
63.8929,2.20874,0,0,1.18762,0.110768,0.36288,3.6288,59.9317,0.554679,0,0,0.49552,0.301319,0,0.66528,12.849,1,0.434029,0.36288,0,23.3173,6.04086,17.2053,0.84672,12.849,0.84672,3695.15,0,18.483,0,0.231898,1.83516,2.27647,1.44298,2.90054,0.42336,18.483,0.42336,0,0,442.007,0,1.02816,0,0,1.26006,0.231898,1.028160,1,0,20.1058,0,0,0,20.1058,0
63.5738,2.19213,0,0,2.33846,0.102543,0.36288,3.6288,60.1898,0.55468,0,0,1.10561,0.292857,0,0.66528,12.849,1,0.440842,0.36288,0,50.9014,5.57743,45.246,0.84672,12.849,0.84672,3695.15,0,18.483,0,1.45364,1.83516,3.48699,1.37729,5.3985,0.42336,18.483,0.42336,0,0,442.007,0,1.02816,0,0,2.4818,1.45364,1.028160,1,0,50.6445,0,0,0,50.6445,0
63.1348,2.12174,0,0,2.14517,0.0995251,0.36288,3.6288,60.4211,0.478524,0,0,1.00011,0.290226,0,0.66528,12.849,1,0.428829,0.36288,0,50.0268,5.39207,44.5688,0.84672,12.849,0.84672,3695.15,0,18.483,0,1.28306,1.83516,3.14334,1.35101,4.91054,0.42336,18.483,0.42336,0,0,442.007,0,1.02816,0,0,2.31122,1.28306,1.028160,1,0,49.4793,0,0,0,49.4793,0
62.7559,2.11689,0,0,2.19999,0.0991701,0.36288,3.6288,60.6087,0.478525,0,0,0.956707,0.290654,0,0.66528,12.849,1,0.430822,0.36288,0,53.3992,5.39207,47.9392,0.84672,12.849,0.84672,3695.15,0,18.483,0,1.23723,1.75764,3.77451,1.35101,5.41838,0.42336,18.483,0.42336,0,0,442.007,0,1.02816,0,0,2.26539,1.23723,1.028160,1,0,53.3575,0,0,0,53.3575,0
62.7733,2.11266,0,0,2.59179,0.0988637,0.36288,3.6288,61.1449,0.478526,0,0,1.30571,0.291,0,0.66528,12.849,1,0.432558,0.36288,0,53.5319,5.39207,48.0701,0.84672,12.849,0.84672,3695.15,0,18.483,0,1.76043,1.75764,4.81719,1.35101,6.98425,0.42336,18.483,0.42336,0,0,442.007,0,1.02816,0,0,2.78859,1.76043,1.028160,1,0,55.0544,0,0,0,55.0544,0
64.0543,2.11285,0,0,3.89118,0.134432,0.36288,3.6288,61.308,0.478527,0,0,1.40816,0.26048,0.506021,0.66528,12.849,1,0.432478,0.36288,0,83.2607,4.89282,78.2982,0.84672,12.849,0.84672,3695.15,0,18.483,0,1.96506,1.75764,9.27704,1.24767,11.7521,0.42336,18.483,0.42336,0,0,442.007,0,1.02816,0,0,2.99322,1.96506,1.028160,1,0,90.5563,0,0,0,90.5563,0
64.3016,2.07207,0,0,2.8547,0.172435,0.36288,3.6288,61.308,0.409206,0,0,0.936386,0.218867,0.308313,0.66528,12.849,1,0.415648,0.36288,0,55.4501,4.23276,51.1646,0.84672,12.849,0.84672,3695.15,0,18.483,0,1.42125,1.75765,5.88274,1.14191,7.91973,0.42336,18.483,0.42336,0,0,442.007,0,1.02816,0,0,2.44941,1.42125,1.028160,1,0,59.3927,0,0,0,59.3927,0
64.7066,2.07469,0,0,3.01533,0.17278,0.36288,3.6288,61.308,0.409207,0,0,1.778,0.218867,1.14993,0.66528,12.849,1,0.414574,0.36288,0,62.2884,4.23276,58.004,0.84672,12.849,0.84672,3695.15,0,18.483,0,2.34933,1.68875,5.21657,1.14191,8.11275,0.42336,18.483,0.42336,0,0,442.007,0,1.02816,0,0,3.37749,2.34933,1.028160,1,0,67.2667,0,0,0,67.2667,0
64.5934,2.07896,0,0,2.51671,0.188068,0.36288,3.6288,61.308,0.409208,0,0,1.39688,0.223479,0.764194,0.66528,12.849,1,0.412826,0.36288,0,54.8554,3.87735,50.9281,0.84672,12.849,0.84672,3695.15,0,18.483,0,1.80181,1.68876,6.80991,1.06631,9.23416,0.42336,18.483,0.42336,0,0,442.007,0,1.02816,0,0,2.82997,1.80181,1.028160,1,0,60.9265,0,0,0,60.9265,0
66.8736,2.07777,0,0,4.92835,0.207509,0.36288,3.6288,61.308,0.409209,0,0,2.29243,0.229627,1.6536,0.66528,12.849,1,0.413313,0.36288,0,102.278,3.40347,98.8238,0.84672,12.849,0.84672,3695.15,0,18.483,0,3.53561,1.68876,9.11083,0.965519,13.3697,0.42336,18.483,0.42336,0,0,442.007,0,1.02816,0,0,4.56377,3.53561,1.028160,1,0,113.847,0,0,0,113.847,0
67.5632,1.94293,0,0,3.26983,0.274358,0.36288,3.6288,61.308,0.264831,0,0,1.14235,0.171145,0.706379,0.66528,12.849,1,0.373313,0.36288,0,44.0074,3.62386,40.3731,0.84672,12.849,0.84672,3695.15,0,18.483,0,0.970358,1.68876,4.58667,0.865886,6.3799,0.42336,18.483,0.42336,0,0,442.007,0,1.02816,0,0,1.99852,0.970358,1.028160,1,0,47.4594,0,0,0,47.4594,0
69.6873,1.94928,0,0,4.714,0.277769,0.36288,3.6288,61.308,0.264832,0,0,1.69472,0.195249,1.23464,0.66528,12.849,1,0.37071,0.36288,0,65.0162,3.98517,61.0232,0.84672,12.849,0.84672,3695.15,0,18.483,0,1.53989,1.53366,6.49968,1.00839,8.56485,0.42336,18.483,0.42336,0,0,442.007,0,1.02816,0,0,2.56805,1.53989,1.028160,1,0,70.8227,0,0,0,70.8227,0
71.8723,1.96829,0,0,4.78743,0.271283,0.36288,3.6288,61.308,0.264833,0,0,1.66126,0.229242,1.16718,0.66528,12.849,1,0.362915,0.36288,0,64.7572,4.14258,60.6146,0.84672,12.849,0.84672,3695.15,0,18.483,0,1.14825,1.53366,6.72338,1.06409,8.3412,0.42336,18.483,0.42336,0,0,442.007,0,1.02816,0,0,2.17641,1.14825,1.028160,1,0,70.123,0,0,0,70.123,0
72.29,1.98703,0,0,6.05731,0.256058,3.39648,3.6288,61.308,0.264834,0,0,2.13948,0.200592,1.67405,0.66528,12.849,1,0.355232,3.39648,0,87.1508,3.35254,86.8395,0.84672,12.849,0.84672,3695.15,0,18.483,0,2.43229,1.53367,10.3687,0.806112,13.5285,0.42336,18.483,0.42336,0,0,442.007,0,1.02816,0,0,3.46045,2.43229,1.028160,1,0,102.042,0,0,0,102.042,0
72.29,1.99052,0,0,8.18165,0.275909,5.91522,3.6288,61.308,0.264835,0,0,4.0813,0.224293,3.59217,0.66528,12.849,1,0.3538,5.91522,0,147.833,4.05365,149.341,0.84672,12.849,0.84672,3695.15,0,18.483,0,3.13938,1.53367,12.9927,0.972331,16.6934,0.42336,18.483,0.42336,0,0,442.007,0,1.02816,0,0,4.16754,3.13938,1.028160,1,0,169.626,0,0,0,169.626,0
72.29,2.05288,0,0,4.84486,0.276984,2.515,3.6288,61.308,0.306643,0,0,1.80997,0.218846,1.28448,0.66528,12.849,1,0.364884,2.515,0,104.918,4.33455,102.734,0.84672,12.849,0.84672,3695.15,0,18.483,0,1.50606,1.53367,8.0511,0.920482,10.1703,0.42336,18.483,0.42336,0,0,442.007,0,1.02816,0,0,2.53422,1.50606,1.028160,1,0,114.189,0,0,0,114.189,0
72.29,2.05287,0,0,4.51409,0.267084,2.19413,3.6288,61.308,0.306637,0,0,1.14146,0.201428,0.6334,0.66528,12.849,1,0.364882,2.19413,0,99.0464,4.15086,96.7248,0.84672,12.849,0.84672,3695.15,0,18.483,0,1.30844,1.58272,6.62636,0.788098,8.72942,0.42336,18.483,0.42336,0,0,442.007,0,1.02816,0,0,2.3366,1.30844,1.028160,1,0,106.088,0,0,0,106.088,0
72.29,2.05286,0,0,3.7859,0.267084,1.46595,3.6288,61.308,0.306632,0,0,0.974307,0.201428,0.466247,0.66528,12.849,1,0.364881,1.46595,0,82.2718,4.15086,79.222,0.84672,12.849,0.84672,3695.15,0,18.483,0,0.978808,1.58271,5.992,0.788098,7.76543,0.42336,18.483,0.42336,0,0,442.007,0,1.02816,0,0,2.00697,0.978808,1.028160,1,0,87.4537,0,0,0,87.4537,0
72.29,2.05285,0,0,3.37579,0.265066,1.05787,3.6288,61.308,0.306626,0,0,1.02692,0.199644,0.520645,0.66528,12.849,1,0.364879,1.05787,0,73.3842,4.0288,70.0484,0.84672,12.849,0.84672,3695.15,0,18.483,0,0.894612,1.58271,6.04035,0.796233,7.72143,0.42336,18.483,0.42336,0,0,442.007,0,1.02816,0,0,1.92277,0.894612,1.028160,1,0,78.2905,0,0,0,78.2905,0
71.7563,2.25308,0,0,2.35689,0.274667,0.36288,3.6288,61.308,0.463563,0,0,1.25208,0.191541,0.596979,0.66528,12.849,1,0.400467,0.36288,0,52.9705,3.75994,49.173,0.84672,12.849,0.84672,3695.15,0,18.483,0,0.666887,1.5827,5.99298,1.03111,7.21146,0.42336,18.483,0.42336,0,0,442.007,0,1.02816,0,0,1.69505,0.666887,1.028160,1,0,56.9814,0,0,0,56.9814,0
71.881,2.24801,0,0,3.00923,0.273555,0.36288,3.6288,61.308,0.463557,0,0,1.32921,0.191541,0.674115,0.66528,12.849,1,0.402539,0.36288,0,76.0112,3.75994,72.2116,0.84672,12.849,0.84672,3695.15,0,18.483,0,0.867171,1.75773,6.6903,1.03111,8.28409,0.42336,18.483,0.42336,0,0,442.007,0,1.02816,0,0,1.89533,0.867171,1.028160,1,0,81.1698,0,0,0,81.1698,0
72.1032,2.24919,0,0,3.10808,0.273815,0.36288,3.6288,61.308,0.463551,0,0,1.40739,0.191541,0.752295,0.66528,12.849,1,0.402051,0.36288,0,82.5742,3.75994,78.7751,0.84672,12.849,0.84672,3695.15,0,18.483,0,0.981297,1.75773,7.14113,1.03111,8.84905,0.42336,18.483,0.42336,0,0,442.007,0,1.02816,0,0,2.00946,0.981297,1.028160,1,0,88.3764,0,0,0,88.3764,0
72.29,2.25129,0,0,3.15878,0.271168,0.449567,3.6288,61.308,0.463545,0,0,1.37254,0.185581,0.723412,0.66528,12.849,1,0.401185,0.449567,0,75.4211,3.74901,71.7204,0.84672,12.849,0.84672,3695.15,0,18.483,0,0.729181,1.75772,7.98276,1.06332,9.40634,0.42336,18.483,0.42336,0,0,442.007,0,1.02816,0,0,1.75734,0.729181,1.028160,1,0,81.8502,0,0,0,81.8502,0
72.29,1.96745,0,0,5.24298,0.284062,2.99146,3.6288,61.308,0.252924,0,0,0.808497,0.207534,0.348039,0.66528,12.849,1,0.3497,2.99146,0,143.84,3.92145,142.56,0.84672,12.849,0.84672,3695.15,0,18.483,0,0.979309,1.75771,10.6438,1.1693,12.2115,0.42336,18.483,0.42336,0,0,442.007,0,1.02816,0,0,2.00747,0.979309,1.028160,1,0,155.119,0,0,0,155.119,0
72.29,1.96744,0,0,5.1318,0.302163,2.86219,3.6288,61.308,0.252919,0,0,2.00241,0.165977,1.58352,0.66528,12.849,1,0.349698,2.86219,0,201.156,3.1731,200.495,0.84672,12.849,0.84672,3695.15,0,18.483,0,2.00713,1.51827,14.421,0.926312,17.0201,0.42336,18.483,0.42336,0,0,442.007,0,1.02816,0,0,3.03529,2.00713,1.028160,1,0,219.099,0,0,0,219.099,0
72.29,1.96744,0,0,4.93371,0.302163,2.66411,3.6288,61.308,0.252914,0,0,0.916782,0.165977,0.497892,0.66528,12.849,1,0.349697,2.66411,0,156.84,3.1731,155.982,0.84672,12.849,0.84672,3695.15,0,18.483,0,1.27973,1.51826,10.932,0.926312,12.8037,0.42336,18.483,0.42336,0,0,442.007,0,1.02816,0,0,2.30789,1.27973,1.028160,1,0,169.283,0,0,0,169.283,0
72.29,1.96743,0,0,7.38993,0.302163,5.12034,3.6288,61.308,0.252908,0,0,2.61282,0.165977,2.19394,0.66528,12.849,1,0.349696,5.12034,0,169.18,3.1731,170.777,0.84672,12.849,0.84672,3695.15,0,18.483,0,3.61473,1.51826,16.4655,0.926312,20.6722,0.42336,18.483,0.42336,0,0,442.007,0,1.02816,0,0,4.64289,3.61473,1.028160,1,0,193.643,0,0,0,193.643,0
72.29,1.96742,0,0,6.3732,0.316985,4.0888,3.6288,61.308,0.252903,0,0,1.91339,0.177106,1.48338,0.66528,12.849,1,0.349694,4.0888,0,112.092,3.24352,112.587,0.84672,12.849,0.84672,3695.15,0,18.483,0,2.39661,1.51825,13.2786,0.925482,16.268,0.42336,18.483,0.42336,0,0,442.007,0,1.02816,0,0,3.42477,2.39661,1.028160,1,0,130.339,0,0,0,130.339,0
72.29,2.0393,0,0,3.3725,0.317153,1.01605,3.6288,61.308,0.304421,0,0,1.14137,0.187565,0.649384,0.66528,12.849,1,0.36247,1.01605,0,104.344,3.56286,101.435,0.84672,12.849,0.84672,3695.15,0,18.483,0,1.50691,1.51824,8.47299,0.937607,10.5605,0.42336,18.483,0.42336,0,0,442.007,0,1.02816,0,0,2.53507,1.50691,1.028160,1,0,112.645,0,0,0,112.645,0
72.29,2.03929,0,0,3.41183,0.31407,1.05847,3.6288,61.308,0.304416,0,0,1.35311,0.204224,0.844471,0.66528,12.849,1,0.362468,1.05847,0,104.787,3.93309,101.55,0.84672,12.849,0.84672,3695.15,0,18.483,0,1.70015,1.57735,8.58159,1.03853,10.8206,0.42336,18.483,0.42336,0,0,442.007,0,1.02816,0,0,2.72831,1.70015,1.028160,1,0,113.215,0,0,0,113.215,0
72.29,2.03928,0,0,4.1506,0.31407,1.79725,3.6288,61.308,0.30441,0,0,1.65111,0.204224,1.14248,0.66528,12.849,1,0.362467,1.79725,0,97.9715,3.93309,95.4732,0.84672,12.849,0.84672,3695.15,0,18.483,0,2.14404,1.57735,7.83363,1.03853,10.5165,0.42336,18.483,0.42336,0,0,442.007,0,1.02816,0,0,3.1722,2.14404,1.028160,1,0,107.132,0,0,0,107.132,0
72.29,2.03927,0,0,4.07182,0.294844,1.7377,3.6288,61.308,0.304405,0,0,1.6833,0.209207,1.16968,0.66528,12.849,1,0.362465,1.7377,0,101.549,4.09239,98.8322,0.84672,12.849,0.84672,3695.15,0,18.483,0,2.15203,1.57734,12.3642,1.02189,15.0717,0.42336,18.483,0.42336,0,0,442.007,0,1.02816,0,0,3.18019,2.15203,1.028160,1,0,115.074,0,0,0,115.074,0
72.29,2.01116,0,0,3.71799,0.26921,1.43762,3.6288,61.308,0.284389,0,0,2.1728,0.215852,1.67256,0.66528,12.849,1,0.357468,1.43762,0,84.659,4.30479,81.4344,0.84672,12.849,0.84672,3695.15,0,18.483,0,1.81322,1.57734,9.49778,0.999699,11.8886,0.42336,18.483,0.42336,0,0,442.007,0,1.02816,0,0,2.84138,1.81322,1.028160,1,0,94.9956,0,0,0,94.9956,0
72.29,2.01115,0,0,2.955,0.26921,0.674641,3.6288,61.308,0.284383,0,0,1.18801,0.215852,0.687774,0.66528,12.849,1,0.357467,0.674641,0,96.5278,4.30479,92.5402,0.84672,12.849,0.84672,3695.15,0,18.483,0,0.945363,1.55432,6.33983,0.999699,7.83982,0.42336,18.483,0.42336,0,0,442.007,0,1.02816,0,0,1.97352,0.945363,1.028160,1,0,101.068,0,0,0,101.068,0
72.2761,2.01114,0,0,2.62929,0.26921,0.36288,3.6288,61.308,0.284378,0,0,0.968147,0.215852,0.467917,0.66528,12.849,1,0.357465,0.36288,0,65.756,4.30479,61.4566,0.84672,12.849,0.84672,3695.15,0,18.483,0,0.889626,1.55431,6.03569,0.999699,7.47993,0.42336,18.483,0.42336,0,0,442.007,0,1.02816,0,0,1.91779,0.889626,1.028160,1,0,69.4045,0,0,0,69.4045,0
72.0725,2.01102,0,0,2.43948,0.269182,0.36288,3.6288,61.308,0.284373,0,0,0.865028,0.215852,0.364804,0.66528,12.849,1,0.357512,0.36288,0,53.3428,4.30479,49.0434,0.84672,12.849,0.84672,3695.15,0,18.483,0,0.552519,1.55431,5.3362,0.999699,6.44333,0.42336,18.483,0.42336,0,0,442.007,0,1.02816,0,0,1.58068,0.552519,1.028160,1,0,55.8516,0,0,0,55.8516,0
71.9582,2.10461,0,0,2.54322,0.190041,0.36288,3.6288,61.308,0.355329,0,0,1.18205,0.25668,0.570038,0.66528,12.849,1,0.375207,0.36288,0,50.8027,4.79721,45.9931,0.84672,12.849,0.84672,3695.15,0,18.483,0,0.775682,1.5543,5.3474,1.08653,6.59085,0.42336,18.483,0.42336,0,0,442.007,0,1.02816,0,0,1.80384,0.775682,1.028160,1,0,53.154,0,0,0,53.154,0
71.739,2.10359,0,0,2.42583,0.178487,0.36288,3.6288,61.308,0.355324,0,0,1.11544,0.260188,0.499929,0.66528,12.849,1,0.375621,0.36288,0,46.3712,4.85688,41.5016,0.84672,12.849,0.84672,3695.15,0,18.483,0,0.666498,1.63475,5.16946,1.11188,6.35882,0.42336,18.483,0.42336,0,0,442.007,0,1.02816,0,0,1.69466,0.666498,1.028160,1,0,48.3604,0,0,0,48.3604,0
71.4401,2.10163,0,0,2.34381,0.178189,0.36288,3.6288,61.308,0.355318,0,0,1.13782,0.260188,0.522312,0.66528,12.849,1,0.376418,0.36288,0,44.2118,4.85688,39.3414,0.84672,12.849,0.84672,3695.15,0,18.483,0,0.8511,1.63474,4.94459,1.11188,6.31855,0.42336,18.483,0.42336,0,0,442.007,0,1.02816,0,0,1.87926,0.8511,1.028160,1,0,46.1823,0,0,0,46.1823,0
70.9273,2.09895,0,0,2.15126,0.202211,0.36288,3.6288,61.308,0.355313,0,0,1.06656,0.253604,0.457648,0.66528,12.849,1,0.377511,0.36288,0,41.5703,4.43381,37.1219,0.84672,12.849,0.84672,3695.15,0,18.483,0,0.767197,1.63473,4.50922,1.12821,5.78295,0.42336,18.483,0.42336,0,0,442.007,0,1.02816,0,0,1.79536,0.767197,1.028160,1,0,43.3625,0,0,0,43.3625,0
70.4166,2.09433,0,0,2.09561,0.149158,0.36288,3.6288,61.308,0.355307,0,0,0.913274,0.265512,0.292455,0.66528,12.849,1,0.379402,0.36288,0,38.1733,4.98345,33.1734,0.84672,12.849,0.84672,3695.15,0,18.483,0,0.510408,1.63473,4.88532,1.27742,5.75303,0.42336,18.483,0.42336,0,0,442.007,0,1.02816,0,0,1.53857,0.510408,1.028160,1,0,39.2189,0,0,0,39.2189,0
69.9003,2.07096,0,0,2.04138,0.123873,0.36288,3.6288,61.308,0.394302,0,0,0.822882,0.271329,0.157251,0.66528,12.849,1,0.37789,0.36288,0,37.721,5.271,32.435,0.84672,12.849,0.84672,3695.15,0,18.483,0,0.304301,1.63472,5.16304,1.33449,5.76757,0.42336,18.483,0.42336,0,0,442.007,0,1.02816,0,0,1.33246,0.304301,1.028160,1,0,38.3598,0,0,0,38.3598,0
69.2237,2.06625,0,0,1.87599,0.123381,0.36288,3.6288,61.308,0.394297,0,0,0.799243,0.271329,0.133618,0.66528,12.849,1,0.379816,0.36288,0,37.1253,5.271,31.8374,0.84672,12.849,0.84672,3695.15,0,18.483,0,0.304862,1.65978,5.20628,1.33449,5.83643,0.42336,18.483,0.42336,0,0,442.007,0,1.02816,0,0,1.33302,0.304862,1.028160,1,0,37.8074,0,0,0,37.8074,0
68.3857,2.06001,0,0,1.70759,0.122736,0.36288,3.6288,61.2554,0.528755,0,0,0.747533,0.271329,0,0.66528,12.849,1,0.38237,0.36288,0,35.6403,5.271,30.3498,0.84672,12.849,0.84672,3695.15,0,18.483,0,0.261274,1.65977,4.89083,1.33449,5.47738,0.42336,18.483,0.42336,0,0,442.007,0,0.893696,0,0,1.15497,0.261274,1.028160,1,0,35.8272,0,0,0,35.8272,0
67.4235,2.05217,0,0,1.56358,0.110715,0.36288,3.6288,61.0211,0.601982,0,0,0.659769,0.292152,0,0.66528,12.849,1,0.385582,0.36288,0,29.9477,5.57022,24.3548,0.84672,12.849,0.84672,3695.15,0,18.483,0,0.261274,1.65976,4.33876,1.40681,4.85299,0.42336,18.483,0.42336,0,0,442.007,0,0.820463,0,0,1.08174,0.261274,1.028160,1,0,29.2078,0,0,0,29.2078,0
66.5773,2.09068,0,0,1.70538,0.0980851,0.36288,3.6288,60.8666,0.548831,0,0,0.699913,0.305604,0,0.66528,12.849,1,0.398423,0.36288,0,32.6893,5.82424,26.8295,0.84672,12.849,0.84672,3695.15,0,18.483,0,0.261274,1.65976,4.00124,1.40728,4.51499,0.42336,18.483,0.42336,0,0,442.007,0,0.908366,0,0,1.16964,0.261274,1.028160,1,0,31.3445,0,0,0,31.3445,0
65.6226,2.08227,0,0,1.58791,0.0974311,0.36288,3.6288,60.7143,0.454131,0,0,0.607221,0.305305,0,0.66528,12.849,1,0.401865,0.36288,0,27.6788,5.82424,21.8156,0.84672,12.849,0.84672,3695.15,0,18.483,0,0.261274,1.69969,4.03812,1.40728,4.59181,0.42336,18.483,0.42336,0,0,442.007,0,1.00306,0,0,1.26433,0.261274,1.028160,1,0,26.4074,0,0,0,26.4074,0
64.5585,2.07261,0,0,1.46813,0.0966934,0.36288,3.6288,60.3983,0.574134,0,0,0.563105,0.30501,0,0.66528,12.849,1,0.405821,0.36288,0,26.5416,5.82424,20.6744,0.84672,12.849,0.84672,3695.15,0,18.483,0,0.227405,1.69968,3.51112,1.40728,4.03093,0.42336,18.483,0.42336,0,0,442.007,0,0.883051,0,0,1.11046,0.227405,1.028160,1,0,24.7053,0,0,0,24.7053,0
63.5435,2.06162,0,0,1.50074,0.0912581,0.36288,3.6288,60.2877,0.42902,0,0,0.625355,0.306973,0,0.66528,12.849,1,0.410322,0.36288,0,25.2437,5.89902,19.2972,0.84672,12.849,0.84672,3695.15,0,18.483,0,0.232148,1.69968,4.34298,1.42222,4.85259,0.42336,18.483,0.42336,0,0,442.007,0,1.02816,0,0,1.26031,0.232148,1.028160,1,0,24.1498,0,0,0,24.1498,0
62.0875,2.18788,0,0,1.20237,0.107614,0.36288,3.6288,59.6306,0.881952,0,0,0.527492,0.302602,0,0.66528,12.849,1,0.442407,0.36288,0,21.2882,5.86356,15.3451,0.84672,12.849,0.84672,3695.15,0,18.483,0,0.227405,1.69967,3.40642,1.42874,3.90476,0.42336,18.483,0.42336,0,0,442.007,0,0.700678,0,0,0.928083,0.227405,1.028160,1,0,19.2499,0,0,0,19.2499,0
60.4485,2.17106,0,0,1.00857,0.113678,0.36288,3.6288,58.7922,0.992702,0,0,0.452403,0.298085,0,0.66528,12.849,1,0.449301,0.36288,0,18.3775,5.78287,12.5082,0.84672,12.849,0.84672,3695.15,0,18.483,0,0.227405,1.83492,3.01247,1.41489,3.65991,0.42336,18.483,0.42336,0,0,442.007,0,0.589922,0,0,0.817327,0.227405,1.028160,1,0,16.1681,0,0,0,16.1681,0
58.9174,2.15149,0,0,1.09549,0.112146,0.36288,3.6288,57.9899,0.963639,0,0,0.45777,0.296488,0,0.66528,12.849,1,0.457322,0.36288,0,17.5638,5.78287,11.6865,0.84672,12.849,0.84672,3695.15,0,18.483,0,0.204422,1.83491,3.1997,1.41489,3.82415,0.42336,18.483,0.42336,0,0,442.007,0,0.618978,0,0,0.823401,0.204422,1.028160,1,0,15.5107,0,0,0,15.5107,0
57.9898,2.13256,0,0,1.69206,0.124228,0.36288,3.6288,57.4487,0.8,0,0,0.550618,0.291809,0,0.66528,12.849,1,0.465079,0.36288,0,28.3683,5.69382,22.5723,0.84672,12.849,0.84672,3695.15,0,18.483,0,0.204422,1.8349,3.38151,1.40396,4.01687,0.42336,18.483,0.42336,0,0,442.007,0,0.782611,0,0,0.987034,0.204422,1.028160,1,0,26.5892,0,0,0,26.5892,0
57.7313,2.12077,0,0,2.35657,0.131438,0.36288,3.6288,57.1864,0.799898,0,0,0.793611,0.255943,0,0.66528,12.849,1,0.469907,0.36288,0,24.5506,5.05251,19.391,0.84672,12.849,0.84672,3695.15,0,18.483,0,0.204422,1.83489,3.89973,1.32998,4.60907,0.42336,18.483,0.42336,0,0,442.007,0,0.782706,0,0,0.987129,0.204422,1.028160,1,0,24.0001,0,0,0,24.0001,0
57.0347,2.05283,0,0,1.84672,0.127613,0.36288,3.6288,57.6665,0.478292,0,0,1.19252,0.234145,0,0.66528,12.849,1,0.45689,0.36288,0,20.6717,4.59375,15.984,0.84672,12.849,0.84672,3695.15,0,18.483,0,0.675527,1.83489,4.12272,1.28632,5.34682,0.42336,18.483,0.42336,0,0,442.007,0,1.02816,0,0,1.70369,0.675527,1.028160,1,0,21.3308,0,0,0,21.3308,0
56.0669,2.04404,0,0,1.5659,0.126744,0.36288,3.6288,57.2566,0.822512,0,0,0.647438,0.234875,0,0.66528,12.849,1,0.46049,0.36288,0,20.6427,4.59375,15.9513,0.84672,12.849,0.84672,3695.15,0,18.483,0,0.216518,1.75737,3.04937,1.28632,3.73694,0.42336,18.483,0.42336,0,0,442.007,0,0.683934,0,0,0.900452,0.216518,1.028160,1,0,19.6883,0,0,0,19.6883,0
55.3534,2.0316,0,0,1.84073,0.159779,0.36288,3.6288,56.9099,0.799748,0,0,0.657783,0.204706,0,0.66528,12.849,1,0.465587,0.36288,0,20.7934,4.17849,16.5122,0.84672,12.849,0.84672,3695.15,0,18.483,0,0.216518,1.75736,3.18451,1.15652,4.00187,0.42336,18.483,0.42336,0,0,442.007,0,0.706692,0,0,0.92321,0.216518,1.028160,1,0,20.514,0,0,0,20.514,0
57.38,2.02225,0,0,4.65451,0.242809,0.36288,3.6288,57.7904,0.478274,0,0,1.50234,0.143546,0,0.66528,12.849,1,0.469417,0.36288,0,61.3507,3.32669,57.9174,0.84672,12.849,0.84672,3695.15,0,18.483,0,0.425857,1.75736,8.40386,0.86384,9.72323,0.42336,18.483,0.42336,0,0,442.007,0,1.02816,0,0,1.45402,0.425857,1.028160,1,0,67.6407,0,0,0,67.6407,0
56.417,1.99547,0,0,1.63796,0.242615,0.36288,3.6288,57.9611,0.431971,0,0,0.825465,0.222809,0,0.66528,12.849,1,0.446843,0.36288,0,31.1849,4.44476,26.6562,0.84672,12.849,0.84672,3695.15,0,18.483,0,0.216518,1.75735,4.89457,1.05469,5.81375,0.42336,18.483,0.42336,0,0,442.007,0,1.00515,0,0,1.22166,0.216518,1.028160,1,0,32.4699,0,0,0,32.4699,0
56.1726,1.98351,0,0,2.34232,0.240323,0.36288,3.6288,57.952,0.56105,0,0,0.77499,0.223054,0,0.66528,12.849,1,0.451745,0.36288,0,38.6627,4.44476,34.1291,0.84672,12.849,0.84672,3695.15,0,18.483,0,0.216518,1.68846,5.604,1.05469,6.45429,0.42336,18.483,0.42336,0,0,442.007,0,0.876061,0,0,1.09258,0.216518,1.028160,1,0,40.5834,0,0,0,40.5834,0
59.7291,1.98042,0,0,6.13955,0.239742,0.36288,3.6288,59.638,0.408945,0,0,2.31797,0.223041,0,0.66528,12.849,1,0.453004,0.36288,0,85.9167,4.44476,81.3818,0.84672,12.849,0.84672,3695.15,0,18.483,0,2.72538,1.68846,11.335,1.05469,14.6941,0.42336,18.483,0.42336,0,0,442.007,0,1.02816,0,0,3.75354,2.72538,1.028160,1,0,96.0759,0,0,0,96.0759,0
61.3283,2.02356,0,0,4.2465,0.260819,0.36288,3.6288,60.5737,0.40894,0,0,1.5747,0.230047,0,0.66528,12.849,1,0.43531,0.36288,0,64.6968,4.32193,60.3024,0.84672,12.849,0.84672,3695.15,0,18.483,0,1.52822,1.68845,6.59612,1.01227,8.80052,0.42336,18.483,0.42336,0,0,442.007,0,1.02816,0,0,2.55638,1.52822,1.028160,1,0,69.1029,0,0,0,69.1029,0
66.8947,1.88809,0,0,8.10346,0.286107,0.36288,3.6288,61.308,0.264582,0,0,2.76496,0.17913,1.58695,0.66528,12.849,1,0.395577,0.36288,0,100.349,3.99499,96.3209,0.84672,12.849,0.84672,3695.15,0,18.483,0,1.11773,1.68844,9.42235,0.906672,11.3219,0.42336,18.483,0.42336,0,0,442.007,0,1.02816,0,0,2.14589,1.11773,1.028160,1,0,109.23,0,0,0,109.23,0
72.29,1.94275,0,0,8.31237,0.297479,0.676859,3.6288,61.308,0.264577,0,0,3.81964,0.169281,3.38578,0.66528,12.849,1,0.373159,0.676859,0,130.555,3.99168,126.867,0.84672,12.849,0.84672,3695.15,0,18.483,0,1.65322,1.53337,11.6851,0.90675,13.9649,0.42336,18.483,0.42336,0,0,442.007,0,1.02816,0,0,2.68138,1.65322,1.028160,1,0,144.217,0,0,0,144.217,0
72.29,1.99012,0,0,6.35729,0.3115,4.05568,3.6288,61.308,0.264572,0,0,3.19233,0.185351,2.74241,0.66528,12.849,1,0.353728,4.05568,0,127.799,4.23255,127.269,0.84672,12.849,0.84672,3695.15,0,18.483,0,1.31316,1.53336,10.6958,1.00175,12.5406,0.42336,18.483,0.42336,0,0,442.007,0,1.02816,0,0,2.34132,1.31316,1.028160,1,0,142.552,0,0,0,142.552,0
72.29,1.99011,0,0,7.99589,0.297088,5.70869,3.6288,61.308,0.264567,0,0,3.54289,0.236934,3.04139,0.66528,12.849,1,0.353727,5.70869,0,109.44,4.80028,109.995,0.84672,12.849,0.84672,3695.15,0,18.483,0,1.46245,1.53336,11.0588,1.36932,12.6853,0.42336,18.483,0.42336,0,0,442.007,0,1.02816,0,0,2.49061,1.46245,1.028160,1,0,125.722,0,0,0,125.722,0
72.29,1.9901,0,0,6.29528,0.304204,4.00097,3.6288,61.308,0.264561,0,0,3.04555,0.205725,2.57526,0.66528,12.849,1,0.353725,4.00097,0,114.241,4.22165,113.666,0.84672,12.849,0.84672,3695.15,0,18.483,0,1.41833,1.53335,11.1901,1.24267,12.8991,0.42336,18.483,0.42336,0,0,442.007,0,1.02816,0,0,2.44649,1.41833,1.028160,1,0,129.141,0,0,0,129.141,0
72.29,2.05244,0,0,3.36309,0.342444,0.968205,3.6288,61.308,0.306354,0,0,1.97305,0.114468,1.55223,0.66528,12.849,1,0.364805,0.968205,0,73.8839,2.93528,71.5521,0.84672,12.849,0.84672,3695.15,0,18.483,0,1.41831,1.53334,13.0925,0.663251,15.3809,0.42336,18.483,0.42336,0,0,442.007,0,1.02816,0,0,2.44647,1.41831,1.028160,1,0,88.4852,0,0,0,88.4852,0
72.29,2.05242,0,0,2.99738,0.342444,0.602518,3.6288,61.308,0.306342,0,0,1.96114,0.114468,1.54033,0.66528,12.849,1,0.364802,0.602518,0,65.0239,2.93528,62.3263,0.84672,12.849,0.84672,3695.15,0,18.483,0,1.44788,1.58238,11.0815,0.663251,13.4485,0.42336,18.483,0.42336,0,0,442.007,0,1.02816,0,0,2.47604,1.44788,1.028160,1,0,77.3151,0,0,0,77.3151,0
72.29,2.0524,0,0,2.87048,0.342444,0.475641,3.6288,61.308,0.30633,0,0,1.70011,0.114468,1.27931,0.66528,12.849,1,0.364798,0.475641,0,47.8564,2.93528,45.0319,0.84672,12.849,0.84672,3695.15,0,18.483,0,1.05783,1.58236,10.0665,0.663251,12.0434,0.42336,18.483,0.42336,0,0,442.007,0,1.02816,0,0,2.08599,1.05783,1.028160,1,0,58.3546,0,0,0,58.3546,0
72.29,2.05238,0,0,3.62412,0.363323,1.20841,3.6288,61.308,0.306319,0,0,1.98257,0.104561,1.57169,0.66528,12.849,1,0.364795,1.20841,0,79.9658,3.08251,77.7269,0.84672,12.849,0.84672,3695.15,0,18.483,0,1.42075,1.58235,12.1933,0.630724,14.5657,0.42336,18.483,0.42336,0,0,442.007,0,1.02816,0,0,2.44891,1.42075,1.028160,1,0,93.8642,0,0,0,93.8642,0
71.2642,2.25255,0,0,1.93379,0.344114,0.36288,3.6288,61.308,0.463212,0,0,1.18957,0.151146,0.575215,0.66528,12.849,1,0.400373,0.36288,0,34.3428,3.27789,31.0274,0.84672,12.849,0.84672,3695.15,0,18.483,0,0.633528,1.58234,4.52004,0.863576,5.87233,0.42336,18.483,0.42336,0,0,442.007,0,1.02816,0,0,1.66169,0.633528,1.028160,1,0,37.4749,0,0,0,37.4749,0
70.8151,2.24277,0,0,2.49796,0.341436,0.36288,3.6288,61.308,0.463198,0,0,1.17012,0.151146,0.555771,0.66528,12.849,1,0.404372,0.36288,0,50.3095,3.27789,46.9901,0.84672,12.849,0.84672,3695.15,0,18.483,0,0.758151,1.75732,4.98358,0.863576,6.63547,0.42336,18.483,0.42336,0,0,442.007,0,1.02816,0,0,1.78631,0.758151,1.028160,1,0,54.1814,0,0,0,54.1814,0
69.9071,2.23841,0,0,2.03355,0.340263,0.36288,3.6288,61.308,0.507102,0,0,1.1957,0.151146,0.53745,0.66528,12.849,1,0.406147,0.36288,0,34.5913,3.27789,31.2701,0.84672,12.849,0.84672,3695.15,0,18.483,0,0.503194,1.7573,4.53877,0.863576,5.93569,0.42336,18.483,0.42336,0,0,442.007,0,0.984243,0,0,1.48744,0.503194,1.028160,1,0,37.7433,0,0,0,37.7433,0
70.459,2.22951,0,0,3.45515,0.310863,0.36288,3.6288,61.308,0.463172,0,0,1.86395,0.177155,1.22362,0.66528,12.849,1,0.409786,0.36288,0,73.5554,4.32717,69.1814,0.84672,12.849,0.84672,3695.15,0,18.483,0,0.995492,1.75729,10.7952,1.07104,12.4769,0.42336,18.483,0.42336,0,0,442.007,0,1.02816,0,0,2.02365,0.995492,1.028160,1,0,82.8819,0,0,0,82.8819,0
72.29,1.95162,0,0,6.19147,0.342999,2.06588,3.6288,61.308,0.252598,0,0,5.62979,0.183994,5.1932,0.66528,12.849,1,0.355899,2.06588,0,125.22,3.15746,123.772,0.84672,12.849,0.84672,3695.15,0,18.483,0,3.99559,1.75727,15.7087,0.935876,20.5257,0.42336,18.483,0.42336,0,0,442.007,0,1.02816,0,0,5.02375,3.99559,1.028160,1,0,149.491,0,0,0,149.491,0
72.29,1.96693,0,0,6.55762,0.347831,4.24286,3.6288,61.308,0.252587,0,0,5.72257,0.183994,5.28598,0.66528,12.849,1,0.349608,4.24286,0,129.677,3.15746,130.413,0.84672,12.849,0.84672,3695.15,0,18.483,0,3.44578,1.51788,16.5065,0.935876,20.5343,0.42336,18.483,0.42336,0,0,442.007,0,1.02816,0,0,4.47394,3.44578,1.028160,1,0,156.233,0,0,0,156.233,0
72.29,1.96692,0,0,7.35091,0.33949,5.0445,3.6288,61.308,0.252575,0,0,7.04519,0.19577,6.59684,0.66528,12.849,1,0.349605,5.0445,0,126.811,3.49433,128.012,0.84672,12.849,0.84672,3695.15,0,18.483,0,4.00888,1.51787,17.5887,0.98403,22.1314,0.42336,18.483,0.42336,0,0,442.007,0,1.02816,0,0,5.03704,4.00888,1.028160,1,0,156.74,0,0,0,156.74,0
72.29,1.9669,0,0,6.34697,0.318639,4.06143,3.6288,61.308,0.252564,0,0,4.63355,0.225209,4.15578,0.66528,12.849,1,0.349601,4.06143,0,80.5689,4.3365,79.9442,0.84672,12.849,0.84672,3695.15,0,18.483,0,3.07699,1.51786,12.6339,1.10441,16.1244,0.42336,18.483,0.42336,0,0,442.007,0,1.02816,0,0,4.10515,3.07699,1.028160,1,0,100.224,0,0,0,100.224,0
72.29,1.96688,0,0,4.42604,0.323415,2.13574,3.6288,61.308,0.252553,0,0,3.57819,0.219923,3.10571,0.66528,12.849,1,0.349598,2.13574,0,91.457,4.1625,89.0806,0.84672,12.849,0.84672,3695.15,0,18.483,0,2.78374,1.51784,10.6192,1.08634,13.8344,0.42336,18.483,0.42336,0,0,442.007,0,1.02816,0,0,3.8119,2.78374,1.028160,1,0,106.021,0,0,0,106.021,0
72.29,2.03873,0,0,4.09397,0.326996,1.72824,3.6288,61.308,0.30405,0,0,3.84699,0.215959,3.32699,0.66528,12.849,1,0.362369,1.72824,0,86.6125,4.032,83.9464,0.84672,12.849,0.84672,3695.15,0,18.483,0,3.93497,1.51783,11.8757,1.07279,16.2557,0.42336,18.483,0.42336,0,0,442.007,0,1.02816,0,0,4.96313,3.93497,1.028160,1,0,103.529,0,0,0,103.529,0
72.29,2.03871,0,0,7.14293,0.326996,4.77722,3.6288,61.308,0.304038,0,0,6.71874,0.215959,6.19874,0.66528,12.849,1,0.362366,4.77722,0,140.29,4.032,140.673,0.84672,12.849,0.84672,3695.15,0,18.483,0,6.20585,1.57692,15.5441,1.07279,22.254,0.42336,18.483,0.42336,0,0,442.007,0,1.02816,0,0,7.23401,6.20585,1.028160,1,0,169.126,0,0,0,169.126,0
72.29,2.03869,0,0,4.95235,0.303323,2.61034,3.6288,61.308,0.304027,0,0,5.3987,0.233122,4.86156,0.66528,12.849,1,0.362362,2.61034,0,94.1665,4.28565,92.1288,0.84672,12.849,0.84672,3695.15,0,18.483,0,4.3104,1.5769,13.2468,1.16024,17.9738,0.42336,18.483,0.42336,0,0,442.007,0,1.02816,0,0,5.33856,4.3104,1.028160,1,0,114.964,0,0,0,114.964,0
72.29,2.03868,0,0,3.93699,0.243474,1.65484,3.6288,61.308,0.304015,0,0,3.40062,0.238142,2.85846,0.66528,12.849,1,0.362359,1.65484,0,85.0729,4.43771,81.9277,0.84672,12.849,0.84672,3695.15,0,18.483,0,2.77582,1.57689,8.41579,1.29223,11.4763,0.42336,18.483,0.42336,0,0,442.007,0,1.02816,0,0,3.80398,2.77582,1.028160,1,0,96.2624,0,0,0,96.2624,0
72.29,2.01056,0,0,3.36084,0.22447,1.12581,3.6288,61.308,0.283998,0,0,1.66923,0.167046,1.21819,0.66528,12.849,1,0.357362,1.12581,0,62.934,3.53155,60.1709,0.84672,12.849,0.84672,3695.15,0,18.483,0,1.15074,1.57687,6.07184,1.12545,7.67399,0.42336,18.483,0.42336,0,0,442.007,0,1.02816,0,0,2.1789,1.15074,1.028160,1,0,69.0631,0,0,0,69.0631,0
72.29,2.01054,0,0,2.90779,0.245192,0.652058,3.6288,61.308,0.283987,0,0,1.48803,0.191027,1.01302,0.66528,12.849,1,0.357359,0.652058,0,53.7087,3.82779,50.1757,0.84672,12.849,0.84672,3695.15,0,18.483,0,0.958124,1.55386,5.43551,1.15318,6.79432,0.42336,18.483,0.42336,0,0,442.007,0,1.02816,0,0,1.98628,0.958124,1.028160,1,0,57.983,0,0,0,57.983,0
72.29,2.01052,0,0,2.67743,0.160923,0.505985,3.6288,61.308,0.283975,0,0,1.31181,0.230265,0.797572,0.66528,12.849,1,0.357355,0.505985,0,49.1008,4.17375,45.0757,0.84672,12.849,0.84672,3695.15,0,18.483,0,0.799511,1.55384,5.06613,1.17383,6.24565,0.42336,18.483,0.42336,0,0,442.007,0,1.02816,0,0,1.82767,0.799511,1.028160,1,0,52.1189,0,0,0,52.1189,0
72.29,2.01051,0,0,2.61121,0.160923,0.439777,3.6288,61.308,0.283963,0,0,1.46635,0.230265,0.952127,0.66528,12.849,1,0.357352,0.439777,0,47.561,4.17375,43.4696,0.84672,12.849,0.84672,3695.15,0,18.483,0,1.03296,1.55383,5.9966,1.17383,7.40956,0.42336,18.483,0.42336,0,0,442.007,0,1.02816,0,0,2.06112,1.03296,1.028160,1,0,51.8313,0,0,0,51.8313,0
72.2398,2.10586,0,0,2.58435,0.165766,0.36288,3.6288,61.308,0.354891,0,0,1.38758,0.248885,0.783799,0.66528,12.849,1,0.374301,0.36288,0,48.0564,4.50594,43.539,0.84672,12.849,0.84672,3695.15,0,18.483,0,0.721907,1.55381,5.21245,1.16859,6.31958,0.42336,18.483,0.42336,0,0,442.007,0,1.02816,0,0,1.75007,0.721907,1.028160,1,0,50.6424,0,0,0,50.6424,0
71.9976,2.1054,0,0,2.36044,0.134443,0.36288,3.6288,61.308,0.354879,0,0,1.09718,0.234689,0.507608,0.66528,12.849,1,0.374479,0.36288,0,43.8952,4.05688,39.8267,0.84672,12.849,0.84672,3695.15,0,18.483,0,0.709482,1.63423,4.84497,1.15974,6.02894,0.42336,18.483,0.42336,0,0,442.007,0,1.02816,0,0,1.73764,0.709482,1.028160,1,0,46.3632,0,0,0,46.3632,0
71.6038,2.10324,0,0,2.18379,0.111413,0.36288,3.6288,61.308,0.354867,0,0,1.11538,0.240045,0.520469,0.66528,12.849,1,0.375353,0.36288,0,39.7661,4.21943,35.5342,0.84672,12.849,0.84672,3695.15,0,18.483,0,0.712843,1.63421,4.78058,1.12965,5.99798,0.42336,18.483,0.42336,0,0,442.007,0,1.02816,0,0,1.741,0.712843,1.028160,1,0,42.0527,0,0,0,42.0527,0
71.1459,2.09972,0,0,2.11575,0.11108,0.36288,3.6288,61.308,0.354855,0,0,1.16877,0.240045,0.573868,0.66528,12.849,1,0.376786,0.36288,0,37.7325,4.21943,33.4992,0.84672,12.849,0.84672,3695.15,0,18.483,0,0.649495,1.6342,4.96251,1.12965,6.11655,0.42336,18.483,0.42336,0,0,442.007,0,1.02816,0,0,1.67765,0.649495,1.028160,1,0,40.1896,0,0,0,40.1896,0
70.3552,2.0956,0,0,1.77485,0.107108,0.36288,3.6288,61.308,0.354842,0,0,0.971819,0.228733,0.388243,0.66528,12.849,1,0.378466,0.36288,0,34.5861,4.34884,30.2217,0.84672,12.849,0.84672,3695.15,0,18.483,0,0.445746,1.63418,4.00904,1.08365,5.00532,0.42336,18.483,0.42336,0,0,442.007,0,1.02816,0,0,1.47391,0.445746,1.028160,1,0,35.6152,0,0,0,35.6152,0
69.3983,2.0697,0,0,1.57954,0.103788,0.36288,3.6288,61.308,0.393818,0,0,0.85225,0.220249,0.238183,0.66528,12.849,1,0.37799,0.36288,0,31.3229,4.44591,26.8618,0.84672,12.849,0.84672,3695.15,0,18.483,0,0.390312,1.63417,3.81121,1.04915,4.78654,0.42336,18.483,0.42336,0,0,442.007,0,1.02816,0,0,1.41847,0.390312,1.028160,1,0,31.8866,0,0,0,31.8866,0
68.3884,2.06092,0,0,1.50286,0.0889854,0.36288,3.6288,61.308,0.393806,0,0,0.831972,0.243566,0.1946,0.66528,12.849,1,0.381577,0.36288,0,29.5238,4.77167,24.7335,0.84672,12.849,0.84672,3695.15,0,18.483,0,0.370984,1.65921,3.70484,1.1594,4.57564,0.42336,18.483,0.42336,0,0,442.007,0,1.02816,0,0,1.39914,0.370984,1.028160,1,0,29.5037,0,0,0,29.5037,0
67.2044,2.05148,0,0,1.30046,0.0701174,0.36288,3.6288,61.308,0.393793,0,0,0.782793,0.269296,0.119704,0.66528,12.849,1,0.385438,0.36288,0,27.5435,5.4772,22.0438,0.84672,12.849,0.84672,3695.15,0,18.483,0,0.274268,1.6592,3.70018,1.40699,4.22666,0.42336,18.483,0.42336,0,0,442.007,0,1.02816,0,0,1.30243,0.274268,1.028160,1,0,26.3901,0,0,0,26.3901,0
65.9888,2.04017,0,0,1.25593,0.068465,0.36288,3.6288,61.308,0.39378,0,0,0.750867,0.274233,0.0828532,0.66528,12.849,1,0.390066,0.36288,0,24.8784,5.69403,19.1571,0.84672,12.849,0.84672,3695.15,0,18.483,0,0.305917,1.65918,3.51903,1.49218,3.99195,0.42336,18.483,0.42336,0,0,442.007,0,1.02816,0,0,1.33408,0.305917,1.028160,1,0,23.2319,0,0,0,23.2319,0
64.773,2.07561,0,0,1.28275,0.0600818,0.36288,3.6288,61.2439,0.4934,0,0,0.7573,0.327974,0,0.66528,12.849,1,0.404152,0.36288,0,27.7233,5.77458,21.9074,0.84672,12.849,0.84672,3695.15,0,18.483,0,0.261274,1.65917,3.04485,1.55068,3.41461,0.42336,18.483,0.42336,0,0,442.007,0,0.963274,0,0,1.22455,0.261274,1.028160,1,0,25.322,0,0,0,25.322,0
63.4819,2.06312,0,0,1.1944,0.0594997,0.36288,3.6288,61.1446,0.4285,0,0,0.656986,0.327841,0,0.66528,12.849,1,0.409261,0.36288,0,23.4741,5.77458,17.6531,0.84672,12.849,0.84672,3695.15,0,18.483,0,0.29554,1.69908,3.07294,1.55068,3.51687,0.42336,18.483,0.42336,0,0,442.007,0,1.02816,0,0,1.3237,0.29554,1.028160,1,0,21.17,0,0,0,21.17,0
62.1149,2.04951,0,0,1.10429,0.0588816,0.36288,3.6288,60.8709,0.555314,0,0,0.609283,0.327635,0,0.66528,12.849,1,0.41483,0.36288,0,22.5095,5.77458,16.683,0.84672,12.849,0.84672,3695.15,0,18.483,0,0.261274,1.69906,2.6719,1.55068,3.08156,0.42336,18.483,0.42336,0,0,442.007,0,0.901333,0,0,1.16261,0.261274,1.028160,1,0,19.7646,0,0,0,19.7646,0
60.7924,2.0347,0,0,1.12883,0.0537047,0.36288,3.6288,60.7894,0.428475,0,0,0.676631,0.32965,0,0.66528,12.849,1,0.420895,0.36288,0,21.4089,5.84935,15.5015,0.84672,12.849,0.84672,3695.15,0,18.483,0,0.291315,1.69905,3.30492,1.56562,3.72966,0.42336,18.483,0.42336,0,0,442.007,0,1.02816,0,0,1.31947,0.291315,1.028160,1,0,19.2312,0,0,0,19.2312,0
59.3515,2.15485,0,0,1.13359,0.0567791,0.36288,3.6288,60.2563,0.790123,0,0,0.613741,0.356742,0,0.66528,12.849,1,0.455446,0.36288,0,19.4305,6.25449,13.0834,0.84672,12.849,0.84672,3695.15,0,18.483,0,0.227405,1.69903,3.20395,1.5849,3.54549,0.42336,18.483,0.42336,0,0,442.007,0,0.791908,0,0,1.01931,0.227405,1.028160,1,0,16.6289,0,0,0,16.6289,0
58.0535,2.13718,0,0,1.26096,0.0589491,0.36288,3.6288,59.9,0.698577,0,0,0.715831,0.373538,0,0.66528,12.849,1,0.462679,0.36288,0,23.4896,6.39975,16.99,0.84672,12.849,0.84672,3695.15,0,18.483,0,0.227405,1.83422,3.21271,1.58323,3.69111,0.42336,18.483,0.42336,0,0,442.007,0,0.88344,0,0,1.11084,0.227405,1.028160,1,0,20.6811,0,0,0,20.6811,0
56.5078,2.12078,0,0,0.996201,0.0582127,0.36288,3.6288,59.0363,1.01358,0,0,0.522533,0.372691,0,0.66528,12.849,1,0.469394,0.36288,0,24.2405,6.39975,17.7342,0.84672,12.849,0.84672,3695.15,0,18.483,0,0.227405,1.83421,2.54566,1.58323,3.02403,0.42336,18.483,0.42336,0,0,442.007,0,0.568426,0,0,0.79583,0.227405,1.028160,1,0,20.7582,0,0,0,20.7582,0
55.2208,2.10062,0,0,1.23381,0.0573359,0.36288,3.6288,58.9811,0.553829,0,0,0.86931,0.370638,0,0.66528,12.849,1,0.477649,0.36288,0,21.4825,6.39975,14.968,0.84672,12.849,0.84672,3695.15,0,18.483,0,0.391271,1.83419,3.82537,1.58323,4.4676,0.42336,18.483,0.42336,0,0,442.007,0,1.02816,0,0,1.41943,0.391271,1.028160,1,0,19.4356,0,0,0,19.4356,0
53.7174,2.08328,0,0,1.01262,0.069833,0.36288,3.6288,58.4769,0.80091,0,0,0.653998,0.357262,0,0.66528,12.849,1,0.484747,0.36288,0,21.0407,5.89799,15.0209,0.84672,12.849,0.84672,3695.15,0,18.483,0,0.204422,1.83417,3.51188,1.42301,4.12747,0.42336,18.483,0.42336,0,0,442.007,0,0.781065,0,0,0.985487,0.204422,1.028160,1,0,19.1483,0,0,0,19.1483,0
52.4477,1.99945,0,0,1.19927,0.106583,0.36288,3.6288,58.1904,0.682592,0,0,0.745796,0.349771,0,0.66528,12.849,1,0.47826,0.36288,0,20.3889,5.92593,14.3476,0.84672,12.849,0.84672,3695.15,0,18.483,0,0.204422,1.83416,3.45285,1.48827,4.00315,0.42336,18.483,0.42336,0,0,442.007,0,0.823254,0,0,1.02768,0.204422,1.028160,1,0,18.3508,0,0,0,18.3508,0
51.545,1.98175,0,0,1.58061,0.138735,0.36288,3.6288,58.0423,0.61002,0,0,0.784063,0.322066,0,0.66528,12.849,1,0.485504,0.36288,0,20.6198,5.70507,14.7921,0.84672,12.849,0.84672,3695.15,0,18.483,0,0.204422,1.75666,2.77713,1.41241,3.3258,0.42336,18.483,0.42336,0,0,442.007,0,0.895812,0,0,1.10023,0.204422,1.028160,1,0,18.1179,0,0,0,18.1179,0
51.3315,1.96884,0,0,2.25566,0.137444,0.36288,3.6288,58.5334,0.477659,0,0,1.29046,0.321759,0,0.66528,12.849,1,0.490788,0.36288,0,38.1402,5.70507,32.3073,0.84672,12.849,0.84672,3695.15,0,18.483,0,0.829475,1.75665,5.2062,1.41241,6.3799,0.42336,18.483,0.42336,0,0,442.007,0,1.02816,0,0,1.85763,0.829475,1.028160,1,0,38.6872,0,0,0,38.6872,0
50.7437,1.96573,0,0,1.89293,0.152066,0.36288,3.6288,58.7239,0.477646,0,0,0.985383,0.317207,0,0.66528,12.849,1,0.492051,0.36288,0,51.0571,5.69206,45.2359,0.84672,12.849,0.84672,3695.15,0,18.483,0,0.378717,1.75663,3.43221,1.41825,4.14931,0.42336,18.483,0.42336,0,0,442.007,0,1.02816,0,0,1.40688,0.378717,1.028160,1,0,49.3852,0,0,0,49.3852,0
49.8098,1.90657,0,0,1.57082,0.235265,0.36288,3.6288,59.0067,0.408351,0,0,0.930986,0.239848,0,0.66528,12.849,1,0.482768,0.36288,0,46.8516,4.8342,41.8975,0.84672,12.849,0.84672,3695.15,0,18.483,0,0.44159,1.75662,3.85268,1.13941,4.91148,0.42336,18.483,0.42336,0,0,442.007,0,1.02816,0,0,1.46975,0.44159,1.028160,1,0,46.809,0,0,0,46.809,0
48.8806,1.893,0,0,1.55962,0.23296,0.36288,3.6288,59.3395,0.408338,0,0,0.981383,0.240284,0,0.66528,12.849,1,0.48832,0.36288,0,29.0026,4.8342,24.0429,0.84672,12.849,0.84672,3695.15,0,18.483,0,0.571294,1.68775,3.79988,1.13941,4.91952,0.42336,18.483,0.42336,0,0,442.007,0,1.02816,0,0,1.59945,0.571294,1.028160,1,0,28.9625,0,0,0,28.9625,0
52.5604,1.87919,0,0,6.13191,0.210059,0.36288,3.6288,60.2996,0.408325,0,0,1.59095,0.222459,0,0.66528,12.849,1,0.493973,0.36288,0,72.8362,4.40596,68.2992,0.84672,12.849,0.84672,3695.15,0,18.483,0,1.40248,1.68773,10.1673,1.16791,12.0896,0.42336,18.483,0.42336,0,0,442.007,0,1.02816,0,0,2.43064,1.40248,1.028160,1,0,80.3888,0,0,0,80.3888,0
