0st_vol,0capacity,0net_inf,0st_rof,0lt_rof,0rest_demand,0unrest_demand,0unfulf_demand,0wastewater,0treat_capacity,0agg_price,0res_price,0gross_rev,0drought_cost,0cont_contrib,0debt_serv,0infra_npv,1st_vol,1capacity,1net_inf,1st_rof,1lt_rof,1rest_demand,1unrest_demand,1unfulf_demand,1wastewater,1treat_capacity,1agg_price,1res_price,1gross_rev,1drought_cost,1cont_contrib,1debt_serv,1infra_npv
103.622,103.622,3.76058,0,0,2.46977,2.46977,0,0,4.89888,4.51578e+06,2.70226e+06,1.11529e+07,0,0,0,0,62.3362,61.308,3.3951,0,1,1.12031,1.12031,0,0,1.69344,9.38471e+06,3.61194e+06,1.05138e+07,0,0,0,0
103.622,103.622,8.72904,0,0,2.47063,2.47063,0,0.462835,4.89888,4.51578e+06,2.70226e+06,1.11568e+07,0,0,0,0,62.3362,61.308,7.58925,0,1,1.1207,1.1207,0,0.865549,1.69344,9.38471e+06,3.61194e+06,1.05174e+07,0,0,0,0
103.622,103.622,8.35917,0,0,2.47149,2.47149,0,0.462997,4.89888,4.51578e+06,2.70226e+06,1.11607e+07,0,0,0,0,62.3362,61.308,8.99063,0,1,1.12109,1.12109,0,0.86585,1.69344,9.38471e+06,3.61194e+06,1.05211e+07,0,0,0,0
103.622,103.622,11.5391,0,0,2.47235,2.47235,0,0.463158,4.89888,4.51578e+06,2.70226e+06,1.11646e+07,0,0,0,0,62.3362,61.308,11.0449,0,1,1.12148,1.12148,0,0.866151,1.69344,9.38471e+06,3.61194e+06,1.05247e+07,0,0,0,0
103.622,103.622,7.85401,0,0,2.71445,2.71445,0,0.463319,4.89888,4.51578e+06,2.70226e+06,1.22578e+07,0,0,0,0,62.3362,61.308,9.97708,0,1,1.25378,1.25378,0,0.866453,1.69344,9.38471e+06,3.61194e+06,1.17663e+07,0,0,0,0
103.622,103.622,7.75348,0,0,2.71539,2.71539,0,0.508687,4.89888,4.51578e+06,2.70226e+06,1.22621e+07,0,0,0,0,62.3362,61.308,9.1255,0,1,1.25421,1.25421,0,0.968667,1.69344,9.38471e+06,3.61194e+06,1.17704e+07,0,0,0,0
103.622,103.622,5.3024,0,0,2.71634,2.71634,0,0.508864,4.89888,4.51578e+06,2.70226e+06,1.22664e+07,0,0,0,0,62.3362,61.308,5.90839,0,1,1.25465,1.25465,0,0.969004,1.69344,9.38471e+06,3.61194e+06,1.17745e+07,0,0,0,0
103.622,103.622,5.22538,0,0,2.71728,2.71728,0,0.509041,4.89888,4.51578e+06,2.70226e+06,1.22706e+07,0,0,0,0,62.3362,61.308,7.47706,0,1,1.25509,1.25509,0,0.969341,1.69344,9.38471e+06,3.61194e+06,1.17786e+07,0,0,0,0
103.622,103.622,7.02543,0,0,2.37368,2.37368,0,0.509219,4.89888,4.51578e+06,2.70226e+06,1.0719e+07,0,0,0,0,62.3362,61.308,9.2313,0,1,1.07825,1.07825,0,0.969679,1.69344,9.38471e+06,3.61194e+06,1.01191e+07,0,0,0,0
103.622,103.622,7.59363,0,0,2.3745,2.3745,0,0.444827,4.89888,4.51578e+06,2.70226e+06,1.07227e+07,0,0,0,0,62.3362,61.308,8.82755,0,1,1.07863,1.07863,0,0.833059,1.69344,9.38471e+06,3.61194e+06,1.01226e+07,0,0,0,0
103.622,103.622,6.0959,0,0,2.37533,2.37533,0,0.444982,4.89888,4.51578e+06,2.70226e+06,1.07265e+07,0,0,0,0,62.3362,61.308,6.24752,0,1,1.079,1.079,0,0.833349,1.69344,9.38471e+06,3.61194e+06,1.01261e+07,0,0,0,0
103.622,103.622,4.3136,0,0,2.37615,2.37615,0,0.445136,4.89888,4.51578e+06,2.70226e+06,1.07302e+07,0,0,0,0,62.3362,61.308,4.94276,0,1,1.07938,1.07938,0,0.833639,1.69344,9.38471e+06,3.61194e+06,1.01297e+07,0,0,0,0
103.622,103.622,5.88687,0,0,2.37698,2.37698,0,0.445291,4.89888,4.51578e+06,2.70226e+06,1.07339e+07,0,0,0,0,62.3362,61.308,6.25303,0,1,1.07976,1.07976,0,0.833929,1.69344,9.38471e+06,3.61194e+06,1.01332e+07,0,0,0,0
103.622,103.622,6.63935,0,0,2.46469,2.46469,0,0.445446,4.89888,4.51578e+06,2.70226e+06,1.113e+07,0,0,0,0,62.3362,61.308,7.52495,0,1,1.12357,1.12357,0,0.834219,1.69344,9.38471e+06,3.61194e+06,1.05444e+07,0,0,0,0
103.622,103.622,6.56231,0,0,2.46554,2.46554,0,0.461882,4.89888,4.51578e+06,2.70226e+06,1.11339e+07,0,0,0,0,62.3362,61.308,8.40461,0,1,1.12396,1.12396,0,0.868072,1.69344,9.38471e+06,3.61194e+06,1.05481e+07,0,0,0,0
103.622,103.622,9.95156,0,0,2.4664,2.4664,0,0.462043,4.89888,4.51578e+06,2.70226e+06,1.11377e+07,0,0,0,0,62.3362,61.308,10.2702,0,1,1.12435,1.12435,0,0.868374,1.69344,9.38471e+06,3.61194e+06,1.05517e+07,0,0,0,0
103.622,103.622,6.62714,0,0,2.46726,2.46726,0,0.462204,4.89888,4.51578e+06,2.70226e+06,1.11416e+07,0,0,0,0,62.3362,61.308,7.64137,0,1,1.12475,1.12475,0,0.868676,1.69344,9.38471e+06,3.61194e+06,1.05554e+07,0,0,0,0
103.622,103.622,4.72644,0,0,2.4341,2.4341,0,0.462365,4.89888,4.51578e+06,2.70226e+06,1.09919e+07,0,0,0,0,62.3362,61.308,4.53318,0,1,1.10824,1.10824,0,0.868978,1.69344,9.38471e+06,3.61194e+06,1.04005e+07,0,0,0,0
103.622,103.622,3.91434,0,0,2.43495,2.43495,0,0.456151,4.89888,4.51578e+06,2.70226e+06,1.09957e+07,0,0,0,0,62.3362,61.308,4.09907,0,1,1.10863,1.10863,0,0.856227,1.69344,9.38471e+06,3.61194e+06,1.04041e+07,0,0,0,0
103.622,103.622,3.90912,0,0,2.43579,2.43579,0,0.456309,4.89888,4.51578e+06,2.70226e+06,1.09995e+07,0,0,0,0,62.3362,61.308,4.06031,0,1,1.10901,1.10901,0,0.856525,1.69344,9.38471e+06,3.61194e+06,1.04078e+07,0,0,0,0
103.622,103.622,3.64982,0,0,2.43664,2.43664,0,0.456468,4.89888,4.51578e+06,2.70226e+06,1.10033e+07,0,0,0,0,62.3362,61.308,4.16337,0,1,1.1094,1.1094,0,0.856822,1.69344,9.38471e+06,3.61194e+06,1.04114e+07,0,0,0,0
103.622,103.622,3.44957,0,0,2.55312,2.55312,0,0.456627,4.89888,4.51578e+06,2.70226e+06,1.15293e+07,0,0,0,0,62.3362,61.308,3.27975,0,1,1.16978,1.16978,0,0.85712,1.69344,9.38471e+06,3.61194e+06,1.09781e+07,0,0,0,0
103.622,103.622,3.3276,0,0,2.554,2.554,0,0.478454,4.89888,4.51578e+06,2.70226e+06,1.15333e+07,0,0,0,0,62.3362,61.308,3.2464,0,1,1.17019,1.17019,0,0.903775,1.69344,9.38471e+06,3.61194e+06,1.09819e+07,0,0,0,0
103.622,103.622,3.14844,0,0,2.55489,2.55489,0,0.47862,4.89888,4.51578e+06,2.70226e+06,1.15373e+07,0,0,0,0,62.3362,61.308,2.91147,0,1,1.1706,1.1706,0,0.904089,1.69344,9.38471e+06,3.61194e+06,1.09857e+07,0,0,0,0
103.622,103.622,2.86304,0,0,2.55578,2.55578,0,0.478786,4.89888,4.51578e+06,2.70226e+06,1.15413e+07,0,0,0,0,62.3362,61.308,2.80753,0,1,1.171,1.171,0,0.904403,1.69344,9.38471e+06,3.61194e+06,1.09895e+07,0,0,0,0
103.622,103.622,2.69069,0,0,2.55667,2.55667,0,0.478953,4.89888,4.51578e+06,2.70226e+06,1.15453e+07,0,0,0,0,62.3362,61.308,2.6736,0,1,1.17141,1.17141,0,0.904717,1.69344,9.38471e+06,3.61194e+06,1.09933e+07,0,0,0,0
103.445,103.622,2.34766,0,0,2.53465,2.53465,0,0.479119,4.89888,4.51578e+06,2.70226e+06,1.14459e+07,0,0,0,0,62.3362,61.308,2.82029,0,1,1.20485,1.20485,0,0.905032,1.69344,9.38471e+06,3.61194e+06,1.13072e+07,0,0,0,0
103.174,103.622,2.2256,0,0,2.53553,2.53553,0,0.474993,4.89888,4.51578e+06,2.70226e+06,1.14499e+07,0,0,0,0,62.3362,61.308,2.71901,0,1,1.20527,1.20527,0,0.930869,1.69344,9.38471e+06,3.61194e+06,1.13111e+07,0,0,0,0
102.805,103.622,2.1111,0,0,2.53641,2.53641,0,0.475158,4.89888,4.51578e+06,2.70226e+06,1.14539e+07,0,0,0,0,62.3362,61.308,2.58338,0,1,1.20569,1.20569,0,0.931192,1.69344,9.38471e+06,3.61194e+06,1.1315e+07,0,0,0,0
102.3,103.622,1.95867,0,0,2.53729,2.53729,0,0.475323,4.89888,4.51578e+06,2.70226e+06,1.14578e+07,0,0,0,0,62.3362,61.308,2.42294,0,1,1.20611,1.20611,0,0.931516,1.69344,9.38471e+06,3.61194e+06,1.1319e+07,0,0,0,0
101.666,103.622,1.8672,0,0,2.59741,2.59741,0,0.475488,4.89888,4.51578e+06,2.70226e+06,1.17293e+07,0,0,0,0,62.3362,61.308,2.34884,0,1,1.23601,1.23601,0,0.931839,1.69344,9.38471e+06,3.61194e+06,1.15996e+07,0,0,0,0
100.923,103.622,1.74962,0,0,2.59831,2.59831,0,0.486754,4.89888,4.51578e+06,2.70226e+06,1.17334e+07,0,0,0,0,62.3362,61.308,2.30457,0,1,1.23644,1.23644,0,0.954941,1.69344,9.38471e+06,3.61194e+06,1.16036e+07,0,0,0,0
100.085,103.622,1.62902,0,0,2.59921,2.59921,0,0.486923,4.89888,4.51578e+06,2.70226e+06,1.17375e+07,0,0,0,0,62.3362,61.308,2.18674,0,1,1.23687,1.23687,0,0.955273,1.69344,9.38471e+06,3.61194e+06,1.16076e+07,0,0,0,0
99.1314,103.622,1.50061,0,0,2.60012,2.60012,0,0.487092,4.89888,4.51578e+06,2.70226e+06,1.17415e+07,0,0,0,0,62.3362,61.308,2.04677,0,1,1.2373,1.2373,0,0.955604,1.69344,9.38471e+06,3.61194e+06,1.16117e+07,0,0,0,0
98.0699,103.622,1.56186,0,0,2.77473,2.77473,0,0.487262,4.89888,4.51578e+06,2.70226e+06,1.25301e+07,0,0,0,0,62.3205,61.308,2.52,0,1,1.34429,1.34429,0,0.955936,1.69344,9.38471e+06,3.61194e+06,1.26158e+07,0,0,0,0
96.3484,103.622,0.859119,0,0,2.77569,2.77569,0,0.519984,4.89888,4.51578e+06,2.70226e+06,1.25344e+07,0,0,0,0,62.149,61.308,2.00493,0,1,1.34476,1.34476,0,1.0386,1.69344,9.38471e+06,3.61194e+06,1.26202e+07,0,0,0,0
94.9094,103.622,1.14664,0,0,2.77666,2.77666,0,0.520165,4.89888,4.51578e+06,2.70226e+06,1.25388e+07,0,0,0,0,62.0277,61.308,2.26248,0,1,1.34522,1.34522,0,1.03896,1.69344,9.38471e+06,3.61194e+06,1.26245e+07,0,0,0,0
93.9036,103.622,1.64556,0,0,2.77762,2.77762,0,0.520345,4.89888,4.51578e+06,2.70226e+06,1.25431e+07,0,0,0,0,62.085,61.308,2.65213,0,1,1.34569,1.34569,0,1.03932,1.69344,9.38471e+06,3.61194e+06,1.26289e+07,0,0,0,0
92.6466,103.622,1.36528,0,0,2.77858,2.77858,0,0.520526,4.89888,4.51578e+06,2.70226e+06,1.25475e+07,0,0,0,0,62.0746,61.308,2.40029,0,1,1.34616,1.34616,0,1.03968,1.69344,9.38471e+06,3.61194e+06,1.26333e+07,0,0,0,0
91.5751,103.622,1.6406,0,0,2.69474,2.69474,0,0.520707,4.89888,4.51578e+06,2.70226e+06,1.21689e+07,0,0,0,0,62.3362,61.308,4.18961,0,1,1.28183,1.28183,0,1.04004,1.69344,9.38471e+06,3.61194e+06,1.20296e+07,0,0,0,0
90.3512,103.622,1.43485,0,0,2.69568,2.69568,0,0.504994,4.89888,4.51578e+06,2.70226e+06,1.21731e+07,0,0,0,0,62.3362,61.308,2.49154,0,1,1.28228,1.28228,0,0.990344,1.69344,9.38471e+06,3.61194e+06,1.20338e+07,0,0,0,0
88.955,103.622,1.24006,0,0,2.69661,2.69661,0,0.50517,4.89888,4.51578e+06,2.70226e+06,1.21773e+07,0,0,0,0,62.3362,61.308,2.26661,0,1,1.28272,1.28272,0,0.990688,1.69344,9.38471e+06,3.61194e+06,1.2038e+07,0,0,0,0
88.6083,103.622,2.66193,0,0,2.69755,2.69755,0,0.505345,4.89888,4.51578e+06,2.70226e+06,1.21815e+07,0,0,0,0,62.3362,61.308,3.30887,0,1,1.28317,1.28317,0,0.991031,1.69344,9.38471e+06,3.61194e+06,1.20422e+07,0,0,0,0
89.4121,103.622,3.78261,0,0,2.62877,2.62877,0,0.50552,4.89888,4.51578e+06,2.70226e+06,1.1871e+07,0,0,0,0,62.3362,61.308,3.87868,0,1,1.22455,1.22455,0,0.991375,1.69344,9.38471e+06,3.61194e+06,1.14921e+07,0,0,0,0
90.0017,103.622,3.62725,0,0,2.62969,2.62969,0,0.492632,4.89888,4.51578e+06,2.70226e+06,1.18751e+07,0,0,0,0,62.3362,61.308,5.59431,0,1,1.22498,1.22498,0,0.94609,1.69344,9.38471e+06,3.61194e+06,1.14961e+07,0,0,0,0
89.5126,103.622,2.49593,0,0,2.6306,2.6306,0,0.492803,4.89888,4.51578e+06,2.70226e+06,1.18792e+07,0,0,0,0,62.3362,61.308,4.63828,0,1,1.2254,1.2254,0,0.946418,1.69344,9.38471e+06,3.61194e+06,1.15001e+07,0,0,0,0
90.8067,103.622,4.63747,0,0,2.63151,2.63151,0,0.492974,4.89888,4.51578e+06,2.70226e+06,1.18833e+07,0,0,0,0,62.3362,61.308,5.02253,0,1,1.22583,1.22583,0,0.946747,1.69344,9.38471e+06,3.61194e+06,1.1504e+07,0,0,0,0
94.5591,103.622,6.95288,0,0,2.43417,2.43417,0,0.493145,4.89888,4.51578e+06,2.70226e+06,1.09922e+07,0,0,0,0,62.3362,61.308,7.25307,0,1,1.10308,1.10308,0,0.947075,1.69344,9.38471e+06,3.61194e+06,1.03521e+07,0,0,0,0
95.6498,103.622,4.04909,0,0,2.43502,2.43502,0,0.456164,4.89888,4.51578e+06,2.70226e+06,1.0996e+07,0,0,0,0,62.3362,61.308,6.16998,0,1,1.10346,1.10346,0,0.85224,1.69344,9.38471e+06,3.61194e+06,1.03557e+07,0,0,0,0
97.7173,103.622,5.19449,0,0,2.43586,2.43586,0,0.456322,4.89888,4.51578e+06,2.70226e+06,1.09998e+07,0,0,0,0,62.3362,61.308,6.49697,0,1,1.10385,1.10385,0,0.852535,1.69344,9.38471e+06,3.61194e+06,1.03593e+07,0,0,0,0
100.528,103.622,6.28758,0,0,2.4367,2.4367,0,0.45648,4.89888,4.51578e+06,2.70226e+06,1.10036e+07,0,0,0,0,62.3362,61.308,8.41172,0,1,1.10423,1.10423,0,0.852831,1.69344,9.38471e+06,3.61194e+06,1.03629e+07,0,0,0,0
102.38,103.622,5.03267,0,0,2.43755,2.43755,0,0.456638,4.89888,4.51578e+06,2.70226e+06,1.10074e+07,0,0,0,0,62.3362,61.308,7.36073,0,1,1.10461,1.10461,0,0.853127,1.69344,9.38471e+06,3.61194e+06,1.03665e+07,0,0,0,0
102.294,103.622,2.87786,0,0,2.51477,2.51477,0,0.456797,4.89888,4.51578e+06,2.70226e+06,1.13561e+07,0,0,0,0,62.3362,61.308,3.95103,0,1,1.14072,1.14072,0,0.853422,1.69344,9.38471e+06,3.61194e+06,1.07053e+07,0,0,0,0
101.7,103.622,2.25275,0,0,2.51561,2.51561,0,0.471267,4.89888,4.51578e+06,2.70226e+06,1.13599e+07,0,0,0,0,62.3362,61.308,3.76884,0,1,1.1411,1.1411,0,0.881317,1.69344,9.38471e+06,3.61194e+06,1.07089e+07,0,0,0,0
103.622,103.622,6.54875,0,0,2.51645,2.51645,0,0.471425,4.89888,4.51578e+06,2.70226e+06,1.13638e+07,0,0,0,0,62.3362,61.308,5.13496,0,1,1.14148,1.14148,0,0.881613,1.69344,9.38471e+06,3.61194e+06,1.07125e+07,0,0,0,0
103.622,103.622,13.055,0,0,2.5173,2.5173,0,0.471584,4.89888,4.51578e+06,2.70226e+06,1.13676e+07,0,0,0,0,62.3362,61.308,11.0838,0,1,1.14187,1.14187,0,0.881909,1.69344,9.38471e+06,3.61194e+06,1.07161e+07,0,0,0,0
103.622,103.622,6.13414,0,0,2.76376,2.76376,0,0.471742,4.89888,4.51578e+06,2.70226e+06,1.24805e+07,0,0,0,0,62.3362,61.308,7.40182,0,1,1.27655,1.27655,0,0.882205,1.69344,9.38471e+06,3.61194e+06,1.19801e+07,0,0,0,0
103.622,103.622,5.82191,0,0,2.76469,2.76469,0,0.517929,4.89888,4.51578e+06,2.70226e+06,1.24847e+07,0,0,0,0,62.3362,61.308,6.69919,0,1,1.27698,1.27698,0,0.986265,1.69344,9.38471e+06,3.61194e+06,1.19841e+07,0,0,0,0
103.622,103.622,7.0374,0,0,2.76562,2.76562,0,0.518102,4.89888,4.51578e+06,2.70226e+06,1.24889e+07,0,0,0,0,62.3362,61.308,6.79297,0,1,1.27741,1.27741,0,0.986596,1.69344,9.38471e+06,3.61194e+06,1.19881e+07,0,0,0,0
103.622,103.622,7.12061,0,0,2.76654,2.76654,0,0.518276,4.89888,4.51578e+06,2.70226e+06,1.24931e+07,0,0,0,0,62.3362,61.308,6.46366,0,1,1.27784,1.27784,0,0.986927,1.69344,9.38471e+06,3.61194e+06,1.19921e+07,0,0,0,0
103.622,103.622,4.66918,0,0,2.41668,2.41668,0,0.51845,4.89888,4.51578e+06,2.70226e+06,1.09132e+07,0,0,0,0,62.3362,61.308,4.66644,0,1,1.09779,1.09779,0,0.987258,1.69344,9.38471e+06,3.61194e+06,1.03024e+07,0,0,0,0
103.622,103.622,7.71673,0,0,2.41749,2.41749,0,0.452885,4.89888,4.51578e+06,2.70226e+06,1.09168e+07,0,0,0,0,62.3362,61.308,10.409,0,1,1.09816,1.09816,0,0.848151,1.69344,9.38471e+06,3.61194e+06,1.03059e+07,0,0,0,0
103.622,103.622,7.11065,0,0,2.4183,2.4183,0,0.453037,4.89888,4.51578e+06,2.70226e+06,1.09205e+07,0,0,0,0,62.3362,61.308,7.85556,0,1,1.09852,1.09852,0,0.848435,1.69344,9.38471e+06,3.61194e+06,1.03093e+07,0,0,0,0
103.622,103.622,5.68369,0,0,2.41911,2.41911,0,0.453189,4.89888,4.51578e+06,2.70226e+06,1.09242e+07,0,0,0,0,62.3362,61.308,5.55611,0,1,1.09889,1.09889,0,0.84872,1.69344,9.38471e+06,3.61194e+06,1.03128e+07,0,0,0,0
103.622,103.622,4.03328,0,0,2.41992,2.41992,0,0.453342,4.89888,4.51578e+06,2.70226e+06,1.09278e+07,0,0,0,0,62.3362,61.308,4.40646,0,1,1.09926,1.09926,0,0.849005,1.69344,9.38471e+06,3.61194e+06,1.03163e+07,0,0,0,0
103.622,103.622,6.01112,0,0,2.50918,2.50918,0,0.453494,4.89888,4.51578e+06,2.70226e+06,1.13309e+07,0,0,0,0,62.3362,61.308,4.73935,0,1,1.14386,1.14386,0,0.84929,1.69344,9.38471e+06,3.61194e+06,1.07348e+07,0,0,0,0
103.622,103.622,5.53657,0,0,2.51003,2.51003,0,0.470221,4.89888,4.51578e+06,2.70226e+06,1.13347e+07,0,0,0,0,62.3362,61.308,4.81525,0,1,1.14424,1.14424,0,0.883744,1.69344,9.38471e+06,3.61194e+06,1.07384e+07,0,0,0,0
103.622,103.622,5.31164,0,0,2.51087,2.51087,0,0.470379,4.89888,4.51578e+06,2.70226e+06,1.13385e+07,0,0,0,0,62.3362,61.308,6.00353,0,1,1.14462,1.14462,0,0.884041,1.69344,9.38471e+06,3.61194e+06,1.0742e+07,0,0,0,0
103.622,103.622,4.37369,0,0,2.51171,2.51171,0,0.470537,4.89888,4.51578e+06,2.70226e+06,1.13423e+07,0,0,0,0,62.3362,61.308,4.18396,0,1,1.14501,1.14501,0,0.884337,1.69344,9.38471e+06,3.61194e+06,1.07456e+07,0,0,0,0
103.622,103.622,4.54488,0,0,2.47792,2.47792,0,0.470694,4.89888,4.51578e+06,2.70226e+06,1.11898e+07,0,0,0,0,62.3362,61.308,3.34918,0,1,1.12819,1.12819,0,0.884634,1.69344,9.38471e+06,3.61194e+06,1.05878e+07,0,0,0,0
103.622,103.622,3.8578,0,0,2.47875,2.47875,0,0.464363,4.89888,4.51578e+06,2.70226e+06,1.11935e+07,0,0,0,0,62.3362,61.308,3.01934,0,1,1.12857,1.12857,0,0.871642,1.69344,9.38471e+06,3.61194e+06,1.05913e+07,0,0,0,0
103.622,103.622,3.49859,0,0,2.47959,2.47959,0,0.464519,4.89888,4.51578e+06,2.70226e+06,1.11973e+07,0,0,0,0,62.3362,61.308,2.69872,0,1,1.12895,1.12895,0,0.871934,1.69344,9.38471e+06,3.61194e+06,1.05949e+07,0,0,0,0
103.622,103.622,3.42451,0,0,2.48042,2.48042,0,0.464674,4.89888,4.51578e+06,2.70226e+06,1.1201e+07,0,0,0,0,62.3362,61.308,2.8998,0,1,1.12933,1.12933,0,0.872226,1.69344,9.38471e+06,3.61194e+06,1.05984e+07,0,0,0,0
103.622,103.622,3.08828,0,0,2.59895,2.59895,0,0.46483,4.89888,4.51578e+06,2.70226e+06,1.17363e+07,0,0,0,0,62.3362,61.308,2.56643,0,1,1.19078,1.19078,0,0.872519,1.69344,9.38471e+06,3.61194e+06,1.11752e+07,0,0,0,0
103.622,103.622,2.78831,0,0,2.59982,2.59982,0,0.487044,4.89888,4.51578e+06,2.70226e+06,1.17402e+07,0,0,0,0,62.3362,61.308,2.3988,0,1,1.19118,1.19118,0,0.92,1.69344,9.38471e+06,3.61194e+06,1.11789e+07,0,0,0,0
103.622,103.622,2.63184,0,0,2.60069,2.60069,0,0.487207,4.89888,4.51578e+06,2.70226e+06,1.17442e+07,0,0,0,0,62.3362,61.308,2.42948,0,1,1.19158,1.19158,0,0.920309,1.69344,9.38471e+06,3.61194e+06,1.11827e+07,0,0,0,0
103.534,103.622,2.5334,0,0,2.60157,2.60157,0,0.48737,4.89888,4.51578e+06,2.70226e+06,1.17481e+07,0,0,0,0,62.3362,61.308,2.35377,0,1,1.19198,1.19198,0,0.920617,1.69344,9.38471e+06,3.61194e+06,1.11864e+07,0,0,0,0
103.303,103.622,2.37204,0,0,2.60244,2.60244,0,0.487533,4.89888,4.51578e+06,2.70226e+06,1.1752e+07,0,0,0,0,62.3362,61.308,2.19263,0,1,1.19238,1.19238,0,0.920926,1.69344,9.38471e+06,3.61194e+06,1.11902e+07,0,0,0,0
102.774,103.622,1.94669,0,0,2.57999,2.57999,0,0.487697,4.89888,4.51578e+06,2.70226e+06,1.16507e+07,0,0,0,0,62.3362,61.308,1.91263,0,1,1.22641,1.22641,0,0.921234,1.69344,9.38471e+06,3.61194e+06,1.15095e+07,0,0,0,0
102.152,103.622,1.85977,0,0,2.58086,2.58086,0,0.483491,4.89888,4.51578e+06,2.70226e+06,1.16546e+07,0,0,0,0,62.3362,61.308,1.7798,0,1,1.22682,1.22682,0,0.947522,1.69344,9.38471e+06,3.61194e+06,1.15133e+07,0,0,0,0
101.384,103.622,1.70588,0,0,2.58172,2.58172,0,0.483653,4.89888,4.51578e+06,2.70226e+06,1.16585e+07,0,0,0,0,62.1978,61.308,1.79223,0,1,1.22723,1.22723,0,0.94784,1.69344,9.38471e+06,3.61194e+06,1.15172e+07,0,0,0,0
100.47,103.622,1.54541,0,0,2.58259,2.58259,0,0.483815,4.89888,4.51578e+06,2.70226e+06,1.16624e+07,0,0,0,0,61.9321,61.308,1.59174,0,1,1.22764,1.22764,0,0.948157,1.69344,9.38471e+06,3.61194e+06,1.15211e+07,0,0,0,0
99.432,103.622,1.43714,0,0,2.64375,2.64375,0,0.483977,4.89888,4.51578e+06,2.70226e+06,1.19386e+07,0,0,0,0,61.5874,61.308,1.45327,0,1,1.25806,1.25806,0,0.948475,1.69344,9.38471e+06,3.61194e+06,1.18065e+07,0,0,0,0
98.3497,103.622,1.38018,0,0,2.64463,2.64463,0,0.495438,4.89888,4.51578e+06,2.70226e+06,1.19426e+07,0,0,0,0,61.1921,61.308,1.45554,0,1,1.25848,1.25848,0,0.971977,1.69344,9.38471e+06,3.61194e+06,1.18105e+07,0,0,0,0
97.1316,103.622,1.23535,0,0,2.64552,2.64552,0,0.495604,4.89888,4.51578e+06,2.70226e+06,1.19466e+07,0,0,0,0,60.7091,61.308,1.35818,0,1,1.2589,1.2589,0,0.972303,1.69344,9.38471e+06,3.61194e+06,1.18144e+07,0,0,0,0
95.8196,103.622,1.1292,0,0,2.6464,2.6464,0,0.49577,4.89888,4.51578e+06,2.70226e+06,1.19506e+07,0,0,0,0,60.1949,61.308,1.2841,0,1,1.25932,1.25932,0,0.972628,1.69344,9.38471e+06,3.61194e+06,1.18184e+07,0,0,0,0
94.2075,103.622,0.952829,0,0,2.82409,2.82409,0,0.495936,4.89888,4.51578e+06,2.70226e+06,1.2753e+07,0,0,0,0,59.4326,61.308,1.25163,0,1,1.36821,1.36821,0,0.972954,1.69344,9.38471e+06,3.61194e+06,1.28402e+07,0,0,0,0
92.3635,103.622,0.729715,0,0,2.82504,2.82504,0,0.529235,4.89888,4.51578e+06,2.70226e+06,1.27572e+07,0,0,0,0,58.5609,61.308,1.05511,0,1,1.36866,1.36866,0,1.05708,1.69344,9.38471e+06,3.61194e+06,1.28445e+07,0,0,0,0
90.4658,103.622,0.658841,0,0,2.82598,2.82598,0,0.529412,4.89888,4.51578e+06,2.70226e+06,1.27615e+07,0,0,0,0,57.7287,61.308,0.978957,0,1,1.36912,1.36912,0,1.05743,1.69344,9.38471e+06,3.61194e+06,1.28488e+07,0,0,0,0
88.6907,103.622,0.776453,0,0,2.82693,2.82693,0,0.529589,4.89888,4.51578e+06,2.70226e+06,1.27658e+07,0,0,0,0,57.0475,61.308,1.06032,0,1,1.36958,1.36958,0,1.05778,1.69344,9.38471e+06,3.61194e+06,1.28531e+07,0,0,0,0
87.3823,103.622,1.28665,0,0,2.82788,2.82788,0,0.529767,4.89888,4.51578e+06,2.70226e+06,1.27701e+07,0,0,0,0,56.4437,61.308,1.26627,0,1,1.37004,1.37004,0,1.05814,1.69344,9.38471e+06,3.61194e+06,1.28574e+07,0,0,0,0
86.2039,103.622,1.28695,0,0,2.74251,2.74251,0,0.529944,4.89888,4.51578e+06,2.70226e+06,1.23846e+07,0,0,0,0,55.8834,61.308,1.29067,0,1,1.30456,1.30456,0,1.05849,1.69344,9.38471e+06,3.61194e+06,1.22429e+07,0,0,0,0
84.7626,103.622,1.09699,0,0,2.74343,2.74343,0,0.513947,4.89888,4.51578e+06,2.70226e+06,1.23887e+07,0,0,0,0,55.621,61.308,1.31448,0,1,1.30499,1.30499,0,1.0079,1.69344,9.38471e+06,3.61194e+06,1.2247e+07,0,0,0,0
83.4483,103.622,1.26452,0,0,2.74435,2.74435,0,0.514119,4.89888,4.51578e+06,2.70226e+06,1.23929e+07,0,0,0,0,55.4702,61.308,1.6734,0,1,1.30543,1.30543,0,1.00824,1.69344,9.38471e+06,3.61194e+06,1.22511e+07,0,0,0,0
82.0971,103.622,1.23535,0,0,2.74527,2.74527,0,0.514291,4.89888,4.51578e+06,2.70226e+06,1.2397e+07,0,0,0,0,55.4214,61.308,1.63192,0,1,1.30587,1.30587,0,1.00858,1.69344,9.38471e+06,3.61194e+06,1.22552e+07,0,0,0,0
81.1254,103.622,1.55884,0.01,0,2.62669,2.67524,0,0.514463,4.89888,4.51578e+06,2.70226e+06,1.18615e+07,0,0,0,0,55.4912,61.308,1.88127,0,1,1.29476,1.2462,0,1.00891,1.69344,9.38471e+06,3.61194e+06,1.21509e+07,0,0,0,0
80.9808,103.622,2.47485,0,0,2.67614,2.67614,0,0.492241,4.89888,4.51578e+06,2.70226e+06,1.20849e+07,0,0,0,0,55.9741,61.308,2.40023,0,1,1.24662,1.24662,0,1.00033,1.69344,9.38471e+06,3.61194e+06,1.16991e+07,0,0,0,0
80.4195,103.622,2.03414,0,0,2.67703,2.67703,0,0.501508,4.89888,4.51578e+06,2.70226e+06,1.20889e+07,0,0,0,0,56.6466,61.308,3.49586,0,1,1.24703,1.24703,0,0.963137,1.69344,9.38471e+06,3.61194e+06,1.17031e+07,0,0,0,0
79.669,103.622,1.88577,0,0,2.67793,2.67793,0,0.501676,4.89888,4.51578e+06,2.70226e+06,1.20929e+07,0,0,0,0,57.0358,61.308,2.42813,0,1,1.24745,1.24745,0,0.963459,1.69344,9.38471e+06,3.61194e+06,1.1707e+07,0,0,0,0
83.0936,103.622,6.2799,0,0,2.47708,2.47708,0,0.501844,4.89888,4.51578e+06,2.70226e+06,1.11859e+07,0,0,0,0,57.9654,61.308,4.21566,0,1,1.12253,1.12253,0,0.963781,1.69344,9.38471e+06,3.61194e+06,1.05346e+07,0,0,0,0
84.5463,103.622,3.98902,0,0,2.47791,2.47791,0,0.464205,4.89888,4.51578e+06,2.70226e+06,1.11897e+07,0,0,0,0,58.4188,61.308,2.72763,0,1,1.1229,1.1229,0,0.867263,1.69344,9.38471e+06,3.61194e+06,1.05381e+07,0,0,0,0
87.7931,103.622,5.93126,0,0,2.47874,2.47874,0,0.46436,4.89888,4.51578e+06,2.70226e+06,1.11934e+07,0,0,0,0,59.1461,61.308,3.76334,0,1,1.12328,1.12328,0,0.867553,1.69344,9.38471e+06,3.61194e+06,1.05416e+07,0,0,0,0
88.5787,103.622,3.38599,0,0,2.47957,2.47957,0,0.464515,4.89888,4.51578e+06,2.70226e+06,1.11972e+07,0,0,0,0,59.2435,61.308,2.40708,0,1,1.12365,1.12365,0,0.867843,1.69344,9.38471e+06,3.61194e+06,1.05451e+07,0,0,0,0
88.6313,103.622,2.6147,0,0,2.48039,2.48039,0,0.464671,4.89888,4.51578e+06,2.70226e+06,1.12009e+07,0,0,0,0,59.3186,61.308,1.62356,0,1,1.12403,1.12403,0,0.868133,1.69344,9.38471e+06,3.61194e+06,1.05487e+07,0,0,0,0
93.8338,103.622,8.23517,0,0,2.55894,2.55894,0,0.464826,4.89888,4.51578e+06,2.70226e+06,1.15556e+07,0,0,0,0,60.5725,61.308,5.24037,0,1,1.16075,1.16075,0,0.868424,1.69344,9.38471e+06,3.61194e+06,1.08933e+07,0,0,0,5.60258e+07
97.6148,103.622,7.05343,0,0,2.55976,2.55976,0,0.479545,4.89888,4.51578e+06,2.70226e+06,1.15593e+07,0,0,0,0,61.8008,61.308,4.28286,0,1,1.16113,1.16113,0,0.896797,1.69344,9.38471e+06,3.61194e+06,1.08968e+07,0,0,0,5.60258e+07
101.171,103.622,6.74688,0,0,2.56059,2.56059,0,0.4797,4.89888,4.51578e+06,2.70226e+06,1.15631e+07,0,0,0,0,62.3362,61.308,3.64222,0,1,1.1615,1.1615,0,0.897087,1.69344,9.38471e+06,3.61194e+06,1.09004e+07,0,0,0,5.60258e+07
103.622,103.622,7.20089,0,0,2.56142,2.56142,0,0.479855,4.89888,4.51578e+06,2.70226e+06,1.15668e+07,0,0,0,0,62.3362,61.308,5.10487,0,1,1.16188,1.16188,0,0.897377,1.69344,9.38471e+06,3.61194e+06,1.09039e+07,0,0,0,5.60258e+07
103.622,103.622,6.14669,0,0,2.81216,2.81216,0,0.48001,4.89888,4.51578e+06,2.70226e+06,1.26991e+07,0,0,0,0,62.3362,61.308,3.81581,0,1,1.29891,1.29891,0,0.897667,1.69344,9.38471e+06,3.61194e+06,1.21899e+07,0,0,0,5.60258e+07
103.622,103.622,7.42946,0,0,2.81307,2.81307,0,0.526999,4.89888,4.51578e+06,2.70226e+06,1.27032e+07,0,0,0,0,62.3362,61.308,2.89706,0,1,1.29933,1.29933,0,1.00354,1.69344,9.38471e+06,3.61194e+06,1.21938e+07,0,0,0,5.60258e+07
103.622,103.622,6.31389,0,0,2.81398,2.81398,0,0.52717,4.89888,4.51578e+06,2.70226e+06,1.27073e+07,0,0,0,0,62.3362,61.308,2.91228,0,1,1.29975,1.29975,0,1.00386,1.69344,9.38471e+06,3.61194e+06,1.21978e+07,0,0,0,5.60258e+07
103.622,103.622,7.21658,0,0,2.81489,2.81489,0,0.52734,4.89888,4.51578e+06,2.70226e+06,1.27114e+07,0,0,0,0,62.3362,61.308,5.87272,0,1,1.30017,1.30017,0,1.00419,1.69344,9.38471e+06,3.61194e+06,1.22017e+07,0,0,0,5.60258e+07
103.622,103.622,10.1156,0,0,2.45888,2.45888,0,0.52751,4.89888,4.51578e+06,2.70226e+06,1.11038e+07,0,0,0,0,62.3362,61.308,8.10435,0,1,1.11696,1.11696,0,1.00451,1.69344,9.38471e+06,3.61194e+06,1.04823e+07,0,0,0,5.60258e+07
103.622,103.622,7.73238,0,0,2.45967,2.45967,0,0.460794,4.89888,4.51578e+06,2.70226e+06,1.11073e+07,0,0,0,0,62.3362,61.308,5.7089,0,1,1.11732,1.11732,0,0.862962,1.69344,9.38471e+06,3.61194e+06,1.04857e+07,0,0,0,5.60258e+07
103.622,103.622,5.4494,0,0,2.46047,2.46047,0,0.460943,4.89888,4.51578e+06,2.70226e+06,1.11109e+07,0,0,0,0,62.3362,61.308,5.33758,0,1,1.11768,1.11768,0,0.863241,1.69344,9.38471e+06,3.61194e+06,1.04891e+07,0,0,0,5.60258e+07
103.622,103.622,7.26284,0,0,2.46126,2.46126,0,0.461092,4.89888,4.51578e+06,2.70226e+06,1.11145e+07,0,0,0,0,62.3362,61.308,5.04592,0,1,1.11804,1.11804,0,0.863519,1.69344,9.38471e+06,3.61194e+06,1.04925e+07,0,0,0,5.60258e+07
103.622,103.622,6.19541,0,0,2.46206,2.46206,0,0.461241,4.89888,4.51578e+06,2.70226e+06,1.11181e+07,0,0,0,0,62.3362,61.308,6.18532,0,1,1.1184,1.1184,0,0.863798,1.69344,9.38471e+06,3.61194e+06,1.04959e+07,0,0,0,5.60258e+07
103.622,103.622,4.93079,0,0,2.55284,2.55284,0,0.46139,4.89888,4.51578e+06,2.70226e+06,1.15281e+07,0,0,0,0,62.3362,61.308,4.62392,0,1,1.16376,1.16376,0,0.864077,1.69344,9.38471e+06,3.61194e+06,1.09215e+07,0,0,0,5.60258e+07
103.622,103.622,5.35894,0,0,2.55367,2.55367,0,0.478402,4.89888,4.51578e+06,2.70226e+06,1.15318e+07,0,0,0,0,62.3362,61.308,2.99424,0,1,1.16413,1.16413,0,0.89912,1.69344,9.38471e+06,3.61194e+06,1.09251e+07,0,0,0,5.60258e+07
103.622,103.622,4.49815,0,0,2.55449,2.55449,0,0.478557,4.89888,4.51578e+06,2.70226e+06,1.15355e+07,0,0,0,0,62.3362,61.308,5.00583,0,1,1.16451,1.16451,0,0.899411,1.69344,9.38471e+06,3.61194e+06,1.09286e+07,0,0,0,5.60258e+07
103.622,103.622,4.70725,0,0,2.55531,2.55531,0,0.478711,4.89888,4.51578e+06,2.70226e+06,1.15392e+07,0,0,0,0,62.3362,61.308,4.69025,0,1,1.16489,1.16489,0,0.899701,1.69344,9.38471e+06,3.61194e+06,1.09321e+07,0,0,0,5.60258e+07
103.622,103.622,3.50397,0,0,2.52091,2.52091,0,0.478866,4.89888,4.51578e+06,2.70226e+06,1.13839e+07,0,0,0,0,62.2469,61.308,2.74531,0,1,1.14776,1.14776,0,0.899992,1.69344,9.38471e+06,3.61194e+06,1.07714e+07,0,0,0,5.60258e+07
103.622,103.622,2.76762,0,0,2.52172,2.52172,0,0.472418,4.89888,4.51578e+06,2.70226e+06,1.13875e+07,0,0,0,0,62.3362,61.308,2.26822,0,1,1.14813,1.14813,0,0.886763,1.69344,9.38471e+06,3.61194e+06,1.07749e+07,0,0,0,5.60258e+07
103.413,103.622,2.43428,0,0,2.52254,2.52254,0,0.472571,4.89888,4.51578e+06,2.70226e+06,1.13912e+07,0,0,0,0,62.3362,61.308,2.25617,0,1,1.14851,1.14851,0,0.887049,1.69344,9.38471e+06,3.61194e+06,1.07784e+07,0,0,0,5.60258e+07
103.564,103.622,2.778,0,0,2.52335,2.52335,0,0.472724,4.89888,4.51578e+06,2.70226e+06,1.13949e+07,0,0,0,0,62.3362,61.308,2.30655,0,1,1.14888,1.14888,0,0.887335,1.69344,9.38471e+06,3.61194e+06,1.07819e+07,0,0,0,5.60258e+07
103.622,103.622,3.1251,0,0,2.64391,2.64391,0,0.472876,4.89888,4.51578e+06,2.70226e+06,1.19393e+07,0,0,0,0,62.3239,61.308,2.44358,0,1,1.21138,1.21138,0,0.887622,1.69344,9.38471e+06,3.61194e+06,1.13685e+07,0,0,0,5.60258e+07
103.325,103.622,2.32289,0,0,2.64476,2.64476,0,0.495468,4.89888,4.51578e+06,2.70226e+06,1.19431e+07,0,0,0,0,62.3362,61.308,2.10896,0,1,1.21177,1.21177,0,0.935913,1.69344,9.38471e+06,3.61194e+06,1.13721e+07,0,0,0,5.60258e+07
102.918,103.622,2.18857,0,0,2.64561,2.64561,0,0.495628,4.89888,4.51578e+06,2.70226e+06,1.1947e+07,0,0,0,0,62.3362,61.308,2.14109,0,1,1.21216,1.21216,0,0.936215,1.69344,9.38471e+06,3.61194e+06,1.13758e+07,0,0,0,5.60258e+07
102.435,103.622,2.10467,0,0,2.64647,2.64647,0,0.495788,4.89888,4.51578e+06,2.70226e+06,1.19509e+07,0,0,0,0,62.2662,61.308,2.08373,0,1,1.21255,1.21255,0,0.936518,1.69344,9.38471e+06,3.61194e+06,1.13795e+07,0,0,0,5.60258e+07
101.834,103.622,1.97111,0,0,2.64732,2.64732,0,0.495948,4.89888,4.51578e+06,2.70226e+06,1.19547e+07,0,0,0,0,62.3362,61.308,1.94091,0,1,1.21295,1.21295,0,0.93682,1.69344,9.38471e+06,3.61194e+06,1.13831e+07,0,0,0,5.60258e+07
101.379,103.622,2.17199,0,0,2.62446,2.62446,0,0.496108,4.89888,4.51578e+06,2.70226e+06,1.18515e+07,0,0,0,0,62.3362,61.308,2.92474,0,1,1.24754,1.24754,0,0.937122,1.69344,9.38471e+06,3.61194e+06,1.17078e+07,0,0,0,5.60258e+07
100.908,103.622,2.10801,0,0,2.6253,2.6253,0,0.491823,4.89888,4.51578e+06,2.70226e+06,1.18553e+07,0,0,0,0,62.3362,61.308,3.12409,0,1,1.24794,1.24794,0,0.963851,1.69344,9.38471e+06,3.61194e+06,1.17116e+07,0,0,0,5.60258e+07
100.318,103.622,1.94806,0,0,2.62615,2.62615,0,0.491982,4.89888,4.51578e+06,2.70226e+06,1.18591e+07,0,0,0,0,62.3362,61.308,3.01146,0,1,1.24835,1.24835,0,0.964162,1.69344,9.38471e+06,3.61194e+06,1.17154e+07,0,0,0,5.60258e+07
99.619,103.622,1.82124,0,0,2.627,2.627,0,0.49214,4.89888,4.51578e+06,2.70226e+06,1.18629e+07,0,0,0,0,62.3362,61.308,3.11767,0,1,1.24875,1.24875,0,0.964473,1.69344,9.38471e+06,3.61194e+06,1.17192e+07,0,0,0,5.60258e+07
98.8025,103.622,1.73831,0,0,2.68917,2.68917,0,0.492299,4.89888,4.51578e+06,2.70226e+06,1.21437e+07,0,0,0,0,62.3362,61.308,2.91381,0,1,1.27968,1.27968,0,0.964784,1.69344,9.38471e+06,3.61194e+06,1.20094e+07,0,0,0,5.60258e+07
97.988,103.622,1.78147,0,0,2.69004,2.69004,0,0.503951,4.89888,4.51578e+06,2.70226e+06,1.21476e+07,0,0,0,0,62.3362,61.308,2.9196,0,1,1.28009,1.28009,0,0.988678,1.69344,9.38471e+06,3.61194e+06,1.20133e+07,0,0,0,5.60258e+07
97.0741,103.622,1.63971,0,0,2.69091,2.69091,0,0.504113,4.89888,4.51578e+06,2.70226e+06,1.21515e+07,0,0,0,0,62.3362,61.308,2.7773,0,1,1.2805,1.2805,0,0.988997,1.69344,9.38471e+06,3.61194e+06,1.20171e+07,0,0,0,5.60258e+07
96.0356,103.622,1.49316,0,0,2.69177,2.69177,0,0.504276,4.89888,4.51578e+06,2.70226e+06,1.21555e+07,0,0,0,0,62.3362,61.308,2.4303,0,1,1.28091,1.28091,0,0.989316,1.69344,9.38471e+06,3.61194e+06,1.2021e+07,0,0,0,5.60258e+07
95.0315,103.622,1.71181,0,0,2.87247,2.87247,0,0.504439,4.89888,4.51578e+06,2.70226e+06,1.29715e+07,0,0,0,0,62.3362,61.308,3.16964,0,1,1.39164,1.39164,0,0.989635,1.69344,9.38471e+06,3.61194e+06,1.30602e+07,0,0,0,5.60258e+07
93.5522,103.622,1.16955,0,0,2.8734,2.8734,0,0.538301,4.89888,4.51578e+06,2.70226e+06,1.29756e+07,0,0,0,0,62.3362,61.308,2.92309,0,1,1.39209,1.39209,0,1.07518,1.69344,9.38471e+06,3.61194e+06,1.30644e+07,0,0,0,5.60258e+07
91.9792,103.622,1.05602,0,0,2.87432,2.87432,0,0.538475,4.89888,4.51578e+06,2.70226e+06,1.29798e+07,0,0,0,0,62.3362,61.308,2.70427,0,1,1.39254,1.39254,0,1.07553,1.69344,9.38471e+06,3.61194e+06,1.30686e+07,0,0,0,5.60258e+07
90.589,103.622,1.24185,0,0,2.87525,2.87525,0,0.538648,4.89888,4.51578e+06,2.70226e+06,1.2984e+07,0,0,0,0,62.3362,61.308,2.92602,0,1,1.39299,1.39299,0,1.07588,1.69344,9.38471e+06,3.61194e+06,1.30728e+07,0,0,0,5.60258e+07
89.934,103.622,2.05566,0,0,2.87618,2.87618,0,0.538822,4.89888,4.51578e+06,2.70226e+06,1.29882e+07,0,0,0,0,62.3362,61.308,3.52674,0,1,1.39344,1.39344,0,1.07622,1.69344,9.38471e+06,3.61194e+06,1.3077e+07,0,0,0,5.60258e+07
89.0816,103.622,1.75792,0,0,2.78932,2.78932,0,0.538996,4.89888,4.51578e+06,2.70226e+06,1.2596e+07,0,0,0,0,62.3362,61.308,4.29051,0,1,1.32682,1.32682,0,1.07657,1.69344,9.38471e+06,3.61194e+06,1.24518e+07,0,0,0,5.60258e+07
87.6516,103.622,1.14256,0,0,2.79022,2.79022,0,0.522719,4.89888,4.51578e+06,2.70226e+06,1.26e+07,0,0,0,0,62.3362,61.308,3.4308,0,1,1.32725,1.32725,0,1.0251,1.69344,9.38471e+06,3.61194e+06,1.24559e+07,0,0,0,5.60258e+07
86.3622,103.622,1.31459,0,0,2.79112,2.79112,0,0.522887,4.89888,4.51578e+06,2.70226e+06,1.26041e+07,0,0,0,0,62.3362,61.308,3.50619,0,1,1.32768,1.32768,0,1.02543,1.69344,9.38471e+06,3.61194e+06,1.24599e+07,0,0,0,5.60258e+07
87.0137,103.622,3.70757,0,0,2.79202,2.79202,0,0.523056,4.89888,4.51578e+06,2.70226e+06,1.26081e+07,0,0,0,0,62.3362,61.308,6.72874,0,1,1.32811,1.32811,0,1.02576,1.69344,9.38471e+06,3.61194e+06,1.24639e+07,0,0,0,5.60258e+07
86.7775,103.622,2.58952,0,0,2.72077,2.72077,0,0.523224,4.89888,4.51578e+06,2.70226e+06,1.22864e+07,0,0,0,0,62.3362,61.308,5.32911,0,1,1.26741,1.26741,0,1.02609,1.69344,9.38471e+06,3.61194e+06,1.18943e+07,0,0,0,5.60258e+07
88.1155,103.622,4.53664,0,0,2.72165,2.72165,0,0.509872,4.89888,4.51578e+06,2.70226e+06,1.22904e+07,0,0,0,0,62.3362,61.308,5.7331,0,1,1.26782,1.26782,0,0.979199,1.69344,9.38471e+06,3.61194e+06,1.18981e+07,0,0,0,5.60258e+07
87.4909,103.622,2.18345,0,0,2.72252,2.72252,0,0.510037,4.89888,4.51578e+06,2.70226e+06,1.22943e+07,0,0,0,0,62.3362,61.308,3.66694,0,1,1.26822,1.26822,0,0.979515,1.69344,9.38471e+06,3.61194e+06,1.19019e+07,0,0,0,5.60258e+07
86.7739,103.622,2.19151,0,0,2.7234,2.7234,0,0.510201,4.89888,4.51578e+06,2.70226e+06,1.22983e+07,0,0,0,0,62.3362,61.308,3.52213,0,1,1.26863,1.26863,0,0.97983,1.69344,9.38471e+06,3.61194e+06,1.19058e+07,0,0,0,5.60258e+07
86.8873,103.622,2.92785,0,0,2.51911,2.51911,0,0.510365,4.89888,4.51578e+06,2.70226e+06,1.13757e+07,0,0,0,0,62.3362,61.308,4.62837,0,1,1.14157,1.14157,0,0.980146,1.69344,9.38471e+06,3.61194e+06,1.07133e+07,0,0,0,5.60258e+07
88.0865,103.622,4.29736,0,0,2.51992,2.51992,0,0.472081,4.89888,4.51578e+06,2.70226e+06,1.13794e+07,0,0,0,0,62.3362,61.308,7.19974,0,1,1.14194,1.14194,0,0.881978,1.69344,9.38471e+06,3.61194e+06,1.07168e+07,0,0,0,5.60258e+07
92.1408,103.622,7.37165,0,0,2.52073,2.52073,0,0.472233,4.89888,4.51578e+06,2.70226e+06,1.13831e+07,0,0,0,0,62.3362,61.308,10.839,0,1,1.14231,1.14231,0,0.882262,1.69344,9.38471e+06,3.61194e+06,1.07202e+07,0,0,0,5.60258e+07
93.8621,103.622,4.74997,0,0,2.52154,2.52154,0,0.472385,4.89888,4.51578e+06,2.70226e+06,1.13867e+07,0,0,0,0,62.3362,61.308,5.30691,0,1,1.14267,1.14267,0,0.882546,1.69344,9.38471e+06,3.61194e+06,1.07237e+07,0,0,0,5.60258e+07
95.2994,103.622,4.62625,0,0,2.52235,2.52235,0,0.472537,4.89888,4.51578e+06,2.70226e+06,1.13904e+07,0,0,0,0,62.3362,61.308,4.70489,0,1,1.14304,1.14304,0,0.88283,1.69344,9.38471e+06,3.61194e+06,1.07271e+07,0,0,0,5.60258e+07
97.9788,103.622,5.84001,0,0,2.60219,2.60219,0,0.472689,4.89888,4.51578e+06,2.70226e+06,1.17509e+07,0,0,0,0,62.3362,61.308,5.21824,0,1,1.18037,1.18037,0,0.883114,1.69344,9.38471e+06,3.61194e+06,1.10775e+07,0,0,0,5.60258e+07
103.205,103.622,8.7758,0,0,2.603,2.603,0,0.487651,4.89888,4.51578e+06,2.70226e+06,1.17546e+07,0,0,0,0,62.3362,61.308,7.56354,0,1,1.18074,1.18074,0,0.911956,1.69344,9.38471e+06,3.61194e+06,1.10809e+07,0,0,0,5.60258e+07
103.622,103.622,8.34272,0,0,2.60381,2.60381,0,0.487802,4.89888,4.51578e+06,2.70226e+06,1.17582e+07,0,0,0,0,62.3362,61.308,7.41734,0,1,1.18111,1.18111,0,0.912239,1.69344,9.38471e+06,3.61194e+06,1.10843e+07,0,0,0,5.60258e+07
103.622,103.622,9.12846,0,0,2.60462,2.60462,0,0.487954,4.89888,4.51578e+06,2.70226e+06,1.17619e+07,0,0,0,0,62.3362,61.308,10.844,0,1,1.18147,1.18147,0,0.912523,1.69344,9.38471e+06,3.61194e+06,1.10878e+07,0,0,0,5.60258e+07
103.622,103.622,8.12075,0,0,2.85955,2.85955,0,0.488105,4.89888,4.51578e+06,2.70226e+06,1.29131e+07,0,0,0,0,62.3362,61.308,6.20207,0,1,1.3208,1.3208,0,0.912806,1.69344,9.38471e+06,3.61194e+06,1.23953e+07,0,0,0,5.60258e+07
103.622,103.622,6.73513,0,0,2.86044,2.86044,0,0.535881,4.89888,4.51578e+06,2.70226e+06,1.29171e+07,0,0,0,0,62.3362,61.308,7.27206,0,1,1.32121,1.32121,0,1.02045,1.69344,9.38471e+06,3.61194e+06,1.23992e+07,0,0,0,5.60258e+07
103.622,103.622,6.07842,0,0,2.86133,2.86133,0,0.536047,4.89888,4.51578e+06,2.70226e+06,1.29211e+07,0,0,0,0,62.3362,61.308,6.80391,0,1,1.32162,1.32162,0,1.02077,1.69344,9.38471e+06,3.61194e+06,1.2403e+07,0,0,0,5.60258e+07
103.622,103.622,6.69171,0,0,2.86222,2.86222,0,0.536214,4.89888,4.51578e+06,2.70226e+06,1.29252e+07,0,0,0,0,62.3362,61.308,6.76042,0,1,1.32203,1.32203,0,1.02108,1.69344,9.38471e+06,3.61194e+06,1.24069e+07,0,0,0,5.60258e+07
103.622,103.622,7.94801,0,0,2.50019,2.50019,0,0.53638,4.89888,4.51578e+06,2.70226e+06,1.12903e+07,0,0,0,0,62.3362,61.308,7.14034,0,1,1.13572,1.13572,0,1.0214,1.69344,9.38471e+06,3.61194e+06,1.06584e+07,0,0,0,5.60258e+07
103.622,103.622,6.47035,0,0,2.50097,2.50097,0,0.468536,4.89888,4.51578e+06,2.70226e+06,1.12938e+07,0,0,0,0,62.3362,61.308,8.59121,0,1,1.13608,1.13608,0,0.877461,1.69344,9.38471e+06,3.61194e+06,1.06618e+07,0,0,0,5.60258e+07
103.622,103.622,6.97039,0,0,2.50175,2.50175,0,0.468682,4.89888,4.51578e+06,2.70226e+06,1.12973e+07,0,0,0,0,62.3362,61.308,10.7163,0,1,1.13643,1.13643,0,0.877733,1.69344,9.38471e+06,3.61194e+06,1.06651e+07,0,0,0,5.60258e+07
103.622,103.622,6.85546,0,0,2.50252,2.50252,0,0.468827,4.89888,4.51578e+06,2.70226e+06,1.13008e+07,0,0,0,0,62.3362,61.308,12.2077,0,1,1.13678,1.13678,0,0.878006,1.69344,9.38471e+06,3.61194e+06,1.06684e+07,0,0,0,5.60258e+07
103.622,103.622,6.79306,0,0,2.5033,2.5033,0,0.468973,4.89888,4.51578e+06,2.70226e+06,1.13043e+07,0,0,0,0,62.3362,61.308,12.1366,0,1,1.13714,1.13714,0,0.878279,1.69344,9.38471e+06,3.61194e+06,1.06717e+07,0,0,0,5.60258e+07
103.622,103.622,8.8533,0,0,2.59557,2.59557,0,0.469118,4.89888,4.51578e+06,2.70226e+06,1.1721e+07,0,0,0,0,62.3362,61.308,18.3174,0,1,1.18324,1.18324,0,0.878551,1.69344,9.38471e+06,3.61194e+06,1.11043e+07,0,0,0,5.60258e+07
103.622,103.622,8.66041,0,0,2.59638,2.59638,0,0.48641,4.89888,4.51578e+06,2.70226e+06,1.17247e+07,0,0,0,0,62.3362,61.308,10.5101,0,1,1.18361,1.18361,0,0.91417,1.69344,9.38471e+06,3.61194e+06,1.11078e+07,0,0,0,5.60258e+07
103.622,103.622,7.20072,0,0,2.59718,2.59718,0,0.486561,4.89888,4.51578e+06,2.70226e+06,1.17283e+07,0,0,0,0,62.3362,61.308,8.74867,0,1,1.18397,1.18397,0,0.914453,1.69344,9.38471e+06,3.61194e+06,1.11112e+07,0,0,0,5.60258e+07
103.622,103.622,6.61643,0,0,2.59799,2.59799,0,0.486712,4.89888,4.51578e+06,2.70226e+06,1.17319e+07,0,0,0,0,62.3362,61.308,7.98634,0,1,1.18434,1.18434,0,0.914737,1.69344,9.38471e+06,3.61194e+06,1.11147e+07,0,0,0,5.60258e+07
103.622,103.622,5.54265,0,0,2.56298,2.56298,0,0.486863,4.89888,4.51578e+06,2.70226e+06,1.15738e+07,0,0,0,0,62.3362,61.308,6.59677,0,1,1.16692,1.16692,0,0.915021,1.69344,9.38471e+06,3.61194e+06,1.09512e+07,0,0,0,5.60258e+07
103.622,103.622,5.73246,0,0,2.56377,2.56377,0,0.480302,4.89888,4.51578e+06,2.70226e+06,1.15774e+07,0,0,0,0,62.3362,61.308,5.96768,0,1,1.16728,1.16728,0,0.90156,1.69344,9.38471e+06,3.61194e+06,1.09546e+07,0,0,0,5.60258e+07
103.622,103.622,4.68488,0,0,2.56457,2.56457,0,0.480451,4.89888,4.51578e+06,2.70226e+06,1.1581e+07,0,0,0,0,62.3362,61.308,4.22318,0,1,1.16764,1.16764,0,0.90184,1.69344,9.38471e+06,3.61194e+06,1.0958e+07,0,0,0,5.60258e+07
103.622,103.622,4.0883,0,0,2.56536,2.56536,0,0.4806,4.89888,4.51578e+06,2.70226e+06,1.15846e+07,0,0,0,0,62.3362,61.308,3.5033,0,1,1.168,1.168,0,0.90212,1.69344,9.38471e+06,3.61194e+06,1.09614e+07,0,0,0,5.60258e+07
103.622,103.622,3.70291,0,0,2.68789,2.68789,0,0.480749,4.89888,4.51578e+06,2.70226e+06,1.21379e+07,0,0,0,0,62.3362,61.308,3.15828,0,1,1.23153,1.23153,0,0.9024,1.69344,9.38471e+06,3.61194e+06,1.15576e+07,0,0,0,5.60258e+07
103.622,103.622,4.40533,0,0,2.68872,2.68872,0,0.503711,4.89888,4.51578e+06,2.70226e+06,1.21417e+07,0,0,0,0,62.3362,61.308,3.73172,0,1,1.23192,1.23192,0,0.951483,1.69344,9.38471e+06,3.61194e+06,1.15612e+07,0,0,0,5.60258e+07
103.622,103.622,4.02892,0,0,2.68956,2.68956,0,0.503867,4.89888,4.51578e+06,2.70226e+06,1.21455e+07,0,0,0,0,62.3362,61.308,3.33869,0,1,1.2323,1.2323,0,0.951779,1.69344,9.38471e+06,3.61194e+06,1.15648e+07,0,0,0,5.60258e+07
103.622,103.622,3.55134,0,0,2.69039,2.69039,0,0.504023,4.89888,4.51578e+06,2.70226e+06,1.21492e+07,0,0,0,0,62.3362,61.308,3.04873,0,1,1.23268,1.23268,0,0.952074,1.69344,9.38471e+06,3.61194e+06,1.15684e+07,0,0,0,5.60258e+07
103.622,103.622,3.29716,0,0,2.69123,2.69123,0,0.50418,4.89888,4.51578e+06,2.70226e+06,1.2153e+07,0,0,0,0,62.3362,61.308,2.99544,0,1,1.23306,1.23306,0,0.952369,1.69344,9.38471e+06,3.61194e+06,1.15719e+07,0,0,0,5.60258e+07
103.622,103.622,2.81012,0,0,2.66795,2.66795,0,0.504336,4.89888,4.51578e+06,2.70226e+06,1.20479e+07,0,0,0,0,62.3362,61.308,2.49975,0,1,1.26822,1.26822,0,0.952665,1.69344,9.38471e+06,3.61194e+06,1.19019e+07,0,0,0,5.60258e+07
103.528,103.622,2.57883,0,0,2.66878,2.66878,0,0.499974,4.89888,4.51578e+06,2.70226e+06,1.20516e+07,0,0,0,0,62.3362,61.308,2.03596,0,1,1.26861,1.26861,0,0.979825,1.69344,9.38471e+06,3.61194e+06,1.19055e+07,0,0,0,5.60258e+07
103.32,103.622,2.44645,0,0,2.66961,2.66961,0,0.500129,4.89888,4.51578e+06,2.70226e+06,1.20553e+07,0,0,0,0,62.3239,61.308,1.95669,0,1,1.269,1.269,0,0.980129,1.69344,9.38471e+06,3.61194e+06,1.19092e+07,0,0,0,5.60258e+07
102.953,103.622,2.27027,0,0,2.67043,2.67043,0,0.500284,4.89888,4.51578e+06,2.70226e+06,1.20591e+07,0,0,0,0,62.3121,61.308,1.82101,0,1,1.2694,1.2694,0,0.980433,1.69344,9.38471e+06,3.61194e+06,1.19129e+07,0,0,0,5.60258e+07
102.552,103.622,2.2807,0,0,2.7336,2.7336,0,0.500439,4.89888,4.51578e+06,2.70226e+06,1.23443e+07,0,0,0,0,62.2764,61.308,1.85743,0,1,1.30082,1.30082,0,0.980737,1.69344,9.38471e+06,3.61194e+06,1.22078e+07,0,0,0,5.60258e+07
102.326,103.622,2.45219,0,0,2.73445,2.73445,0,0.512277,4.89888,4.51578e+06,2.70226e+06,1.23482e+07,0,0,0,0,62.3362,61.308,2.20507,0,1,1.30122,1.30122,0,1.00501,1.69344,9.38471e+06,3.61194e+06,1.22116e+07,0,0,0,5.60258e+07
101.914,103.622,2.25996,0,0,2.7353,2.7353,0,0.512436,4.89888,4.51578e+06,2.70226e+06,1.2352e+07,0,0,0,0,62.3362,61.308,2.13602,0,1,1.30163,1.30163,0,1.00532,1.69344,9.38471e+06,3.61194e+06,1.22154e+07,0,0,0,5.60258e+07
101.313,103.622,2.05402,0,0,2.73615,2.73615,0,0.512595,4.89888,4.51578e+06,2.70226e+06,1.23558e+07,0,0,0,0,62.3322,61.308,1.95434,0,1,1.30203,1.30203,0,1.00564,1.69344,9.38471e+06,3.61194e+06,1.22192e+07,0,0,0,5.60258e+07
100.348,103.622,1.82212,0,0,2.91979,2.91979,0,0.512754,4.89888,4.51578e+06,2.70226e+06,1.31851e+07,0,0,0,0,62.1492,61.308,1.92845,0,1,1.41457,1.41457,0,1.00595,1.69344,9.38471e+06,3.61194e+06,1.32753e+07,0,0,0,5.60258e+07
99.7356,103.622,2.16351,0,0,2.92069,2.92069,0,0.547168,4.89888,4.51578e+06,2.70226e+06,1.31892e+07,0,0,0,0,62.0076,61.308,1.76529,0,1,1.41501,1.41501,0,1.09289,1.69344,9.38471e+06,3.61194e+06,1.32794e+07,0,0,0,5.60258e+07
99.4716,103.622,2.54678,0,0,2.9216,2.9216,0,0.547337,4.89888,4.51578e+06,2.70226e+06,1.31933e+07,0,0,0,0,61.8141,61.308,2.16003,0,1,1.41544,1.41544,0,1.09323,1.69344,9.38471e+06,3.61194e+06,1.32835e+07,0,0,0,5.60258e+07
98.7292,103.622,2.04313,0,0,2.9225,2.9225,0,0.547507,4.89888,4.51578e+06,2.70226e+06,1.31974e+07,0,0,0,0,61.6143,61.308,1.55684,0,1,1.41588,1.41588,0,1.09357,1.69344,9.38471e+06,3.61194e+06,1.32876e+07,0,0,0,5.60258e+07
98.4201,103.622,2.51305,0,0,2.92341,2.92341,0,0.547677,4.89888,4.51578e+06,2.70226e+06,1.32015e+07,0,0,0,0,61.7502,61.308,2.71617,0,1,1.41632,1.41632,0,1.09391,1.69344,9.38471e+06,3.61194e+06,1.32918e+07,0,0,0,5.60258e+07
98.8085,103.622,3.19216,0,0,2.83509,2.83509,0,0.547846,4.89888,4.51578e+06,2.70226e+06,1.28026e+07,0,0,0,0,62.0841,61.308,2.63735,0,1,1.34859,1.34859,0,1.09425,1.69344,9.38471e+06,3.61194e+06,1.26562e+07,0,0,0,5.60258e+07
99.715,103.622,3.79526,0,0,2.83597,2.83597,0,0.531296,4.89888,4.51578e+06,2.70226e+06,1.28066e+07,0,0,0,0,62.3362,61.308,2.93512,0,1,1.34901,1.34901,0,1.04192,1.69344,9.38471e+06,3.61194e+06,1.26601e+07,0,0,0,5.60258e+07
100.662,103.622,3.81592,0,0,2.83685,2.83685,0,0.53146,4.89888,4.51578e+06,2.70226e+06,1.28106e+07,0,0,0,0,62.3362,61.308,2.61027,0,1,1.34943,1.34943,0,1.04225,1.69344,9.38471e+06,3.61194e+06,1.2664e+07,0,0,0,5.60258e+07
101.086,103.622,3.41536,0,0,2.83772,2.83772,0,0.531625,4.89888,4.51578e+06,2.70226e+06,1.28145e+07,0,0,0,0,62.3362,61.308,2.5968,0,1,1.34985,1.34985,0,1.04257,1.69344,9.38471e+06,3.61194e+06,1.26679e+07,0,0,0,5.60258e+07
102.141,103.622,4.2129,0,0,2.76527,2.76527,0,0.531789,4.89888,4.51578e+06,2.70226e+06,1.24874e+07,0,0,0,0,62.3362,61.308,2.79367,0,1,1.28814,1.28814,0,1.04289,1.69344,9.38471e+06,3.61194e+06,1.20888e+07,0,0,0,5.60258e+07
103.622,103.622,7.64845,0,0,2.76613,2.76613,0,0.518212,4.89888,4.51578e+06,2.70226e+06,1.24912e+07,0,0,0,0,62.3362,61.308,5.17409,0,1,1.28854,1.28854,0,0.995217,1.69344,9.38471e+06,3.61194e+06,1.20926e+07,0,0,0,5.60258e+07
103.622,103.622,4.21507,0,0,2.76699,2.76699,0,0.518373,4.89888,4.51578e+06,2.70226e+06,1.24951e+07,0,0,0,0,62.3362,61.308,2.76667,0,1,1.28894,1.28894,0,0.995525,1.69344,9.38471e+06,3.61194e+06,1.20963e+07,0,0,0,5.60258e+07
103.622,103.622,4.22111,0,0,2.76784,2.76784,0,0.518534,4.89888,4.51578e+06,2.70226e+06,1.2499e+07,0,0,0,0,62.3362,61.308,3.00399,0,1,1.28934,1.28934,0,0.995833,1.69344,9.38471e+06,3.61194e+06,1.21001e+07,0,0,0,5.60258e+07
103.622,103.622,5.3067,0,0,2.56019,2.56019,0,0.518694,4.89888,4.51578e+06,2.70226e+06,1.15612e+07,0,0,0,0,62.3362,61.308,3.75031,0,1,1.16019,1.16019,0,0.996142,1.69344,9.38471e+06,3.61194e+06,1.0888e+07,0,0,0,5.60258e+07
103.622,103.622,7.35111,0,0,2.56098,2.56098,0,0.479779,4.89888,4.51578e+06,2.70226e+06,1.15648e+07,0,0,0,0,62.3362,61.308,8.54113,0,1,1.16055,1.16055,0,0.89636,1.69344,9.38471e+06,3.61194e+06,1.08914e+07,0,0,0,5.60258e+07
103.622,103.622,8.07135,0,0,2.56177,2.56177,0,0.479928,4.89888,4.51578e+06,2.70226e+06,1.15684e+07,0,0,0,0,62.3362,61.308,9.12773,0,1,1.1609,1.1609,0,0.896637,1.69344,9.38471e+06,3.61194e+06,1.08948e+07,0,0,0,5.60258e+07
103.622,103.622,8.19213,0,0,2.56257,2.56257,0,0.480076,4.89888,4.51578e+06,2.70226e+06,1.1572e+07,0,0,0,0,62.3362,61.308,11.2014,0,1,1.16126,1.16126,0,0.896915,1.69344,9.38471e+06,3.61194e+06,1.08981e+07,0,0,0,5.60258e+07
103.622,103.622,7.26232,0,0,2.56336,2.56336,0,0.480225,4.89888,4.51578e+06,2.70226e+06,1.15756e+07,0,0,0,0,62.3362,61.308,9.47867,0,1,1.16162,1.16162,0,0.897193,1.69344,9.38471e+06,3.61194e+06,1.09015e+07,0,0,0,5.60258e+07
103.622,103.622,9.01495,0,0,2.64446,2.64446,0,0.480373,4.89888,4.51578e+06,2.70226e+06,1.19418e+07,0,0,0,0,62.3362,61.308,9.16863,0,1,1.19955,1.19955,0,0.89747,1.69344,9.38471e+06,3.61194e+06,1.12574e+07,0,0,0,5.60258e+07
103.622,103.622,8.92334,0,0,2.64525,2.64525,0,0.495572,4.89888,4.51578e+06,2.70226e+06,1.19454e+07,0,0,0,0,62.3362,61.308,8.96501,0,1,1.1999,1.1999,0,0.926769,1.69344,9.38471e+06,3.61194e+06,1.12608e+07,0,0,0,5.60258e+07
103.622,103.622,8.91135,0,0,2.64604,2.64604,0,0.49572,4.89888,4.51578e+06,2.70226e+06,1.19489e+07,0,0,0,0,62.3362,61.308,10.7498,0,1,1.20026,1.20026,0,0.927046,1.69344,9.38471e+06,3.61194e+06,1.12641e+07,0,0,0,5.60258e+07
103.622,103.622,10.0008,0,0,2.64683,2.64683,0,0.495868,4.89888,4.51578e+06,2.70226e+06,1.19525e+07,0,0,0,0,62.3362,61.308,7.69609,0,1,1.20062,1.20062,0,0.927323,1.69344,9.38471e+06,3.61194e+06,1.12675e+07,0,0,0,5.60258e+07
103.622,103.622,13.5274,0,0,2.90586,2.90586,0,0.496016,4.89888,4.51578e+06,2.70226e+06,1.31222e+07,0,0,0,0,62.3362,61.308,12.8985,0,1,1.34219,1.34219,0,0.927599,1.69344,9.38471e+06,3.61194e+06,1.2596e+07,0,0,0,5.60258e+07
103.622,103.622,13.1739,0,0,2.90673,2.90673,0,0.544558,4.89888,4.51578e+06,2.70226e+06,1.31261e+07,0,0,0,0,62.3362,61.308,11.2054,0,1,1.34259,1.34259,0,1.03697,1.69344,9.38471e+06,3.61194e+06,1.25998e+07,0,0,0,5.60258e+07
103.622,103.622,12.5661,0,0,2.90759,2.90759,0,0.544721,4.89888,4.51578e+06,2.70226e+06,1.31301e+07,0,0,0,0,62.3362,61.308,11.0064,0,1,1.34299,1.34299,0,1.03728,1.69344,9.38471e+06,3.61194e+06,1.26036e+07,0,0,0,5.60258e+07
103.622,103.622,6.24718,0,0,2.90846,2.90846,0,0.544883,4.89888,4.51578e+06,2.70226e+06,1.3134e+07,0,0,0,0,62.3362,61.308,6.51388,0,1,1.34339,1.34339,0,1.03759,1.69344,9.38471e+06,3.61194e+06,1.26073e+07,0,0,0,5.60258e+07
103.622,103.622,5.40489,0,0,2.54055,2.54055,0,0.545046,4.89888,4.51578e+06,2.70226e+06,1.14726e+07,0,0,0,0,62.3362,61.308,7.25541,0,1,1.15406,1.15406,0,1.0379,1.69344,9.38471e+06,3.61194e+06,1.08305e+07,0,0,0,5.60258e+07
103.622,103.622,3.39452,0,0,2.54131,2.54131,0,0.4761,4.89888,4.51578e+06,2.70226e+06,1.1476e+07,0,0,0,0,62.3362,61.308,3.79929,0,1,1.1544,1.1544,0,0.891626,1.69344,9.38471e+06,3.61194e+06,1.08337e+07,0,0,0,5.60258e+07
103.622,103.622,3.44695,0,0,2.54207,2.54207,0,0.476242,4.89888,4.51578e+06,2.70226e+06,1.14794e+07,0,0,0,0,62.3362,61.308,4.43585,0,1,1.15475,1.15475,0,0.891892,1.69344,9.38471e+06,3.61194e+06,1.0837e+07,0,0,0,5.60258e+07
103.622,103.622,4.83875,0,0,2.54283,2.54283,0,0.476384,4.89888,4.51578e+06,2.70226e+06,1.14828e+07,0,0,0,0,62.3362,61.308,4.70032,0,1,1.15509,1.15509,0,0.892158,1.69344,9.38471e+06,3.61194e+06,1.08402e+07,0,0,0,5.60258e+07
103.622,103.622,4.71111,0,0,2.54359,2.54359,0,0.476526,4.89888,4.51578e+06,2.70226e+06,1.14863e+07,0,0,0,0,62.3362,61.308,4.58988,0,1,1.15544,1.15544,0,0.892424,1.69344,9.38471e+06,3.61194e+06,1.08434e+07,0,0,0,5.60258e+07
103.622,103.622,5.13538,0,0,2.63731,2.63731,0,0.476668,4.89888,4.51578e+06,2.70226e+06,1.19095e+07,0,0,0,0,62.3362,61.308,5.84747,0,1,1.20226,1.20226,0,0.89269,1.69344,9.38471e+06,3.61194e+06,1.12829e+07,0,0,0,5.60258e+07
103.622,103.622,3.78605,0,0,2.63809,2.63809,0,0.494232,4.89888,4.51578e+06,2.70226e+06,1.19131e+07,0,0,0,0,62.3362,61.308,3.06939,0,1,1.20262,1.20262,0,0.92887,1.69344,9.38471e+06,3.61194e+06,1.12863e+07,0,0,0,5.60258e+07
103.622,103.622,4.15415,0,0,2.63888,2.63888,0,0.494379,4.89888,4.51578e+06,2.70226e+06,1.19166e+07,0,0,0,0,62.3362,61.308,3.91653,0,1,1.20298,1.20298,0,0.929147,1.69344,9.38471e+06,3.61194e+06,1.12896e+07,0,0,0,5.60258e+07
103.622,103.622,4.49221,0,0,2.63967,2.63967,0,0.494526,4.89888,4.51578e+06,2.70226e+06,1.19202e+07,0,0,0,0,62.3362,61.308,3.06567,0,1,1.20334,1.20334,0,0.929424,1.69344,9.38471e+06,3.61194e+06,1.1293e+07,0,0,0,5.60258e+07
103.622,103.622,3.65141,0,0,2.60406,2.60406,0,0.494674,4.89888,4.51578e+06,2.70226e+06,1.17594e+07,0,0,0,0,62.3362,61.308,2.99237,0,1,1.18562,1.18562,0,0.929701,1.69344,9.38471e+06,3.61194e+06,1.11267e+07,0,0,0,5.60258e+07
103.622,103.622,3.93786,0,0,2.60484,2.60484,0,0.488001,4.89888,4.51578e+06,2.70226e+06,1.17629e+07,0,0,0,0,62.3362,61.308,4.62012,0,1,1.18598,1.18598,0,0.916013,1.69344,9.38471e+06,3.61194e+06,1.113e+07,0,0,0,5.60258e+07
103.622,103.622,3.75438,0,0,2.60561,2.60561,0,0.488147,4.89888,4.51578e+06,2.70226e+06,1.17664e+07,0,0,0,0,62.3362,61.308,3.85377,0,1,1.18633,1.18633,0,0.916286,1.69344,9.38471e+06,3.61194e+06,1.11334e+07,0,0,0,5.60258e+07
103.622,103.622,3.29976,0,0,2.60639,2.60639,0,0.488292,4.89888,4.51578e+06,2.70226e+06,1.17699e+07,0,0,0,0,62.3362,61.308,3.76546,0,1,1.18668,1.18668,0,0.916559,1.69344,9.38471e+06,3.61194e+06,1.11367e+07,0,0,0,5.60258e+07
103.579,103.622,2.88518,0,0,2.73084,2.73084,0,0.488438,4.89888,4.51578e+06,2.70226e+06,1.23319e+07,0,0,0,0,62.3362,61.308,3.98587,0,1,1.25121,1.25121,0,0.916832,1.69344,9.38471e+06,3.61194e+06,1.17423e+07,0,0,0,5.60258e+07
103.622,103.622,3.17502,0,0,2.73166,2.73166,0,0.51176,4.89888,4.51578e+06,2.70226e+06,1.23356e+07,0,0,0,0,62.3362,61.308,4.28125,0,1,1.25159,1.25159,0,0.966688,1.69344,9.38471e+06,3.61194e+06,1.17458e+07,0,0,0,5.60258e+07
103.622,103.622,3.15889,0,0,2.73247,2.73247,0,0.511912,4.89888,4.51578e+06,2.70226e+06,1.23392e+07,0,0,0,0,62.3362,61.308,4.00163,0,1,1.25196,1.25196,0,0.966976,1.69344,9.38471e+06,3.61194e+06,1.17493e+07,0,0,0,5.60258e+07
103.542,103.622,2.83247,0,0,2.73328,2.73328,0,0.512065,4.89888,4.51578e+06,2.70226e+06,1.23429e+07,0,0,0,0,62.3362,61.308,3.65585,0,1,1.25233,1.25233,0,0.967264,1.69344,9.38471e+06,3.61194e+06,1.17528e+07,0,0,0,5.60258e+07
103.377,103.622,2.66798,0,0,2.7341,2.7341,0,0.512217,4.89888,4.51578e+06,2.70226e+06,1.23466e+07,0,0,0,0,62.3362,61.308,3.51558,0,1,1.25271,1.25271,0,0.967553,1.69344,9.38471e+06,3.61194e+06,1.17563e+07,0,0,0,5.60258e+07
103.262,103.622,2.64163,0,0,2.71042,2.71042,0,0.51237,4.89888,4.51578e+06,2.70226e+06,1.22396e+07,0,0,0,0,62.3362,61.308,3.21105,0,1,1.2884,1.2884,0,0.967841,1.69344,9.38471e+06,3.61194e+06,1.20913e+07,0,0,0,5.60258e+07
103.166,103.622,2.623,0,0,2.71122,2.71122,0,0.507932,4.89888,4.51578e+06,2.70226e+06,1.22433e+07,0,0,0,0,62.3362,61.308,2.97962,0,1,1.28879,1.28879,0,0.995421,1.69344,9.38471e+06,3.61194e+06,1.20949e+07,0,0,0,5.60258e+07
102.894,103.622,2.4502,0,0,2.71203,2.71203,0,0.508084,4.89888,4.51578e+06,2.70226e+06,1.22469e+07,0,0,0,0,62.3362,61.308,2.91257,0,1,1.28917,1.28917,0,0.995718,1.69344,9.38471e+06,3.61194e+06,1.20985e+07,0,0,0,5.60258e+07
102.426,103.622,2.23789,0,0,2.71284,2.71284,0,0.508235,4.89888,4.51578e+06,2.70226e+06,1.22506e+07,0,0,0,0,62.3362,61.308,2.66906,0,1,1.28956,1.28956,0,0.996014,1.69344,9.38471e+06,3.61194e+06,1.21021e+07,0,0,0,5.60258e+07
101.801,103.622,2.10147,0,0,2.77698,2.77698,0,0.508386,4.89888,4.51578e+06,2.70226e+06,1.25402e+07,0,0,0,0,62.3362,61.308,2.50588,0,1,1.32146,1.32146,0,0.996311,1.69344,9.38471e+06,3.61194e+06,1.24015e+07,0,0,0,5.60258e+07
101.398,103.622,2.26718,0,0,2.77781,2.77781,0,0.520406,4.89888,4.51578e+06,2.70226e+06,1.2544e+07,0,0,0,0,62.3362,61.308,2.42292,0,1,1.32185,1.32185,0,1.02096,1.69344,9.38471e+06,3.61194e+06,1.24052e+07,0,0,0,5.60258e+07
100.866,103.622,2.13621,0,0,2.77863,2.77863,0,0.520561,4.89888,4.51578e+06,2.70226e+06,1.25477e+07,0,0,0,0,62.3362,61.308,2.40576,0,1,1.32225,1.32225,0,1.02126,1.69344,9.38471e+06,3.61194e+06,1.24089e+07,0,0,0,5.60258e+07
100.116,103.622,1.90208,0,0,2.77946,2.77946,0,0.520716,4.89888,4.51578e+06,2.70226e+06,1.25514e+07,0,0,0,0,62.3362,61.308,2.1914,0,1,1.32264,1.32264,0,1.02157,1.69344,9.38471e+06,3.61194e+06,1.24126e+07,0,0,0,5.60258e+07
99.0607,103.622,1.73523,0,0,2.96597,2.96597,0,0.520871,4.89888,4.51578e+06,2.70226e+06,1.33937e+07,0,0,0,0,62.3362,61.308,2.14056,0,1,1.43694,1.43694,0,1.02187,1.69344,9.38471e+06,3.61194e+06,1.34853e+07,0,0,0,5.60258e+07
98.0956,103.622,1.79784,0,0,2.96685,2.96685,0,0.555823,4.89888,4.51578e+06,2.70226e+06,1.33977e+07,0,0,0,0,62.3161,61.308,2.22083,0,1,1.43737,1.43737,0,1.11018,1.69344,9.38471e+06,3.61194e+06,1.34893e+07,0,0,0,5.60258e+07
97.1451,103.622,1.80266,0,0,2.96774,2.96774,0,0.555988,4.89888,4.51578e+06,2.70226e+06,1.34016e+07,0,0,0,0,62.2502,61.308,2.11627,0,1,1.4378,1.4378,0,1.11051,1.69344,9.38471e+06,3.61194e+06,1.34933e+07,0,0,0,5.60258e+07
96.4254,103.622,2.07381,0,0,2.96862,2.96862,0,0.556154,4.89888,4.51578e+06,2.70226e+06,1.34056e+07,0,0,0,0,62.2002,61.308,2.25773,0,1,1.43823,1.43823,0,1.11084,1.69344,9.38471e+06,3.61194e+06,1.34973e+07,0,0,0,5.60258e+07
95.6906,103.622,2.01791,0,0,2.9695,2.9695,0,0.556319,4.89888,4.51578e+06,2.70226e+06,1.34096e+07,0,0,0,0,62.1609,61.308,2.22042,0,1,1.43865,1.43865,0,1.11117,1.69344,9.38471e+06,3.61194e+06,1.35013e+07,0,0,0,5.60258e+07
94.8588,103.622,1.82347,0,0,2.87976,2.87976,0,0.556485,4.89888,4.51578e+06,2.70226e+06,1.30043e+07,0,0,0,0,62.2044,61.308,2.37834,0,1,1.36984,1.36984,0,1.1115,1.69344,9.38471e+06,3.61194e+06,1.28556e+07,0,0,0,5.60258e+07
94.3825,103.622,2.15183,0,0,2.88061,2.88061,0,0.539666,4.89888,4.51578e+06,2.70226e+06,1.30082e+07,0,0,0,0,62.3362,61.308,2.88606,0,1,1.37025,1.37025,0,1.05834,1.69344,9.38471e+06,3.61194e+06,1.28594e+07,0,0,0,5.60258e+07
93.7248,103.622,1.9633,0,0,2.88147,2.88147,0,0.539827,4.89888,4.51578e+06,2.70226e+06,1.30121e+07,0,0,0,0,62.3362,61.308,2.2824,0,1,1.37066,1.37066,0,1.05865,1.69344,9.38471e+06,3.61194e+06,1.28632e+07,0,0,0,5.60258e+07
92.6932,103.622,1.56024,0,0,2.88233,2.88233,0,0.539987,4.89888,4.51578e+06,2.70226e+06,1.3016e+07,0,0,0,0,62.3362,61.308,2.02137,0,1,1.37106,1.37106,0,1.05897,1.69344,9.38471e+06,3.61194e+06,1.2867e+07,0,0,0,5.60258e+07
92.3414,103.622,2.2588,0,0,2.8087,2.8087,0,0.540148,4.89888,4.51578e+06,2.70226e+06,1.26835e+07,0,0,0,0,62.3362,61.308,2.20771,0,1,1.30837,1.30837,0,1.05928,1.69344,9.38471e+06,3.61194e+06,1.22787e+07,0,0,0,5.60258e+07
92.0182,103.622,2.37798,0,0,2.80954,2.80954,0,0.526351,4.89888,4.51578e+06,2.70226e+06,1.26873e+07,0,0,0,0,62.3362,61.308,2.03624,0,1,1.30876,1.30876,0,1.01085,1.69344,9.38471e+06,3.61194e+06,1.22823e+07,0,0,0,5.60258e+07
91.2491,103.622,1.91586,0,0,2.81037,2.81037,0,0.526508,4.89888,4.51578e+06,2.70226e+06,1.2691e+07,0,0,0,0,62.2192,61.308,1.74389,0,1,1.30915,1.30915,0,1.01115,1.69344,9.38471e+06,3.61194e+06,1.2286e+07,0,0,0,5.60258e+07
92.0192,103.622,3.61669,0,0,2.81121,2.81121,0,0.526664,4.89888,4.51578e+06,2.70226e+06,1.26948e+07,0,0,0,0,62.3362,61.308,5.21261,0,1,1.30954,1.30954,0,1.01145,1.69344,9.38471e+06,3.61194e+06,1.22896e+07,0,0,0,5.60258e+07
95.7053,103.622,6.54966,0,0,2.60027,2.60027,0,0.526821,4.89888,4.51578e+06,2.70226e+06,1.17422e+07,0,0,0,0,62.3081,61.308,6.00311,0,1,1.17835,1.17835,0,1.01175,1.69344,9.38471e+06,3.61194e+06,1.10585e+07,0,0,0,5.60258e+07
97.9124,103.622,4.98252,0,0,2.60104,2.60104,0,0.48729,4.89888,4.51578e+06,2.70226e+06,1.17457e+07,0,0,0,0,62.3362,61.308,2.02585,0,1,1.1787,1.1787,0,0.910393,1.69344,9.38471e+06,3.61194e+06,1.10618e+07,0,0,0,5.60258e+07
103.622,103.622,9.39577,0,0,2.60181,2.60181,0,0.487435,4.89888,4.51578e+06,2.70226e+06,1.17492e+07,0,0,0,0,62.3362,61.308,3.12944,0,1,1.17905,1.17905,0,0.910663,1.69344,9.38471e+06,3.61194e+06,1.1065e+07,0,0,0,5.60258e+07
103.622,103.622,11.5145,0,0,2.60259,2.60259,0,0.48758,4.89888,4.51578e+06,2.70226e+06,1.17527e+07,0,0,0,0,62.3362,61.308,5.49048,0,1,1.1794,1.1794,0,0.910934,1.69344,9.38471e+06,3.61194e+06,1.10683e+07,0,0,0,5.60258e+07
103.622,103.622,7.54445,0,0,2.60336,2.60336,0,0.487725,4.89888,4.51578e+06,2.70226e+06,1.17562e+07,0,0,0,0,62.3362,61.308,4.82309,0,1,1.17975,1.17975,0,0.911205,1.69344,9.38471e+06,3.61194e+06,1.10716e+07,0,0,0,5.60258e+07
103.622,103.622,9.0321,0,0,2.6857,2.6857,0,0.48787,4.89888,4.51578e+06,2.70226e+06,1.2128e+07,0,0,0,0,62.3362,61.308,4.94952,0,1,1.21825,1.21825,0,0.911476,1.69344,9.38471e+06,3.61194e+06,1.14329e+07,0,0,0,5.60258e+07
103.622,103.622,3.65907,0,0,2.68647,2.68647,0,0.5033,5.7456,4.51578e+06,2.70226e+06,1.21315e+07,0,0,0,0,62.3362,61.308,2.96369,0,1,1.2186,1.2186,0,0.941221,1.69344,9.38471e+06,3.61194e+06,1.14362e+07,0,0,0,5.60258e+07
103.622,103.622,10.5339,0,0,2.68723,2.68723,0,0.503444,5.7456,4.51578e+06,2.70226e+06,1.2135e+07,0,0,0,0,62.3362,61.308,6.02447,0,1,1.21895,1.21895,0,0.94149,1.69344,9.38471e+06,3.61194e+06,1.14395e+07,0,0,0,5.60258e+07
103.622,103.622,5.92482,0,0,2.688,2.688,0,0.503588,5.7456,4.51578e+06,2.70226e+06,1.21384e+07,0,0,0,0,62.3362,61.308,4.97906,0,1,1.2193,1.2193,0,0.94176,1.69344,9.38471e+06,3.61194e+06,1.14428e+07,0,0,0,5.60258e+07
103.622,103.622,3.98371,0,0,2.95103,2.95103,0,0.503732,5.7456,4.51578e+06,2.70226e+06,1.33262e+07,0,0,0,0,62.3362,61.308,3.61722,0,1,1.36305,1.36305,0,0.942029,1.69344,9.38471e+06,3.61194e+06,1.27918e+07,0,0,0,5.60258e+07
103.622,103.622,3.93138,0,0,2.95187,2.95187,0,0.553023,5.7456,4.51578e+06,2.70226e+06,1.333e+07,0,0,0,0,62.3362,61.308,3.50784,0,1,1.36344,1.36344,0,1.05309,1.69344,9.38471e+06,3.61194e+06,1.27955e+07,0,0,0,5.60258e+07
103.622,103.622,4.49152,0,0,2.95272,2.95272,0,0.553181,5.7456,4.51578e+06,2.70226e+06,1.33338e+07,0,0,0,0,62.3362,61.308,4.04416,0,1,1.36383,1.36383,0,1.05339,1.69344,9.38471e+06,3.61194e+06,1.27992e+07,0,0,0,5.60258e+07
103.622,103.622,4.56681,0,0,2.95356,2.95356,0,0.55334,5.7456,4.51578e+06,2.70226e+06,1.33376e+07,0,0,0,0,62.3362,61.308,3.60479,0,1,1.36422,1.36422,0,1.0537,1.69344,9.38471e+06,3.61194e+06,1.28028e+07,0,0,0,5.60258e+07
103.622,103.622,4.81899,0,0,2.57992,2.57992,0,0.553498,5.7456,4.51578e+06,2.70226e+06,1.16503e+07,0,0,0,0,62.3362,61.308,4.48397,0,1,1.17194,1.17194,0,1.054,1.69344,9.38471e+06,3.61194e+06,1.09983e+07,0,0,0,5.60258e+07
103.622,103.622,8.06327,0,0,2.58066,2.58066,0,0.483477,5.7456,4.51578e+06,2.70226e+06,1.16537e+07,0,0,0,0,62.3362,61.308,4.36302,0,1,1.17228,1.17228,0,0.905442,1.69344,9.38471e+06,3.61194e+06,1.10015e+07,0,0,0,5.60258e+07
103.622,103.622,11.0201,0,0,2.5814,2.5814,0,0.483615,5.7456,4.51578e+06,2.70226e+06,1.1657e+07,0,0,0,0,62.3362,61.308,6.60745,0,1,1.17261,1.17261,0,0.905701,1.69344,9.38471e+06,3.61194e+06,1.10046e+07,0,0,0,5.60258e+07
103.622,103.622,12.2912,0,0,2.58213,2.58213,0,0.483754,5.7456,4.51578e+06,2.70226e+06,1.16603e+07,0,0,0,0,62.3362,61.308,8.15239,0,1,1.17295,1.17295,0,0.90596,1.69344,9.38471e+06,3.61194e+06,1.10078e+07,0,0,0,5.60258e+07
103.622,103.622,8.43111,0,0,2.58287,2.58287,0,0.483892,5.7456,4.51578e+06,2.70226e+06,1.16637e+07,0,0,0,0,62.3362,61.308,4.8695,0,1,1.17328,1.17328,0,0.906219,1.69344,9.38471e+06,3.61194e+06,1.10109e+07,0,0,0,5.60258e+07
103.622,103.622,11.1914,0,0,2.67801,2.67801,0,0.48403,5.7456,4.51578e+06,2.70226e+06,1.20933e+07,0,0,0,0,62.3362,61.308,10.5656,0,1,1.22082,1.22082,0,0.906478,1.69344,9.38471e+06,3.61194e+06,1.1457e+07,0,0,0,5.60258e+07
103.622,103.622,6.93096,0,0,2.67878,2.67878,0,0.501859,5.7456,4.51578e+06,2.70226e+06,1.20968e+07,0,0,0,0,62.3362,61.308,5.97104,0,1,1.22117,1.22117,0,0.943206,1.69344,9.38471e+06,3.61194e+06,1.14603e+07,0,0,0,5.60258e+07
103.622,103.622,6.64722,0,0,2.67954,2.67954,0,0.502003,5.7456,4.51578e+06,2.70226e+06,1.21002e+07,0,0,0,0,62.3362,61.308,6.16467,0,1,1.22152,1.22152,0,0.943475,1.69344,9.38471e+06,3.61194e+06,1.14636e+07,0,0,0,5.60258e+07
103.622,103.622,6.02002,0,0,2.68031,2.68031,0,0.502146,5.7456,4.51578e+06,2.70226e+06,1.21037e+07,0,0,0,0,62.3362,61.308,5.96736,0,1,1.22187,1.22187,0,0.943745,1.69344,9.38471e+06,3.61194e+06,1.14669e+07,0,0,0,5.60258e+07
103.622,103.622,5.11978,0,0,2.64412,2.64412,0,0.50229,5.7456,4.51578e+06,2.70226e+06,1.19403e+07,0,0,0,0,62.3362,61.308,4.79714,0,1,1.20386,1.20386,0,0.944015,1.69344,9.38471e+06,3.61194e+06,1.12979e+07,0,0,0,5.60258e+07
103.622,103.622,4.89143,0,0,2.64488,2.64488,0,0.495509,5.7456,4.51578e+06,2.70226e+06,1.19437e+07,0,0,0,0,62.3362,61.308,4.40603,0,1,1.20421,1.20421,0,0.930105,1.69344,9.38471e+06,3.61194e+06,1.13011e+07,0,0,0,5.60258e+07
103.622,103.622,4.52677,0,0,2.64564,2.64564,0,0.495651,5.7456,4.51578e+06,2.70226e+06,1.19471e+07,0,0,0,0,62.3362,61.308,4.17791,0,1,1.20455,1.20455,0,0.930371,1.69344,9.38471e+06,3.61194e+06,1.13044e+07,0,0,0,5.60258e+07
103.622,103.622,4.21263,0,0,2.64639,2.64639,0,0.495792,5.7456,4.51578e+06,2.70226e+06,1.19505e+07,0,0,0,0,62.3362,61.308,4.18531,0,1,1.2049,1.2049,0,0.930637,1.69344,9.38471e+06,3.61194e+06,1.13076e+07,0,0,0,5.60258e+07
103.622,103.622,4.11035,0,0,2.77272,2.77272,0,0.495934,5.7456,4.51578e+06,2.70226e+06,1.2521e+07,0,0,0,0,62.3362,61.308,5.1309,0,1,1.2704,1.2704,0,0.930903,1.69344,9.38471e+06,3.61194e+06,1.19224e+07,0,0,0,5.60258e+07
103.622,103.622,3.32058,0,0,2.77351,2.77351,0,0.519608,5.7456,4.51578e+06,2.70226e+06,1.25246e+07,0,0,0,0,62.3362,61.308,3.53818,0,1,1.27077,1.27077,0,0.981513,1.69344,9.38471e+06,3.61194e+06,1.19258e+07,0,0,0,5.60258e+07
103.622,103.622,3.22213,0,0,2.77431,2.77431,0,0.519757,5.7456,4.51578e+06,2.70226e+06,1.25282e+07,0,0,0,0,62.3362,61.308,3.67657,0,1,1.27113,1.27113,0,0.981794,1.69344,9.38471e+06,3.61194e+06,1.19292e+07,0,0,0,5.60258e+07
103.622,103.622,2.84285,0,0,2.7751,2.7751,0,0.519905,5.7456,4.51578e+06,2.70226e+06,1.25317e+07,0,0,0,0,62.3362,61.308,3.07944,0,1,1.27149,1.27149,0,0.982074,1.69344,9.38471e+06,3.61194e+06,1.19326e+07,0,0,0,5.60258e+07
103.622,103.622,2.6778,0,0,2.77589,2.77589,0,0.520054,5.7456,4.51578e+06,2.70226e+06,1.25353e+07,0,0,0,0,62.3362,61.308,2.63873,0,1,1.27186,1.27186,0,0.982355,1.69344,9.38471e+06,3.61194e+06,1.1936e+07,0,0,0,5.60258e+07
103.622,103.622,2.95893,0,0,2.75182,2.75182,0,0.520202,5.7456,4.51578e+06,2.70226e+06,1.24266e+07,0,0,0,0,62.3362,61.308,2.69755,0,1,1.30808,1.30808,0,0.982636,1.69344,9.38471e+06,3.61194e+06,1.2276e+07,0,0,0,5.60258e+07
103.622,103.622,3.34407,0,0,2.7526,2.7526,0,0.515691,5.7456,4.51578e+06,2.70226e+06,1.24302e+07,0,0,0,0,62.3362,61.308,2.90555,0,1,1.30846,1.30846,0,1.01063,1.69344,9.38471e+06,3.61194e+06,1.22795e+07,0,0,0,5.60258e+07
103.622,103.622,3.14606,0,0,2.75339,2.75339,0,0.515838,5.7456,4.51578e+06,2.70226e+06,1.24337e+07,0,0,0,0,62.3362,61.308,2.78959,0,1,1.30883,1.30883,0,1.01091,1.69344,9.38471e+06,3.61194e+06,1.2283e+07,0,0,0,5.60258e+07
103.622,103.622,2.87086,0,0,2.75418,2.75418,0,0.515985,5.7456,4.51578e+06,2.70226e+06,1.24373e+07,0,0,0,0,62.3362,61.308,2.65589,0,1,1.30921,1.30921,0,1.0112,1.69344,9.38471e+06,3.61194e+06,1.22865e+07,0,0,0,5.60258e+07
103.467,103.622,2.6217,0,0,2.81926,2.81926,0,0.516133,5.7456,4.51578e+06,2.70226e+06,1.27312e+07,0,0,0,0,62.1826,61.308,2.43911,0,1,1.34158,1.34158,0,1.01149,1.69344,9.38471e+06,3.61194e+06,1.25903e+07,0,0,0,5.60258e+07
102.852,103.622,2.0375,0,0,2.82006,2.82006,0,0.528329,5.7456,4.51578e+06,2.70226e+06,1.27348e+07,0,0,0,0,62.1423,61.308,1.77197,0,1,1.34196,1.34196,0,1.0365,1.69344,9.38471e+06,3.61194e+06,1.25939e+07,0,0,0,5.60258e+07
102.198,103.622,2.00322,0,0,2.82087,2.82087,0,0.52848,5.7456,4.51578e+06,2.70226e+06,1.27384e+07,0,0,0,0,62.0326,61.308,1.82327,0,1,1.34235,1.34235,0,1.0368,1.69344,9.38471e+06,3.61194e+06,1.25975e+07,0,0,0,5.60258e+07
101.437,103.622,1.8645,0,0,2.82168,2.82168,0,0.528631,5.7456,4.51578e+06,2.70226e+06,1.27421e+07,0,0,0,0,61.7819,61.308,1.72659,0,1,1.34273,1.34273,0,1.0371,1.69344,9.38471e+06,3.61194e+06,1.26011e+07,0,0,0,5.60258e+07
100.418,103.622,1.71913,0,0,3.01098,3.01098,0,0.528782,5.7456,4.51578e+06,2.70226e+06,1.35969e+07,0,0,0,0,61.5783,61.308,1.62339,0,1,1.45875,1.45875,0,1.03739,1.69344,9.38471e+06,3.61194e+06,1.36899e+07,0,0,0,5.60258e+07
99.4224,103.622,1.73955,0,0,3.01184,3.01184,0,0.564258,5.7456,4.51578e+06,2.70226e+06,1.36008e+07,0,0,0,0,61.2911,61.308,1.93403,0,1,1.45917,1.45917,0,1.12703,1.69344,9.38471e+06,3.61194e+06,1.36939e+07,0,0,0,5.60258e+07
98.0284,103.622,1.27297,0,0,3.0127,3.0127,0,0.564419,5.7456,4.51578e+06,2.70226e+06,1.36047e+07,0,0,0,0,60.9356,61.308,1.58021,0,1,1.45958,1.45958,0,1.12735,1.69344,9.38471e+06,3.61194e+06,1.36978e+07,0,0,0,5.60258e+07
96.776,103.622,1.41027,0,0,3.01356,3.01356,0,0.564581,5.7456,4.51578e+06,2.70226e+06,1.36086e+07,0,0,0,0,60.6498,61.308,1.62334,0,1,1.46,1.46,0,1.12767,1.69344,9.38471e+06,3.61194e+06,1.37017e+07,0,0,0,5.60258e+07
96.2355,103.622,2.19055,0,0,3.01442,3.01442,0,0.564742,5.7456,4.51578e+06,2.70226e+06,1.36125e+07,0,0,0,0,60.4714,61.308,1.97852,0,1,1.46042,1.46042,0,1.128,1.69344,9.38471e+06,3.61194e+06,1.37056e+07,0,0,0,5.60258e+07
96.1122,103.622,2.54255,0,0,2.92328,2.92328,0,0.564903,5.7456,4.51578e+06,2.70226e+06,1.32009e+07,0,0,0,0,60.1994,61.308,1.93614,0,1,1.39055,1.39055,0,1.12832,1.69344,9.38471e+06,3.61194e+06,1.30499e+07,0,0,0,5.60258e+07
94.9374,103.622,1.44463,0,0,2.92412,2.92412,0,0.547824,5.7456,4.51578e+06,2.70226e+06,1.32047e+07,0,0,0,0,59.7221,61.308,1.41607,0,1,1.39094,1.39094,0,1.07434,1.69344,9.38471e+06,3.61194e+06,1.30536e+07,0,0,0,5.60258e+07
93.9866,103.622,1.65398,0,0,2.92495,2.92495,0,0.54798,5.7456,4.51578e+06,2.70226e+06,1.32084e+07,0,0,0,0,59.5302,61.308,1.43843,0,1,1.39134,1.39134,0,1.07464,1.69344,9.38471e+06,3.61194e+06,1.30573e+07,0,0,0,5.60258e+07
93.834,103.622,2.61138,0,0,2.92579,2.92579,0,0.548136,5.7456,4.51578e+06,2.70226e+06,1.32122e+07,0,0,0,0,59.6409,61.308,2.48361,0,1,1.39174,1.39174,0,1.07495,1.69344,9.38471e+06,3.61194e+06,1.30611e+07,0,0,0,5.60258e+07
93.3556,103.622,2.22192,0,0,2.85102,2.85102,0,0.548293,5.7456,4.51578e+06,2.70226e+06,1.28746e+07,0,0,0,0,59.6629,61.308,1.96508,0,1,1.32808,1.32808,0,1.07526,1.69344,9.38471e+06,3.61194e+06,1.24637e+07,0,0,0,5.60258e+07
94.3089,103.622,4.03208,0,0,2.85184,2.85184,0,0.534282,5.7456,4.51578e+06,2.70226e+06,1.28783e+07,0,0,0,0,60.248,61.308,3.24773,0,1,1.32846,1.32846,0,1.02608,1.69344,9.38471e+06,3.61194e+06,1.24672e+07,0,0,0,5.60258e+07
96.2058,103.622,4.97352,0,0,2.85265,2.85265,0,0.534434,5.7456,4.51578e+06,2.70226e+06,1.28819e+07,0,0,0,0,61.0803,61.308,4.72705,0,1,1.32884,1.32884,0,1.02637,1.69344,9.38471e+06,3.61194e+06,1.24708e+07,0,0,0,5.60258e+07
97.6603,103.622,4.63822,0,0,2.85346,2.85346,0,0.534587,5.7456,4.51578e+06,2.70226e+06,1.28856e+07,0,0,0,0,62.0363,61.308,4.63625,0,1,1.32922,1.32922,0,1.02666,1.69344,9.38471e+06,3.61194e+06,1.24743e+07,0,0,0,5.60258e+07
99.5438,103.622,4.92687,0,0,2.63932,2.63932,0,0.534739,5.7456,4.51578e+06,2.70226e+06,1.19186e+07,0,0,0,0,62.3362,61.308,3.6147,0,1,1.19605,1.19605,0,1.02696,1.69344,9.38471e+06,3.61194e+06,1.12245e+07,0,0,0,5.60258e+07
100.606,103.622,4.08721,0,0,2.64007,2.64007,0,0.494608,5.7456,4.51578e+06,2.70226e+06,1.1922e+07,0,0,0,0,62.3362,61.308,3.54579,0,1,1.19639,1.19639,0,0.924065,1.69344,9.38471e+06,3.61194e+06,1.12277e+07,0,0,0,5.60258e+07
101.422,103.622,3.91241,0,0,2.64082,2.64082,0,0.494749,5.7456,4.51578e+06,2.70226e+06,1.19254e+07,0,0,0,0,62.3362,61.308,4.72304,0,1,1.19673,1.19673,0,0.924329,1.69344,9.38471e+06,3.61194e+06,1.12309e+07,0,0,0,5.60258e+07
103.622,103.622,6.24076,0,0,2.64158,2.64158,0,0.49489,5.7456,4.51578e+06,2.70226e+06,1.19288e+07,0,0,0,0,62.3362,61.308,4.95646,0,1,1.19707,1.19707,0,0.924592,1.69344,9.38471e+06,3.61194e+06,1.12342e+07,0,0,0,5.60258e+07
103.622,103.622,6.31338,0,0,2.64233,2.64233,0,0.495032,5.7456,4.51578e+06,2.70226e+06,1.19322e+07,0,0,0,0,62.3362,61.308,5.23388,0,1,1.19741,1.19741,0,0.924856,1.69344,9.38471e+06,3.61194e+06,1.12374e+07,0,0,0,5.60258e+07
103.622,103.622,9.60894,0,0,2.64233,2.64233,0,0.495173,5.7456,4.51578e+06,2.70226e+06,1.19322e+07,0,0,0,0,62.3362,61.308,6.23931,0,1,1.19741,1.19741,0,0.92512,1.69344,9.38471e+06,3.61194e+06,1.12374e+07,0,0,0,5.60258e+07
103.622,103.622,4.96621,0,0,2.72587,2.72587,0,0.495173,5.7456,4.51578e+06,2.70226e+06,1.23094e+07,0,0,0,0,62.3362,61.308,3.27981,0,1,1.23647,1.23647,0,0.92512,1.69344,9.38471e+06,3.61194e+06,1.16039e+07,0,0,0,5.60258e+07
103.622,103.622,6.53748,0,0,2.72662,2.72662,0,0.510828,5.7456,4.51578e+06,2.70226e+06,1.23128e+07,0,0,0,0,62.3362,61.308,4.15225,0,1,1.23681,1.23681,0,0.955299,1.69344,9.38471e+06,3.61194e+06,1.16071e+07,0,0,0,5.60258e+07
103.622,103.622,6.28945,0,0,2.72736,2.72736,0,0.510968,5.7456,4.51578e+06,2.70226e+06,1.23162e+07,0,0,0,0,62.3362,61.308,4.23514,0,1,1.23715,1.23715,0,0.955561,1.69344,9.38471e+06,3.61194e+06,1.16103e+07,0,0,0,5.60258e+07
103.622,103.622,6.85911,0,0,2.72811,2.72811,0,0.511108,5.7456,4.51578e+06,2.70226e+06,1.23196e+07,0,0,0,0,62.3362,61.308,5.3127,0,1,1.23749,1.23749,0,0.955823,1.69344,9.38471e+06,3.61194e+06,1.16135e+07,0,0,0,5.60258e+07
103.622,103.622,4.90809,0,0,2.99503,2.99503,0,0.511248,5.7456,4.51578e+06,2.70226e+06,1.35249e+07,0,0,0,0,62.3362,61.308,4.23728,0,1,1.38337,1.38337,0,0.956085,1.69344,9.38471e+06,3.61194e+06,1.29826e+07,0,0,0,5.60258e+07
103.622,103.622,6.3957,0,0,2.99585,2.99585,0,0.561268,5.7456,4.51578e+06,2.70226e+06,1.35286e+07,0,0,0,0,62.3362,61.308,5.50032,0,1,1.38375,1.38375,0,1.06879,1.69344,9.38471e+06,3.61194e+06,1.29861e+07,0,0,0,5.60258e+07
103.622,103.622,4.69976,0,0,2.99667,2.99667,0,0.561422,5.7456,4.51578e+06,2.70226e+06,1.35323e+07,0,0,0,0,62.3362,61.308,4.57502,0,1,1.38413,1.38413,0,1.06909,1.69344,9.38471e+06,3.61194e+06,1.29897e+07,0,0,0,5.60258e+07
103.622,103.622,5.00595,0,0,2.99749,2.99749,0,0.561576,5.7456,4.51578e+06,2.70226e+06,1.3536e+07,0,0,0,0,62.3362,61.308,4.63473,0,1,1.38451,1.38451,0,1.06938,1.69344,9.38471e+06,3.61194e+06,1.29932e+07,0,0,0,5.60258e+07
103.622,103.622,6.33466,0,0,2.61826,2.61826,0,0.56173,5.7456,4.51578e+06,2.70226e+06,1.18235e+07,0,0,0,0,62.3362,61.308,4.30802,0,1,1.18936,1.18936,0,1.06967,1.69344,9.38471e+06,3.61194e+06,1.11618e+07,0,0,0,5.60258e+07
103.622,103.622,7.29749,0,0,2.61898,2.61898,0,0.490662,5.7456,4.51578e+06,2.70226e+06,1.18267e+07,0,0,0,0,62.3362,61.308,5.86935,0,1,1.18968,1.18968,0,0.918897,1.69344,9.38471e+06,3.61194e+06,1.11648e+07,0,0,0,5.60258e+07
103.622,103.622,6.77421,0,0,2.61969,2.61969,0,0.490796,5.7456,4.51578e+06,2.70226e+06,1.183e+07,0,0,0,0,62.3362,61.308,5.68377,0,1,1.19001,1.19001,0,0.919149,1.69344,9.38471e+06,3.61194e+06,1.11679e+07,0,0,0,5.60258e+07
103.622,103.622,5.04736,0,0,2.62041,2.62041,0,0.490931,5.7456,4.51578e+06,2.70226e+06,1.18332e+07,0,0,0,0,62.3362,61.308,5.43133,0,1,1.19034,1.19034,0,0.919401,1.69344,9.38471e+06,3.61194e+06,1.1171e+07,0,0,0,5.60258e+07
103.622,103.622,7.09981,0,0,2.62113,2.62113,0,0.491065,5.7456,4.51578e+06,2.70226e+06,1.18365e+07,0,0,0,0,62.3362,61.308,10.3563,0,1,1.19066,1.19066,0,0.919653,1.69344,9.38471e+06,3.61194e+06,1.1174e+07,0,0,0,5.60258e+07
103.622,103.622,7.48879,0,0,2.71765,2.71765,0,0.4912,5.7456,4.51578e+06,2.70226e+06,1.22723e+07,0,0,0,0,62.3362,61.308,10.3722,0,1,1.23889,1.23889,0,0.919905,1.69344,9.38471e+06,3.61194e+06,1.16266e+07,0,0,0,5.60258e+07
103.622,103.622,5.56153,0,0,2.71839,2.71839,0,0.509287,5.7456,4.51578e+06,2.70226e+06,1.22757e+07,0,0,0,0,62.3362,61.308,8.9374,0,1,1.23923,1.23923,0,0.957165,1.69344,9.38471e+06,3.61194e+06,1.16298e+07,0,0,0,5.60258e+07
103.622,103.622,5.85291,0,0,2.71914,2.71914,0,0.509427,5.7456,4.51578e+06,2.70226e+06,1.2279e+07,0,0,0,0,62.3362,61.308,9.96477,0,1,1.23957,1.23957,0,0.957428,1.69344,9.38471e+06,3.61194e+06,1.1633e+07,0,0,0,5.60258e+07
103.622,103.622,5.36625,0,0,2.71988,2.71988,0,0.509566,5.7456,4.51578e+06,2.70226e+06,1.22824e+07,0,0,0,0,62.3362,61.308,9.26573,0,1,1.23991,1.23991,0,0.95769,1.69344,9.38471e+06,3.61194e+06,1.16362e+07,0,0,0,5.60258e+07
103.622,103.622,4.13929,0,0,2.68313,2.68313,0,0.509706,5.7456,4.51578e+06,2.70226e+06,1.21164e+07,0,0,0,0,62.3362,61.308,4.75115,0,1,1.22162,1.22162,0,0.957953,1.69344,9.38471e+06,3.61194e+06,1.14646e+07,0,0,0,5.60258e+07
103.622,103.622,3.19236,0,0,2.68387,2.68387,0,0.502819,5.7456,4.51578e+06,2.70226e+06,1.21197e+07,0,0,0,0,62.3362,61.308,3.59879,0,1,1.22196,1.22196,0,0.943826,1.69344,9.38471e+06,3.61194e+06,1.14677e+07,0,0,0,5.60258e+07
103.518,103.622,2.80663,0,0,2.6846,2.6846,0,0.502956,5.7456,4.51578e+06,2.70226e+06,1.21231e+07,0,0,0,0,62.3362,61.308,3.26052,0,1,1.22229,1.22229,0,0.944085,1.69344,9.38471e+06,3.61194e+06,1.14709e+07,0,0,0,5.60258e+07
103.17,103.622,2.51092,0,0,2.68534,2.68534,0,0.503094,5.7456,4.51578e+06,2.70226e+06,1.21264e+07,0,0,0,0,62.3362,61.308,2.89187,0,1,1.22263,1.22263,0,0.944343,1.69344,9.38471e+06,3.61194e+06,1.1474e+07,0,0,0,5.60258e+07
102.79,103.622,2.52772,0,0,2.81349,2.81349,0,0.503232,5.7456,4.51578e+06,2.70226e+06,1.27051e+07,0,0,0,0,62.3362,61.308,2.65731,0,1,1.28908,1.28908,0,0.944602,1.69344,9.38471e+06,3.61194e+06,1.20977e+07,0,0,0,5.60258e+07
102.471,103.622,2.56995,0,0,2.81426,2.81426,0,0.527248,5.7456,4.51578e+06,2.70226e+06,1.27086e+07,0,0,0,0,62.3362,61.308,2.59078,0,1,1.28944,1.28944,0,0.995945,1.69344,9.38471e+06,3.61194e+06,1.2101e+07,0,0,0,5.60258e+07
102.056,103.622,2.45484,0,0,2.81503,2.81503,0,0.527393,5.7456,4.51578e+06,2.70226e+06,1.27121e+07,0,0,0,0,62.3362,61.308,2.7341,0,1,1.28979,1.28979,0,0.996218,1.69344,9.38471e+06,3.61194e+06,1.21043e+07,0,0,0,5.60258e+07
101.452,103.622,2.26935,0,0,2.8158,2.8158,0,0.527537,5.7456,4.51578e+06,2.70226e+06,1.27156e+07,0,0,0,0,62.3362,61.308,2.61678,0,1,1.29014,1.29014,0,0.996491,1.69344,9.38471e+06,3.61194e+06,1.21076e+07,0,0,0,5.60258e+07
100.952,103.622,2.29415,0,0,2.81658,2.81658,0,0.527682,5.7456,4.51578e+06,2.70226e+06,1.2719e+07,0,0,0,0,62.3362,61.308,2.74064,0,1,1.2905,1.2905,0,0.996764,1.69344,9.38471e+06,3.61194e+06,1.21109e+07,0,0,0,5.60258e+07
100.624,103.622,2.46245,0,0,2.79211,2.79211,0,0.527826,5.7456,4.51578e+06,2.70226e+06,1.26086e+07,0,0,0,0,62.3362,61.308,3.07964,0,1,1.32724,1.32724,0,0.997037,1.69344,9.38471e+06,3.61194e+06,1.24558e+07,0,0,0,5.60258e+07
100.118,103.622,2.26182,0,0,2.79288,2.79288,0,0.523242,5.7456,4.51578e+06,2.70226e+06,1.2612e+07,0,0,0,0,62.3362,61.308,2.70639,0,1,1.3276,1.3276,0,1.02542,1.69344,9.38471e+06,3.61194e+06,1.24592e+07,0,0,0,5.60258e+07
99.4806,103.622,2.08019,0,0,2.79364,2.79364,0,0.523385,5.7456,4.51578e+06,2.70226e+06,1.26155e+07,0,0,0,0,62.3362,61.308,2.6623,0,1,1.32797,1.32797,0,1.02571,1.69344,9.38471e+06,3.61194e+06,1.24626e+07,0,0,0,5.60258e+07
98.7522,103.622,1.94758,0,0,2.79441,2.79441,0,0.523529,5.7456,4.51578e+06,2.70226e+06,1.26189e+07,0,0,0,0,62.3362,61.308,2.56664,0,1,1.32833,1.32833,0,1.02599,1.69344,9.38471e+06,3.61194e+06,1.2466e+07,0,0,0,5.60258e+07
97.7129,103.622,1.61725,0,0,2.86041,2.86041,0,0.523672,5.7456,4.51578e+06,2.70226e+06,1.2917e+07,0,0,0,0,62.3362,61.308,2.21191,0,1,1.36116,1.36116,0,1.02627,1.69344,9.38471e+06,3.61194e+06,1.27741e+07,0,0,0,5.60258e+07
96.8696,103.622,1.84507,0,0,2.86119,2.86119,0,0.53604,5.7456,4.51578e+06,2.70226e+06,1.29205e+07,0,0,0,0,62.3362,61.308,2.7647,0,1,1.36153,1.36153,0,1.05163,1.69344,9.38471e+06,3.61194e+06,1.27776e+07,0,0,0,5.60258e+07
95.8951,103.622,1.66476,0,0,2.86197,2.86197,0,0.536187,5.7456,4.51578e+06,2.70226e+06,1.2924e+07,0,0,0,0,62.3362,61.308,2.65986,0,1,1.36191,1.36191,0,1.05192,1.69344,9.38471e+06,3.61194e+06,1.27811e+07,0,0,0,5.60258e+07
94.8025,103.622,1.51486,0,0,2.86276,2.86276,0,0.536334,5.7456,4.51578e+06,2.70226e+06,1.29276e+07,0,0,0,0,62.3362,61.308,2.30539,0,1,1.36228,1.36228,0,1.05221,1.69344,9.38471e+06,3.61194e+06,1.27846e+07,0,0,0,5.60258e+07
93.6663,103.622,1.59189,0,0,3.05479,3.05479,0,0.536481,5.7456,4.51578e+06,2.70226e+06,1.37947e+07,0,0,0,0,62.2551,61.308,2.56872,0,1,1.47997,1.47997,0,1.0525,1.69344,9.38471e+06,3.61194e+06,1.38891e+07,0,0,0,5.60258e+07
92.4658,103.622,1.4528,0,0,3.05562,3.05562,0,0.572467,5.7456,4.51578e+06,2.70226e+06,1.37985e+07,0,0,0,0,62.0299,61.308,2.11751,0,1,1.48038,1.48038,0,1.14343,1.69344,9.38471e+06,3.61194e+06,1.38929e+07,0,0,0,5.60258e+07
91.3596,103.622,1.57393,0,0,3.05646,3.05646,0,0.572623,5.7456,4.51578e+06,2.70226e+06,1.38023e+07,0,0,0,0,61.9347,61.308,2.60847,0,1,1.48078,1.48078,0,1.14374,1.69344,9.38471e+06,3.61194e+06,1.38967e+07,0,0,0,5.60258e+07
90.03,103.622,1.30694,0,0,3.05729,3.05729,0,0.57278,5.7456,4.51578e+06,2.70226e+06,1.38061e+07,0,0,0,0,61.6506,61.308,1.81388,0,1,1.48119,1.48119,0,1.14405,1.69344,9.38471e+06,3.61194e+06,1.39005e+07,0,0,0,5.60258e+07
88.9412,103.622,1.57801,0,0,3.05813,3.05813,0,0.572937,5.7456,4.51578e+06,2.70226e+06,1.38098e+07,0,0,0,0,61.243,61.308,3.32903,0,1,1.48159,1.48159,0,1.14436,1.69344,9.38471e+06,3.61194e+06,1.39043e+07,0,0,0,5.60258e+07
87.4478,103.622,1.0405,0,0,2.96564,2.96564,0,0.573094,5.7456,4.51578e+06,2.70226e+06,1.33922e+07,0,0,0,0,60.3314,61.308,1.13016,0,1,1.41069,1.41069,0,1.14468,1.69344,9.38471e+06,3.61194e+06,1.32389e+07,0,0,0,5.60258e+07
86.026,103.622,1.1146,0.01,0,2.96645,2.96645,0,0.55576,5.7456,4.51578e+06,2.70226e+06,1.33958e+07,0,0,0,0,59.7312,61.308,1.06774,0,1,1.41108,1.41108,0,1.0899,1.69344,9.38471e+06,3.61194e+06,1.32426e+07,0,0,0,5.60258e+07
84.9338,103.622,1.49298,0.01,0,2.96726,2.96726,0,0.555912,5.7456,4.51578e+06,2.70226e+06,1.33995e+07,0,0,0,0,59.492,61.308,1.44844,0,1,1.41146,1.41146,0,1.0902,1.69344,9.38471e+06,3.61194e+06,1.32462e+07,0,0,0,5.60258e+07
84.2401,103.622,1.99216,0.01,0,2.96807,2.96807,0,0.556064,5.7456,4.51578e+06,2.70226e+06,1.34032e+07,0,0,0,0,59.4433,61.308,2.03584,0,1,1.41185,1.41185,0,1.0905,1.69344,9.38471e+06,3.61194e+06,1.32498e+07,0,0,0,5.60258e+07
85.0173,103.622,3.51213,0.01,0,2.89219,2.89219,0,0.556216,5.7456,4.51578e+06,2.70226e+06,1.30605e+07,0,0,0,0,59.5204,61.308,2.41841,0,1,1.34726,1.34726,0,1.0908,1.69344,9.38471e+06,3.61194e+06,1.26436e+07,0,0,0,5.60258e+07
86.4652,103.622,4.32084,0.01,0,2.88582,2.89298,0,0.541996,5.7456,4.51578e+06,2.70226e+06,1.30317e+07,0,0,0,0,59.6653,61.308,2.77468,0,1,1.35479,1.34763,0,1.04089,1.69344,9.38471e+06,3.61194e+06,1.27143e+07,0,0,0,5.60258e+07
88.1064,103.622,4.53403,0.01,0,2.88698,2.89377,0,0.540802,5.7456,4.51578e+06,2.70226e+06,1.30369e+07,0,0,0,0,60.4245,61.308,4.18145,0,1,1.35479,1.348,0,1.04671,1.69344,9.38471e+06,3.61194e+06,1.27143e+07,0,0,0,5.60258e+07
89.0452,103.622,3.91009,0.01,0,2.88814,2.89456,0,0.541019,5.7456,4.51578e+06,2.70226e+06,1.30422e+07,0,0,0,0,60.8998,61.308,3.43578,0,1,1.35479,1.34837,0,1.04671,1.69344,9.38471e+06,3.61194e+06,1.27143e+07,0,0,0,5.60258e+07
92.2763,103.622,6.42605,0,0,2.6773,2.6773,0,0.541237,5.7456,4.51578e+06,2.70226e+06,1.20901e+07,0,0,0,0,62.3362,61.308,6.57043,0,1,1.21326,1.21326,0,1.04671,1.69344,9.38471e+06,3.61194e+06,1.13861e+07,0,0,0,5.60258e+07
96.1827,103.622,7.38812,0,0,2.67803,2.67803,0,0.501726,5.7456,4.51578e+06,2.70226e+06,1.20934e+07,0,0,0,0,62.3362,61.308,8.5277,0,1,1.21359,1.21359,0,0.937363,1.69344,9.38471e+06,3.61194e+06,1.13892e+07,0,0,0,5.60258e+07
99.9618,103.622,7.32805,0,0,2.67877,2.67877,0,0.501863,5.7456,4.51578e+06,2.70226e+06,1.20967e+07,0,0,0,0,62.3362,61.308,7.99267,0,1,1.21392,1.21392,0,0.93762,1.69344,9.38471e+06,3.61194e+06,1.13923e+07,0,0,0,5.60258e+07
102.752,103.622,6.22936,0,0,2.6795,2.6795,0,0.502001,5.7456,4.51578e+06,2.70226e+06,1.21e+07,0,0,0,0,62.3362,61.308,8.10493,0,1,1.21425,1.21425,0,0.937876,1.69344,9.38471e+06,3.61194e+06,1.13954e+07,0,0,0,5.60258e+07
103.622,103.622,6.74158,0,0,2.68023,2.68023,0,0.502138,5.7456,4.51578e+06,2.70226e+06,1.21033e+07,0,0,0,0,62.3362,61.308,7.30925,0,1,1.21459,1.21459,0,0.938133,1.69344,9.38471e+06,3.61194e+06,1.13985e+07,0,0,0,5.60258e+07
103.622,103.622,5.52118,0,0,2.76493,2.76493,0,0.502275,5.7456,4.51578e+06,2.70226e+06,1.24858e+07,0,0,0,0,62.3362,61.308,4.70671,0,1,1.25419,1.25419,0,0.938389,1.69344,9.38471e+06,3.61194e+06,1.17702e+07,0,0,0,5.60258e+07
103.622,103.622,5.76985,0,0,2.76566,2.76566,0,0.518148,5.7456,4.51578e+06,2.70226e+06,1.24891e+07,0,0,0,0,62.3362,61.308,6.14317,0,1,1.25452,1.25452,0,0.968989,1.69344,9.38471e+06,3.61194e+06,1.17733e+07,0,0,0,5.60258e+07
103.622,103.622,12.3348,0,0,2.76638,2.76638,0,0.518284,5.7456,4.51578e+06,2.70226e+06,1.24924e+07,0,0,0,0,62.3362,61.308,7.6588,0,1,1.25485,1.25485,0,0.969244,1.69344,9.38471e+06,3.61194e+06,1.17764e+07,0,0,0,5.60258e+07
103.622,103.622,9.23196,0,0,2.76711,2.76711,0,0.51842,5.7456,4.51578e+06,2.70226e+06,1.24957e+07,0,0,0,0,62.3362,61.308,6.31099,0,1,1.25518,1.25518,0,0.969498,1.69344,9.38471e+06,3.61194e+06,1.17795e+07,0,0,0,5.60258e+07
103.622,103.622,6.14612,0,0,3.03781,3.03781,0,0.518557,5.7456,4.51578e+06,2.70226e+06,1.37181e+07,0,0,0,0,62.3362,61.308,4.64378,0,1,1.40313,1.40313,0,0.969753,1.69344,9.38471e+06,3.61194e+06,1.3168e+07,0,0,0,5.60258e+07
103.622,103.622,6.48407,0,0,3.0386,3.0386,0,0.569285,5.7456,4.51578e+06,2.70226e+06,1.37217e+07,0,0,0,0,62.3362,61.308,5.6879,0,1,1.4035,1.4035,0,1.08406,1.69344,9.38471e+06,3.61194e+06,1.31714e+07,0,0,0,5.60258e+07
103.622,103.622,12.624,0,0,3.0394,3.0394,0,0.569434,5.7456,4.51578e+06,2.70226e+06,1.37253e+07,0,0,0,0,62.3362,61.308,8.39385,0,1,1.40387,1.40387,0,1.08434,1.69344,9.38471e+06,3.61194e+06,1.31749e+07,0,0,0,5.60258e+07
103.622,103.622,5.58935,0,0,3.0402,3.0402,0,0.569584,5.7456,4.51578e+06,2.70226e+06,1.37289e+07,0,0,0,0,62.3362,61.308,4.2943,0,1,1.40424,1.40424,0,1.08463,1.69344,9.38471e+06,3.61194e+06,1.31784e+07,0,0,0,5.60258e+07
103.622,103.622,8.20447,0,0,2.65553,2.65553,0,0.569733,5.7456,4.51578e+06,2.70226e+06,1.19918e+07,0,0,0,0,62.3362,61.308,6.86432,0,1,1.20629,1.20629,0,1.08491,1.69344,9.38471e+06,3.61194e+06,1.13207e+07,0,0,0,5.60258e+07
103.622,103.622,10.5761,0,0,2.65623,2.65623,0,0.497646,5.7456,4.51578e+06,2.70226e+06,1.19949e+07,0,0,0,0,62.3362,61.308,7.65975,0,1,1.2066,1.2066,0,0.931978,1.69344,9.38471e+06,3.61194e+06,1.13236e+07,0,0,0,5.60258e+07
103.622,103.622,9.08989,0,0,2.65692,2.65692,0,0.497777,5.7456,4.51578e+06,2.70226e+06,1.19981e+07,0,0,0,0,62.3362,61.308,6.10861,0,1,1.20692,1.20692,0,0.932222,1.69344,9.38471e+06,3.61194e+06,1.13266e+07,0,0,0,5.60258e+07
103.622,103.622,9.92087,0,0,2.65762,2.65762,0,0.497908,5.7456,4.51578e+06,2.70226e+06,1.20012e+07,0,0,0,0,62.3362,61.308,6.28916,0,1,1.20724,1.20724,0,0.932467,1.69344,9.38471e+06,3.61194e+06,1.13296e+07,0,0,0,5.60258e+07
103.622,103.622,9.36855,0,0,2.65832,2.65832,0,0.498038,5.7456,4.51578e+06,2.70226e+06,1.20044e+07,0,0,0,0,62.3362,61.308,6.09087,0,1,1.20755,1.20755,0,0.932712,1.69344,9.38471e+06,3.61194e+06,1.13325e+07,0,0,0,5.60258e+07
103.622,103.622,13.488,0,0,2.75617,2.75617,0,0.498169,5.7456,4.51578e+06,2.70226e+06,1.24463e+07,0,0,0,0,62.3362,61.308,8.15551,0,1,1.25645,1.25645,0,0.932956,1.69344,9.38471e+06,3.61194e+06,1.17914e+07,0,0,0,5.60258e+07
103.622,103.622,10.7646,0,0,2.75689,2.75689,0,0.516506,5.7456,4.51578e+06,2.70226e+06,1.24495e+07,0,0,0,0,62.3362,61.308,6.23522,0,1,1.25678,1.25678,0,0.970734,1.69344,9.38471e+06,3.61194e+06,1.17945e+07,0,0,0,5.60258e+07
103.622,103.622,9.30836,0,0,2.75762,2.75762,0,0.516642,5.7456,4.51578e+06,2.70226e+06,1.24528e+07,0,0,0,0,62.3362,61.308,5.58676,0,1,1.25711,1.25711,0,0.970989,1.69344,9.38471e+06,3.61194e+06,1.17976e+07,0,0,0,5.60258e+07
103.622,103.622,8.45515,0,0,2.75834,2.75834,0,0.516777,5.7456,4.51578e+06,2.70226e+06,1.24561e+07,0,0,0,0,62.3362,61.308,5.19139,0,1,1.25744,1.25744,0,0.971243,1.69344,9.38471e+06,3.61194e+06,1.18007e+07,0,0,0,5.60258e+07
103.622,103.622,6.18487,0,0,2.72104,2.72104,0,0.516913,5.7456,4.51578e+06,2.70226e+06,1.22876e+07,0,0,0,0,62.3362,61.308,3.21158,0,1,1.23888,1.23888,0,0.971498,1.69344,9.38471e+06,3.61194e+06,1.16265e+07,0,0,0,5.60258e+07
103.622,103.622,5.40642,0,0,2.72175,2.72175,0,0.509922,5.7456,4.51578e+06,2.70226e+06,1.22908e+07,0,0,0,0,62.3362,61.308,2.82363,0,1,1.23921,1.23921,0,0.95716,1.69344,9.38471e+06,3.61194e+06,1.16296e+07,0,0,0,5.60258e+07
103.622,103.622,5.10216,0,0,2.72246,2.72246,0,0.510056,5.7456,4.51578e+06,2.70226e+06,1.22941e+07,0,0,0,0,62.3362,61.308,2.75212,0,1,1.23953,1.23953,0,0.957411,1.69344,9.38471e+06,3.61194e+06,1.16326e+07,0,0,0,5.60258e+07
103.622,103.622,4.88178,0,0,2.72318,2.72318,0,0.51019,5.7456,4.51578e+06,2.70226e+06,1.22973e+07,0,0,0,0,62.3362,61.308,3.32578,0,1,1.23986,1.23986,0,0.957662,1.69344,9.38471e+06,3.61194e+06,1.16357e+07,0,0,0,5.60258e+07
103.622,103.622,4.6752,0,0,2.85311,2.85311,0,0.510324,5.7456,4.51578e+06,2.70226e+06,1.2884e+07,0,0,0,0,62.1975,61.308,2.71106,0,1,1.30723,1.30723,0,0.957913,1.69344,9.38471e+06,3.61194e+06,1.2268e+07,0,0,0,5.60258e+07
103.622,103.622,4.36057,0,0,2.85385,2.85385,0,0.534672,5.7456,4.51578e+06,2.70226e+06,1.28874e+07,0,0,0,0,62.0521,61.308,2.24125,0,1,1.30758,1.30758,0,1.00997,1.69344,9.38471e+06,3.61194e+06,1.22712e+07,0,0,0,5.60258e+07
103.622,103.622,3.97237,0,0,2.8546,2.8546,0,0.534812,5.7456,4.51578e+06,2.70226e+06,1.28908e+07,0,0,0,0,62.1295,61.308,1.8639,0,1,1.30792,1.30792,0,1.01023,1.69344,9.38471e+06,3.61194e+06,1.22744e+07,0,0,0,5.60258e+07
103.622,103.622,3.52271,0,0,2.85535,2.85535,0,0.534952,5.7456,4.51578e+06,2.70226e+06,1.28941e+07,0,0,0,0,62.2851,61.308,1.9243,0,1,1.30826,1.30826,0,1.0105,1.69344,9.38471e+06,3.61194e+06,1.22777e+07,0,0,0,5.60258e+07
103.622,103.622,3.26821,0,0,2.8561,2.8561,0,0.535093,5.7456,4.51578e+06,2.70226e+06,1.28975e+07,0,0,0,0,62.3362,61.308,2.12095,0,1,1.3086,1.3086,0,1.01076,1.69344,9.38471e+06,3.61194e+06,1.22809e+07,0,0,0,5.60258e+07
103.622,103.622,2.95734,0,0,2.83126,2.83126,0,0.535233,5.7456,4.51578e+06,2.70226e+06,1.27854e+07,0,0,0,0,62.3362,61.308,2.46716,0,1,1.34585,1.34585,0,1.01103,1.69344,9.38471e+06,3.61194e+06,1.26304e+07,0,0,0,5.60258e+07
103.555,103.622,2.74469,0,0,2.832,2.832,0,0.530578,5.7456,4.51578e+06,2.70226e+06,1.27887e+07,0,0,0,0,62.3362,61.308,2.44062,0,1,1.3462,1.3462,0,1.0398,1.69344,9.38471e+06,3.61194e+06,1.26337e+07,0,0,0,5.60258e+07
103.272,103.622,2.51209,0,0,2.83275,2.83275,0,0.530717,5.7456,4.51578e+06,2.70226e+06,1.27921e+07,0,0,0,0,62.3362,61.308,2.17794,0,1,1.34655,1.34655,0,1.04007,1.69344,9.38471e+06,3.61194e+06,1.2637e+07,0,0,0,5.60258e+07
102.831,103.622,2.31131,0,0,2.83349,2.83349,0,0.530856,5.7456,4.51578e+06,2.70226e+06,1.27954e+07,0,0,0,0,62.3356,61.308,2.13246,0,1,1.34691,1.34691,0,1.04035,1.69344,9.38471e+06,3.61194e+06,1.26403e+07,0,0,0,5.60258e+07
102.395,103.622,2.28731,0,0,2.90038,2.90038,0,0.530996,5.7456,4.51578e+06,2.70226e+06,1.30975e+07,0,0,0,0,62.3362,61.308,2.39032,0,1,1.38018,1.38018,0,1.04062,1.69344,9.38471e+06,3.61194e+06,1.29526e+07,0,0,0,5.60258e+07
101.901,103.622,2.26298,0,0,2.90114,2.90114,0,0.54353,5.7456,4.51578e+06,2.70226e+06,1.31009e+07,0,0,0,0,62.3362,61.308,2.45652,0,1,1.38054,1.38054,0,1.06633,1.69344,9.38471e+06,3.61194e+06,1.2956e+07,0,0,0,5.60258e+07
101.287,103.622,2.09244,0,0,2.9019,2.9019,0,0.543673,5.7456,4.51578e+06,2.70226e+06,1.31043e+07,0,0,0,0,62.2169,61.308,2.35492,0,1,1.3809,1.3809,0,1.06661,1.69344,9.38471e+06,3.61194e+06,1.29594e+07,0,0,0,5.60258e+07
100.513,103.622,1.90789,0,0,2.90266,2.90266,0,0.543815,5.7456,4.51578e+06,2.70226e+06,1.31078e+07,0,0,0,0,62.3362,61.308,2.09705,0,1,1.38127,1.38127,0,1.06689,1.69344,9.38471e+06,3.61194e+06,1.29628e+07,0,0,0,5.60258e+07
99.7822,103.622,2.13326,0,0,3.09732,3.09732,0,0.543958,5.7456,4.51578e+06,2.70226e+06,1.39868e+07,0,0,0,0,62.316,61.308,2.69787,0,1,1.50058,1.50058,0,1.06717,1.69344,9.38471e+06,3.61194e+06,1.40825e+07,0,0,0,5.60258e+07
98.678,103.622,1.7023,0,0,3.09813,3.09813,0,0.580438,5.7456,4.51578e+06,2.70226e+06,1.39905e+07,0,0,0,0,62.3362,61.308,2.22995,0,1,1.50097,1.50097,0,1.15935,1.69344,9.38471e+06,3.61194e+06,1.40862e+07,0,0,0,5.60258e+07
97.6808,103.622,1.8391,0,0,3.09895,3.09895,0,0.58059,5.7456,4.51578e+06,2.70226e+06,1.39942e+07,0,0,0,0,62.1442,61.308,2.74598,0,1,1.50137,1.50137,0,1.15965,1.69344,9.38471e+06,3.61194e+06,1.40899e+07,0,0,0,5.60258e+07
96.4146,103.622,1.52379,0,0,3.09976,3.09976,0,0.580743,5.7456,4.51578e+06,2.70226e+06,1.39978e+07,0,0,0,0,62.2342,61.308,1.93158,0,1,1.50176,1.50176,0,1.15996,1.69344,9.38471e+06,3.61194e+06,1.40936e+07,0,0,0,5.60258e+07
95.4809,103.622,1.90557,0,0,3.10057,3.10057,0,0.580895,5.7456,4.51578e+06,2.70226e+06,1.40015e+07,0,0,0,0,62.3362,61.308,3.59986,0,1,1.50215,1.50215,0,1.16026,1.69344,9.38471e+06,3.61194e+06,1.40973e+07,0,0,0,5.60258e+07
95.2047,103.622,2.78817,0,0,3.00676,3.00676,0,0.581047,5.7456,4.51578e+06,2.70226e+06,1.35778e+07,0,0,0,0,62.3362,61.308,4.56133,0,1,1.43025,1.43025,0,1.16056,1.69344,9.38471e+06,3.61194e+06,1.34225e+07,0,0,0,5.60258e+07
94.8345,103.622,2.68758,0,0,3.00754,3.00754,0,0.563466,5.7456,4.51578e+06,2.70226e+06,1.35814e+07,0,0,0,0,62.3362,61.308,4.13326,0,1,1.43063,1.43063,0,1.10501,1.69344,9.38471e+06,3.61194e+06,1.3426e+07,0,0,0,5.60258e+07
94.1007,103.622,2.32747,0.01,0,3.00833,3.00833,0,0.563614,5.7456,4.51578e+06,2.70226e+06,1.3585e+07,0,0,0,0,62.3362,61.308,3.57694,0,1,1.431,1.431,0,1.1053,1.69344,9.38471e+06,3.61194e+06,1.34295e+07,0,0,0,5.60258e+07
94.2183,103.622,3.26056,0.01,0,3.00912,3.00912,0,0.563761,5.7456,4.51578e+06,2.70226e+06,1.35885e+07,0,0,0,0,62.3362,61.308,4.40267,0,1,1.43138,1.43138,0,1.10559,1.69344,9.38471e+06,3.61194e+06,1.3433e+07,0,0,0,5.60258e+07
98,103.622,7.25674,0.01,0,2.93215,2.93215,0,0.563909,5.7456,4.51578e+06,2.70226e+06,1.3241e+07,0,0,0,0,62.3362,61.308,5.74993,0,1,1.36588,1.36588,0,1.10588,1.69344,9.38471e+06,3.61194e+06,1.28184e+07,0,0,0,5.60258e+07
97.65,103.622,2.63278,0,0,2.93292,2.93292,0,0.549485,5.7456,4.51578e+06,2.70226e+06,1.32444e+07,0,0,0,0,62.3362,61.308,2.23493,0,1,1.36623,1.36623,0,1.05528,1.69344,9.38471e+06,3.61194e+06,1.28217e+07,0,0,0,5.60258e+07
98.4074,103.622,4.07976,0,0,2.93369,2.93369,0,0.549629,5.7456,4.51578e+06,2.70226e+06,1.32479e+07,0,0,0,0,62.3362,61.308,3.99112,0,1,1.36659,1.36659,0,1.05555,1.69344,9.38471e+06,3.61194e+06,1.28251e+07,0,0,0,5.60258e+07
99.3471,103.622,4.32162,0,0,2.93446,2.93446,0,0.549773,5.7456,4.51578e+06,2.70226e+06,1.32514e+07,0,0,0,0,62.3362,61.308,4.60777,0,1,1.36695,1.36695,0,1.05583,1.69344,9.38471e+06,3.61194e+06,1.28284e+07,0,0,0,5.60258e+07
101.542,103.622,5.52656,0,0,2.71417,2.71417,0,0.549917,5.7456,4.51578e+06,2.70226e+06,1.22566e+07,0,0,0,0,62.3362,61.308,6.55172,0,1,1.22997,1.22997,0,1.0561,1.69344,9.38471e+06,3.61194e+06,1.15429e+07,0,0,0,5.60258e+07
101.579,103.622,3.06765,0,0,2.71488,2.71488,0,0.508635,5.7456,4.51578e+06,2.70226e+06,1.22598e+07,0,0,0,0,62.3362,61.308,5.20502,0,1,1.23029,1.23029,0,0.950271,1.69344,9.38471e+06,3.61194e+06,1.15459e+07,0,0,0,5.60258e+07
101.91,103.622,3.39224,0,0,2.71559,2.71559,0,0.508768,5.7456,4.51578e+06,2.70226e+06,1.2263e+07,0,0,0,0,62.3362,61.308,5.04237,0,1,1.23061,1.23061,0,0.95052,1.69344,9.38471e+06,3.61194e+06,1.15489e+07,0,0,0,5.60258e+07
101.823,103.622,2.95439,0,0,2.7163,2.7163,0,0.508902,5.7456,4.51578e+06,2.70226e+06,1.22662e+07,0,0,0,0,62.3362,61.308,4.90444,0,1,1.23093,1.23093,0,0.950769,1.69344,9.38471e+06,3.61194e+06,1.15519e+07,0,0,0,5.60258e+07
102.965,103.622,4.16969,0,0,2.71701,2.71701,0,0.509035,5.7456,4.51578e+06,2.70226e+06,1.22694e+07,0,0,0,0,62.3362,61.308,5.19935,0,1,1.23125,1.23125,0,0.951018,1.69344,9.38471e+06,3.61194e+06,1.1555e+07,0,0,0,5.60258e+07
103.622,103.622,9.4205,0,0,2.80284,2.80284,0,0.509168,5.7456,4.51578e+06,2.70226e+06,1.2657e+07,0,0,0,0,62.3362,61.308,14.2221,0,1,1.27139,1.27139,0,0.951267,1.69344,9.38471e+06,3.61194e+06,1.19316e+07,0,0,0,5.60258e+07
103.622,103.622,7.54997,0,0,2.80355,2.80355,0,0.525253,5.7456,4.51578e+06,2.70226e+06,1.26602e+07,0,0,0,0,62.3362,61.308,6.91774,0,1,1.27171,1.27171,0,0.982275,1.69344,9.38471e+06,3.61194e+06,1.19346e+07,0,0,0,5.60258e+07
103.622,103.622,6.57811,0,0,2.80425,2.80425,0,0.525385,5.7456,4.51578e+06,2.70226e+06,1.26634e+07,0,0,0,0,62.3362,61.308,6.24719,0,1,1.27203,1.27203,0,0.982522,1.69344,9.38471e+06,3.61194e+06,1.19376e+07,0,0,0,5.60258e+07
103.622,103.622,5.94593,0,0,2.80495,2.80495,0,0.525516,5.7456,4.51578e+06,2.70226e+06,1.26666e+07,0,0,0,0,62.3362,61.308,5.73586,0,1,1.27235,1.27235,0,0.982769,1.69344,9.38471e+06,3.61194e+06,1.19406e+07,0,0,0,5.60258e+07
103.622,103.622,5.90471,0,0,3.07932,3.07932,0,0.525648,5.7456,4.51578e+06,2.70226e+06,1.39055e+07,0,0,0,0,62.3362,61.308,6.0838,0,1,1.4223,1.4223,0,0.983015,1.69344,9.38471e+06,3.61194e+06,1.33479e+07,0,0,0,5.60258e+07
103.622,103.622,5.44147,0,0,3.08009,3.08009,0,0.577064,5.7456,4.51578e+06,2.70226e+06,1.3909e+07,0,0,0,0,62.3362,61.308,5.69983,0,1,1.42266,1.42266,0,1.09887,1.69344,9.38471e+06,3.61194e+06,1.33513e+07,0,0,0,5.60258e+07
103.622,103.622,6.31194,0,0,3.08086,3.08086,0,0.577209,5.7456,4.51578e+06,2.70226e+06,1.39125e+07,0,0,0,0,62.3362,61.308,6.21601,0,1,1.42302,1.42302,0,1.09915,1.69344,9.38471e+06,3.61194e+06,1.33546e+07,0,0,0,5.60258e+07
103.622,103.622,6.4165,0,0,3.08163,3.08163,0,0.577353,5.7456,4.51578e+06,2.70226e+06,1.3916e+07,0,0,0,0,62.3362,61.308,6.19579,0,1,1.42338,1.42338,0,1.09942,1.69344,9.38471e+06,3.61194e+06,1.3358e+07,0,0,0,5.60258e+07
103.622,103.622,6.00549,0,0,2.69169,2.69169,0,0.577498,5.7456,4.51578e+06,2.70226e+06,1.21551e+07,0,0,0,0,62.3362,61.308,5.66654,0,1,1.22271,1.22271,0,1.0997,1.69344,9.38471e+06,3.61194e+06,1.14748e+07,0,0,0,5.60258e+07
103.622,103.622,6.24233,0,0,2.69237,2.69237,0,0.504423,5.7456,4.51578e+06,2.70226e+06,1.21581e+07,0,0,0,0,62.3362,61.308,5.85174,0,1,1.22302,1.22302,0,0.944669,1.69344,9.38471e+06,3.61194e+06,1.14777e+07,0,0,0,5.60258e+07
103.622,103.622,4.57625,0,0,2.69304,2.69304,0,0.50455,5.7456,4.51578e+06,2.70226e+06,1.21612e+07,0,0,0,0,62.3362,61.308,5.59346,0,1,1.22333,1.22333,0,0.944906,1.69344,9.38471e+06,3.61194e+06,1.14806e+07,0,0,0,5.60258e+07
103.622,103.622,9.39257,0,0,2.69372,2.69372,0,0.504676,5.7456,4.51578e+06,2.70226e+06,1.21642e+07,0,0,0,0,62.3362,61.308,9.32411,0,1,1.22363,1.22363,0,0.945143,1.69344,9.38471e+06,3.61194e+06,1.14835e+07,0,0,0,5.60258e+07
103.622,103.622,7.25007,0,0,2.69439,2.69439,0,0.504803,5.7456,4.51578e+06,2.70226e+06,1.21673e+07,0,0,0,0,62.3362,61.308,8.58108,0,1,1.22394,1.22394,0,0.94538,1.69344,9.38471e+06,3.61194e+06,1.14863e+07,0,0,0,5.60258e+07
103.622,103.622,6.67458,0,0,2.79354,2.79354,0,0.504929,5.7456,4.51578e+06,2.70226e+06,1.2615e+07,0,0,0,0,62.3362,61.308,6.79744,0,1,1.27349,1.27349,0,0.945618,1.69344,9.38471e+06,3.61194e+06,1.19513e+07,0,0,0,5.60258e+07
103.622,103.622,6.98787,0,0,2.79424,2.79424,0,0.52351,5.7456,4.51578e+06,2.70226e+06,1.26182e+07,0,0,0,0,62.3362,61.308,5.57961,0,1,1.27381,1.27381,0,0.983896,1.69344,9.38471e+06,3.61194e+06,1.19543e+07,0,0,0,5.60258e+07
103.622,103.622,4.62681,0,0,2.79494,2.79494,0,0.523641,5.7456,4.51578e+06,2.70226e+06,1.26214e+07,0,0,0,0,62.3362,61.308,4.20136,0,1,1.27413,1.27413,0,0.984143,1.69344,9.38471e+06,3.61194e+06,1.19573e+07,0,0,0,5.60258e+07
103.622,103.622,5.18371,0,0,2.79564,2.79564,0,0.523772,5.7456,4.51578e+06,2.70226e+06,1.26245e+07,0,0,0,0,62.3362,61.308,4.65262,0,1,1.27445,1.27445,0,0.98439,1.69344,9.38471e+06,3.61194e+06,1.19603e+07,0,0,0,5.60258e+07
103.622,103.622,5.58508,0,0,2.75781,2.75781,0,0.523904,5.7456,4.51578e+06,2.70226e+06,1.24536e+07,0,0,0,0,62.3362,61.308,5.30904,0,1,1.25562,1.25562,0,0.984637,1.69344,9.38471e+06,3.61194e+06,1.17837e+07,0,0,0,5.60258e+07
103.622,103.622,4.55801,0,0,2.7585,2.7585,0,0.516813,5.7456,4.51578e+06,2.70226e+06,1.24568e+07,0,0,0,0,62.3362,61.308,4.0628,0,1,1.25594,1.25594,0,0.970094,1.69344,9.38471e+06,3.61194e+06,1.17866e+07,0,0,0,5.60258e+07
103.622,103.622,3.95003,0,0,2.75919,2.75919,0,0.516942,5.7456,4.51578e+06,2.70226e+06,1.24599e+07,0,0,0,0,62.3362,61.308,3.73074,0,1,1.25625,1.25625,0,0.970337,1.69344,9.38471e+06,3.61194e+06,1.17896e+07,0,0,0,5.60258e+07
103.622,103.622,3.51006,0,0,2.75988,2.75988,0,0.517072,5.7456,4.51578e+06,2.70226e+06,1.2463e+07,0,0,0,0,62.3362,61.308,3.2729,0,1,1.25657,1.25657,0,0.97058,1.69344,9.38471e+06,3.61194e+06,1.17925e+07,0,0,0,5.60258e+07
103.622,103.622,3.38924,0,0,2.89153,2.89153,0,0.517201,5.7456,4.51578e+06,2.70226e+06,1.30575e+07,0,0,0,0,62.3362,61.308,3.27759,0,1,1.32484,1.32484,0,0.970824,1.69344,9.38471e+06,3.61194e+06,1.24332e+07,0,0,0,5.60258e+07
103.622,103.622,3.48527,0,0,2.89225,2.89225,0,0.541872,5.7456,4.51578e+06,2.70226e+06,1.30608e+07,0,0,0,0,62.3362,61.308,3.22898,0,1,1.32517,1.32517,0,1.02357,1.69344,9.38471e+06,3.61194e+06,1.24363e+07,0,0,0,5.60258e+07
103.622,103.622,3.06443,0,0,2.89297,2.89297,0,0.542008,5.7456,4.51578e+06,2.70226e+06,1.3064e+07,0,0,0,0,62.3362,61.308,3.17619,0,1,1.3255,1.3255,0,1.02382,1.69344,9.38471e+06,3.61194e+06,1.24394e+07,0,0,0,5.60258e+07
103.622,103.622,3.0462,0,0,2.8937,2.8937,0,0.542143,5.7456,4.51578e+06,2.70226e+06,1.30673e+07,0,0,0,0,62.3362,61.308,3.20709,0,1,1.32583,1.32583,0,1.02408,1.69344,9.38471e+06,3.61194e+06,1.24426e+07,0,0,0,5.60258e+07
103.586,103.622,2.84294,0,0,2.89443,2.89443,0,0.542279,5.7456,4.51578e+06,2.70226e+06,1.30706e+07,0,0,0,0,62.3362,61.308,3.07454,0,1,1.32616,1.32616,0,1.02434,1.69344,9.38471e+06,3.61194e+06,1.24457e+07,0,0,0,5.60258e+07
103.216,103.622,2.42456,0,0,2.86922,2.86922,0,0.542415,5.7456,4.51578e+06,2.70226e+06,1.29568e+07,0,0,0,0,62.3362,61.308,2.89085,0,1,1.36389,1.36389,0,1.02459,1.69344,9.38471e+06,3.61194e+06,1.27997e+07,0,0,0,5.60258e+07
102.735,103.622,2.32037,0,0,2.86994,2.86994,0,0.537692,5.7456,4.51578e+06,2.70226e+06,1.296e+07,0,0,0,0,62.3362,61.308,2.69541,0,1,1.36423,1.36423,0,1.05374,1.69344,9.38471e+06,3.61194e+06,1.28029e+07,0,0,0,5.60258e+07
102.077,103.622,2.13136,0,0,2.87066,2.87066,0,0.537827,5.7456,4.51578e+06,2.70226e+06,1.29633e+07,0,0,0,0,62.3362,61.308,2.70817,0,1,1.36458,1.36458,0,1.05401,1.69344,9.38471e+06,3.61194e+06,1.28061e+07,0,0,0,5.60258e+07
101.244,103.622,1.93261,0,0,2.87138,2.87138,0,0.537961,5.7456,4.51578e+06,2.70226e+06,1.29665e+07,0,0,0,0,62.3362,61.308,2.41675,0,1,1.36492,1.36492,0,1.05427,1.69344,9.38471e+06,3.61194e+06,1.28094e+07,0,0,0,5.60258e+07
100.137,103.622,1.6331,0,0,2.93913,2.93913,0,0.538096,5.7456,4.51578e+06,2.70226e+06,1.32724e+07,0,0,0,0,62.3362,61.308,2.04485,0,1,1.39862,1.39862,0,1.05454,1.69344,9.38471e+06,3.61194e+06,1.31256e+07,0,0,0,5.60258e+07
99.1151,103.622,1.73256,0,0,2.93986,2.93986,0,0.550792,5.7456,4.51578e+06,2.70226e+06,1.32758e+07,0,0,0,0,62.3362,61.308,2.44266,0,1,1.39897,1.39897,0,1.08057,1.69344,9.38471e+06,3.61194e+06,1.31289e+07,0,0,0,5.60258e+07
97.9702,103.622,1.56758,0,0,2.9406,2.9406,0,0.55093,5.7456,4.51578e+06,2.70226e+06,1.32791e+07,0,0,0,0,62.3362,61.308,2.31638,0,1,1.39932,1.39932,0,1.08084,1.69344,9.38471e+06,3.61194e+06,1.31322e+07,0,0,0,5.60258e+07
96.7148,103.622,1.42547,0,0,2.94134,2.94134,0,0.551068,5.7456,4.51578e+06,2.70226e+06,1.32824e+07,0,0,0,0,62.3362,61.308,2.02073,0,1,1.39967,1.39967,0,1.08112,1.69344,9.38471e+06,3.61194e+06,1.31355e+07,0,0,0,5.60258e+07
95.402,103.622,1.5142,0,0,3.13856,3.13856,0,0.551206,5.7456,4.51578e+06,2.70226e+06,1.41731e+07,0,0,0,0,62.3275,61.308,2.39478,0,1,1.52056,1.52056,0,1.08139,1.69344,9.38471e+06,3.61194e+06,1.427e+07,0,0,0,5.60258e+07
94.0071,103.622,1.40435,0,0,3.13935,3.13935,0,0.588166,5.7456,4.51578e+06,2.70226e+06,1.41766e+07,0,0,0,0,62.1286,61.308,2.22091,0,1,1.52094,1.52094,0,1.17478,1.69344,9.38471e+06,3.61194e+06,1.42736e+07,0,0,0,5.60258e+07
92.3786,103.622,1.1364,0,0,3.14013,3.14013,0,0.588314,5.7456,4.51578e+06,2.70226e+06,1.41802e+07,0,0,0,0,61.8844,61.308,1.66765,0,1,1.52132,1.52132,0,1.17508,1.69344,9.38471e+06,3.61194e+06,1.42772e+07,0,0,0,5.60258e+07
90.9758,103.622,1.37762,0,0,3.14092,3.14092,0,0.588461,5.7456,4.51578e+06,2.70226e+06,1.41837e+07,0,0,0,0,61.9954,61.308,2.73555,0,1,1.5217,1.5217,0,1.17537,1.69344,9.38471e+06,3.61194e+06,1.42807e+07,0,0,0,5.60258e+07
89.3602,103.622,1.14284,0,0,3.14171,3.14171,0,0.588608,5.7456,4.51578e+06,2.70226e+06,1.41873e+07,0,0,0,0,61.7285,61.308,1.96752,0,1,1.52208,1.52208,0,1.17567,1.69344,9.38471e+06,3.61194e+06,1.42843e+07,0,0,0,5.60258e+07
87.7931,103.622,1.13745,0.01,0,3.04661,3.04661,0,0.588756,5.7456,4.51578e+06,2.70226e+06,1.37578e+07,0,0,0,0,61.6693,61.308,1.77995,0,1,1.44921,1.44921,0,1.17596,1.69344,9.38471e+06,3.61194e+06,1.36004e+07,0,0,0,5.60258e+07
87.0651,103.622,2.08415,0.01,0,3.04738,3.04738,0,0.570935,5.7456,4.51578e+06,2.70226e+06,1.37613e+07,0,0,0,0,61.9343,61.308,3.25223,0,1,1.44957,1.44957,0,1.11966,1.69344,9.38471e+06,3.61194e+06,1.36038e+07,0,0,0,5.60258e+07
85.3932,103.622,0.989578,0.02,0,3.04814,3.04814,0,0.571078,5.7456,4.51578e+06,2.70226e+06,1.37647e+07,0,0,0,0,61.7236,61.308,1.73015,0,1,1.44994,1.44994,0,1.11994,1.69344,9.38471e+06,3.61194e+06,1.36072e+07,0,0,0,5.60258e+07
83.9176,103.622,1.20681,0.02,0,3.0489,3.0489,0,0.571221,5.7456,4.51578e+06,2.70226e+06,1.37682e+07,0,0,0,0,61.8484,61.308,1.95867,0,1,1.4503,1.4503,0,1.12022,1.69344,9.38471e+06,3.61194e+06,1.36106e+07,0,0,0,5.60258e+07
83.6256,103.622,2.57621,0.02,0,2.97088,2.97088,0,0.571364,5.7456,4.51578e+06,2.70226e+06,1.34159e+07,0,0,0,0,62.1829,61.308,3.80901,0,1,1.38392,1.38392,0,1.1205,1.69344,9.38471e+06,3.61194e+06,1.29877e+07,0,0,0,5.60258e+07
82.2067,103.622,1.30753,0.01,0,2.97163,2.97163,0,0.556744,5.7456,4.51578e+06,2.70226e+06,1.34192e+07,0,0,0,0,62.331,61.308,1.81706,0,1,1.38426,1.38426,0,1.06922,1.69344,9.38471e+06,3.61194e+06,1.29909e+07,0,0,0,5.60258e+07
81.3828,103.622,1.9752,0.02,0,2.97237,2.97237,0,0.556883,5.7456,4.51578e+06,2.70226e+06,1.34226e+07,0,0,0,0,62.3362,61.308,2.20266,0,1,1.38461,1.38461,0,1.06948,1.69344,9.38471e+06,3.61194e+06,1.29942e+07,0,0,0,5.60258e+07
82.8439,103.622,4.5908,0.02,0,2.97312,2.97312,0,0.557023,5.7456,4.51578e+06,2.70226e+06,1.34259e+07,0,0,0,0,62.3362,61.308,5.61517,0,1,1.38496,1.38496,0,1.06975,1.69344,9.38471e+06,3.61194e+06,1.29974e+07,0,0,0,5.60258e+07
83.1238,103.622,3.03521,0.02,0,2.74989,2.74989,0,0.557162,5.7456,4.51578e+06,2.70226e+06,1.24179e+07,0,0,0,0,62.3362,61.308,3.81206,0,1,1.24616,1.24616,0,1.07002,1.69344,9.38471e+06,3.61194e+06,1.16948e+07,0,0,0,5.60258e+07
82.5568,103.622,2.09248,0.01,0,2.64231,2.75058,0,0.51533,5.7456,4.51578e+06,2.70226e+06,1.19321e+07,0,0,0,0,62.0459,61.308,2.70088,0,1,1.35474,1.24647,0,0.96278,1.69344,9.38471e+06,3.61194e+06,1.27138e+07,0,0,0,5.60258e+07
81.2719,103.622,1.22718,0.02,0,2.64331,2.75127,0,0.49517,5.7456,4.51578e+06,2.70226e+06,1.19366e+07,0,0,0,0,62.3023,61.308,1.93585,0,1,1.35474,1.24678,0,1.04667,1.69344,9.38471e+06,3.61194e+06,1.27138e+07,0,0,0,5.60258e+07
81.403,103.622,2.73134,0.02,0,2.64432,2.75196,0,0.495357,5.7456,4.51578e+06,2.70226e+06,1.19411e+07,0,0,0,0,62.3362,61.308,3.39854,0,1,1.35474,1.24709,0,1.04667,1.69344,9.38471e+06,3.61194e+06,1.27138e+07,0,0,0,5.60258e+07
81.9771,103.622,3.40021,0.01,0,2.64532,2.75265,0,0.495545,5.7456,4.51578e+06,2.70226e+06,1.19457e+07,0,0,0,0,62.3362,61.308,4.05194,0,1,1.35474,1.2474,0,1.04667,1.69344,9.38471e+06,3.61194e+06,1.27138e+07,0,0,0,5.60258e+07
83.8819,103.622,4.99501,0.01,0,2.73255,2.83957,0,0.495732,5.7456,4.51578e+06,2.70226e+06,1.23396e+07,0,0,0,0,62.3362,61.308,6.32589,0,1,1.39507,1.28805,0,1.04667,1.69344,9.38471e+06,3.61194e+06,1.30923e+07,0,0,0,5.60258e+07
84.5741,103.622,3.93601,0,0,2.84026,2.84026,0,0.51208,5.7456,4.51578e+06,2.70226e+06,1.2826e+07,0,0,0,0,62.3362,61.308,5.77254,0,1,1.28836,1.28836,0,1.07783,1.69344,9.38471e+06,3.61194e+06,1.20909e+07,0,0,0,5.60258e+07
84.8809,103.622,3.29787,0,0,2.84094,2.84094,0,0.532264,5.7456,4.51578e+06,2.70226e+06,1.2829e+07,0,0,0,0,62.3362,61.308,5.03131,0,1,1.28867,1.28867,0,0.995387,1.69344,9.38471e+06,3.61194e+06,1.20938e+07,0,0,0,5.60258e+07
84.8437,103.622,2.88696,0,0,2.84162,2.84162,0,0.532391,5.7456,4.51578e+06,2.70226e+06,1.28321e+07,0,0,0,0,62.3362,61.308,4.48444,0,1,1.28898,1.28898,0,0.995625,1.69344,9.38471e+06,3.61194e+06,1.20967e+07,0,0,0,5.60258e+07
84.6641,103.622,2.95994,0,0,3.11953,3.11953,0,0.532519,5.7456,4.51578e+06,2.70226e+06,1.40871e+07,0,0,0,0,62.3362,61.308,4.71305,0,1,1.44088,1.44088,0,0.995864,1.69344,9.38471e+06,3.61194e+06,1.35222e+07,0,0,0,5.60258e+07
85.3596,103.622,3.89425,0,0,3.12028,3.12028,0,0.5846,5.7456,4.51578e+06,2.70226e+06,1.40905e+07,0,0,0,0,62.3362,61.308,5.58776,0,1,1.44122,1.44122,0,1.11322,1.69344,9.38471e+06,3.61194e+06,1.35255e+07,0,0,0,5.60258e+07
86.8366,103.622,4.81844,0.01,0,3.12102,3.12102,0,0.58474,5.7456,4.51578e+06,2.70226e+06,1.40939e+07,0,0,0,0,62.3362,61.308,5.88806,0,1,1.44157,1.44157,0,1.11349,1.69344,9.38471e+06,3.61194e+06,1.35287e+07,0,0,0,5.60258e+07
88.3051,103.622,4.83494,0.01,0,3.12177,3.12177,0,0.58488,5.7456,4.51578e+06,2.70226e+06,1.40972e+07,0,0,0,0,62.3362,61.308,6.24357,0,1,1.44192,1.44192,0,1.11376,1.69344,9.38471e+06,3.61194e+06,1.3532e+07,0,0,0,5.60258e+07
89.7392,103.622,4.51981,0.01,0,2.72672,2.72672,0,0.58502,5.7456,4.51578e+06,2.70226e+06,1.23133e+07,0,0,0,0,62.3362,61.308,5.90591,0,1,1.23863,1.23863,0,1.11402,1.69344,9.38471e+06,3.61194e+06,1.16242e+07,0,0,0,5.60258e+07
90.8423,103.622,3.90862,0.01,0,2.61158,2.72737,0,0.510988,5.7456,4.51578e+06,2.70226e+06,1.17933e+07,0,0,0,0,62.3362,61.308,4.3072,0,1,1.35472,1.23892,0,0.956963,1.69344,9.38471e+06,3.61194e+06,1.27137e+07,0,0,0,5.60258e+07
94.1772,103.622,6.45411,0,0,2.72803,2.72803,0,0.48941,5.7456,4.51578e+06,2.70226e+06,1.23192e+07,0,0,0,0,62.3362,61.308,6.61982,0,1,1.23922,1.23922,0,1.04666,1.69344,9.38471e+06,3.61194e+06,1.16297e+07,0,0,0,5.60258e+07
100.039,103.622,9.21498,0,0,2.72868,2.72868,0,0.511232,5.7456,4.51578e+06,2.70226e+06,1.23221e+07,0,0,0,0,62.3362,61.308,7.45654,0,1,1.23952,1.23952,0,0.957422,1.69344,9.38471e+06,3.61194e+06,1.16325e+07,0,0,0,5.60258e+07
103.094,103.622,6.37802,0,0,2.72934,2.72934,0,0.511355,5.7456,4.51578e+06,2.70226e+06,1.23251e+07,0,0,0,0,62.3362,61.308,5.64122,0,1,1.23981,1.23981,0,0.957651,1.69344,9.38471e+06,3.61194e+06,1.16353e+07,0,0,0,5.60258e+07
103.622,103.622,4.39225,0,0,2.82974,2.82974,0,0.511478,5.7456,4.51578e+06,2.70226e+06,1.27785e+07,0,0,0,0,62.3362,61.308,3.78793,0,1,1.28999,1.28999,0,0.95788,1.69344,9.38471e+06,3.61194e+06,1.21062e+07,0,0,0,5.60258e+07
103.622,103.622,7.55001,0,0,2.83042,2.83042,0,0.530293,5.7456,4.51578e+06,2.70226e+06,1.27815e+07,0,0,0,0,62.3362,61.308,7.13454,0,1,1.2903,1.2903,0,0.996644,1.69344,9.38471e+06,3.61194e+06,1.21091e+07,0,0,0,5.60258e+07
103.622,103.622,7.00025,0,0,2.83109,2.83109,0,0.53042,5.7456,4.51578e+06,2.70226e+06,1.27846e+07,0,0,0,0,62.3362,61.308,8.08131,0,1,1.29061,1.29061,0,0.996883,1.69344,9.38471e+06,3.61194e+06,1.2112e+07,0,0,0,5.60258e+07
103.622,103.622,5.58897,0,0,2.83177,2.83177,0,0.530547,5.7456,4.51578e+06,2.70226e+06,1.27877e+07,0,0,0,0,62.3362,61.308,5.9856,0,1,1.29091,1.29091,0,0.997122,1.69344,9.38471e+06,3.61194e+06,1.21149e+07,0,0,0,5.60258e+07
103.622,103.622,4.32195,0,0,2.79341,2.79341,0,0.530674,5.7456,4.51578e+06,2.70226e+06,1.26144e+07,0,0,0,0,62.3362,61.308,4.04768,0,1,1.27183,1.27183,0,0.997361,1.69344,9.38471e+06,3.61194e+06,1.19358e+07,0,0,0,5.60258e+07
103.622,103.622,3.88864,0,0,2.79408,2.79408,0,0.523485,5.7456,4.51578e+06,2.70226e+06,1.26175e+07,0,0,0,0,62.3362,61.308,4.22663,0,1,1.27214,1.27214,0,0.982619,1.69344,9.38471e+06,3.61194e+06,1.19387e+07,0,0,0,5.60258e+07
103.622,103.622,3.94672,0,0,2.79475,2.79475,0,0.523611,5.7456,4.51578e+06,2.70226e+06,1.26205e+07,0,0,0,0,62.3362,61.308,3.53843,0,1,1.27244,1.27244,0,0.982854,1.69344,9.38471e+06,3.61194e+06,1.19415e+07,0,0,0,5.60258e+07
103.622,103.622,4.09994,0,0,2.79542,2.79542,0,0.523736,5.7456,4.51578e+06,2.70226e+06,1.26235e+07,0,0,0,0,62.3362,61.308,3.60586,0,1,1.27275,1.27275,0,0.98309,1.69344,9.38471e+06,3.61194e+06,1.19444e+07,0,0,0,5.60258e+07
103.622,103.622,3.28541,0,0,2.92873,2.92873,0,0.523862,5.7456,4.51578e+06,2.70226e+06,1.32255e+07,0,0,0,0,62.3362,61.308,3.48208,0,1,1.34188,1.34188,0,0.983325,1.69344,9.38471e+06,3.61194e+06,1.25932e+07,0,0,0,5.60258e+07
103.622,103.622,3.24162,0,0,2.92943,2.92943,0,0.548843,5.7456,4.51578e+06,2.70226e+06,1.32287e+07,0,0,0,0,62.3362,61.308,3.58493,0,1,1.3422,1.3422,0,1.03674,1.69344,9.38471e+06,3.61194e+06,1.25962e+07,0,0,0,5.60258e+07
103.622,103.622,3.1237,0,0,2.93013,2.93013,0,0.548975,5.7456,4.51578e+06,2.70226e+06,1.32318e+07,0,0,0,0,62.3362,61.308,3.22132,0,1,1.34252,1.34252,0,1.03699,1.69344,9.38471e+06,3.61194e+06,1.25992e+07,0,0,0,5.60258e+07
103.49,103.622,2.79993,0,0,2.93083,2.93083,0,0.549106,5.7456,4.51578e+06,2.70226e+06,1.3235e+07,0,0,0,0,62.3362,61.308,3.07528,0,1,1.34284,1.34284,0,1.03723,1.69344,9.38471e+06,3.61194e+06,1.26022e+07,0,0,0,5.60258e+07
103.251,103.622,2.66204,0,0,2.93153,2.93153,0,0.549238,5.7456,4.51578e+06,2.70226e+06,1.32382e+07,0,0,0,0,62.3362,61.308,2.91355,0,1,1.34317,1.34317,0,1.03748,1.69344,9.38471e+06,3.61194e+06,1.26052e+07,0,0,0,5.60258e+07
103.149,103.622,2.77631,0,0,2.90597,2.90597,0,0.549369,5.7456,4.51578e+06,2.70226e+06,1.31227e+07,0,0,0,0,62.3362,61.308,3.18416,0,1,1.38136,1.38136,0,1.03773,1.69344,9.38471e+06,3.61194e+06,1.29637e+07,0,0,0,5.60258e+07
102.924,103.622,2.63269,0,0,2.90667,2.90667,0,0.544579,5.7456,4.51578e+06,2.70226e+06,1.31259e+07,0,0,0,0,62.3362,61.308,2.83307,0,1,1.38169,1.38169,0,1.06724,1.69344,9.38471e+06,3.61194e+06,1.29668e+07,0,0,0,5.60258e+07
102.536,103.622,2.42526,0,0,2.90736,2.90736,0,0.54471,5.7456,4.51578e+06,2.70226e+06,1.3129e+07,0,0,0,0,62.3362,61.308,2.78022,0,1,1.38202,1.38202,0,1.0675,1.69344,9.38471e+06,3.61194e+06,1.29699e+07,0,0,0,5.60258e+07
102.035,103.622,2.27526,0,0,2.90806,2.90806,0,0.54484,5.7456,4.51578e+06,2.70226e+06,1.31322e+07,0,0,0,0,62.3362,61.308,2.67585,0,1,1.38235,1.38235,0,1.06775,1.69344,9.38471e+06,3.61194e+06,1.2973e+07,0,0,0,5.60258e+07
101.267,103.622,2.02707,0,0,2.97664,2.97664,0,0.54497,5.7456,4.51578e+06,2.70226e+06,1.34419e+07,0,0,0,0,62.3362,61.308,2.36088,0,1,1.41647,1.41647,0,1.06801,1.69344,9.38471e+06,3.61194e+06,1.32932e+07,0,0,0,5.60258e+07
100.404,103.622,1.89999,0,0,2.97735,2.97735,0,0.557822,5.7456,4.51578e+06,2.70226e+06,1.34451e+07,0,0,0,0,62.3294,61.308,2.10957,0,1,1.41681,1.41681,0,1.09437,1.69344,9.38471e+06,3.61194e+06,1.32964e+07,0,0,0,5.60258e+07
99.3836,103.622,1.73335,0,0,2.97807,2.97807,0,0.557956,5.7456,4.51578e+06,2.70226e+06,1.34483e+07,0,0,0,0,62.2701,61.308,2.02147,0,1,1.41715,1.41715,0,1.09463,1.69344,9.38471e+06,3.61194e+06,1.32995e+07,0,0,0,5.60258e+07
98.2398,103.622,1.58322,0,0,2.97878,2.97878,0,0.558089,5.7456,4.51578e+06,2.70226e+06,1.34515e+07,0,0,0,0,62.1707,61.308,1.86524,0,1,1.41749,1.41749,0,1.09489,1.69344,9.38471e+06,3.61194e+06,1.33027e+07,0,0,0,5.60258e+07
96.8473,103.622,1.40066,0,0,3.11699,3.17848,0,0.558223,5.7456,4.51578e+06,3.09029e+06,1.40757e+07,0,0,0,0,61.9923,61.308,1.84899,1,1,1.51011,1.5399,0,1.09515,1.69344,9.38471e+06,4.1306e+06,1.41719e+07,0,0,0,5.60258e+07
95.5963,103.622,1.56086,0,0,3.11774,3.17924,0,0.584125,5.7456,4.51578e+06,3.09029e+06,1.4079e+07,0,0,0,0,61.8966,61.308,2.19062,1,1,1.51047,1.54027,0,1.16671,1.69344,9.38471e+06,4.1306e+06,1.41753e+07,0,0,0,5.60258e+07
94.2879,103.622,1.47973,0,0,3.11849,3.18,0,0.584264,5.7456,4.51578e+06,3.09029e+06,1.40824e+07,0,0,0,0,61.7459,61.308,2.04165,1,1,1.51083,1.54063,0,1.16699,1.69344,9.38471e+06,4.1306e+06,1.41787e+07,0,0,0,5.60258e+07
93.4667,103.622,1.97671,0,0,3.11923,3.18076,0,0.584404,5.7456,4.51578e+06,3.09029e+06,1.40858e+07,0,0,0,0,61.6626,61.308,2.2998,1,1,1.51119,1.541,0,1.16727,1.69344,9.38471e+06,4.1306e+06,1.41821e+07,0,0,0,5.60258e+07
93.4098,103.622,2.83046,0,0,3.11998,3.18152,0,0.584544,5.7456,4.51578e+06,3.09029e+06,1.40891e+07,0,0,0,0,61.8166,61.308,2.73059,1,1,1.51156,1.54137,0,1.16755,1.69344,9.38471e+06,4.1306e+06,1.41855e+07,0,0,0,5.60258e+07
92.9183,103.622,2.28068,0,0,3.08519,3.08519,0,0.584684,5.7456,4.51578e+06,2.70226e+06,1.3932e+07,0,0,0,0,62.0672,61.308,3.40149,0,1,1.46756,1.46756,0,1.16783,1.69344,9.38471e+06,3.61194e+06,1.37726e+07,0,0,0,5.60258e+07
91.8855,103.622,1.67879,0,0,3.08592,3.08592,0,0.578164,5.7456,4.51578e+06,2.70226e+06,1.39354e+07,0,0,0,0,62.1433,61.308,2.84058,0,1,1.46791,1.46791,0,1.13384,1.69344,9.38471e+06,3.61194e+06,1.37759e+07,0,0,0,5.60258e+07
91.0799,103.622,1.93835,0.01,0,3.08666,3.08666,0,0.578302,5.7456,4.51578e+06,2.70226e+06,1.39387e+07,0,0,0,0,62.2621,61.308,2.90498,0,1,1.46826,1.46826,0,1.13411,1.69344,9.38471e+06,3.61194e+06,1.37792e+07,0,0,0,5.60258e+07
93.2525,103.622,5.45933,0.01,0,3.0874,3.0874,0,0.578441,5.7456,4.51578e+06,2.70226e+06,1.3942e+07,0,0,0,0,62.3362,61.308,5.40576,0,1,1.46861,1.46861,0,1.13438,1.69344,9.38471e+06,3.61194e+06,1.37825e+07,0,0,0,5.60258e+07
94.2445,103.622,4.09755,0.01,0,3.00837,3.00837,0,0.578579,5.7456,4.51578e+06,2.70226e+06,1.35851e+07,0,0,0,0,62.3362,61.308,5.03023,0,1,1.40138,1.40138,0,1.13465,1.69344,9.38471e+06,3.61194e+06,1.31515e+07,0,0,0,5.60258e+07
96.5501,103.622,5.71144,0.01,0,3.00908,3.00908,0,0.563768,5.7456,4.51578e+06,2.70226e+06,1.35884e+07,0,0,0,0,62.3362,61.308,7.08392,0,1,1.40171,1.40171,0,1.0827,1.69344,9.38471e+06,3.61194e+06,1.31547e+07,0,0,0,5.60258e+07
97.6262,103.622,4.46687,0,0,3.0098,3.0098,0,0.563902,5.7456,4.51578e+06,2.70226e+06,1.35916e+07,0,0,0,0,62.3362,61.308,5.78428,0,1,1.40205,1.40205,0,1.08296,1.69344,9.38471e+06,3.61194e+06,1.31578e+07,0,0,0,5.60258e+07
99.9396,103.622,5.73433,0,0,3.01052,3.01052,0,0.564037,5.7456,4.51578e+06,2.70226e+06,1.35949e+07,0,0,0,0,62.3362,61.308,6.15391,0,1,1.40238,1.40238,0,1.08322,1.69344,9.38471e+06,3.61194e+06,1.3161e+07,0,0,0,5.60258e+07
101.476,103.622,4.79773,0,0,2.78446,2.78446,0,0.564172,5.7456,4.51578e+06,2.70226e+06,1.2574e+07,0,0,0,0,62.3362,61.308,3.97505,0,1,1.26182,1.26182,0,1.08348,1.69344,9.38471e+06,3.61194e+06,1.18418e+07,0,0,0,5.60258e+07
103.622,103.622,7.34624,0,0,2.78513,2.78513,0,0.521808,5.7456,4.51578e+06,2.70226e+06,1.2577e+07,0,0,0,0,62.3362,61.308,10.513,0,1,1.26212,1.26212,0,0.974882,1.69344,9.38471e+06,3.61194e+06,1.18446e+07,0,0,0,5.60258e+07
103.622,103.622,4.88198,0,0,2.78579,2.78579,0,0.521933,5.7456,4.51578e+06,2.70226e+06,1.258e+07,0,0,0,0,62.3362,61.308,5.81048,0,1,1.26242,1.26242,0,0.975115,1.69344,9.38471e+06,3.61194e+06,1.18475e+07,0,0,0,5.60258e+07
103.622,103.622,5.93488,0,0,2.78646,2.78646,0,0.522058,5.7456,4.51578e+06,2.70226e+06,1.2583e+07,0,0,0,0,62.3362,61.308,6.45286,0,1,1.26273,1.26273,0,0.975348,1.69344,9.38471e+06,3.61194e+06,1.18503e+07,0,0,0,5.60258e+07
103.622,103.622,6.20514,0,0,2.78713,2.78713,0,0.522183,5.7456,4.51578e+06,2.70226e+06,1.2586e+07,0,0,0,0,62.3362,61.308,7.24547,0,1,1.26303,1.26303,0,0.975582,1.69344,9.38471e+06,3.61194e+06,1.18531e+07,0,0,0,5.60258e+07
103.622,103.622,3.77175,0,0,2.87511,2.87511,0,0.522307,6.16896,4.51578e+06,2.70226e+06,1.29834e+07,0,0,0,0,62.3362,61.308,4.47668,0,1,1.30417,1.30417,0,0.975815,1.69344,9.38471e+06,3.61194e+06,1.22393e+07,0,0,0,5.60258e+07
103.246,103.622,2.91257,0,0,2.87577,2.87577,0,0.538796,6.16896,4.51578e+06,2.70226e+06,1.29863e+07,0,0,0,0,62.3362,61.308,3.35795,0,1,1.30447,1.30447,0,1.0076,1.69344,9.38471e+06,3.61194e+06,1.22421e+07,0,0,0,5.60258e+07
103.622,103.622,3.83049,0,0,2.87643,2.87643,0,0.538919,6.16896,4.51578e+06,2.70226e+06,1.29893e+07,0,0,0,0,62.3362,61.308,4.28718,0,1,1.30477,1.30477,0,1.00783,1.69344,9.38471e+06,3.61194e+06,1.22449e+07,0,0,0,5.60258e+07
103.622,103.622,7.97845,0,0,2.87709,2.87709,0,0.539043,6.16896,4.51578e+06,2.70226e+06,1.29923e+07,0,0,0,0,62.3362,61.308,5.86983,0,1,1.30507,1.30507,0,1.00806,1.69344,9.38471e+06,3.61194e+06,1.22477e+07,0,0,0,5.60258e+07
103.622,103.622,9.6754,0,0,3.15844,3.15844,0,0.539166,6.16896,4.51578e+06,2.70226e+06,1.42628e+07,0,0,0,0,62.3362,61.308,6.47269,0,1,1.45885,1.45885,0,1.0083,1.69344,9.38471e+06,3.61194e+06,1.36909e+07,0,0,0,5.60258e+07
103.622,103.622,3.92464,0,0,3.15916,3.15916,0,0.591891,6.16896,4.51578e+06,2.70226e+06,1.42661e+07,0,0,0,0,62.3362,61.308,3.51321,0,1,1.45918,1.45918,0,1.12711,1.69344,9.38471e+06,3.61194e+06,1.3694e+07,0,0,0,5.60258e+07
103.622,103.622,6.57585,0,0,3.15988,3.15988,0,0.592027,6.16896,4.51578e+06,2.70226e+06,1.42693e+07,0,0,0,0,62.3362,61.308,4.54044,0,1,1.45952,1.45952,0,1.12737,1.69344,9.38471e+06,3.61194e+06,1.36972e+07,0,0,0,5.60258e+07
103.622,103.622,5.73183,0,0,3.16061,3.16061,0,0.592162,6.16896,4.51578e+06,2.70226e+06,1.42726e+07,0,0,0,0,62.3362,61.308,4.64824,0,1,1.45985,1.45985,0,1.12762,1.69344,9.38471e+06,3.61194e+06,1.37003e+07,0,0,0,5.60258e+07
103.622,103.622,4.93174,0,0,2.76061,2.76061,0,0.592298,6.16896,4.51578e+06,2.70226e+06,1.24663e+07,0,0,0,0,62.3362,61.308,4.24087,0,1,1.25402,1.25402,0,1.12788,1.69344,9.38471e+06,3.61194e+06,1.17686e+07,0,0,0,5.60258e+07
103.622,103.622,7.78069,0,0,2.76125,2.76125,0,0.517339,6.16896,4.51578e+06,2.70226e+06,1.24692e+07,0,0,0,0,62.3362,61.308,5.79526,0,1,1.25431,1.25431,0,0.968858,1.69344,9.38471e+06,3.61194e+06,1.17713e+07,0,0,0,5.60258e+07
103.622,103.622,5.37322,0,0,2.76188,2.76188,0,0.517458,6.16896,4.51578e+06,2.70226e+06,1.2472e+07,0,0,0,0,62.3362,61.308,3.53272,0,1,1.2546,1.2546,0,0.96908,1.69344,9.38471e+06,3.61194e+06,1.1774e+07,0,0,0,5.60258e+07
103.622,103.622,5.98436,0,0,2.76251,2.76251,0,0.517576,6.16896,4.51578e+06,2.70226e+06,1.24749e+07,0,0,0,0,62.3362,61.308,6.7783,0,1,1.25488,1.25488,0,0.969302,1.69344,9.38471e+06,3.61194e+06,1.17767e+07,0,0,0,5.60258e+07
103.622,103.622,5.60941,0,0,2.76314,2.76314,0,0.517695,6.16896,4.51578e+06,2.70226e+06,1.24778e+07,0,0,0,0,62.3362,61.308,4.6065,0,1,1.25517,1.25517,0,0.969524,1.69344,9.38471e+06,3.61194e+06,1.17794e+07,0,0,0,5.60258e+07
103.622,103.622,5.14379,0,0,2.86476,2.86476,0,0.517813,6.16896,4.51578e+06,2.70226e+06,1.29366e+07,0,0,0,0,62.3362,61.308,5.36093,0,1,1.30595,1.30595,0,0.969746,1.69344,9.38471e+06,3.61194e+06,1.2256e+07,0,0,0,5.60258e+07
103.622,103.622,5.64699,0,0,2.86542,2.86542,0,0.536856,6.16896,4.51578e+06,2.70226e+06,1.29396e+07,0,0,0,0,62.3362,61.308,6.40878,0,1,1.30625,1.30625,0,1.00898,1.69344,9.38471e+06,3.61194e+06,1.22588e+07,0,0,0,5.60258e+07
103.622,103.622,4.04618,0,0,2.86607,2.86607,0,0.536979,6.16896,4.51578e+06,2.70226e+06,1.29426e+07,0,0,0,0,62.3362,61.308,4.39554,0,1,1.30655,1.30655,0,1.00921,1.69344,9.38471e+06,3.61194e+06,1.22616e+07,0,0,0,5.60258e+07
103.622,103.622,3.44541,0,0,2.86673,2.86673,0,0.537102,6.16896,4.51578e+06,2.70226e+06,1.29455e+07,0,0,0,0,62.3362,61.308,3.73893,0,1,1.30685,1.30685,0,1.00944,1.69344,9.38471e+06,3.61194e+06,1.22644e+07,0,0,0,5.60258e+07
103.49,103.622,2.98223,0,0,2.82787,2.82787,0,0.537225,6.16896,4.51578e+06,2.70226e+06,1.277e+07,0,0,0,0,62.2983,61.308,3.05816,0,1,1.28752,1.28752,0,1.00967,1.69344,9.38471e+06,3.61194e+06,1.2083e+07,0,0,0,5.60258e+07
102.973,103.622,2.55835,0,0,2.82851,2.82851,0,0.529942,6.16896,4.51578e+06,2.70226e+06,1.27729e+07,0,0,0,0,62.3362,61.308,2.38551,0,1,1.28782,1.28782,0,0.994739,1.69344,9.38471e+06,3.61194e+06,1.20858e+07,0,0,0,5.60258e+07
103.622,103.622,3.73815,0,0,2.82916,2.82916,0,0.530064,6.16896,4.51578e+06,2.70226e+06,1.27759e+07,0,0,0,0,62.3362,61.308,2.8158,0,1,1.28811,1.28811,0,0.994967,1.69344,9.38471e+06,3.61194e+06,1.20886e+07,0,0,0,5.60258e+07
103.222,103.622,2.59411,0,0,2.82981,2.82981,0,0.530185,6.16896,4.51578e+06,2.70226e+06,1.27788e+07,0,0,0,0,62.2452,61.308,2.48841,0,1,1.28841,1.28841,0,0.995195,1.69344,9.38471e+06,3.61194e+06,1.20913e+07,0,0,0,5.60258e+07
102.417,103.622,2.21352,0,0,2.96473,2.96473,0,0.530306,6.16896,4.51578e+06,2.70226e+06,1.33881e+07,0,0,0,0,62.3012,61.308,2.13763,0,1,1.35838,1.35838,0,0.995422,1.69344,9.38471e+06,3.61194e+06,1.2748e+07,0,0,0,5.60258e+07
101.671,103.622,2.22847,0,0,2.96541,2.96541,0,0.55559,6.16896,4.51578e+06,2.70226e+06,1.33911e+07,0,0,0,0,62.3362,61.308,2.27114,0,1,1.35869,1.35869,0,1.04948,1.69344,9.38471e+06,3.61194e+06,1.27509e+07,0,0,0,5.60258e+07
101.044,103.622,2.26488,0,0,2.96608,2.96608,0,0.555717,6.16896,4.51578e+06,2.70226e+06,1.33942e+07,0,0,0,0,62.3007,61.308,2.3795,0,1,1.359,1.359,0,1.04972,1.69344,9.38471e+06,3.61194e+06,1.27538e+07,0,0,0,5.60258e+07
100.203,103.622,1.98865,0,0,2.96676,2.96676,0,0.555844,6.16896,4.51578e+06,2.70226e+06,1.33973e+07,0,0,0,0,62.1743,61.308,2.01245,0,1,1.35931,1.35931,0,1.04996,1.69344,9.38471e+06,3.61194e+06,1.27567e+07,0,0,0,5.60258e+07
99.2917,103.622,1.892,0,0,2.96744,2.96744,0,0.555972,6.16896,4.51578e+06,2.70226e+06,1.34003e+07,0,0,0,0,62.1342,61.308,1.74355,0,1,1.35962,1.35962,0,1.0502,1.69344,9.38471e+06,3.61194e+06,1.27596e+07,0,0,0,5.60258e+07
98.226,103.622,1.65383,0,0,2.94154,2.94154,0,0.556099,6.16896,4.51578e+06,2.70226e+06,1.32833e+07,0,0,0,0,62.0167,61.308,1.75039,0,1,1.39827,1.39827,0,1.05044,1.69344,9.38471e+06,3.61194e+06,1.31223e+07,0,0,0,5.60258e+07
97.03,103.622,1.49041,0,0,2.94221,2.94221,0,0.551244,6.16896,4.51578e+06,2.70226e+06,1.32864e+07,0,0,0,0,61.8875,61.308,1.83686,0,1,1.39859,1.39859,0,1.0803,1.69344,9.38471e+06,3.61194e+06,1.31254e+07,0,0,0,5.60258e+07
95.8476,103.622,1.49272,0,0,2.94289,2.94289,0,0.551371,6.16896,4.51578e+06,2.70226e+06,1.32894e+07,0,0,0,0,61.7413,61.308,1.8564,0,1,1.39891,1.39891,0,1.08055,1.69344,9.38471e+06,3.61194e+06,1.31284e+07,0,0,0,5.60258e+07
94.6273,103.622,1.42799,0,0,2.94356,2.94356,0,0.551497,6.16896,4.51578e+06,2.70226e+06,1.32925e+07,0,0,0,0,61.4668,61.308,1.85367,0,1,1.39923,1.39923,0,1.0808,1.69344,9.38471e+06,3.61194e+06,1.31314e+07,0,0,0,5.60258e+07
93.2401,103.622,1.25484,0,0,3.01295,3.01295,0,0.551623,6.16896,4.51578e+06,2.70226e+06,1.36058e+07,0,0,0,0,61.1921,61.308,1.63078,0,1,1.43375,1.43375,0,1.08104,1.69344,9.38471e+06,3.61194e+06,1.34553e+07,0,0,0,5.60258e+07
92.0242,103.622,1.42834,0,0,3.01364,3.01364,0,0.564626,6.16896,4.51578e+06,2.70226e+06,1.36089e+07,0,0,0,0,61.0492,61.308,1.93959,0,1,1.43408,1.43408,0,1.10771,1.69344,9.38471e+06,3.61194e+06,1.34584e+07,0,0,0,5.60258e+07
90.7251,103.622,1.31055,0,0,3.01432,3.01432,0,0.564755,6.16896,4.51578e+06,2.70226e+06,1.3612e+07,0,0,0,0,60.7825,61.308,1.9312,0,1,1.4344,1.4344,0,1.10797,1.69344,9.38471e+06,3.61194e+06,1.34615e+07,0,0,0,5.60258e+07
89.3464,103.622,1.19876,0,0,3.01501,3.01501,0,0.564884,6.16896,4.51578e+06,2.70226e+06,1.36151e+07,0,0,0,0,60.5126,61.308,1.68666,0,1,1.43473,1.43473,0,1.10822,1.69344,9.38471e+06,3.61194e+06,1.34646e+07,0,0,0,5.60258e+07
87.9608,103.622,1.28646,0.01,0,3.15488,3.21711,0,0.565014,6.16896,4.51578e+06,3.09029e+06,1.42467e+07,0,0,0,0,59.894,61.308,1.99983,1,1,1.52846,1.55861,0,1.10847,1.69344,9.38471e+06,4.1306e+06,1.43442e+07,0,0,0,5.60258e+07
86.3361,103.622,0.982767,0.01,0,3.1556,3.21785,0,0.591224,6.16896,4.51578e+06,3.09029e+06,1.425e+07,0,0,0,0,59.2952,61.308,1.3217,1,1,1.52881,1.55897,0,1.18089,1.69344,9.38471e+06,4.1306e+06,1.43475e+07,0,0,0,5.60258e+07
84.784,103.622,1.02572,0.01,0,3.15632,3.21858,0,0.59136,6.16896,4.51578e+06,3.09029e+06,1.42533e+07,0,0,0,0,58.4741,61.308,1.48851,1,1,1.52916,1.55933,0,1.18116,1.69344,9.38471e+06,4.1306e+06,1.43508e+07,0,0,0,5.60258e+07
83.0716,103.622,0.831197,0.02,0,3.15705,3.21932,0,0.591495,6.16896,4.51578e+06,3.09029e+06,1.42565e+07,0,0,0,0,57.9854,61.308,1.11775,1,1,1.52951,1.55968,0,1.18143,1.69344,9.38471e+06,4.1306e+06,1.4354e+07,0,0,0,5.60258e+07
81.5336,103.622,1.00602,0.02,0,3.15777,3.22006,0,0.59163,6.16896,4.51578e+06,3.09029e+06,1.42598e+07,0,0,0,0,57.3042,61.308,1.83688,1,1,1.52986,1.56004,0,1.1817,1.69344,9.38471e+06,4.1306e+06,1.43573e+07,0,0,0,5.60258e+07
79.8591,103.622,0.81298,0.02,0,3.12252,3.12252,0,0.591766,6.16896,4.51578e+06,2.70226e+06,1.41006e+07,0,0,0,0,56.9658,61.308,1.24966,0,1,1.48532,1.48532,0,1.18197,1.69344,9.38471e+06,3.61194e+06,1.39393e+07,0,0,0,5.60258e+07
78.1149,103.622,0.726877,0.02,0,3.12324,3.12324,0,0.585161,6.16896,4.51578e+06,2.70226e+06,1.41039e+07,0,0,0,0,56.381,61.308,2.0456,0,1,1.48566,1.48566,0,1.14756,1.69344,9.38471e+06,3.61194e+06,1.39425e+07,0,0,0,5.60258e+07
76.3106,103.622,0.610378,0.02,0,3.12395,3.12395,0,0.585295,6.16896,4.51578e+06,2.70226e+06,1.41071e+07,0,0,0,0,55.5145,61.308,1.0906,0,1,1.486,1.486,0,1.14782,1.69344,9.38471e+06,3.61194e+06,1.39457e+07,0,0,0,5.60258e+07
74.5926,103.622,0.700594,0.02,0,3.12467,3.12467,0,0.585429,6.16896,4.51578e+06,2.70226e+06,1.41103e+07,0,0,0,0,55.0455,61.308,1.11486,0,1,1.48634,1.48634,0,1.14808,1.69344,9.38471e+06,3.61194e+06,1.39489e+07,0,0,0,5.60258e+07
73.8054,103.622,1.81971,0.02,0,3.04464,3.04464,0,0.585562,6.16896,4.51578e+06,2.70226e+06,1.37489e+07,0,0,0,0,54.9775,61.308,1.93638,0,1,1.41828,1.41828,0,1.14835,1.69344,9.38471e+06,3.61194e+06,1.33101e+07,0,0,0,5.60258e+07
72.4156,103.622,1.03867,0.02,0,3.04534,3.04534,0,0.570566,6.16896,4.51578e+06,2.70226e+06,1.37521e+07,0,0,0,0,54.3454,61.308,1.44141,0,1,1.4186,1.4186,0,1.09576,1.69344,9.38471e+06,3.61194e+06,1.33132e+07,0,0,0,5.60258e+07
71.2275,103.622,1.31863,0.02,0,3.04604,3.04604,0,0.570697,6.16896,4.51578e+06,2.70226e+06,1.37552e+07,0,0,0,0,53.7976,61.308,1.20881,0,1,1.41893,1.41893,0,1.09601,1.69344,9.38471e+06,3.61194e+06,1.33162e+07,0,0,0,5.60258e+07
69.8974,103.622,1.15153,0.02,0,3.04673,3.04673,0,0.570827,6.16896,4.51578e+06,2.70226e+06,1.37584e+07,0,0,0,0,53.6422,61.308,1.43946,0,1,1.41925,1.41925,0,1.09626,1.69344,9.38471e+06,3.61194e+06,1.33193e+07,0,0,0,5.60258e+07
70.6793,103.622,3.47245,0.02,0,2.81792,2.81792,0,0.570958,6.16896,4.51578e+06,2.70226e+06,1.27251e+07,0,0,0,0,54.6415,61.308,4.6045,0,1,1.27698,1.27698,0,1.09651,1.69344,9.38471e+06,3.61194e+06,1.19841e+07,0,0,0,5.60258e+07
71.883,103.622,3.92773,0.02,0,2.74113,2.81857,0,0.528079,6.16896,4.51578e+06,2.70226e+06,1.23783e+07,0,0,0,0,56.0295,61.308,4.67458,0,1,1.35472,1.27728,0,0.986598,1.69344,9.38471e+06,3.61194e+06,1.27136e+07,0,0,0,5.60258e+07
71.3449,103.622,1.98933,0.02,0,2.74207,2.81921,0,0.513687,6.16896,4.51578e+06,2.70226e+06,1.23826e+07,0,0,0,0,56.6843,61.308,2.64299,0,1,1.35472,1.27757,0,1.04665,1.69344,9.38471e+06,3.61194e+06,1.27136e+07,0,0,0,5.60258e+07
70.9518,103.622,2.04151,0.02,0,2.743,2.81986,0,0.513863,6.16896,4.51578e+06,2.70226e+06,1.23868e+07,0,0,0,0,57.13,61.308,2.51065,0,1,1.35472,1.27786,0,1.04665,1.69344,9.38471e+06,3.61194e+06,1.27136e+07,0,0,0,5.60258e+07
72.3072,103.622,4.06028,0.02,0,2.74394,2.8205,0,0.514039,6.16896,4.51578e+06,2.70226e+06,1.2391e+07,0,0,0,0,58.1886,61.308,4.53534,0,1,1.35472,1.27815,0,1.04665,1.69344,9.38471e+06,3.61194e+06,1.27136e+07,0,0,0,5.60258e+07
74.4919,103.622,5.13447,0.02,0,2.83324,2.90951,0,0.514214,6.16896,4.51578e+06,2.70226e+06,1.27943e+07,0,0,0,0,59.402,61.308,5.95248,0,1,1.39605,1.31977,0,1.04665,1.69344,9.38471e+06,3.61194e+06,1.31015e+07,0,0,0,5.60258e+07
76.7162,103.622,5.15404,0.02,0,2.8755,2.91015,0,0.530949,6.16896,4.51578e+06,2.70226e+06,1.29851e+07,0,0,0,0,60.5206,61.308,6.77277,0,1,1.35471,1.32006,0,1.07859,1.69344,9.38471e+06,3.61194e+06,1.27136e+07,0,0,0,5.60258e+07
78.2453,103.622,4.41305,0.01,0,2.87643,2.91079,0,0.538869,6.16896,4.51578e+06,2.70226e+06,1.29893e+07,0,0,0,0,61.3991,61.308,5.81115,0,1,1.35471,1.32035,0,1.04665,1.69344,9.38471e+06,3.61194e+06,1.27136e+07,0,0,0,5.60258e+07
79.4935,103.622,4.13423,0.01,0,2.87736,2.91143,0,0.539043,6.16896,4.51578e+06,2.70226e+06,1.29935e+07,0,0,0,0,62.2499,61.308,5.70724,0,1,1.35471,1.32064,0,1.04665,1.69344,9.38471e+06,3.61194e+06,1.27136e+07,0,0,0,5.60258e+07
80.7132,103.622,4.37153,0.01,0,3.16232,3.1961,0,0.539217,6.16896,4.51578e+06,2.70226e+06,1.42804e+07,0,0,0,0,62.3362,61.308,5.7901,0,1,1.51003,1.47625,0,1.04665,1.69344,9.38471e+06,3.61194e+06,1.41712e+07,0,0,0,5.60258e+07
86.2723,103.622,9.22307,0.02,0,3.1968,3.1968,0,0.592619,6.16896,4.51578e+06,2.70226e+06,1.44361e+07,0,0,0,0,62.3362,61.308,11.7938,0,1,1.47657,1.47657,0,1.16665,1.69344,9.38471e+06,3.61194e+06,1.38572e+07,0,0,0,5.60258e+07
89.5642,103.622,6.6672,0.01,0,3.1975,3.1975,0,0.599081,6.16896,4.51578e+06,2.70226e+06,1.44392e+07,0,0,0,0,62.3362,61.308,6.05061,0,1,1.47689,1.47689,0,1.1408,1.69344,9.38471e+06,3.61194e+06,1.38602e+07,0,0,0,5.60258e+07
91.8381,103.622,5.52924,0.01,0,3.19821,3.19821,0,0.599212,6.16896,4.51578e+06,2.70226e+06,1.44424e+07,0,0,0,0,62.3362,61.308,4.9322,0,1,1.47722,1.47722,0,1.14105,1.69344,9.38471e+06,3.61194e+06,1.38633e+07,0,0,0,5.60258e+07
95.2773,103.622,6.62478,0,0,2.79343,2.79343,0,0.599344,6.16896,4.51578e+06,2.70226e+06,1.26145e+07,0,0,0,0,62.3362,61.308,6.74038,0,1,1.26893,1.26893,0,1.1413,1.69344,9.38471e+06,3.61194e+06,1.19085e+07,0,0,0,5.60258e+07
99.8337,103.622,8.29018,0,0,2.79404,2.79404,0,0.523488,6.16896,4.51578e+06,2.70226e+06,1.26173e+07,0,0,0,0,62.3362,61.308,12.211,0,1,1.26921,1.26921,0,0.980373,1.69344,9.38471e+06,3.61194e+06,1.19111e+07,0,0,0,5.60258e+07
103.324,103.622,7.10457,0,0,2.79465,2.79465,0,0.523603,6.16896,4.51578e+06,2.70226e+06,1.262e+07,0,0,0,0,62.3362,61.308,9.77793,0,1,1.26948,1.26948,0,0.980588,1.69344,9.38471e+06,3.61194e+06,1.19137e+07,0,0,0,5.60258e+07
103.622,103.622,7.96371,0,0,2.79526,2.79526,0,0.523718,6.16896,4.51578e+06,2.70226e+06,1.26228e+07,0,0,0,0,62.3362,61.308,14.2002,0,1,1.26976,1.26976,0,0.980803,1.69344,9.38471e+06,3.61194e+06,1.19164e+07,0,0,0,5.60258e+07
103.622,103.622,8.88493,0,0,2.79588,2.79588,0,0.523832,6.16896,4.51578e+06,2.70226e+06,1.26256e+07,0,0,0,0,62.3362,61.308,13.7239,0,1,1.27004,1.27004,0,0.981018,1.69344,9.38471e+06,3.61194e+06,1.1919e+07,0,0,0,5.60258e+07
103.622,103.622,8.24361,0,0,2.89867,2.89867,0,0.523947,6.16896,4.51578e+06,2.70226e+06,1.30897e+07,0,0,0,0,62.3362,61.308,9.47783,0,1,1.32141,1.32141,0,0.981233,1.69344,9.38471e+06,3.61194e+06,1.24011e+07,0,0,0,5.60258e+07
103.622,103.622,10.8342,0,0,2.8993,2.8993,0,0.54321,6.16896,4.51578e+06,2.70226e+06,1.30926e+07,0,0,0,0,62.3362,61.308,9.81156,0,1,1.3217,1.3217,0,1.02092,1.69344,9.38471e+06,3.61194e+06,1.24038e+07,0,0,0,5.60258e+07
103.622,103.622,8.77305,0,0,2.89994,2.89994,0,0.543329,6.16896,4.51578e+06,2.70226e+06,1.30955e+07,0,0,0,0,62.3362,61.308,8.59084,0,1,1.32199,1.32199,0,1.02115,1.69344,9.38471e+06,3.61194e+06,1.24065e+07,0,0,0,5.60258e+07
103.622,103.622,7.27087,0,0,2.90057,2.90057,0,0.543449,6.16896,4.51578e+06,2.70226e+06,1.30984e+07,0,0,0,0,62.3362,61.308,6.14729,0,1,1.32228,1.32228,0,1.02137,1.69344,9.38471e+06,3.61194e+06,1.24092e+07,0,0,0,5.60258e+07
103.622,103.622,6.09316,0,0,2.86122,2.86122,0,0.543568,6.16896,4.51578e+06,2.70226e+06,1.29207e+07,0,0,0,0,62.3362,61.308,4.81907,0,1,1.30271,1.30271,0,1.02159,1.69344,9.38471e+06,3.61194e+06,1.22255e+07,0,0,0,5.60258e+07
103.622,103.622,5.72344,0,0,2.86185,2.86185,0,0.536193,6.16896,4.51578e+06,2.70226e+06,1.29235e+07,0,0,0,0,62.3362,61.308,4.87233,0,1,1.30299,1.30299,0,1.00647,1.69344,9.38471e+06,3.61194e+06,1.22282e+07,0,0,0,5.60258e+07
103.622,103.622,4.93708,0,0,2.86248,2.86248,0,0.536311,6.16896,4.51578e+06,2.70226e+06,1.29263e+07,0,0,0,0,62.3362,61.308,3.30961,0,1,1.30328,1.30328,0,1.00669,1.69344,9.38471e+06,3.61194e+06,1.22309e+07,0,0,0,5.60258e+07
103.622,103.622,4.16039,0,0,2.86311,2.86311,0,0.536429,6.16896,4.51578e+06,2.70226e+06,1.29292e+07,0,0,0,0,62.3362,61.308,3.3049,0,1,1.30357,1.30357,0,1.00691,1.69344,9.38471e+06,3.61194e+06,1.22336e+07,0,0,0,5.60258e+07
103.622,103.622,3.8978,0,0,2.99958,2.99958,0,0.536546,6.16896,4.51578e+06,2.70226e+06,1.35454e+07,0,0,0,0,62.3332,61.308,2.58708,0,1,1.37434,1.37434,0,1.00713,1.69344,9.38471e+06,3.61194e+06,1.28978e+07,0,0,0,5.60258e+07
103.622,103.622,4.20989,0,0,3.00024,3.00024,0,0.562121,6.16896,4.51578e+06,2.70226e+06,1.35484e+07,0,0,0,0,62.3362,61.308,3.50674,0,1,1.37465,1.37465,0,1.06182,1.69344,9.38471e+06,3.61194e+06,1.29007e+07,0,0,0,5.60258e+07
103.622,103.622,4.04634,0,0,3.0009,3.0009,0,0.562245,6.16896,4.51578e+06,2.70226e+06,1.35514e+07,0,0,0,0,62.3362,61.308,3.03109,0,1,1.37495,1.37495,0,1.06205,1.69344,9.38471e+06,3.61194e+06,1.29035e+07,0,0,0,5.60258e+07
103.622,103.622,3.67778,0,0,3.00155,3.00155,0,0.562368,6.16896,4.51578e+06,2.70226e+06,1.35544e+07,0,0,0,0,62.3362,61.308,2.63487,0,1,1.37525,1.37525,0,1.06228,1.69344,9.38471e+06,3.61194e+06,1.29063e+07,0,0,0,5.60258e+07
103.622,103.622,3.27717,0,0,3.00221,3.00221,0,0.562491,6.16896,4.51578e+06,2.70226e+06,1.35573e+07,0,0,0,0,62.3362,61.308,2.71931,0,1,1.37555,1.37555,0,1.06252,1.69344,9.38471e+06,3.61194e+06,1.29091e+07,0,0,0,5.60258e+07
103.465,103.622,2.61644,0,0,2.97597,2.97597,0,0.562614,6.16896,4.51578e+06,2.70226e+06,1.34388e+07,0,0,0,0,62.2585,61.308,2.47071,0,1,1.41464,1.41464,0,1.06275,1.69344,9.38471e+06,3.61194e+06,1.3276e+07,0,0,0,5.60258e+07
102.879,103.622,2.15946,0,0,2.97663,2.97663,0,0.557698,6.16896,4.51578e+06,2.70226e+06,1.34418e+07,0,0,0,0,62.1629,61.308,1.84276,0,1,1.41495,1.41495,0,1.09295,1.69344,9.38471e+06,3.61194e+06,1.32789e+07,0,0,0,5.60258e+07
102.143,103.622,2.00335,0,0,2.97728,2.97728,0,0.55782,6.16896,4.51578e+06,2.70226e+06,1.34447e+07,0,0,0,0,61.883,61.308,1.82631,0,1,1.41526,1.41526,0,1.09319,1.69344,9.38471e+06,3.61194e+06,1.32818e+07,0,0,0,5.60258e+07
101.256,103.622,1.83357,0,0,2.97793,2.97793,0,0.557942,6.16896,4.51578e+06,2.70226e+06,1.34477e+07,0,0,0,0,61.5767,61.308,1.62191,0,1,1.41557,1.41557,0,1.09343,1.69344,9.38471e+06,3.61194e+06,1.32847e+07,0,0,0,5.60258e+07
100.208,103.622,1.68166,0,0,3.0481,3.0481,0,0.558064,6.16896,4.51578e+06,2.70226e+06,1.37645e+07,0,0,0,0,61.3115,61.308,1.60323,0,1,1.45048,1.45048,0,1.09367,1.69344,9.38471e+06,3.61194e+06,1.36123e+07,0,0,0,5.60258e+07
99.1493,103.622,1.64314,0,0,3.04877,3.04877,0,0.571214,6.16896,4.51578e+06,2.70226e+06,1.37676e+07,0,0,0,0,60.9966,61.308,1.69886,0,1,1.45079,1.45079,0,1.12064,1.69344,9.38471e+06,3.61194e+06,1.36153e+07,0,0,0,5.60258e+07
98.0396,103.622,1.57734,0,0,3.04943,3.04943,0,0.571339,6.16896,4.51578e+06,2.70226e+06,1.37706e+07,0,0,0,0,60.5888,61.308,1.71326,0,1,1.45111,1.45111,0,1.12088,1.69344,9.38471e+06,3.61194e+06,1.36183e+07,0,0,0,5.60258e+07
96.7639,103.622,1.39098,0,0,3.0501,3.0501,0,0.571464,6.16896,4.51578e+06,2.70226e+06,1.37736e+07,0,0,0,0,60.105,61.308,1.57052,0,1,1.45143,1.45143,0,1.12113,1.69344,9.38471e+06,3.61194e+06,1.36212e+07,0,0,0,5.60258e+07
95.3169,103.622,1.29106,0,0,3.19156,3.25452,0,0.571589,6.16896,4.51578e+06,3.09029e+06,1.44124e+07,0,0,0,0,59.5769,61.308,1.51275,1,1,1.54624,1.57674,0,1.12137,1.69344,9.38471e+06,4.1306e+06,1.4511e+07,0,0,0,5.60258e+07
93.7699,103.622,1.19125,0,0,3.19226,3.25523,0,0.598099,6.16896,4.51578e+06,3.09029e+06,1.44156e+07,0,0,0,0,59.1512,61.308,1.55493,1,1,1.54658,1.57708,0,1.19462,1.69344,9.38471e+06,4.1306e+06,1.45142e+07,0,0,0,5.60258e+07
92.3745,103.622,1.3646,0.01,0,3.19296,3.25594,0,0.59823,6.16896,4.51578e+06,3.09029e+06,1.44187e+07,0,0,0,0,58.6221,61.308,1.8706,1,1,1.54691,1.57743,0,1.19488,1.69344,9.38471e+06,4.1306e+06,1.45173e+07,0,0,0,5.60258e+07
90.7526,103.622,1.11306,0.01,0,3.19366,3.25666,0,0.598361,6.16896,4.51578e+06,3.09029e+06,1.44219e+07,0,0,0,0,58.1584,61.308,1.4047,1,1,1.54725,1.57777,0,1.19515,1.69344,9.38471e+06,4.1306e+06,1.45205e+07,0,0,0,5.60258e+07
89.3512,103.622,1.33226,0.01,0,3.19436,3.25737,0,0.598492,6.16896,4.51578e+06,3.09029e+06,1.4425e+07,0,0,0,0,57.9115,61.308,2.31107,1,1,1.54759,1.57812,0,1.19541,1.69344,9.38471e+06,4.1306e+06,1.45237e+07,0,0,0,5.60258e+07
88.4914,103.622,1.88854,0.02,0,3.15867,3.15867,0,0.598623,6.16896,4.51578e+06,2.70226e+06,1.42639e+07,0,0,0,0,57.7412,61.308,2.50431,0,1,1.50252,1.50252,0,1.19567,1.69344,9.38471e+06,3.61194e+06,1.41007e+07,0,0,0,5.60258e+07
87.1876,103.622,1.48009,0.02,0,3.15937,3.15937,0,0.591936,6.16896,4.51578e+06,2.70226e+06,1.4267e+07,0,0,0,0,57.2809,61.308,2.18647,0,1,1.50285,1.50285,0,1.16084,1.69344,9.38471e+06,3.61194e+06,1.41038e+07,0,0,0,5.60258e+07
85.4984,103.622,0.981372,0.02,0,3.16006,3.16006,0,0.592065,6.16896,4.51578e+06,2.70226e+06,1.42701e+07,0,0,0,0,56.8615,61.308,1.42794,0,1,1.50318,1.50318,0,1.1611,1.69344,9.38471e+06,3.61194e+06,1.41069e+07,0,0,0,5.60258e+07
84.5581,103.622,1.81603,0.02,0,3.16075,3.16075,0,0.592195,6.16896,4.51578e+06,2.70226e+06,1.42733e+07,0,0,0,0,56.6,61.308,2.13599,0,1,1.5035,1.5035,0,1.16135,1.69344,9.38471e+06,3.61194e+06,1.411e+07,0,0,0,5.60258e+07
84.6569,103.622,3.02141,0.02,0,3.07977,3.07977,0,0.592325,6.16896,4.51578e+06,2.70226e+06,1.39076e+07,0,0,0,0,56.6841,61.308,3.48073,0,1,1.43464,1.43464,0,1.16161,1.69344,9.38471e+06,3.61194e+06,1.34637e+07,0,0,0,5.60258e+07
83.48,103.622,1.5889,0.02,0,3.08045,3.08045,0,0.57715,6.16896,4.51578e+06,2.70226e+06,1.39106e+07,0,0,0,0,56.5101,61.308,2.32192,0,1,1.43496,1.43496,0,1.1084,1.69344,9.38471e+06,3.61194e+06,1.34666e+07,0,0,0,5.60258e+07
82.3117,103.622,1.51924,0.02,0,3.08112,3.08112,0,0.577276,6.16896,4.51578e+06,2.70226e+06,1.39137e+07,0,0,0,0,56.3624,61.308,2.51018,0,1,1.43527,1.43527,0,1.10865,1.69344,9.38471e+06,3.61194e+06,1.34696e+07,0,0,0,5.60258e+07
85.0743,103.622,5.71644,0.02,0,3.0818,3.0818,0,0.577402,6.16896,4.51578e+06,2.70226e+06,1.39167e+07,0,0,0,0,56.552,61.308,3.86685,0,1,1.43558,1.43558,0,1.10889,1.69344,9.38471e+06,3.61194e+06,1.34725e+07,0,0,0,5.60258e+07
86.6297,103.622,4.48974,0.02,0,2.85033,2.85033,0,0.577529,6.16896,4.51578e+06,2.70226e+06,1.28714e+07,0,0,0,0,56.9863,61.308,4.00833,0,1,1.29167,1.29167,0,1.10913,1.69344,9.38471e+06,3.61194e+06,1.21219e+07,0,0,0,5.60258e+07
90.231,103.622,6.58267,0.02,0,2.78819,2.85095,0,0.534151,6.16896,4.51578e+06,2.70226e+06,1.25909e+07,0,0,0,0,58.3454,61.308,7.6654,0,1,1.35471,1.29195,0,0.997942,1.69344,9.38471e+06,3.61194e+06,1.27135e+07,0,0,0,5.60258e+07
95.2604,103.622,8.28203,0.01,0,2.7891,2.85157,0,0.522508,6.16896,4.51578e+06,2.70226e+06,1.2595e+07,0,0,0,0,60.0552,61.308,9.10437,0,1,1.35471,1.29223,0,1.04665,1.69344,9.38471e+06,3.61194e+06,1.27135e+07,0,0,0,5.60258e+07
99.8353,103.622,8.05011,0,0,2.8522,2.8522,0,0.522677,6.16896,4.51578e+06,2.70226e+06,1.28799e+07,0,0,0,0,61.5842,61.308,7.8422,0,1,1.29252,1.29252,0,1.04665,1.69344,9.38471e+06,3.61194e+06,1.21299e+07,0,0,0,5.60258e+07
103.622,103.622,7.25103,0,0,2.85282,2.85282,0,0.534502,6.16896,4.51578e+06,2.70226e+06,1.28827e+07,0,0,0,0,62.3362,61.308,6.87918,0,1,1.2928,1.2928,0,0.998598,1.69344,9.38471e+06,3.61194e+06,1.21325e+07,0,0,0,5.60258e+07
103.622,103.622,8.82198,0,0,2.85282,2.85282,0,0.534619,6.16896,4.51578e+06,2.70226e+06,1.28827e+07,0,0,0,0,62.3362,61.308,6.98525,0,1,1.2928,1.2928,0,0.998816,1.69344,9.38471e+06,3.61194e+06,1.21325e+07,0,0,0,5.60258e+07
103.622,103.622,4.76138,0,0,2.94282,2.94282,0,0.534619,6.16896,4.51578e+06,2.70226e+06,1.32891e+07,0,0,0,0,62.3362,61.308,3.83589,0,1,1.33489,1.33489,0,0.998816,1.69344,9.38471e+06,3.61194e+06,1.25275e+07,0,0,0,1.12052e+08
103.622,103.622,3.47833,0,0,2.94344,2.94344,0,0.551485,6.16896,4.51578e+06,2.70226e+06,1.32919e+07,0,0,0,0,62.3362,61.308,2.80606,0,1,1.33517,1.33517,0,1.03133,1.69344,9.38471e+06,3.61194e+06,1.25301e+07,0,0,0,1.12052e+08
103.355,103.622,2.94318,0,0,2.94406,2.94406,0,0.551601,6.16896,4.51578e+06,2.70226e+06,1.32947e+07,0,0,0,0,62.3362,61.308,2.47398,0,1,1.33545,1.33545,0,1.03155,1.69344,9.38471e+06,3.61194e+06,1.25328e+07,0,0,0,1.12052e+08
103.501,103.622,3.45228,0,0,2.94468,2.94468,0,0.551716,6.16896,4.51578e+06,2.70226e+06,1.32975e+07,0,0,0,0,62.3362,61.308,3.04767,0,1,1.33573,1.33573,0,1.03177,1.69344,9.38471e+06,3.61194e+06,1.25354e+07,0,0,0,1.12052e+08
103.622,103.622,4.94322,0,0,3.23257,3.23257,0,0.551832,6.16896,4.51578e+06,2.70226e+06,1.45976e+07,0,0,0,0,62.3362,61.308,2.85255,0,1,1.49309,1.49309,0,1.03198,1.69344,9.38471e+06,3.61194e+06,1.40122e+07,0,0,0,1.12052e+08
103.622,103.622,3.8024,0,0,3.23325,3.23325,0,0.605784,6.16896,4.51578e+06,2.70226e+06,1.46006e+07,0,0,0,0,62.3362,61.308,3.02514,0,1,1.4934,1.4934,0,1.15356,1.69344,9.38471e+06,3.61194e+06,1.40152e+07,0,0,0,1.12052e+08
103.622,103.622,3.76332,0,0,3.23393,3.23393,0,0.605911,6.16896,4.51578e+06,2.70226e+06,1.46037e+07,0,0,0,0,62.3362,61.308,2.7059,0,1,1.49372,1.49372,0,1.1538,1.69344,9.38471e+06,3.61194e+06,1.40181e+07,0,0,0,1.12052e+08
103.622,103.622,3.92955,0,0,3.2346,3.2346,0,0.606038,6.16896,4.51578e+06,2.70226e+06,1.46068e+07,0,0,0,0,62.3362,61.308,2.71439,0,1,1.49403,1.49403,0,1.15405,1.69344,9.38471e+06,3.61194e+06,1.4021e+07,0,0,0,1.12052e+08
103.622,103.622,6.90444,0,0,2.82519,2.82519,0,0.606165,6.16896,4.51578e+06,2.70226e+06,1.27579e+07,0,0,0,0,62.3362,61.308,5.30754,0,1,1.28336,1.28336,0,1.15429,1.69344,9.38471e+06,3.61194e+06,1.20439e+07,0,0,0,1.12052e+08
103.622,103.622,5.70752,0,0,2.82578,2.82578,0,0.52944,6.16896,4.51578e+06,2.70226e+06,1.27606e+07,0,0,0,0,62.3362,61.308,4.74775,0,1,1.28363,1.28363,0,0.991521,1.69344,9.38471e+06,3.61194e+06,1.20465e+07,0,0,0,1.12052e+08
103.622,103.622,5.08602,0,0,2.82637,2.82637,0,0.529552,6.16896,4.51578e+06,2.70226e+06,1.27633e+07,0,0,0,0,62.3362,61.308,3.39125,0,1,1.28389,1.28389,0,0.991729,1.69344,9.38471e+06,3.61194e+06,1.2049e+07,0,0,0,1.12052e+08
103.622,103.622,5.36595,0,0,2.82697,2.82697,0,0.529662,6.16896,4.51578e+06,2.70226e+06,1.2766e+07,0,0,0,0,62.3362,61.308,4.45375,0,1,1.28416,1.28416,0,0.991937,1.69344,9.38471e+06,3.61194e+06,1.20515e+07,0,0,0,1.12052e+08
103.622,103.622,6.34287,0,0,2.82756,2.82756,0,0.529774,6.16896,4.51578e+06,2.70226e+06,1.27686e+07,0,0,0,0,62.3362,61.308,6.67,0,1,1.28443,1.28443,0,0.992145,1.69344,9.38471e+06,3.61194e+06,1.2054e+07,0,0,0,1.12052e+08
103.622,103.622,4.92572,0,0,2.93149,2.93149,0,0.529885,6.16896,4.51578e+06,2.70226e+06,1.32379e+07,0,0,0,0,62.3362,61.308,5.36955,0,1,1.33637,1.33637,0,0.992353,1.69344,9.38471e+06,3.61194e+06,1.25415e+07,0,0,0,1.12052e+08
103.622,103.622,4.53368,0,0,2.9321,2.9321,0,0.549361,6.16896,4.51578e+06,2.70226e+06,1.32407e+07,0,0,0,0,62.3362,61.308,5.01886,0,1,1.33665,1.33665,0,1.03248,1.69344,9.38471e+06,3.61194e+06,1.25441e+07,0,0,0,1.12052e+08
103.622,103.622,6.52916,0,0,2.93272,2.93272,0,0.549476,6.16896,4.51578e+06,2.70226e+06,1.32435e+07,0,0,0,0,62.3362,61.308,7.25272,0,1,1.33693,1.33693,0,1.0327,1.69344,9.38471e+06,3.61194e+06,1.25467e+07,0,0,0,1.12052e+08
103.622,103.622,6.14288,0,0,2.93333,2.93333,0,0.549591,6.16896,4.51578e+06,2.70226e+06,1.32463e+07,0,0,0,0,62.3362,61.308,7.62239,0,1,1.33721,1.33721,0,1.03291,1.69344,9.38471e+06,3.61194e+06,1.25493e+07,0,0,0,1.12052e+08
103.622,103.622,3.48059,0,0,2.89351,2.89351,0,0.549706,6.16896,4.51578e+06,2.70226e+06,1.30664e+07,0,0,0,0,62.3362,61.308,3.68452,0,1,1.31741,1.31741,0,1.03313,1.69344,9.38471e+06,3.61194e+06,1.23635e+07,0,0,0,1.12052e+08
103.622,103.622,3.08024,0,0,2.89411,2.89411,0,0.542243,6.16896,4.51578e+06,2.70226e+06,1.30692e+07,0,0,0,0,62.3362,61.308,3.24997,0,1,1.31768,1.31768,0,1.01783,1.69344,9.38471e+06,3.61194e+06,1.23661e+07,0,0,0,1.12052e+08
103.494,103.622,2.82812,0,0,2.89472,2.89472,0,0.542357,6.16896,4.51578e+06,2.70226e+06,1.30719e+07,0,0,0,0,62.3362,61.308,2.98735,0,1,1.31796,1.31796,0,1.01804,1.69344,9.38471e+06,3.61194e+06,1.23687e+07,0,0,0,1.12052e+08
103.242,103.622,2.66257,0,0,2.89533,2.89533,0,0.542471,6.16896,4.51578e+06,2.70226e+06,1.30747e+07,0,0,0,0,62.3362,61.308,3.03265,0,1,1.31824,1.31824,0,1.01826,1.69344,9.38471e+06,3.61194e+06,1.23713e+07,0,0,0,1.12052e+08
102.657,103.622,2.39542,0,0,3.03331,3.03331,0,0.542584,6.16896,4.51578e+06,2.70226e+06,1.36978e+07,0,0,0,0,62.3362,61.308,2.71477,0,1,1.3898,1.3898,0,1.01847,1.69344,9.38471e+06,3.61194e+06,1.30429e+07,0,0,0,1.12052e+08
101.815,103.622,2.05027,0,0,3.03394,3.03394,0,0.568442,6.16896,4.51578e+06,2.70226e+06,1.37006e+07,0,0,0,0,62.3362,61.308,2.28525,0,1,1.39009,1.39009,0,1.07376,1.69344,9.38471e+06,3.61194e+06,1.30456e+07,0,0,0,1.12052e+08
100.959,103.622,2.03939,0,0,3.03458,3.03458,0,0.568561,6.16896,4.51578e+06,2.70226e+06,1.37035e+07,0,0,0,0,62.3362,61.308,2.31625,0,1,1.39038,1.39038,0,1.07398,1.69344,9.38471e+06,3.61194e+06,1.30483e+07,0,0,0,1.12052e+08
99.9988,103.622,1.89739,0,0,3.03522,3.03522,0,0.56868,6.16896,4.51578e+06,2.70226e+06,1.37064e+07,0,0,0,0,62.332,61.308,2.19185,0,1,1.39067,1.39067,0,1.07421,1.69344,9.38471e+06,3.61194e+06,1.3051e+07,0,0,0,1.12052e+08
99.1739,103.622,2.01194,0,0,3.03585,3.03585,0,0.568799,6.16896,4.51578e+06,2.70226e+06,1.37092e+07,0,0,0,0,62.2805,61.308,1.97126,0,1,1.39096,1.39096,0,1.07443,1.69344,9.38471e+06,3.61194e+06,1.30538e+07,0,0,0,1.12052e+08
98.5233,103.622,2.15596,0,0,3.00929,3.00929,0,0.568919,6.16896,4.51578e+06,2.70226e+06,1.35893e+07,0,0,0,0,62.1712,61.308,1.82471,0,1,1.43047,1.43047,0,1.07466,1.69344,9.38471e+06,3.61194e+06,1.34246e+07,0,0,0,1.12052e+08
97.709,103.622,1.97707,0,0,3.00992,3.00992,0,0.563941,6.16896,4.51578e+06,2.70226e+06,1.35921e+07,0,0,0,0,61.9063,61.308,1.7945,0,1,1.43077,1.43077,0,1.10518,1.69344,9.38471e+06,3.61194e+06,1.34274e+07,0,0,0,1.12052e+08
96.7453,103.622,1.80128,0,0,3.01055,3.01055,0,0.564059,6.16896,4.51578e+06,2.70226e+06,1.3595e+07,0,0,0,0,61.6124,61.308,1.61951,0,1,1.43107,1.43107,0,1.10542,1.69344,9.38471e+06,3.61194e+06,1.34302e+07,0,0,0,1.12052e+08
95.7437,103.622,1.70344,0,0,3.01118,3.01118,0,0.564177,6.16896,4.51578e+06,2.70226e+06,1.35978e+07,0,0,0,0,61.1769,61.308,1.59262,0,1,1.43137,1.43137,0,1.10565,1.69344,9.38471e+06,3.61194e+06,1.3433e+07,0,0,0,1.12052e+08
94.5589,103.622,1.58051,0,0,3.0821,3.0821,0,0.564296,6.16896,4.51578e+06,2.70226e+06,1.39181e+07,0,0,0,0,60.8055,61.308,1.60698,0,1,1.46666,1.46666,0,1.10588,1.69344,9.38471e+06,3.61194e+06,1.37642e+07,0,0,0,1.12052e+08
93.2944,103.622,1.47288,0,0,3.08275,3.08275,0,0.577586,6.16896,4.51578e+06,2.70226e+06,1.3921e+07,0,0,0,0,60.2568,61.308,1.62586,0,1,1.46696,1.46696,0,1.13314,1.69344,9.38471e+06,3.61194e+06,1.3767e+07,0,0,0,1.12052e+08
91.9494,103.622,1.35767,0,0,3.08339,3.08339,0,0.577707,6.16896,4.51578e+06,2.70226e+06,1.39239e+07,0,0,0,0,59.815,61.308,1.45018,0,1,1.46727,1.46727,0,1.13338,1.69344,9.38471e+06,3.61194e+06,1.37699e+07,0,0,0,1.12052e+08
90.6505,103.622,1.40593,0,0,3.08404,3.08404,0,0.577828,6.16896,4.51578e+06,2.70226e+06,1.39268e+07,0,0,0,0,59.2837,61.308,1.63563,0,1,1.46758,1.46758,0,1.13361,1.69344,9.38471e+06,3.61194e+06,1.37728e+07,0,0,0,1.12052e+08
89.2659,103.622,1.42074,0.01,0,3.22704,3.2907,0,0.577949,6.16896,4.51578e+06,3.09029e+06,1.45726e+07,0,0,0,0,58.639,61.308,1.45798,1,1,1.56343,1.59427,0,1.13385,1.69344,9.38471e+06,4.1306e+06,1.46723e+07,0,0,0,1.12052e+08
87.919,103.622,1.44984,0.02,0,3.22772,3.29139,0,0.604748,6.16896,4.51578e+06,3.09029e+06,1.45757e+07,0,0,0,0,57.8084,61.308,1.48749,1,1,1.56375,1.5946,0,1.2079,1.69344,9.38471e+06,4.1306e+06,1.46754e+07,0,0,0,1.12052e+08
86.3459,103.622,1.19445,0.02,0,3.2284,3.29208,0,0.604875,6.16896,4.51578e+06,3.09029e+06,1.45787e+07,0,0,0,0,57.2733,61.308,1.18638,1,1,1.56408,1.59493,0,1.20816,1.69344,9.38471e+06,4.1306e+06,1.46784e+07,0,0,0,1.12052e+08
84.9784,103.622,1.40604,0.02,0,3.22907,3.29277,0,0.605001,6.16896,4.51578e+06,3.09029e+06,1.45818e+07,0,0,0,0,56.7642,61.308,1.7922,1,1,1.56441,1.59527,0,1.20841,1.69344,9.38471e+06,4.1306e+06,1.46815e+07,0,0,0,1.12052e+08
83.6913,103.622,1.4664,0.02,0,3.22975,3.29346,0,0.605128,6.16896,4.51578e+06,3.09029e+06,1.45848e+07,0,0,0,0,56.2151,61.308,1.47314,1,1,1.56474,1.5956,0,1.20866,1.69344,9.38471e+06,4.1306e+06,1.46846e+07,0,0,0,1.12052e+08
82.8573,103.622,1.91195,0.02,0,3.19364,3.19364,0,0.605255,6.16896,4.51578e+06,2.70226e+06,1.44218e+07,0,0,0,0,55.8277,61.308,1.58393,0,1,1.51915,1.51915,0,1.20891,1.69344,9.38471e+06,3.61194e+06,1.42568e+07,0,0,0,1.12052e+08
82.1829,103.622,2.17737,0.02,0,3.19431,3.19431,0,0.598488,6.16896,4.51578e+06,2.70226e+06,1.44248e+07,0,0,0,0,55.6409,61.308,2.1054,0,1,1.51947,1.51947,0,1.17369,1.69344,9.38471e+06,3.61194e+06,1.42597e+07,0,0,0,1.12052e+08
81.4021,103.622,2.08503,0.02,0,3.19497,3.19497,0,0.598613,6.16896,4.51578e+06,2.70226e+06,1.44278e+07,0,0,0,0,55.4626,61.308,2.06965,0,1,1.51978,1.51978,0,1.17394,1.69344,9.38471e+06,3.61194e+06,1.42627e+07,0,0,0,1.12052e+08
80.8472,103.622,2.42796,0.02,0,3.19564,3.19564,0,0.598738,6.16896,4.51578e+06,2.70226e+06,1.44308e+07,0,0,0,0,55.431,61.308,2.50222,0,1,1.5201,1.5201,0,1.17418,1.69344,9.38471e+06,3.61194e+06,1.42657e+07,0,0,0,1.12052e+08
81.8712,103.622,3.99366,0.02,0,3.11374,3.11374,0,0.598863,6.16896,4.51578e+06,2.70226e+06,1.4061e+07,0,0,0,0,55.482,61.308,2.20932,0,1,1.45047,1.45047,0,1.17443,1.69344,9.38471e+06,3.61194e+06,1.36122e+07,0,0,0,1.12052e+08
84.1599,103.622,5.2469,0.02,0,3.11439,3.11439,0,0.583515,6.16896,4.51578e+06,2.70226e+06,1.40639e+07,0,0,0,0,55.7319,61.308,2.39562,0,1,1.45077,1.45077,0,1.12063,1.69344,9.38471e+06,3.61194e+06,1.3615e+07,0,0,0,1.12052e+08
86.0368,103.622,4.92576,0.02,0,3.11505,3.11505,0,0.583638,6.16896,4.51578e+06,2.70226e+06,1.40669e+07,0,0,0,0,56.214,61.308,3.1295,0,1,1.45107,1.45107,0,1.12086,1.69344,9.38471e+06,3.61194e+06,1.36179e+07,0,0,0,1.12052e+08
88.072,103.622,5.20546,0.02,0,3.1157,3.1157,0,0.58376,6.16896,4.51578e+06,2.70226e+06,1.40698e+07,0,0,0,0,57.0207,61.308,3.45141,0,1,1.45138,1.45138,0,1.1211,1.69344,9.38471e+06,3.61194e+06,1.36207e+07,0,0,0,1.12052e+08
91.8905,103.622,6.90439,0.02,0,2.88165,2.88165,0,0.583882,6.16896,4.51578e+06,2.70226e+06,1.30129e+07,0,0,0,0,57.8273,61.308,4.03676,0,1,1.30586,1.30586,0,1.12133,1.69344,9.38471e+06,3.61194e+06,1.22552e+07,0,0,0,1.12052e+08
92.4502,103.622,3.47086,0.01,0,2.8337,2.88226,0,0.540022,6.16896,4.51578e+06,2.70226e+06,1.27963e+07,0,0,0,0,58.2765,61.308,2.86178,0,1,1.3547,1.30614,0,1.00891,1.69344,9.38471e+06,3.61194e+06,1.27134e+07,0,0,0,1.12052e+08
95.8402,103.622,6.67749,0.01,0,2.83457,2.88286,0,0.531035,6.16896,4.51578e+06,2.70226e+06,1.28003e+07,0,0,0,0,59.1919,61.308,4.27654,0,1,1.3547,1.30641,0,1.04664,1.69344,9.38471e+06,3.61194e+06,1.27134e+07,0,0,0,1.12052e+08
97.7826,103.622,5.20579,0,0,2.88346,2.88346,0,0.531199,6.16896,4.51578e+06,2.70226e+06,1.30211e+07,0,0,0,0,60.5876,61.308,4.94043,0,1,1.30668,1.30668,0,1.04664,1.69344,9.38471e+06,3.61194e+06,1.22628e+07,0,0,0,1.12052e+08
99.3843,103.622,4.7257,0,0,2.88407,2.88407,0,0.540361,6.16896,4.51578e+06,2.70226e+06,1.30238e+07,0,0,0,0,60.9732,61.308,3.19772,0,1,1.30696,1.30696,0,1.00954,1.69344,9.38471e+06,3.61194e+06,1.22654e+07,0,0,0,1.12052e+08
103.622,103.622,9.51032,0,0,2.97502,2.97502,0,0.540474,6.16896,4.51578e+06,2.70226e+06,1.34346e+07,0,0,0,0,62.1921,61.308,5.6755,0,1,1.34949,1.34949,0,1.00975,1.69344,9.38471e+06,3.61194e+06,1.26646e+07,0,0,0,1.12052e+08
103.622,103.622,12.6111,0,0,2.97562,2.97562,0,0.557519,6.16896,4.51578e+06,2.70226e+06,1.34372e+07,0,0,0,0,62.3362,61.308,10.2285,0,1,1.34976,1.34976,0,1.04262,1.69344,9.38471e+06,3.61194e+06,1.26671e+07,0,0,0,1.12052e+08
103.622,103.622,8.4237,0,0,2.97622,2.97622,0,0.557631,6.16896,4.51578e+06,2.70226e+06,1.34399e+07,0,0,0,0,62.3362,61.308,6.36559,0,1,1.35003,1.35003,0,1.04283,1.69344,9.38471e+06,3.61194e+06,1.26697e+07,0,0,0,1.12052e+08
103.622,103.622,9.10806,0,0,2.97681,2.97681,0,0.557743,6.16896,4.51578e+06,2.70226e+06,1.34426e+07,0,0,0,0,62.3362,61.308,8.16022,0,1,1.3503,1.3503,0,1.04303,1.69344,9.38471e+06,3.61194e+06,1.26722e+07,0,0,0,1.12052e+08
103.622,103.622,11.3797,0,0,3.26782,3.26782,0,0.557854,6.16896,4.51578e+06,2.70226e+06,1.47567e+07,0,0,0,0,62.3362,61.308,8.4724,0,1,1.50937,1.50937,0,1.04324,1.69344,9.38471e+06,3.61194e+06,1.4165e+07,0,0,0,1.12052e+08
103.622,103.622,11.8159,0,0,3.26847,3.26847,0,0.612389,6.16896,4.51578e+06,2.70226e+06,1.47597e+07,0,0,0,0,62.3362,61.308,9.75392,0,1,1.50967,1.50967,0,1.16614,1.69344,9.38471e+06,3.61194e+06,1.41679e+07,0,0,0,1.12052e+08
103.622,103.622,6.45589,0,0,3.26913,3.26913,0,0.612512,6.16896,4.51578e+06,2.70226e+06,1.47627e+07,0,0,0,0,62.3362,61.308,5.56681,0,1,1.50998,1.50998,0,1.16637,1.69344,9.38471e+06,3.61194e+06,1.41707e+07,0,0,0,1.12052e+08
103.622,103.622,4.89515,0,0,3.26978,3.26978,0,0.612634,6.16896,4.51578e+06,2.70226e+06,1.47656e+07,0,0,0,0,62.3362,61.308,4.49448,0,1,1.51028,1.51028,0,1.16661,1.69344,9.38471e+06,3.61194e+06,1.41735e+07,0,0,0,1.12052e+08
103.622,103.622,7.78173,0,0,2.85589,2.85589,0,0.612757,6.16896,4.51578e+06,2.70226e+06,1.28966e+07,0,0,0,0,62.3362,61.308,6.82852,0,1,1.2973,1.2973,0,1.16684,1.69344,9.38471e+06,3.61194e+06,1.21748e+07,0,0,0,1.12052e+08
103.622,103.622,7.82438,0,0,2.85646,2.85646,0,0.535193,6.16896,4.51578e+06,2.70226e+06,1.28991e+07,0,0,0,0,62.3362,61.308,5.33591,0,1,1.29756,1.29756,0,1.00229,1.69344,9.38471e+06,3.61194e+06,1.21772e+07,0,0,0,1.12052e+08
103.622,103.622,5.63846,0,0,2.85703,2.85703,0,0.5353,6.16896,4.51578e+06,2.70226e+06,1.29017e+07,0,0,0,0,62.3362,61.308,4.39216,0,1,1.29782,1.29782,0,1.0025,1.69344,9.38471e+06,3.61194e+06,1.21797e+07,0,0,0,1.12052e+08
103.622,103.622,6.12781,0,0,2.8576,2.8576,0,0.535407,6.16896,4.51578e+06,2.70226e+06,1.29043e+07,0,0,0,0,62.3362,61.308,3.95592,0,1,1.29808,1.29808,0,1.0027,1.69344,9.38471e+06,3.61194e+06,1.21821e+07,0,0,0,1.12052e+08
103.622,103.622,6.20129,0,0,2.85817,2.85817,0,0.535515,6.16896,4.51578e+06,2.70226e+06,1.29069e+07,0,0,0,0,62.3362,61.308,4.4144,0,1,1.29834,1.29834,0,1.0029,1.69344,9.38471e+06,3.61194e+06,1.21845e+07,0,0,0,1.12052e+08
103.622,103.622,7.91604,0,0,2.9632,2.9632,0,0.535622,6.16896,4.51578e+06,2.70226e+06,1.33812e+07,0,0,0,0,62.3362,61.308,4.15444,0,1,1.35083,1.35083,0,1.0031,1.69344,9.38471e+06,3.61194e+06,1.26771e+07,0,0,0,1.12052e+08
103.622,103.622,8.12839,0,0,2.96379,2.96379,0,0.555303,6.16896,4.51578e+06,2.70226e+06,1.33838e+07,0,0,0,0,62.3362,61.308,5.534,0,1,1.3511,1.3511,0,1.04365,1.69344,9.38471e+06,3.61194e+06,1.26797e+07,0,0,0,1.12052e+08
103.622,103.622,7.00439,0,0,2.96438,2.96438,0,0.555415,6.16896,4.51578e+06,2.70226e+06,1.33865e+07,0,0,0,0,62.3362,61.308,4.40309,0,1,1.35137,1.35137,0,1.04386,1.69344,9.38471e+06,3.61194e+06,1.26822e+07,0,0,0,1.12052e+08
103.622,103.622,5.57636,0,0,2.96498,2.96498,0,0.555526,6.16896,4.51578e+06,2.70226e+06,1.33892e+07,0,0,0,0,62.3362,61.308,3.34797,0,1,1.35164,1.35164,0,1.04407,1.69344,9.38471e+06,3.61194e+06,1.26847e+07,0,0,0,1.12052e+08
103.622,103.622,5.16517,0,0,2.9247,2.9247,0,0.555637,6.16896,4.51578e+06,2.70226e+06,1.32073e+07,0,0,0,0,62.3362,61.308,3.98338,0,1,1.33161,1.33161,0,1.04428,1.69344,9.38471e+06,3.61194e+06,1.24968e+07,0,0,0,1.12052e+08
103.622,103.622,4.8906,0,0,2.92528,2.92528,0,0.548089,6.16896,4.51578e+06,2.70226e+06,1.32099e+07,0,0,0,0,62.3362,61.308,3.83534,0,1,1.33187,1.33187,0,1.0288,1.69344,9.38471e+06,3.61194e+06,1.24993e+07,0,0,0,1.12052e+08
103.622,103.622,4.63841,0,0,2.92587,2.92587,0,0.548198,6.16896,4.51578e+06,2.70226e+06,1.32126e+07,0,0,0,0,62.3362,61.308,4.55445,0,1,1.33214,1.33214,0,1.02901,1.69344,9.38471e+06,3.61194e+06,1.25018e+07,0,0,0,1.12052e+08
103.622,103.622,4.31342,0,0,2.92645,2.92645,0,0.548308,6.16896,4.51578e+06,2.70226e+06,1.32152e+07,0,0,0,0,62.3362,61.308,4.02659,0,1,1.33241,1.33241,0,1.02921,1.69344,9.38471e+06,3.61194e+06,1.25043e+07,0,0,0,1.12052e+08
103.622,103.622,4.0525,0,0,3.06589,3.06589,0,0.548418,6.16896,4.51578e+06,2.70226e+06,1.38449e+07,0,0,0,0,62.3362,61.308,3.72921,0,1,1.40473,1.40473,0,1.02942,1.69344,9.38471e+06,3.61194e+06,1.31829e+07,0,0,0,1.12052e+08
103.622,103.622,3.89886,0,0,3.0665,3.0665,0,0.574548,6.16896,4.51578e+06,2.70226e+06,1.38477e+07,0,0,0,0,62.3362,61.308,3.75094,0,1,1.40501,1.40501,0,1.08529,1.69344,9.38471e+06,3.61194e+06,1.31856e+07,0,0,0,1.12052e+08
103.622,103.622,3.72419,0,0,3.06712,3.06712,0,0.574663,6.16896,4.51578e+06,2.70226e+06,1.38504e+07,0,0,0,0,62.3362,61.308,3.9771,0,1,1.40529,1.40529,0,1.08551,1.69344,9.38471e+06,3.61194e+06,1.31882e+07,0,0,0,1.12052e+08
103.622,103.622,3.44224,0,0,3.06773,3.06773,0,0.574778,6.16896,4.51578e+06,2.70226e+06,1.38532e+07,0,0,0,0,62.3362,61.308,3.81146,0,1,1.40557,1.40557,0,1.08573,1.69344,9.38471e+06,3.61194e+06,1.31909e+07,0,0,0,1.12052e+08
103.622,103.622,3.6239,0,0,3.06834,3.06834,0,0.574893,6.16896,4.51578e+06,2.70226e+06,1.3856e+07,0,0,0,0,62.3362,61.308,4.06796,0,1,1.40585,1.40585,0,1.08594,1.69344,9.38471e+06,3.61194e+06,1.31935e+07,0,0,0,1.12052e+08
103.622,103.622,4.30869,0,0,3.04147,3.04147,0,0.575008,6.16896,4.51578e+06,2.70226e+06,1.37346e+07,0,0,0,0,62.3362,61.308,4.45745,0,1,1.44577,1.44577,0,1.08616,1.69344,9.38471e+06,3.61194e+06,1.35682e+07,0,0,0,1.12052e+08
103.622,103.622,4.02535,0,0,3.04208,3.04208,0,0.569972,6.16896,4.51578e+06,2.70226e+06,1.37374e+07,0,0,0,0,62.3362,61.308,4.26711,0,1,1.44606,1.44606,0,1.117,1.69344,9.38471e+06,3.61194e+06,1.35709e+07,0,0,0,1.12052e+08
103.622,103.622,3.59262,0,0,3.04269,3.04269,0,0.570086,6.16896,4.51578e+06,2.70226e+06,1.37401e+07,0,0,0,0,62.3362,61.308,4.17447,0,1,1.44635,1.44635,0,1.11723,1.69344,9.38471e+06,3.61194e+06,1.35736e+07,0,0,0,1.12052e+08
103.622,103.622,3.53197,0,0,3.0433,3.0433,0,0.5702,6.16896,4.51578e+06,2.70226e+06,1.37429e+07,0,0,0,0,62.3362,61.308,4.25174,0,1,1.44664,1.44664,0,1.11745,1.69344,9.38471e+06,3.61194e+06,1.35763e+07,0,0,0,1.12052e+08
103.622,103.622,3.70589,0,0,3.11494,3.11494,0,0.570314,6.16896,4.51578e+06,2.70226e+06,1.40664e+07,0,0,0,0,62.3362,61.308,3.92436,0,1,1.48229,1.48229,0,1.11767,1.69344,9.38471e+06,3.61194e+06,1.39108e+07,0,0,0,1.12052e+08
103.622,103.622,3.57259,0,0,3.11557,3.11557,0,0.58374,6.16896,4.51578e+06,2.70226e+06,1.40692e+07,0,0,0,0,62.3362,61.308,3.86474,0,1,1.48258,1.48258,0,1.14521,1.69344,9.38471e+06,3.61194e+06,1.39136e+07,0,0,0,1.12052e+08
103.622,103.622,3.18373,0,0,3.11619,3.11619,0,0.583857,6.16896,4.51578e+06,2.70226e+06,1.4072e+07,0,0,0,0,62.3362,61.308,3.52207,0,1,1.48288,1.48288,0,1.14544,1.69344,9.38471e+06,3.61194e+06,1.39164e+07,0,0,0,1.12052e+08
103.521,103.622,2.9077,0,0,3.11681,3.11681,0,0.583974,6.16896,4.51578e+06,2.70226e+06,1.40748e+07,0,0,0,0,62.3362,61.308,3.4411,0,1,1.48317,1.48317,0,1.14567,1.69344,9.38471e+06,3.61194e+06,1.39192e+07,0,0,0,1.12052e+08
103.166,103.622,2.72271,0,0,3.26131,3.32564,0,0.584091,6.16896,4.51578e+06,3.09029e+06,1.47273e+07,0,0,0,0,62.3362,61.308,3.2131,1,1,1.58003,1.61119,0,1.1459,1.69344,9.38471e+06,4.1306e+06,1.48281e+07,0,0,0,1.12052e+08
103.622,103.622,3.7071,0,0,3.26196,3.3263,0,0.611169,6.16896,4.51578e+06,3.09029e+06,1.47303e+07,0,0,0,0,62.3362,61.308,3.94846,1,1,1.58034,1.61151,0,1.22073,1.69344,9.38471e+06,4.1306e+06,1.4831e+07,0,0,0,1.12052e+08
103.49,103.622,2.97547,0.01,0,3.26261,3.32697,0,0.611291,6.16896,4.51578e+06,3.09029e+06,1.47332e+07,0,0,0,0,62.2961,61.308,2.84397,1,1,1.58066,1.61184,0,1.22097,1.69344,9.38471e+06,4.1306e+06,1.4834e+07,0,0,0,1.12052e+08
103.622,103.622,3.66617,0.01,0,3.26326,3.32763,0,0.611413,6.16896,4.51578e+06,3.09029e+06,1.47362e+07,0,0,0,0,62.3362,61.308,4.97413,1,1,1.58097,1.61216,0,1.22122,1.69344,9.38471e+06,4.1306e+06,1.4837e+07,0,0,0,1.12052e+08
103.585,103.622,3.10998,0.01,0,3.26392,3.3283,0,0.611535,6.16896,4.51578e+06,3.09029e+06,1.47391e+07,0,0,0,0,62.3362,61.308,3.56616,1,1,1.58129,1.61248,0,1.22146,1.69344,9.38471e+06,4.1306e+06,1.48399e+07,0,0,0,1.12052e+08
103.622,103.622,3.99313,0.01,0,3.16496,3.22739,0,0.611658,6.16896,4.51578e+06,3.09029e+06,1.42923e+07,0,0,0,0,62.3362,61.308,4.20316,1,1,1.50551,1.5352,0,1.2217,1.69344,9.38471e+06,4.1306e+06,1.41288e+07,0,0,0,1.12052e+08
103.622,103.622,3.97734,0.01,0,3.16559,3.22804,0,0.593114,6.16896,4.51578e+06,3.09029e+06,1.42951e+07,0,0,0,0,62.3362,61.308,4.97608,1,1,1.50581,1.53551,0,1.16316,1.69344,9.38471e+06,4.1306e+06,1.41316e+07,0,0,0,1.12052e+08
103.622,103.622,4.32888,0.02,0,3.16623,3.22868,0,0.593232,6.16896,4.51578e+06,3.09029e+06,1.4298e+07,0,0,0,0,62.3362,61.308,5.46736,1,1,1.50611,1.53582,0,1.16339,1.69344,9.38471e+06,4.1306e+06,1.41344e+07,0,0,0,1.12052e+08
103.622,103.622,4.49573,0.01,0,3.16686,3.22933,0,0.593351,6.16896,4.51578e+06,3.09029e+06,1.43008e+07,0,0,0,0,62.3362,61.308,5.73747,1,1,1.50641,1.53613,0,1.16362,1.69344,9.38471e+06,4.1306e+06,1.41372e+07,0,0,0,1.12052e+08
103.622,103.622,6.3035,0.01,0,3.14654,3.14654,0,0.59347,6.16896,4.51578e+06,2.70226e+06,1.42091e+07,0,0,0,0,62.3362,61.308,8.11004,0,1,1.46574,1.46574,0,1.16385,1.69344,9.38471e+06,3.61194e+06,1.37556e+07,0,0,0,1.12052e+08
103.622,103.622,5.60182,0.01,0,3.14716,3.14716,0,0.589661,6.16896,4.51578e+06,2.70226e+06,1.42119e+07,0,0,0,0,62.3362,61.308,7.40961,0,1,1.46603,1.46603,0,1.13243,1.69344,9.38471e+06,3.61194e+06,1.37583e+07,0,0,0,1.12052e+08
103.622,103.622,6.93423,0.01,0,3.14779,3.14779,0,0.589779,6.16896,4.51578e+06,2.70226e+06,1.42147e+07,0,0,0,0,62.3362,61.308,8.33115,0,1,1.46633,1.46633,0,1.13266,1.69344,9.38471e+06,3.61194e+06,1.37611e+07,0,0,0,1.12052e+08
103.622,103.622,7.91788,0,0,3.14842,3.14842,0,0.589896,6.16896,4.51578e+06,2.70226e+06,1.42176e+07,0,0,0,0,62.3362,61.308,10.0294,0,1,1.46662,1.46662,0,1.13288,1.69344,9.38471e+06,3.61194e+06,1.37638e+07,0,0,0,1.12052e+08
103.622,103.622,5.35212,0,0,2.91189,2.91189,0,0.590014,6.16896,4.51578e+06,2.70226e+06,1.31495e+07,0,0,0,0,62.3362,61.308,6.70296,0,1,1.31957,1.31957,0,1.13311,1.69344,9.38471e+06,3.61194e+06,1.23837e+07,0,0,0,1.12052e+08
103.622,103.622,4.15669,0,0,2.91247,2.91247,0,0.545688,6.16896,4.51578e+06,2.70226e+06,1.31521e+07,0,0,0,0,62.3362,61.308,6.31797,0,1,1.31983,1.31983,0,1.0195,1.69344,9.38471e+06,3.61194e+06,1.23862e+07,0,0,0,1.12052e+08
103.622,103.622,7.59146,0,0,2.91306,2.91306,0,0.545798,6.16896,4.51578e+06,2.70226e+06,1.31547e+07,0,0,0,0,62.3362,61.308,13.8539,0,1,1.32009,1.32009,0,1.0197,1.69344,9.38471e+06,3.61194e+06,1.23887e+07,0,0,0,1.12052e+08
103.622,103.622,4.58456,0,0,2.91364,2.91364,0,0.545907,6.16896,4.51578e+06,2.70226e+06,1.31573e+07,0,0,0,0,62.3362,61.308,6.8132,0,1,1.32036,1.32036,0,1.0199,1.69344,9.38471e+06,3.61194e+06,1.23912e+07,0,0,0,1.12052e+08
103.622,103.622,4.79618,0,0,2.91422,2.91422,0,0.546016,6.16896,4.51578e+06,2.70226e+06,1.316e+07,0,0,0,0,62.3362,61.308,6.7459,0,1,1.32062,1.32062,0,1.02011,1.69344,9.38471e+06,3.61194e+06,1.23937e+07,0,0,0,1.12052e+08
103.622,103.622,8.5406,0,0,3.0061,3.0061,0,0.546125,6.16896,4.51578e+06,2.70226e+06,1.35749e+07,0,0,0,0,62.3362,61.308,8.2398,0,1,1.36359,1.36359,0,1.02031,1.69344,9.38471e+06,3.61194e+06,1.27969e+07,0,0,0,1.12052e+08
103.622,103.622,7.05022,0,0,3.00667,3.00667,0,0.563343,6.16896,4.51578e+06,2.70226e+06,1.35775e+07,0,0,0,0,62.3362,61.308,7.21793,0,1,1.36385,1.36385,0,1.05351,1.69344,9.38471e+06,3.61194e+06,1.27993e+07,0,0,0,1.12052e+08
103.622,103.622,7.70856,0,0,3.00725,3.00725,0,0.563451,6.16896,4.51578e+06,2.70226e+06,1.35801e+07,0,0,0,0,62.3362,61.308,5.41929,0,1,1.36411,1.36411,0,1.05371,1.69344,9.38471e+06,3.61194e+06,1.28018e+07,0,0,0,1.12052e+08
103.622,103.622,6.34865,0,0,3.00782,3.00782,0,0.563558,6.16896,4.51578e+06,2.70226e+06,1.35827e+07,0,0,0,0,62.3362,61.308,4.47677,0,1,1.36437,1.36437,0,1.05391,1.69344,9.38471e+06,3.61194e+06,1.28042e+07,0,0,0,1.12052e+08
103.622,103.622,5.7361,0,0,3.23796,3.30183,0,0.563666,6.16896,4.51578e+06,3.09029e+06,1.46219e+07,0,0,0,0,62.3362,61.308,5.58842,1,1,1.49558,1.52508,0,1.05411,1.69344,9.38471e+06,4.1306e+06,1.40356e+07,0,0,0,1.12052e+08
103.622,103.622,6.35596,0,0,3.23858,3.30246,0,0.606793,6.16896,4.51578e+06,3.09029e+06,1.46247e+07,0,0,0,0,62.3362,61.308,7.1337,1,1,1.49587,1.52537,0,1.15549,1.69344,9.38471e+06,4.1306e+06,1.40383e+07,0,0,0,1.12052e+08
103.622,103.622,12.365,0,0,3.2392,3.30309,0,0.606909,6.16896,4.51578e+06,3.09029e+06,1.46275e+07,0,0,0,0,62.3362,61.308,10.5337,1,1,1.49615,1.52566,0,1.15571,1.69344,9.38471e+06,4.1306e+06,1.40409e+07,0,0,0,1.12052e+08
103.622,103.622,5.47078,0,0,3.23981,3.30372,0,0.607025,6.16896,4.51578e+06,3.09029e+06,1.46303e+07,0,0,0,0,62.3362,61.308,5.42546,1,1,1.49644,1.52595,0,1.15593,1.69344,9.38471e+06,4.1306e+06,1.40436e+07,0,0,0,1.12052e+08
103.622,103.622,4.53518,0,0,2.8855,2.8855,0,0.607141,6.16896,4.51578e+06,2.70226e+06,1.30303e+07,0,0,0,0,62.3362,61.308,5.07929,0,1,1.31075,1.31075,0,1.15615,1.69344,9.38471e+06,3.61194e+06,1.2301e+07,0,0,0,1.12052e+08
103.622,103.622,6.75991,0,0,2.88605,2.88605,0,0.540743,6.16896,4.51578e+06,2.70226e+06,1.30328e+07,0,0,0,0,62.3362,61.308,7.39095,0,1,1.311,1.311,0,1.01269,1.69344,9.38471e+06,3.61194e+06,1.23034e+07,0,0,0,1.12052e+08
103.622,103.622,6.14296,0,0,2.8866,2.8866,0,0.540846,6.16896,4.51578e+06,2.70226e+06,1.30353e+07,0,0,0,0,62.3362,61.308,5.01853,0,1,1.31125,1.31125,0,1.01288,1.69344,9.38471e+06,3.61194e+06,1.23057e+07,0,0,0,1.12052e+08
103.622,103.622,5.74553,0,0,2.88716,2.88716,0,0.54095,6.16896,4.51578e+06,2.70226e+06,1.30378e+07,0,0,0,0,62.3362,61.308,6.59419,0,1,1.3115,1.3115,0,1.01307,1.69344,9.38471e+06,3.61194e+06,1.23081e+07,0,0,0,1.12052e+08
103.622,103.622,6.03092,0,0,2.88771,2.88771,0,0.541053,6.16896,4.51578e+06,2.70226e+06,1.30402e+07,0,0,0,0,62.3362,61.308,6.66569,0,1,1.31175,1.31175,0,1.01327,1.69344,9.38471e+06,3.61194e+06,1.23104e+07,0,0,0,1.12052e+08
103.622,103.622,5.8079,0,0,2.99379,2.99379,0,0.541156,6.16896,4.51578e+06,2.70226e+06,1.35193e+07,0,0,0,0,62.3362,61.308,5.73693,0,1,1.36477,1.36477,0,1.01346,1.69344,9.38471e+06,3.61194e+06,1.2808e+07,0,0,0,1.12052e+08
103.622,103.622,7.42357,0,0,2.99436,2.99436,0,0.561036,6.16896,4.51578e+06,2.70226e+06,1.35219e+07,0,0,0,0,62.3362,61.308,8.33795,0,1,1.36503,1.36503,0,1.05442,1.69344,9.38471e+06,3.61194e+06,1.28104e+07,0,0,0,1.12052e+08
103.622,103.622,5.31569,0,0,2.99493,2.99493,0,0.561143,6.16896,4.51578e+06,2.70226e+06,1.35244e+07,0,0,0,0,62.3362,61.308,5.65783,0,1,1.36529,1.36529,0,1.05462,1.69344,9.38471e+06,3.61194e+06,1.28129e+07,0,0,0,1.12052e+08
103.622,103.622,4.53262,0,0,2.9955,2.9955,0,0.56125,6.16896,4.51578e+06,2.70226e+06,1.3527e+07,0,0,0,0,62.3362,61.308,4.83787,0,1,1.36555,1.36555,0,1.05483,1.69344,9.38471e+06,3.61194e+06,1.28153e+07,0,0,0,1.12052e+08
103.622,103.622,4.33876,0,0,2.95478,2.95478,0,0.561357,6.16896,4.51578e+06,2.70226e+06,1.33431e+07,0,0,0,0,62.3362,61.308,4.39995,0,1,1.3453,1.3453,0,1.05503,1.69344,9.38471e+06,3.61194e+06,1.26253e+07,0,0,0,1.12052e+08
103.622,103.622,3.98518,0,0,2.95534,2.95534,0,0.553726,6.16896,4.51578e+06,2.70226e+06,1.33457e+07,0,0,0,0,62.3362,61.308,4.20456,0,1,1.34556,1.34556,0,1.03938,1.69344,9.38471e+06,3.61194e+06,1.26277e+07,0,0,0,1.12052e+08
103.622,103.622,4.51919,0,0,2.95591,2.95591,0,0.553831,6.16896,4.51578e+06,2.70226e+06,1.33482e+07,0,0,0,0,62.3362,61.308,3.77144,0,1,1.34582,1.34582,0,1.03958,1.69344,9.38471e+06,3.61194e+06,1.26301e+07,0,0,0,1.12052e+08
103.622,103.622,3.81444,0,0,2.95647,2.95647,0,0.553937,6.16896,4.51578e+06,2.70226e+06,1.33508e+07,0,0,0,0,62.3362,61.308,3.83299,0,1,1.34607,1.34607,0,1.03978,1.69344,9.38471e+06,3.61194e+06,1.26325e+07,0,0,0,1.12052e+08
103.622,103.622,3.43726,0,0,3.09731,3.09731,0,0.554043,6.16896,4.51578e+06,2.70226e+06,1.39868e+07,0,0,0,0,62.3362,61.308,3.52852,0,1,1.41912,1.41912,0,1.03998,1.69344,9.38471e+06,3.61194e+06,1.3318e+07,0,0,0,1.12052e+08
103.622,103.622,3.3502,0,0,3.0979,3.0979,0,0.580435,6.16896,4.51578e+06,2.70226e+06,1.39894e+07,0,0,0,0,62.3362,61.308,3.27018,0,1,1.41939,1.41939,0,1.09641,1.69344,9.38471e+06,3.61194e+06,1.33206e+07,0,0,0,1.12052e+08
103.622,103.622,3.21051,0,0,3.09849,3.09849,0,0.580546,6.16896,4.51578e+06,2.70226e+06,1.39921e+07,0,0,0,0,62.3362,61.308,3.26663,0,1,1.41966,1.41966,0,1.09662,1.69344,9.38471e+06,3.61194e+06,1.33231e+07,0,0,0,1.12052e+08
103.622,103.622,3.04607,0,0,3.09908,3.09908,0,0.580657,6.16896,4.51578e+06,2.70226e+06,1.39948e+07,0,0,0,0,62.3362,61.308,3.42957,0,1,1.41993,1.41993,0,1.09683,1.69344,9.38471e+06,3.61194e+06,1.33257e+07,0,0,0,1.12052e+08
103.439,103.622,2.84996,0,0,3.09967,3.09967,0,0.580768,6.16896,4.51578e+06,2.70226e+06,1.39974e+07,0,0,0,0,62.3362,61.308,3.29572,0,1,1.4202,1.4202,0,1.09704,1.69344,9.38471e+06,3.61194e+06,1.33282e+07,0,0,0,1.12052e+08
103.437,103.622,2.91954,0,0,3.0725,3.0725,0,0.580878,6.16896,4.51578e+06,2.70226e+06,1.38747e+07,0,0,0,0,62.3362,61.308,3.26348,0,1,1.46052,1.46052,0,1.09725,1.69344,9.38471e+06,3.61194e+06,1.37066e+07,0,0,0,1.12052e+08
103.282,103.622,2.77492,0,0,3.07308,3.07308,0,0.575786,6.16896,4.51578e+06,2.70226e+06,1.38774e+07,0,0,0,0,62.3362,61.308,3.05708,0,1,1.4608,1.4608,0,1.1284,1.69344,9.38471e+06,3.61194e+06,1.37092e+07,0,0,0,1.12052e+08
102.912,103.622,2.54902,0,0,3.07367,3.07367,0,0.575895,6.16896,4.51578e+06,2.70226e+06,1.388e+07,0,0,0,0,62.3362,61.308,3.05019,0,1,1.46108,1.46108,0,1.12861,1.69344,9.38471e+06,3.61194e+06,1.37118e+07,0,0,0,1.12052e+08
102.334,103.622,2.31645,0,0,3.07425,3.07425,0,0.576005,6.16896,4.51578e+06,2.70226e+06,1.38827e+07,0,0,0,0,62.3362,61.308,2.72219,0,1,1.46135,1.46135,0,1.12883,1.69344,9.38471e+06,3.61194e+06,1.37144e+07,0,0,0,1.12052e+08
101.63,103.622,2.18622,0,0,3.1466,3.1466,0,0.576115,6.16896,4.51578e+06,2.70226e+06,1.42094e+07,0,0,0,0,62.3326,61.308,2.55429,0,1,1.49735,1.49735,0,1.12904,1.69344,9.38471e+06,3.61194e+06,1.40522e+07,0,0,0,1.12052e+08
100.845,103.622,2.07003,0,0,3.1472,3.1472,0,0.589673,6.16896,4.51578e+06,2.70226e+06,1.42121e+07,0,0,0,0,62.2524,61.308,2.4245,0,1,1.49763,1.49763,0,1.15685,1.69344,9.38471e+06,3.61194e+06,1.40549e+07,0,0,0,1.12052e+08
99.9053,103.622,1.88808,0,0,3.1478,3.1478,0,0.589785,6.16896,4.51578e+06,2.70226e+06,1.42148e+07,0,0,0,0,62.1355,61.308,2.12597,0,1,1.49792,1.49792,0,1.15707,1.69344,9.38471e+06,3.61194e+06,1.40575e+07,0,0,0,1.12052e+08
99.2739,103.622,2.25117,0,0,3.1484,3.1484,0,0.589898,6.16896,4.51578e+06,2.70226e+06,1.42175e+07,0,0,0,0,62.2001,61.308,2.94396,0,1,1.49821,1.49821,0,1.15729,1.69344,9.38471e+06,3.61194e+06,1.40602e+07,0,0,0,1.12052e+08
98.5304,103.622,2.18551,0,0,3.29433,3.35931,0,0.59001,6.16896,4.51578e+06,3.09029e+06,1.48765e+07,0,0,0,0,62.0833,61.308,2.63148,1,1,1.59602,1.62751,0,1.15751,1.69344,9.38471e+06,4.1306e+06,1.49782e+07,0,0,0,1.12052e+08
98.0389,103.622,2.41981,0.01,0,3.29495,3.35995,0,0.617357,6.16896,4.51578e+06,3.09029e+06,1.48793e+07,0,0,0,0,61.9869,61.308,2.6707,1,1,1.59633,1.62782,0,1.23309,1.69344,9.38471e+06,4.1306e+06,1.49811e+07,0,0,0,1.12052e+08
97.8084,103.622,2.71064,0.01,0,3.29558,3.36059,0,0.617475,6.16896,4.51578e+06,3.09029e+06,1.48821e+07,0,0,0,0,62.0678,61.308,3.33267,1,1,1.59663,1.62813,0,1.23332,1.69344,9.38471e+06,4.1306e+06,1.49839e+07,0,0,0,1.12052e+08
97.0775,103.622,2.17446,0.01,0,3.29621,3.36123,0,0.617592,6.16896,4.51578e+06,3.09029e+06,1.4885e+07,0,0,0,0,61.8872,61.308,2.40066,1,1,1.59694,1.62844,0,1.23356,1.69344,9.38471e+06,4.1306e+06,1.49868e+07,0,0,0,1.12052e+08
96.8052,103.622,2.6825,0.01,0,3.29684,3.36187,0,0.61771,6.16896,4.51578e+06,3.09029e+06,1.48878e+07,0,0,0,0,62.1749,61.308,4.1972,1,1,1.59724,1.62875,0,1.23379,1.69344,9.38471e+06,4.1306e+06,1.49896e+07,0,0,0,1.12052e+08
97.015,103.622,3.20341,0.01,0,3.19686,3.25992,0,0.617828,6.16896,4.51578e+06,3.09029e+06,1.44363e+07,0,0,0,0,62.3362,61.308,4.55789,1,1,1.52068,1.55068,0,1.23403,1.69344,9.38471e+06,4.1306e+06,1.42711e+07,0,0,0,1.12052e+08
98.0449,103.622,3.99387,0.01,0,3.19747,3.26054,0,0.599091,6.16896,4.51578e+06,3.09029e+06,1.44391e+07,0,0,0,0,62.3362,61.308,4.85622,1,1,1.52097,1.55097,0,1.17488,1.69344,9.38471e+06,4.1306e+06,1.42739e+07,0,0,0,1.12052e+08
100.587,103.622,5.88731,0.02,0,3.19808,3.26116,0,0.599205,6.16896,4.51578e+06,3.09029e+06,1.44418e+07,0,0,0,0,62.3362,61.308,8.14469,1,1,1.52126,1.55127,0,1.1751,1.69344,9.38471e+06,4.1306e+06,1.42766e+07,0,0,0,1.12052e+08
102.266,103.622,4.96347,0.01,0,3.19869,3.26178,0,0.59932,6.16896,4.51578e+06,3.09029e+06,1.44446e+07,0,0,0,0,62.3362,61.308,6.18151,1,1,1.52155,1.55156,0,1.17533,1.69344,9.38471e+06,4.1306e+06,1.42793e+07,0,0,0,1.12052e+08
103.622,103.622,4.79633,0.01,0,3.17813,3.17813,0,0.599434,6.16896,4.51578e+06,2.70226e+06,1.43517e+07,0,0,0,0,62.3362,61.308,5.08709,0,1,1.48046,1.48046,0,1.17555,1.69344,9.38471e+06,3.61194e+06,1.38937e+07,0,0,0,1.12052e+08
103.622,103.622,5.33002,0.01,0,3.17873,3.17873,0,0.595581,6.16896,4.51578e+06,2.70226e+06,1.43545e+07,0,0,0,0,62.3362,61.308,6.58425,0,1,1.48074,1.48074,0,1.1438,1.69344,9.38471e+06,3.61194e+06,1.38963e+07,0,0,0,1.12052e+08
103.622,103.622,4.99191,0.01,0,3.17934,3.17934,0,0.595694,6.16896,4.51578e+06,2.70226e+06,1.43572e+07,0,0,0,0,62.3362,61.308,5.96362,0,1,1.48102,1.48102,0,1.14402,1.69344,9.38471e+06,3.61194e+06,1.3899e+07,0,0,0,1.12052e+08
103.622,103.622,5.24311,0.01,0,3.17994,3.17994,0,0.595808,6.16896,4.51578e+06,2.70226e+06,1.43599e+07,0,0,0,0,62.3362,61.308,4.7546,0,1,1.4813,1.4813,0,1.14424,1.69344,9.38471e+06,3.61194e+06,1.39016e+07,0,0,0,1.12052e+08
103.622,103.622,5.99445,0,0,2.94102,2.94102,0,0.595921,6.16896,4.51578e+06,2.70226e+06,1.3281e+07,0,0,0,0,62.3362,61.308,7.44074,0,1,1.33277,1.33277,0,1.14446,1.69344,9.38471e+06,3.61194e+06,1.25076e+07,0,0,0,1.12052e+08
103.622,103.622,8.79287,0,0,2.94158,2.94158,0,0.551147,6.16896,4.51578e+06,2.70226e+06,1.32835e+07,0,0,0,0,62.3362,61.308,12.0674,0,1,1.33302,1.33302,0,1.02969,1.69344,9.38471e+06,3.61194e+06,1.251e+07,0,0,0,1.12052e+08
103.622,103.622,10.2592,0,0,2.94214,2.94214,0,0.551252,6.16896,4.51578e+06,2.70226e+06,1.32861e+07,0,0,0,0,62.3362,61.308,9.88243,0,1,1.33327,1.33327,0,1.02989,1.69344,9.38471e+06,3.61194e+06,1.25124e+07,0,0,0,1.12052e+08
103.622,103.622,10.7609,0,0,2.9427,2.9427,0,0.551357,6.16896,4.51578e+06,2.70226e+06,1.32886e+07,0,0,0,0,62.3362,61.308,22.3937,0,1,1.33353,1.33353,0,1.03009,1.69344,9.38471e+06,3.61194e+06,1.25148e+07,0,0,0,1.12052e+08
103.622,103.622,6.67342,0,0,2.94326,2.94326,0,0.551462,6.16896,4.51578e+06,2.70226e+06,1.32911e+07,0,0,0,0,62.3362,61.308,9.40487,0,1,1.33378,1.33378,0,1.03028,1.69344,9.38471e+06,3.61194e+06,1.25172e+07,0,0,0,1.12052e+08
103.622,103.622,14.9939,0,0,3.03603,3.03603,0,0.551567,6.16896,4.51578e+06,2.70226e+06,1.371e+07,0,0,0,0,62.3362,61.308,16.9565,0,1,1.37716,1.37716,0,1.03048,1.69344,9.38471e+06,3.61194e+06,1.29243e+07,0,0,0,1.12052e+08
103.622,103.622,6.11207,0,0,3.03658,3.03658,0,0.568952,6.16896,4.51578e+06,2.70226e+06,1.37125e+07,0,0,0,0,62.3362,61.308,9.01466,0,1,1.37741,1.37741,0,1.064,1.69344,9.38471e+06,3.61194e+06,1.29266e+07,0,0,0,1.12052e+08
103.622,103.622,4.59444,0,0,3.03713,3.03713,0,0.569055,6.16896,4.51578e+06,2.70226e+06,1.3715e+07,0,0,0,0,62.3362,61.308,7.87317,0,1,1.37766,1.37766,0,1.06419,1.69344,9.38471e+06,3.61194e+06,1.2929e+07,0,0,0,1.12052e+08
103.622,103.622,4.9166,0,0,3.03768,3.03768,0,0.569158,6.16896,4.51578e+06,2.70226e+06,1.37175e+07,0,0,0,0,62.3362,61.308,8.33102,0,1,1.37791,1.37791,0,1.06438,1.69344,9.38471e+06,3.61194e+06,1.29313e+07,0,0,0,1.12052e+08
103.622,103.622,6.79237,0,0,3.27007,3.33457,0,0.569261,6.16896,4.51578e+06,3.09029e+06,1.47669e+07,0,0,0,0,62.3362,61.308,11.4654,1,1,1.51041,1.54021,0,1.06458,1.69344,9.38471e+06,4.1306e+06,1.41748e+07,0,0,0,1.12052e+08
103.622,103.622,8.57271,0,0,3.27066,3.33518,0,0.612811,6.16896,4.51578e+06,3.09029e+06,1.47696e+07,0,0,0,0,62.3362,61.308,13.6574,1,1,1.51069,1.54049,0,1.16694,1.69344,9.38471e+06,4.1306e+06,1.41774e+07,0,0,0,1.12052e+08
103.622,103.622,9.17744,0,0,3.27126,3.33578,0,0.612922,6.16896,4.51578e+06,3.09029e+06,1.47723e+07,0,0,0,0,62.3362,61.308,14.6359,1,1,1.51096,1.54077,0,1.16716,1.69344,9.38471e+06,4.1306e+06,1.41799e+07,0,0,0,1.12052e+08
103.622,103.622,8.60259,0,0,3.27185,3.33639,0,0.613034,6.16896,4.51578e+06,3.09029e+06,1.4775e+07,0,0,0,0,62.3362,61.308,10.752,1,1,1.51124,1.54104,0,1.16737,1.69344,9.38471e+06,4.1306e+06,1.41825e+07,0,0,0,1.12052e+08
103.622,103.622,8.05395,0,0,2.91401,2.91401,0,0.613145,6.16896,4.51578e+06,2.70226e+06,1.3159e+07,0,0,0,0,62.3362,61.308,11.4122,0,1,1.3237,1.3237,0,1.16758,1.69344,9.38471e+06,3.61194e+06,1.24226e+07,0,0,0,1.12052e+08
103.622,103.622,9.12123,0,0,2.91454,2.91454,0,0.546085,6.16896,4.51578e+06,2.70226e+06,1.31614e+07,0,0,0,0,62.3362,61.308,10.1779,0,1,1.32394,1.32394,0,1.02269,1.69344,9.38471e+06,3.61194e+06,1.24248e+07,0,0,0,1.12052e+08
103.622,103.622,12.9973,0,0,2.91507,2.91507,0,0.546184,6.16896,4.51578e+06,2.70226e+06,1.31638e+07,0,0,0,0,62.3362,61.308,17.9161,0,1,1.32418,1.32418,0,1.02288,1.69344,9.38471e+06,3.61194e+06,1.24271e+07,0,0,0,1.12052e+08
103.622,103.622,15.7382,0,0,2.9156,2.9156,0,0.546283,6.16896,4.51578e+06,2.70226e+06,1.31662e+07,0,0,0,0,62.3362,61.308,20.6361,0,1,1.32442,1.32442,0,1.02306,1.69344,9.38471e+06,3.61194e+06,1.24293e+07,0,0,0,1.12052e+08
103.622,103.622,9.93462,0,0,2.91612,2.91612,0,0.546383,6.16896,4.51578e+06,2.70226e+06,1.31686e+07,0,0,0,0,62.3362,61.308,8.60729,0,1,1.32466,1.32466,0,1.02325,1.69344,9.38471e+06,3.61194e+06,1.24316e+07,0,0,0,1.12052e+08
103.622,103.622,11.9288,0,0,3.02322,3.02322,0,0.546482,6.16896,4.51578e+06,2.70226e+06,1.36522e+07,0,0,0,0,62.3362,61.308,25.5914,0,1,1.37819,1.37819,0,1.02344,1.69344,9.38471e+06,3.61194e+06,1.29339e+07,0,0,0,1.12052e+08
103.622,103.622,9.30971,0,0,3.02377,3.02377,0,0.566552,6.16896,4.51578e+06,2.70226e+06,1.36547e+07,0,0,0,0,62.3362,61.308,13.0882,0,1,1.37844,1.37844,0,1.06479,1.69344,9.38471e+06,3.61194e+06,1.29363e+07,0,0,0,1.12052e+08
103.622,103.622,10.5734,0,0,3.02432,3.02432,0,0.566655,6.16896,4.51578e+06,2.70226e+06,1.36572e+07,0,0,0,0,62.3362,61.308,13.7149,0,1,1.37869,1.37869,0,1.06498,1.69344,9.38471e+06,3.61194e+06,1.29386e+07,0,0,0,1.12052e+08
103.622,103.622,8.43983,0,0,3.02487,3.02487,0,0.566757,6.16896,4.51578e+06,2.70226e+06,1.36596e+07,0,0,0,0,62.3362,61.308,9.72241,0,1,1.37894,1.37894,0,1.06518,1.69344,9.38471e+06,3.61194e+06,1.2941e+07,0,0,0,1.12052e+08
103.622,103.622,6.77708,0,0,2.98372,2.98372,0,0.56686,6.16896,4.51578e+06,2.70226e+06,1.34738e+07,0,0,0,0,62.3362,61.308,7.80334,0,1,1.35848,1.35848,0,1.06537,1.69344,9.38471e+06,3.61194e+06,1.27489e+07,0,0,0,1.12052e+08
103.622,103.622,5.88026,0,0,2.98426,2.98426,0,0.559149,6.16896,4.51578e+06,2.70226e+06,1.34763e+07,0,0,0,0,62.3362,61.308,6.88583,0,1,1.35873,1.35873,0,1.04956,1.69344,9.38471e+06,3.61194e+06,1.27513e+07,0,0,0,1.12052e+08
103.622,103.622,5.53013,0,0,2.9848,2.9848,0,0.55925,6.16896,4.51578e+06,2.70226e+06,1.34787e+07,0,0,0,0,62.3362,61.308,6.52374,0,1,1.35897,1.35897,0,1.04975,1.69344,9.38471e+06,3.61194e+06,1.27536e+07,0,0,0,1.12052e+08
103.622,103.622,5.20319,0,0,2.98534,2.98534,0,0.559352,6.16896,4.51578e+06,2.70226e+06,1.34811e+07,0,0,0,0,62.3362,61.308,6.20348,0,1,1.35922,1.35922,0,1.04994,1.69344,9.38471e+06,3.61194e+06,1.27559e+07,0,0,0,1.12052e+08
103.622,103.622,5.00024,0,0,3.12752,3.12752,0,0.559453,6.16896,4.51578e+06,2.70226e+06,1.41232e+07,0,0,0,0,62.3362,61.308,6.19665,0,1,1.43297,1.43297,0,1.05013,1.69344,9.38471e+06,3.61194e+06,1.3448e+07,0,0,0,1.12052e+08
103.622,103.622,5.20404,0,0,3.12809,3.12809,0,0.586098,6.16896,4.51578e+06,2.70226e+06,1.41258e+07,0,0,0,0,62.3362,61.308,5.36408,0,1,1.43323,1.43323,0,1.10711,1.69344,9.38471e+06,3.61194e+06,1.34504e+07,0,0,0,1.12052e+08
103.622,103.622,4.90765,0,0,3.12866,3.12866,0,0.586204,6.16896,4.51578e+06,2.70226e+06,1.41283e+07,0,0,0,0,62.3362,61.308,5.2879,0,1,1.43349,1.43349,0,1.10731,1.69344,9.38471e+06,3.61194e+06,1.34528e+07,0,0,0,1.12052e+08
103.622,103.622,4.49091,0,0,3.12923,3.12923,0,0.586311,6.16896,4.51578e+06,2.70226e+06,1.41309e+07,0,0,0,0,62.3362,61.308,4.07026,0,1,1.43375,1.43375,0,1.10751,1.69344,9.38471e+06,3.61194e+06,1.34553e+07,0,0,0,1.12052e+08
103.622,103.622,4.35609,0,0,3.12979,3.12979,0,0.586417,6.16896,4.51578e+06,2.70226e+06,1.41335e+07,0,0,0,0,62.3362,61.308,5.77441,0,1,1.434,1.434,0,1.10771,1.69344,9.38471e+06,3.61194e+06,1.34577e+07,0,0,0,1.12052e+08
103.622,103.622,3.97883,0,0,3.10232,3.10232,0,0.586523,6.16896,4.51578e+06,2.70226e+06,1.40094e+07,0,0,0,0,62.3362,61.308,4.02059,0,1,1.4747,1.4747,0,1.10791,1.69344,9.38471e+06,3.61194e+06,1.38396e+07,0,0,0,1.12052e+08
103.622,103.622,3.76455,0,0,3.10289,3.10289,0,0.581375,6.16896,4.51578e+06,2.70226e+06,1.4012e+07,0,0,0,0,62.3362,61.308,3.82603,0,1,1.47497,1.47497,0,1.13935,1.69344,9.38471e+06,3.61194e+06,1.38421e+07,0,0,0,1.12052e+08
103.622,103.622,3.57172,0,0,3.10345,3.10345,0,0.581481,6.16896,4.51578e+06,2.70226e+06,1.40145e+07,0,0,0,0,62.3362,61.308,3.67667,0,1,1.47523,1.47523,0,1.13956,1.69344,9.38471e+06,3.61194e+06,1.38446e+07,0,0,0,1.12052e+08
103.622,103.622,3.31434,0,0,3.10401,3.10401,0,0.581586,6.16896,4.51578e+06,2.70226e+06,1.4017e+07,0,0,0,0,62.3362,61.308,3.4204,0,1,1.4755,1.4755,0,1.13976,1.69344,9.38471e+06,3.61194e+06,1.38471e+07,0,0,0,1.12052e+08
103.622,103.622,2.99234,0,0,3.17703,3.17703,0,0.581692,6.16896,4.51578e+06,2.70226e+06,1.43468e+07,0,0,0,0,62.3362,61.308,2.97761,0,1,1.51183,1.51183,0,1.13997,1.69344,9.38471e+06,3.61194e+06,1.41881e+07,0,0,0,1.12052e+08
103.589,103.622,2.96793,0,0,3.1776,3.1776,0,0.595375,6.16896,4.51578e+06,2.70226e+06,1.43494e+07,0,0,0,0,62.3362,61.308,3.11306,0,1,1.5121,1.5121,0,1.16804,1.69344,9.38471e+06,3.61194e+06,1.41906e+07,0,0,0,1.12052e+08
103.378,103.622,2.7397,0,0,3.17818,3.17818,0,0.595483,6.16896,4.51578e+06,2.70226e+06,1.4352e+07,0,0,0,0,62.3362,61.308,2.97828,0,1,1.51238,1.51238,0,1.16825,1.69344,9.38471e+06,3.61194e+06,1.41932e+07,0,0,0,1.12052e+08
102.947,103.622,2.49421,0,0,3.17876,3.17876,0,0.595591,6.16896,4.51578e+06,2.70226e+06,1.43546e+07,0,0,0,0,62.3245,61.308,2.59143,0,1,1.51265,1.51265,0,1.16846,1.69344,9.38471e+06,3.61194e+06,1.41958e+07,0,0,0,1.12052e+08
102.603,103.622,2.71971,0.01,0,3.32606,3.39167,0,0.595699,6.16896,4.51578e+06,3.09029e+06,1.50197e+07,0,0,0,0,62.3362,61.308,3.35743,1,1,1.6114,1.64318,0,1.16867,1.69344,9.38471e+06,4.1306e+06,1.51225e+07,0,0,0,1.12052e+08
101.453,103.622,1.81295,0.01,0,3.32666,3.39228,0,0.623303,6.16896,4.51578e+06,3.09029e+06,1.50225e+07,0,0,0,0,62.2763,61.308,2.86499,1,1,1.61169,1.64348,0,1.24496,1.69344,9.38471e+06,4.1306e+06,1.51252e+07,0,0,0,1.12052e+08
100.348,103.622,1.84139,0.01,0,3.32726,3.3929,0,0.623416,6.16896,4.51578e+06,3.09029e+06,1.50252e+07,0,0,0,0,62.1812,61.308,2.74705,1,1,1.61198,1.64378,0,1.24519,1.69344,9.38471e+06,4.1306e+06,1.5128e+07,0,0,0,1.12052e+08
100.054,103.622,2.6823,0.01,0,3.32787,3.39351,0,0.623529,6.16896,4.51578e+06,3.09029e+06,1.50279e+07,0,0,0,0,62.2329,61.308,3.29293,1,1,1.61227,1.64408,0,1.24542,1.69344,9.38471e+06,4.1306e+06,1.51307e+07,0,0,0,1.12052e+08
100.782,103.622,3.79098,0.01,0,3.32847,3.39413,0,0.623642,6.16896,4.51578e+06,3.09029e+06,1.50306e+07,0,0,0,0,62.3362,61.308,3.67948,1,1,1.61256,1.64437,0,1.24564,1.69344,9.38471e+06,4.1306e+06,1.51335e+07,0,0,0,1.12052e+08
101.04,103.622,3.26499,0.01,0,3.2275,3.29116,0,0.623755,6.16896,4.51578e+06,3.09029e+06,1.45747e+07,0,0,0,0,62.3362,61.308,3.19716,1,1,1.53526,1.56554,0,1.24587,1.69344,9.38471e+06,4.1306e+06,1.44079e+07,0,0,0,1.12052e+08
100.962,103.622,2.92441,0.02,0,3.22808,3.29176,0,0.604833,6.16896,4.51578e+06,3.09029e+06,1.45773e+07,0,0,0,0,62.3362,61.308,5.05214,1,1,1.53553,1.56582,0,1.18614,1.69344,9.38471e+06,4.1306e+06,1.44105e+07,0,0,0,1.12052e+08
100.57,103.622,2.58096,0.02,0,3.22867,3.29236,0,0.604943,6.16896,4.51578e+06,3.09029e+06,1.458e+07,0,0,0,0,62.3053,61.308,3.00092,1,1,1.53581,1.56611,0,1.18635,1.69344,9.38471e+06,4.1306e+06,1.44131e+07,0,0,0,1.12052e+08
99.8253,103.622,2.21024,0.02,0,3.22925,3.29295,0,0.605053,6.16896,4.51578e+06,3.09029e+06,1.45826e+07,0,0,0,0,62.2061,61.308,2.73012,1,1,1.53609,1.56639,0,1.18657,1.69344,9.38471e+06,4.1306e+06,1.44158e+07,0,0,0,1.12052e+08
101.122,103.622,4.42992,0.01,0,3.20847,3.20847,0,0.605162,6.16896,4.51578e+06,2.70226e+06,1.44887e+07,0,0,0,0,62.3362,61.308,3.76281,0,1,1.49459,1.49459,0,1.18678,1.69344,9.38471e+06,3.61194e+06,1.40263e+07,0,0,0,1.12052e+08
102.175,103.622,4.30713,0.01,0,3.20905,3.20905,0,0.601267,6.16896,4.51578e+06,2.70226e+06,1.44914e+07,0,0,0,0,62.3362,61.308,3.77356,0,1,1.49486,1.49486,0,1.15472,1.69344,9.38471e+06,3.61194e+06,1.40288e+07,0,0,0,1.12052e+08
103.038,103.622,4.19995,0.01,0,3.20963,3.20963,0,0.601376,6.16896,4.51578e+06,2.70226e+06,1.4494e+07,0,0,0,0,62.3362,61.308,5.21874,0,1,1.49513,1.49513,0,1.15493,1.69344,9.38471e+06,3.61194e+06,1.40314e+07,0,0,0,1.12052e+08
103.622,103.622,4.2453,0.01,0,3.21021,3.21021,0,0.601485,6.16896,4.51578e+06,2.70226e+06,1.44966e+07,0,0,0,0,62.3362,61.308,5.23058,0,1,1.4954,1.4954,0,1.15514,1.69344,9.38471e+06,3.61194e+06,1.40339e+07,0,0,0,1.12052e+08
103.622,103.622,4.82134,0.01,0,2.96898,2.96898,0,0.601594,6.16896,4.51578e+06,2.70226e+06,1.34073e+07,0,0,0,0,62.3362,61.308,6.37771,0,1,1.34544,1.34544,0,1.15535,1.69344,9.38471e+06,3.61194e+06,1.26266e+07,0,0,0,1.12052e+08
102.983,103.622,2.40206,0.01,0,2.96054,2.96952,0,0.556388,6.16896,4.51578e+06,2.70226e+06,1.33691e+07,0,0,0,0,62.3362,61.308,4.02659,0,1,1.35467,1.34568,0,1.03949,1.69344,9.38471e+06,3.61194e+06,1.27132e+07,0,0,0,1.12052e+08
103.027,103.622,3.2667,0,0,2.97006,2.97006,0,0.554805,6.16896,4.51578e+06,2.70226e+06,1.34121e+07,0,0,0,0,62.3362,61.308,8.40717,0,1,1.34593,1.34593,0,1.04662,1.69344,9.38471e+06,3.61194e+06,1.26311e+07,0,0,0,1.12052e+08
103.622,103.622,6.73202,0,0,2.9706,2.9706,0,0.556589,6.16896,4.51578e+06,2.70226e+06,1.34146e+07,0,0,0,0,62.3362,61.308,8.02533,0,1,1.34617,1.34617,0,1.03986,1.69344,9.38471e+06,3.61194e+06,1.26334e+07,0,0,0,1.12052e+08
103.622,103.622,17.7759,0,0,2.97114,2.97114,0,0.55669,6.16896,4.51578e+06,2.70226e+06,1.3417e+07,0,0,0,0,62.3362,61.308,16.15,0,1,1.34641,1.34641,0,1.04005,1.69344,9.38471e+06,3.61194e+06,1.26357e+07,0,0,0,1.12052e+08
103.622,103.622,3.31515,0,0,3.06475,3.06475,0,0.556791,6.16896,4.51578e+06,2.70226e+06,1.38397e+07,0,0,0,0,62.3362,61.308,4.5873,0,1,1.39019,1.39019,0,1.04024,1.69344,9.38471e+06,3.61194e+06,1.30466e+07,0,0,0,1.12052e+08
102.976,103.622,2.69818,0,0,3.06528,3.06528,0,0.574335,6.16896,4.51578e+06,2.70226e+06,1.38421e+07,0,0,0,0,62.3362,61.308,3.58951,0,1,1.39043,1.39043,0,1.07406,1.69344,9.38471e+06,3.61194e+06,1.30488e+07,0,0,0,1.12052e+08
103.622,103.622,8.06059,0,0,3.06581,3.06581,0,0.574433,6.16896,4.51578e+06,2.70226e+06,1.38445e+07,0,0,0,0,62.3362,61.308,7.10319,0,1,1.39067,1.39067,0,1.07425,1.69344,9.38471e+06,3.61194e+06,1.30511e+07,0,0,0,1.12052e+08
103.622,103.622,5.92454,0,0,3.06633,3.06633,0,0.574532,6.16896,4.51578e+06,2.70226e+06,1.38469e+07,0,0,0,0,62.3362,61.308,7.05113,0,1,1.39091,1.39091,0,1.07443,1.69344,9.38471e+06,3.61194e+06,1.30533e+07,0,0,0,1.12052e+08
103.377,103.622,3.15667,0,0,3.30089,3.366,0,0.574631,6.16896,4.51578e+06,3.09029e+06,1.49061e+07,0,0,0,0,62.3362,61.308,5.58459,1,1,1.52465,1.55472,0,1.07462,1.69344,9.38471e+06,4.1306e+06,1.43084e+07,0,0,0,1.12052e+08
103.622,103.622,4.94383,0,0,3.30145,3.36658,0,0.618586,6.16896,4.51578e+06,3.09029e+06,1.49086e+07,0,0,0,0,62.3362,61.308,5.56362,1,1,1.52491,1.55499,0,1.17794,1.69344,9.38471e+06,4.1306e+06,1.43108e+07,0,0,0,1.12052e+08
102.829,103.622,2.56113,0,0,3.30202,3.36715,0,0.618692,6.16896,4.51578e+06,3.09029e+06,1.49112e+07,0,0,0,0,62.3321,61.308,3.31472,1,1,1.52517,1.55525,0,1.17814,1.69344,9.38471e+06,4.1306e+06,1.43133e+07,0,0,0,1.12052e+08
101.761,103.622,2.18047,0,0,3.30259,3.36773,0,0.618799,6.16896,4.51578e+06,3.09029e+06,1.49138e+07,0,0,0,0,62.3362,61.308,2.71859,1,1,1.52543,1.55552,0,1.17835,1.69344,9.38471e+06,4.1306e+06,1.43157e+07,0,0,0,1.12052e+08
103.622,103.622,5.78981,0,0,2.94136,2.94136,0,0.618905,6.16896,4.51578e+06,2.70226e+06,1.32825e+07,0,0,0,0,62.3362,61.308,5.88711,0,1,1.33613,1.33613,0,1.17855,1.69344,9.38471e+06,3.61194e+06,1.25392e+07,0,0,0,1.12052e+08
103.622,103.622,5.1338,0,0,2.94186,2.94186,0,0.55121,6.16896,4.51578e+06,2.70226e+06,1.32848e+07,0,0,0,0,62.3362,61.308,7.09893,0,1,1.33636,1.33636,0,1.03229,1.69344,9.38471e+06,3.61194e+06,1.25413e+07,0,0,0,1.12052e+08
103.622,103.622,5.40897,0,0,2.94237,2.94237,0,0.551305,6.16896,4.51578e+06,2.70226e+06,1.32871e+07,0,0,0,0,62.3362,61.308,7.48161,0,1,1.33659,1.33659,0,1.03247,1.69344,9.38471e+06,3.61194e+06,1.25435e+07,0,0,0,1.12052e+08
103.622,103.622,4.20648,0,0,2.94287,2.94287,0,0.5514,6.16896,4.51578e+06,2.70226e+06,1.32894e+07,0,0,0,0,62.3362,61.308,5.76863,0,1,1.33682,1.33682,0,1.03265,1.69344,9.38471e+06,3.61194e+06,1.25456e+07,0,0,0,1.12052e+08
103.622,103.622,4.98244,0,0,2.94338,2.94338,0,0.551495,6.16896,4.51578e+06,2.70226e+06,1.32917e+07,0,0,0,0,62.3362,61.308,6.43209,0,1,1.33705,1.33705,0,1.03282,1.69344,9.38471e+06,3.61194e+06,1.25478e+07,0,0,0,1.12052e+08
103.622,103.622,4.5396,0,0,3.05145,3.05145,0,0.55159,6.16896,4.51578e+06,2.70226e+06,1.37797e+07,0,0,0,0,62.3362,61.308,6.552,0,1,1.39106,1.39106,0,1.033,1.69344,9.38471e+06,3.61194e+06,1.30547e+07,0,0,0,1.12052e+08
103.62,103.622,3.38643,0,0,3.05197,3.05197,0,0.571842,6.16896,4.51578e+06,2.70226e+06,1.3782e+07,0,0,0,0,62.3362,61.308,5.22975,0,1,1.3913,1.3913,0,1.07473,1.69344,9.38471e+06,3.61194e+06,1.30569e+07,0,0,0,1.12052e+08
103.55,103.622,3.26083,0,0,3.0525,3.0525,0,0.57194,6.16896,4.51578e+06,2.70226e+06,1.37844e+07,0,0,0,0,62.3362,61.308,4.93492,0,1,1.39154,1.39154,0,1.07492,1.69344,9.38471e+06,3.61194e+06,1.30592e+07,0,0,0,1.12052e+08
103.229,103.622,2.99319,0,0,3.05302,3.05302,0,0.572038,6.16896,4.51578e+06,2.70226e+06,1.37868e+07,0,0,0,0,62.3362,61.308,4.38871,0,1,1.39178,1.39178,0,1.0751,1.69344,9.38471e+06,3.61194e+06,1.30614e+07,0,0,0,1.12052e+08
102.904,103.622,2.84079,0,0,3.01146,3.01146,0,0.572137,6.16896,4.51578e+06,2.70226e+06,1.35991e+07,0,0,0,0,62.3362,61.308,4.01866,0,1,1.37111,1.37111,0,1.07529,1.69344,9.38471e+06,3.61194e+06,1.28675e+07,0,0,0,1.12052e+08
102.636,103.622,2.83988,0,0,3.01198,3.01198,0,0.564348,6.16896,4.51578e+06,2.70226e+06,1.36014e+07,0,0,0,0,62.3362,61.308,3.28161,0,1,1.37135,1.37135,0,1.05932,1.69344,9.38471e+06,3.61194e+06,1.28697e+07,0,0,0,1.12052e+08
102.26,103.622,2.63292,0,0,3.0125,3.0125,0,0.564445,6.16896,4.51578e+06,2.70226e+06,1.36038e+07,0,0,0,0,62.3362,61.308,3.01815,0,1,1.37158,1.37158,0,1.0595,1.69344,9.38471e+06,3.61194e+06,1.28719e+07,0,0,0,1.12052e+08
101.836,103.622,2.61857,0,0,3.01302,3.01302,0,0.564542,6.16896,4.51578e+06,2.70226e+06,1.36061e+07,0,0,0,0,62.3362,61.308,3.42312,0,1,1.37182,1.37182,0,1.05969,1.69344,9.38471e+06,3.61194e+06,1.28741e+07,0,0,0,1.12052e+08
101.312,103.622,2.5689,0,0,3.15649,3.15649,0,0.564639,6.16896,4.51578e+06,2.70226e+06,1.4254e+07,0,0,0,0,62.3362,61.308,3.20114,0,1,1.44624,1.44624,0,1.05987,1.69344,9.38471e+06,3.61194e+06,1.35725e+07,0,0,0,1.12052e+08
100.749,103.622,2.47772,0,0,3.15703,3.15703,0,0.591526,6.16896,4.51578e+06,2.70226e+06,1.42565e+07,0,0,0,0,62.3362,61.308,3.2267,0,1,1.44648,1.44648,0,1.11736,1.69344,9.38471e+06,3.61194e+06,1.35748e+07,0,0,0,1.12052e+08
99.9564,103.622,2.22044,0,0,3.15757,3.15757,0,0.591627,6.16896,4.51578e+06,2.70226e+06,1.42589e+07,0,0,0,0,62.3362,61.308,2.94894,0,1,1.44673,1.44673,0,1.11755,1.69344,9.38471e+06,3.61194e+06,1.35772e+07,0,0,0,1.12052e+08
99.115,103.622,2.09143,0,0,3.15811,3.15811,0,0.591729,6.16896,4.51578e+06,2.70226e+06,1.42614e+07,0,0,0,0,62.3362,61.308,2.83547,0,1,1.44698,1.44698,0,1.11775,1.69344,9.38471e+06,3.61194e+06,1.35795e+07,0,0,0,1.12052e+08
98.175,103.622,1.98744,0,0,3.15866,3.15866,0,0.591831,6.16896,4.51578e+06,2.70226e+06,1.42638e+07,0,0,0,0,62.3362,61.308,2.65853,0,1,1.44723,1.44723,0,1.11794,1.69344,9.38471e+06,3.61194e+06,1.35818e+07,0,0,0,1.12052e+08
97.0285,103.622,1.70451,0,0,3.13091,3.13091,0,0.591932,6.16896,4.51578e+06,2.70226e+06,1.41385e+07,0,0,0,0,62.3362,61.308,2.81172,0,1,1.48828,1.48828,0,1.11813,1.69344,9.38471e+06,3.61194e+06,1.39671e+07,0,0,0,1.12052e+08
95.7347,103.622,1.53674,0,0,3.13144,3.13144,0,0.586732,6.16896,4.51578e+06,2.70226e+06,1.41409e+07,0,0,0,0,62.3362,61.308,2.83988,0,1,1.48854,1.48854,0,1.14985,1.69344,9.38471e+06,3.61194e+06,1.39695e+07,0,0,0,1.12052e+08
94.3403,103.622,1.40814,0,0,3.13198,3.13198,0,0.586832,6.16896,4.51578e+06,2.70226e+06,1.41433e+07,0,0,0,0,62.3362,61.308,2.53188,0,1,1.4888,1.4888,0,1.15005,1.69344,9.38471e+06,3.61194e+06,1.39719e+07,0,0,0,1.12052e+08
92.8812,103.622,1.29876,0.01,0,3.13252,3.13252,0,0.586933,6.16896,4.51578e+06,2.70226e+06,1.41458e+07,0,0,0,0,62.3362,61.308,2.48027,0,1,1.48905,1.48905,0,1.15024,1.69344,9.38471e+06,3.61194e+06,1.39743e+07,0,0,0,1.12052e+08
91.5438,103.622,1.37387,0.01,0,3.14416,3.20618,0,0.587034,6.16896,4.51578e+06,3.09029e+06,1.41983e+07,0,0,0,0,62.3362,61.308,2.57932,1,1,1.49619,1.5257,0,1.15044,1.69344,9.38471e+06,4.1306e+06,1.40413e+07,0,0,0,1.12052e+08
90.2594,103.622,1.42829,0.01,0,3.1447,3.20673,0,0.589215,6.16896,4.51578e+06,3.09029e+06,1.42008e+07,0,0,0,0,62.3362,61.308,2.52996,1,1,1.49644,1.52596,0,1.15595,1.69344,9.38471e+06,4.1306e+06,1.40437e+07,0,0,0,1.12052e+08
88.9146,103.622,1.32021,0.01,0,3.14524,3.20728,0,0.589316,6.16896,4.51578e+06,3.09029e+06,1.42032e+07,0,0,0,0,62.3362,61.308,2.43647,1,1,1.4967,1.52622,0,1.15615,1.69344,9.38471e+06,4.1306e+06,1.40461e+07,0,0,0,1.12052e+08
87.4866,103.622,1.20499,0.02,0,3.14578,3.20783,0,0.589417,6.16896,4.51578e+06,3.09029e+06,1.42056e+07,0,0,0,0,62.3257,61.308,2.14842,1,1,1.49696,1.52649,0,1.15635,1.69344,9.38471e+06,4.1306e+06,1.40485e+07,0,0,0,1.12052e+08
86.13,103.622,1.44816,0.02,0,3.35645,3.42265,0,0.589519,6.16896,4.51578e+06,3.09029e+06,1.5157e+07,0,0,0,0,62.3362,61.308,2.95383,1,1,1.62612,1.65819,0,1.15655,1.69344,9.38471e+06,4.1306e+06,1.52607e+07,0,0,0,1.12052e+08
84.6811,103.622,1.30545,0.02,0,3.35702,3.42324,0,0.628998,6.16896,4.51578e+06,3.09029e+06,1.51596e+07,0,0,0,0,62.3362,61.308,2.69236,1,1,1.6264,1.65848,0,1.25634,1.69344,9.38471e+06,4.1306e+06,1.52633e+07,0,0,0,1.12052e+08
83.2187,103.622,1.2715,0.02,0,3.3576,3.42383,0,0.629106,6.16896,4.51578e+06,3.09029e+06,1.51622e+07,0,0,0,0,62.3362,61.308,2.60989,1,1,1.62668,1.65876,0,1.25656,1.69344,9.38471e+06,4.1306e+06,1.52659e+07,0,0,0,1.12052e+08
82.0336,103.622,1.58953,0.02,0,3.35818,3.42442,0,0.629214,6.16896,4.51578e+06,3.09029e+06,1.51648e+07,0,0,0,0,62.3362,61.308,2.86317,1,1,1.62696,1.65905,0,1.25677,1.69344,9.38471e+06,4.1306e+06,1.52685e+07,0,0,0,1.12052e+08
80.5441,103.622,1.19673,0.02,0,3.35875,3.42501,0,0.629322,6.16896,4.51578e+06,3.09029e+06,1.51674e+07,0,0,0,0,62.3362,61.308,2.56853,1,1,1.62724,1.65933,0,1.25699,1.69344,9.38471e+06,4.1306e+06,1.52711e+07,0,0,0,1.12052e+08
79.3421,103.622,1.43834,0.02,0,3.25683,3.32108,0,0.62943,6.16896,4.51578e+06,3.09029e+06,1.47071e+07,0,0,0,0,62.3362,61.308,3.33669,1,1,1.54921,1.57977,0,1.2572,1.69344,9.38471e+06,4.1306e+06,1.45389e+07,0,0,0,1.12052e+08
78.0988,103.622,1.36983,0.02,0,3.25739,3.32165,0,0.610331,6.16896,4.51578e+06,3.09029e+06,1.47097e+07,0,0,0,0,62.3362,61.308,2.86967,1,1,1.54948,1.58004,0,1.19692,1.69344,9.38471e+06,4.1306e+06,1.45414e+07,0,0,0,1.12052e+08
77.0456,103.622,1.57772,0.02,0,3.25795,3.32222,0,0.610435,6.16896,4.51578e+06,3.09029e+06,1.47122e+07,0,0,0,0,62.3362,61.308,2.93188,1,1,1.54974,1.58031,0,1.19712,1.69344,9.38471e+06,4.1306e+06,1.45439e+07,0,0,0,1.12052e+08
78.3731,103.622,4.44618,0.02,0,3.25851,3.32279,0,0.61054,6.16896,4.51578e+06,3.09029e+06,1.47147e+07,0,0,0,0,62.3362,61.308,5.69949,1,1,1.55001,1.58058,0,1.19733,1.69344,9.38471e+06,4.1306e+06,1.45464e+07,0,0,0,1.12052e+08
78.1537,103.622,2.60223,0.02,0,3.23751,3.23751,0,0.610645,6.16896,4.51578e+06,2.70226e+06,1.46199e+07,0,0,0,0,61.8952,61.308,3.5463,0,1,1.50812,1.50812,0,1.19754,1.69344,9.38471e+06,3.61194e+06,1.41533e+07,0,0,0,1.12052e+08
77.2304,103.622,1.86797,0.02,0,3.23806,3.23806,0,0.606709,6.16896,4.51578e+06,2.70226e+06,1.46224e+07,0,0,0,0,61.4278,61.308,1.48725,0,1,1.50838,1.50838,0,1.16517,1.69344,9.38471e+06,3.61194e+06,1.41557e+07,0,0,0,1.12052e+08
76.0478,103.622,1.56987,0.02,0,3.23862,3.23862,0,0.606813,6.16896,4.51578e+06,2.70226e+06,1.46249e+07,0,0,0,0,61.3148,61.308,1.46142,0,1,1.50864,1.50864,0,1.16537,1.69344,9.38471e+06,3.61194e+06,1.41581e+07,0,0,0,1.12052e+08
76.9255,103.622,3.96922,0.02,0,3.23918,3.23918,0,0.606917,6.16896,4.51578e+06,2.70226e+06,1.46274e+07,0,0,0,0,62.3362,61.308,4.54043,0,1,1.5089,1.5089,0,1.16557,1.69344,9.38471e+06,3.61194e+06,1.41605e+07,0,0,0,1.12052e+08
78.5059,103.622,4.60266,0.02,0,2.99574,2.99574,0,0.607021,6.16896,4.51578e+06,2.70226e+06,1.35281e+07,0,0,0,0,62.3362,61.308,4.16399,0,1,1.35756,1.35756,0,1.16577,1.69344,9.38471e+06,3.61194e+06,1.27404e+07,0,0,0,1.12052e+08
78.9871,103.622,3.42328,0.02,0,2.99626,2.99626,0,0.561402,6.16896,4.51578e+06,2.70226e+06,1.35304e+07,0,0,0,0,62.3362,61.308,3.53295,0,1,1.3578,1.3578,0,1.04885,1.69344,9.38471e+06,3.61194e+06,1.27425e+07,0,0,0,1.12052e+08
79.6165,103.622,3.61607,0.02,0,2.99677,2.99677,0,0.561498,6.16896,4.51578e+06,2.70226e+06,1.35328e+07,0,0,0,0,62.3362,61.308,3.07896,0,1,1.35803,1.35803,0,1.04903,1.69344,9.38471e+06,3.61194e+06,1.27447e+07,0,0,0,1.12052e+08
80.5307,103.622,3.9642,0.02,0,2.99729,2.99729,0,0.561595,6.16896,4.51578e+06,2.70226e+06,1.35351e+07,0,0,0,0,62.3362,61.308,3.92417,0,1,1.35826,1.35826,0,1.04921,1.69344,9.38471e+06,3.61194e+06,1.27469e+07,0,0,0,1.12052e+08
85.5587,103.622,8.51487,0.02,0,2.9978,2.9978,0,0.561691,6.16896,4.51578e+06,2.70226e+06,1.35374e+07,0,0,0,0,62.3362,61.308,7.3171,0,1,1.3585,1.3585,0,1.04939,1.69344,9.38471e+06,3.61194e+06,1.27491e+07,0,0,0,1.12052e+08
91.0347,103.622,9.16256,0.01,0,3.09223,3.09223,0,0.561788,6.16896,4.51578e+06,2.70226e+06,1.39638e+07,0,0,0,0,62.3362,61.308,9.37201,0,1,1.40266,1.40266,0,1.04957,1.69344,9.38471e+06,3.61194e+06,1.31635e+07,0,0,0,1.12052e+08
96.9787,103.622,9.99286,0,0,3.09273,3.09273,0,0.579484,6.16896,4.51578e+06,2.70226e+06,1.39661e+07,0,0,0,0,62.3362,61.308,9.52886,0,1,1.40288,1.40288,0,1.08369,1.69344,9.38471e+06,3.61194e+06,1.31657e+07,0,0,0,1.12052e+08
102.505,103.622,9.32366,0,0,3.09323,3.09323,0,0.579578,6.16896,4.51578e+06,2.70226e+06,1.39684e+07,0,0,0,0,62.3362,61.308,7.47587,0,1,1.40311,1.40311,0,1.08387,1.69344,9.38471e+06,3.61194e+06,1.31678e+07,0,0,0,1.12052e+08
103.622,103.622,9.80923,0,0,3.09374,3.09374,0,0.579672,6.16896,4.51578e+06,2.70226e+06,1.39706e+07,0,0,0,0,62.3362,61.308,9.36834,0,1,1.40334,1.40334,0,1.08405,1.69344,9.38471e+06,3.61194e+06,1.317e+07,0,0,0,1.12052e+08
103.622,103.622,7.36864,0,0,3.33035,3.39605,0,0.579766,6.16896,4.51578e+06,3.09029e+06,1.50391e+07,0,0,0,0,62.3362,61.308,7.33812,1,1,1.53826,1.5686,0,1.08422,1.69344,9.38471e+06,4.1306e+06,1.44361e+07,0,0,0,1.12052e+08
103.622,103.622,8.33771,0,0,3.3309,3.3966,0,0.624108,6.16896,4.51578e+06,3.09029e+06,1.50416e+07,0,0,0,0,62.3362,61.308,10.2764,1,1,1.53851,1.56885,0,1.18846,1.69344,9.38471e+06,4.1306e+06,1.44384e+07,0,0,0,1.12052e+08
103.622,103.622,5.49324,0,0,3.33144,3.39715,0,0.62421,6.16896,4.51578e+06,3.09029e+06,1.5044e+07,0,0,0,0,62.3362,61.308,5.62674,1,1,1.53876,1.56911,0,1.18865,1.69344,9.38471e+06,4.1306e+06,1.44408e+07,0,0,0,1.12052e+08
103.622,103.622,4.47975,0,0,3.33198,3.3977,0,0.624311,6.16896,4.51578e+06,3.09029e+06,1.50465e+07,0,0,0,0,62.3362,61.308,4.66487,1,1,1.53901,1.56936,0,1.18884,1.69344,9.38471e+06,4.1306e+06,1.44431e+07,0,0,0,1.12052e+08
103.622,103.622,4.89633,0,0,2.9675,2.9675,0,0.624413,6.16896,4.51578e+06,2.70226e+06,1.34006e+07,0,0,0,0,62.3362,61.308,5.66309,0,1,1.348,1.348,0,1.18904,1.69344,9.38471e+06,3.61194e+06,1.26506e+07,0,0,0,1.12052e+08
103.622,103.622,9.3586,0,0,2.96799,2.96799,0,0.55611,6.16896,4.51578e+06,2.70226e+06,1.34028e+07,0,0,0,0,62.3362,61.308,8.25124,0,1,1.34822,1.34822,0,1.04147,1.69344,9.38471e+06,3.61194e+06,1.26527e+07,0,0,0,1.12052e+08
103.622,103.622,7.53972,0,0,2.96847,2.96847,0,0.556201,6.16896,4.51578e+06,2.70226e+06,1.3405e+07,0,0,0,0,62.3362,61.308,5.89349,0,1,1.34844,1.34844,0,1.04164,1.69344,9.38471e+06,3.61194e+06,1.26547e+07,0,0,0,1.12052e+08
103.622,103.622,5.24854,0,0,2.96895,2.96895,0,0.556291,6.16896,4.51578e+06,2.70226e+06,1.34071e+07,0,0,0,0,62.3362,61.308,4.55937,0,1,1.34866,1.34866,0,1.04181,1.69344,9.38471e+06,3.61194e+06,1.26568e+07,0,0,0,1.12052e+08
103.622,103.622,6.92155,0,0,2.96944,2.96944,0,0.556382,6.16896,4.51578e+06,2.70226e+06,1.34093e+07,0,0,0,0,62.3362,61.308,5.41646,0,1,1.34888,1.34888,0,1.04198,1.69344,9.38471e+06,3.61194e+06,1.26589e+07,0,0,0,1.12052e+08
103.622,103.622,6.93602,0,0,3.07843,3.07843,0,0.556472,6.16896,4.51578e+06,2.70226e+06,1.39015e+07,0,0,0,0,62.3362,61.308,8.10072,0,1,1.40336,1.40336,0,1.04215,1.69344,9.38471e+06,3.61194e+06,1.31701e+07,0,0,0,1.12052e+08
103.622,103.622,6.18296,0,0,3.07893,3.07893,0,0.576898,6.16896,4.51578e+06,2.70226e+06,1.39038e+07,0,0,0,0,62.3362,61.308,8.78347,0,1,1.40359,1.40359,0,1.08424,1.69344,9.38471e+06,3.61194e+06,1.31723e+07,0,0,0,1.12052e+08
103.622,103.622,5.15552,0,0,3.07943,3.07943,0,0.576992,6.16896,4.51578e+06,2.70226e+06,1.3906e+07,0,0,0,0,62.3362,61.308,7.66812,0,1,1.40382,1.40382,0,1.08441,1.69344,9.38471e+06,3.61194e+06,1.31744e+07,0,0,0,1.12052e+08
103.622,103.622,4.50636,0,0,3.07993,3.07993,0,0.577086,6.16896,4.51578e+06,2.70226e+06,1.39083e+07,0,0,0,0,62.3362,61.308,6.98818,0,1,1.40404,1.40404,0,1.08459,1.69344,9.38471e+06,3.61194e+06,1.31765e+07,0,0,0,1.12052e+08
103.622,103.622,4.7282,0,0,3.03798,3.03798,0,0.57718,6.16896,4.51578e+06,2.70226e+06,1.37188e+07,0,0,0,0,62.3362,61.308,6.84625,0,1,1.38318,1.38318,0,1.08476,1.69344,9.38471e+06,3.61194e+06,1.29808e+07,0,0,0,1.12052e+08
103.622,103.622,4.65333,0,0,3.03847,3.03847,0,0.569317,6.16896,4.51578e+06,2.70226e+06,1.37211e+07,0,0,0,0,62.3362,61.308,5.86662,0,1,1.38341,1.38341,0,1.06865,1.69344,9.38471e+06,3.61194e+06,1.29829e+07,0,0,0,1.12052e+08
103.622,103.622,3.71532,0,0,3.03897,3.03897,0,0.56941,6.16896,4.51578e+06,2.70226e+06,1.37233e+07,0,0,0,0,62.3362,61.308,4.88161,0,1,1.38363,1.38363,0,1.06882,1.69344,9.38471e+06,3.61194e+06,1.2985e+07,0,0,0,1.12052e+08
103.622,103.622,3.31481,0,0,3.03946,3.03946,0,0.569502,6.16896,4.51578e+06,2.70226e+06,1.37255e+07,0,0,0,0,62.3362,61.308,4.04135,0,1,1.38386,1.38386,0,1.069,1.69344,9.38471e+06,3.61194e+06,1.29871e+07,0,0,0,1.12052e+08
103.622,103.622,3.89871,0,0,3.18416,3.18416,0,0.569595,6.16896,4.51578e+06,2.70226e+06,1.4379e+07,0,0,0,0,62.3362,61.308,4.33532,0,1,1.45891,1.45891,0,1.06917,1.69344,9.38471e+06,3.61194e+06,1.36915e+07,0,0,0,1.12052e+08
103.622,103.622,3.4294,0,0,3.18468,3.18468,0,0.596712,6.16896,4.51578e+06,2.70226e+06,1.43813e+07,0,0,0,0,62.3362,61.308,3.46489,0,1,1.45915,1.45915,0,1.12716,1.69344,9.38471e+06,3.61194e+06,1.36937e+07,0,0,0,1.12052e+08
103.622,103.622,3.36884,0,0,3.1852,3.1852,0,0.596809,6.16896,4.51578e+06,2.70226e+06,1.43836e+07,0,0,0,0,62.3362,61.308,3.56057,0,1,1.45939,1.45939,0,1.12734,1.69344,9.38471e+06,3.61194e+06,1.36959e+07,0,0,0,1.12052e+08
103.622,103.622,3.0341,0,0,3.18571,3.18571,0,0.596906,6.16896,4.51578e+06,2.70226e+06,1.4386e+07,0,0,0,0,62.3362,61.308,3.51274,0,1,1.45963,1.45963,0,1.12752,1.69344,9.38471e+06,3.61194e+06,1.36982e+07,0,0,0,1.12052e+08
103.513,103.622,2.89274,0,0,3.18623,3.18623,0,0.597003,6.16896,4.51578e+06,2.70226e+06,1.43883e+07,0,0,0,0,62.3362,61.308,3.53883,0,1,1.45986,1.45986,0,1.12771,1.69344,9.38471e+06,3.61194e+06,1.37004e+07,0,0,0,1.12052e+08
102.896,103.622,2.27678,0,0,3.15821,3.15821,0,0.5971,6.16896,4.51578e+06,2.70226e+06,1.42618e+07,0,0,0,0,62.3362,61.308,3.00918,0,1,1.50126,1.50126,0,1.12789,1.69344,9.38471e+06,3.61194e+06,1.40889e+07,0,0,0,1.12052e+08
101.93,103.622,1.90183,0,0,3.15872,3.15872,0,0.591848,6.16896,4.51578e+06,2.70226e+06,1.42641e+07,0,0,0,0,62.3362,61.308,2.87239,0,1,1.50151,1.50151,0,1.15988,1.69344,9.38471e+06,3.61194e+06,1.40912e+07,0,0,0,1.12052e+08
100.806,103.622,1.7224,0,0,3.15923,3.15923,0,0.591944,6.16896,4.51578e+06,2.70226e+06,1.42664e+07,0,0,0,0,62.3362,61.308,2.55595,0,1,1.50175,1.50175,0,1.16006,1.69344,9.38471e+06,3.61194e+06,1.40935e+07,0,0,0,1.12052e+08
99.65,103.622,1.6411,0,0,3.15975,3.15975,0,0.59204,6.16896,4.51578e+06,2.70226e+06,1.42687e+07,0,0,0,0,62.3362,61.308,2.49071,0,1,1.50199,1.50199,0,1.16025,1.69344,9.38471e+06,3.61194e+06,1.40958e+07,0,0,0,1.12052e+08
98.3001,103.622,1.41456,0,0,3.17146,3.23401,0,0.592136,6.16896,4.51578e+06,3.09029e+06,1.43216e+07,0,0,0,0,61.8635,61.308,2.15308,1,1,1.50918,1.53895,0,1.16044,1.69344,9.38471e+06,4.1306e+06,1.41632e+07,0,0,0,1.12052e+08
96.7895,103.622,1.20867,0,0,3.17197,3.23454,0,0.594331,6.16896,4.51578e+06,3.09029e+06,1.43239e+07,0,0,0,0,61.0827,61.308,1.44172,1,1,1.50942,1.5392,0,1.16599,1.69344,9.38471e+06,4.1306e+06,1.41655e+07,0,0,0,1.12052e+08
95.1981,103.622,1.1005,0.01,0,3.17249,3.23506,0,0.594427,6.16896,4.51578e+06,3.09029e+06,1.43263e+07,0,0,0,0,60.5816,61.308,1.26531,1,1,1.50967,1.53945,0,1.16618,1.69344,9.38471e+06,4.1306e+06,1.41678e+07,0,0,0,1.12052e+08
93.7617,103.622,1.25872,0.02,0,3.173,3.23559,0,0.594524,6.16896,4.51578e+06,3.09029e+06,1.43286e+07,0,0,0,0,60.153,61.308,1.64542,1,1,1.50991,1.5397,0,1.16637,1.69344,9.38471e+06,4.1306e+06,1.41701e+07,0,0,0,1.12052e+08
92.1705,103.622,1.2069,0.02,0,3.38546,3.45224,0,0.594621,6.16896,4.51578e+06,3.09029e+06,1.5288e+07,0,0,0,0,59.5859,61.308,1.56039,1,1,1.64018,1.67253,0,1.16656,1.69344,9.38471e+06,4.1306e+06,1.53926e+07,0,0,0,1.12052e+08
90.5128,103.622,1.11987,0.02,0,3.38601,3.4528,0,0.634436,6.16896,4.51578e+06,3.09029e+06,1.52905e+07,0,0,0,0,58.5017,61.308,1.54392,1,1,1.64044,1.6728,0,1.2672,1.69344,9.38471e+06,4.1306e+06,1.53951e+07,0,0,0,1.12052e+08
88.5757,103.622,0.796626,0.02,0,3.38656,3.45336,0,0.634539,6.16896,4.51578e+06,3.09029e+06,1.5293e+07,0,0,0,0,57.7372,61.308,0.876461,1,1,1.64071,1.67307,0,1.26741,1.69344,9.38471e+06,4.1306e+06,1.53976e+07,0,0,0,1.12052e+08
86.834,103.622,0.982791,0.02,0,3.38711,3.45392,0,0.634642,6.16896,4.51578e+06,3.09029e+06,1.52955e+07,0,0,0,0,56.845,61.308,1.60402,1,1,1.64098,1.67334,0,1.26761,1.69344,9.38471e+06,4.1306e+06,1.54001e+07,0,0,0,1.12052e+08
84.9476,103.622,0.805529,0.02,0,3.38766,3.45449,0,0.634745,6.16896,4.51578e+06,3.09029e+06,1.52979e+07,0,0,0,0,56.321,61.308,1.11846,1,1,1.64124,1.67362,0,1.26782,1.69344,9.38471e+06,4.1306e+06,1.54026e+07,0,0,0,1.12052e+08
83.5563,103.622,1.25277,0.02,0,3.28484,3.34963,0,0.634848,6.16896,4.51578e+06,3.09029e+06,1.48336e+07,0,0,0,0,56.1652,61.308,2.07304,1,1,1.56253,1.59335,0,1.26802,1.69344,9.38471e+06,4.1306e+06,1.46639e+07,0,0,0,1.12052e+08
81.8632,103.622,0.907858,0.02,0,3.28537,3.35017,0,0.615578,6.16896,4.51578e+06,3.09029e+06,1.4836e+07,0,0,0,0,55.7448,61.308,1.76682,1,1,1.56278,1.59361,0,1.20721,1.69344,9.38471e+06,4.1306e+06,1.46663e+07,0,0,0,1.12052e+08
80.2179,103.622,0.89122,0.02,0,3.2859,3.35072,0,0.615678,6.16896,4.51578e+06,3.09029e+06,1.48384e+07,0,0,0,0,55.5979,61.308,1.63891,1,1,1.56304,1.59387,0,1.20741,1.69344,9.38471e+06,4.1306e+06,1.46686e+07,0,0,0,1.12052e+08
79.9312,103.622,2.44332,0.02,0,3.28644,3.35126,0,0.615778,6.16896,4.51578e+06,3.09029e+06,1.48408e+07,0,0,0,0,55.9728,61.308,3.8128,1,1,1.56329,1.59413,0,1.2076,1.69344,9.38471e+06,4.1306e+06,1.4671e+07,0,0,0,1.12052e+08
78.8927,103.622,1.6496,0.02,0,3.26522,3.26522,0,0.615878,6.16896,4.51578e+06,2.70226e+06,1.4745e+07,0,0,0,0,55.9023,61.308,2.04074,0,1,1.52103,1.52103,0,1.2078,1.69344,9.38471e+06,3.61194e+06,1.42744e+07,0,0,0,1.12052e+08
78.0207,103.622,1.76276,0.02,0,3.26575,3.26575,0,0.611902,6.16896,4.51578e+06,2.70226e+06,1.47474e+07,0,0,0,0,55.6537,61.308,1.68232,0,1,1.52127,1.52127,0,1.17515,1.69344,9.38471e+06,3.61194e+06,1.42767e+07,0,0,0,1.12052e+08
77.8721,103.622,2.57658,0.02,0,3.26628,3.26628,0,0.612002,6.16896,4.51578e+06,2.70226e+06,1.47498e+07,0,0,0,0,55.7217,61.308,2.69403,0,1,1.52152,1.52152,0,1.17534,1.69344,9.38471e+06,3.61194e+06,1.4279e+07,0,0,0,1.12052e+08
80.0436,103.622,5.05666,0.02,0,3.26681,3.26681,0,0.612101,6.16896,4.51578e+06,2.70226e+06,1.47522e+07,0,0,0,0,56.378,61.308,3.59315,0,1,1.52177,1.52177,0,1.17553,1.69344,9.38471e+06,3.61194e+06,1.42814e+07,0,0,0,1.12052e+08
82.4935,103.622,5.15414,0.02,0,3.02127,3.02127,0,0.6122,6.16896,4.51578e+06,2.70226e+06,1.36434e+07,0,0,0,0,56.8864,61.308,3.43981,0,1,1.36913,1.36913,0,1.17572,1.69344,9.38471e+06,3.61194e+06,1.28489e+07,0,0,0,1.12052e+08
85.4573,103.622,5.83871,0.02,0,3.02176,3.02176,0,0.566187,6.16896,4.51578e+06,2.70226e+06,1.36456e+07,0,0,0,0,57.7834,61.308,4.19946,0,1,1.36936,1.36936,0,1.05779,1.69344,9.38471e+06,3.61194e+06,1.2851e+07,0,0,0,1.12052e+08
89.6275,103.622,7.16061,0.02,0,3.02225,3.02225,0,0.566279,6.16896,4.51578e+06,2.70226e+06,1.36478e+07,0,0,0,0,58.5368,61.308,4.09834,0,1,1.36958,1.36958,0,1.05797,1.69344,9.38471e+06,3.61194e+06,1.28531e+07,0,0,0,1.12052e+08
96.3187,103.622,9.80104,0.02,0,3.02275,3.02275,0,0.566371,6.16896,4.51578e+06,2.70226e+06,1.36501e+07,0,0,0,0,59.4383,61.308,4.30534,0,1,1.3698,1.3698,0,1.05814,1.69344,9.38471e+06,3.61194e+06,1.28552e+07,0,0,0,1.12052e+08
103.622,103.622,10.8175,0.01,0,3.02324,3.02324,0,0.566463,6.16896,4.51578e+06,2.70226e+06,1.36523e+07,0,0,0,0,62.3362,61.308,9.37398,0,1,1.37002,1.37002,0,1.05831,1.69344,9.38471e+06,3.61194e+06,1.28573e+07,0,0,0,1.12052e+08
103.622,103.622,6.9065,0,0,3.02324,3.02324,0,0.566554,6.16896,4.51578e+06,2.70226e+06,1.36523e+07,0,0,0,0,62.3362,61.308,5.13727,0,1,1.37002,1.37002,0,1.05848,1.69344,9.38471e+06,3.61194e+06,1.28573e+07,0,0,0,1.12052e+08
103.622,103.622,8.55576,0,0,3.11844,3.11844,0,0.566554,6.16896,4.51578e+06,2.70226e+06,1.40822e+07,0,0,0,0,62.3362,61.308,4.77314,0,1,1.41455,1.41455,0,1.05848,1.69344,9.38471e+06,3.61194e+06,1.32751e+07,0,0,0,1.12052e+08
103.622,103.622,5.99139,0,0,3.11892,3.11892,0,0.584395,6.16896,4.51578e+06,2.70226e+06,1.40843e+07,0,0,0,0,62.3362,61.308,4.0527,0,1,1.41476,1.41476,0,1.09288,1.69344,9.38471e+06,3.61194e+06,1.32771e+07,0,0,0,1.12052e+08
103.622,103.622,10.7144,0,0,3.11939,3.11939,0,0.584485,6.16896,4.51578e+06,2.70226e+06,1.40865e+07,0,0,0,0,62.3362,61.308,9.62565,0,1,1.41498,1.41498,0,1.09305,1.69344,9.38471e+06,3.61194e+06,1.32792e+07,0,0,0,1.12052e+08
103.622,103.622,6.95993,0,0,3.11987,3.11987,0,0.584575,6.16896,4.51578e+06,2.70226e+06,1.40887e+07,0,0,0,0,62.3362,61.308,6.10934,0,1,1.4152,1.4152,0,1.09321,1.69344,9.38471e+06,3.61194e+06,1.32812e+07,0,0,0,1.12052e+08
103.622,103.622,14.6039,0.01,0,3.35846,3.4247,0,0.584664,6.16896,4.51578e+06,3.09029e+06,1.51661e+07,0,0,0,0,62.3362,61.308,8.93126,1,1,1.55124,1.58184,0,1.09338,1.69344,9.38471e+06,4.1306e+06,1.45579e+07,0,0,0,1.12052e+08
103.622,103.622,9.53261,0.01,0,3.35897,3.42523,0,0.629375,6.16896,4.51578e+06,3.09029e+06,1.51684e+07,0,0,0,0,62.3362,61.308,8.4597,1,1,1.55148,1.58208,0,1.19849,1.69344,9.38471e+06,4.1306e+06,1.45601e+07,0,0,0,1.12052e+08
103.622,103.622,13.9125,0.01,0,3.35949,3.42576,0,0.629471,6.16896,4.51578e+06,3.09029e+06,1.51707e+07,0,0,0,0,62.3362,61.308,12.0909,1,1,1.55171,1.58232,0,1.19867,1.69344,9.38471e+06,4.1306e+06,1.45624e+07,0,0,0,1.12052e+08
103.622,103.622,8.38708,0.01,0,3.36,3.42628,0,0.629568,6.16896,4.51578e+06,3.09029e+06,1.5173e+07,0,0,0,0,62.3362,61.308,7.03731,1,1,1.55195,1.58256,0,1.19885,1.69344,9.38471e+06,4.1306e+06,1.45646e+07,0,0,0,1.12052e+08
103.622,103.622,12.0971,0.01,0,2.99244,2.99244,0,0.629665,6.16896,4.51578e+06,2.70226e+06,1.35132e+07,0,0,0,0,62.3362,61.308,11.9909,0,1,1.35933,1.35933,0,1.19904,1.69344,9.38471e+06,3.61194e+06,1.27569e+07,0,0,0,1.12052e+08
103.622,103.622,13.1641,0.01,0,2.9929,2.9929,0,0.560783,6.16896,4.51578e+06,2.70226e+06,1.35153e+07,0,0,0,0,62.3362,61.308,15.1051,0,1,1.35954,1.35954,0,1.05022,1.69344,9.38471e+06,3.61194e+06,1.27589e+07,0,0,0,1.12052e+08
103.622,103.622,23.0481,0.01,0,2.99336,2.99336,0,0.560869,6.16896,4.51578e+06,2.70226e+06,1.35173e+07,0,0,0,0,62.3362,61.308,21.6537,0,1,1.35975,1.35975,0,1.05038,1.69344,9.38471e+06,3.61194e+06,1.27608e+07,0,0,0,1.12052e+08
103.622,103.622,13.6295,0.01,0,2.99381,2.99381,0,0.560955,6.16896,4.51578e+06,2.70226e+06,1.35194e+07,0,0,0,0,62.3362,61.308,10.3893,0,1,1.35995,1.35995,0,1.05054,1.69344,9.38471e+06,3.61194e+06,1.27628e+07,0,0,0,1.12052e+08
103.622,103.622,8.99142,0,0,2.99427,2.99427,0,0.561041,6.16896,4.51578e+06,2.70226e+06,1.35215e+07,0,0,0,0,62.3362,61.308,9.01575,0,1,1.36016,1.36016,0,1.0507,1.69344,9.38471e+06,3.61194e+06,1.27647e+07,0,0,0,1.12052e+08
103.622,103.622,6.98542,0,0,3.10415,3.10415,0,0.561127,6.16896,4.51578e+06,2.70226e+06,1.40177e+07,0,0,0,0,62.3362,61.308,8.07855,0,1,1.41509,1.41509,0,1.05086,1.69344,9.38471e+06,3.61194e+06,1.32802e+07,0,0,0,1.12052e+08
103.622,103.622,6.96597,0,0,3.10463,3.10463,0,0.581718,6.16896,4.51578e+06,2.70226e+06,1.40198e+07,0,0,0,0,62.3362,61.308,7.71689,0,1,1.4153,1.4153,0,1.09329,1.69344,9.38471e+06,3.61194e+06,1.32822e+07,0,0,0,1.12052e+08
103.622,103.622,8.97421,0,0,3.10511,3.10511,0,0.581808,6.16896,4.51578e+06,2.70226e+06,1.4022e+07,0,0,0,0,62.3362,61.308,9.44764,0,1,1.41552,1.41552,0,1.09346,1.69344,9.38471e+06,3.61194e+06,1.32842e+07,0,0,0,1.12052e+08
103.622,103.622,5.70842,0,0,3.10558,3.10558,0,0.581897,6.16896,4.51578e+06,2.70226e+06,1.40241e+07,0,0,0,0,62.3362,61.308,6.54669,0,1,1.41574,1.41574,0,1.09363,1.69344,9.38471e+06,3.61194e+06,1.32863e+07,0,0,0,1.12052e+08
103.622,103.622,5.92751,0,0,3.06325,3.06325,0,0.581986,6.16896,4.51578e+06,2.70226e+06,1.3833e+07,0,0,0,0,62.3362,61.308,6.61055,0,1,1.39469,1.39469,0,1.0938,1.69344,9.38471e+06,3.61194e+06,1.30888e+07,0,0,0,1.12052e+08
103.622,103.622,5.11526,0,0,3.06372,3.06372,0,0.574053,6.16896,4.51578e+06,2.70226e+06,1.38351e+07,0,0,0,0,62.3362,61.308,4.39309,0,1,1.3949,1.3949,0,1.07754,1.69344,9.38471e+06,3.61194e+06,1.30908e+07,0,0,0,1.12052e+08
103.622,103.622,4.30961,0,0,3.06419,3.06419,0,0.574141,6.16896,4.51578e+06,2.70226e+06,1.38372e+07,0,0,0,0,62.3362,61.308,4.22251,0,1,1.39512,1.39512,0,1.0777,1.69344,9.38471e+06,3.61194e+06,1.30928e+07,0,0,0,1.12052e+08
103.622,103.622,4.03884,0,0,3.06466,3.06466,0,0.574229,6.16896,4.51578e+06,2.70226e+06,1.38393e+07,0,0,0,0,62.3362,61.308,3.34224,0,1,1.39533,1.39533,0,1.07787,1.69344,9.38471e+06,3.61194e+06,1.30948e+07,0,0,0,1.12052e+08
103.622,103.622,3.82657,0,0,3.21053,3.21053,0,0.574317,6.16896,4.51578e+06,2.70226e+06,1.4498e+07,0,0,0,0,62.3362,61.308,3.17776,0,1,1.471,1.471,0,1.07803,1.69344,9.38471e+06,3.61194e+06,1.38049e+07,0,0,0,1.12052e+08
103.622,103.622,3.42674,0,0,3.21102,3.21102,0,0.601653,6.16896,4.51578e+06,2.70226e+06,1.45003e+07,0,0,0,0,62.3362,61.308,2.9086,0,1,1.47122,1.47122,0,1.13649,1.69344,9.38471e+06,3.61194e+06,1.3807e+07,0,0,0,1.12052e+08
103.622,103.622,3.28805,0,0,3.21151,3.21151,0,0.601745,6.16896,4.51578e+06,2.70226e+06,1.45025e+07,0,0,0,0,62.3362,61.308,2.95911,0,1,1.47145,1.47145,0,1.13667,1.69344,9.38471e+06,3.61194e+06,1.38091e+07,0,0,0,1.12052e+08
103.622,103.622,3.139,0,0,3.21201,3.21201,0,0.601838,6.16896,4.51578e+06,2.70226e+06,1.45047e+07,0,0,0,0,62.3362,61.308,2.88818,0,1,1.47167,1.47167,0,1.13684,1.69344,9.38471e+06,3.61194e+06,1.38112e+07,0,0,0,1.12052e+08
103.622,103.622,3.42242,0,0,3.2125,3.2125,0,0.60193,6.16896,4.51578e+06,2.70226e+06,1.45069e+07,0,0,0,0,62.3362,61.308,3.31462,0,1,1.4719,1.4719,0,1.13701,1.69344,9.38471e+06,3.61194e+06,1.38133e+07,0,0,0,1.12052e+08
103.622,103.622,3.48388,0,0,3.18422,3.18422,0,0.602022,6.16896,4.51578e+06,2.70226e+06,1.43792e+07,0,0,0,0,62.3362,61.308,3.57288,0,1,1.51363,1.51363,0,1.13719,1.69344,9.38471e+06,3.61194e+06,1.42049e+07,0,0,0,1.12052e+08
103.622,103.622,3.35099,0,0,3.1847,3.1847,0,0.596722,6.16896,4.51578e+06,2.70226e+06,1.43814e+07,0,0,0,0,62.3362,61.308,3.20685,0,1,1.51386,1.51386,0,1.16943,1.69344,9.38471e+06,3.61194e+06,1.42071e+07,0,0,0,1.12052e+08
103.622,103.622,3.21654,0,0,3.18519,3.18519,0,0.596813,6.16896,4.51578e+06,2.70226e+06,1.43836e+07,0,0,0,0,62.3362,61.308,3.04604,0,1,1.51409,1.51409,0,1.16961,1.69344,9.38471e+06,3.61194e+06,1.42093e+07,0,0,0,1.12052e+08
103.622,103.622,3.4074,0,0,3.18568,3.18568,0,0.596905,6.16896,4.51578e+06,2.70226e+06,1.43858e+07,0,0,0,0,62.3362,61.308,3.41985,0,1,1.51432,1.51432,0,1.16979,1.69344,9.38471e+06,3.61194e+06,1.42115e+07,0,0,0,1.12052e+08
103.472,103.622,2.89562,0.01,0,3.19746,3.26053,0,0.596996,6.16896,4.51578e+06,3.09029e+06,1.4439e+07,0,0,0,0,62.3362,61.308,2.94728,1,1,1.52155,1.55156,0,1.16997,1.69344,9.38471e+06,4.1306e+06,1.42793e+07,0,0,0,1.12052e+08
103.261,103.622,2.84489,0.01,0,3.19795,3.26103,0,0.599203,6.16896,4.51578e+06,3.09029e+06,1.44412e+07,0,0,0,0,62.3362,61.308,3.03836,1,1,1.52178,1.5518,0,1.17555,1.69344,9.38471e+06,4.1306e+06,1.42815e+07,0,0,0,1.12052e+08
102.892,103.622,2.64811,0.01,0,3.19844,3.26153,0,0.599295,6.16896,4.51578e+06,3.09029e+06,1.44434e+07,0,0,0,0,62.3362,61.308,2.8783,1,1,1.52202,1.55204,0,1.17573,1.69344,9.38471e+06,4.1306e+06,1.42837e+07,0,0,0,1.12052e+08
102.338,103.622,2.43986,0.01,0,3.19893,3.26203,0,0.599387,6.16896,4.51578e+06,3.09029e+06,1.44456e+07,0,0,0,0,62.3362,61.308,2.70404,1,1,1.52225,1.55228,0,1.17591,1.69344,9.38471e+06,4.1306e+06,1.42859e+07,0,0,0,1.12052e+08
101.981,103.622,2.81168,0.01,0,3.41309,3.48042,0,0.599479,6.16896,4.51578e+06,3.09029e+06,1.54128e+07,0,0,0,0,62.3362,61.308,2.90961,1,1,1.65356,1.68618,0,1.17609,1.69344,9.38471e+06,4.1306e+06,1.55182e+07,0,0,0,1.12052e+08
101.364,103.622,2.54137,0.02,0,3.41362,3.48095,0,0.639614,6.16896,4.51578e+06,3.09029e+06,1.54151e+07,0,0,0,0,62.3362,61.308,2.74306,1,1,1.65382,1.68644,0,1.27754,1.69344,9.38471e+06,4.1306e+06,1.55206e+07,0,0,0,1.12052e+08
100.618,103.622,2.39361,0.02,0,3.41414,3.48148,0,0.639712,6.16896,4.51578e+06,3.09029e+06,1.54175e+07,0,0,0,0,62.3362,61.308,3.29509,1,1,1.65407,1.6867,0,1.27774,1.69344,9.38471e+06,4.1306e+06,1.5523e+07,0,0,0,1.12052e+08
99.7964,103.622,2.29917,0.01,0,3.41466,3.48202,0,0.63981,6.16896,4.51578e+06,3.09029e+06,1.54199e+07,0,0,0,0,62.3362,61.308,3.23925,1,1,1.65432,1.68695,0,1.27793,1.69344,9.38471e+06,4.1306e+06,1.55253e+07,0,0,0,1.12052e+08
98.789,103.622,2.03703,0.02,0,3.41519,3.48255,0,0.639908,6.16896,4.51578e+06,3.09029e+06,1.54222e+07,0,0,0,0,62.2256,61.308,2.84462,1,1,1.65458,1.68721,0,1.27813,1.69344,9.38471e+06,4.1306e+06,1.55277e+07,0,0,0,1.12052e+08
97.3879,103.622,1.45673,0.02,0,3.31149,3.37681,0,0.640006,6.16896,4.51578e+06,3.09029e+06,1.4954e+07,0,0,0,0,61.9913,61.308,2.03071,1,1,1.57521,1.60628,0,1.27833,1.69344,9.38471e+06,4.1306e+06,1.47829e+07,0,0,0,1.12052e+08
96.0379,103.622,1.50901,0.02,0,3.312,3.37733,0,0.620574,6.16896,4.51578e+06,3.09029e+06,1.49563e+07,0,0,0,0,61.7498,61.308,1.96454,1,1,1.57545,1.60653,0,1.21701,1.69344,9.38471e+06,4.1306e+06,1.47851e+07,0,0,0,1.12052e+08
97.0932,103.622,4.35405,0.02,0,3.31251,3.37785,0,0.620669,6.16896,4.51578e+06,3.09029e+06,1.49586e+07,0,0,0,0,62.3362,61.308,3.4992,1,1,1.57569,1.60677,0,1.21719,1.69344,9.38471e+06,4.1306e+06,1.47874e+07,0,0,0,1.12052e+08
97.1215,103.622,3.17591,0.02,0,3.31301,3.37836,0,0.620764,6.16896,4.51578e+06,3.09029e+06,1.49608e+07,0,0,0,0,62.3362,61.308,3.10251,1,1,1.57593,1.60702,0,1.21738,1.69344,9.38471e+06,4.1306e+06,1.47897e+07,0,0,0,1.12052e+08
98.0213,103.622,4.10508,0.01,0,3.22793,3.2916,0,0.620859,6.16896,4.51578e+06,3.09029e+06,1.45766e+07,0,0,0,0,62.3362,61.308,3.25635,1,1,1.50365,1.53331,0,1.21757,1.69344,9.38471e+06,4.1306e+06,1.41114e+07,0,0,0,1.12052e+08
99.574,103.622,4.8798,0.01,0,3.22842,3.2921,0,0.604913,6.16896,4.51578e+06,3.09029e+06,1.45788e+07,0,0,0,0,62.3362,61.308,3.86527,1,1,1.50389,1.53355,0,1.16172,1.69344,9.38471e+06,4.1306e+06,1.41135e+07,0,0,0,1.12052e+08
101.797,103.622,5.67924,0.01,0,3.22891,3.29261,0,0.605006,6.16896,4.51578e+06,3.09029e+06,1.45811e+07,0,0,0,0,62.3362,61.308,5.09006,1,1,1.50412,1.53378,0,1.1619,1.69344,9.38471e+06,4.1306e+06,1.41157e+07,0,0,0,1.12052e+08
103.497,103.622,5.17559,0.01,0,3.22941,3.29311,0,0.605099,6.16896,4.51578e+06,3.09029e+06,1.45833e+07,0,0,0,0,62.3362,61.308,4.30017,1,1,1.50435,1.53402,0,1.16208,1.69344,9.38471e+06,4.1306e+06,1.41179e+07,0,0,0,1.12052e+08
103.622,103.622,6.77215,0.01,0,3.04557,3.04557,0,0.605191,6.16896,4.51578e+06,2.70226e+06,1.37531e+07,0,0,0,0,62.3362,61.308,3.92884,0,1,1.38014,1.38014,0,1.16226,1.69344,9.38471e+06,3.61194e+06,1.29523e+07,0,0,0,1.12052e+08
103.622,103.622,8.07572,0.01,0,3.04603,3.04603,0,0.570739,6.16896,4.51578e+06,2.70226e+06,1.37552e+07,0,0,0,0,62.3362,61.308,4.72222,0,1,1.38036,1.38036,0,1.0663,1.69344,9.38471e+06,3.61194e+06,1.29542e+07,0,0,0,1.12052e+08
103.622,103.622,9.35046,0.01,0,3.0465,3.0465,0,0.570827,6.16896,4.51578e+06,2.70226e+06,1.37573e+07,0,0,0,0,62.3362,61.308,5.02717,0,1,1.38057,1.38057,0,1.06646,1.69344,9.38471e+06,3.61194e+06,1.29562e+07,0,0,0,1.12052e+08
103.622,103.622,8.54146,0.01,0,3.04697,3.04697,0,0.570914,6.16896,4.51578e+06,2.70226e+06,1.37594e+07,0,0,0,0,62.3362,61.308,4.74168,0,1,1.38078,1.38078,0,1.06663,1.69344,9.38471e+06,3.61194e+06,1.29582e+07,0,0,0,1.12052e+08
103.622,103.622,7.4036,0.01,0,3.04744,3.04744,0,0.571002,6.16896,4.51578e+06,2.70226e+06,1.37615e+07,0,0,0,0,62.3362,61.308,4.40856,0,1,1.38099,1.38099,0,1.06679,1.69344,9.38471e+06,3.61194e+06,1.29602e+07,0,0,0,1.12052e+08
103.622,103.622,4.73039,0.01,0,3.14337,3.14337,0,0.571089,6.16896,4.51578e+06,2.70226e+06,1.41948e+07,0,0,0,0,62.3362,61.308,4.26016,0,1,1.42585,1.42585,0,1.06695,1.69344,9.38471e+06,3.61194e+06,1.33812e+07,0,0,0,1.12052e+08
103.622,103.622,5.01606,0.01,0,3.14382,3.14382,0,0.589067,6.16896,4.51578e+06,2.70226e+06,1.41968e+07,0,0,0,0,62.3362,61.308,4.61012,0,1,1.42606,1.42606,0,1.10162,1.69344,9.38471e+06,3.61194e+06,1.33832e+07,0,0,0,1.12052e+08
103.622,103.622,3.86441,0.01,0,3.14428,3.14428,0,0.589153,6.16896,4.51578e+06,2.70226e+06,1.41989e+07,0,0,0,0,62.3362,61.308,3.55355,0,1,1.42627,1.42627,0,1.10177,1.69344,9.38471e+06,3.61194e+06,1.33851e+07,0,0,0,1.12052e+08
103.622,103.622,3.49156,0.01,0,3.14473,3.14473,0,0.589238,6.16896,4.51578e+06,2.70226e+06,1.42009e+07,0,0,0,0,62.3362,61.308,3.2995,0,1,1.42647,1.42647,0,1.10193,1.69344,9.38471e+06,3.61194e+06,1.3387e+07,0,0,0,1.12052e+08
103.622,103.622,3.89509,0.01,0,3.38519,3.45196,0,0.589323,6.16896,4.51578e+06,3.09029e+06,1.52868e+07,0,0,0,0,62.3362,61.308,3.71602,1,1,1.56358,1.59443,0,1.10209,1.69344,9.38471e+06,4.1306e+06,1.46738e+07,0,0,0,1.12052e+08
103.528,103.622,3.14073,0.01,0,3.38567,3.45246,0,0.634384,6.16896,4.51578e+06,3.09029e+06,1.5289e+07,0,0,0,0,62.3362,61.308,2.72563,1,1,1.56381,1.59466,0,1.20802,1.69344,9.38471e+06,4.1306e+06,1.46759e+07,0,0,0,1.12052e+08
103.622,103.622,4.47147,0.01,0,3.38616,3.45296,0,0.634475,6.16896,4.51578e+06,3.09029e+06,1.52912e+07,0,0,0,0,62.3362,61.308,2.69234,1,1,1.56403,1.59489,0,1.2082,1.69344,9.38471e+06,4.1306e+06,1.4678e+07,0,0,0,1.12052e+08
103.622,103.622,5.30179,0.01,0,3.38665,3.45345,0,0.634567,6.16896,4.51578e+06,3.09029e+06,1.52934e+07,0,0,0,0,62.3362,61.308,4.06322,1,1,1.56426,1.59512,0,1.20837,1.69344,9.38471e+06,4.1306e+06,1.46801e+07,0,0,0,1.12052e+08
103.622,103.622,6.92066,0.01,0,3.01614,3.01614,0,0.634659,6.16896,4.51578e+06,2.70226e+06,1.36202e+07,0,0,0,0,62.3362,61.308,9.24763,0,1,1.3701,1.3701,0,1.20855,1.69344,9.38471e+06,3.61194e+06,1.2858e+07,0,0,0,1.12052e+08
103.622,103.622,5.84925,0.01,0,3.01658,3.01658,0,0.565225,6.16896,4.51578e+06,2.70226e+06,1.36222e+07,0,0,0,0,62.3362,61.308,8.84909,0,1,1.3703,1.3703,0,1.05854,1.69344,9.38471e+06,3.61194e+06,1.28598e+07,0,0,0,1.12052e+08
103.622,103.622,7.94766,0.01,0,3.01701,3.01701,0,0.565307,6.16896,4.51578e+06,2.70226e+06,1.36242e+07,0,0,0,0,62.3362,61.308,12.6603,0,1,1.37049,1.37049,0,1.05869,1.69344,9.38471e+06,3.61194e+06,1.28617e+07,0,0,0,1.12052e+08
103.622,103.622,9.99068,0.01,0,3.01745,3.01745,0,0.565388,6.16896,4.51578e+06,2.70226e+06,1.36261e+07,0,0,0,0,62.3362,61.308,14.3549,0,1,1.37069,1.37069,0,1.05884,1.69344,9.38471e+06,3.61194e+06,1.28635e+07,0,0,0,1.12052e+08
103.622,103.622,8.73034,0.01,0,3.01788,3.01788,0,0.56547,6.16896,4.51578e+06,2.70226e+06,1.36281e+07,0,0,0,0,62.3362,61.308,11.2685,0,1,1.37089,1.37089,0,1.059,1.69344,9.38471e+06,3.61194e+06,1.28654e+07,0,0,0,1.12052e+08
103.622,103.622,6.08148,0,0,3.1286,3.1286,0,0.565551,6.16896,4.51578e+06,2.70226e+06,1.41281e+07,0,0,0,0,62.3362,61.308,8.37428,0,1,1.42623,1.42623,0,1.05915,1.69344,9.38471e+06,3.61194e+06,1.33848e+07,0,0,0,1.12052e+08
103.622,103.622,4.70969,0,0,3.12905,3.12905,0,0.5863,6.16896,4.51578e+06,2.70226e+06,1.41301e+07,0,0,0,0,62.3362,61.308,6.78926,0,1,1.42644,1.42644,0,1.10191,1.69344,9.38471e+06,3.61194e+06,1.33867e+07,0,0,0,1.12052e+08
103.622,103.622,4.34852,0,0,3.12951,3.12951,0,0.586385,6.16896,4.51578e+06,2.70226e+06,1.41322e+07,0,0,0,0,62.3362,61.308,6.77027,0,1,1.42664,1.42664,0,1.10206,1.69344,9.38471e+06,3.61194e+06,1.33886e+07,0,0,0,1.12052e+08
103.622,103.622,4.51038,0,0,3.12996,3.12996,0,0.586469,6.16896,4.51578e+06,2.70226e+06,1.41342e+07,0,0,0,0,62.3362,61.308,6.99112,0,1,1.42685,1.42685,0,1.10222,1.69344,9.38471e+06,3.61194e+06,1.33906e+07,0,0,0,1.12052e+08
103.622,103.622,3.96459,0,0,3.08726,3.08726,0,0.586554,6.16896,4.51578e+06,2.70226e+06,1.39414e+07,0,0,0,0,62.3362,61.308,4.03846,0,1,1.40562,1.40562,0,1.10238,1.69344,9.38471e+06,3.61194e+06,1.31914e+07,0,0,0,1.12052e+08
103.622,103.622,3.90518,0,0,3.08771,3.08771,0,0.578553,6.16896,4.51578e+06,2.70226e+06,1.39434e+07,0,0,0,0,62.3362,61.308,4.00112,0,1,1.40583,1.40583,0,1.08599,1.69344,9.38471e+06,3.61194e+06,1.31933e+07,0,0,0,1.12052e+08
103.622,103.622,3.36381,0,0,3.08816,3.08816,0,0.578637,6.16896,4.51578e+06,2.70226e+06,1.39454e+07,0,0,0,0,62.3362,61.308,3.77652,0,1,1.40603,1.40603,0,1.08614,1.69344,9.38471e+06,3.61194e+06,1.31952e+07,0,0,0,1.12052e+08
103.622,103.622,3.26784,0,0,3.0886,3.0886,0,0.57872,6.16896,4.51578e+06,2.70226e+06,1.39474e+07,0,0,0,0,62.3362,61.308,3.93555,0,1,1.40623,1.40623,0,1.0863,1.69344,9.38471e+06,3.61194e+06,1.31971e+07,0,0,0,1.12052e+08
103.392,103.622,2.96079,0,0,3.23558,3.23558,0,0.578804,6.16896,4.51578e+06,2.70226e+06,1.46112e+07,0,0,0,0,62.3362,61.308,3.25611,0,1,1.48247,1.48247,0,1.08646,1.69344,9.38471e+06,3.61194e+06,1.39126e+07,0,0,0,1.12052e+08
102.996,103.622,2.75874,0,0,3.23605,3.23605,0,0.606348,6.16896,4.51578e+06,2.70226e+06,1.46133e+07,0,0,0,0,62.3362,61.308,3.13474,0,1,1.48269,1.48269,0,1.14536,1.69344,9.38471e+06,3.61194e+06,1.39146e+07,0,0,0,1.12052e+08
102.508,103.622,2.65363,0,0,3.23651,3.23651,0,0.606435,6.16896,4.51578e+06,2.70226e+06,1.46154e+07,0,0,0,0,62.3362,61.308,3.04655,0,1,1.4829,1.4829,0,1.14553,1.69344,9.38471e+06,3.61194e+06,1.39166e+07,0,0,0,1.12052e+08
101.879,103.622,2.4849,0,0,3.23698,3.23698,0,0.606523,6.16896,4.51578e+06,2.70226e+06,1.46175e+07,0,0,0,0,62.3362,61.308,2.83781,0,1,1.48312,1.48312,0,1.14569,1.69344,9.38471e+06,3.61194e+06,1.39186e+07,0,0,0,1.12052e+08
101.052,103.622,2.18365,0,0,3.23745,3.23745,0,0.60661,6.16896,4.51578e+06,2.70226e+06,1.46196e+07,0,0,0,0,62.3362,61.308,2.58645,0,1,1.48333,1.48333,0,1.14586,1.69344,9.38471e+06,3.61194e+06,1.39206e+07,0,0,0,1.12052e+08
100.021,103.622,1.84171,0,0,3.14684,3.20892,0,0.606698,6.16896,4.51578e+06,3.09029e+06,1.42105e+07,0,0,0,0,62.1677,61.308,2.01017,1,1,1.49586,1.52537,0,1.14602,1.69344,9.38471e+06,4.1306e+06,1.40382e+07,0,0,0,1.12052e+08
98.9294,103.622,1.7468,0,0,3.1473,3.20938,0,0.589718,6.16896,4.51578e+06,3.09029e+06,1.42125e+07,0,0,0,0,61.9536,61.308,1.94095,1,1,1.49608,1.52559,0,1.1557,1.69344,9.38471e+06,4.1306e+06,1.40402e+07,0,0,0,1.12052e+08
97.7636,103.622,1.64915,0,0,3.14775,3.20984,0,0.589804,6.16896,4.51578e+06,3.09029e+06,1.42146e+07,0,0,0,0,61.6551,61.308,1.8306,1,1,1.49629,1.52581,0,1.15587,1.69344,9.38471e+06,4.1306e+06,1.40423e+07,0,0,0,1.12052e+08
96.5098,103.622,1.53849,0.01,0,3.14821,3.2103,0,0.589889,6.16896,4.51578e+06,3.09029e+06,1.42166e+07,0,0,0,0,61.1974,61.308,1.71874,1,1,1.49651,1.52603,0,1.15604,1.69344,9.38471e+06,4.1306e+06,1.40443e+07,0,0,0,1.12052e+08
95.1087,103.622,1.39869,0.02,0,3.22214,3.2857,0,0.589974,6.16896,4.51578e+06,3.09029e+06,1.45505e+07,0,0,0,0,60.7491,61.308,1.56637,1,1,1.5333,1.56354,0,1.1562,1.69344,9.38471e+06,4.1306e+06,1.43896e+07,0,0,0,1.12052e+08
93.6588,103.622,1.32709,0.02,0,3.22261,3.28617,0,0.60383,6.16896,4.51578e+06,3.09029e+06,1.45526e+07,0,0,0,0,60.1832,61.308,1.63365,1,1,1.53352,1.56377,0,1.18463,1.69344,9.38471e+06,4.1306e+06,1.43916e+07,0,0,0,1.12052e+08
92.1493,103.622,1.23754,0.02,0,3.22307,3.28665,0,0.603917,6.16896,4.51578e+06,3.09029e+06,1.45547e+07,0,0,0,0,59.6672,61.308,1.49731,1,1,1.53374,1.56399,0,1.1848,1.69344,9.38471e+06,4.1306e+06,1.43937e+07,0,0,0,1.12052e+08
90.6436,103.622,1.22611,0.02,0,3.22354,3.28712,0,0.604004,6.16896,4.51578e+06,3.09029e+06,1.45568e+07,0,0,0,0,58.8931,61.308,1.60329,1,1,1.53396,1.56422,0,1.18497,1.69344,9.38471e+06,4.1306e+06,1.43958e+07,0,0,0,1.12052e+08
88.897,103.622,1.10481,0.02,0,3.43932,3.50716,0,0.604091,6.16896,4.51578e+06,3.09029e+06,1.55312e+07,0,0,0,0,57.7702,61.308,1.24491,1,1,1.66627,1.69914,0,1.18514,1.69344,9.38471e+06,4.1306e+06,1.56374e+07,0,0,0,1.12052e+08
87.0814,103.622,1.00559,0.02,0,3.43982,3.50767,0,0.644528,6.16896,4.51578e+06,3.09029e+06,1.55334e+07,0,0,0,0,56.4873,61.308,1.06046,1,1,1.66651,1.69938,0,1.28736,1.69344,9.38471e+06,4.1306e+06,1.56397e+07,0,0,0,1.12052e+08
85.1135,103.622,0.826346,0.02,0,3.44031,3.50817,0,0.644621,6.16896,4.51578e+06,3.09029e+06,1.55357e+07,0,0,0,0,55.4652,61.308,0.846317,1,1,1.66675,1.69963,0,1.28754,1.69344,9.38471e+06,4.1306e+06,1.5642e+07,0,0,0,1.12052e+08
83.3109,103.622,0.966831,0.02,0,3.44081,3.50868,0,0.644714,6.16896,4.51578e+06,3.09029e+06,1.55379e+07,0,0,0,0,54.3524,61.308,1.27791,1,1,1.66699,1.69987,0,1.28773,1.69344,9.38471e+06,4.1306e+06,1.56442e+07,0,0,0,1.12052e+08
81.335,103.622,0.765431,0.02,0,3.4413,3.50918,0,0.644807,6.16896,4.51578e+06,3.09029e+06,1.55402e+07,0,0,0,0,53.5508,61.308,1.00059,1,1,1.66723,1.70012,0,1.28792,1.69344,9.38471e+06,4.1306e+06,1.56465e+07,0,0,0,1.12052e+08
79.6285,103.622,0.981561,0.02,0,3.33679,3.40261,0,0.6449,6.16896,4.51578e+06,3.09029e+06,1.50682e+07,0,0,0,0,52.556,61.308,1.62325,1,1,1.58724,1.61855,0,1.2881,1.69344,9.38471e+06,4.1306e+06,1.48958e+07,0,0,0,1.12052e+08
77.4746,103.622,0.461119,0.02,0,3.33727,3.4031,0,0.625314,6.16896,4.51578e+06,3.09029e+06,1.50704e+07,0,0,0,0,51.3626,61.308,0.85894,1,1,1.58747,1.61878,0,1.2263,1.69344,9.38471e+06,4.1306e+06,1.48979e+07,0,0,0,1.12052e+08
75.4378,103.622,0.564277,0.02,0,3.33775,3.40359,0,0.625404,6.16896,4.51578e+06,3.09029e+06,1.50725e+07,0,0,0,0,50.9074,61.308,0.962527,1,1,1.5877,1.61902,0,1.22648,1.69344,9.38471e+06,4.1306e+06,1.49001e+07,0,0,0,1.12052e+08
74.2411,103.622,1.50463,0.02,0,3.33823,3.40408,0,0.625494,6.16896,4.51578e+06,3.09029e+06,1.50747e+07,0,0,0,0,50.7217,61.308,2.10969,1,1,1.58793,1.61925,0,1.22666,1.69344,9.38471e+06,4.1306e+06,1.49022e+07,0,0,0,1.12052e+08
74.5287,103.622,3.08387,0.02,0,3.25246,3.31662,0,0.625584,6.16896,4.51578e+06,3.09029e+06,1.46874e+07,0,0,0,0,51.2038,61.308,3.54103,1,1,1.51509,1.54497,0,1.22683,1.69344,9.38471e+06,4.1306e+06,1.42186e+07,0,0,0,1.12052e+08
73.3601,103.622,1.49409,0.02,0,3.25293,3.3171,0,0.609512,6.16896,4.51578e+06,3.09029e+06,1.46895e+07,0,0,0,0,51.3042,61.308,2.52256,1,1,1.5153,1.54519,0,1.17056,1.69344,9.38471e+06,4.1306e+06,1.42207e+07,0,0,0,1.12052e+08
72.4597,103.622,1.85793,0.02,0,3.2534,3.31758,0,0.6096,6.16896,4.51578e+06,3.09029e+06,1.46916e+07,0,0,0,0,51.5573,61.308,2.94915,1,1,1.51552,1.54542,0,1.17072,1.69344,9.38471e+06,4.1306e+06,1.42227e+07,0,0,0,1.12052e+08
72.2279,103.622,2.5867,0.02,0,3.25387,3.31805,0,0.609688,6.16896,4.51578e+06,3.09029e+06,1.46938e+07,0,0,0,0,52.1176,61.308,3.64187,1,1,1.51574,1.54564,0,1.17089,1.69344,9.38471e+06,4.1306e+06,1.42248e+07,0,0,0,1.12052e+08
73.5479,103.622,4.15099,0.02,0,3.06861,3.06861,0,0.609775,6.16896,4.51578e+06,2.70226e+06,1.38572e+07,0,0,0,0,53.1149,61.308,4.08526,0,1,1.39059,1.39059,0,1.17106,1.69344,9.38471e+06,3.61194e+06,1.30502e+07,0,0,0,1.12052e+08
74.0471,103.622,3.28282,0.02,0,3.06905,3.06905,0,0.575057,6.16896,4.51578e+06,2.70226e+06,1.38592e+07,0,0,0,0,53.5434,61.308,3.64569,0,1,1.39079,1.39079,0,1.07437,1.69344,9.38471e+06,3.61194e+06,1.30521e+07,0,0,0,1.12052e+08
74.6639,103.622,3.50994,0.03,0,3.06949,3.06949,0,0.57514,6.16896,4.51578e+06,2.70226e+06,1.38612e+07,0,0,0,0,53.9757,61.308,3.41051,0,1,1.39099,1.39099,0,1.07452,1.69344,9.38471e+06,3.61194e+06,1.3054e+07,0,0,0,1.12052e+08
74.1076,103.622,2.15676,0.03,0,3.06994,3.06994,0,0.575223,6.16896,4.51578e+06,2.70226e+06,1.38632e+07,0,0,0,0,54.2228,61.308,2.71976,0,1,1.39119,1.39119,0,1.07468,1.69344,9.38471e+06,3.61194e+06,1.30559e+07,0,0,0,1.12052e+08
74.6483,103.622,3.38411,0.03,0,3.07038,3.07038,0,0.575306,6.16896,4.51578e+06,2.70226e+06,1.38652e+07,0,0,0,0,54.6786,61.308,3.755,0,1,1.39139,1.39139,0,1.07483,1.69344,9.38471e+06,3.61194e+06,1.30578e+07,0,0,0,1.12052e+08
80.0158,103.622,9.00576,0.03,0,3.16701,3.16701,0,0.575389,6.16896,4.51578e+06,2.70226e+06,1.43015e+07,0,0,0,0,56.856,61.308,8.57778,0,1,1.43658,1.43658,0,1.07499,1.69344,9.38471e+06,3.61194e+06,1.34819e+07,0,0,0,1.12052e+08
85.0884,103.622,8.58152,0.02,0,3.16744,3.16744,0,0.593497,6.16896,4.51578e+06,2.70226e+06,1.43034e+07,0,0,0,0,57.9426,61.308,6.59559,0,1,1.43677,1.43677,0,1.1099,1.69344,9.38471e+06,3.61194e+06,1.34837e+07,0,0,0,1.12052e+08
88.4607,103.622,6.7557,0.02,0,3.16786,3.16786,0,0.593577,6.16896,4.51578e+06,2.70226e+06,1.43054e+07,0,0,0,0,58.6377,61.308,5.41631,0,1,1.43697,1.43697,0,1.11005,1.69344,9.38471e+06,3.61194e+06,1.34855e+07,0,0,0,1.12052e+08
91.4054,103.622,6.27924,0.02,0,3.16829,3.16829,0,0.593658,6.16896,4.51578e+06,2.70226e+06,1.43073e+07,0,0,0,0,59.4768,61.308,5.42552,0,1,1.43716,1.43716,0,1.1102,1.69344,9.38471e+06,3.61194e+06,1.34873e+07,0,0,0,1.12052e+08
95.1156,103.622,7.38015,0.01,0,3.41052,3.47779,0,0.593738,6.16896,4.51578e+06,3.09029e+06,1.54011e+07,0,0,0,0,60.5444,61.308,6.22483,1,1,1.57528,1.60636,0,1.11035,1.69344,9.38471e+06,4.1306e+06,1.47836e+07,0,0,0,1.12052e+08
96.2959,103.622,4.94805,0.01,0,3.41098,3.47826,0,0.639131,6.16896,4.51578e+06,3.09029e+06,1.54032e+07,0,0,0,0,62.3362,61.308,7.79128,1,1,1.5755,1.60657,0,1.21706,1.69344,9.38471e+06,4.1306e+06,1.47856e+07,0,0,0,1.12052e+08
98.6271,103.622,6.38602,0.01,0,3.41144,3.47873,0,0.639217,6.16896,4.51578e+06,3.09029e+06,1.54053e+07,0,0,0,0,62.3362,61.308,9.7403,1,1,1.57571,1.60679,0,1.21723,1.69344,9.38471e+06,4.1306e+06,1.47876e+07,0,0,0,1.12052e+08
100.417,103.622,5.76159,0,0,3.4119,3.4792,0,0.639304,6.16896,4.51578e+06,3.09029e+06,1.54074e+07,0,0,0,0,62.3362,61.308,10.3256,1,1,1.57592,1.60701,0,1.21739,1.69344,9.38471e+06,4.1306e+06,1.47896e+07,0,0,0,1.12052e+08
103.622,103.622,14.2696,0,0,3.0386,3.0386,0,0.63939,6.16896,4.51578e+06,2.70226e+06,1.37217e+07,0,0,0,0,62.3362,61.308,14.5471,0,1,1.3803,1.3803,0,1.21756,1.69344,9.38471e+06,3.61194e+06,1.29537e+07,0,0,0,1.12052e+08
103.622,103.622,10.5623,0,0,3.03901,3.03901,0,0.569434,6.16896,4.51578e+06,2.70226e+06,1.37235e+07,0,0,0,0,62.3362,61.308,10.1416,0,1,1.38049,1.38049,0,1.06642,1.69344,9.38471e+06,3.61194e+06,1.29555e+07,0,0,0,1.12052e+08
103.622,103.622,10.6048,0,0,3.03942,3.03942,0,0.569511,6.16896,4.51578e+06,2.70226e+06,1.37254e+07,0,0,0,0,62.3362,61.308,7.29881,0,1,1.38067,1.38067,0,1.06656,1.69344,9.38471e+06,3.61194e+06,1.29572e+07,0,0,0,1.12052e+08
103.622,103.622,7.27205,0.01,0,3.03983,3.03983,0,0.569588,6.16896,4.51578e+06,2.70226e+06,1.37272e+07,0,0,0,0,62.3362,61.308,5.11061,0,1,1.38086,1.38086,0,1.06671,1.69344,9.38471e+06,3.61194e+06,1.2959e+07,0,0,0,1.12052e+08
103.622,103.622,8.94145,0.01,0,3.04025,3.04025,0,0.569665,6.16896,4.51578e+06,2.70226e+06,1.37291e+07,0,0,0,0,62.3362,61.308,7.58698,0,1,1.38105,1.38105,0,1.06685,1.69344,9.38471e+06,3.61194e+06,1.29607e+07,0,0,0,1.12052e+08
103.622,103.622,10.5511,0,0,3.15176,3.15176,0,0.569742,6.16896,4.51578e+06,2.70226e+06,1.42326e+07,0,0,0,0,62.3362,61.308,10.0905,0,1,1.43678,1.43678,0,1.067,1.69344,9.38471e+06,3.61194e+06,1.34838e+07,0,0,0,1.12052e+08
103.622,103.622,8.39916,0,0,3.15218,3.15218,0,0.590639,6.16896,4.51578e+06,2.70226e+06,1.42346e+07,0,0,0,0,62.3362,61.308,8.97661,0,1,1.43698,1.43698,0,1.11006,1.69344,9.38471e+06,3.61194e+06,1.34856e+07,0,0,0,1.12052e+08
103.622,103.622,8.10184,0,0,3.15261,3.15261,0,0.590719,6.16896,4.51578e+06,2.70226e+06,1.42365e+07,0,0,0,0,62.3362,61.308,9.70048,0,1,1.43717,1.43717,0,1.11021,1.69344,9.38471e+06,3.61194e+06,1.34875e+07,0,0,0,1.12052e+08
103.622,103.622,7.59585,0,0,3.15303,3.15303,0,0.590799,6.16896,4.51578e+06,2.70226e+06,1.42384e+07,0,0,0,0,62.3362,61.308,9.05272,0,1,1.43737,1.43737,0,1.11036,1.69344,9.38471e+06,3.61194e+06,1.34893e+07,0,0,0,1.12052e+08
103.622,103.622,6.95243,0,0,3.11,3.11,0,0.590878,6.16896,4.51578e+06,2.70226e+06,1.40441e+07,0,0,0,0,62.3362,61.308,5.24115,0,1,1.41597,1.41597,0,1.11051,1.69344,9.38471e+06,3.61194e+06,1.32885e+07,0,0,0,1.12052e+08
103.622,103.622,5.21139,0,0,3.11042,3.11042,0,0.582813,6.16896,4.51578e+06,2.70226e+06,1.4046e+07,0,0,0,0,62.3362,61.308,5.83743,0,1,1.41617,1.41617,0,1.09398,1.69344,9.38471e+06,3.61194e+06,1.32903e+07,0,0,0,1.12052e+08
103.622,103.622,6.83846,0,0,3.11084,3.11084,0,0.582892,6.16896,4.51578e+06,2.70226e+06,1.40479e+07,0,0,0,0,62.3362,61.308,6.85828,0,1,1.41636,1.41636,0,1.09413,1.69344,9.38471e+06,3.61194e+06,1.32921e+07,0,0,0,1.12052e+08
103.622,103.622,5.36582,0,0,3.11126,3.11126,0,0.582971,6.16896,4.51578e+06,2.70226e+06,1.40498e+07,0,0,0,0,62.3362,61.308,6.50332,0,1,1.41655,1.41655,0,1.09428,1.69344,9.38471e+06,3.61194e+06,1.32939e+07,0,0,0,1.12052e+08
103.622,103.622,4.76678,0,0,3.25929,3.25929,0,0.58305,6.16896,4.51578e+06,2.70226e+06,1.47182e+07,0,0,0,0,62.3362,61.308,5.37135,0,1,1.49334,1.49334,0,1.09443,1.69344,9.38471e+06,3.61194e+06,1.40145e+07,0,0,0,1.12052e+08
103.622,103.622,4.44793,0,0,3.25973,3.25973,0,0.610791,6.16896,4.51578e+06,2.70226e+06,1.47202e+07,0,0,0,0,62.3362,61.308,4.4876,0,1,1.49354,1.49354,0,1.15375,1.69344,9.38471e+06,3.61194e+06,1.40164e+07,0,0,0,1.12052e+08
103.622,103.622,4.04861,0,0,3.26017,3.26017,0,0.610873,6.16896,4.51578e+06,2.70226e+06,1.47222e+07,0,0,0,0,62.3362,61.308,3.63225,0,1,1.49374,1.49374,0,1.15391,1.69344,9.38471e+06,3.61194e+06,1.40183e+07,0,0,0,1.12052e+08
103.622,103.622,3.60923,0,0,3.26061,3.26061,0,0.610956,6.16896,4.51578e+06,2.70226e+06,1.47242e+07,0,0,0,0,62.3362,61.308,3.19036,0,1,1.49394,1.49394,0,1.15406,1.69344,9.38471e+06,3.61194e+06,1.40202e+07,0,0,0,1.12052e+08
103.622,103.622,3.414,0,0,3.26105,3.26105,0,0.611038,6.16896,4.51578e+06,2.70226e+06,1.47262e+07,0,0,0,0,62.3362,61.308,3.35648,0,1,1.49414,1.49414,0,1.15422,1.69344,9.38471e+06,3.61194e+06,1.40221e+07,0,0,0,1.12052e+08
103.622,103.622,3.52923,0,0,3.16976,3.23228,0,0.611121,6.16896,4.51578e+06,3.09029e+06,1.43139e+07,0,0,0,0,62.3362,61.308,3.52155,1,1,1.50675,1.53647,0,1.15438,1.69344,9.38471e+06,4.1306e+06,1.41404e+07,0,0,0,1.12052e+08
103.622,103.622,3.36736,0,0,3.17018,3.23272,0,0.594012,6.16896,4.51578e+06,3.09029e+06,1.43159e+07,0,0,0,0,62.3362,61.308,3.4099,1,1,1.50696,1.53668,0,1.16412,1.69344,9.38471e+06,4.1306e+06,1.41423e+07,0,0,0,1.12052e+08
103.622,103.622,3.18831,0.01,0,3.17061,3.23315,0,0.594092,6.16896,4.51578e+06,3.09029e+06,1.43178e+07,0,0,0,0,62.3362,61.308,3.35005,1,1,1.50716,1.53689,0,1.16427,1.69344,9.38471e+06,4.1306e+06,1.41443e+07,0,0,0,1.12052e+08
103.475,103.622,2.98775,0.01,0,3.17104,3.23359,0,0.594173,6.16896,4.51578e+06,3.09029e+06,1.43197e+07,0,0,0,0,62.3362,61.308,3.35958,1,1,1.50736,1.5371,0,1.16443,1.69344,9.38471e+06,4.1306e+06,1.41462e+07,0,0,0,1.12052e+08
103.013,103.622,2.60836,0.01,0,3.24548,3.3095,0,0.594253,6.16896,4.51578e+06,3.09029e+06,1.46559e+07,0,0,0,0,62.3362,61.308,2.60848,1,1,1.5444,1.57487,0,1.16459,1.69344,9.38471e+06,4.1306e+06,1.44938e+07,0,0,0,1.12052e+08
102.451,103.622,2.49578,0.01,0,3.24592,3.30995,0,0.608204,6.16896,4.51578e+06,3.09029e+06,1.46579e+07,0,0,0,0,62.2449,61.308,2.52149,1,1,1.54461,1.57508,0,1.19321,1.69344,9.38471e+06,4.1306e+06,1.44958e+07,0,0,0,1.12052e+08
101.758,103.622,2.32129,0.01,0,3.24636,3.3104,0,0.608286,6.16896,4.51578e+06,3.09029e+06,1.46599e+07,0,0,0,0,62.0962,61.308,2.389,1,1,1.54482,1.57529,0,1.19337,1.69344,9.38471e+06,4.1306e+06,1.44977e+07,0,0,0,1.12052e+08
100.908,103.622,2.14137,0.01,0,3.2468,3.31084,0,0.608368,6.16896,4.51578e+06,3.09029e+06,1.46618e+07,0,0,0,0,61.9398,61.308,2.24366,1,1,1.54503,1.57551,0,1.19353,1.69344,9.38471e+06,4.1306e+06,1.44997e+07,0,0,0,1.12052e+08
99.8956,103.622,2.1419,0.02,0,3.46411,3.53244,0,0.60845,6.16896,4.51578e+06,3.09029e+06,1.56432e+07,0,0,0,0,61.6162,61.308,2.35861,1,1,1.67828,1.71138,0,1.19369,1.69344,9.38471e+06,4.1306e+06,1.57502e+07,0,0,0,1.12052e+08
98.4309,103.622,1.58252,0.02,0,3.46458,3.53292,0,0.649174,6.16896,4.51578e+06,3.09029e+06,1.56453e+07,0,0,0,0,60.8901,61.308,1.74473,1,1,1.6785,1.71161,0,1.29664,1.69344,9.38471e+06,4.1306e+06,1.57523e+07,0,0,0,1.12052e+08
96.7181,103.622,1.305,0.02,0,3.46504,3.53339,0,0.649262,6.16896,4.51578e+06,3.09029e+06,1.56474e+07,0,0,0,0,60.2997,61.308,1.39146,1,1,1.67873,1.71185,0,1.29681,1.69344,9.38471e+06,4.1306e+06,1.57544e+07,0,0,0,1.12052e+08
95.2234,103.622,1.53646,0.02,0,3.46551,3.53387,0,0.649349,6.16896,4.51578e+06,3.09029e+06,1.56495e+07,0,0,0,0,59.867,61.308,2.10213,1,1,1.67896,1.71208,0,1.29699,1.69344,9.38471e+06,4.1306e+06,1.57565e+07,0,0,0,1.12052e+08
93.5393,103.622,1.32898,0.02,0,3.46598,3.53435,0,0.649437,6.16896,4.51578e+06,3.09029e+06,1.56516e+07,0,0,0,0,59.1706,61.308,1.64417,1,1,1.67919,1.71231,0,1.29716,1.69344,9.38471e+06,4.1306e+06,1.57587e+07,0,0,0,1.12052e+08
91.9277,103.622,1.29946,0.02,0,3.36068,3.42697,0,0.649525,6.16896,4.51578e+06,3.09029e+06,1.51761e+07,0,0,0,0,58.7569,61.308,1.57108,1,1,1.59861,1.63014,0,1.29734,1.69344,9.38471e+06,4.1306e+06,1.50025e+07,0,0,0,1.12052e+08
90.2162,103.622,1.30907,0.02,0,3.36114,3.42744,0,0.629792,6.16896,4.51578e+06,3.09029e+06,1.51782e+07,0,0,0,0,58.5435,61.308,1.8578,1,1,1.59882,1.63036,0,1.23508,1.69344,9.38471e+06,4.1306e+06,1.50045e+07,0,0,0,1.12052e+08
88.6014,103.622,1.43303,0.02,0,3.36159,3.4279,0,0.629877,6.16896,4.51578e+06,3.09029e+06,1.51802e+07,0,0,0,0,58.4483,61.308,2.03102,1,1,1.59904,1.63058,0,1.23525,1.69344,9.38471e+06,4.1306e+06,1.50065e+07,0,0,0,1.12052e+08
87.0297,103.622,1.50768,0.02,0,3.36205,3.42836,0,0.629962,6.16896,4.51578e+06,3.09029e+06,1.51823e+07,0,0,0,0,58.37,61.308,2.13484,1,1,1.59926,1.6308,0,1.23542,1.69344,9.38471e+06,4.1306e+06,1.50086e+07,0,0,0,1.12052e+08
85.4391,103.622,1.38739,0.02,0,3.27564,3.34025,0,0.630047,6.16896,4.51578e+06,3.09029e+06,1.47921e+07,0,0,0,0,58.1893,61.308,2.24653,1,1,1.52588,1.55598,0,1.23559,1.69344,9.38471e+06,4.1306e+06,1.43199e+07,0,0,0,1.12052e+08
83.4923,103.622,0.885909,0.02,0,3.27608,3.3407,0,0.613855,6.16896,4.51578e+06,3.09029e+06,1.47941e+07,0,0,0,0,57.9141,61.308,1.56509,1,1,1.52609,1.55619,0,1.1789,1.69344,9.38471e+06,4.1306e+06,1.43219e+07,0,0,0,1.12052e+08
81.9597,103.622,1.46862,0.02,0,3.27652,3.34115,0,0.613937,6.16896,4.51578e+06,3.09029e+06,1.47961e+07,0,0,0,0,57.8664,61.308,2.24801,1,1,1.52629,1.5564,0,1.17905,1.69344,9.38471e+06,4.1306e+06,1.43238e+07,0,0,0,1.12052e+08
81.2606,103.622,2.48304,0.02,0,3.27697,3.3416,0,0.61402,6.16896,4.51578e+06,3.09029e+06,1.47981e+07,0,0,0,0,58.2898,61.308,2.97856,1,1,1.5265,1.55661,0,1.17921,1.69344,9.38471e+06,4.1306e+06,1.43258e+07,0,0,0,1.12052e+08
81.5048,103.622,3.20251,0.02,0,3.09036,3.09036,0,0.614103,6.16896,4.51578e+06,2.70226e+06,1.39554e+07,0,0,0,0,58.7366,61.308,3.2484,0,1,1.40044,1.40044,0,1.17937,1.69344,9.38471e+06,3.61194e+06,1.31427e+07,0,0,0,1.12052e+08
81.4624,103.622,2.91371,0.02,0,3.09078,3.09078,0,0.579134,6.16896,4.51578e+06,2.70226e+06,1.39573e+07,0,0,0,0,58.7975,61.308,2.39801,0,1,1.40063,1.40063,0,1.08198,1.69344,9.38471e+06,3.61194e+06,1.31445e+07,0,0,0,1.12052e+08
81.2529,103.622,2.7909,0.02,0,3.0912,3.0912,0,0.579212,6.16896,4.51578e+06,2.70226e+06,1.39592e+07,0,0,0,0,58.9065,61.308,2.76853,0,1,1.40082,1.40082,0,1.08213,1.69344,9.38471e+06,3.61194e+06,1.31463e+07,0,0,0,1.12052e+08
80.5414,103.622,2.11704,0.02,0,3.09161,3.09161,0,0.57929,6.16896,4.51578e+06,2.70226e+06,1.3961e+07,0,0,0,0,58.6344,61.308,1.71283,0,1,1.40101,1.40101,0,1.08227,1.69344,9.38471e+06,3.61194e+06,1.31481e+07,0,0,0,1.12052e+08
80.4243,103.622,2.76321,0.02,0,3.09203,3.09203,0,0.579368,6.16896,4.51578e+06,2.70226e+06,1.39629e+07,0,0,0,0,58.4679,61.308,1.90634,0,1,1.4012,1.4012,0,1.08242,1.69344,9.38471e+06,3.61194e+06,1.31498e+07,0,0,0,1.12052e+08
83.9592,103.622,6.9234,0.02,0,3.18931,3.18931,0,0.579447,6.16896,4.51578e+06,2.70226e+06,1.44022e+07,0,0,0,0,59.4455,61.308,5.04332,0,1,1.44669,1.44669,0,1.08257,1.69344,9.38471e+06,3.61194e+06,1.35768e+07,0,0,0,1.12052e+08
87.7105,103.622,7.22656,0.02,0,3.18971,3.18971,0,0.597677,6.16896,4.51578e+06,2.70226e+06,1.4404e+07,0,0,0,0,60.5064,61.308,4.77536,0,1,1.44688,1.44688,0,1.11772,1.69344,9.38471e+06,3.61194e+06,1.35785e+07,0,0,0,1.12052e+08
88.7381,103.622,4.26343,0.02,0,3.19012,3.19012,0,0.597752,6.16896,4.51578e+06,2.70226e+06,1.44059e+07,0,0,0,0,61.0662,61.308,3.52988,0,1,1.44706,1.44706,0,1.11786,1.69344,9.38471e+06,3.61194e+06,1.35802e+07,0,0,0,1.12052e+08
89.0456,103.622,3.54132,0.02,0,3.19052,3.19052,0,0.597828,6.16896,4.51578e+06,2.70226e+06,1.44077e+07,0,0,0,0,61.5459,61.308,3.40206,0,1,1.44724,1.44724,0,1.118,1.69344,9.38471e+06,3.61194e+06,1.35819e+07,0,0,0,1.12052e+08
90.9868,103.622,5.62468,0.02,0,3.43441,3.50216,0,0.597903,6.16896,4.51578e+06,3.09029e+06,1.5509e+07,0,0,0,0,62.3362,61.308,5.56018,1,1,1.58632,1.61761,0,1.11814,1.69344,9.38471e+06,4.1306e+06,1.48872e+07,0,0,0,1.12052e+08
92.8638,103.622,5.50496,0.01,0,3.43485,3.5026,0,0.643609,6.16896,4.51578e+06,3.09029e+06,1.5511e+07,0,0,0,0,62.3362,61.308,5.65811,1,1,1.58652,1.61781,0,1.22559,1.69344,9.38471e+06,4.1306e+06,1.4889e+07,0,0,0,1.12052e+08
94.0829,103.622,4.86716,0.02,0,3.43528,3.50304,0,0.64369,6.16896,4.51578e+06,3.09029e+06,1.5513e+07,0,0,0,0,62.3362,61.308,5.81322,1,1,1.58672,1.61802,0,1.22575,1.69344,9.38471e+06,4.1306e+06,1.48909e+07,0,0,0,1.12052e+08
95.8685,103.622,5.49582,0.01,0,3.43571,3.50348,0,0.643771,6.16896,4.51578e+06,3.09029e+06,1.55149e+07,0,0,0,0,62.3362,61.308,6.1817,1,1,1.58692,1.61822,0,1.2259,1.69344,9.38471e+06,4.1306e+06,1.48928e+07,0,0,0,1.12052e+08
99.2063,103.622,6.95408,0.01,0,3.05978,3.05978,0,0.643852,6.16896,4.51578e+06,2.70226e+06,1.38173e+07,0,0,0,0,62.3362,61.308,4.62567,0,1,1.38992,1.38992,0,1.22605,1.69344,9.38471e+06,3.61194e+06,1.3044e+07,0,0,0,1.12052e+08
103.622,103.622,8.52422,0,0,3.06017,3.06017,0,0.573403,6.16896,4.51578e+06,2.70226e+06,1.3819e+07,0,0,0,0,62.3362,61.308,5.66373,0,1,1.3901,1.3901,0,1.07385,1.69344,9.38471e+06,3.61194e+06,1.30456e+07,0,0,0,1.12052e+08
103.622,103.622,7.81124,0.01,0,3.06055,3.06055,0,0.573475,6.16896,4.51578e+06,2.70226e+06,1.38208e+07,0,0,0,0,62.3362,61.308,5.68456,0,1,1.39027,1.39027,0,1.07399,1.69344,9.38471e+06,3.61194e+06,1.30473e+07,0,0,0,1.12052e+08
103.622,103.622,8.59156,0.01,0,3.06094,3.06094,0,0.573547,6.16896,4.51578e+06,2.70226e+06,1.38225e+07,0,0,0,0,62.3362,61.308,7.46359,0,1,1.39045,1.39045,0,1.07412,1.69344,9.38471e+06,3.61194e+06,1.30489e+07,0,0,0,1.12052e+08
103.622,103.622,14.6907,0.01,0,3.06132,3.06132,0,0.57362,6.16896,4.51578e+06,2.70226e+06,1.38243e+07,0,0,0,0,62.3362,61.308,9.64456,0,1,1.39062,1.39062,0,1.07426,1.69344,9.38471e+06,3.61194e+06,1.30506e+07,0,0,0,1.12052e+08
103.622,103.622,9.12986,0.01,0,3.17358,3.17358,0,0.573692,6.16896,4.51578e+06,2.70226e+06,1.43312e+07,0,0,0,0,62.3362,61.308,5.56496,0,1,1.44673,1.44673,0,1.07439,1.69344,9.38471e+06,3.61194e+06,1.35772e+07,0,0,0,1.12052e+08
103.622,103.622,7.48037,0,0,3.17398,3.17398,0,0.594729,6.16896,4.51578e+06,2.70226e+06,1.4333e+07,0,0,0,0,62.3362,61.308,5.83013,0,1,1.44692,1.44692,0,1.11775,1.69344,9.38471e+06,3.61194e+06,1.35789e+07,0,0,0,1.12052e+08
103.622,103.622,5.74373,0,0,3.17438,3.17438,0,0.594804,6.16896,4.51578e+06,2.70226e+06,1.43348e+07,0,0,0,0,62.3362,61.308,6.10795,0,1,1.4471,1.4471,0,1.11789,1.69344,9.38471e+06,3.61194e+06,1.35806e+07,0,0,0,1.12052e+08
103.622,103.622,5.46949,0,0,3.17478,3.17478,0,0.594879,6.16896,4.51578e+06,2.70226e+06,1.43366e+07,0,0,0,0,62.3362,61.308,6.11953,0,1,1.44728,1.44728,0,1.11803,1.69344,9.38471e+06,3.61194e+06,1.35823e+07,0,0,0,1.12052e+08
103.622,103.622,5.23279,0,0,3.13142,3.13142,0,0.594954,6.16896,4.51578e+06,2.70226e+06,1.41408e+07,0,0,0,0,62.3362,61.308,4.45518,0,1,1.42573,1.42573,0,1.11817,1.69344,9.38471e+06,3.61194e+06,1.338e+07,0,0,0,1.12052e+08
103.622,103.622,4.41953,0,0,3.13181,3.13181,0,0.586828,6.16896,4.51578e+06,2.70226e+06,1.41426e+07,0,0,0,0,62.3362,61.308,3.49418,0,1,1.42591,1.42591,0,1.10152,1.69344,9.38471e+06,3.61194e+06,1.33817e+07,0,0,0,1.12052e+08
103.622,103.622,3.90698,0,0,3.13221,3.13221,0,0.586902,6.16896,4.51578e+06,2.70226e+06,1.41444e+07,0,0,0,0,62.3362,61.308,3.08921,0,1,1.42609,1.42609,0,1.10166,1.69344,9.38471e+06,3.61194e+06,1.33834e+07,0,0,0,1.12052e+08
103.622,103.622,3.53693,0,0,3.1326,3.1326,0,0.586976,6.16896,4.51578e+06,2.70226e+06,1.41461e+07,0,0,0,0,62.3362,61.308,2.79622,0,1,1.42627,1.42627,0,1.1018,1.69344,9.38471e+06,3.61194e+06,1.33851e+07,0,0,0,1.12052e+08
103.622,103.622,3.40499,0,0,3.28162,3.28162,0,0.58705,6.16896,4.51578e+06,2.70226e+06,1.48191e+07,0,0,0,0,62.3362,61.308,2.68446,0,1,1.50357,1.50357,0,1.10193,1.69344,9.38471e+06,3.61194e+06,1.41106e+07,0,0,0,1.12052e+08
103.622,103.622,3.23818,0,0,3.28203,3.28203,0,0.614975,6.16896,4.51578e+06,2.70226e+06,1.48209e+07,0,0,0,0,62.3362,61.308,2.59965,0,1,1.50376,1.50376,0,1.16166,1.69344,9.38471e+06,3.61194e+06,1.41123e+07,0,0,0,1.12052e+08
103.53,103.622,3.11652,0,0,3.28245,3.28245,0,0.615053,6.16896,4.51578e+06,2.70226e+06,1.48228e+07,0,0,0,0,62.3362,61.308,2.6305,0,1,1.50395,1.50395,0,1.1618,1.69344,9.38471e+06,3.61194e+06,1.41141e+07,0,0,0,1.12052e+08
103.317,103.622,2.97665,0,0,3.28286,3.28286,0,0.61513,6.16896,4.51578e+06,2.70226e+06,1.48247e+07,0,0,0,0,62.3362,61.308,2.55506,0,1,1.50414,1.50414,0,1.16195,1.69344,9.38471e+06,3.61194e+06,1.41159e+07,0,0,0,1.12052e+08
103.011,103.622,2.87997,0,0,3.28327,3.28327,0,0.615208,6.16896,4.51578e+06,2.70226e+06,1.48265e+07,0,0,0,0,62.3362,61.308,2.53635,0,1,1.50433,1.50433,0,1.1621,1.69344,9.38471e+06,3.61194e+06,1.41177e+07,0,0,0,1.12052e+08
103.099,103.622,3.28729,0,0,3.19133,3.25428,0,0.615286,6.16896,4.51578e+06,3.09029e+06,1.44113e+07,0,0,0,0,62.3362,61.308,3.40165,1,1,1.51701,1.54693,0,1.16224,1.69344,9.38471e+06,4.1306e+06,1.42367e+07,0,0,0,1.12052e+08
103.074,103.622,3.10372,0.01,0,3.19173,3.25469,0,0.598055,6.16896,4.51578e+06,3.09029e+06,1.44132e+07,0,0,0,0,62.3362,61.308,3.29441,1,1,1.5172,1.54713,0,1.17204,1.69344,9.38471e+06,4.1306e+06,1.42385e+07,0,0,0,1.12052e+08
102.861,103.622,2.87541,0.01,0,3.19213,3.2551,0,0.59813,6.16896,4.51578e+06,3.09029e+06,1.4415e+07,0,0,0,0,62.3362,61.308,3.33681,1,1,1.51739,1.54732,0,1.17219,1.69344,9.38471e+06,4.1306e+06,1.42403e+07,0,0,0,1.12052e+08
102.477,103.622,2.68469,0.01,0,3.19254,3.25551,0,0.598206,6.16896,4.51578e+06,3.09029e+06,1.44168e+07,0,0,0,0,62.3362,61.308,3.35961,1,1,1.51758,1.54752,0,1.17234,1.69344,9.38471e+06,4.1306e+06,1.42421e+07,0,0,0,1.12052e+08
101.994,103.622,2.59036,0.01,0,3.26746,3.33191,0,0.598281,6.16896,4.51578e+06,3.09029e+06,1.47551e+07,0,0,0,0,62.252,61.308,2.9742,1,1,1.55486,1.58553,0,1.17248,1.69344,9.38471e+06,4.1306e+06,1.45919e+07,0,0,0,1.12052e+08
101.393,103.622,2.45698,0.01,0,3.26787,3.33233,0,0.612321,6.16896,4.51578e+06,3.09029e+06,1.4757e+07,0,0,0,0,62.091,61.308,2.82865,1,1,1.55506,1.58573,0,1.20128,1.69344,9.38471e+06,4.1306e+06,1.45938e+07,0,0,0,1.12052e+08
100.555,103.622,2.19279,0.02,0,3.26828,3.33275,0,0.612398,6.16896,4.51578e+06,3.09029e+06,1.47588e+07,0,0,0,0,61.8906,61.308,2.56597,1,1,1.55525,1.58593,0,1.20144,1.69344,9.38471e+06,4.1306e+06,1.45956e+07,0,0,0,1.12052e+08
99.5563,103.622,2.00665,0.02,0,3.26869,3.33317,0,0.612476,6.16896,4.51578e+06,3.09029e+06,1.47607e+07,0,0,0,0,61.6789,61.308,2.50207,1,1,1.55545,1.58613,0,1.20159,1.69344,9.38471e+06,4.1306e+06,1.45974e+07,0,0,0,1.12052e+08
98.1474,103.622,1.70303,0.02,0,3.48743,3.55622,0,0.612553,6.16896,4.51578e+06,3.09029e+06,1.57485e+07,0,0,0,0,61.3364,61.308,2.57279,1,1,1.68958,1.72291,0,1.20174,1.69344,9.38471e+06,4.1306e+06,1.58562e+07,0,0,0,1.12052e+08
96.6835,103.622,1.58897,0.02,0,3.48787,3.55667,0,0.653545,6.16896,4.51578e+06,3.09029e+06,1.57505e+07,0,0,0,0,60.9653,61.308,2.72101,1,1,1.68979,1.72312,0,1.30537,1.69344,9.38471e+06,4.1306e+06,1.58582e+07,0,0,0,1.12052e+08
95.2643,103.622,1.61267,0.02,0,3.48831,3.55712,0,0.653627,6.16896,4.51578e+06,3.09029e+06,1.57525e+07,0,0,0,0,60.5697,61.308,2.6093,1,1,1.69,1.72334,0,1.30553,1.69344,9.38471e+06,4.1306e+06,1.58602e+07,0,0,0,1.12052e+08
94.5169,103.622,2.31629,0.02,0,3.48875,3.55757,0,0.65371,6.16896,4.51578e+06,3.09029e+06,1.57544e+07,0,0,0,0,60.2794,61.308,3.13178,1,1,1.69022,1.72356,0,1.3057,1.69344,9.38471e+06,4.1306e+06,1.58622e+07,0,0,0,1.12052e+08
94.6119,103.622,3.24652,0.02,0,3.48919,3.55802,0,0.653792,6.16896,4.51578e+06,3.09029e+06,1.57564e+07,0,0,0,0,60.1935,61.308,3.44407,1,1,1.69043,1.72378,0,1.30586,1.69344,9.38471e+06,4.1306e+06,1.58642e+07,0,0,0,1.12052e+08
93.7508,103.622,2.00627,0.02,0,3.38316,3.44989,0,0.653875,6.16896,4.51578e+06,3.09029e+06,1.52776e+07,0,0,0,0,59.8976,61.308,2.49724,1,1,1.6093,1.64104,0,1.30603,1.69344,9.38471e+06,4.1306e+06,1.51028e+07,0,0,0,1.12052e+08
93.1754,103.622,2.34409,0.02,0,3.38359,3.45033,0,0.634004,6.16896,4.51578e+06,3.09029e+06,1.52795e+07,0,0,0,0,59.7666,61.308,3.08371,1,1,1.6095,1.64125,0,1.24335,1.69344,9.38471e+06,4.1306e+06,1.51047e+07,0,0,0,1.12052e+08
92.5432,103.622,2.31056,0.02,0,3.38401,3.45076,0,0.634084,6.16896,4.51578e+06,3.09029e+06,1.52815e+07,0,0,0,0,59.6323,61.308,3.06653,1,1,1.60971,1.64146,0,1.2435,1.69344,9.38471e+06,4.1306e+06,1.51066e+07,0,0,0,1.12052e+08
92.1678,103.622,2.7674,0.02,0,3.38444,3.4512,0,0.634164,6.16896,4.51578e+06,3.09029e+06,1.52834e+07,0,0,0,0,59.8095,61.308,3.91338,1,1,1.60991,1.64166,0,1.24366,1.69344,9.38471e+06,4.1306e+06,1.51085e+07,0,0,0,1.12052e+08
91.9929,103.622,2.99709,0.02,0,3.29743,3.36247,0,0.634244,6.16896,4.51578e+06,3.09029e+06,1.48905e+07,0,0,0,0,59.9494,61.308,3.15515,1,1,1.53603,1.56633,0,1.24382,1.69344,9.38471e+06,4.1306e+06,1.44152e+07,0,0,0,1.12052e+08
92.4134,103.622,3.61018,0.02,0,3.29784,3.36289,0,0.617938,6.16896,4.51578e+06,3.09029e+06,1.48923e+07,0,0,0,0,60.2273,61.308,3.99223,1,1,1.53622,1.56653,0,1.18674,1.69344,9.38471e+06,4.1306e+06,1.4417e+07,0,0,0,1.12052e+08
92.6006,103.622,3.44889,0.02,0,3.29826,3.36332,0,0.618016,6.16896,4.51578e+06,3.09029e+06,1.48942e+07,0,0,0,0,60.7276,61.308,4.36175,1,1,1.53642,1.56672,0,1.18689,1.69344,9.38471e+06,4.1306e+06,1.44188e+07,0,0,0,1.12052e+08
92.8465,103.622,3.53932,0.02,0,3.29867,3.36374,0,0.618094,6.16896,4.51578e+06,3.09029e+06,1.48961e+07,0,0,0,0,60.988,61.308,3.2662,1,1,1.53661,1.56692,0,1.18704,1.69344,9.38471e+06,4.1306e+06,1.44207e+07,0,0,0,1.12052e+08
93.1891,103.622,3.4531,0.02,0,3.11081,3.11081,0,0.618172,6.16896,4.51578e+06,2.70226e+06,1.40477e+07,0,0,0,0,61.583,61.308,3.50389,0,1,1.40971,1.40971,0,1.18719,1.69344,9.38471e+06,3.61194e+06,1.32297e+07,0,0,0,1.12052e+08
94.2507,103.622,4.35601,0.02,0,3.1112,3.1112,0,0.582965,6.16896,4.51578e+06,2.70226e+06,1.40495e+07,0,0,0,0,62.3362,61.308,5.70396,0,1,1.40988,1.40988,0,1.08914,1.69344,9.38471e+06,3.61194e+06,1.32314e+07,0,0,0,1.12052e+08
94.105,103.622,3.11331,0.02,0,3.11159,3.11159,0,0.583038,6.16896,4.51578e+06,2.70226e+06,1.40513e+07,0,0,0,0,62.3362,61.308,6.19342,0,1,1.41006,1.41006,0,1.08928,1.69344,9.38471e+06,3.61194e+06,1.3233e+07,0,0,0,1.12052e+08
93.1187,103.622,2.09946,0.02,0,3.11198,3.11198,0,0.583112,6.16896,4.51578e+06,2.70226e+06,1.4053e+07,0,0,0,0,62.3362,61.308,3.09159,0,1,1.41024,1.41024,0,1.08941,1.69344,9.38471e+06,3.61194e+06,1.32347e+07,0,0,0,1.12052e+08
93.0542,103.622,3.2309,0.01,0,3.11237,3.11237,0,0.583185,6.16896,4.51578e+06,2.70226e+06,1.40548e+07,0,0,0,0,62.3362,61.308,4.70501,0,1,1.41042,1.41042,0,1.08955,1.69344,9.38471e+06,3.61194e+06,1.32364e+07,0,0,0,1.12052e+08
92.7637,103.622,2.9226,0.01,0,3.21027,3.21027,0,0.583259,6.16896,4.51578e+06,2.70226e+06,1.44969e+07,0,0,0,0,62.3362,61.308,2.49908,0,1,1.4562,1.4562,0,1.08969,1.69344,9.38471e+06,3.61194e+06,1.3666e+07,0,0,0,1.12052e+08
93.6071,103.622,4.1564,0.01,0,3.21064,3.21064,0,0.601604,6.16896,4.51578e+06,2.70226e+06,1.44986e+07,0,0,0,0,62.3362,61.308,2.88949,0,1,1.45637,1.45637,0,1.12506,1.69344,9.38471e+06,3.61194e+06,1.36676e+07,0,0,0,1.12052e+08
93.5304,103.622,3.08441,0.01,0,3.21102,3.21102,0,0.601675,6.16896,4.51578e+06,2.70226e+06,1.45003e+07,0,0,0,0,62.2908,61.308,3.34724,0,1,1.45654,1.45654,0,1.12519,1.69344,9.38471e+06,3.61194e+06,1.36692e+07,0,0,0,1.12052e+08
92.7038,103.622,2.24458,0.02,0,3.2114,3.2114,0,0.601745,6.16896,4.51578e+06,2.70226e+06,1.4502e+07,0,0,0,0,62.2202,61.308,2.48726,0,1,1.45671,1.45671,0,1.12532,1.69344,9.38471e+06,3.61194e+06,1.36708e+07,0,0,0,1.12052e+08
92.6304,103.622,3.44466,0.02,0,3.45686,3.52504,0,0.601816,6.16896,4.51578e+06,3.09029e+06,1.56104e+07,0,0,0,0,62.3362,61.308,2.42914,1,1,1.59669,1.62818,0,1.12546,1.69344,9.38471e+06,4.1306e+06,1.49844e+07,0,0,0,1.12052e+08
94.0141,103.622,5.13525,0.02,0,3.45726,3.52546,0,0.647815,6.16896,4.51578e+06,3.09029e+06,1.56122e+07,0,0,0,0,62.3362,61.308,4.44162,1,1,1.59687,1.62837,0,1.2336,1.69344,9.38471e+06,4.1306e+06,1.49862e+07,0,0,0,1.12052e+08
96.1416,103.622,5.98424,0.02,0,3.45767,3.52587,0,0.647891,6.16896,4.51578e+06,3.09029e+06,1.56141e+07,0,0,0,0,62.3362,61.308,4.47551,1,1,1.59706,1.62856,0,1.23375,1.69344,9.38471e+06,4.1306e+06,1.4988e+07,0,0,0,1.12052e+08
98.5374,103.622,6.34454,0.02,0,3.45808,3.52629,0,0.647967,6.16896,4.51578e+06,3.09029e+06,1.56159e+07,0,0,0,0,62.3362,61.308,4.76541,1,1,1.59725,1.62876,0,1.23389,1.69344,9.38471e+06,4.1306e+06,1.49897e+07,0,0,0,1.12052e+08
99.6001,103.622,4.55335,0,0,3.07967,3.07967,0,0.648043,6.16896,4.51578e+06,2.70226e+06,1.39071e+07,0,0,0,0,62.3362,61.308,3.72269,0,1,1.39895,1.39895,0,1.23404,1.69344,9.38471e+06,3.61194e+06,1.31288e+07,0,0,0,1.12052e+08
100.588,103.622,4.39806,0,0,3.08003,3.08003,0,0.57713,6.16896,4.51578e+06,2.70226e+06,1.39087e+07,0,0,0,0,62.3362,61.308,3.10563,0,1,1.39912,1.39912,0,1.08083,1.69344,9.38471e+06,3.61194e+06,1.31303e+07,0,0,0,1.12052e+08
102.705,103.622,5.8484,0.01,0,3.08039,3.08039,0,0.577198,6.16896,4.51578e+06,2.70226e+06,1.39104e+07,0,0,0,0,62.3362,61.308,4.49688,0,1,1.39928,1.39928,0,1.08096,1.69344,9.38471e+06,3.61194e+06,1.31319e+07,0,0,0,1.12052e+08
103.478,103.622,4.26647,0.01,0,3.08075,3.08075,0,0.577266,6.16896,4.51578e+06,2.70226e+06,1.3912e+07,0,0,0,0,62.3362,61.308,4.3147,0,1,1.39945,1.39945,0,1.08109,1.69344,9.38471e+06,3.61194e+06,1.31334e+07,0,0,0,1.12052e+08
103.622,103.622,8.80525,0.01,0,3.08112,3.08112,0,0.577333,6.16896,4.51578e+06,2.70226e+06,1.39136e+07,0,0,0,0,62.3362,61.308,7.19535,0,1,1.39961,1.39961,0,1.08121,1.69344,9.38471e+06,3.61194e+06,1.3135e+07,0,0,0,1.12052e+08
103.622,103.622,4.82424,0,0,3.19407,3.19407,0,0.577401,6.16896,4.51578e+06,2.70226e+06,1.44237e+07,0,0,0,0,62.3362,61.308,4.46038,0,1,1.45607,1.45607,0,1.08134,1.69344,9.38471e+06,3.61194e+06,1.36648e+07,0,0,0,1.12052e+08
103.622,103.622,4.91042,0,0,3.19444,3.19444,0,0.598568,6.16896,4.51578e+06,2.70226e+06,1.44254e+07,0,0,0,0,62.3362,61.308,4.9197,0,1,1.45625,1.45625,0,1.12496,1.69344,9.38471e+06,3.61194e+06,1.36664e+07,0,0,0,1.12052e+08
103.622,103.622,7.32653,0,0,3.19482,3.19482,0,0.598639,6.16896,4.51578e+06,2.70226e+06,1.44271e+07,0,0,0,0,62.3362,61.308,7.7368,0,1,1.45642,1.45642,0,1.1251,1.69344,9.38471e+06,3.61194e+06,1.3668e+07,0,0,0,1.12052e+08
103.622,103.622,5.60532,0,0,3.19519,3.19519,0,0.598709,6.16896,4.51578e+06,2.70226e+06,1.44288e+07,0,0,0,0,62.3362,61.308,5.9313,0,1,1.45659,1.45659,0,1.12523,1.69344,9.38471e+06,3.61194e+06,1.36697e+07,0,0,0,1.12052e+08
103.622,103.622,4.36712,0,0,3.15153,3.15153,0,0.598779,6.16896,4.51578e+06,2.70226e+06,1.42316e+07,0,0,0,0,62.3362,61.308,4.25595,0,1,1.43488,1.43488,0,1.12536,1.69344,9.38471e+06,3.61194e+06,1.3466e+07,0,0,0,1.12052e+08
103.622,103.622,3.7921,0,0,3.1519,3.1519,0,0.590596,6.16896,4.51578e+06,2.70226e+06,1.42333e+07,0,0,0,0,62.3362,61.308,4.36342,0,1,1.43505,1.43505,0,1.10859,1.69344,9.38471e+06,3.61194e+06,1.34675e+07,0,0,0,1.12052e+08
103.622,103.622,3.55877,0,0,3.15227,3.15227,0,0.590665,6.16896,4.51578e+06,2.70226e+06,1.42349e+07,0,0,0,0,62.3362,61.308,3.60653,0,1,1.43522,1.43522,0,1.10872,1.69344,9.38471e+06,3.61194e+06,1.34691e+07,0,0,0,1.12052e+08
103.622,103.622,4.20955,0,0,3.15264,3.15264,0,0.590735,6.16896,4.51578e+06,2.70226e+06,1.42366e+07,0,0,0,0,62.3362,61.308,3.72226,0,1,1.43539,1.43539,0,1.10885,1.69344,9.38471e+06,3.61194e+06,1.34707e+07,0,0,0,1.12052e+08
103.511,103.622,3.16168,0,0,3.30258,3.30258,0,0.590804,6.16896,4.51578e+06,2.70226e+06,1.49137e+07,0,0,0,0,62.3362,61.308,3.56416,0,1,1.51317,1.51317,0,1.10898,1.69344,9.38471e+06,3.61194e+06,1.42007e+07,0,0,0,1.12052e+08
103.41,103.622,3.16663,0,0,3.30296,3.30296,0,0.618903,6.16896,4.51578e+06,2.70226e+06,1.49155e+07,0,0,0,0,62.3362,61.308,4.19083,0,1,1.51335,1.51335,0,1.16908,1.69344,9.38471e+06,3.61194e+06,1.42023e+07,0,0,0,1.12052e+08
103.123,103.622,2.88354,0,0,3.30335,3.30335,0,0.618975,6.16896,4.51578e+06,2.70226e+06,1.49172e+07,0,0,0,0,62.3362,61.308,3.68201,0,1,1.51353,1.51353,0,1.16921,1.69344,9.38471e+06,3.61194e+06,1.4204e+07,0,0,0,1.12052e+08
102.637,103.622,2.64767,0,0,3.30374,3.30374,0,0.619048,6.16896,4.51578e+06,2.70226e+06,1.4919e+07,0,0,0,0,62.3362,61.308,3.09601,0,1,1.5137,1.5137,0,1.16935,1.69344,9.38471e+06,3.61194e+06,1.42057e+07,0,0,0,1.12052e+08
102.099,103.622,2.57177,0,0,3.30413,3.30413,0,0.619121,6.16896,4.51578e+06,2.70226e+06,1.49207e+07,0,0,0,0,62.2458,61.308,2.85813,0,1,1.51388,1.51388,0,1.16949,1.69344,9.38471e+06,3.61194e+06,1.42073e+07,0,0,0,1.12052e+08
101.081,103.622,1.91083,0,0,3.21157,3.27492,0,0.619194,6.16896,4.51578e+06,3.09029e+06,1.45027e+07,0,0,0,0,62.039,61.308,1.8505,1,1,1.52663,1.55674,0,1.16962,1.69344,9.38471e+06,4.1306e+06,1.4327e+07,0,0,0,1.12052e+08
100.004,103.622,1.8264,0,0,3.21195,3.2753,0,0.601848,6.16896,4.51578e+06,3.09029e+06,1.45044e+07,0,0,0,0,61.7261,61.308,1.84656,1,1,1.52681,1.55692,0,1.17947,1.69344,9.38471e+06,4.1306e+06,1.43287e+07,0,0,0,1.12052e+08
98.7604,103.622,1.61563,0.01,0,3.21232,3.27569,0,0.601919,6.16896,4.51578e+06,3.09029e+06,1.45061e+07,0,0,0,0,61.4292,61.308,1.68817,1,1,1.52699,1.55711,0,1.17961,1.69344,9.38471e+06,4.1306e+06,1.43303e+07,0,0,0,1.12052e+08
97.4815,103.622,1.55967,0.01,0,3.2127,3.27607,0,0.60199,6.16896,4.51578e+06,3.09029e+06,1.45079e+07,0,0,0,0,60.9164,61.308,1.77067,1,1,1.52717,1.55729,0,1.17975,1.69344,9.38471e+06,4.1306e+06,1.4332e+07,0,0,0,1.12052e+08
95.9629,103.622,1.32748,0.01,0,3.28807,3.35292,0,0.60206,6.16896,4.51578e+06,3.09029e+06,1.48482e+07,0,0,0,0,60.2851,61.308,1.39621,1,1,1.56467,1.59553,0,1.17989,1.69344,9.38471e+06,4.1306e+06,1.4684e+07,0,0,0,1.12052e+08
94.5329,103.622,1.42076,0.02,0,3.28845,3.35332,0,0.616183,6.16896,4.51578e+06,3.09029e+06,1.48499e+07,0,0,0,0,59.6639,61.308,1.47467,1,1,1.56485,1.59572,0,1.20886,1.69344,9.38471e+06,4.1306e+06,1.46857e+07,0,0,0,1.12052e+08
93.0095,103.622,1.28559,0.02,0,3.28884,3.35371,0,0.616256,6.16896,4.51578e+06,3.09029e+06,1.48517e+07,0,0,0,0,58.8377,61.308,1.44421,1,1,1.56503,1.59591,0,1.209,1.69344,9.38471e+06,4.1306e+06,1.46874e+07,0,0,0,1.12052e+08
91.4033,103.622,1.1692,0.02,0,3.28922,3.3541,0,0.616328,6.16896,4.51578e+06,3.09029e+06,1.48534e+07,0,0,0,0,58.237,61.308,1.24187,1,1,1.56522,1.59609,0,1.20915,1.69344,9.38471e+06,4.1306e+06,1.46891e+07,0,0,0,1.12052e+08
89.7291,103.622,1.24684,0.02,0,3.50931,3.57853,0,0.6164,6.16896,4.51578e+06,3.09029e+06,1.58473e+07,0,0,0,0,57.3057,61.308,1.51997,1,1,1.69344,1.73371,0.00673664,1.20929,1.69344,9.38471e+06,4.1306e+06,1.58924e+07,0,0,0,1.12052e+08
87.7848,103.622,0.938834,0.02,0,3.50972,3.57895,0,0.657644,6.16896,4.51578e+06,3.09029e+06,1.58491e+07,0,0,0,0,56.35,61.308,1.21524,1,1,1.69344,1.73392,0.00693631,1.30835,1.69344,9.38471e+06,4.1306e+06,1.58924e+07,0,0,0,1.12052e+08
85.936,103.622,1.00941,0.02,0,3.51013,3.57937,0,0.657722,6.16896,4.51578e+06,3.09029e+06,1.5851e+07,0,0,0,0,55.6219,61.308,1.22521,1,1,1.69344,1.73412,0.00713586,1.30835,1.69344,9.38471e+06,4.1306e+06,1.58924e+07,0,0,0,1.12052e+08
84.5629,103.622,1.51205,0.02,0,3.51054,3.57979,0,0.657799,6.16896,4.51578e+06,3.09029e+06,1.58528e+07,0,0,0,0,54.9652,61.308,1.46957,1,1,1.69344,1.73432,0.00733542,1.30835,1.69344,9.38471e+06,4.1306e+06,1.58924e+07,0,0,0,1.12052e+08
83.6714,103.622,2.00859,0.02,0,3.51096,3.58021,0,0.657876,6.16896,4.51578e+06,3.09029e+06,1.58547e+07,0,0,0,0,53.6841,61.308,1.57152,1,1,1.69344,1.73453,0.00753509,1.30835,1.69344,9.38471e+06,4.1306e+06,1.58924e+07,0,0,0,1.12052e+08
81.8257,103.622,0.900059,0.02,0,3.40423,3.47138,0,0.657953,6.16896,4.51578e+06,3.09029e+06,1.53728e+07,0,0,0,0,52.4553,61.308,0.62688,1,1,1.61932,1.65127,0,1.30835,1.69344,9.38471e+06,4.1306e+06,1.51969e+07,0,0,0,1.12052e+08
80.0992,103.622,1.02129,0.02,0,3.40463,3.47179,0,0.637953,6.16896,4.51578e+06,3.09029e+06,1.53746e+07,0,0,0,0,51.2312,61.308,0.838788,1,1,1.61951,1.65146,0,1.25109,1.69344,9.38471e+06,4.1306e+06,1.51987e+07,0,0,0,1.12052e+08
78.371,103.622,0.97543,0.02,0,3.40503,3.4722,0,0.638028,6.16896,4.51578e+06,3.09029e+06,1.53764e+07,0,0,0,0,50.139,61.308,0.80821,1,1,1.6197,1.65165,0,1.25124,1.69344,9.38471e+06,4.1306e+06,1.52005e+07,0,0,0,1.12052e+08
76.6608,103.622,0.968965,0.02,0,3.40543,3.4726,0,0.638103,6.16896,4.51578e+06,3.09029e+06,1.53782e+07,0,0,0,0,49.3181,61.308,0.965303,1,1,1.61989,1.65185,0,1.25138,1.69344,9.38471e+06,4.1306e+06,1.52022e+07,0,0,0,1.12052e+08
75.1582,103.622,1.23813,0.02,0,3.31785,3.3833,0,0.638178,6.16896,4.51578e+06,3.09029e+06,1.49827e+07,0,0,0,0,48.6542,61.308,1.27611,1,1,1.54554,1.57603,0,1.25153,1.69344,9.38471e+06,4.1306e+06,1.45045e+07,0,0,0,1.12052e+08
73.7273,103.622,1.28135,0.02,0,3.31824,3.38369,0,0.621765,6.16896,4.51578e+06,3.09029e+06,1.49844e+07,0,0,0,0,48.1834,61.308,1.3745,1,1,1.54573,1.57622,0,1.19409,1.69344,9.38471e+06,4.1306e+06,1.45062e+07,0,0,0,1.12052e+08
72.9311,103.622,1.95343,0.02,0,3.31863,3.38409,0,0.621838,6.16896,4.51578e+06,3.09029e+06,1.49862e+07,0,0,0,0,47.7616,61.308,1.68046,1,1,1.54591,1.5764,0,1.19423,1.69344,9.38471e+06,4.1306e+06,1.45079e+07,0,0,0,1.12052e+08
74.5492,103.622,4.60319,0.02,0,3.31902,3.38449,0,0.621911,6.16896,4.51578e+06,3.09029e+06,1.4988e+07,0,0,0,0,47.7983,61.308,4.3276,1,1,1.54609,1.57659,0,1.19437,1.69344,9.38471e+06,4.1306e+06,1.45096e+07,0,0,0,1.12052e+08
75.2116,103.622,3.40508,0.02,0,3.12996,3.12996,0,0.621984,6.16896,4.51578e+06,2.70226e+06,1.41342e+07,0,0,0,0,47.766,61.308,3.06107,0,1,1.41839,1.41839,0,1.19451,1.69344,9.38471e+06,3.61194e+06,1.33112e+07,0,0,0,1.12052e+08
77.7346,103.622,5.525,0.02,0,3.13033,3.13033,0,0.586555,6.16896,4.51578e+06,2.70226e+06,1.41359e+07,0,0,0,0,47.9946,61.308,3.80799,0,1,1.41856,1.41856,0,1.09585,1.69344,9.38471e+06,3.61194e+06,1.33127e+07,0,0,0,1.12052e+08
80.7174,103.622,6.49015,0.02,0,3.1307,3.1307,0,0.586624,6.16896,4.51578e+06,2.70226e+06,1.41375e+07,0,0,0,0,48.4735,61.308,4.57967,0,1,1.41872,1.41872,0,1.09598,1.69344,9.38471e+06,3.61194e+06,1.33143e+07,0,0,0,1.12052e+08
83.462,103.622,6.03664,0.02,0,3.13107,3.13107,0,0.586693,6.16896,4.51578e+06,2.70226e+06,1.41392e+07,0,0,0,0,48.7873,61.308,3.8779,0,1,1.41889,1.41889,0,1.0961,1.69344,9.38471e+06,3.61194e+06,1.33159e+07,0,0,0,1.12052e+08
85.5929,103.622,5.60797,0.02,0,3.13143,3.13143,0,0.586762,6.16896,4.51578e+06,2.70226e+06,1.41409e+07,0,0,0,0,49.1379,61.308,4.07608,0,1,1.41905,1.41905,0,1.09623,1.69344,9.38471e+06,3.61194e+06,1.33174e+07,0,0,0,1.12052e+08
88.098,103.622,5.72631,0.02,0,3.2299,3.2299,0,0.586831,6.16896,4.51578e+06,2.70226e+06,1.45855e+07,0,0,0,0,49.1791,61.308,3.22411,0,1,1.4651,1.4651,0,1.09636,1.69344,9.38471e+06,3.61194e+06,1.37496e+07,0,0,0,1.12052e+08
89.5205,103.622,4.74547,0.02,0,3.23025,3.23025,0,0.605283,6.16896,4.51578e+06,2.70226e+06,1.45871e+07,0,0,0,0,49.1571,61.308,2.73753,0,1,1.46526,1.46526,0,1.13194,1.69344,9.38471e+06,3.61194e+06,1.37511e+07,0,0,0,1.12052e+08
90.6486,103.622,4.4971,0.02,0,3.2306,3.2306,0,0.605349,6.16896,4.51578e+06,2.70226e+06,1.45887e+07,0,0,0,0,49.4192,61.308,3.86128,0,1,1.46542,1.46542,0,1.13206,1.69344,9.38471e+06,3.61194e+06,1.37526e+07,0,0,0,1.12052e+08
93.4427,103.622,6.34831,0.01,0,3.23095,3.23095,0,0.605415,6.16896,4.51578e+06,2.70226e+06,1.45903e+07,0,0,0,0,50.0543,61.308,4.56121,0,1,1.46558,1.46558,0,1.13219,1.69344,9.38471e+06,3.61194e+06,1.37541e+07,0,0,0,1.12052e+08
96.7592,103.622,7.29391,0.02,0,3.47788,3.54648,0,0.605481,6.16896,4.51578e+06,3.09029e+06,1.57053e+07,0,0,0,0,51.0155,61.308,7.18198,1,1,1.6064,1.63808,0,1.13231,1.69344,9.38471e+06,4.1306e+06,1.50756e+07,0,0,0,1.12052e+08
99.061,103.622,5.92209,0.01,0,3.47826,3.54687,0,0.651754,6.16896,4.51578e+06,3.09029e+06,1.5707e+07,0,0,0,0,51.5444,61.308,4.09622,1,1,1.60657,1.63826,0,1.2411,1.69344,9.38471e+06,4.1306e+06,1.50772e+07,0,0,0,1.12052e+08
103.622,103.622,8.71891,0.01,0,3.47864,3.54725,0,0.651825,6.16896,4.51578e+06,3.09029e+06,1.57088e+07,0,0,0,0,52.5285,61.308,5.75809,1,1,1.60675,1.63844,0,1.24124,1.69344,9.38471e+06,4.1306e+06,1.50789e+07,0,0,0,1.12052e+08
103.622,103.622,6.18528,0.01,0,3.47902,3.54764,0,0.651897,6.16896,4.51578e+06,3.09029e+06,1.57105e+07,0,0,0,0,53.1355,61.308,4.50829,1,1,1.60692,1.63862,0,1.24137,1.69344,9.38471e+06,4.1306e+06,1.50805e+07,0,0,0,1.12052e+08
103.622,103.622,6.65427,0,0,3.09829,3.09829,0,0.651968,6.16896,4.51578e+06,2.70226e+06,1.39912e+07,0,0,0,0,54.2114,61.308,4.96428,0,1,1.40741,1.40741,0,1.24151,1.69344,9.38471e+06,3.61194e+06,1.32082e+07,0,0,0,1.12052e+08
103.622,103.622,6.53035,0,0,3.09863,3.09863,0,0.58062,6.16896,4.51578e+06,2.70226e+06,1.39927e+07,0,0,0,0,55.4166,61.308,4.82958,0,1,1.40757,1.40757,0,1.08737,1.69344,9.38471e+06,3.61194e+06,1.32096e+07,0,0,0,1.12052e+08
103.622,103.622,8.4178,0.01,0,3.09897,3.09897,0,0.580683,6.16896,4.51578e+06,2.70226e+06,1.39943e+07,0,0,0,0,57.5389,61.308,6.84809,0,1,1.40772,1.40772,0,1.08749,1.69344,9.38471e+06,3.61194e+06,1.32111e+07,0,0,0,1.12052e+08
103.622,103.622,6.23201,0.01,0,3.09931,3.09931,0,0.580746,6.16896,4.51578e+06,2.70226e+06,1.39958e+07,0,0,0,0,58.6476,61.308,4.63978,0,1,1.40787,1.40787,0,1.08761,1.69344,9.38471e+06,3.61194e+06,1.32125e+07,0,0,0,1.12052e+08
103.622,103.622,6.17125,0.01,0,3.09964,3.09964,0,0.58081,6.16896,4.51578e+06,2.70226e+06,1.39973e+07,0,0,0,0,59.6325,61.308,4.34818,0,1,1.40803,1.40803,0,1.08772,1.69344,9.38471e+06,3.61194e+06,1.32139e+07,0,0,0,1.12052e+08
103.622,103.622,4.30656,0.01,0,3.21325,3.21325,0,0.580873,6.16896,4.51578e+06,2.70226e+06,1.45103e+07,0,0,0,0,60.8547,61.308,4.09755,0,1,1.46482,1.46482,0,1.08784,1.69344,9.38471e+06,3.61194e+06,1.37469e+07,0,0,0,1.12052e+08
103.622,103.622,4.32572,0,0,3.2136,3.2136,0,0.602163,6.16896,4.51578e+06,2.70226e+06,1.45119e+07,0,0,0,0,62.2719,61.308,4.53609,0,1,1.46498,1.46498,0,1.13172,1.69344,9.38471e+06,3.61194e+06,1.37484e+07,0,0,0,1.12052e+08
103.622,103.622,4.46748,0,0,3.21395,3.21395,0,0.602228,6.16896,4.51578e+06,2.70226e+06,1.45135e+07,0,0,0,0,62.3362,61.308,4.47415,0,1,1.46514,1.46514,0,1.13184,1.69344,9.38471e+06,3.61194e+06,1.37499e+07,0,0,0,1.12052e+08
103.622,103.622,3.90823,0,0,3.2143,3.2143,0,0.602294,6.16896,4.51578e+06,2.70226e+06,1.45151e+07,0,0,0,0,62.3362,61.308,4.0785,0,1,1.4653,1.4653,0,1.13196,1.69344,9.38471e+06,3.61194e+06,1.37514e+07,0,0,0,1.12052e+08
103.622,103.622,3.51436,0,0,3.17034,3.17034,0,0.602359,6.16896,4.51578e+06,2.70226e+06,1.43166e+07,0,0,0,0,62.3362,61.308,3.7888,0,1,1.44345,1.44345,0,1.13209,1.69344,9.38471e+06,3.61194e+06,1.35464e+07,0,0,0,1.12052e+08
103.609,103.622,3.16142,0,0,3.17069,3.17069,0,0.594122,6.16896,4.51578e+06,2.70226e+06,1.43181e+07,0,0,0,0,62.3362,61.308,3.79005,0,1,1.44361,1.44361,0,1.11521,1.69344,9.38471e+06,3.61194e+06,1.35478e+07,0,0,0,1.12052e+08
103.459,103.622,2.97476,0,0,3.17103,3.17103,0,0.594187,6.16896,4.51578e+06,2.70226e+06,1.43197e+07,0,0,0,0,62.3362,61.308,3.42973,0,1,1.44376,1.44376,0,1.11533,1.69344,9.38471e+06,3.61194e+06,1.35493e+07,0,0,0,1.12052e+08
103.1,103.622,2.76216,0,0,3.17138,3.17138,0,0.594252,6.16896,4.51578e+06,2.70226e+06,1.43212e+07,0,0,0,0,62.3362,61.308,3.29349,0,1,1.44392,1.44392,0,1.11545,1.69344,9.38471e+06,3.61194e+06,1.35508e+07,0,0,0,1.12052e+08
102.413,103.622,2.54212,0,0,3.32218,3.32218,0,0.594316,6.16896,4.51578e+06,2.70226e+06,1.50022e+07,0,0,0,0,62.3362,61.308,3.67386,0,1,1.52215,1.52215,0,1.11557,1.69344,9.38471e+06,3.61194e+06,1.4285e+07,0,0,0,1.12052e+08
101.733,103.622,2.42846,0,0,3.32254,3.32254,0,0.622577,6.16896,4.51578e+06,2.70226e+06,1.50039e+07,0,0,0,0,62.3362,61.308,3.17545,0,1,1.52232,1.52232,0,1.17602,1.69344,9.38471e+06,3.61194e+06,1.42865e+07,0,0,0,1.12052e+08
100.852,103.622,2.19612,0,0,3.32291,3.32291,0,0.622645,6.16896,4.51578e+06,2.70226e+06,1.50055e+07,0,0,0,0,62.3362,61.308,2.93574,0,1,1.52249,1.52249,0,1.17614,1.69344,9.38471e+06,3.61194e+06,1.42881e+07,0,0,0,1.12052e+08
99.9234,103.622,2.11541,0,0,3.32327,3.32327,0,0.622712,6.16896,4.51578e+06,2.70226e+06,1.50071e+07,0,0,0,0,62.3362,61.308,2.63865,0,1,1.52265,1.52265,0,1.17627,1.69344,9.38471e+06,3.61194e+06,1.42896e+07,0,0,0,1.12052e+08
98.8315,103.622,1.89372,0,0,3.32363,3.32363,0,0.62278,6.16896,4.51578e+06,2.70226e+06,1.50088e+07,0,0,0,0,62.3362,61.308,2.51881,0,1,1.52282,1.52282,0,1.1764,1.69344,9.38471e+06,3.61194e+06,1.42912e+07,0,0,0,1.12052e+08
98.9121,103.622,3.07075,0,0,3.2305,3.29422,0,0.622848,6.16896,4.51578e+06,3.09029e+06,1.45882e+07,0,0,0,0,62.3362,61.308,3.59474,1,1,1.53563,1.56592,0,1.17653,1.69344,9.38471e+06,4.1306e+06,1.44114e+07,0,0,0,1.12052e+08
99.0298,103.622,3.14155,0,0,3.23085,3.29458,0,0.605395,6.16896,4.51578e+06,3.09029e+06,1.45898e+07,0,0,0,0,62.3362,61.308,3.51645,1,1,1.53579,1.56609,0,1.18642,1.69344,9.38471e+06,4.1306e+06,1.4413e+07,0,0,0,1.12052e+08
98.8996,103.622,2.88351,0.01,0,3.2312,3.29494,0,0.605461,6.16896,4.51578e+06,3.09029e+06,1.45914e+07,0,0,0,0,62.3362,61.308,3.53655,1,1,1.53596,1.56626,0,1.18655,1.69344,9.38471e+06,4.1306e+06,1.44145e+07,0,0,0,1.12052e+08
98.5222,103.622,2.61373,0.01,0,3.23155,3.2953,0,0.605527,6.16896,4.51578e+06,3.09029e+06,1.4593e+07,0,0,0,0,62.3362,61.308,3.14947,1,1,1.53613,1.56643,0,1.18668,1.69344,9.38471e+06,4.1306e+06,1.44161e+07,0,0,0,1.12052e+08
98.1033,103.622,2.57358,0.01,0,3.30733,3.37257,0,0.605593,6.16896,4.51578e+06,3.09029e+06,1.49352e+07,0,0,0,0,62.3362,61.308,3.03392,1,1,1.57384,1.60488,0,1.18681,1.69344,9.38471e+06,4.1306e+06,1.477e+07,0,0,0,1.12052e+08
97.6235,103.622,2.52856,0.01,0,3.30769,3.37294,0,0.619794,6.16896,4.51578e+06,3.09029e+06,1.49368e+07,0,0,0,0,62.2596,61.308,2.74696,1,1,1.57401,1.60506,0,1.21595,1.69344,9.38471e+06,4.1306e+06,1.47716e+07,0,0,0,1.12052e+08
97.009,103.622,2.34159,0.01,0,3.30805,3.37331,0,0.619862,6.16896,4.51578e+06,3.09029e+06,1.49384e+07,0,0,0,0,62.1285,61.308,2.65593,1,1,1.57418,1.60523,0,1.21608,1.69344,9.38471e+06,4.1306e+06,1.47732e+07,0,0,0,1.12052e+08
96.2168,103.622,2.1357,0.01,0,3.30841,3.37367,0,0.619929,6.16896,4.51578e+06,3.09029e+06,1.49401e+07,0,0,0,0,61.9609,61.308,2.322,1,1,1.57435,1.6054,0,1.21621,1.69344,9.38471e+06,4.1306e+06,1.47748e+07,0,0,0,1.12052e+08
95.6229,103.622,2.54615,0.02,0,3.52975,3.59938,0,0.619997,6.16896,4.51578e+06,3.09029e+06,1.59396e+07,0,0,0,0,61.8563,61.308,3.22767,1,1,1.69344,1.74381,0.0166414,1.21634,1.69344,9.38471e+06,4.1306e+06,1.58924e+07,0,0,0,1.12052e+08
95.012,103.622,2.51019,0.02,0,3.53014,3.59977,0,0.661476,6.16896,4.51578e+06,3.09029e+06,1.59413e+07,0,0,0,0,61.5398,61.308,2.59968,1,1,1.69344,1.744,0.0168276,1.30835,1.69344,9.38471e+06,4.1306e+06,1.58924e+07,0,0,0,1.12052e+08
94.6731,103.622,2.8094,0.02,0,3.53052,3.60016,0,0.661548,6.16896,4.51578e+06,3.09029e+06,1.59431e+07,0,0,0,0,61.378,61.308,3.24623,1,1,1.69344,1.74419,0.017014,1.30835,1.69344,9.38471e+06,4.1306e+06,1.58924e+07,0,0,0,1.12052e+08
93.8192,103.622,2.25089,0.02,0,3.53091,3.60055,0,0.66162,6.16896,4.51578e+06,3.09029e+06,1.59448e+07,0,0,0,0,60.9894,61.308,2.33702,1,1,1.69344,1.74438,0.0172003,1.30835,1.69344,9.38471e+06,4.1306e+06,1.58924e+07,0,0,0,1.12052e+08
93.4421,103.622,2.78514,0.02,0,3.53129,3.60095,0,0.661692,6.16896,4.51578e+06,3.09029e+06,1.59465e+07,0,0,0,0,61.009,61.308,4.09468,1,1,1.69344,1.74457,0.0173865,1.30835,1.69344,9.38471e+06,4.1306e+06,1.58924e+07,0,0,0,1.12052e+08
92.0447,103.622,1.58846,0.02,0,3.42392,3.49146,0,0.661764,6.16896,4.51578e+06,3.09029e+06,1.54617e+07,0,0,0,0,60.5486,61.308,2.03681,1,1,1.62869,1.66081,0,1.30835,1.69344,9.38471e+06,4.1306e+06,1.52848e+07,0,0,0,1.12052e+08
90.4756,103.622,1.37982,0.02,0,3.42429,3.49184,0,0.641643,6.16896,4.51578e+06,3.09029e+06,1.54634e+07,0,0,0,0,60.1433,61.308,1.61821,1,1,1.62887,1.661,0,1.25832,1.69344,9.38471e+06,4.1306e+06,1.52864e+07,0,0,0,1.12052e+08
89.3173,103.622,1.84616,0.02,0,3.42467,3.49222,0,0.641712,6.16896,4.51578e+06,3.09029e+06,1.5465e+07,0,0,0,0,59.88,61.308,2.20044,1,1,1.62904,1.66118,0,1.25846,1.69344,9.38471e+06,4.1306e+06,1.52881e+07,0,0,0,1.12052e+08
88.6558,103.622,2.42812,0.02,0,3.42504,3.4926,0,0.641782,6.16896,4.51578e+06,3.09029e+06,1.54667e+07,0,0,0,0,59.8703,61.308,3.09163,1,1,1.62922,1.66136,0,1.2586,1.69344,9.38471e+06,4.1306e+06,1.52898e+07,0,0,0,1.12052e+08
87.6466,103.622,1.95672,0.02,0,3.33693,3.40275,0,0.641852,6.16896,4.51578e+06,3.09029e+06,1.50688e+07,0,0,0,0,59.7529,61.308,2.07341,1,1,1.55443,1.58509,0,1.25874,1.69344,9.38471e+06,4.1306e+06,1.45879e+07,0,0,0,1.12052e+08
87.4993,103.622,2.99732,0.02,0,3.33729,3.40312,0,0.62534,6.16896,4.51578e+06,3.09029e+06,1.50705e+07,0,0,0,0,60.3137,61.308,3.53321,1,1,1.5546,1.58526,0,1.20095,1.69344,9.38471e+06,4.1306e+06,1.45895e+07,0,0,0,1.12052e+08
86.7108,103.622,2.24465,0.02,0,3.33765,3.40349,0,0.625408,6.16896,4.51578e+06,3.09029e+06,1.50721e+07,0,0,0,0,60.9379,61.308,3.82687,1,1,1.55477,1.58544,0,1.20108,1.69344,9.38471e+06,4.1306e+06,1.45911e+07,0,0,0,1.12052e+08
86.4632,103.622,3.02163,0.02,0,3.33802,3.40386,0,0.625476,6.16896,4.51578e+06,3.09029e+06,1.50737e+07,0,0,0,0,61.2255,61.308,2.8358,1,1,1.55494,1.58561,0,1.20121,1.69344,9.38471e+06,4.1306e+06,1.45926e+07,0,0,0,1.12052e+08
89.4307,103.622,6.33132,0.02,0,3.14785,3.14785,0,0.625544,6.16896,4.51578e+06,2.70226e+06,1.4215e+07,0,0,0,0,62.1482,61.308,5.11822,0,1,1.4265,1.4265,0,1.20134,1.69344,9.38471e+06,3.61194e+06,1.33872e+07,0,0,0,1.12052e+08
92.5409,103.622,6.69933,0.02,0,3.14819,3.14819,0,0.589907,6.16896,4.51578e+06,2.70226e+06,1.42166e+07,0,0,0,0,62.3362,61.308,4.05155,0,1,1.42665,1.42665,0,1.10211,1.69344,9.38471e+06,3.61194e+06,1.33887e+07,0,0,0,1.12052e+08
94.254,103.622,5.25519,0.02,0,3.14854,3.14854,0,0.589972,6.16896,4.51578e+06,2.70226e+06,1.42181e+07,0,0,0,0,62.3362,61.308,4.96611,0,1,1.42681,1.42681,0,1.10223,1.69344,9.38471e+06,3.61194e+06,1.33902e+07,0,0,0,1.12052e+08
95.7284,103.622,5.18664,0.01,0,3.14888,3.14888,0,0.590036,6.16896,4.51578e+06,2.70226e+06,1.42197e+07,0,0,0,0,62.3362,61.308,7.57031,0,1,1.42696,1.42696,0,1.10235,1.69344,9.38471e+06,3.61194e+06,1.33916e+07,0,0,0,1.12052e+08
97.1732,103.622,5.15644,0.01,0,3.14922,3.14922,0,0.5901,6.16896,4.51578e+06,2.70226e+06,1.42212e+07,0,0,0,0,62.3362,61.308,7.42923,0,1,1.42712,1.42712,0,1.10247,1.69344,9.38471e+06,3.61194e+06,1.33931e+07,0,0,0,1.12052e+08
101.767,103.622,8.75532,0,0,3.14922,3.14922,0,0.590164,6.16896,4.51578e+06,2.70226e+06,1.42212e+07,0,0,0,0,62.3362,61.308,10.0655,0,1,1.42712,1.42712,0,1.10259,1.69344,9.38471e+06,3.61194e+06,1.33931e+07,0,0,0,1.12052e+08
103.622,103.622,6.40886,0,0,3.24822,3.24822,0,0.590164,6.16896,4.51578e+06,2.70226e+06,1.46682e+07,0,0,0,0,62.3362,61.308,7.94333,0,1,1.47342,1.47342,0,1.10259,1.69344,9.38471e+06,3.61194e+06,1.38276e+07,0,0,0,1.12052e+08
103.622,103.622,11.5944,0,0,3.24855,3.24855,0,0.608716,6.16896,4.51578e+06,2.70226e+06,1.46697e+07,0,0,0,0,62.3362,61.308,13.2044,0,1,1.47356,1.47356,0,1.13836,1.69344,9.38471e+06,3.61194e+06,1.3829e+07,0,0,0,1.12052e+08
103.622,103.622,7.85303,0.01,0,3.24887,3.24887,0,0.608778,6.16896,4.51578e+06,2.70226e+06,1.46712e+07,0,0,0,0,62.3362,61.308,10.0138,0,1,1.47371,1.47371,0,1.13848,1.69344,9.38471e+06,3.61194e+06,1.38304e+07,0,0,0,1.12052e+08
103.622,103.622,7.98459,0.01,0,3.2492,3.2492,0,0.608839,6.16896,4.51578e+06,2.70226e+06,1.46727e+07,0,0,0,0,62.3362,61.308,10.9028,0,1,1.47386,1.47386,0,1.13859,1.69344,9.38471e+06,3.61194e+06,1.38318e+07,0,0,0,1.12052e+08
103.622,103.622,9.70177,0.01,0,3.49749,3.56648,0,0.6089,6.16896,4.51578e+06,3.09029e+06,1.57939e+07,0,0,0,0,62.3362,61.308,13.7636,1,1,1.61546,1.64732,0,1.1387,1.69344,9.38471e+06,4.1306e+06,1.51606e+07,0,0,0,1.12052e+08
103.622,103.622,8.02993,0.01,0,3.49784,3.56684,0,0.65543,6.16896,4.51578e+06,3.09029e+06,1.57955e+07,0,0,0,0,62.3362,61.308,11.3823,1,1,1.61562,1.64749,0,1.2481,1.69344,9.38471e+06,4.1306e+06,1.51621e+07,0,0,0,1.12052e+08
103.622,103.622,9.55661,0.01,0,3.4982,3.5672,0,0.655496,6.16896,4.51578e+06,3.09029e+06,1.57971e+07,0,0,0,0,62.3362,61.308,13.6816,1,1,1.61578,1.64765,0,1.24823,1.69344,9.38471e+06,4.1306e+06,1.51636e+07,0,0,0,1.12052e+08
103.622,103.622,13.7445,0.01,0,3.49855,3.56756,0,0.655562,6.16896,4.51578e+06,3.09029e+06,1.57987e+07,0,0,0,0,62.3362,61.308,22.1131,1,1,1.61594,1.64782,0,1.24835,1.69344,9.38471e+06,4.1306e+06,1.51652e+07,0,0,0,1.12052e+08
103.622,103.622,8.36833,0.01,0,3.11566,3.11566,0,0.655628,6.16896,4.51578e+06,2.70226e+06,1.40696e+07,0,0,0,0,62.3362,61.308,10.9382,0,1,1.4153,1.4153,0,1.24848,1.69344,9.38471e+06,3.61194e+06,1.32822e+07,0,0,0,1.12052e+08
103.622,103.622,7.88054,0.01,0,3.11597,3.11597,0,0.583875,6.16896,4.51578e+06,2.70226e+06,1.40711e+07,0,0,0,0,62.3362,61.308,9.17279,0,1,1.41545,1.41545,0,1.09346,1.69344,9.38471e+06,3.61194e+06,1.32836e+07,0,0,0,1.12052e+08
103.622,103.622,5.78333,0.01,0,3.11629,3.11629,0,0.583934,6.16896,4.51578e+06,2.70226e+06,1.40725e+07,0,0,0,0,62.3362,61.308,6.01917,0,1,1.41559,1.41559,0,1.09357,1.69344,9.38471e+06,3.61194e+06,1.32849e+07,0,0,0,1.12052e+08
103.622,103.622,5.16041,0.01,0,3.1166,3.1166,0,0.583992,6.16896,4.51578e+06,2.70226e+06,1.40739e+07,0,0,0,0,62.3362,61.308,5.25903,0,1,1.41573,1.41573,0,1.09368,1.69344,9.38471e+06,3.61194e+06,1.32862e+07,0,0,0,1.12052e+08
103.622,103.622,5.68661,0.01,0,3.11692,3.11692,0,0.584051,6.16896,4.51578e+06,2.70226e+06,1.40753e+07,0,0,0,0,62.3362,61.308,6.68033,0,1,1.41587,1.41587,0,1.09379,1.69344,9.38471e+06,3.61194e+06,1.32876e+07,0,0,0,1.12052e+08
103.622,103.622,4.69442,0.01,0,3.23113,3.23113,0,0.58411,6.16896,4.51578e+06,2.70226e+06,1.45911e+07,0,0,0,0,62.3362,61.308,5.67677,0,1,1.47297,1.47297,0,1.0939,1.69344,9.38471e+06,3.61194e+06,1.38234e+07,0,0,0,1.12052e+08
103.622,103.622,4.2317,0,0,3.23145,3.23145,0,0.605513,6.16896,4.51578e+06,2.70226e+06,1.45925e+07,0,0,0,0,62.3362,61.308,5.23001,0,1,1.47312,1.47312,0,1.13801,1.69344,9.38471e+06,3.61194e+06,1.38248e+07,0,0,0,1.12052e+08
103.622,103.622,4.46004,0,0,3.23178,3.23178,0,0.605574,6.16896,4.51578e+06,2.70226e+06,1.4594e+07,0,0,0,0,62.3362,61.308,6.07905,0,1,1.47326,1.47326,0,1.13813,1.69344,9.38471e+06,3.61194e+06,1.38262e+07,0,0,0,1.12052e+08
103.622,103.622,4.60673,0,0,3.2321,3.2321,0,0.605635,6.16896,4.51578e+06,2.70226e+06,1.45955e+07,0,0,0,0,62.3362,61.308,6.36377,0,1,1.47341,1.47341,0,1.13824,1.69344,9.38471e+06,3.61194e+06,1.38276e+07,0,0,0,1.12052e+08
103.622,103.622,4.10162,0,0,3.18788,3.18788,0,0.605696,6.16896,4.51578e+06,2.70226e+06,1.43957e+07,0,0,0,0,62.3362,61.308,5.12993,0,1,1.45143,1.45143,0,1.13836,1.69344,9.38471e+06,3.61194e+06,1.36213e+07,0,0,0,1.12052e+08
103.622,103.622,3.55732,0,0,3.1882,3.1882,0,0.597408,6.16896,4.51578e+06,2.70226e+06,1.43972e+07,0,0,0,0,62.3362,61.308,4.26335,0,1,1.45158,1.45158,0,1.12138,1.69344,9.38471e+06,3.61194e+06,1.36226e+07,0,0,0,1.12052e+08
103.622,103.622,4.13944,0,0,3.18852,3.18852,0,0.597468,6.16896,4.51578e+06,2.70226e+06,1.43986e+07,0,0,0,0,62.3362,61.308,4.5017,0,1,1.45173,1.45173,0,1.12149,1.69344,9.38471e+06,3.61194e+06,1.3624e+07,0,0,0,1.12052e+08
103.622,103.622,3.52963,0,0,3.18884,3.18884,0,0.597528,6.16896,4.51578e+06,2.70226e+06,1.44001e+07,0,0,0,0,62.3362,61.308,4.20751,0,1,1.45187,1.45187,0,1.1216,1.69344,9.38471e+06,3.61194e+06,1.36254e+07,0,0,0,1.12052e+08
103.622,103.622,3.62974,0,0,3.27583,3.34044,0,0.597588,6.16896,4.51578e+06,3.09029e+06,1.47929e+07,0,0,0,0,62.3362,61.308,5.10374,1,1,1.50092,1.53052,0,1.12172,1.69344,9.38471e+06,4.1306e+06,1.40857e+07,0,0,0,1.12052e+08
103.622,103.622,3.34062,0,0,3.27616,3.34078,0,0.61389,6.16896,4.51578e+06,3.09029e+06,1.47944e+07,0,0,0,0,62.3362,61.308,4.57393,1,1,1.50107,1.53068,0,1.15961,1.69344,9.38471e+06,4.1306e+06,1.40871e+07,0,0,0,1.12052e+08
103.411,103.622,3.0479,0,0,3.27649,3.34112,0,0.613952,6.16896,4.51578e+06,3.09029e+06,1.47959e+07,0,0,0,0,62.3362,61.308,3.68982,1,1,1.50122,1.53083,0,1.15972,1.69344,9.38471e+06,4.1306e+06,1.40885e+07,0,0,0,1.12052e+08
102.891,103.622,2.70172,0,0,3.27682,3.34145,0,0.614014,6.16896,4.51578e+06,3.09029e+06,1.47974e+07,0,0,0,0,62.3362,61.308,3.74242,1,1,1.50137,1.53098,0,1.15984,1.69344,9.38471e+06,4.1306e+06,1.40899e+07,0,0,0,1.12052e+08
102.779,103.622,3.11573,0.01,0,3.27715,3.34179,0,0.614075,6.16896,4.51578e+06,3.09029e+06,1.47989e+07,0,0,0,0,62.3362,61.308,4.86566,1,1,1.50152,1.53114,0,1.15996,1.69344,9.38471e+06,4.1306e+06,1.40913e+07,0,0,0,1.12052e+08
102.774,103.622,3.17852,0.01,0,3.24812,3.31219,0,0.614137,6.16896,4.51578e+06,3.09029e+06,1.46678e+07,0,0,0,0,62.3362,61.308,5.10542,1,1,1.544,1.57446,0,1.16007,1.69344,9.38471e+06,4.1306e+06,1.449e+07,0,0,0,1.12052e+08
102.639,103.622,3.02391,0.01,0,3.24845,3.31253,0,0.608698,6.16896,4.51578e+06,3.09029e+06,1.46693e+07,0,0,0,0,62.3362,61.308,4.94196,1,1,1.54416,1.57462,0,1.1929,1.69344,9.38471e+06,4.1306e+06,1.44915e+07,0,0,0,1.12052e+08
102.333,103.622,2.82557,0.01,0,3.24878,3.31286,0,0.608759,6.16896,4.51578e+06,3.09029e+06,1.46708e+07,0,0,0,0,62.3362,61.308,4.57695,1,1,1.54431,1.57478,0,1.19302,1.69344,9.38471e+06,4.1306e+06,1.44929e+07,0,0,0,1.12052e+08
102.14,103.622,2.92751,0.02,0,3.2491,3.31319,0,0.608821,6.16896,4.51578e+06,3.09029e+06,1.46722e+07,0,0,0,0,62.3362,61.308,4.78608,1,1,1.54447,1.57494,0,1.19314,1.69344,9.38471e+06,4.1306e+06,1.44944e+07,0,0,0,1.12052e+08
101.991,103.622,3.07647,0.02,0,3.32527,3.39086,0,0.608882,6.16896,4.51578e+06,3.09029e+06,1.50162e+07,0,0,0,0,62.3362,61.308,4.63681,1,1,1.58237,1.61358,0,1.19326,1.69344,9.38471e+06,4.1306e+06,1.48501e+07,0,0,0,1.12052e+08
101.678,103.622,2.84459,0.02,0,3.3256,3.3912,0,0.623155,6.16896,4.51578e+06,3.09029e+06,1.50177e+07,0,0,0,0,62.3362,61.308,4.45918,1,1,1.58253,1.61374,0,1.22254,1.69344,9.38471e+06,4.1306e+06,1.48516e+07,0,0,0,1.12052e+08
101.149,103.622,2.59536,0.02,0,3.32593,3.39154,0,0.623217,6.16896,4.51578e+06,3.09029e+06,1.50192e+07,0,0,0,0,62.3362,61.308,3.94388,1,1,1.58269,1.61391,0,1.22266,1.69344,9.38471e+06,4.1306e+06,1.48531e+07,0,0,0,1.12052e+08
101.025,103.622,3.10463,0.02,0,3.32627,3.39188,0,0.62328,6.16896,4.51578e+06,3.09029e+06,1.50207e+07,0,0,0,0,62.3362,61.308,5.40143,1,1,1.58285,1.61407,0,1.22278,1.69344,9.38471e+06,4.1306e+06,1.48546e+07,0,0,0,1.12052e+08
100.699,103.622,2.94215,0.02,0,3.54877,3.61877,0,0.623343,6.16896,4.51578e+06,3.09029e+06,1.60255e+07,0,0,0,0,62.3362,61.308,4.66476,1,1,1.69344,1.75321,0.0258565,1.22291,1.69344,9.38471e+06,4.1306e+06,1.58924e+07,0,0,0,1.12052e+08
100.662,103.622,3.2856,0.02,0,3.54913,3.61914,0,0.66504,6.16896,4.51578e+06,3.09029e+06,1.60271e+07,0,0,0,0,62.3362,61.308,5.6691,1,1,1.69344,1.75339,0.0260295,1.30835,1.69344,9.38471e+06,4.1306e+06,1.58924e+07,0,0,0,1.12052e+08
100.066,103.622,2.67039,0.02,0,3.54949,3.6195,0,0.665107,6.16896,4.51578e+06,3.09029e+06,1.60287e+07,0,0,0,0,62.3362,61.308,3.9968,1,1,1.69344,1.75356,0.0262026,1.30835,1.69344,9.38471e+06,4.1306e+06,1.58924e+07,0,0,0,1.12052e+08
100.038,103.622,3.3303,0.02,0,3.54984,3.61987,0,0.665174,6.16896,4.51578e+06,3.09029e+06,1.60303e+07,0,0,0,0,62.3362,61.308,7.28317,1,1,1.69344,1.75374,0.0263756,1.30835,1.69344,9.38471e+06,4.1306e+06,1.58924e+07,0,0,0,1.12052e+08
100.08,103.622,3.32963,0.02,0,3.5502,3.62023,0,0.665241,6.16896,4.51578e+06,3.09029e+06,1.60319e+07,0,0,0,0,62.3362,61.308,5.17654,1,1,1.69344,1.75392,0.0265486,1.30835,1.69344,9.38471e+06,4.1306e+06,1.58924e+07,0,0,0,1.12052e+08
100.487,103.622,3.64503,0.02,0,3.44223,3.51013,0,0.665308,6.16896,4.51578e+06,3.09029e+06,1.55443e+07,0,0,0,0,62.3362,61.308,5.13765,1,1,1.6374,1.6697,0,1.30835,1.69344,9.38471e+06,4.1306e+06,1.53665e+07,0,0,0,1.12052e+08
101.225,103.622,4.14912,0.02,0,3.44257,3.51048,0,0.645073,6.16896,4.51578e+06,3.09029e+06,1.55459e+07,0,0,0,0,62.3362,61.308,6.87394,1,1,1.63756,1.66986,0,1.26505,1.69344,9.38471e+06,4.1306e+06,1.5368e+07,0,0,0,1.12052e+08
101.727,103.622,3.95801,0.02,0,3.44292,3.51083,0,0.645138,6.16896,4.51578e+06,3.09029e+06,1.55475e+07,0,0,0,0,62.3362,61.308,6.78618,1,1,1.63773,1.67003,0,1.26518,1.69344,9.38471e+06,4.1306e+06,1.53696e+07,0,0,0,1.12052e+08
102.335,103.622,4.15454,0.02,0,3.44327,3.51119,0,0.645203,6.16896,4.51578e+06,3.09029e+06,1.5549e+07,0,0,0,0,62.3362,61.308,7.14745,1,1,1.63789,1.6702,0,1.26531,1.69344,9.38471e+06,4.1306e+06,1.53711e+07,0,0,0,1.12052e+08
101.604,103.622,2.51628,0.02,0,3.35466,3.42083,0,0.645268,6.16896,4.51578e+06,3.09029e+06,1.51489e+07,0,0,0,0,62.3362,61.308,3.49906,1,1,1.56269,1.59351,0,1.26543,1.69344,9.38471e+06,4.1306e+06,1.46654e+07,0,0,0,1.12052e+08
100.594,103.622,2.22329,0.02,0,3.35499,3.42117,0,0.628663,6.16896,4.51578e+06,3.09029e+06,1.51504e+07,0,0,0,0,62.3362,61.308,2.49009,1,1,1.56285,1.59367,0,1.20733,1.69344,9.38471e+06,4.1306e+06,1.46669e+07,0,0,0,1.12052e+08
100.193,103.622,3.05715,0.02,0,3.35533,3.42152,0,0.628726,6.16896,4.51578e+06,3.09029e+06,1.51519e+07,0,0,0,0,62.3362,61.308,6.09963,1,1,1.563,1.59383,0,1.20746,1.69344,9.38471e+06,4.1306e+06,1.46683e+07,0,0,0,1.12052e+08
103.622,103.622,7.84723,0.02,0,3.35567,3.42186,0,0.628789,6.16896,4.51578e+06,3.09029e+06,1.51535e+07,0,0,0,0,62.3362,61.308,12.092,1,1,1.56316,1.59399,0,1.20758,1.69344,9.38471e+06,4.1306e+06,1.46698e+07,0,0,0,1.12052e+08
102.768,103.622,2.51899,0.02,0,3.16447,3.16447,0,0.628852,6.16896,4.51578e+06,2.70226e+06,1.42901e+07,0,0,0,0,62.3362,61.308,4.61641,0,1,1.43403,1.43403,0,1.2077,1.69344,9.38471e+06,3.61194e+06,1.34579e+07,0,0,0,1.12052e+08
103.503,103.622,4.45095,0.01,0,3.16479,3.16479,0,0.593022,6.16896,4.51578e+06,2.70226e+06,1.42915e+07,0,0,0,0,62.3362,61.308,7.97544,0,1,1.43417,1.43417,0,1.10793,1.69344,9.38471e+06,3.61194e+06,1.34593e+07,0,0,0,1.12052e+08
103.622,103.622,4.23706,0.01,0,3.16511,3.16511,0,0.593082,6.16896,4.51578e+06,2.70226e+06,1.42929e+07,0,0,0,0,62.3362,61.308,7.00132,0,1,1.43432,1.43432,0,1.10804,1.69344,9.38471e+06,3.61194e+06,1.34606e+07,0,0,0,1.12052e+08
103.622,103.622,5.61009,0.01,0,3.16543,3.16543,0,0.593142,6.16896,4.51578e+06,2.70226e+06,1.42944e+07,0,0,0,0,62.3362,61.308,10.4205,0,1,1.43446,1.43446,0,1.10815,1.69344,9.38471e+06,3.61194e+06,1.3462e+07,0,0,0,1.12052e+08
103.622,103.622,9.61346,0.01,0,3.16575,3.16575,0,0.593201,6.16896,4.51578e+06,2.70226e+06,1.42958e+07,0,0,0,0,62.3362,61.308,12.8698,0,1,1.4346,1.4346,0,1.10826,1.69344,9.38471e+06,3.61194e+06,1.34633e+07,0,0,0,1.12052e+08
103.622,103.622,13.18,0.01,0,3.26524,3.26524,0,0.593261,6.16896,4.51578e+06,2.70226e+06,1.47451e+07,0,0,0,0,62.3362,61.308,13.3098,0,1,1.48113,1.48113,0,1.10838,1.69344,9.38471e+06,3.61194e+06,1.39e+07,0,0,0,1.12052e+08
103.622,103.622,12.8067,0.01,0,3.26554,3.26554,0,0.611905,6.16896,4.51578e+06,2.70226e+06,1.47465e+07,0,0,0,0,62.3362,61.308,13.3535,0,1,1.48127,1.48127,0,1.14432,1.69344,9.38471e+06,3.61194e+06,1.39013e+07,0,0,0,1.12052e+08
103.622,103.622,8.08009,0.01,0,3.26584,3.26584,0,0.611962,6.16896,4.51578e+06,2.70226e+06,1.47478e+07,0,0,0,0,62.3362,61.308,8.00734,0,1,1.48141,1.48141,0,1.14443,1.69344,9.38471e+06,3.61194e+06,1.39026e+07,0,0,0,1.12052e+08
103.622,103.622,6.3229,0.01,0,3.26614,3.26614,0,0.612019,6.16896,4.51578e+06,2.70226e+06,1.47492e+07,0,0,0,0,62.3362,61.308,5.22507,0,1,1.48155,1.48155,0,1.14454,1.69344,9.38471e+06,3.61194e+06,1.39039e+07,0,0,0,1.12052e+08
103.622,103.622,13.7728,0.01,0,3.5157,3.58505,0,0.612075,6.16896,4.51578e+06,3.09029e+06,1.58761e+07,0,0,0,0,62.3362,61.308,19.532,1,1,1.62387,1.6559,0,1.14464,1.69344,9.38471e+06,4.1306e+06,1.52395e+07,0,0,0,1.12052e+08
103.622,103.622,29.107,0.01,0,3.51602,3.58538,0,0.658842,6.16896,4.51578e+06,3.09029e+06,1.58776e+07,0,0,0,0,62.3362,61.308,27.6031,1,1,1.62402,1.65605,0,1.2546,1.69344,9.38471e+06,4.1306e+06,1.52409e+07,0,0,0,1.12052e+08
103.622,103.622,13.9772,0.01,0,3.51635,3.58571,0,0.658903,6.16896,4.51578e+06,3.09029e+06,1.58791e+07,0,0,0,0,62.3362,61.308,14.7673,1,1,1.62417,1.6562,0,1.25471,1.69344,9.38471e+06,4.1306e+06,1.52423e+07,0,0,0,1.12052e+08
103.622,103.622,11.1063,0.01,0,3.51667,3.58604,0,0.658964,6.16896,4.51578e+06,3.09029e+06,1.58805e+07,0,0,0,0,62.3362,61.308,10.733,1,1,1.62432,1.65636,0,1.25483,1.69344,9.38471e+06,4.1306e+06,1.52437e+07,0,0,0,1.12052e+08
103.622,103.622,5.76779,0.01,0,3.13178,3.13178,0,0.659025,6.16896,4.51578e+06,2.70226e+06,1.41424e+07,0,0,0,0,62.3362,61.308,6.34873,0,1,1.42263,1.42263,0,1.25495,1.69344,9.38471e+06,3.61194e+06,1.33509e+07,0,0,0,1.12052e+08
103.622,103.622,5.20938,0.01,0,3.13207,3.13207,0,0.586895,6.16896,4.51578e+06,2.70226e+06,1.41437e+07,0,0,0,0,62.3362,61.308,6.24209,0,1,1.42276,1.42276,0,1.09912,1.69344,9.38471e+06,3.61194e+06,1.33522e+07,0,0,0,1.12052e+08
103.622,103.622,8.08606,0.01,0,3.13236,3.13236,0,0.586949,6.16896,4.51578e+06,2.70226e+06,1.4145e+07,0,0,0,0,62.3362,61.308,10.4539,0,1,1.42289,1.42289,0,1.09922,1.69344,9.38471e+06,3.61194e+06,1.33534e+07,0,0,0,1.12052e+08
103.622,103.622,7.14593,0.01,0,3.13265,3.13265,0,0.587004,6.16896,4.51578e+06,2.70226e+06,1.41463e+07,0,0,0,0,62.3362,61.308,9.28733,0,1,1.42302,1.42302,0,1.09932,1.69344,9.38471e+06,3.61194e+06,1.33546e+07,0,0,0,1.12052e+08
103.622,103.622,9.30227,0.01,0,3.13294,3.13294,0,0.587058,6.16896,4.51578e+06,2.70226e+06,1.41476e+07,0,0,0,0,62.3362,61.308,11.4294,0,1,1.42315,1.42315,0,1.09943,1.69344,9.38471e+06,3.61194e+06,1.33559e+07,0,0,0,1.12052e+08
103.622,103.622,8.62966,0.01,0,3.24771,3.24771,0,0.587112,6.16896,4.51578e+06,2.70226e+06,1.46659e+07,0,0,0,0,62.3362,61.308,11.8391,0,1,1.48053,1.48053,0,1.09953,1.69344,9.38471e+06,3.61194e+06,1.38943e+07,0,0,0,1.12052e+08
103.622,103.622,7.68813,0,0,3.24801,3.24801,0,0.60862,6.16896,4.51578e+06,2.70226e+06,1.46673e+07,0,0,0,0,62.3362,61.308,11.7113,0,1,1.48066,1.48066,0,1.14385,1.69344,9.38471e+06,3.61194e+06,1.38956e+07,0,0,0,1.12052e+08
103.622,103.622,7.24655,0,0,3.24831,3.24831,0,0.608677,6.16896,4.51578e+06,2.70226e+06,1.46686e+07,0,0,0,0,62.3362,61.308,11.6554,0,1,1.4808,1.4808,0,1.14396,1.69344,9.38471e+06,3.61194e+06,1.38969e+07,0,0,0,1.12052e+08
103.622,103.622,7.00099,0,0,3.24861,3.24861,0,0.608733,6.16896,4.51578e+06,2.70226e+06,1.467e+07,0,0,0,0,62.3362,61.308,10.0858,0,1,1.48094,1.48094,0,1.14407,1.69344,9.38471e+06,3.61194e+06,1.38982e+07,0,0,0,1.12052e+08
103.622,103.622,5.78657,0,0,3.20413,3.20413,0,0.608789,6.16896,4.51578e+06,2.70226e+06,1.44691e+07,0,0,0,0,62.3362,61.308,6.16259,0,1,1.45883,1.45883,0,1.14417,1.69344,9.38471e+06,3.61194e+06,1.36907e+07,0,0,0,1.12052e+08
103.622,103.622,5.14118,0,0,3.20443,3.20443,0,0.600454,6.16896,4.51578e+06,2.70226e+06,1.44705e+07,0,0,0,0,62.3362,61.308,5.89822,0,1,1.45897,1.45897,0,1.12709,1.69344,9.38471e+06,3.61194e+06,1.3692e+07,0,0,0,1.12052e+08
103.622,103.622,4.8541,0,0,3.20472,3.20472,0,0.600509,6.16896,4.51578e+06,2.70226e+06,1.44718e+07,0,0,0,0,62.3362,61.308,5.66211,0,1,1.4591,1.4591,0,1.1272,1.69344,9.38471e+06,3.61194e+06,1.36933e+07,0,0,0,1.12052e+08
103.622,103.622,4.52745,0,0,3.20502,3.20502,0,0.600565,6.16896,4.51578e+06,2.70226e+06,1.44732e+07,0,0,0,0,62.3362,61.308,6.17879,0,1,1.45924,1.45924,0,1.1273,1.69344,9.38471e+06,3.61194e+06,1.36945e+07,0,0,0,1.12052e+08
103.622,103.622,4.91657,0,0,3.29242,3.35737,0,0.600621,6.16896,4.51578e+06,3.09029e+06,1.48679e+07,0,0,0,0,62.3362,61.308,5.5867,1,1,1.50852,1.53827,0,1.12741,1.69344,9.38471e+06,4.1306e+06,1.4157e+07,0,0,0,1.12052e+08
103.622,103.622,4.6144,0,0,3.29273,3.35768,0,0.617,6.16896,4.51578e+06,3.09029e+06,1.48692e+07,0,0,0,0,62.3362,61.308,4.96987,1,1,1.50866,1.53842,0,1.16548,1.69344,9.38471e+06,4.1306e+06,1.41583e+07,0,0,0,1.12052e+08
103.622,103.622,4.3382,0,0,3.29303,3.35799,0,0.617057,6.16896,4.51578e+06,3.09029e+06,1.48706e+07,0,0,0,0,62.3362,61.308,4.74196,1,1,1.5088,1.53856,0,1.16559,1.69344,9.38471e+06,4.1306e+06,1.41596e+07,0,0,0,1.12052e+08
103.622,103.622,4.15738,0.01,0,3.29334,3.3583,0,0.617114,6.16896,4.51578e+06,3.09029e+06,1.4872e+07,0,0,0,0,62.3362,61.308,4.53225,1,1,1.50894,1.5387,0,1.1657,1.69344,9.38471e+06,4.1306e+06,1.41609e+07,0,0,0,1.12052e+08
103.622,103.622,3.68948,0.01,0,3.29364,3.35861,0,0.617171,6.16896,4.51578e+06,3.09029e+06,1.48734e+07,0,0,0,0,62.3362,61.308,3.96078,1,1,1.50908,1.53884,0,1.1658,1.69344,9.38471e+06,4.1306e+06,1.41622e+07,0,0,0,1.12052e+08
103.622,103.622,3.41148,0.01,0,3.26444,3.32883,0,0.617228,6.16896,4.51578e+06,3.09029e+06,1.47415e+07,0,0,0,0,62.3362,61.308,3.61358,1,1,1.55176,1.58237,0,1.16591,1.69344,9.38471e+06,4.1306e+06,1.45628e+07,0,0,0,1.12052e+08
103.525,103.622,3.11743,0.01,0,3.26474,3.32914,0,0.611756,6.16896,4.51578e+06,3.09029e+06,1.47429e+07,0,0,0,0,62.3362,61.308,3.27823,1,1,1.55191,1.58252,0,1.19889,1.69344,9.38471e+06,4.1306e+06,1.45642e+07,0,0,0,1.12052e+08
103.24,103.622,2.89683,0.02,0,3.26505,3.32945,0,0.611813,6.16896,4.51578e+06,3.09029e+06,1.47442e+07,0,0,0,0,62.3362,61.308,3.17307,1,1,1.55205,1.58266,0,1.199,1.69344,9.38471e+06,4.1306e+06,1.45655e+07,0,0,0,1.12052e+08
102.796,103.622,2.69336,0.02,0,3.26535,3.32976,0,0.61187,6.16896,4.51578e+06,3.09029e+06,1.47456e+07,0,0,0,0,62.3362,61.308,2.8871,1,1,1.55219,1.58281,0,1.19911,1.69344,9.38471e+06,4.1306e+06,1.45669e+07,0,0,0,1.12052e+08
102.61,103.622,2.97264,0.02,0,3.34186,3.40778,0,0.611926,6.16896,4.51578e+06,3.09029e+06,1.50911e+07,0,0,0,0,62.3362,61.308,2.89697,1,1,1.59027,1.62164,0,1.19922,1.69344,9.38471e+06,4.1306e+06,1.49242e+07,0,0,0,1.12052e+08
102.221,103.622,2.72527,0.02,0,3.34217,3.4081,0,0.626265,6.16896,4.51578e+06,3.09029e+06,1.50925e+07,0,0,0,0,62.3362,61.308,2.8377,1,1,1.59041,1.62179,0,1.22864,1.69344,9.38471e+06,4.1306e+06,1.49256e+07,0,0,0,1.12052e+08
101.634,103.622,2.49453,0.02,0,3.34248,3.40841,0,0.626323,6.16896,4.51578e+06,3.09029e+06,1.50939e+07,0,0,0,0,62.3226,61.308,2.49254,1,1,1.59056,1.62194,0,1.22875,1.69344,9.38471e+06,4.1306e+06,1.4927e+07,0,0,0,1.12052e+08
101.187,103.622,2.66583,0.02,0,3.34279,3.40873,0,0.626381,6.16896,4.51578e+06,3.09029e+06,1.50953e+07,0,0,0,0,62.3362,61.308,2.94595,1,1,1.59071,1.62209,0,1.22887,1.69344,9.38471e+06,4.1306e+06,1.49283e+07,0,0,0,1.12052e+08
100.975,103.622,3.1617,0.02,0,3.56637,3.63672,0,0.626439,6.16896,4.51578e+06,3.09029e+06,1.61049e+07,0,0,0,0,62.3362,61.308,3.59513,1,1,1.69344,1.7619,0.0343818,1.22898,1.69344,9.38471e+06,4.1306e+06,1.58924e+07,0,0,0,1.12052e+08
100.63,103.622,2.92108,0.02,0,3.5667,3.63705,0,0.668338,6.16896,4.51578e+06,3.09029e+06,1.61064e+07,0,0,0,0,62.3362,61.308,3.0705,1,1,1.69344,1.76207,0.0345415,1.30835,1.69344,9.38471e+06,4.1306e+06,1.58924e+07,0,0,0,1.12052e+08
99.4322,103.622,2.01145,0.02,0,3.56703,3.63739,0,0.6684,6.16896,4.51578e+06,3.09029e+06,1.61079e+07,0,0,0,0,62.2169,61.308,2.64125,1,1,1.69344,1.76223,0.0347013,1.30835,1.69344,9.38471e+06,4.1306e+06,1.58924e+07,0,0,0,1.12052e+08
98.0901,103.622,1.87899,0.02,0,3.56736,3.63773,0,0.668461,6.16896,4.51578e+06,3.09029e+06,1.61094e+07,0,0,0,0,62.1139,61.308,2.6759,1,1,1.69344,1.76239,0.034861,1.30835,1.69344,9.38471e+06,4.1306e+06,1.58924e+07,0,0,0,1.12052e+08
97.2082,103.622,2.42085,0.02,0,3.56769,3.63806,0,0.668523,6.16896,4.51578e+06,3.09029e+06,1.61109e+07,0,0,0,0,61.9963,61.308,2.9069,1,1,1.69344,1.76256,0.0350207,1.30835,1.69344,9.38471e+06,4.1306e+06,1.58924e+07,0,0,0,1.12052e+08
97.2222,103.622,3.43792,0.02,0,3.45915,3.52739,0,0.668585,6.16896,4.51578e+06,3.09029e+06,1.56208e+07,0,0,0,0,61.9801,61.308,3.33956,1,1,1.64545,1.67791,0,1.30835,1.69344,9.38471e+06,4.1306e+06,1.54421e+07,0,0,0,1.12052e+08
97.3397,103.622,3.54925,0.02,0,3.45947,3.52771,0,0.648246,6.16896,4.51578e+06,3.09029e+06,1.56222e+07,0,0,0,0,62.222,61.308,3.90951,1,1,1.6456,1.67806,0,1.27127,1.69344,9.38471e+06,4.1306e+06,1.54435e+07,0,0,0,1.12052e+08
97.0843,103.622,3.12412,0.02,0,3.45979,3.52804,0,0.648305,6.16896,4.51578e+06,3.09029e+06,1.56237e+07,0,0,0,0,62.1547,61.308,3.285,1,1,1.64575,1.67822,0,1.27139,1.69344,9.38471e+06,4.1306e+06,1.54449e+07,0,0,0,1.12052e+08
96.6801,103.622,3.05384,0.02,0,3.46011,3.52837,0,0.648365,6.16896,4.51578e+06,3.09029e+06,1.56251e+07,0,0,0,0,62.0563,61.308,2.99228,1,1,1.64591,1.67837,0,1.27151,1.69344,9.38471e+06,4.1306e+06,1.54463e+07,0,0,0,1.12052e+08
95.1802,103.622,1.78138,0.02,0,3.37104,3.43754,0,0.648425,6.16896,4.51578e+06,3.09029e+06,1.52229e+07,0,0,0,0,61.8176,61.308,2.60419,1,1,1.57032,1.6013,0,1.27163,1.69344,9.38471e+06,4.1306e+06,1.4737e+07,0,0,0,1.12052e+08
93.6285,103.622,1.67412,0.02,0,3.37135,3.43785,0,0.631733,6.16896,4.51578e+06,3.09029e+06,1.52243e+07,0,0,0,0,61.587,61.308,1.5276,1,1,1.57047,1.60145,0,1.21323,1.69344,9.38471e+06,4.1306e+06,1.47384e+07,0,0,0,1.12052e+08
93.5199,103.622,3.24678,0.02,0,3.37167,3.43817,0,0.631792,6.16896,4.51578e+06,3.09029e+06,1.52257e+07,0,0,0,0,61.9987,61.308,3.63659,1,1,1.57061,1.60159,0,1.21334,1.69344,9.38471e+06,4.1306e+06,1.47397e+07,0,0,0,1.12052e+08
96.1791,103.622,6.34259,0.02,0,3.37198,3.43849,0,0.63185,6.16896,4.51578e+06,3.09029e+06,1.52271e+07,0,0,0,0,62.3362,61.308,7.59927,1,1,1.57076,1.60174,0,1.21346,1.69344,9.38471e+06,4.1306e+06,1.47411e+07,0,0,0,1.12052e+08
96.0228,103.622,3.29962,0.02,0,3.17983,3.17983,0,0.631908,6.16896,4.51578e+06,2.70226e+06,1.43594e+07,0,0,0,0,62.3362,61.308,4.92513,0,1,1.44099,1.44099,0,1.21357,1.69344,9.38471e+06,3.61194e+06,1.35232e+07,0,0,0,1.12052e+08
96.0759,103.622,3.63571,0.02,0,3.18012,3.18012,0,0.595899,6.16896,4.51578e+06,2.70226e+06,1.43607e+07,0,0,0,0,62.3362,61.308,6.54561,0,1,1.44112,1.44112,0,1.11331,1.69344,9.38471e+06,3.61194e+06,1.35245e+07,0,0,0,1.12052e+08
98.1577,103.622,5.68204,0.02,0,3.18041,3.18041,0,0.595955,6.16896,4.51578e+06,2.70226e+06,1.4362e+07,0,0,0,0,62.3362,61.308,6.88801,0,1,1.44125,1.44125,0,1.11341,1.69344,9.38471e+06,3.61194e+06,1.35257e+07,0,0,0,1.12052e+08
100.222,103.622,5.7728,0.01,0,3.18071,3.18071,0,0.59601,6.16896,4.51578e+06,2.70226e+06,1.43634e+07,0,0,0,0,62.3362,61.308,7.22663,0,1,1.44138,1.44138,0,1.11351,1.69344,9.38471e+06,3.61194e+06,1.3527e+07,0,0,0,1.12052e+08
103.622,103.622,8.3574,0.01,0,3.181,3.181,0,0.596065,6.16896,4.51578e+06,2.70226e+06,1.43647e+07,0,0,0,0,62.3362,61.308,7.42169,0,1,1.44152,1.44152,0,1.11361,1.69344,9.38471e+06,3.61194e+06,1.35282e+07,0,0,0,1.12052e+08
103.622,103.622,6.88917,0.01,0,3.28094,3.28094,0,0.59612,6.16896,4.51578e+06,2.70226e+06,1.4816e+07,0,0,0,0,62.3362,61.308,3.3891,0,1,1.48826,1.48826,0,1.11372,1.69344,9.38471e+06,3.61194e+06,1.39669e+07,0,0,0,1.12052e+08
103.622,103.622,5.44576,0.01,0,3.28122,3.28122,0,0.614849,6.16896,4.51578e+06,2.70226e+06,1.48173e+07,0,0,0,0,62.3362,61.308,3.83595,0,1,1.48839,1.48839,0,1.14983,1.69344,9.38471e+06,3.61194e+06,1.39681e+07,0,0,0,1.12052e+08
103.622,103.622,4.18924,0.01,0,3.2815,3.2815,0,0.614901,6.16896,4.51578e+06,2.70226e+06,1.48185e+07,0,0,0,0,62.3362,61.308,3.32866,0,1,1.48851,1.48851,0,1.14993,1.69344,9.38471e+06,3.61194e+06,1.39692e+07,0,0,0,1.12052e+08
103.622,103.622,3.9849,0.01,0,3.28178,3.28178,0,0.614953,6.16896,4.51578e+06,2.70226e+06,1.48198e+07,0,0,0,0,62.3362,61.308,2.44725,0,1,1.48864,1.48864,0,1.15002,1.69344,9.38471e+06,3.61194e+06,1.39704e+07,0,0,0,1.12052e+08
103.622,103.622,5.26905,0.01,0,3.5325,3.60218,0,0.615005,6.16896,4.51578e+06,3.09029e+06,1.5952e+07,0,0,0,0,62.3362,61.308,4.20134,1,1,1.63162,1.66381,0,1.15012,1.69344,9.38471e+06,4.1306e+06,1.53123e+07,0,0,0,1.12052e+08
103.529,103.622,3.54148,0.01,0,3.5328,3.60248,0,0.66199,6.16896,4.51578e+06,3.09029e+06,1.59533e+07,0,0,0,0,61.9145,61.308,2.65074,1,1,1.63176,1.66395,0,1.26059,1.69344,9.38471e+06,4.1306e+06,1.53136e+07,0,0,0,1.12052e+08
102.273,103.622,2.21261,0.01,0,3.53309,3.60279,0,0.662046,6.16896,4.51578e+06,3.09029e+06,1.59547e+07,0,0,0,0,61.6995,61.308,1.80259,1,1,1.6319,1.66409,0,1.2607,1.69344,9.38471e+06,4.1306e+06,1.53149e+07,0,0,0,1.12052e+08
101.877,103.622,3.19224,0.01,0,3.53339,3.60309,0,0.662102,6.16896,4.51578e+06,3.09029e+06,1.5956e+07,0,0,0,0,61.8102,61.308,2.68536,1,1,1.63204,1.66423,0,1.26081,1.69344,9.38471e+06,4.1306e+06,1.53162e+07,0,0,0,1.12052e+08
102.514,103.622,3.87585,0.01,0,3.14664,3.14664,0,0.662158,6.16896,4.51578e+06,2.70226e+06,1.42095e+07,0,0,0,0,61.9885,61.308,3.11085,0,1,1.42938,1.42938,0,1.26091,1.69344,9.38471e+06,3.61194e+06,1.34143e+07,0,0,0,1.12052e+08
103.622,103.622,5.60731,0.01,0,3.14691,3.14691,0,0.58968,6.16896,4.51578e+06,2.70226e+06,1.42107e+07,0,0,0,0,62.3362,61.308,4.69962,0,1,1.4295,1.4295,0,1.10434,1.69344,9.38471e+06,3.61194e+06,1.34154e+07,0,0,0,1.12052e+08
103.622,103.622,3.90791,0.01,0,3.14717,3.14717,0,0.58973,6.16896,4.51578e+06,2.70226e+06,1.42119e+07,0,0,0,0,62.3362,61.308,3.05222,0,1,1.42962,1.42962,0,1.10443,1.69344,9.38471e+06,3.61194e+06,1.34166e+07,0,0,0,1.12052e+08
103.622,103.622,4.83751,0.01,0,3.14744,3.14744,0,0.58978,6.16896,4.51578e+06,2.70226e+06,1.42131e+07,0,0,0,0,62.3362,61.308,4.12933,0,1,1.42974,1.42974,0,1.10452,1.69344,9.38471e+06,3.61194e+06,1.34177e+07,0,0,0,1.12052e+08
103.622,103.622,6.21787,0.01,0,3.1477,3.1477,0,0.58983,6.16896,4.51578e+06,2.70226e+06,1.42143e+07,0,0,0,0,62.3362,61.308,5.38712,0,1,1.42986,1.42986,0,1.10462,1.69344,9.38471e+06,3.61194e+06,1.34188e+07,0,0,0,1.12052e+08
103.622,103.622,6.25003,0.01,0,3.26299,3.26299,0,0.58988,6.16896,4.51578e+06,2.70226e+06,1.47349e+07,0,0,0,0,62.3362,61.308,6.86876,0,1,1.48749,1.48749,0,1.10471,1.69344,9.38471e+06,3.61194e+06,1.39597e+07,0,0,0,1.12052e+08
103.622,103.622,4.49622,0,0,3.26326,3.26326,0,0.611484,6.16896,4.51578e+06,2.70226e+06,1.47362e+07,0,0,0,0,62.3362,61.308,4.28619,0,1,1.48762,1.48762,0,1.14924,1.69344,9.38471e+06,3.61194e+06,1.39609e+07,0,0,0,1.12052e+08
103.622,103.622,4.2644,0,0,3.26354,3.26354,0,0.611536,6.16896,4.51578e+06,2.70226e+06,1.47374e+07,0,0,0,0,62.3362,61.308,4.53003,0,1,1.48774,1.48774,0,1.14933,1.69344,9.38471e+06,3.61194e+06,1.39621e+07,0,0,0,1.12052e+08
103.622,103.622,4.08979,0,0,3.26382,3.26382,0,0.611587,6.16896,4.51578e+06,2.70226e+06,1.47387e+07,0,0,0,0,62.3362,61.308,4.62789,0,1,1.48787,1.48787,0,1.14943,1.69344,9.38471e+06,3.61194e+06,1.39632e+07,0,0,0,1.12052e+08
103.622,103.622,3.75779,0,0,3.2191,3.2191,0,0.611639,6.16896,4.51578e+06,2.70226e+06,1.45368e+07,0,0,0,0,62.3362,61.308,3.79973,0,1,1.46565,1.46565,0,1.14953,1.69344,9.38471e+06,3.61194e+06,1.37547e+07,0,0,0,1.12052e+08
103.479,103.622,3.1367,0,0,3.21938,3.21938,0,0.60326,6.16896,4.51578e+06,2.70226e+06,1.4538e+07,0,0,0,0,62.3362,61.308,3.47565,0,1,1.46577,1.46577,0,1.13236,1.69344,9.38471e+06,3.61194e+06,1.37559e+07,0,0,0,1.12052e+08
103.073,103.622,2.87172,0,0,3.21965,3.21965,0,0.603311,6.16896,4.51578e+06,2.70226e+06,1.45392e+07,0,0,0,0,62.3362,61.308,2.71969,0,1,1.4659,1.4659,0,1.13246,1.69344,9.38471e+06,3.61194e+06,1.3757e+07,0,0,0,1.12052e+08
103.278,103.622,3.47662,0,0,3.21992,3.21992,0,0.603362,6.16896,4.51578e+06,2.70226e+06,1.45404e+07,0,0,0,0,62.3362,61.308,3.05449,0,1,1.46602,1.46602,0,1.13255,1.69344,9.38471e+06,3.61194e+06,1.37582e+07,0,0,0,1.12052e+08
102.789,103.622,2.70815,0,0,3.3077,3.37295,0,0.603413,6.16896,4.51578e+06,3.09029e+06,1.49369e+07,0,0,0,0,62.3362,61.308,3.01807,1,1,1.51552,1.54541,0,1.13265,1.69344,9.38471e+06,4.1306e+06,1.42227e+07,0,0,0,1.12052e+08
102.162,103.622,2.53597,0,0,3.30798,3.37323,0,0.619863,6.16896,4.51578e+06,3.09029e+06,1.49381e+07,0,0,0,0,62.3302,61.308,2.71782,1,1,1.51565,1.54554,0,1.17089,1.69344,9.38471e+06,4.1306e+06,1.42239e+07,0,0,0,1.12052e+08
101.474,103.622,2.44392,0,0,3.30826,3.37352,0,0.619916,6.16896,4.51578e+06,3.09029e+06,1.49394e+07,0,0,0,0,62.2624,61.308,2.43516,1,1,1.51577,1.54567,0,1.17099,1.69344,9.38471e+06,4.1306e+06,1.42251e+07,0,0,0,1.12052e+08
100.589,103.622,2.19021,0.01,0,3.30854,3.3738,0,0.619968,6.16896,4.51578e+06,3.09029e+06,1.49406e+07,0,0,0,0,62.1421,61.308,2.32695,1,1,1.5159,1.5458,0,1.17109,1.69344,9.38471e+06,4.1306e+06,1.42263e+07,0,0,0,1.12052e+08
99.6227,103.622,2.05241,0.01,0,3.30882,3.37409,0,0.62002,6.16896,4.51578e+06,3.09029e+06,1.49419e+07,0,0,0,0,61.9874,61.308,2.09411,1,1,1.51603,1.54594,0,1.17119,1.69344,9.38471e+06,4.1306e+06,1.42275e+07,0,0,0,1.12052e+08
98.5186,103.622,1.85823,0.01,0,3.27946,3.34415,0,0.620073,6.16896,4.51578e+06,3.09029e+06,1.48093e+07,0,0,0,0,61.6373,61.308,1.88652,1,1,1.5589,1.58965,0,1.17129,1.69344,9.38471e+06,4.1306e+06,1.46298e+07,0,0,0,1.12052e+08
97.2871,103.622,1.706,0.01,0,3.27974,3.34443,0,0.614571,6.16896,4.51578e+06,3.09029e+06,1.48106e+07,0,0,0,0,61.2539,61.308,1.6549,1,1,1.55903,1.58978,0,1.20441,1.69344,9.38471e+06,4.1306e+06,1.46311e+07,0,0,0,1.12052e+08
95.9682,103.622,1.57072,0.01,0,3.28001,3.34471,0,0.614623,6.16896,4.51578e+06,3.09029e+06,1.48118e+07,0,0,0,0,60.7728,61.308,1.62974,1,1,1.55916,1.58992,0,1.20451,1.69344,9.38471e+06,4.1306e+06,1.46323e+07,0,0,0,1.12052e+08
94.593,103.622,1.47277,0.02,0,3.28029,3.345,0,0.614675,6.16896,4.51578e+06,3.09029e+06,1.48131e+07,0,0,0,0,60.3884,61.308,1.57238,1,1,1.5593,1.59005,0,1.20461,1.69344,9.38471e+06,4.1306e+06,1.46335e+07,0,0,0,1.12052e+08
93.3277,103.622,1.62784,0.02,0,3.35713,3.42335,0,0.614727,6.16896,4.51578e+06,3.09029e+06,1.51601e+07,0,0,0,0,59.9922,61.308,1.79703,1,1,1.59753,1.62904,0,1.20471,1.69344,9.38471e+06,4.1306e+06,1.49924e+07,0,0,0,1.12052e+08
91.9348,103.622,1.48269,0.02,0,3.35741,3.42364,0,0.629126,6.16896,4.51578e+06,3.09029e+06,1.51613e+07,0,0,0,0,59.4805,61.308,1.72479,1,1,1.59767,1.62918,0,1.23425,1.69344,9.38471e+06,4.1306e+06,1.49936e+07,0,0,0,1.12052e+08
90.4443,103.622,1.35393,0.02,0,3.3577,3.42393,0,0.629179,6.16896,4.51578e+06,3.09029e+06,1.51626e+07,0,0,0,0,58.9381,61.308,1.58674,1,1,1.5978,1.62932,0,1.23436,1.69344,9.38471e+06,4.1306e+06,1.49949e+07,0,0,0,1.12052e+08
88.8303,103.622,1.19518,0.02,0,3.35798,3.42422,0,0.629232,6.16896,4.51578e+06,3.09029e+06,1.51639e+07,0,0,0,0,58.3885,61.308,1.57236,1,1,1.59794,1.62946,0,1.23446,1.69344,9.38471e+06,4.1306e+06,1.49962e+07,0,0,0,1.12052e+08
87.0242,103.622,1.12127,0.02,0,3.58255,3.65321,0,0.629285,6.16896,4.51578e+06,3.09029e+06,1.6178e+07,0,0,0,0,57.7095,61.308,1.58641,1,1,1.69344,1.7699,0.0422193,1.23457,1.69344,9.38471e+06,4.1306e+06,1.58924e+07,0,0,0,1.12052e+08
85.1923,103.622,1.05734,0.03,0,3.58285,3.65352,0,0.671369,6.16896,4.51578e+06,3.09029e+06,1.61794e+07,0,0,0,0,57.0251,61.308,1.50731,1,1,1.69344,1.77005,0.0423657,1.30835,1.69344,9.38471e+06,4.1306e+06,1.58924e+07,0,0,0,1.12052e+08
83.4643,103.622,1.1382,0.02,0,3.58315,3.65383,0,0.671426,6.16896,4.51578e+06,3.09029e+06,1.61807e+07,0,0,0,0,56.4901,61.308,1.52039,1,1,1.69344,1.77019,0.0425122,1.30835,1.69344,9.38471e+06,4.1306e+06,1.58924e+07,0,0,0,1.12052e+08
82.2688,103.622,1.69568,0.03,0,3.58345,3.65414,0,0.671483,6.16896,4.51578e+06,3.09029e+06,1.61821e+07,0,0,0,0,56.0459,61.308,1.82429,1,1,1.69344,1.77034,0.0426587,1.30835,1.69344,9.38471e+06,4.1306e+06,1.58924e+07,0,0,0,1.12052e+08
81.6619,103.622,2.32136,0.03,0,3.58376,3.65445,0,0.671539,6.16896,4.51578e+06,3.09029e+06,1.61835e+07,0,0,0,0,55.6383,61.308,1.86333,1,1,1.69344,1.77049,0.0428052,1.30835,1.69344,9.38471e+06,4.1306e+06,1.58924e+07,0,0,0,1.12052e+08
81.0311,103.622,2.26913,0.03,0,3.47471,3.54325,0,0.671596,6.16896,4.51578e+06,3.09029e+06,1.5691e+07,0,0,0,0,55.2798,61.308,1.68789,1,1,1.65285,1.68545,0,1.30835,1.69344,9.38471e+06,4.1306e+06,1.55115e+07,0,0,0,1.12052e+08
80.2969,103.622,2.16748,0.03,0,3.475,3.54354,0,0.65116,6.16896,4.51578e+06,3.09029e+06,1.56923e+07,0,0,0,0,54.4672,61.308,1.88297,1,1,1.65299,1.68559,0,1.27699,1.69344,9.38471e+06,4.1306e+06,1.55128e+07,0,0,0,1.12052e+08
78.8364,103.622,1.31225,0.02,0,3.47529,3.54384,0,0.651215,6.16896,4.51578e+06,3.09029e+06,1.56937e+07,0,0,0,0,53.5988,61.308,1.15825,1,1,1.65313,1.68573,0,1.2771,1.69344,9.38471e+06,4.1306e+06,1.55141e+07,0,0,0,1.12052e+08
77.7788,103.622,1.77898,0.02,0,3.47559,3.54414,0,0.65127,6.16896,4.51578e+06,3.09029e+06,1.5695e+07,0,0,0,0,53.0689,61.308,1.41939,1,1,1.65326,1.68588,0,1.2772,1.69344,9.38471e+06,4.1306e+06,1.55154e+07,0,0,0,1.12052e+08
77.6531,103.622,2.67258,0.02,0,3.38609,3.45288,0,0.651325,6.16896,4.51578e+06,3.09029e+06,1.52908e+07,0,0,0,0,52.3595,61.308,1.45488,1,1,1.57733,1.60844,0,1.27731,1.69344,9.38471e+06,4.1306e+06,1.48028e+07,0,0,0,1.12052e+08
76.6766,103.622,1.78336,0.02,0,3.38637,3.45317,0,0.634553,6.16896,4.51578e+06,3.09029e+06,1.52921e+07,0,0,0,0,51.8726,61.308,1.24772,1,1,1.57746,1.60858,0,1.21865,1.69344,9.38471e+06,4.1306e+06,1.4804e+07,0,0,0,1.12052e+08
78.1075,103.622,4.51706,0.02,0,3.38666,3.45346,0,0.634606,6.16896,4.51578e+06,3.09029e+06,1.52934e+07,0,0,0,0,52.0219,61.308,3.84239,1,1,1.5776,1.60872,0,1.21875,1.69344,9.38471e+06,4.1306e+06,1.48053e+07,0,0,0,1.12052e+08
80.1885,103.622,5.25464,0.02,0,3.38695,3.45375,0,0.63466,6.16896,4.51578e+06,3.09029e+06,1.52947e+07,0,0,0,0,52.453,61.308,3.09512,1,1,1.57773,1.60885,0,1.21885,1.69344,9.38471e+06,4.1306e+06,1.48065e+07,0,0,0,1.12052e+08
80.2277,103.622,3.06738,0.02,0,3.19392,3.19392,0,0.634714,6.16896,4.51578e+06,2.70226e+06,1.4423e+07,0,0,0,0,52.9584,61.308,3.0339,0,1,1.44737,1.44737,0,1.21895,1.69344,9.38471e+06,3.61194e+06,1.35832e+07,0,0,0,1.12052e+08
82.5599,103.622,5.90837,0.02,0,3.19419,3.19419,0,0.59854,6.16896,4.51578e+06,2.70226e+06,1.44242e+07,0,0,0,0,55.849,61.308,8.48292,0,1,1.44749,1.44749,0,1.11824,1.69344,9.38471e+06,3.61194e+06,1.35843e+07,0,0,0,1.12052e+08
84.8573,103.622,5.73005,0.02,0,3.19446,3.19446,0,0.59859,6.16896,4.51578e+06,2.70226e+06,1.44255e+07,0,0,0,0,57.4454,61.308,5.46686,0,1,1.44761,1.44761,0,1.11833,1.69344,9.38471e+06,3.61194e+06,1.35854e+07,0,0,0,1.12052e+08
87.261,103.622,5.66763,0.02,0,3.19472,3.19472,0,0.598641,6.16896,4.51578e+06,2.70226e+06,1.44267e+07,0,0,0,0,58.3367,61.308,4.20594,0,1,1.44774,1.44774,0,1.11843,1.69344,9.38471e+06,3.61194e+06,1.35866e+07,0,0,0,1.12052e+08
90.0049,103.622,6.06919,0.02,0,3.19499,3.19499,0,0.598691,6.16896,4.51578e+06,2.70226e+06,1.44279e+07,0,0,0,0,60.7721,61.308,5.90468,0,1,1.44786,1.44786,0,1.11852,1.69344,9.38471e+06,3.61194e+06,1.35877e+07,0,0,0,1.12052e+08
91.3116,103.622,4.64225,0.01,0,3.29535,3.29535,0,0.598742,6.16896,4.51578e+06,2.70226e+06,1.48811e+07,0,0,0,0,61.4437,61.308,3.75844,0,1,1.49479,1.49479,0,1.11862,1.69344,9.38471e+06,3.61194e+06,1.40282e+07,0,0,0,1.12052e+08
91.6559,103.622,3.71763,0.01,0,3.2956,3.2956,0,0.617549,6.16896,4.51578e+06,2.70226e+06,1.48822e+07,0,0,0,0,61.7307,61.308,2.75123,0,1,1.49491,1.49491,0,1.15488,1.69344,9.38471e+06,3.61194e+06,1.40293e+07,0,0,0,1.12052e+08
92.8213,103.622,4.6565,0.02,0,3.29586,3.29586,0,0.617596,6.16896,4.51578e+06,2.70226e+06,1.48834e+07,0,0,0,0,61.6268,61.308,2.80818,0,1,1.49502,1.49502,0,1.15497,1.69344,9.38471e+06,3.61194e+06,1.40304e+07,0,0,0,1.12052e+08
92.6703,103.622,3.15257,0.02,0,3.29611,3.29611,0,0.617643,6.16896,4.51578e+06,2.70226e+06,1.48845e+07,0,0,0,0,61.5725,61.308,1.84277,0,1,1.49514,1.49514,0,1.15506,1.69344,9.38471e+06,3.61194e+06,1.40314e+07,0,0,0,1.12052e+08
92.2083,103.622,2.87271,0.02,0,3.5479,3.61788,0,0.617691,6.16896,4.51578e+06,3.09029e+06,1.60215e+07,0,0,0,0,61.4274,61.308,2.26823,1,1,1.63874,1.67106,0,1.15514,1.69344,9.38471e+06,4.1306e+06,1.53791e+07,0,0,0,1.12052e+08
91.9553,103.622,3.0255,0.02,0,3.54817,3.61816,0,0.664876,6.16896,4.51578e+06,3.09029e+06,1.60227e+07,0,0,0,0,61.291,61.308,2.16649,1,1,1.63886,1.67119,0,1.26609,1.69344,9.38471e+06,4.1306e+06,1.53803e+07,0,0,0,1.12052e+08
93.3383,103.622,5.21683,0.02,0,3.54844,3.61843,0,0.664927,6.16896,4.51578e+06,3.09029e+06,1.6024e+07,0,0,0,0,61.5679,61.308,3.14696,1,1,1.63899,1.67132,0,1.26619,1.69344,9.38471e+06,4.1306e+06,1.53814e+07,0,0,0,1.12052e+08
94.4329,103.622,4.71647,0.02,0,3.54871,3.61871,0,0.664978,6.16896,4.51578e+06,3.09029e+06,1.60252e+07,0,0,0,0,61.77,61.308,3.03865,1,1,1.63911,1.67145,0,1.26628,1.69344,9.38471e+06,4.1306e+06,1.53826e+07,0,0,0,1.12052e+08
95.6589,103.622,4.58654,0.02,0,3.16026,3.16026,0,0.665029,6.16896,4.51578e+06,2.70226e+06,1.4271e+07,0,0,0,0,61.9948,61.308,2.61325,0,1,1.43556,1.43556,0,1.26638,1.69344,9.38471e+06,3.61194e+06,1.34723e+07,0,0,0,1.12052e+08
96.148,103.622,3.98234,0.02,0,3.1605,3.1605,0,0.592233,6.16896,4.51578e+06,2.70226e+06,1.42721e+07,0,0,0,0,62.2751,61.308,2.66936,0,1,1.43567,1.43567,0,1.10912,1.69344,9.38471e+06,3.61194e+06,1.34734e+07,0,0,0,1.12052e+08
98.3385,103.622,5.80161,0.02,0,3.16074,3.16074,0,0.592278,6.16896,4.51578e+06,2.70226e+06,1.42732e+07,0,0,0,0,62.3362,61.308,3.27866,0,1,1.43578,1.43578,0,1.1092,1.69344,9.38471e+06,3.61194e+06,1.34744e+07,0,0,0,1.12052e+08
100.214,103.622,5.66995,0.01,0,3.16099,3.16099,0,0.592323,6.16896,4.51578e+06,2.70226e+06,1.42743e+07,0,0,0,0,62.3362,61.308,4.96855,0,1,1.43589,1.43589,0,1.10929,1.69344,9.38471e+06,3.61194e+06,1.34754e+07,0,0,0,1.12052e+08
102.445,103.622,5.88725,0.01,0,3.16123,3.16123,0,0.592369,6.16896,4.51578e+06,2.70226e+06,1.42754e+07,0,0,0,0,62.3326,61.308,3.73225,0,1,1.436,1.436,0,1.10937,1.69344,9.38471e+06,3.61194e+06,1.34765e+07,0,0,0,1.12052e+08
103.622,103.622,4.76022,0.01,0,3.27698,3.27698,0,0.592414,6.16896,4.51578e+06,2.70226e+06,1.47981e+07,0,0,0,0,62.3362,61.308,2.2499,0,1,1.49387,1.49387,0,1.10946,1.69344,9.38471e+06,3.61194e+06,1.40196e+07,0,0,0,1.12052e+08
103.622,103.622,4.57266,0,0,3.27723,3.27723,0,0.614107,6.16896,4.51578e+06,2.70226e+06,1.47993e+07,0,0,0,0,62.3362,61.308,3.61516,0,1,1.49399,1.49399,0,1.15417,1.69344,9.38471e+06,3.61194e+06,1.40206e+07,0,0,0,1.12052e+08
103.622,103.622,3.94155,0,0,3.27748,3.27748,0,0.614154,6.16896,4.51578e+06,2.70226e+06,1.48004e+07,0,0,0,0,62.3362,61.308,3.83487,0,1,1.4941,1.4941,0,1.15425,1.69344,9.38471e+06,3.61194e+06,1.40217e+07,0,0,0,1.12052e+08
103.075,103.622,2.92786,0,0,3.27774,3.27774,0,0.614201,6.16896,4.51578e+06,2.70226e+06,1.48015e+07,0,0,0,0,62.3362,61.308,2.8022,0,1,1.49422,1.49422,0,1.15434,1.69344,9.38471e+06,3.61194e+06,1.40228e+07,0,0,0,1.12052e+08
102.547,103.622,2.75003,0,0,3.23281,3.23281,0,0.614248,6.16896,4.51578e+06,2.70226e+06,1.45986e+07,0,0,0,0,62.3362,61.308,2.67176,0,1,1.47189,1.47189,0,1.15443,1.69344,9.38471e+06,3.61194e+06,1.38133e+07,0,0,0,1.12052e+08
101.841,103.622,2.61905,0,0,3.23306,3.23306,0,0.605828,6.16896,4.51578e+06,2.70226e+06,1.45998e+07,0,0,0,0,62.3362,61.308,2.72606,0,1,1.472,1.472,0,1.13718,1.69344,9.38471e+06,3.61194e+06,1.38143e+07,0,0,0,1.12052e+08
102.383,103.622,3.88205,0,0,3.2333,3.2333,0,0.605875,6.16896,4.51578e+06,2.70226e+06,1.46009e+07,0,0,0,0,62.3362,61.308,3.24918,0,1,1.47212,1.47212,0,1.13727,1.69344,9.38471e+06,3.61194e+06,1.38154e+07,0,0,0,1.12052e+08
101.72,103.622,2.5472,0,0,3.23355,3.23355,0,0.605921,6.16896,4.51578e+06,2.70226e+06,1.4602e+07,0,0,0,0,62.3362,61.308,2.77104,0,1,1.47223,1.47223,0,1.13736,1.69344,9.38471e+06,3.61194e+06,1.38164e+07,0,0,0,1.12052e+08
100.937,103.622,2.44354,0,0,3.32168,3.3872,0,0.605967,6.16896,4.51578e+06,3.09029e+06,1.5e+07,0,0,0,0,62.3362,61.308,2.81036,1,1,1.52192,1.55194,0,1.13744,1.69344,9.38471e+06,4.1306e+06,1.42828e+07,0,0,0,1.12052e+08
100.19,103.622,2.46118,0,0,3.32193,3.38746,0,0.622483,6.16896,4.51578e+06,3.09029e+06,1.50011e+07,0,0,0,0,62.3362,61.308,3.03309,1,1,1.52204,1.55206,0,1.17584,1.69344,9.38471e+06,4.1306e+06,1.42839e+07,0,0,0,1.12052e+08
99.2532,103.622,2.24678,0,0,3.32219,3.38772,0,0.62253,6.16896,4.51578e+06,3.09029e+06,1.50023e+07,0,0,0,0,62.3362,61.308,2.44059,1,1,1.52216,1.55218,0,1.17593,1.69344,9.38471e+06,4.1306e+06,1.4285e+07,0,0,0,1.12052e+08
98.1206,103.622,2.00654,0,0,3.32244,3.38798,0,0.622578,6.16896,4.51578e+06,3.09029e+06,1.50034e+07,0,0,0,0,62.3362,61.308,2.14251,1,1,1.52227,1.5523,0,1.17602,1.69344,9.38471e+06,4.1306e+06,1.42861e+07,0,0,0,1.12052e+08
97.0107,103.622,1.97245,0,0,3.3227,3.38824,0,0.622626,6.16896,4.51578e+06,3.09029e+06,1.50046e+07,0,0,0,0,62.3113,61.308,2.17725,1,1,1.52239,1.55242,0,1.17611,1.69344,9.38471e+06,4.1306e+06,1.42872e+07,0,0,0,1.12052e+08
96.1845,103.622,2.15463,0.01,0,3.29319,3.35815,0,0.622673,6.16896,4.51578e+06,3.09029e+06,1.48713e+07,0,0,0,0,62.1487,61.308,2.18058,1,1,1.56543,1.59631,0,1.1762,1.69344,9.38471e+06,4.1306e+06,1.46911e+07,0,0,0,1.12052e+08
95.2321,103.622,2.00309,0.02,0,3.29344,3.35841,0,0.617144,6.16896,4.51578e+06,3.09029e+06,1.48725e+07,0,0,0,0,61.9338,61.308,2.03099,1,1,1.56555,1.59643,0,1.20945,1.69344,9.38471e+06,4.1306e+06,1.46922e+07,0,0,0,1.12052e+08
94.2427,103.622,1.9389,0.02,0,3.29369,3.35866,0,0.617191,6.16896,4.51578e+06,3.09029e+06,1.48736e+07,0,0,0,0,61.5992,61.308,1.86887,1,1,1.56567,1.59655,0,1.20954,1.69344,9.38471e+06,4.1306e+06,1.46933e+07,0,0,0,1.12052e+08
93.21,103.622,1.85126,0.02,0,3.29395,3.35892,0,0.617238,6.16896,4.51578e+06,3.09029e+06,1.48747e+07,0,0,0,0,61.1926,61.308,1.75843,1,1,1.56579,1.59667,0,1.20963,1.69344,9.38471e+06,4.1306e+06,1.46945e+07,0,0,0,1.12052e+08
92.0291,103.622,1.72208,0.02,0,3.37108,3.43757,0,0.617285,6.16896,4.51578e+06,3.09029e+06,1.5223e+07,0,0,0,0,60.7612,61.308,1.72758,1,1,1.60417,1.63581,0,1.20973,1.69344,9.38471e+06,4.1306e+06,1.50547e+07,0,0,0,1.12052e+08
90.6506,103.622,1.49129,0.02,0,3.37134,3.43784,0,0.63174,6.16896,4.51578e+06,3.09029e+06,1.52242e+07,0,0,0,0,60.1107,61.308,1.5912,1,1,1.60429,1.63594,0,1.23938,1.69344,9.38471e+06,4.1306e+06,1.50558e+07,0,0,0,1.12052e+08
89.2067,103.622,1.38898,0.02,0,3.37159,3.4381,0,0.631788,6.16896,4.51578e+06,3.09029e+06,1.52254e+07,0,0,0,0,59.5028,61.308,1.45895,1,1,1.60442,1.63606,0,1.23948,1.69344,9.38471e+06,4.1306e+06,1.5057e+07,0,0,0,1.12052e+08
87.7664,103.622,1.37969,0.02,0,3.37185,3.43836,0,0.631837,6.16896,4.51578e+06,3.09029e+06,1.52265e+07,0,0,0,0,58.9444,61.308,1.56286,1,1,1.60454,1.63619,0,1.23957,1.69344,9.38471e+06,4.1306e+06,1.50581e+07,0,0,0,1.12052e+08
86.4043,103.622,1.61386,0.02,0,3.59732,3.66828,0,0.631885,6.16896,4.51578e+06,3.09029e+06,1.62447e+07,0,0,0,0,58.3712,61.308,1.59681,1,1,1.69344,1.77719,0.0493758,1.23967,1.69344,9.38471e+06,4.1306e+06,1.58924e+07,0,0,0,1.12052e+08
85.2335,103.622,1.77463,0.02,0,3.59759,3.66856,0,0.674138,6.16896,4.51578e+06,3.09029e+06,1.62459e+07,0,0,0,0,57.7702,61.308,1.65806,1,1,1.69344,1.77733,0.0495093,1.30835,1.69344,9.38471e+06,4.1306e+06,1.58924e+07,0,0,0,1.12052e+08
83.8913,103.622,1.6087,0.02,0,3.59787,3.66884,0,0.674189,6.16896,4.51578e+06,3.09029e+06,1.62472e+07,0,0,0,0,57.2204,61.308,1.58831,1,1,1.69344,1.77747,0.0496427,1.30835,1.69344,9.38471e+06,4.1306e+06,1.58924e+07,0,0,0,1.12052e+08
82.6,103.622,1.62412,0.02,0,3.59815,3.66912,0,0.674241,6.16896,4.51578e+06,3.09029e+06,1.62484e+07,0,0,0,0,56.7419,61.308,1.7171,1,1,1.69344,1.7776,0.0497762,1.30835,1.69344,9.38471e+06,4.1306e+06,1.58924e+07,0,0,0,1.12052e+08
81.4894,103.622,1.81412,0.02,0,3.59842,3.6694,0,0.674293,6.16896,4.51578e+06,3.09029e+06,1.62497e+07,0,0,0,0,56.2776,61.308,2.04782,1,1,1.69344,1.77774,0.0499096,1.30835,1.69344,9.38471e+06,4.1306e+06,1.58924e+07,0,0,0,1.12052e+08
80.148,103.622,1.43898,0.02,0,3.4889,3.55772,0,0.674344,6.16896,4.51578e+06,3.09029e+06,1.57551e+07,0,0,0,0,55.7687,61.308,1.73864,1,1,1.6596,1.69233,0,1.30835,1.69344,9.38471e+06,4.1306e+06,1.55748e+07,0,0,0,1.12052e+08
80.0796,103.622,2.74191,0.02,0,3.48916,3.55799,0,0.653819,6.16896,4.51578e+06,3.09029e+06,1.57563e+07,0,0,0,0,55.5327,61.308,3.25422,1,1,1.65972,1.69246,0,1.2822,1.69344,9.38471e+06,4.1306e+06,1.5576e+07,0,0,0,1.12052e+08
78.6316,103.622,1.29098,0.02,0,3.48943,3.55826,0,0.653869,6.16896,4.51578e+06,3.09029e+06,1.57575e+07,0,0,0,0,55.0127,61.308,1.80054,1,1,1.65985,1.69259,0,1.2823,1.69344,9.38471e+06,4.1306e+06,1.55772e+07,0,0,0,1.12052e+08
77.3583,103.622,1.42659,0.02,0,3.4897,3.55853,0,0.653919,6.16896,4.51578e+06,3.09029e+06,1.57587e+07,0,0,0,0,54.5626,61.308,1.78754,1,1,1.65998,1.69272,0,1.2824,1.69344,9.38471e+06,4.1306e+06,1.55784e+07,0,0,0,1.12052e+08
76.5963,103.622,1.97381,0.02,0,3.39981,3.46687,0,0.653969,6.16896,4.51578e+06,3.09029e+06,1.53528e+07,0,0,0,0,53.8839,61.308,1.78448,1,1,1.58372,1.61496,0,1.2825,1.69344,9.38471e+06,4.1306e+06,1.48628e+07,0,0,0,1.12052e+08
75.8493,103.622,1.98151,0.02,0,3.40007,3.46714,0,0.637125,6.16896,4.51578e+06,3.09029e+06,1.5354e+07,0,0,0,0,53.427,61.308,1.21239,1,1,1.58384,1.61509,0,1.22358,1.69344,9.38471e+06,4.1306e+06,1.48639e+07,0,0,0,1.12052e+08
75.4146,103.622,2.35071,0.02,0,3.40033,3.4674,0,0.637173,6.16896,4.51578e+06,3.09029e+06,1.53551e+07,0,0,0,0,53.2696,61.308,2.69477,1,1,1.58397,1.61521,0,1.22368,1.69344,9.38471e+06,4.1306e+06,1.48651e+07,0,0,0,1.12052e+08
78.4538,103.622,6.19592,0.02,0,3.40059,3.46767,0,0.637222,6.16896,4.51578e+06,3.09029e+06,1.53563e+07,0,0,0,0,53.9939,61.308,5.39358,1,1,1.58409,1.61533,0,1.22377,1.69344,9.38471e+06,4.1306e+06,1.48662e+07,0,0,0,1.12052e+08
79.3077,103.622,3.6406,0.02,0,3.20676,3.20676,0,0.637271,6.16896,4.51578e+06,2.70226e+06,1.4481e+07,0,0,0,0,54.0712,61.308,2.13944,0,1,1.45319,1.45319,0,1.22387,1.69344,9.38471e+06,3.61194e+06,1.36378e+07,0,0,0,1.12052e+08
80.2605,103.622,3.8782,0.02,0,3.207,3.207,0,0.600947,6.16896,4.51578e+06,2.70226e+06,1.44821e+07,0,0,0,0,54.2339,61.308,2.87833,0,1,1.4533,1.4533,0,1.12273,1.69344,9.38471e+06,3.61194e+06,1.36388e+07,0,0,0,1.12052e+08
81.4127,103.622,4.07293,0.02,0,3.20725,3.20725,0,0.600993,6.16896,4.51578e+06,2.70226e+06,1.44832e+07,0,0,0,0,54.3746,61.308,2.66139,0,1,1.45341,1.45341,0,1.12282,1.69344,9.38471e+06,3.61194e+06,1.36399e+07,0,0,0,1.12052e+08
81.9236,103.622,3.45155,0.02,0,3.2075,3.2075,0,0.601039,6.16896,4.51578e+06,2.70226e+06,1.44843e+07,0,0,0,0,54.4959,61.308,2.54463,0,1,1.45352,1.45352,0,1.12291,1.69344,9.38471e+06,3.61194e+06,1.36409e+07,0,0,0,1.12052e+08
84.4611,103.622,5.48233,0.02,0,3.20774,3.20774,0,0.601085,6.16896,4.51578e+06,2.70226e+06,1.44855e+07,0,0,0,0,54.5942,61.308,2.8762,0,1,1.45364,1.45364,0,1.12299,1.69344,9.38471e+06,3.61194e+06,1.36419e+07,0,0,0,1.12052e+08
85.3711,103.622,4.14283,0.02,0,3.30847,3.30847,0,0.601131,6.16896,4.51578e+06,2.70226e+06,1.49403e+07,0,0,0,0,54.7554,61.308,2.88867,0,1,1.50075,1.50075,0,1.12308,1.69344,9.38471e+06,3.61194e+06,1.40841e+07,0,0,0,1.12052e+08
85.0531,103.622,2.75744,0.02,0,3.3087,3.3087,0,0.620008,6.16896,4.51578e+06,2.70226e+06,1.49414e+07,0,0,0,0,55.0415,61.308,3.18251,0,1,1.50085,1.50085,0,1.15948,1.69344,9.38471e+06,3.61194e+06,1.4085e+07,0,0,0,1.12052e+08
91.2057,103.622,10.2041,0.02,0,3.30893,3.30893,0,0.62005,6.16896,4.51578e+06,2.70226e+06,1.49424e+07,0,0,0,0,57.0918,61.308,9.09436,0,1,1.50095,1.50095,0,1.15956,1.69344,9.38471e+06,3.61194e+06,1.4086e+07,0,0,0,1.12052e+08
92.9278,103.622,5.1209,0.02,0,3.30916,3.30916,0,0.620093,6.16896,4.51578e+06,2.70226e+06,1.49434e+07,0,0,0,0,57.9982,61.308,5.14888,0,1,1.50106,1.50106,0,1.15964,1.69344,9.38471e+06,3.61194e+06,1.4087e+07,0,0,0,1.12052e+08
95.2242,103.622,6.18842,0.02,0,3.56191,3.63217,0,0.620136,6.16896,4.51578e+06,3.09029e+06,1.60848e+07,0,0,0,0,59.7433,61.308,7.99132,1,1,1.64521,1.67766,0,1.15972,1.69344,9.38471e+06,4.1306e+06,1.54398e+07,0,0,0,1.12052e+08
95.5306,103.622,3.85261,0.02,0,3.56216,3.63242,0,0.667503,6.16896,4.51578e+06,3.09029e+06,1.60859e+07,0,0,0,0,60.5792,61.308,4.52439,1,1,1.64533,1.67778,0,1.27109,1.69344,9.38471e+06,4.1306e+06,1.54409e+07,0,0,0,1.12052e+08
94.8566,103.622,2.81036,0.02,0,3.5624,3.63267,0,0.667549,6.16896,4.51578e+06,3.09029e+06,1.6087e+07,0,0,0,0,60.7923,61.308,3.05717,1,1,1.64544,1.6779,0,1.27118,1.69344,9.38471e+06,4.1306e+06,1.5442e+07,0,0,0,1.12052e+08
94.0781,103.622,2.66892,0.01,0,3.56265,3.63292,0,0.667594,6.16896,4.51578e+06,3.09029e+06,1.60881e+07,0,0,0,0,61.054,61.308,3.31734,1,1,1.64555,1.67801,0,1.27127,1.69344,9.38471e+06,4.1306e+06,1.5443e+07,0,0,0,1.12052e+08
94.6682,103.622,4.00238,0.01,0,3.17265,3.17265,0,0.66764,6.16896,4.51578e+06,2.70226e+06,1.4327e+07,0,0,0,0,62.0083,61.308,3.7693,0,1,1.44119,1.44119,0,1.27135,1.69344,9.38471e+06,3.61194e+06,1.35252e+07,0,0,0,1.12052e+08
96.3448,103.622,5.25797,0.02,0,3.17286,3.17286,0,0.594554,6.16896,4.51578e+06,2.70226e+06,1.4328e+07,0,0,0,0,62.3362,61.308,5.55924,0,1,1.44129,1.44129,0,1.11346,1.69344,9.38471e+06,3.61194e+06,1.35261e+07,0,0,0,1.12052e+08
98.4197,103.622,5.70169,0.02,0,3.17308,3.17308,0,0.594595,6.16896,4.51578e+06,2.70226e+06,1.43289e+07,0,0,0,0,62.3362,61.308,5.30634,0,1,1.44139,1.44139,0,1.11354,1.69344,9.38471e+06,3.61194e+06,1.3527e+07,0,0,0,1.12052e+08
99.993,103.622,5.18327,0.01,0,3.1733,3.1733,0,0.594636,6.16896,4.51578e+06,2.70226e+06,1.43299e+07,0,0,0,0,62.3362,61.308,5.33199,0,1,1.44149,1.44149,0,1.11362,1.69344,9.38471e+06,3.61194e+06,1.35279e+07,0,0,0,1.12052e+08
102.259,103.622,5.9491,0,0,3.17352,3.17352,0,0.594677,6.16896,4.51578e+06,2.70226e+06,1.43309e+07,0,0,0,0,62.3362,61.308,4.51532,0,1,1.44159,1.44159,0,1.11369,1.69344,9.38471e+06,3.61194e+06,1.35289e+07,0,0,0,1.12052e+08
102.658,103.622,3.9643,0,0,3.2897,3.2897,0,0.594718,6.16896,4.51578e+06,2.70226e+06,1.48556e+07,0,0,0,0,62.3362,61.308,4.02608,0,1,1.49967,1.49967,0,1.11377,1.69344,9.38471e+06,3.61194e+06,1.4074e+07,0,0,0,1.12052e+08
102.712,103.622,3.62466,0,0,3.28993,3.28993,0,0.61649,6.16896,4.51578e+06,2.70226e+06,1.48566e+07,0,0,0,0,62.3362,61.308,4.52789,0,1,1.49977,1.49977,0,1.15864,1.69344,9.38471e+06,3.61194e+06,1.40749e+07,0,0,0,1.12052e+08
102.767,103.622,3.66257,0,0,3.29015,3.29015,0,0.616532,6.16896,4.51578e+06,2.70226e+06,1.48576e+07,0,0,0,0,62.3362,61.308,4.70668,0,1,1.49988,1.49988,0,1.15872,1.69344,9.38471e+06,3.61194e+06,1.40759e+07,0,0,0,1.12052e+08
102.53,103.622,3.13947,0,0,3.29038,3.29038,0,0.616575,6.16896,4.51578e+06,2.70226e+06,1.48586e+07,0,0,0,0,62.3362,61.308,3.11229,0,1,1.49998,1.49998,0,1.1588,1.69344,9.38471e+06,3.61194e+06,1.40769e+07,0,0,0,1.12052e+08
102.362,103.622,3.20666,0,0,3.24525,3.24525,0,0.616617,6.16896,4.51578e+06,2.70226e+06,1.46548e+07,0,0,0,0,62.3362,61.308,3.85541,0,1,1.47756,1.47756,0,1.15888,1.69344,9.38471e+06,3.61194e+06,1.38664e+07,0,0,0,1.12052e+08
101.691,103.622,2.63088,0,0,3.24548,3.24548,0,0.60816,6.16896,4.51578e+06,2.70226e+06,1.46559e+07,0,0,0,0,62.3362,61.308,3.21475,0,1,1.47766,1.47766,0,1.14156,1.69344,9.38471e+06,3.61194e+06,1.38674e+07,0,0,0,1.12052e+08
100.911,103.622,2.39818,0,0,3.2457,3.2457,0,0.608202,6.16896,4.51578e+06,2.70226e+06,1.46569e+07,0,0,0,0,62.3362,61.308,2.84224,0,1,1.47776,1.47776,0,1.14164,1.69344,9.38471e+06,3.61194e+06,1.38683e+07,0,0,0,1.12052e+08
100.102,103.622,2.3666,0,0,3.24592,3.24592,0,0.608244,6.16896,4.51578e+06,2.70226e+06,1.46579e+07,0,0,0,0,62.3362,61.308,3.10102,0,1,1.47786,1.47786,0,1.14172,1.69344,9.38471e+06,3.61194e+06,1.38693e+07,0,0,0,1.12052e+08
99.0997,103.622,2.17492,0,0,3.33436,3.40013,0,0.608286,6.16896,4.51578e+06,3.09029e+06,1.50572e+07,0,0,0,0,62.3362,61.308,2.88399,1,1,1.52773,1.55787,0,1.1418,1.69344,9.38471e+06,4.1306e+06,1.43373e+07,0,0,0,1.12052e+08
98.1065,103.622,2.14261,0,0,3.33459,3.40037,0,0.624859,6.16896,4.51578e+06,3.09029e+06,1.50583e+07,0,0,0,0,62.3362,61.308,2.85823,1,1,1.52784,1.55798,0,1.18033,1.69344,9.38471e+06,4.1306e+06,1.43383e+07,0,0,0,1.12052e+08
96.9719,103.622,1.96678,0,0,3.33482,3.4006,0,0.624902,6.16896,4.51578e+06,3.09029e+06,1.50593e+07,0,0,0,0,62.3362,61.308,2.58968,1,1,1.52794,1.55808,0,1.18041,1.69344,9.38471e+06,4.1306e+06,1.43393e+07,0,0,0,1.12052e+08
95.7736,103.622,1.82566,0,0,3.33505,3.40084,0,0.624945,6.16896,4.51578e+06,3.09029e+06,1.50604e+07,0,0,0,0,62.3362,61.308,2.49293,1,1,1.52805,1.55819,0,1.18049,1.69344,9.38471e+06,4.1306e+06,1.43403e+07,0,0,0,1.12052e+08
94.5328,103.622,1.75726,0.01,0,3.33528,3.40107,0,0.624988,6.16896,4.51578e+06,3.09029e+06,1.50614e+07,0,0,0,0,62.3362,61.308,2.37392,1,1,1.52815,1.5583,0,1.18057,1.69344,9.38471e+06,4.1306e+06,1.43413e+07,0,0,0,1.12052e+08
93.4192,103.622,1.84113,0.01,0,3.30564,3.37084,0,0.625031,6.16896,4.51578e+06,3.09029e+06,1.49275e+07,0,0,0,0,62.3362,61.308,2.6683,1,1,1.57134,1.60234,0,1.18065,1.69344,9.38471e+06,4.1306e+06,1.47466e+07,0,0,0,1.12052e+08
92.2763,103.622,1.7959,0.01,0,3.30586,3.37107,0,0.619476,6.16896,4.51578e+06,3.09029e+06,1.49285e+07,0,0,0,0,62.3362,61.308,2.61822,1,1,1.57145,1.60245,0,1.21402,1.69344,9.38471e+06,4.1306e+06,1.47476e+07,0,0,0,1.12052e+08
91.0399,103.622,1.65045,0.01,0,3.30609,3.3713,0,0.619519,6.16896,4.51578e+06,3.09029e+06,1.49296e+07,0,0,0,0,62.328,61.308,2.4517,1,1,1.57156,1.60256,0,1.2141,1.69344,9.38471e+06,4.1306e+06,1.47486e+07,0,0,0,1.12052e+08
89.6889,103.622,1.50593,0.02,0,3.30632,3.37154,0,0.619561,6.16896,4.51578e+06,3.09029e+06,1.49306e+07,0,0,0,0,62.2754,61.308,2.44966,1,1,1.57167,1.60267,0,1.21419,1.69344,9.38471e+06,4.1306e+06,1.47496e+07,0,0,0,1.12052e+08
88.36,103.622,1.5218,0.02,0,3.38371,3.45046,0,0.619604,6.16896,4.51578e+06,3.09029e+06,1.52801e+07,0,0,0,0,62.1862,61.308,2.39955,1,1,1.61018,1.64194,0,1.21427,1.69344,9.38471e+06,4.1306e+06,1.51111e+07,0,0,0,1.12052e+08
86.9827,103.622,1.43934,0.02,0,3.38395,3.4507,0,0.634108,6.16896,4.51578e+06,3.09029e+06,1.52812e+07,0,0,0,0,62.0571,61.308,2.31272,1,1,1.61029,1.64206,0,1.24403,1.69344,9.38471e+06,4.1306e+06,1.51121e+07,0,0,0,1.12052e+08
85.4819,103.622,1.28408,0.02,0,3.38418,3.45093,0,0.634152,6.16896,4.51578e+06,3.09029e+06,1.52822e+07,0,0,0,0,61.8846,61.308,2.1066,1,1,1.6104,1.64217,0,1.24411,1.69344,9.38471e+06,4.1306e+06,1.51132e+07,0,0,0,1.12052e+08
83.9064,103.622,1.17433,0.02,0,3.38441,3.45117,0,0.634195,6.16896,4.51578e+06,3.09029e+06,1.52833e+07,0,0,0,0,61.7001,61.308,2.05772,1,1,1.61052,1.64228,0,1.2442,1.69344,9.38471e+06,4.1306e+06,1.51142e+07,0,0,0,1.12052e+08
81.9865,103.622,0.924995,0.02,0,3.61069,3.68191,0,0.634239,6.16896,4.51578e+06,3.09029e+06,1.63051e+07,0,0,0,0,61.3783,61.308,1.9682,1,1,1.69344,1.7838,0.0558542,1.24428,1.69344,9.38471e+06,4.1306e+06,1.58924e+07,0,0,0,1.12052e+08
80.0403,103.622,0.842139,0.02,0,3.61094,3.68217,0,0.676644,6.16896,4.51578e+06,3.09029e+06,1.63062e+07,0,0,0,0,60.9534,61.308,1.8631,1,1,1.69344,1.78392,0.0559745,1.30835,1.69344,9.38471e+06,4.1306e+06,1.58924e+07,0,0,0,1.12052e+08
78.4605,103.622,1.21307,0.02,0,3.61119,3.68242,0,0.67669,6.16896,4.51578e+06,3.09029e+06,1.63073e+07,0,0,0,0,60.6387,61.308,2.22737,1,1,1.69344,1.78404,0.0560949,1.30835,1.69344,9.38471e+06,4.1306e+06,1.58924e+07,0,0,0,1.12052e+08
77.3137,103.622,1.66366,0.02,0,3.61144,3.68267,0,0.676737,6.16896,4.51578e+06,3.09029e+06,1.63085e+07,0,0,0,0,60.5235,61.308,2.49112,1,1,1.69344,1.78417,0.0562153,1.30835,1.69344,9.38471e+06,4.1306e+06,1.58924e+07,0,0,0,1.12052e+08
76.1643,103.622,1.62134,0.02,0,3.61169,3.68293,0,0.676783,6.16896,4.51578e+06,3.09029e+06,1.63096e+07,0,0,0,0,60.4487,61.308,2.9402,1,1,1.69344,1.78429,0.0563356,1.30835,1.69344,9.38471e+06,4.1306e+06,1.58924e+07,0,0,0,1.12052e+08
75.3792,103.622,1.95286,0.02,0,3.50173,3.5708,0,0.67683,6.16896,4.51578e+06,3.09029e+06,1.5813e+07,0,0,0,0,60.4207,61.308,2.80024,1,1,1.6657,1.69856,0,1.30835,1.69344,9.38471e+06,4.1306e+06,1.56321e+07,0,0,0,1.12052e+08
75.8158,103.622,3.22355,0.02,0,3.50197,3.57105,0,0.656224,6.16896,4.51578e+06,3.09029e+06,1.58141e+07,0,0,0,0,60.8779,61.308,4.9291,1,1,1.66582,1.69867,0,1.28692,1.69344,9.38471e+06,4.1306e+06,1.56332e+07,0,0,0,1.12052e+08
74.7678,103.622,1.66282,0.02,0,3.50221,3.57129,0,0.656269,6.16896,4.51578e+06,3.09029e+06,1.58152e+07,0,0,0,0,60.8026,61.308,2.98927,1,1,1.66593,1.69879,0,1.28701,1.69344,9.38471e+06,4.1306e+06,1.56343e+07,0,0,0,1.12052e+08
73.7812,103.622,1.63828,0.02,0,3.50245,3.57154,0,0.656314,6.16896,4.51578e+06,3.09029e+06,1.58163e+07,0,0,0,0,60.8001,61.308,2.74459,1,1,1.66604,1.69891,0,1.2871,1.69344,9.38471e+06,4.1306e+06,1.56353e+07,0,0,0,1.12052e+08
74.0685,103.622,2.99613,0.02,0,3.41221,3.47952,0,0.656359,6.16896,4.51578e+06,3.09029e+06,1.54088e+07,0,0,0,0,61.0179,61.308,2.76655,1,1,1.5895,1.62085,0,1.28719,1.69344,9.38471e+06,4.1306e+06,1.4917e+07,0,0,0,1.12052e+08
76.2003,103.622,5.17374,0.02,0,3.41244,3.47976,0,0.639448,6.16896,4.51578e+06,3.09029e+06,1.54098e+07,0,0,0,0,61.7515,61.308,3.77714,1,1,1.58961,1.62096,0,1.22805,1.69344,9.38471e+06,4.1306e+06,1.4918e+07,0,0,0,1.12052e+08
79.1847,103.622,6.18889,0.02,0,3.41268,3.48,0,0.639492,6.16896,4.51578e+06,3.09029e+06,1.54109e+07,0,0,0,0,62.3362,61.308,4.99759,1,1,1.58972,1.62108,0,1.22813,1.69344,9.38471e+06,4.1306e+06,1.4919e+07,0,0,0,1.12052e+08
83.4147,103.622,7.3504,0.02,0,3.41291,3.48024,0,0.639536,6.16896,4.51578e+06,3.09029e+06,1.5412e+07,0,0,0,0,62.3362,61.308,5.02171,1,1,1.58983,1.62119,0,1.22822,1.69344,9.38471e+06,4.1306e+06,1.49201e+07,0,0,0,1.12052e+08
86.9019,103.622,6.52706,0.02,0,3.21835,3.21835,0,0.63958,6.16896,4.51578e+06,2.70226e+06,1.45334e+07,0,0,0,0,62.3362,61.308,3.85332,0,1,1.45844,1.45844,0,1.2283,1.69344,9.38471e+06,3.61194e+06,1.36871e+07,0,0,0,1.12052e+08
90.9832,103.622,7.42967,0.02,0,3.21858,3.21858,0,0.60312,6.16896,4.51578e+06,2.70226e+06,1.45344e+07,0,0,0,0,62.3362,61.308,5.47735,0,1,1.45855,1.45855,0,1.12679,1.69344,9.38471e+06,3.61194e+06,1.3688e+07,0,0,0,1.12052e+08
96.3207,103.622,8.67732,0.01,0,3.2188,3.2188,0,0.603161,6.16896,4.51578e+06,2.70226e+06,1.45354e+07,0,0,0,0,62.3362,61.308,6.76372,0,1,1.45865,1.45865,0,1.12687,1.69344,9.38471e+06,3.61194e+06,1.3689e+07,0,0,0,1.12052e+08
98.6306,103.622,5.61985,0.01,0,3.21902,3.21902,0,0.603203,6.16896,4.51578e+06,2.70226e+06,1.45364e+07,0,0,0,0,62.3362,61.308,3.14526,0,1,1.45875,1.45875,0,1.12695,1.69344,9.38471e+06,3.61194e+06,1.36899e+07,0,0,0,1.12052e+08
101.058,103.622,5.88743,0,0,3.21924,3.21924,0,0.603244,6.16896,4.51578e+06,2.70226e+06,1.45374e+07,0,0,0,0,62.3362,61.308,3.21686,0,1,1.45885,1.45885,0,1.12703,1.69344,9.38471e+06,3.61194e+06,1.36908e+07,0,0,0,1.12052e+08
103.622,103.622,6.31376,0,0,3.32031,3.32031,0,0.603286,6.16896,4.51578e+06,2.70226e+06,1.49938e+07,0,0,0,0,62.3362,61.308,4.47532,0,1,1.50611,1.50611,0,1.1271,1.69344,9.38471e+06,3.61194e+06,1.41345e+07,0,0,0,1.12052e+08
103.622,103.622,7.80727,0,0,3.32051,3.32051,0,0.622226,6.16896,4.51578e+06,2.70226e+06,1.49947e+07,0,0,0,0,62.3362,61.308,4.58902,0,1,1.50621,1.50621,0,1.16362,1.69344,9.38471e+06,3.61194e+06,1.41353e+07,0,0,0,1.12052e+08
103.622,103.622,5.40479,0,0,3.32071,3.32071,0,0.622264,6.16896,4.51578e+06,2.70226e+06,1.49956e+07,0,0,0,0,62.3362,61.308,3.22579,0,1,1.5063,1.5063,0,1.1637,1.69344,9.38471e+06,3.61194e+06,1.41362e+07,0,0,0,1.12052e+08
103.622,103.622,5.10387,0.01,0,3.32092,3.32092,0,0.622302,6.16896,4.51578e+06,2.70226e+06,1.49965e+07,0,0,0,0,62.3362,61.308,3.16784,0,1,1.50639,1.50639,0,1.16377,1.69344,9.38471e+06,3.61194e+06,1.4137e+07,0,0,0,1.12052e+08
103.622,103.622,6.35814,0.01,0,3.57454,3.64505,0,0.62234,6.16896,4.51578e+06,3.09029e+06,1.61419e+07,0,0,0,0,62.3362,61.308,3.12177,1,1,1.65105,1.68361,0,1.16384,1.69344,9.38471e+06,4.1306e+06,1.54946e+07,0,0,0,1.12052e+08
103.622,103.622,10.0185,0.01,0,3.57476,3.64528,0,0.66987,6.16896,4.51578e+06,3.09029e+06,1.61428e+07,0,0,0,0,62.3362,61.308,5.28443,1,1,1.65115,1.68372,0,1.2756,1.69344,9.38471e+06,4.1306e+06,1.54955e+07,0,0,0,1.12052e+08
103.622,103.622,9.83148,0.01,0,3.57498,3.6455,0,0.66991,6.16896,4.51578e+06,3.09029e+06,1.61438e+07,0,0,0,0,62.3362,61.308,5.4456,1,1,1.65125,1.68382,0,1.27568,1.69344,9.38471e+06,4.1306e+06,1.54965e+07,0,0,0,1.12052e+08
103.622,103.622,9.15659,0.01,0,3.5752,3.64572,0,0.669951,6.16896,4.51578e+06,3.09029e+06,1.61448e+07,0,0,0,0,62.3362,61.308,4.91665,1,1,1.65135,1.68392,0,1.27575,1.69344,9.38471e+06,4.1306e+06,1.54974e+07,0,0,0,1.12052e+08
103.622,103.622,7.00377,0,0,3.1838,3.1838,0,0.669992,6.16896,4.51578e+06,2.70226e+06,1.43773e+07,0,0,0,0,62.3362,61.308,4.01064,0,1,1.44626,1.44626,0,1.27583,1.69344,9.38471e+06,3.61194e+06,1.35727e+07,0,0,0,1.12052e+08
103.622,103.622,7.18231,0.01,0,3.18399,3.18399,0,0.596644,6.16896,4.51578e+06,2.70226e+06,1.43782e+07,0,0,0,0,62.3362,61.308,4.54119,0,1,1.44634,1.44634,0,1.11738,1.69344,9.38471e+06,3.61194e+06,1.35735e+07,0,0,0,1.12052e+08
103.622,103.622,8.41877,0.01,0,3.18419,3.18419,0,0.59668,6.16896,4.51578e+06,2.70226e+06,1.43791e+07,0,0,0,0,62.3362,61.308,5.32818,0,1,1.44643,1.44643,0,1.11745,1.69344,9.38471e+06,3.61194e+06,1.35743e+07,0,0,0,1.12052e+08
103.622,103.622,7.1377,0.01,0,3.18438,3.18438,0,0.596716,6.16896,4.51578e+06,2.70226e+06,1.438e+07,0,0,0,0,62.3362,61.308,4.32978,0,1,1.44652,1.44652,0,1.11751,1.69344,9.38471e+06,3.61194e+06,1.35752e+07,0,0,0,1.12052e+08
103.622,103.622,6.23143,0.01,0,3.18458,3.18458,0,0.596753,6.16896,4.51578e+06,2.70226e+06,1.43808e+07,0,0,0,0,62.3362,61.308,3.71228,0,1,1.44661,1.44661,0,1.11758,1.69344,9.38471e+06,3.61194e+06,1.3576e+07,0,0,0,1.12052e+08
103.622,103.622,5.02083,0.01,0,3.30113,3.30113,0,0.596789,6.16896,4.51578e+06,2.70226e+06,1.49072e+07,0,0,0,0,62.3362,61.308,3.6343,0,1,1.50488,1.50488,0,1.11765,1.69344,9.38471e+06,3.61194e+06,1.41229e+07,0,0,0,1.12052e+08
103.622,103.622,4.59241,0,0,3.30134,3.30134,0,0.618633,6.16896,4.51578e+06,2.70226e+06,1.49081e+07,0,0,0,0,62.3362,61.308,3.231,0,1,1.50497,1.50497,0,1.16267,1.69344,9.38471e+06,3.61194e+06,1.41237e+07,0,0,0,1.12052e+08
103.622,103.622,4.08344,0,0,3.30154,3.30154,0,0.61867,6.16896,4.51578e+06,2.70226e+06,1.4909e+07,0,0,0,0,62.3362,61.308,3.33334,0,1,1.50507,1.50507,0,1.16274,1.69344,9.38471e+06,3.61194e+06,1.41246e+07,0,0,0,1.12052e+08
103.622,103.622,3.98169,0,0,3.30174,3.30174,0,0.618708,6.16896,4.51578e+06,2.70226e+06,1.49099e+07,0,0,0,0,62.3362,61.308,3.01192,0,1,1.50516,1.50516,0,1.16281,1.69344,9.38471e+06,3.61194e+06,1.41255e+07,0,0,0,1.12052e+08
103.622,103.622,3.66592,0,0,3.25643,3.25643,0,0.618746,6.16896,4.51578e+06,2.70226e+06,1.47053e+07,0,0,0,0,62.2294,61.308,2.65575,0,1,1.48265,1.48265,0,1.16289,1.69344,9.38471e+06,3.61194e+06,1.39142e+07,0,0,0,1.12052e+08
103.572,103.622,3.04824,0,0,3.25663,3.25663,0,0.610255,6.16896,4.51578e+06,2.70226e+06,1.47062e+07,0,0,0,0,62.3123,61.308,2.18484,0,1,1.48274,1.48274,0,1.14549,1.69344,9.38471e+06,3.61194e+06,1.39151e+07,0,0,0,1.12052e+08
103.453,103.622,2.99862,0,0,3.25683,3.25683,0,0.610293,6.16896,4.51578e+06,2.70226e+06,1.47071e+07,0,0,0,0,62.3229,61.308,2.45663,0,1,1.48283,1.48283,0,1.14556,1.69344,9.38471e+06,3.61194e+06,1.39159e+07,0,0,0,1.12052e+08
103.29,103.622,2.92693,0,0,3.25703,3.25703,0,0.61033,6.16896,4.51578e+06,2.70226e+06,1.4708e+07,0,0,0,0,62.2646,61.308,2.23698,0,1,1.48292,1.48292,0,1.14563,1.69344,9.38471e+06,3.61194e+06,1.39168e+07,0,0,0,1.12052e+08
102.935,103.622,2.771,0,0,3.34575,3.41174,0,0.610367,6.16896,4.51578e+06,3.09029e+06,1.51086e+07,0,0,0,0,62.0561,61.308,2.0167,1,1,1.53295,1.56319,0,1.1457,1.69344,9.38471e+06,4.1306e+06,1.43863e+07,0,0,0,1.12052e+08
102.48,103.622,2.6076,0,0,3.34595,3.41195,0,0.626993,6.16896,4.51578e+06,3.09029e+06,1.51096e+07,0,0,0,0,61.7805,61.308,1.88689,1,1,1.53304,1.56328,0,1.18436,1.69344,9.38471e+06,4.1306e+06,1.43872e+07,0,0,0,1.12052e+08
101.936,103.622,2.50272,0,0,3.34615,3.41216,0,0.627031,6.16896,4.51578e+06,3.09029e+06,1.51105e+07,0,0,0,0,61.5823,61.308,1.91215,1,1,1.53314,1.56338,0,1.18443,1.69344,9.38471e+06,4.1306e+06,1.4388e+07,0,0,0,1.12052e+08
101.295,103.622,2.38985,0,0,3.34636,3.41237,0,0.627069,6.16896,4.51578e+06,3.09029e+06,1.51114e+07,0,0,0,0,61.323,61.308,1.85982,1,1,1.53323,1.56347,0,1.1845,1.69344,9.38471e+06,4.1306e+06,1.43889e+07,0,0,0,1.12052e+08
100.52,103.622,2.23547,0,0,3.34656,3.41257,0,0.627108,6.16896,4.51578e+06,3.09029e+06,1.51123e+07,0,0,0,0,60.8993,61.308,1.74993,1,1,1.53332,1.56357,0,1.18457,1.69344,9.38471e+06,4.1306e+06,1.43898e+07,0,0,0,1.12052e+08
99.5165,103.622,1.92535,0.01,0,3.31679,3.38222,0,0.627146,6.16896,4.51578e+06,3.09029e+06,1.49779e+07,0,0,0,0,60.2684,61.308,1.54701,1,1,1.57665,1.60775,0,1.18465,1.69344,9.38471e+06,4.1306e+06,1.47964e+07,0,0,0,1.12052e+08
98.3519,103.622,1.74249,0.01,0,3.31699,3.38242,0,0.621567,6.16896,4.51578e+06,3.09029e+06,1.49788e+07,0,0,0,0,59.6299,61.308,1.38128,1,1,1.57674,1.60784,0,1.21812,1.69344,9.38471e+06,4.1306e+06,1.47973e+07,0,0,0,1.12052e+08
97.1547,103.622,1.66137,0.01,0,3.3172,3.38263,0,0.621605,6.16896,4.51578e+06,3.09029e+06,1.49797e+07,0,0,0,0,58.8938,61.308,1.34294,1,1,1.57684,1.60794,0,1.21819,1.69344,9.38471e+06,4.1306e+06,1.47982e+07,0,0,0,1.12052e+08
95.817,103.622,1.48895,0.01,0,3.3174,3.38284,0,0.621643,6.16896,4.51578e+06,3.09029e+06,1.49806e+07,0,0,0,0,58.0795,61.308,1.29641,1,1,1.57694,1.60804,0,1.21827,1.69344,9.38471e+06,4.1306e+06,1.47991e+07,0,0,0,1.12052e+08
94.4186,103.622,1.48274,0.02,0,3.39503,3.462,0,0.621681,6.16896,4.51578e+06,3.09029e+06,1.53312e+07,0,0,0,0,57.2111,61.308,1.25601,1,1,1.61557,1.64743,0,1.21834,1.69344,9.38471e+06,4.1306e+06,1.51616e+07,0,0,0,1.12052e+08
93.0672,103.622,1.52447,0.02,0,3.39524,3.46221,0,0.636228,6.16896,4.51578e+06,3.09029e+06,1.53321e+07,0,0,0,0,56.3085,61.308,1.29031,1,1,1.61567,1.64754,0,1.24819,1.69344,9.38471e+06,4.1306e+06,1.51626e+07,0,0,0,1.12052e+08
91.596,103.622,1.38583,0.02,0,3.39544,3.46242,0,0.636267,6.16896,4.51578e+06,3.09029e+06,1.53331e+07,0,0,0,0,55.3362,61.308,1.23587,1,1,1.61576,1.64764,0,1.24826,1.69344,9.38471e+06,4.1306e+06,1.51635e+07,0,0,0,1.12052e+08
90.034,103.622,1.26492,0.02,0,3.39565,3.46263,0,0.636306,6.16896,4.51578e+06,3.09029e+06,1.5334e+07,0,0,0,0,54.3406,61.308,1.14133,1,1,1.61586,1.64774,0,1.24834,1.69344,9.38471e+06,4.1306e+06,1.51644e+07,0,0,0,1.12052e+08
88.2551,103.622,1.17192,0.02,0,3.62265,3.69411,0,0.636345,6.16896,4.51578e+06,3.09029e+06,1.63591e+07,0,0,0,0,53.3131,61.308,1.13413,1,1,1.69344,1.78971,0.0616494,1.24842,1.69344,9.38471e+06,4.1306e+06,1.58924e+07,0,0,0,1.12052e+08
86.6547,103.622,1.34929,0.02,0,3.62287,3.69434,0,0.678885,6.16896,4.51578e+06,3.09029e+06,1.63601e+07,0,0,0,0,52.4481,61.308,1.17996,1,1,1.69344,1.78982,0.0617566,1.30835,1.69344,9.38471e+06,4.1306e+06,1.58924e+07,0,0,0,1.12052e+08
85.1951,103.622,1.49108,0.02,0,3.6231,3.69456,0,0.678927,6.16896,4.51578e+06,3.09029e+06,1.63611e+07,0,0,0,0,51.4,61.308,1.46303,1,1,1.69344,1.78993,0.0618638,1.30835,1.69344,9.38471e+06,4.1306e+06,1.58924e+07,0,0,0,1.12052e+08
83.5029,103.622,1.21082,0.02,0,3.62332,3.69479,0,0.678968,6.16896,4.51578e+06,3.09029e+06,1.63621e+07,0,0,0,0,50.7719,61.308,1.02968,1,1,1.69344,1.79004,0.061971,1.30835,1.69344,9.38471e+06,4.1306e+06,1.58924e+07,0,0,0,1.12052e+08
82.0958,103.622,1.51098,0.02,0,3.62354,3.69501,0,0.67901,6.16896,4.51578e+06,3.09029e+06,1.63631e+07,0,0,0,0,50.2186,61.308,1.88425,1,1,1.69344,1.79015,0.0620782,1.30835,1.69344,9.38471e+06,4.1306e+06,1.58924e+07,0,0,0,1.12052e+08
80.6261,103.622,1.23259,0.02,0,3.51319,3.58249,0,0.679051,6.16896,4.51578e+06,3.09029e+06,1.58648e+07,0,0,0,0,49.5317,61.308,1.35826,1,1,1.67115,1.70412,0,1.30835,1.69344,9.38471e+06,4.1306e+06,1.56833e+07,0,0,0,1.12052e+08
79.1053,103.622,1.2446,0.02,0,3.51341,3.58271,0,0.658373,6.16896,4.51578e+06,3.09029e+06,1.58658e+07,0,0,0,0,48.9528,61.308,1.63331,1,1,1.67126,1.70422,0,1.29113,1.69344,9.38471e+06,4.1306e+06,1.56843e+07,0,0,0,1.12052e+08
77.6945,103.622,1.35491,0.02,0,3.51362,3.58293,0,0.658413,6.16896,4.51578e+06,3.09029e+06,1.58668e+07,0,0,0,0,48.4385,61.308,1.75401,1,1,1.67136,1.70433,0,1.29121,1.69344,9.38471e+06,4.1306e+06,1.56852e+07,0,0,0,1.12052e+08
76.3323,103.622,1.40492,0.02,0,3.51384,3.58315,0,0.658453,6.16896,4.51578e+06,3.09029e+06,1.58677e+07,0,0,0,0,47.9346,61.308,1.85444,1,1,1.67146,1.70443,0,1.29129,1.69344,9.38471e+06,4.1306e+06,1.56862e+07,0,0,0,1.12052e+08
75.5728,103.622,2.06876,0.02,0,3.42328,3.4908,0,0.658493,6.16896,4.51578e+06,3.09029e+06,1.54588e+07,0,0,0,0,47.7032,61.308,2.20771,1,1,1.59465,1.62611,0,1.29137,1.69344,9.38471e+06,4.1306e+06,1.49654e+07,0,0,0,1.12052e+08
76.8372,103.622,4.18568,0.02,0,3.42348,3.49101,0,0.641522,6.16896,4.51578e+06,3.09029e+06,1.54597e+07,0,0,0,0,47.5364,61.308,2.49536,1,1,1.59475,1.62621,0,1.23203,1.69344,9.38471e+06,4.1306e+06,1.49663e+07,0,0,0,1.12052e+08
78.4736,103.622,4.7992,0.02,0,3.42369,3.49123,0,0.641561,6.16896,4.51578e+06,3.09029e+06,1.54606e+07,0,0,0,0,48.3305,61.308,6.21095,1,1,1.59485,1.62631,0,1.23211,1.69344,9.38471e+06,4.1306e+06,1.49672e+07,0,0,0,1.12052e+08
79.7342,103.622,4.24652,0.02,0,3.4239,3.49144,0,0.6416,6.16896,4.51578e+06,3.09029e+06,1.54616e+07,0,0,0,0,48.3486,61.308,2.85165,1,1,1.59495,1.62641,0,1.23218,1.69344,9.38471e+06,4.1306e+06,1.49681e+07,0,0,0,1.12052e+08
82.5245,103.622,5.91698,0.02,0,3.22869,3.22869,0,0.641639,6.16896,4.51578e+06,2.70226e+06,1.45801e+07,0,0,0,0,49.0718,61.308,4.73889,0,1,1.46313,1.46313,0,1.23226,1.69344,9.38471e+06,3.61194e+06,1.3731e+07,0,0,0,1.12052e+08
88.444,103.622,9.30427,0.02,0,3.22889,3.22889,0,0.605057,6.16896,4.51578e+06,2.70226e+06,1.4581e+07,0,0,0,0,50.4821,61.308,6.35761,0,1,1.46322,1.46322,0,1.13041,1.69344,9.38471e+06,3.61194e+06,1.37319e+07,0,0,0,1.12052e+08
91.2922,103.622,6.32309,0.02,0,3.22909,3.22909,0,0.605094,6.16896,4.51578e+06,2.70226e+06,1.45818e+07,0,0,0,0,52.1063,61.308,7.359,0,1,1.46331,1.46331,0,1.13048,1.69344,9.38471e+06,3.61194e+06,1.37327e+07,0,0,0,1.12052e+08
94.6837,103.622,6.89459,0.01,0,3.22928,3.22928,0,0.605131,6.16896,4.51578e+06,2.70226e+06,1.45827e+07,0,0,0,0,54.1352,61.308,8.23989,0,1,1.4634,1.4634,0,1.13055,1.69344,9.38471e+06,3.61194e+06,1.37336e+07,0,0,0,1.12052e+08
98.0128,103.622,6.82341,0.01,0,3.22948,3.22948,0,0.605168,6.16896,4.51578e+06,2.70226e+06,1.45836e+07,0,0,0,0,55.4806,61.308,6.62993,0,1,1.46349,1.46349,0,1.13062,1.69344,9.38471e+06,3.61194e+06,1.37344e+07,0,0,0,1.12052e+08
100.429,103.622,5.93995,0,0,3.22948,3.22948,0,0.605205,6.16896,4.51578e+06,2.70226e+06,1.45836e+07,0,0,0,0,56.2314,61.308,4.34865,0,1,1.46349,1.46349,0,1.13069,1.69344,9.38471e+06,3.61194e+06,1.37344e+07,0,0,0,1.12052e+08
102.127,103.622,5.21974,0,0,3.33084,3.33084,0,0.605205,6.16896,4.51578e+06,2.70226e+06,1.50414e+07,0,0,0,0,56.7163,61.308,3.82847,0,1,1.51089,1.51089,0,1.13069,1.69344,9.38471e+06,3.61194e+06,1.41793e+07,0,0,0,1.12052e+08
103.257,103.622,4.61353,0.01,0,3.33102,3.33102,0,0.6242,6.16896,4.51578e+06,2.70226e+06,1.50422e+07,0,0,0,0,57.126,61.308,3.42063,0,1,1.51097,1.51097,0,1.16732,1.69344,9.38471e+06,3.61194e+06,1.41801e+07,0,0,0,1.12052e+08
103.622,103.622,5.42759,0.01,0,3.3312,3.3312,0,0.624233,6.16896,4.51578e+06,2.70226e+06,1.5043e+07,0,0,0,0,57.825,61.308,4.1405,0,1,1.51106,1.51106,0,1.16738,1.69344,9.38471e+06,3.61194e+06,1.41808e+07,0,0,0,1.12052e+08
103.622,103.622,5.068,0.01,0,3.33138,3.33138,0,0.624267,6.16896,4.51578e+06,2.70226e+06,1.50438e+07,0,0,0,0,58.1589,61.308,3.7221,0,1,1.51114,1.51114,0,1.16744,1.69344,9.38471e+06,3.61194e+06,1.41816e+07,0,0,0,1.12052e+08
103.565,103.622,3.55029,0.01,0,3.58578,3.65651,0,0.6243,6.16896,4.51578e+06,3.09029e+06,1.61926e+07,0,0,0,0,58.3706,61.308,3.43075,1,1,1.65623,1.6889,0,1.1675,1.69344,9.38471e+06,4.1306e+06,1.55433e+07,0,0,0,1.12052e+08
103.622,103.622,3.99258,0.01,0,3.58597,3.6567,0,0.671975,6.16896,4.51578e+06,3.09029e+06,1.61934e+07,0,0,0,0,58.5725,61.308,3.61006,1,1,1.65632,1.68899,0,1.27961,1.69344,9.38471e+06,4.1306e+06,1.55441e+07,0,0,0,1.12052e+08
103.56,103.622,3.55222,0.01,0,3.58616,3.6569,0,0.672011,6.16896,4.51578e+06,3.09029e+06,1.61943e+07,0,0,0,0,58.8293,61.308,3.30009,1,1,1.65641,1.68908,0,1.27967,1.69344,9.38471e+06,4.1306e+06,1.55449e+07,0,0,0,1.12052e+08
103.622,103.622,5.4694,0,0,3.58635,3.65709,0,0.672046,6.16896,4.51578e+06,3.09029e+06,1.61952e+07,0,0,0,0,59.2842,61.308,4.30263,1,1,1.6565,1.68917,0,1.27974,1.69344,9.38471e+06,4.1306e+06,1.55458e+07,0,0,0,1.12052e+08
103.622,103.622,5.55254,0.01,0,3.1937,3.1937,0,0.672082,6.16896,4.51578e+06,2.70226e+06,1.44221e+07,0,0,0,0,59.3398,61.308,2.88353,0,1,1.45076,1.45076,0,1.27981,1.69344,9.38471e+06,3.61194e+06,1.36149e+07,0,0,0,1.12052e+08
103.622,103.622,4.66279,0.01,0,3.19387,3.19387,0,0.5985,6.16896,4.51578e+06,2.70226e+06,1.44228e+07,0,0,0,0,59.3789,61.308,2.2726,0,1,1.45083,1.45083,0,1.12085,1.69344,9.38471e+06,3.61194e+06,1.36157e+07,0,0,0,1.12052e+08
103.622,103.622,4.00346,0.01,0,3.19405,3.19405,0,0.598532,6.16896,4.51578e+06,2.70226e+06,1.44236e+07,0,0,0,0,59.9848,61.308,3.00432,0,1,1.45091,1.45091,0,1.12091,1.69344,9.38471e+06,3.61194e+06,1.36164e+07,0,0,0,1.12052e+08
103.622,103.622,5.00472,0.01,0,3.19422,3.19422,0,0.598564,6.16896,4.51578e+06,2.70226e+06,1.44244e+07,0,0,0,0,60.6145,61.308,3.27408,0,1,1.45099,1.45099,0,1.12097,1.69344,9.38471e+06,3.61194e+06,1.36171e+07,0,0,0,1.12052e+08
103.622,103.622,7.85507,0,0,3.19439,3.19439,0,0.598596,6.16896,4.51578e+06,2.70226e+06,1.44251e+07,0,0,0,0,61.4507,61.308,4.79156,0,1,1.45107,1.45107,0,1.12103,1.69344,9.38471e+06,3.61194e+06,1.36178e+07,0,0,0,1.12052e+08
103.622,103.622,6.09258,0,0,3.31128,3.31128,0,0.598628,6.16896,4.51578e+06,2.70226e+06,1.4953e+07,0,0,0,0,61.9186,61.308,3.92463,0,1,1.50951,1.50951,0,1.12109,1.69344,9.38471e+06,3.61194e+06,1.41663e+07,0,0,0,1.12052e+08
103.622,103.622,5.26706,0,0,3.31146,3.31146,0,0.620534,6.16896,4.51578e+06,2.70226e+06,1.49538e+07,0,0,0,0,62.2945,61.308,3.84745,0,1,1.50959,1.50959,0,1.16625,1.69344,9.38471e+06,3.61194e+06,1.4167e+07,0,0,0,1.12052e+08
103.622,103.622,5.20959,0,0,3.31163,3.31163,0,0.620567,6.16896,4.51578e+06,2.70226e+06,1.49546e+07,0,0,0,0,62.3362,61.308,3.45285,0,1,1.50967,1.50967,0,1.16631,1.69344,9.38471e+06,3.61194e+06,1.41678e+07,0,0,0,1.12052e+08
103.622,103.622,5.35888,0,0,3.31181,3.31181,0,0.6206,6.16896,4.51578e+06,2.70226e+06,1.49554e+07,0,0,0,0,62.3362,61.308,3.86483,0,1,1.50975,1.50975,0,1.16637,1.69344,9.38471e+06,3.61194e+06,1.41686e+07,0,0,0,1.12052e+08
103.622,103.622,4.50446,0,0,3.26634,3.26634,0,0.620633,6.16896,4.51578e+06,2.70226e+06,1.47501e+07,0,0,0,0,62.3362,61.308,3.79886,0,1,1.48716,1.48716,0,1.16643,1.69344,9.38471e+06,3.61194e+06,1.39565e+07,0,0,0,1.12052e+08
103.622,103.622,3.97866,0,0,3.26651,3.26651,0,0.612112,6.16896,4.51578e+06,2.70226e+06,1.47509e+07,0,0,0,0,62.3362,61.308,3.33835,0,1,1.48724,1.48724,0,1.14898,1.69344,9.38471e+06,3.61194e+06,1.39573e+07,0,0,0,1.12052e+08
103.622,103.622,3.62804,0,0,3.26669,3.26669,0,0.612145,6.16896,4.51578e+06,2.70226e+06,1.47516e+07,0,0,0,0,62.3362,61.308,3.05376,0,1,1.48732,1.48732,0,1.14904,1.69344,9.38471e+06,3.61194e+06,1.3958e+07,0,0,0,1.12052e+08
103.622,103.622,3.40591,0,0,3.26686,3.26686,0,0.612177,6.16896,4.51578e+06,2.70226e+06,1.47524e+07,0,0,0,0,62.3362,61.308,2.94528,0,1,1.4874,1.4874,0,1.1491,1.69344,9.38471e+06,3.61194e+06,1.39588e+07,0,0,0,1.12052e+08
103.622,103.622,3.50586,0,0,3.35582,3.42202,0,0.61221,6.16896,4.51578e+06,3.09029e+06,1.51542e+07,0,0,0,0,62.3362,61.308,3.02789,1,1,1.53757,1.5679,0,1.14916,1.69344,9.38471e+06,4.1306e+06,1.44296e+07,0,0,0,1.12052e+08
103.622,103.622,3.3122,0,0,3.356,3.4222,0,0.628881,6.16896,4.51578e+06,3.09029e+06,1.5155e+07,0,0,0,0,62.3362,61.308,3.07192,1,1,1.53765,1.56798,0,1.18792,1.69344,9.38471e+06,4.1306e+06,1.44304e+07,0,0,0,1.12052e+08
103.511,103.622,3.1894,0,0,3.35618,3.42238,0,0.628914,6.16896,4.51578e+06,3.09029e+06,1.51558e+07,0,0,0,0,62.3362,61.308,2.98584,1,1,1.53773,1.56806,0,1.18799,1.69344,9.38471e+06,4.1306e+06,1.44312e+07,0,0,0,1.12052e+08
103.229,103.622,2.98573,0,0,3.35636,3.42256,0,0.628948,6.16896,4.51578e+06,3.09029e+06,1.51566e+07,0,0,0,0,61.9706,61.308,2.78127,1,1,1.53781,1.56815,0,1.18805,1.69344,9.38471e+06,4.1306e+06,1.44319e+07,0,0,0,1.12052e+08
102.653,103.622,2.47907,0.01,0,3.35654,3.42275,0,0.628982,6.16896,4.51578e+06,3.09029e+06,1.51574e+07,0,0,0,0,61.3173,61.308,1.65389,1,1,1.53789,1.56823,0,1.18811,1.69344,9.38471e+06,4.1306e+06,1.44327e+07,0,0,0,1.12052e+08
101.983,103.622,2.32901,0.01,0,3.32665,3.39227,0,0.629015,6.16896,4.51578e+06,3.09029e+06,1.50224e+07,0,0,0,0,60.6066,61.308,1.38602,1,1,1.58133,1.61253,0,1.18818,1.69344,9.38471e+06,4.1306e+06,1.48404e+07,0,0,0,1.12052e+08
101.141,103.622,2.1465,0.01,0,3.32683,3.39245,0,0.623415,6.16896,4.51578e+06,3.09029e+06,1.50232e+07,0,0,0,0,59.7701,61.308,1.38478,1,1,1.58142,1.61261,0,1.22174,1.69344,9.38471e+06,4.1306e+06,1.48412e+07,0,0,0,1.12052e+08
100.144,103.622,1.96938,0.01,0,3.32701,3.39264,0,0.623448,6.16896,4.51578e+06,3.09029e+06,1.5024e+07,0,0,0,0,58.8328,61.308,1.23298,1,1,1.5815,1.6127,0,1.2218,1.69344,9.38471e+06,4.1306e+06,1.48419e+07,0,0,0,1.12052e+08
98.9747,103.622,1.73972,0.01,0,3.32719,3.39282,0,0.623481,6.16896,4.51578e+06,3.09029e+06,1.50248e+07,0,0,0,0,57.8404,61.308,1.07767,1,1,1.58159,1.61278,0,1.22187,1.69344,9.38471e+06,4.1306e+06,1.48427e+07,0,0,0,1.12052e+08
97.877,103.622,1.8586,0.02,0,3.40502,3.47218,0,0.623515,6.16896,4.51578e+06,3.09029e+06,1.53763e+07,0,0,0,0,56.8751,61.308,1.2074,1,1,1.62032,1.65228,0,1.22193,1.69344,9.38471e+06,4.1306e+06,1.52062e+07,0,0,0,1.12052e+08
96.6604,103.622,1.70767,0.02,0,3.4052,3.47237,0,0.6381,6.16896,4.51578e+06,3.09029e+06,1.53771e+07,0,0,0,0,55.7607,61.308,1.16701,1,1,1.62041,1.65237,0,1.25186,1.69344,9.38471e+06,4.1306e+06,1.52071e+07,0,0,0,1.12052e+08
95.3296,103.622,1.562,0.02,0,3.40538,3.47255,0,0.638134,6.16896,4.51578e+06,3.09029e+06,1.5378e+07,0,0,0,0,54.7373,61.308,1.02988,1,1,1.62049,1.65246,0,1.25193,1.69344,9.38471e+06,4.1306e+06,1.52079e+07,0,0,0,1.12052e+08
94.1027,103.622,1.67168,0.02,0,3.40556,3.47274,0,0.638169,6.16896,4.51578e+06,3.09029e+06,1.53788e+07,0,0,0,0,53.5764,61.308,1.21407,1,1,1.62058,1.65255,0,1.25199,1.69344,9.38471e+06,4.1306e+06,1.52087e+07,0,0,0,1.12052e+08
92.219,103.622,1.12646,0.02,0,3.6332,3.70487,0,0.638203,6.16896,4.51578e+06,3.09029e+06,1.64067e+07,0,0,0,0,52.2194,61.308,0.891091,1,1,1.69344,1.79492,0.0667595,1.25206,1.69344,9.38471e+06,4.1306e+06,1.58924e+07,0,0,0,1.12052e+08
90.3814,103.622,1.14549,0.02,0,3.63339,3.70506,0,0.680862,6.16896,4.51578e+06,3.09029e+06,1.64076e+07,0,0,0,0,50.979,61.308,0.854252,1,1,1.69344,1.79502,0.0668535,1.30835,1.69344,9.38471e+06,4.1306e+06,1.58924e+07,0,0,0,1.12052e+08
89.0544,103.622,1.65756,0.02,0,3.63359,3.70526,0,0.680898,6.16896,4.51578e+06,3.09029e+06,1.64085e+07,0,0,0,0,49.8349,61.308,1.02207,1,1,1.69344,1.79511,0.0669475,1.30835,1.69344,9.38471e+06,4.1306e+06,1.58924e+07,0,0,0,1.12052e+08
88.3602,103.622,2.32967,0.02,0,3.63378,3.70546,0,0.680935,6.16896,4.51578e+06,3.09029e+06,1.64094e+07,0,0,0,0,48.8852,61.308,1.16922,1,1,1.69344,1.79521,0.0670415,1.30835,1.69344,9.38471e+06,4.1306e+06,1.58924e+07,0,0,0,1.12052e+08
87.0028,103.622,1.62579,0.02,0,3.63398,3.70566,0,0.680971,6.16896,4.51578e+06,3.09029e+06,1.64102e+07,0,0,0,0,47.8334,61.308,1.33028,1,1,1.69344,1.7953,0.0671356,1.30835,1.69344,9.38471e+06,4.1306e+06,1.58924e+07,0,0,0,1.12052e+08
85.5811,103.622,1.4388,0.02,0,3.52329,3.59279,0,0.681007,6.16896,4.51578e+06,3.09029e+06,1.59104e+07,0,0,0,0,46.4533,61.308,0.870117,1,1,1.67596,1.70901,0,1.30835,1.69344,9.38471e+06,4.1306e+06,1.57284e+07,0,0,0,1.12052e+08
83.9421,103.622,1.18543,0.02,0,3.52348,3.59298,0,0.660264,6.16896,4.51578e+06,3.09029e+06,1.59112e+07,0,0,0,0,45.1124,61.308,0.695439,1,1,1.67605,1.70911,0,1.29484,1.69344,9.38471e+06,4.1306e+06,1.57292e+07,0,0,0,1.12052e+08
82.9448,103.622,1.91894,0.02,0,3.52366,3.59317,0,0.660299,6.16896,4.51578e+06,3.09029e+06,1.59121e+07,0,0,0,0,44.21,61.308,0.959954,1,1,1.67614,1.7092,0,1.29491,1.69344,9.38471e+06,4.1306e+06,1.573e+07,0,0,0,1.12052e+08
83.603,103.622,3.81911,0.02,0,3.52385,3.59336,0,0.660335,6.16896,4.51578e+06,3.09029e+06,1.59129e+07,0,0,0,0,43.5318,61.308,1.43617,1,1,1.67622,1.70929,0,1.29498,1.69344,9.38471e+06,4.1306e+06,1.57309e+07,0,0,0,1.12052e+08
82.5521,103.622,1.84464,0.02,0,3.43301,3.50072,0,0.66037,6.16896,4.51578e+06,3.09029e+06,1.55027e+07,0,0,0,0,43.1956,61.308,1.05306,1,1,1.59919,1.63073,0,1.29505,1.69344,9.38471e+06,4.1306e+06,1.50079e+07,0,0,0,1.12052e+08
81.5676,103.622,1.94096,0.02,0,3.43319,3.50091,0,0.643345,6.16896,4.51578e+06,3.09029e+06,1.55035e+07,0,0,0,0,43.0489,61.308,1.8689,1,1,1.59927,1.63082,0,1.23553,1.69344,9.38471e+06,4.1306e+06,1.50087e+07,0,0,0,1.12052e+08
83.6219,103.622,5.34373,0.02,0,3.43337,3.5011,0,0.64338,6.16896,4.51578e+06,3.09029e+06,1.55044e+07,0,0,0,0,43.6851,61.308,4.36996,1,1,1.59936,1.63091,0,1.2356,1.69344,9.38471e+06,4.1306e+06,1.50095e+07,0,0,0,1.12052e+08
83.9282,103.622,3.41637,0.02,0,3.43356,3.50128,0,0.643414,6.16896,4.51578e+06,3.09029e+06,1.55052e+07,0,0,0,0,44.0475,61.308,1.99265,1,1,1.59944,1.63099,0,1.23566,1.69344,9.38471e+06,4.1306e+06,1.50103e+07,0,0,0,1.12052e+08
89.2094,103.622,8.80545,0.02,0,3.23777,3.23777,0,0.643448,6.16896,4.51578e+06,2.70226e+06,1.46211e+07,0,0,0,0,46.5601,61.308,6.14848,0,1,1.46724,1.46724,0,1.23573,1.69344,9.38471e+06,3.61194e+06,1.37697e+07,0,0,0,1.12052e+08
94.2859,103.622,8.74717,0.02,0,3.23794,3.23794,0,0.606758,6.16896,4.51578e+06,2.70226e+06,1.46218e+07,0,0,0,0,48.966,61.308,5.68807,0,1,1.46732,1.46732,0,1.13359,1.69344,9.38471e+06,3.61194e+06,1.37704e+07,0,0,0,1.12052e+08
102.383,103.622,12.2137,0.01,0,3.23812,3.23812,0,0.606791,6.16896,4.51578e+06,2.70226e+06,1.46226e+07,0,0,0,0,52.3424,61.308,7.37637,0,1,1.4674,1.4674,0,1.13365,1.69344,9.38471e+06,3.61194e+06,1.37711e+07,0,0,0,1.12052e+08
103.622,103.622,8.53218,0,0,3.23829,3.23829,0,0.606823,6.16896,4.51578e+06,2.70226e+06,1.46234e+07,0,0,0,0,55.4615,61.308,6.67542,0,1,1.46748,1.46748,0,1.13371,1.69344,9.38471e+06,3.61194e+06,1.37719e+07,0,0,0,1.12052e+08
103.622,103.622,4.46248,0,0,3.23846,3.23846,0,0.606855,6.16896,4.51578e+06,2.70226e+06,1.46242e+07,0,0,0,0,55.8282,61.308,3.08379,0,1,1.46756,1.46756,0,1.13377,1.69344,9.38471e+06,3.61194e+06,1.37726e+07,0,0,0,1.12052e+08
102.998,103.622,2.74051,0,0,3.34008,3.34008,0,0.606888,6.16896,4.51578e+06,2.70226e+06,1.50831e+07,0,0,0,0,55.2645,61.308,1.38739,0,1,1.51508,1.51508,0,1.13383,1.69344,9.38471e+06,3.61194e+06,1.42186e+07,0,0,0,1.12052e+08
102.51,103.622,2.9616,0.01,0,3.34023,3.34023,0,0.625931,6.16896,4.51578e+06,2.70226e+06,1.50838e+07,0,0,0,0,55.3757,61.308,1.81113,0,1,1.51515,1.51515,0,1.17055,1.69344,9.38471e+06,3.61194e+06,1.42193e+07,0,0,0,1.12052e+08
103.622,103.622,6.3007,0.01,0,3.34039,3.34039,0,0.62596,6.16896,4.51578e+06,2.70226e+06,1.50845e+07,0,0,0,0,56.7209,61.308,4.24422,0,1,1.51522,1.51522,0,1.17061,1.69344,9.38471e+06,3.61194e+06,1.42199e+07,0,0,0,1.12052e+08
103.622,103.622,5.58432,0.01,0,3.34054,3.34054,0,0.625989,6.16896,4.51578e+06,2.70226e+06,1.50851e+07,0,0,0,0,57.2628,61.308,3.99328,0,1,1.51529,1.51529,0,1.17066,1.69344,9.38471e+06,3.61194e+06,1.42206e+07,0,0,0,1.12052e+08
103.234,103.622,3.31246,0.01,0,3.59561,3.66654,0,0.626017,6.16896,4.51578e+06,3.09029e+06,1.6237e+07,0,0,0,0,56.9545,61.308,2.05917,1,1,1.66078,1.69354,0,1.17072,1.69344,9.38471e+06,4.1306e+06,1.55859e+07,0,0,0,1.12052e+08
103.35,103.622,3.86878,0.01,0,3.59578,3.66671,0,0.673818,6.16896,4.51578e+06,3.09029e+06,1.62377e+07,0,0,0,0,56.6992,61.308,2.08679,1,1,1.66085,1.69361,0,1.28312,1.69344,9.38471e+06,4.1306e+06,1.55866e+07,0,0,0,1.12052e+08
103.622,103.622,4.09956,0.01,0,3.59594,3.66687,0,0.673849,6.16896,4.51578e+06,3.09029e+06,1.62385e+07,0,0,0,0,56.4856,61.308,2.20656,1,1,1.66093,1.69369,0,1.28318,1.69344,9.38471e+06,4.1306e+06,1.55873e+07,0,0,0,1.12052e+08
103.622,103.622,4.43619,0.01,0,3.59611,3.66704,0,0.67388,6.16896,4.51578e+06,3.09029e+06,1.62392e+07,0,0,0,0,56.6435,61.308,2.22439,1,1,1.66101,1.69377,0,1.28323,1.69344,9.38471e+06,4.1306e+06,1.55881e+07,0,0,0,1.12052e+08
103.622,103.622,6.89227,0.01,0,3.20237,3.20237,0,0.673911,6.16896,4.51578e+06,2.70226e+06,1.44612e+07,0,0,0,0,57.2115,61.308,3.17911,0,1,1.45469,1.45469,0,1.28329,1.69344,9.38471e+06,3.61194e+06,1.36519e+07,0,0,0,1.12052e+08
103.622,103.622,8.48466,0.01,0,3.20252,3.20252,0,0.600124,6.16896,4.51578e+06,2.70226e+06,1.44619e+07,0,0,0,0,58.1375,61.308,3.92006,0,1,1.45476,1.45476,0,1.12389,1.69344,9.38471e+06,3.61194e+06,1.36525e+07,0,0,0,1.12052e+08
103.622,103.622,6.48752,0.01,0,3.20266,3.20266,0,0.600151,6.16896,4.51578e+06,2.70226e+06,1.44625e+07,0,0,0,0,58.5207,61.308,2.77279,0,1,1.45483,1.45483,0,1.12395,1.69344,9.38471e+06,3.61194e+06,1.36531e+07,0,0,0,1.12052e+08
103.622,103.622,6.11269,0.01,0,3.20281,3.20281,0,0.600179,6.16896,4.51578e+06,2.70226e+06,1.44632e+07,0,0,0,0,58.8363,61.308,2.54979,0,1,1.45489,1.45489,0,1.124,1.69344,9.38471e+06,3.61194e+06,1.36537e+07,0,0,0,1.12052e+08
103.622,103.622,6.85602,0.01,0,3.20296,3.20296,0,0.600206,6.16896,4.51578e+06,2.70226e+06,1.44638e+07,0,0,0,0,59.9074,61.308,3.97402,0,1,1.45496,1.45496,0,1.12405,1.69344,9.38471e+06,3.61194e+06,1.36544e+07,0,0,0,1.12052e+08
103.622,103.622,7.41767,0,0,3.32014,3.32014,0,0.600234,6.16896,4.51578e+06,2.70226e+06,1.4993e+07,0,0,0,0,60.8296,61.308,4.09515,0,1,1.51355,1.51355,0,1.1241,1.69344,9.38471e+06,3.61194e+06,1.42042e+07,0,0,0,1.12052e+08
103.622,103.622,4.93738,0,0,3.32029,3.32029,0,0.622194,6.16896,4.51578e+06,2.70226e+06,1.49937e+07,0,0,0,0,61.3656,61.308,2.92759,0,1,1.51361,1.51361,0,1.16936,1.69344,9.38471e+06,3.61194e+06,1.42048e+07,0,0,0,1.12052e+08
103.622,103.622,5.32029,0,0,3.32044,3.32044,0,0.622222,6.16896,4.51578e+06,2.70226e+06,1.49944e+07,0,0,0,0,61.9468,61.308,3.08746,0,1,1.51368,1.51368,0,1.16942,1.69344,9.38471e+06,3.61194e+06,1.42055e+07,0,0,0,1.12052e+08
103.622,103.622,4.65766,0,0,3.32059,3.32059,0,0.622251,6.16896,4.51578e+06,2.70226e+06,1.49951e+07,0,0,0,0,62.3362,61.308,3.33612,0,1,1.51375,1.51375,0,1.16947,1.69344,9.38471e+06,3.61194e+06,1.42061e+07,0,0,0,1.12052e+08
103.622,103.622,3.93515,0,0,3.27498,3.27498,0,0.622279,6.16896,4.51578e+06,2.70226e+06,1.47891e+07,0,0,0,0,62.3362,61.308,3.14455,0,1,1.49109,1.49109,0,1.16953,1.69344,9.38471e+06,3.61194e+06,1.39935e+07,0,0,0,1.12052e+08
103.622,103.622,3.98728,0,0,3.27513,3.27513,0,0.613731,6.16896,4.51578e+06,2.70226e+06,1.47898e+07,0,0,0,0,62.3362,61.308,3.17092,0,1,1.49116,1.49116,0,1.15202,1.69344,9.38471e+06,3.61194e+06,1.39941e+07,0,0,0,1.12052e+08
103.622,103.622,3.43607,0,0,3.27528,3.27528,0,0.613759,6.16896,4.51578e+06,2.70226e+06,1.47904e+07,0,0,0,0,62.3362,61.308,3.12374,0,1,1.49123,1.49123,0,1.15207,1.69344,9.38471e+06,3.61194e+06,1.39947e+07,0,0,0,1.12052e+08
103.622,103.622,3.33694,0,0,3.27543,3.27543,0,0.613787,6.16896,4.51578e+06,2.70226e+06,1.47911e+07,0,0,0,0,62.3362,61.308,3.08242,0,1,1.4913,1.4913,0,1.15212,1.69344,9.38471e+06,3.61194e+06,1.39954e+07,0,0,0,1.12052e+08
103.155,103.622,2.79776,0,0,3.3646,3.43096,0,0.613815,6.16896,4.51578e+06,3.09029e+06,1.51938e+07,0,0,0,0,62.3362,61.308,2.54801,1,1,1.54159,1.57199,0,1.15217,1.69344,9.38471e+06,4.1306e+06,1.44673e+07,0,0,0,1.12052e+08
102.663,103.622,2.78046,0,0,3.36475,3.43112,0,0.630525,6.16896,4.51578e+06,3.09029e+06,1.51945e+07,0,0,0,0,62.3362,61.308,2.60518,1,1,1.54166,1.57207,0,1.19103,1.69344,9.38471e+06,4.1306e+06,1.4468e+07,0,0,0,1.12052e+08
102.021,103.622,2.5881,0,0,3.3649,3.43128,0,0.630554,6.16896,4.51578e+06,3.09029e+06,1.51952e+07,0,0,0,0,62.3362,61.308,2.45732,1,1,1.54173,1.57214,0,1.19108,1.69344,9.38471e+06,4.1306e+06,1.44687e+07,0,0,0,1.12052e+08
101.278,103.622,2.43684,0,0,3.36506,3.43144,0,0.630583,6.16896,4.51578e+06,3.09029e+06,1.51959e+07,0,0,0,0,62.3362,61.308,2.36616,1,1,1.5418,1.57221,0,1.19114,1.69344,9.38471e+06,4.1306e+06,1.44693e+07,0,0,0,1.12052e+08
100.969,103.622,2.8936,0.01,0,3.36521,3.43159,0,0.630612,6.16896,4.51578e+06,3.09029e+06,1.51966e+07,0,0,0,0,62.3362,61.308,2.51588,1,1,1.54187,1.57228,0,1.19119,1.69344,9.38471e+06,4.1306e+06,1.447e+07,0,0,0,1.12052e+08
100.702,103.622,2.92436,0.01,0,3.33523,3.40101,0,0.630641,6.16896,4.51578e+06,3.09029e+06,1.50611e+07,0,0,0,0,62.3362,61.308,2.29444,1,1,1.58541,1.61668,0,1.19125,1.69344,9.38471e+06,4.1306e+06,1.48786e+07,0,0,0,1.12052e+08
100.249,103.622,2.69307,0.01,0,3.33538,3.40117,0,0.625021,6.16896,4.51578e+06,3.09029e+06,1.50618e+07,0,0,0,0,62.2993,61.308,2.25174,1,1,1.58548,1.61676,0,1.22489,1.69344,9.38471e+06,4.1306e+06,1.48793e+07,0,0,0,1.12052e+08
99.6796,103.622,2.52804,0.01,0,3.33553,3.40133,0,0.62505,6.16896,4.51578e+06,3.09029e+06,1.50625e+07,0,0,0,0,62.1689,61.308,2.17399,1,1,1.58555,1.61683,0,1.22494,1.69344,9.38471e+06,4.1306e+06,1.488e+07,0,0,0,1.12052e+08
98.8075,103.622,2.17678,0.02,0,3.33569,3.40148,0,0.625079,6.16896,4.51578e+06,3.09029e+06,1.50632e+07,0,0,0,0,61.8854,61.308,1.89959,1,1,1.58563,1.6169,0,1.225,1.69344,9.38471e+06,4.1306e+06,1.48807e+07,0,0,0,1.12052e+08
97.9208,103.622,2.20098,0.02,0,3.41369,3.48103,0,0.625107,6.16896,4.51578e+06,3.09029e+06,1.54155e+07,0,0,0,0,61.5348,61.308,1.81556,1,1,1.62445,1.65649,0,1.22506,1.69344,9.38471e+06,4.1306e+06,1.5245e+07,0,0,0,1.12052e+08
96.8734,103.622,1.99181,0.02,0,3.41385,3.48119,0,0.639726,6.16896,4.51578e+06,3.09029e+06,1.54162e+07,0,0,0,0,60.9206,61.308,1.74509,1,1,1.62452,1.65657,0,1.25505,1.69344,9.38471e+06,4.1306e+06,1.52457e+07,0,0,0,1.12052e+08
95.6814,103.622,1.81144,0.02,0,3.414,3.48135,0,0.639755,6.16896,4.51578e+06,3.09029e+06,1.54169e+07,0,0,0,0,60.4463,61.308,1.51316,1,1,1.6246,1.65664,0,1.25511,1.69344,9.38471e+06,4.1306e+06,1.52464e+07,0,0,0,1.12052e+08
94.6515,103.622,2.00577,0.02,0,3.41416,3.48151,0,0.639784,6.16896,4.51578e+06,3.09029e+06,1.54176e+07,0,0,0,0,60.0098,61.308,1.87271,1,1,1.62467,1.65672,0,1.25516,1.69344,9.38471e+06,4.1306e+06,1.52471e+07,0,0,0,1.12052e+08
93.4381,103.622,1.96926,0.02,0,3.64234,3.71419,0,0.639814,6.16896,4.51578e+06,3.09029e+06,1.6448e+07,0,0,0,0,59.5351,61.308,1.72119,1,1,1.69344,1.79944,0.0711892,1.25522,1.69344,9.38471e+06,4.1306e+06,1.58924e+07,0,0,0,1.12052e+08
92.5786,103.622,2.31446,0.02,0,3.64251,3.71436,0,0.682575,6.16896,4.51578e+06,3.09029e+06,1.64488e+07,0,0,0,0,58.7775,61.308,1.73328,1,1,1.69344,1.79952,0.0712702,1.30835,1.69344,9.38471e+06,4.1306e+06,1.58924e+07,0,0,0,1.12052e+08
91.1457,103.622,1.64188,0.02,0,3.64268,3.71453,0,0.682607,6.16896,4.51578e+06,3.09029e+06,1.64495e+07,0,0,0,0,57.9044,61.308,1.3337,1,1,1.69344,1.7996,0.0713511,1.30835,1.69344,9.38471e+06,4.1306e+06,1.58924e+07,0,0,0,1.12052e+08
89.3673,103.622,1.30886,0.02,0,3.64285,3.7147,0,0.682638,6.16896,4.51578e+06,3.09029e+06,1.64503e+07,0,0,0,0,57.2738,61.308,1.32749,1,1,1.69344,1.79968,0.0714321,1.30835,1.69344,9.38471e+06,4.1306e+06,1.58924e+07,0,0,0,1.12052e+08
88.0144,103.622,1.72611,0.02,0,3.64301,3.71487,0,0.682669,6.16896,4.51578e+06,3.09029e+06,1.6451e+07,0,0,0,0,56.7627,61.308,1.93176,1,1,1.69344,1.79977,0.071513,1.30835,1.69344,9.38471e+06,4.1306e+06,1.58924e+07,0,0,0,1.12052e+08
86.9433,103.622,1.96928,0.02,0,3.53202,3.60169,0,0.682701,6.16896,4.51578e+06,3.09029e+06,1.59498e+07,0,0,0,0,56.4101,61.308,2.37625,1,1,1.68011,1.71325,0,1.30835,1.69344,9.38471e+06,4.1306e+06,1.57674e+07,0,0,0,1.12052e+08
86.0399,103.622,2.23536,0.02,0,3.53218,3.60186,0,0.661901,6.16896,4.51578e+06,3.09029e+06,1.59506e+07,0,0,0,0,56.3353,61.308,3.15687,1,1,1.68019,1.71333,0,1.29805,1.69344,9.38471e+06,4.1306e+06,1.57681e+07,0,0,0,1.12052e+08
85.0306,103.622,2.14393,0.02,0,3.53235,3.60202,0,0.661931,6.16896,4.51578e+06,3.09029e+06,1.59513e+07,0,0,0,0,56.2733,61.308,3.10216,1,1,1.68026,1.71341,0,1.29811,1.69344,9.38471e+06,4.1306e+06,1.57688e+07,0,0,0,1.12052e+08
84.2031,103.622,2.41039,0.02,0,3.53251,3.60219,0,0.661962,6.16896,4.51578e+06,3.09029e+06,1.5952e+07,0,0,0,0,56.264,61.308,3.2795,1,1,1.68034,1.71349,0,1.29817,1.69344,9.38471e+06,4.1306e+06,1.57695e+07,0,0,0,1.12052e+08
82.9538,103.622,1.84976,0.02,0,3.44141,3.5093,0,0.661992,6.16896,4.51578e+06,3.09029e+06,1.55407e+07,0,0,0,0,56.0549,61.308,2.63294,1,1,1.6031,1.63472,0,1.29823,1.69344,9.38471e+06,4.1306e+06,1.50447e+07,0,0,0,1.12052e+08
81.8436,103.622,1.95495,0.02,0,3.44157,3.50946,0,0.644921,6.16896,4.51578e+06,3.09029e+06,1.55414e+07,0,0,0,0,55.7893,61.308,1.66226,1,1,1.60318,1.6348,0,1.23856,1.69344,9.38471e+06,4.1306e+06,1.50453e+07,0,0,0,1.12052e+08
83.1737,103.622,4.56284,0.02,0,3.44173,3.50962,0,0.64495,6.16896,4.51578e+06,3.09029e+06,1.55421e+07,0,0,0,0,56.4411,61.308,4.53304,1,1,1.60325,1.63487,0,1.23861,1.69344,9.38471e+06,4.1306e+06,1.5046e+07,0,0,0,1.12052e+08
86.067,103.622,6.3667,0.02,0,3.44189,3.50978,0,0.64498,6.16896,4.51578e+06,3.09029e+06,1.55428e+07,0,0,0,0,57.661,61.308,7.51994,1,1,1.60332,1.63495,0,1.23867,1.69344,9.38471e+06,4.1306e+06,1.50467e+07,0,0,0,1.12052e+08
88.1427,103.622,5.27823,0.02,0,3.2456,3.2456,0,0.645009,6.16896,4.51578e+06,2.70226e+06,1.46564e+07,0,0,0,0,57.9295,61.308,3.23201,0,1,1.47079,1.47079,0,1.23873,1.69344,9.38471e+06,3.61194e+06,1.3803e+07,0,0,0,1.12052e+08
91.2003,103.622,6.42913,0.02,0,3.24575,3.24575,0,0.608226,6.16896,4.51578e+06,2.70226e+06,1.46571e+07,0,0,0,0,58.4811,61.308,4.34354,0,1,1.47086,1.47086,0,1.13633,1.69344,9.38471e+06,3.61194e+06,1.38036e+07,0,0,0,1.12052e+08
92.0493,103.622,4.05267,0.01,0,3.2459,3.2459,0,0.608253,6.16896,4.51578e+06,2.70226e+06,1.46578e+07,0,0,0,0,58.4059,61.308,2.54901,0,1,1.47093,1.47093,0,1.13639,1.69344,9.38471e+06,3.61194e+06,1.38042e+07,0,0,0,1.12052e+08
92.4971,103.622,3.58762,0.01,0,3.24605,3.24605,0,0.608281,6.16896,4.51578e+06,2.70226e+06,1.46584e+07,0,0,0,0,58.3224,61.308,1.9228,0,1,1.47099,1.47099,0,1.13644,1.69344,9.38471e+06,3.61194e+06,1.38049e+07,0,0,0,1.12052e+08
92.6827,103.622,3.34962,0.01,0,3.2462,3.2462,0,0.608309,6.16896,4.51578e+06,2.70226e+06,1.46591e+07,0,0,0,0,58.6069,61.308,2.53422,0,1,1.47106,1.47106,0,1.13649,1.69344,9.38471e+06,3.61194e+06,1.38055e+07,0,0,0,1.12052e+08
94.8061,103.622,5.56153,0.01,0,3.34803,3.34803,0,0.608337,6.16896,4.51578e+06,2.70226e+06,1.5119e+07,0,0,0,0,59.2912,61.308,3.96338,0,1,1.51869,1.51869,0,1.13654,1.69344,9.38471e+06,3.61194e+06,1.42525e+07,0,0,0,1.12052e+08
98.3993,103.622,7.26829,0.02,0,3.34816,3.34816,0,0.627421,6.16896,4.51578e+06,2.70226e+06,1.51196e+07,0,0,0,0,60.5269,61.308,5.55637,0,1,1.51875,1.51875,0,1.17334,1.69344,9.38471e+06,3.61194e+06,1.4253e+07,0,0,0,1.12052e+08
100.268,103.622,5.4597,0.01,0,3.34829,3.34829,0,0.627445,6.16896,4.51578e+06,2.70226e+06,1.51201e+07,0,0,0,0,61.0546,61.308,3.55462,0,1,1.51881,1.51881,0,1.17339,1.69344,9.38471e+06,3.61194e+06,1.42536e+07,0,0,0,1.12052e+08
102.225,103.622,5.66269,0.01,0,3.34842,3.34842,0,0.62747,6.16896,4.51578e+06,2.70226e+06,1.51207e+07,0,0,0,0,61.5737,61.308,3.6539,0,1,1.51887,1.51887,0,1.17343,1.69344,9.38471e+06,3.61194e+06,1.42541e+07,0,0,0,1.12052e+08
103.622,103.622,6.22065,0.01,0,3.60407,3.67516,0,0.627494,6.16896,4.51578e+06,3.09029e+06,1.62752e+07,0,0,0,0,62.2474,61.308,4.12868,1,1,1.66468,1.69752,0,1.17348,1.69344,9.38471e+06,4.1306e+06,1.56226e+07,0,0,0,1.12052e+08
103.622,103.622,4.49096,0.01,0,3.6042,3.6753,0,0.675402,6.16896,4.51578e+06,3.09029e+06,1.62758e+07,0,0,0,0,62.3362,61.308,2.79157,1,1,1.66475,1.69758,0,1.28613,1.69344,9.38471e+06,4.1306e+06,1.56232e+07,0,0,0,1.12052e+08
103.622,103.622,4.24002,0.01,0,3.60434,3.67544,0,0.675428,6.16896,4.51578e+06,3.09029e+06,1.62764e+07,0,0,0,0,62.312,61.308,3.02969,1,1,1.66481,1.69765,0,1.28618,1.69344,9.38471e+06,4.1306e+06,1.56238e+07,0,0,0,1.12052e+08
103.622,103.622,4.53894,0.01,0,3.60448,3.67558,0,0.675454,6.16896,4.51578e+06,3.09029e+06,1.6277e+07,0,0,0,0,62.3362,61.308,2.97171,1,1,1.66487,1.69771,0,1.28623,1.69344,9.38471e+06,4.1306e+06,1.56244e+07,0,0,0,1.12052e+08
103.622,103.622,7.14677,0.01,0,3.2098,3.2098,0,0.67548,6.16896,4.51578e+06,2.70226e+06,1.44948e+07,0,0,0,0,62.3362,61.308,3.94663,0,1,1.45807,1.45807,0,1.28628,1.69344,9.38471e+06,3.61194e+06,1.36835e+07,0,0,0,1.12052e+08
103.622,103.622,5.89022,0.01,0,3.20992,3.20992,0,0.601517,6.16896,4.51578e+06,2.70226e+06,1.44953e+07,0,0,0,0,62.3362,61.308,3.56748,0,1,1.45812,1.45812,0,1.1265,1.69344,9.38471e+06,3.61194e+06,1.36841e+07,0,0,0,1.12052e+08
103.622,103.622,9.11903,0.01,0,3.21005,3.21005,0,0.60154,6.16896,4.51578e+06,2.70226e+06,1.44959e+07,0,0,0,0,62.3362,61.308,5.53026,0,1,1.45818,1.45818,0,1.12655,1.69344,9.38471e+06,3.61194e+06,1.36846e+07,0,0,0,1.12052e+08
103.622,103.622,9.97959,0.01,0,3.21017,3.21017,0,0.601563,6.16896,4.51578e+06,2.70226e+06,1.44964e+07,0,0,0,0,62.3362,61.308,5.61655,0,1,1.45824,1.45824,0,1.12659,1.69344,9.38471e+06,3.61194e+06,1.36851e+07,0,0,0,1.12052e+08
103.622,103.622,9.77073,0.01,0,3.21029,3.21029,0,0.601586,6.16896,4.51578e+06,2.70226e+06,1.4497e+07,0,0,0,0,62.3362,61.308,7.69355,0,1,1.45829,1.45829,0,1.12663,1.69344,9.38471e+06,3.61194e+06,1.36856e+07,0,0,0,1.12052e+08
103.622,103.622,9.6229,0,0,3.32772,3.32772,0,0.601609,6.16896,4.51578e+06,2.70226e+06,1.50272e+07,0,0,0,0,62.3362,61.308,6.23124,0,1,1.517,1.517,0,1.12668,1.69344,9.38471e+06,3.61194e+06,1.42366e+07,0,0,0,1.12052e+08
103.622,103.622,6.12098,0,0,3.32785,3.32785,0,0.623614,6.16896,4.51578e+06,2.70226e+06,1.50278e+07,0,0,0,0,62.3362,61.308,4.12634,0,1,1.51706,1.51706,0,1.17203,1.69344,9.38471e+06,3.61194e+06,1.42372e+07,0,0,0,1.12052e+08
103.622,103.622,4.91683,0,0,3.32797,3.32797,0,0.623638,6.16896,4.51578e+06,2.70226e+06,1.50284e+07,0,0,0,0,62.3362,61.308,3.68121,0,1,1.51712,1.51712,0,1.17208,1.69344,9.38471e+06,3.61194e+06,1.42377e+07,0,0,0,1.12052e+08
103.622,103.622,4.61849,0,0,3.3281,3.3281,0,0.623662,6.16896,4.51578e+06,2.70226e+06,1.5029e+07,0,0,0,0,62.3362,61.308,3.63089,0,1,1.51718,1.51718,0,1.17212,1.69344,9.38471e+06,3.61194e+06,1.42383e+07,0,0,0,1.12052e+08
103.622,103.622,4.87649,0,0,3.28236,3.28236,0,0.623686,6.16896,4.51578e+06,2.70226e+06,1.48224e+07,0,0,0,0,62.3362,61.308,3.87825,0,1,1.49445,1.49445,0,1.17217,1.69344,9.38471e+06,3.61194e+06,1.4025e+07,0,0,0,1.12052e+08
103.622,103.622,4.35275,0,0,3.28248,3.28248,0,0.615114,6.16896,4.51578e+06,2.70226e+06,1.4823e+07,0,0,0,0,62.3362,61.308,4.19439,0,1,1.49451,1.49451,0,1.15461,1.69344,9.38471e+06,3.61194e+06,1.40255e+07,0,0,0,1.12052e+08
103.622,103.622,4.41846,0,0,3.28261,3.28261,0,0.615138,6.16896,4.51578e+06,2.70226e+06,1.48235e+07,0,0,0,0,62.3362,61.308,3.51061,0,1,1.49456,1.49456,0,1.15466,1.69344,9.38471e+06,3.61194e+06,1.40261e+07,0,0,0,1.12052e+08
103.622,103.622,4.57758,0,0,3.28274,3.28274,0,0.615161,6.16896,4.51578e+06,2.70226e+06,1.48241e+07,0,0,0,0,62.3362,61.308,3.57877,0,1,1.49462,1.49462,0,1.1547,1.69344,9.38471e+06,3.61194e+06,1.40266e+07,0,0,0,1.12052e+08
103.622,103.622,3.62125,0,0,3.37208,3.43859,0,0.615185,6.16896,4.51578e+06,3.09029e+06,1.52276e+07,0,0,0,0,62.3362,61.308,3.39666,1,1,1.54501,1.57549,0,1.15475,1.69344,9.38471e+06,4.1306e+06,1.44995e+07,0,0,0,1.12052e+08
103.622,103.622,3.40003,0,0,3.37221,3.43872,0,0.631927,6.16896,4.51578e+06,3.09029e+06,1.52281e+07,0,0,0,0,62.3362,61.308,3.15026,1,1,1.54507,1.57555,0,1.19368,1.69344,9.38471e+06,4.1306e+06,1.45001e+07,0,0,0,1.12052e+08
103.56,103.622,3.11907,0.01,0,3.37234,3.43886,0,0.631951,6.16896,4.51578e+06,3.09029e+06,1.52287e+07,0,0,0,0,62.3362,61.308,2.85396,1,1,1.54513,1.57561,0,1.19372,1.69344,9.38471e+06,4.1306e+06,1.45006e+07,0,0,0,1.12052e+08
103.343,103.622,2.89574,0.01,0,3.37246,3.43899,0,0.631976,6.16896,4.51578e+06,3.09029e+06,1.52293e+07,0,0,0,0,62.3362,61.308,2.74749,1,1,1.54519,1.57567,0,1.19377,1.69344,9.38471e+06,4.1306e+06,1.45012e+07,0,0,0,1.12052e+08
103.412,103.622,3.25003,0.01,0,3.37259,3.43912,0,0.632,6.16896,4.51578e+06,3.09029e+06,1.52299e+07,0,0,0,0,62.3362,61.308,2.90742,1,1,1.54525,1.57573,0,1.19382,1.69344,9.38471e+06,4.1306e+06,1.45017e+07,0,0,0,1.12052e+08
103.416,103.622,3.17119,0.01,0,3.34252,3.40845,0,0.632024,6.16896,4.51578e+06,3.09029e+06,1.50941e+07,0,0,0,0,62.3067,61.308,2.70701,1,1,1.58887,1.62022,0,1.19386,1.69344,9.38471e+06,4.1306e+06,1.49111e+07,0,0,0,1.12052e+08
103.157,103.622,2.88675,0.02,0,3.34264,3.40858,0,0.626388,6.16896,4.51578e+06,3.09029e+06,1.50946e+07,0,0,0,0,62.2496,61.308,2.59784,1,1,1.58894,1.62028,0,1.22756,1.69344,9.38471e+06,4.1306e+06,1.49117e+07,0,0,0,1.12052e+08
102.812,103.622,2.77804,0.02,0,3.34277,3.40871,0,0.626412,6.16896,4.51578e+06,3.09029e+06,1.50952e+07,0,0,0,0,62.1369,61.308,2.33112,1,1,1.589,1.62034,0,1.22761,1.69344,9.38471e+06,4.1306e+06,1.49123e+07,0,0,0,1.12052e+08
102.286,103.622,2.55785,0.02,0,3.3429,3.40884,0,0.626436,6.16896,4.51578e+06,3.09029e+06,1.50958e+07,0,0,0,0,61.8413,61.308,2.11272,1,1,1.58906,1.6204,0,1.22766,1.69344,9.38471e+06,4.1306e+06,1.49128e+07,0,0,0,1.12052e+08
101.318,103.622,2.10183,0.02,0,3.42105,3.48853,0,0.62646,6.16896,4.51578e+06,3.09029e+06,1.54487e+07,0,0,0,0,61.4951,61.308,1.76377,1,1,1.62795,1.66006,0,1.22771,1.69344,9.38471e+06,4.1306e+06,1.52778e+07,0,0,0,1.12052e+08
100.235,103.622,1.95748,0.02,0,3.42118,3.48866,0,0.641105,6.16896,4.51578e+06,3.09029e+06,1.54493e+07,0,0,0,0,60.951,61.308,1.78142,1,1,1.62801,1.66012,0,1.25775,1.69344,9.38471e+06,4.1306e+06,1.52784e+07,0,0,0,1.12052e+08
99.035,103.622,1.80551,0.02,0,3.42131,3.4888,0,0.641129,6.16896,4.51578e+06,3.09029e+06,1.54499e+07,0,0,0,0,60.5086,61.308,1.58958,1,1,1.62807,1.66019,0,1.2578,1.69344,9.38471e+06,4.1306e+06,1.5279e+07,0,0,0,1.12052e+08
97.8883,103.622,1.86542,0.02,0,3.42144,3.48893,0,0.641154,6.16896,4.51578e+06,3.09029e+06,1.54505e+07,0,0,0,0,59.6125,61.308,1.79256,1,1,1.62814,1.66025,0,1.25785,1.69344,9.38471e+06,4.1306e+06,1.52796e+07,0,0,0,1.12052e+08
96.2773,103.622,1.49873,0.02,0,3.65009,3.72209,0,0.641178,6.16896,4.51578e+06,3.09029e+06,1.6483e+07,0,0,0,0,58.5082,61.308,1.17233,1,1,1.69344,1.80326,0.0749404,1.2579,1.69344,9.38471e+06,4.1306e+06,1.58924e+07,0,0,0,1.12052e+08
94.4489,103.622,1.24549,0.02,0,3.65023,3.72223,0,0.684026,6.16896,4.51578e+06,3.09029e+06,1.64836e+07,0,0,0,0,57.5366,61.308,1.06798,1,1,1.69344,1.80333,0.0750082,1.30835,1.69344,9.38471e+06,4.1306e+06,1.58924e+07,0,0,0,1.12052e+08
92.5794,103.622,1.17282,0.02,0,3.65037,3.72237,0,0.684053,6.16896,4.51578e+06,3.09029e+06,1.64843e+07,0,0,0,0,56.5452,61.308,1.21593,1,1,1.69344,1.8034,0.0750761,1.30835,1.69344,9.38471e+06,4.1306e+06,1.58924e+07,0,0,0,1.12052e+08
90.703,103.622,1.13587,0.02,0,3.65051,3.72251,0,0.684079,6.16896,4.51578e+06,3.09029e+06,1.64849e+07,0,0,0,0,55.8258,61.308,1.19941,1,1,1.69344,1.80347,0.075144,1.30835,1.69344,9.38471e+06,4.1306e+06,1.58924e+07,0,0,0,1.12052e+08
88.6716,103.622,0.942261,0.02,0,3.65065,3.72266,0,0.684105,6.16896,4.51578e+06,3.09029e+06,1.64855e+07,0,0,0,0,54.7526,61.308,1.62827,1,1,1.69344,1.80354,0.0752119,1.30835,1.69344,9.38471e+06,4.1306e+06,1.58924e+07,0,0,0,1.12052e+08
86.4507,103.622,0.606518,0.02,0,3.5394,3.60921,0,0.684131,6.16896,4.51578e+06,3.09029e+06,1.59831e+07,0,0,0,0,53.4109,61.308,0.89439,1,1,1.68362,1.71683,0,1.30835,1.69344,9.38471e+06,4.1306e+06,1.58003e+07,0,0,0,1.12052e+08
84.1753,103.622,0.510914,0.02,0,3.53953,3.60935,0,0.663283,6.16896,4.51578e+06,3.09029e+06,1.59838e+07,0,0,0,0,52.1707,61.308,0.792883,1,1,1.68368,1.71689,0,1.30076,1.69344,9.38471e+06,4.1306e+06,1.58009e+07,0,0,0,1.12052e+08
82.2138,103.622,0.939763,0.02,0,3.53967,3.60949,0,0.663309,6.16896,4.51578e+06,3.09029e+06,1.59844e+07,0,0,0,0,51.4056,61.308,1.06925,1,1,1.68375,1.71696,0,1.30081,1.69344,9.38471e+06,4.1306e+06,1.58015e+07,0,0,0,1.12052e+08
81.0279,103.622,1.82525,0.02,0,3.53981,3.60963,0,0.663334,6.16896,4.51578e+06,3.09029e+06,1.5985e+07,0,0,0,0,50.6091,61.308,1.53663,1,1,1.68381,1.71703,0,1.30086,1.69344,9.38471e+06,4.1306e+06,1.58021e+07,0,0,0,1.12052e+08
79.0198,103.622,0.771859,0.02,0,3.4485,3.51652,0,0.663359,6.16896,4.51578e+06,3.09029e+06,1.55726e+07,0,0,0,0,49.9368,61.308,0.953773,1,1,1.6064,1.63809,0,1.30091,1.69344,9.38471e+06,4.1306e+06,1.50756e+07,0,0,0,1.12052e+08
77.675,103.622,1.49703,0.02,0,3.44863,3.51665,0,0.646248,6.16896,4.51578e+06,3.09029e+06,1.55732e+07,0,0,0,0,49.5472,61.308,1.58787,1,1,1.60646,1.63815,0,1.24111,1.69344,9.38471e+06,4.1306e+06,1.50762e+07,0,0,0,1.12052e+08
76.0381,103.622,1.11741,0.02,0,3.44876,3.51679,0,0.646273,6.16896,4.51578e+06,3.09029e+06,1.55738e+07,0,0,0,0,48.8837,61.308,1.72019,1,1,1.60653,1.63821,0,1.24115,1.69344,9.38471e+06,4.1306e+06,1.50768e+07,0,0,0,1.12052e+08
74.6807,103.622,1.49248,0.02,0,3.44889,3.51692,0,0.646298,6.16896,4.51578e+06,3.09029e+06,1.55744e+07,0,0,0,0,48.3582,61.308,1.27457,1,1,1.60659,1.63828,0,1.2412,1.69344,9.38471e+06,4.1306e+06,1.50774e+07,0,0,0,1.12052e+08
74.0927,103.622,2.24481,0.02,0,3.25218,3.25218,0,0.646323,6.16896,4.51578e+06,2.70226e+06,1.46861e+07,0,0,0,0,48.0908,61.308,1.72565,0,1,1.47377,1.47377,0,1.24125,1.69344,9.38471e+06,3.61194e+06,1.3831e+07,0,0,0,1.12052e+08
73.5213,103.622,2.31851,0.02,0,3.25231,3.25231,0,0.609459,6.16896,4.51578e+06,2.70226e+06,1.46867e+07,0,0,0,0,47.8544,61.308,1.6786,0,1,1.47383,1.47383,0,1.13864,1.69344,9.38471e+06,3.61194e+06,1.38315e+07,0,0,0,1.12052e+08
73.4106,103.622,2.68391,0.02,0,3.25243,3.25243,0,0.609483,6.16896,4.51578e+06,2.70226e+06,1.46873e+07,0,0,0,0,47.5994,61.308,1.84965,0,1,1.47389,1.47389,0,1.13868,1.69344,9.38471e+06,3.61194e+06,1.3832e+07,0,0,0,1.12052e+08
73.2538,103.622,2.84955,0.02,0,3.25256,3.25256,0,0.609506,6.16896,4.51578e+06,2.70226e+06,1.46878e+07,0,0,0,0,47.5612,61.308,1.75177,0,1,1.47394,1.47394,0,1.13873,1.69344,9.38471e+06,3.61194e+06,1.38325e+07,0,0,0,1.12052e+08
75.5294,103.622,5.36197,0.03,0,3.25268,3.25268,0,0.609529,6.16896,4.51578e+06,2.70226e+06,1.46884e+07,0,0,0,0,48.0749,61.308,2.95447,0,1,1.474,1.474,0,1.13877,1.69344,9.38471e+06,3.61194e+06,1.38331e+07,0,0,0,1.12052e+08
75.6559,103.622,3.07135,0.03,0,3.3547,3.3547,0,0.609553,6.16896,4.51578e+06,2.70226e+06,1.51491e+07,0,0,0,0,48.3907,61.308,2.62553,0,1,1.52171,1.52171,0,1.13881,1.69344,9.38471e+06,3.61194e+06,1.42809e+07,0,0,0,1.12052e+08
75.5147,103.622,2.72944,0.03,0,3.3548,3.3548,0,0.62867,6.16896,4.51578e+06,2.70226e+06,1.51495e+07,0,0,0,0,48.5632,61.308,2.33782,0,1,1.52176,1.52176,0,1.17568,1.69344,9.38471e+06,3.61194e+06,1.42813e+07,0,0,0,1.12052e+08
77.1562,103.622,4.52317,0.03,0,3.3549,3.3549,0,0.62869,6.16896,4.51578e+06,2.70226e+06,1.515e+07,0,0,0,0,48.8921,61.308,2.50086,0,1,1.52181,1.52181,0,1.17571,1.69344,9.38471e+06,3.61194e+06,1.42817e+07,0,0,0,1.12052e+08
76.5698,103.622,2.27596,0.03,0,3.35501,3.35501,0,0.628709,6.16896,4.51578e+06,2.70226e+06,1.51505e+07,0,0,0,0,49.4353,61.308,2.62505,0,1,1.52186,1.52186,0,1.17575,1.69344,9.38471e+06,3.61194e+06,1.42822e+07,0,0,0,1.12052e+08
78.946,103.622,5.7717,0.03,0,3.61113,3.68236,0,0.628729,6.16896,4.51578e+06,3.09029e+06,1.63071e+07,0,0,0,0,50.5175,61.308,4.03215,1,1,1.66794,1.70085,0,1.17579,1.69344,9.38471e+06,4.1306e+06,1.56532e+07,0,0,0,1.12052e+08
79.7172,103.622,4.00927,0.03,0,3.61124,3.68248,0,0.676726,6.16896,4.51578e+06,3.09029e+06,1.63076e+07,0,0,0,0,51.1225,61.308,3.32203,1,1,1.668,1.7009,0,1.28865,1.69344,9.38471e+06,4.1306e+06,1.56537e+07,0,0,0,1.12052e+08
81.18,103.622,4.73223,0.03,0,3.61135,3.68259,0,0.676747,6.16896,4.51578e+06,3.09029e+06,1.63081e+07,0,0,0,0,51.925,61.308,3.67299,1,1,1.66805,1.70095,0,1.28869,1.69344,9.38471e+06,4.1306e+06,1.56541e+07,0,0,0,1.12052e+08
82.8178,103.622,5.00666,0.03,0,3.61147,3.6827,0,0.676768,6.16896,4.51578e+06,3.09029e+06,1.63086e+07,0,0,0,0,52.9635,61.308,4.0452,1,1,1.6681,1.701,0,1.28873,1.69344,9.38471e+06,4.1306e+06,1.56546e+07,0,0,0,1.12052e+08
89.3332,103.622,10.0276,0.03,0,3.216,3.216,0,0.676789,6.16896,4.51578e+06,2.70226e+06,1.45227e+07,0,0,0,0,55.7815,61.308,8.46107,0,1,1.46088,1.46088,0,1.28877,1.69344,9.38471e+06,3.61194e+06,1.371e+07,0,0,0,1.12052e+08
94.8018,103.622,9.05123,0.02,0,3.21609,3.21609,0,0.602678,6.16896,4.51578e+06,2.70226e+06,1.45232e+07,0,0,0,0,57.9917,61.308,6.50157,0,1,1.46093,1.46093,0,1.12868,1.69344,9.38471e+06,3.61194e+06,1.37104e+07,0,0,0,1.12052e+08
97.7472,103.622,6.54648,0.02,0,3.21619,3.21619,0,0.602696,6.16896,4.51578e+06,2.70226e+06,1.45236e+07,0,0,0,0,59.381,61.308,5.17979,0,1,1.46097,1.46097,0,1.12871,1.69344,9.38471e+06,3.61194e+06,1.37108e+07,0,0,0,1.12052e+08
101.977,103.622,7.77569,0.01,0,3.21629,3.21629,0,0.602715,6.16896,4.51578e+06,2.70226e+06,1.45241e+07,0,0,0,0,60.939,61.308,5.53356,0,1,1.46102,1.46102,0,1.12875,1.69344,9.38471e+06,3.61194e+06,1.37112e+07,0,0,0,1.12052e+08
103.622,103.622,6.99622,0,0,3.21639,3.21639,0,0.602733,6.16896,4.51578e+06,2.70226e+06,1.45245e+07,0,0,0,0,62.1806,61.308,4.89528,0,1,1.46106,1.46106,0,1.12878,1.69344,9.38471e+06,3.61194e+06,1.37116e+07,0,0,0,1.12052e+08
103.622,103.622,5.82645,0,0,3.33401,3.33401,0,0.602752,6.16896,4.51578e+06,2.70226e+06,1.50557e+07,0,0,0,0,62.3362,61.308,4.17009,0,1,1.51987,1.51987,0,1.12882,1.69344,9.38471e+06,3.61194e+06,1.42636e+07,0,0,0,1.12052e+08
103.622,103.622,5.02934,0,0,3.33412,3.33412,0,0.624794,6.16896,4.51578e+06,2.70226e+06,1.50561e+07,0,0,0,0,62.3362,61.308,4.06976,0,1,1.51992,1.51992,0,1.17425,1.69344,9.38471e+06,3.61194e+06,1.4264e+07,0,0,0,1.12052e+08
103.622,103.622,5.42306,0,0,3.33422,3.33422,0,0.624814,6.16896,4.51578e+06,2.70226e+06,1.50566e+07,0,0,0,0,62.3362,61.308,4.24313,0,1,1.51997,1.51997,0,1.17429,1.69344,9.38471e+06,3.61194e+06,1.42644e+07,0,0,0,1.12052e+08
103.622,103.622,4.346,0,0,3.33432,3.33432,0,0.624833,6.16896,4.51578e+06,2.70226e+06,1.50571e+07,0,0,0,0,62.1888,61.308,3.11773,0,1,1.52001,1.52001,0,1.17433,1.69344,9.38471e+06,3.61194e+06,1.42649e+07,0,0,0,1.12052e+08
103.622,103.622,3.60517,0,0,3.28847,3.28847,0,0.624852,6.16896,4.51578e+06,2.70226e+06,1.485e+07,0,0,0,0,62.2904,61.308,2.30982,0,1,1.49723,1.49723,0,1.17436,1.69344,9.38471e+06,3.61194e+06,1.40511e+07,0,0,0,1.12052e+08
103.622,103.622,3.51818,0,0,3.28857,3.28857,0,0.616259,6.16896,4.51578e+06,2.70226e+06,1.48505e+07,0,0,0,0,62.1478,61.308,2.48444,0,1,1.49728,1.49728,0,1.15676,1.69344,9.38471e+06,3.61194e+06,1.40515e+07,0,0,0,1.12052e+08
103.622,103.622,3.26838,0,0,3.28867,3.28867,0,0.616278,6.16896,4.51578e+06,2.70226e+06,1.48509e+07,0,0,0,0,62.2115,61.308,2.26911,0,1,1.49732,1.49732,0,1.1568,1.69344,9.38471e+06,3.61194e+06,1.4052e+07,0,0,0,1.12052e+08
103.622,103.622,3.32596,0,0,3.28877,3.28877,0,0.616297,6.16896,4.51578e+06,2.70226e+06,1.48514e+07,0,0,0,0,62.2134,61.308,2.21673,0,1,1.49737,1.49737,0,1.15683,1.69344,9.38471e+06,3.61194e+06,1.40524e+07,0,0,0,1.12052e+08
103.314,103.622,2.77352,0,0,3.37825,3.44489,0,0.616316,6.16896,4.51578e+06,3.09029e+06,1.52554e+07,0,0,0,0,62.0309,61.308,2.11041,1,1,1.54784,1.57838,0,1.15687,1.69344,9.38471e+06,4.1306e+06,1.45261e+07,0,0,0,1.12052e+08
102.663,103.622,2.40715,0,0,3.37836,3.445,0,0.633084,6.16896,4.51578e+06,3.09029e+06,1.52559e+07,0,0,0,0,61.6922,61.308,1.96444,1,1,1.54789,1.57842,0,1.19586,1.69344,9.38471e+06,4.1306e+06,1.45265e+07,0,0,0,1.12052e+08
101.926,103.622,2.29867,0,0,3.37846,3.4451,0,0.633104,6.16896,4.51578e+06,3.09029e+06,1.52564e+07,0,0,0,0,61.3082,61.308,1.80853,1,1,1.54794,1.57847,0,1.1959,1.69344,9.38471e+06,4.1306e+06,1.4527e+07,0,0,0,1.12052e+08
100.967,103.622,2.05477,0,0,3.37856,3.44521,0,0.633124,6.16896,4.51578e+06,3.09029e+06,1.52569e+07,0,0,0,0,61.0784,61.308,1.65279,1,1,1.54799,1.57852,0,1.19594,1.69344,9.38471e+06,4.1306e+06,1.45274e+07,0,0,0,1.12052e+08
99.965,103.622,1.97353,0.01,0,3.37867,3.44531,0,0.633143,6.16896,4.51578e+06,3.09029e+06,1.52573e+07,0,0,0,0,60.588,61.308,1.78219,1,1,1.54803,1.57857,0,1.19597,1.69344,9.38471e+06,4.1306e+06,1.45279e+07,0,0,0,1.12052e+08
98.8717,103.622,1.84811,0.01,0,3.34851,3.41456,0,0.633163,6.16896,4.51578e+06,3.09029e+06,1.51211e+07,0,0,0,0,59.9083,61.308,1.54828,1,1,1.59172,1.62312,0,1.19601,1.69344,9.38471e+06,4.1306e+06,1.49379e+07,0,0,0,1.12052e+08
97.7032,103.622,1.72704,0.01,0,3.34861,3.41467,0,0.627511,6.16896,4.51578e+06,3.09029e+06,1.51216e+07,0,0,0,0,59.2985,61.308,1.44581,1,1,1.59177,1.62317,0,1.22977,1.69344,9.38471e+06,4.1306e+06,1.49383e+07,0,0,0,1.12052e+08
96.5345,103.622,1.70599,0.01,0,3.34872,3.41477,0,0.62753,6.16896,4.51578e+06,3.09029e+06,1.51221e+07,0,0,0,0,58.5814,61.308,1.49375,1,1,1.59182,1.62322,0,1.2298,1.69344,9.38471e+06,4.1306e+06,1.49388e+07,0,0,0,1.12052e+08
95.2831,103.622,1.60138,0.02,0,3.34882,3.41488,0,0.62755,6.16896,4.51578e+06,3.09029e+06,1.51225e+07,0,0,0,0,57.6687,61.308,1.36731,1,1,1.59187,1.62327,0,1.22984,1.69344,9.38471e+06,4.1306e+06,1.49393e+07,0,0,0,1.12052e+08
93.743,103.622,1.32384,0.02,0,3.42708,3.49468,0,0.627569,6.16896,4.51578e+06,3.09029e+06,1.54759e+07,0,0,0,0,56.5878,61.308,1.111,1,1,1.63082,1.66299,0,1.22988,1.69344,9.38471e+06,4.1306e+06,1.53048e+07,0,0,0,1.12052e+08
92.1215,103.622,1.22049,0.02,0,3.42719,3.49479,0,0.642235,6.16896,4.51578e+06,3.09029e+06,1.54764e+07,0,0,0,0,55.411,61.308,1.07632,1,1,1.63087,1.66304,0,1.25997,1.69344,9.38471e+06,4.1306e+06,1.53052e+07,0,0,0,1.12052e+08
90.4186,103.622,1.10923,0.02,0,3.42729,3.4949,0,0.642255,6.16896,4.51578e+06,3.09029e+06,1.54769e+07,0,0,0,0,54.2451,61.308,0.984626,1,1,1.63092,1.66309,0,1.26001,1.69344,9.38471e+06,4.1306e+06,1.53057e+07,0,0,0,1.12052e+08
88.6288,103.622,0.984344,0.02,0,3.4274,3.49501,0,0.642275,6.16896,4.51578e+06,3.09029e+06,1.54774e+07,0,0,0,0,52.9768,61.308,0.971574,1,1,1.63097,1.66314,0,1.26005,1.69344,9.38471e+06,4.1306e+06,1.53062e+07,0,0,0,1.12052e+08
86.6934,103.622,0.96532,0.02,0,3.65641,3.72854,0,0.642294,6.16896,4.51578e+06,3.09029e+06,1.65116e+07,0,0,0,0,51.6124,61.308,0.866221,1,1,1.69344,1.80639,0.0780051,1.26009,1.69344,9.38471e+06,4.1306e+06,1.58924e+07,0,0,0,1.12052e+08
84.8128,103.622,1.00788,0.02,0,3.65653,3.72865,0,0.685212,6.16896,4.51578e+06,3.09029e+06,1.65121e+07,0,0,0,0,50.4872,61.308,0.846173,1,1,1.69344,1.80644,0.0780597,1.30835,1.69344,9.38471e+06,4.1306e+06,1.58924e+07,0,0,0,1.12052e+08
82.9067,103.622,0.947942,0.02,0,3.65664,3.72877,0,0.685233,6.16896,4.51578e+06,3.09029e+06,1.65126e+07,0,0,0,0,49.3716,61.308,1.09449,1,1,1.69344,1.8065,0.0781143,1.30835,1.69344,9.38471e+06,4.1306e+06,1.58924e+07,0,0,0,1.12052e+08
80.9932,103.622,0.904067,0.02,0,3.65675,3.72888,0,0.685254,6.16896,4.51578e+06,3.09029e+06,1.65131e+07,0,0,0,0,48.3656,61.308,1.07265,1,1,1.69344,1.80655,0.078169,1.30835,1.69344,9.38471e+06,4.1306e+06,1.58924e+07,0,0,0,1.12052e+08
79.2728,103.622,1.07821,0.02,0,3.65686,3.729,0,0.685275,6.16896,4.51578e+06,3.09029e+06,1.65136e+07,0,0,0,0,47.7263,61.308,1.22671,1,1,1.69344,1.80661,0.0782236,1.30835,1.69344,9.38471e+06,4.1306e+06,1.58924e+07,0,0,0,1.12052e+08
77.6909,103.622,1.1545,0.02,0,3.5454,3.61533,0,0.685296,6.16896,4.51578e+06,3.09029e+06,1.60102e+07,0,0,0,0,47.2525,61.308,2.3373,1,1,1.68647,1.71974,0,1.30835,1.69344,9.38471e+06,4.1306e+06,1.58271e+07,0,0,0,1.12052e+08
76.0188,103.622,1.01823,0.02,0,3.54551,3.61544,0,0.664408,6.16896,4.51578e+06,3.09029e+06,1.60107e+07,0,0,0,0,46.4128,61.308,1.44141,1,1,1.68653,1.71979,0,1.30297,1.69344,9.38471e+06,4.1306e+06,1.58275e+07,0,0,0,1.12052e+08
74.2233,103.622,0.852866,0.02,0,3.54562,3.61555,0,0.664428,6.16896,4.51578e+06,3.09029e+06,1.60112e+07,0,0,0,0,45.7828,61.308,1.27906,1,1,1.68658,1.71985,0,1.30301,1.69344,9.38471e+06,4.1306e+06,1.5828e+07,0,0,0,1.12052e+08
73.0307,103.622,1.57376,0.02,0,3.54573,3.61567,0,0.664449,6.16896,4.51578e+06,3.09029e+06,1.60117e+07,0,0,0,0,45.0179,61.308,1.68389,1,1,1.68663,1.7199,0,1.30305,1.69344,9.38471e+06,4.1306e+06,1.58285e+07,0,0,0,1.12052e+08
71.8165,103.622,1.47271,0.02,0,3.45424,3.52237,0,0.664469,6.16896,4.51578e+06,3.09029e+06,1.55986e+07,0,0,0,0,44.0356,61.308,1.31745,1,1,1.60908,1.64082,0,1.30309,1.69344,9.38471e+06,4.1306e+06,1.51007e+07,0,0,0,1.12052e+08
70.5008,103.622,1.3372,0.02,0,3.45434,3.52248,0,0.647324,6.16896,4.51578e+06,3.09029e+06,1.55991e+07,0,0,0,0,43.5448,61.308,0.8589,1,1,1.60913,1.64087,0,1.24317,1.69344,9.38471e+06,4.1306e+06,1.51012e+07,0,0,0,1.12052e+08
69.4183,103.622,1.59265,0.02,0,3.45445,3.52259,0,0.647344,6.16896,4.51578e+06,3.09029e+06,1.55995e+07,0,0,0,0,43.3129,61.308,1.89234,1,1,1.60918,1.64092,0,1.24321,1.69344,9.38471e+06,4.1306e+06,1.51017e+07,0,0,0,1.12052e+08
70.7138,103.622,4.17302,0.02,0,3.45456,3.5227,0,0.647364,6.16896,4.51578e+06,3.09029e+06,1.56e+07,0,0,0,0,43.767,61.308,3.84371,1,1,1.60923,1.64097,0,1.24325,1.69344,9.38471e+06,4.1306e+06,1.51021e+07,0,0,0,1.12052e+08
70.2996,103.622,2.26499,0.02,0,3.2575,3.2575,0,0.647384,6.16896,4.51578e+06,2.70226e+06,1.47102e+07,0,0,0,0,43.722,61.308,1.82049,0,1,1.47618,1.47618,0,1.24329,1.69344,9.38471e+06,3.61194e+06,1.38536e+07,0,0,0,1.12052e+08
68.9432,103.622,1.28803,0.02,0,3.2576,3.2576,0,0.610455,6.16896,4.51578e+06,2.70226e+06,1.47106e+07,0,0,0,0,43.5034,61.308,1.74692,0,1,1.47623,1.47623,0,1.1405,1.69344,9.38471e+06,3.61194e+06,1.3854e+07,0,0,0,1.12052e+08
67.8378,103.622,1.54068,0.02,0,3.2577,3.2577,0,0.610474,6.16896,4.51578e+06,2.70226e+06,1.47111e+07,0,0,0,0,43.3521,61.308,2.00554,0,1,1.47627,1.47627,0,1.14053,1.69344,9.38471e+06,3.61194e+06,1.38544e+07,0,0,0,1.12052e+08
68.054,103.622,2.85718,0.03,0,3.2578,3.2578,0,0.610493,6.16896,4.51578e+06,2.70226e+06,1.47115e+07,0,0,0,0,43.3044,61.308,2.27903,0,1,1.47632,1.47632,0,1.14057,1.69344,9.38471e+06,3.61194e+06,1.38548e+07,0,0,0,1.12052e+08
70.2357,103.622,4.83391,0.03,0,3.2579,3.2579,0,0.610512,6.16896,4.51578e+06,2.70226e+06,1.4712e+07,0,0,0,0,43.3323,61.308,2.84494,0,1,1.47637,1.47637,0,1.14061,1.69344,9.38471e+06,3.61194e+06,1.38553e+07,0,0,0,1.12052e+08
69.1747,103.622,1.54729,0.03,0,3.29506,3.36005,0,0.610531,6.16896,4.51578e+06,3.09029e+06,1.48798e+07,0,0,0,0,43.4435,61.308,2.07647,1,1,1.49466,1.52414,0,1.14064,1.69344,9.38471e+06,4.1306e+06,1.4027e+07,0,0,0,1.12052e+08
68.9175,103.622,2.44533,0.03,0,3.29514,3.36013,0,0.617494,6.16896,4.51578e+06,3.09029e+06,1.48801e+07,0,0,0,0,43.3831,61.308,2.23164,1,1,1.4947,1.52418,0,1.15478,1.69344,9.38471e+06,4.1306e+06,1.40273e+07,0,0,0,1.12052e+08
68.2013,103.622,1.91462,0.04,0,3.29521,3.36021,0,0.617508,6.16896,4.51578e+06,3.09029e+06,1.48805e+07,0,0,0,0,43.2336,61.308,2.04958,1,1,1.49473,1.52422,0,1.1548,1.69344,9.38471e+06,4.1306e+06,1.40276e+07,0,0,0,1.12052e+08
67.4005,103.622,1.79402,0.04,0,3.29529,3.36029,0,0.617523,6.16896,4.51578e+06,3.09029e+06,1.48808e+07,0,0,0,0,42.72,61.308,1.98852,1,1,1.49477,1.52425,0,1.15483,1.69344,9.38471e+06,4.1306e+06,1.40279e+07,0,0,0,1.12052e+08
66.0679,103.622,1.40387,0.05,0,3.61679,3.68813,0,0.617537,6.16896,4.51578e+06,3.09029e+06,1.63326e+07,0,0,0,0,42.382,61.308,1.49234,1,1,1.67056,1.70351,0,1.15486,1.69344,9.38471e+06,4.1306e+06,1.56777e+07,0,0,0,1.12052e+08
64.8591,103.622,1.57207,0.05,0,3.61687,3.68822,0,0.677786,6.16896,4.51578e+06,3.09029e+06,1.6333e+07,0,0,0,0,42.1478,61.308,2.17995,1,1,1.6706,1.70355,0,1.29067,1.69344,9.38471e+06,4.1306e+06,1.56781e+07,0,0,0,1.12052e+08
64.0249,103.622,1.92526,0.05,0,3.61696,3.6883,0,0.677802,6.16896,4.51578e+06,3.09029e+06,1.63334e+07,0,0,0,0,41.6586,61.308,2.07654,1,1,1.67064,1.70359,0,1.2907,1.69344,9.38471e+06,4.1306e+06,1.56784e+07,0,0,0,1.12052e+08
63.0349,103.622,1.69538,0.05,0,3.61704,3.68839,0,0.677818,6.16896,4.51578e+06,3.09029e+06,1.63338e+07,0,0,0,0,41.7233,61.308,1.88831,1,1,1.67067,1.70363,0,1.29073,1.69344,9.38471e+06,4.1306e+06,1.56788e+07,0,0,0,1.12052e+08
63.5258,103.622,3.23586,0.06,0,3.22094,3.22094,0,0.677833,6.16896,4.51578e+06,2.70226e+06,1.4545e+07,0,0,0,0,42.5096,61.308,2.96179,0,1,1.46313,1.46313,0,1.29076,1.69344,9.38471e+06,3.61194e+06,1.3731e+07,0,0,0,1.12052e+08
66.2276,103.622,5.62401,0.06,0,3.22101,3.22101,0,0.603603,6.16896,4.51578e+06,2.70226e+06,1.45454e+07,0,0,0,0,43.8216,61.308,4.34008,0,1,1.46316,1.46316,0,1.13041,1.69344,9.38471e+06,3.61194e+06,1.37313e+07,0,0,0,1.12052e+08
67.9385,103.622,4.55943,0.07,0,3.22109,3.22109,0,0.603617,6.16896,4.51578e+06,2.70226e+06,1.45457e+07,0,0,0,0,44.3285,61.308,2.82734,0,1,1.46319,1.46319,0,1.13044,1.69344,9.38471e+06,3.61194e+06,1.37317e+07,0,0,0,1.12052e+08
68.4129,103.622,3.33333,0.07,0,3.22116,3.22116,0,0.603632,6.16896,4.51578e+06,2.70226e+06,1.45461e+07,0,0,0,0,44.2497,61.308,2.3058,0,1,1.46323,1.46323,0,1.13046,1.69344,9.38471e+06,3.61194e+06,1.3732e+07,0,0,0,1.12052e+08
68.5514,103.622,2.86197,0.08,0,3.22124,3.22124,0,0.603646,6.16896,4.51578e+06,2.70226e+06,1.45464e+07,0,0,0,0,44.517,61.308,1.8312,0,1,1.46326,1.46326,0,1.13049,1.69344,9.38471e+06,3.61194e+06,1.37323e+07,0,0,0,1.12052e+08
68.7556,103.622,3.00146,0.09,0,3.33901,3.33901,0,0.60366,6.16896,4.51578e+06,2.70226e+06,1.50782e+07,0,0,0,0,44.9604,61.308,3.54459,0,1,1.52215,1.52215,0,1.13052,1.69344,9.38471e+06,3.61194e+06,1.42849e+07,0,0,0,1.12052e+08
69.4195,103.622,3.57443,0.1,0,3.33909,3.33909,0,0.625731,6.16896,4.51578e+06,2.70226e+06,1.50786e+07,0,0,0,0,45.5155,61.308,2.54478,0,1,1.52218,1.52218,0,1.17601,1.69344,9.38471e+06,3.61194e+06,1.42853e+07,0,0,0,1.12052e+08
69.5487,103.622,3.02551,0.04,0,3.33917,3.33917,0,0.625745,6.16896,4.51578e+06,2.70226e+06,1.50789e+07,0,0,0,0,46.5259,61.308,4.15028,0,1,1.52222,1.52222,0,1.17604,1.69344,9.38471e+06,3.61194e+06,1.42856e+07,0,0,0,1.12052e+08
69.7365,103.622,3.21091,0.03,0,3.33924,3.33924,0,0.62576,6.16896,4.51578e+06,2.70226e+06,1.50793e+07,0,0,0,0,47.6999,61.308,3.97452,0,1,1.52226,1.52226,0,1.17607,1.69344,9.38471e+06,3.61194e+06,1.42859e+07,0,0,0,1.12052e+08
69.1413,103.622,2.11868,0.05,0,3.2933,3.2933,0,0.625774,6.16896,4.51578e+06,2.70226e+06,1.48718e+07,0,0,0,0,47.9521,61.308,2.57206,0,1,1.49943,1.49943,0,1.17609,1.69344,9.38471e+06,3.61194e+06,1.40717e+07,0,0,0,1.12052e+08
68.4606,103.622,1.9314,0.05,0,3.29337,3.29337,0,0.617164,6.16896,4.51578e+06,2.70226e+06,1.48722e+07,0,0,0,0,48.1289,61.308,2.27466,0,1,1.49947,1.49947,0,1.15846,1.69344,9.38471e+06,3.61194e+06,1.40721e+07,0,0,0,1.12052e+08
67.7648,103.622,1.90733,0.08,0,3.29345,3.29345,0,0.617178,6.16896,4.51578e+06,2.70226e+06,1.48725e+07,0,0,0,0,48.3374,61.308,2.48174,0,1,1.4995,1.4995,0,1.15849,1.69344,9.38471e+06,3.61194e+06,1.40724e+07,0,0,0,1.12052e+08
66.9822,103.622,1.77343,0.08,0,3.29353,3.29353,0,0.617193,6.16896,4.51578e+06,2.70226e+06,1.48728e+07,0,0,0,0,48.5404,61.308,2.29939,0,1,1.49954,1.49954,0,1.15851,1.69344,9.38471e+06,3.61194e+06,1.40727e+07,0,0,0,1.12052e+08
66.1359,103.622,1.70472,0.08,0,3.38311,3.44984,0,0.617207,6.16896,4.51578e+06,3.09029e+06,1.52774e+07,0,0,0,0,48.5439,61.308,2.22437,1,1,1.55007,1.58065,0,1.15854,1.69344,9.38471e+06,4.1306e+06,1.4547e+07,0,0,0,1.12052e+08
65.2026,103.622,1.55314,0.08,0,3.38319,3.44992,0,0.633995,6.16896,4.51578e+06,3.09029e+06,1.52777e+07,0,0,0,0,48.3875,61.308,2.09385,1,1,1.55011,1.58068,0,1.19758,1.69344,9.38471e+06,4.1306e+06,1.45473e+07,0,0,0,1.12052e+08
64.1561,103.622,1.38642,0.06,0,3.38327,3.45,0,0.63401,6.16896,4.51578e+06,3.09029e+06,1.52781e+07,0,0,0,0,48.2067,61.308,1.97189,1,1,1.55014,1.58072,0,1.19761,1.69344,9.38471e+06,4.1306e+06,1.45476e+07,0,0,0,1.12052e+08
63.0946,103.622,1.31391,0.05,0,3.38335,3.45008,0,0.634024,6.16896,4.51578e+06,3.09029e+06,1.52784e+07,0,0,0,0,47.9733,61.308,1.87625,1,1,1.55018,1.58076,0,1.19764,1.69344,9.38471e+06,4.1306e+06,1.4548e+07,0,0,0,1.12052e+08
62.151,103.622,1.41363,0.05,0,3.38342,3.45016,0,0.634039,6.16896,4.51578e+06,3.09029e+06,1.52788e+07,0,0,0,0,47.7883,61.308,1.83315,1,1,1.55021,1.58079,0,1.19767,1.69344,9.38471e+06,4.1306e+06,1.45483e+07,0,0,0,1.12052e+08
61.5453,103.622,1.72707,0.09,0,3.3532,3.41934,0,0.634054,6.16896,4.51578e+06,3.09029e+06,1.51423e+07,0,0,0,0,47.5464,61.308,1.87603,1,1,1.59395,1.62539,0,1.1977,1.69344,9.38471e+06,4.1306e+06,1.49588e+07,0,0,0,1.12052e+08
60.8292,103.622,1.5964,0.07,0,3.35328,3.41942,0,0.62839,6.16896,4.51578e+06,3.09029e+06,1.51427e+07,0,0,0,0,47.1422,61.308,1.88484,1,1,1.59399,1.62543,0,1.23149,1.69344,9.38471e+06,4.1306e+06,1.49591e+07,0,0,0,1.12052e+08
60.0167,103.622,1.4669,0.06,0,3.35336,3.4195,0,0.628404,6.16896,4.51578e+06,3.09029e+06,1.5143e+07,0,0,0,0,46.701,61.308,1.65836,1,1,1.59403,1.62547,0,1.23152,1.69344,9.38471e+06,4.1306e+06,1.49595e+07,0,0,0,1.12052e+08
59.1404,103.622,1.3514,0.05,0,3.35343,3.41958,0,0.628419,6.16896,4.51578e+06,3.09029e+06,1.51434e+07,0,0,0,0,46.1797,61.308,1.63018,1,1,1.59406,1.62551,0,1.23155,1.69344,9.38471e+06,4.1306e+06,1.49598e+07,0,0,0,1.12052e+08
58.2319,103.622,1.31305,0.05,0,3.43178,3.49947,0,0.628434,6.16896,4.51578e+06,3.09029e+06,1.54971e+07,0,0,0,0,45.7059,61.308,1.61494,1,1,1.63305,1.66527,0,1.23157,1.69344,9.38471e+06,4.1306e+06,1.53257e+07,0,0,0,1.12052e+08
57.3185,103.622,1.31106,0.05,0,3.43186,3.49955,0,0.643115,6.16896,4.51578e+06,3.09029e+06,1.54975e+07,0,0,0,0,45.1747,61.308,1.68905,1,1,1.63309,1.66531,0,1.2617,1.69344,9.38471e+06,4.1306e+06,1.53261e+07,0,0,0,1.12052e+08
56.3658,103.622,1.21229,0.06,0,3.43194,3.49963,0,0.64313,6.16896,4.51578e+06,3.09029e+06,1.54979e+07,0,0,0,0,44.4629,61.308,1.63282,1,1,1.63313,1.66534,0,1.26173,1.69344,9.38471e+06,4.1306e+06,1.53265e+07,0,0,0,1.12052e+08
55.3539,103.622,1.10666,0.06,0,3.43202,3.49971,0,0.643145,6.16896,4.51578e+06,3.09029e+06,1.54982e+07,0,0,0,0,43.9844,61.308,1.42801,1,1,1.63317,1.66538,0,1.26176,1.69344,9.38471e+06,4.1306e+06,1.53268e+07,0,0,0,1.12052e+08
54.4515,103.622,1.31191,0.06,0,3.66131,3.73353,0,0.64316,6.16896,4.51578e+06,3.09029e+06,1.65337e+07,0,0,0,0,43.2232,61.308,1.74038,1,1,1.69344,1.80881,0.0803781,1.26179,1.69344,9.38471e+06,4.1306e+06,1.58924e+07,0,0,0,1.12052e+08
53.6243,103.622,1.31719,0.06,0,3.6614,3.73362,0,0.68613,6.16896,4.51578e+06,3.09029e+06,1.65341e+07,0,0,0,0,42.2842,61.308,1.39912,1,1,1.69344,1.80885,0.0804194,1.30835,1.69344,9.38471e+06,4.1306e+06,1.58924e+07,0,0,0,1.12052e+08
52.6213,103.622,1.11567,0.06,0,3.66148,3.73371,0,0.686146,6.16896,4.51578e+06,3.09029e+06,1.65344e+07,0,0,0,0,41.5869,61.308,1.23082,1,1,1.69344,1.80889,0.0804607,1.30835,1.69344,9.38471e+06,4.1306e+06,1.58924e+07,0,0,0,1.12052e+08
51.7509,103.622,1.22702,0.06,0,3.66157,3.73379,0,0.686162,6.16896,4.51578e+06,3.09029e+06,1.65348e+07,0,0,0,0,40.9698,61.308,1.6344,1,1,1.69344,1.80893,0.0805021,1.30835,1.69344,9.38471e+06,4.1306e+06,1.58924e+07,0,0,0,1.12052e+08
50.8608,103.622,1.19186,0.06,0,3.66165,3.73388,0,0.686178,6.16896,4.51578e+06,3.09029e+06,1.65352e+07,0,0,0,0,40.4357,61.308,1.49633,1,1,1.69344,1.80898,0.0805433,1.30835,1.69344,9.38471e+06,4.1306e+06,1.58924e+07,0,0,0,1.12052e+08
49.9334,103.622,1.05233,0.06,0,3.55001,3.62004,0,0.686194,6.16896,4.51578e+06,3.09029e+06,1.60311e+07,0,0,0,0,40.038,61.308,2.39505,1,1,1.68867,1.72198,0,1.30835,1.69344,9.38471e+06,4.1306e+06,1.58477e+07,0,0,0,1.12052e+08
48.9364,103.622,0.918817,0.05,0,3.5501,3.62012,0,0.665272,6.16896,4.51578e+06,3.09029e+06,1.60315e+07,0,0,0,0,39.2373,61.308,1.42131,1,1,1.68871,1.72202,0,1.30467,1.69344,9.38471e+06,4.1306e+06,1.5848e+07,0,0,0,1.12052e+08
47.8605,103.622,0.793423,0.05,0,3.55018,3.62021,0,0.665288,6.16896,4.51578e+06,3.09029e+06,1.60318e+07,0,0,0,0,38.7045,61.308,1.29308,1,1,1.68875,1.72206,0,1.3047,1.69344,9.38471e+06,4.1306e+06,1.58484e+07,0,0,0,1.12052e+08
47.5058,103.622,1.70264,0.06,0,3.55026,3.62029,0,0.665303,6.16896,4.51578e+06,3.09029e+06,1.60322e+07,0,0,0,0,38.5377,61.308,1.90571,1,1,1.68879,1.7221,0,1.30473,1.69344,9.38471e+06,4.1306e+06,1.58488e+07,0,0,0,1.12052e+08
47.8472,103.622,2.26616,0.06,0,3.45863,3.52685,0,0.665319,6.16896,4.51578e+06,3.09029e+06,1.56184e+07,0,0,0,0,38.5458,61.308,2.21214,1,1,1.61112,1.6429,0,1.30476,1.69344,9.38471e+06,4.1306e+06,1.51199e+07,0,0,0,1.12052e+08
48.2334,103.622,2.35918,0.06,0,3.45871,3.52693,0,0.648147,6.16896,4.51578e+06,3.09029e+06,1.56188e+07,0,0,0,0,38.1548,61.308,1.96654,1,1,1.61116,1.64294,0,1.24475,1.69344,9.38471e+06,4.1306e+06,1.51203e+07,0,0,0,1.12052e+08
48.2337,103.622,1.9613,0.05,0,3.45879,3.52702,0,0.648162,6.16896,4.51578e+06,3.09029e+06,1.56191e+07,0,0,0,0,37.8394,61.308,1.41945,1,1,1.6112,1.64298,0,1.24478,1.69344,9.38471e+06,4.1306e+06,1.51206e+07,0,0,0,1.12052e+08
49.1094,103.622,3.02621,0.05,0,3.45887,3.5271,0,0.648177,6.16896,4.51578e+06,3.09029e+06,1.56195e+07,0,0,0,0,38.1393,61.308,3.90008,1,1,1.61124,1.64302,0,1.24481,1.69344,9.38471e+06,4.1306e+06,1.5121e+07,0,0,0,1.12052e+08
53.0642,103.622,6.41747,0.04,0,3.26154,3.26154,0,0.648192,6.16896,4.51578e+06,2.70226e+06,1.47284e+07,0,0,0,0,39.5499,61.308,6.63073,0,1,1.47802,1.47802,0,1.24484,1.69344,9.38471e+06,3.61194e+06,1.38708e+07,0,0,0,1.12052e+08
55.168,103.622,4.66874,0.04,0,3.26162,3.26162,0,0.611213,6.16896,4.51578e+06,2.70226e+06,1.47288e+07,0,0,0,0,40.6958,61.308,5.11466,0,1,1.47805,1.47805,0,1.14192,1.69344,9.38471e+06,3.61194e+06,1.38711e+07,0,0,0,1.12052e+08
58.5552,103.622,6.0469,0.05,0,3.2617,3.2617,0,0.611227,6.16896,4.51578e+06,2.70226e+06,1.47291e+07,0,0,0,0,41.7313,61.308,4.49655,0,1,1.47809,1.47809,0,1.14194,1.69344,9.38471e+06,3.61194e+06,1.38714e+07,0,0,0,1.12052e+08
62.5477,103.622,7.16701,0.05,0,3.26177,3.26177,0,0.611242,6.16896,4.51578e+06,2.70226e+06,1.47294e+07,0,0,0,0,44.7445,61.308,8.17074,0,1,1.47812,1.47812,0,1.14197,1.69344,9.38471e+06,3.61194e+06,1.38717e+07,0,0,0,1.12052e+08
65.9737,103.622,6.37824,0.04,0,3.26185,3.26185,0,0.611256,6.16896,4.51578e+06,2.70226e+06,1.47298e+07,0,0,0,0,47.7413,61.308,8.07914,0,1,1.47815,1.47815,0,1.142,1.69344,9.38471e+06,3.61194e+06,1.3872e+07,0,0,0,1.12052e+08
67.1371,103.622,3.89602,0.05,0,3.29902,3.3641,0,0.61127,6.16896,4.51578e+06,3.09029e+06,1.48977e+07,0,0,0,0,48.0301,61.308,2.84886,1,1,1.49646,1.52598,0,1.14202,1.69344,9.38471e+06,4.1306e+06,1.40439e+07,0,0,0,1.12052e+08
67.8241,103.622,3.47959,0.05,0,3.29908,3.36415,0,0.618237,6.16896,4.51578e+06,3.09029e+06,1.48979e+07,0,0,0,0,48.5455,61.308,3.45013,1,1,1.49648,1.526,0,1.15617,1.69344,9.38471e+06,4.1306e+06,1.40441e+07,0,0,0,1.12052e+08
72.4102,103.622,8.05985,0.05,0,3.29913,3.36421,0,0.618247,6.16896,4.51578e+06,3.09029e+06,1.48981e+07,0,0,0,0,51.1454,61.308,8.05076,1,1,1.49651,1.52603,0,1.15618,1.69344,9.38471e+06,4.1306e+06,1.40443e+07,0,0,0,1.12052e+08
76.5763,103.622,7.70632,0.04,0,3.29918,3.36426,0,0.618257,6.16896,4.51578e+06,3.09029e+06,1.48984e+07,0,0,0,0,53.5574,61.308,9.15138,1,1,1.49653,1.52605,0,1.1562,1.69344,9.38471e+06,4.1306e+06,1.40445e+07,0,0,0,1.12052e+08
83.3005,103.622,10.7777,0.04,0,3.62103,3.69246,0,0.618266,6.16896,4.51578e+06,3.09029e+06,1.63518e+07,0,0,0,0,55.3334,61.308,8.87195,1,1,1.67252,1.70551,0,1.15622,1.69344,9.38471e+06,4.1306e+06,1.56961e+07,0,0,0,1.12052e+08
84.8673,103.622,5.05,0.02,0,3.62109,3.69252,0,0.678582,6.16896,4.51578e+06,3.09029e+06,1.6352e+07,0,0,0,0,56.2497,61.308,5.27439,1,1,1.67254,1.70554,0,1.29219,1.69344,9.38471e+06,4.1306e+06,1.56964e+07,0,0,0,1.12052e+08
84.7286,103.622,3.15632,0.02,0,3.62115,3.69258,0,0.678592,6.16896,4.51578e+06,3.09029e+06,1.63523e+07,0,0,0,0,56.6587,61.308,3.59239,1,1,1.67257,1.70556,0,1.29221,1.69344,9.38471e+06,4.1306e+06,1.56966e+07,0,0,0,1.12052e+08
85.787,103.622,4.5551,0.02,0,3.6212,3.69263,0,0.678603,6.16896,4.51578e+06,3.09029e+06,1.63526e+07,0,0,0,0,57.7645,61.308,5.36012,1,1,1.6726,1.70559,0,1.29223,1.69344,9.38471e+06,4.1306e+06,1.56968e+07,0,0,0,1.12052e+08
86.323,103.622,3.59083,0.02,0,3.22462,3.22462,0,0.678614,6.16896,4.51578e+06,2.70226e+06,1.45617e+07,0,0,0,0,58.5547,61.308,4.01506,0,1,1.4648,1.4648,0,1.29225,1.69344,9.38471e+06,3.61194e+06,1.37467e+07,0,0,0,1.12052e+08
87.778,103.622,4.66757,0.02,0,3.22467,3.22467,0,0.604294,6.16896,4.51578e+06,2.70226e+06,1.45619e+07,0,0,0,0,58.7985,61.308,2.88549,0,1,1.46482,1.46482,0,1.1317,1.69344,9.38471e+06,3.61194e+06,1.37469e+07,0,0,0,1.12052e+08
90.5241,103.622,6.29117,0.02,0,3.22472,3.22472,0,0.604303,6.16896,4.51578e+06,2.70226e+06,1.45621e+07,0,0,0,0,59.9276,61.308,5.1265,0,1,1.46485,1.46485,0,1.13172,1.69344,9.38471e+06,3.61194e+06,1.37472e+07,0,0,0,1.12052e+08
92.4891,103.622,5.29648,0.01,0,3.22477,3.22477,0,0.604313,6.16896,4.51578e+06,2.70226e+06,1.45624e+07,0,0,0,0,60.2808,61.308,3.16758,0,1,1.46487,1.46487,0,1.13174,1.69344,9.38471e+06,3.61194e+06,1.37474e+07,0,0,0,1.12052e+08
94.1848,103.622,4.97542,0.01,0,3.22482,3.22482,0,0.604322,6.16896,4.51578e+06,2.70226e+06,1.45626e+07,0,0,0,0,60.6146,61.308,2.93189,0,1,1.46489,1.46489,0,1.13176,1.69344,9.38471e+06,3.61194e+06,1.37476e+07,0,0,0,1.12052e+08
97.4269,103.622,6.83646,0.01,0,3.3427,3.3427,0,0.604332,6.16896,4.51578e+06,2.70226e+06,1.50949e+07,0,0,0,0,61.0631,61.308,3.47183,0,1,1.52383,1.52383,0,1.13178,1.69344,9.38471e+06,3.61194e+06,1.43007e+07,0,0,0,1.12052e+08
100.668,103.622,6.91121,0,0,3.34276,3.34276,0,0.626423,6.16896,4.51578e+06,2.70226e+06,1.50952e+07,0,0,0,0,61.6306,61.308,4.03243,0,1,1.52386,1.52386,0,1.17731,1.69344,9.38471e+06,3.61194e+06,1.4301e+07,0,0,0,1.12052e+08
102.267,103.622,5.07846,0,0,3.34281,3.34281,0,0.626433,6.16896,4.51578e+06,2.70226e+06,1.50954e+07,0,0,0,0,61.8792,61.308,2.74931,0,1,1.52388,1.52388,0,1.17733,1.69344,9.38471e+06,3.61194e+06,1.43012e+07,0,0,0,1.12052e+08
103.353,103.622,4.47914,0,0,3.34286,3.34286,0,0.626443,6.16896,4.51578e+06,2.70226e+06,1.50956e+07,0,0,0,0,61.8294,61.308,2.42603,0,1,1.52391,1.52391,0,1.17735,1.69344,9.38471e+06,3.61194e+06,1.43014e+07,0,0,0,1.12052e+08
103.622,103.622,3.67083,0,0,3.29684,3.29684,0,0.626453,6.16896,4.51578e+06,2.70226e+06,1.48878e+07,0,0,0,0,61.6946,61.308,2.27518,0,1,1.50104,1.50104,0,1.17737,1.69344,9.38471e+06,3.61194e+06,1.40869e+07,0,0,0,1.12052e+08
103.345,103.622,2.92504,0,0,3.29689,3.29689,0,0.617828,6.16896,4.51578e+06,2.70226e+06,1.4888e+07,0,0,0,0,61.4417,61.308,2.00351,0,1,1.50107,1.50107,0,1.15971,1.69344,9.38471e+06,3.61194e+06,1.40871e+07,0,0,0,1.12052e+08
102.908,103.622,2.74555,0,0,3.29695,3.29695,0,0.617838,6.16896,4.51578e+06,2.70226e+06,1.48883e+07,0,0,0,0,61.5286,61.308,1.96654,0,1,1.50109,1.50109,0,1.15973,1.69344,9.38471e+06,3.61194e+06,1.40873e+07,0,0,0,1.12052e+08
103.622,103.622,4.18197,0,0,3.297,3.297,0,0.617848,6.16896,4.51578e+06,2.70226e+06,1.48885e+07,0,0,0,0,61.6347,61.308,2.46254,0,1,1.50112,1.50112,0,1.15974,1.69344,9.38471e+06,3.61194e+06,1.40875e+07,0,0,0,1.12052e+08
103.366,103.622,2.93871,0,0,3.38665,3.45345,0,0.617858,6.16896,4.51578e+06,3.09029e+06,1.52934e+07,0,0,0,0,61.6421,61.308,2.17813,1,1,1.55169,1.5823,0,1.15976,1.69344,9.38471e+06,4.1306e+06,1.45622e+07,0,0,0,1.12052e+08
103.085,103.622,2.88852,0,0,3.3867,3.45351,0,0.634658,6.16896,4.51578e+06,3.09029e+06,1.52936e+07,0,0,0,0,61.5206,61.308,2.02088,1,1,1.55172,1.58232,0,1.19884,1.69344,9.38471e+06,4.1306e+06,1.45624e+07,0,0,0,1.12052e+08
102.581,103.622,2.59514,0,0,3.38676,3.45356,0,0.634668,6.16896,4.51578e+06,3.09029e+06,1.52939e+07,0,0,0,0,61.4507,61.308,2.00407,1,1,1.55174,1.58235,0,1.19886,1.69344,9.38471e+06,4.1306e+06,1.45626e+07,0,0,0,1.12052e+08
102.052,103.622,2.57736,0,0,3.38681,3.45362,0,0.634678,6.16896,4.51578e+06,3.09029e+06,1.52941e+07,0,0,0,0,61.4711,61.308,2.04396,1,1,1.55177,1.58237,0,1.19887,1.69344,9.38471e+06,4.1306e+06,1.45629e+07,0,0,0,1.12052e+08
101.409,103.622,2.43617,0,0,3.38686,3.45367,0,0.634688,6.16896,4.51578e+06,3.09029e+06,1.52943e+07,0,0,0,0,61.5552,61.308,2.04418,1,1,1.55179,1.5824,0,1.19889,1.69344,9.38471e+06,4.1306e+06,1.45631e+07,0,0,0,1.12052e+08
100.803,103.622,2.48833,0,0,3.35658,3.42279,0,0.634698,6.16896,4.51578e+06,3.09029e+06,1.51576e+07,0,0,0,0,61.762,61.308,2.57232,1,1,1.59556,1.62703,0,1.19891,1.69344,9.38471e+06,4.1306e+06,1.49739e+07,0,0,0,1.12052e+08
100.003,103.622,2.2723,0,0,3.35664,3.42285,0,0.629024,6.16896,4.51578e+06,3.09029e+06,1.51578e+07,0,0,0,0,61.9132,61.308,2.36272,1,1,1.59559,1.62706,0,1.23273,1.69344,9.38471e+06,4.1306e+06,1.49741e+07,0,0,0,1.12052e+08
99.0534,103.622,2.08665,0,0,3.35669,3.4229,0,0.629034,6.16896,4.51578e+06,3.09029e+06,1.51581e+07,0,0,0,0,61.9968,61.308,2.25895,1,1,1.59561,1.62709,0,1.23275,1.69344,9.38471e+06,4.1306e+06,1.49744e+07,0,0,0,1.12052e+08
98.0362,103.622,1.9662,0,0,3.35674,3.42296,0,0.629044,6.16896,4.51578e+06,3.09029e+06,1.51583e+07,0,0,0,0,61.9656,61.308,2.17522,1,1,1.59564,1.62711,0,1.23277,1.69344,9.38471e+06,4.1306e+06,1.49746e+07,0,0,0,1.12052e+08
96.9684,103.622,1.96358,0,0,3.43514,3.5029,0,0.629054,6.16896,4.51578e+06,3.09029e+06,1.55123e+07,0,0,0,0,61.9555,61.308,2.42653,1,1,1.63465,1.6669,0,1.23279,1.69344,9.38471e+06,4.1306e+06,1.53407e+07,0,0,0,1.12052e+08
95.9178,103.622,1.96875,0.01,0,3.43519,3.50295,0,0.643745,6.16896,4.51578e+06,3.09029e+06,1.55126e+07,0,0,0,0,61.9645,61.308,2.54845,1,1,1.63468,1.66692,0,1.26293,1.69344,9.38471e+06,4.1306e+06,1.5341e+07,0,0,0,1.12052e+08
94.6833,103.622,1.76563,0.03,0,3.43524,3.50301,0,0.643755,6.16896,4.51578e+06,3.09029e+06,1.55128e+07,0,0,0,0,61.9171,61.308,2.37999,1,1,1.6347,1.66695,0,1.26295,1.69344,9.38471e+06,4.1306e+06,1.53412e+07,0,0,0,1.12052e+08
93.3247,103.622,1.61569,0.04,0,3.4353,3.50306,0,0.643765,6.16896,4.51578e+06,3.09029e+06,1.55131e+07,0,0,0,0,61.8461,61.308,2.25889,1,1,1.63473,1.66698,0,1.26297,1.69344,9.38471e+06,4.1306e+06,1.53415e+07,0,0,0,1.12052e+08
91.7046,103.622,1.49014,0.04,0,3.66479,3.73708,0,0.643775,6.16896,4.51578e+06,3.09029e+06,1.65494e+07,0,0,0,0,61.6718,61.308,2.1741,1,1,1.69344,1.81052,0.0820619,1.26299,1.69344,9.38471e+06,4.1306e+06,1.58924e+07,0,0,0,1.12052e+08
90.1384,103.622,1.53927,0.04,0,3.66484,3.73713,0,0.686781,6.16896,4.51578e+06,3.09029e+06,1.65496e+07,0,0,0,0,61.4132,61.308,1.98259,1,1,1.69344,1.81055,0.08209,1.30835,1.69344,9.38471e+06,4.1306e+06,1.58924e+07,0,0,0,1.12052e+08
88.6822,103.622,1.66069,0.04,0,3.6649,3.73719,0,0.686792,6.16896,4.51578e+06,3.09029e+06,1.65499e+07,0,0,0,0,61.1389,61.308,2.44173,1,1,1.69344,1.81058,0.082118,1.30835,1.69344,9.38471e+06,4.1306e+06,1.58924e+07,0,0,0,1.12052e+08
86.997,103.622,1.37391,0.04,0,3.66496,3.73725,0,0.686803,6.16896,4.51578e+06,3.09029e+06,1.65502e+07,0,0,0,0,60.8039,61.308,1.70968,1,1,1.69344,1.81061,0.0821461,1.30835,1.69344,9.38471e+06,4.1306e+06,1.58924e+07,0,0,0,1.12052e+08
85.6261,103.622,1.72988,0.04,0,3.66502,3.73731,0,0.686813,6.16896,4.51578e+06,3.09029e+06,1.65504e+07,0,0,0,0,60.9562,61.308,3.21665,1,1,1.69344,1.81064,0.0821741,1.30835,1.69344,9.38471e+06,4.1306e+06,1.58924e+07,0,0,0,1.12052e+08
84.995,103.622,2.41951,0.04,0,3.55325,3.62334,0,0.686824,6.16896,4.51578e+06,3.09029e+06,1.60457e+07,0,0,0,0,61.1734,61.308,2.64521,1,1,1.69021,1.72355,0,1.30835,1.69344,9.38471e+06,4.1306e+06,1.58621e+07,0,0,0,1.12052e+08
84.1326,103.622,2.28225,0.04,0,3.55331,3.6234,0,0.665879,6.16896,4.51578e+06,3.09029e+06,1.60459e+07,0,0,0,0,61.6416,61.308,2.88515,1,1,1.69023,1.72358,0,1.30585,1.69344,9.38471e+06,4.1306e+06,1.58624e+07,0,0,0,1.12052e+08
83.588,103.622,2.68324,0.04,0,3.55336,3.62345,0,0.66589,6.16896,4.51578e+06,3.09029e+06,1.60462e+07,0,0,0,0,62.3362,61.308,3.62493,1,1,1.69026,1.7236,0,1.30588,1.69344,9.38471e+06,4.1306e+06,1.58626e+07,0,0,0,1.12052e+08
82.9838,103.622,2.65166,0.04,0,3.55342,3.62351,0,0.6659,6.16896,4.51578e+06,3.09029e+06,1.60465e+07,0,0,0,0,62.3362,61.308,3.60601,1,1,1.69029,1.72363,0,1.3059,1.69344,9.38471e+06,4.1306e+06,1.58629e+07,0,0,0,1.12052e+08
81.9809,103.622,2.14126,0.04,0,3.46168,3.52996,0,0.665911,6.16896,4.51578e+06,3.09029e+06,1.56322e+07,0,0,0,0,62.3362,61.308,2.48052,1,1,1.61254,1.64435,0,1.30592,1.69344,9.38471e+06,4.1306e+06,1.51333e+07,0,0,0,1.12052e+08
81.7357,103.622,2.90486,0.04,0,3.46173,3.53002,0,0.648719,6.16896,4.51578e+06,3.09029e+06,1.56324e+07,0,0,0,0,62.3362,61.308,2.42593,1,1,1.61257,1.64438,0,1.24585,1.69344,9.38471e+06,4.1306e+06,1.51335e+07,0,0,0,1.12052e+08
84.0618,103.622,5.81108,0.04,0,3.46179,3.53007,0,0.648729,6.16896,4.51578e+06,3.09029e+06,1.56327e+07,0,0,0,0,62.3362,61.308,5.03728,1,1,1.61259,1.6444,0,1.24587,1.69344,9.38471e+06,4.1306e+06,1.51337e+07,0,0,0,1.12052e+08
85.4666,103.622,4.66958,0.04,0,3.46184,3.53013,0,0.648739,6.16896,4.51578e+06,3.09029e+06,1.56329e+07,0,0,0,0,62.3362,61.308,3.81389,1,1,1.61262,1.64443,0,1.24589,1.69344,9.38471e+06,4.1306e+06,1.5134e+07,0,0,0,1.12052e+08
85.3791,103.622,2.96137,0.04,0,3.26432,3.26432,0,0.64875,6.16896,4.51578e+06,2.70226e+06,1.4741e+07,0,0,0,0,62.3351,61.308,2.97677,0,1,1.47928,1.47928,0,1.24591,1.69344,9.38471e+06,3.61194e+06,1.38826e+07,0,0,0,1.12052e+08
84.9869,103.622,2.68683,0.03,0,3.26437,3.26437,0,0.611734,6.16896,4.51578e+06,2.70226e+06,1.47412e+07,0,0,0,0,62.3362,61.308,2.18723,0,1,1.4793,1.4793,0,1.14289,1.69344,9.38471e+06,3.61194e+06,1.38828e+07,0,0,0,1.12052e+08
87.8635,103.622,6.32631,0.03,0,3.26443,3.26443,0,0.611744,6.16896,4.51578e+06,2.70226e+06,1.47414e+07,0,0,0,0,62.3362,61.308,6.42537,0,1,1.47932,1.47932,0,1.14291,1.69344,9.38471e+06,3.61194e+06,1.3883e+07,0,0,0,1.12052e+08
90.0028,103.622,5.37345,0.02,0,3.26448,3.26448,0,0.611753,6.16896,4.51578e+06,2.70226e+06,1.47417e+07,0,0,0,0,62.3362,61.308,2.90003,0,1,1.47935,1.47935,0,1.14292,1.69344,9.38471e+06,3.61194e+06,1.38832e+07,0,0,0,1.12052e+08
91.4981,103.622,4.64261,0,0,3.26453,3.26453,0,0.611763,6.16896,4.51578e+06,2.70226e+06,1.47419e+07,0,0,0,0,62.3362,61.308,3.3227,0,1,1.47937,1.47937,0,1.14294,1.69344,9.38471e+06,3.61194e+06,1.38835e+07,0,0,0,1.12052e+08
98.0791,103.622,10.256,0,0,3.26453,3.26453,0,0.611773,6.16896,4.51578e+06,2.70226e+06,1.47419e+07,0,0,0,0,62.3362,61.308,9.79228,0,1,1.47937,1.47937,0,1.14296,1.69344,9.38471e+06,3.61194e+06,1.38835e+07,0,0,0,1.12052e+08
102.443,103.622,8.1347,0,0,3.30171,3.36684,0,0.611773,6.16896,4.51578e+06,3.09029e+06,1.49098e+07,0,0,0,0,62.3362,61.308,7.49505,1,1,1.49768,1.52722,0,1.14296,1.69344,9.38471e+06,4.1306e+06,1.40553e+07,0,0,0,1.12052e+08
103.622,103.622,5.76489,0,0,3.30174,3.36687,0,0.618741,6.16896,4.51578e+06,3.09029e+06,1.49099e+07,0,0,0,0,62.3362,61.308,5.97801,1,1,1.49769,1.52724,0,1.15711,1.69344,9.38471e+06,4.1306e+06,1.40554e+07,0,0,0,1.12052e+08
103.622,103.622,5.68727,0,0,3.30177,3.3669,0,0.618746,6.16896,4.51578e+06,3.09029e+06,1.49101e+07,0,0,0,0,62.3362,61.308,5.87849,1,1,1.49771,1.52725,0,1.15712,1.69344,9.38471e+06,4.1306e+06,1.40555e+07,0,0,0,1.12052e+08
103.622,103.622,6.71505,0,0,3.3018,3.36693,0,0.618751,6.16896,4.51578e+06,3.09029e+06,1.49102e+07,0,0,0,0,62.3362,61.308,6.63288,1,1,1.49772,1.52726,0,1.15713,1.69344,9.38471e+06,4.1306e+06,1.40556e+07,0,0,0,1.12052e+08
103.622,103.622,5.11247,0,0,3.62388,3.69536,0,0.618757,6.16896,4.51578e+06,3.09029e+06,1.63646e+07,0,0,0,0,62.3362,61.308,4.55509,1,1,1.67383,1.70685,0,1.15714,1.69344,9.38471e+06,4.1306e+06,1.57084e+07,0,0,0,1.12052e+08
103.622,103.622,5.15891,0,0,3.62391,3.69539,0,0.679114,6.16896,4.51578e+06,3.09029e+06,1.63648e+07,0,0,0,0,62.3362,61.308,4.29269,1,1,1.67385,1.70686,0,1.2932,1.69344,9.38471e+06,4.1306e+06,1.57086e+07,0,0,0,1.12052e+08
103.622,103.622,4.5356,0,0,3.62394,3.69542,0,0.67912,6.16896,4.51578e+06,3.09029e+06,1.63649e+07,0,0,0,0,62.3362,61.308,4.40973,1,1,1.67386,1.70688,0,1.29321,1.69344,9.38471e+06,4.1306e+06,1.57087e+07,0,0,0,1.12052e+08
103.622,103.622,6.7763,0,0,3.62397,3.69545,0,0.679126,6.16896,4.51578e+06,3.09029e+06,1.6365e+07,0,0,0,0,62.3362,61.308,7.18257,1,1,1.67387,1.70689,0,1.29322,1.69344,9.38471e+06,4.1306e+06,1.57088e+07,0,0,0,1.12052e+08
103.622,103.622,7.74221,0,0,3.22706,3.22706,0,0.679132,6.16896,4.51578e+06,2.70226e+06,1.45727e+07,0,0,0,0,62.3362,61.308,6.96622,0,1,1.46591,1.46591,0,1.29324,1.69344,9.38471e+06,3.61194e+06,1.37571e+07,0,0,0,1.12052e+08
103.622,103.622,6.27009,0,0,3.22708,3.22708,0,0.604751,6.16896,4.51578e+06,2.70226e+06,1.45728e+07,0,0,0,0,62.3362,61.308,4.69994,0,1,1.46592,1.46592,0,1.13256,1.69344,9.38471e+06,3.61194e+06,1.37572e+07,0,0,0,1.12052e+08
103.622,103.622,4.57674,0,0,3.22711,3.22711,0,0.604756,6.16896,4.51578e+06,2.70226e+06,1.45729e+07,0,0,0,0,62.3362,61.308,3.80498,0,1,1.46593,1.46593,0,1.13257,1.69344,9.38471e+06,3.61194e+06,1.37573e+07,0,0,0,1.12052e+08
103.622,103.622,5.40132,0,0,3.22714,3.22714,0,0.604761,6.16896,4.51578e+06,2.70226e+06,1.4573e+07,0,0,0,0,62.3362,61.308,4.06666,0,1,1.46594,1.46594,0,1.13258,1.69344,9.38471e+06,3.61194e+06,1.37575e+07,0,0,0,1.12052e+08
103.622,103.622,7.89635,0,0,3.22717,3.22717,0,0.604766,6.16896,4.51578e+06,2.70226e+06,1.45732e+07,0,0,0,0,62.3362,61.308,3.61178,0,1,1.46596,1.46596,0,1.13259,1.69344,9.38471e+06,3.61194e+06,1.37576e+07,0,0,0,1.12052e+08
103.622,103.622,6.49206,0,0,3.2804,3.34511,0,0.604771,6.16896,4.51578e+06,3.09029e+06,1.48136e+07,0,0,0,0,62.3362,61.308,3.78378,1,1,1.49543,1.52493,0,1.1326,1.69344,9.38471e+06,4.1306e+06,1.40342e+07,0,0,0,1.12052e+08
103.622,103.622,4.98039,0,0,3.28043,3.34514,0,0.614747,6.16896,4.51578e+06,3.09029e+06,1.48137e+07,0,0,0,0,62.3362,61.308,3.96398,1,1,1.49544,1.52494,0,1.15537,1.69344,9.38471e+06,4.1306e+06,1.40343e+07,0,0,0,1.12052e+08
103.622,103.622,4.73731,0,0,3.28046,3.34516,0,0.614752,6.16896,4.51578e+06,3.09029e+06,1.48138e+07,0,0,0,0,62.3362,61.308,3.97166,1,1,1.49546,1.52495,0,1.15538,1.69344,9.38471e+06,4.1306e+06,1.40344e+07,0,0,0,1.12052e+08
103.622,103.622,4.11277,0,0,3.28048,3.34519,0,0.614758,6.16896,4.51578e+06,3.09029e+06,1.48139e+07,0,0,0,0,62.3362,61.308,3.51318,1,1,1.49547,1.52497,0,1.15539,1.69344,9.38471e+06,4.1306e+06,1.40345e+07,0,0,0,1.12052e+08
103.622,103.622,3.63267,0,0,3.29912,3.29912,0,0.614763,6.16896,4.51578e+06,2.70226e+06,1.48981e+07,0,0,0,0,62.3362,61.308,2.71377,0,1,1.50208,1.50208,0,1.1554,1.69344,9.38471e+06,3.61194e+06,1.40966e+07,0,0,0,1.12052e+08
103.622,103.622,4.12891,0,0,3.29914,3.29914,0,0.618254,6.16896,4.51578e+06,2.70226e+06,1.48982e+07,0,0,0,0,62.3362,61.308,2.43497,0,1,1.50209,1.50209,0,1.16051,1.69344,9.38471e+06,3.61194e+06,1.40967e+07,0,0,0,1.12052e+08
103.622,103.622,3.48259,0,0,3.29917,3.29917,0,0.618259,6.16896,4.51578e+06,2.70226e+06,1.48983e+07,0,0,0,0,62.3362,61.308,2.47622,0,1,1.50211,1.50211,0,1.16052,1.69344,9.38471e+06,3.61194e+06,1.40968e+07,0,0,0,1.12052e+08
103.524,103.622,3.05793,0,0,3.2992,3.2992,0,0.618265,6.16896,4.51578e+06,2.70226e+06,1.48985e+07,0,0,0,0,62.3231,61.308,2.32826,0,1,1.50212,1.50212,0,1.16053,1.69344,9.38471e+06,3.61194e+06,1.40969e+07,0,0,0,1.12052e+08
103.339,103.622,3.05905,0,0,3.38889,3.45573,0,0.61827,6.16896,4.51578e+06,3.09029e+06,1.53035e+07,0,0,0,0,62.2253,61.308,2.39172,1,1,1.55272,1.58334,0,1.16054,1.69344,9.38471e+06,4.1306e+06,1.45718e+07,0,0,0,1.12052e+08
102.82,103.622,2.69235,0,0,3.38891,3.45576,0,0.635077,6.16896,4.51578e+06,3.09029e+06,1.53036e+07,0,0,0,0,62.0767,61.308,2.23083,1,1,1.55273,1.58336,0,1.19963,1.69344,9.38471e+06,4.1306e+06,1.45719e+07,0,0,0,1.12052e+08
102.213,103.622,2.52996,0,0,3.38894,3.45579,0,0.635083,6.16896,4.51578e+06,3.09029e+06,1.53037e+07,0,0,0,0,61.8746,61.308,2.13193,1,1,1.55274,1.58337,0,1.19964,1.69344,9.38471e+06,4.1306e+06,1.4572e+07,0,0,0,1.12052e+08
101.493,103.622,2.42315,0,0,3.38897,3.45582,0,0.635088,6.16896,4.51578e+06,3.09029e+06,1.53038e+07,0,0,0,0,61.643,61.308,1.98437,1,1,1.55276,1.58338,0,1.19965,1.69344,9.38471e+06,4.1306e+06,1.45722e+07,0,0,0,1.12052e+08
100.689,103.622,2.1926,0,0,3.389,3.45585,0,0.635093,6.16896,4.51578e+06,3.09029e+06,1.5304e+07,0,0,0,0,61.2896,61.308,1.87313,1,1,1.55277,1.5834,0,1.19966,1.69344,9.38471e+06,4.1306e+06,1.45723e+07,0,0,0,1.12052e+08
99.8091,103.622,2.09247,0,0,3.35868,3.42493,0,0.635099,6.16896,4.51578e+06,3.09029e+06,1.5167e+07,0,0,0,0,60.8988,61.308,1.74231,1,1,1.59656,1.62805,0,1.19967,1.69344,9.38471e+06,4.1306e+06,1.49832e+07,0,0,0,1.12052e+08
98.7712,103.622,1.91878,0,0,3.3587,3.42496,0,0.629416,6.16896,4.51578e+06,3.09029e+06,1.51672e+07,0,0,0,0,60.364,61.308,1.7553,1,1,1.59657,1.62806,0,1.2335,1.69344,9.38471e+06,4.1306e+06,1.49833e+07,0,0,0,1.12052e+08
97.5764,103.622,1.73732,0,0,3.35873,3.42498,0,0.629421,6.16896,4.51578e+06,3.09029e+06,1.51673e+07,0,0,0,0,59.7803,61.308,1.55733,1,1,1.59658,1.62808,0,1.23351,1.69344,9.38471e+06,4.1306e+06,1.49835e+07,0,0,0,1.12052e+08
96.4691,103.622,1.78541,0,0,3.35876,3.42501,0,0.629426,6.16896,4.51578e+06,3.09029e+06,1.51674e+07,0,0,0,0,59.3506,61.308,1.63702,1,1,1.5966,1.62809,0,1.23352,1.69344,9.38471e+06,4.1306e+06,1.49836e+07,0,0,0,1.12052e+08
95.3429,103.622,1.83544,0.03,0,3.43718,3.50498,0,0.629432,6.16896,4.51578e+06,3.09029e+06,1.55215e+07,0,0,0,0,58.8409,61.308,1.72443,1,1,1.63562,1.66789,0,1.23353,1.69344,9.38471e+06,4.1306e+06,1.53499e+07,0,0,0,1.12052e+08
94.1273,103.622,1.70014,0.04,0,3.43721,3.50501,0,0.644127,6.16896,4.51578e+06,3.09029e+06,1.55217e+07,0,0,0,0,58.1459,61.308,1.66683,1,1,1.63564,1.6679,0,1.26368,1.69344,9.38471e+06,4.1306e+06,1.535e+07,0,0,0,1.12052e+08
92.791,103.622,1.55008,0.04,0,3.43723,3.50504,0,0.644132,6.16896,4.51578e+06,3.09029e+06,1.55218e+07,0,0,0,0,57.6655,61.308,1.45813,1,1,1.63565,1.66792,0,1.26369,1.69344,9.38471e+06,4.1306e+06,1.53501e+07,0,0,0,1.12052e+08
91.588,103.622,1.6983,0.04,0,3.43726,3.50506,0,0.644138,6.16896,4.51578e+06,3.09029e+06,1.55219e+07,0,0,0,0,56.7886,61.308,1.89426,1,1,1.63567,1.66793,0,1.2637,1.69344,9.38471e+06,4.1306e+06,1.53502e+07,0,0,0,1.12052e+08
89.3865,103.622,0.784488,0.04,0,3.66685,3.73918,0,0.644143,6.16896,4.51578e+06,3.09029e+06,1.65587e+07,0,0,0,0,55.6343,61.308,1.10553,1,1,1.69344,1.81155,0.0830641,1.26371,1.69344,9.38471e+06,4.1306e+06,1.58924e+07,0,0,0,1.12052e+08
87.1821,103.622,0.743211,0.04,0,3.66689,3.73922,0,0.687169,6.16896,4.51578e+06,3.09029e+06,1.65588e+07,0,0,0,0,54.5747,61.308,1.03042,1,1,1.69344,1.81156,0.0830791,1.30835,1.69344,9.38471e+06,4.1306e+06,1.58924e+07,0,0,0,1.12052e+08
85.2471,103.622,0.991,0.04,0,3.66692,3.73925,0,0.687174,6.16896,4.51578e+06,3.09029e+06,1.6559e+07,0,0,0,0,53.6527,61.308,1.16082,1,1,1.69344,1.81158,0.083094,1.30835,1.69344,9.38471e+06,4.1306e+06,1.58924e+07,0,0,0,1.12052e+08
83.7081,103.622,1.4216,0.04,0,3.66695,3.73928,0,0.68718,6.16896,4.51578e+06,3.09029e+06,1.65591e+07,0,0,0,0,53.1712,61.308,1.37738,1,1,1.69344,1.81159,0.0831091,1.30835,1.69344,9.38471e+06,4.1306e+06,1.58924e+07,0,0,0,1.12052e+08
82.2498,103.622,1.50919,0.04,0,3.66698,3.73931,0,0.687186,6.16896,4.51578e+06,3.09029e+06,1.65593e+07,0,0,0,0,52.7813,61.308,2.36822,1,1,1.69344,1.81161,0.0831241,1.30835,1.69344,9.38471e+06,4.1306e+06,1.58924e+07,0,0,0,1.12052e+08
80.71,103.622,1.29642,0.04,0,3.55512,3.62525,0,0.687192,6.16896,4.51578e+06,3.09029e+06,1.60542e+07,0,0,0,0,51.9143,61.308,1.38961,1,1,1.6911,1.72446,0,1.30835,1.69344,9.38471e+06,4.1306e+06,1.58705e+07,0,0,0,1.12052e+08
79.03,103.622,1.11805,0.04,0,3.55516,3.62528,0,0.66623,6.16896,4.51578e+06,3.09029e+06,1.60543e+07,0,0,0,0,51.2749,61.308,1.26461,1,1,1.69111,1.72447,0,1.30654,1.69344,9.38471e+06,4.1306e+06,1.58706e+07,0,0,0,1.12052e+08
78.3473,103.622,2.39811,0.04,0,3.55518,3.62531,0,0.666236,6.16896,4.51578e+06,3.09029e+06,1.60544e+07,0,0,0,0,51.2928,61.308,1.92727,1,1,1.69113,1.72449,0,1.30655,1.69344,9.38471e+06,4.1306e+06,1.58708e+07,0,0,0,1.12052e+08
78.6239,103.622,3.32829,0.04,0,3.55522,3.62534,0,0.666242,6.16896,4.51578e+06,3.09029e+06,1.60546e+07,0,0,0,0,51.3756,61.308,2.49704,1,1,1.69114,1.7245,0,1.30657,1.69344,9.38471e+06,4.1306e+06,1.58709e+07,0,0,0,1.12052e+08
77.702,103.622,1.9702,0.04,0,3.4634,3.53172,0,0.666247,6.16896,4.51578e+06,3.09029e+06,1.564e+07,0,0,0,0,50.8021,61.308,1.77525,1,1,1.61335,1.64517,0,1.30658,1.69344,9.38471e+06,4.1306e+06,1.51408e+07,0,0,0,1.12052e+08
76.4842,103.622,1.6379,0.04,0,3.46343,3.53175,0,0.649042,6.16896,4.51578e+06,3.09029e+06,1.56401e+07,0,0,0,0,50.4574,61.308,1.27855,1,1,1.61336,1.64518,0,1.24647,1.69344,9.38471e+06,4.1306e+06,1.51409e+07,0,0,0,1.12052e+08
76.002,103.622,2.5455,0.04,0,3.46346,3.53178,0,0.649047,6.16896,4.51578e+06,3.09029e+06,1.56402e+07,0,0,0,0,50.757,61.308,3.48339,1,1,1.61337,1.6452,0,1.24648,1.69344,9.38471e+06,4.1306e+06,1.51411e+07,0,0,0,1.12052e+08
78.4463,103.622,5.83158,0.04,0,3.46349,3.53181,0,0.649053,6.16896,4.51578e+06,3.09029e+06,1.56404e+07,0,0,0,0,52.3916,61.308,6.2984,1,1,1.61339,1.64521,0,1.24649,1.69344,9.38471e+06,4.1306e+06,1.51412e+07,0,0,0,1.12052e+08
79.3359,103.622,3.92269,0.04,0,3.26585,3.26585,0,0.649058,6.16896,4.51578e+06,2.70226e+06,1.47479e+07,0,0,0,0,53.4511,61.308,3.35032,0,1,1.47997,1.47997,0,1.2465,1.69344,9.38471e+06,3.61194e+06,1.38891e+07,0,0,0,1.12052e+08
82.5597,103.622,6.45862,0.04,0,3.26588,3.26588,0,0.612021,6.16896,4.51578e+06,2.70226e+06,1.4748e+07,0,0,0,0,54.0259,61.308,2.91199,0,1,1.47998,1.47998,0,1.14342,1.69344,9.38471e+06,3.61194e+06,1.38892e+07,0,0,0,1.12052e+08
83.833,103.622,4.4456,0.04,0,3.26591,3.26591,0,0.612026,6.16896,4.51578e+06,2.70226e+06,1.47481e+07,0,0,0,0,54.0901,61.308,2.16424,0,1,1.47999,1.47999,0,1.14343,1.69344,9.38471e+06,3.61194e+06,1.38893e+07,0,0,0,1.12052e+08
84.8049,103.622,4.28093,0.02,0,3.26594,3.26594,0,0.612031,6.16896,4.51578e+06,2.70226e+06,1.47482e+07,0,0,0,0,54.6251,61.308,3.11228,0,1,1.48001,1.48001,0,1.14344,1.69344,9.38471e+06,3.61194e+06,1.38894e+07,0,0,0,1.12052e+08
86.0329,103.622,4.58132,0.02,0,3.26596,3.26596,0,0.612036,6.16896,4.51578e+06,2.70226e+06,1.47484e+07,0,0,0,0,55.2746,61.308,3.95327,0,1,1.48002,1.48002,0,1.14345,1.69344,9.38471e+06,3.61194e+06,1.38896e+07,0,0,0,1.12052e+08
96.6532,103.622,14.6138,0.03,0,3.30314,3.36829,0,0.612041,6.16896,4.51578e+06,3.09029e+06,1.49162e+07,0,0,0,0,56.8422,61.308,7.06482,1,1,1.49833,1.52788,0,1.14346,1.69344,9.38471e+06,4.1306e+06,1.40614e+07,0,0,0,1.12052e+08
100.588,103.622,7.66252,0.01,0,3.30314,3.3683,0,0.619008,6.16896,4.51578e+06,3.09029e+06,1.49163e+07,0,0,0,0,57.5669,61.308,4.75726,1,1,1.49833,1.52788,0,1.15761,1.69344,9.38471e+06,4.1306e+06,1.40614e+07,0,0,0,1.12052e+08
103.622,103.622,7.42828,0,0,3.30315,3.3683,0,0.619009,6.16896,4.51578e+06,3.09029e+06,1.49163e+07,0,0,0,0,59.4824,61.308,8.78535,1,1,1.49833,1.52789,0,1.15761,1.69344,9.38471e+06,4.1306e+06,1.40614e+07,0,0,0,1.12052e+08
103.622,103.622,7.40589,0,0,3.30315,3.36831,0,0.61901,6.16896,4.51578e+06,3.09029e+06,1.49163e+07,0,0,0,0,60.6363,61.308,6.71513,1,1,1.49833,1.52789,0,1.15761,1.69344,9.38471e+06,4.1306e+06,1.40614e+07,0,0,0,1.12052e+08
103.622,103.622,10.7442,0,0,3.62534,3.69685,0,0.61901,6.16896,4.51578e+06,3.09029e+06,1.63712e+07,0,0,0,0,62.3362,61.308,12.2477,1,1,1.67451,1.70754,0,1.15761,1.69344,9.38471e+06,4.1306e+06,1.57148e+07,0,0,0,1.12052e+08
103.622,103.622,9.20504,0,0,3.62534,3.69685,0,0.679388,6.16896,4.51578e+06,3.09029e+06,1.63712e+07,0,0,0,0,62.3362,61.308,10.1317,1,1,1.67451,1.70754,0,1.29372,1.69344,9.38471e+06,4.1306e+06,1.57148e+07,0,0,0,1.12052e+08
103.622,103.622,7.62984,0,0,3.62534,3.69686,0,0.679389,6.16896,4.51578e+06,3.09029e+06,1.63713e+07,0,0,0,0,62.3362,61.308,8.38101,1,1,1.67451,1.70754,0,1.29372,1.69344,9.38471e+06,4.1306e+06,1.57148e+07,0,0,0,1.12052e+08
103.622,103.622,6.85757,0,0,3.62535,3.69686,0,0.67939,6.16896,4.51578e+06,3.09029e+06,1.63713e+07,0,0,0,0,62.3362,61.308,6.84971,1,1,1.67451,1.70754,0,1.29373,1.69344,9.38471e+06,4.1306e+06,1.57148e+07,0,0,0,1.12052e+08
103.622,103.622,5.02276,0,0,3.22826,3.22826,0,0.67939,6.16896,4.51578e+06,2.70226e+06,1.45781e+07,0,0,0,0,62.3362,61.308,4.98174,0,1,1.46645,1.46645,0,1.29373,1.69344,9.38471e+06,3.61194e+06,1.37622e+07,0,0,0,1.12052e+08
103.622,103.622,6.97173,0,0,3.22827,3.22827,0,0.604976,6.16896,4.51578e+06,2.70226e+06,1.45781e+07,0,0,0,0,62.3362,61.308,8.20383,0,1,1.46646,1.46646,0,1.13298,1.69344,9.38471e+06,3.61194e+06,1.37623e+07,0,0,0,1.12052e+08
103.622,103.622,5.89134,0,0,3.22827,3.22827,0,0.604977,6.16896,4.51578e+06,2.70226e+06,1.45782e+07,0,0,0,0,62.3362,61.308,5.46178,0,1,1.46646,1.46646,0,1.13298,1.69344,9.38471e+06,3.61194e+06,1.37623e+07,0,0,0,1.12052e+08
103.622,103.622,5.43545,0,0,3.22827,3.22827,0,0.604978,6.16896,4.51578e+06,2.70226e+06,1.45782e+07,0,0,0,0,62.3362,61.308,5.05121,0,1,1.46646,1.46646,0,1.13299,1.69344,9.38471e+06,3.61194e+06,1.37623e+07,0,0,0,1.12052e+08
103.622,103.622,6.04211,0,0,3.22828,3.22828,0,0.604978,6.16896,4.51578e+06,2.70226e+06,1.45782e+07,0,0,0,0,62.3362,61.308,4.83073,0,1,1.46646,1.46646,0,1.13299,1.69344,9.38471e+06,3.61194e+06,1.37623e+07,0,0,0,1.12052e+08
103.622,103.622,6.29176,0,0,3.28151,3.34624,0,0.604979,6.16896,4.51578e+06,3.09029e+06,1.48186e+07,0,0,0,0,62.3362,61.308,5.2973,1,1,1.49593,1.52544,0,1.13299,1.69344,9.38471e+06,4.1306e+06,1.40389e+07,0,0,0,1.12052e+08
103.622,103.622,9.37878,0,0,3.28151,3.34624,0,0.614954,6.16896,4.51578e+06,3.09029e+06,1.48186e+07,0,0,0,0,62.3362,61.308,8.35478,1,1,1.49594,1.52544,0,1.15576,1.69344,9.38471e+06,4.1306e+06,1.40389e+07,0,0,0,1.12052e+08
103.622,103.622,7.1762,0,0,3.28151,3.34624,0,0.614955,6.16896,4.51578e+06,3.09029e+06,1.48186e+07,0,0,0,0,62.3362,61.308,6.38085,1,1,1.49594,1.52545,0,1.15576,1.69344,9.38471e+06,4.1306e+06,1.40389e+07,0,0,0,1.12052e+08
103.622,103.622,5.93603,0,0,3.28152,3.34625,0,0.614956,6.16896,4.51578e+06,3.09029e+06,1.48186e+07,0,0,0,0,62.3362,61.308,5.38945,1,1,1.49594,1.52545,0,1.15576,1.69344,9.38471e+06,4.1306e+06,1.4039e+07,0,0,0,1.12052e+08
103.622,103.622,5.39377,0,0,3.30013,3.30013,0,0.614956,6.16896,4.51578e+06,2.70226e+06,1.49027e+07,0,0,0,0,62.3362,61.308,5.03828,0,1,1.50254,1.50254,0,1.15576,1.69344,9.38471e+06,3.61194e+06,1.41009e+07,0,0,0,1.12052e+08
103.622,103.622,5.02257,0,0,3.30013,3.30013,0,0.618445,6.16896,4.51578e+06,2.70226e+06,1.49027e+07,0,0,0,0,62.3362,61.308,4.57119,0,1,1.50254,1.50254,0,1.16086,1.69344,9.38471e+06,3.61194e+06,1.41009e+07,0,0,0,1.12052e+08
103.622,103.622,4.84568,0,0,3.30014,3.30014,0,0.618445,6.16896,4.51578e+06,2.70226e+06,1.49027e+07,0,0,0,0,62.3362,61.308,4.52483,0,1,1.50255,1.50255,0,1.16087,1.69344,9.38471e+06,3.61194e+06,1.4101e+07,0,0,0,1.12052e+08
103.622,103.622,4.46298,0,0,3.30014,3.30014,0,0.618446,6.16896,4.51578e+06,2.70226e+06,1.49027e+07,0,0,0,0,62.3362,61.308,4.01384,0,1,1.50255,1.50255,0,1.16087,1.69344,9.38471e+06,3.61194e+06,1.4101e+07,0,0,0,1.12052e+08
103.622,103.622,3.76512,0,0,3.38983,3.4567,0,0.618447,6.16896,4.51578e+06,3.09029e+06,1.53077e+07,0,0,0,0,62.3362,61.308,3.9037,1,1,1.55315,1.58378,0,1.16087,1.69344,9.38471e+06,4.1306e+06,1.45758e+07,0,0,0,1.12052e+08
103.622,103.622,3.44781,0,0,3.38983,3.4567,0,0.635254,6.16896,4.51578e+06,3.09029e+06,1.53077e+07,0,0,0,0,62.3362,61.308,3.89404,1,1,1.55315,1.58379,0,1.19996,1.69344,9.38471e+06,4.1306e+06,1.45759e+07,0,0,0,1.12052e+08
103.622,103.622,3.40218,0,0,3.38984,3.4567,0,0.635255,6.16896,4.51578e+06,3.09029e+06,1.53078e+07,0,0,0,0,62.3362,61.308,3.92607,1,1,1.55315,1.58379,0,1.19996,1.69344,9.38471e+06,4.1306e+06,1.45759e+07,0,0,0,1.12052e+08
103.517,103.622,3.16182,0,0,3.38984,3.45671,0,0.635256,6.16896,4.51578e+06,3.09029e+06,1.53078e+07,0,0,0,0,62.3362,61.308,3.62795,1,1,1.55315,1.58379,0,1.19997,1.69344,9.38471e+06,4.1306e+06,1.45759e+07,0,0,0,1.12052e+08
103.419,103.622,3.19145,0,0,3.38985,3.45671,0,0.635256,6.16896,4.51578e+06,3.09029e+06,1.53078e+07,0,0,0,0,62.3362,61.308,3.6378,1,1,1.55316,1.58379,0,1.19997,1.69344,9.38471e+06,4.1306e+06,1.45759e+07,0,0,0,1.12052e+08
103.311,103.622,3.16452,0,0,3.35949,3.42576,0,0.635257,6.16896,4.51578e+06,3.09029e+06,1.51707e+07,0,0,0,0,62.3362,61.308,3.65705,1,1,1.59694,1.62844,0,1.19997,1.69344,9.38471e+06,4.1306e+06,1.49868e+07,0,0,0,1.12052e+08
103.092,103.622,3.01334,0.01,0,3.35949,3.42576,0,0.629568,6.16896,4.51578e+06,3.09029e+06,1.51707e+07,0,0,0,0,62.3362,61.308,3.53633,1,1,1.59694,1.62844,0,1.2338,1.69344,9.38471e+06,4.1306e+06,1.49869e+07,0,0,0,1.12052e+08
102.536,103.622,2.65053,0.01,0,3.3595,3.42576,0,0.629569,6.16896,4.51578e+06,3.09029e+06,1.51707e+07,0,0,0,0,62.3362,61.308,3.3902,1,1,1.59695,1.62845,0,1.2338,1.69344,9.38471e+06,4.1306e+06,1.49869e+07,0,0,0,1.12052e+08
101.723,103.622,2.329,0.02,0,3.3595,3.42577,0,0.62957,6.16896,4.51578e+06,3.09029e+06,1.51708e+07,0,0,0,0,62.3014,61.308,2.85907,1,1,1.59695,1.62845,0,1.2338,1.69344,9.38471e+06,4.1306e+06,1.49869e+07,0,0,0,1.12052e+08
100.766,103.622,2.21002,0.03,0,3.43791,3.50572,0,0.62957,6.16896,4.51578e+06,3.09029e+06,1.55248e+07,0,0,0,0,62.1393,61.308,2.48385,1,1,1.63597,1.66824,0,1.2338,1.69344,9.38471e+06,4.1306e+06,1.53531e+07,0,0,0,1.12052e+08
99.6911,103.622,2.06244,0.02,0,3.43791,3.50573,0,0.644264,6.16896,4.51578e+06,3.09029e+06,1.55249e+07,0,0,0,0,61.8756,61.308,2.52058,1,1,1.63597,1.66824,0,1.26395,1.69344,9.38471e+06,4.1306e+06,1.53531e+07,0,0,0,1.12052e+08
98.4961,103.622,1.89953,0.04,0,3.43792,3.50573,0,0.644265,6.16896,4.51578e+06,3.09029e+06,1.55249e+07,0,0,0,0,61.5639,61.308,2.24662,1,1,1.63598,1.66825,0,1.26395,1.69344,9.38471e+06,4.1306e+06,1.53532e+07,0,0,0,1.12052e+08
97.3559,103.622,1.97188,0.04,0,3.43792,3.50573,0,0.644265,6.16896,4.51578e+06,3.09029e+06,1.55249e+07,0,0,0,0,61.3187,61.308,2.53466,1,1,1.63598,1.66825,0,1.26395,1.69344,9.38471e+06,4.1306e+06,1.53532e+07,0,0,0,1.12052e+08
95.6609,103.622,1.52382,0.04,0,3.66753,3.73987,0,0.644266,6.16896,4.51578e+06,3.09029e+06,1.65617e+07,0,0,0,0,60.8083,61.308,2.2505,1,1,1.69344,1.81188,0.0833899,1.26396,1.69344,9.38471e+06,4.1306e+06,1.58924e+07,0,0,0,1.12052e+08
93.9616,103.622,1.49089,0.04,0,3.66753,3.73987,0,0.687295,6.16896,4.51578e+06,3.09029e+06,1.65618e+07,0,0,0,0,60.2662,61.308,2.11961,1,1,1.69344,1.81188,0.083392,1.30835,1.69344,9.38471e+06,4.1306e+06,1.58924e+07,0,0,0,1.12052e+08
92.8388,103.622,2.0759,0.04,0,3.66754,3.73988,0,0.687295,6.16896,4.51578e+06,3.09029e+06,1.65618e+07,0,0,0,0,59.7958,61.308,2.48274,1,1,1.69344,1.81188,0.083394,1.30835,1.69344,9.38471e+06,4.1306e+06,1.58924e+07,0,0,0,1.12052e+08
92.4873,103.622,2.93779,0.04,0,3.66754,3.73988,0,0.687296,6.16896,4.51578e+06,3.09029e+06,1.65618e+07,0,0,0,0,59.5119,61.308,2.82172,1,1,1.69344,1.81188,0.083396,1.30835,1.69344,9.38471e+06,4.1306e+06,1.58924e+07,0,0,0,1.12052e+08
91.7624,103.622,2.39405,0.04,0,3.66754,3.73989,0,0.687297,6.16896,4.51578e+06,3.09029e+06,1.65618e+07,0,0,0,0,58.9474,61.308,2.85443,1,1,1.69344,1.81189,0.0833981,1.30835,1.69344,9.38471e+06,4.1306e+06,1.58924e+07,0,0,0,1.12052e+08
90.8954,103.622,2.17778,0.04,0,3.55565,3.62578,0,0.687298,6.16896,4.51578e+06,3.09029e+06,1.60565e+07,0,0,0,0,58.3616,61.308,2.85141,1,1,1.69135,1.72471,0,1.30835,1.69344,9.38471e+06,4.1306e+06,1.58728e+07,0,0,0,1.12052e+08
90.2534,103.622,2.50524,0.04,0,3.55565,3.62579,0,0.666328,6.16896,4.51578e+06,3.09029e+06,1.60565e+07,0,0,0,0,57.9725,61.308,3.90371,1,1,1.69135,1.72471,0,1.30674,1.69344,9.38471e+06,4.1306e+06,1.58728e+07,0,0,0,1.12052e+08
89.5158,103.622,2.42391,0.04,0,3.55566,3.62579,0,0.666329,6.16896,4.51578e+06,3.09029e+06,1.60566e+07,0,0,0,0,57.5687,61.308,3.68089,1,1,1.69135,1.72471,0,1.30674,1.69344,9.38471e+06,4.1306e+06,1.58729e+07,0,0,0,1.12052e+08
88.6361,103.622,2.38015,0.04,0,3.55566,3.6258,0,0.66633,6.16896,4.51578e+06,3.09029e+06,1.60566e+07,0,0,0,0,57.2631,61.308,3.90082,1,1,1.69135,1.72472,0,1.30674,1.69344,9.38471e+06,4.1306e+06,1.58729e+07,0,0,0,1.12052e+08
87.2477,103.622,1.73583,0.04,0,3.46381,3.53214,0,0.666331,6.16896,4.51578e+06,3.09029e+06,1.56418e+07,0,0,0,0,57.1503,61.308,2.88036,1,1,1.61354,1.64536,0,1.30674,1.69344,9.38471e+06,4.1306e+06,1.51426e+07,0,0,0,1.12052e+08
86.4891,103.622,2.40197,0.04,0,3.46382,3.53214,0,0.649118,6.16896,4.51578e+06,3.09029e+06,1.56418e+07,0,0,0,0,56.9965,61.308,2.60595,1,1,1.61354,1.64537,0,1.24662,1.69344,9.38471e+06,4.1306e+06,1.51426e+07,0,0,0,1.12052e+08
89.0184,103.622,6.09828,0.04,0,3.46382,3.53214,0,0.649119,6.16896,4.51578e+06,3.09029e+06,1.56418e+07,0,0,0,0,58.1003,61.308,8.67212,1,1,1.61354,1.64537,0,1.24662,1.69344,9.38471e+06,4.1306e+06,1.51426e+07,0,0,0,1.12052e+08
89.8617,103.622,4.1883,0.04,0,3.46382,3.53215,0,0.64912,6.16896,4.51578e+06,3.09029e+06,1.56419e+07,0,0,0,0,58.5924,61.308,5.90293,1,1,1.61354,1.64537,0,1.24662,1.69344,9.38471e+06,4.1306e+06,1.51426e+07,0,0,0,1.12052e+08
88.8524,103.622,2.07514,0.03,0,3.26614,3.26614,0,0.649121,6.16896,4.51578e+06,2.70226e+06,1.47492e+07,0,0,0,0,58.3521,61.308,3.4209,0,1,1.4801,1.4801,0,1.24662,1.69344,9.38471e+06,3.61194e+06,1.38903e+07,0,0,0,1.12052e+08
87.5499,103.622,1.78688,0.04,0,3.26614,3.26614,0,0.612075,6.16896,4.51578e+06,2.70226e+06,1.47492e+07,0,0,0,0,58.1361,61.308,4.16248,0,1,1.4801,1.4801,0,1.14353,1.69344,9.38471e+06,3.61194e+06,1.38903e+07,0,0,0,1.12052e+08
87.1848,103.622,2.86564,0.04,0,3.26615,3.26615,0,0.612076,6.16896,4.51578e+06,2.70226e+06,1.47492e+07,0,0,0,0,58.0825,61.308,6.09514,0,1,1.4801,1.4801,0,1.14353,1.69344,9.38471e+06,3.61194e+06,1.38903e+07,0,0,0,1.12052e+08
92.6944,103.622,9.61584,0.04,0,3.26615,3.26615,0,0.612076,6.16896,4.51578e+06,2.70226e+06,1.47492e+07,0,0,0,0,59.8985,61.308,7.41147,0,1,1.4801,1.4801,0,1.14353,1.69344,9.38471e+06,3.61194e+06,1.38904e+07,0,0,0,1.12052e+08
98.6737,103.622,9.95268,0.02,0,3.26616,3.26616,0,0.612077,6.16896,4.51578e+06,2.70226e+06,1.47492e+07,0,0,0,0,62.3362,61.308,8.23592,0,1,1.48011,1.48011,0,1.14353,1.69344,9.38471e+06,3.61194e+06,1.38904e+07,0,0,0,1.12052e+08
101.869,103.622,6.93239,0,0,3.30331,3.36847,0,0.612078,6.16896,4.51578e+06,3.09029e+06,1.4917e+07,0,0,0,0,62.3362,61.308,4.22967,1,1,1.4984,1.52796,0,1.14353,1.69344,9.38471e+06,4.1306e+06,1.40621e+07,0,0,0,1.12052e+08
103.622,103.622,5.41911,0,0,3.30329,3.36845,0,0.61904,6.16896,4.51578e+06,3.09029e+06,1.49169e+07,0,0,0,0,62.3362,61.308,4.22275,1,1,1.4984,1.52795,0,1.15767,1.69344,9.38471e+06,4.1306e+06,1.4062e+07,0,0,0,1.12052e+08
103.622,103.622,4.38031,0,0,3.30327,3.36843,0,0.619037,6.16896,4.51578e+06,3.09029e+06,1.49168e+07,0,0,0,0,62.3362,61.308,3.27914,1,1,1.49839,1.52794,0,1.15766,1.69344,9.38471e+06,4.1306e+06,1.40619e+07,0,0,0,1.12052e+08
103.622,103.622,5.32228,0.01,0,3.30325,3.36841,0,0.619033,6.16896,4.51578e+06,3.09029e+06,1.49167e+07,0,0,0,0,62.3362,61.308,3.45428,1,1,1.49838,1.52793,0,1.15765,1.69344,9.38471e+06,4.1306e+06,1.40618e+07,0,0,0,1.12052e+08
103.622,103.622,5.18951,0,0,3.62542,3.69693,0,0.619029,6.16896,4.51578e+06,3.09029e+06,1.63716e+07,0,0,0,0,62.3362,61.308,4.59513,1,1,1.67454,1.70757,0,1.15765,1.69344,9.38471e+06,4.1306e+06,1.57151e+07,0,0,0,1.12052e+08
103.622,103.622,4.99809,0,0,3.6254,3.69691,0,0.679403,6.16896,4.51578e+06,3.09029e+06,1.63715e+07,0,0,0,0,62.3362,61.308,4.78137,1,1,1.67453,1.70756,0,1.29375,1.69344,9.38471e+06,4.1306e+06,1.5715e+07,0,0,0,1.12052e+08
103.622,103.622,4.75604,0,0,3.62537,3.69688,0,0.679399,6.16896,4.51578e+06,3.09029e+06,1.63714e+07,0,0,0,0,62.3362,61.308,4.86169,1,1,1.67452,1.70755,0,1.29374,1.69344,9.38471e+06,4.1306e+06,1.57149e+07,0,0,0,1.12052e+08
103.622,103.622,5.9858,0,0,3.62535,3.69686,0,0.679395,6.16896,4.51578e+06,3.09029e+06,1.63713e+07,0,0,0,0,62.3362,61.308,5.1277,1,1,1.67451,1.70754,0,1.29374,1.69344,9.38471e+06,4.1306e+06,1.57148e+07,0,0,0,1.12052e+08
103.622,103.622,6.58797,0,0,3.22824,3.22824,0,0.679391,6.16896,4.51578e+06,2.70226e+06,1.4578e+07,0,0,0,0,62.3362,61.308,6.53257,0,1,1.46644,1.46644,0,1.29373,1.69344,9.38471e+06,3.61194e+06,1.37622e+07,0,0,0,1.12052e+08
103.622,103.622,5.30251,0,0,3.22822,3.22822,0,0.604972,6.16896,4.51578e+06,2.70226e+06,1.45779e+07,0,0,0,0,62.3362,61.308,4.62132,0,1,1.46644,1.46644,0,1.13298,1.69344,9.38471e+06,3.61194e+06,1.37621e+07,0,0,0,1.12052e+08
103.622,103.622,3.75876,0,0,3.2282,3.2282,0,0.604969,6.16896,4.51578e+06,2.70226e+06,1.45778e+07,0,0,0,0,62.3362,61.308,3.6621,0,1,1.46643,1.46643,0,1.13297,1.69344,9.38471e+06,3.61194e+06,1.3762e+07,0,0,0,1.12052e+08
103.622,103.622,5.10398,0,0,3.22818,3.22818,0,0.604965,6.16896,4.51578e+06,2.70226e+06,1.45778e+07,0,0,0,0,62.3362,61.308,4.57161,0,1,1.46642,1.46642,0,1.13296,1.69344,9.38471e+06,3.61194e+06,1.37619e+07,0,0,0,1.12052e+08
103.622,103.622,3.94824,0,0,3.22816,3.22816,0,0.604961,6.16896,4.51578e+06,2.70226e+06,1.45777e+07,0,0,0,0,62.3362,61.308,5.36689,0,1,1.46641,1.46641,0,1.13295,1.69344,9.38471e+06,3.61194e+06,1.37618e+07,0,0,0,1.12052e+08
103.622,103.622,4.33927,0,0,3.28137,3.34609,0,0.604958,6.16896,4.51578e+06,3.09029e+06,1.48179e+07,0,0,0,0,62.3362,61.308,7.83091,1,1,1.49587,1.52538,0,1.13295,1.69344,9.38471e+06,4.1306e+06,1.40383e+07,0,0,0,1.12052e+08
103.622,103.622,5.22863,0,0,3.28134,3.34607,0,0.614928,6.16896,4.51578e+06,3.09029e+06,1.48178e+07,0,0,0,0,62.3362,61.308,7.20471,1,1,1.49586,1.52537,0,1.15571,1.69344,9.38471e+06,4.1306e+06,1.40382e+07,0,0,0,1.12052e+08
103.622,103.622,3.72572,0,0,3.28132,3.34605,0,0.614924,6.16896,4.51578e+06,3.09029e+06,1.48177e+07,0,0,0,0,62.3362,61.308,5.26977,1,1,1.49585,1.52536,0,1.1557,1.69344,9.38471e+06,4.1306e+06,1.40381e+07,0,0,0,1.12052e+08
103.618,103.622,3.39114,0,0,3.2813,3.34603,0,0.61492,6.16896,4.51578e+06,3.09029e+06,1.48176e+07,0,0,0,0,62.3362,61.308,4.59463,1,1,1.49584,1.52535,0,1.1557,1.69344,9.38471e+06,4.1306e+06,1.4038e+07,0,0,0,1.12052e+08
103.441,103.622,3.19588,0,0,3.29989,3.29989,0,0.614916,6.16896,4.51578e+06,2.70226e+06,1.49016e+07,0,0,0,0,62.3362,61.308,4.24847,0,1,1.50243,1.50243,0,1.15569,1.69344,9.38471e+06,3.61194e+06,1.40999e+07,0,0,0,1.12052e+08
102.97,103.622,2.83807,0,0,3.29987,3.29987,0,0.6184,6.16896,4.51578e+06,2.70226e+06,1.49015e+07,0,0,0,0,62.3362,61.308,3.72281,0,1,1.50242,1.50242,0,1.16078,1.69344,9.38471e+06,3.61194e+06,1.40998e+07,0,0,0,1.12052e+08
102.329,103.622,2.6135,0,0,3.29985,3.29985,0,0.618396,6.16896,4.51578e+06,2.70226e+06,1.49014e+07,0,0,0,0,62.3362,61.308,3.47254,0,1,1.50241,1.50241,0,1.16077,1.69344,9.38471e+06,3.61194e+06,1.40997e+07,0,0,0,1.12052e+08
101.597,103.622,2.48799,0,0,3.29983,3.29983,0,0.618392,6.16896,4.51578e+06,2.70226e+06,1.49013e+07,0,0,0,0,62.3362,61.308,3.65774,0,1,1.50241,1.50241,0,1.16077,1.69344,9.38471e+06,3.61194e+06,1.40996e+07,0,0,0,1.12052e+08
100.853,103.622,2.45518,0,0,3.38949,3.45634,0,0.618388,6.16896,4.51578e+06,3.09029e+06,1.53062e+07,0,0,0,0,62.3362,61.308,3.52073,1,1,1.55299,1.58362,0,1.16076,1.69344,9.38471e+06,4.1306e+06,1.45744e+07,0,0,0,1.12052e+08
99.9851,103.622,2.30361,0,0,3.38946,3.45632,0,0.63519,6.16896,4.51578e+06,3.09029e+06,1.53061e+07,0,0,0,0,62.3362,61.308,3.25051,1,1,1.55298,1.58361,0,1.19984,1.69344,9.38471e+06,4.1306e+06,1.45743e+07,0,0,0,1.12052e+08
98.959,103.622,2.11275,0,0,3.38944,3.4563,0,0.635186,6.16896,4.51578e+06,3.09029e+06,1.5306e+07,0,0,0,0,62.3362,61.308,2.94304,1,1,1.55297,1.5836,0,1.19983,1.69344,9.38471e+06,4.1306e+06,1.45742e+07,0,0,0,1.12052e+08
97.8559,103.622,1.96008,0,0,3.38942,3.45628,0,0.635182,6.16896,4.51578e+06,3.09029e+06,1.53059e+07,0,0,0,0,62.3362,61.308,2.83422,1,1,1.55296,1.58359,0,1.19983,1.69344,9.38471e+06,4.1306e+06,1.45741e+07,0,0,0,1.12052e+08
97.5019,103.622,2.73588,0,0,3.3894,3.45626,0,0.635178,6.16896,4.51578e+06,3.09029e+06,1.53058e+07,0,0,0,0,62.3362,61.308,3.25564,1,1,1.55295,1.58358,0,1.19982,1.69344,9.38471e+06,4.1306e+06,1.4574e+07,0,0,0,1.12052e+08
97.3871,103.622,2.977,0,0,3.35902,3.42528,0,0.635174,6.16896,4.51578e+06,3.09029e+06,1.51686e+07,0,0,0,0,62.3362,61.308,3.27624,1,1,1.59672,1.62822,0,1.19981,1.69344,9.38471e+06,4.1306e+06,1.49848e+07,0,0,0,1.12052e+08
97.0597,103.622,2.7623,0,0,3.359,3.42526,0,0.629481,6.16896,4.51578e+06,3.09029e+06,1.51685e+07,0,0,0,0,62.3362,61.308,3.25007,1,1,1.59671,1.62821,0,1.23363,1.69344,9.38471e+06,4.1306e+06,1.49847e+07,0,0,0,1.12052e+08
96.5184,103.622,2.52707,0.01,0,3.35898,3.42524,0,0.629477,6.16896,4.51578e+06,3.09029e+06,1.51684e+07,0,0,0,0,62.3362,61.308,2.87916,1,1,1.5967,1.6282,0,1.23362,1.69344,9.38471e+06,4.1306e+06,1.49846e+07,0,0,0,1.12052e+08
95.792,103.622,2.27984,0.04,0,3.35896,3.42522,0,0.629473,6.16896,4.51578e+06,3.09029e+06,1.51683e+07,0,0,0,0,62.2228,61.308,2.6174,1,1,1.59669,1.62819,0,1.23361,1.69344,9.38471e+06,4.1306e+06,1.49845e+07,0,0,0,1.12052e+08
95.2105,103.622,2.46335,0.04,0,3.43733,3.50513,0,0.62947,6.16896,4.51578e+06,3.09029e+06,1.55222e+07,0,0,0,0,62.115,61.308,2.81654,1,1,1.6357,1.66796,0,1.2336,1.69344,9.38471e+06,4.1306e+06,1.53506e+07,0,0,0,1.12052e+08
94.44,103.622,2.23138,0.04,0,3.43731,3.50511,0,0.644156,6.16896,4.51578e+06,3.09029e+06,1.55221e+07,0,0,0,0,61.8636,61.308,2.71573,1,1,1.63569,1.66795,0,1.26374,1.69344,9.38471e+06,4.1306e+06,1.53505e+07,0,0,0,1.12052e+08
93.4992,103.622,2.02931,0.04,0,3.43729,3.50509,0,0.644152,6.16896,4.51578e+06,3.09029e+06,1.5522e+07,0,0,0,0,61.5662,61.308,2.35148,1,1,1.63568,1.66794,0,1.26373,1.69344,9.38471e+06,4.1306e+06,1.53504e+07,0,0,0,1.12052e+08
92.7386,103.622,2.24133,0.04,0,3.43727,3.50507,0,0.644148,6.16896,4.51578e+06,3.09029e+06,1.55219e+07,0,0,0,0,61.3849,61.308,2.91297,1,1,1.63567,1.66793,0,1.26372,1.69344,9.38471e+06,4.1306e+06,1.53503e+07,0,0,0,1.12052e+08
91.9785,103.622,2.34952,0.04,0,3.66681,3.73914,0,0.644144,6.16896,4.51578e+06,3.09029e+06,1.65585e+07,0,0,0,0,61.0257,61.308,2.44076,1,1,1.69344,1.81152,0.0830408,1.26372,1.69344,9.38471e+06,4.1306e+06,1.58924e+07,0,0,0,1.12052e+08
91.4798,103.622,2.61261,0.04,0,3.66678,3.73911,0,0.68716,6.16896,4.51578e+06,3.09029e+06,1.65584e+07,0,0,0,0,60.7707,61.308,2.88036,1,1,1.69344,1.81151,0.0830299,1.30835,1.69344,9.38471e+06,4.1306e+06,1.58924e+07,0,0,0,1.12052e+08
90.4975,103.622,2.10577,0.04,0,3.66676,3.73909,0,0.687155,6.16896,4.51578e+06,3.09029e+06,1.65583e+07,0,0,0,0,60.3229,61.308,2.16294,1,1,1.69344,1.8115,0.0830189,1.30835,1.69344,9.38471e+06,4.1306e+06,1.58924e+07,0,0,0,1.12052e+08
89.9345,103.622,2.54319,0.04,0,3.66674,3.73907,0,0.687151,6.16896,4.51578e+06,3.09029e+06,1.65582e+07,0,0,0,0,60.2298,61.308,3.5568,1,1,1.69344,1.81149,0.0830079,1.30835,1.69344,9.38471e+06,4.1306e+06,1.58924e+07,0,0,0,1.12052e+08
89.5256,103.622,2.73499,0.04,0,3.66672,3.73904,0,0.687147,6.16896,4.51578e+06,3.09029e+06,1.65581e+07,0,0,0,0,59.954,61.308,2.87795,1,1,1.69344,1.81148,0.082997,1.30835,1.69344,9.38471e+06,4.1306e+06,1.58924e+07,0,0,0,1.12052e+08
89.8378,103.622,3.44129,0.04,0,3.55482,3.62494,0,0.687143,6.16896,4.51578e+06,3.09029e+06,1.60528e+07,0,0,0,0,60.1319,61.308,4.58798,1,1,1.69095,1.72431,0,1.30835,1.69344,9.38471e+06,4.1306e+06,1.58691e+07,0,0,0,1.12052e+08
90.4455,103.622,3.76879,0.04,0,3.5548,3.62492,0,0.666173,6.16896,4.51578e+06,3.09029e+06,1.60527e+07,0,0,0,0,60.463,61.308,4.84522,1,1,1.69094,1.7243,0,1.30643,1.69344,9.38471e+06,4.1306e+06,1.5869e+07,0,0,0,1.12052e+08
91.0912,103.622,3.79177,0.04,0,3.55477,3.62489,0,0.666169,6.16896,4.51578e+06,3.09029e+06,1.60526e+07,0,0,0,0,60.572,61.308,4.37044,1,1,1.69093,1.72429,0,1.30642,1.69344,9.38471e+06,4.1306e+06,1.58689e+07,0,0,0,1.12052e+08
90.973,103.622,3.08102,0.04,0,3.55475,3.62487,0,0.666165,6.16896,4.51578e+06,3.09029e+06,1.60525e+07,0,0,0,0,60.6199,61.308,3.89906,1,1,1.69092,1.72428,0,1.30642,1.69344,9.38471e+06,4.1306e+06,1.58688e+07,0,0,0,1.12052e+08
90.2058,103.622,2.34451,0.04,0,3.4629,3.53121,0,0.666161,6.16896,4.51578e+06,3.09029e+06,1.56377e+07,0,0,0,0,60.5621,61.308,2.66475,1,1,1.61311,1.64493,0,1.30641,1.69344,9.38471e+06,4.1306e+06,1.51386e+07,0,0,0,1.12052e+08
90.6728,103.622,3.6941,0.04,0,3.46288,3.53119,0,0.648948,6.16896,4.51578e+06,3.09029e+06,1.56376e+07,0,0,0,0,61.267,61.308,4.83113,1,1,1.6131,1.64492,0,1.24629,1.69344,9.38471e+06,4.1306e+06,1.51385e+07,0,0,0,1.12052e+08
89.95,103.622,2.45613,0.04,0,3.46286,3.53117,0,0.648944,6.16896,4.51578e+06,3.09029e+06,1.56375e+07,0,0,0,0,61.5997,61.308,4.01263,1,1,1.61309,1.64491,0,1.24628,1.69344,9.38471e+06,4.1306e+06,1.51384e+07,0,0,0,1.12052e+08
91.2062,103.622,4.72426,0.03,0,3.46284,3.53115,0,0.64894,6.16896,4.51578e+06,3.09029e+06,1.56374e+07,0,0,0,0,62.0677,61.308,4.341,1,1,1.61308,1.6449,0,1.24628,1.69344,9.38471e+06,4.1306e+06,1.51383e+07,0,0,0,1.12052e+08
96.3952,103.622,8.74429,0.03,0,3.26519,3.26519,0,0.648936,6.16896,4.51578e+06,2.70226e+06,1.47449e+07,0,0,0,0,62.3362,61.308,7.26672,0,1,1.47967,1.47967,0,1.24627,1.69344,9.38471e+06,3.61194e+06,1.38863e+07,0,0,0,1.12052e+08
102.321,103.622,9.55328,0.02,0,3.26517,3.26517,0,0.611896,6.16896,4.51578e+06,2.70226e+06,1.47448e+07,0,0,0,0,62.3362,61.308,10.2902,0,1,1.47966,1.47966,0,1.14319,1.69344,9.38471e+06,3.61194e+06,1.38862e+07,0,0,0,1.12052e+08
103.622,103.622,6.21776,0,0,3.26515,3.26515,0,0.611893,6.16896,4.51578e+06,2.70226e+06,1.47447e+07,0,0,0,0,62.3362,61.308,4.79685,0,1,1.47965,1.47965,0,1.14318,1.69344,9.38471e+06,3.61194e+06,1.38861e+07,0,0,0,1.12052e+08
103.622,103.622,6.50716,0,0,3.26513,3.26513,0,0.611889,6.16896,4.51578e+06,2.70226e+06,1.47446e+07,0,0,0,0,62.3362,61.308,4.72943,0,1,1.47964,1.47964,0,1.14318,1.69344,9.38471e+06,3.61194e+06,1.3886e+07,0,0,0,1.12052e+08
103.622,103.622,5.87176,0,0,3.26511,3.26511,0,0.611885,6.16896,4.51578e+06,2.70226e+06,1.47445e+07,0,0,0,0,62.3362,61.308,5.32512,0,1,1.47963,1.47963,0,1.14317,1.69344,9.38471e+06,3.61194e+06,1.38859e+07,0,0,0,1.12052e+08
103.622,103.622,7.19794,0,0,3.30223,3.36736,0,0.611881,6.16896,4.51578e+06,3.09029e+06,1.49121e+07,0,0,0,0,62.3362,61.308,7.24238,1,1,1.49791,1.52746,0,1.14316,1.69344,9.38471e+06,4.1306e+06,1.40575e+07,0,0,0,1.12052e+08
103.622,103.622,5.88575,0.01,0,3.30218,3.36732,0,0.618837,6.16896,4.51578e+06,3.09029e+06,1.49119e+07,0,0,0,0,62.3362,61.308,6.02399,1,1,1.49789,1.52744,0,1.15729,1.69344,9.38471e+06,4.1306e+06,1.40573e+07,0,0,0,1.12052e+08
103.622,103.622,5.0627,0.01,0,3.30214,3.36727,0,0.618829,6.16896,4.51578e+06,3.09029e+06,1.49117e+07,0,0,0,0,62.3362,61.308,6.60706,1,1,1.49787,1.52742,0,1.15727,1.69344,9.38471e+06,4.1306e+06,1.40571e+07,0,0,0,1.12052e+08
103.622,103.622,7.3257,0.01,0,3.30209,3.36723,0,0.618821,6.16896,4.51578e+06,3.09029e+06,1.49115e+07,0,0,0,0,62.3362,61.308,7.19271,1,1,1.49785,1.5274,0,1.15726,1.69344,9.38471e+06,4.1306e+06,1.40569e+07,0,0,0,1.12052e+08
103.622,103.622,3.86022,0.01,0,3.62412,3.69561,0,0.618812,6.16896,4.51578e+06,3.09029e+06,1.63657e+07,0,0,0,0,62.3362,61.308,4.26555,1,1,1.67395,1.70697,0,1.15724,1.69344,9.38471e+06,4.1306e+06,1.57095e+07,0,0,0,1.12052e+08
103.622,103.622,4.42299,0,0,3.62408,3.69556,0,0.679161,6.16896,4.51578e+06,3.09029e+06,1.63655e+07,0,0,0,0,62.3362,61.308,4.73029,1,1,1.67392,1.70694,0,1.29329,1.69344,9.38471e+06,4.1306e+06,1.57093e+07,0,0,0,1.12052e+08
103.622,103.622,3.7386,0,0,3.62403,3.69551,0,0.679152,6.16896,4.51578e+06,3.09029e+06,1.63653e+07,0,0,0,0,62.3362,61.308,4.26834,1,1,1.6739,1.70692,0,1.29327,1.69344,9.38471e+06,4.1306e+06,1.57091e+07,0,0,0,1.12052e+08
103.622,103.622,4.26061,0,0,3.62398,3.69546,0,0.679143,6.16896,4.51578e+06,3.09029e+06,1.63651e+07,0,0,0,0,62.3362,61.308,4.92433,1,1,1.67388,1.7069,0,1.29326,1.69344,9.38471e+06,4.1306e+06,1.57089e+07,0,0,0,1.12052e+08
103.622,103.622,4.53241,0.01,0,3.227,3.227,0,0.679133,6.16896,4.51578e+06,2.70226e+06,1.45724e+07,0,0,0,0,62.3362,61.308,5.46159,0,1,1.46588,1.46588,0,1.29324,1.69344,9.38471e+06,3.61194e+06,1.37568e+07,0,0,0,1.12052e+08
103.622,103.622,5.60935,0,0,3.22695,3.22695,0,0.604739,6.16896,4.51578e+06,2.70226e+06,1.45722e+07,0,0,0,0,62.3362,61.308,5.66292,0,1,1.46586,1.46586,0,1.13254,1.69344,9.38471e+06,3.61194e+06,1.37567e+07,0,0,0,1.12052e+08
103.622,103.622,4.86728,0,0,3.22691,3.22691,0,0.604731,6.16896,4.51578e+06,2.70226e+06,1.4572e+07,0,0,0,0,62.3362,61.308,4.5185,0,1,1.46584,1.46584,0,1.13252,1.69344,9.38471e+06,3.61194e+06,1.37565e+07,0,0,0,1.12052e+08
103.622,103.622,4.84186,0,0,3.22687,3.22687,0,0.604723,6.16896,4.51578e+06,2.70226e+06,1.45718e+07,0,0,0,0,62.3362,61.308,5.47855,0,1,1.46582,1.46582,0,1.13251,1.69344,9.38471e+06,3.61194e+06,1.37563e+07,0,0,0,1.12052e+08
103.622,103.622,4.48709,0,0,3.22682,3.22682,0,0.604715,6.16896,4.51578e+06,2.70226e+06,1.45716e+07,0,0,0,0,62.3362,61.308,5.59566,0,1,1.4658,1.4658,0,1.13249,1.69344,9.38471e+06,3.61194e+06,1.37561e+07,0,0,0,1.12052e+08
103.622,103.622,4.51838,0,0,3.27998,3.34468,0,0.604707,6.16896,4.51578e+06,3.09029e+06,1.48117e+07,0,0,0,0,62.3362,61.308,4.71646,1,1,1.49524,1.52473,0,1.13248,1.69344,9.38471e+06,4.1306e+06,1.40324e+07,0,0,0,1.12052e+08
103.622,103.622,4.10775,0,0,3.27994,3.34463,0,0.614668,6.16896,4.51578e+06,3.09029e+06,1.48115e+07,0,0,0,0,62.3362,61.308,5.20769,1,1,1.49522,1.52471,0,1.15522,1.69344,9.38471e+06,4.1306e+06,1.40322e+07,0,0,0,1.12052e+08
103.622,103.622,4.14522,0,0,3.27989,3.34459,0,0.61466,6.16896,4.51578e+06,3.09029e+06,1.48113e+07,0,0,0,0,62.3362,61.308,5.47876,1,1,1.4952,1.52469,0,1.15521,1.69344,9.38471e+06,4.1306e+06,1.4032e+07,0,0,0,1.12052e+08
103.622,103.622,3.50913,0,0,3.27985,3.34454,0,0.614652,6.16896,4.51578e+06,3.09029e+06,1.48111e+07,0,0,0,0,62.3362,61.308,3.65682,1,1,1.49518,1.52467,0,1.15519,1.69344,9.38471e+06,4.1306e+06,1.40318e+07,0,0,0,1.12052e+08
103.166,103.622,2.76695,0,0,3.2984,3.2984,0,0.614643,6.16896,4.51578e+06,2.70226e+06,1.48949e+07,0,0,0,0,62.3158,61.308,2.83856,0,1,1.50176,1.50176,0,1.15517,1.69344,9.38471e+06,3.61194e+06,1.40935e+07,0,0,0,1.12052e+08
102.366,103.622,2.39667,0,0,3.29836,3.29836,0,0.618121,6.16896,4.51578e+06,2.70226e+06,1.48947e+07,0,0,0,0,62.1932,61.308,2.56437,0,1,1.50174,1.50174,0,1.16026,1.69344,9.38471e+06,3.61194e+06,1.40934e+07,0,0,0,1.12052e+08
101.493,103.622,2.20743,0,0,3.29832,3.29832,0,0.618113,6.16896,4.51578e+06,2.70226e+06,1.48945e+07,0,0,0,0,62.3362,61.308,2.31996,0,1,1.50172,1.50172,0,1.16024,1.69344,9.38471e+06,3.61194e+06,1.40932e+07,0,0,0,1.12052e+08
100.581,103.622,2.17956,0,0,3.29827,3.29827,0,0.618104,6.16896,4.51578e+06,2.70226e+06,1.48943e+07,0,0,0,0,62.279,61.308,2.60727,0,1,1.5017,1.5017,0,1.16023,1.69344,9.38471e+06,3.61194e+06,1.4093e+07,0,0,0,1.12052e+08
99.6688,103.622,2.23745,0,0,3.38786,3.45468,0,0.618096,6.16896,4.51578e+06,3.09029e+06,1.52988e+07,0,0,0,0,62.2626,61.308,2.38073,1,1,1.55224,1.58286,0,1.16021,1.69344,9.38471e+06,4.1306e+06,1.45674e+07,0,0,0,1.12052e+08
98.6097,103.622,2.01894,0,0,3.38781,3.45464,0,0.634885,6.16896,4.51578e+06,3.09029e+06,1.52986e+07,0,0,0,0,62.266,61.308,2.15547,1,1,1.55222,1.58284,0,1.19926,1.69344,9.38471e+06,4.1306e+06,1.45672e+07,0,0,0,1.12052e+08
97.4719,103.622,1.90455,0,0,3.38777,3.45459,0,0.634876,6.16896,4.51578e+06,3.09029e+06,1.52984e+07,0,0,0,0,62.2998,61.308,2.19192,1,1,1.5522,1.58282,0,1.19925,1.69344,9.38471e+06,4.1306e+06,1.4567e+07,0,0,0,1.12052e+08
96.283,103.622,1.83245,0,0,3.38772,3.45455,0,0.634868,6.16896,4.51578e+06,3.09029e+06,1.52982e+07,0,0,0,0,62.3362,61.308,2.13974,1,1,1.55218,1.5828,0,1.19923,1.69344,9.38471e+06,4.1306e+06,1.45668e+07,0,0,0,1.12052e+08
94.9644,103.622,1.65269,0.02,0,3.38768,3.4545,0,0.634859,6.16896,4.51578e+06,3.09029e+06,1.5298e+07,0,0,0,0,62.3362,61.308,2.33219,1,1,1.55216,1.58278,0,1.19922,1.69344,9.38471e+06,4.1306e+06,1.45666e+07,0,0,0,1.12052e+08
93.5131,103.622,1.46263,0.02,0,3.35729,3.42351,0,0.63485,6.16896,4.51578e+06,3.09029e+06,1.51608e+07,0,0,0,0,62.3362,61.308,2.55192,1,1,1.5959,1.62738,0,1.1992,1.69344,9.38471e+06,4.1306e+06,1.4977e+07,0,0,0,1.12052e+08
91.96,103.622,1.32929,0.03,0,3.35724,3.42347,0,0.629156,6.16896,4.51578e+06,3.09029e+06,1.51606e+07,0,0,0,0,62.3362,61.308,2.2811,1,1,1.59588,1.62735,0,1.23299,1.69344,9.38471e+06,4.1306e+06,1.49768e+07,0,0,0,1.12052e+08
90.3993,103.622,1.26239,0.03,0,3.3572,3.42342,0,0.629148,6.16896,4.51578e+06,3.09029e+06,1.51604e+07,0,0,0,0,62.2771,61.308,2.2444,1,1,1.59585,1.62733,0,1.23297,1.69344,9.38471e+06,4.1306e+06,1.49766e+07,0,0,0,1.12052e+08
88.756,103.622,1.14646,0.04,0,3.35715,3.42338,0,0.629139,6.16896,4.51578e+06,3.09029e+06,1.51602e+07,0,0,0,0,62.1565,61.308,2.15946,1,1,1.59583,1.62731,0,1.23296,1.69344,9.38471e+06,4.1306e+06,1.49764e+07,0,0,0,1.12052e+08
87.03,103.622,1.0858,0.04,0,3.43546,3.50322,0,0.629131,6.16896,4.51578e+06,3.09029e+06,1.55138e+07,0,0,0,0,61.8984,61.308,2.03711,1,1,1.63481,1.66705,0,1.23294,1.69344,9.38471e+06,4.1306e+06,1.53422e+07,0,0,0,1.12052e+08
85.2496,103.622,0.997984,0.04,0,3.43541,3.50318,0,0.643805,6.16896,4.51578e+06,3.09029e+06,1.55136e+07,0,0,0,0,61.6049,61.308,1.90801,1,1,1.63478,1.66703,0,1.26305,1.69344,9.38471e+06,4.1306e+06,1.5342e+07,0,0,0,1.12052e+08
83.3898,103.622,0.874356,0.04,0,3.43537,3.50313,0,0.643796,6.16896,4.51578e+06,3.09029e+06,1.55134e+07,0,0,0,0,61.3036,61.308,1.89316,1,1,1.63476,1.66701,0,1.26303,1.69344,9.38471e+06,4.1306e+06,1.53418e+07,0,0,0,1.12052e+08
81.4527,103.622,0.769404,0.04,0,3.43532,3.50308,0,0.643788,6.16896,4.51578e+06,3.09029e+06,1.55131e+07,0,0,0,0,60.9781,61.308,1.82232,1,1,1.63474,1.66699,0,1.26302,1.69344,9.38471e+06,4.1306e+06,1.53416e+07,0,0,0,1.12052e+08
79.474,103.622,0.860138,0.04,0,3.6647,3.73699,0,0.643779,6.16896,4.51578e+06,3.09029e+06,1.6549e+07,0,0,0,0,60.6268,61.308,1.80221,1,1,1.69344,1.81048,0.0820205,1.263,1.69344,9.38471e+06,4.1306e+06,1.58924e+07,0,0,0,1.12052e+08
77.6542,103.622,0.992294,0.04,0,3.66465,3.73694,0,0.686765,6.16896,4.51578e+06,3.09029e+06,1.65488e+07,0,0,0,0,60.276,61.308,2.15756,1,1,1.69344,1.81046,0.0819967,1.30835,1.69344,9.38471e+06,4.1306e+06,1.58924e+07,0,0,0,1.12052e+08
75.7056,103.622,0.81696,0.04,0,3.6646,3.73689,0,0.686756,6.16896,4.51578e+06,3.09029e+06,1.65485e+07,0,0,0,0,59.8741,61.308,1.71933,1,1,1.69344,1.81043,0.0819728,1.30835,1.69344,9.38471e+06,4.1306e+06,1.58924e+07,0,0,0,1.12052e+08
73.9192,103.622,0.965576,0.04,0,3.66455,3.73684,0,0.686746,6.16896,4.51578e+06,3.09029e+06,1.65483e+07,0,0,0,0,59.7713,61.308,2.59894,1,1,1.69344,1.81041,0.081949,1.30835,1.69344,9.38471e+06,4.1306e+06,1.58924e+07,0,0,0,1.12052e+08
72.2215,103.622,1.12976,0.04,0,3.6645,3.73679,0,0.686737,6.16896,4.51578e+06,3.09029e+06,1.65481e+07,0,0,0,0,59.6658,61.308,2.86171,1,1,1.69344,1.81038,0.0819251,1.30835,1.69344,9.38471e+06,4.1306e+06,1.58924e+07,0,0,0,1.12052e+08
71.0002,103.622,1.64847,0.04,0,3.55265,3.62273,0,0.686728,6.16896,4.51578e+06,3.09029e+06,1.6043e+07,0,0,0,0,59.9984,61.308,4.26282,1,1,1.68992,1.72326,0,1.30835,1.69344,9.38471e+06,4.1306e+06,1.58594e+07,0,0,0,1.12052e+08
69.5901,103.622,1.45843,0.04,0,3.5526,3.62268,0,0.665766,6.16896,4.51578e+06,3.09029e+06,1.60428e+07,0,0,0,0,60.8604,61.308,7.06313,1,1,1.6899,1.72323,0,1.30563,1.69344,9.38471e+06,4.1306e+06,1.58592e+07,0,0,0,1.12052e+08
68.0509,103.622,1.21834,0.04,0,3.55255,3.62263,0,0.665757,6.16896,4.51578e+06,3.09029e+06,1.60425e+07,0,0,0,0,60.8912,61.308,3.75919,1,1,1.68988,1.72321,0,1.30562,1.69344,9.38471e+06,4.1306e+06,1.5859e+07,0,0,0,1.12052e+08
66.6822,103.622,1.38823,0.04,0,3.55251,3.62258,0,0.665748,6.16896,4.51578e+06,3.09029e+06,1.60423e+07,0,0,0,0,60.9677,61.308,3.84508,1,1,1.68985,1.72319,0,1.3056,1.69344,9.38471e+06,4.1306e+06,1.58588e+07,0,0,0,1.12052e+08
65.3313,103.622,1.34678,0.04,0,3.46069,3.52895,0,0.665739,6.16896,4.51578e+06,3.09029e+06,1.56277e+07,0,0,0,0,60.9584,61.308,3.29497,1,1,1.61208,1.64388,0,1.30558,1.69344,9.38471e+06,4.1306e+06,1.51289e+07,0,0,0,1.12052e+08
64.6095,103.622,2.22492,0.04,0,3.46064,3.5289,0,0.648533,6.16896,4.51578e+06,3.09029e+06,1.56275e+07,0,0,0,0,61.3505,61.308,4.72218,1,1,1.61206,1.64386,0,1.24549,1.69344,9.38471e+06,4.1306e+06,1.51287e+07,0,0,0,1.12052e+08
65.1875,103.622,3.77491,0.04,0,3.4606,3.52886,0,0.648524,6.16896,4.51578e+06,3.09029e+06,1.56273e+07,0,0,0,0,62.3362,61.308,6.14533,1,1,1.61204,1.64384,0,1.24548,1.69344,9.38471e+06,4.1306e+06,1.51285e+07,0,0,0,1.12052e+08
