0volume,0demand,0up_spill,0ww_inflow,0catch_inflow,0evap,0ds_spill,0treat_cap,1volume,1demand,1up_spill,1ww_inflow,1catch_inflow,1evap,1ds_spill,1treat_cap,2volume,2s_area,2demand,2up_spill,2ww_inflow,2catch_inflow,2evap,2ds_spill,2treat_cap,2valloc_0,2talloc_0,2valloc_1,2talloc_1,3volume,3demand,3up_spill,3ww_inflow,3catch_inflow,3evap,3ds_spill,3treat_cap,3valloc_1,3talloc_1,3valloc_2,3talloc_2,4demand,4up_spill,4ww_inflow,4catch_inflow,4ds_spill,4treat_cap,11volume,11s_area,11demand,11up_spill,11ww_inflow,11catch_inflow,11evap,11ds_spill,11treat_cap
72.29,1.84028,0,0,4.49656,0.28733,2.36895,3.6288,61.308,0,0,0,2.15233,0.232112,1.92022,0.66528,12.849,1,0.327095,2.36895,0,84.8768,4.21407,82.7046,0.84672,12.849,0.84672,3695.15,0,36.966,0.0415766,1.81775,0,8.52457,1.08895,9.21179,0.42336,36.966,0.42336,423.524,0,1.69344,0,0,3.51119,1.81775,1.028160,1,0,93.8366,0,0,0,93.8366,0
72.29,1.85844,0,0,2.90828,0.28733,0.762512,3.6288,61.308,0.428272,0,0,1.29139,0.232112,0.631002,0.66528,12.849,1,0.330324,0.762512,0,65.9553,4.21407,62.1734,0.84672,12.849,0.84672,3695.15,0,36.966,0.258229,1.55008,1.74664,7.95087,1.08895,9.90041,0.42336,36.966,0.42336,423.524,0,1.02816,0,0,2.57824,1.55008,1.028160,1,0,72.7048,0,0,0,72.7048,0
72.29,1.85932,0,0,4.35687,0.289686,2.20786,3.6288,61.308,0.428272,0,0,3.19884,0.22312,2.54745,0.66528,12.849,1,0.330481,2.20786,0,86.5598,4.15473,84.2825,0.84672,12.849,0.84672,3695.15,0,36.966,0.258229,2.87084,1.73492,11.3664,1.07479,14.6392,0.42336,36.966,0.42336,423.524,0,1.02816,0,0,3.899,2.87084,1.028160,1,0,101.469,0,0,0,101.469,0
72.29,1.86021,0,0,4.28263,0.303824,2.1186,3.6288,61.308,0.428272,0,0,2.46412,0.169163,1.86668,0.66528,12.849,1,0.330638,2.1186,0,127.046,3.79869,125.035,0.84672,12.849,0.84672,3695.15,0,36.966,0.258229,2.4306,1.73512,7.92426,0.989809,10.8419,0.42336,36.966,0.42336,423.524,0,1.02816,0,0,3.45876,2.4306,1.028160,1,0,137.744,0,0,0,137.744,0
72.29,2.06585,0,0,5.74959,0.304717,3.37903,3.6288,61.308,0.533469,0,0,2.65734,0.160793,1.96308,0.66528,12.849,1,0.367189,3.37903,0,145.371,3.99474,144.388,0.84672,12.849,0.84672,3695.15,0,36.966,0.321658,2.35571,1.73531,12.5866,0.989017,15.3669,0.42336,36.966,0.42336,423.524,0,1.02816,0,0,3.38387,2.35571,1.028160,1,0,161.718,0,0,0,161.718,0
72.29,2.20996,0,0,7.26209,0.329834,4.7223,3.6288,61.308,0.4283,0,0,3.39944,0.185103,2.78604,0.66528,12.849,1,0.392804,4.7223,0,145.651,4.36496,145.616,0.84672,12.849,0.84672,3695.15,0,36.966,0.258246,3.3099,1.91098,16.8877,1.06632,20.7841,0.42336,36.966,0.42336,423.524,0,1.02816,0,0,4.33806,3.3099,1.028160,1,0,169.186,0,0,0,169.186,0
72.29,2.21094,0,0,6.02107,0.329834,3.4803,3.6288,61.308,0.428301,0,0,2.82324,0.185103,2.20984,0.66528,12.849,1,0.392977,3.4803,0,146.955,4.36496,145.678,0.84672,12.849,0.84672,3695.15,0,36.966,0.258246,2.47567,1.81254,14.1607,1.06632,17.1243,0.42336,36.966,0.42336,423.524,0,1.02816,0,0,3.50383,2.47567,1.028160,1,0,165.012,0,0,0,165.012,0
72.29,2.21191,0,0,5.17394,0.326648,2.63538,3.6288,61.308,0.428301,0,0,2.59517,0.163712,2.00316,0.66528,12.849,1,0.393151,2.63538,0,112.075,3.60068,110.717,0.84672,12.849,0.84672,3695.15,0,36.966,0.258246,2.17084,1.81276,12.8281,0.926402,15.627,0.42336,36.966,0.42336,423.524,0,1.02816,0,0,3.199,2.17084,1.028160,1,0,128.347,0,0,0,128.347,0
72.29,1.92053,0,0,4.87655,0.302957,2.65306,3.6288,61.308,0.286976,0,0,2.08462,0.145391,1.65225,0.66528,12.849,1,0.341359,2.65306,0,98.2368,3.55285,96.9956,0.84672,12.849,0.84672,3695.15,0,36.966,0.173034,1.87406,1.81297,11.6408,0.890459,14.2644,0.42336,36.966,0.42336,423.524,0,1.02816,0,0,2.90222,1.87406,1.028160,1,0,112.912,0,0,0,112.912,0
72.29,1.7579,0,0,5.36884,0.288172,3.32277,3.6288,61.308,0.407088,0,0,1.92091,0.129532,1.38428,0.66528,12.849,1,0.312453,3.32277,0,107.326,4.08376,106.253,0.84672,12.849,0.84672,3695.15,0,36.966,0.245456,1.70924,1.57364,10.9979,0.908112,13.1273,0.42336,36.966,0.42336,423.524,0,1.02816,0,0,2.7374,1.70924,1.028160,1,0,120.764,0,0,0,120.764,0
72.29,1.75843,0,0,4.84058,0.287901,2.79424,3.6288,61.308,0.407317,0,0,1.8421,0.098186,1.3366,0.66528,12.849,1,0.312548,2.79424,0,95.7822,3.82043,94.4434,0.84672,12.849,0.84672,3695.15,0,36.966,0.245594,1.8277,1.6865,11.022,0.781034,13.5095,0.42336,36.966,0.42336,423.524,0,1.02816,0,0,2.85586,1.8277,1.028160,1,0,109.29,0,0,0,109.29,0
72.29,1.75897,0,0,5.65496,0.287901,3.60809,3.6288,61.308,0.407546,0,0,1.71294,0.098186,1.20721,0.66528,12.849,1,0.312644,3.60809,0,113.816,3.82043,113.291,0.84672,12.849,0.84672,3695.15,0,36.966,0.245732,1.41717,1.6869,10.7164,0.781034,12.7937,0.42336,36.966,0.42336,423.524,0,1.02816,0,0,2.44533,1.41717,1.028160,1,0,127.291,0,0,0,127.291,0
72.29,1.75951,0,0,4.87113,0.289839,2.82178,3.6288,61.308,0.407775,0,0,1.55087,0.105411,1.03769,0.66528,12.849,1,0.312739,2.82178,0,90.0176,3.88103,88.6456,0.84672,12.849,0.84672,3695.15,0,36.966,0.24587,1.03462,1.6873,9.07727,0.809714,10.7436,0.42336,36.966,0.42336,423.524,0,1.02816,0,0,2.06278,1.03462,1.028160,1,0,100.427,0,0,0,100.427,0
72.29,1.83373,0,0,8.03784,0.301469,5.90264,3.6288,61.308,0.442623,0,0,1.9276,0.148763,1.33622,0.66528,12.849,1,0.325932,5.90264,0,103.62,4.24463,104.952,0.84672,12.849,0.84672,3695.15,0,36.966,0.266882,1.18644,1.6877,11.2939,0.981794,12.9194,0.42336,36.966,0.42336,423.524,0,1.02816,0,0,2.2146,1.18644,1.028160,1,0,119.207,0,0,0,119.207,0
72.29,1.85415,0,0,9.68561,0.301469,7.53,3.6288,61.308,0.428273,0,0,2.3192,0.148763,1.74217,0.66528,12.849,1,0.32956,7.53,0,126.438,4.24463,129.394,0.84672,12.849,0.84672,3695.15,0,36.966,0.258229,1.9518,1.74724,12.7646,0.981794,15.2237,0.42336,36.966,0.42336,423.524,0,1.02816,0,0,2.97996,1.9518,1.028160,1,0,146.359,0,0,0,146.359,0
72.29,1.85503,0,0,6.79873,0.301469,4.64223,3.6288,61.308,0.428273,0,0,1.73481,0.148763,1.15777,0.66528,12.849,1,0.329717,4.64223,0,86.0535,4.24463,86.1214,0.84672,12.849,0.84672,3695.15,0,36.966,0.258229,0.889367,1.73397,9.65572,0.981794,11.039,0.42336,36.966,0.42336,423.524,0,1.02816,0,0,1.91753,0.889367,1.028160,1,0,98.3182,0,0,0,98.3182,0
72.29,1.85591,0,0,5.90544,0.268834,3.7807,3.6288,61.308,0.428273,0,0,1.42986,0.160287,0.8413,0.66528,12.849,1,0.329874,3.7807,0,73.9791,4.30575,73.1242,0.84672,12.849,0.84672,3695.15,0,36.966,0.258229,0.690466,1.73417,7.92305,0.995383,9.09408,0.42336,36.966,0.42336,423.524,0,1.02816,0,0,1.71863,0.690466,1.028160,1,0,83.0596,0,0,0,83.0596,0
72.29,1.82795,0,0,4.87486,0.297788,2.74913,3.6288,61.308,0.414813,0,0,1.1906,0.168896,0.606892,0.66528,12.849,1,0.324904,2.74913,0,65.3547,4.02242,63.7565,0.84672,12.849,0.84672,3695.15,0,36.966,0.250114,0.56198,1.73436,5.96589,0.986894,7.02523,0.42336,36.966,0.42336,423.524,0,1.02816,0,0,1.59014,0.56198,1.028160,1,0,71.3886,0,0,0,71.3886,0
72.29,1.8105,0,0,4.2748,0.292887,2.17141,3.6288,61.308,0.475626,0,0,1.00723,0.195285,0.336314,0.66528,12.849,1,0.321803,2.17141,0,57.7916,4.20811,55.4331,0.84672,12.849,0.84672,3695.15,0,36.966,0.286782,0.528595,1.71152,5.19203,1.01101,6.13435,0.42336,36.966,0.42336,423.524,0,0.952249,0,0,1.48084,0.528595,1.028160,1,0,61.9037,0,0,0,61.9037,0
72.29,1.81137,0,0,3.95942,0.222663,1.92538,3.6288,61.308,0.466355,0,0,0.917819,0.227983,0.22348,0.66528,12.849,1,0.321957,1.92538,0,53.0315,4.49642,50.1385,0.84672,12.849,0.84672,3695.15,0,36.966,0.281192,0.402797,1.72434,4.89844,1.02823,5.71615,0.42336,36.966,0.42336,423.524,0,0.96711,0,0,1.36991,0.402797,1.028160,1,0,56.0781,0,0,0,56.0781,0
72.29,1.81224,0,0,3.86872,0.222663,1.83382,3.6288,61.308,0.428269,0,0,1.03008,0.227983,0.373826,0.66528,12.849,1,0.322112,1.83382,0,51.4864,4.49642,48.5017,0.84672,12.849,0.84672,3695.15,0,36.966,0.258227,0.535663,1.72453,5.83134,1.02823,6.80508,0.42336,36.966,0.42336,423.524,0,1.02816,0,0,1.56382,0.535663,1.028160,1,0,55.6806,0,0,0,55.6806,0
72.29,1.91112,0,0,3.7103,0.204673,1.59451,3.6288,61.308,0.538756,0,0,1.07062,0.231224,0.300637,0.66528,12.849,1,0.339687,1.59451,0,50.8585,4.6297,47.4836,0.84672,12.849,0.84672,3695.15,0,36.966,0.324846,0.402797,1.72472,4.95987,1.04473,5.71781,0.42336,36.966,0.42336,423.524,0,0.927651,0,0,1.33045,0.402797,1.028160,1,0,53.5021,0,0,0,53.5021,0
72.29,1.97705,0,0,3.47378,0.180686,1.31605,3.6288,61.308,0.534148,0,0,1.02217,0.235546,0.252479,0.66528,12.849,1,0.351406,1.31605,0,49.443,4.80742,45.6002,0.84672,12.849,0.84672,3695.15,0,36.966,0.322068,0.402797,1.80572,4.85679,1.06673,5.67652,0.42336,36.966,0.42336,423.524,0,0.858462,0,0,1.26126,0.402797,1.028160,1,0,51.5292,0,0,0,51.5292,0
72.29,2.16524,0,0,3.4263,0.180686,1.08037,3.6288,61.308,0.299795,0,0,1.02518,0.235546,0.489839,0.66528,12.849,1,0.384855,1.08037,0,46.7862,4.80742,42.6743,0.84672,12.849,0.84672,3695.15,0,36.966,0.180763,0.30119,1.76111,4.62389,1.06673,5.43871,0.42336,36.966,0.42336,423.524,0,1.01356,0,0,1.31475,0.30119,1.028160,1,0,48.6028,0,0,0,48.6028,0
72.29,2.16581,0,0,3.07342,0.195438,0.712169,3.6288,61.308,0.295456,0,0,0.977547,0.231595,0.450496,0.66528,12.849,1,0.384957,0.712169,0,44.1844,4.55358,39.9581,0.84672,12.849,0.84672,3695.15,0,36.966,0.178147,0.30119,1.63224,4.25871,1.07652,4.93747,0.42336,36.966,0.42336,423.524,0,1.02091,0,0,1.3221,0.30119,1.028160,1,0,45.346,0,0,0,45.346,0
72.29,2.16639,0,0,2.84019,0.180599,0.493202,3.6288,61.308,0.291182,0,0,0.950435,0.242735,0.416518,0.66528,12.849,1,0.38506,0.493202,0,39.9832,4.44263,35.6488,0.84672,12.849,0.84672,3695.15,0,36.966,0.17557,0.317123,1.63268,4.16731,1.1414,4.80013,0.42336,36.966,0.42336,423.524,0,1.02816,0,0,1.34528,0.317123,1.028160,1,0,40.8654,0,0,0,40.8654,0
71.8671,2.14756,0,0,2.21667,0.129095,0.36288,3.6288,61.308,0.327414,0,0,0.861996,0.283064,0.251518,0.66528,12.849,1,0.381712,0.36288,0,32.406,5.35889,27.0282,0.84672,12.849,0.84672,3695.15,0,36.966,0.197416,0.30119,1.63311,4.74916,1.31906,5.16699,0.42336,36.966,0.42336,423.524,0,1.01263,0,0,1.31382,0.30119,1.028160,1,0,32.4467,0,0,0,32.4467,0
71.4647,1.99623,0,0,2.08531,0.128681,0.36288,3.6288,61.308,0.46741,0,0,0.813119,0.283064,0.0626447,0.66528,12.849,1,0.356902,0.36288,0,32.1659,5.35889,26.8129,0.84672,12.849,0.84672,3695.15,0,36.966,0.281828,0.261274,1.66183,4.96364,1.31906,5.28586,0.42336,36.966,0.42336,423.524,0,0.965451,0,0,1.22672,0.261274,1.028160,1,0,32.1614,0,0,0,32.1614,0
70.8769,1.99544,0,0,1.89881,0.128287,0.36288,3.6288,61.308,0.466311,0,0,0.804902,0.283064,0.0555275,0.66528,12.849,1,0.35877,0.36288,0,31.9172,5.35889,26.5624,0.84672,12.849,0.84672,3695.15,0,36.966,0.281165,0.261274,1.76574,4.77724,1.31906,5.20403,0.42336,36.966,0.42336,423.524,0,0.967213,0,0,1.22849,0.261274,1.028160,1,0,31.822,0,0,0,31.822,0
70.1104,1.99384,0,0,1.718,0.127711,0.36288,3.6288,61.2106,0.561375,0,0,0.747006,0.283064,0,0.66528,12.849,1,0.361455,0.36288,0,28.6619,5.35889,23.3044,0.84672,12.849,0.84672,3695.15,0,36.966,0.338484,0.261274,1.76595,4.5818,1.31906,4.95148,0.42336,36.966,0.42336,423.524,0,0.81483,0,0,1.0761,0.261274,1.028160,1,0,28.2559,0,0,0,28.2559,0
69.0835,2.04135,0,0,1.48342,0.106089,0.36288,3.6288,60.8189,0.703696,0,0,0.634248,0.322232,0,0.66528,12.849,1,0.374115,0.36288,0,22.914,5.75749,17.1452,0.84672,12.849,0.84672,3695.15,0,36.966,0.42336,0.261274,1.76615,3.89986,1.48452,4.0194,0.42336,36.966,0.42336,423.524,0,0.625242,0,0,0.886516,0.261274,1.028160,1,0,21.1646,0,0,0,21.1646,0
68.1945,2.0693,0,0,1.6395,0.0963757,0.36288,3.6288,60.7288,0.578626,0,0,0.816575,0.328022,0,0.66528,12.849,1,0.384874,0.36288,0,28.5305,5.77248,22.736,0.84672,12.849,0.84672,3695.15,0,36.966,0.351691,0.261274,1.80648,4.40397,1.51006,4.60998,0.42336,36.966,0.42336,423.524,0,0.784382,0,0,1.04566,0.261274,1.028160,1,0,27.346,0,0,0,27.346,0
67.1622,2.06601,0,0,1.49232,0.0957094,0.36288,3.6288,60.5313,0.543209,0,0,0.673514,0.327835,0,0.66528,12.849,1,0.389272,0.36288,0,22.9798,5.77248,17.1809,0.84672,12.849,0.84672,3695.15,0,36.966,0.330655,0.227405,1.78469,4.09228,1.51006,4.26366,0.42336,36.966,0.42336,423.524,0,0.840836,0,0,1.06824,0.227405,1.028160,1,0,21.4446,0,0,0,21.4446,0
65.9997,2.06192,0,0,1.35726,0.0949357,0.36288,3.6288,60.1852,0.645912,0,0,0.627238,0.327424,0,0.66528,12.849,1,0.394472,0.36288,0,21.4224,5.77248,15.6183,0.84672,12.849,0.84672,3695.15,0,36.966,0.394453,0.227405,1.7849,3.64705,1.51006,3.75483,0.42336,36.966,0.42336,423.524,0,0.674335,0,0,0.90174,0.227405,1.028160,1,0,19.3731,0,0,0,19.3731,0
64.7114,2.20204,0,0,1.37511,0.0985182,0.36288,3.6288,59.9634,0.62336,0,0,0.717561,0.315993,0,0.66528,12.849,1,0.428698,0.36288,0,21.6688,5.65478,15.9482,0.84672,12.849,0.84672,3695.15,0,36.966,0.382871,0.227405,1.78511,4.40201,1.46484,4.56681,0.42336,36.966,0.42336,423.524,0,0.844361,0,0,1.07177,0.227405,1.028160,1,0,20.515,0,0,0,20.515,0
63.0865,2.30926,0,0,1.17191,0.124695,0.36288,3.6288,59.7058,0.642736,0,0,0.66496,0.279819,0,0.66528,12.849,1,0.458523,0.36288,0,22.3476,5.0988,17.1532,0.84672,12.849,0.84672,3695.15,0,36.966,0.396232,0.227405,1.92277,3.1553,1.29949,3.60975,0.42336,36.966,0.42336,423.524,0,0.675769,0,0,0.903174,0.227405,1.028160,1,0,20.7629,0,0,0,20.7629,0
61.7535,2.30006,0,0,1.453,0.123064,0.36288,3.6288,59.5743,0.563995,0,0,0.71185,0.279359,0,0.66528,12.849,1,0.468459,0.36288,0,21.8843,5.0988,16.68,0.84672,12.849,0.84672,3695.15,0,36.966,0.34919,0.204422,1.84349,4.62809,1.29949,5.02731,0.42336,36.966,0.42336,423.524,0,0.802008,0,0,1.00643,0.204422,1.028160,1,0,21.7073,0,0,0,21.7073,0
60.0739,2.2923,0,0,1.09966,0.124034,0.36288,3.6288,59.3047,0.626113,0,0,0.635653,0.279165,0,0.66528,12.849,1,0.476957,0.36288,0,20.7211,5.1099,15.4971,0.84672,12.849,0.84672,3695.15,0,36.966,0.388505,0.204422,1.84398,3.06177,1.29732,3.42435,0.42336,36.966,0.42336,423.524,0,0.701032,0,0,0.905455,0.204422,1.028160,1,0,18.9214,0,0,0,18.9214,0
58.3595,2.28192,0,0,1.06634,0.135939,0.36288,3.6288,59.0054,0.648033,0,0,0.627713,0.278924,0,0.66528,12.849,1,0.488072,0.36288,0,19.3005,5.1765,13.9988,0.84672,12.849,0.84672,3695.15,0,36.966,0.403934,0.204422,1.84447,3.01179,1.28428,3.37247,0.42336,36.966,0.42336,423.524,0,0.66414,0,0,0.868562,0.204422,1.028160,1,0,17.3712,0,0,0,17.3712,0
56.5796,2.20149,0,0,0.933863,0.149415,0.36288,3.6288,59.1603,0.372467,0,0,0.797502,0.270172,0,0.66528,12.849,1,0.484701,0.36288,0,17.8207,5.14962,12.5493,0.84672,12.849,0.84672,3695.15,0,36.966,0.233345,0.2153,1.84496,3.05738,1.15011,3.73418,0.42336,36.966,0.42336,423.524,0,1.02816,0,0,1.24346,0.2153,1.028160,1,0,16.2834,0,0,0,16.2834,0
54.7206,2.1242,0,0,0.774887,0.146832,0.36288,3.6288,58.4546,0.864142,0,0,0.428938,0.27044,0,0.66528,12.849,1,0.482397,0.36288,0,17.0745,5.14962,11.8054,0.84672,12.849,0.84672,3695.15,0,36.966,0.42336,0.216518,1.7658,2.27693,1.15011,2.68578,0.42336,36.966,0.42336,423.524,0,0.427213,0,0,0.643731,0.216518,1.028160,1,0,14.4912,0,0,0,14.4912,0
53.1655,2.11186,0,0,1.1145,0.194809,0.36288,3.6288,57.9752,0.782476,0,0,0.527609,0.224554,0,0.66528,12.849,1,0.495888,0.36288,0,19.9278,4.52673,15.2681,0.84672,12.849,0.84672,3695.15,0,36.966,0.42336,0.216518,1.81326,2.50552,0.955419,3.15653,0.42336,36.966,0.42336,423.524,0,0.508879,0,0,0.725397,0.216518,1.028160,1,0,18.4246,0,0,0,18.4246,0
53.1661,2.1011,0,0,2.72281,0.258269,0.36288,3.6288,58.4211,0.473762,0,0,1.08414,0.164493,0,0.66528,12.849,1,0.507793,0.36288,0,60.0973,3.69621,56.2562,0.84672,12.849,0.84672,3695.15,0,36.966,0.302079,0.216518,1.81348,6.67355,0.695828,7.70565,0.42336,36.966,0.42336,423.524,0,0.938874,0,0,1.15539,0.216518,1.028160,1,0,63.9619,0,0,0,63.9619,0
52.829,2.04609,0,0,2.32055,0.248652,0.36288,3.6288,58.8391,0.374396,0,0,1.0286,0.236178,0,0.66528,12.849,1,0.494492,0.36288,0,54.722,4.30941,50.281,0.84672,12.849,0.84672,3695.15,0,36.966,0.2369,0.438877,1.8137,6.1561,0.96416,7.20761,0.42336,36.966,0.42336,423.524,0,1.02816,0,0,1.46704,0.438877,1.028160,1,0,57.4886,0,0,0,57.4886,0
54.2117,1.98393,0,0,3.9701,0.240606,0.36288,3.6288,59.1508,0.421639,0,0,1.0237,0.290367,0,0.66528,12.849,1,0.482528,0.36288,0,55.1838,4.76931,50.2948,0.84672,12.849,0.84672,3695.15,0,36.966,0.264897,0.981297,1.74275,4.0314,1.16541,5.32514,0.42336,36.966,0.42336,423.524,0,1.02816,0,0,2.00946,0.981297,1.028160,1,0,55.6199,0,0,0,55.6199,0
53.304,1.99477,0,0,1.694,0.244021,0.36288,3.6288,59.0729,0.422498,0,0,0.635546,0.290948,0,0.66528,12.849,1,0.472792,0.36288,0,24.7555,4.76931,19.8763,0.84672,12.849,0.84672,3695.15,0,36.966,0.264038,0.316336,1.78699,2.69646,1.16541,3.37033,0.42336,36.966,0.42336,423.524,0,1.02816,0,0,1.3445,0.316336,1.028160,1,0,23.2466,0,0,0,23.2466,0
53.0187,1.98918,0,0,2.30853,0.241779,0.36288,3.6288,59.1931,0.422283,0,0,0.833254,0.290803,0,0.66528,12.849,1,0.479495,0.36288,0,38.3397,4.76931,33.4538,0.84672,12.849,0.84672,3695.15,0,36.966,0.264252,0.661418,1.7872,5.34777,1.16541,6.36672,0.42336,36.966,0.42336,423.524,0,1.02816,0,0,1.68958,0.661418,1.028160,1,0,39.8205,0,0,0,39.8205,0
53.4336,1.82903,0,0,2.8746,0.267766,0.36288,3.6288,59.6711,0.326025,0,0,1.0594,0.255405,0,0.66528,12.849,1,0.443263,0.36288,0,48.517,4.36692,44.0697,0.84672,12.849,0.84672,3695.15,0,36.966,0.203602,0.860492,1.7874,5.6331,1.10136,6.97603,0.42336,36.966,0.42336,423.524,0,1.02816,0,0,1.88865,0.860492,1.028160,1,0,51.0457,0,0,0,51.0457,0
54.0817,1.71155,0,0,2.98572,0.26318,0.36288,3.6288,60.7777,0.419771,0,0,1.71842,0.192034,0,0.66528,12.849,1,0.411571,0.36288,0,69.0722,4.11159,64.9119,0.84672,12.849,0.84672,3695.15,0,36.966,0.260047,1.82416,1.62937,9.21888,1.05026,11.3621,0.42336,36.966,0.42336,423.524,0,1.02816,0,0,2.85232,1.82416,1.028160,1,0,76.274,0,0,0,76.274,0
54.6666,1.71606,0,0,2.92869,0.26492,0.36288,3.6288,61.308,0.422948,0,0,1.61273,0.193392,0.466074,0.66528,12.849,1,0.40771,0.36288,0,74.4997,4.11159,70.3433,0.84672,12.849,0.84672,3695.15,0,36.966,0.257244,1.26289,1.71746,7.88106,1.05026,9.5539,0.42336,36.966,0.42336,423.524,0,1.02816,0,0,2.29105,1.26289,1.028160,1,0,80.3633,0,0,0,80.3633,0
55.3133,1.72011,0,0,2.99626,0.266491,0.36288,3.6288,61.308,0.42457,0,0,1.52836,0.194042,0.909744,0.66528,12.849,1,0.404301,0.36288,0,78.8577,4.11159,74.7047,0.84672,12.849,0.84672,3695.15,0,36.966,0.255997,1.11896,1.71787,8.07814,1.05026,9.60871,0.42336,36.966,0.42336,423.524,0,1.02816,0,0,2.14712,1.11896,1.028160,1,0,85.2232,0,0,0,85.2232,0
56.3183,1.72447,0,0,3.37282,0.280507,0.36288,3.6288,61.308,0.424803,0,0,1.74836,0.144883,1.17868,0.66528,12.849,1,0.400587,0.36288,0,65.1556,3.40536,61.7126,0.84672,12.849,0.84672,3695.15,0,36.966,0.256137,1.14026,1.71828,9.11434,0.689637,11.0271,0.42336,36.966,0.42336,423.524,0,1.02816,0,0,2.16842,1.14026,1.028160,1,0,73.9183,0,0,0,73.9183,0
59.1937,1.79275,0,0,5.30402,0.272948,0.36288,3.6288,61.308,0.453416,0,0,1.22882,0.183921,0.591479,0.66528,12.849,1,0.409015,0.36288,0,81.8672,3.92386,77.8972,0.84672,12.849,0.84672,3695.15,0,36.966,0.273389,0.880857,1.71869,7.91717,0.9304,9.31292,0.42336,36.966,0.42336,423.524,0,1.02816,0,0,1.90902,0.880857,1.028160,1,0,87.8016,0,0,0,87.8016,0
61.2834,1.84303,0,0,4.57413,0.278593,0.36288,3.6288,61.308,0.428268,0,0,0.977288,0.191793,0.357227,0.66528,12.849,1,0.400061,0.36288,0,44.4399,4.0299,40.3728,0.84672,12.849,0.84672,3695.15,0,36.966,0.258227,0.648855,1.7685,5.47176,0.980544,6.65034,0.42336,36.966,0.42336,423.524,0,1.02816,0,0,1.67702,0.648855,1.028160,1,0,47.3804,0,0,0,47.3804,0
62.1908,1.85515,0,0,3.43824,0.312816,0.36288,3.6288,60.7822,0.913382,0,0,0.559561,0.171946,0,0.66528,12.849,1,0.388961,0.36288,0,46.1559,3.9638,42.166,0.84672,12.849,0.84672,3695.15,0,36.966,0.42336,0.503194,1.7451,6.05922,0.928249,6.95591,0.42336,36.966,0.42336,423.524,0,0.377913,0,0,0.881106,0.503194,1.028160,1,0,49.1219,0,0,0,49.1219,0
63.9209,1.8607,0,0,4.30777,0.354039,0.36288,3.6288,60.9671,0.464783,0,0,0.794602,0.145001,0,0.66528,12.849,1,0.384433,0.36288,0,79.3688,3.87565,75.4716,0.84672,12.849,0.84672,3695.15,0,36.966,0.282667,0.503194,1.74529,10.2162,0.858523,11.3235,0.42336,36.966,0.42336,423.524,0,0.967205,0,0,1.4704,0.503194,1.028160,1,0,86.795,0,0,0,86.795,0
67.1807,2.0738,0,0,6.03539,0.338912,0.36288,3.6288,61.308,0.533803,0,0,1.28221,0.185722,0.221737,0.66528,12.849,1,0.416862,0.36288,0,82.6161,4.11487,78.4473,0.84672,12.849,0.84672,3695.15,0,36.966,0.323659,1.16244,1.74548,10.5144,0.958199,12.1405,0.42336,36.966,0.42336,423.524,0,1.02816,0,0,2.1906,1.16244,1.028160,1,0,90.8095,0,0,0,90.8095,0
69.0978,2.2352,0,0,4.83541,0.320274,0.36288,3.6288,61.308,0.428296,0,0,1.01149,0.240307,0.342891,0.66528,12.849,1,0.427506,0.36288,0,66.5548,4.43384,62.0563,0.84672,12.849,0.84672,3695.15,0,36.966,0.258243,0.669885,1.92358,8.60535,1.0911,9.84948,0.42336,36.966,0.42336,423.524,0,1.02816,0,0,1.69805,0.669885,1.028160,1,0,72.2487,0,0,0,72.2487,0
71.098,2.24616,0,0,4.94745,0.338191,0.36288,3.6288,61.308,0.50685,0,0,0.945112,0.233632,0.20463,0.66528,12.849,1,0.417681,0.36288,0,69.5545,4.43168,65.068,0.84672,12.849,0.84672,3695.15,0,36.966,0.305608,0.608429,1.82377,9.29586,1.09838,10.3241,0.42336,36.966,0.42336,423.524,0,0.902241,0,0,1.51067,0.608429,1.028160,1,0,75.5967,0,0,0,75.5967,0
72.29,2.25706,0,0,5.10441,0.376634,1.27869,3.6288,61.308,0.428296,0,0,1.25659,0.216944,0.611353,0.66528,12.849,1,0.407902,1.27869,0,60.4887,4.42627,56.9332,0.84672,12.849,0.84672,3695.15,0,36.966,0.258243,0.831635,1.82398,11.6511,1.11659,12.9319,0.42336,36.966,0.42336,423.524,0,1.02816,0,0,1.85979,0.831635,1.028160,1,0,70.4765,0,0,0,70.4765,0
72.29,1.96732,0,0,6.00407,0.351544,3.68521,3.6288,61.308,0.285013,0,0,1.19285,0.250118,0.657716,0.66528,12.849,1,0.349676,3.68521,0,70.3325,4.41547,69.2525,0.84672,12.849,0.84672,3695.15,0,36.966,0.17185,1.90436,1.82419,10.3941,1.13566,12.8151,0.42336,36.966,0.42336,423.524,0,1.02816,0,0,2.93252,1.90436,1.028160,1,0,82.7254,0,0,0,82.7254,0
72.29,1.7858,0,0,5.50149,0.313507,3.40219,3.6288,61.308,0.418995,0,0,1.09098,0.294349,0.377637,0.66528,12.849,1,0.317412,3.40219,0,80.3516,4.40107,79.0353,0.84672,12.849,0.84672,3695.15,0,36.966,0.252636,1.2224,1.58153,11.2009,1.16109,12.5911,0.42336,36.966,0.42336,423.524,0,1.02816,0,0,2.25056,1.2224,1.028160,1,0,92.004,0,0,0,92.004,0
72.29,1.78632,0,0,6.07362,0.313507,3.97379,3.6288,61.308,0.41922,0,0,1.02249,0.294349,0.308923,0.66528,12.849,1,0.317505,3.97379,0,89.519,4.40107,88.7742,0.84672,12.849,0.84672,3695.15,0,36.966,0.252771,1.23098,1.7074,9.96849,1.16109,11.493,0.42336,36.966,0.42336,423.524,0,1.02816,0,0,2.25914,1.23098,1.028160,1,0,100.576,0,0,0,100.576,0
72.29,1.78685,0,0,5.35445,0.313507,3.25409,3.6288,61.308,0.419445,0,0,0.991267,0.294349,0.277473,0.66528,12.849,1,0.317599,3.25409,0,78.4495,4.40107,76.9849,0.84672,12.849,0.84672,3695.15,0,36.966,0.252907,1.49882,1.70779,10.5128,1.16109,12.3054,0.42336,36.966,0.42336,423.524,0,1.02816,0,0,2.52698,1.49882,1.028160,1,0,89.5678,0,0,0,89.5678,0
72.29,1.78738,0,0,6.5333,0.324474,4.42145,3.6288,61.308,0.41967,0,0,1.46507,0.263829,0.781569,0.66528,12.849,1,0.317693,4.42145,0,96.6159,4.05988,96.6598,0.84672,12.849,0.84672,3695.15,0,36.966,0.253042,1.72329,1.70819,15.6067,1.0362,17.7489,0.42336,36.966,0.42336,423.524,0,1.02816,0,0,2.75145,1.72329,1.028160,1,0,115.19,0,0,0,115.19,0
72.29,1.86261,0,0,3.97868,0.263323,1.85274,3.6288,61.308,0.454992,0,0,0.958694,0.247779,0.255924,0.66528,12.849,1,0.331065,1.85274,0,61.857,4.30248,59.0762,0.84672,12.849,0.84672,3695.15,0,36.966,0.27434,1.78554,1.70858,7.4992,1.13838,9.58061,0.42336,36.966,0.42336,423.524,0,1.02816,0,0,2.8137,1.78554,1.028160,1,0,68.9128,0,0,0,68.9128,0
72.29,1.89985,0,0,3.26553,0.263323,1.10236,3.6288,61.1476,0.600653,0,0,0.688055,0.247779,0,0.66528,12.849,1,0.337684,1.10236,0,49.2249,4.30248,45.6871,0.84672,12.849,0.84672,3695.15,0,36.966,0.362167,0.528595,1.76893,6.02913,1.13838,6.82612,0.42336,36.966,0.42336,423.524,0,0.751835,0,0,1.28043,0.528595,1.028160,1,0,52.5132,0,0,0,52.5132,0
72.29,1.90071,0,0,5.69244,0.263323,3.5284,3.6288,61.308,0.427846,0,0,1.1936,0.247527,0.357849,0.66528,12.849,1,0.337837,3.5284,0,78.5785,4.30248,77.4666,0.84672,12.849,0.84672,3695.15,0,36.966,0.258649,1.14814,1.74406,8.06458,1.13838,9.55976,0.42336,36.966,0.42336,423.524,0,1.02816,0,0,2.1763,1.14814,1.028160,1,0,87.3842,0,0,0,87.3842,0
72.29,1.90158,0,0,4.15884,0.251486,2.00577,3.6288,61.308,0.428268,0,0,1.03328,0.25636,0.348655,0.66528,12.849,1,0.337991,2.00577,0,57.1565,4.4293,54.395,0.84672,12.849,0.84672,3695.15,0,36.966,0.258227,0.680772,1.74425,6.7972,1.1821,7.78189,0.42336,36.966,0.42336,423.524,0,1.02816,0,0,1.70893,0.680772,1.028160,1,0,62.5256,0,0,0,62.5256,0
72.29,1.8732,0,0,3.30963,0.208507,1.22792,3.6288,61.308,0.414623,0,0,0.879232,0.22055,0.244059,0.66528,12.849,1,0.332948,1.22792,0,49.3668,4.37859,45.8832,0.84672,12.849,0.84672,3695.15,0,36.966,0.249999,0.661055,1.74444,6.01549,1.22936,6.94162,0.42336,36.966,0.42336,423.524,0,1.02816,0,0,1.68922,0.661055,1.028160,1,0,53.0689,0,0,0,53.0689,0
72.29,1.85549,0,0,3.08098,0.141073,1.08442,3.6288,61.308,0.428265,0,0,0.834373,0.222252,0.183856,0.66528,12.849,1,0.329799,1.08442,0,44.9781,4.37682,41.3559,0.84672,12.849,0.84672,3695.15,0,36.966,0.258225,0.66642,1.72128,5.61547,1.16261,6.58233,0.42336,36.966,0.42336,423.524,0,1.02816,0,0,1.69458,0.66642,1.028160,1,0,48.1221,0,0,0,48.1221,0
72.29,1.85634,0,0,3.00477,0.141073,1.00735,3.6288,61.308,0.428265,0,0,0.932671,0.222252,0.282154,0.66528,12.849,1,0.329951,1.00735,0,43.5676,4.37682,39.8682,0.84672,12.849,0.84672,3695.15,0,36.966,0.258225,0.882844,1.73426,6.6469,1.16261,7.84317,0.42336,36.966,0.42336,423.524,0,1.02816,0,0,1.911,0.882844,1.028160,1,0,47.9935,0,0,0,47.9935,0
72.29,1.8572,0,0,2.95409,0.141073,0.955824,3.6288,61.308,0.428265,0,0,0.930312,0.222252,0.279795,0.66528,12.849,1,0.330103,0.955824,0,42.1506,4.37682,38.3995,0.84672,12.849,0.84672,3695.15,0,36.966,0.258225,0.628577,1.73445,5.70118,1.16261,6.64337,0.42336,36.966,0.42336,423.524,0,1.02816,0,0,1.65674,0.628577,1.028160,1,0,45.3227,0,0,0,45.3227,0
72.29,1.95741,0,0,2.66141,0.127682,0.576325,3.6288,61.308,0.476706,0,0,0.75276,0.210751,0.0653028,0.66528,12.849,1,0.347914,0.576325,0,37.7136,4.1595,33.7825,0.84672,12.849,0.84672,3695.15,0,36.966,0.287433,0.612049,1.73464,5.23847,1.16632,6.1314,0.42336,36.966,0.42336,423.524,0,1.02816,0,0,1.64021,0.612049,1.028160,1,0,39.9792,0,0,0,39.9792,0
72.2014,2.02422,0,0,2.42263,0.124113,0.36288,3.6288,61.308,0.428278,0,0,0.715427,0.22463,0.0625187,0.66528,12.849,1,0.359789,0.36288,0,30.8372,4.86885,25.9714,0.84672,12.849,0.84672,3695.15,0,36.966,0.258232,0.519394,1.81675,4.4586,1.14642,5.39009,0.42336,36.966,0.42336,423.524,0,1.02816,0,0,1.54755,0.519394,1.028160,1,0,31.424,0,0,0,31.424,0
71.811,2.02474,0,0,2.11407,0.116837,0.36288,3.6288,61.308,0.428278,0,0,0.664969,0.229352,0.00733931,0.66528,12.849,1,0.360323,0.36288,0,27.562,4.9224,22.6422,0.84672,12.849,0.84672,3695.15,0,36.966,0.258233,0.417217,1.77152,4.31235,1.1601,5.08275,0.42336,36.966,0.42336,423.524,0,1.02816,0,0,1.44538,0.417217,1.028160,1,0,27.7323,0,0,0,27.7323,0
71.3417,2.02397,0,0,1.99096,0.0734617,0.36288,3.6288,61.2593,0.428278,0,0,0.637269,0.257682,0,0.66528,12.849,1,0.362145,0.36288,0,24.7154,5.2437,19.4724,0.84672,12.849,0.84672,3695.15,0,36.966,0.258232,0.351657,1.77171,4.07844,1.24219,4.70139,0.42336,36.966,0.42336,423.524,0,1.02816,0,0,1.37982,0.351657,1.028160,1,0,24.1738,0,0,0,24.1738,0
70.7663,2.02285,0,0,1.88355,0.0731991,0.36288,3.6288,61.1443,0.462146,0,0,0.60476,0.257603,0,0.66528,12.849,1,0.364325,0.36288,0,24.7953,5.2437,19.5502,0.84672,12.849,0.84672,3695.15,0,36.966,0.278875,0.30119,1.77191,4.34104,1.24219,4.89307,0.42336,36.966,0.42336,423.524,0,0.97365,0,0,1.27484,0.30119,1.028160,1,0,24.4433,0,0,0,24.4433,0
70.2338,2.00163,0,0,1.9281,0.0960909,0.36288,3.6288,60.9807,0.464311,0,0,0.534579,0.233932,0,0.66528,12.849,1,0.363434,0.36288,0,28.3645,4.39982,23.9641,0.84672,12.849,0.84672,3695.15,0,36.966,0.280708,0.30119,1.77211,3.0932,1.15767,3.72812,0.42336,36.966,0.42336,423.524,0,1.01238,0,0,1.31357,0.30119,1.028160,1,0,27.6923,0,0,0,27.6923,0
69.4855,2.03631,0,0,1.74658,0.0956981,0.36288,3.6288,60.8048,0.453037,0,0,0.510831,0.23369,0,0.66528,12.849,1,0.372535,0.36288,0,27.8751,4.39982,23.4656,0.84672,12.849,0.84672,3695.15,0,36.966,0.274628,0.261274,1.80098,2.92215,1.15767,3.55211,0.42336,36.966,0.42336,423.524,0,0.987016,0,0,1.24829,0.261274,1.028160,1,0,27.0177,0,0,0,27.0177,0
68.5886,2.03382,0,0,1.59029,0.0904878,0.36288,3.6288,60.5168,0.526701,0,0,0.483102,0.244364,0,0.66528,12.849,1,0.376086,0.36288,0,24.5383,4.54097,19.9841,0.84672,12.849,0.84672,3695.15,0,36.966,0.320205,0.261274,1.77618,2.83618,1.20919,3.34424,0.42336,36.966,0.42336,423.524,0,0.867776,0,0,1.12905,0.261274,1.028160,1,0,23.3284,0,0,0,23.3284,0
67.6428,2.03057,0,0,1.50979,0.0621029,0.36288,3.6288,60.1438,0.516148,0,0,0.452545,0.309403,0,0.66528,12.849,1,0.380396,0.36288,0,22.1317,5.38787,16.7263,0.84672,12.849,0.84672,3695.15,0,36.966,0.315283,0.261274,1.77638,2.7045,1.51832,2.90855,0.42336,36.966,0.42336,423.524,0,0.88325,0,0,1.14452,0.261274,1.028160,1,0,19.6349,0,0,0,19.6349,0
66.6958,2.07733,0,0,1.5558,0.0626089,0.36288,3.6288,59.8315,0.479478,0,0,0.470374,0.303213,0,0.66528,12.849,1,0.394597,0.36288,0,22.5189,5.55233,16.9349,0.84672,12.849,0.84672,3695.15,0,36.966,0.2947,0.261274,1.77658,2.81164,1.46814,3.08665,0.42336,36.966,0.42336,423.524,0,0.978627,0,0,1.2399,0.261274,1.028160,1,0,20.0216,0,0,0,20.0216,0
65.8141,2.10551,0,0,1.64951,0.0628605,0.36288,3.6288,59.5962,0.424352,0,0,0.487629,0.298526,0,0.66528,12.849,1,0.405627,0.36288,0,22.0345,5.67567,16.3161,0.84672,12.849,0.84672,3695.15,0,36.966,0.26218,0.293553,1.81746,2.93014,1.43051,3.34846,0.42336,36.966,0.42336,423.524,0,1.02816,0,0,1.32171,0.293553,1.028160,1,0,19.6646,0,0,0,19.6646,0
64.7469,2.10187,0,0,1.46001,0.0624213,0.36288,3.6288,59.3313,0.424556,0,0,0.457687,0.298078,0,0.66528,12.849,1,0.410352,0.36288,0,20.8004,5.67567,15.0772,0.84672,12.849,0.84672,3695.15,0,36.966,0.263341,0.227405,1.79536,2.93179,1.43051,3.2607,0.42336,36.966,0.42336,423.524,0,1.02679,0,0,1.2542,0.227405,1.028160,1,0,18.3379,0,0,0,18.3379,0
63.5599,2.09714,0,0,1.33487,0.0618898,0.36288,3.6288,58.9912,0.484592,0,0,0.442118,0.297573,0,0.66528,12.849,1,0.416176,0.36288,0,19.5337,5.67567,13.8048,0.84672,12.849,0.84672,3695.15,0,36.966,0.301922,0.227405,1.79556,2.79337,1.43051,3.08391,0.42336,36.966,0.42336,423.524,0,0.928178,0,0,1.15558,0.227405,1.028160,1,0,16.8887,0,0,0,16.8887,0
62.1554,2.23764,0,0,1.24498,0.0489805,0.36288,3.6288,58.6006,0.533487,0,0,0.451497,0.308598,0,0.66528,12.849,1,0.452352,0.36288,0,18.6283,5.9457,12.5931,0.84672,12.849,0.84672,3695.15,0,36.966,0.334302,0.227405,1.79577,3.0827,1.4625,3.30907,0.42336,36.966,0.42336,423.524,0,0.984649,0,0,1.21205,0.227405,1.028160,1,0,15.9022,0,0,0,15.9022,0
60.7703,2.32489,0,0,1.36222,0.0594869,0.36288,3.6288,58.1097,0.559807,0,0,0.378889,0.310037,0,0.66528,12.849,1,0.48061,0.36288,0,17.7117,6.11475,11.4792,0.84672,12.849,0.84672,3695.15,0,36.966,0.353133,0.227405,1.9353,3.61295,1.51393,3.90858,0.42336,36.966,0.42336,423.524,0,0.825163,0,0,1.05257,0.227405,1.028160,1,0,15.3878,0,0,0,15.3878,0
59.5119,2.31644,0,0,1.47948,0.0585994,0.36288,3.6288,57.8172,0.434187,0,0,0.439602,0.297917,0,0.66528,12.849,1,0.489778,0.36288,0,19.8768,6.10669,13.6432,0.84672,12.849,0.84672,3695.15,0,36.966,0.276205,0.238248,1.86861,3.37987,1.52093,3.68959,0.42336,36.966,0.42336,423.524,0,1.02816,0,0,1.26641,0.238248,1.028160,1,0,17.3328,0,0,0,17.3328,0
57.9696,2.30852,0,0,1.18705,0.0579309,0.36288,3.6288,57.2997,0.565799,0,0,0.345672,0.297355,0,0.66528,12.849,1,0.498424,0.36288,0,23.3795,6.10669,17.1373,0.84672,12.849,0.84672,3695.15,0,36.966,0.361749,0.204422,1.86909,2.80764,1.52093,2.99847,0.42336,36.966,0.42336,423.524,0,0.811452,0,0,1.01587,0.204422,1.028160,1,0,20.1357,0,0,0,20.1357,0
56.6572,2.29826,0,0,1.40583,0.0570725,0.36288,3.6288,57.0986,0.432359,0,0,0.527652,0.29636,0,0.66528,12.849,1,0.50941,0.36288,0,20.0672,6.10669,13.814,0.84672,12.849,0.84672,3695.15,0,36.966,0.278929,0.500023,1.86957,3.79677,1.52093,4.3665,0.42336,36.966,0.42336,423.524,0,1.02816,0,0,1.52818,0.500023,1.028160,1,0,18.1805,0,0,0,18.1805,0
54.7485,2.21938,0,0,0.760623,0.0871176,0.36288,3.6288,56.3486,0.749158,0,0,0.253869,0.254772,0,0.66528,12.849,1,0.503322,0.36288,0,11.5691,5.51333,5.91537,0.84672,12.849,0.84672,3695.15,0,36.966,0.42336,0.204422,1.87005,2.19389,1.39054,2.45446,0.42336,36.966,0.42336,423.524,0,0.483664,0,0,0.688086,0.204422,1.028160,1,0,8.36983,0,0,0,8.36983,0
52.713,2.15868,0,0,0.576609,0.0905074,0.36288,3.6288,55.8589,0.572161,0,0,0.329155,0.246698,0,0.66528,12.849,1,0.506625,0.36288,0,9.68207,5.41443,4.1239,0.84672,12.849,0.84672,3695.15,0,36.966,0.375351,0.216518,1.7898,2.16285,1.36881,2.42501,0.42336,36.966,0.42336,423.524,0,0.767195,0,0,0.983713,0.216518,1.028160,1,0,6.54891,0,0,0,6.54891,0
50.5961,2.14386,0,0,0.478447,0.0886524,0.36288,3.6288,54.7914,0.998603,0,0,0.177036,0.245909,0,0.66528,12.849,1,0.522575,0.36288,0,9.27685,5.41443,3.70273,0.84672,12.849,0.84672,3695.15,0,36.966,0.42336,0.216518,1.82426,1.61076,1.36881,1.85938,0.42336,36.966,0.42336,423.524,0,0.292744,0,0,0.509262,0.216518,1.028160,1,0,5.56211,0,0,0,5.56211,0
48.6587,2.12733,0,0,0.688134,0.135295,0.36288,3.6288,53.8746,0.934006,0,0,0.217759,0.200581,0,0.66528,12.849,1,0.54024,0.36288,0,10.8272,4.79154,5.85832,0.84672,12.849,0.84672,3695.15,0,36.966,0.42336,0.216518,1.82447,1.77247,1.17411,2.21599,0.42336,36.966,0.42336,423.524,0,0.357341,0,0,0.573859,0.216518,1.028160,1,0,8.07431,0,0,0,8.07431,0
47.1488,2.0555,0,0,1.11002,0.201486,0.36288,3.6288,53.4754,0.594989,0,0,0.367548,0.171709,0,0.66528,12.849,1,0.542784,0.36288,0,25.5423,4.03536,21.3271,0.84672,12.849,0.84672,3695.15,0,36.966,0.408252,0.216518,1.82468,4.30327,0.922415,5.01381,0.42336,36.966,0.42336,423.524,0,0.635187,0,0,0.851705,0.216518,1.028160,1,0,26.3409,0,0,0,26.3409,0
45.647,1.98277,0,0,1.04928,0.20543,0.36288,3.6288,52.6243,0.839081,0,0,0.19918,0.21123,0,0.66528,12.849,1,0.540346,0.36288,0,17.0925,4.13448,12.7806,0.84672,12.849,0.84672,3695.15,0,36.966,0.42336,0.216518,1.75277,2.20806,0.932942,2.82104,0.42336,36.966,0.42336,423.524,0,0.452247,0,0,0.668765,0.216518,1.028160,1,0,15.6016,0,0,0,15.6016,0
44.3371,1.96975,0,0,1.22475,0.202032,0.36288,3.6288,52.4018,0.403258,0,0,0.390591,0.209797,0,0.66528,12.849,1,0.554458,0.36288,0,19.8954,4.13448,15.5694,0.84672,12.849,0.84672,3695.15,0,36.966,0.283269,0.518538,1.7976,3.50576,0.932942,4.60568,0.42336,36.966,0.42336,423.524,0,1.02816,0,0,1.5467,0.518538,1.028160,1,0,20.175,0,0,0,20.175,0
45.0859,1.9579,0,0,3.26861,0.199068,0.36288,3.6288,52.7464,0.402553,0,0,0.956534,0.209423,0,0.66528,12.849,1,0.567404,0.36288,0,58.4706,4.13448,54.1316,0.84672,12.849,0.84672,3695.15,0,36.966,0.283975,1.86572,1.7978,6.61881,0.932942,9.06542,0.42336,36.966,0.42336,423.524,0,1.02816,0,0,2.89388,1.86572,1.028160,1,0,63.197,0,0,0,63.197,0
44.5744,1.81031,0,0,1.90727,0.245552,0.36288,3.6288,52.4813,0.548605,0,0,0.45976,0.176203,0,0.66528,12.849,1,0.515919,0.36288,0,32.1623,3.62197,28.3873,0.84672,12.849,0.84672,3695.15,0,36.966,0.384476,0.292723,1.79801,3.53741,0.820523,4.42315,0.42336,36.966,0.42336,423.524,0,0.622576,0,0,0.915299,0.292723,1.028160,1,0,32.8104,0,0,0,32.8104,0
44.1631,1.68308,0,0,1.85549,0.2209,0.36288,3.6288,52.2902,0.402782,0,0,0.422372,0.210767,0,0.66528,12.849,1,0.485163,0.36288,0,27.6228,4.01068,23.4898,0.84672,12.849,0.84672,3695.15,0,36.966,0.283705,1.10455,1.63784,6.04745,0.976503,7.52963,0.42336,36.966,0.42336,423.524,0,1.02816,0,0,2.13271,1.10455,1.028160,1,0,31.0194,0,0,0,31.0194,0
44.7857,1.68035,0,0,2.88721,0.221302,0.36288,3.6288,52.1025,0.402174,0,0,0.4065,0.191957,0,0.66528,12.849,1,0.488889,0.36288,0,44.9414,4.09196,40.7234,0.84672,12.849,0.84672,3695.15,0,36.966,0.284313,0.879699,1.73106,6.17833,1.04475,7.46003,0.42336,36.966,0.42336,423.524,0,1.02816,0,0,1.90786,0.879699,1.028160,1,0,48.1835,0,0,0,48.1835,0
45.6918,1.68641,0,0,3.17823,0.222872,0.36288,3.6288,51.7939,0.525104,0,0,0.408189,0.191667,0,0.66528,12.849,1,0.48383,0.36288,0,49.4473,4.09196,45.2344,0.84672,12.849,0.84672,3695.15,0,36.966,0.372554,0.412474,1.73125,5.01034,1.04475,5.73677,0.42336,36.966,0.42336,423.524,0,0.81699,0,0,1.22946,0.412474,1.028160,1,0,50.9712,0,0,0,50.9712,0
46.8205,1.69468,0,0,3.41145,0.225155,0.36288,3.6288,52.2106,0.400585,0,0,1.00844,0.19119,0,0.66528,12.849,1,0.476561,0.36288,0,53.0309,4.09196,48.8253,0.84672,12.849,0.84672,3695.15,0,36.966,0.285902,0.830183,1.73144,6.92165,1.04475,8.15262,0.42336,36.966,0.42336,423.524,0,1.02816,0,0,1.85834,0.830183,1.028160,1,0,56.9779,0,0,0,56.9779,0
47.118,1.76496,0,0,2.6564,0.231053,0.36288,3.6288,52.4031,0.428913,0,0,0.815011,0.193585,0,0.66528,12.849,1,0.48436,0.36288,0,70.7055,4.52952,66.0545,0.84672,12.849,0.84672,3695.15,0,36.966,0.303678,1.22536,1.73163,7.44983,1.20255,8.90059,0.42336,36.966,0.42336,423.524,0,1.02816,0,0,2.25352,1.22536,1.028160,1,0,74.9551,0,0,0,74.9551,0
50.2469,1.80438,0,0,5.52392,0.22781,0.36288,3.6288,52.804,0.402533,0,0,0.984756,0.181308,0,0.66528,12.849,1,0.49205,0.36288,0,97.3892,4.27765,92.9824,0.84672,12.849,0.84672,3695.15,0,36.966,0.283953,2.01906,1.78188,10.5439,1.18768,12.8732,0.42336,36.966,0.42336,423.524,0,1.02816,0,0,3.04722,2.01906,1.028160,1,0,105.856,0,0,0,105.856,0
55.9523,1.82957,0,0,8.12341,0.225546,0.36288,3.6288,53.54,0.403802,0,0,1.3129,0.173103,0,0.66528,12.849,1,0.467853,0.36288,0,198.823,3.95608,194.762,0.84672,12.849,0.84672,3695.15,0,36.966,0.282685,3.26712,1.75509,14.2601,1.1475,17.8521,0.42336,36.966,0.42336,423.524,0,1.02816,0,0,4.29528,3.26712,1.028160,1,0,212.614,0,0,0,212.614,0
58.1609,1.86918,0,0,4.67979,0.239118,0.36288,3.6288,54.3524,0.4061,0,0,1.39261,0.174123,0,0.66528,12.849,1,0.429243,0.36288,0,112.929,3.95608,108.907,0.84672,12.849,0.84672,3695.15,0,36.966,0.280387,3.50376,1.75527,12.7767,1.1475,16.6079,0.42336,36.966,0.42336,423.524,0,1.02816,0,0,4.53192,3.50376,1.028160,1,0,125.515,0,0,0,125.515,0
60.1278,2.08631,0,0,4.66534,0.249315,0.36288,3.6288,55.0652,0.511722,0,0,1.41063,0.186147,0,0.66528,12.849,1,0.46091,0.36288,0,109.455,3.9274,105.43,0.84672,12.849,0.84672,3695.15,0,36.966,0.348031,3.20164,1.75546,10.1628,1.15531,13.6166,0.42336,36.966,0.42336,423.524,0,1.02816,0,0,4.2298,3.20164,1.028160,1,0,119.046,0,0,0,119.046,0
63.1075,2.24236,0,0,5.85167,0.266683,0.36288,3.6288,55.6555,0.410773,0,0,1.21576,0.214695,0,0.66528,12.849,1,0.479182,0.36288,0,97.6838,3.85571,93.7118,0.84672,12.849,0.84672,3695.15,0,36.966,0.275757,1.89571,1.93595,8.3706,1.17481,10.7517,0.42336,36.966,0.42336,423.524,0,1.02816,0,0,2.92387,1.89571,1.028160,1,0,104.464,0,0,0,104.464,0
66.2534,2.26208,0,0,6.04428,0.273385,0.36288,3.6288,56.2903,0.41253,0,0,1.26285,0.215529,0,0.66528,12.849,1,0.46057,0.36288,0,153.768,3.85571,149.814,0.84672,12.849,0.84672,3695.15,0,36.966,0.274,2.07122,1.83479,8.66756,1.17481,11.1248,0.42336,36.966,0.42336,423.524,0,1.02816,0,0,3.09938,2.07122,1.028160,1,0,160.939,0,0,0,160.939,0
67.5049,2.28132,0,0,4.19171,0.296006,0.36288,3.6288,56.2322,0.414396,0,0,0.564398,0.208051,0,0.66528,12.849,1,0.442433,0.36288,0,77.7609,3.82781,73.8535,0.84672,12.849,0.84672,3695.15,0,36.966,0.272135,1.16743,1.83499,7.00151,1.12292,8.60887,0.42336,36.966,0.42336,423.524,0,1.02816,0,0,2.19559,1.16743,1.028160,1,0,82.4624,0,0,0,82.4624,0
69.619,1.99193,0,0,4.78546,0.316561,0.36288,3.6288,56.6809,0.27379,0,0,0.920663,0.198146,0,0.66528,12.849,1,0.379148,0.36288,0,100.403,3.63994,96.7466,0.84672,12.849,0.84672,3695.15,0,36.966,0.179984,1.89335,1.8352,7.7118,1.0183,10.2421,0.42336,36.966,0.42336,423.524,0,1.02816,0,0,2.92151,1.89335,1.028160,1,0,106.989,0,0,0,106.989,0
71.8095,1.80602,0,0,4.67254,0.313172,0.36288,3.6288,56.9697,0.415496,0,0,0.906327,0.202077,0,0.66528,12.849,1,0.333322,0.36288,0,120.36,3.26329,117.126,0.84672,12.849,0.84672,3695.15,0,36.966,0.270977,1.01849,1.58928,6.52769,0.929681,7.93481,0.42336,36.966,0.42336,423.524,0,1.02816,0,0,2.04665,1.01849,1.028160,1,0,125.061,0,0,0,125.061,0
72.29,1.81546,0,0,4.82001,0.318484,2.20557,3.6288,57.2767,0.416329,0,0,0.925759,0.202457,0,0.66528,12.849,1,0.324843,2.20557,0,113.796,3.26329,112.413,0.84672,12.849,0.84672,3695.15,0,36.966,0.270144,0.887708,1.72564,7.36353,0.929681,8.77705,0.42336,36.966,0.42336,423.524,0,1.02816,0,0,1.91587,0.887708,1.028160,1,0,121.19,0,0,0,121.19,0
72.29,1.81811,0,0,6.37255,0.31965,4.2348,3.6288,58.0218,0.417209,0,0,1.36521,0.202861,0,0.66528,12.849,1,0.323155,4.2348,0,169.4,3.26329,170.049,0.84672,12.849,0.84672,3695.15,0,36.966,0.269264,1.94538,1.72582,11.1481,0.929681,13.6204,0.42336,36.966,0.42336,423.524,0,1.02816,0,0,2.97354,1.94538,1.028160,1,0,183.669,0,0,0,183.669,0
72.29,1.81892,0,0,7.01446,0.322155,4.87338,3.6288,59.0022,0.419321,0,0,1.6335,0.233802,0,0.66528,12.849,1,0.3233,4.87338,0,175.592,4.12951,176.013,0.84672,12.849,0.84672,3695.15,0,36.966,0.267152,2.68883,1.726,15.4329,1.06308,18.5175,0.42336,36.966,0.42336,423.524,0,1.02816,0,0,3.71699,2.68883,1.028160,1,0,194.531,0,0,0,194.531,0
72.29,1.89544,0,0,5.43752,0.320284,3.2218,3.6288,59.9721,0.457102,0,0,1.61918,0.192162,0,0.66528,12.849,1,0.336901,3.2218,0,125.979,3.77676,125.087,0.84672,12.849,0.84672,3695.15,0,36.966,0.286383,1.50592,1.72618,9.08885,0.855717,11.1788,0.42336,36.966,0.42336,423.524,0,1.02816,0,0,2.53408,1.50592,1.028160,1,0,136.266,0,0,0,136.266,0
72.29,1.94469,0,0,5.02888,0.319659,2.76453,3.6288,60.7219,0.424705,0,0,1.35688,0.182334,0,0.66528,12.849,1,0.345653,2.76453,0,114.046,3.60969,112.855,0.84672,12.849,0.84672,3695.15,0,36.966,0.261782,1.34842,1.78711,7.44552,0.804481,9.51479,0.42336,36.966,0.42336,423.524,0,1.02816,0,0,2.37658,1.34842,1.028160,1,0,122.37,0,0,0,122.37,0
72.29,1.94553,0,0,7.06783,0.3214,4.8009,3.6288,61.308,0.426714,0,0,1.44963,0.175502,0.261347,0.66528,12.849,1,0.345804,4.8009,0,141.774,3.39167,142.837,0.84672,12.849,0.84672,3695.15,0,36.966,0.259773,2.02224,1.75395,18.1608,0.760505,20.9167,0.42336,36.966,0.42336,423.524,0,1.02816,0,0,3.0504,2.02224,1.028160,1,0,164.015,0,0,0,164.015,0
72.29,1.94638,0,0,5.16162,0.286133,2.92911,3.6288,61.308,0.428264,0,0,1.34387,0.179096,0.736506,0.66528,12.849,1,0.345955,2.92911,0,123.292,2.72056,123.155,0.84672,12.849,0.84672,3695.15,0,36.966,0.258224,1.68566,1.75413,10.5182,0.67486,13.025,0.42336,36.966,0.42336,423.524,0,1.02816,0,0,2.71382,1.68566,1.028160,1,0,136.916,0,0,0,136.916,0
72.29,1.9176,0,0,4.39656,0.254607,2.22435,3.6288,61.308,0.414436,0,0,1.35345,0.197631,0.741381,0.66528,12.849,1,0.340839,2.22435,0,92.8325,3.34114,91.3749,0.84672,12.849,0.84672,3695.15,0,36.966,0.249887,1.68001,1.75432,8.654,0.837687,11.0008,0.42336,36.966,0.42336,423.524,0,1.02816,0,0,2.70817,1.68001,1.028160,1,0,103.117,0,0,0,103.117,0
72.29,1.89962,0,0,4.01254,0.244676,1.86824,3.6288,61.308,0.42826,0,0,1.41406,0.196731,0.789066,0.66528,12.849,1,0.337643,1.86824,0,89.4966,3.61546,87.4117,0.84672,12.849,0.84672,3695.15,0,36.966,0.258222,1.73285,1.73084,7.82024,0.906342,10.1194,0.42336,36.966,0.42336,423.524,0,1.02816,0,0,2.76101,1.73285,1.028160,1,0,98.3201,0,0,0,98.3201,0
72.29,1.90046,0,0,3.71433,0.244676,1.5692,3.6288,61.308,0.42826,0,0,1.31063,0.196731,0.685636,0.66528,12.849,1,0.337792,1.5692,0,88.1695,3.61546,85.7854,0.84672,12.849,0.84672,3695.15,0,36.966,0.258222,1.61006,1.744,7.5835,0.906342,9.77299,0.42336,36.966,0.42336,423.524,0,1.02816,0,0,2.63822,1.61006,1.028160,1,0,96.244,0,0,0,96.244,0
72.29,1.90129,0,0,3.36628,0.244676,1.22032,3.6288,61.308,0.42826,0,0,1.13737,0.196731,0.512378,0.66528,12.849,1,0.33794,1.22032,0,79.2867,3.61546,76.5536,0.84672,12.849,0.84672,3695.15,0,36.966,0.258222,1.36369,1.74418,6.8275,0.906342,8.7708,0.42336,36.966,0.42336,423.524,0,1.02816,0,0,2.39185,1.36369,1.028160,1,0,85.8368,0,0,0,85.8368,0
72.29,2.0028,0,0,3.07805,0.216567,0.85868,3.6288,61.308,0.477345,0,0,1.01541,0.207349,0.330712,0.66528,12.849,1,0.355983,0.85868,0,70.0611,3.8539,66.7099,0.84672,12.849,0.84672,3695.15,0,36.966,0.287818,0.998914,1.74436,6.26608,0.905636,7.81591,0.42336,36.966,0.42336,423.524,0,1.02816,0,0,2.02707,0.998914,1.028160,1,0,74.8565,0,0,0,74.8565,0
72.29,2.07047,0,0,2.63847,0.18492,0.383081,3.6288,61.308,0.428273,0,0,0.966799,0.223801,0.314725,0.66528,12.849,1,0.368011,0.383081,0,50.4029,4.58963,45.8284,0.84672,12.849,0.84672,3695.15,0,36.966,0.258229,0.766057,1.82756,4.93182,1.15163,6.11557,0.42336,36.966,0.42336,423.524,0,1.02816,0,0,1.79422,0.766057,1.028160,1,0,52.2586,0,0,0,52.2586,0
72.0298,2.07135,0,0,2.31212,0.138086,0.36288,3.6288,61.308,0.428273,0,0,0.769478,0.217055,0.12415,0.66528,12.849,1,0.368167,0.36288,0,43.6304,4.39961,39.2256,0.84672,12.849,0.84672,3695.15,0,36.966,0.258229,0.735299,1.78172,4.50616,1.11442,5.65053,0.42336,36.966,0.42336,423.524,0,1.02816,0,0,1.76346,0.735299,1.028160,1,0,45.0002,0,0,0,45.0002,0
71.6782,2.0711,0,0,2.21263,0.130217,0.36288,3.6288,61.308,0.428273,0,0,0.809067,0.21884,0.161954,0.66528,12.849,1,0.369452,0.36288,0,40.9937,4.45378,36.5333,0.84672,12.849,0.84672,3695.15,0,36.966,0.258229,0.725414,1.78191,4.69449,1.10439,5.83921,0.42336,36.966,0.42336,423.524,0,1.02816,0,0,1.75357,0.725414,1.028160,1,0,42.5345,0,0,0,42.5345,0
71.2288,2.07044,0,0,2.11377,0.129869,0.36288,3.6288,61.308,0.428273,0,0,0.81248,0.21884,0.165367,0.66528,12.849,1,0.371146,0.36288,0,38.5157,4.45378,34.0536,0.84672,12.849,0.84672,3695.15,0,36.966,0.258229,0.648164,1.78211,4.51409,1.10439,5.58175,0.42336,36.966,0.42336,423.524,0,1.02816,0,0,1.67632,0.648164,1.028160,1,0,39.8007,0,0,0,39.8007,0
70.8544,2.04944,0,0,2.16437,0.126488,0.36288,3.6288,61.308,0.455284,0,0,1.05276,0.289085,0.308389,0.66528,12.849,1,0.3697,0.36288,0,51.9804,5.0216,46.952,0.84672,12.849,0.84672,3695.15,0,36.966,0.274516,1.26068,1.7823,6.17763,1.30339,7.6427,0.42336,36.966,0.42336,423.524,0,1.02816,0,0,2.28884,1.26068,1.028160,1,0,54.9031,0,0,0,54.9031,0
70.2878,2.08531,0,0,2.00731,0.125638,0.36288,3.6288,61.308,0.42828,0,0,1.07609,0.300792,0.347023,0.66528,12.849,1,0.378159,0.36288,0,49.72,5.11623,44.5885,0.84672,12.849,0.84672,3695.15,0,36.966,0.258234,1.27418,1.81155,6.30176,1.33655,7.79269,0.42336,36.966,0.42336,423.524,0,1.02816,0,0,2.30234,1.27418,1.028160,1,0,52.7282,0,0,0,52.7282,0
69.6239,2.08362,0,0,1.90763,0.125092,0.36288,3.6288,61.308,0.42828,0,0,0.993583,0.300792,0.264511,0.66528,12.849,1,0.380897,0.36288,0,45.4388,5.11623,40.3046,0.84672,12.849,0.84672,3695.15,0,36.966,0.258234,0.998024,1.78641,6.13837,1.33655,7.32802,0.42336,36.966,0.42336,423.524,0,1.02816,0,0,2.02618,0.998024,1.028160,1,0,47.8971,0,0,0,47.8971,0
68.9022,2.08143,0,0,1.84708,0.124452,0.36288,3.6288,61.308,0.42828,0,0,0.954962,0.300792,0.22589,0.66528,12.849,1,0.384125,0.36288,0,40.5755,5.11623,35.438,0.84672,12.849,0.84672,3695.15,0,36.966,0.258234,0.894344,1.78661,6.1137,1.33655,7.19986,0.42336,36.966,0.42336,423.524,0,1.02816,0,0,1.9225,0.894344,1.028160,1,0,42.8638,0,0,0,42.8638,0
68.0609,2.13007,0,0,1.74539,0.093741,0.36288,3.6288,61.308,0.452377,0,0,0.855567,0.325965,0.0772255,0.66528,12.849,1,0.397219,0.36288,0,38.5102,5.57058,32.9053,0.84672,12.849,0.84672,3695.15,0,36.966,0.272763,0.750496,1.7868,5.07481,1.45828,5.88107,0.42336,36.966,0.42336,423.524,0,1.02816,0,0,1.77866,0.750496,1.028160,1,0,38.8636,0,0,0,38.8636,0
67.1261,2.15932,0,0,1.68764,0.100262,0.36288,3.6288,61.308,0.428286,0,0,0.773539,0.318065,0.027188,0.66528,12.849,1,0.407651,0.36288,0,37.0526,5.82204,31.1857,0.84672,12.849,0.84672,3695.15,0,36.966,0.258237,0.741917,1.82821,4.00619,1.41067,4.9074,0.42336,36.966,0.42336,423.524,0,1.02816,0,0,1.77008,0.741917,1.028160,1,0,36.1203,0,0,0,36.1203,0
66.0027,2.15545,0,0,1.49453,0.099527,0.36288,3.6288,61.2881,0.428286,0,0,0.726408,0.318065,0,0.66528,12.849,1,0.412587,0.36288,0,34.9102,5.82204,29.0384,0.84672,12.849,0.84672,3695.15,0,36.966,0.258237,0.619678,1.80581,3.96719,1.41067,4.72377,0.42336,36.966,0.42336,423.524,0,1.02816,0,0,1.64784,0.619678,1.028160,1,0,33.7622,0,0,0,33.7622,0
64.7484,2.15046,0,0,1.35762,0.0986441,0.36288,3.6288,61.2485,0.428234,0,0,0.706726,0.318025,0,0.66528,12.849,1,0.418639,0.36288,0,32.8624,5.82204,26.9846,0.84672,12.849,0.84672,3695.15,0,36.966,0.25829,0.513251,1.80601,3.82558,1.41067,4.47588,0.42336,36.966,0.42336,423.524,0,1.02816,0,0,1.54141,0.513251,1.028160,1,0,31.4605,0,0,0,31.4605,0
63.1609,2.29303,0,0,1.14985,0.0813961,0.36288,3.6288,61.1126,0.515163,0,0,0.702881,0.323602,0,0.66528,12.849,1,0.455042,0.36288,0,31.3185,6.09884,25.1275,0.84672,12.849,0.84672,3695.15,0,36.966,0.310922,0.500005,1.80621,3.75403,1.41118,4.33815,0.42336,36.966,0.42336,423.524,0,1.02816,0,0,1.52817,0.500005,1.028160,1,0,29.4657,0,0,0,29.4657,0
61.3162,2.36196,0,0,0.999786,0.119701,0.36288,3.6288,60.6153,0.595628,0,0,0.406766,0.308527,0,0.66528,12.849,1,0.480501,0.36288,0,17.7649,5.95275,11.6945,0.84672,12.849,0.84672,3695.15,0,36.966,0.360285,0.227405,1.94758,2.70129,1.45217,3.06382,0.42336,36.966,0.42336,423.524,0,0.805092,0,0,1.0325,0.227405,1.028160,1,0,14.7583,0,0,0,14.7583,0
59.6065,2.3506,0,0,1.11718,0.113408,0.36288,3.6288,60.3495,0.455499,0,0,0.49985,0.310135,0,0.66528,12.849,1,0.492575,0.36288,0,22.6054,6.02752,16.4481,0.84672,12.849,0.84672,3695.15,0,36.966,0.277785,0.268453,1.89323,2.86724,1.46711,3.28404,0.42336,36.966,0.42336,423.524,0,1.02816,0,0,1.29661,0.268453,1.028160,1,0,19.7322,0,0,0,19.7322,0
57.6749,2.33956,0,0,0.882602,0.111709,0.36288,3.6288,59.7614,0.643326,0,0,0.364871,0.309611,0,0.66528,12.849,1,0.504324,0.36288,0,23.328,6.02752,17.159,0.84672,12.849,0.84672,3695.15,0,36.966,0.394058,0.204422,1.8937,2.27192,1.46711,2.50888,0.42336,36.966,0.42336,423.524,0,0.724499,0,0,0.928921,0.204422,1.028160,1,0,19.6679,0,0,0,19.6679,0
55.9692,2.32632,0,0,1.09311,0.109638,0.36288,3.6288,59.6064,0.453589,0,0,0.60702,0.308453,0,0.66528,12.849,1,0.518265,0.36288,0,20.6739,6.02752,14.491,0.84672,12.849,0.84672,3695.15,0,36.966,0.280572,0.628646,1.89417,3.41404,1.46711,4.18918,0.42336,36.966,0.42336,423.524,0,1.02816,0,0,1.65681,0.628646,1.028160,1,0,18.6801,0,0,0,18.6801,0
54.3186,2.24345,0,0,1.12806,0.172344,0.36288,3.6288,59.7584,0.401061,0,0,0.831592,0.278553,0,0.66528,12.849,1,0.515035,0.36288,0,37.4986,5.45865,31.8878,0.84672,12.849,0.84672,3695.15,0,36.966,0.248725,0.893817,1.89464,4.66773,1.37537,5.8321,0.42336,36.966,0.42336,423.524,0,1.02816,0,0,1.92198,0.893817,1.028160,1,0,37.7199,0,0,0,37.7199,0
52.9855,2.20196,0,0,1.42671,0.194904,0.36288,3.6288,60.1678,0.424158,0,0,1.10059,0.266974,0,0.66528,12.849,1,0.520872,0.36288,0,38.9591,5.2311,33.57,0.84672,12.849,0.84672,3695.15,0,36.966,0.26238,1.40468,1.81332,5.4142,1.33867,7.03114,0.42336,36.966,0.42336,423.524,0,1.02816,0,0,2.43284,1.40468,1.028160,1,0,40.6012,0,0,0,40.6012,0
51.4112,2.19231,0,0,1.17315,0.192277,0.36288,3.6288,61.0131,0.425264,0,0,1.53827,0.267672,0,0.66528,12.849,1,0.531635,0.36288,0,37.8203,5.2311,32.4205,0.84672,12.849,0.84672,3695.15,0,36.966,0.261274,3.12249,1.83504,6.11292,1.33867,9.47049,0.42336,36.966,0.42336,423.524,0,1.02816,0,0,4.15065,3.12249,1.028160,1,0,41.8909,0,0,0,41.8909,0
49.6524,2.18017,0,0,0.973434,0.189174,0.36288,3.6288,61.1439,0.427518,0,0,0.827349,0.269112,0,0.66528,12.849,1,0.54488,0.36288,0,36.2372,5.2311,30.8241,0.84672,12.849,0.84672,3695.15,0,36.966,0.25902,1.12062,1.83524,4.55249,1.33867,5.91066,0.42336,36.966,0.42336,423.524,0,1.02816,0,0,2.14878,1.12062,1.028160,1,0,36.7348,0,0,0,36.7348,0
48.3624,2.10905,0,0,1.3973,0.215434,0.36288,3.6288,61.308,0.379701,0,0,1.32869,0.240696,0.544151,0.66528,12.849,1,0.545776,0.36288,0,44.1957,4.6902,39.3226,0.84672,12.849,0.84672,3695.15,0,36.966,0.229558,2.25722,1.83545,5.88852,1.14313,8.6085,0.42336,36.966,0.42336,423.524,0,1.02816,0,0,3.28538,2.25722,1.028160,1,0,48.4752,0,0,0,48.4752,0
47.0293,2.03735,0,0,1.29757,0.230421,0.36288,3.6288,61.308,0.428283,0,0,0.706929,0.222338,0.0563081,0.66528,12.849,1,0.541286,0.36288,0,35.5954,4.06466,31.3524,0.84672,12.849,0.84672,3695.15,0,36.966,0.258236,0.384584,1.76258,4.56412,0.881427,5.57163,0.42336,36.966,0.42336,423.524,0,1.02816,0,0,1.41274,0.384584,1.028160,1,0,36.9803,0,0,0,36.9803,0
46.6182,2.02614,0,0,2.205,0.227082,0.36288,3.6288,61.308,0.428283,0,0,0.896033,0.222338,0.245412,0.66528,12.849,1,0.553566,0.36288,0,62.7025,4.06466,58.4471,0.84672,12.849,0.84672,3695.15,0,36.966,0.258236,0.379685,1.808,5.90865,0.881427,6.95667,0.42336,36.966,0.42336,423.524,0,1.02816,0,0,1.40784,0.379685,1.028160,1,0,65.6492,0,0,0,65.6492,0
45.8216,2.02315,0,0,1.84674,0.257313,0.36288,3.6288,61.308,0.428283,0,0,1.31211,0.26743,0.6164,0.66528,12.849,1,0.557624,0.36288,0,45.4833,5.02887,40.2597,0.84672,12.849,0.84672,3695.15,0,36.966,0.258236,1.68392,1.8082,7.01828,1.15335,9.09881,0.42336,36.966,0.42336,423.524,0,1.02816,0,0,2.71208,1.68392,1.028160,1,0,49.9749,0,0,0,49.9749,0
46.6735,1.85804,0,0,3.3279,0.255042,0.36288,3.6288,61.308,0.327775,0,0,1.92396,0.26743,1.32875,0.66528,12.849,1,0.521019,0.36288,0,95.0299,5.02887,89.8429,0.84672,12.849,0.84672,3695.15,0,36.966,0.197634,2.06494,1.8084,9.27366,1.15335,11.796,0.42336,36.966,0.42336,423.524,0,1.02816,0,0,3.0931,2.06494,1.028160,1,0,102.968,0,0,0,102.968,0
46.457,1.73996,0,0,2.14453,0.258255,0.36288,3.6288,61.308,0.428259,0,0,1.11594,0.238422,0.449262,0.66528,12.849,1,0.479003,0.36288,0,48.9624,4.1852,44.661,0.84672,12.849,0.84672,3695.15,0,36.966,0.258221,1.86709,1.64612,4.88369,1.18796,6.95072,0.42336,36.966,0.42336,423.524,0,1.02816,0,0,2.89525,1.86709,1.028160,1,0,52.061,0,0,0,52.061,0
46.1323,1.73898,0,0,2.03478,0.257636,0.36288,3.6288,61.308,0.428258,0,0,0.734455,0.238422,0.0677751,0.66528,12.849,1,0.480965,0.36288,0,47.319,4.1852,43.0158,0.84672,12.849,0.84672,3695.15,0,36.966,0.258221,1.14118,1.74056,4.6826,1.18796,6.11817,0.42336,36.966,0.42336,423.524,0,1.02816,0,0,2.16934,1.14118,1.028160,1,0,49.2017,0,0,0,49.2017,0
45.3684,1.7371,0,0,1.59279,0.256708,0.36288,3.6288,61.2539,0.428259,0,0,0.6126,0.238422,0,0.66528,12.849,1,0.483826,0.36288,0,32.8617,4.1852,28.5556,0.84672,12.849,0.84672,3695.15,0,36.966,0.258221,0.822822,1.74075,7.62025,1.18796,8.73763,0.42336,36.966,0.42336,423.524,0,1.02816,0,0,1.85098,0.822822,1.028160,1,0,37.2932,0,0,0,37.2932,0
44.3804,1.73152,0,0,1.35563,0.249218,0.36288,3.6288,61.308,0.428116,0,0,0.765599,0.257646,0.0257566,0.66528,12.849,1,0.490391,0.36288,0,44.6545,4.84783,39.6791,0.84672,12.849,0.84672,3695.15,0,36.966,0.258363,1.39116,1.74093,8.60344,1.34137,10.1358,0.42336,36.966,0.42336,423.524,0,1.02816,0,0,2.41932,1.39116,1.028160,1,0,49.8407,0,0,0,49.8407,0
46.5566,1.78436,0,0,4.57188,0.248405,0.36288,3.6288,61.308,0.457395,0,0,1.34241,0.246362,0.638648,0.66528,12.849,1,0.516608,0.36288,0,75.0723,4.90627,70.0123,0.84672,12.849,0.84672,3695.15,0,36.966,0.275789,1.7477,1.74112,8.44658,1.34735,10.3123,0.42336,36.966,0.42336,423.524,0,1.02816,0,0,2.77586,1.7477,1.028160,1,0,80.9632,0,0,0,80.9632,0
50.0582,1.84066,0,0,5.96418,0.259073,0.36288,3.6288,61.308,0.428258,0,0,1.68685,0.226971,1.03162,0.66528,12.849,1,0.507996,0.36288,0,89.3048,4.57737,84.5823,0.84672,12.849,0.84672,3695.15,0,36.966,0.258221,1.9603,1.79202,8.62998,1.26553,10.8585,0.42336,36.966,0.42336,423.524,0,1.02816,0,0,2.98846,1.9603,1.028160,1,0,96.4724,0,0,0,96.4724,0
55.1927,1.86971,0,0,7.63623,0.269114,0.36288,3.6288,61.308,0.428258,0,0,1.71003,0.226971,1.0548,0.66528,12.849,1,0.479919,0.36288,0,133.313,4.57737,128.618,0.84672,12.849,0.84672,3695.15,0,36.966,0.258221,2.08932,1.76487,8.53036,1.26553,10.8608,0.42336,36.966,0.42336,423.524,0,1.02816,0,0,3.11748,2.08932,1.028160,1,0,140.534,0,0,0,140.534,0
57.5975,1.90672,0,0,4.95958,0.285204,0.36288,3.6288,61.308,0.428258,0,0,1.20618,0.221364,0.556557,0.66528,12.849,1,0.443889,0.36288,0,75.2181,4.51054,70.6266,0.84672,12.849,0.84672,3695.15,0,36.966,0.258221,1.00055,1.76505,7.09454,1.23975,8.36217,0.42336,36.966,0.42336,423.524,0,1.02816,0,0,2.02871,1.00055,1.028160,1,0,79.5453,0,0,0,79.5453,0
59.9618,2.1279,0,0,5.15523,0.300183,0.36288,3.6288,61.308,0.537754,0,0,1.18269,0.194817,0.450115,0.66528,12.849,1,0.474697,0.36288,0,68.199,4.13868,63.9485,0.84672,12.849,0.84672,3695.15,0,36.966,0.324242,1.53711,1.76523,8.26278,1.08728,10.1536,0.42336,36.966,0.42336,423.524,0,1.02816,0,0,2.56527,1.53711,1.028160,1,0,74.5522,0,0,0,74.5522,0
61.9229,2.28871,0,0,4.91348,0.300776,0.36288,3.6288,61.308,0.428285,0,0,1.64844,0.237388,0.98277,0.66528,12.849,1,0.490439,0.36288,0,49.4849,4.31319,45.0442,0.84672,12.849,0.84672,3695.15,0,36.966,0.258237,2.57197,1.94806,7.84236,1.10072,11.0034,0.42336,36.966,0.42336,423.524,0,1.02816,0,0,3.60013,2.57197,1.028160,1,0,57.0304,0,0,0,57.0304,0
63.787,2.30247,0,0,4.8353,0.30584,0.36288,3.6288,61.308,0.428285,0,0,1.48805,0.237388,0.822377,0.66528,12.849,1,0.477762,0.36288,0,47.6291,4.31319,43.2011,0.84672,12.849,0.84672,3695.15,0,36.966,0.258237,1.59085,1.84557,6.73583,1.10072,8.8133,0.42336,36.966,0.42336,423.524,0,1.02816,0,0,2.61901,1.59085,1.028160,1,0,52.8367,0,0,0,52.8367,0
68.542,2.31499,0,0,7.74343,0.310535,0.36288,3.6288,61.308,0.428285,0,0,2.34978,0.237388,1.68411,0.66528,12.849,1,0.466322,0.36288,0,122.918,4.31319,118.501,0.84672,12.849,0.84672,3695.15,0,36.966,0.258237,2.61345,1.84578,20.1036,1.10072,23.2039,0.42336,36.966,0.42336,423.524,0,1.02816,0,0,3.64161,2.61345,1.028160,1,0,143.389,0,0,0,143.389,0
72.29,2.04135,0,0,7.47144,0.324969,1.35714,3.6288,61.308,0.281199,0,0,2.29084,0.187909,1.82173,0.66528,12.849,1,0.382675,1.35714,0,124.873,3.81326,122.034,0.84672,12.849,0.84672,3695.15,0,36.966,0.16955,3.78423,1.84598,12.0636,0.878268,16.646,0.42336,36.966,0.42336,423.524,0,1.02816,0,0,4.81239,3.78423,1.028160,1,0,140.502,0,0,0,140.502,0
72.29,1.85885,0,0,7.64465,0.352506,5.43329,3.6288,61.308,0.428249,0,0,3.05417,0.220174,2.40575,0.66528,12.849,1,0.330397,5.43329,0,112.655,3.57871,114.179,0.84672,12.849,0.84672,3695.15,0,36.966,0.258215,5.98043,1.59687,14.7709,0.877895,21.212,0.42336,36.966,0.42336,423.524,0,1.02816,0,0,7.00859,5.98043,1.028160,1,0,137.797,0,0,0,137.797,0
72.29,1.85965,0,0,6.21675,0.352506,4.00459,3.6288,61.308,0.428249,0,0,2.04187,0.220174,1.39344,0.66528,12.849,1,0.330538,4.00459,0,100.664,3.57871,100.759,0.84672,12.849,0.84672,3695.15,0,36.966,0.258215,3.43915,1.73498,10.3405,0.877895,14.3786,0.42336,36.966,0.42336,423.524,0,1.02816,0,0,4.46731,3.43915,1.028160,1,0,116.531,0,0,0,116.531,0
72.29,1.86044,0,0,4.36177,0.352506,2.14882,3.6288,61.308,0.42825,0,0,1.54715,0.220174,0.898724,0.66528,12.849,1,0.33068,2.14882,0,98.0165,3.57871,96.2559,0.84672,12.849,0.84672,3695.15,0,36.966,0.258215,2.83776,1.73516,9.33863,0.877895,12.7754,0.42336,36.966,0.42336,423.524,0,1.02816,0,0,3.86592,2.83776,1.028160,1,0,109.93,0,0,0,109.93,0
72.29,1.86124,0,0,4.45196,0.295865,2.29485,3.6288,61.308,0.42825,0,0,1.17597,0.190092,0.557631,0.66528,12.849,1,0.330822,2.29485,0,85.2828,3.14274,84.1041,0.84672,12.849,0.84672,3695.15,0,36.966,0.258215,2.1562,1.73534,8.5085,0.815268,11.3266,0.42336,36.966,0.42336,423.524,0,1.02816,0,0,3.18436,2.1562,1.028160,1,0,95.9883,0,0,0,95.9883,0
72.29,1.93872,0,0,8.35793,0.283176,6.13603,3.6288,61.308,0.464276,0,0,2.65042,0.201573,1.98458,0.66528,12.849,1,0.344593,6.13603,0,114.674,3.5568,116.909,0.84672,12.849,0.84672,3695.15,0,36.966,0.279938,4.07711,1.73551,12.4092,0.767957,17.1739,0.42336,36.966,0.42336,423.524,0,1.02816,0,0,5.10527,4.07711,1.028160,1,0,136.068,0,0,0,136.068,0
72.29,1.98857,0,0,7.47939,0.287163,5.20365,3.6288,61.308,0.428258,0,0,2.77822,0.210978,2.13898,0.66528,12.849,1,0.353454,5.20365,0,143.561,3.79218,144.619,0.84672,12.849,0.84672,3695.15,0,36.966,0.258221,3.80978,1.79723,11.8374,0.759053,16.4271,0.42336,36.966,0.42336,423.524,0,1.02816,0,0,4.83794,3.80978,1.028160,1,0,163.186,0,0,0,163.186,0
72.29,1.9894,0,0,6.02262,0.287163,3.74606,3.6288,61.308,0.428258,0,0,2.38612,0.210978,1.74688,0.66528,12.849,1,0.353601,3.74606,0,101.416,3.79218,101.017,0.84672,12.849,0.84672,3695.15,0,36.966,0.258221,3.3392,1.76363,10.261,0.759053,14.3466,0.42336,36.966,0.42336,423.524,0,1.02816,0,0,4.36736,3.3392,1.028160,1,0,117.11,0,0,0,117.11,0
72.29,1.99023,0,0,5.10309,0.281293,2.83157,3.6288,61.308,0.428258,0,0,2.05273,0.16777,1.4567,0.66528,12.849,1,0.353748,2.83157,0,78.7389,3.08079,78.1359,0.84672,12.849,0.84672,3695.15,0,36.966,0.258221,2.9121,1.76381,8.91829,0.776613,12.5594,0.42336,36.966,0.42336,423.524,0,1.02816,0,0,3.94026,2.9121,1.028160,1,0,92.152,0,0,0,92.152,0
72.29,1.96104,0,0,4.91685,0.237817,2.71799,3.6288,61.308,0.414253,0,0,1.81169,0.199853,1.19758,0.66528,12.849,1,0.348561,2.71799,0,77.7557,3.77936,76.3458,0.84672,12.849,0.84672,3695.15,0,36.966,0.249776,2.54617,1.76399,8.44888,0.941656,11.5676,0.42336,36.966,0.42336,423.524,0,1.02816,0,0,3.57433,2.54617,1.028160,1,0,89.1109,0,0,0,89.1109,0
72.29,1.9428,0,0,4.62796,0.209597,2.47556,3.6288,61.308,0.428255,0,0,1.44934,0.221534,0.799553,0.66528,12.849,1,0.345319,2.47556,0,73.4409,4.47247,71.0986,0.84672,12.849,0.84672,3695.15,0,36.966,0.258219,2.0113,1.74021,6.58066,1.04692,9.02702,0.42336,36.966,0.42336,423.524,0,1.02816,0,0,3.03946,2.0113,1.028160,1,0,80.9252,0,0,0,80.9252,0
72.29,1.94362,0,0,4.02917,0.209597,1.87595,3.6288,61.308,0.428255,0,0,1.39217,0.221534,0.742382,0.66528,12.849,1,0.345464,1.87595,0,65.2311,4.47247,62.2891,0.84672,12.849,0.84672,3695.15,0,36.966,0.258219,1.67925,1.75352,6.15572,1.04692,8.28336,0.42336,36.966,0.42336,423.524,0,1.02816,0,0,2.70741,1.67925,1.028160,1,0,71.3149,0,0,0,71.3149,0
72.29,1.94444,0,0,3.61024,0.209597,1.45621,3.6288,61.308,0.428255,0,0,1.23015,0.221534,0.580356,0.66528,12.849,1,0.345609,1.45621,0,55.9859,4.47247,52.624,0.84672,12.849,0.84672,3695.15,0,36.966,0.258219,1.34619,1.7537,5.36275,1.04692,7.1575,0.42336,36.966,0.42336,423.524,0,1.02816,0,0,2.37435,1.34619,1.028160,1,0,60.3619,0,0,0,60.3619,0
72.29,2.04722,0,0,3.33817,0.187992,1.10295,3.6288,61.308,0.477971,0,0,1.1446,0.19309,0.47354,0.66528,12.849,1,0.363879,1.10295,0,53.1755,3.88267,50.0319,0.84672,12.849,0.84672,3695.15,0,36.966,0.288195,1.22587,1.75388,4.8343,0.89733,6.62853,0.42336,36.966,0.42336,423.524,0,1.02816,0,0,2.25403,1.22587,1.028160,1,0,57.134,0,0,0,57.134,0
72.29,2.11573,0,0,3.52418,0.167022,1.24143,3.6288,61.308,0.428267,0,0,1.1806,0.221615,0.530714,0.66528,12.849,1,0.376055,1.24143,0,44.9976,3.99473,41.8682,0.84672,12.849,0.84672,3695.15,0,36.966,0.258226,1.33162,1.83814,5.06089,0.906342,7.06608,0.42336,36.966,0.42336,423.524,0,1.02816,0,0,2.35978,1.33162,1.028160,1,0,49.465,0,0,0,49.465,0
72.29,2.11659,0,0,3.05899,0.167022,0.775381,3.6288,61.308,0.428267,0,0,1.02019,0.221615,0.370303,0.66528,12.849,1,0.376208,0.775381,0,40.189,3.99473,36.5935,0.84672,12.849,0.84672,3695.15,0,36.966,0.258226,1.09293,1.7917,4.54731,0.906342,6.26737,0.42336,36.966,0.42336,423.524,0,1.02816,0,0,2.12109,1.09293,1.028160,1,0,43.2312,0,0,0,43.2312,0
72.29,2.11745,0,0,2.69615,0.167022,0.411677,3.6288,61.308,0.428267,0,0,0.899571,0.221615,0.249689,0.66528,12.849,1,0.37636,0.411677,0,37.9926,3.99473,34.0332,0.84672,12.849,0.84672,3695.15,0,36.966,0.258226,1.01758,1.79189,4.55013,0.906342,6.19503,0.42336,36.966,0.42336,423.524,0,1.02816,0,0,2.04574,1.01758,1.028160,1,0,40.4779,0,0,0,40.4779,0
72.1065,2.11831,0,0,2.45993,0.162272,0.36288,3.6288,61.308,0.428267,0,0,0.842486,0.226554,0.187665,0.66528,12.849,1,0.376513,0.36288,0,34.746,4.09254,30.6398,0.84672,12.849,0.84672,3695.15,0,36.966,0.258226,0.920886,1.79208,4.37828,0.933035,5.89998,0.42336,36.966,0.42336,423.524,0,1.02816,0,0,1.94905,0.920886,1.028160,1,0,36.7275,0,0,0,36.7275,0
72.1513,2.09817,0,0,2.62016,0.114291,0.36288,3.6288,61.308,0.455625,0,0,0.823815,0.277336,0.0908546,0.66528,12.849,1,0.373883,0.36288,0,36.3091,5.10311,31.195,0.84672,12.849,0.84672,3695.15,0,36.966,0.274721,0.739238,1.79227,4.59874,1.16812,5.68741,0.42336,36.966,0.42336,423.524,0,1.02816,0,0,1.7674,0.739238,1.028160,1,0,36.9732,0,0,0,36.9732,0
72.1902,2.13644,0,0,2.64489,0.10661,0.36288,3.6288,61.308,0.428274,0,0,0.796513,0.285795,0.0824433,0.66528,12.849,1,0.380467,0.36288,0,37.4378,5.27258,32.1477,0.84672,12.849,0.84672,3695.15,0,36.966,0.25823,0.588859,1.82188,4.72923,1.1981,5.68365,0.42336,36.966,0.42336,423.524,0,1.02816,0,0,1.61702,0.588859,1.028160,1,0,37.9137,0,0,0,37.9137,0
72.0138,2.13748,0,0,2.43058,0.106642,0.36288,3.6288,61.308,0.428274,0,0,0.773626,0.285795,0.0595559,0.66528,12.849,1,0.380446,0.36288,0,36.8467,5.27258,31.5566,0.84672,12.849,0.84672,3695.15,0,36.966,0.25823,0.589524,1.79642,4.76883,1.1981,5.69845,0.42336,36.966,0.42336,423.524,0,1.02816,0,0,1.61768,0.589524,1.028160,1,0,37.3146,0,0,0,37.3146,0
71.6193,2.13755,0,0,2.21242,0.106499,0.36288,3.6288,61.308,0.428274,0,0,0.723565,0.285795,0.00949577,0.66528,12.849,1,0.381391,0.36288,0,35.3726,5.27258,30.0815,0.84672,12.849,0.84672,3695.15,0,36.966,0.25823,0.373464,1.79661,4.47989,1.1981,5.19364,0.42336,36.966,0.42336,423.524,0,1.02816,0,0,1.40162,0.373464,1.028160,1,0,35.2846,0,0,0,35.2846,0
71.1177,2.18875,0,0,2.14325,0.0932311,0.36288,3.6288,61.308,0.452679,0,0,0.781298,0.310035,0.0185837,0.66528,12.849,1,0.392677,0.36288,0,29.683,5.57455,24.0786,0.84672,12.849,0.84672,3695.15,0,36.966,0.272945,0.353316,1.7968,4.13121,1.35102,4.65735,0.42336,36.966,0.42336,423.524,0,1.02816,0,0,1.38148,0.353316,1.028160,1,0,28.7546,0,0,0,28.7546,0
70.6712,2.22041,0,0,2.21391,0.0771401,0.36288,3.6288,61.308,0.42828,0,0,0.85542,0.332243,0.0948976,0.66528,12.849,1,0.401167,0.36288,0,35.4268,5.83548,29.5531,0.84672,12.849,0.84672,3695.15,0,36.966,0.258234,0.544268,1.83873,3.99641,1.55302,4.56816,0.42336,36.966,0.42336,423.524,0,1.02816,0,0,1.57243,0.544268,1.028160,1,0,34.2161,0,0,0,34.2161,0
70.0771,2.21915,0,0,2.0648,0.0768764,0.36288,3.6288,61.3052,0.42828,0,0,0.757676,0.332243,0,0.66528,12.849,1,0.403472,0.36288,0,28.0258,5.83548,22.1498,0.84672,12.849,0.84672,3695.15,0,36.966,0.258234,0.524007,1.81604,3.6478,1.55302,4.17659,0.42336,36.966,0.42336,423.524,0,1.02816,0,0,1.55217,0.524007,1.028160,1,0,26.3263,0,0,0,26.3263,0
69.2986,2.21714,0,0,1.87813,0.0765256,0.36288,3.6288,61.2563,0.428273,0,0,0.711694,0.332237,0,0.66528,12.849,1,0.406525,0.36288,0,25.7707,5.83548,19.8916,0.84672,12.849,0.84672,3695.15,0,36.966,0.258241,0.281085,1.81624,3.33852,1.55302,3.62458,0.42336,36.966,0.42336,423.524,0,1.02816,0,0,1.30925,0.281085,1.028160,1,0,23.5162,0,0,0,23.5162,0
68.6282,2.36616,0,0,2.1249,0.0662607,0.36288,3.6288,61.2794,0.51629,0,0,0.865253,0.325945,0,0.66528,12.849,1,0.438721,0.36288,0,26.502,5.97697,20.4492,0.84672,12.849,0.84672,3695.15,0,36.966,0.311562,0.742703,1.81643,4.89442,1.5899,5.5521,0.42336,36.966,0.42336,423.524,0,1.02816,0,0,1.77086,0.742703,1.028160,1,0,26.0013,0,0,0,26.0013,0
67.7627,2.42465,0,0,1.98977,0.0677306,0.36288,3.6288,61.1943,0.471072,0,0,0.703823,0.317781,0,0.66528,12.849,1,0.453958,0.36288,0,21.4124,5.37485,15.9465,0.84672,12.849,0.84672,3695.15,0,36.966,0.284168,0.243233,1.95959,3.63936,1.52085,4.03717,0.42336,36.966,0.42336,423.524,0,1.02816,0,0,1.27139,0.243233,1.028160,1,0,19.9837,0,0,0,19.9837,0
67.1042,2.42036,0,0,2.18802,0.0633283,0.36288,3.6288,61.2128,0.471093,0,0,0.812877,0.323349,0,0.66528,12.849,1,0.458943,0.36288,0,24.9272,5.34639,19.4847,0.84672,12.849,0.84672,3695.15,0,36.966,0.284576,0.404698,1.91731,3.55148,1.52012,4.06879,0.42336,36.966,0.42336,423.524,0,1.02816,0,0,1.43286,0.404698,1.028160,1,0,23.5535,0,0,0,23.5535,0
65.996,2.41716,0,0,1.73487,0.0630006,0.36288,3.6288,60.9306,0.568949,0,0,0.61013,0.323387,0,0.66528,12.849,1,0.462834,0.36288,0,27.3711,5.34639,21.9247,0.84672,12.849,0.84672,3695.15,0,36.966,0.343584,0.204422,1.91777,2.85158,1.52012,3.11007,0.42336,36.966,0.42336,423.524,0,0.871724,0,0,1.07615,0.204422,1.028160,1,0,25.0348,0,0,0,25.0348,0
65.2681,2.41124,0,0,2.10866,0.0624492,0.36288,3.6288,61.1178,0.47086,0,0,0.98092,0.32281,0,0.66528,12.849,1,0.469452,0.36288,0,23.8593,5.34639,18.4063,0.84672,12.849,0.84672,3695.15,0,36.966,0.285666,0.756043,1.91823,4.10877,1.52012,4.97726,0.42336,36.966,0.42336,423.524,0,1.02816,0,0,1.7842,0.756043,1.028160,1,0,23.3836,0,0,0,23.3836,0
64.2799,2.33399,0,0,1.74656,0.0379347,0.36288,3.6288,61.0203,0.418153,0,0,0.659604,0.338942,0,0.66528,12.849,1,0.45948,0.36288,0,25.1282,5.59785,19.4338,0.84672,12.849,0.84672,3695.15,0,36.966,0.252912,0.21511,1.91869,3.47796,1.51142,3.84743,0.42336,36.966,0.42336,423.524,0,1.02816,0,0,1.24327,0.21511,1.028160,1,0,23.2812,0,0,0,23.2812,0
63.1548,2.31611,0,0,1.64267,0.0887955,0.36288,3.6288,60.8985,0.471473,0,0,0.648363,0.298676,0,0.66528,12.849,1,0.462971,0.36288,0,24.0648,4.51432,19.4504,0.84672,12.849,0.84672,3695.15,0,36.966,0.285618,0.216518,1.83632,3.00739,1.18099,3.59362,0.42336,36.966,0.42336,423.524,0,0.957597,0,0,1.17412,0.216518,1.028160,1,0,23.044,0,0,0,23.044,0
62.176,2.31015,0,0,1.85086,0.156583,0.36288,3.6288,61.1139,0.427209,0,0,0.908185,0.2656,0,0.66528,12.849,1,0.470007,0.36288,0,23.2049,3.65789,19.4399,0.84672,12.849,0.84672,3695.15,0,36.966,0.25932,0.5022,1.84557,4.01623,0.993966,5.11072,0.42336,36.966,0.42336,423.524,0,1.02816,0,0,1.53036,0.5022,1.028160,1,0,24.5506,0,0,0,24.5506,0
61.0863,2.30492,0,0,1.73625,0.15818,0.36288,3.6288,61.308,0.427778,0,0,0.922666,0.266968,0.033823,0.66528,12.849,1,0.476324,0.36288,0,28.5617,3.67416,24.7741,0.84672,12.849,0.84672,3695.15,0,36.966,0.25875,0.456667,1.84577,4.06358,1.00329,5.10398,0.42336,36.966,0.42336,423.524,0,1.02816,0,0,1.48483,0.456667,1.028160,1,0,29.9119,0,0,0,29.9119,0
60.176,2.23911,0,0,1.85555,0.163825,0.36288,3.6288,61.308,0.379469,0,0,0.985634,0.266172,0.339993,0.66528,12.849,1,0.470979,0.36288,0,40.7768,3.91151,36.7572,0.84672,12.849,0.84672,3695.15,0,36.966,0.228803,0.629951,1.84597,4.40836,1.04237,5.61311,0.42336,36.966,0.42336,423.524,0,1.02816,0,0,1.65811,0.629951,1.028160,1,0,42.7103,0,0,0,42.7103,0
58.7527,2.16963,0,0,1.31377,0.204606,0.36288,3.6288,61.1021,0.472918,0,0,0.526479,0.259428,0,0.66528,12.849,1,0.463267,0.36288,0,22.1823,5.33558,16.7464,0.84672,12.849,0.84672,3695.15,0,36.966,0.285148,0.216518,1.77218,2.77888,1.27689,3.20554,0.42336,36.966,0.42336,423.524,0,0.956604,0,0,1.17312,0.216518,1.028160,1,0,19.9519,0,0,0,19.9519,0
57.9185,2.16128,0,0,1.89183,0.201826,0.36288,3.6288,61.2695,0.427736,0,0,0.854194,0.25909,0,0.66528,12.849,1,0.472664,0.36288,0,39.9414,5.33558,34.4961,0.84672,12.849,0.84672,3695.15,0,36.966,0.258774,0.839756,1.81816,4.38475,1.27689,5.507,0.42336,36.966,0.42336,423.524,0,1.02816,0,0,1.86792,0.839756,1.028160,1,0,40.0031,0,0,0,40.0031,0
58.9693,2.15656,0,0,3.82114,0.250907,0.36288,3.6288,61.308,0.428176,0,0,1.44735,0.242412,0.73826,0.66528,12.849,1,0.478425,0.36288,0,51.9445,4.83514,46.9938,0.84672,12.849,0.84672,3695.15,0,36.966,0.258334,1.16611,1.81835,7.10922,1.20421,8.63114,0.42336,36.966,0.42336,423.524,0,1.02816,0,0,2.19427,1.16611,1.028160,1,0,56.3632,0,0,0,56.3632,0
60.3165,1.99582,0,0,3.95938,0.25348,0.36288,3.6288,61.308,0.326502,0,0,1.13715,0.242471,0.568181,0.66528,12.849,1,0.434875,0.36288,0,52.1236,4.83514,47.2164,0.84672,12.849,0.84672,3695.15,0,36.966,0.196866,1.31202,1.81855,4.51622,1.20421,6.24572,0.42336,36.966,0.42336,423.524,0,1.02816,0,0,2.34018,1.31202,1.028160,1,0,54.0303,0,0,0,54.0303,0
60.0774,1.87015,0,0,2.24453,0.250585,0.36288,3.6288,61.308,0.428253,0,0,1.46269,0.199322,0.835117,0.66528,12.849,1,0.398392,0.36288,0,51.564,3.98897,47.5395,0.84672,12.849,0.84672,3695.15,0,36.966,0.258218,0.875586,1.65422,7.1295,1.03332,8.36778,0.42336,36.966,0.42336,423.524,0,1.02816,0,0,1.90375,0.875586,1.028160,1,0,56.7424,0,0,0,56.7424,0
61.2916,1.86964,0,0,3.69568,0.248987,0.36288,3.6288,61.308,0.428253,0,0,1.08082,0.19213,0.460432,0.66528,12.849,1,0.399867,0.36288,0,63.1387,3.84793,59.2538,0.84672,12.849,0.84672,3695.15,0,36.966,0.258218,1.33955,1.74985,9.4142,1.00483,11.2405,0.42336,36.966,0.42336,423.524,0,1.02816,0,0,2.36771,1.33955,1.028160,1,0,70.9548,0,0,0,70.9548,0
64.9147,1.87698,0,0,6.11453,0.251585,0.36288,3.6288,61.308,0.428253,0,0,0.763325,0.19213,0.142942,0.66528,12.849,1,0.393484,0.36288,0,84.278,3.84793,80.3995,0.84672,12.849,0.84672,3695.15,0,36.966,0.258218,0.88033,1.75003,7.2987,1.00483,8.66601,0.42336,36.966,0.42336,423.524,0,1.02816,0,0,1.90849,0.88033,1.028160,1,0,89.2084,0,0,0,89.2084,0
67.9729,1.89611,0,0,5.57636,0.259131,0.36288,3.6288,61.308,0.428254,0,0,3.92613,0.19213,3.30574,0.66528,12.849,1,0.37531,0.36288,0,110.678,3.84793,106.817,0.84672,12.849,0.84672,3695.15,0,36.966,0.258218,4.21111,1.75021,10.0784,1.00483,14.7767,0.42336,36.966,0.42336,423.524,0,1.02816,0,0,5.23927,4.21111,1.028160,1,0,124.9,0,0,0,124.9,0
70.4384,1.97761,0,0,5.05016,0.244227,0.36288,3.6288,61.308,0.457756,0,0,1.58414,0.200354,0.926025,0.66528,12.849,1,0.37383,0.36288,0,96.4336,3.82431,92.5984,0.84672,12.849,0.84672,3695.15,0,36.966,0.276006,1.79042,1.75039,7.62642,0.861818,10.0294,0.42336,36.966,0.42336,423.524,0,1.02816,0,0,2.81858,1.79042,1.028160,1,0,103.554,0,0,0,103.554,0
72.29,2.02948,0,0,12.6739,0.247448,8.54531,3.6288,61.308,0.428253,0,0,2.81625,0.203638,2.18436,0.66528,12.849,1,0.370207,8.54531,0,125.786,4.5624,129.399,0.84672,12.849,0.84672,3695.15,0,36.966,0.258217,3.80286,1.80192,18.2926,0.86608,22.7731,0.42336,36.966,0.42336,423.524,0,1.02816,0,0,4.83102,3.80286,1.028160,1,0,154.356,0,0,0,154.356,0
72.29,2.03834,0,0,8.85876,0.251644,6.56878,3.6288,61.308,0.428253,0,0,2.08265,0.230222,1.42418,0.66528,12.849,1,0.3623,6.56878,0,126.204,5.09586,127.315,0.84672,12.849,0.84672,3695.15,0,36.966,0.258217,2.90767,1.77442,14.8706,1.04877,18.2457,0.42336,36.966,0.42336,423.524,0,1.02816,0,0,3.93583,2.90767,1.028160,1,0,146.985,0,0,0,146.985,0
72.29,2.03915,0,0,15.61,0.251644,13.3192,3.6288,61.308,0.428253,0,0,6.48163,0.230222,5.82316,0.66528,12.849,1,0.362443,13.3192,0,249.461,5.09586,257.322,0.84672,12.849,0.84672,3695.15,0,36.966,0.258217,6.63085,1.7746,26.8334,1.04877,33.9319,0.42336,36.966,0.42336,423.524,0,1.02816,0,0,7.65901,6.63085,1.028160,1,0,297.077,0,0,0,297.077,0
72.29,2.25576,0,0,10.1174,0.251644,7.61004,3.6288,61.308,0.539121,0,0,4.45276,0.230222,3.68342,0.66528,12.849,1,0.400944,7.61004,0,279.12,5.09586,281.233,0.84672,12.849,0.84672,3695.15,0,36.966,0.325066,4.85152,1.77478,21.6046,1.04877,26.857,0.42336,36.966,0.42336,423.524,0,1.02816,0,0,5.87968,4.85152,1.028160,1,0,311.773,0,0,0,311.773,0
72.29,2.40751,0,0,8.70998,0.296405,6.00607,3.6288,61.308,0.428278,0,0,2.31005,0.269887,1.61189,0.66528,12.849,1,0.427917,6.00607,0,106.872,5.22222,107.228,0.84672,12.849,0.84672,3695.15,0,36.966,0.258233,1.91235,1.95989,11.893,1.18418,14.3228,0.42336,36.966,0.42336,423.524,0,1.02816,0,0,2.94051,1.91235,1.028160,1,0,123.162,0,0,0,123.162,0
72.29,2.40841,0,0,6.69446,0.280326,4.00573,3.6288,61.308,0.428278,0,0,2.63645,0.260253,1.94792,0.66528,12.849,1,0.428076,4.00573,0,99.6918,4.65276,98.6167,0.84672,12.849,0.84672,3695.15,0,36.966,0.258233,2.40096,1.85611,13.8388,1.06752,16.7701,0.42336,36.966,0.42336,423.524,0,1.02816,0,0,3.42912,2.40096,1.028160,1,0,117.335,0,0,0,117.335,0
72.29,2.4093,0,0,6.5043,0.280326,3.81467,3.6288,61.308,0.428279,0,0,3.58684,0.260253,2.89831,0.66528,12.849,1,0.428236,3.81467,0,117.072,4.65276,115.806,0.84672,12.849,0.84672,3695.15,0,36.966,0.258233,3.87148,1.85631,15.6828,1.06752,20.0849,0.42336,36.966,0.42336,423.524,0,1.02816,0,0,4.89964,3.87148,1.028160,1,0,138.789,0,0,0,138.789,0
72.29,2.10212,0,0,7.17209,0.293964,4.77601,3.6288,61.308,0.279355,0,0,2.42031,0.247928,1.89302,0.66528,12.849,1,0.373635,4.77601,0,105.135,4.359,105.178,0.84672,12.849,0.84672,3695.15,0,36.966,0.168438,3.65519,1.85651,13.2017,0.982989,17.562,0.42336,36.966,0.42336,423.524,0,1.02816,0,0,4.68335,3.65519,1.028160,1,0,124.633,0,0,0,124.633,0
72.29,1.90025,0,0,8.82636,0.360529,6.56559,3.6288,61.308,0.428244,0,0,4.73793,0.239595,4.0701,0.66528,12.849,1,0.337755,6.56559,0,279.54,4.02938,281.739,0.84672,12.849,0.84672,3695.15,0,36.966,0.258212,5.00811,1.60428,20.1435,1.00399,25.4936,0.42336,36.966,0.42336,423.524,0,1.02816,0,0,6.03627,5.00811,1.028160,1,0,311.302,0,0,0,311.302,0
72.29,1.90103,0,0,9.79828,0.360529,7.53672,3.6288,61.308,0.428244,0,0,3.48274,0.239595,2.8149,0.66528,12.849,1,0.337893,7.53672,0,212.727,4.02938,215.897,0.84672,12.849,0.84672,3695.15,0,36.966,0.258212,6.27976,1.74411,21.0737,1.00399,27.8353,0.42336,36.966,0.42336,423.524,0,1.02816,0,0,7.30792,6.27976,1.028160,1,0,246.547,0,0,0,246.547,0
72.29,1.9018,0,0,17.9267,0.360529,15.6644,3.6288,61.308,0.428244,0,0,7.54152,0.239595,6.87368,0.66528,12.849,1,0.338031,15.6644,0,232.231,4.02938,243.528,0.84672,12.849,0.84672,3695.15,0,36.966,0.258212,8.76606,1.74429,30.908,1.00399,40.1561,0.42336,36.966,0.42336,423.524,0,1.02816,0,0,9.79422,8.76606,1.028160,1,0,290.558,0,0,0,290.558,0
72.29,1.90258,0,0,10.9591,0.362125,8.69444,3.6288,61.308,0.428244,0,0,3.72759,0.171467,3.12788,0.66528,12.849,1,0.338169,8.69444,0,209.218,3.7168,213.857,0.84672,12.849,0.84672,3695.15,0,36.966,0.258212,4.80444,1.74446,20.5119,0.891344,25.9112,0.42336,36.966,0.42336,423.524,0,1.02816,0,0,5.8326,4.80444,1.028160,1,0,242.896,0,0,0,242.896,0
72.29,1.981,0,0,8.45018,0.354699,6.11448,3.6288,61.308,0.464719,0,0,2.58206,0.195412,1.92192,0.66528,12.849,1,0.352107,6.11448,0,169.939,3.43323,172.268,0.84672,12.849,0.84672,3695.15,0,36.966,0.280205,3.39066,1.74463,16.8819,0.966004,20.771,0.42336,36.966,0.42336,423.524,0,1.02816,0,0,4.41882,3.39066,1.028160,1,0,194.961,0,0,0,194.961,0
72.29,2.03144,0,0,8.00988,0.348929,5.62952,3.6288,61.308,0.428253,0,0,4.63417,0.221888,3.98403,0.66528,12.849,1,0.361073,5.62952,0,163.952,3.25962,165.961,0.84672,12.849,0.84672,3695.15,0,36.966,0.258217,4.37537,1.80711,19.1974,1.03608,24.0856,0.42336,36.966,0.42336,423.524,0,1.02816,0,0,5.40353,4.37537,1.028160,1,0,194.03,0,0,0,194.03,0
72.29,2.03225,0,0,9.96348,0.348929,7.5823,3.6288,61.308,0.428253,0,0,3.62458,0.221888,2.97443,0.66528,12.849,1,0.361216,7.5823,0,163.045,3.25962,167.006,0.84672,12.849,0.84672,3695.15,0,36.966,0.258218,4.49269,1.77308,18.2669,1.03608,23.2383,0.42336,36.966,0.42336,423.524,0,1.02816,0,0,5.52085,4.49269,1.028160,1,0,193.219,0,0,0,193.219,0
72.29,2.03305,0,0,8.05058,0.348929,5.6686,3.6288,61.308,0.428253,0,0,2.65326,0.221888,2.00312,0.66528,12.849,1,0.36136,5.6686,0,135.507,3.25962,137.555,0.84672,12.849,0.84672,3695.15,0,36.966,0.258217,3.28347,1.77326,14.7072,1.03608,18.4696,0.42336,36.966,0.42336,423.524,0,1.02816,0,0,4.31163,3.28347,1.028160,1,0,158.028,0,0,0,158.028,0
72.29,2.00348,0,0,6.60468,0.26767,4.33353,3.6288,61.308,0.414074,0,0,2.25605,0.241127,1.60085,0.66528,12.849,1,0.356103,4.33353,0,117.364,3.53225,117.809,0.84672,12.849,0.84672,3695.15,0,36.966,0.249668,2.7884,1.77344,13.1846,1.0701,16.4266,0.42336,36.966,0.42336,423.524,0,1.02816,0,0,3.81656,2.7884,1.028160,1,0,135.837,0,0,0,135.837,0
72.29,1.98498,0,0,6.34002,0.238261,4.11678,3.6288,61.308,0.42825,0,0,1.91235,0.238866,1.24524,0.66528,12.849,1,0.352815,4.11678,0,104.861,4.16105,104.464,0.84672,12.849,0.84672,3695.15,0,36.966,0.258216,2.78861,1.74935,11.8813,1.08656,15.0745,0.42336,36.966,0.42336,423.524,0,1.02816,0,0,3.81677,2.78861,1.028160,1,0,120.784,0,0,0,120.784,0
72.29,1.98578,0,0,5.72971,0.238261,3.50567,3.6288,61.308,0.42825,0,0,1.74386,0.238866,1.07675,0.66528,12.849,1,0.352957,3.50567,0,104.556,4.16105,103.548,0.84672,12.849,0.84672,3695.15,0,36.966,0.258216,2.143,1.76282,9.55835,1.08656,12.1194,0.42336,36.966,0.42336,423.524,0,1.02816,0,0,3.17116,2.143,1.028160,1,0,116.744,0,0,0,116.744,0
72.29,1.98657,0,0,5.38025,0.238261,3.15541,3.6288,61.308,0.42825,0,0,1.60476,0.238866,0.937643,0.66528,12.849,1,0.353098,3.15541,0,93.6006,4.16105,92.2418,0.84672,12.849,0.84672,3695.15,0,36.966,0.258216,1.6224,1.763,8.82386,1.08656,10.8645,0.42336,36.966,0.42336,423.524,0,1.02816,0,0,2.65056,1.6224,1.028160,1,0,104.044,0,0,0,104.044,0
72.29,2.0906,0,0,4.91784,0.218281,2.60895,3.6288,61.308,0.478581,0,0,1.48986,0.251679,0.759604,0.66528,12.849,1,0.371589,2.60895,0,85.4531,4.44103,83.2494,0.84672,12.849,0.84672,3695.15,0,36.966,0.288563,1.53635,1.76317,7.5365,1.12582,9.42164,0.42336,36.966,0.42336,423.524,0,1.02816,0,0,2.56451,1.53635,1.028160,1,0,93.4306,0,0,0,93.4306,0
72.29,2.15993,0,0,4.63785,0.217597,2.26032,3.6288,61.308,0.428262,0,0,1.3643,0.228309,0.707729,0.66528,12.849,1,0.383911,2.26032,0,61.9181,4.32921,59.4653,0.84672,12.849,0.84672,3695.15,0,36.966,0.258223,1.18326,1.84847,6.86318,0.999167,8.63752,0.42336,36.966,0.42336,423.524,0,1.02816,0,0,2.21142,1.18326,1.028160,1,0,68.8106,0,0,0,68.8106,0
72.29,2.16076,0,0,4.10422,0.178834,1.76462,3.6288,61.308,0.428262,0,0,1.05086,0.210734,0.411862,0.66528,12.849,1,0.38406,1.76462,0,51.8294,4.02959,49.1803,0.84672,12.849,0.84672,3695.15,0,36.966,0.258223,1.11778,1.80145,6.22162,0.972428,7.9102,0.42336,36.966,0.42336,423.524,0,1.02816,0,0,2.14594,1.11778,1.028160,1,0,57.5024,0,0,0,57.5024,0
72.29,2.1616,0,0,3.85762,0.163612,1.53241,3.6288,61.308,0.428262,0,0,1.09439,0.214304,0.45182,0.66528,12.849,1,0.384208,1.53241,0,47.7403,4.13795,44.7506,0.84672,12.849,0.84672,3695.15,0,36.966,0.258223,1.12314,1.80163,6.32325,0.952369,8.03744,0.42336,36.966,0.42336,423.524,0,1.02816,0,0,2.1513,1.12314,1.028160,1,0,53.2398,0,0,0,53.2398,0
72.29,2.16244,0,0,3.70691,0.163612,1.38086,3.6288,61.308,0.428262,0,0,1.11487,0.214304,0.472306,0.66528,12.849,1,0.384357,1.38086,0,45.0058,4.13795,41.8643,0.84672,12.849,0.84672,3695.15,0,36.966,0.258223,1.01607,1.80182,6.30518,0.952369,7.91248,0.42336,36.966,0.42336,423.524,0,1.02816,0,0,2.04423,1.01607,1.028160,1,0,50.2491,0,0,0,50.2491,0
72.29,2.14284,0,0,3.40869,0.145771,1.12008,3.6288,61.308,0.455957,0,0,1.26752,0.232637,0.57893,0.66528,12.849,1,0.380873,1.12008,0,52.3422,4.75246,48.329,0.84672,12.849,0.84672,3695.15,0,36.966,0.274922,1.13791,1.802,6.18424,1.0633,7.78593,0.42336,36.966,0.42336,423.524,0,1.02816,0,0,2.16607,1.13791,1.028160,1,0,56.6938,0,0,0,56.6938,0
72.29,2.18137,0,0,3.1603,0.111232,0.867706,3.6288,61.308,0.428268,0,0,1.31783,0.275859,0.613706,0.66528,12.849,1,0.387721,0.867706,0,57.1786,5.24501,52.4135,0.84672,12.849,0.84672,3695.15,0,36.966,0.258227,1.18476,1.83198,6.34081,1.24414,7.85518,0.42336,36.966,0.42336,423.524,0,1.02816,0,0,2.21292,1.18476,1.028160,1,0,60.8824,0,0,0,60.8824,0
72.29,2.18221,0,0,2.99963,0.102768,0.71465,3.6288,61.308,0.428268,0,0,1.28105,0.287649,0.565136,0.66528,12.849,1,0.387871,0.71465,0,52.9899,5.25766,48.059,0.84672,12.849,0.84672,3695.15,0,36.966,0.258227,1.10766,1.80619,6.28654,1.28319,7.65897,0.42336,36.966,0.42336,423.524,0,1.02816,0,0,2.13582,1.10766,1.028160,1,0,56.2831,0,0,0,56.2831,0
72.29,2.18305,0,0,2.80152,0.102768,0.515701,3.6288,61.308,0.428268,0,0,1.12179,0.287649,0.405875,0.66528,12.849,1,0.388021,0.515701,0,48.7942,5.25766,43.6642,0.84672,12.849,0.84672,3695.15,0,36.966,0.258227,1.02453,1.80638,5.95871,1.28319,7.2482,0.42336,36.966,0.42336,423.524,0,1.02816,0,0,2.05269,1.02453,1.028160,1,0,51.3183,0,0,0,51.3183,0
72.1929,2.23672,0,0,2.60258,0.100054,0.36288,3.6288,61.308,0.452973,0,0,1.05049,0.293057,0.304455,0.66528,12.849,1,0.397561,0.36288,0,45.5267,5.33759,40.1544,0.84672,12.849,0.84672,3695.15,0,36.966,0.273123,0.881176,1.80656,5.49363,1.30765,6.6006,0.42336,36.966,0.42336,423.524,0,1.02816,0,0,1.90934,0.881176,1.028160,1,0,47.0595,0,0,0,47.0595,0
72.1347,2.27074,0,0,2.65909,0.0837031,0.36288,3.6288,61.308,0.428274,0,0,1.43768,0.32551,0.683894,0.66528,12.849,1,0.40415,0.36288,0,48.4265,5.8171,42.5681,0.84672,12.849,0.84672,3695.15,0,36.966,0.25823,1.00926,1.849,5.11107,1.45439,6.25671,0.42336,36.966,0.42336,423.524,0,1.02816,0,0,2.03742,1.00926,1.028160,1,0,49.5087,0,0,0,49.5087,0
71.8928,2.27133,0,0,2.47594,0.0836661,0.36288,3.6288,61.308,0.428274,0,0,1.24729,0.32551,0.493503,0.66528,12.849,1,0.404581,0.36288,0,41.0034,5.8171,35.1446,0.84672,12.849,0.84672,3695.15,0,36.966,0.25823,1.17424,1.82602,5.15819,1.45439,6.44583,0.42336,36.966,0.42336,423.524,0,1.02816,0,0,2.2024,1.17424,1.028160,1,0,42.0839,0,0,0,42.0839,0
71.4645,2.27104,0,0,2.28915,0.0835123,0.36288,3.6288,61.308,0.428274,0,0,1.15668,0.32551,0.402896,0.66528,12.849,1,0.40589,0.36288,0,39.3187,5.8171,33.4586,0.84672,12.849,0.84672,3695.15,0,36.966,0.25823,0.906198,1.82622,4.48502,1.45439,5.50481,0.42336,36.966,0.42336,423.524,0,1.02816,0,0,1.93436,0.906198,1.028160,1,0,39.3663,0,0,0,39.3663,0
70.9388,2.42442,0,0,2.34004,0.07837,0.36288,3.6288,61.308,0.517529,0,0,1.28453,0.3281,0.438897,0.66528,12.849,1,0.435901,0.36288,0,37.3959,5.89188,31.431,0.84672,12.849,0.84672,3695.15,0,36.966,0.312047,1.16721,1.82641,5.54764,1.46933,6.75988,0.42336,36.966,0.42336,423.524,0,1.02816,0,0,2.19537,1.16721,1.028160,1,0,38.6298,0,0,0,38.6298,0
70.0505,2.46704,0,0,2.04505,0.103455,0.36288,3.6288,61.308,0.484792,0,0,1.12952,0.309176,0.335548,0.66528,12.849,1,0.44685,0.36288,0,28.5079,5.89246,22.5314,0.84672,12.849,0.84672,3695.15,0,36.966,0.292308,0.909947,1.97131,5.50857,1.41708,6.68045,0.42336,36.966,0.42336,423.524,0,1.02816,0,0,1.93811,0.909947,1.028160,1,0,29.5474,0,0,0,29.5474,0
69.2136,2.46283,0,0,2.10321,0.114446,0.36288,3.6288,61.308,0.485052,0,0,1.31995,0.308789,0.526109,0.66528,12.849,1,0.451743,0.36288,0,31.7528,5.8759,25.788,0.84672,12.849,0.84672,3695.15,0,36.966,0.292465,1.29755,1.94081,5.69875,1.38679,7.25784,0.42336,36.966,0.42336,423.524,0,1.02816,0,0,2.32571,1.29755,1.028160,1,0,33.572,0,0,0,33.572,0
67.9678,2.45879,0,0,1.68963,0.113706,0.36288,3.6288,61.308,0.485313,0,0,0.95472,0.308789,0.160618,0.66528,12.849,1,0.456456,0.36288,0,31.0274,5.8759,25.0579,0.84672,12.849,0.84672,3695.15,0,36.966,0.292622,0.586475,1.94126,4.57486,1.38679,5.42318,0.42336,36.966,0.42336,423.524,0,1.02816,0,0,1.61463,0.586475,1.028160,1,0,30.6417,0,0,0,30.6417,0
67.1443,2.45232,0,0,2.10425,0.112606,0.36288,3.6288,61.308,0.485574,0,0,1.63177,0.308789,0.837405,0.66528,12.849,1,0.4636,0.36288,0,28.3376,5.8759,22.3609,0.84672,12.849,0.84672,3695.15,0,36.966,0.29278,2.02612,1.94171,7.07359,1.38679,9.36184,0.42336,36.966,0.42336,423.524,0,1.02816,0,0,3.05428,2.02612,1.028160,1,0,32.5602,0,0,0,32.5602,0
65.5761,2.37342,0,0,1.31026,0.142104,0.36288,3.6288,61.308,0.431598,0,0,1.31998,0.279336,0.609042,0.66528,12.849,1,0.454187,0.36288,0,24.9816,5.21238,19.6779,0.84672,12.849,0.84672,3695.15,0,36.966,0.260235,0.979033,1.94216,5.7598,1.12599,7.29476,0.42336,36.966,0.42336,423.524,0,1.02816,0,0,2.00719,0.979033,1.028160,1,0,27.5817,0,0,0,27.5817,0
63.4994,2.36489,0,0,0.822779,0.171723,0.36288,3.6288,61.308,0.431847,0,0,1.03175,0.288329,0.31157,0.66528,12.849,1,0.463376,0.36288,0,32.5492,5.62159,26.8271,0.84672,12.849,0.84672,3695.15,0,36.966,0.260384,0.563907,1.85876,3.662,1.28194,4.54234,0.42336,36.966,0.42336,423.524,0,1.02816,0,0,1.59207,0.563907,1.028160,1,0,31.681,0,0,0,31.681,0
61.2781,2.35283,0,0,0.693498,0.199149,0.36288,3.6288,61.308,0.432095,0,0,0.88033,0.267199,0.181036,0.66528,12.849,1,0.47609,0.36288,0,22.7661,5.28556,17.3674,0.84672,12.849,0.84672,3695.15,0,36.966,0.260534,0.366206,1.85919,4.77452,1.19476,5.54462,0.42336,36.966,0.42336,423.524,0,1.02816,0,0,1.39437,0.366206,1.028160,1,0,23.093,0,0,0,23.093,0
59.4193,2.3391,0,0,1.00291,0.159703,0.36288,3.6288,61.308,0.432344,0,0,1.08619,0.288924,0.364918,0.66528,12.849,1,0.490471,0.36288,0,22.9214,5.79846,16.9954,0.84672,12.849,0.84672,3695.15,0,36.966,0.260684,0.68459,1.85962,6.74683,1.13085,7.89951,0.42336,36.966,0.42336,423.524,0,1.02816,0,0,1.71275,0.68459,1.028160,1,0,25.2598,0,0,0,25.2598,0
60.5783,2.26691,0,0,3.99605,0.207249,0.36288,3.6288,61.308,0.383178,0,0,2.05419,0.217631,1.45338,0.66528,12.849,1,0.490204,0.36288,0,53.7098,5.11255,48.4699,0.84672,12.849,0.84672,3695.15,0,36.966,0.231039,1.99989,1.86005,14.0056,0.872908,16.7616,0.42336,36.966,0.42336,423.524,0,1.02816,0,0,3.02805,1.99989,1.028160,1,0,66.6849,0,0,0,66.6849,0
58.7261,2.21585,0,0,1.01349,0.286897,0.36288,3.6288,60.9682,0.728959,0,0,0.590633,0.201482,0,0.66528,12.849,1,0.469995,0.36288,0,38.7824,3.99672,34.6785,0.84672,12.849,0.84672,3695.15,0,36.966,0.42336,0.216518,1.78558,6.34676,1.03391,6.8916,0.42336,36.966,0.42336,423.524,0,0.562341,0,0,0.77886,0.216518,1.028160,1,0,41.5701,0,0,0,41.5701,0
58.879,2.20453,0,0,3.00223,0.281933,0.36288,3.6288,61.308,0.427376,0,0,1.94353,0.201049,0.975302,0.66528,12.849,1,0.48234,0.36288,0,72.9013,3.99672,68.7851,0.84672,12.849,0.84672,3695.15,0,36.966,0.259125,1.72587,1.82807,11.179,1.03391,13.4399,0.42336,36.966,0.42336,423.524,0,1.02816,0,0,2.75403,1.72587,1.028160,1,0,83.2003,0,0,0,83.2003,0
58.3811,2.20639,0,0,2.35999,0.288605,0.36288,3.6288,61.308,0.428272,0,0,1.50248,0.203795,0.870412,0.66528,12.849,1,0.481495,0.36288,0,82.3492,3.93531,78.2953,0.84672,12.849,0.84672,3695.15,0,36.966,0.258229,1.46432,1.82827,10.6824,1.01269,12.7041,0.42336,36.966,0.42336,423.524,0,1.02816,0,0,2.49248,1.46432,1.028160,1,0,91.8698,0,0,0,91.8698,0
58.4309,2.03352,0,0,2.77073,0.324567,0.36288,3.6288,61.308,0.325259,0,0,1.77994,0.217673,1.23701,0.66528,12.849,1,0.447554,0.36288,0,43.5407,3.56685,39.8892,0.84672,12.849,0.84672,3695.15,0,36.966,0.196117,1.48271,1.82846,10.3618,0.885421,12.5914,0.42336,36.966,0.42336,423.524,0,1.02816,0,0,2.51087,1.48271,1.028160,1,0,53.7176,0,0,0,53.7176,0
58.4529,1.89927,0,0,2.57698,0.292788,0.36288,3.6288,61.308,0.428248,0,0,1.88408,0.224039,1.2318,0.66528,12.849,1,0.417651,0.36288,0,50.186,4.43677,45.6945,0.84672,12.849,0.84672,3695.15,0,36.966,0.258214,1.55308,1.66212,9.69814,1.03835,11.6168,0.42336,36.966,0.42336,423.524,0,1.02816,0,0,2.58124,1.55308,1.028160,1,0,58.5431,0,0,0,58.5431,0
59.3612,1.90016,0,0,3.45133,0.280073,0.36288,3.6288,61.308,0.428248,0,0,3.92262,0.226585,3.26779,0.66528,12.849,1,0.41769,0.36288,0,101.976,4.78474,97.136,0.84672,12.849,0.84672,3695.15,0,36.966,0.258215,2.13951,1.75891,12.0367,1.09952,14.5774,0.42336,36.966,0.42336,423.524,0,1.02816,0,0,3.16767,2.13951,1.028160,1,0,114.981,0,0,0,114.981,0
60.4834,1.90618,0,0,3.66809,0.276761,0.36288,3.6288,61.308,0.428248,0,0,5.08629,0.228791,4.42925,0.66528,12.849,1,0.412603,0.36288,0,128.051,4.46596,123.535,0.84672,12.849,0.84672,3695.15,0,36.966,0.258215,3.98452,1.75908,14.3942,1.06013,18.8195,0.42336,36.966,0.42336,423.524,0,1.02816,0,0,5.01268,3.98452,1.028160,1,0,146.784,0,0,0,146.784,0
61.6546,1.91327,0,0,3.71923,0.271902,0.36288,3.6288,61.308,0.428248,0,0,2.98237,0.231732,2.32239,0.66528,12.849,1,0.406452,0.36288,0,88.598,4.04093,84.5135,0.84672,12.849,0.84672,3695.15,0,36.966,0.258215,3.03689,1.75926,12.3717,1.00761,15.902,0.42336,36.966,0.42336,423.524,0,1.02816,0,0,4.06505,3.03689,1.028160,1,0,102.738,0,0,0,102.738,0
62.8847,1.98665,0,0,3.8562,0.276582,0.36288,3.6288,61.308,0.458108,0,0,2.41597,0.23723,1.72063,0.66528,12.849,1,0.414025,0.36288,0,93.5133,4.1905,89.2717,0.84672,12.849,0.84672,3695.15,0,36.966,0.276219,2.58694,1.75943,11.9483,1.1073,14.9111,0.42336,36.966,0.42336,423.524,0,1.02816,0,0,3.6151,2.58694,1.028160,1,0,105.903,0,0,0,105.903,0
64.2299,2.03389,0,0,4.0265,0.284508,0.36288,3.6288,61.308,0.428247,0,0,2.60467,0.250976,1.92544,0.66528,12.849,1,0.415578,0.36288,0,126.519,4.56445,121.902,0.84672,12.849,0.84672,3695.15,0,36.966,0.258214,3.07652,1.81158,9.73287,1.35652,13.0062,0.42336,36.966,0.42336,423.524,0,1.02816,0,0,4.10468,3.07652,1.028160,1,0,136.834,0,0,0,136.834,0
65.7826,2.04192,0,0,4.24513,0.287635,0.36288,3.6288,61.308,0.428247,0,0,2.71069,0.250976,2.03146,0.66528,12.849,1,0.40848,0.36288,0,105.279,4.56445,100.669,0.84672,12.849,0.84672,3695.15,0,36.966,0.258214,4.59338,1.78375,10.9087,1.35652,15.6711,0.42336,36.966,0.42336,423.524,0,1.02816,0,0,5.62154,4.59338,1.028160,1,0,118.372,0,0,0,118.372,0
67.0391,2.05076,0,0,3.95188,0.281689,0.36288,3.6288,61.308,0.428247,0,0,2.96239,0.263415,2.27073,0.66528,12.849,1,0.400566,0.36288,0,112.395,4.43364,107.924,0.84672,12.849,0.84672,3695.15,0,36.966,0.258214,4.23266,1.78392,11.2209,1.34608,15.6332,0.42336,36.966,0.42336,423.524,0,1.02816,0,0,5.26082,4.23266,1.028160,1,0,125.828,0,0,0,125.828,0
67.9871,2.2737,0,0,3.85621,0.271647,0.36288,3.6288,61.308,0.540454,0,0,2.1879,0.28,1.36744,0.66528,12.849,1,0.435786,0.36288,0,88.0381,4.25922,83.706,0.84672,12.849,0.84672,3695.15,0,36.966,0.325869,2.24281,1.7841,7.83804,1.33215,10.2069,0.42336,36.966,0.42336,423.524,0,1.02816,0,0,3.27097,2.24281,1.028160,1,0,95.2804,0,0,0,95.2804,0
72.29,2.43091,0,0,7.92581,0.324145,0.86789,3.6288,61.308,0.428272,0,0,3.67473,0.22654,3.01992,0.66528,12.849,1,0.459422,0.86789,0,214.645,3.76602,211.288,0.84672,12.849,0.84672,3695.15,0,36.966,0.258229,4.5087,1.97143,13.15,1.08874,18.2832,0.42336,36.966,0.42336,423.524,0,1.02816,0,0,5.53686,4.5087,1.028160,1,0,232.591,0,0,0,232.591,0
72.29,2.455,0,0,9.3642,0.34378,6.56542,3.6288,61.308,0.428272,0,0,5.3109,0.21763,4.665,0.66528,12.849,1,0.436358,6.56542,0,261.699,3.68382,264.144,0.84672,12.849,0.84672,3695.15,0,36.966,0.258229,6.62567,1.8664,16.6607,1.04817,23.8464,0.42336,36.966,0.42336,423.524,0,1.02816,0,0,7.65383,6.62567,1.028160,1,0,292.655,0,0,0,292.655,0
72.29,2.45587,0,0,9.24566,0.34378,6.44601,3.6288,61.308,0.428272,0,0,6.01467,0.21763,5.36876,0.66528,12.849,1,0.436513,6.44601,0,248.725,3.68382,251.051,0.84672,12.849,0.84672,3695.15,0,36.966,0.258229,7.70057,1.86659,19.1821,1.04817,27.4429,0.42336,36.966,0.42336,423.524,0,1.02816,0,0,8.72873,7.70057,1.028160,1,0,283.862,0,0,0,283.862,0
72.29,2.14495,0,0,8.12436,0.360955,5.61846,3.6288,61.308,0.277556,0,0,4.7463,0.235132,4.23361,0.66528,12.849,1,0.381249,5.61846,0,183.233,4.33956,184.13,0.84672,12.849,0.84672,3695.15,0,36.966,0.167354,6.41382,1.86678,16.2149,1.21302,23.1152,0.42336,36.966,0.42336,423.524,0,1.02816,0,0,7.44198,6.41382,1.028160,1,0,211.479,0,0,0,211.479,0
72.29,1.94063,0,0,4.83508,0.312541,2.58192,3.6288,61.308,0.428239,0,0,2.72076,0.146731,2.14579,0.66528,12.849,1,0.344931,2.58192,0,151.966,3.14207,151.061,0.84672,12.849,0.84672,3695.15,0,36.966,0.258209,3.17215,1.6115,9.75517,0.782132,13.4985,0.42336,36.966,0.42336,423.524,0,1.02816,0,0,4.20031,3.17215,1.028160,1,0,166.706,0,0,0,166.706,0
72.29,1.94138,0,0,3.99578,0.30081,1.75359,3.6288,61.308,0.428239,0,0,2.20627,0.133037,1.64499,0.66528,12.849,1,0.345066,1.75359,0,134.736,2.93695,133.207,0.84672,12.849,0.84672,3695.15,0,36.966,0.258209,3.39188,1.75302,8.97895,0.713624,13.152,0.42336,36.966,0.42336,423.524,0,1.02816,0,0,4.42004,3.39188,1.028160,1,0,148.004,0,0,0,148.004,0
72.29,1.94214,0,0,5.83349,0.30081,3.59054,3.6288,61.308,0.428239,0,0,2.70676,0.133037,2.14548,0.66528,12.849,1,0.345201,3.59054,0,194.13,2.93695,194.438,0.84672,12.849,0.84672,3695.15,0,36.966,0.258209,3.77257,1.75319,11.5493,0.713624,16.1032,0.42336,36.966,0.42336,423.524,0,1.02816,0,0,4.80073,3.77257,1.028160,1,0,212.687,0,0,0,212.687,0
72.29,1.9429,0,0,5.69369,0.300065,3.45073,3.6288,61.308,0.428239,0,0,2.59387,0.129071,2.03657,0.66528,12.849,1,0.345335,3.45073,0,195.172,3.01311,195.264,0.84672,12.849,0.84672,3695.15,0,36.966,0.258209,3.68107,1.75335,12.8174,0.75122,17.2424,0.42336,36.966,0.42336,423.524,0,1.02816,0,0,4.70923,3.68107,1.028160,1,0,214.543,0,0,0,214.543,0
72.29,2.02223,0,0,7.69617,0.290698,5.38324,3.6288,61.308,0.465151,0,0,3.23738,0.143964,2.62827,0.66528,12.849,1,0.359435,5.38324,0,259.337,3.81933,260.541,0.84672,12.849,0.84672,3695.15,0,36.966,0.280465,3.86934,1.75352,14.8472,0.869942,19.3197,0.42336,36.966,0.42336,423.524,0,1.02816,0,0,4.8975,3.86934,1.028160,1,0,282.489,0,0,0,282.489,0
72.29,2.07324,0,0,5.4217,0.275282,3.07318,3.6288,61.308,0.428247,0,0,3.26672,0.135239,2.70324,0.66528,12.849,1,0.368503,3.07318,0,130.556,4.20105,129.06,0.84672,12.849,0.84672,3695.15,0,36.966,0.258214,3.54626,1.81674,14.5977,0.865859,18.8366,0.42336,36.966,0.42336,423.524,0,1.02816,0,0,4.57442,3.54626,1.028160,1,0,150.6,0,0,0,150.6,0
72.29,2.07403,0,0,4.46392,0.275282,2.11461,3.6288,61.308,0.428247,0,0,3.07544,0.135239,2.51196,0.66528,12.849,1,0.368643,2.11461,0,160.485,4.20105,158.029,0.84672,12.849,0.84672,3695.15,0,36.966,0.258214,4.10302,1.7823,13.4897,0.865859,18.251,0.42336,36.966,0.42336,423.524,0,1.02816,0,0,5.13118,4.10302,1.028160,1,0,178.792,0,0,0,178.792,0
72.29,2.07481,0,0,3.33205,0.263718,0.993518,3.6288,61.308,0.428247,0,0,2.06547,0.103638,1.53358,0.66528,12.849,1,0.368783,0.993518,0,119.16,3.33771,116.447,0.84672,12.849,0.84672,3695.15,0,36.966,0.258214,2.85134,1.78247,9.5421,0.745084,13.1726,0.42336,36.966,0.42336,423.524,0,1.02816,0,0,3.8795,2.85134,1.028160,1,0,131.154,0,0,0,131.154,0
72.29,2.04485,0,0,3.3163,0.211294,1.06015,3.6288,61.308,0.413898,0,0,1.94811,0.136121,1.39809,0.66528,12.849,1,0.363457,1.06015,0,102.083,3.35563,99.4244,0.84672,12.849,0.84672,3695.15,0,36.966,0.249562,2.90003,1.78265,8.37268,0.833751,11.972,0.42336,36.966,0.42336,423.524,0,1.02816,0,0,3.92819,2.90003,1.028160,1,0,112.795,0,0,0,112.795,0
72.29,2.0261,0,0,3.82527,0.204781,1.59439,3.6288,61.308,0.428244,0,0,2.33273,0.196934,1.70755,0.66528,12.849,1,0.360125,1.59439,0,100.905,3.78074,98.3584,0.84672,12.849,0.84672,3695.15,0,36.966,0.258212,3.59539,1.75826,8.74584,0.911233,12.93,0.42336,36.966,0.42336,423.524,0,1.02816,0,0,4.62355,3.59539,1.028160,1,0,112.996,0,0,0,112.996,0
72.29,2.02688,0,0,3.55145,0.204781,1.31979,3.6288,61.308,0.428244,0,0,2.19093,0.196934,1.56575,0.66528,12.849,1,0.360263,1.31979,0,90.0323,3.78074,87.2111,0.84672,12.849,0.84672,3695.15,0,36.966,0.258212,3.34542,1.77189,8.17379,0.911233,12.1216,0.42336,36.966,0.42336,423.524,0,1.02816,0,0,4.37358,3.34542,1.028160,1,0,100.898,0,0,0,100.898,0
72.29,2.02766,0,0,3.25361,0.204781,1.02117,3.6288,61.308,0.428244,0,0,2.05103,0.196934,1.42585,0.66528,12.849,1,0.360401,1.02117,0,85.9213,3.78074,82.8014,0.84672,12.849,0.84672,3695.15,0,36.966,0.258212,3.21182,1.77206,7.74153,0.911233,11.556,0.42336,36.966,0.42336,423.524,0,1.02816,0,0,4.23998,3.21182,1.028160,1,0,95.7832,0,0,0,95.7832,0
72.29,2.1329,0,0,2.95539,0.204781,0.617711,3.6288,61.308,0.479175,0,0,1.73153,0.196934,1.05542,0.66528,12.849,1,0.379106,0.617711,0,77.9648,3.78074,74.4226,0.84672,12.849,0.84672,3695.15,0,36.966,0.288921,2.67026,1.77223,6.96228,0.911233,10.2046,0.42336,36.966,0.42336,423.524,0,1.02816,0,0,3.69842,2.67026,1.028160,1,0,85.6827,0,0,0,85.6827,0
72.2032,2.20302,0,0,2.67462,0.195502,0.36288,3.6288,61.308,0.428256,0,0,1.50813,0.205956,0.873917,0.66528,12.849,1,0.39157,0.36288,0,66.6693,4.28934,62.3512,0.84672,12.849,0.84672,3695.15,0,36.966,0.258219,1.77628,1.85854,5.48059,1.07401,7.78318,0.42336,36.966,0.42336,423.524,0,1.02816,0,0,2.80444,1.77628,1.028160,1,0,71.0083,0,0,0,71.0083,0
72.1231,2.20343,0,0,2.64305,0.156844,0.36288,3.6288,61.308,0.428256,0,0,1.65669,0.210162,1.01827,0.66528,12.849,1,0.392114,0.36288,0,65.6367,4.5778,61.0297,0.84672,12.849,0.84672,3695.15,0,36.966,0.258219,2.42417,1.81095,5.7515,1.16296,8.56545,0.42336,36.966,0.42336,423.524,0,1.02816,0,0,3.45233,2.42417,1.028160,1,0,70.6134,0,0,0,70.6134,0
71.8656,2.20388,0,0,2.40278,0.0934846,0.36288,3.6288,61.308,0.428256,0,0,1.40576,0.232691,0.744816,0.66528,12.849,1,0.392629,0.36288,0,62.1473,4.88009,57.2375,0.84672,12.849,0.84672,3695.15,0,36.966,0.258219,2.04325,1.81113,5.14546,1.22377,7.51785,0.42336,36.966,0.42336,423.524,0,1.02816,0,0,3.07141,2.04325,1.028160,1,0,65.5002,0,0,0,65.5002,0
71.4146,2.2035,0,0,2.20869,0.0933018,0.36288,3.6288,61.308,0.428256,0,0,1.13328,0.232691,0.472336,0.66528,12.849,1,0.393968,0.36288,0,56.9811,4.88009,52.07,0.84672,12.849,0.84672,3695.15,0,36.966,0.258219,1.59189,1.81131,4.66239,1.22377,6.5836,0.42336,36.966,0.42336,423.524,0,1.02816,0,0,2.62005,1.59189,1.028160,1,0,59.1259,0,0,0,59.1259,0
70.8727,2.18156,0,0,2.10566,0.103183,0.36288,3.6288,61.308,0.45628,0,0,1.10695,0.236067,0.414601,0.66528,12.849,1,0.392509,0.36288,0,50.8158,4.65769,46.1285,0.84672,12.849,0.84672,3695.15,0,36.966,0.275116,1.5393,1.81149,5.32693,1.20803,7.19458,0.42336,36.966,0.42336,423.524,0,1.02816,0,0,2.56746,1.5393,1.028160,1,0,53.7377,0,0,0,53.7377,0
70.0589,2.21786,0,0,1.8833,0.116368,0.36288,3.6288,61.308,0.428262,0,0,1.277,0.24057,0.608169,0.66528,12.849,1,0.402091,0.36288,0,45.4242,4.36117,41.0238,0.84672,12.849,0.84672,3695.15,0,36.966,0.258223,1.45097,1.84181,6.19995,1.18704,8.04747,0.42336,36.966,0.42336,423.524,0,1.02816,0,0,2.47913,1.45097,1.028160,1,0,49.6794,0,0,0,49.6794,0
69.1253,2.21473,0,0,1.75962,0.115576,0.36288,3.6288,61.308,0.428262,0,0,1.28085,0.24057,0.612022,0.66528,12.849,1,0.406188,0.36288,0,42.0765,4.36117,37.6721,0.84672,12.849,0.84672,3695.15,0,36.966,0.258223,1.57035,1.81571,5.73178,1.18704,7.67258,0.42336,36.966,0.42336,423.524,0,1.02816,0,0,2.59851,1.57035,1.028160,1,0,45.9567,0,0,0,45.9567,0
68.0914,2.21092,0,0,1.65375,0.113884,0.36288,3.6288,61.308,0.428262,0,0,1.25244,0.247426,0.576749,0.66528,12.849,1,0.410965,0.36288,0,39.1363,4.4475,34.6407,0.84672,12.849,0.84672,3695.15,0,36.966,0.258223,1.52519,1.81589,5.59333,1.20775,7.46844,0.42336,36.966,0.42336,423.524,0,1.02816,0,0,2.55335,1.52519,1.028160,1,0,42.6859,0,0,0,42.6859,0
66.9713,2.25945,0,0,1.61008,0.107857,0.36288,3.6288,61.308,0.45326,0,0,1.17774,0.288565,0.43592,0.66528,12.849,1,0.426363,0.36288,0,37.3067,4.96545,32.2777,0.84672,12.849,0.84672,3695.15,0,36.966,0.273296,1.35807,1.81608,5.43795,1.33202,7.00678,0.42336,36.966,0.42336,423.524,0,1.02816,0,0,2.38623,1.35807,1.028160,1,0,39.7204,0,0,0,39.7204,0
65.7419,2.28791,0,0,1.52582,0.104372,0.36288,3.6288,61.308,0.428268,0,0,1.09382,0.313716,0.35184,0.66528,12.849,1,0.438954,0.36288,0,39.758,5.57056,34.1114,0.84672,12.849,0.84672,3695.15,0,36.966,0.258227,1.06599,1.85901,4.93545,1.43858,6.16365,0.42336,36.966,0.42336,423.524,0,1.02816,0,0,2.09415,1.06599,1.028160,1,0,40.6268,0,0,0,40.6268,0
64.4145,2.28187,0,0,1.42072,0.103358,0.36288,3.6288,61.308,0.428268,0,0,0.948974,0.313716,0.20699,0.66528,12.849,1,0.445982,0.36288,0,33.6644,5.57056,28.0107,0.84672,12.849,0.84672,3695.15,0,36.966,0.258227,1.23555,1.83576,4.98096,1.43858,6.35546,0.42336,36.966,0.42336,423.524,0,1.02816,0,0,2.26371,1.23555,1.028160,1,0,34.5732,0,0,0,34.5732,0
62.9879,2.27503,0,0,1.31354,0.102262,0.36288,3.6288,61.308,0.428268,0,0,0.880036,0.313716,0.138051,0.66528,12.849,1,0.453809,0.36288,0,32.281,5.57056,26.6195,0.84672,12.849,0.84672,3695.15,0,36.966,0.258227,0.960051,1.83594,4.33089,1.43858,5.43008,0.42336,36.966,0.42336,423.524,0,1.02816,0,0,1.98821,0.960051,1.028160,1,0,32.1877,0,0,0,32.1877,0
61.4506,2.42059,0,0,1.34273,0.0965305,0.36288,3.6288,61.308,0.518577,0,0,0.977314,0.316306,0.14243,0.66528,12.849,1,0.493779,0.36288,0,30.7026,5.64534,24.9263,0.84672,12.849,0.84672,3695.15,0,36.966,0.312679,1.22833,1.83613,5.35696,1.45352,6.65523,0.42336,36.966,0.42336,423.524,0,1.02816,0,0,2.25649,1.22833,1.028160,1,0,31.724,0,0,0,31.724,0
59.8449,2.43842,0,0,1.31234,0.116739,0.36288,3.6288,61.308,0.498083,0,0,0.909092,0.314126,0.0968832,0.66528,12.849,1,0.509861,0.36288,0,27.1585,6.00773,21.0038,0.84672,12.849,0.84672,3695.15,0,36.966,0.300322,1.22025,1.98274,5.80567,1.44482,7.26352,0.42336,36.966,0.42336,423.524,0,1.02816,0,0,2.24841,1.22025,1.028160,1,0,28.3642,0,0,0,28.3642,0
58.2354,2.4277,0,0,1.31685,0.135769,0.36288,3.6288,61.308,0.498337,0,0,0.955506,0.3298,0.127369,0.66528,12.849,1,0.521239,0.36288,0,27.7767,6.21884,21.3995,0.84672,12.849,0.84672,3695.15,0,36.966,0.300475,1.51469,1.96371,5.34322,1.41111,7.11003,0.42336,36.966,0.42336,423.524,0,1.02816,0,0,2.54285,1.51469,1.028160,1,0,28.6369,0,0,0,28.6369,0
56.379,2.41644,0,0,1.05656,0.133676,0.36288,3.6288,61.231,0.498591,0,0,0.751352,0.3298,0,0.66528,12.849,1,0.53316,0.36288,0,32.6714,6.21884,26.2823,0.84672,12.849,0.84672,3695.15,0,36.966,0.300628,1.01164,1.96415,4.43857,1.41111,5.70262,0.42336,36.966,0.42336,423.524,0,1.02816,0,0,2.0398,1.01164,1.028160,1,0,31.9849,0,0,0,31.9849,0
54.7335,2.40268,0,0,1.25131,0.131262,0.36288,3.6288,61.308,0.498609,0,0,1.14691,0.32964,0.24162,0.66528,12.849,1,0.54758,0.36288,0,28.0428,6.21884,21.6393,0.84672,12.849,0.84672,3695.15,0,36.966,0.301017,2.04029,1.96459,6.00223,1.41111,8.29498,0.42336,36.966,0.42336,423.524,0,1.02816,0,0,3.06845,2.04029,1.028160,1,0,30.1759,0,0,0,30.1759,0
52.8722,2.31696,0,0,0.94773,0.129175,0.36288,3.6288,61.2772,0.444224,0,0,0.745999,0.332575,0,0.66528,12.849,1,0.543919,0.36288,0,24.6899,6.01593,18.493,0.84672,12.849,0.84672,3695.15,0,36.966,0.267847,1.28981,1.96503,5.65172,1.33929,7.29941,0.42336,36.966,0.42336,423.524,0,1.02816,0,0,2.31797,1.28981,1.028160,1,0,25.7924,0,0,0,25.7924,0
50.7501,2.30207,0,0,0.691209,0.148388,0.36288,3.6288,61.007,0.444382,0,0,0.517008,0.342876,0,0.66528,12.849,1,0.559448,0.36288,0,14.6181,5.98998,8.43155,0.84672,12.849,0.84672,3695.15,0,36.966,0.268077,0.943764,1.88063,4.4047,1.35468,5.60634,0.42336,36.966,0.42336,423.524,0,1.02816,0,0,1.97192,0.943764,1.028160,1,0,14.0379,0,0,0,14.0379,0
48.8362,2.28391,0,0,0.911027,0.178098,0.36288,3.6288,60.7919,0.443884,0,0,0.543549,0.314739,0,0.66528,12.849,1,0.578244,0.36288,0,14.7834,5.76912,8.7989,0.84672,12.849,0.84672,3695.15,0,36.966,0.268963,1.08298,1.88105,3.54269,1.27882,4.95894,0.42336,36.966,0.42336,423.524,0,1.02816,0,0,2.11114,1.08298,1.028160,1,0,13.7578,0,0,0,13.7578,0
47.3324,2.26647,0,0,1.30008,0.17451,0.36288,3.6288,60.9286,0.443534,0,0,0.894599,0.31431,0,0.66528,12.849,1,0.596318,0.36288,0,27.3447,5.76912,21.3421,0.84672,12.849,0.84672,3695.15,0,36.966,0.269702,2.53632,1.88147,6.6414,1.27882,9.51068,0.42336,36.966,0.42336,423.524,0,1.02816,0,0,3.56448,2.53632,1.028160,1,0,30.8528,0,0,0,30.8528,0
45.6807,2.1939,0,0,1.09102,0.185974,0.36288,3.6288,60.9085,0.394274,0,0,0.683091,0.308925,0,0.66528,12.849,1,0.595562,0.36288,0,36.6056,5.75611,30.6168,0.84672,12.849,0.84672,3695.15,0,36.966,0.23921,1.67137,1.88189,4.3784,1.28466,6.40779,0.42336,36.966,0.42336,423.524,0,1.02816,0,0,2.69953,1.67137,1.028160,1,0,37.0246,0,0,0,37.0246,0
44.4029,2.1365,0,0,1.42778,0.20618,0.36288,3.6288,61.0174,0.427212,0,0,0.75848,0.22243,0,0.66528,12.849,1,0.600951,0.36288,0,31.1347,4.66001,26.2366,0.84672,12.849,0.84672,3695.15,0,36.966,0.259279,0.636829,1.80653,4.99689,1.18496,5.99602,0.42336,36.966,0.42336,423.524,0,1.02816,0,0,1.66499,0.636829,1.028160,1,0,32.2326,0,0,0,32.2326,0
43.2065,2.12385,0,0,1.48352,0.193263,0.36288,3.6288,60.7343,0.641301,0,0,0.572047,0.213824,0,0.66528,12.849,1,0.614586,0.36288,0,35.0113,4.49032,30.2692,0.84672,12.849,0.84672,3695.15,0,36.966,0.388518,0.216518,1.83774,5.01566,1.1625,5.51889,0.42336,36.966,0.42336,423.524,0,0.684832,0,0,0.901351,0.216518,1.028160,1,0,35.7881,0,0,0,35.7881,0
44.225,2.1115,0,0,3.68353,0.190637,0.36288,3.6288,61.308,0.426749,0,0,1.51724,0.213441,0.303336,0.66528,12.849,1,0.627931,0.36288,0,57.8102,4.49032,53.0548,0.84672,12.849,0.84672,3695.15,0,36.966,0.259741,1.46356,1.83792,7.67261,1.1625,9.55184,0.42336,36.966,0.42336,423.524,0,1.02816,0,0,2.49172,1.46356,1.028160,1,0,62.91,0,0,0,62.91,0
46.8356,1.96055,0,0,5.12697,0.192873,0.36288,3.6288,61.308,0.324048,0,0,2.1041,0.214218,1.56583,0.66528,12.849,1,0.569612,0.36288,0,87.2546,4.49032,82.5575,0.84672,12.849,0.84672,3695.15,0,36.966,0.195387,3.43134,1.83811,10.3916,1.1625,14.3032,0.42336,36.966,0.42336,423.524,0,1.02816,0,0,4.4595,3.43134,1.028160,1,0,98.4265,0,0,0,98.4265,0
48.2467,1.85511,0,0,3.86516,0.236092,0.36288,3.6288,61.308,0.428242,0,0,1.46083,0.22599,0.806602,0.66528,12.849,1,0.508936,0.36288,0,76.5514,4.26673,72.1386,0.84672,12.849,0.84672,3695.15,0,36.966,0.258211,1.62476,1.66982,7.65366,1.06625,9.62378,0.42336,36.966,0.42336,423.524,0,1.02816,0,0,2.65292,1.62476,1.028160,1,0,82.569,0,0,0,82.569,0
48.9203,1.86759,0,0,3.14296,0.238868,0.36288,3.6288,61.308,0.428242,0,0,1.26837,0.222675,0.617452,0.66528,12.849,1,0.497373,0.36288,0,98.7803,4.42145,94.2243,0.84672,12.849,0.84672,3695.15,0,36.966,0.258211,2.16618,1.76773,8.65979,1.10542,11.2301,0.42336,36.966,0.42336,423.524,0,1.02816,0,0,3.19434,2.16618,1.028160,1,0,106.072,0,0,0,106.072,0
51.2309,1.87373,0,0,4.78783,0.24062,0.36288,3.6288,61.308,0.428242,0,0,1.37957,0.222675,0.728648,0.66528,12.849,1,0.492138,0.36288,0,93.7457,4.42145,89.195,0.84672,12.849,0.84672,3695.15,0,36.966,0.258211,3.01567,1.7679,9.67481,1.10542,13.0948,0.42336,36.966,0.42336,423.524,0,1.02816,0,0,4.04383,3.01567,1.028160,1,0,103.018,0,0,0,103.018,0
54.2013,1.8922,0,0,5.47027,0.244805,0.36288,3.6288,61.308,0.428243,0,0,1.5282,0.22341,0.876547,0.66528,12.849,1,0.474575,0.36288,0,99.5388,4.31518,95.112,0.84672,12.849,0.84672,3695.15,0,36.966,0.258211,2.94119,1.76807,10.3771,1.09229,13.7358,0.42336,36.966,0.42336,423.524,0,1.02816,0,0,3.96935,2.94119,1.028160,1,0,109.724,0,0,0,109.724,0
59.6797,1.9135,0,0,8.03601,0.281213,0.36288,3.6288,61.308,0.428034,0,0,2.18538,0.208999,1.54835,0.66528,12.849,1,0.453615,0.36288,0,110.474,3.52881,106.854,0.84672,12.849,0.84672,3695.15,0,36.966,0.258086,2.70936,1.76825,13.9871,1.06936,17.1373,0.42336,36.966,0.42336,423.524,0,1.02816,0,0,3.73752,2.70936,1.028160,1,0,125.54,0,0,0,125.54,0
59.1209,2.01485,0,0,2.1166,0.297707,0.36288,3.6288,61.308,0.45845,0,0,1.03387,0.212165,0.363256,0.66528,12.849,1,0.433795,0.36288,0,40.7542,3.84579,36.8375,0.84672,12.849,0.84672,3695.15,0,36.966,0.276425,1.02218,1.76805,7.81842,1.05279,9.27943,0.42336,36.966,0.42336,423.524,0,1.02816,0,0,2.05034,1.02218,1.028160,1,0,46.4802,0,0,0,46.4802,0
59.8966,2.052,0,0,3.46639,0.275784,0.36288,3.6288,61.308,0.428241,0,0,1.3456,0.17235,0.745011,0.66528,12.849,1,0.44597,0.36288,0,76.6443,3.00321,73.558,0.84672,12.849,0.84672,3695.15,0,36.966,0.25821,1.15737,1.821,8.69763,0.827902,10.5899,0.42336,36.966,0.42336,423.524,0,1.02816,0,0,2.18553,1.15737,1.028160,1,0,84.8929,0,0,0,84.8929,0
59.9552,2.0575,0,0,2.75677,0.277847,0.36288,3.6288,61.308,0.428241,0,0,1.0843,0.17235,0.483711,0.66528,12.849,1,0.441374,0.36288,0,71.6567,3.00321,68.575,0.84672,12.849,0.84672,3695.15,0,36.966,0.25821,0.710562,1.79283,6.84862,0.827902,8.2659,0.42336,36.966,0.42336,423.524,0,1.02816,0,0,1.73872,0.710562,1.028160,1,0,77.3246,0,0,0,77.3246,0
59.52,2.0586,0,0,2.26429,0.278002,0.36288,3.6288,61.308,0.428241,0,0,0.968795,0.17235,0.368203,0.66528,12.849,1,0.441179,0.36288,0,44.2026,3.00321,41.1211,0.84672,12.849,0.84672,3695.15,0,36.966,0.25821,0.510425,1.793,5.65065,0.827902,6.86796,0.42336,36.966,0.42336,423.524,0,1.02816,0,0,1.53859,0.510425,1.028160,1,0,48.3572,0,0,0,48.3572,0
59.0306,2.2707,0,0,2.4261,0.281851,0.36288,3.6288,61.308,0.541751,0,0,0.936196,0.180641,0.213804,0.66528,12.849,1,0.490192,0.36288,0,41.9843,2.93849,38.9185,0.84672,12.849,0.84672,3695.15,0,36.966,0.326652,0.777125,1.79317,5.43034,0.933031,6.74095,0.42336,36.966,0.42336,423.524,0,1.02816,0,0,1.80528,0.777125,1.028160,1,0,45.8732,0,0,0,45.8732,0
59.2596,2.40513,0,0,3.27943,0.282519,0.36288,3.6288,61.308,0.437723,0,0,0.944914,0.183957,0.323234,0.66528,12.849,1,0.523516,0.36288,0,62.3983,2.9126,59.325,0.84672,12.849,0.84672,3695.15,0,36.966,0.263927,1.21644,1.98268,6.2108,0.975083,8.17091,0.42336,36.966,0.42336,423.524,0,1.02816,0,0,2.2446,1.21644,1.028160,1,0,67.8192,0,0,0,67.8192,0
58.876,2.40731,0,0,2.66976,0.283144,0.36288,3.6288,61.308,0.437954,0,0,0.965598,0.183957,0.343687,0.66528,12.849,1,0.521966,0.36288,0,42.9038,2.9126,39.8321,0.84672,12.849,0.84672,3695.15,0,36.966,0.264067,0.840879,1.88528,5.65643,0.975083,7.14344,0.42336,36.966,0.42336,423.524,0,1.02816,0,0,1.86904,0.840879,1.028160,1,0,47.3193,0,0,0,47.3193,0
60.3868,2.40503,0,0,4.53611,0.257415,0.36288,3.6288,61.308,0.438186,0,0,1.50523,0.209965,0.857075,0.66528,12.849,1,0.52487,0.36288,0,91.232,3.96188,87.1081,0.84672,12.849,0.84672,3695.15,0,36.966,0.264207,1.51465,1.88568,13.4534,1.18254,15.407,0.42336,36.966,0.42336,423.524,0,1.02816,0,0,2.54281,1.51465,1.028160,1,0,103.372,0,0,0,103.372,0
65.1819,2.11009,0,0,7.55721,0.289114,0.36288,3.6288,61.308,0.285955,0,0,4.87383,0.16644,4.42144,0.66528,12.849,1,0.448981,0.36288,0,120.511,3.1287,117.296,0.84672,12.849,0.84672,3695.15,0,36.966,0.172418,4.24324,1.88609,17.6532,0.957364,22.6527,0.42336,36.966,0.42336,423.524,0,1.02816,0,0,5.2714,4.24324,1.028160,1,0,144.37,0,0,0,144.37,0
68.4525,1.94789,0,0,5.89511,0.313724,0.36288,3.6288,61.308,0.428233,0,0,4.48134,0.151066,3.90204,0.66528,12.849,1,0.383978,0.36288,0,126.466,2.77431,123.671,0.84672,12.849,0.84672,3695.15,0,36.966,0.258206,3.46427,1.62806,15.8369,0.880014,19.7911,0.42336,36.966,0.42336,423.524,0,1.02816,0,0,4.49243,3.46427,1.028160,1,0,147.364,0,0,0,147.364,0
72.29,1.96407,0,0,7.66688,0.299957,1.56536,3.6288,61.308,0.428233,0,0,4.9178,0.139033,4.35054,0.66528,12.849,1,0.368669,1.56536,0,147.337,2.59992,145.934,0.84672,12.849,0.84672,3695.15,0,36.966,0.258206,4.06298,1.76169,17.0927,0.854964,21.8042,0.42336,36.966,0.42336,423.524,0,1.02816,0,0,5.09114,4.06298,1.028160,1,0,172.089,0,0,0,172.089,0
72.29,1.98142,0,0,6.42384,0.306917,4.1355,3.6288,61.308,0.428233,0,0,5.4614,0.183276,4.84989,0.66528,12.849,1,0.352183,4.1355,0,123.976,4.02753,123.732,0.84672,12.849,0.84672,3695.15,0,36.966,0.258206,4.88053,1.76185,16.7562,1.13259,22.0077,0.42336,36.966,0.42336,423.524,0,1.02816,0,0,5.90869,4.88053,1.028160,1,0,150.59,0,0,0,150.59,0
72.29,1.98216,0,0,7.21777,0.301631,4.93398,3.6288,61.308,0.428233,0,0,5.13308,0.158536,4.54631,0.66528,12.849,1,0.352314,4.93398,0,97.918,3.77253,98.7271,0.84672,12.849,0.84672,3695.15,0,36.966,0.258206,2.88786,1.76202,13.5283,1.00654,16.9135,0.42336,36.966,0.42336,423.524,0,1.02816,0,0,3.91602,2.88786,1.028160,1,0,120.187,0,0,0,120.187,0
72.29,2.06237,0,0,4.81264,0.297532,2.45274,3.6288,61.308,0.465571,0,0,3.91253,0.164075,3.28288,0.66528,12.849,1,0.366571,2.45274,0,73.2637,3.23253,72.1174,0.84672,12.849,0.84672,3695.15,0,36.966,0.280719,2.19053,1.76218,9.37665,0.95476,12.0939,0.42336,36.966,0.42336,423.524,0,1.02816,0,0,3.21869,2.19053,1.028160,1,0,87.4941,0,0,0,87.4941,0
72.29,2.11394,0,0,4.64206,0.297532,2.23058,3.6288,61.308,0.428241,0,0,3.58578,0.164075,2.99346,0.66528,12.849,1,0.375738,2.23058,0,85.3926,3.23253,84.0149,0.84672,12.849,0.84672,3695.15,0,36.966,0.258211,1.96783,1.82612,8.71534,0.95476,11.2963,0.42336,36.966,0.42336,423.524,0,1.02816,0,0,2.99599,1.96783,1.028160,1,0,98.3047,0,0,0,98.3047,0
72.29,2.11471,0,0,4.01837,0.297532,1.60613,3.6288,61.308,0.428241,0,0,2.88573,0.164075,2.29342,0.66528,12.849,1,0.375874,1.60613,0,59.4734,3.23253,57.4712,0.84672,12.849,0.84672,3695.15,0,36.966,0.258211,2.45989,1.79128,7.08877,0.95476,10.127,0.42336,36.966,0.42336,423.524,0,1.02816,0,0,3.48805,2.45989,1.028160,1,0,69.8916,0,0,0,69.8916,0
72.29,2.11548,0,0,4.0229,0.277428,1.62999,3.6288,61.308,0.428242,0,0,2.50534,0.119843,1.95726,0.66528,12.849,1,0.37601,1.62999,0,64.9668,2.35571,63.865,0.84672,12.849,0.84672,3695.15,0,36.966,0.258211,2.20863,1.79144,5.57743,0.831892,8.4874,0.42336,36.966,0.42336,423.524,0,1.02816,0,0,3.23679,2.20863,1.028160,1,0,74.3097,0,0,0,74.3097,0
72.29,2.08514,0,0,3.6458,0.293585,1.26708,3.6288,61.308,0.413727,0,0,1.72283,0.181405,1.1277,0.66528,12.849,1,0.370618,1.26708,0,59.9254,3.38811,57.4338,0.84672,12.849,0.84672,3695.15,0,36.966,0.249459,1.98151,1.79161,8.72096,0.908357,11.3363,0.42336,36.966,0.42336,423.524,0,1.02816,0,0,3.00967,1.98151,1.028160,1,0,69.8977,0,0,0,69.8977,0
72.29,2.06615,0,0,3.66554,0.264338,1.33505,3.6288,61.308,0.428238,0,0,1.58136,0.147039,1.00608,0.66528,12.849,1,0.367242,1.33505,0,62.0546,2.63869,60.3837,0.84672,12.849,0.84672,3695.15,0,36.966,0.258209,1.89099,1.76694,6.55828,0.821133,9.13687,0.42336,36.966,0.42336,423.524,0,1.02816,0,0,2.91915,1.89099,1.028160,1,0,70.5266,0,0,0,70.5266,0
72.29,2.0669,0,0,3.19636,0.209482,0.919977,3.6288,61.308,0.428239,0,0,1.51586,0.206243,0.881381,0.66528,12.849,1,0.367376,0.919977,0,53.0493,3.40316,50.1987,0.84672,12.849,0.84672,3695.15,0,36.966,0.258209,1.49215,1.78072,5.71711,1.03499,7.69679,0.42336,36.966,0.42336,423.524,0,1.02816,0,0,2.52031,1.49215,1.028160,1,0,58.7769,0,0,0,58.7769,0
72.29,2.06766,0,0,2.98823,0.209482,0.711092,3.6288,61.308,0.428239,0,0,1.59729,0.206243,0.962813,0.66528,12.849,1,0.36751,0.711092,0,51.26,3.40316,48.2004,0.84672,12.849,0.84672,3695.15,0,36.966,0.258209,1.90872,1.78089,5.82646,1.03499,8.22287,0.42336,36.966,0.42336,423.524,0,1.02816,0,0,2.93688,1.90872,1.028160,1,0,57.3861,0,0,0,57.3861,0
72.29,2.17407,0,0,3.10328,0.179309,0.749899,3.6288,61.308,0.479754,0,0,1.51171,0.196409,0.835552,0.66528,12.849,1,0.386425,0.749899,0,57.2861,3.68323,53.9664,0.84672,12.849,0.84672,3695.15,0,36.966,0.28927,1.86202,1.78106,6.30816,0.984891,8.67708,0.42336,36.966,0.42336,423.524,0,1.02816,0,0,2.89018,1.86202,1.028160,1,0,63.479,0,0,0,63.479,0
72.29,2.24497,0,0,2.82665,0.156679,0.425009,3.6288,61.308,0.42825,0,0,1.40009,0.189034,0.782811,0.66528,12.849,1,0.399026,0.425009,0,46.2913,3.89329,42.424,0.84672,12.849,0.84672,3695.15,0,36.966,0.258215,1.68341,1.86834,6.21562,0.947315,8.56185,0.42336,36.966,0.42336,423.524,0,1.02816,0,0,2.71157,1.68341,1.028160,1,0,51.7687,0,0,0,51.7687,0
71.9665,2.24576,0,0,2.44182,0.156679,0.36288,3.6288,61.308,0.42825,0,0,1.21955,0.189034,0.602269,0.66528,12.849,1,0.399167,0.36288,0,41.7553,3.89329,37.8257,0.84672,12.849,0.84672,3695.15,0,36.966,0.258216,1.44105,1.8202,5.66458,0.947315,7.7203,0.42336,36.966,0.42336,423.524,0,1.02816,0,0,2.46921,1.44105,1.028160,1,0,46.1483,0,0,0,46.1483,0
71.3699,2.24503,0,0,2.16765,0.156294,0.36288,3.6288,61.308,0.42825,0,0,1.04894,0.189034,0.431655,0.66528,12.849,1,0.400831,0.36288,0,39.5133,3.89329,35.5821,0.84672,12.849,0.84672,3695.15,0,36.966,0.258216,1.26956,1.82038,5.60144,0.947315,7.48585,0.42336,36.966,0.42336,423.524,0,1.02816,0,0,2.29772,1.26956,1.028160,1,0,43.4996,0,0,0,43.4996,0
70.5299,2.24298,0,0,1.91245,0.14659,0.36288,3.6288,61.308,0.42825,0,0,0.964466,0.198455,0.337762,0.66528,12.849,1,0.403813,0.36288,0,33.2008,3.91505,29.2448,0.84672,12.849,0.84672,3695.15,0,36.966,0.258216,1.05433,1.82055,4.79159,0.966823,6.44143,0.42336,36.966,0.42336,423.524,0,1.02816,0,0,2.08249,1.05433,1.028160,1,0,36.024,0,0,0,36.024,0
69.4047,2.21887,0,0,1.57984,0.123305,0.36288,3.6288,61.308,0.466511,0,0,0.690742,0.222006,0.00222495,0.66528,12.849,1,0.404228,0.36288,0,24.0801,3.96942,20.0693,0.84672,12.849,0.84672,3695.15,0,36.966,0.281286,0.30119,1.82073,2.87962,1.01559,3.70466,0.42336,36.966,0.42336,423.524,0,1.01226,0,0,1.31345,0.30119,1.028160,1,0,23.7762,0,0,0,23.7762,0
68.111,2.25246,0,0,1.44386,0.122238,0.36288,3.6288,61.1995,0.532402,0,0,0.645952,0.222006,0,0.66528,12.849,1,0.417001,0.36288,0,22.6495,3.96942,18.626,0.84672,12.849,0.84672,3695.15,0,36.966,0.321015,0.261274,1.85139,2.74018,1.01559,3.51623,0.42336,36.966,0.42336,423.524,0,0.861218,0,0,1.12249,0.261274,1.028160,1,0,22.1422,0,0,0,22.1422,0
66.7266,2.24658,0,0,1.32766,0.102574,0.36288,3.6288,61.0144,0.531574,0,0,0.612113,0.2657,0,0.66528,12.849,1,0.423813,0.36288,0,20.2789,4.53402,15.684,0.84672,12.849,0.84672,3695.15,0,36.966,0.321083,0.261274,1.82498,2.60904,1.22168,3.15253,0.42336,36.966,0.42336,423.524,0,0.861978,0,0,1.12325,0.261274,1.028160,1,0,18.8365,0,0,0,18.8365,0
65.2808,2.24,0,0,1.24483,0.0877835,0.36288,3.6288,60.7425,0.548195,0,0,0.574575,0.298235,0,0.66528,12.849,1,0.431338,0.36288,0,18.2263,4.95747,13.2004,0.84672,12.849,0.84672,3695.15,0,36.966,0.332128,0.261274,1.82516,2.51407,1.37625,2.89212,0.42336,36.966,0.42336,423.524,0,0.834313,0,0,1.09559,0.261274,1.028160,1,0,16.0925,0,0,0,16.0925,0
63.9018,2.28601,0,0,1.35373,0.0838898,0.36288,3.6288,60.4364,0.499443,0,0,0.511279,0.317926,0,0.66528,12.849,1,0.449947,0.36288,0,19.9314,5.56074,14.2836,0.84672,12.849,0.84672,3695.15,0,36.966,0.303945,0.261274,1.82534,2.59309,1.48939,2.88637,0.42336,36.966,0.42336,423.524,0,0.951774,0,0,1.21305,0.261274,1.028160,1,0,17.17,0,0,0,17.17,0
62.4125,2.31246,0,0,1.26858,0.0824866,0.36288,3.6288,60.1097,0.478413,0,0,0.472326,0.32067,0,0.66528,12.849,1,0.464976,0.36288,0,19.1663,5.66128,13.4029,0.84672,12.849,0.84672,3695.15,0,36.966,0.292622,0.261274,1.86876,2.67276,1.50824,3.00192,0.42336,36.966,0.42336,423.524,0,0.943609,0,0,1.20488,0.261274,1.028160,1,0,16.4048,0,0,0,16.4048,0
60.8127,2.30406,0,0,1.14863,0.0814912,0.36288,3.6288,59.7084,0.532511,0,0,0.451283,0.320004,0,0.66528,12.849,1,0.474341,0.36288,0,18.0511,5.66128,12.2784,0.84672,12.849,0.84672,3695.15,0,36.966,0.327482,0.227405,1.84523,2.48508,1.50824,2.72199,0.42336,36.966,0.42336,423.524,0,0.854651,0,0,1.08206,0.227405,1.028160,1,0,15.0004,0,0,0,15.0004,0
59.0928,2.29455,0,0,1.00451,0.0669997,0.36288,3.6288,59.2878,0.541809,0,0,0.448083,0.326877,0,0.66528,12.849,1,0.484811,0.36288,0,17.1884,5.88561,11.1809,0.84672,12.849,0.84672,3695.15,0,36.966,0.335438,0.227405,1.84541,2.51167,1.55306,2.69598,0.42336,36.966,0.42336,423.524,0,0.837397,0,0,1.0648,0.227405,1.028160,1,0,13.8769,0,0,0,13.8769,0
57.1895,2.43705,0,0,0.969132,0.0725001,0.36288,3.6288,58.6808,0.701553,0,0,0.41138,0.31689,0,0.66528,12.849,1,0.529906,0.36288,0,16.9914,6.00665,10.8178,0.84672,12.849,0.84672,3695.15,0,36.966,0.42336,0.227405,1.84559,2.21529,1.47034,2.39457,0.42336,36.966,0.42336,423.524,0,0.736137,0,0,0.963541,0.227405,1.028160,1,0,13.2123,0,0,0,13.2123,0
55.4895,2.43473,0,0,1.1671,0.0694389,0.36288,3.6288,58.217,0.611955,0,0,0.468367,0.320209,0,0.66528,12.849,1,0.54702,0.36288,0,22.0666,6.30388,15.5785,0.84672,12.849,0.84672,3695.15,0,36.966,0.385501,0.227405,1.99385,2.31792,1.55769,2.59599,0.42336,36.966,0.42336,423.524,0,0.849839,0,0,1.07724,0.227405,1.028160,1,0,18.1745,0,0,0,18.1745,0
53.5969,2.42164,0,0,0.960163,0.0682788,0.36288,3.6288,57.3463,0.892513,0,0,0.3411,0.319255,0,0.66528,12.849,1,0.560747,0.36288,0,20.2164,6.30388,13.7146,0.84672,12.849,0.84672,3695.15,0,36.966,0.42336,0.204422,1.986,1.89847,1.55769,2.10784,0.42336,36.966,0.42336,423.524,0,0.531818,0,0,0.73624,0.204422,1.028160,1,0,15.8225,0,0,0,15.8225,0
51.9574,2.40618,0,0,1.19653,0.0669873,0.36288,3.6288,57.1212,0.498554,0,0,0.590888,0.317462,0,0.66528,12.849,1,0.576843,0.36288,0,19.7061,6.30388,13.1883,0.84672,12.849,0.84672,3695.15,0,36.966,0.321373,0.426773,1.98642,2.96099,1.55769,3.49512,0.42336,36.966,0.42336,423.524,0,1.02816,0,0,1.45493,0.426773,1.028160,1,0,16.6834,0,0,0,16.6834,0
50.116,2.3921,0,0,0.985271,0.0716505,0.36288,3.6288,56.6467,0.625112,0,0,0.427331,0.276702,0,0.66528,12.849,1,0.591563,0.36288,0,15.2593,5.19123,9.83936,0.84672,12.849,0.84672,3695.15,0,36.966,0.404541,0.204422,1.98685,2.87164,1.12551,3.53286,0.42336,36.966,0.42336,423.524,0,0.81883,0,0,1.02325,0.204422,1.028160,1,0,13.3722,0,0,0,13.3722,0
48.5571,2.30284,0,0,1.17555,0.0687667,0.36288,3.6288,56.3745,0.442802,0,0,0.479774,0.309158,0,0.66528,12.849,1,0.590413,0.36288,0,20.9098,6.22357,14.4587,0.84672,12.849,0.84672,3695.15,0,36.966,0.28896,0.213615,1.98728,2.42418,1.53555,2.80056,0.42336,36.966,0.42336,423.524,0,1.02816,0,0,1.24178,0.213615,1.028160,1,0,17.2593,0,0,0,17.2593,0
47.1391,2.28834,0,0,1.34913,0.115894,0.36288,3.6288,56.0984,0.473205,0,0,0.465598,0.268497,0,0.66528,12.849,1,0.605531,0.36288,0,17.9225,5.89228,11.7875,0.84672,12.849,0.84672,3695.15,0,36.966,0.310291,0.216518,1.90191,1.76697,1.42176,2.15334,0.42336,36.966,0.42336,423.524,0,0.976804,0,0,1.19332,0.216518,1.028160,1,0,13.9409,0,0,0,13.9409,0
46.4873,2.27451,0,0,2.09967,0.114112,0.36288,3.6288,56.1608,0.441555,0,0,0.771963,0.268013,0,0.66528,12.849,1,0.619978,0.36288,0,29.1345,5.89228,22.9851,0.84672,12.849,0.84672,3695.15,0,36.966,0.290962,1.0276,1.90232,3.15186,1.42176,4.36906,0.42336,36.966,0.42336,423.524,0,1.02816,0,0,2.05576,1.0276,1.028160,1,0,27.3542,0,0,0,27.3542,0
45.6743,2.26819,0,0,1.93134,0.113292,0.36288,3.6288,56.1607,0.441977,0,0,0.710005,0.268122,0,0.66528,12.849,1,0.626923,0.36288,0,52.7876,5.89228,46.6313,0.84672,12.849,0.84672,3695.15,0,36.966,0.290917,0.839411,1.90273,2.66409,1.42176,3.69355,0.42336,36.966,0.42336,423.524,0,1.02816,0,0,1.86757,0.839411,1.028160,1,0,50.3249,0,0,0,50.3249,0
44.6828,2.20158,0,0,1.73775,0.164764,0.36288,3.6288,56.1114,0.393331,0,0,0.594103,0.250051,0,0.66528,12.849,1,0.619345,0.36288,0,28.9946,5.07228,23.6659,0.84672,12.849,0.84672,3695.15,0,36.966,0.258897,0.517277,1.90313,2.3226,1.26687,3.21725,0.42336,36.966,0.42336,423.524,0,1.02816,0,0,1.54544,0.517277,1.028160,1,0,26.8831,0,0,0,26.8831,0
44.1206,2.16506,0,0,2.13005,0.16426,0.36288,3.6288,56.2308,0.413842,0,0,0.78363,0.250424,0,0.66528,12.849,1,0.622584,0.36288,0,35.838,4.76249,30.8158,0.84672,12.849,0.84672,3695.15,0,36.966,0.272638,0.926035,1.82691,5.01119,1.19674,6.29476,0.42336,36.966,0.42336,423.524,0,1.02816,0,0,1.9542,0.926035,1.028160,1,0,37.1106,0,0,0,37.1106,0
44.4733,2.15966,0,0,3.06346,0.188276,0.36288,3.6288,56.5978,0.414192,0,0,1.02243,0.24124,0,0.66528,12.849,1,0.628945,0.36288,0,53.7678,4.47653,49.0252,0.84672,12.849,0.84672,3695.15,0,36.966,0.272289,1.31705,1.84713,4.77299,1.15521,6.50967,0.42336,36.966,0.42336,423.524,0,1.02816,0,0,2.34521,1.31705,1.028160,1,0,55.5348,0,0,0,55.5348,0
48.0605,2.16428,0,0,6.32228,0.207904,0.36288,3.6288,57.6979,0.41526,0,0,1.75016,0.234768,0,0.66528,12.849,1,0.625292,0.36288,0,59.366,4.26206,54.8416,0.84672,12.849,0.84672,3695.15,0,36.966,0.271221,2.27859,1.84732,8.0458,1.12406,10.7764,0.42336,36.966,0.42336,423.524,0,1.02816,0,0,3.30675,2.27859,1.028160,1,0,65.618,0,0,0,65.618,0
52.4633,2.03409,0,0,7.01584,0.216056,0.36288,3.6288,58.5887,0.315446,0,0,1.43356,0.22733,0,0.66528,12.849,1,0.543815,0.36288,0,72.8025,4.33081,68.2908,0.84672,12.849,0.84672,3695.15,0,36.966,0.2021,2.18492,1.8475,7.67445,1.10502,10.3997,0.42336,36.966,0.42336,423.524,0,1.02816,0,0,3.21308,2.18492,1.028160,1,0,78.6905,0,0,0,78.6905,0
57.7523,1.93579,0,0,7.81358,0.225925,0.36288,3.6288,59.5441,0.420889,0,0,1.59266,0.21641,0,0.66528,12.849,1,0.474102,0.36288,0,88.1652,4.4225,83.6314,0.84672,12.849,0.84672,3695.15,0,36.966,0.265556,2.43236,1.67731,9.96157,1.07963,12.7261,0.42336,36.966,0.42336,423.524,0,1.02816,0,0,3.46052,2.43236,1.028160,1,0,96.3575,0,0,0,96.3575,0
64.7174,1.97203,0,0,9.53821,0.23824,0.36288,3.6288,61.081,0.423517,0,0,2.17814,0.21774,0,0.66528,12.849,1,0.438746,0.36288,0,145.918,4.4225,141.42,0.84672,12.849,0.84672,3695.15,0,36.966,0.262927,3.21226,1.77632,14.412,1.07963,18.058,0.42336,36.966,0.42336,423.524,0,1.02816,0,0,4.24042,3.21226,1.028160,1,0,159.478,0,0,0,159.478,0
69.7546,2.01216,0,0,7.66549,0.253179,0.36288,3.6288,61.2653,0.427639,0,0,0.831876,0.219879,0,0.66528,12.849,1,0.399495,0.36288,0,121.22,4.4225,116.761,0.84672,12.849,0.84672,3695.15,0,36.966,0.258806,1.15104,1.77648,8.60682,1.07963,10.1959,0.42336,36.966,0.42336,423.524,0,1.02816,0,0,2.1792,1.15104,1.028160,1,0,126.957,0,0,0,126.957,0
72.29,2.03727,0,0,8.75094,0.308536,3.86977,3.6288,61.2771,0.428125,0,0,0.657209,0.217355,0,0.66528,12.849,1,0.375271,3.86977,0,152.861,5.17175,151.183,0.84672,12.849,0.84672,3695.15,0,36.966,0.25832,1.04787,1.77665,7.54047,1.16988,8.93679,0.42336,36.966,0.42336,423.524,0,1.02816,0,0,2.07603,1.04787,1.028160,1,0,160.12,0,0,0,160.12,0
72.29,2.11871,0,0,6.00146,0.276662,3.60609,3.6288,61.308,0.458695,0,0,1.79033,0.204366,1.09632,0.66528,12.849,1,0.376584,3.60609,0,130.423,4.15107,129.501,0.84672,12.849,0.84672,3695.15,0,36.966,0.276713,2.49496,1.77681,8.67551,1.08433,11.5862,0.42336,36.966,0.42336,423.524,0,1.02816,0,0,3.52312,2.49496,1.028160,1,0,142.184,0,0,0,142.184,0
72.29,2.16103,0,0,5.50606,0.276662,3.06837,3.6288,61.308,0.428235,0,0,1.71987,0.204406,1.08723,0.66528,12.849,1,0.384106,3.06837,0,109.237,4.15107,107.77,0.84672,12.849,0.84672,3695.15,0,36.966,0.258207,2.22531,1.83015,8.22338,1.08433,10.9363,0.42336,36.966,0.42336,423.524,0,1.02816,0,0,3.25347,2.22531,1.028160,1,0,119.794,0,0,0,119.794,0
72.29,2.16177,0,0,4.85633,0.28334,2.41122,3.6288,61.308,0.428235,0,0,1.13114,0.202621,0.500284,0.66528,12.849,1,0.384239,2.41122,0,88.9298,4.17006,86.7867,0.84672,12.849,0.84672,3695.15,0,36.966,0.258207,1.51032,1.80166,7.64963,1.11745,9.58596,0.42336,36.966,0.42336,423.524,0,1.02816,0,0,2.53848,1.51032,1.028160,1,0,96.873,0,0,0,96.873,0
72.29,2.16252,0,0,5.51697,0.323411,3.03104,3.6288,61.308,0.428235,0,0,1.26231,0.19191,0.642167,0.66528,12.849,1,0.384371,3.03104,0,118.238,4.284,116.6,0.84672,12.849,0.84672,3695.15,0,36.966,0.258207,1.63762,1.80182,8.46685,1.31612,10.332,0.42336,36.966,0.42336,423.524,0,1.02816,0,0,2.66578,1.63762,1.028160,1,0,127.574,0,0,0,127.574,0
72.29,2.38667,0,0,4.64742,0.294513,1.96624,3.6288,61.308,0.543013,0,0,1.29099,0.177755,0.570221,0.66528,12.849,1,0.424213,1.96624,0,88.3647,3.64896,86.2578,0.84672,12.849,0.84672,3695.15,0,36.966,0.327413,1.23295,1.80199,5.57569,1.1295,7.15372,0.42336,36.966,0.42336,423.524,0,1.02816,0,0,2.26111,1.23295,1.028160,1,0,93.9817,0,0,0,93.9817,0
72.29,2.51441,0,0,3.5488,0.272839,0.761555,3.6288,61.308,0.449765,0,0,2.02118,0.167139,1.40428,0.66528,12.849,1,0.446917,0.761555,0,81.0484,3.17268,78.1903,0.84672,12.849,0.84672,3695.15,0,36.966,0.271188,1.37382,1.99361,7.64278,0.989537,9.74948,0.42336,36.966,0.42336,423.524,0,1.02816,0,0,2.40198,1.37382,1.028160,1,0,89.3441,0,0,0,89.3441,0
72.29,2.51493,0,0,4.55867,0.272839,1.77091,3.6288,61.308,0.449989,0,0,1.63009,0.167139,1.01296,0.66528,12.849,1,0.447009,1.77091,0,125.699,3.17268,123.85,0.84672,12.849,0.84672,3695.15,0,36.966,0.271324,2.58486,1.90632,9.18942,0.989537,12.4197,0.42336,36.966,0.42336,423.524,0,1.02816,0,0,3.61302,2.58486,1.028160,1,0,137.283,0,0,0,137.283,0
72.29,2.51544,0,0,4.15833,0.321294,1.32159,3.6288,61.308,0.450214,0,0,1.576,0.151387,0.974396,0.66528,12.849,1,0.447101,1.32159,0,107.337,3.28512,104.927,0.84672,12.849,0.84672,3695.15,0,36.966,0.271459,2.90538,1.90671,7.86508,0.942316,11.4634,0.42336,36.966,0.42336,423.524,0,1.02816,0,0,3.93354,2.90538,1.028160,1,0,117.364,0,0,0,117.364,0
72.29,2.19705,0,0,5.88436,0.355139,3.33217,3.6288,61.308,0.296279,0,0,1.43024,0.165182,0.968779,0.66528,12.849,1,0.390508,3.33217,0,114.681,3.21659,114.406,0.84672,12.849,0.84672,3695.15,0,36.966,0.178643,2.43637,1.9071,9.2753,0.878873,12.5613,0.42336,36.966,0.42336,423.524,0,1.02816,0,0,3.46453,2.43637,1.028160,1,0,127.936,0,0,0,127.936,0
72.29,2.01817,0,0,5.358,0.352251,2.98758,3.6288,61.308,0.428227,0,0,2.13096,0.147493,1.55524,0.66528,12.849,1,0.358715,2.98758,0,107.61,3.23368,107.006,0.84672,12.849,0.84672,3695.15,0,36.966,0.258202,3.94355,1.64619,10.776,0.792228,15.3153,0.42336,36.966,0.42336,423.524,0,1.02816,0,0,4.97171,3.94355,1.028160,1,0,123.876,0,0,0,123.876,0
72.29,2.01889,0,0,5.0224,0.352251,2.65126,3.6288,61.308,0.428227,0,0,1.59391,0.147493,1.01819,0.66528,12.849,1,0.358842,2.65126,0,85.8298,3.23368,84.8885,0.84672,12.849,0.84672,3695.15,0,36.966,0.258202,2.73509,1.77012,8.85419,0.792228,12.309,0.42336,36.966,0.42336,423.524,0,1.02816,0,0,3.76325,2.73509,1.028160,1,0,98.2156,0,0,0,98.2156,0
72.29,2.01961,0,0,3.97233,0.352251,1.60047,3.6288,61.308,0.428227,0,0,1.16879,0.147493,0.593073,0.66528,12.849,1,0.35897,1.60047,0,91.2116,3.23368,89.2194,0.84672,12.849,0.84672,3695.15,0,36.966,0.258202,1.60115,1.77028,6.73721,0.792228,9.05821,0.42336,36.966,0.42336,423.524,0,1.02816,0,0,2.62931,1.60115,1.028160,1,0,98.8707,0,0,0,98.8707,0
72.29,2.02032,0,0,2.92104,0.337943,0.562774,3.6288,61.308,0.428228,0,0,0.934502,0.151274,0.355,0.66528,12.849,1,0.359097,0.562774,0,73.9221,3.24735,70.8784,0.84672,12.849,0.84672,3695.15,0,36.966,0.258202,1.54704,1.77044,6.75982,0.818614,9.00049,0.42336,36.966,0.42336,423.524,0,1.02816,0,0,2.5752,1.54704,1.028160,1,0,80.2339,0,0,0,80.2339,0
72.29,2.10139,0,0,3.67937,0.33139,1.24659,3.6288,61.308,0.46598,0,0,1.58138,0.216077,0.899323,0.66528,12.849,1,0.373507,1.24659,0,86.4052,3.9397,83.3386,0.84672,12.849,0.84672,3695.15,0,36.966,0.280965,3.10336,1.77059,9.32843,1.06461,12.8568,0.42336,36.966,0.42336,423.524,0,1.02816,0,0,4.13152,3.10336,1.028160,1,0,97.0947,0,0,0,97.0947,0
72.29,2.15351,0,0,3.40561,0.33139,0.920714,3.6288,61.308,0.428235,0,0,1.44741,0.216077,0.803095,0.66528,12.849,1,0.38277,0.920714,0,131.566,3.9397,128.165,0.84672,12.849,0.84672,3695.15,0,36.966,0.258207,2.90975,1.83524,9.00945,1.06461,12.4316,0.42336,36.966,0.42336,423.524,0,1.02816,0,0,3.93791,2.90975,1.028160,1,0,141.399,0,0,0,141.399,0
72.29,2.15425,0,0,3.01107,0.33139,0.525434,3.6288,61.308,0.428235,0,0,1.57151,0.216077,0.9272,0.66528,12.849,1,0.382902,0.525434,0,86.9167,3.9397,83.1195,0.84672,12.849,0.84672,3695.15,0,36.966,0.258207,3.32019,1.8,8.50124,1.06461,12.2986,0.42336,36.966,0.42336,423.524,0,1.02816,0,0,4.34835,3.32019,1.028160,1,0,96.3453,0,0,0,96.3453,0
72.29,2.15499,0,0,4.2067,0.3033,1.74841,3.6288,61.308,0.428235,0,0,1.89975,0.229156,1.24236,0.66528,12.849,1,0.383034,1.74841,0,79.5076,4.05503,76.818,0.84672,12.849,0.84672,3695.15,0,36.966,0.258207,4.71871,1.80016,9.30891,1.07149,14.4981,0.42336,36.966,0.42336,423.524,0,1.02816,0,0,5.74687,4.71871,1.028160,1,0,92.5584,0,0,0,92.5584,0
72.29,2.12429,0,0,2.75262,0.247267,0.381059,3.6288,61.308,0.413561,0,0,1.15787,0.238055,0.506256,0.66528,12.849,1,0.377577,0.381059,0,56.6319,4.33514,52.3003,0.84672,12.849,0.84672,3695.15,0,36.966,0.249359,2.41399,1.80033,5.75663,1.08244,8.63915,0.42336,36.966,0.42336,423.524,0,1.02816,0,0,3.44215,2.41399,1.028160,1,0,61.4457,0,0,0,61.4457,0
71.7528,2.10506,0,0,2.1804,0.249632,0.36288,3.6288,61.308,0.428232,0,0,0.908988,0.234089,0.246667,0.66528,12.849,1,0.374158,0.36288,0,46.7786,4.33377,42.4336,0.84672,12.849,0.84672,3695.15,0,36.966,0.258205,1.7995,1.77538,4.38755,1.0814,6.62282,0.42336,36.966,0.42336,423.524,0,1.02816,0,0,2.82766,1.7995,1.028160,1,0,49.303,0,0,0,49.303,0
70.9157,2.10341,0,0,1.8778,0.248614,0.36288,3.6288,61.308,0.428232,0,0,0.843419,0.234089,0.181098,0.66528,12.849,1,0.376665,0.36288,0,41.9546,4.33377,37.6071,0.84672,12.849,0.84672,3695.15,0,36.966,0.258205,1.48897,1.7893,4.102,1.0814,6.04066,0.42336,36.966,0.42336,423.524,0,1.02816,0,0,2.51713,1.48897,1.028160,1,0,43.8288,0,0,0,43.8288,0
70.1243,2.10038,0,0,1.91885,0.247029,0.36288,3.6288,61.308,0.428233,0,0,0.783847,0.234089,0.121525,0.66528,12.849,1,0.380561,0.36288,0,42.6419,4.33377,38.2905,0.84672,12.849,0.84672,3695.15,0,36.966,0.258205,0.945181,1.78946,4.2955,1.0814,5.69054,0.42336,36.966,0.42336,423.524,0,1.02816,0,0,1.97334,0.945181,1.028160,1,0,44.1026,0,0,0,44.1026,0
69.348,2.20381,0,0,2.00104,0.210648,0.36288,3.6288,61.308,0.480315,0,0,0.787,0.244017,0.0626676,0.66528,12.849,1,0.403808,0.36288,0,43.3205,4.74679,38.5328,0.84672,12.849,0.84672,3695.15,0,36.966,0.289609,0.94595,1.78963,3.97603,1.11546,5.30654,0.42336,36.966,0.42336,423.524,0,1.02816,0,0,1.97411,0.94595,1.028160,1,0,43.902,0,0,0,43.902,0
68.3448,2.27118,0,0,1.82396,0.193088,0.36288,3.6288,61.308,0.428243,0,0,0.687131,0.243119,0.0157683,0.66528,12.849,1,0.420811,0.36288,0,35.2855,5.1136,30.114,0.84672,12.849,0.84672,3695.15,0,36.966,0.258212,0.872588,1.87787,3.3171,1.12096,4.68839,0.42336,36.966,0.42336,423.524,0,1.02816,0,0,1.90075,0.872588,1.028160,1,0,34.8181,0,0,0,34.8181,0
67.1222,2.26675,0,0,1.59164,0.184602,0.36288,3.6288,61.2706,0.428243,0,0,0.638677,0.247841,0,0.66528,12.849,1,0.426154,0.36288,0,31.5381,5.16716,26.3076,0.84672,12.849,0.84672,3695.15,0,36.966,0.258212,0.747075,1.82919,3.2083,1.13464,4.39171,0.42336,36.966,0.42336,423.524,0,1.02816,0,0,1.77523,0.747075,1.028160,1,0,30.6994,0,0,0,30.6994,0
65.856,2.26099,0,0,1.49895,0.141341,0.36288,3.6288,61.1784,0.428145,0,0,0.612071,0.276105,0,0.66528,12.849,1,0.432815,0.36288,0,28.2808,5.48845,22.7224,0.84672,12.849,0.84672,3695.15,0,36.966,0.25831,0.666567,1.82936,3.03428,1.21673,4.05517,0.42336,36.966,0.42336,423.524,0,1.02816,0,0,1.69473,0.666567,1.028160,1,0,26.7776,0,0,0,26.7776,0
64.5323,2.25479,0,0,1.42919,0.135216,0.36288,3.6288,61.069,0.427903,0,0,0.59914,0.280632,0,0.66528,12.849,1,0.439926,0.36288,0,29.6514,5.48019,24.0941,0.84672,12.849,0.84672,3695.15,0,36.966,0.258553,0.577791,1.82953,3.3905,1.24202,4.29725,0.42336,36.966,0.42336,423.524,0,1.02816,0,0,1.60595,0.577791,1.028160,1,0,28.3914,0,0,0,28.3914,0
63.3426,2.22725,0,0,1.50625,0.105816,0.36288,3.6288,60.9564,0.456227,0,0,0.65219,0.308541,0,0.66528,12.849,1,0.443467,0.36288,0,34.5857,5.4306,29.0745,0.84672,12.849,0.84672,3695.15,0,36.966,0.276161,0.669375,1.8297,3.94967,1.39372,4.77887,0.42336,36.966,0.42336,423.524,0,1.02816,0,0,1.69754,0.669375,1.028160,1,0,33.8533,0,0,0,33.8533,0
61.9796,2.25926,0,0,1.36401,0.104801,0.36288,3.6288,60.8515,0.427322,0,0,0.630703,0.308322,0,0.66528,12.849,1,0.45829,0.36288,0,31.2656,5.4306,25.7396,0.84672,12.849,0.84672,3695.15,0,36.966,0.259142,0.595313,1.86069,3.87717,1.39372,4.68031,0.42336,36.966,0.42336,423.524,0,1.02816,0,0,1.62347,0.595313,1.028160,1,0,30.4199,0,0,0,30.4199,0
60.5777,2.25167,0,0,1.31627,0.103639,0.36288,3.6288,60.7037,0.427044,0,0,0.587314,0.308117,0,0.66528,12.849,1,0.466794,0.36288,0,28.6034,5.4306,23.0689,0.84672,12.849,0.84672,3695.15,0,36.966,0.25942,0.403739,1.83399,3.75497,1.39372,4.33956,0.42336,36.966,0.42336,423.524,0,1.02816,0,0,1.4319,0.403739,1.028160,1,0,27.4085,0,0,0,27.4085,0
59.1402,2.24351,0,0,1.26658,0.0977122,0.36288,3.6288,60.5265,0.426652,0,0,0.561787,0.312253,0,0.66528,12.849,1,0.475866,0.36288,0,25.6254,5.46856,20.0438,0.84672,12.849,0.84672,3695.15,0,36.966,0.259813,0.327283,1.83416,3.73605,1.41621,4.22147,0.42336,36.966,0.42336,423.524,0,1.02816,0,0,1.35544,0.327283,1.028160,1,0,24.2653,0,0,0,24.2653,0
57.6259,2.28764,0,0,1.20985,0.0736424,0.36288,3.6288,60.3721,0.472326,0,0,0.648315,0.33045,0,0.66528,12.849,1,0.497021,0.36288,0,23.8205,5.73843,17.9479,0.84672,12.849,0.84672,3695.15,0,36.966,0.288468,0.261274,1.83433,3.33759,1.48041,3.66432,0.42336,36.966,0.42336,423.524,0,0.994801,0,0,1.25607,0.261274,1.028160,1,0,21.6122,0,0,0,21.6122,0
56.1323,2.30848,0,0,1.25239,0.0746321,0.36288,3.6288,60.3413,0.427847,0,0,0.723963,0.326938,0,0.66528,12.849,1,0.514729,0.36288,0,32.7174,5.75526,26.8103,0.84672,12.849,0.84672,3695.15,0,36.966,0.261972,0.460849,1.87822,3.6729,1.45211,4.29788,0.42336,36.966,0.42336,423.524,0,1.02816,0,0,1.48901,0.460849,1.028160,1,0,31.1082,0,0,0,31.1082,0
54.566,2.29781,0,0,1.16802,0.0735413,0.36288,3.6288,60.2276,0.427984,0,0,0.641252,0.326874,0,0.66528,12.849,1,0.525982,0.36288,0,25.8826,5.75526,19.9642,0.84672,12.849,0.84672,3695.15,0,36.966,0.26219,0.441651,1.85638,3.35252,1.45211,3.93625,0.42336,36.966,0.42336,423.524,0,1.02816,0,0,1.46981,0.441651,1.028160,1,0,23.9005,0,0,0,23.9005,0
52.9071,2.28606,0,0,1.06243,0.0723975,0.36288,3.6288,60.0657,0.437667,0,0,0.602326,0.326638,0,0.66528,12.849,1,0.538313,0.36288,0,23.7999,5.75526,17.8692,0.84672,12.849,0.84672,3695.15,0,36.966,0.268628,0.227405,1.85676,3.06827,1.45211,3.4317,0.42336,36.966,0.42336,423.524,0,1.01239,0,0,1.2398,0.227405,1.028160,1,0,21.3009,0,0,0,21.3009,0
51.2306,2.42475,0,0,1.17214,0.0610874,0.36288,3.6288,59.9204,0.519295,0,0,0.713025,0.338959,0,0.66528,12.849,1,0.588873,0.36288,0,24.3511,5.8327,18.2925,0.84672,12.849,0.84672,3695.15,0,36.966,0.319588,0.474422,1.85714,4.12627,1.47281,4.66543,0.42336,36.966,0.42336,423.524,0,1.02816,0,0,1.50258,0.474422,1.028160,1,0,22.9579,0,0,0,22.9579,0
49.4583,2.40984,0,0,1.05587,0.055442,0.36288,3.6288,59.6847,0.524472,0,0,0.636863,0.348111,0,0.66528,12.849,1,0.604404,0.36288,0,22.2159,5.79905,16.1754,0.84672,12.849,0.84672,3695.15,0,36.966,0.323556,0.227405,2.00723,3.85095,1.49545,4.26658,0.42336,36.966,0.42336,423.524,0,1.0194,0,0,1.2468,0.227405,1.028160,1,0,20.442,0,0,0,20.442,0
47.6393,2.39314,0,0,0.991483,0.0544161,0.36288,3.6288,59.4401,0.51851,0,0,0.621467,0.347588,0,0.66528,12.849,1,0.621724,0.36288,0,22.6765,5.79905,16.6187,0.84672,12.849,0.84672,3695.15,0,36.966,0.321141,0.494847,2.00764,3.54982,1.49545,4.23572,0.42336,36.966,0.42336,423.524,0,1.02816,0,0,1.52301,0.494847,1.028160,1,0,20.8544,0,0,0,20.8544,0
45.8077,2.37493,0,0,0.95955,0.0533529,0.36288,3.6288,59.1909,0.517932,0,0,0.615813,0.347045,0,0.66528,12.849,1,0.640552,0.36288,0,21.199,5.79905,15.1223,0.84672,12.849,0.84672,3695.15,0,36.966,0.322104,0.471372,2.00806,3.53602,1.49545,4.19789,0.42336,36.966,0.42336,423.524,0,1.02816,0,0,1.49953,0.471372,1.028160,1,0,19.3202,0,0,0,19.3202,0
43.9948,2.35541,0,0,0.957666,0.0522824,0.36288,3.6288,58.9093,0.517334,0,0,0.582165,0.346492,0,0.66528,12.849,1,0.66069,0.36288,0,20.2707,5.79905,14.1739,0.84672,12.849,0.84672,3695.15,0,36.966,0.323086,0.439439,2.00847,3.60519,1.49545,4.23456,0.42336,36.966,0.42336,423.524,0,1.02816,0,0,1.4676,0.439439,1.028160,1,0,18.4084,0,0,0,18.4084,0
42.3733,2.26358,0,0,1.0591,0.0541492,0.36288,3.6288,58.5409,0.480151,0,0,0.427544,0.315755,0,0.66528,12.849,1,0.661096,0.36288,0,14.208,5.12689,8.78294,0.84672,12.849,0.84672,3695.15,0,36.966,0.301298,0.204422,2.00888,2.81701,1.41959,3.30942,0.42336,36.966,0.42336,423.524,0,0.997592,0,0,1.20201,0.204422,1.028160,1,0,12.0924,0,0,0,12.0924,0
40.8504,2.24463,0,0,1.19331,0.108645,0.36288,3.6288,58.3966,0.460476,0,0,0.598867,0.282654,0,0.66528,12.849,1,0.680648,0.36288,0,13.7004,4.27045,9.11223,0.84672,12.849,0.84672,3695.15,0,36.966,0.29077,0.538574,1.92257,3.76198,1.23257,4.69978,0.42336,36.966,0.42336,423.524,0,1.02816,0,0,1.56673,0.538574,1.028160,1,0,13.812,0,0,0,13.812,0
39.2722,2.22579,0,0,1.11943,0.109002,0.36288,3.6288,58.2614,0.460261,0,0,0.608424,0.28338,0,0.66528,12.849,1,0.700094,0.36288,0,16.863,4.28673,12.2391,0.84672,12.849,0.84672,3695.15,0,36.966,0.291352,0.491962,1.92297,3.80634,1.24189,4.68803,0.42336,36.966,0.42336,423.524,0,1.02816,0,0,1.52012,0.491962,1.028160,1,0,16.9271,0,0,0,16.9271,0
37.8541,2.20504,0,0,1.25677,0.106996,0.36288,3.6288,58.276,0.460071,0,0,0.757735,0.283133,0,0.66528,12.849,1,0.721442,0.36288,0,27.1294,4.28673,22.4841,0.84672,12.849,0.84672,3695.15,0,36.966,0.291908,0.78719,1.92336,4.84573,1.24189,6.02248,0.42336,36.966,0.42336,423.524,0,1.02816,0,0,1.81535,0.78719,1.028160,1,0,28.5066,0,0,0,28.5066,0
36.094,2.12886,0,0,0.879619,0.147897,0.36288,3.6288,58.2424,0.410215,0,0,0.586548,0.209835,0,0.66528,12.849,1,0.722611,0.36288,0,37.7177,4.39485,32.9632,0.84672,12.849,0.84672,3695.15,0,36.966,0.26021,0.323922,1.92376,3.63423,1.03604,4.58566,0.42336,36.966,0.42336,423.524,0,1.02816,0,0,1.35208,0.323922,1.028160,1,0,37.5488,0,0,0,37.5488,0
34.4392,2.09173,0,0,0.975948,0.176172,0.36288,3.6288,57.8766,0.565241,0,0,0.354172,0.154808,0,0.66528,12.849,1,0.74463,0.36288,0,27.596,4.47594,22.7383,0.84672,12.849,0.84672,3695.15,0,36.966,0.358754,0.216518,1.84669,2.65264,0.881645,3.47545,0.42336,36.966,0.42336,423.524,0,0.790634,0,0,1.00715,0.216518,1.028160,1,0,26.2137,0,0,0,26.2137,0
33.7542,2.06636,0,0,1.91697,0.172682,0.36288,3.6288,57.8662,0.472916,0,0,0.616988,0.154443,0,0.66528,12.849,1,0.770943,0.36288,0,40.4003,4.47594,35.5163,0.84672,12.849,0.84672,3695.15,0,36.966,0.302053,0.292723,1.85626,4.54613,0.881645,5.51142,0.42336,36.966,0.42336,423.524,0,0.939661,0,0,1.23238,0.292723,1.028160,1,0,41.0277,0,0,0,41.0277,0
33.4172,2.05571,0,0,2.25279,0.171237,0.36288,3.6288,58.3113,0.418881,0,0,1.01845,0.154433,0,0.66528,12.849,1,0.782532,0.36288,0,43.7365,4.47594,38.841,0.84672,12.849,0.84672,3695.15,0,36.966,0.267589,1.27417,1.85643,5.52522,0.881645,7.50659,0.42336,36.966,0.42336,423.524,0,1.02816,0,0,2.30233,1.27417,1.028160,1,0,46.3475,0,0,0,46.3475,0
32.6826,1.89545,0,0,1.69988,0.176156,0.36288,3.6288,58.614,0.315625,0,0,0.775659,0.157369,0,0.66528,12.849,1,0.728804,0.36288,0,50.5419,4.26876,45.9072,0.84672,12.849,0.84672,3695.15,0,36.966,0.200088,0.86889,1.85661,6.18136,0.903381,7.80339,0.42336,36.966,0.42336,423.524,0,1.02816,0,0,1.89705,0.86889,1.028160,1,0,53.7106,0,0,0,53.7106,0
32.4329,1.76176,0,0,2.06341,0.188502,0.36288,3.6288,59.2059,0.420953,0,0,1.17679,0.163919,0,0.66528,12.849,1,0.692626,0.36288,0,62.7037,3.75081,58.6231,0.84672,12.849,0.84672,3695.15,0,36.966,0.265482,1.52173,1.68458,6.19073,0.957721,8.17384,0.42336,36.966,0.42336,423.524,0,1.02816,0,0,2.54989,1.52173,1.028160,1,0,66.797,0,0,0,66.797,0
32.5899,1.75855,0,0,2.46637,0.187915,0.36288,3.6288,60.1773,0.422587,0,0,1.55854,0.164543,0,0.66528,12.849,1,0.696689,0.36288,0,65.9515,3.75081,61.8668,0.84672,12.849,0.84672,3695.15,0,36.966,0.263848,2.37237,1.78465,7.38668,0.957721,10.3221,0.42336,36.966,0.42336,423.524,0,1.02816,0,0,3.40053,2.37237,1.028160,1,0,72.189,0,0,0,72.189,0
32.7784,1.76158,0,0,2.50125,0.188284,0.36288,3.6288,61.308,0.425225,0,0,1.93027,0.165567,0.208817,0.66528,12.849,1,0.694524,0.36288,0,80.2043,3.75081,76.1218,0.84672,12.849,0.84672,3695.15,0,36.966,0.261209,2.83943,1.78481,8.77833,0.957721,12.1836,0.42336,36.966,0.42336,423.524,0,1.02816,0,0,3.86759,2.83943,1.028160,1,0,88.5143,0,0,0,88.5143,0
34.2849,1.76506,0,0,3.83359,0.199205,0.36288,3.6288,61.308,0.428231,0,0,2.29607,0.150976,1.71686,0.66528,12.849,1,0.691897,0.36288,0,84.6305,3.96195,80.3396,0.84672,12.849,0.84672,3695.15,0,36.966,0.258204,3.08314,1.78497,10.9801,0.990826,14.5992,0.42336,36.966,0.42336,423.524,0,1.02816,0,0,4.1113,3.08314,1.028160,1,0,96.6557,0,0,0,96.6557,0
39.2845,1.84799,0,0,7.40343,0.192968,0.36288,3.6288,61.308,0.459105,0,0,3.68353,0.225954,2.99848,0.66528,12.849,1,0.692573,0.36288,0,186.572,4.60395,181.639,0.84672,12.849,0.84672,3695.15,0,36.966,0.27682,4.9112,1.78513,19.6789,1.32094,24.7775,0.42336,36.966,0.42336,423.524,0,1.02816,0,0,5.93936,4.9112,1.028160,1,0,209.414,0,0,0,209.414,0
43.1515,1.95234,0,0,6.38369,0.201451,0.36288,3.6288,61.308,0.428229,0,0,2.52957,0.232669,1.86867,0.66528,12.849,1,0.638563,0.36288,0,151.393,4.52896,146.588,0.84672,12.849,0.84672,3695.15,0,36.966,0.258203,4.57815,1.83903,15.9407,1.31854,20.7811,0.42336,36.966,0.42336,423.524,0,1.02816,0,0,5.60631,4.57815,1.028160,1,0,169.238,0,0,0,169.238,0
47.5685,1.99709,0,0,6.98527,0.208241,0.36288,3.6288,61.308,0.428229,0,0,3.47304,0.236816,2.80799,0.66528,12.849,1,0.594663,0.36288,0,165.56,4.48536,160.843,0.84672,12.849,0.84672,3695.15,0,36.966,0.258203,7.17708,1.81023,22.8662,1.31506,30.2802,0.42336,36.966,0.42336,423.524,0,1.02816,0,0,8.20524,7.17708,1.028160,1,0,193.931,0,0,0,193.931,0
50.6465,2.04123,0,0,5.68483,0.202787,0.36288,3.6288,61.308,0.428229,0,0,2.375,0.261694,1.68508,0.66528,12.849,1,0.551369,0.36288,0,124.614,4.22373,120.202,0.84672,12.849,0.84672,3695.15,0,36.966,0.258203,3.68918,1.81039,13.6909,1.29417,17.6381,0.42336,36.966,0.42336,423.524,0,1.02816,0,0,4.71734,3.68918,1.028160,1,0,139.525,0,0,0,139.525,0
53.3934,2.28076,0,0,5.62985,0.239301,0.36288,3.6288,61.308,0.544237,0,0,2.21486,0.240931,1.4297,0.66528,12.849,1,0.578629,0.36288,0,125.791,4.13292,121.442,0.84672,12.849,0.84672,3695.15,0,36.966,0.328151,3.15817,1.81055,14.8995,1.17868,18.3614,0.42336,36.966,0.42336,423.524,0,1.02816,0,0,4.18633,3.15817,1.028160,1,0,141.233,0,0,0,141.233,0
55.2494,2.41248,0,0,4.91833,0.286942,0.36288,3.6288,61.308,0.461449,0,0,2.07312,0.213249,1.39842,0.66528,12.849,1,0.580557,0.36288,0,91.0008,4.01184,86.7713,0.84672,12.849,0.84672,3695.15,0,36.966,0.278233,3.70093,2.00421,12.5202,1.0247,16.9224,0.42336,36.966,0.42336,423.524,0,1.02816,0,0,4.72909,3.70093,1.028160,1,0,105.092,0,0,0,105.092,0
56.364,2.42878,0,0,4.19863,0.292379,0.36288,3.6288,61.308,0.461666,0,0,2.47756,0.213249,1.80265,0.66528,12.849,1,0.564846,0.36288,0,129.701,4.01184,125.487,0.84672,12.849,0.84672,3695.15,0,36.966,0.278364,3.36672,1.92673,16.6363,1.0247,20.6267,0.42336,36.966,0.42336,423.524,0,1.02816,0,0,4.39488,3.36672,1.028160,1,0,147.917,0,0,0,147.917,0
57.0476,2.43836,0,0,3.77646,0.29161,0.36288,3.6288,61.308,0.461884,0,0,1.96835,0.202892,1.30357,0.66528,12.849,1,0.555859,0.36288,0,83.8832,3.92177,79.7684,0.84672,12.849,0.84672,3695.15,0,36.966,0.278496,3.1361,1.92711,12.6602,0.988326,16.4566,0.42336,36.966,0.42336,423.524,0,1.02816,0,0,4.16426,3.1361,1.028160,1,0,97.5286,0,0,0,97.5286,0
59.4356,2.13445,0,0,5.17078,0.285435,0.36288,3.6288,61.308,0.306295,0,0,2.5377,0.153158,2.07824,0.66528,12.849,1,0.480748,0.36288,0,104.723,3.47924,101.126,0.84672,12.849,0.84672,3695.15,0,36.966,0.184682,3.77188,1.92749,14.9943,0.796684,19.7123,0.42336,36.966,0.42336,423.524,0,1.02816,0,0,4.80004,3.77188,1.028160,1,0,122.916,0,0,0,122.916,0
62.2408,1.9903,0,0,5.47264,0.314266,0.36288,3.6288,61.308,0.428221,0,0,2.37817,0.169694,1.78025,0.66528,12.849,1,0.43027,0.36288,0,154.132,3.60979,150.455,0.84672,12.849,0.84672,3695.15,0,36.966,0.258198,3.06859,1.66377,13.6388,0.832113,17.2808,0.42336,36.966,0.42336,423.524,0,1.02816,0,0,4.09675,3.06859,1.028160,1,0,169.516,0,0,0,169.516,0
63.2673,2.00705,0,0,3.70799,0.311551,0.36288,3.6288,61.308,0.428221,0,0,1.64339,0.163677,1.05149,0.66528,12.849,1,0.414336,0.36288,0,124.339,3.5226,120.765,0.84672,12.849,0.84672,3695.15,0,36.966,0.258198,2.36364,1.7783,12.3165,0.819588,15.3806,0.42336,36.966,0.42336,423.524,0,1.02816,0,0,3.3918,2.36364,1.028160,1,0,137.197,0,0,0,137.197,0
65.6812,2.01332,0,0,5.04094,0.250862,0.36288,3.6288,61.308,0.428221,0,0,1.9589,0.12758,1.40309,0.66528,12.849,1,0.408886,0.36288,0,127.204,2.99943,124.159,0.84672,12.849,0.84672,3695.15,0,36.966,0.258198,2.9938,1.77845,13.2006,0.744435,16.9702,0.42336,36.966,0.42336,423.524,0,1.02816,0,0,4.02196,2.9938,1.028160,1,0,142.532,0,0,0,142.532,0
68.3283,2.02657,0,0,5.2923,0.255794,0.36288,3.6288,61.308,0.428222,0,0,2.90944,0.12758,2.35364,0.66528,12.849,1,0.396451,0.36288,0,150.737,2.99943,147.704,0.84672,12.849,0.84672,3695.15,0,36.966,0.258199,3.47579,1.77861,13.3585,0.744435,17.6102,0.42336,36.966,0.42336,423.524,0,1.02816,0,0,4.50395,3.47579,1.028160,1,0,167.668,0,0,0,167.668,0
70.0297,2.12069,0,0,4.48828,0.303308,0.36288,3.6288,61.308,0.466375,0,0,1.6256,0.150696,1.00853,0.66528,12.849,1,0.398792,0.36288,0,121.585,2.94074,118.608,0.84672,12.849,0.84672,3695.15,0,36.966,0.281204,2.24771,1.77876,12.0639,0.597309,15.2118,0.42336,36.966,0.42336,423.524,0,1.02816,0,0,3.27587,2.24771,1.028160,1,0,134.828,0,0,0,134.828,0
70.4475,2.18126,0,0,3.26935,0.307345,0.36288,3.6288,61.308,0.428229,0,0,1.33644,0.150696,0.757519,0.66528,12.849,1,0.400216,0.36288,0,81.7154,2.94074,78.7373,0.84672,12.849,0.84672,3695.15,0,36.966,0.258203,1.70849,1.84409,8.42305,0.597309,11.1201,0.42336,36.966,0.42336,423.524,0,1.02816,0,0,2.73665,1.70849,1.028160,1,0,90.615,0,0,0,90.615,0
70.474,2.18399,0,0,2.88163,0.308336,0.36288,3.6288,61.308,0.428229,0,0,1.17433,0.150696,0.595406,0.66528,12.849,1,0.39834,0.36288,0,66.3863,2.94074,63.4101,0.84672,12.849,0.84672,3695.15,0,36.966,0.258203,1.38662,1.80846,7.06838,0.597309,9.40796,0.42336,36.966,0.42336,423.524,0,1.02816,0,0,2.41478,1.38662,1.028160,1,0,73.4135,0,0,0,73.4135,0
70.5365,2.18483,0,0,2.8984,0.28811,0.36288,3.6288,61.308,0.428229,0,0,1.18562,0.153377,0.604009,0.66528,12.849,1,0.398344,0.36288,0,74.4759,2.77652,71.664,0.84672,12.849,0.84672,3695.15,0,36.966,0.258203,2.17437,1.80862,6.95812,0.661819,10.0211,0.42336,36.966,0.42336,423.524,0,1.02816,0,0,3.20253,2.17437,1.028160,1,0,82.2891,0,0,0,82.2891,0
70.8859,2.15419,0,0,3.10343,0.236992,0.36288,3.6288,61.308,0.413399,0,0,1.28714,0.198198,0.675539,0.66528,12.849,1,0.392408,0.36288,0,70.0721,3.56678,66.4758,0.84672,12.849,0.84672,3695.15,0,36.966,0.249261,1.96214,1.80878,7.74343,0.848128,10.417,0.42336,36.966,0.42336,423.524,0,1.02816,0,0,2.9903,1.96214,1.028160,1,0,77.5683,0,0,0,77.5683,0
70.7391,2.13641,0,0,2.57564,0.223178,0.36288,3.6288,61.308,0.428226,0,0,0.999216,0.215321,0.355668,0.66528,12.849,1,0.387252,0.36288,0,55.6453,3.93215,51.6888,0.84672,12.849,0.84672,3695.15,0,36.966,0.258201,1.56081,1.78356,6.4721,0.903299,8.65497,0.42336,36.966,0.42336,423.524,0,1.02816,0,0,2.58897,1.56081,1.028160,1,0,60.6994,0,0,0,60.6994,0
70.1926,2.13644,0,0,2.17572,0.222926,0.36288,3.6288,61.308,0.428226,0,0,0.920635,0.215321,0.277088,0.66528,12.849,1,0.388061,0.36288,0,48.7821,3.93215,44.8248,0.84672,12.849,0.84672,3695.15,0,36.966,0.258201,1.29471,1.79762,5.89173,0.903299,7.82257,0.42336,36.966,0.42336,423.524,0,1.02816,0,0,2.32287,1.29471,1.028160,1,0,52.9245,0,0,0,52.9245,0
69.4593,2.13459,0,0,1.98616,0.221991,0.36288,3.6288,61.308,0.428226,0,0,0.792469,0.215321,0.148922,0.66528,12.849,1,0.390745,0.36288,0,48.3148,3.93215,44.3548,0.84672,12.849,0.84672,3695.15,0,36.966,0.258201,0.772174,1.79778,6.01471,0.903299,7.42317,0.42336,36.966,0.42336,423.524,0,1.02816,0,0,1.80033,0.772174,1.028160,1,0,51.9269,0,0,0,51.9269,0
69.1487,2.23911,0,0,2.49489,0.203452,0.36288,3.6288,61.308,0.48086,0,0,0.913628,0.224567,0.208201,0.66528,12.849,1,0.414205,0.36288,0,51.5067,4.03948,47.4159,0.84672,12.849,0.84672,3695.15,0,36.966,0.289937,0.762964,1.79794,5.84887,0.99574,7.12409,0.42336,36.966,0.42336,423.524,0,1.02816,0,0,1.79112,0.762964,1.028160,1,0,54.7482,0,0,0,54.7482,0
68.2557,2.30942,0,0,1.93936,0.160108,0.36288,3.6288,61.308,0.428237,0,0,0.755853,0.237188,0.0904279,0.66528,12.849,1,0.429129,0.36288,0,38.0175,4.35708,33.5941,0.84672,12.849,0.84672,3695.15,0,36.966,0.258208,0.601284,1.88711,4.68099,1.10678,5.80439,0.42336,36.966,0.42336,423.524,0,1.02816,0,0,1.62944,0.601284,1.028160,1,0,39.489,0,0,0,39.489,0
67.2916,2.30543,0,0,1.85592,0.151619,0.36288,3.6288,61.308,0.428237,0,0,0.794724,0.238973,0.127514,0.66528,12.849,1,0.433993,0.36288,0,35.7199,4.41126,31.2375,0.84672,12.849,0.84672,3695.15,0,36.966,0.258208,0.592151,1.83791,4.87664,1.09675,5.95174,0.42336,36.966,0.42336,423.524,0,1.02816,0,0,1.62031,0.592151,1.028160,1,0,37.3168,0,0,0,37.3168,0
66.2503,2.30095,0,0,1.773,0.150475,0.36288,3.6288,61.308,0.428237,0,0,0.798085,0.238973,0.130875,0.66528,12.849,1,0.439355,0.36288,0,33.5608,4.41126,29.073,0.84672,12.849,0.84672,3695.15,0,36.966,0.258208,0.520776,1.83807,4.68924,1.09675,5.69313,0.42336,36.966,0.42336,423.524,0,1.02816,0,0,1.54894,0.520776,1.028160,1,0,34.8971,0,0,0,34.8971,0
65.0999,2.2959,0,0,1.65758,0.149239,0.36288,3.6288,61.308,0.428237,0,0,0.742928,0.238973,0.0757173,0.66528,12.849,1,0.445281,0.36288,0,31.3222,4.41126,26.8285,0.84672,12.849,0.84672,3695.15,0,36.966,0.258208,0.437832,1.83824,4.44188,1.09675,5.36299,0.42336,36.966,0.42336,423.524,0,1.02816,0,0,1.46599,0.437832,1.028160,1,0,32.2672,0,0,0,32.2672,0
64.194,2.26904,0,0,1.82945,0.103476,0.36288,3.6288,61.308,0.457194,0,0,0.98394,0.236408,0.290339,0.66528,12.849,1,0.447849,0.36288,0,38.42,4.65612,33.6789,0.84672,12.849,0.84672,3695.15,0,36.966,0.275668,1.0472,1.8384,5.45471,1.04442,7.02022,0.42336,36.966,0.42336,423.524,0,1.02816,0,0,2.07536,1.0472,1.028160,1,0,40.9895,0,0,0,40.9895,0
63.0889,2.30318,0,0,1.66378,0.102724,0.36288,3.6288,61.308,0.428243,0,0,0.959472,0.236408,0.294821,0.66528,12.849,1,0.461003,0.36288,0,37.6681,4.65612,32.9138,0.84672,12.849,0.84672,3695.15,0,36.966,0.258211,1.02031,1.86971,5.22658,1.04442,6.81396,0.42336,36.966,0.42336,423.524,0,1.02816,0,0,2.04847,1.02031,1.028160,1,0,40.0226,0,0,0,40.0226,0
61.8372,2.29721,0,0,1.51015,0.101806,0.36288,3.6288,61.308,0.428243,0,0,0.900124,0.236408,0.235473,0.66528,12.849,1,0.467861,0.36288,0,33.5653,4.65612,28.8042,0.84672,12.849,0.84672,3695.15,0,36.966,0.258211,0.789299,1.84272,5.05602,1.04442,6.38541,0.42336,36.966,0.42336,423.524,0,1.02816,0,0,1.81746,0.789299,1.028160,1,0,35.4251,0,0,0,35.4251,0
60.5469,2.2901,0,0,1.43273,0.0700915,0.36288,3.6288,61.308,0.428243,0,0,0.844335,0.313191,0.102901,0.66528,12.849,1,0.475854,0.36288,0,30.1916,5.64417,24.4345,0.84672,12.849,0.84672,3695.15,0,36.966,0.258211,0.796401,1.84288,4.79164,1.40508,5.76764,0.42336,36.966,0.42336,423.524,0,1.02816,0,0,1.82456,0.796401,1.028160,1,0,30.305,0,0,0,30.305,0
59.1974,2.33612,0,0,1.41926,0.0697642,0.36288,3.6288,61.308,0.45407,0,0,0.9612,0.327083,0.180047,0.66528,12.849,1,0.495762,0.36288,0,32.7398,5.85597,26.751,0.84672,12.849,0.84672,3695.15,0,36.966,0.273784,0.657547,1.84305,4.36645,1.45225,5.14102,0.42336,36.966,0.42336,423.524,0,1.02816,0,0,1.68571,0.657547,1.028160,1,0,32.072,0,0,0,32.072,0
57.7919,2.34403,0,0,1.37066,0.0691975,0.36288,3.6288,61.308,0.44158,0,0,0.851714,0.337502,0.0726319,0.66528,12.849,1,0.50878,0.36288,0,31.9417,6.01482,25.781,0.84672,12.849,0.84672,3695.15,0,36.966,0.266253,0.538626,1.88739,4.08521,1.48762,4.75735,0.42336,36.966,0.42336,423.524,0,1.02816,0,0,1.56679,0.538626,1.028160,1,0,30.611,0,0,0,30.611,0
56.309,2.33437,0,0,1.28262,0.0682602,0.36288,3.6288,61.308,0.441793,0,0,0.788391,0.337502,0.00909573,0.66528,12.849,1,0.519005,0.36288,0,28.8355,6.01482,22.6645,0.84672,12.849,0.84672,3695.15,0,36.966,0.266382,0.471372,1.87584,3.64599,1.48762,4.23921,0.42336,36.966,0.42336,423.524,0,1.02816,0,0,1.49953,0.471372,1.028160,1,0,26.9128,0,0,0,26.9128,0
54.7327,2.3237,0,0,1.17751,0.0672713,0.36288,3.6288,61.308,0.442007,0,0,0.779717,0.337502,0.000207359,0.66528,12.849,1,0.530239,0.36288,0,26.3589,6.01482,20.1767,0.84672,12.849,0.84672,3695.15,0,36.966,0.266511,0.348218,1.87621,3.56592,1.48762,4.03622,0.42336,36.966,0.42336,423.524,0,1.02816,0,0,1.37638,0.348218,1.028160,1,0,24.2132,0,0,0,24.2132,0
53.1881,2.46618,0,0,1.33717,0.0526957,0.36288,3.6288,61.308,0.535517,0,0,0.930519,0.326033,0.0689692,0.66528,12.849,1,0.578959,0.36288,0,26.2313,6.22668,19.7885,0.84672,12.849,0.84672,3695.15,0,36.966,0.322893,0.832637,1.87659,5.26868,1.54108,6.11393,0.42336,36.966,0.42336,423.524,0,1.02816,0,0,1.8608,0.832637,1.028160,1,0,25.9714,0,0,0,25.9714,0
51.1457,2.45312,0,0,0.820385,0.0467192,0.36288,3.6288,61.2061,0.53575,0,0,0.765107,0.331284,0,0.66528,12.849,1,0.592618,0.36288,0,17.3326,6.27385,10.829,0.84672,12.849,0.84672,3695.15,0,36.966,0.323033,0.737415,2.02822,4.20925,1.52691,5.12495,0.42336,36.966,0.42336,423.524,0,1.02816,0,0,1.76558,0.737415,1.028160,1,0,15.954,0,0,0,15.954,0
49.4353,2.43469,0,0,1.13292,0.0457431,0.36288,3.6288,61.1867,0.535647,0,0,0.847333,0.33107,0,0.66528,12.849,1,0.611651,0.36288,0,18.5916,6.27385,12.069,0.84672,12.849,0.84672,3695.15,0,36.966,0.323509,0.975516,2.02862,4.69234,1.52691,5.84606,0.42336,36.966,0.42336,423.524,0,1.02816,0,0,2.00368,0.975516,1.028160,1,0,17.9151,0,0,0,17.9151,0
48.2357,2.41837,0,0,1.64945,0.0678049,0.36288,3.6288,61.308,0.535815,0,0,1.1279,0.323665,0.14711,0.66528,12.849,1,0.628572,0.36288,0,31.024,6.13393,24.6244,0.84672,12.849,0.84672,3695.15,0,36.966,0.323713,1.22607,2.02902,5.21821,1.50455,6.64505,0.42336,36.966,0.42336,423.524,0,1.02816,0,0,2.25423,1.22607,1.028160,1,0,31.4165,0,0,0,31.4165,0
46.7529,2.4065,0,0,1.34569,0.0591467,0.36288,3.6288,61.308,0.536447,0,0,1.00718,0.317235,0.1535,0.66528,12.849,1,0.641042,0.36288,0,35.5929,6.33339,28.9814,0.84672,12.849,0.84672,3695.15,0,36.966,0.323454,1.02158,2.02942,3.94892,1.49781,5.17866,0.42336,36.966,0.42336,423.524,0,1.02816,0,0,2.04974,1.02158,1.028160,1,0,34.3135,0,0,0,34.3135,0
45.1517,2.31807,0,0,1.11859,0.0388432,0.36288,3.6288,61.308,0.479996,0,0,0.996365,0.260653,0.255716,0.66528,12.849,1,0.637071,0.36288,0,34.0466,5.74002,28.0324,0.84672,12.849,0.84672,3695.15,0,36.966,0.289416,1.30232,2.02983,4.63046,1.40349,6.2697,0.42336,36.966,0.42336,423.524,0,1.02816,0,0,2.33048,1.30232,1.028160,1,0,34.5578,0,0,0,34.5578,0
43.4527,2.30094,0,0,0.999847,0.0349875,0.36288,3.6288,61.308,0.480217,0,0,0.953873,0.251223,0.222434,0.66528,12.849,1,0.654787,0.36288,0,21.5634,5.64113,15.6303,0.84672,12.849,0.84672,3695.15,0,36.966,0.28955,0.684055,1.9426,3.58589,1.38777,4.53523,0.42336,36.966,0.42336,423.524,0,1.02816,0,0,1.71221,0.684055,1.028160,1,0,20.388,0,0,0,20.388,0
43.1751,2.28163,0,0,2.46,0.093159,0.36288,3.6288,61.308,0.480438,0,0,1.51722,0.257141,0.779639,0.66528,12.849,1,0.674679,0.36288,0,28.7093,5.17793,23.2196,0.84672,12.849,0.84672,3695.15,0,36.966,0.289683,2.82108,1.94298,9.32706,1.28821,12.5132,0.42336,36.966,0.42336,423.524,0,1.02816,0,0,3.84924,2.82108,1.028160,1,0,36.5125,0,0,0,36.5125,0
42.6049,2.27874,0,0,2.19564,0.124209,0.36288,3.6288,61.308,0.48066,0,0,1.70538,0.271099,0.953622,0.66528,12.849,1,0.678157,0.36288,0,48.3109,4.98141,43.0142,0.84672,12.849,0.84672,3695.15,0,36.966,0.289817,1.92755,1.94336,6.98934,1.21883,9.35161,0.42336,36.966,0.42336,423.524,0,1.02816,0,0,2.95571,1.92755,1.028160,1,0,53.3194,0,0,0,53.3194,0
43.1429,2.21351,0,0,3.26078,0.146338,0.36288,3.6288,61.308,0.429244,0,0,1.73787,0.270017,1.0386,0.66528,12.849,1,0.667563,0.36288,0,50.3299,4.93407,45.0911,0.84672,12.849,0.84672,3695.15,0,36.966,0.258815,1.53242,1.94375,12.2592,1.2655,14.2111,0.42336,36.966,0.42336,423.524,0,1.02816,0,0,2.56058,1.53242,1.028160,1,0,60.3409,0,0,0,60.3409,0
44.172,2.22037,0,0,3.79037,0.178033,0.36288,3.6288,61.308,0.429456,0,0,1.59599,0.268576,0.897958,0.66528,12.849,1,0.661279,0.36288,0,61.632,4.87095,56.4626,0.84672,12.849,0.84672,3695.15,0,36.966,0.258943,1.54895,1.86587,7.63127,1.32772,9.45942,0.42336,36.966,0.42336,423.524,0,1.02816,0,0,2.57711,1.54895,1.028160,1,0,66.82,0,0,0,66.82,0
43.0136,2.23274,0,0,1.61734,0.180144,0.36288,3.6288,61.308,0.429667,0,0,0.990827,0.268576,0.292584,0.66528,12.849,1,0.649472,0.36288,0,27.6481,4.87095,22.4905,0.84672,12.849,0.84672,3695.15,0,36.966,0.25907,0.696142,1.86623,5.10428,1.32772,6.07986,0.42336,36.966,0.42336,423.524,0,1.02816,0,0,1.7243,0.696142,1.028160,1,0,28.863,0,0,0,28.863,0
42.4573,2.21971,0,0,2.20406,0.177768,0.36288,3.6288,61.308,0.429878,0,0,1.29907,0.268576,0.600613,0.66528,12.849,1,0.663071,0.36288,0,42.8194,4.87095,37.6483,0.84672,12.849,0.84672,3695.15,0,36.966,0.259198,1.13873,1.8666,10.1231,1.32772,11.5415,0.42336,36.966,0.42336,423.524,0,1.02816,0,0,2.16689,1.13873,1.028160,1,0,49.7904,0,0,0,49.7904,0
42.709,2.04678,0,0,2.86927,0.207889,0.36288,3.6288,61.308,0.322461,0,0,1.58573,0.248968,1.01431,0.66528,12.849,1,0.619424,0.36288,0,56.065,4.467,51.3415,0.84672,12.849,0.84672,3695.15,0,36.966,0.194429,1.34142,1.86697,8.96168,1.24785,10.7278,0.42336,36.966,0.42336,423.524,0,1.02816,0,0,2.36958,1.34142,1.028160,1,0,63.0836,0,0,0,63.0836,0
42.8158,1.9199,0,0,2.61358,0.224015,0.36288,3.6288,61.308,0.428224,0,0,1.9595,0.199146,1.33213,0.66528,12.849,1,0.577601,0.36288,0,61.8395,4.04502,57.5798,0.84672,12.849,0.84672,3695.15,0,36.966,0.2582,2.57488,1.69335,9.75983,1.05934,12.7105,0.42336,36.966,0.42336,423.524,0,1.02816,0,0,3.60304,2.57488,1.028160,1,0,71.6224,0,0,0,71.6224,0
42.9055,1.92165,0,0,2.59851,0.224292,0.36288,3.6288,61.308,0.428225,0,0,1.74931,0.199146,1.12194,0.66528,12.849,1,0.576685,0.36288,0,78.4598,4.04502,74.2009,0.84672,12.849,0.84672,3695.15,0,36.966,0.2582,1.83267,1.79272,8.43618,1.05934,10.744,0.42336,36.966,0.42336,423.524,0,1.02816,0,0,2.86083,1.83267,1.028160,1,0,86.0669,0,0,0,86.0669,0
43.037,1.92321,0,0,2.64207,0.224524,0.36288,3.6288,61.308,0.428225,0,0,1.73508,0.199146,1.10771,0.66528,12.849,1,0.575948,0.36288,0,73.1924,4.04502,68.9343,0.84672,12.849,0.84672,3695.15,0,36.966,0.2582,1.77018,1.79288,8.44249,1.05934,10.688,0.42336,36.966,0.42336,423.524,0,1.02816,0,0,2.79834,1.77018,1.028160,1,0,80.73,0,0,0,80.73,0
43.3899,1.92521,0,0,2.87483,0.233834,0.36288,3.6288,61.308,0.428225,0,0,1.88154,0.158181,1.29514,0.66528,12.849,1,0.574785,0.36288,0,61.0647,3.45649,57.3963,0.84672,12.849,0.84672,3695.15,0,36.966,0.2582,1.61834,1.79303,8.83224,0.758816,11.2266,0.42336,36.966,0.42336,423.524,0,1.02816,0,0,2.6465,1.61834,1.028160,1,0,69.918,0,0,0,69.918,0
47.3456,1.89027,0,0,6.42638,0.217508,0.36288,3.6288,61.308,0.543256,0,0,2.23107,0.205461,1.48236,0.66528,12.849,1,0.559763,0.36288,0,102.638,4.33236,98.1088,0.84672,12.849,0.84672,3695.15,0,36.966,0.327559,1.87485,1.79319,10.5221,0.924224,12.9383,0.42336,36.966,0.42336,423.524,0,1.02816,0,0,2.90301,1.87485,1.028160,1,0,112.529,0,0,0,112.529,0
54.4325,1.92746,0,0,9.62686,0.249579,0.36288,3.6288,61.308,0.543444,0,0,2.60639,0.225231,1.83771,0.66528,12.849,1,0.523089,0.36288,0,169.521,5.36898,163.992,0.84672,12.849,0.84672,3695.15,0,36.966,0.327673,2.40792,1.92628,10.5316,1.10931,13.4289,0.42336,36.966,0.42336,423.524,0,1.02816,0,0,3.43608,2.40792,1.028160,1,0,179.259,0,0,0,179.259,0
61.1766,1.98298,0,0,9.33777,0.247794,0.36288,3.6288,61.308,0.543633,0,0,2.55659,0.206629,1.80633,0.66528,12.849,1,0.46809,0.36288,0,119.786,4.72584,114.955,0.84672,12.849,0.84672,3695.15,0,36.966,0.327786,2.34084,1.92661,9.59774,1.02896,12.5084,0.42336,36.966,0.42336,423.524,0,1.02816,0,0,3.369,2.34084,1.028160,1,0,129.27,0,0,0,129.27,0
68.5959,2.02606,0,0,10.0726,0.264405,0.36288,3.6288,61.308,0.543821,0,0,3.91762,0.206629,3.16717,0.66528,12.849,1,0.425535,0.36288,0,126.206,4.72584,121.418,0.84672,12.849,0.84672,3695.15,0,36.966,0.3279,3.69312,1.92695,13.0336,1.02896,17.2968,0.42336,36.966,0.42336,423.524,0,1.02816,0,0,4.72128,3.69312,1.028160,1,0,141.882,0,0,0,141.882,0
72.29,2.29154,0,0,8.71157,0.276226,2.44971,3.6288,61.308,0.661209,0,0,2.21219,0.216961,1.33402,0.66528,12.849,1,0.429239,2.44971,0,120.422,4.57194,117.87,0.84672,12.849,0.84672,3695.15,0,36.966,0.398679,1.81583,1.92728,10.2718,1.05352,12.5627,0.42336,36.966,0.42336,423.524,0,1.02816,0,0,2.84399,1.81583,1.028160,1,0,131.767,0,0,0,131.767,0
72.29,2.31065,0,0,6.92817,0.272787,4.34473,3.6288,61.308,0.661419,0,0,2.46413,0.242792,1.55992,0.66528,12.849,1,0.410701,4.34473,0,120.182,4.18719,119.928,0.84672,12.849,0.84672,3695.15,0,36.966,0.398806,2.13856,2.1231,9.20972,1.1149,11.9577,0.42336,36.966,0.42336,423.524,0,1.02816,0,0,3.16672,2.13856,1.028160,1,0,133.446,0,0,0,133.446,0
72.29,2.31114,0,0,6.71071,0.272787,4.12678,3.6288,61.308,0.66163,0,0,2.07935,0.242792,1.17493,0.66528,12.849,1,0.410787,4.12678,0,124.208,4.18719,123.737,0.84672,12.849,0.84672,3695.15,0,36.966,0.398933,1.80613,2.12347,8.09006,1.1149,10.5058,0.42336,36.966,0.42336,423.524,0,1.02816,0,0,2.83429,1.80613,1.028160,1,0,135.417,0,0,0,135.417,0
72.29,2.31162,0,0,7.33666,0.289945,4.73509,3.6288,61.308,0.661841,0,0,2.05109,0.199101,1.19015,0.66528,12.849,1,0.410873,4.73509,0,120.47,3.76932,121.025,0.84672,12.849,0.84672,3695.15,0,36.966,0.39906,1.73966,2.12384,7.9024,0.935329,10.4315,0.42336,36.966,0.42336,423.524,0,1.02816,0,0,2.76782,1.73966,1.028160,1,0,132.647,0,0,0,132.647,0
72.29,1.98649,0,0,6.0824,0.331858,3.76406,3.6288,61.308,0.50465,0,0,2.10716,0.199253,1.40326,0.66528,12.849,1,0.353083,3.76406,0,128.521,3.44004,128.492,0.84672,12.849,0.84672,3695.15,0,36.966,0.304281,1.90213,2.1242,7.96098,0.955683,10.7274,0.42336,36.966,0.42336,423.524,0,1.02816,0,0,2.93029,1.90213,1.028160,1,0,140.622,0,0,0,140.622,0
72.29,1.98691,0,0,7.06787,0.377866,4.70309,3.6288,61.308,0.50483,0,0,3.39691,0.162415,2.72967,0.66528,12.849,1,0.353158,4.70309,0,167.301,2.47359,169.178,0.84672,12.849,0.84672,3695.15,0,36.966,0.30439,4.26737,1.85777,14.5755,0.863848,19.5324,0.42336,36.966,0.42336,423.524,0,1.02816,0,0,5.29553,4.26737,1.028160,1,0,191.44,0,0,0,191.44,0
72.29,1.98734,0,0,6.72544,0.377866,4.36023,3.6288,61.308,0.505011,0,0,3.49673,0.162415,2.8293,0.66528,12.849,1,0.353234,4.36023,0,160.631,2.47359,162.165,0.84672,12.849,0.84672,3695.15,0,36.966,0.304499,4.51998,1.85809,16.5862,0.863848,21.7959,0.42336,36.966,0.42336,423.524,0,1.02816,0,0,5.54814,4.51998,1.028160,1,0,186.79,0,0,0,186.79,0
72.29,1.98776,0,0,6.79674,0.377866,4.43112,3.6288,61.308,0.505193,0,0,3.0887,0.162415,2.42109,0.66528,12.849,1,0.353309,4.43112,0,151.134,2.47359,152.739,0.84672,12.849,0.84672,3695.15,0,36.966,0.304609,4.03518,1.85841,13.5734,0.863848,18.2986,0.42336,36.966,0.42336,423.524,0,1.02816,0,0,5.06334,4.03518,1.028160,1,0,173.458,0,0,0,173.458,0
72.29,1.98818,0,0,8.24982,0.373696,5.88794,3.6288,61.308,0.505374,0,0,5.11545,0.168303,4.44177,0.66528,12.849,1,0.353385,5.88794,0,195.807,2.64202,198.699,0.84672,12.849,0.84672,3695.15,0,36.966,0.304718,5.17207,1.85873,22.3964,0.887925,28.2346,0.42336,36.966,0.42336,423.524,0,1.02816,0,0,6.20023,5.17207,1.028160,1,0,231.375,0,0,0,231.375,0
72.29,2.07065,0,0,7.76684,0.365117,5.33107,3.6288,61.308,0.544097,0,0,4.38339,0.189274,3.65002,0.66528,12.849,1,0.368042,5.33107,0,157.497,3.09886,159.361,0.84672,12.849,0.84672,3695.15,0,36.966,0.328067,4.02629,1.85904,18.1496,0.994913,22.712,0.42336,36.966,0.42336,423.524,0,1.02816,0,0,5.05445,4.02629,1.028160,1,0,185.723,0,0,0,185.723,0
72.29,2.07109,0,0,6.36205,0.367857,3.9231,3.6288,61.308,0.544286,0,0,3.85087,0.186881,3.11971,0.66528,12.849,1,0.36812,3.9231,0,194.924,3.00657,195.472,0.84672,12.849,0.84672,3695.15,0,36.966,0.32818,4.60828,1.9252,13.9774,0.988668,19.194,0.42336,36.966,0.42336,423.524,0,1.02816,0,0,5.63644,4.60828,1.028160,1,0,217.786,0,0,0,217.786,0
72.29,2.07153,0,0,4.83972,0.353402,2.41479,3.6288,61.308,0.544474,0,0,2.66112,0.147381,1.96926,0.66528,12.849,1,0.368199,2.41479,0,139.857,1.9274,139.976,0.84672,12.849,0.84672,3695.15,0,36.966,0.328294,2.96468,1.92553,10.4831,0.837699,14.2073,0.42336,36.966,0.42336,423.524,0,1.02816,0,0,3.99284,2.96468,1.028160,1,0,156.152,0,0,0,156.152,0
72.29,2.07197,0,0,4.6066,0.283621,2.25101,3.6288,61.308,0.544663,0,0,2.41491,0.200651,1.6696,0.66528,12.849,1,0.368277,2.25101,0,122.468,2.38759,121.963,0.84672,12.849,0.84672,3695.15,0,36.966,0.328408,2.76039,1.92586,8.72476,1.02681,12.0558,0.42336,36.966,0.42336,423.524,0,1.02816,0,0,3.78855,2.76039,1.028160,1,0,135.688,0,0,0,135.688,0
72.29,2.04031,0,0,4.149,0.273704,1.83498,3.6288,61.308,0.529871,0,0,1.70347,0.210935,0.962666,0.66528,12.849,1,0.362649,1.83498,0,102.563,3.28987,100.745,0.84672,12.849,0.84672,3695.15,0,36.966,0.319488,2.93314,1.92619,7.41286,1.03646,10.9163,0.42336,36.966,0.42336,423.524,0,1.02816,0,0,3.9613,2.93314,1.028160,1,0,112.624,0,0,0,112.624,0
72.29,2.04074,0,0,4.27188,0.266266,1.96487,3.6288,61.308,0.530056,0,0,1.48444,0.218647,0.735735,0.66528,12.849,1,0.362726,1.96487,0,89.5484,3.96659,87.184,0.84672,12.849,0.84672,3695.15,0,36.966,0.3196,1.77441,1.90089,8.4545,1.04369,10.7665,0.42336,36.966,0.42336,423.524,0,1.02816,0,0,2.80257,1.77441,1.028160,1,0,98.6862,0,0,0,98.6862,0
72.29,2.04118,0,0,4.00441,0.266266,1.69696,3.6288,61.308,0.530242,0,0,1.3845,0.218647,0.63561,0.66528,12.849,1,0.362804,1.69696,0,77.7997,3.96659,75.1673,0.84672,12.849,0.84672,3695.15,0,36.966,0.319712,1.51649,1.90121,7.63871,1.04369,9.69301,0.42336,36.966,0.42336,423.524,0,1.02816,0,0,2.54465,1.51649,1.028160,1,0,85.4959,0,0,0,85.4959,0
72.29,2.04161,0,0,3.63842,0.24604,1.35077,3.6288,61.308,0.530428,0,0,1.08361,0.216254,0.33693,0.66528,12.849,1,0.362881,1.35077,0,69.7991,3.91775,66.8693,0.84672,12.849,0.84672,3695.15,0,36.966,0.319824,1.18628,1.90154,6.63699,1.00391,8.40107,0.42336,36.966,0.42336,423.524,0,1.02816,0,0,2.21444,1.18628,1.028160,1,0,75.6073,0,0,0,75.6073,0
72.29,2.15109,0,0,3.33711,0.189839,0.996181,3.6288,61.308,0.58378,0,0,1.02381,0.208167,0.231866,0.66528,12.849,1,0.382341,0.996181,0,63.6789,3.81386,60.4789,0.84672,12.849,0.84672,3695.15,0,36.966,0.351994,0.985522,1.90186,5.9112,0.923114,7.52348,0.42336,36.966,0.42336,423.524,0,1.02816,0,0,2.01368,0.985522,1.028160,1,0,68.2342,0,0,0,68.2342,0
72.29,2.15155,0,0,3.26528,0.15602,0.957712,3.6288,61.308,0.583976,0,0,1.02636,0.195547,0.24684,0.66528,12.849,1,0.382422,0.957712,0,52.872,3.92311,49.5242,0.84672,12.849,0.84672,3695.15,0,36.966,0.352112,0.684599,1.9921,5.17572,1.03499,6.46532,0.42336,36.966,0.42336,423.524,0,1.02816,0,0,1.71276,0.684599,1.028160,1,0,56.2364,0,0,0,56.2364,0
72.29,2.152,0,0,2.87798,0.15602,0.569951,3.6288,61.308,0.584172,0,0,0.905014,0.195547,0.125295,0.66528,12.849,1,0.382502,0.569951,0,49.9824,3.92311,46.2467,0.84672,12.849,0.84672,3695.15,0,36.966,0.35223,0.623765,1.99244,5.17895,1.03499,6.40793,0.42336,36.966,0.42336,423.524,0,1.02816,0,0,1.65192,0.623765,1.028160,1,0,52.78,0,0,0,52.78,0
72.2492,2.15246,0,0,2.62583,0.15127,0.36288,3.6288,61.308,0.584368,0,0,0.847575,0.200486,0.0627212,0.66528,12.849,1,0.382583,0.36288,0,45.7115,4.02093,41.6708,0.84672,12.849,0.84672,3695.15,0,36.966,0.352348,0.545702,1.99279,4.98332,1.06169,6.10777,0.42336,36.966,0.42336,423.524,0,1.02816,0,0,1.57386,0.545702,1.028160,1,0,47.8413,0,0,0,47.8413,0
72.111,2.15273,0,0,2.50013,0.122731,0.36288,3.6288,61.2452,0.584564,0,0,0.751853,0.23012,0,0.66528,12.849,1,0.382848,0.36288,0,44.8547,4.60782,40.2269,0.84672,12.849,0.84672,3695.15,0,36.966,0.352466,0.338939,1.99313,4.65108,1.22184,5.40884,0.42336,36.966,0.42336,423.524,0,1.02816,0,0,1.3671,0.338939,1.028160,1,0,45.6358,0,0,0,45.6358,0
71.5605,2.13099,0,0,2.05152,0.108175,0.36288,3.6288,61.1027,0.619667,0,0,0.757935,0.280737,0,0.66528,12.849,1,0.379707,0.36288,0,39.4885,5.04459,34.4271,0.84672,12.849,0.84672,3695.15,0,36.966,0.374015,0.30119,1.99347,3.51553,1.29318,4.143,0.42336,36.966,0.42336,423.524,0,1.01871,0,0,1.3199,0.30119,1.028160,1,0,38.5701,0,0,0,38.5701,0
70.8873,2.12896,0,0,1.924,0.105328,0.36288,3.6288,60.8712,0.666417,0,0,0.723833,0.288928,0,0.66528,12.849,1,0.382264,0.36288,0,38.4628,5.11739,33.326,0.84672,12.849,0.84672,3695.15,0,36.966,0.40317,0.261274,2.02528,3.37171,1.30506,3.95002,0.42336,36.966,0.42336,423.524,0,0.943125,0,0,1.2044,0.261274,1.028160,1,0,37.276,0,0,0,37.276,0
70.0524,2.12634,0,0,1.75908,0.104787,0.36288,3.6288,60.6372,0.651908,0,0,0.706467,0.288505,0,0.66528,12.849,1,0.385419,0.36288,0,37.9198,5.11739,32.7798,0.84672,12.849,0.84672,3695.15,0,36.966,0.395892,0.261274,2.02563,3.33025,1.30506,3.9162,0.42336,36.966,0.42336,423.524,0,0.965235,0,0,1.22651,0.261274,1.028160,1,0,36.696,0,0,0,36.696,0
69.0702,2.12291,0,0,1.60768,0.104116,0.36288,3.6288,60.2479,0.761939,0,0,0.660649,0.288077,0,0.66528,12.849,1,0.389383,0.36288,0,35.667,5.11739,30.5231,0.84672,12.849,0.84672,3695.15,0,36.966,0.464497,0.261274,2.02597,3.16902,1.30506,3.68671,0.42336,36.966,0.42336,423.524,0,0.786923,0,0,1.0482,0.261274,1.028160,1,0,34.2098,0,0,0,34.2098,0
67.8857,2.17408,0,0,1.43885,0.0863626,0.36288,3.6288,59.6391,0.876805,0,0,0.584499,0.316478,0,0.66528,12.849,1,0.40444,0.36288,0,30.4188,5.45766,24.9195,0.84672,12.849,0.84672,3695.15,0,36.966,0.537977,0.261274,2.02632,2.66322,1.42878,2.98406,0.42336,36.966,0.42336,423.524,0,0.640716,0,0,0.90199,0.261274,1.028160,1,0,27.9036,0,0,0,27.9036,0
66.8352,2.16861,0,0,1.55491,0.0738911,0.36288,3.6288,59.1691,0.851782,0,0,0.710348,0.328594,0,0.66528,12.849,1,0.410461,0.36288,0,36.2418,5.58201,30.6122,0.84672,12.849,0.84672,3695.15,0,36.966,0.527959,0.261274,2.07129,2.61668,1.47352,2.94777,0.42336,36.966,0.42336,423.524,0,0.676089,0,0,0.937362,0.261274,1.028160,1,0,33.56,0,0,0,33.56,0
65.6668,2.16365,0,0,1.43139,0.0732818,0.36288,3.6288,58.6501,0.793569,0,0,0.602211,0.327607,0,0.66528,12.849,1,0.41596,0.36288,0,29.7687,5.58201,24.1336,0.84672,12.849,0.84672,3695.15,0,36.966,0.495784,0.227405,2.07165,2.53008,1.47352,2.85983,0.42336,36.966,0.42336,423.524,0,0.766809,0,0,0.994213,0.227405,1.028160,1,0,26.9934,0,0,0,26.9934,0
64.3841,2.15792,0,0,1.31065,0.0726041,0.36288,3.6288,58.0017,0.879623,0,0,0.557771,0.326518,0,0.66528,12.849,1,0.422239,0.36288,0,28.295,5.58201,22.6536,0.84672,12.849,0.84672,3695.15,0,36.966,0.554409,0.227405,2.07201,2.22392,1.47352,2.4954,0.42336,36.966,0.42336,423.524,0,0.62246,0,0,0.849865,0.227405,1.028160,1,0,25.149,0,0,0,25.149,0
62.7794,2.56397,0,0,1.38479,0.0626463,0.36288,3.6288,57.632,0.67979,0,0,0.640316,0.330228,0,0.66528,12.849,1,0.511685,0.36288,0,27.7506,5.73156,21.8703,0.84672,12.849,0.84672,3695.15,0,36.966,0.433248,0.227405,2.07237,2.94195,1.5034,3.30507,0.42336,36.966,0.42336,423.524,0,0.792435,0,0,1.01984,0.227405,1.028160,1,0,25.1753,0,0,0,25.1753,0
60.7603,2.55359,0,0,1.00143,0.104044,0.36288,3.6288,57.2071,0.773448,0,0,0.623481,0.274969,0,0.66528,12.849,1,0.522641,0.36288,0,22.0207,4.65769,17.2032,0.84672,12.849,0.84672,3695.15,0,36.966,0.496101,0.227405,2.04855,1.91457,1.30675,2.38767,0.42336,36.966,0.42336,423.524,0,0.636284,0,0,0.863689,0.227405,1.028160,1,0,19.5909,0,0,0,19.5909,0
58.7661,2.53973,0,0,1.01075,0.102326,0.36288,3.6288,56.8187,0.730364,0,0,0.616186,0.274213,0,0.66528,12.849,1,0.537079,0.36288,0,21.6518,4.65769,16.8199,0.84672,12.849,0.84672,3695.15,0,36.966,0.471946,0.204422,2.04893,2.0604,1.30675,2.53506,0.42336,36.966,0.42336,423.524,0,0.703884,0,0,0.908306,0.204422,1.028160,1,0,19.355,0,0,0,19.355,0
56.9871,2.52526,0,0,1.20958,0.100442,0.36288,3.6288,56.4719,0.721896,0,0,0.648621,0.273521,0,0.66528,12.849,1,0.552138,0.36288,0,21.1713,4.65769,16.3243,0.84672,12.849,0.84672,3695.15,0,36.966,0.469663,0.204422,2.04932,2.76808,1.30675,3.24541,0.42336,36.966,0.42336,423.524,0,0.714995,0,0,0.919417,0.204422,1.028160,1,0,19.5697,0,0,0,19.5697,0
54.9122,2.51167,0,0,0.902776,0.103131,0.36288,3.6288,56.0119,0.751879,0,0,0.564821,0.272983,0,0.66528,12.849,1,0.566311,0.36288,0,20.1745,4.6799,15.2912,0.84672,12.849,0.84672,3695.15,0,36.966,0.492173,0.204422,2.04971,1.85909,1.3024,2.31864,0.42336,36.966,0.42336,423.524,0,0.662861,0,0,0.867283,0.204422,1.028160,1,0,17.6098,0,0,0,17.6098,0
54.1428,2.17362,0,0,1.92043,0.153373,0.36288,3.6288,56.1627,0.656487,0,0,1.07586,0.268577,0,0.66528,12.849,1,0.508609,0.36288,0,45.5763,5.21997,40.2106,0.84672,12.849,0.84672,3695.15,0,36.966,0.43326,0.657901,2.05009,4.9349,1.29177,5.91787,0.42336,36.966,0.42336,423.524,0,1.02816,0,0,1.68606,0.657901,1.028160,1,0,46.1284,0,0,0,46.1284,0
53.7235,2.16823,0,0,2.28054,0.16867,0.36288,3.6288,57.1782,0.657395,0,0,1.94031,0.267328,0,0.66528,12.849,1,0.514559,0.36288,0,49.9865,5.4138,44.421,0.84672,12.849,0.84672,3695.15,0,36.966,0.432695,2.3273,2.13894,7.12956,1.29186,9.87124,0.42336,36.966,0.42336,423.524,0,1.02816,0,0,3.35546,2.3273,1.028160,1,0,54.2922,0,0,0,54.2922,0
53.0255,2.16545,0,0,1.99822,0.167954,0.36288,3.6288,57.4462,0.662271,0,0,1.19933,0.269102,0,0.66528,12.849,1,0.517908,0.36288,0,50.7521,5.4138,45.1832,0.84672,12.849,0.84672,3695.15,0,36.966,0.428162,1.39999,2.13931,5.62059,1.29186,7.43987,0.42336,36.966,0.42336,423.524,0,1.02816,0,0,2.42815,1.39999,1.028160,1,0,52.6231,0,0,0,52.6231,0
51.9609,2.16041,0,0,1.6255,0.166761,0.36288,3.6288,57.5001,0.663695,0,0,0.987137,0.26957,0,0.66528,12.849,1,0.523506,0.36288,0,46.6051,5.4138,41.0307,0.84672,12.849,0.84672,3695.15,0,36.966,0.427081,0.867741,2.13969,5.07849,1.29186,6.36697,0.42336,36.966,0.42336,423.524,0,1.02816,0,0,1.8959,0.867741,1.028160,1,0,47.3977,0,0,0,47.3977,0
51.2605,2.09041,0,0,1.97373,0.220851,0.36288,3.6288,57.7069,0.613265,0,0,1.05913,0.239074,0,0.66528,12.849,1,0.51692,0.36288,0,49.417,4.95177,44.3112,0.84672,12.849,0.84672,3695.15,0,36.966,0.39426,0.934165,2.14006,5.36764,1.15042,6.89719,0.42336,36.966,0.42336,423.524,0,1.02816,0,0,1.96233,0.934165,1.028160,1,0,51.2084,0,0,0,51.2084,0
49.8458,2.0852,0,0,1.27731,0.243884,0.36288,3.6288,57.8076,0.614326,0,0,0.981616,0.266529,0,0.66528,12.849,1,0.522678,0.36288,0,54.1161,5.25011,48.7062,0.84672,12.849,0.84672,3695.15,0,36.966,0.393527,0.518141,2.06138,4.79304,1.2511,5.72793,0.42336,36.966,0.42336,423.524,0,1.02816,0,0,1.5463,0.518141,1.028160,1,0,54.4342,0,0,0,54.4342,0
48.2755,2.07384,0,0,1.10662,0.240284,0.36288,3.6288,57.8784,0.614944,0,0,0.952422,0.266702,0,0.66528,12.849,1,0.534584,0.36288,0,37.3518,5.25011,31.93,0.84672,12.849,0.84672,3695.15,0,36.966,0.393236,0.527187,2.06174,4.19526,1.2511,5.13984,0.42336,36.966,0.42336,423.524,0,1.02816,0,0,1.55535,0.527187,1.028160,1,0,37.0699,0,0,0,37.0699,0
49.1943,2.06054,0,0,3.55725,0.214983,0.36288,3.6288,58.3998,0.615438,0,0,1.39398,0.257112,0,0.66528,12.849,1,0.548434,0.36288,0,70.0995,5.0101,64.9039,0.84672,12.849,0.84672,3695.15,0,36.966,0.39307,1.13144,2.0621,8.94042,1.30477,10.4361,0.42336,36.966,0.42336,423.524,0,1.02816,0,0,2.1596,1.13144,1.028160,1,0,75.34,0,0,0,75.34,0
51.3991,1.89522,0,0,4.70727,0.244388,0.36288,3.6288,59.6729,0.511091,0,0,1.9925,0.208345,0,0.66528,12.849,1,0.495009,0.36288,0,110.04,3.93246,105.975,0.84672,12.849,0.84672,3695.15,0,36.966,0.323511,1.89925,2.06245,15.6889,1.07499,18.2521,0.42336,36.966,0.42336,423.524,0,1.02816,0,0,2.92741,1.89925,1.028160,1,0,124.227,0,0,0,124.227,0
51.7794,1.91261,0,0,2.86724,0.211459,0.36288,3.6288,61.0078,0.515534,0,0,2.06017,0.209756,0,0.66528,12.849,1,0.478124,0.36288,0,65.0848,3.69253,61.277,0.84672,12.849,0.84672,3695.15,0,36.966,0.319362,1.79802,1.8871,5.60454,0.884498,8.0858,0.42336,36.966,0.42336,423.524,0,1.02816,0,0,2.82618,1.79802,1.028160,1,0,69.3628,0,0,0,69.3628,0
54.2974,1.91583,0,0,5.00907,0.212297,0.36288,3.6288,61.308,0.520069,0,0,1.52303,0.211545,0.49119,0.66528,12.849,1,0.475411,0.36288,0,112.625,3.69253,108.82,0.84672,12.849,0.84672,3695.15,0,36.966,0.315122,1.71822,1.88742,6.35821,0.884498,8.76423,0.42336,36.966,0.42336,423.524,0,1.02816,0,0,2.74638,1.71822,1.028160,1,0,118.075,0,0,0,118.075,0
55.2378,1.93407,0,0,3.45517,0.217846,0.36288,3.6288,61.308,0.521216,0,0,0.914449,0.211947,0.181286,0.66528,12.849,1,0.45768,0.36288,0,85.3926,3.69253,81.6052,0.84672,12.849,0.84672,3695.15,0,36.966,0.31427,1.3455,1.88774,5.91798,0.884498,7.95245,0.42336,36.966,0.42336,423.524,0,1.02816,0,0,2.37366,1.3455,1.028160,1,0,89.739,0,0,0,89.739,0
55.9558,1.94081,0,0,3.24972,0.228021,0.36288,3.6288,61.308,0.5214,0,0,1.29246,0.221152,0.549906,0.66528,12.849,1,0.451455,0.36288,0,100.216,3.78067,96.347,0.84672,12.849,0.84672,3695.15,0,36.966,0.314381,1.85045,1.88807,6.50885,0.913783,9.0192,0.42336,36.966,0.42336,423.524,0,1.02816,0,0,2.87861,1.85045,1.028160,1,0,105.916,0,0,0,105.916,0
59.3342,2.01459,0,0,6.02854,0.272696,0.36288,3.6288,61.308,0.553085,0,0,2.40474,0.227083,1.62457,0.66528,12.849,1,0.462605,0.36288,0,166.734,4.16971,162.464,0.84672,12.849,0.84672,3695.15,0,36.966,0.333486,2.13913,1.88839,14.307,0.954732,17.0463,0.42336,36.966,0.42336,423.524,0,1.02816,0,0,3.16729,2.13913,1.028160,1,0,181.135,0,0,0,181.135,0
68.0537,2.03665,0,0,11.3963,0.277261,0.36288,3.6288,61.308,0.553267,0,0,4.71792,0.190111,3.97455,0.66528,12.849,1,0.441043,0.36288,0,223.902,4.06487,219.759,0.84672,12.849,0.84672,3695.15,0,36.966,0.333596,4.65999,1.94355,21.8389,0.853659,27.2552,0.42336,36.966,0.42336,423.524,0,1.02816,0,0,5.68815,4.65999,1.028160,1,0,250.989,0,0,0,250.989,0
72.29,2.08461,0,0,7.65426,0.297953,1.03545,3.6288,61.308,0.55345,0,0,3.0953,0.190111,2.35174,0.66528,12.849,1,0.393589,1.03545,0,182.287,4.06487,178.864,0.84672,12.849,0.84672,3695.15,0,36.966,0.333706,2.64298,1.94387,12.8199,0.853659,16.2194,0.42336,36.966,0.42336,423.524,0,1.02816,0,0,3.67114,2.64298,1.028160,1,0,197.435,0,0,0,197.435,0
72.29,2.10462,0,0,6.8988,0.307848,4.48633,3.6288,61.308,0.553632,0,0,1.70711,0.190111,0.963366,0.66528,12.849,1,0.374081,4.48633,0,127.548,4.06487,127.595,0.84672,12.849,0.84672,3695.15,0,36.966,0.333816,1.59387,1.94419,9.02465,0.853659,11.3752,0.42336,36.966,0.42336,423.524,0,1.02816,0,0,2.62203,1.59387,1.028160,1,0,139.934,0,0,0,139.934,0
72.29,2.33542,0,0,6.22473,0.299774,3.58954,3.6288,61.308,0.66528,0,0,1.53532,0.191898,0.678141,0.66528,12.849,1,0.415103,3.58954,0,113.094,4.12126,112.147,0.84672,12.849,0.84672,3695.15,0,36.966,0.412173,1.34829,1.94451,9.0822,0.912836,11.05,0.42336,36.966,0.42336,423.524,0,1.02816,0,0,2.37645,1.34829,1.028160,1,0,123.875,0,0,0,123.875,0
72.29,2.33589,0,0,7.96539,0.292457,5.33705,3.6288,61.308,0.66528,0,0,2.53844,0.19995,1.67321,0.66528,12.849,1,0.415186,5.33705,0,138.709,4.50978,139.121,0.84672,12.849,0.84672,3695.15,0,36.966,0.4125,2.47063,2.14224,18.201,1.04584,21.3556,0.42336,36.966,0.42336,423.524,0,1.02816,0,0,3.49879,2.47063,1.028160,1,0,162.15,0,0,0,162.15,0
72.29,2.33636,0,0,7.01322,0.31689,4.35997,3.6288,61.308,0.66528,0,0,2.38209,0.200512,1.5163,0.66528,12.849,1,0.41527,4.35997,0,159.804,4.44286,159.306,0.84672,12.849,0.84672,3695.15,0,36.966,0.412827,1.83476,2.1426,15.808,1.09145,18.2811,0.42336,36.966,0.42336,423.524,0,1.02816,0,0,2.86292,1.83476,1.028160,1,0,179.103,0,0,0,179.103,0
72.29,2.33683,0,0,5.80927,0.31689,3.15555,3.6288,61.308,0.66528,0,0,1.62159,0.200512,0.755798,0.66528,12.849,1,0.415353,3.15555,0,101.031,4.44286,99.3283,0.84672,12.849,0.84672,3695.15,0,36.966,0.413154,1.08648,2.14296,9.91889,1.09145,11.6437,0.42336,36.966,0.42336,423.524,0,1.02816,0,0,2.11464,1.08648,1.028160,1,0,111.728,0,0,0,111.728,0
72.29,2.00848,0,0,5.56559,0.318298,3.2388,3.6288,61.308,0.514037,0,0,2.30195,0.198347,1.58956,0.66528,12.849,1,0.356993,3.2388,0,104.399,4.40242,102.878,0.84672,12.849,0.84672,3695.15,0,36.966,0.309942,1.43565,2.14331,10.3715,1.07738,12.5632,0.42336,36.966,0.42336,423.524,0,1.02816,0,0,2.46381,1.43565,1.028160,1,0,117.031,0,0,0,117.031,0
72.29,2.00889,0,0,6.13919,0.326741,3.80356,3.6288,61.308,0.514213,0,0,4.19191,0.185355,3.49234,0.66528,12.849,1,0.357066,3.80356,0,98.5176,4.15978,97.8043,0.84672,12.849,0.84672,3695.15,0,36.966,0.310047,3.32793,1.87425,14.9322,0.992934,18.8314,0.42336,36.966,0.42336,423.524,0,1.02816,0,0,4.35609,3.32793,1.028160,1,0,120.128,0,0,0,120.128,0
72.29,2.0093,0,0,5.05738,0.326741,2.72133,3.6288,61.308,0.514388,0,0,2.98459,0.185355,2.28485,0.66528,12.849,1,0.357139,2.72133,0,84.3782,4.15978,82.5827,0.84672,12.849,0.84672,3695.15,0,36.966,0.310153,2.25061,1.87456,12.6194,0.992934,15.4415,0.42336,36.966,0.42336,423.524,0,1.02816,0,0,3.27877,2.25061,1.028160,1,0,100.309,0,0,0,100.309,0
72.29,2.00972,0,0,5.4557,0.326741,3.11925,3.6288,61.308,0.514563,0,0,3.54905,0.185355,2.84913,0.66528,12.849,1,0.357212,3.11925,0,95.574,4.15978,94.1762,0.84672,12.849,0.84672,3695.15,0,36.966,0.310259,2.38372,1.87487,10.2616,0.992934,13.217,0.42336,36.966,0.42336,423.524,0,1.02816,0,0,3.41188,2.38372,1.028160,1,0,110.242,0,0,0,110.242,0
72.29,2.01013,0,0,8.49977,0.32401,6.16564,3.6288,61.308,0.514738,0,0,5.51033,0.162446,4.83315,0.66528,12.849,1,0.357285,6.16564,0,176.698,3.80117,178.706,0.84672,12.849,0.84672,3695.15,0,36.966,0.310364,5.5208,1.87518,21.6342,0.931514,27.7883,0.42336,36.966,0.42336,423.524,0,1.02816,0,0,6.54896,5.5208,1.028160,1,0,211.327,0,0,0,211.327,0
72.29,2.09338,0,0,9.21318,0.299835,6.81996,3.6288,61.308,0.553833,0,0,5.50823,0.192562,4.76184,0.66528,12.849,1,0.372082,6.81996,0,233.584,4.42492,235.607,0.84672,12.849,0.84672,3695.15,0,36.966,0.333937,4.7079,1.87548,20.6085,1.06035,25.7976,0.42336,36.966,0.42336,423.524,0,1.02816,0,0,5.73606,4.7079,1.028160,1,0,266.166,0,0,0,266.166,0
72.29,2.09381,0,0,8.81773,0.290985,6.43293,3.6288,61.308,0.554015,0,0,3.95764,0.211481,3.19214,0.66528,12.849,1,0.372158,6.43293,0,169.489,4.78202,170.768,0.84672,12.849,0.84672,3695.15,0,36.966,0.334047,3.57836,1.94227,17.5288,1.13031,21.5851,0.42336,36.966,0.42336,423.524,0,1.02816,0,0,4.60652,3.57836,1.028160,1,0,195.545,0,0,0,195.545,0
72.29,2.09423,0,0,5.78968,0.290985,3.40446,3.6288,61.308,0.554198,0,0,2.96492,0.211481,2.19924,0.66528,12.849,1,0.372234,3.40446,0,109.004,4.78202,107.254,0.84672,12.849,0.84672,3695.15,0,36.966,0.334157,2.59176,1.94259,13.3222,1.13031,16.3921,0.42336,36.966,0.42336,423.524,0,1.02816,0,0,3.61992,2.59176,1.028160,1,0,125.846,0,0,0,125.846,0
72.29,2.09466,0,0,4.99224,0.290985,2.60659,3.6288,61.308,0.55438,0,0,2.72202,0.211481,1.95616,0.66528,12.849,1,0.372309,2.60659,0,93.35,4.78202,90.8023,0.84672,12.849,0.84672,3695.15,0,36.966,0.334267,2.61016,1.94291,12.0423,1.13031,15.1308,0.42336,36.966,0.42336,423.524,0,1.02816,0,0,3.63832,2.61016,1.028160,1,0,107.889,0,0,0,107.889,0
72.29,2.06267,0,0,4.71867,0.252854,2.40314,3.6288,61.308,0.539436,0,0,2.06461,0.205694,1.31948,0.66528,12.849,1,0.366624,2.40314,0,84.3437,4.69845,81.6818,0.84672,12.849,0.84672,3695.15,0,36.966,0.325256,1.9616,1.94323,10.6076,1.14804,13.0391,0.42336,36.966,0.42336,423.524,0,1.02816,0,0,2.98976,1.9616,1.028160,1,0,96.0404,0,0,0,96.0404,0
72.29,2.06309,0,0,4.68804,0.202013,2.42294,3.6288,61.308,0.539616,0,0,1.43717,0.197979,0.699574,0.66528,12.849,1,0.366699,2.42294,0,82.7574,4.58703,80.2266,0.84672,12.849,0.84672,3695.15,0,36.966,0.325364,1.51807,1.91767,8.69685,1.17169,10.6355,0.42336,36.966,0.42336,423.524,0,1.02816,0,0,2.54623,1.51807,1.028160,1,0,91.5617,0,0,0,91.5617,0
72.29,2.06351,0,0,4.36196,0.202013,2.09644,3.6288,61.308,0.539796,0,0,1.43391,0.197979,0.696137,0.66528,12.849,1,0.366773,2.09644,0,75.6665,4.58703,72.8092,0.84672,12.849,0.84672,3695.15,0,36.966,0.325473,1.52765,1.91798,8.26511,1.17169,10.2136,0.42336,36.966,0.42336,423.524,0,1.02816,0,0,2.55581,1.52765,1.028160,1,0,83.7189,0,0,0,83.7189,0
72.29,2.06393,0,0,4.19102,0.202013,1.92508,3.6288,61.308,0.539976,0,0,1.8111,0.197979,1.07315,0.66528,12.849,1,0.366848,1.92508,0,72.5242,4.58703,69.4954,0.84672,12.849,0.84672,3695.15,0,36.966,0.325581,2.05863,1.9183,10.084,1.17169,12.5637,0.42336,36.966,0.42336,423.524,0,1.02816,0,0,3.08679,2.05863,1.028160,1,0,83.1322,0,0,0,83.1322,0
72.29,2.17446,0,0,3.85906,0.19251,1.49209,3.6288,61.308,0.593838,0,0,1.45199,0.133389,0.724759,0.66528,12.849,1,0.386493,1.49209,0,63.11,4.03905,60.1766,0.84672,12.849,0.84672,3695.15,0,36.966,0.358058,1.46905,1.91861,8.35626,0.929891,10.456,0.42336,36.966,0.42336,423.524,0,1.02816,0,0,2.49721,1.46905,1.028160,1,0,71.3573,0,0,0,71.3573,0
72.29,2.1749,0,0,4.29043,0.179589,1.93594,3.6288,61.308,0.594028,0,0,1.18873,0.200223,0.394484,0.66528,12.849,1,0.386572,1.93594,0,76.5141,4.81405,73.2494,0.84672,12.849,0.84672,3695.15,0,36.966,0.358172,1.15446,2.00971,8.11763,1.04061,9.88302,0.42336,36.966,0.42336,423.524,0,1.02816,0,0,2.18262,1.15446,1.028160,1,0,83.5269,0,0,0,83.5269,0
72.29,2.17534,0,0,3.52334,0.11642,1.23158,3.6288,61.308,0.594217,0,0,1.13191,0.220735,0.316957,0.66528,12.849,1,0.38665,1.23158,0,47.8798,5.34633,43.3784,0.84672,12.849,0.84672,3695.15,0,36.966,0.358287,0.969002,2.01005,7.1045,1.1766,8.54866,0.42336,36.966,0.42336,423.524,0,1.02816,0,0,1.99716,0.969002,1.028160,1,0,52.244,0,0,0,52.244,0
72.29,2.17578,0,0,3.3626,0.0935856,1.09324,3.6288,61.308,0.594407,0,0,1.05677,0.227753,0.234607,0.66528,12.849,1,0.386728,1.09324,0,42.7516,5.46567,37.9924,0.84672,12.849,0.84672,3695.15,0,36.966,0.358401,0.806172,2.01038,6.89662,1.2273,8.12747,0.42336,36.966,0.42336,423.524,0,1.02816,0,0,1.83433,0.806172,1.028160,1,0,46.3545,0,0,0,46.3545,0
72.29,2.17622,0,0,3.27149,0.0935856,1.00169,3.6288,61.308,0.594597,0,0,1.07195,0.227753,0.249598,0.66528,12.849,1,0.386807,1.00169,0,40.6236,5.46567,35.7728,0.84672,12.849,0.84672,3695.15,0,36.966,0.358516,0.954858,2.01071,6.56752,1.2273,7.94727,0.42336,36.966,0.42336,423.524,0,1.02816,0,0,1.98302,0.954858,1.028160,1,0,43.9697,0,0,0,43.9697,0
72.1668,2.15487,0,0,2.49941,0.104915,0.36288,3.6288,61.17,0.624318,0,0,0.750246,0.263974,0,0.66528,12.849,1,0.383011,0.36288,0,35.8104,5.38504,30.4052,0.84672,12.849,0.84672,3695.15,0,36.966,0.376436,0.615626,2.01104,4.53772,1.25711,5.53084,0.42336,36.966,0.42336,423.524,0,1.02816,0,0,1.64379,0.615626,1.028160,1,0,35.936,0,0,0,35.936,0
71.7019,2.15475,0,0,2.16217,0.109344,0.36288,3.6288,60.8689,0.623984,0,0,0.601169,0.27822,0,0.66528,12.849,1,0.383644,0.36288,0,34.3126,5.3528,28.9391,0.84672,12.849,0.84672,3695.15,0,36.966,0.377084,0.409415,2.04314,4.06204,1.26904,4.86847,0.42336,36.966,0.42336,423.524,0,1.02816,0,0,1.43757,0.409415,1.028160,1,0,33.8075,0,0,0,33.8075,0
71.0458,2.15308,0,0,1.96881,0.108958,0.36288,3.6288,60.5633,0.623018,0,0,0.595113,0.27769,0,0.66528,12.849,1,0.385832,0.36288,0,34.0475,5.3528,28.6717,0.84672,12.849,0.84672,3695.15,0,36.966,0.378362,0.411471,2.04348,3.9095,1.26904,4.71705,0.42336,36.966,0.42336,423.524,0,1.02816,0,0,1.43963,0.411471,1.028160,1,0,33.3888,0,0,0,33.3888,0
70.2054,2.15049,0,0,1.78132,0.108414,0.36288,3.6288,60.1988,0.639657,0,0,0.552277,0.277152,0,0.66528,12.849,1,0.388928,0.36288,0,30.575,5.3528,25.1961,0.84672,12.849,0.84672,3695.15,0,36.966,0.390427,0.261274,2.04381,3.74955,1.26904,4.39518,0.42336,36.966,0.42336,423.524,0,0.999769,0,0,1.26104,0.261274,1.028160,1,0,29.5913,0,0,0,29.5913,0
69.3073,2.20307,0,0,1.74839,0.0804757,0.36288,3.6288,59.7286,0.659865,0,0,0.52691,0.337261,0,0.66528,12.849,1,0.403206,0.36288,0,28.8328,6.03896,22.7535,0.84672,12.849,0.84672,3695.15,0,36.966,0.4052,0.261274,2.04415,3.48287,1.5479,3.83519,0.42336,36.966,0.42336,423.524,0,1.00732,0,0,1.26859,0.261274,1.028160,1,0,26.5887,0,0,0,26.5887,0
68.5863,2.1991,0,0,1.91832,0.0774203,0.36288,3.6288,59.2549,0.662383,0,0,0.524316,0.335638,0,0.66528,12.849,1,0.407695,0.36288,0,28.4564,5.77825,22.6334,0.84672,12.849,0.84672,3695.15,0,36.966,0.409949,0.261274,2.08954,3.19787,1.52376,3.61498,0.42336,36.966,0.42336,423.524,0,1.00037,0,0,1.26165,0.261274,1.028160,1,0,26.2484,0,0,0,26.2484,0
67.6484,2.19594,0,0,1.69795,0.0769869,0.36288,3.6288,58.733,0.679387,0,0,0.492121,0.334623,0,0.66528,12.849,1,0.411389,0.36288,0,26.8625,5.77825,21.0358,0.84672,12.849,0.84672,3695.15,0,36.966,0.423834,0.227405,2.08989,3.19965,1.52376,3.56935,0.42336,36.966,0.42336,423.524,0,0.969805,0,0,1.19721,0.227405,1.028160,1,0,24.6051,0,0,0,24.6051,0
66.5699,2.19159,0,0,1.55242,0.0764232,0.36288,3.6288,58.1398,0.73505,0,0,0.475379,0.333504,0,0.66528,12.849,1,0.416266,0.36288,0,25.2267,5.77825,19.3951,0.84672,12.849,0.84672,3695.15,0,36.966,0.462634,0.227405,2.09023,3.04859,1.52376,3.37984,0.42336,36.966,0.42336,423.524,0,0.875664,0,0,1.10307,0.227405,1.028160,1,0,22.7749,0,0,0,22.7749,0
65.1298,2.34932,0,0,1.33216,0.0600856,0.36288,3.6288,57.4462,0.828567,0,0,0.473434,0.338468,0,0.66528,12.849,1,0.453455,0.36288,0,24.063,6.03756,17.9349,0.84672,12.849,0.84672,3695.15,0,36.966,0.532727,0.227405,2.09058,3.02924,1.53903,3.27547,0.42336,36.966,0.42336,423.524,0,0.864873,0,0,1.09228,0.227405,1.028160,1,0,21.2103,0,0,0,21.2103,0
63.5818,2.34142,0,0,1.23625,0.0799839,0.36288,3.6288,56.491,0.9768,0,0,0.38177,0.360139,0,0.66528,12.849,1,0.461922,0.36288,0,16.5279,5.95171,10.4771,0.84672,12.849,0.84672,3695.15,0,36.966,0.62856,0.227405,2.24518,2.56269,1.58644,2.82027,0.42336,36.966,0.42336,423.524,0,0.621156,0,0,0.84856,0.227405,1.028160,1,0,13.2974,0,0,0,13.2974,0
62.1395,2.33253,0,0,1.33389,0.0807504,0.36288,3.6288,55.7351,0.852678,0,0,0.460288,0.363575,0,0.66528,12.849,1,0.471373,0.36288,0,19.744,5.96022,13.6752,0.84672,12.849,0.84672,3695.15,0,36.966,0.557966,0.204422,2.24555,2.86873,1.61413,3.14661,0.42336,36.966,0.42336,423.524,0,0.816221,0,0,1.02064,0.204422,1.028160,1,0,16.8219,0,0,0,16.8219,0
60.4702,2.32393,0,0,1.09738,0.0798042,0.36288,3.6288,54.6659,1.04259,0,0,0.335222,0.361783,0,0.66528,12.849,1,0.480535,0.36288,0,18.0885,5.96022,12.0107,0.84672,12.849,0.84672,3695.15,0,36.966,0.69149,0.204422,2.24593,2.34961,1.61413,2.49435,0.42336,36.966,0.42336,423.524,0,0.493137,0,0,0.697559,0.204422,1.028160,1,0,14.505,0,0,0,14.505,0
59.0827,2.31346,0,0,1.36752,0.0787091,0.36288,3.6288,54.2221,0.66528,0,0,0.580705,0.359248,0,0.66528,12.849,1,0.491574,0.36288,0,17.632,5.96022,11.5431,0.84672,12.849,0.84672,3695.15,0,36.966,0.534122,0.350317,2.2463,3.66462,1.61413,4.11299,0.42336,36.966,0.42336,423.524,0,1.02816,0,0,1.37848,0.350317,1.028160,1,0,15.6561,0,0,0,15.6561,0
57.4125,2.22655,0,0,1.00627,0.0870111,0.36288,3.6288,53.3481,0.892133,0,0,0.37089,0.352755,0,0.66528,12.849,1,0.484218,0.36288,0,13.7442,5.44307,8.17976,0.84672,12.849,0.84672,3695.15,0,36.966,0.608213,0.204422,2.24668,2.77338,1.38707,3.2292,0.42336,36.966,0.42336,423.524,0,0.634919,0,0,0.839341,0.204422,1.028160,1,0,11.409,0,0,0,11.409,0
55.6493,2.21548,0,0,0.94576,0.130654,0.36288,3.6288,52.3596,0.971184,0,0,0.330702,0.348044,0,0.66528,12.849,1,0.495828,0.36288,0,11.8969,5.74956,6.01443,0.84672,12.849,0.84672,3695.15,0,36.966,0.672953,0.216518,2.1577,1.85659,1.49971,2.05815,0.42336,36.966,0.42336,423.524,0,0.491461,0,0,0.707979,0.216518,1.028160,1,0,8.07257,0,0,0,8.07257,0
54.356,2.20316,0,0,1.41843,0.14571,0.36288,3.6288,51.5453,0.862551,0,0,0.380611,0.332304,0,0.66528,12.849,1,0.508694,0.36288,0,14.489,5.63913,8.70408,0.84672,12.849,0.84672,3695.15,0,36.966,0.608963,0.216518,2.15806,1.97476,1.46178,2.27859,0.42336,36.966,0.42336,423.524,0,0.664416,0,0,0.880934,0.216518,1.028160,1,0,10.9827,0,0,0,10.9827,0
53.5705,2.19382,0,0,1.91511,0.14383,0.36288,3.6288,51.1849,0.645313,0,0,0.615053,0.330128,0,0.66528,12.849,1,0.518588,0.36288,0,28.9128,5.63913,23.118,0.84672,12.849,0.84672,3695.15,0,36.966,0.46279,0.404222,2.15842,3.11068,1.46178,3.74875,0.42336,36.966,0.42336,423.524,0,1.02816,0,0,1.43238,0.404222,1.028160,1,0,26.8667,0,0,0,26.8667,0
52.4893,2.1253,0,0,1.58932,0.182424,0.36288,3.6288,50.5643,0.756174,0,0,0.433072,0.297532,0,0.66528,12.849,1,0.509757,0.36288,0,26.3369,5.40322,20.7868,0.84672,12.849,0.84672,3695.15,0,36.966,0.546112,0.216518,2.15878,2.10036,1.41643,2.51311,0.42336,36.966,0.42336,423.524,0,0.749917,0,0,0.966436,0.216518,1.028160,1,0,23.2999,0,0,0,23.2999,0
50.878,2.11729,0,0,1.07359,0.204694,0.36288,3.6288,49.6988,0.972598,0,0,0.287942,0.180867,0,0.66528,12.849,1,0.518298,0.36288,0,14.0052,4.16986,9.6799,0.84672,12.849,0.84672,3695.15,0,36.966,0.711036,0.216518,2.07934,2.39926,1.0626,2.92149,0.42336,36.966,0.42336,423.524,0,0.368887,0,0,0.585405,0.216518,1.028160,1,0,12.6014,0,0,0,12.6014,0
49.8252,2.10461,0,0,1.61603,0.201296,0.36288,3.6288,49.6289,0.587612,0,0,0.697283,0.179589,0,0.66528,12.849,1,0.53151,0.36288,0,21.8394,4.16986,17.5009,0.84672,12.849,0.84672,3695.15,0,36.966,0.437066,0.663811,2.07969,4.86501,1.0626,6.10885,0.42336,36.966,0.42336,423.524,0,1.02816,0,0,1.69197,0.663811,1.028160,1,0,23.6098,0,0,0,23.6098,0
51.0795,2.09611,0,0,3.91234,0.199076,0.36288,3.6288,50.4241,0.587441,0,0,1.56215,0.179486,0,0.66528,12.849,1,0.540547,0.36288,0,57.2331,4.16986,52.8856,0.84672,12.849,0.84672,3695.15,0,36.966,0.437554,1.63417,2.08003,7.3597,1.0626,9.57375,0.42336,36.966,0.42336,423.524,0,1.02816,0,0,2.66233,1.63417,1.028160,1,0,62.4593,0,0,0,62.4593,0
50.8324,1.93025,0,0,2.28793,0.241878,0.36288,3.6288,50.5819,0.549578,0,0,0.857244,0.149891,0,0.66528,12.849,1,0.485552,0.36288,0,32.2895,3.61388,28.5529,0.84672,12.849,0.84672,3695.15,0,36.966,0.402897,0.292723,2.08038,4.45813,0.814697,5.61363,0.42336,36.966,0.42336,423.524,0,0.925107,0,0,1.21783,0.292723,1.028160,1,0,34.1666,0,0,0,34.1666,0
52.0188,1.92876,0,0,3.69207,0.214059,0.36288,3.6288,50.8696,0.490929,0,0,0.938287,0.159632,0,0.66528,12.849,1,0.487536,0.36288,0,49.8988,3.79618,45.978,0.84672,12.849,0.84672,3695.15,0,36.966,0.358779,0.706579,1.90334,6.74929,0.961936,8.0385,0.42336,36.966,0.42336,423.524,0,1.02816,0,0,1.73474,0.706579,1.028160,1,0,54.0165,0,0,0,54.0165,0
55.112,1.93807,0,0,5.61213,0.217938,0.36288,3.6288,51.4821,0.49227,0,0,1.26189,0.157131,0,0.66528,12.849,1,0.478717,0.36288,0,58.7102,3.78084,54.8135,0.84672,12.849,0.84672,3695.15,0,36.966,0.357724,1.31534,1.90365,11.2359,0.993613,13.1036,0.42336,36.966,0.42336,423.524,0,1.02816,0,0,2.3435,1.31534,1.028160,1,0,67.9171,0,0,0,67.9171,0
56.4148,1.96026,0,0,3.85531,0.229434,0.36288,3.6288,52.0117,0.494913,0,0,1.18128,0.156767,0,0.66528,12.849,1,0.457021,0.36288,0,65.5101,3.8317,61.5843,0.84672,12.849,0.84672,3695.15,0,36.966,0.355366,1.00737,1.90397,6.70321,0.98564,8.27354,0.42336,36.966,0.42336,423.524,0,1.02816,0,0,2.03553,1.00737,1.028160,1,0,69.8578,0,0,0,69.8578,0
56.8157,1.96926,0,0,2.99463,0.261624,0.36288,3.6288,52.2912,0.497196,0,0,0.949856,0.173158,0,0.66528,12.849,1,0.448517,0.36288,0,49.7502,4.4982,45.1664,0.84672,12.849,0.84672,3695.15,0,36.966,0.353369,0.683502,1.90428,5.3322,1.08031,6.48631,0.42336,36.966,0.42336,423.524,0,1.02816,0,0,1.71166,0.683502,1.028160,1,0,51.6527,0,0,0,51.6527,0
57.174,2.04174,0,0,3.04042,0.277462,0.36288,3.6288,52.5493,0.528332,0,0,0.992434,0.205949,0,0.66528,12.849,1,0.461745,0.36288,0,76.3907,4.5132,71.7787,0.84672,12.849,0.84672,3695.15,0,36.966,0.373492,0.752604,1.90459,5.28194,1.11351,6.45214,0.42336,36.966,0.42336,423.524,0,1.02816,0,0,1.78076,0.752604,1.028160,1,0,78.2308,0,0,0,78.2308,0
60.971,2.0445,0,0,6.49048,0.286126,0.36288,3.6288,53.5204,0.529575,0,0,1.73727,0.236575,0,0.66528,12.849,1,0.459472,0.36288,0,106.833,4.88484,101.851,0.84672,12.849,0.84672,3695.15,0,36.966,0.372531,1.96958,1.96026,10.2358,1.13456,12.6586,0.42336,36.966,0.42336,423.524,0,1.02816,0,0,2.99774,1.96958,1.028160,1,0,114.51,0,0,0,114.51,0
62.3476,2.06854,0,0,4.10311,0.295016,0.36288,3.6288,54.0879,0.533741,0,0,1.34422,0.243008,0,0.66528,12.849,1,0.435923,0.36288,0,116.513,5.0505,111.389,0.84672,12.849,0.84672,3695.15,0,36.966,0.368649,1.88294,1.96057,6.83651,1.17291,9.13846,0.42336,36.966,0.42336,423.524,0,1.02816,0,0,2.9111,1.88294,1.028160,1,0,120.528,0,0,0,120.528,0
67.2111,2.07693,0,0,7.6017,0.298387,0.36288,3.6288,54.1136,0.536206,0,0,0.805879,0.244024,0,0.66528,12.849,1,0.428026,0.36288,0,81.159,5.0505,76.0433,0.84672,12.849,0.84672,3695.15,0,36.966,0.366466,1.05778,1.96088,5.35861,1.17291,6.8379,0.42336,36.966,0.42336,423.524,0,1.02816,0,0,2.08594,1.05778,1.028160,1,0,82.8812,0,0,0,82.8812,0
71.008,2.33325,0,0,6.79497,0.302002,0.36288,3.6288,54.3421,0.650256,0,0,1.1341,0.255308,0,0.66528,12.849,1,0.446057,0.36288,0,126.034,5.28558,120.666,0.84672,12.849,0.84672,3695.15,0,36.966,0.444202,1.42865,1.96119,8.10391,1.28771,9.76183,0.42336,36.966,0.42336,423.524,0,1.02816,0,0,2.45681,1.42865,1.028160,1,0,130.427,0,0,0,130.427,0
72.29,2.3539,0,0,6.81644,0.268558,2.91196,3.6288,54.7284,0.651556,0,0,1.29033,0.252484,0,0.66528,12.849,1,0.425942,2.91196,0,108.448,4.07326,106.86,0.84672,12.849,0.84672,3695.15,0,36.966,0.443218,2.00683,2.16078,9.17464,1.10265,11.7964,0.42336,36.966,0.42336,423.524,0,1.02816,0,0,3.03499,2.00683,1.028160,1,0,118.657,0,0,0,118.657,0
72.29,2.36077,0,0,9.98231,0.271196,7.35034,3.6288,55.1931,0.653612,0,0,1.37142,0.253129,0,0.66528,12.849,1,0.419609,7.35034,0,162.005,4.07326,164.863,0.84672,12.849,0.84672,3695.15,0,36.966,0.441479,1.86844,2.16112,10.3846,1.10265,12.87,0.42336,36.966,0.42336,423.524,0,1.02816,0,0,2.8966,1.86844,1.028160,1,0,177.733,0,0,0,177.733,0
72.29,2.36123,0,0,7.90128,0.271196,5.26886,3.6288,56.2284,0.656028,0,0,1.94529,0.253905,0,0.66528,12.849,1,0.41969,5.26886,0,125.844,4.07326,126.62,0.84672,12.849,0.84672,3695.15,0,36.966,0.43938,2.67076,2.16147,10.5251,1.10265,13.8153,0.42336,36.966,0.42336,423.524,0,1.02816,0,0,3.69892,2.67076,1.028160,1,0,140.435,0,0,0,140.435,0
72.29,2.02978,0,0,8.01671,0.347872,5.63906,3.6288,57.1618,0.505934,0,0,1.67112,0.23181,0,0.66528,12.849,1,0.360778,5.63906,0,127.907,3.90744,129.278,0.84672,12.849,0.84672,3695.15,0,36.966,0.332614,1.99617,2.16181,9.87768,1.05416,12.6489,0.42336,36.966,0.42336,423.524,0,1.02816,0,0,3.02433,1.99617,1.028160,1,0,141.927,0,0,0,141.927,0
72.29,2.03018,0,0,4.5172,0.313323,2.1737,3.6288,57.399,0.509397,0,0,0.927616,0.181044,0,0.66528,12.849,1,0.360848,2.1737,0,100.884,3.08952,99.6074,0.84672,12.849,0.84672,3695.15,0,36.966,0.329422,1.1825,1.89021,5.34784,0.803829,7.28729,0.42336,36.966,0.42336,423.524,0,1.02816,0,0,2.21066,1.1825,1.028160,1,0,106.895,0,0,0,106.895,0
72.29,2.03057,0,0,4.89599,0.313323,2.5521,3.6288,57.5094,0.510391,0,0,0.802164,0.181323,0,0.66528,12.849,1,0.360919,2.5521,0,91.9426,3.08952,91.0442,0.84672,12.849,0.84672,3695.15,0,36.966,0.328701,0.962911,1.89051,5.21642,0.803829,6.9373,0.42336,36.966,0.42336,423.524,0,1.02816,0,0,1.99107,0.962911,1.028160,1,0,97.9815,0,0,0,97.9815,0
72.29,2.03097,0,0,4.99216,0.313323,2.64786,3.6288,57.7578,0.510941,0,0,0.94074,0.181453,0,0.66528,12.849,1,0.36099,2.64786,0,92.3175,3.08952,91.5149,0.84672,12.849,0.84672,3695.15,0,36.966,0.328423,1.22571,1.8908,5.09193,0.803829,7.0762,0.42336,36.966,0.42336,423.524,0,1.02816,0,0,2.25387,1.22571,1.028160,1,0,98.5911,0,0,0,98.5911,0
72.29,2.03137,0,0,8.12532,0.301995,5.79195,3.6288,58.5228,0.511968,0,0,1.45286,0.175863,0,0.66528,12.849,1,0.36106,5.79195,0,177.643,3.00233,180.071,0.84672,12.849,0.84672,3695.15,0,36.966,0.327668,2.73356,1.8911,10.0999,0.791304,13.6056,0.42336,36.966,0.42336,423.524,0,1.02816,0,0,3.76172,2.73356,1.028160,1,0,193.677,0,0,0,193.677,0
72.29,2.11538,0,0,4.98003,0.335522,2.52912,3.6288,58.8531,0.553352,0,0,1.05383,0.170181,0,0.66528,12.849,1,0.375994,2.52912,0,96.5491,3.45353,95.2487,0.84672,12.849,0.84672,3695.15,0,36.966,0.349526,1.70755,1.8914,9.08816,0.778154,11.5594,0.42336,36.966,0.42336,423.524,0,1.02816,0,0,2.73571,1.70755,1.028160,1,0,106.808,0,0,0,106.808,0
72.29,2.1158,0,0,4.72508,0.35848,2.2508,3.6288,58.9371,0.554731,0,0,0.799422,0.160713,0,0.66528,12.849,1,0.376067,2.2508,0,58.0417,3.32383,56.5926,0.84672,12.849,0.84672,3695.15,0,36.966,0.34843,0.994905,1.9588,5.36823,0.79574,7.17777,0.42336,36.966,0.42336,423.524,0,1.02816,0,0,2.02306,0.994905,1.028160,1,0,63.7704,0,0,0,63.7704,0
72.29,2.11621,0,0,4.33337,0.35726,1.8599,3.6288,58.6721,0.764848,0,0,0.666254,0.16637,0,0.66528,12.849,1,0.37614,1.8599,0,67.1792,3.41932,65.2436,0.84672,12.849,0.84672,3695.15,0,36.966,0.479721,0.528595,1.95911,5.07018,0.852627,6.22554,0.42336,36.966,0.42336,423.524,0,0.687036,0,0,1.21563,0.528595,1.028160,1,0,71.4692,0,0,0,71.4692,0
72.29,2.11662,0,0,4.29941,0.35726,1.82553,3.6288,59.0535,0.554419,0,0,1.10192,0.166087,0,0.66528,12.849,1,0.376214,1.82553,0,68.6566,3.41932,66.6866,0.84672,12.849,0.84672,3695.15,0,36.966,0.349308,1.5361,1.95942,7.35617,0.852627,9.64976,0.42336,36.966,0.42336,423.524,0,1.02816,0,0,2.56426,1.5361,1.028160,1,0,76.3364,0,0,0,76.3364,0
72.29,2.08432,0,0,4.12309,0.339072,1.6997,3.6288,59.4295,0.540929,0,0,1.09181,0.174886,0,0.66528,12.849,1,0.370472,1.6997,0,71.5539,3.53749,69.3456,0.84672,12.849,0.84672,3695.15,0,36.966,0.338608,1.03127,1.95973,6.51458,0.860328,8.30665,0.42336,36.966,0.42336,423.524,0,1.02816,0,0,2.05943,1.03127,1.028160,1,0,77.6523,0,0,0,77.6523,0
72.29,2.08473,0,0,3.61691,0.293604,1.23858,3.6288,59.6411,0.542422,0,0,0.950348,0.196337,0,0.66528,12.849,1,0.370544,1.23858,0,60.5445,3.83292,57.5797,0.84672,12.849,0.84672,3695.15,0,36.966,0.337394,1.11832,1.93391,5.24225,0.87958,7.07751,0.42336,36.966,0.42336,423.524,0,1.02816,0,0,2.14648,1.11832,1.028160,1,0,64.6572,0,0,0,64.6572,0
72.29,2.08513,0,0,3.17108,0.293604,0.792342,3.6288,59.7973,0.543333,0,0,0.896132,0.196603,0,0.66528,12.849,1,0.370617,0.792342,0,55.2828,3.83292,51.8716,0.84672,12.849,0.84672,3695.15,0,36.966,0.336762,0.858557,1.93422,4.88241,0.87958,6.45885,0.42336,36.966,0.42336,423.524,0,1.02816,0,0,1.88672,0.858557,1.028160,1,0,58.3304,0,0,0,58.3304,0
72.29,2.08554,0,0,3.43945,0.293604,1.06031,3.6288,59.9164,0.54405,0,0,0.859887,0.196799,0,0.66528,12.849,1,0.370689,1.06031,0,59.596,3.83292,56.4527,0.84672,12.849,0.84672,3695.15,0,36.966,0.336325,0.504438,1.93453,5.34354,0.87958,6.5666,0.42336,36.966,0.42336,423.524,0,1.02816,0,0,1.5326,0.504438,1.028160,1,0,63.0193,0,0,0,63.0193,0
72.29,2.19708,0,0,3.18691,0.228,0.761829,3.6288,59.9228,0.598348,0,0,0.831801,0.226974,0,0.66528,12.849,1,0.390514,0.761829,0,54.3635,4.22697,50.5078,0.84672,12.849,0.84672,3695.15,0,36.966,0.369157,0.700678,1.93483,4.98722,0.965127,6.28844,0.42336,36.966,0.42336,423.524,0,1.02816,0,0,1.72884,0.700678,1.028160,1,0,56.7963,0,0,0,56.7963,0
72.29,2.1975,0,0,3.1793,0.234749,0.747051,3.6288,60.036,0.598555,0,0,0.926986,0.21528,0,0.66528,12.849,1,0.39059,0.747051,0,47.3156,4.9974,42.6746,0.84672,12.849,0.84672,3695.15,0,36.966,0.369245,0.666585,2.02677,4.41863,0.995433,5.7473,0.42336,36.966,0.42336,423.524,0,1.02816,0,0,1.69474,0.666585,1.028160,1,0,48.4219,0,0,0,48.4219,0
72.29,2.19793,0,0,2.90752,0.216013,0.493571,3.6288,59.9853,0.599168,0,0,0.744474,0.196013,0,0.66528,12.849,1,0.390666,0.493571,0,42.8104,4.64396,38.2694,0.84672,12.849,0.84672,3695.15,0,36.966,0.368926,0.605094,2.02709,4.18067,0.992243,5.45168,0.42336,36.966,0.42336,423.524,0,1.02816,0,0,1.63325,0.605094,1.028160,1,0,43.7211,0,0,0,43.7211,0
72.1994,2.19836,0,0,2.65599,0.185335,0.36288,3.6288,59.9247,0.599157,0,0,0.738184,0.199568,0,0.66528,12.849,1,0.390742,0.36288,0,38.2623,4.75766,33.4768,0.84672,12.849,0.84672,3695.15,0,36.966,0.369231,0.604679,2.02741,3.99343,0.956716,5.29957,0.42336,36.966,0.42336,423.524,0,1.02816,0,0,1.63284,0.604679,1.028160,1,0,38.7764,0,0,0,38.7764,0
72.0563,2.19837,0,0,2.6033,0.185207,0.36288,3.6288,59.9245,0.599109,0,0,0.798388,0.199491,0,0.66528,12.849,1,0.391234,0.36288,0,36.6542,4.75766,31.8682,0.84672,12.849,0.84672,3695.15,0,36.966,0.369574,0.573869,2.02773,4.30307,0.956716,5.57838,0.42336,36.966,0.42336,423.524,0,1.02816,0,0,1.60203,0.573869,1.028160,1,0,37.4465,0,0,0,37.4465,0
72.0064,2.17615,0,0,2.65414,0.164961,0.36288,3.6288,59.8455,0.628839,0,0,0.763379,0.213604,0,0.66528,12.849,1,0.388049,0.36288,0,39.667,4.63274,35.0091,0.84672,12.849,0.84672,3695.15,0,36.966,0.387915,0.605388,2.02805,4.37021,1.07644,5.5393,0.42336,36.966,0.42336,423.524,0,1.02816,0,0,1.63355,0.605388,1.028160,1,0,40.5484,0,0,0,40.5484,0
71.9236,2.17635,0,0,2.60626,0.149871,0.36288,3.6288,59.7686,0.628709,0,0,0.775958,0.224076,0,0.66528,12.849,1,0.388352,0.36288,0,42.6022,4.53905,38.0377,0.84672,12.849,0.84672,3695.15,0,36.966,0.388348,0.700549,2.06043,4.94602,1.16622,6.15243,0.42336,36.966,0.42336,423.524,0,1.02816,0,0,1.72871,0.700549,1.028160,1,0,44.1901,0,0,0,44.1901,0
71.5954,2.17639,0,0,2.36091,0.149776,0.36288,3.6288,59.6576,0.628588,0,0,0.741493,0.223966,0,0.66528,12.849,1,0.388807,0.36288,0,41.8669,4.53905,37.302,0.84672,12.849,0.84672,3695.15,0,36.966,0.388772,0.61465,2.06076,4.67254,1.16622,5.79295,0.42336,36.966,0.42336,423.524,0,1.02816,0,0,1.64281,0.61465,1.028160,1,0,43.0949,0,0,0,43.0949,0
71.0622,2.1753,0,0,2.14962,0.144667,0.36288,3.6288,59.4958,0.628328,0,0,0.70124,0.234662,0,0.66528,12.849,1,0.390394,0.36288,0,36.8552,4.68019,32.1475,0.84672,12.849,0.84672,3695.15,0,36.966,0.389335,0.457721,2.06109,4.53506,1.21775,5.44678,0.42336,36.966,0.42336,423.524,0,1.02816,0,0,1.48588,0.457721,1.028160,1,0,37.5943,0,0,0,37.5943,0
70.5238,2.22994,0,0,2.17088,0.11647,0.36288,3.6288,59.21,0.654143,0,0,0.667276,0.29896,0,0.66528,12.849,1,0.403203,0.36288,0,34.4434,5.52162,28.8815,0.84672,12.849,0.84672,3695.15,0,36.966,0.406432,0.506788,2.06141,4.40088,1.51897,5.04368,0.42336,36.966,0.42336,423.524,0,1.02816,0,0,1.53495,0.506788,1.028160,1,0,33.9252,0,0,0,33.9252,0
70.4834,2.22777,0,0,2.67037,0.120092,0.36288,3.6288,58.9582,0.653126,0,0,0.696609,0.295297,0,0.66528,12.849,1,0.405885,0.36288,0,38.9845,5.48877,33.4527,0.84672,12.849,0.84672,3695.15,0,36.966,0.40776,0.603634,2.10721,4.90018,1.47151,5.73176,0.42336,36.966,0.42336,423.524,0,1.02816,0,0,1.63179,0.603634,1.028160,1,0,39.1844,0,0,0,39.1844,0
70.2154,2.228,0,0,2.44286,0.120054,0.36288,3.6288,58.6659,0.652247,0,0,0.654739,0.29482,0,0.66528,12.849,1,0.40616,0.36288,0,36.6543,5.48877,31.1222,0.84672,12.849,0.84672,3695.15,0,36.966,0.40895,0.572988,2.10754,4.9877,1.47151,5.78777,0.42336,36.966,0.42336,423.524,0,1.02816,0,0,1.60115,0.572988,1.028160,1,0,36.91,0,0,0,36.91,0
69.7174,2.22712,0,0,2.21187,0.119807,0.36288,3.6288,58.346,0.651187,0,0,0.625571,0.294267,0,0.66528,12.849,1,0.40755,0.36288,0,34.5211,5.48877,28.9877,0.84672,12.849,0.84672,3695.15,0,36.966,0.41032,0.409761,2.10788,4.63749,1.47151,5.2733,0.42336,36.966,0.42336,423.524,0,1.02816,0,0,1.43792,0.409761,1.028160,1,0,34.261,0,0,0,34.261,0
68.7932,2.39075,0,0,1.93433,0.104928,0.36288,3.6288,58.0005,0.66528,0,0,0.621138,0.301287,0,0.66528,12.849,1,0.440618,0.36288,0,32.8716,5.7131,27.0807,0.84672,12.849,0.84672,3695.15,0,36.966,0.550441,0.386795,2.10821,4.6871,1.51633,5.11534,0.42336,36.966,0.42336,423.524,0,1.02816,0,0,1.41496,0.386795,1.028160,1,0,32.1961,0,0,0,32.1961,0
67.8116,2.38622,0,0,1.87613,0.108611,0.36288,3.6288,57.6771,0.66528,0,0,0.631316,0.289521,0,0.66528,12.849,1,0.445692,0.36288,0,35.0231,5.70202,29.2383,0.84672,12.849,0.84672,3695.15,0,36.966,0.550778,0.765219,2.26422,5.21245,1.46574,6.22538,0.42336,36.966,0.42336,423.524,0,1.02816,0,0,1.79338,0.765219,1.028160,1,0,35.4636,0,0,0,35.4636,0
66.7024,2.38126,0,0,1.74112,0.106152,0.36288,3.6288,57.2961,0.66528,0,0,0.57372,0.28945,0,0.66528,12.849,1,0.451203,0.36288,0,33.3403,5.73835,27.5136,0.84672,12.849,0.84672,3695.15,0,36.966,0.551116,0.825085,2.26458,5.35473,1.50479,6.38849,0.42336,36.966,0.42336,423.524,0,1.02816,0,0,1.85325,0.825085,1.028160,1,0,33.9021,0,0,0,33.9021,0
65.7127,2.37542,0,0,1.85382,0.105227,0.36288,3.6288,56.9111,0.66528,0,0,0.569029,0.288737,0,0.66528,12.849,1,0.457582,0.36288,0,31.1443,5.73835,25.3112,0.84672,12.849,0.84672,3695.15,0,36.966,0.551453,0.79647,2.26495,5.64363,1.50479,6.6488,0.42336,36.966,0.42336,423.524,0,1.02816,0,0,1.82463,0.79647,1.028160,1,0,31.96,0,0,0,31.96,0
65.6482,2.37012,0,0,2.78249,0.114075,0.36288,3.6288,56.6374,0.66528,0,0,0.67755,0.28593,0,0.66528,12.849,1,0.463436,0.36288,0,45.99,5.67899,40.2105,0.84672,12.849,0.84672,3695.15,0,36.966,0.551791,1.15699,2.26531,5.99748,1.49751,7.37048,0.42336,36.966,0.42336,423.524,0,1.02816,0,0,2.18515,1.15699,1.028160,1,0,47.581,0,0,0,47.581,0
65.7476,2.29016,0,0,2.87506,0.122591,0.36288,3.6288,56.3346,0.66528,0,0,0.669038,0.306582,0,0.66528,12.849,1,0.448241,0.36288,0,39.0352,5.73467,33.2151,0.84672,12.849,0.84672,3695.15,0,36.966,0.458635,0.772381,2.26567,6.10546,1.54909,7.13579,0.42336,36.966,0.42336,423.524,0,1.02816,0,0,1.80054,0.772381,1.028160,1,0,40.3509,0,0,0,40.3509,0
64.2319,2.29117,0,0,1.2741,0.135752,0.36288,3.6288,55.6681,0.733227,0,0,0.38989,0.323123,0,0.66528,12.849,1,0.447761,0.36288,0,16.2316,5.75205,10.3947,0.84672,12.849,0.84672,3695.15,0,36.966,0.481133,0.204422,2.17587,4.57515,1.58644,4.88787,0.42336,36.966,0.42336,423.524,0,0.938036,0,0,1.14246,0.204422,1.028160,1,0,15.2826,0,0,0,15.2826,0
63.0939,2.2828,0,0,1.67924,0.171536,0.36288,3.6288,55.0961,0.686854,0,0,0.409904,0.295099,0,0.66528,12.849,1,0.456654,0.36288,0,16.4153,5.53119,10.7903,0.84672,12.849,0.84672,3695.15,0,36.966,0.459278,0.216518,2.17622,3.67979,1.51058,4.10267,0.42336,36.966,0.42336,423.524,0,1.00659,0,0,1.2231,0.216518,1.028160,1,0,14.893,0,0,0,14.893,0
62.6811,2.2764,0,0,2.39639,0.169959,0.36288,3.6288,54.8114,0.66528,0,0,0.67463,0.293992,0,0.66528,12.849,1,0.463586,0.36288,0,30.3631,5.53119,24.7312,0.84672,12.849,0.84672,3695.15,0,36.966,0.459599,1.03692,2.17656,6.89846,1.51058,8.14177,0.42336,36.966,0.42336,423.524,0,1.02816,0,0,2.06508,1.03692,1.028160,1,0,32.873,0,0,0,32.873,0
61.9341,2.20907,0,0,2.01103,0.186035,0.36288,3.6288,54.4174,0.621133,0,0,0.515141,0.288003,0,0.66528,12.849,1,0.452838,0.36288,0,40.6465,5.51818,35.0384,0.84672,12.849,0.84672,3695.15,0,36.966,0.418906,0.535844,2.17691,4.54783,1.51642,5.32526,0.42336,36.966,0.42336,423.524,0,1.02816,0,0,1.564,0.535844,1.028160,1,0,40.3637,0,0,0,40.3637,0
61.041,2.20497,0,0,1.96335,0.288606,0.36288,3.6288,54.004,0.61951,0,0,0.457294,0.251206,0,0.66528,12.849,1,0.457449,0.36288,0,30.4536,4.65318,25.7058,0.84672,12.849,0.84672,3695.15,0,36.966,0.420836,0.356296,2.09673,5.81915,1.0861,6.76524,0.42336,36.966,0.42336,423.524,0,1.02816,0,0,1.38446,0.356296,1.028160,1,0,32.4711,0,0,0,32.4711,0
62.2079,2.19987,0,0,4.01612,0.286483,0.36288,3.6288,54.3614,0.61778,0,0,1.22571,0.25052,0,0.66528,12.849,1,0.463068,0.36288,0,56.1086,4.65318,51.3552,0.84672,12.849,0.84672,3695.15,0,36.966,0.422873,2.76699,2.09707,10.4928,1.0861,13.8478,0.42336,36.966,0.42336,423.524,0,1.02816,0,0,3.79515,2.76699,1.028160,1,0,65.2031,0,0,0,65.2031,0
61.9083,2.2075,0,0,2.56004,0.289256,0.36288,3.6288,54.203,0.619617,0,0,0.712328,0.251113,0,0.66528,12.849,1,0.455957,0.36288,0,37.5531,4.65318,32.8068,0.84672,12.849,0.84672,3695.15,0,36.966,0.421342,1.01727,2.0974,7.37449,1.0861,8.98172,0.42336,36.966,0.42336,423.524,0,1.02816,0,0,2.04543,1.01727,1.028160,1,0,41.7885,0,0,0,41.7885,0
63.5861,2.02109,0,0,4.35034,0.288544,0.36288,3.6288,54.3415,0.513543,0,0,0.902863,0.25085,0,0.66528,12.849,1,0.419476,0.36288,0,66.1503,4.65318,61.4406,0.84672,12.849,0.84672,3695.15,0,36.966,0.350232,1.01017,2.09773,9.54703,1.0861,11.2186,0.42336,36.966,0.42336,423.524,0,1.02816,0,0,2.03833,1.01017,1.028160,1,0,72.6592,0,0,0,72.6592,0
62.859,2.0307,0,0,1.97949,0.312996,0.36288,3.6288,54.2273,0.514239,0,0,0.644993,0.244975,0,0.66528,12.849,1,0.410348,0.36288,0,35.8858,4.93759,30.9007,0.84672,12.849,0.84672,3695.15,0,36.966,0.349813,0.792877,1.91907,7.92072,1.11716,9.1657,0.42336,36.966,0.42336,423.524,0,1.02816,0,0,1.82104,0.792877,1.028160,1,0,40.0664,0,0,0,40.0664,0
62.5755,2.02715,0,0,2.41112,0.304592,0.36288,3.6288,54.5963,0.513965,0,0,1.10807,0.22512,0,0.66528,12.849,1,0.41437,0.36288,0,80.3087,4.66568,75.5916,0.84672,12.849,0.84672,3695.15,0,36.966,0.350363,1.69561,1.91937,10.1445,1.02081,12.3883,0.42336,36.966,0.42336,423.524,0,1.02816,0,0,2.72377,1.69561,1.028160,1,0,87.9798,0,0,0,87.9798,0
62.6316,2.02599,0,0,2.74887,0.303886,0.36288,3.6288,54.7584,0.515542,0,0,0.903334,0.225669,0,0.66528,12.849,1,0.416008,0.36288,0,85.1377,4.66568,80.4189,0.84672,12.849,0.84672,3695.15,0,36.966,0.349063,1.33529,1.91968,9.05947,1.02081,10.9446,0.42336,36.966,0.42336,423.524,0,1.02816,0,0,2.36345,1.33529,1.028160,1,0,91.3635,0,0,0,91.3635,0
63.1104,2.0267,0,0,3.15169,0.283407,0.36288,3.6288,54.548,0.516324,0,0,0.52333,0.217387,0,0.66528,12.849,1,0.41578,0.36288,0,59.7414,4.21027,55.4782,0.84672,12.849,0.84672,3695.15,0,36.966,0.348557,0.644769,1.91998,6.97026,0.945332,8.24112,0.42336,36.966,0.42336,423.524,0,1.02816,0,0,1.67293,0.644769,1.028160,1,0,63.7193,0,0,0,63.7193,0
63.0195,2.02932,0,0,2.57216,0.270806,0.36288,3.6288,54.8352,0.515522,0,0,1.01317,0.210494,0,0.66528,12.849,1,0.41316,0.36288,0,46.4443,4.09517,42.2989,0.84672,12.849,0.84672,3695.15,0,36.966,0.349358,0.766869,1.92028,7.50935,0.948743,8.8984,0.42336,36.966,0.42336,423.524,0,1.02816,0,0,1.79503,0.766869,1.028160,1,0,51.1973,0,0,0,51.1973,0
61.4755,2.10065,0,0,1.16452,0.244972,0.36288,3.6288,54.553,0.627653,0,0,0.54347,0.197937,0,0.66528,12.849,1,0.4283,0.36288,0,36.3481,3.99714,32.2856,0.84672,12.849,0.84672,3695.15,0,36.966,0.423119,0.412474,1.92028,3.81153,0.988722,4.73244,0.42336,36.966,0.42336,423.524,0,0.893981,0,0,1.30645,0.412474,1.028160,1,0,37.018,0,0,0,37.018,0
61.1757,2.09214,0,0,2.39705,0.241885,0.36288,3.6288,54.5442,0.546529,0,0,0.735289,0.197569,0,0.66528,12.849,1,0.437279,0.36288,0,44.6504,3.99714,40.5789,0.84672,12.849,0.84672,3695.15,0,36.966,0.370337,0.797256,1.97644,6.87502,0.988722,8.28966,0.42336,36.966,0.42336,423.524,0,1.02816,0,0,1.82542,0.797256,1.028160,1,0,48.8685,0,0,0,48.8685,0
61.8059,2.09076,0,0,3.35762,0.273721,0.36288,3.6288,54.4599,0.546657,0,0,0.663246,0.20093,0,0.66528,12.849,1,0.439132,0.36288,0,73.3717,4.19928,69.0962,0.84672,12.849,0.84672,3695.15,0,36.966,0.370483,0.570784,1.97674,6.02509,1.10182,7.1003,0.42336,36.966,0.42336,423.524,0,1.02816,0,0,1.59894,0.570784,1.028160,1,0,76.1965,0,0,0,76.1965,0
61.9174,2.09486,0,0,2.88785,0.318624,0.36288,3.6288,54.3414,0.546478,0,0,0.633346,0.205313,0,0.66528,12.849,1,0.435506,0.36288,0,71.5936,4.4688,67.0522,0.84672,12.849,0.84672,3695.15,0,36.966,0.370936,0.559613,1.97704,6.033,1.25263,6.94609,0.42336,36.966,0.42336,423.524,0,1.02816,0,0,1.58777,0.559613,1.028160,1,0,73.9983,0,0,0,73.9983,0
61.1508,2.32475,0,0,2.20996,0.288967,0.36288,3.6288,53.7208,0.905304,0,0,0.494543,0.209875,0,0.66528,12.849,1,0.482429,0.36288,0,40.8433,4.08576,36.638,0.84672,12.849,0.84672,3695.15,0,36.966,0.615837,0.503194,1.97734,3.79572,1.06169,4.59873,0.42336,36.966,0.42336,423.524,0,0.617941,0,0,1.12113,0.503194,1.028160,1,0,41.2367,0,0,0,41.2367,0
60.3283,2.32018,0,0,2.14123,0.28067,0.36288,3.6288,53.1289,0.829274,0,0,0.437847,0.200503,0,0.66528,12.849,1,0.487517,0.36288,0,36.2566,4.10109,32.0309,0.84672,12.849,0.84672,3695.15,0,36.966,0.570634,0.503194,2.17872,3.98266,1.04752,5.04642,0.42336,36.966,0.42336,423.524,0,0.73948,0,0,1.24267,0.503194,1.028160,1,0,37.0773,0,0,0,37.0773,0
60.1554,2.31513,0,0,2.78389,0.278757,0.36288,3.6288,52.6351,0.799267,0,0,0.505027,0.199559,0,0.66528,12.849,1,0.493088,0.36288,0,49.1848,4.10109,44.9535,0.84672,12.849,0.84672,3695.15,0,36.966,0.556114,0.608429,2.17905,4.75465,1.04752,5.9385,0.42336,36.966,0.42336,423.524,0,0.784313,0,0,1.39274,0.608429,1.028160,1,0,50.892,0,0,0,50.892,0
60.2001,2.31439,0,0,2.99485,0.27283,0.36288,3.6288,52.1006,0.867555,0,0,0.53379,0.200716,0,0.66528,12.849,1,0.494347,0.36288,0,53.1973,4.0886,48.9772,0.84672,12.849,0.84672,3695.15,0,36.966,0.609291,0.608429,2.17939,4.43205,1.03915,5.57143,0.42336,36.966,0.42336,423.524,0,0.663155,0,0,1.27158,0.608429,1.028160,1,0,54.5486,0,0,0,54.5486,0
59.4477,1.99008,0,0,1.86233,0.261777,0.36288,3.6288,51.2683,0.965693,0,0,0.351604,0.218179,0,0.66528,12.849,1,0.424758,0.36288,0,44.6397,4.39216,40.1856,0.84672,12.849,0.84672,3695.15,0,36.966,0.685171,0.608429,2.17972,4.22667,1.07278,5.25687,0.42336,36.966,0.42336,423.524,0,0.229948,0,0,0.838376,0.608429,1.028160,1,0,45.4425,0,0,0,45.4425,0
59.3787,1.98603,0,0,2.54338,0.263485,0.36288,3.6288,50.7962,0.922641,0,0,0.668324,0.217828,0,0.66528,12.849,1,0.429259,0.36288,0,43.8953,4.45525,39.3737,0.84672,12.849,0.84672,3695.15,0,36.966,0.665252,0.608429,1.90565,4.82645,1.08675,5.58853,0.42336,36.966,0.42336,423.524,0,0.293181,0,0,0.90161,0.608429,1.028160,1,0,44.9622,0,0,0,44.9622,0
59.9693,1.98599,0,0,3.20274,0.26331,0.36288,3.6288,50.6376,0.755809,0,0,0.81419,0.216993,0,0.66528,12.849,1,0.42975,0.36288,0,51.3096,4.45525,46.7875,0.84672,12.849,0.84672,3695.15,0,36.966,0.550026,0.558835,1.90594,4.63633,1.08675,5.46433,0.42336,36.966,0.42336,423.524,0,0.575502,0,0,1.13434,0.558835,1.028160,1,0,52.2518,0,0,0,52.2518,0
60.2403,1.98985,0,0,2.88854,0.264806,0.36288,3.6288,50.2448,0.841564,0,0,0.665481,0.216713,0,0.66528,12.849,1,0.426344,0.36288,0,39.7027,4.45525,35.184,0.84672,12.849,0.84672,3695.15,0,36.966,0.614351,0.558835,1.90623,4.48751,1.08675,5.25147,0.42336,36.966,0.42336,423.524,0,0.425684,0,0,0.984519,0.558835,1.028160,1,0,40.4355,0,0,0,40.4355,0
60.7584,1.9918,0,0,3.15558,0.282834,0.36288,3.6288,50.1346,0.681811,0,0,0.762204,0.190558,0,0.66528,12.849,1,0.424843,0.36288,0,58.5462,4.33324,54.151,0.84672,12.849,0.84672,3695.15,0,36.966,0.501621,0.558835,1.90652,5.50333,1.03289,6.43417,0.42336,36.966,0.42336,423.524,0,0.698432,0,0,1.25727,0.558835,1.028160,1,0,60.5852,0,0,0,60.5852,0
62.2058,2.07719,0,0,4.17814,0.290658,0.36288,3.6288,49.9899,0.66016,0,0,0.708091,0.192601,0,0.66528,12.849,1,0.439277,0.36288,0,82.0334,3.81188,78.1452,0.84672,12.849,0.84672,3695.15,0,36.966,0.486759,0.558835,1.90681,7.17085,1.00842,8.14131,0.42336,36.966,0.42336,423.524,0,0.798742,0,0,1.35758,0.558835,1.028160,1,0,86.2865,0,0,0,86.2865,0
62.381,2.08605,0,0,2.91505,0.290858,0.36288,3.6288,49.5804,0.783217,0,0,0.565557,0.191862,0,0.66528,12.849,1,0.430886,0.36288,0,51.0084,3.77149,47.1689,0.84672,12.849,0.84672,3695.15,0,36.966,0.579164,0.528595,1.9748,6.31921,1.00812,7.23532,0.42336,36.966,0.42336,423.524,0,0.583554,0,0,1.11215,0.528595,1.028160,1,0,54.4042,0,0,0,54.4042,0
62.6755,2.08744,0,0,3.03603,0.291277,0.36288,3.6288,49.1426,0.795477,0,0,0.548885,0.191218,0,0.66528,12.849,1,0.429963,0.36288,0,66.5861,3.77149,62.7476,0.84672,12.849,0.84672,3695.15,0,36.966,0.593089,0.528595,1.9751,6.02479,1.00812,6.92728,0.42336,36.966,0.42336,423.524,0,0.557643,0,0,1.08624,0.528595,1.028160,1,0,69.6748,0,0,0,69.6748,0
62.5243,2.08951,0,0,2.59284,0.291671,0.36288,3.6288,48.7108,0.726613,0,0,0.475911,0.181064,0,0.66528,12.849,1,0.428366,0.36288,0,47.2011,3.69975,43.4359,0.84672,12.849,0.84672,3695.15,0,36.966,0.546572,0.528595,1.9754,5.12328,1.00434,6.07637,0.42336,36.966,0.42336,423.524,0,0.673298,0,0,1.20189,0.528595,1.028160,1,0,49.5122,0,0,0,49.5122,0
62.5594,2.05679,0,0,2.69282,0.238028,0.36288,3.6288,48.4229,0.656781,0,0,0.526272,0.157456,0,0.66528,12.849,1,0.422679,0.36288,0,48.2705,3.72418,44.4865,0.84672,12.849,0.84672,3695.15,0,36.966,0.498422,0.528595,1.9757,5.22067,1.06664,6.1599,0.42336,36.966,0.42336,423.524,0,0.76686,0,0,1.29546,0.528595,1.028160,1,0,50.6464,0,0,0,50.6464,0
62.0808,2.05737,0,0,2.21841,0.276736,0.36288,3.6288,47.9537,0.768851,0,0,0.475847,0.176163,0,0.66528,12.849,1,0.422561,0.36288,0,38.8155,4.01047,34.7454,0.84672,12.849,0.84672,3695.15,0,36.966,0.586941,0.528595,1.94964,4.52752,1.09577,5.32304,0.42336,36.966,0.42336,423.524,0,0.566542,0,0,1.09514,0.528595,1.028160,1,0,40.0684,0,0,0,40.0684,0
61.5126,2.05505,0,0,2.0347,0.184954,0.36288,3.6288,47.3998,0.744386,0,0,0.407495,0.217054,0,0.66528,12.849,1,0.425339,0.36288,0,35.436,4.41409,30.9595,0.84672,12.849,0.84672,3695.15,0,36.966,0.573824,0.402797,1.94993,4.21954,1.11987,4.87858,0.42336,36.966,0.42336,423.524,0,0.604394,0,0,1.00719,0.402797,1.028160,1,0,35.838,0,0,0,35.838,0
60.8928,2.05219,0,0,1.97939,0.18409,0.36288,3.6288,46.9545,0.678655,0,0,0.449479,0.216052,0,0.66528,12.849,1,0.428669,0.36288,0,34.2474,4.41409,29.7675,0.84672,12.849,0.84672,3695.15,0,36.966,0.529267,0.402797,1.95023,4.89236,1.11987,5.59624,0.42336,36.966,0.42336,423.524,0,0.714951,0,0,1.11775,0.402797,1.028160,1,0,35.3638,0,0,0,35.3638,0
60.0687,2.15801,0,0,1.86595,0.16919,0.36288,3.6288,46.4369,0.728443,0,0,0.437321,0.226534,0,0.66528,12.849,1,0.455362,0.36288,0,30.5356,4.71889,25.7242,0.84672,12.849,0.84672,3695.15,0,36.966,0.573483,0.402797,1.95052,4.28216,1.20041,4.86158,0.42336,36.966,0.42336,423.524,0,0.708843,0,0,1.11164,0.402797,1.028160,1,0,30.5858,0,0,0,30.5858,0
59.0986,2.15326,0,0,1.70844,0.162441,0.36288,3.6288,45.8834,0.748013,0,0,0.424527,0.229989,0,0.66528,12.849,1,0.460594,0.36288,0,28.2794,4.84081,23.3409,0.84672,12.849,0.84672,3695.15,0,36.966,0.595454,0.402797,2.04327,3.87785,1.23263,4.49583,0.42336,36.966,0.42336,423.524,0,0.667587,0,0,1.07038,0.402797,1.028160,1,0,27.8367,0,0,0,27.8367,0
58.0627,2.14745,0,0,1.63541,0.160935,0.36288,3.6288,45.3111,0.740101,0,0,0.396655,0.228814,0,0.66528,12.849,1,0.466891,0.36288,0,26.5839,4.84081,21.6391,0.84672,12.849,0.84672,3695.15,0,36.966,0.596263,0.30119,2.04358,3.5871,1.23263,4.10298,0.42336,36.966,0.42336,423.524,0,0.674974,0,0,0.976164,0.30119,1.028160,1,0,25.7421,0,0,0,25.7421,0
56.8549,2.14103,0,0,1.45544,0.159327,0.36288,3.6288,44.6638,0.783669,0,0,0.363926,0.227599,0,0.66528,12.849,1,0.4738,0.36288,0,23.9731,4.84081,19.0213,0.84672,12.849,0.84672,3695.15,0,36.966,0.639337,0.30119,2.04389,3.45675,1.23263,3.92986,0.42336,36.966,0.42336,423.524,0,0.588617,0,0,0.889808,0.30119,1.028160,1,0,22.9512,0,0,0,22.9512,0
55.4489,2.13322,0,0,1.20461,0.114512,0.36288,3.6288,44.0132,0.795367,0,0,0.380941,0.236182,0,0.66528,12.849,1,0.482099,0.36288,0,18.9135,4.99562,13.7986,0.84672,12.849,0.84672,3695.15,0,36.966,0.658285,0.30119,2.0442,2.98383,1.22281,3.44812,0.42336,36.966,0.42336,423.524,0,0.558256,0,0,0.859447,0.30119,1.028160,1,0,17.2468,0,0,0,17.2468,0
53.8088,2.10247,0,0,0.93992,0.114709,0.36288,3.6288,43.4461,0.785507,0,0,0.427733,0.20931,0,0.66528,12.849,1,0.487198,0.36288,0,15.1949,4.70221,10.3684,0.84672,12.849,0.84672,3695.15,0,36.966,0.659736,0.30119,2.04451,2.80237,1.08202,3.40631,0.42336,36.966,0.42336,423.524,0,0.615151,0,0,0.916341,0.30119,1.028160,1,0,13.7747,0,0,0,13.7747,0
52.1562,2.09087,0,0,0.914008,0.112828,0.36288,3.6288,42.8828,0.759787,0,0,0.404715,0.208189,0,0.66528,12.849,1,0.499278,0.36288,0,14.2709,4.70221,9.43233,0.84672,12.849,0.84672,3695.15,0,36.966,0.646463,0.261274,2.07716,2.88742,1.08202,3.49737,0.42336,36.966,0.42336,423.524,0,0.654437,0,0,0.91571,0.261274,1.028160,1,0,12.9297,0,0,0,12.9297,0
50.4615,2.07856,0,0,0.833561,0.0868662,0.36288,3.6288,42.2338,0.795614,0,0,0.39405,0.247514,0,0.66528,12.849,1,0.512066,0.36288,0,13.5713,5.35372,8.06837,0.84672,12.849,0.84672,3695.15,0,36.966,0.685838,0.261274,2.07748,2.78292,1.30252,3.13331,0.42336,36.966,0.42336,423.524,0,0.579528,0,0,0.840802,0.261274,1.028160,1,0,11.2017,0,0,0,11.2017,0
48.7044,2.06524,0,0,0.753088,0.0819969,0.36288,3.6288,41.5836,0.777968,0,0,0.372431,0.244597,0,0.66528,12.849,1,0.525872,0.36288,0,12.4313,5.93691,6.33142,0.84672,12.849,0.84672,3695.15,0,36.966,0.680933,0.261274,2.0778,2.7525,1.51531,2.89533,0.42336,36.966,0.42336,423.524,0,0.602372,0,0,0.863646,0.261274,1.028160,1,0,9.22674,0,0,0,9.22674,0
46.8711,2.10405,0,0,0.712446,0.0788757,0.36288,3.6288,40.8081,0.856484,0,0,0.33046,0.24956,0,0.66528,12.849,1,0.555082,0.36288,0,11.1038,5.73636,5.17522,0.84672,12.849,0.84672,3695.15,0,36.966,0.761376,0.261274,2.07811,2.20867,1.38198,2.4047,0.42336,36.966,0.42336,423.524,0,0.486691,0,0,0.747965,0.261274,1.028160,1,0,7.57992,0,0,0,7.57992,0
45.0256,2.0874,0,0,0.682145,0.0773098,0.36288,3.6288,40.0423,0.841125,0,0,0.323038,0.247689,0,0.66528,12.849,1,0.572229,0.36288,0,10.3906,5.73636,4.44484,0.84672,12.849,0.84672,3695.15,0,36.966,0.761933,0.261274,2.1243,2.27,1.38198,2.51166,0.42336,36.966,0.42336,423.524,0,0.501794,0,0,0.763068,0.261274,1.028160,1,0,6.9565,0,0,0,6.9565,0
43.1123,2.06953,0,0,0.594811,0.0757335,0.36288,3.6288,39.2481,0.852932,0,0,0.304627,0.245846,0,0.66528,12.849,1,0.590585,0.36288,0,9.84424,5.73636,3.88018,0.84672,12.849,0.84672,3695.15,0,36.966,0.787405,0.227405,2.12462,2.16904,1.38198,2.35168,0.42336,36.966,0.42336,423.524,0,0.464815,0,0,0.692219,0.227405,1.028160,1,0,6.23185,0,0,0,6.23185,0
41.1779,2.04972,0,0,0.548556,0.0703771,0.36288,3.6288,38.4407,0.860646,0,0,0.299393,0.24618,0,0.66528,12.849,1,0.61089,0.36288,0,9.28714,5.81114,3.22799,0.84672,12.849,0.84672,3695.15,0,36.966,0.810603,0.227405,2.12495,2.14929,1.39692,2.29411,0.42336,36.966,0.42336,423.524,0,0.434203,0,0,0.661608,0.227405,1.028160,1,0,5.5221,0,0,0,5.5221,0
39.1146,2.17908,0,0,0.535289,0.0566497,0.36288,3.6288,37.4921,0.964959,0,0,0.273217,0.256859,0,0.66528,12.2747,1,0.679951,0.36288,0,8.96564,6.0174,3.20544,0.84672,12.2747,0.84672,3695.15,0,36.966,0.92794,0.227405,2.12527,1.80727,1.50721,1.72479,0.42336,36.966,0.42336,423.524,0,0.368115,0,0,0.59552,0.227405,1.028160,1,0,4.93023,0,0,0,4.93023,0
37.1556,2.17653,0,0,0.637698,0.0572359,0.36288,3.6288,36.642,0.907865,0,0,0.316791,0.259019,0,0.66528,12.849,1,0.683027,0.36288,0,10.9654,5.93586,4.13509,0.84672,12.849,0.84672,3695.15,0,36.966,0.895126,0.227405,2.28264,1.8879,1.5747,1.92812,0.42336,36.966,0.42336,423.524,0,0.458349,0,0,0.685753,0.227405,1.028160,1,0,6.06321,0,0,0,6.06321,0
35.1363,2.12516,0,0,0.524633,0.0559404,0.36288,3.6288,35.6215,0.994312,0,0,0.230714,0.256899,0,0.66528,12.849,1,0.734916,0.36288,0,10.0462,5.93586,3.73826,0.84672,12.849,0.84672,3695.15,0,36.966,1.0031,0.204422,2.28299,1.54627,1.5747,1.45587,0.42336,36.966,0.42336,423.524,0,0.26425,0,0,0.468672,0.204422,1.028160,1,0,5.19414,0,0,0,5.19414,0
33.2779,2.09462,0,0,0.653791,0.0546049,0.36288,3.6288,35.011,0.755856,0,0,0.399667,0.254354,0,0.66528,12.849,1,0.765984,0.36288,0,9.79249,5.93586,3.45353,0.84672,12.849,0.84672,3695.15,0,36.966,0.784386,0.204422,2.28334,2.41166,1.5747,2.54034,0.42336,36.966,0.42336,423.524,0,0.721751,0,0,0.926173,0.204422,1.028160,1,0,5.99386,0,0,0,5.99386,0
31.3743,2.06414,0,0,0.575533,0.0521805,0.36288,3.6288,34.2969,0.837549,0,0,0.336704,0.21323,0,0.66528,12.849,1,0.79699,0.36288,0,10.4065,4.86974,5.10269,0.84672,12.849,0.84672,3695.15,0,36.966,0.884319,0.204422,2.28369,2.62825,1.18476,3.0473,0.42336,36.966,0.42336,423.524,0,0.540452,0,0,0.744874,0.204422,1.028160,1,0,8.14998,0,0,0,8.14998,0
30.7022,1.96172,0,0,1.68593,0.0333816,0.36288,3.6288,34.4292,0.548733,0,0,0.890795,0.209716,0,0.66528,12.849,1,0.803402,0.36288,0,26.0124,5.43921,20.1326,0.84672,12.849,0.84672,3695.15,0,36.966,0.591437,1.0403,2.28404,6.16574,1.46909,7.42955,0.42336,36.966,0.42336,423.524,0,1.02816,0,0,2.06846,1.0403,1.028160,1,0,27.5622,0,0,0,27.5622,0
29.1142,1.94968,0,0,0.757668,0.033091,0.36288,3.6288,34.1337,0.606802,0,0,0.52129,0.209992,0,0.66528,12.849,1,0.81595,0.36288,0,22.3381,5.43921,16.4458,0.84672,12.849,0.84672,3695.15,0,36.966,0.651511,0.216518,2.19344,3.33313,1.46909,3.62248,0.42336,36.966,0.42336,423.524,0,0.910328,0,0,1.12685,0.216518,1.028160,1,0,20.0683,0,0,0,20.0683,0
27.657,1.91942,0,0,0.857416,0.0323936,0.36288,3.6288,33.8994,0.635995,0,0,0.611066,0.209376,0,0.66528,12.849,1,0.84672,0.36288,0,17.9321,5.43921,12.0091,0.84672,12.849,0.84672,3695.15,0,36.966,0.688768,0.216518,2.19377,3.71161,1.46909,3.96405,0.42336,36.966,0.42336,423.524,0,0.844188,0,0,1.06071,0.216518,1.028160,1,0,15.9731,0,0,0,15.9731,0
27.7224,1.91993,0,0,2.46034,0.112055,0.36288,3.6288,34.2563,0.545862,0,0,1.12313,0.220364,0,0.66528,12.849,1,0.84672,0.36288,0,29.7564,4.69328,24.5793,0.84672,12.849,0.84672,3695.15,0,36.966,0.595241,1.71137,2.19411,8.28539,1.29712,10.2985,0.42336,36.966,0.42336,423.524,0,1.02816,0,0,2.73953,1.71137,1.028160,1,0,34.8778,0,0,0,34.8778,0
26.265,1.84115,0,0,0.89094,0.1443,0.36288,3.6288,33.9186,0.655078,0,0,0.486777,0.169468,0,0.66528,12.849,1,0.84672,0.36288,0,19.1616,3.7624,14.9154,0.84672,12.849,0.84672,3695.15,0,36.966,0.706895,0.216518,2.19444,3.26158,0.982489,3.98316,0.42336,36.966,0.42336,423.524,0,0.721692,0,0,0.938211,0.216518,1.028160,1,0,18.8985,0,0,0,18.8985,0
25.6324,1.84165,0,0,1.71953,0.147618,0.36288,3.6288,33.9168,0.505206,0,0,0.663009,0.159594,0,0.66528,12.849,1,0.84672,0.36288,0,30.9036,3.59289,26.8269,0.84672,12.849,0.84672,3695.15,0,36.966,0.550596,0.21884,2.11355,4.57297,0.929546,5.42522,0.42336,36.966,0.42336,423.524,0,1.02816,0,0,1.247,0.21884,1.028160,1,0,32.2521,0,0,0,32.2521,0
26.7006,1.84215,0,0,3.41957,0.146301,0.36288,3.6288,34.4839,0.505334,0,0,1.23208,0.159591,0,0.66528,12.849,1,0.84672,0.36288,0,45.5772,3.59289,41.5005,0.84672,12.849,0.84672,3695.15,0,36.966,0.550765,0.93973,2.11387,9.35222,0.929546,10.9255,0.42336,36.966,0.42336,423.524,0,1.02816,0,0,1.96789,0.93973,1.028160,1,0,52.426,0,0,0,52.426,0
26.9023,1.84265,0,0,2.55574,0.148525,0.36288,3.6288,35.1095,0.509849,0,0,1.29593,0.160494,0,0.66528,12.849,1,0.84672,0.36288,0,32.0092,3.59289,27.9325,0.84672,12.849,0.84672,3695.15,0,36.966,0.546547,1.13648,2.11419,7.29397,0.929546,9.06855,0.42336,36.966,0.42336,423.524,0,1.02816,0,0,2.16464,1.13648,1.028160,1,0,37.001,0,0,0,37.001,0
26.9297,1.6679,0,0,2.22,0.161839,0.36288,3.6288,35.4028,0.427522,0,0,0.886352,0.165538,0,0.66528,12.849,1,0.796615,0.36288,0,34.6796,3.96078,30.2851,0.84672,12.849,0.84672,3695.15,0,36.966,0.450128,0.603996,2.11451,9.44117,0.962262,10.7473,0.42336,36.966,0.42336,423.524,0,1.02816,0,0,1.63216,0.603996,1.028160,1,0,41.0324,0,0,0,41.0324,0
26.2213,1.66876,0,0,1.50238,0.179162,0.36288,3.6288,35.562,0.429477,0,0,0.76102,0.172327,0,0.66528,12.849,1,0.796216,0.36288,0,28.4901,4.12923,23.9275,0.84672,12.849,0.84672,3695.15,0,36.966,0.448441,0.630374,1.93428,7.2017,0.949679,8.36823,0.42336,36.966,0.42336,423.524,0,1.02816,0,0,1.65853,0.630374,1.028160,1,0,32.2957,0,0,0,32.2957,0
25.8976,1.65463,0,0,1.87123,0.177389,0.36288,3.6288,35.8145,0.430593,0,0,0.855706,0.172597,0,0.66528,12.849,1,0.810805,0.36288,0,32.8674,4.12923,28.2903,0.84672,12.849,0.84672,3695.15,0,36.966,0.447592,0.803416,1.93457,7.67733,0.949679,9.01805,0.42336,36.966,0.42336,423.524,0,1.02816,0,0,1.83158,0.803416,1.028160,1,0,37.3083,0,0,0,37.3083,0
28.2832,1.64817,0,0,4.57315,0.176578,0.36288,3.6288,36.3589,0.432277,0,0,1.14972,0.173025,0,0.66528,12.849,1,0.81773,0.36288,0,29.69,4.12923,25.1059,0.84672,12.849,0.84672,3695.15,0,36.966,0.446175,1.18601,1.93486,10,0.949679,11.725,0.42336,36.966,0.42336,423.524,0,1.02816,0,0,2.21417,1.18601,1.028160,1,0,36.8309,0,0,0,36.8309,0
32.5939,1.69591,0,0,6.5414,0.171847,0.36288,3.6288,37.2878,0.435722,0,0,1.54085,0.176265,0,0.66528,12.849,1,0.770449,0.36288,0,38.7648,4.49736,33.8599,0.84672,12.849,0.84672,3695.15,0,36.966,0.442997,1.70911,1.93516,11.297,1.29459,13.2037,0.42336,36.966,0.42336,423.524,0,1.02816,0,0,2.73727,1.70911,1.028160,1,0,47.0636,0,0,0,47.0636,0
32.778,1.83154,0,0,2.57977,0.201279,0.36288,3.6288,39.0724,0.467452,0,0,2.38227,0.130236,0,0.66528,12.849,1,0.72202,0.36288,0,61.7462,3.6415,57.7455,0.84672,12.849,0.84672,3695.15,0,36.966,0.463418,2.84258,1.93545,12.5461,0.874243,15.9865,0.42336,36.966,0.42336,423.524,0,1.02816,0,0,3.87074,2.84258,1.028160,1,0,73.7321,0,0,0,73.7321,0
33.8433,1.83478,0,0,3.47103,0.208092,0.36288,3.6288,41.7234,0.478464,0,0,3.23456,0.105082,0,0.66528,12.849,1,0.719236,0.36288,0,81.3391,3.17068,77.8121,0.84672,12.849,0.84672,3695.15,0,36.966,0.45267,4.16439,1.99208,19.8529,0.633826,24.9229,0.42336,36.966,0.42336,423.524,0,1.02816,0,0,5.19255,4.16439,1.028160,1,0,102.735,0,0,0,102.735,0
34.127,1.85152,0,0,2.70894,0.210856,0.36288,3.6288,43.9589,0.493854,0,0,2.83719,0.107796,0,0.66528,12.849,1,0.702952,0.36288,0,55.1119,3.17068,51.6011,0.84672,12.849,0.84672,3695.15,0,36.966,0.437544,3.51504,1.99237,14.5114,0.633826,18.9474,0.42336,36.966,0.42336,423.524,0,1.02816,0,0,4.5432,3.51504,1.028160,1,0,70.5486,0,0,0,70.5486,0
34.6376,1.8561,0,0,2.94118,0.211592,0.36288,3.6288,46.1424,0.506085,0,0,2.79963,0.110122,0,0.66528,12.849,1,0.698831,0.36288,0,59.0001,3.17068,55.4935,0.84672,12.849,0.84672,3695.15,0,36.966,0.425577,3.37245,1.99266,15.6784,0.633826,19.9841,0.42336,36.966,0.42336,423.524,0,1.02816,0,0,4.40061,3.37245,1.028160,1,0,75.4776,0,0,0,75.4776,0
37.1694,2.06726,0,0,5.16701,0.204978,0.36288,3.6288,49.0177,0.625627,0,0,3.63872,0.137762,0,0.66528,12.849,1,0.766863,0.36288,0,137.004,3.56337,133.037,0.84672,12.849,0.84672,3695.15,0,36.966,0.501208,6.5742,1.99295,30.2949,0.87432,37.4865,0.42336,36.966,0.42336,423.524,0,1.02816,0,0,7.60236,6.5742,1.028160,1,0,170.524,0,0,0,170.524,0
38.534,2.10645,0,0,4.03671,0.202851,0.36288,3.6288,52.8949,0.642556,0,0,4.67456,0.154758,0,0.66528,12.849,1,0.728173,0.36288,0,133.326,3.66891,129.291,0.84672,12.849,0.84672,3695.15,0,36.966,0.484574,6.01079,2.19606,24.3548,0.981903,31.0952,0.42336,36.966,0.42336,423.524,0,1.02816,0,0,7.03895,6.01079,1.028160,1,0,160.387,0,0,0,160.387,0
38.6778,2.12616,0,0,2.83895,0.206122,0.36288,3.6288,55.127,0.663638,0,0,3.05543,0.159716,0,0.66528,12.849,1,0.708961,0.36288,0,77.989,3.66891,73.974,0.84672,12.849,0.84672,3695.15,0,36.966,0.463788,2.3096,2.19639,13.5897,0.981903,16.65,0.42336,36.966,0.42336,423.524,0,1.02816,0,0,3.33776,2.3096,1.028160,1,0,90.624,0,0,0,90.624,0
38.3398,2.12852,0,0,2.35986,0.206467,0.36288,3.6288,56.9436,0.66528,0,0,2.64419,0.162296,0,0.66528,12.849,1,0.707108,0.36288,0,54.763,3.66891,50.7499,0.84672,12.849,0.84672,3695.15,0,36.966,0.462441,1.73242,2.19671,11.0917,0.981903,13.5765,0.42336,36.966,0.42336,423.524,0,1.02816,0,0,2.76058,1.73242,1.028160,1,0,64.3263,0,0,0,64.3263,0
39.8109,1.82626,0,0,3.87642,0.216173,0.36288,3.6288,59.348,0.525283,0,0,3.14105,0.211369,0,0.66528,12.849,1,0.612042,0.36288,0,106.766,4.15835,102.359,0.84672,12.849,0.84672,3695.15,0,36.966,0.340997,3.4635,2.19703,15.9964,1.14081,20.1751,0.42336,36.966,0.42336,423.524,0,1.02816,0,0,4.49166,3.4635,1.028160,1,0,122.534,0,0,0,122.534,0
41.9061,1.84368,0,0,4.53096,0.229156,0.36288,3.6288,61.308,0.533952,0,0,3.73039,0.224471,1.01201,0.66528,12.849,1,0.595051,0.36288,0,113.76,4.33587,109.191,0.84672,12.849,0.84672,3695.15,0,36.966,0.332582,4.85368,1.92058,19.2126,1.18831,24.466,0.42336,36.966,0.42336,423.524,0,1.02816,0,0,5.88184,4.85368,1.028160,1,0,134.669,0,0,0,134.669,0
44.1732,1.86679,0,0,4.73162,0.234909,0.36288,3.6288,61.308,0.540744,0,0,3.3534,0.227287,2.58537,0.66528,12.849,1,0.572384,0.36288,0,159.861,4.33587,155.315,0.84672,12.849,0.84672,3695.15,0,36.966,0.326044,4.44293,1.92086,20.0598,1.18831,24.9093,0.42336,36.966,0.42336,423.524,0,1.02816,0,0,5.47109,4.44293,1.028160,1,0,182.81,0,0,0,182.81,0
45.7768,1.88988,0,0,4.10024,0.243808,0.36288,3.6288,61.308,0.540902,0,0,2.86199,0.163646,2.15744,0.66528,12.849,1,0.549726,0.36288,0,141.74,3.20299,138.35,0.84672,12.849,0.84672,3695.15,0,36.966,0.32614,4.09683,1.92114,16.6928,0.760035,21.6246,0.42336,36.966,0.42336,423.524,0,1.02816,0,0,5.12499,4.09683,1.028160,1,0,162.132,0,0,0,162.132,0
49.0472,1.90526,0,0,5.77536,0.236786,0.36288,3.6288,61.308,0.541061,0,0,3.20645,0.203993,2.4614,0.66528,12.849,1,0.534784,0.36288,0,168.365,4.37532,163.818,0.84672,12.849,0.84672,3695.15,0,36.966,0.326235,4.30216,1.92142,19.6893,1.0602,24.5264,0.42336,36.966,0.42336,423.524,0,1.02816,0,0,5.33032,4.30216,1.028160,1,0,190.806,0,0,0,190.806,0
51.7141,2.01328,0,0,5.27774,0.234782,0.36288,3.6288,61.308,0.581196,0,0,2.87093,0.222739,2.067,0.66528,12.849,1,0.527423,0.36288,0,160.573,5.19949,155.209,0.84672,12.849,0.84672,3695.15,0,36.966,0.350435,4.75006,1.92169,16.7938,1.35585,21.7593,0.42336,36.966,0.42336,423.524,0,1.02816,0,0,5.77822,4.75006,1.028160,1,0,179.035,0,0,0,179.035,0
53.5467,2.03543,0,0,4.47246,0.241481,0.36288,3.6288,61.308,0.581361,0,0,2.54883,0.222739,1.74473,0.66528,12.849,1,0.505728,0.36288,0,130.381,5.19949,125.039,0.84672,12.849,0.84672,3695.15,0,36.966,0.350535,3.11762,1.99026,14.6289,1.35585,18.0304,0.42336,36.966,0.42336,423.524,0,1.02816,0,0,4.14578,3.11762,1.028160,1,0,144.814,0,0,0,144.814,0
54.383,2.04975,0,0,3.49504,0.246078,0.36288,3.6288,61.308,0.581526,0,0,1.85432,0.222739,1.05005,0.66528,12.849,1,0.491856,0.36288,0,110.713,5.19949,105.384,0.84672,12.849,0.84672,3695.15,0,36.966,0.350634,2.55325,1.99055,14.9189,1.35585,17.7563,0.42336,36.966,0.42336,423.524,0,1.02816,0,0,3.58141,2.55325,1.028160,1,0,124.191,0,0,0,124.191,0
54.7754,2.05624,0,0,3.05138,0.239916,0.36288,3.6288,61.308,0.581691,0,0,1.64472,0.234419,0.82861,0.66528,12.849,1,0.485824,0.36288,0,101.522,5.51009,95.8887,0.84672,12.849,0.84672,3695.15,0,36.966,0.350734,2.32483,1.99084,15.9203,1.37847,18.5068,0.42336,36.966,0.42336,423.524,0,1.02816,0,0,3.35299,2.32483,1.028160,1,0,115.224,0,0,0,115.224,0
55.5054,2.02766,0,0,3.27359,0.153036,0.36288,3.6288,61.308,0.566319,0,0,1.47811,0.236901,0.674886,0.66528,12.849,1,0.475642,0.36288,0,84.5657,5.04683,79.4061,0.84672,12.849,0.84672,3695.15,0,36.966,0.341465,2.0787,1.99113,10.4152,1.30941,12.8341,0.42336,36.966,0.42336,423.524,0,1.02816,0,0,3.10686,2.0787,1.028160,1,0,92.9152,0,0,0,92.9152,0
56.0301,2.03311,0,0,3.0748,0.15416,0.36288,3.6288,61.308,0.566482,0,0,1.39237,0.236901,0.588988,0.66528,12.849,1,0.470646,0.36288,0,72.068,5.04683,66.9134,0.84672,12.849,0.84672,3695.15,0,36.966,0.341563,1.86829,1.96483,9.50072,1.30941,11.6829,0.42336,36.966,0.42336,423.524,0,1.02816,0,0,2.89645,1.86829,1.028160,1,0,79.1852,0,0,0,79.1852,0
56.4186,2.03706,0,0,2.94348,0.154968,0.36288,3.6288,61.308,0.566644,0,0,1.30371,0.236901,0.500162,0.66528,12.849,1,0.467145,0.36288,0,68.0599,5.04683,62.9088,0.84672,12.849,0.84672,3695.15,0,36.966,0.341661,1.6558,1.96512,9.47696,1.30941,11.4468,0.42336,36.966,0.42336,423.524,0,1.02816,0,0,2.68396,1.6558,1.028160,1,0,74.8557,0,0,0,74.8557,0
56.3972,2.04004,0,0,2.56239,0.18092,0.36288,3.6288,61.308,0.566807,0,0,1.36136,0.165473,0.629082,0.66528,12.849,1,0.464607,0.36288,0,64.817,4.46061,60.2547,0.84672,12.849,0.84672,3695.15,0,36.966,0.341759,1.94427,1.9654,9.49674,1.1403,11.9243,0.42336,36.966,0.42336,423.524,0,1.02816,0,0,2.97243,1.94427,1.028160,1,0,72.8081,0,0,0,72.8081,0
56.0268,2.14873,0,0,2.26868,0.127462,0.36288,3.6288,61.308,0.622101,0,0,1.17413,0.211825,0.340206,0.66528,12.849,1,0.489546,0.36288,0,52.8061,4.8981,47.7814,0.84672,12.849,0.84672,3695.15,0,36.966,0.375099,1.61535,1.96569,8.85159,1.16713,10.8904,0.42336,36.966,0.42336,423.524,0,1.02816,0,0,2.64351,1.61535,1.028160,1,0,59.012,0,0,0,59.012,0
55.2502,2.14648,0,0,1.85077,0.117985,0.36288,3.6288,61.308,0.622273,0,0,0.925171,0.233018,0.0698809,0.66528,12.849,1,0.492266,0.36288,0,37.2569,5.06614,32.0614,0.84672,12.849,0.84672,3695.15,0,36.966,0.375203,0.926994,2.05921,7.25026,1.1784,8.68286,0.42336,36.966,0.42336,423.524,0,1.02816,0,0,1.95515,0.926994,1.028160,1,0,40.8141,0,0,0,40.8141,0
54.4514,2.14124,0,0,1.82238,0.117074,0.36288,3.6288,61.308,0.622444,0,0,0.926571,0.233018,0.0711092,0.66528,12.849,1,0.497968,0.36288,0,35.0336,5.06614,29.8323,0.84672,12.849,0.84672,3695.15,0,36.966,0.375306,0.966228,2.05951,6.93801,1.1784,8.41004,0.42336,36.966,0.42336,423.524,0,1.02816,0,0,1.99439,0.966228,1.028160,1,0,38.3135,0,0,0,38.3135,0
53.4576,2.13571,0,0,1.62933,0.124578,0.36288,3.6288,61.308,0.622616,0,0,0.891199,0.230384,0.0381992,0.66528,12.849,1,0.503968,0.36288,0,33.2128,4.89692,28.1748,0.84672,12.849,0.84672,3695.15,0,36.966,0.37541,1.05511,2.05981,6.4114,1.18493,7.96598,0.42336,36.966,0.42336,423.524,0,1.02816,0,0,2.08327,1.05511,1.028160,1,0,36.1789,0,0,0,36.1789,0
52.508,2.12854,0,0,1.66752,0.125611,0.36288,3.6288,61.2725,0.622787,0,0,0.808695,0.221414,0,0.66528,12.849,1,0.511613,0.36288,0,34.0503,4.68411,29.2175,0.84672,12.849,0.84672,3695.15,0,36.966,0.375513,0.834719,2.06011,5.76016,1.20577,7.0737,0.42336,36.966,0.42336,423.524,0,1.02816,0,0,1.86288,0.834719,1.028160,1,0,36.2912,0,0,0,36.2912,0
51.804,2.10031,0,0,1.8375,0.078328,0.36288,3.6288,61.0323,0.653142,0,0,0.62837,0.215402,0,0.66528,12.849,1,0.513956,0.36288,0,40.9192,5.20979,35.5584,0.84672,12.849,0.84672,3695.15,0,36.966,0.394044,0.433037,2.06041,5.09586,1.21709,5.97818,0.42336,36.966,0.42336,423.524,0,1.02816,0,0,1.4612,0.433037,1.028160,1,0,41.5365,0,0,0,41.5365,0
50.9491,2.09508,0,0,1.68074,0.07776,0.36288,3.6288,60.7969,0.652352,0,0,0.631999,0.215074,0,0.66528,12.849,1,0.519645,0.36288,0,37.9236,5.20979,32.5571,0.84672,12.849,0.84672,3695.15,0,36.966,0.395116,0.431914,2.09332,5.01849,1.21709,5.93153,0.42336,36.966,0.42336,423.524,0,1.02816,0,0,1.46007,0.431914,1.028160,1,0,38.4886,0,0,0,38.4886,0
50.0698,2.08849,0,0,1.6492,0.0770701,0.36288,3.6288,60.5438,0.651576,0,0,0.613207,0.214754,0,0.66528,12.849,1,0.526703,0.36288,0,35.9391,5.20979,30.5655,0.84672,12.849,0.84672,3695.15,0,36.966,0.396174,0.442549,2.09363,5.01701,1.21709,5.93992,0.42336,36.966,0.42336,423.524,0,1.02816,0,0,1.47071,0.442549,1.028160,1,0,36.5054,0,0,0,36.5054,0
49.1485,2.0815,0,0,1.59594,0.0728987,0.36288,3.6288,60.2542,0.650723,0,0,0.578864,0.217752,0,0.66528,12.849,1,0.534158,0.36288,0,33.6709,5.24789,28.2517,0.84672,12.849,0.84672,3695.15,0,36.966,0.39731,0.421321,2.09394,4.93347,1.24624,5.80517,0.42336,36.966,0.42336,423.524,0,1.02816,0,0,1.44948,0.421321,1.028160,1,0,34.0569,0,0,0,34.0569,0
47.7879,2.12793,0,0,1.19308,0.0628466,0.36288,3.6288,59.6226,0.847937,0,0,0.500117,0.283762,0,0.66528,12.849,1,0.556309,0.36288,0,29.0913,5.66261,23.2353,0.84672,12.849,0.84672,3695.15,0,36.966,0.52021,0.261274,2.09424,3.59677,1.47675,3.95532,0.42336,36.966,0.42336,423.524,0,0.75168,0,0,1.01295,0.261274,1.028160,1,0,27.1906,0,0,0,27.1906,0
46.3388,2.11582,0,0,1.09331,0.0637692,0.36288,3.6288,58.9202,0.847381,0,0,0.435278,0.290323,0,0.66528,12.849,1,0.568892,0.36288,0,27.7357,5.69363,21.8361,0.84672,12.849,0.84672,3695.15,0,36.966,0.525376,0.261274,2.1408,3.60124,1.48602,3.99192,0.42336,36.966,0.42336,423.524,0,0.74736,0,0,1.00863,0.261274,1.028160,1,0,25.828,0,0,0,25.828,0
44.8339,2.10226,0,0,1.0231,0.0627584,0.36288,3.6288,58.1846,0.849492,0,0,0.402912,0.289019,0,0.66528,12.849,1,0.582924,0.36288,0,25.0383,5.69363,19.1246,0.84672,12.849,0.84672,3695.15,0,36.966,0.532964,0.227405,2.14112,3.21407,1.48602,3.56361,0.42336,36.966,0.42336,423.524,0,0.737951,0,0,0.965356,0.227405,1.028160,1,0,22.6882,0,0,0,22.6882,0
43.2612,2.08743,0,0,0.939246,0.0617089,0.36288,3.6288,57.4013,0.894034,0,0,0.398485,0.287655,0,0.66528,12.849,1,0.598237,0.36288,0,22.8882,5.69363,16.9592,0.84672,12.849,0.84672,3695.15,0,36.966,0.568001,0.227405,2.14143,3.14348,1.48602,3.4583,0.42336,36.966,0.42336,423.524,0,0.658662,0,0,0.886067,0.227405,1.028160,1,0,20.4175,0,0,0,20.4175,0
41.6234,2.22491,0,0,1.01202,0.0620005,0.36288,3.6288,56.6642,0.858937,0,0,0.42521,0.303379,0,0.66528,12.849,1,0.660821,0.36288,0,19.8069,5.87016,13.6388,0.84672,12.849,0.84672,3695.15,0,36.966,0.584119,0.227405,2.14174,4.1204,1.53978,4.36565,0.42336,36.966,0.42336,423.524,0,0.834503,0,0,1.06191,0.227405,1.028160,1,0,18.0045,0,0,0,18.0045,0
39.8526,2.20543,0,0,0.873132,0.0756546,0.36288,3.6288,55.739,0.952032,0,0,0.355611,0.3288,0,0.66528,12.849,1,0.680809,0.36288,0,14.9129,5.85322,8.74175,0.84672,12.849,0.84672,3695.15,0,36.966,0.621076,0.227405,2.30043,2.73247,1.55101,3.08822,0.42336,36.966,0.42336,423.524,0,0.704765,0,0,0.93217,0.227405,1.028160,1,0,11.83,0,0,0,11.83,0
37.9517,2.18294,0,0,0.719012,0.0740834,0.36288,3.6288,54.7243,0.997441,0,0,0.309517,0.326819,0,0.66528,12.849,1,0.703809,0.36288,0,18.5134,5.85322,12.3193,0.84672,12.849,0.84672,3695.15,0,36.966,0.661501,0.204422,2.30077,2.43778,1.55101,2.73046,0.42336,36.966,0.42336,423.524,0,0.619246,0,0,0.823668,0.204422,1.028160,1,0,15.0498,0,0,0,15.0498,0
36.1548,2.15698,0,0,0.795407,0.0724684,0.36288,3.6288,54.0052,0.819599,0,0,0.425179,0.324646,0,0.66528,12.849,1,0.730273,0.36288,0,15.8726,5.85322,9.65201,0.84672,12.849,0.84672,3695.15,0,36.966,0.585063,0.204422,2.3011,2.9132,1.55101,3.28266,0.42336,36.966,0.42336,423.524,0,0.873841,0,0,1.07826,0.204422,1.028160,1,0,12.9347,0,0,0,12.9347,0
34.3962,2.13058,0,0,0.802673,0.0677506,0.36288,3.6288,53.1647,0.860621,0,0,0.34139,0.3213,0,0.66528,12.849,1,0.757185,0.36288,0,16.2815,5.67074,10.2164,0.84672,12.849,0.84672,3695.15,0,36.966,0.589086,0.204422,2.30144,3.33022,1.47943,3.76757,0.42336,36.966,0.42336,423.524,0,0.829112,0,0,1.03353,0.204422,1.028160,1,0,13.984,0,0,0,13.984,0
32.933,2.03189,0,0,1.01085,0.0793118,0.36288,3.6288,52.4231,0.742274,0,0,0.318002,0.317272,0,0.66528,12.849,1,0.75903,0.36288,0,17.6634,4.91562,12.3517,0.84672,12.849,0.84672,3695.15,0,36.966,0.516112,0.204422,2.30178,3.30342,1.31071,3.9828,0.42336,36.966,0.42336,423.524,0,0.925638,0,0,1.13006,0.204422,1.028160,1,0,16.3345,0,0,0,16.3345,0
31.5407,2.00799,0,0,1.11643,0.137803,0.36288,3.6288,51.9115,0.66528,0,0,0.424842,0.271185,0,0.66528,12.849,1,0.783428,0.36288,0,16.703,3.72487,12.5576,0.84672,12.849,0.84672,3695.15,0,36.966,0.490884,0.377024,2.2104,4.19198,1.03339,5.25513,0.42336,36.966,0.42336,423.524,0,1.02816,0,0,1.40518,0.377024,1.028160,1,0,17.8127,0,0,0,17.8127,0
30.1015,1.98377,0,0,1.04693,0.139494,0.36288,3.6288,51.4311,0.66528,0,0,0.456875,0.271958,0,0.66528,12.849,1,0.808142,0.36288,0,19.8724,3.75743,15.6697,0.84672,12.849,0.84672,3695.15,0,36.966,0.491184,0.396429,2.21072,4.41439,1.05203,5.47833,0.42336,36.966,0.42336,423.524,0,1.02816,0,0,1.42459,0.396429,1.028160,1,0,21.1481,0,0,0,21.1481,0
28.8096,1.95703,0,0,1.16489,0.136888,0.36288,3.6288,51.0082,0.66528,0,0,0.513208,0.270903,0,0.66528,12.849,1,0.83537,0.36288,0,29.9619,3.75743,25.732,0.84672,12.849,0.84672,3695.15,0,36.966,0.491484,0.586509,2.21104,5.0929,1.05203,6.34694,0.42336,36.966,0.42336,423.524,0,1.02816,0,0,1.61467,0.586509,1.028160,1,0,32.0789,0,0,0,32.0789,0
30.1016,1.87617,0,0,3.66984,0.13879,0.36288,3.6288,51.6948,0.620648,0,0,1.53074,0.223466,0,0.66528,12.849,1,0.836766,0.36288,0,153.605,3.87307,149.258,0.84672,12.849,0.84672,3695.15,0,36.966,0.449788,2.3765,2.21137,13.1093,0.969024,16.2784,0.42336,36.966,0.42336,423.524,0,1.02816,0,0,3.40466,2.3765,1.028160,1,0,165.536,0,0,0,165.536,0
31.0433,1.90168,0,0,3.34917,0.142968,0.36288,3.6288,52.047,0.624298,0,0,1.18254,0.206006,0,0.66528,12.849,1,0.811739,0.36288,0,65.1183,3.91934,60.7501,0.84672,12.849,0.84672,3695.15,0,36.966,0.446424,1.33664,2.12978,10.3609,0.935822,12.4451,0.42336,36.966,0.42336,423.524,0,1.02816,0,0,2.3648,1.33664,1.028160,1,0,73.1952,0,0,0,73.1952,0
31.8459,1.91943,0,0,3.25096,0.165994,0.36288,3.6288,52.4097,0.626232,0,0,1.1887,0.199788,0,0.66528,12.849,1,0.794465,0.36288,0,63.3916,3.91055,59.0495,0.84672,12.849,0.84672,3695.15,0,36.966,0.444776,1.33541,2.13009,9.70272,0.925808,11.7976,0.42336,36.966,0.42336,423.524,0,1.02816,0,0,2.36357,1.33541,1.028160,1,0,70.8471,0,0,0,70.8471,0
33.329,1.93404,0,0,4.00134,0.221303,0.36288,3.6288,53.5317,0.628205,0,0,1.93353,0.183312,0,0.66528,12.849,1,0.780336,0.36288,0,75.3088,3.88857,71.0028,0.84672,12.849,0.84672,3695.15,0,36.966,0.44309,2.78433,2.1304,11.8232,0.900772,15.3941,0.42336,36.966,0.42336,423.524,0,1.02816,0,0,3.81249,2.78433,1.028160,1,0,86.3969,0,0,0,86.3969,0
34.2873,1.79545,0,0,3.34039,0.223813,0.36288,3.6288,54.0167,0.527076,0,0,1.21109,0.199066,0,0.66528,12.849,1,0.692179,0.36288,0,80.9188,4.06834,76.5211,0.84672,12.849,0.84672,3695.15,0,36.966,0.363969,1.77571,2.13071,10.5676,1.03791,13.0722,0.42336,36.966,0.42336,423.524,0,1.02816,0,0,2.80387,1.77571,1.028160,1,0,89.5933,0,0,0,89.5933,0
36.6674,1.80984,0,0,4.77705,0.224269,0.36288,3.6288,54.2558,0.529169,0,0,0.986897,0.218655,0,0.66528,12.849,1,0.678229,0.36288,0,89.2823,4.30805,84.6589,0.84672,12.849,0.84672,3695.15,0,36.966,0.362133,1.672,1.94896,8.69104,1.22076,10.7291,0.42336,36.966,0.42336,423.524,0,1.02816,0,0,2.70016,1.672,1.028160,1,0,95.388,0,0,0,95.388,0
40.8195,1.84277,0,0,6.58858,0.230801,0.36288,3.6288,54.525,0.530271,0,0,1.01849,0.219001,0,0.66528,12.849,1,0.645745,0.36288,0,106.796,4.30805,102.206,0.84672,12.849,0.84672,3695.15,0,36.966,0.361289,1.62319,1.94924,13.8669,1.22076,15.8572,0.42336,36.966,0.42336,423.524,0,1.02816,0,0,2.65135,1.62319,1.028160,1,0,118.063,0,0,0,118.063,0
44.447,1.89307,0,0,6.11065,0.227178,0.36288,3.6288,56.6148,0.531488,0,0,2.82584,0.204554,0,0.66528,12.849,1,0.595892,0.36288,0,148.816,3.77209,144.811,0.84672,12.849,0.84672,3695.15,0,36.966,0.36033,3.97588,1.94952,16.3218,1.1538,20.7331,0.42336,36.966,0.42336,423.524,0,1.02816,0,0,5.00404,3.97588,1.028160,1,0,165.544,0,0,0,165.544,0
47.2245,1.93114,0,0,5.30208,0.230617,0.36288,3.6288,57.094,0.53969,0,0,1.2203,0.201361,0,0.66528,12.849,1,0.558265,0.36288,0,77.7756,3.55771,74.0225,0.84672,12.849,0.84672,3695.15,0,36.966,0.352385,2.00859,1.94981,9.5237,1.12702,12.0027,0.42336,36.966,0.42336,423.524,0,1.02816,0,0,3.03675,2.00859,1.028160,1,0,86.0251,0,0,0,86.0251,0
49.1157,2.02606,0,0,4.49786,0.21769,0.36288,3.6288,57.5654,0.573397,0,0,1.2438,0.199042,0,0.66528,12.849,1,0.551257,0.36288,0,149.761,3.81792,145.754,0.84672,12.849,0.84672,3695.15,0,36.966,0.371251,3.16707,1.95009,9.75395,0.924931,13.5749,0.42336,36.966,0.42336,423.524,0,1.02816,0,0,4.19523,3.16707,1.028160,1,0,159.329,0,0,0,159.329,0
52.2779,2.04323,0,0,5.78347,0.215132,0.36288,3.6288,57.9903,0.575403,0,0,1.19638,0.196035,0,0.66528,12.849,1,0.534523,0.36288,0,163.619,3.5279,159.92,0.84672,12.849,0.84672,3695.15,0,36.966,0.369499,3.77655,2.00718,10.7445,0.776849,15.3819,0.42336,36.966,0.42336,423.524,0,1.02816,0,0,4.80471,3.77655,1.028160,1,0,175.302,0,0,0,175.302,0
54.4014,2.06954,0,0,4.77827,0.222403,0.36288,3.6288,58.3281,0.577212,0,0,1.11159,0.196574,0,0.66528,12.849,1,0.508656,0.36288,0,126.905,3.5279,123.232,0.84672,12.849,0.84672,3695.15,0,36.966,0.367945,2.73298,2.00746,8.13413,0.776849,11.7298,0.42336,36.966,0.42336,423.524,0,1.02816,0,0,3.76114,2.73298,1.028160,1,0,134.961,0,0,0,134.961,0
55.8933,2.08595,0,0,4.168,0.227279,0.36288,3.6288,58.7255,0.578672,0,0,1.17309,0.197003,0,0.66528,12.849,1,0.492679,0.36288,0,76.8649,3.5279,73.2072,0.84672,12.849,0.84672,3695.15,0,36.966,0.366739,3.19009,2.00774,8.06345,0.776849,12.1177,0.42336,36.966,0.42336,423.524,0,1.02816,0,0,4.21825,3.19009,1.028160,1,0,85.3249,0,0,0,85.3249,0
58.9102,2.32552,0,0,5.96938,0.264017,0.36288,3.6288,59.3331,0.66528,0,0,1.45972,0.186922,0,0.66528,12.849,1,0.534601,0.36288,0,193.393,3.60356,189.617,0.84672,12.849,0.84672,3695.15,0,36.966,0.47691,4.70658,2.00802,13.9691,0.890809,19.3159,0.42336,36.966,0.42336,423.524,0,1.02816,0,0,5.73474,4.70658,1.028160,1,0,208.933,0,0,0,208.933,0
60.7913,2.34839,0,0,4.89,0.297679,0.36288,3.6288,59.9725,0.66528,0,0,1.48445,0.179682,0,0.66528,12.849,1,0.512211,0.36288,0,147.077,3.6603,143.267,0.84672,12.849,0.84672,3695.15,0,36.966,0.477195,5.79639,2.2128,12.1353,0.976278,18.691,0.42336,36.966,0.42336,423.524,0,1.02816,0,0,6.82455,5.79639,1.028160,1,0,161.958,0,0,0,161.958,0
61.5767,2.36187,0,0,3.81307,0.302918,0.36288,3.6288,60.1274,0.66528,0,0,1.0006,0.180417,0,0.66528,12.849,1,0.499212,0.36288,0,105.012,3.6603,101.216,0.84672,12.849,0.84672,3695.15,0,36.966,0.477479,2.45387,2.21311,7.7582,0.976278,10.9714,0.42336,36.966,0.42336,423.524,0,1.02816,0,0,3.48203,2.45387,1.028160,1,0,112.187,0,0,0,112.187,0
61.7598,2.36754,0,0,3.20945,0.295918,0.36288,3.6288,60.1536,0.66528,0,0,0.885453,0.194021,0,0.66528,12.849,1,0.494027,0.36288,0,79.7826,3.68637,75.9651,0.84672,12.849,0.84672,3695.15,0,36.966,0.477764,1.79694,2.21342,6.56424,0.99921,9.09762,0.42336,36.966,0.42336,423.524,0,1.02816,0,0,2.8251,1.79694,1.028160,1,0,85.0627,0,0,0,85.0627,0
63.7421,2.03712,0,0,4.649,0.266649,0.36288,3.6288,60.8864,0.544698,0,0,1.45592,0.178418,0,0.66528,12.849,1,0.423818,0.36288,0,99.8533,3.86477,95.9276,0.84672,12.849,0.84672,3695.15,0,36.966,0.334732,3.03861,2.21373,14.0041,1.00796,17.9137,0.42336,36.966,0.42336,423.524,0,1.02816,0,0,4.06677,3.03861,1.028160,1,0,113.841,0,0,0,113.841,0
65.4009,2.04844,0,0,4.33561,0.265489,0.36288,3.6288,61.0767,0.547357,0,0,0.879837,0.142175,0,0.66528,12.849,1,0.412919,0.36288,0,84.8111,3.94968,80.8114,0.84672,12.849,0.84672,3695.15,0,36.966,0.332317,1.8626,1.93498,8.45043,0.971524,10.9442,0.42336,36.966,0.42336,423.524,0,1.02816,0,0,2.89076,1.8626,1.028160,1,0,91.7556,0,0,0,91.7556,0
66.2554,2.05754,0,0,3.54395,0.269063,0.36288,3.6288,61.1217,0.548155,0,0,0.735493,0.142347,0,0.66528,12.849,1,0.404235,0.36288,0,73.6525,3.94968,69.6615,0.84672,12.849,0.84672,3695.15,0,36.966,0.331765,1.25601,1.93525,6.41636,0.971524,8.30433,0.42336,36.966,0.42336,423.524,0,1.02816,0,0,2.28417,1.25601,1.028160,1,0,77.9658,0,0,0,77.9658,0
67.9872,2.06226,0,0,4.42784,0.270903,0.36288,3.6288,61.308,0.548459,0,0,0.966099,0.142387,0.0889415,0.66528,12.849,1,0.399937,0.36288,0,97.6346,3.94968,93.6479,0.84672,12.849,0.84672,3695.15,0,36.966,0.331705,1.90551,1.93552,7.29897,0.971524,9.83677,0.42336,36.966,0.42336,423.524,0,1.02816,0,0,2.93367,1.90551,1.028160,1,0,103.574,0,0,0,103.574,0
71.2555,2.07118,0,0,5.97687,0.274534,0.36288,3.6288,61.308,0.549241,0,0,1.27854,0.124537,0.604761,0.66528,12.849,1,0.391436,0.36288,0,151.333,3.5655,147.739,0.84672,12.849,0.84672,3695.15,0,36.966,0.331168,3.30445,1.93579,11.6888,0.924364,15.6735,0.42336,36.966,0.42336,423.524,0,1.02816,0,0,4.33261,3.30445,1.028160,1,0,164.017,0,0,0,164.017,0
72.29,2.17236,0,0,4.85033,0.29993,1.34351,3.6288,61.308,0.589699,0,0,1.37867,0.176785,0.612183,0.66528,12.849,1,0.391726,1.34351,0,95.4772,3.77076,92.6582,0.84672,12.849,0.84672,3695.15,0,36.966,0.355562,2.71178,1.93605,8.63922,1.07135,11.8602,0.42336,36.966,0.42336,423.524,0,1.02816,0,0,3.73994,2.71178,1.028160,1,0,105.131,0,0,0,105.131,0
72.29,2.17749,0,0,3.93403,0.284447,1.47209,3.6288,61.308,0.589858,0,0,1.15083,0.1863,0.374673,0.66528,12.849,1,0.387032,1.47209,0,69.9633,3.8871,67.1612,0.84672,12.849,0.84672,3695.15,0,36.966,0.355658,2.0966,2.00517,7.18425,1.09425,9.83612,0.42336,36.966,0.42336,423.524,0,1.02816,0,0,3.12476,2.0966,1.028160,1,0,77.372,0,0,0,77.372,0
72.29,2.17786,0,0,3.99534,0.265563,1.55192,3.6288,61.308,0.590017,0,0,1.3124,0.20561,0.516772,0.66528,12.849,1,0.387098,1.55192,0,86.4475,4.50649,83.1058,0.84672,12.849,0.84672,3695.15,0,36.966,0.355754,2.50099,2.00545,10.6225,1.27103,13.5022,0.42336,36.966,0.42336,423.524,0,1.02816,0,0,3.52915,2.50099,1.028160,1,0,97.1248,0,0,0,97.1248,0
72.29,2.17823,0,0,4.42117,0.243726,1.99921,3.6288,61.308,0.590176,0,0,1.57128,0.225798,0.755306,0.66528,12.849,1,0.387164,1.99921,0,121.378,5.17519,117.815,0.84672,12.849,0.84672,3695.15,0,36.966,0.35585,3.87518,2.00573,11.2013,1.44417,15.2822,0.42336,36.966,0.42336,423.524,0,1.02816,0,0,4.90334,3.87518,1.028160,1,0,133.853,0,0,0,133.853,0
72.29,2.14504,0,0,3.70995,0.235764,1.32915,3.6288,61.308,0.57467,0,0,1.33815,0.230262,0.533222,0.66528,12.849,1,0.381264,1.32915,0,83.1401,4.27573,79.8123,0.84672,12.849,0.84672,3695.15,0,36.966,0.346501,1.87238,2.00601,6.59915,1.25056,8.88048,0.42336,36.966,0.42336,423.524,0,1.02816,0,0,2.90054,1.87238,1.028160,1,0,89.226,0,0,0,89.226,0
72.29,2.1454,0,0,3.26395,0.24146,0.877089,3.6288,61.308,0.574827,0,0,1.48956,0.227737,0.686998,0.66528,12.849,1,0.381329,0.877089,0,74.7585,4.09699,71.1572,0.84672,12.849,0.84672,3695.15,0,36.966,0.346595,1.94026,1.97948,6.56398,1.21657,8.92055,0.42336,36.966,0.42336,423.524,0,1.02816,0,0,2.96842,1.94026,1.028160,1,0,80.7648,0,0,0,80.7648,0
72.29,2.14577,0,0,2.94475,0.24146,0.557527,3.6288,61.308,0.574983,0,0,1.34788,0.227737,0.545163,0.66528,12.849,1,0.381394,0.557527,0,69.0612,4.09699,65.1404,0.84672,12.849,0.84672,3695.15,0,36.966,0.346689,1.49074,1.97976,6.19574,1.21657,8.10298,0.42336,36.966,0.42336,423.524,0,1.02816,0,0,2.5189,1.49074,1.028160,1,0,73.7885,0,0,0,73.7885,0
72.29,2.14613,0,0,3.45208,0.229295,1.07665,3.6288,61.308,0.57514,0,0,1.26046,0.233671,0.451653,0.66528,12.849,1,0.381459,1.07665,0,74.9261,4.56485,71.0564,0.84672,12.849,0.84672,3695.15,0,36.966,0.346784,1.48539,1.98003,8.23228,1.23502,10.1159,0.42336,36.966,0.42336,423.524,0,1.02816,0,0,2.51355,1.48539,1.028160,1,0,81.624,0,0,0,81.624,0
72.2803,2.2605,0,0,2.80581,0.192125,0.36288,3.6288,61.308,0.630879,0,0,1.19121,0.246602,0.313733,0.66528,12.849,1,0.401787,0.36288,0,60.7549,5.35742,55.3586,0.84672,12.849,0.84672,3695.15,0,36.966,0.380392,1.43624,1.98031,5.85633,1.21867,7.67382,0.42336,36.966,0.42336,423.524,0,1.02816,0,0,2.4644,1.43624,1.028160,1,0,63.3462,0,0,0,63.3462,0
72.0215,2.26084,0,0,2.54801,0.183098,0.36288,3.6288,61.308,0.631044,0,0,1.1097,0.244062,0.234599,0.66528,12.849,1,0.401901,0.36288,0,53.5102,4.85468,48.6165,0.84672,12.849,0.84672,3695.15,0,36.966,0.380491,1.25502,2.07458,4.94289,1.13539,6.75661,0.42336,36.966,0.42336,423.524,0,1.02816,0,0,2.28318,1.25502,1.028160,1,0,55.6077,0,0,0,55.6077,0
71.6864,2.26,0,0,2.47048,0.182738,0.36288,3.6288,61.308,0.631209,0,0,1.01481,0.244062,0.139541,0.66528,12.849,1,0.403195,0.36288,0,49.194,4.85468,44.299,0.84672,12.849,0.84672,3695.15,0,36.966,0.380591,1.00229,2.07487,4.59745,1.13539,6.15863,0.42336,36.966,0.42336,423.524,0,1.02816,0,0,2.03045,1.00229,1.028160,1,0,50.5972,0,0,0,50.5972,0
71.1097,2.25878,0,0,2.19866,0.153612,0.36288,3.6288,61.308,0.631374,0,0,0.963222,0.262948,0.0688994,0.66528,12.849,1,0.404862,0.36288,0,43.5205,5.06888,38.4097,0.84672,12.849,0.84672,3695.15,0,36.966,0.380691,0.916894,2.07516,4.47236,1.19012,5.8936,0.42336,36.966,0.42336,423.524,0,1.02816,0,0,1.94505,0.916894,1.028160,1,0,44.3722,0,0,0,44.3722,0
70.4254,2.25638,0,0,2.06358,0.128653,0.36288,3.6288,61.308,0.631539,0,0,0.931582,0.281007,0.0190357,0.66528,12.849,1,0.407712,0.36288,0,41.8886,5.28516,36.5586,0.84672,12.849,0.84672,3695.15,0,36.966,0.38079,0.962859,2.07544,4.42933,1.24943,5.83741,0.42336,36.966,0.42336,423.524,0,1.02816,0,0,1.99102,0.962859,1.028160,1,0,42.4151,0,0,0,42.4151,0
69.4701,2.23094,0,0,1.74929,0.110775,0.36288,3.6288,61.2325,0.662277,0,0,0.891104,0.30437,0,0.66528,12.849,1,0.407032,0.36288,0,40.8457,5.61897,35.1826,0.84672,12.849,0.84672,3695.15,0,36.966,0.399323,1.55745,2.07573,4.07122,1.35905,5.94602,0.42336,36.966,0.42336,423.524,0,1.02816,0,0,2.58561,1.55745,1.028160,1,0,41.1286,0,0,0,41.1286,0
68.3687,2.2266,0,0,1.59806,0.10996,0.36288,3.6288,61.133,0.662139,0,0,0.866955,0.304225,0,0.66528,12.849,1,0.411825,0.36288,0,36.9415,5.61897,31.2736,0.84672,12.849,0.84672,3695.15,0,36.966,0.399733,1.44938,2.1089,3.90869,1.35905,5.70819,0.42336,36.966,0.42336,423.524,0,1.02816,0,0,2.47754,1.44938,1.028160,1,0,36.9818,0,0,0,36.9818,0
67.1941,2.22139,0,0,1.51869,0.109021,0.36288,3.6288,60.9676,0.661904,0,0,0.800496,0.304033,0,0.66528,12.849,1,0.417481,0.36288,0,33.7607,5.61897,28.0871,0.84672,12.849,0.84672,3695.15,0,36.966,0.400241,1.15221,2.1092,3.80729,1.35905,5.30941,0.42336,36.966,0.42336,423.524,0,1.02816,0,0,2.18037,1.15221,1.028160,1,0,33.3965,0,0,0,33.3965,0
65.9781,2.21564,0,0,1.47048,0.10802,0.36288,3.6288,60.7719,0.661397,0,0,0.769366,0.303715,0,0.66528,12.849,1,0.423679,0.36288,0,30.1471,5.61897,24.4674,0.84672,12.849,0.84672,3695.15,0,36.966,0.40102,1.04065,2.10949,3.79196,1.35905,5.18203,0.42336,36.966,0.42336,423.524,0,1.02816,0,0,2.06881,1.04065,1.028160,1,0,29.6494,0,0,0,29.6494,0
64.6875,2.26695,0,0,1.42153,0.0822693,0.36288,3.6288,60.4401,0.66528,0,0,0.659785,0.326308,0,0.66528,12.849,1,0.441481,0.36288,0,28.5275,5.76848,22.6804,0.84672,12.849,0.84672,3695.15,0,36.966,0.441111,0.952283,2.10979,3.21267,1.48998,4.34365,0.42336,36.966,0.42336,423.524,0,1.02816,0,0,1.98044,0.952283,1.028160,1,0,27.024,0,0,0,27.024,0
63.3245,2.25998,0,0,1.3452,0.0853386,0.36288,3.6288,60.057,0.66528,0,0,0.60466,0.322419,0,0.66528,12.849,1,0.448905,0.36288,0,27.1131,5.72198,21.3051,0.84672,12.849,0.84672,3695.15,0,36.966,0.44139,0.97041,2.15671,3.12472,1.47939,4.33106,0.42336,36.966,0.42336,423.524,0,1.02816,0,0,1.99857,0.97041,1.028160,1,0,25.6362,0,0,0,25.6362,0
61.8143,2.25233,0,0,1.18939,0.084402,0.36288,3.6288,59.6393,0.66528,0,0,0.56922,0.321634,0,0.66528,12.849,1,0.457015,0.36288,0,25.612,5.72198,19.7959,0.84672,12.849,0.84672,3695.15,0,36.966,0.441669,0.763353,2.15702,2.93137,1.47939,3.93068,0.42336,36.966,0.42336,423.524,0,1.02816,0,0,1.79151,0.763353,1.028160,1,0,23.7266,0,0,0,23.7266,0
60.2084,2.24347,0,0,1.0748,0.0743417,0.36288,3.6288,59.2117,0.66528,0,0,0.5636,0.325903,0,0.66528,12.849,1,0.466338,0.36288,0,24.2784,5.87152,18.3034,0.84672,12.849,0.84672,3695.15,0,36.966,0.441948,0.70988,2.15732,2.92488,1.50927,3.84086,0.42336,36.966,0.42336,423.524,0,1.02816,0,0,1.73804,0.70988,1.028160,1,0,22.1443,0,0,0,22.1443,0
58.3665,2.39941,0,0,0.99214,0.0716807,0.36288,3.6288,58.7588,0.66528,0,0,0.535563,0.323209,0,0.66528,12.849,1,0.512056,0.36288,0,22.5118,5.77407,16.5885,0.84672,12.849,0.84672,3695.15,0,36.966,0.600064,0.687753,2.15762,2.77648,1.42072,3.60107,0.42336,36.966,0.42336,423.524,0,1.02816,0,0,1.71591,0.687753,1.028160,1,0,20.1896,0,0,0,20.1896,0
56.8474,2.38657,0,0,1.30068,0.0703589,0.36288,3.6288,58.2744,0.66528,0,0,0.512167,0.331294,0,0.66528,12.849,1,0.525387,0.36288,0,22.5915,5.39773,17.0313,0.84672,12.849,0.84672,3695.15,0,36.966,0.600367,0.812022,2.31757,2.48758,1.42858,3.58822,0.42336,36.966,0.42336,423.524,0,1.02816,0,0,1.84018,0.812022,1.028160,1,0,20.6195,0,0,0,20.6195,0
55.1811,2.37552,0,0,1.14141,0.0693206,0.36288,3.6288,57.773,0.66528,0,0,0.49411,0.330263,0,0.66528,12.849,1,0.536929,0.36288,0,28.7178,5.39773,23.146,0.84672,12.849,0.84672,3695.15,0,36.966,0.60067,0.730045,2.3179,2.38877,1.42858,3.40746,0.42336,36.966,0.42336,423.524,0,1.02816,0,0,1.75821,0.730045,1.028160,1,0,26.5535,0,0,0,26.5535,0
53.553,2.36276,0,0,1.16571,0.0681816,0.36288,3.6288,57.3453,0.66528,0,0,0.566794,0.329195,0,0.66528,12.849,1,0.550173,0.36288,0,24.8768,5.39773,19.2918,0.84672,12.849,0.84672,3695.15,0,36.966,0.600973,0.829708,2.31822,2.48069,1.42858,3.59907,0.42336,36.966,0.42336,423.524,0,1.02816,0,0,1.85787,0.829708,1.028160,1,0,22.8908,0,0,0,22.8908,0
51.9485,2.34967,0,0,1.1762,0.0681476,0.36288,3.6288,56.9295,0.66528,0,0,0.571082,0.321563,0,0.66528,12.849,1,0.563758,0.36288,0,25.2414,5.21289,19.8276,0.84672,12.849,0.84672,3695.15,0,36.966,0.601277,1.28362,2.31855,3.17295,1.35663,4.81722,0.42336,36.966,0.42336,423.524,0,1.02816,0,0,2.31178,1.28362,1.028160,1,0,24.6449,0,0,0,24.6449,0
50.3037,2.25743,0,0,1.03543,0.0598781,0.36288,3.6288,57.0323,0.66528,0,0,1.05818,0.290118,0,0.66528,12.849,1,0.558355,0.36288,0,18.2519,4.44297,13.6135,0.84672,12.849,0.84672,3695.15,0,36.966,0.505706,2.91023,2.31887,3.99072,1.26993,7.44418,0.42336,36.966,0.42336,423.524,0,1.02816,0,0,3.93839,2.91023,1.028160,1,0,21.0577,0,0,0,21.0577,0
48.5247,2.24326,0,0,0.88598,0.0588577,0.36288,3.6288,56.6612,0.66528,0,0,0.584452,0.290312,0,0.66528,12.849,1,0.572993,0.36288,0,18.2339,4.44297,13.5808,0.84672,12.849,0.84672,3695.15,0,36.966,0.505995,1.16689,2.22674,2.97003,1.26993,4.58774,0.42336,36.966,0.42336,423.524,0,1.02816,0,0,2.19505,1.16689,1.028160,1,0,18.1685,0,0,0,18.1685,0
46.7856,2.22703,0,0,0.924359,0.0735846,0.36288,3.6288,56.2837,0.66528,0,0,0.562657,0.274896,0,0.66528,12.849,1,0.589702,0.36288,0,17.5263,4.23534,13.0642,0.84672,12.849,0.84672,3695.15,0,36.966,0.506284,1.09968,2.22705,2.98883,1.20504,4.60424,0.42336,36.966,0.42336,423.524,0,1.02816,0,0,2.12784,1.09968,1.028160,1,0,17.6684,0,0,0,17.6684,0
46.7286,2.21021,0,0,2.68155,0.165423,0.36288,3.6288,56.7581,0.66528,0,0,1.32584,0.186142,0,0.66528,12.849,1,0.607002,0.36288,0,52.8244,2.98956,49.5907,0.84672,12.849,0.84672,3695.15,0,36.966,0.506573,2.25099,2.22736,7.85021,0.815648,11.0063,0.42336,36.966,0.42336,423.524,0,1.02816,0,0,3.27915,2.25099,1.028160,1,0,60.597,0,0,0,60.597,0
45.8412,2.14678,0,0,1.79386,0.171611,0.36288,3.6288,56.831,0.656953,0,0,0.924581,0.19472,0,0.66528,12.849,1,0.590302,0.36288,0,43.3134,3.65634,39.4296,0.84672,12.849,0.84672,3695.15,0,36.966,0.427867,1.70811,2.22767,4.19031,0.866682,6.83155,0.42336,36.966,0.42336,423.524,0,1.02816,0,0,2.73627,1.70811,1.028160,1,0,46.2611,0,0,0,46.2611,0
45.6142,2.13822,0,0,2.44865,0.174599,0.36288,3.6288,56.9183,0.657452,0,0,0.945561,0.200817,0,0.66528,12.849,1,0.599329,0.36288,0,52.4897,4.15643,48.0969,0.84672,12.849,0.84672,3695.15,0,36.966,0.427643,1.20894,2.14542,4.96868,0.904957,6.99044,0.42336,36.966,0.42336,423.524,0,1.02816,0,0,2.2371,1.20894,1.028160,1,0,55.0873,0,0,0,55.0873,0
46.8247,2.13625,0,0,3.88386,0.174156,0.36288,3.6288,58.0389,0.658017,0,0,1.97959,0.200931,0,0.66528,12.849,1,0.601758,0.36288,0,71.4175,4.15643,67.0222,0.84672,12.849,0.84672,3695.15,0,36.966,0.427354,2.80518,2.14572,8.00018,0.904957,11.6188,0.42336,36.966,0.42336,423.524,0,1.02816,0,0,3.83334,2.80518,1.028160,1,0,78.6409,0,0,0,78.6409,0
46.6319,2.14882,0,0,2.49535,0.176518,0.36288,3.6288,58.6493,0.663227,0,0,1.47597,0.202395,0,0.66528,12.849,1,0.58965,0.36288,0,49.1198,4.15643,44.7366,0.84672,12.849,0.84672,3695.15,0,36.966,0.422421,2.29677,2.14602,7.89337,0.904957,11.0088,0.42336,36.966,0.42336,423.524,0,1.02816,0,0,3.32493,2.29677,1.028160,1,0,55.7454,0,0,0,55.7454,0
47.846,1.9677,0,0,3.75342,0.208715,0.36288,3.6288,59.1453,0.554469,0,0,1.27306,0.222543,0,0.66528,12.849,1,0.542184,0.36288,0,83.8891,4.45003,79.2598,0.84672,12.849,0.84672,3695.15,0,36.966,0.349476,1.76863,2.14632,9.00181,0.997389,11.5699,0.42336,36.966,0.42336,423.524,0,1.02816,0,0,2.79679,1.76863,1.028160,1,0,90.8297,0,0,0,90.8297,0
47.2287,1.97889,0,0,1.94671,0.222189,0.36288,3.6288,59.2584,0.556426,0,0,0.860337,0.19081,0,0.66528,12.849,1,0.531429,0.36288,0,54.3938,4.14286,50.0824,0.84672,12.849,0.84672,3695.15,0,36.966,0.347768,1.3135,1.9631,5.7345,0.961506,7.70182,0.42336,36.966,0.42336,423.524,0,1.02816,0,0,2.34166,1.3135,1.028160,1,0,57.7842,0,0,0,57.7842,0
46.8428,1.97376,0,0,2.18421,0.233538,0.36288,3.6288,59.3848,0.556987,0,0,0.8708,0.187373,0,0.66528,12.849,1,0.53698,0.36288,0,62.8689,4.13847,58.5563,0.84672,12.849,0.84672,3695.15,0,36.966,0.347454,1.18505,1.96337,5.38896,0.956498,7.23342,0.42336,36.966,0.42336,423.524,0,1.02816,0,0,2.21321,1.18505,1.028160,1,0,65.7897,0,0,0,65.7897,0
46.1455,1.97063,0,0,1.86875,0.232546,0.36288,3.6288,59.4996,0.557596,0,0,0.859905,0.187524,0,0.66528,12.849,1,0.540545,0.36288,0,57.2942,4.13847,52.978,0.84672,12.849,0.84672,3695.15,0,36.966,0.347094,1.10538,1.96364,5.332,0.956498,7.09744,0.42336,36.966,0.42336,423.524,0,1.02816,0,0,2.13354,1.10538,1.028160,1,0,60.0755,0,0,0,60.0755,0
46.3918,1.96457,0,0,2.80346,0.229647,0.36288,3.6288,59.5612,0.558163,0,0,0.823366,0.203637,0,0.66528,12.849,1,0.547027,0.36288,0,53.9418,4.63459,49.123,0.84672,12.849,0.84672,3695.15,0,36.966,0.346776,1.36429,1.96391,5.35929,1.11052,7.2302,0.42336,36.966,0.42336,423.524,0,1.02816,0,0,2.39245,1.36429,1.028160,1,0,56.3532,0,0,0,56.3532,0
48.2773,2.03622,0,0,4.49091,0.206297,0.36288,3.6288,60.5066,0.591073,0,0,1.73595,0.199428,0,0.66528,12.849,1,0.563966,0.36288,0,112.842,3.77725,108.864,0.84672,12.849,0.84672,3695.15,0,36.966,0.366843,1.84241,1.96419,8.24652,1.05903,10.6272,0.42336,36.966,0.42336,423.524,0,1.02816,0,0,2.87057,1.84241,1.028160,1,0,119.491,0,0,0,119.491,0
50.5423,2.05395,0,0,4.88857,0.206788,0.36288,3.6288,61.308,0.594783,0,0,1.93356,0.196342,0.341083,0.66528,12.849,1,0.546659,0.36288,0,95.262,3.52412,91.5542,0.84672,12.849,0.84672,3695.15,0,36.966,0.363378,1.89932,2.02172,9.31928,1.01622,11.8607,0.42336,36.966,0.42336,423.524,0,1.02816,0,0,2.92748,1.89932,1.028160,1,0,103.756,0,0,0,103.756,0
53.0008,2.07382,0,0,5.1071,0.211861,0.36288,3.6288,61.308,0.597899,0,0,2.52266,0.197341,1.72742,0.66528,12.849,1,0.527212,0.36288,0,77.5186,3.52412,73.8302,0.84672,12.849,0.84672,3695.15,0,36.966,0.360506,2.95497,2.02199,11.8205,1.01622,15.4207,0.42336,36.966,0.42336,423.524,0,1.02816,0,0,3.98313,2.95497,1.028160,1,0,90.9783,0,0,0,90.9783,0
57.6338,2.09384,0,0,7.30702,0.217337,0.36288,3.6288,61.308,0.598051,0,0,2.08208,0.197341,1.28668,0.66528,12.849,1,0.507611,0.36288,0,100.036,3.52412,96.3671,0.84672,12.849,0.84672,3695.15,0,36.966,0.360598,2.4975,2.02225,13.1833,1.01622,16.3263,0.42336,36.966,0.42336,423.524,0,1.02816,0,0,3.52566,2.4975,1.028160,1,0,113.98,0,0,0,113.98,0
62.0866,2.35919,0,0,7.44725,0.272374,0.36288,3.6288,61.308,0.66528,0,0,2.04573,0.236584,1.14386,0.66528,12.849,1,0.525962,0.36288,0,130.822,4.07748,126.581,0.84672,12.849,0.84672,3695.15,0,36.966,0.491693,2.62494,2.02252,12.2972,1.12412,15.3289,0.42336,36.966,0.42336,423.524,0,1.02816,0,0,3.6531,2.62494,1.028160,1,0,143.054,0,0,0,143.054,0
64.2357,2.39083,0,0,5.20341,0.300634,0.36288,3.6288,61.308,0.66528,0,0,1.78666,0.227731,0.893646,0.66528,12.849,1,0.494788,0.36288,0,104.522,4.36894,100.021,0.84672,12.849,0.84672,3695.15,0,36.966,0.491967,2.18403,2.22891,13.568,1.11218,16.3768,0.42336,36.966,0.42336,423.524,0,1.02816,0,0,3.21219,2.18403,1.028160,1,0,117.291,0,0,0,117.291,0
67.2714,2.405,0,0,6.11421,0.310608,0.36288,3.6288,61.308,0.66528,0,0,1.90946,0.218359,1.02582,0.66528,12.849,1,0.481071,0.36288,0,117.054,4.05421,112.881,0.84672,12.849,0.84672,3695.15,0,36.966,0.49224,2.57227,2.22921,11.6979,1.00684,15.0003,0.42336,36.966,0.42336,423.524,0,1.02816,0,0,3.60043,2.57227,1.028160,1,0,128.908,0,0,0,128.908,0
69.371,2.42362,0,0,5.21067,0.324595,0.36288,3.6288,61.308,0.66528,0,0,2.26829,0.205863,1.39715,0.66528,12.849,1,0.462918,0.36288,0,130.211,3.63458,126.476,0.84672,12.849,0.84672,3695.15,0,36.966,0.492513,3.44834,2.22951,13.7941,0.866375,18.1131,0.42336,36.966,0.42336,423.524,0,1.02816,0,0,4.4765,3.44834,1.028160,1,0,145.986,0,0,0,145.986,0
72.29,2.09473,0,0,6.05467,0.334411,0.706479,3.6288,61.308,0.556526,0,0,3.86941,0.206386,3.10649,0.66528,12.849,1,0.38799,0.706479,0,215.937,3.99408,212.261,0.84672,12.849,0.84672,3695.15,0,36.966,0.335561,3.54802,2.2298,17.2072,0.930209,21.7192,0.42336,36.966,0.42336,423.524,0,1.02816,0,0,4.57618,3.54802,1.028160,1,0,237.087,0,0,0,237.087,0
72.29,2.10838,0,0,7.89584,0.348042,5.43942,3.6288,61.308,0.556673,0,0,2.66272,0.207084,1.89896,0.66528,12.849,1,0.374749,5.43942,0,236.374,4.47342,236.965,0.84672,12.849,0.84672,3695.15,0,36.966,0.335649,3.80589,1.94885,18.1653,1.01532,22.5691,0.42336,36.966,0.42336,423.524,0,1.02816,0,0,4.83405,3.80589,1.028160,1,0,261.433,0,0,0,261.433,0
72.29,2.10872,0,0,11.6548,0.348042,9.19799,3.6288,61.308,0.556819,0,0,6.20819,0.207084,5.44429,0.66528,12.849,1,0.37481,9.19799,0,239.522,4.47342,243.872,0.84672,12.849,0.84672,3695.15,0,36.966,0.335737,8.21616,1.9491,26.2677,1.01532,35.0819,0.42336,36.966,0.42336,423.524,0,1.02816,0,0,9.24432,8.21616,1.028160,1,0,284.398,0,0,0,284.398,0
72.29,2.10907,0,0,14.013,0.34884,11.5551,3.6288,61.308,0.556966,0,0,6.72571,0.17302,5.99573,0.66528,12.849,1,0.374871,11.5551,0,243.328,4.31714,250.191,0.84672,12.849,0.84672,3695.15,0,36.966,0.335826,6.96775,1.94936,29.6031,0.958998,37.2254,0.42336,36.966,0.42336,423.524,0,1.02816,0,0,7.99591,6.96775,1.028160,1,0,293.413,0,0,0,293.413,0
72.29,2.10941,0,0,8.76303,0.349905,6.30372,3.6288,61.308,0.557112,0,0,2.39617,0.127601,1.71146,0.66528,12.849,1,0.374932,6.30372,0,180.981,4.10875,182.801,0.84672,12.849,0.84672,3695.15,0,36.966,0.335914,3.33714,1.94962,16.609,0.8839,20.676,0.42336,36.966,0.42336,423.524,0,1.02816,0,0,4.3653,3.33714,1.028160,1,0,205.189,0,0,0,205.189,0
72.29,2.19622,0,0,9.36524,0.273156,6.89587,3.6288,61.308,0.597881,0,0,4.43298,0.164835,3.67026,0.66528,12.849,1,0.390361,6.89587,0,228.241,4.25633,230.49,0.84672,12.849,0.84672,3695.15,0,36.966,0.360496,5.6779,1.94987,24.6075,0.884614,30.9902,0.42336,36.966,0.42336,423.524,0,1.02816,0,0,6.70606,5.6779,1.028160,1,0,265.151,0,0,0,265.151,0
72.29,2.19658,0,0,9.87785,0.274896,7.40638,3.6288,61.308,0.598033,0,0,5.18012,0.198027,4.38406,0.66528,12.849,1,0.390425,7.40638,0,261.878,4.68069,264.213,0.84672,12.849,0.84672,3695.15,0,36.966,0.360588,6.44276,2.01952,26.2183,1.01845,33.3016,0.42336,36.966,0.42336,423.524,0,1.02816,0,0,7.47092,6.44276,1.028160,1,0,301.898,0,0,0,301.898,0
72.29,2.19693,0,0,8.01999,0.274896,5.54817,3.6288,61.308,0.598186,0,0,3.89608,0.198027,3.09987,0.66528,12.849,1,0.390488,5.54817,0,222.96,4.68069,223.437,0.84672,12.849,0.84672,3695.15,0,36.966,0.360679,5.32961,2.01979,20.0137,1.01845,25.984,0.42336,36.966,0.42336,423.524,0,1.02816,0,0,6.35777,5.32961,1.028160,1,0,252.52,0,0,0,252.52,0
72.29,2.19729,0,0,6.78102,0.274896,4.30883,3.6288,61.308,0.598338,0,0,3.31088,0.198027,2.51452,0.66528,12.849,1,0.390551,4.30883,0,172.635,4.68069,171.873,0.84672,12.849,0.84672,3695.15,0,36.966,0.360771,5.10375,2.02006,14.9715,1.01845,20.7161,0.42336,36.966,0.42336,423.524,0,1.02816,0,0,6.13191,5.10375,1.028160,1,0,195.103,0,0,0,195.103,0
72.29,2.16382,0,0,5.29322,0.248841,2.88056,3.6288,61.308,0.582704,0,0,2.30626,0.201753,1.5218,0.66528,12.849,1,0.384602,2.88056,0,152.306,4.14894,150.653,0.84672,12.849,0.84672,3695.15,0,36.966,0.351345,3.45444,2.02033,11.7035,0.991296,15.8356,0.42336,36.966,0.42336,423.524,0,1.02816,0,0,4.4826,3.45444,1.028160,1,0,168.01,0,0,0,168.01,0
72.29,2.16417,0,0,5.89654,0.238419,3.49395,3.6288,61.308,0.582855,0,0,2.14289,0.203244,1.35679,0.66528,12.849,1,0.384664,3.49395,0,135.125,3.93624,134.298,0.84672,12.849,0.84672,3695.15,0,36.966,0.351435,3.35887,1.99358,15.364,0.980435,19.3846,0.42336,36.966,0.42336,423.524,0,1.02816,0,0,4.38703,3.35887,1.028160,1,0,155.04,0,0,0,155.04,0
72.29,2.16452,0,0,5.39319,0.238419,2.99025,3.6288,61.308,0.583005,0,0,2.246,0.203244,1.45975,0.66528,12.849,1,0.384727,2.99025,0,160.685,3.93624,159.354,0.84672,12.849,0.84672,3695.15,0,36.966,0.351526,3.43801,1.99384,13.1102,0.980435,17.2101,0.42336,36.966,0.42336,423.524,0,1.02816,0,0,4.46617,3.43801,1.028160,1,0,178.024,0,0,0,178.024,0
72.29,2.16487,0,0,4.57739,0.184755,2.22777,3.6288,61.308,0.583155,0,0,2.07753,0.16843,1.32595,0.66528,12.849,1,0.384789,2.22777,0,123.466,3.92227,121.386,0.84672,12.849,0.84672,3695.15,0,36.966,0.351617,3.11183,1.9941,11.3839,1.11555,15.0227,0.42336,36.966,0.42336,423.524,0,1.02816,0,0,4.13999,3.11183,1.028160,1,0,137.735,0,0,0,137.735,0
72.29,2.28011,0,0,4.14945,0.187647,1.68169,3.6288,61.308,0.639321,0,0,1.83836,0.178704,1.02033,0.66528,12.849,1,0.405273,1.68169,0,110.944,4.06933,108.151,0.84672,12.849,0.84672,3695.15,0,36.966,0.385482,2.59988,1.99437,9.71456,1.07778,12.8455,0.42336,36.966,0.42336,423.524,0,1.02816,0,0,3.62804,2.59988,1.028160,1,0,122.017,0,0,0,122.017,0
72.29,2.28048,0,0,3.79109,0.114957,1.39566,3.6288,61.308,0.639479,0,0,1.46278,0.228952,0.594346,0.66528,12.849,1,0.405338,1.39566,0,84.2374,4.85468,80.3731,0.84672,12.849,0.84672,3695.15,0,36.966,0.385578,1.83468,2.08936,7.6693,1.16082,10.0469,0.42336,36.966,0.42336,423.524,0,1.02816,0,0,2.86284,1.83468,1.028160,1,0,91.0143,0,0,0,91.0143,0
72.29,2.28085,0,0,3.62693,0.114957,1.23112,3.6288,61.308,0.639638,0,0,1.39749,0.228952,0.528895,0.66528,12.849,1,0.405404,1.23112,0,77.5941,4.85468,73.5651,0.84672,12.849,0.84672,3695.15,0,36.966,0.385673,1.72909,2.08964,7.41701,1.16082,9.68924,0.42336,36.966,0.42336,423.524,0,1.02816,0,0,2.75725,1.72909,1.028160,1,0,83.7833,0,0,0,83.7833,0
72.29,2.28122,0,0,3.47288,0.114957,1.07671,3.6288,61.308,0.639796,0,0,1.42071,0.228952,0.551961,0.66528,12.849,1,0.405469,1.07671,0,74.0336,4.85468,69.8501,0.84672,12.849,0.84672,3695.15,0,36.966,0.385769,2.06317,2.08992,7.06182,1.16082,9.66832,0.42336,36.966,0.42336,423.524,0,1.02816,0,0,3.09133,2.06317,1.028160,1,0,80.0704,0,0,0,80.0704,0
72.29,2.28158,0,0,3.199,0.14446,0.772959,3.6288,61.308,0.639955,0,0,1.33135,0.221052,0.47034,0.66528,12.849,1,0.405534,0.772959,0,69.2081,4.34699,65.2286,0.84672,12.849,0.84672,3695.15,0,36.966,0.385864,1.91057,2.09019,6.46652,1.1804,8.90102,0.42336,36.966,0.42336,423.524,0,1.02816,0,0,2.93873,1.91057,1.028160,1,0,74.5999,0,0,0,74.5999,0
72.29,2.25922,0,0,3.15897,0.105651,0.794108,3.6288,61.1548,0.66528,0,0,0.768286,0.256188,0,0.66528,12.849,1,0.401558,0.794108,0,59.0232,5.22952,54.1862,0.84672,12.849,0.84672,3695.15,0,36.966,0.410179,0.638116,2.09047,6.30418,1.27702,7.34556,0.42336,36.966,0.42336,423.524,0,1.02816,0,0,1.66628,0.638116,1.028160,1,0,61.5318,0,0,0,61.5318,0
72.29,2.25958,0,0,3.04843,0.105651,0.683203,3.6288,60.9491,0.66528,0,0,0.715452,0.255939,0,0.66528,12.849,1,0.401623,0.683203,0,53.9979,5.22952,49.05,0.84672,12.849,0.84672,3695.15,0,36.966,0.41044,0.441487,2.12388,6.10565,1.27702,6.98355,0.42336,36.966,0.42336,423.524,0,1.02816,0,0,1.46965,0.441487,1.028160,1,0,56.0335,0,0,0,56.0335,0
72.29,2.25995,0,0,2.93336,0.100459,0.572953,3.6288,60.7081,0.66528,0,0,0.684357,0.260039,0,0.66528,12.849,1,0.401688,0.572953,0,48.3757,5.26749,43.2795,0.84672,12.849,0.84672,3695.15,0,36.966,0.410701,0.36301,2.12417,6.07488,1.29951,6.85184,0.42336,36.966,0.42336,423.524,0,1.02816,0,0,1.39117,0.36301,1.028160,1,0,50.1313,0,0,0,50.1313,0
72.29,2.26031,0,0,3.21412,0.0693087,0.884504,3.6288,60.6104,0.66528,0,0,0.85377,0.286195,0,0.66528,12.849,1,0.401753,0.884504,0,59.1365,5.49528,54.1239,0.84672,12.849,0.84672,3695.15,0,36.966,0.410963,0.526254,2.12445,6.58035,1.43445,7.38564,0.42336,36.966,0.42336,423.524,0,1.02816,0,0,1.55441,0.526254,1.028160,1,0,61.5096,0,0,0,61.5096,0
72.29,2.31943,0,0,2.83931,0.0666956,0.453188,3.6288,60.3669,0.66528,0,0,0.724218,0.302444,0,0.66528,12.849,1,0.412261,0.453188,0,51.6149,5.7999,45.856,0.84672,12.849,0.84672,3695.15,0,36.966,0.455264,0.402011,2.12473,5.58586,1.48401,6.17334,0.42336,36.966,0.42336,423.524,0,1.02816,0,0,1.43017,0.402011,1.028160,1,0,52.0293,0,0,0,52.0293,0
71.9859,2.3198,0,0,2.44327,0.0647357,0.36288,3.6288,59.9207,0.679838,0,0,0.547948,0.314278,0,0.66528,12.849,1,0.412327,0.36288,0,43.9277,6.02837,37.8499,0.84672,12.849,0.84672,3695.15,0,36.966,0.455531,0.261274,2.17201,4.56256,1.52118,5.01913,0.42336,36.966,0.42336,423.524,0,1.0136,0,0,1.27488,0.261274,1.028160,1,0,42.8691,0,0,0,42.8691,0
71.5261,2.3187,0,0,2.28636,0.0645864,0.36288,3.6288,59.4138,0.700678,0,0,0.507202,0.313386,0,0.66528,12.849,1,0.413872,0.36288,0,39.6558,6.02837,33.5764,0.84672,12.849,0.84672,3695.15,0,36.966,0.455799,0.227405,2.1723,4.07203,1.52118,4.49476,0.42336,36.966,0.42336,423.524,0,0.992762,0,0,1.22017,0.227405,1.028160,1,0,38.0712,0,0,0,38.0712,0
70.881,2.31681,0,0,2.09899,0.0643605,0.36288,3.6288,58.8282,0.77486,0,0,0.501632,0.312373,0,0.66528,12.849,1,0.416195,0.36288,0,36.2499,6.02837,30.1682,0.84672,12.849,0.84672,3695.15,0,36.966,0.482101,0.227405,2.17259,3.98261,1.52118,4.37932,0.42336,36.966,0.42336,423.524,0,0.892547,0,0,1.11995,0.227405,1.028160,1,0,34.5475,0,0,0,34.5475,0
70.4496,2.48562,0,0,2.47266,0.0555428,0.36288,3.6288,58.4487,0.66528,0,0,0.591824,0.306131,0,0.66528,12.849,1,0.450582,0.36288,0,36.8011,6.19809,30.5153,0.84672,12.849,0.84672,3695.15,0,36.966,0.615386,0.397328,2.17288,5.90841,1.55359,6.30963,0.42336,36.966,0.42336,423.524,0,1.02816,0,0,1.42549,0.397328,1.028160,1,0,36.825,0,0,0,36.825,0
69.5753,2.48368,0,0,2.02994,0.0576591,0.36288,3.6288,57.5464,0.976308,0,0,0.439642,0.36556,0,0.66528,12.849,1,0.452988,0.36288,0,30.317,6.51588,23.711,0.84672,12.849,0.84672,3695.15,0,36.966,0.617469,0.227405,2.33404,3.85945,1.51775,4.28568,0.42336,36.966,0.42336,423.524,0,0.71534,0,0,0.942745,0.227405,1.028160,1,0,27.9967,0,0,0,27.9967,0
68.9037,2.47927,0,0,2.22777,0.0572711,0.36288,3.6288,56.9993,0.726607,0,0,0.542888,0.363436,0,0.66528,12.849,1,0.457866,0.36288,0,38.9896,6.51588,32.3788,0.84672,12.849,0.84672,3695.15,0,36.966,0.615968,0.204422,2.33436,4.21021,1.51775,4.61527,0.42336,36.966,0.42336,423.524,0,0.966833,0,0,1.17126,0.204422,1.028160,1,0,36.994,0,0,0,36.994,0
67.7976,2.47591,0,0,1.7897,0.0569731,0.36288,3.6288,55.998,1.03181,0,0,0.392668,0.362149,0,0.66528,12.849,1,0.461702,0.36288,0,38.0993,6.51588,31.4846,0.84672,12.849,0.84672,3695.15,0,36.966,0.669165,0.204422,2.33467,3.37983,1.51775,3.732,0.42336,36.966,0.42336,423.524,0,0.608723,0,0,0.813145,0.204422,1.028160,1,0,35.2166,0,0,0,35.2166,0
67.1371,2.46997,0,0,2.22887,0.0564824,0.36288,3.6288,55.6441,0.66528,0,0,0.671135,0.359792,0,0.66528,12.849,1,0.468109,0.36288,0,34.7966,6.51588,28.1755,0.84672,12.849,0.84672,3695.15,0,36.966,0.616551,0.510019,2.33498,5.22594,1.51775,5.93664,0.42336,36.966,0.42336,423.524,0,1.02816,0,0,1.53818,0.510019,1.028160,1,0,34.1121,0,0,0,34.1121,0
65.8082,2.3835,0,0,1.5365,0.119044,0.36288,3.6288,54.7895,0.912301,0,0,0.432003,0.374217,0,0.66528,12.849,1,0.456165,0.36288,0,30.0523,5.84088,24.1182,0.84672,12.849,0.84672,3695.15,0,36.966,0.606069,0.204422,2.3353,3.97369,1.42171,4.48563,0.42336,36.966,0.42336,423.524,0,0.695304,0,0,0.899726,0.204422,1.028160,1,0,28.6038,0,0,0,28.6038,0
64.1515,2.37618,0,0,1.21053,0.12816,0.36288,3.6288,53.7877,0.984504,0,0,0.357352,0.374649,0,0.66528,12.849,1,0.463946,0.36288,0,25.0759,5.72838,19.2464,0.84672,12.849,0.84672,3695.15,0,36.966,0.664236,0.216518,2.24244,3.44159,1.4057,3.83061,0.42336,36.966,0.42336,423.524,0,0.565212,0,0,0.78173,0.216518,1.028160,1,0,23.077,0,0,0,23.077,0
62.664,2.36657,0,0,1.36843,0.126466,0.36288,3.6288,52.8024,0.977541,0,0,0.364315,0.372154,0,0.66528,12.849,1,0.474004,0.36288,0,27.3793,5.72838,21.5398,0.84672,12.849,0.84672,3695.15,0,36.966,0.671822,0.216518,2.24274,4.90028,1.4057,5.28201,0.42336,36.966,0.42336,423.524,0,0.564866,0,0,0.781384,0.216518,1.028160,1,0,26.8218,0,0,0,26.8218,0
61.8709,2.35761,0,0,2.05227,0.124945,0.36288,3.6288,52.0964,0.851042,0,0,0.514344,0.369239,0,0.66528,12.849,1,0.483419,0.36288,0,34.3261,5.72838,28.4772,0.84672,12.849,0.84672,3695.15,0,36.966,0.5958,0.216518,2.24304,6.40006,1.4057,6.85812,0.42336,36.966,0.42336,423.524,0,0.767664,0,0,0.984182,0.216518,1.028160,1,0,35.3353,0,0,0,35.3353,0
61.6564,2.28561,0,0,2.6095,0.175527,0.36288,3.6288,51.619,0.751449,0,0,0.55931,0.285246,0,0.66528,12.849,1,0.474663,0.36288,0,43.0584,4.63797,38.3086,0.84672,12.849,0.84672,3695.15,0,36.966,0.533205,0.216518,2.24334,8.55038,1.19177,9.28526,0.42336,36.966,0.42336,423.524,0,0.842141,0,0,1.05866,0.216518,1.028160,1,0,47.5939,0,0,0,47.5939,0
60.1336,2.28461,0,0,1.2988,0.174033,0.36288,3.6288,50.655,1.01472,0,0,0.27224,0.22151,0,0.66528,12.849,1,0.476106,0.36288,0,19.7525,3.96816,15.6711,0.84672,12.849,0.84672,3695.15,0,36.966,0.726672,0.216518,2.16044,3.89186,1.10996,4.43219,0.42336,36.966,0.42336,423.524,0,0.385667,0,0,0.602186,0.216518,1.028160,1,0,20.1033,0,0,0,20.1033,0
59.0373,2.27505,0,0,1.71342,0.171809,0.36288,3.6288,50.4193,0.635443,0,0,0.619496,0.219783,0,0.66528,12.849,1,0.486118,0.36288,0,26.4275,3.96816,22.3361,0.84672,12.849,0.84672,3695.15,0,36.966,0.463721,0.507257,2.16072,6.91774,1.10996,8.01204,0.42336,36.966,0.42336,423.524,0,1.02816,0,0,1.53542,0.507257,1.028160,1,0,30.3482,0,0,0,30.3482,0
60.8732,2.268,0,0,4.63676,0.17001,0.36288,3.6288,51.0055,0.634345,0,0,1.43989,0.219361,0,0.66528,12.849,1,0.493611,0.36288,0,78.933,3.96816,74.8341,0.84672,12.849,0.84672,3695.15,0,36.966,0.465084,1.74588,2.16101,12.0569,1.10996,14.3888,0.42336,36.966,0.42336,423.524,0,1.02816,0,0,2.77404,1.74588,1.028160,1,0,89.2229,0,0,0,89.2229,0
60.6013,2.09009,0,0,2.40897,0.227881,0.36288,3.6288,50.9962,0.562153,0,0,0.741586,0.188748,0,0.66528,12.849,1,0.441173,0.36288,0,44.9056,3.56234,41.265,0.84672,12.849,0.84672,3695.15,0,36.966,0.407418,0.292723,2.1613,6.77704,0.94263,7.88102,0.42336,36.966,0.42336,423.524,0,0.974922,0,0,1.26765,0.292723,1.028160,1,0,49.146,0,0,0,49.146,0
60.8592,2.0888,0,0,2.96951,0.259933,0.36288,3.6288,50.848,0.531383,0,0,0.590246,0.207037,0,0.66528,12.849,1,0.442878,0.36288,0,84.5597,4.4561,80.0236,0.84672,12.849,0.84672,3695.15,0,36.966,0.385188,1.08292,1.97667,8.11613,1.09254,9.698,0.42336,36.966,0.42336,423.524,0,1.02816,0,0,2.11108,1.08292,1.028160,1,0,89.7216,0,0,0,89.7216,0
62.1349,2.09069,0,0,3.98974,0.260491,0.36288,3.6288,50.6643,0.530871,0,0,0.5539,0.206787,0,0.66528,12.849,1,0.4414,0.36288,0,80.6855,4.4561,76.1509,0.84672,12.849,0.84672,3695.15,0,36.966,0.385938,0.762013,1.97693,8.7732,1.09254,10.0337,0.42336,36.966,0.42336,423.524,0,1.02816,0,0,1.79017,0.762013,1.028160,1,0,86.1846,0,0,0,86.1846,0
63.9455,2.09854,0,0,4.52398,0.25191,0.36288,3.6288,51.1503,0.5302,0,0,1.21406,0.19784,0,0.66528,12.849,1,0.433961,0.36288,0,150.842,4.13452,146.637,0.84672,12.849,0.84672,3695.15,0,36.966,0.386848,1.83438,1.9772,11.7563,1.05237,14.1287,0.42336,36.966,0.42336,423.524,0,1.02816,0,0,2.86254,1.83438,1.028160,1,0,160.765,0,0,0,160.765,0
65.4151,2.10911,0,0,4.18184,0.240313,0.36288,3.6288,51.6373,0.532472,0,0,1.20655,0.18706,0,0.66528,12.849,1,0.423798,0.36288,0,79.6936,3.70577,75.927,0.84672,12.849,0.84672,3695.15,0,36.966,0.384814,1.79079,1.97746,10.4284,0.998802,12.813,0.42336,36.966,0.42336,423.524,0,1.02816,0,0,2.81895,1.79079,1.028160,1,0,88.74,0,0,0,88.74,0
67.1511,2.19166,0,0,4.56646,0.275936,0.36288,3.6288,52.0516,0.565688,0,0,1.17819,0.198203,0,0.66528,12.849,1,0.430491,0.36288,0,104.137,3.77634,100.293,0.84672,12.849,0.84672,3695.15,0,36.966,0.404964,1.6278,1.97772,10.7867,1.02489,12.9624,0.42336,36.966,0.42336,423.524,0,1.02816,0,0,2.65596,1.6278,1.028160,1,0,113.255,0,0,0,113.255,0
69.4977,2.20133,0,0,5.20389,0.293058,0.36288,3.6288,52.7472,0.56771,0,0,1.46638,0.203043,0,0.66528,12.849,1,0.421214,0.36288,0,103.061,3.80457,99.1976,0.84672,12.849,0.84672,3695.15,0,36.966,0.403176,1.85569,2.03567,13.3735,1.03532,15.8264,0.42336,36.966,0.42336,423.524,0,1.02816,0,0,2.88385,1.85569,1.028160,1,0,115.024,0,0,0,115.024,0
72.0592,2.21368,0,0,5.43656,0.298487,0.36288,3.6288,53.8852,0.570974,0,0,1.91315,0.204182,0,0.66528,12.849,1,0.409273,0.36288,0,83.8658,3.80457,80.0148,0.84672,12.849,0.84672,3695.15,0,36.966,0.400146,2.89558,2.03593,16.9628,1.03532,20.4589,0.42336,36.966,0.42336,423.524,0,1.02816,0,0,3.92374,2.89558,1.028160,1,0,100.474,0,0,0,100.474,0
72.29,2.22637,0,0,7.77833,0.304414,5.01674,3.6288,54.6821,0.576124,0,0,1.579,0.206029,0,0.66528,12.849,1,0.396987,5.01674,0,108.226,3.80457,109.041,0.84672,12.849,0.84672,3695.15,0,36.966,0.395229,2.44493,2.03618,18.9186,1.03532,21.9691,0.42336,36.966,0.42336,423.524,0,1.02816,0,0,3.47309,2.44493,1.028160,1,0,131.01,0,0,0,131.01,0
72.29,2.47012,0,0,9.17735,0.32283,6.38439,3.6288,55.6332,0.66528,0,0,1.85895,0.242559,0,0.66528,12.849,1,0.439046,6.38439,0,165.053,4.13922,166.859,0.84672,12.849,0.84672,3695.15,0,36.966,0.505879,3.05361,2.03644,18.8735,1.17558,22.2821,0.42336,36.966,0.42336,423.524,0,1.02816,0,0,4.08177,3.05361,1.028160,1,0,189.141,0,0,0,189.141,0
72.29,2.4705,0,0,7.26054,0.270792,4.51925,3.6288,56.4263,0.66528,0,0,1.69742,0.239039,0,0.66528,12.849,1,0.439112,4.51925,0,96.6358,4.13164,96.5843,0.84672,12.849,0.84672,3695.15,0,36.966,0.506141,2.0085,2.24437,13.0338,1.26893,15.5116,0.42336,36.966,0.42336,423.524,0,1.02816,0,0,3.03666,2.0085,1.028160,1,0,112.096,0,0,0,112.096,0
72.29,2.47087,0,0,7.97596,0.270792,5.2343,3.6288,57.4077,0.66528,0,0,1.88702,0.240283,0,0.66528,12.849,1,0.439179,5.2343,0,132.342,4.13164,133.006,0.84672,12.849,0.84672,3695.15,0,36.966,0.506402,2.44011,2.24466,16.0122,1.26893,18.9216,0.42336,36.966,0.42336,423.524,0,1.02816,0,0,3.46827,2.44011,1.028160,1,0,151.927,0,0,0,151.927,0
72.29,2.47125,0,0,6.77617,0.270792,4.03413,3.6288,58.5265,0.66528,0,0,2.02588,0.241821,0,0.66528,12.849,1,0.439246,4.03413,0,157.772,4.13164,157.235,0.84672,12.849,0.84672,3695.15,0,36.966,0.506664,3.747,2.24494,21.175,1.26893,25.3913,0.42336,36.966,0.42336,423.524,0,1.02816,0,0,4.77516,3.747,1.028160,1,0,182.626,0,0,0,182.626,0
72.29,2.12579,0,0,6.48814,0.302695,4.05966,3.6288,59.9706,0.554194,0,0,2.22581,0.227527,0,0.66528,12.849,1,0.377842,4.05966,0,163.271,3.92257,163.03,0.84672,12.849,0.84672,3695.15,0,36.966,0.350035,3.8072,2.24523,23.4324,1.14919,27.9856,0.42336,36.966,0.42336,423.524,0,1.02816,0,0,4.83536,3.8072,1.028160,1,0,191.016,0,0,0,191.016,0
72.29,2.12611,0,0,4.77185,0.363578,2.28216,3.6288,60.4042,0.559548,0,0,1.20711,0.213963,0,0.66528,12.849,1,0.377901,2.28216,0,72.0282,3.47991,70.4526,0.84672,12.849,0.84672,3695.15,0,36.966,0.344906,1.26999,1.96214,12.7168,0.923297,14.6807,0.42336,36.966,0.42336,423.524,0,1.02816,0,0,2.29815,1.26999,1.028160,1,0,85.1333,0,0,0,85.1333,0
72.29,2.12644,0,0,7.35923,0.363578,4.86921,3.6288,61.308,0.561223,0,0,2.52833,0.214554,0.848749,0.66528,12.849,1,0.377959,4.86921,0,141.674,3.47991,142.686,0.84672,12.849,0.84672,3695.15,0,36.966,0.343456,3.17035,1.96239,15.636,0.923297,19.502,0.42336,36.966,0.42336,423.524,0,1.02816,0,0,4.19851,3.17035,1.028160,1,0,163.036,0,0,0,163.036,0
72.29,2.12677,0,0,3.71104,0.329593,1.25467,3.6288,61.308,0.564522,0,0,0.977884,0.197738,0.215624,0.66528,12.849,1,0.378017,1.25467,0,103.013,3.21832,100.671,0.84672,12.849,0.84672,3695.15,0,36.966,0.340382,0.729639,1.96264,7.4196,0.88572,8.88577,0.42336,36.966,0.42336,423.524,0,1.02816,0,0,1.7578,0.729639,1.028160,1,0,109.773,0,0,0,109.773,0
72.29,2.1271,0,0,3.25907,0.312955,0.819015,3.6288,61.2789,0.608283,0,0,0.835566,0.256387,0,0.66528,12.849,1,0.378076,0.819015,0,85.4418,4.95898,80.9238,0.84672,12.849,0.84672,3695.15,0,36.966,0.366768,0.558835,1.96288,5.6912,1.25321,6.59294,0.42336,36.966,0.42336,423.524,0,0.958237,0,0,1.51707,0.558835,1.028160,1,0,87.5167,0,0,0,87.5167,0
72.29,2.21454,0,0,5.45283,0.352321,2.88596,3.6288,61.308,0.605619,0,0,1.87453,0.219853,1.01996,0.66528,12.849,1,0.393618,2.88596,0,156.152,4.39624,154.249,0.84672,12.849,0.84672,3695.15,0,36.966,0.365335,2.3508,1.96313,12.9951,1.05005,15.8936,0.42336,36.966,0.42336,423.524,0,1.02816,0,0,3.37896,2.3508,1.028160,1,0,171.162,0,0,0,171.162,0
72.29,2.21488,0,0,5.03108,0.358086,2.45811,3.6288,61.308,0.605873,0,0,1.36058,0.211513,0.543197,0.66528,12.849,1,0.393678,2.45811,0,123.784,4.24442,121.604,0.84672,12.849,0.84672,3695.15,0,36.966,0.365315,2.07206,2.03328,11.2465,1.00459,13.982,0.42336,36.966,0.42336,423.524,0,1.02816,0,0,3.10022,2.07206,1.028160,1,0,136.13,0,0,0,136.13,0
72.29,2.21522,0,0,4.63417,0.317661,2.10129,3.6288,61.308,0.606019,0,0,1.11212,0.211539,0.294566,0.66528,12.849,1,0.393739,2.10129,0,94.9346,4.13497,92.5072,0.84672,12.849,0.84672,3695.15,0,36.966,0.365403,1.61975,2.03354,9.63161,0.998639,11.9209,0.42336,36.966,0.42336,423.524,0,1.02816,0,0,2.64791,1.61975,1.028160,1,0,104.723,0,0,0,104.723,0
72.29,2.21556,0,0,4.32001,0.263762,1.84069,3.6288,61.308,0.606165,0,0,1.01394,0.211572,0.196201,0.66528,12.849,1,0.393799,1.84069,0,89.653,3.98906,87.1108,0.84672,12.849,0.84672,3695.15,0,36.966,0.365491,1.19096,2.0338,11.0179,0.990706,12.8865,0.42336,36.966,0.42336,423.524,0,1.02816,0,0,2.21912,1.19096,1.028160,1,0,100.193,0,0,0,100.193,0
72.29,2.18182,0,0,3.85525,0.225303,1.44812,3.6288,61.308,0.590407,0,0,1.13696,0.214281,0.332276,0.66528,12.849,1,0.387802,1.44812,0,86.5391,3.85369,83.7457,0.84672,12.849,0.84672,3695.15,0,36.966,0.355989,1.16819,2.03405,7.83104,1.00802,9.66927,0.42336,36.966,0.42336,423.524,0,1.02816,0,0,2.19635,1.16819,1.028160,1,0,93.7473,0,0,0,93.7473,0
72.29,2.18216,0,0,3.30968,0.196459,0.931064,3.6288,61.308,0.590551,0,0,1.3605,0.216312,0.553634,0.66528,12.849,1,0.387862,0.931064,0,80.2786,3.75218,77.0696,0.84672,12.849,0.84672,3695.15,0,36.966,0.356076,1.39793,2.00709,7.15893,1.021,9.18688,0.42336,36.966,0.42336,423.524,0,1.02816,0,0,2.42609,1.39793,1.028160,1,0,86.8101,0,0,0,86.8101,0
72.29,2.18249,0,0,3.37751,0.196459,0.99856,3.6288,61.308,0.590695,0,0,1.1709,0.216312,0.363895,0.66528,12.849,1,0.387922,0.99856,0,77.4999,3.75218,74.3584,0.84672,12.849,0.84672,3695.15,0,36.966,0.356163,0.969762,2.00734,7.08057,1.021,8.68051,0.42336,36.966,0.42336,423.524,0,1.02816,0,0,1.99792,0.969762,1.028160,1,0,83.4028,0,0,0,83.4028,0
72.29,2.18283,0,0,3.45456,0.166049,1.10568,3.6288,61.308,0.590838,0,0,1.14502,0.231148,0.323038,0.66528,12.849,1,0.387982,1.10568,0,80.3148,4.9218,76.1107,0.84672,12.849,0.84672,3695.15,0,36.966,0.356249,1.05787,2.00759,8.80554,1.06711,10.4476,0.42336,36.966,0.42336,423.524,0,1.02816,0,0,2.08603,1.05787,1.028160,1,0,86.8814,0,0,0,86.8814,0
72.29,2.29891,0,0,2.83149,0.123745,0.408838,3.6288,61.308,0.647413,0,0,1.0935,0.246469,0.199614,0.66528,12.849,1,0.408614,0.408838,0,54.7842,5.47526,49.3091,0.84672,12.849,0.84672,3695.15,0,36.966,0.390361,0.921663,2.00785,6.67388,1.13586,8.07717,0.42336,36.966,0.42336,423.524,0,1.02816,0,0,1.94982,0.921663,1.028160,1,0,57.5859,0,0,0,57.5859,0
72.2512,2.29926,0,0,2.78181,0.158438,0.36288,3.6288,61.308,0.647564,0,0,0.971533,0.213504,0.110465,0.66528,12.849,1,0.408676,0.36288,0,58.5204,4.28024,54.1943,0.84672,12.849,0.84672,3695.15,0,36.966,0.390452,0.785834,2.10353,6.43581,0.902744,8.03198,0.42336,36.966,0.42336,423.524,0,1.02816,0,0,1.81399,0.785834,1.028160,1,0,62.3368,0,0,0,62.3368,0
72.0024,2.29943,0,0,2.54115,0.127722,0.36288,3.6288,61.308,0.647716,0,0,0.963317,0.217153,0.098448,0.66528,12.849,1,0.408925,0.36288,0,52.3034,4.39394,47.8635,0.84672,12.849,0.84672,3695.15,0,36.966,0.390544,0.785393,2.1038,6.14746,0.867217,7.77888,0.42336,36.966,0.42336,423.524,0,1.02816,0,0,1.81355,0.785393,1.028160,1,0,55.7408,0,0,0,55.7408,0
71.7042,2.29858,0,0,2.49076,0.127481,0.36288,3.6288,61.308,0.647867,0,0,1.0419,0.217153,0.176877,0.66528,12.849,1,0.410187,0.36288,0,50.105,4.39394,45.6638,0.84672,12.849,0.84672,3695.15,0,36.966,0.390635,0.751144,2.10406,6.62424,0.867217,8.22159,0.42336,36.966,0.42336,423.524,0,1.02816,0,0,1.7793,0.751144,1.028160,1,0,54.0622,0,0,0,54.0622,0
71.2413,2.29749,0,0,2.32471,0.127192,0.36288,3.6288,61.308,0.648019,0,0,0.952145,0.217153,0.0869733,0.66528,12.849,1,0.411697,0.36288,0,46.8389,4.39394,42.3962,0.84672,12.849,0.84672,3695.15,0,36.966,0.390727,0.623462,2.10433,5.86582,0.867217,7.33566,0.42336,36.966,0.42336,423.524,0,1.02816,0,0,1.65162,0.623462,1.028160,1,0,49.8188,0,0,0,49.8188,0
71.2209,2.27272,0,0,2.71731,0.102152,0.36288,3.6288,61.308,0.66528,0,0,1.03247,0.238184,0.129008,0.66528,12.849,1,0.409904,0.36288,0,46.6259,5.34235,41.2366,0.84672,12.849,0.84672,3695.15,0,36.966,0.423459,1.4838,2.10459,5.95386,1.06675,8.05204,0.42336,36.966,0.42336,423.524,0,1.02816,0,0,2.51196,1.4838,1.028160,1,0,49.4176,0,0,0,49.4176,0
70.9737,2.27296,0,0,2.48674,0.0980386,0.36288,3.6288,61.308,0.66528,0,0,0.948318,0.241689,0.0413489,0.66528,12.849,1,0.410067,0.36288,0,48.8087,5.50042,43.261,0.84672,12.849,0.84672,3695.15,0,36.966,0.423708,1.46309,2.13824,5.78438,1.10001,7.86199,0.42336,36.966,0.42336,423.524,0,1.02816,0,0,2.49125,1.46309,1.028160,1,0,51.1644,0,0,0,51.1644,0
70.5311,2.2721,0,0,2.2902,0.0978533,0.36288,3.6288,61.308,0.66528,0,0,0.912609,0.241689,0.00563972,0.66528,12.849,1,0.411339,0.36288,0,48.5042,5.50042,42.9553,0.84672,12.849,0.84672,3695.15,0,36.966,0.423958,1.38053,2.13851,5.55911,1.10001,7.55419,0.42336,36.966,0.42336,423.524,0,1.02816,0,0,2.40869,1.38053,1.028160,1,0,50.5151,0,0,0,50.5151,0
70.0004,2.27027,0,0,2.19994,0.0975213,0.36288,3.6288,61.2903,0.66528,0,0,0.889229,0.241689,0,0.66528,12.849,1,0.413586,0.36288,0,42.2105,5.50042,36.6593,0.84672,12.849,0.84672,3695.15,0,36.966,0.424208,1.33072,2.13878,5.46169,1.10001,7.40697,0.42336,36.966,0.42336,423.524,0,1.02816,0,0,2.35888,1.33072,1.028160,1,0,44.0663,0,0,0,44.0663,0
69.1799,2.32686,0,0,1.94323,0.0739544,0.36288,3.6288,61.0372,0.66528,0,0,0.698565,0.286351,0,0.66528,12.849,1,0.427109,0.36288,0,36.8886,6.15843,30.6659,0.84672,12.849,0.84672,3695.15,0,36.966,0.468821,0.700428,2.13905,4.52446,1.36231,5.5328,0.42336,36.966,0.42336,423.524,0,1.02816,0,0,1.72859,0.700428,1.028160,1,0,36.1987,0,0,0,36.1987,0
68.3947,2.32294,0,0,1.97344,0.0728357,0.36288,3.6288,60.7671,0.66947,0,0,0.692677,0.293348,0,0.66528,12.849,1,0.431447,0.36288,0,40.4235,6.04296,34.312,0.84672,12.849,0.84672,3695.15,0,36.966,0.469077,0.261274,2.18666,4.18394,1.41668,4.74611,0.42336,36.966,0.42336,423.524,0,1.02397,0,0,1.28524,0.261274,1.028160,1,0,39.0581,0,0,0,39.0581,0
67.4569,2.31913,0,0,1.81664,0.0723913,0.36288,3.6288,60.3962,0.66528,0,0,0.587243,0.292846,0,0.66528,12.849,1,0.435684,0.36288,0,33.2033,6.04296,27.0875,0.84672,12.849,0.84672,3695.15,0,36.966,0.469333,0.335016,2.18693,4.04547,1.41668,4.68141,0.42336,36.966,0.42336,423.524,0,1.02816,0,0,1.36318,0.335016,1.028160,1,0,31.7689,0,0,0,31.7689,0
66.3712,2.31439,0,0,1.66341,0.0718605,0.36288,3.6288,59.8923,0.755577,0,0,0.543913,0.292157,0,0.66528,12.849,1,0.440839,0.36288,0,31.5594,6.04296,25.4385,0.84672,12.849,0.84672,3695.15,0,36.966,0.46959,0.227405,2.18721,3.55596,1.41668,4.08431,0.42336,36.966,0.42336,423.524,0,0.937863,0,0,1.16527,0.227405,1.028160,1,0,29.5228,0,0,0,29.5228,0
65.2241,2.47981,0,0,1.75751,0.0618845,0.36288,3.6288,59.5551,0.66528,0,0,0.624397,0.296355,0,0.66528,12.849,1,0.480074,0.36288,0,30.9524,6.19251,24.6427,0.84672,12.849,0.84672,3695.15,0,36.966,0.630061,0.370172,2.18749,4.70408,1.44656,5.18512,0.42336,36.966,0.42336,423.524,0,1.02816,0,0,1.39833,0.370172,1.028160,1,0,29.8278,0,0,0,29.8278,0
63.9701,2.47313,0,0,1.66071,0.0787683,0.36288,3.6288,59.1624,0.66528,0,0,0.564966,0.292443,0,0.66528,12.849,1,0.487202,0.36288,0,33.3881,5.85354,27.4102,0.84672,12.849,0.84672,3695.15,0,36.966,0.630339,0.512024,2.34982,4.41861,1.41002,5.24009,0.42336,36.966,0.42336,423.524,0,1.02816,0,0,1.54018,0.512024,1.028160,1,0,32.6503,0,0,0,32.6503,0
62.5363,2.46556,0,0,1.47265,0.0779763,0.36288,3.6288,58.714,0.66528,0,0,0.508633,0.291709,0,0.66528,12.849,1,0.49523,0.36288,0,29.6722,5.85354,23.6863,0.84672,12.849,0.84672,3695.15,0,36.966,0.630617,0.418029,2.35012,4.28839,1.41002,5.0159,0.42336,36.966,0.42336,423.524,0,1.02816,0,0,1.44619,0.418029,1.028160,1,0,28.7022,0,0,0,28.7022,0
61.2895,2.45651,0,0,1.6496,0.0770709,0.36288,3.6288,58.2796,0.66528,0,0,0.521767,0.290871,0,0.66528,12.849,1,0.504726,0.36288,0,29.4942,5.85354,23.4988,0.84672,12.849,0.84672,3695.15,0,36.966,0.630896,0.458326,2.35042,4.59629,1.41002,5.36412,0.42336,36.966,0.42336,423.524,0,1.02816,0,0,1.48649,0.458326,1.028160,1,0,28.8629,0,0,0,28.8629,0
61.0233,2.44839,0,0,2.64005,0.0949474,0.36288,3.6288,57.9697,0.66528,0,0,0.641252,0.28585,0,0.66528,12.849,1,0.513292,0.36288,0,48.9991,5.7348,43.1139,0.84672,12.849,0.84672,3695.15,0,36.966,0.631174,0.777773,2.35072,5.01036,1.39546,6.11222,0.42336,36.966,0.42336,423.524,0,1.02816,0,0,1.80593,0.777773,1.028160,1,0,49.2261,0,0,0,49.2261,0
61.5414,2.36463,0,0,3.39257,0.146956,0.36288,3.6288,57.8675,0.66528,0,0,0.829414,0.266395,0,0.66528,12.849,1,0.497895,0.36288,0,48.9924,4.83959,44.0178,0.84672,12.849,0.84672,3695.15,0,36.966,0.534142,1.08677,2.35102,5.12405,1.24312,6.78457,0.42336,36.966,0.42336,423.524,0,1.02816,0,0,2.11493,1.08677,1.028160,1,0,50.8024,0,0,0,50.8024,0
61.2202,2.36846,0,0,2.5763,0.166119,0.36288,3.6288,58.064,0.66528,0,0,1.12301,0.26121,0,0.66528,12.849,1,0.494503,0.36288,0,44.0129,4.46366,39.4177,0.84672,12.849,0.84672,3695.15,0,36.966,0.534407,2.67662,2.25747,5.18391,1.18728,8.39631,0.42336,36.966,0.42336,423.524,0,1.02816,0,0,3.70478,2.67662,1.028160,1,0,47.814,0,0,0,47.814,0
60.5982,2.36668,0,0,2.27321,0.165679,0.36288,3.6288,57.7889,0.66528,0,0,0.651752,0.261541,0,0.66528,12.849,1,0.496722,0.36288,0,45.0824,4.46366,40.4849,0.84672,12.849,0.84672,3695.15,0,36.966,0.534672,1.29778,2.25775,3.98174,1.18728,5.81532,0.42336,36.966,0.42336,423.524,0,1.02816,0,0,2.32594,1.29778,1.028160,1,0,46.3002,0,0,0,46.3002,0
59.5861,2.36283,0,0,1.87847,0.164825,0.36288,3.6288,57.4368,0.66528,0,0,0.574184,0.261077,0,0.66528,12.849,1,0.501006,0.36288,0,41.6244,4.46366,37.0226,0.84672,12.849,0.84672,3695.15,0,36.966,0.534937,1.04001,2.25804,3.68741,1.18728,5.26323,0.42336,36.966,0.42336,423.524,0,1.02816,0,0,2.06817,1.04001,1.028160,1,0,42.2859,0,0,0,42.2859,0
59.2798,2.2889,0,0,2.59492,0.249501,0.36288,3.6288,57.2133,0.66528,0,0,0.643437,0.201609,0,0.66528,12.849,1,0.493572,0.36288,0,51.4673,3.72095,47.6156,0.84672,12.849,0.84672,3695.15,0,36.966,0.446576,0.923288,2.25833,4.15754,0.962414,5.93017,0.42336,36.966,0.42336,423.524,0,1.02816,0,0,1.95145,0.923288,1.028160,1,0,53.5458,0,0,0,53.5458,0
58.7548,2.28715,0,0,2.40322,0.278136,0.36288,3.6288,57.1321,0.66528,0,0,0.793479,0.209419,0,0.66528,12.849,1,0.495744,0.36288,0,58.357,4.04428,54.1798,0.84672,12.849,0.84672,3695.15,0,36.966,0.44683,0.804583,2.17481,5.33878,1.08167,6.78967,0.42336,36.966,0.42336,423.524,0,1.02816,0,0,1.83274,0.804583,1.028160,1,0,60.9695,0,0,0,60.9695,0
60.9461,2.28387,0,0,5.11472,0.27673,0.36288,3.6288,57.9022,0.66528,0,0,1.64468,0.209309,0,0.66528,12.849,1,0.499455,0.36288,0,127.532,4.04428,123.351,0.84672,12.849,0.84672,3695.15,0,36.966,0.447083,3.35218,2.17509,8.66624,1.08167,12.6648,0.42336,36.966,0.42336,423.524,0,1.02816,0,0,4.38034,3.35218,1.028160,1,0,136.015,0,0,0,136.015,0
62.2521,2.29905,0,0,4.27586,0.307889,0.36288,3.6288,58.3508,0.66528,0,0,1.33336,0.219408,0,0.66528,12.849,1,0.484698,0.36288,0,67.4936,3.79864,63.5731,0.84672,12.849,0.84672,3695.15,0,36.966,0.447336,2.053,2.17536,6.13354,0.996823,8.91774,0.42336,36.966,0.42336,423.524,0,1.02816,0,0,3.08116,2.053,1.028160,1,0,72.4909,0,0,0,72.4909,0
62.4808,2.11515,0,0,3.03726,0.330561,0.36288,3.6288,58.6851,0.568214,0,0,1.12933,0.226853,0,0.66528,12.849,1,0.436572,0.36288,0,47.9468,3.61442,44.2587,0.84672,12.849,0.84672,3695.15,0,36.966,0.359971,2.04879,2.17564,5.80584,0.933186,8.7371,0.42336,36.966,0.42336,423.524,0,1.02816,0,0,3.07695,2.04879,1.028160,1,0,52.9958,0,0,0,52.9958,0
64.9903,2.1168,0,0,5.28744,0.298242,0.36288,3.6288,59.6365,0.569612,0,0,1.73694,0.215986,0,0.66528,12.849,1,0.435313,0.36288,0,67.6666,4.18047,63.4137,0.84672,12.849,0.84672,3695.15,0,36.966,0.358801,2.02896,1.98966,7.02608,1.1622,9.5237,0.42336,36.966,0.42336,423.524,0,1.02816,0,0,3.05712,2.02896,1.028160,1,0,72.9374,0,0,0,72.9374,0
68.1247,2.13116,0,0,5.93285,0.304377,0.36288,3.6288,60.3234,0.573286,0,0,1.47758,0.217307,0,0.66528,12.849,1,0.421344,0.36288,0,65.2312,4.18047,60.9923,0.84672,12.849,0.84672,3695.15,0,36.966,0.355355,2.86064,1.98991,11.1817,1.1622,14.5147,0.42336,36.966,0.42336,423.524,0,1.02816,0,0,3.8888,2.86064,1.028160,1,0,75.507,0,0,0,75.507,0
69.7641,2.1478,0,0,4.46208,0.312041,0.36288,3.6288,60.0901,0.575936,0,0,0.56085,0.218261,0,0.66528,12.849,1,0.405096,0.36288,0,54.5467,4.18047,50.324,0.84672,12.849,0.84672,3695.15,0,36.966,0.352932,0.864302,1.99016,6.37155,1.1622,7.71088,0.42336,36.966,0.42336,423.524,0,1.02816,0,0,1.89246,0.864302,1.028160,1,0,58.0348,0,0,0,58.0348,0
70.8024,2.15617,0,0,3.86289,0.305595,0.36288,3.6288,59.9194,0.575229,0,0,0.664303,0.259715,0,0.66528,12.849,1,0.397119,0.36288,0,47.4296,4.33581,43.0596,0.84672,12.849,0.84672,3695.15,0,36.966,0.353867,0.750972,1.99041,4.23929,1.28207,5.34474,0.42336,36.966,0.42336,423.524,0,1.02816,0,0,1.77913,0.750972,1.028160,1,0,48.4043,0,0,0,48.4043,0
72.29,2.23715,0,0,4.66483,0.294746,0.645285,3.6288,59.9059,0.60784,0,0,0.848048,0.253774,0,0.66528,12.849,1,0.405992,0.645285,0,78.9308,4.73454,74.4356,0.84672,12.849,0.84672,3695.15,0,36.966,0.374994,0.620508,1.99066,6.16029,1.2776,7.11887,0.42336,36.966,0.42336,423.524,0,1.02816,0,0,1.64867,0.620508,1.028160,1,0,81.5544,0,0,0,81.5544,0
72.29,2.24458,0,0,3.18934,0.289351,0.655409,3.6288,59.9646,0.607926,0,0,0.910915,0.244292,0,0.66528,12.849,1,0.398956,0.655409,0,84.7437,5.01417,79.986,0.84672,12.849,0.84672,3695.15,0,36.966,0.375132,0.556105,2.04902,5.06778,1.25926,6.03852,0.42336,36.966,0.42336,423.524,0,1.02816,0,0,1.58426,0.556105,1.028160,1,0,86.0245,0,0,0,86.0245,0
72.285,2.2449,0,0,2.90072,0.2979,0.36288,3.6288,59.7656,0.741873,0,0,0.776848,0.233946,0,0.66528,12.849,1,0.399014,0.36288,0,57.7076,4.43871,53.2328,0.84672,12.849,0.84672,3695.15,0,36.966,0.457338,0.503194,2.04926,3.56375,1.10434,4.55453,0.42336,36.966,0.42336,423.524,0,0.812229,0,0,1.31542,0.503194,1.028160,1,0,57.7873,0,0,0,57.7873,0
71.5617,2.2452,0,0,2.17915,0.294367,0.36288,3.6288,59.6748,0.76892,0,0,0.846513,0.168385,0,0.66528,12.849,1,0.399096,0.36288,0,49.9032,3.68368,46.1833,0.84672,12.849,0.84672,3695.15,0,36.966,0.475589,0.503194,2.04951,2.86851,1.09161,3.85401,0.42336,36.966,0.42336,423.524,0,0.767154,0,0,1.27035,0.503194,1.028160,1,0,50.0373,0,0,0,50.0373,0
71.4577,2.48581,0,0,3.04302,0.298405,0.36288,3.6288,59.8854,0.66528,0,0,1.059,0.18314,0,0.66528,12.849,1,0.44633,0.36288,0,63.9299,3.90534,59.9411,0.84672,12.849,0.84672,3695.15,0,36.966,0.519446,0.505241,2.04975,4.82846,1.12479,5.73922,0.42336,36.966,0.42336,423.524,0,1.02816,0,0,1.5334,0.505241,1.028160,1,0,65.6803,0,0,0,65.6803,0
71.1915,2.48561,0,0,2.87279,0.290414,0.36288,3.6288,59.5495,0.942174,0,0,0.826883,0.220657,0,0.66528,12.849,1,0.446945,0.36288,0,72.0861,4.85268,67.1494,0.84672,12.849,0.84672,3695.15,0,36.966,0.581584,0.503194,2.25916,3.34056,1.1903,4.33103,0.42336,36.966,0.42336,423.524,0,0.689377,0,0,1.19257,0.503194,1.028160,1,0,71.4804,0,0,0,71.4804,0
70.7533,2.48456,0,0,2.69904,0.289824,0.36288,3.6288,59.304,0.887459,0,0,0.862237,0.220184,0,0.66528,12.849,1,0.448425,0.36288,0,63.8887,4.85268,58.9505,0.84672,12.849,0.84672,3695.15,0,36.966,0.5509,0.503194,2.25943,4.61544,1.1903,5.63687,0.42336,36.966,0.42336,423.524,0,0.775025,0,0,1.27822,0.503194,1.028160,1,0,64.5874,0,0,0,64.5874,0
70.6746,2.48256,0,0,3.08231,0.315584,0.36288,3.6288,59.0781,0.878922,0,0,0.87493,0.221927,0,0.66528,12.849,1,0.45084,0.36288,0,76.5271,4.0823,72.3568,0.84672,12.849,0.84672,3695.15,0,36.966,0.547859,0.608429,2.2597,3.9865,0.981142,5.32563,0.42336,36.966,0.42336,423.524,0,0.786853,0,0,1.39528,0.608429,1.028160,1,0,77.6824,0,0,0,77.6824,0
71.6367,2.13539,0,0,3.77806,0.317664,0.36288,3.6288,59.4159,0.563346,0,0,1.11751,0.216341,0,0.66528,12.849,1,0.388224,0.36288,0,85.784,3.95016,81.8085,0.84672,12.849,0.84672,3695.15,0,36.966,0.352493,0.61268,2.25997,5.90987,0.967941,7.46209,0.42336,36.966,0.42336,423.524,0,1.02816,0,0,1.64084,0.61268,1.028160,1,0,89.2706,0,0,0,89.2706,0
72.29,2.14012,0,0,4.27456,0.333734,1.14745,3.6288,60.0131,0.564713,0,0,1.34697,0.185149,0,0.66528,12.849,1,0.383859,1.14745,0,131.423,3.15735,129.029,0.84672,12.849,0.84672,3695.15,0,36.966,0.35134,1.26541,1.97486,6.39257,0.888736,8.39276,0.42336,36.966,0.42336,423.524,0,1.02816,0,0,2.29357,1.26541,1.028160,1,0,137.422,0,0,0,137.422,0
72.29,2.14338,0,0,4.43413,0.335397,1.95536,3.6288,60.8137,0.567009,0,0,1.55348,0.185856,0,0.66528,12.849,1,0.38097,1.95536,0,141.827,3.15735,140.244,0.84672,12.849,0.84672,3695.15,0,36.966,0.349258,0.883941,1.97509,8.26436,0.888736,9.8854,0.42336,36.966,0.42336,423.524,0,1.02816,0,0,1.9121,0.883941,1.028160,1,0,150.13,0,0,0,150.13,0
72.29,2.14369,0,0,4.61163,0.318716,2.14922,3.6288,61.308,0.570002,0,0,1.54411,0.210282,0.269498,0.66528,12.849,1,0.381025,2.14922,0,106.364,3.83109,104.301,0.84672,12.849,0.84672,3695.15,0,36.966,0.34648,0.974601,1.97533,6.78917,0.985043,8.40757,0.42336,36.966,0.42336,423.524,0,1.02816,0,0,2.00276,0.974601,1.028160,1,0,112.978,0,0,0,112.978,0
72.29,2.14401,0,0,4.03368,0.306205,1.58347,3.6288,61.308,0.571879,0,0,1.06041,0.228604,0.25993,0.66528,12.849,1,0.381081,1.58347,0,87.1672,4.3364,84.0332,0.84672,12.849,0.84672,3695.15,0,36.966,0.344817,0.675829,1.97556,5.04298,1.05727,6.29228,0.42336,36.966,0.42336,423.524,0,1.02816,0,0,1.70399,0.675829,1.028160,1,0,90.5854,0,0,0,90.5854,0
72.29,2.23205,0,0,4.33864,0.300914,1.80568,3.6288,61.308,0.613228,0,0,1.52791,0.178755,0.735923,0.66528,12.849,1,0.39673,1.80568,0,110.536,3.55602,108.389,0.84672,12.849,0.84672,3695.15,0,36.966,0.369749,1.39915,1.9758,6.59501,0.976732,8.62348,0.42336,36.966,0.42336,423.524,0,1.02816,0,0,2.42731,1.39915,1.028160,1,0,117.748,0,0,0,117.748,0
72.29,2.23238,0,0,3.94793,0.298797,1.41675,3.6288,61.308,0.613367,0,0,2.04674,0.158816,1.27456,0.66528,12.849,1,0.396788,1.41675,0,117.843,3.24387,115.619,0.84672,12.849,0.84672,3695.15,0,36.966,0.369833,1.72231,2.04644,9.91155,0.944516,12.3659,0.42336,36.966,0.42336,423.524,0,1.02816,0,0,2.75047,1.72231,1.028160,1,0,129.259,0,0,0,129.259,0
72.29,2.2327,0,0,4.46277,0.298797,1.93127,3.6288,61.308,0.613506,0,0,2.02162,0.158816,1.2493,0.66528,12.849,1,0.396846,1.93127,0,121.783,3.24387,120.073,0.84672,12.849,0.84672,3695.15,0,36.966,0.369917,1.37113,2.04668,9.5453,0.944516,11.6487,0.42336,36.966,0.42336,423.524,0,1.02816,0,0,2.39929,1.37113,1.028160,1,0,132.971,0,0,0,132.971,0
72.29,2.23303,0,0,3.61155,0.291253,1.08728,3.6288,61.308,0.613645,0,0,1.77204,0.157983,1.00041,0.66528,12.849,1,0.396903,1.08728,0,89.519,3.29329,86.9161,0.84672,12.849,0.84672,3695.15,0,36.966,0.370001,1.49106,2.04693,6.95493,0.94773,9.17518,0.42336,36.966,0.42336,423.524,0,1.02816,0,0,2.51922,1.49106,1.028160,1,0,97.0917,0,0,0,97.0917,0
72.1171,2.19903,0,0,2.6188,0.229746,0.36288,3.6288,61.308,0.611669,0,0,1.18938,0.17039,0.407323,0.66528,12.849,1,0.390861,0.36288,0,75.2979,3.55367,71.7162,0.84672,12.849,0.84672,3695.15,0,36.966,0.36881,0.528595,2.04717,4.7957,0.992864,6.00979,0.42336,36.966,0.42336,423.524,0,1.00588,0,0,1.53447,0.528595,1.028160,1,0,78.1333,0,0,0,78.1333,0
71.2124,2.19856,0,0,1.86449,0.207821,0.36288,3.6288,61.1075,0.910108,0,0,0.9032,0.193592,0,0.66528,12.849,1,0.391713,0.36288,0,52.7185,3.50542,49.1843,0.84672,12.849,0.84672,3695.15,0,36.966,0.548754,0.528595,2.02,3.65187,1.02733,4.62438,0.42336,36.966,0.42336,423.524,0,0.527714,0,0,1.05631,0.528595,1.028160,1,0,53.8086,0,0,0,53.8086,0
70.1314,2.19466,0,0,1.68299,0.206392,0.36288,3.6288,60.9385,0.881748,0,0,0.906051,0.193347,0,0.66528,12.849,1,0.395987,0.36288,0,48.3787,3.50542,44.8402,0.84672,12.849,0.84672,3695.15,0,36.966,0.533399,0.528595,2.02025,4.64852,1.02733,5.63663,0.42336,36.966,0.42336,423.524,0,0.571648,0,0,1.10024,0.528595,1.028160,1,0,50.4768,0,0,0,50.4768,0
69.9752,2.18982,0,0,2.60115,0.204686,0.36288,3.6288,61.1568,0.695167,0,0,1.10668,0.19314,0,0.66528,12.849,1,0.401204,0.36288,0,60.831,3.50542,57.2872,0.84672,12.849,0.84672,3695.15,0,36.966,0.421697,0.402797,2.02049,4.19329,1.02733,5.16754,0.42336,36.966,0.42336,423.524,0,0.870152,0,0,1.27295,0.402797,1.028160,1,0,62.4547,0,0,0,62.4547,0
68.8887,2.30536,0,0,1.74136,0.159574,0.36288,3.6288,61.0827,0.843195,0,0,0.973175,0.204107,0,0.66528,12.849,1,0.423315,0.36288,0,52.1859,3.8305,48.295,0.84672,12.849,0.84672,3695.15,0,36.966,0.509666,0.402797,2.02073,3.73044,0.967153,4.67715,0.42336,36.966,0.42336,423.524,0,0.725466,0,0,1.12826,0.402797,1.028160,1,0,52.9722,0,0,0,52.9722,0
67.6345,2.30007,0,0,1.57863,0.169956,0.36288,3.6288,60.7002,0.920398,0,0,0.727341,0.189479,0,0.66528,12.849,1,0.429004,0.36288,0,40.0184,3.61148,36.3408,0.84672,12.849,0.84672,3695.15,0,36.966,0.557006,0.402797,2.11707,3.31635,0.943981,4.33523,0.42336,36.966,0.42336,423.524,0,0.601154,0,0,1.00395,0.402797,1.028160,1,0,40.676,0,0,0,40.676,0
66.3081,2.29371,0,0,1.4838,0.153611,0.36288,3.6288,60.3482,0.916814,0,0,0.757469,0.192576,0,0.66528,12.849,1,0.435753,0.36288,0,36.861,3.71983,33.0683,0.84672,12.849,0.84672,3695.15,0,36.966,0.558334,0.402797,2.11732,3.37052,0.923921,4.40839,0.42336,36.966,0.42336,423.524,0,0.603642,0,0,1.00644,0.402797,1.028160,1,0,37.4767,0,0,0,37.4767,0
64.9323,2.28674,0,0,1.42582,0.152009,0.36288,3.6288,60.0447,0.882995,0,0,0.771638,0.192146,0,0.66528,12.849,1,0.443119,0.36288,0,34.7496,3.71983,30.9495,0.84672,12.849,0.84672,3695.15,0,36.966,0.540874,0.30119,2.11758,3.36086,0.923921,4.31484,0.42336,36.966,0.42336,423.524,0,0.655154,0,0,0.956344,0.30119,1.028160,1,0,35.2643,0,0,0,35.2643,0
63.4758,2.27924,0,0,1.33601,0.150346,0.36288,3.6288,59.6493,0.921762,0,0,0.71814,0.191775,0,0.66528,12.849,1,0.451022,0.36288,0,32.5537,3.71983,28.7457,0.84672,12.849,0.84672,3695.15,0,36.966,0.567475,0.30119,2.11783,3.11608,0.923921,4.0437,0.42336,36.966,0.42336,423.524,0,0.590017,0,0,0.891207,0.30119,1.028160,1,0,32.7894,0,0,0,32.7894,0
62.1443,2.24837,0,0,1.39074,0.110973,0.36288,3.6288,59.3287,0.799138,0,0,0.690993,0.212512,0,0.66528,12.849,1,0.455122,0.36288,0,35.1615,4.31808,30.7512,0.84672,12.849,0.84672,3695.15,0,36.966,0.495243,0.30119,2.11808,2.99935,1.04467,3.87871,0.42336,36.966,0.42336,423.524,0,0.835203,0,0,1.13639,0.30119,1.028160,1,0,34.6299,0,0,0,34.6299,0
60.809,2.24061,0,0,1.37587,0.107729,0.36288,3.6288,59.0024,0.772393,0,0,0.655016,0.208909,0,0.66528,12.849,1,0.46327,0.36288,0,35.1415,4.28474,30.7563,0.84672,12.849,0.84672,3695.15,0,36.966,0.481256,0.30119,2.15195,2.9313,1.05426,3.84893,0.42336,36.966,0.42336,423.524,0,0.876174,0,0,1.17736,0.30119,1.028160,1,0,34.6053,0,0,0,34.6053,0
59.4547,2.23254,0,0,1.34771,0.106547,0.36288,3.6288,58.6322,0.758781,0,0,0.597077,0.208473,0,0.66528,12.849,1,0.471737,0.36288,0,34.5201,4.28474,30.1265,0.84672,12.849,0.84672,3695.15,0,36.966,0.475389,0.261274,2.15221,2.86746,1.05426,3.7513,0.42336,36.966,0.42336,423.524,0,0.89589,0,0,1.15716,0.261274,1.028160,1,0,33.8778,0,0,0,33.8778,0
58.0257,2.22402,0,0,1.26308,0.105239,0.36288,3.6288,58.2538,0.755385,0,0,0.584908,0.207978,0,0.66528,12.849,1,0.480643,0.36288,0,31.8294,4.28474,27.4269,0.84672,12.849,0.84672,3695.15,0,36.966,0.47625,0.261274,2.15247,2.76483,1.05426,3.64806,0.42336,36.966,0.42336,423.524,0,0.898664,0,0,1.15994,0.261274,1.028160,1,0,31.075,0,0,0,31.075,0
56.5916,2.27212,0,0,1.29416,0.0932494,0.36288,3.6288,57.9572,0.730728,0,0,0.67049,0.23637,0,0.66528,12.849,1,0.503129,0.36288,0,32.8552,4.89897,27.8159,0.84672,12.849,0.84672,3695.15,0,36.966,0.481769,0.261274,2.15272,2.87316,1.22205,3.58334,0.42336,36.966,0.42336,423.524,0,0.962712,0,0,1.22399,0.261274,1.028160,1,0,31.3993,0,0,0,31.3993,0
55.1865,2.26205,0,0,1.30604,0.0861923,0.36288,3.6288,57.7147,0.66528,0,0,0.692557,0.26976,0,0.66528,12.849,1,0.513594,0.36288,0,33.1678,5.68995,27.3271,0.84672,12.849,0.84672,3695.15,0,36.966,0.482013,0.328389,2.20065,3.01955,1.42002,3.64655,0.42336,36.966,0.42336,423.524,0,1.02816,0,0,1.35655,0.328389,1.028160,1,0,30.9736,0,0,0,30.9736,0
53.6434,2.25177,0,0,1.15657,0.0849951,0.36288,3.6288,57.4038,0.691857,0,0,0.65035,0.269337,0,0.66528,12.849,1,0.524277,0.36288,0,31.2502,5.68995,25.3988,0.84672,12.849,0.84672,3695.15,0,36.966,0.482258,0.261274,2.20091,2.99014,1.42002,3.55005,0.42336,36.966,0.42336,423.524,0,1.00158,0,0,1.26286,0.261274,1.028160,1,0,28.9489,0,0,0,28.9489,0
52.0075,2.23993,0,0,1.05062,0.0836803,0.36288,3.6288,57.0282,0.739549,0,0,0.632724,0.268796,0,0.66528,12.849,1,0.536522,0.36288,0,29.4169,5.68995,23.5533,0.84672,12.849,0.84672,3695.15,0,36.966,0.482502,0.227405,2.20118,2.88341,1.42002,3.40947,0.42336,36.966,0.42336,423.524,0,0.953891,0,0,1.1813,0.227405,1.028160,1,0,26.9627,0,0,0,26.9627,0
50.075,2.39163,0,0,0.889834,0.067846,0.36288,3.6288,56.6341,0.749719,0,0,0.629277,0.273646,0,0.66528,12.849,1,0.590876,0.36288,0,28.0349,5.96675,21.8402,0.84672,12.849,0.84672,3695.15,0,36.966,0.644072,0.227405,2.20144,2.8295,1.42052,3.19375,0.42336,36.966,0.42336,423.524,0,0.943721,0,0,1.17113,0.227405,1.028160,1,0,25.0339,0,0,0,25.0339,0
47.9843,2.37382,0,0,0.727099,0.0811671,0.36288,3.6288,56.1911,0.778075,0,0,0.588832,0.253767,0,0.66528,12.849,1,0.60911,0.36288,0,21.9287,6.01236,15.6701,0.84672,12.849,0.84672,3695.15,0,36.966,0.644337,0.227405,2.36488,2.50562,1.45138,3.00218,0.42336,36.966,0.42336,423.524,0,0.915365,0,0,1.14277,0.227405,1.028160,1,0,18.6723,0,0,0,18.6723,0
45.8219,2.35322,0,0,0.633969,0.0802412,0.36288,3.6288,55.6212,0.847022,0,0,0.528617,0.251554,0,0.66528,12.849,1,0.630135,0.36288,0,19.1379,6.04569,12.825,0.84672,12.849,0.84672,3695.15,0,36.966,0.644603,0.227405,2.36517,2.39673,1.47385,2.87085,0.42336,36.966,0.42336,423.524,0,0.846418,0,0,1.07382,0.227405,1.028160,1,0,15.6959,0,0,0,15.6959,0
43.7605,2.33033,0,0,0.710148,0.0783475,0.36288,3.6288,55.1187,0.79412,0,0,0.542268,0.250618,0,0.66528,12.849,1,0.653454,0.36288,0,19.0232,6.04569,12.6869,0.84672,12.849,0.84672,3695.15,0,36.966,0.644868,0.204422,2.36545,2.56881,1.47385,3.01997,0.42336,36.966,0.42336,423.524,0,0.89932,0,0,1.10374,0.204422,1.028160,1,0,15.7069,0,0,0,15.7069,0
42.1352,2.30687,0,0,1.13656,0.092122,0.36288,3.6288,54.8742,0.66528,0,0,0.666446,0.245669,0,0.66528,12.849,1,0.677346,0.36288,0,31.6035,5.92695,25.3621,0.84672,12.849,0.84672,3695.15,0,36.966,0.645134,0.312759,2.36574,2.80023,1.45928,3.37431,0.42336,36.966,0.42336,423.524,0,1.02816,0,0,1.34092,0.312759,1.028160,1,0,28.7364,0,0,0,28.7364,0
40.4913,2.21032,0,0,1.02017,0.0907888,0.36288,3.6288,54.4167,0.878786,0,0,0.656555,0.235238,0,0.66528,12.849,1,0.674032,0.36288,0,26.7202,5.9672,20.4419,0.84672,12.849,0.84672,3695.15,0,36.966,0.591994,0.204422,2.36602,2.81465,1.4523,3.34081,0.42336,36.966,0.42336,423.524,0,0.770077,0,0,0.9745,0.204422,1.028160,1,0,23.7827,0,0,0,23.7827,0
38.1119,2.18987,0,0,0.260537,0.0872386,0.36288,3.6288,53.3385,1.19784,0,0,0.352086,0.232461,0,0.66528,12.849,1,0.694904,0.36288,0,15.1471,5.93051,8.8846,0.84672,12.849,0.84672,3695.15,0,36.966,0.813711,0.204422,2.27181,1.87282,1.45705,2.07829,0.42336,36.966,0.42336,423.524,0,0.229555,0,0,0.433978,0.204422,1.028160,1,0,10.9629,0,0,0,10.9629,0
35.8352,2.15773,0,0,0.359777,0.115894,0.36288,3.6288,52.4347,1.15597,0,0,0.48308,0.230882,0,0.66528,12.849,1,0.727455,0.36288,0,15.9426,5.65579,9.92224,0.84672,12.849,0.84672,3695.15,0,36.966,0.801139,0.216518,2.27209,2.51379,1.40576,2.7955,0.42336,36.966,0.42336,423.524,0,0.284256,0,0,0.500774,0.216518,1.028160,1,0,12.7177,0,0,0,12.7177,0
34.1325,2.12402,0,0,0.949381,0.165161,0.36288,3.6288,52.2695,0.747723,0,0,0.830257,0.247718,0,0.66528,12.849,1,0.761585,0.36288,0,27.3717,5.27079,21.7022,0.84672,12.849,0.84672,3695.15,0,36.966,0.548177,0.216518,2.27236,5.13791,1.28811,5.79051,0.42336,36.966,0.42336,423.524,0,0.945717,0,0,1.16224,0.216518,1.028160,1,0,27.4927,0,0,0,27.4927,0
32.5512,2.03688,0,0,0.986698,0.168174,0.36288,3.6288,51.7118,0.935675,0,0,0.629565,0.251599,0,0.66528,12.849,1,0.766773,0.36288,0,21.1596,5.22106,15.5347,0.84672,12.849,0.84672,3695.15,0,36.966,0.661727,0.216518,2.27263,3.5425,1.27319,4.09674,0.42336,36.966,0.42336,423.524,0,0.555232,0,0,0.771751,0.216518,1.028160,1,0,19.6314,0,0,0,19.6314,0
32.509,2.01047,0,0,2.53365,0.202513,0.36288,3.6288,51.9587,0.65587,0,0,1.17835,0.275613,0,0.66528,12.849,1,0.793594,0.36288,0,54.013,4.92271,48.6595,0.84672,12.849,0.84672,3695.15,0,36.966,0.468846,0.749002,2.18853,9.61442,1.1837,10.8994,0.42336,36.966,0.42336,423.524,0,1.02816,0,0,1.77716,0.749002,1.028160,1,0,59.5589,0,0,0,59.5589,0
31.2938,2.01002,0,0,1.36007,0.202406,0.36288,3.6288,51.6594,0.657313,0,0,0.634138,0.276163,0,0.66528,12.849,1,0.794447,0.36288,0,30.4545,4.92271,25.1002,0.84672,12.849,0.84672,3695.15,0,36.966,0.467645,0.282614,2.18879,4.00049,1.1837,4.82056,0.42336,36.966,0.42336,423.524,0,1.02816,0,0,1.31077,0.282614,1.028160,1,0,29.9208,0,0,0,29.9208,0
29.8872,1.98843,0,0,1.144,0.199329,0.36288,3.6288,51.1585,0.774401,0,0,0.548999,0.275496,0,0.66528,12.849,1,0.816436,0.36288,0,21.2264,4.92271,15.8501,0.84672,12.849,0.84672,3695.15,0,36.966,0.55414,0.292723,2.18906,4.8023,1.1837,5.54624,0.42336,36.966,0.42336,423.524,0,0.824818,0,0,1.11754,0.292723,1.028160,1,0,21.3964,0,0,0,21.3964,0
29.0501,1.79817,0,0,1.52487,0.200934,0.36288,3.6288,51.1031,0.5454,0,0,0.762169,0.272122,0,0.66528,12.849,1,0.773063,0.36288,0,37.3543,4.85123,32.0929,0.84672,12.849,0.84672,3695.15,0,36.966,0.394094,0.495176,2.18932,6.84627,1.17331,7.96335,0.42336,36.966,0.42336,423.524,0,1.02816,0,0,1.52334,0.495176,1.028160,1,0,40.0562,0,0,0,40.0562,0
28.6032,1.78298,0,0,1.90489,0.205834,0.36288,3.6288,51.4486,0.545278,0,0,1.11908,0.228272,0,0.66528,12.849,1,0.788623,0.36288,0,68.4213,4.59221,63.4033,0.84672,12.849,0.84672,3695.15,0,36.966,0.394433,1.06167,2.00206,7.86393,1.14294,9.39028,0.42336,36.966,0.42336,423.524,0,1.02816,0,0,2.08983,1.06167,1.028160,1,0,72.7936,0,0,0,72.7936,0
29.3004,1.77474,0,0,3.03535,0.200585,0.36288,3.6288,52.5883,0.546946,0,0,1.91043,0.223868,0,0.66528,12.849,1,0.79724,0.36288,0,106.991,4.62052,101.936,0.84672,12.849,0.84672,3695.15,0,36.966,0.392982,1.62853,2.0023,9.91475,1.14827,12.0043,0.42336,36.966,0.42336,423.524,0,1.02816,0,0,2.65669,1.62853,1.028160,1,0,113.94,0,0,0,113.94,0
30.5484,1.78819,0,0,3.60156,0.202494,0.36288,3.6288,53.7339,0.552074,0,0,1.92361,0.225935,0,0.66528,12.849,1,0.784168,0.36288,0,107.588,4.62052,102.546,0.84672,12.849,0.84672,3695.15,0,36.966,0.388071,2.58092,2.00253,17.032,1.14827,20.0792,0.42336,36.966,0.42336,423.524,0,1.02816,0,0,3.60908,2.58092,1.028160,1,0,122.625,0,0,0,122.625,0
30.722,1.811,0,0,2.5534,0.205912,0.36288,3.6288,53.6747,0.557105,0,0,0.726011,0.228012,0,0.66528,12.849,1,0.761729,0.36288,0,90.4893,4.62052,85.4699,0.84672,12.849,0.84672,3695.15,0,36.966,0.383258,0.886853,2.00277,8.98611,1.14827,10.3442,0.42336,36.966,0.42336,423.524,0,1.02816,0,0,1.91501,0.886853,1.028160,1,0,95.8141,0,0,0,95.8141,0
30.7227,1.81404,0,0,2.37816,0.200569,0.36288,3.6288,53.8616,0.556855,0,0,0.962994,0.219337,0,0.66528,12.849,1,0.758694,0.36288,0,62.9819,4.41243,58.1736,0.84672,12.849,0.84672,3695.15,0,36.966,0.383508,0.832075,2.00301,8.31168,1.16354,9.59972,0.42336,36.966,0.42336,423.524,0,1.02816,0,0,1.86024,0.832075,1.028160,1,0,67.7734,0,0,0,67.7734,0
30.9854,1.87783,0,0,2.69308,0.189604,0.36288,3.6288,54.3768,0.58972,0,0,1.25981,0.154877,0,0.66528,12.849,1,0.785354,0.36288,0,60.3145,3.52264,56.3694,0.84672,12.849,0.84672,3695.15,0,36.966,0.404734,0.909507,2.00301,9.42754,0.959487,10.9758,0.42336,36.966,0.42336,423.524,0,1.02816,0,0,1.93767,0.909507,1.028160,1,0,67.3453,0,0,0,67.3453,0
30.8051,1.88279,0,0,2.25558,0.190265,0.36288,3.6288,54.6798,0.59213,0,0,1.05061,0.155406,0,0.66528,12.849,1,0.780754,0.36288,0,72.0593,3.52264,68.1188,0.84672,12.849,0.84672,3695.15,0,36.966,0.402537,0.568495,2.06175,7.84909,0.959487,9.11732,0.42336,36.966,0.42336,423.524,0,1.02816,0,0,1.59665,0.568495,1.028160,1,0,77.2361,0,0,0,77.2361,0
30.3078,1.87982,0,0,1.93521,0.189812,0.36288,3.6288,54.7759,0.674789,0,0,0.926562,0.155717,0,0.66528,12.849,1,0.784087,0.36288,0,41.0169,3.52264,37.0731,0.84672,12.849,0.84672,3695.15,0,36.966,0.456187,0.503194,2.06198,6.60677,0.959487,7.75628,0.42336,36.966,0.42336,423.524,0,0.892063,0,0,1.39526,0.503194,1.028160,1,0,44.8294,0,0,0,44.8294,0
29.6437,1.87105,0,0,1.76523,0.195354,0.36288,3.6288,54.7151,0.755105,0,0,0.845372,0.151067,0,0.66528,12.849,1,0.793231,0.36288,0,37.0191,3.59626,32.9925,0.84672,12.849,0.84672,3695.15,0,36.966,0.509589,0.503194,2.06222,5.91951,0.943224,7.0321,0.42336,36.966,0.42336,423.524,0,0.758557,0,0,1.26175,0.503194,1.028160,1,0,40.0246,0,0,0,40.0246,0
31.1251,2.10732,0,0,4.16153,0.209969,0.36288,3.6288,55.234,0.66528,0,0,1.34697,0.16278,0,0.66528,12.849,1,0.84672,0.36288,0,87.7916,4.07715,83.2306,0.84672,12.849,0.84672,3695.15,0,36.966,0.532384,1.58874,2.06245,10.1487,1.09716,12.1704,0.42336,36.966,0.42336,423.524,0,1.02816,0,0,2.6169,1.58874,1.028160,1,0,95.4009,0,0,0,95.4009,0
30.9462,2.10772,0,0,2.50593,0.214152,0.36288,3.6288,55.0989,0.678586,0,0,0.70678,0.163337,0,0.66528,12.849,1,0.84672,0.36288,0,61.7669,4.07715,57.2059,0.84672,12.849,0.84672,3695.15,0,36.966,0.532621,0.503194,2.27326,6.55978,1.09716,7.70645,0.42336,36.966,0.42336,423.524,0,1.01485,0,0,1.51805,0.503194,1.028160,1,0,64.9124,0,0,0,64.9124,0
30.0441,2.10813,0,0,1.76276,0.193865,0.36288,3.6288,54.4241,1.03374,0,0,0.532108,0.173087,0,0.66528,12.849,1,0.84672,0.36288,0,39.6277,4.01467,35.1292,0.84672,12.849,0.84672,3695.15,0,36.966,0.693539,0.608429,2.27352,5.48082,1.05532,6.61391,0.42336,36.966,0.42336,423.524,0,0.49902,0,0,1.10745,0.608429,1.028160,1,0,41.7431,0,0,0,41.7431,0
29.7495,2.10853,0,0,2.36053,0.183732,0.36288,3.6288,54.4677,0.674836,0,0,0.894689,0.176259,0,0.66528,12.849,1,0.84672,0.36288,0,57.5533,3.98969,53.0798,0.84672,12.849,0.84672,3695.15,0,36.966,0.533096,0.608429,2.27378,7.62204,1.03858,8.93257,0.42336,36.966,0.42336,423.524,0,1.0186,0,0,1.62703,0.608429,1.028160,1,0,62.0123,0,0,0,62.0123,0
33.2673,1.73211,0,0,5.82896,0.21624,0.36288,3.6288,55.2315,0.530556,0,0,1.46583,0.171467,0,0.66528,12.849,1,0.748109,0.36288,0,116.962,3.54165,113.035,0.84672,12.849,0.84672,3695.15,0,36.966,0.360076,2.02466,2.27403,10.1242,0.936393,13.1264,0.42336,36.966,0.42336,423.524,0,1.02816,0,0,3.05282,2.02466,1.028160,1,0,126.162,0,0,0,126.162,0
36.0765,1.78942,0,0,5.18783,0.226238,0.36288,3.6288,56.0236,0.533658,0,0,1.49809,0.172332,0,0.66528,12.849,1,0.691139,0.36288,0,78.3778,3.54165,74.5079,0.84672,12.849,0.84672,3695.15,0,36.966,0.357173,1.85306,1.94725,10.3931,0.936393,12.8998,0.42336,36.966,0.42336,423.524,0,1.02816,0,0,2.88122,1.85306,1.028160,1,0,87.4077,0,0,0,87.4077,0
37.4392,1.82936,0,0,3.78904,0.234114,0.36288,3.6288,56.4437,0.536821,0,0,1.13015,0.17323,0,0.66528,12.849,1,0.651544,0.36288,0,73.0555,3.54165,69.2252,0.84672,12.849,0.84672,3695.15,0,36.966,0.35421,1.18747,1.94747,8.39212,0.936393,10.2365,0.42336,36.966,0.42336,423.524,0,1.02816,0,0,2.21563,1.18747,1.028160,1,0,79.4617,0,0,0,79.4617,0
39.9351,1.84727,0,0,4.92784,0.221832,0.36288,3.6288,56.9834,0.538534,0,0,1.24022,0.162043,0,0.66528,12.849,1,0.633977,0.36288,0,85.1109,3.36726,81.4726,0.84672,12.849,0.84672,3695.15,0,36.966,0.352696,1.48279,1.94769,9.05748,0.911342,11.2239,0.42336,36.966,0.42336,423.524,0,1.02816,0,0,2.51095,1.48279,1.028160,1,0,92.6965,0,0,0,92.6965,0
42.5101,1.87751,0,0,5.04833,0.232966,0.36288,3.6288,57.3326,0.540681,0,0,1.09012,0.200211,0,0.66528,12.849,1,0.604083,0.36288,0,105.232,4.34493,100.646,0.84672,12.849,0.84672,3695.15,0,36.966,0.350748,1.19978,1.94791,8.9373,1.13396,10.6003,0.42336,36.966,0.42336,423.524,0,1.02816,0,0,2.22794,1.19978,1.028160,1,0,111.246,0,0,0,111.246,0
45.1454,1.98399,0,0,5.22623,0.244024,0.36288,3.6288,57.6057,0.581651,0,0,1.04343,0.188696,0,0.66528,12.849,1,0.599677,0.36288,0,87.3668,3.99578,83.1342,0.84672,12.849,0.84672,3695.15,0,36.966,0.375028,1.0718,1.94812,6.21675,1.0611,7.80054,0.42336,36.966,0.42336,423.524,0,1.02816,0,0,2.09996,1.0718,1.028160,1,0,90.9348,0,0,0,90.9348,0
47.3825,2.01152,0,0,4.86296,0.251488,0.36288,3.6288,57.9628,0.58286,0,0,1.12903,0.18903,0,0.66528,12.849,1,0.572506,0.36288,0,74.5183,3.99578,70.3129,0.84672,12.849,0.84672,3695.15,0,36.966,0.374026,0.993842,2.01767,8.08135,1.0611,9.65772,0.42336,36.966,0.42336,423.524,0,1.02816,0,0,2.022,0.993842,1.028160,1,0,79.9706,0,0,0,79.9706,0
49.187,2.03306,0,0,4.45056,0.250078,0.36288,3.6288,58.6331,0.584394,0,0,1.44075,0.186059,0,0.66528,12.849,1,0.551318,0.36288,0,70.9828,3.77868,67.0157,0.84672,12.849,0.84672,3695.15,0,36.966,0.3727,1.52893,2.01789,7.1439,1.01676,9.30126,0.42336,36.966,0.42336,423.524,0,1.02816,0,0,2.55709,1.52893,1.028160,1,0,76.3169,0,0,0,76.3169,0
50.3115,2.04938,0,0,3.76467,0.227871,0.36288,3.6288,58.6867,0.587135,0,0,0.838434,0.197725,0,0.66528,12.849,1,0.535355,0.36288,0,65.3084,3.83982,61.2961,0.84672,12.849,0.84672,3695.15,0,36.966,0.370167,0.539335,2.01812,4.9872,1.06479,6.1097,0.42336,36.966,0.42336,423.524,0,1.02816,0,0,1.56749,0.539335,1.028160,1,0,67.4058,0,0,0,67.4058,0
51.256,2.0275,0,0,3.531,0.196206,0.36288,3.6288,58.9193,0.571961,0,0,1.00261,0.198011,0,0.66528,12.849,1,0.5178,0.36288,0,73.6707,3.45282,70.0629,0.84672,12.849,0.84672,3695.15,0,36.966,0.360271,0.989928,2.01835,5.73535,1.08529,7.29807,0.42336,36.966,0.42336,423.524,0,1.02816,0,0,2.01809,0.989928,1.028160,1,0,77.361,0,0,0,77.361,0
52.2629,2.03541,0,0,3.60338,0.198159,0.36288,3.6288,59.011,0.57296,0,0,0.862894,0.198307,0,0.66528,12.849,1,0.510242,0.36288,0,71.1202,3.45282,67.52,0.84672,12.849,0.84672,3695.15,0,36.966,0.359476,0.633744,1.99159,5.67258,1.08529,6.85315,0.42336,36.966,0.42336,423.524,0,1.02816,0,0,1.6619,0.633744,1.028160,1,0,74.3731,0,0,0,74.3731,0
53.3673,2.04358,0,0,3.68556,0.174716,0.36288,3.6288,59.0683,0.573429,0,0,0.843826,0.213044,0,0.66528,12.849,1,0.50242,0.36288,0,73.7044,4.62244,68.9424,0.84672,12.849,0.84672,3695.15,0,36.966,0.359211,0.707054,1.99181,7.05456,1.1314,8.26282,0.42336,36.966,0.42336,423.524,0,1.02816,0,0,1.73521,0.707054,1.028160,1,0,77.2052,0,0,0,77.2052,0
53.7953,2.05224,0,0,2.97079,0.127613,0.36288,3.6288,59.0627,0.57377,0,0,0.800963,0.23281,0,0.66528,12.849,1,0.494109,0.36288,0,47.8365,5.32897,42.3763,0.84672,12.849,0.84672,3695.15,0,36.966,0.359075,0.592116,1.99203,5.32846,1.25126,6.30228,0.42336,36.966,0.42336,423.524,0,1.02816,0,0,1.62028,0.592116,1.028160,1,0,48.6786,0,0,0,48.6786,0
53.8043,2.16479,0,0,2.68465,0.148009,0.36288,3.6288,58.8623,0.64359,0,0,0.657576,0.214422,0,0.66528,12.849,1,0.51706,0.36288,0,45.9864,4.41343,41.4188,0.84672,12.849,0.84672,3695.15,0,36.966,0.402809,0.402797,1.99226,4.3115,1.16227,5.14148,0.42336,36.966,0.42336,423.524,0,1.0045,0,0,1.40729,0.402797,1.028160,1,0,46.5603,0,0,0,46.5603,0
53.5004,2.21923,0,0,2.39609,0.117873,0.36288,3.6288,58.6042,0.666122,0,0,0.619626,0.211591,0,0.66528,12.849,1,0.529975,0.36288,0,40.9333,4.30668,36.4595,0.84672,12.849,0.84672,3695.15,0,36.966,0.418331,0.402797,2.0871,3.89807,1.08697,4.88267,0.42336,36.966,0.42336,423.524,0,1.0059,0,0,1.4087,0.402797,1.028160,1,0,41.3422,0,0,0,41.3422,0
53.17,2.21711,0,0,2.36705,0.117509,0.36288,3.6288,58.4096,0.65148,0,0,0.668192,0.211241,0,0.66528,12.849,1,0.532475,0.36288,0,39.7132,4.30668,35.2369,0.84672,12.849,0.84672,3695.15,0,36.966,0.410937,0.354758,2.13021,4.22365,1.08697,5.21071,0.42336,36.966,0.42336,423.524,0,1.02816,0,0,1.38292,0.354758,1.028160,1,0,40.4476,0,0,0,40.4476,0
52.6929,2.21475,0,0,2.21772,0.117113,0.36288,3.6288,58.1749,0.650777,0,0,0.626988,0.210977,0,0.66528,12.849,1,0.535213,0.36288,0,37.0539,4.30668,32.5749,0.84672,12.849,0.84672,3695.15,0,36.966,0.41186,0.310202,2.13045,3.7766,1.08697,4.71842,0.42336,36.966,0.42336,423.524,0,1.02816,0,0,1.33836,0.310202,1.028160,1,0,37.2933,0,0,0,37.2933,0
51.7557,2.21115,0,0,1.7408,0.104066,0.36288,3.6288,57.6451,0.820595,0,0,0.524935,0.234063,0,0.66528,12.849,1,0.539182,0.36288,0,28.7831,4.84464,23.7622,0.84672,12.849,0.84672,3695.15,0,36.966,0.52143,0.30119,2.13069,2.86553,1.13451,3.64147,0.42336,36.966,0.42336,423.524,0,0.748993,0,0,1.05018,0.30119,1.028160,1,0,27.4036,0,0,0,27.4036,0
50.4898,2.18173,0,0,1.37258,0.0937963,0.36288,3.6288,56.9352,0.914702,0,0,0.455556,0.250758,0,0.66528,12.849,1,0.541641,0.36288,0,23.9168,5.24811,18.4899,0.84672,12.849,0.84672,3695.15,0,36.966,0.586569,0.30119,2.13093,2.25666,1.17016,2.93205,0.42336,36.966,0.42336,423.524,0,0.640397,0,0,0.941587,0.30119,1.028160,1,0,21.422,0,0,0,21.422,0
49.1066,2.1712,0,0,1.24337,0.0925637,0.36288,3.6288,56.2064,0.914575,0,0,0.435319,0.249606,0,0.66528,12.849,1,0.552542,0.36288,0,23.5043,5.24811,18.0665,0.84672,12.849,0.84672,3695.15,0,36.966,0.5938,0.261274,2.16501,2.13188,1.17016,2.7942,0.42336,36.966,0.42336,423.524,0,0.633519,0,0,0.894793,0.261274,1.028160,1,0,20.8607,0,0,0,20.8607,0
47.6293,2.15916,0,0,1.13209,0.0873475,0.36288,3.6288,55.3974,0.961619,0,0,0.411691,0.259038,0,0.66528,12.849,1,0.564956,0.36288,0,20.6906,5.38926,15.0992,0.84672,12.849,0.84672,3695.15,0,36.966,0.632441,0.261274,2.16526,2.06917,1.22169,2.64157,0.42336,36.966,0.42336,423.524,0,0.548061,0,0,0.809335,0.261274,1.028160,1,0,17.7408,0,0,0,17.7408,0
46.1434,2.14565,0,0,1.08651,0.0638281,0.36288,3.6288,54.5197,0.948769,0,0,0.391595,0.320537,0,0.66528,12.849,1,0.578835,0.36288,0,19.0819,6.19335,12.6726,0.84672,12.849,0.84672,3695.15,0,36.966,0.633102,0.261274,2.1655,1.98121,1.51781,2.25707,0.42336,36.966,0.42336,423.524,0,0.560477,0,0,0.82175,0.261274,1.028160,1,0,14.9296,0,0,0,14.9296,0
44.6104,2.18663,0,0,1.08341,0.0668941,0.36288,3.6288,53.6087,0.986979,0,0,0.391797,0.315781,0,0.66528,12.849,1,0.608884,0.36288,0,20.514,5.93649,14.3315,0.84672,12.849,0.84672,3695.15,0,36.966,0.669202,0.261274,2.16575,1.87107,1.43977,2.18911,0.42336,36.966,0.42336,423.524,0,0.53136,0,0,0.792634,0.261274,1.028160,1,0,16.5207,0,0,0,16.5207,0
42.9965,2.17068,0,0,0.985366,0.065752,0.36288,3.6288,52.6063,1.05351,0,0,0.364876,0.313789,0,0.66528,12.849,1,0.625214,0.36288,0,19.1237,5.93649,12.9249,0.84672,12.849,0.84672,3695.15,0,36.966,0.726452,0.261274,2.21397,1.66749,1.43977,1.97651,0.42336,36.966,0.42336,423.524,0,0.407808,0,0,0.669082,0.261274,1.028160,1,0,14.9014,0,0,0,14.9014,0
41.4949,2.1529,0,0,1.07306,0.0588863,0.36288,3.6288,51.804,0.923368,0,0,0.430689,0.309587,0,0.66528,12.849,1,0.643371,0.36288,0,19.2141,6.04463,12.8889,0.84672,12.849,0.84672,3695.15,0,36.966,0.648843,0.227405,2.21422,2.35774,1.46568,2.68484,0.42336,36.966,0.42336,423.524,0,0.615795,0,0,0.8432,0.227405,1.028160,1,0,15.5738,0,0,0,15.5738,0
40.0085,2.13542,0,0,1.06195,0.0500445,0.36288,3.6288,51.0182,0.914375,0,0,0.409041,0.280473,0,0.66528,12.849,1,0.661238,0.36288,0,19.0373,6.17001,12.5689,0.84672,12.849,0.84672,3695.15,0,36.966,0.652474,0.227405,2.21448,2.08994,1.51656,2.36279,0.42336,36.966,0.42336,423.524,0,0.621389,0,0,0.848794,0.227405,1.028160,1,0,14.9317,0,0,0,14.9317,0
38.307,2.27379,0,0,1.00665,0.0714705,0.36288,3.6288,49.9903,1.09846,0,0,0.353817,0.283306,0,0.66528,12.849,1,0.730245,0.36288,0,14.5177,5.79495,8.35539,0.84672,12.849,0.84672,3695.15,0,36.966,0.795902,0.227405,2.21473,1.98198,1.48535,2.14286,0.42336,36.966,0.42336,423.524,0,0.456496,0,0,0.683901,0.227405,1.028160,1,0,10.4983,0,0,0,10.4983,0
36.4912,2.24981,0,0,0.873107,0.07624,0.36288,3.6288,48.8006,1.19022,0,0,0.277658,0.277091,0,0.66528,12.849,1,0.754636,0.36288,0,12.3648,5.69163,6.2814,0.84672,12.849,0.84672,3695.15,0,36.966,0.880125,0.227405,2.37923,1.59854,1.48822,1.83683,0.42336,36.966,0.42336,423.524,0,0.280761,0,0,0.508166,0.227405,1.028160,1,0,8.11823,0,0,0,8.11823,0
34.5503,2.22234,0,0,0.718986,0.0746254,0.36288,3.6288,47.5692,1.19874,0,0,0.241668,0.274389,0,0.66528,12.849,1,0.782514,0.36288,0,15.35,5.69163,9.23873,0.84672,12.849,0.84672,3695.15,0,36.966,0.90803,0.204422,2.3795,1.42614,1.48822,1.61382,0.42336,36.966,0.42336,423.524,0,0.244593,0,0,0.449016,0.204422,1.028160,1,0,10.8525,0,0,0,10.8525,0
32.7193,2.19059,0,0,0.79539,0.0728996,0.36288,3.6288,46.522,1.10755,0,0,0.331972,0.271592,0,0.66528,12.849,1,0.814666,0.36288,0,13.1606,5.69163,7.0172,0.84672,12.849,0.84672,3695.15,0,36.966,0.860679,0.204422,2.37977,1.70426,1.48822,1.93955,0.42336,36.966,0.42336,423.524,0,0.383379,0,0,0.587802,0.204422,1.028160,1,0,8.95676,0,0,0,8.95676,0
31.0491,2.15895,0,0,0.92677,0.0751591,0.36288,3.6288,45.5711,1.06671,0,0,0.376425,0.260667,0,0.66528,12.849,1,0.84672,0.36288,0,19.6536,5.45579,13.714,0.84672,12.849,0.84672,3695.15,0,36.966,0.847597,0.204422,2.38004,2.05657,1.45874,2.3347,0.42336,36.966,0.42336,423.524,0,0.437558,0,0,0.641981,0.204422,1.028160,1,0,16.0487,0,0,0,16.0487,0
30.5333,2.05841,0,0,1.98416,0.0786673,0.36288,3.6288,45.5802,0.66528,0,0,0.921535,0.247148,0,0.66528,12.849,1,0.84672,0.36288,0,41.8154,5.14132,36.1903,0.84672,12.849,0.84672,3695.15,0,36.966,0.560056,0.255822,2.38031,3.96617,1.41942,4.62282,0.42336,36.966,0.42336,423.524,0,1.02816,0,0,1.28398,0.255822,1.028160,1,0,40.8131,0,0,0,40.8131,0
28.9232,2.05881,0,0,0.889695,0.0781313,0.36288,3.6288,44.8542,1.00161,0,0,0.522822,0.247168,0,0.66528,12.849,1,0.84672,0.36288,0,31.7946,5.14132,26.1694,0.84672,12.849,0.84672,3695.15,0,36.966,0.812315,0.216518,2.28547,2.03934,1.41942,2.3096,0.42336,36.966,0.42336,423.524,0,0.439814,0,0,0.656332,0.216518,1.028160,1,0,28.479,0,0,0,28.479,0
27.522,2.0592,0,0,1.11427,0.093335,0.36288,3.6288,44.2942,0.978351,0,0,0.661573,0.243202,0,0.66528,12.849,1,0.84672,0.36288,0,30.3336,4.96086,24.8889,0.84672,12.849,0.84672,3695.15,0,36.966,0.806295,0.216518,2.28573,2.49492,1.39227,2.79861,0.42336,36.966,0.42336,423.524,0,0.469332,0,0,0.68585,0.216518,1.028160,1,0,27.6875,0,0,0,27.6875,0
28.0599,2.0596,0,0,3.10957,0.1492,0.36288,3.6288,44.5398,0.66528,0,0,1.17256,0.261679,0,0.66528,12.849,1,0.84672,0.36288,0,49.6291,4.48161,44.6637,0.84672,12.849,0.84672,3695.15,0,36.966,0.560778,0.657046,2.28599,5.37508,1.25048,6.50686,0.42336,36.966,0.42336,423.524,0,1.02816,0,0,1.68521,0.657046,1.028160,1,0,51.1705,0,0,0,51.1705,0
26.7183,1.97709,0,0,1.16135,0.16295,0.36288,3.6288,43.9119,0.912202,0,0,0.484639,0.200342,0,0.66528,12.849,1,0.84672,0.36288,0,23.3336,4.22767,18.6221,0.84672,12.849,0.84672,3695.15,0,36.966,0.757085,0.216518,2.28625,3.21713,1.04443,3.91839,0.42336,36.966,0.42336,423.524,0,0.495357,0,0,0.711875,0.216518,1.028160,1,0,22.5405,0,0,0,22.5405,0
25.1401,1.97748,0,0,0.933975,0.171854,0.36288,3.6288,43.1326,0.949226,0,0,0.367227,0.197371,0,0.66528,12.849,1,0.84672,0.36288,0,18.1808,4.24714,13.4498,0.84672,12.849,0.84672,3695.15,0,36.966,0.799078,0.216518,2.20159,2.76476,1.06923,3.31456,0.42336,36.966,0.42336,423.524,0,0.41657,0,0,0.633088,0.216518,1.028160,1,0,16.7644,0,0,0,16.7644,0
24.3764,1.97787,0,0,1.74511,0.168054,0.36288,3.6288,43.3263,0.612237,0,0,1.00193,0.195917,0,0.66528,12.849,1,0.84672,0.36288,0,36.2211,4.24714,31.4901,0.84672,12.849,0.84672,3695.15,0,36.966,0.524707,0.911071,2.20184,6.0995,1.06923,7.61848,0.42336,36.966,0.42336,423.524,0,1.02816,0,0,1.93923,0.911071,1.028160,1,0,39.1086,0,0,0,39.1086,0
25.0655,1.97825,0,0,3.2033,0.173033,0.36288,3.6288,44.3375,0.613627,0,0,1.81422,0.189459,0,0.66528,12.849,1,0.84672,0.36288,0,69.6423,4.13832,65.0201,0.84672,12.849,0.84672,3695.15,0,36.966,0.523546,0.881798,2.20209,7.98254,1.0384,9.50448,0.42336,36.966,0.42336,423.524,0,1.02816,0,0,1.90996,0.881798,1.028160,1,0,74.5246,0,0,0,74.5246,0
25.2125,1.74308,0,0,2.43789,0.184936,0.36288,3.6288,44.1403,0.646085,0,0,0.626661,0.177799,0,0.66528,12.849,1,0.84672,0.36288,0,55.2148,3.66454,51.0664,0.84672,12.849,0.84672,3695.15,0,36.966,0.538668,0.292723,2.20234,8.51236,0.945859,9.52289,0.42336,36.966,0.42336,423.524,0,0.793662,0,0,1.08639,0.292723,1.028160,1,0,60.5893,0,0,0,60.5893,0
27.3983,1.74344,0,0,4.46491,0.172844,0.36288,3.6288,43.5673,0.730212,0,0,0.345851,0.18858,0,0.66528,12.849,1,0.84672,0.36288,0,81.0994,3.73622,76.8793,0.84672,12.849,0.84672,3695.15,0,36.966,0.611529,0.292723,2.01385,7.03336,0.982826,7.74558,0.42336,36.966,0.42336,423.524,0,0.63688,0,0,0.929604,0.292723,1.028160,1,0,84.6249,0,0,0,84.6249,0
28.9935,1.76349,0,0,3.89985,0.178251,0.36288,3.6288,44.5834,0.514297,0,0,1.71795,0.187561,0,0.66528,12.849,1,0.827025,0.36288,0,102.152,3.73622,97.9521,0.84672,12.849,0.84672,3695.15,0,36.966,0.436371,1.52709,2.01408,9.62446,0.982826,11.7464,0.42336,36.966,0.42336,423.524,0,1.02816,0,0,2.55525,1.52709,1.028160,1,0,109.699,0,0,0,109.699,0
30.3946,1.79527,0,0,3.75229,0.193086,0.36288,3.6288,44.806,0.519847,0,0,0.930416,0.188003,0,0.66528,12.849,1,0.795605,0.36288,0,93.6395,3.98702,89.2198,0.84672,12.849,0.84672,3695.15,0,36.966,0.431028,0.482527,2.0143,6.44672,1.08826,7.42426,0.42336,36.966,0.42336,423.524,0,1.02816,0,0,1.51069,0.482527,1.028160,1,0,96.6441,0,0,0,96.6441,0
31.3426,1.82129,0,0,3.3473,0.21511,0.36288,3.6288,45.0472,0.521134,0,0,0.954164,0.191757,0,0.66528,12.849,1,0.769934,0.36288,0,54.3104,4.52612,49.3773,0.84672,12.849,0.84672,3695.15,0,36.966,0.429948,0.940931,2.01453,6.02037,1.31693,7.22895,0.42336,36.966,0.42336,423.524,0,1.02816,0,0,1.96909,0.940931,1.028160,1,0,56.6062,0,0,0,56.6062,0
33.9199,1.90236,0,0,5.03657,0.194039,0.36288,3.6288,46.1729,0.552294,0,0,1.88712,0.209178,0,0.66528,12.849,1,0.779878,0.36288,0,79.8085,4.30637,75.0852,0.84672,12.849,0.84672,3695.15,0,36.966,0.453215,2.40589,2.01476,9.96296,1.22964,12.7008,0.42336,36.966,0.42336,423.524,0,1.02816,0,0,3.43405,2.40589,1.028160,1,0,87.7859,0,0,0,87.7859,0
37.7764,1.94559,0,0,6.36543,0.200387,0.36288,3.6288,47.2958,0.558542,0,0,1.89288,0.211379,0,0.66528,12.849,1,0.736997,0.36288,0,117.812,4.30637,113.132,0.84672,12.849,0.84672,3695.15,0,36.966,0.447168,2.51189,2.07386,9.58409,1.22964,12.493,0.42336,36.966,0.42336,423.524,0,1.02816,0,0,3.54005,2.51189,1.028160,1,0,125.625,0,0,0,125.625,0
39.4771,2.00199,0,0,4.27543,0.209886,0.36288,3.6288,47.8394,0.564614,0,0,1.32164,0.213483,0,0.66528,12.849,1,0.680942,0.36288,0,68.3087,4.30637,63.6843,0.84672,12.849,0.84672,3695.15,0,36.966,0.441297,1.21147,2.07408,8.30097,1.22964,9.91558,0.42336,36.966,0.42336,423.524,0,1.02816,0,0,2.23963,1.21147,1.028160,1,0,73.5999,0,0,0,73.5999,0
40.9756,2.02438,0,0,4.10855,0.222837,0.36288,3.6288,48.3496,0.567556,0,0,1.25662,0.178843,0,0.66528,12.849,1,0.658895,0.36288,0,61.0659,3.83859,56.9313,0.84672,12.849,0.84672,3695.15,0,36.966,0.438556,1.15042,2.0743,8.86905,1.04915,10.6061,0.42336,36.966,0.42336,423.524,0,1.02816,0,0,2.17858,1.15042,1.028160,1,0,67.5373,0,0,0,67.5373,0
48.2822,2.26471,0,0,10.1701,0.235844,0.36288,3.6288,49.3877,0.66528,0,0,1.93112,0.227785,0,0.66528,12.849,1,0.710162,0.36288,0,153.042,4.47021,148.224,0.84672,12.849,0.84672,3695.15,0,36.966,0.544689,3.55637,2.07453,16.1418,1.19484,20.0331,0.42336,36.966,0.42336,423.524,0,1.02816,0,0,4.58453,3.55637,1.028160,1,0,168.258,0,0,0,168.258,0
53.449,2.34989,0,0,8.11849,0.238977,0.36288,3.6288,50.4236,0.66528,0,0,1.92519,0.22396,0,0.66528,12.849,1,0.625361,0.36288,0,182.503,4.21622,178.024,0.84672,12.849,0.84672,3695.15,0,36.966,0.544914,3.63687,2.28667,15.5766,1.0733,19.8819,0.42336,36.966,0.42336,423.524,0,1.02816,0,0,4.66503,3.63687,1.028160,1,0,197.906,0,0,0,197.906,0
58.2592,2.39894,0,0,7.82585,0.253769,0.36288,3.6288,51.4095,0.66528,0,0,1.87186,0.220674,0,0.66528,12.849,1,0.576699,0.36288,0,164.786,4.14939,160.422,0.84672,12.849,0.84672,3695.15,0,36.966,0.545139,3.29207,2.28691,14.8831,1.04752,18.8694,0.42336,36.966,0.42336,423.524,0,1.02816,0,0,4.32023,3.29207,1.028160,1,0,179.292,0,0,0,179.292,0
63.4532,2.43826,0,0,8.26131,0.266223,0.36288,3.6288,52.5629,0.66528,0,0,2.04107,0.222451,0,0.66528,12.849,1,0.537756,0.36288,0,203.591,4.14939,199.267,0.84672,12.849,0.84672,3695.15,0,36.966,0.545364,3.87414,2.28716,15.2508,1.04752,19.8192,0.42336,36.966,0.42336,423.524,0,1.02816,0,0,4.9023,3.87414,1.028160,1,0,219.086,0,0,0,219.086,0
67.405,2.12956,0,0,6.75273,0.308458,0.36288,3.6288,55.3574,0.550373,0,0,3.52993,0.185012,0,0.66528,12.849,1,0.431227,0.36288,0,128.174,3.3447,124.761,0.84672,12.849,0.84672,3695.15,0,36.966,0.387062,4.95925,2.28741,15.2234,0.78927,21.2937,0.42336,36.966,0.42336,423.524,0,1.02816,0,0,5.98741,4.95925,1.028160,1,0,146.055,0,0,0,146.055,0
69.6213,2.15108,0,0,5.05376,0.323498,0.36288,3.6288,58.1628,0.562204,0,0,3.54962,0.182067,0,0.66528,12.849,1,0.410046,0.36288,0,117.776,3.21058,114.518,0.84672,12.849,0.84672,3695.15,0,36.966,0.375423,5.68622,1.99851,12.1816,0.746229,18.7447,0.42336,36.966,0.42336,423.524,0,1.02816,0,0,6.71438,5.68622,1.028160,1,0,133.263,0,0,0,133.263,0
72.29,2.16238,0,0,6.08619,0.329148,0.925976,3.6288,60.8193,0.573394,0,0,3.41541,0.185423,0,0.66528,12.849,1,0.399079,0.925976,0,122.615,3.21058,119.932,0.84672,12.849,0.84672,3695.15,0,36.966,0.364427,4.6331,1.99872,15.0193,0.746229,20.5404,0.42336,36.966,0.42336,423.524,0,1.02816,0,0,5.66126,4.6331,1.028160,1,0,140.472,0,0,0,140.472,0
72.29,2.17517,0,0,5.44716,0.300017,2.97197,3.6288,61.308,0.583415,0,0,3.34752,0.201096,2.07435,0.66528,12.849,1,0.38662,2.97197,0,127.456,3.76123,126.28,0.84672,12.849,0.84672,3695.15,0,36.966,0.354599,5.86043,1.99893,12.3657,0.889586,18.9809,0.42336,36.966,0.42336,423.524,0,1.02816,0,0,6.88859,5.86043,1.028160,1,0,147.335,0,0,0,147.335,0
72.29,2.17545,0,0,5.0685,0.289254,2.6038,3.6288,61.308,0.585299,0,0,3.25195,0.207377,2.45927,0.66528,12.849,1,0.38667,2.6038,0,82.0983,4.62215,79.6933,0.84672,12.849,0.84672,3695.15,0,36.966,0.352909,3.7874,1.99915,10.4202,0.974093,14.8798,0.42336,36.966,0.42336,423.524,0,1.02816,0,0,4.81556,3.7874,1.028160,1,0,97.0323,0,0,0,97.0323,0
72.29,2.26461,0,0,3.36785,0.263077,0.840166,3.6288,61.308,0.627174,0,0,1.90021,0.212049,1.06099,0.66528,12.849,1,0.402518,0.840166,0,57.1437,4.86707,52.7142,0.84672,12.849,0.84672,3695.15,0,36.966,0.378158,1.78542,1.99936,5.4502,1.03244,7.82438,0.42336,36.966,0.42336,423.524,0,1.02816,0,0,2.81358,1.78542,1.028160,1,0,61.5996,0,0,0,61.5996,0
72.29,2.2649,0,0,5.11986,0.254149,2.6008,3.6288,61.308,0.6273,0,0,3.38424,0.216807,2.54013,0.66528,12.849,1,0.40257,2.6008,0,92.4281,4.92524,89.7011,0.84672,12.849,0.84672,3695.15,0,36.966,0.378234,4.06484,2.0709,9.87059,1.04389,14.5842,0.42336,36.966,0.42336,423.524,0,1.02816,0,0,5.093,4.06484,1.028160,1,0,106.825,0,0,0,106.825,0
72.29,2.2652,0,0,3.37773,0.220902,0.89163,3.6288,61.308,0.627425,0,0,2.00063,0.236252,1.13695,0.66528,12.849,1,0.402622,0.89163,0,74.6099,4.72709,70.3718,0.84672,12.849,0.84672,3695.15,0,36.966,0.378309,2.12938,2.07112,5.72462,1.09842,8.44839,0.42336,36.966,0.42336,423.524,0,1.02816,0,0,3.15754,2.12938,1.028160,1,0,79.9571,0,0,0,79.9571,0
72.29,2.26549,0,0,3.06702,0.181614,0.619914,3.6288,61.308,0.627551,0,0,1.65631,0.251229,0.777535,0.66528,12.849,1,0.402674,0.619914,0,65.0566,4.53209,60.7418,0.84672,12.849,0.84672,3695.15,0,36.966,0.378385,1.70169,2.07134,4.89715,1.141,7.15079,0.42336,36.966,0.42336,423.524,0,1.02816,0,0,2.72985,1.70169,1.028160,1,0,68.6701,0,0,0,68.6701,0
72.29,2.23102,0,0,3.34484,0.135668,0.978152,3.6288,61.308,0.611451,0,0,1.34618,0.232177,0.502553,0.66528,12.849,1,0.396546,0.978152,0,53.4386,3.99199,50.0282,0.84672,12.849,0.84672,3695.15,0,36.966,0.368678,1.97494,2.07156,5.31128,1.09955,7.88954,0.42336,36.966,0.42336,423.524,0,1.02816,0,0,3.0031,1.97494,1.028160,1,0,58.4203,0,0,0,58.4203,0
72.29,2.23131,0,0,2.9501,0.135668,0.583128,3.6288,61.308,0.611575,0,0,1.46342,0.232177,0.619666,0.66528,12.849,1,0.396598,0.583128,0,49.8063,3.99199,46.0009,0.84672,12.849,0.84672,3695.15,0,36.966,0.368753,2.21026,2.04401,5.48555,1.09955,8.27152,0.42336,36.966,0.42336,423.524,0,1.02816,0,0,3.23842,2.21026,1.028160,1,0,54.892,0,0,0,54.892,0
72.29,2.2316,0,0,3.01056,0.135668,0.643293,3.6288,61.308,0.611699,0,0,1.25948,0.232177,0.415603,0.66528,12.849,1,0.396649,0.643293,0,48.0812,3.99199,44.3358,0.84672,12.849,0.84672,3695.15,0,36.966,0.368827,1.6387,2.04423,5.42557,1.09955,7.64011,0.42336,36.966,0.42336,423.524,0,1.02816,0,0,2.66686,1.6387,1.028160,1,0,52.3915,0,0,0,52.3915,0
72.29,2.23188,0,0,3.07924,0.105258,0.742093,3.6288,61.308,0.611823,0,0,1.23167,0.247013,0.372831,0.66528,12.849,1,0.396701,0.742093,0,49.8278,5.16162,45.0116,0.84672,12.849,0.84672,3695.15,0,36.966,0.368902,1.75633,2.04444,6.74732,1.14566,9.03353,0.42336,36.966,0.42336,423.524,0,1.02816,0,0,2.78449,1.75633,1.028160,1,0,54.418,0,0,0,54.418,0
71.9902,2.35024,0,0,2.51076,0.097393,0.36288,3.6288,61.308,0.66528,0,0,1.00744,0.239538,0.102623,0.66528,12.849,1,0.417738,0.36288,0,39.2423,4.90474,34.2827,0.84672,12.849,0.84672,3695.15,0,36.966,0.407915,1.55112,2.04466,4.45448,1.12141,6.52094,0.42336,36.966,0.42336,423.524,0,1.02816,0,0,2.57928,1.55112,1.028160,1,0,40.9062,0,0,0,40.9062,0
71.629,2.34907,0,0,2.4496,0.0988874,0.36288,3.6288,61.272,0.66528,0,0,0.863499,0.234174,0,0.66528,12.849,1,0.419268,0.36288,0,36.6165,4.61485,31.9453,0.84672,12.849,0.84672,3695.15,0,36.966,0.408124,1.22818,2.14223,3.94466,1.10433,5.80262,0.42336,36.966,0.42336,423.524,0,1.02816,0,0,2.25634,1.22818,1.028160,1,0,37.7479,0,0,0,37.7479,0
71.0287,2.34758,0,0,2.1801,0.0699697,0.36288,3.6288,61.1734,0.66528,0,0,0.819608,0.253004,0,0.66528,12.849,1,0.421115,0.36288,0,32.3935,4.82905,27.5062,0.84672,12.849,0.84672,3695.15,0,36.966,0.408333,1.13329,2.14245,3.83732,1.15906,5.54567,0.42336,36.966,0.42336,423.524,0,1.02816,0,0,2.16145,1.13329,1.028160,1,0,33.0519,0,0,0,33.0519,0
70.3367,2.34487,0,0,2.06404,0.0482632,0.36288,3.6288,61.0265,0.66528,0,0,0.785445,0.266999,0,0.66528,12.849,1,0.424183,0.36288,0,30.866,4.98971,25.815,0.84672,12.849,0.84672,3695.15,0,36.966,0.408542,1.00565,2.14268,3.79496,1.20011,5.33465,0.42336,36.966,0.42336,423.524,0,1.02816,0,0,2.03381,1.00565,1.028160,1,0,31.1496,0,0,0,31.1496,0
69.5933,2.34164,0,0,2.01539,0.0543017,0.36288,3.6288,60.8252,0.66528,0,0,0.732145,0.268199,0,0.66528,12.849,1,0.427767,0.36288,0,30.9669,5.10859,25.7934,0.84672,12.849,0.84672,3695.15,0,36.966,0.408751,0.844404,2.14291,3.80141,1.21309,5.16688,0.42336,36.966,0.42336,423.524,0,1.02816,0,0,1.87256,0.844404,1.028160,1,0,30.9603,0,0,0,30.9603,0
68.7915,2.31486,0,0,1.9383,0.0623352,0.36288,3.6288,60.6017,0.66528,0,0,0.711582,0.269785,0,0.66528,12.849,1,0.427392,0.36288,0,29.8105,5.26712,24.4789,0.84672,12.849,0.84672,3695.15,0,36.966,0.459704,0.819599,2.14314,3.68543,1.2304,4.95806,0.42336,36.966,0.42336,423.524,0,1.02816,0,0,1.84776,0.819599,1.028160,1,0,29.4369,0,0,0,29.4369,0
67.9961,2.31096,0,0,1.94041,0.0619481,0.36288,3.6288,60.3542,0.66528,0,0,0.687148,0.269403,0,0.66528,12.849,1,0.431645,0.36288,0,28.1477,5.26712,22.8118,0.84672,12.849,0.84672,3695.15,0,36.966,0.459919,0.869841,2.17742,3.91255,1.2304,5.26948,0.42336,36.966,0.42336,423.524,0,1.02816,0,0,1.898,0.869841,1.028160,1,0,28.0813,0,0,0,28.0813,0
67.1249,2.30701,0,0,1.85101,0.0523075,0.36288,3.6288,60.0753,0.66528,0,0,0.670827,0.28443,0,0.66528,12.849,1,0.435948,0.36288,0,26.4689,5.48428,20.9115,0.84672,12.849,0.84672,3695.15,0,36.966,0.460134,0.881677,2.17765,3.91884,1.3039,5.21413,0.42336,36.966,0.42336,423.524,0,1.02816,0,0,1.90984,0.881677,1.028160,1,0,26.1257,0,0,0,26.1257,0
66.0501,2.30256,0,0,1.61984,0.0292638,0.36288,3.6288,59.7253,0.66528,0,0,0.633813,0.318497,0,0.66528,12.849,1,0.440753,0.36288,0,24.8719,6.23061,18.5634,0.84672,12.849,0.84672,3695.15,0,36.966,0.460349,0.695874,2.17788,3.81351,1.56309,4.66383,0.42336,36.966,0.42336,423.524,0,1.02816,0,0,1.72403,0.695874,1.028160,1,0,23.2272,0,0,0,23.2272,0
65.3268,2.35636,0,0,2.04072,0.0447356,0.36288,3.6288,59.4639,0.66528,0,0,0.713025,0.309194,0,0.66528,12.849,1,0.458393,0.36288,0,30.0764,5.81784,24.163,0.84672,12.849,0.84672,3695.15,0,36.966,0.50581,0.984165,2.17811,4.16588,1.4576,5.36475,0.42336,36.966,0.42336,423.524,0,1.02816,0,0,2.01233,0.984165,1.028160,1,0,29.5278,0,0,0,29.5278,0
64.3733,2.35242,0,0,1.80629,0.0444779,0.36288,3.6288,59.1592,0.66528,0,0,0.669237,0.308677,0,0.66528,12.849,1,0.462693,0.36288,0,28.3916,5.81784,22.474,0.84672,12.849,0.84672,3695.15,0,36.966,0.50603,0.881358,2.22662,4.16821,1.4576,5.31257,0.42336,36.966,0.42336,423.524,0,1.02816,0,0,1.90952,0.881358,1.028160,1,0,27.7866,0,0,0,27.7866,0
63.2708,2.34701,0,0,1.65148,0.0441381,0.36288,3.6288,58.8323,0.66528,0,0,0.646462,0.308076,0,0.66528,12.849,1,0.468466,0.36288,0,26.6628,5.81784,20.7394,0.84672,12.849,0.84672,3695.15,0,36.966,0.50625,0.731212,2.22686,3.9714,1.4576,4.96563,0.42336,36.966,0.42336,423.524,0,1.02816,0,0,1.75937,0.731212,1.028160,1,0,25.705,0,0,0,25.705,0
61.9561,2.34053,0,0,1.41717,0.0284664,0.36288,3.6288,58.4971,0.66528,0,0,0.643818,0.313693,0,0.66528,12.849,1,0.475313,0.36288,0,25.4328,6.07714,19.2432,0.84672,12.849,0.84672,3695.15,0,36.966,0.506471,0.714001,2.2271,3.9462,1.47287,4.90796,0.42336,36.966,0.42336,423.524,0,1.02816,0,0,1.74216,0.714001,1.028160,1,0,24.1512,0,0,0,24.1512,0
60.613,2.50498,0,0,1.56568,0.0408797,0.36288,3.6288,58.1431,0.66528,0,0,0.628085,0.3168,0,0.66528,12.849,1,0.519504,0.36288,0,26.4606,5.60499,20.699,0.84672,12.849,0.84672,3695.15,0,36.966,0.670078,0.451189,2.22734,3.7791,1.34385,4.4437,0.42336,36.966,0.42336,423.524,0,1.02816,0,0,1.47935,0.451189,1.028160,1,0,25.1427,0,0,0,25.1427,0
59.3876,2.4958,0,0,1.68797,0.05467,0.36288,3.6288,57.7843,0.66528,0,0,0.616226,0.309795,0,0.66528,12.849,1,0.529069,0.36288,0,25.9859,5.31811,20.5016,0.84672,12.849,0.84672,3695.15,0,36.966,0.670317,0.2343,2.39284,3.98436,1.34762,4.59356,0.42336,36.966,0.42336,423.524,0,1.02816,0,0,1.26246,0.2343,1.028160,1,0,25.0952,0,0,0,25.0952,0
58.0672,2.48714,0,0,1.58477,0.0551933,0.36288,3.6288,57.427,0.66528,0,0,0.608459,0.300481,0,0.66528,12.849,1,0.538113,0.36288,0,25.0715,5.42241,19.4738,0.84672,12.849,0.84672,3695.15,0,36.966,0.670557,1.01072,2.3931,4.19305,1.38242,5.54389,0.42336,36.966,0.42336,423.524,0,1.02816,0,0,2.03888,1.01072,1.028160,1,0,25.0177,0,0,0,25.0177,0
56.6737,2.47744,0,0,1.50134,0.0544922,0.36288,3.6288,57.0486,0.66528,0,0,0.586706,0.299786,0,0.66528,12.849,1,0.548203,0.36288,0,24.8498,5.42241,19.2421,0.84672,12.849,0.84672,3695.15,0,36.966,0.670796,1.00858,2.39336,3.97863,1.38242,5.32735,0.42336,36.966,0.42336,423.524,0,1.02816,0,0,2.03674,1.00858,1.028160,1,0,24.5695,0,0,0,24.5695,0
55.2074,2.46676,0,0,1.42457,0.0612628,0.36288,3.6288,56.6997,0.66528,0,0,0.611623,0.295235,0,0.66528,12.849,1,0.559262,0.36288,0,21.6778,5.05821,16.4232,0.84672,12.849,0.84672,3695.15,0,36.966,0.671036,0.835799,2.39361,3.85322,1.31323,5.09837,0.42336,36.966,0.42336,423.524,0,1.02816,0,0,1.86396,0.835799,1.028160,1,0,21.5215,0,0,0,21.5215,0
53.6344,2.37264,0,0,1.24141,0.0788797,0.36288,3.6288,56.785,0.66528,0,0,1.03558,0.285046,0,0.66528,12.849,1,0.552209,0.36288,0,16.4215,4.14771,12.0845,0.84672,12.849,0.84672,3695.15,0,36.966,0.572049,1.54749,2.39387,4.2015,1.14028,6.43054,0.42336,36.966,0.42336,423.524,0,1.02816,0,0,2.57565,1.54749,1.028160,1,0,18.515,0,0,0,18.515,0
51.8641,2.35988,0,0,1.03008,0.0776361,0.36288,3.6288,56.3915,0.66528,0,0,0.556984,0.285204,0,0.66528,12.849,1,0.565347,0.36288,0,15.7343,4.14771,11.3841,0.84672,12.849,0.84672,3695.15,0,36.966,0.572277,0.305225,2.29843,3.12897,1.14028,4.02007,0.42336,36.966,0.42336,423.524,0,1.02816,0,0,1.33339,0.305225,1.028160,1,0,15.4042,0,0,0,15.4042,0
50.5126,2.34471,0,0,1.48153,0.125455,0.36288,3.6288,56.1709,0.66528,0,0,0.685097,0.240404,0,0.66528,12.849,1,0.580887,0.36288,0,18.3635,3.52482,14.6206,0.84672,12.849,0.84672,3695.15,0,36.966,0.572505,0.474371,2.29868,3.44308,0.945584,4.69804,0.42336,36.966,0.42336,423.524,0,1.02816,0,0,1.50253,0.474371,1.028160,1,0,19.3187,0,0,0,19.3187,0
51.2482,2.33262,0,0,3.61955,0.188402,0.36288,3.6288,56.732,0.66528,0,0,1.40778,0.181382,0,0.66528,12.849,1,0.593354,0.36288,0,55.3803,2.6943,52.4556,0.84672,12.849,0.84672,3695.15,0,36.966,0.572733,1.36506,2.29893,9.17093,0.685992,11.5762,0.42336,36.966,0.42336,423.524,0,1.02816,0,0,2.39322,1.36506,1.028160,1,0,64.0317,0,0,0,64.0317,0
50.0705,2.27304,0,0,1.61149,0.153318,0.36288,3.6288,56.5333,0.66528,0,0,0.681582,0.215019,0,0.66528,12.849,1,0.569899,0.36288,0,25.5166,3.98172,21.3279,0.84672,12.849,0.84672,3695.15,0,36.966,0.482598,0.288654,2.29917,3.87127,0.822744,5.15376,0.42336,36.966,0.42336,423.524,0,1.02816,0,0,1.31681,0.288654,1.028160,1,0,26.4816,0,0,0,26.4816,0
48.9182,2.26267,0,0,1.69224,0.219013,0.36288,3.6288,55.9453,0.864462,0,0,0.487512,0.210983,0,0.66528,12.849,1,0.580641,0.36288,0,27.1002,4.28715,22.5953,0.84672,12.849,0.84672,3695.15,0,36.966,0.565255,0.216518,2.21397,3.37325,0.96128,4.27721,0.42336,36.966,0.42336,423.524,0,0.746539,0,0,0.963058,0.216518,1.028160,1,0,26.8725,0,0,0,26.8725,0
47.8293,2.25212,0,0,1.74246,0.216333,0.36288,3.6288,55.7809,0.66528,0,0,0.711048,0.210174,0,0.66528,12.849,1,0.59155,0.36288,0,27.4953,4.28715,22.9795,0.84672,12.849,0.84672,3695.15,0,36.966,0.483033,0.875197,2.21421,4.64162,0.96128,6.28672,0.42336,36.966,0.42336,423.524,0,1.02816,0,0,1.90336,0.875197,1.028160,1,0,29.2662,0,0,0,29.2662,0
49.8946,2.2418,0,0,4.8838,0.213788,0.36288,3.6288,57.0347,0.66528,0,0,2.12895,0.209948,0,0.66528,12.849,1,0.602242,0.36288,0,85.1653,4.28715,80.6387,0.84672,12.849,0.84672,3695.15,0,36.966,0.483251,2.83491,2.21445,9.63585,0.96128,13.2407,0.42336,36.966,0.42336,423.524,0,1.02816,0,0,3.86307,2.83491,1.028160,1,0,93.8794,0,0,0,93.8794,0
51.3726,2.07345,0,0,4.13845,0.22412,0.36288,3.6288,57.4967,0.582757,0,0,1.25304,0.208293,0,0.66528,12.849,1,0.533961,0.36288,0,79.0725,3.93237,74.9691,0.84672,12.849,0.84672,3695.15,0,36.966,0.377704,1.02715,2.21468,7.8196,0.985237,9.69849,0.42336,36.966,0.42336,423.524,0,1.02816,0,0,2.05531,1.02715,1.028160,1,0,84.6675,0,0,0,84.6675,0
52.0402,2.08601,0,0,3.34826,0.231826,0.36288,3.6288,57.2282,0.584724,0,0,0.522631,0.206375,0,0.66528,12.849,1,0.52174,0.36288,0,71.5049,3.66629,67.6798,0.84672,12.849,0.84672,3695.15,0,36.966,0.375933,0.675372,2.02504,7.69083,1.0032,9.0121,0.42336,36.966,0.42336,423.524,0,1.02816,0,0,1.70353,0.675372,1.028160,1,0,76.6919,0,0,0,76.6919,0
55.5826,2.09165,0,0,6.23041,0.233439,0.36288,3.6288,58.3463,0.583771,0,0,1.90792,0.206016,0,0.66528,12.849,1,0.51644,0.36288,0,98.4744,3.66629,94.6546,0.84672,12.849,0.84672,3695.15,0,36.966,0.377081,2.42049,2.02525,13.2729,1.0032,16.3383,0.42336,36.966,0.42336,423.524,0,1.02816,0,0,3.44865,2.42049,1.028160,1,0,110.993,0,0,0,110.993,0
57.393,2.11866,0,0,4.55727,0.265359,0.36288,3.6288,58.9634,0.588315,0,0,1.41401,0.208596,0,0.66528,12.849,1,0.489769,0.36288,0,110.233,3.73626,106.369,0.84672,12.849,0.84672,3695.15,0,36.966,0.372734,1.87693,2.02547,11.4566,1.07202,13.9142,0.42336,36.966,0.42336,423.524,0,1.02816,0,0,2.90509,1.87693,1.028160,1,0,120.284,0,0,0,120.284,0
59.087,2.13156,0,0,4.46282,0.274325,0.36288,3.6288,59.2662,0.590833,0,0,1.10214,0.208528,0,0.66528,12.849,1,0.477208,0.36288,0,91.5218,3.78522,87.6222,0.84672,12.849,0.84672,3695.15,0,36.966,0.370412,1.78418,2.02568,11.025,1.06126,13.4032,0.42336,36.966,0.42336,423.524,0,1.02816,0,0,2.81234,1.78418,1.028160,1,0,101.025,0,0,0,101.025,0
60.4274,2.21798,0,0,4.16755,0.246291,0.36288,3.6288,60.9653,0.625714,0,0,2.52579,0.200922,0,0.66528,12.849,1,0.48232,0.36288,0,87.175,3.91104,83.1445,0.84672,12.849,0.84672,3695.15,0,36.966,0.390275,2.55554,2.0259,9.81107,0.831543,13.1707,0.42336,36.966,0.42336,423.524,0,1.02816,0,0,3.5837,2.55554,1.028160,1,0,96.3152,0,0,0,96.3152,0
61.3829,2.22708,0,0,3.79486,0.249441,0.36288,3.6288,61.308,0.632603,0,0,2.34223,0.203108,1.16387,0.66528,12.849,1,0.473555,0.36288,0,78.8357,3.91104,74.814,0.84672,12.849,0.84672,3695.15,0,36.966,0.383576,2.29669,2.08535,9.3388,0.831543,12.5057,0.42336,36.966,0.42336,423.524,0,1.02816,0,0,3.32485,2.29669,1.028160,1,0,88.4836,0,0,0,88.4836,0
62.3747,2.23344,0,0,3.87202,0.28392,0.36288,3.6288,61.308,0.634059,0,0,2.38138,0.207072,1.54025,0.66528,12.849,1,0.467516,0.36288,0,79.6202,4.11318,75.4024,0.84672,12.849,0.84672,3695.15,0,36.966,0.38231,2.35127,2.08555,9.74817,0.944645,12.858,0.42336,36.966,0.42336,423.524,0,1.02816,0,0,3.37943,2.35127,1.028160,1,0,89.8007,0,0,0,89.8007,0
63.4601,2.23988,0,0,4.02561,0.337426,0.36288,3.6288,61.308,0.634178,0,0,2.31318,0.227085,1.45192,0.66528,12.849,1,0.461408,0.36288,0,82.9846,4.7916,78.0945,0.84672,12.849,0.84672,3695.15,0,36.966,0.382381,2.54083,2.08576,9.8807,1.35133,12.7736,0.42336,36.966,0.42336,423.524,0,1.02816,0,0,3.56899,2.54083,1.028160,1,0,92.32,0,0,0,92.32,0
66.5252,2.49038,0,0,6.21545,0.297083,0.36288,3.6288,61.308,0.66528,0,0,1.7302,0.189865,0.875058,0.66528,12.849,1,0.504237,0.36288,0,81.8714,4.20764,77.5224,0.84672,12.849,0.84672,3695.15,0,36.966,0.556351,1.68106,2.08597,8.23062,1.0641,10.3772,0.42336,36.966,0.42336,423.524,0,1.02816,0,0,2.70922,1.68106,1.028160,1,0,88.7747,0,0,0,88.7747,0
67.285,2.51015,0,0,3.91831,0.285475,0.36288,3.6288,61.308,0.66528,0,0,1.81931,0.172527,0.981501,0.66528,12.849,1,0.484823,0.36288,0,78.7907,3.90863,74.7602,0.84672,12.849,0.84672,3695.15,0,36.966,0.556563,0.866609,2.29938,7.14534,0.908271,8.8465,0.42336,36.966,0.42336,423.524,0,1.02816,0,0,1.89477,0.866609,1.028160,1,0,84.5882,0,0,0,84.5882,0
68.9963,2.51505,0,0,4.87647,0.287197,0.36288,3.6288,61.308,0.66528,0,0,1.94646,0.172527,1.10866,0.66528,12.849,1,0.480284,0.36288,0,114.781,3.90863,110.755,0.84672,12.849,0.84672,3695.15,0,36.966,0.556775,2.93932,2.29961,11.392,0.908271,15.1659,0.42336,36.966,0.42336,423.524,0,1.02816,0,0,3.96748,2.93932,1.028160,1,0,127.029,0,0,0,127.029,0
70.3892,2.5254,0,0,4.60744,0.326317,0.36288,3.6288,61.308,0.66528,0,0,1.52747,0.153685,0.7085,0.66528,12.849,1,0.470298,0.36288,0,105.626,4.01805,101.5,0.84672,12.849,0.84672,3695.15,0,36.966,0.556988,2.3403,2.29984,8.51921,0.860355,11.742,0.42336,36.966,0.42336,423.524,0,1.02816,0,0,3.36846,2.3403,1.028160,1,0,113.951,0,0,0,113.951,0
70.7742,2.18001,0,0,3.26047,0.33253,0.36288,3.6288,61.308,0.591037,0,0,1.69792,0.158533,0.948345,0.66528,12.849,1,0.397944,0.36288,0,87.9846,3.62545,84.3241,0.84672,12.849,0.84672,3695.15,0,36.966,0.356369,2.29919,2.30007,10.0687,0.878493,13.4331,0.42336,36.966,0.42336,423.524,0,1.02816,0,0,3.32735,2.29919,1.028160,1,0,98.7055,0,0,0,98.7055,0
72.29,2.18211,0,0,4.85777,0.314818,0.845068,3.6288,61.308,0.591151,0,0,2.42518,0.144285,1.68974,0.66528,12.849,1,0.39616,0.845068,0,97.575,3.50375,94.5201,0.84672,12.849,0.84672,3695.15,0,36.966,0.356438,3.64668,2.00943,12.186,0.864636,16.6211,0.42336,36.966,0.42336,423.524,0,1.02816,0,0,4.67484,3.64668,1.028160,1,0,112.831,0,0,0,112.831,0
72.29,2.18943,0,0,4.33522,0.318481,1.82731,3.6288,61.308,0.591265,0,0,1.62842,0.144285,0.892866,0.66528,12.849,1,0.389155,1.82731,0,79.3809,3.50375,77.3153,0.84672,12.849,0.84672,3695.15,0,36.966,0.356506,2.04065,2.00963,8.95933,0.864636,11.7885,0.42336,36.966,0.42336,423.524,0,1.02816,0,0,3.06881,2.04065,1.028160,1,0,89.9966,0,0,0,89.9966,0
72.29,2.1897,0,0,3.04007,0.318481,0.531893,3.6288,61.308,0.591378,0,0,1.28658,0.144285,0.550919,0.66528,12.849,1,0.389202,0.531893,0,80.2518,3.50375,76.8907,0.84672,12.849,0.84672,3695.15,0,36.966,0.356575,1.4076,2.00983,7.58834,0.864636,9.78456,0.42336,36.966,0.42336,423.524,0,1.02816,0,0,2.43576,1.4076,1.028160,1,0,87.2262,0,0,0,87.2262,0
72.29,2.18996,0,0,3.09656,0.298378,0.608218,3.6288,61.308,0.591492,0,0,0.862255,0.132482,0.138281,0.66528,12.849,1,0.389249,0.608218,0,82.1897,3.16459,79.2441,0.84672,12.849,0.84672,3695.15,0,36.966,0.356644,0.956966,2.01003,7.88072,0.796555,9.69451,0.42336,36.966,0.42336,423.524,0,1.02816,0,0,1.98513,0.956966,1.028160,1,0,89.0769,0,0,0,89.0769,0
72.29,2.27964,0,0,5.49841,0.327418,2.89135,3.6288,61.308,0.63361,0,0,1.7595,0.145088,0.980803,0.66528,12.849,1,0.405188,2.89135,0,125.446,2.92709,125.005,0.84672,12.849,0.84672,3695.15,0,36.966,0.382039,1.98464,2.01023,10.7672,0.714032,13.666,0.42336,36.966,0.42336,423.524,0,1.02816,0,0,3.0128,1.98464,1.028160,1,0,139.652,0,0,0,139.652,0
72.29,2.27991,0,0,4.77754,0.327418,2.17021,3.6288,61.308,0.633728,0,0,2.20138,0.145088,1.42256,0.66528,12.849,1,0.405237,2.17021,0,138.344,2.92709,137.182,0.84672,12.849,0.84672,3695.15,0,36.966,0.38211,3.02345,2.08218,15.5906,0.714032,19.6001,0.42336,36.966,0.42336,423.524,0,1.02816,0,0,4.05161,3.02345,1.028160,1,0,158.204,0,0,0,158.204,0
72.29,2.28019,0,0,3.72594,0.327418,1.11833,3.6288,61.308,0.633847,0,0,1.74309,0.145088,0.96415,0.66528,12.849,1,0.405287,1.11833,0,158.567,2.92709,156.353,0.84672,12.849,0.84672,3695.15,0,36.966,0.382181,3.06721,2.08239,10.6969,0.714032,14.7503,0.42336,36.966,0.42336,423.524,0,1.02816,0,0,4.09537,3.06721,1.028160,1,0,172.068,0,0,0,172.068,0
72.29,2.28047,0,0,2.95918,0.288895,0.38982,3.6288,61.308,0.633965,0,0,1.25906,0.109522,0.515568,0.66528,12.849,1,0.405336,0.38982,0,111.307,1.67106,109.621,0.84672,12.849,0.84672,3695.15,0,36.966,0.382253,2.03663,2.0826,8.50288,0.573962,11.6659,0.42336,36.966,0.42336,423.524,0,1.02816,0,0,3.06479,2.03663,1.028160,1,0,121.802,0,0,0,121.802,0
72.29,2.24577,0,0,3.24518,0.291268,0.708137,3.6288,61.308,0.617763,0,0,1.3725,0.13124,0.623496,0.66528,12.849,1,0.399169,0.708137,0,78.6266,2.48307,76.4525,0.84672,12.849,0.84672,3695.15,0,36.966,0.372484,1.55053,2.08281,9.443,0.765298,11.9386,0.42336,36.966,0.42336,423.524,0,1.02816,0,0,2.57869,1.55053,1.028160,1,0,89.0145,0,0,0,89.0145,0
72.29,2.24604,0,0,3.32625,0.246655,0.833554,3.6288,61.308,0.61788,0,0,1.33863,0.153016,0.567734,0.66528,12.849,1,0.399217,0.833554,0,77.4092,2.64198,75.2016,0.84672,12.849,0.84672,3695.15,0,36.966,0.372554,1.69087,2.05508,8.01637,0.858725,10.531,0.42336,36.966,0.42336,423.524,0,1.02816,0,0,2.71903,1.69087,1.028160,1,0,86.3003,0,0,0,86.3003,0
72.29,2.24632,0,0,2.84895,0.219228,0.383409,3.6288,61.308,0.617996,0,0,1.33568,0.182618,0.53507,0.66528,12.849,1,0.399266,0.383409,0,64.7965,3.02421,61.7565,0.84672,12.849,0.84672,3695.15,0,36.966,0.372624,1.50082,2.05529,7.27393,0.965655,9.49176,0.42336,36.966,0.42336,423.524,0,1.02816,0,0,2.52898,1.50082,1.028160,1,0,71.7833,0,0,0,71.7833,0
72.1928,2.24659,0,0,2.73147,0.219228,0.36288,3.6288,61.308,0.618113,0,0,1.29466,0.182618,0.49393,0.66528,12.849,1,0.399314,0.36288,0,69.4398,3.02421,66.3791,0.84672,12.849,0.84672,3695.15,0,36.966,0.372695,1.59172,2.05549,7.20948,0.965655,9.51834,0.42336,36.966,0.42336,423.524,0,1.02816,0,0,2.61988,1.59172,1.028160,1,0,76.3914,0,0,0,76.3914,0
71.7436,2.36515,0,0,2.49041,0.211532,0.36288,3.6288,61.308,0.66528,0,0,1.02096,0.199351,0.156331,0.66528,12.849,1,0.420953,0.36288,0,55.5587,3.62373,51.8769,0.84672,12.849,0.84672,3695.15,0,36.966,0.418532,1.07621,2.0557,6.2751,1.06308,7.9254,0.42336,36.966,0.42336,423.524,0,1.02816,0,0,2.10437,1.07621,1.028160,1,0,59.9586,0,0,0,59.9586,0
71.0522,2.3632,0,0,2.21327,0.178651,0.36288,3.6288,61.308,0.66528,0,0,0.906362,0.218149,0.0229326,0.66528,12.849,1,0.423239,0.36288,0,46.0126,4.263,41.6892,0.84672,12.849,0.84672,3695.15,0,36.966,0.418729,0.986887,2.15382,5.72644,1.10104,7.34738,0.42336,36.966,0.42336,423.524,0,1.02816,0,0,2.01505,0.986887,1.028160,1,0,49.0595,0,0,0,49.0595,0
70.3371,2.35999,0,0,2.18554,0.177709,0.36288,3.6288,61.308,0.66528,0,0,0.984459,0.218149,0.10103,0.66528,12.849,1,0.426779,0.36288,0,44.4963,4.263,40.1694,0.84672,12.849,0.84672,3695.15,0,36.966,0.418926,0.944559,2.15404,6.27825,1.10104,7.85688,0.42336,36.966,0.42336,423.524,0,1.02816,0,0,1.97272,0.944559,1.028160,1,0,48.1274,0,0,0,48.1274,0
69.4849,2.35661,0,0,2.04403,0.176736,0.36288,3.6288,61.308,0.66528,0,0,0.908384,0.218149,0.0249543,0.66528,12.849,1,0.430499,0.36288,0,41.6231,4.263,37.2925,0.84672,12.849,0.84672,3695.15,0,36.966,0.419123,0.863179,2.15426,5.51262,1.10104,7.00989,0.42336,36.966,0.42336,423.524,0,1.02816,0,0,1.89134,0.863179,1.028160,1,0,44.3273,0,0,0,44.3273,0
68.5029,2.35244,0,0,1.88643,0.153153,0.36288,3.6288,61.2517,0.66528,0,0,0.843748,0.234761,0,0.66528,12.849,1,0.435008,0.36288,0,38.2756,4.44986,33.7536,0.84672,12.849,0.84672,3695.15,0,36.966,0.419321,0.713603,2.15447,4.95291,1.11333,6.28834,0.42336,36.966,0.42336,423.524,0,1.02816,0,0,1.74176,0.713603,1.028160,1,0,40.042,0,0,0,40.042,0
67.3987,2.32417,0,0,1.71302,0.130131,0.36288,3.6288,61.0765,0.66528,0,0,0.736828,0.246737,0,0.66528,12.849,1,0.435941,0.36288,0,35.2403,4.23538,30.9319,0.84672,12.849,0.84672,3695.15,0,36.966,0.47056,0.571372,2.15469,3.56789,1.04727,4.77611,0.42336,36.966,0.42336,423.524,0,1.02816,0,0,1.59953,0.571372,1.028160,1,0,35.708,0,0,0,35.708,0
66.2066,2.31845,0,0,1.59519,0.105976,0.36288,3.6288,60.848,0.66528,0,0,0.722079,0.285269,0,0.66528,12.849,1,0.441992,0.36288,0,33.4714,4.77831,28.6139,0.84672,12.849,0.84672,3695.15,0,36.966,0.470762,0.482397,2.18915,3.41828,1.23102,4.38804,0.42336,36.966,0.42336,423.524,0,1.02816,0,0,1.51056,0.482397,1.028160,1,0,33.002,0,0,0,33.002,0
64.841,2.31206,0,0,1.40576,0.096443,0.36288,3.6288,60.573,0.66528,0,0,0.682534,0.29234,0,0.66528,12.849,1,0.448712,0.36288,0,30.7362,5.40228,25.2481,0.84672,12.849,0.84672,3695.15,0,36.966,0.470965,0.479114,2.18937,3.42243,1.45541,4.16453,0.42336,36.966,0.42336,423.524,0,1.02816,0,0,1.50727,0.479114,1.028160,1,0,29.4126,0,0,0,29.4126,0
63.4617,2.30445,0,0,1.38356,0.0954925,0.36288,3.6288,60.2887,0.66528,0,0,0.671475,0.290497,0,0.66528,12.849,1,0.456654,0.36288,0,28.6984,5.47008,23.1345,0.84672,12.849,0.84672,3695.15,0,36.966,0.471168,0.536337,2.18959,3.43887,1.48056,4.21307,0.42336,36.966,0.42336,423.524,0,1.02816,0,0,1.5645,0.536337,1.028160,1,0,27.3476,0,0,0,27.3476,0
61.7837,2.35594,0,0,1.1325,0.0916784,0.36288,3.6288,59.7991,0.766117,0,0,0.588965,0.312377,0,0.66528,12.849,1,0.477004,0.36288,0,20.9241,5.66709,15.1429,0.84672,12.849,0.84672,3695.15,0,36.966,0.51688,0.261274,2.18981,2.48557,1.48962,2.93016,0.42336,36.966,0.42336,423.524,0,0.927323,0,0,1.1886,0.261274,1.028160,1,0,18.073,0,0,0,18.073,0
60.0841,2.3455,0,0,1.09875,0.0899745,0.36288,3.6288,59.3149,0.706363,0,0,0.537251,0.315127,0,0.66528,12.849,1,0.487788,0.36288,0,26.289,5.69993,20.4642,0.84672,12.849,0.84672,3695.15,0,36.966,0.517088,0.261274,2.23859,2.55484,1.49113,3.04649,0.42336,36.966,0.42336,423.524,0,0.987077,0,0,1.24835,0.261274,1.028160,1,0,23.5107,0,0,0,23.5107,0
58.327,2.33441,0,0,1.02883,0.0886898,0.36288,3.6288,58.8047,0.695641,0,0,0.499624,0.314153,0,0.66528,12.849,1,0.499215,0.36288,0,21.1075,5.69993,15.2713,0.84672,12.849,0.84672,3695.15,0,36.966,0.517297,0.227405,2.23881,2.30299,1.49113,2.76079,0.42336,36.966,0.42336,423.524,0,0.997799,0,0,1.2252,0.227405,1.028160,1,0,18.032,0,0,0,18.032,0
56.4912,2.32237,0,0,0.936723,0.0872007,0.36288,3.6288,58.1053,0.860653,0,0,0.474327,0.313127,0,0.66528,12.849,1,0.511601,0.36288,0,19.2367,5.69993,13.3881,0.84672,12.849,0.84672,3695.15,0,36.966,0.541026,0.227405,2.23904,2.14816,1.49113,2.58245,0.42336,36.966,0.42336,423.524,0,0.809266,0,0,1.03667,0.227405,1.028160,1,0,15.9705,0,0,0,15.9705,0
54.7078,2.47977,0,0,1.13176,0.0725517,0.36288,3.6288,57.6666,0.66528,0,0,0.554182,0.327565,0,0.66528,12.849,1,0.564027,0.36288,0,20.5858,6.01532,14.3693,0.84672,12.849,0.84672,3695.15,0,36.966,0.682048,0.402183,2.23926,3.25017,1.54552,3.66405,0.42336,36.966,0.42336,423.524,0,1.02816,0,0,1.43034,0.402183,1.028160,1,0,18.0333,0,0,0,18.0333,0
53.0216,2.46518,0,0,1.20582,0.0639637,0.36288,3.6288,57.1627,0.66528,0,0,0.503196,0.3418,0,0.66528,12.849,1,0.578987,0.36288,0,21.8629,6.26136,15.3854,0.84672,12.849,0.84672,3695.15,0,36.966,0.682274,0.337219,2.40571,2.72875,1.58318,3.20623,0.42336,36.966,0.42336,423.524,0,1.02816,0,0,1.36538,0.337219,1.028160,1,0,18.5917,0,0,0,18.5917,0
51.2034,2.45065,0,0,1.05817,0.0628772,0.36288,3.6288,56.6422,0.66528,0,0,0.48546,0.340685,0,0.66528,12.849,1,0.593879,0.36288,0,27.7917,6.26136,21.2993,0.84672,12.849,0.84672,3695.15,0,36.966,0.6825,0.276402,2.40595,2.62035,1.58318,3.03702,0.42336,36.966,0.42336,423.524,0,1.02816,0,0,1.30456,0.276402,1.028160,1,0,24.3363,0,0,0,24.3363,0
49.4254,2.43408,0,0,1.08071,0.0617057,0.36288,3.6288,56.1943,0.66528,0,0,0.556864,0.339534,0,0.66528,12.849,1,0.610811,0.36288,0,24.0745,6.26136,17.5652,0.84672,12.849,0.84672,3695.15,0,36.966,0.682726,0.350343,2.4062,2.72119,1.58318,3.21182,0.42336,36.966,0.42336,423.524,0,1.02816,0,0,1.3785,0.350343,1.028160,1,0,20.777,0,0,0,20.777,0
47.6789,2.41694,0,0,1.08969,0.0563759,0.36288,3.6288,55.7384,0.66528,0,0,0.552309,0.34294,0,0.66528,12.849,1,0.628325,0.36288,0,24.8142,6.32754,18.2212,0.84672,12.849,0.84672,3695.15,0,36.966,0.682952,0.689921,2.40644,3.37088,1.58428,4.20001,0.42336,36.966,0.42336,423.524,0,1.02816,0,0,1.71808,0.689921,1.028160,1,0,22.4212,0,0,0,22.4212,0
45.9997,2.31863,0,0,1.03303,0.0306864,0.36288,3.6288,55.1421,0.66528,0,0,0.437282,0.368224,0,0.66528,12.849,1,0.624847,0.36288,0,17.8344,6.72462,10.8478,0.84672,12.849,0.84672,3695.15,0,36.966,0.583379,0.36809,2.40668,2.92516,1.59087,3.52568,0.42336,36.966,0.42336,423.524,0,1.02816,0,0,1.39625,0.36809,1.028160,1,0,14.3735,0,0,0,14.3735,0
44.4233,2.30107,0,0,1.17234,0.0848682,0.36288,3.6288,54.5783,0.66528,0,0,0.421792,0.320363,0,0.66528,12.849,1,0.642754,0.36288,0,15.0454,6.33811,8.42736,0.84672,12.849,0.84672,3695.15,0,36.966,0.583594,0.277811,2.31068,2.20585,1.45811,2.75263,0.42336,36.966,0.42336,423.524,0,1.02816,0,0,1.30597,0.277811,1.028160,1,0,11.18,0,0,0,11.18,0
43.2443,2.28366,0,0,1.55091,0.0833757,0.36288,3.6288,54.1425,0.66528,0,0,0.54872,0.319175,0,0.66528,12.849,1,0.660525,0.36288,0,21.9014,6.33811,15.2657,0.84672,12.849,0.84672,3695.15,0,36.966,0.583809,0.779112,2.31091,3.16666,1.45811,4.21476,0.42336,36.966,0.42336,423.524,0,1.02816,0,0,1.80727,0.779112,1.028160,1,0,19.4805,0,0,0,19.4805,0
42.5474,2.27004,0,0,2.01834,0.0822595,0.36288,3.6288,53.9355,0.66528,0,0,0.776447,0.318256,0,0.66528,12.849,1,0.67449,0.36288,0,42.8839,6.33811,36.2341,0.84672,12.849,0.84672,3695.15,0,36.966,0.584024,1.5041,2.31114,3.76054,1.45811,5.53365,0.42336,36.966,0.42336,423.524,0,1.02816,0,0,2.53226,1.5041,1.028160,1,0,41.7678,0,0,0,41.7678,0
42.489,2.1974,0,0,2.64716,0.145289,0.36288,3.6288,53.954,0.66528,0,0,0.961639,0.277844,0,0.66528,12.849,1,0.663599,0.36288,0,62.8963,5.13684,57.4587,0.84672,12.849,0.84672,3695.15,0,36.966,0.493357,1.53898,2.31137,6.03364,1.27747,8.11317,0.42336,36.966,0.42336,423.524,0,1.02816,0,0,2.56714,1.53898,1.028160,1,0,65.5719,0,0,0,65.5719,0
43.7739,2.19697,0,0,4.01542,0.170649,0.36288,3.6288,54.372,0.66528,0,0,1.3452,0.261886,0,0.66528,12.849,1,0.66438,0.36288,0,72.9207,4.65633,67.9629,0.84672,12.849,0.84672,3695.15,0,36.966,0.493563,3.07275,2.22567,8.14977,1.20521,11.7494,0.42336,36.966,0.42336,423.524,0,1.02816,0,0,4.10091,3.07275,1.028160,1,0,79.7123,0,0,0,79.7123,0
44.6467,2.21231,0,0,3.62114,0.173195,0.36288,3.6288,54.8008,0.66528,0,0,1.3567,0.262612,0,0.66528,12.849,1,0.649382,0.36288,0,88.9531,4.65633,84.0103,0.84672,12.849,0.84672,3695.15,0,36.966,0.493768,2.49781,2.22589,8.98033,1.20521,12.005,0.42336,36.966,0.42336,423.524,0,1.02816,0,0,3.52597,2.49781,1.028160,1,0,96.0153,0,0,0,96.0153,0
45.7839,2.22244,0,0,3.89691,0.17441,0.36288,3.6288,55.0415,0.66528,0,0,1.12605,0.220045,0,0.66528,12.849,1,0.639602,0.36288,0,90.4755,4.41234,85.7864,0.84672,12.849,0.84672,3695.15,0,36.966,0.493973,1.7225,2.22612,7.87804,1.05637,10.2763,0.42336,36.966,0.42336,423.524,0,1.02816,0,0,2.75066,1.7225,1.028160,1,0,96.0627,0,0,0,96.0627,0
46.6939,2.049,0,0,3.49449,0.172615,0.36288,3.6288,55.3383,0.580338,0,0,1.07535,0.198229,0,0.66528,12.849,1,0.575041,0.36288,0,88.7475,4.06745,84.4679,0.84672,12.849,0.84672,3695.15,0,36.966,0.389756,1.70184,2.22634,6.56822,0.943977,9.16267,0.42336,36.966,0.42336,423.524,0,1.02816,0,0,2.73,1.70184,1.028160,1,0,93.6306,0,0,0,93.6306,0
48.3567,2.05804,0,0,4.2834,0.199599,0.36288,3.6288,55.5948,0.581702,0,0,1.12412,0.28589,0,0.66528,12.849,1,0.566321,0.36288,0,88.9436,4.66777,84.0724,0.84672,12.849,0.84672,3695.15,0,36.966,0.388577,2.07429,2.0356,5.86944,1.0511,8.53964,0.42336,36.966,0.42336,423.524,0,1.02816,0,0,3.10245,2.07429,1.028160,1,0,92.612,0,0,0,92.612,0
50.5067,2.07367,0,0,4.8214,0.234873,0.36288,3.6288,55.9765,0.58289,0,0,1.14639,0.181851,0,0.66528,12.849,1,0.551002,0.36288,0,118.687,4.20851,114.29,0.84672,12.849,0.84672,3695.15,0,36.966,0.387574,2.31486,2.0358,6.87237,0.959188,9.87627,0.42336,36.966,0.42336,423.524,0,1.02816,0,0,3.34302,2.31486,1.028160,1,0,124.166,0,0,0,124.166,0
53.609,2.09263,0,0,5.79809,0.240336,0.36288,3.6288,57.1809,0.584593,0,0,1.97127,0.182306,0,0.66528,12.849,1,0.532368,0.36288,0,131.018,4.20851,126.64,0.84672,12.849,0.84672,3695.15,0,36.966,0.386056,3.98645,2.036,10.6174,0.959188,15.2946,0.42336,36.966,0.42336,423.524,0,1.02816,0,0,5.01461,3.98645,1.028160,1,0,141.934,0,0,0,141.934,0
60.026,2.11774,0,0,9.14587,0.248178,0.36288,3.6288,59.5329,0.589644,0,0,3.12543,0.183742,0,0.66528,12.849,1,0.507579,0.36288,0,197.308,4.20851,192.955,0.84672,12.849,0.84672,3695.15,0,36.966,0.38119,6.83734,2.0362,16.6755,0.959188,24.2086,0.42336,36.966,0.42336,423.524,0,1.02816,0,0,7.8655,6.83734,1.028160,1,0,217.164,0,0,0,217.164,0
66.4346,2.23824,0,0,9.23429,0.224629,0.36288,3.6288,60.269,0.632893,0,0,1.62199,0.252974,0,0.66528,12.849,1,0.479111,0.36288,0,232.369,4.81824,227.435,0.84672,12.849,0.84672,3695.15,0,36.966,0.392985,5.75416,2.03641,16.6057,1.26825,22.7351,0.42336,36.966,0.42336,423.524,0,1.02816,0,0,6.78232,5.75416,1.028160,1,0,250.17,0,0,0,250.17,0
72.29,2.27723,0,0,11.1204,0.236753,2.75099,3.6288,61.308,0.635979,0,0,2.82491,0.254164,0.895794,0.66528,12.849,1,0.440434,2.75099,0,388.867,4.81824,386.359,0.84672,12.849,0.84672,3695.15,0,36.966,0.390077,9.62538,2.09618,21.7293,1.26825,31.7925,0.42336,36.966,0.42336,423.524,0,1.02816,0,0,10.6535,9.62538,1.028160,1,0,419.047,0,0,0,419.047,0
72.29,2.30778,0,0,6.67527,0.24776,4.11973,3.6288,61.308,0.640214,0,0,2.31598,0.255845,1.41992,0.66528,12.849,1,0.41019,4.11973,0,316.937,4.81824,315.828,0.84672,12.849,0.84672,3695.15,0,36.966,0.386021,5.95217,2.09638,15.7277,1.26825,22.122,0.42336,36.966,0.42336,423.524,0,1.02816,0,0,6.98033,5.95217,1.028160,1,0,339.37,0,0,0,339.37,0
72.29,2.30804,0,0,6.47095,0.280079,3.88283,3.6288,61.308,0.640325,0,0,1.2128,0.201329,0.371143,0.66528,12.849,1,0.410236,3.88283,0,168.69,4.33209,167.83,0.84672,12.849,0.84672,3695.15,0,36.966,0.386088,3.58272,2.09657,14.3262,1.12401,18.4954,0.42336,36.966,0.42336,423.524,0,1.02816,0,0,4.61088,3.58272,1.028160,1,0,186.697,0,0,0,186.697,0
72.29,2.55849,0,0,6.92102,0.297516,4.06501,3.6288,61.308,0.66528,0,0,2.73801,0.15679,1.91594,0.66528,12.849,1,0.454752,4.06501,0,196.294,3.46921,196.435,0.84672,12.849,0.84672,3695.15,0,36.966,0.567351,6.14103,2.09677,16.0908,0.986758,22.7745,0.42336,36.966,0.42336,423.524,0,1.02816,0,0,7.16919,6.14103,1.028160,1,0,221.125,0,0,0,221.125,0
72.29,2.55878,0,0,13.9047,0.300511,11.0454,3.6288,61.308,0.66528,0,0,5.22277,0.130691,4.4268,0.66528,12.849,1,0.454803,11.0454,0,281.701,2.85107,289.441,0.84672,12.849,0.84672,3695.15,0,36.966,0.567551,11.5862,2.31137,34.1878,0.90243,46.6153,0.42336,36.966,0.42336,423.524,0,1.02816,0,0,12.6143,11.5862,1.028160,1,0,340.483,0,0,0,340.483,0
72.29,2.55906,0,0,5.50699,0.300511,2.64741,3.6288,61.308,0.66528,0,0,2.50879,0.130691,1.71282,0.66528,12.849,1,0.454854,2.64741,0,331.522,2.85107,330.863,0.84672,12.849,0.84672,3695.15,0,36.966,0.56775,5.68668,2.31159,14.9504,0.90243,21.4785,0.42336,36.966,0.42336,423.524,0,1.02816,0,0,6.71484,5.68668,1.028160,1,0,354.055,0,0,0,354.055,0
72.29,2.55935,0,0,4.23292,0.307018,1.36655,3.6288,61.308,0.66528,0,0,2.10402,0.178911,1.25983,0.66528,12.849,1,0.454905,1.36655,0,174.266,3.42873,171.749,0.84672,12.849,0.84672,3695.15,0,36.966,0.56795,4.88908,2.3118,12.4835,1.00228,18.1142,0.42336,36.966,0.42336,423.524,0,1.02816,0,0,5.91724,4.88908,1.028160,1,0,191.123,0,0,0,191.123,0
72.29,2.20264,0,0,5.18473,0.309745,2.67235,3.6288,61.308,0.596903,0,0,3.26195,0.200136,2.46491,0.66528,12.849,1,0.391503,2.67235,0,270.225,3.62967,268.877,0.84672,12.849,0.84672,3695.15,0,36.966,0.359906,5.28969,2.31202,17.0057,1.01984,23.2276,0.42336,36.966,0.42336,423.524,0,1.02816,0,0,6.31785,5.28969,1.028160,1,0,294.569,0,0,0,294.569,0
72.29,2.20289,0,0,6.21362,0.305282,3.70545,3.6288,61.308,0.59701,0,0,1.48581,0.167835,0.720967,0.66528,12.849,1,0.391547,3.70545,0,239.033,3.20271,239.145,0.84672,12.849,0.84672,3695.15,0,36.966,0.359971,3.44789,2.01973,15.6305,0.933159,19.8049,0.42336,36.966,0.42336,423.524,0,1.02816,0,0,4.47605,3.44789,1.028160,1,0,259.67,0,0,0,259.67,0
72.29,2.20314,0,0,9.30727,0.305282,6.79884,3.6288,61.308,0.597117,0,0,4.23456,0.167835,3.46961,0.66528,12.849,1,0.391592,6.79884,0,257.839,3.20271,261.044,0.84672,12.849,0.84672,3695.15,0,36.966,0.360035,7.97653,2.01992,23.5421,0.933159,32.2454,0.42336,36.966,0.42336,423.524,0,1.02816,0,0,9.00469,7.97653,1.028160,1,0,296.759,0,0,0,296.759,0
72.29,2.20339,0,0,10.874,0.306347,8.3643,3.6288,61.308,0.597224,0,0,3.5432,0.122416,2.82356,0.66528,12.849,1,0.391636,8.3643,0,246.806,2.99433,251.784,0.84672,12.849,0.84672,3695.15,0,36.966,0.3601,5.81443,2.02011,24.5465,0.858061,31.1629,0.42336,36.966,0.42336,423.524,0,1.02816,0,0,6.84259,5.81443,1.028160,1,0,285.771,0,0,0,285.771,0
72.29,2.20364,0,0,6.92029,0.305139,4.41151,3.6288,61.308,0.597331,0,0,2.15918,0.0990062,1.46284,0.66528,12.849,1,0.391681,4.41151,0,185.23,2.92438,186.326,0.84672,12.849,0.84672,3695.15,0,36.966,0.360164,3.50762,2.02029,15.1667,0.820461,19.514,0.42336,36.966,0.42336,423.524,0,1.02816,0,0,4.53578,3.50762,1.028160,1,0,207.303,0,0,0,207.303,0
72.29,2.2938,0,0,9.48499,0.293103,6.89809,3.6288,61.308,0.639676,0,0,7.17985,0.162929,6.37724,0.66528,12.849,1,0.407706,6.89809,0,216.013,3.44242,219.061,0.84672,12.849,0.84672,3695.15,0,36.966,0.385696,9.57839,2.02048,37.6589,0.932806,47.9393,0.42336,36.966,0.42336,423.524,0,1.02816,0,0,10.6066,9.57839,1.028160,1,0,273.377,0,0,0,273.377,0
72.29,2.29406,0,0,7.88737,0.293103,5.30021,3.6288,61.308,0.639788,0,0,6.21467,0.162929,5.41196,0.66528,12.849,1,0.407752,5.30021,0,193.387,3.44242,194.837,0.84672,12.849,0.84672,3695.15,0,36.966,0.385763,7.96815,2.09282,26.7138,0.932806,35.4562,0.42336,36.966,0.42336,423.524,0,1.02816,0,0,8.99631,7.96815,1.028160,1,0,235.706,0,0,0,235.706,0
72.29,2.29432,0,0,7.24041,0.270469,4.67562,3.6288,61.308,0.639899,0,0,4.58593,0.160432,3.7856,0.66528,12.849,1,0.407798,4.67562,0,148.723,3.5907,149.4,0.84672,12.849,0.84672,3695.15,0,36.966,0.385831,6.19808,2.09302,19.0194,0.942448,25.9822,0.42336,36.966,0.42336,423.524,0,1.02816,0,0,7.22624,6.19808,1.028160,1,0,179.168,0,0,0,179.168,0
72.29,2.29458,0,0,5.77911,0.240291,3.24424,3.6288,61.308,0.64001,0,0,3.7387,0.157102,2.94159,0.66528,12.849,1,0.407844,3.24424,0,141.202,3.7884,140.25,0.84672,12.849,0.84672,3695.15,0,36.966,0.385898,4.29947,2.09321,15.2046,0.955303,20.2561,0.42336,36.966,0.42336,423.524,0,1.02816,0,0,5.32763,4.29947,1.028160,1,0,163.447,0,0,0,163.447,0
72.29,2.25967,0,0,5.10811,0.206706,2.64173,3.6288,61.308,0.62371,0,0,2.0925,0.187028,1.28176,0.66528,12.849,1,0.40164,2.64173,0,115.01,4.42932,112.821,0.84672,12.849,0.84672,3695.15,0,36.966,0.376069,2.88382,2.09341,11.55,1.07585,15.0753,0.42336,36.966,0.42336,423.524,0,1.02816,0,0,3.91198,2.88382,1.028160,1,0,129.178,0,0,0,129.178,0
72.29,2.25993,0,0,4.75358,0.17914,2.31451,3.6288,61.308,0.62382,0,0,1.67176,0.199296,0.848646,0.66528,12.849,1,0.401685,2.31451,0,105.692,4.601,103.004,0.84672,12.849,0.84672,3695.15,0,36.966,0.376135,2.6801,2.06552,10.2166,1.10047,13.4856,0.42336,36.966,0.42336,423.524,0,1.02816,0,0,3.70826,2.6801,1.028160,1,0,117.338,0,0,0,117.338,0
72.29,2.26019,0,0,4.42295,0.17914,1.98363,3.6288,61.308,0.623929,0,0,1.66794,0.199296,0.844718,0.66528,12.849,1,0.401731,1.98363,0,96.6332,4.601,93.6141,0.84672,12.849,0.84672,3695.15,0,36.966,0.376202,2.69409,2.06571,9.70929,1.10047,12.9924,0.42336,36.966,0.42336,423.524,0,1.02816,0,0,3.72225,2.69409,1.028160,1,0,107.451,0,0,0,107.451,0
72.29,2.26044,0,0,4.24964,0.17914,1.81005,3.6288,61.308,0.624039,0,0,2.10673,0.199296,1.28339,0.66528,12.849,1,0.401777,1.81005,0,92.6217,4.601,89.4289,0.84672,12.849,0.84672,3695.15,0,36.966,0.376268,3.46738,2.0659,11.8461,1.10047,15.9027,0.42336,36.966,0.42336,423.524,0,1.02816,0,0,4.49554,3.46738,1.028160,1,0,106.615,0,0,0,106.615,0
72.29,2.38012,0,0,4.04542,0.189499,1.4758,3.6288,61.308,0.66528,0,0,1.73708,0.153814,0.917987,0.66528,12.849,1,0.423048,1.4758,0,87.4895,3.92215,84.6201,0.84672,12.849,0.84672,3695.15,0,36.966,0.428532,2.6229,2.06609,9.78022,0.882223,13.1585,0.42336,36.966,0.42336,423.524,0,1.02816,0,0,3.65106,2.6229,1.028160,1,0,98.6965,0,0,0,98.6965,0
72.29,2.38039,0,0,3.78631,0.152637,1.25328,3.6288,61.308,0.66528,0,0,1.53909,0.201819,0.671987,0.66528,12.849,1,0.423096,1.25328,0,89.1847,4.04995,85.9649,0.84672,12.849,0.84672,3695.15,0,36.966,0.428718,2.16767,2.16475,8.2715,0.974431,11.2008,0.42336,36.966,0.42336,423.524,0,1.02816,0,0,3.19583,2.16767,1.028160,1,0,97.8377,0,0,0,97.8377,0
72.29,2.38066,0,0,3.57126,0.152637,1.03796,3.6288,61.308,0.66528,0,0,1.22914,0.201819,0.362036,0.66528,12.849,1,0.423144,1.03796,0,82.3962,4.04995,78.9611,0.84672,12.849,0.84672,3695.15,0,36.966,0.428903,1.80294,2.16495,7.76822,0.974431,10.3328,0.42336,36.966,0.42336,423.524,0,1.02816,0,0,2.8311,1.80294,1.028160,1,0,89.6559,0,0,0,89.6559,0
72.29,2.38093,0,0,3.43989,0.154031,0.904929,3.6288,61.308,0.66528,0,0,1.06538,0.256515,0.143586,0.66528,12.849,1,0.423191,0.904929,0,74.8786,4.9821,70.3782,0.84672,12.849,0.84672,3695.15,0,36.966,0.429088,1.69025,2.16515,7.49123,1.16533,9.75222,0.42336,36.966,0.42336,423.524,0,1.02816,0,0,2.71841,1.69025,1.028160,1,0,80.274,0,0,0,80.274,0
72.29,2.38119,0,0,3.23354,0.133683,0.71866,3.6288,61.308,0.66528,0,0,1.03237,0.294511,0.0725765,0.66528,12.849,1,0.423239,0.71866,0,68.2881,5.62566,62.9578,0.84672,12.849,0.84672,3695.15,0,36.966,0.429274,1.7248,2.16536,7.14701,1.3057,9.30219,0.42336,36.966,0.42336,423.524,0,1.02816,0,0,2.75296,1.7248,1.028160,1,0,72.3326,0,0,0,72.3326,0
72.29,2.35783,0,0,3.54067,0.0819142,1.10092,3.6288,61.308,0.66528,0,0,1.11207,0.260231,0.18656,0.66528,12.849,1,0.419087,1.10092,0,54.8689,5.08998,50.4608,0.84672,12.849,0.84672,3695.15,0,36.966,0.480781,1.52225,2.16556,6.42656,1.22608,8.40751,0.42336,36.966,0.42336,423.524,0,1.02816,0,0,2.55041,1.52225,1.028160,1,0,59.0548,0,0,0,59.0548,0
72.29,2.3581,0,0,3.30109,0.0819142,0.861079,3.6288,61.308,0.66528,0,0,1.06852,0.260231,0.143006,0.66528,12.849,1,0.419134,0.861079,0,54.1433,5.08998,49.4953,0.84672,12.849,0.84672,3695.15,0,36.966,0.480972,1.41946,2.2002,6.56683,1.22608,8.47943,0.42336,36.966,0.42336,423.524,0,1.02816,0,0,2.44762,1.41946,1.028160,1,0,58.1177,0,0,0,58.1177,0
72.29,2.35837,0,0,2.99032,0.0819142,0.55004,3.6288,61.308,0.66528,0,0,1.02107,0.260231,0.0955552,0.66528,12.849,1,0.419182,0.55004,0,53.209,5.08998,48.2499,0.84672,12.849,0.84672,3695.15,0,36.966,0.481162,1.29782,2.2004,6.20372,1.22608,7.9947,0.42336,36.966,0.42336,423.524,0,1.02816,0,0,2.32598,1.29782,1.028160,1,0,56.3401,0,0,0,56.3401,0
72.214,2.35863,0,0,2.72271,0.077154,0.36288,3.6288,61.308,0.66528,0,0,0.965641,0.2712,0.0291606,0.66528,12.849,1,0.419229,0.36288,0,46.8395,5.23113,41.552,0.84672,12.849,0.84672,3695.15,0,36.966,0.481353,1.07565,2.20061,6.02125,1.2776,7.53855,0.42336,36.966,0.42336,423.524,0,1.02816,0,0,2.10381,1.07565,1.028160,1,0,49.1197,0,0,0,49.1197,0
71.7188,2.41956,0,0,2.35155,0.0643692,0.36288,3.6288,61.2236,0.66528,0,0,0.870972,0.290122,0,0.66528,12.849,1,0.430511,0.36288,0,39.5838,5.14896,34.3672,0.84672,12.849,0.84672,3695.15,0,36.966,0.527301,0.873651,2.20082,5.82294,1.31244,7.05767,0.42336,36.966,0.42336,423.524,0,1.02816,0,0,1.90181,0.873651,1.028160,1,0,41.4249,0,0,0,41.4249,0
71.0413,2.41731,0,0,2.16146,0.058776,0.36288,3.6288,61.0223,0.66528,0,0,0.777833,0.313822,0,0.66528,12.849,1,0.433081,0.36288,0,36.0573,5.56342,30.4237,0.84672,12.849,0.84672,3695.15,0,36.966,0.527497,0.864518,2.24985,4.812,1.43926,5.95962,0.42336,36.966,0.42336,423.524,0,1.02816,0,0,1.89268,0.864518,1.028160,1,0,36.3833,0,0,0,36.3833,0
70.5534,2.41409,0,0,2.34755,0.0584725,0.36288,3.6288,60.8489,0.66528,0,0,0.8053,0.313422,0,0.66528,12.849,1,0.436628,0.36288,0,36.4379,5.56342,30.8007,0.84672,12.849,0.84672,3695.15,0,36.966,0.527692,1.05856,2.25006,5.00033,1.43926,6.342,0.42336,36.966,0.42336,423.524,0,1.02816,0,0,2.08672,1.05856,1.028160,1,0,37.1427,0,0,0,37.1427,0
69.9366,2.4118,0,0,2.21614,0.058254,0.36288,3.6288,60.6682,0.66528,0,0,0.797645,0.313078,0,0.66528,12.849,1,0.439231,0.36288,0,42.8157,5.56342,37.1759,0.84672,12.849,0.84672,3695.15,0,36.966,0.527888,0.710415,2.25027,5.26147,1.43926,6.25501,0.42336,36.966,0.42336,423.524,0,1.02816,0,0,1.73858,0.710415,1.028160,1,0,43.4309,0,0,0,43.4309,0
68.7225,2.58674,0,0,1.8027,0.0671586,0.36288,3.6288,60.3608,0.66528,0,0,0.672476,0.314547,0,0.66528,12.849,1,0.475244,0.36288,0,31.438,5.46959,25.8561,0.84672,12.849,0.84672,3695.15,0,36.966,0.693312,0.692721,2.25048,4.31929,1.45912,5.11006,0.42336,36.966,0.42336,423.524,0,1.02816,0,0,1.72088,0.692721,1.028160,1,0,30.9661,0,0,0,30.9661,0
66.8999,2.57995,0,0,1.20948,0.0892655,0.36288,3.6288,59.8844,0.66528,0,0,0.507301,0.318493,0,0.66528,12.849,1,0.482372,0.36288,0,22.6085,5.23498,17.2541,0.84672,12.849,0.84672,3695.15,0,36.966,0.693524,0.317209,2.41782,3.21252,1.50879,3.74523,0.42336,36.966,0.42336,423.524,0,1.02816,0,0,1.34537,0.317209,1.028160,1,0,20.9993,0,0,0,20.9993,0
65.0637,2.56922,0,0,1.18384,0.0879967,0.36288,3.6288,59.3759,0.66528,0,0,0.474314,0.317528,0,0.66528,12.849,1,0.493451,0.36288,0,20.631,5.23498,15.2655,0.84672,12.849,0.84672,3695.15,0,36.966,0.693736,0.241644,2.41805,3.22436,1.50879,3.68153,0.42336,36.966,0.42336,423.524,0,1.02816,0,0,1.2698,0.241644,1.028160,1,0,18.947,0,0,0,18.947,0
63.7761,2.55787,0,0,1.71993,0.0867184,0.36288,3.6288,58.9391,0.66528,0,0,0.545008,0.316498,0,0.66528,12.849,1,0.505138,0.36288,0,23.4974,5.23498,18.1202,0.84672,12.849,0.84672,3695.15,0,36.966,0.693949,0.467329,2.41828,3.57493,1.50879,4.2578,0.42336,36.966,0.42336,423.524,0,1.02816,0,0,1.49549,0.467329,1.028160,1,0,22.378,0,0,0,22.378,0
63.228,2.54967,0,0,2.47897,0.114548,0.36288,3.6288,58.6888,0.66528,0,0,0.721386,0.306376,0,0.66528,12.849,1,0.513683,0.36288,0,38.3371,5.10357,33.0827,0.84672,12.849,0.84672,3695.15,0,36.966,0.694161,0.592955,2.4185,3.97997,1.48227,4.815,0.42336,36.966,0.42336,423.524,0,1.02816,0,0,1.62111,0.592955,1.028160,1,0,37.8977,0,0,0,37.8977,0
61.5545,2.4609,0,0,1.2775,0.127199,0.36288,3.6288,58.3396,0.66528,0,0,0.602179,0.286109,0,0.66528,12.849,1,0.500096,0.36288,0,20.7221,4.52424,16.0606,0.84672,12.849,0.84672,3695.15,0,36.966,0.594035,0.471087,2.41873,4.39399,1.25013,5.43965,0.42336,36.966,0.42336,423.524,0,1.02816,0,0,1.49925,0.471087,1.028160,1,0,21.5003,0,0,0,21.5003,0
59.6555,2.44992,0,0,1.03921,0.125465,0.36288,3.6288,57.8104,0.739351,0,0,0.495633,0.285467,0,0.66528,12.849,1,0.511401,0.36288,0,19.029,4.52424,14.3562,0.84672,12.849,0.84672,3695.15,0,36.966,0.594237,0.216518,2.32219,3.97017,1.25013,4.66451,0.42336,36.966,0.42336,423.524,0,0.954089,0,0,1.17061,0.216518,1.028160,1,0,19.0207,0,0,0,19.0207,0
58.3784,2.4368,0,0,1.71698,0.194327,0.36288,3.6288,57.6705,0.66528,0,0,0.750547,0.22519,0,0.66528,12.849,1,0.524855,0.36288,0,27.0912,3.69372,23.2355,0.84672,12.849,0.84672,3695.15,0,36.966,0.594439,0.459778,2.32241,5.25961,0.990535,6.45682,0.42336,36.966,0.42336,423.524,0,1.02816,0,0,1.48794,0.459778,1.028160,1,0,29.6923,0,0,0,29.6923,0
59.1732,2.42766,0,0,3.82983,0.244489,0.36288,3.6288,58.0185,0.66528,0,0,1.19381,0.180548,0,0.66528,12.849,1,0.534325,0.36288,0,69.2273,3.07083,65.985,0.84672,12.849,0.84672,3695.15,0,36.966,0.594642,1.03878,2.32263,11.2428,0.795841,13.2137,0.42336,36.966,0.42336,423.524,0,1.02816,0,0,2.06694,1.03878,1.028160,1,0,79.1988,0,0,0,79.1988,0
58.1044,2.36454,0,0,1.90669,0.248097,0.36288,3.6288,57.7216,0.66528,0,0,0.57523,0.206851,0,0.66528,12.849,1,0.513442,0.36288,0,33.8011,3.75321,29.8974,0.84672,12.849,0.84672,3695.15,0,36.966,0.503474,0.305908,2.32285,4.51058,0.903249,5.73261,0.42336,36.966,0.42336,423.524,0,1.02816,0,0,1.33407,0.305908,1.028160,1,0,35.63,0,0,0,35.63,0
56.5302,2.35707,0,0,1.39257,0.246818,0.36288,3.6288,56.9001,0.954859,0,0,0.35921,0.22584,0,0.66528,12.849,1,0.521235,0.36288,0,20.8875,4.26499,16.4642,0.84672,12.849,0.84672,3695.15,0,36.966,0.61151,0.216518,2.23667,3.6783,0.983804,4.53617,0.42336,36.966,0.42336,423.524,0,0.630737,0,0,0.847256,0.216518,1.028160,1,0,21.0004,0,0,0,21.0004,0
55.4159,2.34551,0,0,1.83713,0.243034,0.36288,3.6288,56.8276,0.66528,0,0,0.817397,0.22464,0,0.66528,12.849,1,0.533122,0.36288,0,27.9462,4.26499,23.5109,0.84672,12.849,0.84672,3695.15,0,36.966,0.503859,1.13212,2.23688,6.53823,0.983804,8.41956,0.42336,36.966,0.42336,423.524,0,1.02816,0,0,2.16028,1.13212,1.028160,1,0,31.9305,0,0,0,31.9305,0
57.4471,2.33707,0,0,4.97154,0.240355,0.36288,3.6288,57.8377,0.66528,0,0,1.8999,0.224534,0,0.66528,12.849,1,0.541885,0.36288,0,83.47,4.26499,79.026,0.84672,12.849,0.84672,3695.15,0,36.966,0.504053,2.87478,2.23709,11.3954,0.983804,15.0194,0.42336,36.966,0.42336,423.524,0,1.02816,0,0,3.90294,2.87478,1.028160,1,0,94.0454,0,0,0,94.0454,0
57.481,2.15718,0,0,2.8364,0.282466,0.36288,3.6288,57.8966,0.597359,0,0,0.830304,0.174025,0,0.66528,12.849,1,0.482488,0.36288,0,47.8659,3.64951,44.0968,0.84672,12.849,0.84672,3695.15,0,36.966,0.381792,0.434756,2.2373,5.99866,0.867741,7.42118,0.42336,36.966,0.42336,423.524,0,1.02816,0,0,1.46292,0.434756,1.028160,1,0,51.518,0,0,0,51.518,0
57.8587,2.15765,0,0,3.13296,0.234764,0.36288,3.6288,58.1264,0.597702,0,0,0.978851,0.151356,0,0.66528,12.849,1,0.482311,0.36288,0,69.329,3.63437,65.5752,0.84672,12.849,0.84672,3695.15,0,36.966,0.381622,1.69936,2.04552,8.77983,1.00915,11.1339,0.42336,36.966,0.42336,423.524,0,1.02816,0,0,2.72752,1.69936,1.028160,1,0,76.7091,0,0,0,76.7091,0
58.1381,2.16048,0,0,3.04015,0.237395,0.36288,3.6288,58.2848,0.59873,0,0,0.932309,0.1752,0,0.66528,12.849,1,0.479789,0.36288,0,61.1786,3.99567,57.0661,0.84672,12.849,0.84672,3695.15,0,36.966,0.380768,1.62907,2.04571,7.61364,1.15166,9.756,0.42336,36.966,0.42336,423.524,0,1.02816,0,0,2.65723,1.62907,1.028160,1,0,66.822,0,0,0,66.822,0
59.7696,2.16261,0,0,4.42237,0.265338,0.36288,3.6288,58.4866,0.599469,0,0,1.00344,0.202151,0,0.66528,12.849,1,0.477955,0.36288,0,78.7126,4.48275,74.1148,0.84672,12.849,0.84672,3695.15,0,36.966,0.380202,1.98269,2.0459,9.95008,1.27187,12.3266,0.42336,36.966,0.42336,423.524,0,1.02816,0,0,3.01085,1.98269,1.028160,1,0,86.4414,0,0,0,86.4414,0
64.9143,2.17359,0,0,7.95489,0.273737,0.36288,3.6288,59.2,0.60038,0,0,1.50041,0.186665,0,0.66528,12.849,1,0.467269,0.36288,0,104.698,4.05799,100.535,0.84672,12.849,0.84672,3695.15,0,36.966,0.379465,2.80888,2.04609,14.9647,1.16597,18.2743,0.42336,36.966,0.42336,423.524,0,1.02816,0,0,3.83704,2.80888,1.028160,1,0,118.81,0,0,0,118.81,0
72.29,2.28173,0,0,10.3916,0.269338,0.46483,3.6288,61.236,0.637252,0,0,2.87371,0.200404,0,0.66528,12.849,1,0.451641,0.46483,0,129.63,4.31853,125.325,0.84672,12.849,0.84672,3695.15,0,36.966,0.397917,2.51998,2.04628,14.4582,1.07361,17.5529,0.42336,36.966,0.42336,423.524,0,1.02816,0,0,3.54814,2.51998,1.028160,1,0,142.878,0,0,0,142.878,0
72.29,2.3211,0,0,8.47722,0.299035,5.85709,3.6288,61.308,0.645606,0,0,3.21497,0.202991,2.29438,0.66528,12.849,1,0.412558,5.85709,0,167.016,4.38344,168.077,0.84672,12.849,0.84672,3695.15,0,36.966,0.38973,2.49605,2.10636,11.9248,1.08874,15.0487,0.42336,36.966,0.42336,423.524,0,1.02816,0,0,3.52421,2.49605,1.028160,1,0,185.42,0,0,0,185.42,0
72.29,2.32134,0,0,9.21542,0.299035,6.59504,3.6288,61.308,0.645996,0,0,4.25885,0.203083,3.40977,0.66528,12.849,1,0.412601,6.59504,0,176.83,4.38344,178.629,0.84672,12.849,0.84672,3695.15,0,36.966,0.389507,3.22679,2.10654,16.2488,1.08874,20.1039,0.42336,36.966,0.42336,423.524,0,1.02816,0,0,4.25495,3.22679,1.028160,1,0,202.142,0,0,0,202.142,0
72.29,2.32159,0,0,8.84831,0.299035,6.22769,3.6288,61.308,0.6461,0,0,3.08083,0.203083,2.23165,0.66528,12.849,1,0.412645,6.22769,0,184.647,4.38344,186.079,0.84672,12.849,0.84672,3695.15,0,36.966,0.38957,2.41675,2.10673,12.703,1.08874,15.7482,0.42336,36.966,0.42336,423.524,0,1.02816,0,0,3.44491,2.41675,1.028160,1,0,204.059,0,0,0,204.059,0
72.29,2.57334,0,0,11.6945,0.324033,8.79712,3.6288,61.308,0.66528,0,0,4.44874,0.206788,3.57668,0.66528,12.849,1,0.457392,8.79712,0,195.861,4.22436,199.976,0.84672,12.849,0.84672,3695.15,0,36.966,0.577684,3.9721,2.10691,18.1898,1.08051,22.6106,0.42336,36.966,0.42336,423.524,0,1.02816,0,0,5.00026,3.9721,1.028160,1,0,226.164,0,0,0,226.164,0
72.29,2.57361,0,0,8.09255,0.357365,5.16157,3.6288,61.308,0.66528,0,0,3.96101,0.211728,3.084,0.66528,12.849,1,0.45744,5.16157,0,152.633,4.01226,153.324,0.84672,12.849,0.84672,3695.15,0,36.966,0.577871,2.90926,2.32263,14.1623,1.06955,17.7467,0.42336,36.966,0.42336,423.524,0,1.02816,0,0,3.93742,2.90926,1.028160,1,0,174.155,0,0,0,174.155,0
72.29,2.57388,0,0,6.99252,0.357365,4.06128,3.6288,61.308,0.66528,0,0,2.76603,0.211728,1.88902,0.66528,12.849,1,0.457488,4.06128,0,101.254,4.01226,100.845,0.84672,12.849,0.84672,3695.15,0,36.966,0.578058,1.94162,2.32283,8.90603,1.06955,11.5229,0.42336,36.966,0.42336,423.524,0,1.02816,0,0,2.96978,1.94162,1.028160,1,0,114.257,0,0,0,114.257,0
72.29,2.57415,0,0,5.67911,0.360153,2.7448,3.6288,61.308,0.66528,0,0,2.62727,0.205149,1.75684,0.66528,12.849,1,0.457536,2.7448,0,107.33,3.92485,105.693,0.84672,12.849,0.84672,3695.15,0,36.966,0.578245,1.65224,2.32304,7.41597,1.05095,9.76206,0.42336,36.966,0.42336,423.524,0,1.02816,0,0,2.6804,1.65224,1.028160,1,0,117.212,0,0,0,117.212,0
72.29,2.21555,0,0,6.41384,0.342925,3.85536,3.6288,61.308,0.602412,0,0,2.75098,0.178836,1.96974,0.66528,12.849,1,0.393797,3.85536,0,108.214,3.44283,108.233,0.84672,12.849,0.84672,3695.15,0,36.966,0.363228,1.5823,2.32324,7.70066,0.937134,10.3058,0.42336,36.966,0.42336,423.524,0,1.02816,0,0,2.61046,1.5823,1.028160,1,0,120.509,0,0,0,120.509,0
72.29,2.21578,0,0,6.49121,0.318376,3.95706,3.6288,61.308,0.602513,0,0,3.19608,0.202092,2.39148,0.66528,12.849,1,0.393839,3.95706,0,119.792,3.91734,119.438,0.84672,12.849,0.84672,3695.15,0,36.966,0.363288,2.0647,2.0294,7.71008,1.0122,10.4287,0.42336,36.966,0.42336,423.524,0,1.02816,0,0,3.09286,2.0647,1.028160,1,0,132.258,0,0,0,132.258,0
72.29,2.21602,0,0,5.53213,0.318376,2.99774,3.6288,61.308,0.602613,0,0,2.62798,0.202092,1.82327,0.66528,12.849,1,0.393881,2.99774,0,91.981,3.91734,90.6675,0.84672,12.849,0.84672,3695.15,0,36.966,0.363349,1.62207,2.02958,5.92834,1.0122,8.20445,0.42336,36.966,0.42336,423.524,0,1.02816,0,0,2.65023,1.62207,1.028160,1,0,100.695,0,0,0,100.695,0
72.29,2.21625,0,0,5.75789,0.318376,3.22326,3.6288,61.308,0.602713,0,0,2.83677,0.202092,2.03197,0.66528,12.849,1,0.393922,3.22326,0,79.8355,3.91734,78.7475,0.84672,12.849,0.84672,3695.15,0,36.966,0.363409,1.93953,2.02975,6.83901,1.0122,9.43269,0.42336,36.966,0.42336,423.524,0,1.02816,0,0,2.96769,1.93953,1.028160,1,0,90.2122,0,0,0,90.2122,0
72.29,2.21649,0,0,5.33635,0.318376,2.80149,3.6288,61.308,0.602813,0,0,2.46689,0.202092,1.66199,0.66528,12.849,1,0.393964,2.80149,0,120.048,3.91734,118.538,0.84672,12.849,0.84672,3695.15,0,36.966,0.36347,1.67383,2.02993,5.85307,1.0122,8.18116,0.42336,36.966,0.42336,423.524,0,1.02816,0,0,2.70199,1.67383,1.028160,1,0,128.381,0,0,0,128.381,0
72.29,2.3071,0,0,5.38093,0.281671,2.79216,3.6288,61.308,0.645372,0,0,4.06882,0.174878,3.24857,0.66528,12.849,1,0.410069,2.79216,0,97.8843,3.28209,96.9843,0.84672,12.849,0.84672,3695.15,0,36.966,0.389131,1.80217,2.03011,6.32432,0.943402,8.82406,0.42336,36.966,0.42336,423.524,0,1.02816,0,0,2.83033,1.80217,1.028160,1,0,109.057,0,0,0,109.057,0
72.29,2.30734,0,0,5.10487,0.281671,2.51585,3.6288,61.308,0.645476,0,0,4.8577,0.174878,4.03735,0.66528,12.849,1,0.410113,2.51585,0,70.6968,3.28209,69.5205,0.84672,12.849,0.84672,3695.15,0,36.966,0.389193,2.01442,2.10281,5.44051,0.943402,8.22515,0.42336,36.966,0.42336,423.524,0,1.02816,0,0,3.04258,2.01442,1.028160,1,0,81.7829,0,0,0,81.7829,0
72.29,2.30759,0,0,4.70235,0.28327,2.1115,3.6288,61.308,0.645581,0,0,5.68278,0.168193,4.86901,0.66528,12.849,1,0.410156,2.1115,0,64.7836,3.06549,63.4194,0.84672,12.849,0.84672,3695.15,0,36.966,0.389256,2.38351,2.10299,7.67882,0.900994,10.8751,0.42336,36.966,0.42336,423.524,0,1.02816,0,0,3.41167,2.38351,1.028160,1,0,79.1635,0,0,0,79.1635,0
72.29,2.30783,0,0,4.01278,0.255256,1.44969,3.6288,61.308,0.645685,0,0,4.59005,0.182355,3.76201,0.66528,12.849,1,0.410199,1.44969,0,58.4671,3.28093,56.2256,0.84672,12.849,0.84672,3695.15,0,36.966,0.389319,1.73598,2.10318,5.01035,0.938892,7.5213,0.42336,36.966,0.42336,423.524,0,1.02816,0,0,2.76414,1.73598,1.028160,1,0,67.5089,0,0,0,67.5089,0
72.29,2.27272,0,0,3.57883,0.258658,1.04745,3.6288,61.308,0.629292,0,0,2.95479,0.169769,2.15573,0.66528,12.849,1,0.403959,1.04745,0,56.201,3.75681,53.0877,0.84672,12.849,0.84672,3695.15,0,36.966,0.379435,1.16103,2.10336,4.46361,1.0415,6.30707,0.42336,36.966,0.42336,423.524,0,1.02816,0,0,2.18919,1.16103,1.028160,1,0,61.5505,0,0,0,61.5505,0
72.29,2.27296,0,0,3.30256,0.17575,0.853849,3.6288,61.308,0.629395,0,0,2.61691,0.203972,1.78354,0.66528,12.849,1,0.404002,0.853849,0,53.0325,4.29312,49.1892,0.84672,12.849,0.84672,3695.15,0,36.966,0.379497,1.18322,2.07531,4.52391,1.1032,6.29975,0.42336,36.966,0.42336,423.524,0,1.02816,0,0,2.21138,1.18322,1.028160,1,0,57.2725,0,0,0,57.2725,0
72.29,2.2732,0,0,3.21957,0.161705,0.784657,3.6288,61.308,0.629498,0,0,2.8584,0.210512,2.01839,0.66528,12.849,1,0.404045,0.784657,0,51.389,4.35078,47.4188,0.84672,12.849,0.84672,3695.15,0,36.966,0.379559,1.38288,2.07549,5.12746,1.10664,7.09963,0.42336,36.966,0.42336,423.524,0,1.02816,0,0,2.41104,1.38288,1.028160,1,0,56.5368,0,0,0,56.5368,0
72.29,2.27344,0,0,3.01025,0.161705,0.575104,3.6288,61.308,0.629601,0,0,2.81119,0.210512,1.97108,0.66528,12.849,1,0.404087,0.575104,0,46.8612,4.35078,42.6814,0.84672,12.849,0.84672,3695.15,0,36.966,0.379621,1.12284,2.07567,4.60227,1.10664,6.31451,0.42336,36.966,0.42336,423.524,0,1.02816,0,0,2.151,1.12284,1.028160,1,0,50.967,0,0,0,50.967,0
72.29,2.39372,0,0,2.99706,0.160239,0.443101,3.6288,61.308,0.66528,0,0,2.41487,0.20902,1.54057,0.66528,12.849,1,0.425466,0.443101,0,47.0197,4.28415,42.7531,0.84672,12.849,0.84672,3695.15,0,36.966,0.437918,1.00446,2.07585,4.24906,1.12063,5.77082,0.42336,36.966,0.42336,423.524,0,1.02816,0,0,2.03262,1.00446,1.028160,1,0,50.0645,0,0,0,50.0645,0
72.1007,2.39397,0,0,2.72509,0.157508,0.36288,3.6288,61.308,0.66528,0,0,1.93411,0.219255,1.04957,0.66528,12.849,1,0.425511,0.36288,0,42.1186,4.52966,37.5263,0.84672,12.849,0.84672,3695.15,0,36.966,0.438091,0.857123,2.175,3.78644,1.13723,5.24324,0.42336,36.966,0.42336,423.524,0,1.02816,0,0,1.88528,0.857123,1.028160,1,0,43.8191,0,0,0,43.8191,0
71.6389,2.39328,0,0,2.39752,0.103147,0.36288,3.6288,61.308,0.66528,0,0,1.64803,0.217785,0.764963,0.66528,12.849,1,0.426503,0.36288,0,36.3747,4.49684,31.8142,0.84672,12.849,0.84672,3695.15,0,36.966,0.438265,0.857546,2.17519,3.48403,1.08539,4.99311,0.42336,36.966,0.42336,423.524,0,1.02816,0,0,1.88571,0.857546,1.028160,1,0,37.5723,0,0,0,37.5723,0
71.1092,2.3912,0,0,2.32715,0.102785,0.36288,3.6288,61.308,0.66528,0,0,1.75017,0.217785,0.867105,0.66528,12.849,1,0.42888,0.36288,0,34.6704,4.49684,30.1076,0.84672,12.849,0.84672,3695.15,0,36.966,0.438439,0.83592,2.17538,3.70629,1.08539,5.19376,0.42336,36.966,0.42336,423.524,0,1.02816,0,0,1.86408,0.83592,1.028160,1,0,36.1684,0,0,0,36.1684,0
70.463,2.38874,0,0,2.20776,0.10237,0.36288,3.6288,61.308,0.66528,0,0,1.70073,0.217785,0.817667,0.66528,12.849,1,0.431631,0.36288,0,32.5636,4.49684,27.9981,0.84672,12.849,0.84672,3695.15,0,36.966,0.438613,0.756553,2.17557,3.42668,1.08539,4.83479,0.42336,36.966,0.42336,423.524,0,1.02816,0,0,1.78471,0.756553,1.028160,1,0,33.6505,0,0,0,33.6505,0
70.6011,2.36199,0,0,2.96922,0.10624,0.36288,3.6288,61.308,0.66528,0,0,1.62573,0.227072,0.733376,0.66528,12.849,1,0.430711,0.36288,0,39.1778,4.39898,34.711,0.84672,12.849,0.84672,3695.15,0,36.966,0.490371,1.08305,2.17576,5.61161,1.07124,7.30881,0.42336,36.966,0.42336,423.524,0,1.02816,0,0,2.11121,1.08305,1.028160,1,0,42.7532,0,0,0,42.7532,0
70.4693,2.36295,0,0,2.70036,0.106353,0.36288,3.6288,61.308,0.66528,0,0,1.58528,0.227072,0.692923,0.66528,12.849,1,0.430043,0.36288,0,38.411,4.39898,33.9449,0.84672,12.849,0.84672,3695.15,0,36.966,0.49055,1.0557,2.21056,5.37693,1.07124,7.08141,0.42336,36.966,0.42336,423.524,0,1.02816,0,0,2.08386,1.0557,1.028160,1,0,41.7192,0,0,0,41.7192,0
70.0886,2.36252,0,0,2.45098,0.106245,0.36288,3.6288,61.308,0.66528,0,0,1.48724,0.227072,0.594885,0.66528,12.849,1,0.430769,0.36288,0,34.2273,4.39898,29.7604,0.84672,12.849,0.84672,3695.15,0,36.966,0.490728,0.820705,2.21076,5.20145,1.07124,6.67095,0.42336,36.966,0.42336,423.524,0,1.02816,0,0,1.84886,0.820705,1.028160,1,0,37.0262,0,0,0,37.0262,0
69.6171,2.36079,0,0,2.32533,0.0731669,0.36288,3.6288,61.308,0.66528,0,0,1.39505,0.303856,0.425913,0.66528,12.849,1,0.432791,0.36288,0,30.7873,5.38703,25.3303,0.84672,12.849,0.84672,3695.15,0,36.966,0.490907,0.827928,2.21095,4.92947,1.43189,6.04555,0.42336,36.966,0.42336,423.524,0,1.02816,0,0,1.85609,0.827928,1.028160,1,0,31.8018,0,0,0,31.8018,0
68.8621,2.41956,0,0,2.10851,0.0811173,0.36288,3.6288,61.308,0.66528,0,0,1.29961,0.304618,0.329714,0.66528,12.849,1,0.446571,0.36288,0,32.1261,5.51284,26.5296,0.84672,12.849,0.84672,3695.15,0,36.966,0.537076,0.675709,2.21114,4.31731,1.42843,5.23866,0.42336,36.966,0.42336,423.524,0,1.02816,0,0,1.70387,0.675709,1.028160,1,0,32.0979,0,0,0,32.0979,0
67.935,2.41569,0,0,1.93828,0.0867693,0.36288,3.6288,61.308,0.66528,0,0,1.09695,0.30519,0.126482,0.66528,12.849,1,0.450745,0.36288,0,24.4746,5.60721,18.7795,0.84672,12.849,0.84672,3695.15,0,36.966,0.537259,0.59279,2.26041,3.73861,1.42584,4.62871,0.42336,36.966,0.42336,423.524,0,1.02816,0,0,1.62095,0.59279,1.028160,1,0,23.5347,0,0,0,23.5347,0
66.8673,2.41077,0,0,1.79205,0.0861427,0.36288,3.6288,61.308,0.66528,0,0,1.01726,0.30519,0.0467955,0.66528,12.849,1,0.455965,0.36288,0,23.4691,5.60721,17.7688,0.84672,12.849,0.84672,3695.15,0,36.966,0.537443,0.395522,2.26061,3.25068,1.42584,3.94353,0.42336,36.966,0.42336,423.524,0,1.02816,0,0,1.42368,0.395522,1.028160,1,0,21.7591,0,0,0,21.7591,0
65.8506,2.40492,0,0,1.83187,0.0807222,0.36288,3.6288,61.308,0.66528,0,0,1.1297,0.307779,0.156638,0.66528,12.849,1,0.462121,0.36288,0,22.3214,5.68199,16.5401,0.84672,12.849,0.84672,3695.15,0,36.966,0.537626,0.587624,2.26081,4.02086,1.44078,4.89089,0.42336,36.966,0.42336,423.524,0,1.02816,0,0,1.61578,0.587624,1.028160,1,0,21.5877,0,0,0,21.5877,0
64.7949,2.57633,0,0,1.95566,0.0722074,0.36288,3.6288,61.308,0.66528,0,0,1.13513,0.285444,0.184408,0.66528,12.849,1,0.502702,0.36288,0,22.6802,5.82363,16.7167,0.84672,12.849,0.84672,3695.15,0,36.966,0.703874,0.656217,2.261,4.37359,1.50508,5.08185,0.42336,36.966,0.42336,423.524,0,1.02816,0,0,1.68438,0.656217,1.028160,1,0,21.983,0,0,0,21.983,0
64.16,2.56976,0,0,2.37948,0.0817543,0.36288,3.6288,61.308,0.66528,0,0,1.18858,0.320636,0.202663,0.66528,12.849,1,0.509591,0.36288,0,31.5787,5.95455,25.4774,0.84672,12.849,0.84672,3695.15,0,36.966,0.704073,0.797723,2.42918,4.42531,1.59663,5.35151,0.42336,36.966,0.42336,423.524,0,1.02816,0,0,1.82588,0.797723,1.028160,1,0,31.0316,0,0,0,31.0316,0
63.0298,2.56583,0,0,1.87987,0.0813367,0.36288,3.6288,61.1897,0.66528,0,0,0.867612,0.320636,0,0.66528,12.849,1,0.513846,0.36288,0,32.5883,5.95455,26.4827,0.84672,12.849,0.84672,3695.15,0,36.966,0.704272,0.27991,2.42939,3.50644,1.59663,3.91484,0.42336,36.966,0.42336,423.524,0,1.02816,0,0,1.30807,0.27991,1.028160,1,0,30.3976,0,0,0,30.3976,0
62.3561,2.55844,0,0,2.32826,0.0805933,0.36288,3.6288,61.308,0.66528,0,0,1.44342,0.320396,0.339435,0.66528,12.849,1,0.521554,0.36288,0,28.8806,5.95455,22.7674,0.84672,12.849,0.84672,3695.15,0,36.966,0.704471,1.30491,2.4296,5.26922,1.59663,6.70263,0.42336,36.966,0.42336,423.524,0,1.02816,0,0,2.33307,1.30491,1.028160,1,0,29.8094,0,0,0,29.8094,0
61.2026,2.55404,0,0,1.84936,0.0860142,0.36288,3.6288,61.308,0.66528,0,0,0.999104,0.286163,0.0476609,0.66528,12.849,1,0.52628,0.36288,0,23.3213,5.03032,18.1276,0.84672,12.849,0.84672,3695.15,0,36.966,0.70467,0.566991,2.42982,5.15747,1.23686,6.21275,0.42336,36.966,0.42336,423.524,0,1.02816,0,0,1.59515,0.566991,1.028160,1,0,24.388,0,0,0,24.388,0
60.8891,2.46079,0,0,2.55455,0.0442987,0.36288,3.6288,61.308,0.66528,0,0,1.32479,0.346451,0.313057,0.66528,12.849,1,0.516624,0.36288,0,20.1896,5.77727,14.2586,0.84672,12.849,0.84672,3695.15,0,36.966,0.604026,1.07946,2.43003,4.1528,1.48046,5.57781,0.42336,36.966,0.42336,423.524,0,1.02816,0,0,2.10762,1.07946,1.028160,1,0,20.1495,0,0,0,20.1495,0
60.8732,2.45885,0,0,2.91566,0.109911,0.36288,3.6288,61.308,0.66528,0,0,1.78356,0.318367,0.799917,0.66528,12.849,1,0.518874,0.36288,0,19.4584,4.93164,14.3708,0.84672,12.849,0.84672,3695.15,0,36.966,0.604215,1.61981,2.33299,4.76222,1.30822,6.80259,0.42336,36.966,0.42336,423.524,0,1.02816,0,0,2.64797,1.61981,1.028160,1,0,21.9733,0,0,0,21.9733,0
60.6699,2.459,0,0,2.73418,0.115529,0.36288,3.6288,61.308,0.66528,0,0,1.91803,0.320379,0.932369,0.66528,12.849,1,0.519041,0.36288,0,23.1509,4.96419,18.0305,0.84672,12.849,0.84672,3695.15,0,36.966,0.604405,1.65639,2.33319,5.01492,1.32685,7.07325,0.42336,36.966,0.42336,423.524,0,1.02816,0,0,2.68455,1.65639,1.028160,1,0,26.0361,0,0,0,26.0361,0
60.7761,2.45782,0,0,3.04224,0.115333,0.36288,3.6288,61.308,0.66528,0,0,2.15456,0.320379,1.1689,0.66528,12.849,1,0.52053,0.36288,0,34.9047,4.96419,29.7829,0.84672,12.849,0.84672,3695.15,0,36.966,0.604594,2.01458,2.3334,5.78576,1.32685,8.20229,0.42336,36.966,0.42336,423.524,0,1.02816,0,0,3.04274,2.01458,1.028160,1,0,39.1541,0,0,0,39.1541,0
61.2612,2.38886,0,0,3.36907,0.132304,0.36288,3.6288,61.308,0.66528,0,0,2.24085,0.278292,1.29728,0.66528,12.849,1,0.505042,0.36288,0,71.9936,4.86573,66.9857,0.84672,12.849,0.84672,3695.15,0,36.966,0.512956,2.04282,2.3336,7.79861,1.24035,10.4217,0.42336,36.966,0.42336,423.524,0,1.02816,0,0,3.07098,2.04282,1.028160,1,0,78.7047,0,0,0,78.7047,0
62.3443,2.39242,0,0,3.99386,0.15542,0.36288,3.6288,61.308,0.66528,0,0,1.35208,0.222177,0.464625,0.66528,12.849,1,0.501789,0.36288,0,59.9318,4.73445,55.0584,0.84672,12.849,0.84672,3695.15,0,36.966,0.513137,1.5641,2.24698,6.25762,1.12501,8.43056,0.42336,36.966,0.42336,423.524,0,1.02816,0,0,2.59226,1.5641,1.028160,1,0,63.9536,0,0,0,63.9536,0
63.7872,2.3999,0,0,4.36248,0.156814,0.36288,3.6288,61.308,0.66528,0,0,2.06663,0.222177,1.17917,0.66528,12.849,1,0.494613,0.36288,0,56.3724,4.73445,51.5062,0.84672,12.849,0.84672,3695.15,0,36.966,0.513318,2.41071,2.24718,7.42041,1.12501,10.44,0.42336,36.966,0.42336,423.524,0,1.02816,0,0,3.43887,2.41071,1.028160,1,0,63.1253,0,0,0,63.1253,0
64.845,2.40946,0,0,4.01319,0.183027,0.36288,3.6288,61.308,0.66528,0,0,2.32558,0.229863,1.43043,0.66528,12.849,1,0.485351,0.36288,0,67.9431,4.1421,63.6785,0.84672,12.849,0.84672,3695.15,0,36.966,0.513498,2.19532,2.24737,7.97149,0.999016,10.9017,0.42336,36.966,0.42336,423.524,0,1.02816,0,0,3.22348,2.19532,1.028160,1,0,76.0106,0,0,0,76.0106,0
69.0705,2.21534,0,0,7.00663,0.202904,0.36288,3.6288,61.308,0.616135,0,0,2.17358,0.224445,1.333,0.66528,12.849,1,0.438968,0.36288,0,96.4574,3.91203,92.4693,0.84672,12.849,0.84672,3695.15,0,36.966,0.371502,3.37156,2.24757,9.47543,0.946775,13.7763,0.42336,36.966,0.42336,423.524,0,1.02816,0,0,4.39972,3.37156,1.028160,1,0,107.579,0,0,0,107.579,0
68.7459,2.23822,0,0,2.53886,0.262411,0.36288,3.6288,61.308,0.616236,0,0,2.13341,0.173491,1.34368,0.66528,12.849,1,0.41637,0.36288,0,64.1761,3.95325,60.1694,0.84672,12.849,0.84672,3695.15,0,36.966,0.371563,1.78087,2.05482,6.94627,0.935713,9.47469,0.42336,36.966,0.42336,423.524,0,1.02816,0,0,2.80903,1.78087,1.028160,1,0,70.9877,0,0,0,70.9877,0
68.3461,2.2368,0,0,2.46363,0.26368,0.36288,3.6288,61.308,0.616338,0,0,2.03201,0.197595,1.21807,0.66528,12.849,1,0.418071,0.36288,0,56.6326,4.31455,52.2629,0.84672,12.849,0.84672,3695.15,0,36.966,0.371624,1.70849,2.055,6.02376,1.07822,8.33741,0.42336,36.966,0.42336,423.524,0,1.02816,0,0,2.73665,1.70849,1.028160,1,0,61.8183,0,0,0,61.8183,0
69.0394,2.23498,0,0,3.58377,0.292601,0.36288,3.6288,61.308,0.616439,0,0,2.187,0.224889,1.34567,0.66528,12.849,1,0.420173,0.36288,0,72.8624,4.80163,68.0035,0.84672,12.849,0.84672,3695.15,0,36.966,0.371685,2.07268,2.05518,7.8722,1.19843,10.4299,0.42336,36.966,0.42336,423.524,0,1.02816,0,0,3.10084,2.07268,1.028160,1,0,79.7791,0,0,0,79.7791,0
72.29,2.23877,0,0,6.44647,0.298699,0.658434,3.6288,61.308,0.616541,0,0,3.27019,0.208854,2.44479,0.66528,12.849,1,0.41666,0.658434,0,96.9175,4.37688,92.7824,0.84672,12.849,0.84672,3695.15,0,36.966,0.371747,2.92356,2.05536,11.8396,1.09253,15.3542,0.42336,36.966,0.42336,423.524,0,1.02816,0,0,3.95172,2.92356,1.028160,1,0,110.581,0,0,0,110.581,0
72.29,2.3336,0,0,11.2586,0.258758,8.66626,3.6288,61.308,0.651217,0,0,4.62567,0.233265,3.74119,0.66528,12.849,1,0.414779,8.66626,0,211.959,4.45836,215.752,0.84672,12.849,0.84672,3695.15,0,36.966,0.392655,5.27078,2.05554,22.2743,1.05857,28.1494,0.42336,36.966,0.42336,423.524,0,1.02816,0,0,6.29894,5.27078,1.028160,1,0,247.643,0,0,0,247.643,0
72.29,2.33382,0,0,9.98395,0.244676,7.40545,3.6288,61.308,0.651315,0,0,2.99551,0.24675,2.09744,0.66528,12.849,1,0.41482,7.40545,0,164.596,4.61958,166.967,0.84672,12.849,0.84672,3695.15,0,36.966,0.392714,3.73537,2.1159,14.6327,1.06105,19.0302,0.42336,36.966,0.42336,423.524,0,1.02816,0,0,4.76353,3.73537,1.028160,1,0,188.095,0,0,0,188.095,0
72.29,2.33405,0,0,10.2621,0.244676,7.68335,3.6288,61.308,0.651412,0,0,3.7023,0.24675,2.80414,0.66528,12.849,1,0.41486,7.68335,0,213.424,4.61958,216.073,0.84672,12.849,0.84672,3695.15,0,36.966,0.392773,4.99601,2.11607,17.473,1.06105,23.1313,0.42336,36.966,0.42336,423.524,0,1.02816,0,0,6.02417,4.99601,1.028160,1,0,242.009,0,0,0,242.009,0
72.29,2.33428,0,0,7.06467,0.264711,4.46568,3.6288,61.308,0.65151,0,0,2.43654,0.241395,1.54364,0.66528,12.849,1,0.414901,4.46568,0,132.378,4.67655,131.752,0.84672,12.849,0.84672,3695.15,0,36.966,0.392831,3.05083,2.11624,12.0248,1.16039,15.6387,0.42336,36.966,0.42336,423.524,0,1.02816,0,0,4.07899,3.05083,1.028160,1,0,148.934,0,0,0,148.934,0
72.29,2.58726,0,0,10.0424,0.243729,7.21142,3.6288,61.308,0.66528,0,0,2.80539,0.242087,1.89802,0.66528,12.849,1,0.459865,7.21142,0,110.993,4.26891,113.476,0.84672,12.849,0.84672,3695.15,0,36.966,0.587362,3.67578,2.11641,11.8856,1.20083,15.8896,0.42336,36.966,0.42336,423.524,0,1.02816,0,0,4.70394,3.67578,1.028160,1,0,131.263,0,0,0,131.263,0
72.29,2.58751,0,0,6.60765,0.216187,3.80395,3.6288,61.308,0.66528,0,0,2.81429,0.239315,1.9097,0.66528,12.849,1,0.45991,3.80395,0,185.97,3.67574,185.638,0.84672,12.849,0.84672,3695.15,0,36.966,0.587536,3.01159,2.33318,9.48015,1.00299,13.2344,0.42336,36.966,0.42336,423.524,0,1.02816,0,0,4.03975,3.01159,1.028160,1,0,200.782,0,0,0,200.782,0
72.29,2.58776,0,0,11.0753,0.213262,8.2743,3.6288,61.308,0.66528,0,0,3.52953,0.213829,2.65042,0.66528,12.849,1,0.459954,8.2743,0,149.831,3.39862,154.247,0.84672,12.849,0.84672,3695.15,0,36.966,0.587711,3.99711,2.33337,11.7028,0.928257,16.5173,0.42336,36.966,0.42336,423.524,0,1.02816,0,0,5.02527,3.99711,1.028160,1,0,173.415,0,0,0,173.415,0
72.29,2.58801,0,0,9.78757,0.213041,6.98652,3.6288,61.308,0.66528,0,0,3.31118,0.208659,2.43724,0.66528,12.849,1,0.459999,6.98652,0,275.981,3.33186,279.176,0.84672,12.849,0.84672,3695.15,0,36.966,0.587885,4.01642,2.33356,13.3593,0.914167,18.2073,0.42336,36.966,0.42336,423.524,0,1.02816,0,0,5.04458,4.01642,1.028160,1,0,299.821,0,0,0,299.821,0
72.29,2.22764,0,0,5.36466,0.233548,2.90348,3.6288,61.308,0.607571,0,0,1.70256,0.219412,0.875573,0.66528,12.849,1,0.395945,2.90348,0,149.825,3.52125,148.811,0.84672,12.849,0.84672,3695.15,0,36.966,0.366338,1.99108,2.33375,7.6045,0.990826,10.5722,0.42336,36.966,0.42336,423.524,0,1.02816,0,0,3.01924,1.99108,1.028160,1,0,160.259,0,0,0,160.259,0
72.29,2.22785,0,0,6.28934,0.296196,3.76529,3.6288,61.308,0.607664,0,0,2.74158,0.20513,1.92879,0.66528,12.849,1,0.395984,3.76529,0,218.575,3.32265,218.621,0.84672,12.849,0.84672,3695.15,0,36.966,0.366395,2.74327,2.03846,13.83,0.98514,17.2602,0.42336,36.966,0.42336,423.524,0,1.02816,0,0,3.77143,2.74327,1.028160,1,0,237.81,0,0,0,237.81,0
72.29,2.22807,0,0,5.6337,0.300748,3.10488,3.6288,61.308,0.607758,0,0,1.70987,0.188665,0.913451,0.66528,12.849,1,0.396023,3.10488,0,194.1,3.05382,193.755,0.84672,12.849,0.84672,3695.15,0,36.966,0.366451,2.06057,2.03862,9.84813,0.906206,12.6747,0.42336,36.966,0.42336,423.524,0,1.02816,0,0,3.08873,2.06057,1.028160,1,0,207.343,0,0,0,207.343,0
72.29,2.22829,0,0,8.44062,0.300748,5.91158,3.6288,61.308,0.607851,0,0,3.0685,0.188665,2.27198,0.66528,12.849,1,0.396062,5.91158,0,184.614,3.05382,187.076,0.84672,12.849,0.84672,3695.15,0,36.966,0.366507,4.35251,2.03879,14.2639,0.906206,19.3824,0.42336,36.966,0.42336,423.524,0,1.02816,0,0,5.38067,4.35251,1.028160,1,0,208.73,0,0,0,208.73,0
72.29,2.22851,0,0,10.3392,0.30128,7.80944,3.6288,61.308,0.607945,0,0,4.23651,0.165955,3.46261,0.66528,12.849,1,0.396101,7.80944,0,196.144,2.94963,200.608,0.84672,12.849,0.84672,3695.15,0,36.966,0.366564,4.49363,2.03895,17.41,0.868657,22.7074,0.42336,36.966,0.42336,423.524,0,1.02816,0,0,5.52179,4.49363,1.028160,1,0,226.778,0,0,0,226.778,0
72.29,2.31955,0,0,4.942,0.325508,2.29695,3.6288,61.308,0.650703,0,0,2.07533,0.184306,1.24032,0.66528,12.849,1,0.412282,2.29695,0,104.739,3.58942,103.035,0.84672,12.849,0.84672,3695.15,0,36.966,0.392345,2.62718,2.03911,10.1245,1.00131,13.3972,0.42336,36.966,0.42336,423.524,0,1.02816,0,0,3.65534,2.62718,1.028160,1,0,117.672,0,0,0,117.672,0
72.29,2.31977,0,0,5.1118,0.329325,2.4627,3.6288,61.308,0.6508,0,0,2.15643,0.196827,1.3088,0.66528,12.849,1,0.412322,2.4627,0,88.3025,3.73947,86.6134,0.84672,12.849,0.84672,3695.15,0,36.966,0.392404,2.75145,2.11216,9.3668,1.03907,12.7989,0.42336,36.966,0.42336,423.524,0,1.02816,0,0,3.77961,2.75145,1.028160,1,0,100.721,0,0,0,100.721,0
72.29,2.32,0,0,5.33153,0.329325,2.6822,3.6288,61.308,0.650898,0,0,2.33935,0.196827,1.49162,0.66528,12.849,1,0.412363,2.6822,0,148.842,3.73947,147.373,0.84672,12.849,0.84672,3695.15,0,36.966,0.392462,2.99236,2.11233,9.70358,1.03907,13.3767,0.42336,36.966,0.42336,423.524,0,1.02816,0,0,4.02052,2.99236,1.028160,1,0,162.241,0,0,0,162.241,0
72.29,2.32023,0,0,5.66318,0.329325,3.01363,3.6288,61.308,0.650995,0,0,3.07401,0.196827,2.22619,0.66528,12.849,1,0.412403,3.01363,0,106.961,3.73947,105.823,0.84672,12.849,0.84672,3695.15,0,36.966,0.392521,4.06371,2.1125,9.7613,1.03907,14.5059,0.42336,36.966,0.42336,423.524,0,1.02816,0,0,5.09187,4.06371,1.028160,1,0,122.555,0,0,0,122.555,0
72.29,2.28493,0,0,4.44698,0.326181,1.83587,3.6288,61.308,0.634516,0,0,2.13657,0.208066,1.29399,0.66528,12.849,1,0.40613,1.83587,0,82.722,4.04433,80.1074,0.84672,12.849,0.84672,3695.15,0,36.966,0.382585,3.25788,2.11267,7.75866,1.10133,11.6453,0.42336,36.966,0.42336,423.524,0,1.02816,0,0,4.28604,3.25788,1.028160,1,0,93.0467,0,0,0,93.0467,0
72.29,2.28516,0,0,3.47464,0.323824,0.865654,3.6288,61.308,0.634612,0,0,1.64743,0.216494,0.796326,0.66528,12.849,1,0.40617,0.865654,0,77.7686,4.27298,73.9551,0.84672,12.849,0.84672,3695.15,0,36.966,0.382643,1.62729,2.08447,6.26695,1.14802,8.44805,0.42336,36.966,0.42336,423.524,0,1.02816,0,0,2.65545,1.62729,1.028160,1,0,83.1995,0,0,0,83.1995,0
72.29,2.28538,0,0,3.13445,0.300527,0.548535,3.6288,61.308,0.634708,0,0,1.44994,0.227982,0.587249,0.66528,12.849,1,0.40621,0.548535,0,72.0628,4.23592,67.9692,0.84672,12.849,0.84672,3695.15,0,36.966,0.382701,1.68981,2.08464,5.40429,1.12755,7.66849,0.42336,36.966,0.42336,423.524,0,1.02816,0,0,2.71797,1.68981,1.028160,1,0,76.2249,0,0,0,76.2249,0
72.1528,2.28561,0,0,2.75359,0.242286,0.36288,3.6288,61.308,0.634804,0,0,1.40475,0.256702,0.513246,0.66528,12.849,1,0.406249,0.36288,0,62.702,4.1433,58.5153,0.84672,12.849,0.84672,3695.15,0,36.966,0.382759,2.07273,2.08481,5.24304,1.07637,7.94144,0.42336,36.966,0.42336,423.524,0,1.02816,0,0,3.10089,2.07273,1.028160,1,0,66.97,0,0,0,66.97,0
71.5184,2.40575,0,0,2.37413,0.239928,0.36288,3.6288,61.308,0.66528,0,0,1.38631,0.254341,0.466684,0.66528,12.849,1,0.428418,0.36288,0,39.2027,4.23049,34.9067,0.84672,12.849,0.84672,3695.15,0,36.966,0.446698,1.92858,2.08498,4.64523,1.07338,7.13871,0.42336,36.966,0.42336,423.524,0,1.02816,0,0,2.95674,1.92858,1.028160,1,0,42.5121,0,0,0,42.5121,0
71.1551,2.40277,0,0,2.62855,0.2262,0.36288,3.6288,61.308,0.66528,0,0,1.36955,0.240179,0.464094,0.66528,12.849,1,0.431681,0.36288,0,51.3629,4.75366,46.5404,0.84672,12.849,0.84672,3695.15,0,36.966,0.44686,1.5155,2.18459,4.34039,1.05542,6.5382,0.42336,36.966,0.42336,423.524,0,1.02816,0,0,2.54366,1.5155,1.028160,1,0,53.5427,0,0,0,53.5427,0
70.5048,2.40113,0,0,2.33928,0.225572,0.36288,3.6288,61.308,0.66528,0,0,1.25656,0.240179,0.3511,0.66528,12.849,1,0.433591,0.36288,0,46.3184,4.75366,41.4941,0.84672,12.849,0.84672,3695.15,0,36.966,0.447022,1.29049,2.18477,4.18268,1.05542,6.1555,0.42336,36.966,0.42336,423.524,0,1.02816,0,0,2.31865,1.29049,1.028160,1,0,48.0007,0,0,0,48.0007,0
69.7786,2.39799,0,0,2.20942,0.174745,0.36288,3.6288,61.308,0.66528,0,0,1.20679,0.27323,0.268282,0.66528,12.849,1,0.437016,0.36288,0,41.2838,5.12852,36.0812,0.84672,12.849,0.84672,3695.15,0,36.966,0.447184,1.20302,2.18495,3.98361,1.1512,5.7732,0.42336,36.966,0.42336,423.524,0,1.02816,0,0,2.23118,1.20302,1.028160,1,0,42.1227,0,0,0,42.1227,0
68.9255,2.39438,0,0,2.07789,0.173769,0.36288,3.6288,61.308,0.66528,0,0,1.15009,0.27323,0.211577,0.66528,12.849,1,0.4409,0.36288,0,40.6875,5.12852,35.481,0.84672,12.849,0.84672,3695.15,0,36.966,0.447346,1.04082,2.18513,4.10233,1.1512,5.72973,0.42336,36.966,0.42336,423.524,0,1.02816,0,0,2.06898,1.04082,1.028160,1,0,41.4223,0,0,0,41.4223,0
69.4726,2.36632,0,0,3.41601,0.139645,0.36288,3.6288,61.308,0.66528,0,0,1.29238,0.228836,0.398264,0.66528,12.849,1,0.441127,0.36288,0,61.1928,4.91079,56.2038,0.84672,12.849,0.84672,3695.15,0,36.966,0.499339,1.55918,2.1853,7.14731,1.17489,9.21757,0.42336,36.966,0.42336,423.524,0,1.02816,0,0,2.58734,1.55918,1.028160,1,0,65.8196,0,0,0,65.8196,0
69.9686,2.36949,0,0,3.35045,0.122101,0.36288,3.6288,61.308,0.66528,0,0,1.31428,0.22628,0.422723,0.66528,12.849,1,0.438238,0.36288,0,59.3006,4.9119,54.3134,0.84672,12.849,0.84672,3695.15,0,36.966,0.499506,1.51991,2.22026,7.31134,1.18994,9.36206,0.42336,36.966,0.42336,423.524,0,1.02816,0,0,2.54807,1.51991,1.028160,1,0,64.0982,0,0,0,64.0982,0
70.2436,2.37234,0,0,3.13272,0.122505,0.36288,3.6288,61.308,0.66528,0,0,1.31826,0.22628,0.426697,0.66528,12.849,1,0.435656,0.36288,0,55.3086,4.9119,50.3239,0.84672,12.849,0.84672,3695.15,0,36.966,0.499672,1.6518,2.22044,6.84012,1.18994,9.02274,0.42336,36.966,0.42336,423.524,0,1.02816,0,0,2.67996,1.6518,1.028160,1,0,59.7734,0,0,0,59.7734,0
70.3815,2.37402,0,0,2.99583,0.121033,0.36288,3.6288,61.308,0.66528,0,0,1.27386,0.239993,0.368583,0.66528,12.849,1,0.434257,0.36288,0,51.295,5.08455,46.1391,0.84672,12.849,0.84672,3695.15,0,36.966,0.499839,1.5758,2.22062,6.62291,1.23137,8.68811,0.42336,36.966,0.42336,423.524,0,1.02816,0,0,2.60396,1.5758,1.028160,1,0,55.1958,0,0,0,55.1958,0
70.4128,2.43636,0,0,2.94004,0.109465,0.36288,3.6288,61.308,0.66528,0,0,1.16,0.275686,0.219031,0.66528,12.849,1,0.444788,0.36288,0,48.9194,5.4754,43.3621,0.84672,12.849,0.84672,3695.15,0,36.966,0.546215,1.37961,2.2208,6.01489,1.35516,7.71392,0.42336,36.966,0.42336,423.524,0,1.02816,0,0,2.40777,1.37961,1.028160,1,0,51.2951,0,0,0,51.2951,0
70.527,2.43677,0,0,3.01351,0.0996761,0.36288,3.6288,61.308,0.66528,0,0,1.07366,0.277569,0.13081,0.66528,12.849,1,0.444664,0.36288,0,47.0139,5.42105,41.511,0.84672,12.849,0.84672,3695.15,0,36.966,0.546386,1.32527,2.27029,5.45382,1.38215,7.12084,0.42336,36.966,0.42336,423.524,0,1.02816,0,0,2.35343,1.32527,1.028160,1,0,48.7627,0,0,0,48.7627,0
70.2474,2.43762,0,0,2.62062,0.0997637,0.36288,3.6288,61.308,0.66528,0,0,1.00899,0.277569,0.0661391,0.66528,12.849,1,0.444098,0.36288,0,44.48,5.42105,38.9778,0.84672,12.849,0.84672,3695.15,0,36.966,0.546557,1.12656,2.27047,5.30738,1.38215,6.77571,0.42336,36.966,0.42336,423.524,0,1.02816,0,0,2.15472,1.12656,1.028160,1,0,45.8196,0,0,0,45.8196,0
69.7617,2.43636,0,0,2.41317,0.0995492,0.36288,3.6288,61.308,0.66528,0,0,0.988606,0.277569,0.0457574,0.66528,12.849,1,0.445636,0.36288,0,41.9511,5.42105,36.4473,0.84672,12.849,0.84672,3695.15,0,36.966,0.546727,1.01577,2.27065,5.25365,1.38215,6.6112,0.42336,36.966,0.42336,423.524,0,1.02816,0,0,2.04393,1.01577,1.028160,1,0,43.1042,0,0,0,43.1042,0
68.7073,2.61359,0,0,2.00349,0.0814264,0.36288,3.6288,61.308,0.66528,0,0,0.983241,0.282523,0.0354377,0.66528,12.849,1,0.481381,0.36288,0,39.7831,5.71533,33.9492,0.84672,12.849,0.84672,3695.15,0,36.966,0.713747,1.00333,2.27084,5.00335,1.36787,6.19589,0.42336,36.966,0.42336,423.524,0,1.02816,0,0,2.03149,1.00333,1.028160,1,0,40.1806,0,0,0,40.1806,0
67.5523,2.60761,0,0,1.90265,0.0872033,0.36288,3.6288,61.308,0.66528,0,0,1.03394,0.269658,0.0990023,0.66528,12.849,1,0.487651,0.36288,0,45.3034,5.40886,39.7698,0.84672,12.849,0.84672,3695.15,0,36.966,0.713932,1.62092,2.43979,5.8406,1.46493,7.72244,0.42336,36.966,0.42336,423.524,0,1.02816,0,0,2.64908,1.62092,1.028160,1,0,47.5912,0,0,0,47.5912,0
66.208,2.60086,0,0,1.70586,0.0864177,0.36288,3.6288,61.308,0.66528,0,0,0.937241,0.269658,0.00230338,0.66528,12.849,1,0.494705,0.36288,0,40.4428,5.40886,34.9021,0.84672,12.849,0.84672,3695.15,0,36.966,0.714118,1.44893,2.43999,5.69547,1.46493,7.40534,0.42336,36.966,0.42336,423.524,0,1.02816,0,0,2.47709,1.44893,1.028160,1,0,42.3098,0,0,0,42.3098,0
65.2086,2.5927,0,0,2.04173,0.0855033,0.36288,3.6288,61.308,0.66528,0,0,1.00685,0.269658,0.0719072,0.66528,12.849,1,0.503166,0.36288,0,41.8557,5.40886,36.3066,0.84672,12.849,0.84672,3695.15,0,36.966,0.714304,1.66202,2.44019,6.24723,1.46493,8.1702,0.42336,36.966,0.42336,423.524,0,1.02816,0,0,2.69018,1.66202,1.028160,1,0,44.5487,0,0,0,44.5487,0
65.6415,2.58651,0,0,3.49115,0.108908,0.36288,3.6288,61.308,0.66528,0,0,1.29321,0.264294,0.363635,0.66528,12.849,1,0.509657,0.36288,0,69.5592,5.26044,64.152,0.84672,12.849,0.84672,3695.15,0,36.966,0.714489,2.1054,2.44039,6.91512,1.44673,9.29968,0.42336,36.966,0.42336,423.524,0,1.02816,0,0,3.13356,2.1054,1.028160,1,0,73.8153,0,0,0,73.8153,0
65.682,2.50284,0,0,3.05066,0.144472,0.36288,3.6288,61.308,0.66528,0,0,0.997816,0.226075,0.106462,0.66528,12.849,1,0.489919,0.36288,0,44.5611,4.64362,39.7904,0.84672,12.849,0.84672,3695.15,0,36.966,0.61336,1.30524,2.44059,7.18494,1.20609,9.11132,0.42336,36.966,0.42336,423.524,0,1.02816,0,0,2.3334,1.30524,1.028160,1,0,49.0082,0,0,0,49.0082,0
65.3823,2.50334,0,0,2.72789,0.161277,0.36288,3.6288,61.308,0.66528,0,0,1.25504,0.214261,0.375497,0.66528,12.849,1,0.489714,0.36288,0,41.812,4.31372,37.3714,0.84672,12.849,0.84672,3695.15,0,36.966,0.613537,2.03484,2.34308,9.80104,1.11419,12.4512,0.42336,36.966,0.42336,423.524,0,1.02816,0,0,3.063,2.03484,1.028160,1,0,50.1982,0,0,0,50.1982,0
64.9849,2.50171,0,0,2.62799,0.160891,0.36288,3.6288,61.308,0.66528,0,0,1.15256,0.214261,0.273018,0.66528,12.849,1,0.491637,0.36288,0,40.1011,4.31372,35.6586,0.84672,12.849,0.84672,3695.15,0,36.966,0.613713,1.94781,2.34327,8.40663,1.11419,10.9698,0.42336,36.966,0.42336,423.524,0,1.02816,0,0,2.97597,1.94781,1.028160,1,0,46.9014,0,0,0,46.9014,0
64.5476,2.49944,0,0,2.58542,0.160379,0.36288,3.6288,61.308,0.66528,0,0,1.3176,0.214261,0.438059,0.66528,12.849,1,0.494196,0.36288,0,39.1734,4.31372,34.7284,0.84672,12.849,0.84672,3695.15,0,36.966,0.61389,2.55195,2.34346,9.51091,1.11419,12.6782,0.42336,36.966,0.42336,423.524,0,1.02816,0,0,3.58011,2.55195,1.028160,1,0,47.8447,0,0,0,47.8447,0
64.7317,2.42587,0,0,3.20951,0.236678,0.36288,3.6288,61.308,0.66528,0,0,1.27503,0.204453,0.405301,0.66528,12.849,1,0.4829,0.36288,0,53.9346,4.32815,49.4864,0.84672,12.849,0.84672,3695.15,0,36.966,0.521812,2.27615,2.34365,10.855,1.13213,13.8209,0.42336,36.966,0.42336,423.524,0,1.02816,0,0,3.30431,2.27615,1.028160,1,0,63.7126,0,0,0,63.7126,0
64.5746,2.42725,0,0,2.87222,0.239192,0.36288,3.6288,61.308,0.66528,0,0,1.27746,0.201385,0.410793,0.66528,12.849,1,0.481801,0.36288,0,42.0828,4.15978,37.8041,0.84672,12.849,0.84672,3695.15,0,36.966,0.521981,1.09755,2.25661,10.9632,0.916531,12.8789,0.42336,36.966,0.42336,423.524,0,1.02816,0,0,2.12571,1.09755,1.028160,1,0,51.0937,0,0,0,51.0937,0
63.4539,2.42651,0,0,1.90757,0.23889,0.36288,3.6288,61.308,0.66528,0,0,1.23362,0.201385,0.366954,0.66528,12.849,1,0.482826,0.36288,0,25.9011,4.15978,21.6213,0.84672,12.849,0.84672,3695.15,0,36.966,0.52215,1.16265,2.25679,8.16558,0.916531,10.1463,0.42336,36.966,0.42336,423.524,0,1.02816,0,0,2.19081,1.16265,1.028160,1,0,32.1346,0,0,0,32.1346,0
63.1781,2.41966,0,0,2.79322,0.286478,0.36288,3.6288,61.308,0.66528,0,0,0.974729,0.218631,0.0908171,0.66528,12.849,1,0.489965,0.36288,0,50.5337,4.44973,45.9569,0.84672,12.849,0.84672,3695.15,0,36.966,0.522319,0.65305,2.25697,15.011,0.984224,16.4145,0.42336,36.966,0.42336,423.524,0,1.02816,0,0,1.68121,0.65305,1.028160,1,0,62.4622,0,0,0,62.4622,0
66.1946,2.21708,0,0,5.90217,0.305689,0.36288,3.6288,61.308,0.621078,0,0,1.24758,0.22553,0.400977,0.66528,12.849,1,0.450904,0.36288,0,99.6621,4.56572,95.0083,0.84672,12.849,0.84672,3695.15,0,36.966,0.374482,1.90974,2.25716,11.8696,1.0113,14.6507,0.42336,36.966,0.42336,423.524,0,1.02816,0,0,2.9379,1.90974,1.028160,1,0,110.06,0,0,0,110.06,0
65.4057,2.2345,0,0,2.08291,0.274443,0.36288,3.6288,61.308,0.621172,0,0,0.896789,0.205825,0.0697912,0.66528,12.849,1,0.433739,0.36288,0,53.0043,3.81874,49.1147,0.84672,12.849,0.84672,3695.15,0,36.966,0.374539,1.43554,2.06351,13.3103,1.06616,15.3686,0.42336,36.966,0.42336,423.524,0,1.02816,0,0,2.4637,1.43554,1.028160,1,0,64.5531,0,0,0,64.5531,0
65.9859,2.23035,0,0,3.44618,0.272721,0.36288,3.6288,61.1143,0.621267,0,0,0.633358,0.205825,0,0.66528,12.849,1,0.438154,0.36288,0,70.7499,3.81874,66.8559,0.84672,12.849,0.84672,3695.15,0,36.966,0.374596,0.957709,2.06367,10.3194,1.06616,11.9,0.42336,36.966,0.42336,423.524,0,1.02816,0,0,1.98587,0.957709,1.028160,1,0,78.7559,0,0,0,78.7559,0
66.2581,2.2338,0,0,3.14289,0.273987,0.36288,3.6288,61.308,0.620622,0,0,3.2576,0.205573,2.23767,0.66528,12.849,1,0.434972,0.36288,0,92.9128,3.81874,89.022,0.84672,12.849,0.84672,3695.15,0,36.966,0.375394,4.42359,2.06384,14.2493,1.06616,19.2951,0.42336,36.966,0.42336,423.524,0,1.02816,0,0,5.45175,4.42359,1.028160,1,0,110.555,0,0,0,110.555,0
66.1451,2.23551,0,0,2.78432,0.298958,0.36288,3.6288,61.308,0.621457,0,0,1.46276,0.203502,0.637802,0.66528,12.849,1,0.433518,0.36288,0,69.0445,4.19495,64.7789,0.84672,12.849,0.84672,3695.15,0,36.966,0.374711,2.09134,2.064,9.22363,1.22431,11.78,0.42336,36.966,0.42336,423.524,0,1.02816,0,0,3.1195,2.09134,1.028160,1,0,77.1967,0,0,0,77.1967,0
66.8317,2.23489,0,0,3.57212,0.287721,0.36288,3.6288,61.308,0.621457,0,0,1.19328,0.188989,0.382833,0.66528,12.849,1,0.434138,0.36288,0,74.0972,3.8491,70.1768,0.84672,12.849,0.84672,3695.15,0,36.966,0.374711,1.371,2.06417,6.30933,1.17171,8.19808,0.42336,36.966,0.42336,423.524,0,1.02816,0,0,2.39916,1.371,1.028160,1,0,78.7577,0,0,0,78.7577,0
72.29,2.31693,0,0,10.3461,0.256536,2.31431,3.6288,61.308,0.656285,0,0,2.59965,0.180427,1.76293,0.66528,12.849,1,0.44545,2.31431,0,129.699,3.21352,128.354,0.84672,12.849,0.84672,3695.15,0,36.966,0.395711,3.40044,2.06417,23.5994,0.974105,27.6942,0.42336,36.966,0.42336,423.524,0,1.02816,0,0,4.4286,3.40044,1.028160,1,0,157.811,0,0,0,157.811,0
72.29,2.3457,0,0,5.10231,0.26762,2.48899,3.6288,61.308,0.656376,0,0,1.24964,0.180427,0.412835,0.66528,12.849,1,0.41693,2.48899,0,102.28,3.21352,101.139,0.84672,12.849,0.84672,3695.15,0,36.966,0.395765,2.34138,2.1248,14.1546,0.974105,17.2509,0.42336,36.966,0.42336,423.524,0,1.02816,0,0,3.36954,2.34138,1.028160,1,0,118.803,0,0,0,118.803,0
72.29,2.34591,0,0,4.13429,0.26762,1.52076,3.6288,61.308,0.656466,0,0,1.09372,0.180427,0.256827,0.66528,12.849,1,0.416968,1.52076,0,83.3751,3.21352,81.2654,0.84672,12.849,0.84672,3695.15,0,36.966,0.39582,1.8723,2.12496,11.1918,0.974105,13.8192,0.42336,36.966,0.42336,423.524,0,1.02816,0,0,2.90046,1.8723,1.028160,1,0,95.3414,0,0,0,95.3414,0
72.29,2.34612,0,0,4.80652,0.34357,2.11682,3.6288,61.308,0.656557,0,0,1.6098,0.182762,0.770478,0.66528,12.849,1,0.417006,2.11682,0,81.4579,3.44838,79.7094,0.84672,12.849,0.84672,3695.15,0,36.966,0.395875,2.8717,2.12512,12.5985,1.03791,16.1615,0.42336,36.966,0.42336,423.524,0,1.02816,0,0,3.89986,2.8717,1.028160,1,0,96.6414,0,0,0,96.6414,0
72.29,2.60024,0,0,5.74496,0.334483,2.81024,3.6288,61.308,0.66528,0,0,1.92927,0.186388,1.0776,0.66528,12.849,1,0.462172,2.81024,0,84.3998,3.49041,83.2575,0.84672,12.849,0.84672,3695.15,0,36.966,0.596391,1.80025,2.12528,13.1349,0.924682,15.5393,0.42336,36.966,0.42336,423.524,0,1.02816,0,0,2.82841,1.80025,1.028160,1,0,99.8744,0,0,0,99.8744,0
72.29,2.60047,0,0,5.53747,0.334483,2.60252,3.6288,61.308,0.66528,0,0,1.75324,0.186388,0.901569,0.66528,12.849,1,0.462214,2.60252,0,108.418,3.49041,107.068,0.84672,12.849,0.84672,3695.15,0,36.966,0.596553,1.86535,2.34302,14.6324,0.924682,17.3195,0.42336,36.966,0.42336,423.524,0,1.02816,0,0,2.89351,1.86535,1.028160,1,0,125.289,0,0,0,125.289,0
72.29,2.6007,0,0,4.59577,0.334483,1.66059,3.6288,61.308,0.66528,0,0,1.34855,0.186388,0.49688,0.66528,12.849,1,0.462255,1.66059,0,67.2494,3.49041,64.9574,0.84672,12.849,0.84672,3695.15,0,36.966,0.596715,0.944438,2.3432,13.2039,0.924682,14.9701,0.42336,36.966,0.42336,423.524,0,1.02816,0,0,1.9726,0.944438,1.028160,1,0,80.4244,0,0,0,80.4244,0
72.29,2.60094,0,0,7.71777,0.324838,4.79199,3.6288,61.308,0.66528,0,0,2.33577,0.19273,1.47776,0.66528,12.849,1,0.462297,4.79199,0,107.099,3.75615,107.672,0.84672,12.849,0.84672,3695.15,0,36.966,0.596877,2.90185,2.34337,16.3413,1.00476,19.9849,0.42336,36.966,0.42336,423.524,0,1.02816,0,0,3.93001,2.90185,1.028160,1,0,129.135,0,0,0,129.135,0
72.29,2.23891,0,0,4.05153,0.307998,1.50462,3.6288,61.308,0.612382,0,0,1.39933,0.219413,0.567531,0.66528,12.849,1,0.397949,1.50462,0,88.7967,4.44213,85.4613,0.84672,12.849,0.84672,3695.15,0,36.966,0.369239,1.39375,2.34355,10.9513,1.13916,13.1802,0.42336,36.966,0.42336,423.524,0,1.02816,0,0,2.42191,1.39375,1.028160,1,0,99.209,0,0,0,99.209,0
72.29,2.23911,0,0,4.17277,0.307591,1.62606,3.6288,61.308,0.612469,0,0,1.57589,0.172394,0.79103,0.66528,12.849,1,0.397985,1.62606,0,91.3749,4.04712,88.5559,0.84672,12.849,0.84672,3695.15,0,36.966,0.369291,1.59615,2.0469,11.9229,0.948545,14.2482,0.42336,36.966,0.42336,423.524,0,1.02816,0,0,2.62431,1.59615,1.028160,1,0,103.595,0,0,0,103.595,0
72.29,2.23931,0,0,3.74312,0.307523,1.19628,3.6288,61.308,0.612555,0,0,1.29992,0.164557,0.52281,0.66528,12.849,1,0.398021,1.19628,0,81.1884,3.98128,78.0053,0.84672,12.849,0.84672,3695.15,0,36.966,0.369344,1.08056,2.04706,10.2133,0.916776,12.0548,0.42336,36.966,0.42336,423.524,0,1.02816,0,0,2.10872,1.08056,1.028160,1,0,90.5829,0,0,0,90.5829,0
72.29,2.23952,0,0,4.16139,0.307523,1.61435,3.6288,61.308,0.612642,0,0,1.31988,0.164557,0.542681,0.66528,12.849,1,0.398057,1.61435,0,91.26,3.98128,88.495,0.84672,12.849,0.84672,3695.15,0,36.966,0.369396,1.0201,2.04721,10.3801,0.916776,12.1612,0.42336,36.966,0.42336,423.524,0,1.02816,0,0,2.04826,1.0201,1.028160,1,0,101.199,0,0,0,101.199,0
72.29,2.23972,0,0,4.95192,0.300387,2.41181,3.6288,61.308,0.612729,0,0,1.1468,0.155663,0.378413,0.66528,12.849,1,0.398094,2.41181,0,107.824,3.80534,106.032,0.84672,12.849,0.84672,3695.15,0,36.966,0.369449,1.00865,2.04736,12.6834,0.878078,14.4919,0.42336,36.966,0.42336,423.524,0,1.02816,0,0,2.03681,1.00865,1.028160,1,0,120.902,0,0,0,120.902,0
72.29,2.33115,0,0,5.62905,0.297532,3.00037,3.6288,61.308,0.655673,0,0,2.48855,0.152105,1.68078,0.66528,12.849,1,0.414344,3.00037,0,120.207,3.73496,119.058,0.84672,12.849,0.84672,3695.15,0,36.966,0.395342,2.74871,2.04751,17.6412,0.862598,21.1794,0.42336,36.966,0.42336,423.524,0,1.02816,0,0,3.77687,2.74871,1.028160,1,0,141.918,0,0,0,141.918,0
72.29,2.33136,0,0,4.69011,0.297532,2.06122,3.6288,61.308,0.655763,0,0,2.51104,0.152105,1.70318,0.66528,12.849,1,0.414382,2.06122,0,147.955,3.73496,145.867,0.84672,12.849,0.84672,3695.15,0,36.966,0.395396,3.45968,2.12088,19.5543,0.862598,23.8769,0.42336,36.966,0.42336,423.524,0,1.02816,0,0,4.48784,3.45968,1.028160,1,0,171.447,0,0,0,171.447,0
72.29,2.33157,0,0,3.34914,0.288859,0.72871,3.6288,61.308,0.655854,0,0,1.6709,0.128404,0.88664,0.66528,12.849,1,0.414419,0.72871,0,119.01,3.08745,116.237,0.84672,12.849,0.84672,3695.15,0,36.966,0.395451,2.24642,2.12103,12.8993,0.772017,16.0993,0.42336,36.966,0.42336,423.524,0,1.02816,0,0,3.27458,2.24642,1.028160,1,0,133.223,0,0,0,133.223,0
72.29,2.33178,0,0,3.53648,0.243226,0.961473,3.6288,61.308,0.655944,0,0,1.51224,0.160631,0.695666,0.66528,12.849,1,0.414457,0.961473,0,105.228,3.36367,102.412,0.84672,12.849,0.84672,3695.15,0,36.966,0.395505,2.14279,2.12119,13.3481,0.902469,16.3141,0.42336,36.966,0.42336,423.524,0,1.02816,0,0,3.17095,2.14279,1.028160,1,0,119.421,0,0,0,119.421,0
72.29,2.29631,0,0,3.42334,0.240467,0.88656,3.6288,61.308,0.639384,0,0,1.32508,0.199687,0.486011,0.66528,12.849,1,0.408152,0.88656,0,76.356,4.28852,72.5459,0.84672,12.849,0.84672,3695.15,0,36.966,0.38552,1.90328,2.12135,9.93056,1.0711,12.4986,0.42336,36.966,0.42336,423.524,0,1.02816,0,0,2.93144,1.90328,1.028160,1,0,85.5305,0,0,0,85.5305,0
72.29,2.29652,0,0,2.92181,0.240467,0.384825,3.6288,61.308,0.639473,0,0,1.2518,0.199687,0.412637,0.66528,12.849,1,0.408189,0.384825,0,66.9583,4.28852,62.6464,0.84672,12.849,0.84672,3695.15,0,36.966,0.385574,1.59525,2.09301,8.44664,1.0711,10.6782,0.42336,36.966,0.42336,423.524,0,1.02816,0,0,2.62341,1.59525,1.028160,1,0,73.7373,0,0,0,73.7373,0
71.9892,2.29673,0,0,2.5993,0.240467,0.36288,3.6288,61.308,0.639562,0,0,1.12009,0.199687,0.28084,0.66528,12.849,1,0.408227,0.36288,0,57.4136,4.28852,53.0797,0.84672,12.849,0.84672,3695.15,0,36.966,0.385628,1.26709,2.09317,7.22218,1.0711,9.12571,0.42336,36.966,0.42336,423.524,0,1.02816,0,0,2.29525,1.26709,1.028160,1,0,62.4863,0,0,0,62.4863,0
71.487,2.29549,0,0,2.38309,0.226985,0.36288,3.6288,61.308,0.639651,0,0,1.01345,0.182621,0.191183,0.66528,12.849,1,0.409711,0.36288,0,52.6774,3.93464,48.6959,0.84672,12.849,0.84672,3695.15,0,36.966,0.385681,1.1006,2.09333,6.74922,0.981348,8.57612,0.42336,36.966,0.42336,423.524,0,1.02816,0,0,2.12876,1.1006,1.028160,1,0,57.4632,0,0,0,57.4632,0
70.9071,2.4142,0,0,2.35968,0.162423,0.36288,3.6288,61.2307,0.66528,0,0,0.819737,0.231802,0,0.66528,12.849,1,0.433927,0.36288,0,51.0634,4.99716,45.9951,0.84672,12.849,0.84672,3695.15,0,36.966,0.454877,0.785955,2.09348,6.67872,1.22421,7.87908,0.42336,36.966,0.42336,423.524,0,1.02816,0,0,1.81411,0.785955,1.028160,1,0,53.8742,0,0,0,53.8742,0
70.2372,2.41142,0,0,2.26609,0.161704,0.36288,3.6288,61.1448,0.66528,0,0,0.811132,0.231688,0,0.66528,12.849,1,0.43697,0.36288,0,47.3955,4.99716,42.3242,0.84672,12.849,0.84672,3695.15,0,36.966,0.455027,0.792348,2.19353,6.40924,1.22421,7.71588,0.42336,36.966,0.42336,423.524,0,1.02816,0,0,1.82051,0.792348,1.028160,1,0,50.0401,0,0,0,50.0401,0
69.4511,2.40811,0,0,2.1506,0.165714,0.36288,3.6288,61.0476,0.66528,0,0,0.798301,0.230247,0,0.66528,12.849,1,0.440533,0.36288,0,45.4009,4.91254,40.4107,0.84672,12.849,0.84672,3695.15,0,36.966,0.455178,0.940965,2.19369,5.99954,1.22747,7.45155,0.42336,36.966,0.42336,423.524,0,1.02816,0,0,1.96913,0.940965,1.028160,1,0,47.8622,0,0,0,47.8622,0
68.4977,2.40412,0,0,1.99629,0.182707,0.36288,3.6288,60.9232,0.66528,0,0,0.767292,0.226362,0,0.66528,12.849,1,0.444781,0.36288,0,42.023,4.43691,37.5042,0.84672,12.849,0.84672,3695.15,0,36.966,0.455328,0.875137,2.19386,5.58061,1.25658,6.9377,0.42336,36.966,0.42336,423.524,0,1.02816,0,0,1.9033,0.875137,1.028160,1,0,44.4419,0,0,0,44.4419,0
67.5786,2.39912,0,0,1.9625,0.119609,0.36288,3.6288,60.6317,0.66528,0,0,0.632763,0.25905,0,0.66528,12.849,1,0.450035,0.36288,0,33.4723,4.90352,28.4816,0.84672,12.849,0.84672,3695.15,0,36.966,0.455479,0.54959,2.19402,4.1724,1.27712,5.18342,0.42336,36.966,0.42336,423.524,0,1.02816,0,0,1.57775,0.54959,1.028160,1,0,33.6651,0,0,0,33.6651,0
66.5961,2.37048,0,0,1.87083,0.119939,0.36288,3.6288,60.25,0.666369,0,0,0.546425,0.261775,0,0.66528,12.849,1,0.450709,0.36288,0,31.0365,5.01323,25.9355,0.84672,12.849,0.84672,3695.15,0,36.966,0.507689,0.30119,2.19419,3.85851,1.26249,4.58371,0.42336,36.966,0.42336,423.524,0,1.02707,0,0,1.32826,0.30119,1.028160,1,0,30.5192,0,0,0,30.5192,0
65.453,2.36512,0,0,1.70388,0.119012,0.36288,3.6288,59.8616,0.66528,0,0,0.538111,0.26114,0,0.66528,12.849,1,0.456324,0.36288,0,30.3148,5.01323,25.2082,0.84672,12.849,0.84672,3695.15,0,36.966,0.507844,0.320293,2.22928,3.72192,1.26249,4.50117,0.42336,36.966,0.42336,423.524,0,1.02816,0,0,1.34845,0.320293,1.028160,1,0,29.7093,0,0,0,29.7093,0
64.1491,2.35867,0,0,1.53563,0.117933,0.36288,3.6288,59.3243,0.777963,0,0,0.501104,0.260495,0,0.66528,12.849,1,0.463028,0.36288,0,28.0973,5.01323,22.9839,0.84672,12.849,0.84672,3695.15,0,36.966,0.507999,0.261274,2.22945,3.54373,1.26249,4.26397,0.42336,36.966,0.42336,423.524,0,0.915477,0,0,1.17675,0.261274,1.028160,1,0,27.2479,0,0,0,27.2479,0
62.8099,2.35104,0,0,1.47032,0.0955983,0.36288,3.6288,58.7062,0.795035,0,0,0.481824,0.304876,0,0.66528,12.849,1,0.470911,0.36288,0,25.814,5.69248,20.0135,0.84672,12.849,0.84672,3695.15,0,36.966,0.508154,0.261274,2.22962,3.22375,1.47529,3.7312,0.42336,36.966,0.42336,423.524,0,0.898405,0,0,1.15968,0.261274,1.028160,1,0,23.7447,0,0,0,23.7447,0
61.4337,2.40346,0,0,1.47882,0.0887622,0.36288,3.6288,58.1449,0.74863,0,0,0.490402,0.303125,0,0.66528,12.849,1,0.491674,0.36288,0,23.507,5.90856,17.4697,0.84672,12.849,0.84672,3695.15,0,36.966,0.55472,0.261274,2.22979,2.79735,1.46629,3.26739,0.42336,36.966,0.42336,423.524,0,0.94481,0,0,1.20608,0.261274,1.028160,1,0,20.7371,0,0,0,20.7371,0
59.9413,2.39456,0,0,1.35282,0.0877635,0.36288,3.6288,57.5324,0.771301,0,0,0.46092,0.302031,0,0.66528,12.849,1,0.500828,0.36288,0,22.102,5.90856,16.0555,0.84672,12.849,0.84672,3695.15,0,36.966,0.554879,0.261274,2.27948,2.84731,1.46629,3.36689,0.42336,36.966,0.42336,423.524,0,0.922139,0,0,1.18341,0.261274,1.028160,1,0,19.4224,0,0,0,19.4224,0
58.3321,2.38451,0,0,1.2249,0.0866423,0.36288,3.6288,56.8139,0.858056,0,0,0.440385,0.300838,0,0.66528,12.849,1,0.511143,0.36288,0,20.8158,5.90856,14.759,0.84672,12.849,0.84672,3695.15,0,36.966,0.555038,0.227405,2.27965,2.64738,1.46629,3.1331,0.42336,36.966,0.42336,423.524,0,0.835384,0,0,1.06279,0.227405,1.028160,1,0,17.8921,0,0,0,17.8921,0
56.5951,2.37317,0,0,1.07121,0.0721929,0.36288,3.6288,56.0777,0.866459,0,0,0.437262,0.306988,0,0.66528,12.849,1,0.522745,0.36288,0,19.8211,6.13288,13.5284,0.84672,12.849,0.84672,3695.15,0,36.966,0.563762,0.227405,2.27982,2.67571,1.51111,3.10806,0.42336,36.966,0.42336,423.524,0,0.818415,0,0,1.04582,0.227405,1.028160,1,0,16.6364,0,0,0,16.6364,0
54.5387,2.5344,0,0,0.924039,0.0831218,0.36288,3.6288,54.982,1.11617,0,0,0.319724,0.299311,0,0.66528,12.849,1,0.575394,0.36288,0,13.9458,6.13262,7.60069,0.84672,12.849,0.84672,3695.15,0,36.966,0.735769,0.227405,2.27999,2.4844,1.52624,2.72978,0.42336,36.966,0.42336,423.524,0,0.564434,0,0,0.791839,0.227405,1.028160,1,0,10.3305,0,0,0,10.3305,0
52.6139,2.51706,0,0,1.03232,0.0772489,0.36288,3.6288,54.0461,0.997099,0,0,0.362275,0.301073,0,0.66528,12.849,1,0.593005,0.36288,0,15.751,6.23679,9.28406,0.84672,12.849,0.84672,3695.15,0,36.966,0.723104,0.227405,2.44966,2.52588,1.5709,2.90895,0.42336,36.966,0.42336,423.524,0,0.696341,0,0,0.923746,0.227405,1.028160,1,0,12.193,0,0,0,12.193,0
50.4939,2.49985,0,0,0.818528,0.0757486,0.36288,3.6288,52.8743,1.14454,0,0,0.271917,0.299217,0,0.66528,12.849,1,0.610496,0.36288,0,17.2952,6.23679,10.8108,0.84672,12.849,0.84672,3695.15,0,36.966,0.782831,0.204422,2.44985,2.02809,1.5709,2.32864,0.42336,36.966,0.42336,423.524,0,0.489349,0,0,0.693771,0.204422,1.028160,1,0,13.1394,0,0,0,13.1394,0
48.5722,2.47964,0,0,0.994879,0.0740961,0.36288,3.6288,52.2673,0.747614,0,0,0.437169,0.296519,0,0.66528,12.849,1,0.630985,0.36288,0,15.0762,6.23679,8.5713,0.84672,12.849,0.84672,3695.15,0,36.966,0.723449,0.204422,2.45003,2.92223,1.5709,3.28234,0.42336,36.966,0.42336,423.524,0,0.945826,0,0,1.15025,0.204422,1.028160,1,0,11.8536,0,0,0,11.8536,0
46.6482,2.46012,0,0,1.00236,0.103318,0.36288,3.6288,51.5589,0.818182,0,0,0.384377,0.274633,0,0.66528,12.849,1,0.650785,0.36288,0,22.6971,5.56467,16.8445,0.84672,12.849,0.84672,3695.15,0,36.966,0.723621,0.204422,2.45022,3.30091,1.45557,3.77636,0.42336,36.966,0.42336,423.524,0,0.875258,0,0,1.07968,0.204422,1.028160,1,0,20.6209,0,0,0,20.6209,0
45.1153,2.35763,0,0,1.31131,0.123726,0.36288,3.6288,51.1258,0.66528,0,0,0.490087,0.25782,0,0.66528,12.849,1,0.649397,0.36288,0,25.9762,5.06058,20.6291,0.84672,12.849,0.84672,3695.15,0,36.966,0.62204,0.278191,2.4504,3.77126,1.36908,4.50873,0.42336,36.966,0.42336,423.524,0,1.02816,0,0,1.30635,0.278191,1.028160,1,0,25.1378,0,0,0,25.1378,0
43.3803,2.34067,0,0,1.09016,0.121625,0.36288,3.6288,50.8959,0.66528,0,0,0.692208,0.256917,0,0.66528,12.849,1,0.666631,0.36288,0,23.9954,5.06058,18.6311,0.84672,12.849,0.84672,3695.15,0,36.966,0.622204,1.27421,2.35246,4.27595,1.36908,5.91134,0.42336,36.966,0.42336,423.524,0,1.02816,0,0,2.30237,1.27421,1.028160,1,0,24.5424,0,0,0,24.5424,0
41.5023,2.32031,0,0,0.924402,0.119248,0.36288,3.6288,50.3221,0.693092,0,0,0.375805,0.256437,0,0.66528,12.849,1,0.687262,0.36288,0,23.9618,5.06058,18.5769,0.84672,12.849,0.84672,3695.15,0,36.966,0.622368,0.216518,2.35263,3.16272,1.36908,3.74042,0.42336,36.966,0.42336,423.524,0,1.00035,0,0,1.21687,0.216518,1.028160,1,0,22.3173,0,0,0,22.3173,0
39.9096,2.29677,0,0,1.19731,0.130285,0.36288,3.6288,49.9141,0.66528,0,0,0.497984,0.240746,0,0.66528,12.849,1,0.711074,0.36288,0,25.5862,4.68466,20.5533,0.84672,12.849,0.84672,3695.15,0,36.966,0.622532,0.517458,2.35281,3.75303,1.25086,4.74991,0.42336,36.966,0.42336,423.524,0,1.02816,0,0,1.54562,0.517458,1.028160,1,0,25.3032,0,0,0,25.3032,0
39.5126,2.21082,0,0,2.29628,0.119575,0.36288,3.6288,49.8418,0.66528,0,0,0.847524,0.254501,0,0.66528,12.849,1,0.711777,0.36288,0,68.8798,4.04334,64.4876,0.84672,12.849,0.84672,3695.15,0,36.966,0.530045,1.49707,2.35299,5.23712,1.02672,7.53042,0.42336,36.966,0.42336,423.524,0,1.02816,0,0,2.52523,1.49707,1.028160,1,0,72.018,0,0,0,72.018,0
38.9864,2.20562,0,0,2.23339,0.191188,0.36288,3.6288,49.5399,0.66528,0,0,0.637265,0.273913,0,0.66528,12.849,1,0.717238,0.36288,0,40.5001,5.00787,35.1379,0.84672,12.849,0.84672,3695.15,0,36.966,0.530201,0.227526,2.26556,3.92473,1.21198,4.67563,0.42336,36.966,0.42336,423.524,0,1.02816,0,0,1.25569,0.227526,1.028160,1,0,39.8135,0,0,0,39.8135,0
38.6683,2.19853,0,0,2.43337,0.190031,0.36288,3.6288,49.1494,0.66528,0,0,0.548055,0.273234,0,0.66528,12.849,1,0.724585,0.36288,0,17.2746,5.00787,11.9051,0.84672,12.849,0.84672,3695.15,0,36.966,0.530358,0.394546,2.26573,3.18711,1.21198,4.10504,0.42336,36.966,0.42336,423.524,0,1.02816,0,0,1.42271,0.394546,1.028160,1,0,16.0101,0,0,0,16.0101,0
38.1936,2.19426,0,0,2.27176,0.189331,0.36288,3.6288,48.9385,0.66528,0,0,0.726693,0.272356,0,0.66528,12.849,1,0.729125,0.36288,0,20.0121,5.00787,14.638,0.84672,12.849,0.84672,3695.15,0,36.966,0.530515,0.877936,2.2659,3.7688,1.21198,5.17014,0.42336,36.966,0.42336,423.524,0,1.02816,0,0,1.9061,0.877936,1.028160,1,0,19.8082,0,0,0,19.8082,0
41.0013,2.00587,0,0,5.3797,0.203258,0.36288,3.6288,49.2616,0.57135,0,0,1.12304,0.228549,0,0.66528,12.849,1,0.674812,0.36288,0,59.1033,4.75983,54.0315,0.84672,12.849,0.84672,3695.15,0,36.966,0.431572,2.31354,2.26607,6.84707,1.16929,9.82582,0.42336,36.966,0.42336,423.524,0,1.02816,0,0,3.3417,2.31354,1.028160,1,0,63.8574,0,0,0,63.8574,0
42.4673,2.04124,0,0,4.08281,0.21263,0.36288,3.6288,49.1115,0.573047,0,0,0.644776,0.221919,0,0.66528,12.849,1,0.639686,0.36288,0,58.449,4.71849,53.4537,0.84672,12.849,0.84672,3695.15,0,36.966,0.430016,1.27598,2.07157,5.05323,1.16218,6.8086,0.42336,36.966,0.42336,423.524,0,1.02816,0,0,2.30414,1.27598,1.028160,1,0,60.2623,0,0,0,60.2623,0
45.1302,2.05838,0,0,5.29942,0.215255,0.36288,3.6288,49.2814,0.572378,0,0,0.961143,0.218813,0,0.66528,12.849,1,0.622789,0.36288,0,62.4623,4.6098,57.5926,0.84672,12.849,0.84672,3695.15,0,36.966,0.430826,1.89037,2.07173,6.89291,1.13772,9.28647,0.42336,36.966,0.42336,423.524,0,1.02816,0,0,2.91853,1.89037,1.028160,1,0,66.879,0,0,0,66.879,0
46.9767,2.08718,0,0,4.51059,0.214045,0.36288,3.6288,49.6971,0.573307,0,0,1.19556,0.206543,0,0.66528,12.849,1,0.594239,0.36288,0,119.212,4.12332,114.857,0.84672,12.849,0.84672,3695.15,0,36.966,0.430038,0.955221,2.07188,7.12854,1.02933,8.69628,0.42336,36.966,0.42336,423.524,0,1.02816,0,0,1.98338,0.955221,1.028160,1,0,123.554,0,0,0,123.554,0
49.924,2.10571,0,0,5.6268,0.210872,0.36288,3.6288,50.1469,0.575451,0,0,1.22776,0.202475,0,0.66528,12.849,1,0.575951,0.36288,0,77.0509,4.51734,72.3205,0.84672,12.849,0.84672,3695.15,0,36.966,0.428035,1.38313,2.07204,7.76532,1.08513,9.70732,0.42336,36.966,0.42336,423.524,0,1.02816,0,0,2.41129,1.38313,1.028160,1,0,82.0278,0,0,0,82.0278,0
48.2768,2.20729,0,0,1.14127,0.218379,0.36288,3.6288,50.244,0.609929,0,0,0.868109,0.161111,0,0.66528,12.849,1,0.568093,0.36288,0,27.4937,3.71742,23.5711,0.84672,12.849,0.84672,3695.15,0,36.966,0.449611,0.665418,2.07219,3.9546,0.852708,5.38989,0.42336,36.966,0.42336,423.524,0,1.02816,0,0,1.69358,0.665418,1.028160,1,0,28.9609,0,0,0,28.9609,0
46.5516,2.19217,0,0,1.04447,0.214544,0.36288,3.6288,50.3706,0.610507,0,0,0.898296,0.161239,0,0.66528,12.849,1,0.583451,0.36288,0,25.2952,3.71742,21.3573,0.84672,12.849,0.84672,3695.15,0,36.966,0.449168,0.626486,2.13306,3.19283,0.852708,4.65051,0.42336,36.966,0.42336,423.524,0,1.02816,0,0,1.65465,0.626486,1.028160,1,0,26.0078,0,0,0,26.0078,0
46.1476,2.1754,0,0,2.34478,0.210518,0.36288,3.6288,50.7358,0.611235,0,0,1.13784,0.161406,0,0.66528,12.849,1,0.600446,0.36288,0,34.1889,3.71742,30.2339,0.84672,12.849,0.84672,3695.15,0,36.966,0.448574,1.07523,2.13321,5.83963,0.852708,7.74679,0.42336,36.966,0.42336,423.524,0,1.02816,0,0,2.10339,1.07523,1.028160,1,0,37.9807,0,0,0,37.9807,0
46.5974,2.17147,0,0,3.23085,0.2467,0.36288,3.6288,51.0164,0.61318,0,0,1.06006,0.166253,0,0.66528,12.849,1,0.604608,0.36288,0,54.3779,3.98694,50.1492,0.84672,12.849,0.84672,3695.15,0,36.966,0.446762,0.902085,2.13336,5.64999,1.00351,7.23516,0.42336,36.966,0.42336,423.524,0,1.02816,0,0,1.93025,0.902085,1.028160,1,0,57.3844,0,0,0,57.3844,0
45.0683,2.41161,0,0,1.50874,0.26339,0.36288,3.6288,51.4133,0.66528,0,0,1.21214,0.149975,0,0.66528,12.849,1,0.664989,0.36288,0,39.0304,3.81853,34.9098,0.84672,12.849,0.84672,3695.15,0,36.966,0.604773,1.2236,2.13351,5.42105,0.99451,7.17887,0.42336,36.966,0.42336,423.524,0,1.02816,0,0,2.25176,1.2236,1.028160,1,0,42.0886,0,0,0,42.0886,0
46.9598,2.39425,0,0,4.90762,0.258927,0.36288,3.6288,51.7119,0.66528,0,0,1.11432,0.150459,0,0.66528,12.849,1,0.682602,0.36288,0,83.5047,3.81853,79.3665,0.84672,12.849,0.84672,3695.15,0,36.966,0.604923,1.64318,2.35215,7.41811,0.99451,9.81402,0.42336,36.966,0.42336,423.524,0,1.02816,0,0,2.67134,1.64318,1.028160,1,0,89.1805,0,0,0,89.1805,0
46.139,2.41604,0,0,2.22254,0.264448,0.36288,3.6288,51.6157,0.66528,0,0,0.719937,0.150823,0,0.66528,12.849,1,0.661068,0.36288,0,43.6171,3.81853,39.5003,0.84672,12.849,0.84672,3695.15,0,36.966,0.605072,0.686785,2.35232,4.55025,0.99451,5.98977,0.42336,36.966,0.42336,423.524,0,1.02816,0,0,1.71494,0.686785,1.028160,1,0,45.4901,0,0,0,45.4901,0
45.388,2.40704,0,0,2.24781,0.228879,0.36288,3.6288,51.3993,0.697559,0,0,0.645386,0.164201,0,0.66528,12.849,1,0.670323,0.36288,0,39.3987,3.73107,35.3601,0.84672,12.849,0.84672,3695.15,0,36.966,0.605222,0.608429,2.35248,4.67604,0.935931,6.09579,0.42336,36.966,0.42336,423.524,0,0.995881,0,0,1.60431,0.608429,1.028160,1,0,41.4559,0,0,0,41.4559,0
46.2573,2.01419,0,0,3.50143,0.25504,0.36288,3.6288,51.8674,0.553249,0,0,1.1794,0.158033,0,0.66528,12.849,1,0.5702,0.36288,0,50.9928,3.39054,47.3949,0.84672,12.849,0.84672,3695.15,0,36.966,0.397892,1.0312,2.35264,5.45416,0.982225,7.45789,0.42336,36.966,0.42336,423.524,0,1.02816,0,0,2.05936,1.0312,1.028160,1,0,54.8528,0,0,0,54.8528,0
47.5017,2.02274,0,0,3.87397,0.244043,0.36288,3.6288,52.2839,0.555419,0,0,1.13416,0.16227,0,0.66528,12.849,1,0.561861,0.36288,0,68.48,3.91566,64.3654,0.84672,12.849,0.84672,3695.15,0,36.966,0.395848,0.958332,2.01352,5.28682,1.0257,6.83713,0.42336,36.966,0.42336,423.524,0,1.02816,0,0,1.98649,0.958332,1.028160,1,0,71.2025,0,0,0,71.2025,0
48.9217,2.0345,0,0,4.06489,0.247421,0.36288,3.6288,52.7268,0.55734,0,0,1.163,0.162815,0,0.66528,12.849,1,0.550323,0.36288,0,63.7528,3.91566,59.6497,0.84672,12.849,0.84672,3695.15,0,36.966,0.394053,0.993548,2.01366,4.86025,1.0257,6.4477,0.42336,36.966,0.42336,423.524,0,1.02816,0,0,2.02171,0.993548,1.028160,1,0,66.0974,0,0,0,66.0974,0
50.0944,2.04732,0,0,3.83412,0.251276,0.36288,3.6288,53.1482,0.559359,0,0,1.14417,0.163395,0,0.66528,12.849,1,0.537716,0.36288,0,61.972,3.91566,57.8815,0.84672,12.849,0.84672,3695.15,0,36.966,0.392159,1.0599,2.0138,4.11212,1.0257,5.76796,0.42336,36.966,0.42336,423.524,0,1.02816,0,0,2.08806,1.0599,1.028160,1,0,63.6494,0,0,0,63.6494,0
52.7714,2.05751,0,0,5.34424,0.246817,0.36288,3.6288,53.8631,0.561267,0,0,1.43935,0.163128,0,0.66528,12.849,1,0.527742,0.36288,0,80.9614,3.44604,77.3505,0.84672,12.849,0.84672,3695.15,0,36.966,0.390377,1.62586,2.01394,6.09575,0.972843,8.37233,0.42336,36.966,0.42336,423.524,0,1.02816,0,0,2.65402,1.62586,1.028160,1,0,85.7228,0,0,0,85.7228,0
55.0225,2.16407,0,0,5.03468,0.256656,0.36288,3.6288,54.7248,0.604425,0,0,1.6317,0.165653,0,0.66528,12.849,1,0.526916,0.36288,0,107.44,2.98967,104.286,0.84672,12.849,0.84672,3695.15,0,36.966,0.414814,2.27229,2.01407,6.64909,0.912972,9.60767,0.42336,36.966,0.42336,423.524,0,1.02816,0,0,3.30045,2.27229,1.028160,1,0,113.894,0,0,0,113.894,0
56.6147,2.18173,0,0,4.39938,0.262592,0.36288,3.6288,56.0232,0.608401,0,0,2.0734,0.166599,0,0.66528,12.849,1,0.509483,0.36288,0,68.8789,2.98967,65.7427,0.84672,12.849,0.84672,3695.15,0,36.966,0.410969,2.09285,2.08611,6.45165,0.912972,9.30667,0.42336,36.966,0.42336,423.524,0,1.02816,0,0,3.12101,2.09285,1.028160,1,0,75.0493,0,0,0,75.0493,0
57.6567,2.19359,0,0,3.86528,0.26679,0.36288,3.6288,56.6948,0.614218,0,0,1.4539,0.168026,0,0.66528,12.849,1,0.497846,0.36288,0,76.7975,2.98967,73.6729,0.84672,12.849,0.84672,3695.15,0,36.966,0.405282,1.51927,2.08625,5.7061,0.912972,7.99337,0.42336,36.966,0.42336,423.524,0,1.02816,0,0,2.54743,1.51927,1.028160,1,0,81.6662,0,0,0,81.6662,0
57.9242,2.20113,0,0,3.09362,0.26208,0.36288,3.6288,56.9054,0.617204,0,0,1.00196,0.174221,0,0.66528,12.849,1,0.490529,0.36288,0,65.2593,3.092,62.0397,0.84672,12.849,0.84672,3695.15,0,36.966,0.402428,0.979335,2.0864,4.84313,0.974221,6.53221,0.42336,36.966,0.42336,423.524,0,1.02816,0,0,2.0075,0.979335,1.028160,1,0,68.5719,0,0,0,68.5719,0
57.7085,2.16939,0,0,2.52878,0.212253,0.36288,3.6288,56.8057,0.611493,0,0,0.712048,0.200248,0,0.66528,12.849,1,0.481224,0.36288,0,43.7579,3.34425,40.2953,0.84672,12.849,0.84672,3695.15,0,36.966,0.397229,0.528595,2.08654,2.88694,1.07129,4.03356,0.42336,36.966,0.42336,423.524,0,1.01299,0,0,1.54158,0.528595,1.028160,1,0,44.3288,0,0,0,44.3288,0
57.4257,2.1681,0,0,2.46005,0.211807,0.36288,3.6288,56.789,0.601958,0,0,0.785411,0.200118,0,0.66528,12.849,1,0.482735,0.36288,0,42.2903,3.34425,38.8262,0.84672,12.849,0.84672,3695.15,0,36.966,0.391721,0.682646,2.0587,3.34727,1.07129,4.62561,0.42336,36.966,0.42336,423.524,0,1.02816,0,0,1.71081,0.682646,1.028160,1,0,43.4518,0,0,0,43.4518,0
57.0655,2.16634,0,0,2.38016,0.211221,0.36288,3.6288,56.7755,0.601967,0,0,0.788521,0.200096,0,0.66528,12.849,1,0.484718,0.36288,0,40.0941,3.34425,36.628,0.84672,12.849,0.84672,3695.15,0,36.966,0.391842,0.475433,2.05884,2.93721,1.07129,4.00835,0.42336,36.966,0.42336,423.524,0,1.02816,0,0,1.50359,0.475433,1.028160,1,0,40.6364,0,0,0,40.6364,0
56.6114,2.16402,0,0,2.26891,0.196036,0.36288,3.6288,56.6297,0.601988,0,0,0.642792,0.18659,0,0.66528,12.849,1,0.487257,0.36288,0,38.4172,2.93751,35.3554,0.84672,12.849,0.84672,3695.15,0,36.966,0.391949,0.421425,2.05898,2.75983,1.07419,3.7741,0.42336,36.966,0.42336,423.524,0,1.02816,0,0,1.44958,0.421425,1.028160,1,0,39.1294,0,0,0,39.1294,0
55.7666,2.33182,0,0,2.0252,0.175372,0.36288,3.6288,56.3997,0.752956,0,0,0.740681,0.217737,0,0.66528,12.849,1,0.529248,0.36288,0,34.8983,4.32789,30.4041,0.84672,12.849,0.84672,3695.15,0,36.966,0.491505,0.402797,2.05912,2.80521,1.05167,3.72395,0.42336,36.966,0.42336,423.524,0,0.911434,0,0,1.31423,0.402797,1.028160,1,0,34.128,0,0,0,34.128,0
54.7452,2.32549,0,0,1.81532,0.148322,0.36288,3.6288,56.0163,0.768713,0,0,0.590938,0.205548,0,0.66528,12.849,1,0.535809,0.36288,0,31.3129,4.04439,27.0956,0.84672,12.849,0.84672,3695.15,0,36.966,0.503837,0.402797,2.20181,2.64076,1.04677,3.69476,0.42336,36.966,0.42336,423.524,0,0.883483,0,0,1.28628,0.402797,1.028160,1,0,30.7904,0,0,0,30.7904,0
53.6733,2.26134,0,0,1.67947,0.127156,0.36288,3.6288,55.7274,0.679495,0,0,0.60075,0.21021,0,0.66528,12.849,1,0.530749,0.36288,0,28.3675,4.20693,23.9927,0.84672,12.849,0.84672,3695.15,0,36.966,0.448408,0.30119,2.20196,2.60567,1.01668,3.64373,0.42336,36.966,0.42336,423.524,0,0.987578,0,0,1.28877,0.30119,1.028160,1,0,27.6364,0,0,0,27.6364,0
52.5588,2.25297,0,0,1.62715,0.125783,0.36288,3.6288,55.4407,0.706363,0,0,0.629496,0.209813,0,0.66528,12.849,1,0.539346,0.36288,0,26.9167,4.20693,22.5333,0.84672,12.849,0.84672,3695.15,0,36.966,0.468556,0.30119,2.15766,2.70482,1.01668,3.67843,0.42336,36.966,0.42336,423.524,0,0.940697,0,0,1.24189,0.30119,1.028160,1,0,26.2117,0,0,0,26.2117,0
51.4276,2.29979,0,0,1.64436,0.112874,0.36288,3.6288,55.2647,0.677367,0,0,0.706747,0.20539,0,0.66528,12.849,1,0.562227,0.36288,0,29.0564,4.27197,24.5851,0.84672,12.849,0.84672,3695.15,0,36.966,0.463011,0.30119,2.15781,2.985,0.992755,3.98823,0.42336,36.966,0.42336,423.524,0,1.01607,0,0,1.31726,0.30119,1.028160,1,0,28.5733,0,0,0,28.5733,0
50.3064,2.26741,0,0,1.61207,0.103048,0.36288,3.6288,55.0972,0.718295,0,0,0.752898,0.202134,0,0.66528,12.849,1,0.566503,0.36288,0,30.8161,4.32075,26.2917,0.84672,12.849,0.84672,3695.15,0,36.966,0.515421,0.30119,2.20242,3.21751,0.974811,4.23088,0.42336,36.966,0.42336,423.524,0,0.975145,0,0,1.27634,0.30119,1.028160,1,0,30.5226,0,0,0,30.5226,0
49.068,2.25753,0,0,1.4761,0.0940151,0.36288,3.6288,54.86,0.730745,0,0,0.716567,0.222989,0,0.66528,12.849,1,0.576608,0.36288,0,27.176,4.60305,22.3592,0.84672,12.849,0.84672,3695.15,0,36.966,0.515564,0.261274,2.23764,3.12467,1.07786,4.03017,0.42336,36.966,0.42336,423.524,0,0.962695,0,0,1.22397,0.261274,1.028160,1,0,26.3894,0,0,0,26.3894,0
47.7791,2.24619,0,0,1.39356,0.0734664,0.36288,3.6288,54.5013,0.752147,0,0,0.668719,0.27525,0,0.66528,12.849,1,0.588189,0.36288,0,24.1708,5.3088,18.6367,0.84672,12.849,0.84672,3695.15,0,36.966,0.515707,0.261274,2.2378,2.98055,1.33547,3.62844,0.42336,36.966,0.42336,423.524,0,0.941293,0,0,1.20257,0.261274,1.028160,1,0,22.2652,0,0,0,22.2652,0
46.358,2.23387,0,0,1.247,0.0713511,0.36288,3.6288,54.0298,0.805532,0,0,0.612727,0.278679,0,0.66528,12.849,1,0.600744,0.36288,0,23.197,5.41209,17.5471,0.84672,12.849,0.84672,3695.15,0,36.966,0.546359,0.261274,2.23795,2.7925,1.35399,3.39137,0.42336,36.966,0.42336,423.524,0,0.857399,0,0,1.11867,0.261274,1.028160,1,0,20.9384,0,0,0,20.9384,0
44.8706,2.27696,0,0,1.21625,0.0637806,0.36288,3.6288,53.1771,1.05765,0,0,0.507107,0.30221,0,0.66528,12.849,1,0.631104,0.36288,0,20.9384,6.03183,14.6384,0.84672,12.849,0.84672,3695.15,0,36.966,0.723622,0.261274,2.2381,2.35366,1.46515,2.66426,0.42336,36.966,0.42336,423.524,0,0.474759,0,0,0.736033,0.261274,1.028160,1,0,17.3026,0,0,0,17.3026,0
43.2781,2.26089,0,0,1.09399,0.0627265,0.36288,3.6288,52.2877,1.06477,0,0,0.475661,0.300244,0,0.66528,12.849,1,0.64742,0.36288,0,19.7333,6.03183,13.417,0.84672,12.849,0.84672,3695.15,0,36.966,0.740175,0.261274,2.28798,2.40278,1.46515,2.74671,0.42336,36.966,0.42336,423.524,0,0.451233,0,0,0.712506,0.261274,1.028160,1,0,16.1637,0,0,0,16.1637,0
41.6065,2.2427,0,0,0.995579,0.0615979,0.36288,3.6288,51.3689,1.07707,0,0,0.456322,0.298111,0,0.66528,12.849,1,0.665845,0.36288,0,18.5348,6.03183,12.2,0.84672,12.849,0.84672,3695.15,0,36.966,0.761456,0.227405,2.28814,2.23379,1.46515,2.52272,0.42336,36.966,0.42336,423.524,0,0.417804,0,0,0.645209,0.227405,1.028160,1,0,14.7227,0,0,0,14.7227,0
39.8338,2.22245,0,0,0.861486,0.0488065,0.36288,3.6288,50.4474,1.07333,0,0,0.45441,0.302507,0,0.66528,12.849,1,0.686341,0.36288,0,17.6843,6.27364,11.0872,0.84672,12.849,0.84672,3695.15,0,36.966,0.772392,0.227405,2.2883,2.26361,1.4952,2.51173,0.42336,36.966,0.42336,423.524,0,0.410746,0,0,0.63815,0.227405,1.028160,1,0,13.5989,0,0,0,13.5989,0
38.0622,2.3617,0,0,0.998482,0.0455774,0.36288,3.6288,49.3919,1.18168,0,0,0.408184,0.282013,0,0.66528,12.849,1,0.761803,0.36288,0,16.6335,6.24868,9.98586,0.84672,12.849,0.84672,3695.15,0,36.966,0.86589,0.227405,2.28846,2.11467,1.46719,2.29746,0.42336,36.966,0.42336,423.524,0,0.377299,0,0,0.604704,0.227405,1.028160,1,0,12.2833,0,0,0,12.2833,0
36.5199,2.33539,0,0,1.19215,0.0361194,0.36288,3.6288,48.4553,1.11283,0,0,0.456246,0.280094,0,0.66528,12.849,1,0.788378,0.36288,0,18.9776,6.39114,12.1609,0.84672,12.849,0.84672,3695.15,0,36.966,0.832865,0.227405,2.4588,2.03671,1.53028,2.35977,0.42336,36.966,0.42336,423.524,0,0.479333,0,0,0.706738,0.227405,1.028160,1,0,14.5207,0,0,0,14.5207,0
34.7671,2.31095,0,0,0.9565,0.0354679,0.36288,3.6288,47.366,1.17006,0,0,0.358759,0.277933,0,0.66528,12.849,1,0.813073,0.36288,0,22.3216,6.39114,15.4803,0.84672,12.849,0.84672,3695.15,0,36.966,0.892628,0.204422,2.45897,1.69188,1.53028,1.93237,0.42336,36.966,0.42336,423.524,0,0.362497,0,0,0.56692,0.204422,1.028160,1,0,17.4127,0,0,0,17.4127,0
33.2211,2.28121,0,0,1.13281,0.0347274,0.36288,3.6288,46.6402,0.99804,0,0,0.54763,0.27542,0,0.66528,12.849,1,0.843073,0.36288,0,19.1592,6.39114,12.2879,0.84672,12.849,0.84672,3695.15,0,36.966,0.778903,0.204422,2.45914,2.28792,1.53028,2.64231,0.42336,36.966,0.42336,423.524,0,0.648403,0,0,0.852825,0.204422,1.028160,1,0,14.9302,0,0,0,14.9302,0
31.7455,2.27781,0,0,1.1885,0.0233799,0.36288,3.6288,45.9933,0.888477,0,0,0.533304,0.29172,0,0.66528,12.849,1,0.84672,0.36288,0,31.1469,6.7875,23.8755,0.84672,12.849,0.84672,3695.15,0,36.966,0.732066,0.204422,2.45931,2.91638,1.69864,3.14941,0.42336,36.966,0.42336,423.524,0,0.804963,0,0,1.00939,0.204422,1.028160,1,0,27.0249,0,0,0,27.0249,0
30.7098,2.1735,0,0,1.51552,0.0148415,0.36288,3.6288,45.8459,0.66528,0,0,0.788651,0.270743,0,0.66528,12.849,1,0.84672,0.36288,0,33.1879,6.02207,26.682,0.84672,12.849,0.84672,3695.15,0,36.966,0.630065,0.486527,2.45948,4.39046,1.41945,5.28695,0.42336,36.966,0.42336,423.524,0,1.02816,0,0,1.51469,0.486527,1.028160,1,0,31.9689,0,0,0,31.9689,0
29.8264,2.17375,0,0,1.70699,0.0537703,0.36288,3.6288,45.6905,0.66528,0,0,0.743299,0.233455,0,0.66528,12.849,1,0.84672,0.36288,0,26.5911,5.69077,20.4165,0.84672,12.849,0.84672,3695.15,0,36.966,0.630217,0.338031,2.36113,3.51205,1.30566,4.27533,0.42336,36.966,0.42336,423.524,0,1.02816,0,0,1.36619,0.338031,1.028160,1,0,24.6918,0,0,0,24.6918,0
29.5159,2.174,0,0,2.286,0.0595844,0.36288,3.6288,45.7124,0.66528,0,0,0.914147,0.226974,0,0.66528,12.849,1,0.84672,0.36288,0,35.2841,5.63556,29.1647,0.84672,12.849,0.84672,3695.15,0,36.966,0.630368,0.780477,2.36129,4.31668,1.2867,5.54139,0.42336,36.966,0.42336,423.524,0,1.02816,0,0,1.80864,0.780477,1.028160,1,0,34.7061,0,0,0,34.7061,0
29.7988,2.17425,0,0,2.87936,0.059336,0.36288,3.6288,46.1906,0.66528,0,0,1.37054,0.22702,0,0.66528,12.849,1,0.84672,0.36288,0,71.8152,5.63556,65.6958,0.84672,12.849,0.84672,3695.15,0,36.966,0.63052,1.68548,2.36146,5.96253,1.2867,8.09226,0.42336,36.966,0.42336,423.524,0,1.02816,0,0,2.71364,1.68548,1.028160,1,0,73.788,0,0,0,73.788,0
29.9749,2.08864,0,0,2.75005,0.122459,0.36288,3.6288,45.9309,0.66528,0,0,0.621601,0.216023,0,0.66528,12.849,1,0.84672,0.36288,0,43.308,4.05625,38.7679,0.84672,12.849,0.84672,3695.15,0,36.966,0.537653,0.322125,2.36162,6.2606,1.06333,7.34336,0.42336,36.966,0.42336,423.524,0,1.02816,0,0,1.35029,0.322125,1.028160,1,0,46.1113,0,0,0,46.1113,0
31.5237,2.08889,0,0,4.12326,0.122748,0.36288,3.6288,46.8846,0.66528,0,0,1.83443,0.215504,0,0.66528,12.849,1,0.84672,0.36288,0,75.2061,4.05625,70.666,0.84672,12.849,0.84672,3695.15,0,36.966,0.537797,2.87152,2.27383,11.8122,1.06333,15.3564,0.42336,36.966,0.42336,423.524,0,1.02816,0,0,3.89968,2.87152,1.028160,1,0,86.0224,0,0,0,86.0224,0
31.6873,2.08913,0,0,2.74097,0.12527,0.36288,3.6288,46.8461,0.66528,0,0,0.844163,0.217385,0,0.66528,12.849,1,0.84672,0.36288,0,48.3665,4.05625,43.8265,0.84672,12.849,0.84672,3695.15,0,36.966,0.537942,0.688755,2.27399,5.29994,1.06333,6.66141,0.42336,36.966,0.42336,423.524,0,1.02816,0,0,1.71691,0.688755,1.028160,1,0,50.4879,0,0,0,50.4879,0
34.2426,2.08937,0,0,5.1405,0.133019,0.36288,3.6288,47.4828,0.66528,0,0,1.53098,0.228908,0,0.66528,12.849,1,0.84672,0.36288,0,89.1479,4.33174,84.3323,0.84672,12.849,0.84672,3695.15,0,36.966,0.538087,1.58624,2.27414,11.9219,1.14102,14.1032,0.42336,36.966,0.42336,423.524,0,1.02816,0,0,2.6144,1.58624,1.028160,1,0,98.4355,0,0,0,98.4355,0
34.8745,1.95779,0,0,3.12447,0.171838,0.36288,3.6288,48.8963,0.567734,0,0,2.20023,0.219073,0,0.66528,12.849,1,0.734631,0.36288,0,40.3479,4.34997,35.6262,0.84672,12.849,0.84672,3695.15,0,36.966,0.441988,2.68378,2.2743,11.6835,1.07147,15.1282,0.42336,36.966,0.42336,423.524,0,1.02816,0,0,3.71194,2.68378,1.028160,1,0,50.7544,0,0,0,50.7544,0
38.7798,1.96768,0,0,6.41517,0.179293,0.36288,3.6288,49.8696,0.575084,0,0,1.75382,0.205395,0,0.66528,12.849,1,0.724963,0.36288,0,108.459,4.08177,104.015,0.84672,12.849,0.84672,3695.15,0,36.966,0.434769,2.89067,2.07903,13.0982,0.965954,16.6671,0.42336,36.966,0.42336,423.524,0,1.02816,0,0,3.91883,2.89067,1.028160,1,0,120.682,0,0,0,120.682,0
43.1039,2.02269,0,0,6.89739,0.1878,0.36288,3.6288,51.5611,0.580032,0,0,2.47853,0.207048,0,0.66528,12.849,1,0.670181,0.36288,0,112.134,4.08177,107.745,0.84672,12.849,0.84672,3695.15,0,36.966,0.429951,2.88351,2.07917,14.2725,0.965954,17.8393,0.42336,36.966,0.42336,423.524,0,1.02816,0,0,3.91167,2.88351,1.028160,1,0,125.585,0,0,0,125.585,0
44.5491,2.07465,0,0,4.08902,0.206297,0.36288,3.6288,52.0979,0.588323,0,0,1.29262,0.167457,0,0.66528,12.849,1,0.618442,0.36288,0,78.596,3.58677,74.7537,0.84672,12.849,0.84672,3695.15,0,36.966,0.42179,1.69435,2.07931,11.4145,0.831741,13.9346,0.42336,36.966,0.42336,423.524,0,1.02816,0,0,2.72251,1.69435,1.028160,1,0,88.6883,0,0,0,88.6883,0
45.8327,2.0904,0,0,3.94392,0.206983,0.36288,3.6288,52.7923,0.590941,0,0,1.46787,0.18256,0,0.66528,12.849,1,0.602921,0.36288,0,79.9883,3.80964,75.9386,0.84672,12.849,0.84672,3695.15,0,36.966,0.419302,1.20075,2.07946,12.4846,0.913496,14.432,0.42336,36.966,0.42336,423.524,0,1.02816,0,0,2.22891,1.20075,1.028160,1,0,90.3706,0,0,0,90.3706,0
49.7424,2.17706,0,0,6.65784,0.208174,0.36288,3.6288,54.4532,0.627276,0,0,2.48926,0.201099,0,0.66528,12.849,1,0.61033,0.36288,0,132.902,3.78461,128.87,0.84672,12.849,0.84672,3695.15,0,36.966,0.439229,1.93768,2.0796,14.1129,0.961113,16.7299,0.42336,36.966,0.42336,423.524,0,1.02816,0,0,2.96584,1.93768,1.028160,1,0,145.6,0,0,0,145.6,0
54.7635,2.21535,0,0,7.81151,0.212177,0.36288,3.6288,55.7697,0.635329,0,0,2.12096,0.169129,0,0.66528,12.849,1,0.57225,0.36288,0,155.058,3.00079,151.848,0.84672,12.849,0.84672,3695.15,0,36.966,0.431299,1.67118,2.1407,14.6429,0.739219,17.2843,0.42336,36.966,0.42336,423.524,0,1.02816,0,0,2.69934,1.67118,1.028160,1,0,169.132,0,0,0,169.132,0
57.68,2.25802,0,0,5.76082,0.223473,0.36288,3.6288,57.0196,0.641526,0,0,2.06202,0.170601,0,0.66528,12.849,1,0.529793,0.36288,0,105.952,3.00079,102.785,0.84672,12.849,0.84672,3695.15,0,36.966,0.425225,1.72592,2.14083,11.3067,0.739219,14.009,0.42336,36.966,0.42336,423.524,0,1.02816,0,0,2.75408,1.72592,1.028160,1,0,116.794,0,0,0,116.794,0
63.7081,2.2801,0,0,8.90117,0.230035,0.36288,3.6288,58.6122,0.647256,0,0,2.4119,0.171998,0,0.66528,12.849,1,0.507924,0.36288,0,136.948,3.00079,133.802,0.84672,12.849,0.84672,3695.15,0,36.966,0.419618,2.01226,2.14096,15.3617,0.739219,18.3561,0.42336,36.966,0.42336,423.524,0,1.02816,0,0,3.04042,2.01226,1.028160,1,0,152.159,0,0,0,152.159,0
65.7266,2.57113,0,0,5.24509,0.292597,0.36288,3.6288,59.7903,0.66528,0,0,2.01471,0.17135,0,0.66528,12.849,1,0.51856,0.36288,0,106.285,3.19466,102.935,0.84672,12.849,0.84672,3695.15,0,36.966,0.612507,1.24051,2.1411,12.1908,0.750723,14.2092,0.42336,36.966,0.42336,423.524,0,1.02816,0,0,2.26867,1.24051,1.028160,1,0,117.144,0,0,0,117.144,0
67.456,2.58465,0,0,4.9828,0.305852,0.36288,3.6288,60.6406,0.66528,0,0,1.68781,0.17224,0,0.66528,12.849,1,0.505277,0.36288,0,106.136,3.22697,102.767,0.84672,12.849,0.84672,3695.15,0,36.966,0.612644,0.888097,2.36058,11.4789,0.752641,13.3623,0.42336,36.966,0.42336,423.524,0,1.02816,0,0,1.91626,0.888097,1.028160,1,0,116.129,0,0,0,116.129,0
68.0052,2.59573,0,0,3.81781,0.310076,0.36288,3.6288,61.1625,0.774576,0,0,1.46966,0.173175,0,0.66528,12.849,1,0.494433,0.36288,0,91.2479,3.22697,87.8894,0.84672,12.849,0.84672,3695.15,0,36.966,0.612781,0.608429,2.36073,10.6168,0.752641,12.2206,0.42336,36.966,0.42336,423.524,0,0.918864,0,0,1.52729,0.608429,1.028160,1,0,100.11,0,0,0,100.11,0
72.29,2.59928,0,0,7.63599,0.29634,0.45553,3.6288,61.308,0.66528,0,0,2.95677,0.206915,1.93906,0.66528,12.849,1,0.491112,0.45553,0,125.198,4.01321,121.149,0.84672,12.849,0.84672,3695.15,0,36.966,0.612919,2.40127,2.36088,15.2455,0.998616,18.3961,0.42336,36.966,0.42336,423.524,0,1.02816,0,0,3.42943,2.40127,1.028160,1,0,141.484,0,0,0,141.484,0
72.29,2.25901,0,0,6.49042,0.30236,3.92905,3.6288,61.308,0.620963,0,0,2.06437,0.171262,1.27215,0.66528,12.849,1,0.401523,3.92905,0,139.235,3.25545,139.507,0.84672,12.849,0.84672,3695.15,0,36.966,0.374413,1.584,2.36103,12.907,0.965139,15.5125,0.42336,36.966,0.42336,423.524,0,1.02816,0,0,2.61216,1.584,1.028160,1,0,156.292,0,0,0,156.292,0
72.29,2.25919,0,0,6.34836,0.319342,3.76983,3.6288,61.308,0.621036,0,0,3.28476,0.241661,2.42206,0.66528,12.849,1,0.401553,3.76983,0,141.936,3.96172,141.343,0.84672,12.849,0.84672,3695.15,0,36.966,0.374457,2.24291,2.06197,16.4443,1.06795,19.3067,0.42336,36.966,0.42336,423.524,0,1.02816,0,0,3.27107,2.24291,1.028160,1,0,163.072,0,0,0,163.072,0
72.29,2.25936,0,0,5.73322,0.330722,3.14314,3.6288,61.308,0.62111,0,0,5.47073,0.200496,4.64912,0.66528,12.849,1,0.401584,3.14314,0,195.855,3.28965,195.307,0.84672,12.849,0.84672,3695.15,0,36.966,0.374502,2.72289,2.0621,15.8358,0.870614,19.3757,0.42336,36.966,0.42336,423.524,0,1.02816,0,0,3.75105,2.72289,1.028160,1,0,219.332,0,0,0,219.332,0
72.29,2.25953,0,0,6.36446,0.330722,3.7742,3.6288,61.308,0.621184,0,0,4.02136,0.200496,3.19968,0.66528,12.849,1,0.401614,3.7742,0,149.045,3.28965,149.128,0.84672,12.849,0.84672,3695.15,0,36.966,0.374546,3.51308,2.06223,16.5673,0.870614,20.8974,0.42336,36.966,0.42336,423.524,0,1.02816,0,0,4.54124,3.51308,1.028160,1,0,173.225,0,0,0,173.225,0
72.29,2.2597,0,0,8.26251,0.335527,5.66728,3.6288,61.308,0.621257,0,0,7.8159,0.178001,7.01664,0.66528,12.849,1,0.401645,5.66728,0,172.645,3.38973,174.521,0.84672,12.849,0.84672,3695.15,0,36.966,0.37459,4.91029,2.06236,22.4452,0.928602,28.1146,0.42336,36.966,0.42336,423.524,0,1.02816,0,0,5.93845,4.91029,1.028160,1,0,209.653,0,0,0,209.653,0
72.29,2.35183,0,0,7.17476,0.341935,4.481,3.6288,61.308,0.66453,0,0,5.03279,0.148007,4.22025,0.66528,12.849,1,0.41802,4.481,0,184.676,3.52317,185.215,0.84672,12.849,0.84672,3695.15,0,36.966,0.400682,5.6227,2.06248,21.0211,1.00592,27.2997,0.42336,36.966,0.42336,423.524,0,1.02816,0,0,6.65086,5.6227,1.028160,1,0,216.735,0,0,0,216.735,0
72.29,2.35201,0,0,5.96341,0.341935,3.26947,3.6288,61.308,0.664607,0,0,3.39921,0.148007,2.5866,0.66528,12.849,1,0.418051,3.26947,0,153.443,3.52317,152.771,0.84672,12.849,0.84672,3695.15,0,36.966,0.400728,3.92065,2.13641,15.796,1.00592,20.4464,0.42336,36.966,0.42336,423.524,0,1.02816,0,0,4.94881,3.92065,1.028160,1,0,175.804,0,0,0,175.804,0
72.29,2.35219,0,0,4.87672,0.275748,2.24878,3.6288,61.308,0.664683,0,0,3.03332,0.167191,2.20145,0.66528,12.849,1,0.418083,2.24878,0,134.996,3.54327,133.283,0.84672,12.849,0.84672,3695.15,0,36.966,0.400774,3.07281,2.13654,13.4546,1.03205,17.2312,0.42336,36.966,0.42336,423.524,0,1.02816,0,0,4.10097,3.07281,1.028160,1,0,152.716,0,0,0,152.716,0
72.29,2.35236,0,0,4.76334,0.230701,2.18028,3.6288,61.308,0.66476,0,0,2.86798,0.182937,2.02028,0.66528,12.849,1,0.418115,2.18028,0,132.977,3.57568,131.164,0.84672,12.849,0.84672,3695.15,0,36.966,0.400821,2.92746,2.13668,14.155,1.03904,17.7793,0.42336,36.966,0.42336,423.524,0,1.02816,0,0,3.95562,2.92746,1.028160,1,0,150.963,0,0,0,150.963,0
72.29,2.31658,0,0,4.52549,0.258261,1.95064,3.6288,61.308,0.648054,0,0,2.65453,0.191086,1.81539,0.66528,12.849,1,0.411755,1.95064,0,119.988,3.67972,117.847,0.84672,12.849,0.84672,3695.15,0,36.966,0.390748,2.93895,2.13681,11.2664,0.9634,14.988,0.42336,36.966,0.42336,423.524,0,1.02816,0,0,3.96711,2.93895,1.028160,1,0,134.651,0,0,0,134.651,0
72.29,2.31676,0,0,4.12669,0.258261,1.55167,3.6288,61.308,0.648129,0,0,2.09638,0.191086,1.25717,0.66528,12.849,1,0.411786,1.55167,0,82.1776,3.67972,79.6378,0.84672,12.849,0.84672,3695.15,0,36.966,0.390793,2.04779,2.10822,9.40205,0.9634,12.2039,0.42336,36.966,0.42336,423.524,0,1.02816,0,0,3.07595,2.04779,1.028160,1,0,93.0988,0,0,0,93.0988,0
72.29,2.31693,0,0,3.66185,0.225188,1.11973,3.6288,61.308,0.648205,0,0,1.9612,0.198578,1.11442,0.66528,12.849,1,0.411817,1.11973,0,72.9881,3.83007,69.866,0.84672,12.849,0.84672,3695.15,0,36.966,0.390839,1.81928,2.10836,8.9024,1.01674,11.4225,0.42336,36.966,0.42336,423.524,0,1.02816,0,0,2.84744,1.81928,1.028160,1,0,82.4028,0,0,0,82.4028,0
72.29,2.31711,0,0,3.59461,0.18109,1.09641,3.6288,61.308,0.64828,0,0,2.21504,0.208567,1.35819,0.66528,12.849,1,0.411849,1.09641,0,75.27,4.03053,71.924,0.84672,12.849,0.84672,3695.15,0,36.966,0.390884,1.82142,2.10849,8.69305,1.08787,11.1442,0.42336,36.966,0.42336,423.524,0,1.02816,0,0,2.84958,1.82142,1.028160,1,0,84.4264,0,0,0,84.4264,0
72.29,2.43939,0,0,3.31118,0.215467,0.656327,3.6288,61.308,0.66528,0,0,1.66933,0.212065,0.791981,0.66528,12.849,1,0.433583,0.656327,0,60.6923,4.21537,56.6997,0.84672,12.849,0.84672,3695.15,0,36.966,0.469433,1.1821,2.10862,7.07538,1.12072,8.77595,0.42336,36.966,0.42336,423.524,0,1.02816,0,0,2.21026,1.1821,1.028160,1,0,66.2676,0,0,0,66.2676,0
72.29,2.43958,0,0,3.25627,0.187501,0.629192,3.6288,61.308,0.66528,0,0,1.72823,0.216075,0.846878,0.66528,12.849,1,0.433616,0.629192,0,58.0261,4.39878,53.8229,0.84672,12.849,0.84672,3695.15,0,36.966,0.46956,1.49778,2.20943,7.75215,1.14565,9.84415,0.42336,36.966,0.42336,423.524,0,1.02816,0,0,2.52594,1.49778,1.028160,1,0,64.5139,0,0,0,64.5139,0
72.29,2.43976,0,0,2.96027,0.124157,0.396353,3.6288,61.308,0.66528,0,0,1.46648,0.238604,0.562592,0.66528,12.849,1,0.433649,0.396353,0,54.9412,4.70106,50.2028,0.84672,12.849,0.84672,3695.15,0,36.966,0.469688,1.21909,2.20957,6.93541,1.20646,8.68792,0.42336,36.966,0.42336,423.524,0,1.02816,0,0,2.24725,1.21909,1.028160,1,0,59.4533,0,0,0,59.4533,0
72.0842,2.43995,0,0,2.72113,0.124157,0.36288,3.6288,61.308,0.66528,0,0,1.18224,0.238604,0.278353,0.66528,12.849,1,0.433682,0.36288,0,50.3737,4.70106,45.6018,0.84672,12.849,0.84672,3695.15,0,36.966,0.469815,0.88884,2.20971,6.28422,1.20646,7.70649,0.42336,36.966,0.42336,423.524,0,1.02816,0,0,1.917,0.88884,1.028160,1,0,53.5867,0,0,0,53.5867,0
71.778,2.43908,0,0,2.61876,0.122906,0.36288,3.6288,61.284,0.66528,0,0,0.873927,0.232656,0,0.66528,12.849,1,0.434766,0.36288,0,45.5305,4.6957,40.7629,0.84672,12.849,0.84672,3695.15,0,36.966,0.469943,0.850314,2.20985,5.51375,1.15896,6.94501,0.42336,36.966,0.42336,423.524,0,1.02816,0,0,1.87847,0.850314,1.028160,1,0,47.7079,0,0,0,47.7079,0
71.2895,2.41356,0,0,2.40912,0.121215,0.36288,3.6288,61.0826,0.66528,0,0,0.688599,0.224692,0,0.66528,12.849,1,0.432052,0.36288,0,44.4832,4.68857,39.7255,0.84672,12.849,0.84672,3695.15,0,36.966,0.522537,0.890732,2.20999,4.61867,1.09561,6.10124,0.42336,36.966,0.42336,423.524,0,1.02816,0,0,1.91889,0.890732,1.028160,1,0,45.8267,0,0,0,45.8267,0
70.5817,2.41124,0,0,2.18708,0.120764,0.36288,3.6288,60.8435,0.66528,0,0,0.650523,0.224406,0,0.66528,12.849,1,0.434594,0.36288,0,43.1613,4.68857,38.401,0.84672,12.849,0.84672,3695.15,0,36.966,0.522668,0.702492,2.24533,4.3415,1.09561,5.67104,0.42336,36.966,0.42336,423.524,0,1.02816,0,0,1.73065,0.702492,1.028160,1,0,44.0721,0,0,0,44.0721,0
69.703,2.40773,0,0,2.0026,0.110713,0.36288,3.6288,60.5514,0.66528,0,0,0.619138,0.24594,0,0.66528,12.849,1,0.438314,0.36288,0,38.0627,4.97086,33.0164,0.84672,12.849,0.84672,3695.15,0,36.966,0.522799,0.631489,2.24547,4.21624,1.19865,5.37175,0.42336,36.966,0.42336,423.524,0,1.02816,0,0,1.65965,0.631489,1.028160,1,0,38.3882,0,0,0,38.3882,0
68.7408,2.40325,0,0,1.89062,0.0866313,0.36288,3.6288,60.1638,0.66528,0,0,0.577798,0.300068,0,0.66528,12.849,1,0.443013,0.36288,0,33.8538,5.67662,28.097,0.84672,12.849,0.84672,3695.15,0,36.966,0.52293,0.602467,2.24562,4.02176,1.45627,4.89064,0.42336,36.966,0.42336,423.524,0,1.02816,0,0,1.63063,0.602467,1.028160,1,0,32.9877,0,0,0,32.9877,0
67.6918,2.46012,0,0,1.86255,0.0885429,0.36288,3.6288,59.7551,0.66528,0,0,0.558502,0.301982,0,0.66528,12.849,1,0.459844,0.36288,0,32.2864,5.9683,26.2211,0.84672,12.849,0.84672,3695.15,0,36.966,0.569833,0.681523,2.24576,3.31561,1.49167,4.18139,0.42336,36.966,0.42336,423.524,0,1.02816,0,0,1.70968,0.681523,1.028160,1,0,30.4025,0,0,0,30.4025,0
66.5701,2.45432,0,0,1.78331,0.0878187,0.36288,3.6288,59.3345,0.66528,0,0,0.54596,0.301196,0,0.66528,12.849,1,0.465869,0.36288,0,30.2127,5.9683,24.1414,0.84672,12.849,0.84672,3695.15,0,36.966,0.569968,0.716031,2.29581,3.40768,1.49167,4.35788,0.42336,36.966,0.42336,423.524,0,1.02816,0,0,1.74419,0.716031,1.028160,1,0,28.4993,0,0,0,28.4993,0
65.2273,2.44792,0,0,1.555,0.0870442,0.36288,3.6288,58.8837,0.66528,0,0,0.514845,0.300388,0,0.66528,12.849,1,0.472484,0.36288,0,28.6242,5.9683,22.5463,0.84672,12.849,0.84672,3695.15,0,36.966,0.570102,0.554057,2.29595,3.2561,1.49167,4.04434,0.42336,36.966,0.42336,423.524,0,1.02816,0,0,1.58222,0.554057,1.028160,1,0,26.5907,0,0,0,26.5907,0
63.777,2.43998,0,0,1.43407,0.0814785,0.36288,3.6288,58.4224,0.66528,0,0,0.505997,0.302071,0,0.66528,12.849,1,0.480647,0.36288,0,27.0043,6.04308,20.8435,0.84672,12.849,0.84672,3695.15,0,36.966,0.570237,0.484117,2.2961,3.22647,1.50661,3.92984,0.42336,36.966,0.42336,423.524,0,1.02816,0,0,1.51228,0.484117,1.028160,1,0,24.7733,0,0,0,24.7733,0
62.1656,2.61024,0,0,1.44078,0.0790372,0.36288,3.6288,57.9259,0.66528,0,0,0.477903,0.309127,0,0.66528,12.849,1,0.525878,0.36288,0,23.6708,6.38859,17.1192,0.84672,12.849,0.84672,3695.15,0,36.966,0.73924,0.439724,2.29624,3.4539,1.56534,3.88529,0.42336,36.966,0.42336,423.524,0,1.02816,0,0,1.46788,0.439724,1.028160,1,0,21.0045,0,0,0,21.0045,0
60.8448,2.59914,0,0,1.724,0.0827945,0.36288,3.6288,57.4387,0.66528,0,0,0.490839,0.312753,0,0.66528,12.849,1,0.537215,0.36288,0,23.3791,6.54234,16.6624,0.84672,12.849,0.84672,3695.15,0,36.966,0.739386,0.561168,2.4672,3.40467,1.62029,4.07336,0.42336,36.966,0.42336,423.524,0,1.02816,0,0,1.58933,0.561168,1.028160,1,0,20.7357,0,0,0,20.7357,0
59.2301,2.5897,0,0,1.41969,0.0818957,0.36288,3.6288,56.8888,0.66528,0,0,0.427218,0.311769,0,0.66528,12.849,1,0.546884,0.36288,0,29.0236,6.54234,22.2972,0.84672,12.849,0.84672,3695.15,0,36.966,0.739532,0.376186,2.46735,3.03748,1.62029,3.52119,0.42336,36.966,0.42336,423.524,0,1.02816,0,0,1.40435,0.376186,1.028160,1,0,25.8184,0,0,0,25.8184,0
57.7794,2.57764,0,0,1.57054,0.0806922,0.36288,3.6288,56.4998,0.66528,0,0,0.586869,0.310658,0,0.66528,12.849,1,0.559178,0.36288,0,24.8838,6.54234,18.1452,0.84672,12.849,0.84672,3695.15,0,36.966,0.739678,0.810233,2.46751,3.62986,1.62029,4.54764,0.42336,36.966,0.42336,423.524,0,1.02816,0,0,1.83839,0.810233,1.028160,1,0,22.6928,0,0,0,22.6928,0
56.1816,2.56635,0,0,1.4103,0.078869,0.36288,3.6288,56.034,0.66528,0,0,0.491393,0.291873,0,0.66528,12.849,1,0.570706,0.36288,0,25.9928,6.27885,19.5062,0.84672,12.849,0.84672,3695.15,0,36.966,0.739824,0.694863,2.46767,4.01526,1.5517,4.88627,0.42336,36.966,0.42336,423.524,0,1.02816,0,0,1.72302,0.694863,1.028160,1,0,24.3924,0,0,0,24.3924,0
55.8801,2.46792,0,0,2.60522,0.0759264,0.36288,3.6288,56.1214,0.66528,0,0,0.998744,0.246124,0,0.66528,12.849,1,0.564425,0.36288,0,38.1258,5.62013,32.3041,0.84672,12.849,0.84672,3695.15,0,36.966,0.637438,2.23597,2.46782,6.9199,1.38022,9.60604,0.42336,36.966,0.42336,423.524,0,1.02816,0,0,3.26413,2.23597,1.028160,1,0,41.9102,0,0,0,41.9102,0
54.1466,2.46563,0,0,1.17079,0.0756992,0.36288,3.6288,55.7943,0.66528,0,0,0.58446,0.246265,0,0.66528,12.849,1,0.566944,0.36288,0,32.7408,5.62013,26.9167,0.84672,12.849,0.84672,3695.15,0,36.966,0.637577,0.750073,2.3691,3.74077,1.38022,4.84215,0.42336,36.966,0.42336,423.524,0,1.02816,0,0,1.77823,0.750073,1.028160,1,0,31.7588,0,0,0,31.7588,0
52.5831,2.45115,0,0,1.32492,0.0743928,0.36288,3.6288,55.5684,0.66528,0,0,0.68511,0.245738,0,0.66528,12.849,1,0.581657,0.36288,0,26.2829,5.62013,20.444,0.84672,12.849,0.84672,3695.15,0,36.966,0.637716,0.645702,2.36925,4.16555,1.38022,5.16257,0.42336,36.966,0.42336,423.524,0,1.02816,0,0,1.67386,0.645702,1.028160,1,0,25.6065,0,0,0,25.6065,0
53.4037,2.43743,0,0,3.80184,0.180944,0.36288,3.6288,55.903,0.66528,0,0,1.25924,0.259287,0,0.66528,12.849,1,0.5956,0.36288,0,43.6134,4.87419,38.5065,0.84672,12.849,0.84672,3695.15,0,36.966,0.637855,3.29497,2.3694,9.29863,1.20825,13.1169,0.42336,36.966,0.42336,423.524,0,1.02816,0,0,4.32313,3.29497,1.028160,1,0,51.6234,0,0,0,51.6234,0
55.4723,2.37553,0,0,5.00605,0.199058,0.36288,3.6288,56.1013,0.66528,0,0,1.07674,0.213188,0,0.66528,12.849,1,0.571556,0.36288,0,67.4965,4.36812,62.9197,0.84672,12.849,0.84672,3695.15,0,36.966,0.544639,0.948275,2.36955,5.47258,1.10561,7.14015,0.42336,36.966,0.42336,423.524,0,1.02816,0,0,1.97643,0.948275,1.028160,1,0,70.0599,0,0,0,70.0599,0
57.5956,2.39302,0,0,5.08667,0.207458,0.36288,3.6288,56.1223,0.66528,0,0,0.891069,0.2048,0,0.66528,12.849,1,0.554293,0.36288,0,64.133,4.2694,59.6722,0.84672,12.849,0.84672,3695.15,0,36.966,0.544771,0.840214,2.28142,7.62312,1.088,9.11199,0.42336,36.966,0.42336,423.524,0,1.02816,0,0,1.86837,0.840214,1.028160,1,0,68.7842,0,0,0,68.7842,0
59.3603,2.40991,0,0,4.7493,0.211861,0.36288,3.6288,56.9892,0.66528,0,0,1.73705,0.204828,0,0.66528,12.849,1,0.537626,0.36288,0,76.4666,4.2694,72.0224,0.84672,12.849,0.84672,3695.15,0,36.966,0.544904,1.52329,2.28157,7.19734,1.088,9.36929,0.42336,36.966,0.42336,423.524,0,1.02816,0,0,2.55145,1.52329,1.028160,1,0,81.3917,0,0,0,81.3917,0
61.3245,2.42323,0,0,4.97525,0.224902,0.36288,3.6288,57.4353,0.66528,0,0,1.32036,0.208979,0,0.66528,12.849,1,0.524528,0.36288,0,60.9612,4.03247,56.767,0.84672,12.849,0.84672,3695.15,0,36.966,0.545037,1.3312,2.28171,9.30671,1.03761,11.337,0.42336,36.966,0.42336,423.524,0,1.02816,0,0,2.35936,1.3312,1.028160,1,0,68.104,0,0,0,68.104,0
62.1557,2.23492,0,0,3.70465,0.275661,0.36288,3.6288,58.4698,0.618129,0,0,1.88256,0.22993,0,0.66528,12.849,1,0.468271,0.36288,0,64.8604,4.06879,60.6862,0.84672,12.849,0.84672,3695.15,0,36.966,0.397835,1.54393,2.28186,7.78991,1.0984,10.1195,0.42336,36.966,0.42336,423.524,0,1.02816,0,0,2.57209,1.54393,1.028160,1,0,70.8057,0,0,0,70.8057,0
62.7279,2.24028,0,0,3.4702,0.294859,0.36288,3.6288,59.1315,0.622515,0,0,1.52539,0.241171,0,0.66528,12.849,1,0.463117,0.36288,0,68.037,4.5403,63.3964,0.84672,12.849,0.84672,3695.15,0,36.966,0.393568,1.26783,2.08587,6.0284,1.2385,7.75003,0.42336,36.966,0.42336,423.524,0,1.02816,0,0,2.29599,1.26783,1.028160,1,0,71.1465,0,0,0,71.1465,0
64.6287,2.24396,0,0,4.8039,0.296246,0.36288,3.6288,60.7796,0.625298,0,0,2.51555,0.242198,0,0.66528,12.849,1,0.459646,0.36288,0,73.088,4.5403,68.4509,0.84672,12.849,0.84672,3695.15,0,36.966,0.390904,3.06648,2.086,14.1508,1.2385,17.6738,0.42336,36.966,0.42336,423.524,0,1.02816,0,0,4.09464,3.06648,1.028160,1,0,86.1248,0,0,0,86.1248,0
65.5658,2.25541,0,0,3.85624,0.300853,0.36288,3.6288,60.8412,0.631963,0,0,0.938348,0.244757,0,0.66528,12.849,1,0.448403,0.36288,0,62.2385,4.5403,57.6127,0.84672,12.849,0.84672,3695.15,0,36.966,0.384358,1.38461,2.08613,6.82796,1.2385,8.67584,0.42336,36.966,0.42336,423.524,0,1.02816,0,0,2.41277,1.38461,1.028160,1,0,66.2885,0,0,0,66.2885,0
66.0691,2.26094,0,0,3.42889,0.301768,0.36288,3.6288,60.8106,0.63228,0,0,0.857589,0.255953,0,0.66528,12.849,1,0.443078,0.36288,0,54.6892,4.58526,50.0238,0.84672,12.849,0.84672,3695.15,0,36.966,0.384161,0.722002,2.08626,6.45157,1.26252,7.61315,0.42336,36.966,0.42336,423.524,0,1.02816,0,0,1.75016,0.722002,1.028160,1,0,57.6369,0,0,0,57.6369,0
65.9214,2.34278,0,0,2.87253,0.314608,0.36288,3.6288,60.8978,0.66528,0,0,0.97397,0.221474,0,0.66528,12.849,1,0.45562,0.36288,0,81.6143,4.38534,77.1362,0.84672,12.849,0.84672,3695.15,0,36.966,0.407613,1.38377,2.08639,8.1378,1.11355,10.0868,0.42336,36.966,0.42336,423.524,0,1.02816,0,0,2.41193,1.38377,1.028160,1,0,87.223,0,0,0,87.223,0
72.29,2.34209,0,0,9.87599,0.290848,0.874411,3.6288,61.308,0.66528,0,0,1.94938,0.203042,0.670859,0.66528,12.849,1,0.456506,0.874411,0,155.383,3.7422,152.059,0.84672,12.849,0.84672,3695.15,0,36.966,0.407724,2.86094,2.14769,14.8789,1.0332,18.4467,0.42336,36.966,0.42336,423.524,0,1.02816,0,0,3.8891,2.86094,1.028160,1,0,171.177,0,0,0,171.177,0
72.29,2.3764,0,0,5.04094,0.305616,2.35892,3.6288,61.308,0.66528,0,0,1.21228,0.20357,0.343428,0.66528,12.849,1,0.422387,2.35892,0,120.761,3.7422,118.956,0.84672,12.849,0.84672,3695.15,0,36.966,0.407836,1.68268,2.14782,8.79336,1.0332,11.1828,0.42336,36.966,0.42336,423.524,0,1.02816,0,0,2.71084,1.68268,1.028160,1,0,130.482,0,0,0,130.482,0
72.29,2.37657,0,0,4.78786,0.305616,2.10567,3.6288,61.308,0.66528,0,0,2.25682,0.20357,1.38797,0.66528,12.849,1,0.422417,2.10567,0,103.202,3.7422,101.143,0.84672,12.849,0.84672,3695.15,0,36.966,0.407948,3.96148,2.14794,12.163,1.0332,16.8312,0.42336,36.966,0.42336,423.524,0,1.02816,0,0,4.98964,3.96148,1.028160,1,0,119.362,0,0,0,119.362,0
72.29,2.63359,0,0,4.00727,0.315417,1.05826,3.6288,61.308,0.66528,0,0,1.26066,0.151496,0.443886,0.66528,12.849,1,0.468101,1.05826,0,82.9691,3.51872,80.0405,0.84672,12.849,0.84672,3695.15,0,36.966,0.619596,1.50174,2.14806,9.08064,0.804485,11.3064,0.42336,36.966,0.42336,423.524,0,1.02816,0,0,2.5299,1.50174,1.028160,1,0,91.7907,0,0,0,91.7907,0
72.29,2.63377,0,0,3.44803,0.308674,0.505577,3.6288,61.308,0.66528,0,0,1.04781,0.16494,0.217587,0.66528,12.849,1,0.468133,0.505577,0,71.9385,3.42416,68.5518,0.84672,12.849,0.84672,3695.15,0,36.966,0.619721,1.04875,2.36831,7.85678,0.928641,9.72548,0.42336,36.966,0.42336,423.524,0,1.02816,0,0,2.07691,1.04875,1.028160,1,0,78.4949,0,0,0,78.4949,0
72.29,2.63395,0,0,4.63968,0.338024,1.6677,3.6288,61.308,0.66528,0,0,1.28021,0.162699,0.452236,0.66528,12.849,1,0.468165,1.6677,0,79.9796,3.65914,77.52,0.84672,12.849,0.84672,3695.15,0,36.966,0.619846,1.5133,2.36845,8.79647,0.96253,11.0958,0.42336,36.966,0.42336,423.524,0,1.02816,0,0,2.54146,1.5133,1.028160,1,0,89.0681,0,0,0,89.0681,0
72.29,2.63413,0,0,4.05727,0.338024,1.08512,3.6288,61.308,0.66528,0,0,1.00851,0.162699,0.180534,0.66528,12.849,1,0.468197,1.08512,0,96.8855,3.65914,93.8433,0.84672,12.849,0.84672,3695.15,0,36.966,0.619972,1.30444,2.36858,8.04082,0.96253,10.1313,0.42336,36.966,0.42336,423.524,0,1.02816,0,0,2.3326,1.30444,1.028160,1,0,104.155,0,0,0,104.155,0
72.29,2.26785,0,0,4.64417,0.317563,2.05876,3.6288,61.308,0.624735,0,0,1.065,0.188865,0.251401,0.66528,12.849,1,0.403093,2.05876,0,90.8513,4.11846,88.3885,0.84672,12.849,0.84672,3695.15,0,36.966,0.376687,1.80787,2.36872,8.73642,1.107,11.4293,0.42336,36.966,0.42336,423.524,0,1.02816,0,0,2.83603,1.80787,1.028160,1,0,100.069,0,0,0,100.069,0
72.29,2.26801,0,0,4.80408,0.308999,2.22707,3.6288,61.308,0.624802,0,0,1.18326,0.155447,0.403008,0.66528,12.849,1,0.403121,2.22707,0,93.2291,3.93351,91.1195,0.84672,12.849,0.84672,3695.15,0,36.966,0.376728,2.56192,2.06859,10.1892,0.986875,13.4561,0.42336,36.966,0.42336,423.524,0,1.02816,0,0,3.59008,2.56192,1.028160,1,0,104.979,0,0,0,104.979,0
72.29,2.26817,0,0,4.88532,0.308999,2.30816,3.6288,61.308,0.624869,0,0,0.996227,0.155447,0.215911,0.66528,12.849,1,0.403149,2.30816,0,95.1316,3.93351,93.1031,0.84672,12.849,0.84672,3695.15,0,36.966,0.376768,1.77905,2.06871,9.0015,0.986875,11.4856,0.42336,36.966,0.42336,423.524,0,1.02816,0,0,2.80721,1.77905,1.028160,1,0,104.805,0,0,0,104.805,0
72.29,2.26832,0,0,4.59264,0.308999,2.01531,3.6288,61.308,0.624936,0,0,0.983249,0.155447,0.202866,0.66528,12.849,1,0.403177,2.01531,0,88.8131,3.93351,86.4918,0.84672,12.849,0.84672,3695.15,0,36.966,0.376809,1.63428,2.06883,8.51662,0.986875,10.856,0.42336,36.966,0.42336,423.524,0,1.02816,0,0,2.66244,1.63428,1.028160,1,0,97.5507,0,0,0,97.5507,0
72.29,2.26848,0,0,4.33775,0.310646,1.75862,3.6288,61.308,0.625003,0,0,0.971844,0.167228,0.179613,0.66528,12.849,1,0.403205,1.75862,0,83.9748,3.70965,81.6205,0.84672,12.849,0.84672,3695.15,0,36.966,0.376849,1.47276,2.06894,8.08548,1.02833,10.222,0.42336,36.966,0.42336,423.524,0,1.02816,0,0,2.50092,1.47276,1.028160,1,0,92.0221,0,0,0,92.0221,0
72.29,2.36091,0,0,5.5866,0.281249,2.94444,3.6288,61.308,0.66528,0,0,1.19142,0.151907,0.374235,0.66528,12.849,1,0.419634,2.94444,0,112.325,4.44507,110.405,0.84672,12.849,0.84672,3695.15,0,36.966,0.406167,2.32279,2.06906,12.2731,1.13408,15.1247,0.42336,36.966,0.42336,423.524,0,1.02816,0,0,3.35095,2.32279,1.028160,1,0,125.904,0,0,0,125.904,0
72.29,2.36107,0,0,4.2658,0.281249,1.62348,3.6288,61.308,0.66528,0,0,1.00274,0.151907,0.185555,0.66528,12.849,1,0.419663,1.62348,0,83.7156,4.44507,80.4743,0.84672,12.849,0.84672,3695.15,0,36.966,0.406279,1.40524,2.14323,9.87889,1.13408,11.887,0.42336,36.966,0.42336,423.524,0,1.02816,0,0,2.4334,1.40524,1.028160,1,0,92.5468,0,0,0,92.5468,0
72.29,2.36124,0,0,3.46625,0.281249,0.823762,3.6288,61.2802,0.66528,0,0,0.789342,0.151907,0,0.66528,12.849,1,0.419692,0.823762,0,66.865,4.44507,62.824,0.84672,12.849,0.84672,3695.15,0,36.966,0.406391,0.964768,2.14335,7.54021,1.13408,9.10786,0.42336,36.966,0.42336,423.524,0,1.02816,0,0,1.99293,0.964768,1.028160,1,0,71.9318,0,0,0,71.9318,0
72.29,2.3614,0,0,3.14307,0.250447,0.531223,3.6288,61.1272,0.66528,0,0,0.683459,0.171132,0,0.66528,12.849,1,0.419721,0.531223,0,60.4353,4.7105,55.8363,0.84672,12.849,0.84672,3695.15,0,36.966,0.406503,0.805524,2.14348,6.8542,1.14977,8.24693,0.42336,36.966,0.42336,423.524,0,1.02816,0,0,1.83368,0.805524,1.028160,1,0,64.0833,0,0,0,64.0833,0
72.1096,2.32547,0,0,2.72948,0.221521,0.36288,3.6288,61.0858,0.651134,0,0,0.794344,0.184629,0,0.66528,12.849,1,0.413335,0.36288,0,62.0908,3.24755,58.7928,0.84672,12.849,0.84672,3695.15,0,36.966,0.393766,1.01097,2.1436,5.40142,1.11813,7.04408,0.42336,36.966,0.42336,423.524,0,1.02816,0,0,2.03913,1.01097,1.028160,1,0,65.8368,0,0,0,65.8368,0
71.6661,2.32476,0,0,2.46538,0.221218,0.36288,3.6288,60.944,0.651036,0,0,0.693792,0.184581,0,0.66528,12.849,1,0.414242,0.36288,0,57.8723,3.24755,54.5734,0.84672,12.849,0.84672,3695.15,0,36.966,0.393974,0.640017,2.1149,5.0596,1.11813,6.30241,0.42336,36.966,0.42336,423.524,0,1.02816,0,0,1.66818,0.640017,1.028160,1,0,60.8758,0,0,0,60.8758,0
71.7407,2.32274,0,0,2.9625,0.202312,0.36288,3.6288,60.7705,0.650534,0,0,0.670412,0.193296,0,0.66528,12.849,1,0.416444,0.36288,0,62.2965,3.94932,58.2936,0.84672,12.849,0.84672,3695.15,0,36.966,0.394586,0.705266,2.11502,6.79699,1.1458,8.07689,0.42336,36.966,0.42336,423.524,0,1.02816,0,0,1.73343,0.705266,1.028160,1,0,66.3705,0,0,0,66.3705,0
71.1792,2.32327,0,0,2.28016,0.155461,0.36288,3.6288,60.5535,0.649902,0,0,0.644769,0.211906,0,0.66528,12.849,1,0.416106,0.36288,0,44.7489,5.00436,39.6913,0.84672,12.849,0.84672,3695.15,0,36.966,0.395328,0.664209,2.11514,5.10595,1.2334,6.25658,0.42336,36.966,0.42336,423.524,0,1.02816,0,0,1.69237,0.664209,1.028160,1,0,45.9479,0,0,0,45.9479,0
70.3871,2.44289,0,0,2.14994,0.13631,0.36288,3.6288,60.2896,0.66528,0,0,0.641553,0.240197,0,0.66528,12.849,1,0.440981,0.36288,0,38.6178,5.08635,33.4533,0.84672,12.849,0.84672,3695.15,0,36.966,0.475816,0.573445,2.11526,4.66014,1.22596,5.64707,0.42336,36.966,0.42336,423.524,0,1.02816,0,0,1.60161,0.573445,1.028160,1,0,39.1004,0,0,0,39.1004,0
69.5683,2.43886,0,0,2.14688,0.1639,0.36288,3.6288,60.0053,0.66528,0,0,0.629092,0.24812,0,0.66528,12.849,1,0.445208,0.36288,0,38.7431,4.92408,33.7366,0.84672,12.849,0.84672,3695.15,0,36.966,0.475932,0.538609,2.2164,4.20203,1.12531,5.3558,0.42336,36.966,0.42336,423.524,0,1.02816,0,0,1.56677,0.538609,1.028160,1,0,39.0925,0,0,0,39.0925,0
68.5041,2.4346,0,0,1.88199,0.148768,0.36288,3.6288,59.669,0.66528,0,0,0.586061,0.257037,0,0.66528,12.849,1,0.449662,0.36288,0,34.6148,5.03118,29.4968,0.84672,12.849,0.84672,3695.15,0,36.966,0.476048,0.432605,2.21653,4.07686,1.15267,5.09728,0.42336,36.966,0.42336,423.524,0,1.02816,0,0,1.46076,0.432605,1.028160,1,0,34.5941,0,0,0,34.5941,0
67.3803,2.42889,0,0,1.78055,0.112585,0.36288,3.6288,59.2874,0.66528,0,0,0.563469,0.27985,0,0.66528,12.849,1,0.455576,0.36288,0,31.6425,5.29893,26.2509,0.84672,12.849,0.84672,3695.15,0,36.966,0.476164,0.362085,2.21666,3.92202,1.22108,4.80351,0.42336,36.966,0.42336,423.524,0,1.02816,0,0,1.39025,0.362085,1.028160,1,0,31.0544,0,0,0,31.0544,0
66.2717,2.42267,0,0,1.78515,0.108137,0.36288,3.6288,58.886,0.68796,0,0,0.570969,0.284378,0,0.66528,12.849,1,0.461989,0.36288,0,30.0358,5.38749,24.5492,0.84672,12.849,0.84672,3695.15,0,36.966,0.47628,0.30119,2.21678,3.85268,1.25573,4.63865,0.42336,36.966,0.42336,423.524,0,1.00548,0,0,1.30667,0.30119,1.028160,1,0,29.1879,0,0,0,29.1879,0
65.3314,2.39246,0,0,1.91364,0.0986207,0.36288,3.6288,58.5316,0.66528,0,0,0.607546,0.29664,0,0.66528,12.849,1,0.463858,0.36288,0,27.894,5.60889,22.1841,0.84672,12.849,0.84672,3695.15,0,36.966,0.529041,0.301389,2.21691,3.20133,1.34234,3.84824,0.42336,36.966,0.42336,423.524,0,1.02816,0,0,1.32955,0.301389,1.028160,1,0,26.0324,0,0,0,26.0324,0
64.1839,2.38704,0,0,1.70024,0.0978834,0.36288,3.6288,58.0951,0.673341,0,0,0.532807,0.295965,0,0.66528,12.849,1,0.469469,0.36288,0,37.7434,5.60889,32.0279,0.84672,12.849,0.84672,3695.15,0,36.966,0.529161,0.261274,2.25236,3.65365,1.34234,4.29578,0.42336,36.966,0.42336,423.524,0,1.0201,0,0,1.28137,0.261274,1.028160,1,0,36.3237,0,0,0,36.3237,0
62.8915,2.38021,0,0,1.54772,0.0969836,0.36288,3.6288,57.5602,0.743921,0,0,0.504147,0.295134,0,0.66528,12.849,1,0.476496,0.36288,0,33.9644,5.60889,28.2419,0.84672,12.849,0.84672,3695.15,0,36.966,0.52928,0.261274,2.25249,3.41684,1.34234,4.05899,0.42336,36.966,0.42336,423.524,0,0.949519,0,0,1.21079,0.261274,1.028160,1,0,32.3008,0,0,0,32.3008,0
61.4966,2.37224,0,0,1.4362,0.0959702,0.36288,3.6288,56.9273,0.804341,0,0,0.465589,0.294115,0,0.66528,12.849,1,0.48466,0.36288,0,32.1453,5.60889,26.4146,0.84672,12.849,0.84672,3695.15,0,36.966,0.5294,0.261274,2.25262,3.26785,1.34234,3.91,0.42336,36.966,0.42336,423.524,0,0.889099,0,0,1.15037,0.261274,1.028160,1,0,30.3246,0,0,0,30.3246,0
59.9886,2.42431,0,0,1.35152,0.0723251,0.36288,3.6288,56.0799,0.971614,0,0,0.43575,0.311554,0,0.66528,12.849,1,0.506531,0.36288,0,25.4222,5.81695,19.4616,0.84672,12.849,0.84672,3695.15,0,36.966,0.630922,0.261274,2.25275,2.72547,1.46535,3.14323,0.42336,36.966,0.42336,423.524,0,0.667354,0,0,0.928627,0.261274,1.028160,1,0,22.6049,0,0,0,22.6049,0
58.6968,2.41398,0,0,1.54682,0.0617658,0.36288,3.6288,55.5082,0.838123,0,0,0.58064,0.314182,0,0.66528,12.849,1,0.517053,0.36288,0,32.7791,5.81353,26.8114,0.84672,12.849,0.84672,3695.15,0,36.966,0.576571,0.261274,2.30295,3.12694,1.49545,3.61915,0.42336,36.966,0.42336,423.524,0,0.855317,0,0,1.11659,0.261274,1.028160,1,0,30.4306,0,0,0,30.4306,0
57.2761,2.40481,0,0,1.40797,0.0610027,0.36288,3.6288,54.894,0.78014,0,0,0.478905,0.313008,0,0.66528,12.849,1,0.526425,0.36288,0,26.4019,5.81353,20.4248,0.84672,12.849,0.84672,3695.15,0,36.966,0.576694,0.227405,2.30309,2.90562,1.49545,3.36398,0.42336,36.966,0.42336,423.524,0,0.9133,0,0,1.1407,0.227405,1.028160,1,0,23.7887,0,0,0,23.7887,0
55.7392,2.39431,0,0,1.28053,0.0601634,0.36288,3.6288,54.1111,0.917136,0,0,0.445998,0.311746,0,0.66528,12.849,1,0.537127,0.36288,0,24.6125,5.81353,18.6247,0.84672,12.849,0.84672,3695.15,0,36.966,0.617606,0.227405,2.30322,2.58949,1.49545,3.00706,0.42336,36.966,0.42336,423.524,0,0.735515,0,0,0.962919,0.227405,1.028160,1,0,21.6318,0,0,0,21.6318,0
54.0521,2.55797,0,0,1.30649,0.0728069,0.36288,3.6288,53.4747,0.809974,0,0,0.484154,0.31059,0,0.66528,12.849,1,0.589662,0.36288,0,22.1181,5.82344,16.0678,0.84672,12.849,0.84672,3695.15,0,36.966,0.746373,0.227405,2.30335,3.20134,1.46382,3.5219,0.42336,36.966,0.42336,423.524,0,0.883466,0,0,1.11087,0.227405,1.028160,1,0,19.5897,0,0,0,19.5897,0
52.4032,2.54327,0,0,1.3466,0.0893469,0.36288,3.6288,52.7974,0.861339,0,0,0.493731,0.309735,0,0.66528,12.849,1,0.604574,0.36288,0,21.7115,5.83663,15.6331,0.84672,12.849,0.84672,3695.15,0,36.966,0.746506,0.227405,2.47487,3.07746,1.42165,3.61157,0.42336,36.966,0.42336,423.524,0,0.832101,0,0,1.05951,0.227405,1.028160,1,0,19.2447,0,0,0,19.2447,0
50.5047,2.52817,0,0,1.08043,0.087853,0.36288,3.6288,51.8296,1.04795,0,0,0.388235,0.308063,0,0.66528,12.849,1,0.619893,0.36288,0,25.5372,5.83663,19.4436,0.84672,12.849,0.84672,3695.15,0,36.966,0.746639,0.204422,2.47501,2.55642,1.42165,3.06756,0.42336,36.966,0.42336,423.524,0,0.645486,0,0,0.849908,0.204422,1.028160,1,0,22.5112,0,0,0,22.5112,0
48.8255,2.50976,0,0,1.27956,0.0861331,0.36288,3.6288,51.4513,0.66528,0,0,0.592629,0.305674,0,0.66528,12.849,1,0.638513,0.36288,0,21.9192,5.83663,15.807,0.84672,12.849,0.84672,3695.15,0,36.966,0.746772,0.25037,2.47515,3.45704,1.42165,4.01413,0.42336,36.966,0.42336,423.524,0,1.02816,0,0,1.27853,0.25037,1.028160,1,0,19.8211,0,0,0,19.8211,0
47.14,2.49255,0,0,1.26193,0.0920676,0.36288,3.6288,50.792,0.84856,0,0,0.475177,0.285921,0,0.66528,12.849,1,0.655942,0.36288,0,21.649,5.41539,15.9405,0.84672,12.849,0.84672,3695.15,0,36.966,0.746905,0.204422,2.47529,3.63043,1.2464,4.31685,0.42336,36.966,0.42336,423.524,0,0.84488,0,0,1.0493,0.204422,1.028160,1,0,20.2574,0,0,0,20.2574,0
45.9198,2.39154,0,0,1.65447,0.120237,0.36288,3.6288,50.7074,0.66528,0,0,0.842512,0.261822,0,0.66528,12.849,1,0.651865,0.36288,0,25.891,5.47575,20.1262,0.84672,12.849,0.84672,3695.15,0,36.966,0.644166,0.685161,2.47544,4.25929,1.20223,5.57349,0.42336,36.966,0.42336,423.524,0,1.02816,0,0,1.71332,0.685161,1.028160,1,0,25.6997,0,0,0,25.6997,0
44.5098,2.37817,0,0,1.44966,0.118621,0.36288,3.6288,50.2963,0.670144,0,0,0.520768,0.261642,0,0.66528,12.849,1,0.665445,0.36288,0,26.2875,5.47575,20.5092,0.84672,12.849,0.84672,3695.15,0,36.966,0.644293,0.216518,2.37637,3.3578,1.20223,4.10417,0.42336,36.966,0.42336,423.524,0,1.0233,0,0,1.23981,0.216518,1.028160,1,0,24.6134,0,0,0,24.6134,0
42.8474,2.36197,0,0,1.17926,0.116754,0.36288,3.6288,49.5499,0.914323,0,0,0.428629,0.260765,0,0.66528,12.849,1,0.68185,0.36288,0,24.1396,5.47575,18.3448,0.84672,12.849,0.84672,3695.15,0,36.966,0.671994,0.216518,2.37651,3.03392,1.20223,3.75272,0.42336,36.966,0.42336,423.524,0,0.751542,0,0,0.96806,0.216518,1.028160,1,0,22.0976,0,0,0,22.0976,0
41.9171,2.34178,0,0,1.94838,0.173996,0.36288,3.6288,49.3161,0.679484,0,0,0.649083,0.203361,0,0.66528,12.849,1,0.702249,0.36288,0,34.3672,4.64523,29.3826,0.84672,12.849,0.84672,3695.15,0,36.966,0.644546,0.216518,2.37664,4.01924,0.942634,5.02522,0.42336,36.966,0.42336,423.524,0,1.01396,0,0,1.23047,0.216518,1.028160,1,0,34.4078,0,0,0,34.4078,0
41.2156,2.26384,0,0,2.115,0.189814,0.36288,3.6288,49.3789,0.66528,0,0,0.872796,0.144716,0,0.66528,12.849,1,0.693943,0.36288,0,58.962,3.87903,54.7519,0.84672,12.849,0.84672,3695.15,0,36.966,0.55101,0.877115,2.37678,7.74119,0.906358,9.53772,0.42336,36.966,0.42336,423.524,0,1.02816,0,0,1.90528,0.877115,1.028160,1,0,64.2896,0,0,0,64.2896,0
41.1441,2.25499,0,0,2.73783,0.191517,0.36288,3.6288,49.5657,0.66528,0,0,1.03282,0.180768,0,0.66528,12.849,1,0.702996,0.36288,0,36.5012,3.77013,32.391,0.84672,12.849,0.84672,3695.15,0,36.966,0.551131,1.00978,2.28835,6.49827,0.895622,8.34965,0.42336,36.966,0.42336,423.524,0,1.02816,0,0,2.03794,1.00978,1.028160,1,0,40.7406,0,0,0,40.7406,0
41.2996,2.25422,0,0,2.98643,0.21383,0.36288,3.6288,49.6574,0.66528,0,0,0.907217,0.150223,0,0.66528,12.849,1,0.703976,0.36288,0,52.1505,3.40557,48.4039,0.84672,12.849,0.84672,3695.15,0,36.966,0.551251,1.17531,2.28848,7.12791,0.782175,9.25828,0.42336,36.966,0.42336,423.524,0,1.02816,0,0,2.20347,1.17531,1.028160,1,0,57.6621,0,0,0,57.6621,0
41.8799,2.25639,0,0,3.41386,0.214222,0.36288,3.6288,50.4748,0.66528,0,0,1.63306,0.150336,0,0.66528,12.849,1,0.702002,0.36288,0,69.0422,3.40557,65.2975,0.84672,12.849,0.84672,3695.15,0,36.966,0.551372,1.32775,2.28861,9.79862,0.782175,12.0814,0.42336,36.966,0.42336,423.524,0,1.02816,0,0,2.35591,1.32775,1.028160,1,0,77.3789,0,0,0,77.3789,0
42.1383,2.07606,0,0,2.90671,0.20939,0.36288,3.6288,51.2017,0.589744,0,0,1.4755,0.158918,0,0.66528,12.849,1,0.636947,0.36288,0,101.426,3.47748,97.6743,0.84672,12.849,0.84672,3695.15,0,36.966,0.431908,1.10145,2.28875,8.33801,0.840222,10.4561,0.42336,36.966,0.42336,423.524,0,1.02816,0,0,2.12961,1.10145,1.028160,1,0,108.13,0,0,0,108.13,0
41.6549,2.0792,0,0,2.16025,0.201602,0.36288,3.6288,51.2608,0.593368,0,0,0.822528,0.170016,0,0.66528,12.849,1,0.633998,0.36288,0,75.2805,3.57336,71.436,0.84672,12.849,0.84672,3695.15,0,36.966,0.428393,0.503315,2.0921,4.69089,0.917618,5.9403,0.42336,36.966,0.42336,423.524,0,1.02816,0,0,1.53147,0.503315,1.028160,1,0,77.3763,0,0,0,77.3763,0
40.9293,2.07372,0,0,1.91152,0.200466,0.36288,3.6288,51.1371,0.656031,0,0,0.702441,0.170098,0,0.66528,12.849,1,0.639666,0.36288,0,35.7453,3.57336,31.8952,0.84672,12.849,0.84672,3695.15,0,36.966,0.473087,0.412474,2.09222,4.5986,0.917618,5.71259,0.42336,36.966,0.42336,423.524,0,0.920912,0,0,1.33339,0.412474,1.028160,1,0,37.6078,0,0,0,37.6078,0
43.4056,2.06523,0,0,5.10313,0.198761,0.36288,3.6288,52.0644,0.59318,0,0,1.69032,0.169927,0,0.66528,12.849,1,0.64834,0.36288,0,67.2848,3.57336,63.426,0.84672,12.849,0.84672,3695.15,0,36.966,0.428798,1.50595,2.09234,8.80552,0.917618,11.0574,0.42336,36.966,0.42336,423.524,0,1.02816,0,0,2.53411,1.50595,1.028160,1,0,74.4834,0,0,0,74.4834,0
48.0735,2.09391,0,0,7.34849,0.223828,0.36288,3.6288,53.9981,0.59771,0,0,2.72481,0.193338,0,0.66528,12.849,1,0.619844,0.36288,0,181.495,4.02066,177.218,0.84672,12.849,0.84672,3695.15,0,36.966,0.424377,2.60614,2.09246,15.1805,0.983277,18.4714,0.42336,36.966,0.42336,423.524,0,1.02816,0,0,3.6343,2.60614,1.028160,1,0,195.689,0,0,0,195.689,0
52.6898,2.21611,0,0,7.4139,0.218543,0.36288,3.6288,54.8867,0.640344,0,0,1.75553,0.226638,0,0.66528,12.849,1,0.592319,0.36288,0,124.265,4.03882,119.997,0.84672,12.849,0.84672,3695.15,0,36.966,0.438366,2.38353,2.09258,14.2356,1.13566,17.1377,0.42336,36.966,0.42336,423.524,0,1.02816,0,0,3.41169,2.38353,1.028160,1,0,137.134,0,0,0,137.134,0
55.6167,2.25797,0,0,5.77715,0.229468,0.36288,3.6288,55.2325,0.644645,0,0,1.21843,0.227973,0,0.66528,12.849,1,0.550632,0.36288,0,98.286,4.03882,94.0595,0.84672,12.849,0.84672,3695.15,0,36.966,0.434166,1.68739,2.15407,9.342,1.13566,11.6136,0.42336,36.966,0.42336,423.524,0,1.02816,0,0,2.71555,1.68739,1.028160,1,0,105.673,0,0,0,105.673,0
58.2465,2.28166,0,0,5.51138,0.237031,0.36288,3.6288,55.4981,0.646334,0,0,1.13507,0.223164,0,0.66528,12.849,1,0.527126,0.36288,0,84.7169,3.95282,80.5999,0.84672,12.849,0.84672,3695.15,0,36.966,0.432578,1.66324,2.15418,8.76157,1.11268,11.0337,0.42336,36.966,0.42336,423.524,0,1.02816,0,0,2.6914,1.66324,1.028160,1,0,91.6336,0,0,0,91.6336,0
60.9306,2.3013,0,0,5.59563,0.247301,0.36288,3.6288,55.7447,0.647637,0,0,1.08581,0.191528,0,0.66528,12.849,1,0.507659,0.36288,0,81.8847,3.43675,78.3032,0.84672,12.849,0.84672,3695.15,0,36.966,0.431376,1.85227,2.15429,8.70463,0.974784,11.305,0.42336,36.966,0.42336,423.524,0,1.02816,0,0,2.88043,1.85227,1.028160,1,0,89.6082,0,0,0,89.6082,0
63.1766,2.57055,0,0,5.47351,0.29412,0.36288,3.6288,55.8787,0.66528,0,0,1.00299,0.203708,0,0.66528,12.849,1,0.542075,0.36288,0,83.1635,3.6386,79.3457,0.84672,12.849,0.84672,3695.15,0,36.966,0.626049,1.08859,2.1544,9.98154,0.993617,11.6049,0.42336,36.966,0.42336,423.524,0,1.02816,0,0,2.11675,1.08859,1.028160,1,0,90.9505,0,0,0,90.9505,0
65.9084,2.58672,0,0,6.01203,0.330584,0.36288,3.6288,56.6416,0.66528,0,0,1.64096,0.212798,0,0.66528,12.849,1,0.526093,0.36288,0,88.6758,3.78997,84.7226,0.84672,12.849,0.84672,3695.15,0,36.966,0.626162,1.55579,2.37534,10.3197,1.00774,12.6169,0.42336,36.966,0.42336,423.524,0,1.02816,0,0,2.58395,1.55579,1.028160,1,0,97.3395,0,0,0,97.3395,0
66.5934,2.60513,0,0,3.99093,0.337946,0.36288,3.6288,56.6062,0.66528,0,0,0.843756,0.213861,0,0.66528,12.849,1,0.507876,0.36288,0,61.4657,3.78997,57.5308,0.84672,12.849,0.84672,3695.15,0,36.966,0.626275,0.635057,2.37547,7.80408,1.00774,9.18059,0.42336,36.966,0.42336,423.524,0,1.02816,0,0,1.66322,0.635057,1.028160,1,0,66.7114,0,0,0,66.7114,0
66.41,2.60967,0,0,3.10497,0.31587,0.36288,3.6288,56.0393,0.974821,0,0,0.628736,0.220769,0,0.66528,12.849,1,0.503527,0.36288,0,52.5328,3.83633,48.5559,0.84672,12.849,0.84672,3695.15,0,36.966,0.636595,0.608429,2.37559,7.36031,1.05714,8.6506,0.42336,36.966,0.42336,423.524,0,0.708411,0,0,1.31684,0.608429,1.028160,1,0,57.2065,0,0,0,57.2065,0
67.2442,2.24588,0,0,3.7482,0.30523,0.36288,3.6288,56.7315,0.60671,0,0,1.4935,0.194664,0,0.66528,12.849,1,0.434533,0.36288,0,79.2901,3.65338,75.5651,0.84672,12.849,0.84672,3695.15,0,36.966,0.400212,1.12563,2.37571,9.2232,0.975083,11.3492,0.42336,36.966,0.42336,423.524,0,1.02816,0,0,2.15379,1.12563,1.028160,1,0,86.9144,0,0,0,86.9144,0
71.4503,2.25055,0,0,7.14315,0.323612,0.36288,3.6288,59.0232,0.609725,0,0,3.07094,0.169528,0,0.66528,12.849,1,0.430034,0.36288,0,109.047,3.46983,105.51,0.84672,12.849,0.84672,3695.15,0,36.966,0.397294,3.87112,2.07461,13.5476,0.864147,18.2319,0.42336,36.966,0.42336,423.524,0,1.02816,0,0,4.89928,3.87112,1.028160,1,0,123.742,0,0,0,123.742,0
72.29,2.27214,0,0,6.30476,0.334351,2.85855,3.6288,60.3088,0.61927,0,0,2.07696,0.172057,0,0.66528,12.849,1,0.408603,2.85855,0,84.5614,3.46983,83.5415,0.84672,12.849,0.84672,3695.15,0,36.966,0.387846,2.22278,2.07472,10.3099,0.864147,13.3554,0.42336,36.966,0.42336,423.524,0,1.02816,0,0,3.25094,2.22278,1.028160,1,0,96.897,0,0,0,96.897,0
72.29,2.27632,0,0,4.89404,0.336495,2.28123,3.6288,61.1277,0.624456,0,0,1.61679,0.173476,0,0.66528,12.849,1,0.404598,2.28123,0,89.1052,3.46983,87.512,0.84672,12.849,0.84672,3695.15,0,36.966,0.382757,1.48924,2.07483,8.34227,0.864147,10.6594,0.42336,36.966,0.42336,423.524,0,1.02816,0,0,2.5174,1.48924,1.028160,1,0,98.1714,0,0,0,98.1714,0
72.29,2.27646,0,0,4.09642,0.307596,1.51237,3.6288,61.308,0.627711,0,0,1.27434,0.160973,0.305309,0.66528,12.849,1,0.404623,1.51237,0,73.3139,3.32736,71.0942,0.84672,12.849,0.84672,3695.15,0,36.966,0.379599,1.07152,2.07493,7.97429,0.828108,9.91304,0.42336,36.966,0.42336,423.524,0,1.02816,0,0,2.09968,1.07152,1.028160,1,0,81.3126,0,0,0,81.3126,0
72.29,2.36916,0,0,8.14303,0.292796,5.48107,3.6288,61.308,0.66528,0,0,2.08535,0.164857,1.25521,0.66528,12.849,1,0.421101,5.48107,0,100.962,3.69327,102.329,0.84672,12.849,0.84672,3695.15,0,36.966,0.411833,1.87441,2.07504,11.7882,0.787228,14.5386,0.42336,36.966,0.42336,423.524,0,1.02816,0,0,2.90257,1.87441,1.028160,1,0,118.122,0,0,0,118.122,0
72.29,2.36931,0,0,7.81212,0.292796,5.15001,3.6288,61.308,0.66528,0,0,2.7321,0.164857,1.90196,0.66528,12.849,1,0.421127,5.15001,0,118.042,3.69327,119.078,0.84672,12.849,0.84672,3695.15,0,36.966,0.411934,2.18231,2.14943,16.4776,0.787228,19.6102,0.42336,36.966,0.42336,423.524,0,1.02816,0,0,3.21047,2.18231,1.028160,1,0,140.59,0,0,0,140.59,0
72.29,2.36946,0,0,7.2246,0.292796,4.56234,3.6288,61.308,0.66528,0,0,2.70136,0.164857,1.87122,0.66528,12.849,1,0.421153,4.56234,0,114,3.69327,114.448,0.84672,12.849,0.84672,3695.15,0,36.966,0.412035,2.00146,2.14954,16.1063,0.787228,19.0581,0.42336,36.966,0.42336,423.524,0,1.02816,0,0,3.02962,2.00146,1.028160,1,0,135.377,0,0,0,135.377,0
72.29,2.3696,0,0,6.35882,0.277706,3.71151,3.6288,61.308,0.66528,0,0,2.03998,0.163192,1.21151,0.66528,12.849,1,0.421179,3.71151,0,85.1092,3.79212,84.6074,0.84672,12.849,0.84672,3695.15,0,36.966,0.412136,1.4828,2.14965,10.1234,0.793656,12.5501,0.42336,36.966,0.42336,423.524,0,1.02816,0,0,2.51096,1.4828,1.028160,1,0,98.369,0,0,0,98.369,0
72.29,2.33355,0,0,5.29348,0.244789,2.71514,3.6288,61.308,0.655313,0,0,1.48234,0.184805,0.642221,0.66528,12.849,1,0.414771,2.71514,0,83.5739,4.22236,81.6519,0.84672,12.849,0.84672,3695.15,0,36.966,0.395125,1.14256,2.14976,9.66332,0.874297,11.6862,0.42336,36.966,0.42336,423.524,0,1.02816,0,0,2.17072,1.14256,1.028160,1,0,93.9803,0,0,0,93.9803,0
72.29,2.3337,0,0,4.82029,0.201653,2.28494,3.6288,61.308,0.655375,0,0,1.23675,0.203661,0.37771,0.66528,12.849,1,0.414797,2.28494,0,76.4476,4.3826,73.9351,0.84672,12.849,0.84672,3695.15,0,36.966,0.395162,1.25112,2.12096,8.90525,0.894116,10.988,0.42336,36.966,0.42336,423.524,0,1.02816,0,0,2.27928,1.25112,1.028160,1,0,85.3009,0,0,0,85.3009,0
72.29,2.33384,0,0,4.55296,0.201653,2.01747,3.6288,61.308,0.655437,0,0,1.23965,0.203661,0.380551,0.66528,12.849,1,0.414823,2.01747,0,71.0683,4.3826,68.2884,0.84672,12.849,0.84672,3695.15,0,36.966,0.395199,1.15322,2.12107,8.41717,0.894116,10.4021,0.42336,36.966,0.42336,423.524,0,1.02816,0,0,2.18138,1.15322,1.028160,1,0,79.0711,0,0,0,79.0711,0
72.29,2.33399,0,0,4.31508,0.201653,1.77944,3.6288,61.308,0.655499,0,0,1.5115,0.203661,0.652338,0.66528,12.849,1,0.414848,1.77944,0,66.8278,4.3826,63.8098,0.84672,12.849,0.84672,3695.15,0,36.966,0.395237,1.59211,2.12118,9.88425,0.894116,12.3082,0.42336,36.966,0.42336,423.524,0,1.02816,0,0,2.62027,1.59211,1.028160,1,0,76.7703,0,0,0,76.7703,0
72.29,2.45703,0,0,3.9701,0.18804,1.32502,3.6288,61.308,0.66528,0,0,1.22444,0.175692,0.383471,0.66528,12.849,1,0.436719,1.32502,0,60.2961,3.97833,57.2061,0.84672,12.849,0.84672,3695.15,0,36.966,0.481608,1.27146,2.12129,8.21102,0.858158,10.264,0.42336,36.966,0.42336,423.524,0,1.02816,0,0,2.29962,1.27146,1.028160,1,0,67.8536,0,0,0,67.8536,0
72.29,2.45719,0,0,3.79925,0.144552,1.19751,3.6288,61.308,0.66528,0,0,1.16013,0.192724,0.302123,0.66528,12.849,1,0.436746,1.19751,0,57.213,3.95577,54.018,0.84672,12.849,0.84672,3695.15,0,36.966,0.481712,1.27672,2.22273,7.66316,1.00182,9.67909,0.42336,36.966,0.42336,423.524,0,1.02816,0,0,2.30488,1.27672,1.028160,1,0,63.9992,0,0,0,63.9992,0
72.29,2.45734,0,0,3.65084,0.144552,1.04895,3.6288,61.308,0.66528,0,0,1.18184,0.192724,0.323835,0.66528,12.849,1,0.436773,1.04895,0,53.9359,3.95577,50.5923,0.84672,12.849,0.84672,3695.15,0,36.966,0.481817,1.16199,2.22285,7.64122,1.00182,9.54242,0.42336,36.966,0.42336,423.524,0,1.02816,0,0,2.19015,1.16199,1.028160,1,0,60.4586,0,0,0,60.4586,0
72.29,2.45749,0,0,3.42086,0.144552,0.818818,3.6288,61.308,0.66528,0,0,1.0999,0.192724,0.241893,0.66528,12.849,1,0.4368,0.818818,0,50.5274,3.95577,46.9537,0.84672,12.849,0.84672,3695.15,0,36.966,0.481922,1.01282,2.22296,7.08471,1.00182,8.83675,0.42336,36.966,0.42336,423.524,0,1.02816,0,0,2.04098,1.01282,1.028160,1,0,56.0323,0,0,0,56.0323,0
72.29,2.45764,0,0,3.2906,0.0887594,0.744194,3.6288,61.308,0.66528,0,0,1.07308,0.245366,0.162433,0.66528,12.849,1,0.436827,0.744194,0,47.3526,5.10756,42.5524,0.84672,12.849,0.84672,3695.15,0,36.966,0.482027,1.12537,2.22307,6.86051,1.18292,8.54401,0.42336,36.966,0.42336,423.524,0,1.02816,0,0,2.15353,1.12537,1.028160,1,0,51.2588,0,0,0,51.2588,0
72.29,2.43348,0,0,3.53783,0.10174,1.00261,3.6288,61.308,0.66528,0,0,1.19959,0.266557,0.26775,0.66528,12.849,1,0.432533,1.00261,0,44.1425,5.20223,39.5103,0.84672,12.849,0.84672,3695.15,0,36.966,0.534938,1.31017,2.22319,7.17854,1.30183,8.87513,0.42336,36.966,0.42336,423.524,0,1.02816,0,0,2.33833,1.31017,1.028160,1,0,48.6532,0,0,0,48.6532,0
72.29,2.43363,0,0,3.32816,0.10174,0.79279,3.6288,61.308,0.66528,0,0,1.13161,0.266557,0.19977,0.66528,12.849,1,0.43256,0.79279,0,43.8158,5.20223,38.9738,0.84672,12.849,0.84672,3695.15,0,36.966,0.535046,1.15518,2.25874,7.50263,1.30183,9.07967,0.42336,36.966,0.42336,423.524,0,1.02816,0,0,2.18334,1.15518,1.028160,1,0,48.2532,0,0,0,48.2532,0
72.29,2.43378,0,0,3.03051,0.10174,0.494991,3.6288,61.308,0.66528,0,0,1.12016,0.266557,0.188322,0.66528,12.849,1,0.432586,0.494991,0,43.4769,5.20223,38.3371,0.84672,12.849,0.84672,3695.15,0,36.966,0.535154,1.15828,2.25885,7.22097,1.30183,8.80111,0.42336,36.966,0.42336,423.524,0,1.02816,0,0,2.18644,1.15828,1.028160,1,0,47.3265,0,0,0,47.3265,0
72.1334,2.43393,0,0,2.74194,0.10174,0.36288,3.6288,61.308,0.66528,0,0,1.03956,0.266557,0.107719,0.66528,12.849,1,0.432613,0.36288,0,39.0427,5.20223,33.7707,0.84672,12.849,0.84672,3695.15,0,36.966,0.535261,0.887069,2.25897,6.92556,1.30183,8.23451,0.42336,36.966,0.42336,423.524,0,1.02816,0,0,1.91523,0.887069,1.028160,1,0,42.113,0,0,0,42.113,0
71.7677,2.49607,0,0,2.57755,0.0842532,0.36288,3.6288,61.1342,0.66528,0,0,0.806021,0.314528,0,0.66528,12.849,1,0.44462,0.36288,0,36.066,5.88052,30.1037,0.84672,12.849,0.84672,3695.15,0,36.966,0.582442,0.812108,2.25909,5.74045,1.48486,6.74434,0.42336,36.966,0.42336,423.524,0,1.02816,0,0,1.84027,0.812108,1.028160,1,0,36.848,0,0,0,36.848,0
71.232,2.4943,0,0,2.40516,0.0837305,0.36288,3.6288,60.774,0.66528,0,0,0.623108,0.31801,0,0.66528,12.849,1,0.446569,0.36288,0,33.4197,5.95424,27.3818,0.84672,12.849,0.84672,3695.15,0,36.966,0.582553,0.883198,2.30943,5.63384,1.48594,6.75798,0.42336,36.966,0.42336,423.524,0,1.02816,0,0,1.91136,0.883198,1.028160,1,0,34.1398,0,0,0,34.1398,0
70.5448,2.49161,0,0,2.25067,0.0833887,0.36288,3.6288,60.3682,0.66528,0,0,0.576761,0.317285,0,0.66528,12.849,1,0.449442,0.36288,0,30.1696,5.95424,24.1288,0.84672,12.849,0.84672,3695.15,0,36.966,0.582663,0.801187,2.30955,5.02813,1.48594,6.07027,0.42336,36.966,0.42336,423.524,0,1.02816,0,0,1.82935,0.801187,1.028160,1,0,30.1991,0,0,0,30.1991,0
69.6771,2.48806,0,0,2.06624,0.0829504,0.36288,3.6288,59.9569,0.66528,0,0,0.570423,0.316469,0,0.66528,12.849,1,0.453174,0.36288,0,27.5785,5.95424,21.534,0.84672,12.849,0.84672,3695.15,0,36.966,0.582773,0.65092,2.30967,4.91771,1.48594,5.80959,0.42336,36.966,0.42336,423.524,0,1.02816,0,0,1.67908,0.65092,1.028160,1,0,27.3436,0,0,0,27.3436,0
68.9121,2.66635,0,0,2.33731,0.0731025,0.36288,3.6288,59.6413,0.66528,0,0,0.661185,0.311519,0,0.66528,12.849,1,0.491696,0.36288,0,28.6948,6.14271,22.4233,0.84672,12.849,0.84672,3695.15,0,36.966,0.75283,1.03683,2.30979,6.46646,1.53375,7.52649,0.42336,36.966,0.42336,423.524,0,1.02816,0,0,2.06499,1.03683,1.028160,1,0,29.9498,0,0,0,29.9498,0
67.5909,2.66192,0,0,1.78741,0.0837867,0.36288,3.6288,59.1821,0.66528,0,0,0.528117,0.322049,0,0.66528,12.849,1,0.496328,0.36288,0,26.5686,6.11866,20.3165,0.84672,12.849,0.84672,3695.15,0,36.966,0.75295,0.511566,2.48181,3.35003,1.52422,4.06623,0.42336,36.966,0.42336,423.524,0,1.02816,0,0,1.53973,0.511566,1.028160,1,0,24.3827,0,0,0,24.3827,0
66.1818,2.65393,0,0,1.69058,0.0829247,0.36288,3.6288,58.6814,0.66528,0,0,0.48573,0.321104,0,0.66528,12.849,1,0.50451,0.36288,0,23.8775,6.11866,17.6172,0.84672,12.849,0.84672,3695.15,0,36.966,0.75307,0.415394,2.48194,3.31201,1.52422,3.93206,0.42336,36.966,0.42336,423.524,0,1.02816,0,0,1.44355,0.415394,1.028160,1,0,21.5493,0,0,0,21.5493,0
65.4264,2.64509,0,0,2.33461,0.0820053,0.36288,3.6288,58.234,0.66528,0,0,0.537931,0.320074,0,0.66528,12.849,1,0.513537,0.36288,0,25.612,6.11866,19.3427,0.84672,12.849,0.84672,3695.15,0,36.966,0.75319,0.610079,2.48207,3.69216,1.52422,4.50689,0.42336,36.966,0.42336,423.524,0,1.02816,0,0,1.63824,0.610079,1.028160,1,0,23.8496,0,0,0,23.8496,0
65.7141,2.6403,0,0,3.399,0.108133,0.36288,3.6288,57.9728,0.66528,0,0,0.716046,0.311926,0,0.66528,12.849,1,0.518525,0.36288,0,42.7389,5.97875,36.6045,0.84672,12.849,0.84672,3695.15,0,36.966,0.75331,0.814925,2.48219,4.10592,1.50186,5.14787,0.42336,36.966,0.42336,423.524,0,1.02816,0,0,1.84308,0.814925,1.028160,1,0,41.7524,0,0,0,41.7524,0
65.1287,2.55402,0,0,2.45062,0.119137,0.36288,3.6288,57.6466,0.66528,0,0,0.678891,0.339828,0,0.66528,12.849,1,0.499385,0.36288,0,20.791,5.39312,15.2614,0.84672,12.849,0.84672,3695.15,0,36.966,0.65025,1.02041,2.48232,3.51534,1.48015,4.88767,0.42336,36.966,0.42336,423.524,0,1.02816,0,0,2.04857,1.02041,1.028160,1,0,20.1491,0,0,0,20.1491,0
64.9239,2.55043,0,0,2.84171,0.133158,0.36288,3.6288,57.5183,0.66528,0,0,0.880986,0.344026,0,0.66528,12.849,1,0.503165,0.36288,0,21.8373,5.47449,16.2226,0.84672,12.849,0.84672,3695.15,0,36.966,0.650364,1.4635,2.38294,4.84788,1.52675,6.51721,0.42336,36.966,0.42336,423.524,0,1.02816,0,0,2.49166,1.4635,1.028160,1,0,22.7398,0,0,0,22.7398,0
64.6344,2.54926,0,0,2.75559,0.132939,0.36288,3.6288,57.3862,0.66528,0,0,0.876943,0.34374,0,0.66528,12.849,1,0.504521,0.36288,0,30.1382,5.47449,24.5221,0.84672,12.849,0.84672,3695.15,0,36.966,0.650479,1.44882,2.38307,4.86073,1.52675,6.5154,0.42336,36.966,0.42336,423.524,0,1.02816,0,0,2.47698,1.44882,1.028160,1,0,31.0375,0,0,0,31.0375,0
64.6833,2.54753,0,0,3.0919,0.13263,0.36288,3.6288,57.626,0.66528,0,0,1.2485,0.343446,0,0.66528,12.849,1,0.506437,0.36288,0,70.6926,5.47449,65.0745,0.84672,12.849,0.84672,3695.15,0,36.966,0.650593,2.0176,2.38319,6.7278,1.52675,8.95124,0.42336,36.966,0.42336,423.524,0,1.02816,0,0,3.04576,2.0176,1.028160,1,0,74.0258,0,0,0,74.0258,0
65.3761,2.47567,0,0,3.69674,0.165367,0.36288,3.6288,58.375,0.66528,0,0,1.67759,0.263277,0,0.66528,12.849,1,0.491779,0.36288,0,84.7029,4.49661,80.0774,0.84672,12.849,0.84672,3695.15,0,36.966,0.556767,2.53764,2.38331,6.71687,1.17602,9.90503,0.42336,36.966,0.42336,423.524,0,1.02816,0,0,3.5658,2.53764,1.028160,1,0,89.9825,0,0,0,89.9825,0
64.9675,2.48018,0,0,2.62535,0.190941,0.36288,3.6288,58.4183,0.66528,0,0,0.912312,0.203733,0,0.66528,12.849,1,0.487454,0.36288,0,49.4167,3.7632,45.5289,0.84672,12.849,0.84672,3695.15,0,36.966,0.556876,0.674533,2.29461,4.32689,0.912972,5.82618,0.42336,36.966,0.42336,423.524,0,1.02816,0,0,1.70269,0.674533,1.028160,1,0,51.3551,0,0,0,51.3551,0
66.3978,2.47777,0,0,4.46131,0.190316,0.36288,3.6288,58.7056,0.66528,0,0,1.15636,0.20379,0,0.66528,12.849,1,0.490044,0.36288,0,87.0496,3.7632,83.1592,0.84672,12.849,0.84672,3695.15,0,36.966,0.556985,0.668624,2.29473,5.60154,0.912972,7.09493,0.42336,36.966,0.42336,423.524,0,1.02816,0,0,1.69678,0.668624,1.028160,1,0,90.2541,0,0,0,90.2541,0
67.0543,2.48677,0,0,3.73649,0.230295,0.36288,3.6288,59.4852,0.66528,0,0,1.69334,0.248517,0,0.66528,12.849,1,0.481229,0.36288,0,63.1445,4.72742,58.2987,0.84672,12.849,0.84672,3695.15,0,36.966,0.557094,2.24055,2.29485,6.65351,1.18489,9.44692,0.42336,36.966,0.42336,423.524,0,1.02816,0,0,3.26871,2.24055,1.028160,1,0,67.7456,0,0,0,67.7456,0
70.1319,2.28418,0,0,5.96587,0.241217,0.36288,3.6288,60.439,0.63326,0,0,1.83083,0.243704,0,0.66528,12.849,1,0.437695,0.36288,0,119.676,4.56674,115.035,0.84672,12.849,0.84672,3695.15,0,36.966,0.393528,1.92018,2.29497,9.0325,1.13229,11.7218,0.42336,36.966,0.42336,423.524,0,1.02816,0,0,2.94834,1.92018,1.028160,1,0,126.756,0,0,0,126.756,0
72.2006,2.30055,0,0,5.00412,0.271976,0.36288,3.6288,61.308,0.637175,0,0,1.96008,0.229953,0.223974,0.66528,12.849,1,0.421488,0.36288,0,86.4009,4.16503,82.1772,0.84672,12.849,0.84672,3695.15,0,36.966,0.389712,2.11108,2.09773,15.2309,1.00079,18.0492,0.42336,36.966,0.42336,423.524,0,1.02816,0,0,3.13924,2.11108,1.028160,1,0,100.45,0,0,0,100.45,0
72.29,2.31095,0,0,5.06199,0.276316,2.38537,3.6288,61.308,0.640682,0,0,1.65662,0.231223,0.78472,0.66528,12.849,1,0.411262,2.38537,0,150.535,4.16503,148.344,0.84672,12.849,0.84672,3695.15,0,36.966,0.386303,1.56771,2.09784,11.195,1.00079,13.4735,0.42336,36.966,0.42336,423.524,0,1.02816,0,0,2.59587,1.56771,1.028160,1,0,162.602,0,0,0,162.602,0
72.29,2.31152,0,0,4.39174,0.283713,1.7965,3.6288,61.308,0.640743,0,0,1.36476,0.196891,0.527123,0.66528,12.849,1,0.410856,1.7965,0,167.322,3.76919,164.939,0.84672,12.849,0.84672,3695.15,0,36.966,0.38634,0.994326,2.09795,8.13888,0.911346,9.93347,0.42336,36.966,0.42336,423.524,0,1.02816,0,0,2.02249,0.994326,1.028160,1,0,175.399,0,0,0,175.399,0
72.29,2.31167,0,0,4.79101,0.273191,2.20615,3.6288,61.308,0.640804,0,0,1.47211,0.202713,0.628592,0.66528,12.849,1,0.410881,2.20615,0,117.539,3.70408,115.631,0.84672,12.849,0.84672,3695.15,0,36.966,0.386376,1.35788,2.09805,8.81116,1.00103,10.8797,0.42336,36.966,0.42336,423.524,0,1.02816,0,0,2.38604,1.35788,1.028160,1,0,127.139,0,0,0,127.139,0
72.29,2.39227,0,0,3.42324,0.286733,0.744233,3.6288,61.308,0.66528,0,0,2.42284,0.2446,1.51296,0.66528,12.849,1,0.425208,0.744233,0,105.119,4.69588,100.743,0.84672,12.849,0.84672,3695.15,0,36.966,0.418677,2.04002,2.09816,7.18574,1.18499,9.72025,0.42336,36.966,0.42336,423.524,0,1.02816,0,0,3.06818,2.04002,1.028160,1,0,111.976,0,0,0,111.976,0
71.7151,2.3924,0,0,2.46936,0.288991,0.36288,3.6288,61.308,0.66528,0,0,1.25604,0.251581,0.339179,0.66528,12.849,1,0.425231,0.36288,0,71.4822,4.86119,66.5586,0.84672,12.849,0.84672,3695.15,0,36.966,0.418767,0.940283,2.15982,3.63923,1.21565,5.10491,0.42336,36.966,0.42336,423.524,0,1.02816,0,0,1.96844,0.940283,1.028160,1,0,72.0027,0,0,0,72.0027,0
72.29,2.38964,0,0,5.41258,0.28773,2.1603,3.6288,61.308,0.66528,0,0,1.44372,0.251581,0.526857,0.66528,12.849,1,0.428146,2.1603,0,83.2982,4.86119,80.1692,0.84672,12.849,0.84672,3695.15,0,36.966,0.418857,0.958954,2.15992,5.32386,1.21565,6.80823,0.42336,36.966,0.42336,423.524,0,1.02816,0,0,1.98711,0.958954,1.028160,1,0,87.5043,0,0,0,87.5043,0
72.29,2.39267,0,0,3.99257,0.260819,1.33908,3.6288,61.308,0.66528,0,0,1.59761,0.274246,0.658079,0.66528,12.849,1,0.425278,1.33908,0,105.96,5.12497,101.749,0.84672,12.849,0.84672,3695.15,0,36.966,0.418947,1.43211,2.16001,5.59804,1.42519,7.34603,0.42336,36.966,0.42336,423.524,0,1.02816,0,0,2.46027,1.43211,1.028160,1,0,109.753,0,0,0,109.753,0
71.8348,2.65123,0,0,2.83171,0.272751,0.36288,3.6288,61.308,0.66528,0,0,1.39177,0.245882,0.480613,0.66528,12.849,1,0.471236,0.36288,0,77.907,4.23248,73.5661,0.84672,12.849,0.84672,3695.15,0,36.966,0.631864,0.958095,2.16011,5.65662,1.16333,6.97964,0.42336,36.966,0.42336,423.524,0,1.02816,0,0,1.98625,0.958095,1.028160,1,0,81.0264,0,0,0,81.0264,0
71.255,2.64884,0,0,2.74622,0.314369,0.36288,3.6288,61.308,0.82067,0,0,1.58654,0.224121,0.541746,0.66528,12.849,1,0.473795,0.36288,0,84.7446,3.99157,80.6421,0.84672,12.849,0.84672,3695.15,0,36.966,0.631964,0.503194,2.38168,6.63881,1.00861,7.88311,0.42336,36.966,0.42336,423.524,0,0.87277,0,0,1.37596,0.503194,1.028160,1,0,89.0669,0,0,0,89.0669,0
71.7526,2.64572,0,0,3.8192,0.312981,0.36288,3.6288,61.308,0.66528,0,0,2.38958,0.224121,1.50018,0.66528,12.849,1,0.477087,0.36288,0,92.1015,3.99157,87.9958,0.84672,12.849,0.84672,3695.15,0,36.966,0.632065,1.55422,2.38179,6.60226,1.00861,8.89759,0.42336,36.966,0.42336,423.524,0,1.02816,0,0,2.58238,1.55422,1.028160,1,0,98.3935,0,0,0,98.3935,0
70.872,2.64867,0,0,2.44509,0.314172,0.36288,3.6288,61.308,0.773427,0,0,1.202,0.224121,0.204449,0.66528,12.849,1,0.474307,0.36288,0,62.9249,3.99157,58.8219,0.84672,12.849,0.84672,3695.15,0,36.966,0.632166,0.608429,2.3819,5.03854,1.00861,6.38809,0.42336,36.966,0.42336,423.524,0,0.920013,0,0,1.52844,0.608429,1.028160,1,0,65.4145,0,0,0,65.4145,0
72.29,2.27625,0,0,4.61978,0.296909,0.628585,3.6288,61.308,0.631255,0,0,1.73772,0.214513,0.891952,0.66528,12.849,1,0.412682,0.628585,0,78.7266,3.79368,75.1489,0.84672,12.849,0.84672,3695.15,0,36.966,0.380619,1.24614,2.38201,9.19412,0.953871,11.4878,0.42336,36.966,0.42336,423.524,0,1.02816,0,0,2.2743,1.24614,1.028160,1,0,87.5286,0,0,0,87.5286,0
72.29,2.28325,0,0,6.86275,0.299158,4.28034,3.6288,61.308,0.631309,0,0,2.22098,0.196126,1.39355,0.66528,12.849,1,0.405831,4.28034,0,100.672,3.49377,101.053,0.84672,12.849,0.84672,3695.15,0,36.966,0.380651,2.06171,2.08004,16.6006,0.842465,19.5193,0.42336,36.966,0.42336,423.524,0,1.02816,0,0,3.08987,2.06171,1.028160,1,0,121.966,0,0,0,121.966,0
72.29,2.28338,0,0,7.4033,0.299158,4.82076,3.6288,61.308,0.631363,0,0,2.641,0.196126,1.81351,0.66528,12.849,1,0.405854,4.82076,0,114.027,3.49377,114.948,0.84672,12.849,0.84672,3695.15,0,36.966,0.380684,2.18713,2.08013,13.4994,0.842465,16.5435,0.42336,36.966,0.42336,423.524,0,1.02816,0,0,3.21529,2.18713,1.028160,1,0,133.305,0,0,0,133.305,0
72.29,2.28351,0,0,11.534,0.296426,8.95404,3.6288,61.308,0.631416,0,0,4.10049,0.173217,3.29586,0.66528,12.849,1,0.405876,8.95404,0,210.819,3.13515,216.232,0.84672,12.849,0.84672,3695.15,0,36.966,0.380716,5.14336,2.08023,28.4598,0.781045,34.5216,0.42336,36.966,0.42336,423.524,0,1.02816,0,0,6.17152,5.14336,1.028160,1,0,254.049,0,0,0,254.049,0
72.29,2.28363,0,0,10.3433,0.294377,7.76528,3.6288,61.308,0.63147,0,0,3.03421,0.156036,2.24671,0.66528,12.849,1,0.405898,7.76528,0,211.036,2.86619,215.53,0.84672,12.849,0.84672,3695.15,0,36.966,0.380749,4.05667,2.08032,18.7066,0.73498,23.7278,0.42336,36.966,0.42336,423.524,0,1.02816,0,0,5.08483,4.05667,1.028160,1,0,241.504,0,0,0,241.504,0
72.29,2.37658,0,0,5.28936,0.290194,2.62258,3.6288,61.308,0.66528,0,0,2.29579,0.169854,1.46065,0.66528,12.849,1,0.42242,2.62258,0,115.685,3.56727,114.318,0.84672,12.849,0.84672,3695.15,0,36.966,0.416929,1.67226,2.08041,6.64658,0.847573,9.13476,0.42336,36.966,0.42336,423.524,0,1.02816,0,0,2.70042,1.67226,1.028160,1,0,124.914,0,0,0,124.914,0
72.29,2.37672,0,0,4.63603,0.290194,1.96912,3.6288,61.308,0.66528,0,0,1.93225,0.169854,1.09712,0.66528,12.849,1,0.422443,1.96912,0,92.7444,3.56727,90.7238,0.84672,12.849,0.84672,3695.15,0,36.966,0.417019,1.70106,2.155,5.68007,0.847573,8.27154,0.42336,36.966,0.42336,423.524,0,1.02816,0,0,2.72922,1.70106,1.028160,1,0,100.092,0,0,0,100.092,0
72.29,2.37685,0,0,7.03305,0.288016,4.36818,3.6288,61.308,0.66528,0,0,2.26236,0.148792,1.44829,0.66528,12.849,1,0.422466,4.36818,0,152.517,2.82258,153.64,0.84672,12.849,0.84672,3695.15,0,36.966,0.417109,2.68186,2.1551,15.6638,0.707309,19.3763,0.42336,36.966,0.42336,423.524,0,1.02816,0,0,3.71002,2.68186,1.028160,1,0,174.465,0,0,0,174.465,0
72.29,2.37698,0,0,4.58778,0.238384,1.97242,3.6288,61.308,0.66528,0,0,1.83129,0.184798,0.981214,0.66528,12.849,1,0.42249,1.97242,0,92.3728,2.93296,90.9898,0.84672,12.849,0.84672,3695.15,0,36.966,0.417198,1.86016,2.1552,7.10208,0.789239,9.911,0.42336,36.966,0.42336,423.524,0,1.02816,0,0,2.88832,1.86016,1.028160,1,0,101.882,0,0,0,101.882,0
72.29,2.34081,0,0,4.21798,0.221198,1.65597,3.6288,61.308,0.658417,0,0,1.59451,0.204814,0.731281,0.66528,12.849,1,0.416061,1.65597,0,89.9735,3.40719,87.8062,0.84672,12.849,0.84672,3695.15,0,36.966,0.396996,1.2069,2.1553,5.62516,0.905527,7.68484,0.42336,36.966,0.42336,423.524,0,1.02816,0,0,2.23506,1.2069,1.028160,1,0,96.2223,0,0,0,96.2223,0
72.29,2.34094,0,0,3.76149,0.214324,1.20623,3.6288,61.308,0.658472,0,0,1.59933,0.21282,0.728041,0.66528,12.849,1,0.416084,1.20623,0,88.757,3.59688,85.9503,0.84672,12.849,0.84672,3695.15,0,36.966,0.397029,1.05912,2.12641,5.40489,0.952043,7.24134,0.42336,36.966,0.42336,423.524,0,1.02816,0,0,2.08728,1.05912,1.028160,1,0,93.9196,0,0,0,93.9196,0
72.29,2.34106,0,0,4.09006,0.214324,1.53467,3.6288,61.308,0.658527,0,0,1.37859,0.21282,0.507242,0.66528,12.849,1,0.416107,1.53467,0,91.5771,3.59688,89.0988,0.84672,12.849,0.84672,3695.15,0,36.966,0.397063,0.756035,2.1265,6.62309,0.952043,8.15652,0.42336,36.966,0.42336,423.524,0,1.02816,0,0,1.78419,0.756035,1.028160,1,0,97.7625,0,0,0,97.7625,0
72.29,2.34119,0,0,3.69046,0.171749,1.17752,3.6288,61.308,0.658583,0,0,1.34948,0.233591,0.457308,0.66528,12.849,1,0.416129,1.17752,0,83.0485,5.23435,78.5756,0.84672,12.849,0.84672,3695.15,0,36.966,0.397096,0.832836,2.1266,5.57438,1.0166,7.12012,0.42336,36.966,0.42336,423.524,0,1.02816,0,0,1.861,0.832836,1.028160,1,0,86.153,0,0,0,86.153,0
72.29,2.46457,0,0,3.22358,0.119201,0.639815,3.6288,61.308,0.66528,0,0,1.32337,0.250952,0.40714,0.66528,12.849,1,0.438058,0.639815,0,54.9463,5.18152,49.9666,0.84672,12.849,0.84672,3695.15,0,36.966,0.486806,0.813663,2.1267,5.01601,1.1228,6.34676,0.42336,36.966,0.42336,423.524,0,1.02816,0,0,1.84182,0.813663,1.028160,1,0,56.7205,0,0,0,56.7205,0
72.29,2.4647,0,0,3.29637,0.147672,0.683992,3.6288,61.308,0.66528,0,0,1.47122,0.245229,0.56071,0.66528,12.849,1,0.438082,0.683992,0,54.2258,4.21407,50.2577,0.84672,12.849,0.84672,3695.15,0,36.966,0.486899,0.843722,2.22841,4.46169,1.03336,6.01356,0.42336,36.966,0.42336,423.524,0,1.02816,0,0,1.87188,0.843722,1.028160,1,0,56.832,0,0,0,56.832,0
72.1519,2.46484,0,0,2.83726,0.147672,0.36288,3.6288,61.308,0.697931,0,0,0.990654,0.245229,0.047494,0.66528,12.849,1,0.438106,0.36288,0,55.1774,4.21407,50.8881,0.84672,12.849,0.84672,3695.15,0,36.966,0.486993,0.402797,2.22851,3.9388,1.03336,5.04976,0.42336,36.966,0.42336,423.524,0,0.995509,0,0,1.39831,0.402797,1.028160,1,0,55.9853,0,0,0,55.9853,0
71.8444,2.46426,0,0,2.6371,0.117395,0.36288,3.6288,61.308,0.66528,0,0,0.98115,0.247063,0.0688072,0.66528,12.849,1,0.438842,0.36288,0,55.0487,4.50621,50.4665,0.84672,12.849,0.84672,3695.15,0,36.966,0.487086,0.305986,2.22861,3.79884,1.14336,4.70299,0.42336,36.966,0.42336,423.524,0,1.02816,0,0,1.33415,0.305986,1.028160,1,0,55.2384,0,0,0,55.2384,0
71.3316,2.4628,0,0,2.40742,0.0945829,0.36288,3.6288,61.0953,0.846428,0,0,0.882161,0.248437,0,0.66528,12.849,1,0.44046,0.36288,0,50.8144,4.72531,46.0115,0.84672,12.849,0.84672,3695.15,0,36.966,0.510359,0.30119,2.22872,3.61577,1.22586,4.40946,0.42336,36.966,0.42336,423.524,0,0.823833,0,0,1.12502,0.30119,1.028160,1,0,50.421,0,0,0,50.421,0
70.536,2.43593,0,0,2.09636,0.0930882,0.36288,3.6288,60.5552,0.861252,0,0,0.58304,0.26185,0,0.66528,12.849,1,0.438785,0.36288,0,37.1693,4.94035,32.153,0.84672,12.849,0.84672,3695.15,0,36.966,0.540224,0.30119,2.22882,3.01636,1.15411,3.85204,0.42336,36.966,0.42336,423.524,0,0.832188,0,0,1.13338,0.30119,1.028160,1,0,36.0051,0,0,0,36.0051,0
69.5577,2.43187,0,0,1.90888,0.0925222,0.36288,3.6288,60.0118,0.85962,0,0,0.577151,0.260955,0,0.66528,12.849,1,0.442995,0.36288,0,36.8818,4.94035,31.8614,0.84672,12.849,0.84672,3695.15,0,36.966,0.54032,0.30119,2.26445,2.90309,1.15411,3.7743,0.42336,36.966,0.42336,423.524,0,0.83382,0,0,1.13501,0.30119,1.028160,1,0,35.6357,0,0,0,35.6357,0
68.4033,2.42675,0,0,1.72708,0.0918261,0.36288,3.6288,59.3586,0.928797,0,0,0.535619,0.260054,0,0.66528,12.849,1,0.44828,0.36288,0,33.1204,4.94035,28.0946,0.84672,12.849,0.84672,3695.15,0,36.966,0.572119,0.261274,2.26455,2.78434,1.15411,3.58394,0.42336,36.966,0.42336,423.524,0,0.73294,0,0,0.994213,0.261274,1.028160,1,0,31.6786,0,0,0,31.6786,0
67.2021,2.42051,0,0,1.64544,0.0632826,0.36288,3.6288,58.6194,0.921979,0,0,0.506791,0.323974,0,0.66528,12.849,1,0.454673,0.36288,0,30.0045,5.78725,24.1254,0.84672,12.849,0.84672,3695.15,0,36.966,0.574169,0.261274,2.26466,2.63799,1.46324,3.12651,0.42336,36.966,0.42336,423.524,0,0.737804,0,0,0.999078,0.261274,1.028160,1,0,27.2519,0,0,0,27.2519,0
65.7038,2.47608,0,0,1.405,0.0642809,0.36288,3.6288,57.6466,1.03711,0,0,0.391132,0.326873,0,0.66528,12.849,1,0.473425,0.36288,0,24.893,5.92835,18.8542,0.84672,12.849,0.84672,3695.15,0,36.966,0.654014,0.261274,2.26476,2.19705,1.50883,2.56024,0.42336,36.966,0.42336,423.524,0,0.590121,0,0,0.851394,0.261274,1.028160,1,0,21.4144,0,0,0,21.4144,0
64.3584,2.46718,0,0,1.55279,0.0680933,0.36288,3.6288,56.8102,0.960671,0,0,0.444401,0.320095,0,0.66528,12.849,1,0.482481,0.36288,0,31.1262,5.9283,25.0783,0.84672,12.849,0.84672,3695.15,0,36.966,0.616033,0.261274,2.31523,2.27267,1.50438,2.72875,0.42336,36.966,0.42336,423.524,0,0.704644,0,0,0.965917,0.261274,1.028160,1,0,27.8071,0,0,0,27.8071,0
62.8827,2.45891,0,0,1.41339,0.0673616,0.36288,3.6288,55.9158,0.942601,0,0,0.366536,0.318362,0,0.66528,12.849,1,0.490916,0.36288,0,25.0705,5.9283,19.0142,0.84672,12.849,0.84672,3695.15,0,36.966,0.613344,0.261274,2.31534,2.11184,1.50438,2.57072,0.42336,36.966,0.42336,423.524,0,0.725501,0,0,0.986774,0.261274,1.028160,1,0,21.5849,0,0,0,21.5849,0
61.2892,2.44948,0,0,1.28548,0.066559,0.36288,3.6288,54.9317,1.00895,0,0,0.341353,0.316509,0,0.66528,12.849,1,0.500509,0.36288,0,23.3713,5.9283,17.3054,0.84672,12.849,0.84672,3695.15,0,36.966,0.667021,0.227405,2.31544,1.88206,1.50438,2.2535,0.42336,36.966,0.42336,423.524,0,0.605569,0,0,0.832974,0.227405,1.028160,1,0,19.5589,0,0,0,19.5589,0
59.6662,2.61843,0,0,1.41282,0.0545607,0.36288,3.6288,54.0973,0.905783,0,0,0.394968,0.323533,0,0.66528,12.849,1,0.548942,0.36288,0,24.0768,6.10113,17.7896,0.84672,12.849,0.84672,3695.15,0,36.966,0.758607,0.227405,2.31555,2.5835,1.53391,2.83393,0.42336,36.966,0.42336,423.524,0,0.787657,0,0,1.01506,0.227405,1.028160,1,0,20.6236,0,0,0,20.6236,0
58.1184,2.60629,0,0,1.48845,0.0670219,0.36288,3.6288,52.9985,1.14593,0,0,0.345948,0.298781,0,0.66528,12.849,1,0.561259,0.36288,0,24.6779,5.76799,18.7115,0.84672,12.849,0.84672,3695.15,0,36.966,0.783043,0.227405,2.48802,2.03365,1.46318,2.50285,0.42336,36.966,0.42336,423.524,0,0.523178,0,0,0.750583,0.227405,1.028160,1,0,21.2144,0,0,0,21.2144,0
56.7482,2.59419,0,0,1.65053,0.0637435,0.36288,3.6288,52.1248,0.994723,0,0,0.413097,0.292126,0,0.66528,12.849,1,0.573531,0.36288,0,29.5864,5.80135,23.5744,0.84672,12.849,0.84672,3695.15,0,36.966,0.75882,0.227405,2.48813,2.03442,1.47414,2.51699,0.42336,36.966,0.42336,423.524,0,0.698717,0,0,0.926122,0.227405,1.028160,1,0,26.0914,0,0,0,26.0914,0
55.048,2.58304,0,0,1.30868,0.0628929,0.36288,3.6288,50.9973,1.14746,0,0,0.310062,0.290084,0,0.66528,12.849,1,0.584855,0.36288,0,32.487,5.80135,26.4637,0.84672,12.849,0.84672,3695.15,0,36.966,0.813761,0.204422,2.48825,1.63348,1.47414,2.03824,0.42336,36.966,0.42336,423.524,0,0.491143,0,0,0.695565,0.204422,1.028160,1,0,28.5019,0,0,0,28.5019,0
53.6454,2.56853,0,0,1.59064,0.0618375,0.36288,3.6288,50.4637,0.744648,0,0,0.498498,0.287449,0,0.66528,12.849,1,0.599532,0.36288,0,28.3188,5.80135,22.2808,0.84672,12.849,0.84672,3695.15,0,36.966,0.759034,0.204422,2.48836,2.35364,1.47414,2.81325,0.42336,36.966,0.42336,423.524,0,0.948792,0,0,1.15321,0.204422,1.028160,1,0,25.094,0,0,0,25.094,0
51.4215,2.47059,0,0,0.658825,0.0492382,0.36288,3.6288,49.5541,0.974234,0,0,0.33879,0.274134,0,0.66528,12.849,1,0.59175,0.36288,0,12.772,5.36405,7.17908,0.84672,12.849,0.84672,3695.15,0,36.966,0.713652,0.204422,2.48848,1.44116,1.33099,2.08942,0.42336,36.966,0.42336,423.524,0,0.661239,0,0,0.865661,0.204422,1.028160,1,0,9.2685,0,0,0,9.2685,0
49.0194,2.45025,0,0,0.457173,0.0462127,0.36288,3.6288,48.2386,1.21816,0,0,0.172693,0.270102,0,0.66528,12.849,1,0.612259,0.36288,0,9.87742,5.29116,4.33688,0.84672,12.849,0.84672,3695.15,0,36.966,0.908715,0.204422,2.38882,0.924713,1.30713,1.30211,0.42336,36.966,0.42336,423.524,0,0.222351,0,0,0.426774,0.204422,1.028160,1,0,5.63899,0,0,0,5.63899,0
46.6904,2.42661,0,0,0.537418,0.0768978,0.36288,3.6288,46.9695,1.20493,0,0,0.175452,0.239573,0,0.66528,12.849,1,0.636066,0.36288,0,9.94931,4.8759,4.80022,0.84672,12.849,0.84672,3695.15,0,36.966,0.923357,0.216518,2.38893,0.965684,1.17733,1.47044,0.42336,36.966,0.42336,423.524,0,0.221043,0,0,0.437562,0.216518,1.028160,1,0,6.27066,0,0,0,6.27066,0
45.2872,2.40186,0,0,1.51411,0.152574,0.36288,3.6288,46.1926,1.03411,0,0,0.425936,0.168759,0,0.66528,12.849,1,0.660983,0.36288,0,31.7903,3.83775,27.6544,0.84672,12.849,0.84672,3695.15,0,36.966,0.813867,0.216518,2.38904,2.57036,0.852844,3.5092,0.42336,36.966,0.42336,423.524,0,0.501453,0,0,0.717971,0.216518,1.028160,1,0,31.1636,0,0,0,31.1636,0
43.3826,2.31832,0,0,0.911228,0.134664,0.36288,3.6288,45.3779,0.975587,0,0,0.336401,0.175492,0,0.66528,12.849,1,0.657759,0.36288,0,20.5187,4.02972,16.1941,0.84672,12.849,0.84672,3695.15,0,36.966,0.780722,0.216518,2.38915,1.76474,0.854265,2.73542,0.42336,36.966,0.42336,423.524,0,0.499035,0,0,0.715554,0.216518,1.028160,1,0,18.9295,0,0,0,18.9295,0
41.5914,2.29616,0,0,1.03798,0.170089,0.36288,3.6288,44.6491,0.955218,0,0,0.403796,0.177378,0,0.66528,12.849,1,0.680075,0.36288,0,22.0622,4.36356,17.3815,0.84672,12.849,0.84672,3695.15,0,36.966,0.778145,0.216518,2.3002,2.78065,0.955369,3.56385,0.42336,36.966,0.42336,423.524,0,0.522078,0,0,0.738596,0.216518,1.028160,1,0,20.9453,0,0,0,20.9453,0
39.6698,2.27391,0,0,0.92486,0.209621,0.36288,3.6288,43.6964,1.05775,0,0,0.27584,0.170769,0,0.66528,12.849,1,0.702489,0.36288,0,19.417,4.42197,14.6554,0.84672,12.849,0.84672,3695.15,0,36.966,0.875736,0.216518,2.3003,2.32365,1.02978,2.93496,0.42336,36.966,0.42336,423.524,0,0.322052,0,0,0.53857,0.216518,1.028160,1,0,17.5904,0,0,0,17.5904,0
38.0738,2.24833,0,0,1.2201,0.20491,0.36288,3.6288,43.4899,0.664948,0,0,0.627681,0.169242,0,0.66528,12.849,1,0.728232,0.36288,0,25.9788,4.42197,21.1914,0.84672,12.849,0.84672,3695.15,0,36.966,0.562528,0.345071,2.30041,4.13025,1.02978,5.18342,0.42336,36.966,0.42336,423.524,0,1.02816,0,0,1.37323,0.345071,1.028160,1,0,26.3749,0,0,0,26.3749,0
38.7282,2.04099,0,0,3.26197,0.203687,0.36288,3.6288,44.167,0.557499,0,0,1.40785,0.173236,0,0.66528,12.849,1,0.688784,0.36288,0,79.2009,4.37623,74.4988,0.84672,12.849,0.84672,3695.15,0,36.966,0.473868,1.47277,2.30051,7.09739,1.03066,9.36614,0.42336,36.966,0.42336,423.524,0,1.02816,0,0,2.50093,1.47277,1.028160,1,0,83.8649,0,0,0,83.8649,0
39.0361,2.04984,0,0,2.94117,0.220549,0.36288,3.6288,44.3344,0.561501,0,0,0.929327,0.200461,0,0.66528,12.849,1,0.680082,0.36288,0,51.6085,4.10182,47.1895,0.84672,12.849,0.84672,3695.15,0,36.966,0.469953,0.761029,2.10275,5.26443,1.03597,6.62228,0.42336,36.966,0.42336,423.524,0,1.02816,0,0,1.78919,0.761029,1.028160,1,0,53.8118,0,0,0,53.8118,0
39.2913,2.05399,0,0,2.89335,0.221337,0.36288,3.6288,44.5119,0.562516,0,0,0.940818,0.200777,0,0.66528,12.849,1,0.676084,0.36288,0,67.9602,4.10182,63.5451,0.84672,12.849,0.84672,3695.15,0,36.966,0.469026,0.5137,2.10285,4.58165,1.03597,5.69319,0.42336,36.966,0.42336,423.524,0,1.02816,0,0,1.54186,0.5137,1.028160,1,0,69.2383,0,0,0,69.2383,0
38.8212,2.05741,0,0,2.17221,0.22199,0.36288,3.6288,44.5171,0.563586,0,0,0.769885,0.201112,0,0.66528,12.849,1,0.672813,0.36288,0,71.7644,4.10182,67.3527,0.84672,12.849,0.84672,3695.15,0,36.966,0.468043,1.17328,2.10294,4.21979,1.03597,5.992,0.42336,36.966,0.42336,423.524,0,1.02816,0,0,2.20144,1.17328,1.028160,1,0,73.3447,0,0,0,73.3447,0
37.6234,2.0514,0,0,1.43726,0.220787,0.36288,3.6288,44.0034,0.757008,0,0,0.444447,0.201122,0,0.66528,12.849,1,0.678971,0.36288,0,39.7317,4.10182,35.3138,0.84672,12.849,0.84672,3695.15,0,36.966,0.628603,0.412474,2.10304,3.52827,1.03597,4.37921,0.42336,36.966,0.42336,423.524,0,0.674266,0,0,1.08674,0.412474,1.028160,1,0,39.693,0,0,0,39.693,0
36.7344,2.03529,0,0,1.73588,0.22672,0.36288,3.6288,44.5152,0.560694,0,0,1.2314,0.158908,0,0.66528,12.849,1,0.695085,0.36288,0,42.3293,3.66878,38.3283,0.84672,12.849,0.84672,3695.15,0,36.966,0.471023,1.72724,2.10313,8.1883,0.816766,10.7309,0.42336,36.966,0.42336,423.524,0,1.02816,0,0,2.7554,1.72724,1.028160,1,0,49.0592,0,0,0,49.0592,0
36.7675,2.09333,0,0,2.71725,0.227913,0.36288,3.6288,45.1654,0.594745,0,0,1.38804,0.143099,0,0.66528,12.849,1,0.732206,0.36288,0,89.43,3.49556,85.5652,0.84672,12.849,0.84672,3695.15,0,36.966,0.493884,1.67632,2.10313,9.72881,0.729084,12.2853,0.42336,36.966,0.42336,423.524,0,1.02816,0,0,2.70448,1.67632,1.028160,1,0,97.8505,0,0,0,97.8505,0
36.1969,2.09392,0,0,2.11417,0.228003,0.36288,3.6288,45.6098,0.598698,0,0,1.18702,0.143973,0,0.66528,12.849,1,0.731753,0.36288,0,55.1346,3.49556,51.2702,0.84672,12.849,0.84672,3695.15,0,36.966,0.490009,1.25169,2.16494,7.06899,0.729084,9.26653,0.42336,36.966,0.42336,423.524,0,1.02816,0,0,2.27985,1.25169,1.028160,1,0,60.5367,0,0,0,60.5367,0
35.1901,2.0855,0,0,1.66806,0.226457,0.36288,3.6288,45.9153,0.601379,0,0,1.05152,0.144571,0,0.66528,12.849,1,0.740302,0.36288,0,35.1243,3.49556,31.2513,0.84672,12.849,0.84672,3695.15,0,36.966,0.487408,0.967023,2.16502,6.01574,0.729084,7.93129,0.42336,36.966,0.42336,423.524,0,1.02816,0,0,1.99518,0.967023,1.028160,1,0,39.1826,0,0,0,39.1826,0
34.5065,2.07009,0,0,1.97821,0.228897,0.36288,3.6288,46.3189,0.603219,0,0,1.14893,0.142131,0,0.66528,12.849,1,0.755853,0.36288,0,48.665,3.54391,44.7281,0.84672,12.849,0.84672,3695.15,0,36.966,0.485646,0.880822,2.16511,6.4362,0.748484,8.248,0.42336,36.966,0.42336,423.524,0,1.02816,0,0,1.90898,0.880822,1.028160,1,0,52.9761,0,0,0,52.9761,0
34.228,2.2267,0,0,2.53646,0.225379,0.36288,3.6288,46.7997,0.66528,0,0,1.29879,0.152697,0,0.66528,12.849,1,0.829147,0.36288,0,50.5367,3.73819,46.3322,0.84672,12.849,0.84672,3695.15,0,36.966,0.592517,0.777228,2.1652,7.18632,0.986805,8.54942,0.42336,36.966,0.42336,423.524,0,1.02816,0,0,1.80539,0.777228,1.028160,1,0,54.8816,0,0,0,54.8816,0
34.3572,2.2219,0,0,2.94284,0.228854,0.36288,3.6288,47.4362,0.66528,0,0,1.45575,0.154036,0,0.66528,12.849,1,0.834092,0.36288,0,62.312,3.87061,57.9702,0.84672,12.849,0.84672,3695.15,0,36.966,0.592604,1.35848,2.3388,8.22468,1.03997,10.2894,0.42336,36.966,0.42336,423.524,0,1.02816,0,0,2.38664,1.35848,1.028160,1,0,68.2596,0,0,0,68.2596,0
35.3421,2.22429,0,0,3.80137,0.229216,0.36288,3.6288,48.048,0.66528,0,0,1.43192,0.154862,0,0.66528,12.849,1,0.831848,0.36288,0,91.2825,3.87061,86.9429,0.84672,12.849,0.84672,3695.15,0,36.966,0.59269,1.5375,2.33889,9.06811,1.03997,11.3118,0.42336,36.966,0.42336,423.524,0,1.02816,0,0,2.56566,1.5375,1.028160,1,0,98.2547,0,0,0,98.2547,0
36.7957,2.2414,0,0,4.29649,0.238674,0.36288,3.6288,48.7987,0.66528,0,0,1.57493,0.158896,0,0.66528,12.849,1,0.814885,0.36288,0,88.739,3.89992,84.3871,0.84672,12.849,0.84672,3695.15,0,36.966,0.592776,1.31727,2.33898,8.63171,1.05227,10.6429,0.42336,36.966,0.42336,423.524,0,1.02816,0,0,2.34543,1.31727,1.028160,1,0,95.03,0,0,0,95.03,0
41.4589,1.94981,0,0,7.23583,0.259905,0.36288,3.6288,50.6738,0.556485,0,0,2.59966,0.168042,0,0.66528,12.849,1,0.680871,0.36288,0,181.432,3.9732,177.141,0.84672,12.849,0.84672,3695.15,0,36.966,0.421548,2.90854,2.33908,14.9899,1.08303,18.7329,0.42336,36.966,0.42336,423.524,0,1.02816,0,0,3.9367,2.90854,1.028160,1,0,195.874,0,0,0,195.874,0
45.6984,2.00837,0,0,6.8853,0.274526,0.36288,3.6288,52.6137,0.565547,0,0,2.67605,0.170651,0,0.66528,12.849,1,0.622437,0.36288,0,174.199,3.9732,169.966,0.84672,12.849,0.84672,3695.15,0,36.966,0.41256,3.09634,2.04297,17.0578,1.08303,20.7015,0.42336,36.966,0.42336,423.524,0,1.02816,0,0,4.1245,3.09634,1.028160,1,0,190.668,0,0,0,190.668,0
49.9521,2.05354,0,0,6.95831,0.288202,0.36288,3.6288,54.2296,0.574525,0,0,2.36379,0.173349,0,0.66528,12.849,1,0.577393,0.36288,0,163.9,3.9732,159.712,0.84672,12.849,0.84672,3695.15,0,36.966,0.403657,2.73593,2.04306,13.9595,1.08303,17.2518,0.42336,36.966,0.42336,423.524,0,1.02816,0,0,3.76409,2.73593,1.028160,1,0,176.964,0,0,0,176.964,0
55.6439,2.09275,0,0,8.44595,0.298493,0.36288,3.6288,57.3816,0.581721,0,0,3.91487,0.181129,0,0.66528,12.849,1,0.538311,0.36288,0,212.346,4.14163,208.029,0.84672,12.849,0.84672,3695.15,0,36.966,0.396534,3.58109,2.04314,23.0334,1.10711,27.154,0.42336,36.966,0.42336,423.524,0,1.02816,0,0,4.60925,3.58109,1.028160,1,0,235.183,0,0,0,235.183,0
58.758,2.13759,0,0,5.9085,0.293941,0.36288,3.6288,60.336,0.595014,0,0,3.71575,0.166396,0,0.66528,12.849,1,0.493601,0.36288,0,189.104,3.61559,185.357,0.84672,12.849,0.84672,3695.15,0,36.966,0.383316,2.97612,2.04322,16.2464,0.992992,19.8894,0.42336,36.966,0.42336,423.524,0,1.02816,0,0,4.00428,2.97612,1.028160,1,0,205.247,0,0,0,205.247,0
61.9687,2.24712,0,0,6.12363,0.302939,0.36288,3.6288,61.308,0.649199,0,0,3.54063,0.160587,1.75881,0.66528,12.849,1,0.491392,0.36288,0,189.119,3.35948,185.631,0.84672,12.849,0.84672,3695.15,0,36.966,0.397745,2.87753,2.0433,15.2834,0.949896,18.8566,0.42336,36.966,0.42336,423.524,0,1.02816,0,0,3.90569,2.87753,1.028160,1,0,206.247,0,0,0,206.247,0
67.63,2.32485,0,0,8.66074,0.311747,0.36288,3.6288,61.308,0.66528,0,0,5.87657,0.161579,5.04971,0.66528,12.849,1,0.482049,0.36288,0,202.073,3.35948,198.595,0.84672,12.849,0.84672,3695.15,0,36.966,0.421528,6.13989,2.11642,28.5003,0.949896,35.3852,0.42336,36.966,0.42336,423.524,0,1.02816,0,0,7.16805,6.13989,1.028160,1,0,239.029,0,0,0,239.029,0
70.6045,2.35887,0,0,5.98804,0.291826,0.36288,3.6288,61.308,0.66528,0,0,4.17912,0.18061,3.33323,0.66528,12.849,1,0.448161,0.36288,0,247.456,3.59215,243.778,0.84672,12.849,0.84672,3695.15,0,36.966,0.421607,3.39398,2.16004,16.4775,0.995697,20.6142,0.42336,36.966,0.42336,423.524,0,1.02816,0,0,4.42214,3.39398,1.028160,1,0,267.726,0,0,0,267.726,0
72.29,2.37496,0,0,4.70264,0.265658,0.376479,3.6288,61.308,0.66528,0,0,2.20806,0.191639,1.35114,0.66528,12.849,1,0.432208,0.376479,0,146.7,3.86105,142.784,0.84672,12.849,0.84672,3695.15,0,36.966,0.421686,1.94543,2.16012,10.4171,1.05717,13.0438,0.42336,36.966,0.42336,423.524,0,1.02816,0,0,2.97359,1.94543,1.028160,1,0,157.178,0,0,0,157.178,0
72.29,2.34724,0,0,3.71187,0.268562,1.09607,3.6288,61.308,0.661167,0,0,1.28941,0.184944,0.443297,0.66528,12.849,1,0.417203,1.09607,0,100.349,4.14738,96.8808,0.84672,12.849,0.84672,3695.15,0,36.966,0.398655,1.23679,2.16021,7.04065,1.04075,8.99825,0.42336,36.966,0.42336,423.524,0,1.02816,0,0,2.26495,1.23679,1.028160,1,0,106.322,0,0,0,106.322,0
72.29,2.34735,0,0,3.43986,0.240317,0.852194,3.6288,61.308,0.661216,0,0,1.1388,0.194304,0.283275,0.66528,12.849,1,0.417224,0.852194,0,92.4471,4.23077,88.6513,0.84672,12.849,0.84672,3695.15,0,36.966,0.398684,1.20036,2.13123,6.41027,1.04657,8.29662,0.42336,36.966,0.42336,423.524,0,1.02816,0,0,2.22852,1.20036,1.028160,1,0,97.2312,0,0,0,97.2312,0
72.29,2.34746,0,0,3.20063,0.240317,0.612848,3.6288,61.308,0.661264,0,0,1.13619,0.194304,0.280617,0.66528,12.849,1,0.417244,0.612848,0,84.5234,4.23077,80.4882,0.84672,12.849,0.84672,3695.15,0,36.966,0.398713,1.20876,2.13132,6.09203,1.04657,7.98683,0.42336,36.966,0.42336,423.524,0,1.02816,0,0,2.23692,1.20876,1.028160,1,0,88.7557,0,0,0,88.7557,0
72.29,2.34758,0,0,3.06246,0.232276,0.482605,3.6288,61.308,0.661313,0,0,1.37684,0.19855,0.516982,0.66528,12.849,1,0.417264,0.482605,0,78.8642,4.2292,74.7003,0.84672,12.849,0.84672,3695.15,0,36.966,0.398742,1.59705,2.1314,7.13304,1.04569,9.41705,0.42336,36.966,0.42336,423.524,0,1.02816,0,0,2.62521,1.59705,1.028160,1,0,84.6344,0,0,0,84.6344,0
71.937,2.47124,0,0,2.6651,0.184025,0.36288,3.6288,61.308,0.66528,0,0,0.976346,0.224025,0.087041,0.66528,12.849,1,0.439244,0.36288,0,58.4807,4.21985,54.1845,0.84672,12.849,0.84672,3695.15,0,36.966,0.491407,0.605966,2.13149,4.72484,1.04045,5.93044,0.42336,36.966,0.42336,423.524,0,1.02816,0,0,1.63413,0.605966,1.028160,1,0,60.202,0,0,0,60.202,0
71.3441,2.46953,0,0,2.42305,0.183532,0.36288,3.6288,61.0924,0.838175,0,0,0.846599,0.224025,0,0.66528,12.849,1,0.441094,0.36288,0,55.2321,4.21985,50.934,0.84672,12.849,0.84672,3695.15,0,36.966,0.505382,0.402797,2.23344,4.34868,1.04045,5.43907,0.42336,36.966,0.42336,423.524,0,0.841372,0,0,1.24417,0.402797,1.028160,1,0,56.3731,0,0,0,56.3731,0
70.4668,2.46654,0,0,2.13483,0.182705,0.36288,3.6288,61.0044,0.684858,0,0,0.820567,0.22372,0,0.66528,12.849,1,0.444221,0.36288,0,46.9041,4.21985,42.6029,0.84672,12.849,0.84672,3695.15,0,36.966,0.491571,0.30119,2.23353,4.28604,1.04045,5.28873,0.42336,36.966,0.42336,423.524,0,1.00858,0,0,1.30977,0.30119,1.028160,1,0,47.8916,0,0,0,47.8916,0
69.4829,2.46198,0,0,1.98405,0.143121,0.36288,3.6288,60.896,0.66528,0,0,0.807388,0.250503,0,0.66528,12.849,1,0.44892,0.36288,0,43.2853,4.65289,38.5463,0.84672,12.849,0.84672,3695.15,0,36.966,0.491653,0.326212,2.23362,4.0372,1.14762,4.95775,0.42336,36.966,0.42336,423.524,0,1.02816,0,0,1.35437,0.326212,1.028160,1,0,43.5041,0,0,0,43.5041,0
68.5909,2.45673,0,0,2.05298,0.125306,0.36288,3.6288,60.8728,0.66528,0,0,0.884295,0.242213,0,0.66528,12.849,1,0.454307,0.36288,0,45.4573,4.98641,40.3795,0.84672,12.849,0.84672,3695.15,0,36.966,0.491735,0.686336,2.23371,4.31507,1.19859,5.54478,0.42336,36.966,0.42336,423.524,0,1.02816,0,0,1.7145,0.686336,1.028160,1,0,45.9242,0,0,0,45.9242,0
67.6307,2.42763,0,0,1.95447,0.124191,0.36288,3.6288,60.8155,0.66528,0,0,0.846979,0.239032,0,0.66528,12.849,1,0.454764,0.36288,0,45.7334,5.01312,40.6284,0.84672,12.849,0.84672,3695.15,0,36.966,0.544896,0.615721,2.23379,4.44925,1.19994,5.55392,0.42336,36.966,0.42336,423.524,0,1.02816,0,0,1.64388,0.615721,1.028160,1,0,46.1823,0,0,0,46.1823,0
66.4997,2.42232,0,0,1.7775,0.12326,0.36288,3.6288,60.7371,0.66528,0,0,0.825898,0.238945,0,0.66528,12.849,1,0.460212,0.36288,0,44.8383,5.01312,39.7279,0.84672,12.849,0.84672,3695.15,0,36.966,0.54498,0.594423,2.2695,4.26317,1.19994,5.38217,0.42336,36.966,0.42336,423.524,0,1.02816,0,0,1.62258,0.594423,1.028160,1,0,45.11,0,0,0,45.11,0
65.2121,2.41588,0,0,1.61334,0.122163,0.36288,3.6288,60.6078,0.66528,0,0,0.774818,0.238826,0,0.66528,12.849,1,0.466794,0.36288,0,39.9546,5.01312,34.8375,0.84672,12.849,0.84672,3695.15,0,36.966,0.545065,0.411437,2.26959,4.12405,1.19994,5.06007,0.42336,36.966,0.42336,423.524,0,1.02816,0,0,1.4396,0.411437,1.028160,1,0,39.8976,0,0,0,39.8976,0
63.7559,2.4083,0,0,1.41674,0.101768,0.36288,3.6288,60.3274,0.66528,0,0,0.694017,0.309174,0,0.66528,12.849,1,0.474516,0.36288,0,33.732,6.01736,27.603,0.84672,12.849,0.84672,3695.15,0,36.966,0.545149,0.307169,2.26968,3.53294,1.46916,4.09548,0.42336,36.966,0.42336,423.524,0,1.02816,0,0,1.33533,0.307169,1.028160,1,0,31.6985,0,0,0,31.6985,0
62.2692,2.46126,0,0,1.43165,0.09424,0.36288,3.6288,60.1329,0.66528,0,0,0.792124,0.321374,0,0.66528,12.849,1,0.496028,0.36288,0,36.2807,6.2161,29.9314,0.84672,12.849,0.84672,3695.15,0,36.966,0.592547,0.285526,2.26977,3.18597,1.45219,3.69654,0.42336,36.966,0.42336,423.524,0,1.02816,0,0,1.31369,0.285526,1.028160,1,0,33.6279,0,0,0,33.6279,0
60.7185,2.45156,0,0,1.35686,0.0931033,0.36288,3.6288,59.8553,0.66528,0,0,0.70867,0.320976,0,0.66528,12.849,1,0.50587,0.36288,0,32.0568,6.2161,25.6977,0.84672,12.849,0.84672,3695.15,0,36.966,0.592633,0.413562,2.32035,3.32764,1.45219,4.01673,0.42336,36.966,0.42336,423.524,0,1.02816,0,0,1.44172,0.413562,1.028160,1,0,29.7145,0,0,0,29.7145,0
59.0911,2.44102,0,0,1.26841,0.0919177,0.36288,3.6288,59.5253,0.66528,0,0,0.65569,0.320409,0,0.66528,12.849,1,0.516558,0.36288,0,30.4814,6.2161,24.1116,0.84672,12.849,0.84672,3695.15,0,36.966,0.592719,0.2895,2.32044,2.91988,1.45219,3.48491,0.42336,36.966,0.42336,423.524,0,1.02816,0,0,1.31766,0.2895,1.028160,1,0,27.5965,0,0,0,27.5965,0
57.4596,2.42945,0,0,1.25138,0.0905407,0.36288,3.6288,59.2497,0.66528,0,0,0.709379,0.319734,0,0.66528,12.849,1,0.528268,0.36288,0,28.2837,6.2161,21.9022,0.84672,12.849,0.84672,3695.15,0,36.966,0.592805,0.378311,2.32054,3.30206,1.45219,3.95591,0.42336,36.966,0.42336,423.524,0,1.02816,0,0,1.40647,0.378311,1.028160,1,0,25.8581,0,0,0,25.8581,0
55.5284,2.59525,0,0,1.15582,0.12888,0.36288,3.6288,58.7923,0.778231,0,0,0.648083,0.327171,0,0.66528,12.849,1,0.580345,0.36288,0,20.7495,6.39018,14.1418,0.84672,12.849,0.84672,3695.15,0,36.966,0.7637,0.227405,2.32063,2.6815,1.53237,2.93346,0.42336,36.966,0.42336,423.524,0,0.915209,0,0,1.14261,0.227405,1.028160,1,0,17.0753,0,0,0,17.0753,0
53.7559,2.57898,0,0,1.29151,0.122188,0.36288,3.6288,58.5947,0.66528,0,0,0.796383,0.328761,0,0.66528,12.849,1,0.596764,0.36288,0,26.4032,6.46495,19.7044,0.84672,12.849,0.84672,3695.15,0,36.966,0.763794,0.406754,2.49349,2.84626,1.54731,3.4354,0.42336,36.966,0.42336,423.524,0,1.02816,0,0,1.43491,0.406754,1.028160,1,0,23.1398,0,0,0,23.1398,0
51.7301,2.56322,0,0,1.02033,0.120025,0.36288,3.6288,57.9778,0.869884,0,0,0.581327,0.328344,0,0.66528,12.849,1,0.612675,0.36288,0,27.2474,6.46495,20.5327,0.84672,12.849,0.84672,3695.15,0,36.966,0.763887,0.204422,2.49359,2.25528,1.54731,2.6421,0.42336,36.966,0.42336,423.524,0,0.823556,0,0,1.02798,0.204422,1.028160,1,0,23.1748,0,0,0,23.1748,0
49.9692,2.54413,0,0,1.2637,0.117552,0.36288,3.6288,57.9526,0.66528,0,0,0.96713,0.327041,0,0.66528,12.849,1,0.631924,0.36288,0,24.1472,6.46495,17.4132,0.84672,12.849,0.84672,3695.15,0,36.966,0.763981,0.805343,2.49369,3.38904,1.54731,4.37678,0.42336,36.966,0.42336,423.524,0,1.02816,0,0,1.8335,0.805343,1.028160,1,0,21.79,0,0,0,21.79,0
48.2624,2.52653,0,0,1.34615,0.16354,0.36288,3.6288,57.7037,0.66528,0,0,0.728715,0.312287,0,0.66528,12.849,1,0.649668,0.36288,0,32.6126,5.81463,26.5112,0.84672,12.849,0.84672,3695.15,0,36.966,0.764075,0.275219,2.4938,3.29352,1.57099,3.72746,0.42336,36.966,0.42336,423.524,0,1.02816,0,0,1.30338,0.275219,1.028160,1,0,30.2387,0,0,0,30.2387,0
47.4214,2.42468,0,0,2.12598,0.179472,0.36288,3.6288,57.792,0.66528,0,0,1.05941,0.305914,0,0.66528,12.849,1,0.645528,0.36288,0,26.272,5.5545,20.4348,0.84672,12.849,0.84672,3695.15,0,36.966,0.660472,1.11955,2.4939,4.65792,1.58046,6.03043,0.42336,36.966,0.42336,423.524,0,1.02816,0,0,2.14771,1.11955,1.028160,1,0,26.4653,0,0,0,26.4653,0
45.8175,2.41579,0,0,1.35264,0.177829,0.36288,3.6288,57.5656,0.66528,0,0,0.745062,0.306089,0,0.66528,12.849,1,0.654567,0.36288,0,40.0989,5.5545,34.2527,0.84672,12.849,0.84672,3695.15,0,36.966,0.660561,0.699849,2.39399,3.19347,1.58046,4.04629,0.42336,36.966,0.42336,423.524,0,1.02816,0,0,1.72801,0.699849,1.028160,1,0,38.299,0,0,0,38.299,0
43.9911,2.39801,0,0,1.10913,0.174697,0.36288,3.6288,57.2218,0.718546,0,0,0.680367,0.305641,0,0.66528,12.849,1,0.672495,0.36288,0,23.2626,5.5545,17.3985,0.84672,12.849,0.84672,3695.15,0,36.966,0.66065,0.216518,2.39409,2.28207,1.58046,2.65157,0.42336,36.966,0.42336,423.524,0,0.974894,0,0,1.19141,0.216518,1.028160,1,0,20.05,0,0,0,20.05,0
42.9095,2.37651,0,0,1.88342,0.22559,0.36288,3.6288,57.1571,0.66528,0,0,0.904703,0.304187,0,0.66528,12.849,1,0.694137,0.36288,0,37.5621,5.03574,32.1951,0.84672,12.849,0.84672,3695.15,0,36.966,0.660739,0.395245,2.39418,3.90186,1.41033,4.62021,0.42336,36.966,0.42336,423.524,0,1.02816,0,0,1.42341,0.395245,1.028160,1,0,36.8153,0,0,0,36.8153,0
43.747,2.2961,0,0,3.73879,0.242339,0.36288,3.6288,57.2272,0.66528,0,0,1.03671,0.301312,0,0.66528,12.849,1,0.687555,0.36288,0,39.3204,4.70033,34.2954,0.84672,12.849,0.84672,3695.15,0,36.966,0.566422,0.59203,2.39428,4.25121,1.16454,5.50655,0.42336,36.966,0.42336,423.524,0,1.02816,0,0,1.62019,0.59203,1.028160,1,0,39.8019,0,0,0,39.8019,0
44.3917,2.30639,0,0,3.55871,0.244684,0.36288,3.6288,57.7127,0.66528,0,0,1.45229,0.301449,0,0.66528,12.849,1,0.677414,0.36288,0,44.7112,4.70033,39.6964,0.84672,12.849,0.84672,3695.15,0,36.966,0.566507,1.33895,2.30511,5.15268,1.16454,7.06569,0.42336,36.966,0.42336,423.524,0,1.02816,0,0,2.36711,1.33895,1.028160,1,0,46.7621,0,0,0,46.7621,0
45.0941,2.31413,0,0,3.6295,0.250082,0.36288,3.6288,57.8862,0.66528,0,0,1.12911,0.290406,0,0.66528,12.849,1,0.669815,0.36288,0,52.5211,4.73243,47.4817,0.84672,12.849,0.84672,3695.15,0,36.966,0.566592,0.545046,2.3052,4.91605,1.12473,6.07497,0.42336,36.966,0.42336,423.524,0,1.02816,0,0,1.57321,0.545046,1.028160,1,0,53.5567,0,0,0,53.5567,0
46.0407,2.32236,0,0,3.86447,0.232676,0.36288,3.6288,58.0139,0.66528,0,0,1.03326,0.240281,0,0.66528,12.849,1,0.661727,0.36288,0,51.2923,3.96195,47.0315,0.84672,12.849,0.84672,3695.15,0,36.966,0.566678,0.356435,2.30529,4.42145,0.951658,5.56484,0.42336,36.966,0.42336,423.524,0,1.02816,0,0,1.38459,0.356435,1.028160,1,0,52.5964,0,0,0,52.5964,0
48.4937,2.13959,0,0,5.19313,0.237646,0.36288,3.6288,59.9913,0.632417,0,0,2.83351,0.223676,0,0.66528,12.849,1,0.597116,0.36288,0,51.1814,4.66431,46.2828,0.84672,12.849,0.84672,3695.15,0,36.966,0.402971,3.12774,2.30539,7.49801,1.1428,11.3854,0.42336,36.966,0.42336,423.524,0,1.02816,0,0,4.1559,3.12774,1.028160,1,0,57.6682,0,0,0,57.6682,0
49.0711,2.16358,0,0,3.34803,0.244146,0.36288,3.6288,60.6624,0.640683,0,0,1.53834,0.226531,0,0.66528,12.849,1,0.573266,0.36288,0,53.4508,4.66431,48.5761,0.84672,12.849,0.84672,3695.15,0,36.966,0.394782,1.68319,2.10716,4.83147,1.1428,7.08423,0.42336,36.966,0.42336,423.524,0,1.02816,0,0,2.71135,1.68319,1.028160,1,0,55.6603,0,0,0,55.6603,0
50.56,2.16903,0,0,4.26644,0.245676,0.36288,3.6288,61.308,0.643444,0,0,2.03613,0.227501,0.519594,0.66528,12.849,1,0.567948,0.36288,0,54.3159,4.66431,49.4465,0.84672,12.849,0.84672,3695.15,0,36.966,0.392097,2.18024,2.10724,5.87768,1.1428,8.63026,0.42336,36.966,0.42336,423.524,0,1.02816,0,0,3.2084,2.18024,1.028160,1,0,58.5964,0,0,0,58.5964,0
51.8794,2.18247,0,0,4.10624,0.241492,0.36288,3.6288,61.308,0.646068,0,0,2.98217,0.206821,2.12928,0.66528,12.849,1,0.554639,0.36288,0,98.4087,3.90348,94.3134,0.84672,12.849,0.84672,3695.15,0,36.966,0.38955,1.49254,2.10732,7.69876,0.971605,9.93747,0.42336,36.966,0.42336,423.524,0,1.02816,0,0,2.5207,1.49254,1.028160,1,0,106.38,0,0,0,106.38,0
55.0747,2.19388,0,0,5.99322,0.241186,0.36288,3.6288,61.308,0.646115,0,0,2.50906,0.233003,1.62995,0.66528,12.849,1,0.54336,0.36288,0,118.057,4.79034,113.086,0.84672,12.849,0.84672,3695.15,0,36.966,0.389579,2.03716,2.10741,9.50365,1.25703,12.0016,0.42336,36.966,0.42336,423.524,0,1.02816,0,0,3.06532,2.03716,1.028160,1,0,126.718,0,0,0,126.718,0
61.7711,2.29676,0,0,9.61017,0.254062,0.36288,3.6288,61.308,0.66528,0,0,3.85727,0.227292,2.9647,0.66528,12.849,1,0.535837,0.36288,0,211.461,4.58577,206.703,0.84672,12.849,0.84672,3695.15,0,36.966,0.427444,5.71441,2.10749,17.6178,1.26974,23.7425,0.42336,36.966,0.42336,423.524,0,1.02816,0,0,6.74257,5.71441,1.028160,1,0,233.41,0,0,0,233.41,0
67.1441,2.34494,0,0,8.35151,0.270672,0.36288,3.6288,61.308,0.66528,0,0,3.03305,0.227292,2.14048,0.66528,12.849,1,0.48777,0.36288,0,192.517,4.58577,187.807,0.84672,12.849,0.84672,3695.15,0,36.966,0.427512,4.36046,2.16942,17.2099,1.26974,22.0426,0.42336,36.966,0.42336,423.524,0,1.02816,0,0,5.38862,4.36046,1.028160,1,0,211.99,0,0,0,211.99,0
72.29,2.3778,0,0,10.5996,0.282664,2.79323,3.6288,61.308,0.66528,0,0,3.09671,0.227292,2.20413,0.66528,12.849,1,0.455026,2.79323,0,222.161,4.58577,219.914,0.84672,12.849,0.84672,3695.15,0,36.966,0.42758,6.11518,2.1695,17.6062,1.26974,24.1936,0.42336,36.966,0.42336,423.524,0,1.02816,0,0,7.14334,6.11518,1.028160,1,0,246.311,0,0,0,246.311,0
72.29,2.4054,0,0,7.21241,0.281941,4.52507,3.6288,61.308,0.66528,0,0,3.86205,0.203765,2.993,0.66528,12.849,1,0.427542,4.52507,0,198.534,4.21762,198.414,0.84672,12.849,0.84672,3695.15,0,36.966,0.427648,4.30555,2.16957,14.6837,1.1296,19.6016,0.42336,36.966,0.42336,423.524,0,1.02816,0,0,5.33371,4.30555,1.028160,1,0,221.009,0,0,0,221.009,0
72.29,2.66517,0,0,7.81237,0.274421,4.87278,3.6288,61.308,0.66528,0,0,3.05809,0.156331,2.23648,0.66528,12.849,1,0.473714,4.87278,0,190.47,4.36117,190.508,0.84672,12.849,0.84672,3695.15,0,36.966,0.641563,3.91096,2.16965,15.2486,0.956526,19.7311,0.42336,36.966,0.42336,423.524,0,1.02816,0,0,4.93912,3.91096,1.028160,1,0,212.475,0,0,0,212.475,0
72.29,2.66528,0,0,6.36012,0.323314,3.37152,3.6288,61.308,0.66528,0,0,2.99995,0.217507,2.11717,0.66528,12.849,1,0.473734,3.37152,0,145.729,4.80753,143.819,0.84672,12.849,0.84672,3695.15,0,36.966,0.641639,3.8138,2.39225,13.9455,1.11232,18.3976,0.42336,36.966,0.42336,423.524,0,1.02816,0,0,4.84196,3.8138,1.028160,1,0,164.334,0,0,0,164.334,0
72.29,2.66539,0,0,6.45004,0.323314,3.46133,3.6288,61.308,0.66528,0,0,2.96956,0.217507,2.08677,0.66528,12.849,1,0.473753,3.46133,0,159.217,4.80753,157.397,0.84672,12.849,0.84672,3695.15,0,36.966,0.641715,3.22985,2.39233,13.5499,1.11232,17.418,0.42336,36.966,0.42336,423.524,0,1.02816,0,0,4.25801,3.22985,1.028160,1,0,176.902,0,0,0,176.902,0
72.29,2.6655,0,0,5.1365,0.330822,2.14017,3.6288,61.308,0.66528,0,0,2.65721,0.207165,1.78477,0.66528,12.849,1,0.473773,2.14017,0,122.084,4.58411,119.166,0.84672,12.849,0.84672,3695.15,0,36.966,0.641791,3.29311,2.39242,11.898,1.06233,15.8794,0.42336,36.966,0.42336,423.524,0,1.02816,0,0,4.32127,3.29311,1.028160,1,0,136.83,0,0,0,136.83,0
72.29,2.29518,0,0,5.21885,0.375871,2.5478,3.6288,61.308,0.636399,0,0,3.22939,0.145115,2.44788,0.66528,12.849,1,0.407951,2.5478,0,141.984,3.24355,140.88,0.84672,12.849,0.84672,3695.15,0,36.966,0.38372,4.65727,2.3925,14.4137,0.762422,20.3173,0.42336,36.966,0.42336,423.524,0,1.02816,0,0,5.68543,4.65727,1.028160,1,0,163.645,0,0,0,163.645,0
72.29,2.29528,0,0,6.07594,0.375871,3.40479,3.6288,61.308,0.63644,0,0,3.29601,0.145115,2.51446,0.66528,12.849,1,0.407968,3.40479,0,159.486,3.24355,159.239,0.84672,12.849,0.84672,3695.15,0,36.966,0.383745,5.41036,2.08907,17.5009,0.762422,23.8542,0.42336,36.966,0.42336,423.524,0,1.02816,0,0,6.43852,5.41036,1.028160,1,0,185.608,0,0,0,185.608,0
72.29,2.29537,0,0,6.90191,0.375188,4.23135,3.6288,61.308,0.63648,0,0,3.50465,0.139388,2.72878,0.66528,12.849,1,0.407985,4.23135,0,189.481,3.1539,190.151,0.84672,12.849,0.84672,3695.15,0,36.966,0.383769,5.56554,2.08914,17.5306,0.747067,24.0544,0.42336,36.966,0.42336,423.524,0,1.02816,0,0,6.5937,5.56554,1.028160,1,0,216.934,0,0,0,216.934,0
72.29,2.29547,0,0,9.864,0.376431,7.19211,3.6288,61.308,0.636521,0,0,4.47904,0.154363,3.68815,0.66528,12.849,1,0.408002,7.19211,0,300.433,3.66483,303.552,0.84672,12.849,0.84672,3695.15,0,36.966,0.383794,6.46664,2.08921,28.1641,0.883679,35.4524,0.42336,36.966,0.42336,423.524,0,1.02816,0,0,7.4948,6.46664,1.028160,1,0,342.693,0,0,0,342.693,0
72.29,2.29556,0,0,8.21149,0.356509,5.55942,3.6288,61.308,0.636562,0,0,4.44496,0.179232,3.62917,0.66528,12.849,1,0.408019,5.55942,0,206.128,3.10853,208.171,0.84672,12.849,0.84672,3695.15,0,36.966,0.383818,5.2932,2.08928,20.4677,0.820908,26.6455,0.42336,36.966,0.42336,423.524,0,1.02816,0,0,6.32136,5.2932,1.028160,1,0,238.445,0,0,0,238.445,0
72.29,2.38892,0,0,7.9882,0.334041,5.26524,3.6288,61.308,0.66528,0,0,4.49365,0.193945,3.63442,0.66528,12.849,1,0.424612,5.26524,0,194.226,3.21557,195.851,0.84672,12.849,0.84672,3695.15,0,36.966,0.425396,4.83228,2.08935,16.0311,0.863976,21.6634,0.42336,36.966,0.42336,423.524,0,1.02816,0,0,5.86044,4.83228,1.028160,1,0,221.149,0,0,0,221.149,0
72.29,2.38902,0,0,5.72336,0.316284,3.01806,3.6288,61.308,0.66528,0,0,3.12032,0.189955,2.26508,0.66528,12.849,1,0.42463,3.01806,0,144.52,3.39413,143.72,0.84672,12.849,0.84672,3695.15,0,36.966,0.425464,3.86092,2.16427,12.0814,0.898653,16.7825,0.42336,36.966,0.42336,423.524,0,1.02816,0,0,4.88908,3.86092,1.028160,1,0,162.767,0,0,0,162.767,0
72.29,2.38911,0,0,4.92128,0.316284,2.21588,3.6288,61.308,0.66528,0,0,3.16359,0.189955,2.30835,0.66528,12.849,1,0.424647,2.21588,0,121.605,3.39413,120.003,0.84672,12.849,0.84672,3695.15,0,36.966,0.425532,3.48585,2.16434,11.2711,0.898653,15.5971,0.42336,36.966,0.42336,423.524,0,1.02816,0,0,4.51401,3.48585,1.028160,1,0,137.908,0,0,0,137.908,0
72.29,2.38921,0,0,4.64184,0.290299,1.96233,3.6288,61.308,0.66528,0,0,3.48001,0.197491,2.61724,0.66528,12.849,1,0.424665,1.96233,0,122.641,3.43314,120.746,0.84672,12.849,0.84672,3695.15,0,36.966,0.4256,3.58959,2.16442,15.1498,0.939525,19.5387,0.42336,36.966,0.42336,423.524,0,1.02816,0,0,4.61775,3.58959,1.028160,1,0,142.902,0,0,0,142.902,0
72.29,2.35284,0,0,5.71692,0.255651,3.10843,3.6288,61.308,0.663566,0,0,3.02257,0.207539,2.15147,0.66528,12.849,1,0.4182,3.10843,0,141.883,3.48516,141.089,0.84672,12.849,0.84672,3695.15,0,36.966,0.400101,3.08943,2.16449,9.64976,0.99402,13.5096,0.42336,36.966,0.42336,423.524,0,1.02816,0,0,4.11759,3.08943,1.028160,1,0,156.75,0,0,0,156.75,0
72.29,2.35294,0,0,4.35681,0.255651,1.74822,3.6288,61.308,0.663608,0,0,2.31362,0.207539,1.44247,0.66528,12.849,1,0.418217,1.74822,0,105.906,3.48516,103.751,0.84672,12.849,0.84672,3695.15,0,36.966,0.400126,3.04405,2.13544,9.295,0.99402,13.0803,0.42336,36.966,0.42336,423.524,0,1.02816,0,0,4.07221,3.04405,1.028160,1,0,118.273,0,0,0,118.273,0
72.29,2.35304,0,0,4.11339,0.255651,1.5047,3.6288,61.308,0.663649,0,0,1.89676,0.207539,1.02557,0.66528,12.849,1,0.418235,1.5047,0,78.262,3.48516,75.8633,0.84672,12.849,0.84672,3695.15,0,36.966,0.400151,2.10924,2.13551,7.93161,0.99402,10.7822,0.42336,36.966,0.42336,423.524,0,1.02816,0,0,3.1374,2.10924,1.028160,1,0,87.671,0,0,0,87.671,0
72.29,2.35314,0,0,3.55913,0.200529,1.00546,3.6288,61.308,0.663691,0,0,1.73645,0.220026,0.852733,0.66528,12.849,1,0.418252,1.00546,0,71.2817,3.73573,68.1332,0.84672,12.849,0.84672,3695.15,0,36.966,0.400176,1.86573,2.13559,7.51697,1.08293,10.0352,0.42336,36.966,0.42336,423.524,0,1.02816,0,0,2.89389,1.86573,1.028160,1,0,79.0211,0,0,0,79.0211,0
72.29,2.47704,0,0,3.90298,0.196609,1.22933,3.6288,61.308,0.66528,0,0,2.03503,0.168462,1.20129,0.66528,12.849,1,0.440276,1.22933,0,78.6707,3.07251,76.3872,0.84672,12.849,0.84672,3695.15,0,36.966,0.495414,2.66204,2.13566,8.3662,0.889334,11.7792,0.42336,36.966,0.42336,423.524,0,1.02816,0,0,3.6902,2.66204,1.028160,1,0,89.3676,0,0,0,89.3676,0
72.29,2.47715,0,0,3.69864,0.196609,1.02488,3.6288,61.308,0.66528,0,0,1.69235,0.168462,0.858609,0.66528,12.849,1,0.440294,1.02488,0,72.7428,3.07251,70.2548,0.84672,12.849,0.84672,3695.15,0,36.966,0.495485,2.12555,2.23781,7.82741,0.889334,10.806,0.42336,36.966,0.42336,423.524,0,1.02816,0,0,3.15371,2.12555,1.028160,1,0,81.9194,0,0,0,81.9194,0
72.29,2.47725,0,0,3.49493,0.175559,0.842125,3.6288,61.308,0.66528,0,0,1.61294,0.198452,0.749209,0.66528,12.849,1,0.440312,0.842125,0,65.8904,3.47997,62.8122,0.84672,12.849,0.84672,3695.15,0,36.966,0.495555,1.67067,2.23789,6.56329,0.998441,8.97786,0.42336,36.966,0.42336,423.524,0,1.02816,0,0,2.69883,1.67067,1.028160,1,0,72.5393,0,0,0,72.5393,0
72.29,2.47735,0,0,3.23484,0.122935,0.634556,3.6288,61.308,0.66528,0,0,1.52477,0.273428,0.586061,0.66528,12.849,1,0.44033,0.634556,0,63.2534,4.49862,58.949,0.84672,12.849,0.84672,3695.15,0,36.966,0.495626,1.50473,2.23797,6.07425,1.27121,8.05011,0.42336,36.966,0.42336,423.524,0,1.02816,0,0,2.53289,1.50473,1.028160,1,0,67.5852,0,0,0,67.5852,0
72.29,2.47745,0,0,3.14595,0.123213,0.54528,3.6288,61.308,0.66528,0,0,1.45275,0.270977,0.51649,0.66528,12.849,1,0.440348,0.54528,0,65.3584,4.80984,60.6535,0.84672,12.849,0.84672,3695.15,0,36.966,0.495696,1.982,2.23805,7.06855,1.24363,9.54927,0.42336,36.966,0.42336,423.524,0,1.02816,0,0,3.01016,1.982,1.028160,1,0,70.7193,0,0,0,70.7193,0
72.29,2.45307,0,0,3.02695,0.117399,0.45649,3.6288,61.308,0.66528,0,0,1.42497,0.278249,0.48144,0.66528,12.849,1,0.436014,0.45649,0,63.6667,4.94319,58.744,0.84672,12.849,0.84672,3695.15,0,36.966,0.548958,2.11901,2.23812,7.63543,1.25993,10.1837,0.42336,36.966,0.42336,423.524,0,1.02816,0,0,3.14717,2.11901,1.028160,1,0,69.4091,0,0,0,69.4091,0
72.1975,2.45317,0,0,2.84097,0.117399,0.36288,3.6288,61.308,0.66528,0,0,1.25404,0.278249,0.310515,0.66528,12.849,1,0.436032,0.36288,0,58.1726,4.94319,53.1563,0.84672,12.849,0.84672,3695.15,0,36.966,0.54903,2.00258,2.27389,7.24628,1.25993,9.71379,0.42336,36.966,0.42336,423.524,0,1.02816,0,0,3.03074,2.00258,1.028160,1,0,63.1806,0,0,0,63.1806,0
71.9253,2.45279,0,0,2.66081,0.117317,0.36288,3.6288,61.308,0.66528,0,0,1.16924,0.278249,0.225714,0.66528,12.849,1,0.436524,0.36288,0,55.668,4.94319,50.6511,0.84672,12.849,0.84672,3695.15,0,36.966,0.549103,1.8354,2.27397,6.8586,1.25993,9.15893,0.42336,36.966,0.42336,423.524,0,1.02816,0,0,2.86356,1.8354,1.028160,1,0,60.0358,0,0,0,60.0358,0
71.4868,2.45149,0,0,2.48809,0.112277,0.36288,3.6288,61.308,0.66528,0,0,1.14476,0.289258,0.190219,0.66528,12.849,1,0.437943,0.36288,0,49.103,5.23911,43.7888,0.84672,12.849,0.84672,3695.15,0,36.966,0.549175,1.4537,2.27405,6.23557,1.3222,8.09194,0.42336,36.966,0.42336,423.524,0,1.02816,0,0,2.48186,1.4537,1.028160,1,0,52.071,0,0,0,52.071,0
71.1693,2.51246,0,0,2.65781,0.0999499,0.36288,3.6288,61.308,0.66528,0,0,1.30285,0.31678,0.320792,0.66528,12.849,1,0.451589,0.36288,0,58.2021,5.97891,52.1344,0.84672,12.849,0.84672,3695.15,0,36.966,0.59666,1.8543,2.27412,6.71356,1.47787,8.76745,0.42336,36.966,0.42336,423.524,0,1.02816,0,0,2.88246,1.8543,1.028160,1,0,61.2227,0,0,0,61.2227,0
70.6425,2.51086,0,0,2.44665,0.0997076,0.36288,3.6288,61.308,0.66528,0,0,1.10452,0.31678,0.12246,0.66528,12.849,1,0.453314,0.36288,0,47.8066,5.97891,41.7372,0.84672,12.849,0.84672,3695.15,0,36.966,0.596734,2.02909,2.32479,6.49137,1.47787,8.77065,0.42336,36.966,0.42336,423.524,0,1.02816,0,0,3.05725,2.02909,1.028160,1,0,50.6304,0,0,0,50.6304,0
69.9125,2.5081,0,0,2.24029,0.0993057,0.36288,3.6288,61.308,0.66528,0,0,1.02302,0.31678,0.0409593,0.66528,12.849,1,0.456193,0.36288,0,45.4398,5.97891,39.3676,0.84672,12.849,0.84672,3695.15,0,36.966,0.596808,1.58524,2.32487,5.70586,1.47787,7.5413,0.42336,36.966,0.42336,423.524,0,1.02816,0,0,2.6134,1.58524,1.028160,1,0,46.9499,0,0,0,46.9499,0
69.3234,2.50418,0,0,2.36703,0.0891248,0.36288,3.6288,61.308,0.66528,0,0,1.17441,0.32196,0.187169,0.66528,12.849,1,0.460235,0.36288,0,44.5657,6.12846,38.3399,0.84672,12.849,0.84672,3695.15,0,36.966,0.596883,2.10794,2.32495,7.54819,1.50775,9.87646,0.42336,36.966,0.42336,423.524,0,1.02816,0,0,3.1361,2.10794,1.028160,1,0,48.4035,0,0,0,48.4035,0
68.5655,2.68505,0,0,2.43086,0.140795,0.36288,3.6288,61.308,0.66528,0,0,0.999743,0.311402,0.0230614,0.66528,12.849,1,0.497671,0.36288,0,42.8011,5.68595,36.9804,0.84672,12.849,0.84672,3695.15,0,36.966,0.768115,1.59145,2.32503,5.68247,1.48198,7.34886,0.42336,36.966,0.42336,423.524,0,1.02816,0,0,2.61961,1.59145,1.028160,1,0,44.3523,0,0,0,44.3523,0
68.0782,2.68053,0,0,2.7005,0.144361,0.36288,3.6288,61.308,0.66528,0,0,1.20547,0.318649,0.221541,0.66528,12.849,1,0.502324,0.36288,0,54.89,5.68543,49.0651,0.84672,12.849,0.84672,3695.15,0,36.966,0.768196,2.15315,2.49824,5.75666,1.48729,8.15256,0.42336,36.966,0.42336,423.524,0,1.02816,0,0,3.18131,2.15315,1.028160,1,0,57.4392,0,0,0,57.4392,0
67.0634,2.67761,0,0,2.16947,0.143812,0.36288,3.6288,61.196,0.66528,0,0,0.871914,0.318649,0,0.66528,12.849,1,0.50537,0.36288,0,53.6365,5.68543,47.8086,0.84672,12.849,0.84672,3695.15,0,36.966,0.768276,1.18048,2.49833,4.6213,1.48729,6.04454,0.42336,36.966,0.42336,423.524,0,1.02816,0,0,2.20864,1.18048,1.028160,1,0,53.8531,0,0,0,53.8531,0
66.5884,2.6713,0,0,2.70184,0.142668,0.36288,3.6288,61.308,0.66528,0,0,1.49024,0.318423,0.394526,0.66528,12.849,1,0.511808,0.36288,0,48.9866,5.68543,43.1523,0.84672,12.849,0.84672,3695.15,0,36.966,0.768357,3.14972,2.49841,7.14555,1.48729,10.538,0.42336,36.966,0.42336,423.524,0,1.02816,0,0,4.17788,3.14972,1.028160,1,0,54.0848,0,0,0,54.0848,0
66.4433,2.66835,0,0,3.05629,0.170143,0.36288,3.6288,61.308,0.66528,0,0,1.29347,0.290576,0.337612,0.66528,12.849,1,0.51489,0.36288,0,42.7111,4.8118,37.7472,0.84672,12.849,0.84672,3695.15,0,36.966,0.768438,1.78126,2.4985,6.87497,1.20069,9.1856,0.42336,36.966,0.42336,423.524,0,1.02816,0,0,2.80942,1.78126,1.028160,1,0,47.2705,0,0,0,47.2705,0
66.6028,2.5784,0,0,3.28744,0.186686,0.36288,3.6288,61.308,0.66528,0,0,2.06459,0.293653,1.10566,0.66528,12.849,1,0.498619,0.36288,0,40.5816,4.80354,35.6424,0.84672,12.849,0.84672,3695.15,0,36.966,0.664613,3.64223,2.49859,8.21837,1.23757,12.457,0.42336,36.966,0.42336,423.524,0,1.02816,0,0,4.67039,3.64223,1.028160,1,0,49.205,0,0,0,49.205,0
66.2864,2.57951,0,0,2.81294,0.186922,0.36288,3.6288,61.308,0.66528,0,0,1.14034,0.293653,0.181409,0.66528,12.849,1,0.497638,0.36288,0,40.5419,4.80354,35.6036,0.84672,12.849,0.84672,3695.15,0,36.966,0.664689,1.57485,2.39846,6.11649,1.23757,8.18754,0.42336,36.966,0.42336,423.524,0,1.02816,0,0,2.60301,1.57485,1.028160,1,0,43.9726,0,0,0,43.9726,0
66.0755,2.57762,0,0,2.93479,0.205186,0.36288,3.6288,61.308,0.66528,0,0,1.0978,0.278491,0.154027,0.66528,12.849,1,0.499648,0.36288,0,38.9686,4.59591,34.2359,0.84672,12.849,0.84672,3695.15,0,36.966,0.664766,1.49515,2.39855,6.15514,1.17268,8.2114,0.42336,36.966,0.42336,423.524,0,1.02816,0,0,2.52331,1.49515,1.028160,1,0,42.6013,0,0,0,42.6013,0
68.7971,2.57639,0,0,5.97723,0.316377,0.36288,3.6288,61.308,0.66528,0,0,2.36452,0.192742,1.5065,0.66528,12.849,1,0.501004,0.36288,0,108.202,3.53592,104.528,0.84672,12.849,0.84672,3695.15,0,36.966,0.664843,2.55683,2.39863,15.7664,0.823714,19.2333,0.42336,36.966,0.42336,423.524,0,1.02816,0,0,3.58499,2.55683,1.028160,1,0,125.268,0,0,0,125.268,0
69.7663,2.51963,0,0,4.17082,0.319091,0.36288,3.6288,61.308,0.66528,0,0,1.65466,0.224052,0.765323,0.66528,12.849,1,0.470583,0.36288,0,68.6652,4.65066,63.9068,0.84672,12.849,0.84672,3695.15,0,36.966,0.570325,2.70015,2.39871,10.9236,1.06627,14.3859,0.42336,36.966,0.42336,423.524,0,1.02816,0,0,3.72831,2.70015,1.028160,1,0,79.0581,0,0,0,79.0581,0
72.29,2.52525,0,0,6.45956,0.321501,1.08909,3.6288,61.308,0.66528,0,0,2.4261,0.224052,1.53677,0.66528,12.849,1,0.465081,1.08909,0,112.857,4.65066,108.831,0.84672,12.849,0.84672,3695.15,0,36.966,0.570399,3.83194,2.30935,14.2613,1.06627,18.7659,0.42336,36.966,0.42336,423.524,0,1.02816,0,0,4.8601,3.83194,1.028160,1,0,129.133,0,0,0,129.133,0
72.29,2.53914,0,0,5.84277,0.330231,2.9734,3.6288,61.308,0.66528,0,0,2.7945,0.218681,1.91053,0.66528,12.849,1,0.451314,2.9734,0,99.7315,4.6532,97.6004,0.84672,12.849,0.84672,3695.15,0,36.966,0.570472,3.95215,2.30943,15.6036,1.08206,20.2126,0.42336,36.966,0.42336,423.524,0,1.02816,0,0,4.98031,3.95215,1.028160,1,0,119.724,0,0,0,119.724,0
72.29,2.53925,0,0,5.25574,0.369319,2.34717,3.6288,61.308,0.66528,0,0,2.06607,0.196519,1.20427,0.66528,12.849,1,0.451332,2.34717,0,89.6357,4.72398,86.8075,0.84672,12.849,0.84672,3695.15,0,36.966,0.570545,3.26602,2.30951,14.0351,1.13308,17.907,0.42336,36.966,0.42336,423.524,0,1.02816,0,0,4.29418,3.26602,1.028160,1,0,105.919,0,0,0,105.919,0
71.9237,2.32877,0,0,2.63078,0.305409,0.36288,3.6288,61.308,0.648088,0,0,1.77951,0.20374,0.927683,0.66528,12.849,1,0.413922,0.36288,0,84.4211,4.73301,79.637,0.84672,12.849,0.84672,3695.15,0,36.966,0.390768,2.05425,2.30959,9.37526,1.10668,12.2417,0.42336,36.966,0.42336,423.524,0,1.02816,0,0,3.08241,2.05425,1.028160,1,0,92.8064,0,0,0,92.8064,0
72.29,2.32708,0,0,4.27466,0.288538,1.29276,3.6288,61.308,0.648129,0,0,3.08143,0.202708,2.23059,0.66528,12.849,1,0.415728,1.29276,0,106.46,4.72217,102.615,0.84672,12.849,0.84672,3695.15,0,36.966,0.390793,3.09071,2.11096,12.1302,1.11199,15.8291,0.42336,36.966,0.42336,423.524,0,1.02816,0,0,4.11887,3.09071,1.028160,1,0,120.675,0,0,0,120.675,0
72.29,2.32897,0,0,3.0882,0.289342,0.469895,3.6288,61.308,0.64817,0,0,1.31907,0.202708,0.46819,0.66528,12.849,1,0.413956,0.469895,0,71.6854,4.72217,67.0192,0.84672,12.849,0.84672,3695.15,0,36.966,0.390818,1.59295,2.11103,8.147,1.11199,10.3482,0.42336,36.966,0.42336,423.524,0,1.02816,0,0,2.62111,1.59295,1.028160,1,0,77.8355,0,0,0,77.8355,0
71.8666,2.32906,0,0,2.62526,0.356759,0.36288,3.6288,61.308,0.648212,0,0,0.922743,0.209371,0.065161,0.66528,12.849,1,0.413973,0.36288,0,98.0424,4.02654,93.9648,0.84672,12.849,0.84672,3695.15,0,36.966,0.390843,1.26649,2.1111,7.67059,0.966035,9.69131,0.42336,36.966,0.42336,423.524,0,1.02816,0,0,2.29465,1.26649,1.028160,1,0,103.721,0,0,0,103.721,0
72.29,2.32709,0,0,6.43658,0.330921,3.35512,3.6288,61.308,0.648253,0,0,4.21701,0.208406,3.36035,0.66528,12.849,1,0.41606,3.35512,0,157.499,3.76792,156.67,0.84672,12.849,0.84672,3695.15,0,36.966,0.390868,2.33991,2.11117,13.8356,0.97858,16.9173,0.42336,36.966,0.42336,423.524,0,1.02816,0,0,3.36807,2.33991,1.028160,1,0,176.947,0,0,0,176.947,0
72.29,2.41026,0,0,11.8799,0.300409,9.16924,3.6288,61.308,0.66528,0,0,6.9457,0.185667,6.09475,0.66528,12.849,1,0.428406,9.16924,0,259.305,3.16336,264.882,0.84672,12.849,0.84672,3695.15,0,36.966,0.43097,7.02912,2.11125,21.4479,0.907744,29.2496,0.42336,36.966,0.42336,423.524,0,1.02816,0,0,8.05728,7.02912,1.028160,1,0,300.226,0,0,0,300.226,0
72.29,2.41035,0,0,11.0652,0.332699,8.32211,3.6288,61.308,0.66528,0,0,3.97201,0.186994,3.11973,0.66528,12.849,1,0.428421,8.32211,0,249.947,3.24734,254.593,0.84672,12.849,0.84672,3695.15,0,36.966,0.431027,10.6503,2.17329,22.3629,0.990325,33.7651,0.42336,36.966,0.42336,423.524,0,1.02816,0,0,11.6784,10.6503,1.028160,1,0,291.478,0,0,0,291.478,0
72.29,2.41043,0,0,6.9946,0.332699,4.25147,3.6288,61.308,0.66528,0,0,2.46834,0.186994,1.61607,0.66528,12.849,1,0.428436,4.25147,0,179.773,3.24734,180.349,0.84672,12.849,0.84672,3695.15,0,36.966,0.431084,5.14702,2.17335,12.1587,0.990325,18.0577,0.42336,36.966,0.42336,423.524,0,1.02816,0,0,6.17518,5.14702,1.028160,1,0,200.023,0,0,0,200.023,0
72.29,2.41052,0,0,5.6961,0.332699,2.95289,3.6288,61.308,0.66528,0,0,1.8565,0.186994,1.00423,0.66528,12.849,1,0.428451,2.95289,0,135.926,3.24734,135.203,0.84672,12.849,0.84672,3695.15,0,36.966,0.431141,2.97556,2.17341,7.79311,0.990325,11.5206,0.42336,36.966,0.42336,423.524,0,1.02816,0,0,4.00372,2.97556,1.028160,1,0,147.728,0,0,0,147.728,0
72.29,2.67077,0,0,20.301,0.318033,17.3122,3.6288,61.308,0.66528,0,0,10.0248,0.133712,9.22581,0.66528,12.849,1,0.474709,17.3122,0,236.525,3.74461,249.618,0.84672,12.849,0.84672,3695.15,0,36.966,0.645455,13.9462,2.17347,43.7295,0.957803,58.2458,0.42336,36.966,0.42336,423.524,0,1.02816,0,0,14.9743,13.9462,1.028160,1,0,317.09,0,0,0,317.09,0
72.29,2.67086,0,0,9.47704,0.318033,6.48815,3.6288,61.308,0.66528,0,0,5.81424,0.133712,5.01525,0.66528,12.849,1,0.474725,6.48815,0,433.079,3.74461,435.348,0.84672,12.849,0.84672,3695.15,0,36.966,0.645518,8.02319,2.39649,25.8739,0.957803,34.6903,0.42336,36.966,0.42336,423.524,0,1.02816,0,0,9.05135,8.02319,1.028160,1,0,475.054,0,0,0,475.054,0
72.29,2.67095,0,0,6.69135,0.320202,3.7002,3.6288,61.308,0.66528,0,0,4.25193,0.149786,3.43687,0.66528,12.849,1,0.474741,3.7002,0,195.148,3.93717,194.437,0.84672,12.849,0.84672,3695.15,0,36.966,0.645582,6.31264,2.39656,17.6935,0.991086,24.766,0.42336,36.966,0.42336,423.524,0,1.02816,0,0,7.3408,6.31264,1.028160,1,0,222.639,0,0,0,222.639,0
72.29,2.67104,0,0,6.26318,0.337769,3.25437,3.6288,61.308,0.66528,0,0,7.19499,0.22976,6.29995,0.66528,12.849,1,0.474757,3.25437,0,191.117,4.82367,189.073,0.84672,12.849,0.84672,3695.15,0,36.966,0.645646,8.75794,2.39663,23.5069,1.11185,32.904,0.42336,36.966,0.42336,423.524,0,1.02816,0,0,9.7861,8.75794,1.028160,1,0,228.277,0,0,0,228.277,0
72.29,2.3,0,0,6.39034,0.301152,3.78919,3.6288,61.308,0.638457,0,0,1.85308,0.185837,1.02879,0.66528,12.849,1,0.408808,3.78919,0,115.515,3.83712,115.058,0.84672,12.849,0.84672,3695.15,0,36.966,0.384961,2.73057,2.3967,9.54279,0.889307,13.3958,0.42336,36.966,0.42336,423.524,0,1.02816,0,0,3.75873,2.73057,1.028160,1,0,129.483,0,0,0,129.483,0
72.29,2.30008,0,0,7.32214,0.301152,4.7209,3.6288,61.308,0.638492,0,0,2.33607,0.185837,1.51174,0.66528,12.849,1,0.408822,4.7209,0,131.623,3.83712,132.098,0.84672,12.849,0.84672,3695.15,0,36.966,0.384982,2.98015,2.09268,11.658,0.889307,15.4566,0.42336,36.966,0.42336,423.524,0,1.02816,0,0,4.00831,2.98015,1.028160,1,0,149.067,0,0,0,149.067,0
72.29,2.30016,0,0,10.6665,0.301152,8.0652,3.6288,61.308,0.638526,0,0,3.92286,0.185837,3.0985,0.66528,12.849,1,0.408837,8.0652,0,196.003,3.83712,199.822,0.84672,12.849,0.84672,3695.15,0,36.966,0.385003,6.51311,2.09274,23.4925,0.889307,30.824,0.42336,36.966,0.42336,423.524,0,1.02816,0,0,7.54127,6.51311,1.028160,1,0,233.745,0,0,0,233.745,0
72.29,2.30024,0,0,8.36361,0.304911,5.75845,3.6288,61.308,0.63856,0,0,2.90713,0.231731,2.03684,0.66528,12.849,1,0.408851,5.75845,0,169.595,5.13645,169.808,0.84672,12.849,0.84672,3695.15,0,36.966,0.385023,4.77678,2.0928,17.4275,1.0894,22.8226,0.42336,36.966,0.42336,423.524,0,1.02816,0,0,5.80494,4.77678,1.028160,1,0,194.667,0,0,0,194.667,0
72.29,2.30032,0,0,6.94682,0.314335,4.33216,3.6288,61.308,0.638594,0,0,2.49966,0.199593,1.66147,0.66528,12.849,1,0.408865,4.33216,0,164.567,5.04671,163.444,0.84672,12.849,0.84672,3695.15,0,36.966,0.385044,3.34885,2.09286,11.3074,1.0296,15.3345,0.42336,36.966,0.42336,423.524,0,1.02816,0,0,4.37701,3.34885,1.028160,1,0,180.439,0,0,0,180.439,0
72.29,2.39384,0,0,6.45621,0.320933,3.74144,3.6288,61.308,0.66528,0,0,2.47584,0.169753,1.64081,0.66528,12.849,1,0.425486,3.74144,0,128.854,4.81698,127.353,0.84672,12.849,0.84672,3695.15,0,36.966,0.428774,3.36489,2.09292,10.2524,0.959732,14.3217,0.42336,36.966,0.42336,423.524,0,1.02816,0,0,4.39305,3.36489,1.028160,1,0,143.316,0,0,0,143.316,0
72.29,2.39392,0,0,5.58072,0.320933,2.86587,3.6288,61.308,0.66528,0,0,2.25827,0.169753,1.42324,0.66528,12.849,1,0.425501,2.86587,0,111.572,4.81698,109.195,0.84672,12.849,0.84672,3695.15,0,36.966,0.428831,3.22202,2.16796,9.11477,0.959732,13.1162,0.42336,36.966,0.42336,423.524,0,1.02816,0,0,4.25018,3.22202,1.028160,1,0,123.735,0,0,0,123.735,0
72.29,2.394,0,0,5.73431,0.295936,3.04437,3.6288,61.308,0.66528,0,0,2.1679,0.155539,1.34708,0.66528,12.849,1,0.425516,3.04437,0,100.669,4.26624,99.0216,0.84672,12.849,0.84672,3695.15,0,36.966,0.428888,2.82358,2.16803,9.66721,0.95172,13.2782,0.42336,36.966,0.42336,423.524,0,1.02816,0,0,3.85174,2.82358,1.028160,1,0,113.647,0,0,0,113.647,0
72.29,2.39409,0,0,5.78379,0.273157,3.11655,3.6288,61.308,0.66528,0,0,2.10573,0.159968,1.28048,0.66528,12.849,1,0.425531,3.11655,0,121.721,4.03327,120.379,0.84672,12.849,0.84672,3695.15,0,36.966,0.428945,3.41473,2.16809,10.6942,0.972199,14.8759,0.42336,36.966,0.42336,423.524,0,1.02816,0,0,4.44289,3.41473,1.028160,1,0,136.535,0,0,0,136.535,0
72.29,2.35763,0,0,4.53957,0.263077,1.91886,3.6288,61.308,0.66528,0,0,1.61501,0.197689,0.752037,0.66528,12.849,1,0.419051,1.91886,0,85.7442,4.4835,82.7605,0.84672,12.849,0.84672,3695.15,0,36.966,0.401671,2.61795,2.16815,8.44629,1.03842,11.7923,0.42336,36.966,0.42336,423.524,0,1.02816,0,0,3.64611,2.61795,1.028160,1,0,95.3049,0,0,0,95.3049,0
72.29,2.35771,0,0,3.83758,0.263077,1.21679,3.6288,61.308,0.66528,0,0,1.50451,0.197689,0.64154,0.66528,12.849,1,0.419066,1.21679,0,73.0149,4.4835,69.3291,0.84672,12.849,0.84672,3695.15,0,36.966,0.401727,2.23359,2.13903,6.96125,1.03842,9.89372,0.42336,36.966,0.42336,423.524,0,1.02816,0,0,3.26175,2.23359,1.028160,1,0,79.8644,0,0,0,79.8644,0
72.29,2.3578,0,0,3.40303,0.263077,0.782156,3.6288,61.308,0.66528,0,0,1.35112,0.197689,0.488154,0.66528,12.849,1,0.41908,0.782156,0,62.9403,4.4835,58.8199,0.84672,12.849,0.84672,3695.15,0,36.966,0.401783,1.8108,2.13909,6.00385,1.03842,8.51354,0.42336,36.966,0.42336,423.524,0,1.02816,0,0,2.83896,1.8108,1.028160,1,0,67.8216,0,0,0,67.8216,0
72.29,2.35788,0,0,3.10342,0.254435,0.491106,3.6288,61.308,0.66528,0,0,1.21899,0.186312,0.3674,0.66528,12.849,1,0.419095,0.491106,0,56.5374,4.24758,52.3618,0.84672,12.849,0.84672,3695.15,0,36.966,0.401839,1.58478,2.13916,5.53794,0.97858,7.88146,0.42336,36.966,0.42336,423.524,0,1.02816,0,0,2.61294,1.58478,1.028160,1,0,60.6107,0,0,0,60.6107,0
72.29,2.48199,0,0,3.30004,0.17344,0.644605,3.6288,61.308,0.66528,0,0,1.28326,0.230747,0.387237,0.66528,12.849,1,0.441156,0.644605,0,61.0624,4.30047,56.9654,0.84672,12.849,0.84672,3695.15,0,36.966,0.498831,2.1232,2.13922,5.73909,1.00351,8.49916,0.42336,36.966,0.42336,423.524,0,1.02816,0,0,3.15136,2.1232,1.028160,1,0,65.8518,0,0,0,65.8518,0
72.29,2.48208,0,0,3.10201,0.163542,0.456389,3.6288,61.308,0.66528,0,0,1.23418,0.242894,0.326007,0.66528,12.849,1,0.441171,0.456389,0,59.139,4.40758,54.7466,0.84672,12.849,0.84672,3695.15,0,36.966,0.49889,1.60739,2.24155,5.49211,1.0326,7.80955,0.42336,36.966,0.42336,423.524,0,1.02816,0,0,2.63555,1.60739,1.028160,1,0,62.8822,0,0,0,62.8822,0
72.1004,2.48217,0,0,2.81901,0.163542,0.36288,3.6288,61.308,0.66528,0,0,1.18257,0.242894,0.2744,0.66528,12.849,1,0.441186,0.36288,0,56.2262,4.40758,51.7403,0.84672,12.849,0.84672,3695.15,0,36.966,0.498949,1.24098,2.24161,5.35119,1.0326,7.30223,0.42336,36.966,0.42336,423.524,0,1.02816,0,0,2.26914,1.24098,1.028160,1,0,59.3169,0,0,0,59.3169,0
71.5712,2.48127,0,0,2.47825,0.163307,0.36288,3.6288,61.308,0.66528,0,0,1.06916,0.242894,0.160983,0.66528,12.849,1,0.442186,0.36288,0,48.1308,4.40758,43.6439,0.84672,12.849,0.84672,3695.15,0,36.966,0.499008,1.05603,2.24168,5.05621,1.0326,6.82231,0.42336,36.966,0.42336,423.524,0,1.02816,0,0,2.08419,1.05603,1.028160,1,0,50.6272,0,0,0,50.6272,0
70.7261,2.47858,0,0,2.13778,0.141441,0.36288,3.6288,61.308,0.66528,0,0,1.06544,0.245835,0.154326,0.66528,12.849,1,0.444973,0.36288,0,39.3781,4.88944,34.4066,0.84672,12.849,0.84672,3695.15,0,36.966,0.499067,0.66172,2.24174,4.36089,1.09657,5.66872,0.42336,36.966,0.42336,423.524,0,1.02816,0,0,1.68988,0.66172,1.028160,1,0,40.2296,0,0,0,40.2296,0
69.6577,2.44971,0,0,1.86894,0.124724,0.36288,3.6288,61.308,0.66528,0,0,1.06796,0.248041,0.154635,0.66528,12.849,1,0.445046,0.36288,0,34.7517,5.25084,29.4187,0.84672,12.849,0.84672,3695.15,0,36.966,0.552412,0.445064,2.2418,4.26899,1.14454,5.2589,0.42336,36.966,0.42336,423.524,0,1.02816,0,0,1.47322,0.445064,1.028160,1,0,34.8323,0,0,0,34.8323,0
68.4289,2.44404,0,0,1.70179,0.123701,0.36288,3.6288,61.308,0.66528,0,0,1.05717,0.248041,0.143852,0.66528,12.849,1,0.450825,0.36288,0,34.483,5.25084,29.1442,0.84672,12.849,0.84672,3695.15,0,36.966,0.552473,0.447155,2.27762,4.10868,1.14454,5.13645,0.42336,36.966,0.42336,423.524,0,1.02816,0,0,1.47531,0.447155,1.028160,1,0,34.4245,0,0,0,34.4245,0
67.0459,2.4373,0,0,1.53973,0.122524,0.36288,3.6288,61.308,0.66528,0,0,0.981107,0.248041,0.0677855,0.66528,12.849,1,0.457656,0.36288,0,30.966,5.25084,25.6204,0.84672,12.849,0.84672,3695.15,0,36.966,0.552533,0.264151,2.27769,3.9406,1.14454,4.78536,0.42336,36.966,0.42336,423.524,0,1.02816,0,0,1.29231,0.264151,1.028160,1,0,30.4736,0,0,0,30.4736,0
65.6426,2.42947,0,0,1.48534,0.0963155,0.36288,3.6288,61.308,0.66528,0,0,0.98947,0.314265,0.00992522,0.66528,12.849,1,0.465594,0.36288,0,28.4282,6.05481,22.2707,0.84672,12.849,0.84672,3695.15,0,36.966,0.552594,0.300473,2.27775,3.79117,1.449,4.3678,0.42336,36.966,0.42336,423.524,0,1.02816,0,0,1.32863,0.300473,1.028160,1,0,26.6484,0,0,0,26.6484,0
64.0268,2.48363,0,0,1.33654,0.105804,0.36288,3.6288,61.1421,0.75892,0,0,0.92067,0.32769,0,0.66528,12.849,1,0.486151,0.36288,0,31.8432,5.93838,25.7815,0.84672,12.849,0.84672,3695.15,0,36.966,0.60015,0.261274,2.27782,3.9119,1.47249,4.37835,0.42336,36.966,0.42336,423.524,0,0.93452,0,0,1.19579,0.261274,1.028160,1,0,30.1599,0,0,0,30.1599,0
62.3375,2.4735,0,0,1.25147,0.104438,0.36288,3.6288,60.8898,0.781091,0,0,0.856189,0.327346,0,0.66528,12.849,1,0.496386,0.36288,0,25.5671,5.93838,19.4952,0.84672,12.849,0.84672,3695.15,0,36.966,0.600212,0.261274,2.32857,3.52628,1.47249,4.04342,0.42336,36.966,0.42336,423.524,0,0.912349,0,0,1.17362,0.261274,1.028160,1,0,23.5386,0,0,0,23.5386,0
60.5486,2.46243,0,0,1.13943,0.10301,0.36288,3.6288,60.448,0.927824,0,0,0.812834,0.326824,0,0.66528,12.849,1,0.507557,0.36288,0,23.3008,5.93838,17.2177,0.84672,12.849,0.84672,3695.15,0,36.966,0.600275,0.227405,2.32863,3.28923,1.47249,3.77251,0.42336,36.966,0.42336,423.524,0,0.765616,0,0,0.993021,0.227405,1.028160,1,0,20.9902,0,0,0,20.9902,0
58.9833,2.45015,0,0,1.33774,0.0900211,0.36288,3.6288,60.4828,0.66528,0,0,1.01543,0.315385,0,0.66528,12.849,1,0.519945,0.36288,0,24.357,6.11323,18.0867,0.84672,12.849,0.84672,3695.15,0,36.966,0.600337,0.410979,2.3287,4.99638,1.52033,5.61539,0.42336,36.966,0.42336,423.524,0,1.02816,0,0,1.43914,0.410979,1.028160,1,0,23.7021,0,0,0,23.7021,0
56.8857,2.61837,0,0,0.984684,0.100962,0.36288,3.6288,60.1219,0.824515,0,0,0.784115,0.320515,0,0.66528,12.849,1,0.570389,0.36288,0,19.8974,6.03,13.6599,0.84672,12.849,0.84672,3695.15,0,36.966,0.771854,0.227405,2.32877,4.31878,1.50068,4.60242,0.42336,36.966,0.42336,423.524,0,0.868925,0,0,1.09633,0.227405,1.028160,1,0,18.2623,0,0,0,18.2623,0
54.7782,2.6013,0,0,0.95618,0.0995724,0.36288,3.6288,59.8961,0.736163,0,0,0.843765,0.333398,0,0.66528,12.849,1,0.587566,0.36288,0,21.007,6.07792,14.7043,0.84672,12.849,0.84672,3695.15,0,36.966,0.771921,0.227405,2.50226,4.25879,1.50216,4.71437,0.42336,36.966,0.42336,423.524,0,0.957277,0,0,1.18468,0.227405,1.028160,1,0,19.4187,0,0,0,19.4187,0
52.5019,2.58308,0,0,0.767154,0.0975039,0.36288,3.6288,59.2791,0.94754,0,0,0.663474,0.332918,0,0.66528,12.849,1,0.605898,0.36288,0,24.7087,6.07792,18.3877,0.84672,12.849,0.84672,3695.15,0,36.966,0.771989,0.204422,2.50233,3.53773,1.50216,3.97034,0.42336,36.966,0.42336,423.524,0,0.7459,0,0,0.950322,0.204422,1.028160,1,0,22.3581,0,0,0,22.3581,0
50.3902,2.56206,0,0,0.908582,0.0952697,0.36288,3.6288,59.295,0.66528,0,0,1.01278,0.331608,0,0.66528,12.849,1,0.627024,0.36288,0,21.2081,6.07792,14.866,0.84672,12.849,0.84672,3695.15,0,36.966,0.772057,0.401406,2.5024,4.78408,1.50216,5.41368,0.42336,36.966,0.42336,423.524,0,1.02816,0,0,1.42957,0.401406,1.028160,1,0,20.2797,0,0,0,20.2797,0
48.0202,2.54121,0,0,0.63995,0.105882,0.36288,3.6288,58.5036,1.04778,0,0,0.57103,0.314611,0,0.66528,12.849,1,0.647983,0.36288,0,18.8244,5.71136,12.8279,0.84672,12.849,0.84672,3695.15,0,36.966,0.772124,0.204422,2.50248,3.88956,1.44816,4.37618,0.42336,36.966,0.42336,423.524,0,0.645665,0,0,0.850087,0.204422,1.028160,1,0,17.2041,0,0,0,17.2041,0
45.6143,2.43202,0,0,0.508745,0.119711,0.36288,3.6288,57.3162,1.29209,0,0,0.395144,0.290425,0,0.66528,12.849,1,0.650747,0.36288,0,14.0646,5.22259,8.55416,0.84672,12.849,0.84672,3695.15,0,36.966,0.81642,0.204422,2.50255,2.75601,1.37617,3.2704,0.42336,36.966,0.42336,423.524,0,0.253037,0,0,0.457459,0.204422,1.028160,1,0,11.8246,0,0,0,11.8246,0
43.1576,2.40532,0,0,0.427988,0.116569,0.36288,3.6288,56.5035,1.08503,0,0,0.560526,0.288205,0,0.66528,12.849,1,0.67755,0.36288,0,12.7547,5.22259,7.21745,0.84672,12.849,0.84672,3695.15,0,36.966,0.699788,0.216518,2.40224,3.11094,1.37617,3.65375,0.42336,36.966,0.42336,423.524,0,0.576796,0,0,0.793314,0.216518,1.028160,1,0,10.8712,0,0,0,10.8712,0
40.6718,2.37568,0,0,0.366215,0.11336,0.36288,3.6288,55.2352,1.29127,0,0,0.309595,0.286686,0,0.66528,12.849,1,0.707296,0.36288,0,12.7421,5.22259,7.17509,0.84672,12.849,0.84672,3695.15,0,36.966,0.844779,0.216518,2.40231,2.3153,1.37617,2.71319,0.42336,36.966,0.42336,423.524,0,0.225632,0,0,0.44215,0.216518,1.028160,1,0,9.88828,0,0,0,9.88828,0
38.2235,2.34291,0,0,0.382079,0.124601,0.36288,3.6288,53.9757,1.2878,0,0,0.298045,0.269737,0,0.66528,12.849,1,0.740171,0.36288,0,12.2476,5.01497,6.85538,0.84672,12.849,0.84672,3695.15,0,36.966,0.861854,0.216518,2.40238,2.32996,1.31127,2.77573,0.42336,36.966,0.42336,423.524,0,0.212094,0,0,0.428612,0.216518,1.028160,1,0,9.63111,0,0,0,9.63111,0
36.4288,2.24206,0,0,0.954901,0.144692,0.36288,3.6288,52.767,1.21549,0,0,0.214604,0.207772,0,0.66528,12.849,1,0.753677,0.36288,0,14.8648,3.75837,10.7156,0.84672,12.849,0.84672,3695.15,0,36.966,0.832447,0.216518,2.40245,1.71804,1.1171,2.38746,0.42336,36.966,0.42336,423.524,0,0.219115,0,0,0.435633,0.216518,1.028160,1,0,13.1031,0,0,0,13.1031,0
34.8241,2.21468,0,0,1.11457,0.141661,0.36288,3.6288,52.114,0.868021,0,0,0.420841,0.205818,0,0.66528,12.849,1,0.781153,0.36288,0,17.3025,3.75837,13.1258,0.84672,12.849,0.84672,3695.15,0,36.966,0.608093,0.216518,2.31293,2.72773,1.1171,3.53198,0.42336,36.966,0.42336,423.524,0,0.791002,0,0,1.00752,0.216518,1.028160,1,0,16.6578,0,0,0,16.6578,0
35.1084,2.18847,0,0,2.97454,0.13895,0.36288,3.6288,52.2746,0.66528,0,0,1.03061,0.204741,0,0.66528,12.849,1,0.807474,0.36288,0,50.8499,3.75837,46.647,0.84672,12.849,0.84672,3695.15,0,36.966,0.573737,0.856907,2.31299,5.14981,1.1171,6.62887,0.42336,36.966,0.42336,423.524,0,1.02816,0,0,1.88507,0.856907,1.028160,1,0,53.2759,0,0,0,53.2759,0
34.111,2.19333,0,0,1.73037,0.17156,0.36288,3.6288,51.7348,0.99255,0,0,0.627689,0.174944,0,0.66528,12.849,1,0.802716,0.36288,0,28.35,3.28284,24.6273,0.84672,12.849,0.84672,3695.15,0,36.966,0.701882,0.292723,2.31306,3.1045,0.952264,4.05614,0.42336,36.966,0.42336,423.524,0,0.572806,0,0,0.865529,0.292723,1.028160,1,0,28.6835,0,0,0,28.6835,0
33.1551,1.99591,0,0,1.59208,0.189176,0.36288,3.6288,51.3839,0.745818,0,0,0.613634,0.21868,0,0.66528,12.849,1,0.751822,0.36288,0,31.8279,4.2015,27.2375,0.84672,12.849,0.84672,3695.15,0,36.966,0.532909,0.292723,2.31313,3.85739,1.10858,4.82175,0.42336,36.966,0.42336,423.524,0,0.791205,0,0,1.08393,0.292723,1.028160,1,0,32.0593,0,0,0,32.0593,0
32.2241,1.98035,0,0,1.62535,0.213151,0.36288,3.6288,51.3073,0.605922,0,0,0.751585,0.22233,0,0.66528,12.849,1,0.76747,0.36288,0,46.657,4.39131,41.8611,0.84672,12.849,0.84672,3695.15,0,36.966,0.435905,0.614356,2.11415,5.73621,1.20693,6.82189,0.42336,36.966,0.42336,423.524,0,1.02816,0,0,1.64252,0.614356,1.028160,1,0,48.683,0,0,0,48.683,0
31.4867,1.96457,0,0,1.80074,0.210688,0.36288,3.6288,51.2629,0.605576,0,0,0.783431,0.222192,0,0.66528,12.849,1,0.78335,0.36288,0,48.8016,4.39131,43.9898,0.84672,12.849,0.84672,3695.15,0,36.966,0.436307,0.719816,2.11421,6.1554,1.20693,7.34619,0.42336,36.966,0.42336,423.524,0,1.02816,0,0,1.74798,0.719816,1.028160,1,0,51.336,0,0,0,51.336,0
30.6317,1.95161,0,0,1.66822,0.208738,0.36288,3.6288,51.0348,0.676407,0,0,0.670395,0.222112,0,0.66528,12.849,1,0.796407,0.36288,0,37.2072,4.39131,32.3824,0.84672,12.849,0.84672,3695.15,0,36.966,0.487761,0.412474,2.11427,7.95663,1.20693,8.78869,0.42336,36.966,0.42336,423.524,0,0.90593,0,0,1.3184,0.412474,1.028160,1,0,41.1711,0,0,0,41.1711,0
30.4476,1.93601,0,0,2.3017,0.186871,0.36288,3.6288,51.1863,0.604289,0,0,0.939591,0.18383,0,0.66528,12.849,1,0.812095,0.36288,0,45.4,3.73894,41.2118,0.84672,12.849,0.84672,3695.15,0,36.966,0.437704,0.550031,2.11434,6.18605,1.00516,7.40755,0.42336,36.966,0.42336,423.524,0,1.02816,0,0,1.57819,0.550031,1.028160,1,0,48.6194,0,0,0,48.6194,0
31.4143,1.99983,0,0,3.5319,0.202547,0.36288,3.6288,51.5642,0.638262,0,0,1.22856,0.212393,0,0.66528,12.849,1,0.843936,0.36288,0,84.4569,4.95455,79.0213,0.84672,12.849,0.84672,3695.15,0,36.966,0.460943,0.534185,2.1144,10.1614,1.21342,11.1356,0.42336,36.966,0.42336,423.524,0,1.02816,0,0,1.56235,0.534185,1.028160,1,0,90.1569,0,0,0,90.1569,0
40.987,2.01832,0,0,12.1429,0.188895,0.36288,3.6288,53.1873,0.640256,0,0,2.45897,0.195641,0,0.66528,12.849,1,0.825528,0.36288,0,160.796,4.31141,156.022,0.84672,12.849,0.84672,3695.15,0,36.966,0.458995,1.49108,2.17652,18.5791,1.13308,20.6546,0.42336,36.966,0.42336,423.524,0,1.02816,0,0,2.51924,1.49108,1.028160,1,0,176.677,0,0,0,176.677,0
44.445,2.16517,0,0,6.19797,0.211956,0.36288,3.6288,53.8697,0.648547,0,0,1.52918,0.198211,0,0.66528,12.849,1,0.678757,0.36288,0,124.967,4.31141,120.34,0.84672,12.849,0.84672,3695.15,0,36.966,0.45075,0.727825,2.17657,10.9801,1.13308,12.3007,0.42336,36.966,0.42336,423.524,0,1.02816,0,0,1.75598,0.727825,1.028160,1,0,132.641,0,0,0,132.641,0
47.5421,2.20619,0,0,5.88683,0.220617,0.36288,3.6288,55.8652,0.65196,0,0,2.84676,0.199281,0,0.66528,12.849,1,0.637808,0.36288,0,106.796,4.31141,102.21,0.84672,12.849,0.84672,3695.15,0,36.966,0.447383,2.20395,2.17662,15.1877,1.13308,17.9878,0.42336,36.966,0.42336,423.524,0,1.02816,0,0,3.23211,2.20395,1.028160,1,0,120.198,0,0,0,120.198,0
52.93,2.48057,0,0,8.4541,0.222788,0.36288,3.6288,57.1155,0.66528,0,0,2.06938,0.153809,0,0.66528,12.849,1,0.670412,0.36288,0,171.939,4.06206,167.57,0.84672,12.849,0.84672,3695.15,0,36.966,0.648707,1.06093,2.17667,14.7298,1.07048,16.2482,0.42336,36.966,0.42336,423.524,0,1.02816,0,0,2.08909,1.06093,1.028160,1,0,183.818,0,0,0,183.818,0
59.5336,2.53555,0,0,9.75758,0.255545,0.36288,3.6288,58.8382,0.66528,0,0,2.56471,0.176761,0,0.66528,12.849,1,0.615517,0.36288,0,154.279,4.24368,149.783,0.84672,12.849,0.84672,3695.15,0,36.966,0.648758,1.57884,2.40004,16.5081,1.13794,18.7003,0.42336,36.966,0.42336,423.524,0,1.02816,0,0,2.607,1.57884,1.028160,1,0,168.483,0,0,0,168.483,0
64.0085,2.59178,0,0,7.70239,0.272853,0.36288,3.6288,60.0365,0.66528,0,0,2.04234,0.178738,0,0.66528,12.849,1,0.559377,0.36288,0,140.976,4.24368,136.536,0.84672,12.849,0.84672,3695.15,0,36.966,0.64881,1.02465,2.40009,13.4879,1.13794,15.1259,0.42336,36.966,0.42336,423.524,0,1.02816,0,0,2.05281,1.02465,1.028160,1,0,151.662,0,0,0,151.662,0
67.5303,2.62442,0,0,6.78845,0.279392,0.36288,3.6288,61.147,0.66528,0,0,1.92759,0.151822,0,0.66528,12.849,1,0.526823,0.36288,0,112.654,3.22464,109.266,0.84672,12.849,0.84672,3695.15,0,36.966,0.648861,0.816186,2.40015,12.4472,0.951383,14.0633,0.42336,36.966,0.42336,423.524,0,1.02816,0,0,1.84435,0.816186,1.028160,1,0,123.329,0,0,0,123.329,0
72.0493,2.27977,0,0,7.46259,0.300884,0.36288,3.6288,61.308,0.63954,0,0,2.33074,0.155549,1.37464,0.66528,12.849,1,0.433773,0.36288,0,110.666,3.81648,106.779,0.84672,12.849,0.84672,3695.15,0,36.966,0.38663,1.61294,2.4002,14.1839,1.02516,16.7853,0.42336,36.966,0.42336,423.524,0,1.02816,0,0,2.6411,1.61294,1.028160,1,0,124.939,0,0,0,124.939,0
72.29,2.30293,0,0,6.16655,0.314452,3.30847,3.6288,61.308,0.640201,0,0,1.84486,0.159716,1.04495,0.66528,12.849,1,0.410695,3.30847,0,125.474,4.0425,124.33,0.84672,12.849,0.84672,3695.15,0,36.966,0.386013,0.824489,2.09569,10.166,1.06078,11.6394,0.42336,36.966,0.42336,423.524,0,1.02816,0,0,1.85265,0.824489,1.028160,1,0,137.014,0,0,0,137.014,0
72.29,2.30415,0,0,4.34107,0.315028,1.72189,3.6288,61.308,0.663292,0,0,1.30867,0.159716,0.485658,0.66528,12.849,1,0.409546,1.72189,0,111.547,4.0425,108.817,0.84672,12.849,0.84672,3695.15,0,36.966,0.399936,0.608429,2.09574,9.77003,1.06078,11.0135,0.42336,36.966,0.42336,423.524,0,0.991189,0,0,1.59962,0.608429,1.028160,1,0,120.316,0,0,0,120.316,0
72.29,2.30422,0,0,5.27501,0.23573,2.73507,3.6288,61.308,0.640256,0,0,1.39315,0.117601,0.635291,0.66528,12.849,1,0.409557,2.73507,0,105.559,3.43214,104.453,0.84672,12.849,0.84672,3695.15,0,36.966,0.386046,0.684452,2.09579,9.79448,0.973099,11.2156,0.42336,36.966,0.42336,423.524,0,1.02816,0,0,1.71261,0.684452,1.028160,1,0,116.303,0,0,0,116.303,0
72.29,2.30428,0,0,5.17964,0.263377,2.61198,3.6288,61.308,0.640283,0,0,1.51936,0.123928,0.75515,0.66528,12.849,1,0.409569,2.61198,0,88.1807,3.39978,86.9833,0.84672,12.849,0.84672,3695.15,0,36.966,0.386062,0.636232,2.09584,10.4098,0.945677,11.8101,0.42336,36.966,0.42336,423.524,0,1.02816,0,0,1.66439,0.636232,1.028160,1,0,99.5486,0,0,0,99.5486,0
72.29,2.39792,0,0,6.21811,0.300238,3.51995,3.6288,61.308,0.66528,0,0,1.57612,0.132363,0.778475,0.66528,12.849,1,0.426213,3.51995,0,82.5975,3.35664,82.3346,0.84672,12.849,0.84672,3695.15,0,36.966,0.43158,0.80365,2.09589,8.08635,0.909114,9.64519,0.42336,36.966,0.42336,423.524,0,1.02816,0,0,1.83181,0.80365,1.028160,1,0,92.7583,0,0,0,92.7583,0
72.29,2.39799,0,0,5.96547,0.300238,3.26724,3.6288,61.308,0.66528,0,0,2.06494,0.132363,1.2673,0.66528,12.849,1,0.426225,3.26724,0,96.5701,3.35664,96.0545,0.84672,12.849,0.84672,3695.15,0,36.966,0.431625,0.997963,2.17103,11.3031,0.909114,13.1314,0.42336,36.966,0.42336,423.524,0,1.02816,0,0,2.02612,0.997963,1.028160,1,0,110.453,0,0,0,110.453,0
72.29,2.39806,0,0,5.51686,0.300238,2.81856,3.6288,61.308,0.66528,0,0,2.0417,0.132363,1.24406,0.66528,12.849,1,0.426236,2.81856,0,93.2627,3.35664,92.2984,0.84672,12.849,0.84672,3695.15,0,36.966,0.431671,0.883837,2.17108,11.0483,0.909114,12.7624,0.42336,36.966,0.42336,423.524,0,1.02816,0,0,1.912,0.883837,1.028160,1,0,106.305,0,0,0,106.305,0
72.29,2.39812,0,0,4.723,0.290261,2.03461,3.6288,61.308,0.66528,0,0,1.5276,0.140198,0.722117,0.66528,12.849,1,0.426248,2.03461,0,68.8539,3.51872,66.9435,0.84672,12.849,0.84672,3695.15,0,36.966,0.431717,0.605845,2.17113,7.00021,0.938694,8.40678,0.42336,36.966,0.42336,423.524,0,1.02816,0,0,1.63401,0.605845,1.028160,1,0,76.0724,0,0,0,76.0724,0
72.29,2.3616,0,0,3.08227,0.283208,0.437461,3.6288,61.308,0.69417,0,0,1.10403,0.19304,0.216818,0.66528,12.849,1,0.419756,0.437461,0,58.2829,4.14519,54.1555,0.84672,12.849,0.84672,3695.15,0,36.966,0.418554,0.528595,2.17118,7.43376,1.09368,8.62131,0.42336,36.966,0.42336,423.524,0,0.985107,0,0,1.5137,0.528595,1.028160,1,0,62.9936,0,0,0,62.9936,0
72.29,2.36166,0,0,4.06187,0.283208,1.417,3.6288,61.308,0.66528,0,0,1.23275,0.19304,0.374426,0.66528,12.849,1,0.419768,1.417,0,64.3383,4.14519,61.1903,0.84672,12.849,0.84672,3695.15,0,36.966,0.404435,0.570948,2.14201,6.46853,1.09368,7.68338,0.42336,36.966,0.42336,423.524,0,1.02816,0,0,1.59911,0.570948,1.028160,1,0,69.2481,0,0,0,69.2481,0
72.29,2.36173,0,0,3.66269,0.252764,1.04819,3.6288,61.308,0.670585,0,0,1.20179,0.200181,0.331024,0.66528,12.849,1,0.41978,1.04819,0,69.9196,4.36191,66.1861,0.84672,12.849,0.84672,3695.15,0,36.966,0.404481,0.528595,2.14206,6.0966,1.05356,7.30921,0.42336,36.966,0.42336,423.524,0,1.02286,0,0,1.55145,0.528595,1.028160,1,0,73.8264,0,0,0,73.8264,0
72.0806,2.3618,0,0,2.74526,0.229931,0.36288,3.6288,61.308,0.720347,0,0,1.03922,0.205536,0.113336,0.66528,12.849,1,0.419791,0.36288,0,52.6248,4.52445,48.0434,0.84672,12.849,0.84672,3695.15,0,36.966,0.434338,0.402797,2.14211,5.43605,1.02347,6.52315,0.42336,36.966,0.42336,423.524,0,0.943281,0,0,1.34608,0.402797,1.028160,1,0,54.6799,0,0,0,54.6799,0
71.7114,2.48499,0,0,2.69276,0.214112,0.36288,3.6288,61.308,0.735134,0,0,0.996175,0.189655,0.0713847,0.66528,12.849,1,0.442971,0.36288,0,42.0223,4.24267,37.6995,0.84672,12.849,0.84672,3695.15,0,36.966,0.501651,0.402797,2.14216,5.08144,0.965833,6.15891,0.42336,36.966,0.42336,423.524,0,0.958306,0,0,1.3611,0.402797,1.028160,1,0,43.9298,0,0,0,43.9298,0
71.0908,2.48313,0,0,2.4327,0.207347,0.36288,3.6288,61.1765,0.831315,0,0,0.883103,0.183303,0,0.66528,12.849,1,0.444918,0.36288,0,36.6144,4.12996,32.4024,0.84672,12.849,0.84672,3695.15,0,36.966,0.501699,0.402797,2.24463,4.79641,0.942778,5.99936,0.42336,36.966,0.42336,423.524,0,0.862125,0,0,1.26492,0.402797,1.028160,1,0,38.4018,0,0,0,38.4018,0
70.2325,2.47991,0,0,2.19085,0.206366,0.36288,3.6288,60.8344,0.910615,0,0,0.751689,0.183151,0,0.66528,12.849,1,0.44822,0.36288,0,34.2948,4.12996,30.0795,0.84672,12.849,0.84672,3695.15,0,36.966,0.550241,0.402797,2.24468,4.64579,0.942778,5.80025,0.42336,36.966,0.42336,423.524,0,0.734331,0,0,1.13713,0.402797,1.028160,1,0,35.8798,0,0,0,35.8798,0
69.2242,2.47534,0,0,2.01628,0.186305,0.36288,3.6288,60.5521,0.826068,0,0,0.74622,0.202451,0,0.66528,12.849,1,0.452863,0.36288,0,32.0715,4.52123,27.4603,0.84672,12.849,0.84672,3695.15,0,36.966,0.50196,0.30119,2.24473,4.57814,1.04955,5.57255,0.42336,36.966,0.42336,423.524,0,0.867205,0,0,1.1684,0.30119,1.028160,1,0,33.0328,0,0,0,33.0328,0
68.4763,2.46985,0,0,2.23436,0.1496,0.36288,3.6288,60.4926,0.680651,0,0,0.852854,0.231757,0,0.66528,12.849,1,0.458439,0.36288,0,38.9014,4.9508,33.8551,0.84672,12.849,0.84672,3695.15,0,36.966,0.501841,0.30119,2.24478,5.02917,1.14422,5.92909,0.42336,36.966,0.42336,423.524,0,1.01279,0,0,1.31398,0.30119,1.028160,1,0,39.7842,0,0,0,39.7842,0
68.0792,2.44134,0,0,2.52755,0.120445,0.36288,3.6288,60.7041,0.66528,0,0,1.12837,0.251558,0,0.66528,12.849,1,0.458097,0.36288,0,45.6367,5.1323,40.4091,0.84672,12.849,0.84672,3695.15,0,36.966,0.555252,0.815858,2.24484,6.44555,1.16367,7.78732,0.42336,36.966,0.42336,423.524,0,1.02816,0,0,1.84402,0.815858,1.028160,1,0,48.1965,0,0,0,48.1965,0
67.6456,2.43916,0,0,2.48856,0.120071,0.36288,3.6288,60.8671,0.66528,0,0,1.08024,0.251896,0,0.66528,12.849,1,0.460357,0.36288,0,42.9611,5.1323,37.7313,0.84672,12.849,0.84672,3695.15,0,36.966,0.555301,0.847705,2.28069,6.72529,1.16367,8.13472,0.42336,36.966,0.42336,423.524,0,1.02816,0,0,1.87586,0.847705,1.028160,1,0,45.866,0,0,0,45.866,0
67.1129,2.43674,0,0,2.36811,0.101201,0.36288,3.6288,60.9732,0.66528,0,0,1.05445,0.283159,0,0.66528,12.849,1,0.46285,0.36288,0,40.7312,5.56663,35.0646,0.84672,12.849,0.84672,3695.15,0,36.966,0.55535,0.778412,2.28075,6.4635,1.31067,7.65664,0.42336,36.966,0.42336,423.524,0,1.02816,0,0,1.80657,0.778412,1.028160,1,0,42.7212,0,0,0,42.7212,0
66.2748,2.43373,0,0,2.04599,0.0874828,0.36288,3.6288,61.0011,0.66528,0,0,0.993116,0.299933,0,0.66528,12.849,1,0.465946,0.36288,0,37.6511,6.23139,31.3167,0.84672,12.849,0.84672,3695.15,0,36.966,0.555399,0.717016,2.2808,6.51862,1.54666,7.41438,0.42336,36.966,0.42336,423.524,0,1.02816,0,0,1.74518,0.717016,1.028160,1,0,38.7311,0,0,0,38.7311,0
65.5532,2.49146,0,0,2.22238,0.0896401,0.36288,3.6288,61.2914,0.66528,0,0,1.27756,0.321947,0,0.66528,12.849,1,0.48303,0.36288,0,37.3923,6.00416,31.268,0.84672,12.849,0.84672,3695.15,0,36.966,0.603011,0.671993,2.28085,5.97728,1.41897,6.90815,0.42336,36.966,0.42336,423.524,0,1.02816,0,0,1.70015,0.671993,1.028160,1,0,38.1761,0,0,0,38.1761,0
64.8567,2.48708,0,0,2.23762,0.0841992,0.36288,3.6288,61.308,0.66528,0,0,1.21392,0.326981,0.205059,0.66528,12.849,1,0.48749,0.36288,0,48.9793,6.04212,42.8126,0.84672,12.849,0.84672,3695.15,0,36.966,0.603062,0.875077,2.33166,6.57962,1.44146,7.74183,0.42336,36.966,0.42336,423.524,0,1.02816,0,0,1.90324,0.875077,1.028160,1,0,50.7595,0,0,0,50.7595,0
64.0225,2.48278,0,0,2.09523,0.0837302,0.36288,3.6288,61.308,0.66528,0,0,1.12889,0.327015,0.136599,0.66528,12.849,1,0.491873,0.36288,0,39.326,6.04212,33.1549,0.84672,12.849,0.84672,3695.15,0,36.966,0.603112,0.839791,2.33171,5.93107,1.44146,7.058,0.42336,36.966,0.42336,423.524,0,1.02816,0,0,1.86795,0.839791,1.028160,1,0,40.3495,0,0,0,40.3495,0
63.0066,2.47751,0,0,1.90763,0.0831686,0.36288,3.6288,61.308,0.66528,0,0,1.07174,0.327015,0.079445,0.66528,12.849,1,0.497224,0.36288,0,35.8404,6.04212,29.664,0.84672,12.849,0.84672,3695.15,0,36.966,0.603162,0.552364,2.33177,5.53233,1.44146,6.37184,0.42336,36.966,0.42336,423.524,0,1.02816,0,0,1.58052,0.552364,1.028160,1,0,36.1153,0,0,0,36.1153,0
61.539,2.65272,0,0,1.63822,0.0901491,0.36288,3.6288,61.308,0.66528,0,0,1.12673,0.330064,0.131381,0.66528,12.849,1,0.540972,0.36288,0,32.57,6.14551,26.2463,0.84672,12.849,0.84672,3695.15,0,36.966,0.774908,0.94462,2.33182,7.10254,1.45036,8.15371,0.42336,36.966,0.42336,423.524,0,1.02816,0,0,1.97278,0.94462,1.028160,1,0,34.5314,0,0,0,34.5314,0
59.5759,2.64212,0,0,1.14451,0.102625,0.36288,3.6288,61.1863,0.66528,0,0,0.871413,0.327819,0,0.66528,12.849,1,0.551659,0.36288,0,25.7036,6.09221,19.4226,0.84672,12.849,0.84672,3695.15,0,36.966,0.774963,0.443362,2.50554,5.86556,1.43089,6.60861,0.42336,36.966,0.42336,423.524,0,1.02816,0,0,1.47152,0.443362,1.028160,1,0,26.0312,0,0,0,26.0312,0
58.0655,2.62724,0,0,1.58052,0.100872,0.36288,3.6288,61.1585,0.66528,0,0,0.965045,0.327566,0,0.66528,12.849,1,0.566628,0.36288,0,27.5708,6.09221,21.2749,0.84672,12.849,0.84672,3695.15,0,36.966,0.775017,0.641822,2.5056,6.53875,1.43089,7.48027,0.42336,36.966,0.42336,423.524,0,1.02816,0,0,1.66998,0.641822,1.028160,1,0,28.7552,0,0,0,28.7552,0
57.2641,2.61524,0,0,2.30113,0.124391,0.36288,3.6288,61.308,0.66528,0,0,1.2846,0.320145,0.149683,0.66528,12.849,1,0.578713,0.36288,0,46.0073,5.95228,39.8392,0.84672,12.849,0.84672,3695.15,0,36.966,0.775072,0.850617,2.50566,7.27162,1.40853,8.4443,0.42336,36.966,0.42336,423.524,0,1.02816,0,0,1.87878,0.850617,1.028160,1,0,48.4332,0,0,0,48.4332,0
55.883,2.6087,0,0,1.71571,0.125174,0.36288,3.6288,61.308,0.66528,0,0,1.13782,0.316968,0.155571,0.66528,12.849,1,0.585343,0.36288,0,52.9241,6.00936,46.6922,0.84672,12.849,0.84672,3695.15,0,36.966,0.775126,0.57138,2.50572,5.46398,1.38031,6.38564,0.42336,36.966,0.42336,423.524,0,1.02816,0,0,1.59954,0.57138,1.028160,1,0,53.2335,0,0,0,53.2335,0
53.8255,2.51027,0,0,0.964457,0.148873,0.36288,3.6288,61.308,0.66528,0,0,1.24219,0.324964,0.251946,0.66528,12.849,1,0.577177,0.36288,0,41.8357,5.65341,35.968,0.84672,12.849,0.84672,3695.15,0,36.966,0.670954,0.338463,2.50578,4.83954,1.32661,5.68622,0.42336,36.966,0.42336,423.524,0,1.02816,0,0,1.36662,0.338463,1.028160,1,0,41.9061,0,0,0,41.9061,0
51.6703,2.49252,0,0,0.846098,0.145824,0.36288,3.6288,61.2079,0.688634,0,0,0.913525,0.324964,0,0.66528,12.849,1,0.595005,0.36288,0,38.2682,5.65341,32.3827,0.84672,12.849,0.84672,3695.15,0,36.966,0.671006,0.204422,2.40532,4.27038,1.32661,4.8825,0.42336,36.966,0.42336,423.524,0,1.00481,0,0,1.20923,0.204422,1.028160,1,0,37.2652,0,0,0,37.2652,0
49.4659,2.47272,0,0,0.811201,0.180039,0.36288,3.6288,60.9455,0.816221,0,0,0.84869,0.294942,0,0.66528,12.849,1,0.614897,0.36288,0,28.766,5.20684,23.3072,0.84672,12.849,0.84672,3695.15,0,36.966,0.671058,0.216518,2.40537,5.87822,1.17792,6.65114,0.42336,36.966,0.42336,423.524,0,0.877219,0,0,1.09374,0.216518,1.028160,1,0,29.9583,0,0,0,29.9583,0
48.7594,2.45103,0,0,2.22502,0.117588,0.36288,3.6288,61.308,0.66528,0,0,1.36633,0.33721,0.00129394,0.66528,12.849,1,0.636667,0.36288,0,33.6047,6.05577,27.2751,0.84672,12.849,0.84672,3695.15,0,36.966,0.67111,0.743403,2.40543,11.8282,1.20119,13.1047,0.42336,36.966,0.42336,423.524,0,1.02816,0,0,1.77156,0.743403,1.028160,1,0,40.3811,0,0,0,40.3811,0
47.0725,2.37449,0,0,1.2739,0.223417,0.36288,3.6288,61.2552,0.66528,0,0,0.815672,0.203187,0,0.66528,12.849,1,0.625721,0.36288,0,29.6275,3.86622,25.4984,0.84672,12.849,0.84672,3695.15,0,36.966,0.57628,0.240025,2.40549,5.47396,0.90774,6.63545,0.42336,36.966,0.42336,423.524,0,1.02816,0,0,1.26819,0.240025,1.028160,1,0,32.1339,0,0,0,32.1339,0
45.6828,2.35694,0,0,1.55291,0.222773,0.36288,3.6288,61.1214,0.66528,0,0,0.731643,0.200188,0,0.66528,12.849,1,0.643354,0.36288,0,46.5218,3.71395,42.5274,0.84672,12.849,0.84672,3695.15,0,36.966,0.576329,0.236477,2.31582,5.37345,0.925008,6.42441,0.42336,36.966,0.42336,423.524,0,1.02816,0,0,1.26464,0.236477,1.028160,1,0,48.9518,0,0,0,48.9518,0
45.222,2.34173,0,0,2.46312,0.219361,0.36288,3.6288,61.308,0.66528,0,0,1.53173,0.200019,0.479815,0.66528,12.849,1,0.658647,0.36288,0,63.2965,3.71395,59.2867,0.84672,12.849,0.84672,3695.15,0,36.966,0.576379,1.1388,2.31588,8.65192,0.925008,10.6052,0.42336,36.966,0.42336,423.524,0,1.02816,0,0,2.16696,1.1388,1.028160,1,0,70.3718,0,0,0,70.3718,0
43.8868,2.33657,0,0,1.58251,0.218229,0.36288,3.6288,61.308,0.66528,0,0,1.14206,0.200255,0.27653,0.66528,12.849,1,0.663892,0.36288,0,43.5341,3.71395,39.5191,0.84672,12.849,0.84672,3695.15,0,36.966,0.576428,0.85142,2.31593,8.53627,0.925008,10.2022,0.42336,36.966,0.42336,423.524,0,1.02816,0,0,1.87958,0.85142,1.028160,1,0,49.9979,0,0,0,49.9979,0
43.3951,2.12859,0,0,2.23944,0.239722,0.36288,3.6288,61.308,0.651376,0,0,0.983595,0.19522,0.136998,0.66528,12.849,1,0.6232,0.36288,0,50.026,3.80428,45.9614,0.84672,12.849,0.84672,3695.15,0,36.966,0.392751,0.534591,2.31599,8.13143,0.952147,9.63711,0.42336,36.966,0.42336,423.524,0,1.02816,0,0,1.56275,0.534591,1.028160,1,0,55.7355,0,0,0,55.7355,0
43.5987,2.1232,0,0,2.90392,0.214191,0.36288,3.6288,61.308,0.651404,0,0,1.39933,0.173336,0.574586,0.66528,12.849,1,0.628666,0.36288,0,70.2847,3.56759,66.4513,0.84672,12.849,0.84672,3695.15,0,36.966,0.392768,1.32955,2.11673,10.8473,0.901425,12.9994,0.42336,36.966,0.42336,423.524,0,1.02816,0,0,2.35771,1.32955,1.028160,1,0,80.0252,0,0,0,80.0252,0
44.395,2.12553,0,0,3.49935,0.214692,0.36288,3.6288,61.308,0.651432,0,0,1.47538,0.173336,0.650616,0.66528,12.849,1,0.626416,0.36288,0,80.5066,3.56759,76.6754,0.84672,12.849,0.84672,3695.15,0,36.966,0.392784,1.21585,2.11678,14.7919,0.901425,16.8304,0.42336,36.966,0.42336,423.524,0,1.02816,0,0,2.24401,1.21585,1.028160,1,0,94.1564,0,0,0,94.1564,0
43.7134,2.1343,0,0,2.05241,0.236795,0.36288,3.6288,61.308,0.651459,0,0,1.22336,0.167199,0.404705,0.66528,12.849,1,0.61772,0.36288,0,54.0858,3.82191,50.009,0.84672,12.849,0.84672,3695.15,0,36.966,0.392801,0.778222,2.11683,7.60285,0.861562,9.24355,0.42336,36.966,0.42336,423.524,0,1.02816,0,0,1.80638,0.778222,1.028160,1,0,59.6573,0,0,0,59.6573,0
42.7622,2.12692,0,0,1.78437,0.245824,0.36288,3.6288,61.308,0.651487,0,0,0.914143,0.225587,0.0370695,0.66528,12.849,1,0.62518,0.36288,0,55.9583,4.77627,50.9198,0.84672,12.849,0.84672,3695.15,0,36.966,0.392818,0.598415,2.11688,6.49227,1.2007,7.61405,0.42336,36.966,0.42336,423.524,0,1.02816,0,0,1.62657,0.598415,1.028160,1,0,58.5709,0,0,0,58.5709,0
47.2405,2.18986,0,0,7.27025,0.239148,0.36288,3.6288,61.308,0.66528,0,0,1.18197,0.253178,0.263508,0.66528,12.849,1,0.658,0.36288,0,187.923,4.83378,182.795,0.84672,12.849,0.84672,3695.15,0,36.966,0.4363,1.87376,2.11693,20.0236,1.33612,22.2419,0.42336,36.966,0.42336,423.524,0,1.02816,0,0,2.90192,1.87376,1.028160,1,0,205.3,0,0,0,205.3,0
48.9862,2.23895,0,0,4.59908,0.251543,0.36288,3.6288,61.308,0.66528,0,0,1.19727,0.253178,0.278813,0.66528,12.849,1,0.608973,0.36288,0,122.635,4.83378,117.555,0.84672,12.849,0.84672,3695.15,0,36.966,0.436335,1.8212,2.17913,12.42,1.33612,14.6479,0.42336,36.966,0.42336,423.524,0,1.02816,0,0,2.84936,1.8212,1.028160,1,0,132.482,0,0,0,132.482,0
48.8722,2.25619,0,0,2.76146,0.256375,0.36288,3.6288,61.308,0.66528,0,0,1.37197,0.253178,0.453514,0.66528,12.849,1,0.591794,0.36288,0,84.6953,4.83378,79.6326,0.84672,12.849,0.84672,3695.15,0,36.966,0.43637,2.08143,2.17916,6.7354,1.33612,9.2235,0.42336,36.966,0.42336,423.524,0,1.02816,0,0,3.10959,2.08143,1.028160,1,0,89.3096,0,0,0,89.3096,0
55.5932,2.25514,0,0,9.58202,0.243037,0.36288,3.6288,61.308,0.66528,0,0,3.53663,0.243543,2.62781,0.66528,12.849,1,0.592899,0.36288,0,243.186,4.26432,238.691,0.84672,12.849,0.84672,3695.15,0,36.966,0.436404,7.39182,2.1792,27.7611,1.21946,35.6763,0.42336,36.966,0.42336,423.524,0,1.02816,0,0,8.41998,7.39182,1.028160,1,0,276.995,0,0,0,276.995,0
58.2943,2.56301,0,0,5.91044,0.283466,0.36288,3.6288,61.308,0.66528,0,0,2.03634,0.247951,1.1231,0.66528,12.849,1,0.592378,0.36288,0,138.421,3.73635,134.456,0.84672,12.849,0.84672,3695.15,0,36.966,0.651312,3.74662,2.17924,15.2436,1.06627,19.4519,0.42336,36.966,0.42336,423.524,0,1.02816,0,0,4.77478,3.74662,1.028160,1,0,155.031,0,0,0,155.031,0
60.7568,2.58556,0,0,5.7158,0.304831,0.36288,3.6288,61.308,0.66528,0,0,1.60964,0.252604,0.691756,0.66528,12.849,1,0.569899,0.36288,0,127.901,3.696,123.998,0.84672,12.849,0.84672,3695.15,0,36.966,0.65135,2.88873,2.40288,12.7652,1.03999,16.3654,0.42336,36.966,0.42336,423.524,0,1.02816,0,0,3.91689,2.88873,1.028160,1,0,141.056,0,0,0,141.056,0
64.3129,2.60468,0,0,6.83536,0.311717,0.36288,3.6288,61.308,0.66528,0,0,1.66981,0.221258,0.783271,0.66528,12.849,1,0.550844,0.36288,0,128.508,3.43266,124.887,0.84672,12.849,0.84672,3695.15,0,36.966,0.651389,3.0449,2.40292,12.6282,0.912914,16.5117,0.42336,36.966,0.42336,423.524,0,1.02816,0,0,4.07306,3.0449,1.028160,1,0,142.182,0,0,0,142.182,0
66.353,2.63012,0,0,5.39252,0.359395,0.36288,3.6288,61.308,0.66528,0,0,1.37739,0.2238,0.488309,0.66528,12.849,1,0.525469,0.36288,0,134.997,3.33543,131.499,0.84672,12.849,0.84672,3695.15,0,36.966,0.651428,2.41863,2.40296,10.9045,0.917509,14.1572,0.42336,36.966,0.42336,423.524,0,1.02816,0,0,3.44679,2.41863,1.028160,1,0,146.145,0,0,0,146.145,0
68.6802,2.27649,0,0,5.3269,0.360396,0.36288,3.6288,61.308,0.641542,0,0,1.59924,0.162899,0.794798,0.66528,12.849,1,0.440833,0.36288,0,119.576,2.01446,117.483,0.84672,12.849,0.84672,3695.15,0,36.966,0.386821,2.74984,2.403,11.784,0.693103,15.8569,0.42336,36.966,0.42336,423.524,0,1.02816,0,0,3.778,2.74984,1.028160,1,0,134.135,0,0,0,134.135,0
72.29,2.28912,0,0,6.73264,0.365055,0.468623,3.6288,61.308,0.641563,0,0,2.35221,0.138538,1.57211,0.66528,12.849,1,0.428259,0.468623,0,164.144,1.48607,162.699,0.84672,12.849,0.84672,3695.15,0,36.966,0.386834,4.39263,2.0981,15.7666,0.603341,21.2672,0.42336,36.966,0.42336,423.524,0,1.02816,0,0,5.42079,4.39263,1.028160,1,0,185.538,0,0,0,185.538,0
72.29,2.30733,0,0,8.38927,0.377215,5.70472,3.6288,61.308,0.641583,0,0,3.45855,0.161485,2.65548,0.66528,12.849,1,0.41011,5.70472,0,188.66,2.13573,191.818,0.84672,12.849,0.84672,3695.15,0,36.966,0.386846,7.66123,2.09813,26.0128,0.703389,34.6819,0.42336,36.966,0.42336,423.524,0,1.02816,0,0,8.68939,7.66123,1.028160,1,0,229.156,0,0,0,229.156,0
72.29,2.30738,0,0,5.59494,0.37972,2.90784,3.6288,61.308,0.641604,0,0,1.85848,0.192082,1.0248,0.66528,12.849,1,0.410119,2.90784,0,151.976,3.00195,151.472,0.84672,12.849,0.84672,3695.15,0,36.966,0.386859,3.74171,2.09817,14.7925,0.836787,19.4088,0.42336,36.966,0.42336,423.524,0,1.02816,0,0,4.76987,3.74171,1.028160,1,0,171.905,0,0,0,171.905,0
72.29,2.30743,0,0,6.98594,0.369075,4.30944,3.6288,61.308,0.641625,0,0,3.75388,0.175236,2.93702,0.66528,12.849,1,0.410127,4.30944,0,179.887,2.72433,181.062,0.84672,12.849,0.84672,3695.15,0,36.966,0.386871,5.85177,2.09821,23.1137,0.758793,29.918,0.42336,36.966,0.42336,423.524,0,1.02816,0,0,6.87993,5.85177,1.028160,1,0,213.917,0,0,0,213.917,0
72.29,2.40117,0,0,8.38339,0.324705,5.65752,3.6288,61.308,0.66528,0,0,3.63265,0.129134,2.83824,0.66528,12.849,1,0.426789,5.65752,0,252.832,2.20884,255.854,0.84672,12.849,0.84672,3695.15,0,36.966,0.433806,6.13431,2.09824,22.1429,0.598485,29.3431,0.42336,36.966,0.42336,423.524,0,1.02816,0,0,7.16247,6.13431,1.028160,1,0,288.036,0,0,0,288.036,0
72.29,2.40122,0,0,5.98834,0.301029,3.2861,3.6288,61.308,0.66528,0,0,2.45222,0.123814,1.66313,0.66528,12.849,1,0.426798,3.2861,0,176.885,2.44692,177.297,0.84672,12.849,0.84672,3695.15,0,36.966,0.43384,4.83827,2.17347,15.6385,0.644721,21.5717,0.42336,36.966,0.42336,423.524,0,1.02816,0,0,5.86643,4.83827,1.028160,1,0,200.532,0,0,0,200.532,0
72.29,2.40127,0,0,4.94844,0.301029,2.24614,3.6288,61.308,0.66528,0,0,2.39408,0.123814,1.60499,0.66528,12.849,1,0.426807,2.24614,0,144.651,2.44692,144.023,0.84672,12.849,0.84672,3695.15,0,36.966,0.433875,4.30542,2.17351,14.0174,0.644721,19.4178,0.42336,36.966,0.42336,423.524,0,1.02816,0,0,5.33358,4.30542,1.028160,1,0,165.046,0,0,0,165.046,0
72.29,2.40132,0,0,4.55816,0.302524,1.85432,3.6288,61.308,0.66528,0,0,2.66726,0.125153,1.87683,0.66528,12.849,1,0.426816,1.85432,0,141.819,2.39443,140.852,0.84672,12.849,0.84672,3695.15,0,36.966,0.43391,4.2471,2.17354,17.6388,0.637804,22.9878,0.42336,36.966,0.42336,423.524,0,1.02816,0,0,5.27526,4.2471,1.028160,1,0,165.716,0,0,0,165.716,0
72.29,2.36473,0,0,3.7742,0.229649,1.17982,3.6288,61.308,0.66528,0,0,1.43129,0.197807,0.568206,0.66528,12.849,1,0.420313,1.17982,0,101.116,3.48359,98.3916,0.84672,12.849,0.84672,3695.15,0,36.966,0.406539,2.07497,2.17358,10.8473,0.811736,13.8776,0.42336,36.966,0.42336,423.524,0,1.02816,0,0,3.10313,2.07497,1.028160,1,0,112.837,0,0,0,112.837,0
72.29,2.36478,0,0,3.54945,0.229649,0.955019,3.6288,61.308,0.66528,0,0,1.34859,0.197807,0.485504,0.66528,12.849,1,0.420322,0.955019,0,94.7264,3.48359,91.7775,0.84672,12.849,0.84672,3695.15,0,36.966,0.406573,1.90126,2.14436,10.3472,0.811736,13.1745,0.42336,36.966,0.42336,423.524,0,1.02816,0,0,2.92942,1.90126,1.028160,1,0,105.437,0,0,0,105.437,0
72.29,2.36483,0,0,3.22815,0.229649,0.633674,3.6288,61.308,0.66528,0,0,1.26081,0.197807,0.397722,0.66528,12.849,1,0.420331,0.633674,0,87.9198,3.48359,84.6495,0.84672,12.849,0.84672,3695.15,0,36.966,0.406607,1.81411,2.1444,9.60232,0.811736,12.3425,0.42336,36.966,0.42336,423.524,0,1.02816,0,0,2.84227,1.81411,1.028160,1,0,97.3897,0,0,0,97.3897,0
72.2669,2.36488,0,0,2.93429,0.229649,0.36288,3.6288,61.308,0.66528,0,0,1.05549,0.197807,0.192401,0.66528,12.849,1,0.42034,0.36288,0,81.114,3.48359,77.573,0.84672,12.849,0.84672,3695.15,0,36.966,0.406641,1.38576,2.14444,8.66238,0.811736,10.9742,0.42336,36.966,0.42336,423.524,0,1.02816,0,0,2.41392,1.38576,1.028160,1,0,88.7396,0,0,0,88.7396,0
72.29,2.48918,0,0,3.06586,0.162379,0.391186,3.6288,61.308,0.66528,0,0,1.13153,0.199423,0.266826,0.66528,12.849,1,0.442574,0.391186,0,75.0997,3.75094,71.2974,0.84672,12.849,0.84672,3695.15,0,36.966,0.503869,1.5197,2.14447,8.68389,0.859843,10.9844,0.42336,36.966,0.42336,423.524,0,1.02816,0,0,2.54786,1.5197,1.028160,1,0,82.5486,0,0,0,82.5486,0
72.2165,2.48935,0,0,2.91651,0.137751,0.36288,3.6288,61.308,0.66528,0,0,1.11014,0.193083,0.251773,0.66528,12.849,1,0.442463,0.36288,0,70.3927,3.8598,66.4533,0.84672,12.849,0.84672,3695.15,0,36.966,0.503905,1.60286,2.24705,8.59067,0.94112,10.9955,0.42336,36.966,0.42336,423.524,0,1.02816,0,0,2.63102,1.60286,1.028160,1,0,77.7006,0,0,0,77.7006,0
71.8494,2.48902,0,0,2.62247,0.137674,0.36288,3.6288,61.308,0.66528,0,0,0.923011,0.193083,0.0646479,0.66528,12.849,1,0.442854,0.36288,0,65.442,3.8598,61.5022,0.84672,12.849,0.84672,3695.15,0,36.966,0.503941,1.2388,2.24709,8.13439,0.94112,10.1752,0.42336,36.966,0.42336,423.524,0,1.02816,0,0,2.26696,1.2388,1.028160,1,0,71.742,0,0,0,71.742,0
71.3258,2.48715,0,0,2.44003,0.113619,0.36288,3.6288,61.308,0.66528,0,0,0.903364,0.217778,0.0203056,0.66528,12.849,1,0.444783,0.36288,0,61.8935,4.34887,57.4627,0.84672,12.849,0.84672,3695.15,0,36.966,0.503977,1.24349,2.24713,7.97826,1.07458,9.89032,0.42336,36.966,0.42336,423.524,0,1.02816,0,0,2.27165,1.24349,1.028160,1,0,67.3733,0,0,0,67.3733,0
70.7337,2.48444,0,0,2.37636,0.121159,0.36288,3.6288,61.3071,0.66528,0,0,0.886775,0.222397,0,0.66528,12.849,1,0.447559,0.36288,0,62.9883,4.51118,58.3924,0.84672,12.849,0.84672,3695.15,0,36.966,0.504013,1.03812,2.24717,7.61884,1.14174,9.25838,0.42336,36.966,0.42336,423.524,0,1.02816,0,0,2.06628,1.03812,1.028160,1,0,67.6508,0,0,0,67.6508,0
70.2061,2.4568,0,0,2.37922,0.0871227,0.36288,3.6288,61.308,0.66528,0,0,1.0398,0.238303,0.135314,0.66528,12.849,1,0.446286,0.36288,0,64.1028,4.65223,59.3671,0.84672,12.849,0.84672,3695.15,0,36.966,0.557474,0.889402,2.24721,7.91122,1.24282,9.24753,0.42336,36.966,0.42336,423.524,0,1.02816,0,0,1.91756,0.889402,1.028160,1,0,68.75,0,0,0,68.75,0
69.4987,2.45402,0,0,2.19627,0.0868352,0.36288,3.6288,61.308,0.66528,0,0,1.02895,0.238304,0.125371,0.66528,12.849,1,0.44913,0.36288,0,58.6132,4.65223,53.8747,0.84672,12.849,0.84672,3695.15,0,36.966,0.557511,0.849208,2.28309,7.25838,1.24282,8.59035,0.42336,36.966,0.42336,423.524,0,1.02816,0,0,1.87737,0.849208,1.028160,1,0,62.5904,0,0,0,62.5904,0
68.6521,2.45021,0,0,2.05279,0.0862965,0.36288,3.6288,61.308,0.66528,0,0,1.03515,0.238304,0.131566,0.66528,12.849,1,0.452998,0.36288,0,54.4942,4.65223,49.7519,0.84672,12.849,0.84672,3695.15,0,36.966,0.557548,0.933042,2.28313,7.0162,1.24282,8.43201,0.42336,36.966,0.42336,423.524,0,1.02816,0,0,1.9612,0.933042,1.028160,1,0,58.3154,0,0,0,58.3154,0
67.759,2.44556,0,0,1.99771,0.0823093,0.36288,3.6288,61.308,0.66528,0,0,0.97962,0.26573,0.0486108,0.66528,12.849,1,0.457713,0.36288,0,50.9982,4.99754,45.9058,0.84672,12.849,0.84672,3695.15,0,36.966,0.557584,0.850945,2.28317,6.75285,1.32566,8.00372,0.42336,36.966,0.42336,423.524,0,1.02816,0,0,1.8791,0.850945,1.028160,1,0,53.9582,0,0,0,53.9582,0
66.5016,2.50343,0,0,1.68153,0.0726502,0.36288,3.6288,60.9762,0.773574,0,0,0.763949,0.322126,0,0.66528,12.849,1,0.474719,0.36288,0,51.0128,5.91423,44.9867,0.84672,12.849,0.84672,3695.15,0,36.966,0.605238,0.261274,2.28321,5.21065,1.46905,5.68084,0.42336,36.966,0.42336,423.524,0,0.919866,0,0,1.18114,0.261274,1.028160,1,0,50.6676,0,0,0,50.6676,0
65.1105,2.49596,0,0,1.53857,0.0708535,0.36288,3.6288,60.4514,0.848897,0,0,0.651491,0.327409,0,0.66528,12.849,1,0.482252,0.36288,0,39.2679,6.02385,33.1247,0.84672,12.849,0.84672,3695.15,0,36.966,0.605276,0.261274,2.33406,4.6102,1.48259,5.11767,0.42336,36.966,0.42336,423.524,0,0.844543,0,0,1.10582,0.261274,1.028160,1,0,38.2424,0,0,0,38.2424,0
63.5894,2.4874,0,0,1.39931,0.0700713,0.36288,3.6288,59.7225,1.00935,0,0,0.606736,0.32632,0,0.66528,12.849,1,0.490868,0.36288,0,36.6066,6.02385,30.4548,0.84672,12.849,0.84672,3695.15,0,36.966,0.617215,0.261274,2.3341,4.1086,1.48259,4.60417,0.42336,36.966,0.42336,423.524,0,0.672192,0,0,0.933466,0.261274,1.028160,1,0,35.059,0,0,0,35.059,0
62.2105,2.47769,0,0,1.52383,0.0622416,0.36288,3.6288,59.3711,0.744491,0,0,0.716163,0.323026,0,0.66528,12.849,1,0.500646,0.36288,0,36.7798,6.13199,30.51,0.84672,12.849,0.84672,3695.15,0,36.966,0.605352,0.227405,2.33415,5.80927,1.5085,6.25696,0.42336,36.966,0.42336,423.524,0,0.948949,0,0,1.17635,0.227405,1.028160,1,0,36.767,0,0,0,36.767,0
60.7303,2.65014,0,0,1.59411,0.0612227,0.36288,3.6288,58.9072,0.827211,0,0,0.660242,0.296965,0,0.66528,12.849,1,0.547363,0.36288,0,35.651,6.03171,29.4348,0.84672,12.849,0.84672,3695.15,0,36.966,0.777274,0.227405,2.33419,5.10627,1.52428,5.36631,0.42336,36.966,0.42336,423.524,0,0.866229,0,0,1.09363,0.227405,1.028160,1,0,34.8011,0,0,0,34.8011,0
59.3786,2.63919,0,0,1.71278,0.0623863,0.36288,3.6288,58.3265,0.90485,0,0,0.630501,0.306344,0,0.66528,12.849,1,0.558385,0.36288,0,37.0898,5.9053,30.989,0.84672,12.849,0.84672,3695.15,0,36.966,0.777315,0.227405,2.50809,4.02851,1.51235,4.47434,0.42336,36.966,0.42336,423.524,0,0.78859,0,0,1.01599,0.227405,1.028160,1,0,35.4633,0,0,0,35.4633,0
57.8284,2.62879,0,0,1.50305,0.0616161,0.36288,3.6288,57.6795,0.950115,0,0,0.608272,0.305202,0,0.66528,12.849,1,0.568847,0.36288,0,47.1476,5.9053,41.0363,0.84672,12.849,0.84672,3695.15,0,36.966,0.777356,0.227405,2.50813,3.8685,1.51235,4.31433,0.42336,36.966,0.42336,423.524,0,0.743325,0,0,0.97073,0.227405,1.028160,1,0,45.3507,0,0,0,45.3507,0
56.3235,2.61637,0,0,1.53507,0.0606971,0.36288,3.6288,57.2012,0.872113,0,0,0.697746,0.30393,0,0.66528,12.849,1,0.581336,0.36288,0,40.8415,5.9053,34.7178,0.84672,12.849,0.84672,3695.15,0,36.966,0.777397,0.204422,2.50817,4.01731,1.51235,4.44016,0.42336,36.966,0.42336,423.524,0,0.821327,0,0,1.02575,0.204422,1.028160,1,0,39.1579,0,0,0,39.1579,0
55.0026,2.60378,0,0,1.6976,0.0518244,0.36288,3.6288,56.9474,0.66528,0,0,0.718585,0.307115,0,0.66528,12.849,1,0.593995,0.36288,0,43.4747,5.90218,37.3414,0.84672,12.849,0.84672,3695.15,0,36.966,0.777438,0.317883,2.50822,5.23356,1.51787,5.76435,0.42336,36.966,0.42336,423.524,0,1.02816,0,0,1.34604,0.317883,1.028160,1,0,43.1057,0,0,0,43.1057,0
54.3377,2.50569,0,0,2.23925,0.0356525,0.36288,3.6288,56.7611,0.66528,0,0,0.785117,0.306061,0,0.66528,12.849,1,0.585348,0.36288,0,48.8766,5.2474,43.4067,0.84672,12.849,0.84672,3695.15,0,36.966,0.673142,0.55677,2.50826,5.43786,1.38905,6.4407,0.42336,36.966,0.42336,423.524,0,1.02816,0,0,1.58493,0.55677,1.028160,1,0,49.8474,0,0,0,49.8474,0
53.692,2.49995,0,0,2.34207,0.124867,0.36288,3.6288,56.8513,0.66528,0,0,1.00191,0.246521,0,0.66528,12.849,1,0.591153,0.36288,0,45.4594,3.72236,41.5087,0.84672,12.849,0.84672,3695.15,0,36.966,0.673182,0.879103,2.40768,6.5468,1.02144,8.13897,0.42336,36.966,0.42336,423.524,0,1.02816,0,0,1.90726,0.879103,1.028160,1,0,49.6477,0,0,0,49.6477,0
53.0507,2.49427,0,0,2.34778,0.131929,0.36288,3.6288,57.0572,0.66528,0,0,1.12082,0.2496,0,0.66528,12.849,1,0.596902,0.36288,0,51.8422,3.77118,47.837,0.84672,12.849,0.84672,3695.15,0,36.966,0.673221,0.913153,2.40773,7.16766,1.04939,8.76592,0.42336,36.966,0.42336,423.524,0,1.02816,0,0,1.94131,0.913153,1.028160,1,0,56.603,0,0,0,56.603,0
52.5893,2.48851,0,0,2.52106,0.131068,0.36288,3.6288,57.3207,0.66528,0,0,1.17869,0.249934,0,0.66528,12.849,1,0.602723,0.36288,0,76.1573,3.77118,72.1463,0.84672,12.849,0.84672,3695.15,0,36.966,0.67326,1.05477,2.40777,7.85108,1.04939,9.59097,0.42336,36.966,0.42336,423.524,0,1.02816,0,0,2.08293,1.05477,1.028160,1,0,81.7372,0,0,0,81.7372,0
51.7038,2.41386,0,0,2.02967,0.138426,0.36288,3.6288,57.5228,0.66528,0,0,1.12814,0.260759,0,0.66528,12.849,1,0.589771,0.36288,0,52.4575,4.62498,47.6056,0.84672,12.849,0.84672,3695.15,0,36.966,0.578319,1.18346,2.40781,6.30695,1.10302,8.21688,0.42336,36.966,0.42336,423.524,0,1.02816,0,0,2.21162,1.18346,1.028160,1,0,55.8225,0,0,0,55.8225,0
51.0367,2.40582,0,0,2.24184,0.140325,0.36288,3.6288,57.578,0.66528,0,0,0.985781,0.265265,0,0.66528,12.849,1,0.597874,0.36288,0,42.2322,4.9665,37.0307,0.84672,12.849,0.84672,3695.15,0,36.966,0.578356,1.20127,2.31804,7.84095,1.12446,9.65744,0.42336,36.966,0.42336,423.524,0,1.02816,0,0,2.22943,1.20127,1.028160,1,0,46.6882,0,0,0,46.6882,0
51.332,2.39963,0,0,3.22423,0.166385,0.36288,3.6288,57.943,0.66528,0,0,1.28617,0.255899,0,0.66528,12.849,1,0.604131,0.36288,0,63.3613,4.68054,58.4395,0.84672,12.849,0.84672,3695.15,0,36.966,0.578394,1.64736,2.31808,7.46816,1.08293,9.77228,0.42336,36.966,0.42336,423.524,0,1.02816,0,0,2.67552,1.64736,1.028160,1,0,68.2118,0,0,0,68.2118,0
55.0335,2.40246,0,0,6.65409,0.187235,0.36288,3.6288,59.23,0.66528,0,0,2.20162,0.249391,0,0.66528,12.849,1,0.601363,0.36288,0,69.9581,4.46607,65.2535,0.84672,12.849,0.84672,3695.15,0,36.966,0.578431,2.74433,2.31812,12.589,1.05178,16.0212,0.42336,36.966,0.42336,423.524,0,1.02816,0,0,3.77249,2.74433,1.028160,1,0,81.2748,0,0,0,81.2748,0
56.7743,2.23343,0,0,4.54567,0.208551,0.36288,3.6288,59.74,0.643995,0,0,1.38577,0.231686,0,0.66528,12.849,1,0.521452,0.36288,0,64.0414,4.18874,59.6941,0.84672,12.849,0.84672,3695.15,0,36.966,0.401923,2.27801,2.31816,8.88304,1.0206,12.0567,0.42336,36.966,0.42336,423.524,0,1.02816,0,0,3.30617,2.27801,1.028160,1,0,71.7508,0,0,0,71.7508,0
62.0107,2.24651,0,0,8.07709,0.231309,0.36288,3.6288,61.308,0.646135,0,0,4.87536,0.205986,2.45529,0.66528,12.849,1,0.508425,0.36288,0,97.4178,3.81895,93.4533,0.84672,12.849,0.84672,3695.15,0,36.966,0.399816,4.092,2.1187,14.0409,0.979023,18.8727,0.42336,36.966,0.42336,423.524,0,1.02816,0,0,5.12016,4.092,1.028160,1,0,114.781,0,0,0,114.781,0
66.5029,2.28213,0,0,7.37995,0.242777,0.36288,3.6288,61.308,0.652535,0,0,2.62389,0.208048,1.76331,0.66528,12.849,1,0.472871,0.36288,0,109.75,3.81895,105.821,0.84672,12.849,0.84672,3695.15,0,36.966,0.39345,3.0167,2.11873,13.5959,0.979023,17.3589,0.42336,36.966,0.42336,423.524,0,1.02816,0,0,4.04486,3.0167,1.028160,1,0,124.943,0,0,0,124.943,0
69.5825,2.30895,0,0,6.00324,0.251752,0.36288,3.6288,61.308,0.652556,0,0,2.26141,0.208048,1.4008,0.66528,12.849,1,0.446111,0.36288,0,97.3763,3.81895,93.4741,0.84672,12.849,0.84672,3695.15,0,36.966,0.393462,3.29868,2.11877,13.1752,0.979023,17.2202,0.42336,36.966,0.42336,423.524,0,1.02816,0,0,4.32684,3.29868,1.028160,1,0,112.095,0,0,0,112.095,0
72.29,2.32566,0,0,5.86913,0.294599,0.541403,3.6288,61.308,0.652577,0,0,3.71645,0.244867,2.81901,0.66528,12.849,1,0.429453,0.541403,0,113.125,4.17152,109.066,0.84672,12.849,0.84672,3695.15,0,36.966,0.393475,4.26939,2.11881,15.2862,1.09616,20.1848,0.42336,36.966,0.42336,423.524,0,1.02816,0,0,5.29755,4.26939,1.028160,1,0,132.069,0,0,0,132.069,0
72.29,2.42069,0,0,3.09085,0.248393,0.421763,3.6288,61.0077,1.03468,0,0,0.88039,0.146047,0,0.66528,12.849,1,0.43026,0.421763,0,39.09,3.40147,35.68,0.84672,12.849,0.84672,3695.15,0,36.966,0.623869,0.412474,2.11884,6.33808,0.966253,7.27928,0.42336,36.966,0.42336,423.524,0,0.47298,0,0,0.885453,0.412474,1.028160,1,0,42.9593,0,0,0,42.9593,0
72.29,2.42073,0,0,3.25863,0.248393,0.589509,3.6288,61.1771,0.885782,0,0,1.20099,0.14577,0,0.66528,12.849,1,0.430266,0.589509,0,55.5569,3.40147,52.3147,0.84672,12.849,0.84672,3695.15,0,36.966,0.536716,0.412474,2.18109,7.29519,0.966253,8.38579,0.42336,36.966,0.42336,423.524,0,0.709059,0,0,1.12153,0.412474,1.028160,1,0,60.7005,0,0,0,60.7005,0
72.29,2.42076,0,0,6.85106,0.248393,4.18191,3.6288,61.308,0.66528,0,0,3.16862,0.145926,2.22651,0.66528,12.849,1,0.430272,4.18191,0,134.813,3.40147,135.163,0.84672,12.849,0.84672,3695.15,0,36.966,0.43814,1.36467,2.18112,15.6353,0.966253,17.7767,0.42336,36.966,0.42336,423.524,0,1.02816,0,0,2.39283,1.36467,1.028160,1,0,155.166,0,0,0,155.166,0
72.29,2.4208,0,0,6.82138,0.278348,4.12224,3.6288,61.308,0.66528,0,0,2.87899,0.160483,2.05323,0.66528,12.849,1,0.430278,4.12224,0,145.39,3.67584,145.406,0.84672,12.849,0.84672,3695.15,0,36.966,0.438164,1.97026,2.18114,14.0111,1.03665,16.6876,0.42336,36.966,0.42336,423.524,0,1.02816,0,0,2.99842,1.97026,1.028160,1,0,164.147,0,0,0,164.147,0
72.29,2.682,0,0,8.94776,0.306588,5.95917,3.6288,61.308,0.66528,0,0,3.16055,0.147267,2.348,0.66528,12.849,1,0.476704,5.95917,0,253.019,4.01034,254.491,0.84672,12.849,0.84672,3695.15,0,36.966,0.653266,2.98395,2.18117,23.2682,0.973402,26.8067,0.42336,36.966,0.42336,423.524,0,1.02816,0,0,4.01211,2.98395,1.028160,1,0,283.646,0,0,0,283.646,0
72.29,2.68203,0,0,5.90393,0.297813,2.92408,3.6288,61.308,0.66528,0,0,2.49158,0.12292,1.70338,0.66528,12.849,1,0.476711,2.92408,0,161.945,3.98685,160.405,0.84672,12.849,0.84672,3695.15,0,36.966,0.653292,1.0841,2.40501,15.3137,0.855561,17.294,0.42336,36.966,0.42336,423.524,0,1.02816,0,0,2.11226,1.0841,1.028160,1,0,179.403,0,0,0,179.403,0
72.29,2.68207,0,0,4.82769,0.297813,1.84781,3.6288,61.308,0.761659,0,0,1.9455,0.12292,1.06092,0.66528,12.849,1,0.476718,1.84781,0,115.18,3.98685,112.564,0.84672,12.849,0.84672,3695.15,0,36.966,0.653318,0.503194,2.40503,11.5233,0.855561,12.9226,0.42336,36.966,0.42336,423.524,0,0.931781,0,0,1.43497,0.503194,1.028160,1,0,126.548,0,0,0,126.548,0
72.29,2.68211,0,0,4.28352,0.27827,1.32314,3.6288,61.308,0.842746,0,0,1.97845,0.149972,0.98573,0.66528,12.849,1,0.476725,1.32314,0,100.075,4.03899,96.882,0.84672,12.849,0.84672,3695.15,0,36.966,0.653345,0.608429,2.40506,10.8978,0.901425,12.3565,0.42336,36.966,0.42336,423.524,0,0.850694,0,0,1.45912,0.608429,1.028160,1,0,110.224,0,0,0,110.224,0
72.29,2.30962,0,0,5.14424,0.297472,2.53715,3.6288,61.308,0.642562,0,0,2.26052,0.174384,1.44357,0.66528,12.849,1,0.410518,2.53715,0,126.324,3.71641,124.734,0.84672,12.849,0.84672,3695.15,0,36.966,0.387436,0.736344,2.40509,19.7775,0.822049,21.7094,0.42336,36.966,0.42336,423.524,0,1.02816,0,0,1.7645,0.736344,1.028160,1,0,147.887,0,0,0,147.887,0
72.29,2.30965,0,0,5.83059,0.322866,3.19807,3.6288,61.308,0.642576,0,0,1.96585,0.177476,1.1458,0.66528,12.849,1,0.410524,3.19807,0,127.136,3.44515,126.478,0.84672,12.849,0.84672,3695.15,0,36.966,0.387445,1.0586,2.09989,9.39211,0.736719,11.4264,0.42336,36.966,0.42336,423.524,0,1.02816,0,0,2.08676,1.0586,1.028160,1,0,139.05,0,0,0,139.05,0
72.29,2.30969,0,0,5.19903,0.322866,2.56648,3.6288,61.308,0.857443,0,0,1.65446,0.177476,0.619546,0.66528,12.849,1,0.41053,2.56648,0,125.023,3.44515,123.733,0.84672,12.849,0.84672,3695.15,0,36.966,0.517,0.608429,2.09991,9.77538,0.736719,11.23,0.42336,36.966,0.42336,423.524,0,0.683761,0,0,1.29219,0.608429,1.028160,1,0,135.583,0,0,0,135.583,0
72.29,2.30972,0,0,4.84176,0.290252,2.24179,3.6288,61.308,0.642605,0,0,1.68021,0.183869,0.853739,0.66528,12.849,1,0.410535,2.24179,0,138.321,3.81455,136.338,0.84672,12.849,0.84672,3695.15,0,36.966,0.387462,0.862393,2.09994,8.16981,0.837974,9.9067,0.42336,36.966,0.42336,423.524,0,1.02816,0,0,1.89055,0.862393,1.028160,1,0,147.098,0,0,0,147.098,0
72.29,2.30975,0,0,5.06227,0.297711,2.45481,3.6288,61.308,0.642619,0,0,1.87647,0.197279,1.03657,0.66528,12.849,1,0.410541,2.45481,0,100.698,4.6322,98.1104,0.84672,12.849,0.84672,3695.15,0,36.966,0.387471,0.802544,2.09996,9.20713,0.922567,10.7996,0.42336,36.966,0.42336,423.524,0,1.02816,0,0,1.8307,0.802544,1.028160,1,0,109.947,0,0,0,109.947,0
72.29,2.40356,0,0,3.09194,0.306609,0.381764,3.6288,61.308,0.780389,0,0,1.16192,0.209098,0.172429,0.66528,12.849,1,0.427215,0.381764,0,77.2546,4.35992,72.8492,0.84672,12.849,0.84672,3695.15,0,36.966,0.47054,0.558835,2.09999,7.06619,0.859284,8.39519,0.42336,36.966,0.42336,423.524,0,0.877962,0,0,1.4368,0.558835,1.028160,1,0,81.4168,0,0,0,81.4168,0
72.29,2.4036,0,0,5.38986,0.306609,2.67965,3.6288,61.308,0.66528,0,0,2.01563,0.209098,1.14125,0.66528,12.849,1,0.427221,2.67965,0,123.324,4.35992,121.216,0.84672,12.849,0.84672,3695.15,0,36.966,0.435475,1.41393,2.17527,9.45173,0.859284,11.7462,0.42336,36.966,0.42336,423.524,0,1.02816,0,0,2.44209,1.41393,1.028160,1,0,134.104,0,0,0,134.104,0
72.29,2.40363,0,0,3.93776,0.294773,1.23935,3.6288,61.308,0.66528,0,0,1.74487,0.21768,0.861914,0.66528,12.849,1,0.427227,1.23935,0,89.7022,4.48674,86.0276,0.84672,12.849,0.84672,3695.15,0,36.966,0.435499,0.889471,2.1753,7.96625,0.903008,9.69251,0.42336,36.966,0.42336,423.524,0,1.02816,0,0,1.91763,0.889471,1.028160,1,0,96.582,0,0,0,96.582,0
72.2609,2.40367,0,0,2.9612,0.223753,0.36288,3.6288,61.308,0.817851,0,0,1.24502,0.26917,0.157994,0.66528,12.849,1,0.427233,0.36288,0,76.8105,5.24769,71.4984,0.84672,12.849,0.84672,3695.15,0,36.966,0.493128,0.528595,2.17532,5.69112,1.16536,6.73655,0.42336,36.966,0.42336,423.524,0,0.817983,0,0,1.34658,0.528595,1.028160,1,0,78.393,0,0,0,78.393,0
72.1541,2.36689,0,0,2.85538,0.232439,0.36288,3.6288,61.308,0.66528,0,0,1.56547,0.223014,0.677179,0.66528,12.849,1,0.420866,0.36288,0,72.0827,3.81021,68.2145,0.84672,12.849,0.84672,3695.15,0,36.966,0.408116,0.534237,2.17535,5.84016,0.986941,7.15469,0.42336,36.966,0.42336,423.524,0,1.02816,0,0,1.5624,0.534237,1.028160,1,0,76.0463,0,0,0,76.0463,0
71.8022,2.36639,0,0,2.61113,0.233705,0.36288,3.6288,61.308,0.767162,0,0,1.49754,0.215321,0.515054,0.66528,12.849,1,0.421401,0.36288,0,67.6037,3.57063,63.9745,0.84672,12.849,0.84672,3695.15,0,36.966,0.462564,0.528595,2.14609,5.74545,0.957205,7.00037,0.42336,36.966,0.42336,423.524,0,0.871854,0,0,1.40045,0.528595,1.028160,1,0,71.49,0,0,0,71.49,0
71.9147,2.36468,0,0,3.06097,0.220961,0.36288,3.6288,61.308,0.76903,0,0,1.40042,0.221256,0.410137,0.66528,12.849,1,0.423158,0.36288,0,73.3432,4.03848,69.2445,0.84672,12.849,0.84672,3695.15,0,36.966,0.463691,0.528595,2.14611,7.6337,0.97565,8.86907,0.42336,36.966,0.42336,423.524,0,0.868882,0,0,1.39748,0.528595,1.028160,1,0,78.5237,0,0,0,78.5237,0
71.4585,2.36527,0,0,2.45146,0.179442,0.36288,3.6288,61.308,0.688679,0,0,1.36185,0.239601,0.433566,0.66528,12.849,1,0.422603,0.36288,0,55.6267,5.26778,50.2992,0.84672,12.849,0.84672,3695.15,0,36.966,0.415243,0.402797,2.14614,5.86587,1.04711,6.95245,0.42336,36.966,0.42336,423.524,0,0.997704,0,0,1.4005,0.402797,1.028160,1,0,57.6852,0,0,0,57.6852,0
70.7402,2.48727,0,0,2.26774,0.135895,0.36288,3.6288,61.308,0.825768,0,0,1.30321,0.259984,0.217462,0.66528,12.849,1,0.447238,0.36288,0,45.4036,5.13327,40.186,0.84672,12.849,0.84672,3695.15,0,36.966,0.505486,0.402797,2.14616,5.59783,1.16313,6.47818,0.42336,36.966,0.42336,423.524,0,0.867672,0,0,1.27047,0.402797,1.028160,1,0,46.8816,0,0,0,46.8816,0
70.0188,2.48346,0,0,2.29338,0.168497,0.36288,3.6288,61.308,0.837017,0,0,1.26655,0.259091,0.170438,0.66528,12.849,1,0.451087,0.36288,0,47.5184,4.47657,42.9536,0.84672,12.849,0.84672,3695.15,0,36.966,0.50551,0.402797,2.24882,5.344,1.11498,6.37513,0.42336,36.966,0.42336,423.524,0,0.856423,0,0,1.25922,0.402797,1.028160,1,0,49.4991,0,0,0,49.4991,0
69.0333,2.47957,0,0,2.01042,0.153415,0.36288,3.6288,61.308,0.890699,0,0,1.17991,0.268534,0.0206798,0.66528,12.849,1,0.455021,0.36288,0,42.455,4.58367,37.7792,0.84672,12.849,0.84672,3695.15,0,36.966,0.537052,0.402797,2.24884,5.18482,1.14235,6.15706,0.42336,36.966,0.42336,423.524,0,0.771224,0,0,1.17402,0.402797,1.028160,1,0,43.9569,0,0,0,43.9569,0
67.9812,2.47413,0,0,1.90204,0.117147,0.36288,3.6288,61.2876,0.862692,0,0,1.13443,0.292142,0,0.66528,12.849,1,0.460504,0.36288,0,38.8094,4.85142,33.8604,0.84672,12.849,0.84672,3695.15,0,36.966,0.520165,0.30119,2.24887,4.9879,1.21076,5.80704,0.42336,36.966,0.42336,423.524,0,0.816143,0,0,1.11733,0.30119,1.028160,1,0,39.6674,0,0,0,39.6674,0
67.0011,2.46817,0,0,1.96609,0.115211,0.36288,3.6288,61.308,0.752017,0,0,1.13371,0.287074,0.0742222,0.66528,12.849,1,0.466504,0.36288,0,40.6895,4.90788,35.678,0.84672,12.849,0.84672,3695.15,0,36.966,0.505584,0.30119,2.2489,5.36028,1.21015,6.19464,0.42336,36.966,0.42336,423.524,0,0.941423,0,0,1.24261,0.30119,1.028160,1,0,41.9468,0,0,0,41.9468,0
66.9327,2.43815,0,0,2.82494,0.0922628,0.36288,3.6288,61.308,0.66528,0,0,1.37657,0.2805,0.430788,0.66528,12.849,1,0.467572,0.36288,0,51.775,5.27196,46.3984,0.84672,12.849,0.84672,3695.15,0,36.966,0.559077,1.34307,2.24892,5.89594,1.2846,7.64426,0.42336,36.966,0.42336,423.524,0,1.02816,0,0,2.37123,1.34307,1.028160,1,0,54.4734,0,0,0,54.4734,0
66.7334,2.43779,0,0,2.68143,0.0800319,0.36288,3.6288,61.308,0.66528,0,0,1.33008,0.298184,0.366621,0.66528,12.849,1,0.467979,0.36288,0,48.3653,5.29095,42.9693,0.84672,12.849,0.84672,3695.15,0,36.966,0.559102,1.26202,2.28483,5.94027,1.34318,7.58483,0.42336,36.966,0.42336,423.524,0,1.02816,0,0,2.29018,1.26202,1.028160,1,0,50.9207,0,0,0,50.9207,0
66.3707,2.43665,0,0,2.51669,0.0799058,0.36288,3.6288,61.308,0.66528,0,0,1.17053,0.298184,0.207066,0.66528,12.849,1,0.469158,0.36288,0,44.192,5.29095,38.7947,0.84672,12.849,0.84672,3695.15,0,36.966,0.559127,1.17729,2.28485,5.63747,1.34318,7.1973,0.42336,36.966,0.42336,423.524,0,1.02816,0,0,2.20545,1.17729,1.028160,1,0,46.1991,0,0,0,46.1991,0
65.8507,2.43454,0,0,2.35709,0.0796762,0.36288,3.6288,61.308,0.66528,0,0,1.09137,0.298184,0.127906,0.66528,12.849,1,0.471313,0.36288,0,42.2892,5.29095,36.8898,0.84672,12.849,0.84672,3695.15,0,36.966,0.559152,1.05564,2.28488,5.3359,1.34318,6.77409,0.42336,36.966,0.42336,423.524,0,1.02816,0,0,2.0838,1.05564,1.028160,1,0,43.7918,0,0,0,43.7918,0
65.1039,2.49411,0,0,2.18236,0.07214,0.36288,3.6288,61.2572,0.66528,0,0,0.922596,0.308127,0,0.66528,12.849,1,0.486658,0.36288,0,38.4613,5.48685,32.8507,0.84672,12.849,0.84672,3695.15,0,36.966,0.606832,0.832136,2.28491,4.56081,1.38902,5.682,0.42336,36.966,0.42336,423.524,0,1.02816,0,0,1.8603,0.832136,1.028160,1,0,38.5327,0,0,0,38.5327,0
64.1524,2.48948,0,0,1.96972,0.0688446,0.36288,3.6288,61.0714,0.66528,0,0,0.791519,0.312004,0,0.66528,12.849,1,0.491327,0.36288,0,36.812,5.56521,31.1184,0.84672,12.849,0.84672,3695.15,0,36.966,0.606858,0.528949,2.33579,3.78677,1.40736,4.63728,0.42336,36.966,0.42336,423.524,0,1.02816,0,0,1.55711,0.528949,1.028160,1,0,35.7556,0,0,0,35.7556,0
63.2559,2.48344,0,0,2.01347,0.0637207,0.36288,3.6288,60.9709,0.66528,0,0,0.879025,0.314223,0,0.66528,12.849,1,0.497406,0.36288,0,35.012,5.63998,29.2374,0.84672,12.849,0.84672,3695.15,0,36.966,0.606883,0.739057,2.33581,4.68393,1.4223,5.72961,0.42336,36.966,0.42336,423.524,0,1.02816,0,0,1.76722,0.739057,1.028160,1,0,34.9671,0,0,0,34.9671,0
62.4598,2.47762,0,0,2.09791,0.0534837,0.36288,3.6288,60.9217,0.66528,0,0,0.901195,0.285153,0,0.66528,12.849,1,0.503272,0.36288,0,35.0651,5.76537,29.1593,0.84672,12.849,0.84672,3695.15,0,36.966,0.606909,0.853036,2.33584,5.11289,1.47317,6.22169,0.42336,36.966,0.42336,423.524,0,1.02816,0,0,1.8812,0.853036,1.028160,1,0,35.381,0,0,0,35.381,0
61.8404,2.6542,0,0,2.45581,0.0581595,0.36288,3.6288,61.0181,0.66528,0,0,1.05342,0.291789,0,0.66528,12.849,1,0.546013,0.36288,0,37.1036,5.73706,31.1834,0.84672,12.849,0.84672,3695.15,0,36.966,0.778952,1.20185,2.33587,5.30759,1.46652,6.59984,0.42336,36.966,0.42336,423.524,0,1.02816,0,0,2.23001,1.20185,1.028160,1,0,37.7833,0,0,0,37.7833,0
61.1287,2.64971,0,0,2.36142,0.0604679,0.36288,3.6288,60.94,0.66528,0,0,0.916047,0.328795,0,0.66528,12.849,1,0.550549,0.36288,0,32.7777,5.84462,26.7455,0.84672,12.849,0.84672,3695.15,0,36.966,0.77898,0.973883,2.50989,4.66402,1.47474,5.89407,0.42336,36.966,0.42336,423.524,0,1.02816,0,0,2.00204,0.973883,1.028160,1,0,32.6395,0,0,0,32.6395,0
60.5759,2.64445,0,0,2.51458,0.0601133,0.36288,3.6288,61.0729,0.66528,0,0,1.12679,0.328632,0,0.66528,12.849,1,0.555853,0.36288,0,41.7107,5.84462,35.6731,0.84672,12.849,0.84672,3695.15,0,36.966,0.779008,1.43937,2.50992,5.20948,1.47474,6.90502,0.42336,36.966,0.42336,423.524,0,1.02816,0,0,2.46753,1.43937,1.028160,1,0,42.5782,0,0,0,42.5782,0
59.5816,2.6403,0,0,2.06874,0.0598378,0.36288,3.6288,60.8993,0.66528,0,0,0.82061,0.328909,0,0.66528,12.849,1,0.560046,0.36288,0,38.2136,5.84462,32.1718,0.84672,12.849,0.84672,3695.15,0,36.966,0.779036,0.658273,2.50995,4.26681,1.47474,5.18126,0.42336,36.966,0.42336,423.524,0,1.02816,0,0,1.68643,0.658273,1.028160,1,0,37.3531,0,0,0,37.3531,0
59.1047,2.63265,0,0,2.57799,0.0592906,0.36288,3.6288,61.308,0.66528,0,0,1.42155,0.328548,0.01905,0.66528,12.849,1,0.567742,0.36288,0,37.249,5.84462,31.1996,0.84672,12.849,0.84672,3695.15,0,36.966,0.779064,2.3045,2.50998,6.65472,1.47474,9.21539,0.42336,36.966,0.42336,423.524,0,1.02816,0,0,3.33266,2.3045,1.028160,1,0,40.434,0,0,0,40.434,0
58.3096,2.54114,0,0,2.19955,0.0906553,0.36288,3.6288,61.308,0.66528,0,0,1.13938,0.250794,0.223309,0.66528,12.849,1,0.552427,0.36288,0,43.314,5.18206,37.9424,0.84672,12.849,0.84672,3695.15,0,36.966,0.674677,1.59551,2.51001,4.69958,1.4357,6.69472,0.42336,36.966,0.42336,423.524,0,1.02816,0,0,2.62367,1.59551,1.028160,1,0,44.8605,0,0,0,44.8605,0
59.7056,2.535,0,0,4.38383,0.08996,0.36288,3.6288,61.308,0.66528,0,0,1.8888,0.250794,0.972725,0.66528,12.849,1,0.558608,0.36288,0,46.521,5.18206,41.1432,0.84672,12.849,0.84672,3695.15,0,36.966,0.674704,4.05776,2.40934,7.68758,1.4357,12.0443,0.42336,36.966,0.42336,423.524,0,1.02816,0,0,5.08592,4.05776,1.028160,1,0,54.1602,0,0,0,54.1602,0
58.6759,2.54578,0,0,1.97009,0.0911807,0.36288,3.6288,61.308,0.66528,0,0,1.10532,0.250794,0.189241,0.66528,12.849,1,0.547868,0.36288,0,39.9496,5.18206,34.5826,0.84672,12.849,0.84672,3695.15,0,36.966,0.67473,1.74257,2.40937,4.15583,1.4357,6.19734,0.42336,36.966,0.42336,423.524,0,1.02816,0,0,2.77073,1.74257,1.028160,1,0,40.9692,0,0,0,40.9692,0
57.9142,2.53793,0,0,2.22945,0.0902803,0.36288,3.6288,61.308,0.66528,0,0,1.29566,0.250794,0.379589,0.66528,12.849,1,0.555763,0.36288,0,32.0697,5.18206,26.6947,0.84672,12.849,0.84672,3695.15,0,36.966,0.674757,1.57994,2.4094,4.62773,1.4357,6.50662,0.42336,36.966,0.42336,423.524,0,1.02816,0,0,2.6081,1.57994,1.028160,1,0,33.581,0,0,0,33.581,0
60.1594,2.46019,0,0,5.25364,0.185402,0.36288,3.6288,61.308,0.66528,0,0,3.02164,0.210349,2.14601,0.66528,12.849,1,0.545823,0.36288,0,72.5965,3.90723,68.5063,0.84672,12.849,0.84672,3695.15,0,36.966,0.579735,4.01445,2.40943,9.44239,1.07286,14.2137,0.42336,36.966,0.42336,423.524,0,1.02816,0,0,5.04261,4.01445,1.028160,1,0,84.866,0,0,0,84.866,0
62.3008,2.47701,0,0,5.14846,0.167153,0.36288,3.6288,61.308,0.66528,0,0,2.92118,0.174627,2.08128,0.66528,12.849,1,0.529045,0.36288,0,88.9877,3.59678,85.2247,0.84672,12.849,0.84672,3695.15,0,36.966,0.579761,5.00241,2.31958,13.6012,0.932725,19.4107,0.42336,36.966,0.42336,423.524,0,1.02816,0,0,6.03057,5.00241,1.028160,1,0,106.717,0,0,0,106.717,0
68.1048,2.49212,0,0,8.83977,0.180825,0.36288,3.6288,61.308,0.66528,0,0,2.46652,0.172783,1.62846,0.66528,12.849,1,0.513977,0.36288,0,99.9605,3.85917,95.9502,0.84672,12.849,0.84672,3695.15,0,36.966,0.579786,4.10603,2.31961,11.5715,0.996175,16.4211,0.42336,36.966,0.42336,423.524,0,1.02816,0,0,5.13419,4.10603,1.028160,1,0,114,0,0,0,114,0
70.6475,2.529,0,0,5.63893,0.204319,0.36288,3.6288,61.308,0.66528,0,0,2.91679,0.170326,2.08119,0.66528,12.849,1,0.477135,0.36288,0,99.2762,4.20903,94.9529,0.84672,12.849,0.84672,3695.15,0,36.966,0.579811,4.36303,2.31964,12.1188,1.08077,17.1409,0.42336,36.966,0.42336,423.524,0,1.02816,0,0,5.39119,4.36303,1.028160,1,0,114.175,0,0,0,114.175,0
72.29,2.33274,0,0,9.32346,0.216198,5.13201,3.6288,61.308,0.653261,0,0,4.15555,0.180683,3.32161,0.66528,12.849,1,0.424267,5.13201,0,125.786,4.10703,126.387,0.84672,12.849,0.84672,3695.15,0,36.966,0.393888,5.85814,2.31966,13.671,1.08255,20.3723,0.42336,36.966,0.42336,423.524,0,1.02816,0,0,6.8863,5.85814,1.028160,1,0,150.081,0,0,0,150.081,0
72.29,2.34096,0,0,9.23028,0.238692,6.65064,3.6288,61.308,0.653275,0,0,3.87292,0.206575,3.01307,0.66528,12.849,1,0.416087,6.65064,0,87.2355,3.85203,89.618,0.84672,12.849,0.84672,3695.15,0,36.966,0.393896,5.7121,2.12005,12.501,1.087,18.8522,0.42336,36.966,0.42336,423.524,0,1.02816,0,0,6.74026,5.7121,1.028160,1,0,111.483,0,0,0,111.483,0
72.29,2.34099,0,0,11.6897,0.238692,9.10998,3.6288,61.308,0.65329,0,0,5.10252,0.206575,4.24266,0.66528,12.849,1,0.416093,9.10998,0,125.975,3.85203,130.817,0.84672,12.849,0.84672,3695.15,0,36.966,0.393905,6.88868,2.12007,17.1189,1.087,24.6467,0.42336,36.966,0.42336,423.524,0,1.02816,0,0,7.91684,6.88868,1.028160,1,0,159.706,0,0,0,159.706,0
72.29,2.34102,0,0,9.47782,0.238692,6.8981,3.6288,61.308,0.653304,0,0,2.35819,0.206575,1.49831,0.66528,12.849,1,0.416099,6.8981,0,130.434,3.85203,133.064,0.84672,12.849,0.84672,3695.15,0,36.966,0.393913,3.67672,2.1201,11.7069,1.087,16.0228,0.42336,36.966,0.42336,423.524,0,1.02816,0,0,4.70488,3.67672,1.028160,1,0,150.585,0,0,0,150.585,0
72.29,2.34106,0,0,9.73668,0.277005,7.11861,3.6288,61.308,0.653318,0,0,1.47496,0.204257,0.617385,0.66528,12.849,1,0.416105,7.11861,0,127.882,4.47641,130.108,0.84672,12.849,0.84672,3695.15,0,36.966,0.393922,2.6743,2.12012,8.7836,1.1622,12.0219,0.42336,36.966,0.42336,423.524,0,1.02816,0,0,3.70246,2.6743,1.028160,1,0,142.748,0,0,0,142.748,0
72.29,2.34106,0,0,14.2487,0.265749,11.6419,3.6288,61.308,0.653318,0,0,4.35141,0.204321,3.49377,0.66528,12.849,1,0.416105,11.6419,0,247.118,3.70502,254.639,0.84672,12.849,0.84672,3695.15,0,36.966,0.393922,8.15583,2.12015,19.8495,1.12803,28.6036,0.42336,36.966,0.42336,423.524,0,1.02816,0,0,9.18399,8.15583,1.028160,1,0,286.736,0,0,0,286.736,0
72.29,2.42247,0,0,8.88857,0.261319,6.20478,3.6288,61.308,0.66528,0,0,3.12809,0.204486,2.25833,0.66528,12.849,1,0.430576,6.20478,0,186.614,3.53482,188.853,0.84672,12.849,0.84672,3695.15,0,36.966,0.439308,4.52173,2.12015,11.8534,1.11732,16.9386,0.42336,36.966,0.42336,423.524,0,1.02816,0,0,5.54989,4.52173,1.028160,1,0,208.05,0,0,0,208.05,0
72.29,2.42249,0,0,7.17708,0.261319,4.49327,3.6288,61.308,0.66528,0,0,2.23411,0.204486,1.36435,0.66528,12.849,1,0.430579,4.49327,0,134.728,3.53482,135.256,0.84672,12.849,0.84672,3695.15,0,36.966,0.439321,2.41172,2.18242,7.24694,1.11732,10.2844,0.42336,36.966,0.42336,423.524,0,1.02816,0,0,3.43988,2.41172,1.028160,1,0,146.904,0,0,0,146.904,0
72.29,2.42251,0,0,7.40189,0.29043,4.68895,3.6288,61.308,0.66528,0,0,2.48231,0.165839,1.65119,0.66528,12.849,1,0.430582,4.68895,0,135.611,2.89087,136.978,0.84672,12.849,0.84672,3695.15,0,36.966,0.439334,2.87428,2.18244,7.96848,0.966796,11.6191,0.42336,36.966,0.42336,423.524,0,1.02816,0,0,3.90244,2.87428,1.028160,1,0,150.249,0,0,0,150.249,0
72.29,2.42253,0,0,5.63615,0.310372,2.90325,3.6288,61.308,0.66528,0,0,2.16848,0.167582,1.33561,0.66528,12.849,1,0.430586,2.90325,0,112.011,2.71434,111.769,0.84672,12.849,0.84672,3695.15,0,36.966,0.439346,2.13897,2.18245,6.92073,0.852627,9.95018,0.42336,36.966,0.42336,423.524,0,1.02816,0,0,3.16713,2.13897,1.028160,1,0,123.055,0,0,0,123.055,0
72.29,2.68388,0,0,5.01382,0.321434,2.00851,3.6288,61.308,0.66528,0,0,2.002,0.190518,1.1462,0.66528,12.849,1,0.477039,2.00851,0,100.694,2.8224,99.4031,0.84672,12.849,0.84672,3695.15,0,36.966,0.654575,2.45889,2.18246,6.2811,0.78068,9.4872,0.42336,36.966,0.42336,423.524,0,1.02816,0,0,3.48705,2.45889,1.028160,1,0,110.036,0,0,0,110.036,0
72.29,2.6839,0,0,5.26679,0.321434,2.26146,3.6288,61.308,0.66528,0,0,1.89638,0.190518,1.04058,0.66528,12.849,1,0.477043,2.26146,0,95.9662,2.8224,94.9282,0.84672,12.849,0.84672,3695.15,0,36.966,0.654589,2.10852,2.40643,4.84661,0.78068,7.92629,0.42336,36.966,0.42336,423.524,0,1.02816,0,0,3.13668,2.10852,1.028160,1,0,103.895,0,0,0,103.895,0
72.29,2.68392,0,0,4.4089,0.313642,1.41134,3.6288,61.308,0.66528,0,0,2.15262,0.207116,1.28023,0.66528,12.849,1,0.477046,1.41134,0,87.6476,3.21552,85.3664,0.84672,12.849,0.84672,3695.15,0,36.966,0.654603,2.33386,2.40645,5.50858,0.903668,8.69062,0.42336,36.966,0.42336,423.524,0,1.02816,0,0,3.36202,2.33386,1.028160,1,0,95.3372,0,0,0,95.3372,0
72.29,2.68394,0,0,7.60747,0.31346,4.61007,3.6288,61.308,0.66528,0,0,3.53255,0.183791,2.68348,0.66528,12.849,1,0.47705,4.61007,0,120.493,3.51447,121.111,0.84672,12.849,0.84672,3695.15,0,36.966,0.654617,3.29487,2.40646,11.5926,1.03322,15.6061,0.42336,36.966,0.42336,423.524,0,1.02816,0,0,4.32303,3.29487,1.028160,1,0,139.401,0,0,0,139.401,0
72.29,2.3112,0,0,5.24985,0.339254,2.59939,3.6288,61.308,0.643237,0,0,3.50017,0.148629,2.7083,0.66528,12.849,1,0.410799,2.59939,0,146.728,2.62185,146.295,0.84672,12.849,0.84672,3695.15,0,36.966,0.387844,3.2043,2.40648,13.0595,0.725797,17.5567,0.42336,36.966,0.42336,423.524,0,1.02816,0,0,4.23246,3.2043,1.028160,1,0,166.56,0,0,0,166.56,0
72.29,2.31122,0,0,7.05594,0.327926,4.4168,3.6288,61.308,0.643245,0,0,3.73924,0.142612,2.95338,0.66528,12.849,1,0.410802,4.4168,0,169.168,2.53465,170.639,0.84672,12.849,0.84672,3695.15,0,36.966,0.387848,2.72377,2.10107,14.3953,0.713271,18.119,0.42336,36.966,0.42336,423.524,0,1.02816,0,0,3.75193,2.72377,1.028160,1,0,191.711,0,0,0,191.711,0
72.29,2.31124,0,0,5.79661,0.307282,3.17809,3.6288,61.308,0.643252,0,0,4.20982,0.174072,3.3925,0.66528,12.849,1,0.410805,3.17809,0,149.852,3.61442,149.005,0.84672,12.849,0.84672,3695.15,0,36.966,0.387853,4.26446,2.10109,13.819,0.944815,18.8519,0.42336,36.966,0.42336,423.524,0,1.02816,0,0,5.29262,4.26446,1.028160,1,0,171.249,0,0,0,171.249,0
72.29,2.31126,0,0,8.32766,0.310915,5.70549,3.6288,61.308,0.64326,0,0,5.20614,0.153883,4.40899,0.66528,12.849,1,0.410808,5.70549,0,125.908,3.83607,127.367,0.84672,12.849,0.84672,3695.15,0,36.966,0.387857,3.04801,2.1011,13.0709,0.873032,16.9591,0.42336,36.966,0.42336,423.524,0,1.02816,0,0,4.07617,3.04801,1.028160,1,0,148.735,0,0,0,148.735,0
72.29,2.31127,0,0,7.59542,0.336381,4.94777,3.6288,61.308,0.643268,0,0,4.46692,0.1889,3.63476,0.66528,12.849,1,0.410811,4.94777,0,160.651,4.05857,161.13,0.84672,12.849,0.84672,3695.15,0,36.966,0.387862,4.54181,2.10111,16.247,0.965845,21.5362,0.42336,36.966,0.42336,423.524,0,1.02816,0,0,5.56997,4.54181,1.028160,1,0,186.301,0,0,0,186.301,0
72.29,2.40512,0,0,8.47126,0.336381,5.72976,3.6288,61.308,0.66528,0,0,4.87261,0.1889,4.01843,0.66528,12.849,1,0.427492,5.72976,0,175.352,4.05857,176.596,0.84672,12.849,0.84672,3695.15,0,36.966,0.436523,3.66981,2.10113,16.6893,0.965845,21.0578,0.42336,36.966,0.42336,423.524,0,1.02816,0,0,4.69797,3.66981,1.028160,1,0,201.672,0,0,0,201.672,0
72.29,2.40514,0,0,6.9558,0.336381,4.21428,3.6288,61.308,0.66528,0,0,4.25744,0.1889,3.40326,0.66528,12.849,1,0.427496,4.21428,0,128.79,4.05857,128.519,0.84672,12.849,0.84672,3695.15,0,36.966,0.436535,4.01014,2.17644,12.2105,0.965845,16.9947,0.42336,36.966,0.42336,423.524,0,1.02816,0,0,5.0383,4.01014,1.028160,1,0,148.917,0,0,0,148.917,0
72.29,2.40516,0,0,5.55345,0.283569,2.86472,3.6288,61.308,0.66528,0,0,2.96146,0.183073,2.1131,0.66528,12.849,1,0.427499,2.86472,0,115.712,4.40454,113.745,0.84672,12.849,0.84672,3695.15,0,36.966,0.436548,2.25603,2.17645,8.61149,0.988342,11.6191,0.42336,36.966,0.42336,423.524,0,1.02816,0,0,3.28419,2.25603,1.028160,1,0,127.477,0,0,0,127.477,0
72.29,2.40518,0,0,5.61838,0.268586,2.94461,3.6288,61.308,0.66528,0,0,2.00265,0.206264,1.1311,0.66528,12.849,1,0.427502,2.94461,0,119.384,4.14144,117.76,0.84672,12.849,0.84672,3695.15,0,36.966,0.43656,1.77955,2.17647,9.2378,1.06083,11.6964,0.42336,36.966,0.42336,423.524,0,1.02816,0,0,2.80771,1.77955,1.028160,1,0,130.587,0,0,0,130.587,0
72.29,2.36851,0,0,4.78613,0.262593,2.15503,3.6288,61.308,0.66528,0,0,1.42459,0.215541,0.543768,0.66528,12.849,1,0.420984,2.15503,0,87.3927,4.0362,85.0906,0.84672,12.849,0.84672,3695.15,0,36.966,0.409128,1.30994,2.17648,5.94001,1.08982,7.92749,0.42336,36.966,0.42336,423.524,0,1.02816,0,0,2.3381,1.30994,1.028160,1,0,93.5618,0,0,0,93.5618,0
72.29,2.36853,0,0,4.16687,0.262593,1.53575,3.6288,61.308,0.66528,0,0,1.36838,0.215541,0.487556,0.66528,12.849,1,0.420988,1.53575,0,77.6235,4.0362,74.7021,0.84672,12.849,0.84672,3695.15,0,36.966,0.409141,1.05452,2.14719,5.55655,1.08982,7.2593,0.42336,36.966,0.42336,423.524,0,1.02816,0,0,2.08268,1.05452,1.028160,1,0,82.4489,0,0,0,82.4489,0
72.29,2.36854,0,0,3.73363,0.262593,1.10249,3.6288,61.308,0.66528,0,0,1.20912,0.215541,0.328304,0.66528,12.849,1,0.420991,1.10249,0,66.6213,4.0362,63.2666,0.84672,12.849,0.84672,3695.15,0,36.966,0.409153,0.79831,2.14721,4.84072,1.08982,6.28726,0.42336,36.966,0.42336,423.524,0,1.02816,0,0,1.82647,0.79831,1.028160,1,0,69.8822,0,0,0,69.8822,0
72.29,2.36856,0,0,3.81396,0.225252,1.22014,3.6288,61.308,0.66528,0,0,1.11022,0.210458,0.234485,0.66528,12.849,1,0.420994,1.22014,0,72.8931,3.78828,69.904,0.84672,12.849,0.84672,3695.15,0,36.966,0.409165,0.742789,2.14722,4.61207,1.02422,6.06869,0.42336,36.966,0.42336,423.524,0,1.02816,0,0,1.77095,0.742789,1.028160,1,0,76.2071,0,0,0,76.2071,0
72.29,2.49312,0,0,4.23912,0.177268,1.56873,3.6288,61.308,0.66528,0,0,1.26376,0.257484,0.340992,0.66528,12.849,1,0.443133,1.56873,0,79.2477,4.40706,75.9663,0.84672,12.849,0.84672,3695.15,0,36.966,0.506507,1.11878,2.14724,5.23278,1.17435,6.81795,0.42336,36.966,0.42336,423.524,0,1.02816,0,0,2.14694,1.11878,1.028160,1,0,83.1252,0,0,0,83.1252,0
72.29,2.49314,0,0,3.63468,0.177268,0.964278,3.6288,61.308,0.66528,0,0,1.30926,0.257484,0.386499,0.66528,12.849,1,0.443136,0.964278,0,50.0219,4.40706,46.136,0.84672,12.849,0.84672,3695.15,0,36.966,0.50652,1.13555,2.24993,4.96588,1.17435,6.67049,0.42336,36.966,0.42336,423.524,0,1.02816,0,0,2.16371,1.13555,1.028160,1,0,53.193,0,0,0,53.193,0
72.29,2.49316,0,0,3.70888,0.177268,1.03845,3.6288,61.308,0.66528,0,0,1.25377,0.257484,0.331004,0.66528,12.849,1,0.44314,1.03845,0,50.0589,4.40706,46.2471,0.84672,12.849,0.84672,3695.15,0,36.966,0.506533,0.516128,2.24995,4.33258,1.17435,5.41777,0.42336,36.966,0.42336,423.524,0,1.02816,0,0,1.54429,0.516128,1.028160,1,0,51.9959,0,0,0,51.9959,0
72.29,2.49318,0,0,3.14568,0.16973,0.482772,3.6288,61.308,0.66528,0,0,1.01265,0.257942,0.0894292,0.66528,12.849,1,0.443143,0.482772,0,50.8162,4.48009,46.3757,0.84672,12.849,0.84672,3695.15,0,36.966,0.506546,0.427499,2.24996,4.14888,1.20185,5.11795,0.42336,36.966,0.42336,423.524,0,1.02816,0,0,1.45566,0.427499,1.028160,1,0,51.5831,0,0,0,51.5831,0
71.615,2.49319,0,0,2.3019,0.120826,0.36288,3.6288,61.0141,0.67379,0,0,0.625925,0.245995,0,0.66528,12.849,1,0.443146,0.36288,0,38.6666,4.85824,33.7281,0.84672,12.849,0.84672,3695.15,0,36.966,0.506559,0.30119,2.24998,2.86526,1.11764,3.79222,0.42336,36.966,0.42336,423.524,0,1.01965,0,0,1.32084,0.30119,1.028160,1,0,37.5203,0,0,0,37.5203,0
70.7822,2.46508,0,0,2.11539,0.120208,0.36288,3.6288,60.7033,0.673237,0,0,0.607935,0.245538,0,0.66528,12.849,1,0.442279,0.36288,0,38.0558,4.85824,33.1182,0.84672,12.849,0.84672,3695.15,0,36.966,0.560068,0.30119,2.24999,2.88925,1.11764,3.76272,0.42336,36.966,0.42336,423.524,0,1.0202,0,0,1.32139,0.30119,1.028160,1,0,36.8809,0,0,0,36.8809,0
69.7647,2.46069,0,0,1.9255,0.119444,0.36288,3.6288,60.217,0.80981,0,0,0.568603,0.245055,0,0.66528,12.849,1,0.446686,0.36288,0,36.5336,4.85824,31.5915,0.84672,12.849,0.84672,3695.15,0,36.966,0.560081,0.261274,2.2859,2.7142,1.11764,3.58364,0.42336,36.966,0.42336,423.524,0,0.88363,0,0,1.1449,0.261274,1.028160,1,0,35.1751,0,0,0,35.1751,0
68.6127,2.45521,0,0,1.77057,0.104504,0.36288,3.6288,59.6674,0.81553,0,0,0.542869,0.276979,0,0.66528,12.849,1,0.452191,0.36288,0,32.3881,5.2817,27.0171,0.84672,12.849,0.84672,3695.15,0,36.966,0.560095,0.261274,2.28591,2.61165,1.27221,3.32653,0.42336,36.966,0.42336,423.524,0,0.87791,0,0,1.13918,0.261274,1.028160,1,0,30.3436,0,0,0,30.3436,0
67.5807,2.44883,0,0,1.86511,0.0854289,0.36288,3.6288,59.2162,0.723298,0,0,0.601232,0.329144,0,0.66528,12.849,1,0.458589,0.36288,0,30.7102,6.00391,24.6106,0.84672,12.849,0.84672,3695.15,0,36.966,0.560108,0.261274,2.28593,2.45309,1.53533,2.90485,0.42336,36.966,0.42336,423.524,0,0.970142,0,0,1.23142,0.261274,1.028160,1,0,27.5154,0,0,0,27.5154,0
66.4519,2.50591,0,0,1.82501,0.0850135,0.36288,3.6288,58.8549,0.66528,0,0,0.639429,0.33546,0,0.66528,12.849,1,0.476445,0.36288,0,30.7644,6.12213,24.5288,0.84672,12.849,0.84672,3695.15,0,36.966,0.607799,0.278251,2.28594,2.50678,1.5781,2.88508,0.42336,36.966,0.42336,423.524,0,1.02816,0,0,1.30641,0.278251,1.028160,1,0,27.4138,0,0,0,27.4138,0
65.1192,2.49915,0,0,1.61364,0.0842583,0.36288,3.6288,58.3385,0.783648,0,0,0.60194,0.334683,0,0.66528,12.849,1,0.48323,0.36288,0,29.0612,6.12213,22.8187,0.84672,12.849,0.84672,3695.15,0,36.966,0.607813,0.261274,2.33683,2.35169,1.5781,2.76388,0.42336,36.966,0.42336,423.524,0,0.909792,0,0,1.17107,0.261274,1.028160,1,0,25.5826,0,0,0,25.5826,0
63.6495,2.49091,0,0,1.45817,0.0740973,0.36288,3.6288,57.8111,0.784719,0,0,0.595997,0.338656,0,0.66528,12.849,1,0.491493,0.36288,0,27.5479,6.27168,21.1477,0.84672,12.849,0.84672,3695.15,0,36.966,0.607827,0.227405,2.33685,2.34647,1.60798,2.69492,0.42336,36.966,0.42336,423.524,0,0.908721,0,0,1.13613,0.227405,1.028160,1,0,23.8426,0,0,0,23.8426,0
61.985,2.48148,0,0,1.25665,0.076766,0.36288,3.6288,57.2461,0.820722,0,0,0.588316,0.332578,0,0.66528,12.849,1,0.50094,0.36288,0,25.3384,6.28197,18.9184,0.84672,12.849,0.84672,3695.15,0,36.966,0.607841,0.227405,2.33686,2.35197,1.50598,2.80242,0.42336,36.966,0.42336,423.524,0,0.872718,0,0,1.10012,0.227405,1.028160,1,0,21.7208,0,0,0,21.7208,0
60.4669,2.65207,0,0,1.56673,0.0698666,0.36288,3.6288,56.6356,0.845536,0,0,0.591189,0.356191,0,0.66528,12.849,1,0.549754,0.36288,0,22.7349,6.62886,15.9191,0.84672,12.849,0.84672,3695.15,0,36.966,0.779951,0.227405,2.33688,2.41306,1.5903,2.60709,0.42336,36.966,0.42336,423.524,0,0.847904,0,0,1.07531,0.227405,1.028160,1,0,18.5262,0,0,0,18.5262,0
59.1138,2.64071,0,0,1.71941,0.0689936,0.36288,3.6288,56.3456,0.66528,0,0,0.730027,0.35478,0,0.66528,12.849,1,0.561141,0.36288,0,29.2388,6.62886,22.4117,0.84672,12.849,0.84672,3695.15,0,36.966,0.779966,0.307783,2.51096,2.63237,1.5903,3.08085,0.42336,36.966,0.42336,423.524,0,1.02816,0,0,1.33594,0.307783,1.028160,1,0,25.4925,0,0,0,25.4925,0
57.4339,2.63018,0,0,1.38129,0.0681174,0.36288,3.6288,55.5491,0.970393,0,0,0.528022,0.35411,0,0.66528,12.849,1,0.571697,0.36288,0,28.571,6.62886,21.7333,0.84672,12.849,0.84672,3695.15,0,36.966,0.779981,0.204422,2.51098,2.11321,1.5903,2.45833,0.42336,36.966,0.42336,423.524,0,0.723047,0,0,0.927469,0.204422,1.028160,1,0,24.1917,0,0,0,24.1917,0
56.1077,2.61653,0,0,1.72026,0.0670138,0.36288,3.6288,55.434,0.66528,0,0,0.902487,0.352269,0,0.66528,12.849,1,0.585366,0.36288,0,26.0942,6.62886,19.2428,0.84672,12.849,0.84672,3695.15,0,36.966,0.779996,0.726296,2.511,3.26742,1.5903,4.13442,0.42336,36.966,0.42336,423.524,0,1.02816,0,0,1.75446,0.726296,1.028160,1,0,23.3773,0,0,0,23.3773,0
55.0177,2.6053,0,0,1.89727,0.0190972,0.36288,3.6288,55.0013,0.66528,0,0,0.6023,0.369767,0,0.66528,12.849,1,0.596628,0.36288,0,28.1537,6.54537,21.3746,0.84672,12.849,0.84672,3695.15,0,36.966,0.780011,0.355337,2.51101,3.06679,1.64318,3.50995,0.42336,36.966,0.42336,423.524,0,1.02816,0,0,1.3835,0.355337,1.028160,1,0,24.8845,0,0,0,24.8845,0
54.0172,2.50905,0,0,1.98324,0.111776,0.36288,3.6288,54.7662,0.66528,0,0,0.732024,0.301818,0,0.66528,12.849,1,0.585972,0.36288,0,26.4241,4.7251,21.4759,0.84672,12.849,0.84672,3695.15,0,36.966,0.675566,0.647257,2.51103,3.58541,1.20758,4.86055,0.42336,36.966,0.42336,423.524,0,1.02816,0,0,1.67542,0.647257,1.028160,1,0,26.3365,0,0,0,26.3365,0
53.1811,2.50031,0,0,2.1482,0.121192,0.36288,3.6288,54.6694,0.66528,0,0,0.873703,0.305209,0,0.66528,12.849,1,0.594744,0.36288,0,28.9947,4.7902,23.9726,0.84672,12.849,0.84672,3695.15,0,36.966,0.67558,0.717129,2.4103,4.10977,1.24486,5.31677,0.42336,36.966,0.42336,423.524,0,1.02816,0,0,1.74529,0.717129,1.028160,1,0,29.2894,0,0,0,29.2894,0
52.3921,2.49279,0,0,2.18686,0.120164,0.36288,3.6288,54.5924,0.66528,0,0,0.893307,0.305015,0,0.66528,12.849,1,0.60228,0.36288,0,41.2221,4.7902,36.1925,0.84672,12.849,0.84672,3695.15,0,36.966,0.675594,0.835782,2.41032,4.42669,1.24486,5.75234,0.42336,36.966,0.42336,423.524,0,1.02816,0,0,1.86394,0.835782,1.028160,1,0,41.9449,0,0,0,41.9449,0
51.3156,2.48553,0,0,1.93251,0.160557,0.36288,3.6288,54.7102,0.66528,0,0,1.05344,0.270417,0,0.66528,12.849,1,0.609568,0.36288,0,58.4821,4.93232,53.3031,0.84672,12.849,0.84672,3695.15,0,36.966,0.675609,1.13075,2.41033,5.13438,1.26961,6.73024,0.42336,36.966,0.42336,423.524,0,1.02816,0,0,2.15891,1.13075,1.028160,1,0,60.0333,0,0,0,60.0333,0
49.7684,2.40513,0,0,1.43406,0.213313,0.36288,3.6288,54.5153,0.66528,0,0,0.695077,0.224669,0,0.66528,12.849,1,0.602224,0.36288,0,29.8802,5.1218,24.5191,0.84672,12.849,0.84672,3695.15,0,36.966,0.580536,0.873228,2.41035,6.05066,1.30262,7.45108,0.42336,36.966,0.42336,423.524,0,1.02816,0,0,1.90139,0.873228,1.028160,1,0,31.9702,0,0,0,31.9702,0
48.773,2.39027,0,0,1.98101,0.223207,0.36288,3.6288,54.5523,0.66528,0,0,0.922052,0.219743,0,0.66528,12.849,1,0.61711,0.36288,0,51.0519,4.97882,45.8188,0.84672,12.849,0.84672,3695.15,0,36.966,0.58055,1.45607,2.32045,5.79344,1.28185,7.70756,0.42336,36.966,0.42336,423.524,0,1.02816,0,0,2.48423,1.45607,1.028160,1,0,53.5264,0,0,0,53.5264,0
50.1863,2.38032,0,0,4.41031,0.253822,0.36288,3.6288,55.559,0.66528,0,0,1.88015,0.208202,0,0.66528,12.849,1,0.627082,0.36288,0,61.9228,4.62136,57.0372,0.84672,12.849,0.84672,3695.15,0,36.966,0.580563,2.53659,2.32047,10.6475,1.22994,13.6941,0.42336,36.966,0.42336,423.524,0,1.02816,0,0,3.56475,2.53659,1.028160,1,0,70.7313,0,0,0,70.7313,0
51.1165,2.39439,0,0,3.94103,0.253527,0.36288,3.6288,55.9633,0.66528,0,0,1.28279,0.213154,0,0.66528,12.849,1,0.613027,0.36288,0,70.1241,4.55021,65.3237,0.84672,12.849,0.84672,3695.15,0,36.966,0.580577,1.80091,2.32048,7.48086,1.19889,9.82278,0.42336,36.966,0.42336,423.524,0,1.02816,0,0,2.82907,1.80091,1.028160,1,0,75.1465,0,0,0,75.1465,0
52.4816,2.20413,0,0,4.16286,0.230821,0.36288,3.6288,57.7298,0.631016,0,0,2.63269,0.235184,0,0.66528,12.849,1,0.554045,0.36288,0,110.591,4.12325,106.277,0.84672,12.849,0.84672,3695.15,0,36.966,0.416811,2.08783,2.3205,8.04877,1.0126,11.0277,0.42336,36.966,0.42336,423.524,0,1.02816,0,0,3.11599,2.08783,1.028160,1,0,117.304,0,0,0,117.304,0
52.9299,2.21572,0,0,3.26104,0.234114,0.36288,3.6288,59.3231,0.638799,0,0,2.46997,0.237902,0,0.66528,12.849,1,0.542473,0.36288,0,97.1197,4.12325,92.8168,0.84672,12.849,0.84672,3695.15,0,36.966,0.40904,3.66854,2.12079,8.71361,1.0126,13.0813,0.42336,36.966,0.42336,423.524,0,1.02816,0,0,4.6967,3.66854,1.028160,1,0,105.898,0,0,0,105.898,0
53.4605,2.21944,0,0,3.34809,0.235196,0.36288,3.6288,61.308,0.645574,0,0,2.90294,0.240354,0.0321019,0.66528,12.849,1,0.53878,0.36288,0,90.9403,4.12325,86.6412,0.84672,12.849,0.84672,3695.15,0,36.966,0.402277,7.17163,2.1208,13.9634,1.0126,21.8409,0.42336,36.966,0.42336,423.524,0,1.02816,0,0,8.19979,7.17163,1.028160,1,0,108.514,0,0,0,108.514,0
54.264,2.22377,0,0,3.62667,0.236476,0.36288,3.6288,61.308,0.653707,0,0,2.55963,0.243408,1.66252,0.66528,12.849,1,0.534473,0.36288,0,89.6746,4.12325,85.3797,0.84672,12.849,0.84672,3695.15,0,36.966,0.394156,5.06918,2.12082,10.4225,1.0126,16.2058,0.42336,36.966,0.42336,423.524,0,1.02816,0,0,6.09734,5.06918,1.028160,1,0,103.248,0,0,0,103.248,0
57.2673,2.23018,0,0,5.84864,0.252255,0.36288,3.6288,61.308,0.653715,0,0,2.44306,0.227367,1.56197,0.66528,12.849,1,0.528078,0.36288,0,132.355,4.08605,128.104,0.84672,12.849,0.84672,3695.15,0,36.966,0.394161,4.22237,2.12083,11.2167,0.904565,16.2612,0.42336,36.966,0.42336,423.524,0,1.02816,0,0,5.25053,4.22237,1.028160,1,0,145.927,0,0,0,145.927,0
58.8991,2.33113,0,0,4.59141,0.265625,0.36288,3.6288,61.308,0.66528,0,0,1.6266,0.220951,0.74037,0.66528,12.849,1,0.523032,0.36288,0,126.873,4.07767,122.635,0.84672,12.849,0.84672,3695.15,0,36.966,0.439953,3.01876,2.12084,10.0451,0.861349,13.8834,0.42336,36.966,0.42336,423.524,0,1.02816,0,0,4.04692,3.01876,1.028160,1,0,137.259,0,0,0,137.259,0
61.2349,2.34302,0,0,5.31161,0.269882,0.36288,3.6288,61.308,0.66528,0,0,1.89194,0.220951,1.00571,0.66528,12.849,1,0.511137,0.36288,0,99.6961,4.07117,95.4767,0.84672,12.849,0.84672,3695.15,0,36.966,0.439955,3.80441,2.18313,11.2167,0.861349,15.9029,0.42336,36.966,0.42336,423.524,0,1.02816,0,0,4.83257,3.80441,1.028160,1,0,112.385,0,0,0,112.385,0
63.7821,2.35914,0,0,5.5842,0.315028,0.36288,3.6288,61.308,0.66528,0,0,1.75799,0.207683,0.885026,0.66528,12.849,1,0.495022,0.36288,0,121.627,4.16394,117.331,0.84672,12.849,0.84672,3695.15,0,36.966,0.439957,3.47775,2.18313,11.1218,0.94579,15.397,0.42336,36.966,0.42336,423.524,0,1.02816,0,0,4.50591,3.47775,1.028160,1,0,133.613,0,0,0,133.613,0
66.4927,2.3756,0,0,5.77643,0.327327,0.36288,3.6288,61.308,0.66528,0,0,1.61531,0.209503,0.740526,0.66528,12.849,1,0.478568,0.36288,0,139.247,4.30854,134.823,0.84672,12.849,0.84672,3695.15,0,36.966,0.439959,3.06371,2.18313,11.0688,1.02841,14.8473,0.42336,36.966,0.42336,423.524,0,1.02816,0,0,4.09187,3.06371,1.028160,1,0,150.411,0,0,0,150.411,0
71.0518,2.64998,0,0,7.89929,0.327381,0.36288,3.6288,61.308,0.66528,0,0,2.08489,0.200266,1.21935,0.66528,12.849,1,0.512079,0.36288,0,227.503,4.1265,223.228,0.84672,12.849,0.84672,3695.15,0,36.966,0.655247,3.78929,2.18313,14.0136,1.04515,18.2856,0.42336,36.966,0.42336,423.524,0,1.02816,0,0,4.81745,3.78929,1.028160,1,0,242.733,0,0,0,242.733,0
72.29,2.6778,0,0,6.79942,0.339227,2.54417,3.6288,61.308,0.66528,0,0,1.64716,0.200266,0.78161,0.66528,12.849,1,0.484254,2.54417,0,187.104,4.1265,185.037,0.84672,12.849,0.84672,3695.15,0,36.966,0.655249,2.89482,2.40716,10.4291,1.04515,14.0307,0.42336,36.966,0.42336,423.524,0,1.02816,0,0,3.92298,2.89482,1.028160,1,0,199.849,0,0,0,199.849,0
72.29,2.68485,0,0,9.78549,0.342444,6.7582,3.6288,61.308,0.66528,0,0,2.35034,0.200266,1.48479,0.66528,12.849,1,0.477212,6.7582,0,242.818,4.1265,244.972,0.84672,12.849,0.84672,3695.15,0,36.966,0.655251,4.80348,2.40717,17.4511,1.04515,22.9613,0.42336,36.966,0.42336,423.524,0,1.02816,0,0,5.83164,4.80348,1.028160,1,0,269.418,0,0,0,269.418,0
72.29,2.68485,0,0,8.5842,0.332435,5.56692,3.6288,61.308,0.66528,0,0,2.67239,0.211265,1.79584,0.66528,12.849,1,0.477212,5.56692,0,217.099,4.63008,217.559,0.84672,12.849,0.84672,3695.15,0,36.966,0.655253,5.378,2.40717,20.1677,1.21899,26.0787,0.42336,36.966,0.42336,423.524,0,1.02816,0,0,6.40616,5.378,1.028160,1,0,245.433,0,0,0,245.433,0
71.588,2.31199,0,0,2.32051,0.347671,0.36288,3.6288,61.308,0.643571,0,0,0.92454,0.153004,0.127965,0.66528,12.849,1,0.410938,0.36288,0,86.7836,3.85791,82.8776,0.84672,12.849,0.84672,3695.15,0,36.966,0.388045,1.49572,2.40717,7.47144,1.01814,9.96815,0.42336,36.966,0.42336,423.524,0,1.02816,0,0,2.52388,1.49572,1.028160,1,0,92.9738,0,0,0,92.9738,0
70.8999,2.30857,0,0,2.31629,0.332902,0.36288,3.6288,61.308,0.643572,0,0,0.92111,0.180668,0.0968699,0.66528,12.849,1,0.414355,0.36288,0,103.156,4.51311,98.591,0.84672,12.849,0.84672,3695.15,0,36.966,0.388046,1.50901,2.10166,7.81255,1.22312,9.81205,0.42336,36.966,0.42336,423.524,0,1.02816,0,0,2.53717,1.50901,1.028160,1,0,108.5,0,0,0,108.5,0
72.047,2.30517,0,0,4.14625,0.331155,0.36288,3.6288,61.308,0.643573,0,0,1.76128,0.180668,0.93704,0.66528,12.849,1,0.41776,0.36288,0,96.0362,4.51311,91.4682,0.84672,12.849,0.84672,3695.15,0,36.966,0.388046,3.0364,2.10166,11.85,1.22312,15.3769,0.42336,36.966,0.42336,423.524,0,1.02816,0,0,4.06456,3.0364,1.028160,1,0,107.782,0,0,0,107.782,0
72.29,2.31082,0,0,7.26093,0.334068,4.37301,3.6288,61.308,0.643574,0,0,2.94709,0.180668,2.12284,0.66528,12.849,1,0.412116,4.37301,0,214.315,4.51311,213.763,0.84672,12.849,0.84672,3695.15,0,36.966,0.388047,5.07771,2.10166,23.1946,1.22312,28.7628,0.42336,36.966,0.42336,423.524,0,1.02816,0,0,6.10587,5.07771,1.028160,1,0,244.649,0,0,0,244.649,0
72.29,2.312,0,0,5.46523,0.3224,2.83084,3.6288,61.308,0.643575,0,0,4.32686,0.16191,3.52137,0.66528,12.849,1,0.41094,2.83084,0,184.397,3.85827,182.959,0.84672,12.849,0.84672,3695.15,0,36.966,0.388047,5.46622,2.10166,15.4415,1.15894,21.4624,0.42336,36.966,0.42336,423.524,0,1.02816,0,0,6.49438,5.46622,1.028160,1,0,207.943,0,0,0,207.943,0
72.29,2.40585,0,0,4.20002,0.320353,1.47381,3.6288,61.308,0.66528,0,0,3.91737,0.158784,3.0933,0.66528,12.849,1,0.427622,1.47381,0,123.926,3.74913,121.223,0.84672,12.849,0.84672,3695.15,0,36.966,0.437025,5.21592,2.10167,12.9185,1.14824,18.6508,0.42336,36.966,0.42336,423.524,0,1.02816,0,0,6.24408,5.21592,1.028160,1,0,142.967,0,0,0,142.967,0
72.29,2.40586,0,0,3.70951,0.320353,0.983305,3.6288,61.308,0.66528,0,0,3.56249,0.158784,2.73842,0.66528,12.849,1,0.427623,0.983305,0,105.377,3.74913,102.183,0.84672,12.849,0.84672,3695.15,0,36.966,0.437027,4.7762,2.17699,11.7183,1.14824,17.0862,0.42336,36.966,0.42336,423.524,0,1.02816,0,0,5.80436,4.7762,1.028160,1,0,122.008,0,0,0,122.008,0
72.29,2.40586,0,0,4.1631,0.282858,1.47438,3.6288,61.308,0.66528,0,0,3.62322,0.137464,2.82047,0.66528,12.849,1,0.427623,1.47438,0,107.577,2.92302,105.7,0.84672,12.849,0.84672,3695.15,0,36.966,0.437028,4.62482,2.17699,12.4987,1.13622,17.7273,0.42336,36.966,0.42336,423.524,0,1.02816,0,0,5.65298,4.62482,1.028160,1,0,126.248,0,0,0,126.248,0
72.29,2.40586,0,0,3.75731,0.240219,1.11123,3.6288,61.308,0.66528,0,0,2.89602,0.169756,2.06099,0.66528,12.849,1,0.427624,1.11123,0,117.234,3.51128,114.407,0.84672,12.849,0.84672,3695.15,0,36.966,0.43703,5.18215,2.17699,13.3678,1.15133,19.1386,0.42336,36.966,0.42336,423.524,0,1.02816,0,0,6.21031,5.18215,1.028160,1,0,135.606,0,0,0,135.606,0
72.29,2.36917,0,0,3.00176,0.212927,0.419667,3.6288,61.308,0.66528,0,0,1.7569,0.19664,0.894981,0.66528,12.849,1,0.421101,0.419667,0,78.014,4.05573,73.9569,0.84672,12.849,0.84672,3695.15,0,36.966,0.40958,3.18104,2.177,7.45209,1.16416,11.2364,0.42336,36.966,0.42336,423.524,0,1.02816,0,0,4.2092,3.18104,1.028160,1,0,86.0882,0,0,0,86.0882,0
71.907,2.36917,0,0,2.56198,0.212927,0.36288,3.6288,61.308,0.66528,0,0,1.65972,0.19664,0.797798,0.66528,12.849,1,0.421102,0.36288,0,68.4115,4.05573,64.2976,0.84672,12.849,0.84672,3695.15,0,36.966,0.409582,2.73875,2.14769,6.33855,1.16416,9.65125,0.42336,36.966,0.42336,423.524,0,1.02816,0,0,3.76691,2.73875,1.028160,1,0,74.7466,0,0,0,74.7466,0
71.2437,2.36727,0,0,2.27919,0.212308,0.36288,3.6288,61.308,0.66528,0,0,1.48511,0.19664,0.623193,0.66528,12.849,1,0.423005,0.36288,0,58.6599,4.05573,54.544,0.84672,12.849,0.84672,3695.15,0,36.966,0.409583,2.26755,2.14769,5.4198,1.16416,8.2613,0.42336,36.966,0.42336,423.524,0,1.02816,0,0,3.29571,2.26755,1.028160,1,0,63.4285,0,0,0,63.4285,0
70.4332,2.36394,0,0,2.11215,0.195835,0.36288,3.6288,61.308,0.66528,0,0,1.34347,0.18568,0.492508,0.66528,12.849,1,0.426342,0.36288,0,54.4674,3.86214,50.5418,0.84672,12.849,0.84672,3695.15,0,36.966,0.409585,2.04301,2.14769,5.25403,1.08847,7.94667,0.42336,36.966,0.42336,423.524,0,1.02816,0,0,3.07117,2.04301,1.028160,1,0,58.981,0,0,0,58.981,0
69.7694,2.48386,0,0,2.34488,0.161964,0.36288,3.6288,61.308,0.66528,0,0,1.49501,0.192581,0.637152,0.66528,12.849,1,0.453126,0.36288,0,63.8142,4.146,59.5779,0.84672,12.849,0.84672,3695.15,0,36.966,0.506938,2.05005,2.1477,6.07735,1.06238,8.70577,0.42336,36.966,0.42336,423.524,0,1.02816,0,0,3.07821,2.05005,1.028160,1,0,68.9209,0,0,0,68.9209,0
68.8659,2.48022,0,0,2.05483,0.115198,0.36288,3.6288,61.308,0.66528,0,0,1.18991,0.185835,0.338794,0.66528,12.849,1,0.456767,0.36288,0,55.2396,3.95598,51.1897,0.84672,12.849,0.84672,3695.15,0,36.966,0.50694,1.99728,2.2504,5.55285,1.02516,8.26844,0.42336,36.966,0.42336,423.524,0,1.02816,0,0,3.02544,1.99728,1.028160,1,0,59.7969,0,0,0,59.7969,0
67.8873,2.47518,0,0,1.96642,0.10698,0.36288,3.6288,61.308,0.66528,0,0,1.25111,0.18762,0.398206,0.66528,12.849,1,0.461818,0.36288,0,51.9013,4.01016,47.7922,0.84672,12.849,0.84672,3695.15,0,36.966,0.506942,1.98033,2.25041,5.78498,1.01513,8.49364,0.42336,36.966,0.42336,423.524,0,1.02816,0,0,3.00849,1.98033,1.028160,1,0,56.6841,0,0,0,56.6841,0
66.8272,2.46958,0,0,1.87854,0.106164,0.36288,3.6288,61.308,0.66528,0,0,1.25639,0.18762,0.403494,0.66528,12.849,1,0.467416,0.36288,0,48.7641,4.01016,44.6494,0.84672,12.849,0.84672,3695.15,0,36.966,0.506943,1.84781,2.25041,5.56267,1.01513,8.13881,0.42336,36.966,0.42336,423.524,0,1.02816,0,0,2.87597,1.84781,1.028160,1,0,53.1917,0,0,0,53.1917,0
66.9145,2.46336,0,0,2.98757,0.0741172,0.36288,3.6288,61.308,0.66528,0,0,1.40683,0.236999,0.504546,0.66528,12.849,1,0.473636,0.36288,0,52.4815,5.14569,47.2251,0.84672,12.849,0.84672,3695.15,0,36.966,0.506945,1.67669,2.25041,5.86086,1.22128,8.05973,0.42336,36.966,0.42336,423.524,0,1.02816,0,0,2.70485,1.67669,1.028160,1,0,55.7893,0,0,0,55.7893,0
66.8749,2.43954,0,0,2.83189,0.0689708,0.36288,3.6288,61.308,0.66528,0,0,1.30378,0.245229,0.393275,0.66528,12.849,1,0.468445,0.36288,0,55.5298,5.33495,50.0893,0.84672,12.849,0.84672,3695.15,0,36.966,0.560453,1.44183,2.25041,5.79633,1.25564,7.67248,0.42336,36.966,0.42336,423.524,0,1.02816,0,0,2.46999,1.44183,1.028160,1,0,58.155,0,0,0,58.155,0
66.6119,2.43931,0,0,2.6081,0.0689493,0.36288,3.6288,61.308,0.66528,0,0,1.2547,0.245229,0.344192,0.66528,12.849,1,0.468677,0.36288,0,55.1833,5.33495,49.7426,0.84672,12.849,0.84672,3695.15,0,36.966,0.560455,1.35997,2.28631,5.5706,1.25564,7.40079,0.42336,36.966,0.42336,423.524,0,1.02816,0,0,2.38813,1.35997,1.028160,1,0,57.4876,0,0,0,57.4876,0
66.2477,2.43777,0,0,2.50529,0.0688058,0.36288,3.6288,61.308,0.66528,0,0,1.22255,0.245229,0.312042,0.66528,12.849,1,0.470229,0.36288,0,48.0228,5.33495,42.5806,0.84672,12.849,0.84672,3695.15,0,36.966,0.560456,1.31058,2.28632,5.47296,1.25564,7.25376,0.42336,36.966,0.42336,423.524,0,1.02816,0,0,2.33874,1.31058,1.028160,1,0,50.1464,0,0,0,50.1464,0
65.7265,2.4356,0,0,2.32993,0.0526777,0.36288,3.6288,61.308,0.66528,0,0,1.10521,0.294607,0.145325,0.66528,12.849,1,0.472395,0.36288,0,45.2325,6.06953,39.0534,0.84672,12.849,0.84672,3695.15,0,36.966,0.560458,1.05661,2.28632,4.92437,1.4443,6.26254,0.42336,36.966,0.42336,423.524,0,1.02816,0,0,2.08477,1.05661,1.028160,1,0,45.4613,0,0,0,45.4613,0
65.3067,2.49514,0,0,2.47579,0.0375271,0.36288,3.6288,61.308,0.66528,0,0,1.32596,0.32905,0.331633,0.66528,12.849,1,0.487781,0.36288,0,52.3973,6.23332,46.0391,0.84672,12.849,0.84672,3695.15,0,36.966,0.608146,1.18053,2.28632,4.85786,1.50544,6.21111,0.42336,36.966,0.42336,423.524,0,1.02816,0,0,2.20869,1.18053,1.028160,1,0,52.5818,0,0,0,52.5818,0
64.7604,2.49253,0,0,2.34643,0.0374014,0.36288,3.6288,61.308,0.66528,0,0,1.18626,0.32905,0.191933,0.66528,12.849,1,0.490401,0.36288,0,46.2978,6.23332,39.9369,0.84672,12.849,0.84672,3695.15,0,36.966,0.608148,1.3958,2.33721,5.07387,1.50544,6.69329,0.42336,36.966,0.42336,423.524,0,1.02816,0,0,2.42396,1.3958,1.028160,1,0,46.8222,0,0,0,46.8222,0
64.0647,2.48908,0,0,2.19348,0.0372376,0.36288,3.6288,61.308,0.66528,0,0,1.09756,0.32905,0.103226,0.66528,12.849,1,0.493854,0.36288,0,44.0225,6.23332,37.6582,0.84672,12.849,0.84672,3695.15,0,36.966,0.60815,1.18722,2.33721,4.45215,1.50544,5.86298,0.42336,36.966,0.42336,423.524,0,1.02816,0,0,2.21538,1.18722,1.028160,1,0,43.6244,0,0,0,43.6244,0
63.3441,2.48461,0,0,2.164,0.0370292,0.36288,3.6288,61.308,0.66528,0,0,1.18746,0.32905,0.193125,0.66528,12.849,1,0.498321,0.36288,0,40.8485,6.23332,34.4798,0.84672,12.849,0.84672,3695.15,0,36.966,0.608152,1.33654,2.33721,5.03488,1.50544,6.59503,0.42336,36.966,0.42336,423.524,0,1.02816,0,0,2.3647,1.33654,1.028160,1,0,41.2679,0,0,0,41.2679,0
62.3603,2.66232,0,0,2.08995,0.0485514,0.36288,3.6288,61.2469,0.66528,0,0,0.945527,0.341329,0,0.66528,12.849,1,0.540036,0.36288,0,38.7033,6.55135,31.9748,0.84672,12.849,0.84672,3695.15,0,36.966,0.780276,0.748665,2.33721,3.80714,1.49675,4.61598,0.42336,36.966,0.42336,423.524,0,1.02816,0,0,1.77682,0.748665,1.028160,1,0,36.5908,0,0,0,36.5908,0
61.6339,2.65525,0,0,2.33529,0.0436313,0.36288,3.6288,61.308,0.66528,0,0,1.1619,0.343786,0.0917511,0.66528,12.849,1,0.5471,0.36288,0,49.2494,6.62613,42.439,0.84672,12.849,0.84672,3695.15,0,36.966,0.780278,1.20317,2.51131,4.04107,1.51169,5.46358,0.42336,36.966,0.42336,423.524,0,1.02816,0,0,2.23133,1.20317,1.028160,1,0,47.9944,0,0,0,47.9944,0
60.4226,2.64992,0,0,1.84494,0.0433712,0.36288,3.6288,61.1469,0.66528,0,0,0.848146,0.343919,0,0.66528,12.849,1,0.552437,0.36288,0,50.824,6.62613,44.0083,0.84672,12.849,0.84672,3695.15,0,36.966,0.780279,0.57037,2.51132,3.202,1.51169,3.99171,0.42336,36.966,0.42336,423.524,0,1.02816,0,0,1.59853,0.57037,1.028160,1,0,48.0001,0,0,0,48.0001,0
59.661,2.64079,0,0,2.28502,0.0429376,0.36288,3.6288,61.308,0.66528,0,0,1.41103,0.343568,0.241131,0.66528,12.849,1,0.56157,0.36288,0,45.0414,6.62613,38.2165,0.84672,12.849,0.84672,3695.15,0,36.966,0.780282,1.82301,2.51132,4.81169,1.51169,6.85404,0.42336,36.966,0.42336,423.524,0,1.02816,0,0,2.85117,1.82301,1.028160,1,0,45.3117,0,0,0,45.3117,0
58.6225,2.6349,0,0,1.96936,0.0101375,0.36288,3.6288,61.308,0.66528,0,0,1.03225,0.36514,0.00182689,0.66528,12.849,1,0.567469,0.36288,0,38.7758,6.8728,31.6984,0.84672,12.849,0.84672,3695.15,0,36.966,0.780284,0.991906,2.51132,3.30987,1.49438,4.53843,0.42336,36.966,0.42336,423.524,0,1.02816,0,0,2.02007,0.991906,1.028160,1,0,36.2387,0,0,0,36.2387,0
57.5399,2.53894,0,0,1.89874,0.0794647,0.36288,3.6288,61.308,0.66528,0,0,1.08688,0.308683,0.112914,0.66528,12.849,1,0.556491,0.36288,0,33.5371,5.38133,27.9622,0.84672,12.849,0.84672,3695.15,0,36.966,0.675814,0.974722,2.51132,2.76549,1.08256,4.49316,0.42336,36.966,0.42336,423.524,0,1.02816,0,0,2.00288,0.974722,1.028160,1,0,32.5682,0,0,0,32.5682,0
56.6776,2.53039,0,0,2.16124,0.130306,0.36288,3.6288,61.308,0.66528,0,0,1.5717,0.289748,0.616674,0.66528,12.849,1,0.56505,0.36288,0,33.0351,4.85919,27.9738,0.84672,12.849,0.84672,3695.15,0,36.966,0.675815,1.6889,2.41057,3.85902,0.985842,6.29684,0.42336,36.966,0.42336,423.524,0,1.02816,0,0,2.71706,1.6889,1.028160,1,0,34.8873,0,0,0,34.8873,0
55.7195,2.52338,0,0,2.0573,0.129206,0.36288,3.6288,61.308,0.66528,0,0,1.52926,0.289748,0.574234,0.66528,12.849,1,0.572059,0.36288,0,42.052,4.85919,36.9836,0.84672,12.849,0.84672,3695.15,0,36.966,0.675817,1.51972,2.41057,3.82056,0.985842,6.08919,0.42336,36.966,0.42336,423.524,0,1.02816,0,0,2.54788,1.51972,1.028160,1,0,43.6471,0,0,0,43.6471,0
54.6452,2.51539,0,0,1.95579,0.151797,0.36288,3.6288,61.308,0.66528,0,0,1.49567,0.261265,0.569125,0.66528,12.849,1,0.580053,0.36288,0,58.3124,4.53363,53.5616,0.84672,12.849,0.84672,3695.15,0,36.966,0.675819,1.83827,2.41057,4.36492,0.972467,6.96548,0.42336,36.966,0.42336,423.524,0,1.02816,0,0,2.86643,1.83827,1.028160,1,0,61.0962,0,0,0,61.0962,0
54.3327,2.43509,0,0,2.69454,0.209067,0.36288,3.6288,61.308,0.66528,0,0,1.191,0.190057,0.335661,0.66528,12.849,1,0.572576,0.36288,0,45.8124,3.71973,41.883,0.84672,12.849,0.84672,3695.15,0,36.966,0.580725,2.20239,2.41058,5.90763,0.939028,9.00084,0.42336,36.966,0.42336,423.524,0,1.02816,0,0,3.23055,2.20239,1.028160,1,0,51.2195,0,0,0,51.2195,0
54.6552,2.43243,0,0,3.32625,0.208409,0.36288,3.6288,61.308,0.66528,0,0,1.42066,0.190057,0.565321,0.66528,12.849,1,0.57524,0.36288,0,69.0664,3.71973,65.1343,0.84672,12.849,0.84672,3695.15,0,36.966,0.580727,2.8934,2.32066,9.20557,0.939028,12.8999,0.42336,36.966,0.42336,423.524,0,1.02816,0,0,3.92156,2.8934,1.028160,1,0,78.5995,0,0,0,78.5995,0
54.9699,2.43518,0,0,3.32186,0.209089,0.36288,3.6288,61.308,0.66528,0,0,1.45403,0.190057,0.598688,0.66528,12.849,1,0.572492,0.36288,0,80.8082,3.71973,76.8788,0.84672,12.849,0.84672,3695.15,0,36.966,0.580729,2.78247,2.32066,9.11295,0.939028,12.6963,0.42336,36.966,0.42336,423.524,0,1.02816,0,0,3.81063,2.78247,1.028160,1,0,90.1739,0,0,0,90.1739,0
56.9717,2.43784,0,0,5.05181,0.249255,0.36288,3.6288,61.308,0.66528,0,0,3.03468,0.206015,2.16338,0.66528,12.849,1,0.569836,0.36288,0,113.249,4.11141,108.93,0.84672,12.849,0.84672,3695.15,0,36.966,0.580731,3.53926,2.32066,10.3922,1.08904,14.5823,0.42336,36.966,0.42336,423.524,0,1.02816,0,0,4.56742,3.53926,1.028160,1,0,125.676,0,0,0,125.676,0
56.9502,2.25077,0,0,2.84977,0.257716,0.36288,3.6288,61.308,0.653764,0,0,1.56046,0.235374,0.671324,0.66528,12.849,1,0.507623,0.36288,0,105.856,4.60247,101.108,0.84672,12.849,0.84672,3695.15,0,36.966,0.394191,1.70386,2.32066,7.84331,1.10854,10.3651,0.42336,36.966,0.42336,423.524,0,1.02816,0,0,2.73202,1.70386,1.028160,1,0,112.145,0,0,0,112.145,0
58.0103,2.25062,0,0,3.93135,0.257661,0.36288,3.6288,61.308,0.653765,0,0,1.82294,0.235374,0.933806,0.66528,12.849,1,0.507781,0.36288,0,94.5812,4.60247,89.8338,0.84672,12.849,0.84672,3695.15,0,36.966,0.394191,2.76455,2.12093,8.74809,1.10854,12.1308,0.42336,36.966,0.42336,423.524,0,1.02816,0,0,3.79271,2.76455,1.028160,1,0,102.898,0,0,0,102.898,0
60.6716,2.25822,0,0,5.5427,0.260352,0.36288,3.6288,61.308,0.653766,0,0,1.82783,0.235374,0.938686,0.66528,12.849,1,0.500184,0.36288,0,113.74,4.60247,109.001,0.84672,12.849,0.84672,3695.15,0,36.966,0.394192,2.7166,2.12093,9.26156,1.10854,12.5964,0.42336,36.966,0.42336,423.524,0,1.02816,0,0,3.74476,2.7166,1.028160,1,0,122.536,0,0,0,122.536,0
63.6018,2.27633,0,0,5.84765,0.27827,0.36288,3.6288,61.308,0.653767,0,0,2.39655,0.225075,1.5177,0.66528,12.849,1,0.482079,0.36288,0,113.696,3.89109,109.686,0.84672,12.849,0.84672,3695.15,0,36.966,0.394192,2.29795,2.12093,10.7875,1.05574,13.7564,0.42336,36.966,0.42336,423.524,0,1.02816,0,0,3.32611,2.29795,1.028160,1,0,124.96,0,0,0,124.96,0
67.881,2.2948,0,0,7.25287,0.315906,0.36288,3.6288,61.308,0.653768,0,0,1.86949,0.192757,1.02296,0.66528,12.849,1,0.463603,0.36288,0,130.886,3.32514,127.461,0.84672,12.849,0.84672,3695.15,0,36.966,0.394193,1.80443,2.12093,9.75977,0.929092,12.3619,0.42336,36.966,0.42336,423.524,0,1.02816,0,0,2.83259,1.80443,1.028160,1,0,140.845,0,0,0,140.845,0
68.4723,2.4,0,0,3.69798,0.34389,0.36288,3.6288,60.967,0.66528,0,0,0.486913,0.162667,0,0.66528,12.849,1,0.454289,0.36288,0,112.457,3.26183,109.103,0.84672,12.849,0.84672,3695.15,0,36.966,0.440031,0.749822,2.12094,5.20534,0.7274,6.90867,0.42336,36.966,0.42336,423.524,0,1.02816,0,0,1.77798,0.749822,1.028160,1,0,116.012,0,0,0,116.012,0
72.29,2.40329,0,0,13.6663,0.349983,7.09528,3.6288,61.308,0.66528,0,0,2.14491,0.218438,0.920163,0.66528,12.849,1,0.450984,7.09528,0,221.268,4.10487,223.807,0.84672,12.849,0.84672,3695.15,0,36.966,0.440022,4.05977,2.18321,18.966,1.05991,23.7091,0.42336,36.966,0.42336,423.524,0,1.02816,0,0,5.08793,4.05977,1.028160,1,0,248.436,0,0,0,248.436,0
72.29,2.4235,0,0,16.4577,0.360423,13.6738,3.6288,61.308,0.66528,0,0,3.73561,0.21891,2.85142,0.66528,12.849,1,0.430759,13.6738,0,370.288,4.10487,379.426,0.84672,12.849,0.84672,3695.15,0,36.966,0.440012,6.96382,2.1832,24.8177,1.05991,32.4648,0.42336,36.966,0.42336,423.524,0,1.02816,0,0,7.99198,6.96382,1.028160,1,0,414.742,0,0,0,414.742,0
72.29,2.42349,0,0,11.0979,0.366842,8.30758,3.6288,61.308,0.66528,0,0,3.57355,0.212274,2.69599,0.66528,12.849,1,0.430757,8.30758,0,331.53,4.11162,335.295,0.84672,12.849,0.84672,3695.15,0,36.966,0.440003,4.97578,2.18319,21.1321,1.064,26.7871,0.42336,36.966,0.42336,423.524,0,1.02816,0,0,6.00394,4.97578,1.028160,1,0,364.778,0,0,0,364.778,0
72.29,2.6849,0,0,18.7423,0.405353,15.6521,3.6288,61.308,0.66528,0,0,4.85978,0.172457,4.02204,0.66528,12.849,1,0.47722,15.6521,0,334.903,4.15212,345.926,0.84672,12.849,0.84672,3695.15,0,36.966,0.655285,8.22554,2.18318,36.9274,1.08855,45.5923,0.42336,36.966,0.42336,423.524,0,1.02816,0,0,9.2537,8.22554,1.028160,1,0,395.54,0,0,0,395.54,0
72.29,2.68488,0,0,17.0756,0.405353,13.9853,3.6288,61.308,0.66528,0,0,4.10764,0.172457,3.2699,0.66528,12.849,1,0.477218,13.9853,0,309.987,4.15212,319.343,0.84672,12.849,0.84672,3695.15,0,36.966,0.655274,8.33216,2.40721,28.4807,1.08855,37.4763,0.42336,36.966,0.42336,423.524,0,1.02816,0,0,9.36032,8.33216,1.028160,1,0,360.089,0,0,0,360.089,0
72.29,2.68487,0,0,16.132,0.379809,13.0673,3.6288,61.308,0.66528,0,0,5.23406,0.205758,4.36302,0.66528,12.849,1,0.477215,13.0673,0,577.533,4.04369,586.079,0.84672,12.849,0.84672,3695.15,0,36.966,0.655264,9.21764,2.40719,33.242,1.12749,43.084,0.42336,36.966,0.42336,423.524,0,1.02816,0,0,10.2458,9.21764,1.028160,1,0,633.527,0,0,0,633.527,0
72.29,2.68485,0,0,11.0875,0.427275,7.97532,3.6288,61.308,0.66528,0,0,2.44044,0.122406,1.65275,0.66528,12.849,1,0.477212,7.97532,0,334.174,2.92269,338.75,0.84672,12.849,0.84672,3695.15,0,36.966,0.655254,4.72827,2.40718,21.7387,0.879731,27.3391,0.42336,36.966,0.42336,423.524,0,1.02816,0,0,5.75643,4.72827,1.028160,1,0,367.742,0,0,0,367.742,0
72.29,2.31197,0,0,10.2349,0.400423,7.52246,3.6288,61.308,0.643565,0,0,3.19688,0.127778,2.42553,0.66528,12.849,1,0.410935,7.52246,0,209.444,3.3852,213.17,0.84672,12.849,0.84672,3695.15,0,36.966,0.388041,5.87793,2.40717,28.9971,0.880639,36.0136,0.42336,36.966,0.42336,423.524,0,1.02816,0,0,6.90609,5.87793,1.028160,1,0,251.609,0,0,0,251.609,0
72.29,2.31196,0,0,9.67715,0.400423,6.96476,3.6288,61.308,0.64356,0,0,2.56976,0.127778,1.79842,0.66528,12.849,1,0.410933,6.96476,0,213.136,3.3852,216.304,0.84672,12.849,0.84672,3695.15,0,36.966,0.388038,4.93049,2.10165,23.9888,0.880639,29.7523,0.42336,36.966,0.42336,423.524,0,1.02816,0,0,5.95865,4.93049,1.028160,1,0,247.855,0,0,0,247.855,0
72.29,2.31195,0,0,7.12308,0.368295,4.44283,3.6288,61.308,0.643554,0,0,1.75233,0.151354,0.957422,0.66528,12.849,1,0.410931,4.44283,0,150.549,3.62217,150.958,0.84672,12.849,0.84672,3695.15,0,36.966,0.388035,2.78243,2.10164,17.967,0.969765,21.4932,0.42336,36.966,0.42336,423.524,0,1.02816,0,0,3.81059,2.78243,1.028160,1,0,173.409,0,0,0,173.409,0
72.29,2.31193,0,0,6.41364,0.284026,3.81768,3.6288,61.308,0.643549,0,0,1.70472,0.17348,0.887695,0.66528,12.849,1,0.410929,3.81768,0,131.853,4.35477,130.905,0.84672,12.849,0.84672,3695.15,0,36.966,0.388031,2.03962,2.10163,15.0028,1.16951,17.5865,0.42336,36.966,0.42336,423.524,0,1.02816,0,0,3.06778,2.03962,1.028160,1,0,149.38,0,0,0,149.38,0
72.29,2.31192,0,0,10.3601,0.315497,7.73272,3.6288,61.308,0.643543,0,0,5.9035,0.134516,5.12545,0.66528,12.849,1,0.410926,7.73272,0,219.961,3.44007,223.843,0.84672,12.849,0.84672,3695.15,0,36.966,0.388028,7.11007,2.10162,27.4457,0.859423,35.4099,0.42336,36.966,0.42336,423.524,0,1.02816,0,0,8.13823,7.11007,1.028160,1,0,264.379,0,0,0,264.379,0
72.29,2.40576,0,0,10.0188,0.328086,7.28492,3.6288,61.308,0.66528,0,0,6.1258,0.11893,5.34159,0.66528,12.849,1,0.427606,7.28492,0,280.404,3.07419,284.187,0.84672,12.849,0.84672,3695.15,0,36.966,0.436961,8.52172,2.10161,29.126,0.735388,38.5769,0.42336,36.966,0.42336,423.524,0,1.02816,0,0,9.54988,8.52172,1.028160,1,0,328.106,0,0,0,328.106,0
72.29,2.40575,0,0,9.51316,0.301302,6.80611,3.6288,61.308,0.66528,0,0,2.86001,0.133203,2.06153,0.66528,12.849,1,0.427603,6.80611,0,211.614,3.2487,214.744,0.84672,12.849,0.84672,3695.15,0,36.966,0.436951,4.52556,2.17692,24.0771,0.769739,29.5729,0.42336,36.966,0.42336,423.524,0,1.02816,0,0,5.55372,4.52556,1.028160,1,0,246.379,0,0,0,246.379,0
72.29,2.40573,0,0,9.60155,0.280792,6.91502,3.6288,61.308,0.66528,0,0,3.0582,0.126934,2.26598,0.66528,12.849,1,0.427601,6.91502,0,225.492,2.95165,229.028,0.84672,12.849,0.84672,3695.15,0,36.966,0.436942,5.12279,2.17691,24.6798,0.826582,30.716,0.42336,36.966,0.42336,423.524,0,1.02816,0,0,6.15095,5.12279,1.028160,1,0,262.01,0,0,0,262.01,0
72.29,2.40572,0,0,7.62903,0.238507,4.98481,3.6288,61.308,0.66528,0,0,2.02759,0.147193,1.21512,0.66528,12.849,1,0.427599,4.98481,0,203.353,3.4413,204.469,0.84672,12.849,0.84672,3695.15,0,36.966,0.436933,3.71085,2.1769,16.8121,0.917144,21.3458,0.42336,36.966,0.42336,423.524,0,1.02816,0,0,4.73901,3.71085,1.028160,1,0,227.03,0,0,0,227.03,0
72.29,2.36901,0,0,6.90837,0.209228,4.33013,3.6288,61.308,0.66528,0,0,1.74591,0.191584,0.889047,0.66528,12.849,1,0.421074,4.33013,0,162.982,4.14603,162.745,0.84672,12.849,0.84672,3695.15,0,36.966,0.409474,3.46895,2.17689,12.3415,1.01701,16.5608,0.42336,36.966,0.42336,423.524,0,1.02816,0,0,4.49711,3.46895,1.028160,1,0,180.194,0,0,0,180.194,0
72.29,2.369,0,0,6.41434,0.209228,3.83611,3.6288,61.308,0.66528,0,0,1.63936,0.191584,0.782499,0.66528,12.849,1,0.421072,3.83611,0,139.208,4.14603,138.477,0.84672,12.849,0.84672,3695.15,0,36.966,0.409465,3.18578,2.14757,11.2657,1.01701,15.1726,0.42336,36.966,0.42336,423.524,0,1.02816,0,0,4.21394,3.18578,1.028160,1,0,154.432,0,0,0,154.432,0
72.29,2.36899,0,0,5.93312,0.189654,3.37448,3.6288,61.308,0.66528,0,0,1.55885,0.197005,0.696569,0.66528,12.849,1,0.421069,3.37448,0,120.061,4.16991,118.844,0.84672,12.849,0.84672,3695.15,0,36.966,0.409456,2.96119,2.14756,10.4062,1.01018,14.0953,0.42336,36.966,0.42336,423.524,0,1.02816,0,0,3.98935,2.96119,1.028160,1,0,133.636,0,0,0,133.636,0
72.29,2.36897,0,0,6.36607,0.140721,3.85638,3.6288,61.308,0.66528,0,0,1.78696,0.21056,0.911119,0.66528,12.849,1,0.421067,3.85638,0,146.314,4.22961,145.52,0.84672,12.849,0.84672,3695.15,0,36.966,0.409447,3.18474,2.14755,15.5034,0.993124,19.4332,0.42336,36.966,0.42336,423.524,0,1.02816,0,0,4.2129,3.18474,1.028160,1,0,165.864,0,0,0,165.864,0
72.29,2.49352,0,0,6.35973,0.13311,3.73311,3.6288,61.308,0.66528,0,0,1.24432,0.204857,0.374188,0.66528,12.849,1,0.443204,3.73311,0,122.708,3.7921,122.206,0.84672,12.849,0.84672,3695.15,0,36.966,0.506781,2.23161,2.14754,10.1834,0.915809,13.1399,0.42336,36.966,0.42336,423.524,0,1.02816,0,0,3.25977,2.23161,1.028160,1,0,135.72,0,0,0,135.72,0
72.29,2.4935,0,0,5.65428,0.106775,3.05401,3.6288,61.308,0.66528,0,0,1.14738,0.223136,0.258968,0.66528,12.849,1,0.443201,3.05401,0,113.402,4.07516,111.937,0.84672,12.849,0.84672,3695.15,0,36.966,0.506771,1.88514,2.25023,8.99778,0.98462,11.6418,0.42336,36.966,0.42336,423.524,0,1.02816,0,0,2.9133,1.88514,1.028160,1,0,123.838,0,0,0,123.838,0
72.29,2.49349,0,0,5.46662,0.106775,2.86636,3.6288,61.308,0.66528,0,0,1.11456,0.223136,0.226144,0.66528,12.849,1,0.443199,2.86636,0,107.386,4.07516,105.734,0.84672,12.849,0.84672,3695.15,0,36.966,0.506762,1.63211,2.25022,8.42236,0.98462,10.8133,0.42336,36.966,0.42336,423.524,0,1.02816,0,0,2.66027,1.63211,1.028160,1,0,116.773,0,0,0,116.773,0
72.29,2.49347,0,0,5.07187,0.111606,2.46679,3.6288,61.308,0.66528,0,0,1.06227,0.214474,0.182516,0.66528,12.849,1,0.443196,2.46679,0,101.383,4.12982,99.2764,0.84672,12.849,0.84672,3695.15,0,36.966,0.506752,2.56838,2.25021,8.43947,0.984402,11.7669,0.42336,36.966,0.42336,423.524,0,1.02816,0,0,3.59654,2.56838,1.028160,1,0,111.226,0,0,0,111.226,0
72.29,2.49346,0,0,4.50722,0.0997317,1.91403,3.6288,61.308,0.66528,0,0,1.13603,0.243026,0.227725,0.66528,12.849,1,0.443194,1.91403,0,79.7584,4.56448,76.6648,0.84672,12.849,0.84672,3695.15,0,36.966,0.506743,1.30972,2.2502,7.96297,1.10608,9.91007,0.42336,36.966,0.42336,423.524,0,1.02816,0,0,2.33788,1.30972,1.028160,1,0,86.8026,0,0,0,86.8026,0
72.29,2.46881,0,0,4.14318,0.0935329,1.58084,3.6288,61.308,0.66528,0,0,1.13098,0.257045,0.208651,0.66528,12.849,1,0.438813,1.58084,0,72.2425,4.72196,68.6626,0.84672,12.849,0.84672,3695.15,0,36.966,0.560233,1.32255,2.25019,7.37554,1.15481,9.23323,0.42336,36.966,0.42336,423.524,0,1.02816,0,0,2.35071,1.32255,1.028160,1,0,78.1044,0,0,0,78.1044,0
72.29,2.4688,0,0,3.91396,0.068765,1.3764,3.6288,61.308,0.66528,0,0,1.07689,0.296105,0.115505,0.66528,12.849,1,0.438811,1.3764,0,68.1247,5.38079,63.6815,0.84672,12.849,0.84672,3695.15,0,36.966,0.560223,1.31388,2.28608,7.168,1.35715,8.85058,0.42336,36.966,0.42336,423.524,0,1.02816,0,0,2.34204,1.31388,1.028160,1,0,72.6476,0,0,0,72.6476,0
72.29,2.46879,0,0,3.63554,0.0738351,1.09292,3.6288,61.308,0.66528,0,0,1.06729,0.284944,0.117067,0.66528,12.849,1,0.438808,1.09292,0,67.6581,5.50767,62.8046,0.84672,12.849,0.84672,3695.15,0,36.966,0.560214,1.33261,2.28607,7.00402,1.34851,8.71397,0.42336,36.966,0.42336,423.524,0,1.02816,0,0,2.36077,1.33261,1.028160,1,0,71.6356,0,0,0,71.6356,0
72.29,2.46877,0,0,3.23406,0.0712704,0.694012,3.6288,61.2699,0.66528,0,0,0.922026,0.294877,0,0.66528,12.849,1,0.438806,0.694012,0,57.2975,5.62458,51.9282,0.84672,12.849,0.84672,3695.15,0,36.966,0.560204,0.970635,2.28606,5.98543,1.37492,7.307,0.42336,36.966,0.42336,423.524,0,1.02816,0,0,1.99879,0.970635,1.028160,1,0,59.2352,0,0,0,59.2352,0
72.29,2.53237,0,0,3.14987,0.0648588,0.552641,3.6288,61.1879,0.66528,0,0,0.902958,0.319633,0,0.66528,12.849,1,0.450109,0.552641,0,59.2464,5.91685,53.4321,0.84672,12.849,0.84672,3695.15,0,36.966,0.607873,0.716826,2.28605,5.6853,1.44094,6.63936,0.42336,36.966,0.42336,423.524,0,1.02816,0,0,1.74499,0.716826,1.028160,1,0,60.0714,0,0,0,60.0714,0
72.2628,2.53235,0,0,2.9329,0.0648588,0.36288,3.6288,60.9865,0.66528,0,0,0.783363,0.319467,0,0.66528,12.849,1,0.450107,0.36288,0,50.1652,5.91685,44.1611,0.84672,12.849,0.84672,3695.15,0,36.966,0.607863,0.858108,2.33691,5.73772,1.44094,6.88393,0.42336,36.966,0.42336,423.524,0,1.02816,0,0,1.88627,0.858108,1.028160,1,0,51.0451,0,0,0,51.0451,0
72.0145,2.5322,0,0,2.71165,0.0648454,0.36288,3.6288,60.7287,0.66528,0,0,0.726469,0.31906,0,0.66528,12.849,1,0.450248,0.36288,0,48.104,5.91685,42.0998,0.84672,12.849,0.84672,3695.15,0,36.966,0.607853,0.628569,2.3369,4.98888,1.44094,5.90556,0.42336,36.966,0.42336,423.524,0,1.02816,0,0,1.65673,0.628569,1.028160,1,0,48.0053,0,0,0,48.0053,0
71.8328,2.53086,0,0,2.77189,0.0598326,0.36288,3.6288,60.549,0.66528,0,0,0.806777,0.321119,0,0.66528,12.849,1,0.451563,0.36288,0,45.7518,5.99163,39.6715,0.84672,12.849,0.84672,3695.15,0,36.966,0.607843,0.852103,2.33689,6.17087,1.45588,7.29614,0.42336,36.966,0.42336,423.524,0,1.02816,0,0,1.88026,0.852103,1.028160,1,0,46.9676,0,0,0,46.9676,0
71.8804,2.71597,0,0,3.18219,0.0557412,0.36288,3.6288,60.363,0.66528,0,0,0.807011,0.327722,0,0.66528,12.849,1,0.485816,0.36288,0,48.7233,6.09867,42.5017,0.84672,12.849,0.84672,3695.15,0,36.966,0.779928,0.912254,2.33688,6.35578,1.56059,7.2644,0.42336,36.966,0.42336,423.524,0,1.02816,0,0,1.94041,0.912254,1.028160,1,0,49.7661,0,0,0,49.7661,0
72.234,2.71623,0,0,3.48968,0.0569948,0.36288,3.6288,60.2995,0.66528,0,0,0.922571,0.320829,0,0.66528,12.849,1,0.48554,0.36288,0,55.3437,6.08066,49.1404,0.84672,12.849,0.84672,3695.15,0,36.966,0.779917,1.29266,2.51094,5.86752,1.5759,7.31531,0.42336,36.966,0.42336,423.524,0,1.02816,0,0,2.32082,1.29266,1.028160,1,0,56.4557,0,0,0,56.4557,0
71.8956,2.71823,0,0,2.79988,0.0571482,0.36288,3.6288,60.039,0.66528,0,0,0.725449,0.320699,0,0.66528,12.849,1,0.48352,0.36288,0,65.0964,6.08066,58.8951,0.84672,12.849,0.84672,3695.15,0,36.966,0.779906,0.833553,2.51093,4.87414,1.5759,5.86281,0.42336,36.966,0.42336,423.524,0,1.02816,0,0,1.86171,0.833553,1.028160,1,0,64.7579,0,0,0,64.7579,0
72.0754,2.71629,0,0,3.31597,0.0570014,0.36288,3.6288,60.1609,0.66528,0,0,1.10736,0.320168,0,0.66528,12.849,1,0.485448,0.36288,0,55.8739,6.08066,49.6707,0.84672,12.849,0.84672,3695.15,0,36.966,0.779895,1.77242,2.51092,6.5912,1.5759,8.51874,0.42336,36.966,0.42336,423.524,0,1.02816,0,0,2.80058,1.77242,1.028160,1,0,58.1894,0,0,0,58.1894,0
72.0465,2.7173,0,0,3.11867,0.067401,0.36288,3.6288,60.1568,0.66528,0,0,0.981314,0.320143,0,0.66528,12.849,1,0.484418,0.36288,0,74.9212,6.19658,68.603,0.84672,12.849,0.84672,3695.15,0,36.966,0.779884,2.58926,2.5109,9.11036,1.54036,11.8903,0.42336,36.966,0.42336,423.524,0,1.02816,0,0,3.61742,2.58926,1.028160,1,0,80.4933,0,0,0,80.4933,0
72.29,2.62639,0,0,6.80056,0.0751257,3.85557,3.6288,61.0883,0.66528,0,0,1.91677,0.31993,0,0.66528,12.849,1,0.468398,3.85557,0,87.6969,6.28352,84.8005,0.84672,12.849,0.84672,3695.15,0,36.966,0.675421,7.96149,2.51089,18.2518,1.5137,26.5351,0.42336,36.966,0.42336,423.524,0,1.02816,0,0,8.98965,7.96149,1.028160,1,0,111.336,0,0,0,111.336,0
72.29,2.62771,0,0,3.33843,0.0752648,0.635448,3.6288,61.2764,0.66528,0,0,1.17517,0.321828,0,0.66528,12.849,1,0.467056,0.635448,0,88.3552,6.28352,82.2401,0.84672,12.849,0.84672,3695.15,0,36.966,0.67541,4.40064,2.41015,10.4655,1.5137,15.0871,0.42336,36.966,0.42336,423.524,0,1.02816,0,0,5.4288,4.40064,1.028160,1,0,97.3272,0,0,0,97.3272,0
72.29,2.6277,0,0,3.4335,0.0752648,0.730537,3.6288,61.308,0.66528,0,0,1.27663,0.322211,0.25754,0.66528,12.849,1,0.467054,0.730537,0,57.6213,6.28352,51.6013,0.84672,12.849,0.84672,3695.15,0,36.966,0.6754,3.59792,2.41013,8.4888,1.5137,12.3078,0.42336,36.966,0.42336,423.524,0,1.02816,0,0,4.62608,3.59792,1.028160,1,0,64.1665,0,0,0,64.1665,0
72.29,2.62768,0,0,9.30837,0.187237,6.49345,3.6288,61.308,0.66528,0,0,2.42647,0.309891,1.4513,0.66528,12.849,1,0.467051,6.49345,0,104.034,5.30444,104.756,0.84672,12.849,0.84672,3695.15,0,36.966,0.67539,10.5687,2.41012,25.2643,1.29551,36.2722,0.42336,36.966,0.42336,423.524,0,1.02816,0,0,11.5968,10.5687,1.028160,1,0,142.48,0,0,0,142.48,0
72.29,2.55316,0,0,5.66759,0.20044,2.91399,3.6288,61.308,0.66528,0,0,2.61476,0.174278,1.7752,0.66528,12.849,1,0.453805,2.91399,0,128.061,3.33207,127.189,0.84672,12.849,0.84672,3695.15,0,36.966,0.580303,4.06931,2.41011,11.2965,0.852219,16.3434,0.42336,36.966,0.42336,423.524,0,1.02816,0,0,5.09747,4.06931,1.028160,1,0,145.308,0,0,0,145.308,0
72.29,2.55314,0,0,5.9987,0.20044,3.24512,3.6288,61.308,0.66528,0,0,2.36073,0.174278,1.52117,0.66528,12.849,1,0.453802,3.24512,0,93.5461,3.33207,93.0054,0.84672,12.849,0.84672,3695.15,0,36.966,0.580294,3.40807,2.3202,13.6864,0.852219,17.9821,0.42336,36.966,0.42336,423.524,0,1.02816,0,0,4.43623,3.40807,1.028160,1,0,112.509,0,0,0,112.509,0
72.29,2.55313,0,0,9.34114,0.20044,6.58757,3.6288,61.308,0.66528,0,0,2.59264,0.174278,1.75308,0.66528,12.849,1,0.4538,6.58757,0,143.892,3.33207,146.694,0.84672,12.849,0.84672,3695.15,0,36.966,0.580284,4.4501,2.32019,19.9514,0.852219,25.2892,0.42336,36.966,0.42336,423.524,0,1.02816,0,0,5.47826,4.4501,1.028160,1,0,173.736,0,0,0,173.736,0
72.29,2.55312,0,0,15.9456,0.245934,13.1466,3.6288,61.308,0.66528,0,0,7.4472,0.221451,6.56047,0.66528,12.849,1,0.453797,13.1466,0,383.314,4.06449,391.943,0.84672,12.849,0.84672,3695.15,0,36.966,0.580274,17.7945,2.32018,47.8559,1.10377,66.2866,0.42336,36.966,0.42336,423.524,0,1.02816,0,0,18.8227,17.7945,1.028160,1,0,464.79,0,0,0,464.79,0
72.29,2.34149,0,0,9.98413,0.290327,7.35231,3.6288,61.308,0.653501,0,0,3.60022,0.236681,2.71004,0.66528,12.849,1,0.416182,7.35231,0,192.794,4.59742,195.133,0.84672,12.849,0.84672,3695.15,0,36.966,0.394032,11.4754,2.32017,24.7372,1.1292,37.0095,0.42336,36.966,0.42336,423.524,0,1.02816,0,0,12.5035,11.4754,1.028160,1,0,234.852,0,0,0,234.852,0
72.29,2.34147,0,0,16.3426,0.29204,13.709,3.6288,61.308,0.653495,0,0,4.57995,0.233323,3.69313,0.66528,12.849,1,0.416179,13.709,0,237.315,4.5947,246.013,0.84672,12.849,0.84672,3695.15,0,36.966,0.394029,12.6316,2.12047,25.4645,1.10199,38.7205,0.42336,36.966,0.42336,423.524,0,1.02816,0,0,13.6598,12.6316,1.028160,1,0,288.427,0,0,0,288.427,0
72.29,2.34146,0,0,29.7036,0.284935,27.0772,3.6288,61.308,0.65349,0,0,28.9435,0.261391,28.0286,0.66528,12.849,1,0.416177,27.0772,0,647.412,4.69825,669.375,0.84672,12.849,0.84672,3695.15,0,36.966,0.394025,20.2598,2.12046,67.735,1.18191,88.5394,0.42336,36.966,0.42336,423.524,0,1.02816,0,0,21.288,20.2598,1.028160,1,0,785.943,0,0,0,785.943,0
72.29,2.34145,0,0,18.4582,0.271182,15.8456,3.6288,61.308,0.653484,0,0,18.8815,0.235999,17.992,0.66528,12.849,1,0.416175,15.8456,0,330.685,4.18935,341.925,0.84672,12.849,0.84672,3695.15,0,36.966,0.394022,9.19261,2.12045,43.6933,1.02471,53.5876,0.42336,36.966,0.42336,423.524,0,1.02816,0,0,10.2208,9.19261,1.028160,1,0,413.504,0,0,0,413.504,0
72.29,2.34143,0,0,9.9905,0.262759,7.38631,3.6288,61.308,0.653479,0,0,4.77069,0.238631,3.87858,0.66528,12.849,1,0.416172,7.38631,0,262.601,4.53041,265.04,0.84672,12.849,0.84672,3695.15,0,36.966,0.394019,10.993,2.12044,25.8331,1.19142,37.3611,0.42336,36.966,0.42336,423.524,0,1.02816,0,0,12.0212,10.993,1.028160,1,0,306.28,0,0,0,306.28,0
72.29,2.42281,0,0,7.25396,0.243463,4.58769,3.6288,61.308,0.66528,0,0,3.46489,0.266396,2.53321,0.66528,12.849,1,0.430636,4.58769,0,201.367,5.26533,200.259,0.84672,12.849,0.84672,3695.15,0,36.966,0.439541,5.60396,2.12043,19.4903,1.49737,25.2778,0.42336,36.966,0.42336,423.524,0,1.02816,0,0,6.63212,5.60396,1.028160,1,0,228.07,0,0,0,228.07,0
72.29,2.42278,0,0,9.75188,0.243463,7.08564,3.6288,61.308,0.66528,0,0,4.72568,0.266396,3.79401,0.66528,12.849,1,0.430631,7.08564,0,212.941,5.26533,214.33,0.84672,12.849,0.84672,3695.15,0,36.966,0.439521,7.00772,2.18268,21.6174,1.49737,28.8709,0.42336,36.966,0.42336,423.524,0,1.02816,0,0,8.03588,7.00772,1.028160,1,0,246.995,0,0,0,246.995,0
72.29,2.42275,0,0,10.6802,0.225785,8.03163,3.6288,61.308,0.66528,0,0,5.10913,0.259099,4.18476,0.66528,12.849,1,0.430626,8.03163,0,334.057,5.21763,336.44,0.84672,12.849,0.84672,3695.15,0,36.966,0.439501,7.45053,2.18266,26.8981,1.41512,34.6767,0.42336,36.966,0.42336,423.524,0,1.02816,0,0,8.47869,7.45053,1.028160,1,0,375.302,0,0,0,375.302,0
72.29,2.42272,0,0,6.39179,0.258556,3.71051,3.6288,61.308,0.66528,0,0,4.489,0.27924,3.54448,0.66528,12.849,1,0.430621,3.71051,0,347.783,4.46842,346.595,0.84672,12.849,0.84672,3695.15,0,36.966,0.439481,7.36059,2.18263,20.4459,1.19535,28.3543,0.42336,36.966,0.42336,423.524,0,1.02816,0,0,8.38875,7.36059,1.028160,1,0,378.494,0,0,0,378.494,0
72.29,2.68404,0,0,4.0129,0.28762,1.04124,3.6288,61.308,0.66528,0,0,2.94284,0.225723,2.05184,0.66528,12.849,1,0.477068,1.04124,0,164.009,3.89371,160.679,0.84672,12.849,0.84672,3695.15,0,36.966,0.654689,3.89482,2.18261,10.7457,1.02511,15.1433,0.42336,36.966,0.42336,423.524,0,1.02816,0,0,4.92298,3.89482,1.028160,1,0,177.874,0,0,0,177.874,0
72.29,2.68401,0,0,4.30772,0.281938,1.34178,3.6288,61.308,0.66528,0,0,3.33265,0.221659,2.44571,0.66528,12.849,1,0.477062,1.34178,0,150.639,3.9971,147.507,0.84672,12.849,0.84672,3695.15,0,36.966,0.654667,4.02957,2.40656,9.88865,0.99817,14.6719,0.42336,36.966,0.42336,423.524,0,1.02816,0,0,5.05773,4.02957,1.028160,1,0,164.625,0,0,0,164.625,0
72.29,2.68398,0,0,7.88581,0.281275,4.92056,3.6288,61.308,0.66528,0,0,4.59543,0.206147,3.724,0.66528,12.849,1,0.477057,4.92056,0,220.764,3.7968,221.411,0.84672,12.849,0.84672,3695.15,0,36.966,0.654644,6.2334,2.40653,18.4797,0.955901,25.509,0.42336,36.966,0.42336,423.524,0,1.02816,0,0,7.26156,6.2334,1.028160,1,0,250.644,0,0,0,250.644,0
72.051,2.68394,0,0,3.08905,0.281275,0.36288,3.6288,61.308,0.66528,0,0,2.14473,0.206147,1.27331,0.66528,12.849,1,0.477051,0.36288,0,181.78,3.7968,177.869,0.84672,12.849,0.84672,3695.15,0,36.966,0.654622,2.75448,2.40651,7.66066,0.955901,11.2111,0.42336,36.966,0.42336,423.524,0,1.02816,0,0,3.78264,2.75448,1.028160,1,0,190.353,0,0,0,190.353,0
72.29,2.31001,0,0,5.11718,0.307618,2.2605,3.6288,61.308,0.64322,0,0,2.07515,0.172021,1.25991,0.66528,12.849,1,0.411948,2.2605,0,164.769,3.42445,163.193,0.84672,12.849,0.84672,3695.15,0,36.966,0.387833,3.74438,2.40648,9.66971,0.769319,14.6634,0.42336,36.966,0.42336,423.524,0,1.02816,0,0,4.77254,3.74438,1.028160,1,0,179.117,0,0,0,179.117,0
72.29,2.31114,0,0,4.10626,0.29349,1.50164,3.6288,61.308,0.643208,0,0,1.96658,0.181841,1.14154,0.66528,12.849,1,0.410787,1.50164,0,126.937,3.5028,124.525,0.84672,12.849,0.84672,3695.15,0,36.966,0.387826,3.09958,2.10104,7.90361,0.764487,11.9519,0.42336,36.966,0.42336,423.524,0,1.02816,0,0,4.12774,3.09958,1.028160,1,0,137.619,0,0,0,137.619,0
72.29,2.31111,0,0,3.68212,0.29349,1.07752,3.6288,61.308,0.643196,0,0,1.7437,0.181841,0.918661,0.66528,12.849,1,0.410782,1.07752,0,111.495,3.5028,108.659,0.84672,12.849,0.84672,3695.15,0,36.966,0.387819,3.28148,2.10102,7.25484,0.764487,11.485,0.42336,36.966,0.42336,423.524,0,1.02816,0,0,4.30964,3.28148,1.028160,1,0,121.063,0,0,0,121.063,0
72.29,2.31108,0,0,5.10953,0.29349,2.50496,3.6288,61.308,0.643184,0,0,2.02153,0.181841,1.1965,0.66528,12.849,1,0.410777,2.50496,0,141.477,3.5028,140.069,0.84672,12.849,0.84672,3695.15,0,36.966,0.387812,3.78457,2.101,9.8877,0.764487,14.621,0.42336,36.966,0.42336,423.524,0,1.02816,0,0,4.81273,3.78457,1.028160,1,0,155.886,0,0,0,155.886,0
72.29,2.31105,0,0,4.92867,0.317873,2.29975,3.6288,61.308,0.643172,0,0,2.57232,0.164782,1.76436,0.66528,12.849,1,0.410772,2.29975,0,153.192,3.42642,151.655,0.84672,12.849,0.84672,3695.15,0,36.966,0.387804,5.31767,2.10098,10.1441,0.711544,16.4634,0.42336,36.966,0.42336,423.524,0,1.02816,0,0,6.34583,5.31767,1.028160,1,0,169.883,0,0,0,169.883,0
72.29,2.40484,0,0,5.1085,0.336161,2.3675,3.6288,61.308,0.66528,0,0,4.39328,0.151987,3.57601,0.66528,12.849,1,0.427443,2.3675,0,170.243,3.36914,168.813,0.84672,12.849,0.84672,3695.15,0,36.966,0.436331,6.96781,2.10096,16.5634,0.671837,24.524,0.42336,36.966,0.42336,423.524,0,1.02816,0,0,7.99597,6.96781,1.028160,1,0,196.913,0,0,0,196.913,0
72.29,2.40482,0,0,4.72433,0.336161,1.98335,3.6288,61.308,0.66528,0,0,4.34377,0.151987,3.5265,0.66528,12.849,1,0.427438,1.98335,0,164.414,3.36914,162.601,0.84672,12.849,0.84672,3695.15,0,36.966,0.436311,6.51738,2.17623,16.1902,0.671837,23.7757,0.42336,36.966,0.42336,423.524,0,1.02816,0,0,7.54554,6.51738,1.028160,1,0,189.903,0,0,0,189.903,0
72.29,2.40479,0,0,4.15816,0.321072,1.43231,3.6288,61.308,0.66528,0,0,3.28031,0.150322,2.4647,0.66528,12.849,1,0.427433,1.43231,0,122.748,3.46798,120.285,0.84672,12.849,0.84672,3695.15,0,36.966,0.436291,5.22557,2.17621,10.1761,0.678264,16.4633,0.42336,36.966,0.42336,423.524,0,1.02816,0,0,6.25373,5.22557,1.028160,1,0,139.213,0,0,0,139.213,0
72.29,2.40476,0,0,3.44973,0.294996,0.749974,3.6288,61.308,0.66528,0,0,2.69298,0.159707,1.86799,0.66528,12.849,1,0.427427,0.749974,0,114.661,3.90408,111.08,0.84672,12.849,0.84672,3695.15,0,36.966,0.436271,3.37354,2.17619,8.49623,0.76031,12.8494,0.42336,36.966,0.42336,423.524,0,1.02816,0,0,4.4017,3.37354,1.028160,1,0,125.797,0,0,0,125.797,0
72.29,2.36805,0,0,3.40275,0.267623,0.767083,3.6288,61.308,0.66528,0,0,2.7108,0.212298,1.83322,0.66528,12.849,1,0.420902,0.767083,0,103.161,4.54327,98.9636,0.84672,12.849,0.84672,3695.15,0,36.966,0.408811,3.19138,2.17617,8.93894,0.936897,12.9608,0.42336,36.966,0.42336,423.524,0,1.02816,0,0,4.21954,3.19138,1.028160,1,0,113.758,0,0,0,113.758,0
72.29,2.36802,0,0,3.22008,0.258208,0.593859,3.6288,61.308,0.66528,0,0,2.53316,0.215418,1.65246,0.66528,12.849,1,0.420897,0.593859,0,96.8129,4.57107,92.4148,0.84672,12.849,0.84672,3695.15,0,36.966,0.408792,3.06889,2.14685,8.28204,0.938838,12.1502,0.42336,36.966,0.42336,423.524,0,1.02816,0,0,4.09705,3.06889,1.028160,1,0,106.217,0,0,0,106.217,0
72.2802,2.36799,0,0,2.97926,0.258208,0.36288,3.6288,61.308,0.66528,0,0,2.75492,0.215418,1.87422,0.66528,12.849,1,0.420892,0.36288,0,88.0615,4.57107,83.4324,0.84672,12.849,0.84672,3695.15,0,36.966,0.408772,3.44906,2.14683,8.54842,0.938838,12.7967,0.42336,36.966,0.42336,423.524,0,1.02816,0,0,4.47722,3.44906,1.028160,1,0,98.1033,0,0,0,98.1033,0
72.0993,2.36791,0,0,2.81899,0.269047,0.36288,3.6288,61.308,0.66528,0,0,2.96313,0.192136,2.10572,0.66528,12.849,1,0.420935,0.36288,0,82.4351,4.34973,78.0273,0.84672,12.849,0.84672,3695.15,0,36.966,0.408752,3.61701,2.14681,9.2759,0.856722,13.7742,0.42336,36.966,0.42336,423.524,0,1.02816,0,0,4.64517,3.61701,1.028160,1,0,93.9073,0,0,0,93.9073,0
71.6076,2.49144,0,0,2.61005,0.247492,0.36288,3.6288,61.308,0.66528,0,0,2.86591,0.184604,2.01603,0.66528,12.849,1,0.444006,0.36288,0,74.7662,4.29861,70.3865,0.84672,12.849,0.84672,3695.15,0,36.966,0.506038,3.19133,2.14678,7.91087,0.904759,11.8382,0.42336,36.966,0.42336,423.524,0,1.02816,0,0,4.21949,3.19133,1.028160,1,0,84.2407,0,0,0,84.2407,0
70.9832,2.48883,0,0,2.39242,0.165029,0.36288,3.6288,61.308,0.66528,0,0,2.51755,0.219333,1.63294,0.66528,12.849,1,0.446586,0.36288,0,71.5133,4.73498,66.6946,0.84672,12.849,0.84672,3695.15,0,36.966,0.506017,2.79052,2.24942,7.21043,1.01793,10.7264,0.42336,36.966,0.42336,423.524,0,1.02816,0,0,3.81868,2.79052,1.028160,1,0,79.054,0,0,0,79.054,0
70.1465,2.48547,0,0,2.17582,0.164243,0.36288,3.6288,61.308,0.66528,0,0,2.03304,0.219333,1.14843,0.66528,12.849,1,0.449907,0.36288,0,65.0998,4.73498,60.2778,0.84672,12.849,0.84672,3695.15,0,36.966,0.505996,2.20389,2.2494,6.4463,1.01793,9.37567,0.42336,36.966,0.42336,423.524,0,1.02816,0,0,3.23205,2.20389,1.028160,1,0,70.8019,0,0,0,70.8019,0
69.2549,2.48091,0,0,2.12117,0.168915,0.36288,3.6288,61.308,0.66528,0,0,1.66235,0.231855,0.765218,0.66528,12.849,1,0.454437,0.36288,0,59.0116,4.95356,53.9665,0.84672,12.849,0.84672,3695.15,0,36.966,0.505975,2.04023,2.24937,6.18263,1.06117,8.90509,0.42336,36.966,0.42336,423.524,0,1.02816,0,0,3.06839,2.04023,1.028160,1,0,63.6368,0,0,0,63.6368,0
68.5697,2.47594,0,0,2.29003,0.136405,0.36288,3.6288,61.308,0.66528,0,0,1.53281,0.284274,0.583251,0.66528,12.849,1,0.459366,0.36288,0,56.3992,5.58336,50.7193,0.84672,12.849,0.84672,3695.15,0,36.966,0.505955,1.77719,2.24935,6.21665,1.32399,8.41325,0.42336,36.966,0.42336,423.524,0,1.02816,0,0,2.80535,1.77719,1.028160,1,0,59.7158,0,0,0,59.7158,0
68.0937,2.44763,0,0,2.45849,0.124059,0.36288,3.6288,61.308,0.66528,0,0,1.45102,0.259176,0.526563,0.66528,12.849,1,0.45865,0.36288,0,57.7091,4.97091,52.6424,0.84672,12.849,0.84672,3695.15,0,36.966,0.559411,1.51158,2.24933,6.47547,1.29512,8.38185,0.42336,36.966,0.42336,423.524,0,1.02816,0,0,2.53974,1.51158,1.028160,1,0,61.5508,0,0,0,61.5508,0
67.435,2.4449,0,0,2.27271,0.123598,0.36288,3.6288,61.308,0.66528,0,0,1.40281,0.259176,0.478352,0.66528,12.849,1,0.461342,0.36288,0,57.3604,4.97091,52.2911,0.84672,12.849,0.84672,3695.15,0,36.966,0.55939,1.46861,2.28519,6.56605,1.29512,8.46534,0.42336,36.966,0.42336,423.524,0,1.02816,0,0,2.49677,1.46861,1.028160,1,0,61.2348,0,0,0,61.2348,0
66.5713,2.44108,0,0,2.06325,0.12296,0.36288,3.6288,61.308,0.66528,0,0,1.32522,0.259176,0.400764,0.66528,12.849,1,0.465122,0.36288,0,55.6557,4.97091,50.5825,0.84672,12.849,0.84672,3695.15,0,36.966,0.559369,1.22368,2.28517,6.17197,1.29512,7.82633,0.42336,36.966,0.42336,423.524,0,1.02816,0,0,2.25184,1.22368,1.028160,1,0,58.8096,0,0,0,58.8096,0
65.5475,2.436,0,0,1.88788,0.112798,0.36288,3.6288,61.308,0.66528,0,0,1.23441,0.277475,0.291651,0.66528,12.849,1,0.470174,0.36288,0,48.1115,5.22631,42.7779,0.84672,12.849,0.84672,3695.15,0,36.966,0.559347,1.07277,2.28514,5.80451,1.37863,7.22445,0.42336,36.966,0.42336,423.524,0,1.02816,0,0,2.10093,1.07277,1.028160,1,0,50.294,0,0,0,50.294,0
64.6969,2.49243,0,0,2.0927,0.0879974,0.36288,3.6288,61.308,0.66528,0,0,1.43337,0.310481,0.457606,0.66528,12.849,1,0.488581,0.36288,0,56.6001,5.77069,50.7037,0.84672,12.849,0.84672,3695.15,0,36.966,0.606984,1.42404,2.28512,5.60339,1.519,7.18655,0.42336,36.966,0.42336,423.524,0,1.02816,0,0,2.4522,1.42404,1.028160,1,0,58.3479,0,0,0,58.3479,0
63.686,2.48705,0,0,1.92643,0.0873988,0.36288,3.6288,61.308,0.66528,0,0,1.21516,0.310481,0.239403,0.66528,12.849,1,0.493935,0.36288,0,46.4913,5.77069,40.5896,0.84672,12.849,0.84672,3695.15,0,36.966,0.606962,1.57274,2.33595,5.41795,1.519,7.20067,0.42336,36.966,0.42336,423.524,0,1.02816,0,0,2.6009,1.57274,1.028160,1,0,48.0296,0,0,0,48.0296,0
62.52,2.48049,0,0,1.76397,0.0866875,0.36288,3.6288,61.308,0.66528,0,0,1.1255,0.310481,0.149737,0.66528,12.849,1,0.500452,0.36288,0,44.1896,5.77069,38.2814,0.84672,12.849,0.84672,3695.15,0,36.966,0.60694,1.19515,2.33593,4.76232,1.519,6.16745,0.42336,36.966,0.42336,423.524,0,1.02816,0,0,2.22331,1.19515,1.028160,1,0,44.5985,0,0,0,44.5985,0
61.4713,2.47272,0,0,1.86374,0.0767916,0.36288,3.6288,61.308,0.66528,0,0,1.29206,0.315661,0.311119,0.66528,12.849,1,0.508189,0.36288,0,43.3397,5.92025,37.2742,0.84672,12.849,0.84672,3695.15,0,36.966,0.606919,1.63981,2.3359,6.29993,1.54888,8.11985,0.42336,36.966,0.42336,423.524,0,1.02816,0,0,2.66797,1.63981,1.028160,1,0,45.7051,0,0,0,45.7051,0
60.8277,2.64688,0,0,2.44614,0.0799592,0.36288,3.6288,61.308,0.66528,0,0,1.43947,0.286206,0.487981,0.66528,12.849,1,0.553263,0.36288,0,48.5571,5.57454,42.7921,0.84672,12.849,0.84672,3695.15,0,36.966,0.77891,1.9478,2.33588,7.09101,1.46118,9.1346,0.42336,36.966,0.42336,423.524,0,1.02816,0,0,2.97596,1.9478,1.028160,1,0,52.4147,0,0,0,52.4147,0
59.7289,2.64202,0,0,1.98385,0.0777722,0.36288,3.6288,61.308,0.66528,0,0,1.07449,0.292415,0.116792,0.66528,12.849,1,0.55809,0.36288,0,56.8141,5.50735,51.1116,0.84672,12.849,0.84672,3695.15,0,36.966,0.778887,1.25338,2.50985,5.48949,1.42825,7.04558,0.42336,36.966,0.42336,423.524,0,1.02816,0,0,2.28154,1.25338,1.028160,1,0,58.2739,0,0,0,58.2739,0
59.005,2.63354,0,0,2.34952,0.0770085,0.36288,3.6288,61.308,0.66528,0,0,1.64017,0.292415,0.68247,0.66528,12.849,1,0.566532,0.36288,0,48.7651,5.50735,43.0541,0.84672,12.849,0.84672,3695.15,0,36.966,0.778863,2.40396,2.50982,7.42355,1.42825,10.1302,0.42336,36.966,0.42336,423.524,0,1.02816,0,0,3.43212,2.40396,1.028160,1,0,53.8668,0,0,0,53.8668,0
57.8974,2.6278,0,0,1.96302,0.0798906,0.36288,3.6288,61.308,0.66528,0,0,1.20367,0.271731,0.266662,0.66528,12.849,1,0.572233,0.36288,0,44.5008,4.95282,39.3386,0.84672,12.849,0.84672,3695.15,0,36.966,0.778839,1.67967,2.50979,7.69107,1.21239,9.8893,0.42336,36.966,0.42336,423.524,0,1.02816,0,0,2.70783,1.67967,1.028160,1,0,49.4945,0,0,0,49.4945,0
56.8805,2.61881,0,0,2.04295,0.0781951,0.36288,3.6288,61.308,0.66528,0,0,1.13389,0.239045,0.229562,0.66528,12.849,1,0.581185,0.36288,0,36.3896,4.5608,31.6105,0.84672,12.849,0.84672,3695.15,0,36.966,0.778816,1.64158,2.50977,8.04954,1.04524,10.3768,0.42336,36.966,0.42336,423.524,0,1.02816,0,0,2.66974,1.64158,1.028160,1,0,42.2169,0,0,0,42.2169,0
56.6737,2.52313,0,0,2.74955,0.0703593,0.36288,3.6288,61.308,0.66528,0,0,1.506,0.232236,0.608488,0.66528,12.849,1,0.569962,0.36288,0,37.5078,5.02394,32.2768,0.84672,12.849,0.84672,3695.15,0,36.966,0.674392,2.66151,2.50974,8.41787,1.20614,11.7086,0.42336,36.966,0.42336,423.524,0,1.02816,0,0,3.68967,2.66151,1.028160,1,0,44.5939,0,0,0,44.5939,0
56.4125,2.52141,0,0,2.69337,0.0702159,0.36288,3.6288,61.308,0.66528,0,0,1.33985,0.232236,0.442332,0.66528,12.849,1,0.571651,0.36288,0,48.4029,5.02394,43.1702,0.84672,12.849,0.84672,3695.15,0,36.966,0.674369,2.19318,2.40903,7.73289,1.20614,10.4546,0.42336,36.966,0.42336,423.524,0,1.02816,0,0,3.22134,2.19318,1.028160,1,0,54.0671,0,0,0,54.0671,0
56.1086,2.51922,0,0,2.64815,0.0700348,0.36288,3.6288,61.308,0.66528,0,0,1.20104,0.232236,0.303522,0.66528,12.849,1,0.573799,0.36288,0,44.3816,5.02394,39.1468,0.84672,12.849,0.84672,3695.15,0,36.966,0.674347,2.06223,2.40901,7.20662,1.20614,9.79738,0.42336,36.966,0.42336,423.524,0,1.02816,0,0,3.09039,2.06223,1.028160,1,0,49.2477,0,0,0,49.2477,0
55.5614,2.51666,0,0,2.49015,0.157793,0.36288,3.6288,61.308,0.66528,0,0,1.25519,0.169834,0.420079,0.66528,12.849,1,0.576322,0.36288,0,56.4512,4.73714,51.5006,0.84672,12.849,0.84672,3695.15,0,36.966,0.674324,2.26467,2.40898,8.60259,1.02148,11.5804,0.42336,36.966,0.42336,423.524,0,1.02816,0,0,3.29283,2.26467,1.028160,1,0,63.5011,0,0,0,63.5011,0
54.0086,2.44079,0,0,1.42627,0.175339,0.36288,3.6288,60.8535,0.69482,0,0,0.468546,0.228223,0,0.66528,12.849,1,0.564451,0.36288,0,22.5292,4.24937,18.0783,0.84672,12.849,0.84672,3695.15,0,36.966,0.579275,0.216518,2.40896,4.54624,1.06372,5.52872,0.42336,36.966,0.42336,423.524,0,0.99862,0,0,1.21514,0.216518,1.028160,1,0,23.607,0,0,0,23.607,0
52.1995,2.42765,0,0,1.18688,0.205473,0.36288,3.6288,59.9626,0.995328,0,0,0.327945,0.223493,0,0.66528,12.849,1,0.577553,0.36288,0,18.3038,4.28831,13.8008,0.84672,12.849,0.84672,3695.15,0,36.966,0.604621,0.216518,2.31908,3.79566,1.11332,4.61332,0.42336,36.966,0.42336,423.524,0,0.672745,0,0,0.889263,0.216518,1.028160,1,0,18.4141,0,0,0,18.4141,0
51.0099,2.41156,0,0,1.78656,0.201702,0.36288,3.6288,59.8693,0.66528,0,0,0.79416,0.222231,0,0.66528,12.849,1,0.593609,0.36288,0,28.5425,4.28831,24.0235,0.84672,12.849,0.84672,3695.15,0,36.966,0.579232,1.54208,2.31906,7.69657,1.11332,9.86515,0.42336,36.966,0.42336,423.524,0,1.02816,0,0,2.57024,1.54208,1.028160,1,0,33.8886,0,0,0,33.8886,0
