0st_vol,0capacity,0net_inf,0st_rof,0lt_rof,0rest_demand,0unrest_demand,0unfulf_demand,0wastewater,0treat_capacity,1st_vol,1capacity,1net_inf,1st_rof,1lt_rof,1rest_demand,1unrest_demand,1unfulf_demand,1wastewater,1treat_capacity
85.139,85.139,12.371,0.05,0,2.16737,2.46977,0,0,4.47552,99.3022,98.274,13.4593,0,0,1.73502,1.43262,0,0,2.1168
85.139,85.139,7.51863,0.05,0,2.18892,2.47059,0,0.406166,4.47552,99.3022,98.274,7.4437,0,0,1.71475,1.43309,0,1.34047,2.1168
85.139,85.139,7.2972,0.05,0,2.19021,2.4714,0,0.410204,4.47552,99.3022,98.274,6.28237,0,0,1.71475,1.43356,0,1.32482,2.1168
85.139,85.139,7.07516,0.05,0,2.1915,2.47222,0,0.410446,4.47552,99.3022,98.274,6.33926,0,0,1.71475,1.43403,0,1.32482,2.1168
85.139,85.139,9.30214,0.05,0,2.434,2.71425,0,0.410687,4.47552,99.3022,98.274,10.9852,0,0,1.88342,1.60318,0,1.32482,2.1168
85.139,85.139,7.15404,0.05,0,2.60404,2.71514,0,0.456132,4.47552,99.3022,98.274,7.82949,0,0,1.71481,1.6037,0,1.45513,2.1168
85.139,85.139,8.09783,0.05,0,2.60546,2.71604,0,0.487997,4.47552,99.3022,98.274,6.57305,0,0,1.71481,1.60423,0,1.32486,2.1168
85.139,85.139,5.49354,0.05,0,2.60689,2.71693,0,0.488264,4.47552,99.3022,98.274,5.80439,0,0,1.71481,1.60476,0,1.32486,2.1168
85.139,85.139,6.80198,0.05,0,2.26381,2.37333,0,0.488531,4.47552,99.3022,98.274,7.92045,0,0,1.48816,1.37864,0,1.32486,2.1168
85.139,85.139,4.66564,0.05,0,2.07171,2.37411,0,0.424238,4.47552,99.3022,98.274,5.81905,0,0,1.68149,1.37909,0,1.14975,2.1168
85.139,85.139,3.81333,0.05,0,2.07249,2.37489,0,0.388238,4.47552,99.3022,98.274,4.8037,0,0,1.68195,1.37955,0,1.29912,2.1168
85.139,85.139,5.22068,0.05,0,2.07328,2.37568,0,0.388385,4.47552,99.3022,98.274,6.8284,0,0,1.6824,1.38,0,1.29947,2.1168
85.139,85.139,6.68251,0.05,0,2.07406,2.37646,0,0.388532,4.47552,99.3022,98.274,7.96518,0,0,1.68286,1.38046,0,1.29982,2.1168
85.139,85.139,7.69242,0.05,0,2.1617,2.4641,0,0.388678,4.47552,99.3022,98.274,7.507,0,0,1.73885,1.43645,0,1.30018,2.1168
85.139,85.139,6.7812,0.05,0,2.18708,2.46491,0,0.405103,4.47552,99.3022,98.274,10.0341,0,0,1.71475,1.43693,0,1.34344,2.1168
85.139,85.139,5.45621,0.05,0,2.18837,2.46573,0,0.40986,4.47552,99.3022,98.274,8.94597,0,0,1.71475,1.4374,0,1.32482,2.1168
85.139,85.139,4.28503,0.05,0,2.18966,2.46654,0,0.410101,4.47552,99.3022,98.274,6.70133,0,0,1.71475,1.43787,0,1.32482,2.1168
85.139,85.139,5.15719,0.05,0,2.15694,2.43334,0,0.410342,4.47552,99.3022,98.274,7.50256,0,0,1.69315,1.41675,0,1.32482,2.1168
85.139,85.139,4.27718,0.05,0,2.13661,2.43415,0,0.40421,4.47552,99.3022,98.274,6.35817,0,0,1.71475,1.41721,0,1.30813,2.1168
85.139,85.139,3.74665,0.05,0,2.13788,2.43495,0,0.400401,4.47552,99.3022,98.274,5.75204,0,0,1.71475,1.41768,0,1.32481,2.1168
85.139,85.139,3.35991,0.04,0,2.13915,2.43575,0,0.400639,4.47552,99.3022,98.274,5.09226,0,0,1.71475,1.41815,0,1.32481,2.1168
85.139,85.139,3.33819,0.04,0,2.256,2.55214,0,0.400877,4.47552,99.3022,98.274,4.91119,0,0,1.79144,1.49531,0,1.32481,2.1168
85.139,85.139,3.57437,0.03,0,2.33401,2.55298,0,0.422775,4.47552,99.3022,98.274,5.92378,0,0,1.71477,1.49581,0,1.38407,2.1168
85.139,85.139,3.33602,0.02,0,2.33534,2.55382,0,0.437393,4.47552,99.3022,98.274,5.45483,0,0,1.71477,1.4963,0,1.32483,2.1168
85.139,85.139,3.03414,0.01,0,2.55466,2.55466,0,0.437643,4.47552,99.3022,98.274,4.59911,0,0,1.49679,1.49679,0,1.32483,2.1168
85.139,85.139,3.02922,0.01,0,2.5555,2.5555,0,0.478743,4.47552,99.3022,98.274,4.08856,0,0,1.49728,1.49728,0,1.15642,2.1168
85.139,85.139,3.44164,0.01,0,2.53345,2.53345,0,0.478901,4.47552,99.3022,98.274,3.0083,0,0,1.54,1.54,0,1.1568,2.1168
85.139,85.139,3.2312,0.01,0,2.53428,2.53428,0,0.474768,4.47552,99.3022,98.274,2.87192,0,0,1.54051,1.54051,0,1.1898,2.1168
85.139,85.139,2.94817,0.02,0,2.36134,2.53511,0,0.474924,4.47552,99.3022,98.274,2.81264,0,0,1.71479,1.54101,0,1.1902,2.1168
85.139,85.139,2.67371,0.02,0,2.36268,2.53595,0,0.442515,4.47552,99.2711,98.274,2.56959,0,0,1.71479,1.54152,0,1.32484,2.1168
84.9238,85.139,2.38904,0.02,0,2.42323,2.59599,0,0.442767,4.47552,99.1169,98.274,2.18941,0,0,1.75247,1.57971,0,1.32484,2.1168
84.9832,85.139,2.71273,0.03,0,2.46227,2.59684,0,0.454113,4.47552,99.1266,98.274,2.59273,0,0,1.7148,1.58023,0,1.35396,2.1168
84.8081,85.139,2.45698,0.03,0,2.46365,2.5977,0,0.46143,4.47552,99.0016,98.274,2.46627,0,0,1.7148,1.58075,0,1.32485,2.1168
84.4189,85.139,2.23674,0.03,0,2.46502,2.59855,0,0.461687,4.47552,98.8337,98.274,2.1519,0,0,1.7148,1.58127,0,1.32485,2.1168
83.8675,85.139,2.20976,0.03,0,2.64,2.77301,0,0.461945,4.47552,98.4984,98.274,2.50902,0,0,1.85099,1.71798,0,1.32485,2.1168
82.6376,85.139,1.62656,0.03,0,2.77392,2.77392,0,0.494736,4.47552,98.1264,98.274,1.9203,0,0,1.71854,1.71854,0,1.43007,2.1168
81.3293,85.139,1.53555,0.03,0,2.77483,2.77483,0,0.519833,4.47552,97.8717,98.274,1.80565,0,0,1.71911,1.71911,0,1.32774,2.1168
80.592,85.139,2.10354,0.03,0,2.77575,2.77575,0,0.520004,4.47552,97.6691,98.274,2.03027,0,0,1.71967,1.71967,0,1.32818,2.1168
80.7634,85.139,3.07518,0.03,0,2.77666,2.77666,0,0.520175,4.47552,97.3778,98.274,2.39012,0,0,1.72024,1.72024,0,1.32862,2.1168
80.1319,85.139,2.20494,0.03,0,2.69283,2.69283,0,0.520346,4.47552,97.3439,98.274,1.74373,0,0,1.63801,1.63801,0,1.32906,2.1168
79.3316,85.139,1.95763,0.03,0,2.61744,2.69371,0,0.504636,4.47552,97.1503,98.274,2.66304,0,0,1.71482,1.63855,0,1.26553,2.1168
78.3117,85.139,1.73647,0.04,0,2.61887,2.6946,0,0.490508,4.47552,96.6228,98.274,1.61538,0,0,1.71482,1.63909,0,1.32487,2.1168
77.044,85.139,1.47833,0.04,0,2.62029,2.69549,0,0.490776,4.47552,96.2657,98.274,1.47777,0,0,1.71482,1.63963,0,1.32487,2.1168
75.6545,85.139,1.36153,0.04,0,2.55206,2.62672,0,0.491043,4.47552,96.1982,98.274,1.70549,0,0,1.63936,1.5647,0,1.32487,2.1168
74.0171,85.139,1.07106,0.04,0,2.478,2.62758,0,0.478257,4.47552,96.0386,98.274,1.92994,0,0,1.71479,1.56522,0,1.26657,2.1168
73.1167,85.139,1.88007,0.03,0,2.47938,2.62845,0,0.464378,4.47552,96.2465,98.274,2.65775,0,0,1.71479,1.56573,0,1.32485,2.1168
72.8325,85.139,2.58218,0.05,0,2.48076,2.62931,0,0.464636,4.47552,96.5992,98.274,3.78605,0,0,1.71479,1.56624,0,1.32485,2.1168
72.7242,85.139,2.54172,0.04,0,2.28406,2.43209,0,0.464894,4.47552,96.9351,98.274,3.63459,0,0,1.55742,1.40938,0,1.32485,2.1168
73.1469,85.139,2.9189,0.03,0,2.13049,2.43289,0,0.428032,4.47552,97.8274,98.274,4.84901,0,0,1.71225,1.40985,0,1.20326,2.1168
75.5869,85.139,5.00399,0.04,0,2.13129,2.43369,0,0.399254,4.47552,98.9271,98.274,5.63615,0,0,1.71271,1.41031,0,1.32288,2.1168
79.0366,85.139,6.10972,0.02,0,2.13209,2.43449,0,0.399404,4.47552,99.3022,98.274,5.87248,0,0,1.71317,1.41077,0,1.32324,2.1168
81.5898,85.139,5.23071,0.03,0,2.13289,2.43529,0,0.399554,4.47552,99.3022,98.274,4.91751,0,0,1.71364,1.41124,0,1.3236,2.1168
83.0026,85.139,4.14161,0.02,0,2.20999,2.51239,0,0.399704,4.47552,99.3022,98.274,6.79053,0,0,1.75974,1.45734,0,1.32396,2.1168
84.9082,85.139,4.76631,0.03,0,2.25625,2.51319,0,0.414153,4.47552,99.3022,98.274,6.75612,0,0,1.71474,1.4578,0,1.35957,2.1168
85.139,85.139,3.47595,0.04,0,2.25752,2.51399,0,0.422822,4.47552,99.3022,98.274,5.82808,0,0,1.71474,1.45827,0,1.32481,2.1168
85.139,85.139,3.06462,0.01,0,2.51479,2.51479,0,0.423058,4.47552,99.3022,98.274,4.70858,0,0,1.45873,1.45873,0,1.32481,2.1168
85.0398,85.139,2.86565,0.02,0,2.50541,2.76096,0,0.471272,4.47552,99.3022,98.274,3.12982,0,0,1.88631,1.63077,0,1.12702,2.1168
85.0392,85.139,3.14247,0.04,0,2.67833,2.76184,0,0.469514,4.47552,99.3022,98.274,3.68449,0,0,1.7148,1.63129,0,1.45737,2.1168
85.139,85.139,3.91758,0.04,0,2.67972,2.76272,0,0.501918,4.47552,99.3022,98.274,5.90304,0,0,1.7148,1.6318,0,1.32485,2.1168
85.139,85.139,4.12614,0.04,0,2.68112,2.7636,0,0.50218,4.47552,99.3022,98.274,5.42831,0,0,1.7148,1.63232,0,1.32485,2.1168
85.139,85.139,3.87547,0.04,0,2.33211,2.41406,0,0.502442,4.47552,99.3022,98.274,7.18811,0,0,1.48426,1.4023,0,1.32485,2.1168
85.139,85.139,5.27453,0.04,0,2.11243,2.41483,0,0.437037,4.47552,99.3022,98.274,7.77831,0,0,1.70515,1.40275,0,1.14674,2.1168
85.139,85.139,5.58655,0.04,0,2.1132,2.4156,0,0.395869,4.47552,99.3022,98.274,8.70038,0,0,1.70559,1.40319,0,1.3174,2.1168
85.139,85.139,4.71378,0.04,0,2.11397,2.41637,0,0.396013,4.47552,99.3022,98.274,6.2712,0,0,1.70604,1.40364,0,1.31774,2.1168
85.139,85.139,5.14454,0.04,0,2.11474,2.41714,0,0.396158,4.47552,99.3022,98.274,6.38136,0,0,1.70649,1.40409,0,1.31809,2.1168
85.139,85.139,5.10553,0.04,0,2.20385,2.50625,0,0.396302,4.47552,99.3022,98.274,6.06321,0,0,1.76342,1.46102,0,1.31843,2.1168
85.139,85.139,5.35955,0.05,0,2.25379,2.50705,0,0.413002,4.47552,99.3022,98.274,5.73641,0,0,1.71474,1.46149,0,1.36242,2.1168
85.139,85.139,4.8173,0.05,0,2.25505,2.50785,0,0.42236,4.47552,99.3022,98.274,6.43337,0,0,1.71474,1.46195,0,1.32481,2.1168
85.139,85.139,4.99137,0.05,0,2.25632,2.50864,0,0.422597,4.47552,99.3022,98.274,4.93519,0,0,1.71475,1.46242,0,1.32481,2.1168
85.139,85.139,3.88281,0.05,0,2.22299,2.47486,0,0.422834,4.47552,99.3022,98.274,4.11335,0,0,1.69278,1.44092,0,1.32481,2.1168
85.139,85.139,3.23763,0.05,0,2.20228,2.47564,0,0.416589,4.47552,99.3022,98.274,3.7189,0,0,1.71474,1.44137,0,1.30784,2.1168
85.139,85.139,2.93375,0.05,0,2.20352,2.47643,0,0.412707,4.47552,99.3022,98.274,3.31169,0,0,1.71474,1.44183,0,1.32481,2.1168
85.139,85.139,2.84772,0.04,0,2.20477,2.47722,0,0.41294,4.47552,99.3022,98.274,3.57297,0,0,1.71474,1.44229,0,1.32481,2.1168
85.139,85.139,2.73381,0.04,0,2.32357,2.59555,0,0.413174,4.47552,99.3022,98.274,3.36538,0,0,1.79274,1.52075,0,1.32481,2.1168
85.139,85.139,2.76449,0.04,0,2.40285,2.59638,0,0.435436,4.47552,99.3022,98.274,3.47776,0,0,1.71476,1.52124,0,1.38507,2.1168
84.9744,85.139,2.41078,0.03,0,2.40416,2.59721,0,0.450294,4.47552,99.3022,98.274,3.01079,0,0,1.71476,1.52172,0,1.32483,2.1168
84.5174,85.139,2.11192,0.04,0,2.40547,2.59803,0,0.45054,4.47552,99.3022,98.274,2.98676,0,0,1.71476,1.5222,0,1.32483,2.1168
83.883,85.139,1.9242,0.05,0,2.40678,2.59886,0,0.450785,4.47552,99.3022,98.274,2.74086,0,0,1.71476,1.52269,0,1.32483,2.1168
83.7366,85.139,2.46134,0.03,0,2.38481,2.5764,0,0.451031,4.47552,99.3022,98.274,4.07804,0,0,1.7577,1.56611,0,1.32483,2.1168
83.4468,85.139,2.32599,0.03,0,2.42905,2.57722,0,0.446913,4.47552,99.3022,98.274,3.94152,0,0,1.71478,1.56661,0,1.358,2.1168
83.0472,85.139,2.20263,0.03,0,2.43037,2.57804,0,0.455204,4.47552,99.3022,98.274,3.73745,0,0,1.71478,1.56711,0,1.32484,2.1168
82.4959,85.139,2.04404,0.03,0,2.43168,2.57886,0,0.455451,4.47552,99.3022,98.274,3.48461,0,0,1.71478,1.5676,0,1.32484,2.1168
81.7576,85.139,1.88331,0.03,0,2.49321,2.63988,0,0.455698,4.47552,99.3022,98.274,3.04465,0,0,1.7531,1.60642,0,1.32484,2.1168
80.7724,85.139,1.64728,0.03,0,2.53286,2.64072,0,0.467227,4.47552,99.3022,98.274,2.69307,0,0,1.71479,1.60693,0,1.35444,2.1168
79.6445,85.139,1.49495,0.03,0,2.53421,2.64156,0,0.474658,4.47552,99.3022,98.274,2.47425,0,0,1.71479,1.60744,0,1.32485,2.1168
78.3592,85.139,1.31432,0.03,0,2.53556,2.6424,0,0.474911,4.47552,99.3008,98.274,2.44936,0,0,1.71479,1.60795,0,1.32485,2.1168
76.8316,85.139,1.22286,0.04,0,2.71344,2.81977,0,0.475164,4.47552,99.2474,98.274,2.49913,0,0,1.85327,1.74694,0,1.32485,2.1168
75.6027,85.139,1.63837,0.04,0,2.82066,2.82066,0,0.508499,4.47552,99.3022,98.274,3.07349,0,0,1.7475,1.7475,0,1.43184,2.1168
74.2805,85.139,1.53461,0.04,0,2.82156,2.82156,0,0.528593,4.47552,99.3022,98.274,2.91917,0,0,1.74805,1.74805,0,1.35012,2.1168
73.3124,85.139,1.88311,0.04,0,2.82246,2.82246,0,0.52876,4.47552,99.3022,98.274,3.31175,0,0,1.74861,1.74861,0,1.35055,2.1168
72.0072,85.139,1.5312,0.06,0,2.82335,2.82335,0,0.528928,4.47552,99.3022,98.274,2.93171,0,0,1.74917,1.74917,0,1.35098,2.1168
71.6836,85.139,2.48454,0.06,0,2.73808,2.73808,0,0.529096,4.47552,99.3022,98.274,5.97493,0,0,1.66553,1.66553,0,1.35141,2.1168
71.5407,85.139,2.6722,0.05,0,2.6902,2.73895,0,0.513116,4.47552,99.3022,98.274,6.05042,0,0,1.71481,1.66606,0,1.28679,2.1168
71.5161,85.139,2.77572,0.05,0,2.6916,2.73982,0,0.504144,4.47552,99.3022,98.274,5.5206,0,0,1.71481,1.66659,0,1.32486,2.1168
71.0569,85.139,2.45528,0.05,0,2.693,2.74069,0,0.504406,4.47552,99.3022,98.274,5.71462,0,0,1.71481,1.66712,0,1.32486,2.1168
70.2194,85.139,2.06472,0.07,0,2.62358,2.67074,0,0.504668,4.47552,99.3022,98.274,4.67886,0,0,1.63808,1.59092,0,1.32486,2.1168
69.1251,85.139,1.67722,0.07,0,2.54823,2.67159,0,0.491659,4.47552,99.3022,98.274,3.17905,0,0,1.71479,1.59143,0,1.26558,2.1168
68.8996,85.139,2.58647,0.06,0,2.54958,2.67243,0,0.477538,4.47552,99.3022,98.274,3.91212,0,0,1.71479,1.59193,0,1.32484,2.1168
72.0875,85.139,6.24575,0.06,0,2.55093,2.67328,0,0.477791,4.47552,99.3022,98.274,9.44099,0,0,1.71479,1.59244,0,1.32484,2.1168
73.6387,85.139,4.33147,0.06,0,2.3509,2.47274,0,0.478045,4.47552,99.3022,98.274,6.08498,0,0,1.55478,1.43294,0,1.32484,2.1168
75.2687,85.139,4.24185,0.07,0,2.19218,2.47352,0,0.440558,4.47552,99.3022,98.274,5.10377,0,0,1.71473,1.43339,0,1.20122,2.1168
75.8714,85.139,3.20834,0.03,0,2.19342,2.47431,0,0.410815,4.47552,99.3022,98.274,4.20736,0,0,1.71473,1.43385,0,1.3248,2.1168
76.3224,85.139,3.1151,0.03,0,2.19466,2.47509,0,0.411047,4.47552,99.3022,98.274,4.81462,0,0,1.71474,1.4343,0,1.3248,2.1168
77.6436,85.139,3.92837,0.03,0,2.1959,2.47588,0,0.411279,4.47552,99.3022,98.274,5.52441,0,0,1.71474,1.43476,0,1.3248,2.1168
82.3199,85.139,7.93549,0.04,0,2.27471,2.55423,0,0.411512,4.47552,99.3022,98.274,10.041,0,0,1.76113,1.48161,0,1.3248,2.1168
85.139,85.139,10.5682,0.03,0,2.32235,2.55502,0,0.426281,4.47552,99.3022,98.274,12.3863,0,0,1.71473,1.48206,0,1.36065,2.1168
85.139,85.139,6.75887,0.02,0,2.32359,2.5558,0,0.435208,4.47552,99.3022,98.274,6.96247,0,0,1.71473,1.48252,0,1.3248,2.1168
85.139,85.139,5.4664,0.03,0,2.32483,2.55659,0,0.43544,4.47552,99.3022,98.274,4.76994,0,0,1.71473,1.48297,0,1.3248,2.1168
85.139,85.139,6.56651,0.03,0,2.5755,2.80681,0,0.435672,4.47552,99.3022,98.274,6.39398,0,0,1.88915,1.65785,0,1.3248,2.1168
85.139,85.139,6.64039,0.03,0,2.75124,2.80767,0,0.48265,4.47552,99.3022,98.274,8.29762,0,0,1.71479,1.65836,0,1.45956,2.1168
85.139,85.139,5.89125,0.04,0,2.75261,2.80853,0,0.515582,4.47552,99.3022,98.274,6.94656,0,0,1.71479,1.65887,0,1.32485,2.1168
85.139,85.139,8.71212,0.05,0,2.75398,2.80939,0,0.515839,4.47552,99.3022,98.274,10.7458,0,0,1.71479,1.65937,0,1.32485,2.1168
85.139,85.139,8.42848,0.05,0,2.39913,2.45404,0,0.516096,4.47552,99.3022,98.274,13.0106,0,0,1.48043,1.42552,0,1.32485,2.1168
85.139,85.139,5.53108,0.05,0,2.16603,2.45479,0,0.449597,4.47552,99.3022,98.274,5.98327,0,0,1.71472,1.42596,0,1.14378,2.1168
85.139,85.139,7.36558,0.05,0,2.16722,2.45554,0,0.405915,4.47552,99.3022,98.274,9.05609,0,0,1.71472,1.4264,0,1.32479,2.1168
85.139,85.139,9.5778,0.05,0,2.16841,2.4563,0,0.406138,4.47552,99.3022,98.274,11.9308,0,0,1.71472,1.42683,0,1.32479,2.1168
85.139,85.139,6.14127,0.05,0,2.1696,2.45705,0,0.406361,4.47552,99.3022,98.274,5.24622,0,0,1.71472,1.42727,0,1.32479,2.1168
85.139,85.139,4.62439,0.05,0,2.2606,2.54761,0,0.406584,4.47552,99.3022,98.274,7.93872,0,0,1.77214,1.48513,0,1.32479,2.1168
85.139,85.139,3.91993,0.05,0,2.31924,2.54839,0,0.423636,4.47552,99.3022,98.274,7.00732,0,0,1.71474,1.48559,0,1.36915,2.1168
85.139,85.139,3.43635,0.05,0,2.32047,2.54917,0,0.434625,4.47552,99.3022,98.274,6.68541,0,0,1.71474,1.48604,0,1.3248,2.1168
85.139,85.139,3.86494,0.05,0,2.32171,2.54995,0,0.434857,4.47552,99.3022,98.274,7.47602,0,0,1.71474,1.4865,0,1.3248,2.1168
85.0992,85.139,2.79137,0.05,0,2.28779,2.51557,0,0.435089,4.47552,99.3022,98.274,4.51424,0,0,1.69241,1.46462,0,1.3248,2.1168
84.4524,85.139,2.05819,0.07,0,2.26669,2.51635,0,0.428732,4.47552,99.3022,98.274,3.50889,0,0,1.71473,1.46507,0,1.30755,2.1168
84.6729,85.139,2.95449,0.07,0,2.26791,2.51712,0,0.424778,4.47552,99.3022,98.274,3.84616,0,0,1.71473,1.46552,0,1.3248,2.1168
84.2322,85.139,2.25152,0.07,0,2.26913,2.51789,0,0.425006,4.47552,99.2315,98.274,3.47734,0,0,1.71473,1.46597,0,1.3248,2.1168
83.3675,85.139,1.87008,0.07,0,2.38983,2.63814,0,0.425235,4.47552,99.1129,98.274,2.9553,0,0,1.79401,1.5457,0,1.3248,2.1168
82.4438,85.139,1.90321,0.07,0,2.47037,2.63895,0,0.447854,4.47552,99.3022,98.274,2.71721,0,0,1.71475,1.54618,0,1.38605,2.1168
81.6339,85.139,1.92474,0.07,0,2.47165,2.63975,0,0.462947,4.47552,99.1237,98.274,2.84493,0,0,1.71475,1.54665,0,1.32482,2.1168
80.6296,85.139,1.69513,0.05,0,2.47293,2.64056,0,0.463187,4.47552,99.0112,98.274,2.40205,0,0,1.71475,1.54712,0,1.32482,2.1168
79.5574,85.139,1.61179,0.05,0,2.47421,2.64137,0,0.463427,4.47552,99.032,98.274,2.09667,0,0,1.71475,1.5476,0,1.32482,2.1168
78.4347,85.139,1.54327,0.05,0,2.45183,2.61852,0,0.463668,4.47552,98.7654,98.274,2.08361,0,0,1.7584,1.59171,0,1.32482,2.1168
77.1765,85.139,1.43355,0.06,0,2.49675,2.61932,0,0.459474,4.47552,98.5279,98.274,1.8522,0,0,1.71477,1.5922,0,1.35854,2.1168
75.8369,85.139,1.31541,0.06,0,2.49804,2.62012,0,0.467891,4.47552,98.193,98.274,1.81163,0,0,1.71477,1.59269,0,1.32483,2.1168
74.4423,85.139,1.22936,0.05,0,2.49933,2.62092,0,0.468133,4.47552,97.6659,98.274,1.74492,0,0,1.71477,1.59318,0,1.32483,2.1168
72.9297,85.139,1.14198,0.04,0,2.56181,2.68291,0,0.468375,4.47552,97.0988,98.274,1.57068,0,0,1.75371,1.63261,0,1.32483,2.1168
71.4318,85.139,1.19878,0.05,0,2.60206,2.68373,0,0.480083,4.47552,96.5796,98.274,1.53288,0,0,1.71478,1.63311,0,1.35492,2.1168
69.8702,85.139,1.10241,0.06,0,2.60338,2.68455,0,0.487626,4.47552,95.8753,98.274,1.44817,0,0,1.71478,1.63361,0,1.32484,2.1168
68.2274,85.139,1.00361,0.05,0,2.6047,2.68538,0,0.487873,4.47552,95.392,98.274,1.27654,0,0,1.71478,1.63411,0,1.32484,2.1168
66.5808,85.139,1.12722,0.05,0,2.78542,2.8656,0,0.488121,4.47552,94.9119,98.274,1.68896,0,0,1.85551,1.77534,0,1.32484,2.1168
64.9099,85.139,1.13556,0.09,0,2.86648,2.86648,0,0.521988,4.47552,94.3762,98.274,1.84469,0,0,1.77588,1.77588,0,1.43357,2.1168
63.1687,85.139,1.0367,0.1,0,2.86735,2.86735,0,0.537178,4.47552,93.642,98.274,1.45003,0,0,1.77643,1.77643,0,1.37205,2.1168
61.0902,85.139,0.711137,0.1,0,2.86823,2.86823,0,0.537342,4.47552,92.8697,98.274,1.25599,0,0,1.77697,1.77697,0,1.37247,2.1168
58.981,85.139,0.681806,0.13,0,2.86911,2.86911,0,0.537506,4.47552,92.3025,98.274,1.27415,0,0,1.77751,1.77751,0,1.37289,2.1168
57.4419,85.139,1.14113,0.13,0,2.78242,2.78242,0,0.537671,4.47552,91.7414,98.274,1.56772,0,0,1.69251,1.69251,0,1.37331,2.1168
55.6702,85.139,0.912858,0.13,0,2.7615,2.78327,0,0.521425,4.47552,90.7683,98.274,1.33235,0,0,1.7148,1.69302,0,1.30763,2.1168
53.6531,85.139,0.604122,0.16,0,2.76287,2.78412,0,0.517505,4.47552,89.9927,98.274,0.88416,0,0,1.7148,1.69354,0,1.32485,2.1168
52.1269,85.139,1.12768,0.16,0,2.76424,2.78497,0,0.517761,4.47552,89.7645,98.274,1.32959,0,0,1.7148,1.69406,0,1.32485,2.1168
51.3725,85.139,1.893,0.14,0,2.69364,2.71386,0,0.518018,4.47552,89.2826,98.274,2.28244,0,0,1.63683,1.61661,0,1.32485,2.1168
50.6241,85.139,1.83844,0.15,0,2.61702,2.71469,0,0.504789,4.47552,88.4844,98.274,1.40552,0,0,1.71477,1.61711,0,1.26462,2.1168
49.5661,85.139,1.52798,0.17,0,2.61835,2.71552,0,0.49043,4.47552,88.2862,98.274,1.03571,0,0,1.71477,1.6176,0,1.32483,2.1168
49.2559,85.139,2.30424,0.16,0,2.61967,2.71635,0,0.490679,4.47552,88.3389,98.274,2.73232,0,0,1.71477,1.6181,0,1.32483,2.1168
52.2006,85.139,5.60298,0.16,0,2.41637,2.51255,0,0.490927,4.47552,89.2917,98.274,4.71366,0,0,1.55219,1.45601,0,1.32484,2.1168
52.1249,85.139,2.29846,0.15,0,2.25505,2.51332,0,0.452827,4.47552,89.1599,98.274,2.9727,0,0,1.71473,1.45645,0,1.19922,2.1168
53.2699,85.139,3.58356,0.16,0,2.25626,2.51409,0,0.422596,4.47552,88.8678,98.274,2.72673,0,0,1.71473,1.4569,0,1.3248,2.1168
54.7439,85.139,3.94463,0.16,0,2.25747,2.51486,0,0.422823,4.47552,88.8074,98.274,1.96957,0,0,1.71473,1.45734,0,1.3248,2.1168
56.4749,85.139,4.23399,0.17,0,2.25869,2.51562,0,0.423051,4.47552,89.3598,98.274,3.39052,0,0,1.71473,1.45779,0,1.3248,2.1168
56.6994,85.139,2.77184,0.17,0,2.33872,2.59521,0,0.423278,4.47552,89.6221,98.274,2.99515,0,0,1.76187,1.50538,0,1.3248,2.1168
58.5144,85.139,4.5405,0.19,0,2.38707,2.59597,0,0.438276,4.47552,89.8447,98.274,3.36354,0,0,1.71472,1.50582,0,1.36122,2.1168
61.8227,85.139,6.06647,0.15,0,2.38828,2.59674,0,0.447337,4.47552,91.0344,98.274,8.83115,0,0,1.71472,1.50627,0,1.3248,2.1168
64.9179,85.139,5.96534,0.16,0,2.38949,2.59751,0,0.447564,4.47552,92.0883,98.274,5.54116,0,0,1.71472,1.50671,0,1.3248,2.1168
66.2638,85.139,4.39169,0.14,0,2.64413,2.8517,0,0.447791,4.47552,93.5325,98.274,5.67791,0,0,1.89193,1.68436,0,1.3248,2.1168
68.2513,85.139,5.24159,0.14,0,2.82263,2.85254,0,0.495511,4.47552,94.816,98.274,6.96266,0,0,1.71478,1.68486,0,1.46171,2.1168
70.405,85.139,5.42076,0.1,0,2.82397,2.85339,0,0.528961,4.47552,96.0248,98.274,6.29794,0,0,1.71478,1.68536,0,1.32484,2.1168
71.7744,85.139,4.62325,0.11,0,2.82531,2.85423,0,0.529212,4.47552,97.4634,98.274,6.91932,0,0,1.71478,1.68586,0,1.32484,2.1168
74.673,85.139,5.89724,0.12,0,2.46475,2.49317,0,0.529463,4.47552,99.1105,98.274,7.81317,0,0,1.47668,1.44826,0,1.32484,2.1168
78.514,85.139,6.77057,0.08,0,2.22788,2.49391,0,0.461894,4.47552,99.3022,98.274,11.7207,0,0,1.71471,1.44868,0,1.14088,2.1168
80.9977,85.139,5.46886,0.08,0,2.22905,2.49464,0,0.417505,4.47552,99.3022,98.274,8.38822,0,0,1.71471,1.44911,0,1.32478,2.1168
81.924,85.139,3.82069,0.05,0,2.23021,2.49538,0,0.417723,4.47552,99.3022,98.274,6.6427,0,0,1.71471,1.44954,0,1.32478,2.1168
84.3176,85.139,5.26492,0.06,0,2.23137,2.49612,0,0.417941,4.47552,99.3022,98.274,8.16429,0,0,1.71471,1.44997,0,1.32478,2.1168
84.7975,85.139,3.32957,0.08,0,2.32377,2.58808,0,0.418159,4.47552,99.3022,98.274,5.55601,0,0,1.77304,1.50873,0,1.32478,2.1168
85.139,85.139,3.30632,0.1,0,2.38329,2.58884,0,0.435474,4.47552,99.3022,98.274,5.20549,0,0,1.71473,1.50917,0,1.36985,2.1168
84.9396,85.139,2.65184,0.05,0,2.3845,2.58961,0,0.446629,4.47552,99.3022,98.274,4.80568,0,0,1.71473,1.50962,0,1.3248,2.1168
84.8998,85.139,2.80711,0.1,0,2.38571,2.59037,0,0.446855,4.47552,99.3022,98.274,4.63169,0,0,1.71473,1.51006,0,1.3248,2.1168
84.7805,85.139,2.67417,0.1,0,2.3512,2.55542,0,0.447082,4.47552,99.3022,98.274,3.86224,0,0,1.69204,1.48782,0,1.3248,2.1168
84.399,85.139,2.34469,0.09,0,2.32972,2.55618,0,0.440616,4.47552,99.3022,98.274,2.90336,0,0,1.71472,1.48826,0,1.30727,2.1168
83.945,85.139,2.20543,0.07,0,2.33091,2.55693,0,0.43659,4.47552,99.3022,98.274,2.87037,0,0,1.71472,1.4887,0,1.32479,2.1168
83.4173,85.139,2.12439,0.07,0,2.33211,2.55768,0,0.436813,4.47552,99.3022,98.274,2.95907,0,0,1.71472,1.48914,0,1.32479,2.1168
82.8132,85.139,2.14846,0.07,0,2.45466,2.6798,0,0.437037,4.47552,99.3022,98.274,2.78831,0,0,1.79525,1.57011,0,1.32479,2.1168
81.8749,85.139,1.83977,0.07,0,2.53643,2.68059,0,0.460004,4.47552,99.3022,98.274,2.52405,0,0,1.71474,1.57058,0,1.38701,2.1168
80.8906,85.139,1.78251,0.07,0,2.53768,2.68138,0,0.475326,4.47552,99.2878,98.274,2.28294,0,0,1.71474,1.57104,0,1.32481,2.1168
79.7368,85.139,1.57671,0.07,0,2.53893,2.68217,0,0.475561,4.47552,99.1643,98.274,2.15808,0,0,1.71474,1.5715,0,1.32481,2.1168
78.537,85.139,1.49066,0.05,0,2.54019,2.68296,0,0.475796,4.47552,99.0746,98.274,2.05687,0,0,1.71474,1.57197,0,1.32481,2.1168
77.2493,85.139,1.38401,0.09,0,2.5174,2.65972,0,0.476031,4.47552,99.0511,98.274,2.44964,0,0,1.75907,1.61676,0,1.32481,2.1168
75.8316,85.139,1.28673,0.07,0,2.56298,2.6605,0,0.471761,4.47552,99.0762,98.274,2.5286,0,0,1.71476,1.61723,0,1.35906,2.1168
74.3129,85.139,1.17582,0.06,0,2.56424,2.66128,0,0.480302,4.47552,99.0831,98.274,2.47998,0,0,1.71476,1.61771,0,1.32482,2.1168
72.7022,85.139,1.06596,0.05,0,2.5655,2.66207,0,0.480538,4.47552,99.046,98.274,2.25563,0,0,1.71476,1.61819,0,1.32482,2.1168
71.0907,85.139,1.07222,0.07,0,2.62891,2.725,0,0.480775,4.47552,98.9076,98.274,2.27812,0,0,1.75431,1.65822,0,1.32482,2.1168
69.5636,85.139,1.18189,0.06,0,2.66974,2.7258,0,0.492657,4.47552,98.8677,98.274,2.38576,0,0,1.71477,1.6587,0,1.35538,2.1168
67.92,85.139,1.0506,0.07,0,2.67103,2.7266,0,0.500309,4.47552,98.7681,98.274,2.24108,0,0,1.71477,1.65919,0,1.32483,2.1168
66.1986,85.139,0.956505,0.11,0,2.67232,2.72741,0,0.500551,4.47552,98.6459,98.274,2.12863,0,0,1.71477,1.65968,0,1.32483,2.1168
64.2216,85.139,0.816691,0.11,0,2.85582,2.91042,0,0.500793,4.47552,98.4567,98.274,2.11011,0,0,1.8577,1.8031,0,1.32483,2.1168
62.2724,85.139,0.879444,0.1,0,2.91127,2.91127,0,0.53518,4.47552,98.2743,98.274,2.17303,0,0,1.80364,1.80364,0,1.43526,2.1168
60.4658,85.139,1.00954,0.17,0,2.91213,2.91213,0,0.545573,4.47552,98.1649,98.274,2.61432,0,0,1.80417,1.80417,0,1.39349,2.1168
58.4816,85.139,0.819075,0.15,0,2.91299,2.91299,0,0.545733,4.47552,97.9343,98.274,1.97809,0,0,1.8047,1.8047,0,1.3939,2.1168
56.6816,85.139,0.972524,0.15,0,2.91385,2.91385,0,0.545894,4.47552,98.0277,98.274,3.20108,0,0,1.80523,1.80523,0,1.39431,2.1168
54.8696,85.139,0.898212,0.19,0,2.82577,2.82577,0,0.546055,4.47552,97.969,98.274,2.70858,0,0,1.71888,1.71888,0,1.39472,2.1168
54.2702,85.139,2.13029,0.18,0,2.82661,2.82661,0,0.52955,4.47552,98.5417,98.274,5.73688,0,0,1.71938,1.71938,0,1.32801,2.1168
52.57,85.139,1.00561,0.18,0,2.82744,2.82744,0,0.529706,4.47552,98.5757,98.274,3.17482,0,0,1.71989,1.71989,0,1.3284,2.1168
51.0116,85.139,1.1047,0.18,0,2.82827,2.82827,0,0.529862,4.47552,98.7394,98.274,3.22362,0,0,1.7204,1.7204,0,1.32879,2.1168
51.2267,85.139,2.90868,0.21,0,2.75602,2.75602,0,0.530018,4.47552,99.3022,98.274,7.40875,0,0,1.64172,1.64172,0,1.32918,2.1168
50.7253,85.139,2.12801,0.16,0,2.68428,2.75683,0,0.516478,4.47552,99.3022,98.274,3.0433,0,0,1.71476,1.64221,0,1.2684,2.1168
50.3011,85.139,2.26241,0.2,0,2.68557,2.75764,0,0.503033,4.47552,99.2277,98.274,2.31265,0,0,1.71476,1.64269,0,1.32483,2.1168
50.2425,85.139,2.64038,0.19,0,2.68687,2.75845,0,0.503276,4.47552,99.3022,98.274,4.89335,0,0,1.71476,1.64317,0,1.32483,2.1168
54.5279,85.139,7.08176,0.18,0,2.48036,2.55146,0,0.503519,4.47552,99.3022,98.274,9.77005,0,0,1.54966,1.47856,0,1.32483,2.1168
55.7944,85.139,3.85267,0.17,0,2.31649,2.55221,0,0.464819,4.47552,99.3022,98.274,7.24183,0,0,1.71472,1.47899,0,1.19727,2.1168
57.0778,85.139,3.97206,0.17,0,2.31768,2.55296,0,0.43411,4.47552,99.3022,98.274,7.67524,0,0,1.71472,1.47943,0,1.32479,2.1168
58.1953,85.139,3.74509,0.15,0,2.31886,2.55371,0,0.434333,4.47552,99.3022,98.274,7.46123,0,0,1.71472,1.47986,0,1.32479,2.1168
59.2748,85.139,3.72708,0.16,0,2.32005,2.55447,0,0.434555,4.47552,99.3022,98.274,6.49201,0,0,1.71472,1.4803,0,1.32479,2.1168
60.9889,85.139,4.46766,0.17,0,2.40127,2.63525,0,0.434777,4.47552,99.3022,98.274,7.30003,0,1,1.76258,1.5286,0,1.32479,2.1168
62.2297,85.139,4.22985,0.18,0,2.45032,2.636,0,0.449998,4.47552,99.3022,98.274,6.24153,0,1,1.71471,1.52904,0,1.36177,2.1168
64.9889,85.139,5.64042,0.18,0,2.4515,2.63674,0,0.45919,4.47552,99.3022,98.274,7.98247,0,1,1.71471,1.52947,0,1.32479,2.1168
71.5058,85.139,9.97862,0.15,0,2.45268,2.63749,0,0.459411,4.47552,99.3022,98.274,13.6833,0,1,1.71471,1.5299,0,1.32479,2.1168
78.4516,85.139,10.8117,0.12,0,2.71119,2.89557,0,0.459633,4.47552,99.3022,98.274,10.0219,0,1,1.89465,1.71027,0,1.32479,2.1168
79.6566,85.139,4.71298,0.08,0,2.89238,2.89639,0,0.508077,4.47552,99.3022,98.274,8.11123,0,1,1.71477,1.71076,0,1.46381,2.1168
82.7202,85.139,6.7676,0.06,0,2.89369,2.89721,0,0.542032,4.47552,99.3022,98.274,7.35151,0,1,1.71477,1.71124,0,1.32483,2.1168
85.032,85.139,5.97895,0.06,0,2.89499,2.89803,0,0.542277,4.47552,99.3022,98.274,7.53366,0,1,1.71477,1.71173,0,1.32483,2.1168
85.139,85.139,7.35813,0.06,0,2.52885,2.5314,0,0.542522,4.47552,99.3022,98.274,7.59733,0,1,1.47302,1.47046,0,1.32483,2.1168
85.139,85.139,3.90682,0.04,0,2.28831,2.53212,0,0.473907,4.47552,99.3022,98.274,5.06739,0,1,1.7147,1.47088,0,1.13805,2.1168
85.139,85.139,4.06146,0.04,0,2.28944,2.53284,0,0.428829,4.47552,99.3022,98.274,5.38323,0,1,1.7147,1.4713,0,1.32477,2.1168
85.139,85.139,3.13774,0.04,0,2.29058,2.53356,0,0.429041,4.47552,99.3022,98.274,4.23265,0,1,1.7147,1.47172,0,1.32477,2.1168
85.139,85.139,3.79464,0.04,0,2.29171,2.53428,0,0.429254,4.47552,99.3022,98.274,4.61347,0,1,1.7147,1.47213,0,1.32477,2.1168
85.139,85.139,3.80732,0.05,0,2.38547,2.62762,0,0.429467,4.47552,99.3022,98.274,4.79743,0,1,1.77392,1.53177,0,1.32477,2.1168
85.139,85.139,5.04396,0.05,0,2.44586,2.62836,0,0.447037,4.47552,99.3022,98.274,5.65033,0,1,1.71471,1.53221,0,1.37053,2.1168
85.139,85.139,4.46259,0.06,0,2.44704,2.62911,0,0.458354,4.47552,99.3022,98.274,7.51365,0,1,1.71471,1.53264,0,1.32479,2.1168
85.139,85.139,3.61814,0.07,0,2.44822,2.62985,0,0.458575,4.47552,99.3022,98.274,6.73507,0,1,1.71471,1.53308,0,1.32479,2.1168
85.0766,85.139,2.9299,0.07,0,2.41314,2.59434,0,0.458796,4.47552,99.3022,98.274,5.63905,0,1,1.69169,1.51048,0,1.32479,2.1168
84.9885,85.139,2.79714,0.11,0,2.39128,2.59508,0,0.452222,4.47552,99.3022,98.274,5.21211,0,1,1.71471,1.51091,0,1.307,2.1168
84.5431,85.139,2.41699,0.11,0,2.39244,2.59581,0,0.448126,4.47552,99.3022,98.274,4.7195,0,1,1.71471,1.51134,0,1.32478,2.1168
84.1479,85.139,2.46872,0.09,0,2.39361,2.59655,0,0.448344,4.47552,99.3022,98.274,4.03692,0,1,1.71471,1.51177,0,1.32478,2.1168
83.7294,85.139,2.5024,0.08,0,2.51798,2.72049,0,0.448562,4.47552,99.3022,98.274,4.33242,0,1,1.79647,1.59395,0,1.32478,2.1168
83.0048,85.139,2.21631,0.08,0,2.60093,2.72126,0,0.471869,4.47552,99.3022,98.274,4.12948,0,1,1.71473,1.5944,0,1.38795,2.1168
82.2389,85.139,2.1679,0.08,0,2.60216,2.72203,0,0.487415,4.47552,99.3022,98.274,4.25874,0,1,1.71473,1.59486,0,1.3248,2.1168
81.3754,85.139,2.05487,0.08,0,2.60338,2.7228,0,0.487644,4.47552,99.3022,98.274,4.07359,0,1,1.71473,1.59531,0,1.3248,2.1168
80.4022,85.139,1.91846,0.06,0,2.6046,2.72357,0,0.487873,4.47552,99.3022,98.274,3.85592,0,1,1.71473,1.59576,0,1.3248,2.1168
80.0519,85.139,2.4965,0.06,0,2.58142,2.69995,0,0.488102,4.47552,99.3022,98.274,4.19151,0,1,1.75973,1.64121,0,1.3248,2.1168
79.9688,85.139,2.83043,0.05,0,2.62764,2.70071,0,0.483759,4.47552,99.3022,98.274,3.98317,0,1,1.71474,1.64168,0,1.35957,2.1168
79.673,85.139,2.58467,0.04,0,2.62887,2.70147,0,0.49242,4.47552,99.3022,98.274,3.81713,0,1,1.71474,1.64214,0,1.32481,2.1168
79.2666,85.139,2.43014,0.04,0,2.6301,2.70224,0,0.49265,4.47552,99.3022,98.274,3.68068,0,1,1.71474,1.6426,0,1.32481,2.1168
78.5668,85.139,2.18019,0.05,0,2.69441,2.76609,0,0.492881,4.47552,99.3022,98.274,3.47327,0,1,1.75489,1.68322,0,1.32481,2.1168
78.0443,85.139,2.40973,0.04,0,2.73581,2.76687,0,0.504933,4.47552,99.3022,98.274,3.43297,0,1,1.71476,1.6837,0,1.35583,2.1168
77.4076,85.139,2.27225,0.04,0,2.73707,2.76765,0,0.512691,4.47552,99.3022,98.274,3.51705,0,1,1.71476,1.68417,0,1.32482,2.1168
76.6364,85.139,2.12669,0.04,0,2.73833,2.76844,0,0.512927,4.47552,99.3022,98.274,3.21097,0,1,1.71476,1.68465,0,1.32482,2.1168
75.6889,85.139,2.08921,0.04,0,2.92453,2.95417,0,0.513163,4.47552,99.3022,98.274,3.46375,0,1,1.85984,1.83021,0,1.32482,2.1168
74.5127,85.139,1.86711,0.04,0,2.955,2.955,0,0.548058,4.47552,99.3022,98.274,3.42969,0,1,1.83073,1.83073,0,1.43691,2.1168
73.0118,85.139,1.52552,0.05,0,2.95584,2.95584,0,0.553767,4.47552,99.3022,98.274,3.07205,0,1,1.83124,1.83124,0,1.41442,2.1168
71.6429,85.139,1.64101,0.08,0,2.95667,2.95667,0,0.553924,4.47552,99.3022,98.274,3.11742,0,1,1.83176,1.83176,0,1.41482,2.1168
71.1005,85.139,2.54291,0.08,0,2.95751,2.95751,0,0.554081,4.47552,99.3022,98.274,3.68907,0,1,1.83228,1.83228,0,1.41522,2.1168
71.1545,85.139,3.08528,0.08,0,2.86809,2.86809,0,0.554238,4.47552,99.0619,98.274,3.36396,0,1,1.74462,1.74462,0,1.41562,2.1168
70.3249,85.139,2.19559,0.09,0,2.8689,2.8689,0,0.537479,4.47552,99.1716,98.274,2.15093,0,1,1.74511,1.74511,0,1.34789,2.1168
69.176,85.139,1.85628,0.09,0,2.86971,2.86971,0,0.537631,4.47552,99.0283,98.274,3.25323,0,1,1.7456,1.7456,0,1.34827,2.1168
67.7874,85.139,1.60659,0.09,0,2.87052,2.87052,0,0.537783,4.47552,98.6842,98.274,1.89155,0,1,1.7461,1.7461,0,1.34865,2.1168
66.5187,85.139,1.66575,0.11,0,2.79716,2.79716,0,0.537936,4.47552,98.3612,98.274,1.84204,0,1,1.66623,1.66623,0,1.34903,2.1168
64.893,85.139,1.17749,0.11,0,2.7499,2.79795,0,0.524188,4.47552,97.651,98.274,1.70284,0,1,1.71475,1.6667,0,1.28733,2.1168
63.1138,85.139,1.04832,0.12,0,2.75116,2.79874,0,0.515331,4.47552,97.4996,98.274,1.25751,0,1,1.71475,1.66717,0,1.32482,2.1168
61.6652,85.139,1.38425,0.12,0,2.75243,2.79953,0,0.515568,4.47552,97.583,98.274,2.89943,0,1,1.71475,1.66764,0,1.32482,2.1168
62.6032,85.139,3.7718,0.13,0,2.54279,2.58943,0,0.515805,4.47552,98.7003,98.274,5.56961,0,1,1.54719,1.50056,0,1.32482,2.1168
62.2691,85.139,2.28673,0.12,0,2.37644,2.59016,0,0.476519,4.47552,99.3022,98.274,4.72758,0,1,1.7147,1.50098,0,1.19536,2.1168
63.7771,85.139,4.35437,0.15,0,2.3776,2.59089,0,0.445345,4.47552,99.3022,98.274,7.64597,0,1,1.7147,1.50141,0,1.32478,2.1168
64.9069,85.139,3.83351,0.13,0,2.37875,2.59163,0,0.445562,4.47552,99.3022,98.274,6.58964,0,1,1.7147,1.50183,0,1.32478,2.1168
65.0191,85.139,2.90523,0.13,0,2.37991,2.59236,0,0.445779,4.47552,99.3022,98.274,3.94991,0,1,1.7147,1.50226,0,1.32478,2.1168
65.4976,85.139,3.42986,0.13,0,2.46229,2.67431,0,0.445996,4.47552,99.3022,98.274,4.8251,0,1,1.76328,1.55126,0,1.32478,2.1168
68.2453,85.139,5.69719,0.13,0,2.51202,2.67504,0,0.461433,4.47552,99.3022,98.274,7.52242,0,1,1.7147,1.55168,0,1.36231,2.1168
71.2107,85.139,6.00274,0.11,0,2.51317,2.67577,0,0.470752,4.47552,99.3022,98.274,7.22201,0,1,1.7147,1.55211,0,1.32478,2.1168
71.7985,85.139,3.45449,0.11,0,2.51432,2.6765,0,0.470968,4.47552,99.3022,98.274,5.33087,0,1,1.7147,1.55253,0,1.32478,2.1168
71.54,85.139,2.8455,0.11,0,2.7766,2.93835,0,0.471184,4.47552,99.3022,98.274,5.07253,0,1,1.8973,1.73555,0,1.32478,2.1168
74.9498,85.139,6.79101,0.11,0,2.93915,2.93915,0,0.520335,4.47552,99.3022,98.274,7.4496,0,1,1.73602,1.73602,0,1.46585,2.1168
75.6734,85.139,4.03342,0.08,0,2.93995,2.93995,0,0.550798,4.47552,99.3022,98.274,4.87063,0,1,1.73649,1.73649,0,1.34125,2.1168
75.2877,85.139,2.82342,0.08,0,2.94076,2.94076,0,0.550948,4.47552,99.3022,98.274,3.66019,0,1,1.73696,1.73696,0,1.34161,2.1168
76.134,85.139,3.79712,0.08,0,2.56869,2.56869,0,0.551098,4.47552,99.3022,98.274,5.60093,0,1,1.49213,1.49213,0,1.34198,2.1168
80.2235,85.139,7.04323,0.1,0,2.34724,2.56939,0,0.481373,4.47552,99.3022,98.274,14.4687,0,1,1.71469,1.49253,0,1.15282,2.1168
83.8435,85.139,6.58908,0.06,0,2.34835,2.57009,0,0.439873,4.47552,99.3022,98.274,11.4389,0,1,1.71469,1.49294,0,1.32477,2.1168
85.139,85.139,6.32998,0.08,0,2.34945,2.57079,0,0.44008,4.47552,99.3022,98.274,12.1138,0,1,1.71469,1.49334,0,1.32477,2.1168
85.139,85.139,11.0174,0.05,0,2.35056,2.57149,0,0.440287,4.47552,99.3022,98.274,21.1538,0,1,1.71469,1.49375,0,1.32477,2.1168
85.139,85.139,8.86454,0.05,0,2.44565,2.66617,0,0.440494,4.47552,99.3022,98.274,17.439,0,1,1.77478,1.55425,0,1.32477,2.1168
85.139,85.139,8.06074,0.06,0,2.50687,2.6669,0,0.458314,4.47552,99.3022,98.274,20.4208,0,1,1.7147,1.55467,0,1.3712,2.1168
85.139,85.139,5.62472,0.06,0,2.50802,2.66763,0,0.469788,4.47552,99.3022,98.274,9.29823,0,1,1.7147,1.5551,0,1.32478,2.1168
85.139,85.139,5.23356,0.06,0,2.50917,2.66835,0,0.470003,4.47552,99.3022,98.274,8.13675,0,1,1.7147,1.55552,0,1.32478,2.1168
85.139,85.139,4.85256,0.06,0,2.47353,2.63229,0,0.470218,4.47552,99.3022,98.274,6.75813,0,1,1.69134,1.53258,0,1.32478,2.1168
85.139,85.139,5.6151,0.06,0,2.45131,2.63301,0,0.46354,4.47552,99.3022,98.274,7.33145,0,1,1.7147,1.533,0,1.30673,2.1168
85.139,85.139,4.48459,0.06,0,2.45244,2.63372,0,0.459375,4.47552,99.3022,98.274,5.43347,0,1,1.7147,1.53341,0,1.32477,2.1168
85.139,85.139,4.53198,0.06,0,2.45357,2.63444,0,0.459587,4.47552,99.3022,98.274,5.30511,0,1,1.7147,1.53383,0,1.32477,2.1168
85.139,85.139,3.84386,0.06,0,2.57971,2.76016,0,0.4598,4.47552,99.3022,98.274,5.40714,0,1,1.79765,1.6172,0,1.32477,2.1168
85.139,85.139,3.6754,0.06,0,2.66383,2.76091,0,0.483438,4.47552,99.3022,98.274,5.25364,0,1,1.71472,1.61764,0,1.38886,2.1168
85.139,85.139,3.528,0.04,0,2.66502,2.76166,0,0.499201,4.47552,99.3022,98.274,4.24411,0,1,1.71472,1.61808,0,1.32479,2.1168
85.139,85.139,3.21347,0.04,0,2.66621,2.76241,0,0.499425,4.47552,99.3022,98.274,3.8541,0,1,1.71472,1.61852,0,1.32479,2.1168
84.9946,85.139,2.82121,0.04,0,2.6674,2.76316,0,0.499648,4.47552,99.3022,98.274,3.53669,0,1,1.71472,1.61896,0,1.32479,2.1168
84.5322,85.139,2.4224,0.04,0,2.64384,2.73916,0,0.499871,4.47552,99.3022,98.274,3.36112,0,1,1.76037,1.66505,0,1.32479,2.1168
83.7502,85.139,2.09195,0.04,0,2.69068,2.73991,0,0.495455,4.47552,99.3022,98.274,3.18047,0,1,1.71473,1.6655,0,1.36006,2.1168
82.838,85.139,1.95676,0.03,0,2.69187,2.74065,0,0.504233,4.47552,99.3022,98.274,3.07459,0,1,1.71473,1.66595,0,1.3248,2.1168
81.7567,85.139,1.78141,0.02,0,2.69307,2.7414,0,0.504457,4.47552,99.3022,98.274,2.92411,0,1,1.71473,1.66641,0,1.3248,2.1168
80.4823,85.139,1.61857,0.02,0,2.75827,2.80614,0,0.504682,4.47552,99.3022,98.274,2.69871,0,1,1.75546,1.70759,0,1.3248,2.1168
79.2831,85.139,1.70056,0.02,0,2.80021,2.8069,0,0.516899,4.47552,99.3022,98.274,2.92561,0,1,1.71474,1.70806,0,1.35627,2.1168
78.0619,85.139,1.66559,0.03,0,2.80144,2.80766,0,0.52476,4.47552,99.3022,98.274,2.97285,0,1,1.71474,1.70852,0,1.32481,2.1168
76.6424,85.139,1.45539,0.04,0,2.80267,2.80843,0,0.52499,4.47552,99.2838,98.274,2.75679,0,1,1.71474,1.70898,0,1.32481,2.1168
74.9667,85.139,1.34211,0.04,0,2.99151,2.9968,0,0.52522,4.47552,99.1596,98.274,2.64871,0,1,1.86192,1.85663,0,1.32481,2.1168
73.091,85.139,1.1051,0.04,0,2.99762,2.99762,0,0.560609,4.47552,99.0186,98.274,2.70004,0,1,1.85713,1.85713,0,1.43852,2.1168
71.0587,85.139,0.931371,0.06,0,2.99843,2.99843,0,0.561754,4.47552,98.8056,98.274,2.55607,0,1,1.85763,1.85763,0,1.43482,2.1168
69.1173,85.139,1.00376,0.07,0,2.99925,2.99925,0,0.561907,4.47552,98.6004,98.274,2.59334,0,1,1.85814,1.85814,0,1.43521,2.1168
67.6935,85.139,1.55445,0.07,0,3.00006,3.00006,0,0.562059,4.47552,98.5233,98.274,3.06824,0,1,1.85864,1.85864,0,1.4356,2.1168
66.8635,85.139,2.08092,0.1,0,2.90932,2.90932,0,0.562212,4.47552,98.7874,98.274,3.7505,0,1,1.7697,1.7697,0,1.43599,2.1168
65.5227,85.139,1.58324,0.1,0,2.91011,2.91011,0,0.545206,4.47552,99.2641,98.274,4.82962,0,1,1.77018,1.77018,0,1.36727,2.1168
65.3764,85.139,2.77657,0.1,0,2.9109,2.9109,0,0.545355,4.47552,99.3022,98.274,4.96047,0,1,1.77066,1.77066,0,1.36764,2.1168
64.0246,85.139,1.5736,0.1,0,2.91169,2.91169,0,0.545503,4.47552,99.3022,98.274,4.13524,0,1,1.77114,1.77114,0,1.36801,2.1168
62.9375,85.139,1.76369,0.1,0,2.83725,2.83725,0,0.545651,4.47552,99.3022,98.274,4.07777,0,1,1.69011,1.69011,0,1.36838,2.1168
61.8213,85.139,1.81614,0.1,0,2.81385,2.83802,0,0.5317,4.47552,99.3022,98.274,3.36611,0,1,1.71474,1.69057,0,1.30578,2.1168
61.124,85.139,2.24355,0.12,0,2.81508,2.83879,0,0.527315,4.47552,99.3022,98.274,2.72538,0,1,1.71474,1.69103,0,1.32481,2.1168
63.8435,85.139,5.82464,0.12,0,2.81631,2.83956,0,0.527545,4.47552,99.3022,98.274,8.2614,0,1,1.71474,1.69149,0,1.32481,2.1168
64.9903,85.139,4.04784,0.1,0,2.60363,2.62642,0,0.527776,4.47552,99.3022,98.274,5.51716,0,1,1.54479,1.522,0,1.32481,2.1168
68.4296,85.139,6.18719,0.1,0,2.43485,2.62713,0,0.48792,4.47552,99.3022,98.274,6.3525,0,1,1.71469,1.52241,0,1.1935,2.1168
74.5605,85.139,9.03133,0.09,0,2.43598,2.62785,0,0.456291,4.47552,99.3022,98.274,7.70525,0,1,1.71469,1.52282,0,1.32477,2.1168
76.5779,85.139,4.94293,0.06,0,2.4371,2.62856,0,0.456502,4.47552,99.3022,98.274,5.79443,0,1,1.71469,1.52324,0,1.32477,2.1168
78.7721,85.139,5.13048,0.07,0,2.43823,2.62927,0,0.456713,4.47552,99.3022,98.274,5.59999,0,1,1.71469,1.52365,0,1.32477,2.1168
80.6168,85.139,4.84379,0.07,0,2.43864,2.62927,0,0.456924,4.47552,99.3022,98.274,5.27777,0,1,1.71428,1.52365,0,1.32477,2.1168
85.139,85.139,12.8585,0.04,0.02,2.52173,2.71236,0,0.457002,4.47552,99.3022,98.274,9.09422,0,1,1.76396,1.57333,0,1.32445,2.1168
85.139,85.139,6.43409,0.03,0.02,2.57212,2.71307,0,0.472573,4.47552,99.3022,98.274,7.85634,0,1,1.71469,1.57374,0,1.36284,2.1168
85.139,85.139,5.92222,0.05,0.02,2.57324,2.71378,0,0.482016,4.47552,99.3022,98.274,8.78763,0,1,1.71469,1.57416,0,1.32477,2.1168
85.139,85.139,6.59919,0.05,0.02,2.57436,2.71449,0,0.482226,4.47552,99.3022,98.274,8.31205,0,1,1.71469,1.57457,0,1.32477,2.1168
85.139,85.139,5.19378,0.05,0.02,2.84032,2.98003,0,0.482436,4.47552,99.3022,98.274,5.37907,0,1,1.89988,1.76016,0,1.32477,2.1168
85.139,85.139,8.41017,0.05,0.02,2.98081,2.98081,0,0.532275,4.47552,99.3022,98.274,11.5457,0,1,1.76062,1.76062,0,1.46784,2.1168
85.139,85.139,7.32045,0.05,0.02,2.98159,2.98159,0,0.558604,4.47552,99.3022,98.274,8.90212,0,1,1.76108,1.76108,0,1.36026,2.1168
85.139,85.139,4.99035,0.04,0.02,2.98237,2.98237,0,0.558749,4.47552,99.3022,98.274,4.69575,0,1,1.76154,1.76154,0,1.36061,2.1168
84.8918,85.139,2.91772,0.04,0.02,2.60501,2.60501,0,0.558895,4.47552,99.3022,98.274,3.44496,0,1,1.51322,1.51322,0,1.36097,2.1168
85.139,85.139,4.11825,0.08,0.02,2.40463,2.60569,0,0.488179,4.47552,99.3022,98.274,4.33584,0,1,1.71468,1.51362,0,1.16912,2.1168
85.139,85.139,4.89317,0.05,0.02,2.40571,2.60637,0,0.450628,4.47552,99.3022,98.274,6.4673,0,1,1.71468,1.51401,0,1.32476,2.1168
85.139,85.139,4.55903,0.06,0.02,2.40678,2.60705,0,0.45083,4.47552,99.3022,98.274,6.17296,0,1,1.71468,1.51441,0,1.32476,2.1168
85.139,85.139,6.71663,0.06,0.02,2.40786,2.60773,0,0.451031,4.47552,99.3022,98.274,9.93355,0,1,1.71468,1.5148,0,1.32476,2.1168
85.139,85.139,7.00164,0.07,0.02,2.50424,2.70372,0,0.451233,4.47552,99.3022,98.274,10.0796,0,1,1.77562,1.57614,0,1.32476,2.1168
85.139,85.139,5.33813,0.07,0.02,2.56628,2.70443,0,0.469295,4.47552,99.3022,98.274,7.69442,0,1,1.71469,1.57655,0,1.37184,2.1168
85.139,85.139,4.33294,0.07,0.02,2.5674,2.70513,0,0.480922,4.47552,99.3022,98.274,6.18434,0,1,1.71469,1.57696,0,1.32477,2.1168
85.139,85.139,3.92817,0.06,0.02,2.56852,2.70584,0,0.481131,4.47552,99.3022,98.274,5.59378,0,1,1.71469,1.57737,0,1.32477,2.1168
85.139,85.139,4.18119,0.06,0.02,2.53233,2.66924,0,0.48134,4.47552,99.3022,98.274,5.81413,0,1,1.691,1.55409,0,1.32477,2.1168
85.139,85.139,3.75078,0.06,0.02,2.50975,2.66994,0,0.474559,4.47552,99.3022,98.274,5.43595,0,1,1.71469,1.5545,0,1.30647,2.1168
85.139,85.139,3.52967,0.06,0.02,2.51085,2.67063,0,0.470327,4.47552,99.3022,98.274,5.01331,0,1,1.71469,1.5549,0,1.32477,2.1168
85.139,85.139,3.32108,0.06,0.02,2.51195,2.67133,0,0.470533,4.47552,99.3022,98.274,4.76915,0,1,1.71469,1.55531,0,1.32477,2.1168
85.139,85.139,3.12101,0.06,0.02,2.63981,2.79878,0,0.47074,4.47552,99.3022,98.274,4.82001,0,1,1.7988,1.63982,0,1.32477,2.1168
85.139,85.139,3.06709,0.06,0.02,2.72505,2.79951,0,0.4947,4.47552,99.3022,98.274,4.38028,0,1,1.71471,1.64025,0,1.38975,2.1168
85.1267,85.139,2.93421,0.04,0.02,2.72621,2.80024,0,0.510675,4.47552,99.3022,98.274,4.33016,0,1,1.71471,1.64068,0,1.32478,2.1168
84.9904,85.139,2.80333,0.07,0.02,2.72737,2.80097,0,0.510892,4.47552,99.3022,98.274,4.54987,0,1,1.71471,1.64111,0,1.32478,2.1168
84.9376,85.139,2.9062,0.05,0.02,2.72853,2.8017,0,0.511109,4.47552,99.3022,98.274,4.57934,0,1,1.71471,1.64154,0,1.32478,2.1168
85.139,85.139,3.1329,0.04,0.02,2.70459,2.77733,0,0.511326,4.47552,99.3022,98.274,4.3007,0,1,1.761,1.68825,0,1.32478,2.1168
85.0875,85.139,2.88699,0.02,0.02,2.75203,2.77806,0,0.50684,4.47552,99.3022,98.274,4.09548,0,1,1.71472,1.68869,0,1.36055,2.1168
84.8598,85.139,2.69666,0.02,0.02,2.75319,2.77878,0,0.51573,4.47552,99.3022,98.274,3.69324,0,1,1.71472,1.68913,0,1.32479,2.1168
84.5542,85.139,2.60185,0.02,0.02,2.75436,2.77951,0,0.515949,4.47552,99.3022,98.274,3.51734,0,1,1.71472,1.68957,0,1.32479,2.1168
83.9529,85.139,2.34547,0.02,0.02,2.82041,2.84512,0,0.516167,4.47552,99.1702,98.274,2.95203,0,1,1.75602,1.73131,0,1.32479,2.1168
83.2593,85.139,2.26099,0.02,0.02,2.84586,2.84586,0,0.528545,4.47552,99.014,98.274,2.93496,0,1,1.73176,1.73176,0,1.3567,2.1168
82.3244,85.139,2.00923,0.02,0.02,2.8466,2.8466,0,0.533314,4.47552,98.8214,98.274,2.75437,0,1,1.73221,1.73221,0,1.33796,2.1168
81.2208,85.139,1.829,0.02,0.02,2.84734,2.84734,0,0.533453,4.47552,98.6141,98.274,2.60603,0,1,1.73266,1.73266,0,1.33831,2.1168
79.9077,85.139,1.74974,0.02,0.02,3.0383,3.0383,0,0.533592,4.47552,98.2847,98.274,2.67741,0,1,1.88233,1.88233,0,1.33866,2.1168
78.6432,85.139,1.79029,0.02,0.02,3.03909,3.03909,0,0.569377,4.47552,97.9034,98.274,2.69974,0,1,1.88282,1.88282,0,1.45429,2.1168
77.2951,85.139,1.68829,0.05,0.02,3.03988,3.03988,0,0.569525,4.47552,97.4859,98.274,2.53404,0,1,1.88331,1.88331,0,1.45467,2.1168
76.5622,85.139,2.30212,0.06,0.02,3.04067,3.04067,0,0.569674,4.47552,97.117,98.274,2.85951,0,1,1.8838,1.8838,0,1.45505,2.1168
76.4507,85.139,2.99448,0.06,0.02,3.04147,3.04147,0,0.569822,4.47552,96.8808,98.274,3.28791,0,1,1.88429,1.88429,0,1.45543,2.1168
75.8061,85.139,2.31958,0.06,0.02,2.94944,2.94944,0,0.569971,4.47552,96.7833,98.274,3.56163,0,1,1.7941,1.7941,0,1.45581,2.1168
75.42,85.139,2.62707,0.07,0.02,2.9502,2.9502,0,0.552724,4.47552,97.0009,98.274,4.90262,0,1,1.79457,1.79457,0,1.38612,2.1168
74.9139,85.139,2.52794,0.06,0.02,2.95097,2.95097,0,0.552868,4.47552,97.1912,98.274,4.65298,0,1,1.79504,1.79504,0,1.38648,2.1168
74.7113,85.139,2.93415,0.07,0.02,2.95174,2.95174,0,0.553012,4.47552,97.673,98.274,5.82616,0,1,1.7955,1.7955,0,1.38684,2.1168
74.218,85.139,2.65562,0.07,0.02,2.87624,2.87624,0,0.553157,4.47552,98.2044,98.274,5.27792,0,1,1.71334,1.71334,0,1.38721,2.1168
73.5044,85.139,2.43918,0.07,0.02,2.87605,2.87699,0,0.539008,4.47552,98.5585,98.274,4.33957,0,1,1.71473,1.71378,0,1.32373,2.1168
73.828,85.139,3.52325,0.1,0.02,2.87725,2.87774,0,0.538972,4.47552,99.3022,98.274,6.27529,0,1,1.71473,1.71423,0,1.3248,2.1168
75.3799,85.139,4.84537,0.08,0.02,2.87844,2.87849,0,0.539196,4.47552,99.3022,98.274,6.31471,0,1,1.71473,1.71468,0,1.3248,2.1168
75.9856,85.139,3.65266,0.08,0.02,2.6624,2.6624,0,0.53942,4.47552,99.3022,98.274,5.44904,0,1,1.54285,1.54285,0,1.3248,2.1168
77.4069,85.139,4.34192,0.08,0.02,2.49166,2.66309,0,0.498934,4.47552,99.3022,98.274,5.54818,0,1,1.71468,1.54325,0,1.192,2.1168
78.4634,85.139,3.99145,0.08,0.02,2.49276,2.66379,0,0.466937,4.47552,99.3022,98.274,4.87849,0,1,1.71468,1.54365,0,1.32476,2.1168
80.9273,85.139,5.4421,0.08,0.02,2.49385,2.66448,0,0.467142,4.47552,99.3022,98.274,6.98387,0,1,1.71468,1.54405,0,1.32476,2.1168
84.1278,85.139,6.2179,0.04,0.02,2.49495,2.66518,0,0.467348,4.47552,99.3022,98.274,7.89089,0,1,1.71468,1.54445,0,1.32476,2.1168
85.139,85.139,9.54675,0.06,0.02,2.57954,2.74937,0,0.467553,4.47552,99.3022,98.274,11.0695,0,1,1.76462,1.5948,0,1.32476,2.1168
85.139,85.139,6.7363,0.04,0.02,2.63057,2.75005,0,0.483406,4.47552,99.3022,98.274,7.10421,0,1,1.71468,1.5952,0,1.36335,2.1168
85.139,85.139,6.47224,0.06,0.02,2.63166,2.75074,0,0.492969,4.47552,99.3022,98.274,5.43055,0,1,1.71468,1.5956,0,1.32476,2.1168
85.139,85.139,5.07521,0.06,0.02,2.63275,2.75143,0,0.493173,4.47552,99.3022,98.274,4.45478,0,1,1.71468,1.596,0,1.32476,2.1168
85.139,85.139,6.56244,0.05,0.02,2.90227,3.02055,0,0.493377,4.47552,99.3022,98.274,6.99868,0,1,1.90238,1.7841,0,1.32476,2.1168
85.139,85.139,8.30602,0.05,0.02,3.02131,3.02131,0,0.543885,4.47552,99.3022,98.274,10.6552,0,1,1.78454,1.78454,0,1.46978,2.1168
85.139,85.139,7.99435,0.05,0.02,3.02206,3.02206,0,0.566193,4.47552,99.3022,98.274,11.9368,0,1,1.78499,1.78499,0,1.37874,2.1168
85.139,85.139,7.28455,0.05,0.02,3.02282,3.02282,0,0.566335,4.47552,99.3022,98.274,9.98212,0,1,1.78544,1.78544,0,1.37908,2.1168
85.139,85.139,9.87378,0.04,0.02,2.64032,2.64032,0,0.566477,4.47552,99.3022,98.274,12.6307,0,1,1.53373,1.53373,0,1.37943,2.1168
85.139,85.139,9.57115,0.06,0.02,2.46043,2.64098,0,0.494796,4.47552,99.3022,98.274,10.4784,0,1,1.71466,1.53411,0,1.18496,2.1168
85.139,85.139,12.9561,0.06,0.02,2.46147,2.64164,0,0.461085,4.47552,99.3022,98.274,16.4322,0,1,1.71466,1.5345,0,1.32475,2.1168
85.139,85.139,16.9266,0.08,0.02,2.46252,2.6423,0,0.46128,4.47552,99.3022,98.274,20.6091,0,1,1.71466,1.53488,0,1.32475,2.1168
85.139,85.139,10.7796,0.11,0.02,2.46356,2.64296,0,0.461476,4.47552,99.3022,98.274,10.6817,0,1,1.71466,1.53527,0,1.32475,2.1168
85.139,85.139,10.0478,0.11,0.02,2.5612,2.74021,0,0.461671,4.47552,99.3022,98.274,19.0898,0,1,1.77643,1.59741,0,1.32475,2.1168
85.139,85.139,9.40044,0.11,0.02,2.62403,2.7409,0,0.479969,4.47552,99.3022,98.274,15.0234,0,1,1.71468,1.59781,0,1.37247,2.1168
85.139,85.139,7.36736,0.1,0.02,2.62511,2.74158,0,0.491743,4.47552,99.3022,98.274,13.4845,0,1,1.71468,1.59821,0,1.32476,2.1168
85.139,85.139,6.78403,0.09,0.02,2.6262,2.74227,0,0.491946,4.47552,99.3022,98.274,12.2015,0,1,1.71468,1.59861,0,1.32476,2.1168
85.139,85.139,6.64953,0.08,0.02,2.58948,2.70515,0,0.49215,4.47552,99.3022,98.274,9.43707,0,1,1.69067,1.575,0,1.32476,2.1168
85.139,85.139,5.47969,0.07,0.02,2.56654,2.70582,0,0.485268,4.47552,99.3022,98.274,7.63274,0,1,1.71467,1.57539,0,1.30621,2.1168
85.139,85.139,4.53509,0.07,0.02,2.56761,2.7065,0,0.48097,4.47552,99.3022,98.274,6.67942,0,1,1.71467,1.57578,0,1.32476,2.1168
85.139,85.139,3.86727,0.07,0.02,2.56868,2.70718,0,0.48117,4.47552,99.3022,98.274,5.98529,0,1,1.71467,1.57618,0,1.32476,2.1168
85.139,85.139,3.79727,0.06,0.02,2.6982,2.83631,0,0.481371,4.47552,99.3022,98.274,5.42594,0,1,1.79991,1.66181,0,1.32476,2.1168
85.139,85.139,3.7833,0.06,0.02,2.78454,2.83701,0,0.505643,4.47552,99.3022,98.274,4.79737,0,1,1.7147,1.66223,0,1.39061,2.1168
85.139,85.139,3.71305,0.05,0.02,2.78567,2.83772,0,0.521824,4.47552,99.3022,98.274,4.83454,0,1,1.7147,1.66264,0,1.32477,2.1168
85.139,85.139,3.33369,0.04,0.02,2.78679,2.83843,0,0.522034,4.47552,99.3022,98.274,4.8728,0,1,1.7147,1.66306,0,1.32477,2.1168
85.139,85.139,3.32644,0.04,0.02,2.78792,2.83914,0,0.522245,4.47552,99.3022,98.274,4.77684,0,1,1.7147,1.66347,0,1.32477,2.1168
85.139,85.139,3.91211,0.03,0.02,2.76361,2.81442,0,0.522456,4.47552,99.3022,98.274,4.59769,0,1,1.7616,1.71079,0,1.32477,2.1168
85.139,85.139,3.69775,0.02,0.02,2.81163,2.81512,0,0.5179,4.47552,99.3022,98.274,4.43763,0,1,1.71471,1.71122,0,1.36101,2.1168
85.139,85.139,3.50726,0.02,0.02,2.81276,2.81582,0,0.5269,4.47552,99.3022,98.274,4.22554,0,1,1.71471,1.71165,0,1.32478,2.1168
85.139,85.139,3.2426,0.02,0.02,2.81389,2.81652,0,0.527112,4.47552,99.3022,98.274,3.93758,0,1,1.71471,1.71208,0,1.32478,2.1168
84.7637,85.139,2.72248,0.02,0.02,2.88077,2.88298,0,0.527324,4.47552,99.3022,98.274,3.14482,0,1,1.75655,1.75435,0,1.32478,2.1168
84.0029,85.139,2.2911,0.03,0.02,2.8837,2.8837,0,0.539857,4.47552,99.3022,98.274,2.77934,0,1,1.75479,1.75479,0,1.35711,2.1168
83.107,85.139,2.14434,0.04,0.02,2.88442,2.88442,0,0.540405,4.47552,99.2605,98.274,2.536,0,1,1.75523,1.75523,0,1.35575,2.1168
82.189,85.139,2.10657,0.04,0.02,2.88514,2.88514,0,0.54054,4.47552,99.2779,98.274,2.73721,0,1,1.75566,1.75566,0,1.35609,2.1168
81.0623,85.139,2.03426,0.04,0.02,3.07859,3.07859,0,0.540675,4.47552,99.2053,98.274,2.81863,1,1,1.90729,1.90729,0,1.35643,2.1168
79.2606,85.139,1.3226,0.04,0.02,3.07936,3.07936,0,0.576928,4.47552,98.9282,98.274,2.18855,1,1,1.90777,1.90777,0,1.47358,2.1168
77.344,85.139,1.18543,0.07,0.02,3.08013,3.08013,0,0.577072,4.47552,98.6154,98.274,2.03908,1,1,1.90825,1.90825,0,1.47394,2.1168
75.6559,85.139,1.40434,0.07,0.02,3.0809,3.0809,0,0.577216,4.47552,98.3403,98.274,2.21058,1,1,1.90872,1.90872,0,1.47431,2.1168
74.8871,85.139,2.39683,0.07,0.02,3.08167,3.08167,0,0.57736,4.47552,98.02,98.274,2.63156,1,1,1.9092,1.9092,0,1.47468,2.1168
72.8052,85.139,0.927835,0.07,0.02,2.98839,2.98839,0,0.577504,4.47552,97.3407,98.274,1.59903,0,1,1.81779,1.81779,0,1.47505,2.1168
70.7157,85.139,0.932573,0.1,0.02,2.98913,2.98913,0,0.560024,4.47552,96.9523,98.274,1.4813,0,1,1.81825,1.81825,0,1.40443,2.1168
69.0625,85.139,1.38189,0.1,0.02,2.98988,2.98988,0,0.560164,4.47552,96.6461,98.274,1.7787,0,1,1.8187,1.8187,0,1.40478,2.1168
67.8828,85.139,1.91256,0.1,0.02,2.99063,2.99063,0,0.560303,4.47552,96.5957,98.274,2.87952,0,1,1.81916,1.81916,0,1.40513,2.1168
66.3335,85.139,1.51983,0.12,0.02,2.9141,2.9141,0,0.560443,4.47552,96.6434,98.274,2.60032,0,1,1.73589,1.73589,0,1.40548,2.1168
64.3122,85.139,1.04944,0.12,0.02,2.91483,2.91483,0,0.546102,4.47552,96.6492,98.274,2.29601,0,1,1.73632,1.73632,0,1.34115,2.1168
63.7308,85.139,2.44932,0.12,0.02,2.91555,2.91555,0,0.546238,4.47552,97.0215,98.274,3.48594,0,1,1.73676,1.73676,0,1.34148,2.1168
65.6288,85.139,5.13137,0.12,0.02,2.91628,2.91628,0,0.546375,4.47552,98.0794,98.274,5.60526,0,1,1.73719,1.73719,0,1.34182,2.1168
65.5939,85.139,2.94252,0.12,0.02,2.69732,2.69732,0,0.546511,4.47552,98.7786,98.274,4.16771,0,1,1.56308,1.56308,0,1.34215,2.1168
65.2844,85.139,2.49828,0.13,0.02,2.5468,2.698,0,0.505478,4.47552,99.0471,98.274,3.59944,0,1,1.71467,1.56347,0,1.20764,2.1168
65.3752,85.139,2.94099,0.13,0.02,2.54786,2.69867,0,0.47727,4.47552,99.3022,98.274,4.0169,0,1,1.71467,1.56386,0,1.32475,2.1168
65.1634,85.139,2.61161,0.14,0.02,2.54893,2.69934,0,0.47747,4.47552,99.3022,98.274,3.35204,0,1,1.71467,1.56425,0,1.32475,2.1168
65.0992,85.139,2.73162,0.15,0.02,2.54999,2.70002,0,0.477669,4.47552,99.2852,98.274,3.48955,0,1,1.71467,1.56464,0,1.32475,2.1168
66.4485,85.139,4.15159,0.15,0.02,2.48288,2.78528,0,0.477868,4.47552,99.0277,98.274,3.48547,0,1,1.91803,1.61563,0,1.32475,3.38688
68.6224,85.139,5.00474,0.15,0.02,2.48354,2.78594,0,0.465291,4.47552,98.8398,98.274,3.56415,0,1,1.91842,1.61602,0,1.48187,3.38688
70.0604,85.139,4.31317,0.13,0.02,2.48421,2.78661,0,0.465416,4.47552,99.3022,98.274,2.69923,0,1,1.9188,1.6164,0,1.48217,3.38688
73.6657,85.139,6.50432,0.12,0.02,2.48488,2.78728,0,0.465541,4.47552,99.3022,98.274,6.05528,0,1,1.91919,1.61679,0,1.48247,3.38688
78.3591,85.139,7.92027,0.13,0.02,2.75747,3.05987,0,0.465666,4.47552,99.3022,98.274,5.6312,0,1,2.10972,1.80732,0,1.48277,3.38688
82.7888,85.139,7.68185,0.11,0.02,2.75821,3.06061,0,0.516751,4.47552,99.3022,98.274,5.43935,0,1,2.11015,1.80775,0,1.62997,3.38688
85.139,85.139,6.54826,0.09,0.02,2.75894,3.06134,0,0.516888,4.47552,99.3022,98.274,6.08515,0,1,2.11059,1.80819,0,1.6303,3.38688
85.139,85.139,9.28633,0.06,0.02,2.75967,3.06207,0,0.517025,4.47552,99.3022,98.274,6.18431,0,1,2.11102,1.80862,0,1.63064,3.38688
85.139,85.139,10.3995,0.06,0.02,2.37217,2.67457,0,0.517162,4.47552,99.3022,98.274,8.37211,0,1,1.85603,1.55363,0,1.63097,3.38688
85.139,85.139,9.55437,0.07,0.02,2.37281,2.67521,0,0.444545,4.47552,99.3022,98.274,8.82633,0,1,1.8564,1.554,0,1.43397,3.38688
85.139,85.139,11.8846,0.11,0.02,2.37345,2.67585,0,0.444665,4.47552,99.3022,98.274,12.8302,0,1,1.85677,1.55437,0,1.43426,3.38688
85.139,85.139,9.66227,0.11,0.02,2.37409,2.67649,0,0.444785,4.47552,99.3022,98.274,9.84633,0,1,1.85714,1.55474,0,1.43454,3.38688
85.139,85.139,9.27738,0.11,0.02,2.37473,2.67713,0,0.444905,4.47552,99.3022,98.274,8.39507,0,1,1.85752,1.55512,0,1.43483,3.38688
85.139,85.139,11.4298,0.11,0.02,2.47321,2.77561,0,0.445025,4.47552,99.3022,98.274,13.1316,0,1,1.92045,1.61805,0,1.43512,3.38688
85.139,85.139,8.71808,0.11,0.02,2.47388,2.77628,0,0.46348,4.47552,99.3022,98.274,10.3118,0,1,1.92084,1.61844,0,1.48374,3.38688
85.139,85.139,7.0787,0.11,0.02,2.47454,2.77694,0,0.463605,4.47552,99.3022,98.274,8.22952,0,1,1.92122,1.61882,0,1.48404,3.38688
85.139,85.139,6.41775,0.1,0.02,2.4752,2.7776,0,0.463729,4.47552,99.3022,98.274,7.35433,0,1,1.92161,1.61921,0,1.48434,3.38688
85.139,85.139,6.08066,0.1,0.02,2.43758,2.73998,0,0.463853,4.47552,99.3022,98.274,5.64043,0,1,1.89768,1.59528,0,1.48464,3.38688
85.139,85.139,5.02409,0.08,0.02,2.43823,2.74063,0,0.456802,4.47552,99.3022,98.274,4.11668,0,1,1.89806,1.59566,0,1.46614,3.38688
85.139,85.139,4.37848,0.07,0.02,2.43889,2.74129,0,0.456925,4.47552,99.3022,98.274,3.80167,0,1,1.89844,1.59604,0,1.46644,3.38688
85.139,85.139,3.9148,0.07,0.02,2.43954,2.74194,0,0.457048,4.47552,99.3022,98.274,3.34217,0,1,1.89882,1.59642,0,1.46673,3.38688
85.139,85.139,3.69787,0.07,0.02,2.5703,2.8727,0,0.45717,4.47552,99.3022,98.274,3.0407,0,1,1.98553,1.68313,0,1.46703,3.38688
85.139,85.139,3.85847,0.07,0.02,2.57099,2.87339,0,0.481674,4.47552,99.3022,98.274,3.27843,0,1,1.98594,1.68354,0,1.53402,3.38688
85.139,85.139,3.59928,0.06,0.02,2.57167,2.87407,0,0.481803,4.47552,99.1985,98.274,2.99393,0,1,1.98634,1.68394,0,1.53433,3.38688
85.139,85.139,3.27354,0.04,0.02,2.57236,2.87476,0,0.481931,4.47552,99.1364,98.274,2.50218,0,1,1.98674,1.68434,0,1.53464,3.38688
85.139,85.139,3.18155,0.04,0.02,2.57305,2.87545,0,0.48206,4.47552,99.1559,98.274,2.24863,0,1,1.98714,1.68474,0,1.53496,3.38688
85.0977,85.139,2.73331,0.03,0.02,2.54797,2.85037,0,0.482189,4.47552,99.1263,98.274,2.61219,0,1,2.03505,1.73265,0,1.53527,3.38688
84.8461,85.139,2.52108,0.05,0.02,2.54865,2.85105,0,0.47749,4.47552,99.0719,98.274,2.5898,0,1,2.03547,1.73307,0,1.57228,3.38688
84.3814,85.139,2.30173,0.04,0.02,2.54934,2.85174,0,0.477618,4.47552,98.9634,98.274,2.31686,0,1,2.03588,1.73348,0,1.5726,3.38688
83.7585,85.139,2.1121,0.04,0.02,2.55002,2.85242,0,0.477746,4.47552,98.6264,98.274,2.26731,0,1,2.03629,1.73389,0,1.57292,3.38688
82.9346,85.139,1.92637,0.04,0.02,2.61728,2.91968,0,0.477873,4.47552,98.2914,98.274,1.92805,0,1,2.07909,1.77669,0,1.57324,3.38688
82.256,85.139,2.09659,0.04,0.02,2.61798,2.92038,0,0.490479,4.47552,98.1313,98.274,2.20907,0,1,2.07951,1.77711,0,1.6063,3.38688
81.404,85.139,1.89478,0.04,0.02,2.61868,2.92108,0,0.49061,4.47552,97.6279,98.274,2.08477,0,1,2.07994,1.77754,0,1.60663,3.38688
80.3941,85.139,1.72568,0.04,0.02,2.61938,2.92178,0,0.490741,4.47552,97.3398,98.274,1.82445,0,1,2.08036,1.77796,0,1.60696,3.38688
79.0396,85.139,1.77963,0.04,0.02,3.11766,3.11766,0,0.490871,4.47552,96.8462,98.274,2.20306,1,1,1.9315,1.9315,0,1.60729,3.38688
77.136,85.139,1.18628,0.07,0.02,3.1184,3.1184,0,0.584249,4.47552,96.3447,98.274,1.61832,1,1,1.93196,1.93196,0,1.49227,3.38688
75.3411,85.139,1.27933,0.07,0.02,3.11914,3.11914,0,0.584388,4.47552,96.0302,98.274,1.6399,1,1,1.93242,1.93242,0,1.49263,3.38688
74.2045,85.139,1.98076,0.07,0.02,3.11989,3.11989,0,0.584528,4.47552,95.792,98.274,1.94841,1,1,1.93288,1.93288,0,1.49299,3.38688
73.7372,85.139,2.6735,0.08,0.02,3.12064,3.12064,0,0.584667,4.47552,95.6453,98.274,2.16685,1,1,1.93334,1.93334,0,1.49334,3.38688
72.3657,85.139,1.39884,0.12,0.02,2.72374,3.02614,0,0.584807,4.47552,95.1424,98.274,1.78526,0,1,2.14316,1.84076,0,1.4937,3.38688
70.9509,85.139,1.34975,0.12,0.02,2.72447,3.02687,0,0.510429,4.47552,94.7627,98.274,1.83152,0,1,2.1436,1.8412,0,1.65581,3.38688
69.6433,85.139,1.46546,0.11,0.02,2.72519,3.02759,0,0.510565,4.47552,94.4634,98.274,1.95553,0,1,2.14404,1.84164,0,1.65615,3.38688
68.4672,85.139,1.66824,0.11,0.02,2.72591,3.02831,0,0.5107,4.47552,94.422,98.274,2.56639,0,1,2.14448,1.84208,0,1.65648,3.38688
68.719,85.139,3.14205,0.11,0.02,2.64839,2.95079,0,0.510836,4.47552,94.57,98.274,3.03084,0,1,2.06014,1.75774,0,1.65682,3.38688
70.5595,85.139,4.88901,0.11,0.02,2.64909,2.95149,0,0.496308,4.47552,95.9237,98.274,5.5076,0,1,2.06056,1.75816,0,1.59167,3.38688
73.9204,85.139,6.40241,0.1,0.02,2.6498,2.9522,0,0.49644,4.47552,97.0228,98.274,5.87524,0,1,2.06098,1.75858,0,1.59199,3.38688
76.1446,85.139,5.34819,0.1,0.02,2.6505,2.9529,0,0.496572,4.47552,97.4016,98.274,3.91956,0,1,2.0614,1.759,0,1.59232,3.38688
78.6375,85.139,5.45375,0.1,0.02,2.42877,2.73117,0,0.496704,4.47552,98.4962,98.274,5.41936,0,1,1.8851,1.5827,0,1.59264,3.38688
78.95,85.139,3.15626,0.1,0.02,2.42942,2.73182,0,0.455151,4.47552,99.3022,98.274,5.37686,0,1,1.88547,1.58307,0,1.45642,3.38688
79.7819,85.139,3.79839,0.1,0.02,2.43007,2.73247,0,0.455273,4.47552,99.3022,98.274,5.64237,0,1,1.88585,1.58345,0,1.45672,3.38688
80.7023,85.139,3.86361,0.07,0.02,2.43072,2.73312,0,0.455395,4.47552,99.3022,98.274,5.62869,0,1,1.88623,1.58383,0,1.45701,3.38688
83.1349,85.139,5.65653,0.07,0.02,2.43137,2.73377,0,0.455517,4.47552,99.3022,98.274,9.43252,0,1,1.88661,1.58421,0,1.4573,3.38688
85.139,85.139,7.2918,0.09,0.02,2.51767,2.82007,0,0.45564,4.47552,99.3022,98.274,7.30826,0,0,1.93821,1.63581,0,1.45759,3.38688
85.139,85.139,8.61359,0.06,0.02,2.51832,2.82072,0,0.471812,4.47552,99.3022,98.274,7.78278,0,0,1.93859,1.63619,0,1.49746,3.38688
85.139,85.139,7.47753,0.07,0.02,2.51896,2.82136,0,0.471933,4.47552,99.3022,98.274,6.51932,0,0,1.93896,1.63656,0,1.49775,3.38688
85.139,85.139,12.7727,0.07,0.02,2.51961,2.82201,0,0.472054,4.47552,99.3022,98.274,8.51965,0,0,1.93933,1.63693,0,1.49804,3.38688
85.139,85.139,10.1954,0.12,0.02,2.79557,3.09797,0,0.472174,4.47552,99.3022,98.274,8.97959,0,0,2.13222,1.82982,0,1.49833,3.38688
85.139,85.139,6.15452,0.13,0.02,2.79628,3.09868,0,0.523889,4.47552,99.3022,98.274,8.55244,0,0,2.13264,1.83024,0,1.64735,3.38688
85.139,85.139,6.3646,0.13,0.02,2.79698,3.09938,0,0.524022,4.47552,99.3022,98.274,8.5379,0,0,2.13306,1.83066,0,1.64768,3.38688
85.139,85.139,7.86424,0.12,0.02,2.79769,3.10009,0,0.524155,4.47552,99.3022,98.274,9.42513,0,0,2.13348,1.83108,0,1.648,3.38688
85.139,85.139,6.89771,0.12,0.02,2.40536,2.70776,0,0.524288,4.47552,99.3022,98.274,7.89048,0,0,1.8753,1.5729,0,1.64832,3.38688
85.139,85.139,6.6104,0.12,0.02,2.40597,2.70837,0,0.450764,4.47552,99.3022,98.274,7.27429,0,0,1.87566,1.57326,0,1.44886,3.38688
85.139,85.139,5.96272,0.12,0.02,2.40659,2.70899,0,0.45088,4.47552,99.3022,98.274,5.73734,0,0,1.87602,1.57362,0,1.44914,3.38688
85.139,85.139,8.09723,0.12,0.02,2.40721,2.70961,0,0.450996,4.47552,99.3022,98.274,9.04989,0,0,1.87638,1.57398,0,1.44942,3.38688
85.139,85.139,10.5883,0.12,0.02,2.40783,2.71023,0,0.451112,4.47552,99.3022,98.274,11.2619,0,0,1.87674,1.57434,0,1.44969,3.38688
85.139,85.139,9.40696,0.12,0.02,2.5075,2.8099,0,0.451228,4.47552,99.3022,98.274,15.0816,0,0,1.94044,1.63804,0,1.44997,3.38688
85.139,85.139,8.05765,0.11,0.02,2.50814,2.81054,0,0.469906,4.47552,99.3022,98.274,15.6008,0,0,1.94081,1.63841,0,1.49918,3.38688
85.139,85.139,6.10168,0.11,0.02,2.50878,2.81118,0,0.470026,4.47552,99.3022,98.274,10.9702,0,0,1.94118,1.63878,0,1.49947,3.38688
85.139,85.139,5.77251,0.11,0.02,2.50943,2.81183,0,0.470146,4.47552,99.3022,98.274,10.1102,0,0,1.94156,1.63916,0,1.49976,3.38688
85.139,85.139,5.74505,0.11,0.02,2.47131,2.77371,0,0.470267,4.47552,99.3022,98.274,8.73924,0,0,1.91731,1.61491,0,1.50005,3.38688
85.139,85.139,5.24924,0.09,0.02,2.47194,2.77434,0,0.463123,4.47552,99.3022,98.274,6.89891,0,0,1.91768,1.61528,0,1.48132,3.38688
85.139,85.139,5.14007,0.08,0.02,2.47257,2.77497,0,0.463242,4.47552,99.3022,98.274,7.69468,0,0,1.91805,1.61565,0,1.4816,3.38688
85.139,85.139,5.42206,0.07,0.02,2.47321,2.77561,0,0.46336,4.47552,99.3022,98.274,8.33606,0,0,1.91842,1.61602,0,1.48189,3.38688
85.139,85.139,4.39299,0.07,0.02,2.60554,2.90794,0,0.463479,4.47552,99.3022,98.274,7.30833,0,0,2.00618,1.70378,0,1.48217,3.38688
85.139,85.139,4.84206,0.07,0.02,2.6062,2.9086,0,0.488278,4.47552,99.3022,98.274,5.90366,0,0,2.00657,1.70417,0,1.54997,3.38688
85.139,85.139,4.5152,0.07,0.02,2.60687,2.90927,0,0.488402,4.47552,99.3022,98.274,5.63761,0,0,2.00696,1.70456,0,1.55028,3.38688
85.139,85.139,4.13692,0.05,0.02,2.60753,2.90993,0,0.488527,4.47552,99.3022,98.274,4.69809,0,0,2.00735,1.70495,0,1.55058,3.38688
85.139,85.139,4.022,0.04,0.02,2.6082,2.9106,0,0.488651,4.47552,99.3022,98.274,6.0898,0,0,2.00774,1.70534,0,1.55088,3.38688
85.139,85.139,3.42675,0.03,0.02,2.58279,2.88519,0,0.488776,4.47552,99.3022,98.274,5.27428,0,0,2.05621,1.75381,0,1.55118,3.38688
85.139,85.139,3.22399,0.03,0.02,2.58345,2.88585,0,0.484014,4.47552,99.3022,98.274,4.88249,0,0,2.05661,1.75421,0,1.58863,3.38688
85.139,85.139,3.10599,0.02,0.02,2.58411,2.88651,0,0.484138,4.47552,99.3022,98.274,4.67672,0,0,2.05701,1.75461,0,1.58894,3.38688
85.139,85.139,3.33303,0.02,0.02,2.58476,2.88716,0,0.484261,4.47552,99.3022,98.274,5.23474,0,0,2.05741,1.75501,0,1.58925,3.38688
85.139,85.139,2.89896,0.02,0.02,2.65282,2.95522,0,0.484385,4.47552,99.3022,98.274,4.52183,0,0,2.10071,1.79831,0,1.58956,3.38688
85.0348,85.139,2.7918,0.02,0.02,2.65349,2.95589,0,0.497138,4.47552,99.3022,98.274,4.41332,0,0,2.10112,1.79872,0,1.62301,3.38688
84.7239,85.139,2.55135,0.05,0.02,2.65417,2.95657,0,0.497265,4.47552,99.3022,98.274,4.35502,0,0,2.10153,1.79913,0,1.62333,3.38688
84.2118,85.139,2.34153,0.05,0.02,2.65484,2.95724,0,0.497391,4.47552,99.3022,98.274,3.81376,0,0,2.10194,1.79954,0,1.62364,3.38688
83.6685,85.139,2.46284,0.06,0.02,2.85307,3.15547,0,0.497518,4.47552,99.3022,98.274,4.57667,0,0,2.25732,1.95492,0,1.62396,3.38688
83.0261,85.139,2.39714,0.06,0.02,2.85379,3.15619,0,0.534665,4.47552,99.1057,98.274,3.253,0,0,2.25777,1.95537,0,1.74401,3.38688
82.6078,85.139,2.65581,0.06,0.02,2.85451,3.15691,0,0.5348,4.47552,99.0973,98.274,3.97533,0,0,2.25821,1.95581,0,1.74435,3.38688
81.703,85.139,2.16327,0.07,0.02,2.85523,3.15763,0,0.534935,4.47552,98.816,98.274,2.83552,0,0,2.25866,1.95626,0,1.7447,3.38688
81.2931,85.139,2.63865,0.07,0.02,2.85595,3.15835,0,0.53507,4.47552,99.0411,98.274,5.11347,0,0,2.25911,1.95671,0,1.74504,3.38688
80.9326,85.139,2.56424,0.07,0.02,2.76028,3.06268,0,0.535205,4.47552,99.1942,98.274,4.141,0,0,2.16539,1.86299,0,1.74539,3.38688
81.0705,85.139,3.10835,0.07,0.02,2.76098,3.06338,0,0.517277,4.47552,99.3022,98.274,5.48939,0,0,2.16581,1.86341,0,1.67298,3.38688
81.0137,85.139,2.94044,0.07,0.02,2.76168,3.06408,0,0.517408,4.47552,99.3022,98.274,5.68522,0,0,2.16624,1.86384,0,1.67331,3.38688
81.2743,85.139,3.31946,0.07,0.02,2.76238,3.06478,0,0.517539,4.47552,99.3022,98.274,6.43775,0,0,2.16666,1.86426,0,1.67363,3.38688
81.4919,85.139,3.39465,0.09,0.02,2.68389,2.98629,0,0.51767,4.47552,99.3022,98.274,6.60919,0,0,2.08129,1.77889,0,1.67396,3.38688
81.1604,85.139,2.7074,0.09,0.02,2.68457,2.98697,0,0.502961,4.47552,99.3022,98.274,5.21553,0,0,2.0817,1.7793,0,1.60801,3.38688
79.9234,85.139,1.74714,0.09,0.02,2.68525,2.98765,0,0.503089,4.47552,99.3022,98.274,4.35123,0,0,2.08211,1.77971,0,1.60832,3.38688
80.1841,85.139,3.48575,0.09,0.02,2.68594,2.98834,0,0.503217,4.47552,99.3022,98.274,4.84438,0,0,2.08251,1.78011,0,1.60863,3.38688
82.6475,85.139,5.57486,0.09,0.02,2.46151,2.76391,0,0.503344,4.47552,99.3022,98.274,4.84206,0,0,1.90407,1.60167,0,1.60895,3.38688
81.362,85.139,1.56569,0.09,0.02,2.46214,2.76454,0,0.461287,4.47552,99.3022,98.274,2.7417,0,0,1.90444,1.60204,0,1.47109,3.38688
81.7161,85.139,3.34364,0.09,0.02,2.46277,2.76517,0,0.461405,4.47552,99.3022,98.274,4.52333,0,0,1.9048,1.6024,0,1.47137,3.38688
81.6214,85.139,2.8722,0.1,0.02,2.4634,2.7658,0,0.461523,4.47552,99.3022,98.274,3.61642,0,0,1.90517,1.60277,0,1.47165,3.38688
82.9319,85.139,4.3262,0.1,0.02,2.46403,2.76643,0,0.461642,4.47552,99.3022,98.274,6.15079,0,0,1.90553,1.60313,0,1.47193,3.38688
85.139,85.139,5.5523,0.09,0.04,2.55133,2.85373,0,0.46176,4.47552,99.3022,98.274,6.79378,0,0,1.95774,1.65534,0,1.47221,3.38688
85.139,85.139,6.68829,0.07,0.04,2.55196,2.85436,0,0.47812,4.47552,99.3022,98.274,8.81992,0,0,1.9581,1.6557,0,1.51255,3.38688
85.139,85.139,11.7158,0.07,0.04,2.55258,2.85498,0,0.478237,4.47552,99.3022,98.274,11.5544,0,0,1.95846,1.65606,0,1.51283,3.38688
85.139,85.139,14.083,0.09,0.04,2.55321,2.85561,0,0.478354,4.47552,99.3022,98.274,12.3057,0,0,1.95882,1.65642,0,1.51311,3.38688
85.139,85.139,7.41112,0.15,0.04,2.83242,3.13482,0,0.478471,4.47552,99.3022,98.274,7.32956,0,0,2.15399,1.85159,0,1.51339,3.38688
85.139,85.139,6.45616,0.15,0.04,2.83311,3.13551,0,0.530796,4.47552,99.3022,98.274,8.44305,0,0,2.15439,1.85199,0,1.66417,3.38688
85.139,85.139,6.21184,0.15,0.04,2.83379,3.13619,0,0.530925,4.47552,99.3022,98.274,9.1135,0,0,2.1548,1.8524,0,1.66449,3.38688
85.139,85.139,7.00956,0.15,0.04,2.83448,3.13688,0,0.531053,4.47552,99.3022,98.274,9.47497,0,0,2.15521,1.85281,0,1.6648,3.38688
85.139,85.139,7.62749,0.14,0.04,2.43746,2.73986,0,0.531182,4.47552,99.3022,98.274,9.20492,0,0,1.89395,1.59155,0,1.66511,3.38688
85.139,85.139,3.48332,0.14,0.04,2.43806,2.74046,0,0.45678,4.47552,99.3022,98.274,5.98291,0,0,1.8943,1.5919,0,1.46327,3.38688
85.139,85.139,3.7666,0.13,0.04,2.43866,2.74106,0,0.456892,4.47552,99.3022,98.274,6.98002,0,0,1.89465,1.59225,0,1.46354,3.38688
85.139,85.139,4.97191,0.13,0.04,2.43926,2.74166,0,0.457005,4.47552,99.3022,98.274,7.1593,0,0,1.895,1.5926,0,1.46381,3.38688
85.139,85.139,4.3551,0.14,0.04,2.43986,2.74226,0,0.457117,4.47552,99.3022,98.274,6.7996,0,0,1.89535,1.59295,0,1.46408,3.38688
85.139,85.139,3.53522,0.14,0.04,2.54068,2.84308,0,0.457229,4.47552,99.3022,98.274,5.70143,0,0,1.95978,1.65738,0,1.46434,3.38688
85.139,85.139,4.12853,0.14,0.04,2.5413,2.8437,0,0.476123,4.47552,99.3022,98.274,6.58837,0,0,1.96014,1.65774,0,1.51412,3.38688
85.0054,85.139,2.87463,0.13,0.04,2.54192,2.84432,0,0.476239,4.47552,99.3022,98.274,4.25813,0,0,1.9605,1.6581,0,1.5144,3.38688
85.139,85.139,3.65302,0.23,0.04,2.54254,2.84494,0,0.476356,4.47552,99.3022,98.274,9.17752,0,0,1.96086,1.65846,0,1.51468,3.38688
85.139,85.139,3.03106,0.12,0.04,2.50394,2.80634,0,0.476472,4.47552,99.3022,98.274,5.72625,0,0,1.93632,1.63392,0,1.51496,3.38688
84.8278,85.139,2.66046,0.1,0.04,2.50456,2.80696,0,0.469239,4.47552,99.3022,98.274,4.78631,0,0,1.93667,1.63427,0,1.496,3.38688
84.6264,85.139,2.76706,0.17,0.04,2.50517,2.80757,0,0.469354,4.47552,99.3022,98.274,4.19383,0,0,1.93703,1.63463,0,1.49627,3.38688
84.4042,85.139,2.70778,0.16,0.04,2.50579,2.80819,0,0.469469,4.47552,99.3022,98.274,4.20658,0,0,1.93739,1.63499,0,1.49655,3.38688
83.6875,85.139,2.18113,0.13,0.04,2.63964,2.94204,0,0.469584,4.47552,99.3022,98.274,3.87222,0,0,2.02616,1.72376,0,1.49683,3.38688
82.9466,85.139,2.19192,0.1,0.04,2.64028,2.94268,0,0.494669,4.47552,99.3022,98.274,3.43679,0,0,2.02654,1.72414,0,1.56541,3.38688
82.0393,85.139,2.0048,0.08,0.04,2.64093,2.94333,0,0.494789,4.47552,99.3022,98.274,3.13204,0,0,2.02691,1.72451,0,1.5657,3.38688
81.0474,85.139,1.85595,0.07,0.04,2.64157,2.94397,0,0.49491,4.47552,99.2733,98.274,3.01257,0,0,2.02729,1.72489,0,1.56599,3.38688
79.9667,85.139,1.75284,0.07,0.04,2.64221,2.94461,0,0.49503,4.47552,99.201,98.274,2.85343,0,0,2.02767,1.72527,0,1.56629,3.38688
79.0549,85.139,1.89561,0.07,0.04,2.61648,2.91888,0,0.495151,4.47552,99.1781,98.274,3.10152,0,0,2.07669,1.77429,0,1.56658,3.38688
78.1563,85.139,1.90544,0.11,0.04,2.61712,2.91952,0,0.490328,4.47552,99.168,98.274,3.10112,0,0,2.07708,1.77468,0,1.60445,3.38688
77.1199,85.139,1.76029,0.11,0.04,2.61775,2.92015,0,0.490448,4.47552,99.1315,98.274,3.07858,0,0,2.07747,1.77507,0,1.60475,3.38688
75.9442,85.139,1.60925,0.11,0.04,2.61839,2.92079,0,0.490567,4.47552,99.0377,98.274,2.75399,0,0,2.07786,1.77546,0,1.60505,3.38688
74.6686,85.139,1.52727,0.1,0.04,2.68721,2.98961,0,0.490687,4.47552,98.873,98.274,2.56245,0,0,2.12164,1.81924,0,1.60535,3.38688
73.7213,85.139,1.85394,0.11,0.04,2.68786,2.99026,0,0.503583,4.47552,98.9471,98.274,2.8691,0,0,2.12204,1.81964,0,1.63918,3.38688
72.6624,85.139,1.71371,0.16,0.04,2.68852,2.99092,0,0.503706,4.47552,98.8842,98.274,2.86059,0,0,2.12243,1.82003,0,1.63948,3.38688
71.4907,85.139,1.58876,0.16,0.04,2.68917,2.99157,0,0.503828,4.47552,98.7563,98.274,2.55388,0,0,2.12283,1.82043,0,1.63979,3.38688
70.2,85.139,1.61548,0.15,0.04,2.88966,3.19206,0,0.503951,4.47552,98.718,98.274,2.90369,0,0,2.27999,1.97759,0,1.6401,3.38688
68.6217,85.139,1.26724,0.15,0.04,2.89036,3.19276,0,0.541523,4.47552,98.5192,98.274,2.58228,0,0,2.28043,1.97803,0,1.76152,3.38688
66.9757,85.139,1.17477,0.15,0.04,2.89106,3.19346,0,0.541653,4.47552,98.2447,98.274,2.37978,0,0,2.28086,1.97846,0,1.76186,3.38688
65.8362,85.139,1.67997,0.17,0.04,2.89175,3.19415,0,0.541784,4.47552,98.0737,98.274,2.76319,0,0,2.28129,1.97889,0,1.76219,3.38688
65.3786,85.139,2.43986,0.17,0.04,2.89245,3.19485,0,0.541915,4.47552,98.1695,98.274,3.19495,0,0,2.28172,1.97932,0,1.76252,3.38688
65.2948,85.139,2.69368,0.17,0.04,2.79565,3.09805,0,0.542046,4.47552,98.2666,98.274,3.66312,0,0,2.1869,1.8845,0,1.76286,3.38688
65.5117,85.139,3.04574,0.17,0.04,2.79633,3.09873,0,0.523905,4.47552,98.6968,98.274,4.55545,0,0,2.18731,1.88491,0,1.6896,3.38688
66.1757,85.139,3.51573,0.17,0.04,2.797,3.0994,0,0.524032,4.47552,99.3022,98.274,5.75686,0,0,2.18772,1.88532,0,1.68992,3.38688
66.7312,85.139,3.4726,0.17,0.04,2.79768,3.10008,0,0.524158,4.47552,99.3022,98.274,5.73292,0,0,2.18814,1.88574,0,1.69024,3.38688
67.3844,85.139,3.73354,0.16,0.04,2.71826,3.02066,0,0.524285,4.47552,99.3022,98.274,6.96594,0,0,2.10177,1.79937,0,1.69055,3.38688
66.3754,85.139,1.85239,0.16,0.04,2.71892,3.02132,0,0.509401,4.47552,99.3022,98.274,3.62482,0,0,2.10216,1.79976,0,1.62382,3.38688
66.4695,85.139,3.08273,0.15,0.04,2.71958,3.02198,0,0.509525,4.47552,99.3022,98.274,4.91213,0,0,2.10255,1.80015,0,1.62413,3.38688
67.902,85.139,4.60454,0.14,0.04,2.72024,3.02264,0,0.509649,4.47552,99.3022,98.274,7.25535,0,0,2.10294,1.80054,0,1.62443,3.38688
69.2726,85.139,4.35786,0.14,0.04,2.49321,2.79561,0,0.509772,4.47552,99.3022,98.274,6.66951,0,0,1.92244,1.62004,0,1.62473,3.38688
69.4138,85.139,3.01329,0.13,0.04,2.49382,2.79622,0,0.467227,4.47552,99.3022,98.274,9.24545,0,0,1.92279,1.62039,0,1.48528,3.38688
69.9353,85.139,3.39328,0.13,0.04,2.49443,2.79683,0,0.467342,4.47552,99.3022,98.274,10.2953,0,0,1.92315,1.62075,0,1.48555,3.38688
69.6604,85.139,2.56908,0.14,0.04,2.49504,2.79744,0,0.467456,4.47552,99.3022,98.274,4.79905,0,0,1.9235,1.6211,0,1.48582,3.38688
69.0746,85.139,2.22472,0.15,0.04,2.49565,2.79805,0,0.46757,4.47552,99.3022,98.274,4.5633,0,0,1.92385,1.62145,0,1.4861,3.38688
69.7683,85.139,3.66678,0.15,0.04,2.58392,2.88632,0,0.467685,4.47552,99.3022,98.274,4.60037,0,0,1.97664,1.67424,0,1.48637,3.38688
70.2639,85.139,3.45688,0.15,0.04,2.58453,2.88693,0,0.484227,4.47552,99.3022,98.274,5.03602,0,0,1.97699,1.67459,0,1.52715,3.38688
69.8477,85.139,2.52621,0.18,0.04,2.58513,2.88753,0,0.48434,4.47552,99.3022,98.274,4.30264,0,0,1.97734,1.67494,0,1.52742,3.38688
69.177,85.139,2.25386,0.18,0.04,2.58574,2.88814,0,0.484454,4.47552,99.3022,98.274,3.72882,0,0,1.97769,1.67529,0,1.52769,3.38688
68.6218,85.139,2.57507,0.18,0.04,2.8681,3.1705,0,0.484567,4.47552,99.3022,98.274,5.64186,0,0,2.17506,1.87266,0,1.52797,3.38688
70.0661,85.139,4.73935,0.19,0.04,2.86877,3.17117,0,0.537482,4.47552,99.3022,98.274,5.76068,0,0,2.17546,1.87306,0,1.68045,3.38688
69.2927,85.139,2.42377,0.2,0.04,2.86943,3.17183,0,0.537607,4.47552,99.2493,98.274,3.46385,0,0,2.17585,1.87345,0,1.68076,3.38688
68.2278,85.139,2.04522,0.22,0.04,2.8701,3.1725,0,0.537731,4.47552,99.0448,98.274,2.88376,0,0,2.17624,1.87384,0,1.68106,3.38688
67.7888,85.139,2.37756,0.27,0.04,2.46854,2.77094,0,0.537856,4.47552,99.3022,98.274,4.24671,0,0,1.91201,1.60961,0,1.68136,3.38688
67.525,85.139,2.56508,0.33,0.04,2.46912,2.77152,0,0.462605,4.47552,99.3022,98.274,2.97612,0,0,1.91235,1.60995,0,1.47722,3.38688
67.3628,85.139,2.64806,0.34,0.04,2.4697,2.7721,0,0.462713,4.47552,99.3022,98.274,2.95292,0,0,1.91268,1.61028,0,1.47748,3.38688
67.3908,85.139,2.856,0.38,0.04,2.47028,2.77268,0,0.462822,4.47552,99.3022,98.274,3.24074,0,0,1.91302,1.61062,0,1.47774,3.38688
68.6026,85.139,4.17489,0.41,0.04,2.47086,2.77326,0,0.462931,4.47552,99.3022,98.274,5.64016,0,0,1.91336,1.61096,0,1.478,3.38688
70.2721,85.139,4.84744,0.37,0.04,2.57279,2.87519,0,0.46304,4.47552,99.3022,98.274,3.85638,0,0,1.9785,1.6761,0,1.47826,3.38688
70.272,85.139,2.95474,0.39,0.04,2.5734,2.8758,0,0.482142,4.47552,99.222,98.274,3.98505,0,0,1.97885,1.67645,0,1.52859,3.38688
71.0454,85.139,3.90461,0.42,0.04,2.574,2.8764,0,0.482255,4.47552,99.3022,98.274,4.77648,0,0,1.9792,1.6768,0,1.52886,3.38688
70.7358,85.139,2.59345,0.44,0.04,2.5746,2.877,0,0.482367,4.47552,99.0912,98.274,2.80049,0,0,1.97955,1.67715,0,1.52913,3.38688
70.6518,85.139,2.77335,0.43,0.04,2.53554,2.83794,0,0.48248,4.47552,99.0635,98.274,3.28477,0,0,1.95471,1.65231,0,1.5294,3.38688
70.6965,85.139,2.85611,0.43,0.04,2.53614,2.83854,0,0.475161,4.47552,99.1726,98.274,3.53555,0,0,1.95506,1.65266,0,1.51021,3.38688
70.3631,85.139,2.46882,0.42,0.04,2.53673,2.83913,0,0.475272,4.47552,99.1641,98.274,3.19942,0,0,1.95541,1.65301,0,1.51048,3.38688
69.9242,85.139,2.27214,0.39,0.04,2.53733,2.83973,0,0.475383,4.47552,99.0259,98.274,2.91863,0,0,1.95575,1.65335,0,1.51075,3.38688
69.3258,85.139,2.21493,0.38,0.04,2.67266,2.97506,0,0.475495,4.47552,98.9116,98.274,3.3028,0,0,2.0455,1.7431,0,1.51101,3.38688
68.5439,85.139,2.02513,0.36,0.04,2.67328,2.97568,0,0.500856,4.47552,98.757,98.274,3.04673,0,0,2.04587,1.74347,0,1.58036,3.38688
67.6748,85.139,1.92158,0.35,0.04,2.6739,2.9763,0,0.500973,4.47552,98.556,98.274,2.79528,0,0,2.04623,1.74383,0,1.58064,3.38688
66.6754,85.139,1.73899,0.44,0.04,2.67453,2.97693,0,0.501089,4.47552,98.3026,98.274,2.69749,0,0,2.0466,1.7442,0,1.58092,3.38688
65.6065,85.139,1.64571,0.4,0.04,2.67515,2.97755,0,0.501206,4.47552,98.0129,98.274,2.54671,0,0,2.04696,1.74456,0,1.5812,3.38688
64.3879,85.139,1.45047,0.36,0.04,2.6491,2.9515,0,0.501323,4.47552,97.4515,98.274,2.14871,0,0,2.09652,1.79412,0,1.58149,3.38688
63.0248,85.139,1.28202,0.32,0.04,2.64972,2.95212,0,0.496441,4.47552,96.9662,98.274,1.88315,0,0,2.0969,1.7945,0,1.61977,3.38688
61.6295,85.139,1.21613,0.29,0.04,2.65033,2.95273,0,0.496557,4.47552,96.4326,98.274,1.83696,0,0,2.09727,1.79487,0,1.62006,3.38688
60.1695,85.139,1.13897,0.36,0.04,2.65095,2.95335,0,0.496672,4.47552,95.7706,98.274,1.84956,0,0,2.09765,1.79525,0,1.62035,3.38688
58.5687,85.139,1.02896,0.32,0.04,2.72051,3.02291,0,0.496788,4.47552,94.884,98.274,1.66492,0,0,2.1419,1.8395,0,1.62064,3.38688
56.9208,85.139,0.948996,0.27,0.04,2.72114,3.02354,0,0.509823,4.47552,94.1058,98.274,1.41977,0,0,2.14229,1.83989,0,1.65483,3.38688
55.2441,85.139,0.895681,0.26,0.04,2.72177,3.02417,0,0.509942,4.47552,93.2135,98.274,1.46108,0,0,2.14267,1.84027,0,1.65513,3.38688
53.5315,85.139,0.838119,0.29,0.04,2.72241,3.02481,0,0.510061,4.47552,92.3721,98.274,1.33365,0,0,2.14306,1.84066,0,1.65543,3.38688
51.6755,85.139,0.823977,0.29,0.04,2.9251,3.2275,0,0.510179,4.47552,91.2038,98.274,1.4381,0,0,2.30195,1.99955,0,1.65572,3.38688
49.8788,85.139,0.837096,0.25,0.04,2.92577,3.22817,0,0.548163,4.47552,90.0822,98.274,1.16179,0,0,2.30236,1.99996,0,1.77848,3.38688
48.0312,85.139,0.77063,0.3,0.04,2.92645,3.22885,0,0.54829,4.47552,89.1933,98.274,1.11108,0,0,2.30278,2.00038,0,1.77881,3.38688
46.1697,85.139,0.724241,0.26,0.04,2.92712,3.22952,0,0.548416,4.47552,88.2021,98.274,1.29617,0,0,2.3032,2.0008,0,1.77913,3.38688
44.3129,85.139,0.694704,0.27,0.04,2.9278,3.2302,0,0.548543,4.47552,87.2779,98.274,1.27459,0,0,2.30362,2.00122,0,1.77945,3.38688
42.7414,85.139,0.860558,0.29,0.04,2.8299,3.1323,0,0.548669,4.47552,86.5295,98.274,1.34553,0,0,2.20773,1.90533,0,1.77978,3.38688
41.3092,85.139,1.03955,0.3,0.04,2.83055,3.13295,0,0.530322,4.47552,86.077,98.274,1.56844,0,0,2.20813,1.90573,0,1.70569,3.38688
40.0279,85.139,1.2012,0.29,0.04,2.83121,3.13361,0,0.530445,4.47552,85.6553,98.274,1.96664,0,0,2.20853,1.90613,0,1.706,3.38688
38.7124,85.139,1.18152,0.29,0.04,2.83186,3.13426,0,0.530568,4.47552,85.2775,98.274,1.95758,0,0,2.20893,1.90653,0,1.70631,3.38688
37.6163,85.139,1.39453,0.31,0.04,2.75153,3.05393,0,0.530691,4.47552,84.9926,98.274,2.54483,0,0,2.12159,1.81919,0,1.70662,3.38688
36.4963,85.139,1.33038,0.31,0.04,2.75217,3.05457,0,0.515638,4.47552,84.5996,98.274,2.00631,0,0,2.12197,1.81957,0,1.63914,3.38688
35.6937,85.139,1.74672,0.32,0.04,2.75281,3.05521,0,0.515757,4.47552,84.281,98.274,1.71788,0,0,2.12235,1.81995,0,1.63943,3.38688
34.6469,85.139,1.48067,0.33,0.04,2.75345,3.05585,0,0.515877,4.47552,84.1528,98.274,2.02117,0,0,2.12273,1.82033,0,1.63973,3.38688
36.7193,85.139,4.59622,0.34,0.04,2.5239,2.8263,0,0.515997,4.47552,85.314,98.274,6.21302,0,0,1.94023,1.63783,0,1.64002,3.38688
38.6036,85.139,4.32707,0.34,0.04,2.52449,2.82689,0,0.472979,4.47552,86.4319,98.274,4.68555,0,0,1.94057,1.63817,0,1.49902,3.38688
40.0976,85.139,3.94057,0.34,0.04,2.52508,2.82748,0,0.47309,4.47552,87.2896,98.274,4.07983,0,0,1.94091,1.63851,0,1.49928,3.38688
41.4824,85.139,3.92909,0.32,0.04,2.52567,2.82807,0,0.473201,4.47552,87.8589,98.274,3.64592,0,0,1.94125,1.63885,0,1.49955,3.38688
44.3291,85.139,5.45739,0.36,0.04,2.52627,2.82867,0,0.473311,4.47552,89.2878,98.274,5.89987,0,0,1.9416,1.6392,0,1.49981,3.38688
49.9217,85.139,8.30488,0.4,0.04,2.52627,2.82867,0,0.473422,4.47552,90.5354,98.274,5.0264,0,0,1.9416,1.6392,0,1.50008,3.38688
54.7781,85.139,7.6349,0.38,0.04,2.61548,2.91788,0,0.473422,4.47552,92.5647,98.274,6.10853,0,0,1.99494,1.69254,0,1.50008,3.38688
58.2223,85.139,6.26972,0.34,0.04,2.61606,2.91846,0,0.49014,4.47552,93.8697,98.274,4.4624,0,0,1.99528,1.69288,0,1.54129,3.38688
59.522,85.139,4.13901,0.27,0.04,2.61665,2.91905,0,0.49025,4.47552,95.1595,98.274,4.44751,0,0,1.99562,1.69322,0,1.54156,3.38688
63.35,85.139,7.03616,0.33,0.04,2.61723,2.91963,0,0.49036,4.47552,97.1649,98.274,6.14433,0,0,1.99596,1.69356,0,1.54182,3.38688
65.9647,85.139,6.21629,0.28,0.04,2.90265,3.20505,0,0.490469,4.47552,98.9511,98.274,6.55563,0,0,2.19547,1.89307,0,1.54208,3.38688
68.9098,85.139,6.41045,0.31,0.04,2.90329,3.20569,0,0.543956,4.47552,99.3022,98.274,5.53806,0,0,2.19585,1.89345,0,1.69622,3.38688
70.4692,85.139,4.8865,0.25,0.04,2.90393,3.20633,0,0.544076,4.47552,99.3022,98.274,5.24782,0,0,2.19623,1.89383,0,1.69651,3.38688
71.9775,85.139,4.91108,0.3,0.04,2.90457,3.20697,0,0.544197,4.47552,99.3022,98.274,5.64907,0,0,2.19661,1.89421,0,1.6968,3.38688
72.5196,85.139,3.48811,0.31,0.04,2.49863,2.80103,0,0.544317,4.47552,99.3022,98.274,4.88955,0,0,1.92949,1.62709,0,1.6971,3.38688
73.2502,85.139,3.64893,0.33,0.04,2.49919,2.80159,0,0.468243,4.47552,99.3022,98.274,5.31697,0,0,1.92981,1.62741,0,1.49072,3.38688
75.1587,85.139,4.95931,0.35,0.04,2.49975,2.80215,0,0.468349,4.47552,99.3022,98.274,5.79552,0,0,1.93014,1.62774,0,1.49097,3.38688
76.1844,85.139,4.01685,0.3,0.04,2.50031,2.80271,0,0.468454,4.47552,99.3022,98.274,5.05717,0,0,1.93046,1.62806,0,1.49123,3.38688
77.2448,85.139,4.0612,0.31,0.04,2.50088,2.80328,0,0.468559,4.47552,99.3022,98.274,5.80393,0,0,1.93079,1.62839,0,1.49148,3.38688
78.5016,85.139,4.33227,0.33,0.04,2.60388,2.90628,0,0.468664,4.47552,99.3022,98.274,5.97437,0,0,1.99662,1.69422,0,1.49173,3.38688
79.7497,85.139,4.35644,0.36,0.04,2.60447,2.90687,0,0.487968,4.47552,99.3022,98.274,6.88683,0,0,1.99696,1.69456,0,1.54259,3.38688
80.5643,85.139,3.86722,0.26,0.04,2.60505,2.90745,0,0.488077,4.47552,99.3022,98.274,4.48975,0,0,1.9973,1.6949,0,1.54285,3.38688
80.9796,85.139,3.39957,0.27,0.04,2.60563,2.90803,0,0.488186,4.47552,99.3022,98.274,4.90607,0,0,1.99764,1.69524,0,1.54312,3.38688
81.5859,85.139,3.54163,0.26,0.04,2.56612,2.86852,0,0.488295,4.47552,99.3022,98.274,4.83548,0,0,1.97252,1.67012,0,1.54338,3.38688
81.475,85.139,2.7971,0.24,0.04,2.5667,2.8691,0,0.480892,4.47552,99.3022,98.274,3.73491,0,0,1.97285,1.67045,0,1.52397,3.38688
81.0434,85.139,2.4651,0.2,0.04,2.56727,2.86967,0,0.480999,4.47552,99.3022,98.274,3.52916,0,0,1.97319,1.67079,0,1.52423,3.38688
80.9252,85.139,2.79361,0.19,0.04,2.56785,2.87025,0,0.481107,4.47552,99.3022,98.274,3.5086,0,0,1.97352,1.67112,0,1.52448,3.38688
80.6546,85.139,2.71228,0.17,0.04,2.70461,3.00701,0,0.481215,4.47552,99.3022,98.274,3.41133,0,0,2.06422,1.76182,0,1.52474,3.38688
80.1436,85.139,2.42227,0.13,0.04,2.70521,3.00761,0,0.506843,4.47552,99.3022,98.274,3.46151,0,0,2.06458,1.76218,0,1.59482,3.38688
79.5135,85.139,2.27396,0.1,0.04,2.70581,3.00821,0,0.506956,4.47552,99.3022,98.274,3.51593,0,0,2.06493,1.76253,0,1.59509,3.38688
78.8035,85.139,2.18262,0.09,0.04,2.70641,3.00881,0,0.507069,4.47552,99.3022,98.274,3.43162,0,0,2.06528,1.76288,0,1.59536,3.38688
77.9237,85.139,1.98546,0.17,0.04,2.70701,3.00941,0,0.507182,4.47552,99.3022,98.274,3.05555,0,0,2.06564,1.76324,0,1.59564,3.38688
76.8277,85.139,1.7178,0.16,0.04,2.68066,2.98306,0,0.507294,4.47552,99.1425,98.274,2.81312,0,0,2.11571,1.81331,0,1.59591,3.38688
75.5839,85.139,1.55359,0.16,0.04,2.68125,2.98365,0,0.502355,4.47552,98.9317,98.274,2.522,0,0,2.11607,1.81367,0,1.63459,3.38688
74.3052,85.139,1.47618,0.14,0.04,2.68185,2.98425,0,0.502467,4.47552,98.62,98.274,2.48178,0,0,2.11643,1.81403,0,1.63487,3.38688
72.8821,85.139,1.31256,0.15,0.04,2.68245,2.98485,0,0.502579,4.47552,98.2571,98.274,2.38912,0,0,2.11679,1.81439,0,1.63515,3.38688
71.4628,85.139,1.36676,0.2,0.04,2.75272,3.05512,0,0.502691,4.47552,97.7135,98.274,2.15064,0,0,2.1615,1.8591,0,1.63544,3.38688
69.9987,85.139,1.30711,0.2,0.04,2.75333,3.05573,0,0.51586,4.47552,97.1616,98.274,2.17779,0,0,2.16187,1.85947,0,1.66998,3.38688
68.3866,85.139,1.14467,0.19,0.04,2.75394,3.05634,0,0.515975,4.47552,96.5874,98.274,2.00009,0,0,2.16225,1.85985,0,1.67026,3.38688
66.7072,85.139,1.05696,0.19,0.04,2.75456,3.05696,0,0.516089,4.47552,96.0052,98.274,1.929,0,0,2.16262,1.86022,0,1.67055,3.38688
64.7633,85.139,0.936059,0.2,0.04,2.95937,3.26177,0,0.516204,4.47552,95.4099,98.274,1.8465,0,0,2.32318,2.02078,0,1.67084,3.38688
62.9941,85.139,1.12738,0.19,0.04,2.96002,3.26242,0,0.554586,4.47552,94.8063,98.274,1.87288,0,0,2.32358,2.02118,0,1.79489,3.38688
61.4954,85.139,1.39231,0.19,0.04,2.96067,3.26307,0,0.554708,4.47552,93.9981,98.274,1.90384,0,0,2.32399,2.02159,0,1.7952,3.38688
59.5512,85.139,0.927459,0.21,0.04,2.96133,3.26373,0,0.55483,4.47552,93.1906,98.274,1.42755,0,0,2.32439,2.02199,0,1.79551,3.38688
57.4937,85.139,0.810268,0.21,0.04,2.96198,3.26438,0,0.554953,4.47552,92.4912,98.274,1.53786,0,0,2.3248,2.0224,0,1.79583,3.38688
55.6099,85.139,0.86396,0.21,0.04,2.86301,3.16541,0,0.555075,4.47552,91.8604,98.274,1.87059,0,0,2.22788,1.92548,0,1.79614,3.38688
54.0586,85.139,1.20154,0.24,0.04,2.86365,3.16605,0,0.536529,4.47552,91.2791,98.274,2.05763,0,0,2.22826,1.92586,0,1.72126,3.38688
52.9553,85.139,1.68072,0.24,0.04,2.86428,3.16668,0,0.536647,4.47552,90.9232,98.274,3.40401,0,0,2.22865,1.92625,0,1.72155,3.38688
51.6238,85.139,1.47725,0.24,0.04,2.86491,3.16731,0,0.536766,4.47552,90.4241,98.274,2.44315,0,0,2.22903,1.92663,0,1.72185,3.38688
50.5765,85.139,1.66141,0.24,0.04,2.78371,3.08611,0,0.536885,4.47552,90.0395,98.274,2.55049,0,0,2.14076,1.83836,0,1.72215,3.38688
49.2904,85.139,1.40836,0.28,0.04,2.78433,3.08673,0,0.521668,4.47552,89.5284,98.274,1.90606,0,0,2.14112,1.83872,0,1.65395,3.38688
48.4414,85.139,1.85987,0.29,0.04,2.78495,3.08735,0,0.521783,4.47552,89.4478,98.274,4.59117,0,0,2.14149,1.83909,0,1.65423,3.38688
50.545,85.139,5.07152,0.3,0.04,2.78556,3.08796,0,0.521899,4.47552,90.3764,98.274,8.66319,0,0,2.14186,1.83946,0,1.65452,3.38688
51.7082,85.139,3.91981,0.33,0.04,2.55358,2.85598,0,0.522015,4.47552,90.5366,98.274,4.56409,0,0,1.95742,1.65502,0,1.6548,3.38688
52.4216,85.139,3.45032,0.25,0.04,2.55415,2.85655,0,0.47854,4.47552,90.4414,98.274,4.04577,0,0,1.95775,1.65535,0,1.5123,3.38688
55.7137,85.139,6.23439,0.27,0.04,2.55472,2.85712,0,0.478647,4.47552,90.9583,98.274,6.74457,0,0,1.95808,1.65568,0,1.51256,3.38688
59.928,85.139,7.35159,0.29,0.04,2.55529,2.85769,0,0.478754,4.47552,91.8685,98.274,7.84466,0,0,1.95842,1.65602,0,1.51282,3.38688
64.5596,85.139,7.84981,0.26,0.04,2.55586,2.85826,0,0.478861,4.47552,92.9464,98.274,8.08721,0,0,1.95875,1.65635,0,1.51307,3.38688
66.8422,85.139,5.49643,0.24,0.04,2.64598,2.94838,0,0.478968,4.47552,94.1938,98.274,8.93568,0,0,2.01264,1.71024,0,1.51333,3.38688
71.9819,85.139,8.55692,0.25,0.04,2.64654,2.94894,0,0.495857,4.47552,97.0157,98.274,12.5193,0,0,2.01296,1.71056,0,1.55496,3.38688
75.8922,85.139,7.32995,0.21,0.04,2.64711,2.94951,0,0.495962,4.47552,99.3022,98.274,10.9863,0,0,2.01329,1.71089,0,1.55522,3.38688
79.0836,85.139,6.6019,0.16,0.04,2.64767,2.95007,0,0.496068,4.47552,99.3022,98.274,10.575,0,0,2.01362,1.71122,0,1.55547,3.38688
81.2854,85.139,5.97578,0.18,0.04,2.93604,3.23844,0,0.496174,4.47552,99.3022,98.274,11.637,0,0,2.21519,1.91279,0,1.55572,3.38688
84.9505,85.139,7.32834,0.14,0.04,2.93666,3.23906,0,0.550213,4.47552,99.3022,98.274,15.0511,0,0,2.21555,1.91315,0,1.71145,3.38688
85.139,85.139,10.9765,0.14,0.04,2.93728,3.23968,0,0.550329,4.47552,99.3022,98.274,19.5371,0,0,2.21592,1.91352,0,1.71174,3.38688
85.139,85.139,4.56921,0.13,0.04,2.9379,3.2403,0,0.550445,4.47552,99.3022,98.274,9.81498,0,0,2.21629,1.91389,0,1.71202,3.38688
85.139,85.139,5.81823,0.13,0.04,2.52771,2.83011,0,0.550562,4.47552,99.3022,98.274,7.98014,0,0,1.94638,1.64398,0,1.7123,3.38688
85.139,85.139,4.93245,0.16,0.04,2.52825,2.83065,0,0.473693,4.47552,99.3022,98.274,7.4272,0,0,1.94669,1.64429,0,1.50377,3.38688
85.139,85.139,5.87273,0.17,0.04,2.52879,2.83119,0,0.473794,4.47552,99.3022,98.274,6.96765,0,0,1.94701,1.64461,0,1.50401,3.38688
85.139,85.139,5.31821,0.19,0.04,2.52933,2.83173,0,0.473896,4.47552,99.3022,98.274,7.38371,0,0,1.94732,1.64492,0,1.50426,3.38688
85.139,85.139,5.44908,0.19,0.04,2.52988,2.83228,0,0.473997,4.47552,99.3022,98.274,6.98214,0,0,1.94764,1.64524,0,1.5045,3.38688
85.139,85.139,5.30862,0.2,0.04,2.63392,2.93632,0,0.474099,4.47552,99.3022,98.274,7.01941,0,0,2.01413,1.71173,0,1.50474,3.38688
85.139,85.139,5.34521,0.2,0.04,2.63448,2.93688,0,0.493597,4.47552,99.3022,98.274,7.98425,0,0,2.01446,1.71206,0,1.55612,3.38688
85.139,85.139,3.93573,0.19,0.04,2.63505,2.93745,0,0.493702,4.47552,99.3022,98.274,5.57573,0,0,2.01479,1.71239,0,1.55637,3.38688
85.139,85.139,3.4754,0.16,0.04,2.63561,2.93801,0,0.493808,4.47552,99.3022,98.274,4.84693,0,0,2.01512,1.71272,0,1.55663,3.38688
85.139,85.139,3.11698,0.15,0.04,2.59567,2.89807,0,0.493913,4.47552,99.3022,98.274,5.25821,0,0,1.98972,1.68732,0,1.55688,3.38688
85.0328,85.139,2.86391,0.15,0.04,2.59622,2.89862,0,0.486429,4.47552,99.3022,98.274,5.06834,0,0,1.99004,1.68764,0,1.53726,3.38688
84.7354,85.139,2.64299,0.24,0.04,2.59678,2.89918,0,0.486532,4.47552,99.3022,98.274,4.7586,0,0,1.99037,1.68797,0,1.53751,3.38688
84.3522,85.139,2.54231,0.21,0.04,2.59733,2.89973,0,0.486636,4.47552,99.3022,98.274,4.43088,0,0,1.99069,1.68829,0,1.53776,3.38688
83.7103,85.139,2.37928,0.19,0.04,2.73547,3.03787,0,0.48674,4.47552,99.3022,98.274,4.36554,0,0,2.08231,1.77991,0,1.53801,3.38688
82.9471,85.139,2.21999,0.14,0.04,2.73605,3.03845,0,0.512627,4.47552,99.3022,98.274,4.10576,0,0,2.08265,1.78025,0,1.60879,3.38688
81.9799,85.139,1.99961,0.12,0.04,2.73663,3.03903,0,0.512736,4.47552,99.3022,98.274,3.81355,0,0,2.08299,1.78059,0,1.60905,3.38688
80.9642,85.139,1.93612,0.11,0.04,2.73721,3.03961,0,0.512845,4.47552,99.3022,98.274,3.45884,0,0,2.08333,1.78093,0,1.60932,3.38688
79.9068,85.139,1.87376,0.11,0.04,2.73779,3.04019,0,0.512954,4.47552,99.3022,98.274,3.79138,0,0,2.08367,1.78127,0,1.60958,3.38688
79.1294,85.139,2.12309,0.1,0.04,2.71114,3.01354,0,0.513063,4.47552,99.3022,98.274,4.81258,0,0,2.13424,1.83184,0,1.60984,3.38688
78.2684,85.139,2.01303,0.16,0.04,2.71172,3.01412,0,0.508068,4.47552,99.3022,98.274,4.67111,0,0,2.13459,1.83219,0,1.64891,3.38688
77.2972,85.139,1.88593,0.16,0.04,2.71229,3.01469,0,0.508176,4.47552,99.3022,98.274,4.36042,0,0,2.13494,1.83254,0,1.64918,3.38688
76.2203,85.139,1.76889,0.16,0.04,2.71287,3.01527,0,0.508284,4.47552,99.3022,98.274,4.10352,0,0,2.13529,1.83289,0,1.64945,3.38688
75.1397,85.139,1.80873,0.15,0.04,2.78383,3.08623,0,0.508392,4.47552,99.3022,98.274,3.90179,0,0,2.18043,1.87803,0,1.64972,3.38688
74.0122,85.139,1.7508,0.15,0.04,2.78442,3.08682,0,0.52169,4.47552,99.3022,98.274,3.87889,0,0,2.18079,1.87839,0,1.6846,3.38688
72.788,85.139,1.63416,0.14,0.04,2.78501,3.08741,0,0.5218,4.47552,99.3022,98.274,3.64318,0,0,2.18115,1.87875,0,1.68488,3.38688
71.4477,85.139,1.49977,0.2,0.04,2.7856,3.088,0,0.521911,4.47552,99.3022,98.274,3.45397,0,0,2.18151,1.87911,0,1.68516,3.38688
70.0457,85.139,1.60223,0.19,0.04,2.99246,3.29486,0,0.522022,4.47552,99.3022,98.274,4.39263,0,0,2.34368,2.04128,0,1.68543,3.38688
68.2186,85.139,1.17117,0.19,0.04,2.99309,3.29549,0,0.560788,4.47552,99.3022,98.274,3.7511,0,0,2.34407,2.04167,0,1.81073,3.38688
66.4764,85.139,1.23355,0.19,0.04,2.99372,3.29612,0,0.560906,4.47552,99.3022,98.274,3.72585,0,0,2.34446,2.04206,0,1.81103,3.38688
65.3111,85.139,1.84916,0.2,0.04,2.99435,3.29675,0,0.561024,4.47552,99.3022,98.274,4.40463,0,0,2.34485,2.04245,0,1.81133,3.38688
64.905,85.139,2.64694,0.2,0.04,2.99498,3.29738,0,0.561142,4.47552,99.3022,98.274,5.26306,0,0,2.34525,2.04285,0,1.81163,3.38688
64.4025,85.139,2.47374,0.2,0.04,2.89499,3.19739,0,0.56126,4.47552,99.3022,98.274,5.72265,0,0,2.24733,1.94493,0,1.81194,3.38688
64.2934,85.139,2.8409,0.2,0.04,2.8956,3.198,0,0.542521,4.47552,99.3022,98.274,6.6118,0,0,2.2477,1.9453,0,1.73628,3.38688
63.6773,85.139,2.3398,0.2,0.04,2.89621,3.19861,0,0.542635,4.47552,99.3022,98.274,4.43765,0,0,2.24807,1.94567,0,1.73657,3.38688
62.7157,85.139,1.94912,0.2,0.04,2.89682,3.19922,0,0.54275,4.47552,99.3022,98.274,4.52859,0,0,2.24844,1.94604,0,1.73686,3.38688
62.4386,85.139,2.61454,0.2,0.04,2.81477,3.11717,0,0.542865,4.47552,99.3022,98.274,3.66806,0,0,2.15926,1.85686,0,1.73715,3.38688
61.9397,85.139,2.4087,0.19,0.04,2.81537,3.11777,0,0.527489,4.47552,99.3022,98.274,5.41227,0,0,2.15961,1.85721,0,1.66824,3.38688
60.7912,85.139,1.75837,0.21,0.04,2.81597,3.11837,0,0.5276,4.47552,99.3022,98.274,3.86432,0,0,2.15997,1.85757,0,1.66852,3.38688
63.2,85.139,5.60169,0.21,0.04,2.81656,3.11896,0,0.527712,4.47552,99.3022,98.274,6.26752,0,0,2.16032,1.85792,0,1.66879,3.38688
64.4131,85.139,4.08231,0.17,0.04,2.58222,2.88462,0,0.527824,4.47552,99.3022,98.274,4.69347,0,0,1.97402,1.67162,0,1.66907,3.38688
65.2587,85.139,3.68915,0.19,0.04,2.58277,2.88517,0,0.483908,4.47552,99.3022,98.274,4.88728,0,0,1.97434,1.67194,0,1.52513,3.38688
66.9336,85.139,4.66643,0.19,0.04,2.58332,2.88572,0,0.484011,4.47552,99.3022,98.274,5.98674,0,0,1.97466,1.67226,0,1.52538,3.38688
69.6932,85.139,5.7792,0.21,0.04,2.58387,2.88627,0,0.484115,4.47552,99.3022,98.274,7.43062,0,0,1.97498,1.67258,0,1.52562,3.38688
72.9039,85.139,6.47154,0.19,0.04,2.58442,2.88682,0,0.484218,4.47552,99.3022,98.274,10.2712,0,0,1.9753,1.6729,0,1.52587,3.38688
72.4865,85.139,2.59701,0.21,0.04,2.67542,2.97782,0,0.484321,4.47552,99.3022,98.274,3.79212,0,0,2.02971,1.72731,0,1.52612,3.38688
73.3978,85.139,3.98585,0.23,0.04,2.67596,2.97836,0,0.501373,4.47552,99.3022,98.274,4.63478,0,0,2.03003,1.72763,0,1.56816,3.38688
73.8647,85.139,3.64917,0.22,0.04,2.6765,2.9789,0,0.501475,4.47552,99.3022,98.274,3.92961,0,0,2.03034,1.72794,0,1.5684,3.38688
73.9276,85.139,3.08825,0.18,0.04,2.67705,2.97945,0,0.501577,4.47552,99.3022,98.274,3.38481,0,0,2.03066,1.72826,0,1.56864,3.38688
74.4966,85.139,3.90511,0.21,0.04,2.96825,3.27065,0,0.501679,4.47552,99.3022,98.274,4.52096,0,0,2.23422,1.93182,0,1.56889,3.38688
75.0108,85.139,3.90639,0.2,0.04,2.96885,3.27125,0,0.556251,4.47552,99.2669,98.274,4.4393,0,0,2.23457,1.93217,0,1.72616,3.38688
74.3911,85.139,2.69075,0.23,0.04,2.96945,3.27185,0,0.556363,4.47552,99.1128,98.274,3.18936,0,0,2.23492,1.93252,0,1.72643,3.38688
73.4962,85.139,2.3844,0.28,0.04,2.97005,3.27245,0,0.556475,4.47552,99.0355,98.274,2.85212,0,0,2.23528,1.93288,0,1.7267,3.38688
73.4119,85.139,2.89286,0.34,0.04,2.55576,2.85816,0,0.556586,4.47552,99.1163,98.274,3.10913,0,0,1.96267,1.66027,0,1.72697,3.38688
74.7971,85.139,4.41382,0.38,0.04,2.55629,2.85869,0,0.47895,4.47552,99.3022,98.274,4.90312,0,0,1.96298,1.66058,0,1.51636,3.38688
75.8754,85.139,4.178,0.33,0.04,2.55681,2.85921,0,0.479048,4.47552,99.3022,98.274,3.80613,0,0,1.96328,1.66088,0,1.5166,3.38688
76.1578,85.139,3.31525,0.34,0.04,2.55733,2.85973,0,0.479146,4.47552,99.3022,98.274,3.11676,0,0,1.96358,1.66118,0,1.51683,3.38688
76.9215,85.139,3.84423,0.35,0.04,2.55785,2.86025,0,0.479243,4.47552,99.3022,98.274,3.47283,0,0,1.96389,1.66149,0,1.51706,3.38688
77.1077,85.139,3.34161,0.37,0.04,2.6629,2.9653,0,0.479341,4.47552,99.2887,98.274,3.64203,0,0,2.03103,1.72863,0,1.5173,3.38688
77.9345,85.139,4.06453,0.38,0.04,2.66344,2.96584,0,0.499027,4.47552,99.3022,98.274,4.623,0,0,2.03134,1.72894,0,1.56917,3.38688
79.7707,85.139,5.18978,0.41,0.04,2.66398,2.96638,0,0.499129,4.47552,99.3022,98.274,6.70082,0,0,2.03166,1.72926,0,1.56941,3.38688
80.245,85.139,3.69694,0.31,0.04,2.66452,2.96692,0,0.49923,4.47552,99.3022,98.274,4.54945,0,0,2.03197,1.72957,0,1.56966,3.38688
81.0185,85.139,3.86735,0.29,0.04,2.62416,2.92656,0,0.499331,4.47552,99.3022,98.274,3.95467,0,0,2.00631,1.70391,0,1.5699,3.38688
81.4688,85.139,3.50617,0.28,0.04,2.6247,2.9271,0,0.491768,4.47552,99.3022,98.274,3.58448,0,0,2.00662,1.70422,0,1.55008,3.38688
81.5868,85.139,3.14285,0.25,0.04,2.62523,2.92763,0,0.491868,4.47552,99.2551,98.274,3.17329,0,0,2.00693,1.70453,0,1.55032,3.38688
81.5038,85.139,2.90906,0.23,0.04,2.62577,2.92817,0,0.491969,4.47552,99.1913,98.274,2.98853,0,0,2.00724,1.70484,0,1.55056,3.38688
81.2746,85.139,2.84288,0.21,0.04,2.76523,3.06763,0,0.492069,4.47552,99.1077,98.274,3.51422,0,0,2.09974,1.79734,0,1.5508,3.38688
81.151,85.139,2.91856,0.16,0.04,2.76579,3.06819,0,0.518204,4.47552,99.0468,98.274,3.34361,0,0,2.10007,1.79767,0,1.62226,3.38688
80.7678,85.139,2.65095,0.14,0.04,2.76635,3.06875,0,0.518309,4.47552,98.9538,98.274,2.75117,0,0,2.1004,1.798,0,1.62252,3.38688
80.115,85.139,2.35463,0.12,0.04,2.76691,3.06931,0,0.518414,4.47552,98.7745,98.274,2.4424,0,0,2.10073,1.79833,0,1.62277,3.38688
79.2479,85.139,2.09933,0.12,0.04,2.76747,3.06987,0,0.518519,4.47552,98.2222,98.274,2.40918,0,0,2.10106,1.79866,0,1.62302,3.38688
78.1646,85.139,1.79427,0.16,0.04,2.74053,3.04293,0,0.518624,4.47552,97.5251,98.274,1.7345,0,0,2.1521,1.8497,0,1.62328,3.38688
76.9274,85.139,1.62266,0.17,0.04,2.74108,3.04348,0,0.513575,4.47552,96.8302,98.274,1.56389,0,0,2.15244,1.85004,0,1.66271,3.38688
75.6528,85.139,1.54135,0.16,0.04,2.74164,3.04404,0,0.513679,4.47552,96.0231,98.274,1.53135,0,0,2.15277,1.85037,0,1.66297,3.38688
74.2277,85.139,1.37078,0.16,0.04,2.74219,3.04459,0,0.513783,4.47552,95.1638,98.274,1.47083,0,0,2.15311,1.85071,0,1.66323,3.38688
72.7145,85.139,1.32827,0.16,0.04,2.81382,3.11622,0,0.513887,4.47552,94.3213,98.274,1.42997,0,0,2.19868,1.89628,0,1.66349,3.38688
71.1477,85.139,1.25783,0.21,0.04,2.81439,3.11679,0,0.527309,4.47552,93.4172,98.274,1.40167,0,0,2.19903,1.89663,0,1.6987,3.38688
69.5165,85.139,1.17451,0.2,0.04,2.81495,3.11735,0,0.527416,4.47552,92.4266,98.274,1.31878,0,0,2.19937,1.89697,0,1.69897,3.38688
67.8072,85.139,1.078,0.2,0.04,2.81552,3.11792,0,0.527522,4.47552,91.5913,98.274,1.24448,0,0,2.19972,1.89732,0,1.69923,3.38688
66.13,85.139,1.25303,0.22,0.04,3.02436,3.32676,0,0.527629,4.47552,90.3251,98.274,1.48223,0,0,2.36344,2.06104,0,1.6995,3.38688
64.2975,85.139,1.08844,0.22,0.04,3.02497,3.32737,0,0.566765,4.47552,89.2813,98.274,0.986676,0,0,2.36382,2.06142,0,1.826,3.38688
62.608,85.139,1.22469,0.21,0.04,3.02557,3.32797,0,0.566879,4.47552,88.0571,98.274,1.20315,0,0,2.3642,2.0618,0,1.82629,3.38688
60.6928,85.139,0.98438,0.21,0.04,3.02618,3.32858,0,0.566993,4.47552,87.2092,98.274,0.878489,0,0,2.36457,2.06217,0,1.82658,3.38688
59.0157,85.139,1.1939,0.24,0.04,3.02679,3.32919,0,0.567106,4.47552,86.2167,98.274,1.50076,0,0,2.36495,2.06255,0,1.82687,3.38688
57.3567,85.139,1.18001,0.24,0.04,2.9258,3.2282,0,0.56722,4.47552,85.9107,98.274,1.29073,0,0,2.26607,1.96367,0,1.82716,3.38688
56.7833,85.139,2.25402,0.23,0.04,2.92639,3.22879,0,0.548295,4.47552,85.2024,98.274,2.33214,0,0,2.26643,1.96403,0,1.75076,3.38688
55.0385,85.139,1.05976,0.23,0.04,2.92698,3.22938,0,0.548405,4.47552,84.3304,98.274,1.29978,0,0,2.26678,1.96438,0,1.75104,3.38688
53.4424,85.139,1.167,0.28,0.04,2.92756,3.22996,0,0.548515,4.47552,83.7135,98.274,1.34635,0,0,2.26714,1.96474,0,1.75132,3.38688
52.4215,85.139,1.76579,0.28,0.04,2.8447,3.1471,0,0.548626,4.47552,82.5946,98.274,1.45647,0,0,2.17709,1.87469,0,1.75159,3.38688
50.598,85.139,0.915437,0.28,0.04,2.84527,3.14767,0,0.533097,4.47552,82.0224,98.274,0.741165,0,0,2.17743,1.87503,0,1.68202,3.38688
49.0778,85.139,1.20869,0.34,0.04,2.84585,3.14825,0,0.533204,4.47552,81.9312,98.274,1.72137,0,0,2.17777,1.87537,0,1.68228,3.38688
49.5204,85.139,3.2913,0.34,0.04,2.84642,3.14882,0,0.533312,4.47552,81.6667,98.274,3.3791,0,0,2.17811,1.87571,0,1.68254,3.38688
48.6179,85.139,1.71041,0.35,0.04,2.60981,2.91221,0,0.533419,4.47552,81.3011,98.274,1.30866,0,0,1.99001,1.68761,0,1.68281,3.38688
47.4669,85.139,1.42532,0.35,0.04,2.61034,2.91274,0,0.489078,4.47552,81.2335,98.274,1.40345,0,0,1.99032,1.68792,0,1.53748,3.38688
47.8755,85.139,3.07319,0.36,0.04,2.61087,2.91327,0,0.489178,4.47552,80.9519,98.274,2.44379,0,0,1.99062,1.68822,0,1.53772,3.38688
48.0304,85.139,2.82845,0.36,0.04,2.6114,2.9138,0,0.489277,4.47552,81.2191,98.274,2.21214,0,0,1.99093,1.68853,0,1.53796,3.38688
49.1711,85.139,3.85275,0.41,0.04,2.61193,2.91433,0,0.489377,4.47552,81.6778,98.274,3.17149,0,0,1.99124,1.68884,0,1.53819,3.38688
51.6226,85.139,5.35189,0.42,0.06,2.70377,3.00617,0,0.489476,4.47552,82.4234,98.274,4.4919,0,0,2.04616,1.74376,0,1.53843,3.38688
55.0448,85.139,6.53407,0.41,0.06,2.70429,3.00669,0,0.506686,4.47552,83.8142,98.274,6.00031,0,0,2.04646,1.74406,0,1.58086,3.38688
59.2803,85.139,7.53989,0.44,0.06,2.70481,3.00721,0,0.506784,4.47552,85.8298,98.274,7.34154,0,0,2.04676,1.74436,0,1.58109,3.38688
64.7252,85.139,8.79097,0.4,0.06,2.70533,3.00773,0,0.506881,4.47552,88.3511,98.274,8.55038,0,0,2.04707,1.74467,0,1.58133,3.38688
70.7111,85.139,9.6775,0.36,0.06,2.99927,3.30167,0,0.506979,4.47552,91.0896,98.274,8.36054,0,0,2.25254,1.95014,0,1.58156,3.38688
73.0554,85.139,5.84309,0.32,0.06,2.99985,3.30225,0,0.562064,4.47552,92.8521,98.274,6.43073,0,0,2.25288,1.95048,0,1.74031,3.38688
76.7138,85.139,7.35449,0.34,0.06,3.00042,3.30282,0,0.562171,4.47552,95.6607,98.274,7.74888,0,0,2.25322,1.95082,0,1.74057,3.38688
79.6529,85.139,6.6667,0.3,0.06,3.00099,3.30339,0,0.562278,4.47552,97.7017,98.274,7.31427,0,0,2.25356,1.95116,0,1.74084,3.38688
81.2436,85.139,4.90323,0.24,0.06,2.58277,2.88517,0,0.562386,4.47552,99.3022,98.274,6.28398,0,0,1.97836,1.67596,0,1.7411,3.38688
82.4209,85.139,4.33606,0.26,0.06,2.58327,2.88567,0,0.48401,4.47552,99.3022,98.274,6.92279,0,0,1.97865,1.67625,0,1.52848,3.38688
85.0042,85.139,5.93966,0.29,0.06,2.58377,2.88617,0,0.484104,4.47552,99.3022,98.274,9.83851,0,0,1.97894,1.67654,0,1.52871,3.38688
85.139,85.139,7.44656,0.3,0.06,2.58427,2.88667,0,0.484198,4.47552,99.3022,98.274,11.3628,0,0,1.97923,1.67683,0,1.52893,3.38688
85.139,85.139,6.94972,0.23,0.06,2.58477,2.88717,0,0.484292,4.47552,99.3022,98.274,10.1526,0,0,1.97952,1.67712,0,1.52916,3.38688
85.139,85.139,6.88028,0.23,0.06,2.69078,2.99318,0,0.484386,4.47552,99.3022,98.274,11.5331,0,0,2.04728,1.74488,0,1.52938,3.38688
85.139,85.139,5.99882,0.23,0.06,2.6913,2.9937,0,0.504252,4.47552,99.3022,98.274,13.4701,0,0,2.04758,1.74518,0,1.58173,3.38688
85.139,85.139,4.47592,0.25,0.06,2.69182,2.99422,0,0.50435,4.47552,99.3022,98.274,9.61378,0,0,2.04789,1.74549,0,1.58196,3.38688
85.139,85.139,3.93195,0.23,0.06,2.69234,2.99474,0,0.504447,4.47552,99.3022,98.274,8.156,0,0,2.04819,1.74579,0,1.5822,3.38688
85.139,85.139,3.5849,0.2,0.06,2.65158,2.95398,0,0.504544,4.47552,99.3022,98.274,6.69075,0,0,2.02227,1.71987,0,1.58243,3.38688
85.139,85.139,3.28107,0.17,0.06,2.65209,2.95449,0,0.496905,4.47552,99.3022,98.274,6.10227,0,0,2.02257,1.72017,0,1.56241,3.38688
85.0999,85.139,3.14615,0.17,0.06,2.6526,2.955,0,0.497002,4.47552,99.3022,98.274,5.62655,0,0,2.02287,1.72047,0,1.56264,3.38688
84.9111,85.139,2.93205,0.26,0.06,2.65311,2.95551,0,0.497098,4.47552,99.3022,98.274,5.45336,0,0,2.02317,1.72077,0,1.56287,3.38688
84.5641,85.139,2.83363,0.24,0.06,2.79385,3.09625,0,0.497194,4.47552,99.3022,98.274,4.96458,0,0,2.11651,1.81411,0,1.5631,3.38688
84.0263,85.139,2.64083,0.22,0.06,2.79439,3.09679,0,0.523568,4.47552,99.3022,98.274,4.37281,0,0,2.11683,1.81443,0,1.63522,3.38688
83.2807,85.139,2.36487,0.18,0.06,2.79493,3.09733,0,0.523669,4.47552,99.3022,98.274,4.32052,0,0,2.11714,1.81474,0,1.63546,3.38688
82.5123,85.139,2.33143,0.14,0.06,2.79546,3.09786,0,0.523769,4.47552,99.3022,98.274,4.41497,0,0,2.11746,1.81506,0,1.63571,3.38688
81.6093,85.139,2.18051,0.13,0.06,2.796,3.0984,0,0.52387,4.47552,99.3022,98.274,4.14898,0,0,2.11777,1.81537,0,1.63595,3.38688
81.5768,85.139,3.06863,0.14,0.06,2.76878,3.07118,0,0.523971,4.47552,99.3022,98.274,4.95761,0,0,2.16927,1.86687,0,1.63619,3.38688
81.4127,85.139,2.90071,0.13,0.06,2.76932,3.07172,0,0.51887,4.47552,99.3022,98.274,4.78504,0,0,2.1696,1.8672,0,1.67598,3.38688
81.1198,85.139,2.74977,0.12,0.06,2.76985,3.07225,0,0.51897,4.47552,99.3022,98.274,4.55305,0,0,2.16992,1.86752,0,1.67623,3.38688
80.6327,85.139,2.54297,0.12,0.06,2.77038,3.07278,0,0.51907,4.47552,99.3022,98.274,4.23782,0,0,2.17025,1.86785,0,1.67648,3.38688
79.786,85.139,2.19472,0.12,0.06,2.84264,3.14504,0,0.51917,4.47552,99.2799,98.274,3.40243,0,0,2.21622,1.91382,0,1.67673,3.38688
79.0663,85.139,2.33746,0.12,0.06,2.84319,3.14559,0,0.532711,4.47552,99.3022,98.274,3.70753,0,0,2.21655,1.91415,0,1.71225,3.38688
78.1584,85.139,2.10758,0.17,0.06,2.84373,3.14613,0,0.532813,4.47552,99.1724,98.274,3.54322,0,0,2.21688,1.91448,0,1.71251,3.38688
77.0794,85.139,1.92035,0.17,0.06,2.84428,3.14668,0,0.532915,4.47552,98.9851,98.274,3.08495,0,0,2.21722,1.91482,0,1.71276,3.38688
75.9128,85.139,1.98905,0.17,0.06,3.05501,3.35741,0,0.533018,4.47552,98.9129,98.274,3.83902,0,0,2.38243,2.08003,0,1.71302,3.38688
74.2565,85.139,1.47298,0.17,0.06,3.05559,3.35799,0,0.572509,4.47552,98.6886,98.274,3.34027,0,0,2.38279,2.08039,0,1.84067,3.38688
73.1261,85.139,1.99547,0.17,0.06,3.05618,3.35858,0,0.572618,4.47552,98.5408,98.274,3.76164,0,0,2.38316,2.08076,0,1.84095,3.38688
72.8272,85.139,2.93387,0.2,0.06,3.05676,3.35916,0,0.572728,4.47552,98.6598,98.274,4.38634,0,0,2.38352,2.08112,0,1.84123,3.38688
72.0403,85.139,2.46794,0.2,0.06,3.05734,3.35974,0,0.572837,4.47552,98.6737,98.274,3.87992,0,0,2.38388,2.08148,0,1.8415,3.38688
70.5979,85.139,1.59542,0.2,0.06,2.9554,3.2578,0,0.572946,4.47552,98.4604,98.274,3.50292,0,0,2.28407,1.98167,0,1.84178,3.38688
70.2685,85.139,2.69994,0.2,0.06,2.95596,3.25836,0,0.553841,4.47552,98.4243,98.274,3.404,0,0,2.28442,1.98202,0,1.76467,3.38688
68.7806,85.139,1.54306,0.2,0.06,2.95653,3.25893,0,0.553947,4.47552,98.1257,98.274,2.869,0,0,2.28476,1.98236,0,1.76494,3.38688
67.4901,85.139,1.72559,0.2,0.06,2.95709,3.25949,0,0.554053,4.47552,97.7787,98.274,2.89566,0,0,2.2851,1.9827,0,1.7652,3.38688
66.0881,85.139,1.69832,0.23,0.06,2.87344,3.17584,0,0.554159,4.47552,97.5471,98.274,3.02941,0,0,2.19421,1.89181,0,1.76547,3.38688
64.5212,85.139,1.45056,0.21,0.06,2.87399,3.17639,0,0.538483,4.47552,97.0305,98.274,2.26799,0,0,2.19453,1.89213,0,1.69524,3.38688
63.5323,85.139,2.04695,0.21,0.06,2.87454,3.17694,0,0.538586,4.47552,96.6173,98.274,2.15633,0,0,2.19486,1.89246,0,1.6955,3.38688
65.5825,85.139,5.29398,0.21,0.06,2.87509,3.17749,0,0.538689,4.47552,97.1849,98.274,6.51382,0,0,2.19519,1.89279,0,1.69575,3.38688
65.9472,85.139,3.36215,0.21,0.06,2.6363,2.9387,0,0.538793,4.47552,97.2082,98.274,4.1405,0,0,2.00536,1.70296,0,1.696,3.38688
67.9671,85.139,5.08336,0.21,0.06,2.63681,2.93921,0,0.494043,4.47552,96.76,98.274,3.15615,0,0,2.00566,1.70326,0,1.54934,3.38688
69.3685,85.139,4.57769,0.21,0.06,2.63732,2.93972,0,0.494138,4.47552,97.9282,98.274,8.46675,0,0,2.00595,1.70355,0,1.54957,3.38688
70.5851,85.139,4.38408,0.21,0.06,2.63783,2.94023,0,0.494234,4.47552,98.1649,98.274,4.992,0,0,2.00625,1.70385,0,1.5498,3.38688
70.3654,85.139,2.77443,0.22,0.06,2.63834,2.94074,0,0.494329,4.47552,97.9138,98.274,3.57499,0,0,2.00654,1.70414,0,1.55003,3.38688
71.3799,85.139,4.11349,0.22,0.06,2.73098,3.03338,0,0.494425,4.47552,98.9643,98.274,6.71158,0,0,2.06194,1.75954,0,1.55025,3.38688
72.5729,85.139,4.34975,0.23,0.06,2.73148,3.03388,0,0.511785,4.47552,99.3022,98.274,5.75392,0,0,2.06223,1.75983,0,1.59306,3.38688
73.724,85.139,4.31282,0.24,0.06,2.73198,3.03438,0,0.511879,4.47552,99.3022,98.274,6.77518,0,0,2.06252,1.76012,0,1.59328,3.38688
73.7395,85.139,3.13765,0.26,0.06,2.73247,3.03487,0,0.511972,4.47552,99.3022,98.274,4.53453,0,0,2.06281,1.76041,0,1.5935,3.38688
74.1978,85.139,3.87858,0.3,0.06,3.02904,3.33144,0,0.512066,4.47552,99.3022,98.274,4.82804,0,0,2.27012,1.96772,0,1.59373,3.38688
76.0678,85.139,5.30133,0.23,0.06,3.02959,3.33199,0,0.567642,4.47552,99.3022,98.274,6.91119,0,0,2.27044,1.96804,0,1.7539,3.38688
78.1096,85.139,5.71903,0.25,0.06,3.03013,3.33253,0,0.567744,4.47552,99.3022,98.274,6.74711,0,0,2.27077,1.96837,0,1.75415,3.38688
78.4997,85.139,3.86388,0.3,0.06,3.03068,3.33308,0,0.567847,4.47552,99.3022,98.274,4.4365,0,0,2.27109,1.96869,0,1.7544,3.38688
80.9388,85.139,5.6394,0.33,0.06,2.60867,2.91107,0,0.56795,4.47552,99.3022,98.274,5.92189,0,0,1.99341,1.69101,0,1.75465,3.38688
82.6254,85.139,4.97623,0.25,0.06,2.60915,2.91155,0,0.488865,4.47552,99.3022,98.274,5.85784,0,0,1.99369,1.69129,0,1.54011,3.38688
84.811,85.139,5.57739,0.28,0.06,2.60963,2.91203,0,0.488955,4.47552,99.3022,98.274,8.91517,0,0,1.99397,1.69157,0,1.54032,3.38688
85.139,85.139,5.84153,0.3,0.06,2.61011,2.91251,0,0.489045,4.47552,99.3022,98.274,8.2611,0,0,1.99424,1.69184,0,1.54054,3.38688
85.139,85.139,4.64777,0.22,0.06,2.61059,2.91299,0,0.489135,4.47552,99.3022,98.274,7.79573,0,0,1.99452,1.69212,0,1.54075,3.38688
85.139,85.139,8.29253,0.23,0.06,2.71752,3.01992,0,0.489224,4.47552,99.3022,98.274,9.0174,0,0,2.06287,1.76047,0,1.54097,3.38688
85.139,85.139,10.416,0.25,0.06,2.71802,3.02042,0,0.509263,4.47552,99.3022,98.274,10.4019,0,0,2.06316,1.76076,0,1.59377,3.38688
85.139,85.139,7.48018,0.26,0.06,2.71851,3.02091,0,0.509356,4.47552,99.3022,98.274,7.95813,0,0,2.06345,1.76105,0,1.594,3.38688
85.139,85.139,6.42329,0.24,0.06,2.71901,3.02141,0,0.50945,4.47552,99.3022,98.274,7.63291,0,0,2.06374,1.76134,0,1.59422,3.38688
85.139,85.139,5.17961,0.21,0.06,2.67786,2.98026,0,0.509543,4.47552,99.3022,98.274,6.45691,0,0,2.03757,1.73517,0,1.59444,3.38688
85.139,85.139,4.12366,0.2,0.06,2.67835,2.98075,0,0.501831,4.47552,99.3022,98.274,4.64913,0,0,2.03786,1.73546,0,1.57423,3.38688
85.139,85.139,3.89078,0.17,0.06,2.67884,2.98124,0,0.501923,4.47552,99.3022,98.274,4.5076,0,0,2.03814,1.73574,0,1.57445,3.38688
85.139,85.139,3.68556,0.14,0.06,2.67933,2.98173,0,0.502015,4.47552,99.3022,98.274,5.42588,0,0,2.03843,1.73603,0,1.57467,3.38688
85.139,85.139,3.39095,0.13,0.06,2.82129,3.12369,0,0.502106,4.47552,99.3022,98.274,4.49061,0,0,2.13259,1.83019,0,1.57489,3.38688
85.0488,85.139,3.07685,0.11,0.06,2.8218,3.1242,0,0.528709,4.47552,99.3022,98.274,3.81565,0,0,2.13289,1.83049,0,1.64764,3.38688
85.0376,85.139,3.04955,0.2,0.06,2.82232,3.12472,0,0.528806,4.47552,99.3022,98.274,3.82542,0,0,2.13319,1.83079,0,1.64787,3.38688
84.7066,85.139,2.70958,0.16,0.06,2.82283,3.12523,0,0.528902,4.47552,99.3022,98.274,3.21506,0,0,2.13349,1.83109,0,1.6481,3.38688
84.2834,85.139,2.60232,0.17,0.06,2.82334,3.12574,0,0.528998,4.47552,99.1832,98.274,2.87455,0,0,2.13379,1.83139,0,1.64834,3.38688
84.0151,85.139,2.71069,0.16,0.06,2.79586,3.09826,0,0.529095,4.47552,99.084,98.274,3.157,0,0,2.18573,1.88333,0,1.64857,3.38688
83.6788,85.139,2.63795,0.14,0.06,2.79637,3.09877,0,0.523944,4.47552,98.9618,98.274,3.05895,0,0,2.18604,1.88364,0,1.6887,3.38688
83.1306,85.139,2.42237,0.13,0.06,2.79688,3.09928,0,0.524039,4.47552,98.8203,98.274,3.06893,0,0,2.18635,1.88395,0,1.68894,3.38688
82.3892,85.139,2.21776,0.14,0.06,2.79739,3.09979,0,0.524135,4.47552,98.6277,98.274,2.72347,0,0,2.18666,1.88426,0,1.68918,3.38688
81.547,85.139,2.14538,0.14,0.06,2.87025,3.17265,0,0.52423,4.47552,98.3918,98.274,2.64891,0,0,2.23302,1.93062,0,1.68941,3.38688
80.5871,85.139,2.00369,0.13,0.06,2.87077,3.17317,0,0.537885,4.47552,98.1424,98.274,2.58423,0,0,2.23334,1.93094,0,1.72523,3.38688
79.4708,85.139,1.83481,0.13,0.06,2.8713,3.1737,0,0.537983,4.47552,97.8692,98.274,2.42087,0,0,2.23366,1.93126,0,1.72548,3.38688
78.1317,85.139,1.58482,0.14,0.06,2.87182,3.17422,0,0.538081,4.47552,97.5874,98.274,2.40195,0,0,2.23397,1.93157,0,1.72572,3.38688
76.4152,85.139,1.37896,0.18,0.06,3.08437,3.38677,0,0.538179,4.47552,97.2787,98.274,2.31406,0,0,2.40062,2.09822,0,1.72597,3.38688
75.101,85.139,1.76437,0.18,0.06,3.08492,3.38732,0,0.57801,4.47552,97.0365,98.274,2.42429,0,0,2.40096,2.09856,0,1.85472,3.38688
74.0272,85.139,1.99715,0.18,0.06,3.08548,3.38788,0,0.578115,4.47552,96.8132,98.274,2.65329,0,0,2.40131,2.09891,0,1.85499,3.38688
72.9418,85.139,1.96959,0.17,0.06,3.08604,3.38844,0,0.578219,4.47552,96.6032,98.274,2.55789,0,0,2.40166,2.09926,0,1.85525,3.38688
71.4064,85.139,1.51998,0.19,0.06,3.08659,3.38899,0,0.578323,4.47552,96.2907,98.274,2.29412,0,0,2.402,2.0996,0,1.85552,3.38688
71.4469,85.139,3.00809,0.19,0.06,2.98373,3.28613,0,0.578428,4.47552,96.2203,98.274,3.36177,0,0,2.30131,1.99891,0,1.85579,3.38688
72.3783,85.139,3.94109,0.2,0.06,2.98427,3.28667,0,0.559151,4.47552,96.5939,98.274,5.00635,0,0,2.30164,1.99924,0,1.77799,3.38688
73.0635,85.139,3.73729,0.2,0.06,2.98481,3.28721,0,0.559253,4.47552,96.9869,98.274,4.93914,0,0,2.30197,1.99957,0,1.77824,3.38688
74.1806,85.139,4.27795,0.2,0.06,2.98535,3.28775,0,0.559354,4.47552,97.7089,98.274,6.00809,0,0,2.30229,1.99989,0,1.7785,3.38688
75.6852,85.139,4.93502,0.16,0.06,2.90095,3.20335,0,0.559455,4.47552,98.7119,98.274,5.99247,0,0,2.21059,1.90819,0,1.77875,3.38688
76.9795,85.139,4.56887,0.15,0.06,2.90148,3.20388,0,0.543638,4.47552,99.3022,98.274,6.8793,0,0,2.21091,1.90851,0,1.7079,3.38688
81.2092,85.139,7.55017,0.16,0.06,2.902,3.2044,0,0.543737,4.47552,99.3022,98.274,5.92818,0,0,2.21122,1.90882,0,1.70815,3.38688
83.2024,85.139,5.36702,0.14,0.06,2.90253,3.20493,0,0.543835,4.47552,99.3022,98.274,5.52806,0,0,2.21153,1.90913,0,1.70839,3.38688
85.139,85.139,6.3177,0.14,0.06,2.66165,2.96405,0,0.543934,4.47552,99.3022,98.274,6.80666,0,0,2.02005,1.71765,0,1.70863,3.38688
85.139,85.139,5.29768,0.13,0.06,2.66214,2.96454,0,0.498793,4.47552,99.3022,98.274,8.00682,0,0,2.02033,1.71793,0,1.56069,3.38688
85.139,85.139,4.17899,0.13,0.06,2.66262,2.96502,0,0.498884,4.47552,99.3022,98.274,7.4883,0,0,2.02061,1.71821,0,1.56091,3.38688
85.139,85.139,5.16215,0.13,0.06,2.66311,2.96551,0,0.498976,4.47552,99.3022,98.274,9.89752,0,0,2.0209,1.7185,0,1.56113,3.38688
85.139,85.139,4.06109,0.14,0.06,2.6636,2.966,0,0.499067,4.47552,99.3022,98.274,4.15535,0,0,2.02118,1.71878,0,1.56134,3.38688
85.139,85.139,4.9594,0.14,0.06,2.757,3.0594,0,0.499158,4.47552,99.3022,98.274,5.13206,0,0,2.07704,1.77464,0,1.56156,3.38688
85.139,85.139,9.99749,0.14,0.08,2.75748,3.05988,0,0.516662,4.47552,99.3022,98.274,7.43896,0,0,2.07731,1.77491,0,1.60472,3.38688
85.139,85.139,11.9914,0.14,0.08,2.75796,3.06036,0,0.516752,4.47552,99.3022,98.274,7.96084,0,0,2.07759,1.77519,0,1.60493,3.38688
85.139,85.139,6.23034,0.14,0.08,2.75843,3.06083,0,0.516841,4.47552,99.3022,98.274,4.58241,0,0,2.07787,1.77547,0,1.60515,3.38688
85.139,85.139,4.81855,0.15,0.08,3.0575,3.3599,0,0.51693,4.47552,99.3022,98.274,4.00025,0,0,2.28693,1.98453,0,1.60536,3.38688
85.139,85.139,6.69791,0.15,0.08,3.05803,3.36043,0,0.572976,4.47552,99.3022,98.274,5.82929,0,0,2.28724,1.98484,0,1.76688,3.38688
85.139,85.139,6.0735,0.15,0.08,3.05855,3.36095,0,0.573074,4.47552,99.3022,98.274,5.72252,0,0,2.28755,1.98515,0,1.76712,3.38688
85.139,85.139,4.48764,0.16,0.08,3.05907,3.36147,0,0.573172,4.47552,99.3022,98.274,4.19449,0,0,2.28786,1.98546,0,1.76736,3.38688
85.139,85.139,5.42162,0.16,0.08,2.63344,2.93584,0,0.57327,4.47552,99.3022,98.274,7.16472,0,0,2.0078,1.7054,0,1.7676,3.38688
85.139,85.139,10.0662,0.2,0.08,2.6339,2.9363,0,0.493507,4.47552,99.3022,98.274,16.4918,0,0,2.00806,1.70566,0,1.55122,3.38688
85.139,85.139,9.57295,0.21,0.08,2.63436,2.93676,0,0.493593,4.47552,99.3022,98.274,13.7422,0,0,2.00833,1.70593,0,1.55143,3.38688
85.139,85.139,7.02322,0.24,0.08,2.63481,2.93721,0,0.493678,4.47552,99.3022,98.274,9.18953,0,0,2.00859,1.70619,0,1.55163,3.38688
85.139,85.139,6.31018,0.25,0.08,2.63527,2.93767,0,0.493764,4.47552,99.3022,98.274,8.0948,0,0,2.00886,1.70646,0,1.55184,3.38688
85.139,85.139,6.00332,0.26,0.08,2.74308,3.04548,0,0.49385,4.47552,99.3022,98.274,6.96683,0,0,2.07777,1.77537,0,1.55204,3.38688
85.139,85.139,3.67933,0.27,0.08,2.74355,3.04595,0,0.514053,4.47552,99.3022,98.274,6.51164,0,0,2.07804,1.77564,0,1.60528,3.38688
85.139,85.139,5.18247,0.27,0.08,2.74403,3.04643,0,0.514142,4.47552,99.3022,98.274,11.7916,0,0,2.07832,1.77592,0,1.6055,3.38688
85.139,85.139,3.47331,0.27,0.08,2.7445,3.0469,0,0.514231,4.47552,99.3022,98.274,6.26992,0,0,2.0786,1.7762,0,1.60571,3.38688
85.139,85.139,3.36898,0.24,0.08,2.70298,3.00538,0,0.51432,4.47552,99.3022,98.274,4.95734,0,0,2.0522,1.7498,0,1.60592,3.38688
85.139,85.139,3.4338,0.21,0.08,2.70344,3.00584,0,0.506538,4.47552,99.3022,98.274,3.92948,0,0,2.05247,1.75007,0,1.58553,3.38688
85.0311,85.139,3.02266,0.21,0.08,2.70391,3.00631,0,0.506625,4.47552,99.3022,98.274,4.2816,0,0,2.05274,1.75034,0,1.58574,3.38688
84.7469,85.139,2.83489,0.29,0.08,2.70438,3.00678,0,0.506713,4.47552,99.3022,98.274,3.60073,0,0,2.05301,1.75061,0,1.58595,3.38688
84.8523,85.139,3.3311,0.26,0.08,2.8475,3.1499,0,0.506801,4.47552,99.3022,98.274,3.83518,0,0,2.14795,1.84555,0,1.58616,3.38688
84.9218,85.139,3.33954,0.24,0.08,2.84799,3.15039,0,0.533622,4.47552,99.3022,98.274,3.83568,0,0,2.14824,1.84584,0,1.6595,3.38688
84.506,85.139,2.68834,0.22,0.08,2.84848,3.15088,0,0.533714,4.47552,99.3022,98.274,3.53107,0,0,2.14852,1.84612,0,1.65973,3.38688
84.0003,85.139,2.55503,0.19,0.08,2.84897,3.15137,0,0.533806,4.47552,99.3022,98.274,3.28102,0,0,2.14881,1.84641,0,1.65995,3.38688
83.4323,85.139,2.48229,0.17,0.08,2.84946,3.15186,0,0.533898,4.47552,99.3022,98.274,3.42937,0,0,2.1491,1.8467,0,1.66017,3.38688
82.6746,85.139,2.2397,0.17,0.08,2.82172,3.12412,0,0.533989,4.47552,99.2259,98.274,3.01755,0,0,2.20145,1.89905,0,1.66039,3.38688
81.7869,85.139,2.09654,0.17,0.08,2.82221,3.12461,0,0.52879,4.47552,99.0625,98.274,2.76163,0,0,2.20175,1.89935,0,1.70084,3.38688
80.7277,85.139,1.91907,0.16,0.08,2.82269,3.12509,0,0.528881,4.47552,98.8916,98.274,2.74331,0,0,2.20204,1.89964,0,1.70107,3.38688
79.5038,85.139,1.73551,0.15,0.08,2.82318,3.12558,0,0.528973,4.47552,98.6671,98.274,2.4698,0,0,2.20234,1.89994,0,1.7013,3.38688
78.1667,85.139,1.63937,0.15,0.08,2.89662,3.19902,0,0.529064,4.47552,98.3508,98.274,2.41149,0,0,2.24907,1.94667,0,1.70153,3.38688
77.0904,85.139,1.91384,0.19,0.08,2.89712,3.19952,0,0.542827,4.47552,98.2406,98.274,2.82986,0,0,2.24937,1.94697,0,1.73763,3.38688
75.898,85.139,1.77131,0.19,0.08,2.89762,3.20002,0,0.54292,4.47552,98.0153,98.274,2.84902,0,0,2.24967,1.94727,0,1.73786,3.38688
74.588,85.139,1.64138,0.18,0.08,2.89811,3.20051,0,0.543013,4.47552,97.7355,98.274,2.53641,0,0,2.24998,1.94758,0,1.7381,3.38688
73.1488,85.139,1.67051,0.18,0.08,3.11239,3.41479,0,0.543107,4.47552,97.5312,98.274,2.89154,0,0,2.41798,2.11558,0,1.73833,3.38688
72.1273,85.139,2.10287,0.19,0.08,3.11293,3.41533,0,0.583263,4.47552,97.5005,98.274,3.15033,0,0,2.41831,2.11591,0,1.86813,3.38688
70.704,85.139,1.71048,0.19,0.08,3.11346,3.41586,0,0.583362,4.47552,97.2187,98.274,2.2989,0,0,2.41864,2.11624,0,1.86839,3.38688
69.6263,85.139,2.02401,0.19,0.08,3.11399,3.41639,0,0.583462,4.47552,97.3679,98.274,3.71702,0,0,2.41897,2.11657,0,1.86864,3.38688
68.1869,85.139,1.63852,0.19,0.08,3.11452,3.41692,0,0.583561,4.47552,97.2112,98.274,2.78427,0,0,2.4193,2.1169,0,1.8689,3.38688
67.1816,85.139,1.97531,0.2,0.08,3.01078,3.31318,0,0.583661,4.47552,97.1763,98.274,3.69877,0,0,2.31776,2.01536,0,1.86915,3.38688
66.358,85.139,2.22763,0.21,0.08,3.0113,3.3137,0,0.56422,4.47552,97.4474,98.274,5.07823,0,0,2.31807,2.01567,0,1.7907,3.38688
65.5395,85.139,2.24833,0.21,0.08,3.01181,3.31421,0,0.564317,4.47552,97.8576,98.274,5.33499,0,0,2.31839,2.01599,0,1.79094,3.38688
64.8858,85.139,2.46412,0.21,0.08,3.01233,3.31473,0,0.564413,4.47552,98.3364,98.274,5.70986,0,0,2.3187,2.0163,0,1.79119,3.38688
64.8585,85.139,3.25449,0.22,0.08,2.9272,3.2296,0,0.56451,4.47552,99.3022,98.274,7.22965,0,0,2.22623,1.92383,0,1.79143,3.38688
66.6838,85.139,5.01522,0.22,0.08,2.9277,3.2301,0,0.548558,4.47552,99.3022,98.274,4.74361,0,0,2.22653,1.92413,0,1.71999,3.38688
70.096,85.139,6.72284,0.22,0.08,2.92821,3.23061,0,0.548652,4.47552,99.3022,98.274,6.02395,0,0,2.22683,1.92443,0,1.72022,3.38688
73.6391,85.139,6.89502,0.2,0.08,2.92871,3.23111,0,0.548746,4.47552,99.3022,98.274,7.19466,0,0,2.22713,1.92473,0,1.72045,3.38688
76.6363,85.139,6.17545,0.19,0.08,2.68583,2.98823,0,0.54884,4.47552,99.3022,98.274,6.0153,0,0,2.03406,1.73166,0,1.72068,3.38688
80.9408,85.139,7.81388,0.19,0.08,2.6863,2.9887,0,0.503325,4.47552,99.3022,98.274,8.05451,0,0,2.03433,1.73193,0,1.57152,3.38688
85.139,85.139,11.3493,0.17,0.08,2.68676,2.98916,0,0.503412,4.47552,99.3022,98.274,15.6468,0,0,2.0346,1.7322,0,1.57173,3.38688
85.139,85.139,8.66091,0.14,0.08,2.68723,2.98963,0,0.503499,4.47552,99.3022,98.274,10.5603,0,0,2.03487,1.73247,0,1.57193,3.38688
85.139,85.139,9.78431,0.14,0.08,2.68769,2.99009,0,0.503586,4.47552,99.3022,98.274,10.2875,0,0,2.03514,1.73274,0,1.57214,3.38688
85.139,85.139,9.04433,0.14,0.08,2.68769,2.99009,0,0.503674,4.47552,99.3022,98.274,10.9427,0,0,2.03514,1.73274,0,1.57235,3.38688
85.139,85.139,9.84829,0.15,0.08,2.78183,3.08423,0,0.503674,4.47552,99.3022,98.274,12.4591,0,0,2.09144,1.78904,0,1.57235,3.38688
85.139,85.139,6.46614,0.16,0.08,2.78228,3.08468,0,0.521315,4.47552,99.3022,98.274,6.8695,0,0,2.0917,1.7893,0,1.61585,3.38688
85.139,85.139,5.24807,0.16,0.08,2.78274,3.08514,0,0.5214,4.47552,99.3022,98.274,4.81996,0,0,2.09196,1.78956,0,1.61605,3.38688
85.139,85.139,5.75456,0.15,0.08,2.78319,3.08559,0,0.521485,4.47552,99.3022,98.274,6.05177,0,0,2.09223,1.78983,0,1.61625,3.38688
85.139,85.139,9.37829,0.15,0.08,3.08465,3.38705,0,0.52157,4.47552,99.3022,98.274,9.71459,0,0,2.30297,2.00057,0,1.61646,3.38688
85.139,85.139,7.50958,0.16,0.08,3.08515,3.38755,0,0.578063,4.47552,99.3022,98.274,6.3007,0,0,2.30326,2.00086,0,1.77927,3.38688
85.139,85.139,6.42422,0.19,0.08,3.08564,3.38804,0,0.578157,4.47552,99.3022,98.274,5.26042,0,0,2.30356,2.00116,0,1.7795,3.38688
85.139,85.139,8.73837,0.21,0.08,3.08614,3.38854,0,0.57825,4.47552,99.3022,98.274,9.01555,0,0,2.30385,2.00145,0,1.77973,3.38688
85.139,85.139,6.03179,0.22,0.08,2.65706,2.95946,0,0.578343,4.47552,99.3022,98.274,5.47415,0,0,2.02152,1.71912,0,1.77995,3.38688
85.139,85.139,4.37118,0.25,0.08,2.65749,2.95989,0,0.497933,4.47552,99.3022,98.274,4.9674,0,0,2.02177,1.71937,0,1.56182,3.38688
85.139,85.139,5.7952,0.27,0.08,2.65793,2.96033,0,0.498014,4.47552,99.3022,98.274,4.69395,0,0,2.02202,1.71962,0,1.56202,3.38688
85.139,85.139,4.7918,0.29,0.08,2.65836,2.96076,0,0.498096,4.47552,99.3022,98.274,6.06793,0,0,2.02227,1.71987,0,1.56221,3.38688
85.139,85.139,4.91634,0.29,0.08,2.6588,2.9612,0,0.498177,4.47552,99.3022,98.274,4.13147,0,0,2.02253,1.72013,0,1.56241,3.38688
85.139,85.139,3.67274,0.29,0.08,2.76744,3.06984,0,0.498259,4.47552,99.3022,98.274,3.41394,0,0,2.09197,1.78957,0,1.5626,3.38688
85.139,85.139,3.71742,0.29,0.08,2.7679,3.0703,0,0.518619,4.47552,99.2986,98.274,3.255,0,0,2.09223,1.78983,0,1.61626,3.38688
85.008,85.139,3.08096,0.31,0.08,2.76835,3.07075,0,0.518704,4.47552,99.1332,98.274,3.23926,0,0,2.0925,1.7901,0,1.61646,3.38688
85.139,85.139,3.4104,0.37,0.08,2.7688,3.0712,0,0.518788,4.47552,99.0023,98.274,3.25783,0,0,2.09276,1.79036,0,1.61666,3.38688
85.139,85.139,3.20457,0.27,0.08,2.72691,3.02931,0,0.518873,4.47552,99.0784,98.274,3.17611,0,0,2.06613,1.76373,0,1.61687,3.38688
84.8906,85.139,2.85873,0.24,0.08,2.72736,3.02976,0,0.511024,4.47552,98.9791,98.274,2.85588,0,0,2.06639,1.76399,0,1.59629,3.38688
84.5408,85.139,2.68905,0.34,0.08,2.7278,3.0302,0,0.511107,4.47552,98.8499,98.274,2.82306,0,0,2.06665,1.76425,0,1.5965,3.38688
84.1007,85.139,2.5903,0.28,0.08,2.72825,3.03065,0,0.511191,4.47552,98.7209,98.274,2.9158,0,0,2.06691,1.76451,0,1.5967,3.38688
83.5991,85.139,2.69107,0.28,0.08,2.87248,3.17488,0,0.511274,4.47552,98.7761,98.274,3.13779,0,0,2.16258,1.86018,0,1.5969,3.38688
82.9453,85.139,2.50569,0.26,0.08,2.87295,3.17535,0,0.538303,4.47552,98.6771,98.274,2.94572,0,0,2.16286,1.86046,0,1.67081,3.38688
82.1229,85.139,2.28573,0.21,0.08,2.87341,3.17581,0,0.53839,4.47552,98.568,98.274,2.924,0,0,2.16313,1.86073,0,1.67102,3.38688
81.2632,85.139,2.23719,0.17,0.08,2.87388,3.17628,0,0.538478,4.47552,98.5223,98.274,2.97678,0,0,2.1634,1.861,0,1.67123,3.38688
80.4293,85.139,2.25623,0.18,0.08,2.87435,3.17675,0,0.538565,4.47552,98.4891,98.274,2.75056,0,0,2.16368,1.86128,0,1.67145,3.38688
79.6638,85.139,2.24878,0.18,0.08,2.84636,3.14876,0,0.538653,4.47552,98.5131,98.274,2.82497,0,0,2.21643,1.91403,0,1.67166,3.38688
78.7755,85.139,2.08013,0.18,0.08,2.84682,3.14922,0,0.533407,4.47552,98.5147,98.274,2.71399,0,0,2.21671,1.91431,0,1.71241,3.38688
77.7632,85.139,1.94266,0.21,0.08,2.84728,3.14968,0,0.533494,4.47552,98.5192,98.274,2.76481,0,0,2.21699,1.91459,0,1.71263,3.38688
76.6569,85.139,1.83805,0.2,0.08,2.84774,3.15014,0,0.533581,4.47552,98.486,98.274,2.67756,0,0,2.21727,1.91487,0,1.71285,3.38688
75.6198,85.139,1.94628,0.19,0.08,2.92174,3.22414,0,0.533667,4.47552,98.3902,98.274,2.54566,0,0,2.26435,1.96195,0,1.71306,3.38688
74.7037,85.139,2.08188,0.19,0.08,2.92221,3.22461,0,0.547533,4.47552,98.367,98.274,2.96032,0,0,2.26464,1.96224,0,1.74944,3.38688
73.6616,85.139,1.92522,0.18,0.08,2.92268,3.22508,0,0.547622,4.47552,98.2322,98.274,2.79757,0,0,2.26493,1.96253,0,1.74966,3.38688
72.4612,85.139,1.75208,0.21,0.08,2.92316,3.22556,0,0.547711,4.47552,98.0451,98.274,2.46515,0,0,2.26522,1.96282,0,1.74988,3.38688
70.921,85.139,1.57343,0.2,0.08,3.13908,3.44148,0,0.547799,4.47552,98.0167,98.274,3.03949,0,0,2.43452,2.13212,0,1.75011,3.38688
69.4621,85.139,1.63607,0.2,0.08,3.13959,3.44199,0,0.588264,4.47552,98.0255,98.274,3.12614,0,0,2.43483,2.13243,0,1.88091,3.38688
68.7867,85.139,2.4537,0.2,0.08,3.14009,3.44249,0,0.588359,4.47552,98.2213,98.274,3.68127,0,0,2.43514,2.13274,0,1.88115,3.38688
69.0572,85.139,3.443,0.21,0.08,3.1406,3.443,0,0.588454,4.47552,98.7532,98.274,4.15217,0,0,2.43546,2.13306,0,1.88139,3.38688
68.1051,85.139,2.2004,0.21,0.08,3.1411,3.4435,0,0.588548,4.47552,98.7969,98.274,3.03007,0,0,2.43577,2.13337,0,1.88163,3.38688
67.7299,85.139,2.64227,0.23,0.08,3.03653,3.33893,0,0.588643,4.47552,98.7482,98.274,2.93695,0,0,2.33342,2.03102,0,1.88188,3.38688
66.9034,85.139,2.18544,0.23,0.08,3.03702,3.33942,0,0.569046,4.47552,99.0487,98.274,4.56602,0,0,2.33372,2.03132,0,1.8028,3.38688
65.7268,85.139,1.82412,0.22,0.08,3.03751,3.33991,0,0.569137,4.47552,98.7816,98.274,2.4658,0,0,2.33402,2.03162,0,1.80303,3.38688
65.2761,85.139,2.60188,0.22,0.08,3.038,3.3404,0,0.569229,4.47552,98.7121,98.274,2.83997,0,0,2.33432,2.03192,0,1.80326,3.38688
66.6049,85.139,4.56566,0.22,0.08,2.95219,3.25459,0,0.569321,4.47552,99.1825,98.274,4.9566,0,0,2.24111,1.93871,0,1.80349,3.38688
68.3799,85.139,4.88131,0.22,0.08,2.95266,3.25506,0,0.55324,4.47552,99.3022,98.274,5.72624,0,0,2.2414,1.939,0,1.73148,3.38688
69.7943,85.139,4.56553,0.2,0.08,2.95314,3.25554,0,0.553329,4.47552,99.3022,98.274,6.26428,0,0,2.24168,1.93928,0,1.7317,3.38688
71.2911,85.139,4.68979,0.2,0.08,2.95362,3.25602,0,0.553419,4.47552,99.3022,98.274,4.82144,0,0,2.24197,1.93957,0,1.73192,3.38688
73.9664,85.139,5.79631,0.21,0.08,2.70885,3.01125,0,0.553508,4.47552,99.3022,98.274,6.22236,0,0,2.0474,1.745,0,1.73214,3.38688
76.9744,85.139,6.24076,0.2,0.08,2.70929,3.01169,0,0.507638,4.47552,99.3022,98.274,7.94155,0,0,2.04766,1.74526,0,1.58182,3.38688
83.1895,85.139,9.42192,0.2,0.08,2.70973,3.01213,0,0.507721,4.47552,99.3022,98.274,10.6303,0,0,2.04791,1.74551,0,1.58202,3.38688
85.139,85.139,11.5602,0.19,0.08,2.71017,3.01257,0,0.507804,4.47552,99.3022,98.274,10.2716,0,0,2.04817,1.74577,0,1.58222,3.38688
85.139,85.139,12.9292,0.15,0.08,2.71062,3.01302,0,0.507886,4.47552,99.3022,98.274,11.5972,0,0,2.04843,1.74603,0,1.58242,3.38688
85.139,85.139,10.3364,0.16,0.08,2.80545,3.10785,0,0.507969,4.47552,99.3022,98.274,10.1561,0,0,2.10514,1.80274,0,1.58261,3.38688
85.139,85.139,7.31714,0.16,0.08,2.80588,3.10828,0,0.525741,4.47552,99.3022,98.274,5.64113,0,0,2.10539,1.80299,0,1.62643,3.38688
85.139,85.139,6.83974,0.16,0.08,2.80631,3.10871,0,0.525821,4.47552,99.3022,98.274,4.96338,0,0,2.10564,1.80324,0,1.62662,3.38688
85.139,85.139,6.392,0.16,0.08,2.80674,3.10914,0,0.525902,4.47552,99.3022,98.274,5.57098,0,0,2.10589,1.80349,0,1.62682,3.38688
85.139,85.139,12.5851,0.17,0.08,3.11047,3.41287,0,0.525983,4.47552,99.3022,98.274,8.05499,0,0,2.31822,2.01582,0,1.62701,3.38688
85.139,85.139,8.61741,0.18,0.08,3.11094,3.41334,0,0.582902,4.47552,99.3022,98.274,5.43249,0,0,2.3185,2.0161,0,1.79105,3.38688
85.139,85.139,6.93879,0.2,0.08,3.11141,3.41381,0,0.58299,4.47552,99.3022,98.274,5.51503,0,0,2.31877,2.01637,0,1.79127,3.38688
85.139,85.139,6.64527,0.21,0.08,3.11188,3.41428,0,0.583078,4.47552,99.3022,98.274,5.37715,0,0,2.31905,2.01665,0,1.79149,3.38688
85.139,85.139,7.61466,0.24,0.08,2.67951,2.98191,0,0.583167,4.47552,99.3022,98.274,8.84225,0,0,2.03456,1.73216,0,1.7917,3.38688
85.139,85.139,5.9457,0.28,0.08,2.67993,2.98233,0,0.502141,4.47552,99.3022,98.274,6.71653,0,0,2.0348,1.7324,0,1.5719,3.38688
85.139,85.139,6.09823,0.28,0.08,2.68034,2.98274,0,0.502218,4.47552,99.3022,98.274,4.91069,0,0,2.03504,1.73264,0,1.57209,3.38688
85.139,85.139,4.17511,0.29,0.08,2.68075,2.98315,0,0.502295,4.47552,99.3022,98.274,3.40971,0,0,2.03528,1.73288,0,1.57227,3.38688
85.139,85.139,4.01438,0.3,0.08,2.68116,2.98356,0,0.502373,4.47552,99.3022,98.274,3.65383,0,0,2.03552,1.73312,0,1.57246,3.38688
85.139,85.139,4.12686,0.3,0.08,2.7906,3.093,0,0.50245,4.47552,99.3022,98.274,3.83195,0,0,2.10547,1.80307,0,1.57264,3.38688
85.139,85.139,4.17834,0.32,0.08,2.79103,3.09343,0,0.522959,4.47552,99.3022,98.274,3.89803,0,0,2.10572,1.80332,0,1.62669,3.38688
85.139,85.139,3.96142,0.31,0.08,2.79146,3.09386,0,0.523039,4.47552,99.3022,98.274,4.16273,0,0,2.10597,1.80357,0,1.62688,3.38688
85.139,85.139,4.28393,0.3,0.08,2.79189,3.09429,0,0.52312,4.47552,99.3022,98.274,5.04366,0,0,2.10622,1.80382,0,1.62707,3.38688
85.139,85.139,3.48007,0.28,0.08,2.74966,3.05206,0,0.5232,4.47552,99.3022,98.274,3.9393,0,0,2.07938,1.77698,0,1.62727,3.38688
85.139,85.139,3.5064,0.25,0.08,2.75008,3.05248,0,0.515287,4.47552,99.3022,98.274,3.65036,0,0,2.07962,1.77722,0,1.60653,3.38688
85.0258,85.139,3.05318,0.24,0.08,2.75051,3.05291,0,0.515366,4.47552,99.3022,98.274,3.24439,0,0,2.07987,1.77747,0,1.60672,3.38688
84.7285,85.139,2.86128,0.31,0.08,2.75093,3.05333,0,0.515445,4.47552,99.3022,98.274,3.62869,0,0,2.08012,1.77772,0,1.60691,3.38688
84.5274,85.139,3.06294,0.29,0.08,2.89621,3.19861,0,0.515524,4.47552,99.273,98.274,3.1411,0,0,2.17649,1.87409,0,1.6071,3.38688
84.2812,85.139,2.97682,0.28,0.08,2.89665,3.19905,0,0.54275,4.47552,99.2013,98.274,2.94342,0,0,2.17675,1.87435,0,1.68155,3.38688
83.9131,85.139,2.84405,0.25,0.08,2.8971,3.1995,0,0.542833,4.47552,99.133,98.274,3.08525,0,0,2.17701,1.87461,0,1.68175,3.38688
83.3151,85.139,2.63188,0.23,0.08,2.89754,3.19994,0,0.542916,4.47552,99.0272,98.274,2.94078,0,0,2.17726,1.87486,0,1.68195,3.38688
82.7218,85.139,2.53649,0.21,0.08,2.89798,3.20038,0,0.542999,4.47552,98.9318,98.274,2.88647,0,0,2.17752,1.87512,0,1.68215,3.38688
82.0817,85.139,2.42973,0.2,0.08,2.86975,3.17215,0,0.543082,4.47552,98.8071,98.274,2.64172,0,0,2.23065,1.92825,0,1.68235,3.38688
81.3389,85.139,2.29829,0.2,0.08,2.87019,3.17259,0,0.537792,4.47552,98.6274,98.274,2.55788,0,0,2.23092,1.92852,0,1.7234,3.38688
80.4817,85.139,2.16657,0.2,0.08,2.87063,3.17303,0,0.537874,4.47552,98.3622,98.274,2.40878,0,0,2.23118,1.92878,0,1.72361,3.38688
79.49,85.139,2.02121,0.19,0.08,2.87107,3.17347,0,0.537956,4.47552,97.9199,98.274,2.25673,0,0,2.23145,1.92905,0,1.72381,3.38688
78.4243,85.139,1.97922,0.18,0.08,2.94558,3.24798,0,0.538039,4.47552,97.5614,98.274,2.04805,0,0,2.27886,1.97646,0,1.72402,3.38688
77.3198,85.139,1.93334,0.2,0.08,2.94603,3.24843,0,0.552002,4.47552,97.1304,98.274,2.11467,0,0,2.27913,1.97673,0,1.76065,3.38688
76.106,85.139,1.80528,0.19,0.08,2.94648,3.24888,0,0.552086,4.47552,96.5543,98.274,1.99005,0,0,2.27941,1.97701,0,1.76086,3.38688
74.7613,85.139,1.65693,0.19,0.08,2.94693,3.24933,0,0.55217,4.47552,96.1098,98.274,1.87926,0,0,2.27968,1.97728,0,1.76107,3.38688
73.6161,85.139,1.98819,0.19,0.08,3.16442,3.46682,0,0.552254,4.47552,95.8546,98.274,2.67069,0,0,2.45021,2.14781,0,1.76128,3.38688
72.7663,85.139,2.29268,0.21,0.08,3.1649,3.4673,0,0.593012,4.47552,95.6114,98.274,2.79075,0,0,2.45051,2.14811,0,1.89304,3.38688
71.748,85.139,2.09677,0.21,0.08,3.16537,3.46777,0,0.593101,4.47552,95.1712,98.274,2.22207,0,0,2.45081,2.14841,0,1.89326,3.38688
70.0586,85.139,1.43815,0.21,0.08,3.16585,3.46825,0,0.593191,4.47552,94.6569,98.274,1.94096,0,0,2.4511,2.1487,0,1.89349,3.38688
68.5795,85.139,1.66698,0.21,0.08,3.16633,3.46873,0,0.593281,4.47552,94.3196,98.274,2.46586,0,0,2.4514,2.149,0,1.89372,3.38688
67.6665,85.139,2.17107,0.21,0.08,3.06096,3.36336,0,0.593371,4.47552,94.2481,98.274,3.27363,0,0,2.34829,2.04589,0,1.89395,3.38688
66.9807,85.139,2.38949,0.24,0.08,3.06143,3.36383,0,0.573624,4.47552,94.4961,98.274,4.06567,0,0,2.34857,2.04617,0,1.81429,3.38688
65.7779,85.139,1.83115,0.24,0.08,3.06189,3.36429,0,0.573712,4.47552,94.3685,98.274,3.23226,0,0,2.34885,2.04645,0,1.8145,3.38688
64.9559,85.139,2.21503,0.23,0.08,3.06236,3.36476,0,0.573799,4.47552,94.2305,98.274,3.21618,0,0,2.34913,2.04673,0,1.81472,3.38688
63.522,85.139,1.53291,0.23,0.08,2.97589,3.27829,0,0.573886,4.47552,94.2122,98.274,3.20375,0,0,2.25523,1.95283,0,1.81494,3.38688
63.5675,85.139,3.08199,0.23,0.08,2.97634,3.27874,0,0.557682,4.47552,94.2624,98.274,3.22499,0,0,2.2555,1.9531,0,1.74239,3.38688
65.1079,85.139,4.65522,0.23,0.08,2.9768,3.2792,0,0.557767,4.47552,94.8566,98.274,4.21743,0,0,2.25577,1.95337,0,1.7426,3.38688
67.6025,85.139,5.84324,0.25,0.08,2.97725,3.27965,0,0.557852,4.47552,95.7815,98.274,6.30397,0,0,2.25604,1.95364,0,1.74281,3.38688
69.134,85.139,4.56542,0.25,0.08,2.73067,3.03307,0,0.557937,4.47552,95.9794,98.274,4.11667,0,0,2.06005,1.75765,0,1.74302,3.38688
71.4543,85.139,5.37202,0.22,0.08,2.73109,3.03349,0,0.511728,4.47552,96.5882,98.274,4.65831,0,0,2.06029,1.75789,0,1.59159,3.38688
73.7696,85.139,5.42603,0.23,0.08,2.73151,3.03391,0,0.511807,4.47552,96.9409,98.274,4.47609,0,0,2.06053,1.75813,0,1.59178,3.38688
77.7064,85.139,7.05382,0.24,0.08,2.73193,3.03433,0,0.511885,4.47552,97.3002,98.274,4.33249,0,0,2.06078,1.75838,0,1.59197,3.38688
84.1675,85.139,9.77653,0.22,0.08,2.73235,3.03475,0,0.511964,4.47552,99.3022,98.274,8.06416,0,0,2.06102,1.75862,0,1.59216,3.38688
85.139,85.139,6.70373,0.19,0.08,2.82784,3.13024,0,0.512042,4.47552,99.3022,98.274,7.72563,0,0,2.11813,1.81573,0,1.59234,3.38688
85.139,85.139,8.46791,0.16,0.08,2.82824,3.13064,0,0.529937,4.47552,99.3022,98.274,11.1376,0,0,2.11836,1.81596,0,1.63646,3.38688
85.139,85.139,7.0707,0.16,0.08,2.82865,3.13105,0,0.530013,4.47552,99.3022,98.274,9.96945,0,0,2.1186,1.8162,0,1.63665,3.38688
85.139,85.139,7.93624,0.17,0.08,2.82906,3.13146,0,0.530089,4.47552,99.3022,98.274,7.33802,0,0,2.11883,1.81643,0,1.63683,3.38688
85.139,85.139,7.44503,0.19,0.08,3.13494,3.43734,0,0.530165,4.47552,99.3022,98.274,10.043,0,0,2.33267,2.03027,0,1.63701,3.38688
85.139,85.139,6.46799,0.18,0.08,3.13538,3.43778,0,0.587487,4.47552,99.3022,98.274,9.50036,0,0,2.33293,2.03053,0,1.80222,3.38688
85.139,85.139,5.24149,0.22,0.08,3.13583,3.43823,0,0.587571,4.47552,99.3022,98.274,6.62979,0,0,2.3332,2.0308,0,1.80242,3.38688
85.139,85.139,4.63164,0.23,0.08,3.13627,3.43867,0,0.587654,4.47552,99.3022,98.274,6.01679,0,0,2.33346,2.03106,0,1.80263,3.38688
85.139,85.139,8.6646,0.27,0.08,2.70079,3.00319,0,0.587738,4.47552,99.3022,98.274,14.7937,0,0,2.04692,1.74452,0,1.80283,3.38688
85.139,85.139,9.0736,0.29,0.08,2.70118,3.00358,0,0.506128,4.47552,99.3022,98.274,15.8249,0,0,2.04714,1.74474,0,1.58145,3.38688
85.139,85.139,7.43341,0.3,0.08,2.70157,3.00397,0,0.506201,4.47552,99.3022,98.274,10.596,0,0,2.04737,1.74497,0,1.58162,3.38688
85.139,85.139,5.90257,0.31,0.08,2.70196,3.00436,0,0.506274,4.47552,99.3022,98.274,7.4695,0,0,2.0476,1.7452,0,1.5818,3.38688
85.139,85.139,7.20473,0.31,0.08,2.70235,3.00475,0,0.506347,4.47552,99.3022,98.274,10.4329,0,0,2.04782,1.74542,0,1.58197,3.38688
85.139,85.139,9.44911,0.32,0.08,2.81254,3.11494,0,0.50642,4.47552,99.3022,98.274,12.3957,0,0,2.11826,1.81586,0,1.58215,3.38688
85.139,85.139,6.70827,0.32,0.08,2.81294,3.11534,0,0.527069,4.47552,99.3022,98.274,9.83776,0,0,2.11849,1.81609,0,1.63657,3.38688
85.139,85.139,5.92111,0.32,0.08,2.81334,3.11574,0,0.527145,4.47552,99.3022,98.274,9.70359,0,0,2.11873,1.81633,0,1.63675,3.38688
85.139,85.139,5.40226,0.32,0.08,2.81375,3.11615,0,0.527221,4.47552,99.3022,98.274,9.90557,0,0,2.11896,1.81656,0,1.63693,3.38688
85.139,85.139,4.99216,0.29,0.08,2.7712,3.0736,0,0.527296,4.47552,99.3022,98.274,9.728,0,0,2.09192,1.78952,0,1.63711,3.38688
85.139,85.139,4.14982,0.26,0.08,2.7716,3.074,0,0.519322,4.47552,99.3022,98.274,5.24118,0,0,2.09215,1.78975,0,1.61621,3.38688
85.139,85.139,3.61387,0.25,0.08,2.77199,3.07439,0,0.519397,4.47552,99.3022,98.274,4.35071,0,0,2.09238,1.78998,0,1.61639,3.38688
85.139,85.139,4.1985,0.24,0.08,2.77239,3.07479,0,0.519472,4.47552,99.3022,98.274,4.64374,0,0,2.09261,1.79021,0,1.61657,3.38688
85.139,85.139,3.69106,0.19,0.08,2.91867,3.22107,0,0.519546,4.47552,99.3022,98.274,4.64985,0,0,2.18964,1.88724,0,1.61675,3.38688
85.139,85.139,3.66102,0.17,0.08,2.91908,3.22148,0,0.546958,4.47552,99.3022,98.274,4.93084,0,0,2.18989,1.88749,0,1.69172,3.38688
85.139,85.139,3.38332,0.17,0.08,2.9195,3.2219,0,0.547037,4.47552,99.3022,98.274,4.66184,0,0,2.19013,1.88773,0,1.69191,3.38688
85.139,85.139,3.25147,0.16,0.08,2.91992,3.22232,0,0.547115,4.47552,99.3022,98.274,4.20023,0,0,2.19038,1.88798,0,1.6921,3.38688
84.9714,85.139,2.99483,0.15,0.08,2.92034,3.22274,0,0.547193,4.47552,99.3022,98.274,3.88957,0,0,2.19062,1.88822,0,1.69229,3.38688
84.4604,85.139,2.62551,0.21,0.08,2.89189,3.19429,0,0.547271,4.47552,99.3022,98.274,3.62148,0,0,2.2441,1.9417,0,1.69247,3.38688
83.7284,85.139,2.37967,0.21,0.08,2.8923,3.1947,0,0.54194,4.47552,99.3022,98.274,3.29379,0,0,2.24436,1.94196,0,1.7338,3.38688
82.9208,85.139,2.24876,0.2,0.08,2.89271,3.19511,0,0.542017,4.47552,99.1932,98.274,3.22597,0,0,2.24461,1.94221,0,1.73399,3.38688
81.8817,85.139,2.00269,0.19,0.08,2.89313,3.19553,0,0.542095,4.47552,99.034,98.274,3.13479,0,0,2.24486,1.94246,0,1.73418,3.38688
80.7407,85.139,1.97363,0.19,0.08,2.96813,3.27053,0,0.542172,4.47552,98.8587,98.274,2.9056,0,0,2.29258,1.99018,0,1.73438,3.38688
79.4509,85.139,1.79015,0.18,0.08,2.96855,3.27095,0,0.556227,4.47552,98.5518,98.274,2.85224,0,0,2.29284,1.99044,0,1.77125,3.38688
78.0443,85.139,1.65972,0.2,0.08,2.96898,3.27138,0,0.556307,4.47552,98.1959,98.274,2.53614,0,0,2.2931,1.9907,0,1.77145,3.38688
76.6856,85.139,1.68744,0.19,0.08,2.9694,3.2718,0,0.556386,4.47552,97.9082,98.274,2.88861,0,0,2.29336,1.99096,0,1.77165,3.38688
75.4427,85.139,1.98675,0.19,0.08,3.18836,3.49076,0,0.556466,4.47552,97.6959,98.274,2.91321,0,0,2.46505,2.16265,0,1.77185,3.38688
74.3025,85.139,2.10277,0.19,0.08,3.18881,3.49121,0,0.597499,4.47552,97.4941,98.274,2.59582,0,0,2.46533,2.16293,0,1.9045,3.38688
73.0498,85.139,1.97775,0.19,0.08,3.18927,3.49167,0,0.597584,4.47552,97.291,98.274,3.48662,0,0,2.46561,2.16321,0,1.90471,3.38688
71.71,85.139,1.8794,0.22,0.08,3.18972,3.49212,0,0.597668,4.47552,97.0594,98.274,3.43701,0,0,2.46589,2.16349,0,1.90493,3.38688
70.5561,85.139,2.05165,0.21,0.08,3.19017,3.49257,0,0.597753,4.47552,96.8115,98.274,3.45727,0,0,2.46617,2.16377,0,1.90515,3.38688
70.5859,85.139,3.15812,0.21,0.08,3.08405,3.38645,0,0.597838,4.47552,96.4761,98.274,3.56793,0,0,2.36233,2.05993,0,1.90536,3.38688
70.4776,85.139,3.11087,0.21,0.08,3.08448,3.38688,0,0.57795,4.47552,96.3658,98.274,4.1889,0,0,2.36259,2.06019,0,1.82513,3.38688
70.6035,85.139,3.37208,0.21,0.08,3.08492,3.38732,0,0.578032,4.47552,96.4209,98.274,4.54754,0,0,2.36286,2.06046,0,1.82534,3.38688
70.785,85.139,3.50953,0.22,0.08,3.08536,3.38776,0,0.578115,4.47552,96.4993,98.274,4.81431,0,0,2.36313,2.06073,0,1.82555,3.38688
71.7454,85.139,4.436,0.22,0.08,2.99827,3.30067,0,0.578197,4.47552,96.9268,98.274,6.03366,0,0,2.26857,1.96617,0,1.82575,3.38688
72.7805,85.139,4.4174,0.22,0.08,2.9987,3.3011,0,0.561877,4.47552,97.0661,98.274,3.87917,0,0,2.26882,1.96642,0,1.7527,3.38688
74.2529,85.139,4.73443,0.21,0.08,2.99913,3.30153,0,0.561957,4.47552,97.1578,98.274,4.41881,0,0,2.26908,1.96668,0,1.75289,3.38688
75.3786,85.139,4.42563,0.19,0.08,2.99956,3.30196,0,0.562037,4.47552,97.4658,98.274,4.84301,0,0,2.26933,1.96693,0,1.75309,3.38688
75.7261,85.139,3.49033,0.2,0.08,2.75128,3.05368,0,0.562117,4.47552,97.5334,98.274,3.67315,0,0,2.07199,1.76959,0,1.75329,3.38688
74.7211,85.139,2.04039,0.21,0.08,2.75167,3.05407,0,0.515589,4.47552,97.4516,98.274,3.03909,0,0,2.07222,1.76982,0,1.60082,3.38688
76.305,85.139,4.68066,0.21,0.08,2.75207,3.05447,0,0.515663,4.47552,98.1152,98.274,5.2768,0,0,2.07245,1.77005,0,1.601,3.38688
80.9636,85.139,8.14459,0.22,0.08,2.75246,3.05486,0,0.515738,4.47552,99.3022,98.274,9.46853,0,0,2.07268,1.77028,0,1.60117,3.38688
83.2496,85.139,5.88766,0.22,0.08,2.75286,3.05526,0,0.515812,4.47552,99.3022,98.274,6.38353,0,0,2.07291,1.77051,0,1.60135,3.38688
82.4436,85.139,2.44347,0.22,0.1,2.84897,3.15137,0,0.515886,4.47552,99.3022,98.274,3.79943,0,0,2.13038,1.82798,0,1.60153,3.38688
83.1193,85.139,4.04156,0.22,0.1,2.84935,3.15175,0,0.533896,4.47552,99.3022,98.274,4.35826,0,0,2.1306,1.8282,0,1.64593,3.38688
83.0254,85.139,3.25728,0.22,0.1,2.84973,3.15213,0,0.533968,4.47552,99.2547,98.274,3.47725,0,0,2.13082,1.82842,0,1.6461,3.38688
82.4015,85.139,2.61641,0.24,0.1,2.85011,3.15251,0,0.534039,4.47552,99.3022,98.274,3.05412,0,0,2.13105,1.82865,0,1.64627,3.38688
81.9246,85.139,3.11078,0.28,0.1,3.15802,3.46042,0,0.534111,4.47552,99.3022,98.274,3.94473,0,0,2.3463,2.0439,0,1.64645,3.38688
82.319,85.139,4.07052,0.31,0.1,3.15844,3.46084,0,0.591812,4.47552,99.3022,98.274,4.73076,0,0,2.34655,2.04415,0,1.81275,3.38688
82.1519,85.139,3.47629,0.33,0.1,3.15885,3.46125,0,0.591891,4.47552,99.3022,98.274,5.23332,0,0,2.3468,2.0444,0,1.81294,3.38688
82.6245,85.139,4.10113,0.33,0.1,3.15927,3.46167,0,0.591969,4.47552,99.3022,98.274,5.30947,0,0,2.34704,2.04464,0,1.81314,3.38688
83.7539,85.139,4.34515,0.34,0.1,2.72085,3.02325,0,0.592048,4.47552,99.3022,98.274,4.66795,0,0,2.05857,1.75617,0,1.81333,3.38688
84.6318,85.139,4.05401,0.35,0.1,2.72122,3.02362,0,0.509887,4.47552,99.3022,98.274,3.96749,0,0,2.05878,1.75638,0,1.59045,3.38688
85.139,85.139,6.03105,0.35,0.1,2.72158,3.02398,0,0.509956,4.47552,99.3022,98.274,5.26563,0,0,2.059,1.7566,0,1.59062,3.38688
85.139,85.139,6.3956,0.31,0.1,2.72195,3.02435,0,0.510024,4.47552,99.3022,98.274,5.88096,0,0,2.05921,1.75681,0,1.59078,3.38688
85.139,85.139,5.27578,0.31,0.1,2.72231,3.02471,0,0.510093,4.47552,99.3022,98.274,4.48686,0,0,2.05942,1.75702,0,1.59094,3.38688
85.139,85.139,4.5986,0.33,0.1,2.83321,3.13561,0,0.510161,4.47552,99.3022,98.274,6.70764,0,0,2.13031,1.82791,0,1.59111,3.38688
85.139,85.139,3.50485,0.33,0.1,2.83359,3.13599,0,0.530943,4.47552,99.3022,98.274,5.14371,0,0,2.13053,1.82813,0,1.64588,3.38688
84.7277,85.139,2.8442,0.33,0.1,2.83397,3.13637,0,0.531014,4.47552,99.3022,98.274,4.12589,0,0,2.13075,1.82835,0,1.64605,3.38688
84.1044,85.139,2.57842,0.43,0.1,2.83435,3.13675,0,0.531085,4.47552,99.3022,98.274,3.72696,0,0,2.13097,1.82857,0,1.64622,3.38688
83.8451,85.139,2.9039,0.42,0.1,2.79149,3.09389,0,0.531157,4.47552,99.3022,98.274,4.51508,0,0,2.10373,1.80133,0,1.64639,3.38688
83.4239,85.139,2.72337,0.39,0.1,2.79186,3.09426,0,0.523125,4.47552,99.3022,98.274,4.78321,0,0,2.10395,1.80155,0,1.62534,3.38688
83.2263,85.139,2.95057,0.39,0.1,2.79224,3.09464,0,0.523195,4.47552,99.3022,98.274,4.28096,0,0,2.10417,1.80177,0,1.62551,3.38688
82.8029,85.139,2.66321,0.37,0.1,2.79261,3.09501,0,0.523265,4.47552,99.3022,98.274,4.26715,0,0,2.10438,1.80198,0,1.62568,3.38688
82.0058,85.139,2.31171,0.31,0.1,2.93982,3.24222,0,0.523335,4.47552,99.3022,98.274,3.85591,0,0,2.20204,1.89964,0,1.62585,3.38688
81.155,85.139,2.27047,0.28,0.1,2.94021,3.24261,0,0.550922,4.47552,99.3022,98.274,3.70258,0,0,2.20227,1.89987,0,1.70129,3.38688
80.215,85.139,2.16921,0.28,0.1,2.94061,3.24301,0,0.550996,4.47552,99.3022,98.274,3.87793,0,0,2.2025,1.9001,0,1.70147,3.38688
79.0962,85.139,2.00732,0.25,0.1,2.941,3.2434,0,0.551069,4.47552,99.3022,98.274,3.69565,0,0,2.20273,1.90033,0,1.70165,3.38688
77.9196,85.139,1.85627,0.3,0.1,2.94139,3.24379,0,0.551143,4.47552,99.0282,98.274,3.45349,0,0,2.20296,1.90056,0,1.70183,3.38688
76.5079,85.139,1.5687,0.27,0.1,2.91273,3.21513,0,0.551216,4.47552,98.4668,98.274,1.86765,0,0,2.25677,1.95437,0,1.702,3.38688
74.9849,85.139,1.4464,0.26,0.1,2.91311,3.21551,0,0.545845,4.47552,97.747,98.274,1.8539,0,0,2.25701,1.95461,0,1.74358,3.38688
73.3496,85.139,1.32019,0.22,0.1,2.9135,3.2159,0,0.545918,4.47552,97.0348,98.274,1.66226,0,0,2.25724,1.95484,0,1.74376,3.38688
71.6389,85.139,1.21164,0.27,0.1,2.91389,3.21629,0,0.545991,4.47552,96.3063,98.274,1.62562,0,0,2.25748,1.95508,0,1.74395,3.38688
70.0265,85.139,1.34864,0.25,0.1,2.98935,3.29175,0,0.546063,4.47552,95.4893,98.274,1.62987,0,0,2.3055,2.0031,0,1.74413,3.38688
68.3118,85.139,1.22107,0.25,0.1,2.98975,3.29215,0,0.560205,4.47552,94.4901,98.274,1.5503,0,0,2.30574,2.00334,0,1.78123,3.38688
66.524,85.139,1.13099,0.23,0.1,2.99015,3.29255,0,0.560279,4.47552,93.62,98.274,1.3771,0,0,2.30598,2.00358,0,1.78141,3.38688
64.7804,85.139,1.15209,0.28,0.1,2.99055,3.29295,0,0.560354,4.47552,92.7743,98.274,1.57521,0,0,2.30622,2.00382,0,1.7816,3.38688
62.8851,85.139,1.15258,0.26,0.1,3.21089,3.51329,0,0.560428,4.47552,91.7901,98.274,1.63785,0,0,2.47901,2.17661,0,1.78179,3.38688
60.7516,85.139,0.891397,0.26,0.1,3.21132,3.51372,0,0.601721,4.47552,90.7104,98.274,1.40089,0,0,2.47927,2.17687,0,1.91528,3.38688
58.5966,85.139,0.840513,0.3,0.1,3.21174,3.51414,0,0.601801,4.47552,89.7127,98.274,1.32051,0,0,2.47953,2.17713,0,1.91548,3.38688
56.769,85.139,1.14556,0.29,0.1,3.21217,3.51457,0,0.60188,4.47552,88.8597,98.274,1.4856,0,0,2.4798,2.1774,0,1.91569,3.38688
55.4415,85.139,1.67906,0.29,0.1,3.21259,3.51499,0,0.60196,4.47552,87.8458,98.274,1.7346,0,0,2.48006,2.17766,0,1.91589,3.38688
53.163,85.139,0.552264,0.31,0.1,3.10576,3.40816,0,0.60204,4.47552,86.5228,98.274,1.02489,0,0,2.37553,2.07313,0,1.91609,3.38688
50.8196,85.139,0.452819,0.31,0.1,3.10617,3.40857,0,0.582019,4.47552,85.4054,98.274,0.822829,0,0,2.37578,2.07338,0,1.83534,3.38688
48.7306,85.139,0.741006,0.33,0.1,3.10658,3.40898,0,0.582096,4.47552,84.6485,98.274,1.08862,0,0,2.37604,2.07364,0,1.83553,3.38688
47.4935,85.139,1.66733,0.35,0.1,3.10699,3.40939,0,0.582173,4.47552,83.9767,98.274,1.66648,0,0,2.37629,2.07389,0,1.83572,3.38688
46.0341,85.139,1.34664,0.37,0.1,3.01932,3.32172,0,0.582251,4.47552,83.4945,98.274,1.48558,0,0,2.28111,1.97871,0,1.83592,3.38688
45.7185,85.139,2.50662,0.36,0.1,3.01972,3.32212,0,0.565821,4.47552,83.3136,98.274,2.7601,0,0,2.28134,1.97894,0,1.76238,3.38688
44.9649,85.139,2.05025,0.36,0.1,3.02013,3.32253,0,0.565896,4.47552,83.2807,98.274,3.86409,0,0,2.28158,1.97918,0,1.76257,3.38688
44.0132,85.139,1.86992,0.44,0.1,3.02053,3.32293,0,0.565971,4.47552,83.0276,98.274,2.84569,0,0,2.28182,1.97942,0,1.76275,3.38688
46.4597,85.139,5.35695,0.46,0.1,2.77064,3.07304,0,0.566047,4.47552,82.9536,98.274,3.78815,0,0,2.08321,1.78081,0,1.76294,3.38688
45.5701,85.139,1.84895,0.4,0.1,2.77101,3.07341,0,0.519219,4.47552,82.7874,98.274,2.19,0,0,2.08343,1.78103,0,1.60949,3.38688
46.1787,85.139,3.62871,0.44,0.1,2.77139,3.07379,0,0.519288,4.47552,83.0067,98.274,3.26668,0,0,2.08364,1.78124,0,1.60966,3.38688
46.5344,85.139,3.31601,0.47,0.1,2.77176,3.07416,0,0.519358,4.47552,83.0303,98.274,3.70176,0,0,2.08386,1.78146,0,1.60982,3.38688
46.3522,85.139,2.68641,0.49,0.1,2.77213,3.07453,0,0.519427,4.47552,82.7323,98.274,2.3805,0,0,2.08407,1.78167,0,1.60999,3.38688
50.9113,85.139,7.54668,0.51,0.1,2.86882,3.17122,0,0.519497,4.47552,83.5402,98.274,7.87942,0,0,2.1419,1.8395,0,1.61015,3.38688
52.6513,85.139,4.96023,0.55,0.1,2.86917,3.17157,0,0.537616,4.47552,83.5923,98.274,4.84728,0,0,2.1421,1.8397,0,1.65483,3.38688
54.1519,85.139,4.74142,0.54,0.1,2.86953,3.17193,0,0.537683,4.47552,83.5376,98.274,4.08197,0,0,2.14231,1.83991,0,1.65499,3.38688
55.8592,85.139,4.88682,0.55,0.1,2.86989,3.17229,0,0.53775,4.47552,83.5143,98.274,5.16749,0,0,2.14252,1.84012,0,1.65515,3.38688
56.4956,85.139,3.99536,0.56,0.1,3.1797,3.4821,0,0.537817,4.47552,83.5894,98.274,4.63704,0,0,2.35911,2.05671,0,1.65531,3.38688
55.9519,85.139,2.66497,0.57,0.1,3.18009,3.48249,0,0.595875,4.47552,83.6163,98.274,3.45917,0,0,2.35934,2.05694,0,1.82265,3.38688
55.7201,85.139,2.99564,0.6,0.1,3.18048,3.48288,0,0.595949,4.47552,83.6727,98.274,4.03451,0,0,2.35957,2.05717,0,1.82283,3.38688
56.4985,85.139,4.09439,0.62,0.1,3.18088,3.48328,0,0.596022,4.47552,83.6888,98.274,4.45554,0,0,2.3598,2.0574,0,1.82301,3.38688
56.8096,85.139,3.18107,0.67,0.1,2.68075,3.04209,0,0.596096,4.47552,83.5646,98.274,2.72892,0,0,2.03528,1.76712,0,1.82318,3.38688
58.2891,85.139,4.37273,0.66,0.1,2.68109,3.04243,0,0.502373,4.47552,83.1355,98.274,3.32558,0,0,2.03547,1.76731,0,1.57246,3.38688
59.5943,85.139,4.32134,0.68,0.1,2.68142,3.04278,0,0.502436,4.47552,82.8329,98.274,2.50743,0,0,2.03567,1.76751,0,1.57261,3.38688
59.72,85.139,3.09929,0.73,0.1,2.68176,3.04312,0,0.502499,4.47552,83.0942,98.274,2.6454,0,0,2.03586,1.76771,0,1.57276,3.38688
61.1278,85.139,4.44551,0.75,0.1,2.6821,3.04346,0,0.502562,4.47552,83.3233,98.274,3.31472,0,0,2.03606,1.76791,0,1.57291,3.38688
62.696,85.139,4.68047,0.77,0.1,2.79149,3.15502,0,0.502625,4.47552,83.3889,98.274,2.94641,0,0,2.10599,1.83922,0,1.57306,3.38688
65.1403,85.139,5.64488,0.72,0.1,2.79184,3.15537,0,0.523126,4.47552,83.2238,98.274,3.693,0,0,2.10619,1.83943,0,1.62709,3.38688
65.9888,85.139,3.95412,0.73,0.1,2.79219,3.15573,0,0.523191,4.47552,82.8462,98.274,2.56772,0,0,2.1064,1.83964,0,1.62724,3.38688
66.3704,85.139,3.43229,0.75,0.1,2.79254,3.15608,0,0.523256,4.47552,82.2797,98.274,2.20356,0,0,2.1066,1.83984,0,1.6274,3.38688
66.1112,85.139,2.71562,0.76,0.1,2.75023,3.11294,0,0.523322,4.47552,81.714,98.274,2.01092,0,0,2.07971,1.81242,0,1.62756,3.38688
65.5244,85.139,2.2847,0.76,0.1,2.75057,3.11329,0,0.515392,4.47552,81.1585,98.274,1.77411,0,0,2.07991,1.81262,0,1.60678,3.38688
64.905,85.139,2.21751,0.76,0.1,2.75091,3.11364,0,0.515457,4.47552,80.6465,98.274,1.91944,0,0,2.08011,1.81283,0,1.60694,3.38688
64.1468,85.139,2.0599,0.75,0.1,2.75126,3.11399,0,0.515521,4.47552,80.0656,98.274,1.75648,0,0,2.08031,1.81303,0,1.60709,3.38688
63.2525,85.139,2.02995,0.73,0.1,2.89647,3.26207,0,0.515586,4.47552,79.4841,98.274,1.7159,0,0,2.17664,1.91127,0,1.60724,3.38688
62.0073,85.139,1.64679,0.7,0.1,2.89683,3.26244,0,0.542799,4.47552,78.7434,98.274,1.59009,0,0,2.17685,1.91149,0,1.68167,3.38688
60.7284,85.139,1.59109,0.8,0.1,2.89719,3.26281,0,0.542867,4.47552,78.0849,98.274,1.43659,0,0,2.17706,1.9117,0,1.68184,3.38688
59.3225,85.139,1.41549,0.76,0.1,2.89755,3.26318,0,0.542934,4.47552,77.3217,98.274,1.37607,0,0,2.17727,1.91192,0,1.682,3.38688
57.8787,85.139,1.34069,0.74,0.1,2.89791,3.26354,0,0.543002,4.47552,77.0393,98.274,1.31332,0,0,2.17749,1.91213,0,1.68216,3.38688
56.6191,85.139,1.50963,0.69,0.1,2.86961,3.23468,0,0.543069,4.47552,76.5774,98.274,1.97074,0,0,2.23056,1.96626,0,1.68232,3.38688
55.2986,85.139,1.43422,0.8,0.1,2.86997,3.23504,0,0.537765,4.47552,76.1911,98.274,1.87001,0,0,2.23078,1.96648,0,1.72333,3.38688
53.8759,85.139,1.31323,0.77,0.1,2.87032,3.23541,0,0.537832,4.47552,75.6346,98.274,1.86897,0,0,2.231,1.9667,0,1.7235,3.38688
52.3523,85.139,1.18622,0.64,0.1,2.87068,3.23577,0,0.537899,4.47552,74.8732,98.274,1.68163,0,0,2.23121,1.96692,0,1.72367,3.38688
50.5312,85.139,0.941727,0.61,0.1,3.00926,3.31166,0,0.537965,4.47552,74.0931,98.274,1.29499,0,0,2.31761,2.01521,0,1.72384,3.38688
48.7732,85.139,0.939358,0.67,0.1,2.94546,3.31203,0,0.563935,4.47552,73.4157,98.274,1.39349,0,0,2.27879,2.01544,0,1.79059,3.38688
46.9191,85.139,0.846072,0.62,0.1,3.01001,3.31241,0,0.55198,4.47552,72.5566,98.274,1.3142,0,0,2.31807,2.01567,0,1.76059,3.38688
45.0269,85.139,0.771063,0.55,0.1,3.01038,3.31278,0,0.564075,4.47552,71.8569,98.274,1.15125,0,0,2.31829,2.01589,0,1.79094,3.38688
43.012,85.139,0.769207,0.64,0.1,3.16355,3.53442,0,0.564145,4.47552,70.8148,98.274,1.3781,0,0,2.44967,2.1897,0,1.79111,3.38688
40.5391,85.139,0.365858,0.6,0.1,3.23242,3.53482,0,0.592849,4.47552,69.7384,98.274,0.908747,0,0,2.49234,2.18994,0,1.89262,3.38688
38.0497,85.139,0.344312,0.52,0.1,3.23282,3.53522,0,0.605756,4.47552,68.7648,98.274,0.85542,0,0,2.49259,2.19019,0,1.92559,3.38688
35.7489,85.139,0.465335,0.66,0.1,3.16472,3.53562,0,0.60583,4.47552,67.8768,98.274,0.961332,0,0,2.4504,2.19044,0,1.92578,3.38688
33.5603,85.139,0.685008,0.57,0.1,3.23361,3.53601,0,0.593068,4.47552,66.856,98.274,1.13238,0,0,2.49308,2.19068,0,1.89318,3.38688
31.6689,85.139,0.84062,0.69,0.1,3.05969,3.42851,0,0.605979,4.47552,66.26,98.274,0.985035,0,0,2.34751,2.08552,0,1.92616,3.38688
29.6443,85.139,0.768059,0.63,0.1,3.1265,3.4289,0,0.573385,4.47552,65.4533,98.274,1.40996,0,0,2.38815,2.08575,0,1.81369,3.38688
27.5391,85.139,0.687161,0.6,0.1,3.12688,3.42928,0,0.585906,4.47552,64.5368,98.274,0.896787,0,0,2.38839,2.08599,0,1.84508,3.38688
25.3958,85.139,0.574457,0.7,0.1,3.06082,3.42967,0,0.585978,4.47552,64.1414,98.274,0.80224,0,0,2.3482,2.08622,0,1.84527,3.38688
23.6727,85.139,0.970144,0.66,0.1,2.97431,3.34145,0,0.573598,4.47552,64.1408,98.274,1.54675,0,0,2.25429,1.99046,0,1.81422,3.38688
22.1034,85.139,1.13994,0.66,0.1,2.97468,3.34183,0,0.557386,4.47552,64.0437,98.274,2.27461,0,0,2.25451,1.99068,0,1.74167,3.38688
20.8793,85.139,1.56412,0.77,0.1,2.97505,3.3422,0,0.557455,4.47552,64.1818,98.274,3.13668,0,0,2.25473,1.99091,0,1.74184,3.38688
21.4122,85.139,3.3884,0.75,0.1,2.97542,3.34258,0,0.557524,4.47552,65.1246,98.274,4.81811,0,0,2.25495,1.99113,0,1.74201,3.38688
21.5718,85.139,2.7513,0.76,0.1,2.7289,3.09119,0,0.557593,4.47552,65.4489,98.274,3.5382,0,0,2.05902,1.79133,0,1.74218,3.38688
21.0046,85.139,2.08045,0.77,0.1,2.72924,3.09154,0,0.511396,4.47552,65.5251,98.274,2.93921,0,0,2.05922,1.79153,0,1.5908,3.38688
22.374,85.139,4.19732,0.75,0.1,2.72958,3.09189,0,0.51146,4.47552,66.5943,98.274,6.40004,0,0,2.05942,1.79173,0,1.59095,3.38688
23.268,85.139,3.54532,0.76,0.1,2.72993,3.09224,0,0.511524,4.47552,66.561,98.274,2.97852,0,0,2.05962,1.79193,0,1.59111,3.38688
24.1319,85.139,3.45819,0.72,0.1,2.73027,3.09258,0,0.511588,4.47552,66.8331,98.274,3.8891,0,0,2.05981,1.79214,0,1.59126,3.38688
25.1449,85.139,3.74641,0.75,0.1,2.82561,3.18981,0,0.511652,4.47552,67.0727,98.274,2.45718,0,0,2.11684,1.85028,0,1.59141,3.38688
27.0729,85.139,4.6729,0.79,0.14,2.82594,3.19015,0,0.52952,4.47552,67.0768,98.274,2.52401,0,0,2.11703,1.85048,0,1.63547,3.38688
28.4038,85.139,4.11171,0.8,0.14,2.82627,3.19048,0,0.529581,4.47552,67.4909,98.274,1.98435,0,0,2.11721,1.85067,0,1.63561,3.38688
31.3702,85.139,5.7411,0.77,0.14,2.82659,3.19081,0,0.529642,4.47552,68.0336,98.274,4.29658,0,0,2.1174,1.85086,0,1.63576,3.38688
34.4097,85.139,6.15237,0.8,0.14,3.13215,3.5024,0,0.529704,4.47552,68.1845,98.274,3.60981,0,0,2.33102,2.0687,0,1.63591,3.38688
34.226,85.139,2.80168,0.78,0.14,3.13251,3.50277,0,0.586964,4.47552,68.3632,98.274,2.4587,0,0,2.33123,2.06892,0,1.80095,3.38688
34.3664,85.139,3.14973,0.79,0.14,3.13287,3.50314,0,0.587032,4.47552,68.4987,98.274,2.84607,0,0,2.33145,2.06913,0,1.80111,3.38688
35.5728,85.139,4.30314,0.8,0.14,3.13322,3.5035,0,0.587099,4.47552,68.6074,98.274,3.10545,0,0,2.33166,2.06935,0,1.80128,3.38688
36.4297,85.139,3.44938,0.81,0.14,2.69805,3.05973,0,0.587166,4.47552,68.8129,98.274,2.68242,0,0,2.04533,1.77736,0,1.80144,3.38688
38.9942,85.139,5.25297,0.82,0.14,2.69837,3.06005,0,0.505615,4.47552,69.0717,98.274,3.44227,0,0,2.04551,1.77755,0,1.58022,3.38688
40.2408,85.139,3.85288,0.85,0.14,2.69868,3.06037,0,0.505674,4.47552,69.1523,98.274,2.70719,0,0,2.04569,1.77773,0,1.58036,3.38688
42.6349,85.139,5.09201,0.84,0.14,2.69899,3.06069,0,0.505732,4.47552,69.3152,98.274,3.03382,0,0,2.04587,1.77792,0,1.5805,3.38688
45.1608,85.139,5.16133,0.9,0.14,2.64,3.06101,0,0.505791,4.47552,69.5744,98.274,3.11685,0,0,2.01161,1.77811,0,1.58064,3.38688
48.3081,85.139,5.99929,0.93,0.14,2.74783,3.17319,0,0.494736,4.47552,69.9647,98.274,3.38383,0,0,2.08054,1.84981,0,1.55417,3.38688
50.8119,85.139,5.39456,0.92,0.14,2.74815,3.17352,0,0.514943,4.47552,70.5595,98.274,3.55109,0,0,2.08072,1.85001,0,1.60742,3.38688
52.92,85.139,5.05732,0.94,0.14,2.74847,3.17385,0,0.515003,4.47552,71.1885,98.274,3.98337,0,0,2.08091,1.8502,0,1.60757,3.38688
55.247,85.139,5.25391,0.9,0.14,2.74879,3.17418,0,0.515063,4.47552,71.3364,98.274,2.83278,0,0,2.08109,1.85039,0,1.60771,3.38688
56.7234,85.139,4.3243,0.92,0.14,2.70705,3.13076,0,0.515122,4.47552,71.2728,98.274,2.70084,0,0,2.05457,1.8228,0,1.60785,3.38688
57.4236,85.139,3.53929,0.92,0.14,2.70736,3.13109,0,0.507301,4.47552,71.1471,98.274,2.40205,0,0,2.05475,1.82299,0,1.58736,3.38688
57.7441,85.139,3.20253,0.85,0.14,2.76835,3.13141,0,0.50736,4.47552,71.167,98.274,2.04879,0,0,2.09026,1.82318,0,1.5875,3.38688
58.6832,85.139,3.82531,0.85,0.14,2.76867,3.13174,0,0.518788,4.47552,71.0657,98.274,2.15019,0,0,2.09044,1.82337,0,1.61493,3.38688
58.708,85.139,2.9522,0.84,0.14,2.91468,3.28064,0,0.518848,4.47552,70.8761,98.274,2.03966,0,0,2.18731,1.92215,0,1.61508,3.38688
58.5312,85.139,2.72176,0.82,0.14,2.91502,3.28099,0,0.546212,4.47552,70.6077,98.274,2.00448,0,0,2.18751,1.92235,0,1.68992,3.38688
58.3069,85.139,2.66405,0.81,0.14,2.91536,3.28133,0,0.546275,4.47552,70.3802,98.274,1.82727,0,0,2.1877,1.92255,0,1.69007,3.38688
57.7676,85.139,2.32743,0.78,0.14,2.91569,3.28167,0,0.546338,4.47552,70.0421,98.274,1.71031,0,0,2.1879,1.92275,0,1.69022,3.38688
57.1394,85.139,2.18675,0.76,0.14,2.91603,3.28202,0,0.546401,4.47552,69.7886,98.274,1.63341,0,0,2.1881,1.92295,0,1.69037,3.38688
56.3404,85.139,2.0111,0.72,0.14,2.88754,3.25296,0,0.546464,4.47552,69.476,98.274,1.68727,0,0,2.24146,1.97737,0,1.69053,3.38688
55.4989,85.139,1.95544,0.81,0.14,2.88787,3.2533,0,0.541125,4.47552,69.1267,98.274,1.7001,0,0,2.24166,1.97758,0,1.73175,3.38688
54.5929,85.139,1.86042,0.79,0.14,2.8882,3.25364,0,0.541187,4.47552,68.7112,98.274,1.64425,0,0,2.24187,1.97778,0,1.73191,3.38688
53.4696,85.139,1.61341,0.66,0.14,2.88854,3.25398,0,0.54125,4.47552,68.3152,98.274,1.58255,0,0,2.24207,1.97799,0,1.73207,3.38688
52.3962,85.139,1.75565,0.63,0.14,3.02787,3.33027,0,0.541312,4.47552,67.8899,98.274,1.71903,0,0,2.32894,2.02654,0,1.73222,3.38688
51.2811,85.139,1.68919,0.54,0.14,3.02822,3.33062,0,0.567423,4.47552,67.3753,98.274,1.57528,0,0,2.32915,2.02675,0,1.79934,3.38688
50.0801,85.139,1.57772,0.49,0.14,3.02857,3.33097,0,0.567488,4.47552,66.8147,98.274,1.48005,0,0,2.32936,2.02696,0,1.7995,3.38688
48.7753,85.139,1.4481,0.57,0.14,3.02892,3.33132,0,0.567553,4.47552,66.5487,98.274,1.40287,0,0,2.32957,2.02717,0,1.79966,3.38688
47.6054,85.139,1.72827,0.52,0.14,3.25177,3.55417,0,0.567619,4.47552,65.9908,98.274,1.85317,0,0,2.50433,2.20193,0,1.79983,3.38688
45.9723,85.139,1.26988,0.47,0.14,3.25214,3.55454,0,0.609382,4.47552,65.3791,98.274,1.49074,0,0,2.50456,2.20216,0,1.93485,3.38688
44.2037,85.139,1.12619,0.42,0.14,3.25251,3.55491,0,0.609451,4.47552,64.8049,98.274,1.38658,0,0,2.50479,2.20239,0,1.93503,3.38688
42.5647,85.139,1.25428,0.51,0.14,3.25288,3.55528,0,0.609521,4.47552,64.4034,98.274,1.43148,0,0,2.50502,2.20262,0,1.9352,3.38688
41.6325,85.139,2.01084,0.47,0.14,3.25326,3.55566,0,0.609591,4.47552,64.2559,98.274,1.72357,0,0,2.50525,2.20285,0,1.93538,3.38688
41.4818,85.139,2.68733,0.45,0.14,3.14513,3.44753,0,0.60966,4.47552,64.36,98.274,2.52477,0,0,2.39948,2.09708,0,1.93556,3.38688
41.1265,85.139,2.50522,0.44,0.14,3.14549,3.44789,0,0.589397,4.47552,64.4689,98.274,2.41126,0,0,2.3997,2.0973,0,1.85384,3.38688
41.5797,85.139,3.35373,0.43,0.14,3.14585,3.44825,0,0.589465,4.47552,64.7772,98.274,3.0827,0,0,2.39992,2.09752,0,1.85401,3.38688
42.8668,85.139,4.33055,0.44,0.14,3.14621,3.44861,0,0.589532,4.47552,65.6047,98.274,4.57882,0,0,2.40014,2.09774,0,1.85418,3.38688
44.577,85.139,4.69876,0.46,0.14,3.05748,3.35988,0,0.5896,4.47552,66.2054,98.274,4.04468,0,0,2.30383,2.00143,0,1.85435,3.38688
45.9283,85.139,4.43487,0.44,0.14,3.05783,3.36023,0,0.572971,4.47552,67.1212,98.274,5.10009,0,0,2.30404,2.00164,0,1.77994,3.38688
46.8792,85.139,4.01354,0.4,0.14,3.05818,3.36058,0,0.573037,4.47552,68.3868,98.274,6.04035,0,0,2.30425,2.00185,0,1.7801,3.38688
47.9708,85.139,4.16119,0.4,0.14,3.05853,3.36093,0,0.573102,4.47552,69.19,98.274,8.04446,0,0,2.30446,2.00206,0,1.78026,3.38688
50.188,85.139,5.24826,0.44,0.14,2.80574,3.10814,0,0.573168,4.47552,70.3748,98.274,6.31931,0,0,2.10355,1.80115,0,1.78043,3.38688
59.8905,85.139,13.1367,0.44,0.14,2.80606,3.10846,0,0.525795,4.47552,76.8835,98.274,15.721,0,0,2.10374,1.80134,0,1.6252,3.38688
66.1175,85.139,9.6067,0.36,0.14,2.80639,3.10879,0,0.525856,4.47552,81.4484,98.274,11.745,0,0,2.10392,1.80152,0,1.62535,3.38688
74.6507,85.139,12.0206,0.35,0.14,2.80671,3.10911,0,0.525917,4.47552,87.3198,98.274,14.7833,0,0,2.10411,1.80171,0,1.62549,3.38688
83.3162,85.139,12.3321,0.29,0.14,2.80704,3.10944,0,0.525978,4.47552,95.8215,98.274,20.014,0,0,2.1043,1.8019,0,1.62564,3.38688
85.139,85.139,8.75248,0.26,0.14,2.80704,3.10944,0,0.526038,4.47552,99.3022,98.274,12.4276,0,0,2.1043,1.8019,0,1.62578,3.38688
85.139,85.139,6.58041,0.21,0.16,2.90477,3.20717,0,0.526038,4.47552,99.3022,98.274,6.34178,0,0,2.16275,1.86035,0,1.62578,3.38688
85.139,85.139,7.85198,0.21,0.16,2.90508,3.20748,0,0.544354,4.47552,99.3022,98.274,8.60851,0,0,2.16293,1.86053,0,1.67094,3.38688
85.139,85.139,11.9979,0.21,0.16,2.90539,3.20779,0,0.544412,4.47552,99.3022,98.274,11.2171,0,0,2.16311,1.86071,0,1.67108,3.38688
85.139,85.139,9.86926,0.23,0.16,2.9057,3.2081,0,0.54447,4.47552,99.3022,98.274,10.8921,0,0,2.16329,1.86089,0,1.67122,3.38688
85.139,85.139,5.33813,0.26,0.16,3.21895,3.52135,0,0.544528,4.47552,99.3022,98.274,6.96327,0,0,2.38229,2.07989,0,1.67136,3.38688
85.139,85.139,5.32744,0.3,0.16,3.21929,3.52169,0,0.603231,4.47552,99.3022,98.274,6.84474,0,0,2.38249,2.08009,0,1.84056,3.38688
84.933,85.139,3.6157,0.3,0.16,3.21963,3.52203,0,0.603295,4.47552,99.2342,98.274,3.59592,0,0,2.38269,2.08029,0,1.84071,3.38688
84.4528,85.139,3.17824,0.38,0.16,3.21997,3.52237,0,0.603359,4.47552,99.3022,98.274,3.13485,0,0,2.38289,2.08049,0,1.84087,3.38688
85.139,85.139,5.20803,0.4,0.16,2.77378,3.07618,0,0.603422,4.47552,99.3022,98.274,4.60469,0,0,2.08932,1.78692,0,1.84102,3.38688
85.139,85.139,4.11362,0.35,0.16,2.77408,3.07648,0,0.519807,4.47552,99.2533,98.274,2.87524,0,0,2.08949,1.78709,0,1.61421,3.38688
85.139,85.139,3.58806,0.36,0.16,2.77438,3.07678,0,0.519863,4.47552,99.3022,98.274,2.78122,0,0,2.08967,1.78727,0,1.61434,3.38688
85.139,85.139,6.09627,0.36,0.16,2.77468,3.07708,0,0.519918,4.47552,99.3022,98.274,4.58737,0,0,2.08984,1.78744,0,1.61448,3.38688
85.139,85.139,6.59908,0.39,0.16,2.77497,3.07737,0,0.519974,4.47552,99.3022,98.274,4.6342,0,0,2.09001,1.78761,0,1.61461,3.38688
85.139,85.139,6.02339,0.38,0.16,2.88772,3.19012,0,0.52003,4.47552,99.3022,98.274,4.21976,0,0,2.16209,1.85969,0,1.61474,3.38688
85.139,85.139,8.96792,0.37,0.16,2.88803,3.19043,0,0.541159,4.47552,99.3022,98.274,5.92391,0,0,2.16227,1.85987,0,1.67043,3.38688
85.139,85.139,6.15368,0.37,0.16,2.88834,3.19074,0,0.541217,4.47552,99.3022,98.274,4.61218,0,0,2.16245,1.86005,0,1.67057,3.38688
85.139,85.139,4.79028,0.38,0.16,2.88865,3.19105,0,0.541274,4.47552,99.3022,98.274,3.78902,0,0,2.16263,1.86023,0,1.67071,3.38688
85.139,85.139,3.46742,0.33,0.16,2.84497,3.14737,0,0.541332,4.47552,99.3022,98.274,3.30336,0,0,2.13487,1.83247,0,1.67084,3.38688
85.139,85.139,5.00817,0.32,0.16,2.84527,3.14767,0,0.533147,4.47552,99.3022,98.274,3.64436,0,0,2.13504,1.83264,0,1.6494,3.38688
85.139,85.139,3.78717,0.31,0.16,2.84558,3.14798,0,0.533204,4.47552,99.3022,98.274,3.29368,0,0,2.13522,1.83282,0,1.64954,3.38688
85.0485,85.139,3.07834,0.29,0.16,2.84588,3.14828,0,0.533261,4.47552,99.3022,98.274,2.89307,0,0,2.1354,1.833,0,1.64967,3.38688
85.0866,85.139,3.31235,0.33,0.16,2.99554,3.29794,0,0.533318,4.47552,99.3022,98.274,2.77303,0,0,2.23469,1.93229,0,1.64981,3.38688
84.9514,85.139,3.10987,0.33,0.16,2.99586,3.29826,0,0.561365,4.47552,99.3022,98.274,2.82008,0,0,2.23487,1.93247,0,1.72652,3.38688
84.702,85.139,2.98527,0.3,0.16,2.99618,3.29858,0,0.561425,4.47552,99.3022,98.274,2.75985,0,0,2.23506,1.93266,0,1.72666,3.38688
84.276,85.139,2.79721,0.28,0.16,2.9965,3.2989,0,0.561484,4.47552,99.3022,98.274,2.56924,0,0,2.23525,1.93285,0,1.72681,3.38688
83.6558,85.139,2.53937,0.26,0.16,2.99682,3.29922,0,0.561544,4.47552,99.3022,98.274,2.68327,0,0,2.23543,1.93303,0,1.72695,3.38688
82.8594,85.139,2.32352,0.25,0.16,2.96759,3.26999,0,0.561604,4.47552,99.3022,98.274,2.67847,0,0,2.29012,1.98772,0,1.7271,3.38688
81.8613,85.139,2.11483,0.24,0.16,2.9679,3.2703,0,0.556126,4.47552,99.185,98.274,2.54812,0,0,2.29031,1.98791,0,1.76935,3.38688
80.6964,85.139,1.9217,0.23,0.16,2.96822,3.27062,0,0.556185,4.47552,99.021,98.274,2.36371,0,0,2.2905,1.9881,0,1.76949,3.38688
79.5153,85.139,1.85989,0.23,0.16,2.96853,3.27093,0,0.556244,4.47552,98.6872,98.274,2.30853,0,0,2.2907,1.9883,0,1.76964,3.38688
78.2936,85.139,1.86664,0.21,0.16,3.04519,3.34759,0,0.556303,4.47552,98.3389,98.274,2.17983,0,0,2.33948,2.03708,0,1.76979,3.38688
76.9673,85.139,1.7478,0.25,0.16,3.04552,3.34792,0,0.570669,4.47552,97.8783,98.274,2.17018,0,0,2.33967,2.03727,0,1.80748,3.38688
75.4587,85.139,1.55112,0.24,0.16,3.04584,3.34824,0,0.57073,4.47552,97.3445,98.274,1.99006,0,0,2.33987,2.03747,0,1.80763,3.38688
73.8292,85.139,1.40565,0.25,0.16,3.04616,3.34856,0,0.57079,4.47552,96.7861,98.274,1.95172,0,0,2.34007,2.03767,0,1.80778,3.38688
72.2412,85.139,1.61386,0.25,0.16,3.27014,3.57254,0,0.570851,4.47552,95.9162,98.274,1.85937,0,0,2.51572,2.21332,0,1.80794,3.38688
70.3783,85.139,1.3345,0.28,0.16,3.27049,3.57289,0,0.612825,4.47552,95.3569,98.274,1.34578,0,0,2.51593,2.21353,0,1.94364,3.38688
68.7982,85.139,1.58889,0.28,0.16,3.27083,3.57323,0,0.61289,4.47552,94.7608,98.274,2.17323,0,0,2.51614,2.21374,0,1.94381,3.38688
66.9356,85.139,1.28488,0.28,0.16,3.27118,3.57358,0,0.612954,4.47552,94.3423,98.274,1.626,0,0,2.51636,2.21396,0,1.94397,3.38688
66.5818,85.139,2.79151,0.31,0.16,3.27152,3.57392,0,0.613019,4.47552,94.3532,98.274,2.81071,0,0,2.51657,2.21417,0,1.94414,3.38688
66.9818,85.139,3.54037,0.32,0.16,3.16281,3.46521,0,0.613084,4.47552,94.7175,98.274,3.50135,0,0,2.41024,2.10784,0,1.9443,3.38688
67.7929,85.139,4.00296,0.31,0.16,3.16315,3.46555,0,0.592711,4.47552,95.6817,98.274,4.88708,0,0,2.41044,2.10804,0,1.86215,3.38688
68.4114,85.139,3.8659,0.31,0.16,3.16348,3.46588,0,0.592774,4.47552,96.5932,98.274,4.68779,0,0,2.41065,2.10825,0,1.86231,3.38688
69.1357,85.139,4.10976,0.26,0.16,3.16382,3.46622,0,0.592837,4.47552,97.8922,98.274,5.66112,0,0,2.41085,2.10845,0,1.86247,3.38688
67.2699,85.139,1.41641,0.26,0.16,3.0746,3.377,0,0.592899,4.47552,98.0324,98.274,2.97877,0,0,2.31404,2.01164,0,1.86262,3.38688
66.6691,85.139,2.60905,0.28,0.16,3.07493,3.37733,0,0.57618,4.47552,98.5268,98.274,4.06812,0,0,2.31423,2.01183,0,1.78782,3.38688
70.8258,85.139,7.70868,0.29,0.16,3.07525,3.37765,0,0.576242,4.47552,99.3022,98.274,7.1372,0,0,2.31442,2.01202,0,1.78797,3.38688
71.4023,85.139,4.00181,0.28,0.16,3.07558,3.37798,0,0.576303,4.47552,99.3022,98.274,4.94151,0,0,2.31462,2.01222,0,1.78812,3.38688
73.1563,85.139,4.88786,0.28,0.16,2.82148,3.12388,0,0.576364,4.47552,99.3022,98.274,4.5075,0,0,2.11267,1.81027,0,1.78827,3.38688
74.6869,85.139,4.68973,0.3,0.16,2.82178,3.12418,0,0.528746,4.47552,99.3022,98.274,4.15333,0,0,2.11285,1.81045,0,1.63225,3.38688
75.4072,85.139,3.94118,0.27,0.16,2.82208,3.12448,0,0.528802,4.47552,99.1991,98.274,4.63686,0,0,2.11302,1.81062,0,1.63239,3.38688
74.8479,85.139,2.54962,0.29,0.16,2.82239,3.12479,0,0.528859,4.47552,99.231,98.274,2.70636,0,0,2.1132,1.8108,0,1.63252,3.38688
75.2673,85.139,3.59822,0.32,0.16,2.82269,3.12509,0,0.528915,4.47552,99.3022,98.274,3.52202,0,0,2.11337,1.81097,0,1.63266,3.38688
79.9136,85.139,8.21969,0.32,1,2.92089,3.22329,0,0.528972,4.47552,99.3022,98.274,6.00996,0,0,2.1721,1.8697,0,1.63279,3.38688
81.5991,85.139,5.09527,0.27,1,2.92117,3.22357,0,0.547374,4.47552,99.3022,98.274,4.32542,0,0,2.17227,1.86987,0,1.67816,3.38688
81.9074,85.139,3.64016,0.29,1,2.92146,3.22386,0,0.547428,4.47552,99.3022,98.274,3.66889,0,0,2.17243,1.87003,0,1.67829,3.38688
82.525,85.139,4.055,0.32,1,2.92175,3.22415,0,0.547482,4.47552,99.3022,98.274,4.07186,0,0,2.1726,1.8702,0,1.67842,3.38688
85.139,85.139,9.96062,0.36,1,3.23654,3.53894,0,0.547535,4.47552,99.3022,98.274,10.3588,0,0,2.39268,2.09028,0,1.67855,3.38688
85.139,85.139,7.22173,0.31,1,3.23685,3.53925,0,0.606527,4.47552,99.3022,98.274,7.91441,0,0,2.39287,2.09047,0,1.84858,3.38688
85.139,85.139,4.5834,0.34,1,3.23716,3.53956,0,0.606586,4.47552,99.3022,98.274,5.01324,0,0,2.39305,2.09065,0,1.84873,3.38688
85.139,85.139,3.73295,0.34,1,3.23748,3.53988,0,0.606645,4.47552,99.3022,98.274,5.22422,0,0,2.39324,2.09084,0,1.84887,3.38688
85.139,85.139,3.62213,0.35,1,2.78905,3.09145,0,0.606703,4.47552,99.3022,98.274,5.04011,0,0,2.09819,1.79579,0,1.84901,3.38688
85.139,85.139,5.42102,0.36,1,2.78932,3.09172,0,0.522668,4.47552,99.3022,98.274,6.39221,0,0,2.09835,1.79595,0,1.62106,3.38688
85.139,85.139,4.43539,0.36,1,2.7896,3.092,0,0.522719,4.47552,99.3022,98.274,4.20168,0,0,2.09851,1.79611,0,1.62118,3.38688
84.9752,85.139,3.19331,0.38,1,2.78987,3.09227,0,0.522771,4.47552,99.3022,98.274,3.53581,0,0,2.09867,1.79627,0,1.62131,3.38688
85.139,85.139,6.20179,0.5,1,2.79015,3.09255,0,0.522822,4.47552,99.3022,98.274,4.98949,0,0,2.09883,1.79643,0,1.62143,3.38688
85.139,85.139,7.08997,0.4,1,2.90343,3.20583,0,0.522874,4.47552,99.3022,98.274,7.09387,0,0,2.17124,1.86884,0,1.62155,3.38688
85.139,85.139,6.3062,0.38,1,2.90371,3.20611,0,0.544102,4.47552,99.3022,98.274,5.59434,0,0,2.17141,1.86901,0,1.6775,3.38688
85.139,85.139,5.3799,0.39,1,2.904,3.2064,0,0.544156,4.47552,99.3022,98.274,4.75001,0,0,2.17157,1.86917,0,1.67763,3.38688
85.139,85.139,5.1921,0.38,1,2.90428,3.20668,0,0.544209,4.47552,99.3022,98.274,5.49666,0,0,2.17174,1.86934,0,1.67776,3.38688
85.139,85.139,4.80616,0.35,1,2.86037,3.16277,0,0.544262,4.47552,99.3022,98.274,4.5713,0,0,2.14383,1.84143,0,1.67789,3.38688
85.139,85.139,4.1892,0.32,1,2.86065,3.16305,0,0.536032,4.47552,99.3022,98.274,4.18444,0,0,2.144,1.8416,0,1.65632,3.38688
85.139,85.139,3.74432,0.31,1,2.86093,3.16333,0,0.536085,4.47552,99.3022,98.274,3.67363,0,0,2.14416,1.84176,0,1.65645,3.38688
85.139,85.139,3.46747,0.31,1,2.86121,3.16361,0,0.536138,4.47552,99.3022,98.274,3.44246,0,0,2.14432,1.84192,0,1.65658,3.38688
85.139,85.139,3.46678,0.27,1,3.01157,3.31397,0,0.53619,4.47552,99.3022,98.274,3.69169,0,0,2.24408,1.94168,0,1.6567,3.38688
85.0185,85.139,3.09909,0.23,1,3.01187,3.31427,0,0.564369,4.47552,99.2406,98.274,3.45307,0,0,2.24425,1.94185,0,1.73378,3.38688
84.7381,85.139,2.90959,0.29,1,3.01216,3.31456,0,0.564424,4.47552,99.2087,98.274,3.49975,0,0,2.24442,1.94202,0,1.73391,3.38688
84.3518,85.139,2.79298,0.27,1,3.01246,3.31486,0,0.564479,4.47552,99.1925,98.274,3.40638,0,0,2.2446,1.9422,0,1.73404,3.38688
84.1521,85.139,2.97671,0.24,1,3.01275,3.31515,0,0.564534,4.47552,99.1255,98.274,3.36277,0,0,2.24477,1.94237,0,1.73417,3.38688
84.021,85.139,3.01248,0.23,1,2.98335,3.28575,0,0.564589,4.47552,99.05,98.274,3.38789,0,0,2.2997,1.9973,0,1.73431,3.38688
83.7043,85.139,2.81489,0.22,1,2.98364,3.28604,0,0.55908,4.47552,98.9796,98.274,3.47031,0,0,2.29988,1.99748,0,1.77675,3.38688
83.3213,85.139,2.73376,0.21,1,2.98393,3.28633,0,0.559134,4.47552,98.8379,98.274,3.31736,0,0,2.30006,1.99766,0,1.77689,3.38688
82.7108,85.139,2.49198,0.21,1,2.98422,3.28662,0,0.559189,4.47552,98.6006,98.274,2.94756,0,0,2.30023,1.99783,0,1.77702,3.38688
81.8676,85.139,2.31712,0.21,1,3.06123,3.36363,0,0.559244,4.47552,98.2321,98.274,2.42315,0,0,2.34923,2.04683,0,1.77716,3.38688
80.8793,85.139,2.1462,0.2,1,3.06152,3.36392,0,0.573674,4.47552,97.7847,98.274,2.46768,0,0,2.34942,2.04702,0,1.81502,3.38688
79.7438,85.139,1.98819,0.2,1,3.06182,3.36422,0,0.57373,4.47552,97.3003,98.274,2.19004,0,0,2.3496,2.0472,0,1.81516,3.38688
78.6621,85.139,2.02462,0.2,1,3.06212,3.36452,0,0.573786,4.47552,96.8677,98.274,2.50295,0,0,2.34978,2.04738,0,1.8153,3.38688
77.5701,85.139,2.21808,0.23,1,3.28714,3.58954,0,0.573842,4.47552,96.4255,98.274,2.52246,0,0,2.52625,2.22385,0,1.81544,3.38688
76.3979,85.139,2.1222,0.23,1,3.28746,3.58986,0,0.61601,4.47552,95.8838,98.274,2.02439,0,0,2.52644,2.22404,0,1.95178,3.38688
75.7225,85.139,2.60704,0.23,1,3.28778,3.59018,0,0.61607,4.47552,95.6635,98.274,3.79578,0,0,2.52664,2.22424,0,1.95193,3.38688
74.652,85.139,2.17399,0.23,1,3.2881,3.5905,0,0.61613,4.47552,95.2801,98.274,2.78335,0,0,2.52684,2.22444,0,1.95208,3.38688
73.7925,85.139,2.39879,0.22,1,3.28842,3.59082,0,0.616189,4.47552,94.9606,98.274,3.87423,0,0,2.52704,2.22464,0,1.95224,3.38688
73.4262,85.139,2.81783,0.23,1,3.17916,3.48156,0,0.616249,4.47552,94.6916,98.274,4.84686,0,0,2.42019,2.11779,0,1.95239,3.38688
73.9616,85.139,3.77192,0.27,1,3.17947,3.48187,0,0.595775,4.47552,94.5932,98.274,6.30668,0,0,2.42037,2.11797,0,1.86984,3.38688
75.4231,85.139,4.89565,0.23,1,3.17978,3.48218,0,0.595833,4.47552,94.9314,98.274,9.39499,0,0,2.42056,2.11816,0,1.86998,3.38688
76.5113,85.139,4.51952,0.23,1,3.18009,3.48249,0,0.595891,4.47552,94.8674,98.274,6.22834,0,0,2.42075,2.11835,0,1.87013,3.38688
77.536,85.139,4.58104,0.22,1,3.09043,3.39283,0,0.595949,4.47552,96.4015,98.274,12.2571,0,0,2.32346,2.02106,0,1.87027,3.38688
78.0669,85.139,4.07447,0.22,1,3.09073,3.39313,0,0.579147,4.47552,97.5826,98.274,10.4143,0,0,2.32364,2.02124,0,1.79511,3.38688
82.3363,85.139,8.35842,0.23,1,3.09103,3.39343,0,0.579203,4.47552,99.3022,98.274,14.2006,0,0,2.32382,2.02142,0,1.79525,3.38688
82.3691,85.139,3.61087,0.22,1,3.09133,3.39373,0,0.57926,4.47552,99.3022,98.274,9.42547,0,0,2.324,2.0216,0,1.79539,3.38688
84.71,85.139,5.60661,0.22,1,2.83602,3.13842,0,0.579316,4.47552,99.3022,98.274,10.1455,0,0,2.1211,1.8187,0,1.79552,3.38688
85.139,85.139,6.80631,0.22,1,2.8363,3.1387,0,0.531471,4.47552,99.3022,98.274,13.1438,0,0,2.12126,1.81886,0,1.63876,3.38688
85.139,85.139,7.97973,0.2,1,2.83658,3.13898,0,0.531523,4.47552,99.3022,98.274,13.1965,0,0,2.12142,1.81902,0,1.63889,3.38688
85.139,85.139,6.91425,0.21,1,2.83686,3.13926,0,0.531575,4.47552,99.3022,98.274,12.7307,0,0,2.12158,1.81918,0,1.63901,3.38688
85.139,85.139,7.29207,0.2,1,2.83714,3.13954,0,0.531628,4.47552,99.3022,98.274,10.8823,0,0,2.12175,1.81935,0,1.63914,3.38688
84.6378,85.139,2.83699,0.21,1,2.93577,3.23817,0,0.53168,4.47552,99.3022,98.274,6.18166,0,0,2.18073,1.87833,0,1.63926,3.38688
84.2059,85.139,2.94635,0.28,1,2.93603,3.23843,0,0.550163,4.47552,99.3022,98.274,5.2438,0,0,2.18088,1.87848,0,1.68483,3.38688
83.7238,85.139,2.88583,0.31,1,2.93629,3.23869,0,0.550212,4.47552,99.3022,98.274,5.19043,0,0,2.18104,1.87864,0,1.68495,3.38688
83.4503,85.139,3.06086,0.32,1,2.93655,3.23895,0,0.550261,4.47552,99.3022,98.274,5.92267,0,0,2.18119,1.87879,0,1.68507,3.38688
83.3788,85.139,3.64208,0.34,1,3.25276,3.55516,0,0.55031,4.47552,99.3022,98.274,5.67239,0,0,2.40226,2.09986,0,1.68519,3.38688
82.8705,85.139,3.18795,0.37,1,3.25305,3.55545,0,0.609568,4.47552,99.3022,98.274,5.43438,0,0,2.40243,2.10003,0,1.85599,3.38688
82.914,85.139,3.71936,0.37,1,3.25334,3.55574,0,0.609622,4.47552,99.3022,98.274,5.94158,0,0,2.4026,2.1002,0,1.85612,3.38688
82.7444,85.139,3.4999,0.38,1,3.25363,3.55603,0,0.609676,4.47552,99.3022,98.274,6.65379,0,0,2.40277,2.10037,0,1.85625,3.38688
83.2799,85.139,3.79778,0.38,1,2.80313,3.10553,0,0.60973,4.47552,99.3022,98.274,4.49965,0,0,2.10637,1.80397,0,1.85638,3.38688
84.8292,85.139,4.91661,0.39,1,2.80338,3.10578,0,0.525307,4.47552,99.3022,98.274,6.79946,0,0,2.10651,1.80411,0,1.62738,3.38688
85.139,85.139,4.20928,0.42,1,2.80363,3.10603,0,0.525354,4.47552,99.3022,98.274,4.20427,0,0,2.10666,1.80426,0,1.62749,3.38688
85.139,85.139,4.07513,0.37,1,2.80389,3.10629,0,0.525401,4.47552,99.3022,98.274,4.02624,0,0,2.10681,1.80441,0,1.62761,3.38688
85.139,85.139,4.95157,0.39,1,2.80414,3.10654,0,0.525448,4.47552,99.3022,98.274,4.91638,0,0,2.10695,1.80455,0,1.62772,3.38688
85.139,85.139,9.31914,0.39,1,2.9179,3.2203,0,0.525495,4.47552,99.3022,98.274,9.6046,0,0,2.17968,1.87728,0,1.62783,3.38688
85.139,85.139,6.56505,0.37,1,2.91817,3.22057,0,0.546815,4.47552,99.3022,98.274,6.44479,0,0,2.17983,1.87743,0,1.68402,3.38688
85.139,85.139,5.86296,0.37,1,2.91843,3.22083,0,0.546864,4.47552,99.3022,98.274,5.60778,0,0,2.17999,1.87759,0,1.68414,3.38688
85.139,85.139,5.53906,0.37,1,2.91869,3.22109,0,0.546913,4.47552,99.3022,98.274,6.38742,0,0,2.18014,1.87774,0,1.68426,3.38688
85.139,85.139,5.22015,0.35,1,2.87455,3.17695,0,0.546962,4.47552,99.3022,98.274,5.65687,0,0,2.15209,1.84969,0,1.68437,3.38688
85.139,85.139,4.57253,0.31,1,2.87481,3.17721,0,0.538691,4.47552,99.3022,98.274,5.13985,0,0,2.15224,1.84984,0,1.66271,3.38688
85.139,85.139,4.1014,0.3,1,2.87506,3.17746,0,0.538739,4.47552,99.3022,98.274,4.55156,0,0,2.15239,1.84999,0,1.66282,3.38688
85.139,85.139,3.79385,0.31,1,2.87532,3.17772,0,0.538787,4.47552,99.3022,98.274,4.28714,0,0,2.15254,1.85014,0,1.66294,3.38688
85.139,85.139,3.32979,0.28,1,3.02633,3.32873,0,0.538835,4.47552,99.3022,98.274,4.69052,0,0,2.25273,1.95033,0,1.66305,3.38688
84.8194,85.139,2.93034,0.26,1,3.0266,3.329,0,0.567135,4.47552,99.3022,98.274,4.25653,0,0,2.25288,1.95048,0,1.74046,3.38688
84.2782,85.139,2.69323,0.29,1,3.02687,3.32927,0,0.567185,4.47552,99.3022,98.274,3.58897,0,0,2.25304,1.95064,0,1.74058,3.38688
83.6775,85.139,2.6208,0.27,1,3.02714,3.32954,0,0.567236,4.47552,99.3022,98.274,3.29119,0,0,2.2532,1.9508,0,1.7407,3.38688
82.8073,85.139,2.2978,0.24,1,3.02741,3.32981,0,0.567287,4.47552,99.1184,98.274,2.79154,0,0,2.25336,1.95096,0,1.74082,3.38688
81.7961,85.139,2.08875,0.23,1,2.99786,3.30026,0,0.567337,4.47552,98.7799,98.274,2.19611,0,0,2.30852,2.00612,0,1.74094,3.38688
80.6558,85.139,1.95203,0.23,1,2.99812,3.30052,0,0.561798,4.47552,98.3543,98.274,2.12366,0,0,2.30868,2.00628,0,1.78356,3.38688
79.347,85.139,1.77468,0.21,1,2.99839,3.30079,0,0.561848,4.47552,97.7871,98.274,2.01984,0,0,2.30885,2.00645,0,1.78369,3.38688
77.9002,85.139,1.61339,0.26,1,2.99866,3.30106,0,0.561899,4.47552,97.2394,98.274,1.86619,0,0,2.30901,2.00661,0,1.78381,3.38688
76.4889,85.139,1.68779,0.24,1,3.07597,3.37837,0,0.561949,4.47552,96.8664,98.274,2.00811,0,0,2.35821,2.05581,0,1.78394,3.38688
75.0038,85.139,1.59435,0.24,1,3.07625,3.37865,0,0.576437,4.47552,96.3521,98.274,2.06329,0,0,2.35837,2.05597,0,1.82195,3.38688
73.4306,85.139,1.49159,0.23,1,3.07652,3.37892,0,0.576489,4.47552,95.8743,98.274,1.88394,0,0,2.35854,2.05614,0,1.82208,3.38688
71.8503,85.139,1.46753,0.28,1,3.07679,3.37919,0,0.57654,4.47552,95.3406,98.274,2.03113,0,0,2.35871,2.05631,0,1.82221,3.38688
69.9375,85.139,1.29271,0.27,1,3.30277,3.60517,0,0.576591,4.47552,94.5801,98.274,1.8823,0,0,2.53593,2.23353,0,1.82234,3.38688
67.7088,85.139,0.954312,0.27,1,3.30306,3.60546,0,0.618939,4.47552,93.7138,98.274,1.54424,0,0,2.53611,2.23371,0,1.95926,3.38688
65.56,85.139,1.0096,0.3,1,3.30335,3.60575,0,0.618993,4.47552,93.0341,98.274,1.53529,0,0,2.53629,2.23389,0,1.9594,3.38688
63.907,85.139,1.51421,0.31,1,3.30364,3.60604,0,0.619048,4.47552,92.3558,98.274,1.81138,0,0,2.53647,2.23407,0,1.95954,3.38688
62.7061,85.139,1.94892,0.31,1,3.30394,3.60634,0,0.619103,4.47552,91.3288,98.274,1.8229,0,0,2.53665,2.23425,0,1.95968,3.38688
60.7266,85.139,1.07005,0.31,1,3.19419,3.49659,0,0.619158,4.47552,90.3995,98.274,1.16501,0,0,2.42932,2.12692,0,1.95982,3.38688
58.8661,85.139,1.21186,0.33,1,3.19447,3.49687,0,0.59859,4.47552,89.5162,98.274,1.61731,0,0,2.4295,2.1271,0,1.8769,3.38688
56.9734,85.139,1.16621,0.33,1,3.19475,3.49715,0,0.598644,4.47552,88.8275,98.274,1.54653,0,0,2.42967,2.12727,0,1.87703,3.38688
55.2453,85.139,1.35393,0.33,1,3.19504,3.49744,0,0.598697,4.47552,88.177,98.274,1.96149,0,0,2.42984,2.12744,0,1.87716,3.38688
53.5391,85.139,1.2621,0.38,1,3.10496,3.40736,0,0.59875,4.47552,87.3674,98.274,1.68088,0,0,2.33212,2.02972,0,1.87729,3.38688
52.0182,85.139,1.50784,0.38,1,3.10524,3.40764,0,0.58187,4.47552,86.6085,98.274,1.32366,0,0,2.33229,2.02989,0,1.8018,3.38688
50.3109,85.139,1.27812,0.38,1,3.10552,3.40792,0,0.581922,4.47552,86.2591,98.274,1.56115,0,0,2.33245,2.03005,0,1.80192,3.38688
51.1228,85.139,3.96796,0.45,1,3.10579,3.40819,0,0.581974,4.47552,86.6841,98.274,4.79282,0,0,2.33261,2.03021,0,1.80205,3.38688
51.2059,85.139,2.97946,0.42,1,2.84937,3.15177,0,0.582025,4.47552,86.8307,98.274,2.88033,0,0,2.12883,1.82643,0,1.80218,3.38688
50.5742,85.139,2.27533,0.44,1,2.84963,3.15203,0,0.533972,4.47552,86.6684,98.274,2.50423,0,0,2.12898,1.82658,0,1.64474,3.38688
51.0066,85.139,3.3616,0.52,1,2.84988,3.15228,0,0.53402,4.47552,86.6252,98.274,2.98734,0,0,2.12913,1.82673,0,1.64485,3.38688
50.0961,85.139,1.97902,0.54,1,2.85014,3.15254,0,0.534068,4.47552,86.5109,98.274,2.36359,0,0,2.12928,1.82688,0,1.64497,3.38688
49.4044,85.139,2.20725,0.58,1,2.85039,3.15279,0,0.534116,4.47552,86.3941,98.274,2.53039,0,0,2.12943,1.82703,0,1.64508,3.38688
51.3693,85.139,4.96189,0.6,1,2.94941,3.25181,0,0.534164,4.47552,87.0089,98.274,4.97648,0,0,2.18865,1.88625,0,1.64519,3.38688
53.76,85.139,5.4928,0.58,1,2.94965,3.25205,0,0.55272,4.47552,87.452,98.274,4.5422,0,0,2.18879,1.88639,0,1.69095,3.38688
56.121,85.139,5.44985,0.59,1,2.94989,3.25229,0,0.552765,4.47552,87.9447,98.274,4.70179,0,0,2.18893,1.88653,0,1.69106,3.38688
58.4983,85.139,5.49661,0.61,1,2.95013,3.25253,0,0.55281,4.47552,88.8362,98.274,6.21191,0,0,2.18906,1.88666,0,1.69116,3.38688
61.3679,85.139,6.37825,0.58,1,3.26764,3.57004,0,0.552855,4.47552,89.5558,98.274,5.86219,0,0,2.41105,2.10865,0,1.69127,3.38688
64.384,85.139,6.61342,0.6,1,3.2679,3.5703,0,0.612355,4.47552,90.2319,98.274,5.77972,0,0,2.41121,2.10881,0,1.86278,3.38688
66.8556,85.139,6.07532,0.55,1,3.26816,3.57056,0,0.612405,4.47552,90.7536,98.274,5.58989,0,0,2.41136,2.10896,0,1.8629,3.38688
70.2842,85.139,7.13337,0.58,1,3.26843,3.57083,0,0.612454,4.47552,91.3558,98.274,5.71592,0,0,2.41152,2.10912,0,1.86302,3.38688
72.6682,85.139,5.70068,0.52,1,2.81603,3.11843,0,0.612503,4.47552,91.928,98.274,4.83542,0,0,2.11386,1.81146,0,1.86314,3.38688
74.822,85.139,5.46794,0.57,1,2.81626,3.11866,0,0.527724,4.47552,92.6244,98.274,5.32336,0,0,2.11399,1.81159,0,1.63317,3.38688
77.3223,85.139,5.85637,0.52,1,2.81649,3.11889,0,0.527767,4.47552,93.3836,98.274,4.94273,0,0,2.11413,1.81173,0,1.63327,3.38688
79.1869,85.139,5.19467,0.56,1,2.81672,3.11912,0,0.52781,4.47552,94.0179,98.274,4.75523,0,0,2.11426,1.81186,0,1.63337,3.38688
82.657,85.139,6.93472,0.58,1,2.81695,3.11935,0,0.527853,4.47552,94.5989,98.274,4.46368,0,0,2.11439,1.81199,0,1.63348,3.38688
85.139,85.139,6.39711,0.49,1,2.93116,3.23356,0,0.527896,4.47552,94.9439,98.274,3.85582,0,0,2.18741,1.88501,0,1.63358,3.38688
85.139,85.139,5.26394,0.38,1,2.9314,3.2338,0,0.549299,4.47552,95.1448,98.274,3.44981,0,0,2.18755,1.88515,0,1.68999,3.38688
85.139,85.139,4.50149,0.37,1,2.93164,3.23404,0,0.549344,4.47552,95.2404,98.274,3.0546,0,0,2.18769,1.88529,0,1.6901,3.38688
85.139,85.139,4.11709,0.38,1,2.93187,3.23427,0,0.549388,4.47552,95.2736,98.274,2.8775,0,0,2.18782,1.88542,0,1.69021,3.38688
85.139,85.139,5.52455,0.35,1,2.88753,3.18993,0,0.549433,4.47552,95.6939,98.274,4.82172,0,0,2.15965,1.85725,0,1.69031,3.38688
85.139,85.139,4.03617,0.31,1,2.88777,3.19017,0,0.541123,4.47552,95.7563,98.274,3.28767,0,0,2.15978,1.85738,0,1.66854,3.38688
85.139,85.139,3.49557,0.3,1,2.888,3.1904,0,0.541167,4.47552,95.7762,98.274,3.00038,0,0,2.15992,1.85752,0,1.66865,3.38688
85.0092,85.139,3.11112,0.3,1,2.88823,3.19063,0,0.541211,4.47552,95.6978,98.274,2.62864,0,0,2.16006,1.85766,0,1.66876,3.38688
84.934,85.139,3.26437,0.35,1,3.03983,3.34223,0,0.541255,4.47552,95.6055,98.274,2.84714,0,0,2.26064,1.95824,0,1.66886,3.38688
85.0616,85.139,3.44337,0.32,1,3.04008,3.34248,0,0.569665,4.47552,95.4913,98.274,2.88848,0,0,2.26078,1.95838,0,1.74657,3.38688
84.8334,85.139,3.04587,0.29,1,3.04033,3.34273,0,0.569711,4.47552,95.3155,98.274,2.7329,0,0,2.26092,1.95852,0,1.74668,3.38688
84.4815,85.139,2.87947,0.27,1,3.04057,3.34297,0,0.569757,4.47552,95.0919,98.274,2.60614,0,0,2.26107,1.95867,0,1.74679,3.38688
83.9691,85.139,2.70222,0.24,1,3.04082,3.34322,0,0.569803,4.47552,94.9156,98.274,2.65321,0,0,2.26121,1.95881,0,1.7469,3.38688
83.2546,85.139,2.43586,0.22,1,3.01112,3.31352,0,0.569849,4.47552,94.9018,98.274,3.01684,0,0,2.31658,2.01418,0,1.74701,3.38688
82.3373,85.139,2.22361,0.22,1,3.01136,3.31376,0,0.564283,4.47552,94.8327,98.274,2.69478,0,0,2.31673,2.01433,0,1.78979,3.38688
81.2708,85.139,2.0406,0.19,1,3.01161,3.31401,0,0.564329,4.47552,94.6956,98.274,2.63984,0,0,2.31688,2.01448,0,1.78991,3.38688
80.1133,85.139,1.91211,0.2,1,3.01185,3.31425,0,0.564375,4.47552,94.4648,98.274,2.54869,0,0,2.31703,2.01463,0,1.79002,3.38688
79.3059,85.139,2.33602,0.19,1,3.08945,3.39185,0,0.56442,4.47552,94.2966,98.274,2.7288,0,0,2.36641,2.06401,0,1.79013,3.38688
78.4,85.139,2.22923,0.22,1,3.0897,3.3921,0,0.578962,4.47552,94.0907,98.274,2.67963,0,0,2.36656,2.06416,0,1.82829,3.38688
77.2992,85.139,2.02225,0.21,1,3.08994,3.39234,0,0.579009,4.47552,93.8525,98.274,2.45833,0,0,2.36671,2.06431,0,1.8284,3.38688
75.9786,85.139,1.77617,0.21,1,3.09019,3.39259,0,0.579056,4.47552,93.6023,98.274,2.43292,0,0,2.36686,2.06446,0,1.82852,3.38688
74.1298,85.139,1.41485,0.21,1,3.31704,3.61944,0,0.579102,4.47552,93.2674,98.274,2.2572,0,0,2.54477,2.24237,0,1.82864,3.38688
72.1588,85.139,1.25413,0.21,1,3.3173,3.6197,0,0.621613,4.47552,92.7993,98.274,2.00587,0,0,2.54493,2.24253,0,1.96609,3.38688
70.6578,85.139,1.71235,0.25,1,3.31757,3.61997,0,0.621663,4.47552,92.3861,98.274,2.25833,0,0,2.5451,2.2427,0,1.96621,3.38688
69.8947,85.139,2.50754,0.25,1,3.31783,3.62023,0,0.621712,4.47552,92.1647,98.274,2.65207,0,0,2.54526,2.24286,0,1.96634,3.38688
68.764,85.139,2.12789,0.25,1,3.3181,3.6205,0,0.621762,4.47552,91.878,98.274,2.35563,0,0,2.54543,2.24303,0,1.96647,3.38688
67.5442,85.139,1.83574,0.26,1,3.20789,3.51029,0,0.621812,4.47552,91.7723,98.274,3.35325,0,0,2.43766,2.13526,0,1.9666,3.38688
66.0343,85.139,1.53201,0.29,1,3.20815,3.51055,0,0.601159,4.47552,91.3382,98.274,1.80351,0,0,2.43782,2.13542,0,1.88334,3.38688
65.1312,85.139,2.18567,0.28,1,3.20841,3.51081,0,0.601208,4.47552,91.063,98.274,2.07947,0,0,2.43798,2.13558,0,1.88346,3.38688
67.2148,85.139,5.38358,0.27,1,3.20867,3.51107,0,0.601256,4.47552,91.4925,98.274,3.78435,0,0,2.43813,2.13573,0,1.88358,3.38688
68.5232,85.139,4.6118,0.28,1,3.11822,3.42062,0,0.601304,4.47552,91.9354,98.274,4.28059,0,0,2.34002,2.03762,0,1.8837,3.38688
70.7363,85.139,5.62352,0.23,1,3.11847,3.42087,0,0.584354,4.47552,92.9978,98.274,6.75938,0,0,2.34017,2.03777,0,1.8079,3.38688
74.0147,85.139,6.52707,0.24,1,3.11872,3.42112,0,0.584401,4.47552,94.0673,98.274,6.59152,0,0,2.34032,2.03792,0,1.80801,3.38688
77.5747,85.139,6.91671,0.21,1,3.11897,3.42137,0,0.584449,4.47552,94.8814,98.274,5.10773,0,0,2.34047,2.03807,0,1.80813,3.38688
82.6323,85.139,8.3737,0.21,1,2.86154,3.16394,0,0.584496,4.47552,96.2065,98.274,8.16256,0,0,2.13588,1.83348,0,1.80824,3.38688
85.139,85.139,14.558,0.2,1,2.86177,3.16417,0,0.536252,4.47552,97.7631,98.274,8.45203,0,0,2.13602,1.83362,0,1.65018,3.38688
85.139,85.139,17.1938,0.19,1,2.862,3.1644,0,0.536296,4.47552,99.3022,98.274,8.53969,0,0,2.13615,1.83375,0,1.65029,3.38688
85.139,85.139,17.2805,0.19,1,2.86224,3.16464,0,0.536339,4.47552,99.3022,98.274,15.1439,0,0,2.13629,1.83389,0,1.65039,3.38688
85.139,85.139,10.7182,0.19,1,2.86247,3.16487,0,0.536383,4.47552,99.3022,98.274,6.47504,0,0,2.13642,1.83402,0,1.6505,3.38688
83.8246,85.139,1.98217,0.2,1,2.96184,3.26424,0,0.536426,4.47552,99.3022,98.274,3.87148,0,0,2.19586,1.89346,0,1.6506,3.38688
85.139,85.139,5.41248,0.28,1,2.96206,3.26446,0,0.555049,4.47552,99.3022,98.274,5.81286,0,0,2.19598,1.89358,0,1.69652,3.38688
85.139,85.139,13.1116,0.22,1,2.96228,3.26468,0,0.55509,4.47552,99.3022,98.274,10.8448,0,0,2.19611,1.89371,0,1.69662,3.38688
85.139,85.139,5.86618,0.25,1,2.96249,3.26489,0,0.55513,4.47552,99.3022,98.274,6.92051,0,0,2.19623,1.89383,0,1.69671,3.38688
85.139,85.139,4.69946,0.27,1,3.28118,3.58358,0,0.555171,4.47552,99.3022,98.274,4.99773,0,0,2.41905,2.11665,0,1.69681,3.38688
85.139,85.139,4.57196,0.29,1,3.28141,3.58381,0,0.614893,4.47552,99.3022,98.274,6.81536,0,0,2.41919,2.11679,0,1.86896,3.38688
85.139,85.139,6.20805,0.3,1,3.28165,3.58405,0,0.614937,4.47552,99.3022,98.274,7.39779,0,0,2.41933,2.11693,0,1.86906,3.38688
85.139,85.139,5.61645,0.32,1,3.28189,3.58429,0,0.614982,4.47552,99.3022,98.274,8.82075,0,0,2.41947,2.11707,0,1.86917,3.38688
85.139,85.139,10.3317,0.33,1,2.82776,3.13016,0,0.615026,4.47552,99.3022,98.274,7.23221,0,0,2.12068,1.81828,0,1.86928,3.38688
85.139,85.139,9.47232,0.33,1,2.82797,3.13037,0,0.529923,4.47552,99.3022,98.274,8.53099,0,0,2.1208,1.8184,0,1.63843,3.38688
85.139,85.139,13.8145,0.34,1,2.82818,3.13058,0,0.529962,4.47552,99.3022,98.274,15.8635,0,0,2.12092,1.81852,0,1.63853,3.38688
85.139,85.139,10.8909,0.37,1,2.82838,3.13078,0,0.53,4.47552,99.3022,98.274,12.0513,0,0,2.12104,1.81864,0,1.63862,3.38688
85.139,85.139,9.11952,0.39,1,2.82859,3.13099,0,0.530039,4.47552,99.3022,98.274,8.38918,0,0,2.12116,1.81876,0,1.63871,3.38688
85.139,85.139,9.34393,0.41,1,2.94321,3.24561,0,0.530078,4.47552,99.3022,98.274,7.46866,0,0,2.19443,1.89203,0,1.63881,3.38688
85.139,85.139,8.39875,0.41,1,2.94342,3.24582,0,0.551557,4.47552,99.3022,98.274,10.1925,0,0,2.19456,1.89216,0,1.69542,3.38688
85.139,85.139,6.76028,0.37,1,2.94363,3.24603,0,0.551597,4.47552,99.3022,98.274,9.68985,0,0,2.19468,1.89228,0,1.69551,3.38688
85.139,85.139,5.17364,0.36,1,2.94385,3.24625,0,0.551637,4.47552,99.3022,98.274,7.13146,0,0,2.19481,1.89241,0,1.69561,3.38688
85.139,85.139,6.20921,0.36,1,2.89932,3.20172,0,0.551677,4.47552,99.3022,98.274,6.58743,0,0,2.16651,1.86411,0,1.69571,3.38688
85.139,85.139,5.94059,0.32,1,2.89953,3.20193,0,0.543332,4.47552,99.3022,98.274,5.76924,0,0,2.16663,1.86423,0,1.67385,3.38688
85.139,85.139,5.52292,0.3,1,2.89974,3.20214,0,0.543372,4.47552,99.3022,98.274,5.23,0,0,2.16676,1.86436,0,1.67394,3.38688
85.139,85.139,5.04657,0.29,1,2.89995,3.20235,0,0.543412,4.47552,99.3022,98.274,4.92505,0,0,2.16688,1.86448,0,1.67404,3.38688
85.139,85.139,4.55759,0.27,1,3.05209,3.35449,0,0.543451,4.47552,99.3022,98.274,4.89664,0,0,2.26781,1.96541,0,1.67413,3.38688
85.139,85.139,3.97482,0.24,1,3.05231,3.35471,0,0.571961,4.47552,99.3022,98.274,4.06098,0,0,2.26794,1.96554,0,1.75211,3.38688
85.139,85.139,3.79605,0.21,1,3.05253,3.35493,0,0.572002,4.47552,99.3022,98.274,3.90494,0,0,2.26807,1.96567,0,1.75221,3.38688
85.139,85.139,3.63422,0.2,1,3.05275,3.35515,0,0.572044,4.47552,99.3022,98.274,4.20377,0,0,2.2682,1.9658,0,1.75231,3.38688
85.139,85.139,3.34324,0.2,1,3.05297,3.35537,0,0.572085,4.47552,99.3022,98.274,3.84732,0,0,2.26833,1.96593,0,1.75241,3.38688
85.0855,85.139,3.14415,0.18,1,3.02314,3.32554,0,0.572127,4.47552,99.1288,98.274,3.08959,0,0,2.32389,2.02149,0,1.75252,3.38688
84.8538,85.139,2.96476,0.21,1,3.02336,3.32576,0,0.566536,4.47552,98.9118,98.274,2.93211,0,0,2.32402,2.02162,0,1.79544,3.38688
84.3701,85.139,2.71048,0.2,1,3.02358,3.32598,0,0.566578,4.47552,98.6878,98.274,2.91327,0,0,2.32416,2.02176,0,1.79554,3.38688
83.6438,85.139,2.45147,0.18,1,3.0238,3.3262,0,0.566619,4.47552,98.4121,98.274,2.6195,0,0,2.32429,2.02189,0,1.79564,3.38688
82.6334,85.139,2.19651,0.18,1,3.10165,3.40405,0,0.56666,4.47552,97.9706,98.274,2.24276,0,0,2.37383,2.07143,0,1.79575,3.38688
81.5236,85.139,2.08012,0.17,1,3.10188,3.40428,0,0.581249,4.47552,97.488,98.274,2.17795,0,0,2.37397,2.07157,0,1.83402,3.38688
80.1942,85.139,1.84757,0.17,1,3.1021,3.4045,0,0.581292,4.47552,96.9424,98.274,2.04844,0,0,2.37411,2.07171,0,1.83413,3.38688
78.7129,85.139,1.6813,0.17,1,3.10233,3.40473,0,0.581334,4.47552,96.4195,98.274,1.94156,0,0,2.37424,2.07184,0,1.83424,3.38688
76.7837,85.139,1.3931,0.19,1,3.32995,3.63235,0,0.581376,4.47552,95.8789,98.274,1.9635,0,0,2.55277,2.25037,0,1.83434,3.38688
74.5296,85.139,1.056,0.21,1,3.33019,3.63259,0,0.624033,4.47552,95.2814,98.274,1.91675,0,0,2.55292,2.25052,0,1.97227,3.38688
72.3588,85.139,1.11672,0.21,1,3.33043,3.63283,0,0.624078,4.47552,94.6822,98.274,1.90542,0,0,2.55307,2.25067,0,1.97238,3.38688
70.7301,85.139,1.67482,0.25,1,3.33067,3.63307,0,0.624123,4.47552,94.1516,98.274,2.2473,0,0,2.55322,2.25082,0,1.9725,3.38688
69.7535,85.139,2.35003,0.25,1,3.33091,3.63331,0,0.624168,4.47552,93.747,98.274,2.46423,0,0,2.55336,2.25096,0,1.97261,3.38688
67.6902,85.139,1.18405,0.25,1,3.22029,3.52269,0,0.624213,4.47552,93.1523,98.274,2.09738,0,0,2.4452,2.1428,0,1.97273,3.38688
65.4693,85.139,1.03083,0.28,1,3.22052,3.52292,0,0.603482,4.47552,92.594,98.274,1.92574,0,0,2.44534,2.14294,0,1.88916,3.38688
63.4183,85.139,1.19214,0.28,1,3.22075,3.52315,0,0.603526,4.47552,92.2697,98.274,3.18511,0,0,2.44549,2.14309,0,1.88927,3.38688
61.3511,85.139,1.14822,0.27,1,3.22099,3.52339,0,0.603569,4.47552,91.903,98.274,3.03426,0,0,2.44563,2.14323,0,1.88938,3.38688
59.0507,85.139,0.788984,0.33,1,3.1302,3.4326,0,0.603613,4.47552,91.4385,98.274,2.24148,0,0,2.34715,2.04475,0,1.88949,3.38688
57.2288,85.139,1.28679,0.34,1,3.13042,3.43282,0,0.586599,4.47552,90.9918,98.274,2.18547,0,0,2.34729,2.04489,0,1.81341,3.38688
56.0291,85.139,1.94081,0.33,1,3.13065,3.43305,0,0.586641,4.47552,90.8015,98.274,2.80052,0,0,2.34742,2.04502,0,1.81351,3.38688
55.2493,85.139,2.4593,0.39,1,3.13088,3.43328,0,0.586684,4.47552,90.769,98.274,4.23556,0,0,2.34756,2.04516,0,1.81362,3.38688
54.7606,85.139,2.49213,0.4,1,2.87252,3.17492,0,0.586726,4.47552,90.3802,98.274,3.63018,0,0,2.14225,1.83985,0,1.81372,3.38688
53.3277,85.139,1.45697,0.42,1,2.87273,3.17513,0,0.538311,4.47552,89.7918,98.274,1.64058,0,0,2.14237,1.83997,0,1.6551,3.38688
52.8499,85.139,2.52684,0.45,1,2.87294,3.17534,0,0.53835,4.47552,89.5201,98.274,3.84504,0,0,2.14249,1.84009,0,1.6552,3.38688
52.7011,85.139,2.86241,0.47,1,2.87315,3.17555,0,0.538389,4.47552,89.1441,98.274,3.31414,0,0,2.14261,1.84021,0,1.65529,3.38688
52.9546,85.139,3.17337,0.5,1,2.87336,3.17576,0,0.538428,4.47552,88.5818,98.274,2.30285,0,0,2.14274,1.84034,0,1.65538,3.38688
53.2105,85.139,3.36169,0.54,1,2.97305,3.27545,0,0.538468,4.47552,88.5759,98.274,3.42567,0,0,2.20236,1.89996,0,1.65548,3.38688
53.3187,85.139,3.23933,0.55,1,2.97325,3.27565,0,0.55715,4.47552,88.6906,98.274,3.74484,0,0,2.20247,1.90007,0,1.70154,3.38688
53.1474,85.139,2.87601,0.56,1,2.97344,3.27584,0,0.557186,4.47552,88.6583,98.274,3.07838,0,0,2.20258,1.90018,0,1.70163,3.38688
53.63,85.139,3.64484,0.57,1,2.97363,3.27603,0,0.557222,4.47552,88.7809,98.274,3.72186,0,0,2.20269,1.90029,0,1.70172,3.38688
54.2709,85.139,4.03347,0.62,1,3.29338,3.59578,0,0.557258,4.47552,88.9459,98.274,3.39697,0,0,2.42625,2.12385,0,1.7018,3.38688
54.8969,85.139,4.00193,0.66,1,3.22392,3.59599,0,0.617179,4.47552,89.081,98.274,3.26753,0,0,2.38523,2.12398,0,1.87452,3.38688
54.9171,85.139,3.37432,0.66,1,3.22413,3.5962,0,0.604163,4.47552,89.1221,98.274,2.892,0,0,2.38535,2.1241,0,1.84283,3.38688
55.0378,85.139,3.472,0.68,1,3.22433,3.59641,0,0.604201,4.47552,89.3313,98.274,3.49226,0,0,2.38547,2.12423,0,1.84292,3.38688
57.3717,85.139,5.61097,0.69,1,2.77748,3.14073,0,0.60424,4.47552,91.4613,98.274,6.71037,0,0,2.09147,1.82441,0,1.84302,3.38688
62.0091,85.139,8.21593,0.68,1,2.77766,3.14091,0,0.520499,4.47552,94.836,98.274,9.62852,0,0,2.09157,1.82452,0,1.61587,3.38688
65.5534,85.139,6.96234,0.7,1,2.77784,3.1411,0,0.520533,4.47552,97.1768,98.274,7.68233,0,0,2.09168,1.82463,0,1.61595,3.38688
68.7901,85.139,6.70049,0.69,1,2.77802,3.14128,0,0.520567,4.47552,99.3022,98.274,7.825,0,0,2.09178,1.82473,0,1.61603,3.38688
70.7389,85.139,5.36543,0.64,1,2.7782,3.14146,0,0.520601,4.47552,99.3022,98.274,5.65946,0,0,2.09189,1.82484,0,1.61611,3.38688
73.4635,85.139,6.3599,0.66,1,2.89095,3.25644,0,0.520635,4.47552,99.3022,98.274,9.91092,0,0,2.16397,1.89835,0,1.61619,3.38688
76.058,85.139,6.11556,0.67,1,2.89113,3.25663,0,0.541763,4.47552,99.3022,98.274,9.51032,0,0,2.16408,1.89846,0,1.67188,3.38688
79.3144,85.139,6.85501,0.59,1,2.95442,3.25682,0,0.541799,4.47552,99.3022,98.274,10.9351,0,0,2.20097,1.89857,0,1.67197,3.38688
81.0908,85.139,5.28715,0.57,1,2.95461,3.25701,0,0.553658,4.47552,99.3022,98.274,8.29819,0,0,2.20108,1.89868,0,1.70047,3.38688
82.1613,85.139,4.51565,0.44,1,2.90991,3.21231,0,0.553694,4.47552,99.3022,98.274,6.4378,0,0,2.17268,1.87028,0,1.70055,3.38688
82.4401,85.139,3.66359,0.43,1,2.9101,3.2125,0,0.545317,4.47552,99.3022,98.274,5.16258,0,0,2.17279,1.87039,0,1.67861,3.38688
82.3236,85.139,3.22984,0.41,1,2.91029,3.21269,0,0.545352,4.47552,99.3022,98.274,4.62015,0,0,2.1729,1.8705,0,1.6787,3.38688
81.9155,85.139,2.90258,0.4,1,2.91047,3.21287,0,0.545388,4.47552,99.3022,98.274,4.13603,0,0,2.17301,1.87061,0,1.67878,3.38688
81.2713,85.139,2.73019,0.36,1,3.06308,3.36548,0,0.545423,4.47552,99.3022,98.274,3.8674,0,0,2.27426,1.97186,0,1.67887,3.38688
80.441,85.139,2.46451,0.35,1,3.06328,3.36568,0,0.574021,4.47552,99.2756,98.274,3.41708,0,0,2.27437,1.97197,0,1.75709,3.38688
79.3705,85.139,2.20443,0.31,1,3.06348,3.36588,0,0.574058,4.47552,99.1881,98.274,3.14069,0,0,2.27449,1.97209,0,1.75718,3.38688
78.2688,85.139,2.15537,0.38,1,3.06367,3.36607,0,0.574095,4.47552,99.0374,98.274,2.8546,0,0,2.2746,1.9722,0,1.75727,3.38688
76.9276,85.139,1.88414,0.33,1,3.06387,3.36627,0,0.574132,4.47552,98.8266,98.274,2.67496,0,0,2.27472,1.97232,0,1.75736,3.38688
76.2282,85.139,2.52599,0.3,1,3.03392,3.33632,0,0.574169,4.47552,98.6028,98.274,3.11839,0,0,2.33044,2.02804,0,1.75745,3.38688
75.3554,85.139,2.32637,0.29,1,3.03411,3.33651,0,0.568556,4.47552,98.36,98.274,2.96869,0,0,2.33056,2.02816,0,1.8005,3.38688
74.3519,85.139,2.17153,0.27,1,3.03431,3.33671,0,0.568593,4.47552,98.0605,98.274,2.69283,0,0,2.33068,2.02828,0,1.80059,3.38688
73.295,85.139,2.09067,0.26,1,3.0345,3.3369,0,0.568629,4.47552,97.7379,98.274,2.5725,0,0,2.3308,2.0284,0,1.80068,3.38688
71.9946,85.139,1.85855,0.3,1,3.11258,3.41498,0,0.568666,4.47552,97.287,98.274,2.15052,0,0,2.38048,2.07808,0,1.80077,3.38688
70.851,85.139,2.04206,0.29,1,3.11278,3.41518,0,0.583298,4.47552,96.9385,98.274,2.45265,0,0,2.38061,2.07821,0,1.83916,3.38688
69.5502,85.139,1.83956,0.27,1,3.11298,3.41538,0,0.583335,4.47552,96.4814,98.274,2.3521,0,0,2.38073,2.07833,0,1.83926,3.38688
68.1077,85.139,1.67644,0.26,1,3.11318,3.41558,0,0.583373,4.47552,95.99,98.274,2.0449,0,0,2.38085,2.07845,0,1.83935,3.38688
66.664,85.139,1.84245,0.3,1,3.34151,3.64391,0,0.58341,4.47552,95.5807,98.274,2.58958,0,0,2.55993,2.25753,0,1.83944,3.38688
65.8508,85.139,2.48797,0.29,1,3.34172,3.64412,0,0.626199,4.47552,95.269,98.274,2.98302,0,0,2.56006,2.25766,0,1.9778,3.38688
64.6877,85.139,2.09373,0.29,1,3.34194,3.64434,0,0.626239,4.47552,94.772,98.274,2.28193,0,0,2.56019,2.25779,0,1.9779,3.38688
62.9452,85.139,1.50799,0.29,1,3.34215,3.64455,0,0.626279,4.47552,94.2248,98.274,2.04812,0,0,2.56033,2.25793,0,1.978,3.38688
61.095,85.139,1.40893,0.3,1,3.34236,3.64476,0,0.626319,4.47552,93.6963,98.274,2.04509,0,0,2.56046,2.25806,0,1.97811,3.38688
59.396,85.139,1.45515,0.31,1,3.23136,3.53376,0,0.626359,4.47552,93.3271,98.274,2.95273,0,0,2.45194,2.14954,0,1.97821,3.38688
58.4668,85.139,2.21465,0.31,1,3.23157,3.53397,0,0.605558,4.47552,93.0184,98.274,2.70156,0,0,2.45206,2.14966,0,1.89437,3.38688
57.0941,85.139,1.77564,0.31,1,3.23178,3.53418,0,0.605596,4.47552,92.7082,98.274,2.74372,0,0,2.45219,2.14979,0,1.89447,3.38688
55.2532,85.139,1.27618,0.33,1,3.23199,3.53439,0,0.605635,4.47552,92.2295,98.274,2.14275,0,0,2.45232,2.14992,0,1.89456,3.38688
54.4724,85.139,2.34218,0.36,1,3.14089,3.44329,0,0.605674,4.47552,92.078,98.274,3.75519,0,0,2.35352,2.05112,0,1.89466,3.38688
53.6168,85.139,2.33356,0.36,1,3.14109,3.44349,0,0.588602,4.47552,92.0275,98.274,3.71189,0,0,2.35364,2.05124,0,1.81833,3.38688
53.7867,85.139,3.37991,0.37,1,3.14129,3.44369,0,0.58864,4.47552,92.8387,98.274,5.29241,0,0,2.35376,2.05136,0,1.81842,3.38688
55.2271,85.139,4.75063,0.41,1,3.14149,3.44389,0,0.588678,4.47552,93.2367,98.274,5.32287,0,0,2.35388,2.05148,0,1.81852,3.38688
56.7832,85.139,4.66709,0.42,1,2.88231,3.18471,0,0.588716,4.47552,93.466,98.274,5.59053,0,0,2.14792,1.84552,0,1.81861,3.38688
57.3867,85.139,3.74738,0.38,1,2.8825,3.1849,0,0.540146,4.47552,93.7331,98.274,5.21488,0,0,2.14803,1.84563,0,1.65949,3.38688
56.2922,85.139,1.94202,0.42,1,2.88269,3.18509,0,0.540181,4.47552,93.6157,98.274,3.08724,0,0,2.14814,1.84574,0,1.65957,3.38688
55.3651,85.139,2.04654,0.49,1,2.88287,3.18527,0,0.540216,4.47552,93.3686,98.274,2.97094,0,0,2.14825,1.84585,0,1.65965,3.38688
56.4023,85.139,4.10052,0.51,1,2.88306,3.18546,0,0.540251,4.47552,93.5014,98.274,5.50827,0,0,2.14836,1.84596,0,1.65974,3.38688
58.4301,85.139,5.14537,0.54,1,2.88306,3.18546,0,0.540286,4.47552,93.5581,98.274,4.10295,0,0,2.14836,1.84596,0,1.65982,3.38688
59.1072,85.139,3.83333,0.52,1,2.98303,3.28543,0,0.540286,6.048,93.0951,98.274,2.50963,0,0,2.20815,1.90575,0,1.65982,3.38688
58.8231,85.139,2.85939,0.52,1,2.9832,3.2856,0,0.559021,6.048,92.6981,98.274,2.09198,0,0,2.20825,1.90585,0,1.70602,3.38688
59.223,85.139,3.70733,0.52,1,2.98337,3.28577,0,0.559052,6.048,92.7242,98.274,3.5841,0,0,2.20835,1.90595,0,1.70609,3.38688
60.351,85.139,4.45221,0.54,1,2.98354,3.28594,0,0.559084,6.048,92.6225,98.274,4.12302,0,0,2.20844,1.90604,0,1.70617,3.38688
59.8783,85.139,2.92478,0.58,1,3.30423,3.60663,0,0.559116,6.048,92.238,98.274,2.88324,0,0,2.43266,2.13026,0,1.70624,3.38688
59.3686,85.139,2.87435,0.58,1,3.30441,3.60681,0,0.619212,6.048,91.9078,98.274,2.24546,0,0,2.43277,2.13037,0,1.87948,3.38688
60.492,85.139,4.77107,0.63,1,3.3046,3.607,0,0.619247,6.048,91.884,98.274,3.69501,0,0,2.43288,2.13048,0,1.87956,3.38688
61.258,85.139,4.44255,0.62,1,3.30478,3.60718,0,0.619282,6.048,91.888,98.274,3.29852,0,0,2.43299,2.13059,0,1.87964,3.38688
63.7247,85.139,5.77701,0.68,1,2.78668,3.15011,0,0.619317,6.048,92.2199,98.274,4.38316,0,0,2.09681,1.82986,0,1.87973,3.38688
65.4015,85.139,4.99869,0.65,1,2.78684,3.15027,0,0.522224,6.048,92.3175,98.274,3.60797,0,0,2.0969,1.82996,0,1.62,3.38688
67.0506,85.139,5.02553,0.69,1,2.787,3.15043,0,0.522254,6.048,92.4821,98.274,4.13658,0,0,2.097,1.83005,0,1.62007,3.38688
69.0103,85.139,5.2421,0.7,1,2.78716,3.1506,0,0.522283,6.048,92.7598,98.274,4.21213,0,0,2.09709,1.83015,0,1.62014,3.38688
73.7769,85.139,8.42689,0.66,1,2.78731,3.15076,0,0.522313,6.048,93.5102,98.274,5.46324,0,0,2.09718,1.83024,0,1.62021,3.38688
76.2887,85.139,6.22704,0.67,1,2.90037,3.26605,0,0.522343,6.048,93.8376,98.274,4.62582,0,0,2.16946,1.90395,0,1.62028,3.38688
77.9494,85.139,5.34172,0.59,1,2.96382,3.26622,0,0.543529,6.048,94.1808,98.274,4.38293,0,0,2.20645,1.90405,0,1.67613,3.38688
79.1794,85.139,4.91373,0.56,1,2.96398,3.26638,0,0.555419,6.048,94.6119,98.274,4.58058,0,0,2.20654,1.90414,0,1.7047,3.38688
80.2584,85.139,4.60653,0.56,1,2.96415,3.26655,0,0.55545,6.048,94.7231,98.274,4.03537,0,0,2.20664,1.90424,0,1.70478,3.38688
81.6455,85.139,4.87045,0.44,1,2.91929,3.22169,0,0.555482,6.048,94.8118,98.274,3.82216,0,0,2.17814,1.87574,0,1.70485,3.38688
82.425,85.139,4.25366,0.41,1,2.91946,3.22186,0,0.547076,6.048,94.8591,98.274,4.03884,0,0,2.17824,1.87584,0,1.68283,3.38688
82.7824,85.139,3.74904,0.41,1,2.91962,3.22202,0,0.547107,6.048,94.8833,98.274,3.82751,0,0,2.17833,1.87593,0,1.68291,3.38688
82.892,85.139,3.45423,0.37,1,2.91979,3.22219,0,0.547138,6.048,94.8602,98.274,3.48953,0,0,2.17843,1.87603,0,1.68298,3.38688
82.8503,85.139,3.37659,0.36,1,3.07281,3.37521,0,0.547169,6.048,94.9388,98.274,4.06498,0,0,2.27996,1.97756,0,1.68306,3.38688
82.6501,85.139,3.19148,0.3,1,3.07299,3.37539,0,0.575845,6.048,94.8708,98.274,3.48658,0,0,2.28006,1.97766,0,1.7615,3.38688
82.2576,85.139,2.96823,0.28,1,3.07316,3.37556,0,0.575878,6.048,94.7735,98.274,3.08792,0,0,2.28016,1.97776,0,1.76158,3.38688
81.7805,85.139,2.80024,0.26,1,3.07333,3.37573,0,0.57591,6.048,94.5327,98.274,2.83603,0,0,2.28026,1.97786,0,1.76165,3.38688
80.975,85.139,2.43374,0.23,1,3.07351,3.37591,0,0.575943,6.048,94.2748,98.274,2.86466,0,0,2.28037,1.97797,0,1.76173,3.38688
79.9915,85.139,2.20458,0.23,1,3.04344,3.34584,0,0.575975,6.048,93.995,98.274,2.77974,0,0,2.33623,2.03383,0,1.76181,3.38688
78.9492,85.139,2.12339,0.21,1,3.04361,3.34601,0,0.570341,6.048,93.6762,98.274,2.51245,0,0,2.33634,2.03394,0,1.80497,3.38688
77.8434,85.139,2.02793,0.25,1,3.04379,3.34619,0,0.570373,6.048,93.3196,98.274,2.41983,0,0,2.33644,2.03404,0,1.80505,3.38688
76.9624,85.139,2.22311,0.23,1,3.04396,3.34636,0,0.570405,6.048,93.0453,98.274,2.8369,0,0,2.33654,2.03414,0,1.80513,3.38688
75.8355,85.139,2.03259,0.21,1,3.12223,3.42463,0,0.570438,6.048,92.5911,98.274,2.72259,0,0,2.38636,2.08396,0,1.80521,3.38688
74.4973,85.139,1.80543,0.2,1,3.12241,3.42481,0,0.585106,6.048,92.1072,98.274,2.47851,0,0,2.38646,2.08406,0,1.8437,3.38688
73.0165,85.139,1.63721,0.2,1,3.12258,3.42498,0,0.585139,6.048,91.6144,98.274,2.42335,0,0,2.38657,2.08417,0,1.84378,3.38688
71.2765,85.139,1.35912,0.25,1,3.12276,3.42516,0,0.585172,6.048,91.1187,98.274,2.37626,0,0,2.38668,2.08428,0,1.84386,3.38688
69.9705,85.139,1.97131,0.25,1,3.3517,3.6541,0,0.585205,6.048,90.7371,98.274,2.65957,0,0,2.56624,2.26384,0,1.84395,3.38688
68.5272,85.139,1.80166,0.26,1,3.35188,3.65428,0,0.628108,6.048,90.2093,98.274,2.11302,0,0,2.56636,2.26396,0,1.98268,3.38688
66.5123,85.139,1.23576,0.26,1,3.35207,3.65447,0,0.628143,6.048,89.6309,98.274,1.84276,0,0,2.56647,2.26407,0,1.98277,3.38688
64.4395,85.139,1.18261,0.3,1,3.35226,3.65466,0,0.628178,6.048,89.0709,98.274,1.86829,0,0,2.56659,2.26419,0,1.98286,3.38688
63.9468,85.139,2.75013,0.3,1,3.35245,3.65485,0,0.628213,6.048,89.1031,98.274,4.57002,0,0,2.5667,2.2643,0,1.98295,3.38688
63.8864,85.139,3.19074,0.29,1,3.24111,3.54351,0,0.628248,6.048,89.6429,98.274,6.14278,0,0,2.45787,2.15547,0,1.98304,3.38688
64.2956,85.139,3.68115,0.29,1,3.2413,3.5437,0,0.607385,6.048,90.6094,98.274,7.6743,0,0,2.45798,2.15558,0,1.89895,3.38688
64.5938,85.139,3.64365,0.29,1,3.24148,3.54388,0,0.607419,6.048,91.5653,98.274,7.63767,0,0,2.45809,2.15569,0,1.89904,3.38688
65.2139,85.139,4.16365,0.28,1,3.24166,3.54406,0,0.607453,6.048,93.0994,98.274,8.99805,0,0,2.4582,2.1558,0,1.89912,3.38688
66.6348,85.139,4.77518,0.28,1,3.15028,3.45268,0,0.607487,6.048,94.3367,98.274,7.28642,0,0,2.35912,2.05672,0,1.89921,3.38688
68.6738,85.139,5.61042,0.31,1,3.15046,3.45286,0,0.590363,6.048,96.0165,98.274,8.72403,0,0,2.35922,2.05682,0,1.82265,3.38688
70.0217,85.139,4.91865,0.16,1,3.15064,3.45304,0,0.590397,6.048,97.3603,98.274,7.50078,0,0,2.35933,2.05693,0,1.82274,3.38688
71.606,85.139,5.2305,0.22,1,3.15082,3.45322,0,0.59043,6.048,98.8494,98.274,7.98098,0,0,2.35943,2.05703,0,1.82282,3.38688
72.8597,85.139,4.55217,0.24,1,2.89091,3.19331,0,0.590463,6.048,99.3022,98.274,9.02519,0,0,2.15291,1.85051,0,1.8229,3.38688
77.982,85.139,9.00288,0.27,1,2.89108,3.19348,0,0.541757,6.048,99.3022,98.274,13.4003,0,0,2.153,1.8506,0,1.66334,3.38688
81.0005,85.139,6.71035,0.22,1,2.89124,3.19364,0,0.541788,6.048,99.3022,98.274,13.4283,0,0,2.1531,1.8507,0,1.66341,3.38688
85.139,85.139,7.94346,0.12,1,2.8914,3.1938,0,0.541818,6.048,99.3022,98.274,12.1844,0,0,2.15319,1.85079,0,1.66348,3.38688
85.139,85.139,10.4399,0.09,1,2.89157,3.19397,0,0.541849,6.048,99.3022,98.274,17.0894,0,0,2.15329,1.85089,0,1.66356,3.38688
85.139,85.139,10.5387,0.19,0.02,2.99179,3.29419,0,0.54188,6.048,99.3022,98.274,21.8097,0,0,2.21323,1.91083,0,1.66363,3.38688
85.139,85.139,9.17132,0.22,0.02,2.99193,3.29433,0,0.560661,6.048,99.3022,98.274,14.9223,0,0,2.21331,1.91091,0,1.70994,3.38688
85.139,85.139,9.27576,0.26,0.02,2.99208,3.29448,0,0.560688,6.048,99.3022,98.274,10.4039,0,0,2.21339,1.91099,0,1.71,3.38688
85.139,85.139,7.50851,0.28,0.02,2.99222,3.29462,0,0.560715,6.048,99.3022,98.274,11.9088,0,0,2.21348,1.91108,0,1.71007,3.38688
85.139,85.139,8.79911,0.29,0.02,3.31373,3.61613,0,0.560742,6.048,99.3022,98.274,16.7632,0,0,2.43827,2.13587,0,1.71013,3.38688
85.139,85.139,8.61225,0.31,0.02,3.31389,3.61629,0,0.620993,6.048,99.3022,98.274,17.3313,0,0,2.43837,2.13597,0,1.88381,3.38688
85.139,85.139,8.00733,0.32,0.02,3.31405,3.61645,0,0.621023,6.048,99.3022,98.274,15.7075,0,0,2.43846,2.13606,0,1.88388,3.38688
85.139,85.139,6.82443,0.32,0.02,3.31421,3.61661,0,0.621053,6.048,99.3022,98.274,10.1054,0,0,2.43856,2.13616,0,1.88396,3.38688
85.139,85.139,13.77,0.32,0.02,2.85592,3.15832,0,0.621083,6.048,99.3022,98.274,21.8007,0,0,2.13703,1.83463,0,1.88403,3.38688
85.139,85.139,11.0914,0.33,0.02,2.85606,3.15846,0,0.535199,6.048,99.3022,98.274,16.2441,0,0,2.13711,1.83471,0,1.65107,3.38688
85.139,85.139,9.08576,0.36,0.02,2.8562,3.1586,0,0.535225,6.048,99.3022,98.274,10.6539,0,0,2.13719,1.83479,0,1.65113,3.38688
85.139,85.139,7.22764,0.38,0.02,2.85634,3.15874,0,0.535251,6.048,99.3022,98.274,7.44922,0,0,2.13727,1.83487,0,1.6512,3.38688
85.139,85.139,6.34816,0.39,0.02,2.85648,3.15888,0,0.535277,6.048,99.3022,98.274,11.5933,0,0,2.13736,1.83496,0,1.65126,3.38688
85.139,85.139,5.38782,0.39,0.02,2.97204,3.27444,0,0.535304,6.048,99.3022,98.274,9.73441,0,0,2.21124,1.90884,0,1.65132,3.38688
85.139,85.139,4.71183,0.38,0.02,2.97218,3.27458,0,0.55696,6.048,99.3022,98.274,9.49525,0,0,2.21132,1.90892,0,1.7084,3.38688
85.139,85.139,5.33012,0.36,0.02,2.97233,3.27473,0,0.556987,6.048,99.3022,98.274,10.5814,0,0,2.21141,1.90901,0,1.70847,3.38688
85.139,85.139,4.77212,0.36,0.02,2.97247,3.27487,0,0.557014,6.048,99.3022,98.274,7.18327,0,0,2.21149,1.90909,0,1.70853,3.38688
85.139,85.139,4.19446,0.35,0.02,2.92748,3.22988,0,0.557041,6.048,99.3022,98.274,5.63708,0,0,2.18291,1.88051,0,1.7086,3.38688
85.139,85.139,3.72264,0.33,0.02,2.92762,3.23002,0,0.548609,6.048,99.3022,98.274,4.94545,0,0,2.18299,1.88059,0,1.68651,3.38688
85.139,85.139,3.41316,0.3,0.02,2.92776,3.23016,0,0.548636,6.048,99.3022,98.274,4.56308,0,0,2.18307,1.88067,0,1.68658,3.38688
85.1111,85.139,3.2142,0.28,0.02,2.9279,3.2303,0,0.548663,6.048,99.3022,98.274,4.6205,0,0,2.18316,1.88076,0,1.68664,3.38688
85.139,85.139,3.53357,0.36,0.02,3.08129,3.38369,0,0.548689,6.048,99.3022,98.274,4.45869,0,0,2.28493,1.98253,0,1.68671,3.38688
85.139,85.139,3.43286,0.23,0.02,3.08144,3.38384,0,0.577434,6.048,99.3022,98.274,4.6645,0,0,2.28501,1.98261,0,1.76533,3.38688
84.921,85.139,3.12422,0.22,0.02,3.08159,3.38399,0,0.577462,6.048,99.3022,98.274,4.45709,0,0,2.2851,1.9827,0,1.7654,3.38688
84.5967,85.139,2.97334,0.28,0.02,3.08174,3.38414,0,0.57749,6.048,99.3022,98.274,4.52052,0,0,2.28519,1.98279,0,1.76547,3.38688
83.8532,85.139,2.51836,0.24,0.02,3.08189,3.38429,0,0.577518,6.048,99.2666,98.274,3.39861,0,0,2.28528,1.98288,0,1.76554,3.38688
82.9386,85.139,2.31092,0.23,0.02,3.05172,3.35412,0,0.577546,6.048,99.1285,98.274,3.14216,0,0,2.34126,2.03886,0,1.7656,3.38688
81.9966,85.139,2.26869,0.22,0.02,3.05187,3.35427,0,0.571893,6.048,98.9566,98.274,3.1586,0,0,2.34135,2.03895,0,1.80886,3.38688
80.9766,85.139,2.15838,0.19,0.02,3.05202,3.35442,0,0.571921,6.048,98.7358,98.274,3.05108,0,0,2.34144,2.03904,0,1.80893,3.38688
79.7105,85.139,1.88265,0.19,0.02,3.05217,3.35457,0,0.571948,6.048,98.4321,98.274,2.84123,0,0,2.34153,2.03913,0,1.809,3.38688
78.3872,85.139,1.87606,0.18,0.02,3.13061,3.43301,0,0.571976,6.048,98.0628,98.274,2.64761,0,0,2.39145,2.08905,0,1.80907,3.38688
76.8711,85.139,1.66736,0.23,0.02,3.13076,3.43316,0,0.586676,6.048,97.6563,98.274,2.52323,0,0,2.39155,2.08915,0,1.84764,3.38688
75.2327,85.139,1.52716,0.24,0.02,3.13091,3.43331,0,0.586704,6.048,97.231,98.274,2.36118,0,0,2.39164,2.08924,0,1.84771,3.38688
73.4197,85.139,1.32033,0.24,0.02,3.13106,3.43346,0,0.586732,6.048,96.7979,98.274,2.34237,0,0,2.39173,2.08933,0,1.84778,3.38688
71.4108,85.139,1.31466,0.27,0.02,3.36053,3.66293,0,0.586761,6.048,96.3394,98.274,2.18853,0,0,2.57171,2.26931,0,1.84785,3.38688
69.5869,85.139,1.49732,0.27,0.02,3.36069,3.66309,0,0.629763,6.048,95.9826,98.274,2.60052,0,0,2.57181,2.26941,0,1.9869,3.38688
67.4928,85.139,1.22049,0.27,0.02,3.36085,3.66325,0,0.629793,6.048,95.4671,98.274,1.96698,0,0,2.57191,2.26951,0,1.98698,3.38688
65.6569,85.139,1.44229,0.31,0.02,3.36101,3.66341,0,0.629824,6.048,95.2442,98.274,3.18943,0,0,2.57201,2.26961,0,1.98706,3.38688
63.8266,85.139,1.45151,0.31,0.02,3.36117,3.66357,0,0.629854,6.048,94.8993,98.274,3.32651,0,0,2.57211,2.26971,0,1.98714,3.38688
62.3333,85.139,1.70684,0.31,0.02,3.24955,3.55195,0,0.629884,6.048,94.732,98.274,4.20647,0,0,2.463,2.1606,0,1.98721,3.38688
61.4767,85.139,2.36547,0.34,0.02,3.24971,3.55211,0,0.608966,6.048,94.6569,98.274,4.58434,0,0,2.4631,2.1607,0,1.90291,3.38688
61.4592,85.139,3.32646,0.34,0.02,3.24986,3.55226,0,0.608995,6.048,95.1449,98.274,7.59875,0,0,2.46319,2.16079,0,1.90299,3.38688
60.7913,85.139,2.71268,0.36,0.02,3.25002,3.55242,0,0.609024,6.048,95.2436,98.274,5.16681,0,0,2.46329,2.16089,0,1.90306,3.38688
59.5668,85.139,1.94268,0.36,0.02,3.1584,3.4608,0,0.609054,6.048,95.1319,98.274,2.70144,0,0,2.36396,2.06156,0,1.90314,3.38688
59.227,85.139,3.16221,0.35,0.02,3.15856,3.46096,0,0.591885,6.048,95.5627,98.274,5.33364,0,0,2.36405,2.06165,0,1.82639,3.38688
59.8016,85.139,3.94877,0.36,0.02,3.15871,3.46111,0,0.591914,6.048,96.1906,98.274,6.28894,0,0,2.36414,2.06174,0,1.82646,3.38688
60.6062,85.139,4.06759,0.36,0.02,3.15886,3.46126,0,0.591942,6.048,96.7926,98.274,5.98018,0,0,2.36423,2.06183,0,1.82653,3.38688
61.7599,85.139,4.28927,0.38,0.02,2.89833,3.20073,0,0.591971,6.048,97.9874,98.274,7.12098,0,0,2.15721,1.85481,0,1.8266,3.38688
63.6352,85.139,5.317,0.4,0.02,2.89847,3.20087,0,0.543147,6.048,99.3022,98.274,8.87467,0,0,2.15729,1.85489,0,1.66666,3.38688
66.9464,85.139,6.58843,0.37,0.02,2.89861,3.20101,0,0.543174,6.048,99.3022,98.274,8.52055,0,0,2.15737,1.85497,0,1.66672,3.38688
69.2994,85.139,5.68405,0.4,0.02,2.89875,3.20115,0,0.5432,6.048,99.3022,98.274,9.43849,0,0,2.15745,1.85505,0,1.66678,3.38688
72.1626,85.139,6.36339,0.35,0.02,2.89889,3.20129,0,0.543226,6.048,99.3022,98.274,7.55485,0,0,2.15753,1.85513,0,1.66685,3.38688
71.9239,85.139,3.03806,0.38,0.02,2.99932,3.30172,0,0.543253,6.048,99.3022,98.274,5.03071,0,0,2.21759,1.91519,0,1.66691,3.38688
70.7572,85.139,2.08321,0.38,0.02,2.99944,3.30184,0,0.562072,6.048,99.3022,98.274,4.45409,0,0,2.21767,1.91527,0,1.71331,3.38688
69.2083,85.139,1.67093,0.41,0.02,2.99956,3.30196,0,0.562095,6.048,99.3022,98.274,3.72282,0,0,2.21774,1.91534,0,1.71337,3.38688
67.9119,85.139,1.89656,0.41,0.02,2.99968,3.30208,0,0.562118,6.048,99.3022,98.274,4.31065,0,0,2.21781,1.91541,0,1.71342,3.38688
66.9673,85.139,2.54449,0.48,0.02,3.32189,3.62429,0,0.562141,6.048,99.3022,98.274,3.72309,0,0,2.4431,2.1407,0,1.71348,3.38688
67.5872,85.139,4.19016,0.5,0.02,3.32203,3.62443,0,0.622523,6.048,99.3022,98.274,6.46792,0,0,2.44318,2.14078,0,1.88754,3.38688
67.1221,85.139,3.03888,0.53,0.02,3.32216,3.62456,0,0.622548,6.048,99.3022,98.274,4.8127,0,0,2.44325,2.14085,0,1.8876,3.38688
65.9214,85.139,2.23337,0.54,0.02,3.3223,3.6247,0,0.622573,6.048,99.0713,98.274,3.06083,0,0,2.44333,2.14093,0,1.88766,3.38688
65.748,85.139,2.95517,0.57,0.02,2.86296,3.16536,0,0.622598,6.048,98.8394,98.274,2.55847,0,0,2.14112,1.83872,0,1.88772,3.38688
67.8617,85.139,5.30056,0.62,0.02,2.86308,3.16548,0,0.536519,6.048,99.3022,98.274,9.91446,0,0,2.14119,1.83879,0,1.65423,3.38688
69.814,85.139,5.23204,0.66,0.02,2.80186,3.16559,0,0.53654,6.048,99.3022,98.274,7.66408,0,0,2.10563,1.83886,0,1.65428,3.38688
70.283,85.139,3.75058,0.6,0.02,2.86331,3.16571,0,0.525069,6.048,99.3022,98.274,8.91907,0,0,2.14132,1.83892,0,1.62681,3.38688
71.5035,85.139,4.72598,0.63,0.02,2.86343,3.16583,0,0.536584,6.048,99.3022,98.274,9.77312,0,0,2.14139,1.83899,0,1.65439,3.38688
71.6188,85.139,3.56875,0.65,0.02,2.91564,3.28162,0,0.536606,6.048,99.3022,98.274,8.8604,0,0,2.17836,1.91303,0,1.65444,3.38688
72.4882,85.139,4.23342,0.68,0.02,2.91576,3.28174,0,0.546391,6.048,99.3022,98.274,10.5525,0,0,2.17843,1.9131,0,1.683,3.38688
72.1096,85.139,2.80342,0.67,0.02,2.91588,3.28186,0,0.546413,6.048,99.3022,98.274,6.28614,0,0,2.1785,1.91317,0,1.68306,3.38688
71.4518,85.139,2.51055,0.65,0.02,2.916,3.28198,0,0.546436,6.048,99.3022,98.274,5.4277,0,0,2.17857,1.91324,0,1.68311,3.38688
70.7529,85.139,2.44378,0.64,0.02,2.87176,3.23687,0,0.546458,6.048,99.3022,98.274,4.79605,0,0,2.15046,1.88458,0,1.68316,3.38688
69.8419,85.139,2.20871,0.64,0.02,2.87187,3.23699,0,0.538167,6.048,99.3022,98.274,4.64571,0,0,2.15053,1.88465,0,1.66145,3.38688
69.1569,85.139,2.48356,0.62,0.02,2.93471,3.23711,0,0.538189,6.048,99.3022,98.274,4.31754,0,0,2.18712,1.88472,0,1.6615,3.38688
68.1644,85.139,2.10358,0.58,0.02,2.93483,3.23723,0,0.549964,6.048,99.3022,98.274,4.28851,0,0,2.18718,1.88478,0,1.68977,3.38688
66.7915,85.139,1.7571,0.56,0.02,3.08852,3.39092,0,0.549986,6.048,99.2991,98.274,3.53592,0,0,2.28916,1.98676,0,1.68982,3.38688
65.3091,85.139,1.57737,0.68,0.02,3.02294,3.39104,0,0.578788,6.048,99.2219,98.274,3.20257,0,0,2.25074,1.98683,0,1.7686,3.38688
63.7451,85.139,1.52267,0.6,0.02,3.08877,3.39117,0,0.566499,6.048,99.0721,98.274,2.88098,0,0,2.28931,1.98691,0,1.73892,3.38688
62.0675,85.139,1.35448,0.57,0.02,3.08889,3.39129,0,0.578835,6.048,98.8641,98.274,2.7569,0,0,2.28938,1.98698,0,1.76872,3.38688
60.5561,85.139,1.42475,0.65,0.02,3.02331,3.39142,0,0.578858,6.048,98.689,98.274,2.81321,0,0,2.25095,1.98705,0,1.76877,3.38688
59.0979,85.139,1.48782,0.62,0.02,3.05877,3.36117,0,0.566568,6.048,98.5215,98.274,2.74925,0,0,2.34554,2.04314,0,1.73909,3.38688
57.5443,85.139,1.37369,0.53,0.02,3.05889,3.36129,0,0.573213,6.048,98.3317,98.274,2.72929,0,0,2.34562,2.04322,0,1.81217,3.38688
55.8953,85.139,1.25522,0.51,0.02,3.05901,3.36141,0,0.573236,6.048,98.0931,98.274,2.43307,0,0,2.3457,2.0433,0,1.81223,3.38688
54.1811,85.139,1.1492,0.56,0.02,3.05914,3.36154,0,0.573259,6.048,97.7836,98.274,2.34177,0,0,2.34577,2.04337,0,1.81228,3.38688
52.4222,85.139,1.13086,0.52,0.02,3.13772,3.44012,0,0.573282,6.048,97.3817,98.274,2.10701,0,0,2.39578,2.09338,0,1.81234,3.38688
50.6445,85.139,1.08109,0.49,0.02,3.13784,3.44024,0,0.588008,6.048,96.9675,98.274,2.1258,0,0,2.39586,2.09346,0,1.85098,3.38688
48.7657,85.139,0.948133,0.56,0.02,3.13797,3.44037,0,0.588032,6.048,96.4922,98.274,1.95574,0,0,2.39593,2.09353,0,1.85104,3.38688
46.8536,85.139,0.875825,0.51,0.02,3.1381,3.4405,0,0.588055,6.048,96.0357,98.274,1.88858,0,0,2.39601,2.09361,0,1.8511,3.38688
44.9025,85.139,0.947295,0.5,0.02,3.36801,3.67041,0,0.588079,6.048,95.5425,98.274,1.97683,0,0,2.57635,2.27395,0,1.85116,3.38688
42.9227,85.139,0.891249,0.6,0.02,3.36814,3.67054,0,0.631165,6.048,95.0648,98.274,1.83658,0,0,2.57643,2.27403,0,1.99048,3.38688
41.0055,85.139,0.89922,0.55,0.02,3.36828,3.67068,0,0.63119,6.048,94.6643,98.274,1.98542,0,0,2.57651,2.27411,0,1.99055,3.38688
39.1429,85.139,0.90764,0.47,0.02,3.36841,3.67081,0,0.631215,6.048,94.2759,98.274,2.33405,0,0,2.5766,2.2742,0,1.99061,3.38688
37.4286,85.139,1.01985,0.61,0.02,3.36855,3.67095,0,0.631241,6.048,93.9763,98.274,2.22311,0,0,2.57668,2.27428,0,1.99068,3.38688
36.285,85.139,1.49472,0.32,0.02,3.25668,3.55908,0,0.631266,6.048,93.9798,98.274,3.11396,0,0,2.46733,2.16493,0,1.99074,3.38688
34.9278,85.139,1.24255,0.31,0.02,3.25681,3.55921,0,0.610301,6.048,94.3577,98.274,4.90468,0,0,2.46741,2.16501,0,1.90626,3.38688
33.2285,85.139,1.04235,0,0.02,3.55934,3.55934,0,0.610325,6.048,94.1269,98.274,2.61796,0,0,2.16509,2.16509,0,1.90632,3.38688
32.1689,85.139,1.47625,0.26,0.02,3.25707,3.55947,0,0.66702,6.048,94.1033,98.274,3.01852,0,0,2.46757,2.16517,0,1.67275,3.38688
32.6051,85.139,3.20079,0,0.02,3.46765,3.46765,0,0.610375,6.048,94.5325,98.274,2.94138,0,0,2.06563,2.06563,0,1.90645,3.38688
34.322,85.139,4.51389,0,0.02,3.46777,3.46777,0,0.649837,6.048,95.9166,98.274,4.9895,0,0,2.06571,2.06571,0,1.59591,3.38688
36.7755,85.139,5.32062,0,0.02,3.4679,3.4679,0,0.649861,6.048,97.6408,98.274,5.86387,0,0,2.06578,2.06578,0,1.59597,3.38688
37.398,85.139,3.669,0,0.02,3.46803,3.46803,0,0.649885,6.048,98.4319,98.274,4.135,0,0,2.06586,2.06586,0,1.59602,3.38688
38.4911,85.139,3.94546,0,0.02,3.20697,3.20697,0,0.649909,6.048,99.0399,98.274,3.86633,0,0,1.85842,1.85842,0,1.59608,3.38688
39.9229,85.139,4.31022,0,0.02,3.20708,3.20708,0,0.600985,6.048,99.3022,98.274,5.70306,0,0,1.85849,1.85849,0,1.43581,3.38688
40.4112,85.139,3.34496,0,0.02,3.2072,3.2072,0,0.601008,6.048,99.3022,98.274,3.80241,0,0,1.85856,1.85856,0,1.43587,3.38688
41.4145,85.139,3.90234,0,0.02,3.20732,3.20732,0,0.60103,6.048,99.3022,98.274,3.31124,0,0,1.85862,1.85862,0,1.43592,3.38688
42.5215,85.139,4.05398,0,0.02,3.20744,3.20744,0,0.601052,6.048,99.3022,98.274,4.0479,0,0,1.85869,1.85869,0,1.43597,3.38688
47.572,85.139,8.21354,0,0.02,3.30803,3.30803,0,0.601074,6.048,99.3022,98.274,6.49113,0,0,1.91886,1.91886,0,1.43603,3.38688
49.7138,85.139,5.35311,0,0.02,3.30813,3.30813,0,0.619925,6.048,99.3022,98.274,4.603,0,0,1.91891,1.91891,0,1.48251,3.38688
54.3557,85.139,7.97434,0,0.02,3.30823,3.30823,0,0.619943,6.048,99.3022,98.274,8.17561,0,0,1.91897,1.91897,0,1.48255,3.38688
58.7723,85.139,7.99292,0,0.02,3.30833,3.30833,0,0.619962,6.048,99.3022,98.274,6.70708,0,0,1.91903,1.91903,0,1.4826,3.38688
61.555,85.139,6.55019,0,0.02,3.63112,3.63112,0,0.61998,6.048,99.3022,98.274,5.89641,0,0,2.14473,2.14473,0,1.48264,3.38688
63.9788,85.139,6.21912,0,0.02,3.63123,3.63123,0,0.680472,6.048,99.3022,98.274,5.3924,0,0,2.14479,2.14479,0,1.65702,3.38688
65.4112,85.139,5.22967,0,0.02,3.63133,3.63133,0,0.680492,6.048,99.3022,98.274,5.93845,0,0,2.14486,2.14486,0,1.65707,3.38688
67.7473,85.139,6.14032,0,0.02,3.63144,3.63144,0,0.680512,6.048,99.3022,98.274,6.09611,0,0,2.14492,2.14492,0,1.65711,3.38688
71.0525,85.139,6.90677,0,0.02,3.17123,3.17123,0,0.680532,6.048,99.3022,98.274,9.41616,0,0,1.84213,1.84213,0,1.65716,3.38688
73.2004,85.139,5.76629,0,0.02,3.17132,3.17132,0,0.594288,6.048,99.3022,98.274,8.37793,0,0,1.84218,1.84218,0,1.42323,3.38688
77.2453,85.139,7.87491,0,0.02,3.17142,3.17142,0,0.594306,6.048,99.3022,98.274,11.8836,0,0,1.84224,1.84224,0,1.42327,3.38688
83.0801,85.139,9.86199,0,0.02,3.17151,3.17151,0,0.594323,6.048,99.3022,98.274,13.8453,0,0,1.84229,1.84229,0,1.42331,3.38688
85.139,85.139,7.62887,0,0.02,3.1716,3.1716,0,0.594341,6.048,99.3022,98.274,10.2856,0,0,1.84235,1.84235,0,1.42336,3.38688
85.139,85.139,6.22975,0,0.02,3.28758,3.28758,0,0.594358,6.048,99.3022,98.274,8.92839,0,0,1.9165,1.9165,0,1.4234,3.38688
85.139,85.139,7.94931,0,0.02,3.28768,3.28768,0,0.616093,6.048,99.3022,98.274,12.8164,0,0,1.91656,1.91656,0,1.48069,3.38688
85.139,85.139,5.66897,0,0.02,3.28778,3.28778,0,0.616112,6.048,99.3022,98.274,8.81316,0,0,1.91662,1.91662,0,1.48073,3.38688
85.139,85.139,4.94288,0,0.02,3.28788,3.28788,0,0.61613,6.048,99.3022,98.274,7.41107,0,0,1.91667,1.91667,0,1.48078,3.38688
85.139,85.139,5.11967,0,0.02,3.24266,3.24266,0,0.616148,6.048,99.3022,98.274,5.84156,0,0,1.88795,1.88795,0,1.48082,3.38688
85.139,85.139,3.99313,0,0.02,3.24275,3.24275,0,0.607674,6.048,99.3022,98.274,4.78707,0,0,1.888,1.888,0,1.45863,3.38688
85.0954,85.139,3.50899,0,0.02,3.24285,3.24285,0,0.607692,6.048,99.3022,98.274,4.31131,0,0,1.88806,1.88806,0,1.45867,3.38688
85.139,85.139,3.80462,0.11,0.02,2.94055,3.24295,0,0.60771,6.048,99.3022,98.274,3.80098,0,0,2.19051,1.88811,0,1.45871,3.38688
85.139,85.139,4.04029,0,0.02,3.39688,3.39688,0,0.551058,6.048,99.3022,98.274,4.88812,0,0,1.99025,1.99025,0,1.69239,3.38688
85.139,85.139,3.77145,0,0.02,3.39698,3.39698,0,0.636576,6.048,99.3022,98.274,4.61799,0,0,1.99031,1.99031,0,1.53767,3.38688
84.9885,85.139,3.43316,0,0.02,3.39708,3.39708,0,0.636594,6.048,99.3022,98.274,3.84608,0,0,1.99037,1.99037,0,1.53772,3.38688
84.4655,85.139,3.03254,0,0.02,3.39718,3.39718,0,0.636613,6.048,99.3022,98.274,4.00386,0,0,1.99043,1.99043,0,1.53776,3.38688
83.6178,85.139,2.63573,0,0.02,3.39728,3.39728,0,0.636632,6.048,99.2933,98.274,4.02827,0,0,1.99049,1.99049,0,1.53781,3.38688
82.4552,85.139,2.2649,0,0.02,3.36696,3.36696,0,0.636651,6.048,98.9594,98.274,3.10806,0,0,2.04667,2.04667,0,1.53785,3.38688
81.1389,85.139,2.10253,0,0.02,3.36706,3.36706,0,0.630968,6.048,98.6092,98.274,3.05659,0,0,2.04673,2.04673,0,1.58125,3.38688
79.6497,85.139,1.91658,0,0.02,3.36716,3.36716,0,0.630986,6.048,98.232,98.274,2.79157,0,0,2.04679,2.04679,0,1.5813,3.38688
78.0292,85.139,1.75081,0,0.02,3.36726,3.36726,0,0.631005,6.048,97.8111,98.274,2.67718,0,0,2.04685,2.04685,0,1.58135,3.38688
76.2444,85.139,1.61272,0,0.02,3.44594,3.44594,0,0.631024,6.048,97.2528,98.274,2.34212,0,0,2.09693,2.09693,0,1.58139,3.38688
74.5691,85.139,1.72938,0,0.02,3.44604,3.44604,0,0.64577,6.048,96.7252,98.274,2.78055,0,0,2.09699,2.09699,0,1.62008,3.38688
72.7988,85.139,1.59665,0,0.02,3.44615,3.44615,0,0.645789,6.048,96.1512,98.274,2.68097,0,0,2.09705,2.09705,0,1.62013,3.38688
70.9076,85.139,1.4532,0,0.02,3.44625,3.44625,0,0.645808,6.048,95.5574,98.274,2.31563,0,0,2.09711,2.09711,0,1.62018,3.38688
68.7503,85.139,1.38226,0,0.02,3.67652,3.67652,0,0.645827,6.048,95.0212,98.274,2.72928,0,0,2.27773,2.27773,0,1.62023,3.38688
66.4062,85.139,1.18889,0,0.02,3.67663,3.67663,0,0.688979,6.048,94.4567,98.274,2.28466,0,0,2.2778,2.2778,0,1.75977,3.38688
64.3555,85.139,1.45415,0,0.02,3.67674,3.67674,0,0.689,6.048,93.9192,98.274,2.59643,0,0,2.27787,2.27787,0,1.75983,3.38688
61.9919,85.139,1.11474,0,0.02,3.67684,3.67684,0,0.68902,6.048,93.3403,98.274,2.26711,0,0,2.27793,2.27793,0,1.75988,3.38688
59.7267,85.139,1.21245,0,0.02,3.67695,3.67695,0,0.689041,6.048,92.7537,98.274,2.27395,0,0,2.278,2.278,0,1.75993,3.38688
58.549,85.139,2.26459,0,0.02,3.56487,3.56487,0,0.689061,6.048,92.328,98.274,3.30684,0,0,2.16846,2.16846,0,1.75998,3.38688
56.9766,85.139,1.8616,0,0.02,3.56498,3.56498,0,0.668057,6.048,91.9778,98.274,3.34028,0,0,2.16852,2.16852,0,1.67535,3.38688
55.7505,85.139,2.20415,0,0.02,3.56508,3.56508,0,0.668077,6.048,91.9958,98.274,5.14972,0,0,2.16859,2.16859,0,1.6754,3.38688
54.4879,85.139,2.14459,0,0.02,3.56519,3.56519,0,0.668096,6.048,91.8866,98.274,4.76015,0,0,2.16865,2.16865,0,1.67545,3.38688
53.2328,85.139,2.10897,0,0.02,3.47319,3.47319,0,0.668116,6.048,91.9147,98.274,4.73125,0,0,2.06893,2.06893,0,1.6755,3.38688
51.9574,85.139,2.07194,0,0.02,3.4733,3.4733,0,0.650876,6.048,91.6636,98.274,2.86716,0,0,2.069,2.069,0,1.59846,3.38688
52.7691,85.139,4.1937,0,0.02,3.4734,3.4734,0,0.650896,6.048,92.1443,98.274,6.40059,0,0,2.06906,2.06906,0,1.59851,3.38688
57.5803,85.139,8.34916,0,0.02,3.4735,3.4735,0,0.650915,6.048,93.8561,98.274,13.1474,0,0,2.06912,2.06912,0,1.59855,3.38688
60.3989,85.139,6.12733,0,0.02,3.212,3.212,0,0.650934,6.048,94.8229,98.274,7.63919,0,0,1.86134,1.86134,0,1.5986,3.38688
62.3567,85.139,5.28113,0,0.02,3.2121,3.2121,0,0.601929,6.048,96.6474,98.274,8.30776,0,0,1.86139,1.86139,0,1.43807,3.38688
68.2964,85.139,9.58159,0,0.02,3.21219,3.21219,0,0.601947,6.048,99.3022,98.274,12.2518,0,0,1.86145,1.86145,0,1.43811,3.38688
72.7917,85.139,8.15876,0,0.02,3.21229,3.21229,0,0.601965,6.048,99.3022,98.274,14.6483,0,0,1.8615,1.8615,0,1.43815,3.38688
77.4989,85.139,8.36035,0,0.02,3.21238,3.21238,0,0.601983,6.048,99.3022,98.274,10.7978,0,0,1.86156,1.86156,0,1.4382,3.38688
80.4523,85.139,6.87705,0,0.02,3.31311,3.31311,0,0.602001,6.048,99.3022,98.274,9.44741,0,0,1.9218,1.9218,0,1.43824,3.38688
85.139,85.139,12.5565,0,0.02,3.31318,3.31318,0,0.620876,6.048,99.3022,98.274,15.2427,0,0,1.92184,1.92184,0,1.48478,3.38688
85.139,85.139,8.53752,0,0.02,3.31325,3.31325,0,0.62089,6.048,99.3022,98.274,11.0604,0,0,1.92189,1.92189,0,1.48482,3.38688
85.139,85.139,8.64992,0,0.02,3.31333,3.31333,0,0.620904,6.048,99.3022,98.274,12.2485,0,0,1.92193,1.92193,0,1.48485,3.38688
85.139,85.139,8.62427,0,0.02,3.63658,3.63658,0,0.620918,6.048,99.3022,98.274,11.4858,0,0,2.14796,2.14796,0,1.48488,3.38688
85.139,85.139,9.20933,0,0.02,3.63667,3.63667,0,0.681496,6.048,99.3022,98.274,13.3781,0,0,2.148,2.148,0,1.65951,3.38688
85.139,85.139,7.11021,0,0.02,3.63675,3.63675,0,0.681511,6.048,99.3022,98.274,12.3706,0,0,2.14805,2.14805,0,1.65955,3.38688
85.139,85.139,8.56087,0.08,0.02,3.33443,3.63683,0,0.681526,6.048,99.3022,98.274,10.3826,0,0,2.4505,2.1481,0,1.65958,3.38688
85.139,85.139,8.90824,0.16,0.02,2.87351,3.17591,0,0.624872,6.048,99.3022,98.274,10.879,0,0,2.14725,1.84485,0,1.89326,3.38688
85.139,85.139,6.29128,0.31,0.02,2.87358,3.17598,0,0.538495,6.048,99.3022,98.274,6.8593,0,0,2.14729,1.84489,0,1.65896,3.38688
85.139,85.139,8.50345,0.34,0.02,2.87365,3.17605,0,0.538509,6.048,99.3022,98.274,10.8918,0,0,2.14733,1.84493,0,1.659,3.38688
85.139,85.139,11.1048,0.36,0.02,2.87372,3.17612,0,0.538522,6.048,99.3022,98.274,13.3359,0,0,2.14737,1.84497,0,1.65903,3.38688
85.139,85.139,8.32823,0.37,0.02,2.87379,3.17619,0,0.538535,6.048,99.3022,98.274,9.183,0,0,2.14741,1.84501,0,1.65906,3.38688
85.139,85.139,9.26496,0.38,0.02,2.98992,3.29232,0,0.538549,6.048,99.3022,98.274,12.5707,0,0,2.22166,1.91926,0,1.65909,3.38688
85.139,85.139,7.43915,0.36,0.02,2.98999,3.29239,0,0.56031,6.048,99.3022,98.274,11.3154,0,0,2.2217,1.9193,0,1.71646,3.38688
85.139,85.139,6.96476,0.34,0.02,2.99006,3.29246,0,0.560324,6.048,99.3022,98.274,12.3142,0,0,2.22175,1.91935,0,1.71649,3.38688
85.139,85.139,6.76351,0.34,0.02,2.99014,3.29254,0,0.560338,6.048,99.3022,98.274,11.508,0,0,2.22179,1.91939,0,1.71652,3.38688
85.139,85.139,6.72454,0.33,0.02,2.94483,3.24723,0,0.560352,6.048,99.3022,98.274,8.83085,0,0,2.19301,1.89061,0,1.71656,3.38688
85.139,85.139,5.8106,0.31,0.02,2.9449,3.2473,0,0.551861,6.048,99.3022,98.274,7.85757,0,0,2.19305,1.89065,0,1.69432,3.38688
85.139,85.139,5.36481,0.29,0.02,2.94498,3.24738,0,0.551875,6.048,99.3022,98.274,7.34384,0,0,2.19309,1.89069,0,1.69435,3.38688
85.139,85.139,4.94064,0.27,0.02,2.94505,3.24745,0,0.551888,6.048,99.3022,98.274,6.94149,0,0,2.19314,1.89074,0,1.69438,3.38688
85.139,85.139,4.54474,0.26,0.02,3.09917,3.40157,0,0.551902,6.048,99.3022,98.274,6.47721,0,0,2.2954,1.993,0,1.69442,3.38688
85.139,85.139,4.16474,0.22,0.02,3.09925,3.40165,0,0.580785,6.048,99.3022,98.274,5.28815,0,0,2.29545,1.99305,0,1.77343,3.38688
85.139,85.139,3.88666,0.19,0.02,3.09933,3.40173,0,0.580799,6.048,99.3022,98.274,4.75749,0,0,2.29549,1.99309,0,1.77346,3.38688
85.139,85.139,3.67802,0.19,0.02,3.0994,3.4018,0,0.580814,6.048,99.3022,98.274,4.2722,0,0,2.29554,1.99314,0,1.7735,3.38688
85.139,85.139,3.50246,0.18,0.02,3.09948,3.40188,0,0.580828,6.048,99.3022,98.274,4.29386,0,0,2.29558,1.99318,0,1.77353,3.38688
85.139,85.139,3.44524,0.17,0.02,3.06908,3.37148,0,0.580842,6.048,99.3022,98.274,4.82829,0,0,2.35182,2.04942,0,1.77357,3.38688
85.0313,85.139,3.21894,0.17,0.02,3.06916,3.37156,0,0.575147,6.048,99.3022,98.274,4.94635,0,0,2.35186,2.04946,0,1.81701,3.38688
84.8476,85.139,3.12388,0.18,0.02,3.06924,3.37164,0,0.575161,6.048,99.3022,98.274,4.72773,0,0,2.35191,2.04951,0,1.81705,3.38688
84.4814,85.139,2.92959,0.19,0.02,3.06931,3.37171,0,0.575175,6.048,99.3022,98.274,4.44236,0,0,2.35196,2.04956,0,1.81709,3.38688
83.536,85.139,2.3926,0.19,0.02,3.14808,3.45048,0,0.575189,6.048,99.1825,98.274,3.34302,0,0,2.40208,2.09968,0,1.81712,3.38688
82.4256,85.139,2.175,0.2,0.02,3.14815,3.45055,0,0.58995,6.048,98.9638,98.274,3.09656,0,0,2.40213,2.09973,0,1.85585,3.38688
81.1399,85.139,1.97993,0.2,0.02,3.14823,3.45063,0,0.589964,6.048,98.6997,98.274,2.71088,0,0,2.40218,2.09978,0,1.85589,3.38688
80.1141,85.139,2.22535,0.2,0.02,3.14831,3.45071,0,0.589979,6.048,98.5952,98.274,3.60811,0,0,2.40223,2.09983,0,1.85592,3.38688
78.7239,85.139,2.03334,0.2,0.02,3.37885,3.68125,0,0.589993,6.048,98.3449,98.274,3.1195,0,0,2.58306,2.28066,0,1.85596,3.38688
77.3108,85.139,1.99123,0.24,0.02,3.37893,3.68133,0,0.633196,6.048,97.9641,98.274,2.88634,0,0,2.58311,2.28071,0,1.99567,3.38688
75.6789,85.139,1.79203,0.24,0.02,3.37901,3.68141,0,0.633212,6.048,97.5628,98.274,2.76461,0,0,2.58316,2.28076,0,1.99571,3.38688
74.0954,85.139,1.80786,0.24,0.02,3.3791,3.6815,0,0.633227,6.048,97.2475,98.274,2.96889,0,0,2.58322,2.28082,0,1.99575,3.38688
72.4532,85.139,1.73662,0.25,0.02,3.37918,3.68158,0,0.633243,6.048,96.9327,98.274,3.53345,0,0,2.58327,2.28087,0,1.99579,3.38688
70.225,85.139,0.997376,0.27,0.02,3.26693,3.56933,0,0.633258,6.048,96.5053,98.274,2.91936,0,0,2.47357,2.17117,0,1.99583,3.38688
68.0803,85.139,1.11062,0.27,0.02,3.26701,3.56941,0,0.612222,6.048,96.1055,98.274,2.67338,0,0,2.47362,2.17122,0,1.91108,3.38688
66.2965,85.139,1.47743,0.3,0.02,3.26709,3.56949,0,0.612237,6.048,95.8774,98.274,3.66846,0,0,2.47367,2.17127,0,1.91112,3.38688
64.9504,85.139,1.98155,0.31,0.02,3.26717,3.56957,0,0.612252,6.048,95.9568,98.274,5.05536,0,0,2.47372,2.17132,0,1.91116,3.38688
63.1235,85.139,1.3739,0.31,0.02,3.17504,3.47744,0,0.612267,6.048,95.8182,98.274,3.37546,0,0,2.37386,2.07146,0,1.91119,3.38688
61.5391,85.139,1.61732,0.31,0.02,3.17511,3.47751,0,0.595002,6.048,95.7777,98.274,3.69511,0,0,2.37391,2.07151,0,1.83405,3.38688
59.8785,85.139,1.55198,0.36,0.02,3.17519,3.47759,0,0.595016,6.048,95.7616,98.274,3.5023,0,0,2.37395,2.07155,0,1.83408,3.38688
58.4042,85.139,1.65913,0.36,0.02,3.17527,3.47767,0,0.595031,6.048,95.8619,98.274,3.96091,0,0,2.374,2.0716,0,1.83412,3.38688
61.4144,85.139,6.14741,0.38,0.02,2.91343,3.21583,0,0.595045,6.048,97.12,98.274,5.91356,0,0,2.16596,1.86356,0,1.83415,3.38688
65.9718,85.139,7.92686,0.4,0.02,2.9135,3.2159,0,0.545977,6.048,99.2788,98.274,6.93507,0,0,2.166,1.8636,0,1.67342,3.38688
68.641,85.139,6.05193,0.37,0.02,2.91358,3.21598,0,0.545991,6.048,99.3022,98.274,7.95588,0,0,2.16604,1.86364,0,1.67345,3.38688
71.3063,85.139,6.01348,0.34,0.02,2.91365,3.21605,0,0.546004,6.048,99.3022,98.274,12.8031,0,0,2.16608,1.86368,0,1.67348,3.38688
74.2277,85.139,6.30339,0.37,0.02,2.91372,3.21612,0,0.546018,6.048,99.3022,98.274,10.4111,0,0,2.16612,1.86372,0,1.67352,3.38688
76.9843,85.139,6.46079,0.33,0.02,3.01454,3.31694,0,0.546031,6.048,99.3022,98.274,10.1791,0,0,2.22642,1.92402,0,1.67355,3.38688
79.4381,85.139,6.17351,0.35,0.02,3.01459,3.31699,0,0.564924,6.048,99.3022,98.274,8.66178,0,0,2.22645,1.92405,0,1.72013,3.38688
82.1745,85.139,6.37822,0.36,0.02,3.01464,3.31704,0,0.564934,6.048,99.3022,98.274,10.4578,0,0,2.22648,1.92408,0,1.72016,3.38688
84.4919,85.139,6.00441,0.33,0.02,3.01469,3.31709,0,0.564943,6.048,99.3022,98.274,10.4654,0,0,2.22651,1.92411,0,1.72018,3.38688
85.139,85.139,6.53682,0.33,0.02,3.33828,3.64068,0,0.564952,6.048,99.3022,98.274,8.68182,0,0,2.45278,2.15038,0,1.7202,3.38688
85.139,85.139,8.08107,0.29,0.02,3.33834,3.64074,0,0.625594,6.048,99.3022,98.274,11.1296,0,0,2.45281,2.15041,0,1.89502,3.38688
85.139,85.139,6.54169,0.3,0.02,3.33839,3.64079,0,0.625605,6.048,99.3022,98.274,11.0993,0,0,2.45284,2.15044,0,1.89504,3.38688
85.139,85.139,6.97922,0.3,0.02,3.33845,3.64085,0,0.625615,6.048,99.3022,98.274,9.31895,0,0,2.45288,2.15048,0,1.89507,3.38688
85.139,85.139,8.24441,0.31,0.02,2.877,3.1794,0,0.625625,6.048,99.3022,98.274,10.7341,0,0,2.14928,1.84688,0,1.89509,3.38688
85.139,85.139,4.93765,0.32,0.02,2.87705,3.17945,0,0.539149,6.048,99.3022,98.274,8.63083,0,0,2.1493,1.8469,0,1.66053,3.38688
85.139,85.139,5.3451,0.34,0.02,2.87709,3.17949,0,0.539158,6.048,99.3022,98.274,9.20337,0,0,2.14933,1.84693,0,1.66055,3.38688
85.139,85.139,8.44082,0.36,0.02,2.87714,3.17954,0,0.539167,6.048,99.3022,98.274,16.4423,0,0,2.14936,1.84696,0,1.66057,3.38688
85.139,85.139,7.31727,0.37,0.02,2.87719,3.17959,0,0.539176,6.048,99.3022,98.274,12.3829,0,0,2.14939,1.84699,0,1.6606,3.38688
85.139,85.139,6.71004,0.37,0.02,2.99342,3.29582,0,0.539185,6.048,99.3022,98.274,10.3433,0,0,2.2237,1.9213,0,1.66062,3.38688
85.139,85.139,7.37111,0.36,0.02,2.99347,3.29587,0,0.560966,6.048,99.3022,98.274,10.7702,0,0,2.22373,1.92133,0,1.71803,3.38688
85.139,85.139,5.23528,0.34,0.02,2.99352,3.29592,0,0.560975,6.048,99.3022,98.274,8.61936,0,0,2.22376,1.92136,0,1.71805,3.38688
85.139,85.139,4.62066,0.35,0.02,2.99357,3.29597,0,0.560985,6.048,99.3022,98.274,8.45848,0,0,2.22379,1.92139,0,1.71808,3.38688
85.139,85.139,3.96072,0.34,0.02,2.94819,3.25059,0,0.560994,6.048,99.3022,98.274,8.61368,0,0,2.19496,1.89256,0,1.7181,3.38688
85.139,85.139,4.19747,0.31,0.02,2.94824,3.25064,0,0.552491,6.048,99.3022,98.274,6.72638,0,0,2.19499,1.89259,0,1.69583,3.38688
85.0209,85.139,3.28492,0.29,0.02,2.94829,3.25069,0,0.5525,6.048,99.3022,98.274,5.85011,0,0,2.19502,1.89262,0,1.69585,3.38688
84.6788,85.139,2.97732,0.36,0.02,2.94834,3.25074,0,0.552509,6.048,99.3022,98.274,4.59923,0,0,2.19505,1.89265,0,1.69587,3.38688
83.9537,85.139,2.69094,0.36,0.02,3.10259,3.40499,0,0.552518,6.048,99.3022,98.274,4.44768,0,0,2.29741,1.99501,0,1.6959,3.38688
83.2261,85.139,2.61406,0.33,0.02,3.10265,3.40505,0,0.581426,6.048,99.3022,98.274,4.07224,0,0,2.29744,1.99504,0,1.77498,3.38688
82.4034,85.139,2.49988,0.29,0.02,3.1027,3.4051,0,0.581436,6.048,99.3022,98.274,4.01975,0,0,2.29747,1.99507,0,1.775,3.38688
81.4828,85.139,2.3884,0.27,0.02,3.10275,3.40515,0,0.581445,6.048,99.3022,98.274,4.20216,0,0,2.2975,1.9951,0,1.77502,3.38688
80.4292,85.139,2.26819,0.22,0.02,3.1028,3.4052,0,0.581455,6.048,99.3022,98.274,3.88739,0,0,2.29753,1.99513,0,1.77505,3.38688
79.6877,85.139,2.50564,0.21,0.02,3.07235,3.37475,0,0.581465,6.048,99.1447,98.274,3.17161,0,0,2.3538,2.0514,0,1.77507,3.38688
78.8414,85.139,2.37417,0.2,0.02,3.0724,3.3748,0,0.575759,6.048,98.9538,98.274,3.07521,0,0,2.35384,2.05144,0,1.81855,3.38688
77.8555,85.139,2.21515,0.24,0.02,3.07246,3.37486,0,0.575769,6.048,98.6677,98.274,2.88566,0,0,2.35387,2.05147,0,1.81857,3.38688
76.7595,85.139,2.0913,0.23,0.02,3.07251,3.37491,0,0.575778,6.048,98.337,98.274,2.71654,0,0,2.3539,2.0515,0,1.8186,3.38688
75.7652,85.139,2.23418,0.24,0.02,3.15132,3.45372,0,0.575788,6.048,98.0849,98.274,2.84899,0,0,2.40406,2.10166,0,1.81862,3.38688
74.6368,85.139,2.08171,0.24,0.02,3.15138,3.45378,0,0.590558,6.048,97.8021,98.274,2.82291,0,0,2.40409,2.10169,0,1.85738,3.38688
73.3427,85.139,1.89855,0.24,0.02,3.15143,3.45383,0,0.590568,6.048,97.4922,98.274,2.59948,0,0,2.40412,2.10172,0,1.8574,3.38688
71.8352,85.139,1.65453,0.28,0.02,3.15148,3.45388,0,0.590578,6.048,97.1733,98.274,2.58177,0,0,2.40416,2.10176,0,1.85743,3.38688
69.8883,85.139,1.39674,0.28,0.02,3.38221,3.68461,0,0.590587,6.048,96.84,98.274,2.47522,0,0,2.58514,2.28274,0,1.85745,3.38688
67.9093,85.139,1.35784,0.27,0.02,3.38226,3.68466,0,0.633825,6.048,96.5033,98.274,2.58544,0,0,2.58518,2.28278,0,1.99728,3.38688
66.1517,85.139,1.55443,0.3,0.02,3.38232,3.68472,0,0.633836,6.048,96.194,98.274,2.61779,0,0,2.58521,2.28281,0,1.99731,3.38688
64.0218,85.139,1.16699,0.31,0.02,3.38237,3.68477,0,0.633846,6.048,95.8019,98.274,2.36487,0,0,2.58525,2.28285,0,1.99733,3.38688
61.9662,85.139,1.21671,0.31,0.02,3.38243,3.68483,0,0.633857,6.048,95.434,98.274,2.30997,0,0,2.58528,2.28288,0,1.99736,3.38688
60.3032,85.139,1.57708,0.34,0.02,3.27006,3.57246,0,0.633867,6.048,94.9836,98.274,2.05855,0,0,2.47547,2.17307,0,1.99739,3.38688
58.4412,85.139,1.3721,0.34,0.02,3.27011,3.57251,0,0.612808,6.048,94.5821,98.274,1.93089,0,0,2.47551,2.17311,0,1.91255,3.38688
56.7976,85.139,1.58674,0.34,0.02,3.27016,3.57256,0,0.612819,6.048,94.5614,98.274,3.21373,0,0,2.47554,2.17314,0,1.91258,3.38688
55.1245,85.139,1.52816,0.36,0.02,3.27022,3.57262,0,0.612829,6.048,94.4708,98.274,3.04002,0,0,2.47557,2.17317,0,1.9126,3.38688
53.4659,85.139,1.43604,0.4,0.02,3.17798,3.48038,0,0.612839,6.048,93.6928,98.274,2.1877,0,0,2.37562,2.07322,0,1.91263,3.38688
51.576,85.139,1.16007,0.41,0.02,3.17803,3.48043,0,0.595554,6.048,93.1267,98.274,1.34063,0,0,2.37565,2.07325,0,1.8354,3.38688
50.0696,85.139,1.53156,0.42,0.02,3.17809,3.48049,0,0.595564,6.048,92.9309,98.274,3.15961,0,0,2.37568,2.07328,0,1.83543,3.38688
51.0646,85.139,4.1674,0.48,0.02,3.17814,3.48054,0,0.595574,6.048,93.671,98.274,6.04869,0,0,2.37571,2.07331,0,1.83545,3.38688
50.495,85.139,2.3144,0.49,0.02,2.91606,3.21846,0,0.595584,6.048,93.5082,98.274,2.35577,0,0,2.16748,1.86508,0,1.83547,3.38688
50.3102,85.139,2.72336,0.5,0.02,2.91611,3.21851,0,0.546471,6.048,93.4001,98.274,3.41671,0,0,2.16751,1.86511,0,1.6746,3.38688
50.4282,85.139,3.06144,0.51,0.02,2.91616,3.21856,0,0.54648,6.048,93.3048,98.274,3.27749,0,0,2.16754,1.86514,0,1.67462,3.38688
50.1308,85.139,2.63036,0.52,0.02,2.91621,3.21861,0,0.546489,6.048,93.2,98.274,3.18649,0,0,2.16757,1.86517,0,1.67464,3.38688
51.0644,85.139,3.84476,0.53,0.02,2.91626,3.21866,0,0.546498,6.048,93.048,98.274,3.40903,0,0,2.1676,1.8652,0,1.67466,3.38688
54.5722,85.139,6.5998,0.55,0.02,2.91626,3.21866,0,0.546507,6.048,93.6093,98.274,5.60264,0,0,2.1676,1.8652,0,1.67468,3.38688
57.5923,85.139,6.21742,0.51,0.02,3.01713,3.31953,0,0.546507,6.048,94.1213,98.274,5.31639,0,0,2.22793,1.92553,0,1.67468,3.38688
60.4174,85.139,6.05741,0.5,0.02,3.01716,3.31956,0,0.565411,6.048,94.6691,98.274,5.47732,0,0,2.22794,1.92554,0,1.7213,3.38688
63.358,85.139,6.29034,0.51,0.02,3.01719,3.31959,0,0.565416,6.048,95.105,98.274,5.19952,0,0,2.22796,1.92556,0,1.72131,3.38688
67.1251,85.139,7.18165,0.48,0.02,3.01721,3.31961,0,0.565421,6.048,95.9934,98.274,7.06738,0,0,2.22798,1.92558,0,1.72132,3.38688
72.0483,85.139,8.69333,0.5,0.02,3.34103,3.64343,0,0.565426,6.048,97.1847,98.274,8.0126,0,0,2.4544,2.152,0,1.72133,3.38688
78.8024,85.139,10.7314,0.45,0.02,3.34106,3.64346,0,0.626109,6.048,98.5277,98.274,8.80775,0,0,2.45442,2.15202,0,1.89627,3.38688
84.4749,85.139,9.77753,0.39,0.02,3.34109,3.64349,0,0.626115,6.048,99.3022,98.274,11.3696,0,0,2.45443,2.15203,0,1.89628,3.38688
85.139,85.139,9.21889,0.35,0.02,3.34112,3.64352,0,0.62612,6.048,99.3022,98.274,9.17437,0,0,2.45445,2.15205,0,1.8963,3.38688
85.139,85.139,7.76615,0.31,0.02,2.87931,3.18171,0,0.626126,6.048,99.3022,98.274,9.22221,0,0,2.15062,1.84822,0,1.89631,3.38688
85.139,85.139,9.63461,0.34,0.02,2.87933,3.18173,0,0.539582,6.048,99.3022,98.274,13.2703,0,0,2.15063,1.84823,0,1.66157,3.38688
85.139,85.139,7.84695,0.36,0.02,2.87936,3.18176,0,0.539587,6.048,99.3022,98.274,10.2439,0,0,2.15065,1.84825,0,1.66158,3.38688
85.139,85.139,7.52762,0.37,0.02,2.87938,3.18178,0,0.539592,6.048,99.3022,98.274,8.80938,0,0,2.15066,1.84826,0,1.66159,3.38688
85.139,85.139,5.71668,0.37,0.02,2.87941,3.18181,0,0.539596,6.048,99.3022,98.274,9.81604,0,0,2.15068,1.84828,0,1.6616,3.38688
85.139,85.139,4.98461,0.36,0.02,2.99569,3.29809,0,0.539601,6.048,99.3022,98.274,8.05634,0,0,2.22503,1.92263,0,1.66161,3.38688
85.139,85.139,4.30573,0.35,0.02,2.99572,3.29812,0,0.561393,6.048,99.3022,98.274,7.95843,0,0,2.22504,1.92264,0,1.71906,3.38688
85.139,85.139,5.07665,0.35,0.02,2.99575,3.29815,0,0.561398,6.048,99.3022,98.274,8.68408,0,0,2.22506,1.92266,0,1.71907,3.38688
85.139,85.139,4.49639,0.35,0.02,2.99577,3.29817,0,0.561403,6.048,99.3022,98.274,6.50484,0,0,2.22508,1.92268,0,1.71908,3.38688
85.139,85.139,3.56613,0.32,0.02,2.95034,3.25274,0,0.561408,6.048,99.3022,98.274,4.43723,0,0,2.19622,1.89382,0,1.71909,3.38688
84.9843,85.139,3.08845,0.3,0.02,2.95037,3.25277,0,0.552894,6.048,99.3022,98.274,4.04326,0,0,2.19623,1.89383,0,1.6968,3.38688
84.5179,85.139,2.74882,0.38,0.02,2.95039,3.25279,0,0.552899,6.048,99.3022,98.274,3.54022,0,0,2.19625,1.89385,0,1.69681,3.38688
84.118,85.139,2.8097,0.38,0.02,2.95042,3.25282,0,0.552904,6.048,99.2861,98.274,3.37885,0,0,2.19626,1.89386,0,1.69682,3.38688
83.6063,85.139,2.80694,0.35,0.02,3.10475,3.40715,0,0.552909,6.048,99.2045,98.274,3.46884,0,0,2.29867,1.99627,0,1.69683,3.38688
82.9239,85.139,2.51694,0.3,0.02,3.10478,3.40718,0,0.581831,6.048,99.0381,98.274,3.03799,0,0,2.29869,1.99629,0,1.77595,3.38688
82.1472,85.139,2.40879,0.28,0.02,3.10481,3.40721,0,0.581836,6.048,98.8536,98.274,3.00589,0,0,2.29871,1.99631,0,1.77597,3.38688
81.2734,85.139,2.30135,0.23,0.02,3.10484,3.40724,0,0.581841,6.048,98.6723,98.274,3.16836,0,0,2.29872,1.99632,0,1.77598,3.38688
80.4013,85.139,2.34182,0.21,0.02,3.10486,3.40726,0,0.581846,6.048,98.6048,98.274,3.21578,0,0,2.29874,1.99634,0,1.77599,3.38688
79.3726,85.139,2.15147,0.19,0.02,3.07437,3.37677,0,0.581851,6.048,98.5175,98.274,3.22917,0,0,2.35503,2.05263,0,1.776,3.38688
78.178,85.139,1.9701,0.25,0.02,3.0744,3.3768,0,0.576138,6.048,98.3778,98.274,2.85763,0,0,2.35505,2.05265,0,1.8195,3.38688
76.8622,85.139,1.80829,0.23,0.02,3.07443,3.37683,0,0.576143,6.048,98.1549,98.274,2.80377,0,0,2.35507,2.05267,0,1.81951,3.38688
75.4614,85.139,1.68801,0.23,0.02,3.07446,3.37686,0,0.576148,6.048,97.7986,98.274,2.27455,0,0,2.35508,2.05268,0,1.81952,3.38688
73.9613,85.139,1.67912,0.24,0.02,3.15329,3.45569,0,0.576153,6.048,97.4042,98.274,2.23166,0,0,2.40526,2.10286,0,1.81954,3.38688
72.3683,85.139,1.548,0.24,0.02,3.15332,3.45572,0,0.590927,6.048,96.8726,98.274,2.12712,0,0,2.40528,2.10288,0,1.8583,3.38688
70.6576,85.139,1.40904,0.27,0.02,3.15335,3.45575,0,0.590933,6.048,96.3833,98.274,1.85844,0,0,2.40529,2.10289,0,1.85832,3.38688
69.0393,85.139,1.48322,0.27,0.02,3.15338,3.45578,0,0.590938,6.048,95.7573,98.274,2.35557,0,0,2.40531,2.10291,0,1.85833,3.38688
66.6525,85.139,0.889322,0.27,0.02,3.3842,3.6866,0,0.590943,6.048,94.8609,98.274,1.54274,0,0,2.58638,2.28398,0,1.85834,3.38688
64.2054,85.139,0.797071,0.3,0.02,3.38423,3.68663,0,0.6342,6.048,94.0389,98.274,1.43781,0,0,2.5864,2.284,0,1.99824,3.38688
61.9305,85.139,0.944307,0.31,0.02,3.38426,3.68666,0,0.634206,6.048,93.4174,98.274,1.55915,0,0,2.58642,2.28402,0,1.99825,3.38688
60.2882,85.139,1.61169,0.33,0.02,3.38429,3.68669,0,0.634211,6.048,92.9047,98.274,1.84963,0,0,2.58644,2.28404,0,1.99827,3.38688
59.0158,85.139,1.93227,0.33,0.02,3.38432,3.68672,0,0.634217,6.048,92.4652,98.274,2.27632,0,0,2.58645,2.28405,0,1.99828,3.38688
57.5582,85.139,1.7339,0.33,0.02,3.27187,3.57427,0,0.634222,6.048,92.1674,98.274,2.45485,0,0,2.47658,2.17418,0,1.99829,3.38688
56.3629,85.139,1.99519,0.34,0.02,3.2719,3.5743,0,0.613148,6.048,92.0522,98.274,3.07102,0,0,2.47659,2.17419,0,1.9134,3.38688
55.1289,85.139,1.9956,0.39,0.02,3.27192,3.57432,0,0.613153,6.048,91.9335,98.274,3.05648,0,0,2.47661,2.17421,0,1.91342,3.38688
55.2229,85.139,3.3771,0.37,0.02,3.27195,3.57435,0,0.613159,6.048,92.0479,98.274,3.62566,0,0,2.47663,2.17423,0,1.91343,3.38688
57.9207,85.139,5.96757,0.39,0.02,3.17965,3.48205,0,0.613164,6.048,92.6306,98.274,4.78406,0,0,2.37661,2.07421,0,1.91344,3.38688
59.0964,85.139,4.45919,0.36,0.02,3.17968,3.48208,0,0.595866,6.048,93.0984,98.274,3.61107,0,0,2.37663,2.07423,0,1.83617,3.38688
61.8584,85.139,6.05881,0.36,0.02,3.1797,3.4821,0,0.595871,6.048,93.5449,98.274,4.26029,0,0,2.37664,2.07424,0,1.83618,3.38688
63.0572,85.139,4.52309,0.38,0.02,3.17973,3.48213,0,0.595877,6.048,93.3334,98.274,2.77221,0,0,2.37666,2.07426,0,1.83619,3.38688
63.1713,85.139,3.16582,0.35,0.02,2.91751,3.21991,0,0.595882,6.048,92.8792,98.274,2.02954,0,0,2.16832,1.86592,0,1.83621,3.38688
66.5889,85.139,6.7003,0.35,0.02,2.91754,3.21994,0,0.546742,6.048,93.256,98.274,5.4683,0,0,2.16834,1.86594,0,1.67525,3.38688
69.976,85.139,6.65627,0.38,0.02,2.91757,3.21997,0,0.546747,6.048,93.1701,98.274,3.64158,0,0,2.16835,1.86595,0,1.67526,3.38688
73.5102,85.139,6.73156,0.34,0.02,2.91759,3.21999,0,0.546752,6.048,92.7703,98.274,2.89912,0,0,2.16837,1.86597,0,1.67527,3.38688
72.8676,85.139,2.49563,0.36,0.02,2.91762,3.22002,0,0.546757,6.048,92.5475,98.274,2.65953,0,0,2.16838,1.86598,0,1.67528,3.38688
71.6818,85.139,2.0015,0.36,0.02,3.01851,3.32091,0,0.546762,6.048,92.2463,98.274,2.28917,0,0,2.22873,1.92633,0,1.67529,3.38688
71.4621,85.139,3.03652,0.39,0.02,3.01851,3.32091,0,0.565669,6.048,92.0744,98.274,2.55761,0,0,2.22873,1.92633,0,1.72192,3.38688
71.9203,85.139,3.83187,0.39,0.02,3.01852,3.32092,0,0.56567,6.048,91.764,98.274,2.60606,0,0,2.22873,1.92633,0,1.72192,3.38688
71.164,85.139,2.53637,0.4,0.02,3.01852,3.32092,0,0.56567,6.048,91.7316,98.274,2.43552,0,0,2.22873,1.92633,0,1.72192,3.38688
70.4563,85.139,2.85688,0.4,0.02,3.34244,3.64484,0,0.565671,6.048,91.8601,98.274,3.00719,0,0,2.45523,2.15283,0,1.72192,3.38688
70.0818,85.139,3.21141,0.26,0.02,3.34244,3.64484,0,0.626373,6.048,92.0215,98.274,3.44099,0,0,2.45523,2.15283,0,1.89691,3.38688
70.7915,85.139,4.3892,0.24,0.02,3.34245,3.64485,0,0.626374,6.048,92.1586,98.274,3.76373,0,0,2.45524,2.15284,0,1.89691,3.38688
71.8867,85.139,4.76407,0.24,0.02,3.34245,3.64485,0,0.626375,6.048,92.7621,98.274,4.64407,0,0,2.45524,2.15284,0,1.89692,3.38688
75.2143,85.139,6.70016,0.28,0.02,2.88045,3.18285,0,0.626376,6.048,94.5223,98.274,7.36593,0,0,2.15128,1.84888,0,1.89692,3.38688
80.7573,85.139,9.14081,0.22,0.02,2.88045,3.18285,0,0.539796,6.048,97.296,98.274,10.4115,0,0,2.15128,1.84888,0,1.66208,3.38688
85.139,85.139,11.4433,0.21,0.02,2.88045,3.18285,0,0.539797,6.048,99.3022,98.274,12.1796,0,0,2.15128,1.84888,0,1.66208,3.38688
85.139,85.139,10.6085,0.19,0.02,2.88046,3.18286,0,0.539797,6.048,99.3022,98.274,10.9283,0,0,2.15129,1.84889,0,1.66208,3.38688
85.139,85.139,11.0227,0.35,0.02,2.88046,3.18286,0,0.539798,6.048,99.3022,98.274,9.39759,0,0,2.15129,1.84889,0,1.66208,3.38688
85.139,85.139,12.2461,0.34,0.02,2.99676,3.29916,0,0.539799,6.048,99.3022,98.274,12.2754,0,0,2.22565,1.92325,0,1.66209,3.38688
85.139,85.139,10.4077,0.33,0.02,2.99676,3.29916,0,0.561593,6.048,99.3022,98.274,9.83508,0,0,2.22565,1.92325,0,1.71954,3.38688
85.139,85.139,8.34861,0.33,0.02,2.99677,3.29917,0,0.561594,6.048,99.3022,98.274,7.00028,0,0,2.22566,1.92326,0,1.71954,3.38688
85.139,85.139,7.8502,0.33,0.02,2.99677,3.29917,0,0.561594,6.048,99.3022,98.274,6.81594,0,0,2.22566,1.92326,0,1.71954,3.38688
85.139,85.139,5.82868,0.31,0.02,2.9513,3.2537,0,0.561595,6.048,99.3022,98.274,4.81997,0,0,2.19678,1.89438,0,1.71954,3.38688
85.139,85.139,4.85488,0.29,0.02,2.95131,3.25371,0,0.553074,6.048,99.3022,98.274,4.16856,0,0,2.19678,1.89438,0,1.69723,3.38688
85.139,85.139,4.2992,0.27,0.02,2.95131,3.25371,0,0.553075,6.048,99.3022,98.274,3.67823,0,0,2.19678,1.89438,0,1.69723,3.38688
85.139,85.139,4.03399,0.27,0.02,2.95131,3.25371,0,0.553076,6.048,99.3022,98.274,3.25111,0,0,2.19678,1.89438,0,1.69723,3.38688
85.139,85.139,4.11116,0.25,0.02,3.10566,3.40806,0,0.553076,6.048,99.2074,98.274,3.70492,0,0,2.29921,1.99681,0,1.69724,3.38688
85.139,85.139,3.78395,0.19,0.02,3.10567,3.40807,0,0.582002,6.048,99.1363,98.274,3.06937,0,0,2.29921,1.99681,0,1.77637,3.38688
85.139,85.139,3.4441,0.19,0.02,3.10567,3.40807,0,0.582002,6.048,98.9504,98.274,2.581,0,0,2.29921,1.99681,0,1.77637,3.38688
84.8723,85.139,3.04279,0.18,0.02,3.10568,3.40808,0,0.582003,6.048,98.7497,98.274,2.66787,0,0,2.29921,1.99681,0,1.77637,3.38688
85.139,85.139,3.65168,0.21,0.02,3.10568,3.40808,0,0.582004,6.048,98.5468,98.274,2.59833,0,0,2.29922,1.99682,0,1.77637,3.38688
85.139,85.139,3.47264,0.17,0.02,3.07516,3.37756,0,0.582004,6.048,98.248,98.274,2.44936,0,0,2.35551,2.05311,0,1.77637,3.38688
84.9755,85.139,3.11668,0.16,0.02,3.07516,3.37756,0,0.576285,6.048,97.8568,98.274,2.29589,0,0,2.35551,2.05311,0,1.81987,3.38688
84.6247,85.139,2.91585,0.19,0.02,3.07517,3.37757,0,0.576286,6.048,97.4403,98.274,2.22062,0,0,2.35551,2.05311,0,1.81987,3.38688
84.2419,85.139,2.85147,0.2,0.02,3.07517,3.37757,0,0.576286,6.048,97.0226,98.274,2.17313,0,0,2.35552,2.05312,0,1.81987,3.38688
83.9093,85.139,2.94315,0.2,0.02,3.154,3.4564,0,0.576287,6.048,96.5835,98.274,2.30037,0,0,2.40569,2.10329,0,1.81987,3.38688
83.214,85.139,2.57043,0.2,0.02,3.154,3.4564,0,0.59106,6.048,96.0805,98.274,2.14047,0,0,2.40569,2.10329,0,1.85863,3.38688
82.3304,85.139,2.36999,0.2,0.02,3.15401,3.45641,0,0.59106,6.048,95.5606,98.274,2.06126,0,0,2.40569,2.10329,0,1.85864,3.38688
81.0899,85.139,1.98276,0.2,0.02,3.15401,3.45641,0,0.591061,6.048,94.7782,98.274,2.0345,0,0,2.4057,2.1033,0,1.85864,3.38688
79.2587,85.139,1.61412,0.2,0.02,3.38485,3.68725,0,0.591062,6.048,93.8413,98.274,1.61382,0,0,2.58678,2.28438,0,1.85864,3.38688
77.2858,85.139,1.44675,0.24,0.02,3.38486,3.68726,0,0.634322,6.048,92.9636,98.274,1.50597,0,0,2.58678,2.28438,0,1.99855,3.38688
75.5949,85.139,1.71616,0.24,0.02,3.38486,3.68726,0,0.634322,6.048,92.2746,98.274,1.63333,0,0,2.58679,2.28439,0,1.99855,3.38688
75.0428,85.139,2.9297,0.25,0.02,3.38487,3.68727,0,0.634323,6.048,91.768,98.274,1.93904,0,0,2.58679,2.28439,0,1.99855,3.38688
74.0804,85.139,2.48158,0.24,0.02,3.38487,3.68727,0,0.634324,6.048,91.1646,98.274,2.09253,0,0,2.58679,2.28439,0,1.99855,3.38688
72.5266,85.139,1.80441,0.23,0.02,3.27237,3.57477,0,0.634325,6.048,90.6719,98.274,1.88945,0,0,2.47688,2.17448,0,1.99856,3.38688
71.8198,85.139,2.67719,0.26,0.02,3.27238,3.57478,0,0.613242,6.048,90.2701,98.274,2.24769,0,0,2.47689,2.17449,0,1.91364,3.38688
72.0136,85.139,3.69555,0.27,0.02,3.27238,3.57478,0,0.613243,6.048,90.227,98.274,3.63201,0,0,2.47689,2.17449,0,1.91364,3.38688
71.4169,85.139,2.90239,0.25,0.02,3.27238,3.57478,0,0.613244,6.048,90.0395,98.274,2.87181,0,0,2.47689,2.17449,0,1.91364,3.38688
71.0498,85.139,3.01502,0.25,0.02,3.18004,3.48244,0,0.613245,6.048,90.8727,98.274,4.88006,0,0,2.37684,2.07444,0,1.91364,3.38688
69.6718,85.139,1.94513,0.27,0.02,3.18005,3.48245,0,0.59594,6.048,91.2774,98.274,4.0996,0,0,2.37685,2.07445,0,1.83635,3.38688
69.9884,85.139,3.87624,0.27,0.02,3.18005,3.48245,0,0.595941,6.048,91.8422,98.274,4.57071,0,0,2.37685,2.07445,0,1.83635,3.38688
72.5561,85.139,6.207,0.27,0.02,3.18005,3.48245,0,0.595941,6.048,92.0272,98.274,4.60247,0,0,2.37685,2.07445,0,1.83635,3.38688
74.106,85.139,5.01017,0.3,0.02,2.91779,3.22019,0,0.595942,6.048,92.6975,98.274,6.08341,0,0,2.16848,1.86608,0,1.83636,3.38688
74.9781,85.139,4.46123,0.27,0.02,2.91779,3.22019,0,0.546793,6.048,93.3222,98.274,5.99854,0,0,2.16848,1.86608,0,1.67537,3.38688
75.8685,85.139,4.51533,0.29,0.02,2.9178,3.2202,0,0.546794,6.048,94.0479,98.274,6.36881,0,0,2.16849,1.86609,0,1.67537,3.38688
78.1536,85.139,5.92115,0.3,0.02,2.9178,3.2202,0,0.546795,6.048,94.7203,98.274,6.0316,0,0,2.16849,1.86609,0,1.67537,3.38688
85.139,85.139,13.5592,0.32,0.02,2.9178,3.2202,0,0.546795,6.048,96.0497,98.274,8.13711,0,0,2.16849,1.86609,0,1.67537,3.38688
85.139,85.139,5.75921,0.21,0.02,3.01868,3.32108,0,0.546796,6.048,96.3983,98.274,4.22173,0,0,2.22882,1.92642,0,1.67537,3.38688
85.0331,85.139,3.49871,0.23,0.02,3.01866,3.32106,0,0.5657,6.048,96.935,98.274,4.32035,0,0,2.22881,1.92641,0,1.72199,3.38688
85.139,85.139,11.9538,0.31,0.02,3.01864,3.32104,0,0.565696,6.048,99.3022,98.274,12.0053,0,0,2.2288,1.9264,0,1.72198,3.38688
85.139,85.139,7.15277,0.28,0.02,3.01862,3.32102,0,0.565693,6.048,99.3022,98.274,7.69945,0,0,2.22879,1.92639,0,1.72197,3.38688
85.139,85.139,8.9793,0.29,0.02,3.34252,3.64492,0,0.565689,6.048,99.3022,98.274,9.55857,0,0,2.45528,2.15288,0,1.72196,3.38688
85.139,85.139,7.40976,0.29,0.02,3.3425,3.6449,0,0.626388,6.048,99.3022,98.274,7.61921,0,0,2.45527,2.15287,0,1.89695,3.38688
85.139,85.139,9.42756,0.28,0.02,3.34248,3.64488,0,0.626384,6.048,99.3022,98.274,9.79804,0,0,2.45525,2.15285,0,1.89694,3.38688
85.139,85.139,11.246,0.29,0.02,3.34246,3.64486,0,0.62638,6.048,99.3022,98.274,14.6603,0,0,2.45524,2.15284,0,1.89693,3.38688
85.139,85.139,6.0314,0.3,0.02,2.88043,3.18283,0,0.626376,6.048,99.3022,98.274,6.01337,0,0,2.15127,1.84887,0,1.89692,3.38688
85.139,85.139,4.23475,0.32,0.02,2.88041,3.18281,0,0.539792,6.048,99.3022,98.274,5.46944,0,0,2.15126,1.84886,0,1.66207,3.38688
85.139,85.139,5.69005,0.34,0.02,2.88039,3.18279,0,0.539789,6.048,99.3022,98.274,5.32685,0,0,2.15125,1.84885,0,1.66206,3.38688
85.139,85.139,4.83939,0.35,0.02,2.88037,3.18277,0,0.539785,6.048,99.3022,98.274,6.24659,0,0,2.15124,1.84884,0,1.66205,3.38688
85.139,85.139,5.70353,0.35,0.02,2.88035,3.18275,0,0.539782,6.048,99.3022,98.274,6.33886,0,0,2.15122,1.84882,0,1.66204,3.38688
85.139,85.139,5.4349,0.35,0.02,2.99662,3.29902,0,0.539778,6.048,99.3022,98.274,5.71632,0,0,2.22557,1.92317,0,1.66204,3.38688
85.139,85.139,7.00944,0.33,0.02,2.9966,3.299,0,0.561567,6.048,99.3022,98.274,7.10361,0,0,2.22556,1.92316,0,1.71948,3.38688
85.139,85.139,5.84853,0.35,0.02,2.99658,3.29898,0,0.561564,6.048,99.3022,98.274,6.5361,0,0,2.22555,1.92315,0,1.71947,3.38688
85.139,85.139,4.39715,0.34,0.02,2.99656,3.29896,0,0.56156,6.048,99.3022,98.274,4.8476,0,0,2.22554,1.92314,0,1.71946,3.38688
85.139,85.139,3.42531,0.31,0.02,2.95108,3.25348,0,0.561556,6.048,99.3022,98.274,3.43477,0,0,2.19665,1.89425,0,1.71945,3.38688
85.139,85.139,4.08895,0.29,0.02,2.95106,3.25346,0,0.553032,6.048,99.3022,98.274,3.6992,0,0,2.19664,1.89424,0,1.69713,3.38688
85.139,85.139,3.4857,0.28,0.02,2.95104,3.25344,0,0.553028,6.048,99.3022,98.274,3.45748,0,0,2.19662,1.89422,0,1.69712,3.38688
85.0152,85.139,3.16634,0.27,0.02,2.95102,3.25342,0,0.553025,6.048,99.3022,98.274,3.32988,0,0,2.19661,1.89421,0,1.69711,3.38688
84.959,85.139,3.43302,0.35,0.02,3.10533,3.40773,0,0.553021,6.048,99.3022,98.274,3.32746,0,0,2.29901,1.99661,0,1.6971,3.38688
84.7574,85.139,3.18331,0.3,0.02,3.10531,3.40771,0,0.581939,6.048,99.2674,98.274,3.02215,0,0,2.299,1.9966,0,1.77622,3.38688
84.512,85.139,3.12408,0.28,0.02,3.10529,3.40769,0,0.581935,6.048,99.234,98.274,3.04242,0,0,2.29899,1.99659,0,1.77621,3.38688
83.9509,85.139,2.80506,0.24,0.02,3.10527,3.40767,0,0.581932,6.048,99.1694,98.274,3.06096,0,0,2.29898,1.99658,0,1.7762,3.38688
83.0561,85.139,2.41274,0.21,0.02,3.10525,3.40765,0,0.581928,6.048,99.1601,98.274,3.10564,0,0,2.29896,1.99656,0,1.77619,3.38688
82.0237,85.139,2.21573,0.21,0.02,3.07471,3.37711,0,0.581924,6.048,99.1327,98.274,3.01239,0,0,2.35524,2.05284,0,1.77618,3.38688
80.8227,85.139,2.03774,0.19,0.02,3.07469,3.37709,0,0.576201,6.048,99.0838,98.274,3.01875,0,0,2.35523,2.05283,0,1.81966,3.38688
79.4687,85.139,1.86673,0.19,0.02,3.07467,3.37707,0,0.576197,6.048,98.978,98.274,2.68442,0,0,2.35521,2.05281,0,1.81965,3.38688
78.0638,85.139,1.80101,0.2,0.02,3.07465,3.37705,0,0.576193,6.048,98.8069,98.274,2.5905,0,0,2.3552,2.0528,0,1.81964,3.38688
76.5996,85.139,1.75819,0.24,0.02,3.15344,3.45584,0,0.57619,6.048,98.6209,98.274,2.615,0,0,2.40535,2.10295,0,1.81963,3.38688
75.0407,85.139,1.64577,0.24,0.02,3.15342,3.45582,0,0.590955,6.048,98.3772,98.274,2.3874,0,0,2.40534,2.10294,0,1.85837,3.38688
73.4735,85.139,1.61606,0.25,0.02,3.1534,3.4558,0,0.590952,6.048,98.1929,98.274,2.57606,0,0,2.40533,2.10293,0,1.85836,3.38688
72.0533,85.139,1.73798,0.28,0.02,3.15338,3.45578,0,0.590948,6.048,98.072,98.274,2.84742,0,0,2.40531,2.10291,0,1.85835,3.38688
70.2828,85.139,1.56056,0.28,0.02,3.38416,3.68656,0,0.590944,6.048,97.8831,98.274,2.75143,0,0,2.58635,2.28395,0,1.85834,3.38688
68.3691,85.139,1.38922,0.29,0.02,3.38414,3.68654,0,0.634191,6.048,97.6171,98.274,2.6117,0,0,2.58634,2.28394,0,1.99821,3.38688
66.5553,85.139,1.4627,0.29,0.02,3.38411,3.68651,0,0.634187,6.048,97.346,98.274,2.59694,0,0,2.58632,2.28392,0,1.9982,3.38688
65.4249,85.139,2.19257,0.31,0.02,3.38409,3.68649,0,0.634183,6.048,97.2078,98.274,3.06325,0,0,2.58631,2.28391,0,1.99819,3.38688
65.4779,85.139,3.49013,0.31,0.02,3.38407,3.68647,0,0.634179,6.048,97.8119,98.274,5.0811,0,0,2.5863,2.2839,0,1.99818,3.38688
65.1658,85.139,3.01598,0.31,0.02,3.27157,3.57397,0,0.634175,6.048,98.3368,98.274,4.93627,0,0,2.4764,2.174,0,1.99817,3.38688
64.505,85.139,2.64076,0.31,0.02,3.27155,3.57395,0,0.613092,6.048,98.6941,98.274,4.52142,0,0,2.47638,2.17398,0,1.91326,3.38688
64.8806,85.139,3.73067,0.32,0.02,3.27153,3.57393,0,0.613088,6.048,99.3022,98.274,6.0582,0,0,2.47637,2.17397,0,1.91325,3.38688
67.214,85.139,5.85689,0.32,0.02,3.27151,3.57391,0,0.613084,6.048,99.3022,98.274,8.26064,0,0,2.47636,2.17396,0,1.91324,3.38688
70.3913,85.139,6.88644,0.31,0.02,3.17916,3.48156,0,0.613081,6.048,99.3022,98.274,8.84755,0,0,2.37632,2.07392,0,1.91323,3.38688
73.2788,85.139,6.44681,0.27,0.02,3.17914,3.48154,0,0.595775,6.048,99.3022,98.274,5.35237,0,0,2.37631,2.07391,0,1.83595,3.38688
76.6804,85.139,6.76981,0.27,0.02,3.17912,3.48152,0,0.595771,6.048,99.3022,98.274,5.24878,0,0,2.3763,2.0739,0,1.83594,3.38688
79.6123,85.139,6.35698,0.23,0.02,3.1791,3.4815,0,0.595768,6.048,99.3022,98.274,6.88818,0,0,2.37628,2.07388,0,1.83593,3.38688
79.925,85.139,3.54173,0.2,0.02,2.91689,3.21929,0,0.595764,6.048,99.3022,98.274,4.08757,0,0,2.16796,1.86556,0,1.83592,3.38688
80.5803,85.139,4.02168,0.23,0.02,2.91687,3.21927,0,0.546624,6.048,99.3022,98.274,5.69578,0,0,2.16795,1.86555,0,1.67496,3.38688
82.965,85.139,5.88224,0.25,0.02,2.91685,3.21925,0,0.546621,6.048,99.3022,98.274,6.58059,0,0,2.16794,1.86554,0,1.67496,3.38688
85.139,85.139,14.0522,0.26,0.02,2.91683,3.21923,0,0.546617,6.048,99.3022,98.274,17.6281,0,0,2.16793,1.86553,0,1.67495,3.38688
85.139,85.139,6.46787,0.2,0.02,2.91681,3.21921,0,0.546614,6.048,99.3022,98.274,8.18499,0,0,2.16791,1.86551,0,1.67494,3.38688
85.139,85.139,10.9564,0.21,0.02,3.01763,3.32003,0,0.54661,6.048,99.3022,98.274,8.99628,0,0,2.22822,1.92582,0,1.67493,3.38688
85.139,85.139,7.59936,0.24,0.04,3.01759,3.31999,0,0.565504,6.048,99.3022,98.274,7.56205,0,0,2.22819,1.92579,0,1.72152,3.38688
85.139,85.139,13.4944,0.25,0.04,3.01754,3.31994,0,0.565496,6.048,99.3022,98.274,17.1666,0,0,2.22817,1.92577,0,1.7215,3.38688
85.139,85.139,8.65793,0.28,0.04,3.0175,3.3199,0,0.565488,6.048,99.3022,98.274,11.103,0,0,2.22814,1.92574,0,1.72148,3.38688
85.139,85.139,5.80467,0.29,0.04,3.34127,3.64367,0,0.56548,6.048,99.3022,98.274,9.34501,0,0,2.45454,2.15214,0,1.72146,3.38688
85.139,85.139,5.88645,0.29,0.04,3.34122,3.64362,0,0.626154,6.048,99.3022,98.274,9.23073,0,0,2.45451,2.15211,0,1.89638,3.38688
85.139,85.139,5.8419,0.28,0.04,3.34118,3.64358,0,0.626145,6.048,99.3022,98.274,8.84598,0,0,2.45449,2.15209,0,1.89636,3.38688
85.139,85.139,7.44267,0.29,0.04,3.34113,3.64353,0,0.626136,6.048,99.3022,98.274,8.34385,0,0,2.45446,2.15206,0,1.89634,3.38688
85.139,85.139,8.50149,0.3,0.04,2.87925,3.18165,0,0.626128,6.048,99.3022,98.274,10.8136,0,0,2.15058,1.84818,0,1.89631,3.38688
85.139,85.139,7.82515,0.33,0.04,2.87921,3.18161,0,0.539571,6.048,99.3022,98.274,9.79089,0,0,2.15056,1.84816,0,1.66154,3.38688
85.139,85.139,7.88089,0.35,0.04,2.87917,3.18157,0,0.539563,6.048,99.3022,98.274,9.54613,0,0,2.15054,1.84814,0,1.66152,3.38688
85.139,85.139,7.28329,0.35,0.04,2.87912,3.18152,0,0.539556,6.048,99.3022,98.274,8.89551,0,0,2.15051,1.84811,0,1.6615,3.38688
85.139,85.139,8.0508,0.36,0.04,2.87908,3.18148,0,0.539548,6.048,99.3022,98.274,9.21511,0,0,2.15049,1.84809,0,1.66149,3.38688
85.139,85.139,6.27077,0.36,0.04,2.99529,3.29769,0,0.53954,6.048,99.3022,98.274,6.10717,0,0,2.22479,1.92239,0,1.66147,3.38688
85.139,85.139,5.82376,0.35,0.04,2.99524,3.29764,0,0.561317,6.048,99.3022,98.274,5.50698,0,0,2.22477,1.92237,0,1.71887,3.38688
85.139,85.139,4.90412,0.35,0.04,2.9952,3.2976,0,0.561309,6.048,99.3022,98.274,5.28401,0,0,2.22474,1.92234,0,1.71885,3.38688
85.139,85.139,4.18079,0.35,0.04,2.99516,3.29756,0,0.561301,6.048,99.3022,98.274,4.96585,0,0,2.22472,1.92232,0,1.71884,3.38688
85.139,85.139,4.9443,0.32,0.04,2.94967,3.25207,0,0.561293,6.048,99.3022,98.274,4.74929,0,0,2.19583,1.89343,0,1.71882,3.38688
85.139,85.139,3.90337,0.33,0.04,2.94963,3.25203,0,0.552768,6.048,99.3022,98.274,3.67513,0,0,2.1958,1.8934,0,1.69649,3.38688
85.139,85.139,3.43855,0.28,0.04,2.94958,3.25198,0,0.55276,6.048,99.3022,98.274,3.46885,0,0,2.19578,1.89338,0,1.69648,3.38688
85.139,85.139,3.89714,0.27,0.04,2.94954,3.25194,0,0.552752,6.048,99.3022,98.274,3.44184,0,0,2.19575,1.89335,0,1.69646,3.38688
85.139,85.139,3.38809,0.25,0.04,3.10376,3.40616,0,0.552744,6.048,99.3022,98.274,3.13797,0,0,2.29809,1.99569,0,1.69644,3.38688
85.0753,85.139,3.22143,0.21,0.04,3.10372,3.40612,0,0.581645,6.048,99.2966,98.274,2.9489,0,0,2.29807,1.99567,0,1.77551,3.38688
84.7019,85.139,2.86623,0.28,0.04,3.10367,3.40607,0,0.581636,6.048,99.2252,98.274,2.82244,0,0,2.29804,1.99564,0,1.77549,3.38688
84.2066,85.139,2.71443,0.25,0.04,3.10363,3.40603,0,0.581628,6.048,99.0601,98.274,2.68889,0,0,2.29801,1.99561,0,1.77547,3.38688
83.1267,85.139,2.12416,0.23,0.04,3.10358,3.40598,0,0.58162,6.048,98.7505,98.274,2.31723,0,0,2.29799,1.99559,0,1.77545,3.38688
81.6386,85.139,1.68099,0.21,0.04,3.07304,3.37544,0,0.581612,6.048,98.2035,98.274,2.10354,0,0,2.35422,2.05182,0,1.77543,3.38688
80.0248,85.139,1.5391,0.2,0.04,3.07299,3.37539,0,0.575887,6.048,97.655,98.274,1.87222,0,0,2.35419,2.05179,0,1.81887,3.38688
78.3244,85.139,1.41285,0.2,0.04,3.07295,3.37535,0,0.575879,6.048,96.9844,98.274,1.83055,0,0,2.35417,2.05177,0,1.81885,3.38688
76.5722,85.139,1.32844,0.25,0.04,3.07291,3.37531,0,0.575871,6.048,96.1361,98.274,1.73326,0,0,2.35414,2.05174,0,1.81883,3.38688
74.7102,85.139,1.27732,0.25,0.04,3.15163,3.45403,0,0.575862,6.048,95.2866,98.274,1.55761,0,0,2.40425,2.10185,0,1.81881,3.38688
72.7862,85.139,1.19602,0.25,0.04,3.15159,3.45399,0,0.590616,6.048,94.3275,98.274,1.55076,0,0,2.40422,2.10182,0,1.85752,3.38688
70.7478,85.139,1.06197,0.28,0.04,3.15154,3.45394,0,0.590608,6.048,93.3748,98.274,1.41909,0,0,2.40419,2.10179,0,1.8575,3.38688
68.64,85.139,0.962771,0.28,0.04,3.1515,3.4539,0,0.590599,6.048,92.4107,98.274,1.39021,0,0,2.40417,2.10177,0,1.85748,3.38688
66.0604,85.139,0.63096,0.28,0.04,3.38212,3.68452,0,0.590591,6.048,91.3632,98.274,1.28601,0,0,2.58509,2.28269,0,1.85746,3.38688
63.4911,85.139,0.606488,0.29,0.04,3.38208,3.68448,0,0.63381,6.048,90.4531,98.274,1.26117,0,0,2.58506,2.28266,0,1.99724,3.38688
61.2266,85.139,0.909398,0.29,0.04,3.38203,3.68443,0,0.633801,6.048,89.6827,98.274,1.49008,0,0,2.58503,2.28263,0,1.99722,3.38688
59.325,85.139,1.27487,0.32,0.04,3.38198,3.68438,0,0.633792,6.048,88.7293,98.274,1.66963,0,0,2.585,2.2826,0,1.9972,3.38688
56.9206,85.139,0.731019,0.32,0.04,3.38193,3.68433,0,0.633783,6.048,87.6529,98.274,1.07885,0,0,2.58497,2.28257,0,1.99717,3.38688
54.493,85.139,0.568056,0.32,0.04,3.26947,3.57187,0,0.633774,6.048,86.3279,98.274,1.12794,0,0,2.47512,2.17272,0,1.99715,3.38688
52.0229,85.139,0.490567,0.38,0.04,3.26943,3.57183,0,0.612699,6.048,84.9818,98.274,0.644666,0,0,2.47509,2.17269,0,1.91228,3.38688
49.597,85.139,0.509239,0.38,0.04,3.26938,3.57178,0,0.612691,6.048,83.8792,98.274,0.626336,0,0,2.47506,2.17266,0,1.91226,3.38688
48.0406,85.139,1.48071,0.46,0.04,3.26934,3.57174,0,0.612682,6.048,82.8688,98.274,1.18105,0,0,2.47504,2.17264,0,1.91223,3.38688
46.1751,85.139,1.01253,0.44,0.04,3.17702,3.47942,0,0.612674,6.048,81.715,98.274,0.783873,0,0,2.37505,2.07265,0,1.91221,3.38688
44.1809,85.139,0.835828,0.44,0.04,3.17698,3.47938,0,0.595374,6.048,81.2926,98.274,0.790731,0,0,2.37502,2.07262,0,1.83496,3.38688
43.4536,85.139,2.13581,0.49,0.04,3.17694,3.47934,0,0.595366,6.048,80.6121,98.274,2.33646,0,0,2.37499,2.07259,0,1.83494,3.38688
