0rest_m,1rest_m,0transf,1transf
1.000000,1.000000,0,-0
1.000000,1.000000,0,-0
1.000000,1.000000,0,-0
1.000000,1.000000,0,-0
1.000000,1.000000,0,-0
1.000000,1.000000,0,-0
1.000000,1.000000,0,-0
1.000000,1.000000,0,-0
1.000000,1.000000,0,-0
1.000000,1.000000,0,-0
1.000000,1.000000,0,-0
1.000000,1.000000,0,-0
1.000000,1.000000,0,-0
1.000000,1.000000,0,-0
1.000000,1.000000,0,-0
1.000000,1.000000,0,-0
1.000000,1.000000,0,-0
1.000000,1.000000,0,-0
1.000000,1.000000,0,-0
1.000000,1.000000,0,-0
1.000000,1.000000,0,-0
1.000000,1.000000,0,-0
1.000000,1.000000,0,-0
1.000000,1.000000,0,-0
1.000000,1.000000,0,-0
1.000000,1.000000,0,-0
1.000000,1.000000,0,-0
1.000000,1.000000,0,-0
1.000000,1.000000,0,-0
1.000000,1.000000,0,-0
1.000000,1.000000,0,-0
1.000000,1.000000,0,-0
1.000000,1.000000,0,-0
1.000000,1.000000,0,-0
1.000000,1.000000,0,-0
1.000000,1.000000,0,-0
1.000000,1.000000,0,-0
1.000000,1.000000,0,-0
1.000000,1.000000,0,-0
1.000000,1.000000,0,-0
1.000000,1.000000,0,-0
1.000000,1.000000,0,-0
1.000000,1.000000,0,-0
1.000000,1.000000,0,-0
1.000000,1.000000,0,-0
1.000000,1.000000,0,-0
1.000000,1.000000,0,-0
1.000000,1.000000,0,-0
1.000000,1.000000,0,-0
1.000000,1.000000,0,-0
1.000000,1.000000,0,-0
1.000000,1.000000,0,-0
1.000000,1.000000,0,-0
1.000000,1.000000,0,-0
1.000000,1.000000,0,-0
1.000000,1.000000,0,-0
1.000000,1.000000,0,-0
1.000000,1.000000,0,-0
1.000000,1.000000,0,-0
1.000000,1.000000,0,-0
1.000000,1.000000,0,-0
1.000000,1.000000,0,-0
1.000000,1.000000,0,-0
1.000000,1.000000,0,-0
1.000000,1.000000,0,-0
1.000000,1.000000,0,-0
1.000000,1.000000,0,-0
1.000000,1.000000,0,-0
1.000000,1.000000,0,-0
1.000000,1.000000,0,-0
1.000000,1.000000,0,-0
1.000000,1.000000,0,-0
1.000000,1.000000,0,-0
1.000000,1.000000,0,-0
1.000000,1.000000,0,-0
1.000000,1.000000,0,-0
1.000000,1.000000,0,-0
1.000000,1.000000,0,-0
1.000000,1.000000,0,-0
1.000000,1.000000,0,-0
1.000000,1.000000,0,-0
1.000000,1.000000,0,-0
1.000000,1.000000,0,-0
1.000000,1.000000,0,-0
1.000000,1.000000,0,-0
1.000000,1.000000,0,-0
1.000000,1.000000,0,-0
1.000000,1.000000,0,-0
1.000000,1.000000,0,-0
1.000000,1.000000,0,-0
1.000000,1.000000,0,-0
1.000000,1.000000,0,-0
1.000000,1.000000,0,-0
1.000000,1.000000,0,-0
1.000000,1.000000,0,-0
1.000000,1.000000,0,-0
1.000000,1.000000,0,-0
1.000000,1.000000,0,-0
1.000000,1.000000,0,-0
1.000000,1.000000,0,-0
1.000000,1.000000,0,-0
1.000000,1.000000,0,-0
1.000000,1.000000,0,-0
1.000000,1.000000,0,-0
1.000000,1.000000,0,-0
1.000000,1.000000,0,-0
1.000000,1.000000,0,-0
1.000000,1.000000,0,-0
1.000000,1.000000,0,-0
1.000000,1.000000,0,-0
1.000000,1.000000,0,-0
1.000000,1.000000,0,-0
1.000000,1.000000,0,-0
1.000000,1.000000,0,-0
1.000000,1.000000,0,-0
1.000000,1.000000,0,-0
1.000000,1.000000,0,-0
1.000000,1.000000,0,-0
1.000000,1.000000,0,-0
1.000000,1.000000,0,-0
1.000000,1.000000,0,-0
1.000000,1.000000,0,-0
1.000000,1.000000,0,-0
1.000000,1.000000,0,-0
1.000000,1.000000,0,-0
1.000000,1.000000,0,-0
1.000000,1.000000,0,-0
1.000000,1.000000,0,-0
1.000000,1.000000,0,-0
1.000000,1.000000,0,-0
1.000000,1.000000,0,-0
1.000000,1.000000,0,-0
1.000000,1.000000,0,-0
1.000000,1.000000,0,-0
1.000000,1.000000,0,-0
1.000000,1.000000,0,-0
1.000000,1.000000,0,-0
1.000000,1.000000,0,-0
1.000000,1.000000,0,-0
1.000000,1.000000,0,-0
1.000000,1.000000,0,-0
1.000000,1.000000,0,-0
1.000000,1.000000,0,-0
1.000000,1.000000,0,-0
1.000000,1.000000,0,-0
1.000000,1.000000,0,-0
1.000000,1.000000,0,-0
1.000000,1.000000,0.189119,-0.189119
1.000000,1.000000,0,-0
1.000000,1.000000,0,-0
1.000000,1.000000,0,-0
1.000000,1.000000,0,-0
1.000000,1.000000,0,-0
1.000000,1.000000,0,-0
1.000000,1.000000,0,-0
1.000000,1.000000,0,-0
1.000000,1.000000,0,-0
1.000000,1.000000,0,-0
1.000000,1.000000,0,-0
1.000000,1.000000,0,-0
1.000000,1.000000,0,-0
1.000000,1.000000,0,-0
1.000000,1.000000,0,-0
1.000000,1.000000,0,-0
1.000000,1.000000,0,-0
1.000000,1.000000,0,-0
1.000000,1.000000,0,-0
1.000000,1.000000,0,-0
1.000000,1.000000,0,-0
1.000000,1.000000,0,-0
1.000000,1.000000,0,-0
1.000000,1.000000,0,-0
1.000000,1.000000,0,-0
1.000000,1.000000,0,-0
1.000000,1.000000,0,-0
1.000000,1.000000,0,-0
1.000000,1.000000,0,-0
1.000000,1.000000,0,-0
1.000000,1.000000,0,-0
1.000000,1.000000,0,-0
1.000000,1.000000,0,-0
1.000000,1.000000,0,-0
1.000000,1.000000,0,-0
1.000000,1.000000,0,-0
1.000000,1.000000,0,-0
1.000000,1.000000,0,-0
1.000000,1.000000,0,-0
1.000000,1.000000,0,-0
1.000000,1.000000,0,-0
1.000000,1.000000,0,-0
1.000000,1.000000,0,-0
1.000000,1.000000,0,-0
1.000000,1.000000,0,-0
1.000000,1.000000,0,-0
1.000000,1.000000,0,-0
1.000000,1.000000,0,-0
1.000000,1.000000,0,-0
1.000000,1.000000,0,-0
1.000000,1.000000,0.162047,-0.162047
1.000000,1.000000,0.161517,-0.161517
1.000000,1.000000,0.224174,-0.224174
1.000000,1.000000,0,-0
1.000000,1.000000,0,-0
1.000000,1.000000,0,-0
1.000000,1.000000,0,-0
1.000000,1.000000,0,-0
1.000000,1.000000,0,-0
1.000000,1.000000,0,-0
1.000000,1.000000,0,-0
1.000000,1.000000,0,-0
1.000000,1.000000,0,-0
1.000000,1.000000,0,-0
1.000000,1.000000,0,-0
1.000000,1.000000,0,-0
1.000000,1.000000,0,-0
1.000000,1.000000,0,-0
1.000000,1.000000,0,-0
1.000000,1.000000,0,-0
1.000000,1.000000,0,-0
1.000000,1.000000,0,-0
1.000000,1.000000,0,-0
1.000000,1.000000,0,-0
1.000000,1.000000,0,-0
1.000000,1.000000,0,-0
1.000000,1.000000,0,-0
1.000000,1.000000,0,-0
1.000000,1.000000,0,-0
1.000000,1.000000,0,-0
1.000000,1.000000,0,-0
1.000000,1.000000,0,-0
1.000000,1.000000,0,-0
1.000000,1.000000,0,-0
1.000000,1.000000,0,-0
1.000000,1.000000,0,-0
1.000000,1.000000,0,-0
1.000000,1.000000,0,-0
1.000000,1.000000,0,-0
1.000000,1.000000,0,-0
1.000000,1.000000,0,-0
1.000000,1.000000,0,-0
1.000000,1.000000,0,-0
1.000000,1.000000,0,-0
1.000000,1.000000,0,-0
1.000000,1.000000,0,-0
1.000000,1.000000,0,-0
1.000000,1.000000,0,-0
1.000000,1.000000,0,-0
1.000000,1.000000,0.0660017,-0.0660017
1.000000,1.000000,0,-0
1.000000,1.000000,0.135616,-0.135616
1.000000,1.000000,0.135098,-0.135098
1.000000,1.000000,0,-0
1.000000,1.000000,0,-0
1.000000,1.000000,0,-0
1.000000,1.000000,0,-0
1.000000,1.000000,0,-0
1.000000,1.000000,0,-0
1.000000,1.000000,0,-0
1.000000,1.000000,0,-0
1.000000,1.000000,0,-0
1.000000,1.000000,0,-0
1.000000,1.000000,0,-0
1.000000,1.000000,0,-0
1.000000,1.000000,0,-0
1.000000,1.000000,0,-0
1.000000,1.000000,0,-0
1.000000,1.000000,0,-0
1.000000,1.000000,0,-0
1.000000,1.000000,0,-0
1.000000,1.000000,0,-0
1.000000,1.000000,0,-0
1.000000,1.000000,0,-0
1.000000,1.000000,0,-0
1.000000,1.000000,0,-0
1.000000,1.000000,0,-0
1.000000,1.000000,0,-0
1.000000,1.000000,0,-0
1.000000,1.000000,0,-0
1.000000,1.000000,0,-0
1.000000,1.000000,0,-0
1.000000,1.000000,0,-0
1.000000,1.000000,0,-0
1.000000,1.000000,0,-0
1.000000,1.000000,0,-0
1.000000,1.000000,0,-0
1.000000,1.000000,0,-0
1.000000,1.000000,0,-0
1.000000,1.000000,0,-0
1.000000,1.000000,0,-0
1.000000,1.000000,0,-0
1.000000,1.000000,0,-0
1.000000,1.000000,0,-0
1.000000,1.000000,0,-0
1.000000,1.000000,0,-0
1.000000,1.000000,0,-0
1.000000,1.000000,0,-0
1.000000,1.000000,0,-0
1.000000,1.000000,0.0394294,-0.0394294
1.000000,1.000000,0.0389002,-0.0389002
1.000000,1.000000,0.0383709,-0.0383709
1.000000,1.000000,0.109845,-0.109845
1.000000,1.000000,0,-0
1.000000,1.000000,0,-0
1.000000,1.000000,0,-0
1.000000,1.000000,0,-0
1.000000,1.000000,0,-0
1.000000,1.000000,0,-0
1.000000,1.000000,0,-0
1.000000,1.000000,0,-0
1.000000,1.000000,0,-0
1.000000,1.000000,0,-0
1.000000,1.000000,0,-0
1.000000,1.000000,0,-0
1.000000,1.000000,0,-0
1.000000,1.000000,0,-0
1.000000,1.000000,0,-0
1.000000,1.000000,0,-0
1.000000,1.000000,0,-0
1.000000,1.000000,0,-0
1.000000,1.000000,0,-0
1.000000,1.000000,0,-0
1.000000,1.000000,0,-0
1.000000,1.000000,0,-0
1.000000,1.000000,0,-0
1.000000,1.000000,0,-0
1.000000,1.000000,0,-0
1.000000,1.000000,0,-0
1.000000,1.000000,0,-0
1.000000,1.000000,0,-0
1.000000,1.000000,0,-0
1.000000,1.000000,0,-0
1.000000,1.000000,0,-0
1.000000,1.000000,0,-0
1.000000,1.000000,0,-0
1.000000,1.000000,0,-0
1.000000,1.000000,0,-0
1.000000,1.000000,0,-0
1.000000,1.000000,0,-0
1.000000,1.000000,0,-0
1.000000,1.000000,0,-0
1.000000,1.000000,0,-0
1.000000,1.000000,0,-0
1.000000,1.000000,0,-0
1.000000,1.000000,0,-0
1.000000,1.000000,0,-0
1.000000,1.000000,0,-0
1.000000,1.000000,0,-0
1.000000,1.000000,0.134575,-0.134575
1.000000,1.000000,0.0135456,-0.0135456
1.000000,1.000000,0.0130313,-0.0130313
1.000000,1.000000,0.0125168,-0.0125168
1.000000,1.000000,0.0120023,-0.0120023
1.000000,1.000000,0.0114877,-0.0114877
1.000000,1.000000,0.0842693,-0.0842693
1.000000,1.000000,0.0837793,-0.0837793
1.000000,1.000000,0.0832891,-0.0832891
1.000000,1.000000,0.0827989,-0.0827989
1.000000,1.000000,0.149117,-0.149117
1.000000,1.000000,0.148649,-0.148649
1.000000,1.000000,0.148181,-0.148181
1.000000,1.000000,0.147713,-0.147713
1.000000,1.000000,0.286575,-0.286575
1.000000,1.000000,0.286154,-0.286154
1.000000,1.000000,0.285732,-0.285732
1.000000,1.000000,0.285311,-0.285311
1.000000,1.000000,0.284889,-0.284889
1.000000,1.000000,0.244066,-0.244066
1.000000,1.000000,0.243648,-0.243648
1.000000,1.000000,0.24323,-0.24323
1.000000,1.000000,0.242811,-0.242811
1.000000,1.000000,0.0904862,-0.0904862
1.000000,1.000000,0.0900187,-0.0900187
1.000000,1.000000,0.089551,-0.089551
1.000000,1.000000,0.0890832,-0.0890832
0.906456,0.906456,0.29274,-0.29274
0.906456,0.906456,0.292338,-0.292338
1.000000,1.000000,0.291936,-0.291936
1.000000,1.000000,0.291534,-0.291534
1.000000,1.000000,0.291132,-0.291132
1.000000,1.000000,0.240713,-0.240713
1.000000,1.000000,0.240294,-0.240294
1.000000,1.000000,0.239876,-0.239876
1.000000,1.000000,0.239457,-0.239457
1.000000,1.000000,0.25849,-0.25849
1.000000,1.000000,0.258077,-0.258077
1.000000,1.000000,0.257664,-0.257664
1.000000,1.000000,0.257252,-0.257252
1.000000,1.000000,0.18777,-0.18777
1.000000,1.000000,0.187335,-0.187335
1.000000,1.000000,0.1869,-0.1869
1.000000,1.000000,0.186464,-0.186464
0.906456,0.906456,0.186029,-0.186029
1.000000,1.000000,0.14757,-0.14757
1.000000,1.000000,0.147123,-0.147123
1.000000,1.000000,0.146675,-0.146675
1.000000,1.000000,0.146227,-0.146227
1.000000,1.000000,0.111848,-0.111848
0.906456,0.906456,0.111389,-0.111389
0.906456,0.906456,0.11093,-0.11093
0.906456,0.906456,0.11047,-0.11047
0.906456,0.906456,0,-0
0.906456,0.906456,0,-0
0.906456,0.906456,0,-0
0.906456,0.906456,0,-0
0.906456,0.906456,0,-0
0.906456,0.906456,0.0594363,-0.0594363
0.906456,0.906456,0.0589606,-0.0589606
0.906456,0.906456,0.058485,-0.058485
0.906456,0.906456,0.0580093,-0.0580093
0.906456,0.906456,0.125482,-0.125482
0.906456,0.906456,0.125028,-0.125028
0.906456,0.906456,0.124574,-0.124574
0.906456,0.906456,0.124119,-0.124119
0.906456,0.906456,0.265364,-0.265364
0.906456,0.906456,0.264955,-0.264955
0.906456,0.906456,0.264546,-0.264546
0.906456,0.906456,0.264137,-0.264137
0.906456,0.906456,0.263728,-0.263728
0.906456,0.906456,0.222234,-0.222234
0.906456,0.906456,0.221828,-0.221828
0.906456,0.906456,0.221423,-0.221423
0.906456,0.906456,0.221018,-0.221018
0.906456,0.906456,0.0661446,-0.0661446
0.906456,0.906456,0.0656915,-0.0656915
0.906456,0.906456,0.0652383,-0.0652383
0.906456,0.906456,0.0647849,-0.0647849
0.906456,0.906456,0.271885,-0.271885
0.906456,0.906456,0.271496,-0.271496
0.906456,0.906456,0.271106,-0.271106
0.906456,0.906456,0.270717,-0.270717
0.906456,0.906456,0.270327,-0.270327
1.000000,1.000000,0.219083,-0.219083
1.000000,1.000000,0.218678,-0.218678
1.000000,1.000000,0.218272,-0.218272
1.000000,1.000000,0.217867,-0.217867
1.000000,1.000000,0.237236,-0.237236
1.000000,1.000000,0.236837,-0.236837
1.000000,1.000000,0.236437,-0.236437
1.000000,1.000000,0.236037,-0.236037
1.000000,1.000000,0.165422,-0.165422
1.000000,1.000000,0.165,-0.165
1.000000,1.000000,0.164578,-0.164578
1.000000,1.000000,0,-0
1.000000,1.000000,0,-0
1.000000,1.000000,0,-0
1.000000,1.000000,0,-0
1.000000,1.000000,0.123794,-0.123794
1.000000,1.000000,0.12336,-0.12336
1.000000,1.000000,0.0884365,-0.0884365
1.000000,1.000000,0.0879917,-0.0879917
1.000000,1.000000,0.0875466,-0.0875466
1.000000,1.000000,0.0871016,-0.0871016
1.000000,1.000000,0,-0
1.000000,1.000000,0,-0
1.000000,1.000000,0,-0
1.000000,1.000000,0,-0
0.906456,0.906456,0,-0
1.000000,1.000000,0.0353658,-0.0353658
1.000000,1.000000,0.034905,-0.034905
1.000000,1.000000,0.0344443,-0.0344443
1.000000,1.000000,0.0339834,-0.0339834
1.000000,1.000000,0.102575,-0.102575
1.000000,1.000000,0.102135,-0.102135
1.000000,1.000000,0.101696,-0.101696
1.000000,1.000000,0.101256,-0.101256
1.000000,1.000000,0.244809,-0.244809
1.000000,1.000000,0,-0
1.000000,1.000000,0,-0
1.000000,1.000000,0,-0
1.000000,1.000000,0,-0
1.000000,1.000000,0,-0
1.000000,1.000000,0,-0
1.000000,1.000000,0,-0
1.000000,1.000000,0,-0
1.000000,1.000000,0,-0
1.000000,1.000000,0,-0
1.000000,1.000000,0,-0
1.000000,1.000000,0,-0
1.000000,1.000000,0,-0
1.000000,1.000000,0,-0
1.000000,1.000000,0,-0
1.000000,1.000000,0,-0
1.000000,1.000000,0,-0
1.000000,1.000000,0,-0
1.000000,1.000000,0,-0
1.000000,1.000000,0,-0
1.000000,1.000000,0,-0
1.000000,1.000000,0,-0
1.000000,1.000000,0,-0
1.000000,1.000000,0,-0
1.000000,1.000000,0,-0
1.000000,1.000000,0,-0
1.000000,1.000000,0,-0
1.000000,1.000000,0,-0
1.000000,1.000000,0,-0
1.000000,1.000000,0,-0
1.000000,1.000000,0,-0
1.000000,1.000000,0,-0
1.000000,1.000000,0,-0
1.000000,1.000000,0,-0
1.000000,1.000000,0,-0
1.000000,1.000000,0,-0
1.000000,1.000000,0,-0
1.000000,1.000000,0.0644817,-0.0644817
1.000000,1.000000,0,-0
1.000000,1.000000,0,-0
1.000000,1.000000,0,-0
1.000000,1.000000,0,-0
1.000000,1.000000,0,-0
1.000000,1.000000,0.0120705,-0.0120705
1.000000,1.000000,0.0116249,-0.0116249
1.000000,1.000000,0.011179,-0.011179
1.000000,1.000000,0.0107332,-0.0107332
1.000000,1.000000,0.0804093,-0.0804093
1.000000,1.000000,0.0799839,-0.0799839
1.000000,1.000000,0.0795583,-0.0795583
1.000000,1.000000,0.0791327,-0.0791327
1.000000,1.000000,0,-0
1.000000,1.000000,0,-0
1.000000,1.000000,0,-0
1.000000,1.000000,0,-0
1.000000,1.000000,0,-0
1.000000,1.000000,0,-0
1.000000,1.000000,0,-0
1.000000,1.000000,0,-0
1.000000,1.000000,0,-0
1.000000,1.000000,0,-0
1.000000,1.000000,0,-0
1.000000,1.000000,0,-0
1.000000,1.000000,0,-0
1.000000,1.000000,0,-0
1.000000,1.000000,0,-0
1.000000,1.000000,0,-0
1.000000,1.000000,0,-0
1.000000,1.000000,0,-0
1.000000,1.000000,0,-0
1.000000,1.000000,0,-0
1.000000,1.000000,0,-0
1.000000,1.000000,0,-0
1.000000,1.000000,0,-0
1.000000,1.000000,0,-0
1.000000,1.000000,0,-0
1.000000,1.000000,0,-0
1.000000,1.000000,0,-0
1.000000,1.000000,0,-0
1.000000,1.000000,0,-0
1.000000,1.000000,0,-0
1.000000,1.000000,0,-0
1.000000,1.000000,0,-0
1.000000,1.000000,0,-0
1.000000,1.000000,0.080205,-0.080205
1.000000,1.000000,0.0797984,-0.0797984
1.000000,1.000000,0.0438392,-0.0438392
1.000000,1.000000,0.0434225,-0.0434225
1.000000,1.000000,0.0430058,-0.0430058
1.000000,1.000000,0.042589,-0.042589
1.000000,1.000000,0,-0
0.906456,0.906456,0,-0
0.906456,0.906456,0,-0
0.906456,0.906456,0,-0
0.906456,0.906456,0,-0
0.906456,0.906456,0,-0
0.906456,0.906456,0,-0
0.906456,0.906456,0,-0
0.906456,0.906456,0,-0
0.906456,0.906456,0.0589535,-0.0589535
0.906456,0.906456,0.0585416,-0.0585416
0.906456,0.906456,0.0581297,-0.0581297
0.906456,0.906456,0.0577177,-0.0577177
0.906456,0.906456,0.20567,-0.20567
0.906456,0.906456,0.205299,-0.205299
0.906456,0.906456,0.204929,-0.204929
0.906456,0.906456,0.204558,-0.204558
0.906456,0.906456,0.204187,-0.204187
0.906456,0.906456,0.160804,-0.160804
0.906456,0.906456,0.160436,-0.160436
0.906456,0.906456,0.160069,-0.160069
0.906456,0.906456,0.159701,-0.159701
0.906456,0.906456,0,-0
0.906456,0.906456,0,-0
0.906456,0.906456,0,-0
0.906456,0.906456,0,-0
0.906456,0.906456,0.213214,-0.213214
0.906456,0.906456,0.212861,-0.212861
0.906456,0.906456,0.212508,-0.212508
0.906456,0.906456,0.212154,-0.212154
0.906456,0.906456,0.211801,-0.211801
0.906456,0.906456,0.158241,-0.158241
0.906456,0.906456,0.157873,-0.157873
0.906456,0.906456,0.157505,-0.157505
1.000000,1.000000,0.157137,-0.157137
1.000000,1.000000,0.177456,-0.177456
1.000000,1.000000,0.177093,-0.177093
1.000000,1.000000,0.176731,-0.176731
1.000000,1.000000,0.176368,-0.176368
0.906456,0.906456,0.102566,-0.102566
0.906456,0.906456,0.102184,-0.102184
0.906456,0.906456,0.101801,-0.101801
1.000000,1.000000,0.101419,-0.101419
1.000000,1.000000,0.101036,-0.101036
1.000000,1.000000,0.0602358,-0.0602358
1.000000,1.000000,0.0598423,-0.0598423
1.000000,1.000000,0.0594487,-0.0594487
1.000000,1.000000,0.059055,-0.059055
1.000000,1.000000,0.022602,-0.022602
0.906456,0.906456,0.0221986,-0.0221986
0.906456,0.906456,0.0217951,-0.0217951
0.906456,0.906456,0.0213916,-0.0213916
0.906456,0.906456,0,-0
0.906456,0.906456,0,-0
0.906456,0.906456,0,-0
0.906456,0.906456,0,-0
0.906456,0.906456,0,-0
0.906456,0.906456,0,-0
0.906456,0.906456,0,-0
0.906456,0.906456,0,-0
0.906456,0.906456,0,-0
0.906456,0.906456,0.0381775,-0.0381775
0.906456,0.906456,0.0377788,-0.0377788
0.906456,0.906456,0.0373799,-0.0373799
0.906456,0.906456,0.036981,-0.036981
0.906456,0.906456,0.187028,-0.187028
0.906456,0.906456,0.186669,-0.186669
0.906456,0.906456,0.18631,-0.18631
0.906456,0.906456,0.185951,-0.185951
0.906456,0.906456,0.185592,-0.185592
0.906456,0.906456,0.185592,-0.185592
0.906456,0.906456,0.14162,-0.14162
0.906456,0.906456,0.141265,-0.141265
0.906456,0.906456,0.140909,-0.140909
0.906456,0.906456,0.140554,-0.140554
1.000000,1.000000,0,-0
1.000000,1.000000,0,-0
1.000000,1.000000,0,-0
1.000000,1.000000,0,-0
1.000000,1.000000,0.194896,-0.194896
1.000000,1.000000,0.194554,-0.194554
1.000000,1.000000,0,-0
1.000000,1.000000,0,-0
1.000000,1.000000,0,-0
1.000000,1.000000,0,-0
1.000000,1.000000,0,-0
1.000000,1.000000,0,-0
1.000000,1.000000,0,-0
1.000000,1.000000,0,-0
1.000000,1.000000,0,-0
1.000000,1.000000,0,-0
1.000000,1.000000,0,-0
1.000000,1.000000,0,-0
1.000000,1.000000,0,-0
1.000000,1.000000,0,-0
1.000000,1.000000,0,-0
1.000000,1.000000,0,-0
1.000000,1.000000,0,-0
1.000000,1.000000,0,-0
1.000000,1.000000,0,-0
1.000000,1.000000,0,-0
1.000000,1.000000,0,-0
1.000000,1.000000,0.00166803,-0.00166803
1.000000,1.000000,0.00127798,-0.00127798
1.000000,1.000000,0.000887807,-0.000887807
1.000000,1.000000,0,-0
1.000000,1.000000,0,-0
1.000000,1.000000,0,-0
1.000000,1.000000,0,-0
1.000000,1.000000,0,-0
1.000000,1.000000,0,-0
1.000000,1.000000,0,-0
1.000000,1.000000,0,-0
1.000000,1.000000,0,-0
1.000000,1.000000,0.0180884,-0.0180884
1.000000,1.000000,0.017703,-0.017703
1.000000,1.000000,0.0173176,-0.0173176
1.000000,1.000000,0,-0
1.000000,1.000000,0,-0
1.000000,1.000000,0,-0
1.000000,1.000000,0,-0
1.000000,1.000000,0,-0
1.000000,1.000000,0,-0
1.000000,1.000000,0,-0
1.000000,1.000000,0,-0
1.000000,1.000000,0,-0
1.000000,1.000000,0,-0
1.000000,1.000000,0,-0
1.000000,1.000000,0,-0
1.000000,1.000000,0,-0
1.000000,1.000000,0,-0
1.000000,1.000000,0,-0
1.000000,1.000000,0,-0
1.000000,1.000000,0,-0
1.000000,1.000000,0,-0
1.000000,1.000000,0,-0
1.000000,1.000000,0,-0
1.000000,1.000000,0,-0
1.000000,1.000000,0,-0
1.000000,1.000000,0,-0
1.000000,1.000000,0,-0
1.000000,1.000000,0,-0
1.000000,1.000000,0,-0
1.000000,1.000000,0,-0
1.000000,1.000000,0,-0
1.000000,1.000000,0,-0
1.000000,1.000000,0,-0
1.000000,1.000000,0,-0
1.000000,1.000000,0,-0
1.000000,1.000000,0,-0
1.000000,1.000000,0,-0
1.000000,1.000000,0.0199743,-0.0199743
1.000000,1.000000,0.0196071,-0.0196071
1.000000,1.000000,0,-0
1.000000,1.000000,0,-0
1.000000,1.000000,0,-0
1.000000,1.000000,0,-0
1.000000,1.000000,0,-0
1.000000,1.000000,0,-0
0.906456,0.906456,0,-0
1.000000,1.000000,0,-0
1.000000,1.000000,0,-0
1.000000,1.000000,0,-0
1.000000,1.000000,0,-0
0.906456,0.906456,0,-0
1.000000,1.000000,0,-0
1.000000,1.000000,0,-0
1.000000,1.000000,0,-0
1.000000,1.000000,0,-0
0.906456,0.906456,0,-0
0.906456,0.906456,0.151608,-0.151608
1.000000,1.000000,0.151273,-0.151273
1.000000,1.000000,0.150938,-0.150938
1.000000,1.000000,0.150604,-0.150604
1.000000,1.000000,0.150269,-0.150269
1.000000,1.000000,0,-0
1.000000,1.000000,0,-0
1.000000,1.000000,0,-0
1.000000,1.000000,0.104188,-0.104188
1.000000,1.000000,0,-0
1.000000,1.000000,0,-0
1.000000,1.000000,0,-0
1.000000,1.000000,0,-0
1.000000,1.000000,0,-0
1.000000,1.000000,0,-0
1.000000,1.000000,0,-0
1.000000,1.000000,0,-0
1.000000,1.000000,0,-0
1.000000,1.000000,0,-0
1.000000,1.000000,0,-0
1.000000,1.000000,0,-0
1.000000,1.000000,0,-0
1.000000,1.000000,0,-0
1.000000,1.000000,0,-0
1.000000,1.000000,0,-0
1.000000,1.000000,0,-0
1.000000,1.000000,0,-0
1.000000,1.000000,0,-0
1.000000,1.000000,0,-0
1.000000,1.000000,0,-0
1.000000,1.000000,0,-0
1.000000,1.000000,0,-0
1.000000,1.000000,0.00163215,-0.00163215
1.000000,1.000000,0.00127857,-0.00127857
1.000000,1.000000,0.000924881,-0.000924881
1.000000,1.000000,0,-0
1.000000,1.000000,0,-0
1.000000,1.000000,0,-0
1.000000,1.000000,0,-0
0.906456,0.906456,0,-0
0.906456,0.906456,0,-0
0.906456,0.906456,0,-0
1.000000,1.000000,0,-0
0.906456,0.906456,0,-0
0.906456,0.906456,0,-0
0.906456,0.906456,0,-0
0.906456,0.906456,0,-0
0.906456,0.906456,0,-0
0.906456,0.906456,0,-0
0.906456,0.906456,0,-0
0.906456,0.906456,0,-0
1.000000,1.000000,0,-0
1.000000,1.000000,0.134851,-0.134851
1.000000,1.000000,0.134528,-0.134528
1.000000,1.000000,0.134206,-0.134206
1.000000,1.000000,0.133884,-0.133884
1.000000,1.000000,0.133561,-0.133561
1.000000,1.000000,0,-0
1.000000,1.000000,0,-0
1.000000,1.000000,0,-0
1.000000,1.000000,0,-0
1.000000,1.000000,0,-0
1.000000,1.000000,0,-0
1.000000,1.000000,0,-0
1.000000,1.000000,0,-0
1.000000,1.000000,0,-0
1.000000,1.000000,0,-0
1.000000,1.000000,0,-0
1.000000,1.000000,0,-0
1.000000,1.000000,0,-0
1.000000,1.000000,0,-0
1.000000,1.000000,0,-0
1.000000,1.000000,0,-0
1.000000,1.000000,0,-0
1.000000,1.000000,0,-0
1.000000,1.000000,0,-0
1.000000,1.000000,0,-0
1.000000,1.000000,0,-0
1.000000,1.000000,0,-0
1.000000,1.000000,0,-0
1.000000,1.000000,0,-0
1.000000,1.000000,0,-0
1.000000,1.000000,0,-0
1.000000,1.000000,0,-0
1.000000,1.000000,0,-0
1.000000,1.000000,0,-0
1.000000,1.000000,0,-0
1.000000,1.000000,0,-0
1.000000,1.000000,0,-0
1.000000,1.000000,0,-0
0.981291,0.981291,0,-0
0.981291,0.981291,0,-0
0.981291,0.981291,0,-0
0.981291,0.981291,0,-0
0.981291,0.981291,0,-0
1.000000,1.000000,0,-0
1.000000,1.000000,0,-0
1.000000,1.000000,0,-0
1.000000,1.000000,0,-0
1.000000,1.000000,0,-0
1.000000,1.000000,0,-0
1.000000,1.000000,0,-0
1.000000,1.000000,0,-0
1.000000,1.000000,0,-0
1.000000,1.000000,0.118761,-0.118761
1.000000,1.000000,0.118452,-0.118452
1.000000,1.000000,0.118142,-0.118142
1.000000,1.000000,0.117833,-0.117833
1.000000,1.000000,0.117523,-0.117523
1.000000,1.000000,0.071402,-0.071402
1.000000,1.000000,0.0710985,-0.0710985
1.000000,1.000000,0,-0
1.000000,1.000000,0,-0
1.000000,1.000000,0,-0
1.000000,1.000000,0,-0
1.000000,1.000000,0,-0
1.000000,1.000000,0,-0
1.000000,1.000000,0,-0
1.000000,1.000000,0.127608,-0.127608
1.000000,1.000000,0.127317,-0.127317
1.000000,1.000000,0,-0
1.000000,1.000000,0,-0
1.000000,1.000000,0,-0
1.000000,1.000000,0.0695128,-0.0695128
1.000000,1.000000,0.0692092,-0.0692092
1.000000,1.000000,0.0689054,-0.0689054
1.000000,1.000000,0,-0
1.000000,1.000000,0,-0
1.000000,1.000000,0,-0
1.000000,1.000000,0,-0
1.000000,1.000000,0,-0
1.000000,1.000000,0,-0
1.000000,1.000000,0,-0
1.000000,1.000000,0.0103478,-0.0103478
1.000000,1.000000,0.0100321,-0.0100321
1.000000,1.000000,0,-0
1.000000,1.000000,0,-0
1.000000,1.000000,0,-0
1.000000,1.000000,0,-0
1.000000,1.000000,0,-0
1.000000,1.000000,0,-0
1.000000,1.000000,0,-0
0.906456,0.906456,0,-0
0.906456,0.906456,0,-0
0.906456,0.906456,0,-0
0.906456,0.906456,0,-0
0.906456,0.906456,0,-0
0.906456,0.906456,0,-0
0.906456,0.906456,0,-0
0.906456,0.906456,0,-0
0.906456,0.906456,0,-0
0.906456,0.906456,0,-0
0.906456,0.906456,0,-0
0.906456,0.906456,0,-0
0.906456,0.906456,0,-0
0.906456,0.906456,0,-0
0.906456,0.906456,0.103366,-0.103366
0.906456,0.906456,0.10307,-0.10307
0.906456,0.906456,0.102774,-0.102774
0.906456,0.906456,0.102478,-0.102478
0.906456,0.906456,0.102182,-0.102182
0.906456,0.906456,0.055579,-0.055579
1.000000,1.000000,0.0552893,-0.0552893
1.000000,1.000000,0.0549996,-0.0549996
1.000000,1.000000,0.05471,-0.05471
1.000000,1.000000,0,-0
1.000000,1.000000,0,-0
1.000000,1.000000,0,-0
1.000000,1.000000,0,-0
1.000000,1.000000,0.11282,-0.11282
1.000000,1.000000,0.112542,-0.112542
1.000000,1.000000,0.112264,-0.112264
1.000000,1.000000,0.111986,-0.111986
1.000000,1.000000,0.111707,-0.111707
1.000000,1.000000,0.0542,-0.0542
1.000000,1.000000,0,-0
1.000000,1.000000,0,-0
1.000000,1.000000,0,-0
1.000000,1.000000,0,-0
1.000000,1.000000,0,-0
1.000000,1.000000,0,-0
1.000000,1.000000,0,-0
1.000000,1.000000,0,-0
1.000000,1.000000,0,-0
1.000000,1.000000,0,-0
1.000000,1.000000,0,-0
1.000000,1.000000,0,-0
1.000000,1.000000,0,-0
1.000000,1.000000,0,-0
1.000000,1.000000,0,-0
1.000000,1.000000,0,-0
1.000000,1.000000,0,-0
1.000000,1.000000,0,-0
1.000000,1.000000,0,-0
0.906456,0.906456,0,-0
0.906456,0.906456,0,-0
0.906456,0.906456,0,-0
0.906456,0.906456,0,-0
0.906456,0.906456,0,-0
0.906456,0.906456,0,-0
0.906456,0.906456,0,-0
0.906456,0.906456,0,-0
0.906456,0.906456,0,-0
0.906456,0.906456,0,-0
0.906456,0.906456,0,-0
0.906456,0.906456,0,-0
0.906456,0.906456,0,-0
0.906456,0.906456,0,-0
0.906456,0.906456,0.0886772,-0.0886772
0.906456,0.906456,0.0883951,-0.0883951
0.906456,0.906456,0.0881128,-0.0881128
0.906456,0.906456,0.0878305,-0.0878305
0.906456,0.906456,0.0875482,-0.0875482
0.906456,0.906456,0.0875482,-0.0875482
0.906456,0.906456,0.0404856,-0.0404856
0.906456,0.906456,0.0402099,-0.0402099
0.906456,0.906456,0.0399343,-0.0399343
0.906456,0.906456,0.0396586,-0.0396586
0.906456,0.906456,0,-0
0.906456,0.906456,0,-0
0.906456,0.906456,0,-0
0.906456,0.906456,0,-0
0.906456,0.906456,0.0984419,-0.0984419
1.000000,1.000000,0.0981771,-0.0981771
1.000000,1.000000,0.0979124,-0.0979124
1.000000,1.000000,0.0976475,-0.0976475
1.000000,1.000000,0.0973826,-0.0973826
1.000000,1.000000,0.0393134,-0.0393134
1.000000,1.000000,0.0390379,-0.0390379
1.000000,1.000000,0.0387623,-0.0387623
1.000000,1.000000,0,-0
1.000000,1.000000,0,-0
1.000000,1.000000,0,-0
1.000000,1.000000,0,-0
1.000000,1.000000,0,-0
1.000000,1.000000,0,-0
1.000000,1.000000,0,-0
1.000000,1.000000,0,-0
1.000000,1.000000,0,-0
1.000000,1.000000,0,-0
1.000000,1.000000,0,-0
1.000000,1.000000,0,-0
1.000000,1.000000,0,-0
1.000000,1.000000,0,-0
1.000000,1.000000,0,-0
1.000000,1.000000,0,-0
0.906456,0.906456,0,-0
0.906456,0.906456,0,-0
0.906456,0.906456,0,-0
0.906456,0.906456,0,-0
0.906456,0.906456,0,-0
0.906456,0.906456,0,-0
0.906456,0.906456,0,-0
0.906456,0.906456,0,-0
0.906456,0.906456,0,-0
0.906456,0.906456,0,-0
0.906456,0.906456,0,-0
0.906456,0.906456,0,-0
0.906456,0.906456,0,-0
0.906456,0.906456,0,-0
0.906456,0.906456,0,-0
0.906456,0.906456,0.0746998,-0.0746998
0.906456,0.906456,0.0744314,-0.0744314
0.906456,0.906456,0.0741629,-0.0741629
0.906456,0.906456,0.0738944,-0.0738944
0.906456,0.906456,0.0736259,-0.0736259
0.906456,0.906456,0.0261273,-0.0261273
0.906456,0.906456,0.025866,-0.025866
0.906456,0.906456,0.0256045,-0.0256045
0.906456,0.906456,0.0253431,-0.0253431
0.906456,0.906456,0,-0
0.906456,0.906456,0,-0
0.906456,0.906456,0,-0
1.000000,1.000000,0,-0
1.000000,1.000000,0.0847705,-0.0847705
1.000000,1.000000,0.0845194,-0.0845194
1.000000,1.000000,0.0842683,-0.0842683
1.000000,1.000000,0.0840172,-0.0840172
1.000000,1.000000,0.083766,-0.083766
1.000000,1.000000,0.0251635,-0.0251635
1.000000,1.000000,0.0249022,-0.0249022
1.000000,1.000000,0.0246407,-0.0246407
1.000000,1.000000,0,-0
1.000000,1.000000,0,-0
1.000000,1.000000,0,-0
1.000000,1.000000,0,-0
1.000000,1.000000,0,-0
1.000000,1.000000,0,-0
1.000000,1.000000,0,-0
1.000000,1.000000,0,-0
1.000000,1.000000,0,-0
1.000000,1.000000,0,-0
1.000000,1.000000,0,-0
1.000000,1.000000,0,-0
1.000000,1.000000,0,-0
1.000000,1.000000,0,-0
1.000000,1.000000,0,-0
0.906456,0.906456,0,-0
0.906456,0.906456,0,-0
0.906456,0.906456,0,-0
0.906456,0.906456,0,-0
0.906456,0.906456,0,-0
0.906456,0.906456,0,-0
0.906456,0.906456,0,-0
0.906456,0.906456,0,-0
0.906456,0.906456,0,-0
0.906456,0.906456,0,-0
0.906456,0.906456,0,-0
0.906456,0.906456,0,-0
0.906456,0.906456,0,-0
0.906456,0.906456,0,-0
0.906456,0.906456,0,-0
0.906456,0.906456,0,-0
0.906456,0.906456,0.0614435,-0.0614435
0.906456,0.906456,0.061189,-0.061189
0.906456,0.906456,0.0609345,-0.0609345
0.906456,0.906456,0.0606798,-0.0606798
0.906456,0.906456,0.0604253,-0.0604253
0.906456,0.906456,0.0125145,-0.0125145
0.906456,0.906456,0.0122679,-0.0122679
0.906456,0.906456,0.0120212,-0.0120212
0.906456,0.906456,0.0117745,-0.0117745
0.906456,0.906456,0,-0
0.906456,0.906456,0,-0
0.906456,0.906456,0,-0
0.906456,0.906456,0,-0
0.906456,0.906456,0.071818,-0.071818
0.906456,0.906456,0.0715811,-0.0715811
0.906456,0.906456,0.0713441,-0.0713441
0.906456,0.906456,0.0711071,-0.0711071
0.906456,0.906456,0.0708701,-0.0708701
0.906456,0.906456,0.0117635,-0.0117635
0.906456,0.906456,0.0115169,-0.0115169
0.906456,0.906456,0.0112703,-0.0112703
0.906456,0.906456,0.0110237,-0.0110237
1.000000,1.000000,0.0336562,-0.0336562
0.906456,0.906456,0.0334131,-0.0334131
1.000000,1.000000,0.0331702,-0.0331702
1.000000,1.000000,0.0329271,-0.0329271
1.000000,1.000000,0,-0
1.000000,1.000000,0,-0
0.906456,0.906456,0,-0
0.906456,0.906456,0,-0
0.906456,0.906456,0,-0
0.906456,0.906456,0,-0
0.906456,0.906456,0,-0
0.906456,0.906456,0,-0
0.906456,0.906456,0,-0
0.906456,0.906456,0,-0
0.906456,0.906456,0,-0
0.906456,0.906456,0,-0
0.906456,0.906456,0,-0
0.906456,0.906456,0,-0
0.906456,0.906456,0,-0
0.906456,0.906456,0,-0
0.906456,0.906456,0,-0
0.906456,0.906456,0,-0
0.906456,0.906456,0,-0
0.906456,0.906456,0,-0
0.906456,0.906456,0,-0
0.906456,0.906456,0,-0
0.906456,0.906456,0,-0
0.906456,0.906456,0,-0
0.906456,0.906456,0,-0
0.906456,0.906456,0,-0
0.906456,0.906456,0.0489294,-0.0489294
0.906456,0.906456,0.0486893,-0.0486893
0.906456,0.906456,0.0484491,-0.0484491
0.906456,0.906456,0.048209,-0.048209
0.906456,0.906456,0.0479688,-0.0479688
0.906456,0.906456,0,-0
0.906456,0.906456,0,-0
0.906456,0.906456,0,-0
0.906456,0.906456,0,-0
0.906456,0.906456,0,-0
0.906456,0.906456,0,-0
0.906456,0.906456,0,-0
0.906456,0.906456,0,-0
0.906456,0.906456,0.0596042,-0.0596042
0.906456,0.906456,0.0593815,-0.0593815
0.906456,0.906456,0.0591589,-0.0591589
1.000000,1.000000,0.0589362,-0.0589362
1.000000,1.000000,0.0587135,-0.0587135
1.000000,1.000000,0,-0
1.000000,1.000000,0,-0
1.000000,1.000000,0,-0
1.000000,1.000000,0,-0
1.000000,1.000000,0,-0
1.000000,1.000000,0,-0
1.000000,1.000000,0,-0
1.000000,1.000000,0,-0
1.000000,1.000000,0,-0
1.000000,1.000000,0,-0
1.000000,1.000000,0,-0
1.000000,1.000000,0,-0
1.000000,1.000000,0,-0
1.000000,1.000000,0,-0
1.000000,1.000000,0,-0
1.000000,1.000000,0,-0
1.000000,1.000000,0,-0
1.000000,1.000000,0,-0
1.000000,1.000000,0,-0
1.000000,1.000000,0,-0
0.906456,0.906456,0,-0
0.906456,0.906456,0,-0
0.906456,0.906456,0,-0
0.906456,0.906456,0,-0
0.906456,0.906456,0,-0
0.906456,0.906456,0,-0
0.906456,0.906456,0,-0
0.906456,0.906456,0,-0
0.906456,0.906456,0,-0
0.906456,0.906456,0,-0
0.906456,0.906456,0,-0
0.906456,0.906456,0,-0
0.906456,0.906456,0,-0
0.906456,0.906456,0,-0
0.906456,0.906456,0.0371672,-0.0371672
0.906456,0.906456,0.0369417,-0.0369417
0.906456,0.906456,0.036716,-0.036716
0.906456,0.906456,0.0364904,-0.0364904
0.906456,0.906456,0.0362648,-0.0362648
0.906456,0.906456,0,-0
0.906456,0.906456,0,-0
0.906456,0.906456,0,-0
0.906456,0.906456,0,-0
0.906456,0.906456,0,-0
0.981291,0.981291,0,-0
0.981291,0.981291,0,-0
1.000000,1.000000,0,-0
1.000000,1.000000,0.0481338,-0.0481338
1.000000,1.000000,0.0479252,-0.0479252
1.000000,1.000000,0.0477164,-0.0477164
1.000000,1.000000,0.0475078,-0.0475078
1.000000,1.000000,0,-0
1.000000,1.000000,0,-0
1.000000,1.000000,0,-0
1.000000,1.000000,0,-0
1.000000,1.000000,0,-0
1.000000,1.000000,0,-0
1.000000,1.000000,0,-0
1.000000,1.000000,0,-0
1.000000,1.000000,0,-0
1.000000,1.000000,0,-0
1.000000,1.000000,0,-0
1.000000,1.000000,0,-0
1.000000,1.000000,0,-0
1.000000,1.000000,0,-0
1.000000,1.000000,0,-0
1.000000,1.000000,0,-0
1.000000,1.000000,0,-0
1.000000,1.000000,0,-0
1.000000,1.000000,0,-0
1.000000,1.000000,0,-0
1.000000,1.000000,0,-0
0.906456,0.906456,0,-0
0.906456,0.906456,0,-0
0.906456,0.906456,0,-0
0.906456,0.906456,0,-0
0.906456,0.906456,0,-0
0.906456,0.906456,0,-0
0.906456,0.906456,0,-0
0.906456,0.906456,0,-0
0.906456,0.906456,0,-0
0.906456,0.906456,0,-0
0.906456,0.906456,0,-0
0.906456,0.906456,0,-0
0.906456,0.906456,0,-0
0.906456,0.906456,0,-0
1.000000,1.000000,0.0261447,-0.0261447
1.000000,1.000000,0.0259334,-0.0259334
1.000000,1.000000,0.0257221,-0.0257221
1.000000,1.000000,0.0255107,-0.0255107
1.000000,1.000000,0.0252994,-0.0252994
1.000000,1.000000,0,-0
1.000000,1.000000,0,-0
1.000000,1.000000,0,-0
0.981291,0.981291,0,-0
0.981291,0.981291,0,-0
0.981291,0.981291,0,-0
0.981291,0.981291,0,-0
1.000000,1.000000,0,-0
1.000000,1.000000,0,-0
1.000000,1.000000,0,-0
1.000000,1.000000,0,-0
1.000000,1.000000,0,-0
1.000000,1.000000,0,-0
1.000000,1.000000,0,-0
1.000000,1.000000,0,-0
1.000000,1.000000,0,-0
1.000000,1.000000,0,-0
1.000000,1.000000,0,-0
1.000000,1.000000,0,-0
1.000000,1.000000,0,-0
1.000000,1.000000,0,-0
1.000000,1.000000,0,-0
1.000000,1.000000,0,-0
1.000000,1.000000,0,-0
1.000000,1.000000,0,-0
1.000000,1.000000,0,-0
1.000000,1.000000,0,-0
1.000000,1.000000,0,-0
1.000000,1.000000,0,-0
1.000000,1.000000,0,-0
1.000000,1.000000,0,-0
0.906456,0.906456,0,-0
0.906456,0.906456,0,-0
0.906456,0.906456,0,-0
0.906456,0.906456,0,-0
0.906456,0.906456,0,-0
0.906456,0.906456,0,-0
0.906456,0.906456,0,-0
0.906456,0.906456,0,-0
0.906456,0.906456,0,-0
0.906456,0.906456,0,-0
0.906456,0.906456,0,-0
0.906456,0.906456,0,-0
0.906456,0.906456,0,-0
0.906456,0.906456,0,-0
0.906456,0.906456,0,-0
0.906456,0.906456,0,-0
0.906456,0.906456,0.0158531,-0.0158531
0.906456,0.906456,0.0156559,-0.0156559
0.906456,0.906456,0.0154586,-0.0154586
0.906456,0.906456,0.0152615,-0.0152615
0.906456,0.906456,0.0150642,-0.0150642
0.906456,0.906456,0.0150642,-0.0150642
0.906456,0.906456,0,-0
0.906456,0.906456,0,-0
0.906456,0.906456,0,-0
0.906456,0.906456,0,-0
0.906456,0.906456,0,-0
0.906456,0.906456,0,-0
0.906456,0.906456,0,-0
0.906456,0.906456,0,-0
0.906456,0.906456,0.0273769,-0.0273769
0.906456,0.906456,0.027196,-0.027196
0.906456,0.906456,0.0270151,-0.0270151
1.000000,1.000000,0.0268342,-0.0268342
1.000000,1.000000,0.0266532,-0.0266532
1.000000,1.000000,0,-0
1.000000,1.000000,0,-0
1.000000,1.000000,0,-0
1.000000,1.000000,0,-0
1.000000,1.000000,0,-0
1.000000,1.000000,0,-0
1.000000,1.000000,0,-0
1.000000,1.000000,0,-0
1.000000,1.000000,0,-0
1.000000,1.000000,0,-0
1.000000,1.000000,0,-0
1.000000,1.000000,0,-0
1.000000,1.000000,0,-0
1.000000,1.000000,0,-0
1.000000,1.000000,0,-0
1.000000,1.000000,0,-0
0.906456,0.906456,0,-0
0.981291,0.981291,0,-0
0.906456,0.906456,0,-0
0.906456,0.906456,0,-0
0.906456,0.906456,0,-0
0.906456,0.906456,0,-0
0.906456,0.906456,0,-0
0.906456,0.906456,0,-0
0.906456,0.906456,0,-0
0.906456,0.906456,0,-0
0.906456,0.906456,0,-0
0.906456,0.906456,0,-0
0.906456,0.906456,0,-0
0.906456,0.906456,0,-0
0.906456,0.906456,0,-0
0.906456,0.906456,0,-0
0.906456,0.906456,0,-0
0.906456,0.906456,0,-0
0.906456,0.906456,0.00629037,-0.00629037
0.906456,0.906456,0.00610727,-0.00610727
0.906456,0.906456,0.00592404,-0.00592404
0.906456,0.906456,0.00574094,-0.00574094
0.906456,0.906456,0.00555771,-0.00555771
0.906456,0.906456,0,-0
0.906456,0.906456,0,-0
0.906456,0.906456,0,-0
0.906456,0.906456,0,-0
0.906456,0.906456,0,-0
0.906456,0.906456,0,-0
0.906456,0.906456,0,-0
0.906456,0.906456,0,-0
0.906456,0.906456,0.0180824,-0.0180824
0.906456,0.906456,0.0179154,-0.0179154
0.906456,0.906456,0.0177483,-0.0177483
0.906456,0.906456,0.0175813,-0.0175813
0.906456,0.906456,0.0174141,-0.0174141
0.906456,0.906456,0,-0
0.906456,0.906456,0,-0
0.906456,0.906456,0,-0
0.906456,0.906456,0,-0
0.906456,0.906456,0,-0
0.906456,0.906456,0,-0
0.906456,0.906456,0,-0
0.906456,0.906456,0,-0
0.906456,0.906456,0,-0
0.906456,0.906456,0,-0
0.906456,0.906456,0,-0
0.906456,0.906456,0,-0
0.906456,0.906456,0,-0
0.906456,0.906456,0,-0
0.906456,0.906456,0,-0
0.906456,0.906456,0,-0
0.906456,0.906456,0,-0
0.906456,0.906456,0,-0
0.906456,0.906456,0,-0
0.906456,0.906456,0,-0
0.906456,0.906456,0,-0
0.906456,0.906456,0,-0
0.906456,0.906456,0,-0
0.906456,0.906456,0,-0
0.906456,0.906456,0,-0
0.906456,0.906456,0,-0
0.906456,0.906456,0,-0
0.906456,0.906456,0,-0
0.906456,0.906456,0,-0
0.906456,0.906456,0,-0
0.906456,0.906456,0,-0
0.906456,0.906456,0,-0
0.906456,0.906456,0,-0
0.906456,0.906456,0,-0
0.906456,0.906456,0,-0
0.906456,0.906456,0,-0
0.906456,0.906456,0,-0
0.906456,0.906456,0,-0
0.906456,0.906456,0,-0
0.906456,0.906456,0,-0
0.906456,0.906456,0,-0
0.906456,0.906456,0,-0
0.906456,0.906456,0,-0
0.906456,0.906456,0,-0
0.906456,0.906456,0,-0
0.906456,0.906456,0,-0
0.906456,0.906456,0,-0
0.906456,0.906456,0.00951045,-0.00951045
0.906456,0.906456,0.00935715,-0.00935715
0.906456,0.906456,0.00920397,-0.00920397
0.906456,0.906456,0.00905066,-0.00905066
0.906456,0.906456,0.00889748,-0.00889748
0.906456,0.906456,0,-0
0.906456,0.906456,0,-0
0.906456,0.906456,0,-0
0.906456,0.906456,0,-0
0.906456,0.906456,0,-0
0.906456,0.906456,0,-0
1.000000,1.000000,0,-0
1.000000,1.000000,0,-0
1.000000,1.000000,0,-0
1.000000,1.000000,0,-0
0.906456,0.906456,0,-0
0.906456,0.906456,0,-0
0.906456,0.906456,0,-0
0.906456,0.906456,0,-0
0.906456,0.906456,0,-0
0.906456,0.906456,0,-0
0.906456,0.906456,0,-0
0.906456,0.906456,0,-0
0.906456,0.906456,0,-0
0.906456,0.906456,0,-0
0.906456,0.906456,0,-0
0.906456,0.906456,0,-0
0.906456,0.906456,0,-0
0.906456,0.906456,0,-0
0.906456,0.906456,0,-0
0.906456,0.906456,0,-0
0.906456,0.906456,0,-0
0.906456,0.906456,0,-0
0.906456,0.906456,0,-0
0.906456,0.906456,0,-0
0.906456,0.906456,0,-0
0.906456,0.906456,0,-0
0.906456,0.906456,0,-0
0.906456,0.906456,0,-0
0.906456,0.906456,0,-0
0.906456,0.906456,0,-0
0.906456,0.906456,0,-0
0.906456,0.906456,0,-0
0.906456,0.906456,0,-0
0.906456,0.906456,0,-0
0.906456,0.906456,0,-0
0.906456,0.906456,0,-0
0.906456,0.906456,0,-0
0.906456,0.906456,0,-0
0.906456,0.906456,0,-0
0.906456,0.906456,0,-0
0.906456,0.906456,0,-0
0.906456,0.906456,0.00165647,-0.00165647
0.906456,0.906456,0.00151687,-0.00151687
0.906456,0.906456,0.00137728,-0.00137728
0.906456,0.906456,0.00123769,-0.00123769
0.906456,0.906456,0.00109809,-0.00109809
0.906456,0.906456,0,-0
0.906456,0.906456,0,-0
0.906456,0.906456,0,-0
0.906456,0.906456,0,-0
0.906456,0.906456,0,-0
0.906456,0.906456,0,-0
1.000000,1.000000,0,-0
1.000000,1.000000,0,-0
1.000000,1.000000,0,-0
1.000000,1.000000,0,-0
1.000000,1.000000,0,-0
0.906456,0.906456,0,-0
0.906456,0.906456,0,-0
0.906456,0.906456,0,-0
1.000000,1.000000,0,-0
1.000000,1.000000,0,-0
0.981291,0.981291,0,-0
0.981291,0.981291,0,-0
0.906456,0.906456,0,-0
0.906456,0.906456,0,-0
0.906456,0.906456,0,-0
0.906456,0.906456,0,-0
0.906456,0.906456,0,-0
0.906456,0.906456,0,-0
0.906456,0.906456,0,-0
0.906456,0.906456,0,-0
0.906456,0.906456,0,-0
0.906456,0.906456,0,-0
0.906456,0.906456,0,-0
0.981291,0.981291,0,-0
0.906456,0.906456,0,-0
0.906456,0.906456,0,-0
0.906456,0.906456,0,-0
0.906456,0.906456,0,-0
0.906456,0.906456,0,-0
0.906456,0.906456,0,-0
0.906456,0.906456,0,-0
0.906456,0.906456,0,-0
0.906456,0.906456,0,-0
0.906456,0.906456,0,-0
0.906456,0.906456,0,-0
0.906456,0.906456,0,-0
0.906456,0.906456,0,-0
0.981291,0.981291,0,-0
0.906456,0.906456,0,-0
0.981291,0.981291,0,-0
1.000000,1.000000,0,-0
1.000000,1.000000,0,-0
1.000000,1.000000,0,-0
1.000000,1.000000,0,-0
1.000000,1.000000,0,-0
1.000000,1.000000,0,-0
1.000000,1.000000,0,-0
1.000000,1.000000,0,-0
1.000000,1.000000,0,-0
1.000000,1.000000,0,-0
1.000000,1.000000,0,-0
1.000000,1.000000,0,-0
1.000000,1.000000,0,-0
1.000000,1.000000,0,-0
1.000000,1.000000,0,-0
1.000000,1.000000,0,-0
1.000000,1.000000,0,-0
1.000000,1.000000,0,-0
1.000000,1.000000,0,-0
1.000000,1.000000,0,-0
1.000000,1.000000,0,-0
1.000000,1.000000,0,-0
0.981291,0.981291,0,-0
0.981291,0.981291,0,-0
0.906456,0.906456,0,-0
0.906456,0.906456,0,-0
0.906456,0.906456,0,-0
0.906456,0.906456,0,-0
0.906456,0.906456,0,-0
0.906456,0.906456,0,-0
0.906456,0.906456,0,-0
0.906456,0.906456,0,-0
0.906456,0.906456,0,-0
0.906456,0.906456,0,-0
0.906456,0.906456,0,-0
0.906456,0.906456,0,-0
0.906456,0.906456,0,-0
0.906456,0.906456,0,-0
0.906456,0.906456,0,-0
0.906456,0.906456,0,-0
0.906456,0.906456,0,-0
0.906456,0.906456,0,-0
0.906456,0.906456,0,-0
0.906456,0.906456,0,-0
0.906456,0.906456,0,-0
0.906456,0.906456,0,-0
0.906456,0.906456,0,-0
0.906456,0.906456,0,-0
0.906456,0.906456,0,-0
0.906456,0.906456,0,-0
0.906456,0.906456,0,-0
0.906456,0.906456,0,-0
0.906456,0.906456,0,-0
0.906456,0.906456,0,-0
0.906456,0.906456,0,-0
0.906456,0.906456,0,-0
0.906456,0.906456,0,-0
1.000000,1.000000,0,-0
1.000000,1.000000,0,-0
1.000000,1.000000,0,-0
1.000000,1.000000,0,-0
1.000000,1.000000,0,-0
1.000000,1.000000,0,-0
1.000000,1.000000,0,-0
1.000000,1.000000,0,-0
1.000000,1.000000,0,-0
1.000000,1.000000,0,-0
1.000000,1.000000,0,-0
1.000000,1.000000,0,-0
1.000000,1.000000,0,-0
0.981291,0.981291,0,-0
0.981291,0.981291,0,-0
0.981291,0.981291,0,-0
0.981291,0.981291,0,-0
0.981291,0.981291,0,-0
0.981291,0.981291,0,-0
0.906456,0.906456,0,-0
0.906456,0.906456,0,-0
0.906456,0.906456,0,-0
0.906456,0.906456,0,-0
0.906456,0.906456,0,-0
0.906456,0.906456,0,-0
0.906456,0.906456,0,-0
0.906456,0.906456,0,-0
0.906456,0.906456,0,-0
0.906456,0.906456,0,-0
0.906456,0.906456,0,-0
0.906456,0.906456,0,-0
0.906456,0.906456,0,-0
0.906456,0.906456,0,-0
0.906456,0.906456,0,-0
0.906456,0.906456,0,-0
0.906456,0.906456,0,-0
0.906456,0.906456,0,-0
0.906456,0.906456,0,-0
0.906456,0.906456,0,-0
0.906456,0.906456,0,-0
0.906456,0.906456,0,-0
0.906456,0.906456,0,-0
0.906456,0.906456,0,-0
0.906456,0.906456,0,-0
0.906456,0.906456,0,-0
0.906456,0.906456,0,-0
0.906456,0.906456,0,-0
0.981291,0.981291,0,-0
1.000000,1.000000,0,-0
1.000000,1.000000,0,-0
1.000000,1.000000,0,-0
1.000000,1.000000,0,-0
1.000000,1.000000,0,-0
1.000000,1.000000,0,-0
1.000000,1.000000,0,-0
1.000000,1.000000,0,-0
1.000000,1.000000,0,-0
1.000000,1.000000,0,-0
1.000000,1.000000,0,-0
1.000000,1.000000,0,-0
1.000000,1.000000,0,-0
1.000000,1.000000,0,-0
1.000000,1.000000,0,-0
1.000000,1.000000,0,-0
1.000000,1.000000,0,-0
1.000000,1.000000,0,-0
0.981291,0.981291,0,-0
0.981291,0.981291,0,-0
0.981291,0.981291,0,-0
0.981291,0.981291,0,-0
0.981291,0.981291,0,-0
0.981291,0.981291,0,-0
0.981291,0.981291,0,-0
0.981291,0.981291,0,-0
0.981291,0.981291,0,-0
0.981291,0.981291,0,-0
0.981291,0.981291,0,-0
0.981291,0.981291,0,-0
0.981291,0.981291,0,-0
0.981291,0.981291,0,-0
0.981291,0.981291,0,-0
0.981291,0.981291,0,-0
0.981291,0.981291,0,-0
0.981291,0.981291,0,-0
0.981291,0.981291,0,-0
0.981291,0.981291,0,-0
0.981291,0.981291,0,-0
1.000000,1.000000,0,-0
1.000000,1.000000,0,-0
1.000000,1.000000,0,-0
0.906456,0.906456,0,-0
0.906456,0.906456,0,-0
0.906456,0.906456,0,-0
0.906456,0.906456,0,-0
1.000000,1.000000,0,-0
1.000000,1.000000,0,-0
0.981291,0.981291,0,-0
0.981291,0.981291,0,-0
0.981291,0.981291,0,-0
0.981291,0.981291,0,-0
1.000000,1.000000,0,-0
1.000000,1.000000,0,-0
1.000000,1.000000,0,-0
1.000000,1.000000,0,-0
1.000000,1.000000,0,-0
1.000000,1.000000,0,-0
1.000000,1.000000,0,-0
1.000000,1.000000,0,-0
1.000000,1.000000,0,-0
1.000000,1.000000,0,-0
1.000000,1.000000,0,-0
1.000000,1.000000,0,-0
1.000000,1.000000,0,-0
1.000000,1.000000,0,-0
1.000000,1.000000,0,-0
1.000000,1.000000,0,-0
1.000000,1.000000,0,-0
1.000000,1.000000,0,-0
0.981291,0.981291,0,-0
0.981291,0.981291,0,-0
0.981291,0.981291,0,-0
0.981291,0.981291,0,-0
0.981291,0.981291,0,-0
0.981291,0.981291,0,-0
0.981291,0.981291,0,-0
0.981291,0.981291,0,-0
0.906456,0.906456,0,-0
0.906456,0.906456,0,-0
0.906456,0.906456,0,-0
0.981291,0.981291,0,-0
0.906456,0.906456,0,-0
0.906456,0.906456,0,-0
0.906456,0.906456,0,-0
0.981291,0.981291,0,-0
0.906456,0.906456,0,-0
0.906456,0.906456,0,-0
0.906456,0.906456,0,-0
0.906456,0.906456,0,-0
0.906456,0.906456,0,-0
0.906456,0.906456,0,-0
0.906456,0.906456,0,-0
0.906456,0.906456,0,-0
0.906456,0.906456,0,-0
0.906456,0.906456,0,-0
0.906456,0.906456,0,-0
0.906456,0.906456,0,-0
0.906456,0.906456,0,-0
0.906456,0.906456,0,-0
0.906456,0.906456,0,-0
0.906456,0.906456,0,-0
0.906456,0.906456,0,-0
0.906456,0.906456,0,-0
0.906456,0.906456,0,-0
0.906456,0.906456,0,-0
0.906456,0.906456,0,-0
1.000000,1.000000,0,-0
1.000000,1.000000,0,-0
1.000000,1.000000,0,-0
1.000000,1.000000,0,-0
1.000000,1.000000,0,-0
1.000000,1.000000,0,-0
1.000000,1.000000,0,-0
1.000000,1.000000,0,-0
1.000000,1.000000,0,-0
1.000000,1.000000,0,-0
1.000000,1.000000,0,-0
1.000000,1.000000,0,-0
1.000000,1.000000,0,-0
1.000000,1.000000,0,-0
1.000000,1.000000,0,-0
0.981291,0.981291,0,-0
0.981291,0.981291,0,-0
0.981291,0.981291,0,-0
0.981291,0.981291,0,-0
0.981291,0.981291,0,-0
0.981291,0.981291,0,-0
0.981291,0.981291,0,-0
0.981291,0.981291,0,-0
0.906456,0.906456,0,-0
0.906456,0.906456,0,-0
0.906456,0.906456,0,-0
0.981291,0.981291,0,-0
0.981291,0.981291,0,-0
0.906456,0.906456,0,-0
0.906456,0.906456,0,-0
0.981291,0.981291,0,-0
0.981291,0.981291,0,-0
0.981291,0.981291,0,-0
0.981291,0.981291,0,-0
0.981291,0.981291,0,-0
0.981291,0.981291,0,-0
1.000000,1.000000,0,-0
0.906456,0.906456,0,-0
1.000000,1.000000,0,-0
1.000000,1.000000,0,-0
1.000000,1.000000,0,-0
0.906456,0.906456,0,-0
0.906456,0.906456,0,-0
0.906456,0.906456,0,-0
1.000000,1.000000,0,-0
0.981291,0.981291,0,-0
0.981291,0.981291,0,-0
0.981291,0.981291,0,-0
0.981291,0.981291,0,-0
1.000000,1.000000,0,-0
1.000000,1.000000,0,-0
1.000000,1.000000,0,-0
1.000000,1.000000,0,-0
1.000000,1.000000,0,-0
1.000000,1.000000,0,-0
1.000000,1.000000,0,-0
1.000000,1.000000,0,-0
1.000000,1.000000,0,-0
1.000000,1.000000,0,-0
1.000000,1.000000,0,-0
1.000000,1.000000,0,-0
1.000000,1.000000,0,-0
1.000000,1.000000,0,-0
1.000000,1.000000,0,-0
1.000000,1.000000,0,-0
1.000000,1.000000,0,-0
1.000000,1.000000,0,-0
0.981291,0.981291,0,-0
0.981291,0.981291,0,-0
0.981291,0.981291,0,-0
0.981291,0.981291,0,-0
0.981291,0.981291,0,-0
0.981291,0.981291,0,-0
0.981291,0.981291,0,-0
0.906456,0.906456,0,-0
0.981291,0.981291,0,-0
0.981291,0.981291,0,-0
0.906456,0.906456,0,-0
0.906456,0.906456,0,-0
0.906456,0.906456,0,-0
0.981291,0.981291,0,-0
0.906456,0.906456,0,-0
0.906456,0.906456,0,-0
0.906456,0.906456,0,-0
0.981291,0.981291,0,-0
0.906456,0.906456,0,-0
0.906456,0.906456,0,-0
0.906456,0.906456,0,-0
0.906456,0.906456,0,-0
0.906456,0.906456,0,-0
0.906456,0.906456,0,-0
0.906456,0.906456,0,-0
0.906456,0.906456,0,-0
0.906456,0.906456,0,-0
0.906456,0.906456,0,-0
0.906456,0.906456,0,-0
0.906456,0.906456,0,-0
0.906456,0.906456,0,-0
0.906456,0.906456,0,-0
0.906456,0.906456,0,-0
0.906456,0.906456,0,-0
0.906456,0.906456,0,-0
0.906456,0.906456,0,-0
0.906456,0.906456,0,-0
1.000000,1.000000,0,-0
1.000000,1.000000,0,-0
1.000000,1.000000,0,-0
1.000000,1.000000,0,-0
1.000000,1.000000,0,-0
1.000000,1.000000,0,-0
1.000000,1.000000,0,-0
1.000000,1.000000,0,-0
1.000000,1.000000,0,-0
1.000000,1.000000,0,-0
1.000000,1.000000,0,-0
1.000000,1.000000,0,-0
1.000000,1.000000,0,-0
1.000000,1.000000,0,-0
1.000000,1.000000,0,-0
0.981291,0.981291,0,-0
0.981291,0.981291,0,-0
0.981291,0.981291,0,-0
0.981291,0.981291,0,-0
0.981291,0.981291,0,-0
0.981291,0.981291,0,-0
0.981291,0.981291,0,-0
0.906456,0.906456,0,-0
0.906456,0.906456,0,-0
0.906456,0.906456,0,-0
0.906456,0.906456,0,-0
0.906456,0.906456,0,-0
0.906456,0.906456,0,-0
0.906456,0.906456,0,-0
0.906456,0.906456,0,-0
0.906456,0.906456,0,-0
0.906456,0.906456,0,-0
0.981291,0.981291,0,-0
0.981291,0.981291,0,-0
0.981291,0.981291,0,-0
0.981291,0.981291,0,-0
0.906456,0.906456,0,-0
0.906456,0.906456,0,-0
0.906456,0.906456,0,-0
0.906456,0.906456,0,-0
0.906456,0.906456,0,-0
0.906456,0.906456,0,-0
0.906456,0.906456,0,-0
0.906456,0.906456,0,-0
0.906456,0.906456,0,-0
0.906456,0.906456,0,-0
0.906456,0.906456,0,-0
0.906456,0.906456,0,-0
0.906456,0.906456,0,-0
0.906456,0.906456,0,-0
0.906456,0.906456,0,-0
0.906456,0.906456,0,-0
0.906456,0.906456,0,-0
0.906456,0.906456,0,-0
0.906456,0.906456,0,-0
0.906456,0.906456,0,-0
0.906456,0.906456,0,-0
1.000000,1.000000,0,-0
1.000000,1.000000,0,-0
1.000000,1.000000,0,-0
1.000000,1.000000,0,-0
0.906456,0.906456,0,-0
0.906456,0.906456,0,-0
0.906456,0.906456,0,-0
0.906456,0.906456,0,-0
0.906456,0.906456,0,-0
1.000000,1.000000,0,-0
0.906456,0.906456,0,-0
0.906456,0.906456,0,-0
0.906456,0.906456,0,-0
0.906456,0.906456,0,-0
0.906456,0.906456,0,-0
0.906456,0.906456,0,-0
0.906456,0.906456,0,-0
0.906456,0.906456,0,-0
0.906456,0.906456,0,-0
0.906456,0.906456,0,-0
0.906456,0.906456,0,-0
0.906456,0.906456,0,-0
0.906456,0.906456,0,-0
0.906456,0.906456,0,-0
0.906456,0.906456,0,-0
0.906456,0.906456,0,-0
0.906456,0.906456,0,-0
0.906456,0.906456,0,-0
0.906456,0.906456,0,-0
0.906456,0.906456,0,-0
0.906456,0.906456,0,-0
0.906456,0.906456,0,-0
0.906456,0.906456,0,-0
0.906456,0.906456,0,-0
0.906456,0.906456,0,-0
0.906456,0.906456,0,-0
0.906456,0.906456,0,-0
0.906456,0.906456,0,-0
0.906456,0.906456,0,-0
0.906456,0.906456,0,-0
0.906456,0.906456,0,-0
0.906456,0.906456,0,-0
0.906456,0.906456,0,-0
0.906456,0.906456,0,-0
0.906456,0.906456,0,-0
0.906456,0.906456,0,-0
0.906456,0.906456,0,-0
0.906456,0.906456,0,-0
0.906456,0.906456,0,-0
0.906456,0.906456,0,-0
0.906456,0.906456,0,-0
0.906456,0.906456,0,-0
0.906456,0.906456,0,-0
0.906456,0.906456,0,-0
0.906456,0.906456,0,-0
0.906456,0.906456,0,-0
0.906456,0.906456,0,-0
0.906456,0.906456,0,-0
0.906456,0.906456,0,-0
0.906456,0.906456,0,-0
0.906456,0.906456,0,-0
0.906456,0.906456,0,-0
0.906456,0.906456,0,-0
0.906456,0.906456,0,-0
0.906456,0.906456,0,-0
0.906456,0.906456,0,-0
0.906456,0.906456,0,-0
0.906456,0.906456,0,-0
0.906456,0.906456,0,-0
0.906456,0.906456,0,-0
0.906456,0.906456,0,-0
0.906456,0.906456,0,-0
0.906456,0.906456,0,-0
0.906456,0.906456,0,-0
0.906456,0.906456,0,-0
0.906456,0.906456,0,-0
0.906456,0.906456,0,-0
0.906456,0.906456,0,-0
0.906456,0.906456,0,-0
0.906456,0.906456,0,-0
0.906456,0.906456,0,-0
0.906456,0.906456,0,-0
0.906456,0.906456,0,-0
0.906456,0.906456,0,-0
0.906456,0.906456,0,-0
0.906456,0.906456,0,-0
0.906456,0.906456,0,-0
0.906456,0.906456,0,-0
0.906456,0.906456,0,-0
0.906456,0.906456,0,-0
0.906456,0.906456,0,-0
0.906456,0.906456,0,-0
0.906456,0.906456,0,-0
0.906456,0.906456,0,-0
0.906456,0.906456,0,-0
0.906456,0.906456,0,-0
0.906456,0.906456,0,-0
0.906456,0.906456,0,-0
0.906456,0.906456,0,-0
1.000000,1.000000,0,-0
1.000000,1.000000,0,-0
1.000000,1.000000,0,-0
1.000000,1.000000,0,-0
1.000000,1.000000,0,-0
1.000000,1.000000,0,-0
1.000000,1.000000,0,-0
1.000000,1.000000,0,-0
1.000000,1.000000,0,-0
1.000000,1.000000,0,-0
1.000000,1.000000,0,-0
1.000000,1.000000,0,-0
1.000000,1.000000,0,-0
1.000000,1.000000,0,-0
1.000000,1.000000,0,-0
1.000000,1.000000,0,-0
0.981291,0.981291,0,-0
0.981291,0.981291,0,-0
0.981291,0.981291,0,-0
0.981291,0.981291,0,-0
0.981291,0.981291,0,-0
0.981291,0.981291,0,-0
0.906456,0.906456,0,-0
0.906456,0.906456,0,-0
0.906456,0.906456,0,-0
0.906456,0.906456,0,-0
0.906456,0.906456,0,-0
0.906456,0.906456,0,-0
0.906456,0.906456,0,-0
0.906456,0.906456,0,-0
0.906456,0.906456,0,-0
0.906456,0.906456,0,-0
0.906456,0.906456,0,-0
0.906456,0.906456,0,-0
0.906456,0.906456,0,-0
0.906456,0.906456,0,-0
0.906456,0.906456,0,-0
0.906456,0.906456,0,-0
0.906456,0.906456,0,-0
0.906456,0.906456,0,-0
0.906456,0.906456,0,-0
0.906456,0.906456,0,-0
0.906456,0.906456,0,-0
0.906456,0.906456,0,-0
0.906456,0.906456,0,-0
0.906456,0.906456,0,-0
0.906456,0.906456,0,-0
0.906456,0.906456,0,-0
0.906456,0.906456,0,-0
0.906456,0.906456,0,-0
0.906456,0.906456,0,-0
0.906456,0.906456,0,-0
1.000000,1.000000,0,-0
1.000000,1.000000,0,-0
1.000000,1.000000,0,-0
1.000000,1.000000,0,-0
1.000000,1.000000,0,-0
1.000000,1.000000,0,-0
1.000000,1.000000,0,-0
1.000000,1.000000,0,-0
1.000000,1.000000,0,-0
1.000000,1.000000,0,-0
1.000000,1.000000,0,-0
1.000000,1.000000,0,-0
1.000000,1.000000,0,-0
1.000000,1.000000,0,-0
1.000000,1.000000,0,-0
1.000000,1.000000,0,-0
0.981291,0.981291,0,-0
0.981291,0.981291,0,-0
0.981291,0.981291,0,-0
0.981291,0.981291,0,-0
0.981291,0.981291,0,-0
0.981291,0.981291,0,-0
0.981291,0.981291,0,-0
0.981291,0.981291,0,-0
0.981291,0.981291,0,-0
0.981291,0.981291,0,-0
0.981291,0.981291,0,-0
0.981291,0.981291,0,-0
0.981291,0.981291,0,-0
0.981291,0.981291,0,-0
0.981291,0.981291,0,-0
0.981291,0.981291,0,-0
0.981291,0.981291,0,-0
0.981291,0.981291,0,-0
0.981291,0.981291,0,-0
0.981291,0.981291,0,-0
0.981291,0.981291,0,-0
1.000000,1.000000,0,-0
1.000000,1.000000,0,-0
1.000000,1.000000,0,-0
1.000000,1.000000,0,-0
1.000000,1.000000,0,-0
1.000000,1.000000,0,-0
1.000000,1.000000,0,-0
1.000000,1.000000,0,-0
1.000000,1.000000,0,-0
0.981291,0.981291,0,-0
0.981291,0.981291,0,-0
0.981291,0.981291,0,-0
0.981291,0.981291,0,-0
1.000000,1.000000,0,-0
1.000000,1.000000,0,-0
1.000000,1.000000,0,-0
1.000000,1.000000,0,-0
1.000000,1.000000,0,-0
1.000000,1.000000,0,-0
1.000000,1.000000,0,-0
1.000000,1.000000,0,-0
1.000000,1.000000,0,-0
1.000000,1.000000,0,-0
1.000000,1.000000,0,-0
1.000000,1.000000,0,-0
1.000000,1.000000,0,-0
1.000000,1.000000,0,-0
1.000000,1.000000,0,-0
1.000000,1.000000,0,-0
1.000000,1.000000,0,-0
1.000000,1.000000,0,-0
0.981291,0.981291,0,-0
0.981291,0.981291,0,-0
0.981291,0.981291,0,-0
0.981291,0.981291,0,-0
0.981291,0.981291,0,-0
0.906456,0.906456,0,-0
0.906456,0.906456,0,-0
0.906456,0.906456,0,-0
0.906456,0.906456,0,-0
0.906456,0.906456,0,-0
0.906456,0.906456,0,-0
0.906456,0.906456,0,-0
0.906456,0.906456,0,-0
0.906456,0.906456,0,-0
0.906456,0.906456,0,-0
0.981291,0.981291,0,-0
0.906456,0.906456,0,-0
0.906456,0.906456,0,-0
0.906456,0.906456,0,-0
0.981291,0.981291,0,-0
0.981291,0.981291,0,-0
0.906456,0.906456,0,-0
0.906456,0.906456,0,-0
0.906456,0.906456,0,-0
0.906456,0.906456,0,-0
0.906456,0.906456,0,-0
