0volume,0demand,0up_spill,0ww_inflow,0catch_inflow,0evap,0ds_spill,0treat_cap,1volume,1demand,1up_spill,1ww_inflow,1catch_inflow,1evap,1ds_spill,1treat_cap,2volume,2s_area,2demand,2up_spill,2ww_inflow,2catch_inflow,2evap,2ds_spill,2treat_cap,2valloc_0,2talloc_0,2valloc_1,2talloc_1,3volume,3demand,3up_spill,3ww_inflow,3catch_inflow,3evap,3ds_spill,3treat_cap,3valloc_1,3talloc_1,3valloc_2,3talloc_2,4demand,4up_spill,4ww_inflow,4catch_inflow,4ds_spill,4treat_cap,11volume,11s_area,11demand,11up_spill,11ww_inflow,11catch_inflow,11evap,11ds_spill,11treat_cap
72.29,1.84028,0,0,4.32758,0.254948,2.23235,3.6288,61.308,0,0,0,1.53806,0.216044,1.32201,0.66528,12.849,1,0.327095,2.23235,0,115.396,4.37776,112.923,0.84672,12.849,0.84672,3695.15,0,0,0,2.87028,0,9.29491,1.18693,10.9783,0.42336,0,0.42336,460.49,0,1.01871,0,0,3.88898,2.87028,1.028160,1,0,125.224,0,0,0,125.224,0
72.29,1.84117,0,0,3.44776,0.254948,1.35164,3.6288,61.308,0,0,0,1.07872,0.216044,0.862677,0.66528,12.849,1,0.327254,1.35164,0,108.356,4.37776,105.003,0.84672,12.849,0.84672,3695.15,0,0,0,1.87879,1.19322,6.37024,1.18693,8.25532,0.42336,0,0.42336,460.49,0,1.01901,0,0,2.8978,1.87879,1.028160,1,0,114.121,0,0,0,114.121,0
72.29,1.84206,0,0,3.32283,0.254948,1.22583,3.6288,61.308,0,0,0,1.03024,0.216044,0.814198,0.66528,12.849,1,0.327412,1.22583,0,88.2567,4.37776,84.7774,0.84672,12.849,0.84672,3695.15,0,0,0,2.0566,1.19365,5.91339,1.18693,7.97671,0.42336,0,0.42336,460.49,0,1.01932,0,0,3.07592,2.0566,1.028160,1,0,93.5683,0,0,0,93.5683,0
72.29,1.84295,0,0,3.12804,0.260247,1.02485,3.6288,61.308,0,0,0,0.913542,0.177256,0.736285,0.66528,12.849,1,0.32757,1.02485,0,82.5967,3.7757,79.5183,0.84672,12.849,0.84672,3695.15,0,0,0,1.95533,1.19408,5.44573,1.02605,7.56909,0.42336,0,0.42336,460.49,0,1.01962,0,0,2.97495,1.95533,1.028160,1,0,87.8236,0,0,0,87.8236,0
72.29,2.04873,0,0,3.49802,0.300403,1.14889,3.6288,61.308,0.0761308,0,0,1.06847,0.175368,0.816967,0.66528,12.849,1,0.364146,1.14889,0,78.9126,3.52304,76.1743,0.84672,12.849,0.84672,3695.15,0,0,0,1.80224,1.19451,6.25702,0.941206,8.31257,0.42336,0,0.42336,460.49,0,1.02816,0,0,2.8304,1.80224,1.028160,1,0,85.3038,0,0,0,85.3038,0
72.29,2.04971,0,0,3.2009,0.33052,0.82067,3.6288,61.308,0.076471,0,0,1.08995,0.173952,0.839531,0.66528,12.849,1,0.36432,0.82067,0,122.462,3.33354,119.584,0.84672,12.849,0.84672,3695.15,0,0,0,1.8002,1.30535,6.48717,0.877569,8.71515,0.42336,0,0.42336,460.49,0,1.02816,0,0,2.82836,1.8002,1.028160,1,0,129.139,0,0,0,129.139,0
72.2025,2.05068,0,0,2.65657,0.33052,0.36288,3.6288,61.308,0.0768112,0,0,0.838356,0.173952,0.587594,0.66528,12.849,1,0.364493,0.36288,0,75.9603,3.33354,72.6251,0.84672,12.849,0.84672,3695.15,0,0,0,0.900012,1.30583,5.8538,0.877569,7.18207,0.42336,0,0.42336,460.49,0,1.02816,0,0,1.92817,0.900012,1.028160,1,0,80.3948,0,0,0,80.3948,0
72.29,2.05129,0,0,4.74191,0.322514,2.28059,3.6288,61.308,0.0771516,0,0,1.51549,0.19055,1.24779,0.66528,12.849,1,0.365043,2.28059,0,120.912,3.72666,119.101,0.84672,12.849,0.84672,3695.15,0,0,0,2.84308,1.3063,7.52253,1.00056,10.6714,0.42336,0,0.42336,460.49,0,1.02816,0,0,3.87124,2.84308,1.028160,1,0,131.02,0,0,0,131.02,0
72.29,1.75991,0,0,5.3749,0.314463,3.30053,3.6288,61.308,0,0,0,1.41019,0.188861,1.22133,0.66528,12.849,1,0.312811,3.30053,0,126.229,3.86304,125.353,0.84672,12.849,0.84672,3695.15,0,0,0,1.97161,1.30678,7.56686,1.00767,9.83758,0.42336,0,0.42336,460.49,0,0.99224,0,0,2.96385,1.97161,1.028160,1,0,136.412,0,0,0,136.412,0
72.29,1.76076,0,0,4.54396,0.316056,2.46714,3.6288,61.308,0,0,0,1.28879,0.170995,1.1178,0.66528,12.849,1,0.312963,2.46714,0,92.0782,3.5722,90.6602,0.84672,12.849,0.84672,3695.15,0,0,0,1.11234,1.15503,6.84637,0.890013,8.22373,0.42336,0,0.42336,460.49,0,0.992533,0,0,2.10488,1.11234,1.028160,1,0,100.002,0,0,0,100.002,0
72.29,1.76162,0,0,3.53298,0.316056,1.45531,3.6288,61.308,0,0,0,1.17288,0.170995,1.00188,0.66528,12.849,1,0.313115,1.45531,0,83.2326,3.5722,80.8026,0.84672,12.849,0.84672,3695.15,0,0,0,1.16735,1.15545,5.40112,0.890013,6.8339,0.42336,0,0.42336,460.49,0,0.992825,0,0,2.16017,1.16735,1.028160,1,0,88.6384,0,0,0,88.6384,0
72.29,1.76247,0,0,4.25467,0.316056,2.17614,3.6288,61.308,0,0,0,1.12853,0.170995,0.957536,0.66528,12.849,1,0.313267,2.17614,0,86.6514,3.5722,84.9421,0.84672,12.849,0.84672,3695.15,0,0,0,0.82822,1.15586,6.6593,0.890013,7.75337,0.42336,0,0.42336,460.49,0,0.993118,0,0,1.82134,0.82822,1.028160,1,0,93.653,0,0,0,93.653,0
72.29,1.76333,0,0,3.93849,0.277745,1.89742,3.6288,61.308,0,0,0,1.31806,0.176453,1.1416,0.66528,12.849,1,0.313419,1.89742,0,90.8773,3.96088,88.5004,0.84672,12.849,0.84672,3695.15,0,0,0,1.27606,1.15628,5.50674,0.995992,6.94308,0.42336,0,0.42336,460.49,0,0.99341,0,0,2.26947,1.27606,1.028160,1,0,96.5851,0,0,0,96.5851,0
72.29,1.83803,0,0,4.29005,0.276179,2.17585,3.6288,61.308,0,0,0,2.86928,0.16445,2.70483,0.66528,12.849,1,0.326695,2.17585,0,69.2296,3.70724,67.3716,0.84672,12.849,0.84672,3695.15,0,0,0,1.92085,1.15669,6.26854,0.923079,8.423,0.42336,0,0.42336,460.49,0,1.02151,0,0,2.94236,1.92085,1.028160,1,0,78.4994,0,0,0,78.4994,0
72.29,1.83891,0,0,3.60461,0.276179,1.48951,3.6288,61.308,0,0,0,2.78085,0.16445,2.6164,0.66528,12.849,1,0.326853,1.48951,0,82.2632,3.70724,79.7186,0.84672,12.849,0.84672,3695.15,0,0,0,2.21562,1.19489,6.22668,0.923079,8.71411,0.42336,0,0.42336,460.49,0,1.02181,0,0,3.23743,2.21562,1.028160,1,0,91.0491,0,0,0,91.0491,0
72.29,1.8398,0,0,4.00816,0.276179,1.89218,3.6288,61.308,0,0,0,3.32122,0.16445,3.15677,0.66528,12.849,1,0.327011,1.89218,0,93.0865,3.70724,90.9444,0.84672,12.849,0.84672,3695.15,0,0,0,1.98217,1.19532,6.65493,0.923079,8.90934,0.42336,0,0.42336,460.49,0,1.02212,0,0,3.00428,1.98217,1.028160,1,0,103.011,0,0,0,103.011,0
72.29,1.84069,0,0,3.33938,0.276179,1.22251,3.6288,61.308,0,0,0,2.85302,0.16445,2.68857,0.66528,12.849,1,0.327169,1.22251,0,69.5511,3.70724,66.7392,0.84672,12.849,0.84672,3695.15,0,0,0,1.98543,1.19575,4.99372,0.923079,7.25182,0.42336,0,0.42336,460.49,0,1.02242,0,0,3.00785,1.98543,1.028160,1,0,76.6796,0,0,0,76.6796,0
72.29,1.81266,0,0,3.06822,0.225822,1.02974,3.6288,61.308,0,0,0,1.75773,0.155946,1.60178,0.66528,12.849,1,0.322186,1.02974,0,66.1211,3.70001,63.1286,0.84672,12.849,0.84672,3695.15,0,0,0,1.37544,1.19618,4.41069,0.984266,5.99805,0.42336,0,0.42336,460.49,0,1.01191,0,0,2.38735,1.37544,1.028160,1,0,70.7284,0,0,0,70.7284,0
72.29,1.81353,0,0,2.43337,0.248733,0.371103,3.6288,61.308,0,0,0,1.52274,0.181009,1.34173,0.66528,12.849,1,0.322342,0.371103,0,50.538,4.05295,46.5338,0.84672,12.849,0.84672,3695.15,0,0,0,0.847361,1.18187,3.81108,1.03696,4.80335,0.42336,0,0.42336,460.49,0,1.01221,0,0,1.85957,0.847361,1.028160,1,0,52.6788,0,0,0,52.6788,0
72.1325,1.81441,0,0,2.20528,0.185463,0.36288,3.6288,61.308,0,0,0,1.26026,0.217196,1.04306,0.66528,12.849,1,0.322498,0.36288,0,45.6971,4.38897,41.3485,0.84672,12.849,0.84672,3695.15,0,0,0,0.700112,1.1823,3.5005,1.05903,4.32388,0.42336,0,0.42336,460.49,0,1.01251,0,0,1.71262,0.700112,1.028160,1,0,46.7155,0,0,0,46.7155,0
71.9392,1.81469,0,0,2.14142,0.157185,0.36288,3.6288,61.308,0,0,0,1.3625,0.230275,1.13223,0.66528,12.849,1,0.323251,0.36288,0,44.0745,4.50429,39.6098,0.84672,12.849,0.84672,3695.15,0,0,0,0.823251,1.18272,3.87386,1.06591,4.81392,0.42336,0,0.42336,460.49,0,1.01281,0,0,1.83606,0.823251,1.028160,1,0,45.5559,0,0,0,45.5559,0
71.4765,1.91309,0,0,1.9947,0.181395,0.36288,3.6288,61.308,0.0233751,0,0,1.20388,0.21404,0.966465,0.66528,12.849,1,0.341695,0.36288,0,42.9072,4.55906,38.3693,0.84672,12.849,0.84672,3695.15,0,0,0,0.564503,1.18315,3.60289,1.0435,4.30704,0.42336,0,0.42336,460.49,0,1.02816,0,0,1.59266,0.564503,1.028160,1,0,43.6428,0,0,0,43.6428,0
71.0315,1.91213,0,0,2.01171,0.181752,0.36288,3.6288,61.308,0.023692,0,0,1.31396,0.203657,1.08661,0.66528,12.849,1,0.343735,0.36288,0,47.1443,4.78322,42.3803,0.84672,12.849,0.84672,3695.15,0,0,0,0.767621,1.23496,3.91621,1.04402,4.87478,0.42336,0,0.42336,460.49,0,1.02816,0,0,1.79578,0.767621,1.028160,1,0,48.3417,0,0,0,48.3417,0
70.5276,1.91122,0,0,1.87294,0.10271,0.36288,3.6288,61.308,0.024009,0,0,1.16295,0.231818,0.907126,0.66528,12.849,1,0.345724,0.36288,0,45.9447,5.16107,40.8008,0.84672,12.849,0.84672,3695.15,0,0,0,0.648631,1.23541,3.65422,1.12004,4.41822,0.42336,0,0.42336,460.49,0,1.02816,0,0,1.67679,0.648631,1.028160,1,0,46.1261,0,0,0,46.1261,0
69.8557,1.91005,0,0,1.70337,0.102313,0.36288,3.6288,61.308,0.024326,0,0,0.939151,0.231818,0.683007,0.66528,12.849,1,0.34798,0.36288,0,41.823,5.16107,36.6768,0.84672,12.849,0.84672,3695.15,0,0,0,0.391038,1.23586,3.267,1.12004,3.77386,0.42336,0,0.42336,460.49,0,1.02816,0,0,1.4192,0.391038,1.028160,1,0,41.1337,0,0,0,41.1337,0
69.1938,1.90814,0,0,1.70984,0.100779,0.36288,3.6288,61.308,0.0246431,0,0,0.782568,0.230031,0.527894,0.66528,12.849,1,0.350975,0.36288,0,38.6743,5.07466,33.6115,0.84672,12.849,0.84672,3695.15,0,0,0,0.442947,1.23631,3.1934,1.10385,3.76881,0.42336,0,0.42336,460.49,0,1.02816,0,0,1.47111,0.442947,1.028160,1,0,37.9082,0,0,0,37.9082,0
68.882,1.88686,0,0,2.03221,0.0942616,0.36288,3.6288,61.308,0.0461238,0,0,0.832715,0.219312,0.567279,0.66528,12.849,1,0.350382,0.36288,0,40.1697,4.55627,35.6259,0.84672,12.849,0.84672,3695.15,0,0,0,1.21246,1.23675,3.66308,1.00671,5.10559,0.42336,0,0.42336,460.49,0,1.02816,0,0,2.24062,1.21246,1.028160,1,0,41.2988,0,0,0,41.2988,0
68.4945,1.88643,0,0,1.95121,0.0893724,0.36288,3.6288,61.308,0.0464501,0,0,0.800539,0.227084,0.527005,0.66528,12.849,1,0.351888,0.36288,0,37.7055,4.66485,33.0516,0.84672,12.849,0.84672,3695.15,0,0,0,1.23492,1.24925,3.71296,1.04346,5.15367,0.42336,0,0.42336,460.49,0,1.02816,0,0,2.26308,1.23492,1.028160,1,0,38.7323,0,0,0,38.7323,0
67.9011,1.88566,0,0,1.71649,0.0614217,0.36288,3.6288,61.308,0.0467764,0,0,0.757538,0.271038,0.439723,0.66528,12.849,1,0.353733,0.36288,0,35.6738,5.45196,30.231,0.84672,12.849,0.84672,3695.15,0,0,0,0.950616,1.2497,3.56356,1.31425,4.44963,0.42336,0,0.42336,460.49,0,1.02816,0,0,1.97878,0.950616,1.028160,1,0,35.1203,0,0,0,35.1203,0
67.2363,1.88396,0,0,1.64375,0.0616345,0.36288,3.6288,61.308,0.0471028,0,0,0.735877,0.264339,0.424435,0.66528,12.849,1,0.356504,0.36288,0,32.716,5.79096,26.9314,0.84672,12.849,0.84672,3695.15,0,0,0,1.10701,1.25016,3.5195,1.43999,4.43668,0.42336,0,0.42336,460.49,0,1.02816,0,0,2.13517,1.10701,1.028160,1,0,31.7925,0,0,0,31.7925,0
66.4994,1.93175,0,0,1.60872,0.0510354,0.36288,3.6288,61.308,0.0663225,0,0,0.681863,0.300852,0.314688,0.66528,12.849,1,0.369161,0.36288,0,28.7397,6.02496,22.7084,0.84672,12.849,0.84672,3695.15,0,0,0,0.725821,1.25061,3.23371,1.50489,3.70525,0.42336,0,0.42336,460.49,0,1.02816,0,0,1.75398,0.725821,1.028160,1,0,26.7284,0,0,0,26.7284,0
65.8253,1.92924,0,0,1.66469,0.0466515,0.36288,3.6288,61.308,0.0666571,0,0,0.692876,0.315457,0.310762,0.66528,12.849,1,0.372767,0.36288,0,38.1059,6.11856,31.9775,0.84672,12.849,0.84672,3695.15,0,0,0,0.868052,1.27679,3.51098,1.53085,4.12498,0.42336,0,0.42336,460.49,0,1.02816,0,0,1.89621,0.868052,1.028160,1,0,36.4132,0,0,0,36.4132,0
65.0416,1.92697,0,0,1.55257,0.0464019,0.36288,3.6288,61.308,0.0669917,0,0,0.613718,0.315457,0.23127,0.66528,12.849,1,0.376141,0.36288,0,30.145,6.11856,24.0132,0.84672,12.849,0.84672,3695.15,0,0,0,0.843601,1.27725,3.2047,1.53085,3.7947,0.42336,0,0.42336,460.49,0,1.02816,0,0,1.87176,0.843601,1.028160,1,0,28.0392,0,0,0,28.0392,0
64.1208,1.9241,0,0,1.41222,0.0461118,0.36288,3.6288,61.308,0.0673265,0,0,0.576468,0.315457,0.193684,0.66528,12.849,1,0.380107,0.36288,0,27.7193,6.11856,21.5835,0.84672,12.849,0.84672,3695.15,0,0,0,0.550688,1.27772,2.93299,1.53085,3.23055,0.42336,0,0.42336,460.49,0,1.02816,0,0,1.57885,0.550688,1.028160,1,0,25.0077,0,0,0,25.0077,0
63.3727,2.06555,0,0,1.70936,0.0289781,0.36288,3.6288,61.308,0.135971,0,0,0.686579,0.323398,0.22721,0.66528,12.849,1,0.413911,0.36288,0,30.7847,6.35469,24.3789,0.84672,12.849,0.84672,3695.15,0,0,0,1.06985,1.27818,4.18176,1.5615,4.96828,0.42336,0,0.42336,460.49,0,1.02816,0,0,2.09801,1.06985,1.028160,1,0,29.5744,0,0,0,29.5744,0
62.9837,2.06247,0,0,2.05539,0.0190598,0.36288,3.6288,61.308,0.136335,0,0,0.657634,0.325119,0.196179,0.66528,12.849,1,0.418171,0.36288,0,37.2808,6.42159,30.8039,0.84672,12.849,0.84672,3695.15,0,0,0,0.938606,1.36406,3.60994,1.53357,4.37904,0.42336,0,0.42336,460.49,0,1.02816,0,0,1.96677,0.938606,1.028160,1,0,35.3792,0,0,0,35.3792,0
62.3442,2.0613,0,0,1.80368,0.0189994,0.36288,3.6288,61.308,0.136699,0,0,0.634443,0.325119,0.172625,0.66528,12.849,1,0.420516,0.36288,0,47.3905,6.42159,40.9113,0.84672,12.849,0.84672,3695.15,0,0,0,0.850988,1.36456,3.46654,1.53357,4.14852,0.42336,0,0.42336,460.49,0,1.02816,0,0,1.87915,0.850988,1.028160,1,0,45.2324,0,0,0,45.2324,0
61.7458,2.0587,0,0,1.84211,0.0189002,0.36288,3.6288,61.308,0.137063,0,0,0.727772,0.325119,0.26559,0.66528,12.849,1,0.424293,0.36288,0,41.0519,6.42159,34.5689,0.84672,12.849,0.84672,3695.15,0,0,0,0.957511,1.36506,3.59993,1.53357,4.38893,0.42336,0,0.42336,460.49,0,1.02816,0,0,1.98567,0.957511,1.028160,1,0,39.2234,0,0,0,39.2234,0
61.1654,2.05627,0,0,1.85867,0.0199745,0.36288,3.6288,61.308,0.137427,0,0,0.733288,0.318224,0.277637,0.66528,12.849,1,0.427899,0.36288,0,41.6538,6.23674,35.352,0.84672,12.849,0.84672,3695.15,0,0,0,1.44264,1.36556,4.60455,1.46161,5.95114,0.42336,0,0.42336,460.49,0,1.02816,0,0,2.4708,1.44264,1.028160,1,0,41.5808,0,0,0,41.5808,0
61.3562,1.98359,0,0,2.5815,0.0441909,0.36288,3.6288,61.308,0.0962417,0,0,0.958599,0.285101,0.577256,0.66528,12.849,1,0.416692,0.36288,0,25.5245,4.72458,20.7461,0.84672,12.849,0.84672,3695.15,0,0,0,1.62394,1.36606,3.65803,1.13639,5.51164,0.42336,0,0.42336,460.49,0,1.02816,0,0,2.6521,1.62394,1.028160,1,0,26.835,0,0,0,26.835,0
61.5428,1.9856,0,0,2.58782,0.0527428,0.36288,3.6288,61.308,0.0965884,0,0,1.07235,0.28812,0.687645,0.66528,12.849,1,0.415818,0.36288,0,29.1083,4.7734,24.282,0.84672,12.849,0.84672,3695.15,0,0,0,1.67129,1.31853,4.00496,1.16435,5.83042,0.42336,0,0.42336,460.49,0,1.02816,0,0,2.69945,1.67129,1.028160,1,0,30.8001,0,0,0,30.8001,0
61.9183,1.98759,0,0,2.77881,0.0528242,0.36288,3.6288,61.308,0.0969351,0,0,1.12774,0.28812,0.74269,0.66528,12.849,1,0.414972,0.36288,0,42.7607,4.7734,37.9352,0.84672,12.849,0.84672,3695.15,0,0,0,1.8682,1.31901,4.38675,1.16435,6.40961,0.42336,0,0.42336,460.49,0,1.02816,0,0,2.89636,1.8682,1.028160,1,0,45.0875,0,0,0,45.0875,0
62.5305,1.99062,0,0,3.01863,0.0529881,0.36288,3.6288,61.308,0.0972819,0,0,1.62238,0.28812,1.23697,0.66528,12.849,1,0.413084,0.36288,0,100.967,4.7734,96.1435,0.84672,12.849,0.84672,3695.15,0,0,0,2.53435,1.31949,6.2167,1.16435,8.90619,0.42336,0,0.42336,460.49,0,1.02816,0,0,3.56251,2.53435,1.028160,1,0,106.287,0,0,0,106.287,0
65.5279,1.93691,0,0,5.43162,0.134363,0.36288,3.6288,61.308,0.0597448,0,0,2.12742,0.255077,1.8126,0.66528,12.849,1,0.398003,0.36288,0,95.9023,4.50757,91.3596,0.84672,12.849,0.84672,3695.15,0,0,0,2.71429,1.31997,8.35099,1.06414,11.3211,0.42336,0,0.42336,460.49,0,1.02816,0,0,3.74245,2.71429,1.028160,1,0,104.493,0,0,0,104.493,0
69.3301,1.95306,0,0,6.26321,0.145139,0.36288,3.6288,61.308,0.0600759,0,0,1.96503,0.217924,1.68703,0.66528,12.849,1,0.382964,0.36288,0,142.178,3.74556,138.412,0.84672,12.849,0.84672,3695.15,0,0,0,2.89275,1.27808,13.4251,0.880911,16.715,0.42336,0,0.42336,460.49,0,1.02816,0,0,3.92091,2.89275,1.028160,1,0,156.815,0,0,0,156.815,0
71.9088,1.97171,0,0,5.07916,0.165849,0.36288,3.6288,61.308,0.060407,0,0,1.46453,0.214474,1.18965,0.66528,12.849,1,0.365419,0.36288,0,149.291,4.02528,145.264,0.84672,12.849,0.84672,3695.15,0,0,0,2.16196,1.27854,8.89884,0.940678,11.3987,0.42336,0,0.42336,460.49,0,1.02816,0,0,3.19012,2.16196,1.028160,1,0,157.852,0,0,0,157.852,0
72.29,1.98377,0,0,11.0085,0.210725,8.43278,3.6288,61.308,0.0607382,0,0,3.10943,0.205847,2.84285,0.66528,12.849,1,0.35447,8.43278,0,226.323,4.72458,229.677,0.84672,12.849,0.84672,3695.15,0,0,0,4.43435,1.27901,17.1179,1.09009,21.7412,0.42336,0,0.42336,460.49,0,1.02816,0,0,5.46251,4.43435,1.028160,1,0,254.261,0,0,0,254.261,0
72.29,1.81738,0,0,9.47981,0.223646,7.43878,3.6288,61.308,0,0,0,3.34947,0.205059,3.14441,0.66528,12.849,1,0.323025,7.43878,0,296.732,4.54989,299.298,0.84672,12.849,0.84672,3695.15,0,0,0,4.72488,1.27947,15.1546,1.0729,20.0861,0.42336,0,0.42336,460.49,0,1.0102,0,0,5.73508,4.72488,1.028160,1,0,322.529,0,0,0,322.529,0
72.29,1.81825,0,0,7.2703,0.254421,5.19763,3.6288,61.308,0,0,0,3.88031,0.203088,3.67722,0.66528,12.849,1,0.32318,5.19763,0,297.891,4.11316,298.652,0.84672,12.849,0.84672,3695.15,0,0,0,2.84569,1.18159,16.8981,1.02991,19.8955,0.42336,0,0.42336,460.49,0,1.01049,0,0,3.85618,2.84569,1.028160,1,0,322.225,0,0,0,322.225,0
72.29,1.81912,0,0,8.73176,0.254421,6.65821,3.6288,61.308,0,0,0,4.62201,0.203088,4.41892,0.66528,12.849,1,0.323336,6.65821,0,250.168,4.11316,252.389,0.84672,12.849,0.84672,3695.15,0,0,0,3.64362,1.18201,19.4016,1.02991,23.1974,0.42336,0,0.42336,460.49,0,1.01079,0,0,4.65441,3.64362,1.028160,1,0,280.006,0,0,0,280.006,0
72.29,1.82,0,0,9.1381,0.254421,7.06368,3.6288,61.308,0,0,0,7.2525,0.203088,7.04941,0.66528,12.849,1,0.323491,7.06368,0,287.938,4.11316,290.565,0.84672,12.849,0.84672,3695.15,0,0,0,6.00774,1.18243,26.3376,1.02991,32.4978,0.42336,0,0.42336,460.49,0,1.01109,0,0,7.01883,6.00774,1.028160,1,0,330.113,0,0,0,330.113,0
72.29,1.82087,0,0,9.00815,0.254421,6.93286,3.6288,61.308,0,0,0,6.50731,0.203088,6.30422,0.66528,12.849,1,0.323646,6.93286,0,323.304,4.11316,325.8,0.84672,12.849,0.84672,3695.15,0,0,0,4.84297,1.18286,23.4073,1.02991,28.4032,0.42336,0,0.42336,460.49,0,1.01139,0,0,5.85436,4.84297,1.028160,1,0,360.507,0,0,0,360.507,0
72.29,1.88684,0,0,4.75325,0.291535,2.57488,3.6288,61.308,0.0064538,0,0,1.85203,0.191153,1.65442,0.66528,12.849,1,0.335372,2.57488,0,226.842,3.53532,225.547,0.84672,12.849,0.84672,3695.15,0,0,0,1.46757,1.18328,8.50713,0.995049,10.1629,0.42336,0,0.42336,460.49,0,1.02816,0,0,2.49573,1.46757,1.028160,1,0,237.364,0,0,0,237.364,0
72.29,1.88772,0,0,3.30029,0.304307,1.10827,3.6288,61.308,0.00675241,0,0,0.578906,0.172479,0.399675,0.66528,12.849,1,0.335527,1.10827,0,115.865,3.58113,113.057,0.84672,12.849,0.84672,3695.15,0,0,0,0.720455,1.21579,5.53528,0.838363,6.63316,0.42336,0,0.42336,460.49,0,1.02816,0,0,1.74862,0.720455,1.028160,1,0,120.089,0,0,0,120.089,0
72.29,1.88859,0,0,11.054,0.308276,8.8571,3.6288,61.308,0.00705109,0,0,2.09098,0.220687,1.86324,0.66528,12.849,1,0.335683,8.8571,0,191.083,4.30374,195.301,0.84672,12.849,0.84672,3695.15,0,0,0,3.29525,1.21621,17.9408,1.12337,21.3289,0.42336,0,0.42336,460.49,0,1.02816,0,0,4.32341,3.29525,1.028160,1,0,218.493,0,0,0,218.493,0
72.29,1.88946,0,0,13.7932,0.308938,11.5948,3.6288,61.308,0.00734983,0,0,4.43956,0.228722,4.20349,0.66528,12.849,1,0.335838,11.5948,0,383.575,4.42417,390.41,0.84672,12.849,0.84672,3695.15,0,0,0,6.59655,1.21663,26.4465,1.17087,33.0888,0.42336,0,0.42336,460.49,0,1.02816,0,0,7.62471,6.59655,1.028160,1,0,427.702,0,0,0,427.702,0
72.29,2.09976,0,0,9.60281,0.333651,7.16939,3.6288,61.308,0.0938819,0,0,2.73535,0.205958,2.43551,0.66528,12.849,1,0.373217,7.16939,0,305.058,4.24818,307.606,0.84672,12.849,0.84672,3695.15,0,0,0,3.09578,1.21706,16.282,1.09082,19.504,0.42336,0,0.42336,460.49,0,1.02816,0,0,4.12394,3.09578,1.028160,1,0,329.545,0,0,0,329.545,0
72.29,2.10072,0,0,5.70455,0.366601,3.23723,3.6288,61.308,0.094216,0,0,1.39239,0.175607,1.12257,0.66528,12.849,1,0.373388,3.23723,0,173.305,4.01352,172.156,0.84672,12.849,0.84672,3695.15,0,0,0,1.82198,1.33033,8.93843,0.984076,11.1067,0.42336,0,0.42336,460.49,0,1.02816,0,0,2.85014,1.82198,1.028160,1,0,184.385,0,0,0,184.385,0
72.29,2.10168,0,0,7.9431,0.353614,5.4878,3.6288,61.308,0.0945501,0,0,2.36843,0.20327,2.07061,0.66528,12.849,1,0.373558,5.4878,0,200.219,4.66872,200.665,0.84672,12.849,0.84672,3695.15,0,0,0,3.42128,1.3308,16.0322,1.18906,19.5952,0.42336,0,0.42336,460.49,0,1.02816,0,0,4.44944,3.42128,1.028160,1,0,222.33,0,0,0,222.33,0
72.29,2.10264,0,0,6.28415,0.355455,3.82605,3.6288,61.308,0.0948843,0,0,1.73985,0.169561,1.4754,0.66528,12.849,1,0.373729,3.82605,0,201.662,4.28667,200.828,0.84672,12.849,0.84672,3695.15,0,0,0,2.65612,1.33127,12.5965,0.988509,15.5954,0.42336,0,0.42336,460.49,0,1.02816,0,0,3.68428,2.65612,1.028160,1,0,217.898,0,0,0,217.898,0
72.29,1.80441,0,0,4.65628,0.343593,2.50827,3.6288,61.308,0,0,0,1.24828,0.153539,1.09474,0.66528,12.849,1,0.320721,2.50827,0,132.609,3.88528,130.912,0.84672,12.849,0.84672,3695.15,0,0,0,1.67517,1.33174,8.51066,0.903121,10.6144,0.42336,0,0.42336,460.49,0,1.00746,0,0,2.68263,1.67517,1.028160,1,0,142.621,0,0,0,142.621,0
72.29,1.80525,0,0,5.37065,0.326214,3.23918,3.6288,61.308,0,0,0,1.2194,0.142126,1.07727,0.66528,12.849,1,0.32087,3.23918,0,123.595,3.49325,123.02,0.84672,12.849,0.84672,3695.15,0,0,0,1.88278,1.17662,10.5818,0.852056,12.7892,0.42336,0,0.42336,460.49,0,1.00775,0,0,2.89053,1.88278,1.028160,1,0,136.887,0,0,0,136.887,0
72.29,1.80609,0,0,4.60173,0.326214,2.46943,3.6288,61.308,0,0,0,0.965364,0.142126,0.823238,0.66528,12.849,1,0.321019,2.46943,0,118.732,3.49325,117.387,0.84672,12.849,0.84672,3695.15,0,0,0,1.30738,1.17702,9.9195,0.852056,11.5518,0.42336,0,0.42336,460.49,0,1.00804,0,0,2.31542,1.30738,1.028160,1,0,129.762,0,0,0,129.762,0
72.29,1.80693,0,0,4.56842,0.296919,2.46456,3.6288,61.308,0,0,0,1.0395,0.142377,0.897118,0.66528,12.849,1,0.321169,2.46456,0,134.412,3.68138,132.874,0.84672,12.849,0.84672,3695.15,0,0,0,1.95433,1.17743,8.64544,0.91121,10.866,0.42336,0,0.42336,460.49,0,1.00833,0,0,2.96266,1.95433,1.028160,1,0,144.638,0,0,0,144.638,0
72.29,1.80777,0,0,4.90368,0.300063,2.79584,3.6288,61.308,0,0,0,1.18657,0.163554,1.02301,0.66528,12.849,1,0.321318,2.79584,0,104.275,4.73086,102.019,0.84672,12.849,0.84672,3695.15,0,0,0,1.812,1.17784,9.49268,1.0625,11.42,0.42336,0,0.42336,460.49,0,1.00861,0,0,2.82061,1.812,1.028160,1,0,114.462,0,0,0,114.462,0
72.29,1.88408,0,0,7.06967,0.315418,4.87018,3.6288,61.308,0.00915514,0,0,1.39615,0.147019,1.23998,0.66528,12.849,1,0.334881,4.87018,0,197.129,3.11706,198.547,0.84672,12.849,0.84672,3695.15,0,0,0,2.17657,1.17825,16.1187,0.746248,18.7273,0.42336,0,0.42336,460.49,0,1.02816,0,0,3.20473,2.17657,1.028160,1,0,218.514,0,0,0,218.514,0
72.29,1.88495,0,0,7.93869,0.287603,5.76614,3.6288,61.308,0.00945423,0,0,1.55273,0.156816,1.38646,0.66528,12.849,1,0.335035,5.76614,0,170.005,3.76428,171.672,0.84672,12.849,0.84672,3695.15,0,0,0,2.30198,1.21726,13.9331,0.88029,16.5721,0.42336,0,0.42336,460.49,0,1.02816,0,0,3.33014,2.30198,1.028160,1,0,189.63,0,0,0,189.63,0
72.29,1.88582,0,0,5.57082,0.275766,3.40924,3.6288,61.308,0.00975339,0,0,1.11765,0.154156,0.953744,0.66528,12.849,1,0.33519,3.40924,0,138.996,3.88332,138.187,0.84672,12.849,0.84672,3695.15,0,0,0,1.81344,1.21769,10.5606,0.903408,12.6883,0.42336,0,0.42336,460.49,0,1.02816,0,0,2.8416,1.81344,1.028160,1,0,151.829,0,0,0,151.829,0
72.29,1.88669,0,0,4.92597,0.275766,2.76351,3.6288,61.308,0.0100526,0,0,1.1974,0.154156,1.03319,0.66528,12.849,1,0.335345,2.76351,0,120.206,3.88332,118.751,0.84672,12.849,0.84672,3695.15,0,0,0,1.6383,1.21811,10.3397,0.903408,12.2927,0.42336,0,0.42336,460.49,0,1.02816,0,0,2.66646,1.6383,1.028160,1,0,132.077,0,0,0,132.077,0
72.29,1.85801,0,0,4.99036,0.230693,2.90166,3.6288,61.308,0,0,0,1.3819,0.173066,1.20883,0.66528,12.849,1,0.330247,2.90166,0,112.268,3.42065,111.419,0.84672,12.849,0.84672,3695.15,0,0,0,1.44556,1.21853,11.2849,0.972401,12.9766,0.42336,0,0.42336,460.49,0,1.02746,0,0,2.47302,1.44556,1.028160,1,0,125.604,0,0,0,125.604,0
72.29,1.85887,0,0,4.76956,0.212663,2.69802,3.6288,61.308,0,0,0,1.29377,0.180631,1.11314,0.66528,12.849,1,0.3304,2.69802,0,102.19,3.23558,101.323,0.84672,12.849,0.84672,3695.15,0,0,0,1.25494,1.20389,8.81401,0.999998,10.2728,0.42336,0,0.42336,460.49,0,1.02775,0,0,2.28269,1.25494,1.028160,1,0,112.708,0,0,0,112.708,0
72.29,1.85973,0,0,4.37988,0.212663,2.30749,3.6288,61.308,0,0,0,1.17517,0.180631,0.994539,0.66528,12.849,1,0.330553,2.30749,0,90.2733,3.23558,89.0147,0.84672,12.849,0.84672,3695.15,0,0,0,1.13718,1.20431,7.92357,0.999998,9.26506,0.42336,0,0.42336,460.49,0,1.02805,0,0,2.16523,1.13718,1.028160,1,0,99.2743,0,0,0,99.2743,0
72.29,1.86059,0,0,4.00787,0.197934,1.94935,3.6288,61.308,0.000182731,0,0,1.01672,0.184946,0.831592,0.66528,12.849,1,0.330706,1.94935,0,84.0154,3.28795,82.346,0.84672,12.849,0.84672,3695.15,0,0,0,0.767785,1.20473,7.19928,0.974171,8.19762,0.42336,0,0.42336,460.49,0,1.02816,0,0,1.79594,0.767785,1.028160,1,0,91.3753,0,0,0,91.3753,0
72.29,1.96193,0,0,4.26114,0.16376,2.13544,3.6288,61.308,0.0397421,0,0,1.1316,0.190606,0.90125,0.66528,12.849,1,0.348719,2.13544,0,92.7971,3.54724,91.0365,0.84672,12.849,0.84672,3695.15,0,0,0,0.976743,1.20515,7.43576,0.931234,8.68641,0.42336,0,0.42336,460.49,0,1.02816,0,0,2.0049,0.976743,1.028160,1,0,100.624,0,0,0,100.624,0
72.29,1.96283,0,0,4.32567,0.15406,2.20877,3.6288,61.308,0.0400532,0,0,1.29176,0.184123,1.06758,0.66528,12.849,1,0.348879,2.20877,0,92.6251,3.83124,90.6538,0.84672,12.849,0.84672,3695.15,0,0,0,1.00246,1.25808,7.23876,0.945087,8.55422,0.42336,0,0.42336,460.49,0,1.02816,0,0,2.03062,1.00246,1.028160,1,0,100.276,0,0,0,100.276,0
72.29,1.96374,0,0,4.04331,0.15406,1.92552,3.6288,61.308,0.0403644,0,0,1.23688,0.184123,1.01239,0.66528,12.849,1,0.349039,1.92552,0,86.8821,3.83124,84.6273,0.84672,12.849,0.84672,3695.15,0,0,0,0.912185,1.25852,7.1401,0.945087,8.36571,0.42336,0,0.42336,460.49,0,1.02816,0,0,1.94035,0.912185,1.028160,1,0,94.0054,0,0,0,94.0054,0
72.29,1.96464,0,0,3.77249,0.134232,1.67362,3.6288,61.308,0.0406757,0,0,1.11518,0.207123,0.867383,0.66528,12.849,1,0.3492,1.67362,0,82.9907,4.08585,80.2292,0.84672,12.849,0.84672,3695.15,0,0,0,0.727384,1.25896,6.83562,1.01085,7.81111,0.42336,0,0.42336,460.49,0,1.02816,0,0,1.75554,0.727384,1.028160,1,0,88.9077,0,0,0,88.9077,0
72.29,1.96554,0,0,3.56613,0.107795,1.4928,3.6288,61.308,0.0409871,0,0,1.07163,0.23779,0.792851,0.66528,12.849,1,0.34936,1.4928,0,76.8295,4.42533,73.5476,0.84672,12.849,0.84672,3695.15,0,0,0,0.581576,1.2594,6.55669,1.09854,7.29912,0.42336,0,0.42336,460.49,0,1.02816,0,0,1.60974,0.581576,1.028160,1,0,81.6396,0,0,0,81.6396,0
72.29,1.94653,0,0,2.51045,0.128584,0.43533,3.6288,61.308,0.0629226,0,0,0.978506,0.2399,0.675683,0.66528,12.849,1,0.345981,0.43533,0,46.2016,4.67231,41.6187,0.84672,12.849,0.84672,3695.15,0,0,0,0.533019,1.25984,5.17414,1.17108,5.79592,0.42336,0,0.42336,460.49,0,1.02816,0,0,1.56118,0.533019,1.028160,1,0,48.0903,0,0,0,48.0903,0
72.207,1.94743,0,0,2.32262,0.0953217,0.36288,3.6288,61.308,0.0632429,0,0,0.968311,0.252353,0.652715,0.66528,12.849,1,0.34614,0.36288,0,42.5874,4.76847,37.8357,0.84672,12.849,0.84672,3695.15,0,0,0,0.440562,1.27259,5.02917,1.19964,5.54268,0.42336,0,0.42336,460.49,0,1.02816,0,0,1.46872,0.440562,1.028160,1,0,44.0311,0,0,0,44.0311,0
71.971,1.94798,0,0,2.17007,0.0951952,0.36288,3.6288,61.308,0.0635633,0,0,0.97124,0.252353,0.655324,0.66528,12.849,1,0.346637,0.36288,0,39.4488,4.76847,34.6965,0.84672,12.849,0.84672,3695.15,0,0,0,0.511289,1.27303,4.64946,1.19964,5.23414,0.42336,0,0.42336,460.49,0,1.02816,0,0,1.53945,0.511289,1.028160,1,0,40.586,0,0,0,40.586,0
71.6056,1.94791,0,0,2.03952,0.0941468,0.36288,3.6288,61.308,0.0638837,0,0,0.949683,0.259209,0.62659,0.66528,12.849,1,0.347762,0.36288,0,36.692,4.85479,31.8523,0.84672,12.849,0.84672,3695.15,0,0,0,0.484531,1.27348,4.53715,1.22036,5.0748,0.42336,0,0.42336,460.49,0,1.02816,0,0,1.51269,0.484531,1.028160,1,0,37.5537,0,0,0,37.5537,0
71.1955,1.99873,0,0,2.04041,0.0888524,0.36288,3.6288,61.308,0.0835074,0,0,0.861398,0.305058,0.472832,0.66528,12.849,1,0.358655,0.36288,0,35.8875,5.56072,30.331,0.84672,12.849,0.84672,3695.15,0,0,0,0.314384,1.27392,3.81695,1.39102,4.01424,0.42336,0,0.42336,460.49,0,1.02816,0,0,1.34254,0.314384,1.028160,1,0,34.8181,0,0,0,34.8181,0
70.5838,1.9979,0,0,1.83784,0.0887388,0.36288,3.6288,61.308,0.140324,0,0,0.661228,0.308591,0.212313,0.66528,12.849,1,0.36057,0.36288,0,32.7916,5.70171,27.0922,0.84672,12.849,0.84672,3695.15,0,0,0,0.261274,1.30065,3.39742,1.42581,3.53353,0.42336,0,0.42336,460.49,0,0.971672,0,0,1.23295,0.261274,1.028160,1,0,30.838,0,0,0,30.838,0
69.8563,1.99617,0,0,1.7198,0.0883235,0.36288,3.6288,61.308,0.159678,0,0,0.612066,0.308591,0.143798,0.66528,12.849,1,0.36338,0.36288,0,29.6026,5.70171,23.9004,0.84672,12.849,0.84672,3695.15,0,0,0,0.227405,1.3011,3.03216,1.42581,3.13487,0.42336,0,0.42336,460.49,0,0.952646,0,0,1.18005,0.227405,1.028160,1,0,27.1791,0,0,0,27.1791,0
68.9905,1.99388,0,0,1.57885,0.0878295,0.36288,3.6288,61.308,0.25693,0,0,0.605328,0.308591,0.0398073,0.66528,12.849,1,0.366745,0.36288,0,27.0603,5.70171,21.3547,0.84672,12.849,0.84672,3695.15,0,0,0,0.227405,1.30156,2.96556,1.42581,3.06872,0.42336,0,0.42336,460.49,0,0.855723,0,0,1.08313,0.227405,1.028160,1,0,24.4633,0,0,0,24.4633,0
68.2773,2.1409,0,0,1.86385,0.0733284,0.36288,3.6288,61.308,0.154609,0,0,0.730339,0.302374,0.273356,0.66528,12.849,1,0.398728,0.36288,0,28.7868,5.92989,22.821,0.84672,12.849,0.84672,3695.15,0,0,0,0.396317,1.30202,4.26014,1.47946,4.47901,0.42336,0,0.42336,460.49,0,1.02816,0,0,1.42448,0.396317,1.028160,1,0,27.5734,0,0,0,27.5734,0
67.228,2.13837,0,0,1.52737,0.0753979,0.36288,3.6288,61.308,0.275477,0,0,0.631909,0.339141,0.0172908,0.66528,12.849,1,0.402417,0.36288,0,29.0709,6.07499,22.9564,0.84672,12.849,0.84672,3695.15,0,0,0,0.227405,1.38973,2.56615,1.46646,2.71683,0.42336,0,0.42336,460.49,0,0.907649,0,0,1.13505,0.227405,1.028160,1,0,25.6905,0,0,0,25.6905,0
66.0257,2.13406,0,0,1.3694,0.0747788,0.36288,3.6288,61.2151,0.326534,0,0,0.57281,0.339141,0,0.66528,12.849,1,0.407875,0.36288,0,25.9519,6.07499,19.8319,0.84672,12.849,0.84672,3695.15,0,0,0,0.204422,1.39023,2.50238,1.46646,2.63057,0.42336,0,0.42336,460.49,0,0.85695,0,0,1.06137,0.204422,1.028160,1,0,22.4625,0,0,0,22.4625,0
65.0989,2.12881,0,0,1.63902,0.0740694,0.36288,3.6288,61.2559,0.235601,0,0,0.615347,0.338942,0,0.66528,12.849,1,0.41428,0.36288,0,26.8587,6.07499,20.7324,0.84672,12.849,0.84672,3695.15,0,0,0,0.204422,1.39072,2.74481,1.46646,2.87349,0.42336,0,0.42336,460.49,0,0.94824,0,0,1.15266,0.204422,1.028160,1,0,23.6058,0,0,0,23.6058,0
65.3161,2.12485,0,0,2.80255,0.0975876,0.36288,3.6288,61.308,0.156038,0,0,0.790353,0.333668,0.248586,0.66528,12.849,1,0.419396,0.36288,0,44.6358,5.92656,38.6527,0.84672,12.849,0.84672,3695.15,0,0,0,0.314487,1.39121,3.03828,1.44825,3.29573,0.42336,0,0.42336,460.49,0,1.02816,0,0,1.34265,0.314487,1.028160,1,0,42.197,0,0,0,42.197,0
64.4503,2.05437,0,0,1.63904,0.087642,0.36288,3.6288,61.0927,0.456302,0,0,0.617455,0.376496,0,0.66528,12.849,1,0.404137,0.36288,0,24.8096,6.62394,18.1444,0.84672,12.849,0.84672,3695.15,0,0,0,0.204422,1.3917,2.80555,1.53705,2.86463,0.42336,0,0.42336,460.49,0,0.685809,0,0,0.890231,0.204422,1.028160,1,0,21.009,0,0,0,21.009,0
63.1015,2.05078,0,0,1.19818,0.133331,0.36288,3.6288,60.6155,0.639275,0,0,0.512158,0.350082,0,0.66528,12.849,1,0.408849,0.36288,0,17.7318,6.42943,11.2564,0.84672,12.849,0.84672,3695.15,0,0,0,0.216518,1.34312,2.21814,1.45885,2.31893,0.42336,0,0.42336,460.49,0,0.503176,0,0,0.719695,0.216518,1.028160,1,0,13.5753,0,0,0,13.5753,0
62.3407,2.04445,0,0,1.79699,0.150423,0.36288,3.6288,60.4058,0.4638,0,0,0.589454,0.335283,0,0.66528,12.849,1,0.4163,0.36288,0,21.5946,6.31901,15.2222,0.84672,12.849,0.84672,3695.15,0,0,0,0.216518,1.34359,2.35932,1.42092,2.49851,0.42336,0,0.42336,460.49,0,0.678992,0,0,0.89551,0.216518,1.028160,1,0,17.7207,0,0,0,17.7207,0
62.2134,2.04116,0,0,2.42622,0.14949,0.36288,3.6288,60.9086,0.114972,0,0,0.952534,0.334837,0,0.66528,12.849,1,0.420703,0.36288,0,43.0927,6.31901,36.7159,0.84672,12.849,0.84672,3695.15,0,0,0,0.427896,1.34407,3.71645,1.42092,4.0675,0.42336,0,0.42336,460.49,0,1.02816,0,0,1.45606,0.427896,1.028160,1,0,40.7834,0,0,0,40.7834,0
61.1574,1.98217,0,0,1.46876,0.179753,0.36288,3.6288,60.7452,0.426005,0,0,0.556586,0.293964,0,0.66528,12.849,1,0.40938,0.36288,0,39.6846,5.44605,34.192,0.84672,12.849,0.84672,3695.15,0,0,0,0.216518,1.34454,2.68002,1.29699,2.94408,0.42336,0,0.42336,460.49,0,0.67877,0,0,0.895289,0.216518,1.028160,1,0,37.1361,0,0,0,37.1361,0
60.5719,1.97723,0,0,1.97307,0.218401,0.36288,3.6288,61.0045,0.18144,0,0,0.678535,0.237792,0,0.66528,12.849,1,0.415411,0.36288,0,43.255,4.28211,38.9203,0.84672,12.849,0.84672,3695.15,0,0,0,0.216518,1.30173,4.06605,1.13175,4.45255,0.42336,0,0.42336,460.49,0,0.92366,0,0,1.14018,0.216518,1.028160,1,0,43.3729,0,0,0,43.3729,0
62.2161,1.97482,0,0,4.1992,0.217341,0.36288,3.6288,61.308,0.0772651,0,0,1.40645,0.238183,0.787478,0.66528,12.849,1,0.418914,0.36288,0,94.5279,4.28211,90.1898,0.84672,12.849,0.84672,3695.15,0,0,0,1.6969,1.30218,6.60036,1.13175,8.46769,0.42336,0,0.42336,460.49,0,1.02816,0,0,2.72506,1.6969,1.028160,1,0,99.4449,0,0,0,99.4449,0
63.1328,1.9849,0,0,3.51057,0.246088,0.36288,3.6288,61.308,0.0775903,0,0,1.14021,0.247893,0.814728,0.66528,12.849,1,0.409926,0.36288,0,50.0279,4.03647,45.9444,0.84672,12.849,0.84672,3695.15,0,0,0,0.888684,1.30264,4.67139,1.0469,5.81581,0.42336,0,0.42336,460.49,0,1.02816,0,0,1.91684,0.888684,1.028160,1,0,52.575,0,0,0,52.575,0
63.2289,1.8219,0,0,2.54965,0.268735,0.36288,3.6288,61.308,0,0,0,1.08141,0.252909,0.828499,0.66528,12.849,1,0.3708,0.36288,0,40.8516,4.01358,36.8301,0.84672,12.849,0.84672,3695.15,0,0,0,0.991694,1.30309,5.27539,1.01286,6.55731,0.42336,0,0.42336,460.49,0,1.02535,0,0,2.01704,0.991694,1.028160,1,0,44.2159,0,0,0,44.2159,0
63.8711,1.82321,0,0,3.10512,0.276871,0.36288,3.6288,61.308,0,0,0,0.784598,0.241368,0.543231,0.66528,12.849,1,0.370502,0.36288,0,59.6408,4.98162,54.6516,0.84672,12.849,0.84672,3695.15,0,0,0,0.772904,1.2031,5.19575,1.19043,5.98132,0.42336,0,0.42336,460.49,0,1.02564,0,0,1.79855,0.772904,1.028160,1,0,61.1761,0,0,0,61.1761,0
64.5345,1.82715,0,0,3.13182,0.27832,0.36288,3.6288,61.308,0,0,0,1.20687,0.241368,0.965502,0.66528,12.849,1,0.36757,0.36288,0,71.5344,4.98162,66.5481,0.84672,12.849,0.84672,3695.15,0,0,0,1.69135,1.20351,9.54483,1.19043,11.2493,0.42336,0,0.42336,460.49,0,1.02593,0,0,2.71728,1.69135,1.028160,1,0,78.7628,0,0,0,78.7628,0
64.0241,1.83115,0,0,1.95585,0.272253,0.36288,3.6288,61.308,0.098196,0,0,0.511084,0.21562,0.197268,0.66528,12.849,1,0.364586,0.36288,0,41.4772,4.51295,36.9625,0.84672,12.849,0.84672,3695.15,0,0,0,0.412474,1.20393,4.11182,1.05565,4.67257,0.42336,0,0.42336,460.49,0,0.928031,0,0,1.3405,0.412474,1.028160,1,0,41.8324,0,0,0,41.8324,0
63.4008,1.82957,0,0,1.83019,0.261089,0.36288,3.6288,61.308,0.322127,0,0,0.585619,0.181289,0.0822032,0.66528,12.849,1,0.367176,0.36288,0,44.805,3.88804,40.9126,0.84672,12.849,0.84672,3695.15,0,0,0,0.412474,1.20434,4.42857,0.875939,5.16945,0.42336,0,0.42336,460.49,0,0.704393,0,0,1.11687,0.412474,1.028160,1,0,46.1643,0,0,0,46.1643,0
64.3892,1.89251,0,0,3.50106,0.257255,0.36288,3.6288,61.308,0.022069,0,0,1.04832,0.244322,0.781926,0.66528,12.849,1,0.383542,0.36288,0,81.2937,4.74574,76.5273,0.84672,12.849,0.84672,3695.15,0,0,0,0.906854,1.20476,5.64184,1.33818,6.41527,0.42336,0,0.42336,460.49,0,1.02816,0,0,1.93501,0.906854,1.028160,1,0,83.7245,0,0,0,83.7245,0
67.701,1.89826,0,0,5.83128,0.258309,0.36288,3.6288,61.308,0.0223614,0,0,1.78675,0.269535,1.49486,0.66528,12.849,1,0.378802,0.36288,0,83.5903,5.08882,78.4855,0.84672,12.849,0.84672,3695.15,0,0,0,2.2983,1.23794,11.1859,1.52308,13.1991,0.42336,0,0.42336,460.49,0,1.02816,0,0,3.32646,2.2983,1.028160,1,0,93.1795,0,0,0,93.1795,0
70.2566,1.91468,0,0,5.09832,0.265214,0.36288,3.6288,61.308,0.022654,0,0,1.28849,0.269535,0.996303,0.66528,12.849,1,0.363388,0.36288,0,95.1912,5.08882,90.1019,0.84672,12.849,0.84672,3695.15,0,0,0,1.5002,1.23835,7.64545,1.52308,8.86092,0.42336,0,0.42336,460.49,0,1.02816,0,0,2.52836,1.5002,1.028160,1,0,99.9591,0,0,0,99.9591,0
72.29,1.92671,0,0,5.05907,0.270542,0.828377,3.6288,61.308,0.0229466,0,0,1.57976,0.269535,1.28728,0.66528,12.849,1,0.35237,0.828377,0,93.4995,5.08882,88.8867,0.84672,12.849,0.84672,3695.15,0,0,0,1.99639,1.23877,7.75783,1.52308,9.46991,0.42336,0,0.42336,460.49,0,1.02816,0,0,3.02455,1.99639,1.028160,1,0,99.6439,0,0,0,99.6439,0
72.29,2.14986,0,0,4.87872,0.315105,2.41376,3.6288,61.308,0.111306,0,0,1.13238,0.239396,0.781683,0.66528,12.849,1,0.382121,2.41376,0,76.4467,4.39432,74.084,0.84672,12.849,0.84672,3695.15,0,0,0,1.02978,1.23918,5.44331,1.30288,6.40941,0.42336,0,0.42336,460.49,0,1.02816,0,0,2.05794,1.02978,1.028160,1,0,81.2751,0,0,0,81.2751,0
72.29,2.1508,0,0,4.18344,0.316337,1.71631,3.6288,61.308,0.111633,0,0,1.27818,0.197631,0.968912,0.66528,12.849,1,0.382288,1.71631,0,85.5117,4.15097,82.6948,0.84672,12.849,0.84672,3695.15,0,0,0,1.50879,1.35484,8.60388,1.17587,10.2917,0.42336,0,0.42336,460.49,0,1.02816,0,0,2.53695,1.50879,1.028160,1,0,93.9553,0,0,0,93.9553,0
71.6901,2.15174,0,0,2.21901,0.304278,0.36288,3.6288,61.308,0.280103,0,0,0.821721,0.20175,0.339868,0.66528,12.849,1,0.382455,0.36288,0,43.4828,4.12597,39.3372,0.84672,12.849,0.84672,3695.15,0,0,0,0.608429,1.3553,4.86842,1.15913,5.67302,0.42336,0,0.42336,460.49,0,0.860017,0,0,1.46845,0.608429,1.028160,1,0,45.3501,0,0,0,45.3501,0
71.7277,2.14997,0,0,2.82328,0.272883,0.36288,3.6288,61.308,0.112287,0,0,1.00329,0.212049,0.678958,0.66528,12.849,1,0.385338,0.36288,0,54.0073,4.0635,49.9213,0.84672,12.849,0.84672,3695.15,0,0,0,0.799157,1.35576,7.07676,1.11729,8.11439,0.42336,0,0.42336,460.49,0,1.02816,0,0,1.82732,0.799157,1.028160,1,0,58.7146,0,0,0,58.7146,0
71.8478,1.84591,0,0,2.60899,0.280101,0.36288,3.6288,61.308,0,0,0,1.37363,0.182851,1.19078,0.66528,12.849,1,0.330668,0.36288,0,60.3274,3.62763,56.732,0.84672,12.849,0.84672,3695.15,0,0,0,0.832284,1.35623,5.45457,0.986549,6.65653,0.42336,0,0.42336,460.49,0,1.0224,0,0,1.85469,0.832284,1.028160,1,0,64.5793,0,0,0,64.5793,0
72.29,1.8472,0,0,3.53881,0.298224,0.951154,3.6288,61.308,0.00824538,0,0,1.19361,0.109857,1.07551,0.66528,12.849,1,0.330346,0.951154,0,74.3524,2.53795,72.4352,0.84672,12.849,0.84672,3695.15,0,0,0,0.608429,1.1978,6.01131,0.659692,7.15784,0.42336,0,0.42336,460.49,0,1.01444,0,0,1.62287,0.608429,1.028160,1,0,80.6686,0,0,0,80.6686,0
72.29,1.84973,0,0,3.28766,0.299228,1.1387,3.6288,61.308,0,0,0,1.28436,0.109857,1.17451,0.66528,12.849,1,0.328776,1.1387,0,74.4803,2.53795,72.7522,0.84672,12.849,0.84672,3695.15,0,0,0,0.680444,1.1982,5.52448,0.659692,6.74343,0.42336,0,0.42336,460.49,0,1.02297,0,0,1.70341,0.680444,1.028160,1,0,80.6702,0,0,0,80.6702,0
72.29,1.85056,0,0,6.06302,0.299228,3.91324,3.6288,61.308,0,0,0,2.08285,0.109857,1.973,0.66528,12.849,1,0.328923,3.91324,0,143.625,2.53795,144.672,0.84672,12.849,0.84672,3695.15,0,0,0,1.91147,1.1986,11.3083,0.659692,13.7587,0.42336,0,0.42336,460.49,0,1.02325,0,0,2.93471,1.91147,1.028160,1,0,160.403,0,0,0,160.403,0
72.29,1.85138,0,0,5.78778,0.277204,3.6592,3.6288,61.308,0,0,0,2.29222,0.120533,2.17169,0.66528,12.849,1,0.329069,3.6592,0,176.521,3.18381,176.668,0.84672,12.849,0.84672,3695.15,0,0,0,2.35439,1.199,17.3708,0.767592,20.1566,0.42336,0,0.42336,460.49,0,1.02353,0,0,3.37792,2.35439,1.028160,1,0,198.996,0,0,0,198.996,0
72.29,1.92926,0,0,3.90169,0.324877,1.64756,3.6288,61.308,0.169394,0,0,1.11162,0.113493,0.828736,0.66528,12.849,1,0.342911,1.64756,0,92.8958,2.27862,91.9218,0.84672,12.849,0.84672,3695.15,0,0,0,0.558835,1.19939,5.48228,0.513528,6.72698,0.42336,0,0.42336,460.49,0,0.883431,0,0,1.44227,0.558835,1.028160,1,0,99.4776,0,0,0,99.4776,0
72.29,1.93011,0,0,4.19151,0.331232,1.93016,3.6288,61.308,0.0249582,0,0,1.65595,0.110853,1.52014,0.66528,12.849,1,0.343063,1.93016,0,86.4529,2.09286,85.9471,0.84672,12.849,0.84672,3695.15,0,0,0,1.68357,1.23922,7.11663,0.465751,9.57367,0.42336,0,0.42336,460.49,0,1.02816,0,0,2.71173,1.68357,1.028160,1,0,97.0409,0,0,0,97.0409,0
72.29,1.93097,0,0,3.74326,0.318569,1.49373,3.6288,61.308,0.0252513,0,0,1.49115,0.117526,1.34837,0.66528,12.849,1,0.343215,1.49373,0,87.7694,2.2158,86.7042,0.84672,12.849,0.84672,3695.15,0,0,0,0.927988,1.23963,6.05099,0.48852,7.73009,0.42336,0,0.42336,460.49,0,1.02816,0,0,1.95615,0.927988,1.028160,1,0,95.7826,0,0,0,95.7826,0
72.29,1.93182,0,0,2.94205,0.253646,0.756583,3.6288,61.308,0.228852,0,0,1.03325,0.128739,0.675658,0.66528,12.849,1,0.343366,0.756583,0,48.392,2.72916,46.0761,0.84672,12.849,0.84672,3695.15,0,0,0,0.528595,1.24005,4.38912,0.499733,5.65803,0.42336,0,0.42336,460.49,0,0.824852,0,0,1.35345,0.528595,1.028160,1,0,52.4098,0,0,0,52.4098,0
72.1901,1.9025,0,0,2.44365,0.278206,0.36288,3.6288,61.308,0.384084,0,0,0.82347,0.145612,0.293774,0.66528,12.849,1,0.338155,0.36288,0,47.2186,3.05064,44.1927,0.84672,12.849,0.84672,3695.15,0,0,0,0.528595,1.24046,3.55298,0.611845,4.71019,0.42336,0,0.42336,460.49,0,0.658627,0,0,1.18722,0.528595,1.028160,1,0,49.1967,0,0,0,49.1967,0
71.7552,1.90294,0,0,2.1163,0.285356,0.36288,3.6288,61.308,0.347238,0,0,0.742876,0.18709,0.208548,0.66528,12.849,1,0.338702,0.36288,0,44.7585,3.51603,41.2666,0.84672,12.849,0.84672,3695.15,0,0,0,0.528595,1.2255,4.09766,0.821327,5.03042,0.42336,0,0.42336,460.49,0,0.695762,0,0,1.22436,0.528595,1.028160,1,0,46.5056,0,0,0,46.5056,0
71.9947,1.90204,0,0,2.78888,0.284413,0.36288,3.6288,61.308,0.152651,0,0,0.829492,0.18709,0.489751,0.66528,12.849,1,0.340594,0.36288,0,49.409,3.51603,45.9152,0.84672,12.849,0.84672,3695.15,0,0,0,0.402797,1.22591,3.56569,0.821327,4.37307,0.42336,0,0.42336,460.49,0,0.890637,0,0,1.29343,0.402797,1.028160,1,0,50.778,0,0,0,50.778,0
71.9883,1.90385,0,0,2.51481,0.254556,0.36288,3.6288,61.308,0.191475,0,0,0.808652,0.19423,0.422947,0.66528,12.849,1,0.339782,0.36288,0,53.6949,3.73275,49.9853,0.84672,12.849,0.84672,3695.15,0,0,0,0.402797,1.22631,3.36061,0.781208,4.20852,0.42336,0,0.42336,460.49,0,0.852103,0,0,1.2549,0.402797,1.028160,1,0,54.6167,0,0,0,54.6167,0
71.2999,2.00719,0,0,1.91458,0.232916,0.36288,3.6288,61.308,0.395398,0,0,0.689878,0.203945,0.090535,0.66528,12.849,1,0.358258,0.36288,0,40.269,3.9774,36.2962,0.84672,12.849,0.84672,3695.15,0,0,0,0.402797,1.22672,2.99913,0.780075,3.84857,0.42336,0,0.42336,460.49,0,0.688556,0,0,1.09135,0.402797,1.028160,1,0,40.2353,0,0,0,40.2353,0
70.8329,2.00514,0,0,2.1394,0.23835,0.36288,3.6288,61.308,0.341063,0,0,0.739593,0.226613,0.171917,0.66528,12.849,1,0.361347,0.36288,0,40.3364,4.36704,35.9708,0.84672,12.849,0.84672,3695.15,0,0,0,0.402797,1.28075,3.05991,0.9584,3.78505,0.42336,0,0.42336,460.49,0,0.743195,0,0,1.14599,0.402797,1.028160,1,0,39.9278,0,0,0,39.9278,0
70.1822,2.004,0,0,1.91471,0.198479,0.36288,3.6288,61.308,0.251711,0,0,0.586058,0.21459,0.119758,0.66528,12.849,1,0.363524,0.36288,0,35.815,4.01982,31.7946,0.84672,12.849,0.84672,3695.15,0,0,0,0.30119,1.28118,2.80865,0.935803,3.45521,0.42336,0,0.42336,460.49,0,0.832853,0,0,1.13404,0.30119,1.028160,1,0,35.3696,0,0,0,35.3696,0
69.4345,2.00203,0,0,1.79969,0.182509,0.36288,3.6288,61.308,0.249181,0,0,0.610335,0.21816,0.142993,0.66528,12.849,1,0.366533,0.36288,0,32.9892,4.12818,28.8573,0.84672,12.849,0.84672,3695.15,0,0,0,0.30119,1.28161,2.85451,0.915743,3.52156,0.42336,0,0.42336,460.49,0,0.835687,0,0,1.13688,0.30119,1.028160,1,0,32.5219,0,0,0,32.5219,0
68.6199,1.99958,0,0,1.72937,0.181457,0.36288,3.6288,61.308,0.306079,0,0,0.621762,0.21816,0.0975235,0.66528,12.849,1,0.370027,0.36288,0,31.0996,4.12818,26.9643,0.84672,12.849,0.84672,3695.15,0,0,0,0.30119,1.28204,2.84634,0.915743,3.51382,0.42336,0,0.42336,460.49,0,0.779095,0,0,1.08029,0.30119,1.028160,1,0,30.5756,0,0,0,30.5756,0
67.5653,1.97659,0,0,1.42699,0.142125,0.36288,3.6288,61.308,0.0793939,0,0,0.661643,0.242905,0.339345,0.66528,12.849,1,0.370115,0.36288,0,28.7195,4.41618,24.2961,0.84672,12.849,0.84672,3695.15,0,0,0,0.492204,1.28247,3.03994,1.02026,3.79435,0.42336,0,0.42336,460.49,0,1.02816,0,0,1.52036,0.492204,1.028160,1,0,28.4298,0,0,0,28.4298,0
66.3709,1.97261,0,0,1.27567,0.134643,0.36288,3.6288,61.308,0.0797075,0,0,0.657616,0.247029,0.33088,0.66528,12.849,1,0.375133,0.36288,0,28.1433,4.46418,23.6669,0.84672,12.849,0.84672,3695.15,0,0,0,0.596255,1.29547,3.11227,1.03768,3.96631,0.42336,0,0.42336,460.49,0,1.02816,0,0,1.62442,0.596255,1.028160,1,0,27.9641,0,0,0,27.9641,0
65.068,1.96781,0,0,1.16118,0.133377,0.36288,3.6288,61.308,0.0800212,0,0,0.615075,0.247029,0.288025,0.66528,12.849,1,0.380957,0.36288,0,27.0176,4.46418,22.5354,0.84672,12.849,0.84672,3695.15,0,0,0,0.379287,1.2959,2.9237,1.03768,3.56121,0.42336,0,0.42336,460.49,0,1.02816,0,0,1.40745,0.379287,1.028160,1,0,26.3846,0,0,0,26.3846,0
63.6921,1.96231,0,0,1.06775,0.118498,0.36288,3.6288,61.308,0.0803351,0,0,0.587234,0.279936,0.226963,0.66528,12.849,1,0.387497,0.36288,0,23.9519,4.88763,19.0396,0.84672,12.849,0.84672,3695.15,0,0,0,0.372289,1.29634,2.81324,1.19225,3.28962,0.42336,0,0.42336,460.49,0,1.02816,0,0,1.40045,0.372289,1.028160,1,0,22.5562,0,0,0,22.5562,0
62.2144,2.00773,0,0,0.993531,0.100594,0.36288,3.6288,61.308,0.132892,0,0,0.526689,0.321906,0.0718907,0.66528,12.849,1,0.405031,0.36288,0,20.7615,5.5075,15.2118,0.84672,12.849,0.84672,3695.15,0,0,0,0.261274,1.29678,2.49833,1.41237,2.64402,0.42336,0,0.42336,460.49,0,0.995622,0,0,1.2569,0.261274,1.028160,1,0,17.9277,0,0,0,17.9277,0
60.8041,2.00063,0,0,1.04303,0.0897827,0.36288,3.6288,61.308,0.100676,0,0,0.649286,0.329731,0.218879,0.66528,12.849,1,0.413186,0.36288,0,25.6093,5.66979,19.8892,0.84672,12.849,0.84672,3695.15,0,0,0,0.299765,1.32404,2.50627,1.48355,2.64653,0.42336,0,0.42336,460.49,0,1.02816,0,0,1.32792,0.299765,1.028160,1,0,22.7546,0,0,0,22.7546,0
59.3301,1.99359,0,0,0.971179,0.0887425,0.36288,3.6288,61.308,0.100997,0,0,0.5633,0.329731,0.132572,0.66528,12.849,1,0.421281,0.36288,0,21.684,5.66979,15.9558,0.84672,12.849,0.84672,3695.15,0,0,0,0.407272,1.32449,2.52939,1.48355,2.7776,0.42336,0,0.42336,460.49,0,1.02816,0,0,1.43543,0.407272,1.028160,1,0,18.866,0,0,0,18.866,0
57.7917,1.98586,0,0,0.897921,0.0875522,0.36288,3.6288,61.308,0.101319,0,0,0.52238,0.329731,0.0913299,0.66528,12.849,1,0.430073,0.36288,0,20.7929,5.66979,15.056,0.84672,12.849,0.84672,3695.15,0,0,0,0.23258,1.32493,2.19929,1.48355,2.27325,0.42336,0,0.42336,460.49,0,1.02816,0,0,1.26074,0.23258,1.028160,1,0,17.4205,0,0,0,17.4205,0
56.1389,2.12594,0,0,0.917879,0.0819079,0.36288,3.6288,61.308,0.172877,0,0,0.580124,0.332321,0.0749269,0.66528,12.849,1,0.472666,0.36288,0,19.7762,5.74456,13.9218,0.84672,12.849,0.84672,3695.15,0,0,0,0.40271,1.32538,2.72032,1.49849,2.94993,0.42336,0,0.42336,460.49,0,1.02816,0,0,1.43087,0.40271,1.028160,1,0,16.9467,0,0,0,16.9467,0
54.5592,2.11553,0,0,0.991328,0.0925646,0.36288,3.6288,61.2616,0.259669,0,0,0.535637,0.322366,0,0.66528,12.849,1,0.484201,0.36288,0,20.6099,5.00493,15.4837,0.84672,12.849,0.84672,3695.15,0,0,0,0.227405,1.4149,1.94583,1.49145,2.09668,0.42336,0,0.42336,460.49,0,0.941717,0,0,1.16912,0.227405,1.028160,1,0,17.5804,0,0,0,17.5804,0
53.0557,2.1051,0,0,1.05561,0.0911126,0.36288,3.6288,61.308,0.173576,0,0,0.658863,0.322272,0.116617,0.66528,12.849,1,0.495763,0.36288,0,26.2267,5.00493,21.0889,0.84672,12.849,0.84672,3695.15,0,0,0,0.412802,1.41538,2.17343,1.49145,2.51016,0.42336,0,0.42336,460.49,0,1.02816,0,0,1.44096,0.412802,1.028160,1,0,23.7157,0,0,0,23.7157,0
51.3769,2.0947,0,0,0.868458,0.0897307,0.36288,3.6288,61.0438,0.421678,0,0,0.479836,0.322366,0,0.66528,12.849,1,0.507293,0.36288,0,24.0278,5.00493,18.8785,0.84672,12.849,0.84672,3695.15,0,0,0,0.204422,1.41586,1.78013,1.49145,1.90896,0.42336,0,0.42336,460.49,0,0.780408,0,0,0.98483,0.204422,1.028160,1,0,20.7875,0,0,0,20.7875,0
49.9257,2.08234,0,0,1.08225,0.0881875,0.36288,3.6288,61.308,0.174276,0,0,0.831221,0.321828,0.0709095,0.66528,12.849,1,0.520779,0.36288,0,23.4215,5.00493,18.2587,0.84672,12.849,0.84672,3695.15,0,0,0,0.918009,1.41634,2.77641,1.49145,3.61931,0.42336,0,0.42336,460.49,0,1.02816,0,0,1.94617,0.918009,1.028160,1,0,21.9489,0,0,0,21.9489,0
48.4083,2.00067,0,0,0.920039,0.073935,0.36288,3.6288,61.308,0.131304,0,0,1.25437,0.31391,0.809154,0.66528,12.849,1,0.514897,0.36288,0,16.921,4.55836,12.2106,0.84672,12.849,0.84672,3695.15,0,0,0,1.91683,1.41683,3.13698,1.26988,5.20076,0.42336,0,0.42336,460.49,0,1.02816,0,0,2.94499,1.91683,1.028160,1,0,18.2205,0,0,0,18.2205,0
46.8226,1.98878,0,0,0.830771,0.0647917,0.36288,3.6288,61.308,0.131637,0,0,0.728413,0.329832,0.266943,0.66528,12.849,1,0.527881,0.36288,0,16.1806,4.89731,11.1183,0.84672,12.849,0.84672,3695.15,0,0,0,0.677644,1.36722,2.33671,1.38272,2.99885,0.42336,0,0.42336,460.49,0,1.02816,0,0,1.7058,0.677644,1.028160,1,0,14.3841,0,0,0,14.3841,0
45.2716,1.97561,0,0,0.866747,0.0792197,0.36288,3.6288,61.308,0.131971,0,0,0.701248,0.314671,0.254607,0.66528,12.849,1,0.542145,0.36288,0,15.5527,4.68967,10.6838,0.84672,12.849,0.84672,3695.15,0,0,0,0.625424,1.36768,2.35149,1.31782,3.02677,0.42336,0,0.42336,460.49,0,1.02816,0,0,1.65358,0.625424,1.028160,1,0,13.9651,0,0,0,13.9651,0
45.2917,1.962,0,0,2.51442,0.169527,0.36288,3.6288,61.308,0.132304,0,0,1.65244,0.223704,1.29644,0.66528,12.849,1,0.556854,0.36288,0,46.8756,3.4439,43.2378,0.84672,12.849,0.84672,3695.15,0,0,0,1.5201,1.36814,6.17622,0.928432,8.13603,0.42336,0,0.42336,460.49,0,1.02816,0,0,2.54826,1.5201,1.028160,1,0,52.6702,0,0,0,52.6702,0
44.7025,1.90625,0,0,1.85445,0.174505,0.36288,3.6288,61.308,0.0931427,0,0,1.12488,0.229949,0.801785,0.66528,12.849,1,0.540792,0.36288,0,39.8488,3.97693,35.694,0.84672,12.849,0.84672,3695.15,0,0,0,1.27361,1.36861,3.7038,1.02871,5.31729,0.42336,0,0.42336,460.49,0,1.02816,0,0,2.30177,1.27361,1.028160,1,0,41.813,0,0,0,41.813,0
43.3535,1.90154,0,0,1.10103,0.185616,0.36288,3.6288,61.308,0.317513,0,0,0.637643,0.245561,0.0745686,0.66528,12.849,1,0.546567,0.36288,0,18.1057,5.30953,12.6125,0.84672,12.849,0.84672,3695.15,0,0,0,0.216518,1.32489,3.14553,1.27942,3.40753,0.42336,0,0.42336,460.49,0,0.804108,0,0,1.02063,0.216518,1.028160,1,0,16.0946,0,0,0,16.0946,0
42.6356,1.88925,0,0,1.71709,0.182782,0.36288,3.6288,61.308,0.0937791,0,0,0.945458,0.245561,0.606118,0.66528,12.849,1,0.559931,0.36288,0,30.8576,5.30953,25.351,0.84672,12.849,0.84672,3695.15,0,0,0,0.417459,1.32534,6.64025,1.27942,7.10363,0.42336,0,0.42336,460.49,0,1.02816,0,0,1.44562,0.417459,1.028160,1,0,33.0607,0,0,0,33.0607,0
43.2547,1.88282,0,0,3.08296,0.218229,0.36288,3.6288,61.308,0.0940975,0,0,1.56485,0.231027,1.23973,0.66528,12.849,1,0.567422,0.36288,0,41.9717,4.88059,36.8866,0.84672,12.849,0.84672,3695.15,0,0,0,0.672503,1.32579,9.50394,1.21712,10.2851,0.42336,0,0.42336,460.49,0,1.02816,0,0,1.70066,0.672503,1.028160,1,0,48.4114,0,0,0,48.4114,0
44.5657,1.73002,0,0,3.62995,0.225998,0.36288,3.6288,61.308,0.012032,0,0,1.42044,0.228604,1.17981,0.66528,12.849,1,0.51391,0.36288,0,42.6288,4.80911,37.6687,0.84672,12.849,0.84672,3695.15,0,0,0,1.00383,1.32623,6.44812,1.20674,7.57144,0.42336,0,0.42336,460.49,0,1.02816,0,0,2.03199,1.00383,1.028160,1,0,46.4199,0,0,0,46.4199,0
43.9256,1.74252,0,0,1.68667,0.22139,0.36288,3.6288,61.308,0.0123185,0,0,0.922743,0.202448,0.707977,0.66528,12.849,1,0.502397,0.36288,0,35.6724,4.34674,31.1861,0.84672,12.849,0.84672,3695.15,0,0,0,0.446714,1.22416,5.37481,1.06084,5.98485,0.42336,0,0.42336,460.49,0,1.02816,0,0,1.47487,0.446714,1.028160,1,0,37.879,0,0,0,37.879,0
42.6613,1.73762,0,0,1.07203,0.235827,0.36288,3.6288,61.308,0.120216,0,0,0.806933,0.209387,0.47733,0.66528,12.849,1,0.508285,0.36288,0,30.4698,4.16252,26.1619,0.84672,12.849,0.84672,3695.15,0,0,0,0.412474,1.22457,4.77065,0.997199,5.4105,0.42336,0,0.42336,460.49,0,0.920549,0,0,1.33302,0.412474,1.028160,1,0,32.0497,0,0,0,32.0497,0
42.0201,1.72681,0,0,1.68091,0.232422,0.36288,3.6288,61.308,0.0234497,0,0,0.881323,0.209387,0.648487,0.66528,12.849,1,0.52009,0.36288,0,34.5324,4.16252,30.2127,0.84672,12.849,0.84672,3695.15,0,0,0,0.412474,1.22498,4.76216,0.997199,5.40241,0.42336,0,0.42336,460.49,0,1.0176,0,0,1.43008,0.412474,1.028160,1,0,36.2636,0,0,0,36.2636,0
43.2334,1.72149,0,0,3.5262,0.228494,0.36288,3.6288,61.308,0.0131783,0,0,1.27772,0.210588,1.05395,0.66528,12.849,1,0.5264,0.36288,0,30.6533,4.22707,26.2627,0.84672,12.849,0.84672,3695.15,0,0,0,0.817517,1.22538,6.77666,1.05219,7.76738,0.42336,0,0.42336,460.49,0,1.02816,0,0,1.84568,0.817517,1.028160,1,0,35.084,0,0,0,35.084,0
49.0937,1.79523,0,0,8.2727,0.254312,0.36288,3.6288,61.308,0.0373601,0,0,4.58749,0.203497,4.34663,0.66528,12.849,1,0.533544,0.36288,0,128.525,4.05529,124.299,0.84672,12.849,0.84672,3695.15,0,0,0,4.39515,1.22579,15.8324,1.12504,20.3283,0.42336,0,0.42336,460.49,0,1.02816,0,0,5.42331,4.39515,1.028160,1,0,148.974,0,0,0,148.974,0
53.9469,1.84649,0,0,7.36284,0.300268,0.36288,3.6288,61.308,0.037646,0,0,3.40672,0.192773,3.1763,0.66528,12.849,1,0.483271,0.36288,0,148.067,3.63594,144.311,0.84672,12.849,0.84672,3695.15,0,0,0,3.30083,1.25963,13.271,0.932236,16.8992,0.42336,0,0.42336,460.49,0,1.02816,0,0,4.32899,3.30083,1.028160,1,0,164.386,0,0,0,164.386,0
58.4924,1.8824,0,0,7.10657,0.31584,0.36288,3.6288,61.308,0.037932,0,0,2.70625,0.192773,2.47554,0.66528,12.849,1,0.448347,0.36288,0,119.619,3.63594,115.898,0.84672,12.849,0.84672,3695.15,0,0,0,2.95391,1.26004,11.6646,0.932236,14.9463,0.42336,0,0.42336,460.49,0,1.02816,0,0,3.98207,2.95391,1.028160,1,0,133.32,0,0,0,133.32,0
61.5378,1.91177,0,0,5.62329,0.303246,0.36288,3.6288,61.308,0.0382179,0,0,2.03235,0.201296,1.79284,0.66528,12.849,1,0.419959,0.36288,0,85.4392,3.95462,81.4275,0.84672,12.849,0.84672,3695.15,0,0,0,2.24945,1.26044,9.53986,1.01419,12.0356,0.42336,0,0.42336,460.49,0,1.02816,0,0,3.27761,2.24945,1.028160,1,0,95.2559,0,0,0,95.2559,0
63.8436,2.14241,0,0,5.11664,0.305473,0.36288,3.6288,61.308,0.128365,0,0,2.4086,0.195714,2.08452,0.66528,12.849,1,0.447333,0.36288,0,85.6665,3.92751,81.6545,0.84672,12.849,0.84672,3695.15,0,0,0,2.25044,1.26085,9.28005,1.0042,11.7871,0.42336,0,0.42336,460.49,0,1.02816,0,0,3.2786,2.25044,1.028160,1,0,95.5262,0,0,0,95.5262,0
66.2028,2.15676,0,0,5.21999,0.341182,0.36288,3.6288,61.308,0.128685,0,0,2.42878,0.141762,2.15833,0.66528,12.849,1,0.434064,0.36288,0,116.342,3.00006,113.271,0.84672,12.849,0.84672,3695.15,0,0,0,2.11359,1.37885,12.659,0.74756,15.4039,0.42336,0,0.42336,460.49,0,1.02816,0,0,3.14175,2.11359,1.028160,1,0,130.833,0,0,0,130.833,0
67.3211,2.17062,0,0,3.99953,0.347707,0.36288,3.6288,61.308,0.129005,0,0,2.11488,0.141762,1.84411,0.66528,12.849,1,0.421286,0.36288,0,100.023,3.00006,96.9642,0.84672,12.849,0.84672,3695.15,0,0,0,1.47587,1.3793,11.7083,0.74756,13.8159,0.42336,0,0.42336,460.49,0,1.02816,0,0,2.50403,1.47587,1.028160,1,0,112.624,0,0,0,112.624,0
72.29,2.17741,0,0,7.99954,0.335804,0.517444,3.6288,61.308,0.129325,0,0,4.25482,0.174959,3.95054,0.66528,12.849,1,0.415583,0.517444,0,137.237,3.7863,133.552,0.84672,12.849,0.84672,3695.15,0,0,0,4.59453,1.37975,16.8127,0.993535,21.7935,0.42336,0,0.42336,460.49,0,1.02816,0,0,5.62269,4.59453,1.028160,1,0,159.296,0,0,0,159.296,0
72.29,1.89085,0,0,9.64669,0.345781,7.41006,3.6288,61.308,0.00886939,0,0,5.38452,0.178396,5.19725,0.66528,12.849,1,0.336084,7.41006,0,153.344,3.9171,156.5,0.84672,12.849,0.84672,3695.15,0,0,0,7.27504,1.3802,18.9392,1.02952,26.565,0.42336,0,0.42336,460.49,0,1.02816,0,0,8.3032,7.27504,1.028160,1,0,188.263,0,0,0,188.263,0
72.29,1.89165,0,0,6.46713,0.342286,4.23319,3.6288,61.308,0.00914429,0,0,4.72646,0.165821,4.55149,0.66528,12.849,1,0.336226,4.23319,0,116.223,3.91566,116.204,0.84672,12.849,0.84672,3695.15,0,0,0,3.68059,1.21854,14.4866,0.999455,18.3863,0.42336,0,0.42336,460.49,0,1.02816,0,0,4.70875,3.68059,1.028160,1,0,139.142,0,0,0,139.142,0
72.29,1.89245,0,0,5.70787,0.342286,3.47313,3.6288,61.308,0.00941925,0,0,3.19664,0.165821,3.0214,0.66528,12.849,1,0.336369,3.47313,0,90.1247,3.91566,89.3458,0.84672,12.849,0.84672,3695.15,0,0,0,2.09637,1.21893,11.0246,0.999455,13.3405,0.42336,0,0.42336,460.49,0,1.02816,0,0,3.12453,2.09637,1.028160,1,0,105.708,0,0,0,105.708,0
72.29,1.89326,0,0,4.43076,0.342286,2.19522,3.6288,61.308,0.00969426,0,0,2.4884,0.165821,2.31288,0.66528,12.849,1,0.336512,2.19522,0,94.9692,3.91566,92.9122,0.84672,12.849,0.84672,3695.15,0,0,0,1.39135,1.21932,8.92045,0.999455,10.5317,0.42336,0,0.42336,460.49,0,1.02816,0,0,2.41951,1.39135,1.028160,1,0,105.757,0,0,0,105.757,0
72.29,1.89406,0,0,3.5806,0.308301,1.37823,3.6288,61.308,0.00996934,0,0,1.66605,0.147772,1.50831,0.66528,12.849,1,0.336655,1.37823,0,77.5112,3.65407,74.8987,0.84672,12.849,0.84672,3695.15,0,0,0,0.875707,1.21971,7.87795,0.961878,9.01149,0.42336,0,0.42336,460.49,0,1.02816,0,0,1.90387,0.875707,1.028160,1,0,85.4185,0,0,0,85.4185,0
72.29,1.97348,0,0,4.84977,0.322341,2.55395,3.6288,61.308,0.0398459,0,0,2.86624,0.163759,2.66264,0.66528,12.849,1,0.350771,2.55395,0,89.7359,3.90304,88.036,0.84672,12.849,0.84672,3695.15,0,0,0,2.00661,1.2201,10.1359,0.993345,12.3693,0.42336,0,0.42336,460.49,0,1.02816,0,0,3.03477,2.00661,1.028160,1,0,103.068,0,0,0,103.068,0
72.29,1.97432,0,0,3.6794,0.346082,1.359,3.6288,61.308,0.0401322,0,0,2.29129,0.179779,2.07138,0.66528,12.849,1,0.35092,1.359,0,80.0712,4.14214,76.9371,0.84672,12.849,0.84672,3695.15,0,0,0,1.44375,1.26071,9.01031,1.02597,10.6888,0.42336,0,0.42336,460.49,0,1.02816,0,0,2.47191,1.44375,1.028160,1,0,89.6973,0,0,0,89.6973,0
72.29,1.97515,0,0,2.88479,0.327252,0.58239,3.6288,61.308,0.0404185,0,0,1.90085,0.18602,1.67441,0.66528,12.849,1,0.351068,0.58239,0,71.5166,4.19773,67.5502,0.84672,12.849,0.84672,3695.15,0,0,0,1.04366,1.26111,6.80273,1.02985,8.07765,0.42336,0,0.42336,460.49,0,1.02816,0,0,2.07182,1.04366,1.028160,1,0,77.3023,0,0,0,77.3023,0
72.1259,1.97598,0,0,2.45494,0.280177,0.36288,3.6288,61.308,0.0407049,0,0,1.58006,0.201621,1.33773,0.66528,12.849,1,0.351216,0.36288,0,47.3651,4.33671,43.04,0.84672,12.849,0.84672,3695.15,0,0,0,0.7776,1.26152,5.46562,1.03956,6.46518,0.42336,0,0.42336,460.49,0,1.02816,0,0,1.80576,0.7776,1.028160,1,0,50.843,0,0,0,50.843,0
72.2184,1.94537,0,0,2.67074,0.27004,0.36288,3.6288,61.308,0.0294773,0,0,1.3609,0.181913,1.1495,0.66528,12.849,1,0.346561,0.36288,0,54.2679,4.00773,50.2765,0.84672,12.849,0.84672,3695.15,0,0,0,1.11112,1.26192,5.47465,1.04205,6.80565,0.42336,0,0.42336,460.49,0,1.02816,0,0,2.13928,1.11112,1.028160,1,0,58.2317,0,0,0,58.2317,0
72.29,1.94657,0,0,2.69155,0.257197,0.41614,3.6288,61.308,0.0297596,0,0,1.31833,0.177202,1.11136,0.66528,12.849,1,0.346331,0.41614,0,52.4653,3.84796,48.6871,0.84672,12.849,0.84672,3695.15,0,0,0,1.06623,1.24664,5.67654,1.08665,6.90276,0.42336,0,0.42336,460.49,0,1.02816,0,0,2.09439,1.06623,1.028160,1,0,56.7012,0,0,0,56.7012,0
72.1051,1.94768,0,0,2.38273,0.257061,0.36288,3.6288,61.308,0.0300419,0,0,1.14082,0.204235,0.906541,0.66528,12.849,1,0.346186,0.36288,0,46.1056,4.15414,41.9682,0.84672,12.849,0.84672,3695.15,0,0,0,0.907261,1.24704,5.12768,1.11296,6.16903,0.42336,0,0.42336,460.49,0,1.02816,0,0,1.93542,0.907261,1.028160,1,0,49.0437,0,0,0,49.0437,0
71.8148,1.94775,0,0,2.20694,0.186575,0.36288,3.6288,61.308,0.0303242,0,0,1.03956,0.236933,0.772308,0.66528,12.849,1,0.347086,0.36288,0,42.308,4.44244,37.8814,0.84672,12.849,0.84672,3695.15,0,0,0,0.762247,1.24744,4.83774,1.13017,5.71726,0.42336,0,0.42336,460.49,0,1.02816,0,0,1.79041,0.762247,1.028160,1,0,44.3709,0,0,0,44.3709,0
71.3703,2.05193,0,0,2.15641,0.186164,0.36288,3.6288,61.308,0.0714998,0,0,1.16671,0.236933,0.858278,0.66528,12.849,1,0.367128,0.36288,0,41.0754,4.44244,36.6287,0.84672,12.849,0.84672,3695.15,0,0,0,1.01568,1.24784,5.75904,1.13017,6.89239,0.42336,0,0.42336,460.49,0,1.02816,0,0,2.04384,1.01568,1.028160,1,0,44.3794,0,0,0,44.3794,0
71.0762,2.05085,0,0,2.29249,0.172811,0.36288,3.6288,61.308,0.0717976,0,0,1.0518,0.221508,0.758494,0.66528,12.849,1,0.369221,0.36288,0,39.5964,4.91936,34.6707,0.84672,12.849,0.84672,3695.15,0,0,0,1.06989,1.30293,4.86658,1.10343,6.13596,0.42336,0,0.42336,460.49,0,1.02816,0,0,2.09805,1.06989,1.028160,1,0,41.5652,0,0,0,41.5652,0
70.5905,2.05042,0,0,2.09997,0.172423,0.36288,3.6288,61.308,0.0720954,0,0,0.962107,0.221508,0.668504,0.66528,12.849,1,0.37067,0.36288,0,35.5293,4.91936,30.6022,0.84672,12.849,0.84672,3695.15,0,0,0,0.863326,1.30335,4.64844,1.10343,5.71168,0.42336,0,0.42336,460.49,0,1.02816,0,0,1.89149,0.863326,1.028160,1,0,36.9824,0,0,0,36.9824,0
70.0001,2.04912,0,0,1.95079,0.129149,0.36288,3.6288,61.308,0.0723933,0,0,0.92105,0.249838,0.598819,0.66528,12.849,1,0.372985,0.36288,0,31.4356,5.24065,26.1848,0.84672,12.849,0.84672,3695.15,0,0,0,0.797939,1.30377,4.43848,1.18553,5.35466,0.42336,0,0.42336,460.49,0,1.02816,0,0,1.8261,0.797939,1.028160,1,0,32.1383,0,0,0,32.1383,0
69.3049,2.04732,0,0,1.83646,0.12149,0.36288,3.6288,61.308,0.0726913,0,0,0.87969,0.254559,0.55244,0.66528,12.849,1,0.3758,0.36288,0,30.9746,5.29421,25.6674,0.84672,12.849,0.84672,3695.15,0,0,0,0.671164,1.30419,4.49576,1.19921,5.27191,0.42336,0,0.42336,460.49,0,1.02816,0,0,1.69932,0.671164,1.028160,1,0,31.4918,0,0,0,31.4918,0
68.5391,2.0244,0,0,1.73883,0.117292,0.36288,3.6288,61.308,0.0955068,0,0,0.811711,0.279258,0.436946,0.66528,12.849,1,0.375321,0.36288,0,31.9821,5.38105,26.5886,0.84672,12.849,0.84672,3695.15,0,0,0,0.693204,1.30461,3.86962,1.27515,4.59229,0.42336,0,0.42336,460.49,0,1.02816,0,0,1.72136,0.693204,1.028160,1,0,31.6178,0,0,0,31.6178,0
67.6953,2.02172,0,0,1.65592,0.115185,0.36288,3.6288,61.308,0.0958134,0,0,0.772572,0.289138,0.387621,0.66528,12.849,1,0.379011,0.36288,0,32.5948,5.4158,27.1629,0.84672,12.849,0.84672,3695.15,0,0,0,0.629536,1.31785,3.6597,1.30553,4.30156,0.42336,0,0.42336,460.49,0,1.02816,0,0,1.6577,0.629536,1.028160,1,0,31.8521,0,0,0,31.8521,0
66.7211,2.0186,0,0,1.52174,0.114426,0.36288,3.6288,61.308,0.0961199,0,0,0.750367,0.289138,0.365109,0.66528,12.849,1,0.383143,0.36288,0,32.0801,5.4158,26.6441,0.84672,12.849,0.84672,3695.15,0,0,0,0.630228,1.31828,3.69033,1.30553,4.33331,0.42336,0,0.42336,460.49,0,1.02816,0,0,1.65839,0.630228,1.028160,1,0,31.3425,0,0,0,31.3425,0
65.6151,2.01475,0,0,1.38514,0.11355,0.36288,3.6288,61.308,0.0964266,0,0,0.701819,0.289138,0.316254,0.66528,12.849,1,0.387996,0.36288,0,30.7968,5.4158,25.3559,0.84672,12.849,0.84672,3695.15,0,0,0,0.408724,1.3187,3.46672,1.30553,3.88862,0.42336,0,0.42336,460.49,0,1.02816,0,0,1.43688,0.408724,1.028160,1,0,29.5607,0,0,0,29.5607,0
64.3899,2.06294,0,0,1.30226,0.101605,0.36288,3.6288,61.308,0.116831,0,0,0.663042,0.314927,0.231283,0.66528,12.849,1,0.403973,0.36288,0,27.494,5.75552,21.6974,0.84672,12.849,0.84672,3695.15,0,0,0,0.340926,1.31913,3.29156,1.40731,3.54431,0.42336,0,0.42336,460.49,0,1.02816,0,0,1.36909,0.340926,1.028160,1,0,25.473,0,0,0,25.473,0
63.3992,2.05739,0,0,1.51873,0.0891653,0.36288,3.6288,61.308,0.117146,0,0,0.858401,0.34101,0.400245,0.66528,12.849,1,0.410553,0.36288,0,35.552,6.11079,29.3936,0.84672,12.849,0.84672,3695.15,0,0,0,0.524923,1.34692,3.697,1.48143,4.08741,0.42336,0,0.42336,460.49,0,1.02816,0,0,1.55308,0.524923,1.028160,1,0,33.8812,0,0,0,33.8812,0
62.3091,2.05292,0,0,1.41413,0.0884523,0.36288,3.6288,61.308,0.11746,0,0,0.744716,0.34101,0.286246,0.66528,12.849,1,0.416061,0.36288,0,30.1026,6.11079,23.9387,0.84672,12.849,0.84672,3695.15,0,0,0,0.650644,1.34736,3.73108,1.48143,4.24765,0.42336,0,0.42336,460.49,0,1.02816,0,0,1.6788,0.650644,1.028160,1,0,28.4726,0,0,0,28.4726,0
61.1182,2.04774,0,0,1.30743,0.0876678,0.36288,3.6288,61.308,0.117774,0,0,0.69063,0.34101,0.231845,0.66528,12.849,1,0.422273,0.36288,0,28.8659,6.11079,22.6957,0.84672,12.849,0.84672,3695.15,0,0,0,0.446351,1.34779,3.24415,1.48143,3.55687,0.42336,0,0.42336,460.49,0,1.02816,0,0,1.47451,0.446351,1.028160,1,0,26.4844,0,0,0,26.4844,0
59.8146,2.19485,0,0,1.33649,0.0823252,0.36288,3.6288,61.308,0.190741,0,0,0.766955,0.3436,0.232614,0.66528,12.849,1,0.461427,0.36288,0,27.4543,6.18557,21.1702,0.84672,12.849,0.84672,3695.15,0,0,0,0.645313,1.34823,4.01274,1.49637,4.50991,0.42336,0,0.42336,460.49,0,1.02816,0,0,1.67347,0.645313,1.028160,1,0,25.9127,0,0,0,25.9127,0
58.3585,2.18748,0,0,1.1768,0.0825732,0.36288,3.6288,61.308,0.191082,0,0,0.649081,0.359962,0.0980363,0.66528,12.849,1,0.4699,0.36288,0,21.2304,6.04202,15.0813,0.84672,12.849,0.84672,3695.15,0,0,0,0.387565,1.43951,3.57665,1.54693,3.8568,0.42336,0,0.42336,460.49,0,1.02816,0,0,1.41572,0.387565,1.028160,1,0,19.0362,0,0,0,19.0362,0
57.0016,2.17877,0,0,1.27071,0.0859887,0.36288,3.6288,61.308,0.191424,0,0,0.766845,0.360099,0.215322,0.66528,12.849,1,0.479708,0.36288,0,25.2992,5.94332,19.2391,0.84672,12.849,0.84672,3695.15,0,0,0,0.663595,1.43998,3.67607,1.54041,4.23923,0.42336,0,0.42336,460.49,0,1.02816,0,0,1.69176,0.663595,1.028160,1,0,23.6936,0,0,0,23.6936,0
55.3874,2.17035,0,0,1.00391,0.084855,0.36288,3.6288,61.2953,0.212355,0,0,0.559775,0.360099,0,0.66528,12.849,1,0.48923,0.36288,0,26.1079,5.94332,20.0383,0.84672,12.849,0.84672,3695.15,0,0,0,0.204422,1.44045,2.9128,1.54041,3.01726,0.42336,0,0.42336,460.49,0,1.00757,0,0,1.21199,0.204422,1.028160,1,0,23.0555,0,0,0,23.0555,0
54.0247,2.15968,0,0,1.24335,0.0835065,0.36288,3.6288,61.308,0.192108,0,0,0.931282,0.36007,0.366425,0.66528,12.849,1,0.501011,0.36288,0,23.1376,5.94332,17.0561,0.84672,12.849,0.84672,3695.15,0,0,0,1.13357,1.44092,4.3771,1.54041,5.41118,0.42336,0,0.42336,460.49,0,1.02816,0,0,2.16173,1.13357,1.028160,1,0,22.8337,0,0,0,22.8337,0
52.5315,2.0773,0,0,1.01144,0.0644933,0.36288,3.6288,61.308,0.148271,0,0,0.778058,0.311183,0.318604,0.66528,12.849,1,0.494055,0.36288,0,19.9418,4.82367,14.987,0.84672,12.849,0.84672,3695.15,0,0,0,0.685221,1.44139,4.24921,1.31738,5.05845,0.42336,0,0.42336,460.49,0,1.02816,0,0,1.71338,0.685221,1.028160,1,0,20.364,0,0,0,20.364,0
50.9574,2.06687,0,0,0.904176,0.048446,0.36288,3.6288,61.308,0.148596,0,0,0.744716,0.286561,0.309558,0.66528,12.849,1,0.505549,0.36288,0,17.6907,4.30742,13.2407,0.84672,12.849,0.84672,3695.15,0,0,0,0.5022,1.39078,3.97495,1.27602,4.59191,0.42336,0,0.42336,460.49,0,1.02816,0,0,1.53036,0.5022,1.028160,1,0,18.1421,0,0,0,18.1421,0
49.522,2.05526,0,0,1.06287,0.0801641,0.36288,3.6288,61.308,0.148922,0,0,0.756622,0.256239,0.351461,0.66528,12.849,1,0.518236,0.36288,0,17.8199,3.89216,13.7724,0.84672,12.849,0.84672,3695.15,0,0,0,0.54089,1.39123,4.15109,1.14622,4.93699,0.42336,0,0.42336,460.49,0,1.02816,0,0,1.56905,0.54089,1.028160,1,0,19.0609,0,0,0,19.0609,0
49.9505,2.04418,0,0,2.99455,0.158997,0.36288,3.6288,61.308,0.149248,0,0,1.83681,0.180432,1.50713,0.66528,12.849,1,0.530384,0.36288,0,56.9379,2.85401,53.9163,0.84672,12.849,0.84672,3695.15,0,0,0,1.5464,1.39169,11.049,0.821734,13.1654,0.42336,0,0.42336,460.49,0,1.02816,0,0,2.57456,1.5464,1.028160,1,0,68.5889,0,0,0,68.5889,0
49.2702,1.98952,0,0,1.83723,0.165167,0.36288,3.6288,61.308,0.1093,0,0,1.1354,0.188596,0.837504,0.66528,12.849,1,0.511772,0.36288,0,40.0927,3.13436,36.8095,0.84672,12.849,0.84672,3695.15,0,0,0,1.16845,1.39214,5.6097,0.874549,7.29574,0.42336,0,0.42336,460.49,0,1.02816,0,0,2.19661,1.16845,1.028160,1,0,44.9427,0,0,0,44.9427,0
47.8042,1.98474,0,0,1.07806,0.196414,0.36288,3.6288,61.308,0.10961,0,0,0.696425,0.237576,0.349239,0.66528,12.849,1,0.517593,0.36288,0,25.0982,4.81646,20.127,0.84672,12.849,0.84672,3695.15,0,0,0,0.392368,1.34754,4.04697,1.19144,4.59544,0.42336,0,0.42336,460.49,0,1.02816,0,0,1.42053,0.392368,1.028160,1,0,25.0717,0,0,0,25.0717,0
46.9562,1.97305,0,0,1.68129,0.193315,0.36288,3.6288,61.308,0.109921,0,0,1.03263,0.237576,0.68513,0.66528,12.849,1,0.530324,0.36288,0,42.7745,4.81646,37.7906,0.84672,12.849,0.84672,3695.15,0,0,0,0.983897,1.34798,8.54322,1.19144,9.68366,0.42336,0,0.42336,460.49,0,1.02816,0,0,2.01206,0.983897,1.028160,1,0,48.1594,0,0,0,48.1594,0
47.4153,1.96635,0,0,3.01867,0.230328,0.36288,3.6288,61.308,0.110233,0,0,1.70913,0.223041,1.37586,0.66528,12.849,1,0.538068,0.36288,0,58.1802,4.38752,53.6175,0.84672,12.849,0.84672,3695.15,0,0,0,1.33888,1.34841,12.2275,1.12914,13.7857,0.42336,0,0.42336,460.49,0,1.02816,0,0,2.36704,1.33888,1.028160,1,0,68.779,0,0,0,68.779,0
48.5638,1.80489,0,0,3.55426,0.237996,0.36288,3.6288,61.308,0.0265397,0,0,1.55142,0.220618,1.30426,0.66528,12.849,1,0.489105,0.36288,0,59.0914,4.31602,54.6491,0.84672,12.849,0.84672,3695.15,0,0,0,1.80005,1.34885,8.29604,1.11876,10.3262,0.42336,0,0.42336,460.49,0,1.02816,0,0,2.82821,1.80005,1.028160,1,0,66.2796,0,0,0,66.2796,0
49.9001,1.81481,0,0,3.76626,0.252349,0.36288,3.6288,61.308,0.0268196,0,0,2.64518,0.200226,2.41813,0.66528,12.849,1,0.48016,0.36288,0,84.5718,4.37119,80.0833,0.84672,12.849,0.84672,3695.15,0,0,0,2.50399,1.24476,14.2159,1.161,16.8037,0.42336,0,0.42336,460.49,0,1.02816,0,0,3.53215,2.50399,1.028160,1,0,99.3051,0,0,0,99.3051,0
52.5035,1.8258,0,0,5.05003,0.257914,0.36288,3.6288,61.308,0.0270997,0,0,2.43956,0.196827,2.21564,0.66528,12.849,1,0.470133,0.36288,0,79.3852,4.38039,74.8975,0.84672,12.849,0.84672,3695.15,0,0,0,2.23569,1.24515,14.7169,1.16805,17.0297,0.42336,0,0.42336,460.49,0,1.02816,0,0,3.26385,2.23569,1.028160,1,0,94.1429,0,0,0,94.1429,0
56.1238,1.8453,0,0,6.08666,0.258129,0.36288,3.6288,61.308,0.0273797,0,0,5.43899,0.190626,5.22099,0.66528,12.849,1,0.451595,0.36288,0,152.381,4.16601,148.126,0.84672,12.849,0.84672,3695.15,0,0,0,4.01935,1.24555,22.8028,1.14126,26.9264,0.42336,0,0.42336,460.49,0,1.02816,0,0,5.04751,4.01935,1.028160,1,0,180.274,0,0,0,180.274,0
59.0308,1.86979,0,0,5.38956,0.24988,0.36288,3.6288,61.308,0.0276598,0,0,5.64551,0.175125,5.44273,0.66528,12.849,1,0.428071,0.36288,0,89.3419,3.63006,85.6467,0.84672,12.849,0.84672,3695.15,0,0,0,4.01612,1.24595,19.8031,1.07431,23.9908,0.42336,0,0.42336,460.49,0,1.02816,0,0,5.04428,4.01612,1.028160,1,0,115.08,0,0,0,115.08,0
62.0813,1.9548,0,0,5.62094,0.252837,0.36288,3.6288,61.308,0.0523029,0,0,4.17748,0.196758,3.92842,0.66528,12.849,1,0.425494,0.36288,0,111.414,3.77007,107.581,0.84672,12.849,0.84672,3695.15,0,0,0,4.16415,1.24635,16.6831,1.06378,21.0298,0.42336,0,0.42336,460.49,0,1.02816,0,0,5.19231,4.16415,1.028160,1,0,132.539,0,0,0,132.539,0
65.2048,1.97292,0,0,5.70865,0.249306,0.36288,3.6288,61.308,0.0525819,0,0,4.38979,0.227388,4.10981,0.66528,12.849,1,0.408337,0.36288,0,162.182,3.70881,158.428,0.84672,12.849,0.84672,3695.15,0,0,0,4.72218,1.28083,18.5445,1.0191,23.5284,0.42336,0,0.42336,460.49,0,1.02816,0,0,5.75034,4.72218,1.028160,1,0,186.066,0,0,0,186.066,0
67.0108,1.99007,0,0,4.41468,0.25571,0.36288,3.6288,61.308,0.0528609,0,0,3.67191,0.227388,3.39166,0.66528,12.849,1,0.392155,0.36288,0,134.546,3.70881,130.808,0.84672,12.849,0.84672,3695.15,0,0,0,4.35629,1.28123,16.0307,1.0191,20.6492,0.42336,0,0.42336,460.49,0,1.02816,0,0,5.38445,4.35629,1.028160,1,0,154.849,0,0,0,154.849,0
68.1741,1.99974,0,0,3.78526,0.259414,0.36288,3.6288,61.308,0.05314,0,0,3.0005,0.227388,2.71997,0.66528,12.849,1,0.383441,0.36288,0,109.903,3.71532,106.168,0.84672,12.849,0.84672,3695.15,0,0,0,3.55672,1.28163,14.4758,1.0191,18.295,0.42336,0,0.42336,460.49,0,1.02816,0,0,4.58488,3.55672,1.028160,1,0,127.183,0,0,0,127.183,0
70.1716,2.22654,0,0,4.85708,0.270122,0.36288,3.6288,61.308,0.145034,0,0,3.74185,0.224735,3.37208,0.66528,12.849,1,0.419644,0.36288,0,100.825,3.72737,97.0412,0.84672,12.849,0.84672,3695.15,0,0,0,4.56938,1.28202,17.3592,1.03599,22.1746,0.42336,0,0.42336,460.49,0,1.02816,0,0,5.59754,4.56938,1.028160,1,0,122.588,0,0,0,122.588,0
71.6671,2.23753,0,0,4.36176,0.265825,0.36288,3.6288,61.308,0.145346,0,0,2.58893,0.250007,2.19358,0.66528,12.849,1,0.409711,0.36288,0,106.051,4.50565,101.498,0.84672,12.849,0.84672,3695.15,0,0,0,3.29984,1.4023,12.065,1.18975,15.5774,0.42336,0,0.42336,460.49,0,1.02816,0,0,4.328,3.29984,1.028160,1,0,119.269,0,0,0,119.269,0
72.29,2.24568,0,0,5.79002,0.268891,2.65256,3.6288,61.308,0.145658,0,0,2.68271,0.250007,2.28705,0.66528,12.849,1,0.402621,2.65256,0,142.977,4.50565,140.722,0.84672,12.849,0.84672,3695.15,0,0,0,3.45749,1.40274,12.8791,1.18975,16.5496,0.42336,0,0.42336,460.49,0,1.02816,0,0,4.48565,3.45749,1.028160,1,0,159.558,0,0,0,159.558,0
72.29,2.24952,0,0,4.67423,0.270168,2.15454,3.6288,61.308,0.14597,0,0,3.72711,0.250007,3.33114,0.66528,12.849,1,0.399835,2.15454,0,113.43,4.50565,110.679,0.84672,12.849,0.84672,3695.15,0,0,0,4.12032,1.40318,13.3694,1.18975,17.7031,0.42336,0,0.42336,460.49,0,1.02816,0,0,5.14848,4.12032,1.028160,1,0,131.714,0,0,0,131.714,0
72.29,1.93262,0,0,4.69368,0.32053,2.44053,3.6288,61.308,0.023158,0,0,3.26891,0.237975,3.00778,0.66528,12.849,1,0.343508,2.44053,0,113.924,4.47072,111.55,0.84672,12.849,0.84672,3695.15,0,0,0,3.28457,1.40362,12.2253,1.17911,15.7344,0.42336,0,0.42336,460.49,0,1.02816,0,0,4.31273,3.28457,1.028160,1,0,130.292,0,0,0,130.292,0
72.29,1.9334,0,0,6.49393,0.314492,4.24603,3.6288,61.308,0.0234262,0,0,2.80841,0.187754,2.59723,0.66528,12.849,1,0.343647,4.24603,0,119.679,4.02559,119.555,0.84672,12.849,0.84672,3695.15,0,0,0,4.7944,1.23879,11.9076,0.976061,16.9648,0.42336,0,0.42336,460.49,0,1.02816,0,0,5.82256,4.7944,1.028160,1,0,139.117,0,0,0,139.117,0
72.29,1.93419,0,0,5.16316,0.314492,2.91448,3.6288,61.308,0.0236945,0,0,2.13049,0.187754,1.91904,0.66528,12.849,1,0.343787,2.91448,0,136.128,4.02559,134.673,0.84672,12.849,0.84672,3695.15,0,0,0,2.97674,1.23917,8.77003,0.976061,12.0099,0.42336,0,0.42336,460.49,0,1.02816,0,0,4.0049,2.97674,1.028160,1,0,148.602,0,0,0,148.602,0
72.29,1.93497,0,0,3.4983,0.303163,1.26017,3.6288,61.308,0.0239628,0,0,1.47224,0.181738,1.26654,0.66528,12.849,1,0.343926,1.26017,0,109.813,3.9384,106.791,0.84672,12.849,0.84672,3695.15,0,0,0,2.28758,1.23955,7.91968,0.963536,10.4833,0.42336,0,0.42336,460.49,0,1.02816,0,0,3.31574,2.28758,1.028160,1,0,118.54,0,0,0,118.54,0
72.29,1.93575,0,0,4.75587,0.235194,2.58492,3.6288,61.308,0.0242312,0,0,1.75489,0.14564,1.58502,0.66528,12.849,1,0.344066,2.58492,0,112.343,3.41523,111.169,0.84672,12.849,0.84672,3695.15,0,0,0,2.90361,1.23994,8.48845,0.888383,11.7436,0.42336,0,0.42336,460.49,0,1.02816,0,0,3.93177,2.90361,1.028160,1,0,124.498,0,0,0,124.498,0
72.29,2.01668,0,0,5.6628,0.246342,3.39978,3.6288,61.308,0.0546744,0,0,2.21835,0.174445,1.98924,0.66528,12.849,1,0.358449,3.39978,0,177.945,4.19368,176.793,0.84672,12.849,0.84672,3695.15,0,0,0,3.54454,1.24032,12.0874,1.04306,15.8292,0.42336,0,0.42336,460.49,0,1.02816,0,0,4.5727,3.54454,1.028160,1,0,194.611,0,0,0,194.611,0
72.29,2.01749,0,0,6.92201,0.255388,4.64913,3.6288,61.308,0.0549537,0,0,1.83843,0.20958,1.57389,0.66528,12.849,1,0.358594,4.64913,0,205.985,4.76511,205.51,0.84672,12.849,0.84672,3695.15,0,0,0,3.36993,1.2817,12.2972,1.14481,15.804,0.42336,0,0.42336,460.49,0,1.02816,0,0,4.39809,3.36993,1.028160,1,0,222.888,0,0,0,222.888,0
72.29,2.01831,0,0,4.24086,0.255388,1.96716,3.6288,61.308,0.0552331,0,0,1.28433,0.20958,1.01951,0.66528,12.849,1,0.358738,1.96716,0,118.06,4.76511,114.903,0.84672,12.849,0.84672,3695.15,0,0,0,2.22127,1.28209,8.70679,1.14481,11.0653,0.42336,0,0.42336,460.49,0,1.02816,0,0,3.24943,2.22127,1.028160,1,0,126.988,0,0,0,126.988,0
72.29,2.01912,0,0,3.58512,0.255388,1.31061,3.6288,61.308,0.0555125,0,0,1.14607,0.20958,0.880978,0.66528,12.849,1,0.358883,1.31061,0,94.8231,4.76511,91.0098,0.84672,12.849,0.84672,3695.15,0,0,0,2.08562,1.28249,7.85748,1.14481,10.0808,0.42336,0,0.42336,460.49,0,1.02816,0,0,3.11378,2.08562,1.028160,1,0,101.971,0,0,0,101.971,0
72.29,1.98855,0,0,3.39741,0.230399,1.17846,3.6288,61.308,0.0440556,0,0,1.19505,0.216448,0.934547,0.66528,12.849,1,0.353451,1.17846,0,82.1785,4.68177,78.3217,0.84672,12.849,0.84672,3695.15,0,0,0,1.83559,1.28288,7.32948,1.16686,9.28109,0.42336,0,0.42336,460.49,0,1.02816,0,0,2.86375,1.83559,1.028160,1,0,88.5374,0,0,0,88.5374,0
72.29,1.98936,0,0,3.69732,0.167927,1.54004,3.6288,61.308,0.044331,0,0,1.33899,0.233617,1.06104,0.66528,12.849,1,0.353593,1.54004,0,79.6392,4.47342,76.3522,0.84672,12.849,0.84672,3695.15,0,0,0,1.33598,1.26729,7.01914,1.22198,8.40042,0.42336,0,0.42336,460.49,0,1.02816,0,0,2.36414,1.33598,1.028160,1,0,85.8137,0,0,0,85.8137,0
72.29,1.99016,0,0,3.01763,0.167927,0.859544,3.6288,61.308,0.0446064,0,0,1.16683,0.233617,0.888608,0.66528,12.849,1,0.353736,0.859544,0,68.7865,4.47342,64.8189,0.84672,12.849,0.84672,3695.15,0,0,0,1.05278,1.26768,6.43174,1.22198,7.53021,0.42336,0,0.42336,460.49,0,1.02816,0,0,2.08094,1.05278,1.028160,1,0,73.2377,0,0,0,73.2377,0
72.29,1.99096,0,0,2.87329,0.167927,0.714401,3.6288,61.308,0.0448819,0,0,1.01754,0.233617,0.739042,0.66528,12.849,1,0.353879,0.714401,0,61.4059,4.47342,57.2931,0.84672,12.849,0.84672,3695.15,0,0,0,0.664528,1.26807,6.52654,1.22198,7.23716,0.42336,0,0.42336,460.49,0,1.02816,0,0,1.69269,0.664528,1.028160,1,0,65.2693,0,0,0,65.2693,0
72.2193,2.09843,0,0,2.52359,0.13298,0.36288,3.6288,61.308,0.0868373,0,0,0.858419,0.250849,0.520732,0.66528,12.849,1,0.37298,0.36288,0,56.8628,4.41784,52.4348,0.84672,12.849,0.84672,3695.15,0,0,0,0.75797,1.26846,5.55456,1.19127,6.38971,0.42336,0,0.42336,460.49,0,1.02816,0,0,1.78613,0.75797,1.028160,1,0,59.3453,0,0,0,59.3453,0
72.29,2.09896,0,0,2.66683,0.107511,0.389653,3.6288,61.308,0.0871278,0,0,0.911218,0.226346,0.597743,0.66528,12.849,1,0.37344,0.389653,0,57.1496,3.98149,53.1843,0.84672,12.849,0.84672,3695.15,0,0,0,0.990222,1.32459,5.04724,1.04956,6.31249,0.42336,0,0.42336,460.49,0,1.02816,0,0,2.01838,0.990222,1.028160,1,0,60.0946,0,0,0,60.0946,0
72.2514,2.10012,0,0,2.53545,0.111099,0.36288,3.6288,61.308,0.0874184,0,0,0.911313,0.218433,0.605461,0.66528,12.849,1,0.37328,0.36288,0,54.9711,3.92112,51.0395,0.84672,12.849,0.84672,3695.15,0,0,0,0.49477,1.325,4.66073,1.03277,5.44773,0.42336,0,0.42336,460.49,0,1.02816,0,0,1.52293,0.49477,1.028160,1,0,57.0927,0,0,0,57.0927,0
71.9818,2.10079,0,0,2.30519,0.111066,0.36288,3.6288,61.308,0.257545,0,0,0.79018,0.218433,0.314201,0.66528,12.849,1,0.373599,0.36288,0,51.9177,3.92112,47.9858,0.84672,12.849,0.84672,3695.15,0,0,0,0.30119,1.32541,4.28964,1.03277,4.88347,0.42336,0,0.42336,460.49,0,0.858324,0,0,1.15951,0.30119,1.028160,1,0,53.1835,0,0,0,53.1835,0
71.4386,2.10044,0,0,2.03099,0.110839,0.36288,3.6288,61.308,0.196717,0,0,0.765893,0.218433,0.350743,0.66528,12.849,1,0.374936,0.36288,0,44.0893,3.92112,40.1561,0.84672,12.849,0.84672,3695.15,0,0,0,0.30119,1.32582,4.22785,1.03277,4.8221,0.42336,0,0.42336,460.49,0,0.919443,0,0,1.22063,0.30119,1.028160,1,0,45.329,0,0,0,45.329,0
70.5242,2.07777,0,0,1.6191,0.0928763,0.36288,3.6288,61.308,0.133271,0,0,0.776148,0.256295,0.386583,0.66528,12.849,1,0.37371,0.36288,0,37.009,4.71411,32.2841,0.84672,12.849,0.84672,3695.15,0,0,0,0.30119,1.32623,3.27415,1.12472,3.77685,0.42336,0,0.42336,460.49,0,1.00613,0,0,1.30732,0.30119,1.028160,1,0,36.4475,0,0,0,36.4475,0
69.3423,2.07451,0,0,1.33345,0.0780112,0.36288,3.6288,61.308,0.111538,0,0,0.772563,0.295886,0.365138,0.66528,12.849,1,0.37796,0.36288,0,32.135,5.17944,26.9405,0.84672,12.849,0.84672,3695.15,0,0,0,0.278277,1.33971,2.71324,1.22453,3.10669,0.42336,0,0.42336,460.49,0,1.02816,0,0,1.30644,0.278277,1.028160,1,0,30.4123,0,0,0,30.4123,0
68.0985,2.0699,0,0,1.26632,0.0773021,0.36288,3.6288,61.308,0.142242,0,0,0.702847,0.295886,0.264719,0.66528,12.849,1,0.383549,0.36288,0,29.0822,5.17944,23.882,0.84672,12.849,0.84672,3695.15,0,0,0,0.261274,1.34012,2.65525,1.22453,3.03212,0.42336,0,0.42336,460.49,0,0.997756,0,0,1.25903,0.261274,1.028160,1,0,27.1789,0,0,0,27.1789,0
66.7675,2.06484,0,0,1.17329,0.0765559,0.36288,3.6288,61.308,0.207738,0,0,0.636365,0.295886,0.132741,0.66528,12.849,1,0.389599,0.36288,0,27.6838,5.17944,22.4776,0.84672,12.849,0.84672,3695.15,0,0,0,0.261274,1.34054,2.44961,1.22453,2.82689,0.42336,0,0.42336,460.49,0,0.932558,0,0,1.19383,0.261274,1.028160,1,0,25.4372,0,0,0,25.4372,0
65.3358,2.11313,0,0,1.11829,0.0739715,0.36288,3.6288,61.308,0.271451,0,0,0.658708,0.297573,0.0896839,0.66528,12.849,1,0.406658,0.36288,0,25.9682,5.21823,20.7062,0.84672,12.849,0.84672,3695.15,0,0,0,0.261274,1.34095,2.35653,1.25188,2.70688,0.42336,0,0.42336,460.49,0,0.889626,0,0,1.1509,0.261274,1.028160,1,0,23.5028,0,0,0,23.5028,0
63.8502,2.10652,0,0,1.04636,0.0625394,0.36288,3.6288,61.308,0.133224,0,0,0.779224,0.307696,0.338304,0.66528,12.849,1,0.41427,0.36288,0,26.0487,5.45097,20.5464,0.84672,12.849,0.84672,3695.15,0,0,0,0.337478,1.36926,2.40356,1.41595,2.69435,0.42336,0,0.42336,460.49,0,1.02816,0,0,1.36564,0.337478,1.028160,1,0,23.579,0,0,0,23.579,0
62.2661,2.09934,0,0,0.939902,0.0617951,0.36288,3.6288,61.308,0.133531,0,0,0.737027,0.307696,0.2958,0.66528,12.849,1,0.422463,0.36288,0,25.0484,5.45097,19.5378,0.84672,12.849,0.84672,3695.15,0,0,0,0.287859,1.36968,2.32215,1.41595,2.56374,0.42336,0,0.42336,460.49,0,1.02816,0,0,1.31602,0.287859,1.028160,1,0,22.3974,0,0,0,22.3974,0
60.6214,2.09126,0,0,0.870385,0.0610016,0.36288,3.6288,61.308,0.219814,0,0,0.708031,0.307696,0.180521,0.66528,12.849,1,0.431545,0.36288,0,22.3979,5.45097,16.8783,0.84672,12.849,0.84672,3695.15,0,0,0,0.227405,1.37011,2.23704,1.41595,2.41861,0.42336,0,0.42336,460.49,0,0.942183,0,0,1.16959,0.227405,1.028160,1,0,19.4774,0,0,0,19.4774,0
58.7687,2.23817,0,0,0.807831,0.0594945,0.36288,3.6288,61.308,0.319159,0,0,0.678292,0.308806,0.0503271,0.66528,12.849,1,0.474392,0.36288,0,17.7158,5.45334,12.1509,0.84672,12.849,0.84672,3695.15,0,0,0,0.227405,1.37053,2.0814,1.43426,2.24508,0.42336,0,0.42336,460.49,0,0.917179,0,0,1.14458,0.227405,1.028160,1,0,14.4464,0,0,0,14.4464,0
56.9156,2.22678,0,0,0.796893,0.0603112,0.36288,3.6288,61.308,0.34441,0,0,0.669228,0.293281,0.0315374,0.66528,12.849,1,0.486857,0.36288,0,19.3934,5.15916,14.1103,0.84672,12.849,0.84672,3695.15,0,0,0,0.227405,1.46353,2.09917,1.43536,2.35475,0.42336,0,0.42336,460.49,0,0.892261,0,0,1.11967,0.227405,1.028160,1,0,16.4966,0,0,0,16.4966,0
55.1554,2.21473,0,0,0.878921,0.0615358,0.36288,3.6288,61.308,0.208845,0,0,0.701447,0.284408,0.208194,0.66528,12.849,1,0.499988,0.36288,0,20.9657,5.0358,15.7927,0.84672,12.849,0.84672,3695.15,0,0,0,0.217071,1.46399,2.6222,1.39185,2.91141,0.42336,0,0.42336,460.49,0,1.02816,0,0,1.24523,0.217071,1.028160,1,0,18.9123,0,0,0,18.9123,0
53.5206,2.20266,0,0,0.991241,0.0604685,0.36288,3.6288,61.308,0.232921,0,0,0.724931,0.284408,0.207601,0.66528,12.849,1,0.513133,0.36288,0,20.0547,5.0358,14.8687,0.84672,12.849,0.84672,3695.15,0,0,0,0.204422,1.46445,2.91469,1.39185,3.19171,0.42336,0,0.42336,460.49,0,1.00442,0,0,1.20884,0.204422,1.028160,1,0,18.268,0,0,0,18.268,0
51.6177,2.19089,0,0,0.718857,0.0680117,0.36288,3.6288,61.308,0.304975,0,0,0.625187,0.28457,0.0356411,0.66528,12.849,1,0.52598,0.36288,0,19.2308,5.0802,13.9875,0.84672,12.849,0.84672,3695.15,0,0,0,0.204422,1.46491,2.07439,1.38315,2.36057,0.42336,0,0.42336,460.49,0,0.932697,0,0,1.13712,0.204422,1.028160,1,0,16.3837,0,0,0,16.3837,0
49.9102,2.10244,0,0,0.843852,0.0860229,0.36288,3.6288,61.1724,0.463134,0,0,0.610735,0.283196,0,0.66528,12.849,1,0.523353,0.36288,0,19.9115,5.06063,14.6904,0.84672,12.849,0.84672,3695.15,0,0,0,0.204422,1.46537,2.23493,1.34123,2.56349,0.42336,0,0.42336,460.49,0,0.729855,0,0,0.934278,0.204422,1.028160,1,0,17.2539,0,0,0,17.2539,0
48.156,2.08903,0,0,0.799381,0.101592,0.36288,3.6288,61.308,0.271212,0,0,0.759498,0.280959,0.0717328,0.66528,12.849,1,0.537806,0.36288,0,20.0728,4.99013,14.9077,0.84672,12.849,0.84672,3695.15,0,0,0,0.216518,1.41378,2.57136,1.29403,2.90762,0.42336,0,0.42336,460.49,0,0.922095,0,0,1.13861,0.216518,1.028160,1,0,17.8871,0,0,0,17.8871,0
46.3195,2.07439,0,0,0.700436,0.0996916,0.36288,3.6288,60.9101,0.586198,0,0,0.469452,0.2812,0,0.66528,12.849,1,0.55349,0.36288,0,20.3803,4.99013,15.1996,0.84672,12.849,0.84672,3695.15,0,0,0,0.216518,1.41422,2.02714,1.29403,2.36385,0.42336,0,0.42336,460.49,0,0.607427,0,0,0.823945,0.216518,1.028160,1,0,17.5634,0,0,0,17.5634,0
44.3707,2.05803,0,0,0.569788,0.0976971,0.36288,3.6288,60.2488,0.767118,0,0,0.386394,0.280493,0,0.66528,12.849,1,0.570896,0.36288,0,18.715,4.99013,13.5169,0.84672,12.849,0.84672,3695.15,0,0,0,0.216518,1.41466,1.83161,1.29403,2.16876,0.42336,0,0.42336,460.49,0,0.426825,0,0,0.643343,0.216518,1.028160,1,0,15.6856,0,0,0,15.6856,0
42.8125,1.98066,0,0,0.941397,0.156071,0.36288,3.6288,60.0629,0.552011,0,0,0.585126,0.219078,0,0.66528,12.849,1,0.573565,0.36288,0,26.6444,4.15961,22.2741,0.84672,12.849,0.84672,3695.15,0,0,0,0.216518,1.4151,2.42647,1.03444,3.02365,0.42336,0,0.42336,460.49,0,0.601214,0,0,0.817733,0.216518,1.028160,1,0,25.2977,0,0,0,25.2977,0
41.2884,1.96538,0,0,0.98331,0.179124,0.36288,3.6288,59.2457,0.889267,0,0,0.264768,0.192695,0,0.66528,12.849,1,0.589856,0.36288,0,19.563,4.1727,15.1634,0.84672,12.849,0.84672,3695.15,0,0,0,0.216518,1.36964,2.20965,1.05841,2.73739,0.42336,0,0.42336,460.49,0,0.264262,0,0,0.480781,0.216518,1.028160,1,0,17.9008,0,0,0,17.9008,0
39.613,1.94955,0,0,0.812981,0.175967,0.36288,3.6288,58.3575,0.924656,0,0,0.228137,0.191692,0,0.66528,12.849,1,0.606704,0.36288,0,15.6893,4.1727,11.2728,0.84672,12.849,0.84672,3695.15,0,0,0,0.292723,1.37007,2.14333,1.05841,2.74771,0.42336,0,0.42336,460.49,0,0.229176,0,0,0.521899,0.292723,1.028160,1,0,14.0205,0,0,0,14.0205,0
39.2138,1.93095,0,0,2.0672,0.172513,0.36288,3.6288,58.7713,0.125976,0,0,0.730394,0.190601,0,0.66528,12.849,1,0.626329,0.36288,0,43.7724,4.1727,39.3363,0.84672,12.849,0.84672,3695.15,0,0,0,0.559932,1.37049,5.00901,1.05841,5.88103,0.42336,0,0.42336,460.49,0,1.02816,0,0,1.58809,0.559932,1.028160,1,0,45.2173,0,0,0,45.2173,0
39.3306,1.76464,0,0,2.43256,0.188232,0.36288,3.6288,59.2121,0.325604,0,0,0.942081,0.175698,0,0.66528,12.849,1,0.578211,0.36288,0,52.2252,3.95505,48.0548,0.84672,12.849,0.84672,3695.15,0,0,0,0.292723,1.37092,5.07483,0.996761,5.74172,0.42336,0,0.42336,460.49,0,0.743251,0,0,1.03597,0.292723,1.028160,1,0,53.7965,0,0,0,53.7965,0
38.6742,1.76665,0,0,1.68492,0.211803,0.36288,3.6288,59.7152,0.0409679,0,0,0.744222,0.200133,0,0.66528,12.849,1,0.577149,0.36288,0,42.0652,4.1442,37.7068,0.84672,12.849,0.84672,3695.15,0,0,0,0.322737,1.26485,4.89005,1.04982,5.42781,0.42336,0,0.42336,460.49,0,1.02816,0,0,1.3509,0.322737,1.028160,1,0,43.1346,0,0,0,43.1346,0
40.2567,1.76,0,0,3.90843,0.20305,0.36288,3.6288,61.308,0.041241,0,0,2.55094,0.225889,0.690997,0.66528,12.849,1,0.584737,0.36288,0,122.204,4.43751,117.545,0.84672,12.849,0.84672,3695.15,0,0,0,3.52628,1.26524,10.036,1.1327,13.6948,0.42336,0,0.42336,460.49,0,1.02816,0,0,4.55444,3.52628,1.028160,1,0,131.931,0,0,0,131.931,0
41.4675,1.77814,0,0,3.55588,0.204106,0.36288,3.6288,61.308,0.0415141,0,0,1.21079,0.226704,0.942574,0.66528,12.849,1,0.56754,0.36288,0,88.1695,4.36161,83.6032,0.84672,12.849,0.84672,3695.15,0,0,0,1.52562,1.26562,7.26392,1.12012,8.93505,0.42336,0,0.42336,460.49,0,1.02816,0,0,2.55378,1.52562,1.028160,1,0,93.4808,0,0,0,93.4808,0
42.5537,1.79151,0,0,3.43105,0.190473,0.36288,3.6288,61.308,0.0417873,0,0,1.30008,0.217812,1.04048,0.66528,12.849,1,0.555113,0.36288,0,63.1674,3.90621,59.0689,0.84672,12.849,0.84672,3695.15,0,0,0,1.35772,1.26601,6.06046,1.04464,7.63955,0.42336,0,0.42336,460.49,0,1.02816,0,0,2.38588,1.35772,1.028160,1,0,67.749,0,0,0,67.749,0
43.5415,1.86686,0,0,3.40615,0.18856,0.36288,3.6288,61.308,0.0668802,0,0,1.81284,0.2148,1.53116,0.66528,12.849,1,0.563696,0.36288,0,61.3792,3.89268,57.2857,0.84672,12.849,0.84672,3695.15,0,0,0,1.25995,1.2664,6.35046,1.00693,7.86988,0.42336,0,0.42336,460.49,0,1.02816,0,0,2.28811,1.25995,1.028160,1,0,66.6867,0,0,0,66.6867,0
42.642,1.87746,0,0,1.52059,0.179736,0.36288,3.6288,61.308,0.200796,0,0,1.11722,0.207271,0.709154,0.66528,12.849,1,0.554034,0.36288,0,36.0475,3.85885,31.9975,0.84672,12.849,0.84672,3695.15,0,0,0,0.412474,1.30151,4.93121,0.912673,5.73253,0.42336,0,0.42336,460.49,0,0.894516,0,0,1.30699,0.412474,1.028160,1,0,38.4391,0,0,0,38.4391,0
42.6644,1.8692,0,0,2.43233,0.177882,0.36288,3.6288,61.308,0.163025,0,0,1.26312,0.207271,0.892819,0.66528,12.849,1,0.563232,0.36288,0,57.0677,3.85885,53.0085,0.84672,12.849,0.84672,3695.15,0,0,0,0.503194,1.3019,6.67547,0.912673,7.56789,0.42336,0,0.42336,460.49,0,0.932558,0,0,1.43575,0.503194,1.028160,1,0,61.4692,0,0,0,61.4692,0
43.3224,1.87015,0,0,3.13137,0.240378,0.36288,3.6288,61.308,0.174417,0,0,1.23746,0.215493,0.847554,0.66528,12.849,1,0.563222,0.36288,0,82.004,4.33052,77.4731,0.84672,12.849,0.84672,3695.15,0,0,0,0.503194,1.30229,7.08128,1.17658,7.71019,0.42336,0,0.42336,460.49,0,0.921439,0,0,1.42463,0.503194,1.028160,1,0,86.0309,0,0,0,86.0309,0
42.6135,2.08334,0,0,1.97961,0.24221,0.36288,3.6288,61.308,0.161293,0,0,1.59025,0.215493,1.21347,0.66528,12.849,1,0.617899,0.36288,0,55.5839,4.33052,50.9984,0.84672,12.849,0.84672,3695.15,0,0,0,0.940231,1.30267,6.20743,1.17658,7.27376,0.42336,0,0.42336,460.49,0,1.02816,0,0,1.96839,0.940231,1.028160,1,0,59.4856,0,0,0,59.4856,0
45.479,2.07624,0,0,5.52728,0.222719,0.36288,3.6288,61.308,0.161597,0,0,1.75385,0.172096,1.42016,0.66528,12.849,1,0.626035,0.36288,0,131.209,3.53086,127.415,0.84672,12.849,0.84672,3695.15,0,0,0,2.12162,1.42518,11.9827,0.95226,14.5773,0.42336,0,0.42336,460.49,0,1.02816,0,0,3.14978,2.12162,1.028160,1,0,143.412,0,0,0,143.412,0
46.7009,2.10779,0,0,3.91966,0.227101,0.36288,3.6288,61.308,0.161901,0,0,1.35577,0.164863,1.02901,0.66528,12.849,1,0.595507,0.36288,0,107.569,3.39759,103.939,0.84672,12.849,0.84672,3695.15,0,0,0,1.14854,1.42561,7.49911,0.914874,9.15839,0.42336,0,0.42336,460.49,0,1.02816,0,0,2.1767,1.14854,1.028160,1,0,114.126,0,0,0,114.126,0
46.7436,2.12082,0,0,2.75664,0.230214,0.36288,3.6288,61.2627,0.766634,0,0,0.886153,0.164863,0,0.66528,12.849,1,0.58351,0.36288,0,62.9223,3.39759,59.304,0.84672,12.849,0.84672,3695.15,0,0,0,0.608429,1.42604,4.18439,0.914874,5.30398,0.42336,0,0.42336,460.49,0,0.423731,0,0,1.03216,0.608429,1.028160,1,0,64.608,0,0,0,64.608,0
46.6188,1.823,0,0,2.29143,0.230323,0.36288,3.6288,61.0447,0.820016,0,0,0.766895,0.164815,0,0.66528,12.849,1,0.50111,0.36288,0,44.1829,3.39759,40.6471,0.84672,12.849,0.84672,3695.15,0,0,0,0.608429,1.42647,3.41522,0.914874,4.53524,0.42336,0,0.42336,460.49,0,0.245238,0,0,0.853667,0.608429,1.028160,1,0,45.1823,0,0,0,45.1823,0
47.3605,1.82265,0,0,3.16172,0.234505,0.36288,3.6288,61.308,0.0373555,0,0,1.5636,0.126818,1.13614,0.66528,12.849,1,0.502356,0.36288,0,74.5289,3.55464,70.8348,0.84672,12.849,0.84672,3695.15,0,0,0,1.18301,1.25855,8.12133,0.842027,9.72086,0.42336,0,0.42336,460.49,0,1.02816,0,0,2.21117,1.18301,1.028160,1,0,81.6918,0,0,0,81.6918,0
48.2015,1.82955,0,0,3.27064,0.237188,0.36288,3.6288,61.308,0.0376168,0,0,1.1637,0.120724,1.00536,0.66528,12.849,1,0.49636,0.36288,0,71.8762,3.58081,68.1619,0.84672,12.849,0.84672,3695.15,0,0,0,1.01377,1.25892,7.07607,0.829885,8.51887,0.42336,0,0.42336,460.49,0,1.02816,0,0,2.04193,1.01377,1.028160,1,0,77.6861,0,0,0,77.6861,0
48.4565,1.8371,0,0,2.69428,0.23938,0.36288,3.6288,61.308,0.0879471,0,0,0.828541,0.120724,0.61987,0.66528,12.849,1,0.489711,0.36288,0,61.5624,3.58081,57.8548,0.84672,12.849,0.84672,3695.15,0,0,0,0.558835,1.25929,5.97999,0.829885,6.96823,0.42336,0,0.42336,460.49,0,0.978091,0,0,1.53693,0.558835,1.028160,1,0,65.4429,0,0,0,65.4429,0
48.9202,1.83984,0,0,2.90648,0.240044,0.36288,3.6288,61.308,0.0381397,0,0,0.985262,0.120724,0.826399,0.66528,12.849,1,0.487864,0.36288,0,69.729,3.58081,66.0232,0.84672,12.849,0.84672,3695.15,0,0,0,0.571164,1.25966,4.86281,0.829885,5.86375,0.42336,0,0.42336,460.49,0,1.02816,0,0,1.59932,0.571164,1.028160,1,0,72.7133,0,0,0,72.7133,0
51.7998,1.68835,0,0,5.17387,0.242991,0.36288,3.6288,61.308,0,0,0,1.29564,0.134614,1.16102,0.66528,12.849,1,0.443448,0.36288,0,134.501,3.71589,130.705,0.84672,12.849,0.84672,3695.15,0,0,0,2.0008,1.26004,9.44594,0.876909,11.8299,0.42336,0,0.42336,460.49,0,1.01191,0,0,3.01271,2.0008,1.028160,1,0,143.696,0,0,0,143.696,0
53.8606,1.94357,0,0,4.62145,0.254212,0.36288,3.6288,61.308,0.0694073,0,0,0.961649,0.166496,0.725746,0.66528,12.849,1,0.482104,0.36288,0,131.909,4.10519,127.684,0.84672,12.849,0.84672,3695.15,0,0,0,1.42469,1.1813,10.4543,0.975436,12.0849,0.42336,0,0.42336,460.49,0,1.02816,0,0,2.45285,1.42469,1.028160,1,0,140.495,0,0,0,140.495,0
56.67,1.72253,0,0,5.15444,0.259648,0.36288,3.6288,61.308,0,0,0,1.04899,0.166496,0.882495,0.66528,12.849,1,0.410928,0.36288,0,143.98,4.10519,139.826,0.84672,12.849,0.84672,3695.15,0,0,0,1.05645,1.30255,10.739,0.975436,12.1226,0.42336,0,0.42336,460.49,0,1.01239,0,0,2.06885,1.05645,1.028160,1,0,152.831,0,0,0,152.831,0
58.2935,1.97887,0,0,4.23232,0.267059,0.36288,3.6288,61.308,0.0699518,0,0,0.91654,0.166496,0.680092,0.66528,12.849,1,0.448675,0.36288,0,105.747,4.10519,101.556,0.84672,12.849,0.84672,3695.15,0,0,0,1.19056,1.18199,7.85696,0.975436,9.25407,0.42336,0,0.42336,460.49,0,1.02816,0,0,2.21872,1.19056,1.028160,1,0,111.49,0,0,0,111.49,0
59.008,1.95903,0,0,3.26186,0.225454,0.36288,3.6288,61.308,0.16958,0,0,0.62178,0.165987,0.286214,0.66528,12.849,1,0.431807,0.36288,0,90.1878,4.37701,85.7418,0.84672,12.849,0.84672,3695.15,0,0,0,0.528595,1.30332,5.357,1.00266,6.18625,0.42336,0,0.42336,460.49,0,0.916851,0,0,1.44545,0.528595,1.028160,1,0,92.2143,0,0,0,92.2143,0
58.7701,1.96408,0,0,2.32326,0.234269,0.36288,3.6288,61.308,0.153389,0,0,0.585587,0.197893,0.234305,0.66528,12.849,1,0.427678,0.36288,0,57.3631,3.93215,53.3662,0.84672,12.849,0.84672,3695.15,0,0,0,0.528595,1.28742,5.39457,1.03105,6.17953,0.42336,0,0.42336,460.49,0,0.93331,0,0,1.46191,0.528595,1.028160,1,0,59.78,0,0,0,59.78,0
58.918,1.96341,0,0,2.70802,0.233731,0.36288,3.6288,61.308,0.156336,0,0,0.625269,0.197893,0.27104,0.66528,12.849,1,0.429265,0.36288,0,59.2361,3.93215,55.2376,0.84672,12.849,0.84672,3695.15,0,0,0,0.528595,1.2878,4.62552,1.03105,5.41086,0.42336,0,0.42336,460.49,0,0.930632,0,0,1.45923,0.528595,1.028160,1,0,60.9195,0,0,0,60.9195,0
59.4096,1.96506,0,0,3.03312,0.213583,0.36288,3.6288,61.308,0.0590759,0,0,0.643315,0.203248,0.380991,0.66528,12.849,1,0.428545,0.36288,0,71.1433,4.09468,66.983,0.84672,12.849,0.84672,3695.15,0,0,0,0.49648,1.28818,4.45915,1.00096,5.24284,0.42336,0,0.42336,460.49,0,1.02816,0,0,1.52464,0.49648,1.028160,1,0,72.6068,0,0,0,72.6068,0
58.8622,2.07392,0,0,2.07656,0.187158,0.36288,3.6288,61.308,0.224462,0,0,0.559028,0.210389,0.124177,0.66528,12.849,1,0.448542,0.36288,0,52.3356,4.31141,47.9385,0.84672,12.849,0.84672,3695.15,0,0,0,0.402797,1.28856,4.0061,0.960846,4.73661,0.42336,0,0.42336,460.49,0,0.905489,0,0,1.30829,0.402797,1.028160,1,0,52.7993,0,0,0,52.7993,0
58.5017,2.07128,0,0,2.22315,0.149561,0.36288,3.6288,61.308,0.177717,0,0,0.606419,0.239326,0.189376,0.66528,12.849,1,0.452139,0.36288,0,54.3103,5.03688,49.1842,0.84672,12.849,0.84672,3695.15,0,0,0,0.402797,1.34571,4.23134,1.14494,4.8349,0.42336,0,0.42336,460.49,0,0.952517,0,0,1.35531,0.402797,1.028160,1,0,54.2085,0,0,0,54.2085,0
58.1252,2.06979,0,0,2.19068,0.134446,0.36288,3.6288,61.308,0.256555,0,0,0.604059,0.250901,0.096602,0.66528,12.849,1,0.454598,0.36288,0,54.1708,5.32707,48.752,0.84672,12.849,0.84672,3695.15,0,0,0,0.402797,1.34611,4.08489,1.21858,4.61521,0.42336,0,0.42336,460.49,0,0.873962,0,0,1.27676,0.402797,1.028160,1,0,53.4638,0,0,0,53.4638,0
57.6397,2.06817,0,0,2.07944,0.133955,0.36288,3.6288,61.308,0.293152,0,0,0.551301,0.250901,0.00724742,0.66528,12.849,1,0.457184,0.36288,0,49.0904,5.32707,43.669,0.84672,12.849,0.84672,3695.15,0,0,0,0.30119,1.34651,3.8341,1.21858,4.26322,0.42336,0,0.42336,460.49,0,0.837648,0,0,1.13884,0.30119,1.028160,1,0,47.9395,0,0,0,47.9395,0
56.9946,2.06581,0,0,1.88508,0.101436,0.36288,3.6288,61.2291,0.33064,0,0,0.526291,0.27451,0,0.66528,12.849,1,0.46051,0.36288,0,43.2847,5.59482,37.5922,0.84672,12.849,0.84672,3695.15,0,0,0,0.30119,1.34691,3.7345,1.28699,4.09561,0.42336,0,0.42336,460.49,0,0.800444,0,0,1.10163,0.30119,1.028160,1,0,41.6878,0,0,0,41.6878,0
56.171,2.04167,0,0,1.67381,0.0928461,0.36288,3.6288,60.8853,0.508801,0,0,0.444595,0.279631,0,0.66528,12.849,1,0.460278,0.36288,0,35.9273,5.43494,30.3949,0.84672,12.849,0.84672,3695.15,0,0,0,0.30119,1.34731,2.99109,1.31976,3.31983,0.42336,0,0.42336,460.49,0,0.645935,0,0,0.947125,0.30119,1.028160,1,0,33.7148,0,0,0,33.7148,0
55.1223,2.03696,0,0,1.44944,0.0983415,0.36288,3.6288,60.2786,0.679309,0,0,0.346106,0.273462,0,0.66528,12.849,1,0.465949,0.36288,0,27.6352,5.07895,22.4532,0.84672,12.849,0.84672,3695.15,0,0,0,0.30119,1.36101,2.18131,1.32696,2.51656,0.42336,0,0.42336,460.49,0,0.475718,0,0,0.776909,0.30119,1.028160,1,0,24.9697,0,0,0,24.9697,0
53.9715,2.03054,0,0,1.33992,0.0973177,0.36288,3.6288,59.688,0.652834,0,0,0.334608,0.27241,0,0.66528,12.849,1,0.47332,0.36288,0,27.4682,5.07895,22.2788,0.84672,12.849,0.84672,3695.15,0,0,0,0.261274,1.36142,2.21186,1.32696,2.50759,0.42336,0,0.42336,460.49,0,0.502485,0,0,0.763759,0.261274,1.028160,1,0,24.7864,0,0,0,24.7864,0
52.7056,2.02317,0,0,1.21642,0.0961942,0.36288,3.6288,59.0047,0.72806,0,0,0.3161,0.271386,0,0.66528,12.849,1,0.481656,0.36288,0,26.6518,5.07895,21.4541,0.84672,12.849,0.84672,3695.15,0,0,0,0.261274,1.36182,2.07911,1.32696,2.37525,0.42336,0,0.42336,460.49,0,0.42755,0,0,0.688824,0.261274,1.028160,1,0,23.8293,0,0,0,23.8293,0
51.3023,2.06733,0,0,1.11382,0.0869318,0.36288,3.6288,58.2362,0.777464,0,0,0.300848,0.291821,0,0.66528,12.849,1,0.50399,0.36288,0,23.5037,5.36126,18.0013,0.84672,12.849,0.84672,3695.15,0,0,0,0.261274,1.36223,2.01913,1.43001,2.21263,0.42336,0,0.42336,460.49,0,0.399294,0,0,0.660568,0.261274,1.028160,1,0,20.2139,0,0,0,20.2139,0
49.9804,2.05709,0,0,1.163,0.0649125,0.36288,3.6288,57.4771,0.767854,0,0,0.342546,0.333784,0,0.66528,12.849,1,0.515211,0.36288,0,24.0824,5.58863,18.3414,0.84672,12.849,0.84672,3695.15,0,0,0,0.261274,1.39103,1.99089,1.49599,2.1472,0.42336,0,0.42336,460.49,0,0.409202,0,0,0.670476,0.261274,1.028160,1,0,20.4886,0,0,0,20.4886,0
48.6087,2.04703,0,0,1.10223,0.0640174,0.36288,3.6288,56.7486,0.70282,0,0,0.306454,0.332151,0,0.66528,12.849,1,0.526252,0.36288,0,21.2789,5.58863,15.5269,0.84672,12.849,0.84672,3695.15,0,0,0,0.261274,1.39144,2.07941,1.49599,2.23614,0.42336,0,0.42336,460.49,0,0.474535,0,0,0.735808,0.261274,1.028160,1,0,17.763,0,0,0,17.763,0
47.1771,2.03606,0,0,1.03039,0.0630827,0.36288,3.6288,55.969,0.732556,0,0,0.283538,0.330583,0,0.66528,12.849,1,0.538203,0.36288,0,20.2331,5.58863,14.4691,0.84672,12.849,0.84672,3695.15,0,0,0,0.227405,1.39186,1.82461,1.49599,1.94789,0.42336,0,0.42336,460.49,0,0.445098,0,0,0.672503,0.227405,1.028160,1,0,16.417,0,0,0,16.417,0
45.5936,2.17504,0,0,1.01655,0.0621037,0.36288,3.6288,55.184,0.762913,0,0,0.306764,0.328906,0,0.66528,12.849,1,0.592388,0.36288,0,18.7743,5.58863,12.9562,0.84672,12.849,0.84672,3695.15,0,0,0,0.227405,1.39227,2.06343,1.49599,2.18712,0.42336,0,0.42336,460.49,0,0.490421,0,0,0.717826,0.227405,1.028160,1,0,15.1433,0,0,0,15.1433,0
44.0292,2.15981,0,0,1.00989,0.0516578,0.36288,3.6288,54.1568,0.962458,0,0,0.290107,0.354762,0,0.66528,12.849,1,0.608669,0.36288,0,19.8456,6.0498,13.5501,0.84672,12.849,0.84672,3695.15,0,0,0,0.227405,1.48694,1.99273,1.5675,2.13958,0.42336,0,0.42336,460.49,0,0.291201,0,0,0.518606,0.227405,1.028160,1,0,15.6896,0,0,0,15.6896,0
42.3557,2.14388,0,0,0.900443,0.0671093,0.36288,3.6288,52.9592,1.1006,0,0,0.25468,0.351684,0,0.66528,12.849,1,0.625648,0.36288,0,18.4702,6.19071,12.0167,0.84672,12.849,0.84672,3695.15,0,0,0,0.227405,1.48739,1.54777,1.60056,1.66201,0.42336,0,0.42336,460.49,0,0.153387,0,0,0.380792,0.227405,1.028160,1,0,13.6787,0,0,0,13.6787,0
40.6444,2.12572,0,0,0.840931,0.0636858,0.36288,3.6288,51.9533,0.91142,0,0,0.252797,0.347355,0,0.66528,12.849,1,0.644857,0.36288,0,18.3983,6.27532,11.841,0.84672,12.849,0.84672,3695.15,0,0,0,0.204422,1.48784,1.52053,1.62211,1.59067,0.42336,0,0.42336,460.49,0,0.342888,0,0,0.54731,0.204422,1.028160,1,0,13.4316,0,0,0,13.4316,0
38.914,2.10589,0,0,0.800764,0.0624185,0.36288,3.6288,50.9337,0.922337,0,0,0.24731,0.344559,0,0.66528,12.849,1,0.665739,0.36288,0,17.5243,6.27532,10.9461,0.84672,12.849,0.84672,3695.15,0,0,0,0.204422,1.48828,1.48153,1.62211,1.55212,0.42336,0,0.42336,460.49,0,0.332296,0,0,0.536719,0.204422,1.028160,1,0,12.4982,0,0,0,12.4982,0
37.2355,2.01389,0,0,0.758825,0.0605166,0.36288,3.6288,49.9169,0.933481,0,0,0.250244,0.333586,0,0.66528,12.849,1,0.664965,0.36288,0,21.3692,6.21014,14.857,0.84672,12.849,0.84672,3695.15,0,0,0,0.204422,1.48873,1.42124,1.61775,1.49664,0.42336,0,0.42336,460.49,0,0.275645,0,0,0.480068,0.204422,1.028160,1,0,16.3536,0,0,0,16.3536,0
36.1765,1.99236,0,0,1.35398,0.0577489,0.36288,3.6288,49.3332,0.742178,0,0,0.469173,0.310648,0,0.66528,12.849,1,0.687511,0.36288,0,28.4109,6.04716,22.0391,0.84672,12.849,0.84672,3695.15,0,0,0,0.204422,1.43619,2.08996,1.60684,2.12372,0.42336,0,0.42336,460.49,0,0.467257,0,0,0.67168,0.204422,1.028160,1,0,24.1628,0,0,0,24.1628,0
34.5206,1.97826,0,0,0.742271,0.0570266,0.36288,3.6288,48.3621,0.965381,0,0,0.30349,0.309161,0,0.66528,12.849,1,0.702628,0.36288,0,35.9587,6.04716,29.5718,0.84672,12.849,0.84672,3695.15,0,0,0,0.216518,1.43662,1.3013,1.60684,1.3476,0.42336,0,0.42336,460.49,0,0.244364,0,0,0.460883,0.216518,1.028160,1,0,30.9194,0,0,0,30.9194,0
32.8361,1.95444,0,0,0.68867,0.0558972,0.36288,3.6288,47.2912,1.0723,0,0,0.308077,0.306687,0,0.66528,12.849,1,0.727466,0.36288,0,21.3583,6.04716,14.9466,0.84672,12.849,0.84672,3695.15,0,0,0,0.216518,1.43705,0.983388,1.60684,1.03011,0.42336,0,0.42336,460.49,0,0.137754,0,0,0.354273,0.216518,1.028160,1,0,15.9767,0,0,0,15.9767,0
32.3045,1.87292,0,0,1.82226,0.117993,0.36288,3.6288,47.0483,0.484173,0,0,0.553097,0.311869,0,0.66528,12.849,1,0.732887,0.36288,0,31.8357,5.48971,25.976,0.84672,12.849,0.84672,3695.15,0,0,0,0.216518,1.43748,2.87276,1.48315,3.04361,0.42336,0,0.42336,460.49,0,0.684416,0,0,0.900934,0.216518,1.028160,1,0,29.0196,0,0,0,29.0196,0
31.2912,1.865,0,0,1.35663,0.142046,0.36288,3.6288,46.6415,0.603086,0,0,0.396712,0.20046,0,0.66528,12.849,1,0.741796,0.36288,0,33.9582,4.26776,29.3116,0.84672,12.849,0.84672,3695.15,0,0,0,0.216518,1.39118,1.69153,1.0477,2.25153,0.42336,0,0.42336,460.49,0,0.565798,0,0,0.782317,0.216518,1.028160,1,0,31.5631,0,0,0,31.5631,0
31.4306,1.84867,0,0,2.4926,0.141654,0.36288,3.6288,47.1003,0.14102,0,0,0.779557,0.179697,0,0.66528,12.849,1,0.759114,0.36288,0,50.3823,4.08114,45.905,0.84672,12.849,0.84672,3695.15,0,0,0,0.590681,1.39159,3.21648,0.982663,4.21609,0.42336,0,0.42336,460.49,0,1.02816,0,0,1.61884,0.590681,1.028160,1,0,50.1211,0,0,0,50.1211,0
30.7295,1.85177,0,0,1.65545,0.141905,0.36288,3.6288,47.5314,0.141315,0,0,0.752796,0.180406,0,0.66528,12.849,1,0.757012,0.36288,0,31.009,4.08114,26.5338,0.84672,12.849,0.84672,3695.15,0,0,0,0.640259,1.39201,2.39565,0.982663,3.44525,0.42336,0,0.42336,460.49,0,1.02816,0,0,1.66842,0.640259,1.028160,1,0,29.979,0,0,0,29.979,0
30.9296,1.68563,0,0,2.42408,0.175514,0.36288,3.6288,47.8345,0.0950347,0,0,0.594797,0.196668,0,0.66528,12.849,1,0.704818,0.36288,0,60.5,4.37109,55.7869,0.84672,12.849,0.84672,3695.15,0,0,0,0.292723,1.39242,4.40402,1.05036,5.03881,0.42336,0,0.42336,460.49,0,0.987612,0,0,1.28033,0.292723,1.028160,1,0,60.8257,0,0,0,60.8257,0
32.1483,1.6895,0,0,3.45613,0.185053,0.36288,3.6288,48.3629,0.0547523,0,0,0.751164,0.167961,0,0.66528,12.849,1,0.701866,0.36288,0,84.9311,4.18881,80.4033,0.84672,12.849,0.84672,3695.15,0,0,0,0.557937,1.28442,4.21272,1.02109,5.03399,0.42336,0,0.42336,460.49,0,1.02816,0,0,1.5861,0.557937,1.028160,1,0,85.4373,0,0,0,85.4373,0
32.2446,1.70917,0,0,2.3526,0.184194,0.36288,3.6288,49.2151,0.0550183,0,0,1.04922,0.141986,0,0.66528,12.849,1,0.683119,0.36288,0,67.4102,3.96512,63.1249,0.84672,12.849,0.84672,3695.15,0,0,0,0.854081,1.2848,5.1236,0.978832,6.28365,0.42336,0,0.42336,460.49,0,1.02816,0,0,1.88224,0.854081,1.028160,1,0,69.4085,0,0,0,69.4085,0
32.3467,1.71128,0,0,2.36061,0.184417,0.36288,3.6288,49.8786,0.0552844,0,0,0.861726,0.142991,0,0.66528,12.849,1,0.681921,0.36288,0,78.9083,3.96512,74.6241,0.84672,12.849,0.84672,3695.15,0,0,0,0.927789,1.28518,4.75409,0.978832,5.98823,0.42336,0,0.42336,460.49,0,1.02816,0,0,1.95595,0.927789,1.028160,1,0,80.6123,0,0,0,80.6123,0
33.1955,1.71348,0,0,3.10988,0.184653,0.36288,3.6288,50.5473,0.0555505,0,0,0.868068,0.143774,0,0.66528,12.849,1,0.680643,0.36288,0,74.1692,3.96512,69.8863,0.84672,12.849,0.84672,3695.15,0,0,0,0.898966,1.28556,3.64162,0.978832,4.84731,0.42336,0,0.42336,460.49,0,1.02816,0,0,1.92713,0.898966,1.028160,1,0,74.7336,0,0,0,74.7336,0
35.8607,1.72603,0,0,4.93868,0.184536,0.36288,3.6288,52.1541,0.0555505,0,0,1.81059,0.148284,0,0.66528,12.849,1,0.668095,0.36288,0,130.923,3.93206,126.686,0.84672,12.849,0.84672,3695.15,0,0,0,1.67258,1.28593,8.99967,0.966152,10.992,0.42336,0,0.42336,460.49,0,1.02816,0,0,2.70074,1.67258,1.028160,1,0,137.678,0,0,0,137.678,0
39.3811,1.82546,0,0,5.88645,0.177727,0.36288,3.6288,53.2153,0.081081,0,0,1.31513,0.172851,0,0.66528,12.849,1,0.654066,0.36288,0,103.777,3.7337,99.7519,0.84672,12.849,0.84672,3695.15,0,0,0,1.3897,1.28593,4.86759,0.890067,6.65316,0.42336,0,0.42336,460.49,0,1.02816,0,0,2.41786,1.3897,1.028160,1,0,106.405,0,0,0,106.405,0
41.7171,1.87023,0,0,4.75432,0.185239,0.36288,3.6288,54.0203,0.0813454,0,0,1.06068,0.174328,0,0.66528,12.849,1,0.610205,0.36288,0,77.0558,3.7337,73.0748,0.84672,12.849,0.84672,3695.15,0,0,0,1.03707,1.32166,3.73258,0.890067,5.20125,0.42336,0,0.42336,460.49,0,1.02816,0,0,2.06523,1.03707,1.028160,1,0,78.2761,0,0,0,78.2761,0
43.6032,1.89705,0,0,4.37064,0.224594,0.36288,3.6288,54.9057,0.0816098,0,0,1.14516,0.178117,0,0.66528,12.849,1,0.584297,0.36288,0,63.4867,3.93356,59.3317,0.84672,12.849,0.84672,3695.15,0,0,0,0.843005,1.32204,3.47464,0.989091,4.65059,0.42336,0,0.42336,460.49,0,1.02816,0,0,1.87116,0.843005,1.028160,1,0,63.9823,0,0,0,63.9823,0
46.2968,1.91727,0,0,5.22354,0.249818,0.36288,3.6288,55.7882,0.0818744,0,0,1.13622,0.171866,0,0.66528,12.849,1,0.564983,0.36288,0,71.9176,3.71774,67.9978,0.84672,12.849,0.84672,3695.15,0,0,0,1.08311,1.32241,3.67815,0.791521,5.29215,0.42336,0,0.42336,460.49,0,1.02816,0,0,2.11127,1.08311,1.028160,1,0,73.2899,0,0,0,73.2899,0
46.6413,2.15639,0,0,3.10237,0.238564,0.36288,3.6288,56.2305,0.177131,0,0,0.79995,0.180489,0,0.66528,12.849,1,0.598475,0.36288,0,47.6889,3.43483,44.0185,0.84672,12.849,0.84672,3695.15,0,0,0,0.587149,1.32279,2.93654,0.899639,3.94683,0.42336,0,0.42336,460.49,0,1.02816,0,0,1.61531,0.587149,1.028160,1,0,47.9653,0,0,0,47.9653,0
47.8593,2.16064,0,0,3.97336,0.231862,0.36288,3.6288,57.2554,0.177426,0,0,1.38641,0.184071,0,0.66528,12.849,1,0.595225,0.36288,0,54.3484,3.32168,50.7943,0.84672,12.849,0.84672,3695.15,0,0,0,1.54335,1.44747,4.14477,0.942886,6.19271,0.42336,0,0.42336,460.49,0,1.02816,0,0,2.57151,1.54335,1.028160,1,0,56.9871,0,0,0,56.9871,0
49.8288,2.17337,0,0,4.74071,0.234989,0.36288,3.6288,57.901,0.177722,0,0,1.00855,0.185303,0,0.66528,12.849,1,0.583496,0.36288,0,71.7969,3.32168,68.2546,0.84672,12.849,0.84672,3695.15,0,0,0,1.52727,1.44789,5.0319,0.942886,7.06417,0.42336,0,0.42336,460.49,0,1.02816,0,0,2.55543,1.52727,1.028160,1,0,75.3188,0,0,0,75.3188,0
49.5578,2.19251,0,0,2.51459,0.230172,0.36288,3.6288,58.0238,0.335473,0,0,0.648385,0.19011,0,0.66528,12.849,1,0.565366,0.36288,0,36.5083,3.29669,33.0091,0.84672,12.849,0.84672,3695.15,0,0,0,0.608429,1.4483,2.84723,0.926149,3.97781,0.42336,0,0.42336,460.49,0,0.870705,0,0,1.47913,0.608429,1.028160,1,0,36.987,0,0,0,36.987,0
50.3563,1.8827,0,0,3.28015,0.236025,0.36288,3.6288,58.8042,0.0506668,0,0,1.03111,0.200038,0,0.66528,12.849,1,0.488134,0.36288,0,60.091,3.87733,56.0884,0.84672,12.849,0.84672,3695.15,0,0,0,0.985789,1.44872,6.48346,1.06712,7.85085,0.42336,0,0.42336,460.49,0,1.02816,0,0,2.01395,0.985789,1.028160,1,0,63.9393,0,0,0,63.9393,0
52.7385,1.88957,0,0,4.88517,0.250577,0.36288,3.6288,59.997,0.050921,0,0,1.44466,0.200923,0,0.66528,12.849,1,0.482145,0.36288,0,88.5876,4.13459,84.3338,0.84672,12.849,0.84672,3695.15,0,0,0,1.77265,1.2778,7.76209,1.14025,9.67229,0.42336,0,0.42336,460.49,0,1.02816,0,0,2.80081,1.77265,1.028160,1,0,94.0061,0,0,0,94.0061,0
54.5315,1.90778,0,0,4.3206,0.256866,0.36288,3.6288,60.9392,0.0511752,0,0,1.19585,0.202462,0,0.66528,12.849,1,0.464805,0.36288,0,66.1591,4.13459,61.9226,0.84672,12.849,0.84672,3695.15,0,0,0,1.32475,1.27816,7.38901,1.14025,8.85167,0.42336,0,0.42336,460.49,0,1.02816,0,0,2.35291,1.32475,1.028160,1,0,70.7742,0,0,0,70.7742,0
55.7126,1.92086,0,0,3.74295,0.278182,0.36288,3.6288,61.308,0.0514295,0,0,1.32065,0.180718,0.719694,0.66528,12.849,1,0.452603,0.36288,0,68.7598,4.16636,64.5037,0.84672,12.849,0.84672,3695.15,0,0,0,1.69025,1.27852,7.22643,1.08331,9.11189,0.42336,0,0.42336,460.49,0,1.02816,0,0,2.71841,1.69025,1.028160,1,0,74.3353,0,0,0,74.3353,0
56.4047,1.92937,0,0,3.2654,0.281066,0.36288,3.6288,61.308,0.0516838,0,0,1.66722,0.173278,1.44226,0.66528,12.849,1,0.444971,0.36288,0,65.0528,3.99099,60.9797,0.84672,12.849,0.84672,3695.15,0,0,0,2.43857,1.27888,8.96103,1.06059,11.6179,0.42336,0,0.42336,460.49,0,1.02816,0,0,3.46673,2.43857,1.028160,1,0,74.0399,0,0,0,74.0399,0
58.4971,2.01421,0,0,4.74441,0.274881,0.36288,3.6288,61.308,0.0832166,0,0,1.29695,0.163213,1.05052,0.66528,12.849,1,0.458838,0.36288,0,94.8007,3.53934,91.1654,0.84672,12.849,0.84672,3695.15,0,0,0,2.05189,1.27924,6.74907,1.02752,9.05267,0.42336,0,0.42336,460.49,0,1.02816,0,0,3.08005,2.05189,1.028160,1,0,101.269,0,0,0,101.269,0
60.122,2.02841,0,0,4.29678,0.280577,0.36288,3.6288,61.308,0.0834812,0,0,1.56859,0.163213,1.3219,0.66528,12.849,1,0.445545,0.36288,0,87.086,3.53934,83.464,0.84672,12.849,0.84672,3695.15,0,0,0,1.97484,1.3221,7.26153,1.02752,9.53095,0.42336,0,0.42336,460.49,0,1.02816,0,0,3.003,1.97484,1.028160,1,0,94.3169,0,0,0,94.3169,0
61.4333,2.03908,0,0,3.99824,0.285001,0.36288,3.6288,61.308,0.083746,0,0,1.62035,0.163213,1.3734,0.66528,12.849,1,0.435783,0.36288,0,91.6557,3.53934,88.0435,0.84672,12.849,0.84672,3695.15,0,0,0,2.57612,1.32247,7.52656,1.02752,10.3976,0.42336,0,0.42336,460.49,0,1.02816,0,0,3.60428,2.57612,1.028160,1,0,99.8145,0,0,0,99.8145,0
62.9458,2.04753,0,0,4.21108,0.28819,0.36288,3.6288,61.308,0.0840108,0,0,1.15657,0.163213,0.909344,0.66528,12.849,1,0.428248,0.36288,0,75.9741,3.53934,72.3694,0.84672,12.849,0.84672,3695.15,0,0,0,1.55317,1.32285,5.12372,1.02752,6.97222,0.42336,0,0.42336,460.49,0,1.02816,0,0,2.58133,1.55317,1.028160,1,0,80.251,0,0,0,80.251,0
62.6635,2.02502,0,0,2.32997,0.224356,0.36288,3.6288,61.308,0.180379,0,0,0.771362,0.20658,0.384402,0.66528,12.849,1,0.413363,0.36288,0,41.9764,4.01825,37.9077,0.84672,12.849,0.84672,3695.15,0,0,0,0.528595,1.32322,4.36303,1.21347,5.00137,0.42336,0,0.42336,460.49,0,0.919892,0,0,1.44849,0.528595,1.028160,1,0,43.2934,0,0,0,43.2934,0
63.123,2.02422,0,0,3.07049,0.223839,0.36288,3.6288,61.308,0.0989318,0,0,0.861287,0.20658,0.555775,0.66528,12.849,1,0.415061,0.36288,0,46.338,4.01825,42.2676,0.84672,12.849,0.84672,3695.15,0,0,0,0.528595,1.30702,3.79654,1.21347,4.41868,0.42336,0,0.42336,460.49,0,1.0016,0,0,1.5302,0.528595,1.028160,1,0,47.2421,0,0,0,47.2421,0
63.3051,2.02747,0,0,2.76872,0.196354,0.36288,3.6288,61.308,0.0726334,0,0,0.839661,0.213721,0.553307,0.66528,12.849,1,0.412702,0.36288,0,50.357,4.23496,46.0722,0.84672,12.849,0.84672,3695.15,0,0,0,0.456443,1.30739,3.5782,1.17336,4.16867,0.42336,0,0.42336,460.49,0,1.02816,0,0,1.4846,0.456443,1.028160,1,0,50.7942,0,0,0,50.7942,0
62.8128,2.0292,0,0,2.07521,0.175369,0.36288,3.6288,61.308,0.215791,0,0,0.726071,0.219076,0.291204,0.66528,12.849,1,0.411866,0.36288,0,37.9013,4.3975,33.4549,0.84672,12.849,0.84672,3695.15,0,0,0,0.402797,1.30776,3.19054,1.14327,3.75783,0.42336,0,0.42336,460.49,0,0.885263,0,0,1.28806,0.402797,1.028160,1,0,37.5039,0,0,0,37.5039,0
62.1474,2.13534,0,0,1.99743,0.164572,0.36288,3.6288,61.308,0.306092,0,0,0.722423,0.211223,0.205109,0.66528,12.849,1,0.436806,0.36288,0,33.8202,4.73561,29.0106,0.84672,12.849,0.84672,3695.15,0,0,0,0.402797,1.30813,2.93951,1.14974,3.5007,0.42336,0,0.42336,460.49,0,0.838417,0,0,1.24121,0.402797,1.028160,1,0,32.7164,0,0,0,32.7164,0
61.5656,2.13225,0,0,2.06154,0.14826,0.36288,3.6288,61.308,0.346336,0,0,0.620179,0.193152,0.080691,0.66528,12.849,1,0.440843,0.36288,0,33.0724,4.63128,28.3631,0.84672,12.849,0.84672,3695.15,0,0,0,0.402797,1.36627,2.80387,1.16293,3.41,0.42336,0,0.42336,460.49,0,0.798448,0,0,1.20125,0.402797,1.028160,1,0,31.8538,0,0,0,31.8538,0
60.776,2.12958,0,0,1.8078,0.104956,0.36288,3.6288,61.308,0.237678,0,0,0.578461,0.193389,0.147394,0.66528,12.849,1,0.444452,0.36288,0,28.1935,4.6473,23.4647,0.84672,12.849,0.84672,3695.15,0,0,0,0.30119,1.36666,2.60306,1.11653,3.15438,0.42336,0,0.42336,460.49,0,0.907381,0,0,1.20857,0.30119,1.028160,1,0,26.7664,0,0,0,26.7664,0
59.9691,2.12559,0,0,1.78589,0.104272,0.36288,3.6288,61.308,0.260098,0,0,0.623792,0.193389,0.170306,0.66528,12.849,1,0.449383,0.36288,0,27.3533,4.6473,22.6195,0.84672,12.849,0.84672,3695.15,0,0,0,0.30119,1.36705,2.82047,1.11653,3.37217,0.42336,0,0.42336,460.49,0,0.885237,0,0,1.18643,0.30119,1.028160,1,0,26.162,0,0,0,26.162,0
58.9584,2.12138,0,0,1.57477,0.101283,0.36288,3.6288,61.308,0.305967,0,0,0.615768,0.193653,0.116148,0.66528,12.849,1,0.454528,0.36288,0,26.271,4.70577,21.4736,0.84672,12.849,0.84672,3695.15,0,0,0,0.30119,1.36744,2.5686,1.11586,3.12137,0.42336,0,0.42336,460.49,0,0.839644,0,0,1.14083,0.30119,1.028160,1,0,24.7111,0,0,0,24.7111,0
57.6237,2.09458,0,0,1.21754,0.0947382,0.36288,3.6288,61.308,0.302701,0,0,0.660174,0.194315,0.163158,0.66528,12.849,1,0.45648,0.36288,0,27.3109,4.85194,22.3653,0.84672,12.849,0.84672,3695.15,0,0,0,0.30119,1.36782,2.56236,1.11417,3.11721,0.42336,0,0.42336,460.49,0,0.866963,0,0,1.16815,0.30119,1.028160,1,0,25.6457,0,0,0,25.6457,0
56.1889,2.0867,0,0,1.10828,0.0935168,0.36288,3.6288,61.308,0.419097,0,0,0.617447,0.194315,0.00403483,0.66528,12.849,1,0.465295,0.36288,0,26.2183,4.85194,21.264,0.84672,12.849,0.84672,3695.15,0,0,0,0.261274,1.38175,2.4071,1.11417,2.93595,0.42336,0,0.42336,460.49,0,0.750851,0,0,1.01212,0.261274,1.028160,1,0,24.204,0,0,0,24.204,0
54.6876,2.07779,0,0,1.01909,0.0797307,0.36288,3.6288,61.2459,0.424418,0,0,0.589506,0.227222,0,0.66528,12.849,1,0.475139,0.36288,0,23.2433,5.27539,17.8557,0.84672,12.849,0.84672,3695.15,0,0,0,0.261274,1.38215,2.31615,1.26873,2.69084,0.42336,0,0.42336,460.49,0,0.745813,0,0,1.00709,0.261274,1.028160,1,0,20.5465,0,0,0,20.5465,0
53.1523,2.06798,0,0,0.957761,0.0621596,0.36288,3.6288,61.0815,0.443355,0,0,0.549934,0.270992,0,0.66528,12.849,1,0.485878,0.36288,0,20.6337,5.83999,14.6707,0.84672,12.849,0.84672,3695.15,0,0,0,0.261274,1.38254,2.22972,1.47482,2.39871,0.42336,0,0.42336,460.49,0,0.72716,0,0,0.988433,0.261274,1.028160,1,0,17.0694,0,0,0,17.0694,0
51.5485,2.11113,0,0,0.92219,0.0519375,0.36288,3.6288,60.8047,0.556045,0,0,0.593393,0.314105,0,0.66528,12.849,1,0.510343,0.36288,0,21.1887,6.13466,14.9065,0.84672,12.849,0.84672,3695.15,0,0,0,0.261274,1.38293,2.04217,1.50012,2.18626,0.42336,0,0.42336,460.49,0,0.635973,0,0,0.897247,0.261274,1.028160,1,0,17.0928,0,0,0,17.0928,0
49.9274,2.09919,0,0,0.890516,0.0495669,0.36288,3.6288,60.5062,0.5138,0,0,0.536084,0.320775,0,0.66528,12.849,1,0.523243,0.36288,0,20.7653,6.18377,14.4212,0.84672,12.849,0.84672,3695.15,0,0,0,0.261274,1.41222,2.15027,1.50433,2.31943,0.42336,0,0.42336,460.49,0,0.678508,0,0,0.939781,0.261274,1.028160,1,0,16.7406,0,0,0,16.7406,0
48.2627,2.08643,0,0,0.833337,0.0487309,0.36288,3.6288,60.1617,0.520545,0,0,0.49622,0.320167,0,0.66528,12.849,1,0.536951,0.36288,0,18.7459,6.18377,12.388,0.84672,12.849,0.84672,3695.15,0,0,0,0.227405,1.41262,1.91909,1.50433,2.05479,0.42336,0,0.42336,460.49,0,0.672054,0,0,0.899459,0.227405,1.028160,1,0,14.4428,0,0,0,14.4428,0
46.5445,2.07256,0,0,0.765037,0.0478661,0.36288,3.6288,59.7383,0.594716,0,0,0.49077,0.319467,0,0.66528,12.849,1,0.551778,0.36288,0,17.136,6.18377,10.7633,0.84672,12.849,0.84672,3695.15,0,0,0,0.227405,1.41302,1.87694,1.50433,2.01303,0.42336,0,0.42336,460.49,0,0.598173,0,0,0.825578,0.227405,1.028160,1,0,12.7763,0,0,0,12.7763,0
44.8895,2.21057,0,0,0.94843,0.0299433,0.36288,3.6288,59.5985,0.426997,0,0,0.604122,0.316877,0,0.66528,12.849,1,0.610248,0.36288,0,17.573,6.48976,10.8358,0.84672,12.849,0.84672,3695.15,0,0,0,0.227405,1.41343,2.60593,1.57864,2.66812,0.42336,0,0.42336,460.49,0,0.842875,0,0,1.07028,0.227405,1.028160,1,0,13.504,0,0,0,13.504,0
42.9841,2.19387,0,0,0.671993,0.02061,0.36288,3.6288,58.9001,0.79447,0,0,0.414447,0.318448,0,0.66528,12.849,1,0.627966,0.36288,0,18.852,6.64545,11.9415,0.84672,12.849,0.84672,3695.15,0,0,0,0.227405,1.50973,1.57729,1.61728,1.69715,0.42336,0,0.42336,460.49,0,0.475718,0,0,0.703123,0.227405,1.028160,1,0,13.6387,0,0,0,13.6387,0
41.1712,2.17323,0,0,0.743403,0.0201664,0.36288,3.6288,58.5979,0.554492,0,0,0.569323,0.317027,0,0.66528,12.849,1,0.649631,0.36288,0,16.1629,6.64545,9.23073,0.84672,12.849,0.84672,3695.15,0,0,0,0.204422,1.51016,1.88489,1.61728,1.9822,0.42336,0,0.42336,460.49,0,0.716011,0,0,0.920434,0.204422,1.028160,1,0,11.2129,0,0,0,11.2129,0
39.325,2.15221,0,0,0.690447,0.0216281,0.36288,3.6288,58.1249,0.627736,0,0,0.457594,0.302858,0,0.66528,12.849,1,0.671675,0.36288,0,15.5066,6.27576,8.92209,0.84672,12.849,0.84672,3695.15,0,0,0,0.204422,1.5106,2.14151,1.47337,2.38316,0.42336,0,0.42336,460.49,0,0.643084,0,0,0.847506,0.204422,1.028160,1,0,11.3052,0,0,0,11.3052,0
37.7067,2.12921,0,0,0.889514,0.0156892,0.36288,3.6288,57.8106,0.567572,0,0,0.531293,0.277994,0,0.66528,12.849,1,0.695694,0.36288,0,15.316,5.51363,9.4696,0.84672,12.849,0.84672,3695.15,0,0,0,0.204422,1.51103,2.84024,1.17866,3.37703,0.42336,0,0.42336,460.49,0,0.703564,0,0,0.907986,0.204422,1.028160,1,0,12.8466,0,0,0,12.8466,0
37.2428,2.03651,0,0,1.91779,-0.0177254,0.36288,3.6288,58.2974,0.196666,0,0,0.99436,0.310927,0,0.66528,12.849,1,0.693964,0.36288,0,42.0414,5.8501,35.8602,0.84672,12.849,0.84672,3695.15,0,0,0,0.556001,1.51147,5.07838,1.40707,5.73879,0.42336,0,0.42336,460.49,0,1.02816,0,0,1.58416,0.556001,1.028160,1,0,41.599,0,0,0,41.599,0
36.7987,2.03082,0,0,2.00585,0.0563541,0.36288,3.6288,59.1172,0.196967,0,0,1.26895,0.252144,0,0.66528,12.849,1,0.700644,0.36288,0,39.1023,4.32506,34.4395,0.84672,12.849,0.84672,3695.15,0,0,0,0.878178,1.45799,6.11398,1.03945,7.4107,0.42336,0,0.42336,460.49,0,1.02816,0,0,1.90634,0.878178,1.028160,1,0,41.8502,0,0,0,41.8502,0
36.3587,2.02528,0,0,2.01077,0.062583,0.36288,3.6288,60.083,0.197268,0,0,1.41955,0.256453,0,0.66528,12.849,1,0.707168,0.36288,0,44.5923,4.37388,39.8741,0.84672,12.849,0.84672,3695.15,0,0,0,0.912211,1.45841,6.69375,1.06741,7.99697,0.42336,0,0.42336,460.49,0,1.02816,0,0,1.94037,0.912211,1.028160,1,0,47.871,0,0,0,47.871,0
36.073,2.01969,0,0,2.15916,0.0622562,0.36288,3.6288,61.1203,0.197569,0,0,1.49284,0.258041,0,0.66528,12.849,1,0.71375,0.36288,0,65.5077,4.37388,60.783,0.84672,12.849,0.84672,3695.15,0,0,0,1.05374,1.45883,7.33199,1.06741,8.77715,0.42336,0,0.42336,460.49,0,1.02816,0,0,2.0819,1.05374,1.028160,1,0,69.5601,0,0,0,69.5601,0
35.2596,1.95841,0,0,1.63658,0.128702,0.36288,3.6288,61.308,0.155374,0,0,1.34948,0.249039,0.757341,0.66528,12.849,1,0.697573,0.36288,0,51.6526,4.05183,47.2661,0.84672,12.849,0.84672,3695.15,0,0,0,1.0435,1.45924,8.20871,1.01534,9.69612,0.42336,0,0.42336,460.49,0,1.02816,0,0,2.07166,1.0435,1.028160,1,0,57.7195,0,0,0,57.7195,0
33.8283,1.94732,0,0,1.03277,0.153851,0.36288,3.6288,61.1317,0.579652,0,0,0.648444,0.245047,0,0.66528,12.849,1,0.709625,0.36288,0,27.3662,3.92301,23.0964,0.84672,12.849,0.84672,3695.15,0,0,0,0.216518,1.41213,5.76215,0.99451,6.39629,0.42336,0,0.42336,460.49,0,0.604169,0,0,0.820688,0.216518,1.028160,1,0,29.4927,0,0,0,29.4927,0
33.6437,1.92626,0,0,2.25571,0.151189,0.36288,3.6288,61.308,0.155948,0,0,1.126,0.244774,0.549019,0.66528,12.849,1,0.73165,0.36288,0,38.6171,3.92301,34.3253,0.84672,12.849,0.84672,3695.15,0,0,0,0.58161,1.41253,8.24368,0.99451,9.24332,0.42336,0,0.42336,460.49,0,1.02816,0,0,1.60977,0.58161,1.028160,1,0,44.1176,0,0,0,44.1176,0
36.0067,1.92405,0,0,4.80073,0.150845,0.36288,3.6288,61.308,0.156236,0,0,2.33391,0.245047,1.93262,0.66528,12.849,1,0.734822,0.36288,0,84.3929,3.92301,80.098,0.84672,12.849,0.84672,3695.15,0,0,0,2.81924,1.41293,13.3819,0.99451,16.6196,0.42336,0,0.42336,460.49,0,1.02816,0,0,3.8474,2.81924,1.028160,1,0,98.6502,0,0,0,98.6502,0
36.8833,1.79589,0,0,3.20068,0.165315,0.36288,3.6288,61.308,0.0679007,0,0,2.30337,0.239455,1.99602,0.66528,12.849,1,0.640863,0.36288,0,65.1676,4.18011,60.7095,0.84672,12.849,0.84672,3695.15,0,0,0,1.74335,1.41334,10.4763,1.02474,12.6083,0.42336,0,0.42336,460.49,0,1.02816,0,0,2.77151,1.74335,1.028160,1,0,75.3139,0,0,0,75.3139,0
38.3867,1.80784,0,0,3.84327,0.169132,0.36288,3.6288,61.308,0.0681593,0,0,3.98239,0.226601,3.68763,0.66528,12.849,1,0.629797,0.36288,0,110.079,4.6662,105.146,0.84672,12.849,0.84672,3695.15,0,0,0,3.36905,1.30346,15.5003,1.11455,19.0583,0.42336,0,0.42336,460.49,0,1.02816,0,0,4.39721,3.36905,1.028160,1,0,127.892,0,0,0,127.892,0
40.5972,1.82699,0,0,4.57257,0.172148,0.36288,3.6288,61.308,0.0684179,0,0,4.64393,0.226601,4.34891,0.66528,12.849,1,0.611541,0.36288,0,101.62,4.6662,96.7054,0.84672,12.849,0.84672,3695.15,0,0,0,5.13134,1.30383,17.3032,1.11455,22.6239,0.42336,0,0.42336,460.49,0,1.02816,0,0,6.1595,5.13134,1.028160,1,0,123.678,0,0,0,123.678,0
46.0305,1.85296,0,0,7.82577,0.176654,0.36288,3.6288,61.308,0.0686766,0,0,4.61102,0.226601,4.31574,0.66528,12.849,1,0.586462,0.36288,0,113.715,4.6662,108.826,0.84672,12.849,0.84672,3695.15,0,0,0,5.14853,1.3042,17.8681,1.11455,23.2063,0.42336,0,0.42336,460.49,0,1.02816,0,0,6.17669,5.14853,1.028160,1,0,136.348,0,0,0,136.348,0
51.3603,1.90778,0,0,7.79432,0.193854,0.36288,3.6288,61.308,0.0689354,0,0,6.03845,0.219006,5.75051,0.66528,12.849,1,0.53254,0.36288,0,110.136,4.10261,105.864,0.84672,12.849,0.84672,3695.15,0,0,0,4.54147,1.30456,21.3147,1.06822,26.0925,0.42336,0,0.42336,460.49,0,1.02816,0,0,5.56963,4.54147,1.028160,1,0,137.707,0,0,0,137.707,0
51.9764,2.02143,0,0,3.24423,0.243838,0.36288,3.6288,61.308,0.0948911,0,0,2.03977,0.250816,1.69407,0.66528,12.849,1,0.505709,0.36288,0,57.6764,4.97784,52.5557,0.84672,12.849,0.84672,3695.15,0,0,0,1.84982,1.30493,12.4758,1.31414,14.3164,0.42336,0,0.42336,460.49,0,1.02816,0,0,2.87798,1.84982,1.028160,1,0,68.5662,0,0,0,68.5662,0
51.8876,2.02694,0,0,2.54648,0.245404,0.36288,3.6288,61.308,0.0951477,0,0,1.65776,0.250816,1.31179,0.66528,12.849,1,0.501078,0.36288,0,55.3692,4.97784,50.2531,0.84672,12.849,0.84672,3695.15,0,0,0,1.38823,1.34125,9.97488,1.31414,11.3902,0.42336,0,0.42336,460.49,0,1.02816,0,0,2.41639,1.38823,1.028160,1,0,62.9552,0,0,0,62.9552,0
51.6561,2.02697,0,0,2.40618,0.247921,0.36288,3.6288,61.308,0.0954044,0,0,1.43006,0.221879,1.11278,0.66528,12.849,1,0.50194,0.36288,0,41.6735,4.15765,37.3768,0.84672,12.849,0.84672,3695.15,0,0,0,1.02584,1.34162,7.22327,1.1162,8.47454,0.42336,0,0.42336,460.49,0,1.02816,0,0,2.054,1.02584,1.028160,1,0,46.9641,0,0,0,46.9641,0
50.813,2.02587,0,0,1.80033,0.254609,0.36288,3.6288,61.308,0.0956611,0,0,1.69739,0.183121,1.41861,0.66528,12.849,1,0.503919,0.36288,0,35.173,3.71112,31.3208,0.84672,12.849,0.84672,3695.15,0,0,0,1.07212,1.34198,6.24122,1.16875,7.48658,0.42336,0,0.42336,460.49,0,1.02816,0,0,2.10028,1.07212,1.028160,1,0,40.226,0,0,0,40.226,0
49.9469,2.24047,0,0,1.99919,0.261981,0.36288,3.6288,61.308,0.19253,0,0,1.3854,0.196266,0.996602,0.66528,12.849,1,0.566543,0.36288,0,37.2256,3.8208,33.2011,0.84672,12.849,0.84672,3695.15,0,0,0,0.845415,1.34235,7.84779,1.14012,8.89543,0.42336,0,0.42336,460.49,0,1.02816,0,0,1.87358,0.845415,1.028160,1,0,43.0932,0,0,0,43.0932,0
48.6851,2.23343,0,0,1.59929,0.264805,0.36288,3.6288,61.308,0.43986,0,0,0.957467,0.192223,0.325385,0.66528,12.849,1,0.574556,0.36288,0,33.6449,4.01616,29.4171,0.84672,12.849,0.84672,3695.15,0,0,0,0.503194,1.46914,4.67418,1.14386,5.50265,0.42336,0,0.42336,460.49,0,0.781117,0,0,1.28431,0.503194,1.028160,1,0,35.2451,0,0,0,35.2451,0
47.5695,2.22241,0,0,1.73025,0.260484,0.36288,3.6288,61.308,0.193104,0,0,1.07648,0.186661,0.696718,0.66528,12.849,1,0.586541,0.36288,0,37.3501,4.0614,33.0651,0.84672,12.849,0.84672,3695.15,0,0,0,0.786577,1.46954,6.06652,1.15394,7.16869,0.42336,0,0.42336,460.49,0,1.02816,0,0,1.81474,0.786577,1.028160,1,0,40.9305,0,0,0,40.9305,0
46.8215,2.21235,0,0,2.08455,0.257337,0.36288,3.6288,61.308,0.193391,0,0,1.11491,0.186661,0.734862,0.66528,12.849,1,0.597577,0.36288,0,46.1248,4.0614,41.8287,0.84672,12.849,0.84672,3695.15,0,0,0,0.656363,1.46995,5.69964,1.15394,6.672,0.42336,0,0.42336,460.49,0,1.02816,0,0,1.68452,0.656363,1.028160,1,0,49.2356,0,0,0,49.2356,0
48.3049,1.89597,0,0,3.999,0.256738,0.36288,3.6288,61.308,0.0638618,0,0,1.33009,0.165069,1.10116,0.66528,12.849,1,0.520301,0.36288,0,59.1911,3.64014,55.3935,0.84672,12.849,0.84672,3695.15,0,0,0,3.34464,1.47035,11.3163,0.986281,15.145,0.42336,0,0.42336,460.49,0,1.02816,0,0,4.3728,3.34464,1.028160,1,0,71.6397,0,0,0,71.6397,0
50.7621,1.90926,0,0,4.99141,0.2621,0.36288,3.6288,61.308,0.0641085,0,0,1.64596,0.148875,1.43298,0.66528,12.849,1,0.507859,0.36288,0,101.533,3.32419,98.0638,0.84672,12.849,0.84672,3695.15,0,0,0,2.84777,1.2965,10.7008,0.860533,13.9846,0.42336,0,0.42336,460.49,0,1.02816,0,0,3.87593,2.84777,1.028160,1,0,113.481,0,0,0,113.481,0
51.4953,1.92955,0,0,3.29467,0.269069,0.36288,3.6288,61.308,0.0643553,0,0,1.69337,0.148875,1.48014,0.66528,12.849,1,0.488413,0.36288,0,77.8343,3.32419,74.3846,0.84672,12.849,0.84672,3695.15,0,0,0,1.71882,1.29685,7.30201,0.860533,9.45715,0.42336,0,0.42336,460.49,0,1.02816,0,0,2.74698,1.71882,1.028160,1,0,85.3219,0,0,0,85.3219,0
53.1819,1.9358,0,0,4.25155,0.266252,0.36288,3.6288,61.308,0.0646021,0,0,3.57864,0.149915,3.36413,0.66528,12.849,1,0.483017,0.36288,0,120.794,3.33947,117.335,0.84672,12.849,0.84672,3695.15,0,0,0,3.24691,1.2972,9.22717,0.863041,12.9083,0.42336,0,0.42336,460.49,0,1.02816,0,0,4.27507,3.24691,1.028160,1,0,133.607,0,0,0,133.607,0
55.2988,1.90172,0,0,4.62756,0.246062,0.36288,3.6288,61.308,0.0478638,0,0,2.69396,0.154089,2.49201,0.66528,12.849,1,0.459465,0.36288,0,85.5585,3.38748,82.0744,0.84672,12.849,0.84672,3695.15,0,0,0,2.66693,1.29755,8.66661,0.852316,11.7788,0.42336,0,0.42336,460.49,0,1.02816,0,0,3.69509,2.66693,1.028160,1,0,96.3452,0,0,0,96.3452,0
56.008,2.04487,0,0,3.3988,0.28182,0.36288,3.6288,61.308,0.0969034,0,0,1.70098,0.141703,1.46238,0.66528,12.849,1,0.475138,0.36288,0,92.3098,3.12585,89.0717,0.84672,12.849,0.84672,3695.15,0,0,0,3.06818,1.27382,10.3102,0.697703,13.9545,0.42336,0,0.42336,460.49,0,1.02816,0,0,4.09634,3.06818,1.028160,1,0,104.489,0,0,0,104.489,0
57.369,2.05048,0,0,4.05814,0.283822,0.36288,3.6288,61.308,0.0971603,0,0,2.77241,0.141703,2.53355,0.66528,12.849,1,0.470408,0.36288,0,105.818,3.12585,102.585,0.84672,12.849,0.84672,3695.15,0,0,0,3.67922,1.34147,10.8723,0.697703,15.1953,0.42336,0,0.42336,460.49,0,1.02816,0,0,4.70738,3.67922,1.028160,1,0,120.314,0,0,0,120.314,0
57.5196,2.06032,0,0,2.86152,0.287662,0.36288,3.6288,61.308,0.0974172,0,0,1.42224,0.141703,1.18312,0.66528,12.849,1,0.461452,0.36288,0,72.3972,3.12585,69.1727,0.84672,12.849,0.84672,3695.15,0,0,0,2.03912,1.34184,8.41156,0.697703,11.0948,0.42336,0,0.42336,460.49,0,1.02816,0,0,3.06728,2.03912,1.028160,1,0,81.4507,0,0,0,81.4507,0
57.4473,2.01242,0,0,2.58318,0.280187,0.36288,3.6288,61.308,0.0799838,0,0,1.55817,0.146461,1.33173,0.66528,12.849,1,0.449543,0.36288,0,78.8875,3.18402,75.6168,0.84672,12.849,0.84672,3695.15,0,0,0,2.13272,1.3422,8.80165,0.709153,11.5674,0.42336,0,0.42336,460.49,0,1.02816,0,0,3.16088,2.13272,1.028160,1,0,88.516,0,0,0,88.516,0
57.5681,1.98151,0,0,2.66364,0.198478,0.36288,3.6288,61.308,0.0681319,0,0,1.11844,0.216155,0.834153,0.66528,12.849,1,0.443197,0.36288,0,58.4898,4.10679,54.3027,0.84672,12.849,0.84672,3695.15,0,0,0,1.18726,1.31752,6.3735,0.909576,7.96871,0.42336,0,0.42336,460.49,0,1.02816,0,0,2.21542,1.18726,1.028160,1,0,63.1055,0,0,0,63.1055,0
57.2776,1.78711,0,0,2.05253,0.193016,0.36288,3.6288,61.308,0,0,0,0.863387,0.223013,0.640374,0.66528,12.849,1,0.398877,0.36288,0,41.0094,4.20242,36.771,0.84672,12.849,0.84672,3695.15,0,0,0,0.720366,1.30139,4.91085,0.931529,6.00107,0.42336,0,0.42336,460.49,0,1.0268,0,0,1.74716,0.720366,1.028160,1,0,43.4124,0,0,0,43.4124,0
56.5808,2.03077,0,0,1.88926,0.192467,0.36288,3.6288,61.308,0.0860686,0,0,0.874454,0.223013,0.565373,0.66528,12.849,1,0.455559,0.36288,0,38.2946,4.20242,33.9995,0.84672,12.849,0.84672,3695.15,0,0,0,0.760346,1.20296,6.41448,0.931529,7.44626,0.42336,0,0.42336,460.49,0,1.02816,0,0,1.78851,0.760346,1.028160,1,0,42.0111,0,0,0,42.0111,0
56.9893,2.0269,0,0,2.98943,0.19115,0.36288,3.6288,61.308,0.0863219,0,0,1.08553,0.223013,0.776195,0.66528,12.849,1,0.460292,0.36288,0,49.8153,4.20242,45.5155,0.84672,12.849,0.84672,3695.15,0,0,0,1.06469,1.32679,5.57659,0.931529,7.03654,0.42336,0,0.42336,460.49,0,1.02816,0,0,2.09285,1.06469,1.028160,1,0,53.3282,0,0,0,53.3282,0
56.3671,2.13832,0,0,2.01911,0.140048,0.36288,3.6288,61.308,0.130494,0,0,0.911615,0.216479,0.564642,0.66528,12.849,1,0.482114,0.36288,0,39.2357,4.21556,34.9009,0.84672,12.849,0.84672,3695.15,0,0,0,0.637122,1.32715,4.81791,0.873117,5.90907,0.42336,0,0.42336,460.49,0,1.02816,0,0,1.66528,0.637122,1.028160,1,0,41.3746,0,0,0,41.3746,0
55.6525,2.13473,0,0,1.91563,0.1326,0.36288,3.6288,61.308,0.130762,0,0,0.820878,0.191107,0.499009,0.66528,12.849,1,0.486616,0.36288,0,34.097,3.72739,30.2458,0.84672,12.849,0.84672,3695.15,0,0,0,0.403289,1.38625,4.39611,0.888845,5.2968,0.42336,0,0.42336,460.49,0,1.02816,0,0,1.43145,0.403289,1.028160,1,0,36.0417,0,0,0,36.0417,0
54.7473,2.1304,0,0,1.7197,0.131661,0.36288,3.6288,61.308,0.131029,0,0,0.712999,0.191107,0.390863,0.66528,12.849,1,0.491864,0.36288,0,32.2352,3.72739,28.3789,0.84672,12.849,0.84672,3695.15,0,0,0,0.309079,1.38662,4.34257,0.888845,5.14942,0.42336,0,0.42336,460.49,0,1.02816,0,0,1.33724,0.309079,1.028160,1,0,33.9191,0,0,0,33.9191,0
53.7604,2.07364,0,0,1.56783,0.118204,0.36288,3.6288,61.308,0.120305,0,0,0.68802,0.205924,0.361792,0.66528,12.849,1,0.486677,0.36288,0,29.8186,4.02084,25.674,0.84672,12.849,0.84672,3695.15,0,0,0,0.30119,1.387,4.21279,0.968923,4.93205,0.42336,0,0.42336,460.49,0,1.02074,0,0,1.32193,0.30119,1.028160,1,0,30.9678,0,0,0,30.9678,0
52.6509,2.1179,0,0,1.47212,0.100865,0.36288,3.6288,61.308,0.34727,0,0,0.582013,0.22862,0.00612384,0.66528,12.849,1,0.506188,0.36288,0,28.3541,4.51716,23.6937,0.84672,12.849,0.84672,3695.15,0,0,0,0.30119,1.36137,3.65914,1.09416,4.22754,0.42336,0,0.42336,460.49,0,0.812454,0,0,1.11364,0.30119,1.028160,1,0,27.9273,0,0,0,27.9273,0
51.2744,2.08898,0,0,1.17534,0.099911,0.36288,3.6288,60.9264,0.548548,0,0,0.413161,0.246258,0,0.66528,12.849,1,0.509798,0.36288,0,21.1326,5.14752,15.8381,0.84672,12.849,0.84672,3695.15,0,0,0,0.30119,1.38776,2.09471,1.20497,2.57868,0.42336,0,0.42336,460.49,0,0.635619,0,0,0.936809,0.30119,1.028160,1,0,18.4168,0,0,0,18.4168,0
49.8144,2.07876,0,0,1.0801,0.0984964,0.36288,3.6288,60.5735,0.5085,0,0,0.401288,0.245663,0,0.66528,12.849,1,0.520922,0.36288,0,20.7987,5.14752,15.4932,0.84672,12.849,0.84672,3695.15,0,0,0,0.261274,1.4019,2.11226,1.20497,2.57047,0.42336,0,0.42336,460.49,0,0.675942,0,0,0.937215,0.261274,1.028160,1,0,18.0636,0,0,0,18.0636,0
48.2704,2.06734,0,0,0.983172,0.0969959,0.36288,3.6288,60.0697,0.63396,0,0,0.375324,0.245114,0,0.66528,12.849,1,0.533245,0.36288,0,19.9668,5.14752,14.6489,0.84672,12.849,0.84672,3695.15,0,0,0,0.261274,1.40228,1.98427,1.20497,2.44286,0.42336,0,0.42336,460.49,0,0.550757,0,0,0.81203,0.261274,1.028160,1,0,17.0918,0,0,0,17.0918,0
46.673,2.05459,0,0,0.904046,0.0839056,0.36288,3.6288,59.5128,0.638287,0,0,0.358339,0.276979,0,0.66528,12.849,1,0.546907,0.36288,0,17.7011,5.57097,11.9461,0.84672,12.849,0.84672,3695.15,0,0,0,0.261274,1.40266,1.90929,1.35954,2.21369,0.42336,0,0.42336,460.49,0,0.546705,0,0,0.807978,0.261274,1.028160,1,0,14.1598,0,0,0,14.1598,0
44.9372,2.09378,0,0,0.797049,0.0762124,0.36288,3.6288,58.6991,0.778789,0,0,0.279536,0.314423,0,0.66528,12.849,1,0.576413,0.36288,0,13.9392,6.03963,7.68601,0.84672,12.849,0.84672,3695.15,0,0,0,0.261274,1.40304,1.50342,1.50737,1.66037,0.42336,0,0.42336,460.49,0,0.428051,0,0,0.689325,0.261274,1.028160,1,0,9.34638,0,0,0,9.34638,0
43.2789,2.07718,0,0,0.85434,0.0725712,0.36288,3.6288,58.0572,0.668988,0,0,0.344028,0.316934,0,0.66528,12.849,1,0.593934,0.36288,0,17.8,6.0544,11.5146,0.84672,12.849,0.84672,3695.15,0,0,0,0.261274,1.4328,1.62113,1.51555,1.79965,0.42336,0,0.42336,460.49,0,0.538134,0,0,0.799407,0.261274,1.028160,1,0,13.3142,0,0,0,13.3142,0
41.5621,2.06035,0,0,0.777635,0.0712126,0.36288,3.6288,57.4072,0.61813,0,0,0.283753,0.315626,0,0.66528,12.849,1,0.611693,0.36288,0,14.337,6.0544,8.03382,0.84672,12.849,0.84672,3695.15,0,0,0,0.227405,1.43319,1.50639,1.51555,1.65144,0.42336,0,0.42336,460.49,0,0.589274,0,0,0.816679,0.227405,1.028160,1,0,9.68526,0,0,0,9.68526,0
39.7949,2.04176,0,0,0.70727,0.069806,0.36288,3.6288,56.6115,0.745705,0,0,0.264255,0.314302,0,0.66528,12.849,1,0.631213,0.36288,0,13.3654,6.0544,7.04265,0.84672,12.849,0.84672,3695.15,0,0,0,0.227405,1.43358,1.34249,1.51555,1.48793,0.42336,0,0.42336,460.49,0,0.461981,0,0,0.689386,0.227405,1.028160,1,0,8.53058,0,0,0,8.53058,0
37.8835,2.17153,0,0,0.685638,0.0626704,0.36288,3.6288,55.8863,0.708621,0,0,0.283722,0.300276,0,0.66528,12.849,1,0.701143,0.36288,0,12.3873,5.9586,6.09048,0.84672,12.849,0.84672,3695.15,0,0,0,0.227405,1.43397,1.61698,1.51866,1.7597,0.42336,0,0.42336,460.49,0,0.577313,0,0,0.804717,0.227405,1.028160,1,0,7.85018,0,0,0,7.85018,0
35.7685,2.14585,0,0,0.453355,0.0596424,0.36288,3.6288,54.8794,0.944101,0,0,0.196411,0.259236,0,0.66528,12.4705,1,0.727811,0.36288,0,8.64925,5.45738,3.20544,0.84672,12.4705,0.84672,3695.15,0,0,0,0.227405,1.53185,1.07768,1.47414,1.36279,0.42336,0,0.42336,460.49,0,0.342139,0,0,0.569544,0.227405,1.028160,1,0,4.56823,0,0,0,4.56823,0
33.7084,2.13151,0,0,0.49243,0.0581638,0.36288,3.6288,53.9034,0.917191,0,0,0.198742,0.257527,0,0.66528,11.7384,1,0.74314,0.36288,0,8.26641,5.45738,3.20544,0.84672,11.7384,0.84672,3695.11,0,0,0,0.204422,1.53227,1.14465,1.47414,1.4072,0.42336,0,0.42336,460.49,0,0.369356,0,0,0.573778,0.204422,1.028160,1,0,4.61264,0,0,0,4.61264,0
31.9061,2.1329,0,0,0.760584,0.0670995,0.36288,3.6288,53.0862,0.803482,0,0,0.239052,0.252804,0,0.66528,12.849,1,0.742744,0.36288,0,13.3516,5.36832,6.44821,0.84672,12.849,0.84672,3695.15,0,0,0,0.204422,1.53269,1.20969,1.46322,1.48359,0.42336,0,0.42336,460.49,0,0.483371,0,0,0.687793,0.204422,1.028160,1,0,7.9318,0,0,0,7.9318,0
30.4537,2.05076,0,0,1.03225,0.0709587,0.36288,3.6288,52.3608,0.784856,0,0,0.302222,0.242699,0,0.66528,12.849,1,0.825868,0.36288,0,16.3102,5.44053,10.4067,0.84672,12.849,0.84672,3695.15,0,0,0,0.204422,1.53312,1.3065,1.44608,1.59796,0.42336,0,0.42336,460.49,0,0.502304,0,0,0.706726,0.204422,1.028160,1,0,12.0047,0,0,0,12.0047,0
28.9728,1.95552,0,0,0.877504,0.0400619,0.36288,3.6288,52.4095,0.21191,0,0,0.482359,0.22178,0,0.66528,12.849,1,0.825071,0.36288,0,14.81,4.65843,9.68938,0.84672,12.849,0.84672,3695.15,0,0,0,0.355527,1.53354,1.54268,1.39894,2.03281,0.42336,0,0.42336,460.49,0,1.02816,0,0,1.38369,0.355527,1.028160,1,0,11.7222,0,0,0,11.7222,0
27.3639,1.93483,0,0,0.728119,0.0392719,0.36288,3.6288,51.7065,0.740538,0,0,0.259435,0.221867,0,0.66528,12.849,1,0.84672,0.36288,0,14.1902,4.65843,9.04789,0.84672,12.849,0.84672,3695.15,0,0,0,0.216518,1.47916,1.1489,1.39894,1.44565,0.42336,0,0.42336,460.49,0,0.499824,0,0,0.716342,0.216518,1.028160,1,0,10.4935,0,0,0,10.4935,0
26.0372,1.93579,0,0,1.04723,0.0752264,0.36288,3.6288,51.1977,0.649963,0,0,0.319112,0.178011,0,0.66528,12.849,1,0.84672,0.36288,0,16.5612,4.03554,12.0419,0.84672,12.849,0.84672,3695.15,0,0,0,0.216518,1.47957,1.26423,1.20424,1.75607,0.42336,0,0.42336,460.49,0,0.590691,0,0,0.807209,0.216518,1.028160,1,0,13.7979,0,0,0,13.7979,0
26.174,1.93675,0,0,2.55845,0.12202,0.36288,3.6288,51.5199,0.212786,0,0,0.655723,0.120709,0,0.66528,12.849,1,0.84672,0.36288,0,49.9458,3.20502,46.2569,0.84672,12.849,0.84672,3695.15,0,0,0,0.257532,1.47997,3.36735,0.944652,4.16021,0.42336,0,0.42336,460.49,0,1.02816,0,0,1.28569,0.257532,1.028160,1,0,50.4171,0,0,0,50.4171,0
27.1104,1.85797,0,0,3.30294,0.145739,0.36288,3.6288,51.8429,0.169882,0,0,0.657151,0.164275,0,0.66528,12.849,1,0.84672,0.36288,0,94.5922,3.9903,90.118,0.84672,12.849,0.84672,3695.15,0,0,0,0.598234,1.48038,4.58144,1.02427,5.63578,0.42336,0,0.42336,460.49,0,1.02816,0,0,1.62639,0.598234,1.028160,1,0,95.7538,0,0,0,95.7538,0
33.0229,1.85891,0,0,8.29984,0.165512,0.36288,3.6288,53.347,0.170161,0,0,1.87151,0.197227,0,0.66528,12.849,1,0.84672,0.36288,0,133.447,4.57926,128.384,0.84672,12.849,0.84672,3695.15,0,0,0,2.88682,1.43247,8.87655,1.08398,12.1119,0.42336,0,0.42336,460.49,0,1.02816,0,0,3.91498,2.88682,1.028160,1,0,140.496,0,0,0,140.496,0
35.4441,1.94844,0,0,4.91154,0.17899,0.36288,3.6288,54.0255,0.17044,0,0,1.04852,0.199623,0,0.66528,12.849,1,0.758125,0.36288,0,90.9749,4.57926,86.0004,0.84672,12.849,0.84672,3695.15,0,0,0,1.07993,1.43286,3.72573,1.08398,5.15454,0.42336,0,0.42336,460.49,0,1.02816,0,0,2.10809,1.07993,1.028160,1,0,91.1549,0,0,0,91.1549,0
37.5082,1.98714,0,0,4.59841,0.184376,0.36288,3.6288,54.6539,0.170719,0,0,0.99976,0.200652,0,0.66528,12.849,1,0.720364,0.36288,0,65.1874,4.57926,60.2507,0.84672,12.849,0.84672,3695.15,0,0,0,1.19933,1.43325,3.35224,1.08398,4.90084,0.42336,0,0.42336,460.49,0,1.02816,0,0,2.22749,1.19933,1.028160,1,0,65.1515,0,0,0,65.1515,0
41.2333,1.84847,0,0,6.13261,0.19613,0.36288,3.6288,55.631,0.0809212,0,0,1.29908,0.241034,0,0.66528,12.849,1,0.63322,0.36288,0,107.824,4.50234,103.051,0.84672,12.849,0.84672,3695.15,0,0,0,2.44106,1.43364,4.54786,1.13639,7.28617,0.42336,0,0.42336,460.49,0,1.02816,0,0,3.46922,2.44106,1.028160,1,0,110.337,0,0,0,110.337,0
44.9635,1.89274,0,0,6.21712,0.231332,0.36288,3.6288,56.1825,0.0811721,0,0,0.851187,0.218536,0,0.66528,12.849,1,0.58981,0.36288,0,141.828,4.38911,137.212,0.84672,12.849,0.84672,3695.15,0,0,0,2.30611,1.32194,5.31634,1.06885,7.87555,0.42336,0,0.42336,460.49,0,1.02816,0,0,3.33427,2.30611,1.028160,1,0,145.088,0,0,0,145.088,0
49.7705,1.93147,0,0,7.3429,0.241498,0.36288,3.6288,57.1687,0.0814231,0,0,1.28701,0.219326,0,0.66528,12.849,1,0.551947,0.36288,0,167.41,4.38911,162.831,0.84672,12.849,0.84672,3695.15,0,0,0,1.56053,1.3223,4.88835,1.06885,6.70233,0.42336,0,0.42336,460.49,0,1.02816,0,0,2.58869,1.56053,1.028160,1,0,169.534,0,0,0,169.534,0
54.5575,1.97453,0,0,7.379,0.254593,0.36288,3.6288,59.495,0.0816741,0,0,2.62864,0.220739,0,0.66528,12.849,1,0.509754,0.36288,0,168.804,4.38911,164.268,0.84672,12.849,0.84672,3695.15,0,0,0,3.17481,1.32266,6.81034,1.06885,10.239,0.42336,0,0.42336,460.49,0,1.02816,0,0,4.20297,3.17481,1.028160,1,0,174.507,0,0,0,174.507,0
56.5117,2.01143,0,0,4.58185,0.253333,0.36288,3.6288,59.9222,0.0819251,0,0,0.704582,0.195376,0,0.66528,12.849,1,0.473718,0.36288,0,101.497,4.08296,97.3029,0.84672,12.849,0.84672,3695.15,0,0,0,1.4397,1.32301,3.95715,0.848206,5.87165,0.42336,0,0.42336,460.49,0,1.02816,0,0,2.46786,1.4397,1.028160,1,0,103.175,0,0,0,103.175,0
59.2953,2.09664,0,0,5.46097,0.217851,0.36288,3.6288,61.1167,0.108293,0,0,1.52612,0.22339,0,0.66528,12.849,1,0.47671,0.36288,0,135.206,4.1476,130.945,0.84672,12.849,0.84672,3695.15,0,0,0,3.21464,1.32337,6.37135,1.0873,9.82207,0.42336,0,0.42336,460.49,0,1.02816,0,0,4.2428,3.21464,1.028160,1,0,140.767,0,0,0,140.767,0
61.7329,2.11573,0,0,5.1341,0.217909,0.36288,3.6288,61.308,0.108542,0,0,1.64702,0.231639,1.11552,0.66528,12.849,1,0.458469,0.36288,0,108.492,4.17879,104.217,0.84672,12.849,0.84672,3695.15,0,0,0,3.05044,1.36027,6.29072,1.14185,9.55958,0.42336,0,0.42336,460.49,0,1.02816,0,0,4.0786,3.05044,1.028160,1,0,114.892,0,0,0,114.892,0
64.22,2.13143,0,0,5.22246,0.241082,0.36288,3.6288,61.308,0.10879,0,0,1.08908,0.226564,0.753726,0.66528,12.849,1,0.443633,0.36288,0,106.458,4.23576,102.141,0.84672,12.849,0.84672,3695.15,0,0,0,2.24588,1.36062,6.35133,1.24119,8.71665,0.42336,0,0.42336,460.49,0,1.02816,0,0,3.27404,2.24588,1.028160,1,0,111.612,0,0,0,111.612,0
66.0328,2.14646,0,0,4.59327,0.271105,0.36288,3.6288,61.308,0.109039,0,0,1.25873,0.219424,0.930264,0.66528,12.849,1,0.429459,0.36288,0,109.423,4.31172,105.045,0.84672,12.849,0.84672,3695.15,0,0,0,2.32026,1.36097,6.23592,1.37364,8.54352,0.42336,0,0.42336,460.49,0,1.02816,0,0,3.34842,2.32026,1.028160,1,0,114.518,0,0,0,114.518,0
67.0395,2.39213,0,0,4.03726,0.275555,0.36288,3.6288,61.308,0.207472,0,0,1.38676,0.217553,0.961738,0.66528,12.849,1,0.465473,0.36288,0,85.9758,4.42962,81.4436,0.84672,12.849,0.84672,3695.15,0,0,0,2.29035,1.36133,5.09873,1.26753,7.48288,0.42336,0,0.42336,460.49,0,1.02816,0,0,3.31851,2.29035,1.028160,1,0,89.8882,0,0,0,89.8882,0
67.782,2.39879,0,0,3.78258,0.278406,0.36288,3.6288,61.308,0.20775,0,0,1.55601,0.215059,1.1332,0.66528,12.849,1,0.459759,0.36288,0,91.7447,4.58682,87.061,0.84672,12.849,0.84672,3695.15,0,0,0,3.06914,1.49016,6.31876,1.12604,9.75202,0.42336,0,0.42336,460.49,0,1.02816,0,0,4.0973,3.06914,1.028160,1,0,97.9462,0,0,0,97.9462,0
69.1716,2.40381,0,0,4.43634,0.280039,0.36288,3.6288,61.308,0.208028,0,0,1.64669,0.215059,1.2236,0.66528,12.849,1,0.455676,0.36288,0,109.659,4.58682,104.979,0.84672,12.849,0.84672,3695.15,0,0,0,3.05786,1.49056,6.65726,1.12604,10.0796,0.42336,0,0.42336,460.49,0,1.02816,0,0,4.08602,3.05786,1.028160,1,0,116.283,0,0,0,116.283,0
70.6883,2.41233,0,0,4.56959,0.277641,0.36288,3.6288,61.308,0.208307,0,0,1.70021,0.206844,1.28505,0.66528,12.849,1,0.448103,0.36288,0,113.32,4.40102,108.833,0.84672,12.849,0.84672,3695.15,0,0,0,3.53921,1.49095,7.3853,1.07125,11.3442,0.42336,0,0.42336,460.49,0,1.02816,0,0,4.56737,3.53921,1.028160,1,0,121.463,0,0,0,121.463,0
72.29,2.08192,0,0,6.09477,0.276728,2.13446,3.6288,61.308,0.0766638,0,0,2.26683,0.211649,1.97852,0.66528,12.849,1,0.378429,2.13446,0,143.219,4.07238,140.903,0.84672,12.849,0.84672,3695.15,0,0,0,4.19895,1.49134,10.7517,0.950742,15.4913,0.42336,0,0.42336,460.49,0,1.02816,0,0,5.22711,4.19895,1.028160,1,0,158.373,0,0,0,158.373,0
72.29,2.08973,0,0,6.16141,0.312963,3.75871,3.6288,61.308,0.0769029,0,0,1.77963,0.195649,1.50708,0.66528,12.849,1,0.371434,3.75871,0,137.158,3.88584,136.66,0.84672,12.849,0.84672,3695.15,0,0,0,2.76769,1.31466,8.07227,0.924519,11.2301,0.42336,0,0.42336,460.49,0,1.02816,0,0,3.79585,2.76769,1.028160,1,0,149.397,0,0,0,149.397,0
72.29,2.09043,0,0,5.427,0.312963,3.0236,3.6288,61.308,0.077142,0,0,1.32715,0.195649,1.05436,0.66528,12.849,1,0.371559,3.0236,0,105.502,3.88584,104.268,0.84672,12.849,0.84672,3695.15,0,0,0,1.95355,1.31499,7.40042,0.924519,9.74444,0.42336,0,0.42336,460.49,0,1.02816,0,0,2.98171,1.95355,1.028160,1,0,115.067,0,0,0,115.067,0
72.29,2.09113,0,0,7.2563,0.312963,4.85221,3.6288,61.308,0.0773812,0,0,1.99756,0.195649,1.72453,0.66528,12.849,1,0.371683,4.85221,0,147.856,3.88584,148.451,0.84672,12.849,0.84672,3695.15,0,0,0,3.02515,1.31533,11.3029,0.924519,14.7189,0.42336,0,0.42336,460.49,0,1.02816,0,0,4.05331,3.02515,1.028160,1,0,164.894,0,0,0,164.894,0
72.29,2.09183,0,0,9.20981,0.314215,6.80376,3.6288,61.308,0.0776204,0,0,3.03729,0.210947,2.74872,0.66528,12.849,1,0.371807,6.80376,0,186.857,4.31895,188.97,0.84672,12.849,0.84672,3695.15,0,0,0,5.8418,1.31567,17.9544,0.991218,24.1206,0.42336,0,0.42336,460.49,0,1.02816,0,0,6.86996,5.8418,1.028160,1,0,215.84,0,0,0,215.84,0
72.29,2.17837,0,0,7.89083,0.324105,5.38835,3.6288,61.308,0.110181,0,0,2.21045,0.178242,1.92203,0.66528,12.849,1,0.387189,5.38835,0,115.32,3.90233,116.419,0.84672,12.849,0.84672,3695.15,0,0,0,2.59946,1.31601,10.1225,0.810432,13.2276,0.42336,0,0.42336,460.49,0,1.02816,0,0,3.62762,2.59946,1.028160,1,0,131.568,0,0,0,131.568,0
72.29,2.17909,0,0,7.02004,0.324105,4.51684,3.6288,61.308,0.110429,0,0,3.0171,0.178242,2.72843,0.66528,12.849,1,0.387318,4.51684,0,128.524,3.90233,128.752,0.84672,12.849,0.84672,3695.15,0,0,0,3.89734,1.36027,14.1967,0.810432,18.6439,0.42336,0,0.42336,460.49,0,1.02816,0,0,4.9255,3.89734,1.028160,1,0,150.124,0,0,0,150.124,0
72.29,2.17982,0,0,5.51391,0.324105,3.00999,3.6288,61.308,0.110678,0,0,2.51262,0.178242,2.2237,0.66528,12.849,1,0.387446,3.00999,0,150.305,3.90233,149.025,0.84672,12.849,0.84672,3695.15,0,0,0,4.04659,1.36062,10.4731,0.810432,15.0699,0.42336,0,0.42336,460.49,0,1.02816,0,0,5.07475,4.04659,1.028160,1,0,166.319,0,0,0,166.319,0
72.29,2.18055,0,0,4.24582,0.297616,1.76766,3.6288,61.308,0.110927,0,0,1.76221,0.140709,1.51057,0.66528,12.849,1,0.387575,1.76766,0,106.113,2.73472,104.758,0.84672,12.849,0.84672,3695.15,0,0,0,2.72748,1.36097,8.12566,0.664912,11.5492,0.42336,0,0.42336,460.49,0,1.02816,0,0,3.75564,2.72748,1.028160,1,0,117.818,0,0,0,117.818,0
72.29,2.14767,0,0,4.84542,0.27629,2.42147,3.6288,61.308,0.0986084,0,0,2.2731,0.176482,1.99801,0.66528,12.849,1,0.381732,2.42147,0,106.984,3.44016,105.584,0.84672,12.849,0.84672,3695.15,0,0,0,3.46534,1.36132,8.45104,0.877488,12.4002,0.42336,0,0.42336,460.49,0,1.02816,0,0,4.4935,3.46534,1.028160,1,0,119.982,0,0,0,119.982,0
72.29,2.14838,0,0,4.24261,0.267488,1.82674,3.6288,61.308,0.0988538,0,0,1.65759,0.185612,1.37313,0.66528,12.849,1,0.381859,1.82674,0,95.4141,3.8052,93.0538,0.84672,12.849,0.84672,3695.15,0,0,0,2.4352,1.34455,6.40847,0.944815,9.24341,0.42336,0,0.42336,460.49,0,1.02816,0,0,3.46336,2.4352,1.028160,1,0,103.67,0,0,0,103.67,0
72.29,2.1491,0,0,3.63766,0.267488,1.22108,3.6288,61.308,0.0990992,0,0,1.07791,0.185612,0.793198,0.66528,12.849,1,0.381986,1.22108,0,85.3684,3.8052,82.4023,0.84672,12.849,0.84672,3695.15,0,0,0,1.28171,1.3449,4.63412,0.944815,6.31592,0.42336,0,0.42336,460.49,0,1.02816,0,0,2.30987,1.28171,1.028160,1,0,89.5114,0,0,0,89.5114,0
72.29,2.14982,0,0,3.95803,0.267488,1.54072,3.6288,61.308,0.0993447,0,0,1.13871,0.185612,0.853752,0.66528,12.849,1,0.382114,1.54072,0,81.8441,3.8052,79.1975,0.84672,12.849,0.84672,3695.15,0,0,0,1.27524,1.34525,5.06497,0.944815,6.74064,0.42336,0,0.42336,460.49,0,1.02816,0,0,2.3034,1.27524,1.028160,1,0,86.7919,0,0,0,86.7919,0
72.29,2.26473,0,0,3.65478,0.248274,1.14178,3.6288,61.308,0.144213,0,0,1.23466,0.196565,0.893886,0.66528,12.849,1,0.402538,1.14178,0,88.935,3.90654,85.7677,0.84672,12.849,0.84672,3695.15,0,0,0,1.66849,1.34559,5.25003,0.961544,7.30256,0.42336,0,0.42336,460.49,0,1.02816,0,0,2.69665,1.66849,1.028160,1,0,93.9641,0,0,0,93.9641,0
72.29,2.26548,0,0,3.60378,0.200238,1.13806,3.6288,61.308,0.144472,0,0,1.3814,0.22395,1.01298,0.66528,12.849,1,0.402671,1.13806,0,75.3745,4.15989,71.95,0.84672,12.849,0.84672,3695.15,0,0,0,1.60734,1.40562,4.52016,1.00337,6.52976,0.42336,0,0.42336,460.49,0,1.02816,0,0,2.6355,1.60734,1.028160,1,0,79.4927,0,0,0,79.4927,0
72.29,2.26623,0,0,3.24732,0.200238,0.780853,3.6288,61.308,0.144731,0,0,1.23123,0.22395,0.862545,0.66528,12.849,1,0.402805,0.780853,0,67.5665,4.15989,63.7847,0.84672,12.849,0.84672,3695.15,0,0,0,1.24551,1.40599,4.25179,1.00337,5.89991,0.42336,0,0.42336,460.49,0,1.02816,0,0,2.27367,1.24551,1.028160,1,0,70.5471,0,0,0,70.5471,0
72.29,2.26698,0,0,2.9105,0.192459,0.45106,3.6288,61.308,0.14499,0,0,1.21721,0.229342,0.84288,0.66528,12.849,1,0.402938,0.45106,0,58.6353,4.2465,54.4369,0.84672,12.849,0.84672,3695.15,0,0,0,1.43948,1.40635,4.15273,1.0248,5.97377,0.42336,0,0.42336,460.49,0,1.02816,0,0,2.46764,1.43948,1.028160,1,0,61.2535,0,0,0,61.2535,0
72.2134,2.26773,0,0,2.69981,0.145783,0.36288,3.6288,61.308,0.145249,0,0,1.15364,0.261694,0.746697,0.66528,12.849,1,0.403072,0.36288,0,55.0499,4.76616,50.2436,0.84672,12.849,0.84672,3695.15,0,0,0,1.40949,1.40672,3.84165,1.1534,5.50445,0.42336,0,0.42336,460.49,0,1.02816,0,0,2.43765,1.40949,1.028160,1,0,56.4947,0,0,0,56.4947,0
72.29,2.2455,0,0,2.94665,0.132804,0.491758,3.6288,61.308,0.170069,0,0,1.97621,0.278614,1.52753,0.66528,12.849,1,0.399544,0.491758,0,57.2025,5.07996,52.2148,0.84672,12.849,0.84672,3695.15,0,0,0,2.33372,1.40708,7.6267,1.24527,10.1222,0.42336,0,0.42336,460.49,0,1.02816,0,0,3.36188,2.33372,1.028160,1,0,63.8645,0,0,0,63.8645,0
72.29,2.24661,0,0,2.78408,0.111723,0.425747,3.6288,61.308,0.170336,0,0,1.88388,0.308087,1.40546,0.66528,12.849,1,0.399317,0.425747,0,54.2187,5.11161,49.1335,0.84672,12.849,0.84672,3695.15,0,0,0,2.22541,1.42143,7.62912,1.34291,9.93305,0.42336,0,0.42336,460.49,0,1.02816,0,0,3.25357,2.22541,1.028160,1,0,60.472,0,0,0,60.472,0
72.2119,2.24735,0,0,2.64389,0.111723,0.36288,3.6288,61.308,0.170602,0,0,1.71389,0.308087,1.2352,0.66528,12.849,1,0.39945,0.36288,0,49.0681,5.11161,43.9199,0.84672,12.849,0.84672,3695.15,0,0,0,2.10735,1.4218,7.46608,1.34291,9.65232,0.42336,0,0.42336,460.49,0,1.02816,0,0,3.13551,2.10735,1.028160,1,0,54.8075,0,0,0,54.8075,0
71.9393,2.24773,0,0,2.44967,0.111657,0.36288,3.6288,61.308,0.170869,0,0,1.55179,0.308087,1.07283,0.66528,12.849,1,0.399949,0.36288,0,46.7088,5.11161,41.5601,0.84672,12.849,0.84672,3695.15,0,0,0,1.94499,1.42217,6.88781,1.34291,8.91205,0.42336,0,0.42336,460.49,0,1.02816,0,0,2.97315,1.94499,1.028160,1,0,51.545,0,0,0,51.545,0
71.4256,2.30562,0,0,2.2686,0.113876,0.36288,3.6288,61.308,0.193051,0,0,1.31677,0.295081,0.828638,0.66528,12.849,1,0.411804,0.36288,0,42.5961,5.48372,37.0634,0.84672,12.849,0.84672,3695.15,0,0,0,1.61114,1.42254,6.08836,1.36456,7.75747,0.42336,0,0.42336,460.49,0,1.02816,0,0,2.6393,1.61114,1.028160,1,0,45.6495,0,0,0,45.6495,0
71.0981,2.30387,0,0,2.42751,0.0881879,0.36288,3.6288,61.308,0.193324,0,0,1.49088,0.308649,0.98891,0.66528,12.849,1,0.414451,0.36288,0,50.2324,5.96211,44.2188,0.84672,12.849,0.84672,3695.15,0,0,0,1.82023,1.45275,6.09126,1.49887,7.86538,0.42336,0,0.42336,460.49,0,1.02816,0,0,2.84839,1.82023,1.028160,1,0,53.073,0,0,0,53.073,0
70.6449,2.30301,0,0,2.30065,0.0879673,0.36288,3.6288,61.308,0.193598,0,0,1.33379,0.308649,0.831544,0.66528,12.849,1,0.416205,0.36288,0,44.3848,5.96211,38.3694,0.84672,12.849,0.84672,3695.15,0,0,0,2.09784,1.45313,6.36224,1.49887,8.41434,0.42336,0,0.42336,460.49,0,1.02816,0,0,3.126,2.09784,1.028160,1,0,47.6152,0,0,0,47.6152,0
70.0436,2.30151,0,0,2.15071,0.0876621,0.36288,3.6288,61.308,0.193871,0,0,1.23408,0.308649,0.731557,0.66528,12.849,1,0.418603,0.36288,0,42.2035,5.96211,36.1857,0.84672,12.849,0.84672,3695.15,0,0,0,1.82885,1.45351,5.58259,1.49887,7.36609,0.42336,0,0.42336,460.49,0,1.02816,0,0,2.85701,1.82885,1.028160,1,0,44.2834,0,0,0,44.2834,0
69.1036,2.46986,0,0,1.98562,0.0928517,0.36288,3.6288,61.308,0.273344,0,0,1.24492,0.308509,0.663067,0.66528,12.849,1,0.453078,0.36288,0,37.1061,5.91138,31.1045,0.84672,12.849,0.84672,3695.15,0,0,0,1.61585,1.45389,5.64675,1.48996,7.22653,0.42336,0,0.42336,460.49,0,1.02816,0,0,2.64401,1.61585,1.028160,1,0,38.9941,0,0,0,38.9941,0
68.0918,2.46547,0,0,1.90852,0.0920261,0.36288,3.6288,61.308,0.273641,0,0,1.23808,0.325799,0.638637,0.66528,12.849,1,0.458425,0.36288,0,28.6257,6.13042,22.3997,0.84672,12.849,0.84672,3695.15,0,0,0,1.49245,1.5533,4.65909,1.54109,6.16374,0.42336,0,0.42336,460.49,0,1.02816,0,0,2.52061,1.49245,1.028160,1,0,29.2021,0,0,0,29.2021,0
67.2715,2.46054,0,0,2.09451,0.0913021,0.36288,3.6288,61.308,0.273938,0,0,1.52883,0.325799,0.929094,0.66528,12.849,1,0.464308,0.36288,0,36.8148,6.13042,30.5829,0.84672,12.849,0.84672,3695.15,0,0,0,2.10343,1.55371,5.0825,1.54109,7.19854,0.42336,0,0.42336,460.49,0,1.02816,0,0,3.13159,2.10343,1.028160,1,0,38.7106,0,0,0,38.7106,0
66.044,2.4566,0,0,1.68263,0.0907152,0.36288,3.6288,61.308,0.274235,0,0,1.10579,0.325799,0.505756,0.66528,12.849,1,0.469215,0.36288,0,35.9739,6.13042,29.7372,0.84672,12.849,0.84672,3695.15,0,0,0,1.14595,1.55412,4.0801,1.54109,5.23908,0.42336,0,0.42336,460.49,0,1.02816,0,0,2.17411,1.14595,1.028160,1,0,35.482,0,0,0,35.482,0
65.2367,2.4501,0,0,2.09555,0.0898368,0.36288,3.6288,61.308,0.274532,0,0,1.88999,0.325799,1.28966,0.66528,12.849,1,0.476672,0.36288,0,32.8553,6.13042,26.6111,0.84672,12.849,0.84672,3695.15,0,0,0,3.08443,1.55453,6.3086,1.54109,9.40646,0.42336,0,0.42336,460.49,0,1.02816,0,0,4.11259,3.08443,1.028160,1,0,37.3072,0,0,0,37.3072,0
65.3605,2.36363,0,0,2.88356,0.0332962,0.36288,3.6288,61.308,0.226686,0,0,1.75206,0.333562,1.19181,0.66528,12.849,1,0.46554,0.36288,0,42.9113,6.29413,36.5145,0.84672,12.849,0.84672,3695.15,0,0,0,2.52521,1.55494,7.23743,1.40269,9.91489,0.42336,0,0.42336,460.49,0,1.02816,0,0,3.55337,2.52521,1.028160,1,0,47.6212,0,0,0,47.6212,0
65.3918,2.36515,0,0,2.89082,0.131514,0.36288,3.6288,61.308,0.226969,0,0,1.98193,0.257928,1.49703,0.66528,12.849,1,0.464956,0.36288,0,40.7835,4.42951,36.2519,0.84672,12.849,0.84672,3695.15,0,0,0,2.80248,1.49968,7.30417,0.903066,10.7033,0.42336,0,0.42336,460.49,0,1.02816,0,0,3.83064,2.80248,1.028160,1,0,48.4522,0,0,0,48.4522,0
65.8166,2.36611,0,0,3.32036,0.166515,0.36288,3.6288,61.308,0.227252,0,0,2.70491,0.250976,2.22668,0.66528,12.849,1,0.464923,0.36288,0,41.2143,4.20914,36.9031,0.84672,12.849,0.84672,3695.15,0,0,0,3.70921,1.50007,10.1289,0.878004,14.4602,0.42336,0,0.42336,460.49,0,1.02816,0,0,4.73737,3.70921,1.028160,1,0,53.59,0,0,0,53.59,0
66.0964,2.3694,0,0,3.17918,0.167082,0.36288,3.6288,61.308,0.227535,0,0,2.65299,0.250976,2.17448,0.66528,12.849,1,0.462564,0.36288,0,54.9519,4.20914,50.6431,0.84672,12.849,0.84672,3695.15,0,0,0,3.58016,1.50047,10.1263,0.878004,14.329,0.42336,0,0.42336,460.49,0,1.02816,0,0,4.60832,3.58016,1.028160,1,0,67.1465,0,0,0,67.1465,0
66.0294,2.30401,0,0,2.80038,0.200478,0.36288,3.6288,61.308,0.183943,0,0,2.39453,0.237208,1.97338,0.66528,12.849,1,0.447894,0.36288,0,70.8715,4.22732,66.5592,0.84672,12.849,0.84672,3695.15,0,0,0,3.14044,1.50086,10.5404,0.939009,14.2427,0.42336,0,0.42336,460.49,0,1.02816,0,0,4.1686,3.14044,1.028160,1,0,82.7752,0,0,0,82.7752,0
65.1591,2.30439,0,0,2.04131,0.244378,0.36288,3.6288,61.308,0.184213,0,0,1.74655,0.218851,1.34349,0.66528,12.849,1,0.448422,0.36288,0,39.514,4.25155,35.1769,0.84672,12.849,0.84672,3695.15,0,0,0,1.41641,1.45218,7.52276,1.02035,9.371,0.42336,0,0.42336,460.49,0,1.02816,0,0,2.44457,1.41641,1.028160,1,0,45.8914,0,0,0,45.8914,0
65.1725,2.30014,0,0,2.91914,0.242683,0.36288,3.6288,61.308,0.184484,0,0,1.63978,0.218851,1.23644,0.66528,12.849,1,0.453574,0.36288,0,48.9891,4.25155,44.6468,0.84672,12.849,0.84672,3695.15,0,0,0,1.15808,1.45256,8.61304,1.02035,10.2033,0.42336,0,0.42336,460.49,0,1.02816,0,0,2.18624,1.15808,1.028160,1,0,56.0866,0,0,0,56.0866,0
69.9175,2.30098,0,0,7.65152,0.242709,0.36288,3.6288,61.308,0.184754,0,0,4.9045,0.218851,4.50089,0.66528,12.849,1,0.453646,0.36288,0,108.865,4.25155,104.523,0.84672,12.849,0.84672,3695.15,0,0,0,6.48283,1.45293,17.4212,1.02035,24.3366,0.42336,0,0.42336,460.49,0,1.02816,0,0,7.51099,6.48283,1.028160,1,0,133.36,0,0,0,133.36,0
71.9739,2.1332,0,0,4.816,0.263515,0.36288,3.6288,61.308,0.0935386,0,0,3.24772,0.215281,2.9389,0.66528,12.849,1,0.392027,0.36288,0,90.612,4.15573,86.4271,0.84672,12.849,0.84672,3695.15,0,0,0,4.03982,1.45331,10.7484,0.990842,15.2507,0.42336,0,0.42336,460.49,0,1.02816,0,0,5.06798,4.03982,1.028160,1,0,104.617,0,0,0,104.617,0
72.29,2.14342,0,0,4.018,0.289498,1.26897,3.6288,61.308,0.0937817,0,0,3.21771,0.177669,2.94626,0.66528,12.849,1,0.38265,1.26897,0,89.8932,4.01068,86.7688,0.84672,12.849,0.84672,3695.15,0,0,0,2.738,1.33985,14.6976,0.962286,17.8132,0.42336,0,0.42336,460.49,0,1.02816,0,0,3.76616,2.738,1.028160,1,0,107.528,0,0,0,107.528,0
72.29,2.14555,0,0,7.39384,0.290194,4.95809,3.6288,61.308,0.0940248,0,0,4.45312,0.177669,4.18143,0.66528,12.849,1,0.381356,4.95809,0,221.223,4.01068,221.789,0.84672,12.849,0.84672,3695.15,0,0,0,4.31265,1.3402,21.127,0.962286,25.8176,0.42336,0,0.42336,460.49,0,1.02816,0,0,5.34081,4.31265,1.028160,1,0,251.788,0,0,0,251.788,0
72.29,2.14627,0,0,5.94411,0.290194,3.50765,3.6288,61.308,0.0942679,0,0,6.43452,0.177669,6.16258,0.66528,12.849,1,0.381483,3.50765,0,202.077,4.01068,201.192,0.84672,12.849,0.84672,3695.15,0,0,0,4.94723,1.34054,20.2045,0.962286,25.53,0.42336,0,0.42336,460.49,0,1.02816,0,0,5.97539,4.94723,1.028160,1,0,232.885,0,0,0,232.885,0
72.29,2.14698,0,0,5.04305,0.294825,2.60124,3.6288,61.308,0.0945111,0,0,2.94338,0.233912,2.61496,0.66528,12.849,1,0.381609,2.60124,0,129.152,4.85373,126.517,0.84672,12.849,0.84672,3695.15,0,0,0,3.2339,1.34089,15.3056,1.29479,18.5856,0.42336,0,0.42336,460.49,0,1.02816,0,0,4.26206,3.2339,1.028160,1,0,147.718,0,0,0,147.718,0
72.29,2.223,0,0,10.8835,0.299357,8.36117,3.6288,61.308,0.121278,0,0,6.59659,0.229991,6.24532,0.66528,12.849,1,0.395121,8.36117,0,177.479,4.61426,180.831,0.84672,12.849,0.84672,3695.15,0,0,0,5.27062,1.34123,17.9927,1.09143,23.5131,0.42336,0,0.42336,460.49,0,1.02816,0,0,6.29878,5.27062,1.028160,1,0,210.59,0,0,0,210.59,0
72.29,2.2237,0,0,14.4695,0.30117,11.9446,3.6288,61.308,0.121519,0,0,5.9093,0.228422,5.55936,0.66528,12.849,1,0.395246,11.9446,0,180.972,4.51846,188.003,0.84672,12.849,0.84672,3695.15,0,0,0,3.29109,1.37869,12.7609,1.01008,16.4206,0.42336,0,0.42336,460.49,0,1.02816,0,0,4.31925,3.29109,1.028160,1,0,209.983,0,0,0,209.983,0
72.29,2.22441,0,0,9.46451,0.30117,6.93894,3.6288,61.308,0.121759,0,0,3.03743,0.228422,2.68725,0.66528,12.849,1,0.395371,6.93894,0,133.441,4.51846,135.466,0.84672,12.849,0.84672,3695.15,0,0,0,3.11991,1.37903,10.3123,1.01008,13.8011,0.42336,0,0.42336,460.49,0,1.02816,0,0,4.14807,3.11991,1.028160,1,0,151.955,0,0,0,151.955,0
72.29,2.22511,0,0,8.92106,0.30117,6.39478,3.6288,61.308,0.122,0,0,2.99304,0.228422,2.64262,0.66528,12.849,1,0.395497,6.39478,0,110.204,4.51846,111.685,0.84672,12.849,0.84672,3695.15,0,0,0,2.78217,1.37937,9.87699,1.01008,13.0285,0.42336,0,0.42336,460.49,0,1.02816,0,0,3.81033,2.78217,1.028160,1,0,127.356,0,0,0,127.356,0
72.29,2.46796,0,0,9.83258,0.306274,7.05835,3.6288,61.308,0.221948,0,0,2.79599,0.216053,2.35799,0.66528,12.849,1,0.438661,7.05835,0,127.722,4.30009,130.041,0.84672,12.849,0.84672,3695.15,0,0,0,2.62005,1.37972,10.8963,1.00064,13.8955,0.42336,0,0.42336,460.49,0,1.02816,0,0,3.64821,2.62005,1.028160,1,0,146.295,0,0,0,146.295,0
72.29,2.46873,0,0,27.8073,0.319035,25.0196,3.6288,61.308,0.222217,0,0,7.31741,0.18513,6.91007,0.66528,12.849,1,0.438799,25.0196,0,374.739,3.75417,395.566,0.84672,12.849,0.84672,3695.15,0,0,0,7.53183,1.51053,30.4639,0.977039,38.5293,0.42336,0,0.42336,460.49,0,1.02816,0,0,8.55999,7.53183,1.028160,1,0,441.005,0,0,0,441.005,0
72.29,2.46951,0,0,10.8929,0.319035,8.10434,3.6288,61.308,0.222486,0,0,3.41513,0.18513,3.00752,0.66528,12.849,1,0.438936,8.10434,0,308.564,3.75417,312.475,0.84672,12.849,0.84672,3695.15,0,0,0,3.43091,1.51091,12.6286,0.977039,16.5934,0.42336,0,0.42336,460.49,0,1.02816,0,0,4.45907,3.43091,1.028160,1,0,332.076,0,0,0,332.076,0
72.29,2.47028,0,0,8.66065,0.327712,5.86266,3.6288,61.308,0.222755,0,0,3.18171,0.249423,2.70954,0.66528,12.849,1,0.439074,5.86266,0,192.077,4.52439,192.976,0.84672,12.849,0.84672,3695.15,0,0,0,3.16959,1.51129,11.2202,1.11017,14.791,0.42336,0,0.42336,460.49,0,1.02816,0,0,4.19775,3.16959,1.028160,1,0,210.476,0,0,0,210.476,0
72.29,2.12529,0,0,9.14397,0.343713,6.67497,3.6288,61.308,0.0890648,0,0,6.36981,0.244928,6.03582,0.66528,12.849,1,0.377754,6.67497,0,191.44,4.27395,193.463,0.84672,12.849,0.84672,3695.15,0,0,0,5.14318,1.51167,15.0741,1.01109,20.7179,0.42336,0,0.42336,460.49,0,1.02816,0,0,6.17134,5.14318,1.028160,1,0,220.217,0,0,0,220.217,0
72.29,2.12596,0,0,9.48491,0.343551,7.01539,3.6288,61.308,0.089296,0,0,4.30966,0.199585,4.02078,0.66528,12.849,1,0.377874,7.01539,0,171.302,3.61504,174.324,0.84672,12.849,0.84672,3695.15,0,0,0,5.81012,1.33224,13.4587,0.92816,19.6729,0.42336,0,0.42336,460.49,0,1.02816,0,0,6.83828,5.81012,1.028160,1,0,198.018,0,0,0,198.018,0
72.29,2.12664,0,0,8.54366,0.343551,6.07347,3.6288,61.308,0.0895274,0,0,4.24623,0.199585,3.95712,0.66528,12.849,1,0.377994,6.07347,0,155.719,3.61504,157.799,0.84672,12.849,0.84672,3695.15,0,0,0,5.58262,1.33257,14.3801,0.92816,20.3671,0.42336,0,0.42336,460.49,0,1.02816,0,0,6.61078,5.58262,1.028160,1,0,182.123,0,0,0,182.123,0
72.29,2.12732,0,0,9.39747,0.343551,6.9266,3.6288,61.308,0.0897588,0,0,3.96755,0.199585,3.6782,0.66528,12.849,1,0.378115,6.9266,0,158.626,3.61504,161.56,0.84672,12.849,0.84672,3695.15,0,0,0,6.00874,1.33289,13.452,0.92816,19.8654,0.42336,0,0.42336,460.49,0,1.02816,0,0,7.0369,6.00874,1.028160,1,0,185.103,0,0,0,185.103,0
72.29,2.12799,0,0,10.8589,0.343551,8.38738,3.6288,61.308,0.0899902,0,0,6.03437,0.199585,5.74479,0.66528,12.849,1,0.378235,8.38738,0,198.146,3.61504,202.54,0.84672,12.849,0.84672,3695.15,0,0,0,6.85137,1.33322,20.3701,0.92816,27.6265,0.42336,0,0.42336,460.49,0,1.02816,0,0,7.87953,6.85137,1.028160,1,0,235.912,0,0,0,235.912,0
72.29,2.21583,0,0,9.05688,0.29257,6.54848,3.6288,61.308,0.12304,0,0,4.09296,0.180779,3.78914,0.66528,12.849,1,0.393847,6.54848,0,170.84,4.14672,172.847,0.84672,12.849,0.84672,3695.15,0,0,0,5.00284,1.33355,12.6115,1.0137,17.9342,0.42336,0,0.42336,460.49,0,1.02816,0,0,6.031,5.00284,1.028160,1,0,194.571,0,0,0,194.571,0
72.29,2.21653,0,0,12.5066,0.288938,10.0011,3.6288,61.308,0.123281,0,0,5.92283,0.170776,5.62878,0.66528,12.849,1,0.393972,10.0011,0,184.114,4.03882,189.682,0.84672,12.849,0.84672,3695.15,0,0,0,9.42099,1.37847,22.7263,0.999862,32.5259,0.42336,0,0.42336,460.49,0,1.02816,0,0,10.4491,9.42099,1.028160,1,0,227.837,0,0,0,227.837,0
72.29,2.21723,0,0,9.16125,0.262154,6.68186,3.6288,61.308,0.123522,0,0,4.90729,0.185049,4.59872,0.66528,12.849,1,0.394096,6.68186,0,226.478,4.21334,228.552,0.84672,12.849,0.84672,3695.15,0,0,0,6.15885,1.37881,14.4075,1.03421,20.9109,0.42336,0,0.42336,460.49,0,1.02816,0,0,7.18701,6.15885,1.028160,1,0,254.062,0,0,0,254.062,0
72.29,2.21793,0,0,7.92297,0.198227,5.50681,3.6288,61.308,0.123762,0,0,3.42094,0.230896,3.06628,0.66528,12.849,1,0.394221,5.50681,0,176.345,4.39165,177.066,0.84672,12.849,0.84672,3695.15,0,0,0,4.84002,1.37915,11.8324,1.15775,16.8938,0.42336,0,0.42336,460.49,0,1.02816,0,0,5.86818,4.84002,1.028160,1,0,197.026,0,0,0,197.026,0
72.29,2.18452,0,0,7.06519,0.1723,4.70837,3.6288,61.308,0.111243,0,0,2.50317,0.238803,2.15313,0.66528,12.849,1,0.388282,4.70837,0,126.403,4.11077,126.613,0.84672,12.849,0.84672,3695.15,0,0,0,3.72348,1.37949,9.40188,1.16468,13.3402,0.42336,0,0.42336,460.49,0,1.02816,0,0,4.75164,3.72348,1.028160,1,0,142.106,0,0,0,142.106,0
72.29,2.18521,0,0,6.10505,0.168726,3.75111,3.6288,61.308,0.11148,0,0,2.23977,0.229649,1.89864,0.66528,12.849,1,0.388405,3.75111,0,99.1924,3.93068,98.6244,0.84672,12.849,0.84672,3695.15,0,0,0,3.66648,1.36245,8.34823,1.12615,12.251,0.42336,0,0.42336,460.49,0,1.02816,0,0,4.69464,3.66648,1.028160,1,0,112.774,0,0,0,112.774,0
72.29,2.1859,0,0,5.50803,0.168726,3.1534,3.6288,61.308,0.111718,0,0,2.02673,0.229649,1.68536,0.66528,12.849,1,0.388528,3.1534,0,91.6315,3.93068,90.4657,0.84672,12.849,0.84672,3695.15,0,0,0,2.95553,1.36278,7.88003,1.12615,11.0722,0.42336,0,0.42336,460.49,0,1.02816,0,0,3.98369,2.95553,1.028160,1,0,103.223,0,0,0,103.223,0
72.29,2.1866,0,0,6.45691,0.156562,4.11375,3.6288,61.308,0.111955,0,0,1.8953,0.235583,1.54776,0.66528,12.849,1,0.388651,4.11375,0,99.4127,4.39853,98.7393,0.84672,12.849,0.84672,3695.15,0,0,0,2.94707,1.36312,10.47,1.14459,13.6355,0.42336,0,0.42336,460.49,0,1.02816,0,0,3.97523,2.94707,1.028160,1,0,113.923,0,0,0,113.923,0
72.29,2.30323,0,0,5.33332,0.123758,2.90633,3.6288,61.308,0.157497,0,0,1.78613,0.251375,1.37726,0.66528,12.849,1,0.409381,2.90633,0,83.3122,5.43975,80.3694,0.84672,12.849,0.84672,3695.15,0,0,0,2.85813,1.36345,7.99675,1.17712,11.0412,0.42336,0,0.42336,460.49,0,1.02816,0,0,3.88629,2.85813,1.028160,1,0,92.7879,0,0,0,92.7879,0
72.29,2.30395,0,0,5.69373,0.109394,3.28038,3.6288,61.308,0.157747,0,0,1.68686,0.257109,1.27201,0.66528,12.849,1,0.40951,3.28038,0,101.772,4.66935,99.9738,0.84672,12.849,0.84672,3695.15,0,0,0,2.72141,1.42438,8.54513,1.09561,11.5953,0.42336,0,0.42336,460.49,0,1.02816,0,0,3.74957,2.72141,1.028160,1,0,112.841,0,0,0,112.841,0
72.29,2.30468,0,0,4.78709,0.109394,2.37301,3.6288,61.308,0.157998,0,0,1.65516,0.257109,1.24005,0.66528,12.849,1,0.409639,2.37301,0,59.5191,4.66935,56.8132,0.84672,12.849,0.84672,3695.15,0,0,0,2.56284,1.42474,7.58506,1.09561,10.477,0.42336,0,0.42336,460.49,0,1.02816,0,0,3.591,2.56284,1.028160,1,0,68.5302,0,0,0,68.5302,0
72.29,2.30541,0,0,4.88842,0.109394,2.47362,3.6288,61.308,0.158248,0,0,1.73593,0.257109,1.32057,0.66528,12.849,1,0.409768,2.47362,0,59.1877,4.66935,56.5822,0.84672,12.849,0.84672,3695.15,0,0,0,1.80846,1.42509,7.0314,1.09561,9.16935,0.42336,0,0.42336,460.49,0,1.02816,0,0,2.83662,1.80846,1.028160,1,0,67.0721,0,0,0,67.0721,0
72.29,2.30613,0,0,4.14167,0.109394,1.72614,3.6288,61.308,0.158499,0,0,1.33667,0.257109,0.921061,0.66528,12.849,1,0.409897,1.72614,0,60.2735,4.66935,56.9204,0.84672,12.849,0.84672,3695.15,0,0,0,1.50865,1.42544,6.56051,1.09561,8.39899,0.42336,0,0.42336,460.49,0,1.02816,0,0,2.53681,1.50865,1.028160,1,0,66.2404,0,0,0,66.2404,0
72.29,2.2839,0,0,3.39216,0.0879084,1.02035,3.6288,61.308,0.328491,0,0,0.80123,0.279975,0.192764,0.66528,12.849,1,0.405945,1.02035,0,47.3175,5.54264,42.3893,0.84672,12.849,0.84672,3695.15,0,0,0,0.30119,1.4258,4.28046,1.22982,4.77763,0.42336,0,0.42336,460.49,0,0.883354,0,0,1.18454,0.30119,1.028160,1,0,47.3596,0,0,0,47.3596,0
72.29,2.28462,0,0,3.14089,0.073372,0.782901,3.6288,61.308,0.396607,0,0,0.740267,0.31076,0.0328998,0.66528,12.849,1,0.406073,0.782901,0,42.9682,5.63251,37.7125,0.84672,12.849,0.84672,3695.15,0,0,0,0.261274,1.44035,4.04011,1.31123,4.4305,0.42336,0,0.42336,460.49,0,0.815495,0,0,1.07677,0.261274,1.028160,1,0,42.1759,0,0,0,42.1759,0
72.29,2.28534,0,0,2.98275,0.073372,0.624043,3.6288,61.2348,0.435944,0,0,0.673462,0.31076,0,0.66528,12.849,1,0.406201,0.624043,0,38.8864,5.63251,33.4717,0.84672,12.849,0.84672,3695.15,0,0,0,0.261274,1.44071,3.95377,1.31123,4.34451,0.42336,0,0.42336,460.49,0,0.776416,0,0,1.03769,0.261274,1.028160,1,0,37.8162,0,0,0,37.8162,0
72.29,2.28606,0,0,2.76363,0.073372,0.404204,3.6288,61.044,0.489934,0,0,0.609766,0.310616,0,0.66528,12.849,1,0.406329,0.404204,0,37.0165,5.63251,31.3819,0.84672,12.849,0.84672,3695.15,0,0,0,0.261274,1.44106,3.64754,1.31123,4.03865,0.42336,0,0.42336,460.49,0,0.722684,0,0,0.983958,0.261274,1.028160,1,0,35.4205,0,0,0,35.4205,0
72.0829,2.34614,0,0,2.56879,0.0669114,0.36288,3.6288,60.7162,0.586484,0,0,0.574509,0.315764,0,0.66528,12.849,1,0.417008,0.36288,0,33.4043,5.64318,27.707,0.84672,12.849,0.84672,3695.15,0,0,0,0.261274,1.44142,3.46506,1.38798,3.77978,0.42336,0,0.42336,460.49,0,0.648639,0,0,0.909913,0.261274,1.028160,1,0,31.4868,0,0,0,31.4868,0
72.1478,2.34586,0,0,2.83184,0.0582056,0.36288,3.6288,60.741,0.395908,0,0,0.743135,0.322457,0,0.66528,12.849,1,0.418157,0.36288,0,42.0005,5.6574,36.2878,0.84672,12.849,0.84672,3695.15,0,0,0,0.261274,1.47207,4.00694,1.49031,4.24997,0.42336,0,0.42336,460.49,0,0.83948,0,0,1.10075,0.261274,1.028160,1,0,40.5378,0,0,0,40.5378,0
71.9573,2.34692,0,0,2.57762,0.0582343,0.36288,3.6288,60.6929,0.338535,0,0,0.612936,0.322508,0,0.66528,12.849,1,0.417969,0.36288,0,33.8291,5.6574,28.1167,0.84672,12.849,0.84672,3695.15,0,0,0,0.227405,1.47244,3.72336,1.49031,3.93289,0.42336,0,0.42336,460.49,0,0.897117,0,0,1.12452,0.227405,1.028160,1,0,32.0495,0,0,0,32.0495,0
71.5339,2.34671,0,0,2.34433,0.0581501,0.36288,3.6288,60.4272,0.51407,0,0,0.570823,0.322409,0,0.66528,12.849,1,0.419039,0.36288,0,31.5364,5.6574,25.8229,0.84672,12.849,0.84672,3695.15,0,0,0,0.227405,1.4728,3.31824,1.49031,3.52814,0.42336,0,0.42336,460.49,0,0.721846,0,0,0.949251,0.227405,1.028160,1,0,29.351,0,0,0,29.351,0
71.1544,2.5191,0,0,2.55296,0.0505386,0.36288,3.6288,60.4332,0.347711,0,0,0.673784,0.320075,0,0.66528,12.849,1,0.452484,0.36288,0,31.6856,5.76553,25.8305,0.84672,12.849,0.84672,3695.15,0,0,0,0.227405,1.47317,4.69174,1.51622,4.87609,0.42336,0,0.42336,460.49,0,0.968864,0,0,1.19627,0.227405,1.028160,1,0,30.7066,0,0,0,30.7066,0
70.2488,2.51785,0,0,2.05194,0.0767463,0.36288,3.6288,59.8657,0.744661,0,0,0.502354,0.325281,0,0.66528,12.849,1,0.45467,0.36288,0,26.0418,5.57309,20.3769,0.84672,12.849,0.84672,3695.15,0,0,0,0.227405,1.57406,3.19911,1.47572,3.52485,0.42336,0,0.42336,460.49,0,0.572201,0,0,0.799606,0.227405,1.028160,1,0,23.9018,0,0,0,23.9018,0
69.548,2.51367,0,0,2.25189,0.0762144,0.36288,3.6288,59.6337,0.528136,0,0,0.620329,0.324108,0,0.66528,12.849,1,0.459768,0.36288,0,33.4917,5.57309,27.8217,0.84672,12.849,0.84672,3695.15,0,0,0,0.204422,1.57446,3.48984,1.47572,3.793,0.42336,0,0.42336,460.49,0,0.789013,0,0,0.993436,0.204422,1.028160,1,0,31.6147,0,0,0,31.6147,0
68.4078,2.51055,0,0,1.80907,0.0758027,0.36288,3.6288,58.9266,0.832162,0,0,0.448679,0.323628,0,0.66528,12.849,1,0.463824,0.36288,0,32.7269,5.57309,27.0528,0.84672,12.849,0.84672,3695.15,0,0,0,0.204422,1.57485,2.80155,1.47572,3.10511,0.42336,0,0.42336,460.49,0,0.485274,0,0,0.689697,0.204422,1.028160,1,0,30.1579,0,0,0,30.1579,0
67.718,2.50482,0,0,2.25301,0.075133,0.36288,3.6288,59.0818,0.289564,0,0,0.76687,0.322166,0,0.66528,12.849,1,0.470479,0.36288,0,29.8896,5.57309,24.209,0.84672,12.849,0.84672,3695.15,0,0,0,0.276489,1.57525,4.33176,1.47572,4.70778,0.42336,0,0.42336,460.49,0,1.02816,0,0,1.30465,0.276489,1.028160,1,0,28.9167,0,0,0,28.9167,0
66.5235,2.41749,0,0,1.72522,0.139374,0.36288,3.6288,58.678,0.63408,0,0,0.520848,0.29055,0,0.66528,12.849,1,0.458701,0.36288,0,34.9665,5.24934,29.6213,0.84672,12.849,0.84672,3695.15,0,0,0,0.204422,1.57564,3.50683,1.23174,4.05516,0.42336,0,0.42336,460.49,0,0.635066,0,0,0.839488,0.204422,1.028160,1,0,33.6765,0,0,0,33.6765,0
65.5902,2.41134,0,0,2.00297,0.161983,0.36288,3.6288,58.3328,0.612391,0,0,0.553751,0.286548,0,0.66528,12.849,1,0.46575,0.36288,0,33.2138,5.37862,27.7323,0.84672,12.849,0.84672,3695.15,0,0,0,0.216518,1.51954,3.42013,1.23488,3.9213,0.42336,0,0.42336,460.49,0,0.657029,0,0,0.873547,0.216518,1.028160,1,0,31.6536,0,0,0,31.6536,0
64.307,2.40655,0,0,1.64698,0.160783,0.36288,3.6288,58.5793,0.241533,0,0,0.77397,0.285912,0,0.66528,12.849,1,0.471439,0.36288,0,32.2428,5.37862,26.7556,0.84672,12.849,0.84672,3695.15,0,0,0,0.462188,1.51992,3.86153,1.23488,4.60875,0.42336,0,0.42336,460.49,0,1.02816,0,0,1.49035,0.462188,1.028160,1,0,31.3643,0,0,0,31.3643,0
62.7521,2.39946,0,0,1.36661,0.159134,0.36288,3.6288,57.9943,0.714942,0,0,0.416278,0.286366,0,0.66528,12.849,1,0.479429,0.36288,0,30.8933,5.37862,25.3981,0.84672,12.849,0.84672,3695.15,0,0,0,0.216518,1.5203,2.87581,1.23488,3.37774,0.42336,0,0.42336,460.49,0,0.555025,0,0,0.771543,0.216518,1.028160,1,0,28.7758,0,0,0,28.7758,0
61.7593,2.32211,0,0,1.8806,0.188426,0.36288,3.6288,57.7865,0.441613,0,0,0.464653,0.2308,0,0.66528,12.849,1,0.475471,0.36288,0,31.4507,4.73824,26.5999,0.84672,12.849,0.84672,3695.15,0,0,0,0.216518,1.52068,3.15693,1.09111,3.80303,0.42336,0,0.42336,460.49,0,0.784097,0,0,1.00062,0.216518,1.028160,1,0,30.4029,0,0,0,30.4029,0
61.9984,2.31651,0,0,3.11975,0.201282,0.36288,3.6288,58.5531,0.197811,0,0,1.11073,0.146336,0,0.66528,12.849,1,0.48195,0.36288,0,42.997,3.864,39.014,0.84672,12.849,0.84672,3695.15,0,0,0,0.855809,1.47125,4.22817,0.958808,5.59642,0.42336,0,0.42336,460.49,0,1.02816,0,0,1.88397,0.855809,1.028160,1,0,44.6104,0,0,0,44.6104,0
61.1194,2.31878,0,0,2.0044,0.201679,0.36288,3.6288,59.0361,0.198073,0,0,0.828141,0.147061,0,0.66528,12.849,1,0.480561,0.36288,0,29.5725,3.864,25.5908,0.84672,12.849,0.84672,3695.15,0,0,0,0.605945,1.47162,4.17168,0.958808,5.29043,0.42336,0,0.42336,460.49,0,1.02816,0,0,1.6341,0.605945,1.028160,1,0,30.8812,0,0,0,30.8812,0
62.0976,2.31379,0,0,3.92335,0.268542,0.36288,3.6288,59.6161,0.198334,0,0,0.949648,0.171316,0,0.66528,12.849,1,0.486423,0.36288,0,74.6148,4.26993,70.2213,0.84672,12.849,0.84672,3695.15,0,0,0,0.700249,1.47198,5.28364,1.05358,6.40229,0.42336,0,0.42336,460.49,0,1.02816,0,0,1.72841,0.700249,1.028160,1,0,76.6236,0,0,0,76.6236,0
65.7387,2.12721,0,0,6.40189,0.270719,0.36288,3.6288,60.0374,0.105747,0,0,0.699,0.171953,0,0.66528,12.849,1,0.440155,0.36288,0,93.0951,4.26993,88.7479,0.84672,12.849,0.84672,3695.15,0,0,0,1.05011,1.47235,4.769,1.05358,6.23789,0.42336,0,0.42336,460.49,0,1.02816,0,0,2.07827,1.05011,1.028160,1,0,94.9858,0,0,0,94.9858,0
71.5318,2.14828,0,0,8.54064,0.236313,0.36288,3.6288,61.0307,0.105982,0,0,1.27534,0.176056,0,0.66528,12.849,1,0.419894,0.36288,0,164.522,3.39434,161.071,0.84672,12.849,0.84672,3695.15,0,0,0,1.2745,1.35718,7.00652,0.848388,8.78982,0.42336,0,0.42336,460.49,0,1.02816,0,0,2.30266,1.2745,1.028160,1,0,169.86,0,0,0,169.86,0
72.29,2.1778,0,0,5.97621,0.247244,2.793,3.6288,61.308,0.106217,0,0,0.841786,0.17717,0.281123,0.66528,12.849,1,0.39119,2.793,0,124.786,3.39434,123.793,0.84672,12.849,0.84672,3695.15,0,0,0,1.03365,1.35751,6.49089,0.848388,8.03366,0.42336,0,0.42336,460.49,0,1.02816,0,0,2.06181,1.03365,1.028160,1,0,132.108,0,0,0,132.108,0
72.29,2.18197,0,0,5.73704,0.276772,3.27829,3.6288,61.308,0.106452,0,0,1.56228,0.205095,1.25074,0.66528,12.849,1,0.387829,3.27829,0,149.23,3.65876,148.462,0.84672,12.849,0.84672,3695.15,0,0,0,1.71463,1.35785,7.63854,0.936245,9.77477,0.42336,0,0.42336,460.49,0,1.02816,0,0,2.74279,1.71463,1.028160,1,0,159.487,0,0,0,159.487,0
72.29,2.18266,0,0,10.9428,0.314237,8.44589,3.6288,61.308,0.106687,0,0,2.50032,0.241914,2.15172,0.66528,12.849,1,0.387951,8.44589,0,205.282,4.01132,209.329,0.84672,12.849,0.84672,3695.15,0,0,0,1.87791,1.35818,8.57572,1.05339,10.7584,0.42336,0,0.42336,460.49,0,1.02816,0,0,2.90607,1.87791,1.028160,1,0,222.239,0,0,0,222.239,0
72.29,2.25977,0,0,3.84019,0.274699,1.30571,3.6288,61.308,0.13384,0,0,0.862809,0.226075,0.502893,0.66528,12.849,1,0.401658,1.30571,0,76.5167,4.0295,73.3913,0.84672,12.849,0.84672,3695.15,0,0,0,0.533511,1.35852,4.07109,0.945669,5.01745,0.42336,0,0.42336,460.49,0,1.02816,0,0,1.56167,0.533511,1.028160,1,0,78.9116,0,0,0,78.9116,0
70.4715,2.26046,0,0,1.04987,0.245045,0.36288,3.6288,61.2516,0.57963,0,0,0.737389,0.214197,0,0.66528,12.849,1,0.401779,0.36288,0,26.8481,4.04313,22.7661,0.84672,12.849,0.84672,3695.15,0,0,0,0.503194,1.39651,3.43637,0.864881,4.4712,0.42336,0,0.42336,460.49,0,0.582604,0,0,1.0858,0.503194,1.028160,1,0,27.2373,0,0,0,27.2373,0
69.2775,2.25237,0,0,1.66293,0.241664,0.36288,3.6288,61.308,0.407486,0,0,0.79177,0.21412,0.113727,0.66528,12.849,1,0.410672,0.36288,0,27.9897,4.04313,23.8988,0.84672,12.849,0.84672,3695.15,0,0,0,0.503194,1.39684,3.98481,0.864881,5.01997,0.42336,0,0.42336,460.49,0,0.75498,0,0,1.25817,0.503194,1.028160,1,0,29.0325,0,0,0,29.0325,0
68.9279,2.24707,0,0,2.51132,0.250982,0.36288,3.6288,61.308,0.303417,0,0,0.8795,0.215371,0.360712,0.66528,12.849,1,0.416768,0.36288,0,45.8378,4.11051,41.6734,0.84672,12.849,0.84672,3695.15,0,0,0,0.503194,1.39718,4.92598,0.902581,5.92377,0.42336,0,0.42336,460.49,0,0.859283,0,0,1.36248,0.503194,1.028160,1,0,47.9579,0,0,0,47.9579,0
68.9756,2.4899,0,0,3.21451,0.314047,0.36288,3.6288,61.308,0.459694,0,0,0.816279,0.213893,0.142691,0.66528,12.849,1,0.464147,0.36288,0,58.9644,4.29519,54.5679,0.84672,12.849,0.84672,3695.15,0,0,0,0.503194,1.39751,4.77176,1.08533,5.58713,0.42336,0,0.42336,460.49,0,0.804419,0,0,1.30761,0.503194,1.028160,1,0,60.2977,0,0,0,60.2977,0
68.1844,2.49091,0,0,2.34503,0.2824,0.36288,3.6288,61.0118,0.700449,0,0,0.567017,0.162742,0,0.66528,12.849,1,0.464015,0.36288,0,40.2534,2.97759,37.1747,0.84672,12.849,0.84672,3695.15,0,0,0,0.503194,1.53024,3.21637,0.824587,4.42522,0.42336,0,0.42336,460.49,0,0.563924,0,0,1.06712,0.503194,1.028160,1,0,41.5999,0,0,0,41.5999,0
68.083,2.48712,0,0,3.02919,0.280661,0.36288,3.6288,60.6812,0.725913,0,0,0.557741,0.162437,0,0.66528,12.849,1,0.468686,0.36288,0,58.9678,2.97759,55.8844,0.84672,12.849,0.84672,3695.15,0,0,0,0.608429,1.53061,3.5462,0.824587,4.86065,0.42336,0,0.42336,460.49,0,0.538721,0,0,1.14715,0.608429,1.028160,1,0,60.7451,0,0,0,60.7451,0
67.4184,2.48728,0,0,2.46603,0.280438,0.36288,3.6288,60.1709,0.918111,0,0,0.569939,0.162097,0,0.66528,12.849,1,0.469413,0.36288,0,40.5448,2.97759,37.4607,0.84672,12.849,0.84672,3695.15,0,0,0,0.608429,1.53098,3.22968,0.824587,4.54449,0.42336,0,0.42336,460.49,0,0.346784,0,0,0.955212,0.608429,1.028160,1,0,42.0052,0,0,0,42.0052,0
68.9696,2.13706,0,0,4.3207,0.26951,0.36288,3.6288,60.6896,0.272135,0,0,0.961537,0.170741,0,0.66528,12.849,1,0.407294,0.36288,0,86.4308,3.85519,82.5312,0.84672,12.849,0.84672,3695.15,0,0,0,0.608429,1.53134,7.95519,0.985206,9.10976,0.42336,0,0.42336,460.49,0,0.857088,0,0,1.46552,0.608429,1.028160,1,0,91.641,0,0,0,91.641,0
71.5744,2.14543,0,0,5.46566,0.352586,0.36288,3.6288,61.308,0.101287,0,0,1.45455,0.100549,0.634326,0.66528,12.849,1,0.399693,0.36288,0,101.864,2.96916,98.8579,0.84672,12.849,0.84672,3695.15,0,0,0,1.41546,1.34925,8.80122,0.778771,10.7872,0.42336,0,0.42336,460.49,0,1.02816,0,0,2.44362,1.41546,1.028160,1,0,110.279,0,0,0,110.279,0
72.29,2.15842,0,0,4.64857,0.332422,1.44213,3.6288,61.308,0.101511,0,0,1.03712,0.147204,0.788405,0.66528,12.849,1,0.387478,1.44213,0,70.9983,3.09078,68.9622,0.84672,12.849,0.84672,3695.15,0,0,0,0.674603,1.34957,6.74368,0.920661,7.84719,0.42336,0,0.42336,460.49,0,1.02816,0,0,1.70276,0.674603,1.028160,1,0,77.5978,0,0,0,77.5978,0
72.29,2.16233,0,0,4.72486,0.334237,2.2283,3.6288,61.308,0.101735,0,0,0.997471,0.147204,0.748532,0.66528,12.849,1,0.384338,2.2283,0,61.5138,3.09078,60.267,0.84672,12.849,0.84672,3695.15,0,0,0,0.613708,1.34988,6.03089,0.920661,7.07382,0.42336,0,0.42336,460.49,0,1.02816,0,0,1.64187,0.613708,1.028160,1,0,68.0893,0,0,0,68.0893,0
72.29,2.16298,0,0,5.02547,0.334237,2.52825,3.6288,61.308,0.101959,0,0,1.03468,0.147204,0.78552,0.66528,12.849,1,0.384454,2.52825,0,64.9121,3.09078,63.9652,0.84672,12.849,0.84672,3695.15,0,0,0,0.736275,1.3502,6.4641,0.920661,7.62992,0.42336,0,0.42336,460.49,0,1.02816,0,0,1.76443,0.736275,1.028160,1,0,72.3806,0,0,0,72.3806,0
72.29,2.25208,0,0,5.98614,0.337124,3.39694,3.6288,61.308,0.135483,0,0,1.1865,0.158253,0.892761,0.66528,12.849,1,0.400289,3.39694,0,117.549,3.54198,117.004,0.84672,12.849,0.84672,3695.15,0,0,0,0.942676,1.35052,7.28661,0.983055,8.59675,0.42336,0,0.42336,460.49,0,1.02816,0,0,1.97084,0.942676,1.028160,1,0,126.493,0,0,0,126.493,0
72.29,2.25275,0,0,5.24166,0.338279,2.65063,3.6288,61.308,0.135716,0,0,1.14281,0.162672,0.844425,0.66528,12.849,1,0.40041,2.65063,0,94.5276,3.72246,93.0554,0.84672,12.849,0.84672,3695.15,0,0,0,1.06028,1.39608,4.84632,1.00801,6.29468,0.42336,0,0.42336,460.49,0,1.02816,0,0,2.08844,1.06028,1.028160,1,0,100.195,0,0,0,100.195,0
72.29,2.25343,0,0,4.87734,0.338279,2.28563,3.6288,61.308,0.135949,0,0,1.23661,0.162672,0.937988,0.66528,12.849,1,0.400531,2.28563,0,80.6285,3.72246,78.7911,0.84672,12.849,0.84672,3695.15,0,0,0,0.98274,1.39641,6.29999,1.00801,7.67113,0.42336,0,0.42336,460.49,0,1.02816,0,0,2.0109,0.98274,1.028160,1,0,87.4002,0,0,0,87.4002,0
72.29,2.25411,0,0,4.46369,0.328558,1.88102,3.6288,61.308,0.136182,0,0,1.57801,0.159191,1.28264,0.66528,12.849,1,0.400652,1.88102,0,76.801,3.50536,74.776,0.84672,12.849,0.84672,3695.15,0,0,0,1.51491,1.39674,5.56916,0.963671,7.51715,0.42336,0,0.42336,460.49,0,1.02816,0,0,2.54307,1.51491,1.028160,1,0,83.5757,0,0,0,83.5757,0
72.29,2.22018,0,0,3.3826,0.29581,0.866616,3.6288,61.308,0.225395,0,0,0.797913,0.185976,0.386542,0.66528,12.849,1,0.39462,0.866616,0,60.4322,3.82305,57.0812,0.84672,12.849,0.84672,3695.15,0,0,0,0.528595,1.39707,3.69511,1.03384,4.58694,0.42336,0,0.42336,460.49,0,0.926234,0,0,1.45483,0.528595,1.028160,1,0,62.0547,0,0,0,62.0547,0
72.0364,2.22085,0,0,2.60456,0.274404,0.36288,3.6288,61.308,0.264237,0,0,0.630113,0.207079,0.158798,0.66528,12.849,1,0.394739,0.36288,0,50.8634,3.95871,46.8729,0.84672,12.849,0.84672,3695.15,0,0,0,0.528595,1.37976,4.61581,1.07428,5.44988,0.42336,0,0.42336,460.49,0,0.887622,0,0,1.41622,0.528595,1.028160,1,0,52.4815,0,0,0,52.4815,0
72.29,2.22034,0,0,4.12131,0.273876,1.37353,3.6288,61.308,0.123928,0,0,0.782188,0.207079,0.451181,0.66528,12.849,1,0.396038,1.37353,0,66.1656,3.95871,63.1843,0.84672,12.849,0.84672,3695.15,0,0,0,0.629052,1.38009,4.01286,1.07428,4.94771,0.42336,0,0.42336,460.49,0,1.02816,0,0,1.65721,0.629052,1.028160,1,0,68.5832,0,0,0,68.5832,0
72.0745,2.22219,0,0,2.59065,0.221126,0.36288,3.6288,61.308,0.134103,0,0,0.659329,0.219574,0.305652,0.66528,12.849,1,0.394977,0.36288,0,52.2763,4.33797,47.9063,0.84672,12.849,0.84672,3695.15,0,0,0,0.402797,1.38041,3.55366,1.00407,4.33279,0.42336,0,0.42336,460.49,0,1.01822,0,0,1.42101,0.402797,1.028160,1,0,52.5447,0,0,0,52.5447,0
71.4151,2.33943,0,0,2.26367,0.220764,0.36288,3.6288,61.2381,0.40726,0,0,0.556945,0.219574,0,0.66528,12.849,1,0.417059,0.36288,0,44.3143,4.33797,39.9222,0.84672,12.849,0.84672,3695.15,0,0,0,0.402797,1.38074,3.10275,1.00407,3.88221,0.42336,0,0.42336,460.49,0,0.791251,0,0,1.19405,0.402797,1.028160,1,0,43.8044,0,0,0,43.8044,0
70.6039,2.33687,0,0,2.05554,0.166952,0.36288,3.6288,61.308,0.237804,0,0,0.546464,0.203207,0.0355623,0.66528,12.849,1,0.420449,0.36288,0,36.7978,4.59952,32.1407,0.84672,12.849,0.84672,3695.15,0,0,0,0.402797,1.44254,2.79521,1.16307,3.47747,0.42336,0,0.42336,460.49,0,0.960949,0,0,1.36375,0.402797,1.028160,1,0,35.6537,0,0,0,35.6537,0
69.7346,2.33348,0,0,1.993,0.165917,0.36288,3.6288,61.308,0.287399,0,0,0.499735,0.203297,0.00903914,0.66528,12.849,1,0.424663,0.36288,0,33.8297,4.59952,29.1684,0.84672,12.849,0.84672,3695.15,0,0,0,0.30119,1.44288,2.59989,1.16307,3.18088,0.42336,0,0.42336,460.49,0,0.911598,0,0,1.21279,0.30119,1.028160,1,0,32.3583,0,0,0,32.3583,0
68.6792,2.32971,0,0,1.77371,0.136575,0.36288,3.6288,61.2215,0.338634,0,0,0.474333,0.222184,0,0.66528,12.849,1,0.429262,0.36288,0,29.928,4.81372,25.0479,0.84672,12.849,0.84672,3695.15,0,0,0,0.30119,1.44322,2.52914,1.2178,3.05574,0.42336,0,0.42336,460.49,0,0.860605,0,0,1.16179,0.30119,1.028160,1,0,28.1036,0,0,0,28.1036,0
67.5563,2.32485,0,0,1.6793,0.114456,0.36288,3.6288,61.0324,0.407487,0,0,0.454569,0.23622,0,0.66528,12.849,1,0.43495,0.36288,0,28.5168,4.97437,23.4703,0.84672,12.849,0.84672,3695.15,0,0,0,0.30119,1.44356,2.50123,1.25885,2.98713,0.42336,0,0.42336,460.49,0,0.791994,0,0,1.09318,0.30119,1.028160,1,0,26.4574,0,0,0,26.4574,0
66.1112,2.29642,0,0,1.33774,0.123487,0.36288,3.6288,60.833,0.437787,0,0,0.485304,0.246921,0,0.66528,12.849,1,0.436773,0.36288,0,25.6205,5.07555,20.4711,0.84672,12.849,0.84672,3695.15,0,0,0,0.30119,1.44391,2.46843,1.26069,2.95284,0.42336,0,0.42336,460.49,0,0.787234,0,0,1.08842,0.30119,1.028160,1,0,23.4239,0,0,0,23.4239,0
64.5035,2.28912,0,0,1.17037,0.12605,0.36288,3.6288,60.7431,0.34475,0,0,0.50587,0.250997,0,0.66528,12.849,1,0.444899,0.36288,0,23.2412,5.11602,18.0431,0.84672,12.849,0.84672,3695.15,0,0,0,0.261274,1.45865,2.47202,1.26143,2.93051,0.42336,0,0.42336,460.49,0,0.88052,0,0,1.14179,0.261274,1.028160,1,0,20.9736,0,0,0,20.9736,0
62.9008,2.28055,0,0,1.16515,0.124437,0.36288,3.6288,60.6606,0.318311,0,0,0.486703,0.250854,0,0.66528,12.849,1,0.454283,0.36288,0,21.9298,5.11602,16.7224,0.84672,12.849,0.84672,3695.15,0,0,0,0.261274,1.459,2.61751,1.26143,3.07636,0.42336,0,0.42336,460.49,0,0.907209,0,0,1.16848,0.261274,1.028160,1,0,19.7987,0,0,0,19.7987,0
61.2654,2.27162,0,0,1.10859,0.109499,0.36288,3.6288,60.5273,0.334484,0,0,0.475122,0.273944,0,0.66528,12.849,1,0.464034,0.36288,0,20.6701,5.44178,15.1271,0.84672,12.849,0.84672,3695.15,0,0,0,0.261274,1.45934,2.54448,1.37168,2.89342,0.42336,0,0.42336,460.49,0,0.891285,0,0,1.15256,0.261274,1.028160,1,0,18.0206,0,0,0,18.0206,0
59.3907,2.32069,0,0,0.900988,0.0921242,0.36288,3.6288,60.1001,0.5345,0,0,0.412657,0.305359,0,0.66528,12.849,1,0.486711,0.36288,0,18.0713,6.01541,11.9321,0.84672,12.849,0.84672,3695.15,0,0,0,0.261274,1.45969,2.27455,1.55232,2.44319,0.42336,0,0.42336,460.49,0,0.714087,0,0,0.975361,0.261274,1.028160,1,0,14.3753,0,0,0,14.3753,0
57.5144,2.30875,0,0,0.889281,0.0939382,0.36288,3.6288,59.6488,0.561039,0,0,0.425368,0.31561,0,0.66528,12.849,1,0.499491,0.36288,0,19.7217,5.88903,13.696,0.84672,12.849,0.84672,3695.15,0,0,0,0.261274,1.49077,1.8463,1.4604,2.13794,0.42336,0,0.42336,460.49,0,0.687804,0,0,0.949078,0.261274,1.028160,1,0,15.834,0,0,0,15.834,0
55.5818,2.29612,0,0,0.818614,0.0922427,0.36288,3.6288,59.2249,0.469875,0,0,0.360614,0.314703,0,0.66528,12.849,1,0.512964,0.36288,0,16.1992,5.88903,10.1601,0.84672,12.849,0.84672,3695.15,0,0,0,0.227405,1.49112,1.78519,1.4604,2.04332,0.42336,0,0.42336,460.49,0,0.779224,0,0,1.00663,0.227405,1.028160,1,0,12.2034,0,0,0,12.2034,0
53.5957,2.28231,0,0,0.749563,0.0904963,0.36288,3.6288,58.6288,0.616276,0,0,0.334003,0.31385,0,0.66528,12.849,1,0.527609,0.36288,0,15.3973,5.88903,9.3435,0.84672,12.849,0.84672,3695.15,0,0,0,0.227405,1.49148,1.56917,1.4604,1.82766,0.42336,0,0.42336,460.49,0,0.633079,0,0,0.860484,0.227405,1.028160,1,0,11.1712,0,0,0,11.1712,0
51.5095,2.43493,0,0,0.791968,0.0803614,0.36288,3.6288,58.1685,0.525966,0,0,0.383429,0.317744,0,0.66528,12.849,1,0.583749,0.36288,0,15.1013,6.03858,8.8418,0.84672,12.849,0.84672,3695.15,0,0,0,0.227405,1.49183,2.07581,1.49028,2.30477,0.42336,0,0.42336,460.49,0,0.805196,0,0,1.0326,0.227405,1.028160,1,0,11.1466,0,0,0,11.1466,0
49.1826,2.41672,0,0,0.566635,0.113869,0.36288,3.6288,57.218,0.915844,0,0,0.274685,0.309271,0,0.66528,12.849,1,0.60285,0.36288,0,11.3115,6.15435,4.91717,0.84672,12.849,0.84672,3695.15,0,0,0,0.227405,1.59416,1.37405,1.56748,1.62814,0.42336,0,0.42336,460.49,0,0.415596,0,0,0.643001,0.227405,1.028160,1,0,6.5453,0,0,0,6.5453,0
46.9018,2.39482,0,0,0.58548,0.108647,0.36288,3.6288,56.3919,0.815964,0,0,0.30767,0.317845,0,0.66528,12.849,1,0.625649,0.36288,0,13.0452,6.33413,6.4483,0.84672,12.849,0.84672,3695.15,0,0,0,0.204422,1.59454,1.2242,1.60739,1.41578,0.42336,0,0.42336,460.49,0,0.515754,0,0,0.720176,0.204422,1.028160,1,0,7.86407,0,0,0,7.86407,0
44.5255,2.37164,0,0,0.46422,0.105977,0.36288,3.6288,55.3112,0.995528,0,0,0.230931,0.316141,0,0.66528,12.849,1,0.649725,0.36288,0,14.3243,6.33413,7.70329,0.84672,12.849,0.84672,3695.15,0,0,0,0.204422,1.59492,0.982938,1.60739,1.1749,0.42336,0,0.42336,460.49,0,0.336468,0,0,0.54089,0.204422,1.028160,1,0,8.87818,0,0,0,8.87818,0
42.2782,2.34543,0,0,0.56424,0.103196,0.36288,3.6288,54.7286,0.639926,0,0,0.371274,0.313912,0,0.66528,12.849,1,0.676836,0.36288,0,12.4864,6.33413,5.83827,0.84672,12.849,0.84672,3695.15,0,0,0,0.204422,1.5953,1.41629,1.60739,1.60863,0.42336,0,0.42336,460.49,0,0.692347,0,0,0.89677,0.204422,1.028160,1,0,7.44691,0,0,0,7.44691,0
40.1176,2.24071,0,0,0.598794,0.155762,0.36288,3.6288,54.6027,0.283952,0,0,0.430123,0.272052,0,0.66528,12.849,1,0.680987,0.36288,0,15.9979,5.20727,10.4725,0.84672,12.849,0.84672,3695.15,0,0,0,0.204422,1.59569,1.58116,1.46453,1.91674,0.42336,0,0.42336,460.49,0,0.999035,0,0,1.20346,0.204422,1.028160,1,0,12.3893,0,0,0,12.3893,0
38.0841,2.21359,0,0,0.717836,0.174959,0.36288,3.6288,54.661,0.255092,0,0,0.560737,0.247364,0,0.66528,12.849,1,0.708976,0.36288,0,20.7811,4.85383,15.5812,0.84672,12.849,0.84672,3695.15,0,0,0,0.480756,1.53876,1.72485,1.39581,2.34855,0.42336,0,0.42336,460.49,0,1.02816,0,0,1.50892,0.480756,1.028160,1,0,17.9297,0,0,0,17.9297,0
36.0404,2.18594,0,0,0.676006,0.170868,0.36288,3.6288,54.6509,0.265889,0,0,0.503201,0.247459,0,0.66528,12.849,1,0.737503,0.36288,0,20.1741,4.85383,14.9457,0.84672,12.849,0.84672,3695.15,0,0,0,0.216518,1.53913,1.59356,1.39581,1.9534,0.42336,0,0.42336,460.49,0,1.01763,0,0,1.23415,0.216518,1.028160,1,0,16.8991,0,0,0,16.8991,0
33.9011,2.15575,0,0,0.546102,0.166784,0.36288,3.6288,54.375,0.471846,0,0,0.443458,0.247443,0,0.66528,12.849,1,0.768561,0.36288,0,16.6701,4.85383,11.4106,0.84672,12.849,0.84672,3695.15,0,0,0,0.216518,1.5395,1.42141,1.39581,1.78161,0.42336,0,0.42336,460.49,0,0.811935,0,0,1.02845,0.216518,1.028160,1,0,13.1922,0,0,0,13.1922,0
32.0375,2.06075,0,0,0.730554,0.170469,0.36288,3.6288,54.1794,0.404058,0,0,0.448488,0.240077,0,0.66528,12.849,1,0.781055,0.36288,0,17.1671,4.74003,12.0089,0.84672,12.849,0.84672,3695.15,0,0,0,0.216518,1.53987,1.55146,1.33718,1.97067,0.42336,0,0.42336,460.49,0,0.834823,0,0,1.05134,0.216518,1.028160,1,0,13.9795,0,0,0,13.9795,0
30.1487,2.02893,0,0,0.716256,0.213224,0.36288,3.6288,53.4707,0.788753,0,0,0.278409,0.19833,0,0.66528,12.849,1,0.813725,0.36288,0,15.9983,4.0572,11.4902,0.84672,12.849,0.84672,3695.15,0,0,0,0.216518,1.48971,1.47741,0.985353,2.19829,0.42336,0,0.42336,460.49,0,0.450381,0,0,0.666899,0.216518,1.028160,1,0,13.6885,0,0,0,13.6885,0
28.7096,1.94639,0,0,1.07817,0.208064,0.36288,3.6288,53.7565,0.191097,0,0,0.674211,0.197306,0,0.66528,12.849,1,0.829527,0.36288,0,24.9472,4.0572,20.4234,0.84672,12.849,0.84672,3695.15,0,0,0,0.899363,1.49007,2.99578,0.985353,4.39986,0.42336,0,0.42336,460.49,0,1.02816,0,0,1.92752,0.899363,1.028160,1,0,24.8232,0,0,0,24.8232,0
29.0214,1.73143,0,0,2.61016,0.204061,0.36288,3.6288,54.9584,0.110803,0,0,1.51044,0.197755,0,0.66528,12.849,1,0.774904,0.36288,0,65.3784,4.0572,60.9091,0.84672,12.849,0.84672,3695.15,0,0,0,2.00481,1.4622,4.53197,0.985353,7.01363,0.42336,0,0.42336,460.49,0,1.02816,0,0,3.03297,2.00481,1.028160,1,0,67.9228,0,0,0,67.9228,0
28.3579,1.59107,0,0,1.52643,0.235907,0.36288,3.6288,55.5928,0.0269759,0,0,0.828861,0.167491,0,0.66528,12.849,1,0.704435,0.36288,0,36.8841,3.50121,33.0413,0.84672,12.849,0.84672,3695.15,0,0,0,0.359199,1.34965,2.74527,0.737453,3.71666,0.42336,0,0.42336,460.49,0,1.02816,0,0,1.38736,0.359199,1.028160,1,0,36.758,0,0,0,36.758,0
27.3741,1.58021,0,0,1.15589,0.196602,0.36288,3.6288,55.5122,0.267008,0,0,0.341137,0.154733,0,0.66528,12.849,1,0.715995,0.36288,0,26.4038,3.79197,22.2588,0.84672,12.849,0.84672,3695.15,0,0,0,0.292723,1.24538,1.71197,0.942238,2.30783,0.42336,0,0.42336,460.49,0,0.788331,0,0,1.08105,0.292723,1.028160,1,0,24.5666,0,0,0,24.5666,0
27.0442,1.56318,0,0,1.78833,0.192176,0.36288,3.6288,55.8476,0.0273822,0,0,0.510556,0.14778,0,0.66528,12.849,1,0.733731,0.36288,0,40.9662,3.7947,36.8007,0.84672,12.849,0.84672,3695.15,0,0,0,0.594829,1.24566,2.28622,0.983506,3.14321,0.42336,0,0.42336,460.49,0,1.02816,0,0,1.62299,0.594829,1.028160,1,0,39.9439,0,0,0,39.9439,0
27.5094,1.55758,0,0,2.57818,0.192531,0.36288,3.6288,56.406,0.0275854,0,0,0.75742,0.171378,0,0.66528,12.849,1,0.740025,0.36288,0,60.5223,4.15601,55.9892,0.84672,12.849,0.84672,3695.15,0,0,0,1.05733,1.24595,3.23978,1.12601,4.41705,0.42336,0,0.42336,460.49,0,1.02816,0,0,2.08549,1.05733,1.028160,1,0,60.4062,0,0,0,60.4062,0
28.0116,1.56659,0,0,2.61833,0.186667,0.36288,3.6288,56.9158,0.0277886,0,0,0.742465,0.204943,0,0.66528,12.849,1,0.731718,0.36288,0,60.2816,4.31342,55.5994,0.84672,12.849,0.84672,3695.15,0,0,0,0.73929,1.24624,3.35127,1.18171,4.1551,0.42336,0,0.42336,460.49,0,1.02816,0,0,1.76745,0.73929,1.028160,1,0,59.7545,0,0,0,59.7545,0
29.3053,1.63192,0,0,3.46715,0.178602,0.36288,3.6288,57.747,0.0523584,0,0,1.07708,0.193478,0,0.66528,12.849,1,0.748567,0.36288,0,82.9716,3.6316,78.9544,0.84672,12.849,0.84672,3695.15,0,0,0,1.65135,1.24653,5.91714,0.991187,7.82383,0.42336,0,0.42336,460.49,0,1.02816,0,0,2.67951,1.65135,1.028160,1,0,86.7782,0,0,0,86.7782,0
31.5434,1.65538,0,0,4.44242,0.18609,0.36288,3.6288,59.2106,0.0525599,0,0,1.73171,0.215579,0,0.66528,12.849,1,0.725805,0.36288,0,87.4489,3.77591,83.3101,0.84672,12.849,0.84672,3695.15,0,0,0,2.27581,1.28091,7.80002,1.08113,10.2756,0.42336,0,0.42336,460.49,0,1.02816,0,0,3.30397,2.27581,1.028160,1,0,93.5857,0,0,0,93.5857,0
32.0638,1.69246,0,0,2.76739,0.19168,0.36288,3.6288,60.2707,0.0527614,0,0,1.33053,0.217619,0,0.66528,12.849,1,0.689414,0.36288,0,67.6207,3.77591,63.5183,0.84672,12.849,0.84672,3695.15,0,0,0,1.35131,1.2812,9.6666,1.08113,11.218,0.42336,0,0.42336,460.49,0,1.02816,0,0,2.37947,1.35131,1.028160,1,0,74.7362,0,0,0,74.7362,0
35.036,1.70095,0,0,5.23527,0.199217,0.36288,3.6288,61.308,0.0529629,0,0,2.82607,0.183362,1.55247,0.66528,12.849,1,0.681625,0.36288,0,122.418,3.53855,118.561,0.84672,12.849,0.84672,3695.15,0,0,0,2.8917,1.28148,7.85316,1.02447,11.0019,0.42336,0,0.42336,460.49,0,1.02816,0,0,3.91986,2.8917,1.028160,1,0,131.115,0,0,0,131.115,0
36.5116,1.93543,0,0,3.98547,0.211547,0.36288,3.6288,61.308,0.144749,0,0,1.68212,0.157595,1.37978,0.66528,12.849,1,0.709793,0.36288,0,113.982,3.36053,110.275,0.84672,12.849,0.84672,3695.15,0,0,0,1.61609,1.28177,7.20731,0.981984,9.12319,0.42336,0,0.42336,460.49,0,1.02816,0,0,2.64425,1.61609,1.028160,1,0,120.778,0,0,0,120.778,0
37.4097,1.95721,0,0,3.43053,0.212398,0.36288,3.6288,61.308,0.144975,0,0,2.46038,0.18122,2.13418,0.66528,12.849,1,0.688773,0.36288,0,71.3267,3.51162,67.4892,0.84672,12.849,0.84672,3695.15,0,0,0,2.332,1.4019,10.1774,0.954515,12.9568,0.42336,0,0.42336,460.49,0,1.02816,0,0,3.36016,2.332,1.028160,1,0,82.5802,0,0,0,82.5802,0
37.941,1.97009,0,0,3.07898,0.21467,0.36288,3.6288,61.308,0.1452,0,0,1.58537,0.18122,1.25895,0.66528,12.849,1,0.676661,0.36288,0,69.1118,3.51162,65.2864,0.84672,12.849,0.84672,3695.15,0,0,0,1.7237,1.40222,9.05023,0.954515,11.2216,0.42336,0,0.42336,460.49,0,1.02816,0,0,2.75186,1.7237,1.028160,1,0,77.767,0,0,0,77.767,0
37.1479,1.97774,0,0,1.75062,0.203083,0.36288,3.6288,61.308,0.145425,0,0,1.07984,0.187399,0.747012,0.66528,12.849,1,0.669775,0.36288,0,38.5536,3.47413,34.7726,0.84672,12.849,0.84672,3695.15,0,0,0,0.668494,1.40254,5.64698,0.92941,6.78861,0.42336,0,0.42336,460.49,0,1.02816,0,0,1.69665,0.668494,1.028160,1,0,42.3082,0,0,0,42.3082,0
37.3247,1.68978,0,0,2.41355,0.184115,0.36288,3.6288,61.308,0.0226154,0,0,1.4849,0.195638,1.26664,0.66528,12.849,1,0.584474,0.36288,0,52.3448,3.42416,48.6991,0.84672,12.849,0.84672,3695.15,0,0,0,1.20706,1.40286,9.13681,0.895936,10.8508,0.42336,0,0.42336,460.49,0,1.02816,0,0,2.23522,1.20706,1.028160,1,0,60.8165,0,0,0,60.8165,0
38.6172,1.69234,0,0,3.58079,0.233091,0.36288,3.6288,61.308,0.022809,0,0,1.38587,0.15361,1.20945,0.66528,12.849,1,0.582586,0.36288,0,67.7591,3.04259,64.4968,0.84672,12.849,0.84672,3695.15,0,0,0,1.12184,1.23802,7.23341,0.817577,8.7757,0.42336,0,0.42336,460.49,0,1.02816,0,0,2.15,1.12184,1.028160,1,0,74.482,0,0,0,74.482,0
41.4856,1.70747,0,0,5.17541,0.236646,0.36288,3.6288,61.308,0.0230026,0,0,2.02302,0.15361,1.84641,0.66528,12.849,1,0.568122,0.36288,0,98.7344,3.04259,95.4865,0.84672,12.849,0.84672,3695.15,0,0,0,2.1071,1.2383,10.28,0.817577,12.8078,0.42336,0,0.42336,460.49,0,1.02816,0,0,3.13526,2.1071,1.028160,1,0,110.141,0,0,0,110.141,0
44.2952,1.73797,0,0,5.14407,0.233644,0.36288,3.6288,61.308,0.0231963,0,0,2.76144,0.153158,2.58509,0.66528,12.849,1,0.538287,0.36288,0,118.562,3.19974,115.187,0.84672,12.849,0.84672,3695.15,0,0,0,3.56114,1.23857,16.1988,0.845194,20.1533,0.42336,0,0.42336,460.49,0,1.02816,0,0,4.5893,3.56114,1.028160,1,0,137.926,0,0,0,137.926,0
47.8992,1.76495,0,0,5.97048,0.238658,0.36288,3.6288,61.308,0.0233899,0,0,2.59413,0.171754,2.39899,0.66528,12.849,1,0.511972,0.36288,0,170.92,3.95733,166.814,0.84672,12.849,0.84672,3695.15,0,0,0,3.03374,1.23885,17.7805,0.969633,21.0835,0.42336,0,0.42336,460.49,0,1.02816,0,0,4.0619,3.03374,1.028160,1,0,190.296,0,0,0,190.296,0
49.3786,1.87018,0,0,3.92771,0.215211,0.36288,3.6288,61.308,0.0537216,0,0,2.14627,0.160781,1.93177,0.66528,12.849,1,0.501678,0.36288,0,111.895,4.13154,107.625,0.84672,12.849,0.84672,3695.15,0,0,0,1.74945,1.23912,9.55627,1.02121,11.5236,0.42336,0,0.42336,460.49,0,1.02816,0,0,2.77761,1.74945,1.028160,1,0,121.08,0,0,0,121.08,0
50.8803,1.88266,0,0,3.95921,0.212016,0.36288,3.6288,61.308,0.0539232,0,0,1.74553,0.147303,1.5443,0.66528,12.849,1,0.489893,0.36288,0,108.914,3.94181,104.845,0.84672,12.849,0.84672,3695.15,0,0,0,1.4945,1.28035,9.57131,0.909917,11.4362,0.42336,0,0.42336,460.49,0,1.02816,0,0,2.52266,1.4945,1.028160,1,0,117.826,0,0,0,117.826,0
52.3707,1.89475,0,0,3.95963,0.211581,0.36288,3.6288,61.308,0.0541248,0,0,1.93961,0.172291,1.71319,0.66528,12.849,1,0.47849,0.36288,0,102.948,4.49715,98.3354,0.84672,12.849,0.84672,3695.15,0,0,0,1.4834,1.28063,9.29828,1.06129,11.001,0.42336,0,0.42336,460.49,0,1.02816,0,0,2.51156,1.4834,1.028160,1,0,111.05,0,0,0,111.05,0
54.864,1.90624,0,0,4.97735,0.214885,0.36288,3.6288,61.308,0.0543264,0,0,2.54781,0.172291,2.32119,0.66528,12.849,1,0.467691,0.36288,0,116.115,4.49715,111.513,0.84672,12.849,0.84672,3695.15,0,0,0,2.10085,1.28092,8.89332,1.06129,11.2138,0.42336,0,0.42336,460.49,0,1.02816,0,0,3.12901,2.10085,1.028160,1,0,125.048,0,0,0,125.048,0
57.1878,1.89413,0,0,4.78844,0.207617,0.36288,3.6288,61.308,0.0428107,0,0,2.60347,0.177155,2.3835,0.66528,12.849,1,0.4436,0.36288,0,109.609,4.20909,105.319,0.84672,12.849,0.84672,3695.15,0,0,0,2.46281,1.2812,12.4525,1.04567,15.1508,0.42336,0,0.42336,460.49,0,1.02816,0,0,3.49097,2.46281,1.028160,1,0,122.853,0,0,0,122.853,0
57.6772,1.9094,0,0,2.94139,0.179733,0.36288,3.6288,61.308,0.0430094,0,0,1.71366,0.189313,1.48134,0.66528,12.849,1,0.429006,0.36288,0,82.626,3.48894,79.071,0.84672,12.849,0.84672,3695.15,0,0,0,1.75413,1.26552,6.80322,1.00663,8.81624,0.42336,0,0.42336,460.49,0,1.02816,0,0,2.78229,1.75413,1.028160,1,0,89.3686,0,0,0,89.3686,0
58.2225,1.91294,0,0,3.00172,0.180597,0.36288,3.6288,61.308,0.043208,0,0,1.47486,0.189313,1.24234,0.66528,12.849,1,0.426154,0.36288,0,79.7645,3.48894,76.2123,0.84672,12.849,0.84672,3695.15,0,0,0,1.26307,1.2658,6.72875,1.00663,8.25099,0.42336,0,0.42336,460.49,0,1.02816,0,0,2.29123,1.26307,1.028160,1,0,85.7056,0,0,0,85.7056,0
58.8586,1.91677,0,0,3.07017,0.154465,0.36288,3.6288,61.308,0.0434068,0,0,1.44228,0.204149,1.19473,0.66528,12.849,1,0.423008,0.36288,0,82.6615,4.65856,77.9428,0.84672,12.849,0.84672,3695.15,0,0,0,1.36411,1.26609,8.3681,1.05274,9.94555,0.42336,0,0.42336,460.49,0,1.02816,0,0,2.39227,1.36411,1.028160,1,0,89.0831,0,0,0,89.0831,0
58.8429,2.02399,0,0,2.47475,0.103573,0.36288,3.6288,61.308,0.0852015,0,0,1.369,0.224119,1.05968,0.66528,12.849,1,0.441842,0.36288,0,53.6507,5.3651,48.2066,0.84672,12.849,0.84672,3695.15,0,0,0,1.20564,1.26637,6.32059,1.1726,7.62,0.42336,0,0.42336,460.49,0,1.02816,0,0,2.2338,1.20564,1.028160,1,0,56.8863,0,0,0,56.8863,0
58.6721,2.02448,0,0,2.31535,0.0987727,0.36288,3.6288,61.308,0.085411,0,0,1.31541,0.227443,1.00255,0.66528,12.849,1,0.442067,0.36288,0,52.3261,4.41065,47.8363,0.84672,12.849,0.84672,3695.15,0,0,0,1.22863,1.32228,5.52588,1.12104,6.95576,0.42336,0,0.42336,460.49,0,1.02816,0,0,2.25679,1.22863,1.028160,1,0,55.7946,0,0,0,55.7946,0
58.3867,2.02401,0,0,2.20438,0.102922,0.36288,3.6288,61.308,0.0856206,0,0,1.20934,0.226242,0.897478,0.66528,12.849,1,0.443251,0.36288,0,48.4219,4.22173,44.1198,0.84672,12.849,0.84672,3695.15,0,0,0,1.03805,1.32258,5.11556,1.09977,6.37642,0.42336,0,0.42336,460.49,0,1.02816,0,0,2.06621,1.03805,1.028160,1,0,51.3937,0,0,0,51.3937,0
57.9288,2.02282,0,0,1.99832,0.0705196,0.36288,3.6288,61.308,0.0858302,0,0,1.15448,0.249851,0.818796,0.66528,12.849,1,0.445156,0.36288,0,42.6953,4.48948,38.1236,0.84672,12.849,0.84672,3695.15,0,0,0,0.970531,1.32287,4.98269,1.16818,6.10791,0.42336,0,0.42336,460.49,0,1.02816,0,0,1.99869,0.970531,1.028160,1,0,45.0503,0,0,0,45.0503,0
57.3763,2.02052,0,0,1.88836,0.0574159,0.36288,3.6288,61.308,0.0860398,0,0,1.10284,0.259294,0.757502,0.66528,12.849,1,0.448166,0.36288,0,41.3228,4.59659,36.6409,0.84672,12.849,0.84672,3695.15,0,0,0,0.835186,1.32317,4.96885,1.19554,5.93166,0.42336,0,0.42336,460.49,0,1.02816,0,0,1.86335,0.835186,1.028160,1,0,43.3301,0,0,0,43.3301,0
56.844,2.2674,0,0,2.16679,0.0688065,0.36288,3.6288,61.308,0.209618,0,0,1.01925,0.266196,0.543439,0.66528,12.849,1,0.507768,0.36288,0,44.8729,5.02193,39.7061,0.84672,12.849,0.84672,3695.15,0,0,0,0.63904,1.32346,5.63319,1.26291,6.33279,0.42336,0,0.42336,460.49,0,1.02816,0,0,1.6672,0.63904,1.028160,1,0,46.5823,0,0,0,46.5823,0
56.5033,2.26417,0,0,2.36348,0.0771765,0.36288,3.6288,61.308,0.209859,0,0,0.959507,0.271372,0.478276,0.66528,12.849,1,0.511792,0.36288,0,47.3079,5.34093,41.818,0.84672,12.849,0.84672,3695.15,0,0,0,0.476211,1.47637,6.16764,1.31343,6.80679,0.42336,0,0.42336,460.49,0,1.02816,0,0,1.50437,0.476211,1.028160,1,0,49.1031,0,0,0,49.1031,0
55.986,2.2623,0,0,2.18487,0.0769171,0.36288,3.6288,61.308,0.210101,0,0,0.927634,0.271372,0.446161,0.66528,12.849,1,0.514454,0.36288,0,47.0221,5.34093,41.5296,0.84672,12.849,0.84672,3695.15,0,0,0,0.450757,1.47671,6.25389,1.31343,6.86792,0.42336,0,0.42336,460.49,0,1.02816,0,0,1.47892,0.450757,1.028160,1,0,48.8437,0,0,0,48.8437,0
55.271,2.25908,0,0,1.9835,0.0765235,0.36288,3.6288,61.308,0.210342,0,0,0.876321,0.271372,0.394606,0.66528,12.849,1,0.518468,0.36288,0,45.6245,5.34093,40.128,0.84672,12.849,0.84672,3695.15,0,0,0,0.305675,1.47704,5.87866,1.31343,6.34794,0.42336,0,0.42336,460.49,0,1.02816,0,0,1.33383,0.305675,1.028160,1,0,46.8705,0,0,0,46.8705,0
54.3247,2.31262,0,0,1.7983,0.0691227,0.36288,3.6288,61.308,0.302619,0,0,0.796935,0.287097,0.207219,0.66528,12.849,1,0.537622,0.36288,0,38.8227,5.53368,33.1143,0.84672,12.849,0.84672,3695.15,0,0,0,0.261274,1.47738,5.43614,1.37924,5.79555,0.42336,0,0.42336,460.49,0,0.959005,0,0,1.22028,0.261274,1.028160,1,0,39.1171,0,0,0,39.1171,0
53.4487,2.30571,0,0,1.84885,0.0562813,0.36288,3.6288,61.308,0.295203,0,0,0.759688,0.304665,0.159821,0.66528,12.849,1,0.545351,0.36288,0,39.1745,5.70213,33.2899,0.84672,12.849,0.84672,3695.15,0,0,0,0.261274,1.50887,4.41151,1.41345,4.7682,0.42336,0,0.42336,460.49,0,0.966669,0,0,1.22794,0.261274,1.028160,1,0,38.218,0,0,0,38.218,0
52.4524,2.29916,0,0,1.7215,0.0557827,0.36288,3.6288,61.308,0.233959,0,0,0.659068,0.304665,0.120444,0.66528,12.849,1,0.552715,0.36288,0,33.1698,5.70213,27.2779,0.84672,12.849,0.84672,3695.15,0,0,0,0.299203,1.50921,4.45219,1.41345,4.84716,0.42336,0,0.42336,460.49,0,1.02816,0,0,1.32736,0.299203,1.028160,1,0,32.2455,0,0,0,32.2455,0
51.3345,2.29138,0,0,1.59163,0.0552157,0.36288,3.6288,61.2906,0.323959,0,0,0.611191,0.304665,0,0.66528,12.849,1,0.561308,0.36288,0,31.8068,5.70213,25.9062,0.84672,12.849,0.84672,3695.15,0,0,0,0.227405,1.50955,3.87114,1.41345,4.19466,0.42336,0,0.42336,460.49,0,0.938408,0,0,1.16581,0.227405,1.028160,1,0,30.1009,0,0,0,30.1009,0
50.0973,2.45083,0,0,1.627,0.0505055,0.36288,3.6288,61.308,0.317125,0,0,0.678768,0.307221,0.0369887,0.66528,12.849,1,0.613441,0.36288,0,30.2516,5.77691,24.2241,0.84672,12.849,0.84672,3695.15,0,0,0,0.294978,1.5099,4.78829,1.42839,5.16478,0.42336,0,0.42336,460.49,0,1.02816,0,0,1.32314,0.294978,1.028160,1,0,29.4259,0,0,0,29.4259,0
49.0576,2.43947,0,0,1.80353,0.0409262,0.36288,3.6288,61.0543,0.530379,0,0,0.603372,0.326682,0,0.66528,12.849,1,0.625676,0.36288,0,27.4723,5.58509,21.6245,0.84672,12.849,0.84672,3695.15,0,0,0,0.227405,1.61361,4.88006,1.46085,5.26023,0.42336,0,0.42336,460.49,0,0.815175,0,0,1.04258,0.227405,1.028160,1,0,26.8847,0,0,0,26.8847,0
47.906,2.42965,0,0,1.676,0.035091,0.36288,3.6288,60.5168,0.714534,0,0,0.496104,0.319058,0,0.66528,12.849,1,0.636365,0.36288,0,26.289,5.52699,20.4885,0.84672,12.849,0.84672,3695.15,0,0,0,0.227405,1.61398,3.35252,1.4896,3.7043,0.42336,0,0.42336,460.49,0,0.63129,0,0,0.858695,0.227405,1.028160,1,0,24.1928,0,0,0,24.1928,0
46.8749,2.41827,0,0,1.7847,0.0346551,0.36288,3.6288,60.3169,0.492176,0,0,0.610233,0.317972,0,0.66528,12.849,1,0.648611,0.36288,0,33.4536,5.52699,27.6409,0.84672,12.849,0.84672,3695.15,0,0,0,0.204422,1.61435,3.74463,1.4896,4.0738,0.42336,0,0.42336,460.49,0,0.853917,0,0,1.05834,0.204422,1.028160,1,0,31.7147,0,0,0,31.7147,0
45.5382,2.40775,0,0,1.46827,0.0342648,0.36288,3.6288,59.6163,0.827461,0,0,0.44442,0.317568,0,0.66528,12.849,1,0.659996,0.36288,0,30.6488,5.52699,24.8247,0.84672,12.849,0.84672,3695.15,0,0,0,0.204422,1.61472,3.06701,1.4896,3.39655,0.42336,0,0.42336,460.49,0,0.518901,0,0,0.723324,0.204422,1.028160,1,0,28.2213,0,0,0,28.2213,0
45.1705,2.3131,0,0,2.3545,0.046284,0.36288,3.6288,59.9384,0.268229,0,0,0.904033,0.313714,0,0.66528,12.849,1,0.652662,0.36288,0,31.2127,5.01331,25.9096,0.84672,12.849,0.84672,3695.15,0,0,0,0.593075,1.6151,5.17542,1.39462,5.98897,0.42336,0,0.42336,460.49,0,1.02816,0,0,1.62124,0.593075,1.028160,1,0,31.8986,0,0,0,31.8986,0
45.5172,2.30962,0,0,3.09637,0.0771083,0.36288,3.6288,60.4773,0.268485,0,0,1.12445,0.317086,0,0.66528,12.849,1,0.656985,0.36288,0,32.406,4.42606,27.6858,0.84672,12.849,0.84672,3695.15,0,0,0,0.81508,1.55737,6.73674,1.32389,7.7853,0.42336,0,0.42336,460.49,0,1.02816,0,0,1.84324,0.81508,1.028160,1,0,35.4711,0,0,0,35.4711,0
45.665,2.31418,0,0,2.90466,0.079816,0.36288,3.6288,61.0317,0.268742,0,0,1.14237,0.319176,0,0.66528,12.849,1,0.653268,0.36288,0,39.8866,4.44234,35.1539,0.84672,12.849,0.84672,3695.15,0,0,0,0.760251,1.55773,6.81627,1.33321,7.80104,0.42336,0,0.42336,460.49,0,1.02816,0,0,1.78841,0.760251,1.028160,1,0,42.955,0,0,0,42.955,0
46.1667,2.31649,0,0,3.26102,0.0799483,0.36288,3.6288,61.308,0.268998,0,0,1.42271,0.320301,0.55714,0.66528,12.849,1,0.651803,0.36288,0,64.1699,4.44234,59.4386,0.84672,12.849,0.84672,3695.15,0,0,0,1.10757,1.55809,8.67767,1.33321,10.0101,0.42336,0,0.42336,460.49,0,1.02816,0,0,2.13573,1.10757,1.028160,1,0,70.0059,0,0,0,70.0059,0
46.8935,2.25658,0,0,3.4396,0.093385,0.36288,3.6288,61.308,0.223474,0,0,1.50122,0.324395,0.953348,0.66528,12.849,1,0.628046,0.36288,0,140.63,4.6031,135.762,0.84672,12.849,0.84672,3695.15,0,0,0,0.953657,1.55844,9.93609,1.36409,11.0841,0.42336,0,0.42336,460.49,0,1.02816,0,0,1.98182,0.953657,1.028160,1,0,147.799,0,0,0,147.799,0
45.9925,2.26487,0,0,1.89124,0.16445,0.36288,3.6288,61.308,0.223719,0,0,0.844982,0.225482,0.395781,0.66528,12.849,1,0.620582,0.36288,0,47.5627,3.92448,43.3805,0.84672,12.849,0.84672,3695.15,0,0,0,0.48181,1.50759,7.65523,0.957232,8.6874,0.42336,0,0.42336,460.49,0,1.02816,0,0,1.50997,0.48181,1.028160,1,0,52.4637,0,0,0,52.4637,0
45.0063,2.25601,0,0,1.79544,0.162814,0.36288,3.6288,61.0167,0.647842,0,0,0.582014,0.225482,0,0.66528,12.849,1,0.630264,0.36288,0,43.4415,3.92448,39.2496,0.84672,12.849,0.84672,3695.15,0,0,0,0.216518,1.50793,6.85001,0.957232,7.61723,0.42336,0,0.42336,460.49,0,0.604282,0,0,0.8208,0.216518,1.028160,1,0,46.8669,0,0,0,46.8669,0
45.9178,2.2459,0,0,3.68131,0.161022,0.36288,3.6288,61.308,0.224209,0,0,1.28508,0.225066,0.544494,0.66528,12.849,1,0.64119,0.36288,0,67.1028,3.92448,62.9,0.84672,12.849,0.84672,3695.15,0,0,0,1.00137,1.50828,9.79404,0.957232,11.3465,0.42336,0,0.42336,460.49,0,1.02816,0,0,2.02953,1.00137,1.028160,1,0,74.791,0,0,0,74.791,0
50.6749,2.06875,0,0,7.35148,0.162678,0.36288,3.6288,61.308,0.129008,0,0,2.47307,0.225482,2.11858,0.66528,12.849,1,0.578892,0.36288,0,123.696,3.92448,119.556,0.84672,12.849,0.84672,3695.15,0,0,0,3.37249,1.50862,15.7569,0.957232,19.6807,0.42336,0,0.42336,460.49,0,1.02816,0,0,4.40065,3.37249,1.028160,1,0,141.355,0,0,0,141.355,0
52.7598,2.11271,0,0,4.76521,0.204749,0.36288,3.6288,61.308,0.129228,0,0,1.8056,0.22952,1.44685,0.66528,12.849,1,0.535694,0.36288,0,81.483,3.9308,77.3794,0.84672,12.849,0.84672,3695.15,0,0,0,1.26179,1.3902,13.959,1.0446,15.5663,0.42336,0,0.42336,460.49,0,1.02816,0,0,2.28995,1.26179,1.028160,1,0,94.3926,0,0,0,94.3926,0
55.109,2.13035,0,0,5.05714,0.214665,0.36288,3.6288,61.308,0.129449,0,0,2.30849,0.227897,1.95114,0.66528,12.849,1,0.51882,0.36288,0,89.3506,4.0193,85.1753,0.84672,12.849,0.84672,3695.15,0,0,0,1.80702,1.39051,19.5165,1.10925,21.6047,0.42336,0,0.42336,460.49,0,1.02816,0,0,2.83518,1.80702,1.028160,1,0,108.731,0,0,0,108.731,0
57.2891,2.1489,0,0,4.91168,0.219847,0.36288,3.6288,61.308,0.129669,0,0,1.97052,0.227897,1.61295,0.66528,12.849,1,0.501029,0.36288,0,173.576,4.0193,169.418,0.84672,12.849,0.84672,3695.15,0,0,0,1.33318,1.39082,12.3507,1.10925,13.9655,0.42336,0,0.42336,460.49,0,1.02816,0,0,2.36134,1.33318,1.028160,1,0,184.997,0,0,0,184.997,0
58.6578,2.16509,0,0,4.12684,0.230185,0.36288,3.6288,61.308,0.129889,0,0,1.59345,0.185419,1.27814,0.66528,12.849,1,0.485595,0.36288,0,148.385,3.49175,144.771,0.84672,12.849,0.84672,3695.15,0,0,0,0.707538,1.39114,8.82213,1.01988,9.90093,0.42336,0,0.42336,460.49,0,1.02816,0,0,1.7357,0.707538,1.028160,1,0,155.95,0,0,0,155.95,0
61.0036,2.17439,0,0,5.10055,0.217472,0.36288,3.6288,61.308,0.129889,0,0,1.70724,0.200948,1.3764,0.66528,12.849,1,0.4763,0.36288,0,121.442,3.51883,117.81,0.84672,12.849,0.84672,3695.15,0,0,0,1.38517,1.39145,11.0672,1.04934,12.7945,0.42336,0,0.42336,460.49,0,1.02816,0,0,2.41333,1.38517,1.028160,1,0,131.981,0,0,0,131.981,0
62.2084,2.26657,0,0,4.05315,0.21896,0.36288,3.6288,61.308,0.157778,0,0,1.20478,0.22085,0.826152,0.66528,12.849,1,0.4774,0.36288,0,108.371,3.76291,104.493,0.84672,12.849,0.84672,3695.15,0,0,0,1.34391,1.39145,7.39558,1.00591,9.12503,0.42336,0,0.42336,460.49,0,1.02816,0,0,2.37207,1.34391,1.028160,1,0,114.444,0,0,0,114.444,0
63.5671,2.27485,0,0,4.23812,0.241646,0.36288,3.6288,61.308,0.157996,0,0,1.13246,0.242182,0.732284,0.66528,12.849,1,0.469866,0.36288,0,109.379,4.22006,105.052,0.84672,12.849,0.84672,3695.15,0,0,0,1.29501,1.43047,7.03443,1.14851,8.6114,0.42336,0,0.42336,460.49,0,1.02816,0,0,2.32317,1.29501,1.028160,1,0,114.396,0,0,0,114.396,0
64.7716,2.28383,0,0,4.09557,0.244343,0.36288,3.6288,61.308,0.158214,0,0,1.2344,0.242182,0.834001,0.66528,12.849,1,0.461638,0.36288,0,105.58,4.22006,101.261,0.84672,12.849,0.84672,3695.15,0,0,0,1.38466,1.43078,8.03529,1.14851,9.70222,0.42336,0,0.42336,460.49,0,1.02816,0,0,2.41282,1.38466,1.028160,1,0,111.797,0,0,0,111.797,0
65.8091,2.29162,0,0,3.93876,0.246735,0.36288,3.6288,61.308,0.158432,0,0,1.21175,0.242182,0.811137,0.66528,12.849,1,0.454599,0.36288,0,93.2472,4.22006,88.9354,0.84672,12.849,0.84672,3695.15,0,0,0,1.45774,1.43109,7.64675,1.14851,9.38707,0.42336,0,0.42336,460.49,0,1.02816,0,0,2.4859,1.45774,1.028160,1,0,99.1336,0,0,0,99.1336,0
68.4785,2.54709,0,0,5.85592,0.276533,0.36288,3.6288,61.308,0.262639,0,0,1.49442,0.212337,1.01944,0.66528,12.849,1,0.497311,0.36288,0,95.078,3.99621,90.9474,0.84672,12.849,0.84672,3695.15,0,0,0,1.94181,1.4314,7.10109,1.00216,9.47215,0.42336,0,0.42336,460.49,0,1.02816,0,0,2.96997,1.94181,1.028160,1,0,101.439,0,0,0,101.439,0
69.3773,2.56411,0,0,4.12357,0.297819,0.36288,3.6288,61.308,0.262883,0,0,0.860258,0.200635,0.39674,0.66528,12.849,1,0.481118,0.36288,0,68.7502,3.92395,64.708,0.84672,12.849,0.84672,3695.15,0,0,0,0.975033,1.56779,4.93174,0.933757,6.54081,0.42336,0,0.42336,460.49,0,1.02816,0,0,2.00319,0.975033,1.028160,1,0,71.6456,0,0,0,71.6456,0
69.2671,2.57007,0,0,3.10633,0.28361,0.36288,3.6288,61.258,0.404702,0,0,0.560078,0.205416,0,0.66528,12.849,1,0.475989,0.36288,0,54.4139,3.95486,50.3459,0.84672,12.849,0.84672,3695.15,0,0,0,0.608429,1.56814,4.57846,0.966687,5.78833,0.42336,0,0.42336,460.49,0,0.886585,0,0,1.49501,0.608429,1.028160,1,0,56.1342,0,0,0,56.1342,0
69.1156,2.57013,0,0,3.02419,0.242653,0.36288,3.6288,61.308,0.263371,0,0,0.621845,0.217299,0.0911356,0.66528,12.849,1,0.476757,0.36288,0,84.4335,4.0321,80.2876,0.84672,12.849,0.84672,3695.15,0,0,0,0.613786,1.56848,4.31593,1.04901,5.44918,0.42336,0,0.42336,460.49,0,1.02816,0,0,1.64195,0.613786,1.028160,1,0,85.8279,0,0,0,85.8279,0
68.6205,2.21186,0,0,2.39506,0.315432,0.36288,3.6288,61.308,0.123924,0,0,0.775647,0.179667,0.472056,0.66528,12.849,1,0.411199,0.36288,0,48.7032,3.22463,45.4303,0.84672,12.849,0.84672,3695.15,0,0,0,0.665617,1.56882,4.41022,0.880216,5.76444,0.42336,0,0.42336,460.49,0,1.02816,0,0,1.69378,0.665617,1.028160,1,0,51.6668,0,0,0,51.6668,0
68.1612,2.20997,0,0,2.43989,0.326349,0.36288,3.6288,61.308,0.124134,0,0,0.824602,0.173384,0.527085,0.66528,12.849,1,0.413812,0.36288,0,50.8593,3.09004,47.7183,0.84672,12.849,0.84672,3695.15,0,0,0,0.730702,1.38166,5.35619,0.852084,6.61647,0.42336,0,0.42336,460.49,0,1.02816,0,0,1.75886,0.730702,1.028160,1,0,54.8618,0,0,0,54.8618,0
67.7332,2.20823,0,0,2.45606,0.312909,0.36288,3.6288,61.308,0.124344,0,0,0.971006,0.183808,0.662855,0.66528,12.849,1,0.416272,0.36288,0,52.4758,3.50248,48.9199,0.84672,12.849,0.84672,3695.15,0,0,0,1.06665,1.38196,6.21029,0.941194,7.71771,0.42336,0,0.42336,460.49,0,1.02816,0,0,2.09481,1.06665,1.028160,1,0,57.3005,0,0,0,57.3005,0
68.7999,2.20663,0,0,3.91746,0.281289,0.36288,3.6288,61.308,0.124553,0,0,1.49786,0.209869,1.16344,0.66528,12.849,1,0.418598,0.36288,0,64.9813,4.53359,60.392,0.84672,12.849,0.84672,3695.15,0,0,0,1.87788,1.38226,8.35853,1.16397,10.4547,0.42336,0,0.42336,460.49,0,1.02816,0,0,2.90604,1.87788,1.028160,1,0,72.0101,0,0,0,72.0101,0
69.5947,2.21271,0,0,3.66344,0.293011,0.36288,3.6288,61.308,0.124763,0,0,1.21717,0.202411,0.889994,0.66528,12.849,1,0.413243,0.36288,0,80.479,4.4538,75.9748,0.84672,12.849,0.84672,3695.15,0,0,0,1.88838,1.38255,5.4541,1.11963,7.60541,0.42336,0,0.42336,460.49,0,1.02816,0,0,2.91654,1.88838,1.028160,1,0,84.4702,0,0,0,84.4702,0
69.4926,2.30764,0,0,2.87577,0.307389,0.36288,3.6288,61.308,0.159189,0,0,0.833345,0.192467,0.481689,0.66528,12.849,1,0.426051,0.36288,0,54.7957,4.34742,50.3851,0.84672,12.849,0.84672,3695.15,0,0,0,1.21181,1.38285,4.66827,1.06051,6.20243,0.42336,0,0.42336,460.49,0,1.02816,0,0,2.23997,1.21181,1.028160,1,0,57.0692,0,0,0,57.0692,0
69.1374,2.03244,0,0,2.34727,0.307145,0.36288,3.6288,61.308,0.0643238,0,0,0.682612,0.192467,0.425821,0.66528,12.849,1,0.375793,0.36288,0,42.8909,4.34742,38.5305,0.84672,12.849,0.84672,3695.15,0,0,0,0.866497,1.42964,4.35182,1.06051,5.58745,0.42336,0,0.42336,460.49,0,1.02816,0,0,1.89466,0.866497,1.028160,1,0,44.5438,0,0,0,44.5438,0
68.6271,2.30653,0,0,2.40108,0.241897,0.36288,3.6288,61.308,0.159625,0,0,0.67482,0.172093,0.343102,0.66528,12.849,1,0.428663,0.36288,0,50.5602,3.26346,47.231,0.84672,12.849,0.84672,3695.15,0,0,0,0.772425,1.29536,4.20682,0.935771,5.33883,0.42336,0,0.42336,460.49,0,1.02816,0,0,1.80058,0.772425,1.028160,1,0,52.9129,0,0,0,52.9129,0
67.9585,2.30448,0,0,2.22563,0.226931,0.36288,3.6288,61.308,0.159844,0,0,0.676,0.166847,0.349309,0.66528,12.849,1,0.431465,0.36288,0,44.8247,3.16945,41.5866,0.84672,12.849,0.84672,3695.15,0,0,0,0.83357,1.43026,4.11148,0.941039,5.43427,0.42336,0,0.42336,460.49,0,1.02816,0,0,1.86173,0.83357,1.028160,1,0,47.3702,0,0,0,47.3702,0
67.4558,2.26631,0,0,2.34594,0.219404,0.36288,3.6288,61.308,0.14676,0,0,0.970246,0.162723,0.660763,0.66528,12.849,1,0.428495,0.36288,0,41.5488,3.78482,37.6984,0.84672,12.849,0.84672,3695.15,0,0,0,0.822113,1.43057,4.04854,1.10709,5.19413,0.42336,0,0.42336,460.49,0,1.02816,0,0,1.85027,0.822113,1.028160,1,0,43.5533,0,0,0,43.5533,0
66.6199,2.26425,0,0,2.02971,0.238501,0.36288,3.6288,61.308,0.146975,0,0,0.864907,0.186704,0.531228,0.66528,12.849,1,0.431295,0.36288,0,35.4587,4.08105,31.3093,0.84672,12.849,0.84672,3695.15,0,0,0,0.658541,1.41275,3.62429,1.13481,4.56077,0.42336,0,0.42336,460.49,0,1.02816,0,0,1.6867,0.658541,1.028160,1,0,36.4013,0,0,0,36.4013,0
65.7093,2.26033,0,0,1.86892,0.156287,0.36288,3.6288,61.308,0.14719,0,0,0.762497,0.225942,0.389365,0.66528,12.849,1,0.435951,0.36288,0,32.4162,4.42701,27.9161,0.84672,12.849,0.84672,3695.15,0,0,0,0.52386,1.41305,3.37796,1.15547,4.15941,0.42336,0,0.42336,460.49,0,1.02816,0,0,1.55202,0.52386,1.028160,1,0,32.4649,0,0,0,32.4649,0
65.0276,1.9864,0,0,1.82268,0.155159,0.36288,3.6288,61.308,0.0536115,0,0,0.85231,0.225942,0.572756,0.66528,12.849,1,0.388427,0.36288,0,31.3996,4.42701,26.947,0.84672,12.849,0.84672,3695.15,0,0,0,0.722097,1.41336,3.99838,1.15547,4.97838,0.42336,0,0.42336,460.49,0,1.02816,0,0,1.75026,0.722097,1.028160,1,0,32.4981,0,0,0,32.4981,0
64.1041,2.08963,0,0,1.68076,0.15174,0.36288,3.6288,61.308,0.095951,0,0,0.777004,0.226367,0.454686,0.66528,12.849,1,0.412896,0.36288,0,30.0555,4.22691,25.7786,0.84672,12.849,0.84672,3695.15,0,0,0,0.573359,1.28082,3.30091,1.1754,3.97969,0.42336,0,0.42336,460.49,0,1.02816,0,0,1.60152,0.573359,1.028160,1,0,30.213,0,0,0,30.213,0
63.1873,2.08525,0,0,1.68097,0.149593,0.36288,3.6288,61.308,0.0961535,0,0,0.737104,0.226537,0.414414,0.66528,12.849,1,0.417966,0.36288,0,29.132,4.14687,24.93,0.84672,12.849,0.84672,3695.15,0,0,0,0.436406,1.33746,2.99815,1.18337,3.58865,0.42336,0,0.42336,460.49,0,1.02816,0,0,1.46457,0.436406,1.028160,1,0,28.9331,0,0,0,28.9331,0
61.7881,2.36144,0,0,1.46687,0.141783,0.36288,3.6288,61.308,0.195294,0,0,0.685126,0.231259,0.258573,0.66528,12.849,1,0.480193,0.36288,0,26.0378,4.20042,21.7201,0.84672,12.849,0.84672,3695.15,0,0,0,0.339707,1.33775,2.89983,1.19705,3.38024,0.42336,0,0.42336,460.49,0,1.02816,0,0,1.36787,0.339707,1.028160,1,0,25.3589,0,0,0,25.3589,0
60.3532,2.35308,0,0,1.38145,0.100418,0.36288,3.6288,61.308,0.219039,0,0,0.656588,0.259589,0.17796,0.66528,12.849,1,0.489329,0.36288,0,23.3488,4.52172,18.7007,0.84672,12.849,0.84672,3695.15,0,0,0,0.30119,1.47776,2.74254,1.27914,3.24235,0.42336,0,0.42336,460.49,0,1.00464,0,0,1.30583,0.30119,1.028160,1,0,22.121,0,0,0,22.121,0
59.2866,2.06554,0,0,1.46183,0.100004,0.36288,3.6288,61.308,0.0967614,0,0,0.619624,0.246463,0.276399,0.66528,12.849,1,0.439747,0.36288,0,24.4549,4.43424,19.9438,0.84672,12.849,0.84672,3695.15,0,0,0,0.417865,1.47808,2.67608,1.22623,3.34579,0.42336,0,0.42336,460.49,0,1.02816,0,0,1.44603,0.417865,1.028160,1,0,23.566,0,0,0,23.566,0
58.0749,2.31422,0,0,1.56545,0.100014,0.36288,3.6288,61.308,0.22196,0,0,0.578642,0.228963,0.127719,0.66528,12.849,1,0.501554,0.36288,0,26.0096,4.3176,21.5533,0.84672,12.849,0.84672,3695.15,0,0,0,0.606675,1.33861,2.52119,1.15568,3.31078,0.42336,0,0.42336,460.49,0,1.02816,0,0,1.63483,0.606675,1.028160,1,0,24.9918,0,0,0,24.9918,0
56.7327,2.30628,0,0,1.42576,0.0988475,0.36288,3.6288,61.308,0.222194,0,0,0.569841,0.228963,0.118684,0.66528,12.849,1,0.510262,0.36288,0,25.4046,4.3176,20.9396,0.84672,12.849,0.84672,3695.15,0,0,0,0.631515,1.49352,2.43194,1.15568,3.40129,0.42336,0,0.42336,460.49,0,1.02816,0,0,1.65967,0.631515,1.028160,1,0,24.4596,0,0,0,24.4596,0
55.2601,2.29707,0,0,1.28497,0.0975549,0.36288,3.6288,61.308,0.222427,0,0,0.530648,0.228963,0.0792579,0.66528,12.849,1,0.520247,0.36288,0,23.5462,4.3176,19.0713,0.84672,12.849,0.84672,3695.15,0,0,0,0.420181,1.49384,2.3155,1.15568,3.07384,0.42336,0,0.42336,460.49,0,1.02816,0,0,1.44834,0.420181,1.028160,1,0,22.2244,0,0,0,22.2244,0
53.764,2.28644,0,0,1.22874,0.0755436,0.36288,3.6288,61.3032,0.222661,0,0,0.501672,0.283808,0,0.66528,12.849,1,0.53164,0.36288,0,21.2284,5.02335,16.0363,0.84672,12.849,0.84672,3695.15,0,0,0,0.401846,1.49417,2.19999,1.41329,2.68271,0.42336,0,0.42336,460.49,0,1.02816,0,0,1.43001,0.401846,1.028160,1,0,18.719,0,0,0,18.719,0
52.2692,2.33391,0,0,1.28575,0.0837306,0.36288,3.6288,61.1691,0.261403,0,0,0.414513,0.287195,0,0.66528,12.849,1,0.55778,0.36288,0,20.7241,5.64123,14.8879,0.84672,12.849,0.84672,3695.15,0,0,0,0.261274,1.49449,1.82269,1.46719,2.11127,0.42336,0,0.42336,460.49,0,1.01283,0,0,1.27411,0.261274,1.028160,1,0,16.9992,0,0,0,16.9992,0
50.6783,2.32174,0,0,1.17621,0.0824577,0.36288,3.6288,60.9862,0.285557,0,0,0.389592,0.286952,0,0.66528,12.849,1,0.570739,0.36288,0,19.4853,5.64123,13.6362,0.84672,12.849,0.84672,3695.15,0,0,0,0.261274,1.52638,1.85522,1.46719,2.17569,0.42336,0,0.42336,460.49,0,0.988917,0,0,1.25019,0.261274,1.028160,1,0,15.8119,0,0,0,15.8119,0
48.9913,2.30808,0,0,1.06498,0.0811031,0.36288,3.6288,60.6924,0.379385,0,0,0.372237,0.28662,0,0.66528,12.849,1,0.585191,0.36288,0,18.3514,5.64123,12.4879,0.84672,12.849,0.84672,3695.15,0,0,0,0.227405,1.52671,1.72498,1.46719,2.01191,0.42336,0,0.42336,460.49,0,0.895329,0,0,1.12273,0.227405,1.028160,1,0,14.4998,0,0,0,14.4998,0
47.1993,2.29274,0,0,0.931366,0.0677369,0.36288,3.6288,60.3707,0.397544,0,0,0.369598,0.293826,0,0.66528,12.849,1,0.601319,0.36288,0,17.4746,5.86555,11.3706,0.84672,12.849,0.84672,3695.15,0,0,0,0.227405,1.52704,1.74343,1.51201,1.98587,0.42336,0,0.42336,460.49,0,0.877409,0,0,1.10481,0.227405,1.028160,1,0,13.3564,0,0,0,13.3564,0
45.2115,2.44325,0,0,0.905005,0.0866189,0.36288,3.6288,59.7646,0.622697,0,0,0.315864,0.299269,0,0.66528,12.849,1,0.665123,0.36288,0,15.0154,6.04398,8.66915,0.84672,12.849,0.84672,3695.15,0,0,0,0.227405,1.52738,1.53014,1.51753,1.76739,0.42336,0,0.42336,460.49,0,0.736249,0,0,0.963654,0.227405,1.028160,1,0,10.4365,0,0,0,10.4365,0
43.3921,2.42113,0,0,1.05897,0.0944228,0.36288,3.6288,59.3363,0.472025,0,0,0.355804,0.312061,0,0.66528,12.849,1,0.68808,0.36288,0,17.1279,6.25422,10.5485,0.84672,12.849,0.84672,3695.15,0,0,0,0.227405,1.63243,1.69425,1.63285,1.92124,0.42336,0,0.42336,460.49,0,0.887181,0,0,1.11459,0.227405,1.028160,1,0,12.4698,0,0,0,12.4698,0
41.4084,2.39952,0,0,0.871214,0.0924893,0.36288,3.6288,58.4821,0.802135,0,0,0.259129,0.311208,0,0.66528,12.849,1,0.710532,0.36288,0,15.6919,6.25422,9.09001,0.84672,12.849,0.84672,3695.15,0,0,0,0.204422,1.63279,1.38766,1.63285,1.59203,0.42336,0,0.42336,460.49,0,0.557332,0,0,0.761754,0.204422,1.028160,1,0,10.682,0,0,0,10.682,0
39.6666,2.37418,0,0,1.08569,0.0903813,0.36288,3.6288,58.2899,0.331567,0,0,0.448885,0.309506,0,0.66528,12.849,1,0.736708,0.36288,0,15.296,6.25422,8.66795,0.84672,12.849,0.84672,3695.15,0,0,0,0.477205,1.63315,2.16429,1.63285,2.6418,0.42336,0,0.42336,460.49,0,1.02816,0,0,1.50536,0.477205,1.028160,1,0,11.3097,0,0,0,11.3097,0
37.6291,2.35039,0,0,0.779069,0.103368,0.36288,3.6288,58.1877,0.331827,0,0,0.495515,0.265852,0,0.66528,12.849,1,0.761348,0.36288,0,10.242,4.94342,4.90015,0.84672,12.849,0.84672,3695.15,0,0,0,0.711962,1.63351,2.03394,1.15927,3.22014,0.42336,0,0.42336,460.49,0,1.02816,0,0,1.74012,0.711962,1.028160,1,0,8.12029,0,0,0,8.12029,0
35.6916,1.9775,0,0,0.524305,0.121355,0.36288,3.6288,57.9293,0.282399,0,0,0.299794,0.275847,0,0.66528,12.849,1,0.675245,0.36288,0,8.83043,4.90119,3.61687,0.84672,12.849,0.84672,3695.15,0,0,0,0.204422,1.63386,1.02669,1.23453,1.63045,0.42336,0,0.42336,460.49,0,0.918786,0,0,1.12321,0.204422,1.028160,1,0,5.24732,0,0,0,5.24732,0
33.6924,1.95108,0,0,0.433261,0.118591,0.36288,3.6288,57.4988,0.419184,0,0,0.264113,0.275388,0,0.66528,12.556,1,0.702389,0.36288,0,8.15314,4.90119,3.20544,0.84672,12.556,0.84672,3695.15,0,0,0,0.216518,1.42516,0.950797,1.23453,1.35794,0.42336,0,0.42336,460.49,0,0.782222,0,0,0.998741,0.216518,1.028160,1,0,4.56338,0,0,0,4.56338,0
32.0188,1.93361,0,0,0.80537,0.182407,0.36288,3.6288,57.5356,0.173467,0,0,0.41089,0.200641,0,0.66528,12.849,1,0.720589,0.36288,0,14.3956,3.86304,9.88187,0.84672,12.849,0.84672,3695.15,0,0,0,0.219646,1.42547,1.65081,0.910041,2.38588,0.42336,0,0.42336,460.49,0,1.02816,0,0,1.24781,0.219646,1.028160,1,0,12.2678,0,0,0,12.2678,0
31.1607,1.89462,0,0,1.60415,0.204761,0.36288,3.6288,57.8166,0.173689,0,0,0.625785,0.171089,0,0.66528,12.849,1,0.760302,0.36288,0,28.8521,3.44778,25.0069,0.84672,12.849,0.84672,3695.15,0,0,0,0.701162,1.42577,2.35857,0.780246,3.70526,0.42336,0,0.42336,460.49,0,1.02816,0,0,1.72932,0.701162,1.028160,1,0,28.7121,0,0,0,28.7121,0
29.5422,1.82621,0,0,0.702578,0.131984,0.36288,3.6288,57.7338,0.315874,0,0,0.456903,0.223803,0,0.66528,12.849,1,0.753029,0.36288,0,14.7541,4.40961,9.95434,0.84672,12.849,0.84672,3695.15,0,0,0,0.216518,1.42608,2.01579,0.833297,2.82509,0.42336,0,0.42336,460.49,0,0.844802,0,0,1.06132,0.216518,1.028160,1,0,12.7794,0,0,0,12.7794,0
28.3235,1.79795,0,0,1.13407,0.191957,0.36288,3.6288,57.6291,0.338912,0,0,0.45467,0.220431,0,0.66528,12.849,1,0.781995,0.36288,0,26.5084,4.68674,21.4025,0.84672,12.849,0.84672,3695.15,0,0,0,0.216518,1.38009,2.55655,0.990954,3.1622,0.42336,0,0.42336,460.49,0,0.821975,0,0,1.03849,0.216518,1.028160,1,0,24.5647,0,0,0,24.5647,0
26.8964,1.77529,0,0,0.912021,0.200983,0.36288,3.6288,57.2251,0.530266,0,0,0.344517,0.218286,0,0.66528,12.849,1,0.805363,0.36288,0,20.6544,4.70621,15.5057,0.84672,12.849,0.84672,3695.15,0,0,0,0.292723,1.38038,2.19706,1.01576,2.85441,0.42336,0,0.42336,460.49,0,0.630832,0,0,0.923555,0.292723,1.028160,1,0,18.3602,0,0,0,18.3602,0
26.2937,1.74685,0,0,1.7041,0.197052,0.36288,3.6288,57.8142,0.13315,0,0,0.939957,0.217716,0,0.66528,12.849,1,0.834511,0.36288,0,41.1497,4.70621,35.9719,0.84672,12.849,0.84672,3695.15,0,0,0,1.80083,1.38068,4.84703,1.01576,7.01278,0.42336,0,0.42336,460.49,0,1.02816,0,0,2.82899,1.80083,1.028160,1,0,42.9847,0,0,0,42.9847,0
26.8332,1.58856,0,0,2.67608,0.185182,0.36288,3.6288,58.8481,0.0470653,0,0,1.30061,0.219653,0,0.66528,12.849,1,0.776283,0.36288,0,65.2271,4.62624,60.1874,0.84672,12.849,0.84672,3695.15,0,0,0,1.6933,1.38098,5.34146,1.16405,7.25168,0.42336,0,0.42336,460.49,0,1.02816,0,0,2.72146,1.6933,1.028160,1,0,67.4391,0,0,0,67.4391,0
25.8723,1.59955,0,0,1.19167,0.190122,0.36288,3.6288,58.9678,0.0472554,0,0,0.376881,0.209866,0,0.66528,12.849,1,0.765942,0.36288,0,24.9799,4.26931,20.3075,0.84672,12.849,0.84672,3695.15,0,0,0,0.437702,1.27389,2.42147,1.07061,3.06245,0.42336,0,0.42336,460.49,0,1.02816,0,0,1.46586,0.437702,1.028160,1,0,23.37,0,0,0,23.37,0
25.3029,1.58098,0,0,1.55348,0.178974,0.36288,3.6288,59.1296,0.0474455,0,0,0.403495,0.194295,0,0.66528,12.849,1,0.785167,0.36288,0,33.5347,4.49285,28.6196,0.84672,12.849,0.84672,3695.15,0,0,0,0.846858,1.27416,3.13775,1.14903,4.10975,0.42336,0,0.42336,460.49,0,1.02816,0,0,1.87502,0.846858,1.028160,1,0,32.7293,0,0,0,32.7293,0
24.9176,1.5697,0,0,1.72475,0.177529,0.36288,3.6288,58.9229,0.343383,0,0,0.33122,0.194497,0,0.66528,12.849,1,0.797106,0.36288,0,37.5473,4.49285,32.6202,0.84672,12.849,0.84672,3695.15,0,0,0,0.412474,1.27443,2.39995,1.14903,2.93783,0.42336,0,0.42336,460.49,0,0.732413,0,0,1.14489,0.412474,1.028160,1,0,35.558,0,0,0,35.558,0
25.3765,1.562,0,0,2.56206,0.178284,0.36288,3.6288,59.5592,0.078636,0,0,0.907913,0.193,0,0.66528,12.849,1,0.805462,0.36288,0,48.4366,4.28082,43.7132,0.84672,12.849,0.84672,3695.15,0,0,0,0.412474,1.2747,3.2512,1.09263,3.84574,0.42336,0,0.42336,460.49,0,0.99735,0,0,1.40982,0.412474,1.028160,1,0,47.559,0,0,0,47.559,0
28.5383,1.62763,0,0,5.34226,0.189928,0.36288,3.6288,60.7089,0.0730302,0,0,1.40905,0.186319,0,0.66528,12.849,1,0.824129,0.36288,0,86.7326,3.00867,83.2627,0.84672,12.849,0.84672,3695.15,0,0,0,1.08024,1.27497,7.16455,0.754271,8.76549,0.42336,0,0.42336,460.49,0,1.02816,0,0,2.1084,1.08024,1.028160,1,0,92.0282,0,0,0,92.0282,0
30.5396,1.69104,0,0,4.25377,0.198504,0.36288,3.6288,61.308,0.0732181,0,0,1.14009,0.187689,0.280109,0.66528,12.849,1,0.76137,0.36288,0,66.6636,3.00867,63.2564,0.84672,12.849,0.84672,3695.15,0,0,0,0.653175,1.31024,5.39749,0.754271,6.60663,0.42336,0,0.42336,460.49,0,1.02816,0,0,1.68134,0.653175,1.028160,1,0,70.1431,0,0,0,70.1431,0
31.5808,1.72662,0,0,3.33463,0.203932,0.36288,3.6288,61.308,0.120218,0,0,1.01741,0.188402,0.708792,0.66528,12.849,1,0.726443,0.36288,0,38.1844,3.00867,34.8122,0.84672,12.849,0.84672,3695.15,0,0,0,0.503194,1.31051,4.5056,0.754271,5.56503,0.42336,0,0.42336,460.49,0,0.981349,0,0,1.48454,0.503194,1.028160,1,0,41.086,0,0,0,41.086,0
32.555,1.7441,0,0,3.30375,0.222574,0.36288,3.6288,61.308,0.181586,0,0,0.983621,0.178866,0.623169,0.66528,12.849,1,0.709607,0.36288,0,40.3334,3.22212,36.7646,0.84672,12.849,0.84672,3695.15,0,0,0,0.503194,1.31077,4.42951,0.748325,5.49515,0.42336,0,0.42336,460.49,0,0.920169,0,0,1.42336,0.503194,1.028160,1,0,42.8829,0,0,0,42.8829,0
34.199,1.95259,0,0,4.18208,0.22267,0.36288,3.6288,61.308,0.167792,0,0,1.14257,0.141685,0.833094,0.66528,12.849,1,0.770658,0.36288,0,54.6608,3.87765,50.3754,0.84672,12.849,0.84672,3695.15,0,0,0,0.755628,1.31104,6.35998,0.784744,7.64191,0.42336,0,0.42336,460.49,0,1.02816,0,0,1.78379,0.755628,1.028160,1,0,58.8504,0,0,0,58.8504,0
35.5223,1.98003,0,0,3.87577,0.209508,0.36288,3.6288,61.308,0.168002,0,0,1.06213,0.163167,0.730964,0.66528,12.849,1,0.743924,0.36288,0,54.3391,3.93162,50.0265,0.84672,12.849,0.84672,3695.15,0,0,0,0.60029,1.43433,5.92809,0.960919,7.00179,0.42336,0,0.42336,460.49,0,1.02816,0,0,1.62845,0.60029,1.028160,1,0,57.7592,0,0,0,57.7592,0
38.1405,2.00091,0,0,5.21525,0.233293,0.36288,3.6288,61.308,0.168212,0,0,1.29774,0.160926,0.968599,0.66528,12.849,1,0.723761,0.36288,0,60.4127,4.16661,55.8852,0.84672,12.849,0.84672,3695.15,0,0,0,0.964544,1.43462,6.63718,0.994808,8.04154,0.42336,0,0.42336,460.49,0,1.02816,0,0,1.9927,0.964544,1.028160,1,0,64.8953,0,0,0,64.8953,0
40.059,2.0386,0,0,4.56062,0.240656,0.36288,3.6288,61.308,0.168422,0,0,1.0223,0.160926,0.692954,0.66528,12.849,1,0.686777,0.36288,0,73.1825,4.16661,68.692,0.84672,12.849,0.84672,3695.15,0,0,0,0.800781,1.43492,6.067,0.994808,7.30789,0.42336,0,0.42336,460.49,0,1.02816,0,0,1.82894,0.800781,1.028160,1,0,76.6929,0,0,0,76.6929,0
42.1476,1.77339,0,0,4.45697,0.232016,0.36288,3.6288,61.308,0.0423525,0,0,1.2387,0.156147,1.0402,0.66528,12.849,1,0.56882,0.36288,0,71.3472,4.51631,66.625,0.84672,12.849,0.84672,3695.15,0,0,0,0.969659,1.43522,8.34782,1.08263,9.67007,0.42336,0,0.42336,460.49,0,1.02816,0,0,1.99782,0.969659,1.028160,1,0,77.3352,0,0,0,77.3352,0
44.0455,1.79547,0,0,4.28813,0.231897,0.36288,3.6288,61.308,0.0425331,0,0,1.3048,0.132293,1.12998,0.66528,12.849,1,0.547362,0.36288,0,72.557,4.47184,67.9007,0.84672,12.849,0.84672,3695.15,0,0,0,1.28637,1.26601,9.64483,1.0288,11.1684,0.42336,0,0.42336,460.49,0,1.02816,0,0,2.31453,1.28637,1.028160,1,0,80.1991,0,0,0,80.1991,0
46.641,1.81421,0,0,5.00959,0.237027,0.36288,3.6288,61.308,0.0427138,0,0,1.21332,0.132293,1.03832,0.66528,12.849,1,0.529244,0.36288,0,86.2177,4.47184,81.5795,0.84672,12.849,0.84672,3695.15,0,0,0,0.953657,1.26626,9.37725,1.0288,10.5684,0.42336,0,0.42336,460.49,0,1.02816,0,0,1.98182,0.953657,1.028160,1,0,93.1862,0,0,0,93.1862,0
48.3058,1.83779,0,0,4.1114,0.245935,0.36288,3.6288,61.308,0.0428945,0,0,1.11199,0.135491,0.9336,0.66528,12.849,1,0.506288,0.36288,0,69.303,4.37934,64.7802,0.84672,12.849,0.84672,3695.15,0,0,0,0.679735,1.26652,8.1089,1.02865,9.02651,0.42336,0,0.42336,460.49,0,1.02816,0,0,1.70789,0.679735,1.028160,1,0,74.7404,0,0,0,74.7404,0
50.0691,1.85206,0,0,4.24059,0.262294,0.36288,3.6288,61.308,0.0430753,0,0,1.34022,0.15224,1.1449,0.66528,12.849,1,0.492636,0.36288,0,71.7085,3.74016,67.8386,0.84672,12.849,0.84672,3695.15,0,0,0,1.0251,1.26678,8.17698,1.04434,9.42452,0.42336,0,0.42336,460.49,0,1.02816,0,0,2.05326,1.0251,1.028160,1,0,78.408,0,0,0,78.408,0
51.9362,1.94335,0,0,4.44126,0.267978,0.36288,3.6288,61.308,0.0741853,0,0,1.27138,0.146138,1.05106,0.66528,12.849,1,0.498713,0.36288,0,65.0322,3.52979,61.3666,0.84672,12.849,0.84672,3695.15,0,0,0,1.35676,1.26703,9.92762,1.08586,11.4656,0.42336,0,0.42336,460.49,0,1.02816,0,0,2.38492,1.35676,1.028160,1,0,73.8832,0,0,0,73.8832,0
53.4066,1.95824,0,0,4.06478,0.273265,0.36288,3.6288,61.308,0.0743733,0,0,1.06045,0.146138,0.839936,0.66528,12.849,1,0.484469,0.36288,0,57.4645,3.52979,53.8131,0.84672,12.849,0.84672,3695.15,0,0,0,1.13034,1.30931,6.41454,1.08586,7.76834,0.42336,0,0.42336,460.49,0,1.02816,0,0,2.1585,1.13034,1.028160,1,0,62.4214,0,0,0,62.4214,0
54.7439,1.96951,0,0,3.91681,0.2471,0.36288,3.6288,61.308,0.0745614,0,0,1.01809,0.165169,0.778356,0.66528,12.849,1,0.473842,0.36288,0,51.2378,3.76247,47.3644,0.84672,12.849,0.84672,3695.15,0,0,0,0.988355,1.30958,6.30647,1.13166,7.47275,0.42336,0,0.42336,460.49,0,1.02816,0,0,2.01652,0.988355,1.028160,1,0,55.6155,0,0,0,55.6155,0
55.3735,1.97941,0,0,3.19823,0.226373,0.36288,3.6288,61.308,0.0747495,0,0,0.847204,0.233223,0.539231,0.66528,12.849,1,0.46459,0.36288,0,44.0988,5.43908,38.558,0.84672,12.849,0.84672,3695.15,0,0,0,0.714355,1.30985,5.3105,1.33126,6.00344,0.42336,0,0.42336,460.49,0,1.02816,0,0,1.74252,0.714355,1.028160,1,0,45.1007,0,0,0,45.1007,0
55.5019,1.95349,0,0,2.67882,0.234026,0.36288,3.6288,61.308,0.354272,0,0,0.649844,0.20522,0.0903518,0.66528,12.849,1,0.453293,0.36288,0,47.3852,4.13459,43.1602,0.84672,12.849,0.84672,3695.15,0,0,0,0.528595,1.31011,3.80252,1.15117,4.49005,0.42336,0,0.42336,460.49,0,0.736802,0,0,1.2654,0.528595,1.028160,1,0,47.7406,0,0,0,47.7406,0
55.077,1.95486,0,0,2.12723,0.234327,0.36288,3.6288,61.1847,0.484282,0,0,0.566218,0.20522,0,0.66528,12.849,1,0.452561,0.36288,0,36.5959,4.13459,32.3717,0.84672,12.849,0.84672,3695.15,0,0,0,0.528595,1.294,3.90961,1.15117,4.58103,0.42336,0,0.42336,460.49,0,0.606977,0,0,1.13557,0.528595,1.028160,1,0,36.9527,0,0,0,36.9527,0
54.5218,1.95255,0,0,1.99348,0.233332,0.36288,3.6288,61.1547,0.385116,0,0,0.560193,0.20506,0,0.66528,12.849,1,0.455512,0.36288,0,34.6728,4.13459,30.4456,0.84672,12.849,0.84672,3695.15,0,0,0,0.402797,1.29426,3.72041,1.15117,4.26629,0.42336,0,0.42336,460.49,0,0.706329,0,0,1.10913,0.402797,1.028160,1,0,34.7119,0,0,0,34.7119,0
55.1281,1.94931,0,0,3.14404,0.225494,0.36288,3.6288,61.308,0.12344,0,0,0.71591,0.206804,0.232399,0.66528,12.849,1,0.459388,0.36288,0,45.4962,4.18876,41.2109,0.84672,12.849,0.84672,3695.15,0,0,0,0.402797,1.29452,3.68507,1.14114,4.24125,0.42336,0,0.42336,460.49,0,0.96819,0,0,1.37099,0.402797,1.028160,1,0,45.6845,0,0,0,45.6845,0
54.5656,2.05824,0,0,2.0496,0.190955,0.36288,3.6288,61.2195,0.474253,0,0,0.615614,0.22982,0,0.66528,12.849,1,0.479726,0.36288,0,32.7917,4.47713,28.1977,0.84672,12.849,0.84672,3695.15,0,0,0,0.402797,1.29478,3.21585,1.07326,3.84017,0.42336,0,0.42336,460.49,0,0.660243,0,0,1.06304,0.402797,1.028160,1,0,32.0378,0,0,0,32.0378,0
54.0311,2.05478,0,0,2.06826,0.185179,0.36288,3.6288,61.0043,0.517596,0,0,0.528912,0.226591,0,0.66528,12.849,1,0.483855,0.36288,0,30.2978,4.09168,26.0851,0.84672,12.849,0.84672,3695.15,0,0,0,0.402797,1.35213,3.03982,1.07583,3.71892,0.42336,0,0.42336,460.49,0,0.617095,0,0,1.01989,0.402797,1.028160,1,0,29.8041,0,0,0,29.8041,0
53.2859,2.05145,0,0,1.81371,0.144551,0.36288,3.6288,60.8611,0.409965,0,0,0.493336,0.226519,0,0.66528,12.849,1,0.487851,0.36288,0,25.8283,4.1077,21.5957,0.84672,12.849,0.84672,3695.15,0,0,0,0.30119,1.3524,2.82212,1.02942,3.44629,0.42336,0,0.42336,460.49,0,0.724922,0,0,1.02611,0.30119,1.028160,1,0,25.0419,0,0,0,25.0419,0
52.5248,2.04649,0,0,1.79171,0.143459,0.36288,3.6288,60.7378,0.428969,0,0,0.531996,0.226313,0,0.66528,12.849,1,0.493478,0.36288,0,25.0586,4.1077,20.8203,0.84672,12.849,0.84672,3695.15,0,0,0,0.30119,1.35268,3.05783,1.02942,3.68228,0.42336,0,0.42336,460.49,0,0.706113,0,0,1.0073,0.30119,1.028160,1,0,24.5026,0,0,0,24.5026,0
51.5434,2.04129,0,0,1.55314,0.130335,0.36288,3.6288,60.4402,0.538297,0,0,0.472813,0.232132,0,0.66528,12.849,1,0.499354,0.36288,0,23.2657,4.3789,18.7503,0.84672,12.849,0.84672,3695.15,0,0,0,0.30119,1.35296,2.50004,1.05752,3.09666,0.42336,0,0.42336,460.49,0,0.596981,0,0,0.898171,0.30119,1.028160,1,0,21.847,0,0,0,21.847,0
50.2728,2.01382,0,0,1.20541,0.0992999,0.36288,3.6288,59.9288,0.671049,0,0,0.406318,0.246654,0,0.66528,12.849,1,0.502016,0.36288,0,21.7889,5.05691,16.5928,0.84672,12.849,0.84672,3695.15,0,0,0,0.30119,1.35323,1.99174,1.12778,2.51838,0.42336,0,0.42336,460.49,0,0.487909,0,0,0.7891,0.30119,1.028160,1,0,19.1112,0,0,0,19.1112,0
48.9847,2.00424,0,0,1.17697,0.0979871,0.36288,3.6288,59.431,0.634107,0,0,0.382142,0.245852,0,0.66528,12.849,1,0.512256,0.36288,0,20.5029,5.05691,15.2966,0.84672,12.849,0.84672,3695.15,0,0,0,0.261274,1.36688,2.05748,1.12778,2.55785,0.42336,0,0.42336,460.49,0,0.525053,0,0,0.786326,0.261274,1.028160,1,0,17.8545,0,0,0,17.8545,0
47.6465,1.9941,0,0,1.09602,0.0772543,0.36288,3.6288,58.844,0.67807,0,0,0.374493,0.283472,0,0.66528,12.849,1,0.523065,0.36288,0,19.4739,5.59983,13.7139,0.84672,12.849,0.84672,3695.15,0,0,0,0.261274,1.36716,1.97122,1.31153,2.28813,0.42336,0,0.42336,460.49,0,0.481291,0,0,0.742565,0.261274,1.028160,1,0,16.002,0,0,0,16.002,0
46.1974,1.98305,0,0,0.965866,0.0689851,0.36288,3.6288,58.2283,0.679895,0,0,0.353989,0.289796,0,0.66528,12.849,1,0.534776,0.36288,0,17.8824,6.2238,11.4867,0.84672,12.849,0.84672,3695.15,0,0,0,0.261274,1.36744,1.9736,1.53591,2.0664,0.42336,0,0.42336,460.49,0,0.479667,0,0,0.74094,0.261274,1.028160,1,0,13.5531,0,0,0,13.5531,0
44.7052,2.02195,0,0,0.969183,0.0765784,0.36288,3.6288,57.5847,0.707483,0,0,0.365898,0.301998,0,0.66528,12.849,1,0.56237,0.36288,0,16.6962,5.84205,10.6547,0.84672,12.849,0.84672,3695.15,0,0,0,0.261274,1.36772,1.90393,1.47564,2.05728,0.42336,0,0.42336,460.49,0,0.47323,0,0,0.734504,0.261274,1.028160,1,0,12.7119,0,0,0,12.7119,0
43.1317,2.0079,0,0,0.873979,0.0767171,0.36288,3.6288,56.8544,0.77954,0,0,0.352479,0.303178,0,0.66528,12.849,1,0.577102,0.36288,0,15.9232,5.76712,9.94183,0.84672,12.849,0.84672,3695.15,0,0,0,0.261274,1.39652,1.7909,1.4614,1.98729,0.42336,0,0.42336,460.49,0,0.40138,0,0,0.662653,0.261274,1.028160,1,0,11.9291,0,0,0,11.9291,0
41.4985,1.9922,0,0,0.789774,0.0679048,0.36288,3.6288,56.131,0.765654,0,0,0.348996,0.306779,0,0.66528,12.849,1,0.593479,0.36288,0,15.0942,5.91667,8.94689,0.84672,12.849,0.84672,3695.15,0,0,0,0.227405,1.39681,1.78693,1.49128,1.91986,0.42336,0,0.42336,460.49,0,0.415472,0,0,0.642877,0.227405,1.028160,1,0,10.8668,0,0,0,10.8668,0
39.7428,1.97488,0,0,0.648562,0.0664846,0.36288,3.6288,55.3988,0.774889,0,0,0.341478,0.298745,0,0.66528,12.849,1,0.611474,0.36288,0,14.1997,5.94684,8.00423,0.84672,12.849,0.84672,3695.15,0,0,0,0.227405,1.39709,1.70984,1.3877,1.94663,0.42336,0,0.42336,460.49,0,0.406443,0,0,0.633848,0.227405,1.028160,1,0,9.95087,0,0,0,9.95087,0
37.9258,2.10081,0,0,0.711837,0.0651129,0.36288,3.6288,54.5801,0.860905,0,0,0.353764,0.311566,0,0.66528,12.849,1,0.679199,0.36288,0,14.2279,6.12009,7.79151,0.84672,12.849,0.84672,3695.15,0,0,0,0.227405,1.39738,1.68541,1.45185,1.85835,0.42336,0,0.42336,460.49,0,0.396324,0,0,0.623729,0.227405,1.028160,1,0,9.64986,0,0,0,9.64986,0
36.0343,2.07704,0,0,0.608307,0.0598899,0.36288,3.6288,53.5037,1.02997,0,0,0.286489,0.332994,0,0.66528,12.849,1,0.703687,0.36288,0,17.4454,6.42747,10.6771,0.84672,12.849,0.84672,3695.15,0,0,0,0.227405,1.49231,1.30235,1.57698,1.44508,0.42336,0,0.42336,460.49,0,0.227485,0,0,0.45489,0.227405,1.028160,1,0,12.1222,0,0,0,12.1222,0
34.2355,2.05035,0,0,0.672946,0.0585628,0.36288,3.6288,52.7001,0.86661,0,0,0.393549,0.330485,0,0.66528,12.849,1,0.731106,0.36288,0,14.957,6.42747,8.16135,0.84672,12.849,0.84672,3695.15,0,0,0,0.204422,1.49262,1.55633,1.57698,1.67639,0.42336,0,0.42336,460.49,0,0.391066,0,0,0.595489,0.204422,1.028160,1,0,9.83774,0,0,0,9.83774,0
32.4156,2.02294,0,0,0.625006,0.059035,0.36288,3.6288,51.7871,0.914013,0,0,0.316316,0.31535,0,0.66528,12.849,1,0.759235,0.36288,0,14.3497,6.05778,7.89561,0.84672,12.849,0.84672,3695.15,0,0,0,0.204422,1.49292,1.76822,1.43307,2.03249,0.42336,0,0.42336,460.49,0,0.343888,0,0,0.54831,0.204422,1.028160,1,0,9.9281,0,0,0,9.9281,0
30.605,1.99293,0,0,0.602686,0.0575197,0.36288,3.6288,50.8652,0.947007,0,0,0.315058,0.289928,0,0.66528,12.849,1,0.789965,0.36288,0,10.6782,5.33928,4.91181,0.84672,12.849,0.84672,3695.15,0,0,0,0.204422,1.49323,1.93917,1.15165,2.48517,0.42336,0,0.42336,460.49,0,0.311118,0,0,0.51554,0.204422,1.028160,1,0,7.39698,0,0,0,7.39698,0
28.7615,1.89421,0,0,0.443813,0.0301777,0.36288,3.6288,49.8994,0.92348,0,0,0.300214,0.342541,0,0.66528,12.849,1,0.795254,0.36288,0,11.8103,6.57363,4.80427,0.84672,12.849,0.84672,3695.15,0,0,0,0.204422,1.49354,1.71785,1.62176,1.79405,0.42336,0,0.42336,460.49,0,0.288874,0,0,0.493296,0.204422,1.028160,1,0,6.59832,0,0,0,6.59832,0
26.9689,1.85946,0,0,0.503658,0.0739042,0.36288,3.6288,48.926,0.96768,0,0,0.28958,0.295264,0,0.66528,12.849,1,0.830702,0.36288,0,9.96304,6.18712,3.3081,0.84672,12.849,0.84672,3695.15,0,0,0,0.216518,1.44067,1.29542,1.48901,1.4636,0.42336,0,0.42336,460.49,0,0.244888,0,0,0.461406,0.216518,1.028160,1,0,4.7717,0,0,0,4.7717,0
25.3777,1.82254,0,0,0.666292,0.0720995,0.36288,3.6288,48.2191,0.79079,0,0,0.376728,0.292907,0,0.66528,12.849,1,0.868327,0.36288,0,14.5035,6.18712,7.81096,0.84672,12.849,0.84672,3695.15,0,0,0,0.216518,1.44097,1.85969,1.48901,2.02817,0.42336,0,0.42336,460.49,0,0.421991,0,0,0.63851,0.216518,1.028160,1,0,9.83913,0,0,0,9.83913,0
24.0246,1.78686,0,0,0.86711,0.0704976,0.36288,3.6288,47.9261,0.534859,0,0,0.533075,0.291194,0,0.66528,12.849,1,0.904708,0.36288,0,28.3984,6.18712,21.6694,0.84672,12.849,0.84672,3695.15,0,0,0,0.216518,1.44126,2.20845,1.48901,2.37723,0.42336,0,0.42336,460.49,0,0.678136,0,0,0.894655,0.216518,1.028160,1,0,24.0467,0,0,0,24.0467,0
22.7453,1.70372,0,0,0.883902,0.0965921,0.36288,3.6288,47.2318,0.758522,0,0,0.305211,0.240976,0,0.66528,12.849,1,0.911195,0.36288,0,21.9349,4.19333,17.1932,0.84672,12.849,0.84672,3695.15,0,0,0,0.216518,1.44156,1.88374,1.08421,2.45761,0.42336,0,0.42336,460.49,0,0.41278,0,0,0.629299,0.216518,1.028160,1,0,19.6509,0,0,0,19.6509,0
21.7711,1.67141,0,0,1.16571,0.105653,0.36288,3.6288,47.3067,0.143346,0,0,0.438188,0.219892,0,0.66528,12.849,1,0.944191,0.36288,0,24.9278,3.3958,20.9507,0.84672,12.849,0.84672,3695.15,0,0,0,0.347516,1.39498,2.98823,0.922291,3.80844,0.42336,0,0.42336,460.49,0,1.02816,0,0,1.37568,0.347516,1.028160,1,0,24.7591,0,0,0,24.7591,0
22.9258,1.64527,0,0,3.26718,0.104275,0.36288,3.6288,48.2552,0.14355,0,0,1.31199,0.22003,0,0.66528,12.849,1,0.971015,0.36288,0,77.2108,3.3958,73.2068,0.84672,12.849,0.84672,3695.15,0,0,0,1.76388,1.39527,6.20352,0.922291,8.44038,0.42336,0,0.42336,460.49,0,1.02816,0,0,2.79204,1.76388,1.028160,1,0,81.6472,0,0,0,81.6472,0
22.8564,1.67705,0,0,2.10312,0.13262,0.36288,3.6288,48.3759,0.47841,0,0,0.792418,0.193257,0,0.66528,12.849,1,0.939918,0.36288,0,48.0981,2.96051,44.5606,0.84672,12.849,0.84672,3695.15,0,0,0,0.292723,1.39555,3.68941,0.798985,4.5787,0.42336,0,0.42336,460.49,0,0.693503,0,0,0.986227,0.292723,1.028160,1,0,49.1393,0,0,0,49.1393,0
22.7523,1.53488,0,0,1.91735,0.123619,0.36288,3.6288,48.961,0.0565973,0,0,0.836689,0.195035,0,0.66528,12.849,1,0.862854,0.36288,0,47.0476,3.81143,42.7363,0.84672,12.849,0.84672,3695.15,0,0,0,0.516223,1.39584,4.65196,0.842054,5.72197,0.42336,0,0.42336,460.49,0,1.02816,0,0,1.54438,0.516223,1.028160,1,0,48.4582,0,0,0,48.4582,0
21.6466,1.53277,0,0,0.960353,0.170425,0.36288,3.6288,49.253,0.130178,0,0,0.602231,0.180007,0,0.66528,12.849,1,0.865604,0.36288,0,34.2188,4.31119,29.4049,0.84672,12.849,0.84672,3695.15,0,0,0,0.292723,1.28742,4.14105,0.974213,4.74698,0.42336,0,0.42336,460.49,0,0.954763,0,0,1.24749,0.292723,1.028160,1,0,34.1519,0,0,0,34.1519,0
20.5772,1.50542,0,0,0.966756,0.167904,0.36288,3.6288,49.5472,0.168368,0,0,0.642954,0.180441,0,0.66528,12.849,1,0.893585,0.36288,0,36.0713,4.31119,31.2294,0.84672,12.849,0.84672,3695.15,0,0,0,0.412474,1.28768,4.30829,0.974213,5.03423,0.42336,0,0.42336,460.49,0,0.916756,0,0,1.32923,0.412474,1.028160,1,0,36.2636,0,0,0,36.2636,0
19.8795,1.47722,0,0,1.30791,0.165466,0.36288,3.6288,49.7503,0.238009,0,0,0.622066,0.180879,0,0.66528,12.849,1,0.922418,0.36288,0,36.2718,4.31119,31.401,0.84672,12.849,0.84672,3695.15,0,0,0,0.412474,1.28794,3.93781,0.974213,4.66401,0.42336,0,0.42336,460.49,0,0.847299,0,0,1.25977,0.412474,1.028160,1,0,36.065,0,0,0,36.065,0
21.8667,1.45794,0,0,3.96526,0.157264,0.36288,3.6288,50.6734,0.0573312,0,0,1.16598,0.185611,0,0.66528,12.849,1,0.94233,0.36288,0,32.2382,4.56944,27.0893,0.84672,12.849,0.84672,3695.15,0,0,0,0.97988,1.2882,6.72764,1.19417,7.80155,0.42336,0,0.42336,460.49,0,1.02816,0,0,2.00804,0.97988,1.028160,1,0,34.8908,0,0,0,34.8908,0
24.9938,1.56561,0,0,5.20023,0.144674,0.36288,3.6288,51.7626,0.082836,0,0,1.4149,0.242779,0,0.66528,12.849,1,0.919962,0.36288,0,181.436,4.95694,175.922,0.84672,12.849,0.84672,3695.15,0,0,0,1.41617,1.28846,10.784,1.52666,11.962,0.42336,0,0.42336,460.49,0,1.02816,0,0,2.44433,1.41617,1.028160,1,0,187.884,0,0,0,187.884,0
29.5009,1.64204,0,0,6.66319,0.151162,0.36288,3.6288,53.7441,0.0830171,0,0,2.30936,0.244935,0,0.66528,12.849,1,0.844155,0.36288,0,157.55,4.95694,152.111,0.84672,12.849,0.84672,3695.15,0,0,0,2.66103,1.32415,18.9861,1.52666,21.4447,0.42336,0,0.42336,460.49,0,1.02816,0,0,3.68919,2.66103,1.028160,1,0,173.556,0,0,0,173.556,0
32.8997,1.73232,0,0,5.65498,0.160945,0.36288,3.6288,54.9198,0.0831982,0,0,1.50784,0.248856,0,0.66528,12.849,1,0.754504,0.36288,0,174.55,4.95694,169.201,0.84672,12.849,0.84672,3695.15,0,0,0,1.54741,1.32441,12.2064,1.52666,13.5516,0.42336,0,0.42336,460.49,0,1.02816,0,0,2.57557,1.54741,1.028160,1,0,182.753,0,0,0,182.753,0
36.2868,1.78882,0,0,5.70693,0.168182,0.36288,3.6288,56.5348,0.0833794,0,0,1.94919,0.250827,0,0.66528,12.849,1,0.698625,0.36288,0,166.269,4.95694,160.976,0.84672,12.849,0.84672,3695.15,0,0,0,2.14841,1.32467,12.0023,1.52666,13.9487,0.42336,0,0.42336,460.49,0,1.02816,0,0,3.17657,2.14841,1.028160,1,0,174.925,0,0,0,174.925,0
37.6261,2.03844,0,0,3.93851,0.197813,0.36288,3.6288,57.441,0.178719,0,0,1.29936,0.214513,0,0.66528,12.849,1,0.721805,0.36288,0,107.146,3.96985,102.818,0.84672,12.849,0.84672,3695.15,0,0,0,0.90777,1.32492,7.84788,1.10952,8.97106,0.42336,0,0.42336,460.49,0,1.02816,0,0,1.93593,0.90777,1.028160,1,0,111.789,0,0,0,111.789,0
38.2869,2.05811,0,0,3.2822,0.200422,0.36288,3.6288,59.4513,0.178922,0,0,2.38386,0.19456,0,0.66528,12.849,1,0.702826,0.36288,0,85.1645,3.60276,81.2218,0.84672,12.849,0.84672,3695.15,0,0,0,1.41613,1.44971,13.4844,0.902539,15.4477,0.42336,0,0.42336,460.49,0,1.02816,0,0,2.44429,1.41613,1.028160,1,0,96.6694,0,0,0,96.6694,0
40.0563,2.0677,0,0,4.40197,0.201979,0.36288,3.6288,60.8045,0.179124,0,0,1.72935,0.197095,0,0.66528,12.849,1,0.693916,0.36288,0,135.502,3.60276,131.568,0.84672,12.849,0.84672,3695.15,0,0,0,2.12087,1.44999,14.0525,0.902539,16.7208,0.42336,0,0.42336,460.49,0,1.02816,0,0,3.14903,2.12087,1.028160,1,0,148.289,0,0,0,148.289,0
41.3534,2.09143,0,0,4.00208,0.250696,0.36288,3.6288,61.308,0.179327,0,0,1.80672,0.186179,0.93768,0.66528,12.849,1,0.670875,0.36288,0,115.464,3.71821,111.438,0.84672,12.849,0.84672,3695.15,0,0,0,3.00351,1.45028,13.4033,0.856012,17.0011,0.42336,0,0.42336,460.49,0,1.02816,0,0,4.03167,3.00351,1.028160,1,0,129.377,0,0,0,129.377,0
47.9655,1.81156,0,0,9.05178,0.265216,0.36288,3.6288,61.308,0.0517109,0,0,2.14961,0.183495,1.9144,0.66528,12.849,1,0.562873,0.36288,0,149.961,3.50807,146.253,0.84672,12.849,0.84672,3695.15,0,0,0,2.7523,1.45056,17.5102,0.817259,20.8958,0.42336,0,0.42336,460.49,0,1.02816,0,0,3.78046,2.7523,1.028160,1,0,169.063,0,0,0,169.063,0
52.528,1.87323,0,0,7.07772,0.279173,0.36288,3.6288,61.308,0.0518849,0,0,1.87124,0.155318,1.66404,0.66528,12.849,1,0.501801,0.36288,0,106.604,3.42122,103.044,0.84672,12.849,0.84672,3695.15,0,0,0,2.08784,1.27928,16.0872,0.749652,18.7046,0.42336,0,0.42336,460.49,0,1.02816,0,0,3.116,2.08784,1.028160,1,0,123.412,0,0,0,123.412,0
55.4576,1.90873,0,0,5.49418,0.292986,0.36288,3.6288,61.308,0.0520589,0,0,1.45666,0.155318,1.24928,0.66528,12.849,1,0.4669,0.36288,0,112.336,3.42122,108.81,0.84672,12.849,0.84672,3695.15,0,0,0,1.38476,1.27952,13.0167,0.749652,14.9313,0.42336,0,0.42336,460.49,0,1.02816,0,0,2.41292,1.38476,1.028160,1,0,124.991,0,0,0,124.991,0
57.333,1.92924,0,0,4.4399,0.27236,0.36288,3.6288,61.308,0.052233,0,0,0.975257,0.137269,0.785755,0.66528,12.849,1,0.446988,0.36288,0,91.6834,3.15963,88.4396,0.84672,12.849,0.84672,3695.15,0,0,0,0.870515,1.27977,11.4954,0.712076,12.9336,0.42336,0,0.42336,460.49,0,1.02816,0,0,1.89867,0.870515,1.028160,1,0,102.159,0,0,0,102.159,0
60.0043,1.94168,0,0,5.21981,0.243888,0.36288,3.6288,61.308,0.0524071,0,0,1.51972,0.114193,1.35312,0.66528,12.849,1,0.435153,0.36288,0,100.441,2.81759,97.551,0.84672,12.849,0.84672,3695.15,0,0,0,1.668,1.28002,12.6503,0.649018,14.9493,0.42336,0,0.42336,460.49,0,1.02816,0,0,2.69616,1.668,1.028160,1,0,113.853,0,0,0,113.853,0
62.8605,2.03877,0,0,5.54782,0.28997,0.36288,3.6288,61.308,0.0838854,0,0,2.46605,0.120124,2.26205,0.66528,12.849,1,0.436572,0.36288,0,121.332,2.85799,118.4,0.84672,12.849,0.84672,3695.15,0,0,0,2.2967,1.28026,11.2673,0.57128,14.273,0.42336,0,0.42336,460.49,0,1.02816,0,0,3.32486,2.2967,1.028160,1,0,134.935,0,0,0,134.935,0
65.5939,2.05576,0,0,5.44898,0.297008,0.36288,3.6288,61.308,0.0840665,0,0,2.09014,0.120124,1.88595,0.66528,12.849,1,0.420207,0.36288,0,96.3222,2.85799,93.4069,0.84672,12.849,0.84672,3695.15,0,0,0,2.45196,1.32305,17.2455,0.57128,20.4493,0.42336,0,0.42336,460.49,0,1.02816,0,0,3.48012,2.45196,1.028160,1,0,115.742,0,0,0,115.742,0
69.8258,2.07092,0,0,6.96028,0.29455,0.36288,3.6288,61.308,0.0842477,0,0,2.43948,0.101196,2.25403,0.66528,12.849,1,0.405667,0.36288,0,157.862,2.02269,155.797,0.84672,12.849,0.84672,3695.15,0,0,0,3.36932,1.3233,20.4183,0.42268,24.6883,0.42336,0,0.42336,460.49,0,1.02816,0,0,4.39748,3.36932,1.028160,1,0,182.739,0,0,0,182.739,0
71.9187,2.09221,0,0,4.81105,0.263073,0.36288,3.6288,61.308,0.0844289,0,0,1.97653,0.135067,1.75703,0.66528,12.849,1,0.384998,0.36288,0,89.6149,2.22369,87.3691,0.84672,12.849,0.84672,3695.15,0,0,0,2.47665,1.32356,11.996,0.512946,15.2833,0.42336,0,0.42336,460.49,0,1.02816,0,0,3.50481,2.47665,1.028160,1,0,104.409,0,0,0,104.409,0
72.29,2.06973,0,0,4.33454,0.274037,1.61946,3.6288,61.308,0.072441,0,0,1.71895,0.171214,1.47529,0.66528,12.849,1,0.369779,1.61946,0,89.1743,3.62957,86.7944,0.84672,12.849,0.84672,3695.15,0,0,0,1.60573,1.32382,10.6199,0.841278,12.7082,0.42336,0,0.42336,460.49,0,1.02816,0,0,2.63389,1.60573,1.028160,1,0,100.978,0,0,0,100.978,0
72.29,2.35211,0,0,3.83206,0.221011,1.25894,3.6288,61.308,0.168701,0,0,1.43443,0.19544,1.07029,0.66528,12.849,1,0.418069,1.25894,0,81.1244,4.02601,77.9393,0.84672,12.849,0.84672,3695.15,0,0,0,1.63369,1.30749,9.53312,0.90732,11.567,0.42336,0,0.42336,460.49,0,1.02816,0,0,2.66185,1.63369,1.028160,1,0,90.5765,0,0,0,90.5765,0
72.29,2.35269,0,0,3.63226,0.221011,1.05856,3.6288,61.308,0.168901,0,0,1.40815,0.19544,1.04381,0.66528,12.849,1,0.418173,1.05856,0,75.8989,4.02601,72.5133,0.84672,12.849,0.84672,3695.15,0,0,0,1.50927,1.44383,8.99588,0.90732,11.0417,0.42336,0,0.42336,460.49,0,1.02816,0,0,2.53743,1.50927,1.028160,1,0,84.5988,0,0,0,84.5988,0
72.29,2.35327,0,0,3.40584,0.221011,0.831559,3.6288,61.308,0.169101,0,0,1.69022,0.19544,1.32568,0.66528,12.849,1,0.418277,0.831559,0,70.2942,4.02601,66.6814,0.84672,12.849,0.84672,3695.15,0,0,0,1.96799,1.44411,10.2687,0.90732,12.7735,0.42336,0,0.42336,460.49,0,1.02816,0,0,2.99615,1.96799,1.028160,1,0,80.7806,0,0,0,80.7806,0
72.29,2.4777,0,0,3.12802,0.216755,0.433564,3.6288,61.308,0.217693,0,0,1.44423,0.194682,1.03185,0.66528,12.849,1,0.440392,0.433564,0,60.7928,4.32413,56.4618,0.84672,12.849,0.84672,3695.15,0,0,0,1.46005,1.44439,8.40603,0.96956,10.3409,0.42336,0,0.42336,460.49,0,1.02816,0,0,2.48821,1.46005,1.028160,1,0,67.8346,0,0,0,67.8346,0
72.1771,2.47831,0,0,2.91811,0.189865,0.36288,3.6288,61.308,0.217904,0,0,1.01115,0.208652,0.584592,0.66528,12.849,1,0.440501,0.36288,0,53.0152,4.62194,48.3157,0.84672,12.849,0.84672,3695.15,0,0,0,1.03671,1.5094,6.42954,1.15668,7.81897,0.42336,0,0.42336,460.49,0,1.02816,0,0,2.06487,1.03671,1.028160,1,0,56.7192,0,0,0,56.7192,0
71.7514,2.47834,0,0,2.55893,0.143375,0.36288,3.6288,61.308,0.218115,0,0,0.943142,0.208889,0.516139,0.66528,12.849,1,0.441195,0.36288,0,45.1939,4.63795,40.4777,0.84672,12.849,0.84672,3695.15,0,0,0,1.04928,1.50969,5.96914,1.11028,7.41784,0.42336,0,0.42336,460.49,0,1.02816,0,0,2.07744,1.04928,1.028160,1,0,48.4116,0,0,0,48.4116,0
71.2968,2.47673,0,0,2.52792,0.142911,0.36288,3.6288,61.308,0.218326,0,0,1.01704,0.208889,0.589826,0.66528,12.849,1,0.443524,0.36288,0,43.8469,4.63795,39.1283,0.84672,12.849,0.84672,3695.15,0,0,0,1.01124,1.50999,6.46771,1.11028,7.87867,0.42336,0,0.42336,460.49,0,1.02816,0,0,2.0394,1.01124,1.028160,1,0,47.5968,0,0,0,47.5968,0
70.7338,2.47494,0,0,2.41321,0.138389,0.36288,3.6288,61.308,0.218537,0,0,0.983889,0.20859,0.556762,0.66528,12.849,1,0.44603,0.36288,0,43.5561,4.54146,38.9314,0.84672,12.849,0.84672,3695.15,0,0,0,0.975888,1.51029,5.86343,1.09814,7.25147,0.42336,0,0.42336,460.49,0,1.02816,0,0,2.00405,0.975888,1.028160,1,0,46.7397,0,0,0,46.7397,0
70.354,2.44811,0,0,2.54492,0.113729,0.36288,3.6288,61.308,0.245375,0,0,1.12968,0.206795,0.677511,0.66528,12.849,1,0.444706,0.36288,0,55.3381,3.96249,51.2938,0.84672,12.849,0.84672,3695.15,0,0,0,1.24498,1.51059,6.35076,1.02527,8.08107,0.42336,0,0.42336,460.49,0,1.02816,0,0,2.27314,1.24498,1.028160,1,0,60.0523,0,0,0,60.0523,0
69.8716,2.44668,0,0,2.42173,0.0945434,0.36288,3.6288,61.308,0.245592,0,0,1.10271,0.237884,0.619239,0.66528,12.849,1,0.446846,0.36288,0,52.4655,4.39683,47.9847,0.84672,12.849,0.84672,3695.15,0,0,0,1.16099,1.52605,6.10341,1.17226,7.61818,0.42336,0,0.42336,460.49,0,1.02816,0,0,2.18915,1.16099,1.028160,1,0,56.2222,0,0,0,56.2222,0
69.0758,2.44468,0,0,2.0923,0.0806093,0.36288,3.6288,61.308,0.245809,0,0,1.03856,0.254502,0.538252,0.66528,12.849,1,0.449563,0.36288,0,48.4983,5.06159,43.35,0.84672,12.849,0.84672,3695.15,0,0,0,1.08661,1.52635,6.15555,1.40825,7.36026,0.42336,0,0.42336,460.49,0,1.02816,0,0,2.11477,1.08661,1.028160,1,0,51.2485,0,0,0,51.2485,0
68.2582,2.44092,0,0,2.06654,0.0803142,0.36288,3.6288,61.308,0.246026,0,0,1.02414,0.251822,0.526294,0.66528,12.849,1,0.454042,0.36288,0,45.0249,5.19719,39.7365,0.84672,12.849,0.84672,3695.15,0,0,0,1.18426,1.52665,6.10533,1.45855,7.35769,0.42336,0,0.42336,460.49,0,1.02816,0,0,2.21242,1.18426,1.028160,1,0,47.6205,0,0,0,47.6205,0
67.5921,2.49975,0,0,2.27059,0.0740754,0.36288,3.6288,61.308,0.269994,0,0,1.07183,0.303213,0.498619,0.66528,12.849,1,0.470556,0.36288,0,45.6098,5.66871,39.8334,0.84672,12.849,0.84672,3695.15,0,0,0,1.33649,1.52695,5.62373,1.5242,6.96297,0.42336,0,0.42336,460.49,0,1.02816,0,0,2.36465,1.33649,1.028160,1,0,47.295,0,0,0,47.295,0
66.8115,2.49647,0,0,2.15015,0.0714099,0.36288,3.6288,61.308,0.270217,0,0,1.04977,0.323769,0.455782,0.66528,12.849,1,0.47457,0.36288,0,44.6154,5.85732,38.6464,0.84672,12.849,0.84672,3695.15,0,0,0,1.22561,1.55959,5.35577,1.55047,6.59051,0.42336,0,0.42336,460.49,0,1.02816,0,0,2.25377,1.22561,1.028160,1,0,45.6927,0,0,0,45.6927,0
65.8383,2.49243,0,0,1.95317,0.0709713,0.36288,3.6288,61.308,0.270439,0,0,1.02133,0.323769,0.427126,0.66528,12.849,1,0.479338,0.36288,0,41.9982,5.85732,36.0244,0.84672,12.849,0.84672,3695.15,0,0,0,1.08003,1.5599,5.16459,1.55047,6.25406,0.42336,0,0.42336,460.49,0,1.02816,0,0,2.10819,1.08003,1.028160,1,0,42.7056,0,0,0,42.7056,0
64.5886,2.48712,0,0,1.65427,0.0540191,0.36288,3.6288,61.308,0.270662,0,0,1.01579,0.329428,0.415698,0.66528,12.849,1,0.485385,0.36288,0,40.0249,6.13412,33.7683,0.84672,12.849,0.84672,3695.15,0,0,0,1.06192,1.56021,5.068,1.55097,6.13916,0.42336,0,0.42336,460.49,0,1.02816,0,0,2.09008,1.06192,1.028160,1,0,40.3231,0,0,0,40.3231,0
63.1425,2.66236,0,0,1.65029,0.0711625,0.36288,3.6288,61.308,0.356691,0,0,0.952016,0.316161,0.279164,0.66528,12.849,1,0.52964,0.36288,0,38.4337,5.95578,32.3111,0.84672,12.849,0.84672,3695.15,0,0,0,1.07806,1.56052,5.50282,1.46282,6.67858,0.42336,0,0.42336,460.49,0,1.02816,0,0,2.10622,1.07806,1.028160,1,0,39.2689,0,0,0,39.2689,0
62.1594,2.65293,0,0,2.12043,0.0877115,0.36288,3.6288,61.308,0.356933,0,0,0.961943,0.309458,0.295552,0.66528,12.849,1,0.53985,0.36288,0,42.2787,5.89586,36.2059,0.84672,12.849,0.84672,3695.15,0,0,0,1.37753,1.66812,6.3113,1.50224,7.85471,0.42336,0,0.42336,460.49,0,1.02816,0,0,2.40569,1.37753,1.028160,1,0,44.3562,0,0,0,44.3562,0
60.9238,2.6465,0,0,1.86077,0.0870084,0.36288,3.6288,61.308,0.357175,0,0,0.928022,0.309458,0.261389,0.66528,12.849,1,0.54706,0.36288,0,53.7439,5.89586,47.6639,0.84672,12.849,0.84672,3695.15,0,0,0,1.27036,1.66845,6.06064,1.50224,7.49721,0.42336,0,0.42336,460.49,0,1.02816,0,0,2.29852,1.27036,1.028160,1,0,55.4225,0,0,0,55.4225,0
59.7372,2.63798,0,0,1.90042,0.0861248,0.36288,3.6288,61.308,0.357417,0,0,1.06453,0.309458,0.397651,0.66528,12.849,1,0.556358,0.36288,0,46.5553,5.89586,40.466,0.84672,12.849,0.84672,3695.15,0,0,0,1.40063,1.66878,6.29383,1.50224,7.86101,0.42336,0,0.42336,460.49,0,1.02816,0,0,2.42879,1.40063,1.028160,1,0,48.7247,0,0,0,48.7247,0
58.5759,2.62953,0,0,1.9175,0.0863653,0.36288,3.6288,61.308,0.357659,0,0,1.07259,0.302564,0.412365,0.66528,12.849,1,0.565591,0.36288,0,47.2379,5.71101,41.3242,0.84672,12.849,0.84672,3695.15,0,0,0,1.99404,1.66912,8.05015,1.43028,10.283,0.42336,0,0.42336,460.49,0,1.02816,0,0,3.0222,1.99404,1.028160,1,0,52.0196,0,0,0,52.0196,0
58.4025,2.53344,0,0,2.77044,0.0475485,0.36288,3.6288,61.308,0.305761,0,0,1.10492,0.347614,0.451543,0.66528,12.849,1,0.555726,0.36288,0,54.3076,6.5498,47.5649,0.84672,12.849,0.84672,3695.15,0,0,0,2.02846,1.66945,9.38485,1.40111,11.6816,0.42336,0,0.42336,460.49,0,1.02816,0,0,3.05662,2.02846,1.028160,1,0,59.6981,0,0,0,59.6981,0
57.9424,2.53271,0,0,2.60343,0.167939,0.36288,3.6288,61.308,0.305991,0,0,1.24824,0.258703,0.683543,0.66528,12.849,1,0.557215,0.36288,0,49.2477,4.35613,44.6972,0.84672,12.849,0.84672,3695.15,0,0,0,2.19747,1.6095,9.34278,0.852899,12.2968,0.42336,0,0.42336,460.49,0,1.02816,0,0,3.22563,2.19747,1.028160,1,0,57.6776,0,0,0,57.6776,0
57.8878,2.52971,0,0,3.01892,0.180886,0.36288,3.6288,61.308,0.306222,0,0,1.61984,0.263734,1.04988,0.66528,12.849,1,0.560974,0.36288,0,51.726,4.43751,47.0904,0.84672,12.849,0.84672,3695.15,0,0,0,2.89514,1.60982,12.8844,0.899495,16.4899,0.42336,0,0.42336,460.49,0,1.02816,0,0,3.9233,2.89514,1.028160,1,0,64.6302,0,0,0,64.6302,0
57.7417,2.52989,0,0,2.92742,0.18079,0.36288,3.6288,61.308,0.306452,0,0,1.61241,0.263734,1.04223,0.66528,12.849,1,0.561545,0.36288,0,71.3889,4.43751,66.7527,0.84672,12.849,0.84672,3695.15,0,0,0,2.87201,1.61014,12.9184,0.899495,16.501,0.42336,0,0.42336,460.49,0,1.02816,0,0,3.90017,2.87201,1.028160,1,0,84.2959,0,0,0,84.2959,0
59.0309,2.45762,0,0,4.32787,0.218157,0.36288,3.6288,61.308,0.25918,0,0,1.73544,0.23577,1.24049,0.66528,12.849,1,0.546883,0.36288,0,119.298,4.49721,114.616,0.84672,12.849,0.84672,3695.15,0,0,0,2.41492,1.61046,17.838,0.994793,20.8686,0.42336,0,0.42336,460.49,0,1.02816,0,0,3.44308,2.41492,1.028160,1,0,136.725,0,0,0,136.725,0
62.926,2.46804,0,0,6.97545,0.24948,0.36288,3.6288,61.308,0.2594,0,0,2.44299,0.214797,1.96879,0.66528,12.849,1,0.537207,0.36288,0,142.933,4.54198,138.217,0.84672,12.849,0.84672,3695.15,0,0,0,2.75918,1.55764,16.9822,1.06627,20.2327,0.42336,0,0.42336,460.49,0,1.02816,0,0,3.78734,2.75918,1.028160,1,0,160.418,0,0,0,160.418,0
63.7329,2.49626,0,0,3.92412,0.258074,0.36288,3.6288,61.308,0.25962,0,0,1.33151,0.214797,0.857094,0.66528,12.849,1,0.509718,0.36288,0,79.1047,4.54198,74.4159,0.84672,12.849,0.84672,3695.15,0,0,0,1.05812,1.55795,6.91831,1.06627,8.46812,0.42336,0,0.42336,460.49,0,1.02816,0,0,2.08628,1.05812,1.028160,1,0,83.7411,0,0,0,83.7411,0
64.9762,2.50225,0,0,4.3682,0.259775,0.36288,3.6288,61.308,0.259839,0,0,1.5155,0.214797,1.04086,0.66528,12.849,1,0.504471,0.36288,0,79.5989,4.54198,74.9154,0.84672,12.849,0.84672,3695.15,0,0,0,1.51431,1.55826,7.59957,1.06627,9.60587,0.42336,0,0.42336,460.49,0,1.02816,0,0,2.54247,1.51431,1.028160,1,0,85.5621,0,0,0,85.5621,0
66.9425,2.30281,0,0,4.88207,0.250021,0.36288,3.6288,61.308,0.161037,0,0,1.72787,0.269745,1.29709,0.66528,12.849,1,0.455379,0.36288,0,92.1214,4.29678,87.7321,0.84672,12.849,0.84672,3695.15,0,0,0,1.97174,1.55857,8.62669,1.12438,11.0326,0.42336,0,0.42336,460.49,0,1.02816,0,0,2.9999,1.97174,1.028160,1,0,100.062,0,0,0,100.062,0
66.885,2.3146,0,0,2.89083,0.270835,0.36288,3.6288,61.308,0.161235,0,0,1.08473,0.184784,0.738707,0.66528,12.849,1,0.444267,0.36288,0,62.1073,3.87999,58.1459,0.84672,12.849,0.84672,3695.15,0,0,0,1.76747,1.43566,7.36531,0.95028,9.61816,0.42336,0,0.42336,460.49,0,1.02816,0,0,2.79563,1.76747,1.028160,1,0,68.5027,0,0,0,68.5027,0
66.1993,2.31486,0,0,2.29392,0.301872,0.36288,3.6288,61.308,0.161433,0,0,1.05086,0.198198,0.691226,0.66528,12.849,1,0.444697,0.36288,0,47.1446,3.95409,43.1087,0.84672,12.849,0.84672,3695.15,0,0,0,1.69582,1.43594,6.64896,0.891996,8.88872,0.42336,0,0.42336,460.49,0,1.02816,0,0,2.72398,1.69582,1.028160,1,0,52.6886,0,0,0,52.6886,0
66.6626,2.31157,0,0,3.43795,0.300234,0.36288,3.6288,61.308,0.161631,0,0,1.64118,0.198198,1.28135,0.66528,12.849,1,0.448666,0.36288,0,75.7299,3.95409,71.6901,0.84672,12.849,0.84672,3695.15,0,0,0,3.91055,1.43622,10.1663,0.891996,14.621,0.42336,0,0.42336,460.49,0,1.02816,0,0,4.93871,3.91055,1.028160,1,0,87.5924,0,0,0,87.5924,0
72.29,2.31476,0,0,8.64357,0.301341,0.400083,3.6288,61.308,0.161829,0,0,4.5373,0.198198,4.17728,0.66528,12.849,1,0.446162,0.400083,0,199.533,3.95409,195.533,0.84672,12.849,0.84672,3695.15,0,0,0,3.12149,1.4365,20.3518,0.891996,24.0178,0.42336,0,0.42336,460.49,0,1.02816,0,0,4.14965,3.12149,1.028160,1,0,223.728,0,0,0,223.728,0
72.29,2.42631,0,0,11.2245,0.304553,8.49366,3.6288,61.308,0.190727,0,0,3.71519,0.159231,3.36523,0.66528,12.849,1,0.431259,8.49366,0,264.178,3.16038,269.08,0.84672,12.849,0.84672,3695.15,0,0,0,3.16743,1.43678,16.0088,0.781375,19.8316,0.42336,0,0.42336,460.49,0,1.02816,0,0,4.19559,3.16743,1.028160,1,0,292.277,0,0,0,292.277,0
72.29,2.42688,0,0,7.38107,0.302848,4.65133,3.6288,61.308,0.190921,0,0,2.00055,0.152737,1.65689,0.66528,12.849,1,0.43136,4.65133,0,195.286,3.0281,196.477,0.84672,12.849,0.84672,3695.15,0,0,0,3.70745,1.47722,15.3929,0.762938,19.8147,0.42336,0,0.42336,460.49,0,1.02816,0,0,4.73561,3.70745,1.028160,1,0,217.949,0,0,0,217.949,0
72.29,2.42745,0,0,7.65028,0.302848,4.91998,3.6288,61.308,0.191116,0,0,1.46311,0.152737,1.11925,0.66528,12.849,1,0.431461,4.91998,0,203.898,3.0281,205.358,0.84672,12.849,0.84672,3695.15,0,0,0,2.66486,1.4775,12.7748,0.762938,16.1543,0.42336,0,0.42336,460.49,0,1.02816,0,0,3.69302,2.66486,1.028160,1,0,222.632,0,0,0,222.632,0
72.29,2.42802,0,0,10.6726,0.29805,7.94649,3.6288,61.308,0.191311,0,0,2.31811,0.169356,1.95745,0.66528,12.849,1,0.431563,7.94649,0,302.895,3.39853,307.011,0.84672,12.849,0.84672,3695.15,0,0,0,4.50401,1.47777,20.0273,0.792352,25.2167,0.42336,0,0.42336,460.49,0,1.02816,0,0,5.53217,4.50401,1.028160,1,0,334.186,0,0,0,334.186,0
72.29,2.69052,0,0,9.78955,0.292195,6.80684,3.6288,61.308,0.299357,0,0,2.79166,0.195072,2.29723,0.66528,12.849,1,0.478219,6.80684,0,274.146,3.77509,276.7,0.84672,12.849,0.84672,3695.15,0,0,0,4.62354,1.47805,18.9911,0.93177,24.1609,0.42336,0,0.42336,460.49,0,1.02816,0,0,5.6517,4.62354,1.028160,1,0,303.158,0,0,0,303.158,0
72.29,2.69114,0,0,12.8968,0.291593,9.91402,3.6288,61.308,0.299575,0,0,2.57225,0.168791,2.10388,0.66528,12.849,1,0.47833,9.91402,0,187.358,3.21803,193.575,0.84672,12.849,0.84672,3695.15,0,0,0,4.21648,1.61946,18.7421,0.980831,23.5973,0.42336,0,0.42336,460.49,0,1.02816,0,0,5.24464,4.21648,1.028160,1,0,219.276,0,0,0,219.276,0
72.29,2.69177,0,0,11.3973,0.291372,8.41414,3.6288,61.308,0.299793,0,0,2.41312,0.16362,1.9497,0.66528,12.849,1,0.478442,8.41414,0,345.101,3.15126,349.885,0.84672,12.849,0.84672,3695.15,0,0,0,4.23665,1.61977,21.3953,0.966742,26.285,0.42336,0,0.42336,460.49,0,1.02816,0,0,5.26481,4.23665,1.028160,1,0,378.12,0,0,0,378.12,0
72.29,2.6924,0,0,5.67179,0.291372,2.68802,3.6288,61.308,0.30001,0,0,1.33089,0.16362,0.867258,0.66528,12.849,1,0.478553,2.68802,0,171.862,3.15126,170.92,0.84672,12.849,0.84672,3695.15,0,0,0,2.1848,1.62007,10.5074,0.966742,13.3456,0.42336,0,0.42336,460.49,0,1.02816,0,0,3.21296,2.1848,1.028160,1,0,185.133,0,0,0,185.133,0
72.29,2.31912,0,0,5.39464,0.311046,2.76448,3.6288,61.308,0.155368,0,0,1.41725,0.240356,1.02153,0.66528,12.849,1,0.412206,2.76448,0,156.198,4.17177,154.379,0.84672,12.849,0.84672,3695.15,0,0,0,1.9697,1.62038,11.7965,1.1594,14.2272,0.42336,0,0.42336,460.49,0,1.02816,0,0,2.99786,1.9697,1.028160,1,0,169.627,0,0,0,169.627,0
72.29,2.31967,0,0,6.24124,0.335748,3.58583,3.6288,61.308,0.155555,0,0,3.52487,0.18076,3.18855,0.66528,12.849,1,0.412303,3.58583,0,230.377,3.37808,230.172,0.84672,12.849,0.84672,3695.15,0,0,0,3.01352,1.42624,19.4537,0.946488,22.947,0.42336,0,0.42336,460.49,0,1.02816,0,0,4.04168,3.01352,1.028160,1,0,256.308,0,0,0,256.308,0
72.29,2.32021,0,0,5.80274,0.338024,3.14451,3.6288,61.308,0.155742,0,0,1.79464,0.172527,1.46637,0.66528,12.849,1,0.4124,3.14451,0,190.743,3.24366,190.231,0.84672,12.849,0.84672,3695.15,0,0,0,2.09413,1.42651,14.3599,0.907022,16.9735,0.42336,0,0.42336,460.49,0,1.02816,0,0,3.12229,2.09413,1.028160,1,0,208.671,0,0,0,208.671,0
72.29,2.32076,0,0,8.56516,0.338024,5.90638,3.6288,61.308,0.155929,0,0,4.18421,0.172527,3.85576,0.66528,12.849,1,0.412498,5.90638,0,193.283,3.24366,195.533,0.84672,12.849,0.84672,3695.15,0,0,0,4.94264,1.42677,20.7648,0.907022,26.2272,0.42336,0,0.42336,460.49,0,1.02816,0,0,5.9708,4.94264,1.028160,1,0,225.616,0,0,0,225.616,0
72.29,2.26592,0,0,10.2982,0.338823,7.69345,3.6288,61.308,0.137171,0,0,4.53302,0.138463,4.25739,0.66528,12.849,1,0.40275,7.69345,0,196.355,3.08737,200.559,0.84672,12.849,0.84672,3695.15,0,0,0,4.1363,1.42704,23.4016,0.850698,28.1143,0.42336,0,0.42336,460.49,0,1.02816,0,0,5.16446,4.1363,1.028160,1,0,232.93,0,0,0,232.93,0
72.29,2.35865,0,0,7.56994,0.358095,4.85319,3.6288,61.308,0.172068,0,0,3.86557,0.120022,3.57348,0.66528,12.849,1,0.419232,4.85319,0,158.047,3.80982,158.671,0.84672,12.849,0.84672,3695.15,0,0,0,3.86005,1.40044,19.3492,0.949353,23.6603,0.42336,0,0.42336,460.49,0,1.02816,0,0,4.88821,3.86005,1.028160,1,0,185.905,0,0,0,185.905,0
72.29,2.12947,0,0,8.96858,0.358095,6.48102,3.6288,61.308,0.0933931,0,0,5.67828,0.120022,5.46486,0.66528,12.849,1,0.378497,6.48102,0,179.181,3.80982,181.473,0.84672,12.849,0.84672,3695.15,0,0,0,5.75453,1.44787,24.9405,0.949353,31.1935,0.42336,0,0.42336,460.49,0,1.02816,0,0,6.78269,5.75453,1.028160,1,0,218.132,0,0,0,218.132,0
72.29,2.12997,0,0,6.14613,0.288545,3.72761,3.6288,61.308,0.0935671,0,0,3.3393,0.16003,3.0857,0.66528,12.849,1,0.378587,3.72761,0,199.86,4.20342,199.006,0.84672,12.849,0.84672,3695.15,0,0,0,3.07336,1.3365,14.8688,1.04894,18.2298,0.42336,0,0.42336,460.49,0,1.02816,0,0,4.10152,3.07336,1.028160,1,0,220.322,0,0,0,220.322,0
72.29,2.13048,0,0,5.63058,0.246222,3.25388,3.6288,61.308,0.093741,0,0,2.87311,0.200255,2.57912,0.66528,12.849,1,0.378677,3.25388,0,143.535,4.12188,142.288,0.84672,12.849,0.84672,3695.15,0,0,0,2.63376,1.33675,13.5062,1.16555,16.3112,0.42336,0,0.42336,460.49,0,1.02816,0,0,3.66192,2.63376,1.028160,1,0,161.178,0,0,0,161.178,0
72.29,2.38147,0,0,6.58709,0.25484,3.95078,3.6288,61.308,0.178769,0,0,2.64622,0.170583,2.29686,0.66528,12.849,1,0.423289,3.95078,0,147.065,3.93648,146.656,0.84672,12.849,0.84672,3695.15,0,0,0,3.71654,1.337,15.0771,1.06492,19.0657,0.42336,0,0.42336,460.49,0,1.02816,0,0,4.7447,3.71654,1.028160,1,0,168.018,0,0,0,168.018,0
72.29,2.38203,0,0,5.44476,0.258287,2.80443,3.6288,61.308,0.178961,0,0,2.4391,0.158714,2.10142,0.66528,12.849,1,0.423388,2.80443,0,127.162,3.86232,125.681,0.84672,12.849,0.84672,3695.15,0,0,0,3.73179,1.45809,12.6626,1.02467,16.8278,0.42336,0,0.42336,460.49,0,1.02816,0,0,4.75995,3.73179,1.028160,1,0,144.61,0,0,0,144.61,0
72.29,2.38259,0,0,4.81632,0.250956,2.18278,3.6288,61.308,0.179153,0,0,2.16956,0.166238,1.82417,0.66528,12.849,1,0.423488,2.18278,0,104.014,3.81705,101.956,0.84672,12.849,0.84672,3695.15,0,0,0,3.04517,1.45836,11.3789,1.00673,14.8757,0.42336,0,0.42336,460.49,0,1.02816,0,0,4.07333,3.04517,1.028160,1,0,118.656,0,0,0,118.656,0
72.29,2.38315,0,0,4.46687,0.206969,1.87675,3.6288,61.308,0.179345,0,0,1.97961,0.211379,1.58889,0.66528,12.849,1,0.423587,1.87675,0,93.3085,3.54543,91.2163,0.84672,12.849,0.84672,3695.15,0,0,0,2.61732,1.45863,10.6314,0.899088,13.8083,0.42336,0,0.42336,460.49,0,1.02816,0,0,3.64548,2.61732,1.028160,1,0,106.613,0,0,0,106.613,0
72.29,2.50897,0,0,4.27652,0.204605,1.56295,3.6288,61.308,0.228482,0,0,1.82632,0.191525,1.40632,0.66528,12.849,1,0.44595,1.56295,0,95.6534,3.62634,93.1441,0.84672,12.849,0.84672,3695.15,0,0,0,2.56206,1.4589,10.2031,0.897912,13.3261,0.42336,0,0.42336,460.49,0,1.02816,0,0,3.59022,2.56206,1.028160,1,0,107.877,0,0,0,107.877,0
72.29,2.50956,0,0,4.46043,0.143269,1.8076,3.6288,61.308,0.228685,0,0,1.7521,0.161601,1.36181,0.66528,12.849,1,0.446055,1.8076,0,104.727,4.09311,101.996,0.84672,12.849,0.84672,3695.15,0,0,0,3.01347,1.52463,10.4135,0.948184,14.0035,0.42336,0,0.42336,460.49,0,1.02816,0,0,4.04163,3.01347,1.028160,1,0,117.361,0,0,0,117.361,0
72.29,2.51014,0,0,4.10041,0.143269,1.44699,3.6288,61.308,0.228887,0,0,1.70537,0.161601,1.31488,0.66528,12.849,1,0.446159,1.44699,0,94.729,4.09311,91.6367,0.84672,12.849,0.84672,3695.15,0,0,0,2.74539,1.52492,10.057,0.948184,13.3792,0.42336,0,0.42336,460.49,0,1.02816,0,0,3.77355,2.74539,1.028160,1,0,106.331,0,0,0,106.331,0
72.29,2.51073,0,0,3.90252,0.143269,1.24852,3.6288,61.308,0.22909,0,0,1.64839,0.161601,1.2577,0.66528,12.849,1,0.446263,1.24852,0,89.3048,4.09311,86.0139,0.84672,12.849,0.84672,3695.15,0,0,0,2.59984,1.52521,9.81253,0.948184,12.9894,0.42336,0,0.42336,460.49,0,1.02816,0,0,3.628,2.59984,1.028160,1,0,100.261,0,0,0,100.261,0
72.29,2.51132,0,0,3.63773,0.136788,0.989619,3.6288,61.308,0.229293,0,0,1.55205,0.196709,1.12604,0.66528,12.849,1,0.446368,0.989619,0,82.9837,4.58655,78.9404,0.84672,12.849,0.84672,3695.15,0,0,0,2.46743,1.52549,9.7778,1.09573,12.675,0.42336,0,0.42336,460.49,0,1.02816,0,0,3.49559,2.46743,1.028160,1,0,92.7415,0,0,0,92.7415,0
72.29,2.48711,0,0,3.87545,0.121582,1.26676,3.6288,61.308,0.256425,0,0,1.6982,0.215653,1.22612,0.66528,12.849,1,0.442065,1.26676,0,66.8701,4.41063,63.2842,0.84672,12.849,0.84672,3695.15,0,0,0,1.73102,1.52578,8.66661,1.06472,10.8587,0.42336,0,0.42336,460.49,0,1.02816,0,0,2.75918,1.73102,1.028160,1,0,75.369,0,0,0,75.369,0
72.29,2.48769,0,0,3.49276,0.121582,0.883491,3.6288,61.308,0.256633,0,0,1.58141,0.215653,1.10912,0.66528,12.849,1,0.442168,0.883491,0,61.9793,4.41063,58.01,0.84672,12.849,0.84672,3695.15,0,0,0,1.37969,1.5414,8.25163,1.06472,10.108,0.42336,0,0.42336,460.49,0,1.02816,0,0,2.40785,1.37969,1.028160,1,0,69.2271,0,0,0,69.2271,0
72.29,2.48827,0,0,3.33993,0.0977809,0.753877,3.6288,61.308,0.256841,0,0,1.49505,0.270499,0.967708,0.66528,12.849,1,0.442272,0.753877,0,55.8779,5.11638,51.0731,0.84672,12.849,0.84672,3695.15,0,0,0,1.34924,1.54169,7.84002,1.32233,9.40862,0.42336,0,0.42336,460.49,0,1.02816,0,0,2.3774,1.34924,1.028160,1,0,61.4495,0,0,0,61.4495,0
72.29,2.48885,0,0,2.97704,0.0882604,0.399927,3.6288,61.308,0.25705,0,0,1.40142,0.292437,0.85193,0.66528,12.849,1,0.442375,0.399927,0,50.7656,5.39868,45.3245,0.84672,12.849,0.84672,3695.15,0,0,0,1.30265,1.54198,7.58393,1.42537,9.00319,0.42336,0,0.42336,460.49,0,1.02816,0,0,2.33081,1.30265,1.028160,1,0,55.1796,0,0,0,55.1796,0
71.9613,2.55353,0,0,2.67615,0.0884613,0.36288,3.6288,61.308,0.281279,0,0,1.03054,0.318911,0.430346,0.66528,12.849,1,0.45387,0.36288,0,44.0739,5.82648,38.1565,0.84672,12.849,0.84672,3695.15,0,0,0,0.932386,1.54227,6.03027,1.49325,7.01167,0.42336,0,0.42336,460.49,0,1.02816,0,0,1.96055,0.932386,1.028160,1,0,45.5985,0,0,0,45.5985,0
71.981,2.55236,0,0,3.02337,0.0883909,0.36288,3.6288,61.308,0.281492,0,0,1.11522,0.338766,0.494958,0.66528,12.849,1,0.455736,0.36288,0,54.9367,6.14733,48.6966,0.84672,12.849,0.84672,3695.15,0,0,0,1.15551,1.57526,6.12063,1.54416,7.30724,0.42336,0,0.42336,460.49,0,1.02816,0,0,2.18367,1.15551,1.028160,1,0,56.4988,0,0,0,56.4988,0
71.7286,2.55307,0,0,2.75194,0.0884042,0.36288,3.6288,61.308,0.281706,0,0,0.91984,0.338766,0.299368,0.66528,12.849,1,0.455736,0.36288,0,44.2483,6.14733,38.0081,0.84672,12.849,0.84672,3695.15,0,0,0,1.20265,1.57556,5.68739,1.54416,6.92144,0.42336,0,0.42336,460.49,0,1.02816,0,0,2.23081,1.20265,1.028160,1,0,45.2289,0,0,0,45.2289,0
71.2281,2.5523,0,0,2.5029,0.0882345,0.36288,3.6288,61.308,0.28192,0,0,0.856639,0.338766,0.235953,0.66528,12.849,1,0.457203,0.36288,0,41.2494,6.14733,35.0078,0.84672,12.849,0.84672,3695.15,0,0,0,0.854963,1.57585,5.06857,1.54416,5.95522,0.42336,0,0.42336,460.49,0,1.02816,0,0,1.88312,0.854963,1.028160,1,0,41.199,0,0,0,41.199,0
70.8409,2.7376,0,0,2.78819,0.0748713,0.36288,3.6288,61.308,0.368909,0,0,0.997989,0.34764,0.281441,0.66528,12.849,1,0.493842,0.36288,0,43.1717,6.30414,36.7366,0.84672,12.849,0.84672,3695.15,0,0,0,1.22158,1.57615,6.59778,1.55689,7.83862,0.42336,0,0.42336,460.49,0,1.02816,0,0,2.24974,1.22158,1.028160,1,0,44.8566,0,0,0,44.8566,0
70.7121,2.73595,0,0,3.04552,0.0755282,0.36288,3.6288,61.308,0.369141,0,0,0.891069,0.350647,0.171282,0.66528,12.849,1,0.496241,0.36288,0,47.6038,6.15289,41.3176,0.84672,12.849,0.84672,3695.15,0,0,0,0.272808,1.68495,4.05858,1.42904,4.5873,0.42336,0,0.42336,460.49,0,1.02816,0,0,1.30097,0.272808,1.028160,1,0,46.0761,0,0,0,46.0761,0
70.3999,2.73582,0,0,2.86528,0.0787343,0.36288,3.6288,61.308,0.369373,0,0,0.880822,0.338059,0.17339,0.66528,12.849,1,0.497122,0.36288,0,44.8793,6.26703,38.478,0.84672,12.849,0.84672,3695.15,0,0,0,0.939842,1.68527,4.43745,1.47045,5.59211,0.42336,0,0.42336,460.49,0,1.02816,0,0,1.968,0.939842,1.028160,1,0,44.2435,0,0,0,44.2435,0
69.9253,2.73459,0,0,2.7014,0.0785455,0.36288,3.6288,61.308,0.369605,0,0,0.844085,0.338059,0.136421,0.66528,12.849,1,0.499101,0.36288,0,45.5224,6.26703,39.1192,0.84672,12.849,0.84672,3695.15,0,0,0,1.05602,1.68559,4.14398,1.47045,5.41513,0.42336,0,0.42336,460.49,0,1.02816,0,0,2.08418,1.05602,1.028160,1,0,44.6707,0,0,0,44.6707,0
69.396,2.73236,0,0,2.64417,0.0782586,0.36288,3.6288,61.308,0.369837,0,0,0.845355,0.338059,0.137459,0.66528,12.849,1,0.502079,0.36288,0,43.167,6.26703,36.7608,0.84672,12.849,0.84672,3695.15,0,0,0,1.0374,1.68591,4.1576,1.47045,5.41046,0.42336,0,0.42336,460.49,0,1.02816,0,0,2.06556,1.0374,1.028160,1,0,42.3087,0,0,0,42.3087,0
68.3977,2.63869,0,0,2.08079,0.077498,0.36288,3.6288,61.308,0.317344,0,0,0.852811,0.377742,0.157725,0.66528,12.849,1,0.488565,0.36288,0,32.7364,5.75727,26.8535,0.84672,12.849,0.84672,3695.15,0,0,0,0.663906,1.68623,3.44837,1.47329,4.32521,0.42336,0,0.42336,460.49,0,1.02816,0,0,1.69207,0.663906,1.028160,1,0,31.3364,0,0,0,31.3364,0
67.4616,2.63329,0,0,2.19487,0.134858,0.36288,3.6288,61.308,0.317565,0,0,0.824152,0.342952,0.163636,0.66528,12.849,1,0.494683,0.36288,0,26.3385,5.34102,20.8657,0.84672,12.849,0.84672,3695.15,0,0,0,0.467847,1.62558,2.6044,1.35998,3.33785,0.42336,0,0.42336,460.49,0,1.02816,0,0,1.49601,0.467847,1.028160,1,0,24.3672,0,0,0,24.3672,0
67.2664,2.62814,0,0,2.93937,0.143472,0.36288,3.6288,61.308,0.317786,0,0,1.01356,0.336051,0.359721,0.66528,12.849,1,0.500566,0.36288,0,34.949,5.2858,29.5255,0.84672,12.849,0.84672,3695.15,0,0,0,0.952327,1.62589,3.20106,1.34101,4.43827,0.42336,0,0.42336,460.49,0,1.02816,0,0,1.98049,0.952327,1.028160,1,0,34.3235,0,0,0,34.3235,0
67.8351,2.62753,0,0,3.7023,0.143252,0.36288,3.6288,61.308,0.318007,0,0,1.51959,0.336051,0.865528,0.66528,12.849,1,0.501902,0.36288,0,71.1325,5.2858,65.7077,0.84672,12.849,0.84672,3695.15,0,0,0,1.94331,1.6262,4.42157,1.34101,6.65007,0.42336,0,0.42336,460.49,0,1.02816,0,0,2.97147,1.94331,1.028160,1,0,73.2233,0,0,0,73.2233,0
68.6223,2.55713,0,0,3.87482,0.167646,0.36288,3.6288,61.308,0.270195,0,0,2.31193,0.302511,1.73922,0.66528,12.849,1,0.484359,0.36288,0,113.982,4.57971,109.281,0.84672,12.849,0.84672,3695.15,0,0,0,3.50688,1.6265,6.44484,1.22116,10.3571,0.42336,0,0.42336,460.49,0,1.02816,0,0,4.53504,3.50688,1.028160,1,0,121.377,0,0,0,121.377,0
69.9664,2.56241,0,0,4.47738,0.207989,0.36288,3.6288,61.308,0.270406,0,0,2.84924,0.281626,2.29721,0.66528,12.849,1,0.479791,0.36288,0,163.183,4.15086,158.915,0.84672,12.849,0.84672,3695.15,0,0,0,4.52745,1.57308,9.33898,1.14037,14.2991,0.42336,0,0.42336,460.49,0,1.02816,0,0,5.55561,4.52745,1.028160,1,0,175.511,0,0,0,175.511,0
70.9286,2.57079,0,0,4.17099,0.275082,0.36288,3.6288,61.308,0.270617,0,0,2.09823,0.295763,1.53185,0.66528,12.849,1,0.472114,0.36288,0,75.5344,4.79388,70.6313,0.84672,12.849,0.84672,3695.15,0,0,0,2.10408,1.57338,6.37863,1.26387,8.79221,0.42336,0,0.42336,460.49,0,1.02816,0,0,3.13224,2.10408,1.028160,1,0,80.9554,0,0,0,80.9554,0
72.29,2.57681,0,0,4.92206,0.277126,0.706718,3.6288,61.308,0.270828,0,0,2.23284,0.295763,1.66625,0.66528,12.849,1,0.4668,0.706718,0,46.5318,4.79388,41.9778,0.84672,12.849,0.84672,3695.15,0,0,0,3.44729,1.57368,6.31392,1.26387,10.071,0.42336,0,0.42336,460.49,0,1.02816,0,0,4.47545,3.44729,1.028160,1,0,53.7151,0,0,0,53.7151,0
72.29,2.37087,0,0,4.4847,0.271426,1.8424,3.6288,61.308,0.170914,0,0,2.39293,0.287074,1.93495,0.66528,12.849,1,0.421404,1.8424,0,59.9479,4.61749,56.7514,0.84672,12.849,0.84672,3695.15,0,0,0,3.24359,1.57397,7.23617,1.20049,10.8532,0.42336,0,0.42336,460.49,0,1.02816,0,0,4.27175,3.24359,1.028160,1,0,69.5396,0,0,0,69.5396,0
72.29,2.37143,0,0,4.33146,0.24271,1.71732,3.6288,61.308,0.171104,0,0,1.61659,0.206071,1.23941,0.66528,12.849,1,0.421503,1.71732,0,84.5951,3.59292,82.298,0.84672,12.849,0.84672,3695.15,0,0,0,2.6912,1.44968,7.87942,0.900353,11.1199,0.42336,0,0.42336,460.49,0,1.02816,0,0,3.71936,2.6912,1.028160,1,0,94.6574,0,0,0,94.6574,0
72.29,2.37198,0,0,3.3243,0.293903,0.658413,3.6288,61.308,0.171294,0,0,1.34849,0.220822,0.956372,0.66528,12.849,1,0.421602,0.658413,0,62.0005,3.70661,58.5307,0.84672,12.849,0.84672,3695.15,0,0,0,1.66915,1.44995,5.44924,0.828717,7.73962,0.42336,0,0.42336,460.49,0,1.02816,0,0,2.69731,1.66915,1.028160,1,0,67.2267,0,0,0,67.2267,0
72.29,2.37254,0,0,4.12408,0.293903,1.45764,3.6288,61.308,0.171484,0,0,2.1332,0.220822,1.74089,0.66528,12.849,1,0.421701,1.45764,0,79.9667,3.70661,77.296,0.84672,12.849,0.84672,3695.15,0,0,0,4.67627,1.45022,9.1457,0.828717,14.4435,0.42336,0,0.42336,460.49,0,1.02816,0,0,5.70443,4.67627,1.028160,1,0,93.4804,0,0,0,93.4804,0
72.29,2.3731,0,0,7.19671,0.293903,4.5297,3.6288,61.308,0.171674,0,0,1.94067,0.220822,1.54818,0.66528,12.849,1,0.4218,4.5297,0,148.722,3.70661,149.123,0.84672,12.849,0.84672,3695.15,0,0,0,3.59729,1.45049,13.4457,0.828717,17.6648,0.42336,0,0.42336,460.49,0,1.02816,0,0,4.62545,3.59729,1.028160,1,0,168.336,0,0,0,168.336,0
72.29,2.45604,0,0,9.13492,0.263367,6.41552,3.6288,61.308,0.200881,0,0,5.61441,0.188483,5.22505,0.66528,12.849,1,0.436543,6.41552,0,180.344,3.84926,182.474,0.84672,12.849,0.84672,3695.15,0,0,0,2.13259,1.45076,12.803,0.86039,15.526,0.42336,0,0.42336,460.49,0,1.02816,0,0,3.16075,2.13259,1.028160,1,0,203.225,0,0,0,203.225,0
72.29,2.45659,0,0,7.25519,0.251152,4.54745,3.6288,61.308,0.201068,0,0,2.51328,0.175548,2.13667,0.66528,12.849,1,0.43664,4.54745,0,136.565,3.90631,136.769,0.84672,12.849,0.84672,3695.15,0,0,0,2.14317,1.49163,9.27846,0.873059,12.0402,0.42336,0,0.42336,460.49,0,1.02816,0,0,3.17133,2.14317,1.028160,1,0,150.946,0,0,0,150.946,0
72.29,2.45713,0,0,7.22364,0.281107,4.48541,3.6288,61.308,0.201254,0,0,2.28353,0.189984,1.8923,0.66528,12.849,1,0.436737,4.48541,0,147.278,4.18068,147.146,0.84672,12.849,0.84672,3695.15,0,0,0,2.94577,1.49189,8.31459,0.943461,11.8088,0.42336,0,0.42336,460.49,0,1.02816,0,0,3.97393,2.94577,1.028160,1,0,160.847,0,0,0,160.847,0
72.29,2.45768,0,0,8.83915,0.321047,6.06043,3.6288,61.308,0.20144,0,0,2.26465,0.209232,1.85398,0.66528,12.849,1,0.436834,6.06043,0,256.766,4.5465,257.843,0.84672,12.849,0.84672,3695.15,0,0,0,3.40616,1.49216,10.0103,1.03733,13.8713,0.42336,0,0.42336,460.49,0,1.02816,0,0,4.43432,3.40616,1.028160,1,0,273.568,0,0,0,273.568,0
72.29,2.72304,0,0,5.93995,0.328366,2.88855,3.6288,61.308,0.310668,0,0,2.29739,0.212638,1.77409,0.66528,12.849,1,0.483999,2.88855,0,160.51,4.48512,158.43,0.84672,12.849,0.84672,3695.15,0,0,0,3.45563,1.49242,7.93077,1.05352,11.8253,0.42336,0,0.42336,460.49,0,1.02816,0,0,4.48379,3.45563,1.028160,1,0,172.029,0,0,0,172.029,0
72.29,2.72364,0,0,5.63659,0.346662,2.56629,3.6288,61.308,0.310876,0,0,2.23698,0.221154,1.70495,0.66528,12.849,1,0.484106,2.56629,0,141.814,4.33167,139.565,0.84672,12.849,0.84672,3695.15,0,0,0,3.40332,1.63538,9.79404,1.09401,13.7387,0.42336,0,0.42336,460.49,0,1.02816,0,0,4.43148,3.40332,1.028160,1,0,155.009,0,0,0,155.009,0
72.29,2.72424,0,0,5.67537,0.346662,2.60447,3.6288,61.308,0.311085,0,0,2.25325,0.221154,1.72101,0.66528,12.849,1,0.484212,2.60447,0,156.025,4.33167,153.814,0.84672,12.849,0.84672,3695.15,0,0,0,3.12682,1.63567,10.8705,1.09401,14.539,0.42336,0,0.42336,460.49,0,1.02816,0,0,4.15498,3.12682,1.028160,1,0,170.074,0,0,0,170.074,0
72.29,2.72483,0,0,5.69521,0.341151,2.62923,3.6288,61.308,0.311293,0,0,2.17691,0.223715,1.6419,0.66528,12.849,1,0.484319,2.62923,0,135.991,4.23879,133.897,0.84672,12.849,0.84672,3695.15,0,0,0,3.0888,1.63596,9.21344,1.04328,12.8949,0.42336,0,0.42336,460.49,0,1.02816,0,0,4.11696,3.0888,1.028160,1,0,148.434,0,0,0,148.434,0
72.29,2.34742,0,0,6.79474,0.302293,4.14502,3.6288,61.308,0.16505,0,0,1.60971,0.216506,1.22815,0.66528,12.849,1,0.417236,4.14502,0,161.533,3.56412,161.697,0.84672,12.849,0.84672,3695.15,0,0,0,2.3969,1.63626,9.35807,0.806476,12.5848,0.42336,0,0.42336,460.49,0,1.02816,0,0,3.42506,2.3969,1.028160,1,0,175.51,0,0,0,175.51,0
72.29,2.34794,0,0,6.43058,0.298659,3.78398,3.6288,61.308,0.165229,0,0,0.860043,0.240436,0.454379,0.66528,12.849,1,0.417329,3.78398,0,131.585,4.23342,130.719,0.84672,12.849,0.84672,3695.15,0,0,0,1.57105,1.43997,9.31712,1.14172,11.1864,0.42336,0,0.42336,460.49,0,1.02816,0,0,2.59921,1.57105,1.028160,1,0,142.359,0,0,0,142.359,0
72.29,2.34847,0,0,6.42153,0.316653,3.75641,3.6288,61.308,0.165408,0,0,2.28972,0.223185,1.90113,0.66528,12.849,1,0.417422,3.75641,0,179.349,3.81204,178.876,0.84672,12.849,0.84672,3695.15,0,0,0,3.04976,1.44022,13.7938,0.971485,17.3123,0.42336,0,0.42336,460.49,0,1.02816,0,0,4.07792,3.04976,1.028160,1,0,198.089,0,0,0,198.089,0
72.29,2.34899,0,0,5.97028,0.318929,3.30236,3.6288,61.308,0.165587,0,0,1.16579,0.214952,0.785248,0.66528,12.849,1,0.417516,3.30236,0,148.494,3.67763,147.701,0.84672,12.849,0.84672,3695.15,0,0,0,2.12215,1.44048,10.182,0.932018,12.8126,0.42336,0,0.42336,460.49,0,1.02816,0,0,3.15031,2.12215,1.028160,1,0,161.299,0,0,0,161.299,0
72.29,2.29352,0,0,8.81247,0.318929,6.20002,3.6288,61.308,0.146613,0,0,2.71803,0.214952,2.35647,0.66528,12.849,1,0.407656,6.20002,0,150.471,3.67763,152.586,0.84672,12.849,0.84672,3695.15,0,0,0,4.99626,1.44073,14.7234,0.932018,20.2284,0.42336,0,0.42336,460.49,0,1.02816,0,0,6.02442,4.99626,1.028160,1,0,175.17,0,0,0,175.17,0
72.29,2.38724,0,0,4.58235,0.305778,1.88934,3.6288,61.308,0.181881,0,0,1.59456,0.20134,1.21134,0.66528,12.849,1,0.424313,1.88934,0,82.5535,3.23051,80.788,0.84672,12.849,0.84672,3695.15,0,0,0,1.65899,1.41383,7.03525,0.942708,9.16536,0.42336,0,0.42336,460.49,0,1.02816,0,0,2.68715,1.65899,1.028160,1,0,91.1647,0,0,0,91.1647,0
72.29,2.15552,0,0,4.50252,0.303586,2.04341,3.6288,61.308,0.102337,0,0,1.39488,0.199071,1.09348,0.66528,12.849,1,0.383128,2.04341,0,119.027,3.15598,117.532,0.84672,12.849,0.84672,3695.15,0,0,0,1.3736,1.46176,6.0052,0.944489,7.89607,0.42336,0,0.42336,460.49,0,1.02816,0,0,2.40176,1.3736,1.028160,1,0,126.521,0,0,0,126.521,0
72.29,2.3883,0,0,4.78257,0.303586,2.09068,3.6288,61.308,0.182246,0,0,1.83292,0.199071,1.4516,0.66528,12.849,1,0.424502,2.09068,0,85.5351,3.15598,84.0453,0.84672,12.849,0.84672,3695.15,0,0,0,2.01362,1.34916,6.04092,0.944489,8.45921,0.42336,0,0.42336,460.49,0,1.02816,0,0,3.04178,2.01362,1.028160,1,0,93.9561,0,0,0,93.9561,0
72.29,2.38883,0,0,4.08542,0.247407,1.44919,3.6288,61.308,0.182428,0,0,1.25483,0.22523,0.847172,0.66528,12.849,1,0.424596,1.44919,0,56.9487,3.38663,54.5866,0.84672,12.849,0.84672,3695.15,0,0,0,1.63655,1.46228,5.32944,0.958261,7.47001,0.42336,0,0.42336,460.49,0,1.02816,0,0,2.66471,1.63655,1.028160,1,0,62.9038,0,0,0,62.9038,0
72.29,2.35289,0,0,3.65031,0.216481,1.08093,3.6288,61.308,0.16897,0,0,1.0857,0.235067,0.681665,0.66528,12.849,1,0.418209,1.08093,0,61.6411,3.85037,58.4535,0.84672,12.849,0.84672,3695.15,0,0,0,1.08308,1.46254,4.24693,0.981258,5.81129,0.42336,0,0.42336,460.49,0,1.02816,0,0,2.11124,1.08308,1.028160,1,0,64.9464,0,0,0,64.9464,0
72.29,2.41072,0,0,3.44395,0.224887,0.808338,3.6288,61.308,0.188798,0,0,0.974281,0.227731,0.557752,0.66528,12.849,1,0.428488,0.808338,0,59.9672,4.06843,56.2786,0.84672,12.849,0.84672,3695.15,0,0,0,0.827289,1.44421,3.49272,0.99076,4.77346,0.42336,0,0.42336,460.49,0,1.02816,0,0,1.85545,0.827289,1.028160,1,0,61.6098,0,0,0,61.6098,0
72.0868,2.41126,0,0,2.79585,0.224887,0.36288,3.6288,61.308,0.188981,0,0,0.863222,0.227731,0.44651,0.66528,12.849,1,0.428583,0.36288,0,51.0595,4.06843,46.9254,0.84672,12.849,0.84672,3695.15,0,0,0,0.665963,1.47229,3.00255,0.99076,4.15004,0.42336,0,0.42336,460.49,0,1.02816,0,0,1.69412,0.665963,1.028160,1,0,51.522,0,0,0,51.522,0
71.869,2.12424,0,0,2.49381,0.22454,0.36288,3.6288,61.308,0.260722,0,0,0.732953,0.227731,0.2445,0.66528,12.849,1,0.378632,0.36288,0,48.699,4.06843,44.6148,0.84672,12.849,0.84672,3695.15,0,0,0,0.402797,1.47255,2.82325,0.99076,3.70784,0.42336,0,0.42336,460.49,0,0.858324,0,0,1.26112,0.402797,1.028160,1,0,48.5672,0,0,0,48.5672,0
72.1344,2.23666,0,0,3.08349,0.218497,0.36288,3.6288,61.308,0.229265,0,0,0.885481,0.230757,0.425459,0.66528,12.849,1,0.399878,0.36288,0,56.5531,4.18113,52.335,0.84672,12.849,0.84672,3695.15,0,0,0,0.402797,1.33361,3.26657,0.99987,4.00311,0.42336,0,0.42336,460.49,0,0.934105,0,0,1.3369,0.402797,1.028160,1,0,56.7636,0,0,0,56.7636,0
71.9417,2.53868,0,0,2.89297,0.184144,0.36288,3.6288,61.308,0.268342,0,0,0.894586,0.238435,0.387809,0.66528,12.849,1,0.452204,0.36288,0,54.2328,4.54824,49.5952,0.84672,12.849,0.84672,3695.15,0,0,0,0.402797,1.39291,2.54474,1.0683,3.27214,0.42336,0,0.42336,460.49,0,0.998836,0,0,1.40163,0.402797,1.028160,1,0,53.2551,0,0,0,53.2551,0
71.456,2.53821,0,0,2.54521,0.129806,0.36288,3.6288,61.308,0.239212,0,0,0.762281,0.236965,0.286105,0.66528,12.849,1,0.453332,0.36288,0,46.837,4.51542,42.2311,0.84672,12.849,0.84672,3695.15,0,0,0,0.373784,1.53951,2.34149,1.01646,3.23833,0.42336,0,0.42336,460.49,0,1.02816,0,0,1.40194,0.373784,1.028160,1,0,45.7556,0,0,0,45.7556,0
70.8981,2.53616,0,0,2.4705,0.129326,0.36288,3.6288,61.308,0.239406,0,0,0.809499,0.236965,0.333128,0.66528,12.849,1,0.456045,0.36288,0,44.6426,4.51542,40.034,0.84672,12.849,0.84672,3695.15,0,0,0,0.357687,1.53979,2.49088,1.01646,3.37189,0.42336,0,0.42336,460.49,0,1.02816,0,0,1.38585,0.357687,1.028160,1,0,43.7391,0,0,0,43.7391,0
70.2166,2.53368,0,0,2.34376,0.128775,0.36288,3.6288,61.308,0.242096,0,0,0.786646,0.236965,0.307585,0.66528,12.849,1,0.459184,0.36288,0,41.9298,4.51542,37.3181,0.84672,12.849,0.84672,3695.15,0,0,0,0.30119,1.54006,2.30296,1.01646,3.12775,0.42336,0,0.42336,460.49,0,1.02566,0,0,1.32685,0.30119,1.028160,1,0,40.7534,0,0,0,40.7534,0
69.3022,2.50552,0,0,2.05827,0.104208,0.36288,3.6288,61.308,0.267013,0,0,0.7924,0.256269,0.269118,0.66528,12.849,1,0.458488,0.36288,0,35.1098,4.94949,30.0648,0.84672,12.849,0.84672,3695.15,0,0,0,0.610571,1.54033,2.72318,1.16814,3.70594,0.42336,0,0.42336,460.49,0,1.02816,0,0,1.63873,0.610571,1.028160,1,0,34.0398,0,0,0,34.0398,0
68.2207,2.50097,0,0,1.88183,0.0995197,0.36288,3.6288,61.308,0.267212,0,0,0.77563,0.259487,0.248931,0.66528,12.849,1,0.463694,0.36288,0,34.1213,5.02183,28.9986,0.84672,12.849,0.84672,3695.15,0,0,0,0.63898,1.55611,2.84851,1.19342,3.85018,0.42336,0,0.42336,460.49,0,1.02816,0,0,1.66714,0.63898,1.028160,1,0,33.0977,0,0,0,33.0977,0
66.9721,2.49534,0,0,1.70837,0.0986841,0.36288,3.6288,61.308,0.267412,0,0,0.732707,0.259487,0.205808,0.66528,12.849,1,0.469984,0.36288,0,33.1072,5.02183,27.9782,0.84672,12.849,0.84672,3695.15,0,0,0,0.475433,1.55638,2.67757,1.19342,3.51596,0.42336,0,0.42336,460.49,0,1.02816,0,0,1.50359,0.475433,1.028160,1,0,31.7,0,0,0,31.7,0
65.5964,2.48854,0,0,1.56426,0.0885833,0.36288,3.6288,61.308,0.267611,0,0,0.69736,0.281425,0.148324,0.66528,12.849,1,0.47744,0.36288,0,29.1964,5.30414,23.7777,0.84672,12.849,0.84672,3695.15,0,0,0,0.413752,1.55666,2.6003,1.29647,3.27425,0.42336,0,0.42336,460.49,0,1.02816,0,0,1.44191,0.413752,1.028160,1,0,27.2003,0,0,0,27.2003,0
64.2723,2.54451,0,0,1.64927,0.0660128,0.36288,3.6288,61.308,0.292089,0,0,0.701335,0.336192,0.0730536,0.66528,12.849,1,0.498417,0.36288,0,28.3816,5.93685,22.3092,0.84672,12.849,0.84672,3695.15,0,0,0,0.417727,1.55694,2.57666,1.51946,3.03186,0.42336,0,0.42336,460.49,0,1.02816,0,0,1.44589,0.417727,1.028160,1,0,25.4141,0,0,0,25.4141,0
63.0452,2.53651,0,0,1.73895,0.0666133,0.36288,3.6288,61.308,0.292293,0,0,0.752432,0.336088,0.12405,0.66528,12.849,1,0.507087,0.36288,0,28.9392,5.83947,22.9556,0.84672,12.849,0.84672,3695.15,0,0,0,0.457471,1.59027,2.67842,1.4733,3.25285,0.42336,0,0.42336,460.49,0,1.02816,0,0,1.48563,0.457471,1.028160,1,0,26.3325,0,0,0,26.3325,0
61.6517,2.52887,0,0,1.56415,0.0659529,0.36288,3.6288,61.308,0.292497,0,0,0.705784,0.336088,0.0771988,0.66528,12.849,1,0.515399,0.36288,0,27.2739,5.83947,21.2819,0.84672,12.849,0.84672,3695.15,0,0,0,0.410028,1.59055,2.73431,1.4733,3.26159,0.42336,0,0.42336,460.49,0,1.02816,0,0,1.43819,0.410028,1.028160,1,0,24.6207,0,0,0,24.6207,0
60.1272,2.51978,0,0,1.42345,0.0652029,0.36288,3.6288,61.308,0.292702,0,0,0.677074,0.336088,0.0482837,0.66528,12.849,1,0.525156,0.36288,0,25.617,5.83947,19.6152,0.84672,12.849,0.84672,3695.15,0,0,0,0.274165,1.59084,2.54199,1.4733,2.93369,0.42336,0,0.42336,460.49,0,1.02816,0,0,1.30232,0.274165,1.028160,1,0,22.5972,0,0,0,22.5972,0
58.2522,2.6936,0,0,1.23173,0.0502542,0.36288,3.6288,61.2585,0.380609,0,0,0.674231,0.343154,0,0.66528,12.849,1,0.575613,0.36288,0,24.4414,6.08129,18.1474,0.84672,12.849,0.84672,3695.15,0,0,0,0.259883,1.59112,2.57593,1.50335,2.92358,0.42336,0,0.42336,460.49,0,1.02816,0,0,1.28804,0.259883,1.028160,1,0,21.071,0,0,0,21.071,0
56.3819,2.67901,0,0,1.20811,0.0365779,0.36288,3.6288,61.2274,0.380831,0,0,0.659517,0.309763,0,0.66528,12.849,1,0.590922,0.36288,0,25.9326,5.77595,19.9286,0.84672,12.849,0.84672,3695.15,0,0,0,0.499634,1.70107,2.81875,1.47292,3.54653,0.42336,0,0.42336,460.49,0,1.02816,0,0,1.52779,0.499634,1.028160,1,0,23.4752,0,0,0,23.4752,0
54.3908,2.66362,0,0,1.07128,0.0359126,0.36288,3.6288,61.1304,0.381053,0,0,0.593758,0.309702,0,0.66528,12.849,1,0.60702,0.36288,0,23.0464,5.77595,17.0263,0.84672,12.849,0.84672,3695.15,0,0,0,0.406408,1.70137,2.73567,1.47292,3.37053,0.42336,0,0.42336,460.49,0,1.02816,0,0,1.43457,0.406408,1.028160,1,0,20.3969,0,0,0,20.3969,0
52.5465,2.64623,0,0,1.20002,0.0352042,0.36288,3.6288,61.0487,0.381275,0,0,0.609085,0.309512,0,0.66528,12.849,1,0.625132,0.36288,0,22.9082,5.77595,16.87,0.84672,12.849,0.84672,3695.15,0,0,0,0.446368,1.70168,2.9321,1.47292,3.60722,0.42336,0,0.42336,460.49,0,1.02816,0,0,1.47453,0.446368,1.028160,1,0,20.4772,0,0,0,20.4772,0
51.4232,2.62918,0,0,1.92053,0.0516886,0.36288,3.6288,61.1107,0.381497,0,0,0.74857,0.305068,0,0.66528,12.849,1,0.642903,0.36288,0,38.0576,5.6572,32.1204,0.84672,12.849,0.84672,3695.15,0,0,0,0.763232,1.70198,3.19625,1.45836,4.2031,0.42336,0,0.42336,460.49,0,1.02816,0,0,1.79139,0.763232,1.028160,1,0,36.3235,0,0,0,36.3235,0
51.9515,2.53124,0,0,3.46105,0.0386515,0.36288,3.6288,61.308,0.328433,0,0,2.03945,0.270389,1.24333,0.66528,12.849,1,0.632474,0.36288,0,35.2565,5.93979,29.0471,0.84672,12.849,0.84672,3695.15,0,0,0,2.85345,1.70229,6.81698,1.38944,9.98328,0.42336,0,0.42336,460.49,0,1.02816,0,0,3.88161,2.85345,1.028160,1,0,40.2737,0,0,0,40.2737,0
51.8856,2.53695,0,0,2.86559,0.0316339,0.36288,3.6288,61.308,0.328645,0,0,2.22976,0.259385,1.64173,0.66528,12.849,1,0.627456,0.36288,0,52.617,6.03498,46.3174,0.84672,12.849,0.84672,3695.15,0,0,0,3.82073,1.64098,6.65688,1.36696,10.7516,0.42336,0,0.42336,460.49,0,1.02816,0,0,4.84889,3.82073,1.028160,1,0,58.7108,0,0,0,58.7108,0
50.6562,2.53687,0,0,1.7019,0.0316123,0.36288,3.6288,61.308,0.328856,0,0,1.52357,0.259385,0.935328,0.66528,12.849,1,0.628232,0.36288,0,36.5793,6.03498,30.279,0.84672,12.849,0.84672,3695.15,0,0,0,1.81602,1.64128,4.32721,1.36696,6.41754,0.42336,0,0.42336,460.49,0,1.02816,0,0,2.84418,1.81602,1.028160,1,0,37.6319,0,0,0,37.6319,0
50.0512,2.52526,0,0,2.35017,0.0669828,0.36288,3.6288,61.308,0.329068,0,0,2.09041,0.259625,1.50172,0.66528,12.849,1,0.640536,0.36288,0,38.4997,5.76027,32.4617,0.84672,12.849,0.84672,3695.15,0,0,0,2.25379,1.64157,5.80827,1.31566,8.38796,0.42336,0,0.42336,460.49,0,1.02816,0,0,3.28195,2.25379,1.028160,1,0,42.3514,0,0,0,42.3514,0
53.5227,2.44835,0,0,6.41734,0.13466,0.36288,3.6288,61.308,0.280737,0,0,3.55037,0.279576,2.99005,0.66528,12.849,1,0.628533,0.36288,0,56.0999,5.07501,50.7592,0.84672,12.849,0.84672,3695.15,0,0,0,6.74518,1.64186,12.499,1.175,19.711,0.42336,0,0.42336,460.49,0,1.02816,0,0,7.77334,6.74518,1.028160,1,0,73.4603,0,0,0,73.4603,0
55.8472,2.48177,0,0,5.34526,0.176053,0.36288,3.6288,61.308,0.280939,0,0,2.40205,0.269192,1.85192,0.66528,12.849,1,0.59579,0.36288,0,54.0114,4.96986,48.8086,0.84672,12.849,0.84672,3695.15,0,0,0,3.13018,1.58786,10.1858,1.15634,13.7475,0.42336,0,0.42336,460.49,0,1.02816,0,0,4.15834,3.13018,1.028160,1,0,64.408,0,0,0,64.408,0
58.7211,2.50248,0,0,5.91951,0.180226,0.36288,3.6288,61.308,0.281141,0,0,2.71608,0.269192,2.16575,0.66528,12.849,1,0.575756,0.36288,0,73.2499,4.96986,68.0672,0.84672,12.849,0.84672,3695.15,0,0,0,3.21773,1.58814,9.23011,1.15634,12.8797,0.42336,0,0.42336,460.49,0,1.02816,0,0,4.24589,3.21773,1.028160,1,0,83.1126,0,0,0,83.1126,0
60.2837,2.52616,0,0,4.63698,0.185384,0.36288,3.6288,61.308,0.281342,0,0,2.28833,0.269192,1.7378,0.66528,12.849,1,0.552758,0.36288,0,59.9575,4.96986,54.7978,0.84672,12.849,0.84672,3695.15,0,0,0,2.67163,1.58843,6.74835,1.15634,9.85208,0.42336,0,0.42336,460.49,0,1.02816,0,0,3.69979,2.67163,1.028160,1,0,66.3877,0,0,0,66.3877,0
71.159,2.32857,0,0,13.7357,0.168966,0.36288,3.6288,61.308,0.180364,0,0,3.75162,0.26125,3.31,0.66528,12.849,1,0.496317,0.36288,0,78.403,4.77786,73.4917,0.84672,12.849,0.84672,3695.15,0,0,0,4.73048,1.58871,15.705,1.19926,20.8249,0.42336,0,0.42336,460.49,0,1.02816,0,0,5.75864,4.73048,1.028160,1,0,97.6266,0,0,0,97.6266,0
71.1233,2.39336,0,0,2.97931,0.258737,0.36288,3.6288,61.308,0.180546,0,0,1.50068,0.201851,1.11828,0.66528,12.849,1,0.432162,0.36288,0,52.9506,4.43184,48.4495,0.84672,12.849,0.84672,3695.15,0,0,0,1.0442,1.46309,5.84108,1.01407,7.33429,0.42336,0,0.42336,460.49,0,1.02816,0,0,2.07236,1.0442,1.028160,1,0,56.902,0,0,0,56.902,0
72.29,2.3937,0,0,5.92851,0.258666,2.10946,3.6288,61.308,0.180727,0,0,2.39,0.201851,2.00742,0.66528,12.849,1,0.432442,2.10946,0,79.1666,4.43184,76.4118,0.84672,12.849,0.84672,3695.15,0,0,0,2.56735,1.46335,8.78239,1.01407,11.799,0.42336,0,0.42336,460.49,0,1.02816,0,0,3.59551,2.56735,1.028160,1,0,90.2182,0,0,0,90.2182,0
72.29,2.40016,0,0,3.54395,0.260976,0.882809,3.6288,61.308,0.180909,0,0,2.58384,0.201851,2.20108,0.66528,12.849,1,0.426611,0.882809,0,90.6647,4.43184,86.6891,0.84672,12.849,0.84672,3695.15,0,0,0,3.04469,1.46361,7.43593,1.01407,10.9302,0.42336,0,0.42336,460.49,0,1.02816,0,0,4.07285,3.04469,1.028160,1,0,99.8203,0,0,0,99.8203,0
72.29,2.40069,0,0,4.7674,0.290561,2.07614,3.6288,61.308,0.181091,0,0,3.34515,0.234897,2.92916,0.66528,12.849,1,0.426705,2.07614,0,81.4061,4.82889,78.2266,0.84672,12.849,0.84672,3695.15,0,0,0,3.88547,1.46386,9.0828,1.09412,13.338,0.42336,0,0.42336,460.49,0,1.02816,0,0,4.91363,3.88547,1.028160,1,0,94.4938,0,0,0,94.4938,0
72.29,2.48448,0,0,3.74457,0.268695,0.991395,3.6288,61.308,0.210594,0,0,1.91818,0.20544,1.50215,0.66528,12.849,1,0.441597,0.991395,0,81.1236,4.25204,77.4213,0.84672,12.849,0.84672,3695.15,0,0,0,3.13268,1.46412,7.92634,0.846987,11.6762,0.42336,0,0.42336,460.49,0,1.02816,0,0,4.16084,3.13268,1.028160,1,0,90.5996,0,0,0,90.5996,0
72.29,2.485,0,0,9.83768,0.281334,7.07135,3.6288,61.308,0.210772,0,0,3.05934,0.166752,2.68181,0.66528,12.849,1,0.441689,7.07135,0,114.647,4.36552,116.911,0.84672,12.849,0.84672,3695.15,0,0,0,6.1663,1.50541,17.3,0.81068,24.161,0.42336,0,0.42336,460.49,0,1.02816,0,0,7.19446,6.1663,1.028160,1,0,143.754,0,0,0,143.754,0
72.29,2.48552,0,0,6.87639,0.282005,4.10886,3.6288,61.308,0.21095,0,0,2.2624,0.193335,1.85812,0.66528,12.849,1,0.441782,4.10886,0,115.029,4.89898,113.797,0.84672,12.849,0.84672,3695.15,0,0,0,4.83328,1.50566,14.0638,0.993368,19.4093,0.42336,0,0.42336,460.49,0,1.02816,0,0,5.86144,4.83328,1.028160,1,0,135.064,0,0,0,135.064,0
72.29,2.48604,0,0,12.1166,0.282005,9.34861,3.6288,61.308,0.211128,0,0,7.04095,0.193335,6.63649,0.66528,12.849,1,0.441874,9.34861,0,227.369,4.89898,231.376,0.84672,12.849,0.84672,3695.15,0,0,0,10.3778,1.50591,25.3775,0.993368,36.2679,0.42336,0,0.42336,460.49,0,1.02816,0,0,11.406,10.3778,1.028160,1,0,274.281,0,0,0,274.281,0
72.29,2.75414,0,0,7.64347,0.28066,4.60867,3.6288,61.308,0.321485,0,0,4.67912,0.192687,4.16495,0.66528,12.849,1,0.489527,4.60867,0,247.959,4.71168,247.367,0.84672,12.849,0.84672,3695.15,0,0,0,7.31959,1.50616,19.5124,0.990267,27.3479,0.42336,0,0.42336,460.49,0,1.02816,0,0,8.34775,7.31959,1.028160,1,0,278.88,0,0,0,278.88,0
72.29,2.75471,0,0,5.20634,0.272593,2.17904,3.6288,61.308,0.321684,0,0,2.33174,0.188799,1.82126,0.66528,12.849,1,0.489628,2.17904,0,146.998,3.58785,145.1,0.84672,12.849,0.84672,3695.15,0,0,0,3.47103,1.6506,9.47134,0.971659,13.6213,0.42336,0,0.42336,460.49,0,1.02816,0,0,4.49919,3.47103,1.028160,1,0,160.542,0,0,0,160.542,0
72.29,2.75528,0,0,7.41397,0.267399,4.39129,3.6288,61.308,0.321882,0,0,3.65812,0.199864,3.13637,0.66528,12.849,1,0.48973,4.39129,0,204.305,3.84993,204.357,0.84672,12.849,0.84672,3695.15,0,0,0,5.87983,1.65088,16.1502,1.05365,22.6273,0.42336,0,0.42336,460.49,0,1.02816,0,0,6.90799,5.87983,1.028160,1,0,230.12,0,0,0,230.12,0
72.29,2.75585,0,0,7.57261,0.25793,4.55883,3.6288,61.308,0.322081,0,0,4.19045,0.20514,3.66323,0.66528,12.849,1,0.489832,4.55883,0,190.951,4.18307,190.837,0.84672,12.849,0.84672,3695.15,0,0,0,6.97231,1.65116,20.2586,1.11736,27.7647,0.42336,0,0.42336,460.49,0,1.02816,0,0,8.00047,6.97231,1.028160,1,0,222.265,0,0,0,222.265,0
72.29,2.37448,0,0,6.81979,0.276205,4.1691,3.6288,61.308,0.174306,0,0,3.20378,0.179198,2.85028,0.66528,12.849,1,0.422046,4.1691,0,196.627,3.73433,196.639,0.84672,12.849,0.84672,3695.15,0,0,0,5.66069,1.65144,14.1151,0.944113,20.4831,0.42336,0,0.42336,460.49,0,1.02816,0,0,6.68885,5.66069,1.028160,1,0,219.973,0,0,0,219.973,0
72.29,2.37498,0,0,7.99908,0.357717,5.26639,3.6288,61.308,0.174477,0,0,7.08429,0.202638,6.70717,0.66528,12.849,1,0.422135,5.26639,0,330.181,3.6184,331.407,0.84672,12.849,0.84672,3695.15,0,0,0,7.78535,1.45309,21.0889,1.03478,29.2926,0.42336,0,0.42336,460.49,0,1.02816,0,0,8.81351,7.78535,1.028160,1,0,367.407,0,0,0,367.407,0
72.29,2.37548,0,0,8.34788,0.357717,5.61468,3.6288,61.308,0.174648,0,0,4.18277,0.202638,3.80548,0.66528,12.849,1,0.422224,5.61468,0,251.676,3.6184,253.25,0.84672,12.849,0.84672,3695.15,0,0,0,8.14174,1.45334,18.5909,1.03478,27.1512,0.42336,0,0.42336,460.49,0,1.02816,0,0,9.1699,8.14174,1.028160,1,0,284.207,0,0,0,284.207,0
72.29,2.37598,0,0,14.9043,0.357717,12.1706,3.6288,61.308,0.174819,0,0,9.91578,0.202638,9.53832,0.66528,12.849,1,0.422313,12.1706,0,277.334,3.6184,285.464,0.84672,12.849,0.84672,3695.15,0,0,0,12.1054,1.45358,27.0963,1.03478,39.6206,0.42336,0,0.42336,460.49,0,1.02816,0,0,13.1336,12.1054,1.028160,1,0,334.622,0,0,0,334.622,0
72.29,2.31991,0,0,10.9666,0.359047,8.28762,3.6288,61.308,0.155638,0,0,6.4073,0.145865,6.1058,0.66528,12.849,1,0.412346,8.28762,0,254.51,3.35793,259.028,0.84672,12.849,0.84672,3695.15,0,0,0,8.1705,1.45382,22.4745,0.940903,31.158,0.42336,0,0.42336,460.49,0,1.02816,0,0,9.19866,8.1705,1.028160,1,0,296.291,0,0,0,296.291,0
72.29,2.17996,0,0,7.68796,0.35378,5.15422,3.6288,61.308,0.110727,0,0,3.16248,0.172266,2.87949,0.66528,12.849,1,0.387472,5.15422,0,223.739,3.19344,225.312,0.84672,12.849,0.84672,3695.15,0,0,0,5.30591,1.42663,17.3015,0.959809,23.0742,0.42336,0,0.42336,460.49,0,1.02816,0,0,6.33407,5.30591,1.028160,1,0,251.266,0,0,0,251.266,0
72.29,2.18042,0,0,6.49439,0.35146,3.96251,3.6288,61.308,0.110886,0,0,3.32988,0.19191,3.02709,0.66528,12.849,1,0.387554,3.96251,0,174.832,3.16932,175.238,0.84672,12.849,0.84672,3695.15,0,0,0,5.40687,1.36104,14.4831,0.982392,20.2686,0.42336,0,0.42336,460.49,0,1.02816,0,0,6.43503,5.40687,1.028160,1,0,198.533,0,0,0,198.533,0
72.29,2.18089,0,0,6.20885,0.35146,3.6765,3.6288,61.308,0.111045,0,0,6.17501,0.19191,5.87205,0.66528,12.849,1,0.387636,3.6765,0,195.527,3.16932,195.646,0.84672,12.849,0.84672,3695.15,0,0,0,9.32515,1.36127,17.9061,0.982392,27.6102,0.42336,0,0.42336,460.49,0,1.02816,0,0,10.3533,9.32515,1.028160,1,0,229.128,0,0,0,229.128,0
72.29,2.18135,0,0,5.13886,0.342532,2.61497,3.6288,61.308,0.111203,0,0,2.21899,0.196668,1.91112,0.66528,12.849,1,0.387718,2.61497,0,147.334,3.22749,146.334,0.84672,12.849,0.84672,3695.15,0,0,0,4.20345,1.36149,12.3904,0.993842,16.9615,0.42336,0,0.42336,460.49,0,1.02816,0,0,5.23161,4.20345,1.028160,1,0,165.207,0,0,0,165.207,0
72.29,2.1482,0,0,6.30714,0.271614,3.88732,3.6288,61.308,0.0987913,0,0,2.97473,0.221394,2.65455,0.66528,12.849,1,0.381827,3.88732,0,144.895,3.60185,144.798,0.84672,12.849,0.84672,3695.15,0,0,0,5.14865,1.36172,13.7886,1.02776,19.2712,0.42336,0,0.42336,460.49,0,1.02816,0,0,6.17681,5.14865,1.028160,1,0,166.724,0,0,0,166.724,0
72.29,2.14866,0,0,4.6487,0.248481,2.25156,3.6288,61.308,0.0989477,0,0,1.67664,0.216302,1.36139,0.66528,12.849,1,0.381908,2.25156,0,133.919,3.63562,132.153,0.84672,12.849,0.84672,3695.15,0,0,0,3.05728,1.34481,9.22821,0.981386,12.6489,0.42336,0,0.42336,460.49,0,1.02816,0,0,4.08544,3.05728,1.028160,1,0,146.163,0,0,0,146.163,0
72.29,2.14911,0,0,4.1363,0.248481,1.7387,3.6288,61.308,0.0991041,0,0,1.36636,0.216302,1.05096,0.66528,12.849,1,0.381989,1.7387,0,91.2263,3.63562,88.9474,0.84672,12.849,0.84672,3695.15,0,0,0,2.94189,1.34503,8.7855,0.981386,12.091,0.42336,0,0.42336,460.49,0,1.02816,0,0,3.97005,2.94189,1.028160,1,0,102.089,0,0,0,102.089,0
72.29,2.43916,0,0,3.83769,0.248481,1.15005,3.6288,61.308,0.198548,0,0,1.22083,0.216302,0.805982,0.66528,12.849,1,0.433543,1.15005,0,74.0068,3.63562,71.0877,0.84672,12.849,0.84672,3695.15,0,0,0,2.24402,1.34525,7.76727,0.981386,10.3752,0.42336,0,0.42336,460.49,0,1.02816,0,0,3.27218,2.24402,1.028160,1,0,82.2688,0,0,0,82.2688,0
72.29,2.56758,0,0,3.31144,0.17131,0.57255,3.6288,61.308,0.248706,0,0,1.10525,0.233783,0.622757,0.66528,12.849,1,0.456369,0.57255,0,69.9952,3.98643,66.125,0.84672,12.849,0.84672,3695.15,0,0,0,1.97853,1.4861,7.50272,1.10585,9.8615,0.42336,0,0.42336,460.49,0,1.02816,0,0,3.00669,1.97853,1.028160,1,0,76.6092,0,0,0,76.6092,0
72.29,2.56812,0,0,3.71031,0.171987,0.970203,3.6288,61.308,0.248891,0,0,1.18968,0.182682,0.758103,0.66528,12.849,1,0.456464,0.970203,0,72.0567,4.11065,68.4598,0.84672,12.849,0.84672,3695.15,0,0,0,2.09819,1.5532,6.26505,0.940658,8.97578,0.42336,0,0.42336,460.49,0,1.02816,0,0,3.12635,2.09819,1.028160,1,0,78.1937,0,0,0,78.1937,0
72.29,2.56866,0,0,3.33625,0.171987,0.595607,3.6288,61.308,0.249076,0,0,0.989107,0.182682,0.55735,0.66528,12.849,1,0.456559,0.595607,0,66.9885,4.11065,63.0169,0.84672,12.849,0.84672,3695.15,0,0,0,1.6656,1.55346,5.93233,0.940658,8.21073,0.42336,0,0.42336,460.49,0,1.02816,0,0,2.69376,1.6656,1.028160,1,0,71.785,0,0,0,71.785,0
72.29,2.56919,0,0,3.10416,0.148236,0.386735,3.6288,61.308,0.24926,0,0,0.968051,0.207377,0.511414,0.66528,12.849,1,0.456654,0.386735,0,63.358,4.59972,58.6883,0.84672,12.849,0.84672,3695.15,0,0,0,1.67117,1.55372,5.81855,1.07412,7.96931,0.42336,0,0.42336,460.49,0,1.02816,0,0,2.69933,1.67117,1.028160,1,0,67.1691,0,0,0,67.1691,0
72.1345,2.56973,0,0,2.91583,0.138735,0.36288,3.6288,61.308,0.249445,0,0,0.87213,0.217255,0.40543,0.66528,12.849,1,0.45675,0.36288,0,61.8513,4.79535,56.962,0.84672,12.849,0.84672,3695.15,0,0,0,1.40962,1.55398,5.41286,1.12751,7.24895,0.42336,0,0.42336,460.49,0,1.02816,0,0,2.43778,1.40962,1.028160,1,0,64.6164,0,0,0,64.6164,0
71.6993,2.54412,0,0,2.60571,0.133951,0.36288,3.6288,61.308,0.277127,0,0,0.685176,0.215667,0.192382,0.66528,12.849,1,0.453172,0.36288,0,51.352,4.4133,46.8484,0.84672,12.849,0.84672,3695.15,0,0,0,1.00716,1.55424,3.92574,1.0524,5.43473,0.42336,0,0.42336,460.49,0,1.02816,0,0,2.03532,1.00716,1.028160,1,0,52.4755,0,0,0,52.4755,0
70.9945,2.54231,0,0,2.33213,0.131666,0.36288,3.6288,61.308,0.277317,0,0,0.571193,0.215032,0.0788434,0.66528,12.849,1,0.4556,0.36288,0,47.5835,4.26048,43.2303,0.84672,12.849,0.84672,3695.15,0,0,0,0.584824,1.57016,3.19823,1.02236,4.33085,0.42336,0,0.42336,460.49,0,1.02816,0,0,1.61298,0.584824,1.028160,1,0,47.64,0,0,0,47.64,0
70.1065,2.53901,0,0,2.13544,0.121532,0.36288,3.6288,61.308,0.277508,0,0,0.543638,0.23697,0.0291605,0.66528,12.849,1,0.459525,0.36288,0,41.9626,4.54278,37.3232,0.84672,12.849,0.84672,3695.15,0,0,0,0.518642,1.57042,3.10593,1.1254,4.06959,0.42336,0,0.42336,460.49,0,1.02816,0,0,1.5468,0.518642,1.028160,1,0,41.4219,0,0,0,41.4219,0
69.1277,2.53462,0,0,2.01601,0.097298,0.36288,3.6288,61.2458,0.277698,0,0,0.507336,0.291816,0,0.66528,12.849,1,0.464541,0.36288,0,37.3223,5.24853,31.9721,0.84672,12.849,0.84672,3695.15,0,0,0,0.491607,1.57068,2.96268,1.38302,3.64196,0.42336,0,0.42336,460.49,0,1.02816,0,0,1.51977,0.491607,1.028160,1,0,35.6141,0,0,0,35.6141,0
67.886,2.59459,0,0,1.81237,0.0966588,0.36288,3.6288,61.1243,0.302412,0,0,0.486539,0.305661,0,0.66528,12.849,1,0.482265,0.36288,0,35.7004,5.4882,30.0928,0.84672,12.849,0.84672,3695.15,0,0,0,0.437365,1.57095,2.79075,1.41328,3.38579,0.42336,0,0.42336,460.49,0,1.02816,0,0,1.46553,0.437365,1.028160,1,0,33.4786,0,0,0,33.4786,0
66.8934,2.58771,0,0,2.054,0.0959623,0.36288,3.6288,61.1346,0.302607,0,0,0.653194,0.340299,0,0.66528,12.849,1,0.489785,0.36288,0,44.7149,6.08738,38.5007,0.84672,12.849,0.84672,3695.15,0,0,0,0.581057,1.6046,2.99554,1.48895,3.69225,0.42336,0,0.42336,460.49,0,1.02816,0,0,1.60922,0.581057,1.028160,1,0,42.1929,0,0,0,42.1929,0
65.7657,2.58215,0,0,1.91252,0.0952146,0.36288,3.6288,61.0581,0.302802,0,0,0.566689,0.340321,0,0.66528,12.849,1,0.495984,0.36288,0,37.861,6.08738,31.6405,0.84672,12.849,0.84672,3695.15,0,0,0,0.711331,1.60487,3.02316,1.48895,3.85041,0.42336,0,0.42336,460.49,0,1.02816,0,0,1.73949,0.711331,1.028160,1,0,35.4909,0,0,0,35.4909,0
64.5011,2.57557,0,0,1.76825,0.0943651,0.36288,3.6288,60.9405,0.302997,0,0,0.525522,0.340156,0,0.66528,12.849,1,0.503204,0.36288,0,36.3055,6.08738,30.0778,0.84672,12.849,0.84672,3695.15,0,0,0,0.499651,1.60514,2.62861,1.48895,3.24445,0.42336,0,0.42336,460.49,0,1.02816,0,0,1.52781,0.499651,1.028160,1,0,33.3222,0,0,0,33.3222,0
63.1008,2.75622,0,0,1.80752,0.0888014,0.36288,3.6288,60.7899,0.39178,0,0,0.58362,0.342487,0,0.66528,12.849,1,0.549055,0.36288,0,34.53,6.16215,28.1817,0.84672,12.849,0.84672,3695.15,0,0,0,0.705802,1.60541,3.25139,1.50389,4.05871,0.42336,0,0.42336,460.49,0,1.02816,0,0,1.73396,0.705802,1.028160,1,0,32.2404,0,0,0,32.2404,0
61.0501,2.74667,0,0,1.15445,0.0955482,0.36288,3.6288,60.5816,0.391992,0,0,0.505465,0.321743,0,0.66528,12.849,1,0.559294,0.36288,0,28.2329,6.29823,21.7383,0.84672,12.849,0.84672,3695.15,0,0,0,0.679398,1.71645,3.70505,1.52576,4.57514,0.42336,0,0.42336,460.49,0,1.02816,0,0,1.70756,0.679398,1.028160,1,0,26.3134,0,0,0,26.3134,0
59.0083,2.73171,0,0,1.15249,0.0997028,0.36288,3.6288,60.3747,0.392204,0,0,0.500692,0.315341,0,0.66528,12.849,1,0.574933,0.36288,0,26.9627,6.24613,20.5045,0.84672,12.849,0.84672,3695.15,0,0,0,0.721336,1.71675,3.91772,1.51446,4.84134,0.42336,0,0.42336,460.49,0,1.02816,0,0,1.7495,0.721336,1.028160,1,0,25.3458,0,0,0,25.3458,0
57.6578,2.71593,0,0,1.84447,0.116142,0.36288,3.6288,60.287,0.392416,0,0,0.615344,0.310661,0,0.66528,12.849,1,0.591392,0.36288,0,44.7933,6.1274,38.4374,0.84672,12.849,0.84672,3695.15,0,0,0,1.09731,1.71704,4.27065,1.4999,5.5851,0.42336,0,0.42336,460.49,0,1.02816,0,0,2.12547,1.09731,1.028160,1,0,44.0225,0,0,0,44.0225,0
56.7865,2.70517,0,0,2.31183,0.115071,0.36288,3.6288,60.3431,0.392628,0,0,0.750401,0.301721,0,0.66528,12.849,1,0.602844,0.36288,0,53.42,6.26748,46.9126,0.84672,12.849,0.84672,3695.15,0,0,0,1.05834,1.71733,4.18849,1.48588,5.47828,0.42336,0,0.42336,460.49,0,1.02816,0,0,2.0865,1.05834,1.028160,1,0,52.3908,0,0,0,52.3908,0
54.773,2.60833,0,0,1.09033,0.132618,0.36288,3.6288,60.2251,0.339019,0,0,0.50311,0.282038,0,0.66528,12.849,1,0.590183,0.36288,0,28.7055,5.42493,23.0532,0.84672,12.849,0.84672,3695.15,0,0,0,0.658688,1.71762,3.77867,1.43143,4.72355,0.42336,0,0.42336,460.49,0,1.02816,0,0,1.68685,0.658688,1.028160,1,0,27.7768,0,0,0,27.7768,0
52.5224,2.5913,0,0,0.848699,0.145193,0.36288,3.6288,59.2905,0.875566,0,0,0.208633,0.26769,0,0.66528,12.849,1,0.607882,0.36288,0,18.2954,4.76438,13.286,0.84672,12.849,0.84672,3695.15,0,0,0,0.204422,1.65568,2.9584,1.39098,3.42753,0.42336,0,0.42336,460.49,0,0.491815,0,0,0.696237,0.204422,1.028160,1,0,16.7135,0,0,0,16.7135,0
50.1669,2.5709,0,0,0.720161,0.141903,0.36288,3.6288,58.2634,0.951128,0,0,0.190179,0.266097,0,0.66528,12.849,1,0.628941,0.36288,0,16.9054,4.76438,11.8749,0.84672,12.849,0.84672,3695.15,0,0,0,0.216518,1.65596,2.81507,1.39098,3.29657,0.42336,0,0.42336,460.49,0,0.416454,0,0,0.632972,0.216518,1.028160,1,0,15.1715,0,0,0,15.1715,0
48.5564,2.54792,0,0,1.53549,0.235165,0.36288,3.6288,57.7016,0.734584,0,0,0.347904,0.17513,0,0.66528,12.849,1,0.652586,0.36288,0,37.2135,3.5186,33.4052,0.84672,12.849,0.84672,3695.15,0,0,0,0.216518,1.65624,6.23741,1.00159,7.10858,0.42336,0,0.42336,460.49,0,0.6332,0,0,0.849718,0.216518,1.028160,1,0,40.5138,0,0,0,40.5138,0
48.627,2.16985,0,0,2.84886,0.245547,0.36288,3.6288,57.8149,0.181601,0,0,0.468076,0.173209,0,0.66528,12.849,1,0.574186,0.36288,0,59.5088,3.48818,55.8093,0.84672,12.849,0.84672,3695.15,0,0,0,0.233271,1.65652,6.05474,0.965829,6.97871,0.42336,0,0.42336,460.49,0,1.02816,0,0,1.26143,0.233271,1.028160,1,0,62.788,0,0,0,62.788,0
48.0177,2.17097,0,0,2.16167,0.237096,0.36288,3.6288,57.8157,0.181773,0,0,0.437121,0.254563,0,0.66528,12.849,1,0.573648,0.36288,0,36.5013,4.55143,31.7391,0.84672,12.849,0.84672,3695.15,0,0,0,0.416699,1.44889,4.3356,1.14066,5.06053,0.42336,0,0.42336,460.49,0,1.02816,0,0,1.44486,0.416699,1.028160,1,0,36.7996,0,0,0,36.7996,0
46.7646,2.16568,0,0,1.51102,0.23553,0.36288,3.6288,57.4392,0.42167,0,0,0.299777,0.254565,0,0.66528,12.849,1,0.579512,0.36288,0,20.8086,4.55143,16.0405,0.84672,12.849,0.84672,3695.15,0,0,0,0.216518,1.44913,4.08227,1.14066,4.60727,0.42336,0,0.42336,460.49,0,0.788435,0,0,1.00495,0.216518,1.028160,1,0,20.6478,0,0,0,20.6478,0
46.1913,2.15395,0,0,2.17585,0.23231,0.36288,3.6288,57.4895,0.182117,0,0,0.486377,0.253945,0,0.66528,12.849,1,0.591817,0.36288,0,37.4681,4.55143,32.6877,0.84672,12.849,0.84672,3695.15,0,0,0,0.571959,1.44938,6.44143,1.14066,7.32211,0.42336,0,0.42336,460.49,0,1.02816,0,0,1.60012,0.571959,1.028160,1,0,40.0098,0,0,0,40.0098,0
47.9785,1.96902,0,0,4.3948,0.275729,0.36288,3.6288,57.9851,0.091078,0,0,0.82413,0.23748,0,0.66528,12.849,1,0.54772,0.36288,0,48.7277,4.051,44.4919,0.84672,12.849,0.84672,3695.15,0,0,0,0.851541,1.44962,10.4437,1.06798,11.6769,0.42336,0,0.42336,460.49,0,1.02816,0,0,1.8797,0.851541,1.028160,1,0,56.1687,0,0,0,56.1687,0
47.5173,1.98553,0,0,2.12871,0.241499,0.36288,3.6288,58.1404,0.0912326,0,0,0.433439,0.18697,0,0.66528,12.849,1,0.531741,0.36288,0,53.0296,3.63151,49.2292,0.84672,12.849,0.84672,3695.15,0,0,0,0.51592,1.33636,3.65634,0.994618,4.51401,0.42336,0,0.42336,460.49,0,1.02816,0,0,1.54408,0.51592,1.028160,1,0,53.7432,0,0,0,53.7432,0
46.722,1.98189,0,0,1.78312,0.233697,0.36288,3.6288,58.2367,0.0913873,0,0,0.366361,0.178604,0,0.66528,12.849,1,0.535917,0.36288,0,38.1196,3.5616,34.385,0.84672,12.849,0.84672,3695.15,0,0,0,0.466111,1.33658,3.85277,0.982392,4.67307,0.42336,0,0.42336,460.49,0,1.02816,0,0,1.49427,0.466111,1.028160,1,0,39.058,0,0,0,39.058,0
48.9912,1.97515,0,0,4.83893,0.231658,0.36288,3.6288,58.944,0.0915419,0,0,0.977584,0.178715,0,0.66528,12.849,1,0.543187,0.36288,0,109.383,3.5616,105.641,0.84672,12.849,0.84672,3695.15,0,0,0,1.95622,1.3368,7.67311,0.982392,9.98373,0.42336,0,0.42336,460.49,0,1.02816,0,0,2.98438,1.95622,1.028160,1,0,115.625,0,0,0,115.625,0
51.457,1.99551,0,0,5.09243,0.268199,0.36288,3.6288,59.7858,0.0916966,0,0,1.14781,0.214342,0,0.66528,12.849,1,0.523366,0.36288,0,192.037,4.23255,187.644,0.84672,12.849,0.84672,3695.15,0,0,0,2.39874,1.33702,10.6154,1.08088,13.2703,0.42336,0,0.42336,460.49,0,1.02816,0,0,3.4269,2.39874,1.028160,1,0,200.914,0,0,0,200.914,0
52.2381,2.01558,0,0,3.41836,0.25885,0.36288,3.6288,60.0474,0.0916966,0,0,0.550947,0.197632,0,0.66528,12.849,1,0.503297,0.36288,0,94.7409,4.02465,90.5758,0.84672,12.849,0.84672,3695.15,0,0,0,0.786162,1.33724,5.37967,1.11693,6.38614,0.42336,0,0.42336,460.49,0,1.02816,0,0,1.81432,0.786162,1.028160,1,0,96.962,0,0,0,96.962,0
52.2093,2.09298,0,0,2.65892,0.231801,0.36288,3.6288,59.8993,0.385155,0,0,0.403348,0.166306,0,0.66528,12.849,1,0.51481,0.36288,0,43.9309,3.59835,40.1807,0.84672,12.849,0.84672,3695.15,0,0,0,0.412474,1.33724,3.31828,1.1431,3.92489,0.42336,0,0.42336,460.49,0,0.761288,0,0,1.17376,0.412474,1.028160,1,0,44.1055,0,0,0,44.1055,0
51.7755,2.09317,0,0,2.25399,0.231733,0.36288,3.6288,59.8725,0.394007,0,0,0.533294,0.166149,0,0.66528,12.849,1,0.515141,0.36288,0,53.3187,3.59835,49.5681,0.84672,12.849,0.84672,3695.15,0,0,0,0.503194,1.37444,4.90253,1.1431,5.63707,0.42336,0,0.42336,460.49,0,0.752587,0,0,1.25578,0.503194,1.028160,1,0,55.2052,0,0,0,55.2052,0
53.0979,2.09013,0,0,4.0294,0.254026,0.36288,3.6288,60.4004,0.118585,0,0,0.847265,0.200762,0,0.66528,12.849,1,0.518702,0.36288,0,93.0943,3.85341,89.085,0.84672,12.849,0.84672,3695.15,0,0,0,1.05001,1.37466,8.44259,1.23213,9.63513,0.42336,0,0.42336,460.49,0,1.02816,0,0,2.07817,1.05001,1.028160,1,0,98.7202,0,0,0,98.7202,0
53.2067,2.10095,0,0,2.84786,0.275252,0.36288,3.6288,60.5833,0.118736,0,0,0.52918,0.227506,0,0.66528,12.849,1,0.508402,0.36288,0,48.9476,4.0447,44.7574,0.84672,12.849,0.84672,3695.15,0,0,0,0.674179,1.37487,3.53025,1.2989,4.2804,0.42336,0,0.42336,460.49,0,1.02816,0,0,1.70234,0.674179,1.028160,1,0,49.0378,0,0,0,49.0378,0
53.1001,2.33101,0,0,2.84105,0.253794,0.36288,3.6288,60.1585,0.557466,0,0,0.352128,0.219468,0,0.66528,12.849,1,0.56292,0.36288,0,68.2379,4.76783,63.27,0.84672,12.849,0.84672,3695.15,0,0,0,0.503194,1.37508,3.8762,1.42786,4.32662,0.42336,0,0.42336,460.49,0,0.688893,0,0,1.19209,0.503194,1.028160,1,0,67.5966,0,0,0,67.5966,0
52.2909,2.33056,0,0,2.16361,0.279343,0.36288,3.6288,60.1638,0.264739,0,0,0.479713,0.209726,0,0.66528,12.849,1,0.563942,0.36288,0,52.8759,4.60561,48.0693,0.84672,12.849,0.84672,3695.15,0,0,0,0.503194,1.50526,3.43651,1.34001,4.10496,0.42336,0,0.42336,460.49,0,0.981789,0,0,1.48498,0.503194,1.028160,1,0,52.1742,0,0,0,52.1742,0
52.5858,2.32401,0,0,3.25879,0.277028,0.36288,3.6288,60.3771,0.218537,0,0,0.641638,0.209733,0,0.66528,12.849,1,0.57106,0.36288,0,45.1167,4.60561,40.3029,0.84672,12.849,0.84672,3695.15,0,0,0,0.844059,1.5055,4.53493,1.34001,5.54448,0.42336,0,0.42336,460.49,0,1.02816,0,0,1.87222,0.844059,1.028160,1,0,45.8474,0,0,0,45.8474,0
53.5539,2.32705,0,0,3.93599,0.277872,0.36288,3.6288,60.4371,0.218706,0,0,0.488699,0.210018,0,0.66528,12.849,1,0.568599,0.36288,0,58.1174,4.60561,53.3061,0.84672,12.849,0.84672,3695.15,0,0,0,0.62888,1.50573,4.49097,1.34001,5.28558,0.42336,0,0.42336,460.49,0,1.02816,0,0,1.65704,0.62888,1.028160,1,0,58.5916,0,0,0,58.5916,0
53.1537,2.00881,0,0,2.22672,0.255326,0.36288,3.6288,60.4181,0.318582,0,0,0.535552,0.236017,0,0.66528,12.849,1,0.481965,0.36288,0,37.7479,4.49715,33.1317,0.84672,12.849,0.84672,3695.15,0,0,0,0.608429,1.50597,4.11426,1.13294,5.09572,0.42336,0,0.42336,460.49,0,0.795079,0,0,1.40351,0.608429,1.028160,1,0,38.2274,0,0,0,38.2274,0
53.2019,2.00629,0,0,2.67167,0.254285,0.36288,3.6288,60.5912,0.32843,0,0,0.737526,0.235989,0,0.66528,12.849,1,0.484986,0.36288,0,53.4239,4.49715,48.8046,0.84672,12.849,0.84672,3695.15,0,0,0,0.608429,1.32719,4.53317,1.13294,5.33585,0.42336,0,0.42336,460.49,0,0.785376,0,0,1.3938,0.608429,1.028160,1,0,54.1405,0,0,0,54.1405,0
53.8582,2.00704,0,0,3.30357,0.2773,0.36288,3.6288,61.0059,0.085791,0,0,0.726996,0.226438,0,0.66528,12.849,1,0.484729,0.36288,0,41.4197,4.36305,36.9348,0.84672,12.849,0.84672,3695.15,0,0,0,0.921845,1.32739,5.03961,1.154,6.13485,0.42336,0,0.42336,460.49,0,1.02816,0,0,1.95,0.921845,1.028160,1,0,43.0697,0,0,0,43.0697,0
53.3993,2.01221,0,0,2.20459,0.288378,0.36288,3.6288,61.0384,0.360844,0,0,0.616368,0.2231,0,0.66528,12.849,1,0.480056,0.36288,0,45.4498,4.30941,41.0232,0.84672,12.849,0.84672,3695.15,0,0,0,0.558835,1.3276,4.11248,1.16242,4.83649,0.42336,0,0.42336,460.49,0,0.753252,0,0,1.31209,0.558835,1.028160,1,0,45.8597,0,0,0,45.8597,0
53.7196,2.00929,0,0,2.94602,0.253616,0.36288,3.6288,61.308,0.0860812,0,0,0.747187,0.217906,0.173553,0.66528,12.849,1,0.483478,0.36288,0,64.5409,4.53219,59.8881,0.84672,12.849,0.84672,3695.15,0,0,0,0.705145,1.3278,5.56438,1.09623,6.5011,0.42336,0,0.42336,460.49,0,1.02816,0,0,1.7333,0.705145,1.028160,1,0,66.5627,0,0,0,66.5627,0
54.5097,2.09445,0,0,3.47673,0.2293,0.36288,3.6288,61.308,0.118884,0,0,0.637858,0.214341,0.304633,0.66528,12.849,1,0.500965,0.36288,0,93.6351,4.69928,88.7978,0.84672,12.849,0.84672,3695.15,0,0,0,0.822407,1.32801,5.11467,1.04659,6.21849,0.42336,0,0.42336,460.49,0,1.02816,0,0,1.85057,0.822407,1.028160,1,0,95.3209,0,0,0,95.3209,0
57.0127,2.10075,0,0,5.19233,0.22563,0.36288,3.6288,61.308,0.119035,0,0,1.36624,0.222127,1.02508,0.66528,12.849,1,0.495188,0.36288,0,110.07,4.90633,105.032,0.84672,12.849,0.84672,3695.15,0,0,0,1.7063,1.37259,9.15244,1.06168,11.1697,0.42336,0,0.42336,460.49,0,1.02816,0,0,2.73446,1.7063,1.028160,1,0,117.226,0,0,0,117.226,0
57.9146,2.11891,0,0,3.56392,0.18029,0.36288,3.6288,61.308,0.119186,0,0,0.625827,0.211082,0.29556,0.66528,12.849,1,0.477541,0.36288,0,76.7837,4.35658,72.3124,0.84672,12.849,0.84672,3695.15,0,0,0,0.741528,1.3728,5.03188,0.944563,6.20165,0.42336,0,0.42336,460.49,0,1.02816,0,0,1.76969,0.741528,1.028160,1,0,78.8096,0,0,0,78.8096,0
58.3671,2.12542,0,0,3.12518,0.184315,0.36288,3.6288,61.308,0.119337,0,0,0.635194,0.203427,0.31243,0.66528,12.849,1,0.471549,0.36288,0,70.26,4.22824,65.9231,0.84672,12.849,0.84672,3695.15,0,0,0,0.659552,1.37301,4.20673,0.956537,5.28276,0.42336,0,0.42336,460.49,0,1.02816,0,0,1.68771,0.659552,1.028160,1,0,71.5182,0,0,0,71.5182,0
58.7847,2.09609,0,0,3.08254,0.206044,0.36288,3.6288,61.308,0.106795,0,0,0.750635,0.234651,0.409188,0.66528,12.849,1,0.461435,0.36288,0,59.5273,5.40362,54.0251,0.84672,12.849,0.84672,3695.15,0,0,0,1.09248,1.37323,4.88481,1.16666,6.18387,0.42336,0,0.42336,460.49,0,1.02816,0,0,2.12064,1.09248,1.028160,1,0,60.6182,0,0,0,60.6182,0
59.0218,2.0992,0,0,2.83708,0.137917,0.36288,3.6288,61.308,0.106944,0,0,0.770921,0.210881,0.453096,0.66528,12.849,1,0.458837,0.36288,0,60.0618,4.139,55.8269,0.84672,12.849,0.84672,3695.15,0,0,0,0.896383,1.35615,4.62231,1.02114,5.85371,0.42336,0,0.42336,460.49,0,1.02816,0,0,1.92454,0.896383,1.028160,1,0,62.1337,0,0,0,62.1337,0
59.0411,2.10113,0,0,2.62155,0.138233,0.36288,3.6288,61.308,0.107093,0,0,0.808289,0.210881,0.490315,0.66528,12.849,1,0.457415,0.36288,0,50.8001,4.139,46.5666,0.84672,12.849,0.84672,3695.15,0,0,0,0.736975,1.35636,4.2733,1.02114,5.3455,0.42336,0,0.42336,460.49,0,1.02816,0,0,1.76513,0.736975,1.028160,1,0,52.4024,0,0,0,52.4024,0
58.9715,2.10167,0,0,2.5332,0.138259,0.36288,3.6288,61.308,0.107241,0,0,0.722615,0.210881,0.404492,0.66528,12.849,1,0.457383,0.36288,0,45.9406,4.139,41.7071,0.84672,12.849,0.84672,3695.15,0,0,0,0.580357,1.35657,4.15725,1.02114,5.07304,0.42336,0,0.42336,460.49,0,1.02816,0,0,1.60852,0.580357,1.028160,1,0,47.1846,0,0,0,47.1846,0
58.2165,2.21312,0,0,1.95875,0.137676,0.36288,3.6288,61.308,0.152435,0,0,0.53382,0.211205,0.17018,0.66528,12.849,1,0.482207,0.36288,0,36.6613,4.3919,32.1501,0.84672,12.849,0.84672,3695.15,0,0,0,0.421321,1.35678,3.16397,1.09678,3.84529,0.42336,0,0.42336,460.49,0,1.02816,0,0,1.44948,0.421321,1.028160,1,0,36.1656,0,0,0,36.1656,0
57.2669,2.20844,0,0,1.73453,0.112857,0.36288,3.6288,61.308,0.176542,0,0,0.503989,0.217507,0.109941,0.66528,12.849,1,0.487426,0.36288,0,31.4166,4.62368,26.6684,0.84672,12.849,0.84672,3695.15,0,0,0,0.402797,1.41723,2.88719,1.07428,3.63294,0.42336,0,0.42336,460.49,0,1.00421,0,0,1.40701,0.402797,1.028160,1,0,30.4113,0,0,0,30.4113,0
56.29,2.20228,0,0,1.70013,0.111814,0.36288,3.6288,61.308,0.152749,0,0,0.545096,0.217507,0.174841,0.66528,12.849,1,0.494126,0.36288,0,30.0961,4.62368,25.3412,0.84672,12.849,0.84672,3695.15,0,0,0,0.352296,1.41745,3.11106,1.07428,3.80653,0.42336,0,0.42336,460.49,0,1.02816,0,0,1.38046,0.352296,1.028160,1,0,29.3226,0,0,0,29.3226,0
55.2075,2.19573,0,0,1.5868,0.110742,0.36288,3.6288,61.308,0.200875,0,0,0.498145,0.217507,0.0797638,0.66528,12.849,1,0.501207,0.36288,0,28.1342,4.62368,23.3722,0.84672,12.849,0.84672,3695.15,0,0,0,0.30119,1.41768,2.75489,1.07428,3.39947,0.42336,0,0.42336,460.49,0,0.980191,0,0,1.28138,0.30119,1.028160,1,0,26.8514,0,0,0,26.8514,0
54.1869,2.18819,0,0,1.62978,0.0992998,0.36288,3.6288,61.308,0.274437,0,0,0.542257,0.231031,0.0367882,0.66528,12.849,1,0.50928,0.36288,0,29.3583,4.61299,24.5989,0.84672,12.849,0.84672,3695.15,0,0,0,0.30119,1.4179,2.841,1.01106,3.54902,0.42336,0,0.42336,460.49,0,0.906785,0,0,1.20798,0.30119,1.028160,1,0,28.1847,0,0,0,28.1847,0
53.2218,2.15915,0,0,1.64763,0.0906726,0.36288,3.6288,61.308,0.315202,0,0,0.567561,0.241175,0.0111841,0.66528,12.849,1,0.511986,0.36288,0,29.926,4.60498,25.1719,0.84672,12.849,0.84672,3695.15,0,0,0,0.30119,1.41812,2.97257,0.963644,3.72824,0.42336,0,0.42336,460.49,0,0.890957,0,0,1.19215,0.30119,1.028160,1,0,28.9114,0,0,0,28.9114,0
52.144,2.1521,0,0,1.5026,0.0654567,0.36288,3.6288,61.1998,0.372958,0,0,0.552604,0.287809,0,0.66528,12.849,1,0.519567,0.36288,0,28.4587,5.25649,23.0455,0.84672,12.849,0.84672,3695.15,0,0,0,0.261274,1.43245,2.86498,1.18414,3.37456,0.42336,0,0.42336,460.49,0,0.833363,0,0,1.09464,0.261274,1.028160,1,0,26.4201,0,0,0,26.4201,0
50.9334,2.14391,0,0,1.35753,0.0613291,0.36288,3.6288,61.0927,0.343406,0,0,0.522288,0.286007,0,0.66528,12.849,1,0.528289,0.36288,0,26.0685,5.83968,20.0634,0.84672,12.849,0.84672,3695.15,0,0,0,0.261274,1.43267,2.83368,1.39693,3.1307,0.42336,0,0.42336,460.49,0,0.863076,0,0,1.12435,0.261274,1.028160,1,0,23.1941,0,0,0,23.1941,0
49.744,2.13431,0,0,1.36931,0.061494,0.36288,3.6288,61.0174,0.30747,0,0,0.519295,0.287178,0,0.66528,12.849,1,0.538423,0.36288,0,24.7541,5.78634,18.7922,0.84672,12.849,0.84672,3695.15,0,0,0,0.261274,1.4329,2.84716,1.38765,3.15368,0.42336,0,0.42336,460.49,0,0.899173,0,0,1.16045,0.261274,1.028160,1,0,21.9459,0,0,0,21.9459,0
48.6849,2.17969,0,0,1.54972,0.0662546,0.36288,3.6288,60.9372,0.312554,0,0,0.527596,0.295225,0,0.66528,12.849,1,0.563019,0.36288,0,25.2876,5.4663,19.6211,0.84672,12.849,0.84672,3695.15,0,0,0,0.261274,1.43312,2.76445,1.33199,3.12686,0.42336,0,0.42336,460.49,0,0.91635,0,0,1.17762,0.261274,1.028160,1,0,22.748,0,0,0,22.748,0
47.4338,2.17043,0,0,1.34768,0.0655049,0.36288,3.6288,60.7258,0.41214,0,0,0.495819,0.295075,0,0.66528,12.849,1,0.572823,0.36288,0,23.9247,5.4663,18.2484,0.84672,12.849,0.84672,3695.15,0,0,0,0.261274,1.46343,2.69024,1.33199,3.08295,0.42336,0,0.42336,460.49,0,0.816929,0,0,1.0782,0.261274,1.028160,1,0,21.3314,0,0,0,21.3314,0
46.0883,2.15897,0,0,1.24101,0.0646173,0.36288,3.6288,60.483,0.433871,0,0,0.485802,0.29468,0,0.66528,12.849,1,0.584827,0.36288,0,22.5644,5.4663,16.8761,0.84672,12.849,0.84672,3695.15,0,0,0,0.227405,1.46366,2.66299,1.33199,3.02207,0.42336,0,0.42336,460.49,0,0.795364,0,0,1.02277,0.227405,1.028160,1,0,19.8982,0,0,0,19.8982,0
44.5603,2.14604,0,0,1.03031,0.0494458,0.36288,3.6288,60.2268,0.440284,0,0,0.483164,0.299154,0,0.66528,12.849,1,0.598297,0.36288,0,21.3983,5.76059,15.4023,0.84672,12.849,0.84672,3695.15,0,0,0,0.227405,1.46389,2.53613,1.31772,2.90971,0.42336,0,0.42336,460.49,0,0.789117,0,0,1.01652,0.227405,1.028160,1,0,18.312,0,0,0,18.312,0
42.8341,2.28851,0,0,1.00525,0.0800446,0.36288,3.6288,59.7941,0.575942,0,0,0.438329,0.295058,0,0.66528,12.849,1,0.659893,0.36288,0,18.7692,5.68593,12.7862,0.84672,12.849,0.84672,3695.15,0,0,0,0.227405,1.46412,2.60214,1.35296,2.94071,0.42336,0,0.42336,460.49,0,0.73345,0,0,0.960854,0.227405,1.028160,1,0,15.727,0,0,0,15.727,0
41.0237,2.26849,0,0,0.908073,0.0871266,0.36288,3.6288,59.235,0.650158,0,0,0.387795,0.29672,0,0.66528,12.849,1,0.680483,0.36288,0,16.1042,5.72481,10.0618,0.84672,12.849,0.84672,3695.15,0,0,0,0.227405,1.56417,2.55841,1.40271,2.94726,0.42336,0,0.42336,460.49,0,0.659413,0,0,0.886818,0.227405,1.028160,1,0,13.009,0,0,0,13.009,0
39.3466,2.24607,0,0,1.01718,0.0853025,0.36288,3.6288,58.7345,0.602645,0,0,0.39781,0.295661,0,0.66528,12.849,1,0.70349,0.36288,0,16.0076,5.72481,9.94217,0.84672,12.849,0.84672,3695.15,0,0,0,0.204422,1.56441,2.7421,1.40271,3.10822,0.42336,0,0.42336,460.49,0,0.707106,0,0,0.911529,0.204422,1.028160,1,0,13.0504,0,0,0,13.0504,0
38.2893,2.2239,0,0,1.6279,0.0984296,0.36288,3.6288,58.526,0.406938,0,0,0.488906,0.290492,0,0.66528,12.849,1,0.726236,0.36288,0,26.5937,5.60607,20.6242,0.84672,12.849,0.84672,3695.15,0,0,0,0.204422,1.56466,2.98914,1.38815,3.37007,0.42336,0,0.42336,460.49,0,0.902992,0,0,1.10741,0.204422,1.028160,1,0,23.9943,0,0,0,23.9943,0
37.5063,2.20932,0,0,1.90016,0.110936,0.36288,3.6288,58.3831,0.452202,0,0,0.586134,0.276812,0,0.66528,12.849,1,0.741398,0.36288,0,27.5195,5.90316,21.2378,0.84672,12.849,0.84672,3695.15,0,0,0,0.204422,1.56491,3.30447,1.38701,3.68679,0.42336,0,0.42336,460.49,0,0.857909,0,0,1.06233,0.204422,1.028160,1,0,24.9246,0,0,0,24.9246,0
36.4049,2.12428,0,0,1.51152,0.125805,0.36288,3.6288,58.5086,0.233636,0,0,0.628635,0.269482,0,0.66528,12.849,1,0.727742,0.36288,0,18.8558,6.15069,12.3402,0.84672,12.849,0.84672,3695.15,0,0,0,0.372712,1.56516,4.24392,1.40367,4.77813,0.42336,0,0.42336,460.49,0,1.02816,0,0,1.40087,0.372712,1.028160,1,0,17.1183,0,0,0,17.1183,0
34.9502,2.10843,0,0,1.14079,0.124174,0.36288,3.6288,58.5018,0.233808,0,0,0.496701,0.2697,0,0.66528,12.849,1,0.744163,0.36288,0,27.8887,6.15069,21.3567,0.84672,12.849,0.84672,3695.15,0,0,0,0.314695,1.50933,3.29321,1.40367,3.71357,0.42336,0,0.42336,460.49,0,1.02816,0,0,1.34285,0.314695,1.028160,1,0,25.0703,0,0,0,25.0703,0
33.1398,2.08619,0,0,0.760726,0.122019,0.36288,3.6288,57.9731,0.637035,0,0,0.377978,0.269688,0,0.66528,12.849,1,0.766962,0.36288,0,17.4949,6.15069,10.9401,0.84672,12.849,0.84672,3695.15,0,0,0,0.216518,1.50957,2.22255,1.40367,2.54498,0.42336,0,0.42336,460.49,0,0.625104,0,0,0.841622,0.216518,1.028160,1,0,13.4851,0,0,0,13.4851,0
32.0535,2.0564,0,0,1.49296,0.159994,0.36288,3.6288,58.0306,0.23415,0,0,0.563497,0.271784,0,0.66528,12.849,1,0.797311,0.36288,0,20.4732,5.78174,14.257,0.84672,12.849,0.84672,3695.15,0,0,0,0.232062,1.50981,3.48002,1.32824,3.89365,0.42336,0,0.42336,460.49,0,1.02816,0,0,1.26022,0.232062,1.028160,1,0,18.1507,0,0,0,18.1507,0
29.9853,1.97931,0,0,0.436349,0.162328,0.36288,3.6288,57.5639,0.634396,0,0,0.373033,0.205358,0,0.66528,12.849,1,0.793427,0.36288,0,13.0015,3.80572,8.7652,0.84672,12.849,0.84672,3695.15,0,0,0,0.216518,1.51005,2.318,1.03594,3.00862,0.42336,0,0.42336,460.49,0,0.583912,0,0,0.80043,0.216518,1.028160,1,0,11.7738,0,0,0,11.7738,0
28.464,1.94138,0,0,0.940991,0.158022,0.36288,3.6288,57.0824,0.679288,0,0,0.402526,0.20474,0,0.66528,12.849,1,0.831901,0.36288,0,24.5613,3.80572,20.2865,0.84672,12.849,0.84672,3695.15,0,0,0,0.216518,1.46088,3.82938,1.03594,4.47083,0.42336,0,0.42336,460.49,0,0.539183,0,0,0.755702,0.216518,1.028160,1,0,24.7574,0,0,0,24.7574,0
27.9279,1.91113,0,0,1.89272,0.154801,0.36288,3.6288,57.7107,0.190475,0,0,1.02289,0.204101,0,0.66528,12.849,1,0.862705,0.36288,0,40.387,3.80572,36.0814,0.84672,12.849,0.84672,3695.15,0,0,0,0.742159,1.4611,6.61846,1.03594,7.78577,0.42336,0,0.42336,460.49,0,1.02816,0,0,1.77032,0.742159,1.028160,1,0,43.8672,0,0,0,43.8672,0
26.6715,1.90016,0,0,1.16029,0.153666,0.36288,3.6288,58.1649,0.190639,0,0,0.849709,0.204934,0,0.66528,12.849,1,0.87422,0.36288,0,24.1027,3.80572,19.7856,0.84672,12.849,0.84672,3695.15,0,0,0,0.591978,1.46133,6.6494,1.03594,7.66676,0.42336,0,0.42336,460.49,0,1.02816,0,0,1.62014,0.591978,1.028160,1,0,27.4524,0,0,0,27.4524,0
25.4745,1.71633,0,0,1.06362,0.181405,0.36288,3.6288,58.1968,0.22161,0,0,0.470076,0.216529,0,0.66528,12.849,1,0.826841,0.36288,0,24.2561,4.30381,19.4883,0.84672,12.849,0.84672,3695.15,0,0,0,0.292723,1.46156,3.51985,1.22539,4.04875,0.42336,0,0.42336,460.49,0,0.905286,0,0,1.19801,0.292723,1.028160,1,0,23.5371,0,0,0,23.5371,0
24.6763,1.69084,0,0,1.43676,0.181228,0.36288,3.6288,58.4872,0.0988835,0,0,0.605516,0.216237,0,0.66528,12.849,1,0.852837,0.36288,0,37.4521,4.42187,32.5402,0.84672,12.849,0.84672,3695.15,0,0,0,0.844042,1.34723,4.69155,1.28221,5.60061,0.42336,0,0.42336,460.49,0,1.02816,0,0,1.8722,0.844042,1.028160,1,0,38.1409,0,0,0,38.1409,0
23.7882,1.67304,0,0,1.32691,0.179165,0.36288,3.6288,58.7039,0.0990306,0,0,0.532393,0.216642,0,0.66528,12.849,1,0.871151,0.36288,0,35.6722,4.42187,30.7421,0.84672,12.849,0.84672,3695.15,0,0,0,0.489931,1.34744,4.01979,1.28221,4.57494,0.42336,0,0.42336,460.49,0,1.02816,0,0,1.51809,0.489931,1.028160,1,0,35.317,0,0,0,35.317,0
22.9426,1.65225,0,0,1.34641,0.176869,0.36288,3.6288,58.825,0.172825,0,0,0.510878,0.216944,0,0.66528,12.849,1,0.892448,0.36288,0,29.0448,4.42187,24.0934,0.84672,12.849,0.84672,3695.15,0,0,0,0.412474,1.34765,5.89922,1.28221,6.37713,0.42336,0,0.42336,460.49,0,0.954513,0,0,1.36699,0.412474,1.028160,1,0,30.4705,0,0,0,30.4705,0
23.2394,1.63149,0,0,2.45582,0.164628,0.36288,3.6288,59.5808,0.0993249,0,0,1.02637,0.171303,0,0.66528,12.849,1,0.913715,0.36288,0,58.7324,3.46029,54.7213,0.84672,12.849,0.84672,3695.15,0,0,0,1.09473,1.34786,6.20669,0.928447,7.72083,0.42336,0,0.42336,460.49,0,1.02816,0,0,2.12289,1.09473,1.028160,1,0,62.4421,0,0,0,62.4421,0
27.5278,1.69677,0,0,6.5462,0.198148,0.36288,3.6288,61.2465,0.12615,0,0,2.02123,0.22934,0,0.66528,12.849,1,0.938141,0.36288,0,148.291,4.74264,142.973,0.84672,12.849,0.84672,3695.15,0,0,0,2.11206,1.34807,11.1466,1.02793,13.5787,0.42336,0,0.42336,460.49,0,1.02816,0,0,3.14022,2.11206,1.028160,1,0,156.552,0,0,0,156.552,0
31.4432,1.79675,0,0,6.28563,0.210652,0.36288,3.6288,61.308,0.126293,0,0,2.56065,0.231781,2.14109,0.66528,12.849,1,0.838659,0.36288,0,161.504,4.74264,156.286,0.84672,12.849,0.84672,3695.15,0,0,0,3.05069,1.3856,13.5572,1.02793,16.9656,0.42336,0,0.42336,460.49,0,1.02816,0,0,4.07885,3.05069,1.028160,1,0,175.392,0,0,0,175.392,0
32.9583,1.87124,0,0,3.99772,0.248508,0.36288,3.6288,61.308,0.126436,0,0,1.4266,0.221161,1.07901,0.66528,12.849,1,0.764666,0.36288,0,94.1622,4.85658,88.9038,0.84672,12.849,0.84672,3695.15,0,0,0,1.39322,1.38581,8.09084,1.2266,9.64326,0.42336,0,0.42336,460.49,0,1.02816,0,0,2.42138,1.39322,1.028160,1,0,99.6261,0,0,0,99.6261,0
37.817,1.89688,0,0,7.31044,0.191904,0.36288,3.6288,61.308,0.126579,0,0,1.92818,0.263752,1.53785,0.66528,12.849,1,0.739513,0.36288,0,120.779,4.86698,115.536,0.84672,12.849,0.84672,3695.15,0,0,0,2.18192,1.38601,9.60042,1.2348,11.9335,0.42336,0,0.42336,460.49,0,1.02816,0,0,3.21008,2.18192,1.028160,1,0,129.007,0,0,0,129.007,0
39.8707,2.18216,0,0,4.82857,0.229826,0.36288,3.6288,61.308,0.226957,0,0,1.71054,0.20584,1.27774,0.66528,12.849,1,0.741426,0.36288,0,89.2469,3.924,84.9443,0.84672,12.849,0.84672,3695.15,0,0,0,1.93393,1.38621,8.05533,0.970433,10.405,0.42336,0,0.42336,460.49,0,1.02816,0,0,2.96209,1.93393,1.028160,1,0,96.6271,0,0,0,96.6271,0
40.559,2.21145,0,0,3.50138,0.238816,0.36288,3.6288,61.308,0.227117,0,0,1.12451,0.20086,0.696534,0.66528,12.849,1,0.712676,0.36288,0,61.8494,3.82253,57.6771,0.84672,12.849,0.84672,3695.15,0,0,0,1.10865,1.51758,8.47368,0.947858,10.1521,0.42336,0,0.42336,460.49,0,1.02816,0,0,2.13681,1.10865,1.028160,1,0,68.5257,0,0,0,68.5257,0
41.0321,2.22104,0,0,3.26095,0.203924,0.36288,3.6288,61.308,0.227277,0,0,1.1925,0.215202,0.750023,0.66528,12.849,1,0.703622,0.36288,0,74.4362,3.91522,70.1802,0.84672,12.849,0.84672,3695.15,0,0,0,1.31784,1.51781,7.95865,1.04665,9.74765,0.42336,0,0.42336,460.49,0,1.02816,0,0,2.346,1.31784,1.028160,1,0,80.6779,0,0,0,80.6779,0
41.7575,2.22764,0,0,3.5148,0.198892,0.36288,3.6288,61.308,0.227437,0,0,1.62709,0.217592,1.18206,0.66528,12.849,1,0.697573,0.36288,0,88.3414,3.93068,84.076,0.84672,12.849,0.84672,3695.15,0,0,0,0.832118,1.51803,7.05499,1.06311,8.34203,0.42336,0,0.42336,460.49,0,1.02816,0,0,1.86028,0.832118,1.028160,1,0,93.6001,0,0,0,93.6001,0
43.1337,1.92441,0,0,3.8893,0.225778,0.36288,3.6288,61.308,0.0929916,0,0,1.56437,0.149946,1.32143,0.66528,12.849,1,0.592152,0.36288,0,121.191,3.03787,117.924,0.84672,12.849,0.84672,3695.15,0,0,0,1.38682,1.51826,7.78827,0.819561,9.87379,0.42336,0,0.42336,460.49,0,1.02816,0,0,2.41498,1.38682,1.028160,1,0,129.119,0,0,0,129.119,0
45.539,1.93933,0,0,4.94118,0.233681,0.36288,3.6288,61.308,0.0931292,0,0,1.46083,0.138672,1.22903,0.66528,12.849,1,0.577703,0.36288,0,94.8732,2.88908,91.7693,0.84672,12.849,0.84672,3695.15,0,0,0,1.55193,1.33781,8.13027,0.778969,10.241,0.42336,0,0.42336,460.49,0,1.02816,0,0,2.58009,1.55193,1.028160,1,0,103.239,0,0,0,103.239,0
46.7148,1.9635,0,0,3.74239,0.240158,0.36288,3.6288,61.308,0.0932668,0,0,1.12301,0.138672,0.891071,0.66528,12.849,1,0.554009,0.36288,0,90.4945,2.88908,87.4143,0.84672,12.849,0.84672,3695.15,0,0,0,0.966047,1.338,7.19834,0.778969,8.72342,0.42336,0,0.42336,460.49,0,1.02816,0,0,1.99421,0.966047,1.028160,1,0,97.0288,0,0,0,97.0288,0
48.7077,1.97481,0,0,4.55336,0.222778,0.36288,3.6288,61.308,0.0934044,0,0,1.22648,0.132781,1.0003,0.66528,12.849,1,0.543175,0.36288,0,103.137,2.89594,100.061,0.84672,12.849,0.84672,3695.15,0,0,0,1.23265,1.3382,6.60938,0.79602,8.3842,0.42336,0,0.42336,460.49,0,1.02816,0,0,2.26081,1.23265,1.028160,1,0,109.446,0,0,0,109.446,0
49.6263,1.99277,0,0,3.52706,0.252889,0.36288,3.6288,61.308,0.093542,0,0,1.19419,0.176642,0.924011,0.66528,12.849,1,0.525688,0.36288,0,79.0571,3.84092,75.0534,0.84672,12.849,0.84672,3695.15,0,0,0,1.38409,1.33839,7.01732,1.00235,8.73746,0.42336,0,0.42336,460.49,0,1.02816,0,0,2.41225,1.38409,1.028160,1,0,84.7149,0,0,0,84.7149,0
49.6913,2.08276,0,0,2.79705,0.286347,0.36288,3.6288,61.308,0.246145,0,0,0.808773,0.169945,0.392682,0.66528,12.849,1,0.539258,0.36288,0,51.1855,3.41828,47.5909,0.84672,12.849,0.84672,3695.15,0,0,0,0.558835,1.33859,6.34116,0.907239,7.33134,0.42336,0,0.42336,460.49,0,0.908652,0,0,1.46749,0.558835,1.028160,1,0,55.3149,0,0,0,55.3149,0
49.8713,2.08371,0,0,2.91313,0.286544,0.36288,3.6288,61.308,0.250211,0,0,0.784909,0.169945,0.364753,0.66528,12.849,1,0.538798,0.36288,0,66.8179,3.41828,63.2237,0.84672,12.849,0.84672,3695.15,0,0,0,0.528595,1.38356,6.04586,0.907239,7.05078,0.42336,0,0.42336,460.49,0,0.904729,0,0,1.43332,0.528595,1.028160,1,0,70.6392,0,0,0,70.6392,0
49.4988,2.08565,0,0,2.36313,0.287092,0.36288,3.6288,61.308,0.180413,0,0,0.630899,0.169945,0.28054,0.66528,12.849,1,0.537352,0.36288,0,44.9721,3.41828,41.3794,0.84672,12.849,0.84672,3695.15,0,0,0,0.528595,1.38376,4.86383,0.907239,5.86895,0.42336,0,0.42336,460.49,0,0.97467,0,0,1.50326,0.528595,1.028160,1,0,47.5289,0,0,0,47.5289,0
49.2115,2.08283,0,0,2.44496,0.286547,0.36288,3.6288,61.308,0.175589,0,0,0.548328,0.15093,0.221809,0.66528,12.849,1,0.540664,0.36288,0,44.8887,3.07636,41.6345,0.84672,12.849,0.84672,3695.15,0,0,0,0.528595,1.38397,4.23728,0.859874,5.28997,0.42336,0,0.42336,460.49,0,0.979638,0,0,1.50823,0.528595,1.028160,1,0,47.1463,0,0,0,47.1463,0
48.5549,2.04873,0,0,2.00997,0.25502,0.36288,3.6288,60.9702,0.670557,0,0,0.53926,0.206468,0,0.66528,12.849,1,0.534918,0.36288,0,33.2961,3.88364,29.2405,0.84672,12.849,0.84672,3695.15,0,0,0,0.528595,1.38417,3.86529,0.94381,4.83424,0.42336,0,0.42336,460.49,0,0.472003,0,0,1.0006,0.528595,1.028160,1,0,34.0747,0,0,0,34.0747,0
47.8507,2.04339,0,0,1.95534,0.253216,0.36288,3.6288,60.7982,0.560867,0,0,0.594813,0.206027,0,0.66528,12.849,1,0.54074,0.36288,0,32.1793,3.88364,28.1178,0.84672,12.849,0.84672,3695.15,0,0,0,0.528595,1.36692,4.48162,0.94381,5.43332,0.42336,0,0.42336,460.49,0,0.581835,0,0,1.11043,0.528595,1.028160,1,0,33.5512,0,0,0,33.5512,0
47.0909,2.0375,0,0,1.89184,0.251282,0.36288,3.6288,60.6198,0.5697,0,0,0.597182,0.205802,0,0.66528,12.849,1,0.547116,0.36288,0,30.5079,3.88364,26.4401,0.84672,12.849,0.84672,3695.15,0,0,0,0.402797,1.36712,3.93259,0.94381,4.7587,0.42336,0,0.42336,460.49,0,0.573143,0,0,0.97594,0.402797,1.028160,1,0,31.1988,0,0,0,31.1988,0
46.2643,2.03095,0,0,1.80341,0.236177,0.36288,3.6288,60.31,0.604876,0,0,0.486812,0.191744,0,0.66528,12.849,1,0.554155,0.36288,0,29.2321,3.4769,25.564,0.84672,12.849,0.84672,3695.15,0,0,0,0.402797,1.36732,3.6951,0.946709,4.51851,0.42336,0,0.42336,460.49,0,0.538108,0,0,0.940905,0.402797,1.028160,1,0,30.0825,0,0,0,30.0825,0
45.4492,2.1308,0,0,1.86801,0.189389,0.36288,3.6288,60.2219,0.492705,0,0,0.622725,0.21814,0,0.66528,12.849,1,0.591787,0.36288,0,32.9961,4.25876,28.5084,0.84672,12.849,0.84672,3695.15,0,0,0,0.402797,1.36752,3.83687,1.00957,4.59761,0.42336,0,0.42336,460.49,0,0.695874,0,0,1.09867,0.402797,1.028160,1,0,33.106,0,0,0,33.106,0
44.6798,2.12292,0,0,1.89836,0.181997,0.36288,3.6288,60.1057,0.527924,0,0,0.639697,0.22795,0,0.66528,12.849,1,0.600173,0.36288,0,33.8686,4.54555,29.0858,0.84672,12.849,0.84672,3695.15,0,0,0,0.402797,1.42851,3.74615,1.0511,4.52635,0.42336,0,0.42336,460.49,0,0.660804,0,0,1.0636,0.402797,1.028160,1,0,33.6121,0,0,0,33.6121,0
43.7107,2.11529,0,0,1.68944,0.180425,0.36288,3.6288,59.9443,0.520555,0,0,0.586914,0.227781,0,0.66528,12.849,1,0.608313,0.36288,0,30.5422,4.54555,25.7512,0.84672,12.849,0.84672,3695.15,0,0,0,0.30119,1.42872,3.61003,1.0511,4.28883,0.42336,0,0.42336,460.49,0,0.668321,0,0,0.969512,0.30119,1.028160,1,0,30.0401,0,0,0,30.0401,0
42.6983,2.10526,0,0,1.59565,0.139914,0.36288,3.6288,59.6904,0.557277,0,0,0.563665,0.260314,0,0.66528,12.849,1,0.618852,0.36288,0,27.2227,4.92041,22.0463,0.84672,12.849,0.84672,3695.15,0,0,0,0.30119,1.42893,3.4382,1.14688,4.02144,0.42336,0,0.42336,460.49,0,0.631748,0,0,0.932939,0.30119,1.028160,1,0,26.0677,0,0,0,26.0677,0
41.5516,2.09437,0,0,1.44367,0.133089,0.36288,3.6288,59.5026,0.54463,0,0,0.620001,0.263118,0,0.66528,12.849,1,0.630249,0.36288,0,26.9773,5.04083,21.6691,0.84672,12.849,0.84672,3695.15,0,0,0,0.30119,1.42914,3.05529,1.17348,3.61214,0.42336,0,0.42336,460.49,0,0.644544,0,0,0.945734,0.30119,1.028160,1,0,25.2812,0,0,0,25.2812,0
40.2914,2.06076,0,0,1.27218,0.108695,0.36288,3.6288,59.3861,0.494865,0,0,0.674533,0.296236,0,0.66528,12.849,1,0.637249,0.36288,0,26.2356,5.23304,20.7282,0.84672,12.849,0.84672,3695.15,0,0,0,0.30119,1.42935,2.48379,1.30657,2.90776,0.42336,0,0.42336,460.49,0,0.719461,0,0,1.02065,0.30119,1.028160,1,0,23.636,0,0,0,23.636,0
38.9891,2.04603,0,0,1.20749,0.100868,0.36288,3.6288,59.2435,0.490655,0,0,0.655716,0.307661,0,0.66528,12.849,1,0.652482,0.36288,0,24.3138,5.24569,18.7785,0.84672,12.849,0.84672,3695.15,0,0,0,0.261274,1.4438,2.46243,1.34563,2.82187,0.42336,0,0.42336,460.49,0,0.723825,0,0,0.985098,0.261274,1.028160,1,0,21.6004,0,0,0,21.6004,0
37.6247,2.03002,0,0,1.12775,0.099346,0.36288,3.6288,58.9811,0.529152,0,0,0.574186,0.307381,0,0.66528,12.849,1,0.668999,0.36288,0,22.3887,5.24569,16.8369,0.84672,12.849,0.84672,3695.15,0,0,0,0.261274,1.44401,2.33405,1.34563,2.69371,0.42336,0,0.42336,460.49,0,0.68548,0,0,0.946754,0.261274,1.028160,1,0,19.5306,0,0,0,19.5306,0
36.2152,2.01231,0,0,1.06356,0.0977775,0.36288,3.6288,58.6269,0.582839,0,0,0.535521,0.306864,0,0.66528,12.849,1,0.687213,0.36288,0,21.4386,5.24569,15.8686,0.84672,12.849,0.84672,3695.15,0,0,0,0.261274,1.44422,2.21188,1.34563,2.57175,0.42336,0,0.42336,460.49,0,0.631947,0,0,0.89322,0.261274,1.028160,1,0,18.4403,0,0,0,18.4403,0
34.7111,2.04466,0,0,0.987846,0.084487,0.36288,3.6288,58.1448,0.685547,0,0,0.51678,0.313359,0,0.66528,12.849,1,0.725435,0.36288,0,18.8693,5.59692,12.9099,0.84672,12.849,0.84672,3695.15,0,0,0,0.261274,1.44443,1.96093,1.47412,2.19252,0.42336,0,0.42336,460.49,0,0.55169,0,0,0.812964,0.261274,1.028160,1,0,15.1024,0,0,0,15.1024,0
33.1889,2.02209,0,0,0.945804,0.0829678,0.36288,3.6288,57.6683,0.669323,0,0,0.505176,0.312387,0,0.66528,12.849,1,0.748518,0.36288,0,17.6572,5.59692,11.6747,0.84672,12.849,0.84672,3695.15,0,0,0,0.261274,1.47501,2.01537,1.47412,2.27753,0.42336,0,0.42336,460.49,0,0.568071,0,0,0.829345,0.261274,1.028160,1,0,13.9522,0,0,0,13.9522,0
31.5716,1.99772,0,0,0.824731,0.0814304,0.36288,3.6288,57.1206,0.712611,0,0,0.476383,0.311427,0,0.66528,12.849,1,0.77341,0.36288,0,16.729,5.59692,10.7216,0.84672,12.849,0.84672,3695.15,0,0,0,0.227405,1.47522,1.92573,1.47412,2.15425,0.42336,0,0.42336,460.49,0,0.52494,0,0,0.752345,0.227405,1.028160,1,0,12.8758,0,0,0,12.8758,0
29.9229,1.96992,0,0,0.760596,0.0765542,0.36288,3.6288,56.5299,0.74604,0,0,0.468197,0.312845,0,0.66528,12.849,1,0.801718,0.36288,0,15.7823,5.6717,9.67172,0.84672,12.849,0.84672,3695.15,0,0,0,0.227405,1.47544,1.9082,1.48906,2.12198,0.42336,0,0.42336,460.49,0,0.491668,0,0,0.719073,0.227405,1.028160,1,0,11.7937,0,0,0,11.7937,0
28.1888,2.08303,0,0,0.77152,0.059639,0.36288,3.6288,55.8242,0.851767,0,0,0.483456,0.337471,0,0.66528,12.849,1,0.894462,0.36288,0,16.5142,5.90784,10.0747,0.84672,12.849,0.84672,3695.15,0,0,0,0.227405,1.47566,1.75182,1.50273,1.95215,0.42336,0,0.42336,460.49,0,0.466638,0,0,0.694043,0.227405,1.028160,1,0,12.0269,0,0,0,12.0269,0
26.7392,2.04562,0,0,1.01536,0.0565239,0.36288,3.6288,55.399,0.697938,0,0,0.622324,0.349513,0,0.66528,12.849,1,0.932429,0.36288,0,21.9055,5.84871,15.4873,0.84672,12.849,0.84672,3695.15,0,0,0,0.227405,1.57658,1.94743,1.49776,2.25366,0.42336,0,0.42336,460.49,0,0.620637,0,0,0.848042,0.227405,1.028160,1,0,17.7409,0,0,0,17.7409,0
25.1112,2.01184,0,0,0.802155,0.0553989,0.36288,3.6288,54.5891,0.915613,0,0,0.454272,0.34854,0,0.66528,12.849,1,0.966752,0.36288,0,22.6058,5.84871,16.1532,0.84672,12.849,0.84672,3695.15,0,0,0,0.204422,1.57682,1.54308,1.49776,1.82656,0.42336,0,0.42336,460.49,0,0.403132,0,0,0.607554,0.204422,1.028160,1,0,17.9798,0,0,0,17.9798,0
23.7169,1.97075,0,0,0.993496,0.0541355,0.36288,3.6288,54.5585,0.439706,0,0,0.755756,0.346686,0,0.66528,12.849,1,1.0084,0.36288,0,20.034,5.84871,13.5398,0.84672,12.849,0.84672,3695.15,0,0,0,0.204422,1.57705,2.31879,1.49776,2.60251,0.42336,0,0.42336,460.49,0,0.87921,0,0,1.08363,0.204422,1.028160,1,0,16.1423,0,0,0,16.1423,0
22.3457,1.93265,0,0,0.961079,0.0368341,0.36288,3.6288,53.9893,0.740707,0,0,0.515828,0.344298,0,0.66528,12.849,1,1.04704,0.36288,0,17.9116,5.73097,11.4964,0.84672,12.849,0.84672,3695.15,0,0,0,0.204422,1.57729,2.0624,1.3702,2.47391,0.42336,0,0.42336,460.49,0,0.578379,0,0,0.782801,0.204422,1.028160,1,0,13.9704,0,0,0,13.9704,0
21.4685,1.82862,0,0,1.35651,0.0421778,0.36288,3.6288,53.5172,0.624215,0,0,0.496452,0.344334,0,0.66528,12.849,1,1.05147,0.36288,0,18.338,5.78736,11.862,0.84672,12.849,0.84672,3695.15,0,0,0,0.204422,1.57752,1.65348,1.40195,2.03347,0.42336,0,0.42336,460.49,0,0.646117,0,0,0.850539,0.204422,1.028160,1,0,13.8955,0,0,0,13.8955,0
20.7723,1.80207,0,0,1.54406,0.0752824,0.36288,3.6288,53.5768,0.333209,0,0,0.717898,0.32512,0,0.66528,12.849,1,1.07855,0.36288,0,18.0636,5.26523,12.0827,0.84672,12.849,0.84672,3695.15,0,0,0,0.216518,1.52119,2.3073,1.30523,2.73978,0.42336,0,0.42336,460.49,0,0.937284,0,0,1.1538,0.216518,1.028160,1,0,14.8224,0,0,0,14.8224,0
20.0246,1.78007,0,0,1.46981,0.0745691,0.36288,3.6288,53.5448,0.405213,0,0,0.698527,0.325275,0,0.66528,12.849,1,1.10109,0.36288,0,22.9939,5.26523,16.9905,0.84672,12.849,0.84672,3695.15,0,0,0,0.216518,1.52141,2.2843,1.30523,2.717,0.42336,0,0.42336,460.49,0,0.865443,0,0,1.08196,0.216518,1.028160,1,0,19.7075,0,0,0,19.7075,0
19.4848,1.75535,0,0,1.65218,0.0738029,0.36288,3.6288,53.8943,0.242658,0,0,0.917309,0.325192,0,0.66528,12.849,1,1.12634,0.36288,0,45.5948,5.26523,39.5661,0.84672,12.849,0.84672,3695.15,0,0,0,0.2977,1.52164,3.03394,1.30523,3.54805,0.42336,0,0.42336,460.49,0,1.02816,0,0,1.32586,0.2977,1.028160,1,0,43.1142,0,0,0,43.1142,0
20.9677,1.68729,0,0,3.64843,0.115341,0.36288,3.6288,54.3332,0.198256,0,0,0.894084,0.25689,0,0.66528,12.849,1,1.11267,0.36288,0,57.3974,5.15525,51.4924,0.84672,12.849,0.84672,3695.15,0,0,0,0.694898,1.52186,2.71644,1.22523,3.70797,0.42336,0,0.42336,460.49,0,1.02816,0,0,1.72306,0.694898,1.028160,1,0,55.2004,0,0,0,55.2004,0
21.7467,1.73641,0,0,3.00325,0.124895,0.36288,3.6288,54.5434,0.198412,0,0,0.654681,0.246074,0,0.66528,12.849,1,1.06407,0.36288,0,31.7152,5.13691,25.8771,0.84672,12.849,0.84672,3695.15,0,0,0,0.306685,1.47224,2.75882,1.2119,3.32585,0.42336,0,0.42336,460.49,0,1.02816,0,0,1.33485,0.306685,1.028160,1,0,29.2029,0,0,0,29.2029,0
23.8216,1.7607,0,0,4.32467,0.126229,0.36288,3.6288,55.1606,0.198566,0,0,1.06219,0.246416,0,0.66528,12.849,1,1.0403,0.36288,0,57.1065,5.13691,51.2922,0.84672,12.849,0.84672,3695.15,0,0,0,1.09724,1.47246,4.35307,1.2119,5.71086,0.42336,0,0.42336,460.49,0,1.02816,0,0,2.1254,1.09724,1.028160,1,0,57.003,0,0,0,57.003,0
30.21,1.8199,0,0,8.73497,0.163813,0.36288,3.6288,56.5306,0.198721,0,0,1.7998,0.231123,0,0.66528,12.849,1,0.981623,0.36288,0,74.2677,4.63649,69.0125,0.84672,12.849,0.84672,3695.15,0,0,0,1.46859,1.47268,7.05782,1.13922,8.85987,0.42336,0,0.42336,460.49,0,1.02816,0,0,2.49675,1.46859,1.028160,1,0,77.8724,0,0,0,77.8724,0
34.3547,1.80186,0,0,6.4973,0.187846,0.36288,3.6288,57.7725,0.106,0,0,1.55326,0.205346,0,0.66528,12.849,1,0.766374,0.36288,0,54.4117,4.25555,49.7527,0.84672,12.849,0.84672,3695.15,0,0,0,1.56012,1.47289,4.26694,1.03734,6.26261,0.42336,0,0.42336,460.49,0,1.02816,0,0,2.58828,1.56012,1.028160,1,0,56.0153,0,0,0,56.0153,0
36.1979,1.86951,0,0,4.28045,0.204871,0.36288,3.6288,58.7213,0.106139,0,0,1.24086,0.185946,0,0.66528,12.849,1,0.699214,0.36288,0,42.496,3.96984,38.1898,0.84672,12.849,0.84672,3695.15,0,0,0,0.829742,1.35754,4.05473,0.960927,5.28109,0.42336,0,0.42336,460.49,0,1.02816,0,0,1.8579,0.829742,1.028160,1,0,43.4709,0,0,0,43.4709,0
37.1923,1.89614,0,0,3.46287,0.209488,0.36288,3.6288,59.4237,0.106279,0,0,0.99582,0.187086,0,0.66528,12.849,1,0.673063,0.36288,0,28.8191,3.96984,24.539,0.84672,12.849,0.84672,3695.15,0,0,0,0.534747,1.35774,4.69105,0.960927,5.62261,0.42336,0,0.42336,460.49,0,1.02816,0,0,1.56291,0.534747,1.028160,1,0,30.1617,0,0,0,30.1617,0
37.3825,1.90987,0,0,2.67139,0.208359,0.36288,3.6288,60.2924,0.106418,0,0,1.17727,0.202242,0,0.66528,12.849,1,0.659813,0.36288,0,35.9991,4.46682,31.2353,0.84672,12.849,0.84672,3695.15,0,0,0,0.947834,1.35794,8.83407,1.07599,10.0639,0.42336,0,0.42336,460.49,0,1.02816,0,0,1.97599,0.947834,1.028160,1,0,41.2992,0,0,0,41.2992,0
39.3825,1.91273,0,0,4.47819,0.202636,0.36288,3.6288,61.308,0.106558,0,0,1.38072,0.224172,0.0343384,0.66528,12.849,1,0.657436,0.36288,0,59.3164,5.0844,53.9374,0.84672,12.849,0.84672,3695.15,0,0,0,0.992632,1.35813,6.18266,1.19509,7.33834,0.42336,0,0.42336,460.49,0,1.02816,0,0,2.02079,0.992632,1.028160,1,0,61.3101,0,0,0,61.3101,0
42.1182,2.00611,0,0,5.30376,0.199085,0.36288,3.6288,61.308,0.133608,0,0,2.28376,0.23539,1.91476,0.66528,12.849,1,0.654518,0.36288,0,83.4754,4.81404,78.3697,0.84672,12.849,0.84672,3695.15,0,0,0,2.33805,1.35833,10.0911,0.989266,12.7982,0.42336,0,0.42336,460.49,0,1.02816,0,0,3.36621,2.33805,1.028160,1,0,93.0826,0,0,0,93.0826,0
44.3718,2.03905,0,0,4.86113,0.205599,0.36288,3.6288,61.308,0.133744,0,0,1.8373,0.23539,1.46816,0.66528,12.849,1,0.622052,0.36288,0,132.888,4.81404,127.814,0.84672,12.849,0.84672,3695.15,0,0,0,1.51304,1.39618,8.74169,0.989266,10.6616,0.42336,0,0.42336,460.49,0,1.02816,0,0,2.5412,1.51304,1.028160,1,0,139.944,0,0,0,139.944,0
45.9702,2.06391,0,0,4.23623,0.211002,0.36288,3.6288,61.308,0.133879,0,0,1.62394,0.23539,1.25467,0.66528,12.849,1,0.597658,0.36288,0,89.0594,4.81404,84.0106,0.84672,12.849,0.84672,3695.15,0,0,0,1.64741,1.39638,7.02821,0.989266,9.08273,0.42336,0,0.42336,460.49,0,1.02816,0,0,2.67557,1.64741,1.028160,1,0,94.348,0,0,0,94.348,0
47.0629,2.08051,0,0,3.75384,0.217803,0.36288,3.6288,61.308,0.134014,0,0,1.37503,0.207685,1.03333,0.66528,12.849,1,0.581518,0.36288,0,80.0194,4.38399,75.4167,0.84672,12.849,0.84672,3695.15,0,0,0,1.31434,1.39657,6.19287,0.874355,8.02942,0.42336,0,0.42336,460.49,0,1.02816,0,0,2.3425,1.31434,1.028160,1,0,84.4795,0,0,0,84.4795,0
48.5961,2.31865,0,0,4.42879,0.213991,0.36288,3.6288,61.308,0.235256,0,0,1.75078,0.21653,1.299,0.66528,12.849,1,0.633033,0.36288,0,78.1834,4.03835,73.8749,0.84672,12.849,0.84672,3695.15,0,0,0,2.00124,1.39676,7.72027,0.91551,10.2028,0.42336,0,0.42336,460.49,0,1.02816,0,0,3.0294,2.00124,1.028160,1,0,85.3766,0,0,0,85.3766,0
50.9362,2.33485,0,0,5.25225,0.214488,0.36288,3.6288,61.308,0.235407,0,0,1.97194,0.224502,1.51203,0.66528,12.849,1,0.617344,0.36288,0,95.9593,3.96889,91.7359,0.84672,12.849,0.84672,3695.15,0,0,0,2.00394,1.52926,8.04073,0.950358,10.6236,0.42336,0,0.42336,460.49,0,1.02816,0,0,3.0321,2.00394,1.028160,1,0,103.872,0,0,0,103.872,0
53.4205,2.35791,0,0,5.42502,0.219896,0.36288,3.6288,61.308,0.235558,0,0,2.04833,0.224502,1.58827,0.66528,12.849,1,0.594799,0.36288,0,151.053,3.96889,146.852,0.84672,12.849,0.84672,3695.15,0,0,0,2.18595,1.52947,8.32611,0.950358,11.0912,0.42336,0,0.42336,460.49,0,1.02816,0,0,3.21411,2.18595,1.028160,1,0,159.532,0,0,0,159.532,0
54.1998,2.38062,0,0,3.76229,0.239509,0.36288,3.6288,61.308,0.235709,0,0,0.915451,0.215852,0.463889,0.66528,12.849,1,0.5726,0.36288,0,76.388,3.94099,72.2373,0.84672,12.849,0.84672,3695.15,0,0,0,1.24871,1.52969,6.72564,0.898471,8.60556,0.42336,0,0.42336,460.49,0,1.02816,0,0,2.27687,1.24871,1.028160,1,0,81.3067,0,0,0,81.3067,0
57.1322,2.05405,0,0,5.60125,0.251911,0.36288,3.6288,61.308,0.100088,0,0,1.84804,0.195471,1.55248,0.66528,12.849,1,0.486948,0.36288,0,129.997,3.51574,126.358,0.84672,12.849,0.84672,3695.15,0,0,0,2.35405,1.5299,9.45095,0.916776,12.4181,0.42336,0,0.42336,460.49,0,1.02816,0,0,3.38221,2.35405,1.028160,1,0,140.328,0,0,0,140.328,0
60.0737,2.07482,0,0,5.6352,0.256023,0.36288,3.6288,61.308,0.100218,0,0,1.79659,0.191932,1.50444,0.66528,12.849,1,0.466626,0.36288,0,134.579,3.36053,131.115,0.84672,12.849,0.84672,3695.15,0,0,0,2.30199,1.34787,9.43065,0.951771,12.1287,0.42336,0,0.42336,460.49,0,1.02816,0,0,3.33015,2.30199,1.028160,1,0,144.748,0,0,0,144.748,0
64.6699,2.09401,0,0,7.31657,0.263429,0.36288,3.6288,61.308,0.100348,0,0,1.95425,0.191932,1.66197,0.66528,12.849,1,0.447882,0.36288,0,157.549,3.36053,154.103,0.84672,12.849,0.84672,3695.15,0,0,0,2.71113,1.34805,12.2222,0.951771,15.3296,0.42336,0,0.42336,460.49,0,1.02816,0,0,3.73929,2.71113,1.028160,1,0,171.095,0,0,0,171.095,0
68.8476,2.12094,0,0,6.93382,0.272344,0.36288,3.6288,61.308,0.100478,0,0,1.86339,0.180478,1.58243,0.66528,12.849,1,0.4214,0.36288,0,174.056,3.18121,170.817,0.84672,12.849,0.84672,3695.15,0,0,0,2.64836,1.34824,10.958,0.921061,14.0336,0.42336,0,0.42336,460.49,0,1.02816,0,0,3.67652,2.64836,1.028160,1,0,186.433,0,0,0,186.433,0
72.29,2.14286,0,0,9.57027,0.28075,3.70423,3.6288,61.308,0.100608,0,0,2.55803,0.204717,2.2527,0.66528,12.849,1,0.399922,3.70423,0,262.242,3.93369,261.613,0.84672,12.849,0.84672,3695.15,0,0,0,3.19188,1.34842,17.3076,1.14603,20.7018,0.42336,0,0.42336,460.49,0,1.02816,0,0,4.22004,3.19188,1.028160,1,0,284.567,0,0,0,284.567,0
72.29,2.24769,0,0,8.24567,0.279298,5.71868,3.6288,61.308,0.133979,0,0,2.60957,0.193003,2.28258,0.66528,12.849,1,0.399511,5.71868,0,152.186,3.87639,153.629,0.84672,12.849,0.84672,3695.15,0,0,0,3.32687,1.3486,12.3844,1.23323,15.8266,0.42336,0,0.42336,460.49,0,1.02816,0,0,4.35503,3.32687,1.028160,1,0,171.738,0,0,0,171.738,0
72.29,2.24809,0,0,8.03676,0.279298,5.50937,3.6288,61.308,0.134114,0,0,2.39814,0.193003,2.07103,0.66528,12.849,1,0.399581,5.50937,0,236.255,3.87639,237.488,0.84672,12.849,0.84672,3695.15,0,0,0,3.31311,1.39395,11.6159,1.23323,15.0897,0.42336,0,0.42336,460.49,0,1.02816,0,0,4.34127,3.31311,1.028160,1,0,254.649,0,0,0,254.649,0
72.29,2.24848,0,0,7.39022,0.221301,4.92044,3.6288,61.308,0.134249,0,0,2.38293,0.219102,2.02958,0.66528,12.849,1,0.399651,4.92044,0,217.974,4.22814,218.267,0.84672,12.849,0.84672,3695.15,0,0,0,3.02808,1.39415,11.4992,1.2826,14.6389,0.42336,0,0.42336,460.49,0,1.02816,0,0,4.05624,3.02808,1.028160,1,0,234.935,0,0,0,234.935,0
72.29,2.24888,0,0,6.75959,0.198103,4.31261,3.6288,61.308,0.134384,0,0,2.2008,0.229542,1.83687,0.66528,12.849,1,0.399721,4.31261,0,138.538,4.36884,138.082,0.84672,12.849,0.84672,3695.15,0,0,0,2.87004,1.39434,9.79646,1.30235,12.7585,0.42336,0,0.42336,460.49,0,1.02816,0,0,3.8982,2.87004,1.028160,1,0,152.678,0,0,0,152.678,0
72.29,2.21473,0,0,4.64504,0.177654,2.25265,3.6288,61.308,0.121601,0,0,1.49428,0.230586,1.14209,0.66528,12.849,1,0.393652,2.25265,0,111.408,3.7989,109.468,0.84672,12.849,0.84672,3695.15,0,0,0,1.47506,1.39453,7.39019,1.15134,9.10845,0.42336,0,0.42336,460.49,0,1.02816,0,0,2.50322,1.47506,1.028160,1,0,119.718,0,0,0,119.718,0
72.29,2.21512,0,0,3.87571,0.177654,1.48294,3.6288,61.308,0.121734,0,0,1.35435,0.230586,1.00203,0.66528,12.849,1,0.393721,1.48294,0,90.091,3.7989,87.3813,0.84672,12.849,0.84672,3695.15,0,0,0,1.12776,1.37712,5.87341,1.15134,7.22695,0.42336,0,0.42336,460.49,0,1.02816,0,0,2.15592,1.12776,1.028160,1,0,95.6103,0,0,0,95.6103,0
72.29,2.21551,0,0,3.43637,0.177654,1.04321,3.6288,61.308,0.121867,0,0,1.2302,0.230586,0.877745,0.66528,12.849,1,0.39379,1.04321,0,78.0607,3.7989,74.9112,0.84672,12.849,0.84672,3695.15,0,0,0,0.854366,1.3773,5.0791,1.15134,6.15944,0.42336,0,0.42336,460.49,0,1.02816,0,0,1.88253,0.854366,1.028160,1,0,81.9484,0,0,0,81.9484,0
72.29,2.2159,0,0,3.11369,0.173334,0.724463,3.6288,61.308,0.122,0,0,1.10298,0.224897,0.756085,0.66528,12.849,1,0.393859,0.724463,0,68.7779,3.68094,65.4275,0.84672,12.849,0.84672,3695.15,0,0,0,0.683389,1.37749,4.64564,1.12142,5.58511,0.42336,0,0.42336,460.49,0,1.02816,0,0,1.71155,0.683389,1.028160,1,0,71.7687,0,0,0,71.7687,0
72.1764,2.64534,0,0,3.03797,0.143366,0.36288,3.6288,61.308,0.275532,0,0,1.0151,0.236771,0.502794,0.66528,12.849,1,0.470188,0.36288,0,64.3735,4.0605,60.2057,0.84672,12.849,0.84672,3695.15,0,0,0,0.629899,1.37768,4.47598,1.13041,5.35315,0.42336,0,0.42336,460.49,0,1.02816,0,0,1.65806,0.629899,1.028160,1,0,66.0617,0,0,0,66.0617,0
72.29,2.33345,0,0,2.95445,0.140879,0.366507,3.6288,61.308,0.168115,0,0,0.957208,0.292037,0.497056,0.66528,12.849,1,0.415406,0.366507,0,58.9341,4.90118,53.9841,0.84672,12.849,0.84672,3695.15,0,0,0,0.581723,1.59108,4.50296,1.33717,5.3386,0.42336,0,0.42336,460.49,0,1.02816,0,0,1.60988,0.581723,1.028160,1,0,59.8197,0,0,0,59.8197,0
71.9387,2.64625,0,0,2.74646,0.0886734,0.36288,3.6288,61.308,0.275847,0,0,0.899744,0.281398,0.342499,0.66528,12.849,1,0.470351,0.36288,0,56.8938,5.02341,51.7629,0.84672,12.849,0.84672,3695.15,0,0,0,0.386614,1.43938,4.24385,1.30604,4.7638,0.42336,0,0.42336,460.49,0,1.02816,0,0,1.41477,0.386614,1.028160,1,0,56.8692,0,0,0,56.8692,0
71.7295,2.3331,0,0,2.57524,0.0884371,0.36288,3.6288,61.308,0.168396,0,0,0.876139,0.281398,0.426345,0.66528,12.849,1,0.416716,0.36288,0,51.0499,5.02341,45.9726,0.84672,12.849,0.84672,3695.15,0,0,0,0.436424,1.59153,3.893,1.30604,4.61491,0.42336,0,0.42336,460.49,0,1.02816,0,0,1.46458,0.436424,1.028160,1,0,51.0139,0,0,0,51.0139,0
71.09,2.58173,0,0,2.38985,0.0847186,0.36288,3.6288,61.308,0.254636,0,0,0.87569,0.285977,0.335077,0.66528,12.849,1,0.462469,0.36288,0,47.695,5.0934,42.502,0.84672,12.849,0.84672,3695.15,0,0,0,0.579571,1.43977,3.88108,1.31762,4.58281,0.42336,0,0.42336,460.49,0,1.02816,0,0,1.60773,0.579571,1.028160,1,0,47.4199,0,0,0,47.4199,0
70.1608,2.55326,0,0,2.06236,0.0754049,0.36288,3.6288,61.308,0.282433,0,0,0.902604,0.297423,0.322747,0.66528,12.849,1,0.461483,0.36288,0,51.6639,5.26837,46.2969,0.84672,12.849,0.84672,3695.15,0,0,0,0.762972,1.56157,4.44461,1.34655,5.42261,0.42336,0,0.42336,460.49,0,1.02816,0,0,1.79113,0.762972,1.028160,1,0,52.0423,0,0,0,52.0423,0
69.0715,2.6101,0,0,1.95852,0.0748684,0.36288,3.6288,61.308,0.30473,0,0,0.821154,0.297423,0.219001,0.66528,12.849,1,0.478005,0.36288,0,46.7561,5.26837,41.3726,0.84672,12.849,0.84672,3695.15,0,0,0,0.697974,1.57753,4.3496,1.34655,5.27855,0.42336,0,0.42336,460.49,0,1.02816,0,0,1.72613,0.697974,1.028160,1,0,46.8702,0,0,0,46.8702,0
67.8448,2.60419,0,0,1.81464,0.0742395,0.36288,3.6288,61.308,0.304892,0,0,0.743472,0.297423,0.141157,0.66528,12.849,1,0.484444,0.36288,0,44.5078,5.26837,39.1179,0.84672,12.849,0.84672,3695.15,0,0,0,0.60861,1.6085,4.01274,1.34655,4.88329,0.42336,0,0.42336,460.49,0,1.02816,0,0,1.63677,0.60861,1.028160,1,0,44.1423,0,0,0,44.1423,0
66.5464,2.59728,0,0,1.73532,0.0735312,0.36288,3.6288,61.308,0.305054,0,0,0.745114,0.297423,0.142636,0.66528,12.849,1,0.491893,0.36288,0,41.3035,5.26837,35.9061,0.84672,12.849,0.84672,3695.15,0,0,0,0.442333,1.60873,3.82291,1.34655,4.52741,0.42336,0,0.42336,460.49,0,1.02816,0,0,1.47049,0.442333,1.028160,1,0,40.5762,0,0,0,40.5762,0
65.0792,2.59353,0,0,1.54824,0.0590778,0.36288,3.6288,61.308,0.307718,0,0,0.722304,0.284583,0.130003,0.66528,12.849,1,0.500766,0.36288,0,36.8637,4.58523,32.1406,0.84672,12.849,0.84672,3695.15,0,0,0,0.276419,1.60895,3.75278,1.19539,4.44276,0.42336,0,0.42336,460.49,0,1.02816,0,0,1.30458,0.276419,1.028160,1,0,36.7133,0,0,0,36.7133,0
63.5439,2.58454,0,0,1.45405,0.0419533,0.36288,3.6288,61.308,0.328521,0,0,0.680296,0.340202,0.0115738,0.66528,12.849,1,0.510283,0.36288,0,34.7229,5.54936,29.0261,0.84672,12.849,0.84672,3695.15,0,0,0,0.261274,1.61197,3.06653,1.49642,3.44335,0.42336,0,0.42336,460.49,0,1.00752,0,0,1.26879,0.261274,1.028160,1,0,32.481,0,0,0,32.481,0
62.0351,2.63678,0,0,1.53235,0.0414363,0.36288,3.6288,61.2868,0.33074,0,0,0.649728,0.340202,0,0.66528,12.849,1,0.533175,0.36288,0,33.7809,5.54936,28.0613,0.84672,12.849,0.84672,3695.15,0,0,0,0.431957,1.61219,3.01743,1.49642,3.56515,0.42336,0,0.42336,460.49,0,1.02816,0,0,1.46012,0.431957,1.028160,1,0,31.6264,0,0,0,31.6264,0
60.5333,2.62649,0,0,1.52846,0.0409282,0.36288,3.6288,61.308,0.345559,0,0,0.726662,0.340156,0.0197336,0.66528,12.849,1,0.544011,0.36288,0,41.8289,5.54936,36.0984,0.84672,12.849,0.84672,3695.15,0,0,0,0.227405,1.64394,3.42643,1.49642,3.80135,0.42336,0,0.42336,460.49,0,1.01351,0,0,1.24091,0.227405,1.028160,1,0,39.9195,0,0,0,39.9195,0
58.76,2.7415,0,0,1.37049,0.0394117,0.36288,3.6288,61.1674,0.397401,0,0,0.586789,0.329963,0,0.66528,12.849,1,0.58192,0.36288,0,30.9305,5.47282,25.2386,0.84672,12.849,0.84672,3695.15,0,0,0,0.239276,1.64417,3.16617,1.49561,3.55401,0.42336,0,0.42336,460.49,0,1.02816,0,0,1.26744,0.239276,1.028160,1,0,28.7926,0,0,0,28.7926,0
57.0117,2.79289,0,0,1.43464,0.0271904,0.36288,3.6288,61.0042,0.42224,0,0,0.581087,0.322069,0,0.66528,12.849,1,0.610719,0.36288,0,27.9787,5.54526,22.1856,0.84672,12.849,0.84672,3695.15,0,0,0,0.362569,1.7242,2.97651,1.52938,3.5339,0.42336,0,0.42336,460.49,0,1.02816,0,0,1.39073,0.362569,1.028160,1,0,25.7195,0,0,0,25.7195,0
55.1029,2.77808,0,0,1.25897,0.0267303,0.36288,3.6288,60.8206,0.422421,0,0,0.5606,0.321736,0,0.66528,12.849,1,0.62611,0.36288,0,35.566,5.54526,29.7575,0.84672,12.849,0.84672,3695.15,0,0,0,0.30062,1.75842,2.8583,1.52938,3.38796,0.42336,0,0.42336,460.49,0,1.02816,0,0,1.32878,0.30062,1.028160,1,0,33.1454,0,0,0,33.1454,0
53.5616,2.43805,0,0,1.2858,0.026228,0.36288,3.6288,60.8431,0.299246,0,0,0.643062,0.321362,0,0.66528,12.849,1,0.568508,0.36288,0,30.8089,5.54526,25.0581,0.84672,12.849,0.84672,3695.15,0,0,0,0.375952,1.75866,2.96827,1.52938,3.57351,0.42336,0,0.42336,460.49,0,1.02816,0,0,1.40411,0.375952,1.028160,1,0,28.6316,0,0,0,28.6316,0
52.0214,2.42527,0,0,1.27399,0.0259825,0.36288,3.6288,60.867,0.299407,0,0,0.634483,0.311156,0,0.66528,12.849,1,0.581803,0.36288,0,32.4993,5.52547,26.7549,0.84672,12.849,0.84672,3695.15,0,0,0,0.679752,1.58898,3.70293,1.51645,4.45521,0.42336,0,0.42336,460.49,0,1.02816,0,0,1.70791,0.679752,1.028160,1,0,31.2101,0,0,0,31.2101,0
51.3711,2.33088,0,0,2.0699,0.02652,0.36288,3.6288,61.308,0.250235,0,0,0.978319,0.249678,0.0374265,0.66528,12.849,1,0.575715,0.36288,0,44.52,5.40676,38.9004,0.84672,12.849,0.84672,3695.15,0,0,0,1.44512,1.5892,5.43655,1.43888,7.03199,0.42336,0,0.42336,460.49,0,1.02816,0,0,2.47328,1.44512,1.028160,1,0,45.9698,0,0,0,45.9698,0
49.6725,2.32546,0,0,1.01614,0.0263414,0.36288,3.6288,61.308,0.250388,0,0,0.599816,0.250376,0.0990515,0.66528,12.849,1,0.581647,0.36288,0,44.8539,5.40676,39.2283,0.84672,12.849,0.84672,3695.15,0,0,0,0.465428,1.53238,3.11725,1.43888,3.67619,0.42336,0,0.42336,460.49,0,1.02816,0,0,1.49359,0.465428,1.028160,1,0,43.0036,0,0,0,43.0036,0
48.0188,2.31006,0,0,1.04506,0.025875,0.36288,3.6288,61.308,0.250541,0,0,0.651586,0.250376,0.150669,0.66528,12.849,1,0.597552,0.36288,0,29.2517,5.40676,23.6102,0.84672,12.849,0.84672,3695.15,0,0,0,0.244581,1.5326,2.52848,1.43888,2.86678,0.42336,0,0.42336,460.49,0,1.02816,0,0,1.27274,0.244581,1.028160,1,0,26.6277,0,0,0,26.6277,0
48.1674,2.29422,0,0,2.92025,0.114495,0.36288,3.6288,61.308,0.250694,0,0,1.21269,0.261974,0.700025,0.66528,12.849,1,0.613893,0.36288,0,47.6345,4.75508,42.6284,0.84672,12.849,0.84672,3695.15,0,0,0,2.29172,1.53281,7.79848,1.29104,10.332,0.42336,0,0.42336,460.49,0,1.02816,0,0,3.31988,2.29172,1.028160,1,0,53.6604,0,0,0,53.6604,0
48.9041,2.23063,0,0,3.46042,0.130213,0.36288,3.6288,61.308,0.205914,0,0,1.28631,0.219692,0.8607,0.66528,12.849,1,0.595036,0.36288,0,91.0446,3.9276,86.8848,0.84672,12.849,0.84672,3695.15,0,0,0,1.52752,1.53302,7.21713,0.99631,9.28136,0.42336,0,0.42336,460.49,0,1.02816,0,0,2.55568,1.52752,1.028160,1,0,97.0269,0,0,0,97.0269,0
50.0213,2.23812,0,0,3.85327,0.135118,0.36288,3.6288,61.308,0.20606,0,0,2.3289,0.199468,1.92338,0.66528,12.849,1,0.58804,0.36288,0,96.641,3.59982,92.816,0.84672,12.849,0.84672,3695.15,0,0,0,3.33939,1.48298,12.9538,0.886861,16.8893,0.42336,0,0.42336,460.49,0,1.02816,0,0,4.36755,3.33939,1.028160,1,0,111.629,0,0,0,111.629,0
53.2504,2.54856,0,0,6.27731,0.136742,0.36288,3.6288,61.308,0.318364,0,0,1.69495,0.199468,1.17712,0.66528,12.849,1,0.654651,0.36288,0,108.674,3.59982,104.782,0.84672,12.849,0.84672,3695.15,0,0,0,3.48028,1.48318,12.0353,0.886861,16.1119,0.42336,0,0.42336,460.49,0,1.02816,0,0,4.50844,3.48028,1.028160,1,0,122.071,0,0,0,122.071,0
55.4658,2.27757,0,0,5.01676,0.160953,0.36288,3.6288,61.308,0.206352,0,0,1.56318,0.195781,1.16105,0.66528,12.849,1,0.549565,0.36288,0,111.347,4.12461,107.036,0.84672,12.849,0.84672,3695.15,0,0,0,2.73991,1.64061,10.1108,1.01376,13.4775,0.42336,0,0.42336,460.49,0,1.02816,0,0,3.76807,2.73991,1.028160,1,0,121.674,0,0,0,121.674,0
56.7378,2.38721,0,0,4.21351,0.191418,0.36288,3.6288,61.308,0.21378,0,0,1.73054,0.202232,1.31453,0.66528,12.849,1,0.553012,0.36288,0,127.143,4.31112,122.642,0.84672,12.849,0.84672,3695.15,0,0,0,5.22062,1.48359,13.1942,1.0772,18.8212,0.42336,0,0.42336,460.49,0,1.02816,0,0,6.24878,5.22062,1.028160,1,0,142.777,0,0,0,142.777,0
57.7698,2.39773,0,0,4.01817,0.225569,0.36288,3.6288,61.308,0.213928,0,0,1.13745,0.211653,0.711867,0.66528,12.849,1,0.542997,0.36288,0,147.334,4.44318,142.71,0.84672,12.849,0.84672,3695.15,0,0,0,4.35701,1.51052,10.3783,1.13359,15.1122,0.42336,0,0.42336,460.49,0,1.02816,0,0,5.38517,4.35701,1.028160,1,0,158.534,0,0,0,158.534,0
59.7946,2.40608,0,0,5.02169,0.227867,0.36288,3.6288,61.308,0.214075,0,0,2.45948,0.211653,2.03375,0.66528,12.849,1,0.535155,0.36288,0,184.175,4.44318,179.559,0.84672,12.849,0.84672,3695.15,0,0,0,4.11811,1.51073,10.6293,1.13359,15.1245,0.42336,0,0.42336,460.49,0,1.02816,0,0,5.14627,4.11811,1.028160,1,0,196.717,0,0,0,196.717,0
61.2506,2.42142,0,0,4.47262,0.232375,0.36288,3.6288,61.308,0.214222,0,0,3.02508,0.211653,2.5992,0.66528,12.849,1,0.520328,0.36288,0,164.172,4.44318,159.571,0.84672,12.849,0.84672,3695.15,0,0,0,5.96915,1.51094,12.8204,1.13359,19.1669,0.42336,0,0.42336,460.49,0,1.02816,0,0,6.99731,5.96915,1.028160,1,0,181.338,0,0,0,181.338,0
61.0004,2.68203,0,0,3.00891,0.214189,0.36288,3.6288,61.308,0,0,0,0.824723,0.171011,0.653711,0.66528,12.849,1,0.562629,0.36288,0,107.885,4.01457,103.671,0.84672,12.849,0.84672,3695.15,0,0,0,3.34479,1.51115,7.41917,0.824696,11.4504,0.42336,0,0.42336,460.49,0,0.94013,0,0,4.28492,3.34479,1.028160,1,0,115.775,0,0,0,115.775,0
60.2841,2.7645,0,0,2.68266,0.271611,0.36288,3.6288,61.308,0,0,0,1.20408,0.143208,1.06087,0.66528,12.849,1,0.582308,0.36288,0,47.4357,3.46594,43.7503,0.84672,12.849,0.84672,3695.15,0,0,0,2.25459,1.33439,11.0005,0.753483,13.836,0.42336,0,0.42336,460.49,0,0.970674,0,0,3.22527,2.25459,1.028160,1,0,58.6472,0,0,0,58.6472,0
60.838,2.50993,0,0,3.69679,0.269988,0.36288,3.6288,61.308,0.245057,0,0,1.5036,0.143208,1.11534,0.66528,12.849,1,0.534968,0.36288,0,91.2009,3.46594,87.5629,0.84672,12.849,0.84672,3695.15,0,0,0,2.03397,1.37713,11.8259,0.753483,14.4835,0.42336,0,0.42336,460.49,0,1.02816,0,0,3.06213,2.03397,1.028160,1,0,103.162,0,0,0,103.162,0
61.1418,2.51436,0,0,3.45227,0.271245,0.36288,3.6288,61.308,0.245199,0,0,2.24596,0.143208,1.85755,0.66528,12.849,1,0.531032,0.36288,0,86.3093,3.46594,82.6752,0.84672,12.849,0.84672,3695.15,0,0,0,3.22309,1.5543,13.3476,0.753483,17.3715,0.42336,0,0.42336,460.49,0,1.02816,0,0,4.25125,3.22309,1.028160,1,0,101.904,0,0,0,101.904,0
62.7023,2.76683,0,0,4.96693,0.276708,0.36288,3.6288,61.308,0,0,0,3.21576,0.140732,3.07503,0.66528,12.849,1,0.581451,0.36288,0,111.169,3.50275,107.448,0.84672,12.849,0.84672,3695.15,0,0,0,3.74575,1.5545,16.2986,0.745351,20.8535,0.42336,0,0.42336,460.49,0,0.971101,0,0,4.71685,3.74575,1.028160,1,0,131.376,0,0,0,131.376,0
64.5376,3.05033,0,0,5.54372,0.29527,0.36288,3.6288,61.308,0.0572811,0,0,3.46378,0.163146,3.24336,0.66528,12.849,1,0.625074,0.36288,0,140.011,3.74168,136.007,0.84672,12.849,0.84672,3695.15,0,0,0,7.08953,1.37774,15.3627,0.94735,22.8826,0.42336,0,0.42336,460.49,0,1.02816,0,0,8.11769,7.08953,1.028160,1,0,162.133,0,0,0,162.133,0
64.466,2.81341,0,0,3.39366,0.289004,0.36288,3.6288,61.308,0.35984,0,0,1.72882,0.191102,1.17788,0.66528,12.849,1,0.560131,0.36288,0,60.2018,3.75522,56.2493,0.84672,12.849,0.84672,3695.15,0,0,0,3.31426,1.52738,8.05032,1.13544,11.7565,0.42336,0,0.42336,460.49,0,1.02816,0,0,4.34242,3.31426,1.028160,1,0,69.1837,0,0,0,69.1837,0
63.4887,3.06548,0,0,2.73994,0.288837,0.36288,3.6288,61.308,0.0575994,0,0,1.64442,0.191102,1.39572,0.66528,12.849,1,0.610995,0.36288,0,49.4209,3.75522,45.4176,0.84672,12.849,0.84672,3695.15,0,0,0,1.71317,1.70457,6.3859,1.13544,8.6682,0.42336,0,0.42336,460.49,0,1.02816,0,0,2.74133,1.71317,1.028160,1,0,55.4815,0,0,0,55.4815,0
64.3935,3.05811,0,0,4.61231,0.28656,0.36288,3.6288,61.308,0.0577584,0,0,2.22043,0.191102,1.97157,0.66528,12.849,1,0.618908,0.36288,0,102.658,3.75522,98.6472,0.84672,12.849,0.84672,3695.15,0,0,0,2.3164,1.52783,17.4919,1.13544,20.2006,0.42336,0,0.42336,460.49,0,1.02816,0,0,3.34456,2.3164,1.028160,1,0,120.819,0,0,0,120.819,0
65.7201,2.6772,0,0,4.65422,0.287542,0.36288,3.6288,61.308,0,0,0,2.22235,0.220889,2.00146,0.66528,12.849,1,0.534205,0.36288,0,109.474,4.10974,105.193,0.84672,12.849,0.84672,3695.15,0,0,0,2.82273,1.52805,9.98983,1.09269,13.2479,0.42336,0,0.42336,460.49,0,0.932733,0,0,3.75546,2.82273,1.028160,1,0,120.442,0,0,0,120.442,0
67.8434,2.68661,0,0,5.46272,0.28988,0.36288,3.6288,61.308,0,0,0,2.0132,0.256943,1.75625,0.66528,12.849,1,0.525262,0.36288,0,82.8101,4.49085,78.1568,0.84672,12.849,0.84672,3695.15,0,0,0,3.05001,1.32245,10.1604,1.11623,13.4166,0.42336,0,0.42336,460.49,0,0.93287,0,0,3.98288,3.05001,1.028160,1,0,93.3297,0,0,0,93.3297,0
70.0396,2.70083,0,0,5.55464,0.294796,0.36288,3.6288,61.308,0,0,0,1.77097,0.256943,1.51402,0.66528,12.849,1,0.511515,0.36288,0,84.5139,4.49085,79.8744,0.84672,12.849,0.84672,3695.15,0,0,0,3.24335,1.32264,9.01446,1.11623,12.4642,0.42336,0,0.42336,460.49,0,0.933007,0,0,4.17636,3.24335,1.028160,1,0,93.8526,0,0,0,93.8526,0
71.727,2.71478,0,0,5.06503,0.299879,0.36288,3.6288,61.308,0,0,0,2.02741,0.256943,1.77047,0.66528,12.849,1,0.498035,0.36288,0,76.7223,4.49085,72.0963,0.84672,12.849,0.84672,3695.15,0,0,0,3.26731,1.32283,11.245,1.11623,14.719,0.42336,0,0.42336,460.49,0,0.933143,0,0,4.20046,3.26731,1.028160,1,0,88.5858,0,0,0,88.5858,0
72.29,2.72511,0,0,7.05513,0.330832,3.43623,3.6288,61.308,0,0,0,2.54851,0.202004,2.3465,0.66528,12.849,1,0.48817,3.43623,0,107.387,3.93801,106.397,0.84672,12.849,0.84672,3695.15,0,0,0,2.99795,1.32303,12.9593,0.912611,16.3677,0.42336,0,0.42336,460.49,0,0.93328,0,0,3.93123,2.99795,1.028160,1,0,125.112,0,0,0,125.112,0
72.29,2.82844,0,0,4.24219,0.367277,1.04647,3.6288,61.308,0,0,0,1.72154,0.228438,1.4931,0.66528,12.849,1,0.502734,1.04647,0,50.8444,4.60152,46.7866,0.84672,12.849,0.84672,3695.15,0,0,0,1.64288,1.32322,6.97594,1.14789,8.79415,0.42336,0,0.42336,460.49,0,0.970958,0,0,2.61383,1.64288,1.028160,1,0,57.0739,0,0,0,57.0739,0
72.1936,2.82886,0,0,3.46258,0.367277,0.36288,3.6288,61.308,0,0,0,1.41018,0.228438,1.18174,0.66528,12.849,1,0.502808,0.36288,0,39.7977,4.60152,35.0563,0.84672,12.849,0.84672,3695.15,0,0,0,1.23976,1.37442,6.50311,1.14789,7.96942,0.42336,0,0.42336,460.49,0,0.9711,0,0,2.21086,1.23976,1.028160,1,0,44.2074,0,0,0,44.2074,0
72.29,2.57199,0,0,3.54195,0.301076,0.572451,3.6288,61.308,0.245482,0,0,1.39412,0.208064,0.940569,0.66528,12.849,1,0.457763,0.572451,0,46.9137,3.51756,43.5109,0.84672,12.849,0.84672,3695.15,0,0,0,1.07295,1.37463,6.28646,1.02315,7.71089,0.42336,0,0.42336,460.49,0,1.02816,0,0,2.10111,1.07295,1.028160,1,0,52.1623,0,0,0,52.1623,0
71.7919,2.82969,0,0,2.98476,0.2903,0.36288,3.6288,61.308,0,0,0,1.20206,0.204668,0.997389,0.66528,12.849,1,0.502955,0.36288,0,38.65,3.3369,35.173,0.84672,12.849,0.84672,3695.15,0,0,0,0.939766,1.55179,5.81518,1.00236,7.30437,0.42336,0,0.42336,460.49,0,0.971385,0,0,1.91115,0.939766,1.028160,1,0,43.4748,0,0,0,43.4748,0
71.6991,2.53168,0,0,3.09449,0.292699,0.36288,3.6288,61.308,0.231178,0,0,0.992771,0.187549,0.574044,0.66528,12.849,1,0.453109,0.36288,0,41.0278,4.09344,36.8441,0.84672,12.849,0.84672,3695.15,0,0,0,0.612913,1.37503,5.03126,1.07169,5.94751,0.42336,0,0.42336,460.49,0,1.02816,0,0,1.64107,0.612913,1.028160,1,0,43.3657,0,0,0,43.3657,0
71.4647,2.53159,0,0,2.8832,0.223166,0.36288,3.6288,61.308,0.351613,0,0,0.784261,0.217394,0.215255,0.66528,12.849,1,0.45368,0.36288,0,38.4032,4.50783,33.8045,0.84672,12.849,0.84672,3695.15,0,0,0,0.528595,1.53231,4.52898,1.10046,5.48942,0.42336,0,0.42336,460.49,0,0.907865,0,0,1.43646,0.528595,1.028160,1,0,39.5092,0,0,0,39.5092,0
70.9196,2.78706,0,0,2.79974,0.194854,0.36288,3.6288,61.308,0,0,0,0.84786,0.230473,0.617387,0.66528,12.849,1,0.501099,0.36288,0,37.0398,4.62315,32.2784,0.84672,12.849,0.84672,3695.15,0,0,0,0.582775,1.53251,5.01201,1.10735,6.01995,0.42336,0,0.42336,460.49,0,0.957218,0,0,1.53999,0.582775,1.028160,1,0,38.9157,0,0,0,38.9157,0
70.1823,2.7842,0,0,2.60377,0.194043,0.36288,3.6288,61.308,0,0,0,0.784555,0.230473,0.554082,0.66528,12.849,1,0.504433,0.36288,0,33.8806,4.62315,29.1159,0.84672,12.849,0.84672,3695.15,0,0,0,0.437276,1.35575,4.62783,1.10735,5.3135,0.42336,0,0.42336,460.49,0,0.957358,0,0,1.39463,0.437276,1.028160,1,0,34.9835,0,0,0,34.9835,0
69.3808,2.91201,0,0,2.65963,0.186238,0.36288,3.6288,61.308,0.00663727,0,0,0.861607,0.23191,0.623059,0.66528,12.849,1,0.533132,0.36288,0,35.4665,4.81017,30.4861,0.84672,12.849,0.84672,3695.15,0,0,0,0.402797,1.35595,4.25264,1.09282,4.91857,0.42336,0,0.42336,460.49,0,1.00263,0,0,1.40543,0.402797,1.028160,1,0,36.0277,0,0,0,36.0277,0
68.3171,2.90724,0,0,2.38267,0.176199,0.36288,3.6288,61.308,0,0,0,0.813707,0.233826,0.57988,0.66528,12.849,1,0.538408,0.36288,0,33.9318,5.05953,28.6967,0.84672,12.849,0.84672,3695.15,0,0,0,0.443713,1.42538,3.8904,1.07344,4.68606,0.42336,0,0.42336,460.49,0,1.00941,0,0,1.45313,0.443713,1.028160,1,0,33.9627,0,0,0,33.9627,0
67.189,2.90061,0,0,2.31015,0.174745,0.36288,3.6288,61.308,0.0184586,0,0,0.74412,0.233826,0.491835,0.66528,12.849,1,0.545543,0.36288,0,31.1946,5.05953,25.9524,0.84672,12.849,0.84672,3695.15,0,0,0,0.30119,1.42559,3.61851,1.07344,4.27185,0.42336,0,0.42336,460.49,0,0.991103,0,0,1.29229,0.30119,1.028160,1,0,30.7161,0,0,0,30.7161,0
65.8433,2.89334,0,0,2.05598,0.145525,0.36288,3.6288,61.308,0.0729348,0,0,0.706294,0.252713,0.380646,0.66528,12.849,1,0.553313,0.36288,0,27.597,5.27373,22.1329,0.84672,12.849,0.84672,3695.15,0,0,0,0.30119,1.4258,3.52005,1.12817,4.11887,0.42336,0,0.42336,460.49,0,0.936775,0,0,1.23797,0.30119,1.028160,1,0,26.6324,0,0,0,26.6324,0
64.3077,2.8843,0,0,1.83142,0.119791,0.36288,3.6288,61.308,0.107764,0,0,0.663571,0.264972,0.290835,0.66528,12.849,1,0.562858,0.36288,0,24.798,5.4202,19.1778,0.84672,12.849,0.84672,3695.15,0,0,0,0.30119,1.42601,3.33754,1.17764,3.88709,0.42336,0,0.42336,460.49,0,0.902094,0,0,1.20328,0.30119,1.028160,1,0,23.3558,0,0,0,23.3558,0
62.0576,2.84779,0,0,1.05723,0.0966927,0.36288,3.6288,61.308,0.0103181,0,0,0.551842,0.253536,0.287987,0.66528,12.849,1,0.569002,0.36288,0,16.4377,5.33516,10.8964,0.84672,12.849,0.84672,3695.15,0,0,0,0.311835,1.42621,2.62454,1.22823,3.13436,0.42336,0,0.42336,460.49,0,1.02816,0,0,1.33999,0.311835,1.028160,1,0,14.3188,0,0,0,14.3188,0
59.7544,2.83111,0,0,0.985694,0.0949354,0.36288,3.6288,61.308,0.013909,0,0,0.530239,0.253536,0.262794,0.66528,12.849,1,0.58618,0.36288,0,16.2202,5.33516,10.6618,0.84672,12.849,0.84672,3695.15,0,0,0,0.261274,1.44263,2.6818,1.22823,3.15748,0.42336,0,0.42336,460.49,0,1.02472,0,0,1.28599,0.261274,1.028160,1,0,14.082,0,0,0,14.082,0
57.3784,2.81292,0,0,0.892892,0.0930749,0.36288,3.6288,61.308,0.0779797,0,0,0.506682,0.253536,0.175166,0.66528,12.849,1,0.604864,0.36288,0,15.9402,5.33516,10.3631,0.84672,12.849,0.84672,3695.15,0,0,0,0.261274,1.44285,2.53351,1.22823,3.0094,0.42336,0,0.42336,460.49,0,0.960803,0,0,1.22208,0.261274,1.028160,1,0,13.5476,0,0,0,13.5476,0
54.9489,2.79287,0,0,0.812981,0.086748,0.36288,3.6288,61.308,0.194867,0,0,0.47918,0.264505,0.0198082,0.66528,12.849,1,0.62542,0.36288,0,14.0321,5.47631,8.29321,0.84672,12.849,0.84672,3695.15,0,0,0,0.261274,1.44306,2.45899,1.27975,2.88357,0.42336,0,0.42336,460.49,0,0.844067,0,0,1.10534,0.261274,1.028160,1,0,11.1966,0,0,0,11.1966,0
52.5239,2.83553,0,0,0.836974,0.0635075,0.36288,3.6288,61.3061,0.216711,0,0,0.535893,0.321042,0,0.66528,12.849,1,0.663048,0.36288,0,15.9782,6.09146,9.58659,0.84672,12.849,0.84672,3695.15,0,0,0,0.261274,1.44327,2.49242,1.48956,2.7074,0.42336,0,0.42336,460.49,0,0.847765,0,0,1.10904,0.261274,1.028160,1,0,12.294,0,0,0,12.294,0
50.1154,2.81135,0,0,0.829043,0.0633131,0.36288,3.6288,61.2932,0.224626,0,0,0.529057,0.317328,0,0.66528,12.849,1,0.687743,0.36288,0,14.8804,5.99875,8.55679,0.84672,12.849,0.84672,3695.15,0,0,0,0.261274,1.47805,2.29853,1.44983,2.58802,0.42336,0,0.42336,460.49,0,0.840007,0,0,1.10128,0.261274,1.028160,1,0,11.1448,0,0,0,11.1448,0
47.6594,2.78545,0,0,0.754091,0.0617425,0.36288,3.6288,61.1096,0.363264,0,0,0.496948,0.317302,0,0.66528,12.849,1,0.714155,0.36288,0,13.683,5.99875,7.33296,0.84672,12.849,0.84672,3695.15,0,0,0,0.227405,1.47826,2.10364,1.44983,2.35948,0.42336,0,0.42336,460.49,0,0.701525,0,0,0.92893,0.227405,1.028160,1,0,9.69245,0,0,0,9.69245,0
45.3408,2.75686,0,0,0.853183,0.0521103,0.36288,3.6288,61.308,0.0367845,0,0,0.604175,0.310751,0.0582652,0.66528,12.849,1,0.743251,0.36288,0,14.0712,6.14025,7.55057,0.84672,12.849,0.84672,3695.15,0,0,0,0.228286,1.47848,3.08404,1.4867,3.3041,0.42336,0,0.42336,460.49,0,1.02816,0,0,1.25645,0.228286,1.028160,1,0,10.9129,0,0,0,10.9129,0
42.7644,2.90981,0,0,0.73906,0.0427474,0.36288,3.6288,61.308,0.173621,0,0,0.555116,0.287919,0.0935754,0.66528,12.849,1,0.824604,0.36288,0,13.2914,6.04585,6.78385,0.84672,12.849,0.84672,3695.15,0,0,0,0.227405,1.4787,2.6266,1.50947,2.82324,0.42336,0,0.42336,460.49,0,0.98318,0,0,1.21058,0.227405,1.028160,1,0,9.70066,0,0,0,9.70066,0
40.0225,2.87203,0,0,0.529994,0.0369855,0.36288,3.6288,61.308,0.201602,0,0,0.512874,0.291221,0.0200505,0.66528,12.849,1,0.862932,0.36288,0,12.2107,5.57981,6.1308,0.84672,12.849,0.84672,3695.15,0,0,0,0.227405,1.59357,2.7507,1.46662,3.10506,0.42336,0,0.42336,460.49,0,0.955368,0,0,1.18277,0.227405,1.028160,1,0,9.25591,0,0,0,9.25591,0
37.3149,2.82769,0,0,0.518758,0.0358118,0.36288,3.6288,61.2511,0.245222,0,0,0.479526,0.291221,0,0.66528,12.849,1,0.907816,0.36288,0,11.1424,5.57981,5.01766,0.84672,12.849,0.84672,3695.15,0,0,0,0.204422,1.59381,2.76086,1.46662,3.09247,0.42336,0,0.42336,460.49,0,0.911917,0,0,1.11634,0.204422,1.028160,1,0,8.11013,0,0,0,8.11013,0
34.8919,2.7791,0,0,0.753679,0.0346993,0.36288,3.6288,61.308,0.129149,0,0,0.550993,0.291116,0.0738103,0.66528,12.849,1,0.956956,0.36288,0,12.6907,5.57981,6.51681,0.84672,12.849,0.84672,3695.15,0,0,0,0.286597,1.59404,3.06102,1.46662,3.47504,0.42336,0,0.42336,460.49,0,1.02816,0,0,1.31476,0.286597,1.028160,1,0,10.0657,0,0,0,10.0657,0
32.8295,2.73093,0,0,1.08628,0.0548778,0.36288,3.6288,61.308,0.129318,0,0,0.729305,0.281844,0.318143,0.66528,12.849,1,1.00567,0.36288,0,20.7053,5.44839,14.6141,0.84672,12.849,0.84672,3695.15,0,0,0,0.397034,1.59427,3.40785,1.4401,3.95906,0.42336,0,0.42336,460.49,0,1.02816,0,0,1.42519,0.397034,1.028160,1,0,18.8913,0,0,0,18.8913,0
30.6406,2.60397,0,0,0.797133,0.0191884,0.36288,3.6288,61.308,0.0737881,0,0,0.598,0.228079,0.296133,0.66528,12.849,1,1.01916,0.36288,0,16.3691,4.76994,10.9429,0.84672,12.849,0.84672,3695.15,0,0,0,0.693222,1.59451,3.14698,1.50982,3.92489,0.42336,0,0.42336,460.49,0,1.02816,0,0,1.72138,0.693222,1.028160,1,0,15.1639,0,0,0,15.1639,0
28.1794,2.55305,0,0,0.473424,0.0186612,0.36288,3.6288,61.1796,0.30894,0,0,0.408604,0.228079,0,0.66528,12.849,1,1.07061,0.36288,0,11.3799,4.76994,5.90225,0.84672,12.849,0.84672,3695.15,0,0,0,0.216518,1.53034,2.04567,1.50982,2.28271,0.42336,0,0.42336,460.49,0,0.793169,0,0,1.00969,0.216518,1.028160,1,0,8.18495,0,0,0,8.18495,0
25.9356,2.48919,0,0,0.653757,0.045454,0.36288,3.6288,61.308,0.153676,0,0,0.560625,0.228133,0.0503999,0.66528,12.849,1,1.135,0.36288,0,11.9775,4.49523,6.71011,0.84672,12.849,0.84672,3695.15,0,0,0,0.216518,1.53056,2.74577,1.45853,3.03433,0.42336,0,0.42336,460.49,0,0.948594,0,0,1.16511,0.216518,1.028160,1,0,9.79484,0,0,0,9.79484,0
24.7839,2.42388,0,0,1.72514,0.0900626,0.36288,3.6288,61.308,0.0742718,0,0,0.963533,0.247955,0.641306,0.66528,12.849,1,1.20084,0.36288,0,20.5638,4.11023,15.6156,0.84672,12.849,0.84672,3695.15,0,0,0,1.67592,1.53079,5.61205,1.34087,7.47788,0.42336,0,0.42336,460.49,0,1.02816,0,0,2.70408,1.67592,1.028160,1,0,23.7348,0,0,0,23.7348,0
23.5544,2.32581,0,0,1.57323,0.11411,0.36288,3.6288,61.308,0.023703,0,0,0.447931,0.245841,0.178388,0.66528,12.849,1,1.20579,0.36288,0,25.4061,4.00096,20.5622,0.84672,12.849,0.84672,3695.15,0,0,0,0.297104,1.53101,3.08219,1.17846,3.73185,0.42336,0,0.42336,460.49,0,1.02816,0,0,1.32526,0.297104,1.028160,1,0,24.4725,0,0,0,24.4725,0
22.4078,2.28541,0,0,1.63263,0.130888,0.36288,3.6288,61.308,0.0238567,0,0,0.336683,0.244254,0.0685715,0.66528,12.849,1,1.2467,0.36288,0,23.3496,3.91902,18.5468,0.84672,12.849,0.84672,3695.15,0,0,0,0.299868,1.47449,3.14745,1.05665,3.86516,0.42336,0,0.42336,460.49,0,1.02816,0,0,1.32803,0.299868,1.028160,1,0,22.4805,0,0,0,22.4805,0
22.7215,2.2452,0,0,3.05057,0.128851,0.36288,3.6288,61.308,0.0240106,0,0,0.918597,0.244254,0.650332,0.66528,12.849,1,1.28743,0.36288,0,46.5191,3.91902,41.6755,0.84672,12.849,0.84672,3695.15,0,0,0,3.03983,1.47471,6.94373,1.05665,10.4016,0.42336,0,0.42336,460.49,0,1.02816,0,0,4.06799,3.03983,1.028160,1,0,52.7274,0,0,0,52.7274,0
25.5652,2.25688,0,0,5.59952,0.136054,0.36288,3.6288,61.308,0.0241645,0,0,1.66334,0.236423,1.40275,0.66528,12.849,1,1.27627,0.36288,0,89.4416,3.81019,84.718,0.84672,12.849,0.84672,3695.15,0,0,0,2.97835,1.47492,9.08758,1.02582,12.515,0.42336,0,0.42336,460.49,0,1.02816,0,0,4.00651,2.97835,1.028160,1,0,98.6358,0,0,0,98.6358,0
26.7527,2.17459,0,0,3.89179,0.166809,0.36288,3.6288,61.308,0,0,0,0.896105,0.226603,0.669501,0.66528,12.849,1,1.09295,0.36288,0,56.5125,3.51337,52.2691,0.84672,12.849,0.84672,3695.15,0,0,0,1.47494,1.47514,6.76441,0.864943,8.84955,0.42336,0,0.42336,460.49,0,0.946761,0,0,2.42171,1.47494,1.028160,1,0,61.7881,0,0,0,61.7881,0
26.8525,2.20769,0,0,2.84328,0.172857,0.36288,3.6288,61.308,0,0,0,0.906797,0.269063,0.637734,0.66528,12.849,1,1.06033,0.36288,0,63.021,3.92353,58.4,0.84672,12.849,0.84672,3695.15,0,0,0,1.55366,1.3438,6.926,1.00008,8.82339,0.42336,0,0.42336,460.49,0,0.946899,0,0,2.50056,1.55366,1.028160,1,0,67.8612,0,0,0,67.8612,0
27.7603,2.21068,0,0,3.65443,0.173099,0.36288,3.6288,61.308,0,0,0,2.99312,0.269063,2.72406,0.66528,12.849,1,1.05782,0.36288,0,86.413,3.92353,81.7945,0.84672,12.849,0.84672,3695.15,0,0,0,5.20273,1.344,10.9819,1.00008,16.5285,0.42336,0,0.42336,460.49,0,0.947037,0,0,6.14977,5.20273,1.028160,1,0,101.047,0,0,0,101.047,0
27.4389,2.23465,0,0,2.48355,0.207414,0.36288,3.6288,61.308,0,0,0,1.01878,0.264417,0.75436,0.66528,12.849,1,1.03432,0.36288,0,38.3693,4.67594,33.0219,0.84672,12.849,0.84672,3695.15,0,0,0,2.13413,1.3442,5.7836,1.31639,7.94554,0.42336,0,0.42336,460.49,0,0.947176,0,0,3.08131,2.13413,1.028160,1,0,41.7218,0,0,0,41.7218,0
26.4185,2.22673,0,0,1.781,0.211822,0.36288,3.6288,61.308,0,0,0,0.783268,0.263643,0.519625,0.66528,12.849,1,1.04272,0.36288,0,30.2024,4.80133,24.7212,0.84672,12.849,0.84672,3695.15,0,0,0,1.18808,1.34439,5.39839,1.3691,6.56176,0.42336,0,0.42336,460.49,0,0.947315,0,0,2.13539,1.18808,1.028160,1,0,31.8026,0,0,0,31.8026,0
27.4037,2.26886,0,0,3.78589,0.168979,0.36288,3.6288,61.308,0,0,0,0.934926,0.225801,0.709125,0.66528,12.849,1,1.10349,0.36288,0,83.813,3.93373,79.1387,0.84672,12.849,0.84672,3695.15,0,0,0,3.87521,1.34459,8.3234,1.12455,12.4186,0.42336,0,0.42336,460.49,0,0.978082,0,0,4.8533,3.87521,1.028160,1,0,92.2664,0,0,0,92.2664,0
28.4055,2.29618,0,0,3.82551,0.164588,0.36288,3.6288,61.308,0,0,0,0.970884,0.219494,0.75139,0.66528,12.849,1,1.07663,0.36288,0,83.3622,3.78913,78.8593,0.84672,12.849,0.84672,3695.15,0,0,0,4.69883,1.38764,8.72692,1.08379,13.7296,0.42336,0,0.42336,460.49,0,0.978216,0,0,5.67705,4.69883,1.028160,1,0,93.3403,0,0,0,93.3403,0
29.4467,2.32264,0,0,3.89354,0.166877,0.36288,3.6288,61.308,0,0,0,1.37993,0.219494,1.16043,0.66528,12.849,1,1.05063,0.36288,0,80.8315,3.78913,76.3546,0.84672,12.849,0.84672,3695.15,0,0,0,4.79762,1.38783,11.5138,1.08379,16.6154,0.42336,0,0.42336,460.49,0,0.978349,0,0,5.77597,4.79762,1.028160,1,0,94.1305,0,0,0,94.1305,0
31.574,2.34882,0,0,5.01744,0.17835,0.36288,3.6288,61.308,0,0,0,1.53503,0.165537,1.36949,0.66528,12.849,1,1.0249,0.36288,0,142.477,3.4331,138.382,0.84672,12.849,0.84672,3695.15,0,0,0,5.68294,1.38802,8.56181,0.99881,14.634,0.42336,0,0.42336,460.49,0,0.978482,0,0,6.66142,5.68294,1.028160,1,0,154.385,0,0,0,154.385,0
31.5363,2.63215,0,0,3.14638,0.189101,0.36288,3.6288,61.308,0.06552,0,0,0.832723,0.161076,0.606127,0.66528,12.849,1,1.07115,0.36288,0,89.4227,3.66887,85.0456,0.84672,12.849,0.84672,3695.15,0,0,0,2.56567,1.38821,6.38449,1.03969,9.29868,0.42336,0,0.42336,460.49,0,1.02816,0,0,3.59383,2.56567,1.028160,1,0,94.9504,0,0,0,94.9504,0
29.9842,2.6316,0,0,1.63691,0.194493,0.36288,3.6288,61.308,0.0656692,0,0,0.964666,0.167118,0.731879,0.66528,12.849,1,1.07221,0.36288,0,48.6999,4.06234,43.9282,0.84672,12.849,0.84672,3695.15,0,0,0,2.74514,1.53898,6.06963,1.11308,9.24066,0.42336,0,0.42336,460.49,0,1.02816,0,0,3.7733,2.74514,1.028160,1,0,53.9008,0,0,0,53.9008,0
32.1622,2.5931,0,0,5.32452,0.190571,0.36288,3.6288,61.308,0.0658182,0,0,0.886818,0.167118,0.653883,0.66528,12.849,1,1.11121,0.36288,0,104.193,4.06234,99.3825,0.84672,12.849,0.84672,3695.15,0,0,0,3.44831,1.53918,8.30572,1.11308,12.1801,0.42336,0,0.42336,460.49,0,1.02816,0,0,4.47647,3.44831,1.028160,1,0,112.217,0,0,0,112.217,0
31.3674,2.64723,0,0,2.41134,0.196034,0.36288,3.6288,61.308,0.0659673,0,0,0.57295,0.167118,0.339865,0.66528,12.849,1,1.05758,0.36288,0,54.4227,4.06234,49.6656,0.84672,12.849,0.84672,3695.15,0,0,0,1.84564,1.53939,5.09472,1.11308,7.36668,0.42336,0,0.42336,460.49,0,1.02816,0,0,2.8738,1.84564,1.028160,1,0,57.3722,0,0,0,57.3722,0
30.9611,2.29539,0,0,2.43942,0.187434,0.36288,3.6288,61.308,0,0,0,0.669247,0.172477,0.49677,0.66528,12.849,1,0.940257,0.36288,0,61.0775,3.98651,56.5137,0.84672,12.849,0.84672,3695.15,0,0,0,1.91601,1.5396,5.49306,1.01051,7.93817,0.42336,0,0.42336,460.49,0,0.939774,0,0,2.85579,1.91601,1.028160,1,0,64.9486,0,0,0,64.9486,0
31.5681,2.28698,0,0,3.46642,0.20955,0.36288,3.6288,61.308,0,0,0,1.0008,0.154826,0.845972,0.66528,12.849,1,0.949106,0.36288,0,82.0938,3.66964,77.838,0.84672,12.849,0.84672,3695.15,0,0,0,2.76653,1.33243,7.24179,0.925028,10.4157,0.42336,0,0.42336,460.49,0,0.939902,0,0,3.70643,2.76653,1.028160,1,0,89.0996,0,0,0,89.0996,0
32.1625,2.30026,0,0,3.46015,0.202593,0.36288,3.6288,61.308,0,0,0,0.997073,0.182489,0.814584,0.66528,12.849,1,0.936263,0.36288,0,97.5802,4.32485,92.6819,0.84672,12.849,0.84672,3695.15,0,0,0,2.78593,1.33261,7.57253,1.13001,10.5611,0.42336,0,0.42336,460.49,0,0.940031,0,0,3.72596,2.78593,1.028160,1,0,104.058,0,0,0,104.058,0
35.4764,2.31294,0,0,6.19377,0.204118,0.36288,3.6288,61.308,0,0,0,1.90657,0.182489,1.72408,0.66528,12.849,1,0.924025,0.36288,0,90.8453,4.32485,85.9593,0.84672,12.849,0.84672,3695.15,0,0,0,5.02876,1.33279,11.4858,1.13001,16.7174,0.42336,0,0.42336,460.49,0,0.940159,0,0,5.96892,5.02876,1.028160,1,0,104.401,0,0,0,104.401,0
43.3707,2.37663,0,0,10.8465,0.212616,0.36288,3.6288,61.308,0,0,0,3.19015,0.182489,3.00766,0.66528,12.849,1,0.860779,0.36288,0,202.731,4.32485,197.908,0.84672,12.849,0.84672,3695.15,0,0,0,8.02641,1.33297,22.4815,1.13001,30.7109,0.42336,0,0.42336,460.49,0,0.940287,0,0,8.9667,8.02641,1.028160,1,0,231.627,0,0,0,231.627,0
47.5132,2.58911,0,0,7.29216,0.197665,0.36288,3.6288,61.308,0,0,0,2.15253,0.20959,1.94294,0.66528,12.849,1,0.767048,0.36288,0,161.402,5.22617,155.772,0.84672,12.849,0.84672,3695.15,0,0,0,5.25938,1.33316,11.7946,1.24108,17.1461,0.42336,0,0.42336,460.49,0,0.978238,0,0,6.23762,5.25938,1.028160,1,0,174.861,0,0,0,174.861,0
49.7179,2.64211,0,0,5.41677,0.207075,0.36288,3.6288,61.308,0,0,0,1.49548,0.20959,1.28589,0.66528,12.849,1,0.714505,0.36288,0,129.482,5.22617,123.904,0.84672,12.849,0.84672,3695.15,0,0,0,4.17269,1.38473,10.5585,1.24108,14.8749,0.42336,0,0.42336,460.49,0,0.978371,0,0,5.15106,4.17269,1.028160,1,0,140.065,0,0,0,140.065,0
51.0841,2.66765,0,0,4.60873,0.212078,0.36288,3.6288,61.308,0,0,0,1.2696,0.20959,1.06001,0.66528,12.849,1,0.689421,0.36288,0,110.725,5.22617,105.172,0.84672,12.849,0.84672,3695.15,0,0,0,2.89274,1.38492,11.331,1.24108,14.3676,0.42336,0,0.42336,460.49,0,0.978504,0,0,3.87125,2.89274,1.028160,1,0,120.6,0,0,0,120.6,0
51.8441,2.68274,0,0,4.01017,0.204506,0.36288,3.6288,61.308,0,0,0,1.10672,0.225163,0.881561,0.66528,12.849,1,0.674781,0.36288,0,102.979,5.64028,97.0271,0.84672,12.849,0.84672,3695.15,0,0,0,2.96998,1.38511,11.1878,1.27125,14.2717,0.42336,0,0.42336,460.49,0,0.978637,0,0,3.94862,2.96998,1.028160,1,0,112.18,0,0,0,112.18,0
52.6379,2.65395,0,0,3.97226,0.161674,0.36288,3.6288,61.308,0,0,0,1.03854,0.217836,0.820701,0.66528,12.849,1,0.657752,0.36288,0,95.2335,4.96657,89.9721,0.84672,12.849,0.84672,3695.15,0,0,0,1.98962,1.3853,9.55152,1.17395,11.7525,0.42336,0,0.42336,460.49,0,0.964073,0,0,2.9537,1.98962,1.028160,1,0,102.545,0,0,0,102.545,0
53.4359,2.66228,0,0,3.97148,0.148321,0.36288,3.6288,61.308,0,0,0,1.13463,0.210233,0.924397,0.66528,12.849,1,0.649868,0.36288,0,93.3517,4.57286,88.4919,0.84672,12.849,0.84672,3695.15,0,0,0,2.33673,1.36546,8.54358,1.12599,11.1198,0.42336,0,0.42336,460.49,0,0.964204,0,0,3.30093,2.33673,1.028160,1,0,100.536,0,0,0,100.536,0
54.284,2.67047,0,0,4.01163,0.13014,0.36288,3.6288,61.308,0,0,0,1.14768,0.217251,0.930426,0.66528,12.849,1,0.642132,0.36288,0,91.6246,4.6922,86.6532,0.84672,12.849,0.84672,3695.15,0,0,0,2.92183,1.36564,9.07183,1.17669,12.1826,0.42336,0,0.42336,460.49,0,0.964335,0,0,3.88617,2.92183,1.028160,1,0,99.7662,0,0,0,99.7662,0
54.6626,2.67895,0,0,3.50279,0.0823512,0.36288,3.6288,61.308,0,0,0,1.04,0.234796,0.805201,0.66528,12.849,1,0.634106,0.36288,0,77.9406,4.99054,72.6788,0.84672,12.849,0.84672,3695.15,0,0,0,2.57721,1.36583,7.75716,1.30346,10.3967,0.42336,0,0.42336,460.49,0,0.964467,0,0,3.54167,2.57721,1.028160,1,0,83.8807,0,0,0,83.8807,0
54.6157,2.81014,0,0,3.21158,0.0855,0.36288,3.6288,61.308,0,0,0,0.997557,0.221354,0.776203,0.66528,12.849,1,0.660551,0.36288,0,69.0716,4.75612,64.0178,0.84672,12.849,0.84672,3695.15,0,0,0,2.22394,1.36601,7.8637,1.21496,10.2387,0.42336,0,0.42336,460.49,0,1.01675,0,0,3.24069,2.22394,1.028160,1,0,75.0327,0,0,0,75.0327,0
54.4019,2.81006,0,0,3.05174,0.0925395,0.36288,3.6288,61.308,0,0,0,1.12139,0.187749,0.933646,0.66528,12.849,1,0.661101,0.36288,0,61.8791,4.17007,57.4108,0.84672,12.849,0.84672,3695.15,0,0,0,2.11953,1.43595,7.80425,0.993694,10.366,0.42336,0,0.42336,460.49,0,1.01689,0,0,3.13642,2.11953,1.028160,1,0,68.7105,0,0,0,68.7105,0
53.9898,2.80834,0,0,2.85146,0.0923401,0.36288,3.6288,61.308,0,0,0,0.895087,0.187749,0.707338,0.66528,12.849,1,0.663292,0.36288,0,56.9857,4.17007,52.5152,0.84672,12.849,0.84672,3695.15,0,0,0,1.69915,1.43614,7.21509,0.993694,9.35669,0.42336,0,0.42336,460.49,0,1.01703,0,0,2.71617,1.69915,1.028160,1,0,62.5793,0,0,0,62.5793,0
53.491,2.80463,0,0,2.76306,0.0944072,0.36288,3.6288,61.308,0,0,0,0.761694,0.228387,0.533307,0.66528,12.849,1,0.667473,0.36288,0,51.7126,4.86437,46.5436,0.84672,12.849,0.84672,3695.15,0,0,0,1.59066,1.43634,6.96393,1.13537,8.85556,0.42336,0,0.42336,460.49,0,1.01716,0,0,2.60783,1.59066,1.028160,1,0,55.9325,0,0,0,55.9325,0
52.7863,2.8,0,0,2.54088,0.0827138,0.36288,3.6288,61.308,0,0,0,0.721993,0.286154,0.435839,0.66528,12.849,1,0.672584,0.36288,0,48.6073,5.83506,42.4625,0.84672,12.849,0.84672,3695.15,0,0,0,1.6331,1.43653,6.80098,1.33824,8.53237,0.42336,0,0.42336,460.49,0,1.0173,0,0,2.65041,1.6331,1.028160,1,0,51.4307,0,0,0,51.4307,0
51.9502,2.76814,0,0,2.35626,0.0613122,0.36288,3.6288,61.308,0.0179646,0,0,0.999881,0.288393,0.693524,0.66528,12.849,1,0.673808,0.36288,0,51.6066,5.65877,45.6369,0.84672,12.849,0.84672,3695.15,0,0,0,1.89592,1.43673,5.58278,1.37136,7.54407,0.42336,0,0.42336,460.49,0,1.02816,0,0,2.92408,1.89592,1.028160,1,0,53.8745,0,0,0,53.8745,0
50.9114,2.75982,0,0,2.14468,0.0607856,0.36288,3.6288,61.308,0.018107,0,0,0.959204,0.288393,0.652704,0.66528,12.849,1,0.682595,0.36288,0,46.5873,5.65877,40.6088,0.84672,12.849,0.84672,3695.15,0,0,0,1.69045,1.45326,5.06081,1.37136,6.83316,0.42336,0,0.42336,460.49,0,1.02816,0,0,2.71861,1.69045,1.028160,1,0,48.0947,0,0,0,48.0947,0
49.735,2.74907,0,0,1.99574,0.0601314,0.36288,3.6288,61.308,0.0182495,0,0,0.893411,0.288393,0.586768,0.66528,12.849,1,0.69381,0.36288,0,42.3888,5.65877,36.3991,0.84672,12.849,0.84672,3695.15,0,0,0,1.43643,1.45345,4.95747,1.37136,6.47599,0.42336,0,0.42336,460.49,0,1.02816,0,0,2.46459,1.43643,1.028160,1,0,43.4619,0,0,0,43.4619,0
48.5193,2.7364,0,0,1.94295,0.0593905,0.36288,3.6288,61.308,0.0183919,0,0,0.850608,0.288393,0.543823,0.66528,12.849,1,0.706948,0.36288,0,37.9308,5.65877,31.928,0.84672,12.849,0.84672,3695.15,0,0,0,1.25151,1.45365,4.90608,1.37136,6.23988,0.42336,0,0.42336,460.49,0,1.02816,0,0,2.27967,1.25151,1.028160,1,0,38.7117,0,0,0,38.7117,0
47.1224,2.78631,0,0,1.80275,0.050454,0.36288,3.6288,61.308,0.044111,0,0,0.748725,0.307526,0.397088,0.66528,12.849,1,0.737879,0.36288,0,33.6889,5.64045,27.6735,0.84672,12.849,0.84672,3695.15,0,0,0,1.07831,1.45385,4.55637,1.42889,5.65964,0.42336,0,0.42336,460.49,0,1.02816,0,0,2.10647,1.07831,1.028160,1,0,33.7302,0,0,0,33.7302,0
45.967,2.7695,0,0,2.02789,0.0508779,0.36288,3.6288,61.308,0.0442569,0,0,0.939937,0.314102,0.581578,0.66528,12.849,1,0.755169,0.36288,0,43.543,5.56028,37.5904,0.84672,12.849,0.84672,3695.15,0,0,0,1.59702,1.48887,5.14557,1.43268,6.79877,0.42336,0,0.42336,460.49,0,1.02816,0,0,2.62518,1.59702,1.028160,1,0,44.9708,0,0,0,44.9708,0
44.6447,2.75504,0,0,1.84586,0.0502303,0.36288,3.6288,61.308,0.0444029,0,0,0.775259,0.314102,0.416754,0.66528,12.849,1,0.770108,0.36288,0,35.0718,5.56028,29.1043,0.84672,12.849,0.84672,3695.15,0,0,0,1.65371,1.48907,4.78139,1.43268,6.4915,0.42336,0,0.42336,460.49,0,1.02816,0,0,2.68187,1.65371,1.028160,1,0,36.0126,0,0,0,36.0126,0
43.1735,2.73771,0,0,1.6788,0.049489,0.36288,3.6288,61.308,0.044549,0,0,0.721984,0.314102,0.363334,0.66528,12.849,1,0.787927,0.36288,0,32.6949,5.56028,26.7096,0.84672,12.849,0.84672,3695.15,0,0,0,1.23571,1.48928,4.26116,1.43268,5.55346,0.42336,0,0.42336,460.49,0,1.02816,0,0,2.26387,1.23571,1.028160,1,0,32.6264,0,0,0,32.6264,0
41.7205,2.89887,0,0,1.85108,0.0423054,0.36288,3.6288,61.308,0.137063,0,0,0.854505,0.319597,0.397844,0.66528,12.849,1,0.862741,0.36288,0,32.8363,5.6463,26.6902,0.84672,12.849,0.84672,3695.15,0,0,0,1.80979,1.48948,5.6218,1.46142,7.45965,0.42336,0,0.42336,460.49,0,1.02816,0,0,2.83795,1.80979,1.028160,1,0,34.5476,0,0,0,34.5476,0
40.2736,2.87629,0,0,1.84762,0.0553556,0.36288,3.6288,61.308,0.137222,0,0,0.858989,0.316309,0.405459,0.66528,12.849,1,0.885833,0.36288,0,35.2197,5.1156,29.5812,0.84672,12.849,0.84672,3695.15,0,0,0,1.43115,1.60518,3.7787,1.42472,5.39031,0.42336,0,0.42336,460.49,0,1.02816,0,0,2.45931,1.43115,1.028160,1,0,35.377,0,0,0,35.377,0
38.7929,2.85255,0,0,1.78918,0.0544174,0.36288,3.6288,61.308,0.13738,0,0,0.827911,0.316309,0.374222,0.66528,12.849,1,0.910084,0.36288,0,34.9084,5.1156,29.2456,0.84672,12.849,0.84672,3695.15,0,0,0,1.36483,1.60539,3.81797,1.42472,5.36348,0.42336,0,0.42336,460.49,0,1.02816,0,0,2.39299,1.36483,1.028160,1,0,34.9833,0,0,0,34.9833,0
37.768,2.82684,0,0,2.21831,0.0534858,0.36288,3.6288,61.308,0.137539,0,0,0.886274,0.316309,0.432426,0.66528,12.849,1,0.936306,0.36288,0,34.1844,5.1156,28.4954,0.84672,12.849,0.84672,3695.15,0,0,0,1.63839,1.60561,5.60008,1.42472,7.41935,0.42336,0,0.42336,460.49,0,1.02816,0,0,2.66655,1.63839,1.028160,1,0,36.3472,0,0,0,36.3472,0
36.2211,2.80826,0,0,1.67887,0.0546408,0.36288,3.6288,61.308,0.137698,0,0,0.791424,0.316349,0.337377,0.66528,12.849,1,0.955394,0.36288,0,32.3673,5.1267,26.6481,0.84672,12.849,0.84672,3695.15,0,0,0,1.37086,1.60583,3.70481,1.42255,5.25895,0.42336,0,0.42336,460.49,0,1.02816,0,0,2.39902,1.37086,1.028160,1,0,32.2445,0,0,0,32.2445,0
35.0112,2.69374,0,0,1.88723,0.0404965,0.36288,3.6288,61.308,0.251337,0,0,0.66791,0.265331,0.151242,0.66528,12.849,1,0.955573,0.36288,0,30.9426,4.03176,26.3182,0.84672,12.849,0.84672,3695.15,0,0,0,0.204422,1.60605,5.3468,1.14949,6.00779,0.42336,0,0.42336,460.49,0,0.858577,0,0,1.063,0.204422,1.028160,1,0,32.4772,0,0,0,32.4772,0
34.0673,2.66995,0,0,2.12494,0.0360177,0.36288,3.6288,61.308,0.0819052,0,0,0.948629,0.256787,0.609936,0.66528,12.849,1,0.979863,0.36288,0,30.8825,3.83817,26.4273,0.84672,12.849,0.84672,3695.15,0,0,0,0.67773,1.5414,5.04776,1.10615,6.16074,0.42336,0,0.42336,460.49,0,1.02816,0,0,1.70589,0.67773,1.028160,1,0,33.198,0,0,0,33.198,0
33.9565,2.6506,0,0,2.93825,0.0356054,0.36288,3.6288,61.308,0.0820563,0,0,1.73697,0.256787,1.39813,0.66528,12.849,1,0.999713,0.36288,0,30.4223,3.83817,25.9473,0.84672,12.849,0.84672,3695.15,0,0,0,2.99103,1.54161,7.50136,1.10615,10.9279,0.42336,0,0.42336,460.49,0,1.02816,0,0,4.01919,2.99103,1.028160,1,0,38.2733,0,0,0,38.2733,0
36.3197,2.64859,0,0,5.4775,0.10286,0.36288,3.6288,61.308,0.0822073,0,0,2.13739,0.181605,1.87358,0.66528,12.849,1,1.00222,0.36288,0,86.7732,2.87529,83.2586,0.84672,12.849,0.84672,3695.15,0,0,0,2.92299,1.54182,8.73279,0.863344,12.3343,0.42336,0,0.42336,460.49,0,1.02816,0,0,3.95115,2.92299,1.028160,1,0,97.4665,0,0,0,97.4665,0
37.8189,2.62745,0,0,4.64447,0.154853,0.36288,3.6288,61.308,0.0312636,0,0,1.93206,0.148156,1.75264,0.66528,12.849,1,0.929529,0.36288,0,64.6689,2.85914,61.2431,0.84672,12.849,0.84672,3695.15,0,0,0,2.47639,1.54203,5.69781,0.733067,8.98316,0.42336,0,0.42336,460.49,0,1.02816,0,0,3.50455,2.47639,1.028160,1,0,71.979,0,0,0,71.979,0
41.3734,2.65532,0,0,6.72629,0.153638,0.36288,3.6288,61.308,0.0314077,0,0,1.7886,0.17874,1.57845,0.66528,12.849,1,0.902146,0.36288,0,82.302,3.80047,77.9623,0.84672,12.849,0.84672,3695.15,0,0,0,1.80508,1.48509,7.89895,0.802172,10.3869,0.42336,0,0.42336,460.49,0,1.02816,0,0,2.83324,1.80508,1.028160,1,0,89.9277,0,0,0,89.9277,0
44.9412,2.71483,0,0,6.80568,0.160172,0.36288,3.6288,61.308,0.0315518,0,0,2.53638,0.17874,2.32608,0.66528,12.849,1,0.843122,0.36288,0,70.7711,3.80047,66.4904,0.84672,12.849,0.84672,3695.15,0,0,0,2.13264,1.48529,8.83743,0.802172,11.6532,0.42336,0,0.42336,460.49,0,1.02816,0,0,3.1608,2.13264,1.028160,1,0,80.4697,0,0,0,80.4697,0
48.2571,2.76726,0,0,6.6129,0.166894,0.36288,3.6288,61.308,0.0316961,0,0,1.94656,0.17874,1.73612,0.66528,12.849,1,0.791178,0.36288,0,104.611,3.80047,100.382,0.84672,12.849,0.84672,3695.15,0,0,0,1.99343,1.48549,12.8382,0.802172,15.5149,0.42336,0,0.42336,460.49,0,1.02816,0,0,3.02159,1.99343,1.028160,1,0,117.633,0,0,0,117.633,0
49.476,2.5989,0,0,4.36781,0.187094,0.36288,3.6288,61.308,0,0,0,1.42865,0.176982,1.25167,0.66528,12.849,1,0.691988,0.36288,0,101.845,3.92189,97.5939,0.84672,12.849,0.84672,3695.15,0,0,0,1.36662,1.4857,6.37839,0.869814,8.36088,0.42336,0,0.42336,460.49,0,0.953527,0,0,2.32014,1.36662,1.028160,1,0,107.206,0,0,0,107.206,0
52.2985,2.61279,0,0,6.02499,0.226842,0.36288,3.6288,61.308,0,0,0,2.9288,0.17851,2.75029,0.66528,12.849,1,0.678547,0.36288,0,104.963,3.67133,100.976,0.84672,12.849,0.84672,3695.15,0,0,0,2.42555,1.35341,14.7053,1.06648,17.4178,0.42336,0,0.42336,460.49,0,0.953656,0,0,3.37921,2.42555,1.028160,1,0,121.144,0,0,0,121.144,0
58.861,2.64255,0,0,9.80165,0.23365,0.36288,3.6288,61.308,0,0,0,5.63273,0.17851,5.45422,0.66528,12.849,1,0.649237,0.36288,0,123.693,3.67133,119.735,0.84672,12.849,0.84672,3695.15,0,0,0,4.04617,1.35359,21.1704,1.06648,25.5037,0.42336,0,0.42336,460.49,0,0.953786,0,0,4.99996,4.04617,1.028160,1,0,150.693,0,0,0,150.693,0
66.4894,2.70233,0,0,10.9431,0.24948,0.36288,3.6288,61.308,0,0,0,3.29613,0.17851,3.11762,0.66528,12.849,1,0.589902,0.36288,0,155.6,3.67133,151.702,0.84672,12.849,0.84672,3695.15,0,0,0,2.81021,1.35378,12.483,1.06648,15.5805,0.42336,0,0.42336,460.49,0,0.953916,0,0,3.76413,2.81021,1.028160,1,0,170.4,0,0,0,170.4,0
73.1174,2.75943,0,0,10.0163,0.266023,0.36288,3.6288,61.308,0,0,0,3.76661,0.17851,3.5881,0.66528,12.849,1,0.533256,0.36288,0,79.043,3.67133,75.2013,0.84672,12.849,0.84672,3695.15,0,0,0,3.73702,1.35396,15.783,1.06648,19.8075,0.42336,0,0.42336,460.49,0,0.954046,0,0,4.69106,3.73702,1.028160,1,0,98.597,0,0,0,98.597,0
80.1749,2.88865,0,0,10.6682,0.359086,0.36288,3.6288,61.308,0,0,0,5.17139,0.225466,4.94593,0.66528,12.849,1,0.507626,0.36288,0,159.475,4.62515,154.705,0.84672,12.849,0.84672,3695.15,0,0,0,3.70029,1.35414,16.8203,1.37225,20.5025,0.42336,0,0.42336,460.49,0,0.985022,0,0,4.68532,3.70029,1.028160,1,0,180.154,0,0,0,180.154,0
88.1942,2.92753,0,0,11.6925,0.382754,0.36288,3.6288,61.308,0,0,0,5.02339,0.230731,4.79266,0.66528,12.849,1,0.469173,0.36288,0,243.015,4.54283,238.366,0.84672,12.849,0.84672,3695.15,0,0,0,4.83394,1.39749,21.9001,1.38717,26.7443,0.42336,0,0.42336,460.49,0,0.985147,0,0,5.81908,4.83394,1.028160,1,0,269.903,0,0,0,269.903,0
97.506,2.96514,0,0,13.8433,0.412484,1.15388,3.6288,61.308,0,0,0,5.95267,0.230731,5.72194,0.66528,12.849,1,0.431991,1.15388,0,237.858,4.54283,234.037,0.84672,12.849,0.84672,3695.15,0,0,0,5.88484,1.39767,22.2528,1.38717,28.1482,0.42336,0,0.42336,460.49,0,0.985271,0,0,6.87011,5.88484,1.028160,1,0,267.908,0,0,0,267.908,0
97.506,3.00197,0,0,20.2024,0.426743,16.7737,3.6288,61.308,0,0,0,8.22024,0.225866,7.99438,0.66528,12.849,1,0.39559,16.7737,0,361.817,4.51103,373.684,0.84672,12.849,0.84672,3695.15,0,0,0,6.71371,1.39784,31.0434,1.33234,37.8227,0.42336,0,0.42336,460.49,0,0.985396,0,0,7.6991,6.71371,1.028160,1,0,419.501,0,0,0,419.501,0
97.506,3.02801,0,0,14.9306,0.46345,11.4392,3.6288,61.308,0.375636,0,0,10.8213,0.245767,10.1999,0.66528,12.849,1,0.39902,11.4392,0,533.524,4.10407,540.46,0.84672,12.849,0.84672,3695.15,0,0,0,9.38373,1.39802,35.2228,1.12203,44.8825,0.42336,0,0.42336,460.49,0,1.02816,0,0,10.4119,9.38373,1.028160,1,0,595.543,0,0,0,595.543,0
97.506,3.02842,0,0,15.7388,0.506352,12.204,3.6288,61.308,0.375776,0,0,10.8979,0.225717,10.2964,0.66528,12.849,1,0.399075,12.204,0,515.892,4.38963,523.307,0.84672,12.849,0.84672,3695.15,0,0,0,8.55731,1.7268,35.9877,1.09545,45.1763,0.42336,0,0.42336,460.49,0,1.02816,0,0,9.58547,8.55731,1.028160,1,0,578.78,0,0,0,578.78,0
97.506,3.02884,0,0,14.1864,0.506352,10.6512,3.6288,61.308,0.375915,0,0,7.76624,0.225717,7.1646,0.66528,12.849,1,0.39913,10.6512,0,382.855,4.38963,388.717,0.84672,12.849,0.84672,3695.15,0,0,0,6.53797,1.72699,29.5756,1.09545,36.7451,0.42336,0,0.42336,460.49,0,1.02816,0,0,7.56613,6.53797,1.028160,1,0,432.627,0,0,0,432.627,0
97.506,3.02925,0,0,15.6775,0.519916,12.1284,3.6288,61.308,0.376054,0,0,9.30563,0.204633,8.72494,0.66528,12.849,1,0.399185,12.1284,0,419.688,4.36251,427.055,0.84672,12.849,0.84672,3695.15,0,0,0,7.75725,1.72719,33.0153,0.977264,41.5225,0.42336,0,0.42336,460.49,0,1.02816,0,0,8.78541,7.75725,1.028160,1,0,477.302,0,0,0,477.302,0
97.506,2.61177,0,0,22.4991,0.493525,19.3938,3.6288,61.308,0.220607,0,0,19.5039,0.209318,19.074,0.66528,12.849,1,0.34417,19.3938,0,555.395,4.56063,569.884,0.84672,12.849,0.84672,3695.15,0,0,0,17.1353,1.72739,54.5735,0.929064,72.5071,0.42336,0,0.42336,460.49,0,1.02816,0,0,18.1634,17.1353,1.028160,1,0,661.465,0,0,0,661.465,0
97.506,2.61214,0,0,10.1633,0.476539,7.07464,3.6288,61.308,0.220727,0,0,8.88927,0.190358,8.47819,0.66528,12.849,1,0.344218,7.07464,0,330.528,4.10838,333.15,0.84672,12.849,0.84672,3695.15,0,0,0,9.29465,1.51874,28.6646,0.823567,38.6544,0.42336,0,0.42336,460.49,0,1.02816,0,0,10.3228,9.29465,1.028160,1,0,380.283,0,0,0,380.283,0
97.506,2.6125,0,0,10.1403,0.506307,7.02153,3.6288,61.308,0.220846,0,0,7.63186,0.162276,7.24874,0.66528,12.849,1,0.344266,7.02153,0,318.788,3.70902,321.757,0.84672,12.849,0.84672,3695.15,0,0,0,7.91545,1.51891,27.0411,0.74093,35.7346,0.42336,0,0.42336,460.49,0,1.02816,0,0,8.94361,7.91545,1.028160,1,0,364.74,0,0,0,364.74,0
97.506,2.61286,0,0,10.9214,0.506307,7.80222,3.6288,61.308,0.220966,0,0,10.5121,0.162276,10.1289,0.66528,12.849,1,0.344314,7.80222,0,372.317,3.70902,376.066,0.84672,12.849,0.84672,3695.15,0,0,0,8.37294,1.51908,34.3826,0.74093,43.5337,0.42336,0,0.42336,460.49,0,1.02816,0,0,9.4011,8.37294,1.028160,1,0,429.729,0,0,0,429.729,0
97.506,2.61323,0,0,13.0933,0.467353,10.0127,3.6288,61.308,0.221086,0,0,12.672,0.150243,12.3007,0.66528,12.849,1,0.344362,10.0127,0,415.362,3.53463,421.496,0.84672,12.849,0.84672,3695.15,0,0,0,12.7385,1.51925,40.842,0.715879,54.3838,0.42336,0,0.42336,460.49,0,1.02816,0,0,13.7666,12.7385,1.028160,1,0,488.18,0,0,0,488.18,0
97.506,2.71885,0,0,10.4512,0.528361,7.20399,3.6288,61.308,0.259291,0,0,18.9482,0.163453,18.5255,0.66528,12.849,1,0.35828,7.20399,0,322.484,3.72515,325.604,0.84672,12.849,0.84672,3695.15,0,0,0,14.9257,1.51942,36.8962,0.620997,52.7203,0.42336,0,0.42336,460.49,0,1.02816,0,0,15.9538,14.9257,1.028160,1,0,396.85,0,0,0,396.85,0
97.506,2.71923,0,0,8.43515,0.554761,5.16116,3.6288,61.308,0.259416,0,0,10.5508,0.170669,10.1207,0.66528,12.849,1,0.35833,5.16116,0,284.85,3.82956,285.823,0.84672,12.849,0.84672,3695.15,0,0,0,9.94153,1.57134,28.3351,0.615622,39.2323,0.42336,0,0.42336,460.49,0,1.02816,0,0,10.9697,9.94153,1.028160,1,0,335.176,0,0,0,335.176,0
97.506,2.7196,0,0,9.25724,0.478009,6.05963,3.6288,61.308,0.25954,0,0,8.33485,0.194457,7.88086,0.66528,12.849,1,0.35838,6.05963,0,244.657,4.12041,246.238,0.84672,12.849,0.84672,3695.15,0,0,0,8.3996,1.57152,28.8872,0.672873,38.1855,0.42336,0,0.42336,460.49,0,1.02816,0,0,9.42776,8.3996,1.028160,1,0,292.304,0,0,0,292.304,0
97.506,2.71998,0,0,7.8376,0.483901,4.63372,3.6288,61.308,0.259665,0,0,6.12638,0.168553,5.69816,0.66528,12.849,1,0.35843,4.63372,0,235.496,3.49514,236.276,0.84672,12.849,0.84672,3695.15,0,0,0,7.05879,1.57169,25.3656,0.711233,33.2848,0.42336,0,0.42336,460.49,0,1.02816,0,0,8.08695,7.05879,1.028160,1,0,275.259,0,0,0,275.259,0
97.506,2.67918,0,0,6.69894,0.448851,3.5709,3.6288,61.308,0.244989,0,0,3.88676,0.214503,3.42726,0.66528,12.849,1,0.353053,3.5709,0,188.746,4.64015,187.324,0.84672,12.849,0.84672,3695.15,0,0,0,5.00644,1.57187,18.7265,0.894496,24.4103,0.42336,0,0.42336,460.49,0,1.02816,0,0,6.0346,5.00644,1.028160,1,0,215.161,0,0,0,215.161,0
97.506,2.67955,0,0,5.77276,0.433231,2.65997,3.6288,61.308,0.245112,0,0,2.8959,0.243339,2.40745,0.66528,12.849,1,0.353102,2.65997,0,161.616,4.79227,159.131,0.84672,12.849,0.84672,3695.15,0,0,0,4.16352,1.55188,14.3472,0.97091,19.0917,0.42336,0,0.42336,460.49,0,1.02816,0,0,5.19168,4.16352,1.028160,1,0,180.63,0,0,0,180.63,0
97.506,2.67993,0,0,6.77042,0.376508,3.71398,3.6288,61.308,0.245234,0,0,2.98658,0.233151,2.50819,0.66528,12.849,1,0.353151,3.71398,0,146.469,4.2503,145.579,0.84672,12.849,0.84672,3695.15,0,0,0,4.30034,1.55205,14.324,0.908543,19.2678,0.42336,0,0.42336,460.49,0,1.02816,0,0,5.3285,4.30034,1.028160,1,0,167.355,0,0,0,167.355,0
97.506,2.6803,0,0,5.76984,0.376508,2.71304,3.6288,61.308,0.245357,0,0,2.85557,0.233151,2.37706,0.66528,12.849,1,0.3532,2.71304,0,139.134,4.2503,137.244,0.84672,12.849,0.84672,3695.15,0,0,0,4.12572,1.55222,14.1422,0.908543,18.9116,0.42336,0,0.42336,460.49,0,1.02816,0,0,5.15388,4.12572,1.028160,1,0,158.532,0,0,0,158.532,0
97.506,2.82051,0,0,5.27284,0.374402,2.07793,3.6288,61.308,0.29799,0,0,2.53923,0.238612,2.00263,0.66528,12.849,1,0.371677,2.07793,0,124.459,4.36384,121.802,0.84672,12.849,0.84672,3695.15,0,0,0,3.55044,1.5524,13.2537,0.940899,17.4156,0.42336,0,0.42336,460.49,0,1.02816,0,0,4.5786,3.55044,1.028160,1,0,141.22,0,0,0,141.22,0
97.506,2.8209,0,0,5.037,0.309599,1.9065,3.6288,61.308,0.298119,0,0,2.04022,0.267782,1.47432,0.66528,12.849,1,0.371728,1.9065,0,112.564,4.97189,109.127,0.84672,12.849,0.84672,3695.15,0,0,0,2.18918,1.6228,10.5921,1.07537,13.3287,0.42336,0,0.42336,460.49,0,1.02816,0,0,3.21734,2.18918,1.028160,1,0,123.93,0,0,0,123.93,0
97.506,2.82129,0,0,4.67211,0.240047,1.61077,3.6288,61.308,0.298249,0,0,1.96023,0.262995,1.39898,0.66528,12.849,1,0.371779,1.61077,0,102.816,4.87421,99.1808,0.84672,12.849,0.84672,3695.15,0,0,0,2.1272,1.62298,10.3015,0.995814,13.0558,0.42336,0,0.42336,460.49,0,1.02816,0,0,3.15536,2.1272,1.028160,1,0,113.636,0,0,0,113.636,0
97.506,2.82168,0,0,4.42037,0.240047,1.35865,3.6288,61.308,0.298378,0,0,1.85208,0.262995,1.29071,0.66528,12.849,1,0.371831,1.35865,0,96.1252,4.87421,92.2378,0.84672,12.849,0.84672,3695.15,0,0,0,2.04496,1.62316,9.94896,0.995814,12.6213,0.42336,0,0.42336,460.49,0,1.02816,0,0,3.07312,2.04496,1.028160,1,0,106.15,0,0,0,106.15,0
97.506,2.82207,0,0,4.52435,0.239708,1.46258,3.6288,61.308,0.298507,0,0,1.8858,0.254725,1.33257,0.66528,12.849,1,0.371882,1.46258,0,98.5046,4.70696,94.8884,0.84672,12.849,0.84672,3695.15,0,0,0,2.25997,1.62335,11.2138,0.982458,14.1146,0.42336,0,0.42336,460.49,0,1.02816,0,0,3.28813,2.25997,1.028160,1,0,110.336,0,0,0,110.336,0
97.3821,2.79479,0,0,3.22731,0.193577,0.36288,3.6288,61.308,0.327515,0,0,1.56429,0.25197,0.984804,0.66528,12.849,1,0.368287,0.36288,0,84.3143,4.71539,79.5935,0.84672,12.849,0.84672,3695.15,0,0,0,1.67829,1.62353,8.61849,1.16184,10.7585,0.42336,0,0.42336,460.49,0,1.02816,0,0,2.70645,1.67829,1.028160,1,0,91.3368,0,0,0,91.3368,0
96.8707,2.79476,0,0,2.82382,0.177556,0.36288,3.6288,61.308,0.327648,0,0,1.43103,0.266659,0.836728,0.66528,12.849,1,0.368752,0.36288,0,74.9053,4.89143,70.008,0.84672,12.849,0.84672,3695.15,0,0,0,1.46671,1.64015,7.93472,1.22787,9.81371,0.42336,0,0.42336,460.49,0,1.02816,0,0,2.49487,1.46671,1.028160,1,0,80.6585,0,0,0,80.6585,0
96.1749,2.79343,0,0,2.63732,0.176802,0.36288,3.6288,61.308,0.327781,0,0,1.25311,0.266659,0.658672,0.66528,12.849,1,0.370522,0.36288,0,68.9748,4.89143,64.0758,0.84672,12.849,0.84672,3695.15,0,0,0,1.36962,1.64034,7.52112,1.22787,9.30321,0.42336,0,0.42336,460.49,0,1.02816,0,0,2.39778,1.36962,1.028160,1,0,74.0377,0,0,0,74.0377,0
95.332,2.79145,0,0,2.48721,0.175776,0.36288,3.6288,61.308,0.327914,0,0,1.16872,0.266659,0.574152,0.66528,12.849,1,0.372938,0.36288,0,66.0476,4.89143,61.1461,0.84672,12.849,0.84672,3695.15,0,0,0,1.23402,1.64052,7.1274,1.22787,8.77406,0.42336,0,0.42336,460.49,0,1.02816,0,0,2.26218,1.23402,1.028160,1,0,70.4943,0,0,0,70.4943,0
94.28,2.86023,0,0,2.33098,0.159889,0.36288,3.6288,61.308,0.353797,0,0,1.22085,0.281026,0.586026,0.66528,12.849,1,0.385507,0.36288,0,61.9399,5.23113,56.6861,0.84672,12.849,0.84672,3695.15,0,0,0,0.996114,1.64071,6.78266,1.32127,8.09821,0.42336,0,0.42336,460.49,0,1.02816,0,0,2.02427,0.996114,1.028160,1,0,65.3704,0,0,0,65.3704,0
93.1195,2.85684,0,0,2.19834,0.139116,0.36288,3.6288,61.308,0.353934,0,0,1.13898,0.300182,0.484862,0.66528,12.849,1,0.389346,0.36288,0,60.8863,5.68407,55.1758,0.84672,12.849,0.84672,3695.15,0,0,0,1.03035,1.67595,6.29708,1.44581,7.55757,0.42336,0,0.42336,460.49,0,1.02816,0,0,2.05851,1.03035,1.028160,1,0,63.2182,0,0,0,63.2182,0
91.7655,2.85297,0,0,1.99961,0.13774,0.36288,3.6288,61.308,0.35407,0,0,1.06985,0.300182,0.415596,0.66528,12.849,1,0.393664,0.36288,0,55.9867,5.68407,50.2718,0.84672,12.849,0.84672,3695.15,0,0,0,0.708195,1.67614,5.76317,1.44581,6.7017,0.42336,0,0.42336,460.49,0,1.02816,0,0,1.73635,0.708195,1.028160,1,0,57.3891,0,0,0,57.3891,0
90.697,2.84827,0,0,2.26232,0.119707,0.36288,3.6288,61.308,0.354206,0,0,1.30071,0.293991,0.652512,0.66528,12.849,1,0.398815,0.36288,0,57.5751,5.82557,51.7136,0.84672,12.849,0.84672,3695.15,0,0,0,1.32041,1.67633,8.44906,1.48268,9.96312,0.42336,0,0.42336,460.49,0,1.02816,0,0,2.34857,1.32041,1.028160,1,0,62.3292,0,0,0,62.3292,0
89.3622,3.05221,0,0,2.18603,0.105731,0.36288,3.6288,61.308,0.447335,0,0,1.19867,0.269449,0.481887,0.66528,12.849,1,0.432405,0.36288,0,58.3349,5.91759,52.3478,0.84672,12.849,0.84672,3695.15,0,0,0,1.23385,1.67652,6.97801,1.52259,8.36579,0.42336,0,0.42336,460.49,0,1.02816,0,0,2.26201,1.23385,1.028160,1,0,61.1955,0,0,0,61.1955,0
87.8998,3.04698,0,0,2.04695,0.0994515,0.36288,3.6288,61.308,0.447483,0,0,1.17473,0.284178,0.443068,0.66528,12.849,1,0.438112,0.36288,0,52.9371,5.61215,47.2497,0.84672,12.849,0.84672,3695.15,0,0,0,1.10981,1.79298,5.59028,1.47056,7.02251,0.42336,0,0.42336,460.49,0,1.02816,0,0,2.13797,1.10981,1.028160,1,0,54.7153,0,0,0,54.7153,0
86.0208,3.04104,0,0,1.62302,0.098158,0.36288,3.6288,61.308,0.447631,0,0,0.881738,0.284178,0.149929,0.66528,12.849,1,0.444533,0.36288,0,58.1275,5.61215,52.4337,0.84672,12.849,0.84672,3695.15,0,0,0,0.577549,1.79319,4.48853,1.47056,5.38871,0.42336,0,0.42336,460.49,0,1.02816,0,0,1.60571,0.577549,1.028160,1,0,57.9723,0,0,0,57.9723,0
84.5011,3.03301,0,0,1.97271,0.0964958,0.36288,3.6288,61.308,0.447779,0,0,1.41759,0.284178,0.685634,0.66528,12.849,1,0.453043,0.36288,0,50.6695,5.61215,44.9671,0.84672,12.849,0.84672,3695.15,0,0,0,1.63404,1.79339,6.46739,1.47056,8.42426,0.42336,0,0.42336,460.49,0,1.02816,0,0,2.6622,1.63404,1.028160,1,0,54.077,0,0,0,54.077,0
82.5985,3.02635,0,0,1.58954,0.102935,0.36288,3.6288,61.308,0.447927,0,0,1.00317,0.256599,0.298647,0.66528,12.849,1,0.460178,0.36288,0,43.6025,4.87276,38.6325,0.84672,12.849,0.84672,3695.15,0,0,0,0.902742,1.7936,6.4844,1.18274,7.998,0.42336,0,0.42336,460.49,0,1.02816,0,0,1.9309,0.902742,1.028160,1,0,46.9291,0,0,0,46.9291,0
80.5663,2.91754,0,0,1.28061,0.0323417,0.36288,3.6288,61.308,0.391596,0,0,0.718113,0.241527,0.0849888,0.66528,12.849,1,0.453851,0.36288,0,44.8595,5.08406,39.6845,0.84672,12.849,0.84672,3695.15,0,0,0,0.855239,1.7938,5.85716,1.28816,7.21803,0.42336,0,0.42336,460.49,0,1.02816,0,0,1.8834,0.855239,1.028160,1,0,46.9875,0,0,0,46.9875,0
78.1211,2.90806,0,0,0.828179,0.0024902,0.36288,3.6288,61.1374,0.391737,0,0,0.464873,0.243772,0,0.66528,12.849,1,0.463788,0.36288,0,31.1283,5.39038,25.637,0.84672,12.849,0.84672,3695.15,0,0,0,0.211049,1.7287,3.71097,1.41668,4.23404,0.42336,0,0.42336,460.49,0,1.02816,0,0,1.23921,0.211049,1.028160,1,0,29.871,0,0,0,29.871,0
76.3981,2.89599,0,0,1.62532,0.0893788,0.36288,3.6288,61.1919,0.391878,0,0,0.693034,0.246585,0,0.66528,12.849,1,0.47632,0.36288,0,36.4276,5.02143,31.2928,0.84672,12.849,0.84672,3695.15,0,0,0,0.827375,1.7289,5.81055,1.34125,7.02557,0.42336,0,0.42336,460.49,0,1.02816,0,0,1.85554,0.827375,1.028160,1,0,38.3183,0,0,0,38.3183,0
75.7204,2.81961,0,0,2.67509,0.170354,0.36288,3.6288,61.308,0.368005,0,0,1.10959,0.263455,0.362065,0.66528,12.849,1,0.474215,0.36288,0,63.683,4.73067,58.841,0.84672,12.849,0.84672,3695.15,0,0,0,2.01109,1.72909,10.6087,1.24774,13.1011,0.42336,0,0.42336,460.49,0,1.02816,0,0,3.03925,2.01109,1.028160,1,0,72.3042,0,0,0,72.3042,0
75.0403,2.73693,0,0,2.61574,0.196059,0.36288,3.6288,61.308,0.317813,0,0,0.830599,0.257324,0.255463,0.66528,12.849,1,0.464431,0.36288,0,42.2959,4.84899,37.3454,0.84672,12.849,0.84672,3695.15,0,0,0,0.973115,1.69594,6.59956,1.23656,8.03205,0.42336,0,0.42336,460.49,0,1.02816,0,0,2.00127,0.973115,1.028160,1,0,45.6329,0,0,0,45.6329,0
73.7821,2.47096,0,0,1.8371,0.261411,0.36288,3.6288,61.308,0.226285,0,0,0.973054,0.241512,0.505257,0.66528,12.849,1,0.423098,0.36288,0,52.8556,5.14479,47.6506,0.84672,12.849,0.84672,3695.15,0,0,0,0.964431,1.63983,4.71275,1.20864,6.10838,0.42336,0,0.42336,460.49,0,1.02816,0,0,1.99259,0.964431,1.028160,1,0,54.2643,0,0,0,54.2643,0
72.1923,2.79283,0,0,1.82401,0.258058,0.36288,3.6288,61.308,0.340994,0,0,1.02572,0.241512,0.443217,0.66528,12.849,1,0.486365,0.36288,0,32.7195,5.14479,27.4512,0.84672,12.849,0.84672,3695.15,0,0,0,1.14029,1.51153,4.64808,1.20864,6.09126,0.42336,0,0.42336,460.49,0,1.02816,0,0,2.16845,1.14029,1.028160,1,0,33.9857,0,0,0,33.9857,0
76.1208,2.71879,0,0,7.1714,0.161312,0.36288,3.6288,61.308,0.318208,0,0,1.66285,0.222943,1.1217,0.66528,12.849,1,0.483898,0.36288,0,82.1702,4.71655,77.3326,0.84672,12.849,0.84672,3695.15,0,0,0,2.26716,1.67233,12.437,1.23714,15.1394,0.42336,0,0.42336,460.49,0,1.02816,0,0,3.29532,2.26716,1.028160,1,0,93.5937,0,0,0,93.5937,0
78.3173,2.57555,0,0,5.40931,0.274332,0.36288,3.6288,61.308,0.234084,0,0,1.78384,0.181022,1.36873,0.66528,12.849,1,0.434746,0.36288,0,97.035,3.82715,93.136,0.84672,12.849,0.84672,3695.15,0,0,0,2.35499,1.64039,13.0256,1.03252,15.9884,0.42336,0,0.42336,460.49,0,1.02816,0,0,3.38315,2.35499,1.028160,1,0,110.493,0,0,0,110.493,0
78.689,2.58638,0,0,3.6889,0.367927,0.36288,3.6288,61.308,0.234205,0,0,1.04604,0.251244,0.560587,0.66528,12.849,1,0.424331,0.36288,0,84.5968,4.19443,80.3409,0.84672,12.849,0.84672,3695.15,0,0,0,1.86986,1.53934,6.6182,0.848687,9.17871,0.42336,0,0.42336,460.49,0,1.02816,0,0,2.89802,1.86986,1.028160,1,0,90.0802,0,0,0,90.0802,0
79.4065,2.58846,0,0,4.0381,0.369276,0.36288,3.6288,61.308,0.234326,0,0,1.5713,0.251244,1.08573,0.66528,12.849,1,0.422666,0.36288,0,128.567,4.19443,124.312,0.84672,12.849,0.84672,3695.15,0,0,0,3.08267,1.53951,7.29121,0.848687,11.0647,0.42336,0,0.42336,460.49,0,1.02816,0,0,4.11083,3.08267,1.028160,1,0,136.463,0,0,0,136.463,0
80.7032,2.59211,0,0,4.62072,0.368992,0.36288,3.6288,61.308,0.234447,0,0,1.53049,0.24475,1.05129,0.66528,12.849,1,0.419437,0.36288,0,123.96,4.11954,119.784,0.84672,12.849,0.84672,3695.15,0,0,0,2.43142,1.53968,5.89969,0.841328,9.02946,0.42336,0,0.42336,460.49,0,1.02816,0,0,3.45958,2.43142,1.028160,1,0,129.864,0,0,0,129.864,0
82.169,2.29116,0,0,4.4759,0.356118,0.36288,3.6288,61.308,0.131412,0,0,1.34705,0.205788,1.00985,0.66528,12.849,1,0.364782,0.36288,0,82.3072,3.67017,78.6352,0.84672,12.849,0.84672,3695.15,0,0,0,1.45286,1.53985,6.36991,0.797173,8.56545,0.42336,0,0.42336,460.49,0,1.02816,0,0,2.48102,1.45286,1.028160,1,0,88.2105,0,0,0,88.2105,0
86.8423,2.29679,0,0,7.69075,0.35778,0.36288,3.6288,61.308,0.131412,0,0,1.76821,0.215499,1.4213,0.66528,12.849,1,0.359155,0.36288,0,89.7592,3.80325,85.9597,0.84672,12.849,0.84672,3695.15,0,0,0,3.35087,1.39361,13.4684,0.952105,17.2608,0.42336,0,0.42336,460.49,0,1.02816,0,0,4.37903,3.35087,1.028160,1,0,104.642,0,0,0,104.642,0
88.9458,2.71457,0,0,5.55197,0.37103,0.36288,3.6288,61.308,0.265739,0,0,0.872741,0.222782,0.384219,0.66528,12.849,1,0.401642,0.36288,0,89.7644,3.90306,85.8226,0.84672,12.849,0.84672,3695.15,0,0,0,1.43916,1.39361,8.32948,1.0683,10.0939,0.42336,0,0.42336,460.49,0,1.02816,0,0,2.46732,1.43916,1.028160,1,0,96.3008,0,0,0,96.3008,0
92.2143,2.72322,0,0,6.73279,0.378131,0.36288,3.6288,61.308,0.265855,0,0,0.940123,0.222782,0.451485,0.66528,12.849,1,0.393393,0.36288,0,80.9129,3.90306,76.9793,0.84672,12.849,0.84672,3695.15,0,0,0,1.7941,1.58364,8.2188,1.0683,10.5282,0.42336,0,0.42336,460.49,0,1.02816,0,0,2.82226,1.7941,1.028160,1,0,87.9591,0,0,0,87.9591,0
93.9592,2.7358,0,0,5.23274,0.389165,0.36288,3.6288,61.308,0.265971,0,0,1.0552,0.222782,0.566442,0.66528,12.849,1,0.381203,0.36288,0,68.8104,3.90306,64.889,0.84672,12.849,0.84672,3695.15,0,0,0,1.43352,1.58381,10.5413,1.0683,12.4903,0.42336,0,0.42336,460.49,0,1.02816,0,0,2.46168,1.43352,1.028160,1,0,77.9458,0,0,0,77.9458,0
97.506,2.74238,0,0,7.75942,0.40648,1.06377,3.6288,61.308,0.266086,0,0,1.41884,0.187564,0.965193,0.66528,12.849,1,0.375023,1.06377,0,119.541,3.7291,116.501,0.84672,12.849,0.84672,3695.15,0,0,0,2.43912,1.58397,8.0193,1.02659,11.0158,0.42336,0,0.42336,460.49,0,1.02816,0,0,3.46728,2.43912,1.028160,1,0,128.482,0,0,0,128.482,0
97.506,3.04954,0,0,5.43381,0.375995,2.00827,3.6288,61.308,0.382836,0,0,0.941337,0.228053,0.330448,0.66528,12.849,1,0.401858,2.00827,0,108.926,4.3469,106.186,0.84672,12.849,0.84672,3695.15,0,0,0,2.6102,1.58414,8.34978,1.17291,11.3712,0.42336,0,0.42336,460.49,0,1.02816,0,0,3.63836,2.6102,1.028160,1,0,117.887,0,0,0,117.887,0
97.506,3.04993,0,0,6.99322,0.375995,3.56729,3.6288,61.308,0.382965,0,0,1.293,0.228053,0.681984,0.66528,12.849,1,0.401909,3.56729,0,118.707,4.3469,117.525,0.84672,12.849,0.84672,3695.15,0,0,0,3.03323,1.73693,11.0591,1.17291,14.6564,0.42336,0,0.42336,460.49,0,1.02816,0,0,4.06139,3.03323,1.028160,1,0,132.864,0,0,0,132.864,0
97.506,3.05032,0,0,8.51254,0.355261,5.10696,3.6288,61.308,0.383094,0,0,1.3963,0.232172,0.781035,0.66528,12.849,1,0.40196,5.10696,0,110.574,4.3219,110.957,0.84672,12.849,0.84672,3695.15,0,0,0,3.75748,1.73711,14.1467,1.15617,18.4851,0.42336,0,0.42336,460.49,0,1.02816,0,0,4.78564,3.75748,1.028160,1,0,130.223,0,0,0,130.223,0
97.506,3.0507,0,0,5.67943,0.439622,2.1891,3.6288,61.308,0.383224,0,0,1.21887,0.210777,0.62487,0.66528,12.849,1,0.402011,2.1891,0,106.964,3.80613,104.945,0.84672,12.849,0.84672,3695.15,0,0,0,2.97147,1.73729,9.30761,1.09109,12.9253,0.42336,0,0.42336,460.49,0,1.02816,0,0,3.99963,2.97147,1.028160,1,0,118.495,0,0,0,118.495,0
97.2648,2.63048,0,0,3.29253,0.540332,0.36288,3.6288,61.308,0.226756,0,0,1.17934,0.208396,0.744191,0.66528,12.849,1,0.346635,0.36288,0,75.0825,3.00468,72.094,0.84672,12.849,0.84672,3695.15,0,0,0,1.86081,1.73747,8.42911,0.772067,11.2553,0.42336,0,0.42336,460.49,0,1.02816,0,0,2.88897,1.86081,1.028160,1,0,84.0935,0,0,0,84.0935,0
97.1814,2.63006,0,0,3.44874,0.539251,0.36288,3.6288,61.308,0.226867,0,0,1.27895,0.208396,0.84369,0.66528,12.849,1,0.347439,0.36288,0,77.783,3.00468,74.7937,0.84672,12.849,0.84672,3695.15,0,0,0,1.84016,1.52746,7.27221,0.772067,9.86777,0.42336,0,0.42336,460.49,0,1.02816,0,0,2.86832,1.84016,1.028160,1,0,85.5052,0,0,0,85.5052,0
97.506,2.63013,0,0,7.8433,0.515561,4.373,3.6288,61.308,0.226978,0,0,1.86643,0.244456,1.395,0.66528,12.849,1,0.347747,4.373,0,74.2608,4.00026,74.2858,0.84672,12.849,0.84672,3695.15,0,0,0,3.64434,1.52762,17.9014,1.03077,22.0426,0.42336,0,0.42336,460.49,0,1.02816,0,0,4.6725,3.64434,1.028160,1,0,97.7234,0,0,0,97.7234,0
97.506,2.63149,0,0,4.95641,0.450888,1.87403,3.6288,61.308,0.227089,0,0,1.4719,0.227592,1.01722,0.66528,12.849,1,0.346769,1.87403,0,175.772,4.79052,172.509,0.84672,12.849,0.84672,3695.15,0,0,0,2.45593,1.52777,10.5052,1.17016,13.3187,0.42336,0,0.42336,460.49,0,1.02816,0,0,3.48409,2.45593,1.028160,1,0,186.845,0,0,0,186.845,0
97.506,2.63183,0,0,4.89011,0.531748,1.72653,3.6288,61.308,0.2272,0,0,1.51422,0.182837,1.10418,0.66528,12.849,1,0.346813,1.72653,0,97.13,4.33812,94.1716,0.84672,12.849,0.84672,3695.15,0,0,0,1.8098,1.52793,7.90827,0.98717,10.2588,0.42336,0,0.42336,460.49,0,1.02816,0,0,2.83796,1.8098,1.028160,1,0,105.535,0,0,0,105.535,0
97.506,2.7381,0,0,6.23874,0.567603,2.93303,3.6288,61.308,0.265643,0,0,1.98468,0.180031,1.539,0.66528,12.849,1,0.360818,2.93303,0,107.077,4.179,105.47,0.84672,12.849,0.84672,3695.15,0,0,0,3.03682,1.52809,10.0464,0.972964,13.6384,0.42336,0,0.42336,460.49,0,1.02816,0,0,4.06498,3.03682,1.028160,1,0,120.648,0,0,0,120.648,0
97.506,2.73845,0,0,4.54082,0.567603,1.23476,3.6288,61.308,0.265759,0,0,1.57461,0.180031,1.12882,0.66528,12.849,1,0.360864,1.23476,0,75.7305,4.179,72.4254,0.84672,12.849,0.84672,3695.15,0,0,0,1.6837,1.58033,7.75578,0.972964,10.0469,0.42336,0,0.42336,460.49,0,1.02816,0,0,2.71186,1.6837,1.028160,1,0,83.601,0,0,0,83.601,0
97.506,2.7388,0,0,3.85004,0.539153,0.572086,3.6288,61.308,0.265874,0,0,1.261,0.184827,0.810298,0.66528,12.849,1,0.36091,0.572086,0,63.4109,4.18403,59.438,0.84672,12.849,0.84672,3695.15,0,0,0,1.30149,1.58049,6.08202,0.979496,7.98451,0.42336,0,0.42336,460.49,0,1.02816,0,0,2.32965,1.30149,1.028160,1,0,68.2328,0,0,0,68.2328,0
97.506,2.73916,0,0,3.98705,0.501041,0.746853,3.6288,61.308,0.26599,0,0,1.16014,0.219713,0.674434,0.66528,12.849,1,0.360956,0.746853,0,67.6026,5.0014,62.987,0.84672,12.849,0.84672,3695.15,0,0,0,1.54527,1.58066,6.39173,1.10775,8.40991,0.42336,0,0.42336,460.49,0,1.02816,0,0,2.57343,1.54527,1.028160,1,0,72.0714,0,0,0,72.0714,0
97.506,2.69807,0,0,4.03465,0.340807,0.995774,3.6288,61.308,0.251211,0,0,1.20864,0.224132,0.733298,0.66528,12.849,1,0.355542,0.995774,0,73.9308,4.46408,70.1069,0.84672,12.849,0.84672,3695.15,0,0,0,1.7682,1.58082,6.79614,1.12302,9.02214,0.42336,0,0.42336,460.49,0,1.02816,0,0,2.79636,1.7682,1.028160,1,0,79.8623,0,0,0,79.8623,0
97.506,2.69841,0,0,3.72813,0.340807,0.688908,3.6288,61.308,0.251325,0,0,1.26721,0.224132,0.791755,0.66528,12.849,1,0.355587,0.688908,0,62.5311,4.46408,58.4004,0.84672,12.849,0.84672,3695.15,0,0,0,1.5366,1.56069,6.2829,1.12302,8.25717,0.42336,0,0.42336,460.49,0,1.02816,0,0,2.56476,1.5366,1.028160,1,0,67.4493,0,0,0,67.4493,0
97.506,2.69876,0,0,3.60249,0.340807,0.562928,3.6288,61.308,0.251439,0,0,1.13289,0.224132,0.657323,0.66528,12.849,1,0.355633,0.562928,0,56.5491,4.46408,52.2924,0.84672,12.849,0.84672,3695.15,0,0,0,1.30905,1.56085,6.11221,1.12302,7.85909,0.42336,0,0.42336,460.49,0,1.02816,0,0,2.33721,1.30905,1.028160,1,0,60.8088,0,0,0,60.8088,0
97.2013,2.6991,0,0,3.13365,0.376377,0.36288,3.6288,61.308,0.251552,0,0,1.08958,0.173112,0.664917,0.66528,12.849,1,0.355678,0.36288,0,53.8429,4.04535,49.8048,0.84672,12.849,0.84672,3695.15,0,0,0,1.27584,1.56101,5.86977,1.00223,7.70438,0.42336,0,0.42336,460.49,0,1.02816,0,0,2.304,1.27584,1.028160,1,0,58.1741,0,0,0,58.1741,0
96.9887,2.83914,0,0,3.27303,0.283648,0.36288,3.6288,61.308,0.304511,0,0,1.16287,0.241475,0.616888,0.66528,12.849,1,0.375305,0.36288,0,52.1563,4.69075,47.4531,0.84672,12.849,0.84672,3695.15,0,0,0,1.33863,1.56117,5.18326,1.1409,6.94216,0.42336,0,0.42336,460.49,0,1.02816,0,0,2.36679,1.33863,1.028160,1,0,55.0122,0,0,0,55.0122,0
96.5007,2.83878,0,0,2.92931,0.215598,0.36288,3.6288,61.308,0.304631,0,0,0.921482,0.229453,0.387398,0.66528,12.849,1,0.376079,0.36288,0,46.3101,4.34353,41.9534,0.84672,12.849,0.84672,3695.15,0,0,0,1.31399,1.63201,4.75764,1.1183,6.58533,0.42336,0,0.42336,460.49,0,1.02816,0,0,2.34215,1.31399,1.028160,1,0,48.9261,0,0,0,48.9261,0
95.8649,2.83746,0,0,2.75333,0.188767,0.36288,3.6288,61.308,0.304751,0,0,0.959653,0.233023,0.421879,0.66528,12.849,1,0.377806,0.36288,0,42.6565,4.4519,38.1896,0.84672,12.849,0.84672,3695.15,0,0,0,1.31983,1.63218,4.83533,1.09825,6.6891,0.42336,0,0.42336,460.49,0,1.02816,0,0,2.34799,1.31983,1.028160,1,0,45.3006,0,0,0,45.3006,0
95.1244,2.83561,0,0,2.64575,0.187763,0.36288,3.6288,61.308,0.304871,0,0,0.977616,0.233023,0.439722,0.66528,12.849,1,0.380064,0.36288,0,40.213,4.4519,35.7439,0.84672,12.849,0.84672,3695.15,0,0,0,1.20296,1.63235,4.82148,1.09825,6.55854,0.42336,0,0.42336,460.49,0,1.02816,0,0,2.23112,1.20296,1.028160,1,0,42.7422,0,0,0,42.7422,0
94.5104,2.83337,0,0,2.76826,0.186013,0.36288,3.6288,61.308,0.304991,0,0,0.905196,0.249822,0.350382,0.66528,12.849,1,0.382719,0.36288,0,33.2108,4.78452,28.4064,0.84672,12.849,0.84672,3695.15,0,0,0,0.810432,1.63252,3.93396,1.14191,5.235,0.42336,0,0.42336,460.49,0,1.02816,0,0,1.83859,0.810432,1.028160,1,0,33.9918,0,0,0,33.9918,0
93.8361,2.80379,0,0,2.67716,0.184815,0.36288,3.6288,61.308,0.334173,0,0,0.862488,0.256541,0.271774,0.66528,12.849,1,0.381185,0.36288,0,30.5374,4.91757,25.6015,0.84672,12.849,0.84672,3695.15,0,0,0,0.6015,1.63269,3.84237,1.15938,4.91718,0.42336,0,0.42336,460.49,0,1.02816,0,0,1.62966,0.6015,1.028160,1,0,30.7905,0,0,0,30.7905,0
92.9225,2.80174,0,0,2.43475,0.183755,0.36288,3.6288,61.308,0.334296,0,0,0.841026,0.256541,0.250189,0.66528,12.849,1,0.383643,0.36288,0,29.9396,4.91757,25.0013,0.84672,12.849,0.84672,3695.15,0,0,0,0.580383,1.6494,3.68167,1.15938,4.75208,0.42336,0,0.42336,460.49,0,1.02816,0,0,1.60854,0.580383,1.028160,1,0,30.0035,0,0,0,30.0035,0
91.7884,2.79878,0,0,2.2099,0.182319,0.36288,3.6288,61.308,0.33442,0,0,0.789022,0.256541,0.198061,0.66528,12.849,1,0.387006,0.36288,0,26.6785,4.91757,21.7368,0.84672,12.849,0.84672,3695.15,0,0,0,0.398995,1.64957,3.56153,1.15938,4.45072,0.42336,0,0.42336,460.49,0,1.02816,0,0,1.42716,0.398995,1.028160,1,0,26.3856,0,0,0,26.3856,0
90.661,2.79495,0,0,2.16099,0.130577,0.36288,3.6288,61.308,0.334543,0,0,0.730616,0.325202,0.0708706,0.66528,12.849,1,0.391251,0.36288,0,24.9858,5.90841,19.0491,0.84672,12.849,0.84672,3695.15,0,0,0,0.438376,1.64975,3.48252,1.49234,4.0783,0.42336,0,0.42336,460.49,0,1.02816,0,0,1.46654,0.438376,1.028160,1,0,23.1982,0,0,0,23.1982,0
89.4583,2.86236,0,0,2.16333,0.140727,0.36288,3.6288,61.2808,0.360579,0,0,0.638297,0.304895,0,0.66528,12.849,1,0.40567,0.36288,0,25.5444,5.91538,19.5862,0.84672,12.849,0.84672,3695.15,0,0,0,0.377931,1.64992,3.38702,1.42309,3.99178,0.42336,0,0.42336,460.49,0,1.02816,0,0,1.40609,0.377931,1.028160,1,0,23.578,0,0,0,23.578,0
88.066,2.85795,0,0,1.96775,0.139239,0.36288,3.6288,61.1114,0.464092,0,0,0.599555,0.304843,0,0.66528,12.849,1,0.410491,0.36288,0,23.4889,5.91538,17.5259,0.84672,12.849,0.84672,3695.15,0,0,0,0.261274,1.68537,3.09984,1.42309,3.62339,0.42336,0,0.42336,460.49,0,0.924774,0,0,1.18605,0.261274,1.028160,1,0,21.1493,0,0,0,21.1493,0
86.9552,2.85265,0,0,2.2263,0.121617,0.36288,3.6288,61.1812,0.360832,0,0,0.728923,0.298333,0,0.66528,12.849,1,0.416208,0.36288,0,24.1555,6.05688,18.0452,0.84672,12.849,0.84672,3695.15,0,0,0,0.576072,1.68554,4.54455,1.45997,5.3462,0.42336,0,0.42336,460.49,0,1.02816,0,0,1.60423,0.576072,1.028160,1,0,23.3914,0,0,0,23.3914,0
85.7872,2.84838,0,0,2.15124,0.107963,0.36288,3.6288,61.2181,0.360959,0,0,0.67176,0.273942,0,0.66528,12.849,1,0.420894,0.36288,0,24.4741,6.1489,18.2672,0.84672,12.849,0.84672,3695.15,0,0,0,0.51694,1.68572,3.75321,1.49987,4.45599,0.42336,0,0.42336,460.49,0,1.02816,0,0,1.5451,0.51694,1.028160,1,0,22.7232,0,0,0,22.7232,0
83.8144,3.05125,0,0,1.54871,0.107318,0.36288,3.6288,61.074,0.454658,0,0,0.588182,0.277585,0,0.66528,12.849,1,0.457009,0.36288,0,18.009,6.17636,11.7386,0.84672,12.849,0.84672,3695.15,0,0,0,0.304448,1.6859,3.72534,1.50458,4.21111,0.42336,0,0.42336,460.49,0,1.02816,0,0,1.33261,0.304448,1.028160,1,0,15.9497,0,0,0,15.9497,0
81.3971,3.04231,0,0,1.0933,0.105456,0.36288,3.6288,60.4832,0.739501,0,0,0.426652,0.277928,0,0.66528,12.849,1,0.466395,0.36288,0,14.6769,6.18093,8.39241,0.84672,12.849,0.84672,3695.15,0,0,0,0.227405,1.80307,3.28457,1.50536,3.80968,0.42336,0,0.42336,460.49,0,0.743455,0,0,0.97086,0.227405,1.028160,1,0,12.2021,0,0,0,12.2021,0
79.209,3.03073,0,0,1.30855,0.10307,0.36288,3.6288,60.0316,0.633116,0,0,0.458338,0.276889,0,0.66528,12.849,1,0.478418,0.36288,0,15.1896,6.18093,8.89317,0.84672,12.849,0.84672,3695.15,0,0,0,0.204422,1.80326,3.60278,1.50536,4.1051,0.42336,0,0.42336,460.49,0,0.849977,0,0,1.0544,0.204422,1.028160,1,0,12.9983,0,0,0,12.9983,0
77.9258,3.01974,0,0,2.23748,0.138033,0.36288,3.6288,59.89,0.459477,0,0,0.588692,0.270774,0,0.66528,12.849,1,0.489851,0.36288,0,25.2432,6.03251,19.0838,0.84672,12.849,0.84672,3695.15,0,0,0,0.204422,1.80345,3.98798,1.48716,4.5087,0.42336,0,0.42336,460.49,0,1.02375,0,0,1.22818,0.204422,1.028160,1,0,23.5924,0,0,0,23.5924,0
76.1397,3.0132,0,0,1.72295,0.132987,0.36288,3.6288,59.6291,0.615169,0,0,0.611333,0.257014,0,0.66528,12.849,1,0.496839,0.36288,0,17.7556,5.47486,12.1468,0.84672,12.849,0.84672,3695.15,0,0,0,0.204422,1.80364,3.5711,1.36867,4.2105,0.42336,0,0.42336,460.49,0,0.868199,0,0,1.07262,0.204422,1.028160,1,0,16.3573,0,0,0,16.3573,0
73.4783,2.90407,0,0,0.741234,0.135676,0.36288,3.6288,58.9749,0.864343,0,0,0.463038,0.252912,0,0.66528,12.849,1,0.490077,0.36288,0,10.4982,4.90066,5.47034,0.84672,12.849,0.84672,3695.15,0,0,0,0.204422,1.80383,2.82544,1.28797,3.54572,0.42336,0,0.42336,460.49,0,0.562334,0,0,0.766757,0.204422,1.028160,1,0,9.01607,0,0,0,9.01607,0
70.979,2.82172,0,0,0.871327,0.186079,0.36288,3.6288,58.3903,0.833042,0,0,0.47044,0.22198,0,0.66528,12.849,1,0.493428,0.36288,0,10.575,4.4854,5.95906,0.84672,12.849,0.84672,3695.15,0,0,0,0.216518,1.73831,2.95065,1.15818,3.74731,0.42336,0,0.42336,460.49,0,0.569609,0,0,0.786128,0.216518,1.028160,1,0,9.70637,0,0,0,9.70637,0
70.3017,2.53833,0,0,2.45492,0.230975,0.36288,3.6288,59.1077,0.277983,0,0,1.14206,0.146739,0,0.66528,12.849,1,0.459503,0.36288,0,33.7891,3.44726,30.2453,0.84672,12.849,0.84672,3695.15,0,0,0,0.261757,1.70495,7.85377,0.833689,8.98678,0.42336,0,0.42336,460.49,0,1.02816,0,0,1.28992,0.261757,1.028160,1,0,39.232,0,0,0,39.232,0
68.6582,2.53491,0,0,1.47357,0.219257,0.36288,3.6288,59.1907,0.442139,0,0,0.684717,0.159532,0,0.66528,12.849,1,0.463305,0.36288,0,23.0818,3.53167,19.4497,0.84672,12.849,0.84672,3695.15,0,0,0,0.216518,1.57092,4.04033,0.840944,4.98683,0.42336,0,0.42336,460.49,0,0.864121,0,0,1.08064,0.216518,1.028160,1,0,24.4365,0,0,0,24.4365,0
66.2735,2.45407,0,0,0.717265,0.285026,0.36288,3.6288,58.5595,0.781608,0,0,0.368608,0.218236,0,0.66528,12.849,1,0.459265,0.36288,0,12.1542,4.17449,7.88336,0.84672,12.849,0.84672,3695.15,0,0,0,0.216518,1.57108,3.14521,1.05809,3.87472,0.42336,0,0.42336,460.49,0,0.478576,0,0,0.695094,0.216518,1.028160,1,0,11.7581,0,0,0,11.7581,0
63.7834,2.44054,0,0,0.593027,0.279723,0.36288,3.6288,57.9375,0.722274,0,0,0.317612,0.217354,0,0.66528,12.849,1,0.473167,0.36288,0,9.74748,4.17449,5.4627,0.84672,12.849,0.84672,3695.15,0,0,0,0.216518,1.51958,3.05083,1.05809,3.72883,0.42336,0,0.42336,460.49,0,0.538021,0,0,0.75454,0.216518,1.028160,1,0,9.19154,0,0,0,9.19154,0
62.2288,2.42547,0,0,1.50792,0.274185,0.36288,3.6288,58.5056,0.232247,0,0,1.01684,0.216484,0,0.66528,12.849,1,0.488606,0.36288,0,27.1949,4.17449,22.8947,0.84672,12.849,0.84672,3695.15,0,0,0,1.26782,1.51973,7.12997,1.05809,8.85944,0.42336,0,0.42336,460.49,0,1.02816,0,0,2.29598,1.26782,1.028160,1,0,31.7541,0,0,0,31.7541,0
60.9329,2.41567,0,0,1.77443,0.291745,0.36288,3.6288,59.3829,0.232358,0,0,1.31157,0.201893,0,0.66528,12.849,1,0.498787,0.36288,0,32.4467,3.95683,28.3539,0.84672,12.849,0.84672,3695.15,0,0,0,0.46961,1.51989,7.22364,0.996435,8.2167,0.42336,0,0.42336,460.49,0,1.02816,0,0,1.49777,0.46961,1.028160,1,0,36.5706,0,0,0,36.5706,0
61.0487,2.20712,0,0,2.93692,0.251164,0.36288,3.6288,60.0041,0.136219,0,0,1.02578,0.268418,0,0.66528,12.849,1,0.465417,0.36288,0,67.9742,4.31865,63.553,0.84672,12.849,0.84672,3695.15,0,0,0,0.504434,1.52005,10.0285,1.11019,10.9428,0.42336,0,0.42336,460.49,0,1.02816,0,0,1.53259,0.504434,1.028160,1,0,74.4958,0,0,0,74.4958,0
61.0016,2.20813,0,0,2.76043,0.236482,0.36288,3.6288,60.6625,0.136319,0,0,1.08162,0.286898,0,0.66528,12.849,1,0.464749,0.36288,0,62.4033,4.46964,57.8318,0.84672,12.849,0.84672,3695.15,0,0,0,1.6467,1.40043,13.041,1.15484,14.9332,0.42336,0,0.42336,460.49,0,1.02816,0,0,2.67486,1.6467,1.028160,1,0,72.765,0,0,0,72.765,0
61.0747,2.20812,0,0,2.88051,0.23639,0.36288,3.6288,61.308,0.13642,0,0,1.247,0.288102,0.176943,0.66528,12.849,1,0.465105,0.36288,0,67.0111,4.46964,62.4392,0.84672,12.849,0.84672,3695.15,0,0,0,2.45148,1.40057,17.813,1.15484,20.5102,0.42336,0,0.42336,460.49,0,1.02816,0,0,3.47964,2.45148,1.028160,1,0,83.1264,0,0,0,83.1264,0
61.3905,2.20887,0,0,3.12403,0.236533,0.36288,3.6288,61.308,0.13652,0,0,1.1091,0.289282,0.683297,0.66528,12.849,1,0.464705,0.36288,0,66.1331,4.46964,61.5617,0.84672,12.849,0.84672,3695.15,0,0,0,1.32763,1.40072,12.602,1.15484,14.1755,0.42336,0,0.42336,460.49,0,1.02816,0,0,2.35579,1.32763,1.028160,1,0,76.4204,0,0,0,76.4204,0
60.5691,2.21113,0,0,1.99961,0.246986,0.36288,3.6288,61.308,0.13662,0,0,1.06688,0.262442,0.667814,0.66528,12.849,1,0.462789,0.36288,0,40.2356,4.53507,35.6006,0.84672,12.849,0.84672,3695.15,0,0,0,0.580418,1.40086,6.75798,1.32551,7.41375,0.42336,0,0.42336,460.49,0,1.02816,0,0,1.60858,0.580418,1.028160,1,0,43.6822,0,0,0,43.6822,0
58.9533,2.28316,0,0,1.30636,0.276051,0.36288,3.6288,61.308,0.164604,0,0,0.931582,0.23755,0.529428,0.66528,12.849,1,0.484344,0.36288,0,18.6293,3.95718,14.5507,0.84672,12.849,0.84672,3695.15,0,0,0,0.62634,1.401,4.33909,1.11464,5.25179,0.42336,0,0.42336,460.49,0,1.02816,0,0,1.6545,0.62634,1.028160,1,0,20.3319,0,0,0,20.3319,0
57.5668,2.27253,0,0,1.52943,0.280534,0.36288,3.6288,61.308,0.247902,0,0,0.827176,0.238502,0.340772,0.66528,12.849,1,0.495302,0.36288,0,22.6721,3.8578,18.6818,0.84672,12.849,0.84672,3695.15,0,0,0,0.503194,1.44016,5.1957,1.09379,6.04526,0.42336,0,0.42336,460.49,0,0.944957,0,0,1.44815,0.503194,1.028160,1,0,25.0679,0,0,0,25.0679,0
56.6223,2.26304,0,0,1.95815,0.276777,0.36288,3.6288,61.308,0.164794,0,0,0.933872,0.238502,0.530575,0.66528,12.849,1,0.505115,0.36288,0,30.2648,3.8578,26.2648,0.84672,12.849,0.84672,3695.15,0,0,0,0.644561,1.44029,6.16316,1.09379,7.15423,0.42336,0,0.42336,460.49,0,1.02816,0,0,1.67272,0.644561,1.028160,1,0,33.9496,0,0,0,33.9496,0
55.1407,2.25644,0,0,1.41199,0.274217,0.36288,3.6288,61.308,0.263973,0,0,0.829077,0.238502,0.326602,0.66528,12.849,1,0.512043,0.36288,0,20.5303,3.8578,16.5233,0.84672,12.849,0.84672,3695.15,0,0,0,0.503194,1.44043,4.94775,1.09379,5.79758,0.42336,0,0.42336,460.49,0,0.929076,0,0,1.43227,0.503194,1.028160,1,0,22.6475,0,0,0,22.6475,0
54.6185,2.4885,0,0,2.58684,0.257679,0.36288,3.6288,61.308,0.269717,0,0,1.15474,0.235018,0.650001,0.66528,12.849,1,0.579875,0.36288,0,39.2089,3.9486,35.0433,0.84672,12.849,0.84672,3695.15,0,0,0,1.46458,1.44056,5.89359,1.16786,7.63087,0.42336,0,0.42336,460.49,0,1.02816,0,0,2.49274,1.46458,1.028160,1,0,43.3242,0,0,0,43.3242,0
54.1925,2.4843,0,0,2.67627,0.255112,0.36288,3.6288,61.308,0.269824,0,0,1.14167,0.226676,0.645172,0.66528,12.849,1,0.584432,0.36288,0,41.3948,4.01646,37.1567,0.84672,12.849,0.84672,3695.15,0,0,0,2.07241,1.57775,6.98893,1.18299,9.4561,0.42336,0,0.42336,460.49,0,1.02816,0,0,3.10057,2.07241,1.028160,1,0,47.258,0,0,0,47.258,0
54.3657,2.48088,0,0,3.27094,0.254017,0.36288,3.6288,61.308,0.26993,0,0,1.24276,0.226676,0.746154,0.66528,12.849,1,0.588215,0.36288,0,52.0596,4.01646,47.8178,0.84672,12.849,0.84672,3695.15,0,0,0,2.08597,1.5779,7.16939,1.18299,9.65027,0.42336,0,0.42336,460.49,0,1.02816,0,0,3.11413,2.08597,1.028160,1,0,58.2143,0,0,0,58.2143,0
54.7655,2.48269,0,0,3.48954,0.244121,0.36288,3.6288,61.308,0.270037,0,0,1.32041,0.230796,0.819575,0.66528,12.849,1,0.586769,0.36288,0,55.7999,3.99147,51.5845,0.84672,12.849,0.84672,3695.15,0,0,0,1.8605,1.57805,7.02009,1.16625,9.29239,0.42336,0,0.42336,460.49,0,1.02816,0,0,2.88866,1.8605,1.028160,1,0,61.6965,0,0,0,61.6965,0
56.4946,2.14023,0,0,4.5352,0.30296,0.36288,3.6288,61.308,0.129531,0,0,3.00216,0.124035,2.74859,0.66528,12.849,1,0.502138,0.36288,0,86.8959,3.38859,83.3681,0.84672,12.849,0.84672,3695.15,0,0,0,4.34246,1.5782,10.0853,0.825329,15.1806,0.42336,0,0.42336,460.49,0,1.02816,0,0,5.37062,4.34246,1.028160,1,0,101.297,0,0,0,101.297,0
57.7159,2.15301,0,0,4.02731,0.290191,0.36288,3.6288,61.308,0.129622,0,0,2.19478,0.15873,1.90642,0.66528,12.849,1,0.489675,0.36288,0,61.0199,3.4798,57.4133,0.84672,12.849,0.84672,3695.15,0,0,0,2.70334,1.38961,7.53011,0.931746,10.6913,0.42336,0,0.42336,460.49,0,1.02816,0,0,3.7315,2.70334,1.028160,1,0,70.011,0,0,0,70.011,0
59.0356,2.16174,0,0,4.13801,0.293698,0.36288,3.6288,61.308,0.129714,0,0,2.1231,0.15873,1.83465,0.66528,12.849,1,0.481258,0.36288,0,53.5883,3.4798,49.9901,0.84672,12.849,0.84672,3695.15,0,0,0,2.63127,1.38974,6.97637,0.931746,10.0656,0.42336,0,0.42336,460.49,0,1.02816,0,0,3.65943,2.63127,1.028160,1,0,61.8904,0,0,0,61.8904,0
60.6537,2.17083,0,0,4.4493,0.297487,0.36288,3.6288,61.308,0.129806,0,0,2.24962,0.15873,1.96109,0.66528,12.849,1,0.472479,0.36288,0,58.1041,3.4798,54.5147,0.84672,12.849,0.84672,3695.15,0,0,0,2.92678,1.38987,7.51283,0.931746,10.8977,0.42336,0,0.42336,460.49,0,1.02816,0,0,3.95494,2.92678,1.028160,1,0,67.3735,0,0,0,67.3735,0
62.5729,2.1815,0,0,4.7455,0.281863,0.36288,3.6288,61.308,0.129897,0,0,2.13278,0.14792,1.85497,0.66528,12.849,1,0.462133,0.36288,0,84.0326,3.83926,80.0941,0.84672,12.849,0.84672,3695.15,0,0,0,3.15969,1.39,7.51233,0.953141,11.1089,0.42336,0,0.42336,460.49,0,1.02816,0,0,4.18785,3.15969,1.028160,1,0,93.058,0,0,0,93.058,0
65.9183,2.28283,0,0,6.26212,0.271012,0.36288,3.6288,61.308,0.164406,0,0,2.28243,0.139813,1.97821,0.66528,12.849,1,0.468766,0.36288,0,113.849,4.10886,109.635,0.84672,12.849,0.84672,3695.15,0,0,0,3.49607,1.39013,9.98214,0.969187,13.8992,0.42336,0,0.42336,460.49,0,1.02816,0,0,4.52423,3.49607,1.028160,1,0,125.512,0,0,0,125.512,0
67.7557,2.30301,0,0,4.7817,0.278439,0.36288,3.6288,61.308,0.164501,0,0,1.921,0.139813,1.61669,0.66528,12.849,1,0.44891,0.36288,0,84.8526,4.10886,80.6577,0.84672,12.849,0.84672,3695.15,0,0,0,2.25725,1.43703,8.03503,0.969187,10.7601,0.42336,0,0.42336,460.49,0,1.02816,0,0,3.28541,2.25725,1.028160,1,0,93.0345,0,0,0,93.0345,0
68.6822,2.31352,0,0,3.88544,0.282518,0.36288,3.6288,61.308,0.164597,0,0,1.51216,0.139813,1.20775,0.66528,12.849,1,0.43873,0.36288,0,67.7722,4.10886,63.5875,0.84672,12.849,0.84672,3695.15,0,0,0,1.66257,1.43716,6.13278,0.969187,8.26332,0.42336,0,0.42336,460.49,0,1.02816,0,0,2.69073,1.66257,1.028160,1,0,73.0585,0,0,0,73.0585,0
69.4413,2.31878,0,0,3.6713,0.230517,0.36288,3.6288,61.308,0.164692,0,0,1.30609,0.154655,0.986745,0.66528,12.849,1,0.433795,0.36288,0,63.4503,4.13417,59.2453,0.84672,12.849,0.84672,3695.15,0,0,0,1.64881,1.4373,5.79627,0.986945,7.89544,0.42336,0,0.42336,460.49,0,1.02816,0,0,2.67697,1.64881,1.028160,1,0,68.1274,0,0,0,68.1274,0
69.7774,2.28752,0,0,3.21825,0.231763,0.36288,3.6288,61.308,0.151414,0,0,1.20281,0.151848,0.899547,0.66528,12.849,1,0.42327,0.36288,0,53.2077,3.81682,49.3305,0.84672,12.849,0.84672,3695.15,0,0,0,1.68235,1.43743,5.64565,0.999532,7.7659,0.42336,0,0.42336,460.49,0,1.02816,0,0,2.71051,1.68235,1.028160,1,0,57.9959,0,0,0,57.9959,0
69.7851,2.28952,0,0,2.87162,0.211498,0.36288,3.6288,61.308,0.151508,0,0,1.00887,0.181932,0.675427,0.66528,12.849,1,0.421598,0.36288,0,47.2771,4.13295,43.0855,0.84672,12.849,0.84672,3695.15,0,0,0,1.48115,1.41934,5.12609,1.02443,7.00216,0.42336,0,0.42336,460.49,0,1.02816,0,0,2.50931,1.48115,1.028160,1,0,50.763,0,0,0,50.763,0
69.6786,2.28983,0,0,2.70256,0.156399,0.36288,3.6288,61.308,0.151602,0,0,1.00333,0.208091,0.643636,0.66528,12.849,1,0.421609,0.36288,0,44.089,4.36359,39.6667,0.84672,12.849,0.84672,3695.15,0,0,0,1.44291,1.41947,5.10133,1.0382,6.92552,0.42336,0,0.42336,460.49,0,1.02816,0,0,2.47107,1.44291,1.028160,1,0,47.2358,0,0,0,47.2358,0
69.4743,2.28956,0,0,2.60446,0.15627,0.36288,3.6288,61.308,0.151696,0,0,1.00279,0.208091,0.643007,0.66528,12.849,1,0.422203,0.36288,0,42.1537,4.36359,37.7308,0.84672,12.849,0.84672,3695.15,0,0,0,1.52964,1.41961,5.60548,1.0382,7.51653,0.42336,0,0.42336,460.49,0,1.02816,0,0,2.5578,1.52964,1.028160,1,0,45.8903,0,0,0,45.8903,0
68.6975,2.40946,0,0,2.13923,0.143765,0.36288,3.6288,61.308,0.199234,0,0,0.718658,0.209386,0.310037,0.66528,12.849,1,0.44562,0.36288,0,32.1863,4.20948,27.8941,0.84672,12.849,0.84672,3695.15,0,0,0,0.836421,1.41974,4.1762,1.0955,5.33687,0.42336,0,0.42336,460.49,0,1.02816,0,0,1.86458,0.836421,1.028160,1,0,33.541,0,0,0,33.541,0
67.7174,2.4055,0,0,1.8944,0.106053,0.36288,3.6288,61.308,0.199333,0,0,0.676771,0.213859,0.263579,0.66528,12.849,1,0.449919,0.36288,0,27.5016,4.31644,23.0982,0.84672,12.849,0.84672,3695.15,0,0,0,0.763966,1.48333,3.79909,1.0636,4.98278,0.42336,0,0.42336,460.49,0,1.02816,0,0,1.79213,0.763966,1.028160,1,0,28.3445,0,0,0,28.3445,0
66.7196,2.40031,0,0,1.87065,0.105242,0.36288,3.6288,61.308,0.199432,0,0,0.735091,0.213859,0.3218,0.66528,12.849,1,0.455446,0.36288,0,26.5955,4.31644,22.1865,0.84672,12.849,0.84672,3695.15,0,0,0,0.726313,1.48347,4.16522,1.0636,5.3114,0.42336,0,0.42336,460.49,0,1.02816,0,0,1.75447,0.726313,1.028160,1,0,27.8197,0,0,0,27.8197,0
65.607,2.39488,0,0,1.74953,0.104417,0.36288,3.6288,61.308,0.199531,0,0,0.678283,0.213859,0.264893,0.66528,12.849,1,0.461211,0.36288,0,24.8781,4.31644,20.4633,0.84672,12.849,0.84672,3695.15,0,0,0,0.653944,1.48361,3.65723,1.0636,4.73117,0.42336,0,0.42336,460.49,0,1.02816,0,0,1.6821,0.653944,1.028160,1,0,25.4594,0,0,0,25.4594,0
64.4876,2.38862,0,0,1.73889,0.106771,0.36288,3.6288,61.308,0.19963,0,0,0.647326,0.225333,0.222363,0.66528,12.849,1,0.467807,0.36288,0,26.076,4.67351,21.2976,0.84672,12.849,0.84672,3695.15,0,0,0,0.454654,1.48375,3.90946,1.0752,4.77266,0.42336,0,0.42336,460.49,0,1.02816,0,0,1.48281,0.454654,1.028160,1,0,26.2926,0,0,0,26.2926,0
63.2997,2.35854,0,0,1.64182,0.10825,0.36288,3.6288,61.308,0.22582,0,0,0.622159,0.233939,0.162401,0.66528,12.849,1,0.469934,0.36288,0,27.5962,4.9413,22.5478,0.84672,12.849,0.84672,3695.15,0,0,0,0.356616,1.48389,3.93403,1.0839,4.69063,0.42336,0,0.42336,460.49,0,1.02816,0,0,1.38478,0.356616,1.028160,1,0,27.4008,0,0,0,27.4008,0
61.9775,2.35149,0,0,1.49488,0.102778,0.36288,3.6288,61.308,0.262857,0,0,0.58839,0.244908,0.0806248,0.66528,12.849,1,0.477321,0.36288,0,24.2927,5.08245,19.0959,0.84672,12.849,0.84672,3695.15,0,0,0,0.261274,1.49888,3.81828,1.13542,4.44301,0.42336,0,0.42336,460.49,0,0.991224,0,0,1.2525,0.261274,1.028160,1,0,23.6195,0,0,0,23.6195,0
60.6152,2.34333,0,0,1.41924,0.0753475,0.36288,3.6288,61.3026,0.2458,0,0,0.551169,0.310722,0,0.66528,12.849,1,0.485813,0.36288,0,21.9104,5.92935,15.8582,0.84672,12.849,0.84672,3695.15,0,0,0,0.261274,1.49902,3.64102,1.44456,3.95676,0.42336,0,0.42336,460.49,0,1.00838,0,0,1.26966,0.261274,1.028160,1,0,19.8149,0,0,0,19.8149,0
59.0807,2.3346,0,0,1.23829,0.0752461,0.36288,3.6288,61.176,0.312577,0,0,0.497001,0.311104,0,0.66528,12.849,1,0.494881,0.36288,0,20.081,5.89841,14.0506,0.84672,12.849,0.84672,3695.15,0,0,0,0.261274,1.49916,3.33782,1.44042,3.65784,0.42336,0,0.42336,460.49,0,0.941708,0,0,1.20298,0.261274,1.028160,1,0,17.7084,0,0,0,17.7084,0
57.478,2.38436,0,0,1.22309,0.0785732,0.36288,3.6288,60.7887,0.521709,0,0,0.447636,0.313208,0,0.66528,12.849,1,0.518555,0.36288,0,21.2854,5.71274,15.417,0.84672,12.849,0.84672,3695.15,0,0,0,0.261274,1.4993,2.67948,1.41559,3.02447,0.42336,0,0.42336,460.49,0,0.75594,0,0,1.01721,0.261274,1.028160,1,0,18.4415,0,0,0,18.4415,0
55.8038,2.37282,0,0,1.13885,0.0773582,0.36288,3.6288,60.4251,0.439466,0,0,0.388356,0.312441,0,0.66528,12.849,1,0.530436,0.36288,0,18.023,5.71274,12.1427,0.84672,12.849,0.84672,3695.15,0,0,0,0.261274,1.53112,2.7042,1.41559,3.081,0.42336,0,0.42336,460.49,0,0.838287,0,0,1.09956,0.261274,1.028160,1,0,15.2237,0,0,0,15.2237,0
54.0576,2.36016,0,0,1.05293,0.076089,0.36288,3.6288,59.934,0.539518,0,0,0.360145,0.31172,0,0.66528,12.849,1,0.543435,0.36288,0,17.2823,5.71274,11.389,0.84672,12.849,0.84672,3695.15,0,0,0,0.227405,1.53126,2.35128,1.41559,2.69436,0.42336,0,0.42336,460.49,0,0.73834,0,0,0.965745,0.227405,1.028160,1,0,14.0834,0,0,0,14.0834,0
52.3542,2.34626,0,0,1.07633,0.0705754,0.36288,3.6288,59.6114,0.409313,0,0,0.399953,0.313315,0,0.66528,12.849,1,0.557684,0.36288,0,16.4373,5.78751,10.4549,0.84672,12.849,0.84672,3695.15,0,0,0,0.227405,1.53141,2.90834,1.43053,3.23662,0.42336,0,0.42336,460.49,0,0.868648,0,0,1.09605,0.227405,1.028160,1,0,13.6916,0,0,0,13.6916,0
50.5864,2.50392,0,0,1.18255,0.0835608,0.36288,3.6288,59.2526,0.468587,0,0,0.407595,0.297745,0,0.66528,12.849,1,0.614524,0.36288,0,17.6393,5.49117,11.8965,0.84672,12.849,0.84672,3695.15,0,0,0,0.227405,1.53155,2.81788,1.3664,3.21043,0.42336,0,0.42336,460.49,0,0.89348,0,0,1.12088,0.227405,1.028160,1,0,15.107,0,0,0,15.107,0
48.7337,2.48709,0,0,1.08623,0.0889613,0.36288,3.6288,58.8007,0.536784,0,0,0.38306,0.298195,0,0.66528,12.849,1,0.631723,0.36288,0,18.0502,5.35584,12.4255,0.84672,12.849,0.84672,3695.15,0,0,0,0.227405,1.63673,2.43276,1.33137,2.96553,0.42336,0,0.42336,460.49,0,0.825396,0,0,1.0528,0.227405,1.028160,1,0,15.391,0,0,0,15.391,0
46.9752,2.46837,0,0,1.15996,0.0872221,0.36288,3.6288,58.4652,0.426581,0,0,0.38836,0.297332,0,0.66528,12.849,1,0.650805,0.36288,0,18.0465,5.35584,12.4028,0.84672,12.849,0.84672,3695.15,0,0,0,0.204422,1.63689,2.93817,1.33137,3.44811,0.42336,0,0.42336,460.49,0,0.935712,0,0,1.14013,0.204422,1.028160,1,0,15.8509,0,0,0,15.8509,0
45.3854,2.44953,0,0,1.30819,0.0855617,0.36288,3.6288,58.1098,0.46001,0,0,0.401361,0.296691,0,0.66528,12.849,1,0.670014,0.36288,0,17.2624,5.35584,11.5994,0.84672,12.849,0.84672,3695.15,0,0,0,0.204422,1.63704,3.26594,1.33137,3.77604,0.42336,0,0.42336,460.49,0,0.902396,0,0,1.10682,0.204422,1.028160,1,0,15.3754,0,0,0,15.3754,0
43.5202,2.43152,0,0,1.02925,0.0999994,0.36288,3.6288,57.7855,0.33436,0,0,0.324791,0.314712,0,0.66528,12.849,1,0.688385,0.36288,0,17.7614,5.22789,12.208,0.84672,12.849,0.84672,3695.15,0,0,0,0.218773,1.6372,2.13098,1.3461,2.64085,0.42336,0,0.42336,460.49,0,1.02816,0,0,1.24693,0.218773,1.028160,1,0,14.8489,0,0,0,14.8489,0
41.5765,2.3284,0,0,0.861736,0.114243,0.36288,3.6288,57.3759,0.295384,0,0,0.224567,0.338842,0,0.66528,12.849,1,0.687442,0.36288,0,15.194,5.03139,9.83809,0.84672,12.849,0.84672,3695.15,0,0,0,0.204422,1.63735,1.48986,1.37082,1.96082,0.42336,0,0.42336,460.49,0,1.01624,0,0,1.22066,0.204422,1.028160,1,0,11.7989,0,0,0,11.7989,0
39.549,2.30412,0,0,0.751239,0.111695,0.36288,3.6288,56.8323,0.404969,0,0,0.199328,0.337944,0,0.66528,12.849,1,0.712078,0.36288,0,13.8916,5.03139,8.51098,0.84672,12.849,0.84672,3695.15,0,0,0,0.216518,1.57853,1.45149,1.37082,1.87572,0.42336,0,0.42336,460.49,0,0.906759,0,0,1.12328,0.216518,1.028160,1,0,10.3867,0,0,0,10.3867,0
37.8746,2.27684,0,0,1.0744,0.109053,0.36288,3.6288,56.4898,0.283677,0,0,0.277983,0.336754,0,0.66528,12.849,1,0.739717,0.36288,0,17.284,5.03139,11.8757,0.84672,12.849,0.84672,3695.15,0,0,0,0.388299,1.57868,2.36226,1.37082,2.95842,0.42336,0,0.42336,460.49,0,1.02816,0,0,1.41646,0.388299,1.028160,1,0,14.8342,0,0,0,14.8342,0
37.1312,2.25268,0,0,2.00224,0.130128,0.36288,3.6288,56.2833,0.283784,0,0,0.392786,0.315517,0,0.66528,12.849,1,0.764225,0.36288,0,28.9924,4.69536,23.8957,0.84672,12.849,0.84672,3695.15,0,0,0,0.77207,1.57883,4.51341,1.28363,5.58067,0.42336,0,0.42336,460.49,0,1.02816,0,0,1.80023,0.77207,1.028160,1,0,29.4764,0,0,0,29.4764,0
35.4205,2.17787,0,0,0.966704,0.1366,0.36288,3.6288,55.9826,0.347374,0,0,0.301776,0.255123,0,0.66528,12.849,1,0.753638,0.36288,0,20.3665,4.6579,15.3178,0.84672,12.849,0.84672,3695.15,0,0,0,0.216518,1.57898,2.03762,1.22953,2.60359,0.42336,0,0.42336,460.49,0,0.918225,0,0,1.13474,0.216518,1.028160,1,0,17.9214,0,0,0,17.9214,0
34.0898,2.15142,0,0,1.3174,0.133836,0.36288,3.6288,55.8861,0.237541,0,0,0.395652,0.254623,0,0.66528,12.849,1,0.780439,0.36288,0,31.5422,4.6579,26.4668,0.84672,12.849,0.84672,3695.15,0,0,0,0.397837,1.52717,4.04112,1.22953,4.73659,0.42336,0,0.42336,460.49,0,1.02816,0,0,1.426,0.397837,1.028160,1,0,31.2033,0,0,0,31.2033,0
33.5125,2.12954,0,0,2.07466,0.159522,0.36288,3.6288,55.9722,0.237644,0,0,0.566525,0.242765,0,0.66528,12.849,1,0.802659,0.36288,0,44.5625,4.30046,39.8223,0.84672,12.849,0.84672,3695.15,0,0,0,0.746565,1.52731,3.75659,1.17762,4.85285,0.42336,0,0.42336,460.49,0,1.02816,0,0,1.77473,0.746565,1.028160,1,0,44.6751,0,0,0,44.6751,0
34.3138,2.1198,0,0,3.45336,0.169447,0.36288,3.6288,56.2565,0.237747,0,0,0.760274,0.23822,0,0.66528,12.849,1,0.812749,0.36288,0,47.0474,4.15748,42.44,0.84672,12.849,0.84672,3695.15,0,0,0,1.11521,1.52745,6.25781,1.15685,7.74363,0.42336,0,0.42336,460.49,0,1.02816,0,0,2.14337,1.11521,1.028160,1,0,50.1837,0,0,0,50.1837,0
36.8894,1.95658,0,0,5.07413,0.179013,0.36288,3.6288,56.6567,0.141059,0,0,0.766698,0.225456,0,0.66528,12.849,1,0.732655,0.36288,0,66.3403,3.62678,62.3437,0.84672,12.849,0.84672,3695.15,0,0,0,1.06821,1.5276,4.77573,1.00435,6.3672,0.42336,0,0.42336,460.49,0,1.02816,0,0,2.09637,1.06821,1.028160,1,0,68.7109,0,0,0,68.7109,0
38.639,1.99476,0,0,4.29516,0.187908,0.36288,3.6288,56.9761,0.141151,0,0,0.681248,0.220749,0,0.66528,12.849,1,0.694797,0.36288,0,75.1687,3.4145,71.4223,0.84672,12.849,0.84672,3695.15,0,0,0,2.06673,1.4073,4.74796,0.943348,7.27864,0.42336,0,0.42336,460.49,0,1.02816,0,0,3.09489,2.06673,1.028160,1,0,78.7009,0,0,0,78.7009,0
38.8698,2.01861,0,0,2.80407,0.191807,0.36288,3.6288,57.0178,0.141244,0,0,0.404168,0.221208,0,0.66528,12.849,1,0.671267,0.36288,0,42.6546,3.4145,38.9318,0.84672,12.849,0.84672,3695.15,0,0,0,0.583399,1.40743,3.99237,0.943348,5.03985,0.42336,0,0.42336,460.49,0,1.02816,0,0,1.61156,0.583399,1.028160,1,0,43.9716,0,0,0,43.9716,0
39.6669,2.02185,0,0,3.39018,0.208361,0.36288,3.6288,57.0643,0.141337,0,0,0.429879,0.242022,0,0.66528,12.849,1,0.668351,0.36288,0,43.2889,3.87164,39.1118,0.84672,12.849,0.84672,3695.15,0,0,0,0.829501,1.40756,5.35381,1.08595,6.50492,0.42336,0,0.42336,460.49,0,1.02816,0,0,1.85766,0.829501,1.028160,1,0,45.6167,0,0,0,45.6167,0
40.7861,2.03223,0,0,3.72948,0.215149,0.36288,3.6288,57.5399,0.141429,0,0,0.874733,0.257659,0,0.66528,12.849,1,0.658285,0.36288,0,68.2243,4.47105,63.4578,0.84672,12.849,0.84672,3695.15,0,0,0,1.49075,1.4077,5.83299,1.21244,7.51901,0.42336,0,0.42336,460.49,0,1.02816,0,0,2.51891,1.49075,1.028160,1,0,70.9768,0,0,0,70.9768,0
41.3932,2.11751,0,0,3.28701,0.199587,0.36288,3.6288,58.2491,0.16956,0,0,1.13713,0.25844,0,0.66528,12.849,1,0.667085,0.36288,0,59.2906,5.11245,53.874,0.84672,12.849,0.84672,3695.15,0,0,0,1.21339,1.40783,4.68086,1.26127,6.04081,0.42336,0,0.42336,460.49,0,1.02816,0,0,2.24155,1.21339,1.028160,1,0,59.9148,0,0,0,59.9148,0
41.5555,2.1252,0,0,2.85147,0.201022,0.36288,3.6288,58.7919,0.169647,0,0,0.972112,0.259627,0,0.66528,12.849,1,0.659691,0.36288,0,75.6885,5.11245,70.2792,0.84672,12.849,0.84672,3695.15,0,0,0,0.91012,1.44719,5.64737,1.26127,6.74342,0.42336,0,0.42336,460.49,0,1.02816,0,0,1.93828,0.91012,1.028160,1,0,77.0226,0,0,0,77.0226,0
41.1272,2.1274,0,0,2.26652,0.204594,0.36288,3.6288,59.0868,0.213427,0,0,0.763646,0.255356,0,0.66528,12.849,1,0.657794,0.36288,0,53.441,4.82472,48.3214,0.84672,12.849,0.84672,3695.15,0,0,0,0.503194,1.44731,3.59015,1.18381,4.35685,0.42336,0,0.42336,460.49,0,0.984468,0,0,1.48766,0.503194,1.028160,1,0,52.6782,0,0,0,52.6782,0
40.381,2.12241,0,0,1.94264,0.203476,0.36288,3.6288,59.2196,0.367989,0,0,0.709862,0.209083,0,0.66528,12.849,1,0.663086,0.36288,0,47.5649,4.03711,43.2276,0.84672,12.849,0.84672,3695.15,0,0,0,0.503194,1.44744,2.6222,1.07847,3.49436,0.42336,0,0.42336,460.49,0,0.829993,0,0,1.33319,0.503194,1.028160,1,0,46.722,0,0,0,46.722,0
41.4043,2.34185,0,0,3.90532,0.177315,0.36288,3.6288,60.2532,0.275222,0,0,1.56851,0.259618,0,0.66528,12.849,1,0.745162,0.36288,0,84.1873,4.2321,79.5729,0.84672,12.849,0.84672,3695.15,0,0,0,2.22543,1.44756,7.65194,1.20258,10.1223,0.42336,0,0.42336,460.49,0,1.02816,0,0,3.25359,2.22543,1.028160,1,0,89.6953,0,0,0,89.6953,0
42.0466,2.35616,0,0,3.53571,0.174388,0.36288,3.6288,61.1522,0.275319,0,0,1.44653,0.27227,0,0.66528,12.849,1,0.731186,0.36288,0,88.376,4.2965,83.7112,0.84672,12.849,0.84672,3695.15,0,0,0,1.57505,1.5855,6.78499,1.21703,8.7285,0.42336,0,0.42336,460.49,0,1.02816,0,0,2.60321,1.57505,1.028160,1,0,92.4397,0,0,0,92.4397,0
42.7484,2.36497,0,0,3.60536,0.175705,0.36288,3.6288,61.308,0.275417,0,0,1.55256,0.273828,0.847473,0.66528,12.849,1,0.722708,0.36288,0,93.4295,4.2965,88.7732,0.84672,12.849,0.84672,3695.15,0,0,0,1.89843,1.58564,7.23643,1.21703,9.50347,0.42336,0,0.42336,460.49,0,1.02816,0,0,2.92659,1.89843,1.028160,1,0,99.1241,0,0,0,99.1241,0
43.0505,2.37434,0,0,3.21246,0.173216,0.36288,3.6288,61.308,0.275515,0,0,1.22525,0.285163,0.664569,0.66528,12.849,1,0.713662,0.36288,0,91.5857,4.55857,86.6764,0.84672,12.849,0.84672,3695.15,0,0,0,0.862687,1.58577,6.74467,1.29902,7.8941,0.42336,0,0.42336,460.49,0,1.02816,0,0,1.89085,0.862687,1.028160,1,0,95.235,0,0,0,95.235,0
42.979,2.04745,0,0,2.58881,0.249977,0.36288,3.6288,61.308,0.134228,0,0,1.65034,0.21852,1.29759,0.66528,12.849,1,0.611089,0.36288,0,68.9515,2.67505,66.0283,0.84672,12.849,0.84672,3695.15,0,0,0,1.24386,1.58591,7.12696,0.825763,9.13097,0.42336,0,0.42336,460.49,0,1.02816,0,0,2.27202,1.24386,1.028160,1,0,76.4568,0,0,0,76.4568,0
43.0199,2.04689,0,0,2.69981,0.249137,0.36288,3.6288,61.308,0.134312,0,0,1.97162,0.217924,1.61939,0.66528,12.849,1,0.611938,0.36288,0,67.7125,2.42823,65.0353,0.84672,12.849,0.84672,3695.15,0,0,0,1.50502,1.39627,7.20232,0.780735,9.32288,0.42336,0,0.42336,460.49,0,1.02816,0,0,2.53318,1.50502,1.028160,1,0,75.9775,0,0,0,75.9775,0
46.5104,2.04756,0,0,6.13994,0.238938,0.36288,3.6288,61.308,0.134396,0,0,2.87724,0.253984,2.48886,0.66528,12.849,1,0.611557,0.36288,0,64.6458,3.42381,60.9733,0.84672,12.849,0.84672,3695.15,0,0,0,3.09836,1.39639,17.7299,1.03944,21.1852,0.42336,0,0.42336,460.49,0,1.02816,0,0,4.12652,3.09836,1.028160,1,0,84.6473,0,0,0,84.6473,0
47.7256,2.08375,0,0,3.88006,0.218237,0.36288,3.6288,61.308,0.13448,0,0,2.26906,0.23712,1.89746,0.66528,12.849,1,0.575658,0.36288,0,153.014,4.21407,148.587,0.84672,12.849,0.84672,3695.15,0,0,0,2.04883,1.39651,10.4045,1.17883,12.671,0.42336,0,0.42336,460.49,0,1.02816,0,0,3.07699,2.04883,1.028160,1,0,163.155,0,0,0,163.155,0
48.4644,2.09552,0,0,3.42745,0.230255,0.36288,3.6288,61.308,0.134564,0,0,2.2228,0.20311,1.88513,0.66528,12.849,1,0.564171,0.36288,0,103.719,3.97601,99.5416,0.84672,12.849,0.84672,3695.15,0,0,0,2.03622,1.39663,8.57183,1.05588,10.9488,0.42336,0,0.42336,460.49,0,1.02816,0,0,3.06438,2.03622,1.028160,1,0,112.376,0,0,0,112.376,0
49.4111,2.18811,0,0,3.74638,0.248693,0.36288,3.6288,61.308,0.169252,0,0,1.9619,0.17367,1.61898,0.66528,12.849,1,0.580116,0.36288,0,115.62,3.22938,112.173,0.84672,12.849,0.84672,3695.15,0,0,0,2.38035,1.39675,9.28757,0.840222,12.2244,0.42336,0,0.42336,460.49,0,1.02816,0,0,3.40851,2.38035,1.028160,1,0,126.016,0,0,0,126.016,0
50.0377,2.19717,0,0,3.43284,0.246226,0.36288,3.6288,61.308,0.16934,0,0,1.95852,0.206987,1.58219,0.66528,12.849,1,0.571357,0.36288,0,116.318,3.96984,112.139,0.84672,12.849,0.84672,3695.15,0,0,0,1.9964,1.44389,8.32084,1.04206,10.7191,0.42336,0,0.42336,460.49,0,1.02816,0,0,3.02456,1.9964,1.028160,1,0,124.441,0,0,0,124.441,0
52.4017,2.2031,0,0,5.17781,0.24787,0.36288,3.6288,61.308,0.169427,0,0,2.94099,0.206987,2.56457,0.66528,12.849,1,0.565725,0.36288,0,130.215,3.96984,126.042,0.84672,12.849,0.84672,3695.15,0,0,0,3.19935,1.44401,9.37077,1.04206,12.9721,0.42336,0,0.42336,460.49,0,1.02816,0,0,4.22751,3.19935,1.028160,1,0,141.579,0,0,0,141.579,0
54.193,2.22383,0,0,4.62242,0.2444,0.36288,3.6288,61.308,0.169515,0,0,2.93384,0.209229,2.5551,0.66528,12.849,1,0.545289,0.36288,0,118.111,3.901,114.027,0.84672,12.849,0.84672,3695.15,0,0,0,3.44191,1.44413,11.9692,1.05097,15.8043,0.42336,0,0.42336,460.49,0,1.02816,0,0,4.47007,3.44191,1.028160,1,0,132.387,0,0,0,132.387,0
53.6302,2.20442,0,0,2.19441,0.189864,0.36288,3.6288,61.308,0.156156,0,0,1.12014,0.222681,0.741304,0.66528,12.849,1,0.522662,0.36288,0,56.1244,3.48799,52.4766,0.84672,12.849,0.84672,3695.15,0,0,0,1.00894,1.44426,4.05935,1.10444,5.4081,0.42336,0,0.42336,460.49,0,1.02816,0,0,2.0371,1.00894,1.028160,1,0,58.626,0,0,0,58.626,0
52.8578,2.20024,0,0,1.97954,0.188783,0.36288,3.6288,61.308,0.156243,0,0,1.11834,0.222681,0.739413,0.66528,12.849,1,0.527144,0.36288,0,51.7524,3.48799,48.1001,0.84672,12.849,0.84672,3695.15,0,0,0,0.918078,1.42606,3.9827,1.10444,5.2224,0.42336,0,0.42336,460.49,0,1.02816,0,0,1.94624,0.918078,1.028160,1,0,54.0619,0,0,0,54.0619,0
52.3569,2.19428,0,0,2.23834,0.182161,0.36288,3.6288,61.308,0.156329,0,0,0.9861,0.225648,0.604124,0.66528,12.849,1,0.533398,0.36288,0,54.8183,3.72192,50.9259,0.84672,12.849,0.84672,3695.15,0,0,0,0.732344,1.42618,5.06974,1.11366,6.1146,0.42336,0,0.42336,460.49,0,1.02816,0,0,1.7605,0.732344,1.028160,1,0,57.6446,0,0,0,57.6446,0
51.5512,2.19042,0,0,1.89821,0.150565,0.36288,3.6288,61.308,0.156415,0,0,0.967706,0.243451,0.56784,0.66528,12.849,1,0.537555,0.36288,0,45.8021,5.12547,40.502,0.84672,12.849,0.84672,3695.15,0,0,0,0.790975,1.4263,4.05187,1.169,5.10015,0.42336,0,0.42336,460.49,0,1.02816,0,0,1.81913,0.790975,1.028160,1,0,46.17,0,0,0,46.17,0
50.3726,2.29901,0,0,1.59978,0.116519,0.36288,3.6288,61.308,0.2042,0,0,0.781747,0.242485,0.335062,0.66528,12.849,1,0.573022,0.36288,0,35.7807,5.10208,30.4684,0.84672,12.849,0.84672,3695.15,0,0,0,0.476591,1.42642,3.34051,1.18297,4.06056,0.42336,0,0.42336,460.49,0,1.02816,0,0,1.50475,0.476591,1.028160,1,0,34.8641,0,0,0,34.8641,0
49.0702,2.28857,0,0,1.47752,0.128441,0.36288,3.6288,61.308,0.295495,0,0,0.681973,0.232273,0.154204,0.66528,12.849,1,0.583768,0.36288,0,35.6053,4.92566,30.4587,0.84672,12.849,0.84672,3695.15,0,0,0,0.402797,1.49034,2.98049,1.11756,3.75606,0.42336,0,0.42336,460.49,0,0.936956,0,0,1.33975,0.402797,1.028160,1,0,34.369,0,0,0,34.369,0
47.6575,2.27654,0,0,1.35344,0.126674,0.36288,3.6288,61.308,0.325904,0,0,0.623811,0.232273,0.0656348,0.66528,12.849,1,0.596111,0.36288,0,31.9484,4.92566,26.7895,0.84672,12.849,0.84672,3695.15,0,0,0,0.30119,1.49047,2.84689,1.11756,3.52098,0.42336,0,0.42336,460.49,0,0.906638,0,0,1.20783,0.30119,1.028160,1,0,30.3761,0,0,0,30.3761,0
46.1989,2.26287,0,0,1.25729,0.0902244,0.36288,3.6288,61.2769,0.367734,0,0,0.597194,0.260603,0,0.66528,12.849,1,0.610094,0.36288,0,28.2672,5.24695,22.7731,0.84672,12.849,0.84672,3695.15,0,0,0,0.30119,1.4906,2.7183,1.19966,3.31043,0.42336,0,0.42336,460.49,0,0.864899,0,0,1.16609,0.30119,1.028160,1,0,26.0835,0,0,0,26.0835,0
44.7292,2.24804,0,0,1.22609,0.0848514,0.36288,3.6288,60.9793,0.540573,0,0,0.51093,0.267928,0,0.66528,12.849,1,0.625233,0.36288,0,29.2386,5.32454,23.6517,0.84672,12.849,0.84672,3695.15,0,0,0,0.30119,1.49073,2.28349,1.21716,2.85825,0.42336,0,0.42336,460.49,0,0.69215,0,0,0.993341,0.30119,1.028160,1,0,26.51,0,0,0,26.51,0
43.2495,2.21022,0,0,1.17914,0.085732,0.36288,3.6288,60.4691,0.676025,0,0,0.436833,0.270958,0,0.66528,12.849,1,0.634913,0.36288,0,29.1492,5.35657,23.5206,0.84672,12.849,0.84672,3695.15,0,0,0,0.30119,1.49085,1.76782,1.22225,2.33762,0.42336,0,0.42336,460.49,0,0.583019,0,0,0.884209,0.30119,1.028160,1,0,25.8582,0,0,0,25.8582,0
41.789,2.19371,0,0,1.18043,0.0842965,0.36288,3.6288,60.0087,0.612165,0,0,0.421834,0.270082,0,0.66528,12.849,1,0.651731,0.36288,0,27.5232,5.35657,21.8777,0.84672,12.849,0.84672,3695.15,0,0,0,0.261274,1.50592,1.87675,1.22225,2.42169,0.42336,0,0.42336,460.49,0,0.646972,0,0,0.908245,0.261274,1.028160,1,0,24.2994,0,0,0,24.2994,0
40.2999,2.17653,0,0,1.12604,0.0757246,0.36288,3.6288,59.5292,0.606591,0,0,0.411815,0.284709,0,0.66528,12.849,1,0.669224,0.36288,0,25.8816,5.57375,20.0015,0.84672,12.849,0.84672,3695.15,0,0,0,0.261274,1.50605,1.87978,1.29575,2.35135,0.42336,0,0.42336,460.49,0,0.65264,0,0,0.913913,0.261274,1.028160,1,0,22.3528,0,0,0,22.3528,0
38.7074,2.15801,0,0,0.985418,0.0570558,0.36288,3.6288,58.9044,0.695607,0,0,0.389093,0.318289,0,0.66528,12.849,1,0.688048,0.36288,0,24.32,6.32007,17.6747,0.84672,12.849,0.84672,3695.15,0,0,0,0.261274,1.50618,1.82924,1.55494,2.04175,0.42336,0,0.42336,460.49,0,0.563717,0,0,0.82499,0.261274,1.028160,1,0,19.7165,0,0,0,19.7165,0
36.4354,2.71033,0,0,0.864847,0.0636082,0.36288,3.6288,58.3041,0.637298,0,0,0.339961,0.303026,0,0.66528,12.849,1,0.899701,0.36288,0,20.7991,5.63293,14.6293,0.84672,12.849,0.84672,3695.15,0,0,0,0.261274,1.5063,1.48043,1.40334,1.84467,0.42336,0,0.42336,460.49,0,0.461091,0,0,0.722364,0.261274,1.028160,1,0,16.474,0,0,0,16.474,0
34.3931,2.44556,0,0,0.82804,0.0619306,0.36288,3.6288,57.4093,0.92523,0,0,0.332326,0.301858,0,0.66528,12.849,1,0.862429,0.36288,0,19.463,5.63293,13.3305,0.84672,12.849,0.84672,3695.15,0,0,0,0.261274,1.52514,1.52154,1.40334,1.90461,0.42336,0,0.42336,460.49,0,0.475667,0,0,0.73694,0.261274,1.028160,1,0,15.2351,0,0,0,15.2351,0
32.0632,2.62868,0,0,0.722036,0.0604225,0.36288,3.6288,56.7651,0.657506,0,0,0.313386,0.300118,0,0.66528,12.849,1,0.982056,0.36288,0,18.4396,5.63293,12.1875,0.84672,12.849,0.84672,3695.15,0,0,0,0.227405,1.70225,1.45385,1.40334,1.98017,0.42336,0,0.42336,460.49,0,0.441098,0,0,0.668503,0.227405,1.028160,1,0,14.1676,0,0,0,14.1676,0
29.7327,2.57799,0,0,0.665885,0.0554391,0.36288,3.6288,56.0845,0.687162,0,0,0.308,0.30138,0,0.66528,12.849,1,1.0331,0.36288,0,17.3962,5.70771,11.0183,0.84672,12.849,0.84672,3695.15,0,0,0,0.227405,1.52543,1.44062,1.41828,1.77518,0.42336,0,0.42336,460.49,0,0.411549,0,0,0.638954,0.227405,1.028160,1,0,12.7935,0,0,0,12.7935,0
27.2469,2.69011,0,0,0.619719,0.0525369,0.36288,3.6288,55.2793,0.79537,0,0,0.287617,0.297459,0,0.66528,12.849,1,1.16253,0.36288,0,17.1413,5.82673,10.5149,0.84672,12.849,0.84672,3695.15,0,0,0,0.227405,1.52558,1.3962,1.43231,1.71688,0.42336,0,0.42336,460.49,0,0.398052,0,0,0.625457,0.227405,1.028160,1,0,12.2318,0,0,0,12.2318,0
24.9677,2.61829,0,0,0.761132,0.059221,0.36288,3.6288,54.6247,0.691864,0,0,0.325546,0.288298,0,0.66528,12.849,1,1.23472,0.36288,0,20.5313,5.67976,13.9797,0.84672,12.849,0.84672,3695.15,0,0,0,0.227405,1.64402,1.50636,1.4276,1.95018,0.42336,0,0.42336,460.49,0,0.501674,0,0,0.729079,0.227405,1.028160,1,0,15.9299,0,0,0,15.9299,0
22.6068,2.54412,0,0,0.603487,0.0573436,0.36288,3.6288,53.7315,0.850506,0,0,0.244349,0.287058,0,0.66528,12.849,1,1.30927,0.36288,0,22.5443,5.67976,15.9181,0.84672,12.849,0.84672,3695.15,0,0,0,0.204422,1.64418,1.20949,1.4276,1.63049,0.42336,0,0.42336,460.49,0,0.343148,0,0,0.54757,0.204422,1.028160,1,0,17.5486,0,0,0,17.5486,0
20.4648,2.45718,0,0,0.733508,0.055453,0.36288,3.6288,53.3487,0.490357,0,0,0.392851,0.285329,0,0.66528,12.849,1,1.39658,0.36288,0,19.6517,5.67976,12.9382,0.84672,12.849,0.84672,3695.15,0,0,0,0.204422,1.64434,1.74273,1.4276,2.16389,0.42336,0,0.42336,460.49,0,0.703414,0,0,0.907836,0.204422,1.028160,1,0,15.1021,0,0,0,15.1021,0
18.4642,2.36761,0,0,0.789867,0.0599854,0.36288,3.6288,52.7724,0.611828,0,0,0.307417,0.271839,0,0.66528,12.849,1,1.48653,0.36288,0,20.2444,5.39146,13.7293,0.84672,12.849,0.84672,3695.15,0,0,0,0.204422,1.6445,1.7602,1.23191,2.37721,0.42336,0,0.42336,460.49,0,0.58206,0,0,0.786482,0.204422,1.028160,1,0,16.1065,0,0,0,16.1065,0
16.8108,2.20351,0,0,0.981314,0.0683136,0.36288,3.6288,52.8557,0.108395,0,0,0.476474,0.284776,0,0.66528,12.849,1,1.5334,0.36288,0,22.9639,5.96463,15.8288,0.84672,12.849,0.84672,3695.15,0,0,0,0.56211,1.64466,2.07971,1.24638,3.0401,0.42336,0,0.42336,460.49,0,1.02816,0,0,1.59027,0.56211,1.028160,1,0,18.8689,0,0,0,18.8689,0
15.1288,2.11824,0,0,0.865849,0.0667106,0.36288,3.6288,52.4925,0.354763,0,0,0.276524,0.284967,0,0.66528,12.849,1,1.61903,0.36288,0,23.522,5.96463,16.3012,0.84672,12.849,0.84672,3695.15,0,0,0,0.216518,1.5784,1.59742,1.24638,2.14596,0.42336,0,0.42336,460.49,0,0.781903,0,0,0.998421,0.216518,1.028160,1,0,18.4471,0,0,0,18.4471,0
13.3957,2.0211,0,0,0.715522,0.064659,0.36288,3.6288,51.9865,0.465518,0,0,0.243613,0.284138,0,0.66528,12.849,1,1.71654,0.36288,0,21.7178,5.96463,14.3995,0.84672,12.849,0.84672,3695.15,0,0,0,0.216518,1.57855,1.47934,1.24638,2.02804,0.42336,0,0.42336,460.49,0,0.671259,0,0,0.887777,0.216518,1.028160,1,0,16.4275,0,0,0,16.4275,0
12.4976,1.75359,0,0,1.33003,0.111711,0.36288,3.6288,51.607,0.546629,0,0,0.378998,0.211818,0,0.66528,12.849,1,1.68202,0.36288,0,38.3459,4.92648,32.1003,0.84672,12.849,0.84672,3695.15,0,0,0,0.216518,1.57871,2.56852,0.921888,3.44185,0.42336,0,0.42336,460.49,0,0.892659,0,0,1.10918,0.216518,1.028160,1,0,35.5421,0,0,0,35.5421,0
12.2912,1.64655,0,0,1.92967,0.126638,0.36288,3.6288,51.7117,0.358925,0,0,0.663527,0.199909,0,0.66528,12.849,1,1.69285,0.36288,0,49.6867,4.43796,43.9188,0.84672,12.849,0.84672,3695.15,0,0,0,0.598165,1.75583,3.85595,0.945658,5.26429,0.42336,0,0.42336,460.49,0,1.02816,0,0,1.62632,0.598165,1.028160,1,0,49.1831,0,0,0,49.1831,0
11.9074,1.44155,0,0,1.54635,0.125682,0.36288,3.6288,51.3639,0.591042,0,0,0.446196,0.202933,0,0.66528,12.849,1,1.50697,0.36288,0,37.8816,4.42575,32.3118,0.84672,12.849,0.84672,3695.15,0,0,0,0.216518,1.69747,2.93337,0.971252,3.8761,0.42336,0,0.42336,460.49,0,0.679622,0,0,0.896141,0.216518,1.028160,1,0,36.1879,0,0,0,36.1879,0
13.3577,1.41834,0,0,3.3561,0.124604,0.36288,3.6288,51.8503,0.242599,0,0,0.93137,0.202363,0,0.66528,12.849,1,1.5305,0.36288,0,56.6814,4.42575,51.0881,0.84672,12.849,0.84672,3695.15,0,0,0,0.97861,1.53427,4.24217,0.971252,5.7838,0.42336,0,0.42336,460.49,0,1.02816,0,0,2.00677,0.97861,1.028160,1,0,56.8719,0,0,0,56.8719,0
18.2206,1.5032,0,0,6.85766,0.128678,0.36288,3.6288,53.2069,0.242693,0,0,1.80241,0.203161,0,0.66528,12.849,1,1.44595,0.36288,0,113.54,4.42575,108.031,0.84672,12.849,0.84672,3695.15,0,0,0,3.35487,1.5344,6.81089,0.971252,10.7289,0.42336,0,0.42336,460.49,0,1.02816,0,0,4.38303,3.35487,1.028160,1,0,118.76,0,0,0,118.76,0
19.6083,1.58608,0,0,3.49764,0.160944,0.36288,3.6288,54.0785,0.1455,0,0,1.24136,0.224204,0,0.66528,12.849,1,1.11849,0.36288,0,52.8851,4.32594,47.8035,0.84672,12.849,0.84672,3695.15,0,0,0,2.00093,1.53453,3.68494,1.03088,6.18952,0.42336,0,0.42336,460.49,0,1.02816,0,0,3.02909,2.00093,1.028160,1,0,53.9931,0,0,0,53.9931,0
22.1613,1.85272,0,0,4.94134,0.172746,0.36288,3.6288,55.2437,0.250448,0,0,1.65164,0.236035,0,0.66528,12.849,1,1.21405,0.36288,0,87.4499,4.35855,82.2402,0.84672,12.849,0.84672,3695.15,0,0,0,2.29461,1.41361,3.8044,1.11273,6.39989,0.42336,0,0.42336,460.49,0,1.02816,0,0,3.32277,2.29461,1.028160,1,0,88.6401,0,0,0,88.6401,0
26.3272,2.13287,0,0,6.84058,0.178905,0.36288,3.6288,57.7295,0,0,0,2.72371,0.237857,0,0.66528,12.849,1,1.23663,0.36288,0,93.9436,4.35855,88.7113,0.84672,12.849,0.84672,3695.15,0,0,0,4.9494,1.56257,8.93039,1.11273,14.3296,0.42336,0,0.42336,460.49,0,0.976303,0,0,5.9257,4.9494,1.028160,1,0,103.041,0,0,0,103.041,0
29.0012,2.26459,0,0,5.49114,0.18975,0.36288,3.6288,58.5038,0,0,0,1.01599,0.241744,0,0.66528,12.849,1,1.10523,0.36288,0,79.9986,4.35855,74.8977,0.84672,12.849,0.84672,3695.15,0,0,0,2.51535,1.38574,4.30903,1.11273,7.09739,0.42336,0,0.42336,460.49,0,0.976398,0,0,3.49175,2.51535,1.028160,1,0,81.9951,0,0,0,81.9951,0
31.7149,2.33544,0,0,5.60198,0.189941,0.36288,3.6288,59.2707,0,0,0,1.0229,0.255954,0,0.66528,12.849,1,1.03472,0.36288,0,77.0671,4.41601,71.9792,0.84672,12.849,0.84672,3695.15,0,0,0,1.62217,1.38587,4.955,1.1455,6.81754,0.42336,0,0.42336,460.49,0,0.976493,0,0,2.59866,1.62217,1.028160,1,0,78.7968,0,0,0,78.7968,0
35.4581,2.47381,0,0,6.74999,0.170087,0.36288,3.6288,60.2941,0,0,0,1.26193,0.238624,0,0.66528,12.849,1,1.00224,0.36288,0,94.7393,4.39835,89.7016,0.84672,12.849,0.84672,3695.15,0,0,0,2.05757,1.38601,8.36361,1.06243,10.7447,0.42336,0,0.42336,460.49,0,1.00816,0,0,3.06573,2.05757,1.028160,1,0,100.446,0,0,0,100.446,0
39.0937,2.5517,0,0,6.72834,0.178131,0.36288,3.6288,61.308,0,0,0,1.45733,0.240188,0.203198,0.66528,12.849,1,0.924663,0.36288,0,123.307,4.39835,118.347,0.84672,12.849,0.84672,3695.15,0,0,0,2.28768,1.43032,9.34667,1.06243,12.0022,0.42336,0,0.42336,460.49,0,1.00825,0,0,3.29593,2.28768,1.028160,1,0,130.553,0,0,0,130.553,0
41.1711,2.61665,0,0,5.24284,0.185944,0.36288,3.6288,61.308,0,0,0,1.01147,0.241737,0.76973,0.66528,12.849,1,0.86002,0.36288,0,97.5283,4.39835,92.6328,0.84672,12.849,0.84672,3695.15,0,0,0,1.61507,1.43044,6.13361,1.06243,8.11669,0.42336,0,0.42336,460.49,0,1.00834,0,0,2.62341,1.61507,1.028160,1,0,101.519,0,0,0,101.519,0
42.9688,2.64996,0,0,5.00169,0.191103,0.36288,3.6288,61.308,0,0,0,0.94227,0.236196,0.706074,0.66528,12.849,1,0.82702,0.36288,0,84.0646,4.31234,79.2881,0.84672,12.849,0.84672,3695.15,0,0,0,1.59164,1.43057,5.75248,1.03945,7.73524,0.42336,0,0.42336,460.49,0,1.00843,0,0,2.60007,1.59164,1.028160,1,0,87.7294,0,0,0,87.7294,0
44.2092,2.93792,0,0,4.73236,0.191187,0.36288,3.6288,61.308,0.098938,0,0,0.944801,0.170385,0.675479,0.66528,12.849,1,0.87853,0.36288,0,98.7371,3.6447,94.5767,0.84672,12.849,0.84672,3695.15,0,0,0,1.85683,1.4307,6.36004,0.868743,8.77883,0.42336,0,0.42336,460.49,0,1.02816,0,0,2.88499,1.85683,1.028160,1,0,104.031,0,0,0,104.031,0
45.0233,2.95728,0,0,4.32522,0.190919,0.36288,3.6288,61.308,0.0990377,0,0,0.84634,0.157359,0.589943,0.66528,12.849,1,0.859508,0.36288,0,78.0019,3.58407,73.9212,0.84672,12.849,0.84672,3695.15,0,0,0,0.705292,1.586,5.92001,0.855616,7.35568,0.42336,0,0.42336,460.49,0,1.02816,0,0,1.73345,0.705292,1.028160,1,0,81.8669,0,0,0,81.8669,0
48.9919,2.96964,0,0,7.48913,0.188008,0.36288,3.6288,61.308,0.0991375,0,0,1.05285,0.159419,0.794297,0.66528,12.849,1,0.847491,0.36288,0,114.176,3.57157,110.12,0.84672,12.849,0.84672,3695.15,0,0,0,1.26886,1.58614,7.55012,0.847247,9.55788,0.42336,0,0.42336,460.49,0,1.02816,0,0,2.29702,1.26886,1.028160,1,0,120.472,0,0,0,120.472,0
51.6612,3.02429,0,0,6.23864,0.182222,0.36288,3.6288,61.308,0.0992373,0,0,1.09279,0.215606,0.777944,0.66528,12.849,1,0.793174,0.36288,0,137.351,3.21707,133.704,0.84672,12.849,0.84672,3695.15,0,0,0,1.30271,1.58628,8.25984,0.970305,10.1785,0.42336,0,0.42336,460.49,0,1.02816,0,0,2.33087,1.30271,1.028160,1,0,144.66,0,0,0,144.66,0
53.7291,2.66984,0,0,5.33253,0.231852,0.36288,3.6288,61.308,0,0,0,1.01487,0.163641,0.85123,0.66528,12.849,1,0.664034,0.36288,0,126.539,3.14382,123.094,0.84672,12.849,0.84672,3695.15,0,0,0,1.49297,1.58642,7.006,0.941885,9.14351,0.42336,0,0.42336,460.49,0,0.968305,0,0,2.46128,1.49297,1.028160,1,0,133.089,0,0,0,133.089,0
55.54,2.6907,0,0,5.11043,0.245936,0.36288,3.6288,61.308,0,0,0,0.972484,0.144606,0.827878,0.66528,12.849,1,0.643465,0.36288,0,127.933,3.13467,124.518,0.84672,12.849,0.84672,3695.15,0,0,0,1.97716,1.37288,6.90906,0.913868,9.34523,0.42336,0,0.42336,460.49,0,0.96839,0,0,2.94555,1.97716,1.028160,1,0,134.691,0,0,0,134.691,0
59.3104,2.70798,0,0,7.09166,0.250467,0.36288,3.6288,61.308,0,0,0,1.12744,0.144606,0.982836,0.66528,12.849,1,0.626482,0.36288,0,162.336,3.13467,158.938,0.84672,12.849,0.84672,3695.15,0,0,0,2.32092,1.373,9.41639,0.913868,12.1964,0.42336,0,0.42336,460.49,0,0.968476,0,0,3.28939,2.32092,1.028160,1,0,172.117,0,0,0,172.117,0
62.0806,2.74096,0,0,6.13295,0.258857,0.36288,3.6288,61.308,0,0,0,1.00447,0.135648,0.868821,0.66528,12.849,1,0.593801,0.36288,0,157.92,3.04052,154.649,0.84672,12.849,0.84672,3695.15,0,0,0,2.1545,1.37312,8.10259,0.905927,10.7243,0.42336,0,0.42336,460.49,0,0.968562,0,0,3.12307,2.1545,1.028160,1,0,166.242,0,0,0,166.242,0
68.9517,2.76316,0,0,10.2561,0.258989,0.36288,3.6288,61.308,0,0,0,1.4592,0.165908,1.29329,0.66528,12.849,1,0.571898,0.36288,0,288.072,3.92126,283.942,0.84672,12.849,0.84672,3695.15,0,0,0,2.84189,1.37324,13.6657,1.09905,16.7818,0.42336,0,0.42336,460.49,0,0.968647,0,0,3.81053,2.84189,1.028160,1,0,302.017,0,0,0,302.017,0
72.8177,2.91417,0,0,7.39385,0.250837,0.36288,3.6288,61.308,0,0,0,1.7306,0.175484,1.55512,0.66528,12.849,1,0.543049,0.36288,0,214.312,4.3975,209.734,0.84672,12.849,0.84672,3695.15,0,0,0,2.75,1.37337,10.2669,1.16356,13.2267,0.42336,0,0.42336,460.49,0,1.00769,0,0,3.75769,2.75,1.028160,1,0,224.516,0,0,0,224.516,0
76.8782,2.93893,0,0,7.71422,0.351886,0.36288,3.6288,61.308,0,0,0,1.84333,0.175484,1.66784,0.66528,12.849,1,0.518588,0.36288,0,194.188,4.3975,189.635,0.84672,12.849,0.84672,3695.15,0,0,0,3.43059,1.42643,11.3785,1.16356,15.072,0.42336,0,0.42336,460.49,0,1.00778,0,0,4.43838,3.43059,1.028160,1,0,206.375,0,0,0,206.375,0
81.1355,2.96266,0,0,7.94958,0.366787,0.36288,3.6288,61.308,0,0,0,1.49536,0.175484,1.31988,0.66528,12.849,1,0.495163,0.36288,0,216.788,4.3975,212.258,0.84672,12.849,0.84672,3695.15,0,0,0,2.65618,1.42655,10.442,1.16356,13.3612,0.42336,0,0.42336,460.49,0,1.00787,0,0,3.66405,2.65618,1.028160,1,0,226.939,0,0,0,226.939,0
83.4058,2.98536,0,0,5.96769,0.34907,0.36288,3.6288,61.308,0,0,0,1.28043,0.172082,1.10835,0.66528,12.849,1,0.472776,0.36288,0,164.022,4.03692,159.875,0.84672,12.849,0.84672,3695.15,0,0,0,2.27336,1.42668,7.7684,1.16353,10.3049,0.42336,0,0.42336,460.49,0,1.00796,0,0,3.28133,2.27336,1.028160,1,0,171.288,0,0,0,171.288,0
83.989,2.95547,0,0,4.18748,0.285942,0.36288,3.6288,61.308,0,0,0,1.12087,0.238667,0.882201,0.66528,12.849,1,0.455302,0.36288,0,100.997,4.50828,96.3966,0.84672,12.849,0.84672,3695.15,0,0,0,1.59084,1.42681,5.30676,1.25107,7.07334,0.42336,0,0.42336,460.49,0,0.992914,0,0,2.58376,1.59084,1.028160,1,0,104.352,0,0,0,104.352,0
84.1755,2.95847,0,0,3.78172,0.273879,0.36288,3.6288,61.308,0,0,0,1.09918,0.243424,0.855757,0.66528,12.849,1,0.4526,0.36288,0,93.0105,4.56645,88.3543,0.84672,12.849,0.84672,3695.15,0,0,0,1.53691,1.4063,5.15487,1.26252,6.83557,0.42336,0,0.42336,460.49,0,0.993002,0,0,2.52991,1.53691,1.028160,1,0,96.0456,0,0,0,96.0456,0
83.9391,2.95961,0,0,3.36043,0.274356,0.36288,3.6288,61.308,0,0,0,1.1922,0.243424,0.948775,0.66528,12.849,1,0.45177,0.36288,0,86.3914,4.56645,81.736,0.84672,12.849,0.84672,3695.15,0,0,0,1.70593,1.40643,5.2888,1.26252,7.13864,0.42336,0,0.42336,460.49,0,0.99309,0,0,2.69902,1.70593,1.028160,1,0,89.8234,0,0,0,89.8234,0
83.8534,2.95877,0,0,3.50973,0.273751,0.36288,3.6288,61.308,0,0,0,1.02122,0.243424,0.777798,0.66528,12.849,1,0.452914,0.36288,0,85.6803,4.56645,81.0238,0.84672,12.849,0.84672,3695.15,0,0,0,1.2478,1.40655,6.20572,1.26252,7.59756,0.42336,0,0.42336,460.49,0,0.993177,0,0,2.24097,1.2478,1.028160,1,0,89.3992,0,0,0,89.3992,0
83.6453,3.09897,0,0,3.48787,0.234163,0.36288,3.6288,61.308,0.0188064,0,0,1.02873,0.24084,0.769084,0.66528,12.849,1,0.474861,0.36288,0,87.8921,5.14743,82.6327,0.84672,12.849,0.84672,3695.15,0,0,0,1.32392,1.40668,5.16072,1.21223,6.67908,0.42336,0,0.42336,460.49,0,1.02816,0,0,2.35208,1.32392,1.028160,1,0,90.0809,0,0,0,90.0809,0
83.1301,3.09822,0,0,3.09128,0.145419,0.36288,3.6288,61.308,0.0188991,0,0,0.96374,0.246938,0.697903,0.66528,12.849,1,0.475927,0.36288,0,68.4625,5.07769,63.2718,0.84672,12.849,0.84672,3695.15,0,0,0,0.99894,1.47862,4.27777,1.27534,5.47999,0.42336,0,0.42336,460.49,0,1.02816,0,0,2.0271,0.99894,1.028160,1,0,69.4496,0,0,0,69.4496,0
82.4902,3.09594,0,0,2.96372,0.144717,0.36288,3.6288,61.308,0.0189917,0,0,0.940222,0.246938,0.674293,0.66528,12.849,1,0.478524,0.36288,0,63.3476,5.07769,58.1543,0.84672,12.849,0.84672,3695.15,0,0,0,0.995959,1.47875,4.13328,1.27534,5.33265,0.42336,0,0.42336,460.49,0,1.02816,0,0,2.02412,0.995959,1.028160,1,0,64.1612,0,0,0,64.1612,0
81.722,3.093,0,0,2.83153,0.143845,0.36288,3.6288,61.308,0.0190843,0,0,0.943885,0.246938,0.677863,0.66528,12.849,1,0.481778,0.36288,0,60.5285,5.07769,55.3319,0.84672,12.849,0.84672,3695.15,0,0,0,1.17603,1.47888,3.93638,1.27534,5.31595,0.42336,0,0.42336,460.49,0,1.02816,0,0,2.20419,1.17603,1.028160,1,0,61.3257,0,0,0,61.3257,0
80.9804,3.08936,0,0,2.88623,0.175644,0.36288,3.6288,61.308,0.0191769,0,0,0.889341,0.233154,0.63701,0.66528,12.849,1,0.485735,0.36288,0,55.4497,4.66122,50.6656,0.84672,12.849,0.84672,3695.15,0,0,0,1.0734,1.47902,4.42123,1.26652,5.70712,0.42336,0,0.42336,460.49,0,1.02816,0,0,2.10156,1.0734,1.028160,1,0,57.0098,0,0,0,57.0098,0
80.8603,3.05816,0,0,3.4292,0.128261,0.36288,3.6288,61.308,0.0487977,0,0,0.93426,0.221738,0.663725,0.66528,12.849,1,0.485232,0.36288,0,56.9894,5.10079,51.7663,0.84672,12.849,0.84672,3695.15,0,0,0,1.12253,1.47915,6.30651,1.18734,7.72085,0.42336,0,0.42336,460.49,0,1.02816,0,0,2.15069,1.12253,1.028160,1,0,60.1509,0,0,0,60.1509,0
80.3806,3.05781,0,0,3.06914,0.128112,0.36288,3.6288,61.308,0.048893,0,0,0.82277,0.221738,0.552139,0.66528,12.849,1,0.485897,0.36288,0,60.8185,5.10079,55.5947,0.84672,12.849,0.84672,3695.15,0,0,0,0.922709,1.49609,6.07814,1.18734,7.3096,0.42336,0,0.42336,460.49,0,1.02816,0,0,1.95087,0.922709,1.028160,1,0,63.4564,0,0,0,63.4564,0
79.6796,3.05558,0,0,2.84495,0.127521,0.36288,3.6288,61.308,0.0489882,0,0,0.827444,0.221738,0.556718,0.66528,12.849,1,0.48844,0.36288,0,52.7507,5.10079,47.5244,0.84672,12.849,0.84672,3695.15,0,0,0,0.937103,1.49622,5.89069,1.18734,7.13668,0.42336,0,0.42336,460.49,0,1.02816,0,0,1.96526,0.937103,1.028160,1,0,55.2178,0,0,0,55.2178,0
78.9354,3.05215,0,0,2.77817,0.107334,0.36288,3.6288,61.308,0.0490834,0,0,0.771811,0.244077,0.478651,0.66528,12.849,1,0.492185,0.36288,0,50.1001,5.52628,44.4445,0.84672,12.849,0.84672,3695.15,0,0,0,0.825656,1.49635,5.70851,1.31392,6.7166,0.42336,0,0.42336,460.49,0,1.02816,0,0,1.85382,0.825656,1.028160,1,0,51.6397,0,0,0,51.6397,0
77.7516,3.11957,0,0,2.39312,0.0944721,0.36288,3.6288,61.308,0.075504,0,0,0.563096,0.291569,0.196023,0.66528,12.849,1,0.5078,0.36288,0,37.8739,5.71683,32.0121,0.84672,12.849,0.84672,3695.15,0,0,0,0.575761,1.49649,4.58414,1.46854,5.18785,0.42336,0,0.42336,460.49,0,1.02816,0,0,1.60392,0.575761,1.028160,1,0,37.396,0,0,0,37.396,0
76.5082,3.11321,0,0,2.33196,0.0992854,0.36288,3.6288,61.308,0.0756017,0,0,0.489669,0.290177,0.123891,0.66528,12.849,1,0.51448,0.36288,0,46.9288,5.5713,41.2059,0.84672,12.849,0.84672,3695.15,0,0,0,0.696056,1.53246,4.86169,1.44157,5.64864,0.42336,0,0.42336,460.49,0,1.02816,0,0,1.72422,0.696056,1.028160,1,0,46.9784,0,0,0,46.9784,0
75.1244,3.10633,0,0,2.18355,0.0980609,0.36288,3.6288,61.308,0.0756993,0,0,0.455374,0.290177,0.0894978,0.66528,12.849,1,0.521686,0.36288,0,37.6796,5.5713,31.9495,0.84672,12.849,0.84672,3695.15,0,0,0,0.664096,1.5326,4.38243,1.44157,5.13756,0.42336,0,0.42336,460.49,0,1.02816,0,0,1.69226,0.664096,1.028160,1,0,37.1766,0,0,0,37.1766,0
73.5545,3.0984,0,0,1.98805,0.0966982,0.36288,3.6288,61.308,0.0757969,0,0,0.432319,0.290177,0.0663452,0.66528,12.849,1,0.529938,0.36288,0,34.3399,5.5713,28.6016,0.84672,12.849,0.84672,3695.15,0,0,0,0.403695,1.53273,4.08783,1.44157,4.58269,0.42336,0,0.42336,460.49,0,1.02816,0,0,1.43186,0.403695,1.028160,1,0,33.2506,0,0,0,33.2506,0
71.8094,3.29534,0,0,2.0024,0.0893366,0.36288,3.6288,61.308,0.170949,0,0,0.485535,0.292295,0.0222916,0.66528,12.849,1,0.575653,0.36288,0,32.284,5.68413,26.3871,0.84672,12.849,0.84672,3695.15,0,0,0,0.865693,1.53287,5.33261,1.51636,6.21481,0.42336,0,0.42336,460.49,0,1.02816,0,0,1.89385,0.865693,1.028160,1,0,32.6242,0,0,0,32.6242,0
69.6007,3.28377,0,0,1.51977,0.0817827,0.36288,3.6288,61.2292,0.171055,0,0,0.375243,0.283032,0,0.66528,12.849,1,0.587572,0.36288,0,24.429,5.48562,18.7187,0.84672,12.849,0.84672,3695.15,0,0,0,0.408784,1.65186,3.88462,1.54636,4.3989,0.42336,0,0.42336,460.49,0,1.02816,0,0,1.43694,0.408784,1.028160,1,0,23.1176,0,0,0,23.1176,0
67.9878,3.26832,0,0,2.09873,0.0804071,0.36288,3.6288,61.1907,0.171161,0,0,0.415568,0.282891,0,0.66528,12.849,1,0.603365,0.36288,0,26.2036,5.48562,20.4775,0.84672,12.849,0.84672,3695.15,0,0,0,0.602571,1.652,4.33046,1.54636,5.03867,0.42336,0,0.42336,460.49,0,1.02816,0,0,1.63073,0.602571,1.028160,1,0,25.5161,0,0,0,25.5161,0
67.3174,3.25657,0,0,3.05559,0.106567,0.36288,3.6288,61.2971,0.171267,0,0,0.553171,0.275457,0,0.66528,12.849,1,0.615458,0.36288,0,43.726,5.3457,38.1277,0.84672,12.849,0.84672,3695.15,0,0,0,0.806483,1.65215,4.81576,1.524,5.75039,0.42336,0,0.42336,460.49,0,1.02816,0,0,1.83464,0.806483,1.028160,1,0,43.8781,0,0,0,43.8781,0
66.2997,3.25171,0,0,2.69641,0.0995336,0.36288,3.6288,61.308,0.171373,0,0,0.621596,0.264902,0.174441,0.66528,12.849,1,0.62066,0.36288,0,50.5091,5.30946,44.9419,0.84672,12.849,0.84672,3695.15,0,0,0,0.943635,1.65229,4.55034,1.47216,5.67412,0.42336,0,0.42336,460.49,0,1.02816,0,0,1.97179,0.943635,1.028160,1,0,50.7904,0,0,0,50.7904,0
64.8017,3.14503,0,0,2.12557,0.115645,0.36288,3.6288,61.308,0.113759,0,0,0.565531,0.240543,0.211229,0.66528,12.849,1,0.609514,0.36288,0,33.8883,3.89529,29.7464,0.84672,12.849,0.84672,3695.15,0,0,0,1.56895,1.65244,5.13747,1.20152,7.15735,0.42336,0,0.42336,460.49,0,1.02816,0,0,2.59711,1.56895,1.028160,1,0,37.115,0,0,0,37.115,0
62.9333,3.13355,0,0,1.74233,0.114268,0.36288,3.6288,61.308,0.11386,0,0,0.438775,0.240543,0.0843717,0.66528,12.849,1,0.621327,0.36288,0,30.5235,3.89529,26.3697,0.84672,12.849,0.84672,3695.15,0,0,0,0.854487,1.58585,3.79987,1.20152,5.03869,0.42336,0,0.42336,460.49,0,1.02816,0,0,1.88265,0.854487,1.028160,1,0,31.4928,0,0,0,31.4928,0
61.035,3.11851,0,0,1.69558,0.11255,0.36288,3.6288,61.308,0.113961,0,0,0.656325,0.240543,0.301821,0.66528,12.849,1,0.636702,0.36288,0,38.6952,3.89529,34.5261,0.84672,12.849,0.84672,3695.15,0,0,0,2.07811,1.58599,4.7696,1.20152,7.23218,0.42336,0,0.42336,460.49,0,1.02816,0,0,3.10627,2.07811,1.028160,1,0,42.0601,0,0,0,42.0601,0
60.7445,3.10243,0,0,3.34416,0.169306,0.36288,3.6288,61.308,0.114062,0,0,0.793622,0.229584,0.449975,0.66528,12.849,1,0.653119,0.36288,0,87.0031,3.30876,83.4041,0.84672,12.849,0.84672,3695.15,0,0,0,2.04089,1.58613,7.13893,1.05621,9.70973,0.42336,0,0.42336,460.49,0,1.02816,0,0,3.06905,2.04089,1.028160,1,0,93.5638,0,0,0,93.5638,0
61.5976,3.02004,0,0,4.39614,0.160176,0.36288,3.6288,61.308,0.0616051,0,0,1.16475,0.229871,0.873273,0.66528,12.849,1,0.638814,0.36288,0,112.231,4.08148,107.874,0.84672,12.849,0.84672,3695.15,0,0,0,2.54432,1.58627,8.66377,0.927523,11.8668,0.42336,0,0.42336,460.49,0,1.02816,0,0,3.57248,2.54432,1.028160,1,0,120.614,0,0,0,120.614,0
62.3178,3.02763,0,0,4.26856,0.157799,0.36288,3.6288,61.308,0.0617014,0,0,1.40875,0.229986,1.11706,0.66528,12.849,1,0.631551,0.36288,0,90.8844,4.39057,86.2252,0.84672,12.849,0.84672,3695.15,0,0,0,2.80785,1.52762,9.77543,0.876048,13.2349,0.42336,0,0.42336,460.49,0,1.02816,0,0,3.83601,2.80785,1.028160,1,0,100.577,0,0,0,100.577,0
63.71,3.03395,0,0,4.94779,0.158738,0.36288,3.6288,61.308,0.0617977,0,0,1.44333,0.229986,1.15155,0.66528,12.849,1,0.625554,0.36288,0,50.3352,4.39057,45.6819,0.84672,12.849,0.84672,3695.15,0,0,0,2.8226,1.52776,9.98629,0.876048,13.4606,0.42336,0,0.42336,460.49,0,1.02816,0,0,3.85076,2.8226,1.028160,1,0,60.2941,0,0,0,60.2941,0
64.1498,3.04559,0,0,4.05626,0.20805,0.36288,3.6288,61.308,0.061894,0,0,1.16146,0.22386,0.875704,0.66528,12.849,1,0.614233,0.36288,0,76.7301,4.47327,72.0055,0.84672,12.849,0.84672,3695.15,0,0,0,1.72665,1.52789,6.08433,0.961948,8.37693,0.42336,0,0.42336,460.49,0,1.02816,0,0,2.75481,1.72665,1.028160,1,0,81.2581,0,0,0,81.2581,0
65.1893,2.81972,0,0,4.44213,0.219995,0.36288,3.6288,61.308,0,0,0,1.04534,0.230363,0.814982,0.66528,12.849,1,0.56478,0.36288,0,74.0517,4.38439,69.4654,0.84672,12.849,0.84672,3695.15,0,0,0,1.70019,1.52803,6.27561,1.1122,8.39162,0.42336,0,0.42336,460.49,0,0.980648,0,0,2.68084,1.70019,1.028160,1,0,78.672,0,0,0,78.672,0
65.3223,2.82749,0,0,3.56986,0.246525,0.36288,3.6288,61.308,0,0,0,1.22433,0.227388,0.996943,0.66528,12.849,1,0.557306,0.36288,0,48.974,4.09153,44.6881,0.84672,12.849,0.84672,3695.15,0,0,0,1.26763,1.3919,7.0861,1.12868,8.61696,0.42336,0,0.42336,460.49,0,0.980735,0,0,2.24837,1.26763,1.028160,1,0,54.302,0,0,0,54.302,0
68.618,2.82869,0,0,6.73413,0.246788,0.36288,3.6288,61.308,0,0,0,2.10654,0.227388,1.87915,0.66528,12.849,1,0.556407,0.36288,0,131.2,4.09153,126.915,0.84672,12.849,0.84672,3695.15,0,0,0,2.29898,1.39203,8.80572,1.12868,11.368,0.42336,0,0.42336,460.49,0,0.980822,0,0,3.2798,2.29898,1.028160,1,0,140.162,0,0,0,140.162,0
71.3633,2.85145,0,0,6.1983,0.238747,0.36288,3.6288,61.308,0,0,0,1.70071,0.232536,1.46817,0.66528,12.849,1,0.533945,0.36288,0,114.168,3.34772,110.649,0.84672,12.849,0.84672,3695.15,0,0,0,3.43911,1.39215,8.53139,1.03676,12.3259,0.42336,0,0.42336,460.49,0,0.980909,0,0,4.42002,3.43911,1.028160,1,0,124.443,0,0,0,124.443,0
72.9513,2.86911,0,0,5.06388,0.243863,0.36288,3.6288,61.308,0,0,0,1.01268,0.232536,0.780142,0.66528,12.849,1,0.516585,0.36288,0,87.0126,3.34772,83.5112,0.84672,12.849,0.84672,3695.15,0,0,0,1.72526,1.39227,7.73539,1.03676,9.81617,0.42336,0,0.42336,460.49,0,0.980995,0,0,2.70626,1.72526,1.028160,1,0,94.1075,0,0,0,94.1075,0
72.0448,2.9691,0,0,2.85734,0.431858,0.36288,3.6288,61.308,0,0,0,1.311,0.177781,1.13322,0.66528,12.849,1,0.522951,0.36288,0,88.4313,4.00019,84.271,0.84672,12.849,0.84672,3695.15,0,0,0,2.25222,1.3924,9.49778,0.927617,12.2148,0.42336,0,0.42336,460.49,0,1.0128,0,0,3.26502,2.25222,1.028160,1,0,97.619,0,0,0,97.619,0
71.7669,2.96375,0,0,3.38008,0.331334,0.36288,3.6288,61.308,0,0,0,1.58885,0.120429,1.46842,0.66528,12.849,1,0.528577,0.36288,0,75.2878,3.17625,71.9459,0.84672,12.849,0.84672,3695.15,0,0,0,2.57542,1.4369,11.9983,0.506887,15.5037,0.42336,0,0.42336,460.49,0,1.01288,0,0,3.5883,2.57542,1.028160,1,0,88.918,0,0,0,88.918,0
71.3262,2.96225,0,0,3.21508,0.330635,0.36288,3.6288,61.308,0,0,0,1.70457,0.120429,1.58414,0.66528,12.849,1,0.530355,0.36288,0,76.9416,3.17625,73.5979,0.84672,12.849,0.84672,3695.15,0,0,0,2.95666,1.43701,11.7172,0.506887,15.604,0.42336,0,0.42336,460.49,0,1.01296,0,0,3.96962,2.95666,1.028160,1,0,90.786,0,0,0,90.786,0
70.5887,2.95971,0,0,2.9146,0.329525,0.36288,3.6288,61.308,0,0,0,1.43005,0.120429,1.30962,0.66528,12.849,1,0.533174,0.36288,0,52.4971,3.17625,49.1505,0.84672,12.849,0.84672,3695.15,0,0,0,2.20835,1.43713,9.79923,0.506887,12.9378,0.42336,0,0.42336,460.49,0,1.01304,0,0,3.22139,2.20835,1.028160,1,0,63.398,0,0,0,63.398,0
71.942,3.24348,0,0,5.27393,0.314255,0.36288,3.6288,61.308,0.104083,0,0,2.22913,0.134187,1.99086,0.66528,12.849,1,0.590398,0.36288,0,143.599,3.66183,139.71,0.84672,12.849,0.84672,3695.15,0,0,0,4.72624,1.43724,23.0523,0.804609,28.4112,0.42336,0,0.42336,460.49,0,1.02816,0,0,5.7544,4.72624,1.028160,1,0,170.112,0,0,0,170.112,0
72.4744,3.25316,0,0,4.45574,0.30736,0.36288,3.6288,61.308,0.104173,0,0,3.3571,0.144505,3.10842,0.66528,12.849,1,0.581021,0.36288,0,144.227,4.02601,139.982,0.84672,12.849,0.84672,3695.15,0,0,0,4.69586,1.59324,20.2564,1.0279,25.5176,0.42336,0,0.42336,460.49,0,1.02816,0,0,5.72402,4.69586,1.028160,1,0,168.609,0,0,0,168.609,0
71.5683,3.25704,0,0,3.13367,0.41986,0.36288,3.6288,61.308,0.104263,0,0,2.1943,0.144505,1.94553,0.66528,12.849,1,0.577442,0.36288,0,84.3661,4.02601,80.1256,0.84672,12.849,0.84672,3695.15,0,0,0,1.68609,1.59337,11.3029,1.0279,13.5545,0.42336,0,0.42336,460.49,0,1.02816,0,0,2.71425,1.68609,1.028160,1,0,95.6256,0,0,0,95.6256,0
70.2526,3.2511,0,0,2.60484,0.306486,0.36288,3.6288,61.308,0.104353,0,0,1.89897,0.144505,1.65011,0.66528,12.849,1,0.583686,0.36288,0,59.2396,4.02601,54.9928,0.84672,12.849,0.84672,3695.15,0,0,0,1.21672,1.59349,9.22519,1.0279,11.0075,0.42336,0,0.42336,460.49,0,1.02816,0,0,2.24488,1.21672,1.028160,1,0,67.6504,0,0,0,67.6504,0
70.5832,2.83116,0,0,3.82792,0.303365,0.36288,3.6288,61.308,0,0,0,2.5519,0.146648,2.40525,0.66528,12.849,1,0.517811,0.36288,0,97.3147,3.59459,93.5651,0.84672,12.849,0.84672,3695.15,0,0,0,1.98518,1.59362,12.4184,1.02158,14.9756,0.42336,0,0.42336,460.49,0,0.97269,0,0,2.95787,1.98518,1.028160,1,0,110.946,0,0,0,110.946,0
71.4785,2.83344,0,0,4.41262,0.320983,0.36288,3.6288,61.308,0,0,0,2.56865,0.124586,2.44406,0.66528,12.849,1,0.515801,0.36288,0,106.771,3.22539,103.393,0.84672,12.849,0.84672,3695.15,0,0,0,2.00593,1.3791,14.8204,0.976713,17.2287,0.42336,0,0.42336,460.49,0,0.972767,0,0,2.9787,2.00593,1.028160,1,0,123.066,0,0,0,123.066,0
73.5164,2.83914,0,0,5.56311,0.323192,0.36288,3.6288,61.308,0,0,0,3.67463,0.124586,3.55004,0.66528,12.849,1,0.510365,0.36288,0,141.652,3.22539,138.279,0.84672,12.849,0.84672,3695.15,0,0,0,2.73956,1.37921,21.3005,0.976713,24.4425,0.42336,0,0.42336,460.49,0,0.972844,0,0,3.71241,2.73956,1.028160,1,0,166.272,0,0,0,166.272,0
77.7264,2.85141,0,0,7.87303,0.448745,0.36288,3.6288,61.308,0,0,0,5.93508,0.132235,5.80285,0.66528,12.849,1,0.498362,0.36288,0,193.4,3.44194,189.823,0.84672,12.849,0.84672,3695.15,0,0,0,5.91568,1.37932,37.7607,1.01006,44.0456,0.42336,0,0.42336,460.49,0,0.972922,0,0,6.8886,5.91568,1.028160,1,0,239.671,0,0,0,239.671,0
79.6935,2.8748,0,0,5.67788,0.473078,0.36288,3.6288,61.308,0,0,0,4.05898,0.181911,3.87707,0.66528,12.849,1,0.475235,0.36288,0,154.308,4.66978,149.526,0.84672,12.849,0.84672,3695.15,0,0,0,3.86709,1.37943,22.3738,1.22109,26.3992,0.42336,0,0.42336,460.49,0,0.972999,0,0,4.84009,3.86709,1.028160,1,0,179.802,0,0,0,179.802,0
81.794,2.99055,0,0,5.93243,0.478458,0.36288,3.6288,61.308,0,0,0,5.3954,0.204599,5.1908,0.66528,12.849,1,0.482167,0.36288,0,120.767,4.24084,116.407,0.84672,12.849,0.84672,3695.15,0,0,0,4.37272,1.37954,16.0214,1.28664,20.487,0.42336,0,0.42336,460.49,0,1.01221,0,0,5.38493,4.37272,1.028160,1,0,142.085,0,0,0,142.085,0
82.5223,3.00149,0,0,4.58088,0.488238,0.36288,3.6288,61.308,0,0,0,3.83676,0.204599,3.63216,0.66528,12.849,1,0.471503,0.36288,0,99.3686,4.24084,95.0192,0.84672,12.849,0.84672,3695.15,0,0,0,3.28467,1.43282,15.6651,1.28664,19.0959,0.42336,0,0.42336,460.49,0,1.01229,0,0,4.29697,3.28467,1.028160,1,0,117.747,0,0,0,117.747,0
82.6554,3.00533,0,0,3.98808,0.486796,0.36288,3.6288,61.308,0,0,0,3.48311,0.208492,3.27462,0.66528,12.849,1,0.46794,0.36288,0,89.0378,4.34437,84.5884,0.84672,12.849,0.84672,3695.15,0,0,0,2.94171,1.43294,17.1336,1.29418,20.214,0.42336,0,0.42336,460.49,0,1.01237,0,0,3.95409,2.94171,1.028160,1,0,108.077,0,0,0,108.077,0
82.6324,3.00622,0,0,3.80453,0.458374,0.36288,3.6288,61.308,0,0,0,3.29207,0.23185,3.06022,0.66528,12.849,1,0.467325,0.36288,0,85.6812,4.96556,80.6112,0.84672,12.849,0.84672,3695.15,0,0,0,3.03319,1.43305,17.0175,1.33943,20.1443,0.42336,0,0.42336,460.49,0,1.01245,0,0,4.04565,3.03319,1.028160,1,0,103.816,0,0,0,103.816,0
82.9094,2.96491,0,0,3.98095,0.376194,0.36288,3.6288,61.308,0,0,0,2.53103,0.238842,2.29219,0.66528,12.849,1,0.461031,0.36288,0,84.9822,4.33582,80.5482,0.84672,12.849,0.84672,3695.15,0,0,0,3.05162,1.43316,15.3303,1.23825,18.5768,0.42336,0,0.42336,460.49,0,0.99733,0,0,4.04895,3.05162,1.028160,1,0,101.417,0,0,0,101.417,0
82.6134,2.96648,0,0,3.39678,0.363464,0.36288,3.6288,61.308,0,0,0,2.10254,0.240007,1.86254,0.66528,12.849,1,0.459734,0.36288,0,73.4028,4.23087,69.0751,0.84672,12.849,0.84672,3695.15,0,0,0,2.57935,1.41256,10.1418,1.22138,12.9123,0.42336,0,0.42336,460.49,0,0.997409,0,0,3.57676,2.57935,1.028160,1,0,83.85,0,0,0,83.85,0
82.0335,2.96529,0,0,3.09773,0.349425,0.36288,3.6288,61.308,0,0,0,1.89696,0.228629,1.66833,0.66528,12.849,1,0.461197,0.36288,0,65.9344,3.99495,61.8412,0.84672,12.849,0.84672,3695.15,0,0,0,2.29452,1.41267,9.35487,1.16154,11.9005,0.42336,0,0.42336,460.49,0,0.997488,0,0,3.29201,2.29452,1.028160,1,0,75.41,0,0,0,75.41,0
81.2731,2.96271,0,0,2.88029,0.315129,0.36288,3.6288,61.308,0,0,0,1.80038,0.200185,1.60019,0.66528,12.849,1,0.464052,0.36288,0,62.6553,3.40515,59.149,0.84672,12.849,0.84672,3695.15,0,0,0,2.28692,1.41278,8.62773,1.01195,11.3155,0.42336,0,0.42336,460.49,0,0.997567,0,0,3.28449,2.28692,1.028160,1,0,72.0646,0,0,0,72.0646,0
80.3763,3.09957,0,0,2.8633,0.297647,0.36288,3.6288,61.308,0.0234246,0,0,2.0161,0.18502,1.80766,0.66528,12.849,1,0.490031,0.36288,0,60.3266,3.41717,56.7822,0.84672,12.849,0.84672,3695.15,0,0,0,3.04028,1.4129,10.2912,0.951577,13.7928,0.42336,0,0.42336,460.49,0,1.02816,0,0,4.06844,3.04028,1.028160,1,0,72.3827,0,0,0,72.3827,0
79.3392,3.0951,0,0,2.69585,0.274994,0.36288,3.6288,61.308,0.0235082,0,0,1.55507,0.164798,1.36676,0.66528,12.849,1,0.494784,0.36288,0,60.1703,3.43318,56.6053,0.84672,12.849,0.84672,3695.15,0,0,0,2.42793,1.48515,9.92434,0.871075,12.9663,0.42336,0,0.42336,460.49,0,1.02816,0,0,3.45609,2.42793,1.028160,1,0,70.9384,0,0,0,70.9384,0
78.1215,3.08978,0,0,2.5072,0.272237,0.36288,3.6288,61.308,0.0235917,0,0,1.49702,0.164798,1.30863,0.66528,12.849,1,0.500391,0.36288,0,54.8831,3.43318,51.3124,0.84672,12.849,0.84672,3695.15,0,0,0,1.96944,1.48526,8.81781,0.871075,11.4014,0.42336,0,0.42336,460.49,0,1.02816,0,0,2.9976,1.96944,1.028160,1,0,64.0225,0,0,0,64.0225,0
76.8682,3.08333,0,0,2.37078,0.17788,0.36288,3.6288,61.308,0.0236753,0,0,1.40715,0.25477,1.12871,0.66528,12.849,1,0.507129,0.36288,0,52.4508,4.65556,47.6509,0.84672,12.849,0.84672,3695.15,0,0,0,1.66273,1.48538,7.78153,1.1984,9.73125,0.42336,0,0.42336,460.49,0,1.02816,0,0,2.69089,1.66273,1.028160,1,0,58.5109,0,0,0,58.5109,0
75.4713,3.07649,0,0,2.20628,0.163819,0.36288,3.6288,61.308,0.0237589,0,0,1.30442,0.263739,1.01693,0.66528,12.849,1,0.514254,0.36288,0,46.9892,4.82877,42.0091,0.84672,12.849,0.84672,3695.15,0,0,0,1.5191,1.4855,7.34616,1.23005,9.12071,0.42336,0,0.42336,460.49,0,1.02816,0,0,2.54726,1.5191,1.028160,1,0,52.1467,0,0,0,52.1467,0
73.9529,3.04111,0,0,2.06573,0.180114,0.36288,3.6288,61.308,0.0534994,0,0,1.11634,0.227581,0.835259,0.66528,12.849,1,0.51775,0.36288,0,41.4869,4.64562,36.6865,0.84672,12.849,0.84672,3695.15,0,0,0,1.41605,1.48562,6.80028,1.09265,8.60931,0.42336,0,0.42336,460.49,0,1.02816,0,0,2.44421,1.41605,1.028160,1,0,46.131,0,0,0,46.131,0
72.2494,3.0323,0,0,1.86903,0.177339,0.36288,3.6288,61.308,0.0535854,0,0,1.03602,0.227581,0.754856,0.66528,12.849,1,0.526849,0.36288,0,37.2557,4.64562,32.4461,0.84672,12.849,0.84672,3695.15,0,0,0,1.11287,1.50262,6.52208,1.09265,8.04492,0.42336,0,0.42336,460.49,0,1.02816,0,0,2.14103,1.11287,1.028160,1,0,41.2459,0,0,0,41.2459,0
70.5456,3.02199,0,0,1.78065,0.0995893,0.36288,3.6288,61.308,0.0536713,0,0,0.98026,0.293396,0.633193,0.66528,12.849,1,0.537438,0.36288,0,33.7508,5.49252,28.0837,0.84672,12.849,0.84672,3695.15,0,0,0,1.12333,1.50274,6.17938,1.40178,7.40367,0.42336,0,0.42336,460.49,0,1.02816,0,0,2.15149,1.12333,1.028160,1,0,36.1206,0,0,0,36.1206,0
68.6587,3.01125,0,0,1.58083,0.0936042,0.36288,3.6288,61.308,0.0537573,0,0,0.916557,0.304365,0.558435,0.66528,12.849,1,0.548462,0.36288,0,30.8688,5.63367,25.0496,0.84672,12.849,0.84672,3695.15,0,0,0,1.06451,1.50286,5.9756,1.4533,7.08966,0.42336,0,0.42336,460.49,0,1.02816,0,0,2.09267,1.06451,1.028160,1,0,32.6977,0,0,0,32.6977,0
66.8163,3.06878,0,0,1.68135,0.0920691,0.36288,3.6288,61.308,0.0802825,0,0,0.975136,0.341493,0.553361,0.66528,12.849,1,0.5743,0.36288,0,30.9906,6.05194,24.7273,0.84672,12.849,0.84672,3695.15,0,0,0,1.16993,1.50298,6.07734,1.50522,7.24503,0.42336,0,0.42336,460.49,0,1.02816,0,0,2.19809,1.16993,1.028160,1,0,32.5257,0,0,0,32.5257,0
65.0264,3.05574,0,0,1.71936,0.0906758,0.36288,3.6288,61.308,0.0803705,0,0,0.903744,0.356345,0.467029,0.66528,12.849,1,0.587629,0.36288,0,40.6513,6.21926,34.2073,0.84672,12.849,0.84672,3695.15,0,0,0,1.40524,1.5391,6.74991,1.52599,8.16826,0.42336,0,0.42336,460.49,0,1.02816,0,0,2.4334,1.40524,1.028160,1,0,42.8426,0,0,0,42.8426,0
63.1415,3.04247,0,0,1.60993,0.0893909,0.36288,3.6288,61.308,0.0804586,0,0,0.840456,0.356345,0.403653,0.66528,12.849,1,0.601183,0.36288,0,32.6394,6.21926,26.1819,0.84672,12.849,0.84672,3695.15,0,0,0,1.36012,1.53922,6.08468,1.52599,7.45803,0.42336,0,0.42336,460.49,0,1.02816,0,0,2.38828,1.36012,1.028160,1,0,34.0435,0,0,0,34.0435,0
61.1286,3.0278,0,0,1.46579,0.0880379,0.36288,3.6288,61.308,0.0805467,0,0,0.797895,0.356345,0.361004,0.66528,12.849,1,0.616143,0.36288,0,29.7465,6.21926,23.274,0.84672,12.849,0.84672,3695.15,0,0,0,0.992606,1.53934,5.6756,1.52599,6.68156,0.42336,0,0.42336,460.49,0,1.02816,0,0,2.02077,0.992606,1.028160,1,0,30.3165,0,0,0,30.3165,0
59.1308,3.21239,0,0,1.66037,0.0829692,0.36288,3.6288,61.308,0.176097,0,0,0.943825,0.352711,0.415017,0.66528,12.849,1,0.675231,0.36288,0,30.0713,6.39795,23.361,0.84672,12.849,0.84672,3695.15,0,0,0,1.706,1.53946,8.00124,1.52647,9.72024,0.42336,0,0.42336,460.49,0,1.02816,0,0,2.73416,1.706,1.028160,1,0,33.4963,0,0,0,33.4963,0
57.0849,3.1939,0,0,1.60703,0.0960729,0.36288,3.6288,61.308,0.176193,0,0,0.833708,0.349928,0.307587,0.66528,12.849,1,0.694028,0.36288,0,28.7547,6.46621,21.9573,0.84672,12.849,0.84672,3695.15,0,0,0,1.25556,1.65895,5.64987,1.437,7.12737,0.42336,0,0.42336,460.49,0,1.02816,0,0,2.28372,1.25556,1.028160,1,0,29.3923,0,0,0,29.3923,0
54.7774,3.17385,0,0,1.32335,0.0941775,0.36288,3.6288,61.308,0.176289,0,0,0.725639,0.349928,0.199422,0.66528,12.849,1,0.714388,0.36288,0,35.6972,6.46621,28.8795,0.84672,12.849,0.84672,3695.15,0,0,0,0.989738,1.65908,5.04055,1.437,6.25237,0.42336,0,0.42336,460.49,0,1.02816,0,0,2.0179,0.989738,1.028160,1,0,35.3313,0,0,0,35.3313,0
52.6367,3.14972,0,0,1.46398,0.0920396,0.36288,3.6288,61.308,0.176384,0,0,0.996805,0.349928,0.470493,0.66528,12.849,1,0.738823,0.36288,0,30.6055,6.46621,23.7633,0.84672,12.849,0.84672,3695.15,0,0,0,1.61344,1.65921,6.02351,1.437,7.85917,0.42336,0,0.42336,460.49,0,1.02816,0,0,2.6416,1.61344,1.028160,1,0,32.093,0,0,0,32.093,0
50.4155,3.12582,0,0,1.35968,0.0921951,0.36288,3.6288,61.308,0.17648,0,0,0.801196,0.336139,0.288577,0.66528,12.849,1,0.763035,0.36288,0,29.363,6.09652,22.8663,0.84672,12.849,0.84672,3695.15,0,0,0,1.40417,1.65934,6.84357,1.29309,8.61399,0.42336,0,0.42336,460.49,0,1.02816,0,0,2.43233,1.40417,1.028160,1,0,31.7688,0,0,0,31.7688,0
48.7499,3.00471,0,0,1.7874,0.0854373,0.36288,3.6288,61.308,0.11861,0,0,0.859127,0.271575,0.468941,0.66528,12.849,1,0.765787,0.36288,0,45.3943,5.5376,39.4538,0.84672,12.849,0.84672,3695.15,0,0,0,1.25487,1.65948,6.8881,1.41038,8.39207,0.42336,0,0.42336,460.49,0,1.02816,0,0,2.28303,1.25487,1.028160,1,0,48.3148,0,0,0,48.3148,0
46.3804,2.98424,0,0,1.06157,0.0839324,0.36288,3.6288,61.308,0.118702,0,0,0.587032,0.271575,0.196755,0.66528,12.849,1,0.786556,0.36288,0,31.5587,5.5376,25.5975,0.84672,12.849,0.84672,3695.15,0,0,0,0.310979,1.59259,4.47748,1.41038,4.97067,0.42336,0,0.42336,460.49,0,1.02816,0,0,1.33914,0.310979,1.028160,1,0,30.7649,0,0,0,30.7649,0
44.4145,2.95301,0,0,1.46591,0.115935,0.36288,3.6288,61.308,0.118793,0,0,0.805426,0.271815,0.414819,0.66528,12.849,1,0.818088,0.36288,0,33.2154,5.26288,27.4974,0.84672,12.849,0.84672,3695.15,0,0,0,0.517087,1.59271,6.00992,1.35908,6.76064,0.42336,0,0.42336,460.49,0,1.02816,0,0,1.54525,0.517087,1.028160,1,0,34.6728,0,0,0,34.6728,0
44.8234,2.92516,0,0,3.86826,0.17128,0.36288,3.6288,61.308,0.118884,0,0,1.38428,0.291451,0.973948,0.66528,12.849,1,0.846241,0.36288,0,57.0275,4.87788,51.6663,0.84672,12.849,0.84672,3695.15,0,0,0,2.55818,1.59284,12.2834,1.24143,15.193,0.42336,0,0.42336,460.49,0,1.02816,0,0,3.58634,2.55818,1.028160,1,0,67.8332,0,0,0,67.8332,0
43.6076,2.85566,0,0,2.19527,0.192562,0.36288,3.6288,61.308,0.0661952,0,0,0.731549,0.254299,0.411054,0.66528,12.849,1,0.8186,0.36288,0,48.5177,4.74384,43.3182,0.84672,12.849,0.84672,3695.15,0,0,0,0.581584,1.59297,6.81447,1.19763,7.79139,0.42336,0,0.42336,460.49,0,1.02816,0,0,1.60974,0.581584,1.028160,1,0,51.5206,0,0,0,51.5206,0
42.2366,2.83826,0,0,2.03519,0.205069,0.36288,3.6288,61.308,0.0662821,0,0,1.4358,0.226435,1.14308,0.66528,12.849,1,0.836295,0.36288,0,59.4712,4.64331,54.3545,0.84672,12.849,0.84672,3695.15,0,0,0,1.20127,1.53406,7.85917,1.16478,9.42971,0.42336,0,0.42336,460.49,0,1.02816,0,0,2.22943,1.20127,1.028160,1,0,64.9273,0,0,0,64.9273,0
40.9783,2.81767,0,0,2.13201,0.209676,0.36288,3.6288,61.308,0.066369,0,0,1.09138,0.229509,0.7955,0.66528,12.849,1,0.857178,0.36288,0,47.4125,4.40637,42.5118,0.84672,12.849,0.84672,3695.15,0,0,0,1.03342,1.53418,10.1626,1.11439,11.6159,0.42336,0,0.42336,460.49,0,1.02816,0,0,2.06158,1.03342,1.028160,1,0,54.9232,0,0,0,54.9232,0
40.9714,2.79786,0,0,3.37971,0.225891,0.36288,3.6288,61.308,0.0664561,0,0,1.96551,0.237195,1.66185,0.66528,12.849,1,0.877284,0.36288,0,91.1252,3.81402,86.7968,0.84672,12.849,0.84672,3695.15,0,0,0,1.89227,1.5343,12.4108,0.988396,14.8489,0.42336,0,0.42336,460.49,0,1.02816,0,0,2.92043,1.89227,1.028160,1,0,103.308,0,0,0,103.308,0
43.1342,2.58725,0,0,5.32056,0.207701,0.36288,3.6288,61.308,0,0,0,0.876273,0.236445,0.639828,0.66528,12.849,1,0.811383,0.36288,0,106.013,3.94482,101.619,0.84672,12.849,0.84672,3695.15,0,0,0,1.47419,1.53442,10.4721,0.972079,12.5086,0.42336,0,0.42336,460.49,0,0.984744,0,0,2.45894,1.47419,1.028160,1,0,114.768,0,0,0,114.768,0
44.9675,2.6188,0,0,4.99232,0.177272,0.36288,3.6288,61.308,0,0,0,1.11659,0.214653,0.901938,0.66528,12.849,1,0.7801,0.36288,0,203.818,3.70001,199.7,0.84672,12.849,0.84672,3695.15,0,0,0,1.33713,1.39772,11.657,0.8382,13.5536,0.42336,0,0.42336,460.49,0,0.984822,0,0,2.32195,1.33713,1.028160,1,0,214.156,0,0,0,214.156,0
45.9544,2.64375,0,0,4.20348,0.210005,0.36288,3.6288,61.308,0,0,0,1.12342,0.198134,0.925291,0.66528,12.849,1,0.755423,0.36288,0,100.892,3.6183,96.8816,0.84672,12.849,0.84672,3695.15,0,0,0,1.31739,1.39783,9.20143,0.839038,11.0776,0.42336,0,0.42336,460.49,0,0.9849,0,0,2.30229,1.31739,1.028160,1,0,108.885,0,0,0,108.885,0
47.2254,2.65664,0,0,4.55142,0.260851,0.36288,3.6288,61.308,0,0,0,1.20327,0.176282,1.02699,0.66528,12.849,1,0.742804,0.36288,0,107.59,3.85014,103.36,0.84672,12.849,0.84672,3695.15,0,0,0,1.13547,1.39794,9.91699,0.857436,11.593,0.42336,0,0.42336,460.49,0,0.984978,0,0,2.12045,1.13547,1.028160,1,0,115.98,0,0,0,115.98,0
48.5461,2.67256,0,0,4.62062,0.264552,0.36288,3.6288,61.308,0,0,0,1.25931,0.176282,1.08302,0.66528,12.849,1,0.727146,0.36288,0,106.333,3.85014,102.119,0.84672,12.849,0.84672,3695.15,0,0,0,1.1877,1.39805,9.73728,0.857436,11.4656,0.42336,0,0.42336,460.49,0,0.985056,0,0,2.17275,1.1877,1.028160,1,0,114.668,0,0,0,114.668,0
53.0298,2.77263,0,0,7.86493,0.245675,0.36288,3.6288,61.308,0,0,0,1.5842,0.190155,1.39404,0.66528,12.849,1,0.733849,0.36288,0,134.144,3.5625,130.21,0.84672,12.849,0.84672,3695.15,0,0,0,2.57519,1.39816,11.5451,1.00592,14.5125,0.42336,0,0.42336,460.49,0,1.01698,0,0,3.59218,2.57519,1.028160,1,0,146.117,0,0,0,146.117,0
57.2093,2.82277,0,0,7.61873,0.253561,0.36288,3.6288,61.308,0,0,0,1.63995,0.192467,1.44748,0.66528,12.849,1,0.683951,0.36288,0,172.003,3.51456,168.168,0.84672,12.849,0.84672,3695.15,0,0,0,2.77815,1.44283,13.9608,1.03067,17.1511,0.42336,0,0.42336,460.49,0,1.01705,0,0,3.79521,2.77815,1.028160,1,0,186.766,0,0,0,186.766,0
61.2156,2.86378,0,0,7.49736,0.26442,0.36288,3.6288,61.308,0,0,0,1.98876,0.192467,1.79629,0.66528,12.849,1,0.643193,0.36288,0,194.222,3.51456,190.427,0.84672,12.849,0.84672,3695.15,0,0,0,3.51047,1.44294,14.3716,1.03067,18.2943,0.42336,0,0.42336,460.49,0,1.01713,0,0,4.52759,3.51047,1.028160,1,0,210.518,0,0,0,210.518,0
66.3151,2.89877,0,0,8.63568,0.274535,0.36288,3.6288,61.308,0,0,0,1.30695,0.192467,1.11448,0.66528,12.849,1,0.608445,0.36288,0,202.62,3.51456,198.86,0.84672,12.849,0.84672,3695.15,0,0,0,2.34531,1.44304,13.3524,1.03067,16.1101,0.42336,0,0.42336,460.49,0,1.0172,0,0,3.36251,2.34531,1.028160,1,0,216.085,0,0,0,216.085,0
73.0089,3.22476,0,0,10.5764,0.294963,0.36288,3.6288,61.308,0.108719,0,0,2.05123,0.190354,1.75216,0.66528,12.849,1,0.624818,0.36288,0,228.779,3.68376,224.834,0.84672,12.849,0.84672,3695.15,0,0,0,3.77886,1.44314,19.1551,0.948219,23.4288,0.42336,0,0.42336,460.49,0,1.02816,0,0,4.80702,3.77886,1.028160,1,0,250.015,0,0,0,250.015,0
76.5946,3.2737,0,0,7.66757,0.445312,0.36288,3.6288,61.308,0.1088,0,0,1.6459,0.174611,1.36249,0.66528,12.849,1,0.576146,0.36288,0,115.356,3.62124,111.522,0.84672,12.849,0.84672,3695.15,0,0,0,2.36177,1.59976,11.8846,0.815404,15.0307,0.42336,0,0.42336,460.49,0,1.02816,0,0,3.38993,2.36177,1.028160,1,0,127.915,0,0,0,127.915,0
78.7713,3.29703,0,0,6.28381,0.447167,0.36288,3.6288,61.308,0.10888,0,0,1.39774,0.196741,1.09211,0.66528,12.849,1,0.553088,0.36288,0,149.145,4.1454,144.809,0.84672,12.849,0.84672,3695.15,0,0,0,2.22975,1.59988,12.5223,0.979387,15.3725,0.42336,0,0.42336,460.49,0,1.02816,0,0,3.25791,2.22975,1.028160,1,0,161.274,0,0,0,161.274,0
79.8817,3.3104,0,0,5.22857,0.444907,0.36288,3.6288,61.308,0.10896,0,0,1.12989,0.198917,0.822011,0.66528,12.849,1,0.539985,0.36288,0,121.435,4.1573,117.101,0.84672,12.849,0.84672,3695.15,0,0,0,1.54229,1.59999,9.25914,0.949155,11.4523,0.42336,0,0.42336,460.49,0,1.02816,0,0,2.57045,1.54229,1.028160,1,0,129.375,0,0,0,129.375,0
82.218,2.89664,0,0,6.04127,0.445457,0.36288,3.6288,61.308,0,0,0,0.915123,0.185853,0.72927,0.66528,12.849,1,0.465925,0.36288,0,83.7893,3.77188,79.9143,0.84672,12.849,0.84672,3695.15,0,0,0,1.68296,1.6001,11.3604,0.828387,13.8151,0.42336,0,0.42336,460.49,0,0.976638,0,0,2.6596,1.68296,1.028160,1,0,94.4587,0,0,0,94.4587,0
84.3729,2.90829,0,0,5.87618,0.450092,0.36288,3.6288,61.308,0,0,0,1.03916,0.176126,0.863032,0.66528,12.849,1,0.454507,0.36288,0,101.911,3.46133,98.3576,0.84672,12.849,0.84672,3695.15,0,0,0,1.17169,1.38469,12.347,0.749081,14.1543,0.42336,0,0.42336,460.49,0,0.976707,0,0,2.1484,1.17169,1.028160,1,0,113.375,0,0,0,113.375,0
84.5108,2.91857,0,0,3.87869,0.459305,0.36288,3.6288,61.308,0.0625683,0,0,1.06909,0.176126,0.830393,0.66528,12.849,1,0.444464,0.36288,0,78.1237,3.46133,74.5808,0.84672,12.849,0.84672,3695.15,0,0,0,0.608429,1.38479,8.42521,0.749081,9.66935,0.42336,0,0.42336,460.49,0,0.914207,0,0,1.52264,0.608429,1.028160,1,0,85.0806,0,0,0,85.0806,0
85.7828,2.91941,0,0,5.00518,0.450893,0.36288,3.6288,61.308,0,0,0,2.25932,0.177166,2.08215,0.66528,12.849,1,0.443866,0.36288,0,121.244,3.47659,117.687,0.84672,12.849,0.84672,3695.15,0,0,0,1.39277,1.38489,10.6466,0.751589,12.6726,0.42336,0,0.42336,460.49,0,0.976844,0,0,2.36962,1.39277,1.028160,1,0,132.441,0,0,0,132.441,0
87.2638,2.92534,0,0,5.17072,0.40158,0.36288,3.6288,61.308,0,0,0,1.84753,0.183405,1.66412,0.66528,12.849,1,0.438173,0.36288,0,84.3981,3.56822,80.7546,0.84672,12.849,0.84672,3695.15,0,0,0,1.02931,1.38499,9.6666,0.766633,11.3143,0.42336,0,0.42336,460.49,0,0.976913,0,0,2.00623,1.02931,1.028160,1,0,93.733,0,0,0,93.733,0
92.6555,3.03916,0,0,9.19512,0.401379,0.36288,3.6288,61.308,0,0,0,3.01412,0.181926,2.83219,0.66528,12.849,1,0.447496,0.36288,0,204.498,4.68759,199.725,0.84672,12.849,0.84672,3695.15,0,0,0,2.44093,1.38509,20.5846,1.09603,23.3146,0.42336,0,0.42336,460.49,0,1.01628,0,0,3.4572,2.44093,1.028160,1,0,225.872,0,0,0,225.872,0
96.2571,3.06224,0,0,7.44966,0.422933,0.36288,3.6288,61.308,0,0,0,1.49156,0.205124,1.28643,0.66528,12.849,1,0.424657,0.36288,0,169.903,4.66631,165.175,0.84672,12.849,0.84672,3695.15,0,0,0,1.23422,1.43857,12.7824,1.07159,14.3836,0.42336,0,0.42336,460.49,0,1.01635,0,0,2.25056,1.23422,1.028160,1,0,180.845,0,0,0,180.845,0
97.1489,3.07648,0,0,4.76727,0.436095,0.36288,3.6288,61.308,0,0,0,1.0846,0.205124,0.879473,0.66528,12.849,1,0.410668,0.36288,0,102.268,4.66631,97.5541,0.84672,12.849,0.84672,3695.15,0,0,0,0.666921,1.43867,9.61667,1.07159,10.6507,0.42336,0,0.42336,460.49,0,1.01642,0,0,1.68334,0.666921,1.028160,1,0,109.084,0,0,0,109.084,0
97.3443,3.08002,0,0,4.07772,0.439355,0.36288,3.6288,61.308,0,0,0,0.985262,0.205124,0.780139,0.66528,12.849,1,0.407367,0.36288,0,85.4168,4.66631,80.706,0.84672,12.849,0.84672,3695.15,0,0,0,0.671654,1.43878,8.64916,1.07159,9.688,0.42336,0,0.42336,460.49,0,1.01649,0,0,1.68814,0.671654,1.028160,1,0,91.1741,0,0,0,91.1741,0
97.506,3.0385,0,0,4.92508,0.301324,1.42359,3.6288,61.308,0,0,0,1.25333,0.223171,1.03016,0.66528,12.849,1,0.401068,1.42359,0,96.9123,4.54063,93.3942,0.84672,12.849,0.84672,3695.15,0,0,0,1.07707,1.43888,8.94905,1.11384,10.3512,0.42336,0,0.42336,460.49,0,1.0013,0,0,2.07837,1.07707,1.028160,1,0,104.775,0,0,0,104.775,0
97.506,3.0393,0,0,4.94368,0.224666,1.67971,3.6288,61.308,0,0,0,1.35854,0.237051,1.12149,0.66528,12.849,1,0.400509,1.67971,0,98.032,4.57181,94.7394,0.84672,12.849,0.84672,3695.15,0,0,0,1.21405,1.41818,8.82455,1.14677,10.31,0.42336,0,0.42336,460.49,0,1.00137,0,0,2.21542,1.21405,1.028160,1,0,106.171,0,0,0,106.171,0
97.506,3.03952,0,0,4.33299,0.224666,1.0688,3.6288,61.308,0,0,0,1.48611,0.237051,1.24906,0.66528,12.849,1,0.400537,1.0688,0,91.6644,4.57181,87.7608,0.84672,12.849,0.84672,3695.15,0,0,0,1.42401,1.41828,9.27677,1.14677,10.9723,0.42336,0,0.42336,460.49,0,1.00144,0,0,2.42545,1.42401,1.028160,1,0,99.9822,0,0,0,99.9822,0
97.506,3.03973,0,0,4.06102,0.224666,0.796619,3.6288,61.308,0,0,0,1.27173,0.237051,1.03468,0.66528,12.849,1,0.400565,0.796619,0,86.7646,4.57181,82.5889,0.84672,12.849,0.84672,3695.15,0,0,0,0.970408,1.41838,8.78195,1.14677,10.024,0.42336,0,0.42336,460.49,0,1.00151,0,0,1.97192,0.970408,1.028160,1,0,93.6475,0,0,0,93.6475,0
97.506,3.18415,0,0,4.73109,0.189912,1.35703,3.6288,61.308,0.0275695,0,0,1.22019,0.245443,0.94718,0.66528,12.849,1,0.419596,1.35703,0,87.4109,5.02762,83.3207,0.84672,12.849,0.84672,3695.15,0,0,0,1.06116,1.41848,11.0284,1.18986,12.3181,0.42336,0,0.42336,460.49,0,1.02816,0,0,2.08932,1.06116,1.028160,1,0,96.586,0,0,0,96.586,0
97.4328,3.18438,0,0,3.65024,0.176228,0.36288,3.6288,61.308,0.0276439,0,0,1.06743,0.245652,0.794133,0.66528,12.849,1,0.419626,0.36288,0,64.6488,4.5297,60.0624,0.84672,12.849,0.84672,3695.15,0,0,0,1.06739,1.491,7.38772,1.23301,8.7131,0.42336,0,0.42336,460.49,0,1.02816,0,0,2.09555,1.06739,1.028160,1,0,69.5696,0,0,0,69.5696,0
97.2532,3.18432,0,0,3.54378,0.176121,0.36288,3.6288,61.308,0.0277183,0,0,0.981867,0.245652,0.708496,0.66528,12.849,1,0.419934,0.36288,0,60.4372,4.5297,55.8505,0.84672,12.849,0.84672,3695.15,0,0,0,0.848742,1.4911,6.78551,1.23301,7.89235,0.42336,0,0.42336,460.49,0,1.02816,0,0,1.8769,0.848742,1.028160,1,0,64.4513,0,0,0,64.4513,0
96.7015,3.18386,0,0,3.13378,0.13881,0.36288,3.6288,61.308,0.0277927,0,0,0.921577,0.259817,0.633967,0.66528,12.849,1,0.420649,0.36288,0,53.7241,4.69035,48.976,0.84672,12.849,0.84672,3695.15,0,0,0,0.742746,1.49121,6.62628,1.27406,7.58617,0.42336,0,0.42336,460.49,0,1.02816,0,0,1.77091,0.742746,1.028160,1,0,57.1961,0,0,0,57.1961,0
96.0339,3.18197,0,0,2.96634,0.0890027,0.36288,3.6288,61.308,0.0278672,0,0,0.884174,0.278704,0.577603,0.66528,12.849,1,0.422797,0.36288,0,49.6939,4.90455,44.7294,0.84672,12.849,0.84672,3695.15,0,0,0,0.648985,1.49131,6.45099,1.32878,7.2625,0.42336,0,0.42336,460.49,0,1.02816,0,0,1.67715,0.648985,1.028160,1,0,52.5695,0,0,0,52.5695,0
95.3538,3.15112,0,0,2.92683,0.0929406,0.36288,3.6288,61.308,0.0577141,0,0,0.996503,0.245947,0.692842,0.66528,12.849,1,0.421609,0.36288,0,51.1214,5.03338,46.0293,0.84672,12.849,0.84672,3695.15,0,0,0,0.711461,1.49142,5.21231,1.16995,6.24525,0.42336,0,0.42336,460.49,0,1.02816,0,0,1.73962,0.711461,1.028160,1,0,52.9674,0,0,0,52.9674,0
94.6799,3.14869,0,0,2.93002,0.0924099,0.36288,3.6288,61.308,0.0577906,0,0,0.962297,0.245947,0.65856,0.66528,12.849,1,0.424289,0.36288,0,48.2698,5.03338,43.175,0.84672,12.849,0.84672,3695.15,0,0,0,0.758739,1.50848,5.53354,1.16995,6.63081,0.42336,0,0.42336,460.49,0,1.02816,0,0,1.7869,0.758739,1.028160,1,0,50.4644,0,0,0,50.4644,0
93.8899,3.14626,0,0,2.79502,0.0758184,0.36288,3.6288,61.308,0.0578671,0,0,0.939444,0.261492,0.620086,0.66528,12.849,1,0.426978,0.36288,0,45.3909,5.25056,40.0763,0.84672,12.849,0.84672,3695.15,0,0,0,0.769884,1.50858,5.54245,1.24345,6.57747,0.42336,0,0.42336,460.49,0,1.02816,0,0,1.79804,0.769884,1.028160,1,0,47.2738,0,0,0,47.2738,0
92.7938,3.14332,0,0,2.44598,0.0359302,0.36288,3.6288,61.308,0.0579437,0,0,0.887604,0.296334,0.533327,0.66528,12.849,1,0.430168,0.36288,0,42.6521,5.99688,36.588,0.84672,12.849,0.84672,3695.15,0,0,0,0.594959,1.50869,5.39349,1.50264,5.99449,0.42336,0,0.42336,460.49,0,1.02816,0,0,1.62312,0.594959,1.028160,1,0,43.1158,0,0,0,43.1158,0
91.6942,3.21233,0,0,2.51631,0.0407072,0.36288,3.6288,61.308,0.0845616,0,0,0.926968,0.311327,0.531079,0.66528,12.849,1,0.444807,0.36288,0,41.2283,6.12456,35.0218,0.84672,12.849,0.84672,3695.15,0,0,0,0.683519,1.50879,4.79907,1.59124,5.40014,0.42336,0,0.42336,460.49,0,1.02816,0,0,1.71168,0.683519,1.028160,1,0,40.953,0,0,0,40.953,0
90.6614,3.20788,0,0,2.58157,0.0436144,0.36288,3.6288,61.308,0.08464,0,0,0.963084,0.326592,0.551851,0.66528,12.849,1,0.449517,0.36288,0,40.6744,6.01692,34.5709,0.84672,12.849,0.84672,3695.15,0,0,0,0.724092,1.54504,4.57771,1.58225,5.26459,0.42336,0,0.42336,460.49,0,1.02816,0,0,1.75225,0.724092,1.028160,1,0,40.3873,0,0,0,40.3873,0
89.3027,3.20362,0,0,2.25108,0.0432219,0.36288,3.6288,61.308,0.0847184,0,0,0.908202,0.326592,0.496892,0.66528,12.849,1,0.454034,0.36288,0,38.536,6.01692,32.428,0.84672,12.849,0.84672,3695.15,0,0,0,0.561358,1.54515,4.37409,1.58225,4.89834,0.42336,0,0.42336,460.49,0,1.02816,0,0,1.58952,0.561358,1.028160,1,0,37.8232,0,0,0,37.8232,0
87.7832,3.19781,0,0,2.07604,0.0348517,0.36288,3.6288,61.308,0.0847969,0,0,0.89259,0.329182,0.478611,0.66528,12.849,1,0.460105,0.36288,0,36.3553,6.09169,30.1664,0.84672,12.849,0.84672,3695.15,0,0,0,0.491106,1.54525,4.33427,1.59719,4.77344,0.42336,0,0.42336,460.49,0,1.02816,0,0,1.51927,0.491106,1.028160,1,0,35.4184,0,0,0,35.4184,0
85.7836,3.40421,0,0,1.78427,0.0167942,0.36288,3.6288,61.308,0.180703,0,0,0.857693,0.326734,0.350256,0.66528,12.849,1,0.49828,0.36288,0,33.845,6.21956,27.4901,0.84672,12.849,0.84672,3695.15,0,0,0,0.479131,1.54536,4.26608,1.54106,4.74952,0.42336,0,0.42336,460.49,0,1.02816,0,0,1.50729,0.479131,1.028160,1,0,32.5899,0,0,0,32.5899,0
84.1761,3.39434,0,0,2.16031,0.0106228,0.36288,3.6288,61.308,0.180788,0,0,0.609022,0.311038,0.117196,0.66528,12.849,1,0.508418,0.36288,0,30.7327,5.89879,24.6883,0.84672,12.849,0.84672,3695.15,0,0,0,0.375373,1.66529,4.08726,1.49835,4.62957,0.42336,0,0.42336,460.49,0,1.02816,0,0,1.40353,0.375373,1.028160,1,0,29.4351,0,0,0,29.4351,0
82.717,3.38616,0,0,2.30043,0.0104659,0.36288,3.6288,61.308,0.180873,0,0,0.749137,0.311038,0.257226,0.66528,12.849,1,0.516878,0.36288,0,39.1083,5.89879,33.0555,0.84672,12.849,0.84672,3695.15,0,0,0,0.701706,1.66541,4.56529,1.49835,5.43405,0.42336,0,0.42336,460.49,0,1.02816,0,0,1.72987,0.701706,1.028160,1,0,38.7468,0,0,0,38.7468,0
80.8579,3.3785,0,0,1.89256,0.0103235,0.36288,3.6288,61.308,0.23126,0,0,0.545581,0.311038,0.00328276,0.66528,12.849,1,0.524806,0.36288,0,35.8294,5.89879,29.7687,0.84672,12.849,0.84672,3695.15,0,0,0,0.204422,1.66553,3.73918,1.49835,4.11078,0.42336,0,0.42336,460.49,0,0.977858,0,0,1.18228,0.204422,1.028160,1,0,33.8827,0,0,0,33.8827,0
79.475,3.36833,0,0,2.35844,0.0101421,0.36288,3.6288,61.308,0.181044,0,0,0.945121,0.311038,0.453039,0.66528,12.849,1,0.535256,0.36288,0,34.9251,5.89879,28.854,0.84672,12.849,0.84672,3695.15,0,0,0,1.3082,1.66565,5.8319,1.49835,7.3074,0.42336,0,0.42336,460.49,0,1.02816,0,0,2.33636,1.3082,1.028160,1,0,36.6144,0,0,0,36.6144,0
77.8229,3.25801,0,0,1.96925,0.000363635,0.36288,3.6288,61.308,0.122945,0,0,1.43877,0.25077,1.06505,0.66528,12.849,1,0.526735,0.36288,0,29.8775,5.0106,24.703,0.84672,12.849,0.84672,3695.15,0,0,0,1.53566,1.66576,5.72148,1.25024,7.67266,0.42336,0,0.42336,460.49,0,1.02816,0,0,2.56382,1.53566,1.028160,1,0,33.4407,0,0,0,33.4407,0
76.0236,3.24865,0,0,1.80882,-0.00335273,0.36288,3.6288,61.308,0.123026,0,0,0.858565,0.24877,0.48677,0.66528,12.849,1,0.53637,0.36288,0,31.3267,5.07822,26.0749,0.84672,12.849,0.84672,3695.15,0,0,0,0.577644,1.59861,4.32465,1.29284,5.20806,0.42336,0,0.42336,460.49,0,1.02816,0,0,1.6058,0.577644,1.028160,1,0,31.7698,0,0,0,31.7698,0
73.9207,3.23801,0,0,1.49474,-0.00329294,0.36288,3.6288,61.308,0.123107,0,0,0.756397,0.24877,0.384521,0.66528,12.849,1,0.547268,0.36288,0,28.924,5.07822,23.6614,0.84672,12.849,0.84672,3695.15,0,0,0,0.399678,1.59872,4.00497,1.29284,4.71053,0.42336,0,0.42336,460.49,0,1.02816,0,0,1.42784,0.399678,1.028160,1,0,28.7565,0,0,0,28.7565,0
72.9788,3.22498,0,0,2.77849,0.132505,0.36288,3.6288,61.308,0.123188,0,0,1.17673,0.172963,0.880582,0.66528,12.849,1,0.56057,0.36288,0,51.0694,4.04007,46.8316,0.84672,12.849,0.84672,3695.15,0,0,0,0.755767,1.59883,6.95358,0.968349,8.33983,0.42336,0,0.42336,460.49,0,1.02816,0,0,1.78393,0.755767,1.028160,1,0,56.0521,0,0,0,56.0521,0
74.238,3.1359,0,0,4.9742,0.216229,0.36288,3.6288,61.308,0.0702919,0,0,1.55527,0.161461,1.32352,0.66528,12.849,1,0.552121,0.36288,0,91.3287,3.82281,87.3166,0.84672,12.849,0.84672,3695.15,0,0,0,1.0909,1.59894,8.31851,0.910317,10.098,0.42336,0,0.42336,460.49,0,1.02816,0,0,2.11906,1.0909,1.028160,1,0,98.7382,0,0,0,98.7382,0
75.0997,3.1441,0,0,4.62996,0.261273,0.36288,3.6288,61.308,0.0703692,0,0,1.14213,0.186554,0.885207,0.66528,12.849,1,0.544176,0.36288,0,70.2112,4.08681,65.9431,0.84672,12.849,0.84672,3695.15,0,0,0,1.11503,1.5398,6.42543,1.006,8.07425,0.42336,0,0.42336,460.49,0,1.02816,0,0,2.14319,1.11503,1.028160,1,0,74.9026,0,0,0,74.9026,0
75.8163,3.14966,0,0,4.4927,0.263587,0.36288,3.6288,61.308,0.0704467,0,0,1.59613,0.186554,1.33913,0.66528,12.849,1,0.538882,0.36288,0,62.4946,4.08681,58.2318,0.84672,12.849,0.84672,3695.15,0,0,0,1.35035,1.53991,6.9902,1.006,8.87445,0.42336,0,0.42336,460.49,0,1.02816,0,0,2.37851,1.35035,1.028160,1,0,68.4454,0,0,0,68.4454,0
77.0203,3.15423,0,0,4.98664,0.265511,0.36288,3.6288,61.308,0.0705241,0,0,1.36648,0.186554,1.1094,0.66528,12.849,1,0.534565,0.36288,0,85.3635,4.08681,81.105,0.84672,12.849,0.84672,3695.15,0,0,0,1.52679,1.54002,10.989,1.006,13.0498,0.42336,0,0.42336,460.49,0,1.02816,0,0,2.55495,1.52679,1.028160,1,0,95.2642,0,0,0,95.2642,0
76.8806,2.92351,0,0,3.431,0.284374,0.36288,3.6288,61.308,0,0,0,0.903113,0.19056,0.712553,0.66528,12.849,1,0.487718,0.36288,0,104.484,3.98801,100.371,0.84672,12.849,0.84672,3695.15,0,0,0,0.81937,1.54012,5.38679,0.981115,6.76517,0.42336,0,0.42336,460.49,0,0.988394,0,0,1.80776,0.81937,1.028160,1,0,107.848,0,0,0,107.848,0
78.5564,2.92296,0,0,5.33935,0.377629,0.36288,3.6288,61.308,0,0,0,0.812321,0.214593,0.597728,0.66528,12.849,1,0.488512,0.36288,0,117.475,3.39518,113.955,0.84672,12.849,0.84672,3695.15,0,0,0,0.4535,1.4029,4.9416,0.831787,5.96622,0.42336,0,0.42336,460.49,0,0.988464,0,0,1.44196,0.4535,1.028160,1,0,120.519,0,0,0,120.519,0
81.7277,2.93212,0,0,6.85022,0.383961,0.36288,3.6288,61.308,0,0,0,1.00888,0.214593,0.794291,0.66528,12.849,1,0.479589,0.36288,0,96.234,3.39518,92.7222,0.84672,12.849,0.84672,3695.15,0,0,0,0.541066,1.403,6.28751,0.831787,7.39978,0.42336,0,0.42336,460.49,0,0.988534,0,0,1.5296,0.541066,1.028160,1,0,100.916,0,0,0,100.916,0
89.0016,2.94841,0,0,10.9811,0.395943,0.36288,3.6288,61.308,0,0,0,1.53368,0.214593,1.31908,0.66528,12.849,1,0.463541,0.36288,0,145.013,3.39518,141.517,0.84672,12.849,0.84672,3695.15,0,0,0,1.68165,1.4031,8.67586,0.831787,10.9288,0.42336,0,0.42336,460.49,0,0.988603,0,0,2.67025,1.68165,1.028160,1,0,153.765,0,0,0,153.765,0
91.782,2.98172,0,0,6.54847,0.423425,0.36288,3.6288,61.308,0,0,0,1.56507,0.214593,1.35047,0.66528,12.849,1,0.430466,0.36288,0,123.984,3.39518,120.521,0.84672,12.849,0.84672,3695.15,0,0,0,1.78254,1.40319,7.15383,0.831787,9.50778,0.42336,0,0.42336,460.49,0,0.988673,0,0,2.77121,1.78254,1.028160,1,0,131.379,0,0,0,131.379,0
92.7415,2.99316,0,0,4.76203,0.446504,0.36288,3.6288,61.308,0,0,0,1.22343,0.209522,1.01391,0.66528,12.849,1,0.419027,0.36288,0,102.35,3.84268,98.4515,0.84672,12.849,0.84672,3695.15,0,0,0,1.2661,1.40329,6.19567,0.835385,8.02967,0.42336,0,0.42336,460.49,0,0.988673,0,0,2.25477,1.2661,1.028160,1,0,107.495,0,0,0,107.495,0
92.5923,3.09106,0,0,3.72856,0.423813,0.36288,3.6288,61.308,0,0,0,0.929336,0.197175,0.73216,0.66528,12.849,1,0.428256,0.36288,0,87.2122,4.02181,83.125,0.84672,12.849,0.84672,3695.15,0,0,0,0.737921,1.40329,5.2414,0.837765,6.54485,0.42336,0,0.42336,460.49,0,1.02071,0,0,1.75863,0.737921,1.028160,1,0,90.402,0,0,0,90.402,0
92.1945,3.09065,0,0,3.47905,0.423267,0.36288,3.6288,61.308,0,0,0,0.911382,0.197175,0.714206,0.66528,12.849,1,0.428888,0.36288,0,80.8479,4.02181,76.7601,0.84672,12.849,0.84672,3695.15,0,0,0,0.707203,1.44812,5.18881,0.837765,6.50637,0.42336,0,0.42336,460.49,0,1.02077,0,0,1.72797,0.707203,1.028160,1,0,83.9807,0,0,0,83.9807,0
91.9115,3.08921,0,0,3.68785,0.518849,0.36288,3.6288,61.308,0,0,0,0.924065,0.203048,0.721018,0.66528,12.849,1,0.430538,0.36288,0,85.0513,4.35871,80.6249,0.84672,12.849,0.84672,3695.15,0,0,0,0.732542,1.44821,5.35974,1.02627,6.51422,0.42336,0,0.42336,460.49,0,1.02083,0,0,1.75338,0.732542,1.028160,1,0,87.8602,0,0,0,87.8602,0
92.1217,3.08824,0,0,4.22058,0.559196,0.36288,3.6288,61.308,0,0,0,0.886516,0.207699,0.678817,0.66528,12.849,1,0.431728,0.36288,0,87.8092,4.78952,82.9508,0.84672,12.849,0.84672,3695.15,0,0,0,0.837334,1.4483,5.55128,1.35014,6.48677,0.42336,0,0.42336,460.49,0,1.0209,0,0,1.85823,0.837334,1.028160,1,0,90.1164,0,0,0,90.1164,0
90.7237,3.39062,0,0,2.87631,0.520865,0.36288,3.6288,61.308,0.112843,0,0,0.744256,0.159855,0.471559,0.66528,12.849,1,0.472918,0.36288,0,72.9063,4.09847,68.6978,0.84672,12.849,0.84672,3695.15,0,0,0,0.941311,1.44839,5.82797,1.07572,7.14195,0.42336,0,0.42336,460.49,0,1.02816,0,0,1.96947,0.941311,1.028160,1,0,76.3113,0,0,0,76.3113,0
88.007,3.38444,0,0,1.52568,0.494976,0.36288,3.6288,61.1182,0.504305,0,0,0.478473,0.163974,0,0.66528,12.849,1,0.479331,0.36288,0,37.0727,4.07347,32.8828,0.84672,12.849,0.84672,3695.15,0,0,0,0.503194,1.60557,3.29768,1.05898,4.34746,0.42336,0,0.42336,460.49,0,0.636768,0,0,1.13996,0.503194,1.028160,1,0,37.2302,0,0,0,37.2302,0
85.7782,3.37174,0,0,1.94115,0.435409,0.36288,3.6288,61.1973,0.331014,0,0,0.584205,0.174064,0,0.66528,12.849,1,0.492273,0.36288,0,46.0461,4.011,41.9057,0.84672,12.849,0.84672,3695.15,0,0,0,0.608429,1.60566,4.7935,1.01714,5.99045,0.42336,0,0.42336,460.49,0,0.81013,0,0,1.41856,0.608429,1.028160,1,0,47.8962,0,0,0,47.8962,0
84.2422,3.36082,0,0,2.6453,0.457575,0.36288,3.6288,61.308,0.113054,0,0,0.958988,0.149497,0.585758,0.66528,12.849,1,0.503429,0.36288,0,56.6376,3.86889,52.6282,0.84672,12.849,0.84672,3695.15,0,0,0,0.801714,1.60576,4.62618,0.914602,6.11905,0.42336,0,0.42336,460.49,0,1.02816,0,0,1.82987,0.801714,1.028160,1,0,59.333,0,0,0,59.333,0
85.6375,2.92804,0,0,5.19249,0.506272,0.36288,3.6288,61.308,0,0,0,1.43927,0.111054,1.32821,0.66528,12.849,1,0.446598,0.36288,0,93.928,3.57443,90.2699,0.84672,12.849,0.84672,3695.15,0,0,0,2.10829,1.60586,7.82704,0.729197,10.812,0.42336,0,0.42336,460.49,0,0.980145,0,0,3.08844,2.10829,1.028160,1,0,102.41,0,0,0,102.41,0
86.2279,2.93455,0,0,4.34748,0.459643,0.36288,3.6288,61.308,0,0,0,1.01216,0.16888,0.843279,0.66528,12.849,1,0.440298,0.36288,0,64.271,3.72645,60.4671,0.84672,12.849,0.84672,3695.15,0,0,0,1.1537,1.38967,6.1172,0.90656,7.75401,0.42336,0,0.42336,460.49,0,0.980205,0,0,2.13391,1.1537,1.028160,1,0,69.0644,0,0,0,69.0644,0
86.857,2.93735,0,0,4.39144,0.46214,0.36288,3.6288,61.308,0,0,0,0.939911,0.16888,0.771031,0.66528,12.849,1,0.437701,0.36288,0,56.2683,3.72645,52.4671,0.84672,12.849,0.84672,3695.15,0,0,0,0.980237,1.38975,5.21567,0.90656,6.6791,0.42336,0,0.42336,460.49,0,0.980266,0,0,1.9605,0.980237,1.028160,1,0,59.9172,0,0,0,59.9172,0
87.6691,2.9403,0,0,4.58009,0.4648,0.36288,3.6288,61.308,0,0,0,1.01585,0.16888,0.846968,0.66528,12.849,1,0.434967,0.36288,0,55.9183,3.72645,52.1198,0.84672,12.849,0.84672,3695.15,0,0,0,1.20847,1.38984,5.72948,0.90656,7.42123,0.42336,0,0.42336,460.49,0,0.980326,0,0,2.1888,1.20847,1.028160,1,0,60.388,0,0,0,60.388,0
87.5552,2.94399,0,0,3.72244,0.529451,0.36288,3.6288,61.308,0,0,0,0.873465,0.155421,0.718044,0.66528,12.849,1,0.431479,0.36288,0,56.1369,3.64428,52.4241,0.84672,12.849,0.84672,3695.15,0,0,0,1.81476,1.38992,5.24997,0.77494,7.67971,0.42336,0,0.42336,460.49,0,0.980386,0,0,2.79514,1.81476,1.028160,1,0,60.8218,0,0,0,60.8218,0
87.5514,3.05124,0,0,3.94718,0.536853,0.36288,3.6288,61.308,0,0,0,0.75782,0.159774,0.598045,0.66528,12.849,1,0.447779,0.36288,0,75.5892,3.74199,71.7623,0.84672,12.849,0.84672,3695.15,0,0,0,0.726679,1.39001,5.573,0.819371,6.87032,0.42336,0,0.42336,460.49,0,1.01988,0,0,1.74656,0.726679,1.028160,1,0,79.2307,0,0,0,79.2307,0
86.8784,3.05141,0,0,3.27811,0.536835,0.36288,3.6288,61.308,0,0,0,1.05165,0.159774,0.891876,0.66528,12.849,1,0.447824,0.36288,0,55.9824,3.74199,52.1555,0.84672,12.849,0.84672,3695.15,0,0,0,2.19285,1.44368,6.56269,0.819371,9.37985,0.42336,0,0.42336,460.49,0,1.01994,0,0,3.21279,2.19285,1.028160,1,0,62.4272,0,0,0,62.4272,0
86.2912,3.04858,0,0,3.35788,0.533569,0.36288,3.6288,61.308,0,0,0,1.1629,0.159774,1.00313,0.66528,12.849,1,0.450873,0.36288,0,82.0968,3.74199,78.2668,0.84672,12.849,0.84672,3695.15,0,0,0,1.74876,1.44376,7.19999,0.819371,9.57314,0.42336,0,0.42336,460.49,0,1.02001,0,0,2.76877,1.74876,1.028160,1,0,88.843,0,0,0,88.843,0
85.4384,3.04609,0,0,2.94576,0.38965,0.36288,3.6288,61.308,0,0,0,0.772096,0.177738,0.594359,0.66528,12.849,1,0.453572,0.36288,0,54.0697,4.18218,49.7969,0.84672,12.849,0.84672,3695.15,0,0,0,1.17611,1.44385,5.07324,0.938764,6.75444,0.42336,0,0.42336,460.49,0,1.02007,0,0,2.19618,1.17611,1.028160,1,0,57.1457,0,0,0,57.1457,0
84.1332,3.00041,0,0,2.46147,0.403357,0.36288,3.6288,61.308,0,0,0,0.679044,0.178457,0.500587,0.66528,12.849,1,0.45123,0.36288,0,42.5345,4.15955,38.2866,0.84672,12.849,0.84672,3695.15,0,0,0,0.781707,1.44394,4.32308,0.948235,5.6005,0.42336,0,0.42336,460.49,0,1.00481,0,0,1.78652,0.781707,1.028160,1,0,44.3877,0,0,0,44.3877,0
82.6061,2.99453,0,0,2.19634,0.365984,0.36288,3.6288,61.308,0,0,0,0.569557,0.208541,0.361017,0.66528,12.849,1,0.45733,0.36288,0,37.794,4.47567,33.2238,0.84672,12.849,0.84672,3695.15,0,0,0,0.649021,1.42316,3.92524,0.97313,5.02428,0.42336,0,0.42336,460.49,0,1.00487,0,0,1.65389,0.649021,1.028160,1,0,38.6091,0,0,0,38.6091,0
81.0468,2.98739,0,0,2.06705,0.276115,0.36288,3.6288,61.308,0,0,0,0.566438,0.234699,0.331738,0.66528,12.849,1,0.464675,0.36288,0,35.2452,4.70631,30.437,0.84672,12.849,0.84672,3695.15,0,0,0,0.623782,1.42324,3.90627,0.986902,4.96639,0.42336,0,0.42336,460.49,0,1.00494,0,0,1.62872,0.623782,1.028160,1,0,35.7352,0,0,0,35.7352,0
79.4911,2.97986,0,0,2.05451,0.26742,0.36288,3.6288,61.308,0,0,0,0.602572,0.229108,0.373463,0.66528,12.849,1,0.472421,0.36288,0,34.7156,4.6531,29.953,0.84672,12.849,0.84672,3695.15,0,0,0,0.749631,1.42333,4.2917,0.98514,5.47953,0.42336,0,0.42336,460.49,0,1.005,0,0,1.75463,0.749631,1.028160,1,0,35.806,0,0,0,35.806,0
77.9226,3.11307,0,0,2.14354,0.236117,0.36288,3.6288,61.308,0.0312383,0,0,0.664502,0.195563,0.4377,0.66528,12.849,1,0.503199,0.36288,0,35.8894,4.33387,31.4152,0.84672,12.849,0.84672,3695.15,0,0,0,0.681834,1.42342,3.45915,0.974567,4.58983,0.42336,0,0.42336,460.49,0,1.02816,0,0,1.70999,0.681834,1.028160,1,0,36.4428,0,0,0,36.4428,0
76.0822,3.10457,0,0,1.85953,0.232506,0.36288,3.6288,61.308,0.0313036,0,0,0.614657,0.195563,0.387791,0.66528,12.849,1,0.511926,0.36288,0,33.3151,4.33387,28.8321,0.84672,12.849,0.84672,3695.15,0,0,0,0.685178,1.49618,3.4061,0.974567,4.6129,0.42336,0,0.42336,460.49,0,1.02816,0,0,1.71334,0.685178,1.028160,1,0,33.8328,0,0,0,33.8328,0
74.0689,3.09416,0,0,1.67206,0.228269,0.36288,3.6288,61.308,0.0313688,0,0,0.511056,0.195563,0.284124,0.66528,12.849,1,0.522552,0.36288,0,30.9717,4.33387,26.4782,0.84672,12.849,0.84672,3695.15,0,0,0,0.448105,1.49627,3.2252,0.974567,4.19501,0.42336,0,0.42336,460.49,0,1.02816,0,0,1.47626,0.448105,1.028160,1,0,30.9573,0,0,0,30.9573,0
71.9888,3.08225,0,0,1.55574,0.190735,0.36288,3.6288,61.308,0.0314342,0,0,0.500172,0.220258,0.24848,0.66528,12.849,1,0.534689,0.36288,0,29.2926,4.82295,24.2979,0.84672,12.849,0.84672,3695.15,0,0,0,0.451129,1.49636,3.16333,1.10803,4.00279,0.42336,0,0.42336,460.49,0,1.02816,0,0,1.47929,0.451129,1.028160,1,0,28.5491,0,0,0,28.5491,0
69.9854,3.06933,0,0,1.53627,0.107421,0.36288,3.6288,61.2193,0.315885,0,0,0.494498,0.26729,0,0.66528,12.849,1,0.547833,0.36288,0,25.3804,5.16906,20.0264,0.84672,12.849,0.84672,3695.15,0,0,0,0.30119,1.49646,2.73786,1.20226,3.33324,0.42336,0,0.42336,460.49,0,0.743774,0,0,1.04496,0.30119,1.028160,1,0,23.3597,0,0,0,23.3597,0
67.9314,3.0289,0,0,1.44017,0.102422,0.36288,3.6288,60.979,0.444295,0,0,0.477308,0.273329,0,0.66528,12.849,1,0.556091,0.36288,0,24.5203,5.19414,19.133,0.84672,12.849,0.84672,3695.15,0,0,0,0.30119,1.49655,2.75196,1.20907,3.34063,0.42336,0,0.42336,460.49,0,0.645304,0,0,0.946495,0.30119,1.028160,1,0,22.4736,0,0,0,22.4736,0
65.7626,3.01494,0,0,1.30977,0.100797,0.36288,3.6288,60.7548,0.416706,0,0,0.465432,0.272913,0,0.66528,12.849,1,0.570266,0.36288,0,24.0405,5.19414,18.6389,0.84672,12.849,0.84672,3695.15,0,0,0,0.261274,1.51365,2.63688,1.20907,3.20273,0.42336,0,0.42336,460.49,0,0.672961,0,0,0.934235,0.261274,1.028160,1,0,21.8417,0,0,0,21.8417,0
63.49,2.99939,0,0,1.18881,0.0990817,0.36288,3.6288,60.3968,0.52212,0,0,0.436649,0.272526,0,0.66528,12.849,1,0.586035,0.36288,0,21.422,5.19414,16.0047,0.84672,12.849,0.84672,3695.15,0,0,0,0.261274,1.51374,2.55081,1.20907,3.11676,0.42336,0,0.42336,460.49,0,0.567613,0,0,0.828887,0.261274,1.028160,1,0,19.1215,0,0,0,19.1215,0
61.2034,2.98213,0,0,1.12497,0.0666096,0.36288,3.6288,59.9235,0.546241,0,0,0.405514,0.332567,0,0.66528,12.849,1,0.603518,0.36288,0,19.1757,5.99274,12.9423,0.84672,12.849,0.84672,3695.15,0,0,0,0.261274,1.51384,2.34036,1.52295,2.59252,0.42336,0,0.42336,460.49,0,0.54356,0,0,0.804833,0.261274,1.028160,1,0,15.5348,0,0,0,15.5348,0
59.0513,3.03284,0,0,1.30955,0.0659258,0.36288,3.6288,59.6557,0.475057,0,0,0.517933,0.310721,0,0.66528,12.849,1,0.636713,0.36288,0,24.2055,5.74014,18.1915,0.84672,12.849,0.84672,3695.15,0,0,0,0.261274,1.51393,2.56018,1.46059,2.8748,0.42336,0,0.42336,460.49,0,0.641442,0,0,0.902716,0.261274,1.028160,1,0,21.0663,0,0,0,21.0663,0
56.8153,3.01397,0,0,1.2055,0.0646525,0.36288,3.6288,59.3642,0.420374,0,0,0.439088,0.31019,0,0.66528,12.849,1,0.655812,0.36288,0,19.8821,5.74014,13.849,0.84672,12.849,0.84672,3695.15,0,0,0,0.261274,1.55028,2.47546,1.46059,2.82642,0.42336,0,0.42336,460.49,0,0.696194,0,0,0.957467,0.261274,1.028160,1,0,16.6755,0,0,0,16.6755,0
54.4999,2.99311,0,0,1.10382,0.0632573,0.36288,3.6288,58.9357,0.525574,0,0,0.406688,0.309613,0,0.66528,12.849,1,0.676903,0.36288,0,18.8978,5.74014,12.8437,0.84672,12.849,0.84672,3695.15,0,0,0,0.227405,1.55038,2.17589,1.46059,2.49309,0.42336,0,0.42336,460.49,0,0.591062,0,0,0.818467,0.227405,1.028160,1,0,15.3368,0,0,0,15.3368,0
52.2798,2.97002,0,0,1.16626,0.0533956,0.36288,3.6288,58.7268,0.36195,0,0,0.466874,0.313866,0,0.66528,12.849,1,0.700218,0.36288,0,18.5344,5.88969,12.3073,0.84672,12.849,0.84672,3695.15,0,0,0,0.227405,1.55047,2.87843,1.49047,3.16585,0.42336,0,0.42336,460.49,0,0.754756,0,0,0.982161,0.227405,1.028160,1,0,15.4732,0,0,0,15.4732,0
50.0303,3.1431,0,0,1.29236,0.0358615,0.36288,3.6288,58.1264,0.742018,0,0,0.43348,0.291838,0,0.66528,12.849,1,0.772492,0.36288,0,18.8119,5.87265,12.5296,0.84672,12.849,0.84672,3695.15,0,0,0,0.227405,1.55057,2.18025,1.54324,2.41499,0.42336,0,0.42336,460.49,0,0.470906,0,0,0.698311,0.227405,1.028160,1,0,14.9446,0,0,0,14.9446,0
47.5415,3.11566,0,0,1.0247,0.0350285,0.36288,3.6288,57.2451,0.915939,0,0,0.325359,0.290712,0,0.66528,12.849,1,0.800177,0.36288,0,20.6563,5.87265,14.3463,0.84672,12.849,0.84672,3695.15,0,0,0,0.227405,1.67089,1.75057,1.54324,2.10562,0.42336,0,0.42336,460.49,0,0.29706,0,0,0.524464,0.227405,1.028160,1,0,16.4519,0,0,0,16.4519,0
45.3071,3.08287,0,0,1.24549,0.0340998,0.36288,3.6288,56.9312,0.547951,0,0,0.523089,0.289059,0,0.66528,12.849,1,0.833206,0.36288,0,18.0058,5.87265,11.6629,0.84672,12.849,0.84672,3695.15,0,0,0,0.204422,1.67099,2.52235,1.54324,2.85453,0.42336,0,0.42336,460.49,0,0.665122,0,0,0.869544,0.204422,1.028160,1,0,14.5174,0,0,0,14.5174,0
42.8595,3.05105,0,0,1.00357,0.0372153,0.36288,3.6288,56.2528,0.786895,0,0,0.37017,0.261654,0,0.66528,12.849,1,0.865271,0.36288,0,15.4945,5.13327,9.8588,0.84672,12.849,0.84672,3695.15,0,0,0,0.204422,1.67109,2.52895,1.25542,3.14904,0.42336,0,0.42336,460.49,0,0.426253,0,0,0.630675,0.204422,1.028160,1,0,13.0078,0,0,0,13.0078,0
40.6436,3.01322,0,0,1.23977,0.0795659,0.36288,3.6288,56.0003,0.545324,0,0,0.514362,0.221534,0,0.66528,12.849,1,0.903342,0.36288,0,18.5573,4.42596,13.5909,0.84672,12.849,0.84672,3695.15,0,0,0,0.204422,1.6712,3.04903,1.11092,3.81373,0.42336,0,0.42336,460.49,0,0.667899,0,0,0.872321,0.204422,1.028160,1,0,17.4046,0,0,0,17.4046,0
38.8751,2.88518,0,0,1.57287,0.0933098,0.36288,3.6288,56.0139,0.403016,0,0,0.630205,0.213604,0,0.66528,12.849,1,0.912115,0.36288,0,36.6651,4.36485,31.751,0.84672,12.849,0.84672,3695.15,0,0,0,0.204422,1.6713,3.22896,1.13946,3.96522,0.42336,0,0.42336,460.49,0,0.751905,0,0,0.956327,0.204422,1.028160,1,0,35.7163,0,0,0,35.7163,0
36.7048,2.85417,0,0,1.13808,0.0913969,0.36288,3.6288,55.9046,0.4293,0,0,0.533644,0.213623,0,0.66528,12.849,1,0.943359,0.36288,0,17.3983,4.36485,12.453,0.84672,12.849,0.84672,3695.15,0,0,0,0.216518,1.6039,2.53416,1.13946,3.21512,0.42336,0,0.42336,460.49,0,0.725691,0,0,0.942209,0.216518,1.028160,1,0,15.6681,0,0,0,15.6681,0
34.5678,2.81303,0,0,1.12801,0.0890986,0.36288,3.6288,55.8201,0.449987,0,0,0.578902,0.21347,0,0.66528,12.849,1,0.984737,0.36288,0,13.4571,4.36485,8.47044,0.84672,12.849,0.84672,3695.15,0,0,0,0.216518,1.604,2.44992,1.13946,3.13097,0.42336,0,0.42336,460.49,0,0.705076,0,0,0.921594,0.216518,1.028160,1,0,11.6014,0,0,0,11.6014,0
32.5198,2.76882,0,0,1.25925,0.175576,0.36288,3.6288,55.664,0.497258,0,0,0.5121,0.170945,0,0.66528,12.849,1,1.02918,0.36288,0,18.9122,3.20825,15.0376,0.84672,12.849,0.84672,3695.15,0,0,0,0.216518,1.6041,2.83554,0.888499,3.76767,0.42336,0,0.42336,460.49,0,0.657876,0,0,0.874394,0.216518,1.028160,1,0,18.8053,0,0,0,18.8053,0
32.2042,2.65219,0,0,2.89353,0.194014,0.36288,3.6288,56.1665,0.073894,0,0,0.804121,0.227709,0,0.66528,12.849,1,1.04792,0.36288,0,45.3973,4.139,40.5733,0.84672,12.849,0.84672,3695.15,0,0,0,0.994645,1.6042,5.57661,1.12504,7.05042,0.42336,0,0.42336,460.49,0,1.02816,0,0,2.02281,0.994645,1.028160,1,0,47.6237,0,0,0,47.6237,0
32.1985,2.64502,0,0,3.19549,0.193249,0.36288,3.6288,57.8973,0.0739618,0,0,2.03321,0.22846,0,0.66528,12.849,1,1.05532,0.36288,0,67.8168,4.139,62.9854,0.84672,12.849,0.84672,3695.15,0,0,0,3.97972,1.54485,9.08607,1.12504,13.4856,0.42336,0,0.42336,460.49,0,1.02816,0,0,5.00788,3.97972,1.028160,1,0,76.471,0,0,0,76.471,0
31.9327,2.64505,0,0,2.93531,0.193235,0.36288,3.6288,58.6347,0.0740297,0,0,1.04252,0.231043,0,0.66528,12.849,1,1.05552,0.36288,0,51.3745,4.139,46.5428,0.84672,12.849,0.84672,3695.15,0,0,0,1.17882,1.54494,5.31118,1.12504,6.9099,0.42336,0,0.42336,460.49,0,1.02816,0,0,2.20698,1.17882,1.028160,1,0,53.4527,0,0,0,53.4527,0
32.808,2.63894,0,0,4.08478,0.207614,0.36288,3.6288,60.1778,0.0740975,0,0,1.87463,0.257476,0,0.66528,12.849,1,1.06185,0.36288,0,76.9481,4.68998,71.5592,0.84672,12.849,0.84672,3695.15,0,0,0,2.91629,1.54504,8.77597,1.28042,11.9569,0.42336,0,0.42336,460.49,0,1.02816,0,0,3.94445,2.91629,1.028160,1,0,83.516,0,0,0,83.516,0
32.2456,2.45918,0,0,2.4576,0.19802,0.36288,3.6288,61.308,0,0,0,2.74749,0.21416,1.40308,0.66528,12.849,1,0.963117,0.36288,0,45.2712,4.5465,40.1244,0.84672,12.849,0.84672,3695.15,0,0,0,0.950481,1.54513,5.56456,1.13346,6.92671,0.42336,0,0.42336,460.49,0,0.991601,0,0,1.94208,0.950481,1.028160,1,0,48.4542,0,0,0,48.4542,0
31.837,2.44732,0,0,2.59821,0.196632,0.36288,3.6288,61.308,0,0,0,2.97696,0.215702,2.76125,0.66528,12.849,1,0.97519,0.36288,0,83.8569,4.5465,78.6981,0.84672,12.849,0.84672,3695.15,0,0,0,1.12694,1.40745,6.89094,1.13346,8.29188,0.42336,0,0.42336,460.49,0,0.991662,0,0,2.11861,1.12694,1.028160,1,0,89.7512,0,0,0,89.7512,0
34.7574,2.43855,0,0,5.91513,0.193266,0.36288,3.6288,61.308,0,0,0,5.21282,0.229736,4.98309,0.66528,12.849,1,0.984168,0.36288,0,161.678,4.59828,156.458,0.84672,12.849,0.84672,3695.15,0,0,0,3.54271,1.40754,16.3271,1.17341,20.1039,0.42336,0,0.42336,460.49,0,0.991723,0,0,4.53443,3.54271,1.028160,1,0,181.545,0,0,0,181.545,0
40.0899,2.49908,0,0,8.39498,0.200546,0.36288,3.6288,61.308,0,0,0,7.0825,0.2206,6.8619,0.66528,12.849,1,0.92385,0.36288,0,190.547,4.23963,185.747,0.84672,12.849,0.84672,3695.15,0,0,0,6.87328,1.40762,17.2375,1.18391,24.3345,0.42336,0,0.42336,460.49,0,0.991784,0,0,7.86506,6.87328,1.028160,1,0,216.943,0,0,0,216.943,0
44.4495,2.59229,0,0,7.54445,0.229669,0.36288,3.6288,61.308,0,0,0,3.20038,0.185096,3.01528,0.66528,12.849,1,0.830843,0.36288,0,159.32,3.60405,155.248,0.84672,12.849,0.84672,3695.15,0,0,0,3.75958,1.40771,12.5646,1.00566,16.7263,0.42336,0,0.42336,460.49,0,0.991845,0,0,4.75142,3.75958,1.028160,1,0,174.989,0,0,0,174.989,0
49.5031,2.73886,0,0,8.40761,0.252207,0.36288,3.6288,61.308,0,0,0,2.46129,0.171734,2.28955,0.66528,12.849,1,0.791721,0.36288,0,167.825,3.2738,164.122,0.84672,12.849,0.84672,3695.15,0,0,0,4.06729,1.4078,15.5187,0.898789,20.095,0.42336,0,0.42336,460.49,0,1.02397,0,0,5.09127,4.06729,1.028160,1,0,186.507,0,0,0,186.507,0
53.393,2.80317,0,0,7.32257,0.266676,0.36288,3.6288,61.308,0,0,0,2.09441,0.171734,1.92268,0.66528,12.849,1,0.72759,0.36288,0,176.233,3.2738,172.594,0.84672,12.849,0.84672,3695.15,0,0,0,3.73287,1.45275,13.5715,0.898789,17.8583,0.42336,0,0.42336,460.49,0,1.02403,0,0,4.7569,3.73287,1.028160,1,0,192.375,0,0,0,192.375,0
62.4683,2.84605,0,0,12.562,0.277703,0.36288,3.6288,61.308,0,0,0,2.52817,0.171734,2.35643,0.66528,12.849,1,0.684901,0.36288,0,216.738,3.2738,213.142,0.84672,12.849,0.84672,3695.15,0,0,0,4.58076,1.45283,17.9613,0.898789,23.0961,0.42336,0,0.42336,460.49,0,1.02408,0,0,5.60485,4.58076,1.028160,1,0,238.595,0,0,0,238.595,0
69.4613,2.92873,0,0,10.5856,0.301038,0.36288,3.6288,61.308,0,0,0,2.73664,0.206278,2.53036,0.66528,12.849,1,0.602406,0.36288,0,307.601,4.0552,303.307,0.84672,12.849,0.84672,3695.15,0,0,0,4.74339,1.45291,16.9165,0.963155,22.1497,0.42336,0,0.42336,460.49,0,1.02414,0,0,5.76753,4.74339,1.028160,1,0,327.987,0,0,0,327.987,0
73.1566,3.27074,0,0,7.70265,0.373686,0.36288,3.6288,61.308,0.116453,0,0,1.66368,0.180877,1.36635,0.66528,12.849,1,0.605023,0.36288,0,151.227,3.5575,147.427,0.84672,12.849,0.84672,3695.15,0,0,0,3.47765,1.45298,9.63757,0.937561,13.6306,0.42336,0,0.42336,460.49,0,1.02816,0,0,4.50581,3.47765,1.028160,1,0,162.424,0,0,0,162.424,0
76.0431,3.29691,0,0,7.0702,0.523997,0.36288,3.6288,61.308,0.116514,0,0,2.03367,0.180877,1.73628,0.66528,12.849,1,0.579058,0.36288,0,158.852,3.5575,155.078,0.84672,12.849,0.84672,3695.15,0,0,0,3.09801,1.61065,9.81901,0.937561,13.5901,0.42336,0,0.42336,460.49,0,1.02816,0,0,4.12617,3.09801,1.028160,1,0,170.404,0,0,0,170.404,0
79.867,3.31589,0,0,8.04246,0.539716,0.36288,3.6288,61.308,0.116574,0,0,2.17704,0.180877,1.87959,0.66528,12.849,1,0.560285,0.36288,0,189.066,3.5575,185.311,0.84672,12.849,0.84672,3695.15,0,0,0,3.62379,1.61073,14.9107,0.937561,19.2076,0.42336,0,0.42336,460.49,0,1.02816,0,0,4.65195,3.62379,1.028160,1,0,206.398,0,0,0,206.398,0
84.5029,3.33917,0,0,8.88351,0.545592,0.36288,3.6288,61.308,0.116635,0,0,2.00324,0.186248,1.70035,0.66528,12.849,1,0.537205,0.36288,0,233.479,3.56522,229.739,0.84672,12.849,0.84672,3695.15,0,0,0,3.6339,1.61082,12.5544,0.956568,16.8426,0.42336,0,0.42336,460.49,0,1.02816,0,0,4.66206,3.6339,1.028160,1,0,248.282,0,0,0,248.282,0
86.1921,2.9384,0,0,5.46696,0.47644,0.36288,3.6288,61.308,0,0,0,1.09231,0.218471,0.873841,0.66528,12.849,1,0.446796,0.36288,0,113.873,3.61148,110.178,0.84672,12.849,0.84672,3695.15,0,0,0,2.27522,1.6109,7.70005,1.07061,10.5156,0.42336,0,0.42336,460.49,0,0.983212,0,0,3.25843,2.27522,1.028160,1,0,121.567,0,0,0,121.567,0
88.6268,2.94618,0,0,6.22764,0.483922,0.36288,3.6288,61.308,0,0,0,1.30769,0.218471,1.08922,0.66528,12.849,1,0.439199,0.36288,0,98.9651,3.61148,95.2774,0.84672,12.849,0.84672,3695.15,0,0,0,2.61452,1.39402,9.75059,1.07061,12.6885,0.42336,0,0.42336,460.49,0,0.983264,0,0,3.59778,2.61452,1.028160,1,0,109.055,0,0,0,109.055,0
91.9136,2.95687,0,0,7.10951,0.502927,0.36288,3.6288,61.308,0,0,0,1.57774,0.223515,1.35423,0.66528,12.849,1,0.428684,0.36288,0,148.447,3.87059,144.511,0.84672,12.849,0.84672,3695.15,0,0,0,3.53845,1.39409,12.973,1.08143,16.8242,0.42336,0,0.42336,460.49,0,0.983316,0,0,4.52176,3.53845,1.028160,1,0,162.689,0,0,0,162.689,0
95.5562,2.97048,0,0,7.54849,0.572557,0.36288,3.6288,61.308,0,0,0,1.38994,0.232487,1.15746,0.66528,12.849,1,0.415256,0.36288,0,174.881,4.46491,170.363,0.84672,12.849,0.84672,3695.15,0,0,0,5.79011,1.39416,16.1313,1.09969,22.2159,0.42336,0,0.42336,460.49,0,0.983368,0,0,6.77347,5.79011,1.028160,1,0,193.737,0,0,0,193.737,0
96.4267,2.98459,0,0,4.76538,0.547408,0.36288,3.6288,61.308,0,0,0,1.18613,0.243792,0.942341,0.66528,12.849,1,0.401324,0.36288,0,125.758,4.38669,121.333,0.84672,12.849,0.84672,3695.15,0,0,0,3.18933,1.39424,9.70505,1.24574,13.0429,0.42336,0,0.42336,460.49,0,0.98342,0,0,4.17275,3.18933,1.028160,1,0,135.318,0,0,0,135.318,0
97.506,3.09712,0,0,6.19122,0.533983,1.48081,3.6288,61.308,0,0,0,1.55645,0.248314,1.30814,0.66528,12.849,1,0.412696,1.48081,0,131.923,4.3554,128.636,0.84672,12.849,0.84672,3695.15,0,0,0,3.60352,1.39431,10.5861,1.30417,14.2797,0.42336,0,0.42336,460.49,0,1.02303,0,0,4.62655,3.60352,1.028160,1,0,144.224,0,0,0,144.224,0
97.506,3.10132,0,0,6.27007,0.538806,2.62994,3.6288,61.308,0,0,0,1.526,0.248314,1.27768,0.66528,12.849,1,0.408681,2.62994,0,149.77,4.3554,147.636,0.84672,12.849,0.84672,3695.15,0,0,0,3.70967,1.44813,13.1496,1.30417,17.0033,0.42336,0,0.42336,460.49,0,1.02308,0,0,4.73275,3.70967,1.028160,1,0,165.917,0,0,0,165.917,0
97.506,3.10148,0,0,7.30641,0.495871,3.70905,3.6288,61.308,0,0,0,1.77894,0.27279,1.50615,0.66528,12.849,1,0.408703,3.70905,0,165.783,4.69848,164.384,0.84672,12.849,0.84672,3695.15,0,0,0,4.42068,1.44821,17.8447,1.40184,22.3118,0.42336,0,0.42336,460.49,0,1.02313,0,0,5.44381,4.42068,1.028160,1,0,188.202,0,0,0,188.202,0
97.506,3.10165,0,0,4.77775,0.451724,1.22437,3.6288,61.308,0,0,0,1.15444,0.267232,0.88721,0.66528,12.849,1,0.408724,1.22437,0,111.324,4.71891,107.421,0.84672,12.849,0.84672,3695.15,0,0,0,2.3892,1.44828,8.36698,1.40394,10.8005,0.42336,0,0.42336,460.49,0,1.02319,0,0,3.41239,2.3892,1.028160,1,0,119.108,0,0,0,119.108,0
97.506,3.05906,0,0,4.2741,0.435795,0.779247,3.6288,61.308,0,0,0,0.895294,0.235347,0.659947,0.66528,12.849,1,0.403113,0.779247,0,97.2467,4.40307,93.2197,0.84672,12.849,0.84672,3695.15,0,0,0,1.20535,1.44836,6.84279,1.30906,8.18744,0.42336,0,0.42336,460.49,0,1.00788,0,0,2.21322,1.20535,1.028160,1,0,102.067,0,0,0,102.067,0
97.4901,3.05922,0,0,3.84201,0.435795,0.36288,3.6288,61.308,0,0,0,0.793273,0.235347,0.557926,0.66528,12.849,1,0.403134,0.36288,0,84.0326,4.40307,79.5893,0.84672,12.849,0.84672,3695.15,0,0,0,0.956261,1.4275,5.98755,1.30906,7.06225,0.42336,0,0.42336,460.49,0,1.00793,0,0,1.96419,0.956261,1.028160,1,0,87.2095,0,0,0,87.2095,0
97.2231,3.05933,0,0,3.54636,0.391168,0.36288,3.6288,61.308,0,0,0,0.742677,0.201214,0.541463,0.66528,12.849,1,0.403213,0.36288,0,80.6414,3.69531,76.9058,0.84672,12.849,0.84672,3695.15,0,0,0,0.864797,1.42757,5.40708,1.12955,6.5699,0.42336,0,0.42336,460.49,0,1.00798,0,0,1.87278,0.864797,1.028160,1,0,84.0172,0,0,0,84.0172,0
96.8812,3.05851,0,0,3.46237,0.38289,0.36288,3.6288,61.308,0,0,0,0.790413,0.195526,0.594887,0.66528,12.849,1,0.404213,0.36288,0,73.0754,3.57735,69.4567,0.84672,12.849,0.84672,3695.15,0,0,0,1.24499,1.42765,5.88365,1.09963,7.45666,0.42336,0,0.42336,460.49,0,1.00804,0,0,2.25303,1.24499,1.028160,1,0,77.5083,0,0,0,77.5083,0
96.8714,3.20245,0,0,3.87477,0.319187,0.36288,3.6288,61.308,0.0344333,0,0,0.847083,0.276563,0.536086,0.66528,12.849,1,0.424729,0.36288,0,76.4061,4.40495,71.9393,0.84672,12.849,0.84672,3695.15,0,0,0,0.760285,1.42772,5.07127,1.1805,6.07878,0.42336,0,0.42336,460.49,0,1.02816,0,0,1.78845,0.760285,1.028160,1,0,78.5542,0,0,0,78.5542,0
96.65,3.20258,0,0,3.63356,0.289552,0.36288,3.6288,61.308,0.0344895,0,0,0.826865,0.292491,0.499885,0.66528,12.849,1,0.424789,0.36288,0,73.6716,4.4706,69.139,0.84672,12.849,0.84672,3695.15,0,0,0,0.65048,1.50069,4.96659,1.23148,5.88629,0.42336,0,0.42336,460.49,0,1.02816,0,0,1.67864,0.65048,1.028160,1,0,75.5252,0,0,0,75.5252,0
96.2272,3.20189,0,0,3.36963,0.227632,0.36288,3.6288,61.308,0.0345458,0,0,0.759974,0.282823,0.442606,0.66528,12.849,1,0.425671,0.36288,0,70.9646,4.55154,66.3503,0.84672,12.849,0.84672,3695.15,0,0,0,0.449842,1.50077,4.6258,1.20266,5.37375,0.42336,0,0.42336,460.49,0,1.02816,0,0,1.478,0.449842,1.028160,1,0,72.1667,0,0,0,72.1667,0
95.6192,3.20041,0,0,3.18213,0.226828,0.36288,3.6288,61.308,0.0346019,0,0,0.763275,0.282823,0.44585,0.66528,12.849,1,0.427343,0.36288,0,61.0411,4.55154,56.4251,0.84672,12.849,0.84672,3695.15,0,0,0,0.607668,1.50085,4.20886,1.20266,5.11471,0.42336,0,0.42336,460.49,0,1.02816,0,0,1.63583,0.607668,1.028160,1,0,61.9856,0,0,0,61.9856,0
94.2723,3.19818,0,0,2.42927,0.215165,0.36288,3.6288,61.308,0.0346582,0,0,0.920246,0.294158,0.59143,0.66528,12.849,1,0.429761,0.36288,0,40.7186,5.20382,35.4479,0.84672,12.849,0.84672,3695.15,0,0,0,0.732689,1.50093,3.79306,1.29651,4.73017,0.42336,0,0.42336,460.49,0,1.02816,0,0,1.76085,0.732689,1.028160,1,0,40.7695,0,0,0,40.7695,0
92.5062,3.16435,0,0,1.96977,0.208569,0.36288,3.6288,61.308,0.0646778,0,0,0.912159,0.298693,0.548789,0.66528,12.849,1,0.431291,0.36288,0,42.7475,5.46472,37.2144,0.84672,12.849,0.84672,3695.15,0,0,0,0.809542,1.50101,4.045,1.33406,5.02149,0.42336,0,0.42336,460.49,0,1.02816,0,0,1.8377,0.809542,1.028160,1,0,42.7847,0,0,0,42.7847,0
90.527,3.15729,0,0,1.74632,0.20543,0.36288,3.6288,61.308,0.0647356,0,0,0.809836,0.298693,0.446408,0.66528,12.849,1,0.438543,0.36288,0,46.7421,5.46472,41.2017,0.84672,12.849,0.84672,3695.15,0,0,0,0.675579,1.51815,4.17343,1.33406,5.0331,0.42336,0,0.42336,460.49,0,1.02816,0,0,1.70374,0.675579,1.028160,1,0,46.6812,0,0,0,46.6812,0
88.4449,3.14906,0,0,1.63183,0.201912,0.36288,3.6288,61.308,0.0647934,0,0,0.775405,0.298693,0.411919,0.66528,12.849,1,0.446964,0.36288,0,43.4414,5.46472,37.8926,0.84672,12.849,0.84672,3695.15,0,0,0,0.637053,1.51823,3.90784,1.33406,4.72907,0.42336,0,0.42336,460.49,0,1.02816,0,0,1.66521,0.637053,1.028160,1,0,43.0336,0,0,0,43.0336,0
86.3101,3.14004,0,0,1.56148,0.193406,0.36288,3.6288,61.308,0.0648513,0,0,0.749883,0.304157,0.380874,0.66528,12.849,1,0.456175,0.36288,0,39.7215,5.66556,33.9626,0.84672,12.849,0.84672,3695.15,0,0,0,0.527895,1.51831,3.76488,1.3627,4.44839,0.42336,0,0.42336,460.49,0,1.02816,0,0,1.55606,0.527895,1.028160,1,0,38.7919,0,0,0,38.7919,0
84.3527,3.20344,0,0,1.75623,0.147351,0.36288,3.6288,61.308,0.0916188,0,0,0.98382,0.321713,0.570488,0.66528,12.849,1,0.476897,0.36288,0,41.7716,6.05336,35.6043,0.84672,12.849,0.84672,3695.15,0,0,0,0.701127,1.51839,3.80728,1.46311,4.56368,0.42336,0,0.42336,460.49,0,1.02816,0,0,1.72929,0.701127,1.028160,1,0,40.7384,0,0,0,40.7384,0
82.3642,3.194,0,0,1.7131,0.144714,0.36288,3.6288,61.308,0.091678,0,0,0.906457,0.321713,0.493066,0.66528,12.849,1,0.486526,0.36288,0,41.718,6.05336,35.541,0.84672,12.849,0.84672,3695.15,0,0,0,0.855395,1.55484,4.07976,1.46311,5.02688,0.42336,0,0.42336,460.49,0,1.02816,0,0,1.88355,0.855395,1.028160,1,0,41.0609,0,0,0,41.0609,0
80.2783,3.18401,0,0,1.60307,0.142035,0.36288,3.6288,61.308,0.0917372,0,0,0.839056,0.321713,0.425606,0.66528,12.849,1,0.496713,0.36288,0,37.6608,6.05336,31.4736,0.84672,12.849,0.84672,3695.15,0,0,0,0.774567,1.55492,3.64114,1.46311,4.50751,0.42336,0,0.42336,460.49,0,1.02816,0,0,1.80273,0.774567,1.028160,1,0,36.4067,0,0,0,36.4067,0
78.0748,3.17305,0,0,1.47169,0.139225,0.36288,3.6288,61.308,0.0917964,0,0,0.829829,0.321713,0.41632,0.66528,12.849,1,0.507865,0.36288,0,34.4264,6.05336,28.2281,0.84672,12.849,0.84672,3695.15,0,0,0,0.626478,1.555,3.56117,1.46311,4.27954,0.42336,0,0.42336,460.49,0,1.02816,0,0,1.65464,0.626478,1.028160,1,0,32.9239,0,0,0,32.9239,0
75.6775,3.37202,0,0,1.48947,0.151885,0.36288,3.6288,61.308,0.188284,0,0,0.843255,0.339547,0.315424,0.66528,12.849,1,0.554943,0.36288,0,30.2612,6.09243,23.9767,0.84672,12.849,0.84672,3695.15,0,0,0,0.666835,1.55508,3.5306,1.48616,4.26636,0.42336,0,0.42336,460.49,0,1.02816,0,0,1.695,0.666835,1.028160,1,0,28.5585,0,0,0,28.5585,0
73.3552,3.35717,0,0,1.54046,0.142777,0.36288,3.6288,61.308,0.188349,0,0,0.923772,0.345542,0.389881,0.66528,12.849,1,0.570001,0.36288,0,35.21,6.18618,28.8167,0.84672,12.849,0.84672,3695.15,0,0,0,0.751023,1.67574,3.073,1.50743,3.99233,0.42336,0,0.42336,460.49,0,1.02816,0,0,1.77918,0.751023,1.028160,1,0,33.1989,0,0,0,33.1989,0
70.7323,3.34199,0,0,1.22143,0.139419,0.36288,3.6288,61.308,0.188413,0,0,0.693369,0.345542,0.159414,0.66528,12.849,1,0.585388,0.36288,0,38.6619,6.18618,32.2532,0.84672,12.849,0.84672,3695.15,0,0,0,0.308094,1.67583,2.46739,1.50743,2.94388,0.42336,0,0.42336,460.49,0,1.02816,0,0,1.33625,0.308094,1.028160,1,0,35.3565,0,0,0,35.3565,0
68.43,3.32379,0,0,1.48459,0.100199,0.36288,3.6288,61.308,0.188477,0,0,1.11475,0.345542,0.580731,0.66528,12.849,1,0.60379,0.36288,0,33.7013,6.18618,27.2742,0.84672,12.849,0.84672,3695.15,0,0,0,1.18728,1.67591,3.5552,1.50743,4.91097,0.42336,0,0.42336,460.49,0,1.02816,0,0,2.21544,1.18728,1.028160,1,0,32.7659,0,0,0,32.7659,0
65.6492,3.30687,0,0,0.977711,0.088807,0.36288,3.6288,61.308,0.188542,0,0,0.669801,0.311251,0.170009,0.66528,12.849,1,0.620925,0.36288,0,26.8144,5.90442,20.6519,0.84672,12.849,0.84672,3695.15,0,0,0,0.283945,1.676,2.79626,1.48689,3.26932,0.42336,0,0.42336,460.49,0,1.02816,0,0,1.3121,0.283945,1.028160,1,0,24.0913,0,0,0,24.0913,0
62.7095,3.18481,0,0,0.687874,0.0798178,0.36288,3.6288,61.083,0.458313,0,0,0.518802,0.285533,0,0.66528,12.849,1,0.623338,0.36288,0,20.8801,5.6931,14.9266,0.84672,12.849,0.84672,3695.15,0,0,0,0.204422,1.67609,2.12871,1.47148,2.53775,0.42336,0,0.42336,460.49,0,0.699909,0,0,0.904332,0.204422,1.028160,1,0,17.4643,0,0,0,17.4643,0
59.8802,3.16073,0,0,0.808609,0.114343,0.36288,3.6288,60.9076,0.447609,0,0,0.527098,0.254847,0,0.66528,12.849,1,0.647624,0.36288,0,21.0326,5.27784,15.47,0.84672,12.849,0.84672,3695.15,0,0,0,0.216518,1.60849,2.22305,1.34169,2.70637,0.42336,0,0.42336,460.49,0,0.710675,0,0,0.927193,0.216518,1.028160,1,0,18.1764,0,0,0,18.1764,0
58.4593,3.1357,0,0,2.27815,0.200488,0.36288,3.6288,61.308,0.130184,0,0,1.27959,0.17895,0.570056,0.66528,12.849,1,0.672854,0.36288,0,67.2044,4.23969,62.6548,0.84672,12.849,0.84672,3695.15,0,0,0,0.493214,1.60857,5.91704,1.0172,7.00163,0.42336,0,0.42336,460.49,0,1.02816,0,0,1.52137,0.493214,1.028160,1,0,70.2264,0,0,0,70.2264,0
56.3186,3.12246,0,0,1.5436,0.198963,0.36288,3.6288,61.308,0.130246,0,0,0.776598,0.164901,0.481451,0.66528,12.849,1,0.686297,0.36288,0,51.0366,4.1726,46.5406,0.84672,12.849,0.84672,3695.15,0,0,0,0.31161,1.60866,3.0775,1.01171,3.98606,0.42336,0,0.42336,460.49,0,1.02816,0,0,1.33977,0.31161,1.028160,1,0,51.0081,0,0,0,51.0081,0
55.3522,3.02126,0,0,2.60574,0.188019,0.36288,3.6288,61.308,0.077006,0,0,0.69407,0.166978,0.450086,0.66528,12.849,1,0.689297,0.36288,0,41.6541,4.14443,37.1833,0.84672,12.849,0.84672,3695.15,0,0,0,0.370224,1.60874,3.17066,1.03311,4.11651,0.42336,0,0.42336,460.49,0,1.02816,0,0,1.39838,0.370224,1.028160,1,0,41.7499,0,0,0,41.7499,0
55.2431,3.01166,0,0,3.49535,0.229821,0.36288,3.6288,61.308,0.0770644,0,0,0.787498,0.123225,0.587208,0.66528,12.849,1,0.699101,0.36288,0,51.9796,3.56884,48.0746,0.84672,12.849,0.84672,3695.15,0,0,0,0.398365,1.54921,3.89175,0.843634,4.99569,0.42336,0,0.42336,460.49,0,1.02816,0,0,1.42652,0.398365,1.028160,1,0,53.6575,0,0,0,53.6575,0
56.2851,3.0107,0,0,4.64512,0.22957,0.36288,3.6288,61.308,0.0771229,0,0,1.0583,0.123225,0.857957,0.66528,12.849,1,0.700258,0.36288,0,55.802,3.56884,51.8958,0.84672,12.849,0.84672,3695.15,0,0,0,0.652363,1.54929,4.92114,0.843634,6.27916,0.42336,0,0.42336,460.49,0,1.02816,0,0,1.68052,0.652363,1.028160,1,0,59.0329,0,0,0,59.0329,0
56.6619,3.02141,0,0,3.99307,0.231966,0.36288,3.6288,61.308,0.0771813,0,0,1.5752,0.123225,1.3748,0.66528,12.849,1,0.68974,0.36288,0,94.2693,3.56884,90.3736,0.84672,12.849,0.84672,3695.15,0,0,0,0.701361,1.54937,5.95732,0.843634,7.36442,0.42336,0,0.42336,460.49,0,1.02816,0,0,1.72952,0.701361,1.028160,1,0,99.1128,0,0,0,99.1128,0
59.6694,2.79747,0,0,6.42447,0.256646,0.36288,3.6288,61.308,0,0,0,2.13138,0.165254,1.96613,0.66528,12.849,1,0.634371,0.36288,0,98.4951,4.00031,94.2233,0.84672,12.849,0.84672,3695.15,0,0,0,2.11166,1.54946,8.62723,1.06995,11.2184,0.42336,0,0.42336,460.49,0,0.994366,0,0,3.10603,2.11166,1.028160,1,0,107.408,0,0,0,107.408,0
62.0296,2.82393,0,0,5.81535,0.268358,0.36288,3.6288,61.308,0,0,0,1.57618,0.172259,1.40392,0.66528,12.849,1,0.608094,0.36288,0,98.5504,4.07221,94.233,0.84672,12.849,0.84672,3695.15,0,0,0,1.2038,1.41137,5.81581,1.10767,7.32331,0.42336,0,0.42336,460.49,0,0.994419,0,0,2.19822,1.2038,1.028160,1,0,102.96,0,0,0,102.96,0
64.4241,2.84324,0,0,5.87448,0.273882,0.36288,3.6288,61.308,0,0,0,1.92935,0.172259,1.75709,0.66528,12.849,1,0.588958,0.36288,0,139.503,4.07221,135.205,0.84672,12.849,0.84672,3695.15,0,0,0,1.50436,1.41145,6.90424,1.10767,8.71238,0.42336,0,0.42336,460.49,0,0.994471,0,0,2.49883,1.50436,1.028160,1,0,145.674,0,0,0,145.674,0
69.8028,2.86165,0,0,8.88256,0.279278,0.36288,3.6288,61.308,0,0,0,2.34645,0.172259,2.17419,0.66528,12.849,1,0.570738,0.36288,0,160.262,4.07221,155.982,0.84672,12.849,0.84672,3695.15,0,0,0,1.74796,1.41152,10.8322,1.10767,12.884,0.42336,0,0.42336,460.49,0,0.994524,0,0,2.74248,1.74796,1.028160,1,0,171.04,0,0,0,171.04,0
72.3273,2.89894,0,0,6.07696,0.290687,0.36288,3.6288,61.308,0,0,0,1.70621,0.193692,1.51252,0.66528,12.849,1,0.533624,0.36288,0,94.0818,4.23246,89.6786,0.84672,12.849,0.84672,3695.15,0,0,0,1.38849,1.4116,6.06568,1.22452,7.64124,0.42336,0,0.42336,460.49,0,0.994576,0,0,2.38307,1.38849,1.028160,1,0,98.8324,0,0,0,98.8324,0
72.1162,3.00621,0,0,3.5597,0.401714,0.36288,3.6288,61.308,0,0,0,0.765209,0.222268,0.542941,0.66528,12.849,1,0.534056,0.36288,0,69.2556,4.44612,64.6383,0.84672,12.849,0.84672,3695.15,0,0,0,0.602599,1.41167,4.88189,1.38033,5.51584,0.42336,0,0.42336,460.49,0,1.02678,0,0,1.62938,0.602599,1.028160,1,0,70.6971,0,0,0,70.6971,0
71.658,3.00502,0,0,3.20465,0.294919,0.36288,3.6288,61.308,0,0,0,0.97384,0.222268,0.751572,0.66528,12.849,1,0.535407,0.36288,0,80.6069,4.44612,75.9882,0.84672,12.849,0.84672,3695.15,0,0,0,0.974816,1.45674,5.58258,1.38033,6.63381,0.42336,0,0.42336,460.49,0,1.02683,0,0,2.00165,0.974816,1.028160,1,0,83.3736,0,0,0,83.3736,0
70.2938,3.00225,0,0,2.29484,0.293893,0.36288,3.6288,61.308,0,0,0,0.748362,0.222268,0.526094,0.66528,12.849,1,0.538334,0.36288,0,82.601,4.44612,77.9794,0.84672,12.849,0.84672,3695.15,0,0,0,0.584744,1.4568,5.40454,1.38033,6.06577,0.42336,0,0.42336,460.49,0,1.02688,0,0,1.61162,0.584744,1.028160,1,0,84.5713,0,0,0,84.5713,0
68.9332,2.99355,0,0,2.26352,0.267717,0.36288,3.6288,61.308,0.132292,0,0,0.648795,0.223593,0.292909,0.66528,12.849,1,0.547191,0.36288,0,69.9589,4.36138,65.4133,0.84672,12.849,0.84672,3695.15,0,0,0,0.503194,1.45687,5.11491,1.28901,5.78597,0.42336,0,0.42336,460.49,0,0.894629,0,0,1.39782,0.503194,1.028160,1,0,71.4921,0,0,0,71.4921,0
67.6027,3.27569,0,0,2.57145,0.26343,0.36288,3.6288,61.308,0.119556,0,0,0.805654,0.200814,0.485284,0.66528,12.849,1,0.610581,0.36288,0,57.451,3.09781,54.1055,0.84672,12.849,0.84672,3695.15,0,0,0,0.995103,1.45693,5.67422,0.972478,7.15378,0.42336,0,0.42336,460.49,0,1.02816,0,0,2.02326,0.995103,1.028160,1,0,61.7445,0,0,0,61.7445,0
66.576,3.26573,0,0,2.88766,0.285721,0.36288,3.6288,61.308,0.119607,0,0,0.780237,0.197716,0.462914,0.66528,12.849,1,0.620706,0.36288,0,61.7524,3.50248,57.9921,0.84672,12.849,0.84672,3695.15,0,0,0,1.4469,1.61501,6.07214,1.08912,8.04493,0.42336,0,0.42336,460.49,0,1.02816,0,0,2.47506,1.4469,1.028160,1,0,66.5,0,0,0,66.5,0
66.2974,3.25785,0,0,3.62557,0.283413,0.36288,3.6288,61.308,0.119657,0,0,0.740742,0.197716,0.423368,0.66528,12.849,1,0.628758,0.36288,0,85.0118,3.50248,81.2434,0.84672,12.849,0.84672,3695.15,0,0,0,1.60637,1.61508,6.72132,1.08912,8.85365,0.42336,0,0.42336,460.49,0,1.02816,0,0,2.63453,1.60637,1.028160,1,0,90.5205,0,0,0,90.5205,0
65.8543,3.25578,0,0,3.45838,0.282787,0.36288,3.6288,61.308,0.119708,0,0,0.848655,0.197716,0.531231,0.66528,12.849,1,0.630999,0.36288,0,75.867,3.50248,72.0964,0.84672,12.849,0.84672,3695.15,0,0,0,1.62353,1.61515,6.87354,1.08912,9.02311,0.42336,0,0.42336,460.49,0,1.02816,0,0,2.65169,1.62353,1.028160,1,0,81.6507,0,0,0,81.6507,0
66.6708,2.84012,0,0,4.33005,0.310527,0.36288,3.6288,61.308,0,0,0,1.21716,0.194856,1.0223,0.66528,12.849,1,0.554142,0.36288,0,82.1301,2.7657,79.1731,0.84672,12.849,0.84672,3695.15,0,0,0,1.29373,1.61523,7.70472,0.72077,9.89291,0.42336,0,0.42336,460.49,0,0.985843,0,0,2.27958,1.29373,1.028160,1,0,90.0884,0,0,0,90.0884,0
69.7768,2.84593,0,0,6.62731,0.312549,0.36288,3.6288,61.308,0,0,0,1.56817,0.194856,1.37331,0.66528,12.849,1,0.548476,0.36288,0,91.9693,2.7657,89.018,0.84672,12.849,0.84672,3695.15,0,0,0,2.02398,1.39775,8.53286,0.72077,11.2338,0.42336,0,0.42336,460.49,0,0.985887,0,0,3.00987,2.02398,1.028160,1,0,101.625,0,0,0,101.625,0
71.6165,2.86668,0,0,5.38946,0.320243,0.36288,3.6288,61.308,0,0,0,1.04839,0.194856,0.85353,0.66528,12.849,1,0.527882,0.36288,0,82.1794,2.7657,79.2487,0.84672,12.849,0.84672,3695.15,0,0,0,0.932556,1.39781,5.97355,0.72077,7.58314,0.42336,0,0.42336,460.49,0,0.98593,0,0,1.91849,0.932556,1.028160,1,0,87.6853,0,0,0,87.6853,0
71.8318,2.8783,0,0,3.78133,0.3248,0.36288,3.6288,61.308,0,0,0,0.794369,0.194856,0.599513,0.66528,12.849,1,0.516408,0.36288,0,80.0185,2.7657,77.0993,0.84672,12.849,0.84672,3695.15,0,0,0,0.674237,1.39787,5.39473,0.72077,6.74607,0.42336,0,0.42336,460.49,0,0.985974,0,0,1.66021,0.674237,1.028160,1,0,84.4448,0,0,0,84.4448,0
73.8144,2.87974,0,0,5.54032,0.315131,0.36288,3.6288,61.308,0,0,0,1.04021,0.187836,0.85237,0.66528,12.849,1,0.515117,0.36288,0,136.239,2.95379,133.133,0.84672,12.849,0.84672,3695.15,0,0,0,1.53374,1.39793,8.08078,0.675377,10.3371,0.42336,0,0.42336,460.49,0,0.986018,0,0,2.51976,1.53374,1.028160,1,0,144.322,0,0,0,144.322,0
75.3937,2.99731,0,0,5.34414,0.404596,0.36288,3.6288,61.308,0,0,0,1.29765,0.185121,1.11253,0.66528,12.849,1,0.521747,0.36288,0,119.521,3.60456,115.758,0.84672,12.849,0.84672,3695.15,0,0,0,1.55227,1.39799,6.00177,0.732605,8.21942,0.42336,0,0.42336,460.49,0,1.02572,0,0,2.57799,1.55227,1.028160,1,0,125.09,0,0,0,125.09,0
76.7461,3.00678,0,0,5.12489,0.402881,0.36288,3.6288,61.308,0,0,0,1.03838,0.183791,0.85459,0.66528,12.849,1,0.512431,0.36288,0,106.372,3.66408,102.559,0.84672,12.849,0.84672,3695.15,0,0,0,1.02641,1.45194,4.9699,0.744164,6.70409,0.42336,0,0.42336,460.49,0,1.02577,0,0,2.05217,1.02641,1.028160,1,0,110.117,0,0,0,110.117,0
77.9937,3.01465,0,0,5.03355,0.408415,0.36288,3.6288,61.308,0,0,0,0.880088,0.183791,0.696297,0.66528,12.849,1,0.504719,0.36288,0,84.4474,3.66408,80.6414,0.84672,12.849,0.84672,3695.15,0,0,0,1.12219,1.45201,7.6066,0.744164,9.43663,0.42336,0,0.42336,460.49,0,1.02581,0,0,2.148,1.12219,1.028160,1,0,90.7744,0,0,0,90.7744,0
80.5338,3.02171,0,0,6.35285,0.428161,0.36288,3.6288,61.308,0,0,0,1.07485,0.152564,0.922287,0.66528,12.849,1,0.497809,0.36288,0,126.476,3.0587,123.282,0.84672,12.849,0.84672,3695.15,0,0,0,1.79942,1.45207,9.33777,0.655317,11.9339,0.42336,0,0.42336,460.49,0,1.02586,0,0,2.82527,1.79942,1.028160,1,0,136.138,0,0,0,136.138,0
81.0442,2.99355,0,0,4.19305,0.326198,0.36288,3.6288,61.308,0,0,0,1.05511,0.188386,0.866722,0.66528,12.849,1,0.477615,0.36288,0,95.415,3.4336,91.8666,0.84672,12.849,0.84672,3695.15,0,0,0,1.78427,1.45214,6.99538,0.901479,9.3303,0.42336,0,0.42336,460.49,0,1.0105,0,0,2.79476,1.78427,1.028160,1,0,102.064,0,0,0,102.064,0
81.2279,2.99628,0,0,3.84204,0.299212,0.36288,3.6288,61.308,0,0,0,0.91711,0.211744,0.705366,0.66528,12.849,1,0.47504,0.36288,0,84.6608,4.05478,80.4938,0.84672,12.849,0.84672,3695.15,0,0,0,1.41167,1.43121,5.616,0.946729,7.51214,0.42336,0,0.42336,460.49,0,1.01054,0,0,2.42221,1.41167,1.028160,1,0,88.7113,0,0,0,88.7113,0
81.1026,2.99734,0,0,3.52988,0.294966,0.36288,3.6288,61.308,0,0,0,0.816506,0.215637,0.600869,0.66528,12.849,1,0.474134,0.36288,0,72.8905,4.15831,68.6209,0.84672,12.849,0.84672,3695.15,0,0,0,1.20157,1.43127,5.04081,0.95427,6.71938,0.42336,0,0.42336,460.49,0,1.01059,0,0,2.21216,1.20157,1.028160,1,0,75.9412,0,0,0,75.9412,0
80.9172,2.99684,0,0,3.46899,0.294611,0.36288,3.6288,61.308,0,0,0,0.797178,0.215637,0.581541,0.66528,12.849,1,0.474787,0.36288,0,57.645,4.15831,53.3747,0.84672,12.849,0.84672,3695.15,0,0,0,1.17135,1.43133,5.0538,0.95427,6.70221,0.42336,0,0.42336,460.49,0,1.01063,0,0,2.18198,1.17135,1.028160,1,0,60.6585,0,0,0,60.6585,0
80.2158,3.13816,0,0,3.08808,0.288436,0.36288,3.6288,61.308,0.037157,0,0,0.845597,0.212598,0.595842,0.66528,12.849,1,0.498314,0.36288,0,57.5733,4.54613,52.8918,0.84672,12.849,0.84672,3695.15,0,0,0,1.00966,1.4314,4.72915,0.919174,6.25103,0.42336,0,0.42336,460.49,0,1.02816,0,0,2.03782,1.00966,1.028160,1,0,59.7386,0,0,0,59.7386,0
79.2638,3.13454,0,0,2.7952,0.249862,0.36288,3.6288,61.308,0.0372041,0,0,0.677773,0.196499,0.44407,0.66528,12.849,1,0.502092,0.36288,0,53.1535,4.15518,48.8591,0.84672,12.849,0.84672,3695.15,0,0,0,0.966496,1.50454,4.44093,0.910787,6.00117,0.42336,0,0.42336,460.49,0,1.02816,0,0,1.99466,0.966496,1.028160,1,0,55.3043,0,0,0,55.3043,0
78.122,3.12949,0,0,2.55339,0.202793,0.36288,3.6288,61.308,0.0372513,0,0,0.672045,0.200148,0.434646,0.66528,12.849,1,0.507304,0.36288,0,47.5063,4.26888,43.093,0.84672,12.849,0.84672,3695.15,0,0,0,0.966004,1.50461,4.24204,0.87526,5.83739,0.42336,0,0.42336,460.49,0,1.02816,0,0,1.99416,0.966004,1.028160,1,0,49.3651,0,0,0,49.3651,0
76.938,3.12326,0,0,2.50273,0.20053,0.36288,3.6288,61.308,0.0372984,0,0,0.726849,0.200148,0.489402,0.66528,12.849,1,0.513694,0.36288,0,45.5095,4.26888,41.0898,0.84672,12.849,0.84672,3695.15,0,0,0,0.928351,1.50467,4.57093,0.87526,6.12869,0.42336,0,0.42336,460.49,0,1.02816,0,0,1.95651,0.928351,1.028160,1,0,47.7079,0,0,0,47.7079,0
75.6634,3.11663,0,0,2.38854,0.183676,0.36288,3.6288,61.308,0.0373456,0,0,0.709845,0.198287,0.474212,0.66528,12.849,1,0.520491,0.36288,0,44.5824,4.27686,40.1479,0.84672,12.849,0.84672,3695.15,0,0,0,0.691062,1.50474,4.06283,0.901638,5.35699,0.42336,0,0.42336,460.49,0,1.02816,0,0,1.71922,0.691062,1.028160,1,0,45.9791,0,0,0,45.9791,0
74.3036,3.08142,0,0,2.25507,0.170593,0.36288,3.6288,61.308,0.0674317,0,0,0.699322,0.196891,0.434999,0.66528,12.849,1,0.523281,0.36288,0,44.4544,4.28285,40.0112,0.84672,12.849,0.84672,3695.15,0,0,0,0.43105,1.50481,3.87375,0.921422,4.88819,0.42336,0,0.42336,460.49,0,1.02816,0,0,1.45921,0.43105,1.028160,1,0,45.3344,0,0,0,45.3344,0
72.7771,3.07339,0,0,2.06486,0.155023,0.36288,3.6288,61.308,0.0674802,0,0,0.665582,0.21883,0.379273,0.66528,12.849,1,0.531469,0.36288,0,39.2032,4.56515,34.4695,0.84672,12.849,0.84672,3695.15,0,0,0,0.371166,1.52198,3.762,1.02447,4.63068,0.42336,0,0.42336,460.49,0,1.02816,0,0,1.39933,0.371166,1.028160,1,0,39.4794,0,0,0,39.4794,0
71.1795,3.06405,0,0,1.9494,0.120062,0.36288,3.6288,61.308,0.0675287,0,0,0.621142,0.273675,0.279938,0.66528,12.849,1,0.540967,0.36288,0,34.8681,5.2709,29.4191,0.84672,12.849,0.84672,3695.15,0,0,0,0.34668,1.52204,3.58847,1.28208,4.17511,0.42336,0,0.42336,460.49,0,1.02816,0,0,1.37484,0.34668,1.028160,1,0,33.8742,0,0,0,33.8742,0
69.4847,3.0539,0,0,1.80903,0.0870511,0.36288,3.6288,61.308,0.0675771,0,0,0.600852,0.277479,0.255795,0.66528,12.849,1,0.551277,0.36288,0,34.4021,5.32746,28.8862,0.84672,12.849,0.84672,3695.15,0,0,0,0.337669,1.52211,3.51569,1.31426,4.0612,0.42336,0,0.42336,460.49,0,1.02816,0,0,1.36583,0.337669,1.028160,1,0,33.2032,0,0,0,33.2032,0
68.0747,3.1137,0,0,2.15214,0.0856,0.36288,3.6288,61.308,0.0944017,0,0,0.676719,0.300305,0.282013,0.66528,12.849,1,0.57578,0.36288,0,36.4964,5.66685,30.6166,0.84672,12.849,0.84672,3695.15,0,0,0,0.409925,1.52218,3.84001,1.50737,4.26474,0.42336,0,0.42336,460.49,0,1.02816,0,0,1.43808,0.409925,1.028160,1,0,35.1634,0,0,0,35.1634,0
66.5383,3.10381,0,0,2.01493,0.0846643,0.36288,3.6288,61.308,0.0944514,0,0,0.652562,0.300305,0.257806,0.66528,12.849,1,0.585839,0.36288,0,34.2351,5.66685,28.3453,0.84672,12.849,0.84672,3695.15,0,0,0,0.420155,1.5587,3.97187,1.50737,4.44335,0.42336,0,0.42336,460.49,0,1.02816,0,0,1.44831,0.420155,1.028160,1,0,33.0465,0,0,0,33.0465,0
64.7807,3.0926,0,0,1.78156,0.0836447,0.36288,3.6288,61.308,0.094501,0,0,0.614311,0.300305,0.219505,0.66528,12.849,1,0.597203,0.36288,0,32.3396,5.66685,26.4384,0.84672,12.849,0.84672,3695.15,0,0,0,0.270104,1.55877,3.72611,1.50737,4.04761,0.42336,0,0.42336,460.49,0,1.02816,0,0,1.29826,0.270104,1.028160,1,0,30.7056,0,0,0,30.7056,0
62.8753,3.07922,0,0,1.60991,0.0732341,0.36288,3.6288,61.308,0.0945507,0,0,0.608245,0.305485,0.208209,0.66528,12.849,1,0.610751,0.36288,0,30.6559,5.8164,24.5917,0.84672,12.849,0.84672,3695.15,0,0,0,0.231371,1.55884,3.71787,1.53725,3.97083,0.42336,0,0.42336,460.49,0,1.02816,0,0,1.25953,0.231371,1.028160,1,0,28.7707,0,0,0,28.7707,0
60.8369,3.26862,0,0,1.67292,0.0798198,0.36288,3.6288,61.3009,0.243235,0,0,0.558759,0.322666,0,0.66528,12.849,1,0.667965,0.36288,0,27.1699,6.01089,20.8539,0.84672,12.849,0.84672,3695.15,0,0,0,0.227405,1.55891,3.64489,1.49396,3.93724,0.42336,0,0.42336,460.49,0,0.97619,0,0,1.2036,0.227405,1.028160,1,0,24.7911,0,0,0,24.7911,0
59.1701,3.25028,0,0,2.0317,0.0852924,0.36288,3.6288,61.308,0.191319,0,0,0.655501,0.328955,0.128085,0.66528,12.849,1,0.686473,0.36288,0,31.254,6.01933,24.9111,0.84672,12.849,0.84672,3695.15,0,0,0,0.408594,1.67984,3.88727,1.48835,4.48736,0.42336,0,0.42336,460.49,0,1.02816,0,0,1.43675,0.408594,1.028160,1,0,29.5265,0,0,0,29.5265,0
57.0996,3.23454,0,0,1.61093,0.083996,0.36288,3.6288,61.1262,0.344863,0,0,0.492009,0.32897,0,0.66528,12.849,1,0.702392,0.36288,0,34.318,6.01933,27.9591,0.84672,12.849,0.84672,3695.15,0,0,0,0.204422,1.67992,3.1212,1.48835,3.51719,0.42336,0,0.42336,460.49,0,0.87467,0,0,1.07909,0.204422,1.028160,1,0,31.4763,0,0,0,31.4763,0
55.3985,3.21389,0,0,1.95801,0.0823195,0.36288,3.6288,61.308,0.191427,0,0,0.79102,0.328592,0.0891768,0.66528,12.849,1,0.723215,0.36288,0,29.9148,6.01933,23.5351,0.84672,12.849,0.84672,3695.15,0,0,0,0.760916,1.67999,4.49723,1.48835,5.44979,0.42336,0,0.42336,460.49,0,1.02816,0,0,1.78908,0.760916,1.028160,1,0,29.0741,0,0,0,29.0741,0
54.1705,3.19601,0,0,2.38402,0.0531927,0.36288,3.6288,61.308,0.191481,0,0,0.71848,0.355579,0.171419,0.66528,12.849,1,0.741274,0.36288,0,40.128,6.3424,33.4072,0.84672,12.849,0.84672,3695.15,0,0,0,0.979612,1.68007,5.66899,1.54501,6.78366,0.42336,0,0.42336,460.49,0,1.02816,0,0,2.00777,0.979612,1.028160,1,0,40.3623,0,0,0,40.3623,0
53.896,3.08546,0,0,3.28447,0.110595,0.36288,3.6288,61.308,0.13285,0,0,1.00701,0.330218,0.543941,0.66528,12.849,1,0.731858,0.36288,0,50.4735,5.31257,44.792,0.84672,12.849,0.84672,3695.15,0,0,0,1.99404,1.68014,7.2506,1.3119,9.61289,0.42336,0,0.42336,460.49,0,1.02816,0,0,3.0222,1.99404,1.028160,1,0,54.9488,0,0,0,54.9488,0
54.0813,3.08259,0,0,3.77252,0.141781,0.36288,3.6288,61.308,0.132902,0,0,1.37435,0.323266,0.91818,0.66528,12.849,1,0.7349,0.36288,0,51.0066,5.09219,45.5424,0.84672,12.849,0.84672,3695.15,0,0,0,2.70941,1.61236,10.0548,1.28683,13.0897,0.42336,0,0.42336,460.49,0,1.02816,0,0,3.73757,2.70941,1.028160,1,0,59.5503,0,0,0,59.5503,0
54.1037,3.08476,0,0,3.61211,0.142048,0.36288,3.6288,61.308,0.132953,0,0,1.34798,0.323266,0.891759,0.66528,12.849,1,0.732898,0.36288,0,68.0089,5.09219,62.5467,0.84672,12.849,0.84672,3695.15,0,0,0,2.60761,1.61243,10.0524,1.28683,12.9856,0.42336,0,0.42336,460.49,0,1.02816,0,0,3.63577,2.60761,1.028160,1,0,76.424,0,0,0,76.424,0
54.6543,3.08514,0,0,4.14069,0.14208,0.36288,3.6288,61.308,0.133004,0,0,1.85772,0.323266,1.40145,0.66528,12.849,1,0.732685,0.36288,0,152.883,5.09219,147.421,0.84672,12.849,0.84672,3695.15,0,0,0,3.51889,1.6125,13.5825,1.28683,17.4271,0.42336,0,0.42336,460.49,0,1.02816,0,0,4.54705,3.51889,1.028160,1,0,166.25,0,0,0,166.25,0
54.4637,3.0114,0,0,3.35441,0.170776,0.36288,3.6288,61.308,0.0796282,0,0,1.92669,0.162035,1.68502,0.66528,12.849,1,0.707967,0.36288,0,123.226,3.92868,118.953,0.84672,12.849,0.84672,3695.15,0,0,0,2.39326,1.61258,8.54738,0.98106,11.5722,0.42336,0,0.42336,460.49,0,1.02816,0,0,3.42142,2.39326,1.028160,1,0,132.21,0,0,0,132.21,0
54.4712,3.00953,0,0,3.55035,0.170448,0.36288,3.6288,61.308,0.0796772,0,0,1.73952,0.162035,1.49781,0.66528,12.849,1,0.710004,0.36288,0,90.0141,3.92868,85.7383,0.84672,12.849,0.84672,3695.15,0,0,0,1.94944,1.55289,10.3556,0.98106,12.8769,0.42336,0,0.42336,460.49,0,1.02816,0,0,2.9776,1.94944,1.028160,1,0,100.113,0,0,0,100.113,0
56.4567,3.00974,0,0,5.52864,0.170461,0.36288,3.6288,61.308,0.0797262,0,0,1.91039,0.162035,1.66863,0.66528,12.849,1,0.709956,0.36288,0,138.461,3.92868,134.185,0.84672,12.849,0.84672,3695.15,0,0,0,2.64883,1.55295,15.0959,0.98106,18.3166,0.42336,0,0.42336,460.49,0,1.02816,0,0,3.67699,2.64883,1.028160,1,0,154.171,0,0,0,154.171,0
62.2874,3.03021,0,0,9.43747,0.213717,0.36288,3.6288,61.308,0.0797752,0,0,5.48753,0.209207,5.19855,0.66528,12.849,1,0.689647,0.36288,0,368.844,4.6611,363.856,0.84672,12.849,0.84672,3695.15,0,0,0,11.6054,1.55302,36.2091,1.23261,48.135,0.42336,0,0.42336,460.49,0,1.02816,0,0,12.6336,11.6054,1.028160,1,0,417.19,0,0,0,417.19,0
63.6382,2.85162,0,0,4.83579,0.270518,0.36288,3.6288,61.308,0,0,0,2.86186,0.211563,2.6503,0.66528,12.849,1,0.588248,0.36288,0,195.655,4.69487,190.735,0.84672,12.849,0.84672,3695.15,0,0,0,3.77713,1.55309,23.7542,1.18219,27.9022,0.42336,0,0.42336,460.49,0,0.996691,0,0,4.77382,3.77713,1.028160,1,0,221.288,0,0,0,221.288,0
63.7117,2.86213,0,0,3.57756,0.27896,0.36288,3.6288,61.308,0,0,0,2.63704,0.198354,2.43869,0.66528,12.849,1,0.577885,0.36288,0,92.2467,4.48864,87.543,0.84672,12.849,0.84672,3695.15,0,0,0,3.40118,1.41467,16.9288,1.08656,20.6581,0.42336,0,0.42336,460.49,0,0.996735,0,0,4.39792,3.40118,1.028160,1,0,110.64,0,0,0,110.64,0
65.3683,2.86281,0,0,5.1499,0.267639,0.36288,3.6288,61.308,0,0,0,2.77415,0.189053,2.5851,0.66528,12.849,1,0.577355,0.36288,0,99.6261,4.16707,95.2446,0.84672,12.849,0.84672,3695.15,0,0,0,3.41892,1.41474,22.6462,1.04639,26.4335,0.42336,0,0.42336,460.49,0,0.996779,0,0,4.4157,3.41892,1.028160,1,0,124.263,0,0,0,124.263,0
66.4474,2.87517,0,0,4.56103,0.243918,0.36288,3.6288,61.308,0,0,0,2.70122,0.19743,2.50379,0.66528,12.849,1,0.565152,0.36288,0,145.528,3.56004,141.766,0.84672,12.849,0.84672,3695.15,0,0,0,3.42691,1.4148,19.7237,0.779869,23.7855,0.42336,0,0.42336,460.49,0,0.996823,0,0,4.42373,3.42691,1.028160,1,0,168.055,0,0,0,168.055,0
67.7777,2.88299,0,0,4.82247,0.2463,0.36288,3.6288,61.308,0,0,0,2.2907,0.202389,2.08831,0.66528,12.849,1,0.557486,0.36288,0,130.298,3.35483,126.749,0.84672,12.849,0.84672,3695.15,0,0,0,3.64404,1.41486,16.0868,0.747618,20.3981,0.42336,0,0.42336,460.49,0,0.996867,0,0,4.64091,3.64404,1.028160,1,0,149.235,0,0,0,149.235,0
67.2807,2.98291,0,0,3.11947,0.270669,0.36288,3.6288,61.308,0.000980711,0,0,1.56306,0.224046,1.33804,0.66528,12.849,1,0.565487,0.36288,0,98.7345,3.56685,94.965,0.84672,12.849,0.84672,3695.15,0,0,0,2.39092,1.41492,12.0241,1.03719,14.7928,0.42336,0,0.42336,460.49,0,1.02816,0,0,3.41908,2.39092,1.028160,1,0,111.096,0,0,0,111.096,0
67.7878,2.97951,0,0,4.11914,0.269612,0.36288,3.6288,61.308,0.00101731,0,0,1.73636,0.224046,1.5113,0.66528,12.849,1,0.569014,0.36288,0,90.6267,3.56685,86.8537,0.84672,12.849,0.84672,3695.15,0,0,0,3.04992,1.46008,11.8472,1.03719,15.32,0.42336,0,0.42336,460.49,0,1.02816,0,0,4.07808,3.04992,1.028160,1,0,103.685,0,0,0,103.685,0
66.7371,2.98319,0,0,2.56602,0.270691,0.36288,3.6288,61.308,0.00105379,0,0,1.33411,0.224046,1.10901,0.66528,12.849,1,0.565455,0.36288,0,70.0764,3.56685,66.307,0.84672,12.849,0.84672,3695.15,0,0,0,1.90879,1.46013,14.6823,1.03719,17.014,0.42336,0,0.42336,460.49,0,1.02816,0,0,2.93695,1.90879,1.028160,1,0,84.4301,0,0,0,84.4301,0
67.9752,2.97583,0,0,4.85425,0.277484,0.36288,3.6288,61.308,0.00109038,0,0,2.8337,0.188075,2.64453,0.66528,12.849,1,0.572941,0.36288,0,126.866,3.32949,123.327,0.84672,12.849,0.84672,3695.15,0,0,0,3.81009,1.46019,11.928,0.98054,16.2177,0.42336,0,0.42336,460.49,0,1.02816,0,0,4.83825,3.81009,1.028160,1,0,142.189,0,0,0,142.189,0
67.624,3.27583,0,0,3.58868,0.301118,0.36288,3.6288,61.308,0.122149,0,0,1.29759,0.176674,0.998766,0.66528,12.849,1,0.619214,0.36288,0,92.111,2.87517,88.9795,0.84672,12.849,0.84672,3695.15,0,0,0,2.01184,1.46024,7.24421,0.770697,9.94559,0.42336,0,0.42336,460.49,0,1.02816,0,0,3.04,2.01184,1.028160,1,0,99.9239,0,0,0,99.9239,0
66.713,3.27325,0,0,3.0252,0.300123,0.36288,3.6288,61.308,0.12219,0,0,1.25161,0.184803,0.944615,0.66528,12.849,1,0.621938,0.36288,0,77.2796,2.96016,74.0604,0.84672,12.849,0.84672,3695.15,0,0,0,1.9641,1.61866,6.86894,0.783801,9.6679,0.42336,0,0.42336,460.49,0,1.02816,0,0,2.99226,1.9641,1.028160,1,0,84.6729,0,0,0,84.6729,0
66.2431,3.26624,0,0,3.43609,0.276796,0.36288,3.6288,61.308,0.122231,0,0,1.28721,0.204368,0.960614,0.66528,12.849,1,0.629083,0.36288,0,78.6594,4.06373,74.3295,0.84672,12.849,0.84672,3695.15,0,0,0,2.19805,1.61872,7.77177,1.16988,10.4187,0.42336,0,0.42336,460.49,0,1.02816,0,0,3.22621,2.19805,1.028160,1,0,85.7088,0,0,0,85.7088,0
65.7285,3.26262,0,0,3.35262,0.241726,0.36288,3.6288,61.308,0.122272,0,0,1.3534,0.214282,1.01684,0.66528,12.849,1,0.632842,0.36288,0,84.7161,3.63337,80.8127,0.84672,12.849,0.84672,3695.15,0,0,0,2.61404,1.61878,8.924,0.921581,12.2352,0.42336,0,0.42336,460.49,0,1.02816,0,0,3.6422,2.61404,1.028160,1,0,94.0648,0,0,0,94.0648,0
68.9934,2.84555,0,0,6.79015,0.316812,0.36288,3.6288,61.308,0,0,0,2.73477,0.189646,2.54512,0.66528,12.849,1,0.556264,0.36288,0,110.61,3.91444,106.502,0.84672,12.849,0.84672,3695.15,0,0,0,5.23283,1.61883,12.8954,0.917226,18.8298,0.42336,0,0.42336,460.49,0,0.988036,0,0,6.22087,5.23283,1.028160,1,0,127.877,0,0,0,127.877,0
72.0963,2.86784,0,0,6.67258,0.338976,0.36288,3.6288,61.308,0,0,0,1.98291,0.185114,1.79779,0.66528,12.849,1,0.534092,0.36288,0,93.1539,3.97677,89.0059,0.84672,12.849,0.84672,3695.15,0,0,0,3.77028,1.40086,10.1847,0.924954,14.4308,0.42336,0,0.42336,460.49,0,0.988071,0,0,4.75835,3.77028,1.028160,1,0,105.235,0,0,0,105.235,0
73.1779,2.88745,0,0,4.6791,0.347162,0.36288,3.6288,61.308,0,0,0,1.56668,0.185114,1.38157,0.66528,12.849,1,0.514601,0.36288,0,94.176,3.97677,90.0475,0.84672,12.849,0.84672,3695.15,0,0,0,2.78867,1.40091,8.62618,0.924954,11.8908,0.42336,0,0.42336,460.49,0,0.988107,0,0,3.77678,2.78867,1.028160,1,0,103.32,0,0,0,103.32,0
73.7035,2.89402,0,0,4.19749,0.414973,0.36288,3.6288,61.308,0,0,0,1.04126,0.161048,0.88021,0.66528,12.849,1,0.508149,0.36288,0,79.0767,3.62799,75.3035,0.84672,12.849,0.84672,3695.15,0,0,0,1.9166,1.40096,7.61573,0.874852,10.0584,0.42336,0,0.42336,460.49,0,0.988142,0,0,2.90474,1.9166,1.028160,1,0,86.2421,0,0,0,86.2421,0
76.0918,2.89721,0,0,6.06146,0.413087,0.36288,3.6288,61.308,0,0,0,2.00975,0.171552,1.8382,0.66528,12.849,1,0.505081,0.36288,0,121.063,3.81519,117.105,0.84672,12.849,0.84672,3695.15,0,0,0,3.98129,1.40101,9.93617,0.926693,14.3918,0.42336,0,0.42336,460.49,0,0.988177,0,0,4.96947,3.98129,1.028160,1,0,133.335,0,0,0,133.335,0
79.1567,3.01724,0,0,6.92669,0.481681,0.36288,3.6288,61.308,0,0,0,1.93038,0.209623,1.72076,0.66528,12.849,1,0.509496,0.36288,0,135.359,4.41357,130.799,0.84672,12.849,0.84672,3695.15,0,0,0,4.28425,1.40106,11.82,1.04592,16.4593,0.42336,0,0.42336,460.49,0,1.02796,0,0,5.31221,4.28425,1.028160,1,0,148.979,0,0,0,148.979,0
81.5593,3.03432,0,0,6.2571,0.457285,0.36288,3.6288,61.308,0,0,0,1.51537,0.209639,1.30573,0.66528,12.849,1,0.492541,0.36288,0,97.3115,4.34061,92.8412,0.84672,12.849,0.84672,3695.15,0,0,0,3.32416,1.45511,9.03174,1.04195,12.7691,0.42336,0,0.42336,460.49,0,1.02799,0,0,4.35216,3.32416,1.028160,1,0,106.916,0,0,0,106.916,0
83.6312,3.04696,0,0,5.84924,0.367513,0.36288,3.6288,61.308,0,0,0,1.37186,0.209682,1.16218,0.66528,12.849,1,0.480023,0.36288,0,91.0725,4.15821,86.7972,0.84672,12.849,0.84672,3695.15,0,0,0,2.60411,1.45516,10.2075,1.03203,13.2347,0.42336,0,0.42336,460.49,0,1.02803,0,0,3.63214,2.60411,1.028160,1,0,101.194,0,0,0,101.194,0
85.362,3.05738,0,0,5.5195,0.368417,0.36288,3.6288,61.308,0,0,0,1.31087,0.210739,1.10013,0.66528,12.849,1,0.469732,0.36288,0,92.0661,4.18401,87.7752,0.84672,12.849,0.84672,3695.15,0,0,0,2.52461,1.45521,8.78308,1.03034,11.7326,0.42336,0,0.42336,460.49,0,1.02807,0,0,3.55267,2.52461,1.028160,1,0,100.608,0,0,0,100.608,0
86.8364,3.02351,0,0,5.1963,0.33553,0.36288,3.6288,61.308,0,0,0,1.27175,0.217084,1.05466,0.66528,12.849,1,0.455109,0.36288,0,96.8846,4.33881,92.4536,0.84672,12.849,0.84672,3695.15,0,0,0,3.2285,1.45526,11.2338,1.02019,14.8974,0.42336,0,0.42336,460.49,0,1.01266,0,0,4.24117,3.2285,1.028160,1,0,108.406,0,0,0,108.406,0
87.7992,3.03035,0,0,4.69609,0.340093,0.36288,3.6288,61.308,0,0,0,1.15971,0.217084,0.942629,0.66528,12.849,1,0.448394,0.36288,0,96.6047,4.33881,92.1804,0.84672,12.849,0.84672,3695.15,0,0,0,2.51105,1.43428,9.03735,1.02019,11.9625,0.42336,0,0.42336,460.49,0,1.0127,0,0,3.52375,2.51105,1.028160,1,0,105.086,0,0,0,105.086,0
88.4682,3.03474,0,0,4.40966,0.343072,0.36288,3.6288,61.308,0,0,0,1.06722,0.217084,0.850138,0.66528,12.849,1,0.444121,0.36288,0,86.4812,4.33881,82.0612,0.84672,12.849,0.84672,3695.15,0,0,0,1.93255,1.43433,8.34278,1.02019,10.6895,0.42336,0,0.42336,460.49,0,1.01274,0,0,2.94529,1.93255,1.028160,1,0,93.6008,0,0,0,93.6008,0
88.7848,3.03779,0,0,4.03066,0.313364,0.36288,3.6288,61.308,0,0,0,0.990792,0.229897,0.760895,0.66528,12.849,1,0.441204,0.36288,0,78.9549,4.6188,74.2578,0.84672,12.849,0.84672,3695.15,0,0,0,1.83688,1.43438,7.12567,1.05944,9.33749,0.42336,0,0.42336,460.49,0,1.01277,0,0,2.84965,1.83688,1.028160,1,0,84.3562,0,0,0,84.3562,0
88.831,3.18344,0,0,3.86618,0.273664,0.36288,3.6288,61.308,0.0394059,0,0,1.15959,0.244014,0.876172,0.66528,12.849,1,0.46071,0.36288,0,63.8543,4.26232,59.4941,0.84672,12.849,0.84672,3695.15,0,0,0,2.83665,1.43443,7.87372,0.955823,11.189,0.42336,0,0.42336,460.49,0,1.02816,0,0,3.86481,2.83665,1.028160,1,0,71.5593,0,0,0,71.5593,0
89.0787,3.18376,0,0,4.0548,0.26048,0.36288,3.6288,61.308,0.0394438,0,0,1.21374,0.244287,0.930008,0.66528,12.849,1,0.460517,0.36288,0,60.8823,4.23749,56.5472,0.84672,12.849,0.84672,3695.15,0,0,0,2.05464,1.50772,7.20308,0.956933,9.8085,0.42336,0,0.42336,460.49,0,1.02816,0,0,3.0828,2.05464,1.028160,1,0,67.2857,0,0,0,67.2857,0
88.7208,3.185,0,0,3.43906,0.249002,0.36288,3.6288,61.308,0.0394817,0,0,0.980303,0.244745,0.696076,0.66528,12.849,1,0.459414,0.36288,0,61.8036,4.31052,57.3966,0.84672,12.849,0.84672,3695.15,0,0,0,1.87773,1.50777,6.89766,0.984433,9.29872,0.42336,0,0.42336,460.49,0,1.02816,0,0,2.90589,1.87773,1.028160,1,0,67.3914,0,0,0,67.3914,0
88.1508,3.18349,0,0,3.15243,0.176107,0.36288,3.6288,61.308,0.0395196,0,0,0.8673,0.247495,0.580286,0.66528,12.849,1,0.461049,0.36288,0,59.8431,4.74873,54.9962,0.84672,12.849,0.84672,3695.15,0,0,0,1.48902,1.50782,6.42703,1.14943,8.27443,0.42336,0,0.42336,460.49,0,1.02816,0,0,2.51718,1.48902,1.028160,1,0,63.8509,0,0,0,63.8509,0
87.0683,3.181,0,0,2.63444,0.173011,0.36288,3.6288,61.308,0.0395576,0,0,0.825267,0.244437,0.541272,0.66528,12.849,1,0.463668,0.36288,0,43.6166,4.71984,38.796,0.84672,12.849,0.84672,3695.15,0,0,0,1.05335,1.50788,5.29547,1.13996,6.71675,0.42336,0,0.42336,460.49,0,1.02816,0,0,2.08151,1.05335,1.028160,1,0,46.054,0,0,0,46.054,0
85.3698,3.14764,0,0,1.98043,0.168425,0.36288,3.6288,61.308,0.0696966,0,0,0.706242,0.240361,0.396185,0.66528,12.849,1,0.46451,0.36288,0,30.6907,4.68132,25.9077,0.84672,12.849,0.84672,3695.15,0,0,0,0.484618,1.50793,3.56215,1.12732,4.42738,0.42336,0,0.42336,460.49,0,1.02816,0,0,1.51278,0.484618,1.028160,1,0,30.7313,0,0,0,30.7313,0
83.5025,3.13972,0,0,1.80109,0.165827,0.36288,3.6288,61.308,0.0697356,0,0,0.688686,0.240361,0.37859,0.66528,12.849,1,0.472559,0.36288,0,30.0902,4.68132,25.2992,0.84672,12.849,0.84672,3695.15,0,0,0,0.465013,1.52512,3.41318,1.12732,4.276,0.42336,0,0.42336,460.49,0,1.02816,0,0,1.49317,0.465013,1.028160,1,0,29.9538,0,0,0,29.9538,0
81.4807,3.13068,0,0,1.63478,0.162972,0.36288,3.6288,61.308,0.0697746,0,0,0.646099,0.240361,0.335964,0.66528,12.849,1,0.481735,0.36288,0,26.8127,4.68132,22.0125,0.84672,12.849,0.84672,3695.15,0,0,0,0.296637,1.52518,3.30179,1.12732,3.99629,0.42336,0,0.42336,460.49,0,1.02816,0,0,1.3248,0.296637,1.028160,1,0,26.3448,0,0,0,26.3448,0
79.4382,3.12046,0,0,1.55096,0.110205,0.36288,3.6288,61.308,0.0698136,0,0,0.606053,0.317144,0.219095,0.66528,12.849,1,0.492077,0.36288,0,24.1178,5.66937,18.3192,0.84672,12.849,0.84672,3695.15,0,0,0,0.301813,1.52523,3.12916,1.48797,3.46823,0.42336,0,0.42336,460.49,0,1.02816,0,0,1.32997,0.301813,1.028160,1,0,22.0065,0,0,0,22.0065,0
77.2657,3.18226,0,0,1.50136,0.128691,0.36288,3.6288,61.308,0.0966831,0,0,0.665868,0.310229,0.258956,0.66528,12.849,1,0.514725,0.36288,0,26.8296,5.735,20.9428,0.84672,12.849,0.84672,3695.15,0,0,0,0.574811,1.52528,3.28795,1.47053,3.91752,0.42336,0,0.42336,460.49,0,1.02816,0,0,1.60297,0.574811,1.028160,1,0,25.1193,0,0,0,25.1193,0
74.9734,3.16996,0,0,1.36655,0.125963,0.36288,3.6288,61.308,0.0967231,0,0,0.549205,0.310229,0.142253,0.66528,12.849,1,0.527153,0.36288,0,21.6098,5.735,15.7106,0.84672,12.849,0.84672,3695.15,0,0,0,0.609431,1.56187,3.05525,1.47053,3.75602,0.42336,0,0.42336,460.49,0,1.02816,0,0,1.63759,0.609431,1.028160,1,0,19.6089,0,0,0,19.6089,0
72.574,3.15631,0,0,1.24289,0.123086,0.36288,3.6288,61.308,0.096763,0,0,0.511467,0.310229,0.104475,0.66528,12.849,1,0.540931,0.36288,0,20.1452,5.735,14.2322,0.84672,12.849,0.84672,3695.15,0,0,0,0.354197,1.56192,2.72284,1.47053,3.16843,0.42336,0,0.42336,460.49,0,1.02816,0,0,1.38236,0.354197,1.028160,1,0,17.5051,0,0,0,17.5051,0
70.3135,3.14123,0,0,1.3535,0.10989,0.36288,3.6288,61.308,0.0968029,0,0,0.603723,0.308429,0.198491,0.66528,12.849,1,0.556145,0.36288,0,20.2406,5.84313,14.2042,0.84672,12.849,0.84672,3695.15,0,0,0,0.713889,1.56198,3.84991,1.49644,4.62933,0.42336,0,0.42336,460.49,0,1.02816,0,0,1.74205,0.713889,1.028160,1,0,19.032,0,0,0,19.032,0
67.7136,3.33501,0,0,1.1879,0.09001,0.36288,3.6288,61.308,0.193701,0,0,0.572689,0.303287,0.0757011,0.66528,12.849,1,0.609435,0.36288,0,19.7794,6.16189,13.3709,0.84672,12.849,0.84672,3695.15,0,0,0,0.758393,1.56203,3.56829,1.56615,4.32257,0.42336,0,0.42336,460.49,0,1.02816,0,0,1.78655,0.758393,1.028160,1,0,17.7692,0,0,0,17.7692,0
64.8342,3.31546,0,0,0.902647,0.103628,0.36288,3.6288,61.2832,0.193744,0,0,0.49009,0.321129,0,0.66528,12.849,1,0.629126,0.36288,0,18.3231,6.30693,11.7499,0.84672,12.849,0.84672,3695.15,0,0,0,0.613051,1.6832,3.35153,1.58027,4.06751,0.42336,0,0.42336,460.49,0,1.02816,0,0,1.64121,0.613051,1.028160,1,0,15.8174,0,0,0,15.8174,0
62.0389,3.29226,0,0,0.96107,0.101282,0.36288,3.6288,61.2544,0.193788,0,0,0.486083,0.321079,0,0.66528,12.849,1,0.652468,0.36288,0,17.1164,6.30693,10.5198,0.84672,12.849,0.84672,3695.15,0,0,0,0.587693,1.68326,3.53236,1.58027,4.22304,0.42336,0,0.42336,460.49,0,1.02816,0,0,1.61585,0.587693,1.028160,1,0,14.7429,0,0,0,14.7429,0
59.7421,3.26802,0,0,1.44251,0.108394,0.36288,3.6288,61.308,0.193831,0,0,0.578783,0.318875,0.0125104,0.66528,12.849,1,0.676846,0.36288,0,25.2753,6.24756,18.7138,0.84672,12.849,0.84672,3695.15,0,0,0,0.906984,1.68332,3.75388,1.57299,4.77119,0.42336,0,0.42336,460.49,0,1.02816,0,0,1.93514,0.906984,1.028160,1,0,23.4975,0,0,0,23.4975,0
58.3312,3.24672,0,0,2.32781,0.129064,0.36288,3.6288,61.308,0.193874,0,0,0.830733,0.30389,0.332968,0.66528,12.849,1,0.698287,0.36288,0,30.6583,6.14317,24.1797,0.84672,12.849,0.84672,3695.15,0,0,0,1.09521,1.68338,4.99937,1.54847,6.2295,0.42336,0,0.42336,460.49,0,1.02816,0,0,2.12337,1.09521,1.028160,1,0,30.7421,0,0,0,30.7421,0
56.4479,3.13435,0,0,1.75598,0.14214,0.36288,3.6288,61.308,0.135118,0,0,0.769738,0.286106,0.348513,0.66528,12.849,1,0.690424,0.36288,0,29.8092,5.98594,23.4957,0.84672,12.849,0.84672,3695.15,0,0,0,1.09727,1.68344,4.9167,1.53628,6.16113,0.42336,0,0.42336,460.49,0,1.02816,0,0,2.12543,1.09727,1.028160,1,0,30.0054,0,0,0,30.0054,0
56.1489,3.1157,0,0,3.31916,0.139538,0.36288,3.6288,61.308,0.13516,0,0,1.31928,0.286106,0.898019,0.66528,12.849,1,0.709214,0.36288,0,35.5376,5.98594,29.2053,0.84672,12.849,0.84672,3695.15,0,0,0,2.98643,1.61551,8.42811,1.53628,11.4938,0.42336,0,0.42336,460.49,0,1.02816,0,0,4.01459,2.98643,1.028160,1,0,41.5971,0,0,0,41.5971,0
54.0225,3.11274,0,0,1.48831,0.139125,0.36288,3.6288,61.308,0.135201,0,0,0.748475,0.286106,0.327167,0.66528,12.849,1,0.712312,0.36288,0,27.0212,5.98594,20.6858,0.84672,12.849,0.84672,3695.15,0,0,0,1.024,1.61557,4.33361,1.53628,5.4369,0.42336,0,0.42336,460.49,0,1.02816,0,0,2.05216,1.024,1.028160,1,0,26.4499,0,0,0,26.4499,0
52.2746,3.09019,0,0,1.86398,0.158769,0.36288,3.6288,61.308,0.135242,0,0,0.947134,0.283506,0.528386,0.66528,12.849,1,0.734989,0.36288,0,25.7796,5.80548,19.602,0.84672,12.849,0.84672,3695.15,0,0,0,1.11629,1.61563,5.30175,1.50912,6.52454,0.42336,0,0.42336,460.49,0,1.02816,0,0,2.14445,1.11629,1.028160,1,0,26.6549,0,0,0,26.6549,0
50.2811,2.99126,0,0,1.54163,0.181009,0.36288,3.6288,61.308,0.0817537,0,0,0.657977,0.243432,0.332792,0.66528,12.849,1,0.735245,0.36288,0,25.0917,4.34007,20.3792,0.84672,12.849,0.84672,3695.15,0,0,0,0.631601,1.61568,3.7587,0.991459,5.01453,0.42336,0,0.42336,460.49,0,1.02816,0,0,1.65976,0.631601,1.028160,1,0,25.7266,0,0,0,25.7266,0
48.3221,2.96814,0,0,1.61462,0.242526,0.36288,3.6288,61.308,0.0965331,0,0,0.451297,0.223473,0.131291,0.66528,12.849,1,0.75849,0.36288,0,29.7407,4.26657,25.0785,0.84672,12.849,0.84672,3695.15,0,0,0,0.216518,1.55587,3.03644,1.04456,3.76427,0.42336,0,0.42336,460.49,0,1.01342,0,0,1.22994,0.216518,1.028160,1,0,28.9741,0,0,0,28.9741,0
46.4404,2.94396,0,0,1.66254,0.237487,0.36288,3.6288,61.308,0.0818325,0,0,0.658226,0.223473,0.352921,0.66528,12.849,1,0.782807,0.36288,0,30.1746,4.26657,25.4881,0.84672,12.849,0.84672,3695.15,0,0,0,1.40264,1.55592,4.17816,1.04456,6.09216,0.42336,0,0.42336,460.49,0,1.02816,0,0,2.4308,1.40264,1.028160,1,0,31.9332,0,0,0,31.9332,0
47.5853,2.91922,0,0,4.65967,0.232627,0.36288,3.6288,61.308,0.081872,0,0,1.97079,0.223473,1.66545,0.66528,12.849,1,0.807681,0.36288,0,93.4622,4.26657,88.7509,0.84672,12.849,0.84672,3695.15,0,0,0,3.90544,1.55598,8.67382,1.04456,13.0907,0.42336,0,0.42336,460.49,0,1.02816,0,0,4.9336,3.90544,1.028160,1,0,103.507,0,0,0,103.507,0
46.8463,2.71361,0,0,2.57226,0.23473,0.36288,3.6288,61.308,0,0,0,1.09552,0.197122,0.898396,0.66528,12.849,1,0.73273,0.36288,0,70.2975,3.99075,65.9369,0.84672,12.849,0.84672,3695.15,0,0,0,1.04145,1.55603,4.94455,0.965546,6.57648,0.42336,0,0.42336,460.49,0,0.998568,0,0,2.04002,1.04145,1.028160,1,0,73.4118,0,0,0,73.4118,0
45.4539,2.70464,0,0,1.90731,0.232193,0.36288,3.6288,61.308,0,0,0,0.685498,0.177358,0.508139,0.66528,12.849,1,0.741827,0.36288,0,35.5976,3.78388,31.4347,0.84672,12.849,0.84672,3695.15,0,0,0,0.736274,1.41734,3.97549,0.906288,5.22281,0.42336,0,0.42336,460.49,0,0.998604,0,0,1.73488,0.736274,1.028160,1,0,37.1657,0,0,0,37.1657,0
46.6494,2.68702,0,0,4.47402,0.22862,0.36288,3.6288,61.308,0,0,0,1.36511,0.177358,1.18775,0.66528,12.849,1,0.759571,0.36288,0,52.9051,3.78388,48.7245,0.84672,12.849,0.84672,3695.15,0,0,0,1.8605,1.41739,6.65943,0.906288,9.03103,0.42336,0,0.42336,460.49,0,0.998639,0,0,2.85914,1.8605,1.028160,1,0,58.9433,0,0,0,58.9433,0
50.9009,2.70238,0,0,7.56337,0.246661,0.36288,3.6288,61.308,0,0,0,2.6905,0.195028,2.49547,0.66528,12.849,1,0.744335,0.36288,0,156.678,4.11936,152.177,0.84672,12.849,0.84672,3695.15,0,0,0,3.78971,1.41744,13.1376,0.955532,17.3892,0.42336,0,0.42336,460.49,0,0.998675,0,0,4.78838,3.78971,1.028160,1,0,172.062,0,0,0,172.062,0
53.5867,2.75211,0,0,6.07779,0.276957,0.36288,3.6288,61.308,0,0,0,1.94453,0.220148,1.72438,0.66528,12.849,1,0.69472,0.36288,0,181.079,4.59105,176.156,0.84672,12.849,0.84672,3695.15,0,0,0,3.50891,1.41749,11.3149,1.0467,15.1946,0.42336,0,0.42336,460.49,0,0.99871,0,0,4.50762,3.50891,1.028160,1,0,193.075,0,0,0,193.075,0
57.0295,2.86738,0,0,6.93872,0.265668,0.36288,3.6288,61.308,0.00287447,0,0,3.53966,0.217892,3.31889,0.66528,12.849,1,0.68754,0.36288,0,126.818,4.61493,121.878,0.84672,12.849,0.84672,3695.15,0,0,0,6.32655,1.41754,15.5625,1.1115,22.1951,0.42336,0,0.42336,460.49,0,1.02816,0,0,7.35471,6.32655,1.028160,1,0,147.392,0,0,0,147.392,0
59.2531,2.90133,0,0,5.74823,0.260455,0.36288,3.6288,61.308,0.00290213,0,0,1.15481,0.188863,0.963049,0.66528,12.849,1,0.653683,0.36288,0,104.753,4.30878,100.154,0.84672,12.849,0.84672,3695.15,0,0,0,4.26742,1.46277,10.1196,0.890855,14.9589,0.42336,0,0.42336,460.49,0,1.02816,0,0,5.29558,4.26742,1.028160,1,0,116.075,0,0,0,116.075,0
60.5735,2.92157,0,0,4.87105,0.266155,0.36288,3.6288,61.308,0.00292966,0,0,1.00124,0.188863,0.809445,0.66528,12.849,1,0.633541,0.36288,0,88.5254,4.30878,83.946,0.84672,12.849,0.84672,3695.15,0,0,0,3.59904,1.46281,9.1597,0.890855,13.3307,0.42336,0,0.42336,460.49,0,1.02816,0,0,4.6272,3.59904,1.028160,1,0,98.0861,0,0,0,98.0861,0
61.5056,2.93304,0,0,4.49741,0.269456,0.36288,3.6288,61.308,0.00295732,0,0,0.961978,0.188863,0.770157,0.66528,12.849,1,0.622164,0.36288,0,81.2627,4.30878,76.6946,0.84672,12.849,0.84672,3695.15,0,0,0,3.42295,1.46285,8.93946,0.890855,12.9344,0.42336,0,0.42336,460.49,0,1.02816,0,0,4.45111,3.42295,1.028160,1,0,90.3992,0,0,0,90.3992,0
62.1119,3.22777,0,0,4.47244,0.275432,0.36288,3.6288,61.308,0.124226,0,0,1.25961,0.204445,0.930938,0.66528,12.849,1,0.674307,0.36288,0,83.8961,4.07448,79.5102,0.84672,12.849,0.84672,3695.15,0,0,0,2.79196,1.46289,8.80589,0.985175,12.0756,0.42336,0,0.42336,460.49,0,1.02816,0,0,3.82012,2.79196,1.028160,1,0,92.5167,0,0,0,92.5167,0
64.7928,3.23331,0,0,6.55547,0.278373,0.36288,3.6288,61.308,0.124257,0,0,1.6976,0.210678,1.36267,0.66528,12.849,1,0.668871,0.36288,0,129.749,3.98076,125.462,0.84672,12.849,0.84672,3695.15,0,0,0,2.87997,1.62158,8.77159,1.0229,12.2502,0.42336,0,0.42336,460.49,0,1.02816,0,0,3.90813,2.87997,1.028160,1,0,139.075,0,0,0,139.075,0
65.2779,3.2565,0,0,4.38893,0.28451,0.36288,3.6288,61.308,0.124288,0,0,1.5933,0.210678,1.25834,0.66528,12.849,1,0.645793,0.36288,0,101.297,3.98076,97.0334,0.84672,12.849,0.84672,3695.15,0,0,0,2.54271,1.62163,9.2175,1.0229,12.3589,0.42336,0,0.42336,460.49,0,1.02816,0,0,3.57087,2.54271,1.028160,1,0,110.651,0,0,0,110.651,0
66.1729,3.26059,0,0,4.79103,0.272527,0.36288,3.6288,61.308,0.124318,0,0,1.43564,0.179609,1.13171,0.66528,12.849,1,0.641801,0.36288,0,88.5194,3.71053,84.5299,0.84672,12.849,0.84672,3695.15,0,0,0,2.5409,1.62167,8.30581,0.913795,11.5546,0.42336,0,0.42336,460.49,0,1.02816,0,0,3.56906,2.5409,1.028160,1,0,97.2162,0,0,0,97.2162,0
66.1916,2.85372,0,0,3.51094,0.275651,0.36288,3.6288,61.308,0,0,0,1.38775,0.162493,1.22526,0.66528,12.849,1,0.554115,0.36288,0,76.7889,3.58304,73.0146,0.84672,12.849,0.84672,3695.15,0,0,0,1.5764,1.62171,6.49058,0.843463,8.84523,0.42336,0,0.42336,460.49,0,0.989785,0,0,2.56618,1.5764,1.028160,1,0,83.0851,0,0,0,83.0851,0
66.6827,2.85392,0,0,3.99116,0.283194,0.36288,3.6288,61.308,0,0,0,1.43395,0.172216,1.26174,0.66528,12.849,1,0.553999,0.36288,0,80.4082,3.67616,76.5409,0.84672,12.849,0.84672,3695.15,0,0,0,1.72779,1.40334,8.12343,0.873521,10.381,0.42336,0,0.42336,460.49,0,0.989812,0,0,2.7176,1.72779,1.028160,1,0,88.1837,0,0,0,88.1837,0
66.3294,2.85742,0,0,3.15125,0.284301,0.36288,3.6288,61.308,0,0,0,0.797161,0.172216,0.624945,0.66528,12.849,1,0.550593,0.36288,0,66.9021,3.67616,63.0382,0.84672,12.849,0.84672,3695.15,0,0,0,0.803065,1.40337,4.92284,0.873521,6.25576,0.42336,0,0.42336,460.49,0,0.989839,0,0,1.7929,0.803065,1.028160,1,0,69.9189,0,0,0,69.9189,0
65.5873,2.85504,0,0,2.75931,0.283505,0.36288,3.6288,61.308,0,0,0,0.887777,0.172216,0.715561,0.66528,12.849,1,0.553065,0.36288,0,61.5298,3.67616,57.6634,0.84672,12.849,0.84672,3695.15,0,0,0,0.72749,1.40341,4.3626,0.873521,5.61998,0.42336,0,0.42336,460.49,0,0.989865,0,0,1.71736,0.72749,1.028160,1,0,63.999,0,0,0,63.999,0
66.9121,2.84989,0,0,4.82602,0.288389,0.36288,3.6288,61.308,0,0,0,1.28929,0.182749,1.10654,0.66528,12.849,1,0.558312,0.36288,0,122.926,3.69511,119.035,0.84672,12.849,0.84672,3695.15,0,0,0,2.18833,1.40345,8.38827,0.938892,11.0412,0.42336,0,0.42336,460.49,0,0.989892,0,0,3.17822,2.18833,1.028160,1,0,131.183,0,0,0,131.183,0
66.585,2.96371,0,0,3.30743,0.308006,0.36288,3.6288,61.308,0.00157187,0,0,1.43873,0.209082,1.22808,0.66528,12.849,1,0.569114,0.36288,0,90.0081,3.74251,86.0593,0.84672,12.849,0.84672,3695.15,0,0,0,2.36179,1.40349,8.59334,1.10232,11.2563,0.42336,0,0.42336,460.49,0,1.02816,0,0,3.38995,2.36179,1.028160,1,0,98.5437,0,0,0,98.5437,0
66.2634,2.96144,0,0,3.31002,0.307208,0.36288,3.6288,61.308,0.00159941,0,0,1.3609,0.209082,1.15021,0.66528,12.849,1,0.571474,0.36288,0,99.1907,3.74251,95.2395,0.84672,12.849,0.84672,3695.15,0,0,0,2.7349,1.45762,8.76501,1.10232,11.8552,0.42336,0,0.42336,460.49,0,1.02816,0,0,3.76306,2.7349,1.028160,1,0,108.245,0,0,0,108.245,0
65.6201,2.9592,0,0,2.96773,0.288976,0.36288,3.6288,61.308,0.00162706,0,0,0.865728,0.228816,0.635285,0.66528,12.849,1,0.573812,0.36288,0,77.2088,3.99733,73.0005,0.84672,12.849,0.84672,3695.15,0,0,0,1.52085,1.45766,5.23964,1.17361,7.04454,0.42336,0,0.42336,460.49,0,1.02816,0,0,2.54901,1.52085,1.028160,1,0,80.6803,0,0,0,80.6803,0
64.4126,2.95457,0,0,2.35405,0.244098,0.36288,3.6288,61.308,0.00165472,0,0,0.856786,0.278152,0.576978,0.66528,12.849,1,0.578532,0.36288,0,62.8697,4.63438,58.0196,0.84672,12.849,0.84672,3695.15,0,0,0,1.45012,1.4577,6.4403,1.35182,7.99629,0.42336,0,0.42336,460.49,0,1.02816,0,0,2.47828,1.45012,1.028160,1,0,66.5929,0,0,0,66.5929,0
63.5892,2.90501,0,0,2.72322,0.278707,0.36288,3.6288,61.308,0,0,0,1.17382,0.253692,0.92013,0.66528,12.849,1,0.579491,0.36288,0,65.9491,4.10193,61.6306,0.84672,12.849,0.84672,3695.15,0,0,0,2.34302,1.45774,6.93416,1.17006,9.56487,0.42336,0,0.42336,460.49,0,1.01438,0,0,3.3574,2.34302,1.028160,1,0,72.1156,0,0,0,72.1156,0
62.2452,2.89885,0,0,2.19454,0.276855,0.36288,3.6288,61.308,0,0,0,0.978558,0.253692,0.724866,0.66528,12.849,1,0.585748,0.36288,0,53.5349,4.10193,49.2101,0.84672,12.849,0.84672,3695.15,0,0,0,1.87607,1.4367,5.59672,1.17006,7.73944,0.42336,0,0.42336,460.49,0,1.0144,0,0,2.89048,1.87607,1.028160,1,0,57.6744,0,0,0,57.6744,0
60.5815,2.88844,0,0,1.83851,0.250938,0.36288,3.6288,61.308,0,0,0,0.853641,0.251967,0.601674,0.66528,12.849,1,0.596248,0.36288,0,42.0784,4.1448,37.7002,0.84672,12.849,0.84672,3695.15,0,0,0,1.38264,1.43674,4.85971,1.15218,6.52691,0.42336,0,0.42336,460.49,0,1.01443,0,0,2.39707,1.38264,1.028160,1,0,44.8288,0,0,0,44.8288,0
58.7775,2.87501,0,0,1.62494,0.191056,0.36288,3.6288,61.308,0,0,0,0.771526,0.247655,0.523871,0.66528,12.849,1,0.609774,0.36288,0,39.4146,4.25197,34.9158,0.84672,12.849,0.84672,3695.15,0,0,0,1.13082,1.43678,4.27239,1.10748,5.73251,0.42336,0,0.42336,460.49,0,1.01446,0,0,2.14528,1.13082,1.028160,1,0,41.1722,0,0,0,41.1722,0
56.8444,2.99539,0,0,1.60968,0.184469,0.36288,3.6288,61.308,0.0411746,0,0,0.792789,0.244136,0.507479,0.66528,12.849,1,0.654804,0.36288,0,37.703,4.49222,32.9188,0.84672,12.849,0.84672,3695.15,0,0,0,1.32821,1.43682,4.27782,1.10637,5.93648,0.42336,0,0.42336,460.49,0,1.02816,0,0,2.35637,1.32821,1.028160,1,0,39.3628,0,0,0,39.3628,0
54.962,2.9773,0,0,1.63636,0.178539,0.36288,3.6288,61.308,0.0412034,0,0,0.802716,0.241496,0.520017,0.66528,12.849,1,0.672984,0.36288,0,36.8938,4.6724,31.9113,0.84672,12.849,0.84672,3695.15,0,0,0,1.43133,1.51021,4.35991,1.10553,6.19592,0.42336,0,0.42336,460.49,0,1.02816,0,0,2.45949,1.43133,1.028160,1,0,38.6273,0,0,0,38.6273,0
52.9642,2.9587,0,0,1.49894,0.175225,0.36288,3.6288,61.308,0.041232,0,0,0.734262,0.241496,0.451534,0.66528,12.849,1,0.691684,0.36288,0,33.1044,4.6724,28.1032,0.84672,12.849,0.84672,3695.15,0,0,0,1.18917,1.51025,4.16449,1.10553,5.75839,0.42336,0,0.42336,460.49,0,1.02816,0,0,2.21733,1.18917,1.028160,1,0,34.3131,0,0,0,34.3131,0
50.9208,2.93778,0,0,1.39247,0.135195,0.36288,3.6288,61.308,0.0412607,0,0,0.702933,0.269826,0.391846,0.66528,12.849,1,0.7127,0.36288,0,29.29,4.9937,23.9465,0.84672,12.849,0.84672,3695.15,0,0,0,1.11253,1.51029,3.9764,1.18762,5.4116,0.42336,0,0.42336,460.49,0,1.02816,0,0,2.14069,1.11253,1.028160,1,0,29.75,0,0,0,29.75,0
49.0115,2.91502,0,0,1.48856,0.119952,0.36288,3.6288,61.308,0.0412894,0,0,0.73694,0.271666,0.423984,0.66528,12.849,1,0.735557,0.36288,0,31.0489,5.12393,25.5523,0.84672,12.849,0.84672,3695.15,0,0,0,1.11123,1.51033,4.269,1.21984,5.67073,0.42336,0,0.42336,460.49,0,1.02816,0,0,2.13939,1.11123,1.028160,1,0,31.647,0,0,0,31.647,0
47.5221,2.86649,0,0,1.84174,0.10174,0.36288,3.6288,61.308,0.0714677,0,0,0.856881,0.264463,0.52095,0.66528,12.849,1,0.751489,0.36288,0,36.5015,5.31562,30.7973,0.84672,12.849,0.84672,3695.15,0,0,0,1.30448,1.51038,4.95617,1.26618,6.50485,0.42336,0,0.42336,460.49,0,1.02816,0,0,2.33264,1.30448,1.028160,1,0,37.8231,0,0,0,37.8231,0
45.9036,2.84803,0,0,1.6925,0.100104,0.36288,3.6288,61.308,0.0714972,0,0,0.832265,0.264463,0.496306,0.66528,12.849,1,0.770049,0.36288,0,35.925,5.31562,30.2022,0.84672,12.849,0.84672,3695.15,0,0,0,1.30546,1.52758,4.99768,1.26618,6.56454,0.42336,0,0.42336,460.49,0,1.02816,0,0,2.33362,1.30546,1.028160,1,0,37.2631,0,0,0,37.2631,0
44.1561,2.82689,0,0,1.54059,0.098327,0.36288,3.6288,61.308,0.0715266,0,0,0.778404,0.264463,0.442414,0.66528,12.849,1,0.791283,0.36288,0,34.488,5.31562,28.744,0.84672,12.849,0.84672,3695.15,0,0,0,0.993781,1.52762,4.69486,1.26618,5.95008,0.42336,0,0.42336,460.49,0,1.02816,0,0,2.02194,0.993781,1.028160,1,0,35.1365,0,0,0,35.1365,0
42.3217,2.80271,0,0,1.41661,0.0854317,0.36288,3.6288,61.308,0.0715562,0,0,0.743178,0.29737,0.374252,0.66528,12.849,1,0.815562,0.36288,0,30.5746,5.73908,24.3829,0.84672,12.849,0.84672,3695.15,0,0,0,0.983698,1.52766,4.51747,1.42075,5.60808,0.42336,0,0.42336,460.49,0,1.02816,0,0,2.01186,0.983698,1.028160,1,0,30.3652,0,0,0,30.3652,0
40.4317,2.84045,0,0,1.38815,0.0747702,0.36288,3.6288,61.308,0.0984585,0,0,0.719603,0.332014,0.289131,0.66528,12.849,1,0.862369,0.36288,0,29.73,5.94412,23.2864,0.84672,12.849,0.84672,3695.15,0,0,0,0.786482,1.5277,3.76222,1.53569,4.54072,0.42336,0,0.42336,460.49,0,1.02816,0,0,1.81464,0.786482,1.028160,1,0,28.1162,0,0,0,28.1162,0
38.5227,2.80993,0,0,1.33775,0.0740152,0.36288,3.6288,61.308,0.0984887,0,0,0.642298,0.330475,0.213334,0.66528,12.849,1,0.892982,0.36288,0,29.3836,5.8842,22.9693,0.84672,12.849,0.84672,3695.15,0,0,0,0.853433,1.56433,3.87719,1.5205,4.77446,0.42336,0,0.42336,460.49,0,1.02816,0,0,1.88159,0.853433,1.028160,1,0,27.9571,0,0,0,27.9571,0
36.5624,2.77682,0,0,1.25183,0.0723838,0.36288,3.6288,61.308,0.0985189,0,0,0.594532,0.330475,0.165538,0.66528,12.849,1,0.926192,0.36288,0,26.5261,5.8842,20.0786,0.84672,12.849,0.84672,3695.15,0,0,0,0.772684,1.56437,3.46036,1.5205,4.27693,0.42336,0,0.42336,460.49,0,1.02816,0,0,1.80084,0.772684,1.028160,1,0,24.521,0,0,0,24.521,0
34.5379,2.74015,0,0,1.14924,0.0707331,0.36288,3.6288,61.308,0.0985491,0,0,0.588004,0.330475,0.15898,0.66528,12.849,1,0.962962,0.36288,0,24.248,5.8842,17.7637,0.84672,12.849,0.84672,3695.15,0,0,0,0.624767,1.56442,3.38436,1.5205,4.05304,0.42336,0,0.42336,460.49,0,1.02816,0,0,1.65293,0.624767,1.028160,1,0,21.9757,0,0,0,21.9757,0
32.504,2.87934,0,0,1.27005,0.0616523,0.36288,3.6288,61.308,0.195587,0,0,0.63355,0.331319,0.106645,0.66528,12.849,1,1.07119,0.36288,0,22.8888,6.10448,16.076,0.84672,12.849,0.84672,3695.15,0,0,0,0.890715,1.56446,4.46852,1.55053,5.37317,0.42336,0,0.42336,460.49,0,1.02816,0,0,1.91887,0.890715,1.028160,1,0,21.5559,0,0,0,21.5559,0
30.3842,2.83138,0,0,1.13664,0.062198,0.36288,3.6288,61.308,0.19562,0,0,0.627092,0.336645,0.0948273,0.66528,12.849,1,1.11926,0.36288,0,23.1282,6.14586,16.2259,0.84672,12.849,0.84672,3695.15,0,0,0,0.813534,1.6858,3.71695,1.53011,4.68616,0.42336,0,0.42336,460.49,0,1.02816,0,0,1.84169,0.813534,1.028160,1,0,21.0069,0,0,0,21.0069,0
28.1194,2.77658,0,0,0.935116,0.0605287,0.36288,3.6288,61.2324,0.195652,0,0,0.456699,0.336645,0,0.66528,12.849,1,1.17417,0.36288,0,21.1889,6.14586,14.2318,0.84672,12.849,0.84672,3695.15,0,0,0,0.230541,1.68584,3.04434,1.53011,3.43061,0.42336,0,0.42336,460.49,0,1.02816,0,0,1.2587,0.230541,1.028160,1,0,17.6624,0,0,0,17.6624,0
26.1514,2.71174,0,0,1.16532,0.0587017,0.36288,3.6288,61.308,0.195685,0,0,0.791141,0.336484,0.183373,0.66528,12.849,1,1.23911,0.36288,0,20.6542,6.14586,13.6321,0.84672,12.849,0.84672,3695.15,0,0,0,1.45924,1.68589,4.74814,1.53011,6.36315,0.42336,0,0.42336,460.49,0,1.02816,0,0,2.4874,1.45924,1.028160,1,0,20.1786,0,0,0,20.1786,0
24.054,2.64928,0,0,0.980718,0.0659399,0.36288,3.6288,61.308,0.195718,0,0,0.530772,0.284952,0.0501013,0.66528,12.849,1,1.30168,0.36288,0,16.2822,4.94372,10.3997,0.84672,12.849,0.84672,3695.15,0,0,0,0.627394,1.68593,4.44434,1.06847,5.68919,0.42336,0,0.42336,460.49,0,1.02816,0,0,1.65555,0.627394,1.028160,1,0,16.1389,0,0,0,16.1389,0
22.077,2.49679,0,0,0.976164,0.0934931,0.36288,3.6288,61.308,0.136863,0,0,0.44767,0.252917,0.0578899,0.66528,12.849,1,1.33372,0.36288,0,22.0274,4.85319,16.2034,0.84672,12.849,0.84672,3695.15,0,0,0,0.555025,1.68598,3.25789,1.12918,4.36971,0.42336,0,0.42336,460.49,0,1.02816,0,0,1.58318,0.555025,1.028160,1,0,20.631,0,0,0,20.631,0
20.0752,2.42136,0,0,0.896106,0.113683,0.36288,3.6288,61.308,0.136894,0,0,0.58724,0.238695,0.211651,0.66528,12.849,1,1.40925,0.36288,0,19.4813,4.21648,14.2184,0.84672,12.849,0.84672,3695.15,0,0,0,0.826407,1.61793,3.86862,0.966443,5.34652,0.42336,0,0.42336,460.49,0,1.02816,0,0,1.85457,0.826407,1.028160,1,0,19.7766,0,0,0,19.7766,0
18.2736,2.33574,0,0,1.00767,0.110611,0.36288,3.6288,61.308,0.136926,0,0,0.85593,0.238695,0.48031,0.66528,12.849,1,1.49498,0.36288,0,21.8851,4.21648,16.5365,0.84672,12.849,0.84672,3695.15,0,0,0,1.50237,1.61798,5.08554,0.966443,7.23944,0.42336,0,0.42336,460.49,0,1.02816,0,0,2.53053,1.50237,1.028160,1,0,24.2563,0,0,0,24.2563,0
16.4481,2.24926,0,0,0.894516,0.107846,0.36288,3.6288,61.308,0.136957,0,0,0.666606,0.238695,0.290955,0.66528,12.849,1,1.58156,0.36288,0,19.0891,4.21648,13.654,0.84672,12.849,0.84672,3695.15,0,0,0,1.02329,1.61802,3.90183,0.966443,5.5767,0.42336,0,0.42336,460.49,0,1.02816,0,0,2.05145,1.02329,1.028160,1,0,19.5216,0,0,0,19.5216,0
14.6541,2.09521,0,0,0.794016,0.129991,0.36288,3.6288,61.308,0.0833797,0,0,0.617384,0.196562,0.337442,0.66528,12.849,1,1.63675,0.36288,0,17.6054,3.97146,12.3601,0.84672,12.849,0.84672,3695.15,0,0,0,1.15634,1.61806,4.03695,0.939835,5.87153,0.42336,0,0.42336,460.49,0,1.02816,0,0,2.1845,1.15634,1.028160,1,0,18.569,0,0,0,18.569,0
14.1195,1.82738,0,0,1.79077,0.135023,0.36288,3.6288,61.308,0.385809,0,0,0.778291,0.179709,0.212772,0.66528,12.849,1,1.60228,0.36288,0,39.771,3.87345,34.6581,0.84672,12.849,0.84672,3695.15,0,0,0,1.44684,1.55815,5.68199,0.929192,7.75778,0.42336,0,0.42336,460.49,0,1.02816,0,0,2.475,1.44684,1.028160,1,0,42.6287,0,0,0,42.6287,0
15.4307,1.75369,0,0,3.56125,0.133491,0.36288,3.6288,61.308,0.361958,0,0,1.44631,0.179709,0.904638,0.66528,12.849,1,1.59589,0.36288,0,58.6539,3.87345,53.5474,0.84672,12.849,0.84672,3695.15,0,0,0,2.87762,1.73515,11.6203,0.929192,15.3039,0.42336,0,0.42336,460.49,0,1.02816,0,0,3.90578,2.87762,1.028160,1,0,69.7559,0,0,0,69.7559,0
15.5557,2.03649,0,0,2.66162,0.137249,0.36288,3.6288,61.308,0.083469,0,0,1.52122,0.179709,1.25804,0.66528,12.849,1,1.69577,0.36288,0,41.1935,3.87345,35.9872,0.84672,12.849,0.84672,3695.15,0,0,0,3.26814,1.70172,9.06276,0.929192,13.1034,0.42336,0,0.42336,460.49,0,1.02816,0,0,4.2963,3.26814,1.028160,1,0,50.3487,0,0,0,50.3487,0
15.6934,1.89007,0,0,2.53641,0.145765,0.36288,3.6288,61.308,0,0,0,0.946353,0.186827,0.759526,0.66528,12.849,1,1.5612,0.36288,0,43.0587,3.88396,37.9764,0.84672,12.849,0.84672,3695.15,0,0,0,1.71177,1.55827,9.40619,0.907984,11.7682,0.42336,0,0.42336,460.49,0,0.999996,0,0,2.71177,1.71177,1.028160,1,0,50.5041,0,0,0,50.5041,0
16.2261,1.89766,0,0,2.9371,0.143935,0.36288,3.6288,61.308,0,0,0,0.90491,0.188268,0.716642,0.66528,12.849,1,1.55371,0.36288,0,56.1349,3.76268,51.1814,0.84672,12.849,0.84672,3695.15,0,0,0,1.5689,1.41937,5.83553,0.848117,7.97568,0.42336,0,0.42336,460.49,0,1.00002,0,0,2.56892,1.5689,1.028160,1,0,59.8737,0,0,0,59.8737,0
18.1022,1.92617,0,0,4.31071,0.145513,0.36288,3.6288,61.308,0,0,0,1.15381,0.188268,0.965543,0.66528,12.849,1,1.52529,0.36288,0,65.3899,3.76268,60.4649,0.84672,12.849,0.84672,3695.15,0,0,0,2.0122,1.4194,9.4474,0.848117,12.0309,0.42336,0,0.42336,460.49,0,1.00005,0,0,3.01225,2.0122,1.028160,1,0,73.4613,0,0,0,73.4613,0
18.2191,2.01868,0,0,2.65369,0.155256,0.36288,3.6288,61.308,0,0,0,1.03835,0.185814,0.852533,0.66528,12.849,1,1.43287,0.36288,0,59.2349,3.8644,54.3005,0.84672,12.849,0.84672,3695.15,0,0,0,1.60817,1.41944,4.86228,0.832172,7.05772,0.42336,0,0.42336,460.49,0,1.00008,0,0,2.60824,1.60817,1.028160,1,0,62.2107,0,0,0,62.2107,0
17.8756,2.02413,0,0,2.21489,0.171348,0.36288,3.6288,61.308,0,0,0,0.828127,0.211816,0.61631,0.66528,12.849,1,1.42752,0.36288,0,52.0114,4.60047,46.3463,0.84672,12.849,0.84672,3695.15,0,0,0,1.22958,1.41948,4.34481,0.982314,6.01155,0.42336,0,0.42336,460.49,0,1.0001,0,0,2.22968,1.22958,1.028160,1,0,52.9742,0,0,0,52.9742,0
17.1739,2.07113,0,0,1.89425,0.161976,0.36288,3.6288,61.308,0.00430403,0,0,0.554306,0.176126,0.373876,0.66528,12.849,1,1.48873,0.36288,0,40.3079,3.33753,35.8446,0.84672,12.849,0.84672,3695.15,0,0,0,0.539084,1.41952,4.85064,0.759162,6.05008,0.42336,0,0.42336,460.49,0,1.02816,0,0,1.56724,0.539084,1.028160,1,0,42.2685,0,0,0,42.2685,0
16.0971,2.03637,0,0,1.48285,0.160349,0.36288,3.6288,61.308,0.00432286,0,0,0.881185,0.176126,0.700736,0.66528,12.849,1,1.52355,0.36288,0,35.8321,3.33753,31.3339,0.84672,12.849,0.84672,3695.15,0,0,0,0.455017,1.4648,4.67073,0.759162,5.83139,0.42336,0,0.42336,460.49,0,1.02816,0,0,1.48318,0.455017,1.028160,1,0,37.866,0,0,0,37.866,0
15.532,1.97973,0,0,1.93527,0.157748,0.36288,3.6288,61.308,0.00434158,0,0,0.867563,0.176126,0.687095,0.66528,12.849,1,1.58025,0.36288,0,33.6679,3.33753,29.113,0.84672,12.849,0.84672,3695.15,0,0,0,0.54286,1.46482,4.23604,0.759162,5.48457,0.42336,0,0.42336,460.49,0,1.02816,0,0,1.57102,0.54286,1.028160,1,0,35.2847,0,0,0,35.2847,0
16.1993,1.9483,0,0,3.13435,0.155912,0.36288,3.6288,61.308,0.00436041,0,0,0.994257,0.176126,0.81377,0.66528,12.849,1,1.61175,0.36288,0,52.782,3.33753,48.1956,0.84672,12.849,0.84672,3695.15,0,0,0,0.720749,1.46485,6.8999,0.759162,8.32633,0.42336,0,0.42336,460.49,0,1.02816,0,0,1.74891,0.720749,1.028160,1,0,57.3357,0,0,0,57.3357,0
16.6649,2.17901,0,0,3.19402,0.18654,0.36288,3.6288,61.308,0.230172,0,0,0.765444,0.199841,0.33543,0.66528,12.849,1,1.72835,0.36288,0,51.9862,3.79023,46.8305,0.84672,12.849,0.84672,3695.15,0,0,0,0.503194,1.46488,5.15916,0.970677,6.15655,0.42336,0,0.42336,460.49,0,0.923772,0,0,1.42697,0.503194,1.028160,1,0,53.3225,0,0,0,53.3225,0
16.4607,2.20631,0,0,2.55112,0.186071,0.36288,3.6288,61.308,0.133728,0,0,0.714957,0.202394,0.378835,0.66528,12.849,1,1.70112,0.36288,0,41.6884,3.9844,36.3658,0.84672,12.849,0.84672,3695.15,0,0,0,0.503194,1.62378,4.61282,1.01753,5.72226,0.42336,0,0.42336,460.49,0,1.02024,0,0,1.52343,0.503194,1.028160,1,0,42.4669,0,0,0,42.4669,0
16.3579,2.1945,0,0,2.6393,0.184758,0.36288,3.6288,61.308,0.125826,0,0,0.706875,0.194053,0.386996,0.66528,12.849,1,1.71299,0.36288,0,44.0123,4.05227,38.61,0.84672,12.849,0.84672,3695.15,0,0,0,0.866765,1.62381,5.47012,1.03266,6.92804,0.42336,0,0.42336,460.49,0,1.02816,0,0,1.89492,0.866765,1.028160,1,0,45.925,0,0,0,45.925,0
16.8478,2.18851,0,0,3.22578,0.184481,0.36288,3.6288,61.308,0.125847,0,0,0.769478,0.194053,0.449579,0.66528,12.849,1,1.71906,0.36288,0,55.3518,4.05227,49.9434,0.84672,12.849,0.84672,3695.15,0,0,0,0.875042,1.62383,5.61139,1.03266,7.07762,0.42336,0,0.42336,460.49,0,1.02816,0,0,1.9032,0.875042,1.028160,1,0,57.4706,0,0,0,57.4706,0
19.5355,1.9359,0,0,5.16373,0.17731,0.36288,3.6288,61.308,0,0,0,0.88554,0.190163,0.695377,0.66528,12.849,1,1.47642,0.36288,0,92.537,4.04866,87.3748,0.84672,12.849,0.84672,3695.15,0,0,0,1.09625,1.62386,7.69666,1.04604,9.37073,0.42336,0,0.42336,460.49,0,0.99109,0,0,2.08734,1.09625,1.028160,1,0,97.4409,0,0,0,97.4409,0
21.6083,2.05847,0,0,4.67184,0.177613,0.36288,3.6288,61.308,0,0,0,0.901083,0.187245,0.713838,0.66528,12.849,1,1.35391,0.36288,0,128.491,4.04597,123.454,0.84672,12.849,0.84672,3695.15,0,0,0,1.17415,1.40518,8.81726,1.05608,10.3405,0.42336,0,0.42336,460.49,0,0.991108,0,0,2.16526,1.17415,1.028160,1,0,134.509,0,0,0,134.509,0
26.042,2.13996,0,0,7.11927,0.18276,0.36288,3.6288,61.308,0,0,0,1.07052,0.187245,0.883277,0.66528,12.849,1,1.27249,0.36288,0,118.955,4.04597,113.999,0.84672,12.849,0.84672,3695.15,0,0,0,1.70953,1.40521,12.9624,1.05608,15.0211,0.42336,0,0.42336,460.49,0,0.991126,0,0,2.70066,1.70953,1.028160,1,0,129.903,0,0,0,129.903,0
29.9078,2.28507,0,0,6.70842,0.194658,0.36288,3.6288,61.308,0,0,0,1.58661,0.204084,1.38252,0.66528,12.849,1,1.12744,0.36288,0,175.059,4.10454,170.19,0.84672,12.849,0.84672,3695.15,0,0,0,3.14202,1.40524,12.1485,1.09313,15.6027,0.42336,0,0.42336,460.49,0,0.991144,0,0,4.13317,3.14202,1.028160,1,0,187.175,0,0,0,187.175,0
36.0654,2.38705,0,0,9.10126,0.193715,0.36288,3.6288,61.308,0,0,0,1.95709,0.200521,1.75657,0.66528,12.849,1,1.02552,0.36288,0,150.424,4.16041,145.601,0.84672,12.849,0.84672,3695.15,0,0,0,2.95533,1.40526,16.2609,1.12434,19.4972,0.42336,0,0.42336,460.49,0,0.991162,0,0,3.94649,2.95533,1.028160,1,0,166.855,0,0,0,166.855,0
42.428,2.60813,0,0,9.49631,0.162751,0.36288,3.6288,61.308,0.00288413,0,0,1.59506,0.170825,1.42136,0.66528,12.849,1,0.929195,0.36288,0,212.346,4.49469,207.285,0.84672,12.849,0.84672,3695.15,0,0,0,2.4382,1.40529,13.6766,1.13976,16.3803,0.42336,0,0.42336,460.49,0,1.02816,0,0,3.46636,2.4382,1.028160,1,0,225.087,0,0,0,225.087,0
45.734,2.71513,0,0,6.55972,0.175679,0.36288,3.6288,61.308,0.00290296,0,0,0.992408,0.178558,0.810947,0.66528,12.849,1,0.822257,0.36288,0,135.087,4.48759,130.14,0.84672,12.849,0.84672,3695.15,0,0,0,1.48342,1.45948,10.0424,1.13161,11.8537,0.42336,0,0.42336,460.49,0,1.02816,0,0,2.51158,1.48342,1.028160,1,0,142.805,0,0,0,142.805,0
47.3268,2.76158,0,0,4.89965,0.182427,0.36288,3.6288,61.308,0.00292168,0,0,0.764631,0.178558,0.583152,0.66528,12.849,1,0.775868,0.36288,0,90.1688,4.48759,85.2682,0.84672,12.849,0.84672,3695.15,0,0,0,1.06615,1.45951,7.84469,1.13161,9.23873,0.42336,0,0.42336,460.49,0,1.02816,0,0,2.09431,1.06615,1.028160,1,0,95.0901,0,0,0,95.0901,0
48.2314,2.78217,0,0,4.23532,0.185678,0.36288,3.6288,61.308,0.00294051,0,0,0.697429,0.178558,0.515931,0.66528,12.849,1,0.755346,0.36288,0,78.0754,4.48759,73.1953,0.84672,12.849,0.84672,3695.15,0,0,0,0.998032,1.45953,6.97438,1.13161,8.30034,0.42336,0,0.42336,460.49,0,1.02816,0,0,2.02619,0.998032,1.028160,1,0,82.0116,0,0,0,82.0116,0
49.0887,2.75491,0,0,4.10365,0.128496,0.36288,3.6288,61.308,0,0,0,0.828913,0.230958,0.597955,0.66528,12.849,1,0.733917,0.36288,0,83.8538,5.03245,78.4503,0.84672,12.849,0.84672,3695.15,0,0,0,1.01203,1.45956,7.12472,1.26983,8.32647,0.42336,0,0.42336,460.49,0,1.01564,0,0,2.02766,1.01203,1.028160,1,0,87.3747,0,0,0,87.3747,0
49.738,2.76512,0,0,3.89701,0.119765,0.36288,3.6288,61.308,0,0,0,0.819383,0.239691,0.579692,0.66528,12.849,1,0.723771,0.36288,0,74.9399,5.12327,69.4557,0.84672,12.849,0.84672,3695.15,0,0,0,0.911256,1.43849,6.49659,1.29287,7.55347,0.42336,0,0.42336,460.49,0,1.01565,0,0,1.92691,0.911256,1.028160,1,0,77.5889,0,0,0,77.5889,0
50.2411,2.77268,0,0,3.7593,0.120601,0.36288,3.6288,61.308,0,0,0,0.759378,0.239691,0.519687,0.66528,12.849,1,0.716276,0.36288,0,69.196,5.12327,63.7194,0.84672,12.849,0.84672,3695.15,0,0,0,0.757843,1.43851,6.45607,1.29287,7.35956,0.42336,0,0.42336,460.49,0,1.01567,0,0,1.77352,0.757843,1.028160,1,0,71.5986,0,0,0,71.5986,0
50.2177,2.77844,0,0,3.25958,0.141646,0.36288,3.6288,61.308,0,0,0,0.760527,0.178468,0.58206,0.66528,12.849,1,0.710576,0.36288,0,65.4532,4.62079,60.4847,0.84672,12.849,0.84672,3695.15,0,0,0,0.81948,1.43854,6.20801,1.14792,7.31811,0.42336,0,0.42336,460.49,0,1.01569,0,0,1.83517,0.81948,1.028160,1,0,68.3849,0,0,0,68.3849,0
50.1147,2.91002,0,0,3.27262,0.102782,0.36288,3.6288,61.308,0.0424638,0,0,0.857494,0.201684,0.613347,0.66528,12.849,1,0.744573,0.36288,0,63.2582,4.61236,58.2641,0.84672,12.849,0.84672,3695.15,0,0,0,1.18015,1.43856,6.66198,1.17698,8.10372,0.42336,0,0.42336,460.49,0,1.02816,0,0,2.20831,1.18015,1.028160,1,0,66.9812,0,0,0,66.9812,0
49.7358,2.90885,0,0,2.99994,0.107077,0.36288,3.6288,61.308,0.0424832,0,0,0.83192,0.21996,0.569477,0.66528,12.849,1,0.745806,0.36288,0,52.8257,4.36013,48.0827,0.84672,12.849,0.84672,3695.15,0,0,0,0.968924,1.51203,5.40187,1.17698,6.70584,0.42336,0,0.42336,460.49,0,1.02816,0,0,1.99708,0.968924,1.028160,1,0,55.358,0,0,0,55.358,0
49.2095,2.90439,0,0,2.84761,0.106648,0.36288,3.6288,61.308,0.0425027,0,0,0.759257,0.21996,0.496795,0.66528,12.849,1,0.750334,0.36288,0,47.8715,4.36013,43.1239,0.84672,12.849,0.84672,3695.15,0,0,0,0.753201,1.51206,5.07023,1.17698,6.15851,0.42336,0,0.42336,460.49,0,1.02816,0,0,1.78136,0.753201,1.028160,1,0,49.7792,0,0,0,49.7792,0
48.4532,2.89808,0,0,2.58143,0.0767964,0.36288,3.6288,61.308,0.0425222,0,0,0.72481,0.243568,0.438719,0.66528,12.849,1,0.756711,0.36288,0,42.2099,4.62787,37.1881,0.84672,12.849,0.84672,3695.15,0,0,0,0.695002,1.51209,4.93851,1.24539,5.90021,0.42336,0,0.42336,460.49,0,1.02816,0,0,1.72316,0.695002,1.028160,1,0,43.5271,0,0,0,43.5271,0
47.4894,2.88879,0,0,2.35304,0.065156,0.36288,3.6288,61.308,0.0425417,0,0,0.690293,0.254975,0.392776,0.66528,12.849,1,0.766061,0.36288,0,41.3802,4.80663,36.1704,0.84672,12.849,0.84672,3695.15,0,0,0,0.529373,1.51212,4.67164,1.26285,5.45028,0.42336,0,0.42336,460.49,0,1.02816,0,0,1.55753,0.529373,1.028160,1,0,42.0135,0,0,0,42.0135,0
45.8824,2.85085,0,0,1.67467,0.0679846,0.36288,3.6288,61.308,0.126374,0,0,0.690941,0.266755,0.297811,0.66528,12.849,1,0.771341,0.36288,0,40.6764,5.23656,35.0314,0.84672,12.849,0.84672,3695.15,0,0,0,0.30119,1.51214,3.53906,1.20339,4.149,0.42336,0,0.42336,460.49,0,0.974532,0,0,1.27572,0.30119,1.028160,1,0,39.4782,0,0,0,39.4782,0
44.2906,2.82979,0,0,1.66768,0.0667857,0.36288,3.6288,61.308,0.0727659,0,0,0.690448,0.266755,0.350927,0.66528,12.849,1,0.792461,0.36288,0,38.4254,5.23656,32.7592,0.84672,12.849,0.84672,3695.15,0,0,0,0.330661,1.52936,3.81266,1.20339,4.46928,0.42336,0,0.42336,460.49,0,1.02816,0,0,1.35882,0.330661,1.028160,1,0,37.5794,0,0,0,37.5794,0
42.6592,2.80777,0,0,1.60121,0.0619155,0.36288,3.6288,61.308,0.0727859,0,0,0.663768,0.274527,0.316455,0.66528,12.849,1,0.814552,0.36288,0,36.0682,5.34514,30.2714,0.84672,12.849,0.84672,3695.15,0,0,0,0.344278,1.52939,3.86456,1.24014,4.49808,0.42336,0,0.42336,460.49,0,1.02816,0,0,1.37244,0.344278,1.028160,1,0,35.0859,0,0,0,35.0859,0
40.8818,2.78388,0,0,1.4086,0.0392358,0.36288,3.6288,61.308,0.16223,0,0,0.628119,0.318482,0.147408,0.66528,12.849,1,0.838507,0.36288,0,34.1246,6.13225,27.5167,0.84672,12.849,0.84672,3695.15,0,0,0,0.261274,1.52941,3.70907,1.51094,3.98882,0.42336,0,0.42336,460.49,0,0.938736,0,0,1.20001,0.261274,1.028160,1,0,31.653,0,0,0,31.653,0
39.0072,2.82051,0,0,1.34971,0.0409951,0.36288,3.6288,61.308,0.0997292,0,0,0.644096,0.334741,0.209626,0.66528,12.849,1,0.886477,0.36288,0,31.1198,6.15378,24.4424,0.84672,12.849,0.84672,3695.15,0,0,0,0.308811,1.52944,3.34585,1.53269,3.65141,0.42336,0,0.42336,460.49,0,1.02816,0,0,1.33697,0.308811,1.028160,1,0,28.3035,0,0,0,28.3035,0
37.0666,2.78852,0,0,1.25176,0.0409584,0.36288,3.6288,61.308,0.178521,0,0,0.613604,0.343924,0.0911597,0.66528,12.849,1,0.918541,0.36288,0,29.7644,6.02679,23.1819,0.84672,12.849,0.84672,3695.15,0,0,0,0.261274,1.5661,2.85009,1.4911,3.18637,0.42336,0,0.42336,460.49,0,0.949389,0,0,1.21066,0.261274,1.028160,1,0,26.4594,0,0,0,26.4594,0
35.1457,2.75286,0,0,1.23493,0.0400389,0.36288,3.6288,61.308,0.0997703,0,0,0.66386,0.343924,0.220165,0.66528,12.849,1,0.954269,0.36288,0,27.6184,6.02679,21.0002,0.84672,12.849,0.84672,3695.15,0,0,0,0.26409,1.56613,3.22313,1.4911,3.56225,0.42336,0,0.42336,460.49,0,1.02816,0,0,1.29225,0.26409,1.028160,1,0,24.7826,0,0,0,24.7826,0
33.3738,2.71472,0,0,1.33253,0.0268682,0.36288,3.6288,61.308,0.0997908,0,0,0.701335,0.324562,0.276982,0.66528,12.849,1,0.992479,0.36288,0,28.4666,6.26836,21.5687,0.84672,12.849,0.84672,3695.15,0,0,0,0.398969,1.56615,3.97596,1.56088,4.3802,0.42336,0,0.42336,460.49,0,1.02816,0,0,1.42713,0.398969,1.028160,1,0,26.2259,0,0,0,26.2259,0
31.4711,2.85548,0,0,1.34581,0.0301625,0.36288,3.6288,61.308,0.196925,0,0,0.784322,0.305231,0.282166,0.66528,12.849,1,1.09937,0.36288,0,28.8314,6.03345,22.0615,0.84672,12.849,0.84672,3695.15,0,0,0,0.51751,1.56618,3.41023,1.52907,3.96484,0.42336,0,0.42336,460.49,0,1.02816,0,0,1.54567,0.51751,1.028160,1,0,26.3085,0,0,0,26.3085,0
29.2176,2.80834,0,0,0.957027,0.0392821,0.36288,3.6288,61.308,0.261315,0,0,0.73599,0.285329,0.189345,0.66528,12.849,1,1.14659,0.36288,0,24.6815,5.4663,18.4315,0.84672,12.849,0.84672,3695.15,0,0,0,0.227405,1.68764,2.97043,1.43206,3.45342,0.42336,0,0.42336,460.49,0,0.963792,0,0,1.1912,0.227405,1.028160,1,0,22.0743,0,0,0,22.0743,0
27.0466,2.74697,0,0,0.977003,0.0381262,0.36288,3.6288,61.308,0.309825,0,0,0.70486,0.285329,0.109705,0.66528,12.849,1,1.20803,0.36288,0,22.7712,5.4663,16.4598,0.84672,12.849,0.84672,3695.15,0,0,0,0.227405,1.68767,3.04524,1.43206,3.52825,0.42336,0,0.42336,460.49,0,0.915304,0,0,1.14271,0.227405,1.028160,1,0,20.0977,0,0,0,20.0977,0
25.4183,2.68128,0,0,1.456,0.0401744,0.36288,3.6288,61.308,0.196992,0,0,0.834477,0.284257,0.353229,0.66528,12.849,1,1.27379,0.36288,0,29.3126,5.43662,22.9651,0.84672,12.849,0.84672,3695.15,0,0,0,0.348486,1.6877,3.33749,1.42842,3.94526,0.42336,0,0.42336,460.49,0,1.02816,0,0,1.37665,0.348486,1.028160,1,0,27.2635,0,0,0,27.2635,0
24.4516,2.62712,0,0,2.07668,0.0533497,0.36288,3.6288,61.308,0.197014,0,0,1.07839,0.275018,0.606361,0.66528,12.849,1,1.32802,0.36288,0,42.9985,5.37307,36.6603,0.84672,12.849,0.84672,3695.15,0,0,0,0.41402,1.68773,3.65421,1.40502,4.35094,0.42336,0,0.42336,460.49,0,1.02816,0,0,1.44218,0.41402,1.028160,1,0,41.6176,0,0,0,41.6176,0
22.9584,2.51365,0,0,1.48228,0.0989655,0.36288,3.6288,61.308,0.138087,0,0,1.01855,0.214684,0.665782,0.66528,12.849,1,1.32089,0.36288,0,44.6339,3.88448,39.7914,0.84672,12.849,0.84672,3695.15,0,0,0,0.316898,1.68776,6.08802,0.991412,7.10127,0.42336,0,0.42336,460.49,0,1.02816,0,0,1.34506,0.316898,1.028160,1,0,47.5585,0,0,0,47.5585,0
21.9121,2.45861,0,0,1.87204,0.0968719,0.36288,3.6288,61.308,0.371282,0,0,0.924869,0.214684,0.338903,0.66528,12.849,1,1.376,0.36288,0,58.0168,3.88448,53.1192,0.84672,12.849,0.84672,3695.15,0,0,0,0.204422,1.61963,6.33304,0.991412,7.16569,0.42336,0,0.42336,460.49,0,0.794986,0,0,0.999409,0.204422,1.028160,1,0,60.6238,0,0,0,60.6238,0
21.1778,2.41724,0,0,2.14136,0.0955197,0.36288,3.6288,61.308,0.138129,0,0,1.31322,0.214684,0.960406,0.66528,12.849,1,1.41744,0.36288,0,61.5847,3.88448,56.6457,0.84672,12.849,0.84672,3695.15,0,0,0,0.873418,1.61966,5.81418,0.991412,7.31585,0.42336,0,0.42336,460.49,0,1.02816,0,0,1.90158,0.873418,1.028160,1,0,64.9219,0,0,0,64.9219,0
21.2946,2.38669,0,0,2.96097,0.0945707,0.36288,3.6288,61.308,0.13815,0,0,2.40456,0.214684,2.05172,0.66528,12.849,1,1.44805,0.36288,0,60.6681,3.88448,55.6984,0.84672,12.849,0.84672,3695.15,0,0,0,3.45211,1.61969,8.6403,0.991412,12.7207,0.42336,0,0.42336,460.49,0,1.02816,0,0,4.48027,3.45211,1.028160,1,0,70.4709,0,0,0,70.4709,0
23.8928,2.32991,0,0,5.39978,0.108844,0.36288,3.6288,61.308,0.0845089,0,0,2.78615,0.21787,2.48377,0.66528,12.849,1,1.40585,0.36288,0,132.912,3.57541,128.293,0.84672,12.849,0.84672,3695.15,0,0,0,2.4135,1.61972,8.36671,0.914621,11.4853,0.42336,0,0.42336,460.49,0,1.02816,0,0,3.44166,2.4135,1.028160,1,0,142.262,0,0,0,142.262,0
25.1928,2.42936,0,0,4.21599,0.123777,0.36288,3.6288,61.308,0.084529,0,0,1.65317,0.22026,1.34838,0.66528,12.849,1,1.30646,0.36288,0,93.6896,3.34362,89.4024,0.84672,12.849,0.84672,3695.15,0,0,0,1.74823,1.55973,7.91942,0.857028,10.3703,0.42336,0,0.42336,460.49,0,1.02816,0,0,2.77639,1.74823,1.028160,1,0,101.121,0,0,0,101.121,0
29.4615,2.47405,0,0,7.23879,0.133112,0.36288,3.6288,61.308,0.0845493,0,0,1.39585,0.218416,1.09289,0.66528,12.849,1,1.26184,0.36288,0,105.244,3.60602,100.739,0.84672,12.849,0.84672,3695.15,0,0,0,1.33554,1.55976,6.73765,0.920479,8.71247,0.42336,0,0.42336,460.49,0,1.02816,0,0,2.3637,1.33554,1.028160,1,0,110.544,0,0,0,110.544,0
30.9637,2.60141,0,0,4.61764,0.151134,0.36288,3.6288,61.308,0.0845695,0,0,1.65067,0.215959,1.35014,0.66528,12.849,1,1.13455,0.36288,0,104.522,3.95587,99.794,0.84672,12.849,0.84672,3695.15,0,0,0,1.45387,1.55978,7.0564,1.00508,9.06498,0.42336,0,0.42336,460.49,0,1.02816,0,0,2.48203,1.45387,1.028160,1,0,110.209,0,0,0,110.209,0
35.0638,2.44151,0,0,7.06896,0.164515,0.36288,3.6288,61.308,0,0,0,2.6535,0.20198,2.45152,0.66528,12.849,1,1.01315,0.36288,0,149.901,3.6553,145.596,0.84672,12.849,0.84672,3695.15,0,0,0,1.4574,1.55981,8.14415,1.00354,10.1578,0.42336,0,0.42336,460.49,0,1.00098,0,0,2.45837,1.4574,1.028160,1,0,158.205,0,0,0,158.205,0
40.2181,2.52825,0,0,8.23513,0.189686,0.36288,3.6288,61.308,0,0,0,3.58124,0.238149,3.34309,0.66528,12.849,1,0.926469,0.36288,0,139.217,3.8156,134.838,0.84672,12.849,0.84672,3695.15,0,0,0,0.52971,1.42076,6.672,1.05189,7.57057,0.42336,0,0.42336,460.49,0,1.001,0,0,1.53071,0.52971,1.028160,1,0,145.752,0,0,0,145.752,0
43.2424,2.61829,0,0,6.20705,0.20158,0.36288,3.6288,61.308,0,0,0,3.27435,0.238149,3.0362,0.66528,12.849,1,0.836498,0.36288,0,127.531,3.8156,123.242,0.84672,12.849,0.84672,3695.15,0,0,0,1.23624,1.42078,6.5043,1.05189,8.10944,0.42336,0,0.42336,460.49,0,1.00101,0,0,2.23726,1.23624,1.028160,1,0,134.387,0,0,0,134.387,0
46.2416,2.66344,0,0,6.23442,0.208849,0.36288,3.6288,61.308,0,0,0,3.83843,0.238149,3.60028,0.66528,12.849,1,0.791411,0.36288,0,109.007,3.8156,104.763,0.84672,12.849,0.84672,3695.15,0,0,0,3.23982,1.42081,10.7009,1.05189,14.3096,0.42336,0,0.42336,460.49,0,1.00103,0,0,4.24085,3.23982,1.028160,1,0,122.673,0,0,0,122.673,0
49.5062,2.70365,0,0,6.54718,0.216059,0.36288,3.6288,61.308,0,0,0,3.34441,0.238149,3.10626,0.66528,12.849,1,0.751255,0.36288,0,111.054,3.8156,106.85,0.84672,12.849,0.84672,3695.15,0,0,0,2.37532,1.42084,8.33509,1.05189,11.0794,0.42336,0,0.42336,460.49,0,1.00105,0,0,3.37637,2.37532,1.028160,1,0,121.036,0,0,0,121.036,0
50.5207,2.74299,0,0,4.32897,0.208643,0.36288,3.6288,61.308,0,0,0,3.22225,0.204934,3.01732,0.66528,12.849,1,0.711923,0.36288,0,109.949,3.76825,105.832,0.84672,12.849,0.84672,3695.15,0,0,0,2.8812,1.42086,10.0558,0.941272,13.4165,0.42336,0,0.42336,460.49,0,1.00105,0,0,3.88225,2.8812,1.028160,1,0,122.266,0,0,0,122.266,0
51.5389,2.84071,0,0,4.43017,0.208321,0.36288,3.6288,61.308,0.00527296,0,0,2.37756,0.199398,2.17288,0.66528,12.849,1,0.722482,0.36288,0,54.4336,3.76036,50.3137,0.84672,12.849,0.84672,3695.15,0,0,0,2.56429,1.42086,8.10726,0.922835,11.1696,0.42336,0,0.42336,460.49,0,1.02816,0,0,3.59245,2.56429,1.028160,1,0,63.6561,0,0,0,63.6561,0
54.1788,2.85216,0,0,6.08288,0.228009,0.36288,3.6288,61.308,0.00528297,0,0,2.52176,0.225616,2.29086,0.66528,12.849,1,0.711063,0.36288,0,166.837,3.95166,162.537,0.84672,12.849,0.84672,3695.15,0,0,0,2.85003,1.46617,12.0933,0.989603,15.4199,0.42336,0,0.42336,460.49,0,1.02816,0,0,3.87819,2.85003,1.028160,1,0,180.248,0,0,0,180.248,0
59.1888,2.8802,0,0,8.50949,0.256396,0.36288,3.6288,61.308,0.00529299,0,0,6.54745,0.211283,6.33088,0.66528,12.849,1,0.683065,0.36288,0,222.216,4.1097,217.786,0.84672,12.849,0.84672,3695.15,0,0,0,7.22611,1.46619,19.4826,0.970029,27.2049,0.42336,0,0.42336,460.49,0,1.02816,0,0,8.25427,7.22611,1.028160,1,0,251.321,0,0,0,251.321,0
65.724,2.92773,0,0,10.1027,0.276809,0.36288,3.6288,61.308,0.00530312,0,0,7.99249,0.183708,7.80348,0.66528,12.849,1,0.635566,0.36288,0,236.612,3.99774,232.342,0.84672,12.849,0.84672,3695.15,0,0,0,11.1728,1.4662,22.6776,0.976352,34.3402,0.42336,0,0.42336,460.49,0,1.02816,0,0,12.201,11.1728,1.028160,1,0,274.486,0,0,0,274.486,0
81.0889,3.27134,0,0,19.3019,0.302873,0.36288,3.6288,61.308,0.126828,0,0,11.3978,0.146942,11.124,0.66528,12.849,1,0.639545,0.36288,0,303.557,3.84846,299.432,0.84672,12.849,0.84672,3695.15,0,0,0,13.2827,1.46622,42.7423,0.984783,56.5064,0.42336,0,0.42336,460.49,0,1.02816,0,0,14.3109,13.2827,1.028160,1,0,367.062,0,0,0,367.062,0
84.5212,3.37598,0,0,7.64459,0.473431,0.36288,3.6288,61.308,0.126839,0,0,5.47506,0.146942,5.20128,0.66528,12.849,1,0.534944,0.36288,0,357.241,3.84846,353.22,0.84672,12.849,0.84672,3695.15,0,0,0,6.5899,1.62524,18.6912,0.984783,25.9215,0.42336,0,0.42336,460.49,0,1.02816,0,0,7.61806,6.5899,1.028160,1,0,384.343,0,0,0,384.343,0
86.1402,3.39487,0,0,5.87585,0.499016,0.36288,3.6288,61.308,0.12685,0,0,4.59168,0.195161,4.26966,0.66528,12.849,1,0.516092,0.36288,0,187.789,4.42613,183.209,0.84672,12.849,0.84672,3695.15,0,0,0,5.68486,1.62526,15.6071,1.08463,21.8326,0.42336,0,0.42336,460.49,0,1.02816,0,0,6.71302,5.68486,1.028160,1,0,209.312,0,0,0,209.312,0
87.0734,3.40335,0,0,5.2148,0.515471,0.36288,3.6288,61.308,0.126861,0,0,5.73539,0.230005,5.37852,0.66528,12.849,1,0.507656,0.36288,0,154.121,4.78635,149.19,0.84672,12.849,0.84672,3695.15,0,0,0,5.98476,1.62528,17.1546,1.10519,23.6595,0.42336,0,0.42336,460.49,0,1.02816,0,0,7.01292,5.98476,1.028160,1,0,178.228,0,0,0,178.228,0
87.312,2.97612,0,0,4.083,0.505394,0.36288,3.6288,61.308,0,0,0,3.28743,0.209949,3.07748,0.66528,12.849,1,0.439172,0.36288,0,98.8027,4.55332,94.1731,0.84672,12.849,0.84672,3695.15,0,0,0,3.04806,1.62529,12.1482,1.04717,15.7744,0.42336,0,0.42336,460.49,0,0.991952,0,0,4.04001,3.04806,1.028160,1,0,113.025,0,0,0,113.025,0
89.7572,2.9772,0,0,6.29178,0.506489,0.36288,3.6288,61.308,0,0,0,4.70388,0.209949,4.49393,0.66528,12.849,1,0.43813,0.36288,0,180.104,4.55332,175.476,0.84672,12.849,0.84672,3695.15,0,0,0,5.54034,1.40641,16.995,1.04717,22.8945,0.42336,0,0.42336,460.49,0,0.991962,0,0,6.5323,5.54034,1.028160,1,0,202.864,0,0,0,202.864,0
92.7449,2.98767,0,0,6.84826,0.510018,0.36288,3.6288,61.308,0,0,0,4.689,0.16986,4.51914,0.66528,12.849,1,0.427693,0.36288,0,202.008,3.92574,198.017,0.84672,12.849,0.84672,3695.15,0,0,0,5.70297,1.40642,19.7309,0.93968,25.9006,0.42336,0,0.42336,460.49,0,0.991972,0,0,6.69495,5.70297,1.028160,1,0,228.437,0,0,0,228.437,0
94.9147,2.9998,0,0,6.05606,0.523523,0.36288,3.6288,61.308,0,0,0,4.07204,0.16986,3.90218,0.66528,12.849,1,0.415596,0.36288,0,234.465,3.92574,230.486,0.84672,12.849,0.84672,3695.15,0,0,0,5.37308,1.40644,18.4653,0.93968,24.3052,0.42336,0,0.42336,460.49,0,0.991981,0,0,6.36506,5.37308,1.028160,1,0,258.693,0,0,0,258.693,0
97.506,3.00819,0,0,7.68096,0.537206,1.54429,3.6288,61.308,0,0,0,3.63955,0.140188,3.49936,0.66528,12.849,1,0.407232,1.54429,0,247.391,3.34824,245.18,0.84672,12.849,0.84672,3695.15,0,0,0,5.31893,1.40645,20.5492,0.741881,26.5327,0.42336,0,0.42336,460.49,0,0.991991,0,0,6.31092,5.31893,1.028160,1,0,275.212,0,0,0,275.212,0
97.506,3.12805,0,0,7.62506,0.549004,3.94801,3.6288,61.308,0.00373802,0,0,11.1006,0.140188,10.9567,0.66528,12.849,1,0.412203,3.94801,0,252.224,3.34824,252.412,0.84672,12.849,0.84672,3695.15,0,0,0,11.782,1.40646,25.068,0.741881,37.5146,0.42336,0,0.42336,460.49,0,1.02816,0,0,12.8102,11.782,1.028160,1,0,300.883,0,0,0,300.883,0
97.506,2.86089,0,0,5.94569,0.549004,2.5358,3.6288,61.308,0.306148,0,0,4.76069,0.140188,4.31436,0.66528,12.849,1,0.376998,2.5358,0,213.742,3.34824,212.553,0.84672,12.849,0.84672,3695.15,0,0,0,6.22241,1.46069,17.9363,0.741881,24.8775,0.42336,0,0.42336,460.49,0,1.02816,0,0,7.25057,6.22241,1.028160,1,0,241.745,0,0,0,241.745,0
97.506,2.86092,0,0,6.9522,0.462129,3.62915,3.6288,61.308,0.306158,0,0,4.94402,0.163674,4.47419,0.66528,12.849,1,0.377002,3.62915,0,198.323,3.59132,197.983,0.84672,12.849,0.84672,3695.15,0,0,0,6.60355,1.63767,19.742,0.812792,27.1704,0.42336,0,0.42336,460.49,0,1.02816,0,0,7.63171,6.60355,1.028160,1,0,229.628,0,0,0,229.628,0
97.506,2.86095,0,0,5.2165,0.442456,1.91309,3.6288,61.308,0.306168,0,0,2.63623,0.168475,2.16159,0.66528,12.849,1,0.377006,1.91309,0,171.901,3.35116,170.085,0.84672,12.849,0.84672,3695.15,0,0,0,5.19147,1.63768,13.9427,0.877414,19.8945,0.42336,0,0.42336,460.49,0,1.02816,0,0,6.21963,5.19147,1.028160,1,0,192.142,0,0,0,192.142,0
97.506,2.81787,0,0,4.52358,0.42818,1.27753,3.6288,61.308,0.290682,0,0,2.26593,0.180636,1.79462,0.66528,12.849,1,0.371329,1.27753,0,131.184,3.4861,128.604,0.84672,12.849,0.84672,3695.15,0,0,0,4.91995,1.63769,11.4811,0.893382,17.1454,0.42336,0,0.42336,460.49,0,1.02816,0,0,5.94811,4.91995,1.028160,1,0,147.544,0,0,0,147.544,0
97.506,2.8179,0,0,4.11436,0.409225,0.887238,3.6288,61.308,0.290692,0,0,2.1803,0.183133,1.70647,0.66528,12.849,1,0.371333,0.887238,0,119.888,3.53622,116.867,0.84672,12.849,0.84672,3695.15,0,0,0,4.06414,1.61659,11.152,0.911163,15.9216,0.42336,0,0.42336,460.49,0,1.02816,0,0,5.0923,4.06414,1.028160,1,0,134.495,0,0,0,134.495,0
97.506,2.81793,0,0,3.97895,0.321668,0.839359,3.6288,61.308,0.290702,0,0,2.14593,0.194522,1.66071,0.66528,12.849,1,0.371336,0.839359,0,111.73,4.2021,107.996,0.84672,12.849,0.84672,3695.15,0,0,0,4.33022,1.61661,10.9154,0.994622,15.8676,0.42336,0,0.42336,460.49,0,1.02816,0,0,5.35838,4.33022,1.028160,1,0,125.524,0,0,0,125.524,0
97.506,2.81796,0,0,3.85052,0.363526,0.669038,3.6288,61.308,0.290712,0,0,1.93451,0.173459,1.47034,0.66528,12.849,1,0.37134,0.669038,0,104.816,4.70775,100.406,0.84672,12.849,0.84672,3695.15,0,0,0,4.06489,1.61662,9.79785,0.908302,14.5711,0.42336,0,0.42336,460.49,0,1.02816,0,0,5.09305,4.06489,1.028160,1,0,116.448,0,0,0,116.448,0
97.506,2.96434,0,0,3.76213,0.26339,0.534405,3.6288,61.308,0.345678,0,0,1.61279,0.17145,1.09567,0.66528,12.849,1,0.39063,0.534405,0,94.9078,3.88311,91.1685,0.84672,12.849,0.84672,3695.15,0,0,0,3.26779,1.61663,8.82576,0.916096,12.7941,0.42336,0,0.42336,460.49,0,1.02816,0,0,4.29595,3.26779,1.028160,1,0,105.058,0,0,0,105.058,0
97.3738,2.96437,0,0,3.45847,0.26339,0.36288,3.6288,61.308,0.345688,0,0,1.5698,0.17145,1.05266,0.66528,12.849,1,0.390634,0.36288,0,85.8462,3.88311,81.9353,0.84672,12.849,0.84672,3695.15,0,0,0,2.98285,1.69015,8.52353,0.916096,12.2804,0.42336,0,0.42336,460.49,0,1.02816,0,0,4.01101,2.98285,1.028160,1,0,95.2684,0,0,0,95.2684,0
97.0755,2.96393,0,0,3.29158,0.263101,0.36288,3.6288,61.308,0.345699,0,0,1.51733,0.17145,1.00018,0.66528,12.849,1,0.391107,0.36288,0,80.9317,3.88311,77.0204,0.84672,12.849,0.84672,3695.15,0,0,0,2.82812,1.69016,8.31652,0.916096,11.9187,0.42336,0,0.42336,460.49,0,1.02816,0,0,3.85628,2.82812,1.028160,1,0,89.9393,0,0,0,89.9393,0
96.5666,2.9629,0,0,3.06825,0.251345,0.36288,3.6288,61.308,0.345709,0,0,1.42863,0.206559,0.876365,0.66528,12.849,1,0.392172,0.36288,0,75.2017,4.37655,70.7959,0.84672,12.849,0.84672,3695.15,0,0,0,2.68741,1.69018,8.28706,1.06364,11.601,0.42336,0,0.42336,460.49,0,1.02816,0,0,3.71557,2.68741,1.028160,1,0,83.2732,0,0,0,83.2732,0
95.7582,2.96111,0,0,2.71822,0.202693,0.36288,3.6288,61.308,0.345719,0,0,1.11706,0.228738,0.542599,0.66528,12.849,1,0.394001,0.36288,0,56.5156,4.72857,51.7559,0.84672,12.849,0.84672,3695.15,0,0,0,1.46936,1.69019,5.7988,1.14044,7.81791,0.42336,0,0.42336,460.49,0,1.02816,0,0,2.49752,1.46936,1.028160,1,0,60.1164,0,0,0,60.1164,0
94.7498,2.92933,0,0,2.4852,0.201323,0.36288,3.6288,61.308,0.375936,0,0,1.09024,0.228738,0.485564,0.66528,12.849,1,0.393062,0.36288,0,55.7177,4.72857,50.959,0.84672,12.849,0.84672,3695.15,0,0,0,1.51522,1.69021,5.72752,1.14044,7.79251,0.42336,0,0.42336,460.49,0,1.02816,0,0,2.54338,1.51522,1.028160,1,0,59.237,0,0,0,59.237,0
93.533,2.92567,0,0,2.27131,0.199615,0.36288,3.6288,61.308,0.375947,0,0,1.01956,0.228738,0.414878,0.66528,12.849,1,0.39675,0.36288,0,52.4075,4.72857,47.645,0.84672,12.849,0.84672,3695.15,0,0,0,1.14545,1.70742,5.45021,1.14044,7.16263,0.42336,0,0.42336,460.49,0,1.02816,0,0,2.17361,1.14545,1.028160,1,0,55.2225,0,0,0,55.2225,0
92.1716,2.92117,0,0,2.08852,0.165892,0.36288,3.6288,61.308,0.375958,0,0,0.966159,0.272614,0.317587,0.66528,12.849,1,0.401292,0.36288,0,46.9225,5.29317,41.591,0.84672,12.849,0.84672,3695.15,0,0,0,1.14687,1.70744,5.18937,1.34653,6.69714,0.42336,0,0.42336,460.49,0,1.02816,0,0,2.17503,1.14687,1.028160,1,0,48.6057,0,0,0,48.6057,0
90.9819,2.91599,0,0,2.21728,0.128049,0.36288,3.6288,61.308,0.375968,0,0,0.947117,0.308692,0.262456,0.66528,12.849,1,0.406499,0.36288,0,49.0818,5.78508,43.2531,0.84672,12.849,0.84672,3695.15,0,0,0,0.979482,1.70745,4.86272,1.48181,6.06784,0.42336,0,0.42336,460.49,0,1.02816,0,0,2.00764,0.979482,1.028160,1,0,49.5834,0,0,0,49.5834,0
89.7672,2.9855,0,0,2.2512,0.117496,0.36288,3.6288,61.308,0.402901,0,0,0.935418,0.31107,0.221447,0.66528,12.849,1,0.42163,0.36288,0,46.331,5.83642,40.4358,0.84672,12.849,0.84672,3695.15,0,0,0,1.08806,1.70746,4.48496,1.46735,5.81314,0.42336,0,0.42336,460.49,0,1.02816,0,0,2.11622,1.08806,1.028160,1,0,46.4704,0,0,0,46.4704,0
88.0905,3.24507,0,0,2.04747,0.116245,0.36288,3.6288,61.308,0.100512,0,0,0.871145,0.31107,0.459563,0.66528,12.849,1,0.46449,0.36288,0,43.1912,5.83642,37.2532,0.84672,12.849,0.84672,3695.15,0,0,0,0.758212,1.74413,3.99698,1.46735,5.03197,0.42336,0,0.42336,460.49,0,1.02816,0,0,1.78637,0.758212,1.028160,1,0,42.7447,0,0,0,42.7447,0
86.8811,2.97348,0,0,2.22966,0.102681,0.36288,3.6288,61.308,0.402923,0,0,1.02827,0.30927,0.31608,0.66528,12.849,1,0.433716,0.36288,0,43.3954,5.94456,37.38,0.84672,12.849,0.84672,3695.15,0,0,0,1.22302,1.56718,5.65148,1.49326,6.94842,0.42336,0,0.42336,460.49,0,1.02816,0,0,2.25118,1.22302,1.028160,1,0,44.6445,0,0,0,44.6445,0
85.522,2.96826,0,0,2.0576,0.0856144,0.36288,3.6288,61.308,0.402934,0,0,0.947125,0.282022,0.26217,0.66528,12.849,1,0.43898,0.36288,0,40.4625,6.01428,34.3721,0.84672,12.849,0.84672,3695.15,0,0,0,1.18663,1.74416,4.84074,1.53332,6.23821,0.42336,0,0.42336,460.49,0,1.02816,0,0,2.21479,1.18663,1.028160,1,0,40.8725,0,0,0,40.8725,0
82.7836,3.44051,0,0,1.15252,0.0875325,0.36288,3.6288,61.308,0.197721,0,0,0.7107,0.292126,0.220853,0.66528,12.849,1,0.51691,0.36288,0,27.2881,5.68029,21.4538,0.84672,12.849,0.84672,3695.15,0,0,0,0.808972,1.74418,3.63863,1.46847,4.72332,0.42336,0,0.42336,460.49,0,1.02816,0,0,1.83713,0.808972,1.028160,1,0,26.398,0,0,0,26.398,0
80.2047,3.16398,0,0,1.03331,0.0853252,0.36288,3.6288,61.16,0.500133,0,0,0.644242,0.292126,0,0.66528,12.849,1,0.491087,0.36288,0,24.3605,5.68029,18.552,0.84672,12.849,0.84672,3695.15,0,0,0,0.689697,1.68874,3.54821,1.46847,4.45818,0.42336,0,0.42336,460.49,0,1.02816,0,0,1.71786,0.689697,1.028160,1,0,23.0102,0,0,0,23.0102,0
77.5843,3.41104,0,0,1.23676,0.0832464,0.36288,3.6288,61.308,0.197745,0,0,0.692081,0.291853,0.0544654,0.66528,12.849,1,0.546458,0.36288,0,25.2116,5.68029,19.3477,0.84672,12.849,0.84672,3695.15,0,0,0,0.837467,1.86572,3.89196,1.46847,5.12668,0.42336,0,0.42336,460.49,0,1.02816,0,0,1.86563,0.837467,1.028160,1,0,24.5289,0,0,0,24.5289,0
75.8233,3.39524,0,0,2.11474,0.117666,0.36288,3.6288,61.308,0.197757,0,0,0.888926,0.286763,0.404407,0.66528,12.849,1,0.562298,0.36288,0,41.8984,5.53186,36.1671,0.84672,12.849,0.84672,3695.15,0,0,0,1.14496,1.68877,4.30809,1.45026,5.69155,0.42336,0,0.42336,460.49,0,1.02816,0,0,2.17312,1.14496,1.028160,1,0,42.2631,0,0,0,42.2631,0
74.0435,3.38411,0,0,2.09717,0.129923,0.36288,3.6288,61.308,0.197769,0,0,1.24989,0.271756,0.780363,0.66528,12.849,1,0.573471,0.36288,0,32.7372,4.97465,27.552,0.84672,12.849,0.84672,3695.15,0,0,0,2.48905,1.68879,6.45315,1.16635,9.46463,0.42336,0,0.42336,460.49,0,1.02816,0,0,3.51721,2.48905,1.028160,1,0,37.797,0,0,0,37.797,0
71.9735,3.2695,0,0,1.69393,0.131556,0.36288,3.6288,61.308,0.138795,0,0,0.742176,0.270702,0.332678,0.66528,12.849,1,0.567366,0.36288,0,33.0312,4.84711,27.9795,0.84672,12.849,0.84672,3695.15,0,0,0,1.5301,1.6888,5.11891,1.12085,7.21696,0.42336,0,0.42336,460.49,0,1.02816,0,0,2.55826,1.5301,1.028160,1,0,35.5292,0,0,0,35.5292,0
69.6381,3.25569,0,0,1.37796,0.0947722,0.36288,3.6288,61.308,0.138807,0,0,0.610858,0.270702,0.201349,0.66528,12.849,1,0.581218,0.36288,0,30.3322,4.84711,25.2667,0.84672,12.849,0.84672,3695.15,0,0,0,0.969356,1.62062,4.62516,1.12085,6.09428,0.42336,0,0.42336,460.49,0,1.02816,0,0,1.99752,0.969356,1.028160,1,0,31.5624,0,0,0,31.5624,0
68.1426,3.23926,0,0,2.27666,0.170018,0.36288,3.6288,61.308,0.138818,0,0,0.925037,0.210057,0.576162,0.66528,12.849,1,0.597679,0.36288,0,43.1833,4.01659,38.9319,0.84672,12.849,0.84672,3695.15,0,0,0,1.51083,1.62063,6.12735,0.861259,8.39755,0.42336,0,0.42336,460.49,0,1.02816,0,0,2.53899,1.51083,1.028160,1,0,47.9056,0,0,0,47.9056,0
68.5971,3.22826,0,0,4.22971,0.184142,0.36288,3.6288,61.308,0.13883,0,0,1.71512,0.217499,1.35879,0.66528,12.849,1,0.608721,0.36288,0,94.2162,3.58662,90.3837,0.84672,12.849,0.84672,3695.15,0,0,0,2.52142,1.62065,13.4414,0.803783,16.7797,0.42336,0,0.42336,460.49,0,1.02816,0,0,3.54958,2.52142,1.028160,1,0,108.522,0,0,0,108.522,0
67.0521,3.1482,0,0,2.14429,0.17819,0.36288,3.6288,61.308,0.0851474,0,0,1.34348,0.298669,0.95966,0.66528,12.849,1,0.589694,0.36288,0,56.4441,4.3261,51.8912,0.84672,12.849,0.84672,3695.15,0,0,0,1.75656,1.62067,8.00798,1.07937,10.3058,0.42336,0,0.42336,460.49,0,1.02816,0,0,2.78472,1.75656,1.028160,1,0,63.1567,0,0,0,63.1567,0
65.3104,3.13683,0,0,1.99757,0.239491,0.36288,3.6288,61.308,0.0851582,0,0,0.989375,0.312806,0.591411,0.66528,12.849,1,0.601102,0.36288,0,26.1266,4.96912,20.9192,0.84672,12.849,0.84672,3695.15,0,0,0,0.541875,1.56062,5.46953,1.20288,6.36915,0.42336,0,0.42336,460.49,0,1.02816,0,0,1.57003,0.541875,1.028160,1,0,27.8798,0,0,0,27.8798,0
63.9452,3.12347,0,0,2.35728,0.236195,0.36288,3.6288,61.308,0.0851689,0,0,1.05284,0.312806,0.65487,0.66528,12.849,1,0.614502,0.36288,0,16.095,4.96912,10.8743,0.84672,12.849,0.84672,3695.15,0,0,0,1.21514,1.56064,5.4141,1.20288,6.987,0.42336,0,0.42336,460.49,0,1.02816,0,0,2.2433,1.21514,1.028160,1,0,18.5161,0,0,0,18.5161,0
62.8288,3.11257,0,0,2.59656,0.237513,0.36288,3.6288,61.308,0.0851798,0,0,1.78194,0.301128,1.39563,0.66528,12.849,1,0.625433,0.36288,0,27.5633,4.91737,22.3834,0.84672,12.849,0.84672,3695.15,0,0,0,1.92021,1.56065,7.4432,1.18905,9.73502,0.42336,0,0.42336,460.49,0,1.02816,0,0,2.94837,1.92021,1.028160,1,0,33.5141,0,0,0,33.5141,0
64.3395,2.86966,0,0,5.0018,0.258563,0.36288,3.6288,61.308,0,0,0,3.80511,0.231063,3.57405,0.66528,12.849,1,0.586868,0.36288,0,64.8071,4.60688,59.9762,0.84672,12.849,0.84672,3695.15,0,0,0,5.35533,1.56067,15.1049,1.1061,20.9148,0.42336,0,0.42336,460.49,0,1.00152,0,0,6.35685,5.35533,1.028160,1,0,84.465,0,0,0,84.465,0
64.7578,2.88117,0,0,3.92415,0.261756,0.36288,3.6288,61.308,0,0,0,1.53662,0.231063,1.30556,0.66528,12.849,1,0.575388,0.36288,0,56.4022,4.60688,51.5828,0.84672,12.849,0.84672,3695.15,0,0,0,2.67464,1.42153,8.3361,1.1061,11.3262,0.42336,0,0.42336,460.49,0,1.00153,0,0,3.67616,2.67464,1.028160,1,0,64.2145,0,0,0,64.2145,0
64.9548,2.8843,0,0,3.70011,0.255941,0.36288,3.6288,61.308,0,0,0,1.48312,0.259131,1.22399,0.66528,12.849,1,0.572292,0.36288,0,49.2945,4.71043,44.3746,0.84672,12.849,0.84672,3695.15,0,0,0,1.83539,1.42154,6.69765,1.18601,8.76857,0.42336,0,0.42336,460.49,0,1.00154,0,0,2.83693,1.83539,1.028160,1,0,54.3672,0,0,0,54.3672,0
65.5429,2.88578,0,0,4.08803,0.251314,0.36288,3.6288,61.308,0,0,0,1.51381,0.280182,1.23363,0.66528,12.849,1,0.570848,0.36288,0,72.711,4.7881,67.715,0.84672,12.849,0.84672,3695.15,0,0,0,1.78524,1.42155,8.66737,1.24594,10.6282,0.42336,0,0.42336,460.49,0,1.00155,0,0,2.78679,1.78524,1.028160,1,0,79.5768,0,0,0,79.5768,0
72.1314,2.89009,0,0,10.0817,0.240192,0.36288,3.6288,61.308,0,0,0,2.17093,0.205516,1.96541,0.66528,12.849,1,0.566572,0.36288,0,114.249,4.27518,109.77,0.84672,12.849,0.84672,3695.15,0,0,0,2.20708,1.42157,17.9474,0.965721,20.6103,0.42336,0,0.42336,460.49,0,1.00156,0,0,3.20864,2.20708,1.028160,1,0,132.346,0,0,0,132.346,0
81.1539,3.02594,0,0,12.6589,0.247664,0.36288,3.6288,61.308,0.00578723,0,0,4.17577,0.17565,3.99434,0.66528,12.849,1,0.539021,0.36288,0,130.98,4.07001,126.734,0.84672,12.849,0.84672,3695.15,0,0,0,3.67247,1.42158,23.1266,0.853632,27.367,0.42336,0,0.42336,460.49,0,1.02816,0,0,4.70063,3.67247,1.028160,1,0,158.095,0,0,0,158.095,0
89.9042,3.07768,0,0,12.6039,0.413036,0.36288,3.6288,61.308,0.00578854,0,0,3.794,0.190086,3.59812,0.66528,12.849,1,0.487286,0.36288,0,141.257,4.34437,136.788,0.84672,12.849,0.84672,3695.15,0,0,0,4.86217,1.4669,20.7242,0.924034,26.1292,0.42336,0,0.42336,460.49,0,1.02816,0,0,5.89033,4.86217,1.028160,1,0,166.516,0,0,0,166.516,0
97.506,3.11918,0,0,15.423,0.512056,4.18997,3.6288,61.308,0.00578985,0,0,3.76263,0.209333,3.54751,0.66528,12.849,1,0.44579,4.18997,0,246.269,4.7102,245.302,0.84672,12.849,0.84672,3695.15,0,0,0,5.54467,1.4669,24.9509,1.0179,30.9445,0.42336,0,0.42336,460.49,0,1.02816,0,0,6.57283,5.54467,1.028160,1,0,279.795,0,0,0,279.795,0
97.506,3.1499,0,0,15.3682,0.550452,11.6679,3.6288,61.308,0.00579128,0,0,4.83044,0.206227,4.61842,0.66528,12.849,1,0.415082,11.6679,0,183.25,4.69975,189.803,0.84672,12.849,0.84672,3695.15,0,0,0,5.76678,1.46691,22.9002,1.0394,29.0945,0.42336,0,0.42336,460.49,0,1.02816,0,0,6.79494,5.76678,1.028160,1,0,223.516,0,0,0,223.516,0
97.506,3.18994,0,0,16.112,0.560305,12.3618,3.6288,61.308,0.429763,0,0,5.15444,0.198461,4.52622,0.66528,12.849,1,0.42036,12.3618,0,225.394,4.67365,232.662,0.84672,12.849,0.84672,3695.15,0,0,0,6.02645,1.46691,32.6506,1.09314,39.0509,0.42336,0,0.42336,460.49,0,1.02816,0,0,7.05461,6.02645,1.028160,1,0,276.239,0,0,0,276.239,0
97.506,3.18995,0,0,19.4774,0.551905,15.7356,3.6288,61.308,0.429765,0,0,5.41764,0.205224,4.78265,0.66528,12.849,1,0.42036,15.7356,0,255.051,4.68669,265.68,0.84672,12.849,0.84672,3695.15,0,0,0,6.97853,1.80296,30.1889,1.1046,37.8657,0.42336,0,0.42336,460.49,0,1.02816,0,0,8.00669,6.97853,1.028160,1,0,308.328,0,0,0,308.328,0
97.506,3.18995,0,0,15.3552,0.531271,11.634,3.6288,61.308,0.429767,0,0,5.49626,0.21772,4.84877,0.66528,12.849,1,0.420361,11.634,0,371.153,4.36554,378.001,0.84672,12.849,0.84672,3695.15,0,0,0,6.30689,1.80296,30.2479,1.09076,37.267,0.42336,0,0.42336,460.49,0,1.02816,0,0,7.33505,6.30689,1.028160,1,0,420.117,0,0,0,420.117,0
97.506,3.18996,0,0,9.23158,0.594628,5.44699,3.6288,61.308,0.429768,0,0,2.36875,0.156332,1.78265,0.66528,12.849,1,0.420362,5.44699,0,227.017,3.47184,228.572,0.84672,12.849,0.84672,3695.15,0,0,0,2.68155,1.80297,16.5004,0.907181,20.0778,0.42336,0,0.42336,460.49,0,1.02816,0,0,3.70971,2.68155,1.028160,1,0,250.432,0,0,0,250.432,0
97.506,2.75175,0,0,5.93921,0.566968,2.6205,3.6288,61.308,0.266619,0,0,2.74999,0.178376,2.305,0.66528,12.849,1,0.362616,2.6205,0,145.582,3.73359,144.107,0.84672,12.849,0.84672,3695.15,0,0,0,3.56117,1.80297,13.2815,0.964704,17.6809,0.42336,0,0.42336,460.49,0,1.02816,0,0,4.58933,3.56117,1.028160,1,0,164.092,0,0,0,164.092,0
97.506,2.75175,0,0,7.71133,0.566968,4.39261,3.6288,61.308,0.26662,0,0,2.9913,0.178376,2.5463,0.66528,12.849,1,0.362616,4.39261,0,170.427,3.73359,170.724,0.84672,12.849,0.84672,3695.15,0,0,0,4.125,1.58398,17.213,0.964704,21.9572,0.42336,0,0.42336,460.49,0,1.02816,0,0,5.15316,4.125,1.028160,1,0,195.227,0,0,0,195.227,0
97.506,2.75175,0,0,7.30788,0.56462,3.99151,3.6288,61.308,0.266622,0,0,2.85225,0.166922,2.4187,0.66528,12.849,1,0.362617,3.99151,0,188.285,3.55428,188.359,0.84672,12.849,0.84672,3695.15,0,0,0,4.03848,1.58398,15.4324,0.933994,20.1209,0.42336,0,0.42336,460.49,0,1.02816,0,0,5.06664,4.03848,1.028160,1,0,210.899,0,0,0,210.899,0
97.506,2.75176,0,0,12.1006,0.569461,8.77936,3.6288,61.308,0.266623,0,0,4.22426,0.195847,3.76179,0.66528,12.849,1,0.362617,8.77936,0,326.529,4.32968,330.616,0.84672,12.849,0.84672,3695.15,0,0,0,5.20951,1.58398,27.156,1.12408,32.8254,0.42336,0,0.42336,460.49,0,1.02816,0,0,6.23767,5.20951,1.028160,1,0,367.203,0,0,0,367.203,0
97.506,2.75176,0,0,9.82515,0.572222,6.50116,3.6288,61.308,0.266624,0,0,5.25891,0.182159,4.81013,0.66528,12.849,1,0.362618,6.50116,0,200.353,4.08814,202.403,0.84672,12.849,0.84672,3695.15,0,0,0,5.26894,1.58398,22.4813,1.0788,28.2554,0.42336,0,0.42336,460.49,0,1.02816,0,0,6.2971,5.26894,1.028160,1,0,235.469,0,0,0,235.469,0
97.506,2.86207,0,0,11.1358,0.584555,7.68921,3.6288,61.308,0.306539,0,0,3.25003,0.181429,2.76206,0.66528,12.849,1,0.377154,7.68921,0,177.364,3.97845,180.697,0.84672,12.849,0.84672,3695.15,0,0,0,3.94476,1.58399,17.6355,1.05776,22.1064,0.42336,0,0.42336,460.49,0,1.02816,0,0,4.97292,3.94476,1.028160,1,0,205.566,0,0,0,205.566,0
97.506,2.86208,0,0,8.6514,0.584555,5.20477,3.6288,61.308,0.30654,0,0,2.49528,0.181429,2.00731,0.66528,12.849,1,0.377154,5.20477,0,149.041,3.97845,149.89,0.84672,12.849,0.84672,3695.15,0,0,0,3.04745,1.63822,15.0101,1.05776,18.638,0.42336,0,0.42336,460.49,0,1.02816,0,0,4.07561,3.04745,1.028160,1,0,170.535,0,0,0,170.535,0
97.506,2.86208,0,0,7.64873,0.385407,4.40124,3.6288,61.308,0.306541,0,0,2.32366,0.215,1.80212,0.66528,12.849,1,0.377155,4.40124,0,142.9,4.01363,142.91,0.84672,12.849,0.84672,3695.15,0,0,0,2.60377,1.63822,13.4484,1.10349,16.5869,0.42336,0,0.42336,460.49,0,1.02816,0,0,3.63193,2.60377,1.028160,1,0,161.299,0,0,0,161.299,0
97.506,2.86208,0,0,6.60493,0.413648,3.3292,3.6288,61.308,0.306543,0,0,2.00903,0.214645,1.48785,0.66528,12.849,1,0.377156,3.3292,0,111.828,4.33732,110.443,0.84672,12.849,0.84672,3695.15,0,0,0,2.6731,1.63822,12.9251,1.12577,16.1106,0.42336,0,0.42336,460.49,0,1.02816,0,0,3.70126,2.6731,1.028160,1,0,128.042,0,0,0,128.042,0
97.506,2.81896,0,0,5.67717,0.434828,2.42338,3.6288,61.308,0.291042,0,0,1.74787,0.214379,1.24245,0.66528,12.849,1,0.371473,2.42338,0,89.3065,4.5801,86.7783,0.84672,12.849,0.84672,3695.15,0,0,0,2.30564,1.63822,10.3571,1.14248,13.1585,0.42336,0,0.42336,460.49,0,1.02816,0,0,3.3338,2.30564,1.028160,1,0,101.179,0,0,0,101.179,0
97.506,2.81896,0,0,5.10326,0.434828,1.84947,3.6288,61.308,0.291043,0,0,1.54872,0.214379,1.0433,0.66528,12.849,1,0.371473,1.84947,0,77.1699,4.5801,74.0678,0.84672,12.849,0.84672,3695.15,0,0,0,1.9305,1.6171,9.06276,1.14248,11.4679,0.42336,0,0.42336,460.49,0,1.02816,0,0,2.95866,1.9305,1.028160,1,0,86.579,0,0,0,86.579,0
97.506,2.81897,0,0,4.71055,0.390253,1.50133,3.6288,61.308,0.291045,0,0,1.44992,0.180246,0.978631,0.66528,12.849,1,0.371474,1.50133,0,74.0578,3.87234,71.3153,0.84672,12.849,0.84672,3695.15,0,0,0,1.79284,1.6171,8.18407,0.962969,10.631,0.42336,0,0.42336,460.49,0,1.02816,0,0,2.821,1.79284,1.028160,1,0,82.925,0,0,0,82.925,0
97.506,2.81897,0,0,4.57433,0.372453,1.3829,3.6288,61.308,0.291046,0,0,1.45727,0.181433,0.984795,0.66528,12.849,1,0.371474,1.3829,0,66.2636,3.92865,63.3464,0.84672,12.849,0.84672,3695.15,0,0,0,2.1765,1.61711,8.65961,0.949104,11.5041,0.42336,0,0.42336,460.49,0,1.02816,0,0,3.20466,2.1765,1.028160,1,0,75.8353,0,0,0,75.8353,0
97.506,2.96537,0,0,4.22314,0.310227,0.947536,3.6288,61.308,0.346021,0,0,1.1913,0.222691,0.622588,0.66528,12.849,1,0.390767,0.947536,0,54.6202,4.97427,50.2027,0.84672,12.849,0.84672,3695.15,0,0,0,1.33057,1.61711,7.63145,1.04543,9.5337,0.42336,0,0.42336,460.49,0,1.02816,0,0,2.35873,1.33057,1.028160,1,0,60.359,0,0,0,60.359,0
97.506,2.96538,0,0,4.16542,0.310227,0.889817,3.6288,61.308,0.346023,0,0,1.1948,0.222691,0.626086,0.66528,12.849,1,0.390767,0.889817,0,51.685,4.97427,47.2098,0.84672,12.849,0.84672,3695.15,0,0,0,1.43061,1.69063,7.26538,1.04543,9.34119,0.42336,0,0.42336,460.49,0,1.02816,0,0,2.45877,1.43061,1.028160,1,0,57.1771,0,0,0,57.1771,0
97.506,2.96538,0,0,3.73644,0.33559,0.435465,3.6288,61.308,0.346024,0,0,1.1393,0.218741,0.57454,0.66528,12.849,1,0.390768,0.435465,0,48.8111,4.72043,44.1353,0.84672,12.849,0.84672,3695.15,0,0,0,1.44437,1.69064,6.69168,1.05522,8.77146,0.42336,0,0.42336,460.49,0,1.02816,0,0,2.47253,1.44437,1.028160,1,0,53.4813,0,0,0,53.4813,0
97.4322,2.96539,0,0,3.5666,0.312102,0.36288,3.6288,61.308,0.346026,0,0,1.12719,0.225926,0.55524,0.66528,12.849,1,0.390768,0.36288,0,45.3308,4.47813,40.8248,0.84672,12.849,0.84672,3695.15,0,0,0,1.48715,1.69064,6.40665,1.09684,8.48759,0.42336,0,0.42336,460.49,0,1.02816,0,0,2.51531,1.48715,1.028160,1,0,49.8676,0,0,0,49.8676,0
97.2865,2.96513,0,0,3.42052,0.238204,0.36288,3.6288,61.308,0.346027,0,0,1.37284,0.285922,0.740886,0.66528,12.849,1,0.39103,0.36288,0,64.5391,5.43246,59.0785,0.84672,12.849,0.84672,3695.15,0,0,0,1.54388,1.69064,7.81332,1.2554,9.79245,0.42336,0,0.42336,460.49,0,1.02816,0,0,2.57204,1.54388,1.028160,1,0,69.6118,0,0,0,69.6118,0
96.9297,2.93567,0,0,3.18007,0.238358,0.36288,3.6288,61.308,0.376243,0,0,1.38494,0.293155,0.715542,0.66528,12.849,1,0.387725,0.36288,0,62.1845,5.57014,56.5895,0.84672,12.849,0.84672,3695.15,0,0,0,1.46174,1.69064,7.66835,1.27548,9.54525,0.42336,0,0.42336,460.49,0,1.02816,0,0,2.4899,1.46174,1.028160,1,0,66.8503,0,0,0,66.8503,0
96.3695,2.93442,0,0,2.97478,0.237651,0.36288,3.6288,61.308,0.376245,0,0,1.27028,0.293155,0.600879,0.66528,12.849,1,0.388986,0.36288,0,56.7091,5.57014,51.1128,0.84672,12.849,0.84672,3695.15,0,0,0,1.18136,1.70785,7.47256,1.27548,9.0863,0.42336,0,0.42336,460.49,0,1.02816,0,0,2.20952,1.18136,1.028160,1,0,60.8,0,0,0,60.8,0
95.721,2.93243,0,0,2.88334,0.236542,0.36288,3.6288,61.308,0.376246,0,0,1.22323,0.293155,0.553833,0.66528,12.849,1,0.390982,0.36288,0,50.5514,5.57014,44.9532,0.84672,12.849,0.84672,3695.15,0,0,0,1.05651,1.70785,7.39463,1.27548,8.88351,0.42336,0,0.42336,460.49,0,1.02816,0,0,2.08467,1.05651,1.028160,1,0,54.3905,0,0,0,54.3905,0
94.9266,2.93009,0,0,2.68274,0.184208,0.36288,3.6288,61.308,0.376248,0,0,1.22076,0.318638,0.525878,0.66528,12.849,1,0.393318,0.36288,0,47.2237,5.58558,41.6077,0.84672,12.849,0.84672,3695.15,0,0,0,0.856457,1.70785,7.33268,1.3774,8.51959,0.42336,0,0.42336,460.49,0,1.02816,0,0,1.88462,0.856457,1.028160,1,0,50.6532,0,0,0,50.6532,0
93.8551,3.00173,0,0,2.46713,0.173995,0.36288,3.6288,61.308,0.403177,0,0,1.19248,0.33943,0.449868,0.66528,12.849,1,0.406306,0.36288,0,45.1456,5.72187,39.3803,0.84672,12.849,0.84672,3695.15,0,0,0,1.00554,1.70785,6.21178,1.47806,7.44712,0.42336,0,0.42336,460.49,0,1.02816,0,0,2.0337,1.00554,1.028160,1,0,47.2772,0,0,0,47.2772,0
93.0017,2.99765,0,0,2.67951,0.172415,0.36288,3.6288,61.308,0.403179,0,0,1.23458,0.33943,0.491969,0.66528,12.849,1,0.410386,0.36288,0,45.6219,5.72187,39.8525,0.84672,12.849,0.84672,3695.15,0,0,0,1.21403,1.74452,6.455,1.47806,7.93549,0.42336,0,0.42336,460.49,0,1.02816,0,0,2.24219,1.21403,1.028160,1,0,48.28,0,0,0,48.28,0
92.0028,2.99435,0,0,2.52953,0.171157,0.36288,3.6288,61.308,0.40318,0,0,1.22283,0.33943,0.480217,0.66528,12.849,1,0.413696,0.36288,0,53.6073,5.72187,47.8346,0.84672,12.849,0.84672,3695.15,0,0,0,0.839938,1.74452,6.79208,1.47806,7.89848,0.42336,0,0.42336,460.49,0,1.02816,0,0,1.8681,0.839938,1.028160,1,0,56.2133,0,0,0,56.2133,0
90.7412,2.99041,0,0,2.26137,0.169684,0.36288,3.6288,61.308,0.403182,0,0,1.11129,0.33943,0.368682,0.66528,12.849,1,0.417637,0.36288,0,42.681,5.72187,36.9044,0.84672,12.849,0.84672,3695.15,0,0,0,0.961606,1.74452,6.11562,1.47806,7.34369,0.42336,0,0.42336,460.49,0,1.02816,0,0,1.98977,0.961606,1.028160,1,0,44.6167,0,0,0,44.6167,0
88.8877,3.2024,0,0,1.88561,0.173852,0.36288,3.6288,61.308,0.50038,0,0,1.15795,0.347871,0.309698,0.66528,12.849,1,0.453461,0.36288,0,34.0328,5.27337,28.6688,0.84672,12.849,0.84672,3695.15,0,0,0,0.444416,1.74452,6.07706,1.45688,6.80912,0.42336,0,0.42336,460.49,0,1.02816,0,0,1.47258,0.444416,1.028160,1,0,35.7877,0,0,0,35.7877,0
86.9104,3.19414,0,0,1.76262,0.182893,0.36288,3.6288,61.308,0.500382,0,0,1.12929,0.327695,0.301214,0.66528,12.849,1,0.461724,0.36288,0,31.24,5.40718,25.734,0.84672,12.849,0.84672,3695.15,0,0,0,0.894802,1.86606,7.05568,1.51153,8.30501,0.42336,0,0.42336,460.49,0,1.02816,0,0,1.92296,0.894802,1.028160,1,0,34.3402,0,0,0,34.3402,0
84.838,3.185,0,0,1.65512,0.179663,0.36288,3.6288,61.308,0.500383,0,0,1.10198,0.327695,0.273901,0.66528,12.849,1,0.470876,0.36288,0,31.8878,5.40718,26.3726,0.84672,12.849,0.84672,3695.15,0,0,0,1.32078,1.86606,6.50402,1.51153,8.17933,0.42336,0,0.42336,460.49,0,1.02816,0,0,2.34894,1.32078,1.028160,1,0,34.8259,0,0,0,34.8259,0
82.7256,3.17501,0,0,1.60179,0.176277,0.36288,3.6288,61.308,0.500385,0,0,1.09194,0.327695,0.26386,0.66528,12.849,1,0.480866,0.36288,0,29.81,5.40718,24.2848,0.84672,12.849,0.84672,3695.15,0,0,0,1.28457,1.86606,6.47862,1.51153,8.11772,0.42336,0,0.42336,460.49,0,1.02816,0,0,2.31273,1.28457,1.028160,1,0,32.6664,0,0,0,32.6664,0
80.4996,3.16439,0,0,1.49481,0.193554,0.36288,3.6288,61.308,0.500387,0,0,0.903675,0.299515,0.103773,0.66528,12.849,1,0.491495,0.36288,0,44.8711,5.20551,39.537,0.84672,12.849,0.84672,3695.15,0,0,0,0.716731,1.86607,6.60709,1.46121,7.72868,0.42336,0,0.42336,460.49,0,1.02816,0,0,1.74489,0.716731,1.028160,1,0,47.3695,0,0,0,47.3695,0
80.0871,3.04852,0,0,3.19652,0.197598,0.36288,3.6288,61.308,0.441393,0,0,1.47783,0.288243,0.748193,0.66528,12.849,1,0.486592,0.36288,0,58.0161,5.12484,52.7676,0.84672,12.849,0.84672,3695.15,0,0,0,1.98202,1.86607,11.5236,1.44108,13.9306,0.42336,0,0.42336,460.49,0,1.02816,0,0,3.01018,1.98202,1.028160,1,0,67.4464,0,0,0,67.4464,0
77.9176,3.04637,0,0,1.43653,0.196811,0.36288,3.6288,61.308,0.441394,0,0,0.864821,0.288243,0.135183,0.66528,12.849,1,0.488752,0.36288,0,49.8217,5.12484,44.571,0.84672,12.849,0.84672,3695.15,0,0,0,0.611729,1.79786,6.22949,1.44108,7.198,0.42336,0,0.42336,460.49,0,1.02816,0,0,1.63989,0.611729,1.028160,1,0,51.9042,0,0,0,51.9042,0
75.953,3.03469,0,0,1.62564,0.192672,0.36288,3.6288,61.308,0.441396,0,0,1.01374,0.288243,0.284101,0.66528,12.849,1,0.500435,0.36288,0,39.9943,5.12484,34.7319,0.84672,12.849,0.84672,3695.15,0,0,0,0.515488,1.79786,6.93687,1.44108,7.80914,0.42336,0,0.42336,460.49,0,1.02816,0,0,1.54365,0.515488,1.028160,1,0,42.8251,0,0,0,42.8251,0
76.7101,2.67105,0,0,4.14857,0.357495,0.36288,3.6288,61.308,0.316023,0,0,1.71569,0.273702,1.12596,0.66528,12.849,1,0.451862,0.36288,0,50.396,4.291,46.016,0.84672,12.849,0.84672,3695.15,0,0,0,3.13343,1.79786,14.6048,1.21594,18.3201,0.42336,0,0.42336,460.49,0,1.02816,0,0,4.16159,3.13343,1.028160,1,0,65.4621,0,0,0,65.4621,0
74.5378,2.59908,0,0,1.10593,0.316322,0.36288,3.6288,61.308,0.377691,0,0,0.678259,0.206698,0.09387,0.66528,12.849,1,0.435348,0.36288,0,42.5149,4.15748,38.285,0.84672,12.849,0.84672,3695.15,0,0,0,0.216518,1.62375,7.72459,1.08605,8.47881,0.42336,0,0.42336,460.49,0,0.918562,0,0,1.13508,0.216518,1.028160,1,0,46.8577,0,0,0,46.8577,0
73.6927,2.58826,0,0,2.41553,0.309435,0.36288,3.6288,61.308,0.268094,0,0,1.17777,0.206698,0.702974,0.66528,12.849,1,0.446171,0.36288,0,59.9943,4.15748,55.7536,0.84672,12.849,0.84672,3695.15,0,0,0,1.19826,1.57014,11.0513,1.08605,12.7337,0.42336,0,0.42336,460.49,0,1.02816,0,0,2.22642,1.19826,1.028160,1,0,69.1902,0,0,0,69.1902,0
75.5802,2.58391,0,0,5.14096,0.306756,0.36288,3.6288,61.308,0.268095,0,0,2.4412,0.206698,1.9664,0.66528,12.849,1,0.450528,0.36288,0,131.109,4.15748,126.863,0.84672,12.849,0.84672,3695.15,0,0,0,4.29304,1.57014,17.9395,1.08605,22.7166,0.42336,0,0.42336,460.49,0,1.02816,0,0,5.3212,4.29304,1.028160,1,0,151.546,0,0,0,151.546,0
76.5696,2.59353,0,0,4.29786,0.351992,0.36288,3.6288,61.308,0.268096,0,0,1.97909,0.21595,1.49504,0.66528,12.849,1,0.440913,0.36288,0,69.3884,3.91184,65.3985,0.84672,12.849,0.84672,3695.15,0,0,0,2.71484,1.57014,12.6966,1.0012,15.9804,0.42336,0,0.42336,460.49,0,1.02816,0,0,3.743,2.71484,1.028160,1,0,82.8739,0,0,0,82.8739,0
79.0606,2.38322,0,0,5.57818,0.341059,0.36288,3.6288,61.308,0.168268,0,0,1.78162,0.178333,1.43502,0.66528,12.849,1,0.399924,0.36288,0,131.989,3.58743,128.364,0.84672,12.849,0.84672,3695.15,0,0,0,1.98241,1.57014,12.3969,0.87113,15.0784,0.42336,0,0.42336,460.49,0,1.02816,0,0,3.01057,1.98241,1.028160,1,0,144.878,0,0,0,144.878,0
80.4918,2.39406,0,0,4.53766,0.349586,0.36288,3.6288,61.308,0.168269,0,0,1.53549,0.178333,1.18889,0.66528,12.849,1,0.389085,0.36288,0,117.11,3.58743,113.496,0.84672,12.849,0.84672,3695.15,0,0,0,2.19232,1.44592,12.0135,0.87113,14.7806,0.42336,0,0.42336,460.49,0,1.02816,0,0,3.22048,2.19232,1.028160,1,0,129.466,0,0,0,129.466,0
81.7553,2.40003,0,0,4.43624,0.40981,0.36288,3.6288,61.308,0.16827,0,0,2.52346,0.215152,2.14004,0.66528,12.849,1,0.38312,0.36288,0,136.051,3.93999,132.09,0.84672,12.849,0.84672,3695.15,0,0,0,2.91479,1.44592,13.9381,0.988272,17.3106,0.42336,0,0.42336,460.49,0,1.02816,0,0,3.94295,2.91479,1.028160,1,0,151.541,0,0,0,151.541,0
87.2519,2.40515,0,0,8.72148,0.45681,0.36288,3.6288,61.308,0.168271,0,0,4.02182,0.242765,3.61078,0.66528,12.849,1,0.378004,0.36288,0,186.763,4.20441,182.544,0.84672,12.849,0.84672,3695.15,0,0,0,2.94788,1.44592,15.1334,1.07613,18.4511,0.42336,0,0.42336,460.49,0,1.02816,0,0,3.97604,2.94788,1.028160,1,0,204.605,0,0,0,204.605,0
92.7485,2.68485,0,0,8.97598,0.431685,0.36288,3.6288,61.308,0.254347,0,0,2.16797,0.225655,1.68796,0.66528,12.849,1,0.395379,0.36288,0,118.601,4.17524,114.394,0.84672,12.849,0.84672,3695.15,0,0,0,2.86368,1.44593,13.5842,1.07096,16.8229,0.42336,0,0.42336,460.49,0,1.02816,0,0,3.89184,2.86368,1.028160,1,0,132.904,0,0,0,132.904,0
96.844,2.86577,0,0,7.7868,0.46266,0.36288,3.6288,61.308,0.308249,0,0,1.44899,0.240821,0.899918,0.66528,12.849,1,0.397012,0.36288,0,150.193,4.75335,145.405,0.84672,12.849,0.84672,3695.15,0,0,0,1.73571,1.5681,10.8854,1.25426,12.935,0.42336,0,0.42336,460.49,0,1.02816,0,0,2.76387,1.73571,1.028160,1,0,159.24,0,0,0,159.24,0
97.506,2.88057,0,0,7.5206,0.47902,3.499,3.6288,61.308,0.308242,0,0,1.31852,0.240821,0.769462,0.66528,12.849,1,0.382186,3.499,0,154.369,4.75335,152.733,0.84672,12.849,0.84672,3695.15,0,0,0,1.12614,1.64395,10.524,1.25426,12.0398,0.42336,0,0.42336,460.49,0,1.02816,0,0,2.1543,1.12614,1.028160,1,0,165.542,0,0,0,165.542,0
97.506,2.88284,0,0,7.38746,0.481665,4.02296,3.6288,61.308,0.308234,0,0,1.15625,0.240821,0.607193,0.66528,12.849,1,0.37989,4.02296,0,127.288,4.75335,126.178,0.84672,12.849,0.84672,3695.15,0,0,0,1.37035,1.64394,9.48033,1.25426,11.2404,0.42336,0,0.42336,460.49,0,1.02816,0,0,2.39851,1.37035,1.028160,1,0,138.025,0,0,0,138.025,0
97.506,2.88282,0,0,7.66835,0.479871,4.30566,3.6288,61.308,0.308227,0,0,1.70692,0.246133,1.15256,0.66528,12.849,1,0.379887,4.30566,0,140.274,4.61515,139.584,0.84672,12.849,0.84672,3695.15,0,0,0,2.45527,1.64393,13.4725,1.22938,16.3423,0.42336,0,0.42336,460.49,0,1.02816,0,0,3.48343,2.45527,1.028160,1,0,157.079,0,0,0,157.079,0
97.506,3.19003,0,0,6.85987,0.509435,3.16041,3.6288,61.308,0.429794,0,0,1.43139,0.248978,0.752617,0.66528,12.849,1,0.420372,3.16041,0,138.673,4.09122,137.322,0.84672,12.849,0.84672,3695.15,0,0,0,2.46241,1.64392,12.0452,1.10449,15.047,0.42336,0,0.42336,460.49,0,1.02816,0,0,3.49057,2.46241,1.028160,1,0,153.121,0,0,0,153.121,0
97.506,3.19001,0,0,6.89302,0.509318,3.19369,3.6288,61.308,0.429785,0,0,1.31649,0.241142,0.645558,0.66528,12.849,1,0.420368,3.19369,0,143.573,4.02538,142.321,0.84672,12.849,0.84672,3695.15,0,0,0,2.27439,1.80301,11.0438,1.07272,14.0485,0.42336,0,0.42336,460.49,0,1.02816,0,0,3.30255,2.27439,1.028160,1,0,157.015,0,0,0,157.015,0
97.506,3.18999,0,0,7.39365,0.549041,3.65462,3.6288,61.308,0.429777,0,0,1.29416,0.209009,0.655374,0.66528,12.849,1,0.420365,3.65462,0,137.598,3.68768,137.145,0.84672,12.849,0.84672,3695.15,0,0,0,2.17924,1.80299,10.7431,0.939195,13.7861,0.42336,0,0.42336,460.49,0,1.02816,0,0,3.2074,2.17924,1.028160,1,0,151.586,0,0,0,151.586,0
97.506,3.18996,0,0,5.90283,0.581449,2.13142,3.6288,61.308,0.429769,0,0,1.42736,0.213582,0.784011,0.66528,12.849,1,0.420362,2.13142,0,132.011,3.68178,130.04,0.84672,12.849,0.84672,3695.15,0,0,0,2.19708,1.80298,10.746,0.957364,13.7887,0.42336,0,0.42336,460.49,0,1.02816,0,0,3.22524,2.19708,1.028160,1,0,144.613,0,0,0,144.613,0
97.506,2.75172,0,0,8.28222,0.593998,4.9365,3.6288,61.308,0.266612,0,0,3.12178,0.174032,2.68114,0.66528,12.849,1,0.362613,4.9365,0,120.95,3.38856,122.136,0.84672,12.849,0.84672,3695.15,0,0,0,4.42309,1.80297,13.3675,0.809481,18.784,0.42336,0,0.42336,460.49,0,1.02816,0,0,5.45125,4.42309,1.028160,1,0,143.601,0,0,0,143.601,0
97.506,2.7517,0,0,5.80795,0.593998,2.46225,3.6288,61.308,0.266605,0,0,2.46649,0.174032,2.02585,0.66528,12.849,1,0.36261,2.46225,0,122.277,3.38856,120.988,0.84672,12.849,0.84672,3695.15,0,0,0,3.29858,1.58397,11.3219,0.809481,15.395,0.42336,0,0.42336,460.49,0,1.02816,0,0,4.32674,3.29858,1.028160,1,0,138.409,0,0,0,138.409,0
97.506,2.75168,0,0,5.21023,0.516089,1.94246,3.6288,61.308,0.266598,0,0,1.6393,0.149967,1.22274,0.66528,12.849,1,0.362607,1.94246,0,102.671,3.03978,101.211,0.84672,12.849,0.84672,3695.15,0,0,0,2.29955,1.58396,9.99588,0.759379,13.12,0.42336,0,0.42336,460.49,0,1.02816,0,0,3.32771,2.29955,1.028160,1,0,115.554,0,0,0,115.554,0
97.506,2.75166,0,0,5.50137,0.457657,2.29206,3.6288,61.308,0.26659,0,0,2.16092,0.131918,1.76241,0.66528,12.849,1,0.362604,2.29206,0,108.048,2.77819,107.199,0.84672,12.849,0.84672,3695.15,0,0,0,3.32662,1.58395,10.4904,0.721803,14.6792,0.42336,0,0.42336,460.49,0,1.02816,0,0,4.35478,3.32662,1.028160,1,0,123.64,0,0,0,123.64,0
97.506,2.75164,0,0,6.35297,0.54041,3.06092,3.6288,61.308,0.266583,0,0,2.32584,0.142519,1.91673,0.66528,12.849,1,0.362601,3.06092,0,140.094,3.12679,139.666,0.84672,12.849,0.84672,3695.15,0,0,0,3.26036,1.58394,10.3458,0.753941,14.4362,0.42336,0,0.42336,460.49,0,1.02816,0,0,4.28852,3.26036,1.028160,1,0,156.019,0,0,0,156.019,0
97.506,2.86192,0,0,7.53308,0.57351,4.09765,3.6288,61.308,0.306487,0,0,3.90112,0.146759,3.44788,0.66528,12.849,1,0.377133,4.09765,0,121.588,3.26623,122.042,0.84672,12.849,0.84672,3695.15,0,0,0,4.2962,1.58393,11.7265,0.766796,16.8398,0.42336,0,0.42336,460.49,0,1.02816,0,0,5.32436,4.2962,1.028160,1,0,142.33,0,0,0,142.33,0
97.506,2.86189,0,0,5.26852,0.57351,1.83311,3.6288,61.308,0.30648,0,0,2.33757,0.146759,1.88433,0.66528,12.849,1,0.377131,1.83311,0,100.838,3.26623,99.028,0.84672,12.849,0.84672,3695.15,0,0,0,2.70977,1.63815,9.44274,0.766796,13.0239,0.42336,0,0.42336,460.49,0,1.02816,0,0,3.73793,2.70977,1.028160,1,0,113.936,0,0,0,113.936,0
97.506,2.86187,0,0,4.55614,0.527459,1.16681,3.6288,61.308,0.306473,0,0,1.85277,0.161032,1.38527,0.66528,12.849,1,0.377128,1.16681,0,95.7701,3.44075,93.119,0.84672,12.849,0.84672,3695.15,0,0,0,2.15937,1.63814,9.18942,0.801147,12.1858,0.42336,0,0.42336,460.49,0,1.02816,0,0,3.18753,2.15937,1.028160,1,0,106.69,0,0,0,106.69,0
97.506,2.86185,0,0,4.61277,0.46451,1.28641,3.6288,61.308,0.306465,0,0,1.98974,0.188611,1.49466,0.66528,12.849,1,0.377125,1.28641,0,77.1759,3.79322,74.292,0.84672,12.849,0.84672,3695.15,0,0,0,2.64851,1.63813,8.79353,0.879098,12.2011,0.42336,0,0.42336,460.49,0,1.02816,0,0,3.67667,2.64851,1.028160,1,0,87.9877,0,0,0,87.9877,0
97.506,2.8187,0,0,3.97813,0.462447,0.696983,3.6288,61.308,0.290957,0,0,1.12145,0.200009,0.630489,0.66528,12.849,1,0.371439,0.696983,0,70.5396,3.95293,66.9122,0.84672,12.849,0.84672,3695.15,0,0,0,1.74677,1.63812,6.64577,0.921965,9.10869,0.42336,0,0.42336,460.49,0,1.02816,0,0,2.77493,1.74677,1.028160,1,0,76.6513,0,0,0,76.6513,0
97.2225,2.81868,0,0,3.36046,0.462447,0.36288,3.6288,61.308,0.29095,0,0,1.03326,0.200009,0.542299,0.66528,12.849,1,0.371436,0.36288,0,61.8394,3.95293,57.8779,0.84672,12.849,0.84672,3695.15,0,0,0,1.46156,1.61698,6.04991,0.921965,8.20649,0.42336,0,0.42336,460.49,0,1.02816,0,0,2.48972,1.46156,1.028160,1,0,66.6267,0,0,0,66.6267,0
96.6482,2.8177,0,0,3.06768,0.461359,0.36288,3.6288,61.308,0.290943,0,0,0.88941,0.200009,0.398459,0.66528,12.849,1,0.37239,0.36288,0,61.2462,3.95293,57.2838,0.84672,12.849,0.84672,3695.15,0,0,0,0.90148,1.61697,6.17619,0.921965,7.77268,0.42336,0,0.42336,460.49,0,1.02816,0,0,1.92964,0.90148,1.028160,1,0,65.4549,0,0,0,65.4549,0
96.9088,2.81573,0,0,3.83115,0.39196,0.36288,3.6288,61.308,0.290936,0,0,1.0761,0.218184,0.566984,0.66528,12.849,1,0.37434,0.36288,0,66.4886,4.18937,62.2878,0.84672,12.849,0.84672,3695.15,0,0,0,1.18384,1.61696,6.24794,0.973293,8.07544,0.42336,0,0.42336,460.49,0,1.02816,0,0,2.212,1.18384,1.028160,1,0,70.9302,0,0,0,70.9302,0
96.6313,2.96287,0,0,3.44579,0.397559,0.36288,3.6288,61.308,0.345896,0,0,0.987941,0.189952,0.452092,0.66528,12.849,1,0.392843,0.36288,0,57.2923,4.53711,52.7252,0.84672,12.849,0.84672,3695.15,0,0,0,1.02481,1.61695,5.97004,1.04608,7.56572,0.42336,0,0.42336,460.49,0,1.02816,0,0,2.05297,1.02481,1.028160,1,0,60.743,0,0,0,60.743,0
96.034,2.96185,0,0,3.03159,0.304106,0.36288,3.6288,61.308,0.345888,0,0,0.84183,0.188483,0.307459,0.66528,12.849,1,0.393836,0.36288,0,49.4788,4.50429,44.9435,0.84672,12.849,0.84672,3695.15,0,0,0,1.02527,1.69046,5.49325,0.994238,7.21474,0.42336,0,0.42336,460.49,0,1.02816,0,0,2.05343,1.02527,1.028160,1,0,52.4657,0,0,0,52.4657,0
95.3515,2.95967,0,0,2.9426,0.302589,0.36288,3.6288,61.308,0.345881,0,0,0.893998,0.188483,0.359635,0.66528,12.849,1,0.395993,0.36288,0,47.1607,4.50429,42.6233,0.84672,12.849,0.84672,3695.15,0,0,0,1.00171,1.69045,5.84362,0.994238,7.54154,0.42336,0,0.42336,460.49,0,1.02816,0,0,2.02987,1.00171,1.028160,1,0,50.5244,0,0,0,50.5244,0
94.5222,2.95715,0,0,2.79165,0.300855,0.36288,3.6288,61.308,0.345873,0,0,0.868743,0.188483,0.334388,0.66528,12.849,1,0.398488,0.36288,0,44.2947,4.50429,39.7548,0.84672,12.849,0.84672,3695.15,0,0,0,0.915304,1.69043,5.40283,0.994238,7.01434,0.42336,0,0.42336,460.49,0,1.02816,0,0,1.94346,0.915304,1.028160,1,0,47.1035,0,0,0,47.1035,0
93.5773,2.95405,0,0,2.60652,0.234546,0.36288,3.6288,61.308,0.345866,0,0,0.785765,0.228515,0.211385,0.66528,12.849,1,0.401562,0.36288,0,41.5386,4.71699,36.7829,0.84672,12.849,0.84672,3695.15,0,0,0,0.651326,1.69042,4.79963,1.08648,6.0549,0.42336,0,0.42336,460.49,0,1.02816,0,0,1.67949,0.651326,1.028160,1,0,43.0492,0,0,0,43.0492,0
92.5101,2.92165,0,0,2.42449,0.207187,0.36288,3.6288,61.308,0.376068,0,0,0.731022,0.244528,0.110426,0.66528,12.849,1,0.401169,0.36288,0,40.8652,4.80207,36.0249,0.84672,12.849,0.84672,3695.15,0,0,0,0.484574,1.69041,4.71456,1.12338,5.76617,0.42336,0,0.42336,460.49,0,1.02816,0,0,1.51273,0.484574,1.028160,1,0,41.9015,0,0,0,41.9015,0
91.2293,2.91757,0,0,2.20495,0.205292,0.36288,3.6288,61.308,0.37606,0,0,0.712826,0.244528,0.0922382,0.66528,12.849,1,0.405229,0.36288,0,40.0653,4.80207,35.2209,0.84672,12.849,0.84672,3695.15,0,0,0,0.464996,1.7076,4.51739,1.12338,5.56661,0.42336,0,0.42336,460.49,0,1.02816,0,0,1.49316,0.464996,1.028160,1,0,40.8798,0,0,0,40.8798,0
89.7521,2.91256,0,0,2.00132,0.203017,0.36288,3.6288,61.308,0.376052,0,0,0.668745,0.244528,0.0481647,0.66528,12.849,1,0.410213,0.36288,0,35.7014,4.80207,30.852,0.84672,12.849,0.84672,3695.15,0,0,0,0.296594,1.70759,4.36997,1.12338,5.25078,0.42336,0,0.42336,460.49,0,1.02816,0,0,1.32475,0.296594,1.028160,1,0,36.151,0,0,0,36.151,0
88.1774,2.90663,0,0,1.84391,0.149108,0.36288,3.6288,61.181,0.407105,0,0,0.600219,0.320111,0,0.66528,12.849,1,0.416116,0.36288,0,30.6848,5.79258,24.839,0.84672,12.849,0.84672,3695.15,0,0,0,0.261274,1.70758,3.98153,1.4833,4.46708,0.42336,0,0.42336,460.49,0,0.997099,0,0,1.25837,0.261274,1.028160,1,0,29.3061,0,0,0,29.3061,0
86.545,2.97396,0,0,1.85721,0.152752,0.36288,3.6288,61.0819,0.457279,0,0,0.675067,0.316857,0,0.66528,12.849,1,0.433359,0.36288,0,34.1652,5.79873,28.2959,0.84672,12.849,0.84672,3695.15,0,0,0,0.261274,1.70757,4.14156,1.48148,4.62892,0.42336,0,0.42336,460.49,0,0.97384,0,0,1.23511,0.261274,1.028160,1,0,32.9249,0,0,0,32.9249,0
84.7745,2.96682,0,0,1.70965,0.15051,0.36288,3.6288,60.9346,0.402952,0,0,0.572297,0.316659,0,0.66528,12.849,1,0.440472,0.36288,0,28.0629,5.79873,22.1866,0.84672,12.849,0.84672,3695.15,0,0,0,0.281845,1.74422,4.0045,1.48148,4.54908,0.42336,0,0.42336,460.49,0,1.02816,0,0,1.31001,0.281845,1.028160,1,0,26.7357,0,0,0,26.7357,0
82.8701,2.95881,0,0,1.56543,0.148079,0.36288,3.6288,60.6096,0.538678,0,0,0.530068,0.316363,0,0.66528,12.849,1,0.448458,0.36288,0,26.6735,5.79873,20.7892,0.84672,12.849,0.84672,3695.15,0,0,0,0.227405,1.7442,3.51991,1.48148,4.01004,0.42336,0,0.42336,460.49,0,0.892426,0,0,1.11983,0.227405,1.028160,1,0,24.7992,0,0,0,24.7992,0
81.0807,2.94987,0,0,1.65401,0.130659,0.36288,3.6288,60.4943,0.402936,0,0,0.608501,0.320869,0,0.66528,12.849,1,0.457376,0.36288,0,26.1606,5.94828,20.1178,0.84672,12.849,0.84672,3695.15,0,0,0,0.315645,1.74419,4.65638,1.51136,5.20486,0.42336,0,0.42336,460.49,0,1.02816,0,0,1.34381,0.315645,1.028160,1,0,25.3227,0,0,0,25.3227,0
78.5532,3.15499,0,0,1.16084,0.170503,0.36288,3.6288,59.7717,0.872124,0,0,0.446735,0.297292,0,0.66528,12.849,1,0.499976,0.36288,0,20.0274,5.66812,14.2222,0.84672,12.849,0.84672,3695.15,0,0,0,0.227405,1.74418,3.12371,1.47623,3.61907,0.42336,0,0.42336,460.49,0,0.656139,0,0,0.883544,0.227405,1.028160,1,0,17.8413,0,0,0,17.8413,0
75.8346,3.14114,0,0,0.952309,0.166889,0.36288,3.6288,58.8629,0.983485,0,0,0.375746,0.300974,0,0.66528,12.849,1,0.513798,0.36288,0,17.2864,5.69468,11.4408,0.84672,12.849,0.84672,3695.15,0,0,0,0.227405,1.86568,2.67261,1.47999,3.28571,0.42336,0,0.42336,460.49,0,0.544769,0,0,0.772174,0.227405,1.028160,1,0,14.7265,0,0,0,14.7265,0
73.5818,2.76187,0,0,1.03438,0.162424,0.36288,3.6288,58.1208,0.823078,0,0,0.380201,0.299228,0,0.66528,12.849,1,0.467955,0.36288,0,16.5212,5.69468,10.7215,0.84672,12.849,0.84672,3695.15,0,0,0,0.204422,1.86566,2.83874,1.47999,3.42884,0.42336,0,0.42336,460.49,0,0.573489,0,0,0.777911,0.204422,1.028160,1,0,14.1503,0,0,0,14.1503,0
71.8872,2.74965,0,0,1.59768,0.179772,0.36288,3.6288,57.615,0.668484,0,0,0.45732,0.294649,0,0.66528,12.849,1,0.480149,0.36288,0,26.6847,5.60562,20.9618,0.84672,12.849,0.84672,3695.15,0,0,0,0.204422,1.68426,3.00002,1.46906,3.41964,0.42336,0,0.42336,460.49,0,0.728076,0,0,0.932498,0.204422,1.028160,1,0,24.3815,0,0,0,24.3815,0
70.6244,2.74002,0,0,1.9618,0.121694,0.36288,3.6288,57.0986,0.740309,0,0,0.559684,0.335851,0,0.66528,12.849,1,0.489747,0.36288,0,27.5735,6.15459,21.2921,0.84672,12.849,0.84672,3695.15,0,0,0,0.204422,1.68425,3.13367,1.55302,3.46931,0.42336,0,0.42336,460.49,0,0.656243,0,0,0.860665,0.204422,1.028160,1,0,24.7614,0,0,0,24.7614,0
68.8481,2.64141,0,0,1.4042,0.176173,0.36288,3.6288,56.4604,0.81597,0,0,0.498236,0.320395,0,0.66528,12.849,1,0.480563,0.36288,0,25.8297,5.31642,20.3956,0.84672,12.849,0.84672,3695.15,0,0,0,0.204422,1.68423,2.44407,1.3039,3.02882,0.42336,0,0.42336,460.49,0,0.52793,0,0,0.732352,0.204422,1.028160,1,0,23.4244,0,0,0,23.4244,0
67.1909,2.63094,0,0,1.58214,0.245544,0.36288,3.6288,56.2653,0.605855,0,0,0.697896,0.287147,0,0.66528,12.849,1,0.491008,0.36288,0,24.9068,4.45998,20.3187,0.84672,12.849,0.84672,3695.15,0,0,0,0.216518,1.62336,3.26396,1.11688,3.98695,0.42336,0,0.42336,460.49,0,0.738037,0,0,0.954556,0.216518,1.028160,1,0,24.3056,0,0,0,24.3056,0
65.4461,2.62076,0,0,1.48418,0.245338,0.36288,3.6288,56.0523,0.634256,0,0,0.709024,0.287755,0,0.66528,12.849,1,0.501171,0.36288,0,30.6563,4.47625,26.0417,0.84672,12.849,0.84672,3695.15,0,0,0,0.216518,1.62334,3.30246,1.1262,4.01612,0.42336,0,0.42336,460.49,0,0.709629,0,0,0.926148,0.216518,1.028160,1,0,30.0578,0,0,0,30.0578,0
64.0854,2.60957,0,0,1.85968,0.24793,0.36288,3.6288,56.2703,0.372897,0,0,0.875042,0.284197,0,0.66528,12.849,1,0.512335,0.36288,0,61.7673,4.48152,57.1363,0.84672,12.849,0.84672,3695.15,0,0,0,0.216518,1.62333,4.36031,1.14373,5.05644,0.42336,0,0.42336,460.49,0,0.970981,0,0,1.1875,0.216518,1.028160,1,0,62.1927,0,0,0,62.1927,0
63.957,2.5268,0,0,3.04195,0.280666,0.36288,3.6288,56.9338,0.267792,0,0,1.19696,0.265628,0,0.66528,12.849,1,0.506619,0.36288,0,65.2872,4.51311,60.6304,0.84672,12.849,0.84672,3695.15,0,0,0,1.04884,1.62332,6.49149,1.2489,7.91476,0.42336,0,0.42336,460.49,0,1.02816,0,0,2.077,1.04884,1.028160,1,0,68.5451,0,0,0,68.5451,0
64.0871,2.52594,0,0,3.29925,0.280374,0.36288,3.6288,57.9255,0.267785,0,0,1.52627,0.266779,0,0.66528,12.849,1,0.507462,0.36288,0,62.6688,4.51311,58.0111,0.84672,12.849,0.84672,3695.15,0,0,0,2.20984,1.56972,7.31903,1.2489,9.84968,0.42336,0,0.42336,460.49,0,1.02816,0,0,3.238,2.20984,1.028160,1,0,67.8608,0,0,0,67.8608,0
64.1258,2.52677,0,0,3.20902,0.28067,0.36288,3.6288,58.7808,0.267778,0,0,1.3915,0.268499,0,0.66528,12.849,1,0.5066,0.36288,0,77.0066,4.51311,72.3498,0.84672,12.849,0.84672,3695.15,0,0,0,1.38813,1.56971,7.6801,1.2489,9.38903,0.42336,0,0.42336,460.49,0,1.02816,0,0,2.41629,1.38813,1.028160,1,0,81.7388,0,0,0,81.7388,0
64.4105,2.52701,0,0,3.45001,0.275448,0.36288,3.6288,59.4729,0.267771,0,0,1.17526,0.215386,0,0.66528,12.849,1,0.506341,0.36288,0,73.5065,4.11503,69.248,0.84672,12.849,0.84672,3695.15,0,0,0,0.970669,1.5697,6.72935,1.06544,8.20427,0.42336,0,0.42336,460.49,0,1.02816,0,0,1.99883,0.970669,1.028160,1,0,77.4523,0,0,0,77.4523,0
64.5004,2.31942,0,0,3.05962,0.287344,0.36288,3.6288,60.1488,0.167968,0,0,1.02571,0.181763,0,0.66528,12.849,1,0.462692,0.36288,0,55.3866,3.61202,51.6748,0.84672,12.849,0.84672,3695.15,0,0,0,0.891009,1.56969,6.45668,0.859206,8.05817,0.42336,0,0.42336,460.49,0,1.02816,0,0,1.91917,0.891009,1.028160,1,0,59.733,0,0,0,59.733,0
65.4267,2.31994,0,0,3.90309,0.294027,0.36288,3.6288,61.0116,0.167961,0,0,1.21028,0.179525,0,0.66528,12.849,1,0.46215,0.36288,0,77.4319,3.64161,73.6911,0.84672,12.849,0.84672,3695.15,0,0,0,0.896521,1.4455,7.1694,0.83464,8.67678,0.42336,0,0.42336,460.49,0,1.02816,0,0,1.92468,0.896521,1.028160,1,0,82.3678,0,0,0,82.3678,0
67.0181,2.32539,0,0,4.57595,0.296223,0.36288,3.6288,61.308,0.167955,0,0,1.6896,0.180511,1.04477,0.66528,12.849,1,0.456678,0.36288,0,128.926,3.64161,125.191,0.84672,12.849,0.84672,3695.15,0,0,0,1.38154,1.44549,9.05109,0.83464,11.0435,0.42336,0,0.42336,460.49,0,1.02816,0,0,2.4097,1.38154,1.028160,1,0,137.279,0,0,0,137.279,0
67.7607,2.33447,0,0,3.74182,0.301902,0.36288,3.6288,61.308,0.167949,0,0,1.50661,0.204954,1.13371,0.66528,12.849,1,0.447574,0.36288,0,84.6573,4.00291,80.5697,0.84672,12.849,0.84672,3695.15,0,0,0,1.06163,1.44548,7.03123,0.977144,8.5612,0.42336,0,0.42336,460.49,0,1.02816,0,0,2.08979,1.06163,1.028160,1,0,90.2646,0,0,0,90.2646,0
67.7605,2.33857,0,0,3.02572,0.324492,0.36288,3.6288,61.308,0.167942,0,0,0.836603,0.24412,0.42454,0.66528,12.849,1,0.443448,0.36288,0,53.6711,4.62298,48.9675,0.84672,12.849,0.84672,3695.15,0,0,0,0.728577,1.44547,5.54501,1.19981,6.51925,0.42336,0,0.42336,460.49,0,1.02816,0,0,1.75674,0.728577,1.028160,1,0,55.9113,0,0,0,55.9113,0
66.6292,2.41977,0,0,2.00018,0.348842,0.36288,3.6288,61.308,0.196829,0,0,0.580731,0.253488,0.130414,0.66528,12.849,1,0.458845,0.36288,0,31.5935,4.80742,26.6901,0.84672,12.849,0.84672,3695.15,0,0,0,0.424025,1.44546,3.68481,1.24336,4.31094,0.42336,0,0.42336,460.49,0,1.02816,0,0,1.45219,0.424025,1.028160,1,0,31.1314,0,0,0,31.1314,0
65.2875,2.41319,0,0,1.78016,0.345741,0.36288,3.6288,61.1775,0.369986,0,0,0.492941,0.253488,0,0.66528,12.849,1,0.465369,0.36288,0,29.0828,4.80742,24.1728,0.84672,12.849,0.84672,3695.15,0,0,0,0.412474,1.48588,3.22351,1.24336,3.87851,0.42336,0,0.42336,460.49,0,0.854989,0,0,1.26746,0.412474,1.028160,1,0,28.0514,0,0,0,28.0514,0
64.2538,2.40516,0,0,2.04286,0.308587,0.36288,3.6288,61.308,0.1968,0,0,0.951877,0.238697,0.385847,0.66528,12.849,1,0.473351,0.36288,0,31.3817,4.71202,26.5592,0.84672,12.849,0.84672,3695.15,0,0,0,0.679882,1.48586,4.62476,1.07885,5.71165,0.42336,0,0.42336,460.49,0,1.02816,0,0,1.70804,0.679882,1.028160,1,0,32.6567,0,0,0,32.6567,0
62.9957,2.39877,0,0,1.80413,0.300497,0.36288,3.6288,61.308,0.196786,0,0,0.766752,0.236461,0.333505,0.66528,12.849,1,0.479689,0.36288,0,39.6867,4.69612,34.8738,0.84672,12.849,0.84672,3695.15,0,0,0,0.518746,1.48584,4.14761,1.05143,5.10076,0.42336,0,0.42336,460.49,0,1.02816,0,0,1.54691,0.518746,1.028160,1,0,40.308,0,0,0,40.308,0
61.0581,2.64847,0,0,1.39604,0.322304,0.36288,3.6288,61.0048,0.564459,0,0,0.493408,0.232148,0,0.66528,12.849,1,0.540198,0.36288,0,23.465,3.78024,19.5075,0.84672,12.849,0.84672,3695.15,0,0,0,0.503194,1.48582,2.92932,1.05123,3.8671,0.42336,0,0.42336,460.49,0,0.768943,0,0,1.27214,0.503194,1.028160,1,0,23.3746,0,0,0,23.3746,0
59.122,2.63426,0,0,1.37645,0.315479,0.36288,3.6288,60.8731,0.369058,0,0,0.45794,0.220602,0,0.66528,12.849,1,0.55435,0.36288,0,23.4149,3.87072,19.3527,0.84672,12.849,0.84672,3695.15,0,0,0,0.503194,1.62774,3.16539,1.0714,4.22492,0.42336,0,0.42336,460.49,0,0.964328,0,0,1.46752,0.503194,1.028160,1,0,23.5776,0,0,0,23.5776,0
57.6194,2.6193,0,0,1.78957,0.309969,0.36288,3.6288,60.8757,0.30521,0,0,0.528203,0.220418,0,0.66528,12.849,1,0.569254,0.36288,0,31.764,3.87072,27.6869,0.84672,12.849,0.84672,3695.15,0,0,0,0.616602,1.62772,3.77901,1.0714,4.95193,0.42336,0,0.42336,460.49,0,1.02816,0,0,1.64476,0.616602,1.028160,1,0,32.6388,0,0,0,32.6388,0
56.2744,2.60712,0,0,1.92518,0.300137,0.36288,3.6288,60.7713,0.440142,0,0,0.558286,0.222476,0,0.66528,12.849,1,0.581382,0.36288,0,34.3553,3.85822,30.2786,0.84672,12.849,0.84672,3695.15,0,0,0,0.608429,1.6277,3.52257,1.06303,4.69566,0.42336,0,0.42336,460.49,0,0.893212,0,0,1.50164,0.608429,1.028160,1,0,34.9743,0,0,0,34.9743,0
57.9944,2.23553,0,0,4.61229,0.293852,0.36288,3.6288,61.308,0.159619,0,0,1.32401,0.181491,0.446224,0.66528,12.849,1,0.510433,0.36288,0,56.3652,2.96866,53.249,0.84672,12.849,0.84672,3695.15,0,0,0,1.9953,1.62767,7.83942,0.875993,10.5864,0.42336,0,0.42336,460.49,0,1.02816,0,0,3.02346,1.9953,1.028160,1,0,64.2816,0,0,0,64.2816,0
59.9914,2.24788,0,0,4.90654,0.298865,0.36288,3.6288,61.308,0.159605,0,0,1.66545,0.182109,1.32374,0.66528,12.849,1,0.498031,0.36288,0,76.0498,2.96866,72.946,0.84672,12.849,0.84672,3695.15,0,0,0,2.30342,1.43227,9.74748,0.875993,12.6072,0.42336,0,0.42336,460.49,0,1.02816,0,0,3.33158,2.30342,1.028160,1,0,86.8769,0,0,0,86.8769,0
63.4838,2.2615,0,0,6.42152,0.304684,0.36288,3.6288,61.308,0.159592,0,0,1.56313,0.182109,1.22143,0.66528,12.849,1,0.484369,0.36288,0,110.668,2.96866,107.578,0.84672,12.849,0.84672,3695.15,0,0,0,2.45002,1.43225,11.4528,0.875993,14.4591,0.42336,0,0.42336,460.49,0,1.02816,0,0,3.47818,2.45002,1.028160,1,0,123.258,0,0,0,123.258,0
66.2218,2.28362,0,0,5.69385,0.309392,0.36288,3.6288,61.308,0.159578,0,0,1.37784,0.207097,1.01116,0.66528,12.849,1,0.4622,0.36288,0,84.0542,3.52401,80.4309,0.84672,12.849,0.84672,3695.15,0,0,0,2.44745,1.43223,10.3561,1.02737,13.2084,0.42336,0,0.42336,460.49,0,1.02816,0,0,3.47561,2.44745,1.028160,1,0,94.6505,0,0,0,94.6505,0
69.045,2.29958,0,0,5.80208,0.316395,0.36288,3.6288,61.308,0.159564,0,0,1.64219,0.210638,1.27199,0.66528,12.849,1,0.446188,0.36288,0,103.835,3.83331,99.918,0.84672,12.849,0.84672,3695.15,0,0,0,2.04179,1.43221,9.71189,1.06355,12.1223,0.42336,0,0.42336,460.49,0,1.02816,0,0,3.06995,2.04179,1.028160,1,0,113.312,0,0,0,113.312,0
70.6803,2.40882,0,0,4.73507,0.328099,0.36288,3.6288,61.308,0.195157,0,0,1.64697,0.188306,1.26351,0.66528,12.849,1,0.448273,0.36288,0,74.3161,3.50994,70.7208,0.84672,12.849,0.84672,3695.15,0,0,0,1.6437,1.43219,6.12309,0.9393,8.25968,0.42336,0,0.42336,460.49,0,1.02816,0,0,2.67186,1.6437,1.028160,1,0,80.244,0,0,0,80.244,0
71.9667,2.41756,0,0,4.40821,0.341307,0.36288,3.6288,61.308,0.195143,0,0,1.87561,0.179484,1.50098,0.66528,12.849,1,0.439489,0.36288,0,67.3125,3.29367,63.9422,0.84672,12.849,0.84672,3695.15,0,0,0,1.78905,1.48055,8.39549,0.89818,10.7669,0.42336,0,0.42336,460.49,0,1.02816,0,0,2.81721,1.78905,1.028160,1,0,76.2101,0,0,0,76.2101,0
72.755,2.42418,0,0,3.88455,0.309206,0.36288,3.6288,61.308,0.195129,0,0,1.94298,0.195783,1.55207,0.66528,12.849,1,0.432816,0.36288,0,63.1035,3.50878,59.5247,0.84672,12.849,0.84672,3695.15,0,0,0,1.89057,1.48053,6.50697,0.934789,8.94329,0.42336,0,0.42336,460.49,0,1.02816,0,0,2.91873,1.89057,1.028160,1,0,70.0201,0,0,0,70.0201,0
72.9092,2.42813,0,0,3.35876,0.413567,0.36288,3.6288,61.308,0.195114,0,0,0.988839,0.204521,0.589204,0.66528,12.849,1,0.428823,0.36288,0,55.476,3.66913,51.7409,0.84672,12.849,0.84672,3695.15,0,0,0,0.66706,1.48051,4.39748,0.964979,5.58008,0.42336,0,0.42336,460.49,0,1.02816,0,0,1.69522,0.66706,1.028160,1,0,57.9102,0,0,0,57.9102,0
72.7961,2.39184,0,0,3.03086,0.389251,0.36288,3.6288,61.308,0.181272,0,0,0.862661,0.226365,0.455024,0.66528,12.849,1,0.421521,0.36288,0,52.2776,4.07001,48.149,0.84672,12.849,0.84672,3695.15,0,0,0,0.810726,1.48049,4.77987,1.04045,6.03064,0.42336,0,0.42336,460.49,0,1.02816,0,0,1.83889,0.810726,1.028160,1,0,54.6346,0,0,0,54.6346,0
72.1137,2.39124,0,0,2.46051,0.388793,0.36288,3.6288,61.308,0.181258,0,0,0.76432,0.226365,0.356697,0.66528,12.849,1,0.42207,0.36288,0,44.5119,4.07001,40.3827,0.84672,12.849,0.84672,3695.15,0,0,0,0.650834,1.46163,4.10904,1.04045,5.18105,0.42336,0,0.42336,460.49,0,1.02816,0,0,1.67899,0.650834,1.028160,1,0,45.9204,0,0,0,45.9204,0
71.2736,2.38781,0,0,2.19469,0.284032,0.36288,3.6288,61.2425,0.488154,0,0,0.648985,0.226365,0,0.66528,12.849,1,0.425453,0.36288,0,42.454,4.07001,38.3214,0.84672,12.849,0.84672,3695.15,0,0,0,0.528595,1.46161,3.86366,1.04045,4.81341,0.42336,0,0.42336,460.49,0,0.72125,0,0,1.24985,0.528595,1.028160,1,0,43.1349,0,0,0,43.1349,0
70.9309,2.38352,0,0,2.6729,0.269199,0.36288,3.6288,61.308,0.381263,0,0,0.732954,0.232328,0.0538289,0.66528,12.849,1,0.429694,0.36288,0,47.7887,4.14882,43.5731,0.84672,12.849,0.84672,3695.15,0,0,0,0.402797,1.46159,4.45624,1.05756,5.26306,0.42336,0,0.42336,460.49,0,0.828127,0,0,1.23092,0.402797,1.028160,1,0,48.89,0,0,0,48.89,0
69.9336,2.50685,0,0,2.07713,0.204733,0.36288,3.6288,61.308,0.331694,0,0,0.602052,0.222427,0.0479304,0.66528,12.849,1,0.454111,0.36288,0,32.6802,4.24125,28.3477,0.84672,12.849,0.84672,3695.15,0,0,0,0.402797,1.46157,3.13,1.11814,3.87623,0.42336,0,0.42336,460.49,0,0.926718,0,0,1.32951,0.402797,1.028160,1,0,32.2719,0,0,0,32.2719,0
68.7683,2.50133,0,0,1.87822,0.179346,0.36288,3.6288,61.2694,0.388556,0,0,0.570866,0.220951,0,0.66528,12.849,1,0.459574,0.36288,0,28.2874,4.36747,23.8232,0.84672,12.849,0.84672,3695.15,0,0,0,0.402797,1.52713,2.83865,1.07602,3.69256,0.42336,0,0.42336,460.49,0,0.869841,0,0,1.27264,0.402797,1.028160,1,0,27.5158,0,0,0,27.5158,0
67.5739,2.49473,0,0,1.84099,0.177731,0.36288,3.6288,61.2533,0.412561,0,0,0.617422,0.220897,0,0.66528,12.849,1,0.466128,0.36288,0,27.0983,4.36747,22.6276,0.84672,12.849,0.84672,3695.15,0,0,0,0.402797,1.52711,3.05875,1.07602,3.91264,0.42336,0,0.42336,460.49,0,0.845821,0,0,1.24862,0.402797,1.028160,1,0,26.5402,0,0,0,26.5402,0
66.2655,2.48777,0,0,1.71825,0.176076,0.36288,3.6288,61.1961,0.400562,0,0,0.564246,0.220874,0,0.66528,12.849,1,0.473042,0.36288,0,25.3322,4.36747,20.8546,0.84672,12.849,0.84672,3695.15,0,0,0,0.30119,1.52709,2.70857,1.07602,3.46083,0.42336,0,0.42336,460.49,0,0.857805,0,0,1.159,0.30119,1.028160,1,0,24.3154,0,0,0,24.3154,0
64.7982,2.4799,0,0,1.52718,0.151698,0.36288,3.6288,61.2035,0.3546,0,0,0.585444,0.223446,0,0.66528,12.849,1,0.480857,0.36288,0,25.2257,4.38169,20.726,0.84672,12.849,0.84672,3695.15,0,0,0,0.30119,1.52707,2.93131,1.06388,3.69569,0.42336,0,0.42336,460.49,0,0.903753,0,0,1.20494,0.30119,1.028160,1,0,24.4217,0,0,0,24.4217,0
63.1651,2.44638,0,0,1.30938,0.133202,0.36288,3.6288,61.2986,0.291894,0,0,0.61238,0.225445,0,0.66528,12.849,1,0.4851,0.36288,0,25.5544,4.39236,21.0398,0.84672,12.849,0.84672,3695.15,0,0,0,0.30119,1.52705,2.99608,1.05477,3.76955,0.42336,0,0.42336,460.49,0,0.993393,0,0,1.29458,0.30119,1.028160,1,0,24.8093,0,0,0,24.8093,0
61.4149,2.43592,0,0,1.18009,0.131452,0.36288,3.6288,61.1865,0.456713,0,0,0.570262,0.225581,0,0.66528,12.849,1,0.495513,0.36288,0,23.685,4.39236,19.16,0.84672,12.849,0.84672,3695.15,0,0,0,0.30119,1.54237,2.85264,1.05477,3.64143,0.42336,0,0.42336,460.49,0,0.828559,0,0,1.12975,0.30119,1.028160,1,0,22.8014,0,0,0,22.8014,0
59.6485,2.4242,0,0,1.12844,0.10774,0.36288,3.6288,61.0144,0.431071,0,0,0.539123,0.280224,0,0.66528,12.849,1,0.507182,0.36288,0,21.3535,5.09811,16.1111,0.84672,12.849,0.84672,3695.15,0,0,0,0.261274,1.54235,2.7103,1.31238,3.20154,0.42336,0,0.42336,460.49,0,0.854185,0,0,1.11546,0.261274,1.028160,1,0,19.3126,0,0,0,19.3126,0
57.8168,2.4118,0,0,1.04,0.0970845,0.36288,3.6288,60.7985,0.428732,0,0,0.512887,0.300028,0,0.66528,12.849,1,0.51953,0.36288,0,19.6096,5.36693,14.086,0.84672,12.849,0.84672,3695.15,0,0,0,0.261274,1.54233,2.62808,1.4198,3.01188,0.42336,0,0.42336,460.49,0,0.856509,0,0,1.11778,0.261274,1.028160,1,0,17.0979,0,0,0,17.0979,0
56.0177,2.46004,0,0,1.11689,0.0930384,0.36288,3.6288,60.7295,0.318165,0,0,0.538107,0.288906,0,0.66528,12.849,1,0.546711,0.36288,0,19.866,5.28601,14.3961,0.84672,12.849,0.84672,3695.15,0,0,0,0.261274,1.54231,2.70727,1.44602,3.06483,0.42336,0,0.42336,460.49,0,0.991077,0,0,1.25235,0.261274,1.028160,1,0,17.4609,0,0,0,17.4609,0
54.1341,2.44572,0,0,1.01641,0.0914036,0.36288,3.6288,60.5205,0.436457,0,0,0.516227,0.288779,0,0.66528,12.849,1,0.560983,0.36288,0,18.659,5.28601,13.1749,0.84672,12.849,0.84672,3695.15,0,0,0,0.261274,1.57498,2.51688,1.44602,2.90711,0.42336,0,0.42336,460.49,0,0.87277,0,0,1.13404,0.261274,1.028160,1,0,16.082,0,0,0,16.082,0
52.1445,2.4299,0,0,0.879517,0.0763843,0.36288,3.6288,60.2903,0.448857,0,0,0.514062,0.295427,0,0.66528,12.849,1,0.576748,0.36288,0,17.803,5.52783,12.0613,0.84672,12.849,0.84672,3695.15,0,0,0,0.261274,1.57496,2.55046,1.47607,2.91063,0.42336,0,0.42336,460.49,0,0.860354,0,0,1.12163,0.261274,1.028160,1,0,14.9719,0,0,0,14.9719,0
50.0413,2.4122,0,0,0.754773,0.082904,0.36288,3.6288,60.0621,0.43805,0,0,0.492942,0.283079,0,0.66528,12.849,1,0.594394,0.36288,0,16.6488,5.40844,11.0089,0.84672,12.849,0.84672,3695.15,0,0,0,0.227405,1.57494,2.44167,1.34261,2.90141,0.42336,0,0.42336,460.49,0,0.871145,0,0,1.09855,0.227405,1.028160,1,0,13.9103,0,0,0,13.9103,0
47.7153,2.56812,0,0,0.66636,0.0612922,0.36288,3.6288,59.5778,0.625249,0,0,0.408844,0.267911,0,0.66528,12.849,1,0.659412,0.36288,0,13.8371,5.37529,8.16531,0.84672,12.849,0.84672,3695.15,0,0,0,0.227405,1.57492,2.32061,1.4366,2.68633,0.42336,0,0.42336,460.49,0,0.77061,0,0,0.998015,0.227405,1.028160,1,0,10.8516,0,0,0,10.8516,0
45.394,2.54276,0,0,0.636311,0.0520466,0.36288,3.6288,58.9791,0.703942,0,0,0.366456,0.261199,0,0.66528,12.849,1,0.684725,0.36288,0,11.9547,5.36203,6.27086,0.84672,12.849,0.84672,3695.15,0,0,0,0.227405,1.68328,2.28207,1.4742,2.71855,0.42336,0,0.42336,460.49,0,0.6919,0,0,0.919305,0.227405,1.028160,1,0,8.98941,0,0,0,8.98941,0
43.3436,2.51542,0,0,0.878714,0.0507241,0.36288,3.6288,58.5448,0.579941,0,0,0.405838,0.2602,0,0.66528,12.849,1,0.712004,0.36288,0,12.8232,5.36203,7.11207,0.84672,12.849,0.84672,3695.15,0,0,0,0.227405,1.68326,2.54399,1.4742,2.98045,0.42336,0,0.42336,460.49,0,0.815884,0,0,1.04329,0.227405,1.028160,1,0,10.0925,0,0,0,10.0925,0
41.6998,2.4894,0,0,1.27935,0.070941,0.36288,3.6288,58.4063,0.426487,0,0,0.540213,0.252233,0,0.66528,12.849,1,0.73797,0.36288,0,21.3983,5.22212,15.8011,0.84672,12.849,0.84672,3695.15,0,0,0,0.204422,1.68323,2.82908,1.45184,3.2649,0.42336,0,0.42336,460.49,0,0.969322,0,0,1.17374,0.204422,1.028160,1,0,19.066,0,0,0,19.066,0
39.9884,2.46712,0,0,1.18627,0.0676461,0.36288,3.6288,58.154,0.54012,0,0,0.543241,0.255407,0,0.66528,12.849,1,0.760197,0.36288,0,23.3202,5.523,17.3999,0.84672,12.849,0.84672,3695.15,0,0,0,0.204422,1.68321,2.40379,1.40023,2.89119,0.42336,0,0.42336,460.49,0,0.855671,0,0,1.06009,0.204422,1.028160,1,0,20.2911,0,0,0,20.2911,0
38.1885,2.36095,0,0,0.997091,0.0731874,0.36288,3.6288,58.3873,0.315007,0,0,0.816505,0.268244,0,0.66528,12.849,1,0.758617,0.36288,0,18.5141,5.65824,12.4602,0.84672,12.849,0.84672,3695.15,0,0,0,0.682871,1.68319,2.88173,1.34041,3.90737,0.42336,0,0.42336,460.49,0,1.02816,0,0,1.71103,0.682871,1.028160,1,0,16.3675,0,0,0,16.3675,0
36.2729,2.33416,0,0,0.853174,0.0716739,0.36288,3.6288,57.9757,0.593934,0,0,0.450979,0.268648,0,0.66528,12.849,1,0.785357,0.36288,0,18.4959,5.65824,12.4152,0.84672,12.849,0.84672,3695.15,0,0,0,0.204422,1.62234,2.14469,1.34041,2.63104,0.42336,0,0.42336,460.49,0,0.749218,0,0,0.95364,0.204422,1.028160,1,0,15.0462,0,0,0,15.0462,0
34.4129,2.30349,0,0,0.890136,0.0838281,0.36288,3.6288,57.5215,0.635199,0,0,0.434152,0.253094,0,0.66528,12.849,1,0.815969,0.36288,0,17.7783,5.45061,11.8746,0.84672,12.849,0.84672,3695.15,0,0,0,0.216518,1.62232,2.15826,1.27552,2.72158,0.42336,0,0.42336,460.49,0,0.707936,0,0,0.924454,0.216518,1.028160,1,0,14.5962,0,0,0,14.5962,0
34.1983,2.27134,0,0,2.58231,0.162677,0.36288,3.6288,58.0661,0.314959,0,0,1.02306,0.163562,0,0.66528,12.849,1,0.848068,0.36288,0,53.5842,4.20483,48.8941,0.84672,12.849,0.84672,3695.15,0,0,0,0.396464,1.62229,5.66866,0.886128,6.80129,0.42336,0,0.42336,460.49,0,1.02816,0,0,1.42462,0.396464,1.028160,1,0,55.6954,0,0,0,55.6954,0
33.6868,2.20318,0,0,2.22204,0.167429,0.36288,3.6288,58.4558,0.26706,0,0,0.938529,0.281759,0,0.66528,12.849,1,0.827781,0.36288,0,49.2661,4.96073,43.8405,0.84672,12.849,0.84672,3695.15,0,0,0,0.266682,1.62227,4.96695,1.15326,5.70263,0.42336,0,0.42336,460.49,0,1.02816,0,0,1.29484,0.266682,1.028160,1,0,49.5432,0,0,0,49.5432,0
33.4255,2.19405,0,0,2.46194,0.16638,0.36288,3.6288,58.8036,0.267045,0,0,0.897333,0.282467,0,0.66528,12.849,1,0.836865,0.36288,0,25.0147,4.96073,19.58,0.84672,12.849,0.84672,3695.15,0,0,0,0.658342,1.56869,4.43721,1.15326,5.51098,0.42336,0,0.42336,460.49,0,1.02816,0,0,1.6865,0.658342,1.028160,1,0,25.091,0,0,0,25.091,0
32.9916,2.18928,0,0,2.28417,0.165843,0.36288,3.6288,59.3389,0.26703,0,0,1.08542,0.2831,0,0.66528,12.849,1,0.841577,0.36288,0,29.3182,4.96073,23.8788,0.84672,12.849,0.84672,3695.15,0,0,0,0.742746,1.56867,4.95936,1.15326,6.11751,0.42336,0,0.42336,460.49,0,1.02816,0,0,1.77091,0.742746,1.028160,1,0,29.9963,0,0,0,29.9963,0
