0volume,0demand,0up_spill,0ww_inflow,0catch_inflow,0evap,0ds_spill,0treat_cap,1volume,1demand,1up_spill,1ww_inflow,1catch_inflow,1evap,1ds_spill,1treat_cap,2volume,2s_area,2demand,2up_spill,2ww_inflow,2catch_inflow,2evap,2ds_spill,2treat_cap,2valloc_0,2talloc_0,2valloc_1,2talloc_1,3volume,3demand,3up_spill,3ww_inflow,3catch_inflow,3evap,3ds_spill,3treat_cap,3valloc_1,3talloc_1,3valloc_2,3talloc_2,4demand,4up_spill,4ww_inflow,4catch_inflow,4ds_spill,4treat_cap,11volume,11s_area,11demand,11up_spill,11ww_inflow,11catch_inflow,11evap,11ds_spill,11treat_cap
72.185,2.09704,0,0,2.66538,0.310414,0.36288,3.6288,61.308,0,0,0,1.52401,0.138339,1.38567,0.66528,12.849,1,0.372733,0.36288,0,67.9161,3.9397,63.9665,0.84672,12.849,0.84672,3695.15,0,36.966,0,2.00201,0,7.40776,0.826315,8.58346,0.42336,36.966,0.42336,423.524,0,1.43262,0,0,3.43462,2.00201,1.028160,1,0,73.9357,0,0,0,73.9357,0
72.29,2.09712,0,0,3.5862,0.319615,1.06451,3.6288,61.308,0.252551,0,0,2.06924,0.105567,1.71112,0.66528,12.849,1,0.37329,1.06451,0,89.4681,3.46888,86.6904,0.84672,12.849,0.84672,3695.15,0,36.966,0.152277,3.57935,1.56967,11.7221,0.585897,16.133,0.42336,36.966,0.42336,423.524,0,1.02816,0,0,4.60751,3.57935,1.028160,1,0,104.535,0,0,0,104.535,0
72.29,2.09813,0,0,2.79883,0.319869,0.380835,3.6288,61.308,0.252783,0,0,1.81504,0.105567,1.45669,0.66528,12.849,1,0.372926,0.380835,0,60.62,3.46888,57.159,0.84672,12.849,0.84672,3695.15,0,36.966,0.152417,3.00316,1.57008,8.5682,0.585897,12.4031,0.42336,36.966,0.42336,423.524,0,1.02816,0,0,4.03132,3.00316,1.028160,1,0,71.0188,0,0,0,71.0188,0
72.29,2.09867,0,0,3.03878,0.319869,0.620241,3.6288,61.308,0.253015,0,0,1.791,0.105567,1.43242,0.66528,12.849,1,0.373023,0.620241,0,64.8958,3.46888,61.6742,0.84672,12.849,0.84672,3695.15,0,36.966,0.152557,2.87664,1.57049,9.25733,0.585897,12.966,0.42336,36.966,0.42336,423.524,0,1.02816,0,0,3.9048,2.87664,1.028160,1,0,76.0726,0,0,0,76.0726,0
72.29,2.30397,0,0,3.93189,0.34345,1.28447,3.6288,61.308,0.358441,0,0,2.21634,0.094296,1.7636,0.66528,12.849,1,0.409513,1.28447,0,72.6209,3.82211,69.6738,0.84672,12.849,0.84672,3695.15,0,36.966,0.216124,3.78635,1.5709,12.4199,0.734239,16.8268,0.42336,36.966,0.42336,423.524,0,1.02816,0,0,4.81451,3.78635,1.028160,1,0,88.2642,0,0,0,88.2642,0
72.29,2.30457,0,0,4.59918,0.342866,1.95175,3.6288,61.308,0.3587,0,0,2.53109,0.0945117,2.07788,0.66528,12.849,1,0.40962,1.95175,0,114.061,3.95818,111.645,0.84672,12.849,0.84672,3695.15,0,36.966,0.21628,5.21694,1.74677,16.0038,0.873956,21.8773,0.42336,36.966,0.42336,423.524,0,1.02816,0,0,6.2451,5.21694,1.028160,1,0,135.6,0,0,0,135.6,0
72.29,2.30517,0,0,3.81707,0.342866,1.16904,3.6288,61.308,0.35896,0,0,1.94685,0.0945117,1.49338,0.66528,12.849,1,0.409726,1.16904,0,70.7495,3.95818,67.5506,0.84672,12.849,0.84672,3695.15,0,36.966,0.216437,3.22931,1.74723,14.4413,0.873956,18.3275,0.42336,36.966,0.42336,423.524,0,1.02816,0,0,4.25747,3.22931,1.028160,1,0,87.3715,0,0,0,87.3715,0
72.29,2.30576,0,0,6.81337,0.335074,4.17254,3.6288,61.308,0.35922,0,0,3.51925,0.11111,3.04892,0.66528,12.849,1,0.409832,4.17254,0,112.616,4.3513,112.028,0.84672,12.849,0.84672,3695.15,0,36.966,0.216593,7.51953,1.74768,18.5579,0.996943,26.6115,0.42336,36.966,0.42336,423.524,0,1.02816,0,0,8.54769,7.51953,1.028160,1,0,141.688,0,0,0,141.688,0
72.29,2.01402,0,0,5.3102,0.350645,2.94554,3.6288,61.308,0.218162,0,0,2.93874,0.152783,2.5678,0.66528,12.849,1,0.357976,2.94554,0,106.232,4.46374,104.356,0.84672,12.849,0.84672,3695.15,0,36.966,0.131542,6.79162,1.74813,16.735,1.09694,24.0463,0.42336,36.966,0.42336,423.524,0,1.02816,0,0,7.81978,6.79162,1.028160,1,0,130.97,0,0,0,130.97,0
72.29,2.01454,0,0,5.37745,0.370116,2.99279,3.6288,61.308,0.218385,0,0,2.04238,0.167439,1.65656,0.66528,12.849,1,0.358069,2.99279,0,102.519,4.15495,100.999,0.84672,12.849,0.84672,3695.15,0,36.966,0.131677,5.31817,1.50905,12.3902,1.04896,18.0368,0.42336,36.966,0.42336,423.524,0,1.02816,0,0,6.34633,5.31817,1.028160,1,0,120.692,0,0,0,120.692,0
72.29,2.01506,0,0,3.77095,0.370116,1.38578,3.6288,61.308,0.218608,0,0,1.61367,0.167439,1.22762,0.66528,12.849,1,0.358162,1.38578,0,103.642,4.15495,100.515,0.84672,12.849,0.84672,3695.15,0,36.966,0.131811,4.00899,1.50944,10.4942,1.04896,14.8319,0.42336,36.966,0.42336,423.524,0,1.02816,0,0,5.03715,4.00899,1.028160,1,0,116.574,0,0,0,116.574,0
72.29,2.01559,0,0,3.38285,0.324803,1.04247,3.6288,61.308,0.218831,0,0,1.07247,0.143374,0.71027,0.66528,12.849,1,0.358255,1.04247,0,87.0255,3.80618,83.9036,0.84672,12.849,0.84672,3695.15,0,36.966,0.131946,2.84594,1.50983,9.26493,0.998857,12.4899,0.42336,36.966,0.42336,423.524,0,1.02816,0,0,3.8741,2.84594,1.028160,1,0,97.1037,0,0,0,97.1037,0
72.29,2.01611,0,0,4.08312,0.296907,1.7701,3.6288,61.308,0.219055,0,0,1.46754,0.132451,1.11603,0.66528,12.849,1,0.358348,1.7701,0,90.9749,3.57609,88.8105,0.84672,12.849,0.84672,3695.15,0,36.966,0.13208,4.04367,1.51022,10.2321,0.969804,14.6841,0.42336,36.966,0.42336,423.524,0,1.02816,0,0,5.07183,4.04367,1.028160,1,0,104.611,0,0,0,104.611,0
72.29,2.09032,0,0,4.27156,0.333437,1.8478,3.6288,61.308,0.253894,0,0,1.49628,0.17521,1.06717,0.66528,12.849,1,0.371538,1.8478,0,80.7581,3.76509,78.4693,0.84672,12.849,0.84672,3695.15,0,36.966,0.153087,3.65843,1.51062,7.19013,1.02095,11.1851,0.42336,36.966,0.42336,423.524,0,1.02816,0,0,4.68659,3.65843,1.028160,1,0,90.7216,0,0,0,90.7216,0
72.29,2.09086,0,0,3.83528,0.333437,1.41098,3.6288,61.308,0.254127,0,0,1.95271,0.17521,1.52337,0.66528,12.849,1,0.371634,1.41098,0,71.5539,3.76509,68.8281,0.84672,12.849,0.84672,3695.15,0,36.966,0.153227,3.74505,1.57014,8.01655,1.02095,12.1576,0.42336,36.966,0.42336,423.524,0,1.02816,0,0,4.77321,3.74505,1.028160,1,0,82.5091,0,0,0,82.5091,0
72.29,2.0914,0,0,3.83831,0.333437,1.41347,3.6288,61.308,0.254359,0,0,1.84705,0.17521,1.41748,0.66528,12.849,1,0.371731,1.41347,0,78.8512,3.76509,76.1279,0.84672,12.849,0.84672,3695.15,0,36.966,0.153367,4.27042,1.57055,8.17681,1.02095,12.8435,0.42336,36.966,0.42336,423.524,0,1.02816,0,0,5.29858,4.27042,1.028160,1,0,90.3888,0,0,0,90.3888,0
72.29,2.09194,0,0,3.44137,0.315152,1.03428,3.6288,61.308,0.254592,0,0,1.17501,0.194945,0.725469,0.66528,12.849,1,0.371827,1.03428,0,61.3763,4.01991,58.0189,0.84672,12.849,0.84672,3695.15,0,36.966,0.153507,2.56097,1.57096,4.88794,1.09223,7.77413,0.42336,36.966,0.42336,423.524,0,1.02816,0,0,3.58913,2.56097,1.028160,1,0,66.5185,0,0,0,66.5185,0
72.29,2.06365,0,0,3.06668,0.279479,0.723556,3.6288,61.308,0.241366,0,0,1.48245,0.197891,1.04319,0.66528,12.849,1,0.366798,0.723556,0,62.5105,4.33566,58.5316,0.84672,12.849,0.84672,3695.15,0,36.966,0.145533,3.28825,1.57136,8.36637,1.0371,12.0434,0.42336,36.966,0.42336,423.524,0,1.02816,0,0,4.31641,3.28825,1.028160,1,0,71.6181,0,0,0,71.6181,0
72.29,2.06418,0,0,3.08425,0.253006,0.767058,3.6288,61.308,0.241595,0,0,1.26897,0.128233,0.899138,0.66528,12.849,1,0.366893,0.767058,0,60.2776,3.05455,57.6232,0.84672,12.849,0.84672,3695.15,0,36.966,0.145671,2.68078,1.54874,6.03339,0.82619,9.29105,0.42336,36.966,0.42336,423.524,0,1.02816,0,0,3.70894,2.68078,1.028160,1,0,67.8134,0,0,0,67.8134,0
72.29,2.06472,0,0,2.86318,0.19815,0.600316,3.6288,61.308,0.241824,0,0,1.25048,0.187437,0.821215,0.66528,12.849,1,0.366988,0.600316,0,61.6899,3.81902,58.1043,0.84672,12.849,0.84672,3695.15,0,36.966,0.145809,2.54115,1.54914,5.25105,1.04005,8.15548,0.42336,36.966,0.42336,423.524,0,1.02816,0,0,3.56931,2.54115,1.028160,1,0,67.081,0,0,0,67.081,0
72.2571,2.06525,0,0,2.58423,0.189008,0.36288,3.6288,61.308,0.242053,0,0,1.26357,0.197304,0.824209,0.66528,12.849,1,0.367083,0.36288,0,53.2127,3.94642,49.2621,0.84672,12.849,0.84672,3695.15,0,36.966,0.145947,2.63092,1.54954,4.96245,1.07569,7.92128,0.42336,36.966,0.42336,423.524,0,1.02816,0,0,3.65908,2.63092,1.028160,1,0,58.0076,0,0,0,58.0076,0
72.0928,2.16364,0,0,2.55706,0.194789,0.36288,3.6288,61.308,0.29006,0,0,1.41933,0.208994,0.920273,0.66528,12.849,1,0.384745,0.36288,0,55.7257,4.20752,51.4963,0.84672,12.849,0.84672,3695.15,0,36.966,0.174893,2.5752,1.54995,5.15303,1.10015,8.00314,0.42336,36.966,0.42336,423.524,0,1.02816,0,0,3.60336,2.5752,1.028160,1,0,60.4197,0,0,0,60.4197,0
71.6671,2.16345,0,0,2.28656,0.185942,0.36288,3.6288,61.308,0.290301,0,0,1.1439,0.210695,0.642905,0.66528,12.849,1,0.385589,0.36288,0,47.2846,4.14889,43.113,0.84672,12.849,0.84672,3695.15,0,36.966,0.175039,2.18545,1.63115,4.88927,1.13565,7.39518,0.42336,36.966,0.42336,423.524,0,1.02816,0,0,3.21361,2.18545,1.028160,1,0,51.1511,0,0,0,51.1511,0
71.047,2.16207,0,0,2.05181,0.147,0.36288,3.6288,61.308,0.290543,0,0,1.11154,0.212638,0.608355,0.66528,12.849,1,0.387632,0.36288,0,41.3624,4.21376,37.1239,0.84672,12.849,0.84672,3695.15,0,36.966,0.175185,2.19973,1.63157,4.56981,1.09469,7.13123,0.42336,36.966,0.42336,423.524,0,1.02816,0,0,3.22789,2.19973,1.028160,1,0,44.8634,0,0,0,44.8634,0
70.4041,2.15977,0,0,2.02609,0.146305,0.36288,3.6288,61.308,0.290785,0,0,1.20733,0.212638,0.703905,0.66528,12.849,1,0.390598,0.36288,0,39.9993,4.21376,35.7578,0.84672,12.849,0.84672,3695.15,0,36.966,0.17533,2.13192,1.63199,5.01023,1.09469,7.50413,0.42336,36.966,0.42336,423.524,0,1.02816,0,0,3.16008,2.13192,1.028160,1,0,43.9659,0,0,0,43.9659,0
69.684,2.15731,0,0,1.94008,0.139967,0.36288,3.6288,61.308,0.291027,0,0,1.12112,0.211064,0.619027,0.66528,12.849,1,0.393717,0.36288,0,36.7125,4.27994,32.4017,0.84672,12.849,0.84672,3695.15,0,36.966,0.175476,1.92161,1.63242,4.43902,1.10914,6.70844,0.42336,36.966,0.42336,423.524,0,1.02816,0,0,2.94977,1.92161,1.028160,1,0,39.7292,0,0,0,39.7292,0
69.0207,2.13514,0,0,1.94032,0.105672,0.36288,3.6288,61.308,0.317562,0,0,1.11589,0.201621,0.596707,0.66528,12.849,1,0.393697,0.36288,0,32.4604,4.67702,27.7526,0.84672,12.849,0.84672,3695.15,0,36.966,0.191476,1.08134,1.63284,5.56433,1.19584,6.8912,0.42336,36.966,0.42336,423.524,0,1.02816,0,0,2.1095,1.08134,1.028160,1,0,35.2405,0,0,0,35.2405,0
68.1873,2.1325,0,0,1.76717,0.105129,0.36288,3.6288,61.308,0.317811,0,0,1.0989,0.201621,0.579473,0.66528,12.849,1,0.39699,0.36288,0,31.7056,4.67702,26.9945,0.84672,12.849,0.84672,3695.15,0,36.966,0.191626,1.1134,1.66154,5.36736,1.19584,6.75484,0.42336,36.966,0.42336,423.524,0,1.02816,0,0,2.14156,1.1134,1.028160,1,0,34.3288,0,0,0,34.3288,0
67.1837,2.12897,0,0,1.59267,0.104448,0.36288,3.6288,61.308,0.31806,0,0,1.02333,0.201621,0.503649,0.66528,12.849,1,0.401176,0.36288,0,29.3863,4.67702,24.671,0.84672,12.849,0.84672,3695.15,0,36.966,0.191776,0.840715,1.66197,5.1104,1.19584,6.22547,0.42336,36.966,0.42336,423.524,0,1.02816,0,0,1.86888,0.840715,1.028160,1,0,31.4001,0,0,0,31.4001,0
66.1386,2.12449,0,0,1.52299,0.0807471,0.36288,3.6288,61.308,0.318309,0,0,0.967455,0.256466,0.39268,0.66528,12.849,1,0.406313,0.36288,0,26.4934,5.38276,21.0672,0.84672,12.849,0.84672,3695.15,0,36.966,0.191926,0.817076,1.66241,4.85541,1.45345,5.68952,0.42336,36.966,0.42336,423.524,0,1.02816,0,0,1.84524,0.817076,1.028160,1,0,27.1494,0,0,0,27.1494,0
65.0196,2.16913,0,0,1.48809,0.0750651,0.36288,3.6288,61.308,0.342016,0,0,0.826883,0.293351,0.191516,0.66528,12.849,1,0.421406,0.36288,0,25.942,5.83277,20.0507,0.84672,12.849,0.84672,3695.15,0,36.966,0.20622,0.801369,1.66284,4.65759,1.51792,5.39766,0.42336,36.966,0.42336,423.524,0,1.02816,0,0,1.82953,0.801369,1.028160,1,0,25.6399,0,0,0,25.6399,0
63.913,2.16364,0,0,1.49593,0.0760064,0.36288,3.6288,61.308,0.342271,0,0,0.790093,0.29933,0.148493,0.66528,12.849,1,0.427573,0.36288,0,24.752,5.89984,18.7875,0.84672,12.849,0.84672,3695.15,0,36.966,0.206374,0.889056,1.70339,4.62127,1.50248,5.50486,0.42336,36.966,0.42336,423.524,0,1.02816,0,0,1.91722,0.889056,1.028160,1,0,24.4409,0,0,0,24.4409,0
62.6408,2.15804,0,0,1.32406,0.0753309,0.36288,3.6288,61.308,0.342526,0,0,0.741571,0.29933,0.0997151,0.66528,12.849,1,0.433849,0.36288,0,23.3656,5.89984,17.3948,0.84672,12.849,0.84672,3695.15,0,36.966,0.206528,0.791113,1.70383,4.62383,1.50248,5.40977,0.42336,36.966,0.42336,423.524,0,1.02816,0,0,1.81927,0.791113,1.028160,1,0,22.9043,0,0,0,22.9043,0
61.2627,2.15128,0,0,1.21058,0.0745544,0.36288,3.6288,61.308,0.342781,0,0,0.716351,0.29933,0.0742397,0.66528,12.849,1,0.441275,0.36288,0,21.9428,5.89984,15.9646,0.84672,12.849,0.84672,3695.15,0,36.966,0.206682,0.648069,1.70427,4.40553,1.50248,5.04871,0.42336,36.966,0.42336,423.524,0,1.02816,0,0,1.67623,0.648069,1.028160,1,0,21.0875,0,0,0,21.0875,0
59.6685,2.2868,0,0,1.10935,0.0538781,0.36288,3.6288,61.2199,0.427794,0,0,0.668024,0.328354,0,0.66528,12.849,1,0.479624,0.36288,0,20.5819,6.33411,14.1311,0.84672,12.849,0.84672,3695.15,0,36.966,0.257941,0.556649,1.70472,4.16117,1.59825,4.56635,0.42336,36.966,0.42336,423.524,0,1.02816,0,0,1.58481,0.556649,1.028160,1,0,18.6974,0,0,0,18.6974,0
58.4066,2.27684,0,0,1.42856,0.0507302,0.36288,3.6288,61.1302,0.42784,0,0,0.711647,0.373511,0,0.66528,12.849,1,0.490295,0.36288,0,23.8724,6.63464,17.1104,0.84672,12.849,0.84672,3695.15,0,36.966,0.25834,0.767724,1.84258,4.0891,1.6808,4.76026,0.42336,36.966,0.42336,423.524,0,1.02816,0,0,1.79588,0.767724,1.028160,1,0,21.8706,0,0,0,21.8706,0
56.8575,2.26875,0,0,1.13269,0.050116,0.36288,3.6288,60.8631,0.427881,0,0,0.534154,0.373299,0,0.66528,12.849,1,0.499108,0.36288,0,26.2129,6.63464,19.442,0.84672,12.849,0.84672,3695.15,0,36.966,0.258744,0.320665,1.84306,3.28324,1.6808,3.50742,0.42336,36.966,0.42336,423.524,0,1.02816,0,0,1.34882,0.320665,1.028160,1,0,22.9495,0,0,0,22.9495,0
55.5638,2.25824,0,0,1.37675,0.0493621,0.36288,3.6288,60.9218,0.427451,0,0,0.85878,0.372668,0,0.66528,12.849,1,0.510331,0.36288,0,22.8496,6.63464,16.0675,0.84672,12.849,0.84672,3695.15,0,36.966,0.259618,1.20809,1.84354,4.73069,1.6808,5.8419,0.42336,36.966,0.42336,423.524,0,1.02816,0,0,2.23625,1.20809,1.028160,1,0,21.9094,0,0,0,21.9094,0
54.0079,2.24918,0,0,1.10933,0.0531366,0.36288,3.6288,60.7563,0.427884,0,0,0.607714,0.345296,0,0.66528,12.849,1,0.520117,0.36288,0,19.6627,5.89525,13.6102,0.84672,12.849,0.84672,3695.15,0,36.966,0.25963,0.593775,1.84402,4.7431,1.39298,5.52828,0.42336,36.966,0.42336,423.524,0,1.02816,0,0,1.62194,0.593775,1.028160,1,0,19.1385,0,0,0,19.1385,0
52.633,2.16938,0,0,1.18859,0.031293,0.36288,3.6288,60.7865,0.376385,0,0,0.775043,0.368529,0,0.66528,12.849,1,0.516116,0.36288,0,24.9103,6.14769,18.6094,0.84672,12.849,0.84672,3695.15,0,36.966,0.229004,1.1119,1.8445,5.05104,1.5468,6.23163,0.42336,36.966,0.42336,423.524,0,1.02816,0,0,2.14006,1.1119,1.028160,1,0,24.841,0,0,0,24.841,0
51.6131,2.1591,0,0,1.56654,0.0644452,0.36288,3.6288,60.8835,0.376719,0,0,0.81483,0.341087,0,0.66528,12.849,1,0.52709,0.36288,0,25.1921,5.92683,19.101,0.84672,12.849,0.84672,3695.15,0,36.966,0.229094,1.263,1.76534,4.06255,1.47094,5.39086,0.42336,36.966,0.42336,423.524,0,1.02816,0,0,2.29116,1.263,1.028160,1,0,24.4919,0,0,0,24.4919,0
51.2707,2.15132,0,0,2.23558,0.063769,0.36288,3.6288,61.308,0.37721,0,0,1.34107,0.341297,0.198052,0.66528,12.849,1,0.535569,0.36288,0,46.598,5.92683,40.4985,0.84672,12.849,0.84672,3695.15,0,36.966,0.229027,2.84018,1.7658,7.61607,1.47094,10.5221,0.42336,36.966,0.42336,423.524,0,1.02816,0,0,3.86834,2.84018,1.028160,1,0,51.2186,0,0,0,51.2186,0
50.5564,2.14902,0,0,1.87608,0.0784599,0.36288,3.6288,61.308,0.378464,0,0,1.02402,0.336544,0.309013,0.66528,12.849,1,0.538568,0.36288,0,62.3798,5.91383,56.2903,0.84672,12.849,0.84672,3695.15,0,36.966,0.228197,1.90155,1.76626,5.0209,1.47678,6.98374,0.42336,36.966,0.42336,423.524,0,1.02816,0,0,2.92971,1.90155,1.028160,1,0,63.583,0,0,0,63.583,0
50.6048,2.02478,0,0,2.60923,0.173187,0.36288,3.6288,61.308,0.381362,0,0,0.949959,0.258959,0.309638,0.66528,12.849,1,0.514602,0.36288,0,49.5966,5.1341,44.3108,0.84672,12.849,0.84672,3695.15,0,36.966,0.229944,1.58873,1.76672,5.46183,1.30862,7.27872,0.42336,36.966,0.42336,423.524,0,1.02816,0,0,2.61689,1.58873,1.028160,1,0,51.8992,0,0,0,51.8992,0
50.4555,2.08908,0,0,2.48084,0.178131,0.36288,3.6288,61.308,0.332045,0,0,1.82231,0.22629,1.26398,0.66528,12.849,1,0.530437,0.36288,0,68.2793,4.60782,63.504,0.84672,12.849,0.84672,3695.15,0,36.966,0.200208,2.37546,1.74253,7.7447,1.15623,10.5063,0.42336,36.966,0.42336,423.524,0,1.02816,0,0,3.40362,2.37546,1.028160,1,0,75.2742,0,0,0,75.2742,0
50.3348,2.08837,0,0,2.51268,0.182141,0.36288,3.6288,61.308,0.332297,0,0,1.47543,0.227828,0.915302,0.66528,12.849,1,0.531825,0.36288,0,52.141,4.48935,47.4827,0.84672,12.849,0.84672,3695.15,0,36.966,0.200361,2.74183,1.69647,9.60348,1.13103,12.7104,0.42336,36.966,0.42336,423.524,0,1.02816,0,0,3.76999,2.74183,1.028160,1,0,61.1084,0,0,0,61.1084,0
50.8424,2.0879,0,0,3.16596,0.207611,0.36288,3.6288,61.308,0.33255,0,0,2.46612,0.237051,1.89652,0.66528,12.849,1,0.53298,0.36288,0,97.2985,3.77853,93.3499,0.84672,12.849,0.84672,3695.15,0,36.966,0.200513,3.11309,1.69691,9.61503,0.979838,13.2447,0.42336,36.966,0.42336,423.524,0,1.02816,0,0,4.14125,3.11309,1.028160,1,0,108.491,0,0,0,108.491,0
55.0118,1.93509,0,0,6.68067,0.213256,0.36288,3.6288,61.308,0.234946,0,0,2.51233,0.230017,2.04737,0.66528,12.849,1,0.489039,0.36288,0,107.891,3.82584,103.939,0.84672,12.849,0.84672,3695.15,0,36.966,0.141662,4.56075,1.69735,14.7073,0.987608,19.8361,0.42336,36.966,0.42336,423.524,0,1.02816,0,0,5.58891,4.56075,1.028160,1,0,125.823,0,0,0,125.823,0
59.0107,1.96564,0,0,6.57533,0.247935,0.36288,3.6288,61.308,0.235173,0,0,2.83648,0.202503,2.3988,0.66528,12.849,1,0.459111,0.36288,0,130.688,4.1267,126.465,0.84672,12.849,0.84672,3695.15,0,36.966,0.141799,2.99408,1.5396,18.3519,1.00441,21.7394,0.42336,36.966,0.42336,423.524,0,1.02816,0,0,4.02224,2.99408,1.028160,1,0,150.603,0,0,0,150.603,0
62.9164,1.99171,0,0,6.52878,0.268445,0.36288,3.6288,61.308,0.235401,0,0,2.61859,0.195054,2.18813,0.66528,12.849,1,0.433675,0.36288,0,113.222,4.26363,108.888,0.84672,12.849,0.84672,3695.15,0,36.966,0.141936,2.84532,1.54,14.3707,1.00244,17.6116,0.42336,36.966,0.42336,423.524,0,1.02816,0,0,3.87348,2.84532,1.028160,1,0,128.687,0,0,0,128.687,0
66.1768,2.01459,0,0,5.91555,0.277725,0.36288,3.6288,61.308,0.235628,0,0,2.83568,0.195054,2.405,0.66528,12.849,1,0.411426,0.36288,0,123.426,4.26363,119.114,0.84672,12.849,0.84672,3695.15,0,36.966,0.142073,3.06527,1.5404,13.7507,1.00244,17.2119,0.42336,36.966,0.42336,423.524,0,1.02816,0,0,4.09343,3.06527,1.028160,1,0,138.731,0,0,0,138.731,0
69.7899,2.03209,0,0,6.2932,0.285122,0.36288,3.6288,61.308,0.235856,0,0,3.33576,0.195054,2.90485,0.66528,12.849,1,0.394554,0.36288,0,131.865,4.26363,127.569,0.84672,12.849,0.84672,3695.15,0,36.966,0.142211,3.68762,1.5408,16.9544,1.00244,21.0382,0.42336,36.966,0.42336,423.524,0,1.02816,0,0,4.71578,3.68762,1.028160,1,0,151.512,0,0,0,151.512,0
69.9134,2.11408,0,0,2.84561,0.245149,0.36288,3.6288,61.308,0.264453,0,0,0.882001,0.186639,0.430908,0.66528,12.849,1,0.389223,0.36288,0,51.868,4.15203,47.6896,0.84672,12.849,0.84672,3695.15,0,36.966,0.159453,0.527628,1.5412,6.42106,0.888841,7.44159,0.42336,36.966,0.42336,423.524,0,1.02816,0,0,1.55579,0.527628,1.028160,1,0,55.5621,0,0,0,55.5621,0
72.29,2.11519,0,0,6.70367,0.237347,1.97454,3.6288,61.308,0.264681,0,0,1.80937,0.185237,1.35945,0.66528,12.849,1,0.38874,1.97454,0,123.231,4.13343,120.684,0.84672,12.849,0.84672,3695.15,0,36.966,0.159591,1.80441,1.59099,12.9799,0.869907,15.3458,0.42336,36.966,0.42336,423.524,0,1.02816,0,0,2.83257,1.80441,1.028160,1,0,137.389,0,0,0,137.389,0
72.29,2.12658,0,0,6.28718,0.251691,3.90891,3.6288,61.308,0.264908,0,0,1.95483,0.190049,1.49988,0.66528,12.849,1,0.377983,3.90891,0,114.439,4.22489,113.745,0.84672,12.849,0.84672,3695.15,0,36.966,0.159728,2.49287,1.59139,11.2789,0.893374,14.3101,0.42336,36.966,0.42336,423.524,0,1.02816,0,0,3.52103,2.49287,1.028160,1,0,129.555,0,0,0,129.555,0
72.29,2.12711,0,0,9.50746,0.3116,7.06874,3.6288,61.308,0.265136,0,0,2.61103,0.218921,2.12697,0.66528,12.849,1,0.378078,7.06874,0,274.98,4.77361,276.897,0.84672,12.849,0.84672,3695.15,0,36.966,0.159865,4.85319,1.59179,18.2349,1.03418,23.4858,0.42336,36.966,0.42336,423.524,0,1.02816,0,0,5.88135,4.85319,1.028160,1,0,302.51,0,0,0,302.51,0
72.29,2.33517,0,0,6.26935,0.3111,3.62307,3.6288,61.308,0.371982,0,0,2.17186,0.192287,1.60759,0.66528,12.849,1,0.41506,3.62307,0,185.72,3.90088,185.027,0.84672,12.849,0.84672,3695.15,0,36.966,0.224289,3.77019,1.59219,15.1449,0.937704,19.3453,0.42336,36.966,0.42336,423.524,0,1.02816,0,0,4.79835,3.77019,1.028160,1,0,205.98,0,0,0,205.98,0
72.29,2.33576,0,0,5.38621,0.310432,2.74002,3.6288,61.308,0.372237,0,0,2.34135,0.156775,1.81233,0.66528,12.849,1,0.415164,2.74002,0,108.969,2.73724,108.556,0.84672,12.849,0.84672,3695.15,0,36.966,0.224442,3.56665,1.77043,12.4324,0.809073,16.736,0.42336,36.966,0.42336,423.524,0,1.02816,0,0,4.59481,3.56665,1.028160,1,0,127.104,0,0,0,127.104,0
72.29,2.33635,0,0,4.61012,0.30264,1.97113,3.6288,61.308,0.372492,0,0,2.20598,0.173373,1.66012,0.66528,12.849,1,0.415268,1.97113,0,131.033,3.13036,129.459,0.84672,12.849,0.84672,3695.15,0,36.966,0.224596,3.88423,1.77087,13.1407,0.932061,17.6392,0.42336,36.966,0.42336,423.524,0,1.02816,0,0,4.91239,3.88423,1.028160,1,0,148.758,0,0,0,148.758,0
72.29,2.33694,0,0,3.77927,0.291859,1.15047,3.6288,61.308,0.372747,0,0,1.80291,0.183966,1.2462,0.66528,12.849,1,0.415373,1.15047,0,126.2,3.34954,123.586,0.84672,12.849,0.84672,3695.15,0,36.966,0.22475,2.68295,1.77132,10.7234,0.973468,13.9794,0.42336,36.966,0.42336,423.524,0,1.02816,0,0,3.71111,2.68295,1.028160,1,0,138.811,0,0,0,138.811,0
72.29,2.04123,0,0,4.2626,0.303391,1.91798,3.6288,61.308,0.229775,0,0,1.55256,0.165306,1.15748,0.66528,12.849,1,0.362813,1.91798,0,99.7868,2.50309,98.8389,0.84672,12.849,0.84672,3695.15,0,36.966,0.138544,2.28344,1.77177,8.46029,0.8412,11.5357,0.42336,36.966,0.42336,423.524,0,1.02816,0,0,3.3116,2.28344,1.028160,1,0,111.532,0,0,0,111.532,0
72.29,2.04174,0,0,5.98946,0.319158,3.62856,3.6288,61.308,0.229994,0,0,2.39433,0.151965,2.01237,0.66528,12.849,1,0.362904,3.62856,0,148.605,1.67947,150.191,0.84672,12.849,0.84672,3695.15,0,36.966,0.138676,2.89569,1.52944,11.9904,0.787419,15.4894,0.42336,36.966,0.42336,423.524,0,1.02816,0,0,3.92385,2.89569,1.028160,1,0,167.693,0,0,0,167.693,0
72.29,2.04225,0,0,8.47619,0.319784,6.11415,3.6288,61.308,0.230214,0,0,3.86726,0.159615,3.47743,0.66528,12.849,1,0.362995,6.11415,0,202.891,1.89603,206.747,0.84672,12.849,0.84672,3695.15,0,36.966,0.138809,6.25285,1.52982,21.2561,0.820768,28.0792,0.42336,36.966,0.42336,423.524,0,1.02816,0,0,7.28101,6.25285,1.028160,1,0,238.303,0,0,0,238.303,0
72.29,2.04277,0,0,5.65758,0.323543,3.29127,3.6288,61.308,0.230433,0,0,2.18284,0.205509,1.7469,0.66528,12.849,1,0.363087,3.29127,0,162.503,3.19536,162.236,0.84672,12.849,0.84672,3695.15,0,36.966,0.138941,3.19115,1.53021,12.6723,1.02086,16.2338,0.42336,36.966,0.42336,423.524,0,1.02816,0,0,4.21931,3.19115,1.028160,1,0,180.216,0,0,0,180.216,0
72.29,2.04328,0,0,5.72364,0.323543,3.35681,3.6288,61.308,0.230652,0,0,3.62891,0.205509,3.19275,0.66528,12.849,1,0.363178,3.35681,0,153.678,3.19536,153.476,0.84672,12.849,0.84672,3695.15,0,36.966,0.139073,4.09025,1.53059,14.5506,1.02086,19.0115,0.42336,36.966,0.42336,423.524,0,1.02816,0,0,5.11841,4.09025,1.028160,1,0,175.68,0,0,0,175.68,0
72.29,2.11847,0,0,5.10119,0.310098,2.67262,3.6288,61.308,0.265954,0,0,2.79021,0.153669,2.37059,0.66528,12.849,1,0.376542,2.67262,0,110.144,2.57345,109.866,0.84672,12.849,0.84672,3695.15,0,36.966,0.160358,3.63571,1.53098,12.3348,0.976604,16.3645,0.42336,36.966,0.42336,423.524,0,1.02816,0,0,4.66387,3.63571,1.028160,1,0,128.601,0,0,0,128.601,0
72.29,2.119,0,0,3.94901,0.310098,1.51991,3.6288,61.308,0.266182,0,0,2.27259,0.153669,1.85274,0.66528,12.849,1,0.376637,1.51991,0,116.211,2.57345,114.781,0.84672,12.849,0.84672,3695.15,0,36.966,0.160496,3.0087,1.59129,10.0742,0.976604,13.5371,0.42336,36.966,0.42336,423.524,0,1.02816,0,0,4.03686,3.0087,1.028160,1,0,130.171,0,0,0,130.171,0
72.29,2.11954,0,0,3.45383,0.240634,1.09366,3.6288,61.308,0.26641,0,0,2.34676,0.196004,1.88435,0.66528,12.849,1,0.376732,1.09366,0,85.9568,3.31392,83.3598,0.84672,12.849,0.84672,3695.15,0,36.966,0.160634,2.4995,1.59169,9.08124,1.11665,11.8952,0.42336,36.966,0.42336,423.524,0,1.02816,0,0,3.52766,2.4995,1.028160,1,0,97.1393,0,0,0,97.1393,0
72.29,2.12007,0,0,3.75622,0.212848,1.42331,3.6288,61.308,0.266638,0,0,2.19112,0.212938,1.71154,0.66528,12.849,1,0.376826,1.42331,0,95.0219,3.61011,92.4582,0.84672,12.849,0.84672,3695.15,0,36.966,0.160771,2.5145,1.59209,7.58748,1.17266,10.3606,0.42336,36.966,0.42336,423.524,0,1.02816,0,0,3.54266,2.5145,1.028160,1,0,104.53,0,0,0,104.53,0
72.29,2.09138,0,0,3.51682,0.169545,1.2559,3.6288,61.308,0.253227,0,0,1.62317,0.222858,1.14709,0.66528,12.849,1,0.371726,1.2559,0,88.8719,3.58123,86.1748,0.84672,12.849,0.84672,3695.15,0,36.966,0.152685,1.99403,1.59249,6.22839,1.17738,8.48484,0.42336,36.966,0.42336,423.524,0,1.02816,0,0,3.02219,1.99403,1.028160,1,0,95.8068,0,0,0,95.8068,0
72.29,2.0919,0,0,3.25315,0.152224,1.00902,3.6288,61.308,0.253452,0,0,1.81242,0.226826,1.33214,0.66528,12.849,1,0.37182,1.00902,0,78.9039,3.56968,75.9715,0.84672,12.849,0.84672,3695.15,0,36.966,0.15282,2.34922,1.56955,6.53365,1.17927,9.12034,0.42336,36.966,0.42336,423.524,0,1.02816,0,0,3.37738,2.34922,1.028160,1,0,86.4239,0,0,0,86.4239,0
72.29,2.09243,0,0,3.31984,0.152224,1.07519,3.6288,61.308,0.253677,0,0,1.55984,0.226826,1.07934,0.66528,12.849,1,0.371913,1.07519,0,76.1711,3.56968,73.3047,0.84672,12.849,0.84672,3695.15,0,36.966,0.152956,1.75313,1.56994,6.46212,1.17927,8.45297,0.42336,36.966,0.42336,423.524,0,1.02816,0,0,2.78129,1.75313,1.028160,1,0,82.837,0,0,0,82.837,0
72.29,2.09295,0,0,3.39557,0.121813,1.18081,3.6288,61.308,0.253902,0,0,1.52537,0.241662,1.02981,0.66528,12.849,1,0.372007,1.18081,0,78.9385,4.73931,75.008,0.84672,12.849,0.84672,3695.15,0,36.966,0.153092,1.8758,1.57034,8.03658,1.22538,10.1043,0.42336,36.966,0.42336,423.524,0,1.02816,0,0,2.90396,1.8758,1.028160,1,0,86.1421,0,0,0,86.1421,0
72.29,2.19279,0,0,2.818,0.0983586,0.52685,3.6288,61.308,0.302545,0,0,1.41917,0.266742,0.849885,0.66528,12.849,1,0.389751,0.52685,0,56.2116,5.18286,51.1658,0.84672,12.849,0.84672,3695.15,0,36.966,0.182421,1.68061,1.57073,6.14847,1.28259,7.93481,0.42336,36.966,0.42336,423.524,0,1.02816,0,0,2.70877,1.68061,1.028160,1,0,59.9505,0,0,0,59.9505,0
72.29,2.19334,0,0,2.82614,0.0871234,0.545673,3.6288,61.308,0.302783,0,0,1.20555,0.273123,0.629642,0.66528,12.849,1,0.389849,0.545673,0,61.9695,4.84606,57.2793,0.84672,12.849,0.84672,3695.15,0,36.966,0.182564,1.21746,1.65301,5.86804,1.15161,7.40434,0.42336,36.966,0.42336,423.524,0,1.02816,0,0,2.24562,1.21746,1.028160,1,0,65.3133,0,0,0,65.3133,0
72.2845,2.19389,0,0,2.63835,0.0871234,0.36288,3.6288,61.308,0.30302,0,0,1.15322,0.273123,0.577081,0.66528,12.849,1,0.389947,0.36288,0,56.8351,4.84606,51.962,0.84672,12.849,0.84672,3695.15,0,36.966,0.182708,1.1845,1.65343,5.37978,1.15161,6.88339,0.42336,36.966,0.42336,423.524,0,1.02816,0,0,2.21266,1.1845,1.028160,1,0,59.4225,0,0,0,59.4225,0
72.1667,2.19442,0,0,2.52669,0.0871197,0.36288,3.6288,61.308,0.303257,0,0,1.14473,0.273123,0.56835,0.66528,12.849,1,0.390071,0.36288,0,49.0722,4.84606,44.1989,0.84672,12.849,0.84672,3695.15,0,36.966,0.182851,1.3395,1.65384,4.9822,1.15161,6.64108,0.42336,36.966,0.42336,423.524,0,1.02816,0,0,2.36766,1.3395,1.028160,1,0,51.4084,0,0,0,51.4084,0
71.927,2.19443,0,0,2.39195,0.0743585,0.36288,3.6288,61.308,0.303495,0,0,1.05405,0.290807,0.459743,0.66528,12.849,1,0.390709,0.36288,0,46.8396,4.86505,41.9467,0.84672,12.849,0.84672,3695.15,0,36.966,0.182994,1.21794,1.65426,4.72039,1.21019,6.1994,0.42336,36.966,0.42336,423.524,0,1.02816,0,0,2.2461,1.21794,1.028160,1,0,48.6059,0,0,0,48.6059,0
72.1226,2.17423,0,0,2.78506,0.052395,0.36288,3.6288,61.308,0.330377,0,0,0.963291,0.239547,0.393367,0.66528,12.849,1,0.388402,0.36288,0,45.8299,5.04567,40.7587,0.84672,12.849,0.84672,3695.15,0,36.966,0.199203,1.1014,1.65467,4.44374,1.23233,5.76828,0.42336,36.966,0.42336,423.524,0,1.02816,0,0,2.12956,1.1014,1.028160,1,0,46.9204,0,0,0,46.9204,0
72.1282,2.17567,0,0,2.59661,0.052473,0.36288,3.6288,61.308,0.330622,0,0,0.925569,0.239547,0.355401,0.66528,12.849,1,0.387606,0.36288,0,45.2237,5.04567,40.1533,0.84672,12.849,0.84672,3695.15,0,36.966,0.19935,1.01559,1.68375,4.54071,1.23233,5.80836,0.42336,36.966,0.42336,423.524,0,1.02816,0,0,2.04375,1.01559,1.028160,1,0,46.317,0,0,0,46.317,0
71.8887,2.17624,0,0,2.35216,0.0524752,0.36288,3.6288,61.308,0.330866,0,0,0.884442,0.239547,0.31403,0.66528,12.849,1,0.387678,0.36288,0,44.4434,5.04567,39.3729,0.84672,12.849,0.84672,3695.15,0,36.966,0.199497,0.914034,1.68417,4.28962,1.23233,5.456,0.42336,36.966,0.42336,423.524,0,1.02816,0,0,1.94219,0.914034,1.028160,1,0,45.1429,0,0,0,45.1429,0
71.4442,2.17569,0,0,2.14167,0.047634,0.36288,3.6288,61.308,0.33111,0,0,0.836447,0.250516,0.254821,0.66528,12.849,1,0.388871,0.36288,0,39.1232,5.18682,33.9104,0.84672,12.849,0.84672,3695.15,0,36.966,0.199645,0.728516,1.68459,4.16341,1.28385,5.09302,0.42336,36.966,0.42336,423.524,0,1.02816,0,0,1.75668,0.728516,1.028160,1,0,39.2582,0,0,0,39.2582,0
71.1799,2.22493,0,0,2.34641,0.0229393,0.36288,3.6288,61.308,0.355125,0,0,0.787493,0.304017,0.12835,0.66528,12.849,1,0.400146,0.36288,0,39.4004,5.73978,33.6233,0.84672,12.849,0.84672,3695.15,0,36.966,0.214125,0.811728,1.68502,4.03726,1.5168,4.80307,0.42336,36.966,0.42336,423.524,0,1.02816,0,0,1.83989,0.811728,1.028160,1,0,38.5548,0,0,0,38.5548,0
71.0826,2.22423,0,0,2.51561,0.0257706,0.36288,3.6288,61.308,0.355376,0,0,0.763897,0.294783,0.113739,0.66528,12.849,1,0.401505,0.36288,0,38.7298,5.51933,33.1718,0.84672,12.849,0.84672,3695.15,0,36.966,0.214276,0.809922,1.7261,4.01446,1.45966,4.87655,0.42336,36.966,0.42336,423.524,0,1.02816,0,0,1.83808,0.809922,1.028160,1,0,38.1621,0,0,0,38.1621,0
70.6963,2.22432,0,0,2.22663,0.0257515,0.36288,3.6288,61.308,0.355626,0,0,0.71699,0.294783,0.0665814,0.66528,12.849,1,0.402072,0.36288,0,36.5603,5.51933,31.0018,0.84672,12.849,0.84672,3695.15,0,36.966,0.214427,0.716031,1.72653,4.01669,1.45966,4.78517,0.42336,36.966,0.42336,423.524,0,1.02816,0,0,1.74419,0.716031,1.028160,1,0,35.8536,0,0,0,35.8536,0
70.1205,2.22302,0,0,2.03578,0.0256753,0.36288,3.6288,61.308,0.355877,0,0,0.6926,0.294783,0.04194,0.66528,12.849,1,0.404033,0.36288,0,34.3342,5.51933,28.7738,0.84672,12.849,0.84672,3695.15,0,36.966,0.214578,0.57888,1.72697,3.82705,1.45966,4.45866,0.42336,36.966,0.42336,423.524,0,1.02816,0,0,1.60704,0.57888,1.028160,1,0,33.2744,0,0,0,33.2744,0
69.1502,2.36909,0,0,1.76983,0.00810322,0.36288,3.6288,61.2427,0.442012,0,0,0.678344,0.301599,0,0.66528,12.849,1,0.434116,0.36288,0,32.4585,5.72699,26.6603,0.84672,12.849,0.84672,3695.15,0,36.966,0.266513,0.574819,1.7274,3.74038,1.49603,4.28005,0.42336,36.966,0.42336,423.524,0,1.02816,0,0,1.60298,0.574819,1.028160,1,0,30.9403,0,0,0,30.9403,0
68.0795,2.36455,0,0,1.66704,0.0103511,0.36288,3.6288,61.0826,0.442107,0,0,0.574918,0.292916,0,0.66528,12.849,1,0.439364,0.36288,0,28.4742,5.28024,23.1175,0.84672,12.849,0.84672,3695.15,0,36.966,0.266855,0.600048,1.86708,3.22534,1.5039,3.92172,0.42336,36.966,0.42336,423.524,0,1.02816,0,0,1.62821,0.600048,1.028160,1,0,27.0392,0,0,0,27.0392,0
66.8417,2.35933,0,0,1.49462,0.010265,0.36288,3.6288,60.8692,0.441943,0,0,0.521154,0.292619,0,0.66528,12.849,1,0.445288,0.36288,0,25.4194,5.28024,20.0568,0.84672,12.849,0.84672,3695.15,0,36.966,0.267455,0.494329,1.86755,3.1452,1.5039,3.73573,0.42336,36.966,0.42336,423.524,0,1.02816,0,0,1.52249,0.494329,1.028160,1,0,23.7925,0,0,0,23.7925,0
65.9045,2.353,0,0,1.78889,0.0101654,0.36288,3.6288,60.6952,0.441632,0,0,0.559859,0.292224,0,0.66528,12.849,1,0.452319,0.36288,0,26.3074,5.28024,20.9377,0.84672,12.849,0.84672,3695.15,0,36.966,0.268204,0.625294,1.86802,3.44989,1.5039,4.17111,0.42336,36.966,0.42336,423.524,0,1.02816,0,0,1.65345,0.625294,1.028160,1,0,25.1088,0,0,0,25.1088,0
66.2179,2.34821,0,0,3.05884,0.0343088,0.36288,3.6288,60.6863,0.441425,0,0,0.71909,0.286559,0,0.66528,12.849,1,0.457817,0.36288,0,43.7198,5.13181,38.493,0.84672,12.849,0.84672,3695.15,0,36.966,0.268847,0.897808,1.86849,3.81877,1.48569,4.83053,0.42336,36.966,0.42336,423.524,0,1.02816,0,0,1.92597,0.897808,1.028160,1,0,43.3236,0,0,0,43.3236,0
66.6138,2.2789,0,0,3.0909,0.0532354,0.36288,3.6288,60.8266,0.389679,0,0,0.774706,0.244766,0,0.66528,12.849,1,0.4422,0.36288,0,36.7055,5.11063,31.5155,0.84672,12.849,0.84672,3695.15,0,36.966,0.237366,0.595659,1.86896,3.74443,1.41026,4.56142,0.42336,36.966,0.42336,423.524,0,1.02816,0,0,1.62382,0.595659,1.028160,1,0,36.077,0,0,0,36.077,0
66.186,2.28167,0,0,2.27443,0.0576776,0.36288,3.6288,61.2215,0.390278,0,0,1.0246,0.239458,0,0.66528,12.849,1,0.440107,0.36288,0,34.1793,5.07244,29.0296,0.84672,12.849,0.84672,3695.15,0,36.966,0.237183,1.63821,1.78874,4.01044,1.39951,5.8007,0.42336,36.966,0.42336,423.524,0,1.02816,0,0,2.66637,1.63821,1.028160,1,0,34.8304,0,0,0,34.8304,0
65.4143,2.27986,0,0,1.92855,0.057482,0.36288,3.6288,61.1462,0.391491,0,0,0.556266,0.240058,0,0.66528,12.849,1,0.442601,0.36288,0,34.1315,5.07244,28.9794,0.84672,12.849,0.84672,3695.15,0,36.966,0.236386,0.381102,1.78919,2.96637,1.39951,3.50077,0.42336,36.966,0.42336,423.524,0,1.02816,0,0,1.40926,0.381102,1.028160,1,0,32.4802,0,0,0,32.4802,0
64.9481,2.27607,0,0,2.26706,0.0943354,0.36288,3.6288,61.1101,0.391569,0,0,0.565163,0.209652,0,0.66528,12.849,1,0.447077,0.36288,0,34.3805,4.65718,29.6392,0.84672,12.849,0.84672,3695.15,0,36.966,0.236724,0.416725,1.78964,3.0978,1.26971,3.79774,0.42336,36.966,0.42336,423.524,0,1.02816,0,0,1.44488,0.416725,1.028160,1,0,33.4369,0,0,0,33.4369,0
65.315,2.21522,0,0,3.15478,0.209831,0.36288,3.6288,61.308,0.344242,0,0,1.06082,0.185033,0.333655,0.66528,12.849,1,0.438248,0.36288,0,69.2895,4.21673,64.9974,0.84672,12.849,0.84672,3695.15,0,36.966,0.208235,0.881263,1.79009,6.23695,1.02594,7.67413,0.42336,36.966,0.42336,423.524,0,1.02816,0,0,1.90942,0.881263,1.028160,1,0,73.0052,0,0,0,73.0052,0
64.1014,2.21784,0,0,1.6086,0.241447,0.36288,3.6288,61.308,0.34491,0,0,0.838045,0.253536,0.239599,0.66528,12.849,1,0.436301,0.36288,0,43.915,5.01364,38.828,0.84672,12.849,0.84672,3695.15,0,36.966,0.207965,0.62354,1.71846,4.73809,1.13357,5.73856,0.42336,36.966,0.42336,423.524,0,1.02816,0,0,1.6517,0.62354,1.028160,1,0,44.8061,0,0,0,44.8061,0
62.7934,2.21151,0,0,1.50554,0.2391,0.36288,3.6288,61.308,0.345158,0,0,0.860898,0.253536,0.262204,0.66528,12.849,1,0.443293,0.36288,0,55.3774,5.01364,50.2833,0.84672,12.849,0.84672,3695.15,0,36.966,0.208115,0.547914,1.71889,3.78511,1.13357,4.71023,0.42336,36.966,0.42336,423.524,0,1.02816,0,0,1.57607,0.547914,1.028160,1,0,55.2558,0,0,0,55.2558,0
61.6717,2.2044,0,0,1.6821,0.236569,0.36288,3.6288,61.308,0.345406,0,0,0.970462,0.253536,0.37152,0.66528,12.849,1,0.451072,0.36288,0,33.9472,5.01364,28.8453,0.84672,12.849,0.84672,3695.15,0,36.966,0.208264,0.777064,1.71933,4.05344,1.13357,5.208,0.42336,36.966,0.42336,423.524,0,1.02816,0,0,1.80522,0.777064,1.028160,1,0,34.4248,0,0,0,34.4248,0
65.5435,2.03262,0,0,6.48247,0.215198,0.36288,3.6288,61.308,0.246506,0,0,1.47957,0.231604,1.00146,0.66528,12.849,1,0.423486,0.36288,0,93.6227,4.4133,89.1488,0.84672,12.849,0.84672,3695.15,0,36.966,0.148632,1.6566,1.71976,10.2577,1.14285,12.3426,0.42336,36.966,0.42336,423.524,0,1.02816,0,0,2.68476,1.6566,1.028160,1,0,102.493,0,0,0,102.493,0
66.6227,2.05405,0,0,3.76816,0.272038,0.36288,3.6288,61.308,0.246729,0,0,0.769703,0.229991,0.292982,0.66528,12.849,1,0.402671,0.36288,0,81.4467,3.80888,77.598,0.84672,12.849,0.84672,3695.15,0,36.966,0.148767,1.2498,1.55991,7.87467,0.999074,9.53654,0.42336,36.966,0.42336,423.524,0,1.02816,0,0,2.27796,1.2498,1.028160,1,0,87.4275,0,0,0,87.4275,0
67.9691,2.06003,0,0,4.04368,0.274385,0.36288,3.6288,61.308,0.246952,0,0,1.09999,0.229991,0.623049,0.66528,12.849,1,0.397303,0.36288,0,112.234,3.80888,108.39,0.84672,12.849,0.84672,3695.15,0,36.966,0.148901,1.79826,1.56031,9.00262,0.999074,11.2132,0.42336,36.966,0.42336,423.524,0,1.02816,0,0,2.82642,1.79826,1.028160,1,0,120.227,0,0,0,120.227,0
70.0724,2.06717,0,0,4.8107,0.277314,0.36288,3.6288,61.308,0.247176,0,0,1.13638,0.229991,0.659217,0.66528,12.849,1,0.390782,0.36288,0,147.258,3.80888,143.421,0.84672,12.849,0.84672,3695.15,0,36.966,0.149036,1.65307,1.5607,7.01504,0.999074,9.08069,0.42336,36.966,0.42336,423.524,0,1.02816,0,0,2.68123,1.65307,1.028160,1,0,153.161,0,0,0,153.161,0
71.2947,2.07761,0,0,3.93304,0.270234,0.36288,3.6288,61.308,0.247399,0,0,0.828507,0.191029,0.390079,0.66528,12.849,1,0.380966,0.36288,0,91.9503,3.3595,88.5727,0.84672,12.849,0.84672,3695.15,0,36.966,0.149171,0.659267,1.56109,5.72956,0.954919,6.84583,0.42336,36.966,0.42336,423.524,0,1.02816,0,0,1.68743,0.659267,1.028160,1,0,95.8087,0,0,0,95.8087,0
72.29,2.14893,0,0,6.43929,0.255716,3.03934,3.6288,61.308,0.276365,0,0,2.09655,0.208163,1.61202,0.66528,12.849,1,0.387289,3.03934,0,96.4008,4.10136,94.9515,0.84672,12.849,0.84672,3695.15,0,36.966,0.166636,3.18356,1.56148,11.9163,0.918817,15.5759,0.42336,36.966,0.42336,423.524,0,1.02816,0,0,4.21172,3.18356,1.028160,1,0,112.139,0,0,0,112.139,0
72.29,2.15398,0,0,5.8686,0.251574,3.46304,3.6288,61.308,0.276588,0,0,2.27592,0.217614,1.78172,0.66528,12.849,1,0.382854,3.46304,0,115.015,4.42806,113.667,0.84672,12.849,0.84672,3695.15,0,36.966,0.16677,2.9974,1.61191,10.1539,0.90732,13.6891,0.42336,36.966,0.42336,423.524,0,1.02816,0,0,4.02556,2.9974,1.028160,1,0,129.138,0,0,0,129.138,0
72.29,2.15451,0,0,3.40508,0.251574,0.998995,3.6288,61.308,0.276811,0,0,1.59475,0.217614,1.10033,0.66528,12.849,1,0.382947,0.998995,0,58.6735,4.42806,54.8615,0.84672,12.849,0.84672,3695.15,0,36.966,0.166905,2.03074,1.6123,7.82369,0.90732,10.3925,0.42336,36.966,0.42336,423.524,0,1.02816,0,0,3.0589,2.03074,1.028160,1,0,66.3544,0,0,0,66.3544,0
72.267,2.15503,0,0,2.7872,0.292297,0.36288,3.6288,61.308,0.277034,0,0,1.48802,0.218436,0.992545,0.66528,12.849,1,0.38304,0.36288,0,53.1056,4.31654,48.7689,0.84672,12.849,0.84672,3695.15,0,36.966,0.167039,1.96653,1.61269,7.10476,0.983339,9.5336,0.42336,36.966,0.42336,423.524,0,1.02816,0,0,2.99469,1.96653,1.028160,1,0,59.295,0,0,0,59.295,0
72.29,2.36569,0,0,4.20047,0.296948,1.51483,3.6288,61.308,0.385274,0,0,1.62761,0.209417,1.03292,0.66528,12.849,1,0.420617,1.51483,0,84.1562,4.04758,81.2028,0.84672,12.849,0.84672,3695.15,0,36.966,0.232303,2.21002,1.61308,7.42987,0.999074,10.0216,0.42336,36.966,0.42336,423.524,0,1.02816,0,0,3.23818,2.21002,1.028160,1,0,92.2573,0,0,0,92.2573,0
72.29,2.36638,0,0,4.19729,0.268033,1.56288,3.6288,61.308,0.385524,0,0,2.32109,0.186046,1.74952,0.66528,12.849,1,0.420606,1.56288,0,84.3515,3.48674,82.007,0.84672,12.849,0.84672,3695.15,0,36.966,0.232454,2.26801,1.79365,7.13249,0.962394,9.9993,0.42336,36.966,0.42336,423.524,0,1.02816,0,0,3.29617,2.26801,1.028160,1,0,93.7558,0,0,0,93.7558,0
72.29,2.36695,0,0,5.62926,0.268033,2.99428,3.6288,61.308,0.385773,0,0,1.68382,0.186046,1.112,0.66528,12.849,1,0.420708,2.99428,0,134.209,3.48674,133.296,0.84672,12.849,0.84672,3695.15,0,36.966,0.232604,3.21839,1.79409,7.43311,0.962394,11.2506,0.42336,36.966,0.42336,423.524,0,1.02816,0,0,4.24655,3.21839,1.028160,1,0,145.659,0,0,0,145.659,0
72.29,2.36753,0,0,5.11784,0.328795,2.42151,3.6288,61.308,0.386023,0,0,1.75916,0.173383,1.19976,0.66528,12.849,1,0.42081,2.42151,0,114.362,3.60219,112.76,0.84672,12.849,0.84672,3695.15,0,36.966,0.232755,4.40871,1.79452,7.08965,0.915867,12.1443,0.42336,36.966,0.42336,423.524,0,1.02816,0,0,5.43687,4.40871,1.028160,1,0,126.104,0,0,0,126.104,0
72.29,2.06793,0,0,8.71417,0.354867,6.29138,3.6288,61.308,0.241172,0,0,2.05521,0.19819,1.61584,0.66528,12.849,1,0.367559,6.29138,0,160.177,3.4794,162.621,0.84672,12.849,0.84672,3695.15,0,36.966,0.145416,3.62838,1.79496,9.06685,0.958757,13.386,0.42336,36.966,0.42336,423.524,0,1.02816,0,0,4.65654,3.62838,1.028160,1,0,177.623,0,0,0,177.623,0
72.29,2.06843,0,0,5.70555,0.356574,3.28055,3.6288,61.308,0.241387,0,0,2.22725,0.174482,1.81138,0.66528,12.849,1,0.367648,3.28055,0,107.391,3.4083,106.895,0.84672,12.849,0.84672,3695.15,0,36.966,0.145546,4.31752,1.54945,10.1824,0.937507,14.9663,0.42336,36.966,0.42336,423.524,0,1.02816,0,0,5.34568,4.31752,1.028160,1,0,123.673,0,0,0,123.673,0
72.29,2.06894,0,0,4.53638,0.356574,2.11087,3.6288,61.308,0.241602,0,0,1.68962,0.174482,1.27354,0.66528,12.849,1,0.367738,2.11087,0,122.151,3.4083,120.486,0.84672,12.849,0.84672,3695.15,0,36.966,0.145675,2.64867,1.54982,7.49943,0.937507,10.6147,0.42336,36.966,0.42336,423.524,0,1.02816,0,0,3.67683,2.64867,1.028160,1,0,132.375,0,0,0,132.375,0
72.29,2.06944,0,0,3.07362,0.345246,0.658934,3.6288,61.308,0.241816,0,0,1.1676,0.168466,0.757319,0.66528,12.849,1,0.367827,0.658934,0,98.5383,3.3211,95.5083,0.84672,12.849,0.84672,3695.15,0,36.966,0.145804,2.01595,1.5502,6.77238,0.924981,9.26774,0.42336,36.966,0.42336,423.524,0,1.02816,0,0,3.04411,2.01595,1.028160,1,0,105.533,0,0,0,105.533,0
72.29,2.06994,0,0,4.17851,0.277277,1.83129,3.6288,61.308,0.242031,0,0,1.39175,0.132368,1.01735,0.66528,12.849,1,0.367917,1.83129,0,100.811,2.79793,99.4761,0.84672,12.849,0.84672,3695.15,0,36.966,0.145934,2.58153,1.55058,7.25864,0.849828,10.395,0.42336,36.966,0.42336,423.524,0,1.02816,0,0,3.60969,2.58153,1.028160,1,0,110.888,0,0,0,110.888,0
72.29,2.1461,0,0,5.86318,0.325015,3.39207,3.6288,61.308,0.277786,0,0,2.48345,0.152627,2.05303,0.66528,12.849,1,0.381452,3.39207,0,139.608,3.15604,139.462,0.84672,12.849,0.84672,3695.15,0,36.966,0.167492,3.81287,1.55095,11.1308,0.926635,15.4005,0.42336,36.966,0.42336,423.524,0,1.02816,0,0,4.84103,3.81287,1.028160,1,0,156.916,0,0,0,156.916,0
72.29,2.14662,0,0,5.77187,0.332971,3.29229,3.6288,61.308,0.278009,0,0,2.8377,0.156004,2.40369,0.66528,12.849,1,0.381545,3.29229,0,178.875,3.21573,178.57,0.84672,12.849,0.84672,3695.15,0,36.966,0.167627,5.25709,1.61204,13.142,0.939436,18.904,0.42336,36.966,0.42336,423.524,0,1.02816,0,0,6.28525,5.25709,1.028160,1,0,199.878,0,0,0,199.878,0
72.29,2.14714,0,0,4.12166,0.324298,1.65022,3.6288,61.308,0.278233,0,0,1.88825,0.132304,1.47771,0.66528,12.849,1,0.381638,1.65022,0,143.879,2.56822,142.58,0.84672,12.849,0.84672,3695.15,0,36.966,0.167762,3.55791,1.61243,8.66929,0.848854,12.823,0.42336,36.966,0.42336,423.524,0,1.02816,0,0,4.58607,3.55791,1.028160,1,0,156.88,0,0,0,156.88,0
72.29,2.14766,0,0,3.78186,0.267021,1.36718,3.6288,61.308,0.278456,0,0,1.61049,0.15004,1.18199,0.66528,12.849,1,0.38173,1.36718,0,118.83,2.34193,117.474,0.84672,12.849,0.84672,3695.15,0,36.966,0.167897,3.16164,1.61282,7.38062,0.906296,11.0809,0.42336,36.966,0.42336,423.524,0,1.02816,0,0,4.1898,3.16164,1.028160,1,0,129.737,0,0,0,129.737,0
72.29,2.11858,0,0,2.99556,0.257915,0.619067,3.6288,61.308,0.264863,0,0,1.39729,0.189365,0.943059,0.66528,12.849,1,0.376561,0.619067,0,86.1192,3.33103,83.0307,0.84672,12.849,0.84672,3695.15,0,36.966,0.159701,2.26866,1.61322,6.74319,0.948829,9.51654,0.42336,36.966,0.42336,423.524,0,1.02816,0,0,3.29682,2.26866,1.028160,1,0,93.4903,0,0,0,93.4903,0
72.2528,2.11909,0,0,2.68544,0.240674,0.36288,3.6288,61.308,0.265083,0,0,1.22153,0.150978,0.80547,0.66528,12.849,1,0.376652,0.36288,0,69.4889,2.82956,66.6456,0.84672,12.849,0.84672,3695.15,0,36.966,0.159833,1.44154,1.58996,5.91742,0.779823,8.00926,0.42336,36.966,0.42336,423.524,0,1.02816,0,0,2.4697,1.44154,1.028160,1,0,75.4603,0,0,0,75.4603,0
72.29,2.11944,0,0,2.75053,0.190886,0.402997,3.6288,61.308,0.265304,0,0,1.21316,0.191468,0.756388,0.66528,12.849,1,0.376909,0.402997,0,70.8199,3.29124,67.5548,0.84672,12.849,0.84672,3695.15,0,36.966,0.159966,1.49005,1.59035,5.1915,0.933466,7.17847,0.42336,36.966,0.42336,423.524,0,1.02816,0,0,2.51821,1.49005,1.028160,1,0,75.4896,0,0,0,75.4896,0
71.9956,2.12012,0,0,2.36125,0.172654,0.36288,3.6288,61.308,0.265524,0,0,1.21397,0.211203,0.737245,0.66528,12.849,1,0.376835,0.36288,0,60.2013,3.54606,56.6413,0.84672,12.849,0.84672,3695.15,0,36.966,0.160099,1.42444,1.59074,4.7739,1.00475,6.62423,0.42336,36.966,0.42336,423.524,0,1.02816,0,0,2.4526,1.42444,1.028160,1,0,64.0027,0,0,0,64.0027,0
71.5345,2.21986,0,0,2.29607,0.174451,0.36288,3.6288,61.308,0.31479,0,0,1.23913,0.208846,0.715495,0.66528,12.849,1,0.396177,0.36288,0,62.8871,3.73229,59.1215,0.84672,12.849,0.84672,3695.15,0,36.966,0.189805,1.41229,1.59112,4.85349,1.01266,6.65443,0.42336,36.966,0.42336,423.524,0,1.02816,0,0,2.44045,1.41229,1.028160,1,0,66.4915,0,0,0,66.4915,0
71.0372,2.21824,0,0,2.26226,0.178388,0.36288,3.6288,61.308,0.315023,0,0,1.02134,0.182526,0.523794,0.66528,12.849,1,0.398439,0.36288,0,56.145,4.49173,51.6177,0.84672,12.849,0.84672,3695.15,0,36.966,0.189945,0.983042,1.67445,5.03097,1.06846,6.43005,0.42336,36.966,0.42336,423.524,0,1.02816,0,0,2.0112,0.983042,1.028160,1,0,58.5715,0,0,0,58.5715,0
70.31,2.21641,0,0,1.98381,0.131785,0.36288,3.6288,61.308,0.315255,0,0,0.952638,0.182762,0.45462,0.66528,12.849,1,0.400898,0.36288,0,47.8625,4.50775,43.3167,0.84672,12.849,0.84672,3695.15,0,36.966,0.190085,0.995302,1.67486,4.67065,1.02206,6.12867,0.42336,36.966,0.42336,423.524,0,1.02816,0,0,2.02346,0.995302,1.028160,1,0,49.9,0,0,0,49.9,0
69.5624,2.21345,0,0,1.95977,0.131051,0.36288,3.6288,61.308,0.315488,0,0,1.02729,0.182762,0.529037,0.66528,12.849,1,0.404503,0.36288,0,46.4359,4.50775,41.8865,0.84672,12.849,0.84672,3695.15,0,36.966,0.190225,0.958245,1.67527,5.06078,1.02206,6.48201,0.42336,36.966,0.42336,423.524,0,1.02816,0,0,1.98641,0.958245,1.028160,1,0,48.8975,0,0,0,48.8975,0
68.695,2.21031,0,0,1.83615,0.130296,0.36288,3.6288,61.308,0.31572,0,0,0.963948,0.182762,0.465465,0.66528,12.849,1,0.408271,0.36288,0,43.3262,4.50775,38.7731,0.84672,12.849,0.84672,3695.15,0,36.966,0.190365,0.894266,1.67567,4.52513,1.02206,5.88265,0.42336,36.966,0.42336,423.524,0,1.02816,0,0,1.92243,0.894266,1.028160,1,0,45.1212,0,0,0,45.1212,0
67.9108,2.18674,0,0,1.86731,0.10188,0.36288,3.6288,61.308,0.342942,0,0,0.943479,0.210202,0.390335,0.66528,12.849,1,0.409018,0.36288,0,42.4385,4.76992,37.6224,0.84672,12.849,0.84672,3695.15,0,36.966,0.206779,0.729069,1.67608,4.08585,1.2188,5.06542,0.42336,36.966,0.42336,423.524,0,1.02816,0,0,1.75723,0.729069,1.028160,1,0,43.0782,0,0,0,43.0782,0
67.0232,2.1833,0,0,1.75526,0.0966946,0.36288,3.6288,61.308,0.343182,0,0,0.948741,0.214775,0.390784,0.66528,12.849,1,0.41309,0.36288,0,39.418,4.81362,34.5542,0.84672,12.849,0.84672,3695.15,0,36.966,0.206923,0.811979,1.70552,3.93657,1.25159,4.99555,0.42336,36.966,0.42336,423.524,0,1.02816,0,0,1.84014,0.811979,1.028160,1,0,39.9405,0,0,0,39.9405,0
66.0292,2.17924,0,0,1.64417,0.096021,0.36288,3.6288,61.308,0.343421,0,0,0.929085,0.214775,0.370889,0.66528,12.849,1,0.417782,0.36288,0,37.439,4.81362,32.5705,0.84672,12.849,0.84672,3695.15,0,36.966,0.207068,0.786404,1.70593,3.89683,1.25159,4.9305,0.42336,36.966,0.42336,423.524,0,1.02816,0,0,1.81456,0.786404,1.028160,1,0,37.8719,0,0,0,37.8719,0
65.0067,2.17451,0,0,1.61009,0.0952667,0.36288,3.6288,61.308,0.34366,0,0,0.89265,0.214775,0.334215,0.66528,12.849,1,0.423149,0.36288,0,35.1936,4.81362,30.3197,0.84672,12.849,0.84672,3695.15,0,36.966,0.207212,0.792608,1.70635,3.91727,1.25159,4.95742,0.42336,36.966,0.42336,423.524,0,1.02816,0,0,1.82077,0.792608,1.028160,1,0,35.6113,0,0,0,35.6113,0
63.9497,2.22011,0,0,1.60609,0.0800526,0.36288,3.6288,61.308,0.367976,0,0,0.871638,0.256839,0.246822,0.66528,12.849,1,0.438819,0.36288,0,33.6287,5.31806,28.2347,0.84672,12.849,0.84672,3695.15,0,36.966,0.221873,0.754851,1.70676,3.73334,1.39563,4.57745,0.42336,36.966,0.42336,423.524,0,1.02816,0,0,1.78301,0.754851,1.028160,1,0,33.059,0,0,0,33.059,0
62.9259,2.21461,0,0,1.62317,0.0695116,0.36288,3.6288,61.308,0.368222,0,0,0.881772,0.305088,0.208463,0.66528,12.849,1,0.444966,0.36288,0,31.8509,5.90174,25.8671,0.84672,12.849,0.84672,3695.15,0,36.966,0.222021,0.75473,1.74836,3.69957,1.51965,4.46098,0.42336,36.966,0.42336,423.524,0,1.02816,0,0,1.78289,0.75473,1.028160,1,0,30.5366,0,0,0,30.5366,0
61.7217,2.20913,0,0,1.43671,0.0689351,0.36288,3.6288,61.308,0.368467,0,0,0.827634,0.305088,0.154079,0.66528,12.849,1,0.451088,0.36288,0,30.0669,5.90174,24.0769,0.84672,12.849,0.84672,3695.15,0,36.966,0.222169,0.663647,1.74878,3.70165,1.51965,4.37226,0.42336,36.966,0.42336,423.524,0,1.02816,0,0,1.69181,0.663647,1.028160,1,0,28.6032,0,0,0,28.6032,0
60.4017,2.20238,0,0,1.31357,0.0682571,0.36288,3.6288,61.308,0.368713,0,0,0.799468,0.305088,0.125667,0.66528,12.849,1,0.458484,0.36288,0,28.236,5.90174,22.2387,0.84672,12.849,0.84672,3695.15,0,36.966,0.222317,0.530634,1.74921,3.52687,1.51965,4.06474,0.42336,36.966,0.42336,423.524,0,1.02816,0,0,1.55879,0.530634,1.028160,1,0,26.4291,0,0,0,26.4291,0
58.7722,2.34122,0,0,1.1272,0.052592,0.36288,3.6288,61.308,0.455947,0,0,0.796193,0.31145,0.0287965,0.66528,12.849,1,0.498039,0.36288,0,26.9334,6.16104,20.6372,0.84672,12.849,0.84672,3695.15,0,36.966,0.274916,0.515393,1.74963,3.50449,1.53493,3.95967,0.42336,36.966,0.42336,423.524,0,1.02816,0,0,1.54355,0.515393,1.028160,1,0,24.6257,0,0,0,24.6257,0
57.0102,2.33046,0,0,0.967602,0.0362403,0.36288,3.6288,61.2401,0.456214,0,0,0.723799,0.335526,0,0.66528,12.849,1,0.509494,0.36288,0,24.0881,6.50234,17.4392,0.84672,12.849,0.84672,3695.15,0,36.966,0.275077,0.594311,1.8911,3.26576,1.61997,3.85613,0.42336,36.966,0.42336,423.524,0,1.02816,0,0,1.62247,0.594311,1.028160,1,0,21.2953,0,0,0,21.2953,0
55.1516,2.31817,0,0,0.85803,0.0356223,0.36288,3.6288,61.1,0.45629,0,0,0.651629,0.335382,0,0.66528,12.849,1,0.522471,0.36288,0,21.4072,6.50234,14.7452,0.84672,12.849,0.84672,3695.15,0,36.966,0.275428,0.495297,1.89156,3.16951,1.61997,3.66097,0.42336,36.966,0.42336,423.524,0,1.02816,0,0,1.52346,0.495297,1.028160,1,0,18.4062,0,0,0,18.4062,0
53.4104,2.30445,0,0,0.961131,0.0349705,0.36288,3.6288,60.9772,0.456163,0,0,0.668451,0.335085,0,0.66528,12.849,1,0.536882,0.36288,0,21.2789,6.50234,14.6026,0.84672,12.849,0.84672,3695.15,0,36.966,0.275982,0.537745,1.89202,3.39709,1.61997,3.93091,0.42336,36.966,0.42336,423.524,0,1.02816,0,0,1.5659,0.537745,1.028160,1,0,18.5335,0,0,0,18.5335,0
52.2432,2.2909,0,0,1.5382,0.0516529,0.36288,3.6288,61.0121,0.456084,0,0,0.821534,0.330542,0,0.66528,12.849,1,0.551124,0.36288,0,35.3509,6.3836,28.7791,0.84672,12.849,0.84672,3695.15,0,36.966,0.27649,0.874256,1.89248,3.70312,1.6054,4.58796,0.42336,36.966,0.42336,423.524,0,1.02816,0,0,1.90242,0.874256,1.028160,1,0,33.367,0,0,0,33.367,0
51.4041,2.21196,0,0,1.7718,0.0359943,0.36288,3.6288,61.308,0.403682,0,0,1.12764,0.357011,0.0710755,0.66528,12.849,1,0.544022,0.36288,0,31.2729,6.60655,24.4852,0.84672,12.849,0.84672,3695.15,0,36.966,0.244583,0.876372,1.89294,5.84181,1.65205,6.71448,0.42336,36.966,0.42336,423.524,0,1.02816,0,0,1.90453,0.876372,1.028160,1,0,31.2708,0,0,0,31.2708,0
50.2575,2.20539,0,0,1.4823,0.0606651,0.36288,3.6288,61.308,0.404672,0,0,1.10789,0.343251,0.359967,0.66528,12.849,1,0.55126,0.36288,0,24.5773,6.45703,17.9318,0.84672,12.849,0.84672,3695.15,0,36.966,0.243999,0.831038,1.81168,6.01801,1.59994,6.81678,0.42336,36.966,0.42336,423.524,0,1.02816,0,0,1.8592,0.831038,1.028160,1,0,25.1086,0,0,0,25.1086,0
49.7011,2.19591,0,0,2.08691,0.0845151,0.36288,3.6288,61.308,0.404927,0,0,1.20241,0.322548,0.474937,0.66528,12.849,1,0.561413,0.36288,0,27.4319,6.29139,20.942,0.84672,12.849,0.84672,3695.15,0,36.966,0.244153,1.075,1.81212,5.36245,1.54305,6.46236,0.42336,36.966,0.42336,423.524,0,1.02816,0,0,2.10316,1.075,1.028160,1,0,27.8793,0,0,0,27.8793,0
49.9574,2.16201,0,0,2.86522,0.0840192,0.36288,3.6288,61.308,0.428289,0,0,1.94483,0.322548,1.19399,0.66528,12.849,1,0.558936,0.36288,0,52.7017,6.29139,46.2142,0.84672,12.849,0.84672,3695.15,0,36.966,0.258239,2.44323,1.81256,9.51584,1.54305,11.9703,0.42336,36.966,0.42336,423.524,0,1.02816,0,0,3.47139,2.44323,1.028160,1,0,59.3785,0,0,0,59.3785,0
49.6456,2.10847,0,0,2.26912,0.1096,0.36288,3.6288,61.308,0.380123,0,0,1.33063,0.304551,0.645955,0.66528,12.849,1,0.542296,0.36288,0,61.5165,5.69031,55.6467,0.84672,12.849,0.84672,3695.15,0,36.966,0.229197,1.38253,1.83467,6.47921,1.39452,8.07269,0.42336,36.966,0.42336,423.524,0,1.02816,0,0,2.41069,1.38253,1.028160,1,0,64.3654,0,0,0,64.3654,0
48.9245,2.04527,0,0,1.85945,0.17241,0.36288,3.6288,61.308,0.428277,0,0,1.01845,0.259556,0.330617,0.66528,12.849,1,0.529346,0.36288,0,40.8065,4.18761,36.4524,0.84672,12.849,0.84672,3695.15,0,36.966,0.258232,1.05834,1.76187,6.42573,1.0232,7.96451,0.42336,36.966,0.42336,423.524,0,1.02816,0,0,2.0865,1.05834,1.028160,1,0,44.7475,0,0,0,44.7475,0
48.3534,2.03992,0,0,2.00278,0.17108,0.36288,3.6288,61.308,0.487314,0,0,0.754791,0.259556,0.00792053,0.66528,12.849,1,0.535743,0.36288,0,42.6813,4.18761,38.3208,0.84672,12.849,0.84672,3695.15,0,36.966,0.293829,0.292723,1.80724,5.86932,1.0232,6.65225,0.42336,36.966,0.42336,423.524,0,0.933526,0,0,1.22625,0.292723,1.028160,1,0,44.9809,0,0,0,44.9809,0
50.7575,2.03574,0,0,4.97278,0.170025,0.36288,3.6288,61.308,0.428277,0,0,2.00196,0.259556,1.31412,0.66528,12.849,1,0.540961,0.36288,0,70.475,4.18761,66.1093,0.84672,12.849,0.84672,3695.15,0,36.966,0.258232,2.36172,1.80743,8.97852,1.0232,11.8662,0.42336,36.966,0.42336,423.524,0,1.02816,0,0,3.38988,2.36172,1.028160,1,0,79.2897,0,0,0,79.2897,0
55.1567,1.98494,0,0,6.92143,0.174445,0.36288,3.6288,61.308,0.257829,0,0,2.77628,0.259556,2.2589,0.66528,12.849,1,0.502479,0.36288,0,106.37,4.18761,102.042,0.84672,12.849,0.84672,3695.15,0,36.966,0.155459,5.03891,1.80763,12.1603,1.0232,17.8282,0.42336,36.966,0.42336,423.524,0,1.02816,0,0,6.06707,5.03891,1.028160,1,0,122.129,0,0,0,122.129,0
56.325,2.01794,0,0,3.77405,0.224859,0.36288,3.6288,61.308,0.258047,0,0,2.30518,0.222943,1.82419,0.66528,12.849,1,0.470088,0.36288,0,109.781,4.62294,105.051,0.84672,12.849,0.84672,3695.15,0,36.966,0.155591,2.63002,1.57981,9.28048,1.08493,12.2498,0.42336,36.966,0.42336,423.524,0,1.02816,0,0,3.65818,2.63002,1.028160,1,0,119.125,0,0,0,119.125,0
58.2179,2.02637,0,0,4.50956,0.227493,0.36288,3.6288,61.308,0.258266,0,0,2.72404,0.222943,2.24283,0.66528,12.849,1,0.462261,0.36288,0,108.296,4.62294,103.574,0.84672,12.849,0.84672,3695.15,0,36.966,0.155723,3.98326,1.58019,10.4852,1.08493,14.808,0.42336,36.966,0.42336,423.524,0,1.02816,0,0,5.01142,3.98326,1.028160,1,0,120.625,0,0,0,120.625,0
62.7225,2.03918,0,0,7.13849,0.231761,0.36288,3.6288,61.308,0.258485,0,0,2.65607,0.222943,2.17465,0.66528,12.849,1,0.450058,0.36288,0,109.86,4.62294,105.15,0.84672,12.849,0.84672,3695.15,0,36.966,0.155855,4.68681,1.58057,10.6228,1.08493,15.6494,0.42336,36.966,0.42336,423.524,0,1.02816,0,0,5.71497,4.68681,1.028160,1,0,122.974,0,0,0,122.974,0
67.8094,2.06651,0,0,7.75518,0.238877,0.36288,3.6288,61.308,0.258703,0,0,3.25691,0.220754,2.77745,0.66528,12.849,1,0.423334,0.36288,0,111.174,4.35491,106.759,0.84672,12.849,0.84672,3695.15,0,36.966,0.155987,4.53282,1.58096,12.2342,1.05156,17.1405,0.42336,36.966,0.42336,423.524,0,1.02816,0,0,5.56098,4.53282,1.028160,1,0,126.677,0,0,0,126.677,0
71.9703,2.1593,0,0,6.9474,0.264342,0.36288,3.6288,61.308,0.28803,0,0,3.0083,0.226779,2.49349,0.66528,12.849,1,0.409159,0.36288,0,102.716,4.26558,98.4039,0.84672,12.849,0.84672,3695.15,0,36.966,0.173669,3.84123,1.58134,11.6534,1.25869,15.6436,0.42336,36.966,0.42336,423.524,0,1.02816,0,0,4.86939,3.84123,1.028160,1,0,116.541,0,0,0,116.541,0
72.29,2.17988,0,0,5.57671,0.257056,2.82008,3.6288,61.308,0.288248,0,0,2.91915,0.243847,2.38706,0.66528,12.849,1,0.389178,2.82008,0,78.2741,4.7734,75.9316,0.84672,12.849,0.84672,3695.15,0,36.966,0.173801,5.35353,1.63239,12.0745,1.42301,17.4636,0.42336,36.966,0.42336,423.524,0,1.02816,0,0,6.38169,5.35353,1.028160,1,0,95.7822,0,0,0,95.7822,0
72.29,2.18185,0,0,3.98761,0.257681,1.54808,3.6288,61.308,0.288466,0,0,2.18664,0.243847,1.65432,0.66528,12.849,1,0.387808,1.54808,0,91.3732,4.7734,87.76,0.84672,12.849,0.84672,3695.15,0,36.966,0.173932,3.9392,1.63278,10.8252,1.42301,14.8003,0.42336,36.966,0.42336,423.524,0,1.02816,0,0,4.96736,3.9392,1.028160,1,0,104.215,0,0,0,104.215,0
72.29,2.18237,0,0,3.93633,0.245896,1.50807,3.6288,61.308,0.288684,0,0,1.97869,0.238983,1.45102,0.66528,12.849,1,0.387899,1.50807,0,70.5136,4.74161,66.8922,0.84672,12.849,0.84672,3695.15,0,36.966,0.174064,3.4264,1.63316,11.0426,1.36817,14.5599,0.42336,36.966,0.42336,423.524,0,1.02816,0,0,4.45456,3.4264,1.028160,1,0,82.9032,0,0,0,82.9032,0
72.29,2.39579,0,0,3.44104,0.230376,0.814878,3.6288,61.308,0.398288,0,0,1.965,0.253031,1.31368,0.66528,12.849,1,0.425834,0.814878,0,104.859,4.23441,101.014,0.84672,12.849,0.84672,3695.15,0,36.966,0.24015,3.66694,1.63354,9.56258,1.09119,13.5317,0.42336,36.966,0.42336,423.524,0,1.02816,0,0,4.6951,3.66694,1.028160,1,0,115.859,0,0,0,115.859,0
72.29,2.39635,0,0,4.20093,0.262822,1.54176,3.6288,61.308,0.398532,0,0,2.64438,0.233387,2.01246,0.66528,12.849,1,0.425933,1.54176,0,127.798,3.84069,125.073,0.84672,12.849,0.84672,3695.15,0,36.966,0.240297,4.14355,1.81639,9.77607,1.12058,14.3751,0.42336,36.966,0.42336,423.524,0,1.02816,0,0,5.17171,4.14355,1.028160,1,0,141.46,0,0,0,141.46,0
72.29,2.39691,0,0,6.32562,0.262822,3.66588,3.6288,61.308,0.398776,0,0,2.91197,0.233387,2.2798,0.66528,12.849,1,0.426033,3.66588,0,108.131,3.84069,107.53,0.84672,12.849,0.84672,3695.15,0,36.966,0.240444,5.54768,1.81681,13.5067,1.12058,19.5101,0.42336,36.966,0.42336,423.524,0,1.02816,0,0,6.57584,5.54768,1.028160,1,0,129.32,0,0,0,129.32,0
72.29,2.39748,0,0,4.09788,0.268239,1.43217,3.6288,61.308,0.39902,0,0,2.28459,0.226345,1.65922,0.66528,12.849,1,0.426133,1.43217,0,107.769,3.53399,105.241,0.84672,12.849,0.84672,3695.15,0,36.966,0.240591,3.93535,1.81724,8.31427,1.08253,12.7437,0.42336,36.966,0.42336,423.524,0,1.02816,0,0,4.96351,3.93535,1.028160,1,0,119.644,0,0,0,119.644,0
72.29,2.09407,0,0,4.64727,0.306972,2.24623,3.6288,61.308,0.25233,0,0,2.27597,0.205453,1.81818,0.66528,12.849,1,0.372206,2.24623,0,129.521,3.27488,128.12,0.84672,12.849,0.84672,3695.15,0,36.966,0.152144,3.62332,1.81766,15.629,1.0346,19.8832,0.42336,36.966,0.42336,423.524,0,1.02816,0,0,4.65148,3.62332,1.028160,1,0,149.821,0,0,0,149.821,0
72.29,2.09456,0,0,3.45748,0.325072,1.03784,3.6288,61.308,0.252539,0,0,1.22158,0.176678,0.792367,0.66528,12.849,1,0.372293,1.03784,0,62.5961,2.7068,60.5549,0.84672,12.849,0.84672,3695.15,0,36.966,0.15227,1.20221,1.56903,3.97107,0.654719,5.93533,0.42336,36.966,0.42336,423.524,0,1.02816,0,0,2.23037,1.20221,1.028160,1,0,67.2826,0,0,0,67.2826,0
72.29,2.09506,0,0,5.88964,0.325072,3.46951,3.6288,61.308,0.252749,0,0,1.9224,0.176678,1.49297,0.66528,12.849,1,0.37238,3.46951,0,114.193,2.7068,114.583,0.84672,12.849,0.84672,3695.15,0,36.966,0.152396,2.54733,1.5694,7.02907,0.654719,10.3387,0.42336,36.966,0.42336,423.524,0,1.02816,0,0,3.57549,2.54733,1.028160,1,0,126.415,0,0,0,126.415,0
72.29,2.09555,0,0,5.8447,0.306613,3.44254,3.6288,61.308,0.252959,0,0,2.46749,0.18179,2.03274,0.66528,12.849,1,0.372468,3.44254,0,112.822,3.1083,112.784,0.84672,12.849,0.84672,3695.15,0,36.966,0.152523,3.82168,1.56977,11.7425,0.722478,16.259,0.42336,36.966,0.42336,423.524,0,1.02816,0,0,4.84984,3.82168,1.028160,1,0,131.075,0,0,0,131.075,0
72.29,2.09604,0,0,5.18707,0.294837,2.79619,3.6288,61.308,0.253169,0,0,2.08529,0.192163,1.63996,0.66528,12.849,1,0.372555,2.79619,0,153.831,3.74058,152.514,0.84672,12.849,0.84672,3695.15,0,36.966,0.152649,2.49504,1.57014,7.51958,0.829893,10.6022,0.42336,36.966,0.42336,423.524,0,1.02816,0,0,3.5232,2.49504,1.028160,1,0,164.756,0,0,0,164.756,0
72.29,2.17313,0,0,3.55665,0.281182,1.10233,3.6288,61.308,0.289366,0,0,1.3882,0.188649,0.910182,0.66528,12.849,1,0.386258,1.10233,0,80.4021,4.05804,77.0601,0.84672,12.849,0.84672,3695.15,0,36.966,0.174475,1.30315,1.57051,5.09655,0.762166,7.03356,0.42336,36.966,0.42336,423.524,0,1.02816,0,0,2.33131,1.30315,1.028160,1,0,85.0039,0,0,0,85.0039,0
72.29,2.17364,0,0,4.64639,0.288542,2.18421,3.6288,61.308,0.289585,0,0,1.7901,0.193849,1.30667,0.66528,12.849,1,0.386349,2.18421,0,109.222,3.96029,107.059,0.84672,12.849,0.84672,3695.15,0,36.966,0.174607,2.25132,1.63235,7.30322,0.716369,10.2959,0.42336,36.966,0.42336,423.524,0,1.02816,0,0,3.27948,2.25132,1.028160,1,0,118.662,0,0,0,118.662,0
72.29,2.17415,0,0,4.67897,0.288542,2.21628,3.6288,61.308,0.289803,0,0,1.98205,0.193849,1.4984,0.66528,12.849,1,0.386439,2.21628,0,109.812,3.96029,107.681,0.84672,12.849,0.84672,3695.15,0,36.966,0.174738,2.86496,1.63273,7.85402,0.716369,11.4606,0.42336,36.966,0.42336,423.524,0,1.02816,0,0,3.89312,2.86496,1.028160,1,0,120.64,0,0,0,120.64,0
72.29,2.17466,0,0,3.45165,0.288542,0.988449,3.6288,61.308,0.290022,0,0,1.47069,0.193849,0.986821,0.66528,12.849,1,0.38653,0.988449,0,78.8469,3.96029,75.4885,0.84672,12.849,0.84672,3695.15,0,36.966,0.17487,1.52282,1.63312,5.56469,0.716369,7.82938,0.42336,36.966,0.42336,423.524,0,1.02816,0,0,2.55098,1.52282,1.028160,1,0,84.3047,0,0,0,84.3047,0
72.29,2.14519,0,0,3.32528,0.223855,0.956228,3.6288,61.308,0.27625,0,0,1.28362,0.206502,0.800867,0.66528,12.849,1,0.381292,0.956228,0,71.3163,4.24611,67.6451,0.84672,12.849,0.84672,3695.15,0,36.966,0.166566,1.60028,1.6335,5.40767,0.826617,7.64827,0.42336,36.966,0.42336,423.524,0,1.02816,0,0,2.62844,1.60028,1.028160,1,0,76.0943,0,0,0,76.0943,0
72.29,2.1457,0,0,3.13589,0.176213,0.813977,3.6288,61.308,0.276465,0,0,1.0381,0.212183,0.549457,0.66528,12.849,1,0.381381,0.813977,0,62.0014,4.61548,57.8185,0.84672,12.849,0.84672,3695.15,0,36.966,0.166696,1.43252,1.60994,5.22525,0.958373,7.14264,0.42336,36.966,0.42336,423.524,0,1.02816,0,0,2.46068,1.43252,1.028160,1,0,65.5106,0,0,0,65.5106,0
72.1505,2.1462,0,0,2.54577,0.176213,0.36288,3.6288,61.308,0.27668,0,0,0.919763,0.212183,0.430899,0.66528,12.849,1,0.381471,0.36288,0,52.7905,4.61548,48.1564,0.84672,12.849,0.84672,3695.15,0,36.966,0.166826,1.21857,1.61032,4.49193,0.958373,6.19561,0.42336,36.966,0.42336,423.524,0,1.02816,0,0,2.24673,1.21857,1.028160,1,0,54.7829,0,0,0,54.7829,0
71.7362,2.14608,0,0,2.27074,0.176027,0.36288,3.6288,61.308,0.276896,0,0,0.780978,0.212183,0.2919,0.66528,12.849,1,0.382187,0.36288,0,50.35,4.61548,45.7152,0.84672,12.849,0.84672,3695.15,0,36.966,0.166956,0.644311,1.6107,4.22366,0.958373,5.35334,0.42336,36.966,0.42336,423.524,0,1.02816,0,0,1.67247,0.644311,1.028160,1,0,51.3605,0,0,0,51.3605,0
71.73,2.24645,0,0,2.76552,0.162407,0.36288,3.6288,61.308,0.326772,0,0,0.882023,0.218241,0.33701,0.66528,12.849,1,0.402371,0.36288,0,56.6767,4.69429,51.9429,0.84672,12.849,0.84672,3695.15,0,36.966,0.197029,0.618987,1.61107,4.87144,0.975483,5.92899,0.42336,36.966,0.42336,423.524,0,1.02816,0,0,1.64715,0.618987,1.028160,1,0,58.2089,0,0,0,58.2089,0
71.2744,2.24695,0,0,2.29581,0.141549,0.36288,3.6288,61.308,0.326999,0,0,0.855973,0.215562,0.313412,0.66528,12.849,1,0.402495,0.36288,0,41.8696,4.98446,36.8455,0.84672,12.849,0.84672,3695.15,0,36.966,0.197166,0.81375,1.69543,4.20902,1.07029,5.45075,0.42336,36.966,0.42336,423.524,0,1.02816,0,0,1.84191,0.81375,1.028160,1,0,42.6097,0,0,0,42.6097,0
70.6282,2.24529,0,0,2.10302,0.141058,0.36288,3.6288,61.308,0.327226,0,0,0.782974,0.215562,0.240186,0.66528,12.849,1,0.40477,0.36288,0,37.569,4.98446,32.5426,0.84672,12.849,0.84672,3695.15,0,36.966,0.197303,0.632405,1.69583,4.02036,1.07029,5.081,0.42336,36.966,0.42336,423.524,0,1.02816,0,0,1.66056,0.632405,1.028160,1,0,37.8638,0,0,0,37.8638,0
69.8786,2.24268,0,0,1.95362,0.0977169,0.36288,3.6288,61.308,0.327453,0,0,0.749563,0.243893,0.178217,0.66528,12.849,1,0.407999,0.36288,0,33.2403,5.30576,27.8895,0.84672,12.849,0.84672,3695.15,0,36.966,0.19744,0.574992,1.69623,3.83876,1.15238,4.76016,0.42336,36.966,0.42336,423.524,0,1.02816,0,0,1.60315,0.574992,1.028160,1,0,32.8278,0,0,0,32.8278,0
69.0252,2.23951,0,0,1.83913,0.0900876,0.36288,3.6288,61.308,0.327681,0,0,0.715893,0.248614,0.139598,0.66528,12.849,1,0.411793,0.36288,0,32.7529,5.35931,27.3447,0.84672,12.849,0.84672,3695.15,0,36.966,0.197577,0.463692,1.69663,3.88832,1.16606,4.685,0.42336,36.966,0.42336,423.524,0,1.02816,0,0,1.49185,0.463692,1.028160,1,0,32.1693,0,0,0,32.1693,0
68.1038,2.21572,0,0,1.75306,0.095939,0.36288,3.6288,61.308,0.390312,0,0,0.680547,0.283068,0.00716593,0.66528,12.849,1,0.412455,0.36288,0,27.9859,5.24043,22.6959,0.84672,12.849,0.84672,3695.15,0,36.966,0.235341,0.30119,1.69702,3.33248,1.23513,3.86022,0.42336,36.966,0.42336,423.524,0,0.971931,0,0,1.27312,0.30119,1.028160,1,0,26.5633,0,0,0,26.5633,0
67.1057,2.21155,0,0,1.67421,0.097811,0.36288,3.6288,61.2192,0.447557,0,0,0.655586,0.29685,0,0.66528,12.849,1,0.417248,0.36288,0,26.2576,5.19288,21.0103,0.84672,12.849,0.84672,3695.15,0,36.966,0.269857,0.261274,1.72681,3.14498,1.26276,3.60045,0.42336,36.966,0.42336,423.524,0,0.880546,0,0,1.14182,0.261274,1.028160,1,0,24.6108,0,0,0,24.6108,0
65.9775,2.20685,0,0,1.53854,0.097046,0.36288,3.6288,61.112,0.447239,0,0,0.636742,0.296684,0,0.66528,12.849,1,0.422555,0.36288,0,25.8428,5.19288,20.5903,0.84672,12.849,0.84672,3695.15,0,36.966,0.270057,0.261274,1.72722,3.1713,1.26276,3.62698,0.42336,36.966,0.42336,423.524,0,0.881038,0,0,1.14231,0.261274,1.028160,1,0,24.2173,0,0,0,24.2173,0
64.7176,2.20132,0,0,1.40046,0.0961812,0.36288,3.6288,60.8688,0.542246,0,0,0.595546,0.296482,0,0.66528,12.849,1,0.428704,0.36288,0,24.8092,5.19288,19.5505,0.84672,12.849,0.84672,3695.15,0,36.966,0.327999,0.261274,1.72762,2.97917,1.26276,3.37731,0.42336,36.966,0.42336,423.524,0,0.728464,0,0,0.989738,0.261274,1.028160,1,0,22.9278,0,0,0,22.9278,0
63.3205,2.2461,0,0,1.29787,0.0859669,0.36288,3.6288,60.5263,0.594384,0,0,0.557406,0.305565,0,0.66528,12.849,1,0.445939,0.36288,0,21.7535,5.3865,16.284,0.84672,12.849,0.84672,3695.15,0,36.966,0.360973,0.261274,1.72803,2.82582,1.35945,3.0947,0.42336,36.966,0.42336,423.524,0,0.682802,0,0,0.944076,0.261274,1.028160,1,0,19.3787,0,0,0,19.3787,0
61.9272,2.23844,0,0,1.28568,0.0776677,0.36288,3.6288,60.1589,0.610454,0,0,0.533589,0.290496,0,0.66528,12.849,1,0.454225,0.36288,0,20.2324,5.37653,14.7645,0.84672,12.849,0.84672,3695.15,0,36.966,0.372831,0.261274,1.77013,2.86522,1.42084,3.10296,0.42336,36.966,0.42336,423.524,0,0.655258,0,0,0.916531,0.261274,1.028160,1,0,17.8675,0,0,0,17.8675,0
60.3956,2.2305,0,0,1.13854,0.0767866,0.36288,3.6288,59.7426,0.627521,0,0,0.501072,0.289818,0,0.66528,12.849,1,0.462797,0.36288,0,19.0627,5.37653,13.5862,0.84672,12.849,0.84672,3695.15,0,36.966,0.385594,0.227405,1.77054,2.83734,1.42084,3.02886,0.42336,36.966,0.42336,423.524,0,0.625813,0,0,0.853217,0.227405,1.028160,1,0,16.6151,0,0,0,16.6151,0
58.7698,2.22135,0,0,1.03424,0.0758181,0.36288,3.6288,59.2809,0.660146,0,0,0.487497,0.28905,0,0.66528,12.849,1,0.472586,0.36288,0,17.9444,5.37653,12.4582,0.84672,12.849,0.84672,3695.15,0,36.966,0.408468,0.227405,1.77096,2.73605,1.42084,2.90511,0.42336,36.966,0.42336,423.524,0,0.570698,0,0,0.798103,0.227405,1.028160,1,0,15.3633,0,0,0,15.3633,0
56.8648,2.35881,0,0,0.875975,0.0591997,0.36288,3.6288,58.6784,0.793661,0,0,0.48485,0.293783,0,0.66528,12.849,1,0.515713,0.36288,0,17.1015,5.65332,11.2953,0.84672,12.849,0.84672,3695.15,0,36.966,0.42336,0.227405,1.77138,2.68489,1.42134,2.83897,0.42336,36.966,0.42336,423.524,0,0.563846,0,0,0.791251,0.227405,1.028160,1,0,14.1343,0,0,0,14.1343,0
54.9719,2.34527,0,0,0.9011,0.0859328,0.36288,3.6288,58.1593,0.722021,0,0,0.480491,0.277513,0,0.66528,12.849,1,0.529929,0.36288,0,16.5294,4.83214,11.5302,0.84672,12.849,0.84672,3695.15,0,36.966,0.42336,0.227405,1.91458,2.67663,1.37257,3.02268,0.42336,36.966,0.42336,423.524,0,0.635904,0,0,0.863309,0.227405,1.028160,1,0,14.5529,0,0,0,14.5529,0
53.0567,2.33102,0,0,0.865979,0.0872536,0.36288,3.6288,57.6055,0.735822,0,0,0.457802,0.275802,0,0.66528,12.849,1,0.544848,0.36288,0,15.9621,4.72101,11.0591,0.84672,12.849,0.84672,3695.15,0,36.966,0.42336,0.204422,1.91503,2.66854,1.38177,2.98287,0.42336,36.966,0.42336,423.524,0,0.622521,0,0,0.826943,0.204422,1.028160,1,0,14.0419,0,0,0,14.0419,0
51.3689,2.31573,0,0,1.07645,0.0855748,0.36288,3.6288,57.1682,0.649015,0,0,0.486555,0.274817,0,0.66528,12.849,1,0.560813,0.36288,0,16.332,4.72101,11.4131,0.84672,12.849,0.84672,3695.15,0,36.966,0.416479,0.204422,1.91548,3.94453,1.38177,4.26619,0.42336,36.966,0.42336,423.524,0,0.716627,0,0,0.92105,0.204422,1.028160,1,0,15.6793,0,0,0,15.6793,0
49.4881,2.30153,0,0,0.867707,0.0840953,0.36288,3.6288,56.6199,0.723016,0,0,0.448733,0.274039,0,0.66528,12.849,1,0.575687,0.36288,0,15.0683,4.72101,10.1345,0.84672,12.849,0.84672,3695.15,0,36.966,0.42336,0.204422,1.91593,2.68223,1.38177,2.99746,0.42336,36.966,0.42336,423.524,0,0.636163,0,0,0.840586,0.204422,1.028160,1,0,13.132,0,0,0,13.132,0
47.5858,2.21499,0,0,0.803555,0.128012,0.36288,3.6288,55.9113,0.806701,0,0,0.354468,0.256316,0,0.66528,12.849,1,0.575096,0.36288,0,14.4176,4.69863,9.50672,0.84672,12.849,0.84672,3695.15,0,36.966,0.42336,0.204422,1.91638,2.5456,1.38045,2.8626,0.42336,36.966,0.42336,423.524,0,0.46711,0,0,0.671533,0.204422,1.028160,1,0,12.3693,0,0,0,12.3693,0
45.6988,2.18393,0,0,0.808212,0.148352,0.36288,3.6288,55.5156,0.61517,0,0,0.461845,0.242424,0,0.66528,12.849,1,0.5897,0.36288,0,12.6193,4.62357,7.76893,0.84672,12.849,0.84672,3695.15,0,36.966,0.406722,0.216518,1.8341,2.95985,1.39087,3.21287,0.42336,36.966,0.42336,423.524,0,0.692786,0,0,0.909305,0.216518,1.028160,1,0,10.9818,0,0,0,10.9818,0
43.7331,2.16575,0,0,0.708169,0.145284,0.36288,3.6288,54.7094,0.849827,0,0,0.285469,0.241796,0,0.66528,12.849,1,0.608937,0.36288,0,12.8125,4.62357,7.94289,0.84672,12.849,0.84672,3695.15,0,36.966,0.42336,0.216518,1.84454,2.33339,1.39087,2.58022,0.42336,36.966,0.42336,423.524,0,0.441491,0,0,0.658009,0.216518,1.028160,1,0,10.5231,0,0,0,10.5231,0
41.6588,2.14541,0,0,0.576081,0.142087,0.36288,3.6288,53.7098,0.994064,0,0,0.234962,0.240517,0,0.66528,12.849,1,0.630332,0.36288,0,11.7656,4.62357,6.87458,0.84672,12.849,0.84672,3695.15,0,36.966,0.42336,0.216518,1.84474,2.10832,1.39087,2.35535,0.42336,36.966,0.42336,423.524,0,0.297255,0,0,0.513773,0.216518,1.028160,1,0,9.22994,0,0,0,9.22994,0
40.0603,2.06709,0,0,1.02257,0.191121,0.36288,3.6288,53.0088,0.809926,0,0,0.296314,0.18743,0,0.66528,12.849,1,0.637561,0.36288,0,16.2772,3.93841,12.0641,0.84672,12.849,0.84672,3695.15,0,36.966,0.42336,0.216518,1.84493,2.48715,1.14368,2.98157,0.42336,36.966,0.42336,423.524,0,0.403232,0,0,0.619751,0.216518,1.028160,1,0,15.0457,0,0,0,15.0457,0
40.0462,1.98943,0,0,2.53225,0.194066,0.36288,3.6288,53.066,0.404453,0,0,0.642348,0.180682,0,0.66528,12.849,1,0.638094,0.36288,0,38.2044,4.18771,33.7414,0.84672,12.849,0.84672,3695.15,0,36.966,0.282048,0.459959,1.77123,4.53444,1.02339,5.46019,0.42336,36.966,0.42336,423.524,0,1.02816,0,0,1.48812,0.459959,1.028160,1,0,39.2016,0,0,0,39.2016,0
41.5157,1.99003,0,0,4.01649,0.194033,0.36288,3.6288,53.8254,0.404632,0,0,1.34479,0.180764,0,0.66528,12.849,1,0.638512,0.36288,0,51.9797,4.18771,47.5164,0.84672,12.849,0.84672,3695.15,0,36.966,0.281868,1.52176,1.81715,7.30102,1.02339,9.33466,0.42336,36.966,0.42336,423.524,0,1.02816,0,0,2.54992,1.52176,1.028160,1,0,56.851,0,0,0,56.851,0
41.5279,2.00807,0,0,2.58055,0.19744,0.36288,3.6288,54.2392,0.40699,0,0,1.00268,0.181862,0,0.66528,12.849,1,0.621493,0.36288,0,35.7512,4.18771,31.3049,0.84672,12.849,0.84672,3695.15,0,36.966,0.279511,1.18359,1.81734,7.20351,1.02339,8.90152,0.42336,36.966,0.42336,423.524,0,1.02816,0,0,2.21175,1.18359,1.028160,1,0,40.2064,0,0,0,40.2064,0
44.1107,1.85237,0,0,5.05115,0.253127,0.36288,3.6288,54.8722,0.31136,0,0,1.14976,0.205428,0,0.66528,12.849,1,0.573135,0.36288,0,90.2038,4.59364,85.4,0.84672,12.849,0.84672,3695.15,0,36.966,0.212203,1.31121,1.81753,9.12356,1.11816,10.9219,0.42336,36.966,0.42336,423.524,0,1.02816,0,0,2.33937,1.31121,1.028160,1,0,96.3219,0,0,0,96.3219,0
51.7883,1.75293,0,0,10.01,0.216521,0.36288,3.6288,56.3359,0.410153,0,0,2.11396,0.240134,0,0.66528,12.849,1,0.51061,0.36288,0,138.51,4.32589,134.036,0.84672,12.849,0.84672,3695.15,0,36.966,0.27631,1.2744,1.6534,12.3953,1.07079,13.976,0.42336,36.966,0.42336,423.524,0,1.02816,0,0,2.30256,1.2744,1.028160,1,0,148.012,0,0,0,148.012,0
55.7271,2.01843,0,0,6.54747,0.227385,0.36288,3.6288,57.8528,0.260669,0,0,2.02575,0.248145,0,0.66528,12.849,1,0.500786,0.36288,0,122.685,4.28127,118.266,0.84672,12.849,0.84672,3695.15,0,36.966,0.171044,2.21002,1.7489,12.2475,1.0629,14.9725,0.42336,36.966,0.42336,423.524,0,1.02816,0,0,3.23818,2.21002,1.028160,1,0,133.239,0,0,0,133.239,0
59.6074,2.04768,0,0,6.5276,0.23668,0.36288,3.6288,59.6352,0.263615,0,0,2.29659,0.250602,0,0.66528,12.849,1,0.472133,0.36288,0,98.7993,4.28127,94.4087,0.84672,12.849,0.84672,3695.15,0,36.966,0.168441,4.82249,1.6,18.8673,1.0629,24.0584,0.42336,36.966,0.42336,423.524,0,1.02816,0,0,5.85065,4.82249,1.028160,1,0,118.467,0,0,0,118.467,0
63.3087,2.07345,0,0,6.38347,0.245837,0.36288,3.6288,61.1853,0.266934,0,0,2.0706,0.253489,0,0.66528,12.849,1,0.446953,0.36288,0,105.101,4.28127,100.736,0.84672,12.849,0.84672,3695.15,0,36.966,0.165464,4.22148,1.60037,16.0416,1.0629,20.6351,0.42336,36.966,0.42336,423.524,0,1.02816,0,0,5.24964,4.22148,1.028160,1,0,121.371,0,0,0,121.371,0
65.4477,2.1613,0,0,4.9219,0.258722,0.36288,3.6288,61.308,0.299203,0,0,1.45013,0.228022,0.800246,0.66528,12.849,1,0.438653,0.36288,0,81.9795,3.91407,77.9897,0.84672,12.849,0.84672,3695.15,0,36.966,0.180768,1.75219,1.60075,9.25308,1.04947,11.3758,0.42336,36.966,0.42336,423.524,0,1.02816,0,0,2.78035,1.75219,1.028160,1,0,90.1657,0,0,0,90.1657,0
64.077,2.17378,0,0,1.43605,0.270055,0.36288,3.6288,61.308,0.299642,0,0,0.640474,0.190866,0.149966,0.66528,12.849,1,0.426766,0.36288,0,45.6881,3.42447,42.1997,0.84672,12.849,0.84672,3695.15,0,36.966,0.180671,0.704298,1.65241,5.82187,1.03157,6.96634,0.42336,36.966,0.42336,423.524,0,1.02816,0,0,1.73246,0.704298,1.028160,1,0,49.316,0,0,0,49.316,0
62.4956,2.16666,0,0,1.21522,0.267092,0.36288,3.6288,61.308,0.299854,0,0,0.800401,0.190866,0.309681,0.66528,12.849,1,0.434469,0.36288,0,40.5185,3.42447,37.0224,0.84672,12.849,0.84672,3695.15,0,36.966,0.180799,0.561159,1.65279,5.61946,1.03157,6.62103,0.42336,36.966,0.42336,423.524,0,1.02816,0,0,1.58932,0.561159,1.028160,1,0,43.9531,0,0,0,43.9531,0
61.6359,2.15803,0,0,1.92485,0.263675,0.36288,3.6288,61.308,0.300067,0,0,0.859437,0.190866,0.368504,0.66528,12.849,1,0.443688,0.36288,0,42.2413,3.42447,38.736,0.84672,12.849,0.84672,3695.15,0,36.966,0.180927,0.813473,1.65316,6.51619,1.03157,7.77033,0.42336,36.966,0.42336,423.524,0,1.02816,0,0,1.84163,0.813473,1.028160,1,0,46.8749,0,0,0,46.8749,0
61.5437,2.36344,0,0,2.90684,0.27267,0.36288,3.6288,61.308,0.411004,0,0,0.95466,0.19204,0.351615,0.66528,12.849,1,0.492697,0.36288,0,69.1769,3.49185,65.5553,0.84672,12.849,0.84672,3695.15,0,36.966,0.247817,0.966151,1.65354,8.05532,1.06927,9.35792,0.42336,36.966,0.42336,423.524,0,1.02816,0,0,1.99431,0.966151,1.028160,1,0,75.2648,0,0,0,75.2648,0
60.3211,2.36336,0,0,1.79363,0.290027,0.36288,3.6288,61.2086,0.547944,0,0,0.628275,0.179699,0,0.66528,12.849,1,0.493418,0.36288,0,36.2398,3.98244,32.1268,0.84672,12.849,0.84672,3695.15,0,36.966,0.330386,0.503194,1.8386,4.32069,1.06866,5.26344,0.42336,36.966,0.42336,423.524,0,0.809032,0,0,1.31223,0.503194,1.028160,1,0,37.3903,0,0,0,37.3903,0
59.1127,2.35565,0,0,1.79469,0.284522,0.36288,3.6288,60.8816,0.69671,0,0,0.532637,0.162913,0,0.66528,12.849,1,0.501777,0.36288,0,36.7632,4.11816,32.5061,0.84672,12.849,0.84672,3695.15,0,36.966,0.420767,0.608429,1.83902,4.08146,1.09891,5.00923,0.42336,36.966,0.42336,423.524,0,0.570266,0,0,1.17869,0.608429,1.028160,1,0,37.5154,0,0,0,37.5154,0
58.1673,2.34775,0,0,2.04605,0.280824,0.36288,3.6288,60.9801,0.410636,0,0,0.668914,0.159803,0,0.66528,12.849,1,0.510318,0.36288,0,43.2621,4.14078,38.9739,0.84672,12.849,0.84672,3695.15,0,36.966,0.249329,0.797748,1.83943,5.70384,1.10395,6.98774,0.42336,36.966,0.42336,423.524,0,1.02816,0,0,1.82591,0.797748,1.028160,1,0,45.9616,0,0,0,45.9616,0
58.07,2.04469,0,0,2.58849,0.278263,0.36288,3.6288,61.2449,0.262698,0,0,0.687398,0.159903,0,0.66528,12.849,1,0.451666,0.36288,0,56.5637,4.14078,52.3341,0.84672,12.849,0.84672,3695.15,0,36.966,0.159247,0.628301,1.83985,5.25528,1.10395,6.46023,0.42336,36.966,0.42336,423.524,0,1.02816,0,0,1.65646,0.628301,1.028160,1,0,58.7943,0,0,0,58.7943,0
60.1573,2.04453,0,0,4.82184,0.327097,0.36288,3.6288,61.308,0.263332,0,0,1.75537,0.0677476,1.36121,0.66528,12.849,1,0.452389,0.36288,0,98.2411,4.07872,94.0729,0.84672,12.849,0.84672,3695.15,0,36.966,0.158941,2.35519,1.58817,9.14233,0.714005,12.2127,0.42336,36.966,0.42336,423.524,0,1.02816,0,0,3.38335,2.35519,1.028160,1,0,107.647,0,0,0,107.647,0
61.4614,2.05793,0,0,4.01504,0.290123,0.36288,3.6288,61.308,0.263639,0,0,1.17114,0.14873,0.758774,0.66528,12.849,1,0.439554,0.36288,0,74.3982,4.29156,70.0299,0.84672,12.849,0.84672,3695.15,0,36.966,0.158962,1.32248,1.58853,7.17483,0.962313,8.96456,0.42336,36.966,0.42336,423.524,0,1.02816,0,0,2.35064,1.32248,1.028160,1,0,79.7533,0,0,0,79.7533,0
62.6056,2.06611,0,0,3.86653,0.293338,0.36288,3.6288,61.308,0.263843,0,0,1.118,0.14873,0.705425,0.66528,12.849,1,0.431937,0.36288,0,59.7076,4.29156,55.347,0.84672,12.849,0.84672,3695.15,0,36.966,0.159086,1.08979,1.58889,6.11515,0.962313,7.67243,0.42336,36.966,0.42336,423.524,0,1.02816,0,0,2.11795,1.08979,1.028160,1,0,63.7248,0,0,0,63.7248,0
63.9172,2.07313,0,0,4.04373,0.296113,0.36288,3.6288,61.308,0.264048,0,0,1.12666,0.14873,0.713886,0.66528,12.849,1,0.425484,0.36288,0,57.1284,4.29156,52.7742,0.84672,12.849,0.84672,3695.15,0,36.966,0.159209,1.16357,1.58925,6.20589,0.962313,7.83718,0.42336,36.966,0.42336,423.524,0,1.02816,0,0,2.19173,1.16357,1.028160,1,0,61.3253,0,0,0,61.3253,0
65.984,2.1569,0,0,4.89895,0.312432,0.36288,3.6288,61.308,0.300678,0,0,1.81823,0.146989,1.37056,0.66528,12.849,1,0.433593,0.36288,0,73.3185,4.6167,68.6311,0.84672,12.849,0.84672,3695.15,0,36.966,0.181296,2.13042,1.58961,7.49745,0.997448,10.0387,0.42336,36.966,0.42336,423.524,0,1.02816,0,0,3.15858,2.13042,1.028160,1,0,80.0404,0,0,0,80.0404,0
67.403,2.16876,0,0,4.27835,0.327682,0.36288,3.6288,61.308,0.300891,0,0,1.78595,0.145683,1.33937,0.66528,12.849,1,0.422321,0.36288,0,56.4593,4.86056,51.5393,0.84672,12.849,0.84672,3695.15,0,36.966,0.181424,1.66776,1.65219,7.23306,1.0238,9.34779,0.42336,36.966,0.42336,423.524,0,1.02816,0,0,2.69592,1.66776,1.028160,1,0,62.2265,0,0,0,62.2265,0
68.2913,2.17672,0,0,3.73816,0.31021,0.36288,3.6288,61.308,0.301104,0,0,1.60912,0.138891,1.16913,0.66528,12.849,1,0.414947,0.36288,0,55.7628,4.49923,51.2115,0.84672,12.849,0.84672,3695.15,0,36.966,0.181553,1.53322,1.65256,6.97466,0.982221,8.99667,0.42336,36.966,0.42336,423.524,0,1.02816,0,0,2.56138,1.53322,1.028160,1,0,61.3773,0,0,0,61.3773,0
69.4916,2.18176,0,0,4.00395,0.259065,0.36288,3.6288,61.308,0.301318,0,0,1.65153,0.121913,1.2283,0.66528,12.849,1,0.410497,0.36288,0,59.5196,3.59593,55.876,0.84672,12.849,0.84672,3695.15,0,36.966,0.181681,1.44139,1.65294,6.98907,0.878276,9.02344,0.42336,36.966,0.42336,423.524,0,1.02816,0,0,2.46955,1.44139,1.028160,1,0,66.1278,0,0,0,66.1278,0
69.5221,2.15808,0,0,2.80885,0.257368,0.36288,3.6288,61.308,0.287371,0,0,1.13833,0.141811,0.709147,0.66528,12.849,1,0.399028,0.36288,0,44.4666,3.77966,40.6508,0.84672,12.849,0.84672,3695.15,0,36.966,0.173272,0.825198,1.65331,5.17766,0.928998,6.5539,0.42336,36.966,0.42336,423.524,0,1.02816,0,0,1.85336,0.825198,1.028160,1,0,47.9139,0,0,0,47.9139,0
68.7267,2.15871,0,0,1.97324,0.247099,0.36288,3.6288,61.308,0.287581,0,0,0.799917,0.191557,0.320779,0.66528,12.849,1,0.398971,0.36288,0,37.2503,4.23896,32.9753,0.84672,12.849,0.84672,3695.15,0,36.966,0.173398,0.607617,1.62945,4.56837,1.05581,5.57623,0.42336,36.966,0.42336,423.524,0,1.02816,0,0,1.63578,0.607617,1.028160,1,0,38.8723,0,0,0,38.8723,0
68.2629,2.15531,0,0,2.30002,0.245576,0.36288,3.6288,61.308,0.287791,0,0,0.854116,0.191557,0.374768,0.66528,12.849,1,0.402952,0.36288,0,38.4665,4.23896,34.1875,0.84672,12.849,0.84672,3695.15,0,36.966,0.173525,0.60461,1.62982,3.91707,1.05581,4.92217,0.42336,36.966,0.42336,423.524,0,1.02816,0,0,1.63277,0.60461,1.028160,1,0,39.4844,0,0,0,39.4844,0
68.1001,2.15349,0,0,2.57615,0.222552,0.36288,3.6288,61.308,0.288001,0,0,0.878766,0.196912,0.393853,0.66528,12.849,1,0.405348,0.36288,0,46.1983,4.40149,41.7544,0.84672,12.849,0.84672,3695.15,0,36.966,0.173652,0.677817,1.63019,3.77619,1.02572,4.88483,0.42336,36.966,0.42336,423.524,0,1.02816,0,0,1.70598,0.677817,1.028160,1,0,47.0331,0,0,0,47.0331,0
67.0529,2.2553,0,0,1.76373,0.192792,0.36288,3.6288,61.308,0.338472,0,0,0.763629,0.204052,0.221105,0.66528,12.849,1,0.425526,0.36288,0,33.9854,4.61822,29.3046,0.84672,12.849,0.84672,3695.15,0,36.966,0.204083,0.435724,1.63056,3.39253,0.985598,4.26913,0.42336,36.966,0.42336,423.524,0,1.02816,0,0,1.46388,0.435724,1.028160,1,0,33.7948,0,0,0,33.7948,0
65.8329,2.25023,0,0,1.58324,0.190099,0.36288,3.6288,61.308,0.431634,0,0,0.671216,0.207857,0.0317243,0.66528,12.849,1,0.431201,0.36288,0,29.4709,4.87133,24.5312,0.84672,12.849,0.84672,3695.15,0,36.966,0.260256,0.402797,1.71592,2.95622,1.08064,3.73404,0.42336,36.966,0.42336,423.524,0,0.87918,0,0,1.28198,0.402797,1.028160,1,0,28.297,0,0,0,28.297,0
64.495,2.24406,0,0,1.41437,0.145342,0.36288,3.6288,61.308,0.38541,0,0,0.64006,0.210758,0.0438922,0.66528,12.849,1,0.437986,0.36288,0,25.466,4.98918,20.4017,0.84672,12.849,0.84672,3695.15,0,36.966,0.232385,0.30119,1.71631,2.70658,1.04869,3.443,0.42336,36.966,0.42336,423.524,0,0.953631,0,0,1.25482,0.30119,1.028160,1,0,23.8886,0,0,0,23.8886,0
63.1486,2.23699,0,0,1.39723,0.143791,0.36288,3.6288,61.308,0.399953,0,0,0.690215,0.210758,0.0795043,0.66528,12.849,1,0.445663,0.36288,0,24.7069,4.98918,19.635,0.84672,12.849,0.84672,3695.15,0,36.966,0.241154,0.30119,1.7167,2.93267,1.04869,3.66071,0.42336,36.966,0.42336,423.524,0,0.930675,0,0,1.23187,0.30119,1.028160,1,0,23.3752,0,0,0,23.3752,0
61.723,2.22959,0,0,1.30909,0.14223,0.36288,3.6288,61.308,0.424925,0,0,0.647654,0.210758,0.0119709,0.66528,12.849,1,0.453661,0.36288,0,23.0526,4.98918,17.9727,0.84672,12.849,0.84672,3695.15,0,36.966,0.256211,0.30119,1.71709,2.62224,1.04869,3.33562,0.42336,36.966,0.42336,423.524,0,0.891,0,0,1.19219,0.30119,1.028160,1,0,21.3203,0,0,0,21.3203,0
60.3412,2.20153,0,0,1.30153,0.11891,0.36288,3.6288,61.308,0.367236,0,0,0.747541,0.219808,0.160498,0.66528,12.849,1,0.458297,0.36288,0,23.9985,5.00016,18.9029,0.84672,12.849,0.84672,3695.15,0,36.966,0.221427,0.361679,1.71747,2.9917,1.09716,3.75227,0.42336,36.966,0.42336,423.524,0,1.02816,0,0,1.38984,0.361679,1.028160,1,0,22.8157,0,0,0,22.8157,0
58.9516,2.19337,0,0,1.26814,0.10149,0.36288,3.6288,61.308,0.367464,0,0,0.818873,0.226596,0.224814,0.66528,12.849,1,0.467055,0.36288,0,25.469,5.00839,20.3564,0.84672,12.849,0.84672,3695.15,0,36.966,0.221564,0.635636,1.74761,3.19051,1.13351,4.21868,0.42336,36.966,0.42336,423.524,0,1.02816,0,0,1.6638,0.635636,1.028160,1,0,24.7999,0,0,0,24.7999,0
57.458,2.18483,0,0,1.1543,0.100149,0.36288,3.6288,61.308,0.367692,0,0,0.765876,0.226596,0.171588,0.66528,12.849,1,0.476202,0.36288,0,24.4503,5.00839,19.3286,0.84672,12.849,0.84672,3695.15,0,36.966,0.221702,0.413407,1.748,2.99718,1.13351,3.80338,0.42336,36.966,0.42336,423.524,0,1.02816,0,0,1.44157,0.413407,1.028160,1,0,23.3036,0,0,0,23.3036,0
55.8953,2.1752,0,0,1.06142,0.0860746,0.36288,3.6288,61.308,0.36792,0,0,0.731229,0.259503,0.103806,0.66528,12.849,1,0.486428,0.36288,0,21.6759,5.43185,16.1206,0.84672,12.849,0.84672,3695.15,0,36.966,0.221839,0.406218,1.7484,2.88395,1.28808,3.52864,0.42336,36.966,0.42336,423.524,0,1.02816,0,0,1.43438,0.406218,1.028160,1,0,19.753,0,0,0,19.753,0
54.2181,2.21515,0,0,0.973037,0.0721888,0.36288,3.6288,61.2603,0.392818,0,0,0.648563,0.303493,0,0.66528,12.849,1,0.509211,0.36288,0,18.7636,5.99899,12.6182,0.84672,12.849,0.84672,3695.15,0,36.966,0.236852,0.273344,1.74879,2.65768,1.47283,2.97013,0.42336,36.966,0.42336,423.524,0,1.02816,0,0,1.3015,0.273344,1.028160,1,0,15.5884,0,0,0,15.5884,0
52.4201,2.20292,0,0,0.831341,0.0635436,0.36288,3.6288,60.8006,0.692977,0,0,0.568447,0.335173,0,0.66528,12.849,1,0.522063,0.36288,0,18.2226,6.28005,11.7834,0.84672,12.849,0.84672,3695.15,0,36.966,0.41816,0.261274,1.79138,2.11481,1.50224,2.24707,0.42336,36.966,0.42336,423.524,0,0.547068,0,0,0.808341,0.261274,1.028160,1,0,14.0305,0,0,0,14.0305,0
50.6167,2.18903,0,0,0.810924,0.062387,0.36288,3.6288,60.3648,0.625336,0,0,0.523737,0.334199,0,0.66528,12.849,1,0.536566,0.36288,0,18.1992,6.28005,11.7455,0.84672,12.849,0.84672,3695.15,0,36.966,0.380197,0.227405,1.79179,2.26617,1.50224,2.40293,0.42336,36.966,0.42336,423.524,0,0.653046,0,0,0.880451,0.227405,1.028160,1,0,14.1484,0,0,0,14.1484,0
48.7772,2.17427,0,0,0.758825,0.061227,0.36288,3.6288,59.869,0.647299,0,0,0.484793,0.333275,0,0.66528,12.849,1,0.551937,0.36288,0,16.4292,6.28005,9.96011,0.84672,12.849,0.84672,3695.15,0,36.966,0.396391,0.227405,1.79219,2.02255,1.50224,2.14352,0.42336,36.966,0.42336,423.524,0,0.615263,0,0,0.842668,0.227405,1.028160,1,0,12.1036,0,0,0,12.1036,0
46.7923,2.25864,0,0,0.696643,0.0600391,0.36288,3.6288,59.1281,0.888117,0,0,0.479469,0.332224,0,0.66528,12.849,1,0.594976,0.36288,0,15.0184,6.28005,8.50625,0.84672,12.849,0.84672,3695.15,0,36.966,0.42336,0.227405,1.7926,1.97812,1.50224,2.07253,0.42336,36.966,0.42336,423.524,0,0.546039,0,0,0.773444,0.227405,1.028160,1,0,10.5788,0,0,0,10.5788,0
44.89,2.28276,0,0,0.784858,0.0414443,0.36288,3.6288,58.5194,0.788806,0,0,0.517067,0.336925,0,0.66528,12.849,1,0.626838,0.36288,0,14.269,6.31833,7.68667,0.84672,12.849,0.84672,3695.15,0,36.966,0.42336,0.227405,1.96988,2.41095,1.52074,2.66414,0.42336,36.966,0.42336,423.524,0,0.590432,0,0,0.817836,0.227405,1.028160,1,0,10.3508,0,0,0,10.3508,0
42.995,2.26262,0,0,0.769314,0.0388638,0.36288,3.6288,57.8608,0.83428,0,0,0.494535,0.318909,0,0.66528,12.849,1,0.647636,0.36288,0,13.8547,6.21768,7.35224,0.84672,12.849,0.84672,3695.15,0,36.966,0.42336,0.204422,1.93795,1.72067,1.51702,1.92266,0.42336,36.966,0.42336,423.524,0,0.545365,0,0,0.749788,0.204422,1.028160,1,0,9.2749,0,0,0,9.2749,0
41.028,2.24115,0,0,0.675104,0.0380319,0.36288,3.6288,57.1522,0.868081,0,0,0.477097,0.317557,0,0.66528,12.849,1,0.669765,0.36288,0,17.6118,6.21768,11.0872,0.84672,12.849,0.84672,3695.15,0,36.966,0.42336,0.204422,1.93838,1.65234,1.51702,1.85477,0.42336,36.966,0.42336,423.524,0,0.511972,0,0,0.716394,0.204422,1.028160,1,0,12.942,0,0,0,12.942,0
39.1003,2.2172,0,0,0.689488,0.0371685,0.36288,3.6288,56.5555,0.827893,0,0,0.547278,0.316103,0,0.66528,12.849,1,0.694374,0.36288,0,15.2562,6.21768,8.70699,0.84672,12.849,0.84672,3695.15,0,36.966,0.42336,0.204422,1.93882,1.71593,1.51702,1.9188,0.42336,36.966,0.42336,423.524,0,0.552568,0,0,0.75699,0.204422,1.028160,1,0,10.6258,0,0,0,10.6258,0
37.3098,2.12505,0,0,0.71642,0.0189939,0.36288,3.6288,56.0354,0.65236,0,0,0.46841,0.336139,0,0.66528,12.849,1,0.698327,0.36288,0,13.6774,6.21552,7.12641,0.84672,12.849,0.84672,3695.15,0,36.966,0.42336,0.204422,1.93926,1.89417,1.60121,2.01329,0.42336,36.966,0.42336,423.524,0,0.6417,0,0,0.846122,0.204422,1.028160,1,0,9.1397,0,0,0,9.1397,0
35.386,2.1006,0,0,0.601012,0.0612473,0.36288,3.6288,55.0289,1.00003,0,0,0.293924,0.30047,0,0.66528,12.849,1,0.723418,0.36288,0,9.45899,4.62249,4.47596,0.84672,12.849,0.84672,3695.15,0,36.966,0.42336,0.216518,1.85598,1.23448,1.30857,1.57505,0.42336,36.966,0.42336,423.524,0,0.294419,0,0,0.510938,0.216518,1.028160,1,0,6.05101,0,0,0,6.05101,0
33.5347,2.07221,0,0,0.684108,0.100348,0.36288,3.6288,54.3554,0.818229,0,0,0.425033,0.280309,0,0.66528,12.849,1,0.75244,0.36288,0,9.31755,4.10035,4.82763,0.84672,12.849,0.84672,3695.15,0,36.966,0.42336,0.216518,1.8564,1.72261,1.21184,2.16032,0.42336,36.966,0.42336,423.524,0,0.476607,0,0,0.693126,0.216518,1.028160,1,0,6.98796,0,0,0,6.98796,0
31.6823,2.04264,0,0,0.651205,0.0981046,0.36288,3.6288,53.6281,0.861773,0,0,0.413559,0.279066,0,0.66528,12.849,1,0.782649,0.36288,0,11.8606,4.10035,7.34044,0.84672,12.849,0.84672,3695.15,0,36.966,0.42336,0.216518,1.85682,1.70545,1.21184,2.14358,0.42336,36.966,0.42336,423.524,0,0.433452,0,0,0.64997,0.216518,1.028160,1,0,9.48402,0,0,0,9.48402,0
29.997,1.9586,0,0,0.732015,0.0958601,0.36288,3.6288,53.2569,0.636564,0,0,0.543087,0.277651,0,0.66528,12.849,1,0.794327,0.36288,0,23.5182,4.10035,18.9864,0.84672,12.849,0.84672,3695.15,0,36.966,0.42336,0.216518,1.85724,2.26512,1.21184,2.70368,0.42336,36.966,0.42336,423.524,0,0.57996,0,0,0.796478,0.216518,1.028160,1,0,21.69,0,0,0,21.69,0
28.8041,1.87571,0,0,1.20521,0.159527,0.36288,3.6288,52.5795,0.792037,0,0,0.322286,0.207693,0,0.66528,12.849,1,0.803447,0.36288,0,18.7362,4.28221,14.0134,0.84672,12.849,0.84672,3695.15,0,36.966,0.42336,0.216518,1.78287,2.65729,1.0858,3.14752,0.42336,36.966,0.42336,423.524,0,0.499254,0,0,0.715772,0.216518,1.028160,1,0,17.1609,0,0,0,17.1609,0
28.245,1.85339,0,0,1.81417,0.156978,0.36288,3.6288,52.7503,0.403095,0,0,0.780462,0.206569,0,0.66528,12.849,1,0.826764,0.36288,0,29.2168,4.28221,24.4707,0.84672,12.849,0.84672,3695.15,0,36.966,0.283396,1.04064,1.82681,5.3882,1.0858,6.88645,0.42336,36.966,0.42336,423.524,0,1.02816,0,0,2.0688,1.04064,1.028160,1,0,31.3571,0,0,0,31.3571,0
30.2755,1.84282,0,0,4.39203,0.155783,0.36288,3.6288,53.8883,0.403635,0,0,1.74847,0.206853,0,0.66528,12.849,1,0.838323,0.36288,0,76.5671,4.28221,71.8094,0.84672,12.849,0.84672,3695.15,0,36.966,0.282856,2.22711,1.827,8.1513,1.0858,10.8367,0.42336,36.966,0.42336,423.524,0,1.02816,0,0,3.25527,2.22711,1.028160,1,0,82.6462,0,0,0,82.6462,0
30.5522,1.73731,0,0,2.56845,0.191628,0.36288,3.6288,54.3613,0.309388,0,0,0.959481,0.177087,0,0.66528,12.849,1,0.737316,0.36288,0,43.1965,3.72622,39.0959,0.84672,12.849,0.84672,3695.15,0,36.966,0.212233,0.460901,1.82719,4.9377,0.837901,6.17565,0.42336,36.966,0.42336,423.524,0,1.02816,0,0,1.48906,0.460901,1.028160,1,0,45.2715,0,0,0,45.2715,0
34.6991,1.62661,0,0,6.33026,0.193868,0.36288,3.6288,55.7291,0.408602,0,0,1.96833,0.191882,0,0.66528,12.849,1,0.684087,0.36288,0,72.3528,3.89319,68.1384,0.84672,12.849,0.84672,3695.15,0,36.966,0.277852,1.312,1.66111,10.8519,0.834838,12.7123,0.42336,36.966,0.42336,423.524,0,1.02816,0,0,2.34016,1.312,1.028160,1,0,80.8507,0,0,0,80.8507,0
36.772,1.68694,0,0,4.33674,0.213959,0.36288,3.6288,57.1281,0.412702,0,0,2.00713,0.195492,0,0.66528,12.849,1,0.624671,0.36288,0,80.3174,3.84667,76.209,0.84672,12.849,0.84672,3695.15,0,36.966,0.273752,1.19898,1.75774,7.20055,0.828636,9.05488,0.42336,36.966,0.42336,423.524,0,1.02816,0,0,2.22714,1.19898,1.028160,1,0,85.2639,0,0,0,85.2639,0
38.1351,1.71371,0,0,3.65902,0.219359,0.36288,3.6288,58.3662,0.416772,0,0,1.85223,0.197284,0,0.66528,12.849,1,0.59881,0.36288,0,73.3441,3.84667,69.2615,0.84672,12.849,0.84672,3695.15,0,36.966,0.269682,1.14651,1.75791,6.87874,0.828636,8.68484,0.42336,36.966,0.42336,423.524,0,1.02816,0,0,2.17467,1.14651,1.028160,1,0,77.9463,0,0,0,77.9463,0
39.9706,1.7304,0,0,4.15022,0.221472,0.36288,3.6288,59.4649,0.420275,0,0,1.73301,0.214085,0,0.66528,12.849,1,0.58303,0.36288,0,88.4598,4.22549,84.0141,0.84672,12.849,0.84672,3695.15,0,36.966,0.266179,0.874282,1.75808,7.63845,1.00074,9.00389,0.42336,36.966,0.42336,423.524,0,1.02816,0,0,1.90244,0.874282,1.028160,1,0,93.018,0,0,0,93.018,0
41.0429,1.81181,0,0,3.46078,0.213762,0.36288,3.6288,60.3407,0.452777,0,0,1.56797,0.239354,0,0.66528,12.849,1,0.582428,0.36288,0,139.687,4.74714,134.721,0.84672,12.849,0.84672,3695.15,0,36.966,0.281466,0.621069,1.75825,6.5789,1.32372,7.35303,0.42336,36.966,0.42336,423.524,0,1.02816,0,0,1.64923,0.621069,1.028160,1,0,142.074,0,0,0,142.074,0
42.468,1.86049,0,0,3.84811,0.199651,0.36288,3.6288,60.8053,0.427829,0,0,1.08713,0.19478,0,0.66528,12.849,1,0.582449,0.36288,0,112.044,3.77425,108.051,0.84672,12.849,0.84672,3695.15,0,36.966,0.262097,0.412474,1.81031,6.48065,0.978495,7.46284,0.42336,36.966,0.42336,423.524,0,1.02469,0,0,1.43716,0.412474,1.028160,1,0,115.513,0,0,0,115.513,0
46.1849,1.87619,0,0,6.16468,0.208663,0.36288,3.6288,61.308,0.426914,0,0,1.88498,0.212365,0.742959,0.66528,12.849,1,0.567654,0.36288,0,103.69,4.20347,99.2813,0.84672,12.849,0.84672,3695.15,0,36.966,0.259538,1.09471,1.78252,11.6029,1.06322,13.1574,0.42336,36.966,0.42336,423.524,0,1.02816,0,0,2.12287,1.09471,1.028160,1,0,113.182,0,0,0,113.182,0
60.5923,1.91264,0,0,16.9027,0.219751,0.36288,3.6288,61.308,0.428242,0,0,6.57335,0.245181,5.89992,0.66528,12.849,1,0.53211,0.36288,0,286.794,4.6852,281.939,0.84672,12.849,0.84672,3695.15,0,36.966,0.258211,4.4476,1.78269,30.145,1.25322,34.8639,0.42336,36.966,0.42336,423.524,0,1.02816,0,0,5.47576,4.4476,1.028160,1,0,322.703,0,0,0,322.703,0
72.29,2.38421,0,0,15.0698,0.254644,0.733299,3.6288,61.308,0.423407,0,0,9.36638,0.245181,8.69779,0.66528,12.849,1,0.505587,0.733299,0,372.851,4.6852,368.393,0.84672,12.849,0.84672,3695.15,0,36.966,0.255296,4.98369,1.78286,31.5134,1.25322,36.7715,0.42336,36.966,0.42336,423.524,0,1.02816,0,0,6.01185,4.98369,1.028160,1,0,413.862,0,0,0,413.862,0
72.29,2.45421,0,0,6.07188,0.312468,3.30521,3.6288,61.308,0.423639,0,0,4.47338,0.218843,3.83089,0.66528,12.849,1,0.436217,3.30521,0,163.035,4.24501,161.659,0.84672,12.849,0.84672,3695.15,0,36.966,0.255435,1.56559,1.86027,13.4876,1.04507,15.613,0.42336,36.966,0.42336,423.524,0,1.02816,0,0,2.59375,1.56559,1.028160,1,0,181.103,0,0,0,181.103,0
72.29,2.45474,0,0,5.83211,0.317971,3.0594,3.6288,61.308,0.423871,0,0,4.5489,0.214454,3.91057,0.66528,12.849,1,0.436312,3.0594,0,172.55,4.17165,171.002,0.84672,12.849,0.84672,3695.15,0,36.966,0.255575,1.96974,1.86067,15.2003,1.01038,17.7647,0.42336,36.966,0.42336,423.524,0,1.02816,0,0,2.9979,1.96974,1.028160,1,0,192.677,0,0,0,192.677,0
72.29,2.45528,0,0,9.13343,0.307582,6.37057,3.6288,61.308,0.424103,0,0,7.52399,0.236585,6.8633,0.66528,12.849,1,0.436407,6.37057,0,210.977,4.69581,212.215,0.84672,12.849,0.84672,3695.15,0,36.966,0.255715,3.41887,1.86108,28.2302,1.17436,32.0801,0.42336,36.966,0.42336,423.524,0,1.02816,0,0,4.44703,3.41887,1.028160,1,0,251.158,0,0,0,251.158,0
72.29,2.14452,0,0,6.91675,0.305653,4.46658,3.6288,61.308,0.273861,0,0,6.03289,0.215871,5.54316,0.66528,12.849,1,0.381172,4.46658,0,204.238,4.55215,203.772,0.84672,12.849,0.84672,3695.15,0,36.966,0.165126,2.95089,1.86149,23.2381,1.0619,26.8234,0.42336,36.966,0.42336,423.524,0,1.02816,0,0,3.97905,2.95089,1.028160,1,0,236.138,0,0,0,236.138,0
72.29,2.14499,0,0,7.08065,0.309602,4.62606,3.6288,61.308,0.27406,0,0,3.61119,0.174737,3.16239,0.66528,12.849,1,0.381255,4.62606,0,173.407,3.63106,174.021,0.84672,12.849,0.84672,3695.15,0,36.966,0.165246,1.4796,1.60683,17.9337,0.806158,20.0487,0.42336,36.966,0.42336,423.524,0,1.02816,0,0,2.50776,1.4796,1.028160,1,0,197.232,0,0,0,197.232,0
72.29,2.14546,0,0,5.64429,0.287022,3.21181,3.6288,61.308,0.274259,0,0,3.27387,0.185644,2.81397,0.66528,12.849,1,0.381338,3.21181,0,129.5,3.6352,128.695,0.84672,12.849,0.84672,3695.15,0,36.966,0.165366,1.01421,1.60718,14.3834,0.771714,16.0677,0.42336,36.966,0.42336,423.524,0,1.02816,0,0,2.04237,1.01421,1.028160,1,0,147.577,0,0,0,147.577,0
72.29,2.14592,0,0,4.90151,0.287022,2.46856,3.6288,61.308,0.274459,0,0,2.91162,0.185644,2.45152,0.66528,12.849,1,0.381421,2.46856,0,107.622,3.6352,106.074,0.84672,12.849,0.84672,3695.15,0,36.966,0.165487,0.898085,1.60753,12.7355,0.771714,14.3039,0.42336,36.966,0.42336,423.524,0,1.02816,0,0,1.92624,0.898085,1.028160,1,0,122.83,0,0,0,122.83,0
72.29,2.14639,0,0,5.70648,0.287022,3.27307,3.6288,61.308,0.274658,0,0,2.97168,0.185644,2.51138,0.66528,12.849,1,0.381505,3.27307,0,120.887,3.6352,120.144,0.84672,12.849,0.84672,3695.15,0,36.966,0.165607,1.15324,1.60788,15.4633,0.771714,17.2871,0.42336,36.966,0.42336,423.524,0,1.02816,0,0,2.1814,1.15324,1.028160,1,0,139.942,0,0,0,139.942,0
72.29,2.2253,0,0,8.67453,0.308974,6.14025,3.6288,61.308,0.31171,0,0,5.69049,0.171043,5.20773,0.66528,12.849,1,0.39553,6.14025,0,175.685,3.50754,177.922,0.84672,12.849,0.84672,3695.15,0,36.966,0.187947,1.90874,1.60823,17.9452,0.767685,20.5065,0.42336,36.966,0.42336,423.524,0,1.02816,0,0,2.9369,1.90874,1.028160,1,0,203.636,0,0,0,203.636,0
72.29,2.22578,0,0,5.60924,0.338244,3.04522,3.6288,61.308,0.311917,0,0,3.22064,0.151574,2.75715,0.66528,12.849,1,0.395616,3.04522,0,103.848,3.33732,103.16,0.84672,12.849,0.84672,3695.15,0,36.966,0.188072,0.909153,1.67153,12.7406,0.762313,14.3709,0.42336,36.966,0.42336,423.524,0,1.02816,0,0,1.93731,0.909153,1.028160,1,0,120.288,0,0,0,120.288,0
72.29,2.22627,0,0,5.29175,0.338244,2.72724,3.6288,61.308,0.312125,0,0,3.49408,0.151574,3.03038,0.66528,12.849,1,0.395702,2.72724,0,119.84,3.33732,118.834,0.84672,12.849,0.84672,3695.15,0,36.966,0.188197,0.921119,1.6719,12.8149,0.762313,14.4574,0.42336,36.966,0.42336,423.524,0,1.02816,0,0,1.94928,0.921119,1.028160,1,0,136.322,0,0,0,136.322,0
72.29,2.22675,0,0,4.72552,0.284676,2.21409,3.6288,61.308,0.312333,0,0,3.29179,0.18012,2.79934,0.66528,12.849,1,0.395789,2.21409,0,110.624,3.68634,108.756,0.84672,12.849,0.84672,3695.15,0,36.966,0.188323,0.885946,1.67226,13.2223,0.831015,14.7612,0.42336,36.966,0.42336,423.524,0,1.02816,0,0,1.91411,0.885946,1.028160,1,0,126.316,0,0,0,126.316,0
72.29,2.19654,0,0,4.14486,0.272326,1.67599,3.6288,61.308,0.298215,0,0,2.52019,0.18875,2.03323,0.66528,12.849,1,0.390419,1.67599,0,76.8925,3.7746,74.4035,0.84672,12.849,0.84672,3695.15,0,36.966,0.17981,0.587097,1.67263,9.58306,0.853384,10.8096,0.42336,36.966,0.42336,423.524,0,1.02816,0,0,1.61526,0.587097,1.028160,1,0,87.2463,0,0,0,87.2463,0
72.29,2.19702,0,0,4.15195,0.251794,1.70314,3.6288,61.308,0.327542,0,0,2.19459,0.211985,1.65506,0.66528,12.849,1,0.390504,1.70314,0,77.7099,3.95514,75.0674,0.84672,12.849,0.84672,3695.15,0,36.966,0.197493,0.528595,1.64848,6.62462,0.918895,7.6853,0.42336,36.966,0.42336,423.524,0,0.981478,0,0,1.51007,0.528595,1.028160,1,0,84.4077,0,0,0,84.4077,0
72.29,2.1975,0,0,3.22873,0.251794,0.779442,3.6288,61.308,0.473035,0,0,1.68095,0.211985,0.995927,0.66528,12.849,1,0.390589,0.779442,0,63.8344,3.95514,60.2681,0.84672,12.849,0.84672,3695.15,0,36.966,0.285219,0.528595,1.64883,5.31176,0.918895,6.28507,0.42336,36.966,0.42336,423.524,0,0.748587,0,0,1.27718,0.528595,1.028160,1,0,67.5491,0,0,0,67.5491,0
72.29,2.19798,0,0,2.83072,0.251794,0.380953,3.6288,61.308,0.491189,0,0,1.58505,0.211985,0.881878,0.66528,12.849,1,0.390674,0.380953,0,58.2864,3.95514,54.3215,0.84672,12.849,0.84672,3695.15,0,36.966,0.296165,0.402797,1.64919,4.94718,0.918895,5.78411,0.42336,36.966,0.42336,423.524,0,0.719816,0,0,1.12261,0.402797,1.028160,1,0,60.9875,0,0,0,60.9875,0
72.29,2.30274,0,0,3.07031,0.251794,0.515773,3.6288,61.308,0.673675,0,0,1.52092,0.211985,0.635256,0.66528,12.849,1,0.409295,0.515773,0,62.8335,3.95514,58.9849,0.84672,12.849,0.84672,3695.15,0,36.966,0.406196,0.402797,1.64955,5.41437,0.918895,6.14163,0.42336,36.966,0.42336,423.524,0,0.509129,0,0,0.911926,0.402797,1.028160,1,0,65.7618,0,0,0,65.7618,0
72.29,2.30325,0,0,3.34545,0.212985,0.829221,3.6288,61.308,0.429545,0,0,1.67551,0.227146,1.01882,0.66528,12.849,1,0.409384,0.829221,0,67.2634,4.03569,63.6475,0.84672,12.849,0.84672,3695.15,0,36.966,0.258996,0.402797,1.7359,5.26183,1.03526,6.10627,0.42336,36.966,0.42336,423.524,0,0.900806,0,0,1.3036,0.402797,1.028160,1,0,70.7726,0,0,0,70.7726,0
72.29,2.30375,0,0,3.15089,0.197461,0.649679,3.6288,61.308,0.521855,0,0,1.92755,0.23321,1.17248,0.66528,12.849,1,0.409474,0.649679,0,64.4527,4.06791,60.625,0.84672,12.849,0.84672,3695.15,0,36.966,0.314655,0.402797,1.73628,5.05362,1.08181,5.79623,0.42336,36.966,0.42336,423.524,0,0.753183,0,0,1.15598,0.402797,1.028160,1,0,67.5937,0,0,0,67.5937,0
72.2897,2.30425,0,0,2.86425,0.197461,0.36288,3.6288,61.308,0.596567,0,0,1.66294,0.23321,0.833164,0.66528,12.849,1,0.409563,0.36288,0,60.1977,4.06791,56.0831,0.84672,12.849,0.84672,3695.15,0,36.966,0.359703,0.30119,1.73665,4.67295,1.08181,5.26929,0.42336,36.966,0.42336,423.524,0,0.63377,0,0,0.93496,0.30119,1.028160,1,0,62.1856,0,0,0,62.1856,0
71.9602,2.30475,0,0,2.53561,0.197461,0.36288,3.6288,61.308,0.553581,0,0,1.62837,0.23321,0.84158,0.66528,12.849,1,0.409654,0.36288,0,51.0434,4.06791,46.9287,0.84672,12.849,0.84672,3695.15,0,36.966,0.333785,0.30119,1.73703,4.62621,1.08181,5.24884,0.42336,36.966,0.42336,423.524,0,0.703019,0,0,1.00421,0.30119,1.028160,1,0,53.0191,0,0,0,53.0191,0
71.6684,2.28303,0,0,2.50587,0.15176,0.36288,3.6288,61.308,0.378935,0,0,1.58126,0.262006,0.940316,0.66528,12.849,1,0.407651,0.36288,0,44.5275,4.57533,39.9074,0.84672,12.849,0.84672,3695.15,0,36.966,0.228481,0.42355,1.73741,4.5387,1.18987,5.28131,0.42336,36.966,0.42336,423.524,0,1.02816,0,0,1.45171,0.42355,1.028160,1,0,46.129,0,0,0,46.129,0
71.4228,2.28212,0,0,2.54494,0.14548,0.36288,3.6288,61.308,0.379158,0,0,1.26199,0.262658,0.620178,0.66528,12.849,1,0.409147,0.36288,0,39.289,4.64562,34.5971,0.84672,12.849,0.84672,3695.15,0,36.966,0.228615,0.629208,1.76788,4.47398,1.18391,5.45854,0.42336,36.966,0.42336,423.524,0,1.02816,0,0,1.65737,0.629208,1.028160,1,0,40.6758,0,0,0,40.6758,0
70.9601,2.28142,0,0,2.32676,0.145208,0.36288,3.6288,61.308,0.37938,0,0,1.2317,0.262658,0.589664,0.66528,12.849,1,0.410429,0.36288,0,38.7342,4.64562,34.0411,0.84672,12.849,0.84672,3695.15,0,36.966,0.228749,0.659621,1.76826,4.41898,1.18391,5.4342,0.42336,36.966,0.42336,423.524,0,1.02816,0,0,1.68778,0.659621,1.028160,1,0,40.0649,0,0,0,40.0649,0
70.2994,2.27965,0,0,2.12649,0.144694,0.36288,3.6288,61.308,0.379602,0,0,1.15184,0.262658,0.509582,0.66528,12.849,1,0.412785,0.36288,0,36.4329,4.64562,31.7374,0.84672,12.849,0.84672,3695.15,0,36.966,0.228883,0.414236,1.76865,4.20501,1.18391,4.9751,0.42336,36.966,0.42336,423.524,0,1.02816,0,0,1.4424,0.414236,1.028160,1,0,37.222,0,0,0,37.222,0
69.4366,2.33,0,0,1.95536,0.125208,0.36288,3.6288,61.308,0.404779,0,0,1.09153,0.306534,0.380221,0.66528,12.849,1,0.425868,0.36288,0,32.6198,5.21022,27.3466,0.84672,12.849,0.84672,3695.15,0,36.966,0.244064,0.415195,1.76903,4.00376,1.39,4.55392,0.42336,36.966,0.42336,423.524,0,1.02816,0,0,1.44336,0.415195,1.028160,1,0,32.2807,0,0,0,32.2807,0
68.4677,2.32605,0,0,1.84303,0.123058,0.36288,3.6288,61.308,0.521044,0,0,0.947635,0.308856,0.117735,0.66528,12.849,1,0.430426,0.36288,0,26.1379,5.79384,20.2765,0.84672,12.849,0.84672,3695.15,0,36.966,0.314166,0.261274,1.8121,3.02155,1.49942,3.28134,0.42336,36.966,0.42336,423.524,0,0.842158,0,0,1.10343,0.261274,1.028160,1,0,23.6756,0,0,0,23.6756,0
67.522,2.32142,0,0,1.85569,0.117092,0.36288,3.6288,61.308,0.439041,0,0,0.900443,0.313298,0.148104,0.66528,12.849,1,0.43565,0.36288,0,34.2374,5.83181,28.3328,0.84672,12.849,0.84672,3695.15,0,36.966,0.264722,0.261274,1.8125,3.32603,1.52191,3.61317,0.42336,36.966,0.42336,423.524,0,0.97397,0,0,1.23524,0.261274,1.028160,1,0,32.0941,0,0,0,32.0941,0
66.4637,2.3168,0,0,1.73759,0.116227,0.36288,3.6288,61.308,0.432429,0,0,0.837363,0.313298,0.0916353,0.66528,12.849,1,0.440872,0.36288,0,27.4895,5.83181,21.5797,0.84672,12.849,0.84672,3695.15,0,36.966,0.260736,0.227405,1.81289,2.99816,1.52191,3.25581,0.42336,36.966,0.42336,423.524,0,0.984934,0,0,1.21234,0.227405,1.028160,1,0,24.9272,0,0,0,24.9272,0
65.1017,2.46579,0,0,1.58202,0.115258,0.36288,3.6288,61.1505,0.639185,0,0,0.795001,0.313298,0,0.66528,12.849,1,0.476696,0.36288,0,25.0529,5.83181,19.1073,0.84672,12.849,0.84672,3695.15,0,36.966,0.3854,0.227405,1.81329,2.79661,1.52191,2.92999,0.42336,36.966,0.42336,423.524,0,0.798388,0,0,1.02579,0.227405,1.028160,1,0,22.0373,0,0,0,22.0373,0
64.0744,2.458,0,0,1.90606,0.112526,0.36288,3.6288,61.287,0.49561,0,0,0.951005,0.318912,0,0.66528,12.849,1,0.48513,0.36288,0,25.8975,6.0007,19.7746,0.84672,12.849,0.84672,3695.15,0,36.966,0.2996,0.369965,1.95985,3.97072,1.51657,4.48437,0.42336,36.966,0.42336,423.524,0,1.02816,0,0,1.39812,0.369965,1.028160,1,0,24.2589,0,0,0,24.2589,0
63.1857,2.45205,0,0,2.03669,0.110493,0.36288,3.6288,61.308,0.496274,0,0,0.96044,0.323635,0.119531,0.66528,12.849,1,0.491716,0.36288,0,27.5414,6.12738,21.2852,0.84672,12.849,0.84672,3695.15,0,36.966,0.299333,0.333711,1.96028,3.37038,1.51256,3.85247,0.42336,36.966,0.42336,423.524,0,1.02816,0,0,1.36187,0.333711,1.028160,1,0,25.2572,0,0,0,25.2572,0
61.9434,2.44684,0,0,1.67719,0.109698,0.36288,3.6288,61.3055,0.514814,0,0,0.835955,0.323678,0,0.66528,12.849,1,0.497572,0.36288,0,34.1911,6.12738,27.929,0.84672,12.849,0.84672,3695.15,0,36.966,0.31041,0.204422,1.9607,3.00689,1.51256,3.34905,0.42336,36.966,0.42336,423.524,0,0.998939,0,0,1.20336,0.204422,1.028160,1,0,31.278,0,0,0,31.278,0
60.8883,2.4391,0,0,1.8554,0.108588,0.36288,3.6288,61.308,0.496825,0,0,1.14833,0.323673,0.325297,0.66528,12.849,1,0.505946,0.36288,0,29.3141,6.12738,23.0436,0.84672,12.849,0.84672,3695.15,0,36.966,0.299576,0.547128,1.96113,3.59328,1.51256,4.2894,0.42336,36.966,0.42336,423.524,0,1.02816,0,0,1.57529,0.547128,1.028160,1,0,27.6583,0,0,0,27.6583,0
59.6629,2.35818,0,0,1.60096,0.105241,0.36288,3.6288,61.308,0.442303,0,0,0.867681,0.331394,0.0939837,0.66528,12.849,1,0.497637,0.36288,0,28.5098,6.15291,22.2221,0.84672,12.849,0.84672,3695.15,0,36.966,0.266689,0.391971,1.96156,3.5988,1.51641,4.16924,0.42336,36.966,0.42336,423.524,0,1.02816,0,0,1.42013,0.391971,1.028160,1,0,26.4853,0,0,0,26.4853,0
58.0919,2.35028,0,0,1.24927,0.10715,0.36288,3.6288,61.2352,0.445827,0,0,0.716792,0.343782,0,0.66528,12.849,1,0.506156,0.36288,0,19.9224,6.16152,13.6176,0.84672,12.849,0.84672,3695.15,0,36.966,0.268814,0.204422,1.8773,2.68037,1.50705,2.98623,0.42336,36.966,0.42336,423.524,0,1.02289,0,0,1.22731,0.204422,1.028160,1,0,16.6038,0,0,0,16.6038,0
56.6644,2.33958,0,0,1.4337,0.158747,0.36288,3.6288,61.1453,0.48327,0,0,0.695606,0.302238,0,0.66528,12.849,1,0.517478,0.36288,0,17.0763,5.83023,11.0914,0.84672,12.849,0.84672,3695.15,0,36.966,0.291737,0.216518,1.87771,1.9537,1.39326,2.36294,0.42336,36.966,0.42336,423.524,0,0.962902,0,0,1.17942,0.216518,1.028160,1,0,13.4544,0,0,0,13.4544,0
56.0468,2.32946,0,0,2.23133,0.156539,0.36288,3.6288,61.308,0.442568,0,0,1.15334,0.302067,0.245982,0.66528,12.849,1,0.52822,0.36288,0,27.7588,5.83023,21.7632,0.84672,12.849,0.84672,3695.15,0,36.966,0.267559,1.00367,1.87812,3.48495,1.39326,4.70592,0.42336,36.966,0.42336,423.524,0,1.02816,0,0,2.03183,1.00367,1.028160,1,0,26.7151,0,0,0,26.7151,0
55.3157,2.26517,0,0,2.05246,0.155584,0.36288,3.6288,61.308,0.393342,0,0,1.06074,0.302378,0.365022,0.66528,12.849,1,0.5193,0.36288,0,50.2947,5.83023,44.3081,0.84672,12.849,0.84672,3695.15,0,36.966,0.237168,0.817646,1.87853,2.94564,1.39326,4.01139,0.42336,36.966,0.42336,423.524,0,1.02816,0,0,1.84581,0.817646,1.028160,1,0,48.6845,0,0,0,48.6845,0
54.0106,2.26009,0,0,1.48803,0.170144,0.36288,3.6288,61.308,0.393567,0,0,0.750738,0.27654,0.0806306,0.66528,12.849,1,0.524985,0.36288,0,21.8321,5.25621,16.4138,0.84672,12.849,0.84672,3695.15,0,36.966,0.237304,0.538834,1.8033,2.04459,1.27111,2.8783,0.42336,36.966,0.42336,423.524,0,1.02816,0,0,1.56699,0.538834,1.028160,1,0,19.3727,0,0,0,19.3727,0
52.8559,2.2057,0,0,1.58443,0.170502,0.36288,3.6288,61.308,0.42826,0,0,0.784564,0.272234,0.08407,0.66528,12.849,1,0.524731,0.36288,0,21.1629,5.16054,15.8405,0.84672,12.849,0.84672,3695.15,0,36.966,0.258222,0.700367,1.80369,3.62781,1.25075,4.62289,0.42336,36.966,0.42336,423.524,0,1.02816,0,0,1.72853,0.700367,1.028160,1,0,20.5475,0,0,0,20.5475,0
52.3465,2.19726,0,0,2.23983,0.189164,0.36288,3.6288,61.308,0.42826,0,0,0.993799,0.264967,0.300572,0.66528,12.849,1,0.534142,0.36288,0,33.6525,4.94607,28.5352,0.84672,12.849,0.84672,3695.15,0,36.966,0.258222,1.11315,1.83641,3.34276,1.2196,4.8145,0.42336,36.966,0.42336,423.524,0,1.02816,0,0,2.14131,1.11315,1.028160,1,0,33.6503,0,0,0,33.6503,0
54.6101,2.02534,0,0,4.86744,0.215577,0.36288,3.6288,61.308,0.324231,0,0,1.98546,0.255277,1.40595,0.66528,12.849,1,0.497142,0.36288,0,38.9926,4.66011,34.1982,0.84672,12.849,0.84672,3695.15,0,36.966,0.195497,2.05329,1.8366,6.09364,1.17807,8.60995,0.42336,36.966,0.42336,423.524,0,1.02816,0,0,3.08145,2.05329,1.028160,1,0,44.2141,0,0,0,44.2141,0
57.0034,1.90778,0,0,4.90329,0.23936,0.36288,3.6288,61.308,0.428237,0,0,2.06887,0.232874,1.40775,0.66528,12.849,1,0.448874,0.36288,0,57.0689,4.25361,52.7293,0.84672,12.849,0.84672,3695.15,0,36.966,0.258208,1.51076,1.66861,5.68089,1.02862,7.57343,0.42336,36.966,0.42336,423.524,0,1.02816,0,0,2.53892,1.51076,1.028160,1,0,61.7105,0,0,0,61.7105,0
57.8289,2.1039,0,0,3.55189,0.259537,0.36288,3.6288,61.308,0.290621,0,0,2.11979,0.216071,1.6131,0.66528,12.849,1,0.474234,0.36288,0,53.7081,3.94874,49.648,0.84672,12.849,0.84672,3695.15,0,36.966,0.175232,1.52597,1.76634,5.80031,0.916531,8.00086,0.42336,36.966,0.42336,423.524,0,1.02816,0,0,2.55413,1.52597,1.028160,1,0,59.2619,0,0,0,59.2619,0
60.379,2.1099,0,0,5.28449,0.261646,0.36288,3.6288,61.308,0.290824,0,0,2.88547,0.216071,2.37858,0.66528,12.849,1,0.468797,0.36288,0,100.689,3.94874,96.6342,0.84672,12.849,0.84672,3695.15,0,36.966,0.175354,2.51404,1.63742,5.79868,0.916531,8.85825,0.42336,36.966,0.42336,423.524,0,1.02816,0,0,3.5422,2.51404,1.028160,1,0,107.871,0,0,0,107.871,0
60.5729,2.12668,0,0,2.95157,0.26814,0.36288,3.6288,61.308,0.291027,0,0,1.71361,0.216071,1.20651,0.66528,12.849,1,0.45257,0.36288,0,67.5565,3.94874,63.5181,0.84672,12.849,0.84672,3695.15,0,36.966,0.175476,1.29902,1.63777,5.05863,0.916531,6.90342,0.42336,36.966,0.42336,423.524,0,1.02816,0,0,2.32718,1.29902,1.028160,1,0,71.628,0,0,0,71.628,0
60.3456,2.12788,0,0,2.5295,0.265987,0.36288,3.6288,61.308,0.291027,0,0,1.04573,0.222562,0.532136,0.66528,12.849,1,0.451375,0.36288,0,44.0396,4.06569,39.8854,0.84672,12.849,0.84672,3695.15,0,36.966,0.175476,0.589982,1.63813,5.95313,0.944544,7.06122,0.42336,36.966,0.42336,423.524,0,1.02816,0,0,1.61814,0.589982,1.028160,1,0,47.4788,0,0,0,47.4788,0
64.0949,2.19356,0,0,6.55572,0.24999,0.36288,3.6288,61.308,0.321382,0,0,1.42479,0.261506,0.8419,0.66528,12.849,1,0.467061,0.36288,0,66.9573,4.76742,62.0857,0.84672,12.849,0.84672,3695.15,0,36.966,0.193779,1.64397,1.63813,7.00799,1.11262,8.98369,0.42336,36.966,0.42336,423.524,0,1.02816,0,0,2.67213,1.64397,1.028160,1,0,71.9113,0,0,0,71.9113,0
66.1821,2.21679,0,0,4.92462,0.257811,0.36288,3.6288,61.308,0.321584,0,0,1.0965,0.261506,0.513412,0.66528,12.849,1,0.444395,0.36288,0,84.7567,4.76742,79.9077,0.84672,12.849,0.84672,3695.15,0,36.966,0.193901,1.11537,1.69097,7.32551,1.11262,8.82533,0.42336,36.966,0.42336,423.524,0,1.02816,0,0,2.14353,1.11537,1.028160,1,0,89.2465,0,0,0,89.2465,0
69.1861,2.22899,0,0,5.85802,0.262164,0.36288,3.6288,61.308,0.321786,0,0,1.06006,0.261506,0.476767,0.66528,12.849,1,0.43275,0.36288,0,120.188,4.76742,115.35,0.84672,12.849,0.84672,3695.15,0,36.966,0.194022,1.063,1.69133,6.67001,1.11262,8.11769,0.42336,36.966,0.42336,423.524,0,1.02816,0,0,2.09116,1.063,1.028160,1,0,123.945,0,0,0,123.945,0
70.4537,2.2453,0,0,4.14424,0.26843,0.36288,3.6288,61.308,0.321987,0,0,0.853096,0.261506,0.269603,0.66528,12.849,1,0.41699,0.36288,0,74.2444,4.76742,69.4229,0.84672,12.849,0.84672,3695.15,0,36.966,0.194144,0.575925,1.69168,6.47856,1.11262,7.4394,0.42336,36.966,0.42336,423.524,0,1.02816,0,0,1.60409,0.575925,1.028160,1,0,77.1319,0,0,0,77.1319,0
71.5253,2.47179,0,0,4.17449,0.268159,0.36288,3.6288,61.308,0.435489,0,0,0.977707,0.268737,0.273482,0.66528,12.849,1,0.450793,0.36288,0,72.3108,4.52292,67.6999,0.84672,12.849,0.84672,3695.15,0,36.966,0.26258,0.724187,1.69203,5.44596,1.10439,6.49521,0.42336,36.966,0.42336,423.524,0,1.02816,0,0,1.75235,0.724187,1.028160,1,0,74.4686,0,0,0,74.4686,0
72.29,2.47803,0,0,3.9087,0.269195,0.396807,3.6288,61.308,0.435714,0,0,1.18149,0.271629,0.474142,0.66528,12.849,1,0.44516,0.396807,0,83.0321,4.42512,78.5587,0.84672,12.849,0.84672,3695.15,0,36.966,0.262716,1.167,1.88138,5.94777,1.1011,7.63233,0.42336,36.966,0.42336,423.524,0,1.02816,0,0,2.19516,1.167,1.028160,1,0,86.6651,0,0,0,86.6651,0
72.29,2.48255,0,0,5.38187,0.27444,2.62488,3.6288,61.308,0.43594,0,0,1.18845,0.263733,0.488776,0.66528,12.849,1,0.441255,2.62488,0,83.859,4.2899,81.7527,0.84672,12.849,0.84672,3695.15,0,36.966,0.262852,1.1602,1.88177,7.18519,1.07338,8.89092,0.42336,36.966,0.42336,423.524,0,1.02816,0,0,2.18836,1.1602,1.028160,1,0,91.1324,0,0,0,91.1324,0
72.29,2.48307,0,0,5.35879,0.296486,2.57923,3.6288,61.308,0.436165,0,0,1.51459,0.21636,0.862066,0.66528,12.849,1,0.441347,2.57923,0,102.102,3.47855,100.762,0.84672,12.849,0.84672,3695.15,0,36.966,0.262988,1.62275,1.88216,9.55307,0.907076,11.8879,0.42336,36.966,0.42336,423.524,0,1.02816,0,0,2.65091,1.62275,1.028160,1,0,113.512,0,0,0,113.512,0
72.29,2.16878,0,0,7.15056,0.296612,4.68517,3.6288,61.308,0.284215,0,0,3.04201,0.211934,2.54586,0.66528,12.849,1,0.385484,4.68517,0,191.057,3.47937,191.878,0.84672,12.849,0.84672,3695.15,0,36.966,0.171369,3.75734,1.88256,12.8736,0.887785,17.4543,0.42336,36.966,0.42336,423.524,0,1.02816,0,0,4.7855,3.75734,1.028160,1,0,211.878,0,0,0,211.878,0
72.29,2.16923,0,0,6.74654,0.296662,4.28065,3.6288,61.308,0.284409,0,0,3.17676,0.210164,2.68219,0.66528,12.849,1,0.385565,4.28065,0,169.948,3.4797,170.363,0.84672,12.849,0.84672,3695.15,0,36.966,0.171486,2.8963,1.62501,13.1025,0.880069,16.5722,0.42336,36.966,0.42336,423.524,0,1.02816,0,0,3.92446,2.8963,1.028160,1,0,189.618,0,0,0,189.618,0
72.29,2.16969,0,0,6.81043,0.296662,4.34408,3.6288,61.308,0.284603,0,0,2.89383,0.210164,2.39906,0.66528,12.849,1,0.385646,4.34408,0,177.133,3.4797,177.612,0.84672,12.849,0.84672,3695.15,0,36.966,0.171603,2.85577,1.62535,13.8982,0.880069,17.3277,0.42336,36.966,0.42336,423.524,0,1.02816,0,0,3.88393,2.85577,1.028160,1,0,197.338,0,0,0,197.338,0
72.29,2.17014,0,0,6.49434,0.240021,4.08418,3.6288,61.308,0.284796,0,0,2.58911,0.180082,2.12423,0.66528,12.849,1,0.385727,4.08418,0,185.742,3.04373,186.397,0.84672,12.849,0.84672,3695.15,0,36.966,0.17172,2.82142,1.62569,13.8404,0.817442,17.2984,0.42336,36.966,0.42336,423.524,0,1.02816,0,0,3.84958,2.82142,1.028160,1,0,205.819,0,0,0,205.819,0
72.29,2.1706,0,0,5.95558,0.289276,3.4957,3.6288,61.308,0.284991,0,0,2.90403,0.175719,2.44332,0.66528,12.849,1,0.385807,3.4957,0,173.945,3.28295,173.772,0.84672,12.849,0.84672,3695.15,0,36.966,0.171837,2.67596,1.62603,12.294,0.827347,15.5968,0.42336,36.966,0.42336,423.524,0,1.02816,0,0,3.70412,2.67596,1.028160,1,0,191.812,0,0,0,191.812,0
72.29,2.25038,0,0,5.51577,0.317172,2.94822,3.6288,61.308,0.322452,0,0,4.08718,0.168756,3.59597,0.66528,12.849,1,0.399988,2.94822,0,134.47,3.01938,133.999,0.84672,12.849,0.84672,3695.15,0,36.966,0.194424,3.78176,1.62637,13.2094,0.740251,17.6829,0.42336,36.966,0.42336,423.524,0,1.02816,0,0,4.80992,3.78176,1.028160,1,0,155.278,0,0,0,155.278,0
72.29,2.25085,0,0,4.86165,0.317172,2.29363,3.6288,61.308,0.322654,0,0,3.59135,0.168756,3.09994,0.66528,12.849,1,0.400072,2.29363,0,109.246,3.01938,108.12,0.84672,12.849,0.84672,3695.15,0,36.966,0.194546,3.21607,1.69037,11.0847,0.740251,15.0563,0.42336,36.966,0.42336,423.524,0,1.02816,0,0,4.24423,3.21607,1.028160,1,0,126.276,0,0,0,126.276,0
72.29,2.25132,0,0,4.88992,0.296599,2.342,3.6288,61.308,0.322856,0,0,3.62587,0.171437,3.13158,0.66528,12.849,1,0.400155,2.342,0,122.557,2.85516,121.643,0.84672,12.849,0.84672,3695.15,0,36.966,0.194668,4.60058,1.69073,10.9119,0.804761,16.2038,0.42336,36.966,0.42336,423.524,0,1.02816,0,0,5.62874,4.60058,1.028160,1,0,140.979,0,0,0,140.979,0
72.29,2.25179,0,0,4.87344,0.28117,2.34048,3.6288,61.308,0.323057,0,0,2.70115,0.173448,2.20464,0.66528,12.849,1,0.400239,2.34048,0,122.551,2.73199,121.76,0.84672,12.849,0.84672,3695.15,0,36.966,0.194789,2.44694,1.69108,11.14,0.853143,14.2301,0.42336,36.966,0.42336,423.524,0,1.02816,0,0,3.4751,2.44694,1.028160,1,0,138.194,0,0,0,138.194,0
72.29,2.22122,0,0,3.89429,0.25414,1.41893,3.6288,61.308,0.308773,0,0,2.17455,0.211353,1.65442,0.66528,12.849,1,0.394806,1.41893,0,84.6547,3.57966,82.0992,0.84672,12.849,0.84672,3695.15,0,36.966,0.186177,3.44828,1.69144,6.84311,0.896751,10.8999,0.42336,36.966,0.42336,423.524,0,1.02816,0,0,4.47644,3.44828,1.028160,1,0,94.6535,0,0,0,94.6535,0
72.29,2.22169,0,0,3.06691,0.25414,0.591087,3.6288,61.308,0.308972,0,0,1.64714,0.211353,1.12681,0.66528,12.849,1,0.394888,0.591087,0,70.2311,3.57966,66.8476,0.84672,12.849,0.84672,3695.15,0,36.966,0.186297,2.46115,1.667,5.39292,0.896751,8.43802,0.42336,36.966,0.42336,423.524,0,1.02816,0,0,3.48931,2.46115,1.028160,1,0,76.4125,0,0,0,76.4125,0
72.145,2.22215,0,0,2.69421,0.25414,0.36288,3.6288,61.308,0.309171,0,0,1.58708,0.211353,1.06656,0.66528,12.849,1,0.394971,0.36288,0,65.2674,3.57966,61.6557,0.84672,12.849,0.84672,3695.15,0,36.966,0.186417,2.20232,1.66735,5.2924,0.896751,8.0789,0.42336,36.966,0.42336,423.524,0,1.02816,0,0,3.23048,2.20232,1.028160,1,0,70.8011,0,0,0,70.8011,0
72.29,2.22195,0,0,3.05526,0.25386,0.434491,3.6288,61.308,0.30937,0,0,1.65672,0.211353,1.136,0.66528,12.849,1,0.395728,0.434491,0,73.1869,3.57966,69.646,0.84672,12.849,0.84672,3695.15,0,36.966,0.186537,1.96836,1.6677,6.12232,0.896751,8.67509,0.42336,36.966,0.42336,423.524,0,1.02816,0,0,2.99652,1.96836,1.028160,1,0,79.457,0,0,0,79.457,0
71.8954,2.32854,0,0,2.47694,0.180165,0.36288,3.6288,61.308,0.360985,0,0,1.24724,0.229939,0.65632,0.66528,12.849,1,0.413881,0.36288,0,50.9967,3.96936,46.9764,0.84672,12.849,0.84672,3695.15,0,36.966,0.217658,1.23449,1.66805,4.30219,1.01382,5.97326,0.42336,36.966,0.42336,423.524,0,1.02816,0,0,2.26265,1.23449,1.028160,1,0,53.606,0,0,0,53.606,0
71.0953,2.3271,0,0,2.06005,0.170096,0.36288,3.6288,61.308,0.361195,0,0,1.05123,0.222675,0.467359,0.66528,12.849,1,0.415895,0.36288,0,39.3489,3.9858,35.3101,0.84672,12.849,0.84672,3695.15,0,36.966,0.217784,1.13437,1.75535,3.75304,1.04173,5.38324,0.42336,36.966,0.42336,423.524,0,1.02816,0,0,2.16253,1.13437,1.028160,1,0,41.1607,0,0,0,41.1607,0
70.2356,2.32362,0,0,1.99587,0.16906,0.36288,3.6288,61.308,0.361405,0,0,1.10155,0.222675,0.517468,0.66528,12.849,1,0.419947,0.36288,0,37.3368,3.9858,33.2939,0.84672,12.849,0.84672,3695.15,0,36.966,0.217911,1.0557,1.75571,3.89588,1.04173,5.44765,0.42336,36.966,0.42336,423.524,0,1.02816,0,0,2.08386,1.0557,1.028160,1,0,39.2591,0,0,0,39.2591,0
69.2542,2.31976,0,0,1.86913,0.167948,0.36288,3.6288,61.308,0.361615,0,0,1.0162,0.222675,0.431912,0.66528,12.849,1,0.424381,0.36288,0,34.9953,3.9858,30.948,0.84672,12.849,0.84672,3695.15,0,36.966,0.218038,0.866627,1.75608,3.52993,1.04173,4.89287,0.42336,36.966,0.42336,423.524,0,1.02816,0,0,1.89479,0.866627,1.028160,1,0,36.2728,0,0,0,36.2728,0
68.4991,2.31518,0,0,2.04037,0.117425,0.36288,3.6288,61.308,0.361825,0,0,0.995838,0.254801,0.379212,0.66528,12.849,1,0.429544,0.36288,0,41.0506,4.91212,36.0718,0.84672,12.849,0.84672,3695.15,0,36.966,0.218164,1.05632,1.75645,4.23566,1.16597,5.66429,0.42336,36.966,0.42336,423.524,0,1.02816,0,0,2.08448,1.05632,1.028160,1,0,42.1153,0,0,0,42.1153,0
68.3762,2.29097,0,0,2.60196,0.0709958,0.36288,3.6288,61.308,0.390323,0,0,0.991984,0.282086,0.319575,0.66528,12.849,1,0.429738,0.36288,0,58.8771,5.22109,53.5892,0.84672,12.849,0.84672,3695.15,0,36.966,0.235348,1.13611,1.75682,6.30501,1.30344,7.65915,0.42336,36.966,0.42336,423.524,0,1.02816,0,0,2.16427,1.13611,1.028160,1,0,61.5679,0,0,0,61.5679,0
68.1289,2.2908,0,0,2.47317,0.0668216,0.36288,3.6288,61.308,0.390539,0,0,0.963179,0.287981,0.284658,0.66528,12.849,1,0.430478,0.36288,0,54.1177,5.22742,48.8227,0.84672,12.849,0.84672,3695.15,0,36.966,0.235478,1.06194,1.78761,6.10902,1.32297,7.40012,0.42336,36.966,0.42336,423.524,0,1.02816,0,0,2.0901,1.06194,1.028160,1,0,56.5074,0,0,0,56.5074,0
67.7124,2.28996,0,0,2.30311,0.0666924,0.36288,3.6288,61.308,0.390756,0,0,0.840508,0.287981,0.161771,0.66528,12.849,1,0.431884,0.36288,0,50.3003,5.22742,45.0038,0.84672,12.849,0.84672,3695.15,0,36.966,0.235608,0.972605,1.78798,5.78683,1.32297,6.98884,0.42336,36.966,0.42336,423.524,0,1.02816,0,0,2.00076,0.972605,1.028160,1,0,52.1545,0,0,0,52.1545,0
67.1727,2.28821,0,0,2.17786,0.0664748,0.36288,3.6288,61.308,0.390972,0,0,0.792349,0.287981,0.113396,0.66528,12.849,1,0.434207,0.36288,0,47.98,5.22742,42.6812,0.84672,12.849,0.84672,3695.15,0,36.966,0.235739,0.855541,1.78836,5.52625,1.32297,6.61144,0.42336,36.966,0.42336,423.524,0,1.02816,0,0,1.8837,0.855541,1.028160,1,0,49.4061,0,0,0,49.4061,0
66.4153,2.33911,0,0,1.99935,0.0547882,0.36288,3.6288,61.308,0.41642,0,0,0.742908,0.312106,0.0143819,0.66528,12.849,1,0.447431,0.36288,0,49.0591,5.83186,43.1427,0.84672,12.849,0.84672,3695.15,0,36.966,0.251083,0.617587,1.78873,4.07518,1.45742,4.773,0.42336,36.966,0.42336,423.524,0,1.02816,0,0,1.64575,0.617587,1.028160,1,0,47.9301,0,0,0,47.9301,0
65.4481,2.33532,0,0,1.78354,0.0525712,0.36288,3.6288,61.1661,0.416642,0,0,0.590868,0.316126,0,0.66528,12.849,1,0.451801,0.36288,0,39.1402,5.9326,33.1187,0.84672,12.849,0.84672,3695.15,0,36.966,0.251217,0.654316,1.83227,3.67511,1.47982,4.43065,0.42336,36.966,0.42336,423.524,0,1.02816,0,0,1.68248,0.654316,1.028160,1,0,37.5494,0,0,0,37.5494,0
64.3359,2.33023,0,0,1.6331,0.0521674,0.36288,3.6288,60.981,0.4165,0,0,0.54727,0.315843,0,0.66528,12.849,1,0.457478,0.36288,0,37.2025,5.9326,31.1753,0.84672,12.849,0.84672,3695.15,0,36.966,0.251714,0.410046,1.83265,3.23038,1.47982,3.74154,0.42336,36.966,0.42336,423.524,0,1.02816,0,0,1.43821,0.410046,1.028160,1,0,34.9169,0,0,0,34.9169,0
63.3319,2.32412,0,0,1.72548,0.042493,0.36288,3.6288,60.8724,0.416246,0,0,0.628245,0.320642,0,0.66528,12.849,1,0.464167,0.36288,0,36.4869,6.08216,30.3035,0.84672,12.849,0.84672,3695.15,0,36.966,0.252323,0.697697,1.83303,4.27339,1.5097,5.04209,0.42336,36.966,0.42336,423.524,0,1.02816,0,0,1.72586,0.697697,1.028160,1,0,35.3455,0,0,0,35.3455,0
62.3026,2.47333,0,0,1.84016,0.033238,0.36288,3.6288,60.6898,0.507093,0,0,0.616561,0.292039,0,0.66528,12.849,1,0.501798,0.36288,0,35.2097,6.16053,28.9103,0.84672,12.849,0.84672,3695.15,0,36.966,0.307943,0.732612,1.83342,4.64093,1.53627,5.36274,0.42336,36.966,0.42336,423.524,0,1.02816,0,0,1.76077,0.732612,1.028160,1,0,34.273,0,0,0,34.273,0
61.3987,2.46697,0,0,1.9361,0.0100966,0.36288,3.6288,60.4762,0.506758,0,0,0.606786,0.313637,0,0.66528,12.849,1,0.508778,0.36288,0,36.5933,6.50202,29.9454,0.84672,12.849,0.84672,3695.15,0,36.966,0.308665,0.818761,1.98159,4.17413,1.57889,5.08693,0.42336,36.966,0.42336,423.524,0,1.02816,0,0,1.84692,0.818761,1.028160,1,0,35.0324,0,0,0,35.0324,0
60.2635,2.4613,0,0,1.699,0.0100217,0.36288,3.6288,60.2421,0.506321,0,0,0.585389,0.313212,0,0.66528,12.849,1,0.515079,0.36288,0,46.5167,6.50202,39.8625,0.84672,12.849,0.84672,3695.15,0,36.966,0.309488,0.7365,1.98201,4.00831,1.57889,4.83845,0.42336,36.966,0.42336,423.524,0,1.02816,0,0,1.76466,0.7365,1.028160,1,0,44.701,0,0,0,44.701,0
59.1721,2.45381,0,0,1.73521,0.00992704,0.36288,3.6288,60.095,0.505814,0,0,0.6715,0.312746,0,0.66528,12.849,1,0.523186,0.36288,0,40.295,6.50202,33.6326,0.84672,12.849,0.84672,3695.15,0,36.966,0.31038,0.836525,1.98242,4.1626,1.57889,5.09228,0.42336,36.966,0.42336,423.524,0,1.02816,0,0,1.86468,0.836525,1.028160,1,0,38.7249,0,0,0,38.7249,0
57.9752,2.4464,0,0,1.61808,0.00573387,0.36288,3.6288,59.9068,0.505583,0,0,0.630948,0.313528,0,0.66528,12.849,1,0.531226,0.36288,0,38.5287,6.51989,31.8405,0.84672,12.849,0.84672,3695.15,0,36.966,0.310998,1.14883,1.98284,5.02975,1.58049,6.26993,0.42336,36.966,0.42336,423.524,0,1.02816,0,0,2.17699,1.14883,1.028160,1,0,38.1104,0,0,0,38.1104,0
55.87,2.36355,0,0,0.602624,-0.0185881,0.36288,3.6288,59.2768,0.620483,0,0,0.310006,0.31959,0,0.66528,12.849,1,0.523831,0.36288,0,14.4745,6.62707,7.68648,0.84672,12.849,0.84672,3695.15,0,36.966,0.382874,0.204422,1.98325,3.49219,1.59013,3.70686,0.42336,36.966,0.42336,423.524,0,0.752993,0,0,0.957416,0.204422,1.028160,1,0,11.3933,0,0,0,11.3933,0
53.8005,2.34799,0,0,0.683888,0.0425317,0.36288,3.6288,58.6414,0.66377,0,0,0.299025,0.270621,0,0.66528,12.849,1,0.539991,0.36288,0,12.2107,6.24057,5.79306,0.84672,12.849,0.84672,3695.15,0,36.966,0.413939,0.216518,1.89805,2.63347,1.45738,2.87672,0.42336,36.966,0.42336,423.524,0,0.679009,0,0,0.895527,0.216518,1.028160,1,0,8.66978,0,0,0,8.66978,0
51.9689,2.33171,0,0,0.90472,0.0416553,0.36288,3.6288,58.3105,0.450419,0,0,0.389015,0.26952,0,0.66528,12.849,1,0.556875,0.36288,0,17.7753,6.24057,11.3408,0.84672,12.849,0.84672,3695.15,0,36.966,0.283932,0.216518,1.89845,3.78054,1.45738,4.15419,0.42336,36.966,0.42336,423.524,0,1.02273,0,0,1.23925,0.216518,1.028160,1,0,15.495,0,0,0,15.495,0
50.4261,2.31646,0,0,1.17741,0.0408797,0.36288,3.6288,58.1457,0.446338,0,0,0.550459,0.268946,0,0.66528,12.849,1,0.57273,0.36288,0,34.8047,6.24057,28.3543,0.84672,12.849,0.84672,3695.15,0,36.966,0.282956,0.708238,1.89885,4.48954,1.45738,5.35629,0.42336,36.966,0.42336,423.524,0,1.02816,0,0,1.7364,0.708238,1.028160,1,0,33.7106,0,0,0,33.7106,0
48.9459,2.24349,0,0,1.21522,0.0891334,0.36288,3.6288,57.871,0.511015,0,0,0.431438,0.195071,0,0.66528,12.849,1,0.571659,0.36288,0,30.6431,4.50585,25.9285,0.84672,12.849,0.84672,3695.15,0,36.966,0.324877,0.216518,1.89924,4.12932,1.15738,4.76282,0.42336,36.966,0.42336,423.524,0,0.841052,0,0,1.05757,0.216518,1.028160,1,0,30.6913,0,0,0,30.6913,0
47.3222,2.20069,0,0,1.06872,0.128812,0.36288,3.6288,57.2098,0.802567,0,0,0.303886,0.162543,0,0.66528,12.849,1,0.577712,0.36288,0,23.4265,3.83922,19.3724,0.84672,12.849,0.84672,3695.15,0,36.966,0.42336,0.216518,1.82317,3.81218,1.07211,4.35639,0.42336,36.966,0.42336,423.524,0,0.488704,0,0,0.705223,0.216518,1.028160,1,0,23.7288,0,0,0,23.7288,0
46.0568,2.18584,0,0,1.40988,0.126553,0.36288,3.6288,57.3224,0.417017,0,0,0.691506,0.161849,0,0.66528,12.849,1,0.593502,0.36288,0,31.3432,3.83922,27.2733,0.84672,12.849,0.84672,3695.15,0,36.966,0.269455,0.769997,1.8454,6.77602,1.07211,8.04985,0.42336,36.966,0.42336,423.524,0,1.02816,0,0,1.79816,0.769997,1.028160,1,0,35.3232,0,0,0,35.3232,0
47.2106,2.17382,0,0,3.81532,0.124792,0.36288,3.6288,58.3504,0.417339,0,0,1.60729,0.161967,0,0.66528,12.849,1,0.606457,0.36288,0,93.6144,3.83922,89.5316,0.84672,12.849,0.84672,3695.15,0,36.966,0.269133,2.22053,1.84557,11.8102,1.07211,14.5351,0.42336,36.966,0.42336,423.524,0,1.02816,0,0,3.24869,2.22053,1.028160,1,0,104.067,0,0,0,104.067,0
46.2207,2.01942,0,0,1.59278,0.200412,0.36288,3.6288,58.2109,0.539941,0,0,0.554976,0.154499,0,0.66528,12.849,1,0.549612,0.36288,0,41.7193,3.47819,38.0544,0.84672,12.849,0.84672,3695.15,0,36.966,0.342062,0.292723,1.84575,4.66754,0.937429,5.52653,0.42336,36.966,0.42336,423.524,0,0.664044,0,0,0.956768,0.292723,1.028160,1,0,43.5809,0,0,0,43.5809,0
44.6382,1.879,0,0,0.847359,0.187949,0.36288,3.6288,57.991,0.41983,0,0,0.428476,0.22859,0,0.66528,12.849,1,0.522347,0.36288,0,29.8819,4.17522,25.5472,0.84672,12.849,0.84672,3695.15,0,36.966,0.266607,1.14388,1.67591,4.16969,0.940992,5.78188,0.42336,36.966,0.42336,423.524,0,1.02816,0,0,2.17204,1.14388,1.028160,1,0,31.3291,0,0,0,31.3291,0
43.5425,1.86529,0,0,1.31851,0.186079,0.36288,3.6288,57.7751,0.419212,0,0,0.412372,0.209034,0,0.66528,12.849,1,0.536919,0.36288,0,48.6169,4.25649,44.1864,0.84672,12.849,0.84672,3695.15,0,36.966,0.267224,0.914881,1.77471,4.25995,1.00924,5.67308,0.42336,36.966,0.42336,423.524,0,1.02816,0,0,1.94304,0.914881,1.028160,1,0,49.8595,0,0,0,49.8595,0
42.5917,1.85552,0,0,1.4514,0.183769,0.36288,3.6288,57.4469,0.533564,0,0,0.414085,0.208743,0,0.66528,12.849,1,0.547548,0.36288,0,53.4919,4.25649,49.0507,0.84672,12.849,0.84672,3695.15,0,36.966,0.341388,0.412474,1.77487,3.45461,1.00924,4.29133,0.42336,36.966,0.42336,423.524,0,0.839644,0,0,1.25212,0.412474,1.028160,1,0,53.3421,0,0,0,53.3421,0
41.7582,1.84679,0,0,1.55791,0.181765,0.36288,3.6288,57.844,0.417672,0,0,1.02303,0.2083,0,0.66528,12.849,1,0.557138,0.36288,0,57.3682,4.25649,52.9175,0.84672,12.849,0.84672,3695.15,0,36.966,0.268764,0.864458,1.77503,4.77251,1.00924,6.134,0.42336,36.966,0.42336,423.524,0,1.02816,0,0,1.89262,0.864458,1.028160,1,0,59.0515,0,0,0,59.0515,0
45.1169,1.90142,0,0,5.79696,0.174003,0.36288,3.6288,57.9729,0.448608,0,0,0.813007,0.235411,0,0.66528,12.849,1,0.585067,0.36288,0,114.999,4.2,110.577,0.84672,12.849,0.84672,3695.15,0,36.966,0.286689,3.22142,1.77519,7.03725,1.13805,10.6091,0.42336,36.966,0.42336,423.524,0,1.02816,0,0,4.24958,3.22142,1.028160,1,0,121.186,0,0,0,121.186,0
50.7915,1.97402,0,0,8.19241,0.180847,0.36288,3.6288,58.7862,0.41916,0,0,1.46807,0.235608,0,0.66528,12.849,1,0.562188,0.36288,0,136.77,4.2,132.371,0.84672,12.849,0.84672,3695.15,0,36.966,0.267274,4.36352,1.82841,9.39164,1.13805,14.1782,0.42336,36.966,0.42336,423.524,0,1.02816,0,0,5.39168,4.36352,1.028160,1,0,146.549,0,0,0,146.549,0
53.7073,2.14754,0,0,5.64375,0.217539,0.36288,3.6288,59.2381,0.327032,0,0,0.99087,0.212009,0,0.66528,12.849,1,0.543275,0.36288,0,187.448,4.05019,183.218,0.84672,12.849,0.84672,3695.15,0,36.966,0.205644,3.22511,1.79998,4.87648,1.18517,8.51075,0.42336,36.966,0.42336,423.524,0,1.02816,0,0,4.25327,3.22511,1.028160,1,0,191.728,0,0,0,191.728,0
56.0465,2.17178,0,0,5.09274,0.218933,0.36288,3.6288,59.581,0.328191,0,0,0.86286,0.191746,0,0.66528,12.849,1,0.519579,0.36288,0,127.103,3.71753,123.229,0.84672,12.849,0.84672,3695.15,0,36.966,0.204799,2.12165,1.71016,3.95688,1.01622,6.56767,0.42336,36.966,0.42336,423.524,0,1.02816,0,0,3.14981,2.12165,1.028160,1,0,129.796,0,0,0,129.796,0
58.8116,2.40346,0,0,5.78274,0.251305,0.36288,3.6288,59.9913,0.442412,0,0,1.03243,0.179662,0,0.66528,12.849,1,0.551007,0.36288,0,119.531,3.32339,116.019,0.84672,12.849,0.84672,3695.15,0,36.966,0.274487,2.3311,1.71051,6.8947,0.954581,9.70724,0.42336,36.966,0.42336,423.524,0,1.02816,0,0,3.35926,2.3311,1.028160,1,0,125.727,0,0,0,125.727,0
60.1157,2.4252,0,0,4.37137,0.279142,0.36288,3.6288,60.1942,0.443791,0,0,0.817387,0.17073,0,0.66528,12.849,1,0.529852,0.36288,0,94.3384,3.02778,91.1437,0.84672,12.849,0.84672,3695.15,0,36.966,0.273459,1.53029,1.9019,5.40176,0.908353,7.65214,0.42336,36.966,0.42336,423.524,0,1.02816,0,0,2.55845,1.53029,1.028160,1,0,98.7958,0,0,0,98.7958,0
61.5062,2.43516,0,0,4.47121,0.282664,0.36288,3.6288,60.3553,0.444579,0,0,0.776624,0.170951,0,0.66528,12.849,1,0.520487,0.36288,0,89.0879,3.02778,85.9025,0.84672,12.849,0.84672,3695.15,0,36.966,0.273022,1.31814,1.90228,4.00232,0.908353,6.04137,0.42336,36.966,0.42336,423.524,0,1.02816,0,0,2.3463,1.31814,1.028160,1,0,91.9439,0,0,0,91.9439,0
62.3011,2.44539,0,0,3.88435,0.281246,0.36288,3.6288,60.5599,0.445249,0,0,0.831937,0.182125,0,0.66528,12.849,1,0.510856,0.36288,0,81.6497,3.28986,78.2119,0.84672,12.849,0.84672,3695.15,0,36.966,0.272703,1.37351,1.90266,4.30259,0.990345,6.31572,0.42336,36.966,0.42336,423.524,0,1.02816,0,0,2.40167,1.37351,1.028160,1,0,84.5276,0,0,0,84.5276,0
63.2604,2.14057,0,0,3.72234,0.259554,0.36288,3.6288,60.8386,0.292919,0,0,0.758462,0.186846,0,0.66528,12.849,1,0.441472,0.36288,0,63.5081,3.99657,59.433,0.84672,12.849,0.84672,3695.15,0,36.966,0.178799,0.800176,1.90305,3.70392,1.19083,5.03751,0.42336,36.966,0.42336,423.524,0,1.02816,0,0,1.82834,0.800176,1.028160,1,0,64.4705,0,0,0,64.4705,0
63.836,2.14657,0,0,3.34222,0.257134,0.36288,3.6288,60.7718,0.481985,0,0,0.594617,0.179374,0,0.66528,12.849,1,0.435995,0.36288,0,60.4029,3.81307,56.5167,0.84672,12.849,0.84672,3695.15,0,36.966,0.292858,0.608429,1.64268,4.15488,1.08939,5.02374,0.42336,36.966,0.42336,423.524,0,0.725337,0,0,1.33377,0.608429,1.028160,1,0,61.5405,0,0,0,61.5405,0
65.2099,2.15027,0,0,4.14533,0.25834,0.36288,3.6288,61.308,0.293682,0,0,1.4473,0.179298,0.43815,0.66528,12.849,1,0.432809,0.36288,0,96.4829,3.81307,92.5999,0.84672,12.849,0.84672,3695.15,0,36.966,0.17864,0.638306,1.64301,6.38091,1.08939,7.3942,0.42336,36.966,0.42336,423.524,0,1.02816,0,0,1.66647,0.638306,1.028160,1,0,100.432,0,0,0,100.432,0
65.4466,2.15832,0,0,3.01912,0.261217,0.36288,3.6288,61.2088,0.524413,0,0,0.605098,0.179908,0,0.66528,12.849,1,0.425277,0.36288,0,49.0391,3.81307,45.1636,0.84672,12.849,0.84672,3695.15,0,36.966,0.316197,0.558835,1.64334,3.52897,1.08939,4.32556,0.42336,36.966,0.42336,423.524,0,0.660174,0,0,1.21901,0.558835,1.028160,1,0,49.4892,0,0,0,49.4892,0
66.3065,2.16004,0,0,3.64128,0.258434,0.36288,3.6288,61.308,0.294854,0,0,0.890251,0.163225,0.33295,0.66528,12.849,1,0.424077,0.36288,0,76.3291,3.82087,72.4471,0.84672,12.849,0.84672,3695.15,0,36.966,0.178072,0.633312,1.64367,9.44711,1.0082,10.5378,0.42336,36.966,0.42336,423.524,0,1.02816,0,0,1.66147,0.633312,1.028160,1,0,83.3178,0,0,0,83.3178,0
67.6884,2.24419,0,0,4.24405,0.255025,0.36288,3.6288,61.1542,0.623923,0,0,0.647149,0.177058,0,0.66528,12.849,1,0.434884,0.36288,0,75.9499,4.03147,71.8464,0.84672,12.849,0.84672,3695.15,0,36.966,0.376198,0.558835,1.644,4.09979,0.963508,4.96292,0.42336,36.966,0.42336,423.524,0,0.561652,0,0,1.12049,0.558835,1.028160,1,0,76.8094,0,0,0,76.8094,0
68.674,2.25211,0,0,3.85838,0.257826,0.36288,3.6288,61.13,0.635354,0,0,0.788105,0.176886,0,0.66528,12.849,1,0.427508,0.36288,0,68.3818,4.03147,64.2857,0.84672,12.849,0.84672,3695.15,0,36.966,0.384054,0.528595,1.70868,4.20674,0.963508,5.09646,0.42336,36.966,0.42336,423.524,0,0.542678,0,0,1.07127,0.528595,1.028160,1,0,69.3822,0,0,0,69.3822,0
69.6535,2.25773,0,0,3.85994,0.259824,0.36288,3.6288,61.2967,0.472213,0,0,0.815764,0.176859,0,0.66528,12.849,1,0.422424,0.36288,0,74.3956,4.03147,70.3046,0.84672,12.849,0.84672,3695.15,0,36.966,0.285553,0.528595,1.70903,4.89361,0.963508,5.88217,0.42336,36.966,0.42336,423.524,0,0.804635,0,0,1.33323,0.528595,1.028160,1,0,76.1867,0,0,0,76.1867,0
70.2253,2.2632,0,0,3.45076,0.25285,0.36288,3.6288,60.8683,0.78095,0,0,0.539438,0.186912,0,0.66528,12.849,1,0.417493,0.36288,0,59.1922,4.15889,54.9787,0.84672,12.849,0.84672,3695.15,0,36.966,0.42336,0.528595,1.70937,2.68407,0.999152,3.49952,0.42336,36.966,0.42336,423.524,0,0.358404,0,0,0.887,0.528595,1.028160,1,0,58.4782,0,0,0,58.4782,0
70.2026,2.23529,0,0,2.81672,0.241312,0.36288,3.6288,60.6483,0.702056,0,0,0.682034,0.199967,0,0.66528,12.849,1,0.408987,0.36288,0,52.0493,4.01496,47.9883,0.84672,12.849,0.84672,3695.15,0,36.966,0.42336,0.528595,1.70972,3.25394,1.05368,4.01521,0.42336,36.966,0.42336,423.524,0,0.414141,0,0,0.942736,0.528595,1.028160,1,0,52.0035,0,0,0,52.0035,0
69.8113,2.23563,0,0,2.40811,0.200853,0.36288,3.6288,60.2216,0.783469,0,0,0.578958,0.222221,0,0.66528,12.849,1,0.409182,0.36288,0,45.8919,4.14987,41.6957,0.84672,12.849,0.84672,3695.15,0,36.966,0.42336,0.528595,1.685,2.79582,1.04656,3.53949,0.42336,36.966,0.42336,423.524,0,0.333037,0,0,0.861633,0.528595,1.028160,1,0,45.2352,0,0,0,45.2352,0
69.376,2.23414,0,0,2.32065,0.158906,0.36288,3.6288,59.9384,0.647666,0,0,0.605626,0.241103,0,0.66528,12.849,1,0.411201,0.36288,0,43.9512,4.32285,39.58,0.84672,12.849,0.84672,3695.15,0,36.966,0.397559,0.402797,1.68534,2.96875,1.05689,3.60243,0.42336,36.966,0.42336,423.524,0,0.494951,0,0,0.897748,0.402797,1.028160,1,0,43.1824,0,0,0,43.1824,0
68.7721,2.23241,0,0,2.14972,0.158371,0.36288,3.6288,59.579,0.680925,0,0,0.562131,0.240669,0,0.66528,12.849,1,0.413461,0.36288,0,40.1038,4.32285,35.7303,0.84672,12.849,0.84672,3695.15,0,36.966,0.419949,0.402797,1.68568,2.91366,1.05689,3.52529,0.42336,36.966,0.42336,423.524,0,0.439612,0,0,0.842409,0.402797,1.028160,1,0,39.2556,0,0,0,39.2556,0
68.213,2.33558,0,0,2.29302,0.153684,0.36288,3.6288,59.28,0.70489,0,0,0.656168,0.250223,0,0.66528,12.849,1,0.436366,0.36288,0,42.464,4.53214,37.8584,0.84672,12.849,0.84672,3695.15,0,36.966,0.42336,0.402797,1.68602,2.68245,1.09002,3.25789,0.42336,36.966,0.42336,423.524,0,0.49585,0,0,0.898646,0.402797,1.028160,1,0,41.1163,0,0,0,41.1163,0
67.4841,2.33304,0,0,2.11482,0.147779,0.36288,3.6288,58.9545,0.650324,0,0,0.588027,0.263192,0,0.66528,12.849,1,0.439465,0.36288,0,40.1847,4.8112,35.2969,0.84672,12.849,0.84672,3695.15,0,36.966,0.405531,0.402797,1.77424,2.44923,1.13419,3.08655,0.42336,36.966,0.42336,423.524,0,0.568572,0,0,0.971369,0.402797,1.028160,1,0,38.3835,0,0,0,38.3835,0
66.6522,2.32952,0,0,2.00743,0.146935,0.36288,3.6288,58.5774,0.651198,0,0,0.53667,0.262644,0,0.66528,12.849,1,0.443541,0.36288,0,36.416,4.8112,31.5241,0.84672,12.849,0.84672,3695.15,0,36.966,0.408318,0.30119,1.7746,2.29886,1.13419,2.83214,0.42336,36.966,0.42336,423.524,0,0.565237,0,0,0.866428,0.30119,1.028160,1,0,34.3562,0,0,0,34.3562,0
65.6722,2.32534,0,0,1.81979,0.111522,0.36288,3.6288,58.1373,0.66714,0,0,0.512323,0.285209,0,0.66528,12.849,1,0.448273,0.36288,0,32.1094,5.07895,26.945,0.84672,12.849,0.84672,3695.15,0,36.966,0.421007,0.30119,1.77496,2.23914,1.2026,2.69168,0.42336,36.966,0.42336,423.524,0,0.536933,0,0,0.838123,0.30119,1.028160,1,0,29.6367,0,0,0,29.6367,0
64.5352,2.32022,0,0,1.64271,0.0966078,0.36288,3.6288,57.6521,0.683569,0,0,0.485735,0.287453,0,0.66528,12.849,1,0.453958,0.36288,0,30.3517,5.11449,25.1461,0.84672,12.849,0.84672,3695.15,0,36.966,0.42336,0.30119,1.77531,2.11023,1.21067,2.55271,0.42336,36.966,0.42336,423.524,0,0.518478,0,0,0.819668,0.30119,1.028160,1,0,27.6989,0,0,0,27.6989,0
62.9034,2.29329,0,0,1.11779,0.0935043,0.36288,3.6288,57.3426,0.531322,0,0,0.471365,0.24945,0,0.66528,12.849,1,0.456595,0.36288,0,23.5207,4.6851,18.7419,0.84672,12.849,0.84672,3695.15,0,36.966,0.340679,0.30119,1.77567,1.62439,1.09488,2.26569,0.42336,36.966,0.42336,423.524,0,0.799563,0,0,1.10075,0.30119,1.028160,1,0,21.0076,0,0,0,21.0076,0
61.2465,2.28391,0,0,1.08222,0.0922742,0.36288,3.6288,57.0336,0.507137,0,0,0.44703,0.248951,0,0.66528,12.849,1,0.466524,0.36288,0,22.0813,4.6851,17.2926,0.84672,12.849,0.84672,3695.15,0,36.966,0.326926,0.261274,1.80678,1.64892,1.09488,2.29517,0.42336,36.966,0.42336,423.524,0,0.837838,0,0,1.09911,0.261274,1.028160,1,0,19.5878,0,0,0,19.5878,0
59.5134,2.27393,0,0,0.964146,0.0604361,0.36288,3.6288,56.5949,0.572177,0,0,0.43355,0.300084,0,0.66528,12.849,1,0.477052,0.36288,0,20.951,5.513,15.3238,0.84672,12.849,0.84672,3695.15,0,36.966,0.370853,0.261274,1.80714,1.60361,1.37727,1.9239,0.42336,36.966,0.42336,423.524,0,0.729207,0,0,0.990481,0.261274,1.028160,1,0,17.2477,0,0,0,17.2477,0
57.7318,2.26296,0,0,0.904271,0.0600692,0.36288,3.6288,56.173,0.541222,0,0,0.410746,0.29143,0,0.66528,12.849,1,0.488576,0.36288,0,19.1812,5.9198,13.1357,0.84672,12.849,0.84672,3695.15,0,36.966,0.353509,0.261274,1.80751,1.57068,1.52816,1.75779,0.42336,36.966,0.42336,423.524,0,0.777842,0,0,1.03912,0.261274,1.028160,1,0,14.8935,0,0,0,14.8935,0
55.9395,2.30362,0,0,0.932895,0.0586374,0.36288,3.6288,55.7346,0.573696,0,0,0.422501,0.287179,0,0.66528,12.849,1,0.512702,0.36288,0,20.389,5.75764,14.4815,0.84672,12.849,0.84672,3695.15,0,36.966,0.377535,0.261274,1.80787,1.53691,1.46497,1.76355,0.42336,36.966,0.42336,423.524,0,0.762558,0,0,1.02383,0.261274,1.028160,1,0,16.2451,0,0,0,16.2451,0
54.1423,2.29072,0,0,0.913844,0.0574515,0.36288,3.6288,55.2821,0.580777,0,0,0.413293,0.284981,0,0.66528,12.849,1,0.526166,0.36288,0,19.7717,5.69279,13.9156,0.84672,12.849,0.84672,3695.15,0,36.966,0.385201,0.261274,1.85185,1.51366,1.43969,1.80189,0.42336,36.966,0.42336,423.524,0,0.748155,0,0,1.00943,0.261274,1.028160,1,0,15.7175,0,0,0,15.7175,0
52.2552,2.27706,0,0,0.809274,0.0564241,0.36288,3.6288,54.7855,0.600577,0,0,0.388105,0.284136,0,0.66528,12.849,1,0.540391,0.36288,0,18.6286,5.69279,12.7583,0.84672,12.849,0.84672,3695.15,0,36.966,0.401593,0.227405,1.85222,1.49894,1.43969,1.73728,0.42336,36.966,0.42336,423.524,0,0.712308,0,0,0.939712,0.227405,1.028160,1,0,14.4956,0,0,0,14.4956,0
50.3103,2.26186,0,0,0.735143,0.0553454,0.36288,3.6288,54.2401,0.639851,0,0,0.37759,0.283208,0,0.66528,12.849,1,0.556166,0.36288,0,17.5358,5.69279,11.6498,0.84672,12.849,0.84672,3695.15,0,36.966,0.42336,0.227405,1.8526,1.44543,1.43969,1.66238,0.42336,36.966,0.42336,423.524,0,0.651612,0,0,0.879016,0.227405,1.028160,1,0,13.3121,0,0,0,13.3121,0
48.2201,2.39513,0,0,0.708274,0.0404813,0.36288,3.6288,53.4863,0.824317,0,0,0.361702,0.291119,0,0.66528,12.849,1,0.611704,0.36288,0,16.9531,5.94695,10.7574,0.84672,12.849,0.84672,3695.15,0,36.966,0.42336,0.227405,1.85297,1.59873,1.47943,1.77631,0.42336,36.966,0.42336,423.524,0,0.615159,0,0,0.842564,0.227405,1.028160,1,0,12.5337,0,0,0,12.5337,0
46.2845,2.37467,0,0,0.83789,0.0359478,0.36288,3.6288,52.6169,0.87876,0,0,0.30621,0.296853,0,0.66528,12.849,1,0.632768,0.36288,0,17.945,5.9977,11.6774,0.84672,12.849,0.84672,3695.15,0,36.966,0.42336,0.227405,2.00271,1.63641,1.5259,1.91726,0.42336,36.966,0.42336,423.524,0,0.56109,0,0,0.788495,0.227405,1.028160,1,0,13.5947,0,0,0,13.5947,0
44.4242,2.35443,0,0,0.892227,0.0351903,0.36288,3.6288,52.026,0.672803,0,0,0.376651,0.294797,0,0.66528,12.849,1,0.653611,0.36288,0,22.8356,5.9977,16.5472,0.84672,12.849,0.84672,3695.15,0,36.966,0.42336,0.204422,2.00311,1.82781,1.5259,2.08608,0.42336,36.966,0.42336,423.524,0,0.767422,0,0,0.971844,0.204422,1.028160,1,0,18.6332,0,0,0,18.6332,0
42.4272,2.33367,0,0,0.734028,0.0344624,0.36288,3.6288,51.026,0.980831,0,0,0.27431,0.293399,0,0.66528,12.849,1,0.674977,0.36288,0,20.921,5.9977,14.6112,0.84672,12.849,0.84672,3695.15,0,36.966,0.42336,0.204422,2.00351,1.49705,1.5259,1.75572,0.42336,36.966,0.42336,423.524,0,0.459769,0,0,0.664191,0.204422,1.028160,1,0,16.3669,0,0,0,16.3669,0
40.6356,2.30975,0,0,0.914734,0.0336809,0.36288,3.6288,50.7253,0.484893,0,0,0.475182,0.291033,0,0.66528,12.849,1,0.699502,0.36288,0,20.3929,5.9977,14.0586,0.84672,12.849,0.84672,3695.15,0,36.966,0.351282,0.284386,2.00392,2.33489,1.5259,2.74601,0.42336,36.966,0.42336,423.524,0,1.02816,0,0,1.31255,0.284386,1.028160,1,0,16.8046,0,0,0,16.8046,0
39.4129,2.217,0,0,1.39803,0.0408881,0.36288,3.6288,50.4239,0.531498,0,0,0.475806,0.245669,0,0.66528,12.849,1,0.701017,0.36288,0,26.5244,5.31762,20.8686,0.84672,12.849,0.84672,3695.15,0,36.966,0.387329,0.204422,2.00432,1.99835,1.39155,2.42822,0.42336,36.966,0.42336,423.524,0,0.856164,0,0,1.06059,0.204422,1.028160,1,0,23.2968,0,0,0,23.2968,0
38.0518,2.20104,0,0,1.24311,0.0403033,0.36288,3.6288,50.4436,0.431127,0,0,0.695865,0.245066,0,0.66528,12.849,1,0.717563,0.36288,0,22.5012,5.31762,16.8289,0.84672,12.849,0.84672,3695.15,0,36.966,0.316061,0.720334,1.91819,2.29675,1.39155,3.22767,0.42336,36.966,0.42336,423.524,0,1.02816,0,0,1.74849,0.720334,1.028160,1,0,20.0566,0,0,0,20.0566,0
36.5635,2.1823,0,0,1.09661,0.0396716,0.36288,3.6288,50.0516,0.53873,0,0,0.391776,0.245105,0,0.66528,12.849,1,0.736899,0.36288,0,23.3077,5.31762,17.6161,0.84672,12.849,0.84672,3695.15,0,36.966,0.394791,0.216518,1.91858,1.72238,1.39155,2.07114,0.42336,36.966,0.42336,423.524,0,0.842184,0,0,1.0587,0.216518,1.028160,1,0,19.6872,0,0,0,19.6872,0
34.9317,2.16054,0,0,0.930545,0.038981,0.36288,3.6288,49.5576,0.606707,0,0,0.357122,0.244321,0,0.66528,12.849,1,0.759246,0.36288,0,21.5369,5.31762,15.8229,0.84672,12.849,0.84672,3695.15,0,36.966,0.42336,0.216518,1.91897,1.63892,1.39155,1.9595,0.42336,36.966,0.42336,423.524,0,0.745995,0,0,0.962513,0.216518,1.028160,1,0,17.7824,0,0,0,17.7824,0
34.2112,2.07988,0,0,1.83678,0.114541,0.36288,3.6288,49.5918,0.381762,0,0,0.545062,0.129148,0,0.66528,12.849,1,0.765047,0.36288,0,34.8404,3.9117,30.5265,0.84672,12.849,0.84672,3695.15,0,36.966,0.284764,0.695408,1.91935,3.21548,1.01258,4.5329,0.42336,36.966,0.42336,423.524,0,1.02816,0,0,1.72357,0.695408,1.028160,1,0,35.0594,0,0,0,35.0594,0
33.9315,2.05434,0,0,2.25005,0.11246,0.36288,3.6288,49.6313,0.393296,0,0,0.60716,0.174402,0,0.66528,12.849,1,0.771567,0.36288,0,39.6973,3.95837,35.3303,0.84672,12.849,0.84672,3695.15,0,36.966,0.293165,0.933837,1.84245,3.97259,1.0098,5.44591,0.42336,36.966,0.42336,423.524,0,1.02816,0,0,1.962,0.933837,1.028160,1,0,40.7762,0,0,0,40.7762,0
34.3901,2.05039,0,0,3.0182,0.146375,0.36288,3.6288,49.7926,0.39343,0,0,0.688893,0.134165,0,0.66528,12.849,1,0.77643,0.36288,0,49.5369,3.38279,45.7406,0.84672,12.849,0.84672,3695.15,0,36.966,0.293031,0.973313,1.85429,4.87609,0.820322,6.59034,0.42336,36.966,0.42336,423.524,0,1.02816,0,0,2.00147,0.973313,1.028160,1,0,52.3309,0,0,0,52.3309,0
35.8325,2.05859,0,0,4.01111,0.1472,0.36288,3.6288,50.19,0.393974,0,0,0.925793,0.134343,0,0.66528,12.849,1,0.769141,0.36288,0,53.1803,3.38279,49.3913,0.84672,12.849,0.84672,3695.15,0,36.966,0.292487,1.3297,1.85446,6.16582,0.820322,8.23717,0.42336,36.966,0.42336,423.524,0,1.02816,0,0,2.35786,1.3297,1.028160,1,0,57.6285,0,0,0,57.6285,0
36.3357,1.92422,0,0,2.94894,0.158686,0.36288,3.6288,50.9057,0.297203,0,0,1.1676,0.154716,0,0.66528,12.849,1,0.689996,0.36288,0,79.7583,3.63698,75.7943,0.84672,12.849,0.84672,3695.15,0,36.966,0.218896,1.1301,1.85463,6.43087,0.851513,8.3452,0.42336,36.966,0.42336,423.524,0,1.02816,0,0,2.15826,1.1301,1.028160,1,0,84.1395,0,0,0,84.1395,0
35.4321,1.80607,0,0,1.44734,0.182008,0.36288,3.6288,50.9039,0.39766,0,0,0.601566,0.205753,0,0.66528,12.849,1,0.63866,0.36288,0,57.4131,4.27245,52.8648,0.84672,12.849,0.84672,3695.15,0,36.966,0.288767,0.481378,1.683,2.89711,0.929491,3.84323,0.42336,36.966,0.42336,423.524,0,1.02816,0,0,1.50954,0.481378,1.028160,1,0,56.7081,0,0,0,56.7081,0
35.1239,1.79473,0,0,2.02942,0.180045,0.36288,3.6288,51.0453,0.397654,0,0,0.744866,0.20575,0,0.66528,12.849,1,0.650835,0.36288,0,62.218,4.27245,57.6576,0.84672,12.849,0.84672,3695.15,0,36.966,0.288773,1.05834,1.78283,3.57812,0.929491,5.20102,0.42336,36.966,0.42336,423.524,0,1.02816,0,0,2.0865,1.05834,1.028160,1,0,62.8586,0,0,0,62.8586,0
36.0251,1.79116,0,0,3.23088,0.175557,0.36288,3.6288,51.1942,0.398118,0,0,0.744295,0.197289,0,0.66528,12.849,1,0.655241,0.36288,0,78.2902,4.14143,73.8565,0.84672,12.849,0.84672,3695.15,0,36.966,0.288309,1.08659,1.78299,4.12889,0.915013,5.79515,0.42336,36.966,0.42336,423.524,0,1.02816,0,0,2.11475,1.08659,1.028160,1,0,79.6516,0,0,0,79.6516,0
39.1372,1.80386,0,0,5.43313,0.154318,0.36288,3.6288,51.3617,0.398605,0,0,0.711406,0.145281,0,0.66528,12.849,1,0.643378,0.36288,0,78.7061,3.35527,75.0703,0.84672,12.849,0.84672,3695.15,0,36.966,0.287822,0.959662,1.78315,4.26824,0.828147,5.89508,0.42336,36.966,0.42336,423.524,0,1.02816,0,0,1.98782,0.959662,1.028160,1,0,80.9654,0,0,0,80.9654,0
40.2871,1.90515,0,0,3.61028,0.192358,0.36288,3.6288,51.5045,0.427862,0,0,0.793515,0.222865,0,0.66528,12.849,1,0.625473,0.36288,0,73.5411,4.29055,68.9879,0.84672,12.849,0.84672,3695.15,0,36.966,0.30794,0.759491,1.7833,5.22037,1.25116,6.20406,0.42336,36.966,0.42336,423.524,0,1.02816,0,0,1.78765,0.759491,1.028160,1,0,75.192,0,0,0,75.192,0
41.3183,1.95675,0,0,3.5512,0.200415,0.36288,3.6288,51.4519,0.455037,0,0,0.638444,0.236035,0,0.66528,12.849,1,0.624078,0.36288,0,91.4535,4.44644,86.7459,0.84672,12.849,0.84672,3695.15,0,36.966,0.326591,0.503194,1.83708,5.6408,1.32167,6.33281,0.42336,36.966,0.42336,423.524,0,0.932956,0,0,1.43615,0.503194,1.028160,1,0,93.0787,0,0,0,93.0787,0
42.2651,1.96926,0,0,3.48188,0.202878,0.36288,3.6288,51.3942,0.458252,0,0,0.636445,0.235935,0,0.66528,12.849,1,0.612394,0.36288,0,88.4364,4.44644,83.7405,0.84672,12.849,0.84672,3695.15,0,36.966,0.329234,0.503194,1.80833,5.34336,1.32167,6.00398,0.42336,36.966,0.42336,423.524,0,0.927098,0,0,1.43029,0.503194,1.028160,1,0,89.7445,0,0,0,89.7445,0
43.4552,1.98042,0,0,3.72337,0.190024,0.36288,3.6288,51.5056,0.399255,0,0,0.735247,0.224572,0,0.66528,12.849,1,0.602067,0.36288,0,84.2953,3.73461,80.3215,0.84672,12.849,0.84672,3695.15,0,36.966,0.28717,0.617846,1.80849,5.68287,1.17584,6.64619,0.42336,36.966,0.42336,423.524,0,1.02816,0,0,1.64601,0.617846,1.028160,1,0,86.9677,0,0,0,86.9677,0
43.8808,2.19855,0,0,3.22146,0.234387,0.36288,3.6288,51.5186,0.507619,0,0,0.701307,0.180617,0,0.66528,12.849,1,0.650076,0.36288,0,63.4542,3.48636,59.6807,0.84672,12.849,0.84672,3695.15,0,36.966,0.364323,0.946236,1.80865,5.25239,1.11585,6.52709,0.42336,36.966,0.42336,423.524,0,1.02816,0,0,1.9744,0.946236,1.028160,1,0,66.2078,0,0,0,66.2078,0
43.9627,2.30967,0,0,3.00557,0.251118,0.36288,3.6288,51.1873,0.626198,0,0,0.518603,0.22378,0,0.66528,12.849,1,0.676307,0.36288,0,39.8096,4.30374,35.1924,0.84672,12.849,0.84672,3695.15,0,36.966,0.42336,0.503194,2.00185,4.64787,1.29735,5.43221,0.42336,36.966,0.42336,423.524,0,0.714113,0,0,1.21731,0.503194,1.028160,1,0,40.6246,0,0,0,40.6246,0
44.8056,2.31109,0,0,3.76811,0.251301,0.36288,3.6288,51.3441,0.427281,0,0,0.800018,0.21587,0,0.66528,12.849,1,0.675462,0.36288,0,103.393,4.23791,98.8427,0.84672,12.849,0.84672,3695.15,0,36.966,0.30857,0.649002,1.92218,6.9845,1.26558,7.98154,0.42336,36.966,0.42336,423.524,0,1.02816,0,0,1.67716,0.649002,1.028160,1,0,106.824,0,0,0,106.824,0
45.7171,2.32141,0,0,3.84928,0.253404,0.36288,3.6288,51.4336,0.431181,0,0,0.692876,0.172233,0,0.66528,12.849,1,0.665716,0.36288,0,91.2324,3.84289,87.0866,0.84672,12.849,0.84672,3695.15,0,36.966,0.310436,0.608429,1.92255,4.47663,1.07496,5.62222,0.42336,36.966,0.42336,423.524,0,1.02273,0,0,1.63116,0.608429,1.028160,1,0,92.7088,0,0,0,92.7088,0
47.2996,2.0366,0,0,4.23579,0.253891,0.36288,3.6288,51.865,0.283569,0,0,0.887429,0.172511,0,0.66528,12.849,1,0.572394,0.36288,0,120.545,3.68022,116.656,0.84672,12.849,0.84672,3695.15,0,36.966,0.203804,1.08219,1.92292,6.42292,0.980955,8.24328,0.42336,36.966,0.42336,423.524,0,1.02816,0,0,2.11035,1.08219,1.028160,1,0,124.899,0,0,0,124.899,0
50.3694,1.89576,0,0,5.58393,0.255505,0.36288,3.6288,52.5693,0.40077,0,0,1.27843,0.173317,0,0.66528,12.849,1,0.514986,0.36288,0,113.086,3.46332,109.471,0.84672,12.849,0.84672,3695.15,0,36.966,0.285643,1.39308,1.65983,8.16186,0.855616,10.0735,0.42336,36.966,0.42336,423.524,0,1.02816,0,0,2.42124,1.39308,1.028160,1,0,119.544,0,0,0,119.544,0
51.6526,1.9214,0,0,3.83162,0.264106,0.36288,3.6288,53.0444,0.403017,0,0,1.0524,0.174303,0,0.66528,12.849,1,0.490141,0.36288,0,102.467,3.46332,98.8764,0.84672,12.849,0.84672,3695.15,0,36.966,0.283396,1.36807,1.77645,6.41502,0.855616,8.42053,0.42336,36.966,0.42336,423.524,0,1.02816,0,0,2.39623,1.36807,1.028160,1,0,107.297,0,0,0,107.297,0
54.3303,1.93179,0,0,5.24004,0.267676,0.36288,3.6288,53.5808,0.404512,0,0,1.1159,0.174967,0,0.66528,12.849,1,0.480548,0.36288,0,113.921,3.46332,110.34,0.84672,12.849,0.84672,3695.15,0,36.966,0.2819,1.12491,1.7766,7.31471,0.855616,9.07871,0.42336,36.966,0.42336,423.524,0,1.02816,0,0,2.15307,1.12491,1.028160,1,0,119.419,0,0,0,119.419,0
56.1857,1.95159,0,0,4.41136,0.241475,0.36288,3.6288,54.1562,0.406183,0,0,1.17511,0.193476,0,0.66528,12.849,1,0.461547,0.36288,0,108.63,4.19523,104.336,0.84672,12.849,0.84672,3695.15,0,36.966,0.28023,1.78989,1.77675,6.69483,1.04108,8.94016,0.42336,36.966,0.42336,423.524,0,1.02816,0,0,2.81805,1.78989,1.028160,1,0,113.276,0,0,0,113.276,0
57.1826,2.0423,0,0,3.67098,0.268882,0.36288,3.6288,54.4164,0.444213,0,0,0.870031,0.165704,0,0.66528,12.849,1,0.46705,0.36288,0,112.359,3.81171,108.443,0.84672,12.849,0.84672,3695.15,0,36.966,0.303211,0.628595,1.7769,6.5475,0.730198,7.91959,0.42336,36.966,0.42336,423.524,0,1.02816,0,0,1.65675,0.628595,1.028160,1,0,116.363,0,0,0,116.363,0
57.5106,2.09943,0,0,3.06183,0.271543,0.36288,3.6288,54.7484,0.408752,0,0,0.906768,0.165989,0,0.66528,12.849,1,0.471745,0.36288,0,77.4127,3.81171,73.4921,0.84672,12.849,0.84672,3695.15,0,36.966,0.277672,0.744232,1.84207,4.57498,0.730198,6.15341,0.42336,36.966,0.42336,423.524,0,1.02816,0,0,1.77239,0.744232,1.028160,1,0,79.6455,0,0,0,79.6455,0
57.5094,2.21344,0,0,2.85163,0.276465,0.36288,3.6288,55.2891,0.328592,0,0,1.03139,0.162125,0,0.66528,12.849,1,0.494527,0.36288,0,68.2318,3.70357,64.3966,0.84672,12.849,0.84672,3695.15,0,36.966,0.221865,0.798837,1.80653,6.24243,0.709638,7.91629,0.42336,36.966,0.42336,423.524,0,1.02816,0,0,1.827,0.798837,1.028160,1,0,72.3129,0,0,0,72.3129,0
57.2557,2.21386,0,0,2.57942,0.256428,0.36288,3.6288,56.004,0.330075,0,0,1.21393,0.168868,0,0.66528,12.849,1,0.494631,0.36288,0,65.2379,3.70258,61.4035,0.84672,12.849,0.84672,3695.15,0,36.966,0.220686,1.11033,1.72711,5.22729,0.705772,7.13828,0.42336,36.966,0.42336,423.524,0,1.02816,0,0,2.13849,1.11033,1.028160,1,0,68.5418,0,0,0,68.5418,0
57.274,2.18201,0,0,2.79615,0.232945,0.36288,3.6288,56.2354,0.31767,0,0,0.738702,0.189688,0,0.66528,12.849,1,0.489674,0.36288,0,64.4736,3.56133,60.7855,0.84672,12.849,0.84672,3695.15,0,36.966,0.209681,0.588228,1.72745,4.67158,0.844208,5.93336,0.42336,36.966,0.42336,423.524,0,1.02816,0,0,1.61639,0.588228,1.028160,1,0,66.7188,0,0,0,66.7188,0
56.979,2.18255,0,0,2.47728,0.226794,0.36288,3.6288,56.3293,0.351662,0,0,0.641491,0.195876,0,0.66528,12.849,1,0.48964,0.36288,0,57.8658,3.46164,54.2774,0.84672,12.849,0.84672,3695.15,0,36.966,0.231163,0.528595,1.70246,4.14573,0.891616,5.25401,0.42336,36.966,0.42336,423.524,0,0.972985,0,0,1.50158,0.528595,1.028160,1,0,59.5314,0,0,0,59.5314,0
56.3853,2.18091,0,0,2.17621,0.226137,0.36288,3.6288,56.4081,0.343375,0,0,0.618101,0.195996,0,0.66528,12.849,1,0.491803,0.36288,0,53.7762,3.46164,50.1857,0.84672,12.849,0.84672,3695.15,0,36.966,0.225339,0.402797,1.70279,4.06846,0.891616,5.05709,0.42336,36.966,0.42336,423.524,0,0.987396,0,0,1.39019,0.402797,1.028160,1,0,55.2427,0,0,0,55.2427,0
56.0884,2.17711,0,0,2.46783,0.224815,0.36288,3.6288,56.4526,0.404569,0,0,0.645212,0.196097,0,0.66528,12.849,1,0.496116,0.36288,0,60.3017,3.46164,56.7068,0.84672,12.849,0.84672,3695.15,0,36.966,0.265127,0.402797,1.70312,4.7065,0.891616,5.65567,0.42336,36.966,0.42336,423.524,0,0.886715,0,0,1.28951,0.402797,1.028160,1,0,62.3625,0,0,0,62.3625,0
55.5302,2.27859,0,0,2.24006,0.15676,0.36288,3.6288,56.4115,0.428655,0,0,0.621513,0.233944,0,0.66528,12.849,1,0.52199,0.36288,0,51.3708,4.03548,47.1762,0.84672,12.849,0.84672,3695.15,0,36.966,0.28069,0.402797,1.70345,4.02511,0.988303,4.86236,0.42336,36.966,0.42336,423.524,0,0.93153,0,0,1.33433,0.402797,1.028160,1,0,52.0385,0,0,0,52.0385,0
54.9198,2.27476,0,0,2.17501,0.147725,0.36288,3.6288,56.4222,0.370347,0,0,0.627205,0.24614,0,0.66528,12.849,1,0.526352,0.36288,0,51.2011,4.36674,46.6709,0.84672,12.849,0.84672,3695.15,0,36.966,0.242685,0.791113,1.79257,3.948,0.990488,5.29851,0.42336,36.966,0.42336,423.524,0,1.02816,0,0,1.81927,0.791113,1.028160,1,0,51.9694,0,0,0,51.9694,0
54.1462,2.27046,0,0,2.00654,0.146824,0.36288,3.6288,56.4243,0.392756,0,0,0.640938,0.246157,0,0.66528,12.849,1,0.531195,0.36288,0,48.6083,4.36674,44.0732,0.84672,12.849,0.84672,3695.15,0,36.966,0.257321,0.30119,1.79291,3.76281,0.990488,4.6091,0.42336,36.966,0.42336,423.524,0,0.991431,0,0,1.29262,0.30119,1.028160,1,0,48.6823,0,0,0,48.6823,0
53.1925,2.26476,0,0,1.81959,0.145683,0.36288,3.6288,56.2468,0.500722,0,0,0.56944,0.24616,0,0.66528,12.849,1,0.537433,0.36288,0,44.7255,4.36674,40.1842,0.84672,12.849,0.84672,3695.15,0,36.966,0.328045,0.30119,1.79326,3.51029,0.990488,4.28621,0.42336,36.966,0.42336,423.524,0,0.813059,0,0,1.11425,0.30119,1.028160,1,0,44.4704,0,0,0,44.4704,0
52.0438,2.25744,0,0,1.6159,0.144275,0.36288,3.6288,56.0923,0.463725,0,0,0.555111,0.245875,0,0.66528,12.849,1,0.545299,0.36288,0,38.0313,4.36674,33.4821,0.84672,12.849,0.84672,3695.15,0,36.966,0.304765,0.30119,1.79361,3.46879,0.990488,4.26833,0.42336,36.966,0.42336,423.524,0,0.873651,0,0,1.17484,0.30119,1.028160,1,0,37.7505,0,0,0,37.7505,0
51.2635,2.22808,0,0,1.90885,0.0981611,0.36288,3.6288,56.0021,0.448683,0,0,0.638453,0.279998,0,0.66528,12.849,1,0.550088,0.36288,0,32.9289,4.74558,27.9962,0.84672,12.849,0.84672,3695.15,0,36.966,0.295691,0.30119,1.79395,2.87665,1.1888,3.4873,0.42336,36.966,0.42336,423.524,0,0.944387,0,0,1.24558,0.30119,1.028160,1,0,31.4835,0,0,0,31.4835,0
50.3873,2.22182,0,0,1.80589,0.0973683,0.36288,3.6288,55.8465,0.481646,0,0,0.60588,0.279833,0,0.66528,12.849,1,0.55689,0.36288,0,33.0353,4.74558,28.0957,0.84672,12.849,0.84672,3695.15,0,36.966,0.317926,0.261274,1.82537,3.06187,1.1888,3.64178,0.42336,36.966,0.42336,423.524,0,0.889514,0,0,1.15079,0.261274,1.028160,1,0,31.7375,0,0,0,31.7375,0
49.3582,2.21453,0,0,1.64473,0.0964781,0.36288,3.6288,55.6929,0.470787,0,0,0.596679,0.279548,0,0.66528,12.849,1,0.564715,0.36288,0,32.2672,4.74558,27.3198,0.84672,12.849,0.84672,3695.15,0,36.966,0.311624,0.261274,1.82572,2.95347,1.1888,3.54004,0.42336,36.966,0.42336,423.524,0,0.907001,0,0,1.16827,0.261274,1.028160,1,0,30.8598,0,0,0,30.8598,0
48.1963,2.18588,0,0,1.48232,0.0954311,0.36288,3.6288,55.3944,0.574822,0,0,0.555635,0.279267,0,0.66528,12.849,1,0.569031,0.36288,0,29.9069,4.74558,24.9552,0.84672,12.849,0.84672,3695.15,0,36.966,0.381537,0.261274,1.82607,2.81209,1.1888,3.32909,0.42336,36.966,0.42336,423.524,0,0.758246,0,0,1.01952,0.261274,1.028160,1,0,28.2843,0,0,0,28.2843,0
47.1807,2.22696,0,0,1.64443,0.070176,0.36288,3.6288,55.094,0.594316,0,0,0.591953,0.297997,0,0.66528,12.849,1,0.593701,0.36288,0,27.5725,5.34033,22.0013,0.84672,12.849,0.84672,3695.15,0,36.966,0.396602,0.261274,1.84097,2.69177,1.36705,3.03037,0.42336,36.966,0.42336,423.524,0,0.764986,0,0,1.02626,0.261274,1.028160,1,0,25.0317,0,0,0,25.0317,0
46.2554,2.23663,0,0,1.73233,0.0581761,0.36288,3.6288,54.8203,0.516528,0,0,0.536147,0.293396,0,0.66528,12.849,1,0.609116,0.36288,0,35.1242,5.53938,29.3386,0.84672,12.849,0.84672,3695.15,0,36.966,0.346571,0.261274,1.8852,2.89747,1.41057,3.28681,0.42336,36.966,0.42336,423.524,0,0.868596,0,0,1.12987,0.261274,1.028160,1,0,32.6254,0,0,0,32.6254,0
45.2294,2.22753,0,0,1.62208,0.0575834,0.36288,3.6288,54.518,0.507979,0,0,0.498598,0.292868,0,0.66528,12.849,1,0.618772,0.36288,0,28.2014,5.53938,22.4061,0.84672,12.849,0.84672,3695.15,0,36.966,0.342537,0.227405,1.8712,2.61184,1.41057,2.95734,0.42336,36.966,0.42336,423.524,0,0.881513,0,0,1.10892,0.227405,1.028160,1,0,25.3635,0,0,0,25.3635,0
44.0695,2.21702,0,0,1.47686,0.0569263,0.36288,3.6288,54.0903,0.608736,0,0,0.473354,0.292284,0,0.66528,12.849,1,0.629823,0.36288,0,25.7018,5.53938,19.8954,0.84672,12.849,0.84672,3695.15,0,36.966,0.412754,0.227405,1.87156,2.43625,1.41057,2.71189,0.42336,36.966,0.42336,423.524,0,0.710873,0,0,0.938278,0.227405,1.028160,1,0,22.6073,0,0,0,22.6073,0
43.0053,2.35185,0,0,1.69754,0.046989,0.36288,3.6288,53.8944,0.507134,0,0,0.594835,0.283612,0,0.66528,12.849,1,0.685711,0.36288,0,27.756,5.73358,21.6996,0.84672,12.849,0.84672,3695.15,0,36.966,0.346582,0.295263,1.87192,3.68128,1.44885,4.05303,0.42336,36.966,0.42336,423.524,0,1.02816,0,0,1.32342,0.295263,1.028160,1,0,25.7526,0,0,0,25.7526,0
41.6408,2.33924,0,0,1.38281,0.0451973,0.36288,3.6288,53.6092,0.584562,0,0,0.576813,0.277532,0,0.66528,12.849,1,0.698911,0.36288,0,32.3493,5.90835,26.1049,0.84672,12.849,0.84672,3695.15,0,36.966,0.400949,0.227405,2.02318,3.24242,1.42043,3.67162,0.42336,36.966,0.42336,423.524,0,0.896728,0,0,1.12413,0.227405,1.028160,1,0,29.7765,0,0,0,29.7765,0
40.2191,2.32218,0,0,1.30789,0.0444855,0.36288,3.6288,53.2513,0.61146,0,0,0.530515,0.276926,0,0.66528,12.849,1,0.716551,0.36288,0,29.0726,5.90835,22.8105,0.84672,12.849,0.84672,3695.15,0,36.966,0.42163,0.204422,2.02357,3.20563,1.42043,3.59156,0.42336,36.966,0.42336,423.524,0,0.849511,0,0,1.05393,0.204422,1.028160,1,0,26.4021,0,0,0,26.4021,0
39.3152,2.30343,0,0,1.80614,0.0437439,0.36288,3.6288,53.0366,0.526105,0,0,0.587529,0.276137,0,0.66528,12.849,1,0.735888,0.36288,0,31.1844,5.90835,24.9031,0.84672,12.849,0.84672,3695.15,0,36.966,0.365212,0.204422,2.02396,3.57355,1.42043,4.01629,0.42336,36.966,0.42336,423.524,0,0.991647,0,0,1.19607,0.204422,1.028160,1,0,28.9194,0,0,0,28.9194,0
39.2271,2.29112,0,0,2.62961,0.0636835,0.36288,3.6288,53.046,0.503932,0,0,0.782067,0.268686,0,0.66528,12.849,1,0.748785,0.36288,0,52.0374,5.76843,45.8831,0.84672,12.849,0.84672,3695.15,0,36.966,0.351236,0.317451,2.02435,3.97401,1.39807,4.56651,0.42336,36.966,0.42336,423.524,0,1.02816,0,0,1.34561,0.317451,1.028160,1,0,50.4496,0,0,0,50.4496,0
39.0374,2.22042,0,0,2.47445,0.0808467,0.36288,3.6288,53.1154,0.450771,0,0,0.762955,0.242846,0,0.66528,12.849,1,0.727306,0.36288,0,43.3357,5.94827,37.023,0.84672,12.849,0.84672,3695.15,0,36.966,0.314127,0.447535,2.02474,4.29957,1.26504,5.19268,0.42336,36.966,0.42336,423.524,0,1.02816,0,0,1.47569,0.447535,1.028160,1,0,42.2157,0,0,0,42.2157,0
39.5795,2.21819,0,0,3.20787,0.0847032,0.36288,3.6288,53.634,0.451217,0,0,1.20956,0.239722,0,0.66528,12.849,1,0.730106,0.36288,0,42.1098,5.94499,35.7976,0.84672,12.849,0.84672,3695.15,0,36.966,0.314027,1.00214,1.93772,5.7947,1.24399,7.17655,0.42336,36.966,0.42336,423.524,0,1.02816,0,0,2.0303,1.00214,1.028160,1,0,42.9741,0,0,0,42.9741,0
39.8353,2.22616,0,0,2.93,0.0852342,0.36288,3.6288,53.8545,0.453219,0,0,0.914414,0.240716,0,0.66528,12.849,1,0.722696,0.36288,0,47.4017,5.94499,41.0969,0.84672,12.849,0.84672,3695.15,0,36.966,0.312371,0.682491,1.93809,4.77748,1.24399,5.84171,0.42336,36.966,0.42336,423.524,0,1.02816,0,0,1.71065,0.682491,1.028160,1,0,46.9386,0,0,0,46.9386,0
39.7407,2.2301,0,0,2.59578,0.0973394,0.36288,3.6288,54.0665,0.454183,0,0,0.897264,0.231063,0,0.66528,12.849,1,0.719327,0.36288,0,50.3611,5.77698,44.2277,0.84672,12.849,0.84672,3695.15,0,36.966,0.311754,0.636301,1.93847,4.8885,1.20039,5.95113,0.42336,36.966,0.42336,423.524,0,1.02816,0,0,1.66446,0.636301,1.028160,1,0,50.1788,0,0,0,50.1788,0
39.7315,2.17165,0,0,2.72127,0.195968,0.36288,3.6288,54.3006,0.406079,0,0,0.821953,0.181773,0,0.66528,12.849,1,0.70214,0.36288,0,58.4604,5.22163,52.8995,0.84672,12.849,0.84672,3695.15,0,36.966,0.277642,0.468927,1.93884,5.4567,1.03601,6.55082,0.42336,36.966,0.42336,423.524,0,1.02816,0,0,1.49709,0.468927,1.028160,1,0,59.4503,0,0,0,59.4503,0
41.4214,2.17013,0,0,4.42226,0.199308,0.36288,3.6288,54.5457,0.408415,0,0,0.871501,0.21793,0,0.66528,12.849,1,0.701812,0.36288,0,67.6809,4.53432,62.8077,0.84672,12.849,0.84672,3695.15,0,36.966,0.278035,0.69152,1.86115,7.17654,1.08787,8.36331,0.42336,36.966,0.42336,423.524,0,1.02816,0,0,1.71968,0.69152,1.028160,1,0,71.171,0,0,0,71.171,0
43.5463,2.19266,0,0,4.88372,0.20334,0.36288,3.6288,56.1219,0.40916,0,0,2.20365,0.218283,0,0.66528,12.849,1,0.680168,0.36288,0,101.105,4.53432,96.2537,0.84672,12.849,0.84672,3695.15,0,36.966,0.27729,3.22925,1.86291,11.693,1.08787,15.42,0.42336,36.966,0.42336,423.524,0,1.02816,0,0,4.25741,3.22925,1.028160,1,0,111.674,0,0,0,111.674,0
45.2421,2.21897,0,0,4.4861,0.208419,0.36288,3.6288,56.6174,0.413855,0,0,1.1299,0.220555,0,0.66528,12.849,1,0.654743,0.36288,0,76.5934,4.53432,71.7672,0.84672,12.849,0.84672,3695.15,0,36.966,0.272595,0.848102,1.86308,6.83509,1.08787,8.1858,0.42336,36.966,0.42336,423.524,0,1.02816,0,0,1.87626,0.848102,1.028160,1,0,79.9531,0,0,0,79.9531,0
48.403,2.07009,0,0,5.8203,0.226384,0.36288,3.6288,57.9395,0.311188,0,0,1.87099,0.237715,0,0.66528,12.849,1,0.587916,0.36288,0,109.928,4.94361,104.76,0.84672,12.849,0.84672,3695.15,0,36.966,0.203177,1.8685,1.86324,10.1972,1.20822,12.5175,0.42336,36.966,0.42336,423.524,0,1.02816,0,0,2.89666,1.8685,1.028160,1,0,117.277,0,0,0,117.277,0
48.0548,1.96511,0,0,2.20497,0.225234,0.36288,3.6288,58.3355,0.553128,0,0,1.15603,0.206889,0,0.66528,12.849,1,0.521655,0.36288,0,41.6724,4.5067,37.0069,0.84672,12.849,0.84672,3695.15,0,36.966,0.352901,0.292723,1.68986,3.6895,1.11457,4.20462,0.42336,36.966,0.42336,423.524,0,0.808548,0,0,1.10127,0.292723,1.028160,1,0,41.2115,0,0,0,41.2115,0
47.8359,1.96276,0,0,2.33112,0.224381,0.36288,3.6288,58.8141,0.566621,0,0,1.25259,0.207418,0,0.66528,12.849,1,0.524808,0.36288,0,77.1928,4.5067,72.5242,0.84672,12.849,0.84672,3695.15,0,36.966,0.359055,0.412474,1.7907,4.56898,1.11457,5.29852,0.42336,36.966,0.42336,423.524,0,0.788901,0,0,1.20137,0.412474,1.028160,1,0,77.8227,0,0,0,77.8227,0
50.5975,1.96151,0,0,5.30696,0.221001,0.36288,3.6288,60.3641,0.421497,0,0,2.19335,0.22187,0,0.66528,12.849,1,0.526873,0.36288,0,148.828,4.55848,144.106,0.84672,12.849,0.84672,3695.15,0,36.966,0.26492,1.54317,1.79085,10.8254,1.15453,12.74,0.42336,36.966,0.42336,423.524,0,1.02816,0,0,2.57133,1.54317,1.028160,1,0,156.846,0,0,0,156.846,0
55.5536,1.98509,0,0,7.53195,0.227838,0.36288,3.6288,61.308,0.425716,0,0,2.9801,0.214998,1.39546,0.66528,12.849,1,0.504105,0.36288,0,175.402,4.19984,171.061,0.84672,12.849,0.84672,3695.15,0,36.966,0.260702,3.43181,1.79101,11.429,1.16503,15.226,0.42336,36.966,0.42336,423.524,0,1.02816,0,0,4.45997,3.43181,1.028160,1,0,187.683,0,0,0,187.683,0
58.7891,2.22966,0,0,6.08196,0.253931,0.36288,3.6288,61.308,0.352046,0,0,1.95635,0.185558,1.41874,0.66528,12.849,1,0.515699,0.36288,0,129.596,3.6758,125.767,0.84672,12.849,0.84672,3695.15,0,36.966,0.212268,3.11787,1.79116,11.3105,0.868071,15.1391,0.42336,36.966,0.42336,423.524,0,1.02816,0,0,4.14603,3.11787,1.028160,1,0,142.325,0,0,0,142.325,0
60.6044,2.25337,0,0,4.69829,0.266705,0.36288,3.6288,61.308,0.35223,0,0,1.83225,0.180341,1.29968,0.66528,12.849,1,0.492499,0.36288,0,102.768,3.54428,99.0937,0.84672,12.849,0.84672,3695.15,0,36.966,0.212379,3.64918,1.74483,9.94308,0.76359,14.3611,0.42336,36.966,0.42336,423.524,0,1.02816,0,0,4.67734,3.64918,1.028160,1,0,114.755,0,0,0,114.755,0
64.9636,2.26596,0,0,7.25931,0.271295,0.36288,3.6288,61.308,0.352414,0,0,2.14315,0.180341,1.6104,0.66528,12.849,1,0.480416,0.36288,0,132.833,3.54428,129.171,0.84672,12.849,0.84672,3695.15,0,36.966,0.21249,4.13548,1.74515,13.5093,0.76359,18.4139,0.42336,36.966,0.42336,423.524,0,1.02816,0,0,5.16364,4.13548,1.028160,1,0,149.196,0,0,0,149.196,0
72.29,2.2933,0,0,10.9484,0.287921,1.04082,3.6288,61.308,0.352597,0,0,2.761,0.181749,2.22665,0.66528,12.849,1,0.453586,1.04082,0,209.626,3.71931,206.494,0.84672,12.849,0.84672,3695.15,0,36.966,0.2126,5.74917,1.74547,19.4543,0.804967,25.9313,0.42336,36.966,0.42336,423.524,0,1.02816,0,0,6.77733,5.74917,1.028160,1,0,234.652,0,0,0,234.652,0
72.29,2.56029,0,0,12.7942,0.351411,9.88249,3.6288,61.308,0.469677,0,0,2.7665,0.180755,2.11607,0.66528,12.849,1,0.455073,9.88249,0,282.48,4.48647,287.421,0.84672,12.849,0.84672,3695.15,0,36.966,0.283194,6.60388,1.74579,23.4218,0.996151,30.4922,0.42336,36.966,0.42336,423.524,0,1.02816,0,0,7.63204,6.60388,1.028160,1,0,320.03,0,0,0,320.03,0
72.29,2.56077,0,0,8.39609,0.360098,5.47523,3.6288,61.308,0.469883,0,0,2.60018,0.15715,1.97315,0.66528,12.849,1,0.455157,5.47523,0,151.61,3.77884,152.851,0.84672,12.849,0.84672,3695.15,0,36.966,0.283318,3.90398,1.9411,15.1908,0.853469,19.8991,0.42336,36.966,0.42336,423.524,0,1.02816,0,0,4.93214,3.90398,1.028160,1,0,174.723,0,0,0,174.723,0
72.29,2.56124,0,0,10.71,0.360098,7.78863,3.6288,61.308,0.470088,0,0,3.12002,0.15715,2.49278,0.66528,12.849,1,0.455241,7.78863,0,188.318,3.77884,191.873,0.84672,12.849,0.84672,3695.15,0,36.966,0.283442,5.40957,1.94146,21.24,0.853469,27.4541,0.42336,36.966,0.42336,423.524,0,1.02816,0,0,6.43773,5.40957,1.028160,1,0,221.82,0,0,0,221.82,0
72.29,2.56171,0,0,13.645,0.344514,10.7388,3.6288,61.308,0.470293,0,0,5.22042,0.190346,4.55978,0.66528,12.849,1,0.455325,10.7388,0,206.942,4.56508,212.66,0.84672,12.849,0.84672,3695.15,0,36.966,0.283566,8.74403,1.94182,36.7107,1.09944,46.0135,0.42336,36.966,0.42336,423.524,0,1.02816,0,0,9.77219,8.74403,1.028160,1,0,263.233,0,0,0,263.233,0
72.29,2.23741,0,0,9.64146,0.353617,7.05043,3.6288,61.308,0.313506,0,0,3.5848,0.155184,3.11611,0.66528,12.849,1,0.397683,7.05043,0,191.289,3.92775,194.014,0.84672,12.849,0.84672,3695.15,0,36.966,0.18903,6.08437,1.94218,25.3603,0.867675,32.3301,0.42336,36.966,0.42336,423.524,0,1.02816,0,0,7.11253,6.08437,1.028160,1,0,229.46,0,0,0,229.46,0
72.29,2.23783,0,0,5.52053,0.362348,2.92035,3.6288,61.308,0.313683,0,0,2.12011,0.184037,1.62239,0.66528,12.849,1,0.397757,2.92035,0,98.4407,3.88553,97.0778,0.84672,12.849,0.84672,3695.15,0,36.966,0.189137,2.75559,1.67643,15.4485,1.00983,18.6815,0.42336,36.966,0.42336,423.524,0,1.02816,0,0,3.78375,2.75559,1.028160,1,0,117.382,0,0,0,117.382,0
72.29,2.23824,0,0,4.45657,0.362348,1.85599,3.6288,61.308,0.313859,0,0,1.49709,0.184037,0.999191,0.66528,12.849,1,0.39783,1.85599,0,106.4,3.88553,103.973,0.84672,12.849,0.84672,3695.15,0,36.966,0.189243,1.46496,1.67674,10.7158,1.00983,12.6585,0.42336,36.966,0.42336,423.524,0,1.02816,0,0,2.49312,1.46496,1.028160,1,0,117.63,0,0,0,117.63,0
72.29,2.23865,0,0,3.13729,0.362348,0.536287,3.6288,61.308,0.314036,0,0,1.06198,0.184037,0.563904,0.66528,12.849,1,0.397904,0.536287,0,94.589,3.88553,90.8418,0.84672,12.849,0.84672,3695.15,0,36.966,0.18935,1.12443,1.67705,10.2984,1.00983,11.9007,0.42336,36.966,0.42336,423.524,0,1.02816,0,0,2.15259,1.12443,1.028160,1,0,103.306,0,0,0,103.306,0
72.29,2.23907,0,0,3.81225,0.28305,1.29014,3.6288,61.308,0.314213,0,0,1.13054,0.141923,0.674408,0.66528,12.849,1,0.397977,1.29014,0,89.5104,3.27516,87.1274,0.84672,12.849,0.84672,3695.15,0,36.966,0.189456,1.2765,1.67736,10.3242,0.922155,12.1664,0.42336,36.966,0.42336,423.524,0,1.02816,0,0,2.30466,1.2765,1.028160,1,0,99.9683,0,0,0,99.9683,0
72.29,2.32131,0,0,5.31685,0.282071,2.71347,3.6288,61.308,0.352831,0,0,2.14638,0.199298,1.59425,0.66528,12.849,1,0.412595,2.71347,0,119.89,4.26497,117.925,0.84672,12.849,0.84672,3695.15,0,36.966,0.212741,2.81074,1.67767,14.3136,1.16673,17.4226,0.42336,36.966,0.42336,423.524,0,1.02816,0,0,3.8389,2.81074,1.028160,1,0,136.942,0,0,0,136.942,0
72.29,2.32174,0,0,7.7367,0.225809,5.18915,3.6288,61.308,0.353015,0,0,2.19098,0.183941,1.65403,0.66528,12.849,1,0.412671,5.18915,0,148.738,4.01467,149.499,0.84672,12.849,0.84672,3695.15,0,36.966,0.212852,2.98585,1.74365,19.9378,1.1562,23.2983,0.42336,36.966,0.42336,423.524,0,1.02816,0,0,4.01401,2.98585,1.028160,1,0,174.452,0,0,0,174.452,0
72.29,2.32216,0,0,6.1293,0.225809,3.58133,3.6288,61.308,0.353198,0,0,1.48398,0.183941,0.946842,0.66528,12.849,1,0.412747,3.58133,0,171.893,4.01467,171.047,0.84672,12.849,0.84672,3695.15,0,36.966,0.212963,1.69374,1.74397,13.5519,1.1562,15.6205,0.42336,36.966,0.42336,423.524,0,1.02816,0,0,2.7219,1.69374,1.028160,1,0,187.614,0,0,0,187.614,0
72.29,2.32259,0,0,4.91575,0.225809,2.36735,3.6288,61.308,0.353382,0,0,1.37849,0.183941,0.841163,0.66528,12.849,1,0.412823,2.36735,0,101.592,4.01467,99.5316,0.84672,12.849,0.84672,3695.15,0,36.966,0.213074,1.47785,1.74429,11.5592,1.1562,13.4121,0.42336,36.966,0.42336,423.524,0,1.02816,0,0,2.50601,1.47785,1.028160,1,0,113.785,0,0,0,113.785,0
72.29,2.29101,0,0,5.16421,0.168099,2.70511,3.6288,61.308,0.338625,0,0,1.49255,0.194966,0.95896,0.66528,12.849,1,0.407209,2.70511,0,109.793,4.18092,107.91,0.84672,12.849,0.84672,3695.15,0,36.966,0.204176,2.10321,1.74462,13.4145,1.15173,15.9064,0.42336,36.966,0.42336,423.524,0,1.02816,0,0,3.13137,2.10321,1.028160,1,0,124.775,0,0,0,124.775,0
72.29,2.29143,0,0,4.76906,0.10834,2.36929,3.6288,61.308,0.338806,0,0,1.33587,0.208696,0.788372,0.66528,12.849,1,0.407284,2.36929,0,103.246,4.35425,100.854,0.84672,12.849,0.84672,3695.15,0,36.966,0.204285,2.4135,1.71937,11.4351,1.15177,14.2119,0.42336,36.966,0.42336,423.524,0,1.02816,0,0,3.44166,2.4135,1.028160,1,0,115.854,0,0,0,115.854,0
72.29,2.29185,0,0,4.46526,0.10834,2.06507,3.6288,61.308,0.338987,0,0,1.34007,0.208696,0.79239,0.66528,12.849,1,0.407359,2.06507,0,95.0072,4.35425,92.3106,0.84672,12.849,0.84672,3695.15,0,36.966,0.204394,2.31387,1.71969,10.8272,1.15177,13.5046,0.42336,36.966,0.42336,423.524,0,1.02816,0,0,3.34203,2.31387,1.028160,1,0,106.608,0,0,0,106.608,0
72.29,2.29228,0,0,4.27419,0.10834,1.87358,3.6288,61.308,0.339168,0,0,1.66355,0.208696,1.11569,0.66528,12.849,1,0.407435,1.87358,0,90.5489,4.35425,87.6608,0.84672,12.849,0.84672,3695.15,0,36.966,0.204503,3.02851,1.72,12.9821,1.15177,16.3744,0.42336,36.966,0.42336,423.524,0,1.02816,0,0,4.05667,3.02851,1.028160,1,0,105.151,0,0,0,105.151,0
72.29,2.40146,0,0,3.86773,0.118343,1.34793,3.6288,61.308,0.392374,0,0,1.32542,0.149517,0.783528,0.66528,12.849,1,0.426841,1.34793,0,79.1649,3.79859,76.2874,0.84672,12.849,0.84672,3695.15,0,36.966,0.236584,2.24824,1.72032,10.83,0.931463,13.6305,0.42336,36.966,0.42336,423.524,0,1.02816,0,0,3.2764,2.24824,1.028160,1,0,90.7014,0,0,0,90.7014,0
72.29,2.4019,0,0,3.60956,0.0991832,1.10847,3.6288,61.308,0.392565,0,0,1.23071,0.162447,0.675695,0.66528,12.849,1,0.42692,1.10847,0,69.7836,3.80909,66.656,0.84672,12.849,0.84672,3695.15,0,36.966,0.2367,2.60774,1.81031,10.0812,0.940223,13.3224,0.42336,36.966,0.42336,423.524,0,1.02816,0,0,3.6359,2.60774,1.028160,1,0,80.6541,0,0,0,80.6541,0
72.29,2.40235,0,0,3.42425,0.0991832,0.922719,3.6288,61.308,0.392756,0,0,1.04037,0.162447,0.485165,0.66528,12.849,1,0.426999,0.922719,0,63.3277,3.80909,60.0144,0.84672,12.849,0.84672,3695.15,0,36.966,0.236815,2.07762,1.81065,9.37043,0.940223,12.0817,0.42336,36.966,0.42336,423.524,0,1.02816,0,0,3.10578,2.07762,1.028160,1,0,72.5812,0,0,0,72.5812,0
72.29,2.40279,0,0,3.18462,0.0991832,0.682645,3.6288,61.308,0.392948,0,0,1.00153,0.162447,0.446137,0.66528,12.849,1,0.427078,0.682645,0,57.7624,3.80909,54.2089,0.84672,12.849,0.84672,3695.15,0,36.966,0.23693,1.6656,1.81098,8.32568,0.940223,10.6251,0.42336,36.966,0.42336,423.524,0,1.02816,0,0,2.69376,1.6656,1.028160,1,0,65.2801,0,0,0,65.2801,0
72.29,2.40323,0,0,3.01134,0.0360353,0.572074,3.6288,61.308,0.393139,0,0,0.941388,0.252418,0.295831,0.66528,12.849,1,0.427157,0.572074,0,55.2028,5.03146,50.3162,0.84672,12.849,0.84672,3695.15,0,36.966,0.237045,1.39,1.81132,7.3472,1.26755,9.04393,0.42336,36.966,0.42336,423.524,0,1.02816,0,0,2.41816,1.39,1.028160,1,0,59.656,0,0,0,59.656,0
72.1186,2.38215,0,0,2.64722,0.073553,0.36288,3.6288,61.308,0.4225,0,0,0.898465,0.255808,0.220157,0.66528,12.849,1,0.423409,0.36288,0,40.5937,5.26769,35.2655,0.84672,12.849,0.84672,3695.15,0,36.966,0.254749,1.3945,1.81165,6.87761,1.27159,8.55743,0.42336,36.966,0.42336,423.524,0,1.02816,0,0,2.42266,1.3945,1.028160,1,0,44.0431,0,0,0,44.0431,0
71.6545,2.38174,0,0,2.36189,0.081454,0.36288,3.6288,61.308,0.422697,0,0,0.848871,0.253874,0.172301,0.66528,12.849,1,0.424341,0.36288,0,40.0953,5.2731,34.7607,0.84672,12.849,0.84672,3695.15,0,36.966,0.254867,1.3138,1.84336,6.62748,1.26317,8.26661,0.42336,36.966,0.42336,423.524,0,1.02816,0,0,2.34196,1.3138,1.028160,1,0,43.1997,0,0,0,43.1997,0
70.9848,2.37984,0,0,2.15419,0.0811668,0.36288,3.6288,61.308,0.422894,0,0,0.782905,0.253874,0.106138,0.66528,12.849,1,0.426751,0.36288,0,41.5575,5.2731,36.2206,0.84672,12.849,0.84672,3695.15,0,36.966,0.254986,1.15789,1.8437,6.35861,1.26317,7.84204,0.42336,36.966,0.42336,423.524,0,1.02816,0,0,2.18605,1.15789,1.028160,1,0,44.1687,0,0,0,44.1687,0
70.212,2.37687,0,0,2.04777,0.0807523,0.36288,3.6288,61.308,0.42309,0,0,0.786767,0.253874,0.109803,0.66528,12.849,1,0.43024,0.36288,0,35.1834,5.2731,29.8429,0.84672,12.849,0.84672,3695.15,0,36.966,0.255105,1.17712,1.84404,6.25052,1.26317,7.75341,0.42336,36.966,0.42336,423.524,0,1.02816,0,0,2.20528,1.17712,1.028160,1,0,37.7061,0,0,0,37.7061,0
69.2855,2.4287,0,0,1.93558,0.0705308,0.36288,3.6288,61.272,0.449303,0,0,0.709728,0.296397,0,0.66528,12.849,1,0.444459,0.36288,0,37.8916,5.72439,32.0856,0.84672,12.849,0.84672,3695.15,0,36.966,0.27091,0.916695,1.84438,5.50535,1.41411,6.58141,0.42336,36.966,0.42336,423.524,0,1.02816,0,0,1.94486,0.916695,1.028160,1,0,38.667,0,0,0,38.667,0
68.1073,2.42413,0,0,1.68095,0.0721647,0.36288,3.6288,61.0685,0.449406,0,0,0.572882,0.326957,0,0.66528,12.849,1,0.449556,0.36288,0,28.3823,5.8297,22.4659,0.84672,12.849,0.84672,3695.15,0,36.966,0.271131,0.718477,1.88922,4.73484,1.46768,5.60373,0.42336,36.966,0.42336,423.524,0,1.02816,0,0,1.74664,0.718477,1.028160,1,0,28.0697,0,0,0,28.0697,0
66.8262,2.41804,0,0,1.57138,0.0715045,0.36288,3.6288,60.823,0.449044,0,0,0.530042,0.326536,0,0.66528,12.849,1,0.456183,0.36288,0,26.9875,5.8297,21.0645,0.84672,12.849,0.84672,3695.15,0,36.966,0.271815,0.568184,1.88957,4.15465,1.46768,4.87291,0.42336,36.966,0.42336,423.524,0,1.02816,0,0,1.59634,0.568184,1.028160,1,0,25.9374,0,0,0,25.9374,0
65.5317,2.41115,0,0,1.55028,0.0707867,0.36288,3.6288,60.6219,0.448563,0,0,0.573464,0.326029,0,0.66528,12.849,1,0.463603,0.36288,0,25.0416,5.8297,19.1111,0.84672,12.849,0.84672,3695.15,0,36.966,0.27262,0.675778,1.88992,4.69839,1.46768,5.52379,0.42336,36.966,0.42336,423.524,0,1.02816,0,0,1.70394,0.675778,1.028160,1,0,24.6349,0,0,0,24.6349,0
64.2239,2.56448,0,0,1.67279,0.0532407,0.36288,3.6288,60.3796,0.541779,0,0,0.605833,0.306335,0,0.66528,12.849,1,0.502826,0.36288,0,25.8109,6.07128,19.5997,0.84672,12.849,0.84672,3695.15,0,36.966,0.330366,0.853597,1.89027,5.79577,1.53746,6.67181,0.42336,36.966,0.42336,423.524,0,1.02816,0,0,1.88176,0.853597,1.028160,1,0,26.2715,0,0,0,26.2715,0
62.4044,2.55642,0,0,1.2253,0.125476,0.36288,3.6288,59.8688,0.541175,0,0,0.369546,0.339206,0,0.66528,12.849,1,0.511453,0.36288,0,19.4099,6.25989,13.0015,0.84672,12.849,0.84672,3695.15,0,36.966,0.331321,0.284455,2.04299,3.11334,1.56052,3.54894,0.42336,36.966,0.42336,423.524,0,1.02816,0,0,1.31261,0.284455,1.028160,1,0,16.5504,0,0,0,16.5504,0
60.7181,2.54453,0,0,1.3447,0.123631,0.36288,3.6288,59.4474,0.539644,0,0,0.456335,0.338104,0,0.66528,12.849,1,0.523916,0.36288,0,24.9626,6.25989,18.5417,0.84672,12.849,0.84672,3695.15,0,36.966,0.333203,0.60264,2.04337,3.3963,1.56052,4.14858,0.42336,36.966,0.42336,423.524,0,1.02816,0,0,1.6308,0.60264,1.028160,1,0,22.6903,0,0,0,22.6903,0
58.7805,2.53299,0,0,1.08026,0.121921,0.36288,3.6288,58.8399,0.600308,0,0,0.330062,0.337195,0,0.66528,12.849,1,0.536024,0.36288,0,24.3924,6.25989,17.9594,0.84672,12.849,0.84672,3695.15,0,36.966,0.373288,0.204422,2.04374,2.72644,1.56052,3.0408,0.42336,36.966,0.42336,423.524,0,0.927763,0,0,1.13219,0.204422,1.028160,1,0,21.0002,0,0,0,21.0002,0
57.1243,2.51895,0,0,1.34537,0.119735,0.36288,3.6288,58.5317,0.536497,0,0,0.564138,0.335885,0,0.66528,12.849,1,0.550625,0.36288,0,22.2778,6.25989,15.8302,0.84672,12.849,0.84672,3695.15,0,36.966,0.337053,1.11351,2.04412,4.21563,1.56052,5.47569,0.42336,36.966,0.42336,423.524,0,1.02816,0,0,2.14167,1.11351,1.028160,1,0,21.3059,0,0,0,21.3059,0
55.4328,2.42991,0,0,1.30543,0.204222,0.36288,3.6288,58.1687,0.479533,0,0,0.420561,0.303971,0,0.66528,12.849,1,0.546561,0.36288,0,26.9455,5.34709,21.4147,0.84672,12.849,0.84672,3695.15,0,36.966,0.302852,0.444891,2.0445,4.29274,1.29536,5.18391,0.42336,36.966,0.42336,423.524,0,1.02816,0,0,1.47305,0.444891,1.028160,1,0,26.5986,0,0,0,26.5986,0
54.0605,2.41682,0,0,1.64068,0.233274,0.36288,3.6288,57.8548,0.478582,0,0,0.464867,0.300251,0,0.66528,12.849,1,0.560204,0.36288,0,25.8407,5.24076,20.4026,0.84672,12.849,0.84672,3695.15,0,36.966,0.304137,0.549556,1.95662,4.58038,1.29004,5.49237,0.42336,36.966,0.42336,423.524,0,1.02816,0,0,1.57772,0.549556,1.028160,1,0,25.895,0,0,0,25.895,0
52.4108,2.40577,0,0,1.34909,0.230072,0.36288,3.6288,57.7271,0.477779,0,0,0.649741,0.299643,0,0.66528,12.849,1,0.5718,0.36288,0,25.0852,5.24076,19.6355,0.84672,12.849,0.84672,3695.15,0,36.966,0.305275,1.66362,1.95698,5.17146,1.29004,7.19675,0.42336,36.966,0.42336,423.524,0,1.02816,0,0,2.69178,1.66362,1.028160,1,0,26.8323,0,0,0,26.8323,0
50.5494,2.39176,0,0,1.11942,0.226224,0.36288,3.6288,57.2996,0.477572,0,0,0.34946,0.299396,0,0.66528,12.849,1,0.586362,0.36288,0,24.0352,5.24076,18.5709,0.84672,12.849,0.84672,3695.15,0,36.966,0.305817,0.365342,1.95734,3.85138,1.29004,4.5782,0.42336,36.966,0.42336,423.524,0,1.02816,0,0,1.3935,0.365342,1.028160,1,0,23.1491,0,0,0,23.1491,0
48.9582,2.31363,0,0,1.33142,0.246088,0.36288,3.6288,56.9884,0.425715,0,0,0.379852,0.265266,0,0.66528,12.849,1,0.588095,0.36288,0,31.6096,4.69701,26.6874,0.84672,12.849,0.84672,3695.15,0,36.966,0.274644,0.405216,1.9577,4.05969,1.13726,5.01071,0.42336,36.966,0.42336,423.524,0,1.02816,0,0,1.43338,0.405216,1.028160,1,0,31.6981,0,0,0,31.6981,0
47.1912,2.29891,0,0,1.14058,0.245769,0.36288,3.6288,56.8441,0.424999,0,0,0.513938,0.233261,0,0.66528,12.849,1,0.603346,0.36288,0,38.3855,4.06434,34.0807,0.84672,12.849,0.84672,3695.15,0,36.966,0.275679,0.567078,1.87924,4.02776,0.982446,5.21595,0.42336,36.966,0.42336,423.524,0,1.02816,0,0,1.59524,0.567078,1.028160,1,0,39.2967,0,0,0,39.2967,0
45.5341,2.28158,0,0,1.22846,0.241079,0.36288,3.6288,56.331,0.660977,0,0,0.380887,0.233042,0,0.66528,12.849,1,0.621217,0.36288,0,40.1493,4.06434,35.8266,0.84672,12.849,0.84672,3695.15,0,36.966,0.42336,0.292723,1.87958,3.67892,0.982446,4.44542,0.42336,36.966,0.42336,423.524,0,0.64482,0,0,0.937544,0.292723,1.028160,1,0,40.272,0,0,0,40.272,0
45.7205,2.26437,0,0,3.05028,0.236681,0.36288,3.6288,56.6855,0.423442,0,0,1.01023,0.232264,0,0.66528,12.849,1,0.638967,0.36288,0,66.2945,4.06434,61.9541,0.84672,12.849,0.84672,3695.15,0,36.966,0.277875,1.5636,1.87993,5.62781,0.982446,7.81102,0.42336,36.966,0.42336,423.524,0,1.02816,0,0,2.59176,1.5636,1.028160,1,0,69.7651,0,0,0,69.7651,0
47.2699,2.0961,0,0,4.24556,0.237175,0.36288,3.6288,57.5342,0.319518,0,0,1.40098,0.232801,0,0.66528,12.849,1,0.589075,0.36288,0,100.06,4.06434,95.7693,0.84672,12.849,0.84672,3695.15,0,36.966,0.208366,3.61039,1.88028,7.62213,0.982446,11.922,0.42336,36.966,0.42336,423.524,0,1.02816,0,0,4.63855,3.61039,1.028160,1,0,107.691,0,0,0,107.691,0
50.5514,1.98726,0,0,5.86473,0.233077,0.36288,3.6288,58.2419,0.417903,0,0,1.32456,0.198928,0,0.66528,12.849,1,0.54018,0.36288,0,87.5396,3.76908,83.5932,0.84672,12.849,0.84672,3695.15,0,36.966,0.268505,3.16511,1.7054,8.57805,0.980653,12.1994,0.42336,36.966,0.42336,423.524,0,1.02816,0,0,4.19327,3.16511,1.028160,1,0,95.7926,0,0,0,95.7926,0
51.76,2.01584,0,0,3.82877,0.241463,0.36288,3.6288,58.408,0.419899,0,0,0.785817,0.19984,0,0.66528,12.849,1,0.51238,0.36288,0,49.6751,3.76908,45.7565,0.84672,12.849,0.84672,3695.15,0,36.966,0.266509,1.15533,1.79832,7.21284,0.980653,8.91933,0.42336,36.966,0.42336,423.524,0,1.02816,0,0,2.18349,1.15533,1.028160,1,0,54.6758,0,0,0,54.6758,0
53.7371,2.02605,0,0,4.62909,0.263064,0.36288,3.6288,58.6024,0.420363,0,0,0.835802,0.220995,0,0.66528,12.849,1,0.502951,0.36288,0,50.4136,4.22622,46.0473,0.84672,12.849,0.84672,3695.15,0,36.966,0.266045,1.48878,1.79846,9.67255,1.12326,11.5705,0.42336,36.966,0.42336,423.524,0,1.02816,0,0,2.51694,1.48878,1.028160,1,0,57.6178,0,0,0,57.6178,0
55.8256,2.04162,0,0,4.77561,0.282647,0.36288,3.6288,58.9458,0.420904,0,0,1.00125,0.236997,0,0.66528,12.849,1,0.488168,0.36288,0,80.7503,4.56907,76.0559,0.84672,12.849,0.84672,3695.15,0,36.966,0.265503,1.64129,1.79861,9.71084,1.23021,11.655,0.42336,36.966,0.42336,423.524,0,1.02816,0,0,2.66945,1.64129,1.028160,1,0,87.711,0,0,0,87.711,0
58.1435,2.25323,0,0,5.2052,0.271199,0.36288,3.6288,59.3312,0.356259,0,0,0.95453,0.21288,0,0.66528,12.849,1,0.518611,0.36288,0,78.2257,4.12232,73.9476,0.84672,12.849,0.84672,3695.15,0,36.966,0.223417,1.44918,1.79876,7.71267,1.11282,9.62437,0.42336,36.966,0.42336,423.524,0,1.02816,0,0,2.47734,1.44918,1.028160,1,0,83.572,0,0,0,83.572,0
59.3465,2.27057,0,0,4.10056,0.264069,0.36288,3.6288,59.6617,0.357329,0,0,0.882757,0.19488,0,0.66528,12.849,1,0.501768,0.36288,0,53.5988,3.78725,49.6727,0.84672,12.849,0.84672,3695.15,0,36.966,0.222632,1.08301,1.76166,4.87047,1.02478,6.46773,0.42336,36.966,0.42336,423.524,0,1.02816,0,0,2.11117,1.08301,1.028160,1,0,56.1404,0,0,0,56.1404,0
59.7091,2.27933,0,0,3.27199,0.267162,0.36288,3.6288,60.0221,0.358267,0,0,0.913948,0.195293,0,0.66528,12.849,1,0.493494,0.36288,0,54.7878,3.78725,50.8699,0.84672,12.849,0.84672,3695.15,0,36.966,0.22198,0.949441,1.76197,4.75036,1.02478,6.21501,0.42336,36.966,0.42336,423.524,0,1.02816,0,0,1.9776,0.949441,1.028160,1,0,57.0849,0,0,0,57.0849,0
61.8851,2.2822,0,0,5.10176,0.280722,0.36288,3.6288,61.308,0.359268,0,0,1.87622,0.213079,0.0179748,0.66528,12.849,1,0.491115,0.36288,0,108.131,3.91477,104.088,0.84672,12.849,0.84672,3695.15,0,36.966,0.221263,2.38894,1.76228,12.9917,1.06929,15.8524,0.42336,36.966,0.42336,423.524,0,1.02816,0,0,3.4171,2.38894,1.028160,1,0,119.959,0,0,0,119.959,0
63.1519,2.52094,0,0,4.45541,0.304789,0.36288,3.6288,61.308,0.480361,0,0,1.11736,0.253486,0.383512,0.66528,12.849,1,0.523416,0.36288,0,70.5635,4.04844,66.3545,0.84672,12.849,0.84672,3695.15,0,36.966,0.289636,2.25012,1.76259,6.17584,1.13421,8.7647,0.42336,36.966,0.42336,423.524,0,1.02816,0,0,3.27828,2.25012,1.028160,1,0,75.5027,0,0,0,75.5027,0
63.1124,2.53012,0,0,3.11786,0.264362,0.36288,3.6288,61.308,0.48056,0,0,1.10707,0.209517,0.416992,0.66528,12.849,1,0.514782,0.36288,0,63.3793,3.35697,59.8705,0.84672,12.849,0.84672,3695.15,0,36.966,0.289756,1.3106,1.95977,5.8474,0.887028,7.94098,0.42336,36.966,0.42336,423.524,0,1.02816,0,0,2.33876,1.3106,1.028160,1,0,68.2284,0,0,0,68.2284,0
63.4126,2.5303,0,0,3.47407,0.280672,0.36288,3.6288,61.308,0.480759,0,0,1.07863,0.208525,0.389343,0.66528,12.849,1,0.515141,0.36288,0,66.8708,3.65862,63.06,0.84672,12.849,0.84672,3695.15,0,36.966,0.289876,1.81778,1.96012,6.28781,0.985217,8.79061,0.42336,36.966,0.42336,423.524,0,1.02816,0,0,2.84594,1.81778,1.028160,1,0,72.2399,0,0,0,72.2399,0
64.8418,2.53277,0,0,4.60617,0.281359,0.36288,3.6288,61.308,0.480958,0,0,1.03044,0.208525,0.340959,0.66528,12.849,1,0.513204,0.36288,0,93.6524,3.65862,89.8435,0.84672,12.849,0.84672,3695.15,0,36.966,0.289996,2.14096,1.96046,7.09214,0.985217,9.91835,0.42336,36.966,0.42336,423.524,0,1.02816,0,0,3.16912,2.14096,1.028160,1,0,100.103,0,0,0,100.103,0
66.4287,2.22037,0,0,4.45745,0.287298,0.36288,3.6288,61.308,0.32266,0,0,1.37157,0.204486,0.844428,0.66528,12.849,1,0.439986,0.36288,0,90.3476,3.58454,86.686,0.84672,12.849,0.84672,3695.15,0,36.966,0.194549,2.08454,1.96081,7.46772,0.97799,10.3405,0.42336,36.966,0.42336,423.524,0,1.02816,0,0,3.1127,2.08454,1.028160,1,0,97.8709,0,0,0,97.8709,0
69.6187,2.22957,0,0,6.08966,0.307172,0.36288,3.6288,61.308,0.32283,0,0,1.84797,0.180256,1.34488,0.66528,12.849,1,0.431256,0.36288,0,109.572,3.14003,106.364,0.84672,12.849,0.84672,3695.15,0,36.966,0.194652,2.52068,1.6925,9.09274,0.934626,12.1766,0.42336,36.966,0.42336,423.524,0,1.02816,0,0,3.54884,2.52068,1.028160,1,0,119.886,0,0,0,119.886,0
72.29,2.24665,0,0,6.28169,0.314953,1.0488,3.6288,61.308,0.323001,0,0,1.88756,0.180256,1.38431,0.66528,12.849,1,0.414647,1.0488,0,103.597,3.14003,101.091,0.84672,12.849,0.84672,3695.15,0,36.966,0.194755,2.29387,1.6928,10.2569,0.934626,13.1142,0.42336,36.966,0.42336,423.524,0,1.02816,0,0,3.32203,2.29387,1.028160,1,0,115.59,0,0,0,115.59,0
72.29,2.26006,0,0,8.3052,0.321469,5.72367,3.6288,61.308,0.323172,0,0,2.78357,0.180256,2.28014,0.66528,12.849,1,0.401708,5.72367,0,154.219,3.14003,156.401,0.84672,12.849,0.84672,3695.15,0,36.966,0.194859,4.12786,1.6931,15.5284,0.934626,20.2199,0.42336,36.966,0.42336,423.524,0,1.02816,0,0,5.15602,4.12786,1.028160,1,0,178.901,0,0,0,178.901,0
72.29,2.26046,0,0,9.14172,0.323974,6.55729,3.6288,61.308,0.323343,0,0,3.3306,0.210852,2.7964,0.66528,12.849,1,0.40178,6.55729,0,159.856,4.00624,162.005,0.84672,12.849,0.84672,3695.15,0,36.966,0.194962,5.41697,1.6934,21.497,1.06802,27.3444,0.42336,36.966,0.42336,423.524,0,1.02816,0,0,6.44513,5.41697,1.028160,1,0,192.146,0,0,0,192.146,0
72.29,2.34347,0,0,5.56653,0.311831,2.91123,3.6288,61.308,0.362323,0,0,2.02878,0.204613,1.46184,0.66528,12.849,1,0.416534,2.91123,0,105.203,4.31091,103.387,0.84672,12.849,0.84672,3695.15,0,36.966,0.218465,2.8311,1.6937,11.9375,1.07783,15.1661,0.42336,36.966,0.42336,423.524,0,1.02816,0,0,3.85926,2.8311,1.028160,1,0,120.015,0,0,0,120.015,0
72.29,2.34388,0,0,5.70631,0.306223,3.05621,3.6288,61.308,0.362501,0,0,1.7531,0.192939,1.19766,0.66528,12.849,1,0.416607,3.05621,0,86.0051,4.17291,84.4718,0.84672,12.849,0.84672,3695.15,0,36.966,0.218572,2.7767,1.7603,8.35122,1.04173,11.6279,0.42336,36.966,0.42336,423.524,0,1.02816,0,0,3.80486,2.7767,1.028160,1,0,97.2974,0,0,0,97.2974,0
72.29,2.3443,0,0,4.82987,0.306223,2.17935,3.6288,61.308,0.362679,0,0,2.08646,0.192939,1.53084,0.66528,12.849,1,0.416681,2.17935,0,76.5176,4.17291,74.1073,0.84672,12.849,0.84672,3695.15,0,36.966,0.218679,2.97688,1.76061,8.77923,1.04173,12.2563,0.42336,36.966,0.42336,423.524,0,1.02816,0,0,4.00504,2.97688,1.028160,1,0,87.8945,0,0,0,87.8945,0
72.29,2.34471,0,0,5.23796,0.306223,2.58702,3.6288,61.308,0.362856,0,0,1.77799,0.192939,1.2222,0.66528,12.849,1,0.416755,2.58702,0,82.8179,4.17291,80.8152,0.84672,12.849,0.84672,3695.15,0,36.966,0.218786,2.8939,1.76092,8.37302,1.04173,11.7673,0.42336,36.966,0.42336,423.524,0,1.02816,0,0,3.92206,2.8939,1.028160,1,0,93.8047,0,0,0,93.8047,0
72.29,2.31281,0,0,3.87291,0.274818,1.28528,3.6288,61.308,0.347951,0,0,1.08772,0.200307,0.539458,0.66528,12.849,1,0.411084,1.28528,0,61.987,4.24189,58.6193,0.84672,12.849,0.84672,3695.15,0,36.966,0.209799,1.4908,1.76123,4.66135,1.10149,6.60209,0.42336,36.966,0.42336,423.524,0,1.02816,0,0,2.51896,1.4908,1.028160,1,0,65.7608,0,0,0,65.7608,0
72.29,2.31322,0,0,3.47719,0.232945,0.931023,3.6288,61.308,0.348126,0,0,0.940222,0.210131,0.381964,0.66528,12.849,1,0.411157,0.931023,0,58.7941,4.33387,54.9801,0.84672,12.849,0.84672,3695.15,0,36.966,0.209905,1.24572,1.73573,5.06519,1.18117,6.65556,0.42336,36.966,0.42336,423.524,0,1.02816,0,0,2.27388,1.24572,1.028160,1,0,62.0176,0,0,0,62.0176,0
72.29,2.31363,0,0,3.08982,0.232945,0.543248,3.6288,61.308,0.348302,0,0,1.01977,0.210131,0.461338,0.66528,12.849,1,0.41123,0.543248,0,54.6084,4.33387,50.4066,0.84672,12.849,0.84672,3695.15,0,36.966,0.21001,1.3977,1.73604,5.1968,1.18117,6.93936,0.42336,36.966,0.42336,423.524,0,1.02816,0,0,2.42586,1.3977,1.028160,1,0,57.8073,0,0,0,57.8073,0
72.29,2.31404,0,0,3.22713,0.232945,0.680145,3.6288,61.308,0.348477,0,0,0.873521,0.210131,0.314913,0.66528,12.849,1,0.411303,0.680145,0,54.1595,4.33387,50.0945,0.84672,12.849,0.84672,3695.15,0,36.966,0.210116,0.985997,1.73635,6.09784,1.18117,7.42889,0.42336,36.966,0.42336,423.524,0,1.02816,0,0,2.01416,0.985997,1.028160,1,0,57.8383,0,0,0,57.8383,0
72.29,2.42424,0,0,3.15367,0.196452,0.53298,3.6288,61.308,0.402181,0,0,0.851818,0.227935,0.221702,0.66528,12.849,1,0.43089,0.53298,0,53.8472,5.73742,48.2118,0.84672,12.849,0.84672,3695.15,0,36.966,0.242497,1.07608,1.73665,5.50904,1.2365,6.84277,0.42336,36.966,0.42336,423.524,0,1.02816,0,0,2.10424,1.07608,1.028160,1,0,55.2763,0,0,0,55.2763,0
72.29,2.42467,0,0,2.9347,0.126609,0.383421,3.6288,61.308,0.402366,0,0,0.772364,0.288623,0.0813752,0.66528,12.849,1,0.430966,0.383421,0,46.0393,5.21294,40.7788,0.84672,12.849,0.84672,3695.15,0,36.966,0.242609,0.916341,1.82749,4.51965,1.3277,5.69317,0.42336,36.966,0.42336,423.524,0,1.02816,0,0,1.9445,0.916341,1.028160,1,0,46.5533,0,0,0,46.5533,0
71.9634,2.4251,0,0,2.58796,0.126609,0.36288,3.6288,61.308,0.40255,0,0,0.716075,0.288623,0.0249007,0.66528,12.849,1,0.431043,0.36288,0,42.7817,5.21294,37.5006,0.84672,12.849,0.84672,3695.15,0,36.966,0.24272,0.744656,1.82781,3.9978,1.3277,4.99984,0.42336,36.966,0.42336,423.524,0,1.02816,0,0,1.77282,0.744656,1.028160,1,0,42.5253,0,0,0,42.5253,0
71.4795,2.42387,0,0,2.42915,0.126295,0.36288,3.6288,61.2885,0.402736,0,0,0.671872,0.288623,0,0.66528,12.849,1,0.432779,0.36288,0,40.4369,5.21294,35.1541,0.84672,12.849,0.84672,3695.15,0,36.966,0.242832,0.597784,1.82813,3.7004,1.3277,4.55579,0.42336,36.966,0.42336,423.524,0,1.02816,0,0,1.62594,0.597784,1.028160,1,0,39.7099,0,0,0,39.7099,0
70.7941,2.42181,0,0,2.22515,0.12583,0.36288,3.6288,61.2116,0.402872,0,0,0.614569,0.288588,0,0.66528,12.849,1,0.43534,0.36288,0,36.2836,5.21294,30.9982,0.84672,12.849,0.84672,3695.15,0,36.966,0.242991,0.437711,1.82846,3.53454,1.3277,4.23002,0.42336,36.966,0.42336,423.524,0,1.02816,0,0,1.46587,0.437711,1.028160,1,0,35.2282,0,0,0,35.2282,0
69.9992,2.39701,0,0,2.06565,0.100717,0.36288,3.6288,61.0099,0.432296,0,0,0.558225,0.327691,0,0.66528,12.849,1,0.435053,0.36288,0,35.8131,5.62896,30.112,0.84672,12.849,0.84672,3695.15,0,36.966,0.261065,0.564209,1.82878,3.6398,1.37963,4.39209,0.42336,36.966,0.42336,423.524,0,1.02816,0,0,1.59237,0.564209,1.028160,1,0,34.5041,0,0,0,34.5041,0
68.9879,2.39326,0,0,1.84514,0.100283,0.36288,3.6288,60.7728,0.431948,0,0,0.531202,0.336353,0,0.66528,12.849,1,0.439305,0.36288,0,33.6424,5.7204,27.8456,0.84672,12.849,0.84672,3695.15,0,36.966,0.261718,0.566205,1.86078,3.7525,1.38125,4.53651,0.42336,36.966,0.42336,423.524,0,1.02816,0,0,1.59437,0.566205,1.028160,1,0,32.3821,0,0,0,32.3821,0
67.9178,2.38825,0,0,1.78058,0.0994996,0.36288,3.6288,60.5001,0.431503,0,0,0.494657,0.335848,0,0.66528,12.849,1,0.444813,0.36288,0,30.7777,5.7204,24.9753,0.84672,12.849,0.84672,3695.15,0,36.966,0.262468,0.378052,1.86111,3.63422,1.38125,4.22966,0.42336,36.966,0.42336,423.524,0,1.02816,0,0,1.40621,0.378052,1.028160,1,0,29.205,0,0,0,29.205,0
66.7919,2.38278,0,0,1.71336,0.0936515,0.36288,3.6288,60.2026,0.430958,0,0,0.473157,0.339687,0,0.66528,12.849,1,0.450786,0.36288,0,27.5734,5.75836,21.7271,0.84672,12.849,0.84672,3695.15,0,36.966,0.263319,0.302979,1.86144,3.61592,1.40374,4.11327,0.42336,36.966,0.42336,423.524,0,1.02816,0,0,1.33114,0.302979,1.028160,1,0,25.8404,0,0,0,25.8404,0
65.6604,2.4323,0,0,1.72908,0.0654087,0.36288,3.6288,59.9337,0.456422,0,0,0.54041,0.352841,0,0.66528,12.849,1,0.467911,0.36288,0,25.7686,5.94979,19.7138,0.84672,12.849,0.84672,3695.15,0,36.966,0.280256,0.331914,1.86177,3.46447,1.48884,3.88906,0.42336,36.966,0.42336,423.524,0,1.02816,0,0,1.36007,0.331914,1.028160,1,0,23.6029,0,0,0,23.6029,0
64.4214,2.42599,0,0,1.62072,0.070857,0.36288,3.6288,59.6635,0.455838,0,0,0.506235,0.320611,0,0.66528,12.849,1,0.474739,0.36288,0,30.0542,5.85889,24.0834,0.84672,12.849,0.84672,3695.15,0,36.966,0.281152,0.30259,1.90701,3.10151,1.36424,3.66572,0.42336,36.966,0.42336,423.524,0,1.02816,0,0,1.33075,0.30259,1.028160,1,0,27.7491,0,0,0,27.7491,0
63.0447,2.4188,0,0,1.47521,0.0701556,0.36288,3.6288,59.3058,0.455245,0,0,0.417542,0.320059,0,0.66528,12.849,1,0.482437,0.36288,0,24.2069,5.85889,18.2285,0.84672,12.849,0.84672,3695.15,0,36.966,0.282058,0.331318,1.90735,2.882,1.36424,3.47437,0.42336,36.966,0.42336,423.524,0,1.02816,0,0,1.35948,0.331318,1.028160,1,0,21.7029,0,0,0,21.7029,0
61.5437,2.41048,0,0,1.34171,0.0693763,0.36288,3.6288,58.8544,0.520899,0,0,0.38885,0.319328,0,0.66528,12.849,1,0.491275,0.36288,0,22.5664,5.85889,16.5791,0.84672,12.849,0.84672,3695.15,0,36.966,0.324683,0.227405,1.90769,2.56844,1.36424,3.01461,0.42336,36.966,0.42336,423.524,0,0.920195,0,0,1.1476,0.227405,1.028160,1,0,19.5937,0,0,0,19.5937,0
59.7102,2.87003,0,0,1.46109,0.0616679,0.36288,3.6288,58.7292,0.267495,0,0,0.458987,0.316632,0,0.66528,12.849,1,0.599201,0.36288,0,22.6731,5.96703,16.4697,0.84672,12.849,0.84672,3695.15,0,36.966,0.168012,0.418029,1.90803,3.63159,1.39015,4.39949,0.42336,36.966,0.42336,423.524,0,1.02816,0,0,1.44619,0.418029,1.028160,1,0,20.8692,0,0,0,20.8692,0
57.6443,2.85534,0,0,1.21368,0.0613948,0.36288,3.6288,58.3719,0.409592,0,0,0.361312,0.309029,0,0.66528,12.849,1,0.614438,0.36288,0,16.9323,5.73566,10.9451,0.84672,12.849,0.84672,3695.15,0,36.966,0.25781,0.227405,1.78096,2.75815,1.53008,2.97863,0.42336,36.966,0.42336,423.524,0,0.796599,0,0,1.024,0.227405,1.028160,1,0,13.9237,0,0,0,13.9237,0
56.025,2.49158,0,0,1.29706,0.061843,0.36288,3.6288,57.9286,0.558266,0,0,0.426749,0.311831,0,0.66528,12.849,1,0.555377,0.36288,0,20.4029,5.6762,14.5342,0.84672,12.849,0.84672,3695.15,0,36.966,0.353541,0.204422,1.78132,2.86159,1.54492,2.94888,0.42336,36.966,0.42336,423.524,0,0.975888,0,0,1.18031,0.204422,1.028160,1,0,17.4831,0,0,0,17.4831,0
54.1471,2.47896,0,0,1.02473,0.0608633,0.36288,3.6288,57.1056,0.823513,0,0,0.311505,0.31094,0,0.66528,12.849,1,0.568535,0.36288,0,21.0552,5.6762,15.1733,0.84672,12.849,0.84672,3695.15,0,36.966,0.42336,0.204422,2.02943,2.26743,1.54492,2.533,0.42336,36.966,0.42336,423.524,0,0.641157,0,0,0.84558,0.204422,1.028160,1,0,17.7063,0,0,0,17.7063,0
52.5301,2.46346,0,0,1.26915,0.059727,0.36288,3.6288,56.7924,0.522182,0,0,0.518241,0.309287,0,0.66528,12.849,1,0.584575,0.36288,0,18.6596,5.6762,12.7617,0.84672,12.849,0.84672,3695.15,0,36.966,0.338022,0.48003,2.02979,3.40728,1.54492,4.03416,0.42336,36.966,0.42336,423.524,0,1.02816,0,0,1.50819,0.48003,1.028160,1,0,16.7959,0,0,0,16.7959,0
50.8847,2.41386,0,0,1.18878,0.0574843,0.36288,3.6288,56.7893,0.484167,0,0,0.768744,0.287668,0,0.66528,12.849,1,0.590436,0.36288,0,19.3333,5.32455,13.7812,0.84672,12.849,0.84672,3695.15,0,36.966,0.315143,0.97899,2.03015,3.97435,1.43127,5.23708,0.42336,36.966,0.42336,423.524,0,1.02816,0,0,2.00715,0.97899,1.028160,1,0,19.0183,0,0,0,19.0183,0
49.3275,2.39904,0,0,1.25848,0.0537411,0.36288,3.6288,56.56,0.484353,0,0,0.538642,0.283641,0,0.66528,12.849,1,0.605787,0.36288,0,22.4804,5.38429,16.8532,0.84672,12.849,0.84672,3695.15,0,36.966,0.315281,0.535663,1.97491,3.28891,1.47194,4.01226,0.42336,36.966,0.42336,423.524,0,1.02816,0,0,1.56382,0.535663,1.028160,1,0,20.8655,0,0,0,20.8655,0
47.5512,2.38429,0,0,1.02373,0.0528635,0.36288,3.6288,56.222,0.498066,0,0,0.443343,0.283218,0,0.66528,12.849,1,0.621068,0.36288,0,20.6435,5.38429,15.001,0.84672,12.849,0.84672,3695.15,0,36.966,0.325522,0.216518,1.97526,2.97168,1.47194,3.366,0.42336,36.966,0.42336,423.524,0,1.00453,0,0,1.22105,0.216518,1.028160,1,0,18.367,0,0,0,18.367,0
46.3988,2.36645,0,0,1.69142,0.114528,0.36288,3.6288,56.1867,0.482824,0,0,0.671371,0.223899,0,0.66528,12.849,1,0.639447,0.36288,0,29.39,4.55377,24.5597,0.84672,12.849,0.84672,3695.15,0,36.966,0.317457,0.523878,1.97561,3.93682,1.21235,4.9065,0.42336,36.966,0.42336,423.524,0,1.02816,0,0,1.55204,0.523878,1.028160,1,0,29.4662,0,0,0,29.4662,0
47.1095,2.2936,0,0,3.52591,0.158655,0.36288,3.6288,56.6405,0.432148,0,0,1.06332,0.177352,0,0.66528,12.849,1,0.635157,0.36288,0,69.4854,3.87117,65.3419,0.84672,12.849,0.84672,3695.15,0,36.966,0.284316,1.05067,1.97596,8.21397,0.990799,9.96548,0.42336,36.966,0.42336,423.524,0,1.02816,0,0,2.07883,1.05067,1.028160,1,0,75.3074,0,0,0,75.3074,0
45.2874,2.30154,0,0,0.997168,0.154845,0.36288,3.6288,56.6745,0.433713,0,0,0.630646,0.162935,0,0.66528,12.849,1,0.627739,0.36288,0,20.3011,3.51288,16.5233,0.84672,12.849,0.84672,3695.15,0,36.966,0.28306,0.382686,1.89675,3.04455,0.829641,4.21129,0.42336,36.966,0.42336,423.524,0,1.02816,0,0,1.41085,0.382686,1.028160,1,0,20.7346,0,0,0,20.7346,0
44.641,2.28227,0,0,2.15042,0.151736,0.36288,3.6288,56.758,0.434003,0,0,0.680487,0.162971,0,0.66528,12.849,1,0.647528,0.36288,0,38.3511,3.51288,34.5535,0.84672,12.849,0.84672,3695.15,0,36.966,0.283079,0.303826,1.89708,5.02961,0.829641,6.1178,0.42336,36.966,0.42336,423.524,0,1.02816,0,0,1.33199,0.303826,1.028160,1,0,40.6713,0,0,0,40.6713,0
46.1773,2.27539,0,0,4.32525,0.150633,0.36288,3.6288,57.8897,0.434443,0,0,1.72925,0.16306,0,0.66528,12.849,1,0.654926,0.36288,0,63.0626,3.51288,59.2577,0.84672,12.849,0.84672,3695.15,0,36.966,0.282949,2.09221,1.89742,8.69288,0.829641,11.5699,0.42336,36.966,0.42336,423.524,0,1.02816,0,0,3.12037,2.09221,1.028160,1,0,70.8276,0,0,0,70.8276,0
46.1926,2.12017,0,0,2.65154,0.153255,0.36288,3.6288,58.831,0.330983,0,0,1.43649,0.164261,0,0.66528,12.849,1,0.589944,0.36288,0,37.635,3.51288,33.895,0.84672,12.849,0.84672,3695.15,0,36.966,0.211352,1.8275,1.89775,8.73355,0.829641,11.4178,0.42336,36.966,0.42336,423.524,0,1.02816,0,0,2.85566,1.8275,1.028160,1,0,45.3128,0,0,0,45.3128,0
47.1665,2.0082,0,0,3.51608,0.171017,0.36288,3.6288,59.3033,0.421532,0,0,1.14153,0.247693,0,0.66528,12.849,1,0.558605,0.36288,0,67.3584,3.92445,63.2382,0.84672,12.849,0.84672,3695.15,0,36.966,0.264866,1.12762,1.72124,6.67886,1.1017,8.16115,0.42336,36.966,0.42336,423.524,0,1.02816,0,0,2.15578,1.12762,1.028160,1,0,71.3994,0,0,0,71.3994,0
48.8825,2.01786,0,0,4.29857,0.201852,0.36288,3.6288,59.9597,0.422831,0,0,1.25226,0.173006,0,0.66528,12.849,1,0.549702,0.36288,0,96.4466,3.61032,92.6495,0.84672,12.849,0.84672,3695.15,0,36.966,0.263567,1.317,1.80569,7.19914,1.07045,8.98781,0.42336,36.966,0.42336,423.524,0,1.02816,0,0,2.34516,1.317,1.028160,1,0,101.637,0,0,0,101.637,0
51.6381,2.03374,0,0,5.3579,0.205666,0.36288,3.6288,61.308,0.424617,0,0,2.62561,0.173733,0.678982,0.66528,12.849,1,0.534579,0.36288,0,109.106,3.61032,105.324,0.84672,12.849,0.84672,3695.15,0,36.966,0.261782,3.20791,1.80583,13.7576,1.07045,17.4392,0.42336,36.966,0.42336,423.524,0,1.02816,0,0,4.23607,3.20791,1.028160,1,0,123.442,0,0,0,123.442,0
56.2747,2.0572,0,0,7.26844,0.211744,0.36288,3.6288,61.308,0.428208,0,0,3.122,0.175226,2.51857,0.66528,12.849,1,0.511887,0.36288,0,156.426,3.61032,152.667,0.84672,12.849,0.84672,3695.15,0,36.966,0.25819,4.40759,1.80597,14.1629,1.07045,19.0479,0.42336,36.966,0.42336,423.524,0,1.02816,0,0,5.43575,4.40759,1.028160,1,0,174.233,0,0,0,174.233,0
59.7816,2.27747,0,0,6.37345,0.226207,0.36288,3.6288,61.308,0.370907,0,0,2.46474,0.241294,1.85254,0.66528,12.849,1,0.520007,0.36288,0,136.525,4.28479,132.083,0.84672,12.849,0.84672,3695.15,0,36.966,0.22364,3.41582,1.80611,13.6754,1.1902,17.4835,0.42336,36.966,0.42336,423.524,0,1.02816,0,0,4.44398,3.41582,1.028160,1,0,151.419,0,0,0,151.419,0
64.4002,2.30297,0,0,7.53425,0.249881,0.36288,3.6288,61.308,0.371079,0,0,2.71948,0.235412,2.11299,0.66528,12.849,1,0.494983,0.36288,0,163.798,4.07117,159.595,0.84672,12.849,0.84672,3695.15,0,36.966,0.223744,4.29556,1.77795,14.9352,1.06203,19.7229,0.42336,36.966,0.42336,423.524,0,1.02816,0,0,5.32372,4.29556,1.028160,1,0,181.431,0,0,0,181.431,0
66.722,2.33296,0,0,5.27738,0.259719,0.36288,3.6288,61.308,0.371251,0,0,2.02316,0.235412,1.4165,0.66528,12.849,1,0.465469,0.36288,0,122.18,4.07767,118,0.84672,12.849,0.84672,3695.15,0,36.966,0.223848,3.30537,1.77825,12.4221,1.06203,16.2198,0.42336,36.966,0.42336,423.524,0,1.02816,0,0,4.33353,3.30537,1.028160,1,0,135.636,0,0,0,135.636,0
69.0372,2.34695,0,0,5.28964,0.264586,0.36288,3.6288,61.308,0.371423,0,0,1.93096,0.235412,1.32413,0.66528,12.849,1,0.451964,0.36288,0,96.7213,4.07117,92.5611,0.84672,12.849,0.84672,3695.15,0,36.966,0.223952,3.2683,1.77856,12.442,1.06203,16.2029,0.42336,36.966,0.42336,423.524,0,1.02816,0,0,4.29646,3.2683,1.028160,1,0,110.088,0,0,0,110.088,0
72.29,2.59033,0,0,6.77269,0.294578,0.634988,3.6288,61.308,0.490704,0,0,2.38121,0.227451,1.66305,0.66528,12.849,1,0.482104,0.634988,0,106.791,4.12683,102.817,0.84672,12.849,0.84672,3695.15,0,36.966,0.295873,4.07707,1.77886,14.6943,1.11269,19.1417,0.42336,36.966,0.42336,423.524,0,1.02816,0,0,5.10523,4.07707,1.028160,1,0,123.622,0,0,0,123.622,0
72.29,2.60919,0,0,4.3002,0.245352,1.44566,3.6288,61.308,0.490897,0,0,2.37735,0.199585,1.68687,0.66528,12.849,1,0.463764,1.44566,0,91.8043,3.09267,89.6935,0.84672,12.849,0.84672,3695.15,0,36.966,0.295989,2.45595,1.97784,10.5792,0.930415,13.7866,0.42336,36.966,0.42336,423.524,0,1.02816,0,0,3.48411,2.45595,1.028160,1,0,105.167,0,0,0,105.167,0
72.29,2.60963,0,0,4.18309,0.245352,1.32811,3.6288,61.308,0.491089,0,0,3.2357,0.199585,2.54502,0.66528,12.849,1,0.463842,1.32811,0,103.435,3.09267,101.207,0.84672,12.849,0.84672,3695.15,0,36.966,0.296105,5.29332,1.97818,16.2657,0.930415,22.3106,0.42336,36.966,0.42336,423.524,0,1.02816,0,0,6.32148,5.29332,1.028160,1,0,126.063,0,0,0,126.063,0
72.29,2.61008,0,0,4.27871,0.267041,1.40159,3.6288,61.308,0.491282,0,0,2.13087,0.188281,1.4513,0.66528,12.849,1,0.463921,1.40159,0,130.284,3.15832,128.064,0.84672,12.849,0.84672,3695.15,0,36.966,0.296221,3.83306,1.97851,12.0458,0.901665,16.6595,0.42336,36.966,0.42336,423.524,0,1.02816,0,0,4.86122,3.83306,1.028160,1,0,146.174,0,0,0,146.174,0
72.29,2.27962,0,0,7.74189,0.321348,5.14092,3.6288,61.308,0.331521,0,0,2.40592,0.207497,1.8669,0.66528,12.849,1,0.405185,5.14092,0,139.689,3.15152,141.273,0.84672,12.849,0.84672,3695.15,0,36.966,0.199892,6.94147,1.97885,15.8008,0.914722,23.6065,0.42336,36.966,0.42336,423.524,0,1.02816,0,0,7.96963,6.94147,1.028160,1,0,166.747,0,0,0,166.747,0
72.29,2.28001,0,0,6.28991,0.302664,3.70724,3.6288,61.308,0.331686,0,0,1.90767,0.202368,1.37362,0.66528,12.849,1,0.405254,3.70724,0,212.869,3.43858,212.732,0.84672,12.849,0.84672,3695.15,0,36.966,0.199992,3.856,1.70806,15.586,1.01904,19.931,0.42336,36.966,0.42336,423.524,0,1.02816,0,0,4.88416,3.856,1.028160,1,0,234.037,0,0,0,234.037,0
72.29,2.2804,0,0,5.55,0.309492,2.96011,3.6288,61.308,0.331852,0,0,1.56205,0.177669,1.05253,0.66528,12.849,1,0.405323,2.96011,0,231.677,3.03534,231.197,0.84672,12.849,0.84672,3695.15,0,36.966,0.200092,2.79347,1.70835,11.6729,0.900637,15.074,0.42336,36.966,0.42336,423.524,0,1.02816,0,0,3.82163,2.79347,1.028160,1,0,247.323,0,0,0,247.323,0
72.29,2.28078,0,0,7.90455,0.309492,5.31427,3.6288,61.308,0.332017,0,0,2.15289,0.177669,1.6432,0.66528,12.849,1,0.405392,5.31427,0,196.566,3.03534,198.44,0.84672,12.849,0.84672,3695.15,0,36.966,0.200192,5.60203,1.70864,15.7769,0.900637,21.9867,0.42336,36.966,0.42336,423.524,0,1.02816,0,0,6.63019,5.60203,1.028160,1,0,222.07,0,0,0,222.07,0
72.29,2.28117,0,0,10.4723,0.309758,7.88136,3.6288,61.308,0.332183,0,0,3.39692,0.166314,2.89842,0.66528,12.849,1,0.405461,7.88136,0,213.443,2.98325,217.935,0.84672,12.849,0.84672,3695.15,0,36.966,0.200291,6.22428,1.70893,20.343,0.881862,27.194,0.42336,36.966,0.42336,423.524,0,1.02816,0,0,7.25244,6.22428,1.028160,1,0,248.028,0,0,0,248.028,0
72.29,2.36492,0,0,7.01336,0.329697,4.31874,3.6288,61.308,0.371512,0,0,1.7138,0.134992,1.2073,0.66528,12.849,1,0.420347,4.31874,0,180.885,3.31124,181.472,0.84672,12.849,0.84672,3695.15,0,36.966,0.224005,3.35126,1.70922,12.0484,0.882693,16.0022,0.42336,36.966,0.42336,423.524,0,1.02816,0,0,4.37942,3.35126,1.028160,1,0,198.682,0,0,0,198.682,0
72.29,2.36532,0,0,5.78222,0.343455,3.07344,3.6288,61.308,0.371685,0,0,2.53052,0.162597,1.99624,0.66528,12.849,1,0.420419,3.07344,0,97.3011,3.79166,96.1624,0.84672,12.849,0.84672,3695.15,0,36.966,0.224109,3.57557,1.77641,11.5727,0.967801,15.7327,0.42336,36.966,0.42336,423.524,0,1.02816,0,0,4.60373,3.57557,1.028160,1,0,113.891,0,0,0,113.891,0
72.29,2.36573,0,0,5.08018,0.343455,2.371,3.6288,61.308,0.371857,0,0,1.77445,0.162597,1.23999,0.66528,12.849,1,0.42049,2.371,0,108.487,3.79166,106.646,0.84672,12.849,0.84672,3695.15,0,36.966,0.224213,2.72954,1.77672,10.2353,0.967801,13.5495,0.42336,36.966,0.42336,423.524,0,1.02816,0,0,3.7577,2.72954,1.028160,1,0,121.436,0,0,0,121.436,0
72.29,2.36613,0,0,4.30997,0.307743,1.6361,3.6288,61.308,0.372029,0,0,1.39292,0.181628,0.839267,0.66528,12.849,1,0.420562,1.6361,0,100.935,4.02434,98.1263,0.84672,12.849,0.84672,3695.15,0,36.966,0.224317,2.15107,1.77702,9.97065,1.0136,12.6608,0.42336,36.966,0.42336,423.524,0,1.02816,0,0,3.17923,2.15107,1.028160,1,0,111.626,0,0,0,111.626,0
72.29,2.33391,0,0,4.27503,0.276686,1.66443,3.6288,61.308,0.35698,0,0,1.64551,0.199787,1.08875,0.66528,12.849,1,0.414836,1.66443,0,81.3914,4.28737,78.3536,0.84672,12.849,0.84672,3695.15,0,36.966,0.215243,2.77398,1.77732,9.80588,1.06346,13.0785,0.42336,36.966,0.42336,423.524,0,1.02816,0,0,3.80214,2.77398,1.028160,1,0,92.5208,0,0,0,92.5208,0
72.29,2.33431,0,0,4.00269,0.266003,1.40237,3.6288,61.308,0.35715,0,0,1.23469,0.209505,0.668036,0.66528,12.849,1,0.414906,1.40237,0,81.896,4.5087,78.3747,0.84672,12.849,0.84672,3695.15,0,36.966,0.215346,2.24968,1.75157,7.48604,1.10224,10.1697,0.42336,36.966,0.42336,423.524,0,1.02816,0,0,3.27784,2.24968,1.028160,1,0,89.2125,0,0,0,89.2125,0
72.29,2.33471,0,0,3.46145,0.266003,0.86074,3.6288,61.308,0.35732,0,0,1.17742,0.209505,0.6106,0.66528,12.849,1,0.414977,0.86074,0,72.5475,4.5087,68.4845,0.84672,12.849,0.84672,3695.15,0,36.966,0.215448,1.92521,1.75187,6.54936,1.10224,8.90875,0.42336,36.966,0.42336,423.524,0,1.02816,0,0,2.95337,1.92521,1.028160,1,0,78.0039,0,0,0,78.0039,0
72.29,2.33511,0,0,3.0879,0.266003,0.486793,3.6288,61.308,0.35749,0,0,1.04548,0.209505,0.478489,0.66528,12.849,1,0.415047,0.486793,0,62.3101,4.5087,57.8732,0.84672,12.849,0.84672,3695.15,0,36.966,0.21555,1.54648,1.75217,5.68753,1.10224,7.66839,0.42336,36.966,0.42336,423.524,0,1.02816,0,0,2.57464,1.54648,1.028160,1,0,66.02,0,0,0,66.02,0
72.0774,2.44629,0,0,2.84529,0.248719,0.36288,3.6288,61.308,0.411675,0,0,0.958081,0.186749,0.359657,0.66528,12.849,1,0.43481,0.36288,0,58.1183,4.03686,54.0095,0.84672,12.849,0.84672,3695.15,0,36.966,0.248222,1.38997,1.75247,5.12193,0.982566,7.03358,0.42336,36.966,0.42336,423.524,0,1.02816,0,0,2.41813,1.38997,1.028160,1,0,61.4027,0,0,0,61.4027,0
72.2153,2.44562,0,0,3.13762,0.19122,0.36288,3.6288,61.308,0.411854,0,0,1.09471,0.224259,0.458601,0.66528,12.849,1,0.435973,0.36288,0,58.9034,4.54464,54.2856,0.84672,12.849,0.84672,3695.15,0,36.966,0.24833,1.67499,1.84411,5.86808,1.09615,8.04271,0.42336,36.966,0.42336,423.524,0,1.02816,0,0,2.70315,1.67499,1.028160,1,0,62.787,0,0,0,62.787,0
72.27,2.44674,0,0,3.04836,0.184053,0.36288,3.6288,61.308,0.412033,0,0,1.02424,0.233355,0.378849,0.66528,12.849,1,0.43534,0.36288,0,53.8609,4.68825,49.1002,0.84672,12.849,0.84672,3695.15,0,36.966,0.248438,1.45015,1.84442,5.68096,1.13003,7.59705,0.42336,36.966,0.42336,423.524,0,1.02816,0,0,2.47831,1.45015,1.028160,1,0,57.0761,0,0,0,57.0761,0
72.0749,2.44744,0,0,2.76342,0.148144,0.36288,3.6288,61.308,0.412212,0,0,0.977772,0.256963,0.308596,0.66528,12.849,1,0.435134,0.36288,0,47.4911,4.956,42.4629,0.84672,12.849,0.84672,3695.15,0,36.966,0.248546,1.36919,1.84474,5.53335,1.19844,7.30029,0.42336,36.966,0.42336,423.524,0,1.02816,0,0,2.39735,1.36919,1.028160,1,0,50.0718,0,0,0,50.0718,0
71.743,2.44685,0,0,2.61135,0.133552,0.36288,3.6288,61.308,0.412391,0,0,0.934027,0.266407,0.255229,0.66528,12.849,1,0.436208,0.36288,0,45.9645,5.0631,40.8281,0.84672,12.849,0.84672,3695.15,0,36.966,0.248654,1.20683,1.84505,5.518,1.22581,7.09541,0.42336,36.966,0.42336,423.524,0,1.02816,0,0,2.23499,1.20683,1.028160,1,0,48.1788,0,0,0,48.1788,0
71.4491,2.42366,0,0,2.61286,0.120224,0.36288,3.6288,61.308,0.442283,0,0,0.910112,0.240603,0.227225,0.66528,12.849,1,0.434071,0.36288,0,51.7903,4.81554,46.9036,0.84672,12.849,0.84672,3695.15,0,36.966,0.266677,1.31838,1.84537,5.79767,1.1876,7.50714,0.42336,36.966,0.42336,423.524,0,1.02816,0,0,2.34654,1.31838,1.028160,1,0,54.638,0,0,0,54.638,0
71.0702,2.42255,0,0,2.51675,0.110233,0.36288,3.6288,61.308,0.442468,0,0,0.907027,0.22125,0.243309,0.66528,12.849,1,0.435658,0.36288,0,53.5534,4.62987,48.8507,0.84672,12.849,0.84672,3695.15,0,36.966,0.266788,1.58389,1.87764,5.84211,1.15894,7.87791,0.42336,36.966,0.42336,423.524,0,1.02816,0,0,2.61205,1.58389,1.028160,1,0,56.972,0,0,0,56.972,0
70.4945,2.421,0,0,2.31805,0.109914,0.36288,3.6288,61.308,0.442652,0,0,0.904185,0.22125,0.240282,0.66528,12.849,1,0.4377,0.36288,0,50.0029,4.62987,45.2982,0.84672,12.849,0.84672,3695.15,0,36.966,0.2669,1.5705,1.87796,5.75901,1.15894,7.78162,0.42336,36.966,0.42336,423.524,0,1.02816,0,0,2.59866,1.5705,1.028160,1,0,53.3201,0,0,0,53.3201,0
69.882,2.41839,0,0,2.2782,0.109429,0.36288,3.6288,61.308,0.442836,0,0,0.874472,0.22125,0.210385,0.66528,12.849,1,0.440798,0.36288,0,47.3653,4.62987,42.6576,0.84672,12.849,0.84672,3695.15,0,36.966,0.267011,1.58713,1.87828,5.77308,1.15894,7.81254,0.42336,36.966,0.42336,423.524,0,1.02816,0,0,2.61529,1.58713,1.028160,1,0,50.6805,0,0,0,50.6805,0
69.1033,2.47191,0,0,2.15665,0.100533,0.36288,3.6288,61.308,0.469519,0,0,0.805015,0.237065,0.0984301,0.66528,12.849,1,0.454503,0.36288,0,43.401,4.8426,38.4667,0.84672,12.849,0.84672,3695.15,0,36.966,0.283099,1.47592,1.8786,5.48722,1.23577,7.32287,0.42336,36.966,0.42336,423.524,0,1.02816,0,0,2.50408,1.47592,1.028160,1,0,45.888,0,0,0,45.888,0
68.2978,2.46801,0,0,2.10423,0.0787794,0.36288,3.6288,61.308,0.469708,0,0,0.822943,0.308441,0.0447938,0.66528,12.849,1,0.458899,0.36288,0,46.2846,5.85228,40.3363,0.84672,12.849,0.84672,3695.15,0,36.966,0.283213,1.32965,1.92424,4.91606,1.49265,6.39409,0.42336,36.966,0.42336,423.524,0,1.02816,0,0,2.35781,1.32965,1.028160,1,0,46.7751,0,0,0,46.7751,0
67.3871,2.46387,0,0,1.99426,0.078286,0.36288,3.6288,61.2659,0.469897,0,0,0.736232,0.308441,0,0.66528,12.849,1,0.463533,0.36288,0,40.8965,5.85228,34.9436,0.84672,12.849,0.84672,3695.15,0,36.966,0.283327,1.55946,1.92457,5.13467,1.49265,6.84272,0.42336,36.966,0.42336,423.524,0,1.02816,0,0,2.58762,1.55946,1.028160,1,0,41.7863,0,0,0,41.7863,0
66.3517,2.45903,0,0,1.86429,0.0777281,0.36288,3.6288,61.1687,0.469965,0,0,0.681178,0.308358,0,0.66528,12.849,1,0.468874,0.36288,0,38.8864,5.85228,32.9281,0.84672,12.849,0.84672,3695.15,0,36.966,0.283563,1.3368,1.92489,4.50548,1.49265,5.99097,0.42336,36.966,0.42336,423.524,0,1.02816,0,0,2.36496,1.3368,1.028160,1,0,38.9191,0,0,0,38.9191,0
64.8216,2.92939,0,0,1.83923,0.0770939,0.36288,3.6288,61.308,0.282048,0,0,0.736975,0.308169,0.00750613,0.66528,12.849,1,0.567275,0.36288,0,36.0829,5.85228,30.0262,0.84672,12.849,0.84672,3695.15,0,36.966,0.170449,1.4962,1.92522,5.09519,1.49265,6.85351,0.42336,36.966,0.42336,423.524,0,1.02816,0,0,2.52436,1.4962,1.028160,1,0,36.8872,0,0,0,36.8872,0
63.5966,2.91865,0,0,2.10994,0.0533988,0.36288,3.6288,61.308,0.282491,0,0,0.724671,0.347265,0.0949156,0.66528,12.849,1,0.578537,0.36288,0,38.2076,6.22844,31.7635,0.84672,12.849,0.84672,3695.15,0,36.966,0.17033,1.35517,1.79923,5.95405,1.58541,7.3527,0.42336,36.966,0.42336,423.524,0,1.02816,0,0,2.38333,1.35517,1.028160,1,0,39.2112,0,0,0,39.2112,0
62.5153,2.90981,0,0,2.24777,0.0563757,0.36288,3.6288,61.308,0.282693,0,0,0.743196,0.339623,0.120879,0.66528,12.849,1,0.587895,0.36288,0,39.0961,6.15825,32.7128,0.84672,12.849,0.84672,3695.15,0,36.966,0.170451,1.53328,1.79958,4.76377,1.59049,6.33569,0.42336,36.966,0.42336,423.524,0,1.02816,0,0,2.56144,1.53328,1.028160,1,0,39.1694,0,0,0,39.1694,0
61.1673,2.90181,0,0,1.97252,0.0558805,0.36288,3.6288,61.308,0.282895,0,0,0.71699,0.339623,0.0944721,0.66528,12.849,1,0.596419,0.36288,0,49.6981,6.15825,43.3064,0.84672,12.849,0.84672,3695.15,0,36.966,0.170573,1.41918,1.79993,4.57457,1.59049,6.03261,0.42336,36.966,0.42336,423.524,0,1.02816,0,0,2.44734,1.41918,1.028160,1,0,49.4334,0,0,0,49.4334,0
59.8723,2.89138,0,0,2.01455,0.0552632,0.36288,3.6288,61.308,0.283097,0,0,0.822455,0.339623,0.199735,0.66528,12.849,1,0.607373,0.36288,0,43.0509,6.15825,36.6481,0.84672,12.849,0.84672,3695.15,0,36.966,0.170695,1.55792,1.80027,4.75062,1.59049,6.34763,0.42336,36.966,0.42336,423.524,0,1.02816,0,0,2.58608,1.55792,1.028160,1,0,43.1955,0,0,0,43.1955,0
59.5249,2.49565,0,0,2.53285,0.0217507,0.36288,3.6288,61.308,0.508871,0,0,0.876856,0.360587,0.00739783,0.66528,12.849,1,0.535584,0.36288,0,41.7745,6.31557,35.2862,0.84672,12.849,0.84672,3695.15,0,36.966,0.306827,2.20937,1.80062,5.95801,1.66421,7.99697,0.42336,36.966,0.42336,423.524,0,1.02816,0,0,3.23753,2.20937,1.028160,1,0,43.2906,0,0,0,43.2906,0
59.3854,2.49351,0,0,2.81669,0.099758,0.36288,3.6288,61.308,0.509067,0,0,0.953338,0.299628,0.144642,0.66528,12.849,1,0.538247,0.36288,0,33.6925,4.33167,29.1855,0.84672,12.849,0.84672,3695.15,0,36.966,0.306945,1.73384,1.99262,5.40043,1.21429,7.60566,0.42336,36.966,0.42336,423.524,0,1.02816,0,0,2.762,1.73384,1.028160,1,0,36.9358,0,0,0,36.9358,0
59.6823,2.49289,0,0,3.26622,0.113515,0.36288,3.6288,61.308,0.509263,0,0,1.23713,0.304659,0.423205,0.66528,12.849,1,0.539377,0.36288,0,35.3881,4.41304,30.7985,0.84672,12.849,0.84672,3695.15,0,36.966,0.307063,2.33125,1.99296,7.44759,1.26089,10.2039,0.42336,36.966,0.42336,423.524,0,1.02816,0,0,3.35941,2.33125,1.028160,1,0,41.4256,0,0,0,41.4256,0
59.8773,2.49552,0,0,3.16723,0.113839,0.36288,3.6288,61.308,0.509458,0,0,1.23148,0.304659,0.417359,0.66528,12.849,1,0.537261,0.36288,0,48.8397,4.41304,44.2522,0.84672,12.849,0.84672,3695.15,0,36.966,0.307181,2.31146,1.9933,7.46721,1.26089,10.2039,0.42336,36.966,0.42336,423.524,0,1.02816,0,0,3.33962,2.31146,1.028160,1,0,54.8735,0,0,0,54.8735,0
60.5213,2.43287,0,0,3.55376,0.114052,0.36288,3.6288,61.308,0.456693,0,0,1.75323,0.304659,0.991876,0.66528,12.849,1,0.522067,0.36288,0,114.559,4.41304,109.987,0.84672,12.849,0.84672,3695.15,0,36.966,0.275366,3.0783,1.99364,10.3354,1.26089,13.8711,0.42336,36.966,0.42336,423.524,0,1.02816,0,0,4.10646,3.0783,1.028160,1,0,124.85,0,0,0,124.85,0
62.5357,2.43787,0,0,4.99492,0.179757,0.36288,3.6288,61.308,0.45688,0,0,1.11551,0.223543,0.435088,0.66528,12.849,1,0.517573,0.36288,0,68.1421,4.34427,63.6432,0.84672,12.849,0.84672,3695.15,0,36.966,0.275478,1.54292,1.9137,6.6738,1.04266,8.81229,0.42336,36.966,0.42336,423.524,0,1.02816,0,0,2.57108,1.54292,1.028160,1,0,72.8905,0,0,0,72.8905,0
67.274,2.45212,0,0,7.73606,0.182774,0.36288,3.6288,61.308,0.457067,0,0,1.63559,0.223543,0.954977,0.66528,12.849,1,0.503828,0.36288,0,111.996,4.34427,107.511,0.84672,12.849,0.84672,3695.15,0,36.966,0.275591,2.32342,1.91403,8.71284,1.04266,11.632,0.42336,36.966,0.42336,423.524,0,1.02816,0,0,3.35158,2.32342,1.028160,1,0,120.098,0,0,0,120.098,0
71.2338,2.48234,0,0,6.99727,0.192229,0.36288,3.6288,61.308,0.457254,0,0,1.88398,0.218172,1.20855,0.66528,12.849,1,0.474114,0.36288,0,98.9721,4.34681,94.514,0.84672,12.849,0.84672,3695.15,0,36.966,0.275704,2.4063,1.91435,9.53294,1.05844,12.5194,0.42336,36.966,0.42336,423.524,0,1.02816,0,0,3.43446,2.4063,1.028160,1,0,108.242,0,0,0,108.242,0
72.29,2.31643,0,0,6.29427,0.237008,2.68465,3.6288,61.308,0.347064,0,0,1.39287,0.19601,0.849798,0.66528,12.849,1,0.417832,2.68465,0,88.9531,4.41759,86.8023,0.84672,12.849,0.84672,3695.15,0,36.966,0.209264,1.93313,1.91468,8.5746,1.10947,11.1037,0.42336,36.966,0.42336,423.524,0,1.02816,0,0,2.96129,1.93313,1.028160,1,0,98.7558,0,0,0,98.7558,0
72.29,2.32201,0,0,7.29924,0.263174,4.71407,3.6288,61.308,0.347232,0,0,2.60797,0.184052,2.07668,0.66528,12.849,1,0.412719,4.71407,0,152.988,4.14826,153.142,0.84672,12.849,0.84672,3695.15,0,36.966,0.209366,3.16562,1.73658,16.2658,1.03252,19.9261,0.42336,36.966,0.42336,423.524,0,1.02816,0,0,4.19378,3.16562,1.028160,1,0,175.144,0,0,0,175.144,0
72.29,2.3224,0,0,9.75007,0.259878,7.16779,3.6288,61.308,0.3474,0,0,2.19553,0.173904,1.67422,0.66528,12.849,1,0.412789,7.16779,0,267.284,4.0109,270.028,0.84672,12.849,0.84672,3695.15,0,36.966,0.209467,2.67965,1.73687,12.2603,1.02505,15.4423,0.42336,36.966,0.42336,423.524,0,1.02816,0,0,3.70781,2.67965,1.028160,1,0,287.144,0,0,0,287.144,0
72.29,2.32279,0,0,8.92426,0.259878,6.34158,3.6288,61.308,0.347568,0,0,2.50891,0.173904,1.98744,0.66528,12.849,1,0.412859,6.34158,0,135.776,4.0109,137.694,0.84672,12.849,0.84672,3695.15,0,36.966,0.209568,3.59268,1.73717,15.5017,1.02505,19.5969,0.42336,36.966,0.42336,423.524,0,1.02816,0,0,4.62084,3.59268,1.028160,1,0,159.278,0,0,0,159.278,0
72.29,2.32319,0,0,11.0986,0.262505,8.5129,3.6288,61.308,0.347737,0,0,4.83506,0.19809,4.28924,0.66528,12.849,1,0.412929,8.5129,0,114.387,3.924,118.563,0.84672,12.849,0.84672,3695.15,0,36.966,0.20967,4.01785,1.73746,17.1329,1.12982,21.5488,0.42336,36.966,0.42336,423.524,0,1.02816,0,0,5.04601,4.01785,1.028160,1,0,144.401,0,0,0,144.401,0
72.29,2.32319,0,0,5.86518,0.285255,3.25673,3.6288,61.308,0.347737,0,0,2.23484,0.220848,1.66626,0.66528,12.849,1,0.412929,3.25673,0,147.492,3.95808,146.377,0.84672,12.849,0.84672,3695.15,0,36.966,0.20967,2.45487,1.73776,10.8797,1.17485,13.6878,0.42336,36.966,0.42336,423.524,0,1.02816,0,0,3.48303,2.45487,1.028160,1,0,161.731,0,0,0,161.731,0
72.29,2.39637,0,0,6.52346,0.249904,3.87719,3.6288,61.308,0.37989,0,0,2.90936,0.212692,2.31677,0.66528,12.849,1,0.425937,3.87719,0,149.439,3.68981,149.201,0.84672,12.849,0.84672,3695.15,0,36.966,0.229057,3.38307,1.73776,14.0938,0.952015,18.0336,0.42336,36.966,0.42336,423.524,0,1.02816,0,0,4.41123,3.38307,1.028160,1,0,169.551,0,0,0,169.551,0
72.29,2.39676,0,0,5.79802,0.249904,3.15135,3.6288,61.308,0.380057,0,0,3.47557,0.212692,2.88282,0.66528,12.849,1,0.426006,3.15135,0,160.729,3.68981,159.765,0.84672,12.849,0.84672,3695.15,0,36.966,0.229157,3.8367,1.79373,17.8345,0.952015,22.2838,0.42336,36.966,0.42336,423.524,0,1.02816,0,0,4.86486,3.8367,1.028160,1,0,184.931,0,0,0,184.931,0
72.29,2.39715,0,0,5.0498,0.249904,2.40275,3.6288,61.308,0.380223,0,0,2.95752,0.212692,2.36461,0.66528,12.849,1,0.426075,2.40275,0,168.782,3.68981,167.068,0.84672,12.849,0.84672,3695.15,0,36.966,0.229258,3.5172,1.79402,15.5968,0.952015,19.7268,0.42336,36.966,0.42336,423.524,0,1.02816,0,0,4.54536,3.5172,1.028160,1,0,189.16,0,0,0,189.16,0
72.29,2.39754,0,0,8.66306,0.249904,6.01561,3.6288,61.308,0.38039,0,0,3.57007,0.212692,2.97698,0.66528,12.849,1,0.426145,6.01561,0,207.575,3.68981,209.475,0.84672,12.849,0.84672,3695.15,0,36.966,0.229358,4.32747,1.79431,20.6421,0.952015,25.5825,0.42336,36.966,0.42336,423.524,0,1.02816,0,0,5.35563,4.32747,1.028160,1,0,238.034,0,0,0,238.034,0
72.29,2.63182,0,0,4.45188,0.238837,1.58122,3.6288,61.308,0.500718,0,0,2.86665,0.225944,2.13999,0.66528,12.849,1,0.467786,1.58122,0,177.26,3.92956,174.444,0.84672,12.849,0.84672,3695.15,0,36.966,0.301911,3.46625,1.79461,14.8305,1.04901,18.7404,0.42336,36.966,0.42336,423.524,0,1.02816,0,0,4.49441,3.46625,1.028160,1,0,195.324,0,0,0,195.324,0
72.29,2.63225,0,0,4.89492,0.238859,2.02381,3.6288,61.308,0.500905,0,0,2.57349,0.22169,1.8509,0.66528,12.849,1,0.467862,2.02381,0,123.354,3.82546,121.085,0.84672,12.849,0.84672,3695.15,0,36.966,0.302023,2.85367,1.99533,10.8804,1.05374,14.3736,0.42336,36.966,0.42336,423.524,0,1.02816,0,0,3.88183,2.85367,1.028160,1,0,137.309,0,0,0,137.309,0
72.253,2.63268,0,0,3.20853,0.250011,0.36288,3.6288,61.308,0.501091,0,0,2.31161,0.195375,1.61514,0.66528,12.849,1,0.467939,0.36288,0,138.966,3.47584,135.385,0.84672,12.849,0.84672,3695.15,0,36.966,0.302135,2.42514,1.99566,9.13162,0.97931,12.271,0.42336,36.966,0.42336,423.524,0,1.02816,0,0,3.4533,2.42514,1.028160,1,0,149.271,0,0,0,149.271,0
72.29,2.6329,0,0,5.39063,0.258303,2.46238,3.6288,61.308,0.501277,0,0,2.75172,0.175639,2.0748,0.66528,12.849,1,0.468219,2.46238,0,182.031,3.21363,180.812,0.84672,12.849,0.84672,3695.15,0,36.966,0.302248,3.18439,1.99598,11.5418,0.923487,15.4965,0.42336,36.966,0.42336,423.524,0,1.02816,0,0,4.21255,3.18439,1.028160,1,0,198.383,0,0,0,198.383,0
72.29,2.29972,0,0,5.54825,0.319084,2.92945,3.6288,61.308,0.340099,0,0,6.73136,0.225197,6.16607,0.66528,12.849,1,0.408758,2.92945,0,296.256,3.97197,294.805,0.84672,12.849,0.84672,3695.15,0,36.966,0.205065,5.36858,1.99631,17.6811,1.07242,23.7685,0.42336,36.966,0.42336,423.524,0,1.02816,0,0,6.39674,5.36858,1.028160,1,0,324.739,0,0,0,324.739,0
72.29,2.30009,0,0,5.67837,0.329202,3.04908,3.6288,61.308,0.340259,0,0,4.34566,0.233457,3.77194,0.66528,12.849,1,0.408824,3.04908,0,236.32,4.09836,234.861,0.84672,12.849,0.84672,3695.15,0,36.966,0.205161,6.10356,1.72312,17.6479,1.09724,24.1722,0.42336,36.966,0.42336,423.524,0,1.02816,0,0,7.13172,6.10356,1.028160,1,0,262.806,0,0,0,262.806,0
72.29,2.30047,0,0,10.138,0.329202,7.50833,3.6288,61.308,0.340419,0,0,10.302,0.233457,9.72811,0.66528,12.849,1,0.408891,7.50833,0,260.413,4.09836,263.414,0.84672,12.849,0.84672,3695.15,0,36.966,0.205257,9.18622,1.7234,25.7222,1.09724,35.3294,0.42336,36.966,0.42336,423.524,0,1.02816,0,0,10.2144,9.18622,1.028160,1,0,308.472,0,0,0,308.472,0
72.29,2.30084,0,0,7.4596,0.330532,4.82823,3.6288,61.308,0.340579,0,0,6.65686,0.176683,6.1396,0.66528,12.849,1,0.408958,4.82823,0,238.982,3.83788,239.563,0.84672,12.849,0.84672,3695.15,0,36.966,0.205354,6.12595,1.72368,21.3347,1.00337,27.9756,0.42336,36.966,0.42336,423.524,0,1.02816,0,0,7.15411,6.12595,1.028160,1,0,273.678,0,0,0,273.678,0
72.29,2.30122,0,0,6.38523,0.339489,3.74452,3.6288,61.308,0.340739,0,0,6.71894,0.167437,6.21076,0.66528,12.849,1,0.409024,3.74452,0,249.53,3.9015,248.964,0.84672,12.849,0.84672,3695.15,0,36.966,0.20545,5.54293,1.72396,20.6893,1.01025,26.7404,0.42336,36.966,0.42336,423.524,0,1.02816,0,0,6.57109,5.54293,1.028160,1,0,281.915,0,0,0,281.915,0
72.29,2.38569,0,0,7.68131,0.350722,4.94489,3.6288,61.308,0.380407,0,0,9.13265,0.185387,8.56686,0.66528,12.849,1,0.424038,4.94489,0,304.392,4.12524,304.787,0.84672,12.849,0.84672,3695.15,0,36.966,0.229368,6.84824,1.72424,27.0759,1.0695,34.3495,0.42336,36.966,0.42336,423.524,0,1.02816,0,0,7.8764,6.84824,1.028160,1,0,347.703,0,0,0,347.703,0
72.29,2.38608,0,0,6.05699,0.350722,3.32019,3.6288,61.308,0.380574,0,0,6.91114,0.185387,6.34518,0.66528,12.849,1,0.424107,3.32019,0,237.367,4.12524,236.138,0.84672,12.849,0.84672,3695.15,0,36.966,0.229469,6.14183,1.79201,18.4526,1.0695,25.0875,0.42336,36.966,0.42336,423.524,0,1.02816,0,0,7.16999,6.14183,1.028160,1,0,267.57,0,0,0,267.57,0
72.29,2.38647,0,0,5.55201,0.350722,2.81482,3.6288,61.308,0.38074,0,0,6.65621,0.185387,6.09009,0.66528,12.849,1,0.424176,2.81482,0,219.94,4.12524,218.205,0.84672,12.849,0.84672,3695.15,0,36.966,0.229569,6.05776,1.7923,16.6937,1.0695,23.2447,0.42336,36.966,0.42336,423.524,0,1.02816,0,0,7.08592,6.05776,1.028160,1,0,247.54,0,0,0,247.54,0
72.29,2.38686,0,0,5.36985,0.277202,2.70579,3.6288,61.308,0.380907,0,0,5.50954,0.181843,4.94679,0.66528,12.849,1,0.424246,2.70579,0,201.98,4.24124,200.02,0.84672,12.849,0.84672,3695.15,0,36.966,0.22967,5.97484,1.7926,15.0099,0.929697,21.618,0.42336,36.966,0.42336,423.524,0,1.02816,0,0,7.003,5.97484,1.028160,1,0,226.585,0,0,0,226.585,0
72.29,2.35434,0,0,4.61249,0.266416,1.99173,3.6288,61.308,0.365719,0,0,3.13366,0.21071,2.55723,0.66528,12.849,1,0.418467,1.99173,0,149.941,4.00228,147.512,0.84672,12.849,0.84672,3695.15,0,36.966,0.220512,4.45969,1.79289,12.0614,0.987011,17.1064,0.42336,36.966,0.42336,423.524,0,1.02816,0,0,5.48785,4.45969,1.028160,1,0,167.176,0,0,0,167.176,0
72.29,2.35473,0,0,4.34861,0.266416,1.72746,3.6288,61.308,0.365883,0,0,2.96111,0.21071,2.38452,0.66528,12.849,1,0.418535,1.72746,0,138.976,4.00228,136.283,0.84672,12.849,0.84672,3695.15,0,36.966,0.220611,4.22163,1.7669,11.447,0.987011,16.228,0.42336,36.966,0.42336,423.524,0,1.02816,0,0,5.24979,4.22163,1.028160,1,0,154.895,0,0,0,154.895,0
72.29,2.35511,0,0,4.32721,0.263493,1.7086,3.6288,61.308,0.366047,0,0,3.39025,0.227387,2.79682,0.66528,12.849,1,0.418603,1.7086,0,138.738,4.12145,135.906,0.84672,12.849,0.84672,3695.15,0,36.966,0.22071,4.40967,1.76719,11.9842,1.10903,16.8313,0.42336,36.966,0.42336,423.524,0,1.02816,0,0,5.43783,4.40967,1.028160,1,0,155.534,0,0,0,155.534,0
72.29,2.35549,0,0,3.97779,0.216354,1.40594,3.6288,61.308,0.366211,0,0,2.92369,0.227809,2.32967,0.66528,12.849,1,0.418671,1.40594,0,122.767,4.31199,119.442,0.84672,12.849,0.84672,3695.15,0,36.966,0.220809,4.03411,1.76748,11.3107,1.16452,15.727,0.42336,36.966,0.42336,423.524,0,1.02816,0,0,5.06227,4.03411,1.028160,1,0,137.499,0,0,0,137.499,0
72.29,2.46763,0,0,3.72675,0.168611,1.09051,3.6288,61.308,0.420862,0,0,2.30919,0.233966,1.65436,0.66528,12.849,1,0.438603,1.09051,0,111.463,4.66791,107.447,0.84672,12.849,0.84672,3695.15,0,36.966,0.253761,3.08668,1.76777,11.3224,1.15813,14.7649,0.42336,36.966,0.42336,423.524,0,1.02816,0,0,4.11484,3.08668,1.028160,1,0,123.866,0,0,0,123.866,0
72.29,2.46804,0,0,3.5191,0.156705,0.894357,3.6288,61.308,0.421035,0,0,2.0226,0.238363,1.3632,0.66528,12.849,1,0.438675,0.894357,0,107.844,4.79409,103.505,0.84672,12.849,0.84672,3695.15,0,36.966,0.253865,2.77589,1.8602,9.33578,1.16133,12.5567,0.42336,36.966,0.42336,423.524,0,1.02816,0,0,3.80405,2.77589,1.028160,1,0,117.425,0,0,0,117.425,0
72.29,2.46844,0,0,3.3801,0.148962,0.762697,3.6288,61.308,0.421208,0,0,1.93984,0.249962,1.26867,0.66528,12.849,1,0.438746,0.762697,0,101.516,4.84923,96.9904,0.84672,12.849,0.84672,3695.15,0,36.966,0.25397,2.95848,1.8605,8.29863,1.18873,11.6749,0.42336,36.966,0.42336,423.524,0,1.02816,0,0,3.98664,2.95848,1.028160,1,0,109.934,0,0,0,109.934,0
72.29,2.46884,0,0,3.3154,0.129605,0.716956,3.6288,61.308,0.421381,0,0,1.87563,0.278961,1.17529,0.66528,12.849,1,0.438818,0.716956,0,94.7004,4.98708,89.9915,0.84672,12.849,0.84672,3695.15,0,36.966,0.254074,2.80048,1.86081,8.01377,1.25722,11.1638,0.42336,36.966,0.42336,423.524,0,1.02816,0,0,3.82864,2.80048,1.028160,1,0,102.331,0,0,0,102.331,0
72.2754,2.46924,0,0,2.93352,0.11601,0.36288,3.6288,61.308,0.421555,0,0,1.54052,0.297956,0.82101,0.66528,12.849,1,0.438889,0.36288,0,82.1707,5.18234,76.9124,0.84672,12.849,0.84672,3695.15,0,36.966,0.254179,2.10364,1.86111,6.81652,1.33279,9.1943,0.42336,36.966,0.42336,423.524,0,1.02816,0,0,3.1318,2.10364,1.028160,1,0,86.9277,0,0,0,86.9277,0
71.7723,2.44745,0,0,2.40509,0.0978718,0.36288,3.6288,61.308,0.451699,0,0,1.04818,0.323282,0.273198,0.66528,12.849,1,0.435104,0.36288,0,63.6431,5.44267,58.1282,0.84672,12.849,0.84672,3695.15,0,36.966,0.272354,0.878826,1.86141,4.72718,1.43355,5.76151,0.42336,36.966,0.42336,423.524,0,1.02816,0,0,1.90699,0.878826,1.028160,1,0,64.1629,0,0,0,64.1629,0
71.0446,2.44526,0,0,2.17795,0.0974981,0.36288,3.6288,61.308,0.451877,0,0,1.01364,0.323282,0.238486,0.66528,12.849,1,0.437762,0.36288,0,57.5339,5.44267,52.0164,0.84672,12.849,0.84672,3695.15,0,36.966,0.272462,0.795632,1.89395,4.6404,1.43355,5.62397,0.42336,36.966,0.42336,423.524,0,1.02816,0,0,1.82379,0.795632,1.028160,1,0,57.8788,0,0,0,57.8788,0
70.2446,2.44186,0,0,2.10174,0.0969577,0.36288,3.6288,61.308,0.452055,0,0,0.943937,0.323282,0.1686,0.66528,12.849,1,0.441631,0.36288,0,52.6348,5.44267,47.1134,0.84672,12.849,0.84672,3695.15,0,36.966,0.272569,0.580401,1.89426,4.49414,1.43355,5.26268,0.42336,36.966,0.42336,423.524,0,1.02816,0,0,1.60856,0.580401,1.028160,1,0,52.5446,0,0,0,52.5446,0
69.3749,2.43801,0,0,2.02241,0.0912523,0.36288,3.6288,61.308,0.452233,0,0,0.902897,0.327724,0.122939,0.66528,12.849,1,0.445956,0.36288,0,47.1547,5.48064,41.591,0.84672,12.849,0.84672,3695.15,0,36.966,0.272677,0.494519,1.89457,4.47151,1.45604,5.13188,0.42336,36.966,0.42336,423.524,0,1.02816,0,0,1.52268,0.494519,1.028160,1,0,46.8458,0,0,0,46.8458,0
68.356,2.49049,0,0,1.9055,0.0710642,0.36288,3.6288,61.308,0.47914,0,0,0.856164,0.31677,0.0602537,0.66528,12.849,1,0.461266,0.36288,0,39.3367,5.5883,33.65,0.84672,12.849,0.84672,3695.15,0,36.966,0.2889,0.485145,1.89488,3.79925,1.41373,4.47664,0.42336,36.966,0.42336,423.524,0,1.02816,0,0,1.5133,0.485145,1.028160,1,0,38.1869,0,0,0,38.1869,0
67.4596,2.4851,0,0,2.01205,0.0604292,0.36288,3.6288,61.308,0.479322,0,0,0.933777,0.325655,0.128799,0.66528,12.849,1,0.46713,0.36288,0,53.9813,5.66423,48.2128,0.84672,12.849,0.84672,3695.15,0,36.966,0.28901,0.812402,1.9409,4.32684,1.45871,5.33243,0.42336,36.966,0.42336,423.524,0,1.02816,0,0,1.84056,0.812402,1.028160,1,0,53.674,0,0,0,53.674,0
66.433,2.48029,0,0,1.87654,0.0600055,0.36288,3.6288,61.308,0.479505,0,0,0.827055,0.325655,0.0218955,0.66528,12.849,1,0.47242,0.36288,0,42.7042,5.66423,36.9305,0.84672,12.849,0.84672,3695.15,0,36.966,0.28912,0.788702,1.94122,3.9494,1.45871,4.93149,0.42336,36.966,0.42336,423.524,0,1.02816,0,0,1.81686,0.788702,1.028160,1,0,41.8839,0,0,0,41.8839,0
65.2429,2.47458,0,0,1.70689,0.0595203,0.36288,3.6288,61.2795,0.479688,0,0,0.776892,0.325655,0,0.66528,12.849,1,0.478616,0.36288,0,39.268,5.66423,33.4881,0.84672,12.849,0.84672,3695.15,0,36.966,0.28923,0.50436,1.94153,3.61454,1.45871,4.3125,0.42336,36.966,0.42336,423.524,0,1.02816,0,0,1.53252,0.50436,1.028160,1,0,37.8006,0,0,0,37.8006,0
63.5278,2.94349,0,0,1.65823,0.0668881,0.36288,3.6288,61.308,0.29249,0,0,0.76872,0.307844,0.139934,0.66528,12.849,1,0.579694,0.36288,0,34.2516,5.67339,28.3614,0.84672,12.849,0.84672,3695.15,0,36.966,0.17644,0.593464,1.94185,4.12877,1.43658,5.05106,0.42336,36.966,0.42336,423.524,0,1.02816,0,0,1.62162,0.593464,1.028160,1,0,33.5524,0,0,0,33.5524,0
61.7232,2.9309,0,0,1.553,0.063828,0.36288,3.6288,61.308,0.292737,0,0,0.66374,0.299116,0.0718872,0.66528,12.849,1,0.592796,0.36288,0,32.5608,5.81112,26.5198,0.84672,12.849,0.84672,3695.15,0,36.966,0.176507,0.251614,1.8169,3.22454,1.44613,3.67042,0.42336,36.966,0.42336,423.524,0,1.02816,0,0,1.27977,0.251614,1.028160,1,0,30.2621,0,0,0,30.2621,0
60.0098,2.56655,0,0,1.27888,0.0628918,0.36288,3.6288,60.9661,0.620528,0,0,0.577705,0.299116,0,0.66528,12.849,1,0.534283,0.36288,0,40.4222,5.81112,34.4397,0.84672,12.849,0.84672,3695.15,0,36.966,0.374151,0.204422,1.81723,2.87678,1.44613,3.07816,0.42336,36.966,0.42336,423.524,0,0.926398,0,0,1.13082,0.204422,1.028160,1,0,37.5179,0,0,0,37.5179,0
58.4453,2.55441,0,0,1.41475,0.0619806,0.36288,3.6288,60.9051,0.556066,0,0,0.793573,0.298469,0,0.66528,12.849,1,0.546937,0.36288,0,34.6565,5.81112,28.6613,0.84672,12.849,0.84672,3695.15,0,36.966,0.337164,0.452166,2.06532,3.4378,1.44613,4.172,0.42336,36.966,0.42336,423.524,0,1.02816,0,0,1.48033,0.452166,1.028160,1,0,32.8333,0,0,0,32.8333,0
56.8487,2.54282,0,0,1.40083,0.0917449,0.36288,3.6288,60.8439,0.556051,0,0,0.758561,0.263748,0,0.66528,12.849,1,0.55903,0.36288,0,39.5404,5.58018,33.7641,0.84672,12.849,0.84672,3695.15,0,36.966,0.337492,0.755343,2.06566,4.8712,1.37034,5.98437,0.42336,36.966,0.42336,423.524,0,1.02816,0,0,1.7835,0.755343,1.028160,1,0,39.7485,0,0,0,39.7485,0
55.272,2.49367,0,0,1.44576,0.165862,0.36288,3.6288,61.0542,0.517274,0,0,0.904772,0.177164,0,0.66528,12.849,1,0.563622,0.36288,0,56.0805,5.00283,50.8769,0.84672,12.849,0.84672,3695.15,0,36.966,0.314273,1.25387,2.06599,6.66766,1.18084,8.49241,0.42336,36.966,0.42336,423.524,0,1.02816,0,0,2.28203,1.25387,1.028160,1,0,59.3694,0,0,0,59.3694,0
54.2541,2.48103,0,0,1.98926,0.163284,0.36288,3.6288,61.308,0.518137,0,0,1.13512,0.1774,0.185782,0.66528,12.849,1,0.576761,0.36288,0,48.8918,5.00283,43.6751,0.84672,12.849,0.84672,3695.15,0,36.966,0.313712,1.57372,2.00975,7.06934,1.18084,9.15825,0.42336,36.966,0.42336,423.524,0,1.02816,0,0,2.60188,1.57372,1.028160,1,0,53.0191,0,0,0,53.0191,0
53.4771,2.47268,0,0,2.2202,0.161619,0.36288,3.6288,61.308,0.519137,0,0,1.86142,0.177685,1.1646,0.66528,12.849,1,0.585606,0.36288,0,89.8391,5.00283,84.6135,0.84672,12.849,0.84672,3695.15,0,36.966,0.313016,2.21262,2.01007,9.78808,1.18084,12.5169,0.42336,36.966,0.42336,423.524,0,1.02816,0,0,3.24078,2.21262,1.028160,1,0,98.295,0,0,0,98.295,0
52.5399,2.46622,0,0,2.06326,0.171336,0.36288,3.6288,61.308,0.519326,0,0,1.98657,0.137446,1.3298,0.66528,12.849,1,0.592562,0.36288,0,123.556,4.23958,119.087,0.84672,12.849,0.84672,3695.15,0,36.966,0.31313,2.37511,2.0104,9.18251,1.0387,12.2162,0.42336,36.966,0.42336,423.524,0,1.02816,0,0,3.40327,2.37511,1.028160,1,0,132.633,0,0,0,132.633,0
50.7245,2.39463,0,0,1.09553,0.153434,0.36288,3.6288,61.308,0.466101,0,0,0.870769,0.178834,0.225834,0.66528,12.849,1,0.585624,0.36288,0,30.9334,3.76076,26.9499,0.84672,12.849,0.84672,3695.15,0,36.966,0.281038,0.499392,2.01073,5.244,0.82831,6.64477,0.42336,36.966,0.42336,423.524,0,1.02816,0,0,1.52755,0.499392,1.028160,1,0,33.8205,0,0,0,33.8205,0
49.0052,2.3783,0,0,1.27856,0.256688,0.36288,3.6288,61.2528,0.517201,0,0,0.642336,0.180374,0,0.66528,12.849,1,0.602445,0.36288,0,35.8716,3.98685,31.6451,0.84672,12.849,0.84672,3695.15,0,36.966,0.311849,0.216518,1.9301,4.82626,0.998449,5.66258,0.42336,36.966,0.42336,423.524,0,0.946538,0,0,1.16306,0.216518,1.028160,1,0,37.3077,0,0,0,37.3077,0
47.0855,2.36194,0,0,1.05711,0.252044,0.36288,3.6288,61.1232,0.502695,0,0,0.553472,0.180311,0,0.66528,12.849,1,0.619292,0.36288,0,28.7685,3.98685,24.5253,0.84672,12.849,0.84672,3695.15,0,36.966,0.303376,0.292723,1.93041,4.68139,0.998449,5.6027,0.42336,36.966,0.42336,423.524,0,0.969805,0,0,1.26253,0.292723,1.028160,1,0,30.128,0,0,0,30.128,0
46.8212,2.34248,0,0,2.68794,0.246821,0.36288,3.6288,61.308,0.466112,0,0,1.77196,0.180163,0.940913,0.66528,12.849,1,0.639232,0.36288,0,80.261,3.98685,75.9978,0.84672,12.849,0.84672,3695.15,0,36.966,0.281894,2.81356,1.93072,10.9407,0.998449,14.4046,0.42336,36.966,0.42336,423.524,0,1.02816,0,0,3.84172,2.81356,1.028160,1,0,91.3433,0,0,0,91.3433,0
48.2469,2.1638,0,0,4.18367,0.23129,0.36288,3.6288,61.308,0.355504,0,0,2.05879,0.173408,1.52988,0.66528,12.849,1,0.593805,0.36288,0,126.432,3.97185,122.229,0.84672,12.849,0.84672,3695.15,0,36.966,0.214353,1.82334,1.93104,11.7313,0.924795,14.3465,0.42336,36.966,0.42336,423.524,0,1.02816,0,0,2.8515,1.82334,1.028160,1,0,138.105,0,0,0,138.105,0
49.2877,2.0862,0,0,3.71354,0.22365,0.36288,3.6288,61.308,0.428197,0,0,1.13453,0.168183,0.538147,0.66528,12.849,1,0.555592,0.36288,0,142.041,3.9606,137.887,0.84672,12.849,0.84672,3695.15,0,36.966,0.258184,1.26995,1.7514,8.73996,0.869554,10.6336,0.42336,36.966,0.42336,423.524,0,1.02816,0,0,2.29811,1.26995,1.028160,1,0,149.059,0,0,0,149.059,0
50.5533,2.09607,0,0,3.95067,0.226183,0.36288,3.6288,61.308,0.428197,0,0,1.33459,0.168183,0.738215,0.66528,12.849,1,0.546432,0.36288,0,151.749,3.9606,147.605,0.84672,12.849,0.84672,3695.15,0,36.966,0.258184,1.61933,1.81973,10.7762,0.869554,13.0876,0.42336,36.966,0.42336,423.524,0,1.02816,0,0,2.64749,1.61933,1.028160,1,0,161.431,0,0,0,161.431,0
51.3499,2.10754,0,0,3.49593,0.228858,0.36288,3.6288,61.308,0.428197,0,0,0.991621,0.219244,0.34418,0.66528,12.849,1,0.535669,0.36288,0,114.835,4.6746,109.988,0.84672,12.849,0.84672,3695.15,0,36.966,0.258184,1.03267,1.81986,8.20031,1.18708,9.60758,0.42336,36.966,0.42336,423.524,0,1.02816,0,0,2.06083,1.03267,1.028160,1,0,119.939,0,0,0,119.939,0
53.3358,2.11476,0,0,4.6764,0.212925,0.36288,3.6288,61.308,0.428197,0,0,1.48775,0.237116,0.822434,0.66528,12.849,1,0.529164,0.36288,0,144.402,4.67878,139.557,0.84672,12.849,0.84672,3695.15,0,36.966,0.258184,1.65859,1.81999,10.7895,1.34407,12.6658,0.42336,36.966,0.42336,423.524,0,1.02816,0,0,2.68675,1.65859,1.028160,1,0,153.045,0,0,0,153.045,0
56.1165,2.20087,0,0,5.5845,0.239993,0.36288,3.6288,61.308,0.460455,0,0,1.37978,0.193453,0.725875,0.66528,12.849,1,0.530208,0.36288,0,88.6283,4.29124,84.1697,0.84672,12.849,0.84672,3695.15,0,36.966,0.277634,0.965511,1.82012,6.94924,0.830483,8.62676,0.42336,36.966,0.42336,423.524,0,1.02816,0,0,1.99367,0.965511,1.028160,1,0,93.5223,0,0,0,93.5223,0
58.2755,2.31637,0,0,5.08509,0.24681,0.36288,3.6288,61.308,0.388735,0,0,1.27949,0.193453,0.697301,0.66528,12.849,1,0.530379,0.36288,0,80.1516,4.29124,75.6928,0.84672,12.849,0.84672,3695.15,0,36.966,0.23439,0.821526,1.87641,6.61487,0.830483,8.24793,0.42336,36.966,0.42336,423.524,0,1.02816,0,0,1.84969,0.821526,1.028160,1,0,84.638,0,0,0,84.638,0
60.4846,2.33283,0,0,5.18849,0.283681,0.36288,3.6288,61.308,0.388895,0,0,1.3009,0.196976,0.715027,0.66528,12.849,1,0.514359,0.36288,0,80.9482,4.49339,76.3033,0.84672,12.849,0.84672,3695.15,0,36.966,0.234487,0.851878,1.80926,6.90483,0.943585,8.3879,0.42336,36.966,0.42336,423.524,0,1.02816,0,0,1.88004,0.851878,1.028160,1,0,85.4062,0,0,0,85.4062,0
62.8273,2.34869,0,0,5.39431,0.340098,0.36288,3.6288,61.308,0.389056,0,0,1.26363,0.216989,0.65759,0.66528,12.849,1,0.498942,0.36288,0,84.3679,5.1718,79.06,0.84672,12.849,0.84672,3695.15,0,36.966,0.234584,0.957347,1.80955,6.99849,1.35027,8.18052,0.42336,36.966,0.42336,423.524,0,1.02816,0,0,1.98551,0.957347,1.028160,1,0,87.8981,0,0,0,87.8981,0
62.8891,2.59514,0,0,3.35891,0.339104,0.36288,3.6288,61.308,0.61435,0,0,0.969477,0.206721,0.148406,0.66528,12.849,1,0.530739,0.36288,0,54.3046,4.24787,49.8888,0.84672,12.849,0.84672,3695.15,0,36.966,0.370426,0.503194,1.80983,4.64769,1.18506,5.40523,0.42336,36.966,0.42336,423.524,0,0.861529,0,0,1.36472,0.503194,1.028160,1,0,55.4425,0,0,0,55.4425,0
62.2739,2.59597,0,0,2.67567,0.331948,0.36288,3.6288,61.0127,0.84761,0,0,0.733018,0.1807,0,0.66528,12.849,1,0.530389,0.36288,0,45.0034,3.97121,40.8647,0.84672,12.849,0.84672,3695.15,0,36.966,0.42336,0.503194,2.01224,3.69921,1.11332,4.67796,0.42336,36.966,0.42336,423.524,0,0.575623,0,0,1.07882,0.503194,1.028160,1,0,45.5427,0,0,0,45.5427,0
62.2399,2.59203,0,0,3.25117,0.330279,0.36288,3.6288,61.2544,0.521902,0,0,0.94398,0.180363,0,0.66528,12.849,1,0.534815,0.36288,0,56.9148,3.97121,52.7717,0.84672,12.849,0.84672,3695.15,0,36.966,0.316207,0.608429,2.01256,5.14937,1.11332,6.34083,0.42336,36.966,0.42336,423.524,0,1.00877,0,0,1.6172,0.608429,1.028160,1,0,59.1125,0,0,0,59.1125,0
63.0217,2.5922,0,0,4.06705,0.330187,0.36288,3.6288,61.308,0.630587,0,0,0.97314,0.180639,0.108337,0.66528,12.849,1,0.535141,0.36288,0,73.4132,3.97121,69.2697,0.84672,12.849,0.84672,3695.15,0,36.966,0.380549,0.608429,2.01287,4.73466,1.11332,5.86209,0.42336,36.966,0.42336,423.524,0,0.836032,0,0,1.44446,0.608429,1.028160,1,0,75.2402,0,0,0,75.2402,0
64.3673,2.26879,0,0,4.27543,0.298112,0.36288,3.6288,61.308,0.348389,0,0,0.91025,0.164453,0.397408,0.66528,12.849,1,0.462565,0.36288,0,105.243,3.6076,101.536,0.84672,12.849,0.84672,3695.15,0,36.966,0.210063,0.619808,2.01319,4.16834,1.01772,5.57355,0.42336,36.966,0.42336,423.524,0,1.02816,0,0,1.64797,0.619808,1.028160,1,0,107.507,0,0,0,107.507,0
67.1455,2.2772,0,0,5.70581,0.287558,0.36288,3.6288,61.308,0.348544,0,0,1.24585,0.157953,0.739356,0.66528,12.849,1,0.454575,0.36288,0,114.618,3.46216,111.064,0.84672,12.849,0.84672,3695.15,0,36.966,0.210156,1.43109,1.73767,8.83742,0.979484,10.8165,0.42336,36.966,0.42336,423.524,0,1.02816,0,0,2.45925,1.43109,1.028160,1,0,122.62,0,0,0,122.62,0
68.3708,2.29335,0,0,4.17551,0.294008,0.36288,3.6288,61.308,0.348698,0,0,1.10165,0.157953,0.595,0.66528,12.849,1,0.438857,0.36288,0,101.488,3.46216,97.9499,0.84672,12.849,0.84672,3695.15,0,36.966,0.210249,1.43744,1.73794,5.25658,0.979484,7.24222,0.42336,36.966,0.42336,423.524,0,1.02816,0,0,2.4656,1.43744,1.028160,1,0,105.787,0,0,0,105.787,0
72.29,2.30033,0,0,8.64355,0.263878,2.16014,3.6288,61.308,0.348852,0,0,1.82109,0.139905,1.33233,0.66528,12.849,1,0.432303,2.16014,0,151.921,3.20058,150.449,0.84672,12.849,0.84672,3695.15,0,36.966,0.210343,3.10173,1.73821,13.7154,0.941908,17.4031,0.42336,36.966,0.42336,423.524,0,1.02816,0,0,4.12989,3.10173,1.028160,1,0,169.184,0,0,0,169.184,0
72.29,2.32059,0,0,5.03623,0.343111,2.37253,3.6288,61.308,0.349007,0,0,1.57165,0.209511,1.01313,0.66528,12.849,1,0.412467,2.37253,0,142.443,3.8353,140.568,0.84672,12.849,0.84672,3695.15,0,36.966,0.210436,2.00756,1.73849,7.55309,1.05769,10.031,0.42336,36.966,0.42336,423.524,0,1.02816,0,0,3.03572,2.00756,1.028160,1,0,151.612,0,0,0,151.612,0
72.29,2.40576,0,0,3.59213,0.286275,0.900101,3.6288,61.308,0.389002,0,0,0.803347,0.185772,0.228573,0.66528,12.849,1,0.427605,0.900101,0,101.324,3.36745,98.4289,0.84672,12.849,0.84672,3695.15,0,36.966,0.234551,1.25982,1.73876,4.71238,0.926693,6.54971,0.42336,36.966,0.42336,423.524,0,1.02816,0,0,2.28798,1.25982,1.028160,1,0,105.207,0,0,0,105.207,0
72.29,2.40613,0,0,3.32381,0.286275,0.631402,3.6288,61.308,0.389162,0,0,0.878679,0.185772,0.303745,0.66528,12.849,1,0.427672,0.631402,0,81.6402,3.36745,78.4765,0.84672,12.849,0.84672,3695.15,0,36.966,0.234648,1.19502,1.80708,5.72801,0.926693,7.56878,0.42336,36.966,0.42336,423.524,0,1.02816,0,0,2.22318,1.19502,1.028160,1,0,86.349,0,0,0,86.349,0
72.29,2.40651,0,0,3.10107,0.280327,0.414235,3.6288,61.308,0.389323,0,0,1.11309,0.181223,0.542545,0.66528,12.849,1,0.427738,0.414235,0,76.9262,3.15052,73.7622,0.84672,12.849,0.84672,3695.15,0,36.966,0.234745,1.72943,1.80737,5.3771,0.882995,7.79616,0.42336,36.966,0.42336,423.524,0,1.02816,0,0,2.75759,1.72943,1.028160,1,0,82.1009,0,0,0,82.1009,0
71.8407,2.40688,0,0,2.58035,0.25986,0.36288,3.6288,61.308,0.389484,0,0,0.676026,0.193249,0.0932923,0.66528,12.849,1,0.427805,0.36288,0,65.7927,3.3663,62.3615,0.84672,12.849,0.84672,3695.15,0,36.966,0.234841,0.662878,1.80765,3.62515,0.922183,4.93866,0.42336,36.966,0.42336,423.524,0,1.02816,0,0,1.69104,0.662878,1.028160,1,0,67.3935,0,0,0,67.3935,0
71.1447,2.37184,0,0,2.29733,0.258628,0.36288,3.6288,61.2459,0.498176,0,0,0.616444,0.18036,0,0.66528,12.849,1,0.424213,0.36288,0,49.1688,3.72458,45.3829,0.84672,12.849,0.84672,3695.15,0,36.966,0.300378,0.528595,1.80793,3.68435,0.985885,4.73461,0.42336,36.966,0.42336,423.524,0,0.829371,0,0,1.35797,0.528595,1.028160,1,0,50.1175,0,0,0,50.1175,0
70.2642,2.36869,0,0,2.06637,0.215353,0.36288,3.6288,60.9851,0.558651,0,0,0.511284,0.213411,0,0.66528,12.849,1,0.427795,0.36288,0,44.1082,4.05065,39.9926,0.84672,12.849,0.84672,3695.15,0,36.966,0.337183,0.528595,1.78171,3.37465,1.00937,4.33841,0.42336,36.966,0.42336,423.524,0,0.732344,0,0,1.26094,0.528595,1.028160,1,0,44.331,0,0,0,44.331,0
69.3556,2.36453,0,0,1.99131,0.172415,0.36288,3.6288,60.8406,0.446694,0,0,0.534837,0.232638,0,0.66528,12.849,1,0.432395,0.36288,0,42.2429,4.22362,37.9497,0.84672,12.849,0.84672,3695.15,0,36.966,0.270763,0.402797,1.78199,3.58339,1.0197,4.47772,0.42336,36.966,0.42336,423.524,0,0.910976,0,0,1.31377,0.402797,1.028160,1,0,42.4274,0,0,0,42.4274,0
68.3061,2.36012,0,0,1.84463,0.171207,0.36288,3.6288,60.6078,0.496817,0,0,0.496422,0.232425,0,0.66528,12.849,1,0.437242,0.36288,0,38.5453,4.22362,34.2473,0.84672,12.849,0.84672,3695.15,0,36.966,0.301859,0.402797,1.78227,3.51689,1.0197,4.3804,0.42336,36.966,0.42336,423.524,0,0.83001,0,0,1.23281,0.402797,1.028160,1,0,38.6277,0,0,0,38.6277,0
67.2006,2.46654,0,0,1.89528,0.171366,0.36288,3.6288,60.3795,0.619035,0,0,0.614844,0.224151,0,0.66528,12.849,1,0.463979,0.36288,0,38.3333,4.4218,33.8104,0.84672,12.849,0.84672,3695.15,0,36.966,0.377563,0.402797,1.78255,3.10173,1.06828,3.84124,0.42336,36.966,0.42336,423.524,0,0.720412,0,0,1.12321,0.402797,1.028160,1,0,37.6516,0,0,0,37.6516,0
65.8643,2.46052,0,0,1.64244,0.155282,0.36288,3.6288,59.9388,0.673642,0,0,0.437041,0.204081,0,0.66528,12.849,1,0.47046,0.36288,0,32.9562,4.1637,28.685,0.84672,12.849,0.84672,3695.15,0,36.966,0.412423,0.402797,1.87574,2.7228,1.10761,3.4813,0.42336,36.966,0.42336,423.524,0,0.631213,0,0,1.03401,0.402797,1.028160,1,0,32.1663,0,0,0,32.1663,0
64.4053,2.45291,0,0,1.47379,0.117,0.36288,3.6288,59.5518,0.606253,0,0,0.42467,0.205435,0,0.66528,12.849,1,0.478521,0.36288,0,28.8285,4.22856,24.4843,0.84672,12.849,0.84672,3695.15,0,36.966,0.373894,0.30119,1.87603,2.54488,1.06665,3.28156,0.42336,36.966,0.42336,423.524,0,0.737398,0,0,1.03859,0.30119,1.028160,1,0,27.7658,0,0,0,27.7658,0
62.9379,2.44426,0,0,1.45532,0.115639,0.36288,3.6288,59.1897,0.618364,0,0,0.461264,0.204928,0,0.66528,12.849,1,0.487634,0.36288,0,27.8786,4.22856,23.5253,0.84672,12.849,0.84672,3695.15,0,36.966,0.383841,0.30119,1.87633,2.79016,1.06665,3.51719,0.42336,36.966,0.42336,423.524,0,0.715608,0,0,1.0168,0.30119,1.028160,1,0,27.0425,0,0,0,27.0425,0
61.5984,2.43519,0,0,1.57126,0.112634,0.36288,3.6288,58.7723,0.644665,0,0,0.438777,0.211583,0,0.66528,12.849,1,0.497154,0.36288,0,28.0334,4.3566,23.5426,0.84672,12.849,0.84672,3695.15,0,36.966,0.402615,0.30119,1.87662,2.32988,1.09298,3.0121,0.42336,36.966,0.42336,423.524,0,0.670801,0,0,0.971991,0.30119,1.028160,1,0,26.5547,0,0,0,26.5547,0
60.6358,2.40489,0,0,1.9125,0.107359,0.36288,3.6288,58.2765,0.721299,0,0,0.45434,0.228792,0,0.66528,12.849,1,0.501644,0.36288,0,31.9023,4.6767,27.0869,0.84672,12.849,0.84672,3695.15,0,36.966,0.42336,0.30119,1.87691,2.20818,1.15881,2.80411,0.42336,36.966,0.42336,423.524,0,0.622132,0,0,0.923322,0.30119,1.028160,1,0,29.891,0,0,0,29.891,0
59.5092,2.3987,0,0,1.74145,0.106505,0.36288,3.6288,57.8179,0.680345,0,0,0.449747,0.228063,0,0.66528,12.849,1,0.508295,0.36288,0,31.6558,4.6767,26.8336,0.84672,12.849,0.84672,3695.15,0,36.966,0.42336,0.261274,1.90971,2.12525,1.15881,2.71406,0.42336,36.966,0.42336,423.524,0,0.663362,0,0,0.924636,0.261274,1.028160,1,0,29.5477,0,0,0,29.5477,0
58.2253,2.39115,0,0,1.57562,0.105405,0.36288,3.6288,57.2125,0.795316,0,0,0.417382,0.227389,0,0.66528,12.849,1,0.516289,0.36288,0,28.4272,4.6767,23.5971,0.84672,12.849,0.84672,3695.15,0,36.966,0.42336,0.261274,1.91001,2.03831,1.15881,2.62742,0.42336,36.966,0.42336,423.524,0,0.548666,0,0,0.80994,0.261274,1.028160,1,0,26.2246,0,0,0,26.2246,0
56.9027,2.3822,0,0,1.50113,0.0786568,0.36288,3.6288,56.5252,0.791626,0,0,0.394918,0.29061,0,0.66528,12.849,1,0.525697,0.36288,0,25.7529,5.5236,20.0665,0.84672,12.849,0.84672,3695.15,0,36.966,0.42336,0.261274,1.9103,1.93117,1.46794,2.21144,0.42336,36.966,0.42336,423.524,0,0.552632,0,0,0.813905,0.261274,1.028160,1,0,22.2779,0,0,0,22.2779,0
55.904,2.42797,0,0,1.85489,0.0627229,0.36288,3.6288,55.9661,0.746507,0,0,0.479377,0.29196,0,0.66528,12.849,1,0.548252,0.36288,0,27.3683,5.46738,21.7156,0.84672,12.849,0.84672,3695.15,0,36.966,0.42336,0.261274,1.9106,2.0518,1.45554,2.34478,0.42336,36.966,0.42336,423.524,0,0.641226,0,0,0.9025,0.261274,1.028160,1,0,24.0603,0,0,0,24.0603,0
54.831,2.42039,0,0,1.77054,0.060334,0.36288,3.6288,55.3994,0.743402,0,0,0.466246,0.289569,0,0.66528,12.849,1,0.556303,0.36288,0,26.5985,5.43449,20.9706,0.84672,12.849,0.84672,3695.15,0,36.966,0.42336,0.261274,1.957,2.11657,1.44488,2.46659,0.42336,36.966,0.42336,423.524,0,0.644613,0,0,0.905887,0.261274,1.028160,1,0,23.4372,0,0,0,23.4372,0
53.5996,2.41194,0,0,1.60312,0.0596896,0.36288,3.6288,54.7542,0.80216,0,0,0.445477,0.288495,0,0.66528,12.849,1,0.565211,0.36288,0,25.0507,5.43449,19.4139,0.84672,12.849,0.84672,3695.15,0,36.966,0.42336,0.227405,1.9573,1.96795,1.44488,2.28441,0.42336,36.966,0.42336,423.524,0,0.586138,0,0,0.813542,0.227405,1.028160,1,0,21.6983,0,0,0,21.6983,0
52.1904,2.40184,0,0,1.40198,0.0464379,0.36288,3.6288,54.0864,0.81542,0,0,0.442318,0.294721,0,0.66528,12.849,1,0.575775,0.36288,0,23.8537,5.65881,17.982,0.84672,12.849,0.84672,3695.15,0,36.966,0.42336,0.227405,1.95761,1.98901,1.4897,2.26096,0.42336,36.966,0.42336,423.524,0,0.57316,0,0,0.800565,0.227405,1.028160,1,0,20.2429,0,0,0,20.2429,0
50.3892,2.50799,0,0,1.12069,0.0509924,0.36288,3.6288,53.2217,0.994534,0,0,0.41372,0.283872,0,0.66528,12.849,1,0.617453,0.36288,0,19.5672,5.45796,13.8546,0.84672,12.849,0.84672,3695.15,0,36.966,0.42336,0.227405,1.95791,1.89431,1.39868,2.25759,0.42336,36.966,0.42336,423.524,0,0.518426,0,0,0.745831,0.227405,1.028160,1,0,16.1122,0,0,0,16.1122,0
48.5354,2.49079,0,0,1.04713,0.047257,0.36288,3.6288,52.2339,1.07592,0,0,0.373524,0.285421,0,0.66528,12.849,1,0.635139,0.36288,0,15.4659,5.32602,9.86767,0.84672,12.849,0.84672,3695.15,0,36.966,0.42336,0.227405,2.08171,1.92732,1.47496,2.33811,0.42336,36.966,0.42336,423.524,0,0.43734,0,0,0.664744,0.227405,1.028160,1,0,12.2058,0,0,0,12.2058,0
47.1756,2.47199,0,0,1.52133,0.0463297,0.36288,3.6288,51.4448,0.935073,0,0,0.429192,0.28317,0,0.66528,12.849,1,0.654422,0.36288,0,17.6147,5.32602,11.9972,0.84672,12.849,0.84672,3695.15,0,36.966,0.42336,0.204422,2.08203,2.13685,1.47496,2.52499,0.42336,36.966,0.42336,423.524,0,0.578491,0,0,0.782914,0.204422,1.028160,1,0,14.5221,0,0,0,14.5221,0
46.4778,2.45755,0,0,2.19271,0.0700637,0.36288,3.6288,50.8707,0.869616,0,0,0.56809,0.272606,0,0.66528,12.849,1,0.669352,0.36288,0,28.739,5.19461,23.2379,0.84672,12.849,0.84672,3695.15,0,36.966,0.42336,0.204422,2.08236,2.37896,1.44844,2.79394,0.42336,36.966,0.42336,423.524,0,0.64425,0,0,0.848673,0.204422,1.028160,1,0,26.0318,0,0,0,26.0318,0
45.1864,2.45006,0,0,1.58533,0.0637647,0.36288,3.6288,50.0938,0.967766,0,0,0.45605,0.265187,0,0.66528,12.849,1,0.677331,0.36288,0,30.3793,5.33593,24.7289,0.84672,12.849,0.84672,3695.15,0,36.966,0.42336,0.204422,2.08268,1.6464,1.44024,2.06991,0.42336,36.966,0.42336,423.524,0,0.546402,0,0,0.750825,0.204422,1.028160,1,0,26.7988,0,0,0,26.7988,0
44.7834,2.39999,0,0,2.4461,0.0862234,0.36288,3.6288,49.8772,0.58249,0,0,0.618608,0.252743,0,0.66528,12.849,1,0.682452,0.36288,0,31.4536,5.03821,26.0958,0.84672,12.849,0.84672,3695.15,0,36.966,0.42336,0.204422,2.08301,2.30101,1.40649,2.75859,0.42336,36.966,0.42336,423.524,0,0.869158,0,0,1.07358,0.204422,1.028160,1,0,28.8544,0,0,0,28.8544,0
43.0359,2.3956,0,0,1.09682,0.0858322,0.36288,3.6288,48.8562,1.11967,0,0,0.350959,0.252295,0,0.66528,12.849,1,0.687331,0.36288,0,23.9158,5.03821,18.5531,0.84672,12.849,0.84672,3695.15,0,36.966,0.42336,0.216518,2.02628,1.18314,1.40649,1.59609,0.42336,36.966,0.42336,423.524,0,0.332271,0,0,0.54879,0.216518,1.028160,1,0,20.1492,0,0,0,20.1492,0
41.5681,2.37447,0,0,1.37369,0.104185,0.36288,3.6288,47.9572,1.09528,0,0,0.444108,0.247802,0,0.66528,12.849,1,0.708934,0.36288,0,22.8169,4.85775,17.6131,0.84672,12.849,0.84672,3695.15,0,36.966,0.42336,0.216518,2.0266,1.44745,1.37933,1.88787,0.42336,36.966,0.42336,423.524,0,0.356958,0,0,0.573477,0.216518,1.028160,1,0,19.5009,0,0,0,19.5009,0
42.512,2.35572,0,0,3.83359,0.171047,0.36288,3.6288,47.9992,0.478722,0,0,0.787109,0.266373,0,0.66528,12.849,1,0.72817,0.36288,0,37.3305,4.3785,32.5867,0.84672,12.849,0.84672,3695.15,0,36.966,0.369004,0.38092,2.02691,3.11839,1.23755,3.91968,0.42336,36.966,0.42336,423.524,0,1.02816,0,0,1.40908,0.38092,1.028160,1,0,36.5064,0,0,0,36.5064,0
41.7258,2.30732,0,0,2.04988,0.165892,0.36288,3.6288,47.4988,0.699954,0,0,0.431467,0.231905,0,0.66528,12.849,1,0.697373,0.36288,0,35.8776,4.7937,30.7494,0.84672,12.849,0.84672,3695.15,0,36.966,0.42336,0.216518,2.02723,1.6789,1.20861,2.29068,0.42336,36.966,0.42336,423.524,0,0.666541,0,0,0.88306,0.216518,1.028160,1,0,33.0401,0,0,0,33.0401,0
40.7654,2.29763,0,0,1.86171,0.161585,0.36288,3.6288,46.9502,0.694402,0,0,0.362941,0.217171,0,0.66528,12.849,1,0.70753,0.36288,0,25.9682,4.95978,20.6638,0.84672,12.849,0.84672,3695.15,0,36.966,0.42336,0.216518,1.94592,2.15231,1.19704,2.69435,0.42336,36.966,0.42336,423.524,0,0.672373,0,0,0.888892,0.216518,1.028160,1,0,23.3581,0,0,0,23.3581,0
40.4329,2.28531,0,0,2.48151,0.165793,0.36288,3.6288,46.7525,0.487584,0,0,0.503872,0.213992,0,0.66528,12.849,1,0.720316,0.36288,0,45.6989,4.88829,40.4532,0.84672,12.849,0.84672,3695.15,0,36.966,0.383897,0.292723,1.94623,3.06832,1.18665,3.73672,0.42336,36.966,0.42336,423.524,0,0.918933,0,0,1.21166,0.292723,1.028160,1,0,44.1899,0,0,0,44.1899,0
43.261,2.28118,0,0,5.6733,0.201152,0.36288,3.6288,47.1129,0.425836,0,0,0.986793,0.200568,0,0.66528,12.849,1,0.724924,0.36288,0,57.9352,4.45935,53.1138,0.84672,12.849,0.84672,3695.15,0,36.966,0.336698,0.571164,1.94653,4.99377,1.12436,6.05041,0.42336,36.966,0.42336,423.524,0,1.02816,0,0,1.59932,0.571164,1.028160,1,0,59.1642,0,0,0,59.1642,0
45.0957,2.1435,0,0,4.54257,0.201492,0.36288,3.6288,47.3084,0.326632,0,0,0.720109,0.198003,0,0.66528,12.849,1,0.636642,0.36288,0,60.5463,4.51641,55.7561,0.84672,12.849,0.84672,3695.15,0,36.966,0.256284,0.856561,1.94683,3.72381,1.12812,5.14281,0.42336,36.966,0.42336,423.524,0,1.02816,0,0,1.88472,0.856561,1.028160,1,0,60.8989,0,0,0,60.8989,0
46.3098,2.08367,0,0,3.8576,0.196996,0.36288,3.6288,47.3513,0.385302,0,0,0.622286,0.19409,0,0.66528,12.849,1,0.593695,0.36288,0,62.0916,4.59249,57.2683,0.84672,12.849,0.84672,3695.15,0,36.966,0.301069,0.38994,1.76572,4.26248,1.13313,4.98393,0.42336,36.966,0.42336,423.524,0,1.02816,0,0,1.4181,0.38994,1.028160,1,0,62.2522,0,0,0,62.2522,0
48.1378,2.09639,0,0,4.48692,0.199691,0.36288,3.6288,47.9903,0.385455,0,0,1.21863,0.194159,0,0.66528,12.849,1,0.58166,0.36288,0,69.1443,4.59249,64.333,0.84672,12.849,0.84672,3695.15,0,36.966,0.300916,0.474785,1.82639,4.79669,1.13313,5.66381,0.42336,36.966,0.42336,423.524,0,1.02816,0,0,1.50295,0.474785,1.028160,1,0,69.9968,0,0,0,69.9968,0
52.0691,2.11437,0,0,6.60887,0.200312,0.36288,3.6288,49.1966,0.387719,0,0,1.79063,0.196535,0,0.66528,12.849,1,0.56437,0.36288,0,166.135,4.37997,161.554,0.84672,12.849,0.84672,3695.15,0,36.966,0.298653,1.60211,1.82651,5.98743,1.10687,8.01053,0.42336,36.966,0.42336,423.524,0,1.02816,0,0,2.63027,1.60211,1.028160,1,0,169.564,0,0,0,169.564,0
55.1562,2.1491,0,0,5.799,0.199877,0.36288,3.6288,49.664,0.3919,0,0,1.06116,0.201885,0,0.66528,12.849,1,0.530329,0.36288,0,92.8394,3.84867,88.8233,0.84672,12.849,0.84672,3695.15,0,36.966,0.294471,1.20917,1.82664,5.04933,1.04121,6.74945,0.42336,36.966,0.42336,423.524,0,1.02816,0,0,2.23733,1.20917,1.028160,1,0,95.5727,0,0,0,95.5727,0
61.4722,2.24441,0,0,9.14694,0.223658,0.36288,3.6288,50.8595,0.423374,0,0,1.80021,0.181393,0,0.66528,12.849,1,0.522851,0.36288,0,120.748,3.47676,117.112,0.84672,12.849,0.84672,3695.15,0,36.966,0.315126,2.04906,1.82677,10.6653,0.792934,13.4331,0.42336,36.966,0.42336,423.524,0,1.02816,0,0,3.07722,2.04906,1.028160,1,0,130.545,0,0,0,130.545,0
63.009,2.37373,0,0,4.51092,0.237498,0.36288,3.6288,51.173,0.368624,0,0,0.865357,0.183175,0,0.66528,12.849,1,0.49616,0.36288,0,95.224,3.47676,91.614,0.84672,12.849,0.84672,3695.15,0,36.966,0.267925,1.31317,1.88351,6.39687,0.792934,8.53268,0.42336,36.966,0.42336,423.524,0,1.02816,0,0,2.34133,1.31317,1.028160,1,0,100.147,0,0,0,100.147,0
63.6766,2.38414,0,0,3.65511,0.240515,0.36288,3.6288,51.3771,0.369721,0,0,0.757391,0.183643,0,0.66528,12.849,1,0.486181,0.36288,0,77.6244,3.47676,74.0243,0.84672,12.849,0.84672,3695.15,0,36.966,0.267076,0.987241,1.82397,5.05796,0.792934,6.80916,0.42336,36.966,0.42336,423.524,0,1.02816,0,0,2.0154,0.987241,1.028160,1,0,80.8335,0,0,0,80.8335,0
64.8097,2.38873,0,0,4.19824,0.313535,0.36288,3.6288,51.8289,0.370482,0,0,1.00703,0.184697,0,0.66528,12.849,1,0.482011,0.36288,0,75.8834,3.66978,72.0945,0.84672,12.849,0.84672,3695.15,0,36.966,0.266563,1.28451,1.82424,5.61579,0.849724,7.60826,0.42336,36.966,0.42336,423.524,0,1.02816,0,0,2.31267,1.28451,1.028160,1,0,79.7027,0,0,0,79.7027,0
65.8946,2.62984,0,0,4.40193,0.324278,0.36288,3.6288,52.0501,0.486283,0,0,0.887414,0.179936,0,0.66528,12.849,1,0.521385,0.36288,0,80.8332,3.65808,77.0167,0.84672,12.849,0.84672,3695.15,0,36.966,0.346832,1.15034,1.82452,4.94372,0.86202,6.70972,0.42336,36.966,0.42336,423.524,0,1.02816,0,0,2.1785,1.15034,1.028160,1,0,83.7264,0,0,0,83.7264,0
66.2035,2.63741,0,0,3.64537,0.336228,0.36288,3.6288,52.0699,0.487307,0,0,0.687176,0.180091,0,0.66528,12.849,1,0.514278,0.36288,0,60.446,3.80604,56.4886,0.84672,12.849,0.84672,3695.15,0,36.966,0.346086,0.781332,2.02856,4.72723,0.987744,6.20329,0.42336,36.966,0.42336,423.524,0,1.02816,0,0,1.80949,0.781332,1.028160,1,0,62.6919,0,0,0,62.6919,0
65.8792,2.63982,0,0,2.98372,0.305259,0.36288,3.6288,51.9469,0.531364,0,0,0.597513,0.189101,0,0.66528,12.849,1,0.512345,0.36288,0,57.1844,3.86784,53.1671,0.84672,12.849,0.84672,3695.15,0,36.966,0.377232,0.608429,2.02886,4.86027,1.0536,6.06672,0.42336,36.966,0.42336,423.524,0,0.953234,0,0,1.56166,0.608429,1.028160,1,0,59.2339,0,0,0,59.2339,0
65.6674,2.6381,0,0,3.06987,0.280685,0.36288,3.6288,51.9586,0.518981,0,0,0.726353,0.195644,0,0.66528,12.849,1,0.514531,0.36288,0,83.8806,3.91419,79.8147,0.84672,12.849,0.84672,3695.15,0,36.966,0.369312,0.608429,2.02916,4.18059,1.103,5.34587,0.42336,36.966,0.42336,423.524,0,0.973814,0,0,1.58224,0.608429,1.028160,1,0,85.1606,0,0,0,85.1606,0
67.5868,2.30283,0,0,4.87038,0.285302,0.36288,3.6288,52.5445,0.333795,0,0,1.13185,0.212244,0,0.66528,12.849,1,0.45059,0.36288,0,80.7546,4.32122,76.3457,0.84672,12.849,0.84672,3695.15,0,36.966,0.237478,0.956845,2.02947,5.39408,1.13813,7.00478,0.42336,36.966,0.42336,423.524,0,1.02816,0,0,1.98501,0.956845,1.028160,1,0,83.3505,0,0,0,83.3505,0
69.8192,2.31393,0,0,5.20243,0.29321,0.36288,3.6288,53.0735,0.335489,0,0,1.05152,0.186945,0,0.66528,12.849,1,0.439904,0.36288,0,82.5975,4.28085,78.2397,0.84672,12.849,0.84672,3695.15,0,36.966,0.236023,1.69867,1.75171,6.59962,0.997688,8.81629,0.42336,36.966,0.42336,423.524,0,1.02816,0,0,2.72683,1.69867,1.028160,1,0,87.056,0,0,0,87.056,0
72.1222,2.32616,0,0,5.29044,0.298361,0.36288,3.6288,53.4341,0.337016,0,0,0.885315,0.187739,0,0.66528,12.849,1,0.428088,0.36288,0,84.2832,4.28085,79.9371,0.84672,12.849,0.84672,3695.15,0,36.966,0.234734,1.10404,1.75197,5.83047,0.997688,7.45406,0.42336,36.966,0.42336,423.524,0,1.02816,0,0,2.1322,1.10404,1.028160,1,0,87.3912,0,0,0,87.3912,0
72.29,2.33811,0,0,4.97343,0.303674,2.1639,3.6288,53.7815,0.338094,0,0,0.873789,0.18828,0,0.66528,12.849,1,0.416548,2.1639,0,78.6851,4.28085,76.1516,0.84672,12.849,0.84672,3695.15,0,36.966,0.233895,0.994075,1.75224,5.51644,0.997688,7.03117,0.42336,36.966,0.42336,423.524,0,1.02816,0,0,2.02224,0.994075,1.028160,1,0,83.1828,0,0,0,83.1828,0
72.29,2.33928,0,0,4.40104,0.316855,1.74491,3.6288,54.1063,0.33913,0,0,0.864276,0.200317,0,0.66528,12.849,1,0.415789,1.74491,0,68.5117,3.88087,65.96,0.84672,12.849,0.84672,3695.15,0,36.966,0.233097,0.831574,1.7525,4.99125,1.0219,6.32032,0.42336,36.966,0.42336,423.524,0,1.02816,0,0,1.85973,0.831574,1.028160,1,0,72.2803,0,0,0,72.2803,0
72.29,2.42511,0,0,4.90649,0.309834,2.17155,3.6288,54.4851,0.378349,0,0,0.920272,0.163164,0,0.66528,12.849,1,0.431045,2.17155,0,68.5907,4.7187,65.6125,0.84672,12.849,0.84672,3695.15,0,36.966,0.258492,1.0287,1.75276,6.47826,1.1725,7.82873,0.42336,36.966,0.42336,423.524,0,1.02816,0,0,2.05686,1.0287,1.028160,1,0,73.4412,0,0,0,73.4412,0
72.29,2.42547,0,0,6.16749,0.291978,3.45004,3.6288,55.5263,0.379568,0,0,1.59348,0.172679,0,0.66528,12.849,1,0.431109,3.45004,0,101.734,4.83504,99.9182,0.84672,12.849,0.84672,3695.15,0,36.966,0.257522,2.69454,1.82162,9.821,1.1954,12.8842,0.42336,36.966,0.42336,423.524,0,1.02816,0,0,3.7227,2.69454,1.028160,1,0,112.802,0,0,0,112.802,0
72.29,2.42583,0,0,4.15924,0.266044,1.46736,3.6288,55.8432,0.382616,0,0,0.888702,0.189263,0,0.66528,12.849,1,0.431174,1.46736,0,80.7771,4.48555,77.3277,0.84672,12.849,0.84672,3695.15,0,36.966,0.254722,1.12112,1.8219,5.7041,1.24353,7.14886,0.42336,36.966,0.42336,423.524,0,1.02816,0,0,2.14928,1.12112,1.028160,1,0,84.4766,0,0,0,84.4766,0
72.29,2.4262,0,0,3.76798,0.236029,1.10576,3.6288,56.0362,0.383635,0,0,0.78262,0.205933,0,0.66528,12.849,1,0.431238,1.10576,0,72.5337,4.47374,68.7344,0.84672,12.849,0.84672,3695.15,0,36.966,0.253951,0.847705,1.82217,4.97679,1.28797,6.10473,0.42336,36.966,0.42336,423.524,0,1.02816,0,0,1.87586,0.847705,1.028160,1,0,74.8392,0,0,0,74.8392,0
72.29,2.39311,0,0,3.74213,0.221688,1.12733,3.6288,56.5299,0.369238,0,0,1.08773,0.224819,0,0.66528,12.849,1,0.425358,1.12733,0,65.6588,4.81817,61.5426,0.84672,12.849,0.84672,3695.15,0,36.966,0.243579,1.45906,1.82244,5.95056,1.28057,7.70791,0.42336,36.966,0.42336,423.524,0,1.02816,0,0,2.48722,1.45906,1.028160,1,0,69.2505,0,0,0,69.2505,0
72.29,2.39347,0,0,3.23362,0.219298,0.620856,3.6288,56.8868,0.370671,0,0,0.956215,0.228659,0,0.66528,12.849,1,0.425421,0.620856,0,54.1147,4.87557,49.4345,0.84672,12.849,0.84672,3695.15,0,36.966,0.242389,1.23734,1.796,5.27723,1.27933,6.78884,0.42336,36.966,0.42336,423.524,0,1.02816,0,0,2.2655,1.23734,1.028160,1,0,56.2234,0,0,0,56.2234,0
71.9423,2.39383,0,0,2.61593,0.206906,0.36288,3.6288,57.1075,0.371741,0,0,0.820809,0.228353,0,0.66528,12.849,1,0.425485,0.36288,0,42.1447,4.89701,37.1851,0.84672,12.849,0.84672,3695.15,0,36.966,0.241564,0.83173,1.79627,4.35385,1.2704,5.46989,0.42336,36.966,0.42336,423.524,0,1.02816,0,0,1.85989,0.83173,1.028160,1,0,42.655,0,0,0,42.655,0
71.365,2.39244,0,0,2.3102,0.132208,0.36288,3.6288,57.2588,0.372457,0,0,0.747412,0.223644,0,0.66528,12.849,1,0.427293,0.36288,0,38.5628,5.02561,33.4728,0.84672,12.849,0.84672,3695.15,0,36.966,0.241093,0.635576,1.79654,3.87971,1.21676,4.85397,0.42336,36.966,0.42336,423.524,0,1.02816,0,0,1.66374,0.635576,1.028160,1,0,38.3268,0,0,0,38.3268,0
70.5536,2.50323,0,0,2.19815,0.143399,0.36288,3.6288,57.3096,0.426938,0,0,0.701732,0.224005,0,0.66528,12.849,1,0.450698,0.36288,0,37.7982,4.91833,32.792,0.84672,12.849,0.84672,3695.15,0,36.966,0.275629,0.657124,1.7968,3.54689,1.17241,4.55278,0.42336,36.966,0.42336,423.524,0,1.02816,0,0,1.68528,0.657124,1.028160,1,0,37.3448,0,0,0,37.3448,0
69.8662,2.49922,0,0,2.33276,0.158109,0.36288,3.6288,57.3271,0.427244,0,0,0.668995,0.224267,0,0.66528,12.849,1,0.45515,0.36288,0,36.6352,4.7753,31.7676,0.84672,12.849,0.84672,3695.15,0,36.966,0.275582,0.725449,1.89073,3.43274,1.11327,4.66006,0.42336,36.966,0.42336,423.524,0,1.02816,0,0,1.75361,0.725449,1.028160,1,0,36.4277,0,0,0,36.4277,0
68.9093,2.49581,0,0,2.04495,0.143142,0.36288,3.6288,57.2894,0.427452,0,0,0.623241,0.233498,0,0.66528,12.849,1,0.459001,0.36288,0,32.7313,4.88239,27.7528,0.84672,12.849,0.84672,3695.15,0,36.966,0.275632,0.606796,1.89101,3.33049,1.14063,4.41202,0.42336,36.966,0.42336,423.524,0,1.02816,0,0,1.63496,0.606796,1.028160,1,0,32.1649,0,0,0,32.1649,0
67.8833,2.49081,0,0,1.93469,0.107016,0.36288,3.6288,57.2046,0.427498,0,0,0.599203,0.256449,0,0.66528,12.849,1,0.464443,0.36288,0,29.9209,5.15015,24.6692,0.84672,12.849,0.84672,3695.15,0,36.966,0.275843,0.527852,1.89129,3.20399,1.20905,4.13824,0.42336,36.966,0.42336,423.524,0,1.02816,0,0,1.55601,0.527852,1.028160,1,0,28.8075,0,0,0,28.8075,0
66.7568,2.48528,0,0,1.82769,0.106036,0.36288,3.6288,57.0828,0.427407,0,0,0.561862,0.256314,0,0.66528,12.849,1,0.470415,0.36288,0,29.6828,5.15647,24.4188,0.84672,12.849,0.84672,3695.15,0,36.966,0.276193,0.362742,1.89157,3.3244,1.20731,4.09522,0.42336,36.966,0.42336,423.524,0,1.02816,0,0,1.3909,0.362742,1.028160,1,0,28.514,0,0,0,28.514,0
65.5069,2.45679,0,0,1.67418,0.104355,0.36288,3.6288,56.7143,0.637624,0,0,0.525347,0.256147,0,0.66528,12.849,1,0.47287,0.36288,0,27.797,5.19445,22.4926,0.84672,12.849,0.84672,3695.15,0,36.966,0.412916,0.30119,1.89185,3.00515,1.1969,3.58838,0.42336,36.966,0.42336,423.524,0,0.730305,0,0,1.0315,0.30119,1.028160,1,0,26.081,0,0,0,26.081,0
64.2671,2.44961,0,0,1.67602,0.103322,0.36288,3.6288,56.3711,0.595021,0,0,0.507309,0.255535,0,0.66528,12.849,1,0.480484,0.36288,0,26.2464,5.19445,20.9344,0.84672,12.849,0.84672,3695.15,0,36.966,0.387831,0.261274,1.9249,3.19035,1.1969,3.79179,0.42336,36.966,0.42336,423.524,0,0.798258,0,0,1.05953,0.261274,1.028160,1,0,24.7261,0,0,0,24.7261,0
62.9675,2.44225,0,0,1.5988,0.0933117,0.36288,3.6288,56.0066,0.589769,0,0,0.49526,0.270023,0,0.66528,12.849,1,0.488281,0.36288,0,24.6811,5.41163,19.1441,0.84672,12.849,0.84672,3695.15,0,36.966,0.386748,0.261274,1.92519,3.19548,1.2704,3.72479,0.42336,36.966,0.42336,423.524,0,0.804859,0,0,1.06613,0.261274,1.028160,1,0,22.8689,0,0,0,22.8689,0
61.4991,2.43424,0,0,1.39914,0.0703904,0.36288,3.6288,55.5143,0.657137,0,0,0.467935,0.303055,0,0.66528,12.849,1,0.496726,0.36288,0,23.1919,6.15795,16.9001,0.84672,12.849,0.84672,3695.15,0,36.966,0.42336,0.261274,1.92547,3.1096,1.52959,3.34339,0.42336,36.966,0.42336,423.524,0,0.701145,0,0,0.962418,0.261274,1.028160,1,0,20.2435,0,0,0,20.2435,0
59.8711,2.48138,0,0,1.28314,0.0669583,0.36288,3.6288,54.6633,0.931641,0,0,0.384199,0.303599,0,0.66528,12.849,1,0.518435,0.36288,0,20.9381,6.14152,14.641,0.84672,12.849,0.84672,3695.15,0,36.966,0.42336,0.261274,1.92576,2.46644,1.52599,2.70413,0.42336,36.966,0.42336,423.524,0,0.470448,0,0,0.731722,0.261274,1.028160,1,0,17.3451,0,0,0,17.3451,0
58.2062,2.47014,0,0,1.23302,0.064853,0.36288,3.6288,53.6838,1.02859,0,0,0.353722,0.304561,0,0.66528,12.849,1,0.530121,0.36288,0,19.3657,6.02647,13.172,0.84672,12.849,0.84672,3695.15,0,36.966,0.42336,0.261274,1.97251,2.28054,1.48431,2.60665,0.42336,36.966,0.42336,423.524,0,0.373766,0,0,0.63504,0.261274,1.028160,1,0,15.7786,0,0,0,15.7786,0
56.3937,2.45809,0,0,1.07227,0.0638191,0.36288,3.6288,52.6651,1.04861,0,0,0.332419,0.302534,0,0.66528,12.849,1,0.542622,0.36288,0,18.3219,6.02647,12.1157,0.84672,12.849,0.84672,3695.15,0,36.966,0.42336,0.227405,1.9728,2.2193,1.48431,2.51184,0.42336,36.966,0.42336,423.524,0,0.354026,0,0,0.581431,0.227405,1.028160,1,0,14.6275,0,0,0,14.6275,0
54.5113,2.44425,0,0,0.987396,0.0626936,0.36288,3.6288,51.6119,1.07878,0,0,0.325702,0.300082,0,0.66528,12.849,1,0.556909,0.36288,0,17.2801,6.02647,11.0596,0.84672,12.849,0.84672,3695.15,0,36.966,0.42336,0.227405,1.9731,2.19683,1.48431,2.48967,0.42336,36.966,0.42336,423.524,0,0.324124,0,0,0.551529,0.227405,1.028160,1,0,13.5492,0,0,0,13.5492,0
52.3706,2.54924,0,0,0.81216,0.040718,0.36288,3.6288,50.4069,1.21514,0,0,0.31145,0.301385,0,0.66528,12.849,1,0.600888,0.36288,0,16.4667,6.35154,9.87717,0.84672,12.849,0.84672,3695.15,0,36.966,0.42336,0.227405,1.97339,2.15899,1.51368,2.42274,0.42336,36.966,0.42336,423.524,0,0.313116,0,0,0.540521,0.227405,1.028160,1,0,12.2999,0,0,0,12.2999,0
50.1057,2.52989,0,0,0.665038,0.0371814,0.36288,3.6288,49.0966,1.27174,0,0,0.248777,0.28731,0,0.66528,12.849,1,0.620704,0.36288,0,14.1994,6.25663,7.68495,0.84672,12.849,0.84672,3695.15,0,36.966,0.42336,0.227405,2.09815,2.22775,1.53367,2.59628,0.42336,36.966,0.42336,423.524,0,0.256807,0,0,0.484212,0.227405,1.028160,1,0,10.2812,0,0,0,10.2812,0
47.9066,2.50794,0,0,0.708091,0.0363126,0.36288,3.6288,47.8026,1.25652,0,0,0.246742,0.284235,0,0.66528,12.849,1,0.64313,0.36288,0,13.2641,6.25663,6.72724,0.84672,12.849,0.84672,3695.15,0,36.966,0.42336,0.204422,2.09846,2.34795,1.53367,2.6938,0.42336,36.966,0.42336,423.524,0,0.272311,0,0,0.476734,0.204422,1.028160,1,0,9.42104,0,0,0,9.42104,0
46.0779,2.48503,0,0,1.0628,0.0436225,0.36288,3.6288,46.6545,1.16261,0,0,0.293797,0.279252,0,0.66528,12.849,1,0.666508,0.36288,0,19.587,6.19726,13.0861,0.84672,12.849,0.84672,3695.15,0,36.966,0.42336,0.204422,2.09878,2.49518,1.52639,2.84863,0.42336,36.966,0.42336,423.524,0,0.366514,0,0,0.570936,0.204422,1.028160,1,0,15.9347,0,0,0,15.9347,0
44.6918,2.46471,0,0,1.49653,0.055008,0.36288,3.6288,45.6274,1.13581,0,0,0.3771,0.268381,0,0.66528,12.849,1,0.687295,0.36288,0,25.5659,6.2016,19.0399,0.84672,12.849,0.84672,3695.15,0,36.966,0.42336,0.204422,2.09909,2.74725,1.50612,3.12128,0.42336,36.966,0.42336,423.524,0,0.393604,0,0,0.598026,0.204422,1.028160,1,0,22.1612,0,0,0,22.1612,0
42.6306,2.41296,0,0,0.828179,0.113582,0.36288,3.6288,44.5815,1.05327,0,0,0.20597,0.19858,0,0.66528,12.849,1,0.69373,0.36288,0,13.7323,4.1312,9.27028,0.84672,12.849,0.84672,3695.15,0,36.966,0.42336,0.204422,2.0994,1.66113,1.04393,2.49766,0.42336,36.966,0.42336,423.524,0,0.413121,0,0,0.617543,0.204422,1.028160,1,0,11.7679,0,0,0,11.7679,0
40.7458,2.38754,0,0,0.980459,0.114776,0.36288,3.6288,43.9943,0.743463,0,0,0.351911,0.195703,0,0.66528,12.849,1,0.719612,0.36288,0,16.2905,4.10151,11.8322,0.84672,12.849,0.84672,3695.15,0,36.966,0.42336,0.216518,2.04222,2.37967,1.04029,3.17475,0.42336,36.966,0.42336,423.524,0,0.723211,0,0,0.93973,0.216518,1.028160,1,0,15.007,0,0,0,15.007,0
38.862,2.36258,0,0,0.953847,0.112269,0.36288,3.6288,43.314,0.786997,0,0,0.301285,0.194624,0,0.66528,12.849,1,0.745029,0.36288,0,15.8903,4.10151,11.4066,0.84672,12.849,0.84672,3695.15,0,36.966,0.42336,0.216518,2.04252,1.9442,1.04029,2.73959,0.42336,36.966,0.42336,423.524,0,0.679959,0,0,0.896478,0.216518,1.028160,1,0,14.1462,0,0,0,14.1462,0
36.9959,2.33579,0,0,0.942382,0.109817,0.36288,3.6288,42.9427,0.55259,0,0,0.374748,0.193374,0,0.66528,12.849,1,0.772286,0.36288,0,15.5288,4.10151,11.0178,0.84672,12.849,0.84672,3695.15,0,36.966,0.42336,0.216518,2.04282,2.43971,1.04029,3.2354,0.42336,36.966,0.42336,423.524,0,0.914648,0,0,1.13117,0.216518,1.028160,1,0,14.2532,0,0,0,14.2532,0
35.2401,2.24762,0,0,1.0283,0.17356,0.36288,3.6288,42.5337,0.550125,0,0,0.30706,0.165965,0,0.66528,12.849,1,0.780618,0.36288,0,17.7704,3.72057,13.6321,0.84672,12.849,0.84672,3695.15,0,36.966,0.42336,0.216518,2.04313,2.0988,0.989258,2.94583,0.42336,36.966,0.42336,423.524,0,0.830395,0,0,1.04691,0.216518,1.028160,1,0,16.5779,0,0,0,16.5779,0
34.0321,2.21945,0,0,1.54624,0.171926,0.36288,3.6288,42.3395,0.415167,0,0,0.37253,0.15153,0,0.66528,12.849,1,0.80924,0.36288,0,24.3073,3.36672,20.4943,0.84672,12.849,0.84672,3695.15,0,36.966,0.360822,0.242405,1.96117,1.97563,0.864174,2.95421,0.42336,36.966,0.42336,423.524,0,1.02816,0,0,1.27056,0.242405,1.028160,1,0,23.4485,0,0,0,23.4485,0
34.3758,2.19892,0,0,3.07496,0.169414,0.36288,3.6288,42.4662,0.414428,0,0,0.69229,0.151248,0,0.66528,12.849,1,0.830216,0.36288,0,35.8486,3.36672,32.0145,0.84672,12.849,0.84672,3695.15,0,36.966,0.36183,0.976899,1.96146,4.04041,0.864174,5.75277,0.42336,36.966,0.42336,423.524,0,1.02816,0,0,2.00506,0.976899,1.028160,1,0,37.7673,0,0,0,37.7673,0
33.9357,2.2053,0,0,2.29818,0.170128,0.36288,3.6288,42.6277,0.415148,0,0,0.728145,0.151432,0,0.66528,12.849,1,0.824296,0.36288,0,25.1771,3.36672,21.349,0.84672,12.849,0.84672,3695.15,0,36.966,0.361379,1.17739,1.96175,3.15115,0.864174,5.06474,0.42336,36.966,0.42336,423.524,0,1.02816,0,0,2.20555,1.17739,1.028160,1,0,26.4137,0,0,0,26.4137,0
34.0267,2.03234,0,0,2.67502,0.188804,0.36288,3.6288,42.7994,0.318927,0,0,0.65872,0.16814,0,0.66528,12.849,1,0.769502,0.36288,0,37.4143,3.56145,33.4462,0.84672,12.849,0.84672,3695.15,0,36.966,0.276567,0.674296,1.96205,4.4788,0.916846,5.92173,0.42336,36.966,0.42336,423.524,0,1.02816,0,0,1.70246,0.674296,1.028160,1,0,39.368,0,0,0,39.368,0
34.6089,1.96836,0,0,3.10058,0.187127,0.36288,3.6288,42.9729,0.368278,0,0,0.730572,0.188748,0,0.66528,12.849,1,0.743281,0.36288,0,38.616,3.64234,34.5932,0.84672,12.849,0.84672,3695.15,0,36.966,0.318084,0.656882,1.7795,3.98159,0.953754,5.14613,0.42336,36.966,0.42336,423.524,0,1.02816,0,0,1.68504,0.656882,1.028160,1,0,39.7394,0,0,0,39.7394,0
35.9117,1.97796,0,0,3.83207,0.188465,0.36288,3.6288,43.2861,0.368969,0,0,0.871249,0.189061,0,0.66528,12.849,1,0.734341,0.36288,0,74.7835,3.64234,70.7697,0.84672,12.849,0.84672,3695.15,0,36.966,0.317393,1.44743,1.8328,3.84127,0.953754,5.85036,0.42336,36.966,0.42336,423.524,0,1.02816,0,0,2.47559,1.44743,1.028160,1,0,76.6201,0,0,0,76.6201,0
35.5785,1.99806,0,0,2.21918,0.191457,0.36288,3.6288,43.2344,0.370208,0,0,0.50805,0.189625,0,0.66528,12.849,1,0.714895,0.36288,0,42.7131,3.64234,38.7187,0.84672,12.849,0.84672,3695.15,0,36.966,0.316154,0.443051,1.83292,3.3967,0.953754,4.40276,0.42336,36.966,0.42336,423.524,0,1.02816,0,0,1.47121,0.443051,1.028160,1,0,43.1215,0,0,0,43.1215,0
35.0688,1.99363,0,0,2.04524,0.198406,0.36288,3.6288,42.8347,0.560546,0,0,0.359688,0.198812,0,0.66528,12.849,1,0.719989,0.36288,0,33.6271,3.87091,29.399,0.84672,12.849,0.84672,3695.15,0,36.966,0.42336,0.412474,1.83305,4.11804,1.02506,4.91514,0.42336,36.966,0.42336,423.524,0,0.730616,0,0,1.14309,0.412474,1.028160,1,0,34.3142,0,0,0,34.3142,0
35.1145,2.05073,0,0,2.67694,0.217598,0.36288,3.6288,42.9346,0.491135,0,0,0.744547,0.153492,0,0.66528,12.849,1,0.751376,0.36288,0,64.4991,3.18369,60.9269,0.84672,12.849,0.84672,3695.15,0,36.966,0.42336,0.412474,1.83317,6.98465,0.828201,7.97874,0.42336,36.966,0.42336,423.524,0,0.852561,0,0,1.26503,0.412474,1.028160,1,0,68.9056,0,0,0,68.9056,0
34.9097,2.09039,0,0,2.46637,0.217926,0.36288,3.6288,43.1724,0.446961,0,0,0.827099,0.142349,0,0.66528,12.849,1,0.764908,0.36288,0,66.5175,2.97391,63.1416,0.84672,12.849,0.84672,3695.15,0,36.966,0.384826,0.503194,1.89034,7.00353,0.765682,8.24656,0.42336,36.966,0.42336,423.524,0,0.882732,0,0,1.38593,0.503194,1.028160,1,0,71.3882,0,0,0,71.3882,0
34.4777,2.08758,0,0,2.23586,0.217385,0.36288,3.6288,43.054,0.669657,0,0,0.693887,0.142672,0,0.66528,12.849,1,0.768363,0.36288,0,45.3851,2.97391,42.0057,0.84672,12.849,0.84672,3695.15,0,36.966,0.42336,0.503194,1.85972,5.85709,0.765682,7.03096,0.42336,36.966,0.42336,423.524,0,0.621501,0,0,1.12469,0.503194,1.028160,1,0,49.0367,0,0,0,49.0367,0
34.5932,2.08104,0,0,2.78639,0.226986,0.36288,3.6288,43.283,0.462996,0,0,0.828084,0.136058,0,0.66528,12.849,1,0.775552,0.36288,0,71.5069,3.08435,68.0099,0.84672,12.849,0.84672,3695.15,0,36.966,0.397527,0.503194,1.85984,7.27721,0.741287,8.50143,0.42336,36.966,0.42336,423.524,0,0.853995,0,0,1.35719,0.503194,1.028160,1,0,76.5113,0,0,0,76.5113,0
34.8863,2.29274,0,0,3.18731,0.238646,0.36288,3.6288,43.458,0.572812,0,0,0.902094,0.154213,0,0.66528,12.849,1,0.84672,0.36288,0,81.9345,3.09929,78.3514,0.84672,12.849,0.84672,3695.15,0,36.966,0.42336,0.503194,1.85996,9.05437,0.796656,10.1975,0.42336,36.966,0.42336,423.524,0,0.915684,0,0,1.41888,0.503194,1.028160,1,0,88.5489,0,0,0,88.5489,0
35.6391,2.32935,0,0,3.68636,0.241263,0.36288,3.6288,44.0944,0.458116,0,0,1.26891,0.174483,0,0.66528,12.849,1,0.84672,0.36288,0,95.3891,2.94935,91.9559,0.84672,12.849,0.84672,3695.15,0,36.966,0.389679,0.840871,2.06543,9.88373,0.807905,11.5924,0.42336,36.966,0.42336,423.524,0,1.02816,0,0,1.86903,0.840871,1.028160,1,0,103.548,0,0,0,103.548,0
36.0831,2.33477,0,0,3.38513,0.243469,0.36288,3.6288,44.6818,0.46132,0,0,1.22434,0.175537,0,0.66528,12.849,1,0.841756,0.36288,0,94.0196,2.94935,90.5914,0.84672,12.849,0.84672,3695.15,0,36.966,0.386742,0.746453,2.04456,9.15736,0.807905,10.7537,0.42336,36.966,0.42336,423.524,0,1.02816,0,0,1.77461,0.746453,1.028160,1,0,101.345,0,0,0,101.345,0
36.5405,2.34274,0,0,3.39415,0.231133,0.36288,3.6288,45.3651,0.464248,0,0,1.34609,0.198576,0,0.66528,12.849,1,0.834237,0.36288,0,91.3602,3.92598,86.9629,0.84672,12.849,0.84672,3695.15,0,36.966,0.38408,0.86705,2.04485,10.2022,1.13794,11.5921,0.42336,36.966,0.42336,423.524,0,1.02816,0,0,1.89521,0.86705,1.028160,1,0,98.555,0,0,0,98.555,0
37.2661,2.05282,0,0,3.36334,0.222013,0.36288,3.6288,45.7876,0.356267,0,0,0.970029,0.191295,0,0.66528,12.849,1,0.721848,0.36288,0,82.3954,3.94863,78.0878,0.84672,12.849,0.84672,3695.15,0,36.966,0.290306,0.608429,2.04514,9.07383,1.10686,10.3302,0.42336,36.966,0.42336,423.524,0,0.9652,0,0,1.57363,0.608429,1.028160,1,0,88.418,0,0,0,88.418,0
37.4975,1.98734,0,0,2.80807,0.22648,0.36288,3.6288,45.4537,0.828079,0,0,0.675871,0.181658,0,0.66528,12.849,1,0.685216,0.36288,0,62.4111,3.68235,58.4064,0.84672,12.849,0.84672,3695.15,0,36.966,0.42336,0.608429,1.76523,6.02351,0.979675,6.99414,0.42336,36.966,0.42336,423.524,0,0.463069,0,0,1.0715,0.608429,1.028160,1,0,65.4006,0,0,0,65.4006,0
37.7502,1.99095,0,0,2.83364,0.227098,0.36288,3.6288,45.541,0.572958,0,0,0.84136,0.181095,0,0.66528,12.849,1,0.682226,0.36288,0,82.8539,3.68235,78.8522,0.84672,12.849,0.84672,3695.15,0,36.966,0.42336,0.558835,1.82547,7.57192,0.979675,8.55319,0.42336,36.966,0.42336,423.524,0,0.718191,0,0,1.27703,0.558835,1.028160,1,0,87.4054,0,0,0,87.4054,0
39.0619,1.99483,0,0,3.89712,0.227774,0.36288,3.6288,45.7226,0.562339,0,0,0.925119,0.181242,0,0.66528,12.849,1,0.678977,0.36288,0,126.103,3.68235,122.104,0.84672,12.849,0.84672,3695.15,0,36.966,0.42336,0.558835,1.82558,9.07969,0.979675,10.0611,0.42336,36.966,0.42336,423.524,0,0.72881,0,0,1.28765,0.558835,1.028160,1,0,132.165,0,0,0,132.165,0
40.7234,2.01245,0,0,4.267,0.230165,0.36288,3.6288,45.8781,0.483756,0,0,0.828282,0.188967,0,0.66528,12.849,1,0.661975,0.36288,0,118.346,3.86747,114.179,0.84672,12.849,0.84672,3695.15,0,36.966,0.391109,0.558835,1.8257,9.58824,1.03013,10.5515,0.42336,36.966,0.42336,423.524,0,0.839644,0,0,1.39848,0.558835,1.028160,1,0,124.731,0,0,0,124.731,0
42.2952,2.11057,0,0,4.27099,0.225717,0.36288,3.6288,46.7967,0.416016,0,0,1.48813,0.153554,0,0.66528,12.849,1,0.665927,0.36288,0,110.146,3.97625,105.867,0.84672,12.849,0.84672,3695.15,0,36.966,0.335203,1.16953,1.82582,11.5214,1.10689,13.0746,0.42336,36.966,0.42336,423.524,0,1.02816,0,0,2.19769,1.16953,1.028160,1,0,118.941,0,0,0,118.941,0
43.8236,2.1798,0,0,4.30097,0.229922,0.36288,3.6288,47.9061,0.383456,0,0,1.6477,0.154856,0,0.66528,12.849,1,0.662209,0.36288,0,110.743,3.97625,106.468,0.84672,12.849,0.84672,3695.15,0,36.966,0.302902,1.58075,1.89506,12.3903,1.10689,14.4563,0.42336,36.966,0.42336,423.524,0,1.02816,0,0,2.60891,1.58075,1.028160,1,0,120.924,0,0,0,120.924,0
44.2013,2.19816,0,0,3.1728,0.234011,0.36288,3.6288,48.5849,0.387415,0,0,1.22259,0.156302,0,0.66528,12.849,1,0.644497,0.36288,0,79.5174,3.97625,75.2595,0.84672,12.849,0.84672,3695.15,0,36.966,0.298943,0.681316,1.85723,8.77876,1.10689,9.91147,0.42336,36.966,0.42336,423.524,0,1.02816,0,0,1.70948,0.681316,1.028160,1,0,85.171,0,0,0,85.171,0
44.2284,2.20293,0,0,2.8032,0.210278,0.36288,3.6288,49.0428,0.394655,0,0,1.02196,0.169474,0,0.66528,12.849,1,0.640375,0.36288,0,69.7084,4.08844,65.3424,0.84672,12.849,0.84672,3695.15,0,36.966,0.300274,0.528595,1.85735,7.58696,1.121,8.55163,0.42336,36.966,0.42336,423.524,0,1.01959,0,0,1.54818,0.528595,1.028160,1,0,73.8941,0,0,0,73.8941,0
43.7756,2.17298,0,0,2.26466,0.181635,0.36288,3.6288,49.3338,0.466099,0,0,0.916678,0.159546,0,0.66528,12.849,1,0.631282,0.36288,0,59.0268,3.71382,55.0446,0.84672,12.849,0.84672,3695.15,0,36.966,0.351322,0.528595,1.85747,5.57146,1.08717,6.51904,0.42336,36.966,0.42336,423.524,0,0.871888,0,0,1.40048,0.528595,1.028160,1,0,61.5637,0,0,0,61.5637,0
43.0632,2.14894,0,0,1.95791,0.158444,0.36288,3.6288,49.514,0.548163,0,0,0.884019,0.155664,0,0.66528,12.849,1,0.630756,0.36288,0,52.5986,3.46584,48.8649,0.84672,12.849,0.84672,3695.15,0,36.966,0.410741,0.528595,1.83068,4.7699,1.07781,5.64062,0.42336,36.966,0.42336,423.524,0,0.755611,0,0,1.28421,0.528595,1.028160,1,0,54.5055,0,0,0,54.5055,0
42.6203,2.14139,0,0,2.21388,0.152536,0.36288,3.6288,49.5877,0.547159,0,0,0.779475,0.158625,0,0.66528,12.849,1,0.638938,0.36288,0,55.7148,3.69977,51.739,0.84672,12.849,0.84672,3695.15,0,36.966,0.408496,0.402797,1.84555,6.07183,1.08704,6.82464,0.42336,36.966,0.42336,423.524,0,0.75886,0,0,1.16166,0.402797,1.028160,1,0,58.5636,0,0,0,58.5636,0
41.8739,2.13678,0,0,1.87746,0.124199,0.36288,3.6288,49.6522,0.525346,0,0,0.764934,0.175111,0,0.66528,12.849,1,0.644188,0.36288,0,46.551,5.10332,41.1664,0.84672,12.849,0.84672,3695.15,0,36.966,0.391628,0.402797,1.84567,4.85274,1.14237,5.56721,0.42336,36.966,0.42336,423.524,0,0.797541,0,0,1.20034,0.402797,1.028160,1,0,46.7336,0,0,0,46.7336,0
40.8465,2.23163,0,0,1.64606,0.0789035,0.36288,3.6288,49.4288,0.740415,0,0,0.713768,0.196754,0,0.66528,12.849,1,0.684776,0.36288,0,34.5938,5.16032,29.1116,0.84672,12.849,0.84672,3695.15,0,36.966,0.42336,0.402797,1.84579,4.51727,1.27973,5.06276,0.42336,36.966,0.42336,423.524,0,0.640189,0,0,1.04299,0.402797,1.028160,1,0,34.1743,0,0,0,34.1743,0
39.6296,2.26453,0,0,1.49824,0.0877712,0.36288,3.6288,49.2083,0.68557,0,0,0.655811,0.190681,0,0.66528,12.849,1,0.712346,0.36288,0,37.8152,4.16892,33.2968,0.84672,12.849,0.84672,3695.15,0,36.966,0.42336,0.402797,1.94028,4.32156,1.14537,5.0959,0.42336,36.966,0.42336,423.524,0,0.635239,0,0,1.03804,0.402797,1.028160,1,0,38.3927,0,0,0,38.3927,0
38.3512,2.24833,0,0,1.40822,0.0754173,0.36288,3.6288,49.1161,0.581637,0,0,0.682992,0.193612,0,0.66528,12.849,1,0.728969,0.36288,0,34.8318,4.27728,30.1884,0.84672,12.849,0.84672,3695.15,0,36.966,0.42336,0.30119,1.90541,4.39214,1.12531,5.05007,0.42336,36.966,0.42336,423.524,0,0.73942,0,0,1.04061,0.30119,1.028160,1,0,35.2385,0,0,0,35.2385,0
37.0368,2.23044,0,0,1.35321,0.0743099,0.36288,3.6288,48.9847,0.633672,0,0,0.695762,0.193464,0,0.66528,12.849,1,0.747276,0.36288,0,32.8365,4.27728,28.1748,0.84672,12.849,0.84672,3695.15,0,36.966,0.42336,0.30119,1.90568,4.37956,1.12531,5.03777,0.42336,36.966,0.42336,423.524,0,0.687632,0,0,0.988822,0.30119,1.028160,1,0,33.2126,0,0,0,33.2126,0
35.6576,2.21107,0,0,1.26796,0.0731713,0.36288,3.6288,48.7377,0.701277,0,0,0.647516,0.193255,0,0.66528,12.849,1,0.767075,0.36288,0,30.7613,4.27728,26.0798,0.84672,12.849,0.84672,3695.15,0,36.966,0.42336,0.30119,1.90595,4.06057,1.12531,4.71904,0.42336,36.966,0.42336,423.524,0,0.620274,0,0,0.921465,0.30119,1.028160,1,0,30.7988,0,0,0,30.7988,0
35.4711,2.16996,0,0,2.40594,0.0595886,0.36288,3.6288,48.7672,0.435718,0,0,0.692211,0.226963,0,0.66528,12.849,1,0.78193,0.36288,0,46.426,4.98971,41.0172,0.84672,12.849,0.84672,3695.15,0,36.966,0.330479,0.614252,1.90622,5.63211,1.12455,6.69756,0.42336,36.966,0.42336,423.524,0,1.02816,0,0,1.64241,0.614252,1.028160,1,0,47.7148,0,0,0,47.7148,0
35.2768,2.16725,0,0,2.39521,0.0594548,0.36288,3.6288,48.7702,0.435977,0,0,0.665971,0.227018,0,0.66528,12.849,1,0.785059,0.36288,0,43.8065,4.98971,38.3946,0.84672,12.849,0.84672,3695.15,0,36.966,0.330475,0.652622,1.9395,5.96356,1.12455,7.10067,0.42336,36.966,0.42336,423.524,0,1.02816,0,0,1.68078,0.652622,1.028160,1,0,45.4953,0,0,0,45.4953,0
34.9791,2.16438,0,0,2.27895,0.049375,0.36288,3.6288,48.7358,0.436134,0,0,0.650117,0.248345,0,0.66528,12.849,1,0.788342,0.36288,0,41.2903,5.31546,35.5494,0.84672,12.849,0.84672,3695.15,0,36.966,0.330573,0.629735,1.93978,5.79721,1.23479,6.80135,0.42336,36.966,0.42336,423.524,0,1.02816,0,0,1.6579,0.629735,1.028160,1,0,42.3507,0,0,0,42.3507,0
34.3921,2.15978,0,0,1.97202,0.0362751,0.36288,3.6288,48.6396,0.436146,0,0,0.611715,0.271796,0,0.66528,12.849,1,0.793361,0.36288,0,38.521,6.021,32.0695,0.84672,12.849,0.84672,3695.15,0,36.966,0.330816,0.515117,1.94005,5.78989,1.48238,6.43186,0.42336,36.966,0.42336,423.524,0,1.02816,0,0,1.54328,0.515117,1.028160,1,0,38.5014,0,0,0,38.5014,0
33.8124,2.20041,0,0,2.01827,0.0347031,0.36288,3.6288,48.4614,0.460846,0,0,0.574952,0.292333,0,0.66528,12.849,1,0.82208,0.36288,0,37.2096,6.3015,30.4489,0.84672,12.849,0.84672,3695.15,0,36.966,0.350242,0.557081,1.94033,5.24115,1.54072,5.8476,0.42336,36.966,0.42336,423.524,0,1.02816,0,0,1.58524,0.557081,1.028160,1,0,36.2965,0,0,0,36.2965,0
33.3068,2.19051,0,0,2.08109,0.0333215,0.36288,3.6288,48.2496,0.460263,0,0,0.558661,0.310193,0,0.66528,12.849,1,0.832412,0.36288,0,35.8333,6.35933,29.0044,0.84672,12.849,0.84672,3695.15,0,36.966,0.351086,0.592211,1.98742,4.91948,1.52789,5.62013,0.42336,36.966,0.42336,423.524,0,1.02816,0,0,1.62037,0.592211,1.028160,1,0,34.6246,0,0,0,34.6246,0
32.601,2.1817,0,0,1.87191,0.0331141,0.36288,3.6288,48.0044,0.459538,0,0,0.524018,0.309648,0,0.66528,12.849,1,0.84165,0.36288,0,33.7711,6.35933,26.933,0.84672,12.849,0.84672,3695.15,0,36.966,0.352071,0.540415,1.9877,5.02214,1.52789,5.67029,0.42336,36.966,0.42336,423.524,0,1.02816,0,0,1.56857,0.540415,1.028160,1,0,32.6033,0,0,0,32.6033,0
31.7318,2.17706,0,0,1.70351,0.0328246,0.36288,3.6288,47.7394,0.45867,0,0,0.502713,0.309017,0,0.66528,12.849,1,0.84672,0.36288,0,31.7196,6.35933,24.8764,0.84672,12.849,0.84672,3695.15,0,36.966,0.353201,0.39223,1.98798,4.66892,1.52789,5.16804,0.42336,36.966,0.42336,423.524,0,1.02816,0,0,1.42039,0.39223,1.028160,1,0,30.0445,0,0,0,30.0445,0
30.5538,2.32713,0,0,1.53838,0.0262875,0.36288,3.6288,47.3923,0.528736,0,0,0.496527,0.314927,0,0.66528,12.849,1,0.84672,0.36288,0,29.5332,6.5071,22.5423,0.84672,12.849,0.84672,3695.15,0,36.966,0.409415,0.361273,1.98826,4.85149,1.53191,5.2597,0.42336,36.966,0.42336,423.524,0,1.02816,0,0,1.38943,0.361273,1.028160,1,0,27.802,0,0,0,27.802,0
29.5321,2.32758,0,0,1.70291,0.0341721,0.36288,3.6288,46.9903,0.527208,0,0,0.445865,0.320678,0,0.66528,12.849,1,0.84672,0.36288,0,25.7935,6.34694,18.9627,0.84672,12.849,0.84672,3695.15,0,36.966,0.411222,0.358811,2.11395,4.32301,1.34691,5.03764,0.42336,36.966,0.42336,423.524,0,1.02816,0,0,1.38697,0.358811,1.028160,1,0,24.0004,0,0,0,24.0004,0
28.6764,2.32803,0,0,1.86888,0.0337079,0.36288,3.6288,46.6958,0.525395,0,0,0.55057,0.319598,0,0.66528,12.849,1,0.84672,0.36288,0,33.1721,6.34694,26.3413,0.84672,12.849,0.84672,3695.15,0,36.966,0.413314,0.69501,2.11425,4.71589,1.34691,5.76493,0.42336,36.966,0.42336,423.524,0,1.02816,0,0,1.72317,0.69501,1.028160,1,0,32.1062,0,0,0,32.1062,0
27.4531,2.32848,0,0,1.50138,0.033319,0.36288,3.6288,46.2234,0.551908,0,0,0.398225,0.318795,0,0.66528,12.849,1,0.84672,0.36288,0,32.4146,6.34694,25.5838,0.84672,12.849,0.84672,3695.15,0,36.966,0.42336,0.204422,2.11455,3.78578,1.34691,4.33449,0.42336,36.966,0.42336,423.524,0,0.991881,0,0,1.1963,0.204422,1.028160,1,0,29.9183,0,0,0,29.9183,0
26.5983,2.32893,0,0,1.86979,0.0327631,0.36288,3.6288,46.0647,0.521895,0,0,0.680633,0.317409,0,0.66528,12.849,1,0.84672,0.36288,0,29.6046,6.34694,22.7738,0.84672,12.849,0.84672,3695.15,0,36.966,0.417373,1.23482,2.11485,5.8535,1.34691,7.43889,0.42336,36.966,0.42336,423.524,0,1.02816,0,0,2.26298,1.23482,1.028160,1,0,30.2127,0,0,0,30.2127,0
25.3829,2.28325,0,0,1.43876,0.00801758,0.36288,3.6288,45.5931,0.485862,0,0,0.370045,0.355774,0,0.66528,12.849,1,0.84672,0.36288,0,27.2119,6.62027,20.1077,0.84672,12.849,0.84672,3695.15,0,36.966,0.389895,0.346594,2.11515,3.71458,1.41985,4.36658,0.42336,36.966,0.42336,423.524,0,1.02816,0,0,1.37475,0.346594,1.028160,1,0,24.4743,0,0,0,24.4743,0
24.0091,2.28369,0,0,1.35872,0.0859525,0.36288,3.6288,45.2323,0.483784,0,0,0.404597,0.281572,0,0.66528,12.849,1,0.84672,0.36288,0,24.7586,4.47216,19.8026,0.84672,12.849,0.84672,3695.15,0,36.966,0.392243,0.41802,2.05752,3.49998,0.883791,4.69949,0.42336,36.966,0.42336,423.524,0,1.02816,0,0,1.44618,0.41802,1.028160,1,0,24.5021,0,0,0,24.5021,0
22.8442,2.28414,0,0,1.57555,0.0934552,0.36288,3.6288,44.9901,0.482212,0,0,0.525042,0.285088,0,0.66528,12.849,1,0.84672,0.36288,0,26.0047,4.55353,20.9673,0.84672,12.849,0.84672,3695.15,0,36.966,0.394086,0.73084,2.05781,4.82673,0.930388,6.29091,0.42336,36.966,0.42336,423.524,0,1.02816,0,0,1.759,0.73084,1.028160,1,0,27.2582,0,0,0,27.2582,0
21.6326,2.28458,0,0,1.5278,0.0919275,0.36288,3.6288,44.7471,0.481195,0,0,0.522642,0.284443,0,0.66528,12.849,1,0.84672,0.36288,0,35.8894,4.55353,30.8521,0.84672,12.849,0.84672,3695.15,0,36.966,0.395373,0.720472,2.05811,4.83947,0.930388,6.29229,0.42336,36.966,0.42336,423.524,0,1.02816,0,0,1.74863,0.720472,1.028160,1,0,37.1444,0,0,0,37.1444,0
20.3694,2.20413,0,0,1.41899,0.115211,0.36288,3.6288,44.588,0.43217,0,0,0.523257,0.250157,0,0.66528,12.849,1,0.84672,0.36288,0,42.1026,4.36922,37.2496,0.84672,12.849,0.84672,3695.15,0,36.966,0.35702,0.545573,2.0584,5.00592,0.985361,6.26751,0.42336,36.966,0.42336,423.524,0,1.02816,0,0,1.57373,0.545573,1.028160,1,0,43.5171,0,0,0,43.5171,0
18.4897,2.20456,0,0,0.833449,0.145697,0.36288,3.6288,43.7471,0.858799,0,0,0.222849,0.204999,0,0.66528,12.849,1,0.84672,0.36288,0,17.8583,4.12346,13.251,0.84672,12.849,0.84672,3695.15,0,36.966,0.42336,0.216518,1.97581,2.88983,1.05866,3.60014,0.42336,36.966,0.42336,423.524,0,0.535448,0,0,0.751967,0.216518,1.028160,1,0,16.8511,0,0,0,16.8511,0
17.3372,2.20499,0,0,1.55728,0.141912,0.36288,3.6288,43.7237,0.428026,0,0,0.608014,0.20338,0,0.66528,12.849,1,0.84672,0.36288,0,35.5782,4.12346,30.9709,0.84672,12.849,0.84672,3695.15,0,36.966,0.361679,1.27522,1.97609,6.37544,1.05866,8.20642,0.42336,36.966,0.42336,423.524,0,1.02816,0,0,2.30338,1.27522,1.028160,1,0,39.1773,0,0,0,39.1773,0
17.4816,2.20543,0,0,2.85853,0.145772,0.36288,3.6288,44.2001,0.428061,0,0,1.10095,0.19649,0,0.66528,12.849,1,0.84672,0.36288,0,68.4057,4.01463,63.9073,0.84672,12.849,0.84672,3695.15,0,36.966,0.361902,1.24044,1.97637,8.34364,1.02783,10.1707,0.42336,36.966,0.42336,423.524,0,1.02816,0,0,2.2686,1.24044,1.028160,1,0,74.078,0,0,0,74.078,0
16.6739,1.97597,0,0,1.6926,0.161455,0.36288,3.6288,44.3939,0.330861,0,0,0.706693,0.181978,0,0.66528,12.849,1,0.84672,0.36288,0,43.7981,3.71142,39.6029,0.84672,12.849,0.84672,3695.15,0,36.966,0.27671,0.455501,1.97665,5.92094,0.837738,7.23865,0.42336,36.966,0.42336,423.524,0,1.02816,0,0,1.48366,0.455501,1.028160,1,0,46.8415,0,0,0,46.8415,0
15.8929,1.89782,0,0,1.62759,0.147948,0.36288,3.6288,44.8503,0.374507,0,0,1.03546,0.204588,0,0.66528,12.849,1,0.84672,0.36288,0,58.6987,4.36937,53.8455,0.84672,12.849,0.84672,3695.15,0,36.966,0.311845,1.2091,1.79274,9.27694,1.03173,10.9352,0.42336,36.966,0.42336,423.524,0,1.02816,0,0,2.23726,1.2091,1.028160,1,0,64.7807,0,0,0,64.7807,0
15.7084,1.89845,0,0,2.22285,0.145991,0.36288,3.6288,46.0879,0.376247,0,0,1.81934,0.205466,0,0.66528,12.849,1,0.84672,0.36288,0,63.2642,4.36937,58.411,0.84672,12.849,0.84672,3695.15,0,36.966,0.310106,2.65902,1.83896,13.8932,1.03173,17.0493,0.42336,36.966,0.42336,423.524,0,1.02816,0,0,3.68718,2.65902,1.028160,1,0,75.4604,0,0,0,75.4604,0
17.5716,1.89908,0,0,4.25603,0.130832,0.36288,3.6288,46.7232,0.380868,0,0,1.1823,0.166135,0,0.66528,12.849,1,0.84672,0.36288,0,85.765,3.71424,81.5669,0.84672,12.849,0.84672,3695.15,0,36.966,0.305485,1.53347,1.83908,10.8894,0.959344,12.9971,0.42336,36.966,0.42336,423.524,0,1.02816,0,0,2.56163,1.53347,1.028160,1,0,94.564,0,0,0,94.564,0
19.9998,1.89972,0,0,4.81956,0.128814,0.36288,3.6288,48.5276,0.383187,0,0,2.33792,0.150329,0,0.66528,12.849,1,0.84672,0.36288,0,72.176,3.45219,68.2399,0.84672,12.849,0.84672,3695.15,0,36.966,0.303166,2.58746,1.8392,15.33,0.930388,18.5231,0.42336,36.966,0.42336,423.524,0,1.02816,0,0,3.61562,2.58746,1.028160,1,0,86.763,0,0,0,86.763,0
23.1141,1.98883,0,0,5.6252,0.159205,0.36288,3.6288,50.6541,0.419625,0,0,2.73087,0.184751,0,0.66528,12.849,1,0.84672,0.36288,0,149.419,4.15182,144.784,0.84672,12.849,0.84672,3695.15,0,36.966,0.31965,4.12506,1.83931,13.6099,1.11904,18.1356,0.42336,36.966,0.42336,423.524,0,1.02816,0,0,5.15322,4.12506,1.028160,1,0,162.919,0,0,0,162.919,0
26.5078,2.04238,0,0,5.96341,0.164403,0.36288,3.6288,53.0695,0.396785,0,0,3.03666,0.224457,0,0.66528,12.849,1,0.84672,0.36288,0,128.815,4.86843,123.462,0.84672,12.849,0.84672,3695.15,0,36.966,0.289563,5.36248,1.8969,14.5329,1.37201,20.1307,0.42336,36.966,0.42336,423.524,0,1.02816,0,0,6.39064,5.36248,1.028160,1,0,143.593,0,0,0,143.593,0
36.865,2.043,0,0,12.9357,0.172596,0.36288,3.6288,57.0227,0.404553,0,0,4.58664,0.228877,0,0.66528,12.849,1,0.84672,0.36288,0,286.838,4.86843,281.485,0.84672,12.849,0.84672,3695.15,0,36.966,0.281795,6.12144,1.86605,24.3901,1.37201,30.7238,0.42336,36.966,0.42336,423.524,0,1.02816,0,0,7.1496,6.12144,1.028160,1,0,312.209,0,0,0,312.209,0
43.4508,2.14331,0,0,9.28921,0.19722,0.36288,3.6288,60.2612,0.416406,0,0,3.89003,0.235147,0,0.66528,12.849,1,0.747032,0.36288,0,291.576,4.86843,286.323,0.84672,12.849,0.84672,3695.15,0,36.966,0.269942,4.75039,1.86616,20.3293,1.37201,25.3039,0.42336,36.966,0.42336,423.524,0,1.02816,0,0,5.77855,4.75039,1.028160,1,0,311.627,0,0,0,311.627,0
46.9352,2.45059,0,0,6.5221,0.224296,0.36288,3.6288,61.308,0.548609,0,0,2.56337,0.243838,0.724145,0.66528,12.849,1,0.724672,0.36288,0,150.337,4.66668,145.308,0.84672,12.849,0.84672,3695.15,0,36.966,0.336533,3.51053,1.86628,12.6862,1.30699,16.4195,0.42336,36.966,0.42336,423.524,0,1.02816,0,0,4.53869,3.51053,1.028160,1,0,162.452,0,0,0,162.452,0
53.0407,2.51183,0,0,9.24281,0.262599,0.36288,3.6288,61.308,0.537516,0,0,4.26494,0.254881,3.47254,0.66528,12.849,1,0.68764,0.36288,0,176.038,4.16231,171.551,0.84672,12.849,0.84672,3695.15,0,36.966,0.324099,4.83117,2.07326,19.0332,1.14443,24.4691,0.42336,36.966,0.42336,423.524,0,1.02816,0,0,5.85933,4.83117,1.028160,1,0,199.493,0,0,0,199.493,0
59.0681,2.5759,0,0,9.24636,0.280199,0.36288,3.6288,61.308,0.537675,0,0,4.73058,0.254881,3.93803,0.66528,12.849,1,0.624006,0.36288,0,188.061,4.16231,183.637,0.84672,12.849,0.84672,3695.15,0,36.966,0.324194,5.08124,2.05962,19.1554,1.14443,24.8276,0.42336,36.966,0.42336,423.524,0,1.02816,0,0,6.1094,5.08124,1.028160,1,0,212.403,0,0,0,212.403,0
63.6424,2.62855,0,0,7.86931,0.303569,0.36288,3.6288,61.308,0.537834,0,0,3.6141,0.253844,2.82242,0.66528,12.849,1,0.571785,0.36288,0,181.682,4.18848,177.285,0.84672,12.849,0.84672,3695.15,0,36.966,0.32429,3.99273,2.0599,15.1591,1.14214,19.7453,0.42336,36.966,0.42336,423.524,0,1.02816,0,0,5.02089,3.99273,1.028160,1,0,199.852,0,0,0,199.852,0
67.0938,2.32554,0,0,6.47747,0.337592,0.36288,3.6288,61.308,0.371472,0,0,2.97156,0.2489,2.35118,0.66528,12.849,1,0.469512,0.36288,0,138.313,4.19979,134.007,0.84672,12.849,0.84672,3695.15,0,36.966,0.223981,3.33667,2.06018,13.4261,1.08351,17.5155,0.42336,36.966,0.42336,423.524,0,1.02816,0,0,4.36483,3.33667,1.028160,1,0,153.874,0,0,0,153.874,0
70.0649,2.34612,0,0,5.98599,0.305874,0.36288,3.6288,61.308,0.371608,0,0,2.50809,0.25209,1.88439,0.66528,12.849,1,0.449301,0.36288,0,159.995,3.83544,156.073,0.84672,12.849,0.84672,3695.15,0,36.966,0.224063,2.63702,1.7782,12.7437,0.971333,15.9636,0.42336,36.966,0.42336,423.524,0,1.02816,0,0,3.66518,2.63702,1.028160,1,0,173.921,0,0,0,173.921,0
72.29,2.36254,0,0,6.8307,0.313052,1.93005,3.6288,61.308,0.371745,0,0,3.80849,0.25209,3.18465,0.66528,12.849,1,0.43326,1.93005,0,138.129,3.83544,135.79,0.84672,12.849,0.84672,3695.15,0,36.966,0.224146,4.03067,1.77844,17.2632,0.971333,21.8768,0.42336,36.966,0.42336,423.524,0,1.02816,0,0,5.05883,4.03067,1.028160,1,0,160.851,0,0,0,160.851,0
72.29,2.37419,0,0,6.30193,0.318428,3.60931,3.6288,61.308,0.371881,0,0,3.57416,0.25209,2.95019,0.66528,12.849,1,0.421994,3.60931,0,166.959,3.83544,166.311,0.84672,12.849,0.84672,3695.15,0,36.966,0.224228,3.53052,1.77867,15.7097,0.971333,19.8233,0.42336,36.966,0.42336,423.524,0,1.02816,0,0,4.55868,3.53052,1.028160,1,0,189.085,0,0,0,189.085,0
72.29,2.37451,0,0,6.75444,0.250459,4.12948,3.6288,61.308,0.372018,0,0,5.18711,0.215992,4.5991,0.66528,12.849,1,0.422051,4.12948,0,152.347,3.31227,152.742,0.84672,12.849,0.84672,3695.15,0,36.966,0.22431,4.92813,1.77891,19.0152,0.896181,24.6017,0.42336,36.966,0.42336,423.524,0,1.02816,0,0,5.95629,4.92813,1.028160,1,0,181.943,0,0,0,181.943,0
72.29,2.4616,0,0,8.04841,0.30742,5.27939,3.6288,61.308,0.41292,0,0,5.28655,0.212601,4.66103,0.66528,12.849,1,0.43753,5.27939,0,190.454,3.34656,191.949,0.84672,12.849,0.84672,3695.15,0,36.966,0.248972,7.59853,1.77915,23.5404,0.693006,31.9761,0.42336,36.966,0.42336,423.524,0,1.02816,0,0,8.62669,7.59853,1.028160,1,0,228.587,0,0,0,228.587,0
72.29,2.46193,0,0,5.46091,0.279461,2.71952,3.6288,61.308,0.413062,0,0,4.13935,0.194028,3.53227,0.66528,12.849,1,0.437589,2.71952,0,129.197,3.54744,127.931,0.84672,12.849,0.84672,3695.15,0,36.966,0.249058,4.72562,1.84903,12.4851,0.694539,18.1161,0.42336,36.966,0.42336,423.524,0,1.02816,0,0,5.75378,4.72562,1.028160,1,0,149.579,0,0,0,149.579,0
72.29,2.46226,0,0,5.23687,0.273542,2.50106,3.6288,61.308,0.413204,0,0,3.31229,0.192698,2.70639,0.66528,12.849,1,0.437648,2.50106,0,114.983,3.60696,113.439,0.84672,12.849,0.84672,3695.15,0,36.966,0.249144,3.55205,1.84928,10.3386,0.706098,14.7847,0.42336,36.966,0.42336,423.524,0,1.02816,0,0,4.58021,3.55205,1.028160,1,0,130.93,0,0,0,130.93,0
72.29,2.46259,0,0,5.14349,0.273542,2.40735,3.6288,61.308,0.413346,0,0,2.80739,0.192698,2.20134,0.66528,12.849,1,0.437707,2.40735,0,91.2842,3.60696,89.6469,0.84672,12.849,0.84672,3695.15,0,36.966,0.249229,3.76593,1.84953,15.8238,0.706098,20.4839,0.42336,36.966,0.42336,423.524,0,1.02816,0,0,4.79409,3.76593,1.028160,1,0,112.332,0,0,0,112.332,0
72.29,2.42898,0,0,6.3029,0.245311,3.62861,3.6288,61.308,0.397647,0,0,2.75347,0.197927,2.1579,0.66528,12.849,1,0.431733,3.62861,0,138.027,3.86888,137.355,0.84672,12.849,0.84672,3695.15,0,36.966,0.239764,4.78757,1.84978,16.5307,0.811976,22.1163,0.42336,36.966,0.42336,423.524,0,1.02816,0,0,5.81573,4.78757,1.028160,1,0,161.63,0,0,0,161.63,0
72.29,2.42931,0,0,4.43108,0.22109,1.78068,3.6288,61.308,0.397787,0,0,2.0003,0.21538,1.38713,0.66528,12.849,1,0.431791,1.78068,0,106.524,4.44686,103.426,0.84672,12.849,0.84672,3695.15,0,36.966,0.239848,3.29915,1.82292,9.17784,0.968345,13.0917,0.42336,36.966,0.42336,423.524,0,1.02816,0,0,4.32731,3.29915,1.028160,1,0,117.905,0,0,0,117.905,0
72.29,2.42964,0,0,4.16083,0.22109,1.5101,3.6288,61.308,0.397927,0,0,1.84076,0.21538,1.22745,0.66528,12.849,1,0.431849,1.5101,0,95.3623,4.44686,91.9937,0.84672,12.849,0.84672,3695.15,0,36.966,0.239933,2.58875,1.82316,8.47247,0.968345,11.6761,0.42336,36.966,0.42336,423.524,0,1.02816,0,0,3.61691,2.58875,1.028160,1,0,104.897,0,0,0,104.897,0
72.29,2.42996,0,0,3.80321,0.20111,1.17213,3.6288,61.308,0.398068,0,0,1.70895,0.228193,1.08269,0.66528,12.849,1,0.431908,1.17213,0,87.0627,4.72685,83.0761,0.84672,12.849,0.84672,3695.15,0,36.966,0.240017,2.47133,1.82341,7.23635,1.0076,10.2835,0.42336,36.966,0.42336,423.524,0,1.02816,0,0,3.49949,2.47133,1.028160,1,0,94.4422,0,0,0,94.4422,0
72.29,2.54558,0,0,3.60051,0.190222,0.864714,3.6288,61.308,0.454415,0,0,1.5821,0.239783,0.887907,0.66528,12.849,1,0.452457,0.864714,0,74.3679,4.4571,70.3231,0.84672,12.849,0.84672,3695.15,0,36.966,0.273992,2.60228,1.82366,7.35481,0.90432,10.6024,0.42336,36.966,0.42336,423.524,0,1.02816,0,0,3.63044,2.60228,1.028160,1,0,81.8134,0,0,0,81.8134,0
72.29,2.54592,0,0,3.44339,0.152584,0.74489,3.6288,61.308,0.454563,0,0,1.32027,0.228701,0.637006,0.66528,12.849,1,0.452518,0.74489,0,60.6499,4.60488,56.3374,0.84672,12.849,0.84672,3695.15,0,36.966,0.274081,2.24706,1.91896,5.70674,0.922998,8.67567,0.42336,36.966,0.42336,423.524,0,1.02816,0,0,3.27522,2.24706,1.028160,1,0,65.6501,0,0,0,65.6501,0
72.29,2.54626,0,0,3.1304,0.152584,0.431554,3.6288,61.308,0.454711,0,0,1.26823,0.228701,0.58482,0.66528,12.849,1,0.452579,0.431554,0,58.0815,4.60488,53.4555,0.84672,12.849,0.84672,3695.15,0,36.966,0.27417,1.53241,1.91921,5.51277,0.922998,7.76722,0.42336,36.966,0.42336,423.524,0,1.02816,0,0,2.56057,1.53241,1.028160,1,0,61.8076,0,0,0,61.8076,0
72.0002,2.54661,0,0,2.77229,0.152584,0.36288,3.6288,61.308,0.454859,0,0,1.13753,0.228701,0.453975,0.66528,12.849,1,0.45264,0.36288,0,50.0856,4.60488,45.3909,0.84672,12.849,0.84672,3695.15,0,36.966,0.27426,1.23475,1.91947,5.18993,0.922998,7.14689,0.42336,36.966,0.42336,423.524,0,1.02816,0,0,2.26291,1.23475,1.028160,1,0,52.9918,0,0,0,52.9918,0
71.4969,2.5454,0,0,2.53391,0.128962,0.36288,3.6288,61.308,0.455006,0,0,1.14045,0.244876,0.440563,0.66528,12.849,1,0.454247,0.36288,0,45.1296,4.86471,40.1735,0.84672,12.849,0.84672,3695.15,0,36.966,0.274349,1.49112,1.91973,5.05068,0.987298,7.19988,0.42336,36.966,0.42336,423.524,0,1.02816,0,0,2.51928,1.49112,1.028160,1,0,47.8139,0,0,0,47.8139,0
71.2636,2.52026,0,0,2.80117,0.151309,0.36288,3.6288,61.308,0.486068,0,0,1.05374,0.257542,0.310134,0.66528,12.849,1,0.452926,0.36288,0,59.4624,5.1091,54.2632,0.84672,12.849,0.84672,3695.15,0,36.966,0.293077,1.10178,1.91999,5.15592,1.20694,6.67768,0.42336,36.966,0.42336,423.524,0,1.02816,0,0,2.12994,1.10178,1.028160,1,0,61.251,0,0,0,61.251,0
70.9927,2.51934,0,0,2.72182,0.110561,0.36288,3.6288,61.308,0.48622,0,0,1.09161,0.275276,0.330116,0.66528,12.849,1,0.454244,0.36288,0,58.3167,5.15366,53.0717,0.84672,12.849,0.84672,3695.15,0,36.966,0.293169,1.25764,1.9535,5.28009,1.28067,6.91738,0.42336,36.966,0.42336,423.524,0,1.02816,0,0,2.2858,1.25764,1.028160,1,0,60.3192,0,0,0,60.3192,0
70.5337,2.51821,0,0,2.51054,0.0883972,0.36288,3.6288,61.308,0.486372,0,0,1.08348,0.283578,0.313532,0.66528,12.849,1,0.455773,0.36288,0,53.3706,5.21776,48.0599,0.84672,12.849,0.84672,3695.15,0,36.966,0.293261,1.1432,1.95376,5.05282,1.29971,6.55681,0.42336,36.966,0.42336,423.524,0,1.02816,0,0,2.17136,1.1432,1.028160,1,0,54.9303,0,0,0,54.9303,0
69.9141,2.51605,0,0,2.34738,0.0880207,0.36288,3.6288,61.308,0.486524,0,0,1.08677,0.283578,0.316663,0.66528,12.849,1,0.458344,0.36288,0,49.778,5.21776,44.4647,0.84672,12.849,0.84672,3695.15,0,36.966,0.293352,1.2556,1.95403,4.72709,1.29971,6.34365,0.42336,36.966,0.42336,423.524,0,1.02816,0,0,2.28376,1.2556,1.028160,1,0,51.1251,0,0,0,51.1251,0
69.2647,2.5716,0,0,2.37055,0.0855181,0.36288,3.6288,61.308,0.514241,0,0,1.03273,0.283461,0.235028,0.66528,12.849,1,0.472615,0.36288,0,48.815,5.41549,43.2898,0.84672,12.849,0.84672,3695.15,0,36.966,0.310065,1.15864,1.95429,4.44,1.36158,5.88129,0.42336,36.966,0.42336,423.524,0,1.02816,0,0,2.1868,1.15864,1.028160,1,0,49.4061,0,0,0,49.4061,0
68.7735,2.56821,0,0,2.52218,0.0823254,0.36288,3.6288,61.308,0.514397,0,0,0.981668,0.283305,0.183966,0.66528,12.849,1,0.476417,0.36288,0,48.9167,5.67913,43.1241,0.84672,12.849,0.84672,3695.15,0,36.966,0.310159,1.15411,2.0017,4.30028,1.44407,5.70186,0.42336,36.966,0.42336,423.524,0,1.02816,0,0,2.18227,1.15411,1.028160,1,0,49.0099,0,0,0,49.0099,0
67.9964,2.56569,0,0,2.23357,0.0820113,0.36288,3.6288,61.308,0.514553,0,0,0.921827,0.283305,0.12397,0.66528,12.849,1,0.479349,0.36288,0,46.0885,5.67913,40.2929,0.84672,12.849,0.84672,3695.15,0,36.966,0.310253,1.00341,2.00197,4.25843,1.44407,5.50949,0.42336,36.966,0.42336,423.524,0,1.02816,0,0,2.03157,1.00341,1.028160,1,0,45.9264,0,0,0,45.9264,0
67.0196,2.56143,0,0,2.02894,0.0815146,0.36288,3.6288,61.308,0.514709,0,0,0.896841,0.283305,0.0988268,0.66528,12.849,1,0.484022,0.36288,0,43.3849,5.67913,37.5846,0.84672,12.849,0.84672,3695.15,0,36.966,0.310347,0.872182,2.00224,4.1064,1.44407,5.22641,0.42336,36.966,0.42336,423.524,0,1.02816,0,0,1.90034,0.872182,1.028160,1,0,42.9099,0,0,0,42.9099,0
65.2733,3.03757,0,0,1.71846,0.06433,0.36288,3.6288,61.308,0.329932,0,0,0.891985,0.288963,0.27309,0.66528,12.849,1,0.582363,0.36288,0,41.3466,5.95593,35.1712,0.84672,12.849,0.84672,3695.15,0,36.966,0.198934,0.855852,2.00251,4.02962,1.44457,5.24448,0.42336,36.966,0.42336,423.524,0,1.02816,0,0,1.88401,0.855852,1.028160,1,0,40.6888,0,0,0,40.6888,0
63.5886,2.67118,0,0,1.42304,0.0736412,0.36288,3.6288,61.2494,0.594211,0,0,0.817491,0.281907,0,0.66528,12.849,1,0.52582,0.36288,0,28.578,5.71725,22.6978,0.84672,12.849,0.84672,3695.15,0,36.966,0.358283,0.850841,1.88133,4.40148,1.50305,5.27232,0.42336,36.966,0.42336,423.524,0,1.02816,0,0,1.879,0.850841,1.028160,1,0,27.9701,0,0,0,27.9701,0
61.7573,2.65995,0,0,1.26418,0.0726469,0.36288,3.6288,61.1055,0.594163,0,0,0.732059,0.281803,0,0.66528,12.849,1,0.537482,0.36288,0,25.5427,5.71725,19.6508,0.84672,12.849,0.84672,3695.15,0,36.966,0.358597,0.745865,2.12937,4.29843,1.50305,5.31201,0.42336,36.966,0.42336,423.524,0,1.02816,0,0,1.77403,0.745865,1.028160,1,0,24.9629,0,0,0,24.9629,0
60.0489,2.64711,0,0,1.37314,0.0715661,0.36288,3.6288,60.9708,0.593804,0,0,0.740733,0.281546,0,0.66528,12.849,1,0.550749,0.36288,0,24.4119,5.71725,18.5068,0.84672,12.849,0.84672,3695.15,0,36.966,0.359224,0.75905,2.12966,4.56562,1.50305,5.59205,0.42336,36.966,0.42336,423.524,0,1.02816,0,0,1.78721,0.75905,1.028160,1,0,24.0988,0,0,0,24.0988,0
59.088,2.63456,0,0,2.12092,0.0843858,0.36288,3.6288,60.9903,0.593476,0,0,0.890983,0.278095,0,0.66528,12.849,1,0.563732,0.36288,0,39.4294,5.6282,33.6004,0.84672,12.849,0.84672,3695.15,0,36.966,0.359818,1.11419,2.12994,4.825,1.49213,6.21718,0.42336,36.966,0.42336,423.524,0,1.02816,0,0,2.14235,1.11419,1.028160,1,0,39.8176,0,0,0,39.8176,0
58.4565,2.54722,0,0,2.38965,0.110999,0.36288,3.6288,60.9672,0.534347,0,0,0.758032,0.246782,0,0.66528,12.849,1,0.553907,0.36288,0,33.1212,4.55409,28.3761,0.84672,12.849,0.84672,3695.15,0,36.966,0.323866,0.571605,2.13023,5.27601,1.20957,6.44441,0.42336,36.966,0.42336,423.524,0,1.02816,0,0,1.59977,0.571605,1.028160,1,0,34.8205,0,0,0,34.8205,0
57.9541,2.54266,0,0,2.52337,0.120301,0.36288,3.6288,61.2112,0.534429,0,0,1.01288,0.234423,0,0.66528,12.849,1,0.558888,0.36288,0,36.5539,4.13038,32.2275,0.84672,12.849,0.84672,3695.15,0,36.966,0.324038,1.13202,2.03856,7.08796,1.09727,8.83724,0.42336,36.966,0.42336,423.524,0,1.02816,0,0,2.16018,1.13202,1.028160,1,0,41.0647,0,0,0,41.0647,0
57.3766,2.53903,0,0,2.44422,0.119714,0.36288,3.6288,61.308,0.535393,0,0,1.01419,0.234786,0.147199,0.66528,12.849,1,0.56293,0.36288,0,35.0626,4.13038,30.7322,0.84672,12.849,0.84672,3695.15,0,36.966,0.323329,1.13806,2.03884,6.48987,1.09727,8.24617,0.42336,36.966,0.42336,423.524,0,1.02816,0,0,2.16622,1.13806,1.028160,1,0,39.1255,0,0,0,39.1255,0
56.7066,2.53475,0,0,2.34663,0.11904,0.36288,3.6288,61.308,0.53587,0,0,1.03658,0.23493,0.265776,0.66528,12.849,1,0.567635,0.36288,0,33.411,4.13038,29.0758,0.84672,12.849,0.84672,3695.15,0,36.966,0.323106,1.33613,2.03911,6.41746,1.09727,8.37234,0.42336,36.966,0.42336,423.524,0,1.02816,0,0,2.36429,1.33613,1.028160,1,0,37.7139,0,0,0,37.7139,0
56.541,2.50491,0,0,2.84799,0.145854,0.36288,3.6288,61.308,0.500376,0,0,1.18355,0.228063,0.455111,0.66528,12.849,1,0.567581,0.36288,0,44.5128,4.21868,40.0895,0.84672,12.849,0.84672,3695.15,0,36.966,0.301705,1.51494,2.03939,8.90469,1.10793,11.0494,0.42336,36.966,0.42336,423.524,0,1.02816,0,0,2.5431,1.51494,1.028160,1,0,51.594,0,0,0,51.594,0
55.3602,2.50389,0,0,1.90055,0.214495,0.36288,3.6288,61.308,0.50053,0,0,0.732079,0.210897,0.0206519,0.66528,12.849,1,0.569012,0.36288,0,34.3292,4.4394,29.6837,0.84672,12.849,0.84672,3695.15,0,36.966,0.301797,0.35424,1.98983,5.90655,1.1346,6.81422,0.42336,36.966,0.42336,423.524,0,1.02816,0,0,1.3824,0.35424,1.028160,1,0,36.5186,0,0,0,36.5186,0
53.8623,2.49438,0,0,1.57133,0.21199,0.36288,3.6288,61.2272,0.500684,0,0,0.630799,0.210897,0,0.66528,12.849,1,0.57894,0.36288,0,27.5314,4.4394,22.8759,0.84672,12.849,0.84672,3695.15,0,36.966,0.30189,0.472487,1.9901,5.72942,1.1346,6.75551,0.42336,36.966,0.42336,423.524,0,1.02816,0,0,1.50065,0.472487,1.028160,1,0,29.6314,0,0,0,29.6314,0
54.8044,2.48171,0,0,3.99552,0.208812,0.36288,3.6288,61.308,0.50059,0,0,2.01955,0.21079,1.22739,0.66528,12.849,1,0.592019,0.36288,0,76.8098,4.4394,72.1412,0.84672,12.849,0.84672,3695.15,0,36.966,0.302232,3.53808,1.99036,13.3898,1.1346,17.4814,0.42336,36.966,0.42336,423.524,0,1.02816,0,0,4.56624,3.53808,1.028160,1,0,90.85,0,0,0,90.85,0
56.61,2.30275,0,0,4.70164,0.230411,0.36288,3.6288,61.308,0.386241,0,0,2.60485,0.195235,2.02337,0.66528,12.849,1,0.539883,0.36288,0,91.6419,4.22175,87.2431,0.84672,12.849,0.84672,3695.15,0,36.966,0.232886,1.95062,1.99063,13.5657,1.07295,16.2011,0.42336,36.966,0.42336,423.524,0,1.02816,0,0,2.97878,1.95062,1.028160,1,0,105.468,0,0,0,105.468,0
59.0176,2.26249,0,0,5.2839,0.250979,0.36288,3.6288,61.308,0.428173,0,0,4.0508,0.219478,3.40314,0.66528,12.849,1,0.513527,0.36288,0,65.9815,4.46817,61.3627,0.84672,12.849,0.84672,3695.15,0,36.966,0.258169,4.92974,1.8054,14.8435,1.14229,20.1782,0.42336,36.966,0.42336,423.524,0,1.02816,0,0,5.9579,4.92974,1.028160,1,0,84.9441,0,0,0,84.9441,0
60.1957,2.28019,0,0,4.07813,0.256951,0.36288,3.6288,61.308,0.428173,0,0,1.56547,0.219478,0.917822,0.66528,12.849,1,0.496431,0.36288,0,53.379,4.46817,48.7773,0.84672,12.849,0.84672,3695.15,0,36.966,0.258169,2.95167,1.84485,6.66502,1.14229,10.0611,0.42336,36.966,0.42336,423.524,0,1.02816,0,0,3.97983,2.95167,1.028160,1,0,59.7562,0,0,0,59.7562,0
61.2903,2.2887,0,0,4.00286,0.256647,0.36288,3.6288,61.308,0.428173,0,0,1.35372,0.233512,0.69203,0.66528,12.849,1,0.488531,0.36288,0,52.3613,4.51995,47.7157,0.84672,12.849,0.84672,3695.15,0,36.966,0.258169,1.70216,1.84496,7.95506,1.18224,10.0618,0.42336,36.966,0.42336,423.524,0,1.02816,0,0,2.73032,1.70216,1.028160,1,0,58.4694,0,0,0,58.4694,0
62.088,2.35124,0,0,3.76265,0.250889,0.36288,3.6288,61.308,0.386795,0,0,1.06274,0.268597,0.407343,0.66528,12.849,1,0.492918,0.36288,0,60.858,4.6494,56.0786,0.84672,12.849,0.84672,3695.15,0,36.966,0.23322,1.2633,1.84508,5.23895,1.28213,6.83197,0.42336,36.966,0.42336,423.524,0,1.02816,0,0,2.29146,1.2633,1.028160,1,0,63.3179,0,0,0,63.3179,0
64.903,2.43063,0,0,5.87231,0.263725,0.36288,3.6288,61.308,0.420181,0,0,1.91439,0.225163,1.26905,0.66528,12.849,1,0.503015,0.36288,0,107.533,3.85601,103.536,0.84672,12.849,0.84672,3695.15,0,36.966,0.253351,3.37872,1.80638,12.2125,1.09205,16.0522,0.42336,36.966,0.42336,423.524,0,1.02816,0,0,4.40688,3.37872,1.028160,1,0,120.858,0,0,0,120.858,0
71.4652,2.44916,0,0,9.67326,0.299046,0.36288,3.6288,61.308,0.420317,0,0,2.20365,0.186956,1.59638,0.66528,12.849,1,0.484865,0.36288,0,153.071,3.21279,149.736,0.84672,12.849,0.84672,3695.15,0,36.966,0.253433,5.12333,1.86449,14.5734,0.985217,20.3226,0.42336,36.966,0.42336,423.524,0,1.02816,0,0,6.15149,5.12333,1.028160,1,0,171.655,0,0,0,171.655,0
72.29,2.48721,0,0,8.59766,0.31482,4.97085,3.6288,61.308,0.420453,0,0,2.63251,0.186956,2.0251,0.66528,12.849,1,0.447185,4.97085,0,164.636,3.21279,165.947,0.84672,12.849,0.84672,3695.15,0,36.966,0.253514,5.75586,1.86473,18.4414,0.985217,24.8232,0.42336,36.966,0.42336,423.524,0,1.02816,0,0,6.78402,5.75586,1.028160,1,0,192.795,0,0,0,192.795,0
72.29,2.49186,0,0,7.4882,0.316803,4.67954,3.6288,61.308,0.420588,0,0,2.24014,0.186956,1.63259,0.66528,12.849,1,0.44291,4.67954,0,172.883,3.21279,173.907,0.84672,12.849,0.84672,3695.15,0,36.966,0.253596,5.31029,1.86497,16.1277,0.985217,22.0641,0.42336,36.966,0.42336,423.524,0,1.02816,0,0,6.33845,5.31029,1.028160,1,0,197.604,0,0,0,197.604,0
72.29,2.73526,0,0,11.5968,0.323231,8.53829,3.6288,61.308,0.545609,0,0,2.30132,0.177005,1.5787,0.66528,12.849,1,0.486172,8.53829,0,197.697,3.19257,202.557,0.84672,12.849,0.84672,3695.15,0,36.966,0.328978,5.81908,1.86521,19.127,0.951934,25.5304,0.42336,36.966,0.42336,423.524,0,1.02816,0,0,6.84724,5.81908,1.028160,1,0,229.666,0,0,0,229.666,0
72.29,2.73561,0,0,7.09279,0.361803,3.99538,3.6288,61.308,0.545761,0,0,2.74776,0.117301,2.0847,0.66528,12.849,1,0.486234,3.99538,0,118.469,3.07125,118.907,0.84672,12.849,0.84672,3695.15,0,36.966,0.329069,5.54316,2.07376,15.3406,0.752233,21.8762,0.42336,36.966,0.42336,423.524,0,1.02816,0,0,6.57132,5.54316,1.028160,1,0,142.868,0,0,0,142.868,0
72.29,2.73596,0,0,6.0707,0.354011,2.98072,3.6288,61.308,0.545912,0,0,2.58891,0.1339,1.90909,0.66528,12.849,1,0.486296,2.98072,0,142.459,3.46437,141.489,0.84672,12.849,0.84672,3695.15,0,36.966,0.329161,5.9974,2.07402,16.2146,0.875221,23.0816,0.42336,36.966,0.42336,423.524,0,1.02816,0,0,7.02556,5.9974,1.028160,1,0,166.48,0,0,0,166.48,0
72.29,2.73631,0,0,4.97661,0.34323,1.89707,3.6288,61.308,0.546064,0,0,2.11585,0.144492,1.42529,0.66528,12.849,1,0.486359,1.89707,0,137.204,3.68355,134.931,0.84672,12.849,0.84672,3695.15,0,36.966,0.329252,4.27937,2.07429,13.2317,0.916628,18.3395,0.42336,36.966,0.42336,423.524,0,1.02816,0,0,5.30753,4.27937,1.028160,1,0,154.696,0,0,0,154.696,0
72.29,2.38977,0,0,6.78778,0.343797,4.05421,3.6288,61.308,0.378533,0,0,1.81439,0.132896,1.30296,0.66528,12.849,1,0.424764,4.05421,0,101.474,3.36073,101.743,0.84672,12.849,0.84672,3695.15,0,36.966,0.228239,4.41643,2.07455,11.149,0.812205,16.5995,0.42336,36.966,0.42336,423.524,0,1.02816,0,0,5.44459,4.41643,1.028160,1,0,119.645,0,0,0,119.645,0
72.29,2.39008,0,0,5.23293,0.348964,2.49389,3.6288,61.308,0.378663,0,0,1.70521,0.115239,1.2113,0.66528,12.849,1,0.424818,2.49389,0,132.377,2.79626,131.65,0.84672,12.849,0.84672,3695.15,0,36.966,0.228317,4.76491,1.79059,9.76951,0.737262,15.3594,0.42336,36.966,0.42336,423.524,0,1.02816,0,0,5.79307,4.76491,1.028160,1,0,148.22,0,0,0,148.22,0
72.29,2.39038,0,0,6.30197,0.348964,3.56263,3.6288,61.308,0.378794,0,0,1.64074,0.115239,1.1467,0.66528,12.849,1,0.424872,3.56263,0,137.815,2.79626,138.156,0.84672,12.849,0.84672,3695.15,0,36.966,0.228396,3.85616,1.79082,12.0454,0.737262,16.7267,0.42336,36.966,0.42336,423.524,0,1.02816,0,0,4.88432,3.85616,1.028160,1,0,156.03,0,0,0,156.03,0
72.29,2.39069,0,0,5.64021,0.313032,2.93649,3.6288,61.308,0.378924,0,0,1.60811,0.127774,1.10141,0.66528,12.849,1,0.424927,2.93649,0,143.253,3.34691,142.418,0.84672,12.849,0.84672,3695.15,0,36.966,0.228474,4.91513,1.79105,9.91716,0.88062,15.5143,0.42336,36.966,0.42336,423.524,0,1.02816,0,0,5.94329,4.91513,1.028160,1,0,159.033,0,0,0,159.033,0
72.29,2.39099,0,0,6.97156,0.321354,4.25922,3.6288,61.308,0.379054,0,0,1.96353,0.125885,1.45859,0.66528,12.849,1,0.424981,4.25922,0,109.671,4.01828,109.487,0.84672,12.849,0.84672,3695.15,0,36.966,0.228553,4.06991,1.79128,10.7642,0.905566,15.4913,0.42336,36.966,0.42336,423.524,0,1.02816,0,0,5.09807,4.06991,1.028160,1,0,126.437,0,0,0,126.437,0
72.29,2.47867,0,0,6.9383,0.305787,4.15384,3.6288,61.308,0.420232,0,0,2.38608,0.174275,1.79158,0.66528,12.849,1,0.440565,4.15384,0,143.988,4.18005,143.521,0.84672,12.849,0.84672,3695.15,0,36.966,0.253381,4.30127,1.79151,10.5796,0.961292,15.4577,0.42336,36.966,0.42336,423.524,0,1.02816,0,0,5.32943,4.30127,1.028160,1,0,160.771,0,0,0,160.771,0
72.29,2.47899,0,0,4.91346,0.299852,2.13462,3.6288,61.308,0.420368,0,0,1.69813,0.195788,1.08198,0.66528,12.849,1,0.440621,2.13462,0,117.361,4.24788,114.807,0.84672,12.849,0.84672,3695.15,0,36.966,0.253463,3.42001,1.86186,9.36809,0.99201,13.4045,0.42336,36.966,0.42336,423.524,0,1.02816,0,0,4.44817,3.42001,1.028160,1,0,129.293,0,0,0,129.293,0
72.29,2.4793,0,0,4.10854,0.302034,1.3272,3.6288,61.308,0.420504,0,0,1.43701,0.160405,0.856105,0.66528,12.849,1,0.440678,1.3272,0,89.8249,3.68868,87.0227,0.84672,12.849,0.84672,3695.15,0,36.966,0.253545,2.95356,1.86209,8.1254,0.979954,11.7076,0.42336,36.966,0.42336,423.524,0,1.02816,0,0,3.98172,2.95356,1.028160,1,0,99.5864,0,0,0,99.5864,0
72.29,2.47962,0,0,3.6065,0.271671,0.855208,3.6288,61.308,0.420639,0,0,1.29906,0.168403,0.710016,0.66528,12.849,1,0.440734,0.855208,0,73.3234,3.71521,70.0226,0.84672,12.849,0.84672,3695.15,0,36.966,0.253627,2.62329,1.86233,7.12722,1.09566,10.2635,0.42336,36.966,0.42336,423.524,0,1.02816,0,0,3.65145,2.62329,1.028160,1,0,80.9962,0,0,0,80.9962,0
72.29,2.44576,0,0,3.73112,0.250607,1.03476,3.6288,61.308,0.404824,0,0,1.20355,0.192268,0.606459,0.66528,12.849,1,0.434715,1.03476,0,74.2902,3.67346,71.2168,0.84672,12.849,0.84672,3695.15,0,36.966,0.244091,2.12797,1.86257,6.77393,1.10113,9.41926,0.42336,36.966,0.42336,423.524,0,1.02816,0,0,3.15613,2.12797,1.028160,1,0,81.2425,0,0,0,81.2425,0
72.29,2.44607,0,0,3.65749,0.222523,0.988899,3.6288,61.308,0.404958,0,0,1.24743,0.224089,0.618379,0.66528,12.849,1,0.434771,0.988899,0,78.8832,3.61778,75.8196,0.84672,12.849,0.84672,3695.15,0,36.966,0.244172,1.89593,1.83551,6.59681,1.10841,8.97567,0.42336,36.966,0.42336,423.524,0,1.02816,0,0,2.92409,1.89593,1.028160,1,0,85.4136,0,0,0,85.4136,0
72.29,2.44638,0,0,3.42795,0.222523,0.759048,3.6288,61.308,0.405092,0,0,1.06748,0.224089,0.4383,0.66528,12.849,1,0.434826,0.759048,0,74.6677,3.61778,71.3742,0.84672,12.849,0.84672,3695.15,0,36.966,0.244252,1.34916,1.83574,6.24473,1.10841,8.07698,0.42336,36.966,0.42336,423.524,0,1.02816,0,0,2.37732,1.34916,1.028160,1,0,79.8895,0,0,0,79.8895,0
72.29,2.4467,0,0,4.05799,0.198194,1.4131,3.6288,61.308,0.405225,0,0,1.06064,0.235958,0.419454,0.66528,12.849,1,0.434882,1.4131,0,78.9869,4.55348,75.4116,0.84672,12.849,0.84672,3695.15,0,36.966,0.244333,1.47004,1.83598,8.22286,1.1453,10.1392,0.42336,36.966,0.42336,423.524,0,1.02816,0,0,2.4982,1.47004,1.028160,1,0,85.9703,0,0,0,85.9703,0
72.29,2.56309,0,0,3.08334,0.145696,0.374556,3.6288,61.308,0.461953,0,0,1.00094,0.255386,0.283604,0.66528,12.849,1,0.455569,0.374556,0,54.0314,5.43426,48.5161,0.84672,12.849,0.84672,3695.15,0,36.966,0.278537,1.34745,1.83621,6.12567,1.24902,7.78177,0.42336,36.966,0.42336,423.524,0,1.02816,0,0,2.37561,1.34745,1.028160,1,0,56.5815,0,0,0,56.5815,0
72.29,2.56341,0,0,3.24785,0.132566,0.551872,3.6288,61.308,0.462094,0,0,0.9544,0.253879,0.238427,0.66528,12.849,1,0.455628,0.551872,0,61.6732,4.49977,57.2697,0.84672,12.849,0.84672,3695.15,0,36.966,0.278622,1.02546,1.93216,6.06443,1.19391,7.54952,0.42336,36.966,0.42336,423.524,0,1.02816,0,0,2.05362,1.02546,1.028160,1,0,65.0576,0,0,0,65.0576,0
72.2628,2.56374,0,0,3.03204,0.132566,0.36288,3.6288,61.308,0.462235,0,0,0.91298,0.253879,0.196866,0.66528,12.849,1,0.455686,0.36288,0,56.5633,4.49977,51.9707,0.84672,12.849,0.84672,3695.15,0,36.966,0.278707,0.995311,1.9324,5.55977,1.19391,7.01487,0.42336,36.966,0.42336,423.524,0,1.02816,0,0,2.02347,0.995311,1.028160,1,0,59.1825,0,0,0,59.1825,0
72.1072,2.56392,0,0,2.90373,0.132539,0.36288,3.6288,61.308,0.462376,0,0,0.90625,0.253879,0.189994,0.66528,12.849,1,0.455889,0.36288,0,48.8373,4.49977,44.2445,0.84672,12.849,0.84672,3695.15,0,36.966,0.278792,1.13707,1.93265,5.14887,1.19391,6.74588,0.42336,36.966,0.42336,423.524,0,1.02816,0,0,2.16523,1.13707,1.028160,1,0,51.1803,0,0,0,51.1803,0
71.8101,2.56342,0,0,2.74889,0.119705,0.36288,3.6288,61.308,0.462517,0,0,0.834468,0.271563,0.100388,0.66528,12.849,1,0.456783,0.36288,0,46.6156,4.51877,42.0029,0.84672,12.849,0.84672,3695.15,0,36.966,0.278877,1.0259,1.9329,4.87833,1.25249,6.30576,0.42336,36.966,0.42336,423.524,0,1.02816,0,0,2.05406,1.0259,1.028160,1,0,48.409,0,0,0,48.409,0
71.3437,2.53919,0,0,2.54052,0.104839,0.36288,3.6288,61.308,0.493783,0,0,0.834157,0.241459,0.0989149,0.66528,12.849,1,0.454338,0.36288,0,42.25,4.84198,37.3166,0.84672,12.849,0.84672,3695.15,0,36.966,0.297729,1.18279,1.93314,5.13988,1.13937,6.81872,0.42336,36.966,0.42336,423.524,0,1.02816,0,0,2.21095,1.18279,1.028160,1,0,44.2342,0,0,0,44.2342,0
70.6282,2.537,0,0,2.28968,0.105372,0.36288,3.6288,61.308,0.493928,0,0,0.801809,0.219986,0.0878945,0.66528,12.849,1,0.456914,0.36288,0,40.1979,4.96115,35.1428,0.84672,12.849,0.84672,3695.15,0,36.966,0.297817,1.01453,1.96687,4.95767,1.06287,6.57837,0.42336,36.966,0.42336,423.524,0,1.02816,0,0,2.04269,1.01453,1.028160,1,0,41.809,0,0,0,41.809,0
69.733,2.53341,0,0,2.09655,0.0953945,0.36288,3.6288,61.308,0.494073,0,0,0.763119,0.241925,0.0271215,0.66528,12.849,1,0.460889,0.36288,0,35.4497,5.24344,30.1082,0.84672,12.849,0.84672,3695.15,0,36.966,0.297904,0.930709,1.96712,4.81463,1.16591,6.24864,0.42336,36.966,0.42336,423.524,0,1.02816,0,0,1.95887,0.930709,1.028160,1,0,36.384,0,0,0,36.384,0
68.7493,2.52874,0,0,1.9793,0.071397,0.36288,3.6288,61.2292,0.494218,0,0,0.712169,0.29677,0,0.66528,12.849,1,0.465945,0.36288,0,31.5296,5.9492,25.4773,0.84672,12.849,0.84672,3695.15,0,36.966,0.297992,0.896461,1.96737,4.59255,1.42353,5.73486,0.42336,36.966,0.42336,423.524,0,1.02816,0,0,1.92462,0.896461,1.028160,1,0,31.2122,0,0,0,31.2122,0
67.5878,2.58233,0,0,1.85244,0.0687748,0.36288,3.6288,61.0828,0.521864,0,0,0.677324,0.301818,0,0.66528,12.849,1,0.482629,0.36288,0,30.9899,6.01562,24.8545,0.84672,12.849,0.84672,3695.15,0,36.966,0.315066,0.905446,1.96762,4.31621,1.43384,5.44036,0.42336,36.966,0.42336,423.524,0,1.02816,0,0,1.93361,0.905446,1.028160,1,0,30.2949,0,0,0,30.2949,0
66.5449,2.57569,0,0,1.95871,0.0630023,0.36288,3.6288,60.9226,0.521542,0,0,0.675873,0.314516,0,0.66528,12.849,1,0.489661,0.36288,0,30.2313,6.18166,23.9228,0.84672,12.849,0.84672,3695.15,0,36.966,0.315626,0.974238,2.01534,4.07693,1.45964,5.29125,0.42336,36.966,0.42336,423.524,0,1.02816,0,0,2.0024,0.974238,1.028160,1,0,29.2141,0,0,0,29.2141,0
65.3418,2.56959,0,0,1.79183,0.0624853,0.36288,3.6288,60.7225,0.521174,0,0,0.635256,0.314197,0,0.66528,12.849,1,0.496156,0.36288,0,28.4241,6.18166,22.1092,0.84672,12.849,0.84672,3695.15,0,36.966,0.316232,0.936611,2.0156,4.14974,1.45964,5.32608,0.42336,36.966,0.42336,423.524,0,1.02816,0,0,1.96477,0.936611,1.028160,1,0,27.4353,0,0,0,27.4353,0
63.9771,2.56228,0,0,1.62239,0.0618889,0.36288,3.6288,60.495,0.520674,0,0,0.606949,0.313798,0,0.66528,12.849,1,0.503855,0.36288,0,26.7702,6.18166,20.4475,0.84672,12.849,0.84672,3695.15,0,36.966,0.316971,0.736318,2.01586,3.85836,1.45964,4.83393,0.42336,36.966,0.42336,423.524,0,1.02816,0,0,1.76448,0.736318,1.028160,1,0,25.2815,0,0,0,25.2815,0
62.3056,2.68001,0,0,1.41883,0.0474358,0.36288,3.6288,60.1772,0.599398,0,0,0.602651,0.321075,0,0.66528,12.849,1,0.538247,0.36288,0,25.4909,6.40599,18.9096,0.84672,12.849,0.84672,3695.15,0,36.966,0.366267,0.708152,2.01611,3.89965,1.50445,4.75319,0.42336,36.966,0.42336,423.524,0,1.02816,0,0,1.73631,0.708152,1.028160,1,0,23.6628,0,0,0,23.6628,0
60.4371,2.66838,0,0,1.21995,0.0572291,0.36288,3.6288,59.8327,0.598358,0,0,0.565962,0.312091,0,0.66528,12.849,1,0.550289,0.36288,0,20.7751,6.05695,14.5308,0.84672,12.849,0.84672,3695.15,0,36.966,0.367563,0.780408,2.14353,3.90109,1.57111,4.88636,0.42336,36.966,0.42336,423.524,0,1.02816,0,0,1.80857,0.780408,1.028160,1,0,19.4171,0,0,0,19.4171,0
58.4453,2.65469,0,0,1.08251,0.0567345,0.36288,3.6288,59.4276,0.597207,0,0,0.504249,0.312117,0,0.66528,12.849,1,0.564391,0.36288,0,18.3126,6.01576,12.0953,0.84672,12.849,0.84672,3695.15,0,36.966,0.368968,0.706182,2.14381,3.82691,1.60693,4.701,0.42336,36.966,0.42336,423.524,0,1.02816,0,0,1.73434,0.706182,1.028160,1,0,16.7963,0,0,0,16.7963,0
56.5401,2.63926,0,0,1.15258,0.0556667,0.36288,3.6288,59.0206,0.595813,0,0,0.500128,0.31131,0,0.66528,12.849,1,0.580233,0.36288,0,17.1067,6.01576,10.8736,0.84672,12.849,0.84672,3695.15,0,36.966,0.370616,0.679389,2.14408,4.03339,1.60693,4.87931,0.42336,36.966,0.42336,423.524,0,1.02816,0,0,1.70755,0.679389,1.028160,1,0,15.7529,0,0,0,15.7529,0
55.2199,2.62367,0,0,1.72998,0.0635589,0.36288,3.6288,58.7133,0.594399,0,0,0.595496,0.308385,0,0.66528,12.849,1,0.596241,0.36288,0,25.2609,5.9564,19.0711,0.84672,12.849,0.84672,3695.15,0,36.966,0.372286,1.0168,2.14435,4.28631,1.59964,5.47554,0.42336,36.966,0.42336,423.524,0,1.02816,0,0,2.04496,1.0168,1.028160,1,0,24.5466,0,0,0,24.5466,0
55.0669,2.53273,0,0,2.81019,0.0676121,0.36288,3.6288,58.8226,0.534454,0,0,0.908297,0.264568,0,0.66528,12.849,1,0.589335,0.36288,0,33.1076,5.15277,27.7284,0.84672,12.849,0.84672,3695.15,0,36.966,0.336493,1.68516,2.14463,6.25645,1.528,8.22175,0.42336,36.966,0.42336,423.524,0,1.02816,0,0,2.71332,1.68516,1.028160,1,0,35.9501,0,0,0,35.9501,0
53.4314,2.53172,0,0,1.31382,0.0546804,0.36288,3.6288,58.5627,0.534986,0,0,0.511326,0.236284,0,0.66528,12.849,1,0.590738,0.36288,0,39.6233,4.66137,34.7341,0.84672,12.849,0.84672,3695.15,0,36.966,0.336202,0.64787,2.05232,3.39536,1.48792,4.27143,0.42336,36.966,0.42336,423.524,0,1.02816,0,0,1.67603,0.64787,1.028160,1,0,39.0055,0,0,0,39.0055,0
51.7163,2.51747,0,0,1.21896,0.0537829,0.36288,3.6288,58.3116,0.53422,0,0,0.519057,0.235889,0,0.66528,12.849,1,0.605392,0.36288,0,23.535,4.66137,18.6311,0.84672,12.849,0.84672,3695.15,0,36.966,0.337211,0.260202,2.05259,2.56587,1.48792,3.05353,0.42336,36.966,0.42336,423.524,0,1.02816,0,0,1.28836,0.260202,1.028160,1,0,21.6847,0,0,0,21.6847,0
51.9457,2.50171,0,0,3.22538,0.13137,0.36288,3.6288,58.4659,0.53348,0,0,0.931875,0.2441,0,0.66528,12.849,1,0.621553,0.36288,0,35.0802,4.10393,30.7176,0.84672,12.849,0.84672,3695.15,0,36.966,0.338194,2.24815,2.05285,7.49569,1.36422,10.0943,0.42336,36.966,0.42336,423.524,0,1.02816,0,0,3.27631,2.24815,1.028160,1,0,40.8119,0,0,0,40.8119,0
51.2598,2.47976,0,0,2.30776,0.151012,0.36288,3.6288,58.4496,0.498928,0,0,0.737439,0.254828,0,0.66528,12.849,1,0.61338,0.36288,0,54.1275,4.13291,49.7441,0.84672,12.849,0.84672,3695.15,0,36.966,0.315455,0.754773,2.05311,4.40182,1.28855,5.6057,0.42336,36.966,0.42336,423.524,0,1.02816,0,0,1.78293,0.754773,1.028160,1,0,55.3498,0,0,0,55.3498,0
49.6202,2.47352,0,0,1.34061,0.143839,0.36288,3.6288,58.2617,0.499018,0,0,0.563296,0.2522,0,0.66528,12.849,1,0.620022,0.36288,0,18.6942,4.92041,13.5166,0.84672,12.849,0.84672,3695.15,0,36.966,0.3156,0.354827,2.0032,3.62724,1.10602,4.56365,0.42336,36.966,0.42336,423.524,0,1.02816,0,0,1.38299,0.354827,1.028160,1,0,18.0803,0,0,0,18.0803,0
48.5888,2.45756,0,0,1.93047,0.141378,0.36288,3.6288,58.4252,0.49854,0,0,0.913922,0.251895,0,0.66528,12.849,1,0.636377,0.36288,0,33.661,4.92041,28.4671,0.84672,12.849,0.84672,3695.15,0,36.966,0.316315,1.17386,2.00346,5.72335,1.10602,7.47835,0.42336,36.966,0.42336,423.524,0,1.02816,0,0,2.20202,1.17386,1.028160,1,0,35.9455,0,0,0,35.9455,0
49.492,2.44719,0,0,3.89918,0.185906,0.36288,3.6288,59.239,0.499226,0,0,1.54856,0.235512,0,0.66528,12.849,1,0.647142,0.36288,0,43.7765,4.41997,39.0722,0.84672,12.849,0.84672,3695.15,0,36.966,0.315864,1.55861,2.00372,9.27948,1.03334,11.4926,0.42336,36.966,0.42336,423.524,0,1.02816,0,0,2.58677,1.55861,1.028160,1,0,50.5648,0,0,0,50.5648,0
50.7098,2.27184,0,0,4.04024,0.187726,0.36288,3.6288,59.8309,0.388022,0,0,1.21668,0.236746,0,0.66528,12.849,1,0.589811,0.36288,0,43.9276,4.41997,39.2807,0.84672,12.849,0.84672,3695.15,0,36.966,0.242131,1.73061,2.00397,5.8949,1.03334,8.35401,0.42336,36.966,0.42336,423.524,0,1.02816,0,0,2.75877,1.73061,1.028160,1,0,47.6347,0,0,0,47.6347,0
53.8331,2.23878,0,0,5.93294,0.207954,0.36288,3.6288,61.308,0.424227,0,0,2.49202,0.200296,0.390392,0.66528,12.849,1,0.567269,0.36288,0,68.7262,3.80051,64.7213,0.84672,12.849,0.84672,3695.15,0,36.966,0.262105,2.77322,1.81749,10.8972,1.01934,14.2065,0.42336,36.966,0.42336,423.524,0,1.02816,0,0,3.80138,2.77322,1.028160,1,0,79.3182,0,0,0,79.3182,0
58.6133,2.26582,0,0,7.62664,0.217835,0.36288,3.6288,61.308,0.428167,0,0,1.61728,0.195901,0.993211,0.66528,12.849,1,0.54081,0.36288,0,108.025,3.69726,104.15,0.84672,12.849,0.84672,3695.15,0,36.966,0.258165,2.63892,1.85047,11.8398,1.01701,15.054,0.42336,36.966,0.42336,423.524,0,1.02816,0,0,3.66708,2.63892,1.028160,1,0,120.197,0,0,0,120.197,0
61.0562,2.30247,0,0,5.33669,0.228417,0.36288,3.6288,61.308,0.428166,0,0,1.06749,0.195901,0.443426,0.66528,12.849,1,0.504739,0.36288,0,81.934,3.69726,78.0949,0.84672,12.849,0.84672,3695.15,0,36.966,0.258165,2.25533,1.85058,10.9687,1.01701,13.7994,0.42336,36.966,0.42336,423.524,0,1.02816,0,0,3.28349,2.25533,1.028160,1,0,92.3377,0,0,0,92.3377,0
63.1918,2.36534,0,0,5.12312,0.259322,0.36288,3.6288,61.308,0.393648,0,0,1.98116,0.223515,1.364,0.66528,12.849,1,0.497776,0.36288,0,97.9837,3.96168,93.8871,0.84672,12.849,0.84672,3695.15,0,36.966,0.237352,3.33983,1.85069,12.9079,1.10486,16.7562,0.42336,36.966,0.42336,423.524,0,1.02816,0,0,4.36799,3.33983,1.028160,1,0,112.007,0,0,0,112.007,0
68.6177,2.37932,0,0,8.46244,0.294338,0.36288,3.6288,61.308,0.393648,0,0,2.80503,0.236844,2.17454,0.66528,12.849,1,0.483796,0.36288,0,106.557,4.17074,102.265,0.84672,12.849,0.84672,3695.15,0,36.966,0.237352,3.91035,1.81842,14.3923,1.19501,18.6887,0.42336,36.966,0.42336,423.524,0,1.02816,0,0,4.93851,3.91035,1.028160,1,0,123.129,0,0,0,123.129,0
72.29,2.4874,0,0,8.44715,0.30115,1.98626,3.6288,61.308,0.427249,0,0,2.76043,0.205525,2.12765,0.66528,12.849,1,0.465778,1.98626,0,168.043,3.97939,165.584,0.84672,12.849,0.84672,3695.15,0,36.966,0.257612,6.60454,1.81842,22.0145,1.15902,29.0209,0.42336,36.966,0.42336,423.524,0,1.02816,0,0,7.6327,6.60454,1.028160,1,0,196.732,0,0,0,196.732,0
72.29,2.50779,0,0,6.99348,0.309782,4.1759,3.6288,61.308,0.427378,0,0,3.49617,0.205525,2.86326,0.66528,12.849,1,0.445742,4.1759,0,155.277,3.97939,155.028,0.84672,12.849,0.84672,3695.15,0,36.966,0.25769,4.66261,1.87691,15.6843,1.15902,20.8071,0.42336,36.966,0.42336,423.524,0,1.02816,0,0,5.69077,4.66261,1.028160,1,0,178.698,0,0,0,178.698,0
72.29,2.5081,0,0,7.91182,0.30934,5.09438,3.6288,61.308,0.427508,0,0,2.37319,0.195184,1.7505,0.66528,12.849,1,0.445795,5.09438,0,158.708,3.84587,159.511,0.84672,12.849,0.84672,3695.15,0,36.966,0.257768,3.47702,1.87713,11.2067,1.13085,15.1722,0.42336,36.966,0.42336,423.524,0,1.02816,0,0,4.50518,3.47702,1.028160,1,0,176.434,0,0,0,176.434,0
72.29,2.5084,0,0,6.35161,0.308235,3.53497,3.6288,61.308,0.427637,0,0,1.8566,0.16933,1.25963,0.66528,12.849,1,0.445849,3.53497,0,144.926,3.51204,144.504,0.84672,12.849,0.84672,3695.15,0,36.966,0.257846,2.78942,1.87736,12.0487,1.0604,15.3973,0.42336,36.966,0.42336,423.524,0,1.02816,0,0,3.81758,2.78942,1.028160,1,0,161.16,0,0,0,161.16,0
72.29,3.0682,0,0,4.5347,0.272001,1.1945,3.6288,61.308,0.269984,0,0,2.26625,0.183054,1.81322,0.66528,12.849,1,0.545349,1.1945,0,113.162,3.75864,110.053,0.84672,12.849,0.84672,3695.15,0,36.966,0.162788,2.45659,1.87759,9.83621,0.667866,13.3397,0.42336,36.966,0.42336,423.524,0,1.02816,0,0,3.48475,2.45659,1.028160,1,0,125.206,0,0,0,125.206,0
72.29,3.06853,0,0,4.53934,0.30697,1.16385,3.6288,61.308,0.270125,0,0,2.1637,0.206843,1.68673,0.66528,12.849,1,0.545407,1.16385,0,113.492,4.46586,109.645,0.84672,12.849,0.84672,3695.15,0,36.966,0.162874,2.66763,1.80589,10.169,1.10151,13.3782,0.42336,36.966,0.42336,423.524,0,1.02816,0,0,3.69579,2.66763,1.028160,1,0,124.71,0,0,0,124.71,0
72.29,3.06885,0,0,4.17168,0.30697,0.795854,3.6288,61.308,0.270267,0,0,1.9496,0.206843,1.47249,0.66528,12.849,1,0.545466,0.795854,0,103.59,4.46586,99.3747,0.84672,12.849,0.84672,3695.15,0,36.966,0.162959,2.71092,1.80614,9.47134,1.10151,12.7239,0.42336,36.966,0.42336,423.524,0,1.02816,0,0,3.73908,2.71092,1.028160,1,0,113.571,0,0,0,113.571,0
72.29,3.06918,0,0,4.89269,0.30697,1.51654,3.6288,61.308,0.270409,0,0,2.06321,0.206843,1.58596,0.66528,12.849,1,0.545524,1.51654,0,123.819,4.46586,120.324,0.84672,12.849,0.84672,3695.15,0,36.966,0.163045,2.70064,1.80639,9.97877,1.10151,13.2212,0.42336,36.966,0.42336,423.524,0,1.02816,0,0,3.7288,2.70064,1.028160,1,0,135.131,0,0,0,135.131,0
72.29,2.40555,0,0,8.42063,0.315468,5.69961,3.6288,61.308,0.385266,0,0,5.85662,0.201415,5.26993,0.66528,12.849,1,0.427568,5.69961,0,263.3,4.10202,264.47,0.84672,12.849,0.84672,3695.15,0,36.966,0.232298,8.61572,1.80664,22.1547,0.940258,31.4045,0.42336,36.966,0.42336,423.524,0,1.02816,0,0,9.64388,8.61572,1.028160,1,0,301.144,0,0,0,301.144,0
72.29,2.40584,0,0,8.01973,0.317813,5.29608,3.6288,61.308,0.38539,0,0,4.49207,0.18649,3.92019,0.66528,12.849,1,0.42762,5.29608,0,196.334,3.88731,197.315,0.84672,12.849,0.84672,3695.15,0,36.966,0.232373,6.55197,1.80241,15.9691,0.846079,23.2451,0.42336,36.966,0.42336,423.524,0,1.02816,0,0,7.58013,6.55197,1.028160,1,0,224.48,0,0,0,224.48,0
72.29,2.40613,0,0,6.84253,0.317813,4.11859,3.6288,61.308,0.385514,0,0,3.80085,0.18649,3.22884,0.66528,12.849,1,0.427671,4.11859,0,192.714,3.88731,192.518,0.84672,12.849,0.84672,3695.15,0,36.966,0.232448,4.5684,1.80263,12.5238,0.846079,17.8163,0.42336,36.966,0.42336,423.524,0,1.02816,0,0,5.59656,4.5684,1.028160,1,0,213.563,0,0,0,213.563,0
72.29,2.40642,0,0,7.61098,0.306485,4.89807,3.6288,61.308,0.385638,0,0,3.70084,0.180474,3.13473,0.66528,12.849,1,0.427723,4.89807,0,202.671,3.80011,203.341,0.84672,12.849,0.84672,3695.15,0,36.966,0.232523,5.56049,1.80285,16.8707,0.833553,23.168,0.42336,36.966,0.42336,423.524,0,1.02816,0,0,6.58865,5.56049,1.028160,1,0,229.644,0,0,0,229.644,0
72.29,2.40671,0,0,7.03305,0.298888,4.32745,3.6288,61.308,0.385762,0,0,3.99876,0.163382,3.44962,0.66528,12.849,1,0.427774,4.32745,0,206.416,3.44315,206.872,0.84672,12.849,0.84672,3695.15,0,36.966,0.232598,4.82505,1.80307,15.8085,0.851105,21.3529,0.42336,36.966,0.42336,423.524,0,1.02816,0,0,5.85321,4.82505,1.028160,1,0,231.675,0,0,0,231.675,0
72.29,2.49495,0,0,4.60572,0.344167,1.76661,3.6288,61.308,0.427203,0,0,3.77891,0.177637,3.17407,0.66528,12.849,1,0.443458,1.76661,0,151.374,3.5678,149.129,0.84672,12.849,0.84672,3695.15,0,36.966,0.257585,3.42474,1.80328,11.0615,0.920634,15.1113,0.42336,36.966,0.42336,423.524,0,1.02816,0,0,4.4529,3.42474,1.028160,1,0,167.414,0,0,0,167.414,0
72.29,2.49525,0,0,5.0821,0.344167,2.24268,3.6288,61.308,0.427333,0,0,3.92429,0.177637,3.31932,0.66528,12.849,1,0.443512,2.24268,0,114.42,3.5678,112.652,0.84672,12.849,0.84672,3695.15,0,36.966,0.257663,3.71726,1.87408,13.0312,0.920634,17.4442,0.42336,36.966,0.42336,423.524,0,1.02816,0,0,4.74542,3.71726,1.028160,1,0,133.415,0,0,0,133.415,0
72.29,2.49555,0,0,4.47864,0.353672,1.62942,3.6288,61.308,0.427462,0,0,4.04358,0.22602,3.3901,0.66528,12.849,1,0.443565,1.62942,0,109.344,4.59137,105.938,0.84672,12.849,0.84672,3695.15,0,36.966,0.25774,3.88601,1.87431,13.2329,1.00846,17.7271,0.42336,36.966,0.42336,423.524,0,1.02816,0,0,4.91417,3.88601,1.028160,1,0,127.055,0,0,0,127.055,0
72.29,2.49585,0,0,4.04623,0.29145,1.25893,3.6288,61.308,0.427591,0,0,3.1246,0.210049,2.48696,0.66528,12.849,1,0.443619,1.25893,0,91.9852,3.7851,89.0154,0.84672,12.849,0.84672,3695.15,0,36.966,0.257818,2.67699,1.87453,9.23416,0.94787,12.58,0.42336,36.966,0.42336,423.524,0,1.02816,0,0,3.70515,2.67699,1.028160,1,0,104.082,0,0,0,104.082,0
71.9238,2.46175,0,0,2.74437,0.285889,0.36288,3.6288,61.308,0.411665,0,0,1.53553,0.197502,0.92636,0.66528,12.849,1,0.437557,0.36288,0,58.2571,3.87219,54.3102,0.84672,12.849,0.84672,3695.15,0,36.966,0.248216,1.17736,1.87476,7.01061,1.05086,8.76366,0.42336,36.966,0.42336,423.524,0,1.02816,0,0,2.20552,1.17736,1.028160,1,0,64.0002,0,0,0,64.0002,0
72.29,2.46016,0,0,4.00626,0.285094,0.894862,3.6288,61.308,0.411792,0,0,1.79684,0.197502,1.18755,0.66528,12.849,1,0.4395,0.894862,0,68.6657,3.87219,65.2489,0.84672,12.849,0.84672,3695.15,0,36.966,0.248292,1.43734,1.84751,6.31312,1.05086,8.29882,0.42336,36.966,0.42336,423.524,0,1.02816,0,0,2.4655,1.43734,1.028160,1,0,74.7352,0,0,0,74.7352,0
72.2061,2.46234,0,0,2.98917,0.247833,0.36288,3.6288,61.308,0.411919,0,0,1.64356,0.206427,1.02521,0.66528,12.849,1,0.437663,0.36288,0,66.6405,4.14309,62.4226,0.84672,12.849,0.84672,3695.15,0,36.966,0.248369,1.19057,1.84773,5.62178,1.00071,7.411,0.42336,36.966,0.42336,423.524,0,1.02816,0,0,2.21873,1.19057,1.028160,1,0,70.8588,0,0,0,70.8588,0
71.5839,2.46221,0,0,2.43535,0.232463,0.36288,3.6288,61.308,0.412046,0,0,1.42578,0.209998,0.803738,0.66528,12.849,1,0.438148,0.36288,0,52.1104,4.25145,47.7837,0.84672,12.849,0.84672,3695.15,0,36.966,0.248446,0.922933,1.84796,5.09132,0.980653,6.63311,0.42336,36.966,0.42336,423.524,0,1.02816,0,0,1.95109,0.922933,1.028160,1,0,55.2206,0,0,0,55.2206,0
70.991,2.57594,0,0,2.55531,0.209376,0.36288,3.6288,61.308,0.469136,0,0,1.37658,0.212789,0.694652,0.66528,12.849,1,0.46237,0.36288,0,51.9557,3.73035,48.1258,0.84672,12.849,0.84672,3695.15,0,36.966,0.282868,1.02977,1.84818,5.15955,1.07965,6.67497,0.42336,36.966,0.42336,423.524,0,1.02816,0,0,2.05793,1.02977,1.028160,1,0,55.4955,0,0,0,55.4955,0
70.4506,2.57298,0,0,2.60018,0.204781,0.36288,3.6288,61.308,0.46927,0,0,1.48398,0.213254,0.801456,0.66528,12.849,1,0.465696,0.36288,0,51.5724,3.6435,47.8261,0.84672,12.849,0.84672,3695.15,0,36.966,0.282949,0.999302,1.94473,5.69047,1.09615,7.2554,0.42336,36.966,0.42336,423.524,0,1.02816,0,0,2.02746,0.999302,1.028160,1,0,55.883,0,0,0,55.883,0
69.7496,2.57027,0,0,2.43614,0.203933,0.36288,3.6288,61.308,0.469404,0,0,1.39248,0.213254,0.709825,0.66528,12.849,1,0.468774,0.36288,0,48.1188,3.6435,44.3694,0.84672,12.849,0.84672,3695.15,0,36.966,0.28303,0.933984,1.94497,5.08816,1.09615,6.58793,0.42336,36.966,0.42336,423.524,0,1.02816,0,0,1.96214,0.933984,1.028160,1,0,51.6672,0,0,0,51.6672,0
68.9224,2.5666,0,0,2.28557,0.183344,0.36288,3.6288,61.308,0.469539,0,0,1.31951,0.230092,0.619879,0.66528,12.849,1,0.472809,0.36288,0,44.8655,4.03299,40.7226,0.84672,12.849,0.84672,3695.15,0,36.966,0.283111,0.814657,1.9452,4.99241,1.15145,6.31771,0.42336,36.966,0.42336,423.524,0,1.02816,0,0,1.84282,0.814657,1.028160,1,0,47.6602,0,0,0,47.6602,0
68.3918,2.56213,0,0,2.53927,0.144858,0.36288,3.6288,61.308,0.469673,0,0,1.30677,0.246694,0.590398,0.66528,12.849,1,0.47765,0.36288,0,55.1248,4.48615,50.5238,0.84672,12.849,0.84672,3695.15,0,36.966,0.283192,0.993177,1.94544,4.66074,1.15579,6.16038,0.42336,36.966,0.42336,423.524,0,1.02816,0,0,2.02134,0.993177,1.028160,1,0,57.2746,0,0,0,57.2746,0
68.0464,2.53639,0,0,2.70648,0.152548,0.36288,3.6288,61.308,0.501133,0,0,1.27604,0.227576,0.547332,0.66528,12.849,1,0.476521,0.36288,0,61.8496,4.09573,57.6402,0.84672,12.849,0.84672,3695.15,0,36.966,0.302161,1.12821,1.94567,4.65483,1.05537,6.37118,0.42336,36.966,0.42336,423.524,0,1.02816,0,0,2.15637,1.12821,1.028160,1,0,64.5587,0,0,0,64.5587,0
67.4403,2.53467,0,0,2.41122,0.119825,0.36288,3.6288,61.308,0.501271,0,0,1.23754,0.280642,0.455628,0.66528,12.849,1,0.478613,0.36288,0,58.6837,4.92363,53.6444,0.84672,12.849,0.84672,3695.15,0,36.966,0.302244,0.91508,1.9796,4.52685,1.33777,5.78152,0.42336,36.966,0.42336,423.524,0,1.02816,0,0,1.94324,0.91508,1.028160,1,0,59.8815,0,0,0,59.8815,0
66.6876,2.53136,0,0,2.26144,0.119851,0.36288,3.6288,61.308,0.501409,0,0,1.17247,0.272604,0.398452,0.66528,12.849,1,0.482285,0.36288,0,53.7266,5.33043,48.2768,0.84672,12.849,0.84672,3695.15,0,36.966,0.302327,1.01047,1.97984,4.43393,1.48865,5.63325,0.42336,36.966,0.42336,423.524,0,1.02816,0,0,2.03863,1.01047,1.028160,1,0,54.3085,0,0,0,54.3085,0
65.8025,2.5271,0,0,2.12066,0.115799,0.36288,3.6288,61.308,0.501547,0,0,1.1029,0.279237,0.322111,0.66528,12.849,1,0.486907,0.36288,0,48.6456,5.42386,43.0977,0.84672,12.849,0.84672,3695.15,0,36.966,0.302411,0.95599,1.98008,4.34683,1.49226,5.48823,0.42336,36.966,0.42336,423.524,0,1.02816,0,0,1.98415,0.95599,1.028160,1,0,48.9081,0,0,0,48.9081,0
64.7638,2.58078,0,0,1.99997,0.0950779,0.36288,3.6288,61.308,0.529618,0,0,1.05224,0.31904,0.203582,0.66528,12.849,1,0.503939,0.36288,0,48.8468,5.98447,42.7212,0.84672,12.849,0.84672,3695.15,0,36.966,0.319336,0.569696,1.98032,3.75524,1.51387,4.47205,0.42336,36.966,0.42336,423.524,0,1.02816,0,0,1.59786,0.569696,1.028160,1,0,47.3969,0,0,0,47.3969,0
63.5945,2.57435,0,0,1.86221,0.0942897,0.36288,3.6288,61.308,0.529759,0,0,0.912885,0.31904,0.0640862,0.66528,12.849,1,0.510745,0.36288,0,41.3598,5.98447,35.2274,0.84672,12.849,0.84672,3695.15,0,36.966,0.319421,0.699045,2.02833,3.78987,1.51387,4.68396,0.42336,36.966,0.42336,423.524,0,1.02816,0,0,1.72721,0.699045,1.028160,1,0,39.9755,0,0,0,39.9755,0
62.2931,2.56684,0,0,1.72173,0.0934025,0.36288,3.6288,61.3056,0.5299,0,0,0.846573,0.31904,0,0.66528,12.849,1,0.51862,0.36288,0,39.6604,5.98447,33.5202,0.84672,12.849,0.84672,3695.15,0,36.966,0.319506,0.488851,2.02858,3.29527,1.51387,3.97933,0.42336,36.966,0.42336,423.524,0,1.02816,0,0,1.51701,0.488851,1.028160,1,0,37.4995,0,0,0,37.4995,0
61.0441,2.55817,0,0,1.75999,0.087886,0.36288,3.6288,61.308,0.530034,0,0,0.94017,0.321625,0.0861436,0.66528,12.849,1,0.527666,0.36288,0,37.721,6.05925,31.497,0.84672,12.849,0.84672,3695.15,0,36.966,0.319599,0.693559,2.02882,4.07601,1.52881,4.94999,0.42336,36.966,0.42336,423.524,0,1.02816,0,0,1.72172,0.693559,1.028160,1,0,36.5331,0,0,0,36.5331,0
59.6244,2.67571,0,0,1.71,0.0911229,0.36288,3.6288,61.2263,0.610411,0,0,0.857693,0.328958,0,0.66528,12.849,1,0.563203,0.36288,0,32.5542,6.28033,26.0736,0.84672,12.849,0.84672,3695.15,0,36.966,0.368051,0.485361,2.02907,4.00036,1.4966,4.65014,0.42336,36.966,0.42336,423.524,0,1.02816,0,0,1.51352,0.485361,1.028160,1,0,30.7237,0,0,0,30.7237,0
58.3008,2.665,0,0,1.79113,0.0868876,0.36288,3.6288,61.2092,0.610256,0,0,0.93566,0.342521,0,0.66528,12.849,1,0.574306,0.36288,0,34.6975,6.45666,28.0295,0.84672,12.849,0.84672,3695.15,0,36.966,0.368448,0.663068,2.15729,3.48398,1.49526,4.44064,0.42336,36.966,0.42336,423.524,0,1.02816,0,0,1.69123,0.663068,1.028160,1,0,32.4701,0,0,0,32.4701,0
56.6345,2.65464,0,0,1.43709,0.0857837,0.36288,3.6288,60.9921,0.610343,0,0,0.735739,0.342483,0,0.66528,12.849,1,0.58506,0.36288,0,40.8117,6.45666,34.1329,0.84672,12.849,0.84672,3695.15,0,36.966,0.368604,0.328519,2.15755,2.89413,1.49526,3.51634,0.42336,36.966,0.42336,423.524,0,1.02816,0,0,1.35668,0.328519,1.028160,1,0,37.6492,0,0,0,37.6492,0
55.2483,2.64093,0,0,1.70198,0.0843942,0.36288,3.6288,61.1635,0.609677,0,0,1.12308,0.342013,0,0.66528,12.849,1,0.599162,0.36288,0,35.0298,6.45666,28.3369,0.84672,12.849,0.84672,3695.15,0,36.966,0.369512,1.01266,2.15781,3.91373,1.49526,5.21943,0.42336,36.966,0.42336,423.524,0,1.02816,0,0,2.04082,1.01266,1.028160,1,0,33.5563,0,0,0,33.5563,0
54.0746,2.62905,0,0,1.87372,0.0554664,0.36288,3.6288,61.0436,0.610474,0,0,0.83929,0.348712,0,0.66528,12.849,1,0.611433,0.36288,0,36.7455,6.55134,29.9456,0.84672,12.849,0.84672,3695.15,0,36.966,0.368958,0.49985,2.15807,3.7865,1.59006,4.4854,0.42336,36.966,0.42336,423.524,0,1.02816,0,0,1.52801,0.49985,1.028160,1,0,34.431,0,0,0,34.431,0
53.3128,2.53874,0,0,2.23665,0.0968885,0.36288,3.6288,61.111,0.550004,0,0,0.909472,0.292041,0,0.66528,12.849,1,0.603246,0.36288,0,35.492,5.08743,30.1642,0.84672,12.849,0.84672,3695.15,0,36.966,0.333064,0.324458,2.15833,3.35032,1.31158,4.18847,0.42336,36.966,0.42336,423.524,0,1.02816,0,0,1.35262,0.324458,1.028160,1,0,34.3527,0,0,0,34.3527,0
52.818,2.5321,0,0,2.54588,0.145675,0.36288,3.6288,61.308,0.550377,0,0,1.31517,0.273254,0.294581,0.66528,12.849,1,0.610266,0.36288,0,34.9608,4.56529,30.1481,0.84672,12.849,0.84672,3695.15,0,36.966,0.332922,0.80676,2.06542,4.6751,1.21486,5.9995,0.42336,36.966,0.42336,423.524,0,1.02816,0,0,1.83492,0.80676,1.028160,1,0,36.4422,0,0,0,36.4422,0
52.2058,2.52781,0,0,2.42345,0.144939,0.36288,3.6288,61.308,0.551188,0,0,1.27966,0.273595,0.454879,0.66528,12.849,1,0.614939,0.36288,0,44.5033,4.56529,39.686,0.84672,12.849,0.84672,3695.15,0,36.966,0.332342,0.692513,2.06567,4.62852,1.21486,5.8395,0.42336,36.966,0.42336,423.524,0,1.02816,0,0,1.72067,0.692513,1.028160,1,0,45.9804,0,0,0,45.9804,0
51.9007,2.52233,0,0,2.72415,0.144028,0.36288,3.6288,61.308,0.551332,0,0,1.68045,0.273595,0.855527,0.66528,12.849,1,0.6208,0.36288,0,88.2441,4.56529,83.4209,0.84672,12.849,0.84672,3695.15,0,36.966,0.332429,1.08036,2.06592,6.14752,1.21486,7.74652,0.42336,36.966,0.42336,423.524,0,1.02816,0,0,2.10852,1.08036,1.028160,1,0,92.023,0,0,0,92.023,0
52.6735,2.49509,0,0,3.84003,0.209332,0.36288,3.6288,61.308,0.515356,0,0,1.15765,0.270772,0.37152,0.66528,12.849,1,0.617707,0.36288,0,62.0205,4.9518,56.8139,0.84672,12.849,0.84672,3695.15,0,36.966,0.310737,1.16637,2.06617,4.06099,1.19011,5.79269,0.42336,36.966,0.42336,423.524,0,1.02816,0,0,2.19453,1.16637,1.028160,1,0,62.9781,0,0,0,62.9781,0
52.2811,2.50268,0,0,2.6842,0.211008,0.36288,3.6288,61.308,0.515496,0,0,0.79393,0.270772,0.00766196,0.66528,12.849,1,0.610496,0.36288,0,35.3567,4.9518,30.1573,0.84672,12.849,0.84672,3695.15,0,36.966,0.310821,0.498217,2.01593,3.82377,1.19011,4.83699,0.42336,36.966,0.42336,423.524,0,1.02816,0,0,1.52638,0.498217,1.028160,1,0,35.0019,0,0,0,35.0019,0
53.074,2.4993,0,0,3.86522,0.210157,0.36288,3.6288,61.308,0.515635,0,0,1.28811,0.270772,0.501704,0.66528,12.849,1,0.614248,0.36288,0,63.6632,4.9518,58.4601,0.84672,12.849,0.84672,3695.15,0,36.966,0.310905,1.40219,2.01618,6.03338,1.19011,7.95074,0.42336,36.966,0.42336,423.524,0,1.02816,0,0,2.43035,1.40219,1.028160,1,0,66.9125,0,0,0,66.9125,0
57.751,2.50699,0,0,7.80711,0.260191,0.36288,3.6288,61.308,0.515775,0,0,2.1826,0.253815,1.41301,0.66528,12.849,1,0.606933,0.36288,0,82.7945,4.45137,78.0991,0.84672,12.849,0.84672,3695.15,0,36.966,0.310989,1.82683,2.01642,9.78234,1.11743,12.1972,0.42336,36.966,0.42336,423.524,0,1.02816,0,0,2.85499,1.82683,1.028160,1,0,91.7093,0,0,0,91.7093,0
60.8848,2.35565,0,0,6.11962,0.267299,0.36288,3.6288,61.308,0.399665,0,0,1.88536,0.219468,1.26623,0.66528,12.849,1,0.524108,0.36288,0,61.0949,4.11867,56.815,0.84672,12.849,0.84672,3695.15,0,36.966,0.24098,2.21484,2.01666,6.56893,0.963004,9.59645,0.42336,36.966,0.42336,423.524,0,1.02816,0,0,3.243,2.21484,1.028160,1,0,67.6777,0,0,0,67.6777,0
62.5955,2.34066,0,0,4.6873,0.273092,0.36288,3.6288,61.308,0.42816,0,0,1.40705,0.205729,0.773161,0.66528,12.849,1,0.493969,0.36288,0,59.7389,3.98559,55.6223,0.84672,12.849,0.84672,3695.15,0,36.966,0.258161,1.56465,1.82899,6.53198,0.901234,8.76622,0.42336,36.966,0.42336,423.524,0,1.02816,0,0,2.59281,1.56465,1.028160,1,0,65.1617,0,0,0,65.1617,0
63.6087,2.38988,0,0,4.04294,0.276973,0.36288,3.6288,61.308,0.399916,0,0,1.37183,0.205729,0.766188,0.66528,12.849,1,0.490572,0.36288,0,58.7804,3.98559,54.6671,0.84672,12.849,0.84672,3695.15,0,36.966,0.241132,1.03195,1.85582,5.98037,0.901234,7.72578,0.42336,36.966,0.42336,423.524,0,1.02816,0,0,2.06011,1.03195,1.028160,1,0,63.1591,0,0,0,63.1591,0
68.3406,2.39667,0,0,7.77078,0.279271,0.36288,3.6288,61.308,0.400042,0,0,2.0695,0.205729,1.46373,0.66528,12.849,1,0.48413,0.36288,0,156.228,3.98559,152.121,0.84672,12.849,0.84672,3695.15,0,36.966,0.241208,1.96944,1.82943,9.22501,0.901234,11.8814,0.42336,36.966,0.42336,423.524,0,1.02816,0,0,2.9976,1.96944,1.028160,1,0,165.466,0,0,0,165.466,0
70.4961,2.42518,0,0,5.22675,0.283247,0.36288,3.6288,61.308,0.400168,0,0,2.19543,0.190536,1.60473,0.66528,12.849,1,0.455968,0.36288,0,101.946,3.85401,97.9994,0.84672,12.849,0.84672,3695.15,0,36.966,0.241283,1.70967,1.82965,6.83452,0.871751,9.26081,0.42336,36.966,0.42336,423.524,0,1.02816,0,0,2.73783,1.70967,1.028160,1,0,108.865,0,0,0,108.865,0
70.7339,2.51361,0,0,3.38513,0.270842,0.36288,3.6288,61.308,0.433973,0,0,0.707398,0.152555,0.120871,0.66528,12.849,1,0.458145,0.36288,0,48.5342,3.52506,44.9138,0.84672,12.849,0.84672,3695.15,0,36.966,0.261666,0.816947,1.82987,6.40689,0.798042,7.994,0.42336,36.966,0.42336,423.524,0,1.02816,0,0,1.84511,0.816947,1.028160,1,0,53.0287,0,0,0,53.0287,0
72.29,2.5152,0,0,7.81162,0.271337,3.46895,3.6288,61.308,0.434096,0,0,2.00094,0.152555,1.41429,0.66528,12.849,1,0.456894,3.46895,0,137.957,3.52506,137.444,0.84672,12.849,0.84672,3695.15,0,36.966,0.26174,2.82638,1.88872,13.6454,0.798042,17.3007,0.42336,36.966,0.42336,423.524,0,1.02816,0,0,3.85454,2.82638,1.028160,1,0,156.159,0,0,0,156.159,0
72.29,2.52384,0,0,7.47467,0.294549,4.65628,3.6288,61.308,0.434218,0,0,1.89194,0.162179,1.29555,0.66528,12.849,1,0.448594,4.65628,0,140.604,3.70797,141.104,0.84672,12.849,0.84672,3695.15,0,36.966,0.261814,3.84584,1.88893,12.3653,0.844977,16.9933,0.42336,36.966,0.42336,423.524,0,1.02816,0,0,4.874,3.84584,1.028160,1,0,159.392,0,0,0,159.392,0
72.29,2.52413,0,0,10.1103,0.344474,7.24166,3.6288,61.308,0.43434,0,0,1.91789,0.186238,1.29731,0.66528,12.849,1,0.448645,7.24166,0,266.544,4.16524,269.172,0.84672,12.849,0.84672,3695.15,0,36.966,0.261888,5.22089,1.88915,15.9579,0.962313,21.8437,0.42336,36.966,0.42336,423.524,0,1.02816,0,0,6.24905,5.22089,1.028160,1,0,292.313,0,0,0,292.313,0
72.29,3.08517,0,0,7.65383,0.349091,4.21957,3.6288,61.308,0.277347,0,0,2.06278,0.149989,1.63545,0.66528,12.849,1,0.548365,4.21957,0,215.343,3.73325,215.281,0.84672,12.849,0.84672,3695.15,0,36.966,0.167228,4.99417,1.88936,19.7163,0.870346,25.5623,0.42336,36.966,0.42336,423.524,0,1.02816,0,0,6.02233,4.99417,1.028160,1,0,242.479,0,0,0,242.479,0
72.29,3.08548,0,0,4.79898,0.349861,1.36365,3.6288,61.308,0.277481,0,0,2.23855,0.143948,1.81712,0.66528,12.849,1,0.54842,1.36365,0,122.823,3.66124,119.977,0.84672,12.849,0.84672,3695.15,0,36.966,0.167309,4.38522,1.81876,12.4605,0.855018,17.6422,0.42336,36.966,0.42336,423.524,0,1.02816,0,0,5.41338,4.38522,1.028160,1,0,139.436,0,0,0,139.436,0
72.1568,3.08579,0,0,3.66528,0.349861,0.36288,3.6288,61.308,0.277616,0,0,1.45803,0.143948,1.03646,0.66528,12.849,1,0.548475,0.36288,0,85.7053,3.66124,81.8585,0.84672,12.849,0.84672,3695.15,0,36.966,0.16739,1.62981,1.81899,7.64355,0.855018,10.0699,0.42336,36.966,0.42336,423.524,0,1.02816,0,0,2.65797,1.62981,1.028160,1,0,92.9649,0,0,0,92.9649,0
71.4478,3.08524,0,0,3.08379,0.344626,0.36288,3.6288,61.308,0.27775,0,0,1.29029,0.150711,0.861828,0.66528,12.849,1,0.54939,0.36288,0,63.015,3.67428,59.1542,0.84672,12.849,0.84672,3695.15,0,36.966,0.167471,1.14725,1.81923,6.4019,0.866484,8.33443,0.42336,36.966,0.42336,423.524,0,1.02816,0,0,2.17541,1.14725,1.028160,1,0,68.3504,0,0,0,68.3504,0
72.29,2.41625,0,0,6.98649,0.346176,3.38186,3.6288,61.308,0.391668,0,0,3.45279,0.171787,2.88934,0.66528,12.849,1,0.434532,3.38186,0,104.323,3.58788,103.682,0.84672,12.849,0.84672,3695.15,0,36.966,0.236159,4.61903,1.81946,16.8036,0.991637,22.0143,0.42336,36.966,0.42336,423.524,0,1.02816,0,0,5.64719,4.61903,1.028160,1,0,128.586,0,0,0,128.586,0
72.29,2.42082,0,0,6.25171,0.353859,3.47702,3.6288,61.308,0.391786,0,0,2.94443,0.168537,2.38411,0.66528,12.849,1,0.430283,3.47702,0,126.338,3.56044,125.824,0.84672,12.849,0.84672,3695.15,0,36.966,0.236229,3.14847,1.81365,13.0931,1.00103,16.818,0.42336,36.966,0.42336,423.524,0,1.02816,0,0,4.17663,3.14847,1.028160,1,0,145.026,0,0,0,145.026,0
72.29,2.4211,0,0,4.40106,0.353859,1.6261,3.6288,61.308,0.391903,0,0,2.08865,0.168537,1.52821,0.66528,12.849,1,0.430332,1.6261,0,112.315,3.56044,109.95,0.84672,12.849,0.84672,3695.15,0,36.966,0.2363,2.57799,1.81386,12.583,1.00103,15.7375,0.42336,36.966,0.42336,423.524,0,1.02816,0,0,3.60615,2.57799,1.028160,1,0,127.216,0,0,0,127.216,0
72.29,2.42137,0,0,5.34791,0.274562,2.65197,3.6288,61.308,0.392021,0,0,2.22347,0.126423,1.70503,0.66528,12.849,1,0.430381,2.65197,0,106.285,2.95008,105.556,0.84672,12.849,0.84672,3695.15,0,36.966,0.236371,2.83272,1.81406,12.6147,0.913352,16.1118,0.42336,36.966,0.42336,423.524,0,1.02816,0,0,3.86088,2.83272,1.028160,1,0,123.373,0,0,0,123.373,0
72.29,2.42165,0,0,5.2446,0.29642,2.52653,3.6288,61.308,0.392139,0,0,1.87223,0.146411,1.33368,0.66528,12.849,1,0.43043,2.52653,0,108.323,3.03293,107.386,0.84672,12.849,0.84672,3695.15,0,36.966,0.236442,2.41576,1.81427,12.1576,0.969268,15.1819,0.42336,36.966,0.42336,423.524,0,1.02816,0,0,3.44392,2.41576,1.028160,1,0,123.902,0,0,0,123.902,0
72.29,2.51042,0,0,6.95286,0.325564,4.11688,3.6288,61.308,0.43383,0,0,3.82609,0.173063,3.2192,0.66528,12.849,1,0.446208,4.11688,0,120.87,3.14339,121.397,0.84672,12.849,0.84672,3695.15,0,36.966,0.26158,4.4863,1.81448,15.3849,1.04382,20.3803,0.42336,36.966,0.42336,423.524,0,1.02816,0,0,5.51446,4.4863,1.028160,1,0,144.997,0,0,0,144.997,0
72.29,2.5107,0,0,5.87508,0.325564,3.03881,3.6288,61.308,0.433952,0,0,4.18274,0.173063,3.57573,0.66528,12.849,1,0.446258,3.03881,0,147.017,3.14339,146.467,0.84672,12.849,0.84672,3695.15,0,36.966,0.261654,5.79691,1.8857,19.2829,1.04382,25.6601,0.42336,36.966,0.42336,423.524,0,1.02816,0,0,6.82507,5.79691,1.028160,1,0,175.702,0,0,0,175.702,0
72.29,2.51099,0,0,4.28526,0.319782,1.45449,3.6288,61.308,0.434074,0,0,2.90982,0.157262,2.31849,0.66528,12.849,1,0.446309,1.45449,0,131.585,2.71172,129.882,0.84672,12.849,0.84672,3695.15,0,36.966,0.261728,4.03925,1.88592,12.7018,0.983436,17.3818,0.42336,36.966,0.42336,423.524,0,1.02816,0,0,5.06741,4.03925,1.028160,1,0,149.582,0,0,0,149.582,0
72.29,2.51127,0,0,4.05867,0.269523,1.27788,3.6288,61.308,0.434197,0,0,2.44674,0.160032,1.85251,0.66528,12.849,1,0.44636,1.27788,0,108.732,2.35063,107.213,0.84672,12.849,0.84672,3695.15,0,36.966,0.261801,3.4,1.88613,13.1144,0.974295,17.1644,0.42336,36.966,0.42336,423.524,0,1.02816,0,0,4.42816,3.4,1.028160,1,0,126.23,0,0,0,126.23,0
72.29,2.47694,0,0,4.42917,0.246697,1.70553,3.6288,61.308,0.418165,0,0,1.62073,0.206441,0.996119,0.66528,12.849,1,0.440258,1.70553,0,99.5458,3.9836,96.8274,0.84672,12.849,0.84672,3695.15,0,36.966,0.252135,2.53433,1.88635,10.9401,1.07675,14.0319,0.42336,36.966,0.42336,423.524,0,1.02816,0,0,3.56249,2.53433,1.028160,1,0,111.855,0,0,0,111.855,0
72.29,2.47723,0,0,3.61878,0.246697,0.894854,3.6288,61.308,0.418286,0,0,1.3899,0.206441,0.765173,0.66528,12.849,1,0.440308,0.894854,0,75.1861,3.9836,71.6571,0.84672,12.849,0.84672,3695.15,0,36.966,0.252208,2.01979,1.85891,7.35385,1.07675,9.90359,0.42336,36.966,0.42336,423.524,0,1.02816,0,0,3.04795,2.01979,1.028160,1,0,82.3259,0,0,0,82.3259,0
72.29,2.47751,0,0,3.19376,0.246697,0.469553,3.6288,61.308,0.418406,0,0,1.30058,0.206441,0.675732,0.66528,12.849,1,0.440358,0.469553,0,65.5335,3.9836,61.5791,0.84672,12.849,0.84672,3695.15,0,36.966,0.25228,1.63865,1.85913,6.49836,1.07675,8.66711,0.42336,36.966,0.42336,423.524,0,1.02816,0,0,2.66681,1.63865,1.028160,1,0,70.922,0,0,0,70.922,0
72.0804,2.47779,0,0,2.8778,0.246697,0.36288,3.6288,61.308,0.418527,0,0,1.15261,0.206441,0.527642,0.66528,12.849,1,0.440409,0.36288,0,57.2065,3.9836,53.1454,0.84672,12.849,0.84672,3695.15,0,36.966,0.252353,1.36838,1.85934,5.86835,1.07675,7.76696,0.42336,36.966,0.42336,423.524,0,1.02816,0,0,2.39654,1.36838,1.028160,1,0,61.44,0,0,0,61.44,0
71.9866,2.59449,0,0,3.06184,0.198353,0.36288,3.6288,61.308,0.47596,0,0,1.26209,0.185974,0.600154,0.66528,12.849,1,0.462491,0.36288,0,63.943,3.9141,59.9293,0.84672,12.849,0.84672,3695.15,0,36.966,0.286983,1.54866,1.85955,6.88149,1.01379,8.98893,0.42336,36.966,0.42336,423.524,0,1.02816,0,0,2.57682,1.54866,1.028160,1,0,69.5184,0,0,0,69.5184,0
71.8507,2.59427,0,0,2.99606,0.174763,0.36288,3.6288,61.308,0.476087,0,0,1.03384,0.179829,0.37792,0.66528,12.849,1,0.463056,0.36288,0,63.2146,3.80985,59.3045,0.84672,12.849,0.84672,3695.15,0,36.966,0.287059,1.56232,1.95668,7.02838,1.07528,9.18505,0.42336,36.966,0.42336,423.524,0,1.02816,0,0,2.59048,1.56232,1.028160,1,0,68.8675,0,0,0,68.8675,0
71.4463,2.59382,0,0,2.68846,0.136188,0.36288,3.6288,61.308,0.476214,0,0,1.00459,0.181771,0.346604,0.66528,12.849,1,0.463851,0.36288,0,55.2976,3.87471,51.3219,0.84672,12.849,0.84672,3695.15,0,36.966,0.287136,1.5738,1.95691,6.56925,1.03431,8.77851,0.42336,36.966,0.42336,423.524,0,1.02816,0,0,2.60196,1.5738,1.028160,1,0,60.447,0,0,0,60.447,0
71.0105,2.59189,0,0,2.65475,0.135769,0.36288,3.6288,61.308,0.476342,0,0,1.09115,0.181771,0.433033,0.66528,12.849,1,0.46613,0.36288,0,53.4753,3.87471,49.4973,0.84672,12.849,0.84672,3695.15,0,36.966,0.287213,1.51915,1.95713,7.2023,1.03431,9.35706,0.42336,36.966,0.42336,423.524,0,1.02816,0,0,2.54731,1.51915,1.028160,1,0,59.2874,0,0,0,59.2874,0
70.3386,2.58976,0,0,2.41349,0.132744,0.36288,3.6288,61.308,0.476469,0,0,0.940196,0.193285,0.270442,0.66528,12.849,1,0.468605,0.36288,0,46.1322,4.18467,41.8418,0.84672,12.849,0.84672,3695.15,0,36.966,0.28729,1.34527,1.95735,6.01241,1.06715,7.9606,0.42336,36.966,0.42336,423.524,0,1.02816,0,0,2.37343,1.34527,1.028160,1,0,50.0728,0,0,0,50.0728,0
69.4089,2.56311,0,0,2.125,0.128647,0.36288,3.6288,61.308,0.508114,0,0,0.823522,0.208637,0.106771,0.66528,12.849,1,0.468212,0.36288,0,39.5108,4.59795,34.8075,0.84672,12.849,0.84672,3695.15,0,36.966,0.30637,1.19878,1.95757,5.78179,1.11093,7.52085,0.42336,36.966,0.42336,423.524,0,1.02816,0,0,2.22694,1.19878,1.028160,1,0,42.4351,0,0,0,42.4351,0
68.2928,2.55811,0,0,1.93259,0.127726,0.36288,3.6288,61.308,0.508245,0,0,0.803045,0.208637,0.086163,0.66528,12.849,1,0.473558,0.36288,0,38.7375,4.59795,34.0289,0.84672,12.849,0.84672,3695.15,0,36.966,0.306449,1.16994,1.9917,5.53999,1.11093,7.28425,0.42336,36.966,0.42336,423.524,0,1.02816,0,0,2.1981,1.16994,1.028160,1,0,41.3993,0,0,0,41.3993,0
67.0055,2.55189,0,0,1.7541,0.12662,0.36288,3.6288,61.308,0.508376,0,0,0.753391,0.208637,0.0363781,0.66528,12.849,1,0.480126,0.36288,0,34.5183,4.59795,29.8031,0.84672,12.849,0.84672,3695.15,0,36.966,0.306528,0.922052,1.99192,5.3592,1.11093,6.85572,0.42336,36.966,0.42336,423.524,0,1.02816,0,0,1.95021,0.922052,1.028160,1,0,36.6952,0,0,0,36.6952,0
65.669,2.54444,0,0,1.66418,0.093359,0.36288,3.6288,61.2207,0.508506,0,0,0.706674,0.285421,0,0.66528,12.849,1,0.487922,0.36288,0,31.049,5.586,25.3379,0.84672,12.849,0.84672,3695.15,0,36.966,0.306607,0.92969,1.99215,5.07898,1.47159,6.22262,0.42336,36.966,0.42336,423.524,0,1.02816,0,0,1.95785,0.92969,1.028160,1,0,31.5605,0,0,0,31.5605,0
64.0402,2.59561,0,0,1.42631,0.0966863,0.36288,3.6288,61.0004,0.536452,0,0,0.628497,0.312433,0,0.66528,12.849,1,0.507866,0.36288,0,24.0639,5.73987,18.179,0.84672,12.849,0.84672,3695.15,0,36.966,0.323918,0.629917,1.99238,4.36952,1.44935,5.21855,0.42336,36.966,0.42336,423.524,0,1.02816,0,0,1.65808,0.629917,1.028160,1,0,23.3976,0,0,0,23.3976,0
62.4377,2.58515,0,0,1.4361,0.0905611,0.36288,3.6288,60.7453,0.535857,0,0,0.597186,0.316431,0,0.66528,12.849,1,0.518684,0.36288,0,31.5208,5.77783,25.5872,0.84672,12.849,0.84672,3695.15,0,36.966,0.324727,0.828006,2.04067,4.80984,1.47183,5.88195,0.42336,36.966,0.42336,423.524,0,1.02816,0,0,1.85617,0.828006,1.028160,1,0,31.4691,0,0,0,31.4691,0
60.7557,2.5744,0,0,1.3447,0.0893864,0.36288,3.6288,60.4496,0.535143,0,0,0.555364,0.31592,0,0.66528,12.849,1,0.529784,0.36288,0,25.3082,5.77783,19.3635,0.84672,12.849,0.84672,3695.15,0,36.966,0.325656,0.793593,2.0409,4.33568,1.47183,5.37268,0.42336,36.966,0.42336,423.524,0,1.02816,0,0,1.82175,0.793593,1.028160,1,0,24.7361,0,0,0,24.7361,0
58.9664,2.56259,0,0,1.2243,0.0881535,0.36288,3.6288,60.1272,0.534288,0,0,0.527244,0.315327,0,0.66528,12.849,1,0.541952,0.36288,0,23.0652,5.77783,17.1083,0.84672,12.849,0.84672,3695.15,0,36.966,0.326727,0.513251,2.04113,4.04422,1.47183,4.80004,0.42336,36.966,0.42336,423.524,0,1.02816,0,0,1.54141,0.513251,1.028160,1,0,21.9083,0,0,0,21.9083,0
57.1098,2.67552,0,0,1.26369,0.0818125,0.36288,3.6288,59.8238,0.613458,0,0,0.614958,0.304891,0,0.66528,12.849,1,0.583006,0.36288,0,25.0627,5.72049,19.122,0.84672,12.849,0.84672,3695.15,0,36.966,0.377152,0.995985,2.04137,5.09762,1.50188,6.25594,0.42336,36.966,0.42336,423.524,0,1.02816,0,0,2.02414,0.995985,1.028160,1,0,25.378,0,0,0,25.378,0
54.9915,2.66035,0,0,0.989185,0.0843027,0.36288,3.6288,59.4205,0.612418,0,0,0.501634,0.292484,0,0.66528,12.849,1,0.598545,0.36288,0,23.6556,5.54662,17.8733,0.84672,12.849,0.84672,3695.15,0,36.966,0.378422,0.573109,2.17035,4.04596,1.49827,4.91272,0.42336,36.966,0.42336,423.524,0,1.02816,0,0,1.60127,0.573109,1.028160,1,0,22.7861,0,0,0,22.7861,0
52.9573,2.64196,0,0,1.05319,0.0825463,0.36288,3.6288,59.0154,0.610976,0,0,0.497533,0.291731,0,0.66528,12.849,1,0.617306,0.36288,0,22.0976,5.54662,16.2965,0.84672,12.849,0.84672,3695.15,0,36.966,0.380093,0.548372,2.1706,4.26425,1.49827,5.10485,0.42336,36.966,0.42336,423.524,0,1.02816,0,0,1.57653,0.548372,1.028160,1,0,21.4014,0,0,0,21.4014,0
51.4626,2.62318,0,0,1.5808,0.0894662,0.36288,3.6288,58.7094,0.609513,0,0,0.592423,0.288861,0,0.66528,12.849,1,0.63646,0.36288,0,32.6309,5.48725,26.8701,0.84672,12.849,0.84672,3695.15,0,36.966,0.381786,0.859887,2.17084,4.53166,1.49099,5.68962,0.42336,36.966,0.42336,423.524,0,1.02816,0,0,1.88805,0.859887,1.028160,1,0,32.5597,0,0,0,32.5597,0
50.5316,2.60868,0,0,2.13747,0.0968506,0.36288,3.6288,58.5652,0.608433,0,0,0.738209,0.274025,0,0.66528,12.849,1,0.651327,0.36288,0,35.2668,5.3112,29.6671,0.84672,12.849,0.84672,3695.15,0,36.966,0.383096,0.96088,2.17109,5.22732,1.43595,6.54024,0.42336,36.966,0.42336,423.524,0,1.02816,0,0,1.98904,0.96088,1.028160,1,0,36.2073,0,0,0,36.2073,0
49.0022,2.5201,0,0,1.43289,0.079341,0.36288,3.6288,58.7091,0.548415,0,0,0.950102,0.257735,0,0.66528,12.849,1,0.640802,0.36288,0,25.9239,4.97479,20.6712,0.84672,12.849,0.84672,3695.15,0,36.966,0.346157,2.34996,2.17134,5.86191,1.34748,8.68957,0.42336,36.966,0.42336,423.524,0,1.02816,0,0,3.37812,2.34996,1.028160,1,0,29.3607,0,0,0,29.3607,0
47.2457,2.50454,0,0,1.18895,0.078061,0.36288,3.6288,58.4131,0.54907,0,0,0.511007,0.257974,0,0.66528,12.849,1,0.656722,0.36288,0,24.8389,4.97479,19.5702,0.84672,12.849,0.84672,3695.15,0,36.966,0.34572,0.720697,2.07786,4.36554,1.34748,5.4709,0.42336,36.966,0.42336,423.524,0,1.02816,0,0,1.74886,0.720697,1.028160,1,0,25.0411,0,0,0,25.0411,0
45.9838,2.48563,0,0,1.71005,0.123431,0.36288,3.6288,58.2807,0.548131,0,0,0.628554,0.212831,0,0.66528,12.849,1,0.675995,0.36288,0,28.9895,4.35191,24.3245,0.84672,12.849,0.84672,3695.15,0,36.966,0.346878,0.942538,2.07809,4.80381,1.15278,6.32478,0.42336,36.966,0.42336,423.524,0,1.02816,0,0,1.9707,0.942538,1.028160,1,0,30.6493,0,0,0,30.6493,0
47.144,2.47141,0,0,4.1778,0.183316,0.36288,3.6288,58.8713,0.547783,0,0,1.29158,0.153165,0,0.66528,12.849,1,0.690572,0.36288,0,87.4273,3.52139,83.5782,0.84672,12.849,0.84672,3695.15,0,36.966,0.347445,2.11074,2.07833,12.7951,0.893192,15.7436,0.42336,36.966,0.42336,423.524,0,1.02816,0,0,3.1389,2.11074,1.028160,1,0,99.3218,0,0,0,99.3218,0
47.6687,2.46077,0,0,3.46969,0.121283,0.36288,3.6288,59.3332,0.514279,0,0,1.2154,0.239165,0,0.66528,12.849,1,0.670678,0.36288,0,128.654,3.43643,124.91,0.84672,12.849,0.84672,3695.15,0,36.966,0.322922,3.1723,2.07856,8.84226,0.818575,12.9516,0.42336,36.966,0.42336,423.524,0,1.02816,0,0,4.20046,3.1723,1.028160,1,0,137.861,0,0,0,137.861,0
48.1423,2.46687,0,0,3.4937,0.190416,0.36288,3.6288,59.4845,0.515959,0,0,0.942348,0.275093,0,0.66528,12.849,1,0.664938,0.36288,0,109.059,4.3868,104.37,0.84672,12.849,0.84672,3695.15,0,36.966,0.321454,1.47684,2.02801,7.41823,0.9914,9.61022,0.42336,36.966,0.42336,423.524,0,1.02816,0,0,2.505,1.47684,1.028160,1,0,113.98,0,0,0,113.98,0
48.6509,2.47231,0,0,3.54846,0.204677,0.36288,3.6288,59.4012,0.516594,0,0,0.712109,0.278853,0,0.66528,12.849,1,0.65985,0.36288,0,36.2707,4.54755,31.4262,0.84672,12.849,0.84672,3695.15,0,36.966,0.321032,0.949588,2.02824,5.20112,1.02228,6.83564,0.42336,36.966,0.42336,423.524,0,1.02816,0,0,1.97775,0.949588,1.028160,1,0,38.2618,0,0,0,38.2618,0
49.1569,2.47805,0,0,3.55276,0.205811,0.36288,3.6288,59.5731,0.516447,0,0,0.967092,0.278705,0,0.66528,12.849,1,0.654468,0.36288,0,39.1999,4.54755,34.3608,0.84672,12.849,0.84672,3695.15,0,36.966,0.321391,2.15538,2.02847,6.21059,1.02228,9.05077,0.42336,36.966,0.42336,423.524,0,1.02816,0,0,3.18354,2.15538,1.028160,1,0,43.4116,0,0,0,43.4116,0
50.0699,2.29662,0,0,3.78041,0.207931,0.36288,3.6288,60.1374,0.401475,0,0,1.19661,0.230843,0,0.66528,12.849,1,0.600309,0.36288,0,51.3927,4.47501,46.6803,0.84672,12.849,0.84672,3695.15,0,36.966,0.249121,1.9531,2.0287,8.86971,1.03349,11.5689,0.42336,36.966,0.42336,423.524,0,1.02816,0,0,2.98126,1.9531,1.028160,1,0,58.2492,0,0,0,58.2492,0
54.0882,2.27733,0,0,6.86921,0.210715,0.36288,3.6288,61.308,0.425041,0,0,2.31327,0.195418,0.522243,0.66528,12.849,1,0.584411,0.36288,0,123.655,4.4206,119.013,0.84672,12.849,0.84672,3695.15,0,36.966,0.26127,3.40934,1.83989,13.4537,1.04189,17.3998,0.42336,36.966,0.42336,423.524,0,1.02816,0,0,4.4375,3.40934,1.028160,1,0,136.935,0,0,0,136.935,0
56.8304,2.31283,0,0,5.63759,0.219662,0.36288,3.6288,61.308,0.428154,0,0,1.27199,0.196875,0.646961,0.66528,12.849,1,0.549428,0.36288,0,68.3926,4.4206,63.7854,0.84672,12.849,0.84672,3695.15,0,36.966,0.258158,2.41709,1.86089,10.5024,1.04189,13.4804,0.42336,36.966,0.42336,423.524,0,1.02816,0,0,3.44525,2.41709,1.028160,1,0,77.9128,0,0,0,77.9128,0
58.1575,2.33488,0,0,4.30143,0.276558,0.36288,3.6288,61.308,0.428154,0,0,0.718718,0.202586,0.0879785,0.66528,12.849,1,0.527901,0.36288,0,88.3502,3.82436,84.3608,0.84672,12.849,0.84672,3695.15,0,36.966,0.258158,1.52252,1.86099,8.77504,0.916787,10.9836,0.42336,36.966,0.42336,423.524,0,1.02816,0,0,2.55068,1.52252,1.028160,1,0,95.4324,0,0,0,95.4324,0
59.0451,2.34517,0,0,3.87311,0.2775,0.36288,3.6288,61.308,0.428154,0,0,0.678602,0.199132,0.0513167,0.66528,12.849,1,0.518129,0.36288,0,85.1866,3.70944,81.3219,0.84672,12.849,0.84672,3695.15,0,36.966,0.258158,1.39139,1.86108,6.95765,0.906435,9.04553,0.42336,36.966,0.42336,423.524,0,1.02816,0,0,2.41955,1.39139,1.028160,1,0,90.4188,0,0,0,90.4188,0
56.9289,2.42656,0,0,0.885125,0.211797,0.36288,3.6288,61.308,0.487894,0,0,0.752656,0.172693,0.0920691,0.66528,12.849,1,0.528053,0.36288,0,24.0176,3.6162,20.2363,0.84672,12.849,0.84672,3695.15,0,36.966,0.294178,0.412474,1.86118,4.2949,0.969431,5.30495,0.42336,36.966,0.42336,423.524,0,0.986705,0,0,1.39918,0.412474,1.028160,1,0,25.6333,0,0,0,25.6333,0
55.2008,2.43917,0,0,1.28134,0.207471,0.36288,3.6288,61.308,0.440463,0,0,0.771661,0.172693,0.158505,0.66528,12.849,1,0.550526,0.36288,0,24.1341,3.6162,20.3303,0.84672,12.849,0.84672,3695.15,0,36.966,0.26558,0.520145,1.92025,4.48844,0.969431,5.69382,0.42336,36.966,0.42336,423.524,0,1.02816,0,0,1.54831,0.520145,1.028160,1,0,26.1826,0,0,0,26.1826,0
54.2581,2.42545,0,0,2.04965,0.203938,0.36288,3.6288,61.308,0.440579,0,0,0.872415,0.172693,0.259144,0.66528,12.849,1,0.564568,0.36288,0,38.2076,3.6162,34.3897,0.84672,12.849,0.84672,3695.15,0,36.966,0.265649,0.672667,1.90011,6.07605,0.969431,7.41375,0.42336,36.966,0.42336,423.524,0,1.02816,0,0,1.70083,0.672667,1.028160,1,0,42.0626,0,0,0,42.0626,0
53.8434,2.41777,0,0,2.63871,0.272816,0.36288,3.6288,61.308,0.440694,0,0,0.854703,0.180915,0.233095,0.66528,12.849,1,0.572559,0.36288,0,54.9033,4.08786,50.6058,0.84672,12.849,0.84672,3695.15,0,36.966,0.265719,0.659517,1.90032,6.44534,1.23334,7.50612,0.42336,36.966,0.42336,423.524,0,1.02816,0,0,1.68768,0.659517,1.028160,1,0,58.345,0,0,0,58.345,0
51.7075,2.60699,0,0,1.07927,0.245328,0.36288,3.6288,61.2047,0.657601,0,0,0.726,0.17174,0,0.66528,12.849,1,0.622122,0.36288,0,30.1927,3.42044,26.5131,0.84672,12.849,0.84672,3695.15,0,36.966,0.396504,0.503194,1.90052,4.60566,1.03449,5.57838,0.42336,36.966,0.42336,423.524,0,0.853174,0,0,1.35637,0.503194,1.028160,1,0,32.0914,0,0,0,32.0914,0
50.492,2.58668,0,0,1.9638,0.229695,0.36288,3.6288,61.308,0.548216,0,0,1.34251,0.167961,0.522991,0.66528,12.849,1,0.642775,0.36288,0,40.6105,3.15346,37.1771,0.84672,12.849,0.84672,3695.15,0,36.966,0.331108,1.56229,2.0787,6.21661,0.95495,8.57154,0.42336,36.966,0.42336,423.524,0,1.02816,0,0,2.59045,1.56229,1.028160,1,0,46.2717,0,0,0,46.2717,0
49.6707,2.57462,0,0,2.34303,0.226795,0.36288,3.6288,61.308,0.548691,0,0,0.976622,0.168071,0.259861,0.66528,12.849,1,0.655179,0.36288,0,53.6484,3.15346,50.2027,0.84672,12.849,0.84672,3695.15,0,36.966,0.330836,1.5461,2.07892,7.54712,0.95495,9.88636,0.42336,36.966,0.42336,423.524,0,1.02816,0,0,2.57426,1.5461,1.028160,1,0,60.3489,0,0,0,60.3489,0
47.7694,2.56629,0,0,1.24279,0.214985,0.36288,3.6288,61.1234,0.640255,0,0,0.627852,0.17219,0,0.66528,12.849,1,0.663856,0.36288,0,27.28,3.12848,23.8506,0.84672,12.849,0.84672,3695.15,0,36.966,0.386045,0.608429,2.07914,4.27045,0.938213,5.63376,0.42336,36.966,0.42336,423.524,0,0.881591,0,0,1.49002,0.608429,1.028160,1,0,29.4843,0,0,0,29.4843,0
47.7195,2.2597,0,0,2.802,0.229284,0.36288,3.6288,61.2981,0.472006,0,0,0.854499,0.207802,0,0.66528,12.849,1,0.607815,0.36288,0,60.7804,3.27255,57.2629,0.84672,12.849,0.84672,3695.15,0,36.966,0.285458,0.608429,2.07937,4.86655,0.88525,6.38363,0.42336,36.966,0.42336,423.524,0,0.908245,0,0,1.51667,0.608429,1.028160,1,0,63.6466,0,0,0,63.6466,0
48.8009,2.22118,0,0,3.91167,0.246269,0.36288,3.6288,61.308,0.428119,0,0,1.11586,0.218254,0.459591,0.66528,12.849,1,0.598076,0.36288,0,74.082,3.35517,70.4916,0.84672,12.849,0.84672,3695.15,0,36.966,0.258179,0.653037,1.8243,4.51818,0.880802,5.85653,0.42336,36.966,0.42336,423.524,0,1.02816,0,0,1.6812,0.653037,1.028160,1,0,76.8077,0,0,0,76.8077,0
49.3121,2.23205,0,0,3.358,0.251788,0.36288,3.6288,61.308,0.446056,0,0,0.944603,0.214432,0.284115,0.66528,12.849,1,0.587687,0.36288,0,61.1788,3.36046,57.5935,0.84672,12.849,0.84672,3695.15,0,36.966,0.268952,0.558835,1.85292,4.72418,0.871312,5.99567,0.42336,36.966,0.42336,423.524,0,0.999449,0,0,1.55828,0.558835,1.028160,1,0,63.8733,0,0,0,63.8733,0
49.2479,2.23727,0,0,2.80479,0.26889,0.36288,3.6288,61.308,0.428145,0,0,0.995838,0.191418,0.376275,0.66528,12.849,1,0.582953,0.36288,0,56.2131,3.39224,52.6007,0.84672,12.849,0.84672,3695.15,0,36.966,0.258153,0.612818,1.85301,4.31785,0.814371,5.71115,0.42336,36.966,0.42336,423.524,0,1.02816,0,0,1.64098,0.612818,1.028160,1,0,58.6882,0,0,0,58.6882,0
49.1445,2.23705,0,0,2.76239,0.265888,0.36288,3.6288,61.308,0.428145,0,0,1.05596,0.188818,0.439001,0.66528,12.849,1,0.583657,0.36288,0,53.6496,3.30263,50.1262,0.84672,12.849,0.84672,3695.15,0,36.966,0.258153,0.858479,1.8531,5.10756,0.80209,6.7589,0.42336,36.966,0.42336,423.524,0,1.02816,0,0,1.88664,0.858479,1.028160,1,0,57.3241,0,0,0,57.3241,0
48.378,2.31956,0,0,2.17458,0.258561,0.36288,3.6288,61.2821,0.590294,0,0,0.746669,0.182318,0,0.66528,12.849,1,0.606458,0.36288,0,44.2814,3.0786,40.9592,0.84672,12.849,0.84672,3695.15,0,36.966,0.355921,0.558835,1.85319,2.70642,0.771388,3.99114,0.42336,36.966,0.42336,423.524,0,0.835272,0,0,1.39411,0.558835,1.028160,1,0,44.9503,0,0,0,44.9503,0
47.3109,2.35004,0,0,1.90217,0.256426,0.36288,3.6288,61.308,0.44015,0,0,0.850193,0.182288,0.201812,0.66528,12.849,1,0.62416,0.36288,0,38.1001,3.0786,34.7602,0.84672,12.849,0.84672,3695.15,0,36.966,0.265503,0.648423,1.92471,3.185,0.771388,4.72124,0.42336,36.966,0.42336,423.524,0,1.02816,0,0,1.67658,0.648423,1.028160,1,0,39.6832,0,0,0,39.6832,0
46.2722,2.33921,0,0,1.88131,0.217908,0.36288,3.6288,61.308,0.440335,0,0,0.757607,0.206106,0.111166,0.66528,12.849,1,0.6353,0.36288,0,37.6275,3.36945,33.9856,0.84672,12.849,0.84672,3695.15,0,36.966,0.265503,0.544527,1.89691,2.80733,0.82864,4.15462,0.42336,36.966,0.42336,423.524,0,1.02816,0,0,1.57269,0.544527,1.028160,1,0,38.2514,0,0,0,38.2514,0
44.821,2.3283,0,0,1.47424,0.234204,0.36288,3.6288,61.0965,0.649046,0,0,0.674093,0.236551,0,0.66528,12.849,1,0.64653,0.36288,0,28.4585,3.77208,24.4028,0.84672,12.849,0.84672,3695.15,0,36.966,0.391346,0.528595,1.89711,2.32885,0.880674,3.48254,0.42336,36.966,0.42336,423.524,0,0.693792,0,0,1.22239,0.528595,1.028160,1,0,27.8853,0,0,0,27.8853,0
43.438,2.28041,0,0,1.43326,0.172998,0.36288,3.6288,61.1984,0.451559,0,0,0.763016,0.209567,0,0.66528,12.849,1,0.653734,0.36288,0,31.9711,4.24996,27.4303,0.84672,12.849,0.84672,3695.15,0,36.966,0.273213,0.528595,1.89731,2.74491,1.00351,3.8941,0.42336,36.966,0.42336,423.524,0,0.983552,0,0,1.51215,0.528595,1.028160,1,0,31.3244,0,0,0,31.3244,0
42.0527,2.25999,0,0,1.39722,0.159587,0.36288,3.6288,61.308,0.42786,0,0,0.833432,0.216237,0.0797199,0.66528,12.849,1,0.668508,0.36288,0,30.9804,4.30763,26.3672,0.84672,12.849,0.84672,3695.15,0,36.966,0.258443,0.620525,1.86971,3.11112,1.00695,4.33596,0.42336,36.966,0.42336,423.524,0,1.02816,0,0,1.64868,0.620525,1.028160,1,0,30.7829,0,0,0,30.7829,0
40.5957,2.24351,0,0,1.3064,0.157048,0.36288,3.6288,61.308,0.428148,0,0,0.819668,0.216387,0.175133,0.66528,12.849,1,0.685492,0.36288,0,28.2508,4.30763,23.6206,0.84672,12.849,0.84672,3695.15,0,36.966,0.258154,0.442705,1.87339,2.79246,1.00695,3.84345,0.42336,36.966,0.42336,423.524,0,1.02816,0,0,1.47087,0.442705,1.028160,1,0,27.6392,0,0,0,27.6392,0
39.1745,2.22519,0,0,1.31497,0.148077,0.36288,3.6288,61.308,0.443477,0,0,0.712074,0.204207,0.0643898,0.66528,12.849,1,0.704299,0.36288,0,28.7857,3.94973,24.4946,0.84672,12.849,0.84672,3695.15,0,36.966,0.267397,0.402797,1.87349,2.634,1.01529,3.6276,0.42336,36.966,0.42336,423.524,0,1.00359,0,0,1.40638,0.402797,1.028160,1,0,28.1866,0,0,0,28.1866,0
37.4403,2.31118,0,0,1.05379,0.113929,0.36288,3.6288,61.175,0.569796,0,0,0.657919,0.221081,0,0.66528,12.849,1,0.758053,0.36288,0,22.3379,4.55705,17.3856,0.84672,12.849,0.84672,3695.15,0,36.966,0.343562,0.402797,1.87358,2.33968,1.04504,3.22745,0.42336,36.966,0.42336,423.524,0,0.893506,0,0,1.2963,0.402797,1.028160,1,0,20.6131,0,0,0,20.6131,0
35.5534,2.28931,0,0,0.878308,0.113067,0.36288,3.6288,60.9031,0.662153,0,0,0.623621,0.233362,0,0.66528,12.849,1,0.78566,0.36288,0,18.6176,5.00052,13.1943,0.84672,12.849,0.84672,3695.15,0,36.966,0.400117,0.402797,1.97116,2.16918,1.10216,3.04086,0.42336,36.966,0.42336,423.524,0,0.739377,0,0,1.14217,0.402797,1.028160,1,0,16.2352,0,0,0,16.2352,0
33.6737,2.25892,0,0,0.85269,0.110553,0.36288,3.6288,60.5717,0.672086,0,0,0.573626,0.232961,0,0.66528,12.849,1,0.816376,0.36288,0,17.4048,5.00052,11.9507,0.84672,12.849,0.84672,3695.15,0,36.966,0.407932,0.30119,1.9682,1.99235,1.10216,2.75165,0.42336,36.966,0.42336,423.524,0,0.72182,0,0,1.02301,0.30119,1.028160,1,0,14.7024,0,0,0,14.7024,0
31.7426,2.22891,0,0,0.754039,0.0933824,0.36288,3.6288,60.1489,0.714618,0,0,0.538407,0.246571,0,0.66528,12.849,1,0.84672,0.36288,0,15.4716,5.16117,9.82655,0.84672,12.849,0.84672,3695.15,0,36.966,0.42336,0.30119,1.96841,1.94562,1.1432,2.64865,0.42336,36.966,0.42336,423.524,0,0.664053,0,0,0.965244,0.30119,1.028160,1,0,12.4752,0,0,0,12.4752,0
29.91,2.22924,0,0,0.830641,0.0710705,0.36288,3.6288,59.8015,0.661692,0,0,0.574503,0.260261,0,0.66528,12.849,1,0.84672,0.36288,0,15.7552,5.20068,10.0707,0.84672,12.849,0.84672,3695.15,0,36.966,0.406659,0.30119,1.96862,2.04142,1.19426,2.71031,0.42336,36.966,0.42336,423.524,0,0.733873,0,0,1.03506,0.30119,1.028160,1,0,12.781,0,0,0,12.781,0
28.3429,2.20201,0,0,1.06476,0.0669492,0.36288,3.6288,59.652,0.576788,0,0,0.675994,0.248719,0,0.66528,12.849,1,0.84672,0.36288,0,19.2654,4.76396,14.0176,0.84672,12.849,0.84672,3695.15,0,36.966,0.356539,0.30119,1.96883,2.58789,1.18508,3.31629,0.42336,36.966,0.42336,423.524,0,0.919901,0,0,1.22109,0.30119,1.028160,1,0,17.3339,0,0,0,17.3339,0
26.6857,2.20234,0,0,0.973486,0.065542,0.36288,3.6288,59.5254,0.537877,0,0,0.65975,0.248481,0,0.66528,12.849,1,0.84672,0.36288,0,18.9934,4.76396,13.7456,0.84672,12.849,0.84672,3695.15,0,36.966,0.333319,0.261274,2.00314,2.55607,1.18508,3.30208,0.42336,36.966,0.42336,423.524,0,0.98223,0,0,1.2435,0.261274,1.028160,1,0,17.0477,0,0,0,17.0477,0
24.9458,2.20266,0,0,0.889695,0.0640539,0.36288,3.6288,59.245,0.649086,0,0,0.616989,0.24828,0,0.66528,12.849,1,0.84672,0.36288,0,17.8651,4.76396,12.6173,0.84672,12.849,0.84672,3695.15,0,36.966,0.403091,0.261274,2.00335,2.43231,1.18508,3.10876,0.42336,36.966,0.42336,423.524,0,0.801446,0,0,1.06272,0.261274,1.028160,1,0,15.7261,0,0,0,15.7261,0
23.147,2.20299,0,0,0.818096,0.0509866,0.36288,3.6288,58.8909,0.647603,0,0,0.584674,0.291139,0,0.66528,12.849,1,0.84672,0.36288,0,15.9952,5.32855,10.1828,0.84672,12.849,0.84672,3695.15,0,36.966,0.404073,0.261274,2.00356,2.31591,1.39117,2.7855,0.42336,36.966,0.42336,423.524,0,0.802146,0,0,1.06342,0.261274,1.028160,1,0,12.9683,0,0,0,12.9683,0
21.3731,2.2745,0,0,0.909006,0.0455401,0.36288,3.6288,58.4051,0.746428,0,0,0.576653,0.316071,0,0.66528,12.849,1,0.84672,0.36288,0,17.3671,6.01687,10.8664,0.84672,12.849,0.84672,3695.15,0,36.966,0.42336,0.261274,2.00378,2.24351,1.53931,2.5459,0.42336,36.966,0.42336,423.524,0,0.729536,0,0,0.990809,0.261274,1.028160,1,0,13.4123,0,0,0,13.4123,0
19.5768,2.27483,0,0,0.886533,0.0451598,0.36288,3.6288,57.9294,0.732556,0,0,0.570784,0.313953,0,0.66528,12.849,1,0.84672,0.36288,0,16.7509,6.06102,10.206,0.84672,12.849,0.84672,3695.15,0,36.966,0.42336,0.261274,2.05233,2.30011,1.53824,2.65211,0.42336,36.966,0.42336,423.524,0,0.74361,0,0,1.00488,0.261274,1.028160,1,0,12.8581,0,0,0,12.8581,0
17.6656,2.27516,0,0,0.770939,0.0440542,0.36288,3.6288,57.369,0.783743,0,0,0.536407,0.312991,0,0.66528,12.849,1,0.84672,0.36288,0,15.8482,6.06102,9.30332,0.84672,12.849,0.84672,3695.15,0,36.966,0.42336,0.227405,2.05255,2.23835,1.53824,2.55671,0.42336,36.966,0.42336,423.524,0,0.692626,0,0,0.92003,0.227405,1.028160,1,0,11.86,0,0,0,11.86,0
15.6943,2.2755,0,0,0.709923,0.0428779,0.36288,3.6288,56.7515,0.83125,0,0,0.525569,0.311858,0,0.66528,12.849,1,0.84672,0.36288,0,14.9471,6.06102,8.40225,0.84672,12.849,0.84672,3695.15,0,36.966,0.42336,0.227405,2.05277,2.21569,1.53824,2.53427,0.42336,36.966,0.42336,423.524,0,0.645322,0,0,0.872726,0.227405,1.028160,1,0,10.9365,0,0,0,10.9365,0
13.3934,2.43034,0,0,0.526467,0.0340864,0.36288,3.6288,55.8761,1.04682,0,0,0.493595,0.32218,0,0.66528,12.849,1,0.84672,0.36288,0,12.4406,6.31948,5.63724,0.84672,12.849,0.84672,3695.15,0,36.966,0.42336,0.227405,2.05299,2.07316,1.55066,2.37954,0.42336,36.966,0.42336,423.524,0,0.560071,0,0,0.787476,0.227405,1.028160,1,0,8.01678,0,0,0,8.01678,0
10.9504,2.43069,0,0,0.391808,0.0412673,0.36288,3.6288,54.8016,1.17727,0,0,0.422536,0.319763,0,0.66528,12.0134,1,0.84672,0.36288,0,8.94145,6.09987,3.20544,0.84672,12.0134,0.84672,3695.14,0,36.966,0.42336,0.227405,2.18269,1.98004,1.4971,2.46967,0.42336,36.966,0.42336,423.524,0,0.42984,0,0,0.657245,0.227405,1.028160,1,0,5.67511,0,0,0,5.67511,0
8.48799,2.43104,0,0,0.370582,0.0390685,0.36288,3.6288,53.6772,1.19554,0,0,0.388621,0.317514,0,0.66528,11.1746,1,0.84672,0.36288,0,8.0358,6.09987,3.20544,0.84672,11.1746,0.84672,3694.22,0,36.966,0.42336,0.204422,2.18293,1.95758,1.4971,2.42447,0.42336,36.966,0.42336,423.524,0,0.411787,0,0,0.616209,0.204422,1.028160,1,0,5.62991,0,0,0,5.62991,0
6.16891,2.43139,0,0,0.51176,0.0365787,0.36288,3.6288,52.6798,1.11267,0,0,0.430388,0.315097,0,0.66528,10.3379,1,0.84672,0.36288,0,8.61952,6.09987,3.20544,0.84672,10.3379,0.84672,3693.89,0,36.966,0.42336,0.204422,2.18316,2.18226,1.4971,2.64937,0.42336,36.966,0.42336,423.524,0,0.494873,0,0,0.699296,0.204422,1.028160,1,0,5.85481,0,0,0,5.85481,0
3.99024,2.43174,0,0,0.664391,0.0484365,0.36288,3.6288,51.8661,1.05584,0,0,0.542493,0.300357,0,0.66528,12.849,1,0.84672,0.36288,0,14.3748,5.82558,4.29471,0.84672,12.849,0.84672,3695.15,0,36.966,0.42336,0.204422,2.18339,2.1983,1.45289,2.70987,0.42336,36.966,0.42336,423.524,0,0.551915,0,0,0.756337,0.204422,1.028160,1,0,7.00457,0,0,0,7.00457,0
1.92751,2.33205,0,0,0.688643,0.0564498,0.36288,3.6288,51.2327,0.963768,0,0,0.590996,0.260651,0,0.66528,12.849,1,0.84672,0.36288,0,10.7623,5.21882,5.05967,0.84672,12.849,0.84672,3695.15,0,36.966,0.42336,0.204422,2.18363,1.43463,1.31504,2.08428,0.42336,36.966,0.42336,423.524,0,0.546471,0,0,0.750894,0.204422,1.028160,1,0,7.14396,0,0,0,7.14396,0
0.151229,1.92751,0,0,0.566255,0.0521465,0.36288,3.6288,51.2733,0.526069,0,0,0.826033,0.259318,0,0.66528,12.849,1,0.84672,0.36288,0,10.4477,5.21882,4.74501,0.84672,12.849,0.84672,3695.15,0,36.966,0.379576,0.252927,2.0896,1.61978,1.31504,2.2677,0.42336,36.966,0.42336,423.524,0,1.02816,0,0,1.28109,0.252927,1.028160,1,0,7.0127,0,0,0,7.0127,0
0.0585363,0.151229,0,0,0.469857,0.0484408,0.36288,3.6288,50.3942,1.06396,0,0,0.444277,0.259404,0,0.66528,12.849,1,0.84672,0.36288,0,10.0104,5.21882,4.30774,0.84672,12.849,0.84672,3695.15,0,36.966,0.42336,0.216518,2.08982,1.20631,1.31504,1.77425,0.42336,36.966,0.42336,423.524,0,0.446697,0,0,0.663215,0.216518,1.028160,1,0,6.08199,0,0,0,6.08199,0
0.245239,0.0585363,0,0,0.675785,0.0676655,0.36288,3.6288,49.7453,0.980034,0,0,0.546479,0.215404,0,0.66528,12.849,1,0.84672,0.36288,0,11.6832,4.59592,6.60342,0.84672,12.849,0.84672,3695.15,0,36.966,0.42336,0.216518,2.09005,1.32741,1.12034,2.09027,0.42336,36.966,0.42336,423.524,0,0.530824,0,0,0.747343,0.216518,1.028160,1,0,8.69368,0,0,0,8.69368,0
0.170786,0.245239,0,0,0.601837,0.06817,0.36288,3.6288,49.0807,1.06605,0,0,0.590545,0.189082,0,0.66528,12.849,1,0.84672,0.36288,0,13.0508,4.3369,8.23004,0.84672,12.849,0.84672,3695.15,0,36.966,0.42336,0.216518,2.09027,2.60672,0.940185,3.54997,0.42336,36.966,0.42336,423.524,0,0.386445,0,0,0.602963,0.216518,1.028160,1,0,11.78,0,0,0,11.78,0
0.257051,0.170786,0,0,0.715684,0.0957526,0.36288,3.6288,48.0557,1.25909,0,0,0.423163,0.189035,0,0.66528,12.849,1,0.84672,0.36288,0,12.4997,4.68232,7.3335,0.84672,12.849,0.84672,3695.15,0,36.966,0.42336,0.216518,2.03942,2.41696,1.12077,3.12876,0.42336,36.966,0.42336,423.524,0,0.193604,0,0,0.410123,0.216518,1.028160,1,0,10.4623,0,0,0,10.4623,0
0.110178,0.257051,0,0,0.575561,0.102502,0.36288,3.6288,46.8099,1.38088,0,0,0.320645,0.185578,0,0.66528,12.849,1,0.84672,0.36288,0,9.73935,4.70179,4.55372,0.84672,12.849,0.84672,3695.15,0,36.966,0.42336,0.292723,2.03963,2.07712,1.14558,2.84054,0.42336,36.966,0.42336,423.524,0,0.0720109,0,0,0.364734,0.292723,1.028160,1,0,7.39426,0,0,0,7.39426,0
0.610676,0.110178,0,0,1.07541,0.101857,0.36288,3.6288,46.8725,0.628593,0,0,0.874838,0.183652,0,0.66528,12.849,1,0.84672,0.36288,0,19.4035,4.70179,14.2178,0.84672,12.849,0.84672,3695.15,0,36.966,0.42336,0.292723,2.03985,4.58239,1.14558,5.34603,0.42336,36.966,0.42336,423.524,0,0.824499,0,0,1.11722,0.292723,1.028160,1,0,19.5638,0,0,0,19.5638,0
1.63311,0.610676,0,0,2.09698,0.100988,0.36288,3.6288,47.8023,0.402443,0,0,1.51413,0.181836,0,0.66528,12.849,1,0.84672,0.36288,0,36.7558,4.41128,31.8607,0.84672,12.849,0.84672,3695.15,0,36.966,0.317387,0.292723,2.04007,5.91327,1.06941,6.85926,0.42336,36.966,0.42336,423.524,0,0.968319,0,0,1.26104,0.292723,1.028160,1,0,38.7199,0,0,0,38.7199,0
1.27717,1.63311,0,0,1.74113,0.101081,0.36288,3.6288,48.407,0.454444,0,0,1.23979,0.180687,0,0.66528,12.849,1,0.84672,0.36288,0,25.2548,4.02392,20.7471,0.84672,12.849,0.84672,3695.15,0,36.966,0.351426,0.292723,1.85019,6.56429,0.967856,7.38792,0.42336,36.966,0.42336,423.524,0,0.908591,0,0,1.20131,0.292723,1.028160,1,0,28.135,0,0,0,28.135,0
0.895865,1.27717,0,0,1.35814,0.0993943,0.36288,3.6288,48.061,0.784407,0,0,0.617722,0.179366,0,0.66528,12.849,1,0.84672,0.36288,0,17.6431,3.97419,13.185,0.84672,12.849,0.84672,3695.15,0,36.966,0.42336,0.412474,1.86568,4.48515,0.95186,5.38808,0.42336,36.966,0.42336,423.524,0,0.506693,0,0,0.919166,0.412474,1.028160,1,0,18.5731,0,0,0,18.5731,0
1.12223,0.895865,0,0,1.58159,0.0964812,0.36288,3.6288,47.4643,0.873011,0,0,0.441835,0.165487,0,0.66528,12.849,1,0.84672,0.36288,0,21.3928,3.67584,17.2331,0.84672,12.849,0.84672,3695.15,0,36.966,0.42336,0.412474,1.86577,5.01128,0.855887,6.01027,0.42336,36.966,0.42336,423.524,0,0.41809,0,0,0.830563,0.412474,1.028160,1,0,23.2434,0,0,0,23.2434,0
0.772008,1.12223,0,0,1.23228,0.0973925,0.36288,3.6288,46.9404,0.928687,0,0,0.569434,0.164665,0,0.66528,12.849,1,0.84672,0.36288,0,15.309,3.67584,11.1493,0.84672,12.849,0.84672,3695.15,0,36.966,0.42336,0.412474,1.86586,3.06288,0.855887,4.06197,0.42336,36.966,0.42336,423.524,0,0.362413,0,0,0.774887,0.412474,1.028160,1,0,15.2112,0,0,0,15.2112,0
5.5364,0.772008,0,0,5.99939,0.100107,0.36288,3.6288,50.1126,0.414492,0,0,3.77359,0.186833,0,0.66528,12.849,1,0.84672,0.36288,0,137.536,4.26082,132.791,0.84672,12.849,0.84672,3695.15,0,36.966,0.326417,2.2702,1.86595,15.7567,1.06441,18.502,0.42336,36.966,0.42336,423.524,0,1.02816,0,0,3.29836,2.2702,1.028160,1,0,151.293,0,0,0,151.293,0
10.6858,2.15958,0,0,7.79001,0.118201,0.36288,3.6288,52.4901,0.411861,0,0,2.91828,0.128907,0,0.66528,12.849,1,0.84672,0.36288,0,151.996,2.80318,148.709,0.84672,12.849,0.84672,3695.15,0,36.966,0.303812,2.02872,1.92534,16.3301,0.656268,19.3241,0.42336,36.966,0.42336,423.524,0,1.02816,0,0,3.05688,2.02872,1.028160,1,0,168.033,0,0,0,168.033,0
13.8353,2.15988,0,0,5.80991,0.13759,0.36288,3.6288,54.8431,0.420037,0,0,2.90436,0.131416,0,0.66528,12.849,1,0.84672,0.36288,0,121.552,2.80318,118.265,0.84672,12.849,0.84672,3695.15,0,36.966,0.29581,2.18907,1.91067,12.949,0.656268,16.0967,0.42336,36.966,0.42336,423.524,0,1.02816,0,0,3.21723,2.18907,1.028160,1,0,134.361,0,0,0,134.361,0
17.1401,2.16018,0,0,5.97547,0.147635,0.36288,3.6288,57.1424,0.427722,0,0,2.8608,0.133724,0,0.66528,12.849,1,0.84672,0.36288,0,101.953,2.80318,98.6658,0.84672,12.849,0.84672,3695.15,0,36.966,0.288299,2.02793,1.91086,12.5141,0.656268,15.5083,0.42336,36.966,0.42336,423.524,0,1.02816,0,0,3.05609,2.02793,1.028160,1,0,114.174,0,0,0,114.174,0
22.5926,2.40025,0,0,8.38111,0.165424,0.36288,3.6288,59.25,0.540206,0,0,2.80978,0.161986,0,0.66528,12.849,1,0.84672,0.36288,0,131.047,3.25985,127.304,0.84672,12.849,0.84672,3695.15,0,36.966,0.349465,2.06717,1.91105,16.8917,0.746737,19.7737,0.42336,36.966,0.42336,423.524,0,1.02816,0,0,3.09533,2.06717,1.028160,1,0,147.077,0,0,0,147.077,0
25.9597,2.40058,0,0,6.31557,0.185024,0.36288,3.6288,61.0971,0.547979,0,0,2.5792,0.184148,0,0.66528,12.849,1,0.84672,0.36288,0,93.9548,3.60234,89.8686,0.84672,12.849,0.84672,3695.15,0,36.966,0.341883,2.35129,2.0902,13.458,0.814589,16.743,0.42336,36.966,0.42336,423.524,0,1.02816,0,0,3.37945,2.35129,1.028160,1,0,106.612,0,0,0,106.612,0
29.3049,2.4009,0,0,6.30302,0.194095,0.36288,3.6288,61.308,0.554538,0,0,2.60895,0.186327,1.65716,0.66528,12.849,1,0.84672,0.36288,0,92.0091,3.60234,87.9229,0.84672,12.849,0.84672,3695.15,0,36.966,0.335516,2.13183,2.09041,10.6642,0.814589,13.7363,0.42336,36.966,0.42336,423.524,0,1.02816,0,0,3.15999,2.13183,1.028160,1,0,103.316,0,0,0,103.316,0
32.1098,2.40123,0,0,5.76232,0.193276,0.36288,3.6288,61.308,0.555377,0,0,2.7935,0.208787,2.02934,0.66528,12.849,1,0.84672,0.36288,0,86.9244,4.38447,82.0561,0.84672,12.849,0.84672,3695.15,0,36.966,0.334868,2.27471,2.09062,12.345,1.07561,15.2999,0.42336,36.966,0.42336,423.524,0,1.02816,0,0,3.30287,2.27471,1.028160,1,0,99.3853,0,0,0,99.3853,0
36.256,2.05927,0,0,6.77574,0.207445,0.36288,3.6288,61.308,0.403453,0,0,2.95999,0.220256,2.33629,0.66528,12.849,1,0.824033,0.36288,0,94.4525,4.73694,89.2544,0.84672,12.849,0.84672,3695.15,0,36.966,0.243264,3.53424,2.09082,15.0137,1.21791,19.1776,0.42336,36.966,0.42336,423.524,0,1.02816,0,0,4.5624,3.53424,1.028160,1,0,110.768,0,0,0,110.768,0
39.8587,2.09997,0,0,6.29522,0.229641,0.36288,3.6288,61.308,0.428139,0,0,3.39546,0.189639,2.77768,0.66528,12.849,1,0.744221,0.36288,0,94.8275,4.22111,90.225,0.84672,12.849,0.84672,3695.15,0,36.966,0.258149,5.40003,1.83434,17.5554,0.991276,23.5404,0.42336,36.966,0.42336,423.524,0,1.02816,0,0,6.42819,5.40003,1.028160,1,0,116.543,0,0,0,116.543,0
43.5069,2.15118,0,0,6.40181,0.239533,0.36288,3.6288,61.308,0.428139,0,0,2.85875,0.189639,2.24097,0.66528,12.849,1,0.693462,0.36288,0,96.7637,4.22111,92.212,0.84672,12.849,0.84672,3695.15,0,36.966,0.258149,3.99822,1.85758,15.5097,0.991276,20.116,0.42336,36.966,0.42336,423.524,0,1.02816,0,0,5.02638,3.99822,1.028160,1,0,114.569,0,0,0,114.569,0
46.7158,2.19642,0,0,6.01817,0.249998,0.36288,3.6288,61.308,0.428139,0,0,2.82154,0.189639,2.20376,0.66528,12.849,1,0.648675,0.36288,0,90.3355,4.22111,85.8286,0.84672,12.849,0.84672,3695.15,0,36.966,0.258149,3.73899,1.85767,14.6741,0.991276,19.0213,0.42336,36.966,0.42336,423.524,0,1.02816,0,0,4.76715,3.73899,1.028160,1,0,107.054,0,0,0,107.054,0
49.2079,2.23172,0,0,5.3586,0.271897,0.36288,3.6288,61.308,0.428139,0,0,2.62604,0.211814,1.98609,0.66528,12.849,1,0.613828,0.36288,0,77.83,3.94966,73.6294,0.84672,12.849,0.84672,3695.15,0,36.966,0.258149,3.34038,1.85775,12.8649,1.00819,16.7967,0.42336,36.966,0.42336,423.524,0,1.02816,0,0,4.36854,3.34038,1.028160,1,0,92.4121,0,0,0,92.4121,0
50.9194,2.34031,0,0,4.69716,0.282395,0.36288,3.6288,61.308,0.470183,0,0,1.60359,0.207314,0.926095,0.66528,12.849,1,0.611095,0.36288,0,56.992,4.4919,52.2519,0.84672,12.849,0.84672,3695.15,0,36.966,0.2835,2.67965,1.85784,11.9804,1.07692,15.1575,0.42336,36.966,0.42336,423.524,0,1.02816,0,0,3.70781,2.67965,1.028160,1,0,68.3355,0,0,0,68.3355,0
51.3696,2.38788,0,0,3.48852,0.287558,0.36288,3.6288,61.308,0.446128,0,0,1.35746,0.207314,0.704023,0.66528,12.849,1,0.602558,0.36288,0,48.1626,4.4919,43.431,0.84672,12.849,0.84672,3695.15,0,36.966,0.268995,0.764519,1.92975,11.3085,1.07692,12.6568,0.42336,36.966,0.42336,423.524,0,1.02816,0,0,1.79268,0.764519,1.028160,1,0,56.7918,0,0,0,56.7918,0
51.5183,2.39235,0,0,3.1928,0.288913,0.36288,3.6288,61.308,0.446236,0,0,1.13227,0.207314,0.478722,0.66528,12.849,1,0.598394,0.36288,0,42.5578,4.4919,37.8304,0.84672,12.849,0.84672,3695.15,0,36.966,0.269061,0.594346,1.90727,7.30668,1.07692,8.46231,0.42336,36.966,0.42336,423.524,0,1.02816,0,0,1.62251,0.594346,1.028160,1,0,46.7714,0,0,0,46.7714,0
51.5784,2.39397,0,0,3.07657,0.259617,0.36288,3.6288,61.308,0.471915,0,0,1.08702,0.226345,0.388756,0.66528,12.849,1,0.597071,0.36288,0,37.9461,4.72458,32.9873,0.84672,12.849,0.84672,3695.15,0,36.966,0.284544,0.528595,1.90746,7.18356,1.12272,8.21235,0.42336,36.966,0.42336,423.524,0,0.987172,0,0,1.51577,0.528595,1.028160,1,0,41.5884,0,0,0,41.5884,0
51.8517,2.36176,0,0,3.25457,0.256672,0.36288,3.6288,61.308,0.430117,0,0,1.06617,0.222716,0.413335,0.66528,12.849,1,0.588351,0.36288,0,43.1291,4.41228,38.4913,0.84672,12.849,0.84672,3695.15,0,36.966,0.259341,0.818182,1.90765,7.80235,1.08256,9.18629,0.42336,36.966,0.42336,423.524,0,1.02816,0,0,1.84634,0.818182,1.028160,1,0,48.0909,0,0,0,48.0909,0
52.0582,2.36448,0,0,3.15339,0.219529,0.36288,3.6288,61.308,0.430224,0,0,1.08491,0.242621,0.412063,0.66528,12.849,1,0.585925,0.36288,0,41.6981,4.53296,36.9421,0.84672,12.849,0.84672,3695.15,0,36.966,0.259406,0.869599,1.87988,7.99295,1.08219,9.40084,0.42336,36.966,0.42336,423.524,0,1.02816,0,0,1.89776,0.869599,1.028160,1,0,46.755,0,0,0,46.755,0
52.1476,2.36658,0,0,3.03894,0.219999,0.36288,3.6288,61.308,0.430331,0,0,1.08431,0.242621,0.41136,0.66528,12.849,1,0.584119,0.36288,0,39.8677,4.53296,35.1135,0.84672,12.849,0.84672,3695.15,0,36.966,0.25947,0.936205,1.88007,8.78291,1.08219,10.2575,0.42336,36.966,0.42336,423.524,0,1.02816,0,0,1.96436,0.936205,1.028160,1,0,45.7824,0,0,0,45.7824,0
52.2727,2.36762,0,0,3.07556,0.220007,0.36288,3.6288,61.308,0.430438,0,0,1.14483,0.23913,0.475259,0.66528,12.849,1,0.583373,0.36288,0,39.8606,4.42993,35.2101,0.84672,12.849,0.84672,3695.15,0,36.966,0.259535,0.738996,1.88026,7.75552,1.08678,9.02846,0.42336,36.966,0.42336,423.524,0,1.02816,0,0,1.76716,0.738996,1.028160,1,0,44.7138,0,0,0,44.7138,0
52.0691,2.48135,0,0,2.84151,0.200919,0.36288,3.6288,61.308,0.488501,0,0,0.927089,0.213888,0.224701,0.66528,12.849,1,0.609934,0.36288,0,36.6928,4.1217,32.324,0.84672,12.849,0.84672,3695.15,0,36.966,0.294544,0.725129,1.88045,7.28343,1.0603,8.53416,0.42336,36.966,0.42336,423.524,0,1.02816,0,0,1.75329,0.725129,1.028160,1,0,41.0829,0,0,0,41.0829,0
51.7053,2.47969,0,0,2.64609,0.167329,0.36288,3.6288,61.308,0.488613,0,0,0.909801,0.202396,0.218792,0.66528,12.849,1,0.611908,0.36288,0,33.5104,4.36674,28.8946,0.84672,12.849,0.84672,3695.15,0,36.966,0.294612,0.719133,1.97864,6.79631,0.985602,8.21387,0.42336,36.966,0.42336,423.524,0,1.02816,0,0,1.74729,0.719133,1.028160,1,0,37.3273,0,0,0,37.3273,0
51.2378,2.47648,0,0,2.53225,0.160347,0.36288,3.6288,61.308,0.488726,0,0,0.956586,0.204181,0.263679,0.66528,12.849,1,0.615418,0.36288,0,31.4855,4.42092,26.812,0.84672,12.849,0.84672,3695.15,0,36.966,0.29468,0.709335,1.97884,7.08039,0.975572,8.49832,0.42336,36.966,0.42336,423.524,0,1.02816,0,0,1.7375,0.709335,1.028160,1,0,35.574,0,0,0,35.574,0
50.6622,2.47224,0,0,2.4191,0.159569,0.36288,3.6288,61.308,0.488839,0,0,0.96063,0.204181,0.26761,0.66528,12.849,1,0.619969,0.36288,0,29.5824,4.42092,24.9044,0.84672,12.849,0.84672,3695.15,0,36.966,0.294748,0.632802,1.97904,6.80832,0.975572,8.14984,0.42336,36.966,0.42336,423.524,0,1.02816,0,0,1.66096,0.632802,1.028160,1,0,33.3219,0,0,0,33.3219,0
49.8918,2.46687,0,0,2.21162,0.152286,0.36288,3.6288,61.308,0.488952,0,0,0.88274,0.211229,0.182559,0.66528,12.849,1,0.62565,0.36288,0,27.4593,4.52394,22.6726,0.84672,12.849,0.84672,3695.15,0,36.966,0.294816,0.548338,1.97924,6.25221,1.00137,7.4836,0.42336,36.966,0.42336,423.524,0,1.02816,0,0,1.5765,0.548338,1.028160,1,0,30.3388,0,0,0,30.3388,0
48.8005,2.43741,0,0,1.82246,0.113415,0.36288,3.6288,61.267,0.520934,0,0,0.733432,0.25352,0,0.66528,12.849,1,0.627723,0.36288,0,26.3024,5.14206,20.8955,0.84672,12.849,0.84672,3695.15,0,36.966,0.3141,0.492705,1.97943,4.84002,1.15617,5.84189,0.42336,36.966,0.42336,423.524,0,1.02816,0,0,1.52086,0.492705,1.028160,1,0,26.7374,0,0,0,26.7374,0
47.5738,2.42654,0,0,1.67479,0.112097,0.36288,3.6288,61.205,0.520918,0,0,0.712368,0.253455,0,0.66528,12.849,1,0.638898,0.36288,0,25.887,5.14206,20.4689,0.84672,12.849,0.84672,3695.15,0,36.966,0.314301,0.493353,2.01391,4.88055,1.15617,5.91734,0.42336,36.966,0.42336,423.524,0,1.02816,0,0,1.52151,0.493353,1.028160,1,0,26.3863,0,0,0,26.3863,0
46.211,2.41381,0,0,1.52446,0.110609,0.36288,3.6288,61.0971,0.520836,0,0,0.666282,0.253355,0,0.66528,12.849,1,0.651934,0.36288,0,24.8513,5.14206,19.4202,0.84672,12.849,0.84672,3695.15,0,36.966,0.31457,0.290131,2.01411,4.58485,1.15617,5.41835,0.42336,36.966,0.42336,423.524,0,1.02816,0,0,1.31829,0.290131,1.028160,1,0,24.8386,0,0,0,24.8386,0
44.7532,2.399,0,0,1.40178,0.0977234,0.36288,3.6288,60.9265,0.520606,0,0,0.63612,0.286046,0,0.66528,12.849,1,0.667044,0.36288,0,22.0316,5.56551,16.1619,0.84672,12.849,0.84672,3695.15,0,36.966,0.314986,0.283556,2.01431,4.41161,1.31074,5.08375,0.42336,36.966,0.42336,423.524,0,1.02816,0,0,1.31172,0.283556,1.028160,1,0,21.2456,0,0,0,21.2456,0
43.378,2.39841,0,0,1.46196,0.0758369,0.36288,3.6288,60.6176,0.592345,0,0,0.610856,0.327416,0,0.66528,12.849,1,0.688603,0.36288,0,19.5465,5.84361,13.3772,0.84672,12.849,0.84672,3695.15,0,36.966,0.359394,0.261274,2.01451,3.98121,1.49451,4.40309,0.42336,36.966,0.42336,423.524,0,0.92677,0,0,1.18804,0.261274,1.028160,1,0,17.7803,0,0,0,17.7803,0
42.0843,2.38181,0,0,1.52345,0.0724652,0.36288,3.6288,60.405,0.528342,0,0,0.641669,0.32594,0,0.66528,12.849,1,0.705515,0.36288,0,27.0428,5.72901,20.9711,0.84672,12.849,0.84672,3695.15,0,36.966,0.322195,0.327473,2.02984,4.40866,1.48558,4.95819,0.42336,36.966,0.42336,423.524,0,1.02816,0,0,1.35563,0.327473,1.028160,1,0,25.9293,0,0,0,25.9293,0
40.7054,2.36543,0,0,1.42083,0.0713879,0.36288,3.6288,60.1201,0.527754,0,0,0.568349,0.3255,0,0.66528,12.849,1,0.722202,0.36288,0,21.3932,5.72901,15.3049,0.84672,12.849,0.84672,3695.15,0,36.966,0.322969,0.309986,2.03004,4.02408,1.48558,4.55556,0.42336,36.966,0.42336,423.524,0,1.02816,0,0,1.33815,0.309986,1.028160,1,0,19.8605,0,0,0,19.8605,0
39.2176,2.34707,0,0,1.2924,0.0702397,0.36288,3.6288,59.7236,0.605454,0,0,0.533855,0.32491,0,0.66528,12.849,1,0.740871,0.36288,0,19.6719,5.72901,13.5649,0.84672,12.849,0.84672,3695.15,0,36.966,0.372275,0.227405,2.03025,3.68288,1.48558,4.08267,0.42336,36.966,0.42336,423.524,0,0.901342,0,0,1.12875,0.227405,1.028160,1,0,17.6476,0,0,0,17.6476,0
37.6527,2.48148,0,0,1.33589,0.056491,0.36288,3.6288,59.4011,0.625649,0,0,0.624991,0.321845,0,0.66528,12.849,1,0.813016,0.36288,0,19.8885,5.92605,13.5123,0.84672,12.849,0.84672,3695.15,0,36.966,0.387246,0.454758,2.03045,4.98702,1.50246,5.58252,0.42336,36.966,0.42336,423.524,0,1.02816,0,0,1.48292,0.454758,1.028160,1,0,19.0948,0,0,0,19.0948,0
35.7192,2.45653,0,0,0.935081,0.0491528,0.36288,3.6288,58.9566,0.64878,0,0,0.501913,0.297669,0,0.66528,12.849,1,0.838293,0.36288,0,17.5872,5.89523,11.2166,0.84672,12.849,0.84672,3695.15,0,36.966,0.403743,0.227405,2.19431,3.9841,1.44007,4.562,0.42336,36.966,0.42336,423.524,0,0.988736,0,0,1.21614,0.227405,1.028160,1,0,15.7786,0,0,0,15.7786,0
33.8144,2.44843,0,0,0.954608,0.0480359,0.36288,3.6288,58.4771,0.663337,0,0,0.480681,0.296822,0,0.66528,12.849,1,0.84672,0.36288,0,16.226,5.89523,9.84694,0.84672,12.849,0.84672,3695.15,0,36.966,0.415915,0.204422,2.19453,4.08441,1.44007,4.62737,0.42336,36.966,0.42336,423.524,0,0.962211,0,0,1.16663,0.204422,1.028160,1,0,14.4743,0,0,0,14.4743,0
32.375,2.44876,0,0,1.42262,0.0503992,0.36288,3.6288,58.1303,0.620966,0,0,0.56908,0.294855,0,0.66528,12.849,1,0.84672,0.36288,0,20.8871,5.86554,14.5377,0.84672,12.849,0.84672,3695.15,0,36.966,0.39254,0.377326,2.19475,4.47639,1.43643,5.21949,0.42336,36.966,0.42336,423.524,0,1.02816,0,0,1.40549,0.377326,1.028160,1,0,19.7572,0,0,0,19.7572,0
31.5271,2.44909,0,0,2.02908,0.0649835,0.36288,3.6288,57.961,0.619659,0,0,0.735429,0.285144,0,0.66528,12.849,1,0.84672,0.36288,0,30.6392,5.802,24.3533,0.84672,12.849,0.84672,3695.15,0,36.966,0.394051,0.444226,2.19496,4.90117,1.41304,5.73327,0.42336,36.966,0.42336,423.524,0,1.02816,0,0,1.47239,0.444226,1.028160,1,0,30.0866,0,0,0,30.0866,0
30.9512,2.34885,0,0,2.18612,0.0503223,0.36288,3.6288,57.7718,0.559088,0,0,0.645252,0.275329,0,0.66528,12.849,1,0.84672,0.36288,0,26.2819,5.62653,20.1716,0.84672,12.849,0.84672,3695.15,0,36.966,0.356572,0.699365,2.19518,5.29704,1.31908,6.51593,0.42336,36.966,0.42336,423.524,0,1.02816,0,0,1.72752,0.699365,1.028160,1,0,26.6875,0,0,0,26.6875,0
30.0283,2.34917,0,0,1.83911,0.0499522,0.36288,3.6288,57.8536,0.558495,0,0,0.91533,0.274992,0,0.66528,12.849,1,0.84672,0.36288,0,23.834,5.62653,17.7236,0.84672,12.849,0.84672,3695.15,0,36.966,0.35736,1.96764,2.10065,5.97923,1.31908,8.37107,0.42336,36.966,0.42336,423.524,0,1.02816,0,0,2.9958,1.96764,1.028160,1,0,26.0947,0,0,0,26.0947,0
28.8403,2.34949,0,0,1.57366,0.0493424,0.36288,3.6288,57.5251,0.558921,0,0,0.505558,0.275138,0,0.66528,12.849,1,0.84672,0.36288,0,23.8105,5.62653,17.7002,0.84672,12.849,0.84672,3695.15,0,36.966,0.357127,0.641537,2.10086,4.45001,1.31908,5.51619,0.42336,36.966,0.42336,423.524,0,1.02816,0,0,1.6697,0.641537,1.028160,1,0,23.2164,0,0,0,23.2164,0
27.7083,2.34981,0,0,1.64182,0.06108,0.36288,3.6288,57.1943,0.557798,0,0,0.486697,0.259755,0,0.66528,12.849,1,0.84672,0.36288,0,22.8866,5.4189,16.9838,0.84672,12.849,0.84672,3695.15,0,36.966,0.358444,0.590423,2.10106,4.47816,1.25419,5.55702,0.42336,36.966,0.42336,423.524,0,1.02816,0,0,1.61858,0.590423,1.028160,1,0,22.5409,0,0,0,22.5409,0
27.3686,2.3189,0,0,2.48409,0.142032,0.36288,3.6288,57.2955,0.520891,0,0,0.828919,0.206845,0,0.66528,12.849,1,0.84672,0.36288,0,43.7022,4.14918,39.0691,0.84672,12.849,0.84672,3695.15,0,36.966,0.336664,1.12402,2.10127,6.97835,0.976088,8.89089,0.42336,36.966,0.42336,423.524,0,1.02816,0,0,2.15218,1.12402,1.028160,1,0,47.96,0,0,0,47.96,0
26.6058,2.31921,0,0,2.06661,0.147273,0.36288,3.6288,57.3338,0.521367,0,0,0.793854,0.234185,0,0.66528,12.849,1,0.84672,0.36288,0,31.1367,4.13122,26.5216,0.84672,12.849,0.84672,3695.15,0,36.966,0.336376,0.915831,2.05014,5.63498,1.05955,7.20502,0.42336,36.966,0.42336,423.524,0,1.02816,0,0,1.94399,0.915831,1.028160,1,0,33.7266,0,0,0,33.7266,0
26.7331,2.31953,0,0,2.95533,0.145713,0.36288,3.6288,57.3232,0.521618,0,0,0.74532,0.234244,0,0.66528,12.849,1,0.84672,0.36288,0,38.6028,4.13122,33.9878,0.84672,12.849,0.84672,3695.15,0,36.966,0.336313,0.710415,2.05034,6.4516,1.05955,7.81649,0.42336,36.966,0.42336,423.524,0,1.02816,0,0,1.73858,0.710415,1.028160,1,0,41.8043,0,0,0,41.8043,0
31.6507,2.31984,0,0,7.74636,0.145973,0.36288,3.6288,58.7965,0.521694,0,0,2.22923,0.234228,0,0.66528,12.849,1,0.84672,0.36288,0,85.7841,4.13122,81.1691,0.84672,12.849,0.84672,3695.15,0,36.966,0.336425,4.94482,2.05055,13.0494,1.05955,18.6488,0.42336,36.966,0.42336,423.524,0,1.02816,0,0,5.97298,4.94482,1.028160,1,0,99.8179,0,0,0,99.8179,0
34.6602,2.08283,0,0,5.62264,0.167501,0.36288,3.6288,59.8958,0.410643,0,0,1.74605,0.236113,0,0.66528,12.849,1,0.845549,0.36288,0,70.4976,4.27406,65.7408,0.84672,12.849,0.84672,3695.15,0,36.966,0.258175,3.00383,2.05075,9.78731,1.09206,13.4917,0.42336,36.966,0.42336,423.524,0,1.02816,0,0,4.03199,3.00383,1.028160,1,0,79.2325,0,0,0,79.2325,0
38.3839,2.12398,0,0,6.41433,0.203751,0.36288,3.6288,60.2543,0.424376,0,0,1.01971,0.236893,0,0.66528,12.849,1,0.787388,0.36288,0,53.5179,4.63113,48.4622,0.84672,12.849,0.84672,3695.15,0,36.966,0.261913,1.58052,1.85986,6.67094,1.17332,8.6761,0.42336,36.966,0.42336,423.524,0,1.02816,0,0,2.60868,1.58052,1.028160,1,0,57.1384,0,0,0,57.1384,0
42.0959,2.18155,0,0,6.46942,0.212993,0.36288,3.6288,61.16,0.425342,0,0,1.56854,0.237435,0,0.66528,12.849,1,0.730275,0.36288,0,64.1883,4.63113,59.1898,0.84672,12.849,0.84672,3695.15,0,36.966,0.260947,2.91306,1.87017,12.2548,1.17332,15.6038,0.42336,36.966,0.42336,423.524,0,1.02816,0,0,3.94122,2.91306,1.028160,1,0,74.7935,0,0,0,74.7935,0
43.3255,2.23124,0,0,4.04025,0.216431,0.36288,3.6288,61.1835,0.427751,0,0,0.664252,0.21308,0,0.66528,12.849,1,0.681047,0.36288,0,37.2187,4.16245,32.7381,0.84672,12.849,0.84672,3695.15,0,36.966,0.258539,0.91616,1.87026,5.27914,1.03853,6.76849,0.42336,36.966,0.42336,423.524,0,1.02816,0,0,1.94432,0.91616,1.028160,1,0,39.5066,0,0,0,39.5066,0
44.2854,2.24651,0,0,3.78064,0.211377,0.36288,3.6288,61.308,0.427812,0,0,0.761113,0.178808,0.029956,0.66528,12.849,1,0.666244,0.36288,0,40.2049,3.53755,36.3639,0.84672,12.849,0.84672,3695.15,0,36.966,0.258477,0.591797,1.87035,5.68591,0.858822,7.03076,0.42336,36.966,0.42336,423.524,0,1.02816,0,0,1.61996,0.591797,1.028160,1,0,43.4247,0,0,0,43.4247,0
52.0387,2.3292,0,0,10.6601,0.21469,0.36288,3.6288,61.308,0.462385,0,0,2.60339,0.202385,1.93862,0.66528,12.849,1,0.675794,0.36288,0,137.347,3.94656,133.087,0.84672,12.849,0.84672,3695.15,0,36.966,0.278797,4.90153,1.87043,16.5862,1.05818,22.0212,0.42336,36.966,0.42336,423.524,0,1.02816,0,0,5.92969,4.90153,1.028160,1,0,157.047,0,0,0,157.047,0
57.2681,2.4235,0,0,8.26796,0.252244,0.36288,3.6288,61.308,0.452115,0,0,1.8322,0.226906,1.15318,0.66528,12.849,1,0.598392,0.36288,0,167.213,4.40612,162.572,0.84672,12.849,0.84672,3695.15,0,36.966,0.272605,3.60806,1.93013,12.9057,1.14886,17.0225,0.42336,36.966,0.42336,423.524,0,1.02816,0,0,4.63622,3.60806,1.028160,1,0,180.747,0,0,0,180.747,0
64.1742,2.46836,0,0,10.0033,0.265899,0.36288,3.6288,61.308,0.452217,0,0,1.8315,0.226906,1.15238,0.66528,12.849,1,0.553816,0.36288,0,161.165,4.40612,156.567,0.84672,12.849,0.84672,3695.15,0,36.966,0.272667,3.68237,1.92058,12.3714,1.14886,16.5528,0.42336,36.966,0.42336,423.524,0,1.02816,0,0,4.71053,3.68237,1.028160,1,0,174.273,0,0,0,174.273,0
70.6153,2.51825,0,0,9.60492,0.282674,0.36288,3.6288,61.308,0.452319,0,0,2.32025,0.226906,1.64103,0.66528,12.849,1,0.504206,0.36288,0,175.524,4.40612,170.977,0.84672,12.849,0.84672,3695.15,0,36.966,0.272728,5.0903,1.92076,15.0468,1.14886,20.6363,0.42336,36.966,0.42336,423.524,0,1.02816,0,0,6.11846,5.0903,1.028160,1,0,193.254,0,0,0,193.254,0
72.29,2.76131,0,0,6.16669,0.307631,1.42308,3.6288,61.308,0.561202,0,0,1.79481,0.215473,1.01814,0.66528,12.849,1,0.502442,1.42308,0,107.456,4.28448,104.092,0.84672,12.849,0.84672,3695.15,0,36.966,0.33838,3.74782,1.92094,11.5027,1.20061,15.6325,0.42336,36.966,0.42336,423.524,0,1.02816,0,0,4.77598,3.74782,1.028160,1,0,120.742,0,0,0,120.742,0
72.29,2.77145,0,0,4.4329,0.278665,1.38278,3.6288,61.308,0.561314,0,0,1.42228,0.212724,0.648244,0.66528,12.849,1,0.492605,1.38278,0,67.2733,3.98937,64.1741,0.84672,12.849,0.84672,3695.15,0,36.966,0.338447,3.07351,2.101,8.52751,1.03782,12.3257,0.42336,36.966,0.42336,423.524,0,1.02816,0,0,4.10167,3.07351,1.028160,1,0,77.1481,0,0,0,77.1481,0
72.2759,2.77171,0,0,3.3992,0.278665,0.36288,3.6288,61.308,0.561426,0,0,1.42805,0.212724,0.653895,0.66528,12.849,1,0.49265,0.36288,0,47.334,3.98937,43.2148,0.84672,12.849,0.84672,3695.15,0,36.966,0.338515,1.50257,2.1012,6.00605,1.03782,8.23349,0.42336,36.966,0.42336,423.524,0,1.02816,0,0,2.53073,1.50257,1.028160,1,0,52.1022,0,0,0,52.1022,0
72.29,2.77189,0,0,4.7613,0.278636,1.69672,3.6288,61.308,0.561538,0,0,1.4027,0.212724,0.628434,0.66528,12.849,1,0.492778,1.69672,0,67.9925,3.98937,65.2071,0.84672,12.849,0.84672,3695.15,0,36.966,0.338582,1.47906,2.10139,12.606,1.03782,14.81,0.42336,36.966,0.42336,423.524,0,1.02816,0,0,2.50722,1.47906,1.028160,1,0,80.6455,0,0,0,80.6455,0
72.29,2.46075,0,0,10.0315,0.327111,7.24368,3.6288,61.308,0.408824,0,0,4.13262,0.192095,3.5317,0.66528,12.849,1,0.437379,7.24368,0,194.584,3.81256,197.578,0.84672,12.849,0.84672,3695.15,0,36.966,0.246503,6.27199,2.10159,20.1539,0.930446,27.3506,0.42336,36.966,0.42336,423.524,0,1.02816,0,0,7.30015,6.27199,1.028160,1,0,228.46,0,0,0,228.46,0
72.29,2.43483,0,0,11.6606,0.391706,8.8341,3.6288,61.308,0.428132,0,0,4.63343,0.164589,4.04071,0.66528,12.849,1,0.432772,8.8341,0,205.666,3.57683,210.49,0.84672,12.849,0.84672,3695.15,0,36.966,0.258145,7.37951,1.84377,24.4953,0.787283,32.6732,0.42336,36.966,0.42336,423.524,0,1.02816,0,0,8.40767,7.37951,1.028160,1,0,247.204,0,0,0,247.204,0
72.29,2.43519,0,0,11.8182,0.391706,8.99133,3.6288,61.308,0.428132,0,0,3.43196,0.164589,2.83924,0.66528,12.849,1,0.432837,8.99133,0,229.558,3.57683,234.54,0.84672,12.849,0.84672,3695.15,0,36.966,0.258145,4.96873,1.86196,19.7732,0.787283,25.5585,0.42336,36.966,0.42336,423.524,0,1.02816,0,0,5.99689,4.96873,1.028160,1,0,262.937,0,0,0,262.937,0
72.29,2.43555,0,0,8.19893,0.326322,5.43705,3.6288,61.308,0.428132,0,0,2.36653,0.201224,1.73717,0.66528,12.849,1,0.432901,5.43705,0,142.993,4.09081,143.906,0.84672,12.849,0.84672,3695.15,0,36.966,0.258145,3.19112,1.86204,13.0448,0.958944,16.8808,0.42336,36.966,0.42336,423.524,0,1.02816,0,0,4.21928,3.19112,1.028160,1,0,162.524,0,0,0,162.524,0
72.29,2.43591,0,0,7.97178,0.275309,5.26056,3.6288,61.308,0.428132,0,0,2.81524,0.210292,2.17682,0.66528,12.849,1,0.432965,5.26056,0,144.92,4.54639,145.201,0.84672,12.849,0.84672,3695.15,0,36.966,0.258145,2.92138,1.86212,13.7582,1.07616,17.2075,0.42336,36.966,0.42336,423.524,0,1.02816,0,0,3.94954,2.92138,1.028160,1,0,164.585,0,0,0,164.585,0
72.29,2.52623,0,0,7.72678,0.362664,4.83789,3.6288,61.308,0.470391,0,0,4.92103,0.188697,4.26194,0.66528,12.849,1,0.449018,4.83789,0,159.189,3.92343,159.654,0.84672,12.849,0.84672,3695.15,0,36.966,0.283625,6.25908,1.8622,18.5128,0.868413,25.482,0.42336,36.966,0.42336,423.524,0,1.02816,0,0,7.28724,6.25908,1.028160,1,0,189.398,0,0,0,189.398,0
72.29,2.55208,0,0,5.56767,0.362664,2.65292,3.6288,61.308,0.451674,0,0,2.61056,0.188697,1.97019,0.66528,12.849,1,0.453613,2.65292,0,101.816,3.92343,100.092,0.84672,12.849,0.84672,3695.15,0,36.966,0.272339,3.81434,1.93447,14.5103,0.868413,19.1183,0.42336,36.966,0.42336,423.524,0,1.02816,0,0,4.8425,3.81434,1.028160,1,0,121.181,0,0,0,121.181,0
72.29,2.55232,0,0,5.14978,0.362664,2.2348,3.6288,61.308,0.451776,0,0,2.95129,0.188697,2.31082,0.66528,12.849,1,0.453655,2.2348,0,116.863,3.92343,114.721,0.84672,12.849,0.84672,3695.15,0,36.966,0.272401,3.96655,1.917,15.0393,0.868413,19.782,0.42336,36.966,0.42336,423.524,0,1.02816,0,0,4.99471,3.96655,1.028160,1,0,136.813,0,0,0,136.813,0
72.29,2.55255,0,0,4.81473,0.300168,1.962,3.6288,61.308,0.451877,0,0,3.01308,0.222,2.3392,0.66528,12.849,1,0.453697,1.962,0,101.878,4.33062,99.0554,0.84672,12.849,0.84672,3695.15,0,36.966,0.272462,4.16083,1.91717,15.4594,0.948565,20.3164,0.42336,36.966,0.42336,423.524,0,1.02816,0,0,5.18899,4.16083,1.028160,1,0,121.711,0,0,0,121.711,0
72.29,2.51761,0,0,5.22561,0.267159,2.44084,3.6288,61.308,0.43556,0,0,2.61032,0.211575,1.96318,0.66528,12.849,1,0.447486,2.44084,0,116.726,3.70677,115.012,0.84672,12.849,0.84672,3695.15,0,36.966,0.262623,3.32288,1.91735,12.0573,0.919764,16.1151,0.42336,36.966,0.42336,423.524,0,1.02816,0,0,4.35104,3.32288,1.028160,1,0,133.09,0,0,0,133.09,0
72.29,2.51784,0,0,4.7383,0.253955,1.9665,3.6288,61.308,0.43566,0,0,2.18624,0.207405,1.54317,0.66528,12.849,1,0.447527,1.9665,0,105.016,3.45723,103.077,0.84672,12.849,0.84672,3695.15,0,36.966,0.262684,3.46146,1.88943,11.5811,0.908244,15.761,0.42336,36.966,0.42336,423.524,0,1.02816,0,0,4.48962,3.46146,1.028160,1,0,120.382,0,0,0,120.382,0
72.29,2.51808,0,0,4.38347,0.253955,1.61144,3.6288,61.308,0.43576,0,0,1.75332,0.207405,1.11016,0.66528,12.849,1,0.447569,1.61144,0,74.3593,3.45723,72.0659,0.84672,12.849,0.84672,3695.15,0,36.966,0.262744,2.42971,1.88961,9.76113,0.908244,12.9095,0.42336,36.966,0.42336,423.524,0,1.02816,0,0,3.45787,2.42971,1.028160,1,0,86.0855,0,0,0,86.0855,0
72.29,2.51831,0,0,3.84438,0.209858,1.11621,3.6288,61.308,0.43586,0,0,1.62642,0.217395,0.973164,0.66528,12.849,1,0.447611,1.11621,0,66.8373,3.65769,63.8482,0.84672,12.849,0.84672,3695.15,0,36.966,0.262804,2.18052,1.88978,9.2664,0.979368,12.0945,0.42336,36.966,0.42336,423.524,0,1.02816,0,0,3.20868,2.18052,1.028160,1,0,76.9159,0,0,0,76.9159,0
72.29,2.63802,0,0,3.89439,0.17512,1.08126,3.6288,61.308,0.494209,0,0,1.79007,0.230721,1.06514,0.66528,12.849,1,0.468888,1.08126,0,69.5028,4.06066,66.0545,0.84672,12.849,0.84672,3695.15,0,36.966,0.297986,2.27995,1.88996,8.96573,1.04186,11.7958,0.42336,36.966,0.42336,423.524,0,1.02816,0,0,3.30811,2.27995,1.028160,1,0,78.9154,0,0,0,78.9154,0
72.29,2.63826,0,0,4.21648,0.170958,1.40725,3.6288,61.308,0.494315,0,0,1.5013,0.245304,0.761676,0.66528,12.849,1,0.468931,1.40725,0,64.0603,4.69224,60.3064,0.84672,12.849,0.84672,3695.15,0,36.966,0.29805,2.14764,1.98864,7.79475,1.06474,10.5682,0.42336,36.966,0.42336,423.524,0,1.02816,0,0,3.1758,2.14764,1.028160,1,0,71.6363,0,0,0,71.6363,0
72.29,2.63851,0,0,3.75246,0.170958,0.942989,3.6288,61.308,0.494421,0,0,1.37741,0.245304,0.63769,0.66528,12.849,1,0.468975,0.942989,0,57.7683,4.69224,53.5501,0.84672,12.849,0.84672,3695.15,0,36.966,0.298114,1.86671,1.98883,7.5117,1.06474,10.0044,0.42336,36.966,0.42336,423.524,0,1.02816,0,0,2.89487,1.86671,1.028160,1,0,64.1922,0,0,0,64.1922,0
72.29,2.63875,0,0,3.54411,0.120572,0.784786,3.6288,61.308,0.494526,0,0,1.32287,0.278356,0.549988,0.66528,12.849,1,0.469018,0.784786,0,51.4895,5.06709,46.7382,0.84672,12.849,0.84672,3695.15,0,36.966,0.298177,1.75752,1.98901,7.15409,1.16052,9.44193,0.42336,36.966,0.42336,423.524,0,1.02816,0,0,2.78568,1.75752,1.028160,1,0,56.7301,0,0,0,56.7301,0
72.29,2.639,0,0,3.33314,0.120572,0.573569,3.6288,61.308,0.494632,0,0,1.2607,0.278356,0.487709,0.66528,12.849,1,0.469062,0.573569,0,50.7456,5.06709,45.783,0.84672,12.849,0.84672,3695.15,0,36.966,0.298241,1.55499,1.9892,7.36733,1.16052,9.45276,0.42336,36.966,0.42336,423.524,0,1.02816,0,0,2.58315,1.55499,1.028160,1,0,55.7235,0,0,0,55.7235,0
72.29,2.61561,0,0,3.32652,0.129104,0.581811,3.6288,61.308,0.526767,0,0,1.29281,0.254334,0.511711,0.66528,12.849,1,0.464904,0.581811,0,58.2098,5.10205,53.2246,0.84672,12.849,0.84672,3695.15,0,36.966,0.317617,1.56533,1.98938,6.47663,1.16582,8.54791,0.42336,36.966,0.42336,423.524,0,1.02816,0,0,2.59349,1.56533,1.028160,1,0,62.2842,0,0,0,62.2842,0
72.29,2.61585,0,0,3.13444,0.0994819,0.419105,3.6288,61.308,0.526875,0,0,1.19914,0.295597,0.376665,0.66528,12.849,1,0.464947,0.419105,0,55.4735,5.14637,50.2813,0.84672,12.849,0.84672,3695.15,0,36.966,0.317683,1.47084,2.02401,6.52605,1.30251,8.40071,0.42336,36.966,0.42336,423.524,0,1.02816,0,0,2.499,1.47084,1.028160,1,0,59.0586,0,0,0,59.0586,0
72.1916,2.61609,0,0,2.98009,0.0994819,0.36288,3.6288,61.308,0.526984,0,0,1.14056,0.295597,0.317977,0.66528,12.849,1,0.464991,0.36288,0,50.528,5.14637,45.2795,0.84672,12.849,0.84672,3695.15,0,36.966,0.317748,1.38508,2.0242,6.23472,1.30251,8.02374,0.42336,36.966,0.42336,423.524,0,1.02816,0,0,2.41324,1.38508,1.028160,1,0,53.6213,0,0,0,53.6213,0
71.8742,2.6158,0,0,2.76061,0.0994077,0.36288,3.6288,61.308,0.527093,0,0,1.00657,0.295597,0.183879,0.66528,12.849,1,0.465572,0.36288,0,47.4545,5.14637,42.2055,0.84672,12.849,0.84672,3695.15,0,36.966,0.317814,1.27119,2.02439,5.87912,1.30251,7.55438,0.42336,36.966,0.42336,423.524,0,1.02816,0,0,2.29935,1.27119,1.028160,1,0,49.9437,0,0,0,49.9437,0
71.2749,2.99107,0,0,2.84039,0.0857558,0.36288,3.6288,61.308,0.272225,0,0,0.916263,0.313266,0.330773,0.66528,12.849,1,0.534715,0.36288,0,45.7276,5.6005,39.9553,0.84672,12.849,0.84672,3695.15,0,36.966,0.16414,1.14649,2.02458,5.34035,1.42285,6.92443,0.42336,36.966,0.42336,423.524,0,1.02816,0,0,2.17465,1.14649,1.028160,1,0,47.2105,0,0,0,47.2105,0
70.747,2.9875,0,0,2.89786,0.0753512,0.36288,3.6288,61.308,0.272335,0,0,0.899294,0.326517,0.300443,0.66528,12.849,1,0.538569,0.36288,0,42.4144,5.94111,36.2976,0.84672,12.849,0.84672,3695.15,0,36.966,0.164206,1.16142,1.79222,5.10372,1.51311,6.38005,0.42336,36.966,0.42336,423.524,0,1.02816,0,0,2.18958,1.16142,1.028160,1,0,42.9781,0,0,0,42.9781,0
69.8896,2.98434,0,0,2.56494,0.0750471,0.36288,3.6288,61.308,0.272444,0,0,0.844085,0.326517,0.245123,0.66528,12.849,1,0.542014,0.36288,0,40.0385,5.94111,33.9182,0.84672,12.849,0.84672,3695.15,0,36.966,0.164272,1.04956,1.79241,5.10659,1.51311,6.27119,0.42336,36.966,0.42336,423.524,0,1.02816,0,0,2.07772,1.04956,1.028160,1,0,40.4345,0,0,0,40.4345,0
68.8184,2.97897,0,0,2.34511,0.0745531,0.36288,3.6288,61.308,0.272554,0,0,0.815374,0.326517,0.216303,0.66528,12.849,1,0.547675,0.36288,0,37.6007,5.94111,31.4748,0.84672,12.849,0.84672,3695.15,0,36.966,0.164338,0.886179,1.7926,4.8655,1.51311,5.86683,0.42336,36.966,0.42336,423.524,0,1.02816,0,0,1.91434,0.886179,1.028160,1,0,37.5579,0,0,0,37.5579,0
67.7194,2.78994,0,0,2.11721,0.0633697,0.36288,3.6288,61.1328,0.638213,0,0,0.794664,0.331692,0,0.66528,12.849,1,0.520907,0.36288,0,35.4074,6.18699,29.0624,0.84672,12.849,0.84672,3695.15,0,36.966,0.384814,0.885263,1.79279,5.02015,1.54043,5.77296,0.42336,36.966,0.42336,423.524,0,1.02816,0,0,1.91342,0.885263,1.028160,1,0,34.8354,0,0,0,34.8354,0
66.9917,2.7831,0,0,2.49029,0.0719488,0.36288,3.6288,60.8223,0.637644,0,0,0.658273,0.33104,0,0.66528,12.849,1,0.528062,0.36288,0,33.4913,6.49299,26.8331,0.84672,12.849,0.84672,3695.15,0,36.966,0.385573,1.15614,2.2052,4.82884,1.59864,6.20597,0.42336,36.966,0.42336,423.524,0,1.02816,0,0,2.1843,1.15614,1.028160,1,0,33.0391,0,0,0,33.0391,0
66.5117,2.77854,0,0,2.73296,0.0715373,0.36288,3.6288,60.6683,0.636539,0,0,0.812877,0.33039,0,0.66528,12.849,1,0.532924,0.36288,0,43.0723,6.49299,36.4093,0.84672,12.849,0.84672,3695.15,0,36.966,0.386869,1.68561,2.20541,5.26766,1.59864,7.17317,0.42336,36.966,0.42336,423.524,0,1.02816,0,0,2.71377,1.68561,1.028160,1,0,43.5824,0,0,0,43.5824,0
65.4976,2.77558,0,0,2.19555,0.0712659,0.36288,3.6288,60.2901,0.636047,0,0,0.587937,0.330067,0,0.66528,12.849,1,0.536197,0.36288,0,42.0887,6.49299,35.4224,0.84672,12.849,0.84672,3695.15,0,36.966,0.387552,0.85587,2.20561,4.22878,1.59864,5.30407,0.42336,36.966,0.42336,423.524,0,1.02816,0,0,1.88403,0.85587,1.028160,1,0,40.7265,0,0,0,40.7265,0
65.0294,2.76889,0,0,2.73429,0.0706923,0.36288,3.6288,60.3311,0.634659,0,0,1.00489,0.329275,0,0.66528,12.849,1,0.543188,0.36288,0,38.4401,6.49299,31.7668,0.84672,12.849,0.84672,3695.15,0,36.966,0.389132,2.53568,2.20582,6.5384,1.59864,9.29213,0.42336,36.966,0.42336,423.524,0,1.02816,0,0,3.56384,2.53568,1.028160,1,0,41.0589,0,0,0,41.0589,0
64.137,2.68149,0,0,2.28936,0.137429,0.36288,3.6288,60.3379,0.573716,0,0,0.849381,0.268843,0,0.66528,12.849,1,0.52983,0.36288,0,48.8596,5.52117,43.1715,0.84672,12.849,0.84672,3695.15,0,36.966,0.351527,1.64455,2.20602,7.12664,1.41855,9.20715,0.42336,36.966,0.42336,423.524,0,1.02816,0,0,2.67271,1.64455,1.028160,1,0,52.3787,0,0,0,52.3787,0
65.4325,2.6756,0,0,4.48157,0.147531,0.36288,3.6288,61.0501,0.573854,0,0,1.54485,0.258768,0,0.66528,12.849,1,0.536022,0.36288,0,63.9605,5.3592,58.4281,0.84672,12.849,0.84672,3695.15,0,36.966,0.351571,4.15816,2.111,13.0289,1.38853,17.5579,0.42336,36.966,0.42336,423.524,0,1.02816,0,0,5.18632,4.15816,1.028160,1,0,75.986,0,0,0,75.986,0
64.2454,2.68472,0,0,2.00953,0.149076,0.36288,3.6288,61.0901,0.576522,0,0,0.876442,0.259941,0,0.66528,12.849,1,0.5272,0.36288,0,48.6324,5.3592,43.1089,0.84672,12.849,0.84672,3695.15,0,36.966,0.349085,1.62295,2.1112,6.69918,1.38853,8.69571,0.42336,36.966,0.42336,423.524,0,1.02816,0,0,2.65111,1.62295,1.028160,1,0,51.8046,0,0,0,51.8046,0
63.55,2.67685,0,0,2.51679,0.17247,0.36288,3.6288,61.308,0.576777,0,0,1.10906,0.25741,0.0569836,0.66528,12.849,1,0.535368,0.36288,0,46.3984,5.17873,41.0471,0.84672,12.849,0.84672,3695.15,0,36.966,0.349011,1.74217,2.11139,8.19591,1.36137,10.3391,0.42336,36.966,0.42336,423.524,0,1.02816,0,0,2.77033,1.74217,1.028160,1,0,51.4432,0,0,0,51.4432,0
66.4421,2.64612,0,0,6.15965,0.258475,0.36288,3.6288,61.308,0.540751,0,0,1.82873,0.250656,1.03733,0.66528,12.849,1,0.535013,0.36288,0,66.2429,4.44883,61.6219,0.84672,12.849,0.84672,3695.15,0,36.966,0.326049,5.53267,2.11159,15.3777,1.17534,21.5206,0.42336,36.966,0.42336,423.524,0,1.02816,0,0,6.56083,5.53267,1.028160,1,0,84.1798,0,0,0,84.1798,0
68.751,2.66589,0,0,5.60371,0.266023,0.36288,3.6288,61.308,0.540861,0,0,1.59252,0.211208,0.840456,0.66528,12.849,1,0.515546,0.36288,0,88.1686,4.11463,83.9013,0.84672,12.849,0.84672,3695.15,0,36.966,0.326115,2.68054,2.06019,10.099,1.11634,13.3973,0.42336,36.966,0.42336,423.524,0,1.02816,0,0,3.7087,2.68054,1.028160,1,0,98.1391,0,0,0,98.1391,0
70.8307,2.68072,0,0,5.39416,0.2709,0.36288,3.6288,61.308,0.540971,0,0,1.24501,0.211208,0.492828,0.66528,12.849,1,0.501005,0.36288,0,84.6798,4.11463,80.427,0.84672,12.849,0.84672,3695.15,0,36.966,0.326182,2.4456,2.06038,14.4692,1.11634,17.5327,0.42336,36.966,0.42336,423.524,0,1.02816,0,0,3.47376,2.4456,1.028160,1,0,98.4525,0,0,0,98.4525,0
72.29,2.69342,0,0,5.03644,0.275293,0.60842,3.6288,61.308,0.541081,0,0,2.42699,0.211208,1.6747,0.66528,12.849,1,0.488599,0.60842,0,100.964,4.11463,96.9688,0.84672,12.849,0.84672,3695.15,0,36.966,0.326248,3.71562,2.06057,13.661,1.11634,17.9947,0.42336,36.966,0.42336,423.524,0,1.02816,0,0,4.74378,3.71562,1.028160,1,0,116.638,0,0,0,116.638,0
72.29,2.49855,0,0,5.03118,0.286015,2.24661,3.6288,61.308,0.422402,0,0,1.68065,0.210824,1.04743,0.66528,12.849,1,0.444099,2.24661,0,79.0422,4.04512,76.7996,0.84672,12.849,0.84672,3695.15,0,36.966,0.25469,3.54111,2.06077,17.945,1.08953,22.2027,0.42336,36.966,0.42336,423.524,0,1.02816,0,0,4.56927,3.54111,1.028160,1,0,100.05,0,0,0,100.05,0
72.29,2.49112,0,0,3.91646,0.295405,1.12993,3.6288,61.308,0.428133,0,0,0.757202,0.197759,0.13131,0.66528,12.849,1,0.442778,1.12993,0,94.1708,4.45736,90.4006,0.84672,12.849,0.84672,3695.15,0,36.966,0.258145,1.80352,1.86893,7.60456,1.10504,9.91383,0.42336,36.966,0.42336,423.524,0,1.02816,0,0,2.83168,1.80352,1.028160,1,0,100.446,0,0,0,100.446,0
72.29,2.49149,0,0,5.4328,0.295405,2.6459,3.6288,61.308,0.428133,0,0,0.843294,0.197759,0.217402,0.66528,12.849,1,0.442843,2.6459,0,98.1789,4.45736,95.9246,0.84672,12.849,0.84672,3695.15,0,36.966,0.258145,1.86214,1.87439,9.32379,1.10504,11.6971,0.42336,36.966,0.42336,423.524,0,1.02816,0,0,2.8903,1.86214,1.028160,1,0,107.839,0,0,0,107.839,0
72.29,2.49186,0,0,5.84342,0.279021,3.07255,3.6288,61.308,0.428133,0,0,2.40669,0.185358,1.7932,0.66528,12.849,1,0.442909,3.07255,0,164.572,4.02859,163.173,0.84672,12.849,0.84672,3695.15,0,36.966,0.258145,4.25828,1.87447,13.5972,1.05147,18.4203,0.42336,36.966,0.42336,423.524,0,1.02816,0,0,5.28644,4.25828,1.028160,1,0,183.387,0,0,0,183.387,0
72.29,2.49222,0,0,4.99503,0.266732,2.23607,3.6288,61.308,0.428133,0,0,1.30514,0.176057,0.700951,0.66528,12.849,1,0.442974,2.23607,0,84.1095,3.70703,82.1956,0.84672,12.849,0.84672,3695.15,0,36.966,0.258145,2.63254,1.87455,9.85848,1.0113,13.0961,0.42336,36.966,0.42336,423.524,0,1.02816,0,0,3.6607,2.63254,1.028160,1,0,95.9927,0,0,0,95.9927,0
72.29,2.57089,0,0,3.87863,0.275225,1.03252,3.6288,61.308,0.462544,0,0,1.37108,0.203644,0.704894,0.66528,12.849,1,0.456957,1.03252,0,84.964,3.717,81.8226,0.84672,12.849,0.84672,3695.15,0,36.966,0.278893,1.39027,1.87463,8.52717,0.940503,10.5727,0.42336,36.966,0.42336,423.524,0,1.02816,0,0,2.41843,1.39027,1.028160,1,0,93.1002,0,0,0,93.1002,0
72.29,2.57824,0,0,3.23305,0.278621,0.376189,3.6288,61.308,0.457403,0,0,1.26621,0.214679,0.594128,0.66528,12.849,1,0.458263,0.376189,0,90.8436,3.72099,87.0405,0.84672,12.849,0.84672,3695.15,0,36.966,0.275794,1.28145,1.93461,8.64328,0.912184,10.6714,0.42336,36.966,0.42336,423.524,0,1.02816,0,0,2.30961,1.28145,1.028160,1,0,98.306,0,0,0,98.306,0
72.29,2.57847,0,0,6.44029,0.278621,3.5832,3.6288,61.308,0.457498,0,0,2.26558,0.214679,1.5934,0.66528,12.849,1,0.458303,3.5832,0,104.369,3.72099,103.773,0.84672,12.849,0.84672,3695.15,0,36.966,0.275851,5.97612,1.92987,14.3702,0.912184,21.0882,0.42336,36.966,0.42336,423.524,0,1.02816,0,0,7.00428,5.97612,1.028160,1,0,126.454,0,0,0,126.454,0
72.29,2.57869,0,0,5.12801,0.293836,2.25549,3.6288,61.308,0.457593,0,0,1.69474,0.210252,1.0269,0.66528,12.849,1,0.458342,2.25549,0,105.347,4.03299,103.111,0.84672,12.849,0.84672,3695.15,0,36.966,0.275908,5.21642,1.93003,9.68596,0.997285,15.5592,0.42336,36.966,0.42336,423.524,0,1.02816,0,0,6.24458,5.21642,1.028160,1,0,119.697,0,0,0,119.697,0
72.29,2.78454,0,0,5.53076,0.303384,2.44284,3.6288,61.308,0.566993,0,0,1.85151,0.198524,1.08599,0.66528,12.849,1,0.494931,2.44284,0,140.864,3.90087,138.911,0.84672,12.849,0.84672,3695.15,0,36.966,0.341872,4.53157,1.9302,10.1514,0.978646,15.2926,0.42336,36.966,0.42336,423.524,0,1.02816,0,0,5.55973,4.53157,1.028160,1,0,155.29,0,0,0,155.29,0
72.29,2.78478,0,0,6.93164,0.31204,3.83482,3.6288,61.308,0.567098,0,0,2.04783,0.17363,1.3071,0.66528,12.849,1,0.494973,3.83482,0,121.217,3.25857,121.298,0.84672,12.849,0.84672,3695.15,0,36.966,0.341935,3.56179,2.11112,8.0149,0.846948,12.4989,0.42336,36.966,0.42336,423.524,0,1.02816,0,0,4.58995,3.56179,1.028160,1,0,135.104,0,0,0,135.104,0
72.29,2.78502,0,0,5.93267,0.304248,2.84341,3.6288,61.308,0.567202,0,0,1.92944,0.190229,1.17201,0.66528,12.849,1,0.495016,2.84341,0,145.763,3.65169,144.46,0.84672,12.849,0.84672,3695.15,0,36.966,0.341998,3.87901,2.1113,8.47152,0.969936,13.1499,0.42336,36.966,0.42336,423.524,0,1.02816,0,0,4.90717,3.87901,1.028160,1,0,158.781,0,0,0,158.781,0
72.29,2.78526,0,0,4.86351,0.293467,1.78478,3.6288,61.308,0.567307,0,0,1.57687,0.200821,0.808741,0.66528,12.849,1,0.495059,1.78478,0,140.387,3.87087,137.806,0.84672,12.849,0.84672,3695.15,0,36.966,0.342061,2.67902,2.11148,6.91318,1.01134,10.3503,0.42336,36.966,0.42336,423.524,0,1.02816,0,0,3.70718,2.67902,1.028160,1,0,148.965,0,0,0,148.965,0
72.29,2.47253,0,0,5.11142,0.297349,2.34154,3.6288,61.308,0.413854,0,0,1.35916,0.185375,0.75993,0.66528,12.849,1,0.439473,2.34154,0,113.222,3.55412,111.57,0.84672,12.849,0.84672,3695.15,0,36.966,0.249535,2.36147,2.11167,6.03844,0.927795,9.33424,0.42336,36.966,0.42336,423.524,0,1.02816,0,0,3.38963,2.36147,1.028160,1,0,121.664,0,0,0,121.664,0
72.29,2.45344,0,0,5.16224,0.307787,2.40102,3.6288,61.308,0.428125,0,0,1.45432,0.168392,0.857802,0.66528,12.849,1,0.436081,2.40102,0,132.557,3.33407,131.187,0.84672,12.849,0.84672,3695.15,0,36.966,0.258141,2.35097,1.8526,7.64744,0.948755,10.6441,0.42336,36.966,0.42336,423.524,0,1.02816,0,0,3.37913,2.35097,1.028160,1,0,142.689,0,0,0,142.689,0
72.29,2.45378,0,0,6.00997,0.307787,3.2484,3.6288,61.308,0.428126,0,0,1.48433,0.168392,0.887808,0.66528,12.849,1,0.436141,3.2484,0,148.894,3.33407,148.372,0.84672,12.849,0.84672,3695.15,0,36.966,0.258141,2.79856,1.86606,9.28549,0.948755,12.7432,0.42336,36.966,0.42336,423.524,0,1.02816,0,0,3.82672,2.79856,1.028160,1,0,162.003,0,0,0,162.003,0
72.29,2.45412,0,0,6.82694,0.307104,4.06572,3.6288,61.308,0.428125,0,0,1.5783,0.162665,0.987513,0.66528,12.849,1,0.436201,4.06572,0,176.898,3.24441,177.283,0.84672,12.849,0.84672,3695.15,0,36.966,0.258141,2.89081,1.86614,9.30131,0.9334,12.8667,0.42336,36.966,0.42336,423.524,0,1.02816,0,0,3.91897,2.89081,1.028160,1,0,191.137,0,0,0,191.137,0
72.29,2.45446,0,0,9.75707,0.308347,6.99427,3.6288,61.308,0.428126,0,0,2.01708,0.17764,1.41131,0.66528,12.849,1,0.436261,6.99427,0,280.483,3.75534,283.286,0.84672,12.849,0.84672,3695.15,0,36.966,0.258141,3.42632,1.86621,14.9431,1.07001,18.9074,0.42336,36.966,0.42336,423.524,0,1.02816,0,0,4.45448,3.42632,1.028160,1,0,303.604,0,0,0,303.604,0
72.29,2.54517,0,0,5.47982,0.322689,2.61195,3.6288,61.308,0.470586,0,0,1.93017,0.163749,1.29583,0.66528,12.849,1,0.452385,2.61195,0,131.901,3.44658,130.614,0.84672,12.849,0.84672,3695.15,0,36.966,0.283742,3.06898,1.86629,6.56721,0.945743,10.273,0.42336,36.966,0.42336,423.524,0,1.02816,0,0,4.09714,3.06898,1.028160,1,0,142.183,0,0,0,142.183,0
72.29,2.5642,0,0,4.39402,0.324931,1.50489,3.6288,61.308,0.456865,0,0,1.42268,0.160064,0.805751,0.66528,12.849,1,0.455767,1.50489,0,101.434,3.36599,99.1176,0.84672,12.849,0.84672,3695.15,0,36.966,0.275469,2.50426,1.93889,4.67006,0.918678,7.91907,0.42336,36.966,0.42336,423.524,0,1.02816,0,0,3.53242,2.50426,1.028160,1,0,107.842,0,0,0,107.842,0
72.29,2.56442,0,0,5.76238,0.324931,2.87303,3.6288,61.308,0.45696,0,0,1.41642,0.160064,0.799401,0.66528,12.849,1,0.455806,2.87303,0,105.725,3.36599,104.776,0.84672,12.849,0.84672,3695.15,0,36.966,0.275527,3.3107,1.9261,10.2889,0.918678,14.3315,0.42336,36.966,0.42336,423.524,0,1.02816,0,0,4.33886,3.3107,1.028160,1,0,119.907,0,0,0,119.907,0
72.29,2.56464,0,0,4.6812,0.300548,1.81601,3.6288,61.308,0.457055,0,0,1.41737,0.145405,0.814906,0.66528,12.849,1,0.455846,1.81601,0,121.576,2.34945,120.587,0.84672,12.849,0.84672,3695.15,0,36.966,0.275584,3.12277,1.92627,6.88187,0.753413,10.9019,0.42336,36.966,0.42336,423.524,0,1.02816,0,0,4.15093,3.12277,1.028160,1,0,132.304,0,0,0,132.304,0
72.29,2.52951,0,0,3.82028,0.26824,1.02253,3.6288,61.308,0.440653,0,0,1.17749,0.192715,0.544125,0.66528,12.849,1,0.449602,1.02253,0,80.752,3.08484,78.2401,0.84672,12.849,0.84672,3695.15,0,36.966,0.265694,2.1432,1.92643,5.08903,0.957395,7.93558,0.42336,36.966,0.42336,423.524,0,1.02816,0,0,3.17136,2.1432,1.028160,1,0,86.7198,0,0,0,86.7198,0
72.29,2.52973,0,0,3.39279,0.264579,0.598478,3.6288,61.308,0.440746,0,0,1.15991,0.205997,0.513168,0.66528,12.849,1,0.449641,0.598478,0,77.2407,3.34971,74.0399,0.84672,12.849,0.84672,3695.15,0,36.966,0.265751,1.66247,1.89837,4.93189,1.03018,7.1968,0.42336,36.966,0.42336,423.524,0,1.02816,0,0,2.69063,1.66247,1.028160,1,0,81.7498,0,0,0,81.7498,0
72.29,2.52995,0,0,3.68914,0.264579,0.894611,3.6288,61.308,0.44084,0,0,0.999812,0.205997,0.352976,0.66528,12.849,1,0.44968,0.894611,0,79.6945,3.34971,76.7897,0.84672,12.849,0.84672,3695.15,0,36.966,0.265807,1.27178,1.89853,6.04352,1.03018,7.91784,0.42336,36.966,0.42336,423.524,0,1.02816,0,0,2.29994,1.27178,1.028160,1,0,85.0605,0,0,0,85.0605,0
72.29,2.53017,0,0,3.32872,0.222004,0.576541,3.6288,61.308,0.440934,0,0,0.978713,0.226767,0.311013,0.66528,12.849,1,0.449719,0.576541,0,72.2728,4.98718,67.4125,0.84672,12.849,0.84672,3695.15,0,36.966,0.265863,1.37077,1.89869,5.08652,1.09474,6.99539,0.42336,36.966,0.42336,423.524,0,1.02816,0,0,2.39893,1.37077,1.028160,1,0,74.7189,0,0,0,74.7189,0
71.953,2.65042,0,0,2.83693,0.160583,0.36288,3.6288,61.308,0.49955,0,0,0.914458,0.245636,0.169272,0.66528,12.849,1,0.471093,0.36288,0,48.3714,5.25373,43.0094,0.84672,12.849,0.84672,3695.15,0,36.966,0.301206,1.10642,1.89886,4.55781,1.22356,6.03832,0.42336,36.966,0.42336,423.524,0,1.02816,0,0,2.13458,1.10642,1.028160,1,0,49.217,0,0,0,49.217,0
71.6843,2.64878,0,0,2.93366,0.190706,0.36288,3.6288,61.308,0.499648,0,0,0.947117,0.22905,0.218418,0.66528,12.849,1,0.473005,0.36288,0,59.0092,4.55855,54.3405,0.84672,12.849,0.84672,3695.15,0,36.966,0.301266,1.00099,1.99799,4.29449,1.1183,5.87391,0.42336,36.966,0.42336,423.524,0,1.02816,0,0,2.02915,1.00099,1.028160,1,0,60.4329,0,0,0,60.4329,0
71.101,2.6475,0,0,2.57078,0.143697,0.36288,3.6288,61.308,0.499747,0,0,0.753831,0.222304,0.0317805,0.66528,12.849,1,0.47455,0.36288,0,51.0803,4.36852,46.6001,0.84672,12.849,0.84672,3695.15,0,36.966,0.301325,0.966203,1.99816,3.92384,1.08108,5.5058,0.42336,36.966,0.42336,423.524,0,1.02816,0,0,1.99436,0.966203,1.028160,1,0,52.1377,0,0,0,52.1377,0
70.4184,2.64444,0,0,2.46017,0.135516,0.36288,3.6288,61.308,0.499845,0,0,0.79259,0.224089,0.0686558,0.66528,12.849,1,0.477888,0.36288,0,47.9935,4.42271,43.4558,0.84672,12.849,0.84672,3695.15,0,36.966,0.301385,0.955014,1.99834,4.08783,1.07105,5.66875,0.42336,36.966,0.42336,423.524,0,1.02816,0,0,1.98317,0.955014,1.028160,1,0,49.1932,0,0,0,49.1932,0
69.6302,2.64075,0,0,2.35024,0.134807,0.36288,3.6288,61.308,0.499944,0,0,0.795951,0.224089,0.0719182,0.66528,12.849,1,0.481848,0.36288,0,45.0925,4.42271,40.5508,0.84672,12.849,0.84672,3695.15,0,36.966,0.301444,0.867672,1.99851,3.93073,1.07105,5.42442,0.42336,36.966,0.42336,423.524,0,1.02816,0,0,1.89583,0.867672,1.028160,1,0,46.0472,0,0,0,46.0472,0
69.3106,2.61276,0,0,2.78859,0.132499,0.36288,3.6288,61.308,0.532222,0,0,0.991967,0.198968,0.260777,0.66528,12.849,1,0.482137,0.36288,0,50.0501,4.27259,45.6582,0.84672,12.849,0.84672,3695.15,0,36.966,0.320906,1.2855,1.99868,4.64828,0.987209,6.62435,0.42336,36.966,0.42336,423.524,0,1.02816,0,0,2.31366,1.2855,1.028160,1,0,52.5433,0,0,0,52.5433,0
68.8375,2.61111,0,0,2.63278,0.131923,0.36288,3.6288,61.308,0.532323,0,0,0.961347,0.194781,0.234243,0.66528,12.849,1,0.484054,0.36288,0,49.2411,4.24756,44.8723,0.84672,12.849,0.84672,3695.15,0,36.966,0.320967,1.00704,2.03347,4.52144,0.973235,6.26774,0.42336,36.966,0.42336,423.524,0,1.02816,0,0,2.0352,1.00704,1.028160,1,0,51.3743,0,0,0,51.3743,0
68.1695,2.60853,0,0,2.42092,0.117532,0.36288,3.6288,61.308,0.532424,0,0,0.917819,0.227688,0.157706,0.66528,12.849,1,0.4869,0.36288,0,43.6537,4.67102,38.8587,0.84672,12.849,0.84672,3695.15,0,36.966,0.321028,0.996883,2.03364,4.35059,1.1278,5.93229,0.42336,36.966,0.42336,423.524,0,1.02816,0,0,2.02504,0.996883,1.028160,1,0,44.9486,0,0,0,44.9486,0
67.3786,2.60474,0,0,2.27526,0.0984743,0.36288,3.6288,61.308,0.532526,0,0,0.856207,0.271565,0.0521163,0.66528,12.849,1,0.490957,0.36288,0,38.7526,5.23561,33.389,0.84672,12.849,0.84672,3695.15,0,36.966,0.321089,0.959342,2.03382,4.18827,1.33389,5.52644,0.42336,36.966,0.42336,423.524,0,1.02816,0,0,1.9875,0.959342,1.028160,1,0,38.9675,0,0,0,38.9675,0
66.2718,2.9732,0,0,2.32499,0.0957433,0.36288,3.6288,61.308,0.277693,0,0,0.888719,0.288321,0.322704,0.66528,12.849,1,0.566985,0.36288,0,41.3878,5.57033,35.6134,0.84672,12.849,0.84672,3695.15,0,36.966,0.167437,1.05714,2.03399,4.19518,1.38946,5.72941,0.42336,36.966,0.42336,423.524,0,1.02816,0,0,2.0853,1.05714,1.028160,1,0,41.6655,0,0,0,41.6655,0
65.8967,2.61089,0,0,2.69071,0.0921047,0.36288,3.6288,61.308,0.541908,0,0,0.986697,0.310663,0.134126,0.66528,12.849,1,0.506207,0.36288,0,44.8519,6.01661,38.692,0.84672,12.849,0.84672,3695.15,0,36.966,0.326746,1.28569,1.80169,4.66036,1.46355,5.95745,0.42336,36.966,0.42336,423.524,0,1.02816,0,0,2.31385,1.28569,1.028160,1,0,44.7835,0,0,0,44.7835,0
65.1732,2.6087,0,0,2.33991,0.09183,0.36288,3.6288,61.308,0.54201,0,0,0.927279,0.310663,0.0746061,0.66528,12.849,1,0.508663,0.36288,0,42.4347,6.01661,36.2723,0.84672,12.849,0.84672,3695.15,0,36.966,0.326808,1.09032,2.04962,4.53521,1.46355,5.8848,0.42336,36.966,0.42336,423.524,0,1.02816,0,0,2.11848,1.09032,1.028160,1,0,42.2317,0,0,0,42.2317,0
64.2695,2.60421,0,0,2.15469,0.0913002,0.36288,3.6288,61.308,0.542112,0,0,0.908548,0.310663,0.0557722,0.66528,12.849,1,0.513424,0.36288,0,40.0219,6.01661,33.8548,0.84672,12.849,0.84672,3695.15,0,36.966,0.32687,0.9814,2.0498,4.4893,1.46355,5.73008,0.42336,36.966,0.42336,423.524,0,1.02816,0,0,2.00956,0.9814,1.028160,1,0,39.6407,0,0,0,39.6407,0
62.8498,2.77195,0,0,1.78887,0.073641,0.36288,3.6288,61.2519,0.64412,0,0,0.903606,0.315618,0,0.66528,12.849,1,0.55418,0.36288,0,37.9535,6.31089,31.4513,0.84672,12.849,0.84672,3695.15,0,36.966,0.388376,0.969166,2.04998,4.27542,1.44928,5.45691,0.42336,36.966,0.42336,423.524,0,1.02816,0,0,1.99733,0.969166,1.028160,1,0,36.9083,0,0,0,36.9083,0
61.0348,2.7618,0,0,1.37986,0.0701829,0.36288,3.6288,61.0874,0.644009,0,0,0.807071,0.327531,0,0.66528,12.849,1,0.564621,0.36288,0,27.2051,6.08359,20.9198,0.84672,12.849,0.84672,3695.15,0,36.966,0.388665,1.01828,2.21538,3.83761,1.6191,5.06351,0.42336,36.966,0.42336,423.524,0,1.02816,0,0,2.04644,1.01828,1.028160,1,0,25.9833,0,0,0,25.9833,0
59.1598,2.74817,0,0,1.30511,0.0691418,0.36288,3.6288,60.859,0.643468,0,0,0.74228,0.32719,0,0.66528,12.849,1,0.578542,0.36288,0,24.4495,6.08359,18.1502,0.84672,12.849,0.84672,3695.15,0,36.966,0.389384,0.890473,2.21557,3.79406,1.6191,4.89162,0.42336,36.966,0.42336,423.524,0,1.02816,0,0,1.91863,0.890473,1.028160,1,0,23.0418,0,0,0,23.0418,0
57.7978,2.73334,0,0,1.80228,0.0679723,0.36288,3.6288,60.7117,0.64267,0,0,0.82207,0.326717,0,0.66528,12.849,1,0.593658,0.36288,0,26.2254,6.08359,19.9111,0.84672,12.849,0.84672,3695.15,0,36.966,0.39036,1.14922,2.21576,4.22954,1.6191,5.58506,0.42336,36.966,0.42336,423.524,0,1.02816,0,0,2.17738,1.14922,1.028160,1,0,25.4961,0,0,0,25.4961,0
57.2448,2.72213,0,0,2.624,0.0919965,0.36288,3.6288,60.8447,0.642192,0,0,1.09428,0.319069,0,0.66528,12.849,1,0.605155,0.36288,0,43.7626,5.94368,37.5766,0.84672,12.849,0.84672,3695.15,0,36.966,0.391016,1.42148,2.21595,4.70353,1.59674,6.35321,0.42336,36.966,0.42336,423.524,0,1.02816,0,0,2.44964,1.42148,1.028160,1,0,43.9298,0,0,0,43.9298,0
55.772,2.63467,0,0,1.59472,0.0700049,0.36288,3.6288,60.7451,0.581132,0,0,0.810713,0.329163,0,0.66528,12.849,1,0.59137,0.36288,0,27.5638,5.44554,21.8897,0.84672,12.849,0.84672,3695.15,0,36.966,0.353065,0.43181,2.21615,5.03316,1.58605,5.742,0.42336,36.966,0.42336,423.524,0,1.02816,0,0,1.45997,0.43181,1.028160,1,0,27.6317,0,0,0,27.6317,0
53.8661,2.62221,0,0,1.1916,0.112428,0.36288,3.6288,60.3482,0.735819,0,0,0.635892,0.297037,0,0.66528,12.849,1,0.604115,0.36288,0,16.9614,4.8573,11.8628,0.84672,12.849,0.84672,3695.15,0,36.966,0.42336,0.204422,2.12068,3.84979,1.47827,4.27325,0.42336,36.966,0.42336,423.524,0,0.803347,0,0,1.00777,0.204422,1.028160,1,0,16.1361,0,0,0,16.1361,0
52.6423,2.60517,0,0,1.85453,0.110292,0.36288,3.6288,60.5267,0.57954,0,0,1.05431,0.296289,0,0.66528,12.849,1,0.621427,0.36288,0,27.5721,4.8573,22.4562,0.84672,12.849,0.84672,3695.15,0,36.966,0.354995,0.707962,2.12086,6.86712,1.47827,7.86268,0.42336,36.966,0.42336,423.524,0,1.02816,0,0,1.73612,0.707962,1.028160,1,0,30.3189,0,0,0,30.3189,0
51.2826,2.59379,0,0,1.70586,0.108921,0.36288,3.6288,60.6194,0.580296,0,0,0.969667,0.296626,0,0.66528,12.849,1,0.633095,0.36288,0,49.9566,4.8573,44.8291,0.84672,12.849,0.84672,3695.15,0,36.966,0.354409,0.549029,2.12104,5.80443,1.47827,6.64182,0.42336,36.966,0.42336,423.524,0,1.02816,0,0,1.57719,0.549029,1.028160,1,0,51.4709,0,0,0,51.4709,0
50.0679,2.55537,0,0,1.88142,0.177797,0.36288,3.6288,60.5077,0.56246,0,0,0.700764,0.250025,0,0.66528,12.849,1,0.640257,0.36288,0,30.6565,4.76943,25.6097,0.84672,12.849,0.84672,3695.15,0,36.966,0.342991,0.216518,2.12123,4.62944,1.40686,5.21733,0.42336,36.966,0.42336,423.524,0,0.998145,0,0,1.21466,0.216518,1.028160,1,0,30.8271,0,0,0,30.8271,0
48.6534,2.54323,0,0,1.72962,0.238074,0.36288,3.6288,60.6607,0.543536,0,0,0.922181,0.225604,0,0.66528,12.849,1,0.652674,0.36288,0,26.7701,4.90361,21.5767,0.84672,12.849,0.84672,3695.15,0,36.966,0.332063,0.407868,2.06958,5.01806,1.15593,6.00752,0.42336,36.966,0.42336,423.524,0,1.02816,0,0,1.43603,0.407868,1.028160,1,0,27.5842,0,0,0,27.5842,0
48.8544,2.52844,0,0,3.32684,0.234494,0.36288,3.6288,61.1846,0.544159,0,0,1.29383,0.225823,0,0.66528,12.849,1,0.667743,0.36288,0,42.0822,4.90361,36.8737,0.84672,12.849,0.84672,3695.15,0,36.966,0.331605,1.00018,2.06976,9.8096,1.15593,11.392,0.42336,36.966,0.42336,423.524,0,1.02816,0,0,2.02834,1.00018,1.028160,1,0,48.2657,0,0,0,48.2657,0
48.8501,2.53083,0,0,3.12449,0.235005,0.36288,3.6288,61.308,0.546032,0,0,1.17641,0.226574,0.280384,0.66528,12.849,1,0.665625,0.36288,0,71.1958,4.90361,65.9894,0.84672,12.849,0.84672,3695.15,0,36.966,0.329897,1.40298,2.06994,10.1518,1.15593,12.1389,0.42336,36.966,0.42336,423.524,0,1.02816,0,0,2.43114,1.40298,1.028160,1,0,78.4087,0,0,0,78.4087,0
48.4754,2.34039,0,0,2.5049,0.176363,0.36288,3.6288,61.308,0.427221,0,0,1.1435,0.218377,0.497905,0.66528,12.849,1,0.615591,0.36288,0,48.4516,4.65856,43.5403,0.84672,12.849,0.84672,3695.15,0,36.966,0.257596,1.42843,2.07012,14.2074,1.04549,16.4029,0.42336,36.966,0.42336,423.524,0,1.02816,0,0,2.45659,1.42843,1.028160,1,0,60.4411,0,0,0,60.4411,0
49.8005,2.3358,0,0,4.25268,0.22889,0.36288,3.6288,61.308,0.428127,0,0,1.20944,0.241416,0.539902,0.66528,12.849,1,0.619133,0.36288,0,103.489,4.05143,99.1814,0.84672,12.849,0.84672,3695.15,0,36.966,0.258141,1.40921,1.8774,7.82899,1.04795,9.8095,0.42336,36.966,0.42336,423.524,0,1.02816,0,0,2.43737,1.40921,1.028160,1,0,109.531,0,0,0,109.531,0
52.0282,2.34922,0,0,5.17195,0.232175,0.36288,3.6288,61.308,0.428127,0,0,1.21023,0.241416,0.540688,0.66528,12.849,1,0.606121,0.36288,0,158.839,4.05143,154.545,0.84672,12.849,0.84672,3695.15,0,36.966,0.258141,1.64131,1.87832,6.55829,1.04795,8.77182,0.42336,36.966,0.42336,423.524,0,1.02816,0,0,2.66947,1.64131,1.028160,1,0,163.857,0,0,0,163.857,0
53.7158,2.37036,0,0,4.6519,0.231038,0.36288,3.6288,61.308,0.428127,0,0,1.30699,0.215441,0.663423,0.66528,12.849,1,0.585389,0.36288,0,101.782,3.75185,97.8074,0.84672,12.849,0.84672,3695.15,0,36.966,0.258141,0.875915,1.8784,5.92296,1.01852,7.40062,0.42336,36.966,0.42336,423.524,0,1.02816,0,0,1.90407,0.875915,1.028160,1,0,105.871,0,0,0,105.871,0
58.4816,2.38552,0,0,7.7442,0.230025,0.36288,3.6288,61.308,0.428127,0,0,1.73066,0.195959,1.10657,0.66528,12.849,1,0.570625,0.36288,0,87.3452,3.52716,83.6103,0.84672,12.849,0.84672,3695.15,0,36.966,0.258141,1.79852,1.87847,13.7991,0.996439,16.2215,0.42336,36.966,0.42336,423.524,0,1.02816,0,0,2.82668,1.79852,1.028160,1,0,100.938,0,0,0,100.938,0
59.8278,2.42377,0,0,4.39561,0.262776,0.36288,3.6288,61.308,0.428034,0,0,1.85502,0.213946,1.21304,0.66528,12.849,1,0.532527,0.36288,0,103.599,4.17666,99.2525,0.84672,12.849,0.84672,3695.15,0,36.966,0.258086,2.49684,1.87855,11.137,1.12465,14.1297,0.42336,36.966,0.42336,423.524,0,1.02816,0,0,3.525,2.49684,1.028160,1,0,114.595,0,0,0,114.595,0
61.6823,2.5101,0,0,5.0101,0.282618,0.36288,3.6288,61.308,0.462692,0,0,2.32396,0.227437,1.63383,0.66528,12.849,1,0.539086,0.36288,0,116.596,4.66378,111.756,0.84672,12.849,0.84672,3695.15,0,36.966,0.278983,2.92156,1.87846,9.50029,1.22081,12.8005,0.42336,36.966,0.42336,423.524,0,1.02816,0,0,3.94972,2.92156,1.028160,1,0,126.19,0,0,0,126.19,0
62.0523,2.52431,0,0,3.54442,0.287175,0.36288,3.6288,61.308,0.462337,0,0,1.87024,0.227437,1.18047,0.66528,12.849,1,0.525837,0.36288,0,72.0248,4.66378,67.198,0.84672,12.849,0.84672,3695.15,0,36.966,0.278769,2.00157,1.93879,9.22735,1.22081,11.6681,0.42336,36.966,0.42336,423.524,0,1.02816,0,0,3.02973,2.00157,1.028160,1,0,80.0466,0,0,0,80.0466,0
62.1301,2.52711,0,0,3.26376,0.295983,0.36288,3.6288,61.308,0.462425,0,0,1.64629,0.199402,0.984464,0.66528,12.849,1,0.523281,0.36288,0,62.4413,4.32966,57.9512,0.84672,12.849,0.84672,3695.15,0,36.966,0.278822,1.64928,1.93853,8.55455,1.09189,10.7717,0.42336,36.966,0.42336,423.524,0,1.02816,0,0,2.67744,1.64928,1.028160,1,0,69.7073,0,0,0,69.7073,0
61.9849,2.52785,0,0,3.04615,0.300633,0.36288,3.6288,61.308,0.462514,0,0,1.28554,0.184997,0.638027,0.66528,12.849,1,0.522779,0.36288,0,61.1805,4.15205,56.8686,0.84672,12.849,0.84672,3695.15,0,36.966,0.278875,0.643196,1.93869,8.35626,1.04917,9.6101,0.42336,36.966,0.42336,423.524,0,1.02816,0,0,1.67136,0.643196,1.028160,1,0,67.1167,0,0,0,67.1167,0
63.0748,2.72853,0,0,4.4893,0.307981,0.36288,3.6288,61.308,0.572396,0,0,1.50259,0.165848,0.764347,0.66528,12.849,1,0.565603,0.36288,0,90.2102,3.88825,86.1193,0.84672,12.849,0.84672,3695.15,0,36.966,0.345129,2.00239,1.93884,8.18528,1.10227,10.6791,0.42336,36.966,0.42336,423.524,0,1.02816,0,0,3.03055,2.00239,1.028160,1,0,97.5627,0,0,0,97.5627,0
61.706,2.73687,0,0,2.03611,0.305136,0.36288,3.6288,61.308,0.572493,0,0,0.943419,0.167908,0.203018,0.66528,12.849,1,0.557528,0.36288,0,44.4619,3.87576,40.3915,0.84672,12.849,0.84672,3695.15,0,36.966,0.345188,0.748475,2.12056,4.87588,1.0939,6.30583,0.42336,36.966,0.42336,423.524,0,1.02816,0,0,1.77663,0.748475,1.028160,1,0,46.9003,0,0,0,46.9003,0
60.7207,2.72685,0,0,2.3728,0.268458,0.36288,3.6288,61.308,0.57259,0,0,0.960457,0.180266,0.2076,0.66528,12.849,1,0.56781,0.36288,0,47.7609,3.80079,43.7552,0.84672,12.849,0.84672,3695.15,0,36.966,0.345246,0.940836,2.12073,6.09067,1.04369,7.7633,0.42336,36.966,0.42336,423.524,0,1.02816,0,0,1.969,0.940836,1.028160,1,0,51.7261,0,0,0,51.7261,0
60.3844,2.71946,0,0,3.01947,0.273444,0.36288,3.6288,61.308,0.572687,0,0,1.79259,0.175357,1.04455,0.66528,12.849,1,0.575461,0.36288,0,62.24,3.79818,58.2292,0.84672,12.849,0.84672,3695.15,0,36.966,0.345305,1.65002,2.1209,7.39973,1.04797,9.77737,0.42336,36.966,0.42336,423.524,0,1.02816,0,0,2.67818,1.65002,1.028160,1,0,69.0511,0,0,0,69.0511,0
66.6359,2.41176,0,0,9.34174,0.31557,0.36288,3.6288,61.308,0.418544,0,0,2.58314,0.145902,2.01869,0.66528,12.849,1,0.51319,0.36288,0,120.219,3.78252,116.286,0.84672,12.849,0.84672,3695.15,0,36.966,0.252364,3.12205,2.12107,16.0529,1.07366,19.97,0.42336,36.966,0.42336,423.524,0,1.02816,0,0,4.15021,3.12205,1.028160,1,0,138.274,0,0,0,138.274,0
70.753,2.43956,0,0,7.25157,0.332025,0.36288,3.6288,61.308,0.428119,0,0,2.01082,0.145902,1.4368,0.66528,12.849,1,0.470406,0.36288,0,126.68,3.78252,122.79,0.84672,12.849,0.84672,3695.15,0,36.966,0.258137,2.18557,1.86083,12.989,1.07366,15.7036,0.42336,36.966,0.42336,423.524,0,1.02816,0,0,3.21373,2.18557,1.028160,1,0,139.93,0,0,0,139.93,0
72.29,2.46304,0,0,5.86012,0.309274,1.5508,3.6288,61.308,0.428119,0,0,1.3463,0.127854,0.790329,0.66528,12.849,1,0.447297,1.5508,0,103.393,3.52093,100.976,0.84672,12.849,0.84672,3695.15,0,36.966,0.258137,1.50066,1.86989,11.4708,1.03608,13.5471,0.42336,36.966,0.42336,423.524,0,1.02816,0,0,2.52882,1.50066,1.028160,1,0,115.313,0,0,0,115.313,0
72.29,2.47143,0,0,6.63597,0.267611,3.89693,3.6288,61.308,0.428119,0,0,1.75832,0.103788,1.22641,0.66528,12.849,1,0.439278,3.89693,0,110.398,3.17216,110.683,0.84672,12.849,0.84672,3695.15,0,36.966,0.258137,2.2297,1.86995,12.2173,0.985978,15.0728,0.42336,36.966,0.42336,423.524,0,1.02816,0,0,3.25786,2.2297,1.028160,1,0,126.982,0,0,0,126.982,0
72.29,2.47174,0,0,7.34906,0.327591,4.54973,3.6288,61.308,0.428119,0,0,2.06284,0.141253,1.49347,0.66528,12.849,1,0.439334,4.54973,0,155.612,3.07945,156.643,0.84672,12.849,0.84672,3695.15,0,36.966,0.258137,2.13184,1.87002,12.1598,0.997331,14.9062,0.42336,36.966,0.42336,423.524,0,1.02816,0,0,3.16,2.13184,1.028160,1,0,173.043,0,0,0,173.043,0
72.29,2.56284,0,0,5.60912,0.351583,2.6947,3.6288,61.308,0.470767,0,0,1.22696,0.156239,0.599952,0.66528,12.849,1,0.455525,2.6947,0,97.4367,3.04238,96.6335,0.84672,12.849,0.84672,3695.15,0,36.966,0.283851,1.26,1.87009,10.0805,1.00187,11.9249,0.42336,36.966,0.42336,423.524,0,1.02816,0,0,2.28816,1.26,1.028160,1,0,109.158,0,0,0,109.158,0
72.29,2.5755,0,0,5.29161,0.351583,2.36453,3.6288,61.308,0.461704,0,0,1.33113,0.156239,0.713187,0.66528,12.849,1,0.457775,2.36453,0,112.443,3.04238,111.307,0.84672,12.849,0.84672,3695.15,0,36.966,0.278387,1.27411,1.94302,10.1396,1.00187,12.0764,0.42336,36.966,0.42336,423.524,0,1.02816,0,0,2.30227,1.27411,1.028160,1,0,124.097,0,0,0,124.097,0
72.29,2.5757,0,0,4.7254,0.298015,1.85168,3.6288,61.308,0.461792,0,0,1.25406,0.184785,0.607484,0.66528,12.849,1,0.457812,1.85168,0,103.795,3.3914,101.797,0.84672,12.849,0.84672,3695.15,0,36.966,0.27844,1.23258,1.93459,10.4617,1.07057,12.2799,0.42336,36.966,0.42336,423.524,0,1.02816,0,0,2.26074,1.23258,1.028160,1,0,114.685,0,0,0,114.685,0
72.29,2.57591,0,0,4.77249,0.273176,1.92341,3.6288,61.308,0.46188,0,0,1.04407,0.201766,0.38042,0.66528,12.849,1,0.457848,1.92341,0,84.1216,3.94326,81.6439,0.84672,12.849,0.84672,3695.15,0,36.966,0.278493,1.0754,1.93474,9.69071,1.116,11.3064,0.42336,36.966,0.42336,423.524,0,1.02816,0,0,2.10356,1.0754,1.028160,1,0,93.3307,0,0,0,93.3307,0
72.29,2.54061,0,0,4.82555,0.251961,2.03298,3.6288,61.308,0.445399,0,0,1.01438,0.218064,0.350916,0.66528,12.849,1,0.451574,2.03298,0,93.2049,4.60152,90.1848,0.84672,12.849,0.84672,3695.15,0,36.966,0.268556,1.12723,1.93489,8.92175,1.16131,10.554,0.42336,36.966,0.42336,423.524,0,1.02816,0,0,2.15539,1.12723,1.028160,1,0,101.09,0,0,0,101.09,0
72.29,2.54081,0,0,4.25879,0.251961,1.46602,3.6288,61.308,0.445486,0,0,0.949173,0.218064,0.285623,0.66528,12.849,1,0.45161,1.46602,0,81.2428,4.60152,77.6557,0.84672,12.849,0.84672,3695.15,0,36.966,0.268608,0.857719,1.90669,7.88374,1.16131,9.21824,0.42336,36.966,0.42336,423.524,0,1.02816,0,0,1.88588,0.857719,1.028160,1,0,87.1595,0,0,0,87.1595,0
72.29,2.54102,0,0,3.83749,0.251961,1.04451,3.6288,61.308,0.445573,0,0,0.84119,0.218064,0.177554,0.66528,12.849,1,0.451646,1.04451,0,70.9163,4.60152,66.9076,0.84672,12.849,0.84672,3695.15,0,36.966,0.268661,0.666576,1.90685,7.11945,1.16131,8.2629,0.42336,36.966,0.42336,423.524,0,1.02816,0,0,1.69474,0.666576,1.028160,1,0,75.3481,0,0,0,75.3481,0
72.29,2.54122,0,0,3.52653,0.221714,0.763596,3.6288,61.308,0.44566,0,0,0.792876,0.178242,0.168974,0.66528,12.849,1,0.451682,0.763596,0,68.0227,3.7758,64.5588,0.84672,12.849,0.84672,3695.15,0,36.966,0.268713,0.589317,1.907,6.44268,0.95188,7.7184,0.42336,36.966,0.42336,423.524,0,1.02816,0,0,1.61748,0.589317,1.028160,1,0,72.4462,0,0,0,72.4462,0
72.29,2.66198,0,0,3.78701,0.210036,0.914993,3.6288,61.308,0.504524,0,0,0.939531,0.203565,0.231442,0.66528,12.849,1,0.473147,0.914993,0,60.9519,4.72941,56.6644,0.84672,12.849,0.84672,3695.15,0,36.966,0.304206,0.724801,1.90715,6.64502,1.05879,7.91398,0.42336,36.966,0.42336,423.524,0,1.02816,0,0,1.75296,0.724801,1.028160,1,0,64.8098,0,0,0,64.8098,0
72.29,2.66219,0,0,3.45768,0.177957,0.617528,3.6288,61.308,0.504616,0,0,0.750479,0.186266,0.0595972,0.66528,12.849,1,0.473184,0.617528,0,55.3332,4.22499,51.2526,0.84672,12.849,0.84672,3695.15,0,36.966,0.304261,0.71661,2.0067,6.17003,1.05082,7.53827,0.42336,36.966,0.42336,423.524,0,1.02816,0,0,1.74477,0.71661,1.028160,1,0,58.8505,0,0,0,58.8505,0
72.29,2.6624,0,0,3.19893,0.155124,0.381398,3.6288,61.308,0.504708,0,0,0.762947,0.191621,0.0666179,0.66528,12.849,1,0.473222,0.381398,0,50.1282,4.38753,45.6488,0.84672,12.849,0.84672,3695.15,0,36.966,0.304316,0.71998,2.00686,6.08806,1.02073,7.48985,0.42336,36.966,0.42336,423.524,0,1.02816,0,0,1.74814,0.71998,1.028160,1,0,53.2053,0,0,0,53.2053,0
72.2087,2.66262,0,0,3.09928,0.155124,0.36288,3.6288,61.308,0.504799,0,0,0.799459,0.191621,0.103039,0.66528,12.849,1,0.47326,0.36288,0,47.5648,4.38753,43.0668,0.84672,12.849,0.84672,3695.15,0,36.966,0.304371,0.656363,2.00702,6.31976,1.02073,7.65805,0.42336,36.966,0.42336,423.524,0,1.02816,0,0,1.68452,0.656363,1.028160,1,0,50.8279,0,0,0,50.8279,0
71.5892,2.66238,0,0,2.53224,0.126468,0.36288,3.6288,61.3043,0.504891,0,0,0.706415,0.205199,0,0.66528,12.849,1,0.47375,0.36288,0,42.1469,4.84181,37.1942,0.84672,12.849,0.84672,3695.15,0,36.966,0.304427,0.448831,2.00718,4.57163,1.12809,5.59513,0.42336,36.966,0.42336,423.524,0,1.02816,0,0,1.47699,0.448831,1.028160,1,0,42.7893,0,0,0,42.7893,0
70.658,2.6353,0,0,2.18153,0.114569,0.36288,3.6288,61.2442,0.537288,0,0,0.687779,0.210625,0,0.66528,12.849,1,0.47299,0.36288,0,37.4845,5.02352,32.3508,0.84672,12.849,0.84672,3695.15,0,36.966,0.32398,0.382139,2.00735,3.92618,1.17103,4.82065,0.42336,36.966,0.42336,423.524,0,1.02816,0,0,1.4103,0.382139,1.028160,1,0,37.1715,0,0,0,37.1715,0
69.5909,2.63023,0,0,2.03976,0.113689,0.36288,3.6288,61.1863,0.537184,0,0,0.689861,0.210545,0,0.66528,12.849,1,0.478302,0.36288,0,34.9612,5.02352,29.8223,0.84672,12.849,0.84672,3695.15,0,36.966,0.324236,0.455138,2.04227,3.67307,1.17103,4.67521,0.42336,36.966,0.42336,423.524,0,1.02816,0,0,1.4833,0.455138,1.028160,1,0,34.4975,0,0,0,34.4975,0
68.4434,2.62425,0,0,1.95062,0.111033,0.36288,3.6288,61.0917,0.537087,0,0,0.666628,0.22417,0,0.66528,12.849,1,0.484532,0.36288,0,32.4241,5.19616,27.1063,0.84672,12.849,0.84672,3695.15,0,36.966,0.324484,0.413078,2.04243,3.55648,1.21246,4.47505,0.42336,36.966,0.42336,423.524,0,1.02816,0,0,1.44124,0.413078,1.028160,1,0,31.5813,0,0,0,31.5813,0
67.2558,2.61762,0,0,1.89816,0.105168,0.36288,3.6288,60.9236,0.536868,0,0,0.638202,0.269453,0,0.66528,12.849,1,0.491411,0.36288,0,31.2199,5.65425,25.4372,0.84672,12.849,0.84672,3695.15,0,36.966,0.324854,0.366034,2.04259,3.53219,1.34754,4.26842,0.42336,36.966,0.42336,423.524,0,1.02816,0,0,1.39419,0.366034,1.028160,1,0,29.7056,0,0,0,29.7056,0
65.699,2.98359,0,0,1.89235,0.102688,0.36288,3.6288,60.9926,0.282113,0,0,0.648181,0.297091,0,0.66528,12.849,1,0.570004,0.36288,0,29.2634,5.7204,23.3359,0.84672,12.849,0.84672,3695.15,0,36.966,0.171175,0.470016,2.04276,3.58665,1.42635,4.50189,0.42336,36.966,0.42336,423.524,0,1.02816,0,0,1.49818,0.470016,1.028160,1,0,27.8378,0,0,0,27.8378,0
64.3475,2.61839,0,0,1.73113,0.101427,0.36288,3.6288,60.7586,0.545928,0,0,0.609224,0.29722,0,0.66528,12.849,1,0.512089,0.36288,0,27.5143,5.7204,21.6446,0.84672,12.849,0.84672,3695.15,0,36.966,0.330873,0.441858,1.81051,3.65069,1.42635,4.14584,0.42336,36.966,0.42336,423.524,0,1.02816,0,0,1.47002,0.441858,1.028160,1,0,25.7905,0,0,0,25.7905,0
62.842,2.60964,0,0,1.56743,0.100332,0.36288,3.6288,60.4987,0.54523,0,0,0.582082,0.29678,0,0.66528,12.849,1,0.521096,0.36288,0,25.9131,5.7204,20.0345,0.84672,12.849,0.84672,3695.15,0,36.966,0.331722,0.292006,2.05842,3.39436,1.42635,3.98672,0.42336,36.966,0.42336,423.524,0,1.02816,0,0,1.32017,0.292006,1.028160,1,0,24.0212,0,0,0,24.0212,0
61.165,2.59948,0,0,1.37076,0.0854629,0.36288,3.6288,60.2282,0.54444,0,0,0.57795,0.304021,0,0.66528,12.849,1,0.531503,0.36288,0,24.6751,5.94473,18.5617,0.84672,12.849,0.84672,3695.15,0,36.966,0.332665,0.270933,2.05859,3.43066,1.47117,3.95635,0.42336,36.966,0.42336,423.524,0,1.02816,0,0,1.29909,0.270933,1.028160,1,0,22.5181,0,0,0,22.5181,0
59.3243,2.76046,0,0,1.38524,0.102543,0.36288,3.6288,59.5833,0.824321,0,0,0.498383,0.318928,0,0.66528,12.849,1,0.579893,0.36288,0,18.3301,5.7495,12.3636,0.84672,12.849,0.84672,3695.15,0,36.966,0.42336,0.227405,2.05875,3.05584,1.53187,3.38677,0.42336,36.966,0.42336,423.524,0,0.821785,0,0,1.04919,0.227405,1.028160,1,0,15.7504,0,0,0,15.7504,0
57.6929,2.74589,0,0,1.57983,0.102536,0.36288,3.6288,59.224,0.642721,0,0,0.605702,0.322274,0,0.66528,12.849,1,0.59473,0.36288,0,22.23,5.73395,16.2642,0.84672,12.849,0.84672,3695.15,0,36.966,0.39875,0.228563,2.22485,3.36898,1.56669,3.85696,0.42336,36.966,0.42336,423.524,0,1.02816,0,0,1.25672,0.228563,1.028160,1,0,20.1212,0,0,0,20.1212,0
55.7659,2.73235,0,0,1.26918,0.100925,0.36288,3.6288,58.3622,0.978374,0,0,0.438096,0.321534,0,0.66528,12.849,1,0.608533,0.36288,0,21.7225,5.73395,15.7429,0.84672,12.849,0.84672,3695.15,0,36.966,0.42336,0.204422,2.22503,2.70453,1.56669,3.14393,0.42336,36.966,0.42336,423.524,0,0.668062,0,0,0.872485,0.204422,1.028160,1,0,18.8868,0,0,0,18.8868,0
54.1691,2.71548,0,0,1.58062,0.0990236,0.36288,3.6288,58.1534,0.637816,0,0,0.748787,0.319758,0,0.66528,12.849,1,0.625673,0.36288,0,19.8393,5.73395,13.8425,0.84672,12.849,0.84672,3695.15,0,36.966,0.403986,0.622244,2.22521,4.18173,1.56669,5.0585,0.42336,36.966,0.42336,423.524,0,1.02816,0,0,1.6504,0.622244,1.028160,1,0,18.901,0,0,0,18.901,0
52.2213,2.70079,0,0,1.2034,0.0875266,0.36288,3.6288,57.9,0.63703,0,0,0.66501,0.281431,0,0.66528,12.849,1,0.640632,0.36288,0,17.9835,4.71572,12.99,0.84672,12.849,0.84672,3695.15,0,36.966,0.404937,0.558325,2.22538,4.12497,1.31562,5.18812,0.42336,36.966,0.42336,423.524,0,1.02816,0,0,1.58649,0.558325,1.028160,1,0,18.1781,0,0,0,18.1781,0
50.2324,2.6,0,0,1.04873,0.0747791,0.36288,3.6288,57.7059,0.575254,0,0,0.6574,0.276206,0,0.66528,12.849,1,0.639728,0.36288,0,18.1107,4.599,13.2349,0.84672,12.849,0.84672,3695.15,0,36.966,0.367268,0.562067,2.22556,3.90754,1.37916,4.94875,0.42336,36.966,0.42336,423.524,0,1.02816,0,0,1.59023,0.562067,1.028160,1,0,18.1836,0,0,0,18.1836,0
48.4168,2.58004,0,0,1.23282,0.1055,0.36288,3.6288,57.553,0.574597,0,0,0.667909,0.246227,0,0.66528,12.849,1,0.659951,0.36288,0,18.243,4.18374,13.7622,0.84672,12.849,0.84672,3695.15,0,36.966,0.368083,0.602251,2.12967,4.08072,1.24936,5.1952,0.42336,36.966,0.42336,423.524,0,1.02816,0,0,1.63041,0.602251,1.028160,1,0,18.9574,0,0,0,18.9574,0
48.784,2.56069,0,0,3.47332,0.182556,0.36288,3.6288,58.4284,0.574097,0,0,1.62143,0.171977,0,0.66528,12.849,1,0.679563,0.36288,0,58.2898,3.14559,54.8275,0.84672,12.849,0.84672,3695.15,0,36.966,0.36874,1.6471,2.12984,10.8616,0.924872,13.3449,0.42336,36.966,0.42336,423.524,0,1.02816,0,0,2.67526,1.6471,1.028160,1,0,68.1724,0,0,0,68.1724,0
47.9619,2.56494,0,0,2.29164,0.185873,0.36288,3.6288,58.7076,0.577577,0,0,1.03646,0.179633,0,0.66528,12.849,1,0.675568,0.36288,0,45.1463,3.17835,41.6553,0.84672,12.849,0.84672,3695.15,0,36.966,0.365417,1.3572,2.13001,5.9339,0.901207,8.15449,0.42336,36.966,0.42336,423.524,0,1.02816,0,0,2.38536,1.3572,1.028160,1,0,49.8098,0,0,0,49.8098,0
46.6428,2.48998,0,0,1.73329,0.19961,0.36288,3.6288,58.7265,0.523085,0,0,0.762072,0.220116,0,0.66528,12.849,1,0.667066,0.36288,0,35.0791,3.37491,31.4,0.84672,12.849,0.84672,3695.15,0,36.966,0.329367,0.716049,2.13018,5.96119,0.759216,7.71884,0.42336,36.966,0.42336,423.524,0,1.02816,0,0,1.74421,0.716049,1.028160,1,0,39.1188,0,0,0,39.1188,0
46.5532,2.47539,0,0,2.94544,0.196735,0.36288,3.6288,58.949,0.523242,0,0,0.965935,0.220142,0,0.66528,12.849,1,0.681912,0.36288,0,61.793,3.37491,58.0991,0.84672,12.849,0.84672,3695.15,0,36.966,0.32936,0.710009,2.04459,7.71729,0.759216,9.38332,0.42336,36.966,0.42336,423.524,0,1.02816,0,0,1.73817,0.710009,1.028160,1,0,67.4824,0,0,0,67.4824,0
45.9549,2.47456,0,0,2.4669,0.227777,0.36288,3.6288,59.5745,0.524099,0,0,1.41446,0.264877,0,0.66528,12.849,1,0.682995,0.36288,0,44.8234,4.33912,40.1641,0.84672,12.849,0.84672,3695.15,0,36.966,0.328654,2.32026,2.04476,9.16661,1.03113,12.1718,0.42336,36.966,0.42336,423.524,0,1.02816,0,0,3.34842,2.32026,1.028160,1,0,52.336,0,0,0,52.336,0
47.3434,2.46781,0,0,4.44544,0.226266,0.36288,3.6288,60.8563,0.526321,0,0,2.07404,0.26594,0,0.66528,12.849,1,0.689999,0.36288,0,93.6502,4.33912,88.9839,0.84672,12.849,0.84672,3695.15,0,36.966,0.326582,2.79071,2.04492,12.1123,1.03113,15.5902,0.42336,36.966,0.42336,423.524,0,1.02816,0,0,3.81887,2.79071,1.028160,1,0,104.574,0,0,0,104.574,0
47.9396,2.33473,0,0,3.53906,0.245215,0.36288,3.6288,61.308,0.430498,0,0,2.20801,0.216088,1.10973,0.66528,12.849,1,0.633645,0.36288,0,81.724,4.53046,76.9228,0.84672,12.849,0.84672,3695.15,0,36.966,0.261498,2.44215,2.04508,11.3495,1.14839,14.4268,0.42336,36.966,0.42336,423.524,0,1.02816,0,0,3.47031,2.44215,1.028160,1,0,92.4594,0,0,0,92.4594,0
49.4305,2.34113,0,0,4.44437,0.249413,0.36288,3.6288,61.308,0.431785,0,0,2.22331,0.20801,1.58351,0.66528,12.849,1,0.62748,0.36288,0,78.3518,4.56236,73.5249,0.84672,12.849,0.84672,3695.15,0,36.966,0.260347,2.07788,1.88526,9.44585,1.16794,11.9807,0.42336,36.966,0.42336,423.524,0,1.02816,0,0,3.10604,2.07788,1.028160,1,0,87.0891,0,0,0,87.0891,0
52.6996,2.35634,0,0,6.24177,0.253473,0.36288,3.6288,61.308,0.431871,0,0,3.9095,0.20801,3.26962,0.66528,12.849,1,0.612508,0.36288,0,127.341,4.56236,122.529,0.84672,12.849,0.84672,3695.15,0,36.966,0.260399,3.15512,1.88542,20.2738,1.16794,23.886,0.42336,36.966,0.42336,423.524,0,1.02816,0,0,4.18328,3.15512,1.028160,1,0,149.684,0,0,0,149.684,0
55.0603,2.38708,0,0,5.34871,0.238115,0.36288,3.6288,61.308,0.431957,0,0,5.43791,0.186308,4.81965,0.66528,12.849,1,0.582007,0.36288,0,111.141,3.81202,107.109,0.84672,12.849,0.84672,3695.15,0,36.966,0.260451,4.06951,1.88557,14.9055,1.0742,19.5259,0.42336,36.966,0.42336,423.524,0,1.02816,0,0,5.09767,4.06951,1.028160,1,0,131.455,0,0,0,131.455,0
57.5732,2.4075,0,0,5.52126,0.237998,0.36288,3.6288,61.308,0.432043,0,0,2.13489,0.181136,1.52171,0.66528,12.849,1,0.56182,0.36288,0,103.309,3.91426,99.1961,0.84672,12.849,0.84672,3695.15,0,36.966,0.260503,3.1105,1.88572,13.0387,1.14818,16.6262,0.42336,36.966,0.42336,423.524,0,1.02816,0,0,4.13866,3.1105,1.028160,1,0,117.344,0,0,0,117.344,0
62.1184,2.50379,0,0,7.64789,0.23594,0.36288,3.6288,61.308,0.466838,0,0,2.65465,0.174241,2.01357,0.66528,12.849,1,0.558788,0.36288,0,189.848,4.05058,185.601,0.84672,12.849,0.84672,3695.15,0,36.966,0.281482,4.50473,1.88587,20.3593,1.24681,25.2216,0.42336,36.966,0.42336,423.524,0,1.02816,0,0,5.53289,4.50473,1.028160,1,0,212.836,0,0,0,212.836,0
67.8762,2.53786,0,0,8.90442,0.245919,0.36288,3.6288,61.308,0.466919,0,0,3.21285,0.174241,2.57169,0.66528,12.849,1,0.524948,0.36288,0,209.081,4.05058,204.868,0.84672,12.849,0.84672,3695.15,0,36.966,0.281532,5.05598,1.94644,15.4695,1.24681,20.9436,0.42336,36.966,0.42336,423.524,0,1.02816,0,0,6.08414,5.05598,1.028160,1,0,228.384,0,0,0,228.384,0
71.5468,2.57549,0,0,6.86655,0.257561,0.36288,3.6288,61.308,0.467001,0,0,2.67264,0.174241,2.0314,0.66528,12.849,1,0.487541,0.36288,0,167.461,4.05058,163.286,0.84672,12.849,0.84672,3695.15,0,36.966,0.281581,3.6574,1.94658,12.7416,1.24681,16.8172,0.42336,36.966,0.42336,423.524,0,1.02816,0,0,4.68556,3.6574,1.028160,1,0,182.135,0,0,0,182.135,0
72.29,2.59688,0,0,6.45614,0.27663,2.83944,3.6288,61.308,0.467082,0,0,2.89696,0.122548,2.30733,0.66528,12.849,1,0.466371,2.83944,0,229.399,3.50211,228.27,0.84672,12.849,0.84672,3695.15,0,36.966,0.28163,4.01293,1.94672,13.2299,0.957935,17.95,0.42336,36.966,0.42336,423.524,0,1.02816,0,0,5.04109,4.01293,1.028160,1,0,248.527,0,0,0,248.527,0
72.29,2.80855,0,0,8.8325,0.304676,5.71928,3.6288,61.308,0.577412,0,0,2.55746,0.140488,1.83956,0.66528,12.849,1,0.499198,5.71928,0,191.747,3.77433,193.192,0.84672,12.849,0.84672,3695.15,0,36.966,0.348154,5.83289,1.94687,10.9118,0.994346,17.3491,0.42336,36.966,0.42336,423.524,0,1.02816,0,0,6.86105,5.83289,1.028160,1,0,212.381,0,0,0,212.381,0
72.29,2.80875,0,0,6.47922,0.304676,3.36579,3.6288,61.308,0.577501,0,0,1.68102,0.140488,0.963027,0.66528,12.849,1,0.499234,3.36579,0,127.416,3.77433,126.508,0.84672,12.849,0.84672,3695.15,0,36.966,0.348208,2.32876,2.12932,6.50344,0.994346,9.61896,0.42336,36.966,0.42336,423.524,0,1.02816,0,0,3.35692,2.32876,1.028160,1,0,137.09,0,0,0,137.09,0
72.29,2.80896,0,0,5.43252,0.304676,2.31889,3.6288,61.308,0.577591,0,0,1.4696,0.140488,0.751525,0.66528,12.849,1,0.499271,2.31889,0,91.1727,3.77433,89.218,0.84672,12.849,0.84672,3695.15,0,36.966,0.348262,1.66437,2.12948,5.39417,0.994346,7.8454,0.42336,36.966,0.42336,423.524,0,1.02816,0,0,2.69253,1.66437,1.028160,1,0,97.8149,0,0,0,97.8149,0
72.29,2.80916,0,0,6.41002,0.270476,3.33038,3.6288,61.308,0.57768,0,0,1.90151,0.187829,1.136,0.66528,12.849,1,0.499308,3.33038,0,100.536,3.86557,99.5014,0.84672,12.849,0.84672,3695.15,0,36.966,0.348316,2.69862,2.12963,10.2853,1.07461,13.6906,0.42336,36.966,0.42336,423.524,0,1.02816,0,0,3.72678,2.69862,1.028160,1,0,114.328,0,0,0,114.328,0
72.29,2.49372,0,0,10.0868,0.345212,7.24784,3.6288,61.308,0.422897,0,0,2.84164,0.158152,2.26059,0.66528,12.849,1,0.443239,7.24784,0,135.076,3.97572,137.905,0.84672,12.849,0.84672,3695.15,0,36.966,0.254988,5.96042,2.12979,12.6816,0.905772,19.6111,0.42336,36.966,0.42336,423.524,0,1.02816,0,0,6.98858,5.96042,1.028160,1,0,159.777,0,0,0,159.777,0
72.29,2.48691,0,0,7.07336,0.345212,4.24124,3.6288,61.308,0.428113,0,0,2.24515,0.158152,1.65888,0.66528,12.849,1,0.442029,4.24124,0,136.557,3.97572,136.38,0.84672,12.849,0.84672,3695.15,0,36.966,0.258133,4.51872,1.86848,10.741,0.905772,15.9643,0.42336,36.966,0.42336,423.524,0,1.02816,0,0,5.54688,4.51872,1.028160,1,0,154.004,0,0,0,154.004,0
72.29,2.4872,0,0,6.3454,0.299899,3.5583,3.6288,61.308,0.428113,0,0,1.49219,0.134086,0.92999,0.66528,12.849,1,0.442081,3.5583,0,114.663,3.62694,114.152,0.84672,12.849,0.84672,3695.15,0,36.966,0.258133,3.23798,1.87343,9.48275,0.85567,13.4804,0.42336,36.966,0.42336,423.524,0,1.02816,0,0,4.26614,3.23798,1.028160,1,0,128.563,0,0,0,128.563,0
72.29,2.48749,0,0,6.69996,0.265915,3.94655,3.6288,61.308,0.428113,0,0,1.96702,0.116037,1.42287,0.66528,12.849,1,0.442132,3.94655,0,120.666,3.36536,120.805,0.84672,12.849,0.84672,3695.15,0,36.966,0.258133,4.55467,1.8735,9.95198,0.818094,15.3039,0.42336,36.966,0.42336,423.524,0,1.02816,0,0,5.58283,4.55467,1.028160,1,0,137.532,0,0,0,137.532,0
72.29,2.48778,0,0,9.87313,0.290655,7.09469,3.6288,61.308,0.428113,0,0,2.58603,0.153135,2.00478,0.66528,12.849,1,0.442184,7.09469,0,131.423,3.70087,134.375,0.84672,12.849,0.84672,3695.15,0,36.966,0.258133,4.84504,1.87356,11.3553,0.830996,16.9848,0.42336,36.966,0.42336,423.524,0,1.02816,0,0,5.8732,4.84504,1.028160,1,0,153.364,0,0,0,153.364,0
72.29,2.57922,0,0,8.32378,0.30921,5.43535,3.6288,61.308,0.470934,0,0,1.66284,0.180957,1.01095,0.66528,12.849,1,0.458436,5.43535,0,107.008,3.95251,108.033,0.84672,12.849,0.84672,3695.15,0,36.966,0.283952,3.26836,1.87362,12.4869,0.840672,16.5042,0.42336,36.966,0.42336,423.524,0,1.02816,0,0,4.29652,3.26836,1.028160,1,0,125.548,0,0,0,125.548,0
72.29,2.58597,0,0,8.79103,0.30921,5.89584,3.6288,61.308,0.466191,0,0,2.4212,0.180957,1.77406,0.66528,12.849,1,0.459637,5.89584,0,123.24,3.95251,124.724,0.84672,12.849,0.84672,3695.15,0,36.966,0.281092,4.39176,1.94684,14.8699,0.840672,20.0867,0.42336,36.966,0.42336,423.524,0,1.02816,0,0,5.41992,4.39176,1.028160,1,0,146.585,0,0,0,146.585,0
72.29,2.58616,0,0,7.50488,0.30921,4.6095,3.6288,61.308,0.466272,0,0,1.93252,0.180957,1.28529,0.66528,12.849,1,0.459671,4.6095,0,95.7848,3.95251,95.9821,0.84672,12.849,0.84672,3695.15,0,36.966,0.281141,3.44231,1.94245,10.7628,0.840672,15.0258,0.42336,36.966,0.42336,423.524,0,1.02816,0,0,4.47047,3.44231,1.028160,1,0,112.293,0,0,0,112.293,0
72.29,2.58635,0,0,6.54464,0.276363,3.68193,3.6288,61.308,0.466354,0,0,1.67715,0.186289,1.0245,0.66528,12.849,1,0.459705,3.68193,0,94.8473,4.10229,93.9673,0.84672,12.849,0.84672,3695.15,0,36.966,0.281191,2.78845,1.9426,10.5924,0.893002,14.1492,0.42336,36.966,0.42336,423.524,0,1.02816,0,0,3.81661,2.78845,1.028160,1,0,109.141,0,0,0,109.141,0
72.29,2.55089,0,0,6.32917,0.273463,3.50481,3.6288,61.308,0.449799,0,0,1.97117,0.208359,1.31302,0.66528,12.849,1,0.453402,3.50481,0,87.5629,3.95776,86.6566,0.84672,12.849,0.84672,3695.15,0,36.966,0.271209,3.00605,1.94274,10.3518,0.990081,14.0393,0.42336,36.966,0.42336,423.524,0,1.02816,0,0,4.03421,3.00605,1.028160,1,0,102.009,0,0,0,102.009,0
72.29,2.55108,0,0,5.35037,0.273463,2.52583,3.6288,61.308,0.449879,0,0,1.83631,0.208359,1.17807,0.66528,12.849,1,0.453435,2.52583,0,74.5649,3.95776,72.6796,0.84672,12.849,0.84672,3695.15,0,36.966,0.271257,2.5808,1.91441,8.53157,0.990081,11.7654,0.42336,36.966,0.42336,423.524,0,1.02816,0,0,3.60896,2.5808,1.028160,1,0,85.6231,0,0,0,85.6231,0
72.29,2.55127,0,0,4.74454,0.273463,1.91981,3.6288,61.308,0.449959,0,0,1.64909,0.208359,0.990773,0.66528,12.849,1,0.453469,1.91981,0,64.2773,3.95776,61.7859,0.84672,12.849,0.84672,3695.15,0,36.966,0.271305,2.11298,1.91455,7.35826,0.990081,10.1244,0.42336,36.966,0.42336,423.524,0,1.02816,0,0,3.14114,2.11298,1.028160,1,0,72.901,0,0,0,72.901,0
72.29,2.55146,0,0,4.32681,0.264822,1.51053,3.6288,61.308,0.450039,0,0,1.48783,0.196981,0.840814,0.66528,12.849,1,0.453502,1.51053,0,57.7382,3.72184,55.0734,0.84672,12.849,0.84672,3695.15,0,36.966,0.271354,1.8629,1.91469,6.78707,0.930244,9.36307,0.42336,36.966,0.42336,423.524,0,1.02816,0,0,2.89106,1.8629,1.028160,1,0,65.2772,0,0,0,65.2772,0
72.29,2.67269,0,0,4.68673,0.217224,1.79682,3.6288,61.308,0.509134,0,0,1.58612,0.207734,0.869255,0.66528,12.849,1,0.47505,1.79682,0,65.4659,4.14244,62.6452,0.84672,12.849,0.84672,3695.15,0,36.966,0.306985,1.98244,1.91483,7.54013,1.05969,10.0707,0.42336,36.966,0.42336,423.524,0,1.02816,0,0,3.0106,1.98244,1.028160,1,0,73.5852,0,0,0,73.5852,0
72.29,2.67288,0,0,4.33744,0.177101,1.48745,3.6288,61.308,0.509218,0,0,1.59174,0.218524,0.863996,0.66528,12.849,1,0.475085,1.48745,0,59.0651,4.44349,55.634,0.84672,12.849,0.84672,3695.15,0,36.966,0.307036,2.02145,2.01478,7.2614,1.06474,9.92585,0.42336,36.966,0.42336,423.524,0,1.02816,0,0,3.04961,2.02145,1.028160,1,0,66.4238,0,0,0,66.4238,0
72.29,2.67308,0,0,4.28306,0.177101,1.43288,3.6288,61.308,0.509303,0,0,1.72889,0.218524,1.00106,0.66528,12.849,1,0.475119,1.43288,0,57.1188,4.44349,53.6331,0.84672,12.849,0.84672,3695.15,0,36.966,0.307087,1.95739,2.01492,7.96124,1.06474,10.5617,0.42336,36.966,0.42336,423.524,0,1.02816,0,0,2.98555,1.95739,1.028160,1,0,65.1958,0,0,0,65.1958,0
72.29,2.67328,0,0,4.00575,0.177101,1.15537,3.6288,61.308,0.509387,0,0,1.5953,0.218524,0.867387,0.66528,12.849,1,0.475154,1.15537,0,53.4305,4.44349,49.6672,0.84672,12.849,0.84672,3695.15,0,36.966,0.307138,1.83424,2.01507,6.99019,1.06474,9.46762,0.42336,36.966,0.42336,423.524,0,1.02816,0,0,2.8624,1.83424,1.028160,1,0,60.0022,0,0,0,60.0022,0
72.29,2.67347,0,0,4.05566,0.143217,1.23897,3.6288,61.308,0.509472,0,0,1.45054,0.240052,0.701011,0.66528,12.849,1,0.475189,1.23897,0,51.5367,4.5707,47.7298,0.84672,12.849,0.84672,3695.15,0,36.966,0.307189,1.58193,2.01522,5.85436,1.1177,8.02662,0.42336,36.966,0.42336,423.524,0,1.02816,0,0,2.61009,1.58193,1.028160,1,0,56.4575,0,0,0,56.4575,0
72.29,2.64972,0,0,3.97597,0.117804,1.20845,3.6288,61.308,0.542004,0,0,1.3405,0.256198,0.542294,0.66528,12.849,1,0.470968,1.20845,0,51.5995,4.6661,47.6709,0.84672,12.849,0.84672,3695.15,0,36.966,0.326804,1.49596,2.01537,5.16548,1.15742,7.19259,0.42336,36.966,0.42336,423.524,0,1.02816,0,0,2.52412,1.49596,1.028160,1,0,55.4058,0,0,0,55.4058,0
72.29,2.64992,0,0,3.61596,0.117804,0.848241,3.6288,61.308,0.542091,0,0,1.30716,0.256198,0.508874,0.66528,12.849,1,0.471003,0.848241,0,50.5896,4.6661,46.3008,0.84672,12.849,0.84672,3695.15,0,36.966,0.326856,1.46329,2.05041,4.94944,1.15742,6.97887,0.42336,36.966,0.42336,423.524,0,1.02816,0,0,2.49145,1.46329,1.028160,1,0,53.7885,0,0,0,53.7885,0
72.29,2.65011,0,0,3.28201,0.117804,0.514093,3.6288,61.308,0.542177,0,0,1.22633,0.256198,0.427951,0.66528,12.849,1,0.471037,0.514093,0,45.0795,4.6661,40.4564,0.84672,12.849,0.84672,3695.15,0,36.966,0.326909,1.18232,2.05057,4.78793,1.15742,6.53649,0.42336,36.966,0.42336,423.524,0,1.02816,0,0,2.21048,1.18232,1.028160,1,0,47.4209,0,0,0,47.4209,0
72.29,2.65031,0,0,3.10751,0.0846301,0.372569,3.6288,61.308,0.542264,0,0,1.1172,0.331816,0.243123,0.66528,12.849,1,0.471072,0.372569,0,40.2282,5.66988,34.4598,0.84672,12.849,0.84672,3695.15,0,36.966,0.326961,1.17838,2.05072,4.41682,1.5124,5.80655,0.42336,36.966,0.42336,423.524,0,1.02816,0,0,2.20654,1.17838,1.028160,1,0,40.5095,0,0,0,40.5095,0
72.0617,3.02783,0,0,3.248,0.085546,0.36288,3.6288,61.308,0.287494,0,0,1.09737,0.324825,0.485048,0.66528,12.849,1,0.538173,0.36288,0,44.4042,5.76429,38.4647,0.84672,12.849,0.84672,3695.15,0,36.966,0.173346,1.28338,2.05087,4.00148,1.47836,5.68402,0.42336,36.966,0.42336,423.524,0,1.02816,0,0,2.31154,1.28338,1.028160,1,0,44.6337,0,0,0,44.6337,0
72.0245,2.66728,0,0,3.07829,0.0853979,0.36288,3.6288,61.308,0.551693,0,0,0.981729,0.324825,0.105211,0.66528,12.849,1,0.475591,0.36288,0,39.2349,5.76429,33.3579,0.84672,12.849,0.84672,3695.15,0,36.966,0.332647,1.50866,1.81867,4.1794,1.47836,5.69573,0.42336,36.966,0.42336,423.524,0,1.02816,0,0,2.53682,1.50866,1.028160,1,0,39.1589,0,0,0,39.1589,0
71.7866,2.66727,0,0,2.87764,0.0853737,0.36288,3.6288,61.308,0.551781,0,0,0.908332,0.324825,0.0317263,0.66528,12.849,1,0.475834,0.36288,0,37.3067,5.76429,31.4294,0.84672,12.849,0.84672,3695.15,0,36.966,0.332699,1.29037,2.06657,3.66729,1.47836,5.21317,0.42336,36.966,0.42336,423.524,0,1.02816,0,0,2.31853,1.29037,1.028160,1,0,36.6743,0,0,0,36.6743,0
71.5114,2.66613,0,0,2.83898,0.0852193,0.36288,3.6288,61.308,0.551869,0,0,0.982748,0.324825,0.106055,0.66528,12.849,1,0.477207,0.36288,0,34.6168,5.76429,28.7381,0.84672,12.849,0.84672,3695.15,0,36.966,0.332752,1.44665,2.06672,4.14729,1.47836,5.84955,0.42336,36.966,0.42336,423.524,0,1.02816,0,0,2.47481,1.44665,1.028160,1,0,34.6938,0,0,0,34.6938,0
71.338,2.84273,0,0,3.09661,0.0643607,0.36288,3.6288,61.1404,0.654701,0,0,0.814614,0.327525,0,0.66528,12.849,1,0.510776,0.36288,0,35.2903,6.10336,29.039,0.84672,12.849,0.84672,3695.15,0,36.966,0.394755,1.21649,2.06688,4.16692,1.49013,5.56539,0.42336,36.966,0.42336,423.524,0,1.02816,0,0,2.24465,1.21649,1.028160,1,0,34.6044,0,0,0,34.6044,0
71.5983,2.84189,0,0,3.53473,0.0696377,0.36288,3.6288,61.0667,0.654121,0,0,0.901411,0.321013,0,0.66528,12.849,1,0.511865,0.36288,0,43.6257,6.02963,37.4471,0.84672,12.849,0.84672,3695.15,0,36.966,0.395487,1.56117,2.23361,4.05046,1.45301,5.99675,0.42336,36.966,0.42336,423.524,0,1.02816,0,0,2.58933,1.56117,1.028160,1,0,43.4438,0,0,0,43.4438,0
71.1145,2.84368,0,0,2.79255,0.0697762,0.36288,3.6288,60.7499,0.653919,0,0,0.657996,0.320864,0,0.66528,12.849,1,0.510325,0.36288,0,45.0204,6.02963,38.8434,0.84672,12.849,0.84672,3695.15,0,36.966,0.395842,0.826857,2.23378,3.20946,1.45301,4.42124,0.42336,36.966,0.42336,423.524,0,1.02816,0,0,1.85502,0.826857,1.028160,1,0,43.2646,0,0,0,43.2646,0
71.2998,2.84095,0,0,3.45864,0.0695188,0.36288,3.6288,60.8716,0.652731,0,0,1.09468,0.32022,0,0.66528,12.849,1,0.513303,0.36288,0,39.8983,6.02963,33.7183,0.84672,12.849,0.84672,3695.15,0,36.966,0.397183,2.28044,2.23394,4.82285,1.45301,7.48704,0.42336,36.966,0.42336,423.524,0,1.02816,0,0,3.3086,2.28044,1.028160,1,0,41.2053,0,0,0,41.2053,0
71.8772,2.84228,0,0,3.83265,0.0500955,0.36288,3.6288,61.2852,0.65332,0,0,1.34824,0.281373,0,0.66528,12.849,1,0.512211,0.36288,0,37.8924,5.15341,32.5897,0.84672,12.849,0.84672,3695.15,0,36.966,0.396747,1.63515,2.23411,4.91321,1.21186,7.17387,0.42336,36.966,0.42336,423.524,0,1.02816,0,0,2.66331,1.63515,1.028160,1,0,39.7636,0,0,0,39.7636,0
72.29,2.75915,0,0,4.73568,0.0182713,1.54547,3.6288,61.308,0.592709,0,0,1.66657,0.26202,0.788991,0.66528,12.849,1,0.493234,1.54547,0,41.4469,4.84774,37.6514,0.84672,12.849,0.84672,3695.15,0,36.966,0.35751,1.76466,2.23427,4.75196,1.22611,7.16727,0.42336,36.966,0.42336,423.524,0,1.02816,0,0,2.79282,1.76466,1.028160,1,0,45.6077,0,0,0,45.6077,0
72.29,2.76174,0,0,4.19971,0.0183287,1.41964,3.6288,61.308,0.592883,0,0,1.63153,0.262058,0.776585,0.66528,12.849,1,0.490879,1.41964,0,42.6101,4.84774,38.6911,0.84672,12.849,0.84672,3695.15,0,36.966,0.357482,1.72848,2.13799,4.7359,1.22611,7.01877,0.42336,36.966,0.42336,423.524,0,1.02816,0,0,2.75664,1.72848,1.028160,1,0,46.4864,0,0,0,46.4864,0
72.29,2.76195,0,0,4.22533,0.164712,1.29867,3.6288,61.308,0.592974,0,0,1.55511,0.172141,0.789998,0.66528,12.849,1,0.490915,1.29867,0,49.8001,4.59376,46.0141,0.84672,12.849,0.84672,3695.15,0,36.966,0.357537,1.73992,2.13815,5.04873,0.976465,7.5928,0.42336,36.966,0.42336,423.524,0,1.02816,0,0,2.76808,1.73992,1.028160,1,0,54.3969,0,0,0,54.3969,0
72.29,2.76215,0,0,5.64808,0.177848,2.70808,3.6288,61.308,0.593064,0,0,1.73858,0.165757,0.979763,0.66528,12.849,1,0.490951,2.70808,0,63.521,4.96261,60.7755,0.84672,12.849,0.84672,3695.15,0,36.966,0.357591,1.94873,2.13831,7.62119,0.998667,10.352,0.42336,36.966,0.42336,423.524,0,1.02816,0,0,2.97689,1.94873,1.028160,1,0,72.1073,0,0,0,72.1073,0
72.29,2.691,0,0,6.62872,0.197698,3.74003,3.6288,61.308,0.536353,0,0,2.70332,0.184589,1.98238,0.66528,12.849,1,0.478304,3.74003,0,118.826,4.46691,117.621,0.84672,12.849,0.84672,3695.15,0,36.966,0.323397,3.68867,2.13846,15.7642,1.08841,20.1795,0.42336,36.966,0.42336,423.524,0,1.02816,0,0,4.71683,3.68867,1.028160,1,0,139.783,0,0,0,139.783,0
72.29,2.69119,0,0,3.92259,0.197698,1.0337,3.6288,61.308,0.536439,0,0,1.51456,0.184589,0.79353,0.66528,12.849,1,0.478339,1.0337,0,81.0073,4.46691,77.0957,0.84672,12.849,0.84672,3695.15,0,36.966,0.323449,1.51169,2.05253,6.61673,1.08841,8.76908,0.42336,36.966,0.42336,423.524,0,1.02816,0,0,2.53985,1.51169,1.028160,1,0,86.6583,0,0,0,86.6583,0
72.29,2.69139,0,0,3.67252,0.197698,0.783429,3.6288,61.308,0.536526,0,0,1.44412,0.184589,0.72301,0.66528,12.849,1,0.478374,0.783429,0,58.0462,4.46691,53.8843,0.84672,12.849,0.84672,3695.15,0,36.966,0.323501,1.65552,2.05268,5.95344,1.08841,8.24973,0.42336,36.966,0.42336,423.524,0,1.02816,0,0,2.68368,1.65552,1.028160,1,0,62.8571,0,0,0,62.8571,0
72.29,2.69159,0,0,4.65209,0.192734,1.76777,3.6288,61.308,0.536612,0,0,1.96964,0.245616,1.18741,0.66528,12.849,1,0.478409,1.76777,0,81.2151,4.42926,78.0752,0.84672,12.849,0.84672,3695.15,0,36.966,0.323553,2.28365,2.05283,6.8649,1.18296,9.69486,0.42336,36.966,0.42336,423.524,0,1.02816,0,0,3.31181,2.28365,1.028160,1,0,88.9575,0,0,0,88.9575,0
72.29,2.53011,0,0,4.43852,0.244206,1.66421,3.6288,61.308,0.435836,0,0,1.62916,0.195407,0.997915,0.66528,12.849,1,0.449707,1.66421,0,84.0067,3.9708,81.2504,0.84672,12.849,0.84672,3695.15,0,36.966,0.26279,1.86473,2.05298,10.5256,0.994766,13.1857,0.42336,36.966,0.42336,423.524,0,1.02816,0,0,2.89289,1.86473,1.028160,1,0,95.4341,0,0,0,95.4341,0
72.29,2.53029,0,0,7.08247,0.26559,4.28659,3.6288,61.308,0.435915,0,0,2.35479,0.165559,1.75331,0.66528,12.849,1,0.44974,4.28659,0,197.353,3.79344,197.397,0.84672,12.849,0.84672,3695.15,0,36.966,0.262837,2.43617,1.89253,13.6382,0.904359,16.7997,0.42336,36.966,0.42336,423.524,0,1.02816,0,0,3.46433,2.43617,1.028160,1,0,215.95,0,0,0,215.95,0
72.29,2.53048,0,0,6.61598,0.26559,3.81991,3.6288,61.308,0.435994,0,0,3.99607,0.165559,3.39452,0.66528,12.849,1,0.449773,3.81991,0,221.007,3.79344,220.584,0.84672,12.849,0.84672,3695.15,0,36.966,0.262885,3.4788,1.89267,15.2231,0.904359,19.4273,0.42336,36.966,0.42336,423.524,0,1.02816,0,0,4.50696,3.4788,1.028160,1,0,243.405,0,0,0,243.405,0
72.29,2.53066,0,0,5.42118,0.268898,2.62161,3.6288,61.308,0.436073,0,0,1.65233,0.205733,1.01052,0.66528,12.849,1,0.449806,2.62161,0,138.114,4.39561,135.89,0.84672,12.849,0.84672,3695.15,0,36.966,0.262933,2.05021,1.89281,11.0423,1.14186,13.5805,0.42336,36.966,0.42336,423.524,0,1.02816,0,0,3.07837,2.05021,1.028160,1,0,150.481,0,0,0,150.481,0
72.29,2.53085,0,0,8.27603,0.266475,5.47871,3.6288,61.308,0.436153,0,0,2.83199,0.205878,2.18996,0.66528,12.849,1,0.449839,5.47871,0,182.301,4.39561,182.935,0.84672,12.849,0.84672,3695.15,0,36.966,0.262981,3.88018,1.89295,15.4062,1.13053,19.7858,0.42336,36.966,0.42336,423.524,0,1.02816,0,0,4.90834,3.88018,1.028160,1,0,204.91,0,0,0,204.91,0
72.29,2.61032,0,0,4.69116,0.25711,1.82373,3.6288,61.308,0.471074,0,0,2.36347,0.166068,1.72633,0.66528,12.849,1,0.463965,1.82373,0,111.726,3.79344,109.292,0.84672,12.849,0.84672,3695.15,0,36.966,0.284037,3.00218,1.89309,9.03735,0.86469,12.7839,0.42336,36.966,0.42336,423.524,0,1.02816,0,0,4.03034,3.00218,1.028160,1,0,123.802,0,0,0,123.802,0
72.29,2.6105,0,0,3.93444,0.25711,1.06683,3.6288,61.308,0.471149,0,0,2.01735,0.166068,1.38014,0.66528,12.849,1,0.463996,1.06683,0,92.8066,3.79344,89.616,0.84672,12.849,0.84672,3695.15,0,36.966,0.284082,2.4336,1.95388,8.17223,0.86469,11.4109,0.42336,36.966,0.42336,423.524,0,1.02816,0,0,3.46176,2.4336,1.028160,1,0,102.407,0,0,0,102.407,0
72.29,2.61067,0,0,3.76131,0.25711,0.89353,3.6288,61.308,0.471223,0,0,2.04266,0.166068,1.40537,0.66528,12.849,1,0.464027,0.89353,0,88.1073,3.79344,84.7433,0.84672,12.849,0.84672,3695.15,0,36.966,0.284127,2.49062,1.95401,8.35402,0.86469,11.6498,0.42336,36.966,0.42336,423.524,0,1.02816,0,0,3.51878,2.49062,1.028160,1,0,97.7985,0,0,0,97.7985,0
72.29,2.61085,0,0,4.02968,0.329578,1.08925,3.6288,61.308,0.471298,0,0,1.96421,0.176178,1.31673,0.66528,12.849,1,0.464058,1.08925,0,94.087,4.2795,90.4327,0.84672,12.849,0.84672,3695.15,0,36.966,0.284172,2.3838,1.95414,8.47221,1.14207,11.3839,0.42336,36.966,0.42336,423.524,0,1.02816,0,0,3.41196,2.3838,1.028160,1,0,103.133,0,0,0,103.133,0
72.2088,2.81921,0,0,3.3916,0.290756,0.36288,3.6288,61.308,0.582039,0,0,1.51866,0.195913,0.740709,0.66528,12.849,1,0.501093,0.36288,0,63.6694,4.49169,59.0395,0.84672,12.849,0.84672,3695.15,0,36.966,0.350944,2.81375,1.95427,6.26206,1.14507,9.53406,0.42336,36.966,0.42336,423.524,0,1.02816,0,0,3.84191,2.81375,1.028160,1,0,69.3142,0,0,0,69.3142,0
71.216,2.81892,0,0,2.46955,0.280522,0.36288,3.6288,61.308,0.582122,0,0,1.52785,0.195943,0.749781,0.66528,12.849,1,0.501605,0.36288,0,39.8305,4.43405,35.2577,0.84672,12.849,0.84672,3695.15,0,36.966,0.350993,1.29965,2.1374,4.05023,1.08811,6.04818,0.42336,36.966,0.42336,423.524,0,1.02816,0,0,2.32781,1.29965,1.028160,1,0,42.0557,0,0,0,42.0557,0
71.078,2.81319,0,0,3.31646,0.278408,0.36288,3.6288,61.308,0.582204,0,0,1.46928,0.195943,0.691137,0.66528,12.849,1,0.507563,0.36288,0,48.0659,4.43405,43.4871,0.84672,12.849,0.84672,3695.15,0,36.966,0.351043,1.23109,2.13755,6.6984,1.08811,8.62788,0.42336,36.966,0.42336,423.524,0,1.02816,0,0,2.25925,1.23109,1.028160,1,0,52.8062,0,0,0,52.8062,0
71.5127,2.81254,0,0,3.88817,0.27798,0.36288,3.6288,61.308,0.582286,0,0,2.29789,0.18027,1.53533,0.66528,12.849,1,0.508432,0.36288,0,116.421,4.30238,111.973,0.84672,12.849,0.84672,3695.15,0,36.966,0.351093,2.12809,2.13769,8.9993,1.02457,11.8894,0.42336,36.966,0.42336,423.524,0,1.02816,0,0,3.15625,2.12809,1.028160,1,0,125.398,0,0,0,125.398,0
72.29,2.49902,0,0,8.43036,0.350599,4.80349,3.6288,61.308,0.426911,0,0,4.5804,0.191183,3.96231,0.66528,12.849,1,0.44901,4.80349,0,165.555,4.22934,165.68,0.84672,12.849,0.84672,3695.15,0,36.966,0.257408,5.51279,2.13783,14.6467,0.996978,21.0429,0.42336,36.966,0.42336,423.524,0,1.02816,0,0,6.54095,5.51279,1.028160,1,0,190.686,0,0,0,190.686,0
72.29,2.50176,0,0,8.33579,0.364755,5.46927,3.6288,61.308,0.428106,0,0,4.26197,0.199532,3.63433,0.66528,12.849,1,0.444669,5.46927,0,189.577,4.27203,190.33,0.84672,12.849,0.84672,3695.15,0,36.966,0.258129,4.57307,1.87552,13.67,1.01885,18.8416,0.42336,36.966,0.42336,423.524,0,1.02816,0,0,5.60123,4.57307,1.028160,1,0,212.806,0,0,0,212.806,0
72.29,2.50203,0,0,8.98042,0.342099,6.13629,3.6288,61.308,0.428106,0,0,4.12841,0.187499,3.5128,0.66528,12.849,1,0.444716,6.13629,0,204.387,4.09764,205.981,0.84672,12.849,0.84672,3695.15,0,36.966,0.258129,5.57096,1.8767,16.8708,0.993803,23.0665,0.42336,36.966,0.42336,423.524,0,1.02816,0,0,6.59912,5.57096,1.028160,1,0,232.56,0,0,0,232.56,0
72.29,2.50229,0,0,7.97826,0.318004,5.15797,3.6288,61.308,0.428106,0,0,3.53716,0.163019,2.94603,0.66528,12.849,1,0.444764,5.15797,0,184.011,3.93972,184.785,0.84672,12.849,0.84672,3695.15,0,36.966,0.258129,4.68026,1.87676,15.0459,0.968566,20.3762,0.42336,36.966,0.42336,423.524,0,1.02816,0,0,5.70842,4.68026,1.028160,1,0,208.107,0,0,0,208.107,0
72.29,2.50256,0,0,6.5026,0.358489,3.64155,3.6288,61.308,0.428106,0,0,3.05089,0.172857,2.44992,0.66528,12.849,1,0.444811,3.64155,0,138.484,3.93949,137.741,0.84672,12.849,0.84672,3695.15,0,36.966,0.258129,3.11406,1.87682,10.27,0.949857,14.0529,0.42336,36.966,0.42336,423.524,0,1.02816,0,0,4.14222,3.11406,1.028160,1,0,154.244,0,0,0,154.244,0
72.29,2.59431,0,0,3.64525,0.346275,0.704661,3.6288,61.308,0.471088,0,0,2.50731,0.174728,1.86149,0.66528,12.849,1,0.46112,0.704661,0,71.3957,3.35066,68.2886,0.84672,12.849,0.84672,3695.15,0,36.966,0.284045,1.80431,1.87688,7.98587,0.857735,10.5253,0.42336,36.966,0.42336,423.524,0,1.02816,0,0,2.83247,1.80431,1.028160,1,0,80.6753,0,0,0,80.6753,0
72.29,2.59563,0,0,3.5572,0.346275,0.615298,3.6288,61.308,0.470326,0,0,2.30172,0.174728,1.65667,0.66528,12.849,1,0.461353,0.615298,0,61.1923,3.35066,57.9956,0.84672,12.849,0.84672,3695.15,0,36.966,0.283586,1.70293,1.95036,7.41122,0.857735,9.92319,0.42336,36.966,0.42336,423.524,0,1.02816,0,0,2.73109,1.70293,1.028160,1,0,69.5754,0,0,0,69.5754,0
72.214,2.5958,0,0,3.22894,0.346275,0.36288,3.6288,61.308,0.470401,0,0,2.01095,0.174728,1.36582,0.66528,12.849,1,0.461384,0.36288,0,68.8028,3.35066,65.3537,0.84672,12.849,0.84672,3695.15,0,36.966,0.283631,1.43331,1.94971,6.55562,0.857735,8.79727,0.42336,36.966,0.42336,423.524,0,1.02816,0,0,2.46147,1.43331,1.028160,1,0,75.5168,0,0,0,75.5168,0
71.8869,2.59556,0,0,2.96517,0.33385,0.36288,3.6288,61.308,0.470475,0,0,1.55453,0.170551,0.913499,0.66528,12.849,1,0.461827,0.36288,0,50.9947,3.32752,47.5683,0.84672,12.849,0.84672,3695.15,0,36.966,0.283676,1.79842,1.94984,5.38327,0.877713,7.97014,0.42336,36.966,0.42336,423.524,0,1.02816,0,0,2.82658,1.79842,1.028160,1,0,56.4519,0,0,0,56.4519,0
71.6078,2.5582,0,0,2.92963,0.287573,0.36288,3.6288,61.308,0.453852,0,0,1.01923,0.159443,0.405931,0.66528,12.849,1,0.457251,0.36288,0,54.6516,3.3796,51.1777,0.84672,12.849,0.84672,3695.15,0,36.966,0.273652,0.727859,1.94997,4.07595,1.017,5.46313,0.42336,36.966,0.42336,423.524,0,1.02816,0,0,1.75602,0.727859,1.028160,1,0,57.0467,0,0,0,57.0467,0
71.0364,2.55686,0,0,2.61409,0.265799,0.36288,3.6288,61.308,0.453925,0,0,0.854876,0.189527,0.211424,0.66528,12.849,1,0.458793,0.36288,0,48.5603,3.69573,44.7686,0.84672,12.849,0.84672,3695.15,0,36.966,0.273697,0.597525,1.92152,3.70086,1.0419,4.90431,0.42336,36.966,0.42336,423.524,0,1.02816,0,0,1.62569,0.597525,1.028160,1,0,49.8843,0,0,0,49.8843,0
70.3708,2.55391,0,0,2.46019,0.208996,0.36288,3.6288,61.308,0.453999,0,0,0.850167,0.215686,0.180483,0.66528,12.849,1,0.461949,0.36288,0,45.2854,3.92637,41.26,0.84672,12.849,0.84672,3695.15,0,36.966,0.273741,0.572754,1.92165,3.68298,1.05567,4.84798,0.42336,36.966,0.42336,423.524,0,1.02816,0,0,1.60091,0.572754,1.028160,1,0,46.2885,0,0,0,46.2885,0
69.6205,2.55039,0,0,2.37089,0.20793,0.36288,3.6288,61.308,0.454073,0,0,0.849709,0.215686,0.179951,0.66528,12.849,1,0.465675,0.36288,0,43.2977,3.92637,39.2686,0.84672,12.849,0.84672,3695.15,0,36.966,0.273786,0.628923,1.92178,4.04694,1.05567,5.26819,0.42336,36.966,0.42336,423.524,0,1.02816,0,0,1.65708,0.628923,1.028160,1,0,44.7167,0,0,0,44.7167,0
68.5022,2.66711,0,0,2.0915,0.179748,0.36288,3.6288,61.2339,0.603031,0,0,0.732853,0.203973,0,0.66528,12.849,1,0.492236,0.36288,0,38.5161,3.85861,34.5281,0.84672,12.849,0.84672,3695.15,0,36.966,0.363601,0.402797,1.92191,2.97505,1.08107,3.85509,0.42336,36.966,0.42336,423.524,0,0.884451,0,0,1.28725,0.402797,1.028160,1,0,38.3832,0,0,0,38.3832,0
67.1775,2.66052,0,0,1.85583,0.157143,0.36288,3.6288,61.0598,0.6522,0,0,0.679812,0.201692,0,0.66528,12.849,1,0.499036,0.36288,0,33.9075,3.90737,29.864,0.84672,12.849,0.84672,3695.15,0,36.966,0.393724,0.402797,2.02221,2.73551,1.07719,3.6896,0.42336,36.966,0.42336,423.524,0,0.805283,0,0,1.20808,0.402797,1.028160,1,0,33.5536,0,0,0,33.5536,0
65.8047,2.65244,0,0,1.79802,0.155517,0.36288,3.6288,60.955,0.615671,0,0,0.712342,0.20147,0,0.66528,12.849,1,0.507331,0.36288,0,32.1736,3.90737,28.1218,0.84672,12.849,0.84672,3695.15,0,36.966,0.372731,0.30119,2.02234,2.83962,1.07719,3.71324,0.42336,36.966,0.42336,423.524,0,0.862929,0,0,1.16412,0.30119,1.028160,1,0,31.8351,0,0,0,31.8351,0
64.3281,2.64376,0,0,1.68385,0.153832,0.36288,3.6288,60.7297,0.681099,0,0,0.65715,0.201336,0,0.66528,12.849,1,0.51622,0.36288,0,30.156,3.90737,26.0953,0.84672,12.849,0.84672,3695.15,0,36.966,0.413051,0.30119,2.02248,2.57289,1.07719,3.40632,0.42336,36.966,0.42336,423.524,0,0.757305,0,0,1.0585,0.30119,1.028160,1,0,29.5016,0,0,0,29.5016,0
62.6383,2.63406,0,0,1.41827,0.111147,0.36288,3.6288,60.4584,0.634443,0,0,0.594354,0.231239,0,0.66528,12.849,1,0.526132,0.36288,0,26.1176,4.64146,21.3129,0.84672,12.849,0.84672,3695.15,0,36.966,0.386184,0.30119,2.02262,2.37256,1.14838,3.1618,0.42336,36.966,0.42336,423.524,0,0.830952,0,0,1.13214,0.30119,1.028160,1,0,24.4747,0,0,0,24.4747,0
60.6703,2.59897,0,0,1.09276,0.09885,0.36288,3.6288,60.1254,0.637138,0,0,0.536161,0.231947,0,0.66528,12.849,1,0.533128,0.36288,0,22.3002,4.71146,17.4185,0.84672,12.849,0.84672,3695.15,0,36.966,0.389565,0.30119,2.02275,2.08487,1.11428,2.90497,0.42336,36.966,0.42336,423.524,0,0.877202,0,0,1.17839,0.30119,1.028160,1,0,20.3235,0,0,0,20.3235,0
58.624,2.58488,0,0,0.998706,0.0972573,0.36288,3.6288,59.6605,0.734894,0,0,0.501392,0.231456,0,0.66528,12.849,1,0.547436,0.36288,0,20.9753,4.71146,16.0793,0.84672,12.849,0.84672,3695.15,0,36.966,0.42336,0.261274,2.05791,1.98393,1.11428,2.76548,0.42336,36.966,0.42336,423.524,0,0.745779,0,0,1.00705,0.261274,1.028160,1,0,18.8448,0,0,0,18.8448,0
56.5317,2.56938,0,0,0.918337,0.0783741,0.36288,3.6288,59.1271,0.734357,0,0,0.475137,0.27419,0,0.66528,12.849,1,0.563147,0.36288,0,18.7802,5.27605,13.3038,0.84672,12.849,0.84672,3695.15,0,36.966,0.42336,0.261274,2.05805,1.88898,1.32037,2.46458,0.42336,36.966,0.42336,423.524,0,0.746444,0,0,1.00772,0.261274,1.028160,1,0,15.7684,0,0,0,15.7684,0
54.413,2.55257,0,0,0.861045,0.0642694,0.36288,3.6288,58.508,0.759307,0,0,0.445994,0.305709,0,0.66528,12.849,1,0.580168,0.36288,0,16.8788,5.69951,10.9621,0.84672,12.849,0.84672,3695.15,0,36.966,0.42336,0.261274,2.05819,1.8202,1.47493,2.24137,0.42336,36.966,0.42336,423.524,0,0.721621,0,0,0.982895,0.261274,1.028160,1,0,13.2034,0,0,0,13.2034,0
52.1753,2.55154,0,0,0.734469,0.0577799,0.36288,3.6288,57.6519,1.01105,0,0,0.476886,0.321969,0,0.66528,12.849,1,0.602516,0.36288,0,18.535,5.99477,12.3006,0.84672,12.849,0.84672,3695.15,0,36.966,0.42336,0.261274,2.05833,1.7004,1.4774,2.11923,0.42336,36.966,0.42336,423.524,0,0.484894,0,0,0.746168,0.261274,1.028160,1,0,14.4198,0,0,0,14.4198,0
49.9011,2.53097,0,0,0.676106,0.0564736,0.36288,3.6288,56.7701,0.965932,0,0,0.404292,0.320195,0,0.66528,12.849,1,0.623292,0.36288,0,15.2244,5.99477,8.96919,0.84672,12.849,0.84672,3695.15,0,36.966,0.42336,0.261274,2.07392,1.64411,1.4774,2.07855,0.42336,36.966,0.42336,423.524,0,0.530142,0,0,0.791415,0.261274,1.028160,1,0,11.0477,0,0,0,11.0477,0
47.5936,2.50855,0,0,0.619081,0.055146,0.36288,3.6288,55.7791,1.04708,0,0,0.37446,0.318367,0,0.66528,12.849,1,0.645925,0.36288,0,14.4706,5.99477,8.19281,0.84672,12.849,0.84672,3695.15,0,36.966,0.42336,0.227405,2.07406,1.44515,1.4774,1.84586,0.42336,36.966,0.42336,423.524,0,0.449124,0,0,0.676529,0.227405,1.028160,1,0,10.0387,0,0,0,10.0387,0
45.3548,2.48406,0,0,0.654105,0.0459593,0.36288,3.6288,54.9758,0.911885,0,0,0.429875,0.321313,0,0.66528,12.849,1,0.67063,0.36288,0,14.1923,6.14431,7.74026,0.84672,12.849,0.84672,3695.15,0,36.966,0.42336,0.227405,2.0742,1.91176,1.50728,2.28273,0.42336,36.966,0.42336,423.524,0,0.584447,0,0,0.811852,0.227405,1.028160,1,0,10.023,0,0,0,10.023,0
42.8818,2.62262,0,0,0.558187,0.0457153,0.36288,3.6288,54.1307,0.995181,0,0,0.441564,0.291416,0,0.66528,12.849,1,0.742987,0.36288,0,14.6566,6.05271,8.22382,0.84672,12.849,0.84672,3695.15,0,36.966,0.42336,0.227405,2.07434,2.03421,1.50938,2.40322,0.42336,36.966,0.42336,423.524,0,0.666567,0,0,0.893972,0.227405,1.028160,1,0,10.627,0,0,0,10.627,0
40.2987,2.58982,0,0,0.412901,0.0432285,0.36288,3.6288,53.2417,0.995304,0,0,0.405106,0.298797,0,0.66528,12.849,1,0.776008,0.36288,0,14.3904,6.05189,7.92542,0.84672,12.849,0.84672,3695.15,0,36.966,0.42336,0.227405,2.24167,1.95584,1.50191,2.49964,0.42336,36.966,0.42336,423.524,0,0.666585,0,0,0.893989,0.227405,1.028160,1,0,10.4251,0,0,0,10.4251,0
37.7632,2.55228,0,0,0.421528,0.041938,0.36288,3.6288,52.324,1.00885,0,0,0.387971,0.296808,0,0.66528,12.849,1,0.813778,0.36288,0,13.2765,6.05189,6.7737,0.84672,12.849,0.84672,3695.15,0,36.966,0.42336,0.204422,2.24182,2.00508,1.50191,2.52605,0.42336,36.966,0.42336,423.524,0,0.653175,0,0,0.857598,0.204422,1.028160,1,0,9.29975,0,0,0,9.29975,0
35.4646,2.51956,0,0,0.628192,0.0443477,0.36288,3.6288,51.6563,0.833429,0,0,0.459318,0.293623,0,0.66528,12.849,1,0.84672,0.36288,0,17.0904,6.0222,10.5844,0.84672,12.849,0.84672,3695.15,0,36.966,0.42336,0.204422,2.24197,2.19751,1.49827,2.72227,0.42336,36.966,0.42336,423.524,0,0.82874,0,0,1.03316,0.204422,1.028160,1,0,13.3067,0,0,0,13.3067,0
33.3511,2.51979,0,0,0.828937,0.0597174,0.36288,3.6288,51.2431,0.731582,0,0,0.59622,0.277877,0,0.66528,12.849,1,0.84672,0.36288,0,26.3308,5.88216,19.9648,0.84672,12.849,0.84672,3695.15,0,36.966,0.42336,0.204422,2.24212,2.87893,1.44606,3.45606,0.42336,36.966,0.42336,423.524,0,0.930727,0,0,1.13515,0.204422,1.028160,1,0,23.4209,0,0,0,23.4209,0
31.9725,2.41729,0,0,1.45423,0.0527259,0.36288,3.6288,51.4753,0.556117,0,0,1.04802,0.25971,0,0.66528,12.849,1,0.84672,0.36288,0,27.7214,5.84367,21.3939,0.84672,12.849,0.84672,3695.15,0,36.966,0.401175,1.43139,2.24227,6.44904,1.37196,8.34957,0.42336,36.966,0.42336,423.524,0,1.02816,0,0,2.45955,1.43139,1.028160,1,0,29.7435,0,0,0,29.7435,0
29.9375,2.41751,0,0,0.797221,0.0518261,0.36288,3.6288,51.3357,0.557248,0,0,0.677919,0.2602,0,0.66528,12.849,1,0.84672,0.36288,0,35.0859,5.84367,28.7584,0.84672,12.849,0.84672,3695.15,0,36.966,0.400177,0.659526,2.14564,4.01549,1.37196,5.04852,0.42336,36.966,0.42336,423.524,0,1.02816,0,0,1.68769,0.659526,1.028160,1,0,33.8069,0,0,0,33.8069,0
27.846,2.41773,0,0,0.739652,0.0504705,0.36288,3.6288,51.2073,0.556693,0,0,0.688168,0.259905,0,0.66528,12.849,1,0.84672,0.36288,0,20.84,5.84367,14.5125,0.84672,12.849,0.84672,3695.15,0,36.966,0.400865,0.269136,2.14578,3.03448,1.37196,3.67657,0.42336,36.966,0.42336,423.524,0,1.02816,0,0,1.2973,0.269136,1.028160,1,0,18.1891,0,0,0,18.1891,0
26.9141,2.41795,0,0,1.95718,0.108276,0.36288,3.6288,51.6188,0.556187,0,0,1.23548,0.267805,0,0.66528,12.849,1,0.84672,0.36288,0,31.0631,5.28622,25.2931,0.84672,12.849,0.84672,3695.15,0,36.966,0.401505,2.27089,2.14592,8.86469,1.24826,11.6317,0.42336,36.966,0.42336,423.524,0,1.02816,0,0,3.29905,2.27089,1.028160,1,0,36.9248,0,0,0,36.9248,0
25.7294,2.33383,0,0,1.6754,0.163447,0.36288,3.6288,51.8446,0.504885,0,0,0.949665,0.218991,0,0.66528,12.849,1,0.84672,0.36288,0,35.2913,4.17829,30.6292,0.84672,12.849,0.84672,3695.15,0,36.966,0.361565,0.527101,2.14607,6.40259,1.09987,7.61433,0.42336,36.966,0.42336,423.524,0,1.02816,0,0,1.55526,0.527101,1.028160,1,0,38.2435,0,0,0,38.2435,0
24.7133,2.33404,0,0,1.84843,0.167534,0.36288,3.6288,51.6083,0.693,0,0,0.666072,0.209354,0,0.66528,12.849,1,0.84672,0.36288,0,41.4669,4.01068,36.9724,0.84672,12.849,0.84672,3695.15,0,36.966,0.42336,0.216518,2.05981,6.57806,1.08268,7.34836,0.42336,36.966,0.42336,423.524,0,0.778378,0,0,0.994896,0.216518,1.028160,1,0,44.3207,0,0,0,44.3207,0
27.3266,2.33426,0,0,5.4755,0.165116,0.36288,3.6288,53.0861,0.50499,0,0,2.19177,0.208954,0,0.66528,12.849,1,0.84672,0.36288,0,77.9471,4.01068,73.4526,0.84672,12.849,0.84672,3695.15,0,36.966,0.361714,2.48963,2.05995,11.5864,1.08268,14.6916,0.42336,36.966,0.42336,423.524,0,1.02816,0,0,3.51779,2.48963,1.028160,1,0,88.1442,0,0,0,88.1442,0
28.7577,2.33447,0,0,4.30416,0.175696,0.36288,3.6288,54.0559,0.511001,0,0,1.69438,0.213643,0,0.66528,12.849,1,0.84672,0.36288,0,88.0489,3.94928,83.6157,0.84672,12.849,0.84672,3695.15,0,36.966,0.355831,2.15558,2.06009,11.0717,1.06146,13.8701,0.42336,36.966,0.42336,423.524,0,1.02816,0,0,3.18374,2.15558,1.028160,1,0,97.4858,0,0,0,97.4858,0
32.4666,2.14359,0,0,6.41548,0.200161,0.36288,3.6288,55.5401,0.418512,0,0,2.12963,0.226936,0,0.66528,12.849,1,0.84672,0.36288,0,50.4944,4.09226,45.9183,0.84672,12.849,0.84672,3695.15,0,36.966,0.286199,2.67697,2.06023,10.5768,1.00677,14.021,0.42336,36.966,0.42336,423.524,0,1.02816,0,0,3.70513,2.67697,1.028160,1,0,59.9394,0,0,0,59.9394,0
33.0992,2.14379,0,0,3.34493,0.20565,0.36288,3.6288,55.7866,0.423174,0,0,0.897679,0.227999,0,0.66528,12.849,1,0.84672,0.36288,0,58.5581,4.47584,53.5984,0.84672,12.849,0.84672,3695.15,0,36.966,0.281653,1.41137,1.8992,5.90496,1.06121,7.87266,0.42336,36.966,0.42336,423.524,0,1.02816,0,0,2.43953,1.41137,1.028160,1,0,61.4711,0,0,0,61.4711,0
33.6866,2.15439,0,0,3.312,0.207278,0.36288,3.6288,55.9825,0.423992,0,0,0.848292,0.228368,0,0.66528,12.849,1,0.836327,0.36288,0,60.1948,4.47584,55.2455,0.84672,12.849,0.84672,3695.15,0,36.966,0.280951,1.22809,1.89933,5.14452,1.06121,6.92978,0.42336,36.966,0.42336,423.524,0,1.02816,0,0,2.25625,1.22809,1.028160,1,0,62.1753,0,0,0,62.1753,0
35.7144,2.16509,0,0,4.75982,0.204023,0.36288,3.6288,56.9142,0.424654,0,0,1.57016,0.213744,0,0.66528,12.849,1,0.825825,0.36288,0,91.8331,3.93239,87.4378,0.84672,12.849,0.84672,3695.15,0,36.966,0.280405,1.41144,1.89946,8.41018,0.938927,10.5017,0.42336,36.966,0.42336,423.524,0,1.02816,0,0,2.4396,1.41144,1.028160,1,0,97.9395,0,0,0,97.9395,0
38.634,2.19972,0,0,5.68745,0.205261,0.36288,3.6288,57.9911,0.427508,0,0,1.73099,0.226613,0,0.66528,12.849,1,0.791395,0.36288,0,116.713,4.42283,111.861,0.84672,12.849,0.84672,3695.15,0,36.966,0.277668,1.59403,1.89958,8.89661,1.08317,11.0294,0.42336,36.966,0.42336,423.524,0,1.02816,0,0,2.62219,1.59403,1.028160,1,0,122.891,0,0,0,122.891,0
40.4984,2.31507,0,0,4.77729,0.234969,0.36288,3.6288,58.5455,0.464956,0,0,1.22131,0.202002,0,0.66528,12.849,1,0.769952,0.36288,0,138.725,4.03126,134.286,0.84672,12.849,0.84672,3695.15,0,36.966,0.296382,2.51819,1.89971,12.8663,1.16826,15.8195,0.42336,36.966,0.42336,423.524,0,1.02816,0,0,3.54635,2.51819,1.028160,1,0,150.106,0,0,0,150.106,0
45.0678,2.34212,0,0,7.51452,0.240145,0.36288,3.6288,60.0317,0.466743,0,0,2.15572,0.202725,0,0.66528,12.849,1,0.743089,0.36288,0,191.829,4.03126,187.417,0.84672,12.849,0.84672,3695.15,0,36.966,0.294705,3.30473,1.9607,21.4205,1.16826,25.2229,0.42336,36.966,0.42336,423.524,0,1.02816,0,0,4.33289,3.30473,1.028160,1,0,212.64,0,0,0,212.64,0
48.4459,2.40089,0,0,6.39512,0.253186,0.36288,3.6288,61.308,0.471326,0,0,2.12374,0.204664,0.171467,0.66528,12.849,1,0.684504,0.36288,0,177.428,4.03126,173.076,0.84672,12.849,0.84672,3695.15,0,36.966,0.29023,2.76869,1.96082,14.2246,1.16826,17.4956,0.42336,36.966,0.42336,423.524,0,1.02816,0,0,3.79685,2.76869,1.028160,1,0,190.743,0,0,0,190.743,0
51.1268,2.43877,0,0,5.74532,0.262828,0.36288,3.6288,61.308,0.475163,0,0,2.02294,0.206329,1.34145,0.66528,12.849,1,0.646819,0.36288,0,164.381,4.03126,160.066,0.84672,12.849,0.84672,3695.15,0,36.966,0.286502,2.63385,1.96094,13.98,1.16826,17.12,0.42336,36.966,0.42336,423.524,0,1.02816,0,0,3.66201,2.63385,1.028160,1,0,178.527,0,0,0,178.527,0
54.1737,2.66265,0,0,6.35755,0.285106,0.36288,3.6288,61.308,0.586282,0,0,2.72881,0.195194,1.94734,0.66528,12.849,1,0.669167,0.36288,0,201.076,4.15932,196.611,0.84672,12.849,0.84672,3695.15,0,36.966,0.353502,4.1072,1.96106,19.5306,1.07361,24.1718,0.42336,36.966,0.42336,423.524,0,1.02816,0,0,5.13536,4.1072,1.028160,1,0,222.73,0,0,0,222.73,0
55.3953,2.69323,0,0,4.57517,0.297433,0.36288,3.6288,61.308,0.586357,0,0,1.92424,0.205215,1.13267,0.66528,12.849,1,0.638785,0.36288,0,138.774,4.36412,134.134,0.84672,12.849,0.84672,3695.15,0,36.966,0.353547,2.97636,2.14482,13.5442,1.11664,17.1951,0.42336,36.966,0.42336,423.524,0,1.02816,0,0,4.00452,2.97636,1.028160,1,0,152.462,0,0,0,152.462,0
57.1231,2.70483,0,0,5.09659,0.301113,0.36288,3.6288,61.308,0.586431,0,0,1.75549,0.205215,0.963846,0.66528,12.849,1,0.627389,0.36288,0,117.901,4.36412,113.273,0.84672,12.849,0.84672,3695.15,0,36.966,0.353592,2.51912,2.14495,10.5462,1.11664,13.74,0.42336,36.966,0.42336,423.524,0,1.02816,0,0,3.54728,2.51912,1.028160,1,0,127.977,0,0,0,127.977,0
57.5521,2.72049,0,0,3.83095,0.318606,0.36288,3.6288,61.308,0.586506,0,0,1.585,0.172321,0.826172,0.66528,12.849,1,0.611934,0.36288,0,128.993,3.92709,124.817,0.84672,12.849,0.84672,3695.15,0,36.966,0.353637,2.16995,2.14508,9.52655,1.0236,12.4643,0.42336,36.966,0.42336,423.524,0,1.02816,0,0,3.19811,2.16995,1.028160,1,0,138.108,0,0,0,138.108,0
59.9062,2.41828,0,0,5.43813,0.302873,0.36288,3.6288,61.308,0.430589,0,0,1.603,0.180928,0.991479,0.66528,12.849,1,0.539902,0.36288,0,138.924,4.14596,134.601,0.84672,12.849,0.84672,3695.15,0,36.966,0.259626,2.31798,2.14521,11.1891,0.995779,14.3969,0.42336,36.966,0.42336,423.524,0,1.02816,0,0,3.34614,2.31798,1.028160,1,0,149.99,0,0,0,149.99,0
61.3541,2.4359,0,0,4.54752,0.300846,0.36288,3.6288,61.308,0.430654,0,0,1.21015,0.189634,0.589865,0.66528,12.849,1,0.522465,0.36288,0,98.763,4.30342,94.3,0.84672,12.849,0.84672,3695.15,0,36.966,0.259665,1.44142,1.88198,9.73564,0.999536,11.7998,0.42336,36.966,0.42336,423.524,0,1.02816,0,0,2.46958,1.44142,1.028160,1,0,106.69,0,0,0,106.69,0
63.146,2.44624,0,0,4.90571,0.304641,0.36288,3.6288,61.308,0.430719,0,0,1.43903,0.189634,0.818673,0.66528,12.849,1,0.512301,0.36288,0,111.865,4.30342,107.412,0.84672,12.849,0.84672,3695.15,0,36.966,0.259705,1.54167,1.88209,7.91683,0.999536,10.0814,0.42336,36.966,0.42336,423.524,0,1.02816,0,0,2.56983,1.54167,1.028160,1,0,118.312,0,0,0,118.312,0
67.6608,2.45847,0,0,7.64277,0.306616,0.36288,3.6288,61.308,0.430785,0,0,2.23425,0.166726,1.63674,0.66528,12.849,1,0.500252,0.36288,0,206.819,3.94481,202.737,0.84672,12.849,0.84672,3695.15,0,36.966,0.259744,3.90445,1.88221,16.6906,0.938116,21.2794,0.42336,36.966,0.42336,423.524,0,1.02816,0,0,4.93261,3.90445,1.028160,1,0,225.653,0,0,0,225.653,0
71.0004,2.48668,0,0,6.50197,0.312847,0.36288,3.6288,61.308,0.43085,0,0,1.7777,0.153959,1.19289,0.66528,12.849,1,0.472228,0.36288,0,168.745,3.79986,164.836,0.84672,12.849,0.84672,3695.15,0,36.966,0.259784,2.85807,1.88232,12.3269,0.891748,15.9157,0.42336,36.966,0.42336,423.524,0,1.02816,0,0,3.88623,2.85807,1.028160,1,0,181.945,0,0,0,181.945,0
72.29,2.59719,0,0,4.65911,0.313163,0.459126,3.6288,61.308,0.474044,0,0,1.5085,0.164997,0.86946,0.66528,12.849,1,0.470015,0.459126,0,87.0299,4.10991,82.9091,0.84672,12.849,0.84672,3695.15,0,36.966,0.285827,2.32531,1.88244,7.81894,0.890991,10.8499,0.42336,36.966,0.42336,423.524,0,1.02816,0,0,3.35347,2.32531,1.028160,1,0,94.6284,0,0,0,94.6284,0
72.29,2.60447,0,0,4.00882,0.316258,1.0881,3.6288,61.308,0.474112,0,0,1.80363,0.164997,1.16453,0.66528,12.849,1,0.462924,1.0881,0,102.594,4.10991,99.1092,0.84672,12.849,0.84672,3695.15,0,36.966,0.285868,2.55722,1.95623,10.5224,0.890991,13.859,0.42336,36.966,0.42336,423.524,0,1.02816,0,0,3.58538,2.55722,1.028160,1,0,114.133,0,0,0,114.133,0
72.29,2.60462,0,0,4.53163,0.316258,1.61075,3.6288,61.308,0.47418,0,0,1.78152,0.164997,1.14235,0.66528,12.849,1,0.462952,1.61075,0,106.025,4.10991,103.063,0.84672,12.849,0.84672,3695.15,0,36.966,0.285909,2.09942,1.95635,10.1339,0.890991,13.0127,0.42336,36.966,0.42336,423.524,0,1.02816,0,0,3.12758,2.09942,1.028160,1,0,117.218,0,0,0,117.218,0
72.29,2.60478,0,0,3.66724,0.308713,0.753743,3.6288,61.308,0.474248,0,0,1.56158,0.164164,0.923164,0.66528,12.849,1,0.462981,0.753743,0,77.9363,4.15933,74.0677,0.84672,12.849,0.84672,3695.15,0,36.966,0.28595,2.25575,1.95647,7.38372,0.894205,10.4158,0.42336,36.966,0.42336,423.524,0,1.02816,0,0,3.28391,2.25575,1.028160,1,0,85.4066,0,0,0,85.4066,0
71.9717,2.56904,0,0,2.85644,0.242874,0.36288,3.6288,61.308,0.457561,0,0,1.42305,0.183737,0.781753,0.66528,12.849,1,0.456627,0.36288,0,60.4838,4.00754,56.3825,0.84672,12.849,0.84672,3695.15,0,36.966,0.275889,1.87444,1.95658,8.71819,1.06616,11.2072,0.42336,36.966,0.42336,423.524,0,1.02816,0,0,2.9026,1.87444,1.028160,1,0,68.3714,0,0,0,68.3714,0
72.29,2.56748,0,0,3.76428,0.242288,0.636155,3.6288,61.308,0.457628,0,0,1.58897,0.183737,0.9476,0.66528,12.849,1,0.458369,0.636155,0,66.7689,4.00754,62.9391,0.84672,12.849,0.84672,3695.15,0,36.966,0.27593,2.03819,1.92803,7.58635,1.06616,10.2105,0.42336,36.966,0.42336,423.524,0,1.02816,0,0,3.06635,2.03819,1.028160,1,0,74.0972,0,0,0,74.0972,0
72.29,2.56935,0,0,3.39433,0.21243,0.612545,3.6288,61.308,0.457695,0,0,1.54907,0.190877,0.900493,0.66528,12.849,1,0.456683,0.612545,0,72.561,4.22425,68.4926,0.84672,12.849,0.84672,3695.15,0,36.966,0.27597,1.94682,1.92815,7.15003,1.02604,9.72299,0.42336,36.966,0.42336,423.524,0,1.02816,0,0,2.97498,1.94682,1.028160,1,0,79.1161,0,0,0,79.1161,0
71.7121,2.56951,0,0,2.54413,0.189597,0.36288,3.6288,61.308,0.457762,0,0,1.3395,0.196233,0.685507,0.66528,12.849,1,0.456711,0.36288,0,54.6123,4.3868,50.1317,0.84672,12.849,0.84672,3695.15,0,36.966,0.27601,1.55298,1.92827,6.37559,0.99595,8.58487,0.42336,36.966,0.42336,423.524,0,1.02816,0,0,2.58114,1.55298,1.028160,1,0,59.4021,0,0,0,59.4021,0
70.9439,2.68829,0,0,2.47577,0.192875,0.36288,3.6288,61.308,0.51726,0,0,1.32336,0.191565,0.614537,0.66528,12.849,1,0.481674,0.36288,0,54.6669,4.54568,50.0025,0.84672,12.849,0.84672,3695.15,0,36.966,0.311885,1.52165,1.92838,6.54918,0.964277,8.72305,0.42336,36.966,0.42336,423.524,0,1.02816,0,0,2.54981,1.52165,1.028160,1,0,59.34,0,0,0,59.34,0
70.2847,2.68404,0,0,2.57409,0.186352,0.36288,3.6288,61.308,0.517331,0,0,1.1308,0.175884,0.437588,0.66528,12.849,1,0.48612,0.36288,0,58.1045,4.30693,53.6743,0.84672,12.849,0.84672,3695.15,0,36.966,0.311928,1.48425,2.02901,6.73488,0.94886,8.98735,0.42336,36.966,0.42336,423.524,0,1.02816,0,0,2.51241,1.48425,1.028160,1,0,63.0993,0,0,0,63.0993,0
69.359,2.68035,0,0,2.25727,0.139748,0.36288,3.6288,61.308,0.517402,0,0,1.05473,0.176121,0.361205,0.66528,12.849,1,0.490005,0.36288,0,49.5328,4.32296,45.0827,0.84672,12.849,0.84672,3695.15,0,36.966,0.31197,1.49955,2.02913,6.25242,0.902457,8.56667,0.42336,36.966,0.42336,423.524,0,1.02816,0,0,2.52771,1.49955,1.028160,1,0,54.0106,0,0,0,54.0106,0
68.4122,2.675,0,0,2.2299,0.138751,0.36288,3.6288,61.308,0.517472,0,0,1.13739,0.176121,0.443794,0.66528,12.849,1,0.495553,0.36288,0,48.0564,4.32296,43.6007,0.84672,12.849,0.84672,3695.15,0,36.966,0.312013,1.45326,2.02925,6.7748,0.902457,9.04284,0.42336,36.966,0.42336,423.524,0,1.02816,0,0,2.48142,1.45326,1.028160,1,0,53.0874,0,0,0,53.0874,0
67.4956,2.66939,0,0,2.25404,0.1384,0.36288,3.6288,61.308,0.517543,0,0,0.990075,0.181139,0.291393,0.66528,12.849,1,0.501357,0.36288,0,42.7593,4.36888,38.2519,0.84672,12.849,0.84672,3695.15,0,36.966,0.312055,1.08532,2.02938,5.48287,0.923044,7.36247,0.42336,36.966,0.42336,423.524,0,1.02816,0,0,2.11348,1.08532,1.028160,1,0,45.9058,0,0,0,45.9058,0
66.4152,2.9528,0,0,2.37433,0.139065,0.36288,3.6288,61.308,0.266844,0,0,0.811685,0.193683,0.351157,0.66528,12.849,1,0.562118,0.36288,0,36.2444,4.48371,31.5614,0.84672,12.849,0.84672,3695.15,0,36.966,0.160895,0.478276,2.0295,3.98588,0.974512,5.35825,0.42336,36.966,0.42336,423.524,0,1.02816,0,0,1.50644,0.478276,1.028160,1,0,37.2708,0,0,0,37.2708,0
65.4721,2.59056,0,0,2.14822,0.137882,0.36288,3.6288,61.308,0.531028,0,0,0.753296,0.193683,0.0285844,0.66528,12.849,1,0.501183,0.36288,0,32.548,4.48371,27.926,0.84672,12.849,0.84672,3695.15,0,36.966,0.320186,0.291419,1.78352,3.82282,0.974512,4.60306,0.42336,36.966,0.42336,423.524,0,1.02816,0,0,1.31958,0.291419,1.028160,1,0,32.5576,0,0,0,32.5576,0
64.4614,2.58469,0,0,2.04665,0.109766,0.36288,3.6288,61.2302,0.5311,0,0,0.712748,0.259498,0,0.66528,12.849,1,0.507249,0.36288,0,29.4859,5.33061,24.0109,0.84672,12.849,0.84672,3695.15,0,36.966,0.320229,0.297881,2.0314,3.62188,1.28365,4.34728,0.42336,36.966,0.42336,423.524,0,1.02816,0,0,1.32604,0.297881,1.028160,1,0,28.3582,0,0,0,28.3582,0
63.2329,2.57821,0,0,1.81698,0.1044,0.36288,3.6288,61.0953,0.530917,0,0,0.666429,0.270334,0,0.66528,12.849,1,0.513911,0.36288,0,26.9681,5.47176,21.3453,0.84672,12.849,0.84672,3695.15,0,36.966,0.320526,0.261619,2.03152,3.5025,1.33517,4.13995,0.42336,36.966,0.42336,423.524,0,1.02816,0,0,1.28978,0.261619,1.028160,1,0,25.4853,0,0,0,25.4853,0
62.0298,2.63005,0,0,1.88662,0.0968283,0.36288,3.6288,60.8852,0.560521,0,0,0.659294,0.308889,0,0.66528,12.849,1,0.53443,0.36288,0,30.3758,5.86974,24.3345,0.84672,12.849,0.84672,3695.15,0,36.966,0.339146,0.261274,2.03165,3.31155,1.47236,3.79296,0.42336,36.966,0.42336,423.524,0,1.02598,0,0,1.28726,0.261274,1.028160,1,0,28.1275,0,0,0,28.1275,0
60.7308,2.62162,0,0,1.78034,0.0948002,0.36288,3.6288,60.5846,0.558511,0,0,0.572793,0.314934,0,0.66528,12.849,1,0.54305,0.36288,0,26.3981,5.93607,20.2818,0.84672,12.849,0.84672,3695.15,0,36.966,0.339096,0.346818,2.08078,3.38584,1.49523,3.97912,0.42336,36.966,0.42336,423.524,0,1.02816,0,0,1.37498,0.346818,1.028160,1,0,24.2609,0,0,0,24.2609,0
59.3262,2.6122,0,0,1.66429,0.093787,0.36288,3.6288,60.2427,0.557539,0,0,0.529964,0.314334,0,0.66528,12.849,1,0.55267,0.36288,0,25.1008,5.93607,18.9749,0.84672,12.849,0.84672,3695.15,0,36.966,0.340186,0.228519,2.08091,2.97096,1.49523,3.44497,0.42336,36.966,0.42336,423.524,0,1.02816,0,0,1.25668,0.228519,1.028160,1,0,22.4199,0,0,0,22.4199,0
57.9111,2.6016,0,0,1.64194,0.0925821,0.36288,3.6288,59.946,0.556416,0,0,0.573374,0.313652,0,0.66528,12.849,1,0.56346,0.36288,0,23.2909,5.93607,17.1543,0.84672,12.849,0.84672,3695.15,0,36.966,0.341427,0.313226,2.08103,3.35981,1.49523,3.91742,0.42336,36.966,0.42336,423.524,0,1.02816,0,0,1.34139,0.313226,1.028160,1,0,21.0717,0,0,0,21.0717,0
56.2368,2.7635,0,0,1.53544,0.0834106,0.36288,3.6288,59.2785,0.837609,0,0,0.487312,0.317185,0,0.66528,12.849,1,0.61315,0.36288,0,21.0286,6.28781,14.4905,0.84672,12.849,0.84672,3695.15,0,36.966,0.42336,0.227405,2.08116,3.51415,1.55627,3.84309,0.42336,36.966,0.42336,423.524,0,0.830981,0,0,1.05839,0.227405,1.028160,1,0,18.3336,0,0,0,18.3336,0
54.4512,2.7488,0,0,1.41828,0.0921248,0.36288,3.6288,58.2287,1.14528,0,0,0.431105,0.335572,0,0.66528,12.849,1,0.628048,0.36288,0,21.6164,6.42663,14.9246,0.84672,12.849,0.84672,3695.15,0,36.966,0.42336,0.227405,2.24902,2.79258,1.55161,3.29404,0.42336,36.966,0.42336,423.524,0,0.523443,0,0,0.750848,0.227405,1.028160,1,0,18.2187,0,0,0,18.2187,0
52.386,2.73231,0,0,1.12049,0.090493,0.36288,3.6288,56.8748,1.33535,0,0,0.314689,0.333317,0,0.66528,12.849,1,0.64475,0.36288,0,22.3076,6.42663,15.5991,0.84672,12.849,0.84672,3695.15,0,36.966,0.42336,0.204422,2.24916,2.21275,1.55161,2.69136,0.42336,36.966,0.42336,423.524,0,0.333496,0,0,0.537919,0.204422,1.028160,1,0,18.2905,0,0,0,18.2905,0
50.6102,2.71206,0,0,1.38774,0.0886055,0.36288,3.6288,56.1539,0.913964,0,0,0.523533,0.330407,0,0.66528,12.849,1,0.665202,0.36288,0,19.7695,6.42663,13.0406,0.84672,12.849,0.84672,3695.15,0,36.966,0.42336,0.204422,2.2493,3.32511,1.55161,3.80387,0.42336,36.966,0.42336,423.524,0,0.755009,0,0,0.959431,0.204422,1.028160,1,0,16.8444,0,0,0,16.8444,0
48.4951,2.69361,0,0,1.02771,0.0863254,0.36288,3.6288,54.9365,1.26328,0,0,0.352877,0.307,0,0.66528,12.849,1,0.683858,0.36288,0,15.9881,5.7348,9.93228,0.84672,12.849,0.84672,3695.15,0,36.966,0.42336,0.204422,2.24944,2.98423,1.2617,3.75303,0.42336,36.966,0.42336,423.524,0,0.405823,0,0,0.610246,0.204422,1.028160,1,0,13.6853,0,0,0,13.6853,0
46.1033,2.58873,0,0,0.626513,0.0667491,0.36288,3.6288,53.3846,1.47415,0,0,0.26955,0.347265,0,0.66528,12.849,1,0.685894,0.36288,0,12.6837,6.44145,5.91923,0.84672,12.849,0.84672,3695.15,0,36.966,0.42336,0.204422,2.24957,1.61171,1.45601,2.18634,0.42336,36.966,0.42336,423.524,0,0.0943929,0,0,0.298815,0.204422,1.028160,1,0,8.10557,0,0,0,8.10557,0
43.6402,2.56105,0,0,0.619909,0.159021,0.36288,3.6288,52.0023,1.43568,0,0,0.325723,0.272392,0,0.66528,12.849,1,0.713766,0.36288,0,11.6124,4.58209,6.67944,0.84672,12.849,0.84672,3695.15,0,36.966,0.42336,0.216518,2.15261,1.83892,0.998096,2.78659,0.42336,36.966,0.42336,423.524,0,0.132985,0,0,0.349504,0.216518,1.028160,1,0,9.46603,0,0,0,9.46603,0
41.2547,2.53009,0,0,0.67148,0.16408,0.36288,3.6288,50.6967,1.42123,0,0,0.388772,0.273168,0,0.66528,12.849,1,0.744934,0.36288,0,12.7422,4.6472,7.71294,0.84672,12.849,0.84672,3695.15,0,36.966,0.42336,0.216518,2.15274,2.10787,1.03537,3.01839,0.42336,36.966,0.42336,423.524,0,0.147562,0,0,0.36408,0.216518,1.028160,1,0,10.7313,0,0,0,10.7313,0
38.9184,2.49739,0,0,0.683571,0.159596,0.36288,3.6288,49.4273,1.3966,0,0,0.397494,0.270292,0,0.66528,12.849,1,0.777827,0.36288,0,18.1155,4.6472,13.0533,0.84672,12.849,0.84672,3695.15,0,36.966,0.42336,0.216518,2.15287,2.27039,1.03537,3.18105,0.42336,36.966,0.42336,423.524,0,0.172314,0,0,0.388832,0.216518,1.028160,1,0,16.2344,0,0,0,16.2344,0
36.5072,2.39883,0,0,0.538447,0.187928,0.36288,3.6288,48.4201,1.1264,0,0,0.366121,0.246926,0,0.66528,12.849,1,0.791979,0.36288,0,16.5967,4.02957,12.1381,0.84672,12.849,0.84672,3695.15,0,36.966,0.42336,0.216518,2.153,1.89125,1.00294,2.83447,0.42336,36.966,0.42336,423.524,0,0.350958,0,0,0.567476,0.216518,1.028160,1,0,14.9725,0,0,0,14.9725,0
34.6127,2.36028,0,0,1.0241,0.195376,0.36288,3.6288,47.576,1.00901,0,0,0.401664,0.236719,0,0.66528,12.849,1,0.83072,0.36288,0,27.1344,3.78252,22.8841,0.84672,12.849,0.84672,3695.15,0,36.966,0.42336,0.216518,2.06645,2.26405,0.989972,3.13369,0.42336,36.966,0.42336,423.524,0,0.468467,0,0,0.684985,0.216518,1.028160,1,0,26.0178,0,0,0,26.0178,0
33.7126,2.34448,0,0,1.9982,0.190967,0.36288,3.6288,47.2085,0.854791,0,0,0.722321,0.235059,0,0.66528,12.849,1,0.84672,0.36288,0,38.2134,3.78252,33.9471,0.84672,12.849,0.84672,3695.15,0,36.966,0.42336,0.292723,2.06658,4.38969,0.989972,5.33566,0.42336,36.966,0.42336,423.524,0,0.622801,0,0,0.915525,0.292723,1.028160,1,0,39.2827,0,0,0,39.2827,0
32.4396,2.34467,0,0,1.62338,0.188872,0.36288,3.6288,47.3668,0.489563,0,0,0.882248,0.234337,0,0.66528,12.849,1,0.84672,0.36288,0,34.5559,3.78252,30.2896,0.84672,12.849,0.84672,3695.15,0,36.966,0.383346,0.425684,2.06671,3.98987,0.989972,5.10894,0.42336,36.966,0.42336,423.524,0,1.02816,0,0,1.45384,0.425684,1.028160,1,0,35.3985,0,0,0,35.3985,0
32.5329,2.15316,0,0,2.80075,0.191408,0.36288,3.6288,47.532,0.398927,0,0,0.782527,0.21846,0,0.66528,12.849,1,0.84672,0.36288,0,55.3235,3.78081,51.0588,0.84672,12.849,0.84672,3695.15,0,36.966,0.31133,0.450296,2.06683,5.56924,0.96425,6.81079,0.42336,36.966,0.42336,423.524,0,1.02816,0,0,1.47846,0.450296,1.028160,1,0,57.8696,0,0,0,57.8696,0
32.9814,2.15335,0,0,3.16376,0.198971,0.36288,3.6288,47.6363,0.431244,0,0,0.732732,0.197149,0,0.66528,12.849,1,0.84672,0.36288,0,73.5626,3.77853,69.3002,0.84672,12.849,0.84672,3695.15,0,36.966,0.335382,0.292723,1.90528,5.11607,0.929953,6.04874,0.42336,36.966,0.42336,423.524,0,0.971896,0,0,1.26462,0.292723,1.028160,1,0,75.349,0,0,0,75.349,0
32.5444,2.1591,0,0,2.285,0.200087,0.36288,3.6288,46.9001,0.96102,0,0,0.422083,0.197321,0,0.66528,12.849,1,0.841149,0.36288,0,41.9527,3.77853,37.6959,0.84672,12.849,0.84672,3695.15,0,36.966,0.42336,0.412474,1.9054,5.14123,0.929953,6.10579,0.42336,36.966,0.42336,423.524,0,0.354249,0,0,0.766722,0.412474,1.028160,1,0,43.8017,0,0,0,43.8017,0
33.5367,2.15371,0,0,3.73393,0.225012,0.36288,3.6288,46.8294,0.556671,0,0,0.715723,0.229714,0,0.66528,12.849,1,0.84672,0.36288,0,65.809,4.57853,60.7466,0.84672,12.849,0.84672,3695.15,0,36.966,0.42336,0.412474,1.90551,6.01106,1.17951,6.72617,0.42336,36.966,0.42336,423.524,0,0.758704,0,0,1.17118,0.412474,1.028160,1,0,67.4728,0,0,0,67.4728,0
33.6653,2.16944,0,0,2.88871,0.227804,0.36288,3.6288,46.3927,0.772846,0,0,0.565696,0.229578,0,0.66528,12.849,1,0.831181,0.36288,0,83.554,4.57853,78.5072,0.84672,12.849,0.84672,3695.15,0,36.966,0.42336,0.412474,1.90563,6.2324,1.17951,6.94763,0.42336,36.966,0.42336,423.524,0,0.542635,0,0,0.955109,0.412474,1.028160,1,0,85.4548,0,0,0,85.4548,0
35.4226,2.24808,0,0,4.54798,0.179679,0.36288,3.6288,46.6844,0.426874,0,0,0.887501,0.168869,0,0.66528,12.849,1,0.84672,0.36288,0,92.3547,2.8876,88.9832,0.84672,12.849,0.84672,3695.15,0,36.966,0.340136,0.639775,1.90574,7.92495,0.815757,9.31458,0.42336,36.966,0.42336,423.524,0,1.02816,0,0,1.66793,0.639775,1.028160,1,0,98.2978,0,0,0,98.2978,0
36.2264,2.27115,0,0,3.62134,0.183572,0.36288,3.6288,46.7434,0.489816,0,0,0.718088,0.169324,0,0.66528,12.849,1,0.823823,0.36288,0,70.9841,2.8876,67.6355,0.84672,12.849,0.84672,3695.15,0,36.966,0.38785,0.412474,1.96691,5.97031,0.815757,7.14609,0.42336,36.966,0.42336,423.524,0,0.917603,0,0,1.33008,0.412474,1.028160,1,0,74.7816,0,0,0,74.7816,0
36.2322,2.28476,0,0,2.83886,0.185353,0.36288,3.6288,46.514,0.700783,0,0,0.640812,0.169416,0,0.66528,12.849,1,0.810375,0.36288,0,40.6594,2.8876,37.3243,0.84672,12.849,0.84672,3695.15,0,36.966,0.42336,0.503194,1.96702,4.98379,0.815757,6.21488,0.42336,36.966,0.42336,423.524,0,0.671224,0,0,1.17442,0.503194,1.028160,1,0,43.5392,0,0,0,43.5392,0
36.1948,2.28499,0,0,2.81257,0.202166,0.36288,3.6288,46.2237,0.749274,0,0,0.619532,0.160503,0,0.66528,12.849,1,0.810323,0.36288,0,42.9479,3.10105,39.3994,0.84672,12.849,0.84672,3695.15,0,36.966,0.42336,0.503194,1.96713,4.89964,0.809811,6.13679,0.42336,36.966,0.42336,423.524,0,0.622832,0,0,1.12603,0.503194,1.028160,1,0,45.5362,0,0,0,45.5362,0
37.4648,2.49557,0,0,4.34685,0.218411,0.36288,3.6288,46.2756,0.525622,0,0,0.718546,0.141032,0,0.66528,12.849,1,0.84672,0.36288,0,74.1569,3.51407,70.159,0.84672,12.849,0.84672,3695.15,0,36.966,0.42035,0.77074,1.96724,6.25967,0.937848,7.63945,0.42336,36.966,0.42336,423.524,0,1.02816,0,0,1.7989,0.77074,1.028160,1,0,77.7985,0,0,0,77.7985,0
38.8971,2.49576,0,0,4.50682,0.215897,0.36288,3.6288,46.3283,0.525945,0,0,0.708886,0.130305,0,0.66528,12.849,1,0.84672,0.36288,0,96.2945,3.44306,92.3676,0.84672,12.849,0.84672,3695.15,0,36.966,0.420136,0.994568,2.15156,7.9431,0.932562,9.73653,0.42336,36.966,0.42336,423.524,0,1.02816,0,0,2.02273,0.994568,1.028160,1,0,102.104,0,0,0,102.104,0
40.6426,2.51265,0,0,4.84059,0.219539,0.36288,3.6288,46.259,0.526271,0,0,0.587413,0.130369,0,0.66528,12.849,1,0.830012,0.36288,0,74.9235,3.44306,71.0133,0.84672,12.849,0.84672,3695.15,0,36.966,0.419919,0.510028,2.15168,7.72908,0.932562,9.03831,0.42336,36.966,0.42336,423.524,0,1.02816,0,0,1.53819,0.510028,1.028160,1,0,80.0516,0,0,0,80.0516,0
41.474,2.53987,0,0,3.95821,0.224074,0.36288,3.6288,46.2441,0.525981,0,0,0.641283,0.130285,0,0.66528,12.849,1,0.802971,0.36288,0,83.7251,3.44306,79.8419,0.84672,12.849,0.84672,3695.15,0,36.966,0.420316,0.696539,2.1518,7.54877,0.932562,9.04423,0.42336,36.966,0.42336,423.524,0,1.02816,0,0,1.7247,0.696539,1.028160,1,0,88.8861,0,0,0,88.8861,0
46.7819,2.26553,0,0,8.1678,0.231464,0.36288,3.6288,47.3205,0.386567,0,0,1.62175,0.158748,0,0.66528,12.849,1,0.701882,0.36288,0,113.427,4.07479,109.013,0.84672,12.849,0.84672,3695.15,0,36.966,0.309009,2.86302,2.15191,13.0201,1.1145,16.6116,0.42336,36.966,0.42336,423.524,0,1.02816,0,0,3.89118,2.86302,1.028160,1,0,125.625,0,0,0,125.625,0
49.1067,2.32814,0,0,5.27667,0.260819,0.36288,3.6288,48.1491,0.390567,0,0,1.37473,0.155578,0,0.66528,12.849,1,0.63944,0.36288,0,94.6348,3.86064,90.4976,0.84672,12.849,0.84672,3695.15,0,36.966,0.305104,1.92745,1.88785,9.71361,1.03573,12.1881,0.42336,36.966,0.42336,423.524,0,1.02816,0,0,2.95561,1.92745,1.028160,1,0,102.686,0,0,0,102.686,0
50.7444,2.35226,0,0,4.62034,0.267525,0.36288,3.6288,49.1298,0.39359,0,0,1.53098,0.156658,0,0.66528,12.849,1,0.61548,0.36288,0,87.0342,3.86064,82.9209,0.84672,12.849,0.84672,3695.15,0,36.966,0.302175,1.80292,1.88796,8.60803,1.03573,10.961,0.42336,36.966,0.42336,423.524,0,1.02816,0,0,2.83108,1.80292,1.028160,1,0,93.8819,0,0,0,93.8819,0
56.1433,2.36824,0,0,8.4011,0.271085,0.36288,3.6288,50.8871,0.397087,0,0,2.30181,0.147432,0,0.66528,12.849,1,0.599662,0.36288,0,185.688,3.68133,181.77,0.84672,12.849,0.84672,3695.15,0,36.966,0.298774,4.1738,1.88806,16.1677,1.00502,20.9258,0.42336,36.966,0.42336,423.524,0,1.02816,0,0,5.20196,4.1738,1.028160,1,0,202.696,0,0,0,202.696,0
60.6274,2.4153,0,0,7.5428,0.280527,0.36288,3.6288,52.383,0.403118,0,0,2.02745,0.128468,0,0.66528,12.849,1,0.552767,0.36288,0,160.212,3.48756,156.535,0.84672,12.849,0.84672,3695.15,0,36.966,0.292837,3.36325,1.88816,13.5753,0.944513,17.5893,0.42336,36.966,0.42336,423.524,0,1.02816,0,0,4.39141,3.36325,1.028160,1,0,174.124,0,0,0,174.124,0
61.5414,2.53865,0,0,4.10313,0.287627,0.36288,3.6288,53.1813,0.448732,0,0,1.42879,0.181754,0,0.66528,12.849,1,0.538027,0.36288,0,76.5072,4.45956,71.8725,0.84672,12.849,0.84672,3695.15,0,36.966,0.316664,1.16775,1.88827,7.7334,1.04123,9.43152,0.42336,36.966,0.42336,423.524,0,1.02816,0,0,2.19591,1.16775,1.028160,1,0,81.304,0,0,0,81.304,0
64.9862,2.5454,0,0,6.64512,0.292014,0.36288,3.6288,54.7339,0.451594,0,0,2.19021,0.185952,0,0.66528,12.849,1,0.531446,0.36288,0,128.974,4.36705,124.439,0.84672,12.849,0.84672,3695.15,0,36.966,0.3139,2.71537,1.96227,12.7435,1.04108,16.0661,0.42336,36.966,0.42336,423.524,0,1.02816,0,0,3.74353,2.71537,1.028160,1,0,140.505,0,0,0,140.505,0
66.9821,2.56906,0,0,5.22814,0.300325,0.36288,3.6288,56.0413,0.456968,0,0,1.95238,0.188036,0,0.66528,12.849,1,0.507953,0.36288,0,99.3142,4.36705,94.8021,0.84672,12.849,0.84672,3695.15,0,36.966,0.308625,1.93438,1.96238,10.6372,1.04108,13.1843,0.42336,36.966,0.42336,423.524,0,1.02816,0,0,2.96254,1.93438,1.028160,1,0,107.986,0,0,0,107.986,0
67.882,2.58191,0,0,4.14984,0.30514,0.36288,3.6288,56.9167,0.461365,0,0,1.52637,0.189658,0,0.66528,12.849,1,0.49528,0.36288,0,77.258,4.36705,72.7586,0.84672,12.849,0.84672,3695.15,0,36.966,0.304326,1.28661,1.96249,8.03762,1.04108,9.94131,0.42336,36.966,0.42336,423.524,0,1.02816,0,0,2.31477,1.28661,1.028160,1,0,82.6999,0,0,0,82.6999,0
67.5644,2.55191,0,0,2.85537,0.25817,0.36288,3.6288,57.016,0.490809,0,0,0.781015,0.190868,0,0.66528,12.849,1,0.483036,0.36288,0,56.9875,4.03297,52.8343,0.84672,12.849,0.84672,3695.15,0,36.966,0.318768,0.528595,1.96259,4.66205,1.0303,5.80417,0.42336,36.966,0.42336,423.524,0,0.957433,0,0,1.48603,0.528595,1.028160,1,0,58.6385,0,0,0,58.6385,0
66.7142,2.55014,0,0,2.31214,0.249357,0.36288,3.6288,56.8706,0.592834,0,0,0.638479,0.191013,0,0.66528,12.849,1,0.48497,0.36288,0,45.7529,3.9773,41.6536,0.84672,12.849,0.84672,3695.15,0,36.966,0.384361,0.528595,1.93394,4.8169,1.0285,5.86658,0.42336,36.966,0.42336,423.524,0,0.789912,0,0,1.31851,0.528595,1.028160,1,0,47.5201,0,0,0,47.5201,0
65.9418,2.54509,0,0,2.38329,0.247688,0.36288,3.6288,56.7548,0.598827,0,0,0.673806,0.190832,0,0.66528,12.849,1,0.49018,0.36288,0,44.0688,3.9773,39.9642,0.84672,12.849,0.84672,3695.15,0,36.966,0.389239,0.528595,1.93405,4.15367,1.0285,5.19857,0.42336,36.966,0.42336,423.524,0,0.779138,0,0,1.30773,0.528595,1.028160,1,0,45.1627,0,0,0,45.1627,0
66.0818,2.54043,0,0,3.27505,0.231683,0.36288,3.6288,56.854,0.447604,0,0,0.741013,0.194156,0,0.66528,12.849,1,0.495012,0.36288,0,57.457,4.08565,53.2392,0.84672,12.849,0.84672,3695.15,0,36.966,0.291537,0.438644,1.93415,4.14894,1.00844,5.22176,0.42336,36.966,0.42336,423.524,0,1.02816,0,0,1.4668,0.438644,1.028160,1,0,58.461,0,0,0,58.461,0
65.0312,2.66201,0,0,2.17278,0.198493,0.36288,3.6288,56.6475,0.625115,0,0,0.620043,0.201447,0,0.66528,12.849,1,0.517602,0.36288,0,42.116,4.08624,37.8751,0.84672,12.849,0.84672,3695.15,0,36.966,0.406445,0.402797,1.93426,3.62858,1.04675,4.51243,0.42336,36.966,0.42336,423.524,0,0.831393,0,0,1.23419,0.402797,1.028160,1,0,42.3875,0,0,0,42.3875,0
63.8963,2.65517,0,0,2.03326,0.150209,0.36288,3.6288,56.2965,0.699108,0,0,0.559399,0.211296,0,0.66528,12.849,1,0.524613,0.36288,0,35.9569,4.10508,31.6901,0.84672,12.849,0.84672,3695.15,0,36.966,0.42336,0.402797,2.03518,3.15327,1.0945,4.07339,0.42336,36.966,0.42336,423.524,0,0.740586,0,0,1.14338,0.402797,1.028160,1,0,35.7635,0,0,0,35.7635,0
62.7106,2.64755,0,0,1.97358,0.14884,0.36288,3.6288,55.9674,0.712326,0,0,0.594063,0.210813,0,0.66528,12.849,1,0.532401,0.36288,0,34.2723,4.10508,29.9977,0.84672,12.849,0.84672,3695.15,0,36.966,0.42336,0.402797,2.03529,3.35443,1.0945,4.27466,0.42336,36.966,0.42336,423.524,0,0.727471,0,0,1.13027,0.402797,1.028160,1,0,34.2723,0,0,0,34.2723,0
61.4333,2.63935,0,0,1.87234,0.147409,0.36288,3.6288,55.6754,0.658947,0,0,0.577287,0.21036,0,0.66528,12.849,1,0.540785,0.36288,0,32.1895,4.10508,27.9065,0.84672,12.849,0.84672,3695.15,0,36.966,0.42336,0.30119,2.0354,3.10135,1.0945,3.92009,0.42336,36.966,0.42336,423.524,0,0.780952,0,0,1.08214,0.30119,1.028160,1,0,31.8266,0,0,0,31.8266,0
60.1552,2.63019,0,0,1.85448,0.139469,0.36288,3.6288,55.4017,0.628872,0,0,0.565288,0.210162,0,0.66528,12.849,1,0.550114,0.36288,0,31.7577,4.19799,27.3725,0.84672,12.849,0.84672,3695.15,0,36.966,0.417543,0.30119,2.03551,3.07871,1.10479,3.89307,0.42336,36.966,0.42336,423.524,0,0.816947,0,0,1.11814,0.30119,1.028160,1,0,31.2656,0,0,0,31.2656,0
59.3323,2.5551,0,0,2.1951,0.0999815,0.36288,3.6288,55.3498,0.513878,0,0,0.672987,0.211004,0,0.66528,12.849,1,0.545763,0.36288,0,43.5121,4.75545,38.5737,0.84672,12.849,0.84672,3695.15,0,36.966,0.342878,0.653331,2.03562,4.09549,1.16658,5.27499,0.42336,36.966,0.42336,423.524,0,1.02816,0,0,1.68149,0.653331,1.028160,1,0,43.8487,0,0,0,43.8487,0
58.3205,2.54902,0,0,1.99921,0.0991958,0.36288,3.6288,55.2878,0.513747,0,0,0.662757,0.210932,0,0.66528,12.849,1,0.552015,0.36288,0,42.5002,4.75545,37.5557,0.84672,12.849,0.84672,3695.15,0,36.966,0.343112,0.678871,2.03739,3.95051,1.16658,5.15708,0.42336,36.966,0.42336,423.524,0,1.02816,0,0,1.70703,0.678871,1.028160,1,0,42.7127,0,0,0,42.7127,0
57.1198,2.54131,0,0,1.8018,0.0982298,0.36288,3.6288,55.1806,0.513579,0,0,0.617188,0.210847,0,0.66528,12.849,1,0.559894,0.36288,0,39.3915,4.75545,34.439,0.84672,12.849,0.84672,3695.15,0,36.966,0.343384,0.461514,2.0375,3.76139,1.16658,4.75044,0.42336,36.966,0.42336,423.524,0,1.02816,0,0,1.48967,0.461514,1.028160,1,0,39.1895,0,0,0,39.1895,0
55.872,2.53184,0,0,1.72296,0.0761034,0.36288,3.6288,54.9874,0.513241,0,0,0.583481,0.263419,0,0.66528,12.849,1,0.569533,0.36288,0,35.5134,5.4612,29.8456,0.84672,12.849,0.84672,3695.15,0,36.966,0.343825,0.442662,2.03761,3.5737,1.42419,4.28596,0.42336,36.966,0.42336,423.524,0,1.02816,0,0,1.47082,0.442662,1.028160,1,0,34.1315,0,0,0,34.1315,0
54.389,2.58049,0,0,1.52883,0.0684559,0.36288,3.6288,54.6201,0.568696,0,0,0.48918,0.287796,0,0.66528,12.849,1,0.59344,0.36288,0,30.4341,5.70966,24.4939,0.84672,12.849,0.84672,3695.15,0,36.966,0.382313,0.261274,2.03772,2.94199,1.47841,3.38026,0.42336,36.966,0.42336,423.524,0,0.980389,0,0,1.24166,0.261274,1.028160,1,0,27.8742,0,0,0,27.8742,0
53.1325,2.56754,0,0,1.73573,0.0618309,0.36288,3.6288,54.418,0.538736,0,0,0.631122,0.294513,0,0.66528,12.849,1,0.606562,0.36288,0,40.1019,5.74927,34.1089,0.84672,12.849,0.84672,3695.15,0,36.966,0.364608,0.457125,2.08699,3.2229,1.49036,3.91205,0.42336,36.966,0.42336,423.524,0,1.02816,0,0,1.48529,0.457125,1.028160,1,0,38.021,0,0,0,38.021,0
51.7323,2.55613,0,0,1.5799,0.0610458,0.36288,3.6288,54.1064,0.537993,0,0,0.52055,0.29412,0,0.66528,12.849,1,0.618147,0.36288,0,32.3003,5.74927,26.2958,0.84672,12.849,0.84672,3695.15,0,36.966,0.365457,0.489197,2.08711,2.99481,1.49036,3.71529,0.42336,36.966,0.42336,423.524,0,1.02816,0,0,1.51736,0.489197,1.028160,1,0,30.011,0,0,0,30.011,0
50.2033,2.54287,0,0,1.43691,0.0601709,0.36288,3.6288,53.7609,0.536806,0,0,0.484784,0.293514,0,0.66528,12.849,1,0.631584,0.36288,0,30.1111,5.74927,24.0931,0.84672,12.849,0.84672,3695.15,0,36.966,0.366751,0.252703,2.08722,2.66897,1.49036,3.15178,0.42336,36.966,0.42336,423.524,0,1.02816,0,0,1.28086,0.252703,1.028160,1,0,27.2449,0,0,0,27.2449,0
48.6481,2.6965,0,0,1.55777,0.0536426,0.36288,3.6288,53.369,0.646624,0,0,0.564228,0.309512,0,0.66528,12.849,1,0.690141,0.36288,0,29.6842,5.95284,23.4041,0.84672,12.849,0.84672,3695.15,0,36.966,0.42336,0.523385,2.08734,3.62342,1.51431,4.29647,0.42336,36.966,0.42336,423.524,0,1.02816,0,0,1.55155,0.523385,1.028160,1,0,27.7006,0,0,0,27.7006,0
47.0852,2.6792,0,0,1.52488,0.0456586,0.36288,3.6288,52.9123,0.646739,0,0,0.516988,0.326968,0,0.66528,12.849,1,0.707633,0.36288,0,27.9984,6.3168,21.3368,0.84672,12.849,0.84672,3695.15,0,36.966,0.42336,0.364591,2.25568,2.92035,1.56027,3.55699,0.42336,36.966,0.42336,423.524,0,1.02816,0,0,1.39275,0.364591,1.028160,1,0,24.8938,0,0,0,24.8938,0
45.69,2.66089,0,0,1.67348,0.0448854,0.36288,3.6288,52.578,0.646854,0,0,0.638399,0.325777,0,0.66528,12.849,1,0.726125,0.36288,0,36.0081,6.3168,29.328,0.84672,12.849,0.84672,3695.15,0,36.966,0.42336,0.70219,2.25581,3.18578,1.56027,4.16014,0.42336,36.966,0.42336,423.524,0,1.02816,0,0,1.73035,0.70219,1.028160,1,0,33.4882,0,0,0,33.4882,0
43.9836,2.64373,0,0,1.3444,0.0441952,0.36288,3.6288,52.0366,0.678255,0,0,0.461748,0.324906,0,0.66528,12.849,1,0.743472,0.36288,0,35.1857,6.3168,28.4883,0.84672,12.849,0.84672,3695.15,0,36.966,0.42336,0.204422,2.25593,2.55745,1.56027,3.03417,0.42336,36.966,0.42336,423.524,0,0.996875,0,0,1.2013,0.204422,1.028160,1,0,31.5225,0,0,0,31.5225,0
42.6302,2.62155,0,0,1.67432,0.043351,0.36288,3.6288,51.8552,0.647084,0,0,0.789212,0.323494,0,0.66528,12.849,1,0.765837,0.36288,0,32.1354,6.3168,25.4157,0.84672,12.849,0.84672,3695.15,0,36.966,0.42336,1.24424,2.25605,3.95432,1.56027,5.47098,0.42336,36.966,0.42336,423.524,0,1.02816,0,0,2.2724,1.24424,1.028160,1,0,30.8867,0,0,0,30.8867,0
41.1099,2.52359,0,0,1.43807,0.0719022,0.36288,3.6288,51.856,0.566056,0,0,0.859041,0.292216,0,0.66528,12.849,1,0.760625,0.36288,0,48.5449,5.8904,42.2567,0.84672,12.849,0.84672,3695.15,0,36.966,0.403524,1.1228,2.25618,3.20412,1.46667,4.7129,0.42336,36.966,0.42336,423.524,0,1.02816,0,0,2.15096,1.1228,1.028160,1,0,46.9696,0,0,0,46.9696,0
39.3668,2.50229,0,0,1.19269,0.0706351,0.36288,3.6288,51.6011,0.566124,0,0,0.603411,0.292218,0,0.66528,12.849,1,0.782099,0.36288,0,40.4505,5.8904,34.1409,0.84672,12.849,0.84672,3695.15,0,36.966,0.403566,0.789229,2.15892,2.90658,1.46667,3.98449,0.42336,36.966,0.42336,423.524,0,1.02816,0,0,1.81739,0.789229,1.028160,1,0,38.1254,0,0,0,38.1254,0
37.6696,2.47632,0,0,1.24109,0.0990197,0.36288,3.6288,51.3528,0.565026,0,0,0.582206,0.265436,0,0.66528,12.849,1,0.808252,0.36288,0,32.3577,5.50131,26.411,0.84672,12.849,0.84672,3695.15,0,36.966,0.404774,0.689368,2.15903,3.82025,1.30006,4.96381,0.42336,36.966,0.42336,423.524,0,1.02816,0,0,1.71753,0.689368,1.028160,1,0,31.3748,0,0,0,31.3748,0
38.8793,2.4493,0,0,4.08148,0.0595961,0.36288,3.6288,51.6038,0.563952,0,0,1.10245,0.287554,0,0.66528,12.849,1,0.83545,0.36288,0,42.9984,6.11048,36.4154,0.84672,12.849,0.84672,3695.15,0,36.966,0.405957,2.13531,2.15915,8.94516,1.28453,11.5491,0.42336,36.966,0.42336,423.524,0,1.02816,0,0,3.16347,2.13531,1.028160,1,0,47.9645,0,0,0,47.9645,0
40.2757,2.4052,0,0,4.29869,0.134203,0.36288,3.6288,51.7021,0.511601,0,0,0.808725,0.198783,0,0.66528,12.849,1,0.794879,0.36288,0,79.1585,4.69562,74.0309,0.84672,12.849,0.84672,3695.15,0,36.966,0.366482,1.26808,2.15927,6.72296,1.08144,8.70238,0.42336,36.966,0.42336,423.524,0,1.02816,0,0,2.29624,1.26808,1.028160,1,0,82.7332,0,0,0,82.7332,0
40.9619,2.42622,0,0,3.61785,0.142585,0.36288,3.6288,51.6041,0.512069,0,0,0.616486,0.202441,0,0.66528,12.849,1,0.774028,0.36288,0,55.3968,4.45473,50.5309,0.84672,12.849,0.84672,3695.15,0,36.966,0.366119,0.819755,2.07246,6.50832,1.18437,7.85004,0.42336,36.966,0.42336,423.524,0,1.02816,0,0,1.84791,0.819755,1.028160,1,0,58.381,0,0,0,58.381,0
41.9723,2.43623,0,0,3.95329,0.143751,0.36288,3.6288,51.988,0.511724,0,0,1.09787,0.202281,0,0.66528,12.849,1,0.7642,0.36288,0,57.5493,4.45473,52.6933,0.84672,12.849,0.84672,3695.15,0,36.966,0.366568,1.40736,2.07257,6.94374,1.18437,8.87273,0.42336,36.966,0.42336,423.524,0,1.02816,0,0,2.43552,1.40736,1.028160,1,0,61.566,0,0,0,61.566,0
42.4542,2.45045,0,0,3.45629,0.161078,0.36288,3.6288,52.3442,0.513367,0,0,1.07832,0.208681,0,0.66528,12.849,1,0.750156,0.36288,0,58.2664,3.98085,53.8983,0.84672,12.849,0.84672,3695.15,0,36.966,0.365029,1.20844,2.07268,7.30747,1.08358,9.13999,0.42336,36.966,0.42336,423.524,0,1.02816,0,0,2.2366,1.20844,1.028160,1,0,63.0383,0,0,0,63.0383,0
46.0986,2.30953,0,0,6.49889,0.182074,0.36288,3.6288,53.2211,0.419212,0,0,1.49041,0.194291,0,0.66528,12.849,1,0.698993,0.36288,0,107.927,3.76623,103.824,0.84672,12.849,0.84672,3695.15,0,36.966,0.296052,2.44697,2.0728,10.8886,0.983129,14.1292,0.42336,36.966,0.42336,423.524,0,1.02816,0,0,3.47513,2.44697,1.028160,1,0,117.953,0,0,0,117.953,0
50.5082,2.35288,0,0,7.33681,0.211448,0.36288,3.6288,54.2346,0.422147,0,0,1.58258,0.146991,0,0.66528,12.849,1,0.655814,0.36288,0,118.714,4.1182,114.302,0.84672,12.849,0.84672,3695.15,0,36.966,0.293213,2.55019,1.91077,10.5495,0.920987,13.7963,0.42336,36.966,0.42336,423.524,0,1.02816,0,0,3.57835,2.55019,1.028160,1,0,128.099,0,0,0,128.099,0
55.249,2.39865,0,0,7.72416,0.221815,0.36288,3.6288,55.8752,0.425463,0,0,2.21418,0.148102,0,0.66528,12.849,1,0.610203,0.36288,0,138.511,4.1182,134.146,0.84672,12.849,0.84672,3695.15,0,36.966,0.289993,3.64458,1.91087,13.3556,0.920987,17.7001,0.42336,36.966,0.42336,423.524,0,1.02816,0,0,4.67274,3.64458,1.028160,1,0,151.846,0,0,0,151.846,0
57.9986,2.44127,0,0,5.78828,0.234593,0.36288,3.6288,56.853,0.430645,0,0,1.58145,0.172986,0,0.66528,12.849,1,0.567754,0.36288,0,128.307,4.47951,123.623,0.84672,12.849,0.84672,3695.15,0,36.966,0.284907,2.50633,1.91098,10.2202,1.06349,13.2891,0.42336,36.966,0.42336,423.524,0,1.02816,0,0,3.53449,2.50633,1.028160,1,0,136.912,0,0,0,136.912,0
62.9153,2.46344,0,0,7.96674,0.223714,0.36288,3.6288,58.3699,0.433672,0,0,2.16971,0.219188,0,0.66528,12.849,1,0.54575,0.36288,0,126.255,4.9182,121.154,0.84672,12.849,0.84672,3695.15,0,36.966,0.281975,3.46513,1.91108,12.9629,1.41607,16.641,0.42336,36.966,0.42336,423.524,0,1.02816,0,0,4.49329,3.46513,1.028160,1,0,137.795,0,0,0,137.795,0
62.0224,2.57727,0,0,2.2976,0.250379,0.36288,3.6288,58.5454,0.472738,0,0,0.876544,0.228238,0,0.66528,12.849,1,0.526348,0.36288,0,49.5393,4.81611,44.5597,0.84672,12.849,0.84672,3695.15,0,36.966,0.299388,0.858591,1.91119,5.62583,1.27865,6.81757,0.42336,36.966,0.42336,423.524,0,1.02816,0,0,1.88675,0.858591,1.028160,1,0,51.3772,0,0,0,51.3772,0
62.4253,2.57112,0,0,3.58963,0.252669,0.36288,3.6288,58.7006,0.473342,0,0,0.857252,0.228711,0,0.66528,12.849,1,0.532652,0.36288,0,64.4458,4.80196,59.474,0.84672,12.849,0.84672,3695.15,0,36.966,0.298872,0.898068,1.97252,12.5206,1.24491,13.8474,0.42336,36.966,0.42336,423.524,0,1.02816,0,0,1.92623,0.898068,1.028160,1,0,73.3214,0,0,0,73.3214,0
66.8307,2.5741,0,0,7.59847,0.256143,0.36288,3.6288,59.7357,0.473881,0,0,1.73448,0.225489,0,0.66528,12.849,1,0.529826,0.36288,0,194.381,4.61014,189.604,0.84672,12.849,0.84672,3695.15,0,36.966,0.298421,3.25541,1.97262,11.0259,1.19327,14.7622,0.42336,36.966,0.42336,423.524,0,1.02816,0,0,4.28357,3.25541,1.028160,1,0,204.366,0,0,0,204.366,0
66.9003,2.60352,0,0,3.30828,0.272227,0.36288,3.6288,60.1018,0.477129,0,0,1.0615,0.218304,0,0.66528,12.849,1,0.500557,0.36288,0,81.9348,4.13059,77.6666,0.84672,12.849,0.84672,3695.15,0,36.966,0.29526,1.39185,1.97271,5.72845,1.06417,7.73358,0.42336,36.966,0.42336,423.524,0,1.02816,0,0,2.42001,1.39185,1.028160,1,0,85.4002,0,0,0,85.4002,0
66.9331,2.81171,0,0,3.47973,0.272384,0.36288,3.6288,60.2166,0.589175,0,0,0.944257,0.240261,0,0.66528,12.849,1,0.540023,0.36288,0,78.0271,4.09059,73.7594,0.84672,12.849,0.84672,3695.15,0,36.966,0.362376,0.898923,1.97281,5.60276,1.17163,6.94049,0.42336,36.966,0.42336,423.524,0,1.02816,0,0,1.92708,0.898923,1.028160,1,0,80.6999,0,0,0,80.6999,0
67.2875,2.81207,0,0,3.80182,0.272464,0.36288,3.6288,60.4426,0.589662,0,0,1.08469,0.269053,0,0.66528,12.849,1,0.539828,0.36288,0,112.635,4.03725,108.421,0.84672,12.849,0.84672,3695.15,0,36.966,0.361984,1.46732,2.15764,7.71431,1.3149,9.66239,0.42336,36.966,0.42336,423.524,0,1.02816,0,0,2.49548,1.46732,1.028160,1,0,118.084,0,0,0,118.084,0
68.6721,2.8146,0,0,4.84053,0.278416,0.36288,3.6288,61.2005,0.590562,0,0,1.61079,0.262329,0,0.66528,12.849,1,0.537466,0.36288,0,146.845,4.01439,142.656,0.84672,12.849,0.84672,3695.15,0,36.966,0.361181,2.18592,2.15774,12.1701,1.29391,14.8587,0.42336,36.966,0.42336,423.524,0,1.02816,0,0,3.21408,2.18592,1.028160,1,0,157.514,0,0,0,157.514,0
70.9413,2.82386,0,0,5.74872,0.292817,0.36288,3.6288,61.308,0.593411,0,0,1.66013,0.220865,0.738358,0.66528,12.849,1,0.528363,0.36288,0,151.938,3.72099,148.051,0.84672,12.849,0.84672,3695.15,0,36.966,0.358429,4.17461,2.15785,16.9233,1.06013,21.8372,0.42336,36.966,0.42336,423.524,0,1.02816,0,0,5.20277,4.17461,1.028160,1,0,170.627,0,0,0,170.627,0
71.3513,2.51941,0,0,3.60276,0.310492,0.36288,3.6288,61.308,0.436946,0,0,1.31865,0.222957,0.658743,0.66528,12.849,1,0.456319,0.36288,0,106.385,3.18108,103.111,0.84672,12.849,0.84672,3695.15,0,36.966,0.263459,2.42596,2.15795,8.11154,0.919834,11.5122,0.42336,36.966,0.42336,423.524,0,1.02816,0,0,3.45412,2.42596,1.028160,1,0,115.282,0,0,0,115.282,0
70.588,2.52175,0,0,2.44951,0.328174,0.36288,3.6288,61.308,0.436998,0,0,1.18361,0.225546,0.521067,0.66528,12.849,1,0.454119,0.36288,0,77.5777,2.4612,75.0253,0.84672,12.849,0.84672,3695.15,0,36.966,0.26349,1.22715,1.89314,6.40925,0.732779,8.53326,0.42336,36.966,0.42336,423.524,0,1.02816,0,0,2.25531,1.22715,1.028160,1,0,84.0796,0,0,0,84.0796,0
72.29,2.51772,0,0,5.20259,0.323217,0.659619,3.6288,61.308,0.437051,0,0,1.93487,0.242205,1.25561,0.66528,12.849,1,0.458296,0.659619,0,81.616,2.83143,78.9859,0.84672,12.849,0.84672,3695.15,0,36.966,0.263522,2.80802,1.89323,13.6924,0.833697,17.2964,0.42336,36.966,0.42336,423.524,0,1.02816,0,0,3.83618,2.80802,1.028160,1,0,97.538,0,0,0,97.538,0
72.29,2.527,0,0,4.71447,0.290287,1.89718,3.6288,61.308,0.437103,0,0,1.73534,0.255916,1.04232,0.66528,12.849,1,0.449156,1.89718,0,134.984,4.10703,132.325,0.84672,12.849,0.84672,3695.15,0,36.966,0.263554,2.47079,1.89332,12.5666,1.11805,15.5491,0.42336,36.966,0.42336,423.524,0,1.02816,0,0,3.49895,2.47079,1.028160,1,0,148.917,0,0,0,148.917,0
72.29,2.52713,0,0,3.71353,0.27559,0.910816,3.6288,61.308,0.437156,0,0,1.53706,0.223177,0.876732,0.66528,12.849,1,0.449178,0.910816,0,155.02,4.21584,151.266,0.84672,12.849,0.84672,3695.15,0,36.966,0.263585,1.8867,1.89342,8.44111,1.0466,10.911,0.42336,36.966,0.42336,423.524,0,1.02816,0,0,2.91486,1.8867,1.028160,1,0,163.053,0,0,0,163.053,0
72.29,2.61959,0,0,3.57265,0.326152,0.626907,3.6288,61.308,0.48059,0,0,0.969805,0.204548,0.284668,0.66528,12.849,1,0.465612,0.626907,0,94.3626,3.66075,90.8632,0.84672,12.849,0.84672,3695.15,0,36.966,0.289774,1.93235,1.89351,9.84779,0.876956,12.5069,0.42336,36.966,0.42336,423.524,0,1.02816,0,0,2.96051,1.93235,1.028160,1,0,103.655,0,0,0,103.655,0
72.29,2.61972,0,0,4.00727,0.325423,1.06213,3.6288,61.308,0.480644,0,0,1.92122,0.199157,1.24142,0.66528,12.849,1,0.465635,1.06213,0,96.8544,3.65295,93.7979,0.84672,12.849,0.84672,3695.15,0,36.966,0.289807,3.356,1.96771,10.327,0.855887,14.5051,0.42336,36.966,0.42336,423.524,0,1.02816,0,0,4.38416,3.356,1.028160,1,0,109.544,0,0,0,109.544,0
72.29,2.61984,0,0,3.38615,0.325423,0.440878,3.6288,61.308,0.480699,0,0,2.10031,0.199157,1.42046,0.66528,12.849,1,0.465658,0.440878,0,117.805,3.65295,114.127,0.84672,12.849,0.84672,3695.15,0,36.966,0.28984,4.39788,1.9678,12.9439,0.855887,18.1639,0.42336,36.966,0.42336,423.524,0,1.02816,0,0,5.42604,4.39788,1.028160,1,0,133.711,0,0,0,133.711,0
71.4573,2.61997,0,0,2.46982,0.319641,0.36288,3.6288,61.308,0.480753,0,0,1.46113,0.183357,0.797017,0.66528,12.849,1,0.46568,0.36288,0,105.441,3.22128,102.117,0.84672,12.849,0.84672,3695.15,0,36.966,0.289873,3.00054,1.9679,8.5263,0.7955,12.4094,0.42336,36.966,0.42336,423.524,0,1.02816,0,0,4.0287,3.00054,1.028160,1,0,115.323,0,0,0,115.323,0
71.0968,2.57945,0,0,2.84742,0.265573,0.36288,3.6288,61.308,0.463956,0,0,1.39521,0.190962,0.740295,0.66528,12.849,1,0.463821,0.36288,0,80.6812,3.5998,76.9804,0.84672,12.849,0.84672,3695.15,0,36.966,0.279745,3.02694,1.96799,7.81963,0.893817,11.641,0.42336,36.966,0.42336,423.524,0,1.02816,0,0,4.0551,3.02694,1.028160,1,0,89.3617,0,0,0,89.3617,0
70.5168,2.57759,0,0,2.61028,0.24981,0.36288,3.6288,61.308,0.46401,0,0,1.14216,0.209805,0.46835,0.66528,12.849,1,0.465835,0.36288,0,64.1819,4.18288,59.8961,0.84672,12.849,0.84672,3695.15,0,36.966,0.279777,2.68476,1.93925,6.68975,0.993531,10.0405,0.42336,36.966,0.42336,423.524,0,1.02816,0,0,3.71292,2.68476,1.028160,1,0,70.4049,0,0,0,70.4049,0
69.4931,2.57447,0,0,2.16229,0.248701,0.36288,3.6288,61.308,0.464064,0,0,1.04258,0.209805,0.368712,0.66528,12.849,1,0.469099,0.36288,0,55.4097,4.18288,51.1206,0.84672,12.849,0.84672,3695.15,0,36.966,0.27981,2.37058,1.93934,5.93487,0.993531,8.97145,0.42336,36.966,0.42336,423.524,0,1.02816,0,0,3.39874,2.37058,1.028160,1,0,60.4608,0,0,0,60.4608,0
68.2656,2.56876,0,0,1.95086,0.246742,0.36288,3.6288,61.308,0.464118,0,0,0.891631,0.209805,0.217708,0.66528,12.849,1,0.474954,0.36288,0,53.8574,4.18288,49.5624,0.84672,12.849,0.84672,3695.15,0,36.966,0.279842,1.54303,1.93944,6.04711,0.993531,8.25621,0.42336,36.966,0.42336,423.524,0,1.02816,0,0,2.57119,1.54303,1.028160,1,0,58.0363,0,0,0,58.0363,0
67.3564,2.68322,0,0,2.36789,0.230908,0.36288,3.6288,61.308,0.523945,0,0,1.02582,0.219654,0.28222,0.66528,12.849,1,0.505038,0.36288,0,59.3213,4.42081,54.7583,0.84672,12.849,0.84672,3695.15,0,36.966,0.315916,1.8507,1.93953,6.17982,0.993058,8.66108,0.42336,36.966,0.42336,423.524,0,1.02816,0,0,2.87886,1.8507,1.028160,1,0,63.7016,0,0,0,63.7016,0
66.2226,2.67763,0,0,2.10197,0.195338,0.36288,3.6288,61.308,0.524002,0,0,0.967317,0.237293,0.206022,0.66528,12.849,1,0.510787,0.36288,0,53.0769,4.8096,48.1194,0.84672,12.849,0.84672,3695.15,0,36.966,0.31595,1.72126,2.04071,5.71036,1.00106,8.15532,0.42336,36.966,0.42336,423.524,0,1.02816,0,0,2.74942,1.72126,1.028160,1,0,56.4807,0,0,0,56.4807,0
64.8823,2.67043,0,0,1.84197,0.148914,0.36288,3.6288,61.308,0.524059,0,0,0.769902,0.230547,0.015296,0.66528,12.849,1,0.518137,0.36288,0,45.9452,4.61958,41.1703,0.84672,12.849,0.84672,3695.15,0,36.966,0.315984,1.67413,2.04081,5.21749,0.963838,7.65261,0.42336,36.966,0.42336,423.524,0,1.02816,0,0,2.70229,1.67413,1.028160,1,0,48.8383,0,0,0,48.8383,0
63.4804,2.66163,0,0,1.76271,0.140143,0.36288,3.6288,61.308,0.524116,0,0,0.809508,0.232332,0.05306,0.66528,12.849,1,0.527097,0.36288,0,43.1685,4.67376,38.3306,0.84672,12.849,0.84672,3695.15,0,36.966,0.316018,1.65898,2.04091,5.43557,0.953809,7.86564,0.42336,36.966,0.42336,423.524,0,1.02816,0,0,2.68714,1.65898,1.028160,1,0,46.2493,0,0,0,46.2493,0
62.0108,2.65208,0,0,1.68394,0.138564,0.36288,3.6288,61.308,0.524172,0,0,0.81292,0.232332,0.0564161,0.66528,12.849,1,0.536804,0.36288,0,40.5595,4.67376,35.7118,0.84672,12.849,0.84672,3695.15,0,36.966,0.316053,1.54062,2.04101,5.22669,0.953809,7.53846,0.42336,36.966,0.42336,423.524,0,1.02816,0,0,2.56878,1.54062,1.028160,1,0,43.3067,0,0,0,43.3067,0
60.6979,2.57554,0,0,1.77073,0.145245,0.36288,3.6288,61.0724,0.537648,0,0,0.559144,0.257071,0,0.66528,12.849,1,0.533667,0.36288,0,33.7051,5.14195,28.3923,0.84672,12.849,0.84672,3695.15,0,36.966,0.324178,0.33016,2.04111,3.82702,1.20247,4.67164,0.42336,36.966,0.42336,423.524,0,1.02816,0,0,1.35832,0.33016,1.028160,1,0,33.064,0,0,0,33.064,0
59.3645,2.56614,0,0,1.66844,0.0727498,0.36288,3.6288,60.8123,0.536927,0,0,0.562471,0.285701,0,0.66528,12.849,1,0.54322,0.36288,0,31.5331,5.36634,25.9864,0.84672,12.849,0.84672,3695.15,0,36.966,0.324992,0.315239,2.04287,3.86834,1.26912,4.63234,0.42336,36.966,0.42336,423.524,0,1.02816,0,0,1.3434,0.315239,1.028160,1,0,30.6187,0,0,0,30.6187,0
57.9137,2.55623,0,0,1.54015,0.0719212,0.36288,3.6288,60.5475,0.536119,0,0,0.556613,0.285231,0,0.66528,12.849,1,0.553277,0.36288,0,28.8326,5.36634,23.2759,0.84672,12.849,0.84672,3695.15,0,36.966,0.325891,0.287099,2.04297,3.54912,1.26912,4.28418,0.42336,36.966,0.42336,423.524,0,1.02816,0,0,1.31526,0.287099,1.028160,1,0,27.5601,0,0,0,27.5601,0
56.3744,2.54501,0,0,1.43954,0.0708581,0.36288,3.6288,60.2875,0.535291,0,0,0.559965,0.284752,0,0.66528,12.849,1,0.564648,0.36288,0,26.8066,5.36634,21.2384,0.84672,12.849,0.84672,3695.15,0,36.966,0.326811,0.345807,2.04307,3.4307,1.26912,4.22365,0.42336,36.966,0.42336,423.524,0,1.02816,0,0,1.37397,0.345807,1.028160,1,0,25.4621,0,0,0,25.4621,0
54.7608,2.59168,0,0,1.4161,0.0751791,0.36288,3.6288,59.8291,0.624011,0,0,0.451157,0.285547,0,0.66528,12.849,1,0.590703,0.36288,0,25.4903,5.6307,19.6318,0.84672,12.849,0.84672,3695.15,0,36.966,0.38262,0.261274,2.04317,2.98399,1.38642,3.51939,0.42336,36.966,0.42336,423.524,0,0.929915,0,0,1.19119,0.261274,1.028160,1,0,23.1512,0,0,0,23.1512,0
53.1366,2.57771,0,0,1.39433,0.0779517,0.36288,3.6288,59.2517,0.669755,0,0,0.3781,0.28566,0,0.66528,12.849,1,0.604831,0.36288,0,24.2952,5.82897,18.2243,0.84672,12.849,0.84672,3695.15,0,36.966,0.413815,0.261274,2.09255,2.82771,1.47439,3.29333,0.42336,36.966,0.42336,423.524,0,0.85307,0,0,1.11434,0.261274,1.028160,1,0,21.5177,0,0,0,21.5177,0
51.3499,2.56295,0,0,1.21584,0.076677,0.36288,3.6288,58.5599,0.763803,0,0,0.35655,0.284607,0,0.66528,12.849,1,0.619748,0.36288,0,23.0179,5.82897,16.9321,0.84672,12.849,0.84672,3695.15,0,36.966,0.42336,0.261274,2.09266,2.70191,1.47439,3.15809,0.42336,36.966,0.42336,423.524,0,0.749572,0,0,1.01085,0.261274,1.028160,1,0,20.0902,0,0,0,20.0902,0
49.4913,2.54582,0,0,1.12128,0.0712001,0.36288,3.6288,57.8497,0.774697,0,0,0.350423,0.285891,0,0.66528,12.849,1,0.637027,0.36288,0,21.7153,5.90375,15.5374,0.84672,12.849,0.84672,3695.15,0,36.966,0.42336,0.227405,2.09276,2.67734,1.48933,3.08481,0.42336,36.966,0.42336,423.524,0,0.738772,0,0,0.966177,0.227405,1.028160,1,0,18.6222,0,0,0,18.6222,0
47.3129,2.69572,0,0,0.946184,0.0659921,0.36288,3.6288,56.9224,0.979188,0,0,0.337679,0.285818,0,0.66528,12.849,1,0.699866,0.36288,0,20.2075,6.00438,13.8661,0.84672,12.849,0.84672,3695.15,0,36.966,0.42336,0.227405,2.09286,2.51464,1.43017,2.98138,0.42336,36.966,0.42336,423.524,0,0.701136,0,0,0.928541,0.227405,1.028160,1,0,16.8475,0,0,0,16.8475,0
45.3196,2.67051,0,0,1.10487,0.0648267,0.36288,3.6288,55.7004,1.16234,0,0,0.248458,0.308101,0,0.66528,12.849,1,0.725243,0.36288,0,18.0789,6.04369,11.6729,0.84672,12.849,0.84672,3695.15,0,36.966,0.42336,0.227405,2.26164,1.70599,1.4739,2.29778,0.42336,36.966,0.42336,423.524,0,0.518089,0,0,0.745494,0.227405,1.028160,1,0,13.9707,0,0,0,13.9707,0
43.46,2.64578,0,0,1.21255,0.063406,0.36288,3.6288,54.7198,0.981726,0,0,0.306807,0.305653,0,0.66528,12.849,1,0.750133,0.36288,0,23.2508,6.04369,16.8199,0.84672,12.849,0.84672,3695.15,0,36.966,0.42336,0.227405,2.26175,1.86105,1.4739,2.45294,0.42336,36.966,0.42336,423.524,0,0.698803,0,0,0.926208,0.227405,1.028160,1,0,19.2728,0,0,0,19.2728,0
41.388,2.62114,0,0,0.974108,0.0620807,0.36288,3.6288,53.396,1.24203,0,0,0.221911,0.303689,0,0.66528,12.849,1,0.774943,0.36288,0,22.7199,6.04369,16.2642,0.84672,12.849,0.84672,3695.15,0,36.966,0.42336,0.204422,2.26186,1.49399,1.4739,2.06302,0.42336,36.966,0.42336,423.524,0,0.438598,0,0,0.64302,0.204422,1.028160,1,0,18.3272,0,0,0,18.3272,0
39.586,2.59166,0,0,1.21314,0.0606039,0.36288,3.6288,52.8056,0.668817,0,0,0.37928,0.300865,0,0.66528,12.849,1,0.804587,0.36288,0,20.7503,6.04369,14.2649,0.84672,12.849,0.84672,3695.15,0,36.966,0.42336,0.204422,2.26197,2.31002,1.4739,2.87915,0.42336,36.966,0.42336,423.524,0,1.01192,0,0,1.21634,0.204422,1.028160,1,0,17.1441,0,0,0,17.1441,0
37.8493,2.4859,0,0,1.10799,-0.00407981,0.36288,3.6288,52.0071,0.70241,0,0,0.25079,0.346922,0,0.66528,12.849,1,0.806884,0.36288,0,20.3455,6.48784,13.4136,0.84672,12.849,0.84672,3695.15,0,36.966,0.42336,0.204422,2.26208,1.51991,1.68457,1.87849,0.42336,36.966,0.42336,423.524,0,0.877185,0,0,1.08161,0.204422,1.028160,1,0,15.2921,0,0,0,15.2921,0
36.0196,2.45838,0,0,1.07353,0.0820378,0.36288,3.6288,51.4342,0.588192,0,0,0.284442,0.269083,0,0.66528,12.849,1,0.834565,0.36288,0,18.7113,4.36821,13.8714,0.84672,12.849,0.84672,3695.15,0,36.966,0.41808,0.204422,2.16455,1.44391,1.17147,2.22333,0.42336,36.966,0.42336,423.524,0,0.99678,0,0,1.2012,0.204422,1.028160,1,0,16.0947,0,0,0,16.0947,0
34.3832,2.42725,0,0,1.24483,0.0910504,0.36288,3.6288,50.9635,0.567282,0,0,0.369116,0.272542,0,0.66528,12.849,1,0.865856,0.36288,0,19.6531,4.44958,14.7006,0.84672,12.849,0.84672,3695.15,0,36.966,0.407708,0.432855,2.16466,1.99123,1.21807,2.96296,0.42336,36.966,0.42336,423.524,0,1.02816,0,0,1.46102,0.432855,1.028160,1,0,17.6636,0,0,0,17.6636,0
32.7408,2.39737,0,0,1.20711,0.0892651,0.36288,3.6288,50.4943,0.565156,0,0,0.367427,0.271503,0,0.66528,12.849,1,0.895897,0.36288,0,27.1237,4.44958,22.1411,0.84672,12.849,0.84672,3695.15,0,36.966,0.409931,0.424233,2.16476,1.99651,1.21807,2.95751,0.42336,36.966,0.42336,423.524,0,1.02816,0,0,1.45239,0.424233,1.028160,1,0,25.0986,0,0,0,25.0986,0
31.2095,2.30411,0,0,1.21231,0.0766719,0.36288,3.6288,50.2881,0.509797,0,0,0.531967,0.228354,0,0.66528,12.849,1,0.904239,0.36288,0,30.3911,4.38865,25.4611,0.84672,12.849,0.84672,3695.15,0,36.966,0.373214,0.558671,2.16487,2.53237,1.13448,3.74821,0.42336,36.966,0.42336,423.524,0,1.02816,0,0,1.58683,0.558671,1.028160,1,0,29.2093,0,0,0,29.2093,0
30.1839,2.27279,0,0,1.70919,0.0990611,0.36288,3.6288,50.2241,0.508969,0,0,0.611218,0.16624,0,0.66528,12.849,1,0.935713,0.36288,0,26.401,4.36583,21.4623,0.84672,12.849,0.84672,3695.15,0,36.966,0.374135,0.32133,2.07782,3.32286,1.09745,4.25042,0.42336,36.966,0.42336,423.524,0,1.02816,0,0,1.34949,0.32133,1.028160,1,0,25.7128,0,0,0,25.7128,0
29.238,2.2506,0,0,1.81522,0.147687,0.36288,3.6288,49.8132,0.686948,0,0,0.434621,0.15859,0,0.66528,12.849,1,0.95806,0.36288,0,28.6522,4.4437,23.6133,0.84672,12.849,0.84672,3695.15,0,36.966,0.42336,0.216518,2.07792,2.8993,1.19666,3.57372,0.42336,36.966,0.42336,423.524,0,0.801049,0,0,1.01757,0.216518,1.028160,1,0,27.1871,0,0,0,27.1871,0
28.6189,2.22918,0,0,2.11879,0.14582,0.36288,3.6288,50.0004,0.507028,0,0,0.852291,0.158057,0,0.66528,12.849,1,0.979641,0.36288,0,33.3507,4.4437,28.2903,0.84672,12.849,0.84672,3695.15,0,36.966,0.376262,1.32518,2.07802,4.60325,1.19666,6.43353,0.42336,36.966,0.42336,423.524,0,1.02816,0,0,2.35334,1.32518,1.028160,1,0,34.7238,0,0,0,34.7238,0
31.4371,2.08164,0,0,5.41117,0.148428,0.36288,3.6288,51.3769,0.4138,0,0,1.9581,0.167805,0,0.66528,12.849,1,0.934592,0.36288,0,93.7525,4.43286,88.7479,0.84672,12.849,0.84672,3695.15,0,36.966,0.305928,3.33885,2.07812,8.45979,1.17967,12.3912,0.42336,36.966,0.42336,423.524,0,1.02816,0,0,4.36701,3.33885,1.028160,1,0,101.139,0,0,0,101.139,0
32.6142,2.14122,0,0,3.85913,0.177975,0.36288,3.6288,52.1531,0.418617,0,0,1.4222,0.227371,0,0.66528,12.849,1,0.87516,0.36288,0,90.2661,4.36779,85.386,0.84672,12.849,0.84672,3695.15,0,36.966,0.301197,2.2033,1.91566,10.144,1.07773,12.884,0.42336,36.966,0.42336,423.524,0,1.02816,0,0,3.23146,2.2033,1.028160,1,0,98.27,0,0,0,98.27,0
35.9841,2.16398,0,0,6.07747,0.180631,0.36288,3.6288,54.5555,0.42129,0,0,3.0525,0.228801,0,0.66528,12.849,1,0.852543,0.36288,0,121.342,4.36779,116.484,0.84672,12.849,0.84672,3695.15,0,36.966,0.298609,4.7895,1.91575,11.1782,1.07773,16.5071,0.42336,36.966,0.42336,423.524,0,1.02816,0,0,5.81766,4.7895,1.028160,1,0,132.992,0,0,0,132.992,0
39.0723,2.22292,0,0,5.84921,0.175284,0.36288,3.6288,55.0333,0.429179,0,0,1.13288,0.225913,0,0.66528,12.849,1,0.793748,0.36288,0,79.0024,3.98829,74.5833,0.84672,12.849,0.84672,3695.15,0,36.966,0.290805,1.83901,1.91585,7.58203,1.01483,10.0312,0.42336,36.966,0.42336,423.524,0,1.02816,0,0,2.86717,1.83901,1.028160,1,0,84.6145,0,0,0,84.6145,0
42.2152,2.27024,0,0,5.95249,0.1764,0.36288,3.6288,56.7369,0.43074,0,0,2.35809,0.22378,0,0.66528,12.849,1,0.746575,0.36288,0,66.8654,3.83649,62.6452,0.84672,12.849,0.84672,3695.15,0,36.966,0.289329,2.35413,1.91594,8.89678,0.989673,11.8879,0.42336,36.966,0.42336,423.524,0,1.02816,0,0,3.38229,2.35413,1.028160,1,0,74.5331,0,0,0,74.5331,0
42.7783,2.31286,0,0,3.44352,0.204677,0.36288,3.6288,57.0886,0.436,0,0,1.04144,0.253688,0,0.66528,12.849,1,0.703961,0.36288,0,58.5486,4.77894,53.4286,0.84672,12.849,0.84672,3695.15,0,36.966,0.284069,0.897558,1.91603,4.70989,1.27059,5.96882,0.42336,36.966,0.42336,423.524,0,1.02816,0,0,1.92572,0.897558,1.028160,1,0,59.3974,0,0,0,59.3974,0
46.6945,2.39277,0,0,6.88656,0.214734,0.36288,3.6288,57.792,0.471424,0,0,1.44008,0.265254,0,0.66528,12.849,1,0.718699,0.36288,0,125.334,5.15592,119.822,0.84672,12.849,0.84672,3695.15,0,36.966,0.305256,1.81691,1.91603,12.1304,1.38296,14.1752,0.42336,36.966,0.42336,423.524,0,1.02816,0,0,2.84507,1.81691,1.028160,1,0,133.997,0,0,0,133.997,0
47.5503,2.44015,0,0,3.88323,0.224465,0.36288,3.6288,58.3067,0.473737,0,0,1.25486,0.266466,0,0.66528,12.849,1,0.671459,0.36288,0,72.651,5.15592,67.1865,0.84672,12.849,0.84672,3695.15,0,36.966,0.303021,1.36984,1.97751,6.49749,1.38296,8.15885,0.42336,36.966,0.42336,423.524,0,1.02816,0,0,2.398,1.36984,1.028160,1,0,75.3453,0,0,0,75.3453,0
47.0775,2.44976,0,0,2.5665,0.226591,0.36288,3.6288,58.9967,0.475421,0,0,1.43281,0.267353,0,0.66528,12.849,1,0.661974,0.36288,0,55.3167,5.15592,49.8617,0.84672,12.849,0.84672,3695.15,0,36.966,0.301413,1.57141,1.97759,3.99659,1.38296,5.86122,0.42336,36.966,0.42336,423.524,0,1.02816,0,0,2.59957,1.57141,1.028160,1,0,55.7229,0,0,0,55.7229,0
51.9871,2.44465,0,0,7.93504,0.217983,0.36288,3.6288,60.8073,0.477636,0,0,2.53841,0.250202,0,0.66528,12.849,1,0.667224,0.36288,0,133.005,4.42889,128.272,0.84672,12.849,0.84672,3695.15,0,36.966,0.299276,3.98669,1.97768,13.1542,1.20528,17.614,0.42336,36.966,0.42336,423.524,0,1.02816,0,0,5.01485,3.98669,1.028160,1,0,145.886,0,0,0,145.886,0
55.1369,2.69423,0,0,6.45238,0.245461,0.36288,3.6288,61.308,0.594874,0,0,1.68198,0.231938,0.354471,0.66528,12.849,1,0.665901,0.36288,0,136.856,4.10613,132.447,0.84672,12.849,0.84672,3695.15,0,36.966,0.361636,2.46135,1.97776,9.71153,1.0673,12.7217,0.42336,36.966,0.42336,423.524,0,1.02816,0,0,3.48951,2.46135,1.028160,1,0,145.523,0,0,0,145.523,0
55.9959,2.7252,0,0,4.20061,0.253469,0.36288,3.6288,61.308,0.596769,0,0,1.30191,0.232675,0.472466,0.66528,12.849,1,0.635076,0.36288,0,82.3833,4.10613,78.0049,0.84672,12.849,0.84672,3695.15,0,36.966,0.359825,1.77892,2.16305,7.4094,1.0673,9.92424,0.42336,36.966,0.42336,423.524,0,1.02816,0,0,2.80708,1.77892,1.028160,1,0,88.4016,0,0,0,88.4016,0
57.5229,2.73324,0,0,4.85869,0.235561,0.36288,3.6288,61.308,0.596822,0,0,1.37093,0.180894,0.593219,0.66528,12.849,1,0.627178,0.36288,0,85.4885,3.65576,81.5684,0.84672,12.849,0.84672,3695.15,0,36.966,0.359857,2.12127,2.16314,8.01006,0.885452,11.0492,0.42336,36.966,0.42336,423.524,0,1.02816,0,0,3.14943,2.12127,1.028160,1,0,93.2108,0,0,0,93.2108,0
59.9235,2.74697,0,0,5.75417,0.243753,0.36288,3.6288,61.308,0.596875,0,0,1.98729,0.145853,1.24456,0.66528,12.849,1,0.613595,0.36288,0,111.111,3.22553,107.635,0.84672,12.849,0.84672,3695.15,0,36.966,0.359889,2.43639,2.16323,11.8206,0.779,15.2813,0.42336,36.966,0.42336,423.524,0,1.02816,0,0,3.46455,2.43639,1.028160,1,0,124.161,0,0,0,124.161,0
63.2946,2.4564,0,0,6.47254,0.282168,0.36288,3.6288,61.308,0.439621,0,0,3.3145,0.110033,2.76485,0.66528,12.849,1,0.526709,0.36288,0,147.531,2.60033,144.767,0.84672,12.849,0.84672,3695.15,0,36.966,0.265072,2.80344,2.16332,17.1568,0.694714,21.1638,0.42336,36.966,0.42336,423.524,0,1.02816,0,0,3.8316,2.80344,1.028160,1,0,168.696,0,0,0,168.696,0
65.7824,2.47982,0,0,5.62073,0.290267,0.36288,3.6288,61.308,0.439667,0,0,2.94775,0.110033,2.39805,0.66528,12.849,1,0.503412,0.36288,0,122.608,2.60033,119.867,0.84672,12.849,0.84672,3695.15,0,36.966,0.2651,2.58559,1.89784,15.1915,0.694714,18.7151,0.42336,36.966,0.42336,423.524,0,1.02816,0,0,3.61375,2.58559,1.028160,1,0,140.98,0,0,0,140.98,0
69.1713,2.49586,0,0,6.54382,0.296148,0.36288,3.6288,61.308,0.439713,0,0,3.00855,0.110033,2.45881,0.66528,12.849,1,0.487505,0.36288,0,137.719,2.60033,134.994,0.84672,12.849,0.84672,3695.15,0,36.966,0.265127,3.06426,1.89792,18.445,0.694714,22.4474,0.42336,36.966,0.42336,423.524,0,1.02816,0,0,4.09242,3.06426,1.028160,1,0,159.9,0,0,0,159.9,0
72.29,2.51611,0,0,7.43324,0.303492,1.49494,3.6288,61.308,0.439759,0,0,3.19899,0.104306,2.65493,0.66528,12.849,1,0.467382,1.49494,0,163.623,2.51067,162.139,0.84672,12.849,0.84672,3695.15,0,36.966,0.265155,3.16291,1.898,18.4765,0.679359,22.5929,0.42336,36.966,0.42336,423.524,0,1.02816,0,0,4.19107,3.16291,1.028160,1,0,187.387,0,0,0,187.387,0
72.29,2.53333,0,0,6.09581,0.317105,3.24537,3.6288,61.308,0.439805,0,0,2.10235,0.0958607,1.56669,0.66528,12.849,1,0.450281,3.24537,0,100.661,2.42118,101.035,0.84672,12.849,0.84672,3695.15,0,36.966,0.265183,2.06408,1.89808,12.3676,0.687991,15.3766,0.42336,36.966,0.42336,423.524,0,1.02816,0,0,3.09224,2.06408,1.028160,1,0,117.978,0,0,0,117.978,0
72.29,2.62601,0,0,6.45426,0.31798,3.51027,3.6288,61.308,0.483339,0,0,3.73385,0.0938905,3.15662,0.66528,12.849,1,0.466753,3.51027,0,97.7556,2.48682,98.3123,0.84672,12.849,0.84672,3695.15,0,36.966,0.291432,3.12821,1.89816,10.9705,0.680205,15.0252,0.42336,36.966,0.42336,423.524,0,1.02816,0,0,4.15637,3.12821,1.028160,1,0,116.494,0,0,0,116.494,0
72.29,2.62612,0,0,6.00347,0.31798,3.05937,3.6288,61.308,0.483387,0,0,4.37415,0.0938905,3.79687,0.66528,12.849,1,0.466773,3.05937,0,110.926,2.48682,111.032,0.84672,12.849,0.84672,3695.15,0,36.966,0.291461,3.21377,1.97253,15.9776,0.680205,20.1922,0.42336,36.966,0.42336,423.524,0,1.02816,0,0,4.24193,3.21377,1.028160,1,0,135.021,0,0,0,135.021,0
72.29,2.62623,0,0,4.3225,0.315089,1.38117,3.6288,61.308,0.483435,0,0,3.23728,0.0859901,2.66785,0.66528,12.849,1,0.466793,1.38117,0,116.489,2.27098,115.132,0.84672,12.849,0.84672,3695.15,0,36.966,0.29149,3.63471,1.97261,10.3416,0.650011,15.0075,0.42336,36.966,0.42336,423.524,0,1.02816,0,0,4.66287,3.63471,1.028160,1,0,132.808,0,0,0,132.808,0
72.29,2.62634,0,0,3.46153,0.308522,0.526662,3.6288,61.308,0.483483,0,0,1.72791,0.093549,1.15088,0.66528,12.849,1,0.466813,0.526662,0,74.851,2.18927,72.7216,0.84672,12.849,0.84672,3695.15,0,36.966,0.291519,1.71723,1.9727,7.28127,0.593781,10.0859,0.42336,36.966,0.42336,423.524,0,1.02816,0,0,2.74539,1.71723,1.028160,1,0,83.9584,0,0,0,83.9584,0
72.29,2.59026,0,0,3.40635,0.291285,0.524803,3.6288,61.308,0.466638,0,0,1.1051,0.139023,0.499438,0.66528,12.849,1,0.460399,0.524803,0,66.1836,3.04719,63.2008,0.84672,12.849,0.84672,3695.15,0,36.966,0.281362,0.97899,1.97278,5.17279,0.715763,7.12744,0.42336,36.966,0.42336,423.524,0,1.02816,0,0,2.00715,0.97899,1.028160,1,0,70.8277,0,0,0,70.8277,0
72.0342,2.59037,0,0,2.94303,0.245572,0.36288,3.6288,61.308,0.466685,0,0,1.06118,0.188359,0.406138,0.66528,12.849,1,0.460418,0.36288,0,54.736,3.68424,50.9542,0.84672,12.849,0.84672,3695.15,0,36.966,0.28139,0.743342,1.94395,4.49123,0.89398,6.00315,0.42336,36.966,0.42336,423.524,0,1.02816,0,0,1.7715,0.743342,1.028160,1,0,57.3635,0,0,0,57.3635,0
71.6465,2.58909,0,0,2.80936,0.245095,0.36288,3.6288,61.308,0.466732,0,0,1.12713,0.188359,0.47204,0.66528,12.849,1,0.461825,0.36288,0,57.9729,3.68424,54.1897,0.84672,12.849,0.84672,3695.15,0,36.966,0.281419,0.994542,1.94404,4.71033,0.89398,6.47351,0.42336,36.966,0.42336,423.524,0,1.02816,0,0,2.0227,0.994542,1.028160,1,0,61.1353,0,0,0,61.1353,0
71.1604,2.58708,0,0,2.7036,0.23975,0.36288,3.6288,61.308,0.466779,0,0,0.981487,0.188499,0.326209,0.66528,12.849,1,0.463964,0.36288,0,54.4717,3.71748,50.6531,0.84672,12.849,0.84672,3695.15,0,36.966,0.281447,0.663543,1.94412,4.22958,0.925563,5.63023,0.42336,36.966,0.42336,423.524,0,1.02816,0,0,1.6917,0.663543,1.028160,1,0,56.6095,0,0,0,56.6095,0
70.568,2.70711,0,0,2.65112,0.173495,0.36288,3.6288,61.308,0.526744,0,0,0.782594,0.19826,0.0575904,0.66528,12.849,1,0.488806,0.36288,0,48.9198,4.18782,44.606,0.84672,12.849,0.84672,3695.15,0,36.966,0.317603,0.413709,1.9442,3.64842,1.06492,4.62381,0.42336,36.966,0.42336,423.524,0,1.02816,0,0,1.44187,0.413709,1.028160,1,0,49.2874,0,0,0,49.2874,0
69.8356,2.70375,0,0,2.49185,0.157685,0.36288,3.6288,61.308,0.526794,0,0,0.81502,0.20183,0.0863964,0.66528,12.849,1,0.492298,0.36288,0,45.0604,4.29618,40.6348,0.84672,12.849,0.84672,3695.15,0,36.966,0.317633,0.417303,2.04561,3.70801,1.04486,4.80844,0.42336,36.966,0.42336,423.524,0,1.02816,0,0,1.44546,0.417303,1.028160,1,0,45.5296,0,0,0,45.5296,0
69.0109,2.69951,0,0,2.39448,0.156797,0.36288,3.6288,61.308,0.526844,0,0,0.830261,0.20183,0.101588,0.66528,12.849,1,0.496681,0.36288,0,42.4791,4.29618,38.0491,0.84672,12.849,0.84672,3695.15,0,36.966,0.317663,0.345349,2.0457,3.69738,1.04486,4.72591,0.42336,36.966,0.42336,423.524,0,1.02816,0,0,1.37351,0.345349,1.028160,1,0,42.8766,0,0,0,42.8766,0
68.0412,2.69462,0,0,2.24367,0.155797,0.36288,3.6288,61.308,0.557703,0,0,0.77271,0.20183,0.0131773,0.66528,12.849,1,0.501706,0.36288,0,39.7947,4.29618,35.3597,0.84672,12.849,0.84672,3695.15,0,36.966,0.33627,0.30119,2.04579,3.42811,1.04486,4.39396,0.42336,36.966,0.42336,423.524,0,0.978774,0,0,1.27996,0.30119,1.028160,1,0,39.7669,0,0,0,39.7669,0
67.0598,2.68872,0,0,2.19233,0.122177,0.36288,3.6288,61.308,0.526943,0,0,0.758471,0.20755,0.023978,0.66528,12.849,1,0.507741,0.36288,0,42.7315,4.01718,38.5695,0.84672,12.849,0.84672,3695.15,0,36.966,0.317723,0.916756,2.04588,4.20582,0.992759,5.85797,0.42336,36.966,0.42336,423.524,0,1.02816,0,0,1.94492,0.916756,1.028160,1,0,44.4514,0,0,0,44.4514,0
65.6175,2.97073,0,0,2.0072,0.115871,0.36288,3.6288,61.308,0.276332,0,0,0.711348,0.208503,0.226514,0.66528,12.849,1,0.569207,0.36288,0,41.7661,3.97068,37.5891,0.84672,12.849,0.84672,3695.15,0,36.966,0.166616,0.735048,2.04596,4.08439,0.984076,5.71471,0.42336,36.966,0.42336,423.524,0,1.02816,0,0,1.76321,0.735048,1.028160,1,0,43.5303,0,0,0,43.5303,0
64.393,2.60634,0,0,1.84568,0.100993,0.36288,3.6288,61.2053,0.540494,0,0,0.679164,0.24141,0,0.66528,12.849,1,0.510366,0.36288,0,37.027,4.39413,32.4854,0.84672,12.849,0.84672,3695.15,0,36.966,0.325894,0.726278,1.79996,3.93003,1.13864,4.99174,0.42336,36.966,0.42336,423.524,0,1.02816,0,0,1.75444,0.726278,1.028160,1,0,37.4771,0,0,0,37.4771,0
63.0842,2.59836,0,0,1.73462,0.0821037,0.36288,3.6288,61.0135,0.540203,0,0,0.633588,0.285101,0,0.66528,12.849,1,0.518479,0.36288,0,32.8697,4.95873,27.7553,0.84672,12.849,0.84672,3695.15,0,36.966,0.326265,0.69374,2.0478,3.7834,1.34473,4.85395,0.42336,36.966,0.42336,423.524,0,1.02816,0,0,1.7219,0.69374,1.028160,1,0,32.6093,0,0,0,32.6093,0
61.5449,2.58954,0,0,1.49187,0.0787893,0.36288,3.6288,60.7273,0.539615,0,0,0.546687,0.293299,0,0.66528,12.849,1,0.527437,0.36288,0,29.4856,5.22405,24.0969,0.84672,12.849,0.84672,3695.15,0,36.966,0.326934,0.46002,2.04789,3.19593,1.36223,4.01466,0.42336,36.966,0.42336,423.524,0,1.02816,0,0,1.48818,0.46002,1.028160,1,0,28.1116,0,0,0,28.1116,0
60.0642,2.63892,0,0,1.59564,0.074578,0.36288,3.6288,60.4938,0.567488,0,0,0.638105,0.304139,0,0.66528,12.849,1,0.550938,0.36288,0,34.415,5.57781,28.6492,0.84672,12.849,0.84672,3695.15,0,36.966,0.345442,0.456581,2.04797,3.14318,1.38557,3.91672,0.42336,36.966,0.42336,423.524,0,1.02816,0,0,1.48474,0.456581,1.028160,1,0,32.5659,0,0,0,32.5659,0
58.4687,2.62784,0,0,1.4689,0.0736441,0.36288,3.6288,60.1644,0.566712,0,0,0.540968,0.303688,0,0.66528,12.849,1,0.562151,0.36288,0,28.2681,5.57781,22.491,0.84672,12.849,0.84672,3695.15,0,36.966,0.346301,0.54661,2.09747,3.03918,1.38557,3.95138,0.42336,36.966,0.42336,423.524,0,1.02816,0,0,1.57477,0.54661,1.028160,1,0,26.4424,0,0,0,26.4424,0
56.7629,2.61538,0,0,1.34498,0.0725211,0.36288,3.6288,59.7968,0.565589,0,0,0.501049,0.303052,0,0.66528,12.849,1,0.574751,0.36288,0,26.8688,5.57781,21.0791,0.84672,12.849,0.84672,3695.15,0,36.966,0.347507,0.317987,2.09755,2.67139,1.38557,3.35386,0.42336,36.966,0.42336,423.524,0,1.02816,0,0,1.34615,0.317987,1.028160,1,0,24.4329,0,0,0,24.4329,0
55.157,2.6014,0,0,1.42107,0.0627112,0.36288,3.6288,59.5002,0.56432,0,0,0.575196,0.307473,0,0.66528,12.849,1,0.58886,0.36288,0,26.3519,5.72736,20.3986,0.84672,12.849,0.84672,3695.15,0,36.966,0.348859,0.587244,2.09764,3.53392,1.41545,4.4545,0.42336,36.966,0.42336,423.524,0,1.02816,0,0,1.6154,0.587244,1.028160,1,0,24.8531,0,0,0,24.8531,0
53.2316,2.76042,0,0,1.2654,0.0674468,0.36288,3.6288,58.9574,0.66528,0,0,0.453459,0.330963,0,0.66528,12.849,1,0.64305,0.36288,0,22.2857,5.87022,16.1353,0.84672,12.849,0.84672,3695.15,0,36.966,0.41513,0.298279,2.09773,2.12094,1.50624,2.59558,0.42336,36.966,0.42336,423.524,0,1.02816,0,0,1.32644,0.298279,1.028160,1,0,18.7309,0,0,0,18.7309,0
51.4789,2.7418,0,0,1.41397,0.0619905,0.36288,3.6288,58.5181,0.664107,0,0,0.557233,0.332366,0,0.66528,12.849,1,0.661814,0.36288,0,28.3584,5.94499,22.1145,0.84672,12.849,0.84672,3695.15,0,36.966,0.416392,0.63758,2.26689,2.25126,1.52118,3.21816,0.42336,36.966,0.42336,423.524,0,1.02816,0,0,1.66574,0.63758,1.028160,1,0,25.3326,0,0,0,25.3326,0
49.4483,2.72389,0,0,1.11707,0.0608795,0.36288,3.6288,57.897,0.696455,0,0,0.406755,0.331429,0,0.66528,12.849,1,0.679875,0.36288,0,29.2648,5.94499,23.0028,0.84672,12.849,0.84672,3695.15,0,36.966,0.42336,0.204422,2.26699,1.78381,1.52118,2.31068,0.42336,36.966,0.42336,423.524,0,0.988934,0,0,1.19336,0.204422,1.028160,1,0,25.3135,0,0,0,25.3135,0
47.7075,2.70184,0,0,1.38352,0.0595921,0.36288,3.6288,57.5841,0.659563,0,0,0.676712,0.330104,0,0.66528,12.849,1,0.702065,0.36288,0,25.9353,5.94499,19.6511,0.84672,12.849,0.84672,3695.15,0,36.966,0.421117,1.1003,2.26708,2.68055,1.52118,4.10565,0.42336,36.966,0.42336,423.524,0,1.02816,0,0,2.12846,1.1003,1.028160,1,0,23.7568,0,0,0,23.7568,0
46.3022,2.68177,0,0,1.67526,0.0359161,0.36288,3.6288,57.2195,0.658224,0,0,0.678872,0.385187,0,0.66528,12.849,1,0.722278,0.36288,0,28.821,6.26022,22.2013,0.84672,12.849,0.84672,3695.15,0,36.966,0.422546,0.630202,2.26718,2.92569,1.62689,3.77364,0.42336,36.966,0.42336,423.524,0,1.02816,0,0,1.65836,0.630202,1.028160,1,0,25.975,0,0,0,25.975,0
45.0357,2.58342,0,0,1.77873,0.0989233,0.36288,3.6288,57.0643,0.594995,0,0,0.78306,0.343259,0,0.66528,12.849,1,0.716907,0.36288,0,27.6252,4.79616,22.475,0.84672,12.849,0.84672,3695.15,0,36.966,0.38439,0.670637,2.26728,2.96893,1.26428,4.25818,0.42336,36.966,0.42336,423.524,0,1.02816,0,0,1.6988,0.670637,1.028160,1,0,26.7332,0,0,0,26.7332,0
43.9868,2.56785,0,0,2.02464,0.142855,0.36288,3.6288,57.2778,0.594413,0,0,1.13236,0.324487,0,0.66528,12.849,1,0.732624,0.36288,0,27.2116,4.27402,22.5678,0.84672,12.849,0.84672,3695.15,0,36.966,0.385058,1.27639,2.16951,4.14291,1.16756,6.03619,0.42336,36.966,0.42336,423.524,0,1.02816,0,0,2.30455,1.27639,1.028160,1,0,28.604,0,0,0,28.604,0
42.8556,2.55444,0,0,1.92728,0.141165,0.36288,3.6288,57.4593,0.595337,0,0,1.10177,0.324937,0,0.66528,12.849,1,0.746177,0.36288,0,34.6389,4.27402,29.9816,0.84672,12.849,0.84672,3695.15,0,36.966,0.384219,1.1329,2.1696,4.1016,1.16756,5.85233,0.42336,36.966,0.42336,423.524,0,1.02816,0,0,2.16106,1.1329,1.028160,1,0,35.8339,0,0,0,35.8339,0
42.5581,2.53939,0,0,2.76351,0.158767,0.36288,3.6288,57.9951,0.596127,0,0,1.43955,0.307662,0,0.66528,12.849,1,0.761362,0.36288,0,60.5117,4.54913,55.5641,0.84672,12.849,0.84672,3695.15,0,36.966,0.383514,1.93194,2.1697,5.37275,1.1778,7.91307,0.42336,36.966,0.42336,423.524,0,1.02816,0,0,2.9601,1.93194,1.028160,1,0,63.4772,0,0,0,63.4772,0
43.6025,2.46991,0,0,4.08388,0.206614,0.36288,3.6288,59.522,0.541923,0,0,2.33329,0.264435,0,0.66528,12.849,1,0.745709,0.36288,0,70.5948,5.23688,64.9751,0.84672,12.849,0.84672,3695.15,0,36.966,0.345421,3.89865,2.16979,8.07621,1.20339,12.5958,0.42336,36.966,0.42336,423.524,0,1.02816,0,0,4.92681,3.89865,1.028160,1,0,77.5709,0,0,0,77.5709,0
45.4709,2.48382,0,0,4.92422,0.209118,0.36288,3.6288,60.9435,0.54744,0,0,2.23597,0.267042,0,0.66528,12.849,1,0.731943,0.36288,0,63.5212,5.23688,57.9153,0.84672,12.849,0.84672,3695.15,0,36.966,0.339986,3.25868,2.08253,11.4539,1.20339,15.2518,0.42336,36.966,0.42336,423.524,0,1.02816,0,0,4.28684,3.25868,1.028160,1,0,73.167,0,0,0,73.167,0
46.5661,2.50737,0,0,4.17364,0.208267,0.36288,3.6288,61.308,0.552427,0,0,2.39162,0.285615,1.18906,0.66528,12.849,1,0.708524,0.36288,0,125.335,5.3438,119.646,0.84672,12.849,0.84672,3695.15,0,36.966,0.335081,3.83183,2.08262,12.0549,1.29496,16.3393,0.42336,36.966,0.42336,423.524,0,1.02816,0,0,4.85999,3.83183,1.028160,1,0,137.174,0,0,0,137.174,0
49.2527,2.52054,0,0,5.78476,0.214651,0.36288,3.6288,61.308,0.55372,0,0,3.2707,0.312477,2.4045,0.66528,12.849,1,0.695494,0.36288,0,83.8054,5.36353,78.1093,0.84672,12.849,0.84672,3695.15,0,36.966,0.333869,4.64835,2.0827,9.77803,1.37464,14.8006,0.42336,36.966,0.42336,423.524,0,1.02816,0,0,5.67651,4.64835,1.028160,1,0,95.3143,0,0,0,95.3143,0
48.7075,2.39753,0,0,2.44726,0.232122,0.36288,3.6288,61.308,0.451447,0,0,0.9375,0.216591,0.269463,0.66528,12.849,1,0.625465,0.36288,0,45.811,4.57265,40.9758,0.84672,12.849,0.84672,3695.15,0,36.966,0.272202,2.7017,2.08279,4.93055,1.18766,8.25518,0.42336,36.966,0.42336,423.524,0,1.02816,0,0,3.72986,2.7017,1.028160,1,0,49.5004,0,0,0,49.5004,0
48.7578,2.39209,0,0,3.03604,0.23076,0.36288,3.6288,61.308,0.451493,0,0,1.48302,0.216591,0.814937,0.66528,12.849,1,0.631032,0.36288,0,59.0862,4.57265,54.2454,0.84672,12.849,0.84672,3695.15,0,36.966,0.27223,6.86002,1.91996,8.27528,1.18766,15.5954,0.42336,36.966,0.42336,423.524,0,1.02816,0,0,7.88818,6.86002,1.028160,1,0,70.6557,0,0,0,70.6557,0
51.0693,2.39271,0,0,5.29796,0.230885,0.36288,3.6288,61.308,0.45154,0,0,1.34918,0.216591,0.681049,0.66528,12.849,1,0.630544,0.36288,0,109.888,4.57265,105.048,0.84672,12.849,0.84672,3695.15,0,36.966,0.272258,5.3679,1.92004,12.1661,1.18766,17.9941,0.42336,36.966,0.42336,423.524,0,1.02816,0,0,6.39606,5.3679,1.028160,1,0,123.723,0,0,0,123.723,0
66.5295,2.41561,0,0,18.4685,0.229831,0.36288,3.6288,61.308,0.451587,0,0,12.0875,0.21039,11.4255,0.66528,12.849,1,0.607767,0.36288,0,362.471,4.35826,357.868,0.84672,12.849,0.84672,3695.15,0,36.966,0.272287,7.26978,1.92012,24.5502,1.16088,32.307,0.42336,36.966,0.42336,423.524,0,1.02816,0,0,8.29794,7.26978,1.028160,1,0,401.601,0,0,0,401.601,0
72.29,2.53409,0,0,10.6216,0.262857,2.0641,3.6288,61.308,0.451633,0,0,3.63214,0.206683,2.97383,0.66528,12.849,1,0.489416,2.0641,0,217.355,3.73789,215.192,0.84672,12.849,0.84672,3695.15,0,36.966,0.272315,8.57114,1.9202,19.7671,1.01962,28.9665,0.42336,36.966,0.42336,423.524,0,1.02816,0,0,9.5993,8.57114,1.028160,1,0,247.132,0,0,0,247.132,0
72.29,2.64774,0,0,9.58427,0.297462,6.63906,3.6288,61.308,0.487022,0,0,3.44855,0.209585,2.75195,0.66528,12.849,1,0.470616,6.63906,0,210.18,3.71353,212.635,0.84672,12.849,0.84672,3695.15,0,36.966,0.293652,7.37297,1.92028,17.8017,1.01174,25.7895,0.42336,36.966,0.42336,423.524,0,1.02816,0,0,8.40113,7.37297,1.028160,1,0,241.177,0,0,0,241.177,0
72.29,2.64784,0,0,6.81584,0.297462,3.87054,3.6288,61.308,0.487063,0,0,2.13457,0.209585,1.43792,0.66528,12.849,1,0.470633,3.87054,0,139.59,3.71353,139.277,0.84672,12.849,0.84672,3695.15,0,36.966,0.293677,3.47982,1.98189,9.17343,1.01174,13.3297,0.42336,36.966,0.42336,423.524,0,1.02816,0,0,4.50798,3.47982,1.028160,1,0,154.044,0,0,0,154.044,0
72.29,2.64793,0,0,6.37125,0.314928,3.40839,3.6288,61.308,0.487104,0,0,1.96302,0.186397,1.28952,0.66528,12.849,1,0.47065,3.40839,0,130.512,3.32717,130.123,0.84672,12.849,0.84672,3695.15,0,36.966,0.293702,2.79854,1.98196,8.56907,0.921422,12.1344,0.42336,36.966,0.42336,423.524,0,1.02816,0,0,3.8267,2.79854,1.028160,1,0,143.547,0,0,0,143.547,0
72.29,2.64803,0,0,6.03774,0.337619,3.05209,3.6288,61.308,0.487146,0,0,2.16156,0.162705,1.51171,0.66528,12.849,1,0.470667,3.05209,0,120.346,2.82594,120.101,0.84672,12.849,0.84672,3695.15,0,36.966,0.293727,3.51816,1.98203,9.32429,0.828962,13.7018,0.42336,36.966,0.42336,423.524,0,1.02816,0,0,4.54632,3.51816,1.028160,1,0,135.315,0,0,0,135.315,0
72.29,2.85927,0,0,7.22578,0.327629,4.03888,3.6288,61.308,0.599426,0,0,2.79009,0.228219,1.96244,0.66528,12.849,1,0.508214,4.03888,0,164.111,3.40347,164.238,0.84672,12.849,0.84672,3695.15,0,36.966,0.361427,5.25813,1.9821,16.2804,1.03593,22.1233,0.42336,36.966,0.42336,423.524,0,1.02816,0,0,6.28629,5.25813,1.028160,1,0,188.324,0,0,0,188.324,0
72.29,2.85938,0,0,7.75671,0.321947,4.57538,3.6288,61.308,0.599472,0,0,3.15967,0.224155,2.33604,0.66528,12.849,1,0.508233,4.57538,0,150.734,3.50685,151.295,0.84672,12.849,0.84672,3695.15,0,36.966,0.361455,5.43022,2.16778,14.9818,1.00898,21.2094,0.42336,36.966,0.42336,423.524,0,1.02816,0,0,6.45838,5.43022,1.028160,1,0,174.84,0,0,0,174.84,0
72.29,2.85948,0,0,14.1996,0.321284,11.0188,3.6288,61.308,0.599517,0,0,4.35694,0.208642,3.54878,0.66528,12.849,1,0.508252,11.0188,0,220.904,3.30655,228.108,0.84672,12.849,0.84672,3695.15,0,36.966,0.361482,8.24424,2.16786,27.9983,0.966714,37.0822,0.42336,36.966,0.42336,423.524,0,1.02816,0,0,9.2724,8.24424,1.028160,1,0,268.739,0,0,0,268.739,0
72.29,2.85959,0,0,6.07339,0.316889,2.89692,3.6288,61.308,0.599563,0,0,2.07631,0.2091,1.26765,0.66528,12.849,1,0.50827,2.89692,0,183.024,3.35581,182.057,0.84672,12.849,0.84672,3695.15,0,36.966,0.36151,3.83526,2.16794,12.1084,0.960997,16.789,0.42336,36.966,0.42336,423.524,0,1.02816,0,0,4.86342,3.83526,1.028160,1,0,200.113,0,0,0,200.113,0
72.29,2.53838,0,0,5.56261,0.331662,2.69257,3.6288,61.308,0.441961,0,0,1.74532,0.237897,1.06547,0.66528,12.849,1,0.451179,2.69257,0,148.713,3.75165,147.202,0.84672,12.849,0.84672,3695.15,0,36.966,0.266483,3.03104,2.16802,12.319,1.0266,16.225,0.42336,36.966,0.42336,423.524,0,1.02816,0,0,4.0592,3.03104,1.028160,1,0,164.493,0,0,0,164.493,0
72.29,2.53848,0,0,5.62531,0.331662,2.75517,3.6288,61.308,0.442001,0,0,2.21988,0.237897,1.53998,0.66528,12.849,1,0.451195,2.75517,0,124.534,3.75165,123.086,0.84672,12.849,0.84672,3695.15,0,36.966,0.266507,3.72879,1.90194,14.3911,1.0266,18.7288,0.42336,36.966,0.42336,423.524,0,1.02816,0,0,4.75695,3.72879,1.028160,1,0,143.355,0,0,0,143.355,0
72.29,2.53857,0,0,5.73479,0.331662,2.86456,3.6288,61.308,0.44204,0,0,2.70298,0.237897,2.02304,0.66528,12.849,1,0.451212,2.86456,0,133.988,3.75165,132.65,0.84672,12.849,0.84672,3695.15,0,36.966,0.266531,4.31916,1.90201,16.2404,1.0266,21.1685,0.42336,36.966,0.42336,423.524,0,1.02816,0,0,5.34732,4.31916,1.028160,1,0,155.841,0,0,0,155.841,0
72.29,2.53866,0,0,5.33776,0.297678,2.50142,3.6288,61.308,0.44208,0,0,2.36414,0.219848,1.70221,0.66528,12.849,1,0.451228,2.50142,0,146.169,3.49006,144.729,0.84672,12.849,0.84672,3695.15,0,36.966,0.266555,3.9707,1.90208,14.4406,0.989021,19.0578,0.42336,36.966,0.42336,423.524,0,1.02816,0,0,4.99886,3.9707,1.028160,1,0,165.489,0,0,0,165.489,0
72.29,2.53876,0,0,9.12684,0.318973,6.26911,3.6288,61.308,0.44212,0,0,5.03177,0.188208,4.40144,0.66528,12.849,1,0.451245,6.26911,0,240.016,2.74604,243.088,0.84672,12.849,0.84672,3695.15,0,36.966,0.266578,7.3605,1.90215,25.1121,0.885627,33.2225,0.42336,36.966,0.42336,423.524,0,1.02816,0,0,8.38866,7.3605,1.028160,1,0,280.712,0,0,0,280.712,0
72.29,2.63161,0,0,7.24628,0.304184,4.31048,3.6288,61.308,0.48574,0,0,4.02043,0.175869,3.35882,0.66528,12.849,1,0.467749,4.31048,0,165.98,3.00458,166.819,0.84672,12.849,0.84672,3695.15,0,36.966,0.292879,5.92307,1.90222,17.2035,0.945223,23.7907,0.42336,36.966,0.42336,423.524,0,1.02816,0,0,6.95123,5.92307,1.028160,1,0,193.968,0,0,0,193.968,0
72.29,2.63171,0,0,5.47879,0.304184,2.54289,3.6288,61.308,0.485781,0,0,3.18823,0.175869,2.52658,0.66528,12.849,1,0.467767,2.54289,0,139.705,3.00458,138.776,0.84672,12.849,0.84672,3695.15,0,36.966,0.292904,5.12302,1.97674,13.9351,0.945223,19.7967,0.42336,36.966,0.42336,423.524,0,1.02816,0,0,6.15118,5.12302,1.028160,1,0,161.099,0,0,0,161.099,0
72.29,2.63181,0,0,5.11372,0.304184,2.17773,3.6288,61.308,0.485822,0,0,3.87345,0.175869,3.21176,0.66528,12.849,1,0.467784,2.17773,0,136.473,3.00458,135.178,0.84672,12.849,0.84672,3695.15,0,36.966,0.292929,5.06782,1.97681,17.4582,0.945223,23.2647,0.42336,36.966,0.42336,423.524,0,1.02816,0,0,6.09598,5.06782,1.028160,1,0,161.655,0,0,0,161.655,0
72.29,2.6319,0,0,4.93445,0.267032,2.03552,3.6288,61.308,0.485864,0,0,3.13419,0.198228,2.45009,0.66528,12.849,1,0.467801,2.03552,0,115.443,3.35046,113.661,0.84672,12.849,0.84672,3695.15,0,36.966,0.292954,4.24769,1.97688,13.0761,1.04198,17.9658,0.42336,36.966,0.42336,423.524,0,1.02816,0,0,5.27585,4.24769,1.028160,1,0,134.076,0,0,0,134.076,0
72.29,2.59572,0,0,5.2566,0.210519,2.45036,3.6288,61.308,0.468976,0,0,2.65174,0.221791,1.96097,0.66528,12.849,1,0.46137,2.45036,0,117.968,4.05657,115.9,0.84672,12.849,0.84672,3695.15,0,36.966,0.282772,3.40366,1.97696,11.2013,1.20326,15.0959,0.42336,36.966,0.42336,423.524,0,1.02816,0,0,4.43182,3.40366,1.028160,1,0,132.957,0,0,0,132.957,0
72.29,2.59582,0,0,4.98478,0.210519,2.17844,3.6288,61.308,0.469017,0,0,2.35291,0.221791,1.6621,0.66528,12.849,1,0.461387,2.17844,0,111.389,4.05657,109.049,0.84672,12.849,0.84672,3695.15,0,36.966,0.282796,3.07591,1.94806,10.2358,1.20326,13.7737,0.42336,36.966,0.42336,423.524,0,1.02816,0,0,4.10407,3.07591,1.028160,1,0,124.485,0,0,0,124.485,0
72.29,2.59591,0,0,4.49591,0.156582,1.74341,3.6288,61.308,0.469058,0,0,2.60147,0.207289,1.92512,0.66528,12.849,1,0.461404,1.74341,0,99.1233,4.17798,96.2273,0.84672,12.849,0.84672,3695.15,0,36.966,0.282821,3.46264,1.94813,10.2766,1.16003,14.2445,0.42336,36.966,0.42336,423.524,0,1.02816,0,0,4.4908,3.46264,1.028160,1,0,112.397,0,0,0,112.397,0
72.29,2.59601,0,0,4.23654,0.147593,1.49294,3.6288,61.308,0.469098,0,0,2.15698,0.204872,1.48301,0.66528,12.849,1,0.461421,1.49294,0,99.239,4.19822,96.0723,0.84672,12.849,0.84672,3695.15,0,36.966,0.282845,2.72963,1.9482,9.19331,1.15283,12.4355,0.42336,36.966,0.42336,423.524,0,1.02816,0,0,3.75779,2.72963,1.028160,1,0,109.991,0,0,0,109.991,0
72.29,2.71926,0,0,4.31177,0.131556,1.46095,3.6288,61.308,0.529181,0,0,1.91923,0.249991,1.14006,0.66528,12.849,1,0.483327,1.46095,0,102.115,4.33429,98.7586,0.84672,12.849,0.84672,3695.15,0,36.966,0.319073,2.59607,1.94827,8.83786,1.15998,11.9031,0.42336,36.966,0.42336,423.524,0,1.02816,0,0,3.62423,2.59607,1.028160,1,0,111.802,0,0,0,111.802,0
72.29,2.71936,0,0,3.56073,0.131556,0.709814,3.6288,61.308,0.529224,0,0,1.78382,0.249991,1.00461,0.66528,12.849,1,0.483345,0.709814,0,55.7084,4.33429,51.6006,0.84672,12.849,0.84672,3695.15,0,36.966,0.319099,2.3047,2.04988,7.59897,1.15998,10.4745,0.42336,36.966,0.42336,423.524,0,1.02816,0,0,3.33286,2.3047,1.028160,1,0,63.0796,0,0,0,63.0796,0
72.29,2.71946,0,0,3.62409,0.131556,0.77308,3.6288,61.308,0.529267,0,0,2.03261,0.249991,1.25335,0.66528,12.849,1,0.483363,0.77308,0,55.1334,4.33429,51.0888,0.84672,12.849,0.84672,3695.15,0,36.966,0.319125,1.84156,2.04996,7.37597,1.15998,9.78839,0.42336,36.966,0.42336,423.524,0,1.02816,0,0,2.86972,1.84156,1.028160,1,0,62.1306,0,0,0,62.1306,0
72.1455,2.71955,0,0,3.06953,0.131556,0.36288,3.6288,61.308,0.52931,0,0,1.51579,0.249991,0.736492,0.66528,12.849,1,0.48338,0.36288,0,56.2792,4.33429,51.8244,0.84672,12.849,0.84672,3695.15,0,36.966,0.31915,1.46514,2.05003,6.74749,1.15998,8.78354,0.42336,36.966,0.42336,423.524,0,1.02816,0,0,2.4933,1.46514,1.028160,1,0,61.3445,0,0,0,61.3445,0
72.2549,2.71883,0,0,3.28203,0.0909908,0.36288,3.6288,61.308,0.529353,0,0,1.30075,0.260078,0.511321,0.66528,12.849,1,0.48422,0.36288,0,55.8508,4.61906,51.1104,0.84672,12.849,0.84672,3695.15,0,36.966,0.319176,1.55237,2.05011,7.03951,1.17263,9.15018,0.42336,36.966,0.42336,423.524,0,1.02816,0,0,2.58053,1.55237,1.028160,1,0,60.7719,0,0,0,60.7719,0
72.0798,3.01092,0,0,3.28416,0.0854354,0.36288,3.6288,61.308,0.278762,0,0,1.30703,0.263472,0.764799,0.66528,12.849,1,0.535428,0.36288,0,51.2355,4.63071,46.4323,0.84672,12.849,0.84672,3695.15,0,36.966,0.168081,1.86697,2.05018,7.08808,1.13919,9.69796,0.42336,36.966,0.42336,423.524,0,1.02816,0,0,2.89513,1.86697,1.028160,1,0,56.895,0,0,0,56.895,0
71.664,3.00991,0,0,3.04229,0.0853218,0.36288,3.6288,61.308,0.278806,0,0,1.15349,0.263472,0.611215,0.66528,12.849,1,0.536549,0.36288,0,48.1188,4.63071,43.3144,0.84672,12.849,0.84672,3695.15,0,36.966,0.168107,1.73034,1.80417,6.68373,1.13919,8.91095,0.42336,36.966,0.42336,423.524,0,1.02816,0,0,2.7585,1.73034,1.028160,1,0,52.8365,0,0,0,52.8365,0
71.4626,2.64837,0,0,2.89494,0.0850522,0.36288,3.6288,61.308,0.542961,0,0,1.10555,0.263472,0.299116,0.66528,12.849,1,0.474841,0.36288,0,45.5733,4.63071,40.8307,0.84672,12.849,0.84672,3695.15,0,36.966,0.327381,1.55224,1.80425,6.37995,1.13919,8.26986,0.42336,36.966,0.42336,423.524,0,1.02816,0,0,2.5804,1.55224,1.028160,1,0,49.3996,0,0,0,49.3996,0
71.1177,2.64734,0,0,2.73002,0.0646901,0.36288,3.6288,61.308,0.543004,0,0,1.07412,0.305019,0.226102,0.66528,12.849,1,0.475992,0.36288,0,39.5441,5.48376,33.9472,0.84672,12.849,0.84672,3695.15,0,36.966,0.327408,0.921093,2.05207,5.62553,1.3639,6.90739,0.42336,36.966,0.42336,423.524,0,1.02816,0,0,1.94925,0.921093,1.028160,1,0,41.0807,0,0,0,41.0807,0
70.9507,2.70722,0,0,2.95502,0.0519818,0.36288,3.6288,61.308,0.571991,0,0,1.08912,0.316217,0.200907,0.66528,12.849,1,0.489119,0.36288,0,47.2664,6.09903,41.0411,0.84672,12.849,0.84672,3695.15,0,36.966,0.344885,1.13396,2.05215,5.55663,1.49678,6.90108,0.42336,36.966,0.42336,423.524,0,1.02816,0,0,2.16212,1.13396,1.028160,1,0,48.1431,0,0,0,48.1431,0
70.5498,2.70634,0,0,2.72024,0.0519154,0.36288,3.6288,61.308,0.572035,0,0,0.923322,0.316217,0.0350696,0.66528,12.849,1,0.490112,0.36288,0,38.8244,6.09903,32.5981,0.84672,12.849,0.84672,3695.15,0,36.966,0.344912,1.26507,2.10173,5.37275,1.49678,6.89786,0.42336,36.966,0.42336,423.524,0,1.02816,0,0,2.29323,1.26507,1.028160,1,0,39.531,0,0,0,39.531,0
69.9218,2.70409,0,0,2.4908,0.0517558,0.36288,3.6288,61.2749,0.57208,0,0,0.855196,0.316217,0,0.66528,12.849,1,0.492486,0.36288,0,36.9025,6.09903,30.6738,0.84672,12.849,0.84672,3695.15,0,36.966,0.344939,0.932144,2.10181,4.72257,1.49678,5.91481,0.42336,36.966,0.42336,423.524,0,1.02816,0,0,1.9603,0.932144,1.028160,1,0,36.5886,0,0,0,36.5886,0
69.4483,2.70045,0,0,2.63169,0.0418804,0.36288,3.6288,61.308,0.572008,0,0,0.981737,0.32133,0.0552979,0.66528,12.849,1,0.496241,0.36288,0,36.1926,6.24858,29.8107,0.84672,12.849,0.84672,3695.15,0,36.966,0.345082,1.32423,2.10188,6.24731,1.52666,7.80168,0.42336,36.966,0.42336,423.524,0,1.02816,0,0,2.35239,1.32423,1.028160,1,0,37.6677,0,0,0,37.6677,0
68.4288,2.87786,0,0,2.25453,0.0332756,0.36288,3.6288,61.1568,0.66528,0,0,0.81597,0.301887,0,0.66528,12.849,1,0.532448,0.36288,0,30.9991,5.99569,24.8338,0.84672,12.849,0.84672,3695.15,0,36.966,0.419365,1.02155,2.10196,4.78189,1.56514,5.92089,0.42336,36.966,0.42336,423.524,0,1.02816,0,0,2.04971,1.02155,1.028160,1,0,30.7547,0,0,0,30.7547,0
67.1069,2.87129,0,0,1.93957,0.0273854,0.36288,3.6288,60.8966,0.66528,0,0,0.712454,0.307348,0,0.66528,12.849,1,0.539146,0.36288,0,27.2325,6.02679,21.0294,0.84672,12.849,0.84672,3695.15,0,36.966,0.419442,0.871672,2.27144,4.23598,1.58117,5.37848,0.42336,36.966,0.42336,423.524,0,1.02816,0,0,1.89983,0.871672,1.028160,1,0,26.4079,0,0,0,26.4079,0
66.027,2.86248,0,0,2.17261,0.0271024,0.36288,3.6288,60.6554,0.66528,0,0,0.730849,0.306842,0,0.66528,12.849,1,0.548081,0.36288,0,27.0692,6.02679,20.8572,0.84672,12.849,0.84672,3695.15,0,36.966,0.419519,0.924618,2.27153,4.54013,1.58117,5.73559,0.42336,36.966,0.42336,423.524,0,1.02816,0,0,1.95278,0.924618,1.028160,1,0,26.5928,0,0,0,26.5928,0
66.2399,2.85508,0,0,3.47712,0.0462652,0.36288,3.6288,60.5862,0.66528,0,0,0.898206,0.3021,0,0.66528,12.849,1,0.555604,0.36288,0,44.9708,5.90805,38.87,0.84672,12.849,0.84672,3695.15,0,36.966,0.419597,1.34425,2.27161,4.94914,1.5666,6.57879,0.42336,36.966,0.42336,423.524,0,1.02816,0,0,2.37241,1.34425,1.028160,1,0,45.4488,0,0,0,45.4488,0
66.5842,2.85668,0,0,3.59802,0.0342001,0.36288,3.6288,61.308,0.66528,0,0,1.8018,0.28795,0.126754,0.66528,12.849,1,0.554129,0.36288,0,32.2281,5.34097,26.6959,0.84672,12.849,0.84672,3695.15,0,36.966,0.419674,3.45378,2.27169,7.43751,1.43183,11.3115,0.42336,36.966,0.42336,423.524,0,1.02816,0,0,4.48194,3.45378,1.028160,1,0,38.1342,0,0,0,38.1342,0
65.1014,2.77195,0,0,1.67446,0.0224465,0.36288,3.6288,61.308,0.613465,0,0,0.94875,0.284392,0.050893,0.66528,12.849,1,0.534913,0.36288,0,23.1105,4.8488,18.0897,0.84672,12.849,0.84672,3695.15,0,36.966,0.369892,1.60005,2.27178,5.62641,1.34074,7.78761,0.42336,36.966,0.42336,423.524,0,1.02816,0,0,2.62821,1.60005,1.028160,1,0,25.9282,0,0,0,25.9282,0
63.5832,2.76187,0,0,1.62881,0.0221826,0.36288,3.6288,61.2878,0.613511,0,0,0.877712,0.284392,0,0.66528,12.849,1,0.545109,0.36288,0,21.1111,4.8488,16.08,0.84672,12.849,0.84672,3695.15,0,36.966,0.36992,1.37515,2.1738,5.52847,1.34074,7.36676,0.42336,36.966,0.42336,423.524,0,1.02816,0,0,2.40331,1.37515,1.028160,1,0,23.4468,0,0,0,23.4468,0
63.5934,2.75115,0,0,3.2744,0.150226,0.36288,3.6288,61.308,0.61348,0,0,1.88249,0.178241,1.07058,0.66528,12.849,1,0.555956,0.36288,0,57.4003,3.39538,53.8118,0.84672,12.849,0.84672,3695.15,0,36.966,0.370023,2.42616,2.17388,13.9296,0.886454,17.2732,0.42336,36.966,0.42336,423.524,0,1.02816,0,0,3.45432,2.42616,1.028160,1,0,72.1555,0,0,0,72.1555,0
65.373,2.75132,0,0,5.06254,0.168756,0.36288,3.6288,61.308,0.613603,0,0,1.72273,0.186631,0.922496,0.66528,12.849,1,0.555903,0.36288,0,68.0189,3.65163,64.1743,0.84672,12.849,0.84672,3695.15,0,36.966,0.369975,2.98374,2.17396,11.0098,0.945898,14.8516,0.42336,36.966,0.42336,423.524,0,1.02816,0,0,4.0119,2.98374,1.028160,1,0,79.9484,0,0,0,79.9484,0
65.3241,2.69267,0,0,3.29064,0.283906,0.36288,3.6288,61.308,0.555903,0,0,2.20237,0.236836,1.40963,0.66528,12.849,1,0.529241,0.36288,0,70.8478,5.1891,65.4924,0.84672,12.849,0.84672,3695.15,0,36.966,0.335185,2.62523,2.17404,13.0391,1.30256,16.2006,0.42336,36.966,0.42336,423.524,0,1.02816,0,0,3.65339,2.62523,1.028160,1,0,83.1026,0,0,0,83.1026,0
63.4878,2.69244,0,0,1.50274,0.283795,0.36288,3.6288,61.308,0.555947,0,0,1.18761,0.236836,0.394828,0.66528,12.849,1,0.529591,0.36288,0,32.2391,5.1891,26.8833,0.84672,12.849,0.84672,3695.15,0,36.966,0.335211,1.42017,2.0866,6.01581,1.30256,7.8848,0.42336,36.966,0.42336,423.524,0,1.02816,0,0,2.44833,1.42017,1.028160,1,0,35.1629,0,0,0,35.1629,0
61.748,2.67979,0,0,1.58248,0.27962,0.36288,3.6288,61.308,0.555991,0,0,1.26417,0.236836,0.471343,0.66528,12.849,1,0.542351,0.36288,0,34.2953,5.1891,28.9267,0.84672,12.849,0.84672,3695.15,0,36.966,0.335238,1.59114,2.08667,10.8077,1.30256,12.8478,0.42336,36.966,0.42336,423.524,0,1.02816,0,0,2.6193,1.59114,1.028160,1,0,42.2458,0,0,0,42.2458,0
60.6568,2.66724,0,0,2.23709,0.298172,0.36288,3.6288,61.308,0.556035,0,0,1.60135,0.229569,0.815742,0.66528,12.849,1,0.555021,0.36288,0,54.5347,4.97463,49.368,0.84672,12.849,0.84672,3695.15,0,36.966,0.335264,2.21666,2.08675,9.95838,1.27142,12.6551,0.42336,36.966,0.42336,423.524,0,1.02816,0,0,3.24482,2.21666,1.028160,1,0,62.8388,0,0,0,62.8388,0
59.9795,2.49938,0,0,2.48548,0.300417,0.36288,3.6288,61.308,0.453556,0,0,2.29469,0.247112,1.59402,0.66528,12.849,1,0.529448,0.36288,0,49.6399,4.16145,45.3119,0.84672,12.849,0.84672,3695.15,0,36.966,0.273474,3.1783,2.08683,10.5611,1.18992,14.3628,0.42336,36.966,0.42336,423.524,0,1.02816,0,0,4.20646,3.1783,1.028160,1,0,61.2688,0,0,0,61.2688,0
59.2407,2.49455,0,0,2.4131,0.294496,0.36288,3.6288,61.308,0.453597,0,0,1.5924,0.251651,0.887148,0.66528,12.849,1,0.53439,0.36288,0,45.53,4.07358,41.2849,0.84672,12.849,0.84672,3695.15,0,36.966,0.273499,2.26506,1.92366,9.76216,1.18326,12.4941,0.42336,36.966,0.42336,423.524,0,1.02816,0,0,3.29322,2.26506,1.028160,1,0,54.6662,0,0,0,54.6662,0
57.9852,2.48917,0,0,1.88894,0.292415,0.36288,3.6288,61.308,0.453637,0,0,1.32823,0.251651,0.622939,0.66528,12.849,1,0.539887,0.36288,0,31.6192,4.07358,27.3686,0.84672,12.849,0.84672,3695.15,0,36.966,0.273523,1.78178,1.92373,15.8865,1.18326,18.1352,0.42336,36.966,0.42336,423.524,0,1.02816,0,0,2.80994,1.78178,1.028160,1,0,46.1267,0,0,0,46.1267,0
56.4675,2.47969,0,0,1.6077,0.282825,0.36288,3.6288,61.308,0.453677,0,0,1.6599,0.270963,0.935259,0.66528,12.849,1,0.549476,0.36288,0,42.966,4.73622,38.0432,0.84672,12.849,0.84672,3695.15,0,36.966,0.273547,2.64457,1.9238,17.9362,1.33667,20.8944,0.42336,36.966,0.42336,423.524,0,1.02816,0,0,3.67273,2.64457,1.028160,1,0,59.8728,0,0,0,59.8728,0
56.1267,2.46775,0,0,2.75613,0.266327,0.36288,3.6288,61.308,0.453717,0,0,1.52059,0.2464,0.820471,0.66528,12.849,1,0.561528,0.36288,0,51.6794,4.32465,47.1561,0.84672,12.849,0.84672,3695.15,0,36.966,0.273571,1.75853,1.92387,12.0876,1.17759,14.3189,0.42336,36.966,0.42336,423.524,0,1.02816,0,0,2.78669,1.75853,1.028160,1,0,62.2954,0,0,0,62.2954,0
55.5641,2.54228,0,0,2.5976,0.255011,0.36288,3.6288,61.308,0.489166,0,0,1.33757,0.194337,0.654064,0.66528,12.849,1,0.582001,0.36288,0,39.4206,3.11325,36.0882,0.84672,12.849,0.84672,3695.15,0,36.966,0.294945,1.08816,1.92395,9.42451,0.812062,11.3296,0.42336,36.966,0.42336,423.524,0,1.02816,0,0,2.11632,1.08816,1.028160,1,0,48.0719,0,0,0,48.0719,0
59.367,2.53757,0,0,6.95695,0.253586,0.36288,3.6288,61.308,0.489201,0,0,3.82551,0.194337,3.14197,0.66528,12.849,1,0.586805,0.36288,0,120.933,3.11325,117.596,0.84672,12.849,0.84672,3695.15,0,36.966,0.294966,3.83714,1.98565,23.7926,0.812062,28.5083,0.42336,36.966,0.42336,423.524,0,1.02816,0,0,4.8653,3.83714,1.028160,1,0,149.246,0,0,0,149.246,0
62.688,2.56855,0,0,6.52464,0.272213,0.36288,3.6288,61.308,0.489236,0,0,4.13307,0.199149,3.44469,0.66528,12.849,1,0.555921,0.36288,0,112.306,3.2047,108.908,0.84672,12.849,0.84672,3695.15,0,36.966,0.294987,5.01964,1.98571,20.6747,0.835529,26.5495,0.42336,36.966,0.42336,423.524,0,1.02816,0,0,6.0478,5.01964,1.028160,1,0,138.903,0,0,0,138.903,0
69.2631,2.59307,0,0,9.86671,0.335679,0.36288,3.6288,61.308,0.48927,0,0,5.52038,0.22802,4.80309,0.66528,12.849,1,0.531496,0.36288,0,269.854,3.75344,265.932,0.84672,12.849,0.84672,3695.15,0,36.966,0.295008,9.07375,1.98577,33.4252,0.976333,43.2134,0.42336,36.966,0.42336,423.524,0,1.02816,0,0,10.1019,9.07375,1.028160,1,0,313.948,0,0,0,313.948,0
72.29,2.84587,0,0,8.90413,0.310471,2.72086,3.6288,61.308,0.601755,0,0,5.13934,0.222161,4.31542,0.66528,12.849,1,0.527938,2.72086,0,165.307,4.10833,163.392,0.84672,12.849,0.84672,3695.15,0,36.966,0.362831,6.50618,1.98583,34.9199,1.14357,41.9055,0.42336,36.966,0.42336,423.524,0,1.02816,0,0,7.53434,6.50618,1.028160,1,0,209.613,0,0,0,209.613,0
72.29,2.86473,0,0,8.19081,0.317769,5.00831,3.6288,61.308,0.601793,0,0,3.71162,0.222161,2.88767,0.66528,12.849,1,0.509184,5.00831,0,115.419,4.10833,115.81,0.84672,12.849,0.84672,3695.15,0,36.966,0.362854,4.75899,2.17185,22.3296,1.14357,27.7541,0.42336,36.966,0.42336,423.524,0,1.02816,0,0,5.78715,4.75899,1.028160,1,0,146.452,0,0,0,146.452,0
72.29,2.86482,0,0,6.25583,0.323345,3.06767,3.6288,61.308,0.601831,0,0,3.47545,0.209004,2.66461,0.66528,12.849,1,0.509199,3.06767,0,125.638,3.93353,124.263,0.84672,12.849,0.84672,3695.15,0,36.966,0.362877,4.16596,2.17191,18.6202,1.10635,23.4889,0.42336,36.966,0.42336,423.524,0,1.02816,0,0,5.19412,4.16596,1.028160,1,0,150.416,0,0,0,150.416,0
72.29,2.8649,0,0,8.29057,0.337286,5.08838,3.6288,61.308,0.601869,0,0,3.74077,0.17611,2.9628,0.66528,12.849,1,0.509215,5.08838,0,159.341,3.4965,160.423,0.84672,12.849,0.84672,3695.15,0,36.966,0.3629,4.67792,2.17198,20.9957,1.01331,26.4694,0.42336,36.966,0.42336,423.524,0,1.02816,0,0,5.70608,4.67792,1.028160,1,0,189.855,0,0,0,189.855,0
72.29,2.54309,0,0,5.86335,0.34566,2.97461,3.6288,61.308,0.443968,0,0,2.23423,0.186351,1.60391,0.66528,12.849,1,0.452015,2.97461,0,126.011,3.67395,124.86,0.84672,12.849,0.84672,3695.15,0,36.966,0.267693,3.88622,2.17205,16.5485,1.01926,21.3198,0.42336,36.966,0.42336,423.524,0,1.02816,0,0,4.91438,3.88622,1.028160,1,0,147.783,0,0,0,147.783,0
72.29,2.54317,0,0,3.8158,0.34566,0.926969,3.6288,61.308,0.444001,0,0,2.08056,0.186351,1.45021,0.66528,12.849,1,0.452028,0.926969,0,83.3328,3.67395,80.1338,0.84672,12.849,0.84672,3695.15,0,36.966,0.267713,2.31991,1.90547,15.2619,1.01926,18.2003,0.42336,36.966,0.42336,423.524,0,1.02816,0,0,3.34807,2.31991,1.028160,1,0,99.7843,0,0,0,99.7843,0
71.6565,2.54324,0,0,2.61831,0.34566,0.36288,3.6288,61.308,0.444035,0,0,1.71272,0.186351,1.08234,0.66528,12.849,1,0.452042,0.36288,0,75.5076,3.67395,71.7444,0.84672,12.849,0.84672,3695.15,0,36.966,0.267733,2.28531,1.90553,11.9956,1.01926,14.8994,0.42336,36.966,0.42336,423.524,0,1.02816,0,0,3.31347,2.28531,1.028160,1,0,87.7262,0,0,0,87.7262,0
71.9904,2.53993,0,0,3.58074,0.343999,0.36288,3.6288,61.308,0.444068,0,0,1.81608,0.186351,1.18566,0.66528,12.849,1,0.455445,0.36288,0,83.9488,3.67395,80.1823,0.84672,12.849,0.84672,3695.15,0,36.966,0.267753,1.94909,1.90558,13.6775,1.01926,16.2451,0.42336,36.966,0.42336,423.524,0,1.02816,0,0,2.97725,1.94909,1.028160,1,0,97.6131,0,0,0,97.6131,0
72.29,2.5418,0,0,4.16816,0.288232,1.03857,3.6288,61.308,0.444101,0,0,1.86055,0.16703,1.24942,0.66528,12.849,1,0.453666,1.03857,0,107.784,4.04256,104.326,0.84672,12.849,0.84672,3695.15,0,36.966,0.267773,2.29886,1.90564,12.0034,1.1497,14.7904,0.42336,36.966,0.42336,423.524,0,1.02816,0,0,3.32702,2.29886,1.028160,1,0,120.366,0,0,0,120.366,0
72.29,2.63641,0,0,4.3066,0.291767,1.37842,3.6288,61.308,0.487794,0,0,1.6862,0.162849,1.03556,0.66528,12.849,1,0.468602,1.37842,0,105.594,4.307,102.197,0.84672,12.849,0.84672,3695.15,0,36.966,0.294118,1.93402,1.9057,12.602,1.21769,14.93,0.42336,36.966,0.42336,423.524,0,1.02816,0,0,2.96218,1.93402,1.028160,1,0,118.162,0,0,0,118.162,0
72.29,2.63649,0,0,3.74928,0.288557,0.824227,3.6288,61.308,0.487829,0,0,1.53077,0.166742,0.876195,0.66528,12.849,1,0.468616,0.824227,0,94.6175,4.41053,90.5626,0.84672,12.849,0.84672,3695.15,0,36.966,0.294139,1.69766,1.98034,13.7835,1.22523,15.9421,0.42336,36.966,0.42336,423.524,0,1.02816,0,0,2.72582,1.69766,1.028160,1,0,107.381,0,0,0,107.381,0
72.29,2.63657,0,0,3.5767,0.269298,0.67083,3.6288,61.308,0.487864,0,0,1.44681,0.1901,0.768848,0.66528,12.849,1,0.468631,0.67083,0,91.0492,5.0317,86.2197,0.84672,12.849,0.84672,3695.15,0,36.966,0.29416,1.76075,1.9804,13.6902,1.27048,15.8667,0.42336,36.966,0.42336,423.524,0,1.02816,0,0,2.78891,1.76075,1.028160,1,0,102.855,0,0,0,102.855,0
72.29,2.63665,0,0,4.07158,0.22734,1.20759,3.6288,61.308,0.487898,0,0,1.60633,0.202873,0.91556,0.66528,12.849,1,0.468645,1.20759,0,88.8978,4.95089,84.6859,0.84672,12.849,0.84672,3695.15,0,36.966,0.294181,1.71071,1.98046,15.3827,1.28979,17.4899,0.42336,36.966,0.42336,423.524,0,1.02816,0,0,2.73887,1.71071,1.028160,1,0,103.091,0,0,0,103.091,0
72.29,2.60039,0,0,3.55831,0.122443,0.835469,3.6288,61.308,0.470974,0,0,1.82082,0.234806,1.11504,0.66528,12.849,1,0.4622,0.835469,0,81.2056,4.74883,76.8301,0.84672,12.849,0.84672,3695.15,0,36.966,0.283976,1.6875,1.98052,10.4143,1.33808,12.4603,0.42336,36.966,0.42336,423.524,0,1.02816,0,0,2.71566,1.6875,1.028160,1,0,90.4054,0,0,0,90.4054,0
72.29,2.60047,0,0,3.43996,0.122443,0.717047,3.6288,61.308,0.471008,0,0,1.61462,0.234806,0.908803,0.66528,12.849,1,0.462214,0.717047,0,71.744,4.74883,67.25,0.84672,12.849,0.84672,3695.15,0,36.966,0.283997,1.44149,1.95156,9.89574,1.33808,11.6667,0.42336,36.966,0.42336,423.524,0,1.02816,0,0,2.46965,1.44149,1.028160,1,0,79.8255,0,0,0,79.8255,0
72.2205,2.60055,0,0,3.03291,0.138994,0.36288,3.6288,61.308,0.471042,0,0,1.54948,0.193991,0.884448,0.66528,12.849,1,0.462229,0.36288,0,68.8366,4.41386,64.3234,0.84672,12.849,0.84672,3695.15,0,36.966,0.284017,1.37504,1.95162,9.56146,1.24144,11.3627,0.42336,36.966,0.42336,423.524,0,1.02816,0,0,2.4032,1.37504,1.028160,1,0,76.5705,0,0,0,76.5705,0
72.111,2.60025,0,0,2.95746,0.103842,0.36288,3.6288,61.308,0.471076,0,0,1.75227,0.180276,1.10092,0.66528,12.849,1,0.462621,0.36288,0,69.9209,4.38933,65.4319,0.84672,12.849,0.84672,3695.15,0,36.966,0.284038,1.99915,1.95168,10.8603,1.21458,13.3125,0.42336,36.966,0.42336,423.524,0,1.02816,0,0,3.02731,1.99915,1.028160,1,0,79.8453,0,0,0,79.8453,0
71.667,2.72306,0,0,2.7485,0.10657,0.36288,3.6288,61.308,0.531259,0,0,1.47797,0.21135,0.735358,0.66528,12.849,1,0.485205,0.36288,0,57.6787,4.40856,53.1479,0.84672,12.849,0.84672,3695.15,0,36.966,0.320326,1.3929,1.95174,8.76243,1.06988,10.7169,0.42336,36.966,0.42336,423.524,0,1.02816,0,0,2.42106,1.3929,1.028160,1,0,64.6001,0,0,0,64.6001,0
70.9301,2.7206,0,0,2.40996,0.0633444,0.36288,3.6288,61.308,0.531295,0,0,1.3388,0.21305,0.594457,0.66528,12.849,1,0.487769,0.36288,0,48.3197,4.38007,43.8148,0.84672,12.849,0.84672,3695.15,0,36.966,0.320347,1.33694,2.05352,7.83527,0.981495,9.92389,0.42336,36.966,0.42336,423.524,0,1.02816,0,0,2.3651,1.33694,1.028160,1,0,54.3331,0,0,0,54.3331,0
70.1271,2.71639,0,0,2.33923,0.0629885,0.36288,3.6288,61.308,0.531331,0,0,1.42178,0.21305,0.6774,0.66528,12.849,1,0.492075,0.36288,0,46.056,4.38007,41.5467,0.84672,12.849,0.84672,3695.15,0,36.966,0.320369,1.30986,2.05358,8.33509,0.981495,10.3967,0.42336,36.966,0.42336,423.524,0,1.02816,0,0,2.33802,1.30986,1.028160,1,0,52.6208,0,0,0,52.6208,0
69.2091,2.71171,0,0,2.21922,0.0626007,0.36288,3.6288,61.308,0.531367,0,0,1.38162,0.21305,0.637205,0.66528,12.849,1,0.496852,0.36288,0,43.2573,4.38007,38.7432,0.84672,12.849,0.84672,3695.15,0,36.966,0.320391,1.21033,2.05365,7.70619,0.981495,9.66828,0.42336,36.966,0.42336,423.524,0,1.02816,0,0,2.23849,1.21033,1.028160,1,0,49.0487,0,0,0,49.0487,0
68.5228,2.70624,0,0,2.45299,0.0701543,0.36288,3.6288,61.308,0.531403,0,0,1.28311,0.223441,0.528265,0.66528,12.849,1,0.502426,0.36288,0,40.8409,4.69579,36.0056,0.84672,12.849,0.84672,3695.15,0,36.966,0.320412,1.02801,2.05371,6.94976,1.05203,8.65904,0.42336,36.966,0.42336,423.524,0,1.02816,0,0,2.05617,1.02801,1.028160,1,0,45.1929,0,0,0,45.1929,0
67.6746,2.99095,0,0,2.58132,0.075746,0.36288,3.6288,61.308,0.280829,0,0,1.22406,0.231234,0.712001,0.66528,12.849,1,0.560846,0.36288,0,40.7491,4.93258,35.6185,0.84672,12.849,0.84672,3695.15,0,36.966,0.169327,1.01314,2.05377,6.34781,1.10493,8.14046,0.42336,36.966,0.42336,423.524,0,1.02816,0,0,2.0413,1.01314,1.028160,1,0,44.471,0,0,0,44.471,0
66.5947,2.98512,0,0,2.34343,0.0752441,0.36288,3.6288,61.308,0.280865,0,0,1.15636,0.231234,0.644261,0.66528,12.849,1,0.566769,0.36288,0,39.5379,4.93258,34.4015,0.84672,12.849,0.84672,3695.15,0,36.966,0.169349,0.812886,1.80775,5.96682,1.10493,7.31318,0.42336,36.966,0.42336,423.524,0,1.02816,0,0,1.84105,0.812886,1.028160,1,0,42.3589,0,0,0,42.3589,0
65.6895,2.62261,0,0,2.14576,0.0654962,0.36288,3.6288,61.308,0.545014,0,0,1.10057,0.253172,0.302386,0.66528,12.849,1,0.506015,0.36288,0,34.8675,5.21488,29.5095,0.84672,12.849,0.84672,3695.15,0,36.966,0.328619,0.737329,1.80782,5.79467,1.20797,6.80322,0.42336,36.966,0.42336,423.524,0,1.02816,0,0,1.76549,0.737329,1.028160,1,0,36.6151,0,0,0,36.6151,0
64.7372,2.61686,0,0,2.07141,0.0440008,0.36288,3.6288,61.308,0.54505,0,0,1.01987,0.307063,0.167753,0.66528,12.849,1,0.511863,0.36288,0,31.5664,5.87009,25.5473,0.84672,12.849,0.84672,3695.15,0,36.966,0.328641,0.687701,2.05563,5.4284,1.46669,6.3764,0.42336,36.966,0.42336,423.524,0,1.02816,0,0,1.71586,0.687701,1.028160,1,0,32.0915,0,0,0,32.0915,0
63.8048,2.67159,0,0,2.15519,0.0530983,0.36288,3.6288,61.308,0.574079,0,0,0.963697,0.301333,0.0882845,0.66528,12.849,1,0.530255,0.36288,0,31.6564,5.56679,25.9223,0.84672,12.849,0.84672,3695.15,0,36.966,0.346144,0.679501,2.05569,4.71289,1.47333,5.62861,0.42336,36.966,0.42336,423.524,0,1.02816,0,0,1.70766,0.679501,1.028160,1,0,31.6392,0,0,0,31.6392,0
62.7418,2.66522,0,0,2.01777,0.0526998,0.36288,3.6288,61.308,0.574117,0,0,0.92931,0.301333,0.05386,0.66528,12.849,1,0.536721,0.36288,0,29.6949,5.56679,23.9543,0.84672,12.849,0.84672,3695.15,0,36.966,0.346167,0.691623,2.10535,4.87471,1.47333,5.85218,0.42336,36.966,0.42336,423.524,0,1.02816,0,0,1.71978,0.691623,1.028160,1,0,29.8603,0,0,0,29.8603,0
61.453,2.65775,0,0,1.78409,0.0522455,0.36288,3.6288,61.3074,0.574154,0,0,0.87486,0.301333,0,0.66528,12.849,1,0.544286,0.36288,0,28.0511,5.56679,22.3029,0.84672,12.849,0.84672,3695.15,0,36.966,0.346189,0.513467,2.10541,4.5731,1.47333,5.37246,0.42336,36.966,0.42336,423.524,0,1.02816,0,0,1.54163,0.513467,1.028160,1,0,27.6753,0,0,0,27.6753,0
60.0112,2.64839,0,0,1.6122,0.042698,0.36288,3.6288,61.2929,0.574189,0,0,0.866212,0.306512,0,0.66528,12.849,1,0.553743,0.36288,0,26.5906,5.71633,20.6834,0.84672,12.849,0.84672,3695.15,0,36.966,0.346214,0.467441,2.10548,4.56297,1.50321,5.28646,0.42336,36.966,0.42336,423.524,0,1.02816,0,0,1.4956,0.467441,1.028160,1,0,25.9699,0,0,0,25.9699,0
58.1923,2.81366,0,0,1.40848,0.0508419,0.36288,3.6288,61.1261,0.66528,0,0,0.793515,0.295023,0,0.66528,12.849,1,0.602433,0.36288,0,24.4189,5.75798,18.4214,0.84672,12.849,0.84672,3695.15,0,36.966,0.422951,0.492221,2.10554,3.49395,1.49948,4.16927,0.42336,36.966,0.42336,423.524,0,1.02816,0,0,1.52038,0.492221,1.028160,1,0,22.5906,0,0,0,22.5906,0
56.2547,2.79832,0,0,1.28067,0.0570422,0.36288,3.6288,60.8639,0.66528,0,0,0.692652,0.289565,0,0.66528,12.849,1,0.617877,0.36288,0,21.8544,5.70528,15.8942,0.84672,12.849,0.84672,3695.15,0,36.966,0.423016,0.434341,2.2753,3.06173,1.50971,3.83865,0.42336,36.966,0.42336,423.524,0,1.02816,0,0,1.4625,0.434341,1.028160,1,0,19.7328,0,0,0,19.7328,0
54.4184,2.78109,0,0,1.36356,0.0559667,0.36288,3.6288,60.5965,0.66528,0,0,0.687001,0.289084,0,0.66528,12.849,1,0.635221,0.36288,0,20.4152,5.70528,14.4376,0.84672,12.849,0.84672,3695.15,0,36.966,0.423081,0.411748,2.27537,3.2269,1.50971,3.98123,0.42336,36.966,0.42336,423.524,0,1.02816,0,0,1.43991,0.411748,1.028160,1,0,18.4188,0,0,0,18.4188,0
53.2746,2.76383,0,0,2.04664,0.0636836,0.36288,3.6288,60.4628,0.66528,0,0,0.818001,0.286458,0,0.66528,12.849,1,0.652582,0.36288,0,30.1466,5.64591,24.211,0.84672,12.849,0.84672,3695.15,0,36.966,0.423145,0.69628,2.27544,3.42926,1.50243,4.47541,0.42336,36.966,0.42336,423.524,0,1.02816,0,0,1.72444,0.69628,1.028160,1,0,28.6864,0,0,0,28.6864,0
52.5563,2.75263,0,0,2.48449,0.0873379,0.36288,3.6288,60.4249,0.66528,0,0,0.907312,0.279942,0,0.66528,12.849,1,0.66389,0.36288,0,32.1202,5.51947,26.2997,0.84672,12.849,0.84672,3695.15,0,36.966,0.42321,0.604705,2.27551,3.72081,1.45059,4.72722,0.42336,36.966,0.42336,423.524,0,1.02816,0,0,1.63286,0.604705,1.028160,1,0,31.0269,0,0,0,31.0269,0
51.4444,2.66165,0,0,2.00791,0.0952418,0.36288,3.6288,60.2779,0.612192,0,0,0.745995,0.280791,0,0.66528,12.849,1,0.650723,0.36288,0,24.5404,5.45968,18.7928,0.84672,12.849,0.84672,3695.15,0,36.966,0.374519,0.53981,2.27558,3.14308,1.40695,4.17699,0.42336,36.966,0.42336,423.524,0,1.02816,0,0,1.56797,0.53981,1.028160,1,0,22.9698,0,0,0,22.9698,0
49.9879,2.65048,0,0,1.65106,0.0941514,0.36288,3.6288,60.4284,0.611664,0,0,1.04265,0.280529,0,0.66528,12.849,1,0.661997,0.36288,0,23.823,5.45968,18.0642,0.84672,12.849,0.84672,3695.15,0,36.966,0.375109,1.64697,2.17743,3.5487,1.40695,5.59104,0.42336,36.966,0.42336,423.524,0,1.02816,0,0,2.67513,1.64697,1.028160,1,0,23.6552,0,0,0,23.6552,0
48.2671,2.63522,0,0,1.36998,0.0927232,0.36288,3.6288,60.0961,0.612282,0,0,0.560787,0.280797,0,0.66528,12.849,1,0.677361,0.36288,0,22.8258,5.45968,17.0517,0.84672,12.849,0.84672,3695.15,0,36.966,0.374553,0.356728,2.17749,2.64285,1.40695,3.39556,0.42336,36.966,0.42336,423.524,0,1.02816,0,0,1.38489,0.356728,1.028160,1,0,20.4472,0,0,0,20.4472,0
47.12,2.61622,0,0,1.97042,0.1384,0.36288,3.6288,59.9397,0.611038,0,0,0.689778,0.235069,0,0.66528,12.849,1,0.696455,0.36288,0,26.6401,4.8368,21.4697,0.84672,12.849,0.84672,3695.15,0,36.966,0.375858,0.532414,2.17756,2.90816,1.21226,4.03002,0.42336,36.966,0.42336,423.524,0,1.02816,0,0,1.56057,0.532414,1.028160,1,0,25.4997,0,0,0,25.4997,0
45.0766,2.53574,0,0,1.05691,0.20172,0.36288,3.6288,59.7919,0.553122,0,0,0.642177,0.23688,0,0.66528,12.849,1,0.691463,0.36288,0,29.7019,4.41032,24.963,0.84672,12.849,0.84672,3695.15,0,36.966,0.341121,0.302003,2.17763,3.65482,1.11455,4.67879,0.42336,36.966,0.42336,423.524,0,1.02816,0,0,1.33016,0.302003,1.028160,1,0,29.6418,0,0,0,29.6418,0
43.2502,2.51143,0,0,1.24508,0.197179,0.36288,3.6288,59.2748,0.771743,0,0,0.491267,0.236657,0,0.66528,12.849,1,0.715877,0.36288,0,34.3932,4.41032,29.6298,0.84672,12.849,0.84672,3695.15,0,36.966,0.42336,0.216518,2.09003,3.79858,1.11455,4.56721,0.42336,36.966,0.42336,423.524,0,0.727358,0,0,0.943877,0.216518,1.028160,1,0,34.1971,0,0,0,34.1971,0
43.8942,2.4882,0,0,3.68823,0.193119,0.36288,3.6288,60.1046,0.550837,0,0,1.61656,0.235875,0,0.66528,12.849,1,0.739207,0.36288,0,64.6504,4.41032,59.8637,0.84672,12.849,0.84672,3695.15,0,36.966,0.343523,2.30926,2.09009,6.6906,1.11455,9.63188,0.42336,36.966,0.42336,423.524,0,1.02816,0,0,3.33742,2.30926,1.028160,1,0,69.4956,0,0,0,69.4956,0
43.734,2.49666,0,0,2.89926,0.199897,0.36288,3.6288,60.5611,0.553811,0,0,1.2497,0.239424,0,0.66528,12.849,1,0.730839,0.36288,0,73.029,4.34891,68.3121,0.84672,12.849,0.84672,3695.15,0,36.966,0.340609,1.99235,2.09015,6.39349,1.09334,9.04205,0.42336,36.966,0.42336,423.524,0,1.02816,0,0,3.02051,1.99235,1.028160,1,0,77.3542,0,0,0,77.3542,0
44.4013,2.34483,0,0,3.59272,0.217739,0.36288,3.6288,61.2987,0.453227,0,0,1.42239,0.23154,0,0.66528,12.849,1,0.688907,0.36288,0,41.7754,3.99687,37.4525,0.84672,12.849,0.84672,3695.15,0,36.966,0.276646,1.28451,2.09022,7.61855,0.999191,9.71744,0.42336,36.966,0.42336,423.524,0,1.02816,0,0,2.31267,1.28451,1.028160,1,0,47.17,0,0,0,47.17,0
44.7728,2.35293,0,0,3.30108,0.213836,0.36288,3.6288,61.308,0.455338,0,0,1.28468,0.223626,0.596431,0.66528,12.849,1,0.680899,0.36288,0,52.5696,4.00344,48.2481,0.84672,12.849,0.84672,3695.15,0,36.966,0.27459,1.12964,1.92678,6.88904,1.01244,8.65843,0.42336,36.966,0.42336,423.524,0,1.02816,0,0,2.1578,1.12964,1.028160,1,0,57.503,0,0,0,57.503,0
44.7086,2.35739,0,0,2.87084,0.214738,0.36288,3.6288,61.308,0.455397,0,0,1.15392,0.223639,0.474879,0.66528,12.849,1,0.67653,0.36288,0,42.4871,4.00344,38.17,0.84672,12.849,0.84672,3695.15,0,36.966,0.274584,0.827358,1.92684,5.55412,1.01244,7.02129,0.42336,36.966,0.42336,423.524,0,1.02816,0,0,1.85552,0.827358,1.028160,1,0,45.6662,0,0,0,45.6662,0
45.2498,2.35671,0,0,3.46978,0.20896,0.36288,3.6288,61.308,0.455431,0,0,1.33214,0.249439,0.627271,0.66528,12.849,1,0.677306,0.36288,0,39.8376,3.42747,36.0957,0.84672,12.849,0.84672,3695.15,0,36.966,0.274605,1.2847,1.9269,6.75182,0.833988,8.85483,0.42336,36.966,0.42336,423.524,0,1.02816,0,0,2.31286,1.2847,1.028160,1,0,45.5778,0,0,0,45.5778,0
46.1041,2.36309,0,0,3.79443,0.21417,0.36288,3.6288,61.308,0.455464,0,0,1.4108,0.227076,0.728259,0.66528,12.849,1,0.671017,0.36288,0,57.2194,3.5499,53.3614,0.84672,12.849,0.84672,3695.15,0,36.966,0.274625,1.63353,1.92696,7.55122,0.816413,10.0207,0.42336,36.966,0.42336,423.524,0,1.02816,0,0,2.66169,1.63353,1.028160,1,0,64.1103,0,0,0,64.1103,0
46.1101,2.44722,0,0,3.05573,0.23965,0.36288,3.6288,61.308,0.490963,0,0,1.82906,0.14963,1.18847,0.66528,12.849,1,0.682029,0.36288,0,69.6219,3.99462,65.3081,0.84672,12.849,0.84672,3695.15,0,36.966,0.296029,2.38201,1.92702,9.47998,0.720852,12.7721,0.42336,36.966,0.42336,423.524,0,1.02816,0,0,3.41017,2.38201,1.028160,1,0,79.2687,0,0,0,79.2687,0
45.7836,2.44735,0,0,2.72347,0.239666,0.36288,3.6288,61.308,0.490991,0,0,1.81803,0.14963,1.17741,0.66528,12.849,1,0.681977,0.36288,0,61.2721,3.99462,56.9584,0.84672,12.849,0.84672,3695.15,0,36.966,0.296046,2.42323,1.98881,8.02388,0.720852,11.419,0.42336,36.966,0.42336,423.524,0,1.02816,0,0,3.45139,2.42323,1.028160,1,0,69.5548,0,0,0,69.5548,0
45.3465,2.44361,0,0,2.60817,0.238795,0.36288,3.6288,61.308,0.491019,0,0,1.57603,0.14963,0.935382,0.66528,12.849,1,0.68579,0.36288,0,45.0952,3.99462,40.7777,0.84672,12.849,0.84672,3695.15,0,36.966,0.296063,1.87954,1.98886,7.28879,0.720852,10.1403,0.42336,36.966,0.42336,423.524,0,1.02816,0,0,2.9077,1.87954,1.028160,1,0,51.8533,0,0,0,51.8533,0
45.5842,2.43852,0,0,3.29292,0.253893,0.36288,3.6288,61.308,0.491047,0,0,1.83787,0.139723,1.2071,0.66528,12.849,1,0.690958,0.36288,0,75.3507,4.14186,70.8808,0.84672,12.849,0.84672,3695.15,0,36.966,0.29608,2.38543,1.98891,8.82887,0.688325,12.2188,0.42336,36.966,0.42336,423.524,0,1.02816,0,0,3.41359,2.38543,1.028160,1,0,84.3067,0,0,0,84.3067,0
49.6946,2.63605,0,0,7.36055,0.251182,0.36288,3.6288,61.308,0.603701,0,0,3.51609,0.163019,2.74937,0.66528,12.849,1,0.743036,0.36288,0,188.77,3.82092,184.569,0.84672,12.849,0.84672,3695.15,0,36.966,0.364005,6.88932,1.98896,29.9044,0.942347,37.4763,0.42336,36.966,0.42336,423.524,0,1.02816,0,0,7.91748,6.88932,1.028160,1,0,224.795,0,0,0,224.795,0
51.6152,2.68495,0,0,5.2285,0.260024,0.36288,3.6288,61.308,0.603732,0,0,3.68236,0.168141,2.91049,0.66528,12.849,1,0.69422,0.36288,0,110.155,3.74902,106.074,0.84672,12.849,0.84672,3695.15,0,36.966,0.364023,6.32287,2.17525,19.6092,0.988749,26.7545,0.42336,36.966,0.42336,423.524,0,1.02816,0,0,7.35103,6.32287,1.028160,1,0,135.739,0,0,0,135.739,0
52.3584,2.7057,0,0,4.07706,0.265322,0.36288,3.6288,61.308,0.603762,0,0,2.48211,0.168141,1.7102,0.66528,12.849,1,0.673553,0.36288,0,78.6491,3.74902,74.5894,0.84672,12.849,0.84672,3695.15,0,36.966,0.364042,2.72257,2.1753,12.5363,0.988749,16.0814,0.42336,36.966,0.42336,423.524,0,1.02816,0,0,3.75073,2.72257,1.028160,1,0,92.3809,0,0,0,92.3809,0
52.4546,2.71345,0,0,3.43165,0.259163,0.36288,3.6288,61.308,0.603793,0,0,2.19646,0.181667,1.411,0.66528,12.849,1,0.665893,0.36288,0,59.7544,3.77509,55.6763,0.84672,12.849,0.84672,3695.15,0,36.966,0.36406,2.01493,2.17535,10.6071,1.01168,13.4216,0.42336,36.966,0.42336,423.524,0,1.02816,0,0,3.04309,2.01493,1.028160,1,0,70.5089,0,0,0,70.5089,0
57.6158,2.4095,0,0,8.22425,0.290666,0.36288,3.6288,61.308,0.445641,0,0,3.19782,0.191591,2.56059,0.66528,12.849,1,0.590219,0.36288,0,217.89,3.33582,214.327,0.84672,12.849,0.84672,3695.15,0,36.966,0.268702,5.69465,2.17541,26.8561,0.955338,33.5022,0.42336,36.966,0.42336,423.524,0,1.02816,0,0,6.72281,5.69465,1.028160,1,0,250.39,0,0,0,250.39,0
62.5781,2.45279,0,0,8.09326,0.315219,0.36288,3.6288,61.308,0.445668,0,0,2.69495,0.18761,2.06167,0.66528,12.849,1,0.547002,0.36288,0,246.989,3.25174,243.553,0.84672,12.849,0.84672,3695.15,0,36.966,0.268718,5.66578,1.90841,28.2989,0.936393,34.6679,0.42336,36.966,0.42336,423.524,0,1.02816,0,0,6.69394,5.66578,1.028160,1,0,280.283,0,0,0,280.283,0
65.5959,2.48884,0,0,6.18922,0.319735,0.36288,3.6288,61.308,0.445695,0,0,1.87597,0.195468,1.23481,0.66528,12.849,1,0.511027,0.36288,0,185.701,3.33073,182.222,0.84672,12.849,0.84672,3695.15,0,36.966,0.268734,2.98464,1.90845,20.1097,0.966101,23.7679,0.42336,36.966,0.42336,423.524,0,1.02816,0,0,4.0128,2.98464,1.028160,1,0,207.225,0,0,0,207.225,0
67.6927,2.50856,0,0,5.20679,0.238555,0.36288,3.6288,61.308,0.445721,0,0,1.49975,0.235972,0.818055,0.66528,12.849,1,0.49138,0.36288,0,142.204,4.10227,137.973,0.84672,12.849,0.84672,3695.15,0,36.966,0.26875,1.85332,1.9085,14.3052,1.20215,16.5961,0.42336,36.966,0.42336,423.524,0,1.02816,0,0,2.88148,1.85332,1.028160,1,0,155.387,0,0,0,155.387,0
68.796,2.52142,0,0,4.26991,0.282319,0.36288,3.6288,61.308,0.445748,0,0,1.60591,0.225967,0.934193,0.66528,12.849,1,0.478599,0.36288,0,122.539,4.06246,118.36,0.84672,12.849,0.84672,3695.15,0,36.966,0.268766,2.30972,1.90855,13.6032,1.19209,16.3607,0.42336,36.966,0.42336,423.524,0,1.02816,0,0,3.33788,2.30972,1.028160,1,0,135.655,0,0,0,135.655,0
68.7694,2.62031,0,0,3.31019,0.353614,0.36288,3.6288,61.308,0.489501,0,0,1.24271,0.216173,0.537035,0.66528,12.849,1,0.489394,0.36288,0,73.1903,3.85067,69.2131,0.84672,12.849,0.84672,3695.15,0,36.966,0.295147,1.11544,1.90859,10.6767,1.14786,12.2577,0.42336,36.966,0.42336,423.524,0,1.02816,0,0,2.1436,1.11544,1.028160,1,0,82.0079,0,0,0,82.0079,0
71.0864,2.62022,0,0,5.65364,0.353541,0.36288,3.6288,61.308,0.489529,0,0,2.15197,0.216173,1.44627,0.66528,12.849,1,0.489566,0.36288,0,111.605,3.85067,107.627,0.84672,12.849,0.84672,3695.15,0,36.966,0.295164,3.91664,1.98333,13.0102,1.14786,17.4672,0.42336,36.966,0.42336,423.524,0,1.02816,0,0,4.9448,3.91664,1.028160,1,0,126.541,0,0,0,126.541,0
72.2557,2.6338,0,0,4.52588,0.359927,0.36288,3.6288,61.308,0.489557,0,0,1.95522,0.216173,1.24949,0.66528,12.849,1,0.476064,0.36288,0,93.0753,3.85067,89.1114,0.84672,12.849,0.84672,3695.15,0,36.966,0.295181,2.71728,1.98338,11.4921,1.14786,14.7497,0.42336,36.966,0.42336,423.524,0,1.02816,0,0,3.74544,2.71728,1.028160,1,0,105.111,0,0,0,105.111,0
72.29,2.6404,0,0,3.40709,0.283042,0.44931,3.6288,61.308,0.489584,0,0,1.47791,0.270185,0.718137,0.66528,12.849,1,0.469534,0.44931,0,76.9763,4.72791,72.2282,0.84672,12.849,0.84672,3695.15,0,36.966,0.295198,1.80681,1.98343,9.16281,1.41454,11.2433,0.42336,36.966,0.42336,423.524,0,1.02816,0,0,2.83497,1.80681,1.028160,1,0,84.1897,0,0,0,84.1897,0
71.9883,2.60426,0,0,2.96497,0.299483,0.36288,3.6288,61.308,0.472628,0,0,1.14919,0.233821,0.44274,0.66528,12.849,1,0.462888,0.36288,0,67.1224,4.66473,62.3577,0.84672,12.849,0.84672,3695.15,0,36.966,0.284974,1.85535,1.98348,7.38789,1.17818,9.76357,0.42336,36.966,0.42336,423.524,0,1.02816,0,0,2.88351,1.85535,1.028160,1,0,72.564,0,0,0,72.564,0
71.3617,2.60268,0,0,2.63771,0.298797,0.36288,3.6288,61.308,0.472655,0,0,1.02827,0.233821,0.321796,0.66528,12.849,1,0.464545,0.36288,0,57.5548,4.66473,52.7884,0.84672,12.849,0.84672,3695.15,0,36.966,0.28499,1.49466,1.95446,6.31693,1.17818,8.30288,0.42336,36.966,0.42336,423.524,0,1.02816,0,0,2.52282,1.49466,1.028160,1,0,61.413,0,0,0,61.413,0
70.5333,2.59929,0,0,2.4183,0.284502,0.36288,3.6288,61.308,0.472683,0,0,0.93039,0.216754,0.240953,0.66528,12.849,1,0.468013,0.36288,0,52.807,4.31085,48.391,0.84672,12.849,0.84672,3695.15,0,36.966,0.285007,1.31166,1.95451,5.90322,1.08843,7.79596,0.42336,36.966,0.42336,423.524,0,1.02816,0,0,2.33982,1.31166,1.028160,1,0,56.4279,0,0,0,56.4279,0
69.5883,2.5947,0,0,2.27819,0.265648,0.36288,3.6288,61.308,0.47271,0,0,0.889497,0.193999,0.222787,0.66528,12.849,1,0.472674,0.36288,0,49.4472,3.83901,45.4984,0.84672,12.849,0.84672,3695.15,0,36.966,0.285023,1.42474,1.95456,5.54148,0.968752,7.66701,0.42336,36.966,0.42336,423.524,0,1.02816,0,0,2.4529,1.42474,1.028160,1,0,53.3882,0,0,0,53.3882,0
68.4304,2.71218,0,0,2.13153,0.21441,0.36288,3.6288,61.308,0.532975,0,0,0.939099,0.217493,0.188631,0.66528,12.849,1,0.500785,0.36288,0,44.2123,4.54964,39.5248,0.84672,12.849,0.84672,3695.15,0,36.966,0.32136,1.61119,1.95461,5.30307,1.14809,7.39941,0.42336,36.966,0.42336,423.524,0,1.02816,0,0,2.63935,1.61119,1.028160,1,0,47.1128,0,0,0,47.1128,0
67.1818,2.70511,0,0,2.01239,0.192941,0.36288,3.6288,61.308,0.533004,0,0,0.810285,0.22689,0.0503912,0.66528,12.849,1,0.507932,0.36288,0,40.5264,4.83389,35.5474,0.84672,12.849,0.84672,3695.15,0,36.966,0.321377,1.22645,2.05652,4.374,1.21983,6.11576,0.42336,36.966,0.42336,423.524,0,1.02816,0,0,2.25461,1.22645,1.028160,1,0,41.7136,0,0,0,41.7136,0
65.7309,2.69725,0,0,1.77955,0.170301,0.36288,3.6288,61.2944,0.533033,0,0,0.760536,0.241055,0,0.66528,12.849,1,0.515868,0.36288,0,36.0253,4.99454,30.8778,0.84672,12.849,0.84672,3695.15,0,36.966,0.321395,1.09912,2.05657,4.27137,1.26088,5.84479,0.42336,36.966,0.42336,423.524,0,1.02816,0,0,2.12728,1.09912,1.028160,1,0,36.7226,0,0,0,36.7226,0
64.2237,2.68779,0,0,1.68448,0.140991,0.36288,3.6288,61.2312,0.533017,0,0,0.729657,0.25992,0,0.66528,12.849,1,0.525406,0.36288,0,33.3228,5.20874,27.9515,0.84672,12.849,0.84672,3695.15,0,36.966,0.321457,0.986481,2.05663,4.15828,1.31561,5.56432,0.42336,36.966,0.42336,423.524,0,1.02816,0,0,2.01464,0.986481,1.028160,1,0,33.5158,0,0,0,33.5158,0
62.5241,2.67758,0,0,1.47532,0.134517,0.36288,3.6288,61.1628,0.532839,0,0,0.722002,0.257512,0,0.66528,12.849,1,0.535694,0.36288,0,34.248,5.29432,28.7809,0.84672,12.849,0.84672,3695.15,0,36.966,0.321681,0.849364,2.05668,4.47898,1.29203,5.77131,0.42336,36.966,0.42336,423.524,0,1.02816,0,0,1.87752,0.849364,1.028160,1,0,34.5522,0,0,0,34.5522,0
60.6871,2.59884,0,0,1.25117,0.126388,0.36288,3.6288,61.1126,0.546153,0,0,0.750263,0.254331,0,0.66528,12.849,1,0.534075,0.36288,0,33.9265,5.40844,28.3469,0.84672,12.849,0.84672,3695.15,0,36.966,0.330088,0.837812,2.05673,4.7195,1.26059,6.02336,0.42336,36.966,0.42336,423.524,0,1.02816,0,0,1.86597,0.837812,1.028160,1,0,34.3702,0,0,0,34.3702,0
58.8601,2.58557,0,0,1.24594,0.124486,0.36288,3.6288,61.0621,0.546013,0,0,0.749719,0.25425,0,0.66528,12.849,1,0.54743,0.36288,0,32.049,5.40844,26.456,0.84672,12.849,0.84672,3695.15,0,36.966,0.330274,0.959325,2.05845,5.08435,1.26059,6.51126,0.42336,36.966,0.42336,423.524,0,1.02816,0,0,1.98749,0.959325,1.028160,1,0,32.9673,0,0,0,32.9673,0
57.0038,2.57168,0,0,1.19627,0.11809,0.36288,3.6288,60.975,0.545872,0,0,0.720766,0.261929,0,0.66528,12.849,1,0.561391,0.36288,0,30.0829,5.51703,24.3674,0.84672,12.849,0.84672,3695.15,0,36.966,0.330462,0.979249,2.0585,5.15355,1.29734,6.5635,0.42336,36.966,0.42336,423.524,0,1.02816,0,0,2.00741,0.979249,1.028160,1,0,30.9309,0,0,0,30.9309,0
55.0456,2.55683,0,0,1.05238,0.0908794,0.36288,3.6288,60.8058,0.545608,0,0,0.682042,0.305647,0,0.66528,12.849,1,0.576324,0.36288,0,28.4618,6.30414,21.9442,0.84672,12.849,0.84672,3695.15,0,36.966,0.330774,0.727047,2.05855,4.94621,1.56813,5.8329,0.42336,36.966,0.42336,423.524,0,1.02816,0,0,1.75521,0.727047,1.028160,1,0,27.7771,0,0,0,27.7771,0
52.9345,2.59955,0,0,0.94189,0.0904746,0.36288,3.6288,60.6344,0.574008,0,0,0.723089,0.320504,0,0.66528,12.849,1,0.6068,0.36288,0,27.5676,5.88189,21.4418,0.84672,12.849,0.84672,3695.15,0,36.966,0.34896,0.81432,2.0586,4.39053,1.44839,5.4661,0.42336,36.966,0.42336,423.524,0,1.02816,0,0,1.84248,0.81432,1.028160,1,0,26.9079,0,0,0,26.9079,0
50.8217,2.58014,0,0,0.91876,0.0885573,0.36288,3.6288,60.407,0.573425,0,0,0.666213,0.320156,0,0.66528,12.849,1,0.626287,0.36288,0,27.5322,5.88189,21.3869,0.84672,12.849,0.84672,3695.15,0,36.966,0.349591,0.978687,2.10831,4.70476,1.44839,5.99378,0.42336,36.966,0.42336,423.524,0,1.02816,0,0,2.00685,0.978687,1.028160,1,0,27.3807,0,0,0,27.3807,0
48.6725,2.55942,0,0,0.85974,0.0866382,0.36288,3.6288,60.1314,0.572639,0,0,0.616675,0.319694,0,0.66528,12.849,1,0.647086,0.36288,0,24.8549,5.88189,18.6888,0.84672,12.849,0.84672,3695.15,0,36.966,0.350426,0.892572,2.10836,4.19895,1.44839,5.40108,0.42336,36.966,0.42336,423.524,0,1.02816,0,0,1.92073,0.892572,1.028160,1,0,24.0898,0,0,0,24.0898,0
46.4774,2.53688,0,0,0.789281,0.0846788,0.36288,3.6288,59.8504,0.571674,0,0,0.6099,0.319134,0,0.66528,12.849,1,0.669708,0.36288,0,22.7202,5.88189,16.5315,0.84672,12.849,0.84672,3695.15,0,36.966,0.351439,0.734806,2.10842,4.10673,1.44839,5.15013,0.42336,36.966,0.42336,423.524,0,1.02816,0,0,1.76297,0.734806,1.028160,1,0,21.6816,0,0,0,21.6816,0
44.068,2.67994,0,0,0.697424,0.0640239,0.36288,3.6288,59.492,0.66528,0,0,0.642445,0.335642,0,0.66528,12.849,1,0.740888,0.36288,0,19.8903,6.0798,13.4325,0.84672,12.849,0.84672,3695.15,0,36.966,0.42336,0.772269,2.10847,4.9671,1.55282,5.87166,0.42336,36.966,0.42336,423.524,0,1.02816,0,0,1.80043,0.772269,1.028160,1,0,19.3042,0,0,0,19.3042,0
41.4193,2.64864,0,0,0.424746,0.0618757,0.36288,3.6288,58.8954,0.741735,0,0,0.483854,0.338694,0,0.66528,12.849,1,0.77227,0.36288,0,15.2004,5.96652,8.82444,0.84672,12.849,0.84672,3695.15,0,36.966,0.42336,0.227405,2.2765,3.5427,1.57886,4.04439,0.42336,36.966,0.42336,423.524,0,0.951705,0,0,1.17911,0.227405,1.028160,1,0,12.8688,0,0,0,12.8688,0
38.8376,2.61101,0,0,0.45224,0.0600072,0.36288,3.6288,58.278,0.75994,0,0,0.479898,0.337402,0,0.66528,12.849,1,0.809982,0.36288,0,14.1993,5.96652,7.7857,0.84672,12.849,0.84672,3695.15,0,36.966,0.42336,0.227405,2.27652,3.73384,1.57886,4.23554,0.42336,36.966,0.42336,423.524,0,0.9335,0,0,1.16091,0.227405,1.028160,1,0,12.0212,0,0,0,12.0212,0
36.5174,2.57062,0,0,0.678777,0.0655699,0.36288,3.6288,57.8501,0.66528,0,0,0.571422,0.33396,0,0.66528,12.849,1,0.85046,0.36288,0,20.9676,5.90715,14.5728,0.84672,12.849,0.84672,3695.15,0,36.966,0.42336,0.36212,2.27653,3.96799,1.57158,4.61171,0.42336,36.966,0.42336,423.524,0,1.02816,0,0,1.39028,0.36212,1.028160,1,0,19.1845,0,0,0,19.1845,0
34.5493,2.53071,0,0,0.996529,0.0710319,0.36288,3.6288,57.5506,0.66528,0,0,0.68292,0.317179,0,0.66528,12.849,1,0.890455,0.36288,0,23.9203,5.88115,17.5115,0.84672,12.849,0.84672,3695.15,0,36.966,0.42336,0.32019,2.27655,4.5762,1.58639,5.16319,0.42336,36.966,0.42336,423.524,0,1.02816,0,0,1.34835,0.32019,1.028160,1,0,22.6747,0,0,0,22.6747,0
32.3132,2.41771,0,0,0.599682,0.0551584,0.36288,3.6288,56.7849,0.853532,0,0,0.384316,0.296466,0,0.66528,12.849,1,0.899154,0.36288,0,19.6836,5.9199,13.2275,0.84672,12.849,0.84672,3695.15,0,36.966,0.42336,0.204422,2.27657,3.29784,1.67254,3.68293,0.42336,36.966,0.42336,423.524,0,0.740707,0,0,0.94513,0.204422,1.028160,1,0,16.9104,0,0,0,16.9104,0
30.6569,2.37325,0,0,1.13351,0.053654,0.36288,3.6288,56.5493,0.599333,0,0,0.658701,0.294996,0,0.66528,12.849,1,0.943696,0.36288,0,23.4663,5.9199,16.9656,0.84672,12.849,0.84672,3695.15,0,36.966,0.390156,0.757045,2.18038,5.65314,1.67254,6.52787,0.42336,36.966,0.42336,423.524,0,1.02816,0,0,1.78521,0.757045,1.028160,1,0,23.4935,0,0,0,23.4935,0
28.4124,2.33738,0,0,0.508268,0.0525292,0.36288,3.6288,55.7301,0.898318,0,0,0.373707,0.294543,0,0.66528,12.849,1,0.979647,0.36288,0,17.8429,5.9199,11.3062,0.84672,12.849,0.84672,3695.15,0,36.966,0.42336,0.216518,2.18043,2.90674,1.67254,3.20779,0.42336,36.966,0.42336,423.524,0,0.696021,0,0,0.91254,0.216518,1.028160,1,0,14.514,0,0,0,14.514,0
26.3342,2.28414,0,0,0.636567,0.0677231,0.36288,3.6288,55.0552,0.857336,0,0,0.47289,0.290463,0,0.66528,12.849,1,1.03296,0.36288,0,17.0229,5.73943,10.6134,0.84672,12.849,0.84672,3695.15,0,36.966,0.42336,0.216518,2.18048,3.55607,1.64538,3.88433,0.42336,36.966,0.42336,423.524,0,0.737053,0,0,0.953571,0.216518,1.028160,1,0,14.4977,0,0,0,14.4977,0
24.5413,2.17182,0,0,0.846072,0.104301,0.36288,3.6288,54.2728,0.933794,0,0,0.373185,0.221842,0,0.66528,12.849,1,1.05968,0.36288,0,12.7105,3.75598,8.2577,0.84672,12.849,0.84672,3695.15,0,36.966,0.42336,0.216518,2.18054,3.71416,0.923522,4.76434,0.42336,36.966,0.42336,423.524,0,0.567805,0,0,0.784324,0.216518,1.028160,1,0,13.022,0,0,0,13.022,0
22.8893,2.12106,0,0,0.984589,0.152602,0.36288,3.6288,53.2129,1.12705,0,0,0.264059,0.196845,0,0.66528,12.849,1,1.11052,0.36288,0,14.2054,3.59615,9.86159,0.84672,12.849,0.84672,3695.15,0,36.966,0.42336,0.216518,2.09281,3.28308,0.942587,4.22646,0.42336,36.966,0.42336,423.524,0,0.374598,0,0,0.591117,0.216518,1.028160,1,0,14.088,0,0,0,14.088,0
21.3214,2.06978,0,0,1.01381,0.149043,0.36288,3.6288,52.8284,0.574325,0,0,0.385132,0.195306,0,0.66528,12.849,1,1.16188,0.36288,0,14.4125,3.59615,10.0173,0.84672,12.849,0.84672,3695.15,0,36.966,0.398972,0.216518,2.09286,4.51748,0.942587,5.4853,0.42336,36.966,0.42336,423.524,0,0.951757,0,0,1.16828,0.216518,1.028160,1,0,15.5026,0,0,0,15.5026,0
21.6376,2.01652,0,0,2.84145,0.145923,0.36288,3.6288,53.2592,0.527694,0,0,1.15314,0.194706,0,0.66528,12.849,1,1.21522,0.36288,0,44.6415,3.59615,40.193,0.84672,12.849,0.84672,3695.15,0,36.966,0.369247,1.34295,2.09291,9.37824,0.942587,11.5023,0.42336,36.966,0.42336,423.524,0,1.02816,0,0,2.37111,1.34295,1.028160,1,0,51.6953,0,0,0,51.6953,0
21.269,1.90591,0,0,2.03397,0.133705,0.36288,3.6288,53.506,0.432194,0,0,0.870814,0.191764,0,0.66528,12.849,1,1.13178,0.36288,0,35.1718,3.14566,31.2572,0.84672,12.849,0.84672,3695.15,0,36.966,0.299976,0.382933,2.09296,6.06646,0.766587,7.47579,0.42336,36.966,0.42336,423.524,0,1.02816,0,0,1.41109,0.382933,1.028160,1,0,38.733,0,0,0,38.733,0
21.0048,1.89373,0,0,2.15293,0.160601,0.36288,3.6288,53.9407,0.433038,0,0,1.05778,0.190056,0,0.66528,12.849,1,1.14404,0.36288,0,37.514,3.75911,32.9738,0.84672,12.849,0.84672,3695.15,0,36.966,0.299175,1.17134,1.9293,7.29101,0.895517,9.19696,0.42336,36.966,0.42336,423.524,0,1.02816,0,0,2.1995,1.17134,1.028160,1,0,42.1707,0,0,0,42.1707,0
22.2513,1.88485,0,0,3.65637,0.162128,0.36288,3.6288,54.5377,0.434494,0,0,1.21451,0.182988,0,0.66528,12.849,1,1.153,0.36288,0,56.4701,3.93803,51.7419,0.84672,12.849,0.84672,3695.15,0,36.966,0.297762,1.22072,1.92934,12.4436,1.04496,14.2509,0.42336,36.966,0.42336,423.524,0,1.02816,0,0,2.24888,1.22072,1.028160,1,0,65.9929,0,0,0,65.9929,0
24.3415,1.92584,0,0,4.54386,0.164897,0.36288,3.6288,55.2204,0.436463,0,0,1.30284,0.183712,0,0.66528,12.849,1,1.11208,0.36288,0,92.3754,3.93803,87.6882,0.84672,12.849,0.84672,3695.15,0,36.966,0.295837,1.16062,1.92939,15.4114,1.04496,17.1606,0.42336,36.966,0.42336,423.524,0,1.02816,0,0,2.18878,1.16062,1.028160,1,0,104.849,0,0,0,104.849,0
25.6142,1.9884,0,0,3.79196,0.168013,0.36288,3.6288,55.926,0.438679,0,0,1.33217,0.187912,0,0.66528,12.849,1,1.0496,0.36288,0,71.0133,3.94179,66.3848,0.84672,12.849,0.84672,3695.15,0,36.966,0.293664,1.07027,1.92944,11.7538,1.0324,13.4274,0.42336,36.966,0.42336,423.524,0,1.02816,0,0,2.09843,1.07027,1.028160,1,0,79.8122,0,0,0,79.8122,0
25.7494,2.08655,0,0,2.74388,0.159189,0.36288,3.6288,56.8709,0.475206,0,0,1.63387,0.213772,0,0.66528,12.849,1,1.04669,0.36288,0,116.567,4.13004,111.753,0.84672,12.849,0.84672,3695.15,0,36.966,0.314102,1.38721,1.92949,8.0449,0.995367,10.0521,0.42336,36.966,0.42336,423.524,0,1.02816,0,0,2.41537,1.38721,1.028160,1,0,121.805,0,0,0,121.805,0
27.8325,2.09026,0,0,4.68946,0.153253,0.36288,3.6288,58.4784,0.47839,0,0,2.32915,0.243249,0,0.66528,12.849,1,1.04304,0.36288,0,121.793,5.124,115.989,0.84672,12.849,0.84672,3695.15,0,36.966,0.310953,2.93417,1.99135,11.0103,1.22548,14.3994,0.42336,36.966,0.42336,423.524,0,1.02816,0,0,3.96233,2.93417,1.028160,1,0,130.388,0,0,0,130.388,0
27.5145,2.14371,0,0,2.34635,0.157788,0.36288,3.6288,58.9051,0.483647,0,0,1.15615,0.245792,0,0.66528,12.849,1,0.989651,0.36288,0,99.9423,5.124,94.1916,0.84672,12.849,0.84672,3695.15,0,36.966,0.305729,1.74797,1.99138,5.46528,1.22548,7.67341,0.42336,36.966,0.42336,423.524,0,1.02816,0,0,2.77613,1.74797,1.028160,1,0,101.865,0,0,0,101.865,0
30.69,2.13595,0,0,5.83146,0.157096,0.36288,3.6288,59.2453,0.485029,0,0,1.07169,0.246467,0,0.66528,12.849,1,0.997467,0.36288,0,92.7314,5.124,86.9728,0.84672,12.849,0.84672,3695.15,0,36.966,0.304381,1.41045,1.99142,5.91548,1.22548,7.78748,0.42336,36.966,0.42336,423.524,0,1.02816,0,0,2.43861,1.41045,1.028160,1,0,94.7603,0,0,0,94.7603,0
31.9506,2.38485,0,0,4.19786,0.189524,0.36288,3.6288,60.0296,0.597435,0,0,1.63172,0.250018,0,0.66528,12.849,1,0.998466,0.36288,0,102.522,4.62658,97.2601,0.84672,12.849,0.84672,3695.15,0,36.966,0.372769,2.87473,1.99146,8.13154,1.07403,11.5509,0.42336,36.966,0.42336,423.524,0,1.02816,0,0,3.90289,2.87473,1.028160,1,0,108.811,0,0,0,108.811,0
33.2387,2.41299,0,0,4.2463,0.182402,0.36288,3.6288,60.6014,0.600472,0,0,1.42107,0.248702,0,0.66528,12.849,1,0.970389,0.36288,0,121.741,4.21931,116.914,0.84672,12.849,0.84672,3695.15,0,36.966,0.369769,3.53289,2.17797,8.57019,1.04295,12.8683,0.42336,36.966,0.42336,423.524,0,1.02816,0,0,4.56105,3.53289,1.028160,1,0,129.783,0,0,0,129.783,0
35.2508,2.44016,0,0,5.00284,0.187686,0.36288,3.6288,61.1601,0.602663,0,0,1.39978,0.238445,0,0.66528,12.849,1,0.943287,0.36288,0,144.918,4.08565,140.252,0.84672,12.849,0.84672,3695.15,0,36.966,0.367616,4.02779,2.17801,7.78585,0.991385,12.6326,0.42336,36.966,0.42336,423.524,0,1.02816,0,0,5.05595,4.02779,1.028160,1,0,152.884,0,0,0,152.884,0
36.807,2.47966,0,0,4.59112,0.192367,0.36288,3.6288,61.308,0.604779,0,0,1.68096,0.23929,0.68902,0.66528,12.849,1,0.903844,0.36288,0,132.048,4.08565,127.421,0.84672,12.849,0.84672,3695.15,0,36.966,0.365537,4.15957,2.17805,8.51412,0.991385,13.4948,0.42336,36.966,0.42336,423.524,0,1.02816,0,0,5.18773,4.15957,1.028160,1,0,141.605,0,0,0,141.605,0
39.9753,2.22624,0,0,5.94985,0.192389,0.36288,3.6288,61.308,0.446975,0,0,2.72386,0.231717,2.04516,0.66528,12.849,1,0.777161,0.36288,0,133.27,4.04958,128.806,0.84672,12.849,0.84672,3695.15,0,36.966,0.269506,5.30996,2.17809,12.1007,0.942118,18.3771,0.42336,36.966,0.42336,423.524,0,1.02816,0,0,6.33812,5.30996,1.028160,1,0,149.229,0,0,0,149.229,0
42.2748,2.2729,0,0,5.15754,0.222242,0.36288,3.6288,61.308,0.446996,0,0,2.4591,0.249439,1.76266,0.66528,12.849,1,0.730562,0.36288,0,153.268,4.11537,148.784,0.84672,12.849,0.84672,3695.15,0,36.966,0.269518,4.63355,1.91075,11.7191,1.00233,16.9916,0.42336,36.966,0.42336,423.524,0,1.02816,0,0,5.66171,4.63355,1.028160,1,0,167.539,0,0,0,167.539,0
45.0089,2.30341,0,0,5.62874,0.228354,0.36288,3.6288,61.308,0.447016,0,0,3.24812,0.249439,2.55167,0.66528,12.849,1,0.700099,0.36288,0,124.344,4.11537,119.892,0.84672,12.849,0.84672,3695.15,0,36.966,0.269531,5.77282,1.91078,14.1442,1.00233,20.5559,0.42336,36.966,0.42336,423.524,0,1.02816,0,0,6.80098,5.77282,1.028160,1,0,142.999,0,0,0,142.999,0
47.5001,2.33654,0,0,5.42623,0.235621,0.36288,3.6288,61.308,0.447036,0,0,3.86224,0.249439,3.16576,0.66528,12.849,1,0.667028,0.36288,0,138.024,4.11537,133.604,0.84672,12.849,0.84672,3695.15,0,36.966,0.269543,6.48516,1.91082,15.5423,1.00233,22.6664,0.42336,36.966,0.42336,423.524,0,1.02816,0,0,7.51332,6.48516,1.028160,1,0,159.437,0,0,0,159.437,0
49.6543,2.36412,0,0,5.10468,0.223548,0.36288,3.6288,61.308,0.447056,0,0,2.88922,0.216031,2.22614,0.66528,12.849,1,0.639505,0.36288,0,149.011,3.63987,145.095,0.84672,12.849,0.84672,3695.15,0,36.966,0.269555,4.98895,1.91085,12.8575,0.90172,18.5861,0.42336,36.966,0.42336,423.524,0,1.02816,0,0,6.01711,4.98895,1.028160,1,0,165.907,0,0,0,165.907,0
51.6745,2.47339,0,0,5.10164,0.245145,0.36288,3.6288,61.308,0.490855,0,0,1.97038,0.17066,1.30886,0.66528,12.849,1,0.640038,0.36288,0,128.608,3.13764,125.193,0.84672,12.849,0.84672,3695.15,0,36.966,0.295964,2.92843,1.91089,13.0963,0.775456,16.8642,0.42336,36.966,0.42336,423.524,0,1.02816,0,0,3.95659,2.92843,1.028160,1,0,143.366,0,0,0,143.366,0
55.7849,2.49348,0,0,7.20416,0.237418,0.36288,3.6288,61.308,0.490876,0,0,2.83427,0.188108,2.15528,0.66528,12.849,1,0.62001,0.36288,0,194.965,3.83613,190.872,0.84672,12.849,0.84672,3695.15,0,36.966,0.295976,3.76133,1.98571,15.7704,0.931917,20.2896,0.42336,36.966,0.42336,423.524,0,1.02816,0,0,4.78949,3.76133,1.028160,1,0,213.317,0,0,0,213.317,0
57.8104,2.53066,0,0,5.14608,0.226963,0.36288,3.6288,61.308,0.490897,0,0,1.91327,0.182789,1.23958,0.66528,12.849,1,0.582889,0.36288,0,136.401,4.07421,132.106,0.84672,12.849,0.84672,3695.15,0,36.966,0.295989,2.89465,1.98575,11.1378,0.978153,14.7441,0.42336,36.966,0.42336,423.524,0,1.02816,0,0,3.92281,2.89465,1.028160,1,0,148.09,0,0,0,148.09,0
58.9211,2.54741,0,0,4.25244,0.231545,0.36288,3.6288,61.308,0.490918,0,0,1.86792,0.182789,1.19421,0.66528,12.849,1,0.56619,0.36288,0,111.544,4.07421,107.267,0.84672,12.849,0.84672,3695.15,0,36.966,0.296002,2.53834,1.98578,9.98335,0.978153,13.2333,0.42336,36.966,0.42336,423.524,0,1.02816,0,0,3.5665,2.53834,1.028160,1,0,121.694,0,0,0,121.694,0
60.3914,2.52099,0,0,4.51186,0.157617,0.36288,3.6288,61.308,0.473935,0,0,1.67156,0.245165,0.952464,0.66528,12.849,1,0.549756,0.36288,0,102.508,4.89363,97.4279,0.84672,12.849,0.84672,3695.15,0,36.966,0.285762,2.48392,1.98582,9.13533,1.18117,12.1381,0.42336,36.966,0.42336,423.524,0,1.02816,0,0,3.51208,2.48392,1.028160,1,0,110.519,0,0,0,110.519,0
61.6503,2.53207,0,0,4.31362,0.159841,0.36288,3.6288,61.308,0.473955,0,0,1.46153,0.245165,0.742413,0.66528,12.849,1,0.538729,0.36288,0,88.9721,4.89363,83.9027,0.84672,12.849,0.84672,3695.15,0,36.966,0.285774,2.17103,1.95676,8.53381,1.18117,11.1947,0.42336,36.966,0.42336,423.524,0,1.02816,0,0,3.19919,2.17103,1.028160,1,0,95.8397,0,0,0,95.8397,0
62.4611,2.54122,0,0,3.88783,0.17293,0.36288,3.6288,61.308,0.473976,0,0,1.41002,0.214553,0.721493,0.66528,12.849,1,0.529636,0.36288,0,85.7347,4.6424,80.9256,0.84672,12.849,0.84672,3695.15,0,36.966,0.285787,2.07315,1.95679,8.24852,1.10869,10.884,0.42336,36.966,0.42336,423.524,0,1.02816,0,0,3.10131,2.07315,1.028160,1,0,92.531,0,0,0,92.531,0
63.0673,2.54697,0,0,3.67621,0.160093,0.36288,3.6288,61.308,0.473997,0,0,1.55802,0.185002,0.899018,0.66528,12.849,1,0.523944,0.36288,0,85.0038,4.45856,80.3842,0.84672,12.849,0.84672,3695.15,0,36.966,0.285799,2.74901,1.95683,9.14795,1.04247,12.5255,0.42336,36.966,0.42336,423.524,0,1.02816,0,0,3.77717,2.74901,1.028160,1,0,93.8087,0,0,0,93.8087,0
63.093,2.67223,0,0,3.14988,0.0890377,0.36288,3.6288,61.308,0.534324,0,0,1.24166,0.238009,0.469331,0.66528,12.849,1,0.544425,0.36288,0,71.452,5.0962,66.1743,0.84672,12.849,0.84672,3695.15,0,36.966,0.322174,1.88805,1.95686,7.82784,1.10413,10.2465,0.42336,36.966,0.42336,423.524,0,1.02816,0,0,2.91621,1.88805,1.028160,1,0,76.8901,0,0,0,76.8901,0
62.6701,2.67246,0,0,2.7028,0.0903982,0.36288,3.6288,61.308,0.534346,0,0,1.0282,0.256643,0.237215,0.66528,12.849,1,0.544251,0.36288,0,57.2814,5.29105,51.809,0.84672,12.849,0.84672,3695.15,0,36.966,0.322187,1.24208,2.05889,6.83597,1.09335,8.72139,0.42336,36.966,0.42336,423.524,0,1.02816,0,0,2.27024,1.24208,1.028160,1,0,60.7676,0,0,0,60.7676,0
62.2135,2.66946,0,0,2.66586,0.0900863,0.36288,3.6288,61.308,0.534368,0,0,1.03122,0.256643,0.240208,0.66528,12.849,1,0.547309,0.36288,0,54.2032,5.29105,48.7277,0.84672,12.849,0.84672,3695.15,0,36.966,0.3222,1.33837,2.05893,6.50825,1.09335,8.48999,0.42336,36.966,0.42336,423.524,0,1.02816,0,0,2.36653,1.33837,1.028160,1,0,57.4579,0,0,0,57.4579,0
61.4724,2.66618,0,0,2.3913,0.103373,0.36288,3.6288,61.308,0.53439,0,0,0.983327,0.252692,0.196245,0.66528,12.849,1,0.550649,0.36288,0,51.1893,5.03721,45.9643,0.84672,12.849,0.84672,3695.15,0,36.966,0.322213,1.35161,2.05896,5.99422,1.10315,7.97943,0.42336,36.966,0.42336,423.524,0,1.02816,0,0,2.37977,1.35161,1.028160,1,0,54.14,0,0,0,54.14,0
60.6552,2.66074,0,0,2.30037,0.0939136,0.36288,3.6288,61.308,0.534411,0,0,0.976225,0.262065,0.179749,0.66528,12.849,1,0.55615,0.36288,0,47.4153,4.93864,42.2834,0.84672,12.849,0.84672,3695.15,0,36.966,0.322226,1.42172,2.059,5.23861,1.17154,7.22556,0.42336,36.966,0.42336,423.524,0,1.02816,0,0,2.44988,1.42172,1.028160,1,0,49.6887,0,0,0,49.6887,0
59.9127,2.58816,0,0,2.27048,0.0619732,0.36288,3.6288,61.308,0.54797,0,0,0.977849,0.284135,0.145744,0.66528,12.849,1,0.548266,0.36288,0,45.1821,5.42619,39.5705,0.84672,12.849,0.84672,3695.15,0,36.966,0.330401,1.42245,2.05904,4.02909,1.27656,5.90361,0.42336,36.966,0.42336,423.524,0,1.02816,0,0,2.45061,1.42245,1.028160,1,0,45.6199,0,0,0,45.6199,0
59.0318,2.58261,0,0,2.12611,0.061561,0.36288,3.6288,61.308,0.547992,0,0,0.929621,0.284135,0.0974937,0.66528,12.849,1,0.553872,0.36288,0,45.1229,5.42619,39.5057,0.84672,12.849,0.84672,3695.15,0,36.966,0.330415,1.27453,2.06075,4.14056,1.27656,5.86886,0.42336,36.966,0.42336,423.524,0,1.02816,0,0,2.30269,1.27453,1.028160,1,0,45.4721,0,0,0,45.4721,0
57.9655,2.57587,0,0,1.93357,0.0610419,0.36288,3.6288,61.308,0.548014,0,0,0.906483,0.284135,0.0743337,0.66528,12.849,1,0.56067,0.36288,0,44.2397,5.42619,38.6157,0.84672,12.849,0.84672,3695.15,0,36.966,0.330428,1.24471,2.06079,3.96741,1.27656,5.66592,0.42336,36.966,0.42336,423.524,0,1.02816,0,0,2.27287,1.24471,1.028160,1,0,44.3559,0,0,0,44.3559,0
56.7298,2.56748,0,0,1.75502,0.0604137,0.36288,3.6288,61.308,0.548036,0,0,0.850427,0.284135,0.0182552,0.66528,12.849,1,0.569123,0.36288,0,39.4212,5.42619,33.7888,0.84672,12.849,0.84672,3695.15,0,36.966,0.330441,0.98839,2.06083,3.83794,1.27656,5.28015,0.42336,36.966,0.42336,423.524,0,1.02816,0,0,2.01655,0.98839,1.028160,1,0,39.0872,0,0,0,39.0872,0
55.2736,2.6171,0,0,1.576,0.0522459,0.36288,3.6288,61.2352,0.577124,0,0,0.819737,0.315428,0,0.66528,12.849,1,0.59276,0.36288,0,38.7414,5.85012,32.6614,0.84672,12.849,0.84672,3695.15,0,36.966,0.34798,0.799122,2.06087,3.28475,1.44509,4.35167,0.42336,36.966,0.42336,423.524,0,1.02816,0,0,1.82728,0.799122,1.028160,1,0,37.0131,0,0,0,37.0131,0
53.6752,2.60448,0,0,1.42405,0.055079,0.36288,3.6288,61.0373,0.576888,0,0,0.686699,0.307704,0,0.66528,12.849,1,0.605442,0.36288,0,31.6652,5.7561,25.6665,0.84672,12.849,0.84672,3695.15,0,36.966,0.348252,0.886378,2.11062,3.19063,1.41307,4.42631,0.42336,36.966,0.42336,423.524,0,1.02816,0,0,1.91454,0.886378,1.028160,1,0,30.0928,0,0,0,30.0928,0
51.9847,2.58998,0,0,1.31663,0.0541972,0.36288,3.6288,60.7906,0.576208,0,0,0.636794,0.307319,0,0.66528,12.849,1,0.620001,0.36288,0,30.3642,5.7561,24.3509,0.84672,12.849,0.84672,3695.15,0,36.966,0.348969,0.653374,2.11066,2.77423,1.41307,3.77623,0.42336,36.966,0.42336,423.524,0,1.02816,0,0,1.68153,0.653374,1.028160,1,0,28.1272,0,0,0,28.1272,0
50.3447,2.57386,0,0,1.34587,0.049163,0.36288,3.6288,60.613,0.57535,0,0,0.707184,0.309421,0,0.66528,12.849,1,0.636178,0.36288,0,28.8794,5.83087,22.7752,0.84672,12.849,0.84672,3695.15,0,36.966,0.349863,0.880295,2.1107,3.43149,1.42801,4.64461,0.42336,36.966,0.42336,423.524,0,1.02816,0,0,1.90846,0.880295,1.028160,1,0,27.4198,0,0,0,27.4198,0
48.3446,2.7282,0,0,1.14471,0.0537409,0.36288,3.6288,60.3139,0.66528,0,0,0.653902,0.287735,0,0.66528,12.849,1,0.696291,0.36288,0,24.0468,6.03708,17.6763,0.84672,12.849,0.84672,3695.15,0,36.966,0.42336,0.792089,2.11074,3.20233,1.51396,4.16783,0.42336,36.966,0.42336,423.524,0,1.02816,0,0,1.82025,0.792089,1.028160,1,0,21.8441,0,0,0,21.8441,0
45.9617,2.70549,0,0,0.754289,0.0688681,0.36288,3.6288,59.8693,0.66528,0,0,0.513459,0.292765,0,0.66528,12.849,1,0.719063,0.36288,0,16.9798,6.1782,10.4455,0.84672,12.849,0.84672,3695.15,0,36.966,0.42336,0.442489,2.27719,2.11435,1.57171,2.83895,0.42336,36.966,0.42336,423.524,0,1.02816,0,0,1.47065,0.442489,1.028160,1,0,13.2844,0,0,0,13.2844,0
43.9512,2.6764,0,0,1.09586,0.0670841,0.36288,3.6288,59.502,0.66528,0,0,0.589987,0.291937,0,0.66528,12.849,1,0.748213,0.36288,0,19.3391,6.1782,12.7756,0.84672,12.849,0.84672,3695.15,0,36.966,0.42336,0.703866,2.2772,2.34422,1.57171,3.33022,0.42336,36.966,0.42336,423.524,0,1.02816,0,0,1.73203,0.703866,1.028160,1,0,16.1058,0,0,0,16.1058,0
42.4287,2.64997,0,0,1.57949,0.0891261,0.36288,3.6288,59.3357,0.66528,0,0,0.780926,0.281983,0,0.66528,12.849,1,0.774711,0.36288,0,31.5526,6.04678,25.094,0.84672,12.849,0.84672,3695.15,0,36.966,0.42336,0.849364,2.27721,2.60982,1.54519,3.76785,0.42336,36.966,0.42336,423.524,0,1.02816,0,0,1.87752,0.849364,1.028160,1,0,28.8618,0,0,0,28.8618,0
40.4835,2.62868,0,0,1.12939,0.0830433,0.36288,3.6288,59.0881,0.66528,0,0,0.692991,0.275271,0,0.66528,12.849,1,0.796063,0.36288,0,33.4458,6.1843,26.8283,0.84672,12.849,0.84672,3695.15,0,36.966,0.42336,0.638574,2.27722,2.16855,1.53212,3.12886,0.42336,36.966,0.42336,423.524,0,1.02816,0,0,1.66673,0.638574,1.028160,1,0,29.9572,0,0,0,29.9572,0
38.2113,2.52037,0,0,0.720055,0.108968,0.36288,3.6288,58.9445,0.609949,0,0,0.730391,0.264057,0,0.66528,12.849,1,0.799938,0.36288,0,23.1123,5.86372,16.8115,0.84672,12.849,0.84672,3695.15,0,36.966,0.381589,0.397397,2.27724,2.92543,1.46917,3.74931,0.42336,36.966,0.42336,423.524,0,1.02816,0,0,1.42556,0.397397,1.028160,1,0,20.5608,0,0,0,20.5608,0
36.6926,2.48482,0,0,1.4351,0.106115,0.36288,3.6288,59.2821,0.609401,0,0,1.21078,0.263814,0,0.66528,12.849,1,0.835551,0.36288,0,24.8232,5.86372,18.4868,0.84672,12.849,0.84672,3695.15,0,36.966,0.382175,1.7353,2.18265,4.7854,1.46917,6.852,0.42336,36.966,0.42336,423.524,0,1.02816,0,0,2.76346,1.7353,1.028160,1,0,25.3388,0,0,0,25.3388,0
34.4111,2.45925,0,0,0.644937,0.104234,0.36288,3.6288,59.1155,0.610765,0,0,0.70854,0.264385,0,0.66528,12.849,1,0.861181,0.36288,0,21.3171,5.86372,14.9551,0.84672,12.849,0.84672,3695.15,0,36.966,0.380849,0.477317,2.18269,2.58695,1.46917,3.39693,0.42336,36.966,0.42336,423.524,0,1.02816,0,0,1.50548,0.477317,1.028160,1,0,18.352,0,0,0,18.352,0
32.259,2.41773,0,0,0.729851,0.101407,0.36288,3.6288,59.0718,0.610127,0,0,0.830555,0.264103,0,0.66528,12.849,1,0.90277,0.36288,0,17.1124,5.86372,10.7088,0.84672,12.849,0.84672,3695.15,0,36.966,0.381524,0.388956,2.18273,2.88067,1.46917,3.60166,0.42336,36.966,0.42336,423.524,0,1.02816,0,0,1.41712,0.388956,1.028160,1,0,14.3104,0,0,0,14.3104,0
30.3423,2.31335,0,0,0.901414,0.14191,0.36288,3.6288,59.2522,0.552815,0,0,0.938157,0.204972,0,0.66528,12.849,1,0.921426,0.36288,0,22.0205,4.25993,17.202,0.84672,12.849,0.84672,3695.15,0,36.966,0.345941,0.329054,2.18277,4.10679,1.02125,5.25142,0.42336,36.966,0.42336,423.524,0,1.02816,0,0,1.35721,0.329054,1.028160,1,0,22.4535,0,0,0,22.4535,0
28.4246,2.27251,0,0,0.868614,0.150837,0.36288,3.6288,58.9316,0.824142,0,0,0.679125,0.175582,0,0.66528,12.849,1,0.962335,0.36288,0,21.0689,4.05752,16.4119,0.84672,12.849,0.84672,3695.15,0,36.966,0.42336,0.216518,2.09493,3.81549,0.983343,4.72024,0.42336,36.966,0.42336,423.524,0,0.67945,0,0,0.895968,0.216518,1.028160,1,0,21.1322,0,0,0,21.1322,0
26.7008,2.22784,0,0,1.01385,0.14698,0.36288,3.6288,59.5358,0.552353,0,0,1.33177,0.175221,0,0.66528,12.849,1,1.00706,0.36288,0,24.5239,4.05752,19.8222,0.84672,12.849,0.84672,3695.15,0,36.966,0.346474,1.04395,2.09497,6.05782,0.983343,7.86692,0.42336,36.966,0.42336,423.524,0,1.02816,0,0,2.07211,1.04395,1.028160,1,0,27.6892,0,0,0,27.6892,0
26.7162,2.18398,0,0,2.70577,0.143512,0.36288,3.6288,61.308,0.554544,0,0,3.2614,0.175901,0.758734,0.66528,12.849,1,1.05098,0.36288,0,72.0734,4.05752,67.3278,0.84672,12.849,0.84672,3695.15,0,36.966,0.344319,2.8488,2.09501,11.4371,0.983343,15.0533,0.42336,36.966,0.42336,423.524,0,1.02816,0,0,3.87696,2.8488,1.028160,1,0,83.1398,0,0,0,83.1398,0
25.6275,2.05323,0,0,1.51051,0.183135,0.36288,3.6288,61.308,0.457852,0,0,1.25923,0.170077,0.631299,0.66528,12.849,1,0.987487,0.36288,0,34.5609,3.66963,30.2666,0.84672,12.849,0.84672,3695.15,0,36.966,0.276064,0.316777,2.09505,6.01385,0.926103,7.22351,0.42336,36.966,0.42336,423.524,0,1.02816,0,0,1.34494,0.316777,1.028160,1,0,38.1214,0,0,0,38.1214,0
24.6354,2.02532,0,0,1.55612,0.159997,0.36288,3.6288,61.308,0.457872,0,0,0.861546,0.230548,0.173126,0.66528,12.849,1,1.01545,0.36288,0,28.1397,4.14807,23.3391,0.84672,12.849,0.84672,3695.15,0,36.966,0.276077,1.79285,1.93121,8.52006,0.966074,11.002,0.42336,36.966,0.42336,423.524,0,1.02816,0,0,2.82101,1.79285,1.028160,1,0,34.5142,0,0,0,34.5142,0
24.0754,1.99848,0,0,1.96505,0.16364,0.36288,3.6288,61.308,0.457893,0,0,0.827392,0.209066,0.160434,0.66528,12.849,1,1.04234,0.36288,0,36.3576,4.15821,31.52,0.84672,12.849,0.84672,3695.15,0,36.966,0.276089,1.44292,1.93125,8.14484,1.02923,10.2137,0.42336,36.966,0.42336,423.524,0,1.02816,0,0,2.47108,1.44292,1.028160,1,0,41.8941,0,0,0,41.8941,0
23.9464,1.98271,0,0,2.37891,0.162318,0.36288,3.6288,61.308,0.457913,0,0,0.893903,0.209066,0.226924,0.66528,12.849,1,1.05817,0.36288,0,44.2341,4.15821,39.3806,0.84672,12.849,0.84672,3695.15,0,36.966,0.276101,0.482155,1.93128,6.65411,1.02923,7.76222,0.42336,36.966,0.42336,423.524,0,1.02816,0,0,1.51032,0.482155,1.028160,1,0,47.3698,0,0,0,47.3698,0
23.85,1.97904,0,0,2.40751,0.162013,0.36288,3.6288,61.308,0.457933,0,0,2.3363,0.209066,1.6693,0.66528,12.849,1,1.0619,0.36288,0,44.631,4.15821,39.7737,0.84672,12.849,0.84672,3695.15,0,36.966,0.276114,1.65701,1.93132,9.87129,1.02923,12.1543,0.42336,36.966,0.42336,423.524,0,1.02816,0,0,2.68517,1.65701,1.028160,1,0,53.5973,0,0,0,53.5973,0
25.1253,2.03819,0,0,3.86698,0.190658,0.36288,3.6288,61.308,0.493499,0,0,3.83226,0.172115,3.16665,0.66528,12.849,1,1.09806,0.36288,0,100.915,3.75921,96.4208,0.84672,12.849,0.84672,3695.15,0,36.966,0.297558,3.56034,1.93135,15.3301,0.830266,19.694,0.42336,36.966,0.42336,423.524,0,1.02816,0,0,4.5885,3.56034,1.028160,1,0,119.281,0,0,0,119.281,0
25.5018,2.0751,0,0,3.00874,0.194208,0.36288,3.6288,61.308,0.493513,0,0,3.2772,0.172115,2.61158,0.66528,12.849,1,1.0612,0.36288,0,62.2137,3.75921,57.7562,0.84672,12.849,0.84672,3695.15,0,36.966,0.297566,2.83992,1.99326,11.1388,0.830266,14.8441,0.42336,36.966,0.42336,423.524,0,1.02816,0,0,3.86808,2.83992,1.028160,1,0,75.2119,0,0,0,75.2119,0
25.232,2.08554,0,0,2.37384,0.195256,0.36288,3.6288,61.308,0.493527,0,0,2.90316,0.172115,2.23752,0.66528,12.849,1,1.05079,0.36288,0,39.6344,3.75921,35.1872,0.84672,12.849,0.84672,3695.15,0,36.966,0.297575,2.35692,1.99329,9.47938,0.830266,12.7017,0.42336,36.966,0.42336,423.524,0,1.02816,0,0,3.38508,2.35692,1.028160,1,0,50.1265,0,0,0,50.1265,0
24.9827,2.07812,0,0,2.40582,0.214101,0.36288,3.6288,61.308,0.493542,0,0,2.78243,0.160473,2.12842,0.66528,12.849,1,1.05825,0.36288,0,44.0325,4.07568,39.2614,0.84672,12.849,0.84672,3695.15,0,36.966,0.297584,2.30558,1.99331,9.69088,0.842768,12.8494,0.42336,36.966,0.42336,423.524,0,1.02816,0,0,3.33374,2.30558,1.028160,1,0,54.2393,0,0,0,54.2393,0
24.9831,2.23632,0,0,2.79909,0.199537,0.36288,3.6288,61.308,0.606429,0,0,2.34932,0.180353,1.56254,0.66528,12.849,1,1.15017,0.36288,0,46.37,3.68982,41.8929,0.84672,12.849,0.84672,3695.15,0,36.966,0.36565,1.94192,1.99334,9.07269,0.905488,11.7368,0.42336,36.966,0.42336,423.524,0,1.02816,0,0,2.97008,1.94192,1.028160,1,0,55.1922,0,0,0,55.1922,0
25.1149,2.23636,0,0,2.93446,0.203365,0.36288,3.6288,61.308,0.606445,0,0,2.15438,0.186439,1.36149,0.66528,12.849,1,1.15018,0.36288,0,44.4442,3.62122,40.0357,0.84672,12.849,0.84672,3695.15,0,36.966,0.365659,1.7294,2.18001,9.01645,0.95526,11.6049,0.42336,36.966,0.42336,423.524,0,1.02816,0,0,2.75756,1.7294,1.028160,1,0,53.0022,0,0,0,53.0022,0
25.7087,2.24038,0,0,3.40459,0.207506,0.36288,3.6288,61.308,0.60646,0,0,2.41475,0.187181,1.62111,0.66528,12.849,1,1.1462,0.36288,0,54.8013,3.75364,50.2643,0.84672,12.849,0.84672,3695.15,0,36.966,0.365669,2.61724,2.18004,10.319,1.00842,13.7422,0.42336,36.966,0.42336,423.524,0,1.02816,0,0,3.6454,2.61724,1.028160,1,0,65.6276,0,0,0,65.6276,0
27.2764,2.25806,0,0,4.39785,0.209272,0.36288,3.6288,61.308,0.606476,0,0,2.37524,0.187181,1.58158,0.66528,12.849,1,1.12856,0.36288,0,80.2786,3.75364,75.7592,0.84672,12.849,0.84672,3695.15,0,36.966,0.365678,2.89065,2.18007,11.3774,1.00842,15.074,0.42336,36.966,0.42336,423.524,0,1.02816,0,0,3.91881,2.89065,1.028160,1,0,92.4148,0,0,0,92.4148,0
29.3619,2.04351,0,0,4.68681,0.194905,0.36288,3.6288,61.308,0.44797,0,0,3.05435,0.212275,2.39411,0.66528,12.849,1,0.962632,0.36288,0,86.3216,3.87658,81.8453,0.84672,12.849,0.84672,3695.15,0,36.966,0.270106,2.52029,2.1801,17.2234,1.11769,20.536,0.42336,36.966,0.42336,423.524,0,1.02816,0,0,3.54845,2.52029,1.028160,1,0,104.775,0,0,0,104.775,0
30.728,2.0911,0,0,4.00594,0.185871,0.36288,3.6288,61.308,0.447984,0,0,2.37882,0.231095,1.69974,0.66528,12.849,1,0.915083,0.36288,0,84.8811,3.96879,80.3601,0.84672,12.849,0.84672,3695.15,0,36.966,0.270114,2.7519,1.91249,19.5372,1.19964,22.7318,0.42336,36.966,0.42336,423.524,0,1.02816,0,0,3.78006,2.7519,1.028160,1,0,104.792,0,0,0,104.792,0
31.4852,2.11981,0,0,3.42927,0.189301,0.36288,3.6288,61.308,0.447998,0,0,2.96154,0.231095,2.28245,0.66528,12.849,1,0.886407,0.36288,0,74.6747,3.96879,70.1823,0.84672,12.849,0.84672,3695.15,0,36.966,0.270123,3.33074,1.91252,12.3733,1.19964,16.1468,0.42336,36.966,0.42336,423.524,0,1.02816,0,0,4.3589,3.33074,1.028160,1,0,88.6116,0,0,0,88.6116,0
34.1039,2.13498,0,0,5.32832,0.211789,0.36288,3.6288,61.308,0.448011,0,0,2.6802,0.190427,2.04176,0.66528,12.849,1,0.871278,0.36288,0,81.2074,4.44843,76.2505,0.84672,12.849,0.84672,3695.15,0,36.966,0.270131,2.65863,1.91254,10.7404,1.10539,13.936,0.42336,36.966,0.42336,423.524,0,1.02816,0,0,3.68679,2.65863,1.028160,1,0,92.2283,0,0,0,92.2283,0
34.7668,2.1836,0,0,3.42938,0.220039,0.36288,3.6288,61.308,0.448025,0,0,2.9085,0.190259,2.27022,0.66528,12.849,1,0.822695,0.36288,0,67.8094,4.34247,63.0071,0.84672,12.849,0.84672,3695.15,0,36.966,0.270139,2.66297,1.91257,10.1386,1.11257,13.3314,0.42336,36.966,0.42336,423.524,0,1.02816,0,0,3.69113,2.66297,1.028160,1,0,78.6088,0,0,0,78.6088,0
37.1381,2.27529,0,0,5.23871,0.229226,0.36288,3.6288,61.308,0.491856,0,0,2.15441,0.189254,1.4733,0.66528,12.849,1,0.840894,0.36288,0,98.4459,3.70671,94.2612,0.84672,12.849,0.84672,3695.15,0,36.966,0.296567,2.18992,1.91259,11.8794,1.15563,14.5297,0.42336,36.966,0.42336,423.524,0,1.02816,0,0,3.21808,2.18992,1.028160,1,0,110.264,0,0,0,110.264,0
39.6019,2.31521,0,0,5.37776,0.235839,0.36288,3.6288,61.308,0.49187,0,0,2.31595,0.189254,1.63483,0.66528,12.849,1,0.801013,0.36288,0,92.6528,3.70671,88.5079,0.84672,12.849,0.84672,3695.15,0,36.966,0.296576,2.05628,1.98746,11.9194,1.15563,14.5109,0.42336,36.966,0.42336,423.524,0,1.02816,0,0,3.08444,2.05628,1.028160,1,0,104.654,0,0,0,104.654,0
41.4713,2.35286,0,0,4.82782,0.24271,0.36288,3.6288,61.308,0.491885,0,0,2.71541,0.189254,2.03427,0.66528,12.849,1,0.763396,0.36288,0,92.3512,3.70671,88.244,0.84672,12.849,0.84672,3695.15,0,36.966,0.296585,2.56649,1.98749,13.543,1.15563,16.6448,0.42336,36.966,0.42336,423.524,0,1.02816,0,0,3.59465,2.56649,1.028160,1,0,106.923,0,0,0,106.923,0
43.4676,2.37917,0,0,4.98648,0.248133,0.36288,3.6288,61.308,0.491899,0,0,1.84419,0.189254,1.16304,0.66528,12.849,1,0.737134,0.36288,0,81.8009,3.70671,77.72,0.84672,12.849,0.84672,3695.15,0,36.966,0.296593,1.69327,1.98751,9.00711,1.15563,11.2357,0.42336,36.966,0.42336,423.524,0,1.02816,0,0,2.72143,1.69327,1.028160,1,0,90.1187,0,0,0,90.1187,0
44.1749,2.37217,0,0,3.6632,0.220811,0.36288,3.6288,61.308,0.474894,0,0,1.82651,0.198036,1.15358,0.66528,12.849,1,0.701214,0.36288,0,76.3862,3.5376,72.5103,0.84672,12.849,0.84672,3695.15,0,36.966,0.28634,1.5603,1.98754,7.45514,1.12263,9.59401,0.42336,36.966,0.42336,423.524,0,1.02816,0,0,2.58846,1.5603,1.028160,1,0,83.2579,0,0,0,83.2579,0
44.5499,2.3809,0,0,3.33577,0.217036,0.36288,3.6288,61.308,0.474908,0,0,1.68788,0.1995,1.01347,0.66528,12.849,1,0.692524,0.36288,0,71.7777,3.50941,67.9386,0.84672,12.849,0.84672,3695.15,0,36.966,0.286349,1.17726,1.95844,7.22511,1.11713,8.95734,0.42336,36.966,0.42336,423.524,0,1.02816,0,0,2.20542,1.17726,1.028160,1,0,77.9094,0,0,0,77.9094,0
45.5034,2.38546,0,0,3.91044,0.208571,0.36288,3.6288,61.308,0.474923,0,0,1.57841,0.205434,0.89805,0.66528,12.849,1,0.688009,0.36288,0,77.8732,3.97727,73.5708,0.84672,12.849,0.84672,3695.15,0,36.966,0.286357,1.17258,1.95846,9.59982,1.13557,11.3089,0.42336,36.966,0.42336,423.524,0,1.02816,0,0,2.20074,1.17258,1.028160,1,0,85.7778,0,0,0,85.7778,0
45.6974,2.39673,0,0,3.13181,0.178183,0.36288,3.6288,61.308,0.474937,0,0,1.53494,0.223779,0.836223,0.66528,12.849,1,0.676775,0.36288,0,59.0609,5.20656,53.5404,0.84672,12.849,0.84672,3695.15,0,36.966,0.286366,1.17732,1.95849,7.37649,1.20704,9.01889,0.42336,36.966,0.42336,423.524,0,1.02816,0,0,2.20548,1.17732,1.028160,1,0,63.3955,0,0,0,63.3955,0
45.5208,2.5128,0,0,2.83722,0.138165,0.36288,3.6288,61.308,0.535307,0,0,1.48648,0.233783,0.717387,0.66528,12.849,1,0.706539,0.36288,0,47.6881,5.07565,42.2688,0.84672,12.849,0.84672,3695.15,0,36.966,0.322767,1.28606,1.95851,6.63414,1.26573,8.29021,0.42336,36.966,0.42336,423.524,0,1.02816,0,0,2.31422,1.28606,1.028160,1,0,51.2764,0,0,0,51.2764,0
45.3344,2.5107,0,0,2.84264,0.15542,0.36288,3.6288,61.308,0.535322,0,0,1.44158,0.219049,0.687204,0.66528,12.849,1,0.708686,0.36288,0,49.9533,4.42376,45.1837,0.84672,12.849,0.84672,3695.15,0,36.966,0.322775,1.56611,2.06061,5.81465,1.14115,7.97745,0.42336,36.966,0.42336,423.524,0,1.02816,0,0,2.59427,1.56611,1.028160,1,0,53.8484,0,0,0,53.8484,0
44.7942,2.50846,0,0,2.48059,0.149488,0.36288,3.6288,61.308,0.535337,0,0,1.33992,0.223771,0.580809,0.66528,12.849,1,0.710965,0.36288,0,44.6481,4.4773,39.8227,0.84672,12.849,0.84672,3695.15,0,36.966,0.322784,1.3948,2.06064,5.62391,1.15483,7.60173,0.42336,36.966,0.42336,423.524,0,1.02816,0,0,2.42296,1.3948,1.028160,1,0,48.0052,0,0,0,48.0052,0
44.1505,2.50183,0,0,2.33613,0.115144,0.36288,3.6288,61.308,0.535352,0,0,1.28409,0.252101,0.496641,0.66528,12.849,1,0.717637,0.36288,0,40.0367,4.79861,34.8834,0.84672,12.849,0.84672,3695.15,0,36.966,0.322793,1.28493,2.06066,5.31889,1.23692,7.10477,0.42336,36.966,0.42336,423.524,0,1.02816,0,0,2.31309,1.28493,1.028160,1,0,42.4848,0,0,0,42.4848,0
43.3175,2.49375,0,0,2.13501,0.111393,0.36288,3.6288,61.308,0.535367,0,0,1.19745,0.247216,0.41487,0.66528,12.849,1,0.725751,0.36288,0,40.3006,4.80882,35.1289,0.84672,12.849,0.84672,3695.15,0,36.966,0.322802,1.11425,2.06069,5.52883,1.20915,7.17181,0.42336,36.966,0.42336,423.524,0,1.02816,0,0,2.14241,1.11425,1.028160,1,0,42.7156,0,0,0,42.7156,0
42.1864,2.42087,0,0,1.74576,0.0930255,0.36288,3.6288,61.308,0.548929,0,0,0.991509,0.217903,0.224677,0.66528,12.849,1,0.718087,0.36288,0,38.7823,4.87011,33.557,0.84672,12.849,0.84672,3695.15,0,36.966,0.33098,1.15743,2.06071,4.61121,1.04255,6.45583,0.42336,36.966,0.42336,423.524,0,1.02816,0,0,2.18559,1.15743,1.028160,1,0,40.2375,0,0,0,40.2375,0
40.9974,2.40614,0,0,1.66104,0.0810316,0.36288,3.6288,61.308,0.548944,0,0,0.967922,0.24122,0.177758,0.66528,12.849,1,0.732853,0.36288,0,36.5548,5.19586,30.989,0.84672,12.849,0.84672,3695.15,0,36.966,0.330989,1.12766,2.06241,4.48252,1.1528,6.18881,0.42336,36.966,0.42336,423.524,0,1.02816,0,0,2.15582,1.12766,1.028160,1,0,37.3555,0,0,0,37.3555,0
39.6158,2.38999,0,0,1.43731,0.0660348,0.36288,3.6288,61.308,0.548959,0,0,0.910716,0.26695,0.0948073,0.66528,12.849,1,0.749045,0.36288,0,34.1029,5.90141,27.8154,0.84672,12.849,0.84672,3695.15,0,36.966,0.330998,0.97861,2.06244,4.4769,1.40039,5.78657,0.42336,36.966,0.42336,423.524,0,1.02816,0,0,2.00677,0.97861,1.028160,1,0,33.6967,0,0,0,33.6967,0
38.2267,2.37029,0,0,1.40926,0.0651886,0.36288,3.6288,61.308,0.548974,0,0,0.900141,0.262931,0.0882362,0.66528,12.849,1,0.76878,0.36288,0,31.5187,6.10481,25.008,0.84672,12.849,0.84672,3695.15,0,36.966,0.331007,1.10052,2.06247,4.41361,1.47583,5.76976,0.42336,36.966,0.42336,423.524,0,1.02816,0,0,2.12868,1.10052,1.028160,1,0,30.866,0,0,0,30.866,0
36.7177,2.40424,0,0,1.31748,0.0594051,0.36288,3.6288,61.2848,0.578077,0,0,0.856604,0.301743,0,0.66528,12.849,1,0.808128,0.36288,0,26.8544,6.17591,20.2333,0.84672,12.849,0.84672,3695.15,0,36.966,0.348555,0.922657,2.06249,4.01858,1.46737,5.18781,0.42336,36.966,0.42336,423.524,0,1.02816,0,0,1.95082,0.922657,1.028160,1,0,25.4211,0,0,0,25.4211,0
35.2903,2.37967,0,0,1.37164,0.0564948,0.36288,3.6288,61.2947,0.57801,0,0,0.905126,0.317221,0,0.66528,12.849,1,0.832742,0.36288,0,35.5524,6.20434,28.8782,0.84672,12.849,0.84672,3695.15,0,36.966,0.348647,1.2381,2.11227,4.36381,1.46398,5.90156,0.42336,36.966,0.42336,423.524,0,1.02816,0,0,2.26626,1.2381,1.028160,1,0,34.7797,0,0,0,34.7797,0
33.7961,2.35501,0,0,1.27926,0.0555365,0.36288,3.6288,61.2011,0.578061,0,0,0.801697,0.317241,0,0.66528,12.849,1,0.857445,0.36288,0,28.1253,6.20434,21.4264,0.84672,12.849,0.84672,3695.15,0,36.966,0.348621,1.20891,2.1123,3.98315,1.46398,5.49176,0.42336,36.966,0.42336,423.524,0,1.02816,0,0,2.23707,1.20891,1.028160,1,0,26.9181,0,0,0,26.9181,0
32.2148,2.32757,0,0,1.16361,0.0545334,0.36288,3.6288,61.0593,0.577744,0,0,0.753045,0.317053,0,0.66528,12.849,1,0.884922,0.36288,0,25.8621,6.20434,19.1357,0.84672,12.849,0.84672,3695.15,0,36.966,0.348963,0.858825,2.11232,3.64543,1.46398,4.80364,0.42336,36.966,0.42336,423.524,0,1.02816,0,0,1.88698,0.858825,1.028160,1,0,23.9394,0,0,0,23.9394,0
30.624,2.44992,0,0,1.27028,0.0482688,0.36288,3.6288,60.9405,0.66528,0,0,0.863689,0.317236,0,0.66528,12.849,1,0.977163,0.36288,0,25.6431,6.38609,18.6427,0.84672,12.849,0.84672,3695.15,0,36.966,0.42336,1.41156,2.11235,4.80773,1.531,6.37728,0.42336,36.966,0.42336,423.524,0,1.02816,0,0,2.43972,1.41156,1.028160,1,0,25.02,0,0,0,25.02,0
29.1909,2.4142,0,0,1.40098,0.0569688,0.36288,3.6288,60.9127,0.66528,0,0,0.937526,0.300077,0,0.66528,12.849,1,1.01293,0.36288,0,28.7724,6.31701,21.8053,0.84672,12.849,0.84672,3695.15,0,36.966,0.42336,1.60792,2.27768,4.47746,1.59396,6.34573,0.42336,36.966,0.42336,423.524,0,1.02816,0,0,2.63608,1.60792,1.028160,1,0,28.1511,0,0,0,28.1511,0
27.4992,2.3797,0,0,1.10681,0.0558842,0.36288,3.6288,60.6317,0.66528,0,0,0.684366,0.300024,0,0.66528,12.849,1,1.04747,0.36288,0,29.6923,6.31701,22.6907,0.84672,12.849,0.84672,3695.15,0,36.966,0.42336,0.860363,2.27768,3.54776,1.59396,4.66848,0.42336,36.966,0.42336,423.524,0,1.02816,0,0,1.88852,0.860363,1.028160,1,0,27.3592,0,0,0,27.3592,0
26.1168,2.33581,0,0,1.37081,0.0546039,0.36288,3.6288,60.8055,0.66528,0,0,1.13853,0.29949,0,0.66528,12.849,1,1.09141,0.36288,0,26.3141,6.31701,19.2685,0.84672,12.849,0.84672,3695.15,0,36.966,0.42336,2.34016,2.27769,5.33126,1.59396,7.93179,0.42336,36.966,0.42336,423.524,0,1.02816,0,0,3.36832,2.34016,1.028160,1,0,27.2003,0,0,0,27.2003,0
24.4882,2.29712,0,0,1.08886,0.0574547,0.36288,3.6288,60.6628,0.66528,0,0,0.788063,0.265457,0,0.66528,12.849,1,1.13014,0.36288,0,21.249,5.39279,15.0889,0.84672,12.849,0.84672,3695.15,0,36.966,0.42336,1.27483,2.2777,5.21823,1.23419,7.11321,0.42336,36.966,0.42336,423.524,0,1.02816,0,0,2.30299,1.27483,1.028160,1,0,22.2021,0,0,0,22.2021,0
24.2493,2.17927,0,0,2.34973,0.0464445,0.36288,3.6288,61.308,0.617019,0,0,1.78138,0.263304,0.255866,0.66528,12.849,1,1.14347,0.36288,0,36.6193,5.38461,30.4541,0.84672,12.849,0.84672,3695.15,0,36.966,0.375992,3.45696,2.27771,10.3973,1.43222,14.3238,0.42336,36.966,0.42336,423.524,0,1.02816,0,0,4.48512,3.45696,1.028160,1,0,45.0337,0,0,0,45.0337,0
22.8217,2.17193,0,0,1.15352,0.046284,0.36288,3.6288,61.308,0.619503,0,0,1.09217,0.264382,0.20828,0.66528,12.849,1,1.15084,0.36288,0,36.8944,5.38461,30.7218,0.84672,12.849,0.84672,3695.15,0,36.966,0.373533,1.68035,2.18424,5.96175,1.43222,8.02058,0.42336,36.966,0.42336,423.524,0,1.02816,0,0,2.70851,1.68035,1.028160,1,0,38.9506,0,0,0,38.9506,0
21.474,2.1259,0,0,1.18636,0.045355,0.36288,3.6288,61.308,0.619519,0,0,1.18644,0.264382,0.302544,0.66528,12.849,1,1.19692,0.36288,0,24.0608,5.38461,17.8421,0.84672,12.849,0.84672,3695.15,0,36.966,0.373542,1.27989,2.18426,4.83577,1.43222,6.49416,0.42336,36.966,0.42336,423.524,0,1.02816,0,0,2.30805,1.27989,1.028160,1,0,24.6388,0,0,0,24.6388,0
22.2388,2.07893,0,0,3.31505,0.108431,0.36288,3.6288,61.308,0.619535,0,0,2.20813,0.275979,1.31262,0.66528,12.849,1,1.24393,0.36288,0,39.1816,4.73292,33.5677,0.84672,12.849,0.84672,3695.15,0,36.966,0.373552,4.99222,2.18429,14.9145,1.28439,20.4331,0.42336,36.966,0.42336,423.524,0,1.02816,0,0,6.02038,4.99222,1.028160,1,0,55.3134,0,0,0,55.3134,0
21.9106,2.05166,0,0,2.21572,0.129348,0.36288,3.6288,61.308,0.561534,0,0,1.75309,0.271906,0.919651,0.66528,12.849,1,1.1854,0.36288,0,80.8661,4.13377,75.9098,0.84672,12.849,0.84672,3695.15,0,36.966,0.33858,2.93007,2.18432,10.2679,0.988315,14.0554,0.42336,36.966,0.42336,423.524,0,1.02816,0,0,3.95823,2.93007,1.028160,1,0,90.8849,0,0,0,90.8849,0
21.6695,2.0405,0,0,2.30265,0.140333,0.36288,3.6288,61.308,0.561549,0,0,1.67346,0.262642,0.849274,0.66528,12.849,1,1.19661,0.36288,0,52.9935,3.69043,48.4694,0.84672,12.849,0.84672,3695.15,0,36.966,0.338589,2.90807,2.09641,12.2711,0.782093,16.1549,0.42336,36.966,0.42336,423.524,0,1.02816,0,0,3.93623,2.90807,1.028160,1,0,65.4736,0,0,0,65.4736,0
21.7323,2.03217,0,0,2.61633,0.158517,0.36288,3.6288,61.308,0.561564,0,0,1.61432,0.255397,0.797362,0.66528,12.849,1,1.20498,0.36288,0,53.339,3.68164,48.8153,0.84672,12.849,0.84672,3695.15,0,36.966,0.338598,2.49207,2.09644,8.2423,0.772079,11.7201,0.42336,36.966,0.42336,423.524,0,1.02816,0,0,3.52023,2.49207,1.028160,1,0,61.3328,0,0,0,61.3328,0
21.1515,2.03438,0,0,1.98133,0.164937,0.36288,3.6288,61.308,0.561579,0,0,1.38127,0.26525,0.554439,0.66528,12.849,1,1.2028,0.36288,0,67.4421,3.9039,62.6983,0.84672,12.849,0.84672,3695.15,0,36.966,0.338607,1.9943,2.09646,6.69535,1.00589,9.44162,0.42336,36.966,0.42336,423.524,0,1.02816,0,0,3.02246,1.9943,1.028160,1,0,72.6943,0,0,0,72.6943,0
21.6585,1.89289,0,0,2.93264,0.169843,0.36288,3.6288,61.308,0.4586,0,0,1.6245,0.258419,0.907482,0.66528,12.849,1,1.14989,0.36288,0,72.1226,4.03647,67.2991,0.84672,12.849,0.84672,3695.15,0,36.966,0.276516,2.53879,2.09649,11.0256,1.03877,14.3456,0.42336,36.966,0.42336,423.524,0,1.02816,0,0,3.56695,2.53879,1.028160,1,0,82.5521,0,0,0,82.5521,0
22.4523,1.90981,0,0,3.25313,0.186642,0.36288,3.6288,61.308,0.458614,0,0,1.07015,0.241341,0.3702,0.66528,12.849,1,1.13301,0.36288,0,87.4968,4.36789,82.3588,0.84672,12.849,0.84672,3695.15,0,36.966,0.276524,1.57596,1.93252,6.86959,1.12096,8.98059,0.42336,36.966,0.42336,423.524,0,1.02816,0,0,2.60412,1.57596,1.028160,1,0,91.7096,0,0,0,91.7096,0
25.0506,1.93532,0,0,5.0852,0.188653,0.36288,3.6288,61.308,0.458628,0,0,2.49999,0.241341,1.80002,0.66528,12.849,1,1.10754,0.36288,0,104.777,4.36789,99.6647,0.84672,12.849,0.84672,3695.15,0,36.966,0.276532,3.45965,1.93255,15.6028,1.12096,19.5975,0.42336,36.966,0.42336,423.524,0,1.02816,0,0,4.48781,3.45965,1.028160,1,0,121.062,0,0,0,121.062,0
26.589,2.01127,0,0,4.10822,0.195723,0.36288,3.6288,61.308,0.458642,0,0,1.06222,0.241341,0.362236,0.66528,12.849,1,1.03162,0.36288,0,88.1764,4.36789,83.1397,0.84672,12.849,0.84672,3695.15,0,36.966,0.276541,2.46194,1.93257,8.52626,1.12096,11.5233,0.42336,36.966,0.42336,423.524,0,1.02816,0,0,3.4901,2.46194,1.028160,1,0,95.0253,0,0,0,95.0253,0
28.1242,2.05154,0,0,4.14862,0.198944,0.36288,3.6288,61.2267,0.458656,0,0,0.625679,0.248358,0,0.66528,12.849,1,0.991397,0.36288,0,84.1026,4.39378,79.0803,0.84672,12.849,0.84672,3695.15,0,36.966,0.276549,0.972795,1.9326,9.15399,1.14094,10.6419,0.42336,36.966,0.42336,423.524,0,1.02816,0,0,2.00095,0.972795,1.028160,1,0,89.7222,0,0,0,89.7222,0
29.9833,2.08869,0,0,4.50381,0.193186,0.36288,3.6288,61.308,0.458427,0,0,2.38874,0.211279,1.6377,0.66528,12.849,1,0.95425,0.36288,0,102.857,4.05232,98.213,0.84672,12.849,0.84672,3695.15,0,36.966,0.276778,3.76825,1.93262,13.1559,1.11711,17.4628,0.42336,36.966,0.42336,423.524,0,1.02816,0,0,4.79641,3.76825,1.028160,1,0,117.314,0,0,0,117.314,0
33.1474,2.19686,0,0,5.92139,0.197555,0.36288,3.6288,61.308,0.494238,0,0,1.85659,0.198209,1.16414,0.66528,12.849,1,0.941439,0.36288,0,71.4412,3.96952,66.8931,0.84672,12.849,0.84672,3695.15,0,36.966,0.298003,3.30281,1.93262,11.4042,1.09316,15.2485,0.42336,36.966,0.42336,423.524,0,1.02816,0,0,4.33097,3.30281,1.028160,1,0,83.3057,0,0,0,83.3057,0
38.6542,2.26164,0,0,8.35574,0.224387,0.36288,3.6288,61.308,0.494246,0,0,2.11545,0.226125,1.39508,0.66528,12.849,1,0.876683,0.36288,0,191.458,4.21073,186.734,0.84672,12.849,0.84672,3695.15,0,36.966,0.298008,4.00962,1.99456,18.2582,1.16668,22.7977,0.42336,36.966,0.42336,423.524,0,1.02816,0,0,5.03778,4.00962,1.028160,1,0,210.926,0,0,0,210.926,0
47.2694,2.35539,0,0,11.587,0.253535,0.36288,3.6288,61.308,0.494253,0,0,5.78772,0.210094,5.08337,0.66528,12.849,1,0.782952,0.36288,0,241.671,4.31886,236.932,0.84672,12.849,0.84672,3695.15,0,36.966,0.298013,10.2488,1.99457,28.964,1.14036,39.769,0.42336,36.966,0.42336,423.524,0,1.02816,0,0,11.2769,10.2488,1.028160,1,0,281.785,0,0,0,281.785,0
56.5654,2.46761,0,0,12.3752,0.248833,0.36288,3.6288,61.308,0.494261,0,0,5.52454,0.221851,4.80843,0.66528,12.849,1,0.670756,0.36288,0,220.908,4.29667,216.304,0.84672,12.849,0.84672,3695.15,0,36.966,0.298017,12.157,1.99459,30.6686,1.16984,43.3524,0.42336,36.966,0.42336,423.524,0,1.02816,0,0,13.1852,12.157,1.028160,1,0,264.465,0,0,0,264.465,0
61.6436,2.76137,0,0,8.43091,0.228451,0.36288,3.6288,61.308,0.607212,0,0,4.43572,0.237527,3.59098,0.66528,12.849,1,0.627253,0.36288,0,265.471,4.2671,260.939,0.84672,12.849,0.84672,3695.15,0,36.966,0.366122,8.10268,1.9946,23.4827,1.20915,32.0047,0.42336,36.966,0.42336,423.524,0,1.02816,0,0,9.13084,8.10268,1.028160,1,0,296.535,0,0,0,296.535,0
66.7983,2.80414,0,0,8.56129,0.239547,0.36288,3.6288,61.308,0.60722,0,0,4.87144,0.237527,4.02669,0.66528,12.849,1,0.584496,0.36288,0,182.261,4.2671,177.772,0.84672,12.849,0.84672,3695.15,0,36.966,0.366127,8.3713,2.18138,24.9381,1.20915,33.9155,0.42336,36.966,0.42336,423.524,0,1.02816,0,0,9.39946,8.3713,1.028160,1,0,215.714,0,0,0,215.714,0
71.6343,2.84199,0,0,8.35263,0.311768,0.36288,3.6288,61.308,0.607229,0,0,4.82058,0.245787,3.96757,0.66528,12.849,1,0.546672,0.36288,0,171.272,4.13509,166.953,0.84672,12.849,0.84672,3695.15,0,36.966,0.366132,7.86237,2.1814,24.1493,1.17434,32.6526,0.42336,36.966,0.42336,423.524,0,1.02816,0,0,8.89053,7.86237,1.028160,1,0,203.573,0,0,0,203.573,0
72.29,2.8733,0,0,8.34624,0.328883,4.48834,3.6288,61.308,0.607237,0,0,2.86732,0.211827,2.04826,0.66528,12.849,1,0.515383,4.48834,0,214.71,3.56538,215.118,0.84672,12.849,0.84672,3695.15,0,36.966,0.366137,4.90708,2.18141,16.5337,1.03792,22.2181,0.42336,36.966,0.42336,423.524,0,1.02816,0,0,5.93524,4.90708,1.028160,1,0,239.384,0,0,0,239.384,0
72.29,2.55401,0,0,6.15345,0.313791,3.28565,3.6288,61.308,0.448628,0,0,1.5938,0.242508,0.902667,0.66528,12.849,1,0.453955,3.28565,0,136.193,3.83893,135.186,0.84672,12.849,0.84672,3695.15,0,36.966,0.270503,2.77814,2.18143,11.1365,1.04102,14.7846,0.42336,36.966,0.42336,423.524,0,1.02816,0,0,3.8063,2.77814,1.028160,1,0,150.873,0,0,0,150.873,0
72.29,2.55402,0,0,6.14479,0.331785,3.25898,3.6288,61.308,0.448636,0,0,4.24323,0.225258,3.56934,0.66528,12.849,1,0.453959,3.25898,0,185.63,3.41755,185.017,0.84672,12.849,0.84672,3695.15,0,36.966,0.270507,4.94349,1.91365,16.4873,0.870792,22.2031,0.42336,36.966,0.42336,423.524,0,1.02816,0,0,5.97165,4.94349,1.028160,1,0,210.789,0,0,0,210.789,0
72.29,2.55404,0,0,5.71302,0.334061,2.82492,3.6288,61.308,0.448643,0,0,2.16038,0.217025,1.49471,0.66528,12.849,1,0.453962,2.82492,0,153.693,3.28314,152.78,0.84672,12.849,0.84672,3695.15,0,36.966,0.270512,3.58518,1.91366,12.1702,0.831326,16.5672,0.42336,36.966,0.42336,423.524,0,1.02816,0,0,4.61334,3.58518,1.028160,1,0,170.842,0,0,0,170.842,0
72.29,2.55406,0,0,8.43279,0.334061,5.54467,3.6288,61.308,0.44865,0,0,5.03686,0.217025,4.37119,0.66528,12.849,1,0.453965,5.54467,0,155.741,3.28314,157.549,0.84672,12.849,0.84672,3695.15,0,36.966,0.270516,7.794,1.91368,17.5985,0.831326,26.2043,0.42336,36.966,0.42336,423.524,0,1.02816,0,0,8.82216,7.794,1.028160,1,0,188.124,0,0,0,188.124,0
72.29,2.55408,0,0,8.68579,0.292699,5.83902,3.6288,61.308,0.448658,0,0,3.73727,0.193057,3.09555,0.66528,12.849,1,0.453968,5.83902,0,250.51,4.51511,251.38,0.84672,12.849,0.84672,3695.15,0,36.966,0.270521,5.62945,1.91369,20.7065,0.982989,26.9961,0.42336,36.966,0.42336,423.524,0,1.02816,0,0,6.65761,5.62945,1.028160,1,0,281.471,0,0,0,281.471,0
72.29,2.64741,0,0,5.31971,0.292699,2.37959,3.6288,61.308,0.492507,0,0,2.49779,0.193057,1.81223,0.66528,12.849,1,0.470558,2.37959,0,144.446,4.51511,141.84,0.84672,12.849,0.84672,3695.15,0,36.966,0.29696,3.71279,1.9137,14.3617,0.982989,18.7082,0.42336,36.966,0.42336,423.524,0,1.02816,0,0,4.74095,3.71279,1.028160,1,0,162.36,0,0,0,162.36,0
72.29,2.64743,0,0,4.48538,0.292699,1.54525,3.6288,61.308,0.492515,0,0,2.18654,0.193057,1.50097,0.66528,12.849,1,0.470561,1.54525,0,110.227,4.51511,106.786,0.84672,12.849,0.84672,3695.15,0,36.966,0.296965,3.45597,1.98861,13.0852,0.982989,17.2498,0.42336,36.966,0.42336,423.524,0,1.02816,0,0,4.48413,3.45597,1.028160,1,0,125.537,0,0,0,125.537,0
72.29,2.64745,0,0,4.0103,0.292699,1.07015,3.6288,61.308,0.492523,0,0,1.99517,0.193057,1.30959,0.66528,12.849,1,0.470564,1.07015,0,93.6827,4.51511,89.7671,0.84672,12.849,0.84672,3695.15,0,36.966,0.296969,3.13712,1.98862,11.9296,0.982989,15.7754,0.42336,36.966,0.42336,423.524,0,1.02816,0,0,4.16528,3.13712,1.028160,1,0,106.852,0,0,0,106.852,0
72.29,2.64747,0,0,4.45399,0.216245,1.59028,3.6288,61.308,0.49253,0,0,1.68185,0.181683,1.00763,0.66528,12.849,1,0.470567,1.59028,0,102.49,3.80331,99.8067,0.84672,12.849,0.84672,3695.15,0,36.966,0.296974,2.59469,1.98863,10.9299,1.0002,14.216,0.42336,36.966,0.42336,423.524,0,1.02816,0,0,3.62285,2.59469,1.028160,1,0,115.03,0,0,0,115.03,0
72.29,2.611,0,0,3.90508,0.213114,1.08097,3.6288,61.308,0.47551,0,0,1.34966,0.191548,0.682606,0.66528,12.849,1,0.464085,1.08097,0,96.819,4.14423,93.2916,0.84672,12.849,0.84672,3695.15,0,36.966,0.286711,2.4164,1.98865,9.88459,1.00363,12.9993,0.42336,36.966,0.42336,423.524,0,1.02816,0,0,3.44456,2.4164,1.028160,1,0,106.974,0,0,0,106.974,0
72.29,2.61101,0,0,3.61891,0.184869,0.823024,3.6288,61.308,0.475517,0,0,1.192,0.200908,0.515575,0.66528,12.849,1,0.464088,0.823024,0,89.1959,4.22761,85.3272,0.84672,12.849,0.84672,3695.15,0,36.966,0.286716,2.36103,1.95952,8.99951,1.00945,12.0239,0.42336,36.966,0.42336,423.524,0,1.02816,0,0,3.38919,2.36103,1.028160,1,0,97.8667,0,0,0,97.8667,0
72.29,2.61103,0,0,3.36721,0.184869,0.571305,3.6288,61.308,0.475525,0,0,1.1893,0.200908,0.512863,0.66528,12.849,1,0.464091,0.571305,0,81.5504,4.22761,77.43,0.84672,12.849,0.84672,3695.15,0,36.966,0.28672,2.3738,1.95953,8.55265,1.00945,11.5898,0.42336,36.966,0.42336,423.524,0,1.02816,0,0,3.40196,2.3738,1.028160,1,0,89.5326,0,0,0,89.5326,0
72.29,2.61105,0,0,3.36615,0.169797,0.585305,3.6288,61.308,0.475532,0,0,1.54183,0.18958,0.876722,0.66528,12.849,1,0.464094,0.585305,0,79.526,4.03843,75.6088,0.84672,12.849,0.84672,3695.15,0,36.966,0.286725,3.24467,1.95955,10.7338,0.956332,14.695,0.42336,36.966,0.42336,423.524,0,1.02816,0,0,4.27283,3.24467,1.028160,1,0,91.1805,0,0,0,91.1805,0
72.29,2.73493,0,0,3.47701,0.132118,0.609965,3.6288,61.308,0.535928,0,0,1.27694,0.161258,0.579754,0.66528,12.849,1,0.486113,0.609965,0,76.0847,3.56549,72.6431,0.84672,12.849,0.84672,3695.15,0,36.966,0.323141,2.79073,1.95956,9.98922,0.823528,13.5928,0.42336,36.966,0.42336,423.524,0,1.02816,0,0,3.81889,2.79073,1.028160,1,0,86.8157,0,0,0,86.8157,0
72.29,2.73495,0,0,3.23371,0.132118,0.366644,3.6288,61.308,0.535936,0,0,1.22926,0.161258,0.53207,0.66528,12.849,1,0.486116,0.366644,0,69.3991,3.56549,65.7141,0.84672,12.849,0.84672,3695.15,0,36.966,0.323146,2.28411,2.0617,8.87544,0.823528,12.0746,0.42336,36.966,0.42336,423.524,0,1.02816,0,0,3.31227,2.28411,1.028160,1,0,78.3208,0,0,0,78.3208,0
72.181,2.73497,0,0,3.05777,0.0689666,0.36288,3.6288,61.308,0.535944,0,0,1.15545,0.251229,0.368279,0.66528,12.849,1,0.486119,0.36288,0,66.3241,4.78786,61.413,0.84672,12.849,0.84672,3695.15,0,36.966,0.323151,1.94523,2.06171,7.83233,1.15085,10.3653,0.42336,36.966,0.42336,423.524,0,1.02816,0,0,2.97339,1.94523,1.028160,1,0,72.1465,0,0,0,72.1465,0
71.8635,2.73436,0,0,2.83814,0.058393,0.36288,3.6288,61.308,0.535952,0,0,1.09401,0.266225,0.291837,0.66528,12.849,1,0.486746,0.36288,0,60.439,4.99159,55.3235,0.84672,12.849,0.84672,3695.15,0,36.966,0.323155,1.79671,2.06172,7.44077,1.2054,9.77064,0.42336,36.966,0.42336,423.524,0,1.02816,0,0,2.82487,1.79671,1.028160,1,0,65.386,0,0,0,65.386,0
71.8831,2.73255,0,0,3.2163,0.101227,0.36288,3.6288,61.308,0.53596,0,0,1.0184,0.253718,0.228718,0.66528,12.849,1,0.488574,0.36288,0,57.7492,5.25336,52.3702,0.84672,12.849,0.84672,3695.15,0,36.966,0.32316,1.46626,2.06174,6.57884,1.16345,8.62023,0.42336,36.966,0.42336,423.524,0,1.02816,0,0,2.49442,1.46626,1.028160,1,0,61.2191,0,0,0,61.2191,0
71.4557,3.02344,0,0,3.03059,0.0717132,0.36288,3.6288,61.308,0.28541,0,0,0.944603,0.294981,0.364211,0.66528,12.849,1,0.540436,0.36288,0,55.0345,5.29767,49.5592,0.84672,12.849,0.84672,3695.15,0,36.966,0.17209,1.37538,2.06175,6.62878,1.30015,8.59367,0.42336,36.966,0.42336,423.524,0,1.02816,0,0,2.40354,1.37538,1.028160,1,0,58.5171,0,0,0,58.5171,0
71.2408,2.66188,0,0,2.88137,0.0714798,0.36288,3.6288,61.308,0.54953,0,0,0.898439,0.294981,0.0539278,0.66528,12.849,1,0.478654,0.36288,0,50.1282,5.29767,44.7147,0.84672,12.849,0.84672,3695.15,0,36.966,0.331342,1.29289,1.81569,6.33301,1.30015,7.8101,0.42336,36.966,0.42336,423.524,0,1.02816,0,0,2.32105,1.29289,1.028160,1,0,52.5787,0,0,0,52.5787,0
70.815,2.66068,0,0,2.66916,0.0713626,0.36288,3.6288,61.2564,0.549538,0,0,0.792901,0.294981,0,0.66528,12.849,1,0.479881,0.36288,0,47.0788,5.29767,41.6641,0.84672,12.849,0.84672,3695.15,0,36.966,0.331347,1.18335,2.06346,5.97186,1.30015,7.58717,0.42336,36.966,0.42336,423.524,0,1.02816,0,0,2.21151,1.18335,1.028160,1,0,49.2513,0,0,0,49.2513,0
70.3523,2.65825,0,0,2.63344,0.0750571,0.36288,3.6288,61.213,0.549372,0,0,0.782214,0.276182,0,0.66528,12.849,1,0.482326,0.36288,0,45.977,4.94043,40.9171,0.84672,12.849,0.84672,3695.15,0,36.966,0.331526,1.14504,2.06347,5.97796,1.19973,7.65522,0.42336,36.966,0.42336,423.524,0,1.02816,0,0,2.1732,1.14504,1.028160,1,0,48.5723,0,0,0,48.5723,0
69.8123,2.71757,0,0,2.59602,0.0555571,0.36288,3.6288,61.1339,0.578319,0,0,0.821845,0.322677,0,0.66528,12.849,1,0.496331,0.36288,0,43.0553,5.70305,37.2188,0.84672,12.849,0.84672,3695.15,0,36.966,0.349242,0.759292,2.06348,5.59887,1.42185,6.65055,0.42336,36.966,0.42336,423.524,0,1.02816,0,0,1.78745,0.759292,1.028160,1,0,43.8693,0,0,0,43.8693,0
69.1581,2.71434,0,0,2.47399,0.0509105,0.36288,3.6288,60.9396,0.578045,0,0,0.725302,0.341555,0,0.66528,12.849,1,0.499577,0.36288,0,41.0994,6.06553,34.8971,0.84672,12.849,0.84672,3695.15,0,36.966,0.349528,1.13651,2.11327,4.78451,1.53251,6.15227,0.42336,36.966,0.42336,423.524,0,1.02816,0,0,2.16467,1.13651,1.028160,1,0,41.0494,0,0,0,41.0494,0
68.8835,2.71038,0,0,2.84926,0.050653,0.36288,3.6288,60.918,0.57736,0,0,0.896901,0.341135,0,0.66528,12.849,1,0.503565,0.36288,0,47.4294,6.06553,41.2231,0.84672,12.849,0.84672,3695.15,0,36.966,0.350227,0.995579,2.11329,5.65694,1.53251,6.88307,0.42336,36.966,0.42336,423.524,0,1.02816,0,0,2.02374,0.995579,1.028160,1,0,48.1062,0,0,0,48.1062,0
68.2309,2.7087,0,0,2.46633,0.0473664,0.36288,3.6288,60.7344,0.577291,0,0,0.732102,0.338459,0,0.66528,12.849,1,0.505261,0.36288,0,46.0573,6.02295,39.892,0.84672,12.849,0.84672,3695.15,0,36.966,0.350309,0.880019,2.1133,5.1258,1.52574,6.24307,0.42336,36.966,0.42336,423.524,0,1.02816,0,0,1.90818,0.880019,1.028160,1,0,46.1351,0,0,0,46.1351,0
67.3647,2.88529,0,0,2.41011,0.0281521,0.36288,3.6288,60.5447,0.66528,0,0,0.797939,0.322307,0,0.66528,12.849,1,0.543347,0.36288,0,42.7891,5.76744,36.8412,0.84672,12.849,0.84672,3695.15,0,36.966,0.42336,1.14796,2.11332,4.96725,1.48518,6.31999,0.42336,36.966,0.42336,423.524,0,1.02816,0,0,2.17612,1.14796,1.028160,1,0,43.1612,0,0,0,43.1612,0
66.2552,2.87944,0,0,2.16084,0.0279612,0.36288,3.6288,60.2808,0.66528,0,0,0.723315,0.321919,0,0.66528,12.849,1,0.549218,0.36288,0,38.1984,5.76744,32.2446,0.84672,12.849,0.84672,3695.15,0,36.966,0.42336,1.00667,2.27797,4.84383,1.48518,6.21993,0.42336,36.966,0.42336,423.524,0,1.02816,0,0,2.03483,1.00667,1.028160,1,0,38.4645,0,0,0,38.4645,0
65.5792,2.87175,0,0,2.58629,0.0277166,0.36288,3.6288,60.0712,0.66528,0,0,0.77703,0.32138,0,0.66528,12.849,1,0.556925,0.36288,0,39.5329,5.76744,33.5714,0.84672,12.849,0.84672,3695.15,0,36.966,0.42336,1.18174,2.27797,5.31307,1.48518,6.86424,0.42336,36.966,0.42336,423.524,0,1.02816,0,0,2.2099,1.18174,1.028160,1,0,40.4357,0,0,0,40.4357,0
66.7199,2.86697,0,0,4.4223,0.0517237,0.36288,3.6288,60.0883,0.66528,0,0,0.998024,0.315629,0,0.66528,12.849,1,0.561729,0.36288,0,65.6984,5.61901,59.8805,0.84672,12.849,0.84672,3695.15,0,36.966,0.42336,1.54594,2.27797,5.88117,1.46697,7.81475,0.42336,36.966,0.42336,423.524,0,1.02816,0,0,2.5741,1.54594,1.028160,1,0,67.6953,0,0,0,67.6953,0
66.3286,2.87504,0,0,2.87751,0.0308986,0.36288,3.6288,59.7405,0.66528,0,0,0.612874,0.295384,0,0.66528,12.849,1,0.55368,0.36288,0,49.9507,5.5081,44.2518,0.84672,12.849,0.84672,3695.15,0,36.966,0.42336,0.678828,2.27798,4.06492,1.5081,5.09026,0.42336,36.966,0.42336,423.524,0,1.02816,0,0,1.70699,0.678828,1.028160,1,0,49.3421,0,0,0,49.3421,0
67.8059,2.78469,0,0,4.65333,0.0283864,0.36288,3.6288,59.66,0.613959,0,0,0.826221,0.29279,0,0.66528,12.849,1,0.539443,0.36288,0,52.3184,5.45496,46.6869,0.84672,12.849,0.84672,3695.15,0,36.966,0.379903,1.95082,2.27798,5.8922,1.51677,8.22433,0.42336,36.966,0.42336,423.524,0,1.02816,0,0,2.97898,1.95082,1.028160,1,0,54.9112,0,0,0,54.9112,0
66.711,2.79459,0,0,2.09124,0.0287197,0.36288,3.6288,59.2372,0.613651,0,0,0.4835,0.292639,0,0.66528,12.849,1,0.529565,0.36288,0,44.9282,5.45496,39.3065,0.84672,12.849,0.84672,3695.15,0,36.966,0.380225,0.594717,2.18516,3.18526,1.51677,4.06813,0.42336,36.966,0.42336,423.524,0,1.02816,0,0,1.62288,0.594717,1.028160,1,0,43.3747,0,0,0,43.3747,0
65.8989,2.78732,0,0,2.36653,0.0284727,0.36288,3.6288,58.9001,0.611989,0,0,0.566765,0.291849,0,0.66528,12.849,1,0.536857,0.36288,0,36.0666,5.45496,30.4376,0.84672,12.849,0.84672,3695.15,0,36.966,0.381901,0.499478,2.18517,3.54695,1.51677,4.33293,0.42336,36.966,0.42336,423.524,0,1.02816,0,0,1.52764,0.499478,1.028160,1,0,34.7705,0,0,0,34.7705,0
68.4533,2.7818,0,0,5.85368,0.154554,0.36288,3.6288,58.7397,0.610654,0,0,0.724154,0.273882,0,0.66528,12.849,1,0.542398,0.36288,0,51.363,4.49217,46.6913,0.84672,12.849,0.84672,3695.15,0,36.966,0.38325,2.32407,2.18519,6.71722,1.23073,9.6125,0.42336,36.966,0.42336,423.524,0,1.02816,0,0,3.35223,2.32407,1.028160,1,0,56.3038,0,0,0,56.3038,0
68.4959,2.72656,0,0,3.2867,0.15466,0.36288,3.6288,58.6538,0.552919,0,0,0.703904,0.236922,0,0.66528,12.849,1,0.511788,0.36288,0,68.8949,4.28925,64.4568,0.84672,12.849,0.84672,3695.15,0,36.966,0.347962,1.34505,2.1852,4.94313,1.08164,7.04377,0.42336,36.966,0.42336,423.524,0,1.02816,0,0,2.37321,1.34505,1.028160,1,0,71.5005,0,0,0,71.5005,0
68.4972,2.72685,0,0,3.24576,0.154712,0.36288,3.6288,58.5949,0.552615,0,0,0.730496,0.236791,0,0.66528,12.849,1,0.511524,0.36288,0,54.2902,4.28925,49.8523,0.84672,12.849,0.84672,3695.15,0,36.966,0.34828,1.82059,2.09724,5.8789,1.08164,8.36681,0.42336,36.966,0.42336,423.524,0,1.02816,0,0,2.84875,1.82059,1.028160,1,0,58.2191,0,0,0,58.2191,0
68.9498,2.72687,0,0,3.73248,0.190114,0.36288,3.6288,58.8803,0.552408,0,0,1.08514,0.247277,0,0.66528,12.849,1,0.511519,0.36288,0,91.1187,3.45996,87.5101,0.84672,12.849,0.84672,3695.15,0,36.966,0.3485,2.00311,2.09726,5.78703,0.905256,8.63364,0.42336,36.966,0.42336,423.524,0,1.02816,0,0,3.03127,2.00311,1.028160,1,0,96.1438,0,0,0,96.1438,0
72.29,2.72972,0,0,7.00355,0.191774,0.741875,3.6288,58.8827,0.553454,0,0,0.807125,0.251364,0,0.66528,12.849,1,0.508692,0.741875,0,102.411,3.58167,99.0623,0.84672,12.849,0.84672,3695.15,0,36.966,0.347467,2.70352,2.09727,7.69367,0.929953,11.217,0.42336,36.966,0.42336,423.524,0,1.02816,0,0,3.73168,2.70352,1.028160,1,0,110.279,0,0,0,110.279,0
72.29,2.58454,0,0,4.73196,0.219654,1.92777,3.6288,59.3315,0.452009,0,0,1.12828,0.227405,0,0.66528,12.849,1,0.459383,1.92777,0,73.4996,4.1151,70.8529,0.84672,12.849,0.84672,3695.15,0,36.966,0.283767,2.01785,2.09729,7.05563,1.03875,9.84826,0.42336,36.966,0.42336,423.524,0,1.02816,0,0,3.04601,2.01785,1.028160,1,0,80.7012,0,0,0,80.7012,0
72.29,2.58456,0,0,4.97203,0.242075,2.14539,3.6288,59.8973,0.453339,0,0,1.18597,0.16687,0,0.66528,12.849,1,0.459386,2.14539,0,98.3992,3.85266,96.2326,0.84672,12.849,0.84672,3695.15,0,36.966,0.282449,1.99914,1.93325,7.33225,0.986223,9.99597,0.42336,36.966,0.42336,423.524,0,1.02816,0,0,3.0273,1.99914,1.028160,1,0,106.229,0,0,0,106.229,0
72.29,2.58458,0,0,8.22545,0.242075,5.3988,3.6288,61.308,0.454996,0,0,3.19742,0.167474,1.16423,0.66528,12.849,1,0.459389,5.3988,0,132.386,3.85266,133.472,0.84672,12.849,0.84672,3695.15,0,36.966,0.280804,6.09415,1.93326,15.0561,0.986223,21.8164,0.42336,36.966,0.42336,423.524,0,1.02816,0,0,7.12231,6.09415,1.028160,1,0,156.453,0,0,0,156.453,0
72.29,2.58459,0,0,6.55373,0.242075,3.72707,3.6288,61.308,0.459035,0,0,1.62981,0.168981,1.0018,0.66528,12.849,1,0.459392,3.72707,0,149.885,3.85266,149.3,0.84672,12.849,0.84672,3695.15,0,36.966,0.276778,3.45069,1.93327,11.862,0.986223,15.983,0.42336,36.966,0.42336,423.524,0,1.02816,0,0,4.47885,3.45069,1.028160,1,0,166.285,0,0,0,166.285,0
72.29,2.58461,0,0,7.7815,0.220629,4.97626,3.6288,61.308,0.459042,0,0,1.0795,0.254842,0.365614,0.66528,12.849,1,0.459395,4.97626,0,163.273,4.71513,163.074,0.84672,12.849,0.84672,3695.15,0,36.966,0.276782,3.69583,1.93329,6.10616,1.28326,10.1752,0.42336,36.966,0.42336,423.524,0,1.02816,0,0,4.72399,3.69583,1.028160,1,0,173.615,0,0,0,173.615,0
72.29,2.66559,0,0,7.02562,0.218639,4.14138,3.6288,61.308,0.49463,0,0,1.01138,0.232803,0.283948,0.66528,12.849,1,0.473789,4.14138,0,119.027,4.39236,118.302,0.84672,12.849,0.84672,3695.15,0,36.966,0.29824,3.04404,1.9333,7.86948,1.22937,11.3192,0.42336,36.966,0.42336,423.524,0,1.02816,0,0,4.0722,3.04404,1.028160,1,0,129.906,0,0,0,129.906,0
72.29,2.6656,0,0,11.2258,0.225317,8.33487,3.6288,61.308,0.494631,0,0,1.9285,0.231018,1.20285,0.66528,12.849,1,0.473789,8.33487,0,187.353,4.41135,190.803,0.84672,12.849,0.84672,3695.15,0,36.966,0.298241,4.82116,1.99525,10.0062,1.26248,15.2619,0.42336,36.966,0.42336,423.524,0,1.02816,0,0,5.84932,4.82116,1.028160,1,0,207.268,0,0,0,207.268,0
72.29,2.6656,0,0,6.53646,0.249326,3.62154,3.6288,61.308,0.494632,0,0,0.993997,0.196095,0.30327,0.66528,12.849,1,0.47379,3.62154,0,169.732,4.08572,168.794,0.84672,12.849,0.84672,3695.15,0,36.966,0.298241,2.50832,1.99525,4.44105,1.20857,7.4378,0.42336,36.966,0.42336,423.524,0,1.02816,0,0,3.53648,2.50832,1.028160,1,0,176.535,0,0,0,176.535,0
72.29,2.6656,0,0,6.43768,0.273692,3.49839,3.6288,61.308,0.494633,0,0,1.07336,0.191473,0.387258,0.66528,12.849,1,0.47379,3.49839,0,142.344,4.12747,141.241,0.84672,12.849,0.84672,3695.15,0,36.966,0.298242,2.18293,1.99525,5.03945,1.15664,7.76276,0.42336,36.966,0.42336,423.524,0,1.02816,0,0,3.21109,2.18293,1.028160,1,0,149.391,0,0,0,149.391,0
72.29,2.87814,0,0,9.58377,0.252817,6.45281,3.6288,61.308,0.607614,0,0,1.65261,0.248509,0.796484,0.66528,12.849,1,0.511568,6.45281,0,188.52,4.66285,189.799,0.84672,12.849,0.84672,3695.15,0,36.966,0.366364,3.73411,1.99525,10.2003,1.25447,14.3088,0.42336,36.966,0.42336,423.524,0,1.02816,0,0,4.76227,3.73411,1.028160,1,0,204.904,0,0,0,204.904,0
72.29,2.87814,0,0,7.30568,0.261416,4.16612,3.6288,61.308,0.607615,0,0,1.53709,0.220474,0.709001,0.66528,12.849,1,0.511568,4.16612,0,172.776,4.32873,172.102,0.84672,12.849,0.84672,3695.15,0,36.966,0.366365,3.40244,2.18208,9.57131,1.12555,13.6639,0.42336,36.966,0.42336,423.524,0,1.02816,0,0,4.4306,3.40244,1.028160,1,0,186.475,0,0,0,186.475,0
72.29,2.87815,0,0,6.84754,0.261416,3.70797,3.6288,61.308,0.607617,0,0,1.59434,0.220474,0.766249,0.66528,12.849,1,0.511569,3.70797,0,162.93,4.32873,161.797,0.84672,12.849,0.84672,3695.15,0,36.966,0.366366,3.34687,2.18209,9.2696,1.12555,13.3066,0.42336,36.966,0.42336,423.524,0,1.02816,0,0,4.37503,3.34687,1.028160,1,0,175.87,0,0,0,175.87,0
72.29,2.87815,0,0,5.71518,0.278087,2.55894,3.6288,61.308,0.607618,0,0,1.41832,0.225466,0.585233,0.66528,12.849,1,0.511569,2.55894,0,165.069,4.27419,162.842,0.84672,12.849,0.84672,3695.15,0,36.966,0.366366,3.08051,2.18209,7.66948,1.10697,11.4587,0.42336,36.966,0.42336,423.524,0,1.02816,0,0,4.10867,3.08051,1.028160,1,0,174.886,0,0,0,174.886,0
72.0122,2.55477,0,0,2.95965,0.319764,0.36288,3.6288,61.308,0.448954,0,0,0.969684,0.237945,0.282785,0.66528,12.849,1,0.454091,0.36288,0,73.028,4.13784,68.799,0.84672,12.849,0.84672,3695.15,0,36.966,0.270699,0.94443,2.18209,7.39839,1.06051,9.1937,0.42336,36.966,0.42336,423.524,0,1.02816,0,0,1.97259,0.94443,1.028160,1,0,78.2755,0,0,0,78.2755,0
71.7362,2.55329,0,0,2.95926,0.31909,0.36288,3.6288,61.308,0.448955,0,0,0.944922,0.237945,0.258022,0.66528,12.849,1,0.455578,0.36288,0,72.6544,4.13784,68.4239,0.84672,12.849,0.84672,3695.15,0,36.966,0.2707,0.648683,1.91422,6.26956,1.06051,7.50125,0.42336,36.966,0.42336,423.524,0,1.02816,0,0,1.67684,0.648683,1.028160,1,0,76.1832,0,0,0,76.1832,0
72.29,2.5518,0,0,3.96523,0.305845,0.553826,3.6288,61.308,0.448956,0,0,1.39034,0.231578,0.709807,0.66528,12.849,1,0.457065,0.553826,0,84.7523,4.15611,80.693,0.84672,12.849,0.84672,3695.15,0,36.966,0.2707,1.39403,1.91422,9.22908,1.02622,11.2404,0.42336,36.966,0.42336,423.524,0,1.02816,0,0,2.42219,1.39403,1.028160,1,0,92.6432,0,0,0,92.6432,0
72.29,2.55478,0,0,4.33783,0.275563,1.50749,3.6288,61.308,0.448957,0,0,1.73224,0.215659,1.06763,0.66528,12.849,1,0.454092,1.50749,0,98.7362,4.20179,95.5878,0.84672,12.849,0.84672,3695.15,0,36.966,0.270701,5.05556,1.91422,9.88649,0.940495,15.6451,0.42336,36.966,0.42336,423.524,0,1.02816,0,0,6.08372,5.05556,1.028160,1,0,112.301,0,0,0,112.301,0
72.29,2.55478,0,0,5.44937,0.32599,2.5686,3.6288,61.308,0.448958,0,0,2.56109,0.159191,1.95294,0.66528,12.849,1,0.454093,2.5686,0,130.172,3.182,129.104,0.84672,12.849,0.84672,3695.15,0,36.966,0.270702,3.99387,1.91423,12.2863,0.671254,17.2524,0.42336,36.966,0.42336,423.524,0,1.02816,0,0,5.02203,3.99387,1.028160,1,0,148.31,0,0,0,148.31,0
72.29,2.64813,0,0,4.97419,0.334395,1.99166,3.6288,61.308,0.492813,0,0,1.8127,0.14978,1.1701,0.66528,12.849,1,0.470685,1.99166,0,152.56,3.01203,151.069,0.84672,12.849,0.84672,3695.15,0,36.966,0.297144,3.22977,1.91423,10.8718,0.626381,15.0923,0.42336,36.966,0.42336,423.524,0,1.02816,0,0,4.25793,3.22977,1.028160,1,0,167.331,0,0,0,167.331,0
72.29,2.64813,0,0,4.30161,0.307611,1.34586,3.6288,61.308,0.492814,0,0,1.43677,0.164053,0.779905,0.66528,12.849,1,0.470685,1.34586,0,144.892,3.18654,142.581,0.84672,12.849,0.84672,3695.15,0,36.966,0.297145,2.60277,1.98914,10.58,0.660732,14.2141,0.42336,36.966,0.42336,423.524,0,1.02816,0,0,3.63093,2.60277,1.028160,1,0,157.575,0,0,0,157.575,0
72.29,2.64813,0,0,3.98506,0.271899,1.06503,3.6288,61.308,0.492815,0,0,1.61935,0.183084,0.943453,0.66528,12.849,1,0.470686,1.06503,0,105.247,3.41922,102.422,0.84672,12.849,0.84672,3695.15,0,36.966,0.297145,3.0129,1.98914,10.1305,0.706533,14.1289,0.42336,36.966,0.42336,423.524,0,1.02816,0,0,4.04106,3.0129,1.028160,1,0,117.495,0,0,0,117.495,0
72.29,2.64814,0,0,3.85395,0.256669,0.949145,3.6288,61.308,0.492816,0,0,2.03149,0.1832,1.35547,0.66528,12.849,1,0.470686,0.949145,0,92.81,3.56208,89.7264,0.84672,12.849,0.84672,3695.15,0,36.966,0.297146,3.81502,1.98915,8.83025,0.836732,13.5005,0.42336,36.966,0.42336,423.524,0,1.02816,0,0,4.84318,3.81502,1.028160,1,0,104.582,0,0,0,104.582,0
72.29,2.61164,0,0,3.53093,0.245247,0.674039,3.6288,61.308,0.475784,0,0,1.25013,0.183287,0.591059,0.66528,12.849,1,0.464199,0.674039,0,84.2746,3.66922,80.8152,0.84672,12.849,0.84672,3695.15,0,36.966,0.286877,1.93358,1.98915,6.42738,0.934382,9.12885,0.42336,36.966,0.42336,423.524,0,1.02816,0,0,2.96174,1.93358,1.028160,1,0,90.5351,0,0,0,90.5351,0
72.1595,2.61164,0,0,3.08931,0.245247,0.36288,3.6288,61.308,0.475785,0,0,1.21512,0.183287,0.556048,0.66528,12.849,1,0.4642,0.36288,0,78.3527,3.66922,74.5822,0.84672,12.849,0.84672,3695.15,0,36.966,0.286878,1.77199,1.96,5.59877,0.934382,8.10951,0.42336,36.966,0.42336,423.524,0,1.02816,0,0,2.80015,1.77199,1.028160,1,0,83.2477,0,0,0,83.2477,0
72.29,2.61093,0,0,3.70314,0.245004,0.716743,3.6288,61.308,0.475787,0,0,1.28587,0.183287,0.626792,0.66528,12.849,1,0.464912,0.716743,0,83.5661,3.66922,80.1487,0.84672,12.849,0.84672,3695.15,0,36.966,0.286878,1.89109,1.96,6.96019,0.934382,9.59002,0.42336,36.966,0.42336,423.524,0,1.02816,0,0,2.91925,1.89109,1.028160,1,0,90.3655,0,0,0,90.3655,0
72.1878,2.61165,0,0,3.09576,0.223384,0.36288,3.6288,61.308,0.475787,0,0,1.17705,0.180866,0.5204,0.66528,12.849,1,0.4642,0.36288,0,77.7954,3.52854,74.1656,0.84672,12.849,0.84672,3695.15,0,36.966,0.286879,1.7181,1.96,6.44198,0.909292,8.92392,0.42336,36.966,0.42336,423.524,0,1.02816,0,0,2.74626,1.7181,1.028160,1,0,83.6099,0,0,0,83.6099,0
72.0255,2.73495,0,0,3.10763,0.172143,0.36288,3.6288,61.308,0.53619,0,0,1.17211,0.195258,0.440663,0.66528,12.849,1,0.486805,0.36288,0,76.8148,4.08807,72.6028,0.84672,12.849,0.84672,3695.15,0,36.966,0.323299,1.84958,1.96001,5.85573,0.909168,8.43285,0.42336,36.966,0.42336,423.524,0,1.02816,0,0,2.87774,1.84958,1.028160,1,0,81.4763,0,0,0,81.4763,0
71.8107,2.73403,0,0,3.05404,0.171931,0.36288,3.6288,61.308,0.536192,0,0,1.32429,0.195258,0.592838,0.66528,12.849,1,0.487737,0.36288,0,68.8565,4.08807,64.6436,0.84672,12.849,0.84672,3695.15,0,36.966,0.3233,2.12435,2.06216,6.28296,0.909168,9.237,0.42336,36.966,0.42336,423.524,0,1.02816,0,0,3.15251,2.12435,1.028160,1,0,74.4734,0,0,0,74.4734,0
71.4375,2.73279,0,0,2.89414,0.17165,0.36288,3.6288,61.308,0.536193,0,0,1.10129,0.195258,0.369838,0.66528,12.849,1,0.488975,0.36288,0,63.6647,4.08807,59.4505,0.84672,12.849,0.84672,3695.15,0,36.966,0.3233,1.66603,2.06216,5.87829,0.909168,8.37401,0.42336,36.966,0.42336,423.524,0,1.02816,0,0,2.69419,1.66603,1.028160,1,0,68.1944,0,0,0,68.1944,0
70.9285,2.73063,0,0,2.73476,0.150249,0.36288,3.6288,61.308,0.536194,0,0,1.04959,0.225248,0.288145,0.66528,12.849,1,0.49114,0.36288,0,57.669,4.49553,53.0452,0.84672,12.849,0.84672,3695.15,0,36.966,0.323301,1.27743,2.06216,4.92896,1.01828,6.92697,0.42336,36.966,0.42336,423.524,0,1.02816,0,0,2.30559,1.27743,1.028160,1,0,60.2603,0,0,0,60.2603,0
70.5994,2.72765,0,0,2.8733,0.111934,0.36288,3.6288,61.308,0.536195,0,0,1.22614,0.247907,0.442035,0.66528,12.849,1,0.494125,0.36288,0,50.4802,4.80912,45.5399,0.84672,12.849,0.84672,3695.15,0,36.966,0.323302,2.18408,2.06216,5.16002,1.13259,7.95038,0.42336,36.966,0.42336,423.524,0,1.02816,0,0,3.21224,2.18408,1.028160,1,0,53.9323,0,0,0,53.9323,0
70.1385,2.65747,0,0,2.67354,0.114037,0.36288,3.6288,61.308,0.549753,0,0,1.17602,0.239188,0.387085,0.66528,12.849,1,0.483656,0.36288,0,47.3782,4.69161,42.5658,0.84672,12.849,0.84672,3695.15,0,36.966,0.331476,1.87418,2.06216,4.94023,1.10618,7.43892,0.42336,36.966,0.42336,423.524,0,1.02816,0,0,2.90234,1.87418,1.028160,1,0,50.3918,0,0,0,50.3918,0
69.4797,2.65478,0,0,2.45839,0.099587,0.36288,3.6288,61.308,0.549754,0,0,1.12279,0.272095,0.300937,0.66528,12.849,1,0.486342,0.36288,0,42.0022,5.11506,36.7637,0.84672,12.849,0.84672,3695.15,0,36.966,0.331477,1.85971,2.06384,4.75355,1.26075,7.08487,0.42336,36.966,0.42336,423.524,0,1.02816,0,0,2.88787,1.85971,1.028160,1,0,44.1495,0,0,0,44.1495,0
68.6959,2.6509,0,0,2.31047,0.0804478,0.36288,3.6288,61.308,0.549755,0,0,1.04742,0.315971,0.181693,0.66528,12.849,1,0.490235,0.36288,0,37.2866,5.67966,31.4796,0.84672,12.849,0.84672,3695.15,0,36.966,0.331478,1.80618,2.06384,4.57618,1.46684,6.64789,0.42336,36.966,0.42336,423.524,0,1.02816,0,0,2.83434,1.80618,1.028160,1,0,38.3092,0,0,0,38.3092,0
67.6462,2.64619,0,0,2.03495,0.0755963,0.36288,3.6288,61.3033,0.549756,0,0,0.865987,0.320925,0,0.66528,12.849,1,0.494947,0.36288,0,33.2896,5.97859,27.1789,0.84672,12.849,0.84672,3695.15,0,36.966,0.331478,1.47247,2.06384,3.98734,1.48991,5.70227,0.42336,36.966,0.42336,423.524,0,1.02816,0,0,2.50063,1.47247,1.028160,1,0,32.8812,0,0,0,32.8812,0
66.7667,2.70134,0,0,2.25397,0.0692081,0.36288,3.6288,61.308,0.578847,0,0,0.936827,0.32752,0.0257664,0.66528,12.849,1,0.513104,0.36288,0,38.5501,6.37718,32.0227,0.84672,12.849,0.84672,3695.15,0,36.966,0.349046,1.56181,2.06385,4.13548,1.52069,5.8914,0.42336,36.966,0.42336,423.524,0,1.02816,0,0,2.58997,1.56181,1.028160,1,0,37.9399,0,0,0,37.9399,0
65.7143,2.69567,0,0,2.0749,0.0687294,0.36288,3.6288,61.1958,0.578865,0,0,0.794197,0.327529,0,0.66528,12.849,1,0.518772,0.36288,0,31.6644,6.37718,25.1313,0.84672,12.849,0.84672,3695.15,0,36.966,0.34903,1.71887,2.11363,3.99863,1.52069,5.96141,0.42336,36.966,0.42336,423.524,0,1.02816,0,0,2.74703,1.71887,1.028160,1,0,31.0927,0,0,0,31.0927,0
64.4945,2.68873,0,0,1.89989,0.0681566,0.36288,3.6288,61.0256,0.578467,0,0,0.735601,0.327297,0,0.66528,12.849,1,0.525722,0.36288,0,30.0969,6.37718,23.5569,0.84672,12.849,0.84672,3695.15,0,36.966,0.349429,1.32005,2.11364,3.51475,1.52069,5.07832,0.42336,36.966,0.42336,423.524,0,1.02816,0,0,2.34821,1.32005,1.028160,1,0,28.6352,0,0,0,28.6352,0
63.4002,2.68044,0,0,2.00736,0.0582707,0.36288,3.6288,60.9601,0.577861,0,0,0.844448,0.332115,0,0.66528,12.849,1,0.534014,0.36288,0,29.5179,6.52673,22.82,0.84672,12.849,0.84672,3695.15,0,36.966,0.350037,1.78971,2.11364,4.64956,1.55057,6.6523,0.42336,36.966,0.42336,423.524,0,1.02816,0,0,2.81787,1.78971,1.028160,1,0,29.4723,0,0,0,29.4723,0
62.5603,2.85128,0,0,2.42597,0.0517746,0.36288,3.6288,60.6794,0.66528,0,0,0.734365,0.3498,0,0.66528,12.849,1,0.577854,0.36288,0,29.9857,6.78457,22.9862,0.84672,12.849,0.84672,3695.15,0,36.966,0.42336,1.59316,2.11364,3.87481,1.55508,5.60317,0.42336,36.966,0.42336,423.524,0,1.02816,0,0,2.62132,1.59316,1.028160,1,0,28.5893,0,0,0,28.5893,0
61.9635,2.84485,0,0,2.66238,0.0514208,0.36288,3.6288,60.5718,0.66528,0,0,0.906837,0.349178,0,0.66528,12.849,1,0.584292,0.36288,0,38.5639,6.78457,31.5579,0.84672,12.849,0.84672,3695.15,0,36.966,0.42336,2.22857,2.27806,4.22696,1.55508,6.75514,0.42336,36.966,0.42336,423.524,0,1.02816,0,0,3.25673,2.22857,1.028160,1,0,38.313,0,0,0,38.313,0
60.8481,2.84019,0,0,2.13884,0.0511694,0.36288,3.6288,60.2135,0.66528,0,0,0.655914,0.348939,0,0.66528,12.849,1,0.588953,0.36288,0,37.6831,6.78457,30.6725,0.84672,12.849,0.84672,3695.15,0,36.966,0.42336,1.23283,2.27806,3.39328,1.55508,4.92573,0.42336,36.966,0.42336,423.524,0,1.02816,0,0,2.26099,1.23283,1.028160,1,0,35.5982,0,0,0,35.5982,0
60.2669,2.83128,0,0,2.66367,0.0506995,0.36288,3.6288,60.3211,0.66528,0,0,1.12106,0.348145,0,0.66528,12.849,1,0.597867,0.36288,0,34.4164,6.78457,27.3968,0.84672,12.849,0.84672,3695.15,0,36.966,0.42336,3.24876,2.27806,5.24667,1.55508,8.79505,0.42336,36.966,0.42336,423.524,0,1.02816,0,0,4.27692,3.24876,1.028160,1,0,36.1919,0,0,0,36.1919,0
58.8483,2.82653,0,0,1.82401,0.0531883,0.36288,3.6288,60.0823,0.66528,0,0,0.763111,0.336625,0,0.66528,12.849,1,0.60262,0.36288,0,25.0271,6.2109,18.5765,0.84672,12.849,0.84672,3695.15,0,36.966,0.42336,1.72345,2.27806,3.83806,1.38174,6.03447,0.42336,36.966,0.42336,423.524,0,1.02816,0,0,2.75161,1.72345,1.028160,1,0,24.611,0,0,0,24.611,0
57.7651,2.72873,0,0,2.0979,0.0894779,0.36288,3.6288,59.8808,0.615444,0,0,0.726201,0.312237,0,0.66528,12.849,1,0.595793,0.36288,0,20.9345,6.00831,14.6933,0.84672,12.849,0.84672,3695.15,0,36.966,0.378656,1.60414,2.27806,2.59687,1.33348,4.76693,0.42336,36.966,0.42336,423.524,0,1.02816,0,0,2.6323,1.60414,1.028160,1,0,19.4603,0,0,0,19.4603,0
57.819,2.71959,0,0,3.22484,0.0885407,0.36288,3.6288,60.1809,0.614658,0,0,1.22657,0.311836,0,0.66528,12.849,1,0.604933,0.36288,0,38.8451,6.00831,32.5947,0.84672,12.849,0.84672,3695.15,0,36.966,0.379444,3.56016,2.18541,5.02038,1.33348,9.05302,0.42336,36.966,0.42336,423.524,0,1.02816,0,0,4.58832,3.56016,1.028160,1,0,41.6477,0,0,0,41.6477,0
57.3328,2.72006,0,0,2.68541,0.0885873,0.36288,3.6288,60.2272,0.615831,0,0,0.974557,0.312433,0,0.66528,12.849,1,0.604473,0.36288,0,57.6415,6.00831,51.3916,0.84672,12.849,0.84672,3695.15,0,36.966,0.378273,2.59572,2.18542,3.53455,1.33348,6.60393,0.42336,36.966,0.42336,423.524,0,1.02816,0,0,3.62388,2.59572,1.028160,1,0,57.9955,0,0,0,57.9955,0
56.5148,2.71587,0,0,2.46543,0.204724,0.36288,3.6288,60.1766,0.616012,0,0,0.815564,0.250166,0,0.66528,12.849,1,0.608661,0.36288,0,35.0237,5.31232,29.4656,0.84672,12.849,0.84672,3695.15,0,36.966,0.378094,1.70469,2.18542,2.53853,1.27667,4.77387,0.42336,36.966,0.42336,423.524,0,1.02816,0,0,2.73285,1.70469,1.028160,1,0,34.2395,0,0,0,34.2395,0
55.0796,2.63872,0,0,1.78318,0.21678,0.36288,3.6288,60.0405,0.558179,0,0,0.614844,0.192776,0,0.66528,12.849,1,0.599931,0.36288,0,35.998,3.79995,31.961,0.84672,12.849,0.84672,3695.15,0,36.966,0.342885,0.424846,2.18542,2.98674,1.03247,4.22166,0.42336,36.966,0.42336,423.524,0,1.02816,0,0,1.45301,0.424846,1.028160,1,0,36.1826,0,0,0,36.1826,0
55.4636,2.62605,0,0,3.58667,0.213702,0.36288,3.6288,60.8526,0.557699,0,0,1.56243,0.192609,0,0.66528,12.849,1,0.612607,0.36288,0,59.1925,3.79995,55.1428,0.84672,12.849,0.84672,3695.15,0,36.966,0.343366,2.37569,2.09744,5.16216,1.03247,8.25946,0.42336,36.966,0.42336,423.524,0,1.02816,0,0,3.40385,2.37569,1.028160,1,0,63.4022,0,0,0,63.4022,0
54.4555,2.6295,0,0,2.19873,0.214526,0.36288,3.6288,61.308,0.56055,0,0,1.29792,0.193606,0.0883561,0.66528,12.849,1,0.609163,0.36288,0,35.3259,3.79995,31.2796,0.84672,12.849,0.84672,3695.15,0,36.966,0.340516,2.08696,2.09744,5.18627,1.03247,7.99769,0.42336,36.966,0.42336,423.524,0,1.02816,0,0,3.11512,2.08696,1.028160,1,0,39.3657,0,0,0,39.3657,0
54.9523,2.62037,0,0,3.74732,0.267285,0.36288,3.6288,61.308,0.562129,0,0,1.22235,0.214861,0.445355,0.66528,12.849,1,0.618289,0.36288,0,83.8416,4.14789,79.4383,0.84672,12.849,0.84672,3695.15,0,36.966,0.338939,1.86011,2.09745,6.41342,1.1137,8.91834,0.42336,36.966,0.42336,423.524,0,1.02816,0,0,2.88827,1.86011,1.028160,1,0,88.802,0,0,0,88.802,0
54.0911,2.46724,0,0,2.23189,0.262914,0.36288,3.6288,61.308,0.45909,0,0,1.86045,0.216816,1.18455,0.66528,12.849,1,0.576894,0.36288,0,61.7416,4.03914,57.4885,0.84672,12.849,0.84672,3695.15,0,36.966,0.276811,2.60107,2.09745,8.98154,1.00771,12.3955,0.42336,36.966,0.42336,423.524,0,1.02816,0,0,3.62923,2.60107,1.028160,1,0,71.0685,0,0,0,71.0685,0
53.2048,2.45983,0,0,2.19703,0.260639,0.36288,3.6288,61.308,0.459091,0,0,1.62041,0.216816,0.944499,0.66528,12.849,1,0.584316,0.36288,0,48.3902,4.03914,44.1296,0.84672,12.849,0.84672,3695.15,0,36.966,0.276812,2.01909,1.93339,7.40379,1.00771,10.0717,0.42336,36.966,0.42336,423.524,0,1.02816,0,0,3.04725,2.01909,1.028160,1,0,55.1459,0,0,0,55.1459,0
52.0736,2.45199,0,0,1.94201,0.258298,0.36288,3.6288,61.308,0.459092,0,0,1.66152,0.216816,0.985607,0.66528,12.849,1,0.592157,0.36288,0,56.0785,4.03914,51.8101,0.84672,12.849,0.84672,3695.15,0,36.966,0.276812,2.04911,1.93339,7.65452,1.00771,10.3525,0.42336,36.966,0.42336,423.524,0,1.02816,0,0,3.07727,2.04911,1.028160,1,0,63.1482,0,0,0,63.1482,0
52.2303,2.44167,0,0,3.21451,0.253343,0.36288,3.6288,61.308,0.459093,0,0,1.71325,0.243749,1.01041,0.66528,12.849,1,0.602475,0.36288,0,50.6859,4.86601,45.5803,0.84672,12.849,0.84672,3695.15,0,36.966,0.276813,2.56861,1.93339,8.29665,1.26441,11.2574,0.42336,36.966,0.42336,423.524,0,1.02816,0,0,3.59677,2.56861,1.028160,1,0,57.8481,0,0,0,57.8481,0
53.2581,2.44312,0,0,4.08579,0.251934,0.36288,3.6288,61.308,0.459094,0,0,1.62475,0.222453,0.943204,0.66528,12.849,1,0.601025,0.36288,0,75.3519,3.9847,71.1291,0.84672,12.849,0.84672,3695.15,0,36.966,0.276813,1.64011,1.93339,7.66586,1.05608,9.90646,0.42336,36.966,0.42336,423.524,0,1.02816,0,0,2.66827,1.64011,1.028160,1,0,81.9788,0,0,0,81.9788,0
55.0625,2.5293,0,0,4.95044,0.253826,0.36288,3.6288,61.308,0.494677,0,0,1.37786,0.198402,0.684785,0.66528,12.849,1,0.610216,0.36288,0,86.5443,3.07566,83.2213,0.84672,12.849,0.84672,3695.15,0,36.966,0.298268,0.926735,1.93339,9.62055,0.822821,11.3596,0.42336,36.966,0.42336,423.524,0,1.02816,0,0,1.9549,0.926735,1.028160,1,0,95.2657,0,0,0,95.2657,0
55.8353,2.5455,0,0,3.93964,0.258508,0.36288,3.6288,61.308,0.494672,0,0,0.995561,0.198402,0.302488,0.66528,12.849,1,0.593999,0.36288,0,89.2469,3.07566,85.9401,0.84672,12.849,0.84672,3695.15,0,36.966,0.298265,0.63377,1.99533,7.07668,0.822821,8.58469,0.42336,36.966,0.42336,423.524,0,1.02816,0,0,1.66193,0.63377,1.028160,1,0,94.8273,0,0,0,94.8273,0
59.352,2.55217,0,0,6.69226,0.260513,0.36288,3.6288,61.308,0.494666,0,0,1.82687,0.198402,1.1338,0.66528,12.849,1,0.587313,0.36288,0,98.6705,3.07566,95.3704,0.84672,12.849,0.84672,3695.15,0,36.966,0.298262,4.2707,1.99532,13.2506,0.822821,18.3956,0.42336,36.966,0.42336,423.524,0,1.02816,0,0,5.29886,4.2707,1.028160,1,0,114.9,0,0,0,114.9,0
64.2284,2.58076,0,0,8.09667,0.276633,0.36288,3.6288,61.308,0.49466,0,0,1.43649,0.18975,0.752076,0.66528,12.849,1,0.558704,0.36288,0,108.756,3.2705,105.29,0.84672,12.849,0.84672,3695.15,0,36.966,0.298258,3.61231,1.99531,9.06854,0.892641,13.4853,0.42336,36.966,0.42336,423.524,0,1.02816,0,0,4.64047,3.61231,1.028160,1,0,119.527,0,0,0,119.527,0
65.9613,2.82469,0,0,5.19259,0.272064,0.36288,3.6288,61.308,0.607637,0,0,1.13485,0.156432,0.370777,0.66528,12.849,1,0.565084,0.36288,0,88.8961,3.12911,85.5648,0.84672,12.849,0.84672,3695.15,0,36.966,0.366378,0.550342,1.9953,7.31539,0.954135,8.54052,0.42336,36.966,0.42336,423.524,0,1.02816,0,0,1.5785,0.550342,1.028160,1,0,94.4761,0,0,0,94.4761,0
67.5367,2.8371,0,0,5.05118,0.275875,0.36288,3.6288,61.308,0.607631,0,0,1.54457,0.156432,0.78051,0.66528,12.849,1,0.552655,0.36288,0,100.159,3.12911,96.8403,0.84672,12.849,0.84672,3695.15,0,36.966,0.366374,1.83588,2.18212,11.2477,0.954135,13.9452,0.42336,36.966,0.42336,423.524,0,1.02816,0,0,2.86404,1.83588,1.028160,1,0,111.566,0,0,0,111.566,0
69.1922,2.84792,0,0,5.16661,0.300245,0.36288,3.6288,61.308,0.607624,0,0,1.01716,0.145127,0.264409,0.66528,12.849,1,0.541822,0.36288,0,126.16,3.19476,122.786,0.84672,12.849,0.84672,3695.15,0,36.966,0.366371,1.17425,2.18211,8.32974,0.925385,10.3943,0.42336,36.966,0.42336,423.524,0,1.02816,0,0,2.20241,1.17425,1.028160,1,0,133.445,0,0,0,133.445,0
72.29,2.85883,0,0,8.35918,0.347338,2.05525,3.6288,61.308,0.607618,0,0,1.24004,0.158579,0.473841,0.66528,12.849,1,0.530886,2.05525,0,123.162,3.20608,121.481,0.84672,12.849,0.84672,3695.15,0,36.966,0.366367,2.61131,2.1821,11.319,0.919477,14.8266,0.42336,36.966,0.42336,423.524,0,1.02816,0,0,3.63947,2.61131,1.028160,1,0,136.781,0,0,0,136.781,0
72.29,2.55476,0,0,6.0633,0.305326,3.20322,3.6288,61.308,0.448948,0,0,2.305,0.137708,1.71834,0.66528,12.849,1,0.454089,3.20322,0,114.403,3.27715,113.875,0.84672,12.849,0.84672,3695.15,0,36.966,0.270696,2.02116,2.18209,13.9697,0.826245,17.076,0.42336,36.966,0.42336,423.524,0,1.02816,0,0,3.04932,2.02116,1.028160,1,0,132.669,0,0,0,132.669,0
72.29,2.55474,0,0,5.35167,0.305326,2.4916,3.6288,61.308,0.448943,0,0,1.55892,0.137708,0.972265,0.66528,12.849,1,0.454086,2.4916,0,88.7129,3.27715,87.4733,0.84672,12.849,0.84672,3695.15,0,36.966,0.270693,0.995224,1.91421,10.6312,0.826245,12.4437,0.42336,36.966,0.42336,423.524,0,1.02816,0,0,2.02338,0.995224,1.028160,1,0,100.889,0,0,0,100.889,0
72.29,2.55473,0,0,4.15424,0.305326,1.29418,3.6288,61.308,0.461512,0,0,1.21354,0.137708,0.61432,0.66528,12.849,1,0.454084,1.29418,0,93.4813,3.27715,91.0443,0.84672,12.849,0.84672,3695.15,0,36.966,0.278271,0.558835,1.9142,8.60207,0.826245,9.97059,0.42336,36.966,0.42336,423.524,0,1.008,0,0,1.56684,0.558835,1.028160,1,0,101.629,0,0,0,101.629,0
72.29,2.55472,0,0,3.35712,0.271342,0.531055,3.6288,61.308,0.669832,0,0,0.812488,0.119659,0.0229972,0.66528,12.849,1,0.454082,0.531055,0,76.2964,3.01557,73.3578,0.84672,12.849,0.84672,3695.15,0,36.966,0.403879,0.558835,1.91419,7.59655,0.788668,8.87703,0.42336,36.966,0.42336,423.524,0,0.674067,0,0,1.2329,0.558835,1.028160,1,0,82.2578,0,0,0,82.2578,0
72.29,2.55471,0,0,5.67092,0.295713,2.82051,3.6288,61.308,0.448927,0,0,1.14725,0.15322,0.545098,0.66528,12.849,1,0.45408,2.82051,0,107.776,3.64517,106.497,0.84672,12.849,0.84672,3695.15,0,36.966,0.270683,0.700747,1.91418,10.3188,0.972948,11.6901,0.42336,36.966,0.42336,423.524,0,1.02816,0,0,1.72891,0.700747,1.028160,1,0,118.733,0,0,0,118.733,0
72.29,2.64804,0,0,4.2967,0.323586,1.32508,3.6288,61.308,0.492774,0,0,1.06039,0.176271,0.391343,0.66528,12.849,1,0.470668,1.32508,0,101.738,4.03652,98.5556,0.84672,12.849,0.84672,3695.15,0,36.966,0.297121,0.800021,1.91417,9.34278,1.0667,10.6932,0.42336,36.966,0.42336,423.524,0,1.02816,0,0,1.82818,0.800021,1.028160,1,0,109.64,0,0,0,109.64,0
72.29,2.64802,0,0,4.07627,0.323586,1.10466,3.6288,61.308,0.492768,0,0,1.26598,0.176271,0.596937,0.66528,12.849,1,0.470666,1.10466,0,73.4806,4.03652,70.0781,0.84672,12.849,0.84672,3695.15,0,36.966,0.297117,0.93712,1.98907,8.03719,1.0667,9.59956,0.42336,36.966,0.42336,423.524,0,1.02816,0,0,1.96528,0.93712,1.028160,1,0,80.2746,0,0,0,80.2746,0
72.29,2.64801,0,0,3.75484,0.325186,0.781644,3.6288,61.308,0.492763,0,0,1.48099,0.169585,0.818643,0.66528,12.849,1,0.470664,0.781644,0,67.3341,3.81991,63.8252,0.84672,12.849,0.84672,3695.15,0,36.966,0.297114,1.17552,1.98906,11.3439,1.02429,13.1871,0.42336,36.966,0.42336,423.524,0,1.02816,0,0,2.20368,1.17552,1.028160,1,0,77.8309,0,0,0,77.8309,0
72.29,2.648,0,0,3.72151,0.281204,0.792306,3.6288,61.308,0.492757,0,0,1.43804,0.175842,0.769442,0.66528,12.849,1,0.470662,0.792306,0,70.641,3.9337,67.0289,0.84672,12.849,0.84672,3695.15,0,36.966,0.297111,1.41998,1.98905,8.42435,1.02692,10.5094,0.42336,36.966,0.42336,423.524,0,1.02816,0,0,2.44814,1.41998,1.028160,1,0,78.3077,0,0,0,78.3077,0
72.23,2.61149,0,0,3.20208,0.287726,0.36288,3.6288,61.308,0.47572,0,0,1.17834,0.179255,0.523366,0.66528,12.849,1,0.464172,0.36288,0,59.4301,3.98902,55.3398,0.84672,12.849,0.84672,3695.15,0,36.966,0.286838,0.973357,1.98904,6.8402,0.999315,8.51645,0.42336,36.966,0.42336,423.524,0,1.02816,0,0,2.00152,0.973357,1.028160,1,0,64.3796,0,0,0,64.3796,0
71.8468,2.61115,0,0,2.85718,0.266331,0.36288,3.6288,61.308,0.475714,0,0,0.98833,0.209339,0.303276,0.66528,12.849,1,0.464497,0.36288,0,52.8062,4.30515,48.3994,0.84672,12.849,0.84672,3695.15,0,36.966,0.286835,0.824774,1.95989,6.21073,1.02421,7.68435,0.42336,36.966,0.42336,423.524,0,1.02816,0,0,1.85293,0.824774,1.028160,1,0,56.3871,0,0,0,56.3871,0
71.3543,2.60903,0,0,2.68897,0.209566,0.36288,3.6288,61.308,0.475709,0,0,0.98293,0.235497,0.271723,0.66528,12.849,1,0.466597,0.36288,0,49.2451,4.53579,44.6056,0.84672,12.849,0.84672,3695.15,0,36.966,0.286831,0.796556,1.95988,6.18066,1.03798,7.61228,0.42336,36.966,0.42336,423.524,0,1.02816,0,0,1.82472,0.796556,1.028160,1,0,52.4896,0,0,0,52.4896,0
70.7677,2.60629,0,0,2.59136,0.20878,0.36288,3.6288,61.308,0.475703,0,0,0.982403,0.235497,0.271202,0.66528,12.849,1,0.469323,0.36288,0,47.0832,4.53579,42.4409,0.84672,12.849,0.84672,3695.15,0,36.966,0.286828,0.860596,1.95987,6.79145,1.03798,8.2871,0.42336,36.966,0.42336,423.524,0,1.02816,0,0,1.88876,0.860596,1.028160,1,0,50.9992,0,0,0,50.9992,0
70.3006,2.72646,0,0,2.81551,0.193243,0.36288,3.6288,61.308,0.536095,0,0,1.06175,0.210169,0.315489,0.66528,12.849,1,0.495033,0.36288,0,48.9225,3.91744,44.8729,0.84672,12.849,0.84672,3695.15,0,36.966,0.323241,0.934226,1.95986,6.49738,0.927372,8.14085,0.42336,36.966,0.42336,423.524,0,1.02816,0,0,1.96239,0.934226,1.028160,1,0,53.3293,0,0,0,53.3293,0
69.4616,2.72367,0,0,2.44008,0.192551,0.36288,3.6288,61.308,0.536089,0,0,0.974652,0.210169,0.228394,0.66528,12.849,1,0.497811,0.36288,0,45.9096,3.91744,41.8572,0.84672,12.849,0.84672,3695.15,0,36.966,0.323238,0.962047,2.06199,6.57617,0.927372,8.3496,0.42336,36.966,0.42336,423.524,0,1.02816,0,0,1.99021,0.962047,1.028160,1,0,50.4352,0,0,0,50.4352,0
68.4012,2.71858,0,0,2.21234,0.191306,0.36288,3.6288,61.308,0.536083,0,0,0.847748,0.210169,0.101496,0.66528,12.849,1,0.502883,0.36288,0,42.2756,3.91744,38.2182,0.84672,12.849,0.84672,3695.15,0,36.966,0.323234,0.747308,2.06198,6.21829,0.927372,7.77697,0.42336,36.966,0.42336,423.524,0,1.02816,0,0,1.77547,0.747308,1.028160,1,0,46.0966,0,0,0,46.0966,0
67.2391,2.71201,0,0,2.07489,0.162073,0.36288,3.6288,61.308,0.536077,0,0,0.786007,0.239803,0.0101264,0.66528,12.849,1,0.509444,0.36288,0,40.4647,4.50433,35.8138,0.84672,12.849,0.84672,3695.15,0,36.966,0.323231,0.626849,2.06197,5.96423,1.08753,7.24228,0.42336,36.966,0.42336,423.524,0,1.02816,0,0,1.65501,0.626849,1.028160,1,0,43.0663,0,0,0,43.0663,0
66.2796,2.7046,0,0,2.24237,0.134429,0.36288,3.6288,61.082,0.60584,0,0,0.635318,0.255469,0,0.66528,12.849,1,0.516833,0.36288,0,35.2996,4.93792,30.2077,0.84672,12.849,0.84672,3695.15,0,36.966,0.365295,0.30119,2.06196,4.44152,1.25161,5.18777,0.42336,36.966,0.42336,423.524,0,0.916324,0,0,1.21751,0.30119,1.028160,1,0,35.3955,0,0,0,35.3955,0
65.4146,2.63077,0,0,2.25358,0.124835,0.36288,3.6288,60.6415,0.75395,0,0,0.572809,0.259389,0,0.66528,12.849,1,0.510004,0.36288,0,33.4074,5.07223,28.1881,0.84672,12.849,0.84672,3695.15,0,36.966,0.42336,0.30119,2.06195,4.05266,1.30656,4.68588,0.42336,36.966,0.42336,423.524,0,0.731868,0,0,1.03306,0.30119,1.028160,1,0,32.8739,0,0,0,32.8739,0
64.3736,2.62512,0,0,2.07097,0.123977,0.36288,3.6288,60.2256,0.713592,0,0,0.556347,0.258666,0,0.66528,12.849,1,0.515637,0.36288,0,32.88,5.07223,27.655,0.84672,12.849,0.84672,3695.15,0,36.966,0.42336,0.261274,2.06361,4.08658,1.30656,4.68155,0.42336,36.966,0.42336,423.524,0,0.772217,0,0,1.03349,0.261274,1.028160,1,0,32.3365,0,0,0,32.3365,0
63.1547,2.61816,0,0,1.88509,0.122943,0.36288,3.6288,59.6363,0.851623,0,0,0.520349,0.257983,0,0.66528,12.849,1,0.522586,0.36288,0,31.5645,5.07223,26.3326,0.84672,12.849,0.84672,3695.15,0,36.966,0.42336,0.261274,2.0636,3.83899,1.30656,4.43394,0.42336,36.966,0.42336,423.524,0,0.634176,0,0,0.89545,0.261274,1.028160,1,0,30.7665,0,0,0,30.7665,0
61.766,2.60977,0,0,1.69411,0.110221,0.36288,3.6288,58.8567,0.930186,0,0,0.433104,0.282497,0,0.66528,12.849,1,0.530964,0.36288,0,26.4084,5.44691,20.7934,0.84672,12.849,0.84672,3695.15,0,36.966,0.42336,0.261274,2.06359,3.50476,1.42498,3.98128,0.42336,36.966,0.42336,423.524,0,0.555604,0,0,0.816877,0.261274,1.028160,1,0,24.7747,0,0,0,24.7747,0
60.4018,2.66055,0,0,1.75506,0.0958478,0.36288,3.6288,57.9381,0.978417,0,0,0.366474,0.306682,0,0.66528,12.849,1,0.553466,0.36288,0,28.433,5.88956,22.3529,0.84672,12.849,0.84672,3695.15,0,36.966,0.42336,0.261274,2.06358,3.53543,1.54071,3.89621,0.42336,36.966,0.42336,423.524,0,0.554014,0,0,0.815288,0.261274,1.028160,1,0,26.2491,0,0,0,26.2491,0
58.9281,2.65023,0,0,1.63418,0.0947695,0.36288,3.6288,57.0388,0.912398,0,0,0.317942,0.304873,0,0.66528,12.849,1,0.563771,0.36288,0,24.0749,5.88956,17.9845,0.84672,12.849,0.84672,3695.15,0,36.966,0.42336,0.261274,2.11335,3.56803,1.54071,3.97859,0.42336,36.966,0.42336,423.524,0,0.620024,0,0,0.881297,0.261274,1.028160,1,0,21.9631,0,0,0,21.9631,0
57.344,2.63864,0,0,1.51089,0.0934492,0.36288,3.6288,56.0447,0.985785,0,0,0.294846,0.303102,0,0.66528,12.849,1,0.575343,0.36288,0,23.0855,5.88956,16.9835,0.84672,12.849,0.84672,3695.15,0,36.966,0.42336,0.227405,2.11334,3.10237,1.54071,3.47905,0.42336,36.966,0.42336,423.524,0,0.546627,0,0,0.774032,0.227405,1.028160,1,0,20.4625,0,0,0,20.4625,0
55.8122,2.62564,0,0,1.54446,0.0876893,0.36288,3.6288,55.1872,0.881318,0,0,0.327436,0.303649,0,0.66528,12.849,1,0.588324,0.36288,0,21.9567,5.96433,15.767,0.84672,12.849,0.84672,3695.15,0,36.966,0.42336,0.227405,2.11333,3.83739,1.55565,4.19911,0.42336,36.966,0.42336,423.524,0,0.651084,0,0,0.878489,0.227405,1.028160,1,0,19.9661,0,0,0,19.9661,0
53.5925,2.78698,0,0,1.00928,0.0792081,0.36288,3.6288,53.8356,1.29719,0,0,0.236581,0.291014,0,0.66528,12.849,1,0.641614,0.36288,0,18.2144,5.89899,12.0367,0.84672,12.849,0.84672,3695.15,0,36.966,0.42336,0.227405,2.11332,2.75688,1.41114,3.2631,0.42336,36.966,0.42336,423.524,0,0.396255,0,0,0.623659,0.227405,1.028160,1,0,15.2998,0,0,0,15.2998,0
51.242,2.76553,0,0,0.858453,0.0804592,0.36288,3.6288,52.3746,1.37909,0,0,0.202226,0.284154,0,0.66528,12.849,1,0.663047,0.36288,0,15.5795,5.81332,9.46598,0.84672,12.849,0.84672,3695.15,0,36.966,0.42336,0.227405,2.27796,2.40248,1.37212,3.11236,0.42336,36.966,0.42336,423.524,0,0.314353,0,0,0.541758,0.227405,1.028160,1,0,12.5783,0,0,0,12.5783,0
49.2449,2.7412,0,0,1.18549,0.0785326,0.36288,3.6288,51.0346,1.28305,0,0,0.223957,0.280857,0,0.66528,12.849,1,0.68736,0.36288,0,16.7112,5.81332,10.5734,0.84672,12.849,0.84672,3695.15,0,36.966,0.42336,0.204422,2.27796,2.67824,1.37212,3.36514,0.42336,36.966,0.42336,423.524,0,0.410391,0,0,0.614814,0.204422,1.028160,1,0,13.9386,0,0,0,13.9386,0
47.7892,2.71908,0,0,1.72598,0.0997278,0.36288,3.6288,49.8556,1.20616,0,0,0.298115,0.270965,0,0.66528,12.849,1,0.709464,0.36288,0,27.8861,5.67341,21.8661,0.84672,12.849,0.84672,3695.15,0,36.966,0.42336,0.204422,2.27795,2.97837,1.34976,3.68763,0.42336,36.966,0.42336,423.524,0,0.487279,0,0,0.691701,0.204422,1.028160,1,0,25.5538,0,0,0,25.5538,0
46.2507,2.70204,0,0,1.61809,0.0916949,0.36288,3.6288,48.5695,1.32076,0,0,0.267614,0.232962,0,0.66528,12.849,1,0.726492,0.36288,0,27.6545,4.82862,22.4622,0.84672,12.849,0.84672,3695.15,0,36.966,0.42336,0.204422,2.27795,2.31299,1.13078,3.24122,0.42336,36.966,0.42336,423.524,0,0.372682,0,0,0.577105,0.204422,1.028160,1,0,25.7035,0,0,0,25.7035,0
45.0246,2.60125,0,0,1.82909,0.0910944,0.36288,3.6288,47.7581,1.00607,0,0,0.40347,0.2088,0,0.66528,12.849,1,0.722658,0.36288,0,28.4538,4.04544,24.0485,0.84672,12.849,0.84672,3695.15,0,36.966,0.42336,0.204422,2.27795,2.97196,0.971605,4.05936,0.42336,36.966,0.42336,423.524,0,0.592457,0,0,0.796879,0.204422,1.028160,1,0,28.1079,0,0,0,28.1079,0
43.7576,2.58592,0,0,1.77172,0.0898519,0.36288,3.6288,46.9388,1.01592,0,0,0.403989,0.207395,0,0.66528,12.849,1,0.737964,0.36288,0,27.293,4.04544,22.8725,0.84672,12.849,0.84672,3695.15,0,36.966,0.42336,0.216518,2.18501,2.72113,0.971605,3.72769,0.42336,36.966,0.42336,423.524,0,0.582589,0,0,0.799108,0.216518,1.028160,1,0,26.6002,0,0,0,26.6002,0
42.4378,2.56939,0,0,1.70098,0.088568,0.36288,3.6288,46.2029,0.942843,0,0,0.412912,0.205976,0,0.66528,12.849,1,0.754477,0.36288,0,26.0073,4.04544,21.5702,0.84672,12.849,0.84672,3695.15,0,36.966,0.42336,0.216518,2.185,2.69083,0.971605,3.69738,0.42336,36.966,0.42336,423.524,0,0.655661,0,0,0.87218,0.216518,1.028160,1,0,25.2676,0,0,0,25.2676,0
41.717,2.55137,0,0,2.32775,0.134238,0.36288,3.6288,45.7859,0.719987,0,0,0.503385,0.200387,0,0.66528,12.849,1,0.772485,0.36288,0,39.225,4.1817,34.6337,0.84672,12.849,0.84672,3695.15,0,36.966,0.42336,0.216518,2.18499,3.9242,1.06328,4.83907,0.42336,36.966,0.42336,423.524,0,0.878507,0,0,1.09502,0.216518,1.028160,1,0,39.4728,0,0,0,39.4728,0
40.4162,2.47551,0,0,1.67343,0.135842,0.36288,3.6288,45.3877,0.680503,0,0,0.498372,0.216059,0,0.66528,12.849,1,0.762466,0.36288,0,23.6637,4.63947,18.6247,0.84672,12.849,0.84672,3695.15,0,36.966,0.42336,0.216518,2.18497,3.16226,1.09512,4.04527,0.42336,36.966,0.42336,423.524,0,0.824956,0,0,1.04147,0.216518,1.028160,1,0,22.67,0,0,0,22.67,0
40.1958,2.45688,0,0,2.79399,0.194639,0.36288,3.6288,45.5437,0.496376,0,0,0.876297,0.223938,0,0.66528,12.849,1,0.781083,0.36288,0,37.4273,4.76217,32.2469,0.84672,12.849,0.84672,3695.15,0,36.966,0.404273,0.274156,2.097,3.21541,1.10178,4.08052,0.42336,36.966,0.42336,423.524,0,1.02816,0,0,1.30232,0.274156,1.028160,1,0,36.3274,0,0,0,36.3274,0
41.2688,2.45362,0,0,4.08364,0.194128,0.36288,3.6288,45.8948,0.497135,0,0,1.07253,0.224264,0,0.66528,12.849,1,0.784324,0.36288,0,75.2575,4.76217,70.0739,0.84672,12.849,0.84672,3695.15,0,36.966,0.403505,0.926303,2.09699,6.76706,1.10178,8.28508,0.42336,36.966,0.42336,423.524,0,1.02816,0,0,1.95446,0.926303,1.028160,1,0,78.359,0,0,0,78.359,0
42.0998,2.46916,0,0,3.84663,0.18364,0.36288,3.6288,45.9925,0.49884,0,0,0.821396,0.224829,0,0.66528,12.849,1,0.76877,0.36288,0,75.1689,4.7228,70.0402,0.84672,12.849,0.84672,3695.15,0,36.966,0.401791,0.974272,2.09698,6.00588,1.08504,7.5903,0.42336,36.966,0.42336,423.524,0,1.02816,0,0,2.00243,0.974272,1.028160,1,0,77.6305,0,0,0,77.6305,0
44.0334,2.33177,0,0,4.79263,0.164348,0.36288,3.6288,45.9539,0.407759,0,0,0.542891,0.173741,0,0.66528,12.849,1,0.711663,0.36288,0,80.5732,3.88532,76.3391,0.84672,12.849,0.84672,3695.15,0,36.966,0.327732,0.449643,2.09697,6.79776,0.972975,8.04367,0.42336,36.966,0.42336,423.524,0,1.02816,0,0,1.4778,0.449643,1.028160,1,0,84.3828,0,0,0,84.3828,0
45.2061,2.35595,0,0,4.11115,0.219657,0.36288,3.6288,45.5687,0.605812,0,0,0.392715,0.172076,0,0.66528,12.849,1,0.687468,0.36288,0,63.4476,3.90217,59.2208,0.84672,12.849,0.84672,3695.15,0,36.966,0.42336,0.292723,1.93293,4.53107,0.920451,5.41291,0.42336,36.966,0.42336,423.524,0,0.734469,0,0,1.02719,0.292723,1.028160,1,0,64.6337,0,0,0,64.6337,0
46.4751,2.36982,0,0,4.2306,0.228914,0.36288,3.6288,45.5188,0.406066,0,0,0.530596,0.174444,0,0.66528,12.849,1,0.673578,0.36288,0,65.646,3.9207,61.4146,0.84672,12.849,0.84672,3695.15,0,36.966,0.329407,0.765495,1.93293,6.64012,0.90588,8.10325,0.42336,36.966,0.42336,423.524,0,1.02816,0,0,1.79366,0.765495,1.028160,1,0,69.5179,0,0,0,69.5179,0
50.0088,2.38422,0,0,6.51299,0.232183,0.36288,3.6288,45.4877,0.405862,0,0,0.54913,0.174363,0,0.66528,12.849,1,0.659167,0.36288,0,107.657,3.9207,103.44,0.84672,12.849,0.84672,3695.15,0,36.966,0.329602,0.727307,1.93292,7.71085,0.90588,9.13559,0.42336,36.966,0.42336,423.524,0,1.02816,0,0,1.75547,0.727307,1.028160,1,0,112.576,0,0,0,112.576,0
60.3663,2.42126,0,0,13.3846,0.242932,0.36288,3.6288,46.9425,0.405733,0,0,2.04731,0.186817,0,0.66528,12.849,1,0.622107,0.36288,0,216.575,4.12604,212.189,0.84672,12.849,0.84672,3695.15,0,36.966,0.329722,0.859861,1.93291,15.8929,1.01153,17.3445,0.42336,36.966,0.42336,423.524,0,1.02816,0,0,1.88802,0.859861,1.028160,1,0,229.534,0,0,0,229.534,0
63.7804,2.58786,0,0,6.6369,0.271972,0.36288,3.6288,47.6396,0.443345,0,0,1.34664,0.206214,0,0.66528,12.849,1,0.550828,0.36288,0,109.764,4.39982,105.177,0.84672,12.849,0.84672,3695.15,0,36.966,0.349123,0.858306,1.9329,10.8029,1.1524,12.0925,0.42336,36.966,0.42336,423.524,0,1.02816,0,0,1.88647,0.858306,1.028160,1,0,117.269,0,0,0,117.269,0
65.813,2.61237,0,0,5.28752,0.279718,0.36288,3.6288,47.9107,0.465899,0,0,0.944473,0.207423,0,0.66528,12.849,1,0.52628,0.36288,0,103.069,4.39982,98.5059,0.84672,12.849,0.84672,3695.15,0,36.966,0.361515,0.412474,1.99481,7.40388,1.1524,8.29725,0.42336,36.966,0.42336,423.524,0,0.993194,0,0,1.40567,0.412474,1.028160,1,0,106.803,0,0,0,106.803,0
67.6357,2.62594,0,0,5.0959,0.28433,0.36288,3.6288,48.1354,0.469482,0,0,0.902025,0.207893,0,0.66528,12.849,1,0.512676,0.36288,0,83.9497,4.39982,79.4001,0.84672,12.849,0.84672,3695.15,0,36.966,0.362233,0.503194,1.99479,6.87269,1.1524,7.85604,0.42336,36.966,0.42336,423.524,0,0.988874,0,0,1.49207,0.503194,1.028160,1,0,87.2561,0,0,0,87.2561,0
69.1389,2.63753,0,0,4.79719,0.293577,0.36288,3.6288,48.2641,0.498136,0,0,0.799839,0.173,0,0.66528,12.849,1,0.50106,0.36288,0,78.5661,3.79775,74.6302,0.84672,12.849,0.84672,3695.15,0,36.966,0.382548,0.503194,1.99476,6.32929,0.991521,7.45318,0.42336,36.966,0.42336,423.524,0,0.939885,0,0,1.44308,0.503194,1.028160,1,0,82.0834,0,0,0,82.0834,0
72.29,2.85772,0,0,8.16445,0.332661,1.82301,3.6288,49.4523,0.551241,0,0,1.89876,0.159305,0,0.66528,12.849,1,0.531087,1.82301,0,206.054,4.21155,203.134,0.84672,12.849,0.84672,3695.15,0,36.966,0.422202,2.15214,1.99474,18.8374,0.968997,21.5931,0.42336,36.966,0.42336,423.524,0,1.02816,0,0,3.1803,2.15214,1.028160,1,0,224.727,0,0,0,224.727,0
72.29,2.87734,0,0,5.54729,0.34081,2.32914,3.6288,50.0041,0.591059,0,0,1.30372,0.160879,0,0.66528,12.849,1,0.511426,2.32914,0,118.378,4.21155,115.985,0.84672,12.849,0.84672,3695.15,0,36.966,0.42336,0.503194,2.1815,10.2108,0.968997,11.5032,0.42336,36.966,0.42336,423.524,0,0.987163,0,0,1.49036,0.503194,1.028160,1,0,127.488,0,0,0,127.488,0
72.29,2.87731,0,0,4.58241,0.34081,1.36429,3.6288,50.0786,0.867595,0,0,1.10377,0.16161,0,0.66528,12.849,1,0.51142,1.36429,0,82.8576,4.21155,79.4989,0.84672,12.849,0.84672,3695.15,0,36.966,0.42336,0.503194,2.18148,8.13266,0.968997,9.42497,0.42336,36.966,0.42336,423.524,0,0.710605,0,0,1.2138,0.503194,1.028160,1,0,88.9239,0,0,0,88.9239,0
72.29,2.87728,0,0,4.40329,0.316381,1.20963,3.6288,50.1292,0.897943,0,0,1.14144,0.192965,0,0.66528,12.849,1,0.511415,1.20963,0,78.5713,4.27673,74.9928,0.84672,12.849,0.84672,3695.15,0,36.966,0.42336,0.608429,2.18145,10.6449,1.02633,11.9851,0.42336,36.966,0.42336,423.524,0,0.680236,0,0,1.28866,0.608429,1.028160,1,0,86.9779,0,0,0,86.9779,0
72.29,2.55397,0,0,7.16355,0.310994,4.29858,3.6288,51.0935,0.413894,0,0,1.53436,0.156184,0,0.66528,12.849,1,0.453949,4.29858,0,124.858,3.83544,124.867,0.84672,12.849,0.84672,3695.15,0,36.966,0.305211,0.902431,2.18143,8.61857,0.929573,10.4677,0.42336,36.966,0.42336,423.524,0,1.02816,0,0,1.93059,0.902431,1.028160,1,0,135.334,0,0,0,135.334,0
72.29,2.55394,0,0,4.73323,0.310994,1.8683,3.6288,51.9702,0.505109,0,0,1.53929,0.157417,0,0.66528,12.849,1,0.453944,1.8683,0,82.3686,3.83544,79.9475,0.84672,12.849,0.84672,3695.15,0,36.966,0.365445,0.608429,1.91362,8.35782,0.929573,9.58485,0.42336,36.966,0.42336,423.524,0,0.876692,0,0,1.48512,0.608429,1.028160,1,0,89.5323,0,0,0,89.5323,0
72.29,2.55391,0,0,3.35694,0.310994,0.492035,3.6288,52.4768,0.52883,0,0,1.19398,0.158538,0,0.66528,12.849,1,0.453939,0.492035,0,75.2224,3.83544,71.4251,0.84672,12.849,0.84672,3695.15,0,36.966,0.376153,0.608429,1.9136,6.59167,0.929573,7.80798,0.42336,36.966,0.42336,423.524,0,0.842244,0,0,1.45067,0.608429,1.028160,1,0,79.2331,0,0,0,79.2331,0
72.29,2.55389,0,0,4.51185,0.299666,1.6583,3.6288,53.0004,0.598476,0,0,1.27552,0.153516,0,0.66528,12.849,1,0.453934,1.6583,0,86.7283,3.74825,84.1844,0.84672,12.849,0.84672,3695.15,0,36.966,0.421582,0.558835,1.91358,7.26607,0.917047,8.39985,0.42336,36.966,0.42336,423.524,0,0.727151,0,0,1.28599,0.558835,1.028160,1,0,92.5843,0,0,0,92.5843,0
72.29,2.55386,0,0,4.2963,0.285601,1.45684,3.6288,53.7539,0.42359,0,0,1.35251,0.175387,0,0.66528,12.849,1,0.453929,1.45684,0,106.879,4.05119,103.831,0.84672,12.849,0.84672,3695.15,0,36.966,0.29544,1.10188,1.91356,7.18399,0.983086,8.9209,0.42336,36.966,0.42336,423.524,0,1.02816,0,0,2.13004,1.10188,1.028160,1,0,112.752,0,0,0,112.752,0
72.29,2.64714,0,0,4.71844,0.297998,1.7733,3.6288,54.9666,0.467669,0,0,1.85811,0.17772,0,0.66528,12.849,1,0.47051,1.7733,0,84.8699,3.73117,82.4415,0.84672,12.849,0.84672,3695.15,0,36.966,0.321611,1.63943,1.91354,6.82785,0.897784,9.16142,0.42336,36.966,0.42336,423.524,0,1.02816,0,0,2.66759,1.63943,1.028160,1,0,91.6029,0,0,0,91.6029,0
72.29,2.64711,0,0,4.39272,0.307144,1.43846,3.6288,56.4401,0.4719,0,0,2.11604,0.1707,0,0.66528,12.849,1,0.470505,1.43846,0,76.8701,3.51491,74.3231,0.84672,12.849,0.84672,3695.15,0,36.966,0.317361,1.78454,1.9884,9.36192,0.856664,11.9608,0.42336,36.966,0.42336,423.524,0,1.02816,0,0,2.8127,1.78454,1.028160,1,0,86.284,0,0,0,86.284,0
72.29,2.64709,0,0,3.87088,0.271583,0.952215,3.6288,57.9671,0.476895,0,0,2.19206,0.188154,0,0.66528,12.849,1,0.470499,0.952215,0,72.0645,3.73002,68.8162,0.84672,12.849,0.84672,3695.15,0,36.966,0.312347,1.88589,1.98838,7.256,0.893274,9.92465,0.42336,36.966,0.42336,423.524,0,1.02816,0,0,2.91405,1.88589,1.028160,1,0,78.7409,0,0,0,78.7409,0
72.197,2.64706,0,0,3.19157,0.274658,0.36288,3.6288,58.3762,0.500008,0,0,1.09241,0.183297,0,0.66528,12.849,1,0.470494,0.36288,0,60.0544,3.83337,56.1134,0.84672,12.849,0.84672,3695.15,0,36.966,0.318858,0.528595,1.98836,4.6117,0.932919,5.87688,0.42336,36.966,0.42336,423.524,0,0.998516,0,0,1.52711,0.528595,1.028160,1,0,61.9903,0,0,0,61.9903,0
71.6898,2.61004,0,0,2.70578,0.240044,0.36288,3.6288,58.6235,0.497663,0,0,0.93115,0.186167,0,0.66528,12.849,1,0.464512,0.36288,0,52.3778,4.26472,48.0115,0.84672,12.849,0.84672,3695.15,0,36.966,0.315139,0.528595,1.98834,4.53499,1.04236,5.69442,0.42336,36.966,0.42336,423.524,0,0.97727,0,0,1.50587,0.528595,1.028160,1,0,53.7059,0,0,0,53.7059,0
71.083,2.60722,0,0,2.54649,0.183196,0.36288,3.6288,58.8248,0.51254,0,0,0.926027,0.212178,0,0.66528,12.849,1,0.467294,0.36288,0,48.8456,4.49536,44.2458,0.84672,12.849,0.84672,3695.15,0,36.966,0.32319,0.528595,1.95918,4.51309,1.05613,5.62154,0.42336,36.966,0.42336,423.524,0,0.954323,0,0,1.48292,0.528595,1.028160,1,0,49.8673,0,0,0,49.8673,0
70.388,2.60382,0,0,2.45405,0.182349,0.36288,3.6288,59.0567,0.481234,0,0,0.925543,0.212453,0,0.66528,12.849,1,0.470668,0.36288,0,46.7014,4.49536,42.0982,0.84672,12.849,0.84672,3695.15,0,36.966,0.302412,0.528595,1.95916,4.95911,1.05613,6.08832,0.42336,36.966,0.42336,423.524,0,1.00639,0,0,1.53498,0.528595,1.028160,1,0,48.1865,0,0,0,48.1865,0
69.7277,2.59986,0,0,2.48364,0.181148,0.36288,3.6288,59.3251,0.499366,0,0,0.977175,0.209327,0,0.66528,12.849,1,0.474592,0.36288,0,46.6931,4.39235,42.189,0.84672,12.849,0.84672,3695.15,0,36.966,0.312574,0.402797,1.95914,4.37898,1.06072,5.36761,0.42336,36.966,0.42336,423.524,0,0.978074,0,0,1.38087,0.402797,1.028160,1,0,47.5566,0,0,0,47.5566,0
68.4438,2.71919,0,0,1.96037,0.162221,0.36288,3.6288,59.1207,0.682546,0,0,0.695598,0.217517,0,0.66528,12.849,1,0.501075,0.36288,0,36.6915,4.21999,32.3333,0.84672,12.849,0.84672,3695.15,0,36.966,0.42336,0.402797,1.95912,3.26453,1.05057,4.15251,0.42336,36.966,0.42336,423.524,0,0.780866,0,0,1.18366,0.402797,1.028160,1,0,36.4858,0,0,0,36.4858,0
67.0716,2.71124,0,0,1.85973,0.157865,0.36288,3.6288,58.7002,0.827885,0,0,0.629402,0.221978,0,0.66528,12.849,1,0.508983,0.36288,0,33.1432,4.29429,28.7028,0.84672,12.849,0.84672,3695.15,0,36.966,0.42336,0.402797,2.0612,2.85752,1.04429,3.85387,0.42336,36.966,0.42336,423.524,0,0.635507,0,0,1.0383,0.402797,1.028160,1,0,32.5567,0,0,0,32.5567,0
65.4941,2.70247,0,0,1.63026,0.142346,0.36288,3.6288,58.1578,0.898125,0,0,0.586354,0.230668,0,0.66528,12.849,1,0.517717,0.36288,0,29.6114,4.40139,25.0551,0.84672,12.849,0.84672,3695.15,0,36.966,0.42336,0.402797,2.06117,2.77243,1.07165,3.74139,0.42336,36.966,0.42336,423.524,0,0.565246,0,0,0.968043,0.402797,1.028160,1,0,28.7965,0,0,0,28.7965,0
63.8752,2.69202,0,0,1.54239,0.106437,0.36288,3.6288,57.6253,0.843241,0,0,0.563751,0.253002,0,0.66528,12.849,1,0.528136,0.36288,0,27.0689,4.66914,22.2346,0.84672,12.849,0.84672,3695.15,0,36.966,0.42336,0.30119,2.06115,2.66711,1.14006,3.46603,0.42336,36.966,0.42336,423.524,0,0.62011,0,0,0.9213,0.30119,1.028160,1,0,25.7006,0,0,0,25.7006,0
62.9141,2.68085,0,0,2.17697,0.0943218,0.36288,3.6288,57.4348,0.58725,0,0,0.661858,0.265052,0,0.66528,12.849,1,0.539274,0.36288,0,36.2237,4.99938,31.0479,0.84672,12.849,0.84672,3695.15,0,36.966,0.376715,0.30119,2.06113,3.72741,1.18616,4.52686,0.42336,36.966,0.42336,423.524,0,0.922726,0,0,1.22392,0.30119,1.028160,1,0,35.5748,0,0,0,35.5748,0
62.4038,2.60704,0,0,2.54518,0.0855974,0.36288,3.6288,57.3408,0.535545,0,0,0.715859,0.274404,0,0.66528,12.849,1,0.532438,0.36288,0,42.7537,5.24706,37.3371,0.84672,12.849,0.84672,3695.15,0,36.966,0.344685,0.382527,2.06111,4.62755,1.22073,5.50577,0.42336,36.966,0.42336,423.524,0,1.02816,0,0,1.41069,0.382527,1.028160,1,0,42.8429,0,0,0,42.8429,0
61.6698,2.6034,0,0,2.31756,0.0852406,0.36288,3.6288,57.2399,0.535188,0,0,0.708618,0.274236,0,0.66528,12.849,1,0.536044,0.36288,0,42.423,5.24706,37.0028,0.84672,12.849,0.84672,3695.15,0,36.966,0.345021,0.384523,2.06276,4.45377,1.22073,5.33531,0.42336,36.966,0.42336,423.524,0,1.02816,0,0,1.41268,0.384523,1.028160,1,0,42.3381,0,0,0,42.3381,0
60.7209,2.5981,0,0,2.09686,0.0847274,0.36288,3.6288,57.0571,0.566389,0,0,0.657608,0.274057,0,0.66528,12.849,1,0.541317,0.36288,0,38.0964,5.24706,32.6709,0.84672,12.849,0.84672,3695.15,0,36.966,0.365778,0.261274,2.06274,4.27156,1.22073,5.00907,0.42336,36.966,0.42336,423.524,0,0.976182,0,0,1.23746,0.261274,1.028160,1,0,37.6799,0,0,0,37.6799,0
59.6939,2.59109,0,0,1.99085,0.0639351,0.36288,3.6288,56.7626,0.580461,0,0,0.614288,0.328364,0,0.66528,12.849,1,0.548293,0.36288,0,34.4743,6.0182,28.2707,0.84672,12.849,0.84672,3695.15,0,36.966,0.376068,0.261274,2.06272,3.94584,1.50051,4.39325,0.42336,36.966,0.42336,423.524,0,0.9518,0,0,1.21307,0.261274,1.028160,1,0,32.6639,0,0,0,32.6639,0
58.6162,2.64359,0,0,1.99023,0.0614265,0.36288,3.6288,56.4275,0.686673,0,0,0.663813,0.312219,0,0.66528,12.849,1,0.569027,0.36288,0,37.718,5.97051,31.5413,0.84672,12.849,0.84672,3695.15,0,36.966,0.42336,0.261274,2.06269,3.28647,1.53335,3.65373,0.42336,36.966,0.42336,423.524,0,0.844906,0,0,1.10618,0.261274,1.028160,1,0,35.1951,0,0,0,35.1951,0
57.499,2.63498,0,0,1.94136,0.0607916,0.36288,3.6288,56.1165,0.611034,0,0,0.611605,0.311538,0,0.66528,12.849,1,0.577601,0.36288,0,37.6697,5.97051,31.4845,0.84672,12.849,0.84672,3695.15,0,36.966,0.400292,0.261274,2.11243,3.52168,1.53335,3.96174,0.42336,36.966,0.42336,423.524,0,0.943592,0,0,1.20487,0.261274,1.028160,1,0,35.4462,0,0,0,35.4462,0
56.2668,2.62577,0,0,1.81666,0.0601333,0.36288,3.6288,55.7309,0.640853,0,0,0.566129,0.310906,0,0.66528,12.849,1,0.586769,0.36288,0,34.0063,5.97051,27.8119,0.84672,12.849,0.84672,3695.15,0,36.966,0.422153,0.261274,2.11241,3.14305,1.53335,3.56123,0.42336,36.966,0.42336,423.524,0,0.89189,0,0,1.15316,0.261274,1.028160,1,0,31.3731,0,0,0,31.3731,0
54.897,2.61529,0,0,1.6678,0.0594074,0.36288,3.6288,55.2802,0.700469,0,0,0.559907,0.310122,0,0.66528,12.849,1,0.597223,0.36288,0,31.0857,5.97051,24.8808,0.84672,12.849,0.84672,3695.15,0,36.966,0.42336,0.227405,2.11238,3.07404,1.53335,3.45712,0.42336,36.966,0.42336,423.524,0,0.831047,0,0,1.05845,0.227405,1.028160,1,0,28.338,0,0,0,28.338,0
53.8164,2.77704,0,0,2.10836,0.0490837,0.36288,3.6288,54.9965,0.66528,0,0,0.696168,0.314557,0,0.66528,12.849,1,0.649983,0.36288,0,32.2756,5.82381,26.1647,0.84672,12.849,0.84672,3695.15,0,36.966,0.42336,0.286459,2.11236,4.63376,1.54975,5.05947,0.42336,36.966,0.42336,423.524,0,1.02816,0,0,1.31462,0.286459,1.028160,1,0,31.2241,0,0,0,31.2241,0
52.9146,2.76647,0,0,2.27235,0.0447855,0.36288,3.6288,54.7992,0.66528,0,0,0.784051,0.316107,0,0.66528,12.849,1,0.660513,0.36288,0,36.2076,5.76513,30.1449,0.84672,12.849,0.84672,3695.15,0,36.966,0.42336,0.370941,2.27766,4.25536,1.55631,4.9243,0.42336,36.966,0.42336,423.524,0,1.02816,0,0,1.3991,0.370941,1.028160,1,0,35.0692,0,0,0,35.0692,0
51.5731,2.75739,0,0,1.82318,0.044375,0.36288,3.6288,54.3015,0.798517,0,0,0.616523,0.315696,0,0.66528,12.849,1,0.669563,0.36288,0,42.5879,5.76513,36.5161,0.84672,12.849,0.84672,3695.15,0,36.966,0.42336,0.227405,2.27766,3.5349,1.55631,4.06029,0.42336,36.966,0.42336,423.524,0,0.894923,0,0,1.12233,0.227405,1.028160,1,0,40.5764,0,0,0,40.5764,0
50.5823,2.74341,0,0,2.15924,0.0437644,0.36288,3.6288,54.2627,0.66528,0,0,0.941104,0.31466,0,0.66528,12.849,1,0.683498,0.36288,0,36.5545,5.76513,30.4687,0.84672,12.849,0.84672,3695.15,0,36.966,0.42336,0.660139,2.27765,4.7803,1.55631,5.73842,0.42336,36.966,0.42336,423.524,0,1.02816,0,0,1.6883,0.660139,1.028160,1,0,36.2071,0,0,0,36.2071,0
49.3684,2.73271,0,0,1.90054,0.0188777,0.36288,3.6288,53.8546,0.66528,0,0,0.588236,0.331019,0,0.66528,12.849,1,0.694167,0.36288,0,32.8646,5.86845,26.6648,0.84672,12.849,0.84672,3695.15,0,36.966,0.42336,0.39007,2.27764,4.0449,1.55187,4.73738,0.42336,36.966,0.42336,423.524,0,1.02816,0,0,1.41823,0.39007,1.028160,1,0,31.4022,0,0,0,31.4022,0
48.157,2.63617,0,0,1.81906,0.0314192,0.36288,3.6288,53.4132,0.588671,0,0,0.462073,0.314856,0,0.66528,12.849,1,0.68611,0.36288,0,25.4102,5.05212,20.0348,0.84672,12.849,0.84672,3695.15,0,36.966,0.404066,0.433573,2.27764,2.85885,1.30302,3.86297,0.42336,36.966,0.42336,423.524,0,1.02816,0,0,1.46173,0.433573,1.028160,1,0,23.8978,0,0,0,23.8978,0
47.0781,2.62252,0,0,2.00905,0.102548,0.36288,3.6288,53.1746,0.586684,0,0,0.617319,0.269203,0,0.66528,12.849,1,0.699727,0.36288,0,24.0285,3.86138,19.8303,0.84672,12.849,0.84672,3695.15,0,36.966,0.40603,0.789445,2.18394,3.62779,1.0257,5.16944,0.42336,36.966,0.42336,423.524,0,1.02816,0,0,1.81761,0.789445,1.028160,1,0,24.9998,0,0,0,24.9998,0
45.8831,2.60989,0,0,1.88399,0.10624,0.36288,3.6288,52.9823,0.585597,0,0,0.663854,0.270598,0,0.66528,12.849,1,0.712317,0.36288,0,28.5879,3.89392,24.3446,0.84672,12.849,0.84672,3695.15,0,36.966,0.407096,0.814562,2.18392,3.82031,1.04434,5.36735,0.42336,36.966,0.42336,423.524,0,1.02816,0,0,1.84272,0.814562,1.028160,1,0,29.7119,0,0,0,29.7119,0
44.9162,2.59537,0,0,2.09626,0.10484,0.36288,3.6288,52.8731,0.584714,0,0,0.745727,0.270182,0,0.66528,12.849,1,0.726803,0.36288,0,43.1024,3.89392,38.8445,0.84672,12.849,0.84672,3695.15,0,36.966,0.407958,1.06042,2.18389,4.4075,1.04434,6.19951,0.42336,36.966,0.42336,423.524,0,1.02816,0,0,2.08858,1.06042,1.028160,1,0,45.044,0,0,0,45.044,0
43.827,2.51645,0,0,1.90256,0.112493,0.36288,3.6288,52.7177,0.529485,0,0,0.601276,0.227165,0,0.66528,12.849,1,0.71987,0.36288,0,20.3073,4.70387,15.2464,0.84672,12.849,0.84672,3695.15,0,36.966,0.370187,0.242819,2.18387,3.46722,1.16739,4.35633,0.42336,36.966,0.42336,423.524,0,1.02816,0,0,1.27098,0.242819,1.028160,1,0,19.6028,0,0,0,19.6028,0
43.5117,2.50259,0,0,2.73735,0.187114,0.36288,3.6288,52.9299,0.528832,0,0,0.979016,0.237959,0,0.66528,12.849,1,0.733698,0.36288,0,31.793,4.85111,26.5711,0.84672,12.849,0.84672,3695.15,0,36.966,0.37082,0.52545,2.09593,3.47538,1.17538,4.55056,0.42336,36.966,0.42336,423.524,0,1.02816,0,0,1.55361,0.52545,1.028160,1,0,31.1217,0,0,0,31.1217,0
45.8714,2.49846,0,0,5.40741,0.18644,0.36288,3.6288,53.4837,0.529695,0,0,1.32178,0.238364,0,0.66528,12.849,1,0.737793,0.36288,0,55.6017,4.85111,50.3757,0.84672,12.849,0.84672,3695.15,0,36.966,0.369936,1.3027,2.09591,7.11112,1.17538,8.9644,0.42336,36.966,0.42336,423.524,0,1.02816,0,0,2.33086,1.3027,1.028160,1,0,59.3401,0,0,0,59.3401,0
