0volume,0demand,0up_spill,0ww_inflow,0catch_inflow,0evap,0ds_spill,0treat_cap,1volume,1demand,1up_spill,1ww_inflow,1catch_inflow,1evap,1ds_spill,1treat_cap,2volume,2s_area,2demand,2up_spill,2ww_inflow,2catch_inflow,2evap,2ds_spill,2treat_cap,2valloc_0,2talloc_0,2valloc_1,2talloc_1,3volume,3demand,3up_spill,3ww_inflow,3catch_inflow,3evap,3ds_spill,3treat_cap,3valloc_1,3talloc_1,3valloc_2,3talloc_2,4demand,4up_spill,4ww_inflow,4catch_inflow,4ds_spill,4treat_cap,11volume,11s_area,11demand,11up_spill,11ww_inflow,11catch_inflow,11evap,11ds_spill,11treat_cap
72.29,1.84028,0,0,4.29697,0.295427,2.16126,3.6288,61.308,0,0,0,1.94517,0.205665,1.7395,0.66528,12.849,1,0.327095,2.16126,0,137.6,3.57424,135.86,0.84672,12.849,0.84672,3695.15,0,36.966,0.0415766,2.2163,0,11.2781,1.00474,12.4481,0.42336,36.966,0.42336,423.524,0,1.69344,0,0,3.90974,2.2163,1.028160,1,0,150.047,0,0,0,150.047,0
72.29,1.85837,0,0,4.51381,0.293033,2.36241,3.6288,61.308,0.428242,0,0,2.04809,0.209157,1.4107,0.66528,12.849,1,0.330311,2.36241,0,104.569,3.5909,103.01,0.84672,12.849,0.84672,3695.15,0,36.966,0.258211,3.02393,1.74664,12.5734,1.02714,16.0587,0.42336,36.966,0.42336,423.524,0,1.02816,0,0,4.05209,3.02393,1.028160,1,0,120.48,0,0,0,120.48,0
72.29,1.85914,0,0,4.71563,0.293033,2.56346,3.6288,61.308,0.428242,0,0,2.67208,0.209157,2.03468,0.66528,12.849,1,0.330448,2.56346,0,85.0945,3.5909,83.7366,0.84672,12.849,0.84672,3695.15,0,36.966,0.258211,4.48506,1.73487,15.9482,1.02714,20.8828,0.42336,36.966,0.42336,423.524,0,1.02816,0,0,5.51322,4.48506,1.028160,1,0,106.654,0,0,0,106.654,0
72.29,1.85991,0,0,6.74691,0.293033,4.59397,3.6288,61.308,0.428242,0,0,2.2054,0.209157,1.568,0.66528,12.849,1,0.330585,4.59397,0,109.81,3.5909,110.482,0.84672,12.849,0.84672,3695.15,0,36.966,0.258211,3.85188,1.73504,17.7871,1.02714,22.0886,0.42336,36.966,0.42336,423.524,0,1.02816,0,0,4.88004,3.85188,1.028160,1,0,134.139,0,0,0,134.139,0
72.29,2.06541,0,0,6.4464,0.29476,4.08623,3.6288,61.308,0.533423,0,0,1.93845,0.212012,1.19302,0.66528,12.849,1,0.36711,4.08623,0,133.851,3.73042,133.84,0.84672,12.849,0.84672,3695.15,0,36.966,0.321631,5.44818,1.73521,14.4085,0.98387,20.2864,0.42336,36.966,0.42336,423.524,0,1.02816,0,0,6.47634,5.44818,1.028160,1,0,155.319,0,0,0,155.319,0
72.29,2.20938,0,0,4.15274,0.271609,1.67175,3.6288,61.308,0.428266,0,0,2.08227,0.183566,1.47044,0.66528,12.849,1,0.392701,1.67175,0,107.851,3.6119,105.518,0.84672,12.849,0.84672,3695.15,0,36.966,0.258225,3.89332,1.91082,10.9077,0.873521,15.5801,0.42336,36.966,0.42336,423.524,0,1.02816,0,0,4.92148,3.89332,1.028160,1,0,122.568,0,0,0,122.568,0
72.29,2.21023,0,0,3.76538,0.271609,1.28354,3.6288,61.308,0.428266,0,0,1.72132,0.183566,1.10949,0.66528,12.849,1,0.392852,1.28354,0,73.5972,3.6119,70.876,0.84672,12.849,0.84672,3695.15,0,36.966,0.258226,1.54882,1.81237,8.99398,0.873521,11.2234,0.42336,36.966,0.42336,423.524,0,1.02816,0,0,2.57698,1.54882,1.028160,1,0,83.209,0,0,0,83.209,0
72.29,2.21108,0,0,6.4215,0.25955,3.95087,3.6288,61.308,0.428266,0,0,2.26032,0.187685,1.64437,0.66528,12.849,1,0.393003,3.95087,0,125.256,3.5869,125.227,0.84672,12.849,0.84672,3695.15,0,36.966,0.258226,2.50659,1.81256,12.2889,0.856784,15.4931,0.42336,36.966,0.42336,423.524,0,1.02816,0,0,3.53475,2.50659,1.028160,1,0,142.364,0,0,0,142.364,0
72.29,1.91965,0,0,6.52988,0.315909,4.29432,3.6288,61.308,0.28698,0,0,2.53826,0.215191,2.03609,0.66528,12.849,1,0.341203,4.29432,0,134.08,3.77346,134.259,0.84672,12.849,0.84672,3695.15,0,36.966,0.173036,3.68853,1.81275,14.9456,1.01293,19.2609,0.42336,36.966,0.42336,423.524,0,1.02816,0,0,4.71669,3.68853,1.028160,1,0,155.556,0,0,0,155.556,0
72.29,1.75728,0,0,6.00509,0.364457,3.88336,3.6288,61.308,0.406823,0,0,1.79093,0.189747,1.19436,0.66528,12.849,1,0.312343,3.88336,0,102.643,4.20483,102.009,0.84672,12.849,0.84672,3695.15,0,36.966,0.245296,2.87532,1.57345,12.534,1.00981,15.7277,0.42336,36.966,0.42336,423.524,0,1.02816,0,0,3.90348,2.87532,1.028160,1,0,118.931,0,0,0,118.931,0
72.29,1.75774,0,0,4.6614,0.364457,2.5392,3.6288,61.308,0.407022,0,0,1.39412,0.189747,0.797356,0.66528,12.849,1,0.312426,2.5392,0,108.16,4.20483,106.182,0.84672,12.849,0.84672,3695.15,0,36.966,0.245416,1.99456,1.68603,10.1418,1.00981,12.5672,0.42336,36.966,0.42336,423.524,0,1.02816,0,0,3.02272,1.99456,1.028160,1,0,119.546,0,0,0,119.546,0
72.29,1.75821,0,0,3.76696,0.330472,1.67828,3.6288,61.308,0.407222,0,0,0.933396,0.171698,0.354477,0.66528,12.849,1,0.312509,1.67828,0,88.2757,3.94324,85.6983,0.84672,12.849,0.84672,3695.15,0,36.966,0.245537,1.35035,1.68638,8.9564,0.97223,10.7754,0.42336,36.966,0.42336,423.524,0,1.02816,0,0,2.37851,1.35035,1.028160,1,0,96.8281,0,0,0,96.8281,0
72.29,1.75868,0,0,4.37118,0.288478,2.32403,3.6288,61.308,0.407421,0,0,1.31507,0.149587,0.75806,0.66528,12.849,1,0.312592,2.32403,0,92.9776,3.69996,91.2891,0.84672,12.849,0.84672,3695.15,0,36.966,0.245657,2.10227,1.68673,10.0808,0.930504,12.6936,0.42336,36.966,0.42336,423.524,0,1.02816,0,0,3.13043,2.10227,1.028160,1,0,104.741,0,0,0,104.741,0
72.29,1.8328,0,0,6.6732,0.308393,4.532,3.6288,61.308,0.442225,0,0,2.10632,0.161317,1.50278,0.66528,12.849,1,0.325767,4.532,0,133.067,4.33293,132.941,0.84672,12.849,0.84672,3695.15,0,36.966,0.266642,3.89994,1.68708,17.1416,0.980761,21.4812,0.42336,36.966,0.42336,423.524,0,1.02816,0,0,4.9281,3.89994,1.028160,1,0,155.925,0,0,0,155.925,0
72.29,1.8526,0,0,5.88207,0.308393,3.72107,3.6288,61.308,0.428242,0,0,2.05725,0.161317,1.46769,0.66528,12.849,1,0.329286,3.72107,0,115.838,4.33293,114.897,0.84672,12.849,0.84672,3695.15,0,36.966,0.258211,3.4369,1.74654,15.8418,0.980761,19.7863,0.42336,36.966,0.42336,423.524,0,1.02816,0,0,4.46506,3.4369,1.028160,1,0,136.151,0,0,0,136.151,0
72.29,1.85337,0,0,4.49613,0.308393,2.33436,3.6288,61.308,0.428242,0,0,1.56446,0.161317,0.974903,0.66528,12.849,1,0.329422,2.33436,0,86.4734,4.33293,84.1455,0.84672,12.849,0.84672,3695.15,0,36.966,0.258211,2.22183,1.7336,11.6125,0.980761,14.329,0.42336,36.966,0.42336,423.524,0,1.02816,0,0,3.24999,2.22183,1.028160,1,0,99.4493,0,0,0,99.4493,0
72.29,1.85414,0,0,4.01066,0.276674,1.87985,3.6288,61.308,0.428242,0,0,1.3201,0.176707,0.715148,0.66528,12.849,1,0.329559,1.87985,0,76.6636,4.4962,73.7177,0.84672,12.849,0.84672,3695.15,0,36.966,0.258211,1.93318,1.73376,10.2629,0.995398,12.6762,0.42336,36.966,0.42336,423.524,0,1.02816,0,0,2.96134,1.93318,1.028160,1,0,87.109,0,0,0,87.109,0
72.29,1.82608,0,0,3.81143,0.243571,1.74178,3.6288,61.308,0.41479,0,0,1.65915,0.211242,1.03312,0.66528,12.849,1,0.324572,1.74178,0,88.6334,4.66948,85.3812,0.84672,12.849,0.84672,3695.15,0,36.966,0.2501,2.32407,1.73393,10.609,1.09337,13.3235,0.42336,36.966,0.42336,423.524,0,1.02816,0,0,3.35223,2.32407,1.028160,1,0,99.7378,0,0,0,99.7378,0
72.29,1.80853,0,0,3.38607,0.232233,1.3453,3.6288,61.308,0.428239,0,0,1.63922,0.217308,0.993668,0.66528,12.849,1,0.321453,1.3453,0,80.9136,4.66599,77.2715,0.84672,12.849,0.84672,3695.15,0,36.966,0.258209,2.01945,1.71108,10.0855,1.11153,12.4463,0.42336,36.966,0.42336,423.524,0,1.02816,0,0,3.04761,2.01945,1.028160,1,0,90.7114,0,0,0,90.7114,0
72.29,1.80929,0,0,3.04375,0.232233,1.00223,3.6288,61.308,0.428239,0,0,1.45244,0.217308,0.806897,0.66528,12.849,1,0.321587,1.00223,0,69.9201,4.66599,65.9347,0.84672,12.849,0.84672,3695.15,0,36.966,0.258209,1.67652,1.72387,8.82498,1.11153,10.8556,0.42336,36.966,0.42336,423.524,0,1.02816,0,0,2.70468,1.67652,1.028160,1,0,77.5972,0,0,0,77.5972,0
72.29,1.81005,0,0,2.80953,0.206308,0.793177,3.6288,61.308,0.428239,0,0,1.3598,0.183176,0.748383,0.66528,12.849,1,0.321722,0.793177,0,67.1,3.95823,63.6132,0.84672,12.849,0.84672,3695.15,0,36.966,0.258209,1.55068,1.72403,7.96936,0.932022,10.0538,0.42336,36.966,0.42336,423.524,0,1.02816,0,0,2.57884,1.55068,1.028160,1,0,74.4154,0,0,0,74.4154,0
72.29,1.90874,0,0,2.73868,0.204732,0.625208,3.6288,61.308,0.475989,0,0,1.22669,0.191239,0.559462,0.66528,12.849,1,0.339264,0.625208,0,65.1076,4.1296,61.2639,0.84672,12.849,0.84672,3695.15,0,36.966,0.287,1.59608,1.7242,7.63897,0.960058,9.71219,0.42336,36.966,0.42336,423.524,0,1.02816,0,0,2.62424,1.59608,1.028160,1,0,71.5356,0,0,0,71.5356,0
71.9645,1.97451,0,0,2.1947,0.182784,0.36288,3.6288,61.308,0.42825,0,0,1.11476,0.220009,0.4665,0.66528,12.849,1,0.350954,0.36288,0,50.419,5.12088,45.31,0.84672,12.849,0.84672,3695.15,0,36.966,0.258216,1.23574,1.80512,6.04109,1.0842,7.73953,0.42336,36.966,0.42336,423.524,0,1.02816,0,0,2.2639,1.23574,1.028160,1,0,53.5161,0,0,0,53.5161,0
71.5065,1.97396,0,0,1.9928,0.113998,0.36288,3.6288,61.308,0.42825,0,0,1.02713,0.241062,0.357819,0.66528,12.849,1,0.352443,0.36288,0,36.6974,5.4789,31.229,0.84672,12.849,0.84672,3695.15,0,36.966,0.258216,0.897843,1.76051,5.65247,1.23632,6.81628,0.42336,36.966,0.42336,423.524,0,1.02816,0,0,1.926,0.897843,1.028160,1,0,38.4031,0,0,0,38.4031,0
70.9677,1.97284,0,0,1.91056,0.1136,0.36288,3.6288,61.308,0.42825,0,0,1.00207,0.241062,0.332755,0.66528,12.849,1,0.3545,0.36288,0,33.9557,5.4789,28.4852,0.84672,12.849,0.84672,3695.15,0,36.966,0.258216,0.895018,1.76069,5.46155,1.23632,6.62272,0.42336,36.966,0.42336,423.524,0,1.02816,0,0,1.92318,0.895018,1.028160,1,0,35.4407,0,0,0,35.4407,0
70.4796,1.97136,0,0,1.95824,0.112169,0.36288,3.6288,61.308,0.42825,0,0,0.996192,0.237898,0.330043,0.66528,12.849,1,0.356922,0.36288,0,34.0205,5.39193,28.6345,0.84672,12.849,0.84672,3695.15,0,36.966,0.258216,1.03768,1.76086,5.36526,1.21708,6.68851,0.42336,36.966,0.42336,423.524,0,1.02816,0,0,2.06584,1.03768,1.028160,1,0,35.6531,0,0,0,35.6531,0
70.5959,1.95074,0,0,2.53597,0.105985,0.36288,3.6288,61.308,0.454525,0,0,0.903614,0.218915,0.230174,0.66528,12.849,1,0.355636,0.36288,0,42.6016,4.87011,37.7387,0.84672,12.849,0.84672,3695.15,0,36.966,0.274058,0.905558,1.76104,6.15335,1.10161,7.44427,0.42336,36.966,0.42336,423.524,0,1.02816,0,0,1.93372,0.905558,1.028160,1,0,45.4132,0,0,0,45.4132,0
70.457,1.98766,0,0,2.3177,0.10608,0.36288,3.6288,61.308,0.428257,0,0,0.845035,0.218915,0.197863,0.66528,12.849,1,0.361769,0.36288,0,40.0707,4.87011,35.2017,0.84672,12.849,0.84672,3695.15,0,36.966,0.25822,0.624413,1.78948,5.85547,1.10161,6.90952,0.42336,36.966,0.42336,423.524,0,1.02816,0,0,1.65257,0.624413,1.028160,1,0,42.3091,0,0,0,42.3091,0
70.1503,1.98785,0,0,2.13118,0.0871891,0.36288,3.6288,61.308,0.428257,0,0,0.800781,0.262792,0.109733,0.66528,12.849,1,0.362518,0.36288,0,35.8768,5.43471,30.4425,0.84672,12.849,0.84672,3695.15,0,36.966,0.25822,0.625501,1.76501,5.57521,1.3077,6.3998,0.42336,36.966,0.42336,423.524,0,1.02816,0,0,1.65366,0.625501,1.028160,1,0,36.952,0,0,0,36.952,0
69.7253,1.98731,0,0,1.99821,0.0729337,0.36288,3.6288,61.308,0.428257,0,0,0.751663,0.295699,0.0277072,0.66528,12.849,1,0.364004,0.36288,0,32.2451,5.85816,26.3858,0.84672,12.849,0.84672,3695.15,0,36.966,0.25822,0.584781,1.76519,5.37225,1.46227,6.00173,0.42336,36.966,0.42336,423.524,0,1.02816,0,0,1.61294,0.584781,1.028160,1,0,32.4152,0,0,0,32.4152,0
69.0616,2.03608,0,0,1.80316,0.0679292,0.36288,3.6288,61.2169,0.457074,0,0,0.679566,0.313565,0,0.66528,12.849,1,0.375209,0.36288,0,27.4797,6.01979,21.4476,0.84672,12.849,0.84672,3695.15,0,36.966,0.275595,0.261274,1.76536,4.32693,1.502,4.57597,0.42336,36.966,0.42336,423.524,0,1.01954,0,0,1.28081,0.261274,1.028160,1,0,26.0236,0,0,0,26.0236,0
68.4312,2.06552,0,0,1.86372,0.0656839,0.36288,3.6288,61.1678,0.428023,0,0,0.699417,0.320526,0,0.66528,12.849,1,0.384293,0.36288,0,36.0666,6.08443,29.9607,0.84672,12.849,0.84672,3695.15,0,36.966,0.258463,0.365999,1.80563,4.54528,1.51789,4.94056,0.42336,36.966,0.42336,423.524,0,1.02816,0,0,1.39416,0.365999,1.028160,1,0,34.9013,0,0,0,34.9013,0
67.6778,2.06336,0,0,1.73819,0.0653619,0.36288,3.6288,61.039,0.427893,0,0,0.619484,0.320427,0,0.66528,12.849,1,0.387426,0.36288,0,28.532,6.08443,22.423,0.84672,12.849,0.84672,3695.15,0,36.966,0.258592,0.348037,1.78383,4.14878,1.51789,4.50417,0.42336,36.966,0.42336,423.524,0,1.02816,0,0,1.3762,0.348037,1.028160,1,0,26.9271,0,0,0,26.9271,0
66.7705,2.06054,0,0,1.58105,0.0649769,0.36288,3.6288,60.8141,0.486558,0,0,0.581898,0.320166,0,0.66528,12.849,1,0.391205,0.36288,0,26.2361,6.08443,20.1233,0.84672,12.849,0.84672,3695.15,0,36.966,0.294666,0.227405,1.78401,3.79701,1.51789,3.99587,0.42336,36.966,0.42336,423.524,0,0.933422,0,0,1.16083,0.227405,1.028160,1,0,24.1192,0,0,0,24.1192,0
65.7,2.202,0,0,1.55767,0.0633142,0.36288,3.6288,60.6137,0.511378,0,0,0.64378,0.332817,0,0.66528,12.849,1,0.423743,0.36288,0,25.7013,6.38785,19.2526,0.84672,12.849,0.84672,3695.15,0,36.966,0.310842,0.453116,1.78419,5.00898,1.55402,5.38143,0.42336,36.966,0.42336,423.524,0,1.02816,0,0,1.48128,0.453116,1.028160,1,0,24.634,0,0,0,24.634,0
63.8541,2.3106,0,0,0.920004,0.0923955,0.36288,3.6288,60.1563,0.533826,0,0,0.423452,0.34707,0,0.66528,12.849,1,0.451886,0.36288,0,18.9543,6.62298,12.2423,0.84672,12.849,0.84672,3695.15,0,36.966,0.32556,0.227405,1.92167,3.62955,1.53976,3.9133,0.42336,36.966,0.42336,423.524,0,0.855291,0,0,1.0827,0.227405,1.028160,1,0,16.1556,0,0,0,16.1556,0
62.0989,2.30059,0,0,0.999311,0.0910333,0.36288,3.6288,59.7256,0.513065,0,0,0.428473,0.346062,0,0.66528,12.849,1,0.462935,0.36288,0,18.1153,6.62298,11.3923,0.84672,12.849,0.84672,3695.15,0,36.966,0.315278,0.204422,1.84245,3.85514,1.53976,4.04698,0.42336,36.966,0.42336,423.524,0,0.886334,0,0,1.09076,0.204422,1.028160,1,0,15.4393,0,0,0,15.4393,0
60.8851,2.29061,0,0,1.54349,0.103828,0.36288,3.6288,59.475,0.424056,0,0,0.515379,0.341927,0,0.66528,12.849,1,0.473954,0.36288,0,29.259,6.53392,22.614,0.84672,12.849,0.84672,3695.15,0,36.966,0.262461,0.27934,1.84264,4.07417,1.52884,4.40486,0.42336,36.966,0.42336,423.524,0,1.02816,0,0,1.3075,0.27934,1.028160,1,0,27.0189,0,0,0,27.0189,0
60.2232,2.28367,0,0,2.09479,0.110148,0.36288,3.6288,59.3707,0.423374,0,0,0.651573,0.332521,0,0.66528,12.849,1,0.481938,0.36288,0,35.7424,6.60613,29.0172,0.84672,12.849,0.84672,3695.15,0,36.966,0.263143,0.315308,1.84284,4.40021,1.51169,4.78352,0.42336,36.966,0.42336,423.524,0,1.02816,0,0,1.34347,0.315308,1.028160,1,0,33.8007,0,0,0,33.8007,0
58.0941,2.21058,0,0,0.645039,0.200611,0.36288,3.6288,58.9362,0.5595,0,0,0.454839,0.329867,0,0.66528,12.849,1,0.471641,0.36288,0,22.4627,5.836,16.5179,0.84672,12.849,0.84672,3695.15,0,36.966,0.348362,0.204422,1.84303,1.97347,1.4113,2.26127,0.42336,36.966,0.42336,423.524,0,0.724334,0,0,0.928757,0.204422,1.028160,1,0,18.7792,0,0,0,18.7792,0
55.9709,2.12972,0,0,0.565867,0.196536,0.36288,3.6288,58.2557,0.686015,0,0,0.334493,0.328949,0,0.66528,12.849,1,0.471041,0.36288,0,20.5472,5.836,14.6031,0.84672,12.849,0.84672,3695.15,0,36.966,0.42336,0.216518,1.76368,1.74138,1.4113,1.88692,0.42336,36.966,0.42336,423.524,0,0.605284,0,0,0.821802,0.216518,1.028160,1,0,16.49,0,0,0,16.49,0
53.803,2.116,0,0,0.542536,0.231552,0.36288,3.6288,57.5037,0.764527,0,0,0.310757,0.298253,0,0.66528,12.849,1,0.485761,0.36288,0,15.4454,5.38944,9.93306,0.84672,12.849,0.84672,3695.15,0,36.966,0.42336,0.216518,1.81213,2.39704,1.26261,2.73972,0.42336,36.966,0.42336,423.524,0,0.526772,0,0,0.743291,0.216518,1.028160,1,0,12.6728,0,0,0,12.6728,0
52.6617,2.10101,0,0,1.48811,0.165542,0.36288,3.6288,57.2227,0.442658,0,0,0.500296,0.338632,0,0.66528,12.849,1,0.501753,0.36288,0,18.0433,6.23837,11.6661,0.84672,12.849,0.84672,3695.15,0,36.966,0.284561,0.216518,1.81231,4.82332,1.28588,5.28171,0.42336,36.966,0.42336,423.524,0,0.98744,0,0,1.20396,0.216518,1.028160,1,0,16.9478,0,0,0,16.9478,0
51.5793,2.03731,0,0,1.54756,0.229742,0.36288,3.6288,56.8789,0.546004,0,0,0.417404,0.215185,0,0.66528,12.849,1,0.497087,0.36288,0,27.3948,4.30403,22.9565,0.84672,12.849,0.84672,3695.15,0,36.966,0.35272,0.216518,1.8125,3.47211,0.99992,4.14849,0.42336,36.966,0.42336,423.524,0,0.740787,0,0,0.957305,0.216518,1.028160,1,0,27.105,0,0,0,27.105,0
49.8114,1.96959,0,0,0.774552,0.209982,0.36288,3.6288,56.6576,0.416073,0,0,0.40304,0.20823,0,0.66528,12.849,1,0.490648,0.36288,0,16.4815,3.81024,12.5435,0.84672,12.849,0.84672,3695.15,0,36.966,0.270409,0.239373,1.74163,2.90371,1.08325,3.53106,0.42336,36.966,0.42336,423.524,0,1.02816,0,0,1.26753,0.239373,1.028160,1,0,16.0745,0,0,0,16.0745,0
49.353,1.95652,0,0,2.0671,0.20612,0.36288,3.6288,57.0213,0.415434,0,0,0.98702,0.207931,0,0.66528,12.849,1,0.504689,0.36288,0,48.4374,3.81024,44.4853,0.84672,12.849,0.84672,3695.15,0,36.966,0.271048,1.34342,1.78578,5.48212,1.08325,7.25703,0.42336,36.966,0.42336,423.524,0,1.02816,0,0,2.37158,1.34342,1.028160,1,0,51.7424,0,0,0,51.7424,0
47.996,1.95357,0,0,1.20248,0.242959,0.36288,3.6288,56.8879,0.557213,0,0,0.601143,0.177341,0,0.66528,12.849,1,0.508609,0.36288,0,27.0049,3.33471,23.5245,0.84672,12.849,0.84672,3695.15,0,36.966,0.361233,0.292723,1.78596,3.30477,0.91841,4.10381,0.42336,36.966,0.42336,423.524,0,0.796196,0,0,1.08892,0.292723,1.028160,1,0,27.6283,0,0,0,27.6283,0
47.363,1.78745,0,0,1.72939,0.212062,0.36288,3.6288,56.9867,0.325391,0,0,0.617413,0.193202,0,0.66528,12.849,1,0.478517,0.36288,0,35.9313,3.58422,32.2315,0.84672,12.849,0.84672,3695.15,0,36.966,0.21144,0.292723,1.78614,4.39142,0.856997,5.40185,0.42336,36.966,0.42336,423.524,0,1.02115,0,0,1.31388,0.292723,1.028160,1,0,37.6333,0,0,0,37.6333,0
49.3289,1.66694,0,0,4.20371,0.207994,0.36288,3.6288,57.5415,0.410947,0,0,1.1686,0.20287,0,0.66528,12.849,1,0.45222,0.36288,0,99.83,3.70545,96.0352,0.84672,12.849,0.84672,3695.15,0,36.966,0.266572,2.19079,1.62834,6.43861,0.907647,9.08353,0.42336,36.966,0.42336,423.524,0,1.02816,0,0,3.21895,2.19079,1.028160,1,0,105.119,0,0,0,105.119,0
49.4198,1.68168,0,0,2.34793,0.212487,0.36288,3.6288,57.6192,0.412711,0,0,0.694014,0.203601,0,0.66528,12.849,1,0.438038,0.36288,0,66.9804,3.70545,63.1998,0.84672,12.849,0.84672,3695.15,0,36.966,0.265135,1.08662,1.71494,5.61692,0.907647,7.2457,0.42336,36.966,0.42336,423.524,0,1.02816,0,0,2.11478,1.08662,1.028160,1,0,70.4455,0,0,0,70.4455,0
48.955,1.68277,0,0,1.79799,0.217215,0.36288,3.6288,57.4381,0.413127,0,0,0.440991,0.208912,0,0.66528,12.849,1,0.437514,0.36288,0,44.1334,3.81973,40.239,0.84672,12.849,0.84672,3695.15,0,36.966,0.265044,0.4266,1.7153,6.41301,0.943298,7.34656,0.42336,36.966,0.42336,423.524,0,1.02816,0,0,1.45476,0.4266,1.028160,1,0,47.5856,0,0,0,47.5856,0
49.6562,1.67992,0,0,2.98719,0.243117,0.36288,3.6288,57.5532,0.412817,0,0,0.767722,0.239883,0,0.66528,12.849,1,0.440922,0.36288,0,70.6521,4.50544,66.0686,0.84672,12.849,0.84672,3695.15,0,36.966,0.26568,1.23609,1.71565,6.7133,1.1572,8.24216,0.42336,36.966,0.42336,423.524,0,1.02816,0,0,2.26425,1.23609,1.028160,1,0,74.3108,0,0,0,74.3108,0
52.3595,1.74563,0,0,5.0601,0.248319,0.36288,3.6288,58.1434,0.44099,0,0,1.22886,0.197627,0,0.66528,12.849,1,0.451698,0.36288,0,135.039,3.84161,131.108,0.84672,12.849,0.84672,3695.15,0,36.966,0.283245,1.637,1.71601,9.79741,0.890456,11.9767,0.42336,36.966,0.42336,423.524,0,1.02816,0,0,2.66516,1.637,1.028160,1,0,143.085,0,0,0,143.085,0
53.2365,1.79541,0,0,3.29131,0.25602,0.36288,3.6288,58.4766,0.419646,0,0,0.944153,0.191283,0,0.66528,12.849,1,0.440594,0.36288,0,82.112,3.73096,78.3033,0.84672,12.849,0.84672,3695.15,0,36.966,0.2668,0.804315,1.76568,7.8014,0.845997,9.2586,0.42336,36.966,0.42336,423.524,0,1.02816,0,0,1.83247,0.804315,1.028160,1,0,87.5619,0,0,0,87.5619,0
53.1651,1.80198,0,0,2.35869,0.265242,0.36288,3.6288,58.6365,0.420578,0,0,0.772355,0.191856,0,0.66528,12.849,1,0.43492,0.36288,0,55.8584,3.70866,52.0777,0.84672,12.849,0.84672,3695.15,0,36.966,0.265868,0.573843,1.74373,6.43943,0.861201,7.62993,0.42336,36.966,0.42336,423.524,0,1.02816,0,0,1.602,0.573843,1.028160,1,0,59.7076,0,0,0,59.7076,0
53.2997,1.80222,0,0,2.60615,0.306447,0.36288,3.6288,58.8683,0.421023,0,0,0.84583,0.193024,0,0.66528,12.849,1,0.435563,0.36288,0,70.4063,3.57483,66.7588,0.84672,12.849,0.84672,3695.15,0,36.966,0.265424,0.784296,1.7439,6.86546,0.952423,8.1758,0.42336,36.966,0.42336,423.524,0,1.02816,0,0,1.81246,0.784296,1.028160,1,0,74.9346,0,0,0,74.9346,0
54.0083,2.00046,0,0,3.38298,0.311048,0.36288,3.6288,59.0562,0.526485,0,0,0.913127,0.198797,0,0.66528,12.849,1,0.482253,0.36288,0,86.9797,3.58208,83.2783,0.84672,12.849,0.84672,3695.15,0,36.966,0.330603,1.1434,1.74407,7.72848,1.01711,9.26824,0.42336,36.966,0.42336,423.524,0,1.02816,0,0,2.17156,1.1434,1.028160,1,0,92.5465,0,0,0,92.5465,0
56.4503,2.14418,0,0,5.26802,0.318913,0.36288,3.6288,59.5737,0.422206,0,0,1.14611,0.206359,0,0.66528,12.849,1,0.510118,0.36288,0,137.747,3.59174,134.008,0.84672,12.849,0.84672,3695.15,0,36.966,0.264279,1.72362,1.9218,9.55636,1.10335,11.8341,0.42336,36.966,0.42336,423.524,0,1.02816,0,0,2.75178,1.72362,1.028160,1,0,145.842,0,0,0,145.842,0
57.019,2.16296,0,0,3.42135,0.326813,0.36288,3.6288,59.9196,0.423623,0,0,0.97651,0.207044,0,0.66528,12.849,1,0.492324,0.36288,0,91.6998,3.59174,87.9786,0.84672,12.849,0.84672,3695.15,0,36.966,0.262862,1.22114,1.82215,8.22874,1.10335,9.90581,0.42336,36.966,0.42336,423.524,0,1.02816,0,0,2.2493,1.22114,1.028160,1,0,97.8844,0,0,0,97.8844,0
58.0345,2.16777,0,0,3.85858,0.312417,0.36288,3.6288,60.2809,0.424562,0,0,0.952301,0.16644,0,0.66528,12.849,1,0.488498,0.36288,0,87.5526,3.23143,84.1955,0.84672,12.849,0.84672,3695.15,0,36.966,0.261924,1.43705,1.82233,8.30287,0.957876,10.3424,0.42336,36.966,0.42336,423.524,0,1.02816,0,0,2.46521,1.43705,1.028160,1,0,94.538,0,0,0,94.538,0
59.9029,1.89034,0,0,4.41771,0.296113,0.36288,3.6288,61.0242,0.283453,0,0,1.17716,0.150372,0,0.66528,12.849,1,0.418525,0.36288,0,100.205,3.11975,97.0296,0.84672,12.849,0.84672,3695.15,0,36.966,0.173822,1.83329,1.82252,10.1208,0.891538,12.7113,0.42336,36.966,0.42336,423.524,0,1.02816,0,0,2.86145,1.83329,1.028160,1,0,109.741,0,0,0,109.741,0
62.9753,1.72766,0,0,5.45479,0.291829,0.36288,3.6288,61.308,0.416467,0,0,1.23074,0.170394,0.360072,0.66528,12.849,1,0.370579,0.36288,0,102.377,3.33113,99.0383,0.84672,12.849,0.84672,3695.15,0,36.966,0.252279,1.61198,1.58033,10.3505,0.948565,12.342,0.42336,36.966,0.42336,423.524,0,1.02816,0,0,2.64014,1.61198,1.028160,1,0,111.74,0,0,0,111.74,0
64.9857,1.74313,0,0,4.41583,0.299484,0.36288,3.6288,61.308,0.417392,0,0,0.869858,0.170701,0.281766,0.66528,12.849,1,0.355655,0.36288,0,102.64,3.33113,99.3158,0.84672,12.849,0.84672,3695.15,0,36.966,0.251669,0.662247,1.70424,7.10156,0.948565,8.26782,0.42336,36.966,0.42336,423.524,0,1.02816,0,0,1.69041,0.662247,1.028160,1,0,107.865,0,0,0,107.865,0
65.6372,1.75277,0,0,3.07153,0.304399,0.36288,3.6288,61.2854,0.473342,0,0,0.621443,0.170701,0,0.66528,12.849,1,0.346558,0.36288,0,95.1722,3.33113,91.8574,0.84672,12.849,0.84672,3695.15,0,36.966,0.285404,0.558835,1.70458,6.82706,0.948565,7.85651,0.42336,36.966,0.42336,423.524,0,0.938788,0,0,1.49762,0.558835,1.028160,1,0,99.7139,0,0,0,99.7139,0
66.6907,1.75609,0,0,3.41401,0.241454,0.36288,3.6288,61.1415,0.55976,0,0,0.550434,0.134584,0,0.66528,12.849,1,0.34377,0.36288,0,86.4786,2.80796,83.6898,0.84672,12.849,0.84672,3695.15,0,36.966,0.337635,0.558835,1.70493,6.45234,0.873412,7.50506,0.42336,36.966,0.42336,423.524,0,0.800453,0,0,1.35929,0.558835,1.028160,1,0,91.1948,0,0,0,91.1948,0
69.1673,1.83471,0,0,4.98976,0.315642,0.36288,3.6288,61.308,0.452536,0,0,1.18454,0.214888,0.35061,0.66528,12.849,1,0.353486,0.36288,0,106.49,4.58967,101.909,0.84672,12.849,0.84672,3695.15,0,36.966,0.273602,1.43526,1.70527,8.58522,1.16182,10.2903,0.42336,36.966,0.42336,423.524,0,1.02816,0,0,2.46342,1.43526,1.028160,1,0,112.55,0,0,0,112.55,0
72.29,1.87961,0,0,5.91139,0.266538,0.642508,3.6288,61.308,0.428238,0,0,0.988096,0.185033,0.374825,0.66528,12.849,1,0.349169,0.642508,0,170.051,4.15369,166.19,0.84672,12.849,0.84672,3695.15,0,36.966,0.258209,1.45655,1.76544,9.75257,1.0992,11.6172,0.42336,36.966,0.42336,423.524,0,1.02816,0,0,2.48471,1.45655,1.028160,1,0,178.182,0,0,0,178.182,0
72.29,1.89317,0,0,4.08027,0.273006,1.91409,3.6288,61.308,0.428238,0,0,0.720032,0.185033,0.10676,0.66528,12.849,1,0.336496,1.91409,0,141.507,4.15369,138.931,0.84672,12.849,0.84672,3695.15,0,36.966,0.258209,0.623868,1.74238,6.32063,1.0992,7.32947,0.42336,36.966,0.42336,423.524,0,1.02816,0,0,1.65203,0.623868,1.028160,1,0,146.367,0,0,0,146.367,0
72.29,1.89392,0,0,4.08636,0.273006,1.91943,3.6288,61.308,0.428238,0,0,0.713759,0.185033,0.100487,0.66528,12.849,1,0.33663,1.91943,0,98.0156,4.15369,95.4447,0.84672,12.849,0.84672,3695.15,0,36.966,0.258209,0.64959,1.74254,6.81068,1.0992,7.84541,0.42336,36.966,0.42336,423.524,0,1.02816,0,0,1.67775,0.64959,1.028160,1,0,103.391,0,0,0,103.391,0
72.29,1.8655,0,0,4.23018,0.227883,2.13679,3.6288,61.308,0.414624,0,0,1.19939,0.202811,0.581952,0.66528,12.849,1,0.331579,2.13679,0,104.569,4.26139,102.113,0.84672,12.849,0.84672,3695.15,0,36.966,0.25,1.48446,1.74271,9.34148,1.11282,11.2058,0.42336,36.966,0.42336,423.524,0,1.02816,0,0,2.51262,1.48446,1.028160,1,0,113.901,0,0,0,113.901,0
72.29,1.84772,0,0,3.44358,0.209834,1.38602,3.6288,61.308,0.428235,0,0,0.972251,0.209923,0.334093,0.66528,12.849,1,0.328419,1.38602,0,72.6469,4.30447,69.4,0.84672,12.849,0.84672,3695.15,0,36.966,0.258207,0.970989,1.71958,5.2544,1.11827,6.56849,0.42336,36.966,0.42336,423.524,0,1.02816,0,0,1.99915,0.970989,1.028160,1,0,76.3026,0,0,0,76.3026,0
72.29,1.84847,0,0,2.97794,0.209834,0.919641,3.6288,61.308,0.428235,0,0,0.92715,0.209923,0.288992,0.66528,12.849,1,0.328551,0.919641,0,64.3524,4.30447,60.6391,0.84672,12.849,0.84672,3695.15,0,36.966,0.258207,0.773081,1.73251,4.59708,1.11827,5.72619,0.42336,36.966,0.42336,423.524,0,1.02816,0,0,1.80124,0.773081,1.028160,1,0,66.6542,0,0,0,66.6542,0
72.29,1.84921,0,0,2.65658,0.209834,0.597532,3.6288,61.308,0.428235,0,0,0.823245,0.209923,0.185087,0.66528,12.849,1,0.328683,0.597532,0,55.272,4.30447,51.2364,0.84672,12.849,0.84672,3695.15,0,36.966,0.258207,0.5421,1.73267,3.99206,1.11827,4.89036,0.42336,36.966,0.42336,423.524,0,1.02816,0,0,1.57026,0.5421,1.028160,1,0,56.3118,0,0,0,56.3118,0
72.262,1.94906,0,0,2.48533,0.201348,0.36288,3.6288,61.308,0.476557,0,0,0.784918,0.209652,0.098709,0.66528,12.849,1,0.346432,0.36288,0,52.1055,4.20532,47.9166,0.84672,12.849,0.84672,3695.15,0,36.966,0.287343,0.457782,1.73284,3.79733,1.04657,4.65404,0.42336,36.966,0.42336,423.524,0,1.02816,0,0,1.48594,0.457782,1.028160,1,0,52.6694,0,0,0,52.6694,0
71.8985,2.01548,0,0,2.2009,0.186105,0.36288,3.6288,61.308,0.428246,0,0,0.70702,0.233204,0.04557,0.66528,12.849,1,0.358375,0.36288,0,46.4536,4.32759,42.1305,0.84672,12.849,0.84672,3695.15,0,36.966,0.258214,0.474094,1.81472,3.9641,1.07422,4.92049,0.42336,36.966,0.42336,423.524,0,1.02816,0,0,1.50225,0.474094,1.028160,1,0,47.0965,0,0,0,47.0965,0
71.3764,2.01472,0,0,2.01052,0.155004,0.36288,3.6288,61.308,0.428246,0,0,0.70105,0.236852,0.0359507,0.66528,12.849,1,0.360052,0.36288,0,41.5187,4.44129,37.0802,0.84672,12.849,0.84672,3695.15,0,36.966,0.258214,0.473723,1.76958,3.78655,1.03869,4.73295,0.42336,36.966,0.42336,423.524,0,1.02816,0,0,1.50188,0.473723,1.028160,1,0,41.8491,0,0,0,41.8491,0
70.8165,2.01327,0,0,1.97063,0.154389,0.36288,3.6288,61.308,0.428246,0,0,0.75822,0.236852,0.0931216,0.66528,12.849,1,0.362424,0.36288,0,39.7735,4.44129,35.3327,0.84672,12.849,0.84672,3695.15,0,36.966,0.258214,0.445366,1.76975,4.08014,1.03869,4.99836,0.42336,36.966,0.42336,423.524,0,1.02816,0,0,1.47353,0.445366,1.028160,1,0,40.4242,0,0,0,40.4242,0
70.1275,2.01163,0,0,1.83927,0.153728,0.36288,3.6288,61.308,0.428247,0,0,0.692902,0.236852,0.0278031,0.66528,12.849,1,0.364991,0.36288,0,37.1806,4.44129,32.7372,0.84672,12.849,0.84672,3695.15,0,36.966,0.258214,0.339621,1.76992,3.61302,1.03869,4.42566,0.42336,36.966,0.42336,423.524,0,1.02816,0,0,1.36778,0.339621,1.028160,1,0,37.1907,0,0,0,37.1907,0
69.3496,1.98984,0,0,1.67113,0.0963371,0.36288,3.6288,60.9909,0.611416,0,0,0.561565,0.267269,0,0.66528,12.849,1,0.364586,0.36288,0,34.2339,5.17062,29.0616,0.84672,12.849,0.84672,3695.15,0,36.966,0.368657,0.30119,1.77009,3.84107,1.30509,4.2386,0.42336,36.966,0.42336,423.524,0,0.777168,0,0,1.07836,0.30119,1.028160,1,0,33.3002,0,0,0,33.3002,0
68.4399,2.02312,0,0,1.57209,0.0957589,0.36288,3.6288,60.6505,0.603349,0,0,0.529735,0.266733,0,0.66528,12.849,1,0.374842,0.36288,0,33.9805,5.17062,28.7979,0.84672,12.849,0.84672,3695.15,0,36.966,0.365684,0.261274,1.79886,4.01453,1.30509,4.40389,0.42336,36.966,0.42336,423.524,0,0.745597,0,0,1.00687,0.261274,1.028160,1,0,33.2018,0,0,0,33.2018,0
67.3937,2.01971,0,0,1.4315,0.0950829,0.36288,3.6288,60.3076,0.601183,0,0,0.524378,0.266158,0,0.66528,12.849,1,0.379183,0.36288,0,33.7177,5.17062,28.5308,0.84672,12.849,0.84672,3695.15,0,36.966,0.366416,0.261274,1.7741,3.86377,1.30509,4.22764,0.42336,36.966,0.42336,423.524,0,0.747032,0,0,1.00831,0.261274,1.028160,1,0,32.7584,0,0,0,32.7584,0
66.2162,2.01554,0,0,1.29518,0.0943054,0.36288,3.6288,59.8512,0.677438,0,0,0.486643,0.265579,0,0.66528,12.849,1,0.384275,0.36288,0,30.2788,5.17062,25.0868,0.84672,12.849,0.84672,3695.15,0,36.966,0.415241,0.261274,1.77428,3.70571,1.30509,4.02093,0.42336,36.966,0.42336,423.524,0,0.62195,0,0,0.883224,0.261274,1.028160,1,0,29.1077,0,0,0,29.1077,0
65.0853,2.06062,0,0,1.35961,0.0670427,0.36288,3.6288,59.4198,0.645727,0,0,0.537303,0.323002,0,0.66528,12.849,1,0.399856,0.36288,0,29.5073,5.8797,23.5907,0.84672,12.849,0.84672,3695.15,0,36.966,0.398821,0.261274,1.77445,3.48007,1.5599,3.55707,0.42336,36.966,0.42336,423.524,0,0.7081,0,0,0.969373,0.261274,1.028160,1,0,27.1477,0,0,0,27.1477,0
63.9942,2.08735,0,0,1.42173,0.062575,0.36288,3.6288,59.1092,0.570836,0,0,0.587998,0.327705,0,0.66528,12.849,1,0.412081,0.36288,0,27.8852,5.91748,21.9185,0.84672,12.849,0.84672,3695.15,0,36.966,0.355126,0.261274,1.81519,3.44574,1.57068,3.59639,0.42336,36.966,0.42336,423.524,0,0.788677,0,0,1.04995,0.261274,1.028160,1,0,25.5149,0,0,0,25.5149,0
62.7454,2.08229,0,0,1.2584,0.062027,0.36288,3.6288,58.7522,0.581845,0,0,0.551889,0.327054,0,0.66528,12.849,1,0.418091,0.36288,0,26.3231,5.91748,20.3504,0.84672,12.849,0.84672,3695.15,0,36.966,0.363877,0.227405,1.79312,3.44766,1.57068,3.53363,0.42336,36.966,0.42336,423.524,0,0.768917,0,0,0.996322,0.227405,1.028160,1,0,23.8841,0,0,0,23.8841,0
61.3955,2.07617,0,0,1.15055,0.0613998,0.36288,3.6288,58.3304,0.628578,0,0,0.533111,0.326305,0,0.66528,12.849,1,0.425159,0.36288,0,24.7204,5.91748,18.7407,0.84672,12.849,0.84672,3695.15,0,36.966,0.395492,0.227405,1.7933,3.28488,1.57068,3.33941,0.42336,36.966,0.42336,423.524,0,0.690569,0,0,0.917974,0.227405,1.028160,1,0,22.0801,0,0,0,22.0801,0
59.7758,2.21401,0,0,1.00807,0.0508068,0.36288,3.6288,57.7589,0.759529,0,0,0.519374,0.33141,0,0.66528,12.849,1,0.463354,0.36288,0,22.9862,6.13234,16.7534,0.84672,12.849,0.84672,3695.15,0,36.966,0.42336,0.227405,1.79348,3.46238,1.58317,3.47674,0.42336,36.966,0.42336,423.524,0,0.669099,0,0,0.896504,0.227405,1.028160,1,0,20.2301,0,0,0,20.2301,0
58.0636,2.30242,0,0,1.01193,0.058883,0.36288,3.6288,57.1984,0.654272,0,0,0.429122,0.335359,0,0.66528,12.849,1,0.494912,0.36288,0,19.9006,6.25222,13.5163,0.84672,12.849,0.84672,3695.15,0,36.966,0.418737,0.227405,1.93258,3.67109,1.55239,3.85995,0.42336,36.966,0.42336,423.524,0,0.660036,0,0,0.88744,0.227405,1.028160,1,0,17.3763,0,0,0,17.3763,0
56.4624,2.29099,0,0,1.11055,0.0579167,0.36288,3.6288,56.8867,0.507391,0,0,0.529898,0.334144,0,0.66528,12.849,1,0.506976,0.36288,0,25.5936,6.25222,19.1973,0.84672,12.849,0.84672,3695.15,0,36.966,0.327915,0.204422,1.86317,4.00473,1.55239,4.19201,0.42336,36.966,0.42336,423.524,0,0.898128,0,0,1.10255,0.204422,1.028160,1,0,23.3893,0,0,0,23.3893,0
54.6549,2.27979,0,0,0.892166,0.0570131,0.36288,3.6288,56.1871,0.749435,0,0,0.383271,0.333468,0,0.66528,12.849,1,0.518805,0.36288,0,25.009,6.25222,18.6008,0.84672,12.849,0.84672,3695.15,0,36.966,0.42336,0.204422,1.86359,3.21488,1.55239,3.30714,0.42336,36.966,0.42336,423.524,0,0.56103,0,0,0.765452,0.204422,1.028160,1,0,21.908,0,0,0,21.908,0
53.0807,2.2664,0,0,1.11109,0.0559931,0.36288,3.6288,56.0844,0.425871,0,0,0.65508,0.331951,0,0.66528,12.849,1,0.532817,0.36288,0,22.8411,6.25222,16.419,0.84672,12.849,0.84672,3695.15,0,36.966,0.280184,0.419792,1.86401,4.97088,1.55239,5.4221,0.42336,36.966,0.42336,423.524,0,1.02816,0,0,1.44795,0.419792,1.028160,1,0,21.8411,0,0,0,21.8411,0
51.7213,2.18541,0,0,1.23847,0.0495133,0.36288,3.6288,56.0075,0.375493,0,0,0.633306,0.334643,0,0.66528,12.849,1,0.529013,0.36288,0,37.4897,6.12737,31.1962,0.84672,12.849,0.84672,3695.15,0,36.966,0.247493,0.320553,1.86443,6.66645,1.56211,7.04183,0.42336,36.966,0.42336,423.524,0,1.02816,0,0,1.34871,0.320553,1.028160,1,0,38.238,0,0,0,38.238,0
50.5996,2.12419,0,0,1.4407,0.0753322,0.36288,3.6288,55.9866,0.413545,0,0,0.692012,0.299403,0,0.66528,12.849,1,0.527708,0.36288,0,29.5517,5.5096,23.8772,0.84672,12.849,0.84672,3695.15,0,36.966,0.272947,0.425053,1.78436,7.48385,1.33895,8.08137,0.42336,36.966,0.42336,423.524,0,1.02816,0,0,1.45321,0.425053,1.028160,1,0,31.9586,0,0,0,31.9586,0
49.9126,2.11565,0,0,1.89883,0.107342,0.36288,3.6288,56.028,0.413483,0,0,0.727531,0.272688,0,0.66528,12.849,1,0.537237,0.36288,0,29.8861,5.28875,24.423,0.84672,12.849,0.84672,3695.15,0,36.966,0.273009,0.527662,1.82171,6.0193,1.26309,6.83257,0.42336,36.966,0.42336,423.524,0,1.02816,0,0,1.55582,0.527662,1.028160,1,0,31.2556,0,0,0,31.2556,0
50.0424,2.11055,0,0,2.70977,0.106568,0.36288,3.6288,56.539,0.413605,0,0,1.19743,0.272761,0,0.66528,12.849,1,0.543319,0.36288,0,55.2804,5.28875,49.8112,0.84672,12.849,0.84672,3695.15,0,36.966,0.272887,1.59868,1.82189,11.2843,1.26309,13.1689,0.42336,36.966,0.42336,423.524,0,1.02816,0,0,2.62684,1.59868,1.028160,1,0,62.98,0,0,0,62.98,0
49.3587,2.05661,0,0,1.88926,0.153394,0.36288,3.6288,56.7273,0.369119,0,0,0.809041,0.251627,0,0.66528,12.849,1,0.52806,0.36288,0,60.6495,4.82169,55.6626,0.84672,12.849,0.84672,3695.15,0,36.966,0.241335,1.14096,1.82208,7.19673,1.15103,8.7674,0.42336,36.966,0.42336,423.524,0,1.02816,0,0,2.16912,1.14096,1.028160,1,0,64.43,0,0,0,64.43,0
47.6831,1.99124,0,0,0.892564,0.214072,0.36288,3.6288,56.262,0.625139,0,0,0.382342,0.222504,0,0.66528,12.849,1,0.518358,0.36288,0,28.7661,4.19895,24.4117,0.84672,12.849,0.84672,3695.15,0,36.966,0.407368,0.216518,1.75036,5.17257,1.00163,5.73045,0.42336,36.966,0.42336,423.524,0,0.682128,0,0,0.898646,0.216518,1.028160,1,0,30.1421,0,0,0,30.1421,0
47.0819,1.97764,0,0,1.9495,0.210215,0.36288,3.6288,56.2898,0.41428,0,0,0.663914,0.22183,0,0.66528,12.849,1,0.532909,0.36288,0,40.5926,4.19895,36.2236,0.84672,12.849,0.84672,3695.15,0,36.966,0.272195,0.734512,1.79503,7.40038,1.00163,8.65609,0.42336,36.966,0.42336,423.524,0,1.02816,0,0,1.76267,0.734512,1.028160,1,0,44.8797,0,0,0,44.8797,0
48.6862,1.97304,0,0,4.1491,0.208831,0.36288,3.6288,57.0297,0.414361,0,0,1.37614,0.221871,0,0.66528,12.849,1,0.538459,0.36288,0,88.7096,4.19895,84.335,0.84672,12.849,0.84672,3695.15,0,36.966,0.272114,3.18472,1.7952,12.0127,1.00163,15.7189,0.42336,36.966,0.42336,423.524,0,1.02816,0,0,4.21288,3.18472,1.028160,1,0,100.054,0,0,0,100.054,0
49.5605,1.82999,0,0,3.30726,0.240068,0.36288,3.6288,57.4706,0.320333,0,0,0.984087,0.222848,0,0.66528,12.849,1,0.482961,0.36288,0,45.3837,3.92194,41.3416,0.84672,12.849,0.84672,3695.15,0,36.966,0.207636,1.54431,1.79538,6.67413,0.868572,8.93762,0.42336,36.966,0.42336,423.524,0,1.02816,0,0,2.57247,1.54431,1.028160,1,0,50.2793,0,0,0,50.2793,0
49.9862,1.7116,0,0,2.74095,0.240775,0.36288,3.6288,57.5243,0.417742,0,0,0.670316,0.19891,0,0.66528,12.849,1,0.443748,0.36288,0,46.5376,3.75886,42.6979,0.84672,12.849,0.84672,3695.15,0,36.966,0.268698,0.671907,1.63571,3.70182,0.737561,5.00318,0.42336,36.966,0.42336,423.524,0,1.02816,0,0,1.70007,0.671907,1.028160,1,0,47.7011,0,0,0,47.7011,0
52.2702,1.7153,0,0,4.59581,0.233684,0.36288,3.6288,57.8412,0.417894,0,0,0.937639,0.202878,0,0.66528,12.849,1,0.44092,0.36288,0,59.4694,3.79376,55.5976,0.84672,12.849,0.84672,3695.15,0,36.966,0.268545,1.39717,1.72861,7.40705,0.77454,9.48976,0.42336,36.966,0.42336,423.524,0,1.02816,0,0,2.42533,1.39717,1.028160,1,0,65.0873,0,0,0,65.0873,0
54.758,1.73147,0,0,4.82146,0.239328,0.36288,3.6288,58.3675,0.418792,0,0,1.1484,0.203294,0,0.66528,12.849,1,0.425627,0.36288,0,66.5677,3.79376,62.7112,0.84672,12.849,0.84672,3695.15,0,36.966,0.267648,2.1717,1.72878,10.156,0.77454,13.0143,0.42336,36.966,0.42336,423.524,0,1.02816,0,0,3.19986,2.1717,1.028160,1,0,75.7255,0,0,0,75.7255,0
57.0845,1.74783,0,0,4.68277,0.245477,0.36288,3.6288,58.7235,0.42027,0,0,0.980286,0.203986,0,0.66528,12.849,1,0.410131,0.36288,0,129.318,3.79376,125.477,0.84672,12.849,0.84672,3695.15,0,36.966,0.26617,1.63692,1.72894,6.42705,0.77454,8.75219,0.42336,36.966,0.42336,423.524,0,1.02816,0,0,2.66508,1.63692,1.028160,1,0,134.23,0,0,0,134.23,0
59.5051,1.82489,0,0,4.8754,0.267039,0.36288,3.6288,59.7377,0.449456,0,0,1.67321,0.209603,0,0.66528,12.849,1,0.41076,0.36288,0,106.03,4.11761,101.865,0.84672,12.849,0.84672,3695.15,0,36.966,0.282929,2.18658,1.7291,8.33671,1.00981,10.9596,0.42336,36.966,0.42336,423.524,0,1.02816,0,0,3.21474,2.18658,1.028160,1,0,112.824,0,0,0,112.824,0
62.4159,1.87714,0,0,5.42579,0.275022,0.36288,3.6288,61.1762,0.424041,0,0,2.09664,0.234013,0,0.66528,12.849,1,0.405332,0.36288,0,107.153,4.47814,102.633,0.84672,12.849,0.84672,3695.15,0,36.966,0.262399,2.83475,1.77916,9.61718,1.16655,12.8021,0.42336,36.966,0.42336,423.524,0,1.02816,0,0,3.86291,2.83475,1.028160,1,0,115.435,0,0,0,115.435,0
65.3122,1.89353,0,0,5.43478,0.28202,0.36288,3.6288,61.308,0.427887,0,0,2.20255,0.236163,1.40674,0.66528,12.849,1,0.389805,0.36288,0,107.527,4.47814,103.021,0.84672,12.849,0.84672,3695.15,0,36.966,0.258553,2.9167,1.75243,10.9875,1.16655,14.2315,0.42336,36.966,0.42336,423.524,0,1.02816,0,0,3.94486,2.9167,1.028160,1,0,118.66,0,0,0,118.66,0
68.5531,1.90871,0,0,5.78331,0.270875,0.36288,3.6288,61.308,0.428234,0,0,2.17916,0.247893,1.50304,0.66528,12.849,1,0.375504,0.36288,0,103.012,4.53805,98.4615,0.84672,12.849,0.84672,3695.15,0,36.966,0.258206,3.09634,1.7526,11.0272,1.24199,14.376,0.42336,36.966,0.42336,423.524,0,1.02816,0,0,4.1245,3.09634,1.028160,1,0,114.34,0,0,0,114.34,0
72.29,2.13232,0,0,7.12471,0.262179,0.993279,3.6288,61.308,0.535938,0,0,1.79883,0.243423,1.01947,0.66528,12.849,1,0.399664,0.993279,0,163.529,4.20736,159.916,0.84672,12.849,0.84672,3695.15,0,36.966,0.323147,3.33463,1.75276,14.0463,1.21329,17.5973,0.42336,36.966,0.42336,423.524,0,1.02816,0,0,4.36279,3.33463,1.028160,1,0,178.532,0,0,0,178.532,0
72.29,2.29724,0,0,6.11455,0.32907,3.48824,3.6288,61.308,0.428257,0,0,2.50054,0.219033,1.85325,0.66528,12.849,1,0.408317,3.48824,0,141.482,3.70786,140.854,0.84672,12.849,0.84672,3695.15,0,36.966,0.25822,2.99727,1.93258,13.1114,0.940767,16.8422,0.42336,36.966,0.42336,423.524,0,1.02816,0,0,4.02543,2.99727,1.028160,1,0,159.549,0,0,0,159.549,0
72.29,2.29805,0,0,6.46089,0.32907,3.83376,3.6288,61.308,0.428257,0,0,2.77859,0.219033,2.1313,0.66528,12.849,1,0.408462,3.83376,0,169.563,3.70786,169.28,0.84672,12.849,0.84672,3695.15,0,36.966,0.25822,3.59119,1.83175,15.1604,0.940767,19.3844,0.42336,36.966,0.42336,423.524,0,1.02816,0,0,4.61935,3.59119,1.028160,1,0,190.796,0,0,0,190.796,0
72.29,2.29887,0,0,5.72708,0.329826,3.09838,3.6288,61.308,0.428257,0,0,2.48455,0.214656,1.84164,0.66528,12.849,1,0.408607,3.09838,0,150.994,3.63225,150.052,0.84672,12.849,0.84672,3695.15,0,36.966,0.25822,3.14744,1.83193,14.391,0.919085,18.193,0.42336,36.966,0.42336,423.524,0,1.02816,0,0,4.1756,3.14744,1.028160,1,0,170.087,0,0,0,170.087,0
72.29,2.00042,0,0,5.64067,0.334468,3.30578,3.6288,61.308,0.283591,0,0,2.52093,0.186238,2.0511,0.66528,12.849,1,0.355559,3.30578,0,132.401,3.26463,132.087,0.84672,12.849,0.84672,3695.15,0,36.966,0.170993,3.33518,1.83211,15.9792,0.821676,20.1538,0.42336,36.966,0.42336,423.524,0,1.02816,0,0,4.36334,3.33518,1.028160,1,0,154.292,0,0,0,154.292,0
72.29,1.80543,0,0,3.98838,0.334738,1.84821,3.6288,61.308,0.427375,0,0,1.75794,0.180856,1.14971,0.66528,12.849,1,0.320902,1.84821,0,95.9869,3.4798,94.0345,0.84672,12.849,0.84672,3695.15,0,36.966,0.257688,1.7347,1.58708,9.98672,0.903381,12.1474,0.42336,36.966,0.42336,423.524,0,1.02816,0,0,2.76286,1.7347,1.028160,1,0,107.332,0,0,0,107.332,0
72.29,1.80588,0,0,3.27285,0.334738,1.13223,3.6288,61.308,0.427567,0,0,1.10744,0.180856,0.499018,0.66528,12.849,1,0.320981,1.13223,0,80.7503,3.4798,78.0818,0.84672,12.849,0.84672,3695.15,0,36.966,0.257804,0.956249,1.72211,7.25254,0.903381,8.76971,0.42336,36.966,0.42336,423.524,0,1.02816,0,0,1.98441,0.956249,1.028160,1,0,87.3505,0,0,0,87.3505,0
72.29,1.80633,0,0,3.13889,0.334738,0.997819,3.6288,61.308,0.427758,0,0,1.2955,0.180856,0.686885,0.66528,12.849,1,0.321061,0.997819,0,80.0522,3.4798,77.2491,0.84672,12.849,0.84672,3695.15,0,36.966,0.257919,0.933224,1.72245,5.61801,0.903381,7.11238,0.42336,36.966,0.42336,423.524,0,1.02816,0,0,1.96138,0.933224,1.028160,1,0,85.0484,0,0,0,85.0484,0
72.29,1.80678,0,0,5.40337,0.332689,3.2639,3.6288,61.308,0.42795,0,0,2.00201,0.163674,1.41038,0.66528,12.849,1,0.321141,3.2639,0,167.335,3.21084,167.067,0.84672,12.849,0.84672,3695.15,0,36.966,0.258035,2.7681,1.72278,13.2506,0.857316,16.6262,0.42336,36.966,0.42336,423.524,0,1.02816,0,0,3.79626,2.7681,1.028160,1,0,185.104,0,0,0,185.104,0
72.29,1.88264,0,0,3.81885,0.332428,1.60378,3.6288,61.308,0.463572,0,0,1.66845,0.167659,1.03722,0.66528,12.849,1,0.334625,1.60378,0,108.824,3.53388,106.56,0.84672,12.849,0.84672,3695.15,0,36.966,0.279513,1.93491,1.72312,8.69651,0.847969,11.2271,0.42336,36.966,0.42336,423.524,0,1.02816,0,0,2.96307,1.93491,1.028160,1,0,118.824,0,0,0,118.824,0
72.29,1.93148,0,0,3.30227,0.33284,1.03795,3.6288,61.308,0.428234,0,0,1.36871,0.172141,0.76833,0.66528,12.849,1,0.343305,1.03795,0,92.5595,3.64749,89.6066,0.84672,12.849,0.84672,3695.15,0,36.966,0.258206,1.95252,1.78398,7.24499,0.856648,9.86663,0.42336,36.966,0.42336,423.524,0,1.02816,0,0,2.98068,1.95252,1.028160,1,0,100.242,0,0,0,100.242,0
72.29,1.93221,0,0,4.95535,0.338063,2.68507,3.6288,61.308,0.428234,0,0,1.57335,0.148944,0.996175,0.66528,12.849,1,0.343436,2.68507,0,140.287,2.99341,139.635,0.84672,12.849,0.84672,3695.15,0,36.966,0.258206,2.96578,1.75099,20.2922,0.724718,24.026,0.42336,36.966,0.42336,423.524,0,1.02816,0,0,3.99394,2.96578,1.028160,1,0,164.657,0,0,0,164.657,0
72.29,1.93295,0,0,3.28721,0.281029,1.07323,3.6288,61.308,0.428234,0,0,1.31495,0.187085,0.699629,0.66528,12.849,1,0.343568,1.07323,0,93.7656,3.01319,91.4821,0.84672,12.849,0.84672,3695.15,0,36.966,0.258206,2.19338,1.75116,9.44784,0.798314,12.3359,0.42336,36.966,0.42336,423.524,0,1.02816,0,0,3.22154,2.19338,1.028160,1,0,104.518,0,0,0,104.518,0
72.29,1.90418,0,0,2.64681,0.290806,0.451828,3.6288,61.308,0.414462,0,0,1.11586,0.181802,0.519592,0.66528,12.849,1,0.338453,0.451828,0,64.2698,3.2974,61.0857,0.84672,12.849,0.84672,3695.15,0,36.966,0.249902,1.46861,1.75132,7.33856,0.855946,9.45264,0.42336,36.966,0.42336,423.524,0,1.02816,0,0,2.49677,1.46861,1.028160,1,0,71.058,0,0,0,71.058,0
71.9484,1.88617,0,0,2.1213,0.21387,0.36288,3.6288,61.308,0.428231,0,0,0.911857,0.217078,0.266548,0.66528,12.849,1,0.335252,0.36288,0,53.1973,3.85653,49.3684,0.84672,12.849,0.84672,3695.15,0,36.966,0.258204,1.00578,1.72791,5.98319,0.919827,7.53886,0.42336,36.966,0.42336,423.524,0,1.02816,0,0,2.03394,1.00578,1.028160,1,0,57.1738,0,0,0,57.1738,0
71.5686,1.88554,0,0,2.06798,0.199307,0.36288,3.6288,61.308,0.428231,0,0,0.996011,0.223618,0.344162,0.66528,12.849,1,0.336732,0.36288,0,51.5486,3.91419,47.6605,0.84672,12.849,0.84672,3695.15,0,36.966,0.258204,1.18941,1.74099,6.78134,0.923269,8.53026,0.42336,36.966,0.42336,423.524,0,1.02816,0,0,2.21757,1.18941,1.028160,1,0,56.535,0,0,0,56.535,0
71.0558,1.88476,0,0,1.93355,0.198731,0.36288,3.6288,61.308,0.428231,0,0,0.97956,0.223618,0.327711,0.66528,12.849,1,0.338378,0.36288,0,47.0065,3.91419,43.1168,0.84672,12.849,0.84672,3695.15,0,36.966,0.258204,0.950245,1.74115,6.08678,0.923269,7.59671,0.42336,36.966,0.42336,423.524,0,1.02816,0,0,1.9784,0.950245,1.028160,1,0,51.0413,0,0,0,51.0413,0
70.4336,1.98341,0,0,1.91917,0.195135,0.36288,3.6288,61.308,0.477114,0,0,0.849312,0.215194,0.157004,0.66528,12.849,1,0.35866,0.36288,0,47.3883,3.74485,43.6477,0.84672,12.849,0.84672,3695.15,0,36.966,0.287679,0.850314,1.74131,5.74983,0.96312,7.09066,0.42336,36.966,0.42336,423.524,0,1.02816,0,0,1.87847,0.850314,1.028160,1,0,50.8954,0,0,0,50.8954,0
69.6193,2.04775,0,0,1.77809,0.181744,0.36288,3.6288,61.308,0.428242,0,0,0.886464,0.230984,0.227238,0.66528,12.849,1,0.373565,0.36288,0,44.3821,4.68623,39.6852,0.84672,12.849,0.84672,3695.15,0,36.966,0.258211,0.783795,1.82414,5.65374,1.11498,6.88848,0.42336,36.966,0.42336,423.524,0,1.02816,0,0,1.81195,0.783795,1.028160,1,0,46.8009,0,0,0,46.8009,0
68.635,2.04482,0,0,1.55815,0.13472,0.36288,3.6288,61.308,0.428242,0,0,0.705542,0.224238,0.0530628,0.66528,12.849,1,0.377394,0.36288,0,38.4187,4.4962,33.908,0.84672,12.849,0.84672,3695.15,0,36.966,0.258211,0.752743,1.77846,5.16577,1.07776,6.361,0.42336,36.966,0.42336,423.524,0,1.02816,0,0,1.7809,0.752743,1.028160,1,0,40.3221,0,0,0,40.3221,0
67.5959,2.04102,0,0,1.49111,0.126293,0.36288,3.6288,61.308,0.428242,0,0,0.741839,0.226023,0.0875743,0.66528,12.849,1,0.382095,0.36288,0,36.0969,4.55039,31.5273,0.84672,12.849,0.84672,3695.15,0,36.966,0.258211,0.742746,1.77863,5.38167,1.06773,6.57711,0.42336,36.966,0.42336,423.524,0,1.02816,0,0,1.77091,0.742746,1.028160,1,0,38.192,0,0,0,38.192,0
66.4954,2.03685,0,0,1.42448,0.125269,0.36288,3.6288,61.308,0.428242,0,0,0.744967,0.226023,0.090702,0.66528,12.849,1,0.387175,0.36288,0,33.9149,4.55039,29.3402,0.84672,12.849,0.84672,3695.15,0,36.966,0.258211,0.664736,1.7788,5.17486,1.06773,6.29245,0.42336,36.966,0.42336,423.524,0,1.02816,0,0,1.6929,0.664736,1.028160,1,0,35.7233,0,0,0,35.7233,0
65.9666,2.01264,0,0,1.95636,0.109651,0.36288,3.6288,61.308,0.455138,0,0,1.04957,0.289877,0.304555,0.66528,12.849,1,0.388905,0.36288,0,46.3725,5.0783,41.2682,0.84672,12.849,0.84672,3695.15,0,36.966,0.274428,0.731445,1.77897,5.66135,1.26027,6.63707,0.42336,36.966,0.42336,423.524,0,1.02816,0,0,1.75961,0.731445,1.028160,1,0,48.2098,0,0,0,48.2098,0
65.4135,2.04687,0,0,1.95871,0.102079,0.36288,3.6288,61.308,0.428248,0,0,1.08544,0.307396,0.349799,0.66528,12.849,1,0.398689,0.36288,0,45.23,5.17367,40.0205,0.84672,12.849,0.84672,3695.15,0,36.966,0.258215,0.673998,1.80807,5.73382,1.31514,6.64253,0.42336,36.966,0.42336,423.524,0,1.02816,0,0,1.70216,0.673998,1.028160,1,0,47.0128,0,0,0,47.0128,0
64.7335,2.04481,0,0,1.82936,0.101629,0.36288,3.6288,61.308,0.428248,0,0,0.950478,0.307396,0.214833,0.66528,12.849,1,0.401656,0.36288,0,41.6488,5.17367,36.4363,0.84672,12.849,0.84672,3695.15,0,36.966,0.258215,0.607755,1.78301,5.43485,1.31514,6.25226,0.42336,36.966,0.42336,423.524,0,1.02816,0,0,1.63591,0.607755,1.028160,1,0,42.9034,0,0,0,42.9034,0
63.9527,2.04204,0,0,1.72521,0.101076,0.36288,3.6288,61.308,0.428248,0,0,0.886473,0.307396,0.150828,0.66528,12.849,1,0.405326,0.36288,0,39.8813,5.17367,34.6652,0.84672,12.849,0.84672,3695.15,0,36.966,0.258215,0.515246,1.78318,5.15039,1.31514,5.87546,0.42336,36.966,0.42336,423.524,0,1.02816,0,0,1.54341,0.515246,1.028160,1,0,40.6915,0,0,0,40.6915,0
62.8923,2.08899,0,0,1.49842,0.106981,0.36288,3.6288,61.308,0.489199,0,0,0.825388,0.297794,0.0383943,0.66528,12.849,1,0.419708,0.36288,0,32.7906,5.26002,27.4738,0.84672,12.849,0.84672,3695.15,0,36.966,0.294965,0.261274,1.78335,4.42751,1.30529,4.87188,0.42336,36.966,0.42336,423.524,0,0.968915,0,0,1.23019,0.261274,1.028160,1,0,32.384,0,0,0,32.384,0
61.7211,2.11581,0,0,1.38841,0.0809607,0.36288,3.6288,61.308,0.477028,0,0,0.824057,0.316089,0.0309403,0.66528,12.849,1,0.432264,0.36288,0,32.0692,5.64092,26.3589,0.84672,12.849,0.84672,3695.15,0,36.966,0.287627,0.261274,1.82456,4.09353,1.44958,4.44215,0.42336,36.966,0.42336,423.524,0,0.949977,0,0,1.21125,0.261274,1.028160,1,0,30.832,0,0,0,30.832,0
60.5225,2.10979,0,0,1.35432,0.080186,0.36288,3.6288,61.308,0.428254,0,0,0.759249,0.316089,0.0149061,0.66528,12.849,1,0.439213,0.36288,0,32.0281,5.64092,26.3109,0.84672,12.849,0.84672,3695.15,0,36.966,0.258218,0.291151,1.80223,4.38649,1.44958,4.77208,0.42336,36.966,0.42336,423.524,0,1.02816,0,0,1.31931,0.291151,1.028160,1,0,31.0979,0,0,0,31.0979,0
59.2442,2.10338,0,0,1.26732,0.0793932,0.36288,3.6288,61.2665,0.428254,0,0,0.702812,0.316089,0,0.66528,12.849,1,0.446551,0.36288,0,28.9134,5.64092,23.1888,0.84672,12.849,0.84672,3695.15,0,36.966,0.258218,0.234541,1.80241,3.91491,1.44958,4.24405,0.42336,36.966,0.42336,423.524,0,1.02816,0,0,1.2627,0.234541,1.028160,1,0,27.4329,0,0,0,27.4329,0
57.7246,2.24177,0,0,1.16348,0.0784472,0.36288,3.6288,61.0705,0.575034,0,0,0.695079,0.316006,0,0.66528,12.849,1,0.486199,0.36288,0,26.4305,5.64092,20.6662,0.84672,12.849,0.84672,3695.15,0,36.966,0.346955,0.227405,1.80258,3.82892,1.44958,4.06237,0.42336,36.966,0.42336,423.524,0,0.931573,0,0,1.15898,0.227405,1.028160,1,0,24.7286,0,0,0,24.7286,0
56.0893,2.31437,0,0,1.12502,0.0830281,0.36288,3.6288,60.9883,0.465008,0,0,0.694161,0.311395,0,0.66528,12.849,1,0.51516,0.36288,0,26.4073,5.95413,20.3009,0.84672,12.849,0.84672,3695.15,0,36.966,0.28147,0.227405,1.94328,3.23342,1.62459,3.49806,0.42336,36.966,0.42336,423.524,0,1.00652,0,0,1.23392,0.227405,1.028160,1,0,23.7989,0,0,0,23.7989,0
54.2459,2.30266,0,0,0.903804,0.0817007,0.36288,3.6288,60.4935,0.685594,0,0,0.502073,0.311233,0,0.66528,12.849,1,0.527495,0.36288,0,25.8044,5.95413,19.6857,0.84672,12.849,0.84672,3695.15,0,36.966,0.41555,0.204422,1.88462,2.59571,1.62459,2.64461,0.42336,36.966,0.42336,423.524,0,0.652234,0,0,0.856656,0.204422,1.028160,1,0,22.3303,0,0,0,22.3303,0
52.6397,2.28866,0,0,1.12558,0.0802045,0.36288,3.6288,60.591,0.450382,0,0,0.858135,0.310257,0,0.66528,12.849,1,0.542106,0.36288,0,23.5672,5.95413,17.4339,0.84672,12.849,0.84672,3695.15,0,36.966,0.275217,0.592315,1.88503,4.01347,1.62459,4.59101,0.42336,36.966,0.42336,423.524,0,1.02816,0,0,1.62048,0.592315,1.028160,1,0,22.0249,0,0,0,22.0249,0
50.8281,2.27586,0,0,0.912453,0.0853108,0.36288,3.6288,60.4109,0.52103,0,0,0.61019,0.269269,0,0.66528,12.849,1,0.555523,0.36288,0,17.7831,4.84506,12.7454,0.84672,12.849,0.84672,3695.15,0,36.966,0.317876,0.204422,1.88544,4.01611,1.19286,4.59523,0.42336,36.966,0.42336,423.524,0,0.915235,0,0,1.11966,0.204422,1.028160,1,0,17.3406,0,0,0,17.3406,0
49.0611,2.19158,0,0,0.85682,0.0693361,0.36288,3.6288,60.0291,0.585298,0,0,0.468,0.264456,0,0.66528,12.849,1,0.554016,0.36288,0,25.4222,5.56292,19.6681,0.84672,12.849,0.84672,3695.15,0,36.966,0.358149,0.204422,1.88585,2.67873,1.3967,3.01415,0.42336,36.966,0.42336,423.524,0,0.726659,0,0,0.931081,0.204422,1.028160,1,0,22.6823,0,0,0,22.6823,0
48.0381,2.14123,0,0,1.54309,0.06199,0.36288,3.6288,60.0532,0.424857,0,0,0.713627,0.264752,0,0.66528,12.849,1,0.560784,0.36288,0,40.1069,5.924,33.985,0.84672,12.849,0.84672,3695.15,0,36.966,0.261627,0.543828,1.80485,3.69912,1.50702,4.27915,0.42336,36.966,0.42336,423.524,0,1.02816,0,0,1.57199,0.543828,1.028160,1,0,38.2641,0,0,0,38.2641,0
46.1733,2.13257,0,0,0.691917,0.0613059,0.36288,3.6288,59.489,0.704248,0,0,0.404867,0.264793,0,0.66528,12.849,1,0.57041,0.36288,0,30.4956,5.924,24.364,0.84672,12.849,0.84672,3695.15,0,36.966,0.42336,0.216518,1.83109,1.90205,1.50702,2.01928,0.42336,36.966,0.42336,423.524,0,0.587036,0,0,0.803555,0.216518,1.028160,1,0,26.3833,0,0,0,26.3833,0
44.4808,2.1153,0,0,0.866575,0.0808347,0.36288,3.6288,59.0669,0.673172,0,0,0.51232,0.261271,0,0.66528,12.849,1,0.588642,0.36288,0,29.0942,5.74353,23.1249,0.84672,12.849,0.84672,3695.15,0,36.966,0.418304,0.216518,1.83127,2.32696,1.47986,2.47658,0.42336,36.966,0.42336,423.524,0,0.623169,0,0,0.839687,0.216518,1.028160,1,0,25.6015,0,0,0,25.6015,0
44.2949,2.04359,0,0,2.36665,0.146126,0.36288,3.6288,59.3289,0.374931,0,0,0.884078,0.247095,0,0.66528,12.849,1,0.590325,0.36288,0,39.4848,4.99458,34.2628,0.84672,12.849,0.84672,3695.15,0,36.966,0.234645,1.32389,1.83145,5.1611,1.27616,6.80565,0.42336,36.966,0.42336,423.524,0,1.02816,0,0,2.35205,1.32389,1.028160,1,0,41.0684,0,0,0,41.0684,0
44.6384,1.98279,0,0,2.85541,0.166192,0.36288,3.6288,59.5242,0.422944,0,0,0.774075,0.155878,0,0.66528,12.849,1,0.575166,0.36288,0,36.3061,3.94632,32.1475,0.84672,12.849,0.84672,3695.15,0,36.966,0.263523,1.09572,1.75891,4.39578,0.968682,6.01821,0.42336,36.966,0.42336,423.524,0,1.02816,0,0,2.12388,1.09572,1.028160,1,0,38.1657,0,0,0,38.1657,0
45.213,1.98695,0,0,3.11469,0.190242,0.36288,3.6288,59.6577,0.423478,0,0,0.679941,0.122964,0,0.66528,12.849,1,0.571937,0.36288,0,51.8718,3.58176,48.081,0.84672,12.849,0.84672,3695.15,0,36.966,0.26299,1.26824,1.80408,4.82171,0.855235,6.7758,0.42336,36.966,0.42336,423.524,0,1.02816,0,0,2.2964,1.26824,1.028160,1,0,54.8568,0,0,0,54.8568,0
46.2258,1.99334,0,0,3.56047,0.19148,0.36288,3.6288,60.3347,0.423841,0,0,1.22394,0.123069,0,0.66528,12.849,1,0.566483,0.36288,0,68.6745,3.58176,64.8892,0.84672,12.849,0.84672,3695.15,0,36.966,0.262627,1.42712,1.80426,6.62831,0.855235,8.74182,0.42336,36.966,0.42336,423.524,0,1.02816,0,0,2.45528,1.42712,1.028160,1,0,73.631,0,0,0,73.631,0
47.1237,1.84588,0,0,3.30028,0.193663,0.36288,3.6288,61.308,0.326258,0,0,1.496,0.123601,0.0728425,0.66528,12.849,1,0.513085,0.36288,0,86.4579,3.58176,82.7259,0.84672,12.849,0.84672,3695.15,0,36.966,0.199893,1.79024,1.80443,7.09638,0.855235,9.63592,0.42336,36.966,0.42336,423.524,0,1.02816,0,0,2.8184,1.79024,1.028160,1,0,92.4347,0,0,0,92.4347,0
47.5963,1.72829,0,0,2.78329,0.219478,0.36288,3.6288,61.308,0.42823,0,0,1.52244,0.229397,0.864811,0.66528,12.849,1,0.471246,0.36288,0,106.403,4.578,101.717,0.84672,12.849,0.84672,3695.15,0,36.966,0.258203,2.57844,1.64293,9.4646,1.06627,12.3615,0.42336,36.966,0.42336,423.524,0,1.02816,0,0,3.6066,2.57844,1.028160,1,0,114.943,0,0,0,114.943,0
49.9881,1.73265,0,0,4.70798,0.22062,0.36288,3.6288,61.308,0.42823,0,0,1.98292,0.229397,1.3253,0.66528,12.849,1,0.467743,0.36288,0,94.2633,4.578,89.5804,0.84672,12.849,0.84672,3695.15,0,36.966,0.258203,4.02461,1.73689,11.5341,1.06627,15.9711,0.42336,36.966,0.42336,423.524,0,1.02816,0,0,5.05277,4.02461,1.028160,1,0,106.877,0,0,0,106.877,0
52.9005,1.75113,0,0,5.25282,0.226392,0.36288,3.6288,61.308,0.42823,0,0,1.87793,0.229397,1.2203,0.66528,12.849,1,0.450113,0.36288,0,111.834,4.578,107.168,0.84672,12.849,0.84672,3695.15,0,36.966,0.258203,3.80673,1.73705,11.5191,1.06627,15.7384,0.42336,36.966,0.42336,423.524,0,1.02816,0,0,4.83489,3.80673,1.028160,1,0,124.127,0,0,0,124.127,0
58.8326,1.77176,0,0,8.31888,0.252218,0.36288,3.6288,61.308,0.42823,0,0,3.06244,0.213692,2.42052,0.66528,12.849,1,0.430342,0.36288,0,127.391,3.57107,123.752,0.84672,12.849,0.84672,3695.15,0,36.966,0.258204,3.78829,1.73721,16.3374,1.0005,20.6042,0.42336,36.966,0.42336,423.524,0,1.02816,0,0,4.81645,3.78829,1.028160,1,0,146.777,0,0,0,146.777,0
63.2293,1.87184,0,0,6.88105,0.249557,0.36288,3.6288,61.308,0.457219,0,0,2.16403,0.220354,1.48646,0.66528,12.849,1,0.408808,0.36288,0,158.783,3.88746,154.85,0.84672,12.849,0.84672,3695.15,0,36.966,0.275683,3.24671,1.73737,12.8714,1.05756,16.5223,0.42336,36.966,0.42336,423.524,0,1.02816,0,0,4.27487,3.24671,1.028160,1,0,172.859,0,0,0,172.859,0
65.3171,1.93479,0,0,4.62193,0.236529,0.36288,3.6288,61.308,0.428229,0,0,1.17933,0.227763,0.523342,0.66528,12.849,1,0.393174,0.36288,0,94.5432,4.1454,90.3675,0.84672,12.849,0.84672,3695.15,0,36.966,0.258203,2.87423,1.78799,7.3073,1.08504,10.6263,0.42336,36.966,0.42336,423.524,0,1.02816,0,0,3.90239,2.87423,1.028160,1,0,101.517,0,0,0,101.517,0
67.5048,1.946,0,0,4.73711,0.240552,0.36288,3.6288,61.308,0.428229,0,0,1.39189,0.227763,0.735894,0.66528,12.849,1,0.382813,0.36288,0,139.781,4.1454,135.616,0.84672,12.849,0.84672,3695.15,0,36.966,0.258203,2.93782,1.76095,8.49995,1.08504,11.8555,0.42336,36.966,0.42336,423.524,0,1.02816,0,0,3.96598,2.93782,1.028160,1,0,148.207,0,0,0,148.207,0
68.6526,1.95714,0,0,3.71268,0.244768,0.36288,3.6288,61.308,0.428229,0,0,0.959697,0.227763,0.303704,0.66528,12.849,1,0.372526,0.36288,0,100.515,4.1454,96.3601,0.84672,12.849,0.84672,3695.15,0,36.966,0.258203,2.28031,1.76111,5.5107,1.08504,8.20889,0.42336,36.966,0.42336,423.524,0,1.02816,0,0,3.30847,2.28031,1.028160,1,0,104.873,0,0,0,104.873,0
69.337,2.17344,0,0,3.47126,0.250529,0.36288,3.6288,61.308,0.537157,0,0,0.923607,0.221596,0.164854,0.66528,12.849,1,0.406781,0.36288,0,90.4876,4.00743,86.4363,0.84672,12.849,0.84672,3695.15,0,36.966,0.323882,2.17332,1.76127,5.35112,1.0699,7.89194,0.42336,36.966,0.42336,423.524,0,1.02816,0,0,3.20148,2.17332,1.028160,1,0,94.4931,0,0,0,94.4931,0
70.5214,2.3249,0,0,4.14018,0.268092,0.36288,3.6288,61.308,0.428252,0,0,1.23968,0.223382,0.58805,0.66528,12.849,1,0.430833,0.36288,0,77.8905,3.78168,74.0408,0.84672,12.849,0.84672,3695.15,0,36.966,0.258217,2.3416,1.94313,6.82759,1.1399,9.7142,0.42336,36.966,0.42336,423.524,0,1.02816,0,0,3.36976,2.3416,1.028160,1,0,84.3431,0,0,0,84.3431,0
72.0454,2.33182,0,0,4.48927,0.270556,0.36288,3.6288,61.308,0.428252,0,0,1.24273,0.223382,0.591091,0.66528,12.849,1,0.424858,0.36288,0,119.511,3.78168,115.667,0.84672,12.849,0.84672,3695.15,0,36.966,0.258217,2.28743,1.84115,6.77817,1.1399,9.50863,0.42336,36.966,0.42336,423.524,0,1.02816,0,0,3.31559,2.28743,1.028160,1,0,125.767,0,0,0,125.767,0
72.29,2.34024,0,0,4.62743,0.273728,1.76883,3.6288,61.308,0.428252,0,0,1.14325,0.223382,0.491617,0.66528,12.849,1,0.417373,1.76883,0,142.176,3.78168,139.745,0.84672,12.849,0.84672,3695.15,0,36.966,0.258217,2.10763,1.84132,6.72247,1.1399,9.27332,0.42336,36.966,0.42336,423.524,0,1.02816,0,0,3.13579,2.10763,1.028160,1,0,149.51,0,0,0,149.51,0
72.29,2.03958,0,0,3.4071,0.288809,1.07871,3.6288,61.308,0.281947,0,0,0.612522,0.206406,0.124168,0.66528,12.849,1,0.36252,1.07871,0,77.7384,3.75101,74.7036,0.84672,12.849,0.84672,3695.15,0,36.966,0.170002,1.62403,1.8415,5.69076,1.03105,7.95524,0.42336,36.966,0.42336,423.524,0,1.02816,0,0,2.65219,1.62403,1.028160,1,0,82.783,0,0,0,82.783,0
72.29,1.84119,0,0,3.40298,0.257072,1.30472,3.6288,61.308,0.428222,0,0,0.827885,0.168587,0.231076,0.66528,12.849,1,0.327257,1.30472,0,74.3221,3.82195,71.4776,0.84672,12.849,0.84672,3695.15,0,36.966,0.258199,1.34388,1.59369,6.13281,0.880449,7.93173,0.42336,36.966,0.42336,423.524,0,1.02816,0,0,2.37204,1.34388,1.028160,1,0,79.6405,0,0,0,79.6405,0
72.29,1.84188,0,0,3.82873,0.270467,1.71638,3.6288,61.308,0.428222,0,0,0.936533,0.161911,0.3464,0.66528,12.849,1,0.32738,1.71638,0,72.3108,3.81979,69.88,0.84672,12.849,0.84672,3695.15,0,36.966,0.258199,1.51616,1.73105,6.37356,0.887731,8.47485,0.42336,36.966,0.42336,423.524,0,1.02816,0,0,2.54432,1.51616,1.028160,1,0,78.7012,0,0,0,78.7012,0
72.29,1.84258,0,0,5.04236,0.270467,2.92932,3.6288,61.308,0.428222,0,0,1.07025,0.161911,0.480112,0.66528,12.849,1,0.327504,2.92932,0,91.5425,3.81979,90.3245,0.84672,12.849,0.84672,3695.15,0,36.966,0.258199,1.4748,1.7312,6.93023,0.887731,8.9903,0.42336,36.966,0.42336,423.524,0,1.02816,0,0,2.50296,1.4748,1.028160,1,0,99.795,0,0,0,99.795,0
72.29,1.84327,0,0,4.88088,0.284077,2.75354,3.6288,61.308,0.428222,0,0,1.15566,0.170981,0.556458,0.66528,12.849,1,0.327627,2.75354,0,128.519,4.07733,126.868,0.84672,12.849,0.84672,3695.15,0,36.966,0.258199,2.05356,1.73136,7.63638,0.884063,10.279,0.42336,36.966,0.42336,423.524,0,1.02816,0,0,3.08172,2.05356,1.028160,1,0,137.703,0,0,0,137.703,0
72.29,1.92023,0,0,4.33626,0.279195,2.13684,3.6288,61.308,0.464051,0,0,0.980761,0.154912,0.361798,0.66528,12.849,1,0.341306,2.13684,0,81.6268,4.38516,79.0372,0.84672,12.849,0.84672,3695.15,0,36.966,0.279802,1.20245,1.73151,6.32167,0.910204,8.06562,0.42336,36.966,0.42336,423.524,0,1.02816,0,0,2.23061,1.20245,1.028160,1,0,87.4646,0,0,0,87.4646,0
72.29,1.96971,0,0,6.32883,0.269983,4.08914,3.6288,61.308,0.428229,0,0,1.60252,0.143648,1.03064,0.66528,12.849,1,0.3501,4.08914,0,96.9512,4.37094,96.3193,0.84672,12.849,0.84672,3695.15,0,36.966,0.258203,2.64857,1.79287,10.0653,0.922617,13.3259,0.42336,36.966,0.42336,423.524,0,1.02816,0,0,3.67673,2.64857,1.028160,1,0,110.676,0,0,0,110.676,0
72.29,1.97043,0,0,5.57859,0.269983,3.33818,3.6288,61.308,0.428229,0,0,1.5652,0.143648,0.993319,0.66528,12.849,1,0.350229,3.33818,0,84.399,4.37094,83.016,0.84672,12.849,0.84672,3695.15,0,36.966,0.258203,2.3031,1.75943,9.30191,0.922617,12.1836,0.42336,36.966,0.42336,423.524,0,1.02816,0,0,3.33126,2.3031,1.028160,1,0,96.1929,0,0,0,96.1929,0
72.29,1.97115,0,0,4.26416,0.269983,2.02303,3.6288,61.308,0.42823,0,0,1.19027,0.143648,0.618395,0.66528,12.849,1,0.350357,2.02303,0,63.0033,4.37094,60.305,0.84672,12.849,0.84672,3695.15,0,36.966,0.258203,1.39659,1.75959,6.81869,0.922617,8.79404,0.42336,36.966,0.42336,423.524,0,1.02816,0,0,2.42475,1.39659,1.028160,1,0,69.7175,0,0,0,69.7175,0
72.29,1.94203,0,0,4.15531,0.236855,1.97643,3.6288,61.308,0.414302,0,0,1.12578,0.154425,0.557057,0.66528,12.849,1,0.34518,1.97643,0,63.8639,4.08693,61.4082,0.84672,12.849,0.84672,3695.15,0,36.966,0.249806,1.53509,1.75974,6.05712,0.94157,8.16058,0.42336,36.966,0.42336,423.524,0,1.02816,0,0,2.56325,1.53509,1.028160,1,0,70.1258,0,0,0,70.1258,0
72.29,1.92379,0,0,3.3955,0.269929,1.20179,3.6288,61.308,0.428227,0,0,1.05875,0.167979,0.462549,0.66528,12.849,1,0.341938,1.20179,0,52.5852,3.96367,49.4814,0.84672,12.849,0.84672,3695.15,0,36.966,0.258202,1.03417,1.73607,4.89873,0.977641,6.43313,0.42336,36.966,0.42336,423.524,0,1.02816,0,0,2.06233,1.03417,1.028160,1,0,56.3771,0,0,0,56.3771,0
72.29,1.9245,0,0,3.00593,0.269653,0.811775,3.6288,61.308,0.428227,0,0,0.916194,0.195011,0.292956,0.66528,12.849,1,0.342065,0.811775,0,46.211,4.26985,42.4108,0.84672,12.849,0.84672,3695.15,0,36.966,0.258202,0.877643,1.74929,4.42511,1.00395,5.78988,0.42336,36.966,0.42336,423.524,0,1.02816,0,0,1.9058,0.877643,1.028160,1,0,48.4936,0,0,0,48.4936,0
72.29,1.92521,0,0,2.78414,0.19943,0.659506,3.6288,61.308,0.428227,0,0,0.834892,0.22771,0.178955,0.66528,12.849,1,0.342191,0.659506,0,42.4048,4.55815,38.1639,0.84672,12.849,0.84672,3695.15,0,36.966,0.258202,0.734858,1.74944,4.17487,1.02116,5.37981,0.42336,36.966,0.42336,423.524,0,1.02816,0,0,1.76302,0.734858,1.028160,1,0,43.7227,0,0,0,43.7227,0
72.29,2.02731,0,0,2.72038,0.19943,0.493642,3.6288,61.308,0.477659,0,0,0.937017,0.22771,0.231648,0.66528,12.849,1,0.360339,0.493642,0,41.1694,4.55815,36.7446,0.84672,12.849,0.84672,3695.15,0,36.966,0.288007,0.984407,1.7496,4.96995,1.02116,6.39479,0.42336,36.966,0.42336,423.524,0,1.02816,0,0,2.01257,0.984407,1.028160,1,0,43.371,0,0,0,43.371,0
72.2653,2.09532,0,0,2.62702,0.193481,0.36288,3.6288,61.308,0.428237,0,0,0.837389,0.238754,0.170398,0.66528,12.849,1,0.372428,0.36288,0,42.4037,4.82612,37.568,0.84672,12.849,0.84672,3695.15,0,36.966,0.258208,0.817258,1.83336,3.77506,1.03075,5.13671,0.42336,36.966,0.42336,423.524,0,1.02816,0,0,1.84542,0.817258,1.028160,1,0,42.8751,0,0,0,42.8751,0
72.1601,2.09596,0,0,2.54708,0.193444,0.36288,3.6288,61.308,0.428237,0,0,0.765781,0.238754,0.0987893,0.66528,12.849,1,0.372669,0.36288,0,38.9833,4.82612,34.1474,0.84672,12.849,0.84672,3695.15,0,36.966,0.258208,0.612991,1.78716,3.51124,1.03075,4.62242,0.42336,36.966,0.42336,423.524,0,1.02816,0,0,1.64115,0.612991,1.028160,1,0,38.8686,0,0,0,38.8686,0
71.8033,2.09625,0,0,2.26682,0.164526,0.36288,3.6288,61.308,0.428237,0,0,0.726866,0.257641,0.040988,0.66528,12.849,1,0.373263,0.36288,0,34.4874,5.04032,29.4367,0.84672,12.849,0.84672,3695.15,0,36.966,0.258208,0.543957,1.78733,3.41569,1.08548,4.40328,0.42336,36.966,0.42336,423.524,0,1.02816,0,0,1.57212,0.543957,1.028160,1,0,33.881,0,0,0,33.881,0
71.3486,2.09542,0,0,2.14616,0.142565,0.36288,3.6288,61.3045,0.428237,0,0,0.696574,0.271806,0,0.66528,12.849,1,0.37497,0.36288,0,32.8609,5.20096,27.6479,0.84672,12.849,0.84672,3695.15,0,36.966,0.258208,0.45112,1.78749,3.37798,1.12653,4.23185,0.42336,36.966,0.42336,423.524,0,1.02816,0,0,1.47928,0.45112,1.028160,1,0,31.8797,0,0,0,31.8797,0
70.5639,2.07411,0,0,1.78018,0.127863,0.36288,3.6288,61.308,0.455425,0,0,0.750116,0.280759,0.0104628,0.66528,12.849,1,0.373522,0.36288,0,30.7642,5.31211,25.4414,0.84672,12.849,0.84672,3695.15,0,36.966,0.274617,1.06053,1.78766,3.46067,1.24592,4.78831,0.42336,36.966,0.42336,423.524,0,1.02816,0,0,2.08869,1.06053,1.028160,1,0,30.2402,0,0,0,30.2402,0
69.5952,2.10822,0,0,1.62386,0.121447,0.36288,3.6288,61.308,0.428243,0,0,0.741753,0.284349,0.02916,0.66528,12.849,1,0.383886,0.36288,0,30.2826,5.35657,24.905,0.84672,12.849,0.84672,3695.15,0,36.966,0.258212,1.17925,1.81707,3.45457,1.29368,4.89899,0.42336,36.966,0.42336,423.524,0,1.02816,0,0,2.20741,1.17925,1.028160,1,0,29.8332,0,0,0,29.8332,0
68.4996,2.10446,0,0,1.49229,0.120542,0.36288,3.6288,61.308,0.428243,0,0,0.720446,0.284349,0.00785383,0.66528,12.849,1,0.388535,0.36288,0,29.8043,5.35657,24.4221,0.84672,12.849,0.84672,3695.15,0,36.966,0.258212,1.18017,1.79173,3.48348,1.29368,4.9035,0.42336,36.966,0.42336,423.524,0,1.02816,0,0,2.20833,1.18017,1.028160,1,0,29.3334,0,0,0,29.3334,0
67.2756,2.09997,0,0,1.35835,0.119519,0.36288,3.6288,61.2692,0.428243,0,0,0.673834,0.284349,0,0.66528,12.849,1,0.393908,0.36288,0,28.6121,5.35657,23.2244,0.84672,12.849,0.84672,3695.15,0,36.966,0.258212,0.885237,1.7919,3.27242,1.29368,4.39766,0.42336,36.966,0.42336,423.524,0,1.02816,0,0,1.9134,0.885237,1.028160,1,0,27.6221,0,0,0,27.6221,0
66.0068,2.146,0,0,1.34463,0.104579,0.36288,3.6288,61.2127,0.452395,0,0,0.708005,0.312112,0,0.66528,12.849,1,0.409865,0.36288,0,25.2347,5.57708,19.6106,0.84672,12.849,0.84672,3695.15,0,36.966,0.272947,0.842149,1.79206,3.02579,1.4012,3.98585,0.42336,36.966,0.42336,423.524,0,1.02816,0,0,1.87031,0.842149,1.028160,1,0,23.5965,0,0,0,23.5965,0
64.6842,2.17271,0,0,1.29827,0.0852493,0.36288,3.6288,61.0088,0.427998,0,0,0.567211,0.343187,0,0.66528,12.849,1,0.422943,0.36288,0,29.9767,5.6343,24.2824,0.84672,12.849,0.84672,3695.15,0,36.966,0.258465,0.656891,1.83372,2.68968,1.48969,3.43214,0.42336,36.966,0.42336,423.524,0,1.02816,0,0,1.68505,0.656891,1.028160,1,0,27.7145,0,0,0,27.7145,0
63.2864,2.16625,0,0,1.21565,0.084351,0.36288,3.6288,60.766,0.42746,0,0,0.527485,0.342744,0,0.66528,12.849,1,0.430308,0.36288,0,24.0684,5.6343,18.3667,0.84672,12.849,0.84672,3695.15,0,36.966,0.259004,0.625657,1.81114,2.42452,1.48969,3.11263,0.42336,36.966,0.42336,423.524,0,1.02816,0,0,1.65382,0.625657,1.028160,1,0,21.4794,0,0,0,21.4794,0
61.7878,2.1591,0,0,1.10682,0.0834016,0.36288,3.6288,60.4978,0.426817,0,0,0.500778,0.342217,0,0.66528,12.849,1,0.438362,0.36288,0,21.9353,5.6343,16.2255,0.84672,12.849,0.84672,3695.15,0,36.966,0.259647,0.371166,1.81131,2.26155,1.48969,2.69469,0.42336,36.966,0.42336,423.524,0,1.02816,0,0,1.39933,0.371166,1.028160,1,0,18.9202,0,0,0,18.9202,0
60.3543,2.2993,0,0,1.29944,0.0707863,0.36288,3.6288,60.279,0.5133,0,0,0.6256,0.331108,0,0.66528,12.849,1,0.478148,0.36288,0,22.9293,5.80915,17.0049,0.84672,12.849,0.84672,3695.15,0,36.966,0.313642,0.999812,1.81148,3.43532,1.53753,4.39545,0.42336,36.966,0.42336,423.524,0,1.02816,0,0,2.02797,0.999812,1.028160,1,0,21.4004,0,0,0,21.4004,0
58.7362,2.35884,0,0,1.1794,0.0758031,0.36288,3.6288,60.0049,0.461394,0,0,0.517181,0.329906,0,0.66528,12.849,1,0.502181,0.36288,0,20.6874,5.85371,14.6944,0.84672,12.849,0.84672,3695.15,0,36.966,0.28295,0.533563,1.95375,2.41784,1.48432,3.13789,0.42336,36.966,0.42336,423.524,0,1.02816,0,0,1.56172,0.533563,1.028160,1,0,17.8323,0,0,0,17.8323,0
57.2525,2.34799,0,0,1.29846,0.0712797,0.36288,3.6288,59.8126,0.460826,0,0,0.604056,0.335535,0,0.66528,12.849,1,0.51364,0.36288,0,24.6491,5.93859,18.5598,0.84672,12.849,0.84672,3695.15,0,36.966,0.283892,0.798561,1.90559,2.37876,1.48806,3.31096,0.42336,36.966,0.42336,423.524,0,1.02816,0,0,1.82672,0.798561,1.028160,1,0,21.8708,0,0,0,21.8708,0
55.5113,2.33761,0,0,1.02955,0.0702559,0.36288,3.6288,59.4703,0.460492,0,0,0.4534,0.335123,0,0.66528,12.849,1,0.524622,0.36288,0,27.0658,5.93859,20.9655,0.84672,12.849,0.84672,3695.15,0,36.966,0.284598,0.343811,1.90599,1.90996,1.48806,2.38711,0.42336,36.966,0.42336,423.524,0,1.02816,0,0,1.37197,0.343811,1.028160,1,0,23.3526,0,0,0,23.3526,0
54.006,2.32473,0,0,1.25137,0.0690545,0.36288,3.6288,59.4052,0.459713,0,0,0.728945,0.334391,0,0.66528,12.849,1,0.538098,0.36288,0,23.5931,5.93859,17.4793,0.84672,12.849,0.84672,3695.15,0,36.966,0.285752,1.24648,1.9064,2.75201,1.48806,4.13108,0.42336,36.966,0.42336,423.524,0,1.02816,0,0,2.27464,1.24648,1.028160,1,0,21.6103,0,0,0,21.6103,0
52.7085,2.24253,0,0,1.36438,0.0564382,0.36288,3.6288,59.4104,0.407135,0,0,0.769673,0.357362,0,0.66528,12.849,1,0.533538,0.36288,0,32.1866,6.32547,25.6905,0.84672,12.849,0.84672,3695.15,0,36.966,0.253348,1.56336,1.9068,4.20141,1.58896,5.82926,0.42336,36.966,0.42336,423.524,0,1.02816,0,0,2.59152,1.56336,1.028160,1,0,31.5197,0,0,0,31.5197,0
51.7693,2.21183,0,0,1.71619,0.0807398,0.36288,3.6288,59.6865,0.423172,0,0,1.04672,0.347436,0,0.66528,12.849,1,0.539188,0.36288,0,32.8748,6.39477,26.3037,0.84672,12.849,0.84672,3695.15,0,36.966,0.263304,2.41428,1.82488,5.13906,1.58878,7.52615,0.42336,36.966,0.42336,423.524,0,1.02816,0,0,3.44244,2.41428,1.028160,1,0,33.8298,0,0,0,33.8298,0
51.5129,2.20475,0,0,2.41619,0.104927,0.36288,3.6288,60.071,0.423924,0,0,1.13601,0.327559,0,0.66528,12.849,1,0.547212,0.36288,0,36.6932,6.22912,30.2798,0.84672,12.849,0.84672,3695.15,0,36.966,0.262552,2.86597,1.84027,4.57932,1.53188,7.49112,0.42336,36.966,0.42336,423.524,0,1.02816,0,0,3.89413,2.86597,1.028160,1,0,37.7709,0,0,0,37.7709,0
52.1594,2.20332,0,0,3.31731,0.104648,0.36288,3.6288,61.1551,0.424965,0,0,1.83742,0.328364,0,0.66528,12.849,1,0.549579,0.36288,0,70.494,6.22912,64.0782,0.84672,12.849,0.84672,3695.15,0,36.966,0.261511,5.39933,1.84044,8.12601,1.53188,13.5724,0.42336,36.966,0.42336,423.524,0,1.02816,0,0,6.42749,5.39933,1.028160,1,0,77.6506,0,0,0,77.6506,0
51.9999,2.15195,0,0,2.47624,0.120893,0.36288,3.6288,61.308,0.379389,0,0,1.41798,0.306292,0.579386,0.66528,12.849,1,0.530114,0.36288,0,74.6176,5.81835,68.632,0.84672,12.849,0.84672,3695.15,0,36.966,0.229327,3.7912,1.84062,5.01085,1.4604,8.95294,0.42336,36.966,0.42336,423.524,0,1.02816,0,0,4.81936,3.7912,1.028160,1,0,78.1644,0,0,0,78.1644,0
51.1427,2.08904,0,0,1.70325,0.108569,0.36288,3.6288,61.308,0.428246,0,0,0.843819,0.200105,0.215467,0.66528,12.849,1,0.516194,0.36288,0,40.6637,3.44473,37.0657,0.84672,12.849,0.84672,3695.15,0,36.966,0.258213,0.846349,1.76727,3.77578,0.990678,5.14051,0.42336,36.966,0.42336,423.524,0,1.02816,0,0,1.87451,0.846349,1.028160,1,0,42.4217,0,0,0,42.4217,0
52.0401,2.08285,0,0,3.45075,0.107605,0.36288,3.6288,61.308,0.428246,0,0,1.83719,0.200105,1.20884,0.66528,12.849,1,0.523292,0.36288,0,64.4147,3.44473,60.8096,0.84672,12.849,0.84672,3695.15,0,36.966,0.258213,3.10013,1.81294,7.93521,0.990678,11.5994,0.42336,36.966,0.42336,423.524,0,1.02816,0,0,4.12829,3.10013,1.028160,1,0,73.6178,0,0,0,73.6178,0
51.7695,2.09082,0,0,2.29179,0.108614,0.36288,3.6288,61.308,0.428246,0,0,1.77414,0.200105,1.14579,0.66528,12.849,1,0.516235,0.36288,0,39.6458,3.44473,36.0477,0.84672,12.849,0.84672,3695.15,0,36.966,0.258214,3.22653,1.81311,5.91012,0.990678,9.70087,0.42336,36.966,0.42336,423.524,0,1.02816,0,0,4.25469,3.22653,1.028160,1,0,46.8943,0,0,0,46.8943,0
52.6837,1.92594,0,0,3.35583,0.152836,0.36288,3.6288,61.308,0.327129,0,0,1.40181,0.217351,0.857326,0.66528,12.849,1,0.478011,0.36288,0,77.3498,3.73468,73.5,0.84672,12.849,0.84672,3695.15,0,36.966,0.197244,2.23685,1.81328,10.865,1.05837,13.6595,0.42336,36.966,0.42336,423.524,0,1.02816,0,0,3.26501,2.23685,1.028160,1,0,88.0168,0,0,0,88.0168,0
53.3032,1.803,0,0,2.9788,0.193435,0.36288,3.6288,61.308,0.428225,0,0,1.19968,0.232371,0.539082,0.66528,12.849,1,0.439732,0.36288,0,66.343,4.29203,61.9741,0.84672,12.849,0.84672,3695.15,0,36.966,0.258201,2.50296,1.64999,6.77613,1.08039,9.59048,0.42336,36.966,0.42336,423.524,0,1.02816,0,0,3.53112,2.50296,1.028160,1,0,72.1037,0,0,0,72.1037,0
57.3785,1.80779,0,0,6.44423,0.198218,0.36288,3.6288,61.308,0.428225,0,0,2.76501,0.233725,2.10306,0.66528,12.849,1,0.435776,0.36288,0,123.071,4.36559,118.632,0.84672,12.849,0.84672,3695.15,0,36.966,0.258201,6.16356,1.74498,9.10094,1.07955,15.6717,0.42336,36.966,0.42336,423.524,0,1.02816,0,0,7.19172,6.16356,1.028160,1,0,136.407,0,0,0,136.407,0
60.6147,1.83376,0,0,5.63274,0.199918,0.36288,3.6288,61.308,0.428225,0,0,1.01277,0.23076,0.353787,0.66528,12.849,1,0.410641,0.36288,0,77.4066,4.21378,73.1451,0.84672,12.849,0.84672,3695.15,0,36.966,0.258201,2.67206,1.74513,6.70718,1.05439,9.81178,0.42336,36.966,0.42336,423.524,0,1.02816,0,0,3.70022,2.67206,1.028160,1,0,83.3106,0,0,0,83.3106,0
63.112,1.85254,0,0,4.90197,0.189291,0.36288,3.6288,61.308,0.428225,0,0,1.45124,0.22335,0.799668,0.66528,12.849,1,0.392697,0.36288,0,59.1056,3.83429,55.2415,0.84672,12.849,0.84672,3695.15,0,36.966,0.258201,2.64956,1.74529,5.73685,0.991494,8.882,0.42336,36.966,0.42336,423.524,0,1.02816,0,0,3.67772,2.64956,1.028160,1,0,64.9232,0,0,0,64.9232,0
67.0297,1.9314,0,0,6.44063,0.228681,0.36288,3.6288,61.308,0.457533,0,0,2.16713,0.243616,1.46598,0.66528,12.849,1,0.393214,0.36288,0,89.3169,4.42905,84.8575,0.84672,12.849,0.84672,3695.15,0,36.966,0.275872,3.12415,1.74545,7.82371,1.13393,11.2835,0.42336,36.966,0.42336,423.524,0,1.02816,0,0,4.15231,3.12415,1.028160,1,0,97.607,0,0,0,97.607,0
71.4125,1.9908,0,0,7.02128,0.284771,0.36288,3.6288,61.308,0.428224,0,0,3.3302,0.270638,2.63134,0.66528,12.849,1,0.38162,0.36288,0,138.769,5.22207,133.528,0.84672,12.849,0.84672,3695.15,0,36.966,0.2582,4.5042,1.79662,12.0923,1.32384,16.8111,0.42336,36.966,0.42336,423.524,0,1.02816,0,0,5.53236,4.5042,1.028160,1,0,152.97,0,0,0,152.97,0
72.29,2.01136,0,0,13.2465,0.294634,10.063,3.6288,61.308,0.428224,0,0,5.15828,0.270638,4.45942,0.66528,12.849,1,0.361897,10.063,0,379.594,5.22207,384.073,0.84672,12.849,0.84672,3695.15,0,36.966,0.2582,4.57067,1.76928,21.1369,1.32384,25.8948,0.42336,36.966,0.42336,423.524,0,1.02816,0,0,5.59883,4.57067,1.028160,1,0,414.427,0,0,0,414.427,0
72.29,2.01579,0,0,6.05714,0.296609,3.74474,3.6288,61.308,0.428225,0,0,2.25939,0.270638,1.56052,0.66528,12.849,1,0.358292,3.74474,0,154.161,5.22207,152.325,0.84672,12.849,0.84672,3695.15,0,36.966,0.2582,2.67888,1.76944,9.13576,1.32384,12.002,0.42336,36.966,0.42336,423.524,0,1.02816,0,0,3.70704,2.67888,1.028160,1,0,165.888,0,0,0,165.888,0
72.29,2.23085,0,0,4.54893,0.290897,2.02718,3.6288,61.308,0.538347,0,0,1.73372,0.223231,0.972142,0.66528,12.849,1,0.396516,2.02718,0,104.725,4.80909,101.546,0.84672,12.849,0.84672,3695.15,0,36.966,0.3246,2.13629,1.76959,7.09361,1.12362,9.55128,0.42336,36.966,0.42336,423.524,0,1.02816,0,0,3.16445,2.13629,1.028160,1,0,112.07,0,0,0,112.07,0
72.29,2.38148,0,0,3.91642,0.315757,1.21918,3.6288,61.308,0.428247,0,0,2.09345,0.248448,1.41675,0.66528,12.849,1,0.423289,1.21918,0,110.694,4.10676,107.383,0.84672,12.849,0.84672,3695.15,0,36.966,0.258214,2.03605,1.95344,6.46167,1.28007,8.91287,0.42336,36.966,0.42336,423.524,0,1.02816,0,0,3.06421,2.03605,1.028160,1,0,117.713,0,0,0,117.713,0
72.29,2.38226,0,0,5.63975,0.315757,2.94174,3.6288,61.308,0.428247,0,0,2.32166,0.248448,1.64497,0.66528,12.849,1,0.423428,2.94174,0,125.448,4.10676,123.86,0.84672,12.849,0.84672,3695.15,0,36.966,0.258214,2.38044,1.85033,8.24287,1.28007,10.9354,0.42336,36.966,0.42336,423.524,0,1.02816,0,0,3.4086,2.38044,1.028160,1,0,136.44,0,0,0,136.44,0
72.29,2.38304,0,0,6.94964,0.315757,4.25084,3.6288,61.308,0.428247,0,0,3.23594,0.248448,2.55924,0.66528,12.849,1,0.423567,4.25084,0,175.581,4.10676,175.302,0.84672,12.849,0.84672,3695.15,0,36.966,0.258214,2.53969,1.8505,11.2249,1.28007,14.0768,0.42336,36.966,0.42336,423.524,0,1.02816,0,0,3.56785,2.53969,1.028160,1,0,191.938,0,0,0,191.938,0
72.29,2.07784,0,0,6.1173,0.317513,3.72195,3.6288,61.308,0.280341,0,0,2.56468,0.239301,2.04504,0.66528,12.849,1,0.36932,3.72195,0,169.093,4.01432,168.432,0.84672,12.849,0.84672,3695.15,0,36.966,0.169033,2.29872,1.85067,14.8757,1.25556,17.6005,0.42336,36.966,0.42336,423.524,0,1.02816,0,0,3.32688,2.29872,1.028160,1,0,188.077,0,0,0,188.077,0
72.29,1.87725,0,0,5.04477,0.295651,2.87186,3.6288,61.308,0.428217,0,0,2.96443,0.163813,2.3724,0.66528,12.849,1,0.333667,2.87186,0,176.382,3.00804,175.912,0.84672,12.849,0.84672,3695.15,0,36.966,0.258196,3.19637,1.60014,11.5442,0.798803,15.2838,0.42336,36.966,0.42336,423.524,0,1.02816,0,0,4.22453,3.19637,1.028160,1,0,193.568,0,0,0,193.568,0
72.29,1.87793,0,0,4.25141,0.295651,2.07783,3.6288,61.308,0.428217,0,0,2.70264,0.163813,2.11061,0.66528,12.849,1,0.333788,2.07783,0,139.264,3.00804,138,0.84672,12.849,0.84672,3695.15,0,36.966,0.258196,2.61857,1.73901,9.79551,0.798803,13.0961,0.42336,36.966,0.42336,423.524,0,1.02816,0,0,3.64673,2.61857,1.028160,1,0,153.207,0,0,0,153.207,0
72.29,1.87861,0,0,4.37853,0.295651,2.20427,3.6288,61.308,0.428217,0,0,2.50839,0.163813,1.91636,0.66528,12.849,1,0.333908,2.20427,0,136.044,3.00804,134.906,0.84672,12.849,0.84672,3695.15,0,36.966,0.258196,3.17081,1.73915,10.9667,0.798803,14.8196,0.42336,36.966,0.42336,423.524,0,1.02816,0,0,4.19897,3.17081,1.028160,1,0,151.642,0,0,0,151.642,0
72.29,1.87928,0,0,5.83406,0.295651,3.65912,3.6288,61.308,0.428217,0,0,2.97638,0.163813,2.38435,0.66528,12.849,1,0.334028,3.65912,0,190.711,3.00804,191.028,0.84672,12.849,0.84672,3695.15,0,36.966,0.258196,3.4409,1.7393,12.495,0.798803,16.6182,0.42336,36.966,0.42336,423.524,0,1.02816,0,0,4.46906,3.4409,1.028160,1,0,210.03,0,0,0,210.03,0
72.29,1.95706,0,0,4.64038,0.317705,2.36562,3.6288,61.308,0.464437,0,0,2.44599,0.138139,1.84342,0.66528,12.849,1,0.347852,2.36562,0,130.885,2.90763,129.995,0.84672,12.849,0.84672,3695.15,0,36.966,0.280035,2.92025,1.73945,9.33673,0.709592,13.0068,0.42336,36.966,0.42336,423.524,0,1.02816,0,0,3.94841,2.92025,1.028160,1,0,144.845,0,0,0,144.845,0
72.29,2.00705,0,0,5.02507,0.336636,2.68138,3.6288,61.308,0.428225,0,0,3.03828,0.138929,2.47113,0.66528,12.849,1,0.356738,2.68138,0,130.969,3.14612,130.148,0.84672,12.849,0.84672,3695.15,0,36.966,0.2582,2.68313,1.80148,8.21638,0.696426,11.7464,0.42336,36.966,0.42336,423.524,0,1.02816,0,0,3.71129,2.68313,1.028160,1,0,144.365,0,0,0,144.365,0
72.29,2.00775,0,0,3.77808,0.336636,1.43369,3.6288,61.308,0.428225,0,0,1.87072,0.138929,1.30357,0.66528,12.849,1,0.356863,1.43369,0,81.5124,3.14612,79.4431,0.84672,12.849,0.84672,3695.15,0,36.966,0.2582,1.66054,1.76766,6.68295,0.696426,9.15653,0.42336,36.966,0.42336,423.524,0,1.02816,0,0,2.6887,1.66054,1.028160,1,0,89.9032,0,0,0,89.9032,0
72.29,2.00846,0,0,3.56421,0.336636,1.21912,3.6288,61.308,0.428225,0,0,2.02954,0.138929,1.46239,0.66528,12.849,1,0.356988,1.21912,0,94.0663,3.14612,91.7823,0.84672,12.849,0.84672,3695.15,0,36.966,0.258201,1.67714,1.76782,6.72201,0.696426,9.21234,0.42336,36.966,0.42336,423.524,0,1.02816,0,0,2.7053,1.67714,1.028160,1,0,102.457,0,0,0,102.457,0
72.29,1.97899,0,0,3.37761,0.270909,1.12771,3.6288,61.308,0.414146,0,0,1.76899,0.177673,1.17717,0.66528,12.849,1,0.351751,1.12771,0,91.7015,3.44477,89.0327,0.84672,12.849,0.84672,3695.15,0,36.966,0.249712,1.43472,1.76797,6.49493,0.799408,8.6485,0.42336,36.966,0.42336,423.524,0,1.02816,0,0,2.46288,1.43472,1.028160,1,0,98.8584,0,0,0,98.8584,0
72.29,1.96053,0,0,3.57057,0.231583,1.37847,3.6288,61.308,0.428222,0,0,2.12946,0.207925,1.49331,0.66528,12.849,1,0.348469,1.37847,0,84.2581,3.37701,81.9111,0.84672,12.849,0.84672,3695.15,0,36.966,0.258199,1.82051,1.74403,5.94776,0.896561,8.35754,0.42336,36.966,0.42336,423.524,0,1.02816,0,0,2.84867,1.82051,1.028160,1,0,91.762,0,0,0,91.762,0
72.29,1.96122,0,0,3.64376,0.231583,1.45096,3.6288,61.308,0.428222,0,0,1.8327,0.207925,1.19655,0.66528,12.849,1,0.348592,1.45096,0,81.3396,3.37701,79.0649,0.84672,12.849,0.84672,3695.15,0,36.966,0.258199,1.31774,1.75739,5.88253,0.896561,7.8029,0.42336,36.966,0.42336,423.524,0,1.02816,0,0,2.3459,1.31774,1.028160,1,0,88.0644,0,0,0,88.0644,0
72.29,1.96192,0,0,3.72686,0.201172,1.56378,3.6288,61.308,0.428222,0,0,1.79222,0.222761,1.14124,0.66528,12.849,1,0.348716,1.56378,0,84.2936,4.54664,80.962,0.84672,12.849,0.84672,3695.15,0,36.966,0.258199,1.42121,1.75754,7.31588,0.942673,9.29376,0.42336,36.966,0.42336,423.524,0,1.02816,0,0,2.44937,1.42121,1.028160,1,0,91.397,0,0,0,91.397,0
72.29,2.0651,0,0,3.00409,0.143338,0.795656,3.6288,61.308,0.478191,0,0,1.70116,0.242731,0.980234,0.66528,12.849,1,0.367056,0.795656,0,54.71,5.25316,49.8855,0.84672,12.849,0.84672,3695.15,0,36.966,0.288328,1.25894,1.7577,5.52578,1.06253,7.19156,0.42336,36.966,0.42336,423.524,0,1.02816,0,0,2.2871,1.25894,1.028160,1,0,58.0573,0,0,0,58.0573,0
72.29,2.13382,0,0,3.02589,0.204864,0.687205,3.6288,61.308,0.428232,0,0,1.65919,0.202047,1.02891,0.66528,12.849,1,0.379271,0.687205,0,60.1431,4.52551,55.9255,0.84672,12.849,0.84672,3695.15,0,36.966,0.258205,1.07345,1.84235,5.23439,0.928552,6.96344,0.42336,36.966,0.42336,423.524,0,1.02816,0,0,2.10161,1.07345,1.028160,1,0,63.9179,0,0,0,63.9179,0
72.29,2.13455,0,0,3.11373,0.12581,0.853363,3.6288,61.308,0.428232,0,0,1.64284,0.227305,0.987307,0.66528,12.849,1,0.379401,0.853363,0,64.8389,4.82783,60.485,0.84672,12.849,0.84672,3695.15,0,36.966,0.258205,1.20787,1.79565,5.59953,0.984767,7.36008,0.42336,36.966,0.42336,423.524,0,1.02816,0,0,2.23603,1.20787,1.028160,1,0,68.8324,0,0,0,68.8324,0
72.29,2.13528,0,0,2.73707,0.109974,0.491817,3.6288,61.308,0.428232,0,0,1.35324,0.232937,0.69207,0.66528,12.849,1,0.37953,0.491817,0,58.2889,4.9034,53.4978,0.84672,12.849,0.84672,3695.15,0,36.966,0.258205,0.891475,1.79581,4.76916,0.999971,6.19827,0.42336,36.966,0.42336,423.524,0,1.02816,0,0,1.91964,0.891475,1.028160,1,0,60.3881,0,0,0,60.3881,0
72.29,2.13601,0,0,2.60902,0.109974,0.363034,3.6288,61.308,0.428232,0,0,1.08483,0.232937,0.42366,0.66528,12.849,1,0.37966,0.363034,0,53.9393,4.9034,49.0193,0.84672,12.849,0.84672,3695.15,0,36.966,0.258205,0.703935,1.79597,4.54363,0.999971,5.78536,0.42336,36.966,0.42336,423.524,0,1.02816,0,0,1.7321,0.703935,1.028160,1,0,55.2283,0,0,0,55.2283,0
72.29,2.11645,0,0,2.93062,0.0978374,0.716328,3.6288,61.308,0.455724,0,0,0.952016,0.291998,0.204293,0.66528,12.849,1,0.376184,0.716328,0,42.7545,5.49416,37.6005,0.84672,12.849,0.84672,3695.15,0,36.966,0.274781,0.635386,1.79614,3.86277,1.22298,4.79653,0.42336,36.966,0.42336,423.524,0,1.02816,0,0,1.66355,0.635386,1.028160,1,0,42.6013,0,0,0,42.6013,0
72.29,2.1546,0,0,2.9317,0.0785504,0.698552,3.6288,61.308,0.428238,0,0,0.883328,0.31438,0.140709,0.66528,12.849,1,0.382963,0.698552,0,43.3296,5.55471,38.0905,0.84672,12.849,0.84672,3695.15,0,36.966,0.258209,0.697689,1.82586,3.82483,1.31457,4.7756,0.42336,36.966,0.42336,423.524,0,1.02816,0,0,1.72585,0.697689,1.028160,1,0,43.0068,0,0,0,43.0068,0
72.29,2.15533,0,0,2.60253,0.0785504,0.368651,3.6288,61.308,0.428238,0,0,0.776961,0.31438,0.034342,0.66528,12.849,1,0.383094,0.368651,0,50.6215,5.55471,45.0523,0.84672,12.849,0.84672,3695.15,0,36.966,0.258209,0.564382,1.80024,4.02463,1.31457,4.81648,0.42336,36.966,0.42336,423.524,0,1.02816,0,0,1.59254,0.564382,1.028160,1,0,49.9032,0,0,0,49.9032,0
72.1105,2.15606,0,0,2.41803,0.0785504,0.36288,3.6288,61.3074,0.428238,0,0,0.741969,0.31438,0,0.66528,12.849,1,0.383224,0.36288,0,46.728,5.55471,41.1529,0.84672,12.849,0.84672,3695.15,0,36.966,0.258209,0.524388,1.80041,3.77006,1.31457,4.52207,0.42336,36.966,0.42336,423.524,0,1.02816,0,0,1.55255,0.524388,1.028160,1,0,45.675,0,0,0,45.675,0
71.8247,2.20841,0,0,2.35496,0.0695489,0.36288,3.6288,61.2199,0.452757,0,0,0.689299,0.32396,0,0.66528,12.849,1,0.393504,0.36288,0,44.2114,5.73762,38.4432,0.84672,12.849,0.84672,3695.15,0,36.966,0.272995,0.452451,1.80057,3.67682,1.37578,4.28106,0.42336,36.966,0.42336,423.524,0,1.02816,0,0,1.48061,0.452451,1.028160,1,0,42.7242,0,0,0,42.7242,0
72.0321,2.24116,0,0,2.86102,0.0495172,0.36288,3.6288,61.1409,0.428012,0,0,0.675821,0.32686,0,0.66528,12.849,1,0.400931,0.36288,0,42.1155,6.07499,36.0025,0.84672,12.849,0.84672,3695.15,0,36.966,0.258443,0.579122,1.84267,3.71209,1.4858,4.38964,0.42336,36.966,0.42336,423.524,0,1.02816,0,0,1.60728,0.579122,1.028160,1,0,40.3921,0,0,0,40.3921,0
71.9502,2.24289,0,0,2.57344,0.0495954,0.36288,3.6288,61.0203,0.427804,0,0,0.633891,0.326696,0,0.66528,12.849,1,0.400085,0.36288,0,39.6916,6.07499,33.5795,0.84672,12.849,0.84672,3695.15,0,36.966,0.258652,0.527792,1.81984,3.78956,1.4858,4.39274,0.42336,36.966,0.42336,423.524,0,1.02816,0,0,1.55595,0.527792,1.028160,1,0,37.9722,0,0,0,37.9722,0
71.6364,2.24326,0,0,2.34195,0.0495645,0.36288,3.6288,60.8745,0.427485,0,0,0.608127,0.326447,0,0.66528,12.849,1,0.400605,0.36288,0,37.2804,6.07499,31.1677,0.84672,12.849,0.84672,3695.15,0,36.966,0.25897,0.380808,1.82001,3.52302,1.4858,3.97906,0.42336,36.966,0.42336,423.524,0,1.02816,0,0,1.40897,0.380808,1.028160,1,0,35.1467,0,0,0,35.1467,0
70.8701,2.396,0,0,2.02652,0.0339707,0.36288,3.6288,60.6314,0.515442,0,0,0.605578,0.333192,0,0.66528,12.849,1,0.429756,0.36288,0,35.5697,6.3168,29.186,0.84672,12.849,0.84672,3695.15,0,36.966,0.313002,0.365351,1.82017,3.57004,1.51585,3.92671,0.42336,36.966,0.42336,423.524,0,1.02816,0,0,1.39351,0.365351,1.028160,1,0,33.1127,0,0,0,33.1127,0
69.8873,2.44794,0,0,1.84156,0.0135321,0.36288,3.6288,60.3368,0.474246,0,0,0.471874,0.292273,0,0.66528,12.849,1,0.44382,0.36288,0,30.9226,5.76384,25.0778,0.84672,12.849,0.84672,3695.15,0,36.966,0.28914,0.381525,1.96396,3.5959,1.38651,4.26574,0.42336,36.966,0.42336,423.524,0,1.02816,0,0,1.40969,0.381525,1.028160,1,0,29.3435,0,0,0,29.3435,0
68.9646,2.44317,0,0,1.88497,0.00162027,0.36288,3.6288,59.9871,0.473597,0,0,0.404302,0.280362,0,0.66528,12.849,1,0.449183,0.36288,0,27.769,5.59041,22.0922,0.84672,12.849,0.84672,3695.15,0,36.966,0.290154,0.333055,1.92606,3.70326,1.38815,4.28407,0.42336,36.966,0.42336,423.524,0,1.02816,0,0,1.36121,0.333055,1.028160,1,0,26.3763,0,0,0,26.3763,0
68.9001,2.4386,0,0,2.73856,0.00160872,0.36288,3.6288,59.6992,0.472776,0,0,0.464556,0.279739,0,0.66528,12.849,1,0.454342,0.36288,0,31.6271,5.59041,25.9452,0.84672,12.849,0.84672,3695.15,0,36.966,0.29134,0.574992,1.92646,4.10589,1.38815,4.92785,0.42336,36.966,0.42336,423.524,0,1.02816,0,0,1.60315,0.574992,1.028160,1,0,30.873,0,0,0,30.873,0
70.0141,2.43873,0,0,3.94714,0.0315273,0.36288,3.6288,59.572,0.472133,0,0,0.614913,0.269943,0,0.66528,12.849,1,0.454793,0.36288,0,51.6013,5.459,46.0504,0.84672,12.849,0.84672,3695.15,0,36.966,0.292347,0.709655,1.92685,4.5711,1.36163,5.55362,0.42336,36.966,0.42336,423.524,0,1.02816,0,0,1.73782,0.709655,1.028160,1,0,51.604,0,0,0,51.604,0
69.5767,2.37073,0,0,2.30554,0.00931753,0.36288,3.6288,59.3239,0.418737,0,0,0.439176,0.268553,0,0.66528,12.849,1,0.435077,0.36288,0,43.1089,5.42985,37.6069,0.84672,12.849,0.84672,3695.15,0,36.966,0.259838,0.248556,1.92724,3.14612,1.33526,3.72681,0.42336,36.966,0.42336,423.524,0,1.02816,0,0,1.27672,0.248556,1.028160,1,0,41.3337,0,0,0,41.3337,0
68.059,2.36254,0,0,1.2032,-0.00451685,0.36288,3.6288,58.5388,0.783563,0,0,0.271218,0.272717,0,0.66528,12.849,1,0.436299,0.36288,0,16.2537,5.13639,11.0438,0.84672,12.849,0.84672,3695.15,0,36.966,0.42336,0.216518,1.84443,2.47054,1.30354,2.80459,0.42336,36.966,0.42336,423.524,0,0.507704,0,0,0.724222,0.216518,1.028160,1,0,13.8484,0,0,0,13.8484,0
66.5818,2.35512,0,0,1.25533,0.0145332,0.36288,3.6288,57.7377,0.805716,0,0,0.261102,0.256451,0,0.66528,12.849,1,0.444629,0.36288,0,15.6231,4.92876,10.6126,0.84672,12.849,0.84672,3695.15,0,36.966,0.42336,0.216518,1.84922,2.48616,1.23865,2.8899,0.42336,36.966,0.42336,423.524,0,0.485551,0,0,0.702069,0.216518,1.028160,1,0,13.5025,0,0,0,13.5025,0
67.386,2.34762,0,0,3.64169,0.127027,0.36288,3.6288,57.6691,0.517735,0,0,0.615267,0.166214,0,0.66528,12.849,1,0.453046,0.36288,0,47.0883,3.68298,43.3152,0.84672,12.849,0.84672,3695.15,0,36.966,0.331475,0.216518,1.84939,6.52982,0.849258,7.415,0.42336,36.966,0.42336,423.524,0,0.865417,0,0,1.08194,0.216518,1.028160,1,0,50.7302,0,0,0,50.7302,0
67.2778,2.29201,0,0,2.67454,0.127837,0.36288,3.6288,57.4698,0.470114,0,0,0.436977,0.166141,0,0.66528,12.849,1,0.437036,0.36288,0,40.8728,3.68298,37.1157,0.84672,12.849,0.84672,3695.15,0,36.966,0.301344,0.216518,1.84957,3.68128,0.849258,4.59676,0.42336,36.966,0.42336,423.524,0,0.864579,0,0,1.0811,0.216518,1.028160,1,0,41.7124,0,0,0,41.7124,0
66.1138,2.22619,0,0,1.63121,0.206106,0.36288,3.6288,56.9543,0.63283,0,0,0.304678,0.187358,0,0.66528,12.849,1,0.425168,0.36288,0,39.4617,4.06612,35.3333,0.84672,12.849,0.84672,3695.15,0,36.966,0.407052,0.216518,1.77543,3.17966,0.928731,3.83582,0.42336,36.966,0.42336,423.524,0,0.674729,0,0,0.891247,0.216518,1.028160,1,0,39.1691,0,0,0,39.1691,0
66.5301,2.22067,0,0,3.20402,0.204213,0.36288,3.6288,56.7424,0.555939,0,0,0.53076,0.186733,0,0.66528,12.849,1,0.43158,0.36288,0,57.7715,4.06612,53.6367,0.84672,12.849,0.84672,3695.15,0,36.966,0.36083,0.292723,1.82157,5.44951,0.928731,6.27424,0.42336,36.966,0.42336,423.524,0,0.797843,0,0,1.09057,0.292723,1.028160,1,0,59.911,0,0,0,59.911,0
67.504,2.22368,0,0,3.76535,0.20489,0.36288,3.6288,57.0164,0.415661,0,0,0.876131,0.186475,0,0.66528,12.849,1,0.42946,0.36288,0,62.5418,4.06612,58.4091,0.84672,12.849,0.84672,3695.15,0,36.966,0.270791,1.00922,1.82174,6.62287,0.928731,8.25431,0.42336,36.966,0.42336,423.524,0,1.02816,0,0,2.03738,1.00922,1.028160,1,0,66.6634,0,0,0,66.6634,0
67.5732,2.05641,0,0,2.7156,0.227027,0.36288,3.6288,57.0864,0.317069,0,0,0.580664,0.193519,0,0.66528,12.849,1,0.391427,0.36288,0,55.9322,4.18211,51.7215,0.84672,12.849,0.84672,3695.15,0,36.966,0.205568,0.393619,1.82191,6.73833,0.955808,7.79248,0.42336,36.966,0.42336,423.524,0,1.02816,0,0,1.42178,0.393619,1.028160,1,0,59.514,0,0,0,59.514,0
67.8395,1.91982,0,0,2.83083,0.281837,0.36288,3.6288,56.497,0.651282,0,0,0.28428,0.222406,0,0.66528,12.849,1,0.365052,0.36288,0,51.1063,4.38708,46.717,0.84672,12.849,0.84672,3695.15,0,36.966,0.421734,0.292723,1.65687,7.53534,1.04559,8.01762,0.42336,36.966,0.42336,423.524,0,0.641562,0,0,0.934286,0.292723,1.028160,1,0,54.7347,0,0,0,54.7347,0
66.7001,1.92171,0,0,1.42893,0.28374,0.36288,3.6288,55.6253,0.878062,0,0,0.232642,0.226341,0,0.66528,12.849,1,0.363977,0.36288,0,69.0422,4.35309,64.688,0.84672,12.849,0.84672,3695.15,0,36.966,0.42336,0.412474,1.75287,4.87914,1.05442,5.5667,0.42336,36.966,0.42336,423.524,0,0.413156,0,0,0.82563,0.412474,1.028160,1,0,70.2547,0,0,0,70.2547,0
67.0947,1.91718,0,0,2.9558,0.281202,0.36288,3.6288,55.5483,0.412374,0,0,0.560419,0.225054,0,0.66528,12.849,1,0.369322,0.36288,0,115.634,4.35309,111.275,0.84672,12.849,0.84672,3695.15,0,36.966,0.274045,0.909585,1.75302,6.46713,1.05442,7.80127,0.42336,36.966,0.42336,423.524,0,1.02816,0,0,1.93774,0.909585,1.028160,1,0,119.076,0,0,0,119.076,0
67.124,1.91968,0,0,2.57972,0.267832,0.36288,3.6288,54.7472,0.781208,0,0,0.199333,0.219228,0,0.66528,12.849,1,0.36763,0.36288,0,70.7291,4.04949,66.6749,0.84672,12.849,0.84672,3695.15,0,36.966,0.42336,0.412474,1.75317,4.33189,1.0041,5.07007,0.42336,36.966,0.42336,423.524,0,0.510011,0,0,0.922484,0.412474,1.028160,1,0,71.7449,0,0,0,71.7449,0
67.1541,1.98713,0,0,2.62907,0.248985,0.36288,3.6288,54.3984,0.567464,0,0,0.425936,0.207202,0,0.66528,12.849,1,0.380379,0.36288,0,54.8333,3.60831,51.2075,0.84672,12.849,0.84672,3695.15,0,36.966,0.383159,0.412474,1.75333,4.81168,0.9452,5.64912,0.42336,36.966,0.42336,423.524,0,0.811434,0,0,1.22391,0.412474,1.028160,1,0,56.8566,0,0,0,56.8566,0
70.1872,2.0278,0,0,5.65224,0.228486,0.36288,3.6288,54.7571,0.408693,0,0,0.957623,0.190232,0,0.66528,12.849,1,0.387992,0.36288,0,69.8918,3.07461,66.7921,0.84672,12.849,0.84672,3695.15,0,36.966,0.277724,1.7306,1.80504,9.51523,0.892295,11.8808,0.42336,36.966,0.42336,423.524,0,1.02816,0,0,2.75876,1.7306,1.028160,1,0,78.6729,0,0,0,78.6729,0
72.29,2.04266,0,0,7.37932,0.233958,2.99987,3.6288,55.3777,0.409779,0,0,1.221,0.190683,0,0.66528,12.849,1,0.373945,2.99987,0,118.89,3.07461,118.441,0.84672,12.849,0.84672,3695.15,0,36.966,0.276638,2.64115,1.7774,11.5566,0.892295,14.8062,0.42336,36.966,0.42336,423.524,0,1.02816,0,0,3.66931,2.64115,1.028160,1,0,133.247,0,0,0,133.247,0
72.29,2.05258,0,0,5.08904,0.237751,2.7987,3.6288,55.5263,0.411638,0,0,0.751775,0.191464,0,0.66528,12.849,1,0.364831,2.7987,0,93.0277,3.07461,92.387,0.84672,12.849,0.84672,3695.15,0,36.966,0.274779,1.2255,1.77755,8.22649,0.892295,10.0625,0.42336,36.966,0.42336,423.524,0,1.02816,0,0,2.25366,1.2255,1.028160,1,0,102.449,0,0,0,102.449,0
72.29,2.26989,0,0,5.67919,0.273295,3.13601,3.6288,55.5983,0.519174,0,0,0.839886,0.24877,0,0.66528,12.849,1,0.403455,3.13601,0,103.527,4.0557,102.204,0.84672,12.849,0.84672,3695.15,0,36.966,0.345634,1.4842,1.77771,10.045,1.3328,11.6284,0.42336,36.966,0.42336,423.524,0,1.02816,0,0,2.51236,1.4842,1.028160,1,0,113.832,0,0,0,113.832,0
72.29,2.42208,0,0,5.66294,0.349985,2.89087,3.6288,56.0144,0.412314,0,0,1.02003,0.191595,0,0.66528,12.849,1,0.430507,2.89087,0,77.2053,3.87429,75.7914,0.84672,12.849,0.84672,3695.15,0,36.966,0.274138,1.35219,1.96349,9.11987,0.956068,11.2053,0.42336,36.966,0.42336,423.524,0,1.02816,0,0,2.38035,1.35219,1.028160,1,0,86.9967,0,0,0,86.9967,0
72.29,2.42284,0,0,3.95973,0.359773,1.17711,3.6288,56.0756,0.413541,0,0,0.662001,0.187274,0,0.66528,12.849,1,0.430642,1.17711,0,56.4802,3.89476,53.3319,0.84672,12.849,0.84672,3695.15,0,36.966,0.272911,0.569117,1.85929,9.05282,0.911124,10.2972,0.42336,36.966,0.42336,423.524,0,1.02816,0,0,1.59728,0.569117,1.028160,1,0,63.6291,0,0,0,63.6291,0
72.29,2.4236,0,0,3.68784,0.309768,0.954465,3.6288,56.1627,0.413721,0,0,0.702031,0.201217,0,0.66528,12.849,1,0.430777,0.954465,0,67.9736,3.98747,64.5098,0.84672,12.849,0.84672,3695.15,0,36.966,0.272732,0.725492,1.85945,8.50254,1.00991,9.80484,0.42336,36.966,0.42336,423.524,0,1.02816,0,0,1.75365,0.725492,1.028160,1,0,74.3146,0,0,0,74.3146,0
72.29,2.11516,0,0,3.97497,0.301433,1.55838,3.6288,56.499,0.417856,0,0,0.957865,0.203644,0,0.66528,12.849,1,0.375953,1.55838,0,80.6743,4.00291,77.8538,0.84672,12.849,0.84672,3695.15,0,36.966,0.275031,0.608429,1.85962,7.53702,1.02638,8.70366,0.42336,36.966,0.42336,423.524,0,0.782136,0,0,1.39056,0.608429,1.028160,1,0,86.5574,0,0,0,86.5574,0
72.29,1.91242,0,0,4.03294,0.299347,1.82117,3.6288,57.3667,0.414928,0,0,1.44176,0.159218,0,0.66528,12.849,1,0.339919,1.82117,0,121.231,3.27742,119.435,0.84672,12.849,0.84672,3695.15,0,36.966,0.271478,0.876684,1.60644,10.1195,0.756464,11.5747,0.42336,36.966,0.42336,423.524,0,1.02816,0,0,1.90484,0.876684,1.028160,1,0,131.01,0,0,0,131.01,0
72.29,1.91308,0,0,5.46916,0.298999,3.25708,3.6288,58.3639,0.417425,0,0,1.56727,0.152597,0,0.66528,12.849,1,0.340036,3.25708,0,116.3,3.15651,116.061,0.84672,12.849,0.84672,3695.15,0,36.966,0.268981,1.46823,1.74676,10.3328,0.711478,12.5674,0.42336,36.966,0.42336,423.524,0,1.02816,0,0,2.49639,1.46823,1.028160,1,0,128.628,0,0,0,128.628,0
72.29,1.91374,0,0,4.8768,0.298999,2.66405,3.6288,59.0839,0.445439,0,0,1.31901,0.153584,0,0.66528,12.849,1,0.340154,2.66405,0,114.366,3.15651,113.533,0.84672,12.849,0.84672,3695.15,0,36.966,0.282128,0.558835,1.74691,10.7545,0.711478,12.0666,0.42336,36.966,0.42336,423.524,0,0.986999,0,0,1.54583,0.558835,1.028160,1,0,125.6,0,0,0,125.6,0
72.29,1.9144,0,0,4.54166,0.266386,2.36087,3.6288,59.8406,0.422234,0,0,1.33955,0.160599,0,0.66528,12.849,1,0.340271,2.36087,0,126.534,3.5259,125.028,0.84672,12.849,0.84672,3695.15,0,36.966,0.264172,1.23352,1.74705,8.98828,0.812733,10.8919,0.42336,36.966,0.42336,423.524,0,1.02816,0,0,2.26168,1.23352,1.028160,1,0,135.92,0,0,0,135.92,0
72.29,1.99297,0,0,7.10671,0.261785,4.85195,3.6288,61.308,0.460566,0,0,2.23292,0.16003,0.144935,0.66528,12.849,1,0.354236,4.85195,0,135.818,4.63366,135.682,0.84672,12.849,0.84672,3695.15,0,36.966,0.28451,1.74918,1.7472,15.0523,0.954313,17.3099,0.42336,36.966,0.42336,423.524,0,1.02816,0,0,2.77734,1.74918,1.028160,1,0,153.137,0,0,0,153.137,0
72.29,2.04346,0,0,7.55698,0.248375,5.26514,3.6288,61.308,0.42822,0,0,1.32246,0.172157,0.722078,0.66528,12.849,1,0.36321,5.26514,0,206.143,4.91474,206.131,0.84672,12.849,0.84672,3695.15,0,36.966,0.258198,0.820593,1.80987,12.7619,0.94544,14.1887,0.42336,36.966,0.42336,423.524,0,1.02816,0,0,1.84875,0.820593,1.028160,1,0,221.041,0,0,0,221.041,0
72.29,2.04415,0,0,4.70595,0.248375,2.41342,3.6288,61.308,0.610587,0,0,0.849709,0.172157,0.0669654,0.66528,12.849,1,0.363332,2.41342,0,124.554,4.91474,121.69,0.84672,12.849,0.84672,3695.15,0,36.966,0.368157,0.528595,1.77569,8.61313,0.94544,9.60382,0.42336,36.966,0.42336,423.524,0,0.735834,0,0,1.26443,0.528595,1.028160,1,0,131.36,0,0,0,131.36,0
72.29,2.04484,0,0,3.92794,0.248375,1.63473,3.6288,61.2197,0.644043,0,0,0.727894,0.172157,0,0.66528,12.849,1,0.363454,1.63473,0,89.8456,4.91474,86.2022,0.84672,12.849,0.84672,3695.15,0,36.966,0.388329,0.528595,1.77584,7.63862,0.94544,8.60929,0.42336,36.966,0.42336,423.524,0,0.682206,0,0,1.2108,0.528595,1.028160,1,0,94.8115,0,0,0,94.8115,0
72.29,2.01504,0,0,3.55204,0.239602,1.2974,3.6288,61.0675,0.650926,0,0,0.675475,0.176739,0,0.66528,12.849,1,0.358157,1.2974,0,78.1358,4.7127,74.3624,0.84672,12.849,0.84672,3695.15,0,36.966,0.393046,0.528595,1.776,6.84055,0.949671,7.80242,0.42336,36.966,0.42336,423.524,0,0.647801,0,0,1.1764,0.528595,1.028160,1,0,82.1648,0,0,0,82.1648,0
72.29,1.99635,0,0,3.66346,0.18696,1.48015,3.6288,61.1919,0.455732,0,0,0.784693,0.204609,0,0.66528,12.849,1,0.354837,1.48015,0,83.4175,3.50049,81.0423,0.84672,12.849,0.84672,3695.15,0,36.966,0.275868,0.528595,1.7518,6.89239,0.975056,7.92186,0.42336,36.966,0.42336,423.524,0,0.982973,0,0,1.51157,0.528595,1.028160,1,0,88.9642,0,0,0,88.9642,0
72.29,1.99703,0,0,3.30899,0.18696,1.125,3.6288,61.0449,0.627497,0,0,0.685359,0.20477,0,0.66528,12.849,1,0.354957,1.125,0,77.7505,3.50049,75.0201,0.84672,12.849,0.84672,3695.15,0,36.966,0.379071,0.528595,1.76529,6.45624,0.975056,7.396,0.42336,36.966,0.42336,423.524,0,0.708005,0,0,1.2366,0.528595,1.028160,1,0,82.4161,0,0,0,82.4161,0
72.29,1.99771,0,0,3.97624,0.168714,1.80982,3.6288,60.9753,0.518463,0,0,0.662265,0.213466,0,0.66528,12.849,1,0.355077,1.80982,0,83.6948,4.20226,80.9473,0.84672,12.849,0.84672,3695.15,0,36.966,0.313957,0.402797,1.76544,8.67309,1.00272,9.52465,0.42336,36.966,0.42336,423.524,0,0.882153,0,0,1.28495,0.402797,1.028160,1,0,90.4719,0,0,0,90.4719,0
72.29,2.10194,0,0,3.06038,0.121552,0.836887,3.6288,60.7924,0.587578,0,0,0.636932,0.232219,0,0.66528,12.849,1,0.373605,0.836887,0,60.1202,5.25731,55.3262,0.84672,12.849,0.84672,3695.15,0,36.966,0.356217,0.402797,1.76559,6.51525,1.09032,7.2371,0.42336,36.966,0.42336,423.524,0,0.851714,0,0,1.25451,0.402797,1.028160,1,0,62.5633,0,0,0,62.5633,0
72.29,2.17136,0,0,3.07026,0.110386,0.788512,3.6288,60.7117,0.484914,0,0,0.646167,0.241975,0,0.66528,12.849,1,0.385943,0.788512,0,58.9157,4.5973,54.721,0.84672,12.849,0.84672,3695.15,0,36.966,0.294861,0.402797,1.85113,5.85473,1.12417,6.68963,0.42336,36.966,0.42336,423.524,0,0.934813,0,0,1.33761,0.402797,1.028160,1,0,61.4106,0,0,0,61.4106,0
72.29,2.17207,0,0,3.0732,0.128753,0.772371,3.6288,60.5822,0.508235,0,0,0.617624,0.238868,0,0.66528,12.849,1,0.386069,0.772371,0,58.5465,4.21397,54.7189,0.84672,12.849,0.84672,3695.15,0,36.966,0.309453,0.402797,1.80393,5.42951,1.087,6.23979,0.42336,36.966,0.42336,423.524,0,0.896901,0,0,1.2997,0.402797,1.028160,1,0,60.9587,0,0,0,60.9587,0
72.29,2.17278,0,0,2.73506,0.0999622,0.462316,3.6288,60.4323,0.478666,0,0,0.586226,0.257471,0,0.66528,12.849,1,0.386196,0.462316,0,51.7948,4.42817,47.4428,0.84672,12.849,0.84672,3695.15,0,36.966,0.292072,0.30119,1.80409,5.28178,1.14173,5.95326,0.42336,36.966,0.42336,423.524,0,0.943851,0,0,1.24504,0.30119,1.028160,1,0,53.396,0,0,0,53.396,0
72.2647,2.17349,0,0,2.58947,0.0783694,0.36288,3.6288,60.199,0.523837,0,0,0.561801,0.271313,0,0.66528,12.849,1,0.386322,0.36288,0,49.3524,4.58882,44.7401,0.84672,12.849,0.84672,3695.15,0,36.966,0.320427,0.30119,1.80424,5.22348,1.18277,5.82571,0.42336,36.966,0.42336,423.524,0,0.870324,0,0,1.17151,0.30119,1.028160,1,0,50.5658,0,0,0,50.5658,0
72.0989,2.15359,0,0,2.43291,0.0823023,0.36288,3.6288,59.9965,0.53929,0,0,0.589954,0.253148,0,0.66528,12.849,1,0.382918,0.36288,0,44.1318,4.53369,39.5781,0.84672,12.849,0.84672,3695.15,0,36.966,0.331159,0.30119,1.8044,4.87347,1.16799,5.47991,0.42336,36.966,0.42336,423.524,0,0.888667,0,0,1.18986,0.30119,1.028160,1,0,45.058,0,0,0,45.058,0
71.6632,2.19134,0,0,2.20602,0.0874559,0.36288,3.6288,59.9263,0.477597,0,0,0.636543,0.229168,0,0.66528,12.849,1,0.390527,0.36288,0,37.6202,4.46019,33.1324,0.84672,12.849,0.84672,3695.15,0,36.966,0.294265,0.30119,1.83444,4.27378,1.14829,4.96685,0.42336,36.966,0.42336,423.524,0,0.942736,0,0,1.24393,0.30119,1.028160,1,0,38.0992,0,0,0,38.0992,0
71.0294,2.19004,0,0,2.00626,0.0871664,0.36288,3.6288,59.8552,0.462651,0,0,0.620708,0.229066,0,0.66528,12.849,1,0.392668,0.36288,0,36.8839,4.46019,32.3939,0.84672,12.849,0.84672,3695.15,0,36.966,0.28539,0.261274,1.80854,4.09506,1.14829,4.73119,0.42336,36.966,0.42336,423.524,0,0.966557,0,0,1.22783,0.261274,1.028160,1,0,37.1251,0,0,0,37.1251,0
70.2129,2.18779,0,0,1.82098,0.0867452,0.36288,3.6288,59.6606,0.548036,0,0,0.582331,0.228962,0,0.66528,12.849,1,0.395764,0.36288,0,32.8665,4.46019,28.3734,0.84672,12.849,0.84672,3695.15,0,36.966,0.338462,0.261274,1.8087,3.96143,1.14829,4.54465,0.42336,36.966,0.42336,423.524,0,0.828101,0,0,1.08937,0.261274,1.028160,1,0,32.918,0,0,0,32.918,0
69.2869,2.23736,0,0,1.72762,0.053406,0.36288,3.6288,59.3329,0.569256,0,0,0.546237,0.304661,0,0.66528,12.849,1,0.409438,0.36288,0,29.5632,5.44824,24.0684,0.84672,12.849,0.84672,3695.15,0,36.966,0.352714,0.261274,1.80886,3.7543,1.50895,3.96276,0.42336,36.966,0.42336,423.524,0,0.832343,0,0,1.09362,0.261274,1.028160,1,0,28.0312,0,0,0,28.0312,0
68.6417,2.26696,0,0,2.05039,0.0657441,0.36288,3.6288,59.1482,0.473386,0,0,0.600183,0.311508,0,0.66528,12.849,1,0.4204,0.36288,0,31.0849,5.61414,25.4132,0.84672,12.849,0.84672,3695.15,0,36.966,0.294933,0.261274,1.85139,3.55307,1.52137,3.84944,0.42336,36.966,0.42336,423.524,0,0.946287,0,0,1.20756,0.261274,1.028160,1,0,29.2627,0,0,0,29.2627,0
67.7321,2.26436,0,0,1.78307,0.0654147,0.36288,3.6288,58.8655,0.535576,0,0,0.564035,0.311139,0,0.66528,12.849,1,0.423865,0.36288,0,29.4096,5.61414,23.7345,0.84672,12.849,0.84672,3695.15,0,36.966,0.334721,0.261274,1.82832,3.45768,1.52137,3.69118,0.42336,36.966,0.42336,423.524,0,0.844309,0,0,1.10558,0.261274,1.028160,1,0,27.4257,0,0,0,27.4257,0
66.6859,2.2603,0,0,1.64191,0.0649504,0.36288,3.6288,58.5589,0.54869,0,0,0.552644,0.310575,0,0.66528,12.849,1,0.428787,0.36288,0,27.7374,5.61414,22.0574,0.84672,12.849,0.84672,3695.15,0,36.966,0.344563,0.227405,1.82848,3.42267,1.52137,3.61262,0.42336,36.966,0.42336,423.524,0,0.821353,0,0,1.04876,0.227405,1.028160,1,0,25.67,0,0,0,25.67,0
65.2304,2.40872,0,0,1.36318,0.0470874,0.36288,3.6288,58.1542,0.639443,0,0,0.549642,0.314832,0,0.66528,12.849,1,0.464111,0.36288,0,26.304,5.90842,20.2943,0.84672,12.849,0.84672,3695.15,0,36.966,0.403656,0.227405,1.82864,3.25961,1.50709,3.40491,0.42336,36.966,0.42336,423.524,0,0.814968,0,0,1.04237,0.227405,1.028160,1,0,23.6992,0,0,0,23.6992,0
63.672,2.44091,0,0,1.29895,0.0535992,0.36288,3.6288,57.742,0.632539,0,0,0.515054,0.294807,0,0.66528,12.849,1,0.480808,0.36288,0,23.1893,5.78133,17.2901,0.84672,12.849,0.84672,3695.15,0,36.966,0.402076,0.227405,1.97391,2.98276,1.44916,3.33284,0.42336,36.966,0.42336,423.524,0,0.775492,0,0,1.0029,0.227405,1.028160,1,0,20.6229,0,0,0,20.6229,0
62.0225,2.4316,0,0,1.1947,0.0496322,0.36288,3.6288,57.2579,0.66262,0,0,0.465492,0.286902,0,0.66528,12.849,1,0.490696,0.36288,0,20.2402,5.8149,14.2974,0.84672,12.849,0.84672,3695.15,0,36.966,0.42336,0.227405,1.94602,2.76392,1.47257,3.04141,0.42336,36.966,0.42336,423.524,0,0.724481,0,0,0.951886,0.227405,1.028160,1,0,17.3388,0,0,0,17.3388,0
60.4091,2.42126,0,0,1.21965,0.0489676,0.36288,3.6288,56.739,0.678743,0,0,0.445802,0.286004,0,0.66528,12.849,1,0.501604,0.36288,0,18.6735,5.8149,12.7198,0.84672,12.849,0.84672,3695.15,0,36.966,0.42336,0.204422,1.9464,2.83351,1.47257,3.0884,0.42336,36.966,0.42336,423.524,0,0.708713,0,0,0.913136,0.204422,1.028160,1,0,15.8082,0,0,0,15.8082,0
59.4002,2.41068,0,0,1.8176,0.0529487,0.36288,3.6288,56.4284,0.554355,0,0,0.527785,0.283999,0,0.66528,12.849,1,0.512752,0.36288,0,24.0378,5.78521,18.1027,0.84672,12.849,0.84672,3695.15,0,36.966,0.361168,0.204422,1.94678,3.10545,1.46893,3.42656,0.42336,36.966,0.42336,423.524,0,0.895648,0,0,1.10007,0.204422,1.028160,1,0,21.5292,0,0,0,21.5292,0
59.2307,2.33065,0,0,2.60017,0.0760908,0.36288,3.6288,56.7161,0.420644,0,0,0.981586,0.273255,0,0.66528,12.849,1,0.504148,0.36288,0,44.7517,5.57408,39.0363,0.84672,12.849,0.84672,3695.15,0,36.966,0.275562,0.663483,1.94716,4.14394,1.42603,5.05299,0.42336,36.966,0.42336,423.524,0,1.02816,0,0,1.69164,0.663483,1.028160,1,0,44.0893,0,0,0,44.0893,0
59.4898,2.32992,0,0,3.0259,0.0740379,0.36288,3.6288,58.2855,0.421695,0,0,2.25817,0.267093,0,0.66528,12.849,1,0.505432,0.36288,0,65.7637,5.35784,60.2633,0.84672,12.849,0.84672,3695.15,0,36.966,0.274849,2.43797,1.86349,5.94547,1.37522,8.59686,0.42336,36.966,0.42336,423.524,0,1.02816,0,0,3.46613,2.43797,1.028160,1,0,68.8602,0,0,0,68.8602,0
59.375,2.33219,0,0,2.65448,0.0742227,0.36288,3.6288,59.2499,0.42643,0,0,1.66066,0.269822,0,0.66528,12.849,1,0.503721,0.36288,0,60.1552,5.35784,54.6565,0.84672,12.849,0.84672,3695.15,0,36.966,0.270452,2.03882,1.86385,5.2462,1.37522,7.5032,0.42336,36.966,0.42336,423.524,0,1.02816,0,0,3.06698,2.03882,1.028160,1,0,62.1597,0,0,0,62.1597,0
59.1107,2.33184,0,0,2.54501,0.114544,0.36288,3.6288,60.1213,0.429349,0,0,1.54283,0.242052,0,0.66528,12.849,1,0.50462,0.36288,0,45.2184,4.91127,40.1654,0.84672,12.849,0.84672,3695.15,0,36.966,0.267871,1.74585,1.86422,7.22148,1.22652,9.33716,0.42336,36.966,0.42336,423.524,0,1.02816,0,0,2.77401,1.74585,1.028160,1,0,49.5025,0,0,0,49.5025,0
63.4083,2.27024,0,0,6.98065,0.0499446,0.36288,3.6288,61.308,0.382794,0,0,2.48385,0.285937,0.628438,0.66528,12.849,1,0.493487,0.36288,0,52.8242,5.76019,46.9334,0.84672,12.849,0.84672,3695.15,0,36.966,0.235364,3.46505,1.86458,14.5309,1.2498,18.3754,0.42336,36.966,0.42336,423.524,0,1.02816,0,0,4.49321,3.46505,1.028160,1,0,65.9372,0,0,0,65.9372,0
63.5742,2.242,0,0,2.93865,0.167934,0.36288,3.6288,61.308,0.428236,0,0,1.63144,0.246647,0.956557,0.66528,12.849,1,0.454316,0.36288,0,57.2275,4.91264,52.2234,0.84672,12.849,0.84672,3695.15,0,36.966,0.258207,1.69731,1.78987,6.14429,1.01799,8.35527,0.42336,36.966,0.42336,423.524,0,1.02816,0,0,2.72547,1.69731,1.028160,1,0,61.5352,0,0,0,61.5352,0
62.2544,2.2437,0,0,1.45289,0.166105,0.36288,3.6288,61.308,0.428236,0,0,1.41624,0.257287,0.73072,0.66528,12.849,1,0.453475,0.36288,0,34.7141,4.93604,29.6875,0.84672,12.849,0.84672,3695.15,0,36.966,0.258207,1.33912,1.82999,4.91918,1.05627,6.77382,0.42336,36.966,0.42336,423.524,0,1.02816,0,0,2.36728,1.33912,1.028160,1,0,37.1921,0,0,0,37.1921,0
65.4143,2.23645,0,0,5.91176,0.15248,0.36288,3.6288,61.308,0.428236,0,0,2.51517,0.225406,1.86153,0.66528,12.849,1,0.461592,0.36288,0,107.862,4.22733,103.536,0.84672,12.849,0.84672,3695.15,0,36.966,0.258207,2.82092,1.83015,11.8085,1.01299,15.1883,0.42336,36.966,0.42336,423.524,0,1.02816,0,0,3.84908,2.82092,1.028160,1,0,120.586,0,0,0,120.586,0
65.8845,2.0817,0,0,3.09512,0.18033,0.36288,3.6288,61.308,0.324991,0,0,1.98497,0.198782,1.4612,0.66528,12.849,1,0.408898,0.36288,0,81.1322,3.66639,77.4198,0.84672,12.849,0.84672,3695.15,0,36.966,0.195955,1.95607,1.83031,9.37926,0.869418,12.1003,0.42336,36.966,0.42336,423.524,0,1.02816,0,0,2.98423,1.95607,1.028160,1,0,90.9813,0,0,0,90.9813,0
66.6732,1.94635,0,0,3.31053,0.212596,0.36288,3.6288,61.308,0.428216,0,0,2.30576,0.207055,1.67049,0.66528,12.849,1,0.379582,0.36288,0,83.6266,3.61977,79.9901,0.84672,12.849,0.84672,3695.15,0,36.966,0.258195,1.87307,1.66358,8.55383,0.947404,10.8849,0.42336,36.966,0.42336,423.524,0,1.02816,0,0,2.90123,1.87307,1.028160,1,0,92.5454,0,0,0,92.5454,0
68.8865,1.95078,0,0,4.76474,0.237773,0.36288,3.6288,61.308,0.428216,0,0,4.05867,0.213259,3.4172,0.66528,12.849,1,0.375946,0.36288,0,109.56,3.58481,105.963,0.84672,12.849,0.84672,3695.15,0,36.966,0.258195,2.78343,1.76056,13.3516,1.00589,16.6315,0.42336,36.966,0.42336,423.524,0,1.02816,0,0,3.81159,2.78343,1.028160,1,0,126.011,0,0,0,126.011,0
70.7321,1.96162,0,0,4.41196,0.241944,0.36288,3.6288,61.308,0.428216,0,0,3.01693,0.213259,2.37546,0.66528,12.849,1,0.36589,0.36288,0,153.854,3.58481,150.266,0.84672,12.849,0.84672,3695.15,0,36.966,0.258195,2.29691,1.7607,13.2565,1.00589,16.0501,0.42336,36.966,0.42336,423.524,0,1.02816,0,0,3.32507,2.29691,1.028160,1,0,168.692,0,0,0,168.692,0
72.0077,1.97037,0,0,3.87706,0.268138,0.36288,3.6288,61.308,0.428216,0,0,1.21626,0.211868,0.576177,0.66528,12.849,1,0.357933,0.36288,0,109.295,3.95943,105.341,0.84672,12.849,0.84672,3695.15,0,36.966,0.258195,0.822925,1.76085,7.94776,1.05102,9.22233,0.42336,36.966,0.42336,423.524,0,1.02816,0,0,1.85109,0.822925,1.028160,1,0,115.139,0,0,0,115.139,0
72.29,1.976,0,0,5.88546,0.29353,3.33365,3.6288,61.308,0.428034,0,0,1.88533,0.205476,1.25182,0.66528,12.849,1,0.352596,3.33365,0,181.534,4.27636,180.239,0.84672,12.849,0.84672,3695.15,0,36.966,0.258086,1.93782,1.761,11.0544,1.08564,13.4095,0.42336,36.966,0.42336,423.524,0,1.02816,0,0,2.96598,1.93782,1.028160,1,0,194.9,0,0,0,194.9,0
72.29,2.04569,0,0,7.26595,0.304492,4.91578,3.6288,61.308,0.458138,0,0,2.97287,0.221658,2.29307,0.66528,12.849,1,0.363605,4.91578,0,185.954,4.68164,185.824,0.84672,12.849,0.84672,3695.15,0,36.966,0.276237,3.29526,1.76083,14.2557,1.11987,17.9157,0.42336,36.966,0.42336,423.524,0,1.02816,0,0,4.32342,3.29526,1.028160,1,0,206.033,0,0,0,206.033,0
72.29,2.08708,0,0,7.99014,0.304492,5.59857,3.6288,61.308,0.428215,0,0,2.69008,0.221658,2.04021,0.66528,12.849,1,0.370963,5.59857,0,166.539,4.68164,167.085,0.84672,12.849,0.84672,3695.15,0,36.966,0.258194,2.99874,1.81324,11.6462,1.11987,15.0801,0.42336,36.966,0.42336,423.524,0,1.02816,0,0,4.0269,2.99874,1.028160,1,0,184.206,0,0,0,184.206,0
72.29,2.08775,0,0,7.78979,0.304492,5.39755,3.6288,61.308,0.428215,0,0,3.37709,0.221658,2.72722,0.66528,12.849,1,0.371082,5.39755,0,195.798,4.68164,196.143,0.84672,12.849,0.84672,3695.15,0,36.966,0.258194,4.146,1.78531,14.281,1.11987,18.8342,0.42336,36.966,0.42336,423.524,0,1.02816,0,0,5.17416,4.146,1.028160,1,0,217.704,0,0,0,217.704,0
72.29,2.08842,0,0,4.85266,0.337884,2.42635,3.6288,61.308,0.428215,0,0,1.92045,0.212732,1.2795,0.66528,12.849,1,0.3712,2.42635,0,109.558,4.77659,106.836,0.84672,12.849,0.84672,3695.15,0,36.966,0.258194,2.10356,1.78546,8.54064,1.28544,10.886,0.42336,36.966,0.42336,423.524,0,1.02816,0,0,3.13172,2.10356,1.028160,1,0,119.002,0,0,0,119.002,0
72.29,2.30791,0,0,4.24659,0.322177,1.6165,3.6288,61.308,0.540639,0,0,1.9508,0.186597,1.22356,0.66528,12.849,1,0.410214,1.6165,0,109.298,3.85248,106.652,0.84672,12.849,0.84672,3695.15,0,36.966,0.325981,1.99854,1.78561,11.4136,1.01163,13.8602,0.42336,36.966,0.42336,423.524,0,1.02816,0,0,3.0267,1.99854,1.028160,1,0,121.735,0,0,0,121.735,0
72.29,2.46164,0,0,4.0097,0.33081,1.21726,3.6288,61.308,0.428236,0,0,1.98108,0.166453,1.38639,0.66528,12.849,1,0.437537,1.21726,0,100.539,3.44263,97.8764,0.84672,12.849,0.84672,3695.15,0,36.966,0.258207,2.36753,1.97328,11.078,0.870288,14.2904,0.42336,36.966,0.42336,423.524,0,1.02816,0,0,3.39569,2.36753,1.028160,1,0,113.553,0,0,0,113.553,0
72.29,2.46238,0,0,4.00168,0.33081,1.20849,3.6288,61.308,0.428236,0,0,2.00392,0.166453,1.40923,0.66528,12.849,1,0.437669,1.20849,0,98.458,3.44263,95.7862,0.84672,12.849,0.84672,3695.15,0,36.966,0.258207,2.147,1.86801,8.77824,0.870288,11.6648,0.42336,36.966,0.42336,423.524,0,1.02816,0,0,3.17516,2.147,1.028160,1,0,108.86,0,0,0,108.86,0
72.29,2.46312,0,0,3.65837,0.315212,0.880047,3.6288,61.308,0.428236,0,0,2.14566,0.188665,1.52876,0.66528,12.849,1,0.4378,0.880047,0,93.0174,4.22477,89.2349,0.84672,12.849,0.84672,3695.15,0,36.966,0.258207,2.29058,1.86817,10.1617,1.13131,12.9309,0.42336,36.966,0.42336,423.524,0,1.02816,0,0,3.31874,2.29058,1.028160,1,0,103.695,0,0,0,103.695,0
72.29,2.1515,0,0,5.71216,0.328352,3.23231,3.6288,61.308,0.277247,0,0,5.05715,0.144563,4.63534,0.66528,12.849,1,0.382413,3.23231,0,118.764,3.64692,117.967,0.84672,12.849,0.84672,3695.15,0,36.966,0.167168,5.89398,1.86833,15.0795,0.979422,21.6952,0.42336,36.966,0.42336,423.524,0,1.02816,0,0,6.92214,5.89398,1.028160,1,0,144.297,0,0,0,144.297,0
72.29,1.94668,0,0,5.8029,0.338297,3.51792,3.6288,61.308,0.428208,0,0,4.24856,0.127949,3.69241,0.66528,12.849,1,0.346008,3.51792,0,96.6012,3.18402,96.5891,0.84672,12.849,0.84672,3695.15,0,36.966,0.25819,4.9769,1.61257,13.0093,0.829831,18.5108,0.42336,36.966,0.42336,423.524,0,1.02816,0,0,6.00506,4.9769,1.028160,1,0,118.792,0,0,0,118.792,0
72.29,1.94732,0,0,4.61373,0.338297,2.32811,3.6288,61.308,0.428208,0,0,3.22302,0.127949,2.66687,0.66528,12.849,1,0.346122,2.32811,0,109.878,3.18402,108.676,0.84672,12.849,0.84672,3695.15,0,36.966,0.25819,3.10222,1.75432,9.5815,0.829831,13.35,0.42336,36.966,0.42336,423.524,0,1.02816,0,0,4.13038,3.10222,1.028160,1,0,124.693,0,0,0,124.693,0
72.29,1.94796,0,0,3.12603,0.326968,0.851098,3.6288,61.308,0.428208,0,0,2.22722,0.121933,1.67708,0.66528,12.849,1,0.346236,0.851098,0,88.6378,3.09683,86.0458,0.84672,12.849,0.84672,3695.15,0,36.966,0.25819,2.39147,1.75446,8.65261,0.817306,11.723,0.42336,36.966,0.42336,423.524,0,1.02816,0,0,3.41963,2.39147,1.028160,1,0,99.4459,0,0,0,99.4459,0
72.29,1.94861,0,0,4.48882,0.266489,2.27372,3.6288,61.308,0.428208,0,0,2.15126,0.107556,1.6155,0.66528,12.849,1,0.34635,2.27372,0,95.7787,2.97274,94.7333,0.84672,12.849,0.84672,3695.15,0,36.966,0.25819,2.48911,1.7546,9.44983,0.802743,12.6326,0.42336,36.966,0.42336,423.524,0,1.02816,0,0,3.51727,2.48911,1.028160,1,0,108.981,0,0,0,108.981,0
72.29,2.02795,0,0,5.34261,0.285212,3.02946,3.6288,61.308,0.46518,0,0,3.05148,0.161858,2.42444,0.66528,12.849,1,0.360452,3.02946,0,111.391,3.97047,110.09,0.84672,12.849,0.84672,3695.15,0,36.966,0.280483,3.17071,1.75474,10.4382,0.954216,14.1289,0.42336,36.966,0.42336,423.524,0,1.02816,0,0,4.19887,3.17071,1.028160,1,0,126.643,0,0,0,126.643,0
72.29,2.07892,0,0,4.64223,0.285212,2.27809,3.6288,61.308,0.428215,0,0,3.81781,0.161858,3.22774,0.66528,12.849,1,0.369513,2.27809,0,122.845,3.97047,120.783,0.84672,12.849,0.84672,3695.15,0,36.966,0.258194,4.61845,1.81804,15.114,0.954216,20.3381,0.42336,36.966,0.42336,423.524,0,1.02816,0,0,5.64661,4.61845,1.028160,1,0,144.349,0,0,0,144.349,0
72.29,2.07959,0,0,3.6204,0.285212,1.2556,3.6288,61.308,0.428215,0,0,3.02297,0.161858,2.4329,0.66528,12.849,1,0.369632,1.2556,0,140.803,3.97047,137.718,0.84672,12.849,0.84672,3695.15,0,36.966,0.258195,4.67933,1.78351,10.3701,0.954216,15.6205,0.42336,36.966,0.42336,423.524,0,1.02816,0,0,5.70749,4.67933,1.028160,1,0,155.772,0,0,0,155.772,0
72.29,2.08026,0,0,2.87537,0.246689,0.548419,3.6288,61.308,0.428215,0,0,2.18354,0.126292,1.62903,0.66528,12.849,1,0.36975,0.548419,0,98.8364,2.71445,96.3006,0.84672,12.849,0.84672,3695.15,0,36.966,0.258194,3.24313,1.78366,8.24299,0.814146,12.1974,0.42336,36.966,0.42336,423.524,0,1.02816,0,0,4.27129,3.24313,1.028160,1,0,110.127,0,0,0,110.127,0
72.29,2.05013,0,0,4.03362,0.18566,1.79783,3.6288,61.308,0.413844,0,0,2.30907,0.206077,1.68915,0.66528,12.849,1,0.364395,1.79783,0,99.4611,4.17637,96.7181,0.84672,12.849,0.84672,3695.15,0,36.966,0.24953,3.33979,1.78381,11.1105,1.06113,14.9235,0.42336,36.966,0.42336,423.524,0,1.02816,0,0,4.36795,3.33979,1.028160,1,0,113.331,0,0,0,113.331,0
72.29,2.03123,0,0,3.2956,0.18566,1.07871,3.6288,61.308,0.428212,0,0,1.98022,0.206077,1.34593,0.66528,12.849,1,0.361036,1.07871,0,75.1222,4.17637,71.6635,0.84672,12.849,0.84672,3695.15,0,36.966,0.258193,2.70893,1.75936,7.46824,1.06113,10.6172,0.42336,36.966,0.42336,423.524,0,1.02816,0,0,3.73709,2.70893,1.028160,1,0,83.6266,0,0,0,83.6266,0
72.29,2.03189,0,0,2.90854,0.18566,0.690984,3.6288,61.308,0.428212,0,0,1.85296,0.206077,1.21867,0.66528,12.849,1,0.361153,0.690984,0,65.4765,4.17637,61.63,0.84672,12.849,0.84672,3695.15,0,36.966,0.258193,2.2416,1.77298,6.5994,1.06113,9.29467,0.42336,36.966,0.42336,423.524,0,1.02816,0,0,3.26976,2.2416,1.028160,1,0,72.1433,0,0,0,72.1433,0
72.29,2.03255,0,0,2.62081,0.18566,0.402596,3.6288,61.308,0.428212,0,0,1.64214,0.206077,1.00786,0.66528,12.849,1,0.36127,0.402596,0,57.156,4.17637,53.021,0.84672,12.849,0.84672,3695.15,0,36.966,0.258193,1.91021,1.77313,5.95968,1.06113,8.3237,0.42336,36.966,0.42336,423.524,0,1.02816,0,0,2.93837,1.91021,1.028160,1,0,62.3525,0,0,0,62.3525,0
72.29,2.13781,0,0,2.63574,0.134203,0.363728,3.6288,61.308,0.479212,0,0,1.42093,0.199202,0.74252,0.66528,12.849,1,0.37998,0.363728,0,57.8511,4.19317,53.6417,0.84672,12.849,0.84672,3695.15,0,36.966,0.288944,1.60151,1.77327,6.08534,0.989526,8.18166,0.42336,36.966,0.42336,423.524,0,1.02816,0,0,2.62967,1.60151,1.028160,1,0,62.5659,0,0,0,62.5659,0
72.29,2.2079,0,0,2.70029,0.118296,0.374094,3.6288,61.308,0.428222,0,0,1.29064,0.223912,0.638509,0.66528,12.849,1,0.392438,0.374094,0,56.2378,4.82506,51.3943,0.84672,12.849,0.84672,3695.15,0,36.966,0.258199,1.43382,1.85967,6.34031,1.09289,8.2827,0.42336,36.966,0.42336,423.524,0,1.02816,0,0,2.46198,1.43382,1.028160,1,0,60.3156,0,0,0,60.3156,0
72.1858,2.2086,0,0,2.5856,0.118296,0.36288,3.6288,61.308,0.428222,0,0,1.3121,0.223912,0.659962,0.66528,12.849,1,0.392561,0.36288,0,53.6566,4.82506,48.8018,0.84672,12.849,0.84672,3695.15,0,36.966,0.258199,1.73212,1.81199,6.03652,1.09289,8.22954,0.42336,36.966,0.42336,423.524,0,1.02816,0,0,2.76028,1.73212,1.028160,1,0,57.6913,0,0,0,57.6913,0
71.8482,2.20881,0,0,2.38169,0.147682,0.36288,3.6288,61.308,0.428222,0,0,1.22956,0.216012,0.585325,0.66528,12.849,1,0.393165,0.36288,0,50.1587,4.31738,45.811,0.84672,12.849,0.84672,3695.15,0,36.966,0.258199,1.59587,1.81214,5.52768,1.11248,7.56501,0.42336,36.966,0.42336,423.524,0,1.02816,0,0,2.62403,1.59587,1.028160,1,0,53.9613,0,0,0,53.9613,0
71.56,2.20793,0,0,2.37489,0.0922837,0.36288,3.6288,61.308,0.428222,0,0,1.15061,0.246087,0.476306,0.66528,12.849,1,0.394856,0.36288,0,46.9465,4.6635,42.251,0.84672,12.849,0.84672,3695.15,0,36.966,0.258199,1.34734,1.81229,5.38777,1.17476,7.11444,0.42336,36.966,0.42336,423.524,0,1.02816,0,0,2.3755,1.34734,1.028160,1,0,49.8418,0,0,0,49.8418,0
71.4179,2.1866,0,0,2.49208,0.0846638,0.36288,3.6288,61.308,0.456279,0,0,0.876718,0.284139,0.1363,0.66528,12.849,1,0.392616,0.36288,0,43.6865,5.31057,38.3462,0.84672,12.849,0.84672,3695.15,0,36.966,0.275116,0.519359,1.81245,4.98686,1.2476,5.79595,0.42336,36.966,0.42336,423.524,0,1.02816,0,0,1.54752,0.519359,1.028160,1,0,44.2785,0,0,0,44.2785,0
71.1203,2.22474,0,0,2.35777,0.067758,0.36288,3.6288,61.308,0.428227,0,0,0.843152,0.307718,0.107207,0.66528,12.849,1,0.400259,0.36288,0,41.1852,5.33589,35.812,0.84672,12.849,0.84672,3695.15,0,36.966,0.258202,0.468452,1.84278,4.96037,1.32571,5.68768,0.42336,36.966,0.42336,423.524,0,1.02816,0,0,1.49661,0.468452,1.028160,1,0,41.6069,0,0,0,41.6069,0
70.6939,2.22401,0,0,2.22807,0.067604,0.36288,3.6288,61.308,0.428227,0,0,0.751887,0.307718,0.0159424,0.66528,12.849,1,0.401803,0.36288,0,37.3477,5.33589,31.9729,0.84672,12.849,0.84672,3695.15,0,36.966,0.258202,0.414115,1.81662,4.79708,1.32571,5.4439,0.42336,36.966,0.42336,423.524,0,1.02816,0,0,1.44228,0.414115,1.028160,1,0,37.4327,0,0,0,37.4327,0
70.1164,2.22265,0,0,2.07544,0.0673833,0.36288,3.6288,61.2631,0.428228,0,0,0.691045,0.307718,0,0.66528,12.849,1,0.40398,0.36288,0,35.6961,5.33589,30.3191,0.84672,12.849,0.84672,3695.15,0,36.966,0.258202,0.336537,1.81677,4.47871,1.32571,5.0481,0.42336,36.966,0.42336,423.524,0,1.02816,0,0,1.3647,0.336537,1.028160,1,0,35.3672,0,0,0,35.3672,0
69.6028,2.2738,0,0,2.18936,0.0662074,0.36288,3.6288,61.2555,0.453126,0,0,0.770584,0.32507,0,0.66528,12.849,1,0.416679,0.36288,0,30.9582,5.50968,25.3948,0.84672,12.849,0.84672,3695.15,0,36.966,0.273415,0.29471,1.81692,4.24047,1.43848,4.64021,0.42336,36.966,0.42336,423.524,0,1.02816,0,0,1.32287,0.29471,1.028160,1,0,30.035,0,0,0,30.035,0
69.0767,2.30577,0,0,2.2083,0.0657995,0.36288,3.6288,61.2263,0.428094,0,0,0.726831,0.327961,0,0.66528,12.849,1,0.425655,0.36288,0,39.7005,5.53865,34.099,0.84672,12.849,0.84672,3695.15,0,36.966,0.258343,0.429512,1.85988,4.61966,1.45727,5.19344,0.42336,36.966,0.42336,423.524,0,1.02816,0,0,1.45767,0.429512,1.028160,1,0,39.2925,0,0,0,39.2925,0
68.4123,2.30374,0,0,2.06775,0.0655313,0.36288,3.6288,61.1463,0.428017,0,0,0.675916,0.327901,0,0.66528,12.849,1,0.42852,0.36288,0,31.8759,5.53865,26.2716,0.84672,12.849,0.84672,3695.15,0,36.966,0.25842,0.402477,1.83657,4.16426,1.45727,4.68761,0.42336,36.966,0.42336,423.524,0,1.02816,0,0,1.43064,0.402477,1.028160,1,0,30.9592,0,0,0,30.9592,0
67.5659,2.30094,0,0,1.88263,0.0651927,0.36288,3.6288,61.0043,0.455893,0,0,0.641701,0.327735,0,0.66528,12.849,1,0.432156,0.36288,0,29.0506,5.53865,23.4427,0.84672,12.849,0.84672,3695.15,0,36.966,0.27561,0.227405,1.83672,3.88432,1.45727,4.21557,0.42336,36.966,0.42336,423.524,0,0.983094,0,0,1.2105,0.227405,1.028160,1,0,27.6583,0,0,0,27.6583,0
66.7694,2.45229,0,0,2.07324,0.0546106,0.36288,3.6288,60.8385,0.517654,0,0,0.697847,0.345976,0,0.66528,12.849,1,0.466352,0.36288,0,29.4559,5.65944,23.693,0.84672,12.849,0.84672,3695.15,0,36.966,0.313676,0.267182,1.83688,5.00527,1.48416,5.3115,0.42336,36.966,0.42336,423.524,0,1.02816,0,0,1.29534,0.267182,1.028160,1,0,29.0045,0,0,0,29.0045,0
65.6319,2.47465,0,0,1.7734,0.0733347,0.36288,3.6288,59.9229,1.08937,0,0,0.518077,0.344319,0,0.66528,12.849,1,0.476218,0.36288,0,24.6801,5.42629,19.1404,0.84672,12.849,0.84672,3695.15,0,36.966,0.42336,0.227405,1.9836,3.70278,1.4552,4.03521,0.42336,36.966,0.42336,423.524,0,0.315433,0,0,0.542838,0.227405,1.028160,1,0,23.1757,0,0,0,23.1757,0
64.3934,2.46821,0,0,1.66846,0.0758278,0.36288,3.6288,59.3168,0.788413,0,0,0.512126,0.329843,0,0.66528,12.849,1,0.483211,0.36288,0,23.2676,5.54043,17.6068,0.84672,12.849,0.84672,3695.15,0,36.966,0.42336,0.204422,1.96543,4.04843,1.49661,4.29831,0.42336,36.966,0.42336,423.524,0,0.616738,0,0,0.82116,0.204422,1.028160,1,0,21.9052,0,0,0,21.9052,0
63.0676,2.46093,0,0,1.57302,0.0750773,0.36288,3.6288,58.7387,0.740285,0,0,0.490762,0.328568,0,0.66528,12.849,1,0.491051,0.36288,0,23.601,5.54043,17.9324,0.84672,12.849,0.84672,3695.15,0,36.966,0.42336,0.204422,1.9658,3.78067,1.49661,4.03093,0.42336,36.966,0.42336,423.524,0,0.665211,0,0,0.869633,0.204422,1.028160,1,0,21.9633,0,0,0,21.9633,0
61.7113,2.45282,0,0,1.52937,0.0699623,0.36288,3.6288,58.1566,0.775933,0,0,0.524029,0.330203,0,0.66528,12.849,1,0.499722,0.36288,0,23.5951,5.60624,17.852,0.84672,12.849,0.84672,3695.15,0,36.966,0.42336,0.204422,1.96618,3.91001,1.49921,4.15804,0.42336,36.966,0.42336,423.524,0,0.629908,0,0,0.83433,0.204422,1.028160,1,0,22.01,0,0,0,22.01,0
60.6326,2.36961,0,0,1.6974,0.043605,0.36288,3.6288,57.5169,0.915574,0,0,0.621871,0.346012,0,0.66528,12.849,1,0.493381,0.36288,0,22.4179,6.00107,16.2863,0.84672,12.849,0.84672,3695.15,0,36.966,0.42336,0.204422,1.96655,5.13462,1.51482,5.36741,0.42336,36.966,0.42336,423.524,0,0.402584,0,0,0.607007,0.204422,1.028160,1,0,21.6537,0,0,0,21.6537,0
59.7264,2.36282,0,0,1.92631,0.106815,0.36288,3.6288,56.852,0.967254,0,0,0.599837,0.297436,0,0.66528,12.849,1,0.500718,0.36288,0,18.9119,5.61456,13.1595,0.84672,12.849,0.84672,3695.15,0,36.966,0.42336,0.216518,1.88202,3.872,1.38206,4.16511,0.42336,36.966,0.42336,423.524,0,0.351233,0,0,0.567752,0.216518,1.028160,1,0,17.3246,0,0,0,17.3246,0
59.4489,2.35701,0,0,2.54832,0.105935,0.36288,3.6288,56.5866,0.749648,0,0,0.780365,0.296155,0,0.66528,12.849,1,0.507066,0.36288,0,27.5301,5.61456,21.7714,0.84672,12.849,0.84672,3695.15,0,36.966,0.42336,0.216518,1.88238,5.55854,1.38206,5.85201,0.42336,36.966,0.42336,423.524,0,0.569169,0,0,0.785687,0.216518,1.028160,1,0,27.6234,0,0,0,27.6234,0
59.9412,2.35551,0,0,3.31635,0.105653,0.36288,3.6288,56.8761,0.519069,0,0,1.10423,0.295644,0,0.66528,12.849,1,0.509108,0.36288,0,53.9048,5.61456,48.144,0.84672,12.849,0.84672,3695.15,0,36.966,0.339089,0.216518,1.88273,6.60102,1.38206,6.97912,0.42336,36.966,0.42336,423.524,0,0.884347,0,0,1.10087,0.216518,1.028160,1,0,55.1231,0,0,0,55.1231,0
59.4343,2.29845,0,0,2.29007,0.135573,0.36288,3.6288,57.1829,0.521142,0,0,1.0515,0.223538,0,0.66528,12.849,1,0.492695,0.36288,0,38.2673,4.64766,33.4898,0.84672,12.849,0.84672,3695.15,0,36.966,0.338711,0.216518,1.88309,6.27918,1.15143,6.88865,0.42336,36.966,0.42336,423.524,0,0.802793,0,0,1.01931,0.216518,1.028160,1,0,40.3784,0,0,0,40.3784,0
58.1938,2.25297,0,0,1.52188,0.146627,0.36288,3.6288,57.8097,0.416917,0,0,1.23854,0.194861,0,0.66528,12.849,1,0.487065,0.36288,0,27.8893,4.2609,23.5042,0.84672,12.849,0.84672,3695.15,0,36.966,0.269517,0.519653,1.80762,5.42314,1.05917,6.42172,0.42336,36.966,0.42336,423.524,0,1.02816,0,0,1.54781,0.519653,1.028160,1,0,29.9259,0,0,0,29.9259,0
56.7929,2.24515,0,0,1.38059,0.173375,0.36288,3.6288,57.9342,0.587523,0,0,0.917848,0.205772,0,0.66528,12.849,1,0.495723,0.36288,0,27.3562,4.43487,22.7885,0.84672,12.849,0.84672,3695.15,0,36.966,0.375688,0.292723,1.83818,6.39056,1.09979,7.04598,0.42336,36.966,0.42336,423.524,0,0.751383,0,0,1.04411,0.292723,1.028160,1,0,29.8345,0,0,0,29.8345,0
58.6179,2.23587,0,0,4.63221,0.20849,0.36288,3.6288,58.6464,0.419051,0,0,1.35064,0.219441,0,0.66528,12.849,1,0.505849,0.36288,0,98.7448,4.66683,93.935,0.84672,12.849,0.84672,3695.15,0,36.966,0.267383,0.897506,1.83834,10.0199,1.15394,11.3344,0.42336,36.966,0.42336,423.524,0,1.02816,0,0,1.92567,0.897506,1.028160,1,0,105.269,0,0,0,105.269,0
60.1599,2.07693,0,0,4.20806,0.226263,0.36288,3.6288,59.2295,0.318527,0,0,1.11545,0.213856,0,0.66528,12.849,1,0.455262,0.36288,0,65.4769,4.38918,60.9953,0.84672,12.849,0.84672,3695.15,0,36.966,0.200774,0.427835,1.83849,9.93261,1.13782,10.8604,0.42336,36.966,0.42336,423.524,0,1.02816,0,0,1.45599,0.427835,1.028160,1,0,71.8556,0,0,0,71.8556,0
62.4609,1.94949,0,0,4.86205,0.248617,0.36288,3.6288,60.1129,0.422632,0,0,1.51192,0.205832,0,0.66528,12.849,1,0.416374,0.36288,0,86.9478,4.01898,82.8753,0.84672,12.849,0.84672,3695.15,0,36.966,0.263771,0.718468,1.6701,13.2277,1.11631,14.2362,0.42336,36.966,0.42336,423.524,0,1.02816,0,0,1.74663,0.718468,1.028160,1,0,97.1115,0,0,0,97.1115,0
65.817,1.96285,0,0,5.93524,0.253443,0.36288,3.6288,61.308,0.425032,0,0,2.06772,0.206997,0.240616,0.66528,12.849,1,0.403783,0.36288,0,143.904,4.01898,139.844,0.84672,12.849,0.84672,3695.15,0,36.966,0.26137,1.11211,1.76803,19.1374,1.11631,20.6399,0.42336,36.966,0.42336,423.524,0,1.02816,0,0,2.14027,1.11211,1.028160,1,0,160.724,0,0,0,160.724,0
67.9829,1.98072,0,0,4.76986,0.260417,0.36288,3.6288,61.2484,0.640772,0,0,0.789707,0.208573,0,0.66528,12.849,1,0.386682,0.36288,0,119.546,4.01898,115.504,0.84672,12.849,0.84672,3695.15,0,36.966,0.386357,0.412474,1.76818,11.4288,1.11631,12.1068,0.42336,36.966,0.42336,423.524,0,0.687433,0,0,1.09991,0.412474,1.028160,1,0,127.611,0,0,0,127.611,0
70.7641,1.99173,0,0,5.44528,0.30939,0.36288,3.6288,60.9935,0.673006,0,0,0.623891,0.205713,0,0.66528,12.849,1,0.376444,0.36288,0,150.749,4.76823,145.967,0.84672,12.849,0.84672,3695.15,0,36.966,0.406188,0.412474,1.76832,10.0128,1.20656,10.5809,0.42336,36.966,0.42336,423.524,0,0.635368,0,0,1.04784,0.412474,1.028160,1,0,156.548,0,0,0,156.548,0
69.7405,2.07344,0,0,1.68261,0.269932,0.36288,3.6288,60.8845,0.696906,0,0,0.81362,0.225755,0,0.66528,12.849,1,0.376485,0.36288,0,33.5197,4.45043,29.0557,0.84672,12.849,0.84672,3695.15,0,36.966,0.42237,0.412474,1.76847,5.26797,1.08126,5.94528,0.42336,36.966,0.42336,423.524,0,0.643723,0,0,1.0562,0.412474,1.028160,1,0,35.001,0,0,0,35.001,0
69.5116,2.11032,0,0,2.51211,0.267811,0.36288,3.6288,60.6585,0.779263,0,0,0.778836,0.225599,0,0.66528,12.849,1,0.388806,0.36288,0,54.3759,4.45043,49.8996,0.84672,12.849,0.84672,3695.15,0,36.966,0.42336,0.503194,1.82121,6.91397,1.08126,7.73375,0.42336,36.966,0.42336,423.524,0,0.511937,0,0,1.01513,0.503194,1.028160,1,0,57.6333,0,0,0,57.6333,0
69.0378,2.10989,0,0,2.2663,0.267337,0.36288,3.6288,60.5006,0.740694,0,0,0.808099,0.225276,0,0.66528,12.849,1,0.390006,0.36288,0,47.9575,4.45043,43.48,0.84672,12.849,0.84672,3695.15,0,36.966,0.42336,0.503194,1.79301,6.83679,1.08126,7.62836,0.42336,36.966,0.42336,423.524,0,0.550506,0,0,1.0537,0.503194,1.028160,1,0,51.1083,0,0,0,51.1083,0
68.217,2.10827,0,0,1.91584,0.265434,0.36288,3.6288,60.1864,0.838171,0,0,0.743532,0.219518,0,0.66528,12.849,1,0.392383,0.36288,0,39.4133,4.49567,34.8881,0.84672,12.849,0.84672,3695.15,0,36.966,0.42336,0.503194,1.79315,5.96274,1.09135,6.74438,0.42336,36.966,0.42336,423.524,0,0.45303,0,0,0.956223,0.503194,1.028160,1,0,41.6325,0,0,0,41.6325,0
67.1606,2.32395,0,0,1.8935,0.263078,0.36288,3.6288,59.6203,0.931437,0,0,0.582439,0.217166,0,0.66528,12.849,1,0.437727,0.36288,0,34.0203,4.41196,29.5335,0.84672,12.849,0.84672,3695.15,0,36.966,0.42336,0.503194,1.79329,4.74974,1.09887,5.524,0.42336,36.966,0.42336,423.524,0,0.541745,0,0,1.04494,0.503194,1.028160,1,0,35.0575,0,0,0,35.0575,0
65.8738,2.45865,0,0,1.79521,0.260523,0.36288,3.6288,59.3764,0.551664,0,0,0.523433,0.215642,0,0.66528,12.849,1,0.470382,0.36288,0,28.8043,4.34353,24.3533,0.84672,12.849,0.84672,3695.15,0,36.966,0.342045,0.503194,1.98281,4.17369,1.10324,5.2144,0.42336,36.966,0.42336,423.524,0,0.836326,0,0,1.33952,0.503194,1.028160,1,0,29.5677,0,0,0,29.5677,0
65.179,2.4514,0,0,2.37734,0.257876,0.36288,3.6288,59.3217,0.454361,0,0,0.614968,0.215306,0,0.66528,12.849,1,0.478158,0.36288,0,40.0575,4.34353,35.5986,0.84672,12.849,0.84672,3695.15,0,36.966,0.282872,0.608429,1.88553,5.47062,1.10324,6.57846,0.42336,36.966,0.42336,423.524,0,0.993116,0,0,1.60154,0.608429,1.028160,1,0,42.1771,0,0,0,42.1771,0
64.693,2.44759,0,0,2.58093,0.256447,0.36288,3.6288,59.2287,0.532786,0,0,0.655024,0.21523,0,0.66528,12.849,1,0.482503,0.36288,0,43.7733,4.34353,39.3102,0.84672,12.849,0.84672,3695.15,0,36.966,0.332003,0.608429,1.88587,5.03569,1.10324,6.09473,0.42336,36.966,0.42336,423.524,0,0.865875,0,0,1.4743,0.608429,1.028160,1,0,45.4049,0,0,0,45.4049,0
64.1255,2.13509,0,0,2.18429,0.253833,0.36288,3.6288,59.3293,0.282256,0,0,0.607853,0.225,0,0.66528,12.849,1,0.42406,0.36288,0,44.1726,4.10199,40.0094,0.84672,12.849,0.84672,3695.15,0,36.966,0.176163,1.09776,1.88621,6.19736,0.989083,8.01609,0.42336,36.966,0.42336,423.524,0,1.02816,0,0,2.12592,1.09776,1.028160,1,0,48.0255,0,0,0,48.0255,0
63.9237,1.94265,0,0,2.38488,0.281161,0.36288,3.6288,59.4267,0.422897,0,0,0.742165,0.221894,0,0.66528,12.849,1,0.389255,0.36288,0,61.5531,3.98643,57.5403,0.84672,12.849,0.84672,3695.15,0,36.966,0.263492,1.22451,1.62811,6.38194,0.947396,8.02367,0.42336,36.966,0.42336,423.524,0,1.02816,0,0,2.25267,1.22451,1.028160,1,0,65.564,0,0,0,65.564,0
65.2275,1.94224,0,0,3.88962,0.280702,0.36288,3.6288,60.1282,0.423163,0,0,1.34669,0.222033,0,0.66528,12.849,1,0.390401,0.36288,0,69.6018,3.98643,65.5878,0.84672,12.849,0.84672,3695.15,0,36.966,0.263226,1.8916,1.76166,7.78067,0.947396,10.2233,0.42336,36.966,0.42336,423.524,0,1.02816,0,0,2.91976,1.8916,1.028160,1,0,75.8111,0,0,0,75.8111,0
66.9436,1.94937,0,0,4.31211,0.283667,0.36288,3.6288,60.9513,0.425065,0,0,1.47118,0.223029,0,0.66528,12.849,1,0.384002,0.36288,0,65.2312,3.98643,61.2237,0.84672,12.849,0.84672,3695.15,0,36.966,0.261324,2.07211,1.7618,6.89351,0.947396,9.51869,0.42336,36.966,0.42336,423.524,0,1.02816,0,0,3.10027,2.07211,1.028160,1,0,70.7424,0,0,0,70.7424,0
68.0593,1.95825,0,0,3.72793,0.29114,0.36288,3.6288,61.308,0.427262,0,0,1.16421,0.215532,0.164668,0.66528,12.849,1,0.375861,0.36288,0,59.0913,3.99077,55.0875,0.84672,12.849,0.84672,3695.15,0,36.966,0.259128,1.64443,1.76194,6.85163,0.947459,9.05142,0.42336,36.966,0.42336,423.524,0,1.02816,0,0,2.67259,1.64443,1.028160,1,0,64.3036,0,0,0,64.3036,0
70.047,2.04278,0,0,4.68686,0.293518,0.36288,3.6288,61.308,0.465536,0,0,1.10547,0.190753,0.449182,0.66528,12.849,1,0.385658,0.36288,0,102.909,3.97971,98.9068,0.84672,12.849,0.84672,3695.15,0,36.966,0.280697,1.54761,1.76207,9.67049,1.01426,11.6852,0.42336,36.966,0.42336,423.524,0,1.02816,0,0,2.57577,1.54761,1.028160,1,0,111.041,0,0,0,111.041,0
72.0025,2.10323,0,0,4.71973,0.298091,0.36288,3.6288,61.308,0.428209,0,0,1.22399,0.190753,0.605031,0.66528,12.849,1,0.385803,0.36288,0,103.465,3.97971,99.4622,0.84672,12.849,0.84672,3695.15,0,36.966,0.258191,2.02958,1.82598,10.3999,1.01426,12.983,0.42336,36.966,0.42336,423.524,0,1.02816,0,0,3.05774,2.02958,1.028160,1,0,113.05,0,0,0,113.05,0
72.29,2.11276,0,0,3.4817,0.302591,0.778873,3.6288,61.308,0.428209,0,0,0.90822,0.190753,0.289257,0.66528,12.849,1,0.377027,0.778873,0,74.2928,3.97971,70.7149,0.84672,12.849,0.84672,3695.15,0,36.966,0.258191,0.97543,1.79111,7.36845,1.01426,8.86254,0.42336,36.966,0.42336,423.524,0,1.02816,0,0,2.00359,0.97543,1.028160,1,0,79.8667,0,0,0,79.8667,0
72.29,2.11468,0,0,3.07612,0.271076,0.690357,3.6288,61.308,0.428209,0,0,0.759162,0.204211,0.126742,0.66528,12.849,1,0.375869,0.690357,0,65.1283,4.09191,61.3509,0.84672,12.849,0.84672,3695.15,0,36.966,0.258191,0.786387,1.79126,6.3682,1.02838,7.65928,0.42336,36.966,0.42336,423.524,0,1.02816,0,0,1.81455,0.786387,1.028160,1,0,69.1369,0,0,0,69.1369,0
72.29,2.08424,0,0,2.87519,0.26853,0.522426,3.6288,61.308,0.413699,0,0,0.636487,0.221898,0.000890206,0.66528,12.849,1,0.370458,0.522426,0,59.6268,4.82593,54.9528,0.84672,12.849,0.84672,3695.15,0,36.966,0.249442,0.664788,1.7914,5.62622,1.16094,6.67202,0.42336,36.966,0.42336,423.524,0,1.02816,0,0,1.69295,0.664788,1.028160,1,0,61.6257,0,0,0,61.6257,0
72.29,2.06513,0,0,2.82037,0.217938,0.537303,3.6288,61.2557,0.428207,0,0,0.59969,0.2238,0,0.66528,12.849,1,0.367061,0.537303,0,66.5804,4.53524,62.2154,0.84672,12.849,0.84672,3695.15,0,36.966,0.25819,0.583805,1.76671,5.42579,1.14018,6.37793,0.42336,36.966,0.42336,423.524,0,1.02816,0,0,1.61196,0.583805,1.028160,1,0,68.5933,0,0,0,68.5933,0
72.1977,2.06577,0,0,2.52134,0.184948,0.36288,3.6288,61.285,0.432563,0,0,0.675432,0.213542,0,0.66528,12.849,1,0.367175,0.36288,0,57.8424,3.99325,53.8448,0.84672,12.849,0.84672,3695.15,0,36.966,0.261039,0.402797,1.78046,5.10966,1.07781,5.95407,0.42336,36.966,0.42336,423.524,0,1.02095,0,0,1.42375,0.402797,1.028160,1,0,59.7989,0,0,0,59.7989,0
71.9773,2.06601,0,0,2.39327,0.184819,0.36288,3.6288,61.1654,0.503667,0,0,0.597655,0.213582,0,0.66528,12.849,1,0.367687,0.36288,0,49.4979,3.99325,45.4998,0.84672,12.849,0.84672,3695.15,0,36.966,0.303803,0.402797,1.7806,4.73251,1.07781,5.53429,0.42336,36.966,0.42336,423.524,0,0.907088,0,0,1.30988,0.402797,1.028160,1,0,51.0341,0,0,0,51.0341,0
71.4906,2.17124,0,0,2.21148,0.164037,0.36288,3.6288,60.9959,0.541444,0,0,0.597662,0.22569,0,0.66528,12.849,1,0.387598,0.36288,0,45.1347,4.26164,40.8483,0.84672,12.849,0.84672,3695.15,0,36.966,0.327228,0.402797,1.78074,4.62186,1.06117,5.417,0.42336,36.966,0.42336,423.524,0,0.928428,0,0,1.33123,0.402797,1.028160,1,0,46.2653,0,0,0,46.2653,0
70.7198,2.23963,0,0,1.96797,0.136234,0.36288,3.6288,60.8825,0.472535,0,0,0.600925,0.241789,0,0.66528,12.849,1,0.402529,0.36288,0,39.7671,4.61948,35.1079,0.84672,12.849,0.84672,3695.15,0,36.966,0.286375,0.402797,1.86797,4.44357,1.03899,5.38897,0.42336,36.966,0.42336,423.524,0,0.955662,0,0,1.35846,0.402797,1.028160,1,0,40.4969,0,0,0,40.4969,0
69.893,2.23659,0,0,1.90807,0.135433,0.36288,3.6288,60.6879,0.502534,0,0,0.549531,0.241616,0,0.66528,12.849,1,0.406363,0.36288,0,36.5594,4.61948,31.8964,0.84672,12.849,0.84672,3695.15,0,36.966,0.305123,0.30119,1.81982,4.13303,1.03899,4.90993,0.42336,36.966,0.42336,423.524,0,0.906915,0,0,1.20811,0.30119,1.028160,1,0,36.8064,0,0,0,36.8064,0
68.8888,2.23319,0,0,1.69815,0.106303,0.36288,3.6288,60.4159,0.533509,0,0,0.521599,0.26013,0,0.66528,12.849,1,0.410546,0.36288,0,32.343,4.83368,27.4616,0.84672,12.849,0.84672,3695.15,0,36.966,0.324969,0.30119,1.81997,4.02057,1.09372,4.72305,0.42336,36.966,0.42336,423.524,0,0.856094,0,0,1.15728,0.30119,1.028160,1,0,32.1847,0,0,0,32.1847,0
67.8587,2.22882,0,0,1.64633,0.0846881,0.36288,3.6288,60.0903,0.561005,0,0,0.504812,0.269412,0,0.66528,12.849,1,0.415714,0.36288,0,30.378,5.01144,25.3137,0.84672,12.849,0.84672,3695.15,0,36.966,0.343256,0.30119,1.82012,3.76379,1.14003,4.40181,0.42336,36.966,0.42336,423.524,0,0.810311,0,0,1.1115,0.30119,1.028160,1,0,29.7155,0,0,0,29.7155,0
66.8435,2.20347,0,0,1.63659,0.0854797,0.36288,3.6288,59.7549,0.589936,0,0,0.497305,0.242783,0,0.66528,12.849,1,0.417226,0.36288,0,28.6464,5.11413,23.478,0.84672,12.849,0.84672,3695.15,0,36.966,0.362913,0.30119,1.82026,2.94428,1.17166,3.53116,0.42336,36.966,0.42336,423.524,0,0.807132,0,0,1.10832,0.30119,1.028160,1,0,27.0091,0,0,0,27.0091,0
65.6494,2.2369,0,0,1.49052,0.0847983,0.36288,3.6288,59.4768,0.525564,0,0,0.489739,0.242265,0,0.66528,12.849,1,0.429989,0.36288,0,27.9804,5.11413,22.7991,0.84672,12.849,0.84672,3695.15,0,36.966,0.325128,0.261274,1.85088,2.84005,1.17166,3.45542,0.42336,36.966,0.42336,423.524,0,0.863888,0,0,1.12516,0.261274,1.028160,1,0,26.2546,0,0,0,26.2546,0
64.3149,2.23103,0,0,1.34335,0.0839969,0.36288,3.6288,59.078,0.612981,0,0,0.456059,0.241834,0,0.66528,12.849,1,0.43666,0.36288,0,25.9337,5.11413,20.7458,0.84672,12.849,0.84672,3695.15,0,36.966,0.38098,0.261274,1.82446,2.7041,1.17166,3.2372,0.42336,36.966,0.42336,423.524,0,0.720619,0,0,0.981893,0.261274,1.028160,1,0,23.983,0,0,0,23.983,0
62.9517,2.22414,0,0,1.28458,0.0607391,0.36288,3.6288,58.5948,0.619047,0,0,0.431154,0.29529,0,0.66528,12.849,1,0.444344,0.36288,0,23.3807,5.81988,17.4794,0.84672,12.849,0.84672,3695.15,0,36.966,0.387347,0.261274,1.82461,2.56918,1.42927,2.83845,0.42336,36.966,0.42336,423.524,0,0.708186,0,0,0.96946,0.261274,1.028160,1,0,20.3178,0,0,0,20.3178,0
61.4096,2.26965,0,0,1.15658,0.066106,0.36288,3.6288,57.9954,0.691694,0,0,0.404575,0.312293,0,0.66528,12.849,1,0.463256,0.36288,0,18.6764,6.01616,12.5599,0.84672,12.849,0.84672,3695.15,0,36.966,0.42336,0.261274,1.82476,2.43567,1.50518,2.59316,0.42336,36.966,0.42336,423.524,0,0.640025,0,0,0.901299,0.261274,1.028160,1,0,15.153,0,0,0,15.153,0
59.8724,2.29419,0,0,1.19099,0.0711514,0.36288,3.6288,57.5601,0.550524,0,0,0.424798,0.309637,0,0.66528,12.849,1,0.480023,0.36288,0,24.4884,5.98175,18.3895,0.84672,12.849,0.84672,3695.15,0,36.966,0.350901,0.261274,1.86812,2.73782,1.49433,3.02198,0.42336,36.966,0.42336,423.524,0,0.813162,0,0,1.07444,0.261274,1.028160,1,0,21.4115,0,0,0,21.4115,0
58.2654,2.28471,0,0,1.11078,0.0702101,0.36288,3.6288,57.0908,0.536707,0,0,0.376258,0.308767,0,0.66528,12.849,1,0.490314,0.36288,0,19.3726,5.98175,13.2634,0.84672,12.849,0.84672,3695.15,0,36.966,0.344682,0.227405,1.84458,2.49899,1.49433,2.73196,0.42336,36.966,0.42336,423.524,0,0.833198,0,0,1.0606,0.227405,1.028160,1,0,15.9954,0,0,0,15.9954,0
56.5694,2.2743,0,0,1.01034,0.0691298,0.36288,3.6288,56.5007,0.635742,0,0,0.353424,0.307829,0,0.66528,12.849,1,0.501541,0.36288,0,17.8138,5.98175,11.6934,0.84672,12.849,0.84672,3695.15,0,36.966,0.411639,0.227405,1.84473,2.2871,1.49433,2.45327,0.42336,36.966,0.42336,423.524,0,0.667207,0,0,0.894612,0.227405,1.028160,1,0,14.1466,0,0,0,14.1466,0
54.7535,2.41467,0,0,1.02439,0.0627696,0.36288,3.6288,56.0062,0.594948,0,0,0.406112,0.305656,0,0.66528,12.849,1,0.548461,0.36288,0,17.0345,6.09277,10.7561,0.84672,12.849,0.84672,3695.15,0,36.966,0.389249,0.227405,1.84488,2.92392,1.49082,3.11614,0.42336,36.966,0.42336,423.524,0,0.876675,0,0,1.10408,0.227405,1.028160,1,0,13.8722,0,0,0,13.8722,0
52.5673,2.41293,0,0,0.667976,0.078362,0.36288,3.6288,55.1026,0.926485,0,0,0.307596,0.284675,0,0.66528,12.849,1,0.566243,0.36288,0,12.6277,5.84692,6.57742,0.84672,12.849,0.84672,3695.15,0,36.966,0.42336,0.227405,1.993,1.87733,1.37747,2.2969,0.42336,36.966,0.42336,423.524,0,0.495858,0,0,0.723263,0.227405,1.028160,1,0,8.87432,0,0,0,8.87432,0
50.4153,2.39444,0,0,0.681929,0.0766371,0.36288,3.6288,54.1809,0.933292,0,0,0.294585,0.282993,0,0.66528,12.849,1,0.585273,0.36288,0,11.6503,5.84692,5.58103,0.84672,12.849,0.84672,3695.15,0,36.966,0.42336,0.204422,1.98429,1.92459,1.37747,2.31247,0.42336,36.966,0.42336,423.524,0,0.489387,0,0,0.693809,0.204422,1.028160,1,0,7.8935,0,0,0,7.8935,0
48.6145,2.37497,0,0,1.01625,0.0791303,0.36288,3.6288,53.4579,0.791585,0,0,0.348759,0.280252,0,0.66528,12.849,1,0.605292,0.36288,0,14.997,5.81724,8.93731,0.84672,12.849,0.84672,3695.15,0,36.966,0.42336,0.204422,1.98465,2.10929,1.37383,2.50117,0.42336,36.966,0.42336,423.524,0,0.631428,0,0,0.835851,0.204422,1.028160,1,0,11.4385,0,0,0,11.4385,0
47.2471,2.35766,0,0,1.44948,0.0963257,0.36288,3.6288,52.8864,0.752124,0,0,0.450706,0.269998,0,0.66528,12.849,1,0.623138,0.36288,0,21.9993,5.7537,15.9853,0.84672,12.849,0.84672,3695.15,0,36.966,0.42336,0.204422,1.98501,2.30945,1.35044,2.72508,0.42336,36.966,0.42336,423.524,0,0.671224,0,0,0.875647,0.204422,1.028160,1,0,18.7104,0,0,0,18.7104,0
46.6151,2.27239,0,0,2.11472,0.111456,0.36288,3.6288,53.3334,0.42968,0,0,1.11189,0.23527,0,0.66528,12.849,1,0.617983,0.36288,0,36.236,5.57919,30.4017,0.84672,12.849,0.84672,3695.15,0,36.966,0.300333,1.22965,1.98537,6.43808,1.14079,8.21198,0.42336,36.966,0.42336,423.524,0,1.02816,0,0,2.25781,1.22965,1.028160,1,0,38.6137,0,0,0,38.6137,0
46.4548,2.26623,0,0,2.58307,0.1143,0.36288,3.6288,54.5139,0.431355,0,0,1.84485,0.232984,0,0.66528,12.849,1,0.624665,0.36288,0,34.0189,5.44068,28.3164,0.84672,12.849,0.84672,3695.15,0,36.966,0.298977,2.47255,1.90002,7.80615,1.11471,10.765,0.42336,36.966,0.42336,423.524,0,1.02816,0,0,3.50071,2.47255,1.028160,1,0,39.0814,0,0,0,39.0814,0
46.2432,2.26496,0,0,2.5303,0.114097,0.36288,3.6288,55.4848,0.435404,0,0,1.64131,0.234968,0,0.66528,12.849,1,0.626468,0.36288,0,43.9007,5.44068,38.1964,0.84672,12.849,0.84672,3695.15,0,36.966,0.295248,2.02821,1.90037,7.17094,1.11471,9.68955,0.42336,36.966,0.42336,423.524,0,1.02816,0,0,3.05637,2.02821,1.028160,1,0,47.886,0,0,0,47.886,0
45.9911,2.26312,0,0,2.4878,0.113829,0.36288,3.6288,56.2809,0.438696,0,0,1.47125,0.236475,0,0.66528,12.849,1,0.628825,0.36288,0,40.2536,5.44068,34.547,0.84672,12.849,0.84672,3695.15,0,36.966,0.292275,1.90399,1.90071,6.68301,1.11471,9.08072,0.42336,36.966,0.42336,423.524,0,1.02816,0,0,2.93215,1.90399,1.028160,1,0,43.6277,0,0,0,43.6277,0
45.1007,2.20244,0,0,1.8482,0.173275,0.36288,3.6288,56.9998,0.392524,0,0,1.33167,0.22029,0,0.66528,12.849,1,0.615317,0.36288,0,51.2353,4.57282,46.41,0.84672,12.849,0.84672,3695.15,0,36.966,0.257814,1.46392,1.90106,7.41931,1.01561,9.51085,0.42336,36.966,0.42336,423.524,0,1.02816,0,0,2.49208,1.46392,1.028160,1,0,55.9209,0,0,0,55.9209,0
44.2449,2.16553,0,0,1.86643,0.19388,0.36288,3.6288,57.657,0.416386,0,0,1.29981,0.226182,0,0.66528,12.849,1,0.61695,0.36288,0,39.2761,4.21596,34.806,0.84672,12.849,0.84672,3695.15,0,36.966,0.270038,0.911606,1.82485,6.25822,1.01758,7.70707,0.42336,36.966,0.42336,423.524,0,1.02816,0,0,1.93977,0.911606,1.028160,1,0,42.5131,0,0,0,42.5131,0
44.4465,2.15692,0,0,2.9134,0.192011,0.36288,3.6288,58.5482,0.418262,0,0,1.53662,0.227148,0,0.66528,12.849,1,0.626382,0.36288,0,52.6327,4.21596,48.1533,0.84672,12.849,0.84672,3695.15,0,36.966,0.268163,1.36197,1.84613,8.29319,1.01758,10.2155,0.42336,36.966,0.42336,423.524,0,1.02816,0,0,2.39013,1.36197,1.028160,1,0,58.3688,0,0,0,58.3688,0
48.7961,2.15975,0,0,7.0647,0.192451,0.36288,3.6288,61.308,0.420764,0,0,3.79799,0.228458,0.388992,0.66528,12.849,1,0.624361,0.36288,0,120.419,4.21596,115.942,0.84672,12.849,0.84672,3695.15,0,36.966,0.265661,5.1833,1.84628,13.75,1.01758,19.4963,0.42336,36.966,0.42336,423.524,0,1.02816,0,0,6.21146,5.1833,1.028160,1,0,135.827,0,0,0,135.827,0
50.1133,2.03635,0,0,3.93066,0.214178,0.36288,3.6288,61.308,0.322968,0,0,1.94616,0.226493,1.3967,0.66528,12.849,1,0.536213,0.36288,0,67.0332,4.02513,62.8347,0.84672,12.849,0.84672,3695.15,0,36.966,0.194735,2.58896,1.84643,8.09041,0.978953,11.3521,0.42336,36.966,0.42336,423.524,0,1.02816,0,0,3.61712,2.58896,1.028160,1,0,75.5835,0,0,0,75.5835,0
54.871,1.9139,0,0,7.26259,0.22817,0.36288,3.6288,61.308,0.428205,0,0,3.81447,0.203345,3.18291,0.66528,12.849,1,0.490722,0.36288,0,90.3746,3.76299,86.4837,0.84672,12.849,0.84672,3695.15,0,36.966,0.258189,3.14122,1.67643,13.6579,0.956634,17.2608,0.42336,36.966,0.42336,423.524,0,1.02816,0,0,4.16938,3.14122,1.028160,1,0,106.927,0,0,0,106.927,0
58.955,1.94898,0,0,6.63555,0.239636,0.36288,3.6288,61.308,0.428205,0,0,2.0529,0.203345,1.42135,0.66528,12.849,1,0.456388,0.36288,0,101.812,3.76299,97.9555,0.84672,12.849,0.84672,3695.15,0,36.966,0.258189,2.26559,1.77529,13.225,0.956634,16.051,0.42336,36.966,0.42336,423.524,0,1.02816,0,0,3.29375,2.26559,1.028160,1,0,115.428,0,0,0,115.428,0
61.7649,1.97555,0,0,5.3978,0.249478,0.36288,3.6288,61.308,0.428205,0,0,1.76931,0.203345,1.13776,0.66528,12.849,1,0.430564,0.36288,0,90.3347,3.76299,86.504,0.84672,12.849,0.84672,3695.15,0,36.966,0.258189,2.49523,1.77543,12.8161,0.956634,15.8719,0.42336,36.966,0.42336,423.524,0,1.02816,0,0,3.52339,2.49523,1.028160,1,0,103.514,0,0,0,103.514,0
64.3966,1.99239,0,0,5.27719,0.290285,0.36288,3.6288,61.308,0.428205,0,0,2.9077,0.240164,2.23933,0.66528,12.849,1,0.414478,0.36288,0,104.946,4.11555,100.779,0.84672,12.849,0.84672,3695.15,0,36.966,0.258189,3.28566,1.77557,14.8693,1.07378,18.5985,0.42336,36.966,0.42336,423.524,0,1.02816,0,0,4.31382,3.28566,1.028160,1,0,121.616,0,0,0,121.616,0
66.7633,2.07528,0,0,5.11535,0.310447,0.36288,3.6288,61.308,0.458709,0,0,2.82258,0.227561,2.13631,0.66528,12.849,1,0.41408,0.36288,0,88.5393,4.68815,83.7999,0.84672,12.849,0.84672,3695.15,0,36.966,0.276581,2.99517,1.77571,12.8939,1.18521,16.203,0.42336,36.966,0.42336,423.524,0,1.02816,0,0,4.02333,2.99517,1.028160,1,0,102.139,0,0,0,102.139,0
72.29,2.12922,0,0,10.2138,0.302451,2.25544,3.6288,61.308,0.428204,0,0,3.85781,0.203944,3.22566,0.66528,12.849,1,0.409781,2.25544,0,107.076,4.20511,104.716,0.84672,12.849,0.84672,3695.15,0,36.966,0.258188,4.47625,1.82895,22.4471,1.10182,27.3922,0.42336,36.966,0.42336,423.524,0,1.02816,0,0,5.50441,4.47625,1.028160,1,0,135.334,0,0,0,135.334,0
72.29,2.15645,0,0,8.88944,0.307497,6.42549,3.6288,61.308,0.428204,0,0,3.53598,0.197743,2.91003,0.66528,12.849,1,0.383292,6.42549,0,193.982,3.99073,196.033,0.84672,12.849,0.84672,3695.15,0,36.966,0.258188,5.27094,1.80047,17.8222,1.07504,23.5604,0.42336,36.966,0.42336,423.524,0,1.02816,0,0,6.2991,5.27094,1.028160,1,0,222.504,0,0,0,222.504,0
72.29,2.15708,0,0,6.43381,0.307497,3.96924,3.6288,61.308,0.428204,0,0,4.8868,0.197743,4.26085,0.66528,12.849,1,0.383404,3.96924,0,113.46,3.99073,113.055,0.84672,12.849,0.84672,3695.15,0,36.966,0.258188,6.90615,1.80061,21.4068,1.07504,28.7803,0.42336,36.966,0.42336,423.524,0,1.02816,0,0,7.93431,6.90615,1.028160,1,0,146.096,0,0,0,146.096,0
72.29,2.38077,0,0,7.51939,0.31362,4.825,3.6288,61.308,0.542804,0,0,5.72566,0.192884,4.98997,0.66528,12.849,1,0.423164,4.825,0,154.655,3.93314,155.124,0.84672,12.849,0.84672,3695.15,0,36.966,0.327287,7.92672,1.80075,24.2259,1.06185,32.5642,0.42336,36.966,0.42336,423.524,0,1.02816,0,0,8.95488,7.92672,1.028160,1,0,192.678,0,0,0,192.678,0
72.29,2.51044,0,0,6.28988,0.321785,3.45765,3.6288,61.308,0.448042,0,0,5.40354,0.186404,4.7691,0.66528,12.849,1,0.446211,3.45765,0,133.573,3.85634,132.728,0.84672,12.849,0.84672,3695.15,0,36.966,0.270149,7.44327,1.99205,22.8204,1.04426,30.9413,0.42336,36.966,0.42336,423.524,0,1.02816,0,0,8.47143,7.44327,1.028160,1,0,168.438,0,0,0,168.438,0
72.29,2.51088,0,0,7.2716,0.321785,4.43894,3.6288,61.308,0.448232,0,0,4.70049,0.186404,4.06585,0.66528,12.849,1,0.446289,4.43894,0,107.331,3.85634,107.468,0.84672,12.849,0.84672,3695.15,0,36.966,0.270264,6.25614,1.90331,16.9589,1.04426,23.8038,0.42336,36.966,0.42336,423.524,0,1.02816,0,0,7.2843,6.25614,1.028160,1,0,135.337,0,0,0,135.337,0
72.29,2.51131,0,0,4.76636,0.332938,1.92211,3.6288,61.308,0.448421,0,0,4.22214,0.16009,3.61363,0.66528,12.849,1,0.446367,1.92211,0,120.913,3.50672,118.882,0.84672,12.849,0.84672,3695.15,0,36.966,0.270378,5.4521,1.90364,14.2329,0.969827,20.3485,0.42336,36.966,0.42336,423.524,0,1.02816,0,0,6.48026,5.4521,1.028160,1,0,142.844,0,0,0,142.844,0
72.29,2.19337,0,0,7.47602,0.327202,4.95545,3.6288,61.308,0.294709,0,0,4.5194,0.150208,4.07449,0.66528,12.849,1,0.389855,4.95545,0,154.981,3.03885,156.508,0.84672,12.849,0.84672,3695.15,0,36.966,0.177697,6.42159,1.90397,16.2598,0.920863,23.4868,0.42336,36.966,0.42336,423.524,0,1.02816,0,0,7.44975,6.42159,1.028160,1,0,184.069,0,0,0,184.069,0
72.29,2.01229,0,0,6.2249,0.308402,3.90421,3.6288,61.308,0.428197,0,0,3.20525,0.163347,2.61371,0.66528,12.849,1,0.357669,3.90421,0,119.111,2.76465,119.893,0.84672,12.849,0.84672,3695.15,0,36.966,0.258184,4.76086,1.64343,12.7332,0.930008,17.9493,0.42336,36.966,0.42336,423.524,0,1.02816,0,0,5.78902,4.76086,1.028160,1,0,140.456,0,0,0,140.456,0
72.29,2.01289,0,0,7.84788,0.308402,5.52659,3.6288,61.308,0.428197,0,0,4.58533,0.163347,3.99379,0.66528,12.849,1,0.357777,5.52659,0,158.026,2.76465,160.43,0.84672,12.849,0.84672,3695.15,0,36.966,0.258184,6.18699,1.76878,18.3009,0.930008,25.0685,0.42336,36.966,0.42336,423.524,0,1.02816,0,0,7.21515,6.18699,1.028160,1,0,189.492,0,0,0,189.492,0
72.29,2.0135,0,0,11.1063,0.309028,8.78376,3.6288,61.308,0.428197,0,0,7.40611,0.170996,6.80692,0.66528,12.849,1,0.357884,8.78376,0,215.754,2.98121,221.198,0.84672,12.849,0.84672,3695.15,0,36.966,0.258184,12.3598,1.76892,32.4429,0.963357,45.35,0.42336,36.966,0.42336,423.524,0,1.02816,0,0,13.3879,12.3598,1.028160,1,0,273.355,0,0,0,273.355,0
72.29,2.0141,0,0,7.41303,0.312787,5.08615,3.6288,61.308,0.428197,0,0,4.18035,0.216891,3.53526,0.66528,12.849,1,0.357991,5.08615,0,172.805,4.28053,173.253,0.84672,12.849,0.84672,3695.15,0,36.966,0.258184,6.73002,1.76905,19.3415,1.16345,26.4189,0.42336,36.966,0.42336,423.524,0,1.02816,0,0,7.75818,6.73002,1.028160,1,0,203.207,0,0,0,203.207,0
72.29,2.09492,0,0,4.36036,0.288103,1.97734,3.6288,61.308,0.46588,0,0,3.66352,0.184921,3.01271,0.66528,12.849,1,0.372356,1.97734,0,92.3426,4.43373,89.5138,0.84672,12.849,0.84672,3695.15,0,36.966,0.280905,5.71709,1.76918,13.5372,0.95044,19.7922,0.42336,36.966,0.42336,423.524,0,1.02816,0,0,6.74525,5.71709,1.028160,1,0,112.319,0,0,0,112.319,0
72.29,2.14682,0,0,4.44258,0.304861,1.99089,3.6288,61.308,0.428204,0,0,4.20787,0.207309,3.57236,0.66528,12.849,1,0.381581,1.99089,0,93.9082,3.7862,91.7313,0.84672,12.849,0.84672,3695.15,0,36.966,0.258188,6.23748,1.83369,13.6119,0.94938,20.4755,0.42336,36.966,0.42336,423.524,0,1.02816,0,0,7.26564,6.23748,1.028160,1,0,115.779,0,0,0,115.779,0
72.29,2.14745,0,0,6.59008,0.304861,4.13777,3.6288,61.308,0.428204,0,0,6.15686,0.207309,5.52135,0.66528,12.849,1,0.381693,4.13777,0,143.722,3.7862,143.692,0.84672,12.849,0.84672,3695.15,0,36.966,0.258188,10.8784,1.79849,21.3378,0.94938,32.8071,0.42336,36.966,0.42336,423.524,0,1.02816,0,0,11.9065,10.8784,1.028160,1,0,182.02,0,0,0,182.02,0
72.29,2.14808,0,0,5.03213,0.304861,2.57919,3.6288,61.308,0.428204,0,0,5.18182,0.207309,4.54631,0.66528,12.849,1,0.381804,2.57919,0,107.117,3.7862,105.528,0.84672,12.849,0.84672,3695.15,0,36.966,0.258188,7.61789,1.79862,17.1752,0.94938,25.3841,0.42336,36.966,0.42336,423.524,0,1.02816,0,0,8.64605,7.61789,1.028160,1,0,135.459,0,0,0,135.459,0
72.29,2.11732,0,0,3.50727,0.283325,1.10662,3.6288,61.308,0.413558,0,0,2.8157,0.203135,2.199,0.66528,12.849,1,0.376338,1.10662,0,70.4315,3.66792,67.4939,0.84672,12.849,0.84672,3695.15,0,36.966,0.249357,4.35562,1.79876,10.3261,0.935543,15.2956,0.42336,36.966,0.42336,423.524,0,1.02816,0,0,5.38378,4.35562,1.028160,1,0,84.9885,0,0,0,84.9885,0
72.29,2.09801,0,0,2.88271,0.274711,0.50999,3.6288,61.308,0.428202,0,0,1.88181,0.201465,1.25214,0.66528,12.849,1,0.372905,0.50999,0,59.711,3.62061,56.2275,0.84672,12.849,0.84672,3695.15,0,36.966,0.258187,2.52071,1.77384,8.41285,0.930008,11.5192,0.42336,36.966,0.42336,423.524,0,1.02816,0,0,3.54887,2.52071,1.028160,1,0,68.9989,0,0,0,68.9989,0
72.29,2.09863,0,0,3.39895,0.274711,1.02561,3.6288,61.308,0.428202,0,0,2.13124,0.201465,1.50157,0.66528,12.849,1,0.373015,1.02561,0,67.4865,3.62061,64.5185,0.84672,12.849,0.84672,3695.15,0,36.966,0.258187,2.65262,1.78771,9.87552,0.930008,13.1277,0.42336,36.966,0.42336,423.524,0,1.02816,0,0,3.68078,2.65262,1.028160,1,0,79.1477,0,0,0,79.1477,0
72.29,2.09925,0,0,2.82387,0.182865,0.54176,3.6288,61.308,0.428202,0,0,1.74024,0.243874,1.06817,0.66528,12.849,1,0.373125,0.54176,0,55.7018,4.17228,51.6982,0.84672,12.849,0.84672,3695.15,0,36.966,0.258187,2.80651,1.78785,7.99822,1.04977,11.2846,0.42336,36.966,0.42336,423.524,0,1.02816,0,0,3.83467,2.80651,1.028160,1,0,64.051,0,0,0,64.051,0
72.1357,2.20647,0,0,2.6011,0.186034,0.36288,3.6288,61.308,0.480176,0,0,1.63932,0.226049,0.933094,0.66528,12.849,1,0.392183,0.36288,0,52.2918,4.14333,48.1192,0.84672,12.849,0.84672,3695.15,0,36.966,0.289525,2.23582,1.78798,7.5994,1.01472,10.3189,0.42336,36.966,0.42336,423.524,0,1.02816,0,0,3.26398,2.23582,1.028160,1,0,59.3712,0,0,0,59.3712,0
71.9566,2.27711,0,0,2.65465,0.193728,0.36288,3.6288,61.308,0.428211,0,0,1.48529,0.181488,0.875587,0.66528,12.849,1,0.405605,0.36288,0,50.1225,4.07096,46.0088,0.84672,12.849,0.84672,3695.15,0,36.966,0.258192,2.04727,1.87601,7.48544,0.9271,10.2234,0.42336,36.966,0.42336,423.524,0,1.02816,0,0,3.07543,2.04727,1.028160,1,0,57.1078,0,0,0,57.1078,0
71.6594,2.2769,0,0,2.53603,0.193464,0.36288,3.6288,61.308,0.428211,0,0,1.49157,0.181488,0.881868,0.66528,12.849,1,0.406577,0.36288,0,47.0928,4.07096,42.9781,0.84672,12.849,0.84672,3695.15,0,36.966,0.258192,1.9118,1.82741,7.19772,0.9271,9.75164,0.42336,36.966,0.42336,423.524,0,1.02816,0,0,2.93996,1.9118,1.028160,1,0,53.6116,0,0,0,53.6116,0
71.1983,2.27612,0,0,2.37095,0.193027,0.36288,3.6288,61.308,0.428211,0,0,1.38849,0.181488,0.778793,0.66528,12.849,1,0.408123,0.36288,0,43.9516,4.07096,39.8354,0.84672,12.849,0.84672,3695.15,0,36.966,0.258192,1.75437,1.82756,6.81817,0.9271,9.2148,0.42336,36.966,0.42336,423.524,0,1.02816,0,0,2.78253,1.75437,1.028160,1,0,49.829,0,0,0,49.829,0
70.6833,2.27453,0,0,2.24572,0.123373,0.36288,3.6288,61.308,0.428211,0,0,1.32744,0.24042,0.658811,0.66528,12.849,1,0.41048,0.36288,0,41.5845,5.43417,36.1027,0.84672,12.849,0.84672,3695.15,0,36.966,0.258192,1.83108,1.8277,6.50989,1.12063,8.78985,0.42336,36.966,0.42336,423.524,0,1.02816,0,0,2.85924,1.83108,1.028160,1,0,45.5514,0,0,0,45.5514,0
69.9473,2.25162,0,0,1.99892,0.120395,0.36288,3.6288,61.308,0.478955,0,0,1.0777,0.215461,0.383286,0.66528,12.849,1,0.409306,0.36288,0,39.9982,4.81089,35.1409,0.84672,12.849,0.84672,3695.15,0,36.966,0.288788,0.30119,1.82784,5.44437,1.06866,6.21595,0.42336,36.966,0.42336,423.524,0,0.99265,0,0,1.29384,0.30119,1.028160,1,0,41.7401,0,0,0,41.7401,0
68.9975,2.28734,0,0,1.82015,0.119714,0.36288,3.6288,61.308,0.428216,0,0,1.06681,0.215461,0.42313,0.66528,12.849,1,0.420175,0.36288,0,39.6888,4.81089,34.8206,0.84672,12.849,0.84672,3695.15,0,36.966,0.258195,0.26752,1.85874,5.23992,1.06866,6.03932,0.42336,36.966,0.42336,423.524,0,1.02816,0,0,1.29568,0.26752,1.028160,1,0,41.2831,0,0,0,41.2831,0
67.8795,2.28312,0,0,1.64682,0.118836,0.36288,3.6288,61.308,0.52459,0,0,0.990014,0.215461,0.249964,0.66528,12.849,1,0.425171,0.36288,0,35.6409,4.81089,30.7677,0.84672,12.849,0.84672,3695.15,0,36.966,0.316304,0.261274,1.83207,5.02556,1.06866,5.73394,0.42336,36.966,0.42336,423.524,0,0.873677,0,0,1.13495,0.261274,1.028160,1,0,36.7516,0,0,0,36.7516,0
66.7175,2.27788,0,0,1.56895,0.0901965,0.36288,3.6288,61.308,0.521119,0,0,0.936757,0.281275,0.134364,0.66528,12.849,1,0.431182,0.36288,0,32.2879,5.65779,26.5618,0.84672,12.849,0.84672,3695.15,0,36.966,0.314211,0.261274,1.83221,4.7614,1.37779,5.16288,0.42336,36.966,0.42336,423.524,0,0.879241,0,0,1.14051,0.261274,1.028160,1,0,31.859,0,0,0,31.859,0
65.4473,2.32607,0,0,1.50522,0.0864402,0.36288,3.6288,61.2568,0.583523,0,0,0.827289,0.295014,0,0.66528,12.849,1,0.447974,0.36288,0,30.6171,5.75544,24.7766,0.84672,12.849,0.84672,3695.15,0,36.966,0.351838,0.261274,1.83236,4.355,1.41373,4.68307,0.42336,36.966,0.42336,423.524,0,0.820083,0,0,1.08136,0.261274,1.028160,1,0,29.4597,0,0,0,29.4597,0
64.1713,2.35362,0,0,1.52722,0.0867772,0.36288,3.6288,61.1925,0.552584,0,0,0.785333,0.296995,0,0.66528,12.849,1,0.462077,0.36288,0,29.1692,5.72282,23.3471,0.84672,12.849,0.84672,3695.15,0,36.966,0.333462,0.261274,1.87611,4.13554,1.40203,4.53743,0.42336,36.966,0.42336,423.524,0,0.828533,0,0,1.08981,0.261274,1.028160,1,0,27.8846,0,0,0,27.8846,0
62.7276,2.34663,0,0,1.35178,0.085891,0.36288,3.6288,61.0668,0.56596,0,0,0.737122,0.296874,0,0.66528,12.849,1,0.469865,0.36288,0,27.5354,5.72282,21.7056,0.84672,12.849,0.84672,3695.15,0,36.966,0.341893,0.227405,1.85235,4.13785,1.40203,4.47367,0.42336,36.966,0.42336,423.524,0,0.806725,0,0,1.03413,0.227405,1.028160,1,0,26.1793,0,0,0,26.1793,0
61.1775,2.33831,0,0,1.23591,0.0848884,0.36288,3.6288,60.866,0.616172,0,0,0.712057,0.296638,0,0.66528,12.849,1,0.478974,0.36288,0,25.8587,5.72282,20.0198,0.84672,12.849,0.84672,3695.15,0,36.966,0.372992,0.227405,1.85249,3.94249,1.40203,4.24736,0.42336,36.966,0.42336,423.524,0,0.725414,0,0,0.952819,0.227405,1.028160,1,0,24.2672,0,0,0,24.2672,0
59.2875,2.48432,0,0,1.02774,0.0705501,0.36288,3.6288,60.5096,0.744995,0,0,0.690094,0.301511,0,0.66528,12.849,1,0.521777,0.36288,0,23.9949,5.96505,17.871,0.84672,12.849,0.84672,3695.15,0,36.966,0.42336,0.227405,1.85264,3.79089,1.43469,4.01289,0.42336,36.966,0.42336,423.524,0,0.694025,0,0,0.92143,0.227405,1.028160,1,0,21.8839,0,0,0,21.8839,0
57.0752,2.47108,0,0,0.710873,0.0891301,0.36288,3.6288,59.8958,0.887569,0,0,0.556741,0.283047,0,0.66528,12.849,1,0.535541,0.36288,0,18.6224,5.72575,12.724,0.84672,12.849,0.84672,3695.15,0,36.966,0.42336,0.227405,2.00222,2.92588,1.42027,3.31187,0.42336,36.966,0.42336,423.524,0,0.551776,0,0,0.779181,0.227405,1.028160,1,0,16.0359,0,0,0,16.0359,0
54.8009,2.45456,0,0,0.630357,0.0872315,0.36288,3.6288,59.2026,0.912457,0,0,0.501227,0.281943,0,0.66528,12.849,1,0.55258,0.36288,0,16.5498,5.72575,10.6344,0.84672,12.849,0.84672,3695.15,0,36.966,0.42336,0.204422,2.00257,2.83965,1.42027,3.20301,0.42336,36.966,0.42336,423.524,0,0.527213,0,0,0.731635,0.204422,1.028160,1,0,13.8374,0,0,0,13.8374,0
52.6225,2.43641,0,0,0.706113,0.0852796,0.36288,3.6288,58.5437,0.892391,0,0,0.514169,0.280697,0,0.66528,12.849,1,0.571257,0.36288,0,16.4505,5.72575,10.5163,0.84672,12.849,0.84672,3695.15,0,36.966,0.42336,0.204422,2.00291,3.04353,1.42027,3.40724,0.42336,36.966,0.42336,423.524,0,0.547603,0,0,0.752026,0.204422,1.028160,1,0,13.9236,0,0,0,13.9236,0
50.8713,2.41782,0,0,1.13009,0.100564,0.36288,3.6288,58.1692,0.731113,0,0,0.631912,0.275296,0,0.66528,12.849,1,0.590367,0.36288,0,27.3294,5.60702,21.4949,0.84672,12.849,0.84672,3695.15,0,36.966,0.42336,0.204422,2.00326,3.31771,1.4057,3.69633,0.42336,36.966,0.42336,423.524,0,0.709206,0,0,0.913628,0.204422,1.028160,1,0,25.1913,0,0,0,25.1913,0
49.1092,2.32873,0,0,1.01355,0.0840059,0.36288,3.6288,57.9358,0.660647,0,0,0.697748,0.270448,0,0.66528,12.849,1,0.588187,0.36288,0,21.9628,5.10639,16.6311,0.84672,12.849,0.84672,3695.15,0,36.966,0.419835,0.204422,2.00361,2.92148,1.36176,3.34792,0.42336,36.966,0.42336,423.524,0,0.693835,0,0,0.898258,0.204422,1.028160,1,0,19.979,0,0,0,19.979,0
47.0462,2.3124,0,0,0.690267,0.0779728,0.36288,3.6288,57.3995,0.823544,0,0,0.557119,0.269869,0,0.66528,12.849,1,0.60502,0.36288,0,19.5897,5.03779,14.3098,0.84672,12.849,0.84672,3695.15,0,36.966,0.42336,0.216518,1.91747,2.48931,1.35625,2.84368,0.42336,36.966,0.42336,423.524,0,0.527723,0,0,0.744241,0.216518,1.028160,1,0,17.1535,0,0,0,17.1535,0
45.3933,2.29196,0,0,1.14047,0.138568,0.36288,3.6288,57.3975,0.635936,0,0,0.843656,0.209788,0,0.66528,12.849,1,0.625968,0.36288,0,27.8897,4.20727,23.4194,0.84672,12.849,0.84672,3695.15,0,36.966,0.40955,0.216518,1.9178,3.29776,1.09666,3.92587,0.42336,36.966,0.42336,423.524,0,0.729449,0,0,0.945968,0.216518,1.028160,1,0,27.3453,0,0,0,27.3453,0
45.1178,2.27459,0,0,2.54388,0.181937,0.36288,3.6288,58.1195,0.454421,0,0,1.3419,0.165426,0,0.66528,12.849,1,0.643845,0.36288,0,71.2676,3.58438,67.4023,0.84672,12.849,0.84672,3695.15,0,36.966,0.292663,0.285915,1.91814,7.04927,0.901968,8.05869,0.42336,36.966,0.42336,423.524,0,1.02816,0,0,1.31407,0.285915,1.028160,1,0,75.461,0,0,0,75.461,0
43.6426,2.21324,0,0,1.25623,0.155266,0.36288,3.6288,58.1157,0.561354,0,0,0.747766,0.19023,0,0.66528,12.849,1,0.630304,0.36288,0,30.624,3.71182,26.6448,0.84672,12.849,0.84672,3695.15,0,36.966,0.357041,0.216518,1.91847,2.90663,0.88017,3.80441,0.42336,36.966,0.42336,423.524,0,0.775466,0,0,0.991984,0.216518,1.028160,1,0,30.4492,0,0,0,30.4492,0
42.5823,2.18139,0,0,1.69055,0.20659,0.36288,3.6288,57.9687,0.573108,0,0,0.636414,0.210254,0,0.66528,12.849,1,0.642231,0.36288,0,26.487,3.99857,22.2091,0.84672,12.849,0.84672,3695.15,0,36.966,0.36454,0.216518,1.84156,2.75074,0.99992,3.44436,0.42336,36.966,0.42336,423.524,0,0.776926,0,0,0.993445,0.216518,1.028160,1,0,25.6535,0,0,0,25.6535,0
41.1907,2.16971,0,0,1.35955,0.218592,0.36288,3.6288,57.5425,0.700438,0,0,0.482234,0.208055,0,0.66528,12.849,1,0.654699,0.36288,0,20.6379,4.01804,16.3281,0.84672,12.849,0.84672,3695.15,0,36.966,0.42336,0.292723,1.85383,2.36394,1.02472,3.06241,0.42336,36.966,0.42336,423.524,0,0.590777,0,0,0.8835,0.292723,1.028160,1,0,19.3905,0,0,0,19.3905,0
40.9996,2.15345,0,0,2.54029,0.215064,0.36288,3.6288,58.2328,0.417931,0,0,1.31573,0.207482,0,0.66528,12.849,1,0.671747,0.36288,0,41.1168,4.01804,36.7899,0.84672,12.849,0.84672,3695.15,0,36.966,0.268484,1.67813,1.85398,5.21516,1.02472,7.45405,0.42336,36.966,0.42336,423.524,0,1.02816,0,0,2.70629,1.67813,1.028160,1,0,44.244,0,0,0,44.244,0
43.4651,1.98851,0,0,5.02405,0.20711,0.36288,3.6288,60.2312,0.31573,0,0,2.52331,0.209189,0,0.66528,12.849,1,0.623185,0.36288,0,82.3393,3.90629,78.1727,0.84672,12.849,0.84672,3695.15,0,36.966,0.200424,2.01189,1.85412,7.48517,1.0105,10.1403,0.42336,36.966,0.42336,423.524,0,1.02816,0,0,3.04005,2.01189,1.028160,1,0,88.313,0,0,0,88.313,0
45.7343,1.88496,0,0,4.74297,0.22597,0.36288,3.6288,61.308,0.42534,0,0,1.76277,0.189487,0.0711439,0.66528,12.849,1,0.557224,0.36288,0,48.6738,3.52558,44.9539,0.84672,12.849,0.84672,3695.15,0,36.966,0.261046,2.24852,1.68257,6.82335,0.948196,9.5452,0.42336,36.966,0.42336,423.524,0,1.02816,0,0,3.27668,2.24852,1.028160,1,0,54.5702,0,0,0,54.5702,0
49.1691,1.90711,0,0,5.96086,0.256051,0.36288,3.6288,61.308,0.4282,0,0,2.15818,0.179859,1.55012,0.66528,12.849,1,0.5358,0.36288,0,76.2151,3.6415,72.4007,0.84672,12.849,0.84672,3695.15,0,36.966,0.258186,2.18911,1.78232,8.36508,0.957395,11.1209,0.42336,36.966,0.42336,423.524,0,1.02816,0,0,3.21727,2.18911,1.028160,1,0,85.0717,0,0,0,85.0717,0
52.874,1.93736,0,0,6.27097,0.265891,0.36288,3.6288,61.308,0.4282,0,0,2.24658,0.179859,1.63852,0.66528,12.849,1,0.506275,0.36288,0,63.9439,3.6415,60.159,0.84672,12.849,0.84672,3695.15,0,36.966,0.258186,2.43238,1.78246,8.12747,0.957395,11.1267,0.42336,36.966,0.42336,423.524,0,1.02816,0,0,3.46054,2.43238,1.028160,1,0,72.9242,0,0,0,72.9242,0
58.733,1.96648,0,0,8.4456,0.257194,0.36288,3.6288,61.308,0.4282,0,0,4.06159,0.206817,3.42657,0.66528,12.849,1,0.477877,0.36288,0,150.453,4.10946,146.228,0.84672,12.849,0.84672,3695.15,0,36.966,0.258186,4.12509,1.78259,14.3217,1.14758,18.8236,0.42336,36.966,0.42336,423.524,0,1.02816,0,0,5.15325,4.12509,1.028160,1,0,168.478,0,0,0,168.478,0
61.5608,2.07387,0,0,5.53105,0.266527,0.36288,3.6288,61.308,0.458981,0,0,2.11558,0.228965,1.42764,0.66528,12.849,1,0.4537,0.36288,0,48.1206,4.12692,43.9028,0.84672,12.849,0.84672,3695.15,0,36.966,0.276745,1.48025,1.78273,8.06634,1.23391,9.81866,0.42336,36.966,0.42336,423.524,0,1.02816,0,0,2.50841,1.48025,1.028160,1,0,55.1491,0,0,0,55.1491,0
62.8986,2.13253,0,0,4.104,0.270727,0.36288,3.6288,61.3005,0.758302,0,0,0.979304,0.228492,0,0.66528,12.849,1,0.445102,0.36288,0,48.2418,4.15548,44.0041,0.84672,12.849,0.84672,3695.15,0,36.966,0.42336,0.503194,1.83645,4.13527,1.39796,4.65359,0.42336,36.966,0.42336,423.524,0,0.532881,0,0,1.03607,0.503194,1.028160,1,0,48.6577,0,0,0,48.6577,0
62.7321,2.14098,0,0,2.61103,0.273719,0.36288,3.6288,61.308,0.648535,0,0,1.09719,0.228481,0.212688,0.66528,12.849,1,0.437362,0.36288,0,62.9061,4.15548,58.6762,0.84672,12.849,0.84672,3695.15,0,36.966,0.391086,0.503194,1.8077,4.35917,1.39796,4.88103,0.42336,36.966,0.42336,423.524,0,0.674922,0,0,1.17812,0.503194,1.028160,1,0,63.7699,0,0,0,63.7699,0
61.9324,2.14062,0,0,1.97719,0.273346,0.36288,3.6288,61.0823,0.851122,0,0,0.853891,0.228492,0,0.66528,12.849,1,0.438448,0.36288,0,75.1306,4.15548,70.8995,0.84672,12.849,0.84672,3695.15,0,36.966,0.42336,0.503194,1.80784,3.86817,1.39796,4.35788,0.42336,36.966,0.42336,423.524,0,0.440061,0,0,0.943255,0.503194,1.028160,1,0,75.2574,0,0,0,75.2574,0
61.2396,2.35606,0,0,2.29907,0.272962,0.36288,3.6288,61.045,0.673986,0,0,0.8654,0.228699,0,0.66528,12.849,1,0.488808,0.36288,0,57.3162,4.13673,53.0535,0.84672,12.849,0.84672,3695.15,0,36.966,0.407885,0.503194,1.80797,4.31575,1.32129,4.89774,0.42336,36.966,0.42336,423.524,0,0.818035,0,0,1.32123,0.503194,1.028160,1,0,57.9513,0,0,0,57.9513,0
61.0512,2.466,0,0,2.91535,0.274896,0.36288,3.6288,61.2462,0.629579,0,0,1.06076,0.229978,0,0.66528,12.849,1,0.517405,0.36288,0,49.0486,4.08985,44.8042,0.84672,12.849,0.84672,3695.15,0,36.966,0.381244,0.503194,2.001,3.90069,1.12963,4.89401,0.42336,36.966,0.42336,423.524,0,0.751334,0,0,1.25453,0.503194,1.028160,1,0,49.6982,0,0,0,49.6982,0
61.8638,2.4651,0,0,3.9151,0.274467,0.36288,3.6288,61.3061,0.729937,0,0,1.0201,0.230271,0,0.66528,12.849,1,0.518811,0.36288,0,59.1898,4.08985,54.944,0.84672,12.849,0.84672,3695.15,0,36.966,0.42336,0.608429,1.92053,6.4511,1.12963,7.42708,0.42336,36.966,0.42336,423.524,0,0.609155,0,0,1.21758,0.608429,1.028160,1,0,62.3711,0,0,0,62.3711,0
63.3437,2.47115,0,0,4.59007,0.276192,0.36288,3.6288,61.308,0.458264,0,0,1.5954,0.214685,0.920537,0.66528,12.849,1,0.513254,0.36288,0,143.365,3.95818,139.257,0.84672,12.849,0.84672,3695.15,0,36.966,0.276322,0.672849,1.92085,8.66704,1.06609,9.91834,0.42336,36.966,0.42336,423.524,0,1.02816,0,0,1.70101,0.672849,1.028160,1,0,150.096,0,0,0,150.096,0
66.4269,2.16698,0,0,5.91973,0.30666,0.36288,3.6288,61.308,0.303162,0,0,1.96501,0.176997,1.48485,0.66528,12.849,1,0.439564,0.36288,0,119.979,3.61542,116.287,0.84672,12.849,0.84672,3695.15,0,36.966,0.182793,1.78665,1.92118,8.94856,0.887583,11.586,0.42336,36.966,0.42336,423.524,0,1.02816,0,0,2.81481,1.78665,1.028160,1,0,129.358,0,0,0,129.358,0
70.4718,2.01672,0,0,6.80909,0.384616,0.36288,3.6288,61.308,0.428192,0,0,2.72371,0.180727,2.11479,0.66528,12.849,1,0.390096,0.36288,0,147.999,3.58144,144.39,0.84672,12.849,0.84672,3695.15,0,36.966,0.258181,2.50975,1.65827,11.503,0.838444,14.5744,0.42336,36.966,0.42336,423.524,0,1.02816,0,0,3.53791,2.50975,1.028160,1,0,161.079,0,0,0,161.079,0
72.29,2.03624,0,0,4.73617,0.39697,0.484714,3.6288,61.308,0.428192,0,0,1.94589,0.180727,1.33697,0.66528,12.849,1,0.371265,0.484714,0,137.235,3.58144,133.767,0.84672,12.849,0.84672,3695.15,0,36.966,0.258181,2.10625,1.77569,11.0584,0.838444,13.8437,0.42336,36.966,0.42336,423.524,0,1.02816,0,0,3.13441,2.10625,1.028160,1,0,148.948,0,0,0,148.948,0
72.29,2.04475,0,0,5.2642,0.334554,2.8849,3.6288,61.308,0.428192,0,0,1.72356,0.144629,1.15074,0.66528,12.849,1,0.36344,2.8849,0,124.699,3.05828,124.163,0.84672,12.849,0.84672,3695.15,0,36.966,0.258181,1.81674,1.77581,10.4513,0.763291,13.0224,0.42336,36.966,0.42336,423.524,0,1.02816,0,0,2.8449,1.81674,1.028160,1,0,138.336,0,0,0,138.336,0
72.29,2.04534,0,0,5.83707,0.323226,3.46851,3.6288,61.308,0.428192,0,0,2.29,0.138613,1.72319,0.66528,12.849,1,0.363543,3.46851,0,154.526,2.97108,154.659,0.84672,12.849,0.84672,3695.15,0,36.966,0.258181,2.56064,1.77594,10.716,0.750766,14.0437,0.42336,36.966,0.42336,423.524,0,1.02816,0,0,3.5888,2.56064,1.028160,1,0,170.426,0,0,0,170.426,0
72.29,2.12686,0,0,6.54501,0.294717,4.12343,3.6288,61.308,0.466214,0,0,3.1823,0.1635,2.55259,0.66528,12.849,1,0.378032,4.12343,0,178.119,4.25061,177.614,0.84672,12.849,0.84672,3695.15,0,36.966,0.281106,3.23354,1.77607,11.58,0.832113,15.4764,0.42336,36.966,0.42336,423.524,0,1.02816,0,0,4.2617,3.23354,1.028160,1,0,195.643,0,0,0,195.643,0
72.29,2.1792,0,0,5.52063,0.289966,3.05146,3.6288,61.308,0.428198,0,0,2.53037,0.167648,1.93452,0.66528,12.849,1,0.387337,3.05146,0,133.361,4.46387,131.561,0.84672,12.849,0.84672,3695.15,0,36.966,0.258185,2.80072,1.84115,9.78981,0.845671,13.3278,0.42336,36.966,0.42336,423.524,0,1.02816,0,0,3.82888,2.80072,1.028160,1,0,146.824,0,0,0,146.824,0
72.29,2.17981,0,0,4.82522,0.289966,2.35544,3.6288,61.308,0.428199,0,0,2.30643,0.167648,1.71058,0.66528,12.849,1,0.387445,2.35544,0,114.17,4.46387,111.674,0.84672,12.849,0.84672,3695.15,0,36.966,0.258185,2.58261,1.80563,8.77262,0.845671,12.057,0.42336,36.966,0.42336,423.524,0,1.02816,0,0,3.61077,2.58261,1.028160,1,0,125.442,0,0,0,125.442,0
72.29,2.18042,0,0,5.12216,0.258721,2.68303,3.6288,61.308,0.428199,0,0,2.26822,0.149881,1.69015,0.66528,12.849,1,0.387553,2.68303,0,109.02,3.77544,107.54,0.84672,12.849,0.84672,3695.15,0,36.966,0.258185,2.33277,1.80576,9.32411,0.835657,12.3688,0.42336,36.966,0.42336,423.524,0,1.02816,0,0,3.36093,2.33277,1.028160,1,0,121.599,0,0,0,121.599,0
72.29,2.14936,0,0,4.2687,0.205308,1.91403,3.6288,61.308,0.413421,0,0,1.5964,0.18659,0.996393,0.66528,12.849,1,0.382032,1.91403,0,95.936,3.87843,93.5895,0.84672,12.849,0.84672,3695.15,0,36.966,0.249275,1.87299,1.80589,6.20647,0.928967,8.70711,0.42336,36.966,0.42336,423.524,0,1.02816,0,0,2.90115,1.87299,1.028160,1,0,103.293,0,0,0,103.293,0
72.29,2.12985,0,0,3.09515,0.174623,0.79068,3.6288,61.308,0.428196,0,0,1.12281,0.219451,0.475164,0.66528,12.849,1,0.378564,0.79068,0,68.1869,4.1622,64.4368,0.84672,12.849,0.84672,3695.15,0,36.966,0.258183,1.21246,1.78074,4.29787,1.00195,6.03093,0.42336,36.966,0.42336,423.524,0,1.02816,0,0,2.24062,1.21246,1.028160,1,0,70.9429,0,0,0,70.9429,0
72.29,2.13045,0,0,2.79205,0.174623,0.486981,3.6288,61.308,0.428196,0,0,1.12099,0.219451,0.473341,0.66528,12.849,1,0.378671,0.486981,0,62.875,4.1622,58.8211,0.84672,12.849,0.84672,3695.15,0,36.966,0.258183,1.11251,1.79473,4.21673,1.00195,5.86383,0.42336,36.966,0.42336,423.524,0,1.02816,0,0,2.14067,1.11251,1.028160,1,0,65.1583,0,0,0,65.1583,0
72.29,2.13104,0,0,3.15708,0.168541,0.857496,3.6288,61.308,0.428196,0,0,0.988442,0.222418,0.337828,0.66528,12.849,1,0.378777,0.857496,0,66.6014,4.39612,62.684,0.84672,12.849,0.84672,3695.15,0,36.966,0.258183,0.908228,1.79486,5.3677,1.01118,6.80143,0.42336,36.966,0.42336,423.524,0,1.02816,0,0,1.93639,0.908228,1.028160,1,0,69.8233,0,0,0,69.8233,0
72.2395,2.2392,0,0,2.67837,0.126769,0.36288,3.6288,61.308,0.480635,0,0,0.951791,0.238934,0.232222,0.66528,12.849,1,0.398001,0.36288,0,56.7101,5.67348,51.0015,0.84672,12.849,0.84672,3695.15,0,36.966,0.289801,0.891881,1.79499,4.24761,1.06655,5.57814,0.42336,36.966,0.42336,423.524,0,1.02816,0,0,1.92004,0.891881,1.028160,1,0,56.8119,0,0,0,56.8119,0
71.8249,2.31094,0,0,2.35424,0.0950606,0.36288,3.6288,61.308,0.428205,0,0,0.826623,0.231213,0.167206,0.66528,12.849,1,0.41104,0.36288,0,46.1519,4.91631,41.1875,0.84672,12.849,0.84672,3695.15,0,36.966,0.258189,0.413372,1.88381,3.79613,1.06678,4.76834,0.42336,36.966,0.42336,423.524,0,1.02816,0,0,1.44153,0.413372,1.028160,1,0,46.123,0,0,0,46.123,0
71.3798,2.30956,0,0,2.32207,0.0947614,0.36288,3.6288,61.308,0.428205,0,0,0.829043,0.231213,0.169625,0.66528,12.849,1,0.413165,0.36288,0,43.672,4.91631,38.7054,0.84672,12.849,0.84672,3695.15,0,36.966,0.258189,0.474517,1.83476,3.61408,1.06678,4.59839,0.42336,36.966,0.42336,423.524,0,1.02816,0,0,1.50268,0.474517,1.028160,1,0,43.4734,0,0,0,43.4734,0
70.6827,2.308,0,0,2.08293,0.10909,0.36288,3.6288,61.308,0.428205,0,0,0.790543,0.227262,0.135075,0.66528,12.849,1,0.415461,0.36288,0,41.2435,4.66247,36.5284,0.84672,12.849,0.84672,3695.15,0,36.966,0.258189,0.482933,1.8349,3.32865,1.07657,4.31172,0.42336,36.966,0.42336,423.524,0,1.02816,0,0,1.51109,0.482933,1.028160,1,0,40.9752,0,0,0,40.9752,0
69.9079,2.30516,0,0,1.98826,0.095016,0.36288,3.6288,61.308,0.428205,0,0,0.782127,0.234448,0.119475,0.66528,12.849,1,0.419042,0.36288,0,38.3028,4.42017,33.8265,0.84672,12.849,0.84672,3695.15,0,36.966,0.258189,0.509077,1.83504,3.18687,1.1182,4.15461,0.42336,36.966,0.42336,423.524,0,1.02816,0,0,1.53724,0.509077,1.028160,1,0,38.1006,0,0,0,38.1006,0
69.3441,2.28069,0,0,2.18529,0.105544,0.36288,3.6288,61.2291,0.45705,0,0,0.598103,0.219925,0,0.66528,12.849,1,0.419188,0.36288,0,48.3813,5.00685,43.3182,0.84672,12.849,0.84672,3695.15,0,36.966,0.275581,0.524033,1.83518,3.72766,1.19075,4.62054,0.42336,36.966,0.42336,423.524,0,1.02816,0,0,1.55219,0.524033,1.028160,1,0,47.9387,0,0,0,47.9387,0
68.7348,2.31744,0,0,2.10918,0.0381361,0.36288,3.6288,61.1259,0.428003,0,0,0.568448,0.243672,0,0.66528,12.849,1,0.429407,0.36288,0,47.6446,5.30765,42.2704,0.84672,12.849,0.84672,3695.15,0,36.966,0.258399,0.527895,1.86634,3.88124,1.26314,4.75394,0.42336,36.966,0.42336,423.524,0,1.02816,0,0,1.55606,0.527895,1.028160,1,0,47.0244,0,0,0,47.0244,0
67.966,2.31486,0,0,1.94698,0.0380205,0.36288,3.6288,61.0172,0.427731,0,0,0.562526,0.243513,0,0.66528,12.849,1,0.432731,0.36288,0,43.5642,5.30765,38.1867,0.84672,12.849,0.84672,3695.15,0,36.966,0.258671,0.495279,1.83943,3.56094,1.26314,4.37384,0.42336,36.966,0.42336,423.524,0,1.02816,0,0,1.52344,0.495279,1.028160,1,0,42.5605,0,0,0,42.5605,0
67.0738,2.31137,0,0,1.81978,0.0377283,0.36288,3.6288,60.9123,0.427444,0,0,0.565915,0.243346,0,0.66528,12.849,1,0.436966,0.36288,0,40.5031,5.30765,35.1214,0.84672,12.849,0.84672,3695.15,0,36.966,0.258958,0.563285,1.83957,3.44215,1.26314,4.32291,0.42336,36.966,0.42336,423.524,0,1.02816,0,0,1.59144,0.563285,1.028160,1,0,39.4443,0,0,0,39.4443,0
65.9285,2.36149,0,0,1.62684,0.0477766,0.36288,3.6288,60.6585,0.452828,0,0,0.47965,0.280675,0,0.66528,12.849,1,0.45238,0.36288,0,34.8847,5.62604,29.1692,0.84672,12.849,0.84672,3695.15,0,36.966,0.274809,0.374449,1.83971,3.16989,1.37554,3.7337,0.42336,36.966,0.42336,423.524,0,1.02816,0,0,1.40261,0.374449,1.028160,1,0,32.9029,0,0,0,32.9029,0
64.8045,2.37795,0,0,1.67974,0.0629241,0.36288,3.6288,60.4451,0.43549,0,0,0.536302,0.314199,0,0.66528,12.849,1,0.463445,0.36288,0,40.7856,5.84913,34.8359,0.84672,12.849,0.84672,3695.15,0,36.966,0.265393,0.512343,1.88385,3.53215,1.47708,4.18587,0.42336,36.966,0.42336,423.524,0,1.02816,0,0,1.5405,0.512343,1.028160,1,0,39.0218,0,0,0,39.0218,0
63.5366,2.37163,0,0,1.52896,0.0623602,0.36288,3.6288,60.1386,0.435088,0,0,0.442346,0.313773,0,0.66528,12.849,1,0.470231,0.36288,0,32.8511,5.84913,26.8946,0.84672,12.849,0.84672,3695.15,0,36.966,0.266084,0.545599,1.86834,3.28217,1.47708,3.95294,0.42336,36.966,0.42336,423.524,0,1.02816,0,0,1.57376,0.545599,1.028160,1,0,30.8476,0,0,0,30.8476,0
62.1383,2.36422,0,0,1.39057,0.0617242,0.36288,3.6288,59.8029,0.434427,0,0,0.411953,0.313162,0,0.66528,12.849,1,0.478117,0.36288,0,30.6247,5.84913,24.6603,0.84672,12.849,0.84672,3695.15,0,36.966,0.267034,0.300309,1.86865,2.92505,1.47708,3.3499,0.42336,36.966,0.42336,423.524,0,1.02816,0,0,1.32847,0.300309,1.028160,1,0,28.0102,0,0,0,28.0102,0
60.7226,2.51303,0,0,1.51431,0.0541309,0.36288,3.6288,59.4527,0.525722,0,0,0.486251,0.310709,0,0.66528,12.849,1,0.519645,0.36288,0,30.7693,5.95726,24.6553,0.84672,12.849,0.84672,3695.15,0,36.966,0.324965,0.645987,1.86896,4.13585,1.50299,4.82284,0.42336,36.966,0.42336,423.524,0,1.02816,0,0,1.67415,0.645987,1.028160,1,0,29.4781,0,0,0,29.4781,0
58.7,2.50345,0,0,0.947886,0.104194,0.36288,3.6288,58.774,0.713849,0,0,0.33403,0.298889,0,0.66528,12.849,1,0.529733,0.36288,0,21.321,5.53109,15.6231,0.84672,12.849,0.84672,3695.15,0,36.966,0.42336,0.227405,2.01992,2.15942,1.43238,2.551,0.42336,36.966,0.42336,423.524,0,0.741951,0,0,0.969356,0.227405,1.028160,1,0,18.1741,0,0,0,18.1741,0
56.5881,2.48889,0,0,0.84208,0.102242,0.36288,3.6288,58.0302,0.745345,0,0,0.299118,0.297592,0,0.66528,12.849,1,0.544799,0.36288,0,19.0563,5.53109,13.3433,0.84672,12.849,0.84672,3695.15,0,36.966,0.42336,0.204422,2.02026,2.10886,1.43238,2.4778,0.42336,36.966,0.42336,423.524,0,0.71077,0,0,0.915192,0.204422,1.028160,1,0,15.8211,0,0,0,15.8211,0
54.5669,2.47273,0,0,0.914656,0.100151,0.36288,3.6288,57.2978,0.738859,0,0,0.302664,0.29617,0,0.66528,12.849,1,0.561463,0.36288,0,18.2129,5.53109,12.4832,0.84672,12.849,0.84672,3695.15,0,36.966,0.42336,0.204422,2.02059,2.23995,1.43238,2.60922,0.42336,36.966,0.42336,423.524,0,0.717569,0,0,0.921992,0.204422,1.028160,1,0,15.0924,0,0,0,15.0924,0
53.0492,2.45631,0,0,1.41275,0.111273,0.36288,3.6288,56.775,0.595276,0,0,0.364053,0.291633,0,0.66528,12.849,1,0.578392,0.36288,0,29.4169,5.44203,23.7593,0.84672,12.849,0.84672,3695.15,0,36.966,0.384046,0.204422,2.02093,2.3672,1.42146,2.78705,0.42336,36.966,0.42336,423.524,0,0.900781,0,0,1.1052,0.204422,1.028160,1,0,26.5464,0,0,0,26.5464,0
51.4272,2.36884,0,0,1.23875,0.129098,0.36288,3.6288,56.0457,0.862829,0,0,0.391874,0.25833,0,0.66528,12.849,1,0.573755,0.36288,0,23.2528,4.36817,18.6738,0.84672,12.849,0.84672,3695.15,0,36.966,0.42336,0.204422,2.02127,3.28329,1.18098,3.90464,0.42336,36.966,0.42336,423.524,0,0.503752,0,0,0.708174,0.204422,1.028160,1,0,22.5784,0,0,0,22.5784,0
49.6536,2.35476,0,0,1.07196,0.127857,0.36288,3.6288,55.3115,0.922324,0,0,0.433993,0.245899,0,0.66528,12.849,1,0.588333,0.36288,0,32.112,3.98611,27.9005,0.84672,12.849,0.84672,3695.15,0,36.966,0.42336,0.216518,1.93435,3.67616,1.09061,4.31306,0.42336,36.966,0.42336,423.524,0,0.444556,0,0,0.661074,0.216518,1.028160,1,0,32.2135,0,0,0,32.2135,0
48.0267,2.33845,0,0,1.19992,0.125495,0.36288,3.6288,54.847,0.699284,0,0,0.479554,0.244719,0,0.66528,12.849,1,0.605128,0.36288,0,29.6168,3.98611,25.3884,0.84672,12.849,0.84672,3695.15,0,36.966,0.42336,0.216518,1.93467,4.07525,1.09061,4.71247,0.42336,36.966,0.42336,423.524,0,0.667895,0,0,0.884414,0.216518,1.028160,1,0,30.1009,0,0,0,30.1009,0
47.5476,2.32267,0,0,2.32976,0.123309,0.36288,3.6288,55.4676,0.455607,0,0,1.32016,0.243972,0,0.66528,12.849,1,0.621404,0.36288,0,51.8727,3.98611,47.628,0.84672,12.849,0.84672,3695.15,0,36.966,0.307071,2.06393,1.935,5.77883,1.09061,8.38007,0.42336,36.966,0.42336,423.524,0,1.02816,0,0,3.09209,2.06393,1.028160,1,0,56.0081,0,0,0,56.0081,0
47.1443,2.25824,0,0,2.41941,0.201594,0.36288,3.6288,55.8058,0.408395,0,0,0.921643,0.17508,0,0.66528,12.849,1,0.610255,0.36288,0,69.2638,3.38802,65.6284,0.84672,12.849,0.84672,3695.15,0,36.966,0.272172,0.693464,1.93532,4.89299,0.888592,6.36101,0.42336,36.966,0.42336,423.524,0,1.02816,0,0,1.72162,0.693464,1.028160,1,0,71.9894,0,0,0,71.9894,0
45.4705,2.25015,0,0,1.07364,0.134449,0.36288,3.6288,55.5965,0.516616,0,0,0.516337,0.209031,0,0.66528,12.849,1,0.613271,0.36288,0,21.4243,4.37241,16.8015,0.84672,12.849,0.84672,3695.15,0,36.966,0.342209,0.216518,1.85772,3.14803,1.06754,3.81251,0.42336,36.966,0.42336,423.524,0,0.85574,0,0,1.07226,0.216518,1.028160,1,0,20.614,0,0,0,20.614,0
44.2433,2.23315,0,0,1.59121,0.222308,0.36288,3.6288,55.7029,0.4432,0,0,0.771556,0.221935,0,0.66528,12.849,1,0.631041,0.36288,0,31.0368,4.54419,26.2244,0.84672,12.849,0.84672,3695.15,0,36.966,0.294683,0.292723,1.86128,3.1368,1.07686,3.91926,0.42336,36.966,0.42336,423.524,0,0.976683,0,0,1.26941,0.292723,1.028160,1,0,30.1437,0,0,0,30.1437,0
44.5017,2.22018,0,0,3.06063,0.219247,0.36288,3.6288,56.1507,0.412596,0,0,1.08252,0.22209,0,0.66528,12.849,1,0.644776,0.36288,0,48.7898,4.54419,43.9637,0.84672,12.849,0.84672,3695.15,0,36.966,0.27381,0.764873,1.86142,6.13209,1.07686,7.40772,0.42336,36.966,0.42336,423.524,0,1.02816,0,0,1.79303,0.764873,1.028160,1,0,51.3715,0,0,0,51.3715,0
44.7375,2.05593,0,0,2.87449,0.219891,0.36288,3.6288,56.6019,0.310344,0,0,0.984286,0.222742,0,0.66528,12.849,1,0.593611,0.36288,0,82.5431,4.54419,77.7682,0.84672,12.849,0.84672,3695.15,0,36.966,0.204311,1.12093,1.86157,6.34575,1.07686,8.04707,0.42336,36.966,0.42336,423.524,0,1.02816,0,0,2.14909,1.12093,1.028160,1,0,85.8153,0,0,0,85.8153,0
44.922,1.9255,0,0,2.68712,0.214197,0.36288,3.6288,56.4423,0.415209,0,0,0.493688,0.238095,0,0.66528,12.849,1,0.553021,0.36288,0,66.2675,4.12293,61.9544,0.84672,12.849,0.84672,3695.15,0,36.966,0.271168,0.577385,1.6885,5.78419,1.17,6.60891,0.42336,36.966,0.42336,423.524,0,1.02816,0,0,1.60555,0.577385,1.028160,1,0,68.5633,0,0,0,68.5633,0
48.7147,1.92781,0,0,6.29799,0.214644,0.36288,3.6288,57.1577,0.414746,0,0,1.36801,0.237847,0,0.66528,12.849,1,0.55141,0.36288,0,140.41,4.12293,136.098,0.84672,12.849,0.84672,3695.15,0,36.966,0.271631,3.05009,1.78913,8.08409,1.17,11.4817,0.42336,36.966,0.42336,423.524,0,1.02816,0,0,4.07825,3.05009,1.028160,1,0,147.58,0,0,0,147.58,0
51.565,1.96234,0,0,5.39045,0.214842,0.36288,3.6288,56.9785,0.41681,0,0,0.472188,0.234627,0,0.66528,12.849,1,0.517587,0.36288,0,83.4244,3.89523,79.3744,0.84672,12.849,0.84672,3695.15,0,36.966,0.269567,0.89411,1.78926,5.8549,1.13226,7.13644,0.42336,36.966,0.42336,423.524,0,1.02816,0,0,1.92227,0.89411,1.028160,1,0,86.5109,0,0,0,86.5109,0
53.7967,1.9858,0,0,4.78936,0.209064,0.36288,3.6288,57.1498,0.416296,0,0,0.816171,0.228588,0,0.66528,12.849,1,0.494823,0.36288,0,64.9422,3.59163,61.2186,0.84672,12.849,0.84672,3695.15,0,36.966,0.270081,1.12595,1.78939,5.42128,1.08194,6.98459,0.42336,36.966,0.42336,423.524,0,1.02816,0,0,2.15411,1.12595,1.028160,1,0,68.2032,0,0,0,68.2032,0
56.3843,2.0701,0,0,5.24203,0.221435,0.36288,3.6288,57.6353,0.44701,0,0,1.11834,0.185801,0,0.66528,12.849,1,0.494432,0.36288,0,114.864,3.52686,111.205,0.84672,12.849,0.84672,3695.15,0,36.966,0.289138,1.88557,1.78952,4.80336,1.01537,7.17394,0.42336,36.966,0.42336,423.524,0,1.02816,0,0,2.91373,1.88557,1.028160,1,0,118.379,0,0,0,118.379,0
58.763,2.12969,0,0,5.10068,0.22938,0.36288,3.6288,58.3805,0.41817,0,0,1.32339,0.159973,0,0.66528,12.849,1,0.485318,0.36288,0,104.139,3.50742,100.509,0.84672,12.849,0.84672,3695.15,0,36.966,0.268205,3.34626,1.8437,5.36983,1.00464,9.28694,0.42336,36.966,0.42336,423.524,0,1.02816,0,0,4.37442,3.34626,1.028160,1,0,109.796,0,0,0,109.796,0
61.3682,2.14637,0,0,5.34921,0.234785,0.36288,3.6288,59.6081,0.420266,0,0,1.80861,0.160744,0,0.66528,12.849,1,0.469322,0.36288,0,98.7725,3.50742,95.1586,0.84672,12.849,0.84672,3695.15,0,36.966,0.266109,4.34613,1.8147,7.2499,1.00464,12.14,0.42336,36.966,0.42336,423.524,0,1.02816,0,0,5.37429,4.34613,1.028160,1,0,107.299,0,0,0,107.299,0
64.978,2.16342,0,0,6.37655,0.240405,0.36288,3.6288,60.4523,0.423649,0,0,1.42982,0.162015,0,0.66528,12.849,1,0.452968,0.36288,0,51.7191,3.50742,48.1216,0.84672,12.849,0.84672,3695.15,0,36.966,0.262726,3.83156,1.81483,5.84692,1.00464,10.2259,0.42336,36.966,0.42336,423.524,0,1.02816,0,0,4.85972,3.83156,1.028160,1,0,58.3476,0,0,0,58.3476,0
70.9512,2.40826,0,0,9.01204,0.267697,0.36288,3.6288,61.2625,0.54195,0,0,1.5307,0.178574,0,0.66528,12.849,1,0.476218,0.36288,0,167.151,3.7335,163.304,0.84672,12.849,0.84672,3695.15,0,36.966,0.331397,5.27668,1.81496,10.391,1.05098,16.1002,0.42336,36.966,0.42336,423.524,0,1.02816,0,0,6.30484,5.27668,1.028160,1,0,179.405,0,0,0,179.405,0
72.29,2.54789,0,0,7.82577,0.310218,3.62888,3.6288,61.308,0.467312,0,0,2.28486,0.151772,1.62024,0.66528,12.849,1,0.461413,3.62888,0,179.168,4.19727,178.138,0.84672,12.849,0.84672,3695.15,0,36.966,0.281978,9.56979,2.00966,11.3187,1.01744,21.5987,0.42336,36.966,0.42336,423.524,0,1.02816,0,0,10.598,9.56979,1.028160,1,0,201.357,0,0,0,201.357,0
72.29,2.55555,0,0,5.13617,0.313402,2.26721,3.6288,61.308,0.46762,0,0,1.66975,0.151815,1.05031,0.66528,12.849,1,0.45423,2.26721,0,98.7301,4.19727,96.3459,0.84672,12.849,0.84672,3695.15,0,36.966,0.281954,4.83443,1.9372,6.06682,1.01744,11.539,0.42336,36.966,0.42336,423.524,0,1.02816,0,0,5.86259,4.83443,1.028160,1,0,108.935,0,0,0,108.935,0
72.29,2.55596,0,0,4.19993,0.313402,1.33057,3.6288,61.308,0.467798,0,0,1.30379,0.151815,0.68418,0.66528,12.849,1,0.454303,1.33057,0,70.2199,4.19727,66.8989,0.84672,12.849,0.84672,3695.15,0,36.966,0.282061,2.95457,1.93751,4.56521,1.01744,8.15779,0.42336,36.966,0.42336,423.524,0,1.02816,0,0,3.98273,2.95457,1.028160,1,0,75.7408,0,0,0,75.7408,0
72.29,2.23234,0,0,4.08663,0.296574,1.55772,3.6288,61.308,0.31134,0,0,1.64201,0.168163,1.16251,0.66528,12.849,1,0.396781,1.55772,0,66.5259,4.20146,63.4854,0.84672,12.849,0.84672,3695.15,0,36.966,0.187724,2.995,1.93782,6.4297,1.03488,10.1399,0.42336,36.966,0.42336,423.524,0,1.02816,0,0,4.02316,2.995,1.028160,1,0,74.7878,0,0,0,74.7878,0
72.29,2.07387,0,0,5.9993,0.298209,3.62723,3.6288,61.308,0.428187,0,0,4.28419,0.124221,3.73178,0.66528,12.849,1,0.368614,3.62723,0,99.157,3.95283,98.4627,0.84672,12.849,0.84672,3695.15,0,36.966,0.258178,7.47619,1.67263,12.297,0.898708,20.2889,0.42336,36.966,0.42336,423.524,0,1.02816,0,0,8.50435,7.47619,1.028160,1,0,122.483,0,0,0,122.483,0
72.29,2.07443,0,0,4.7368,0.298209,2.36416,3.6288,61.308,0.428187,0,0,2.38163,0.124221,1.82922,0.66528,12.849,1,0.368715,2.36416,0,82.5025,3.95283,80.5451,0.84672,12.849,0.84672,3695.15,0,36.966,0.258178,4.58247,1.78236,7.45192,0.898708,12.6599,0.42336,36.966,0.42336,423.524,0,1.02816,0,0,5.61063,4.58247,1.028160,1,0,95.0342,0,0,0,95.0342,0
72.29,2.075,0,0,4.14763,0.298209,1.77443,3.6288,61.308,0.428187,0,0,2.65232,0.124221,2.09991,0.66528,12.849,1,0.368815,1.77443,0,75.8773,3.95283,73.3301,0.84672,12.849,0.84672,3695.15,0,36.966,0.258178,4.34608,1.78249,6.60383,0.898708,11.5755,0.42336,36.966,0.42336,423.524,0,1.02816,0,0,5.37424,4.34608,1.028160,1,0,87.0055,0,0,0,87.0055,0
72.29,2.07556,0,0,7.54168,0.296843,5.16928,3.6288,61.308,0.428187,0,0,3.98775,0.112767,3.44679,0.66528,12.849,1,0.368916,5.16928,0,161.887,3.77352,162.914,0.84672,12.849,0.84672,3695.15,0,36.966,0.258178,8.8467,1.78261,12.4032,0.867997,21.9064,0.42336,36.966,0.42336,423.524,0,1.02816,0,0,9.87486,8.8467,1.028160,1,0,188.267,0,0,0,188.267,0
72.29,2.15776,0,0,4.09312,0.309685,1.62568,3.6288,61.308,0.466537,0,0,2.14445,0.0907006,1.58721,0.66528,12.849,1,0.383526,1.62568,0,66.3206,3.3668,64.196,0.84672,12.849,0.84672,3695.15,0,36.966,0.281301,3.85707,1.78274,6.44509,0.751127,11.0525,0.42336,36.966,0.42336,423.524,0,1.02816,0,0,4.88523,3.85707,1.028160,1,0,76.8357,0,0,0,76.8357,0
72.29,2.21053,0,0,4.3791,0.312527,1.85604,3.6288,61.308,0.428193,0,0,1.83238,0.110291,1.2939,0.66528,12.849,1,0.392906,1.85604,0,70.1324,3.66988,67.9257,0.84672,12.849,0.84672,3695.15,0,36.966,0.258182,3.44151,1.84837,5.32832,0.905748,9.45428,0.42336,36.966,0.42336,423.524,0,1.02816,0,0,4.46967,3.44151,1.028160,1,0,78.6739,0,0,0,78.6739,0
72.29,2.21112,0,0,3.28559,0.311917,0.762555,3.6288,61.308,0.428193,0,0,1.38298,0.113118,0.841667,0.66528,12.849,1,0.39301,0.762555,0,65.1085,3.71763,61.7605,0.84672,12.849,0.84672,3695.15,0,36.966,0.258182,1.61331,1.81253,4.37799,0.934192,6.61147,0.42336,36.966,0.42336,423.524,0,1.02816,0,0,2.64147,1.61331,1.028160,1,0,69.2136,0,0,0,69.2136,0
72.29,2.21171,0,0,3.83597,0.311917,1.31234,3.6288,61.308,0.428193,0,0,2.62583,0.113118,2.08451,0.66528,12.849,1,0.393115,1.31234,0,85.9878,3.71763,83.1894,0.84672,12.849,0.84672,3695.15,0,36.966,0.258182,4.91013,1.81266,7.37115,0.934192,12.9016,0.42336,36.966,0.42336,423.524,0,1.02816,0,0,5.93829,4.91013,1.028160,1,0,98.1755,0,0,0,98.1755,0
72.29,2.18036,0,0,3.41243,0.320118,0.911951,3.6288,61.308,0.413289,0,0,1.81075,0.110936,1.28653,0.66528,12.849,1,0.387542,0.911951,0,65.1322,3.56105,62.0956,0.84672,12.849,0.84672,3695.15,0,36.966,0.249195,3.22175,1.81279,5.49523,0.942176,9.33841,0.42336,36.966,0.42336,423.524,0,1.02816,0,0,4.24991,3.22175,1.028160,1,0,72.7205,0,0,0,72.7205,0
71.9308,2.16066,0,0,2.49546,0.331081,0.36288,3.6288,61.308,0.428191,0,0,0.934693,0.129593,0.376909,0.66528,12.849,1,0.38404,0.36288,0,44.1761,3.63114,40.5238,0.84672,12.849,0.84672,3695.15,0,36.966,0.25818,1.5953,1.78742,4.03872,0.994106,6.16915,0.42336,36.966,0.42336,423.524,0,1.02816,0,0,2.62346,1.5953,1.028160,1,0,47.0699,0,0,0,47.0699,0
71.2876,2.15961,0,0,2.20914,0.329903,0.36288,3.6288,61.308,0.428191,0,0,0.808851,0.156625,0.224035,0.66528,12.849,1,0.385771,0.36288,0,38.8212,3.93732,34.861,0.84672,12.849,0.84672,3695.15,0,36.966,0.25818,1.39618,1.80152,3.64824,1.02041,5.56735,0.42336,36.966,0.42336,423.524,0,1.02816,0,0,2.42434,1.39618,1.028160,1,0,40.6523,0,0,0,40.6523,0
70.555,2.15724,0,0,2.04616,0.258599,0.36288,3.6288,61.308,0.428191,0,0,0.737061,0.189323,0.119547,0.66528,12.849,1,0.388824,0.36288,0,35.6238,4.22562,31.3722,0.84672,12.849,0.84672,3695.15,0,36.966,0.25818,1.21453,1.80165,3.44193,1.03763,5.16231,0.42336,36.966,0.42336,423.524,0,1.02816,0,0,2.24269,1.21453,1.028160,1,0,36.654,0,0,0,36.654,0
69.6718,2.26248,0,0,1.9993,0.257151,0.36288,3.6288,61.308,0.481079,0,0,0.827202,0.189323,0.1568,0.66528,12.849,1,0.412027,0.36288,0,34.5859,4.22562,30.3112,0.84672,12.849,0.84672,3695.15,0,36.966,0.290069,1.53199,1.80178,4.09745,1.03763,6.10352,0.42336,36.966,0.42336,423.524,0,1.02816,0,0,2.56015,1.53199,1.028160,1,0,36.5715,0,0,0,36.5715,0
68.7801,2.33024,0,0,2.02431,0.222969,0.36288,3.6288,61.308,0.4282,0,0,0.678015,0.14098,0.108835,0.66528,12.849,1,0.429746,0.36288,0,37.7284,3.53052,34.131,0.84672,12.849,0.84672,3695.15,0,36.966,0.258185,1.27556,1.89135,3.75277,0.928622,5.73287,0.42336,36.966,0.42336,423.524,0,1.02816,0,0,2.30372,1.27556,1.028160,1,0,39.9727,0,0,0,39.9727,0
67.8537,2.32615,0,0,1.98415,0.221429,0.36288,3.6288,61.308,0.4282,0,0,0.73332,0.14098,0.16414,0.66528,12.849,1,0.434554,0.36288,0,36.1422,3.53052,32.54,0.84672,12.849,0.84672,3695.15,0,36.966,0.258185,1.23208,1.84188,4.04374,0.928622,5.93089,0.42336,36.966,0.42336,423.524,0,1.02816,0,0,2.26024,1.23208,1.028160,1,0,38.6351,0,0,0,38.6351,0
66.8012,2.32176,0,0,1.8519,0.21983,0.36288,3.6288,61.308,0.4282,0,0,0.67017,0.14098,0.10099,0.66528,12.849,1,0.439656,0.36288,0,33.7862,3.53052,30.1789,0.84672,12.849,0.84672,3695.15,0,36.966,0.258185,1.06986,1.84201,3.58079,0.928622,5.30585,0.42336,36.966,0.42336,423.524,0,1.02816,0,0,2.09802,1.06986,1.028160,1,0,35.5857,0,0,0,35.5857,0
65.687,2.31655,0,0,1.74514,0.179925,0.36288,3.6288,61.308,0.4282,0,0,0.638366,0.174656,0.0355111,0.66528,12.849,1,0.445582,0.36288,0,31.6793,4.3095,27.2871,0.84672,12.849,0.84672,3695.15,0,36.966,0.258185,1.08787,1.84215,3.49961,1.03921,5.13223,0.42336,36.966,0.42336,423.524,0,1.02816,0,0,2.11603,1.08787,1.028160,1,0,32.4549,0,0,0,32.4549,0
64.7643,2.28968,0,0,1.88256,0.152604,0.36288,3.6288,61.264,0.457291,0,0,0.618367,0.20505,0,0.66528,12.849,1,0.447884,0.36288,0,33.3999,4.41111,28.9038,0.84672,12.849,0.84672,3695.15,0,36.966,0.275726,0.967741,1.84228,2.80428,1.029,4.30957,0.42336,36.966,0.42336,423.524,0,1.02816,0,0,1.9959,0.967741,1.028160,1,0,33.2134,0,0,0,33.2134,0
63.7188,2.32387,0,0,1.79373,0.152505,0.36288,3.6288,61.213,0.428089,0,0,0.584083,0.207048,0,0.66528,12.849,1,0.461046,0.36288,0,33.7237,4.21806,29.4075,0.84672,12.849,0.84672,3695.15,0,36.966,0.258304,0.756138,1.87371,2.43702,0.991738,3.81683,0.42336,36.966,0.42336,423.524,0,1.02816,0,0,1.7843,0.756138,1.028160,1,0,33.2243,0,0,0,33.2243,0
62.5379,2.31817,0,0,1.64242,0.14232,0.36288,3.6288,61.112,0.427955,0,0,0.555905,0.228906,0,0.66528,12.849,1,0.467463,0.36288,0,29.7402,4.50036,25.1352,0.84672,12.849,0.84672,3695.15,0,36.966,0.258438,0.68294,1.84656,2.36671,1.09478,3.54299,0.42336,36.966,0.42336,423.524,0,1.02816,0,0,1.7111,0.68294,1.028160,1,0,28.6782,0,0,0,28.6782,0
61.2952,2.31145,0,0,1.55058,0.118916,0.36288,3.6288,60.9196,0.427688,0,0,0.518783,0.283537,0,0.66528,12.849,1,0.474909,0.36288,0,26.4515,5.20611,21.1334,0.84672,12.849,0.84672,3695.15,0,36.966,0.258704,0.65302,1.84669,2.25755,1.35239,3.14616,0.42336,36.966,0.42336,423.524,0,1.02816,0,0,1.68118,0.65302,1.028160,1,0,24.2796,0,0,0,24.2796,0
59.9033,2.3581,0,0,1.44367,0.114629,0.36288,3.6288,60.6647,0.453061,0,0,0.487275,0.289079,0,0.66528,12.849,1,0.494316,0.36288,0,25.4744,5.33603,20.007,0.84672,12.849,0.84672,3695.15,0,36.966,0.274918,0.562162,1.84683,2.21702,1.37251,2.97859,0.42336,36.966,0.42336,423.524,0,1.02816,0,0,1.59032,0.562162,1.028160,1,0,22.9856,0,0,0,22.9856,0
58.8313,2.35946,0,0,1.73957,0.0891971,0.36288,3.6288,60.501,0.444642,0,0,0.599693,0.318793,0,0.66528,12.849,1,0.506093,0.36288,0,31.2742,5.79369,25.3373,0.84672,12.849,0.84672,3695.15,0,36.966,0.270942,0.568235,1.89134,2.49161,1.5015,3.17874,0.42336,36.966,0.42336,423.524,0,1.02816,0,0,1.5964,0.568235,1.028160,1,0,28.516,0,0,0,28.516,0
57.6766,2.35226,0,0,1.64868,0.0882818,0.36288,3.6288,60.2747,0.44436,0,0,0.536509,0.318462,0,0.66528,12.849,1,0.513744,0.36288,0,27.6336,5.79369,21.689,0.84672,12.849,0.84672,3695.15,0,36.966,0.271503,0.723816,1.88422,2.60242,1.5015,3.43745,0.42336,36.966,0.42336,423.524,0,1.02816,0,0,1.75198,0.723816,1.028160,1,0,25.1265,0,0,0,25.1265,0
56.4234,2.34423,0,0,1.54122,0.0872959,0.36288,3.6288,60.0091,0.443902,0,0,0.496392,0.318004,0,0.66528,12.849,1,0.52224,0.36288,0,26.2755,5.79369,20.3225,0.84672,12.849,0.84672,3695.15,0,36.966,0.272242,0.573057,1.88452,2.28353,1.5015,2.96737,0.42336,36.966,0.42336,423.524,0,1.02816,0,0,1.60122,0.573057,1.028160,1,0,23.2899,0,0,0,23.2899,0
55.0037,2.49111,0,0,1.52048,0.0862259,0.36288,3.6288,59.6925,0.536275,0,0,0.537055,0.317467,0,0.66528,12.849,1,0.567287,0.36288,0,24.381,5.79369,18.3829,0.84672,12.849,0.84672,3695.15,0,36.966,0.330349,0.680996,1.88482,2.58241,1.5015,3.31638,0.42336,36.966,0.42336,423.524,0,1.02816,0,0,1.70916,0.680996,1.028160,1,0,21.6993,0,0,0,21.6993,0
53.5103,2.47964,0,0,1.42816,0.0789481,0.36288,3.6288,59.3133,0.53538,0,0,0.478375,0.322161,0,0.66528,12.849,1,0.57925,0.36288,0,24.5119,6.11976,18.1758,0.84672,12.849,0.84672,3695.15,0,36.966,0.331547,0.436743,2.03705,2.26371,1.51212,2.89383,0.42336,36.966,0.42336,423.524,0,1.02816,0,0,1.4649,0.436743,1.028160,1,0,21.0696,0,0,0,21.0696,0
52.1579,2.467,0,0,1.55419,0.0767686,0.36288,3.6288,59.0165,0.534262,0,0,0.559754,0.322267,0,0.66528,12.849,1,0.59238,0.36288,0,29.2088,6.17411,22.8052,0.84672,12.849,0.84672,3695.15,0,36.966,0.33297,0.697213,2.03738,2.09261,1.51389,2.98034,0.42336,36.966,0.42336,423.524,0,1.02816,0,0,1.72537,0.697213,1.028160,1,0,25.7855,0,0,0,25.7855,0
50.4965,2.45507,0,0,1.23229,0.07571,0.36288,3.6288,58.5816,0.533419,0,0,0.420143,0.321655,0,0.66528,12.849,1,0.604801,0.36288,0,32.0724,6.17411,25.6563,0.84672,12.849,0.84672,3695.15,0,36.966,0.334116,0.267676,2.03771,1.68021,1.51389,2.13758,0.42336,36.966,0.42336,423.524,0,1.02816,0,0,1.29584,0.267676,1.028160,1,0,27.7939,0,0,0,27.7939,0
49.1174,2.4396,0,0,1.4978,0.0744095,0.36288,3.6288,58.4042,0.532084,0,0,0.675477,0.320758,0,0.66528,12.849,1,0.620763,0.36288,0,27.9573,6.17411,21.5253,0.84672,12.849,0.84672,3695.15,0,36.966,0.335755,1.12026,2.03803,2.42098,1.51389,3.72963,0.42336,36.966,0.42336,423.524,0,1.02816,0,0,2.14842,1.12026,1.028160,1,0,25.255,0,0,0,25.255,0
47.3461,2.35214,0,0,1.04103,0.0973401,0.36288,3.6288,58.0381,0.475772,0,0,0.455042,0.345403,0,0.66528,12.849,1,0.615315,0.36288,0,36.1696,6.17308,29.7441,0.84672,12.849,0.84672,3695.15,0,36.966,0.301132,0.282874,2.03836,1.63198,1.5158,2.13628,0.42336,36.966,0.42336,423.524,0,1.02816,0,0,1.31103,0.282874,1.028160,1,0,31.8804,0,0,0,31.8804,0
45.5172,2.33441,0,0,0.981521,0.113147,0.36288,3.6288,57.8138,0.474788,0,0,0.613765,0.363303,0,0.66528,12.849,1,0.633523,0.36288,0,42.3635,6.17232,35.9205,0.84672,12.849,0.84672,3695.15,0,36.966,0.302405,0.349687,1.95069,1.36861,1.51724,1.84935,0.42336,36.966,0.42336,423.524,0,1.02816,0,0,1.37785,0.349687,1.028160,1,0,37.7699,0,0,0,37.7699,0
43.5034,2.31493,0,0,0.774844,0.110873,0.36288,3.6288,57.3339,0.542018,0,0,0.424962,0.362777,0,0.66528,12.849,1,0.65348,0.36288,0,33.34,6.17232,26.8771,0.84672,12.849,0.84672,3695.15,0,36.966,0.346566,0.216518,1.95101,1.27949,1.51724,1.58321,0.42336,36.966,0.42336,423.524,0,0.917058,0,0,1.13358,0.216518,1.028160,1,0,28.4603,0,0,0,28.4603,0
41.5964,2.29195,0,0,0.884632,0.136757,0.36288,3.6288,56.8347,0.569601,0,0,0.406566,0.336193,0,0.66528,12.849,1,0.676941,0.36288,0,27.8753,5.84071,21.7205,0.84672,12.849,0.84672,3695.15,0,36.966,0.36725,0.216518,1.95132,1.5749,1.33271,2.04278,0.42336,36.966,0.42336,423.524,0,0.86908,0,0,1.0856,0.216518,1.028160,1,0,23.7633,0,0,0,23.7633,0
41.7822,2.21,0,0,2.86997,0.111278,0.36288,3.6288,56.8364,0.421081,0,0,0.762635,0.339835,0,0.66528,12.849,1,0.682661,0.36288,0,39.7705,6.0456,33.4051,0.84672,12.849,0.84672,3695.15,0,36.966,0.273876,0.939349,1.95163,3.75479,1.28639,5.0855,0.42336,36.966,0.42336,423.524,0,1.02816,0,0,1.96751,0.939349,1.028160,1,0,38.4906,0,0,0,38.4906,0
42.2769,2.21267,0,0,3.25417,0.18389,0.36288,3.6288,56.7208,0.421253,0,0,0.559628,0.253942,0,0.66528,12.849,1,0.680448,0.36288,0,66.1369,4.14708,61.6722,0.84672,12.849,0.84672,3695.15,0,36.966,0.27398,0.605033,1.87336,2.73701,1.05089,3.89053,0.42336,36.966,0.42336,423.524,0,1.02816,0,0,1.63319,0.605033,1.028160,1,0,65.5628,0,0,0,65.5628,0
42.3441,2.21913,0,0,2.8341,0.184955,0.36288,3.6288,57.2017,0.421082,0,0,1.15574,0.253751,0,0.66528,12.849,1,0.674449,0.36288,0,71.8426,4.14708,67.3839,0.84672,12.849,0.84672,3695.15,0,36.966,0.274427,2.50083,1.87366,3.53587,1.05089,6.58505,0.42336,36.966,0.42336,423.524,0,1.02816,0,0,3.52899,2.50083,1.028160,1,0,73.969,0,0,0,73.969,0
42.8554,2.22031,0,0,3.27966,0.185099,0.36288,3.6288,57.1877,0.422652,0,0,0.663191,0.254546,0,0.66528,12.849,1,0.673737,0.36288,0,72.7771,4.14708,68.3192,0.84672,12.849,0.84672,3695.15,0,36.966,0.273134,0.516629,1.87396,2.37444,1.05089,3.44102,0.42336,36.966,0.42336,423.524,0,1.02816,0,0,1.54479,0.516629,1.028160,1,0,71.7602,0,0,0,71.7602,0
44.1688,2.05915,0,0,3.94296,0.207598,0.36288,3.6288,57.7297,0.317584,0,0,1.1454,0.285892,0,0.66528,12.849,1,0.617377,0.36288,0,88.6706,4.83581,83.5803,0.84672,12.849,0.84672,3695.15,0,36.966,0.205286,2.13871,1.87427,4.08772,1.24512,6.6503,0.42336,36.966,0.42336,423.524,0,1.02816,0,0,3.16687,2.13871,1.028160,1,0,90.2306,0,0,0,90.2306,0
46.2501,1.94724,0,0,4.60604,0.214604,0.36288,3.6288,58.345,0.418433,0,0,1.28508,0.25129,0,0.66528,12.849,1,0.566464,0.36288,0,243.801,4.63736,238.96,0.84672,12.849,0.84672,3695.15,0,36.966,0.267935,1.66037,1.69991,6.30457,1.14181,8.25511,0.42336,36.966,0.42336,423.524,0,1.02816,0,0,2.68853,1.66037,1.028160,1,0,247.215,0,0,0,247.215,0
49.2858,1.96772,0,0,5.5852,0.218866,0.36288,3.6288,59.1668,0.420163,0,0,1.48619,0.244225,0,0.66528,12.849,1,0.546662,0.36288,0,193.693,4.55836,188.951,0.84672,12.849,0.84672,3695.15,0,36.966,0.266205,1.89414,1.79571,7.52008,1.11164,9.83209,0.42336,36.966,0.42336,423.524,0,1.02816,0,0,2.9223,1.89414,1.028160,1,0,198.783,0,0,0,198.783,0
52.285,1.99496,0,0,5.58329,0.226257,0.36288,3.6288,60.5441,0.422439,0,0,2.04522,0.245518,0,0.66528,12.849,1,0.520094,0.36288,0,204.104,4.55836,199.389,0.84672,12.849,0.84672,3695.15,0,36.966,0.26393,2.95993,1.79584,9.26597,1.11164,12.6462,0.42336,36.966,0.42336,423.524,0,1.02816,0,0,3.98809,2.95993,1.028160,1,0,212.035,0,0,0,212.035,0
55.8293,2.01946,0,0,6.16009,0.233493,0.36288,3.6288,61.308,0.426167,0,0,2.32495,0.247685,0.887184,0.66528,12.849,1,0.496279,0.36288,0,248.918,4.55836,244.227,0.84672,12.849,0.84672,3695.15,0,36.966,0.260202,3.17685,1.79597,9.94879,1.11164,13.5498,0.42336,36.966,0.42336,423.524,0,1.02816,0,0,4.20501,3.17685,1.028160,1,0,258.664,0,0,0,258.664,0
61.1749,2.11383,0,0,8.08875,0.266386,0.36288,3.6288,61.308,0.459499,0,0,2.63998,0.237535,1.94294,0.66528,12.849,1,0.486493,0.36288,0,206.843,4.59137,202.128,0.84672,12.849,0.84672,3695.15,0,36.966,0.277057,3.85143,1.79609,11.1282,1.19839,15.3003,0.42336,36.966,0.42336,423.524,0,1.02816,0,0,4.87959,3.85143,1.028160,1,0,219.372,0,0,0,219.372,0
65.2301,2.19099,0,0,6.90466,0.295669,0.36288,3.6288,61.308,0.428188,0,0,1.89791,0.23433,1.2354,0.66528,12.849,1,0.46019,0.36288,0,162.86,4.44937,158.313,0.84672,12.849,0.84672,3695.15,0,36.966,0.258178,2.68097,1.85072,10.8364,1.26689,13.843,0.42336,36.966,0.42336,423.524,0,1.02816,0,0,3.70913,2.68097,1.028160,1,0,173.391,0,0,0,173.391,0
71.1094,2.21546,0,0,8.76329,0.305604,0.36288,3.6288,61.308,0.428188,0,0,1.93774,0.23433,1.27522,0.66528,12.849,1,0.4364,0.36288,0,187.938,4.44937,183.415,0.84672,12.849,0.84672,3695.15,0,36.966,0.258178,3.88886,1.82147,11.0859,1.26689,15.2712,0.42336,36.966,0.42336,423.524,0,1.02816,0,0,4.91702,3.88886,1.028160,1,0,199.962,0,0,0,199.962,0
72.29,2.24658,0,0,6.47404,0.30605,2.74082,3.6288,61.308,0.428188,0,0,2.3458,0.214245,1.70337,0.66528,12.849,1,0.405943,2.74082,0,163.905,3.94528,162.295,0.84672,12.849,0.84672,3695.15,0,36.966,0.258178,2.71177,1.8216,9.09498,1.12379,12.2464,0.42336,36.966,0.42336,423.524,0,1.02816,0,0,3.73993,2.71177,1.028160,1,0,176.244,0,0,0,176.244,0
72.29,2.48171,0,0,7.50012,0.290036,4.72837,3.6288,61.308,0.545803,0,0,2.15127,0.187465,1.41801,0.66528,12.849,1,0.441106,4.72837,0,164.165,3.27317,165.179,0.84672,12.849,0.84672,3695.15,0,36.966,0.329095,2.95069,1.82173,9.7365,0.932996,13.2468,0.42336,36.966,0.42336,423.524,0,1.02816,0,0,3.97885,2.95069,1.028160,1,0,179.844,0,0,0,179.844,0
72.29,2.57643,0,0,6.29139,0.342233,3.37273,3.6288,61.308,0.476679,0,0,1.36236,0.171076,0.714601,0.66528,12.849,1,0.45794,3.37273,0,150.542,3.39654,150.06,0.84672,12.849,0.84672,3695.15,0,36.966,0.287416,1.57359,2.01804,7.04471,1.00138,9.34754,0.42336,36.966,0.42336,423.524,0,1.02816,0,0,2.60175,1.57359,1.028160,1,0,160.122,0,0,0,160.122,0
72.29,2.57682,0,0,9.05446,0.342233,6.1354,3.6288,61.308,0.476851,0,0,1.94396,0.171076,1.29603,0.66528,12.849,1,0.458011,6.1354,0,195.369,3.39654,197.649,0.84672,12.849,0.84672,3695.15,0,36.966,0.28752,2.8394,1.95334,11.788,1.00138,15.2918,0.42336,36.966,0.42336,423.524,0,1.02816,0,0,3.86756,2.8394,1.028160,1,0,214.237,0,0,0,214.237,0
72.29,2.57722,0,0,9.65874,0.325225,6.7563,3.6288,61.308,0.477023,0,0,2.61503,0.202342,1.93567,0.66528,12.849,1,0.458081,6.7563,0,205.375,4.20647,207.467,0.84672,12.849,0.84672,3695.15,0,36.966,0.287623,3.95337,1.95364,16.0862,1.24127,20.4643,0.42336,36.966,0.42336,423.524,0,1.02816,0,0,4.98153,3.95337,1.028160,1,0,229.867,0,0,0,229.867,0
72.29,2.25089,0,0,8.28127,0.33226,5.69812,3.6288,61.308,0.319257,0,0,1.85266,0.157568,1.37583,0.66528,12.849,1,0.400078,5.69812,0,205.531,3.56234,207.267,0.84672,12.849,0.84672,3695.15,0,36.966,0.192498,3.02589,1.95394,11.6776,0.958726,15.5062,0.42336,36.966,0.42336,423.524,0,1.02816,0,0,4.05405,3.02589,1.028160,1,0,224.149,0,0,0,224.149,0
72.29,2.10318,0,0,6.60606,0.345098,4.15778,3.6288,61.308,0.428182,0,0,1.81023,0.167375,1.21467,0.66528,12.849,1,0.373825,4.15778,0,173.838,3.4818,174.14,0.84672,12.849,0.84672,3695.15,0,36.966,0.258175,2.69766,1.68653,8.423,0.890556,11.6585,0.42336,36.966,0.42336,423.524,0,1.02816,0,0,3.72582,2.69766,1.028160,1,0,187.013,0,0,0,187.013,0
72.29,2.10373,0,0,5.8184,0.345098,3.36957,3.6288,61.308,0.428182,0,0,1.70637,0.167375,1.11081,0.66528,12.849,1,0.373922,3.36957,0,147.914,3.4818,147.428,0.84672,12.849,0.84672,3695.15,0,36.966,0.258175,2.33523,1.78883,8.6099,0.890556,11.5852,0.42336,36.966,0.42336,423.524,0,1.02816,0,0,3.36339,2.33523,1.028160,1,0,160.124,0,0,0,160.124,0
72.29,2.10428,0,0,6.39825,0.345098,3.94887,3.6288,61.308,0.428182,0,0,1.68096,0.167375,1.08541,0.66528,12.849,1,0.374019,3.94887,0,165.203,3.4818,165.296,0.84672,12.849,0.84672,3695.15,0,36.966,0.258175,2.96073,1.78895,8.31652,0.890556,11.9175,0.42336,36.966,0.42336,423.524,0,1.02816,0,0,3.98889,2.96073,1.028160,1,0,178.299,0,0,0,178.299,0
72.29,2.10483,0,0,7.31629,0.345098,4.86637,3.6288,61.308,0.428182,0,0,2.45556,0.167375,1.86,0.66528,12.849,1,0.374117,4.86637,0,195.664,3.4818,196.674,0.84672,12.849,0.84672,3695.15,0,36.966,0.258175,3.14588,1.78907,13.0925,0.890556,16.8788,0.42336,36.966,0.42336,423.524,0,1.02816,0,0,4.17404,3.14588,1.028160,1,0,215.413,0,0,0,215.413,0
72.29,2.18768,0,0,7.61961,0.336486,5.09544,3.6288,61.308,0.466849,0,0,2.32894,0.178544,1.68354,0.66528,12.849,1,0.388843,5.09544,0,147.619,3.99705,148.328,0.84672,12.849,0.84672,3695.15,0,36.966,0.281489,2.49629,1.78919,10.25,0.88336,13.3706,0.42336,36.966,0.42336,423.524,0,1.02816,0,0,3.52445,2.49629,1.028160,1,0,163.382,0,0,0,163.382,0
72.29,2.24087,0,0,8.18571,0.344623,5.60022,3.6288,61.308,0.428188,0,0,2.80955,0.166314,2.21504,0.66528,12.849,1,0.398297,5.60022,0,182.168,3.79397,183.576,0.84672,12.849,0.84672,3695.15,0,36.966,0.258178,3.34525,1.85536,13.6605,0.793695,17.8093,0.42336,36.966,0.42336,423.524,0,1.02816,0,0,4.37341,3.34525,1.028160,1,0,203.601,0,0,0,203.601,0
72.29,2.24144,0,0,5.97065,0.338841,3.39038,3.6288,61.308,0.428188,0,0,1.95452,0.150514,1.37582,0.66528,12.849,1,0.398398,3.39038,0,163.048,3.3623,162.678,0.84672,12.849,0.84672,3695.15,0,36.966,0.258178,2.21895,1.81922,8.99821,0.733307,12.0449,0.42336,36.966,0.42336,423.524,0,1.02816,0,0,3.24711,2.21895,1.028160,1,0,176.098,0,0,0,176.098,0
72.29,2.24201,0,0,5.32332,0.287816,2.7935,3.6288,61.308,0.428188,0,0,1.57118,0.150483,0.992504,0.66528,12.849,1,0.3985,2.7935,0,127.73,2.79276,127.333,0.84672,12.849,0.84672,3695.15,0,36.966,0.258178,1.86524,1.81935,7.61046,0.724912,10.312,0.42336,36.966,0.42336,423.524,0,1.02816,0,0,2.8934,1.86524,1.028160,1,0,138.637,0,0,0,138.637,0
72.29,2.21037,0,0,4.60379,0.241043,2.15237,3.6288,61.308,0.413161,0,0,1.32824,0.186098,0.728976,0.66528,12.849,1,0.392877,2.15237,0,109.612,3.50673,107.865,0.84672,12.849,0.84672,3695.15,0,36.966,0.249118,2.3692,1.81947,5.66189,0.890949,8.7105,0.42336,36.966,0.42336,423.524,0,1.02816,0,0,3.39736,2.3692,1.028160,1,0,117.304,0,0,0,117.304,0
72.29,2.19049,0,0,4.60985,0.192681,2.22669,3.6288,61.308,0.428186,0,0,1.0162,0.201133,0.386883,0.66528,12.849,1,0.389342,2.22669,0,95.1566,4.33608,92.6579,0.84672,12.849,0.84672,3695.15,0,36.966,0.258177,1.07853,1.79388,5.65059,1.03872,7.22612,0.42336,36.966,0.42336,423.524,0,1.02816,0,0,2.10669,1.07853,1.028160,1,0,100.271,0,0,0,100.271,0
72.29,2.19105,0,0,4.31622,0.192681,1.93249,3.6288,61.308,0.428186,0,0,1.01938,0.201133,0.390062,0.66528,12.849,1,0.389442,1.93249,0,87.5647,4.33608,84.7716,0.84672,12.849,0.84672,3695.15,0,36.966,0.258177,1.01754,1.8081,5.35022,1.03872,6.87897,0.42336,36.966,0.42336,423.524,0,1.02816,0,0,2.0457,1.01754,1.028160,1,0,92.0407,0,0,0,92.0407,0
72.29,2.19161,0,0,4.13151,0.192681,1.74722,3.6288,61.308,0.428186,0,0,1.26547,0.201133,0.636147,0.66528,12.849,1,0.389542,1.74722,0,83.4564,4.33608,80.478,0.84672,12.849,0.84672,3695.15,0,36.966,0.258177,1.45501,1.80822,6.41512,1.03872,8.38146,0.42336,36.966,0.42336,423.524,0,1.02816,0,0,2.48317,1.45501,1.028160,1,0,89.4956,0,0,0,89.4956,0
72.29,2.30154,0,0,3.803,0.193585,1.30788,3.6288,61.308,0.481509,0,0,1.03852,0.142553,0.414457,0.66528,12.849,1,0.409081,1.30788,0,73.2024,3.8232,70.278,0.84672,12.849,0.84672,3695.15,0,36.966,0.290329,1.02365,1.80835,5.46324,0.822775,7.18213,0.42336,36.966,0.42336,423.524,0,1.02816,0,0,2.05181,1.02365,1.028160,1,0,77.8746,0,0,0,77.8746,0
72.29,2.37469,0,0,3.42198,0.128984,0.918308,3.6288,61.308,0.428194,0,0,0.885825,0.2365,0.22113,0.66528,12.849,1,0.422084,0.918308,0,66.2602,4.83108,61.9253,0.84672,12.849,0.84672,3695.15,0,36.966,0.258182,0.777125,1.89865,4.47206,1.01673,5.87292,0.42336,36.966,0.42336,423.524,0,1.02816,0,0,1.80528,0.777125,1.028160,1,0,68.0194,0,0,0,68.0194,0
72.29,2.37528,0,0,3.23955,0.117188,0.74708,3.6288,61.308,0.428194,0,0,0.813568,0.253499,0.131875,0.66528,12.849,1,0.422188,0.74708,0,59.8749,5.02415,55.1757,0.84672,12.849,0.84672,3695.15,0,36.966,0.258182,0.637451,1.84877,4.24216,1.07281,5.39738,0.42336,36.966,0.42336,423.524,0,1.02816,0,0,1.66561,0.637451,1.028160,1,0,60.7049,0,0,0,60.7049,0
72.29,2.37587,0,0,3.15179,0.117188,0.658726,3.6288,61.308,0.428194,0,0,0.825232,0.253499,0.143539,0.66528,12.849,1,0.422293,0.658726,0,56.8944,5.02415,52.1067,0.84672,12.849,0.84672,3695.15,0,36.966,0.258182,0.772468,1.8489,4.03976,1.07281,5.33013,0.42336,36.966,0.42336,423.524,0,1.02816,0,0,1.80063,0.772468,1.028160,1,0,57.5804,0,0,0,57.5804,0
72.2756,2.37646,0,0,2.86178,0.136857,0.36288,3.6288,61.308,0.428194,0,0,0.776814,0.248232,0.100388,0.66528,12.849,1,0.422398,0.36288,0,53.6187,4.68569,48.8735,0.84672,12.849,0.84672,3695.15,0,36.966,0.258182,0.717336,1.84903,3.69605,1.08587,4.91835,0.42336,36.966,0.42336,423.524,0,1.02816,0,0,1.7455,0.717336,1.028160,1,0,53.8923,0,0,0,53.8923,0
72.29,2.35533,0,0,2.91973,0.119524,0.430459,3.6288,61.308,0.457524,0,0,0.806121,0.256771,0.0918249,0.66528,12.849,1,0.418726,0.430459,0,50.4073,4.84872,45.5703,0.84672,12.849,0.84672,3695.15,0,36.966,0.275867,0.817111,1.84916,4.42201,1.19503,5.61738,0.42336,36.966,0.42336,423.524,0,1.02816,0,0,1.84527,0.817111,1.028160,1,0,51.2795,0,0,0,51.2795,0
72.29,2.39553,0,0,2.92882,0.0954837,0.437806,3.6288,61.308,0.428477,0,0,0.880502,0.266139,0.185886,0.66528,12.849,1,0.425788,0.437806,0,53.0223,5.16138,47.8729,0.84672,12.849,0.84672,3695.15,0,36.966,0.258353,0.919832,1.88083,4.96683,1.26955,6.23958,0.42336,36.966,0.42336,423.524,0,1.02816,0,0,1.94799,0.919832,1.028160,1,0,54.2984,0,0,0,54.2984,0
72.057,2.3959,0,0,2.62131,0.0954837,0.36288,3.6288,61.308,0.428642,0,0,0.775449,0.266139,0.0806676,0.66528,12.849,1,0.425853,0.36288,0,56.5855,5.16138,51.3612,0.84672,12.849,0.84672,3695.15,0,36.966,0.258452,0.738841,1.85372,4.78692,1.26955,5.85148,0.42336,36.966,0.42336,423.524,0,1.02816,0,0,1.767,0.738841,1.028160,1,0,57.2933,0,0,0,57.2933,0
71.6336,2.3951,0,0,2.42982,0.0953149,0.36288,3.6288,61.308,0.428807,0,0,0.779838,0.266139,0.0848921,0.66528,12.849,1,0.427087,0.36288,0,49.0787,5.16138,43.8532,0.84672,12.849,0.84672,3695.15,0,36.966,0.258551,0.751861,1.854,4.63932,1.26955,5.71708,0.42336,36.966,0.42336,423.524,0,1.02816,0,0,1.78002,0.751861,1.028160,1,0,49.6551,0,0,0,49.6551,0
71.0773,2.44918,0,0,2.34139,0.0855734,0.36288,3.6288,61.2897,0.455127,0,0,0.719487,0.282685,0,0.66528,12.849,1,0.439313,0.36288,0,45.265,5.50103,39.6876,0.84672,12.849,0.84672,3695.15,0,36.966,0.274421,0.608619,1.85429,4.39125,1.35997,5.21977,0.42336,36.966,0.42336,423.524,0,1.02816,0,0,1.63678,0.608619,1.028160,1,0,44.9074,0,0,0,44.9074,0
70.632,2.44665,0,0,2.43874,0.0745731,0.36288,3.6288,61.308,0.455245,0,0,0.889851,0.30374,0.112541,0.66528,12.849,1,0.442293,0.36288,0,51.7886,6.04968,45.6595,0.84672,12.849,0.84672,3695.15,0,36.966,0.274574,0.67621,1.89931,4.48836,1.45942,5.32989,0.42336,36.966,0.42336,423.524,0,1.02816,0,0,1.70437,0.67621,1.028160,1,0,51.1019,0,0,0,51.1019,0
69.9699,2.44467,0,0,2.21981,0.0743188,0.36288,3.6288,61.2827,0.455465,0,0,0.733942,0.303776,0,0.66528,12.849,1,0.444721,0.36288,0,41.7128,6.04968,35.5813,0.84672,12.849,0.84672,3695.15,0,36.966,0.274625,0.713033,1.8996,4.1707,1.45942,5.04929,0.42336,36.966,0.42336,423.524,0,1.02816,0,0,1.74119,0.713033,1.028160,1,0,40.6306,0,0,0,40.6306,0
69.1105,2.44149,0,0,2.01892,0.0739407,0.36288,3.6288,61.2069,0.455563,0,0,0.683519,0.303727,0,0.66528,12.849,1,0.448345,0.36288,0,38.8857,6.04968,32.7506,0.84672,12.849,0.84672,3695.15,0,36.966,0.274797,0.441625,1.89989,3.71692,1.45942,4.32422,0.42336,36.966,0.42336,423.524,0,1.02816,0,0,1.46978,0.441625,1.028160,1,0,37.0748,0,0,0,37.0748,0
68.3316,2.54848,0,0,2.19858,0.066163,0.36288,3.6288,61.1856,0.52636,0,0,0.806803,0.301782,0,0.66528,12.849,1,0.473813,0.36288,0,39.0696,6.15781,32.8009,0.84672,12.849,0.84672,3695.15,0,36.966,0.317896,0.824083,1.90019,5.2555,1.48533,6.17654,0.42336,36.966,0.42336,423.524,0,1.02816,0,0,1.85224,0.824083,1.028160,1,0,38.9774,0,0,0,38.9774,0
67.2518,2.54433,0,0,1.91807,0.0906744,0.36288,3.6288,60.9743,0.526471,0,0,0.638457,0.323257,0,0.66528,12.849,1,0.478433,0.36288,0,34.0846,6.4797,27.4894,0.84672,12.849,0.84672,3695.15,0,36.966,0.318074,0.476055,2.01301,4.20555,1.51076,4.86578,0.42336,36.966,0.42336,423.524,0,1.02816,0,0,1.50422,0.476055,1.028160,1,0,32.3552,0,0,0,32.3552,0
66.2511,2.53827,0,0,2.00436,0.103826,0.36288,3.6288,60.812,0.525964,0,0,0.70663,0.342969,0,0.66528,12.849,1,0.484957,0.36288,0,40.9964,6.5583,34.316,0.84672,12.849,0.84672,3695.15,0,36.966,0.318869,0.60575,2.01332,4.27745,1.50058,5.07707,0.42336,36.966,0.42336,423.524,0,1.02816,0,0,1.63391,0.60575,1.028160,1,0,39.3931,0,0,0,39.3931,0
64.8362,2.53252,0,0,1.5835,0.103007,0.36288,3.6288,60.421,0.564196,0,0,0.515806,0.342616,0,0.66528,12.849,1,0.491167,0.36288,0,42.307,6.5583,35.6204,0.84672,12.849,0.84672,3695.15,0,36.966,0.34296,0.204422,2.01363,3.38932,1.50058,3.76382,0.42336,36.966,0.42336,423.524,0,0.966125,0,0,1.17055,0.204422,1.028160,1,0,39.3842,0,0,0,39.3842,0
63.8088,2.52397,0,0,1.96121,0.101848,0.36288,3.6288,60.4129,0.52451,0,0,0.858128,0.341767,0,0.66528,12.849,1,0.50019,0.36288,0,37.4934,6.5583,30.7978,0.84672,12.849,0.84672,3695.15,0,36.966,0.320899,1.05964,2.01394,5.09314,1.50058,6.34523,0.42336,36.966,0.42336,423.524,0,1.02816,0,0,2.0878,1.05964,1.028160,1,0,37.143,0,0,0,37.143,0
62.5282,2.49011,0,0,1.67985,0.107468,0.36288,3.6288,60.3263,0.491067,0,0,0.741896,0.337384,0,0.66528,12.849,1,0.501426,0.36288,0,41.7266,6.07913,35.5089,0.84672,12.849,0.84672,3695.15,0,36.966,0.300479,0.600039,2.01425,6.72543,1.3648,7.67443,0.42336,36.966,0.42336,423.524,0,1.02816,0,0,1.6282,0.600039,1.028160,1,0,43.1834,0,0,0,43.1834,0
61.7348,2.48197,0,0,2.17935,0.127851,0.36288,3.6288,60.3962,0.490974,0,0,0.910475,0.349641,0,0.66528,12.849,1,0.510023,0.36288,0,42.6274,6.19241,36.2879,0.84672,12.849,0.84672,3695.15,0,36.966,0.300853,0.830382,1.96652,10.1049,1.48162,11.1193,0.42336,36.966,0.42336,423.524,0,1.02816,0,0,1.85854,0.830382,1.028160,1,0,47.4072,0,0,0,47.4072,0
61.3684,2.47693,0,0,2.64626,0.17286,0.36288,3.6288,60.5124,0.491363,0,0,0.923046,0.315492,0,0.66528,12.849,1,0.515528,0.36288,0,38.6986,5.91633,32.6296,0.84672,12.849,0.84672,3695.15,0,36.966,0.300743,0.861348,1.96682,7.47593,1.38679,8.61657,0.42336,36.966,0.42336,423.524,0,1.02816,0,0,1.88951,0.861348,1.028160,1,0,41.2461,0,0,0,41.2461,0
62.4262,2.47476,0,0,4.06773,0.172337,0.36288,3.6288,61.2638,0.491896,0,0,1.55906,0.315725,0,0.66528,12.849,1,0.518153,0.36288,0,71.8075,5.91633,65.7359,0.84672,12.849,0.84672,3695.15,0,36.966,0.300491,2.2654,1.96712,14.4528,1.38679,16.9981,0.42336,36.966,0.42336,423.524,0,1.02816,0,0,3.29356,2.2654,1.028160,1,0,82.7339,0,0,0,82.7339,0
62.8585,2.4183,0,0,3.38736,0.173846,0.36288,3.6288,61.308,0.44212,0,0,1.23875,0.317232,0.435199,0.66528,12.849,1,0.497751,0.36288,0,106.553,5.91633,100.502,0.84672,12.849,0.84672,3695.15,0,36.966,0.266771,1.57314,1.96743,10.1755,1.38679,12.0625,0.42336,36.966,0.42336,423.524,0,1.02816,0,0,2.6013,1.57314,1.028160,1,0,112.999,0,0,0,112.999,0
62.9138,2.42151,0,0,3.0451,0.205448,0.36288,3.6288,61.308,0.442407,0,0,1.0684,0.212542,0.413448,0.66528,12.849,1,0.494985,0.36288,0,73.6836,4.12104,69.4305,0.84672,12.849,0.84672,3695.15,0,36.966,0.266752,1.64728,1.88851,9.98032,1.06602,12.1833,0.42336,36.966,0.42336,423.524,0,1.02816,0,0,2.67544,1.64728,1.028160,1,0,82.0273,0,0,0,82.0273,0
64.654,2.42225,0,0,4.73095,0.205541,0.36288,3.6288,61.308,0.442574,0,0,1.68232,0.212542,1.02721,0.66528,12.849,1,0.4947,0.36288,0,120.971,4.12104,116.718,0.84672,12.849,0.84672,3695.15,0,36.966,0.266852,2.66638,1.8888,13.3388,1.06602,16.5611,0.42336,36.966,0.42336,423.524,0,1.02816,0,0,3.69454,2.66638,1.028160,1,0,134.307,0,0,0,134.307,0
65.7656,2.43373,0,0,4.12121,0.213085,0.36288,3.6288,61.308,0.442741,0,0,1.6637,0.201801,1.01916,0.66528,12.849,1,0.483666,0.36288,0,103.22,4.12611,98.9735,0.84672,12.849,0.84672,3695.15,0,36.966,0.266953,2.56439,1.88909,14.737,1.0976,17.8259,0.42336,36.966,0.42336,423.524,0,1.02816,0,0,3.59255,2.56439,1.028160,1,0,117.819,0,0,0,117.819,0
66.5272,2.25711,0,0,3.63921,0.257534,0.36288,3.6288,61.308,0.333991,0,0,1.27543,0.188362,0.753075,0.66528,12.849,1,0.440985,0.36288,0,90.4116,4.21289,86.1206,0.84672,12.849,0.84672,3695.15,0,36.966,0.201382,1.89767,1.88939,11.6597,1.11827,14.1271,0.42336,36.966,0.42336,423.524,0,1.02816,0,0,2.92583,1.89767,1.028160,1,0,101.001,0,0,0,101.001,0
66.2979,2.13535,0,0,2.55411,0.285178,0.36288,3.6288,61.308,0.428185,0,0,0.745926,0.206576,0.111165,0.66528,12.849,1,0.412419,0.36288,0,53.5621,4.37309,49.1395,0.84672,12.849,0.84672,3695.15,0,36.966,0.258176,1.34872,1.71361,8.27202,1.12241,9.95376,0.42336,36.966,0.42336,423.524,0,1.02816,0,0,2.37688,1.34872,1.028160,1,0,59.2044,0,0,0,59.2044,0
66.6072,2.1347,0,0,3.09258,0.285766,0.36288,3.6288,61.308,0.428185,0,0,0.913939,0.209837,0.275918,0.66528,12.849,1,0.41372,0.36288,0,62.5777,4.41493,58.1119,0.84672,12.849,0.84672,3695.15,0,36.966,0.258176,4.00842,1.80209,12.88,1.14155,17.2908,0.42336,36.966,0.42336,423.524,0,1.02816,0,0,5.03658,4.00842,1.028160,1,0,75.6786,0,0,0,75.6786,0
70.254,2.13686,0,0,6.43301,0.286468,0.36288,3.6288,61.308,0.428185,0,0,1.57565,0.209837,0.93763,0.66528,12.849,1,0.412216,0.36288,0,138.456,4.41493,133.992,0.84672,12.849,0.84672,3695.15,0,36.966,0.258176,3.04107,1.80221,22.8367,1.14155,26.2803,0.42336,36.966,0.42336,423.524,0,1.02816,0,0,4.06923,3.04107,1.028160,1,0,161.21,0,0,0,161.21,0
72.29,2.15551,0,0,17.7094,0.282654,13.2352,3.6288,61.308,0.428185,0,0,6.42652,0.200536,5.7978,0.66528,12.849,1,0.394228,13.2352,0,358.258,4.09336,367.005,0.84672,12.849,0.84672,3695.15,0,36.966,0.258176,3.74129,1.80234,33.2975,1.10138,37.4816,0.42336,36.966,0.42336,423.524,0,1.02816,0,0,4.76945,3.74129,1.028160,1,0,410.285,0,0,0,410.285,0
72.29,2.16514,0,0,6.49243,0.259875,4.06742,3.6288,61.308,0.428034,0,0,1.72441,0.2107,1.08567,0.66528,12.849,1,0.384837,4.06742,0,122.542,3.5914,122.633,0.84672,12.849,0.84672,3695.15,0,36.966,0.258086,3.37932,1.80246,13.3879,0.93909,17.3725,0.42336,36.966,0.42336,423.524,0,1.02816,0,0,4.40748,3.37932,1.028160,1,0,141.091,0,0,0,141.091,0
72.29,2.23731,0,0,6.79013,0.304843,4.24798,3.6288,61.308,0.459745,0,0,1.09109,0.219563,0.411776,0.66528,12.849,1,0.397665,4.24798,0,95.0046,3.72004,95.1348,0.84672,12.849,0.84672,3695.15,0,36.966,0.277206,1.52688,1.80232,8.84952,1.04999,10.8515,0.42336,36.966,0.42336,423.524,0,1.02816,0,0,2.55504,1.52688,1.028160,1,0,106.398,0,0,0,106.398,0
72.29,2.28082,0,0,8.454,0.304843,5.86834,3.6288,61.308,0.428183,0,0,1.52374,0.219563,0.875995,0.66528,12.849,1,0.405398,5.86834,0,180.819,3.72004,182.562,0.84672,12.849,0.84672,3695.15,0,36.966,0.258175,3.69415,1.85752,15.5942,1.04999,19.8377,0.42336,36.966,0.42336,423.524,0,1.02816,0,0,4.72231,3.69415,1.028160,1,0,203.275,0,0,0,203.275,0
72.29,2.28137,0,0,6.7754,0.304843,4.18919,3.6288,61.308,0.428183,0,0,1.7839,0.219563,1.13615,0.66528,12.849,1,0.405496,4.18919,0,162.136,3.72004,162.199,0.84672,12.849,0.84672,3695.15,0,36.966,0.258175,1.96464,1.82803,10.2711,1.04999,12.7556,0.42336,36.966,0.42336,423.524,0,1.02816,0,0,2.9928,1.96464,1.028160,1,0,176.091,0,0,0,176.091,0
72.29,2.28192,0,0,7.66826,0.30418,5.08216,3.6288,61.308,0.428183,0,0,1.0442,0.204051,0.41197,0.66528,12.849,1,0.405594,5.08216,0,157.252,3.51975,158.409,0.84672,12.849,0.84672,3695.15,0,36.966,0.258175,1.42434,1.82816,7.48123,1.00772,9.46783,0.42336,36.966,0.42336,423.524,0,1.02816,0,0,2.4525,1.42434,1.028160,1,0,168.289,0,0,0,168.289,0
72.29,2.51324,0,0,4.73529,0.264823,1.95723,3.6288,61.308,0.546739,0,0,1.86006,0.168989,1.14433,0.66528,12.849,1,0.446709,1.95723,0,99.6659,3.06216,98.1142,0.84672,12.849,0.84672,3695.15,0,36.966,0.329659,2.21267,1.82828,8.9818,0.977074,11.716,0.42336,36.966,0.42336,423.524,0,1.02816,0,0,3.24083,2.21267,1.028160,1,0,110.975,0,0,0,110.975,0
72.29,2.59703,0,0,6.22051,0.25841,3.36507,3.6288,61.308,0.48562,0,0,1.42418,0.166593,0.77197,0.66528,12.849,1,0.461603,3.36507,0,149.551,3.03041,149.424,0.84672,12.849,0.84672,3695.15,0,36.966,0.292807,3.16136,2.02616,9.69805,0.981359,13.6114,0.42336,36.966,0.42336,423.524,0,1.02816,0,0,4.18952,3.16136,1.028160,1,0,163.807,0,0,0,163.807,0
72.29,2.59741,0,0,5.65549,0.319173,2.73891,3.6288,61.308,0.485787,0,0,1.48791,0.15393,0.848195,0.66528,12.849,1,0.461671,2.73891,0,127.436,3.14586,126.567,0.84672,12.849,0.84672,3695.15,0,36.966,0.292908,4.33563,1.96896,9.24998,0.934832,14.3268,0.42336,36.966,0.42336,423.524,0,1.02816,0,0,5.36379,4.33563,1.028160,1,0,141.742,0,0,0,141.742,0
72.29,2.5978,0,0,8.77851,0.344562,5.83615,3.6288,61.308,0.485953,0,0,1.211,0.18822,0.536827,0.66528,12.849,1,0.461739,5.83615,0,175.371,3.05151,177.694,0.84672,12.849,0.84672,3695.15,0,36.966,0.293008,2.65269,1.96925,9.76925,0.986223,13.112,0.42336,36.966,0.42336,423.524,0,1.02816,0,0,3.68085,2.65269,1.028160,1,0,191.343,0,0,0,191.343,0
72.29,2.26884,0,0,4.60494,0.322455,2.01364,3.6288,61.308,0.326922,0,0,1.06245,0.151383,0.584147,0.66528,12.849,1,0.40327,2.01364,0,89.1838,2.70366,88.0905,0.84672,12.849,0.84672,3695.15,0,36.966,0.197119,2.24871,1.96954,5.08051,0.857389,8.24425,0.42336,36.966,0.42336,423.524,0,1.02816,0,0,3.27687,2.24871,1.028160,1,0,96.9189,0,0,0,96.9189,0
72.29,2.13156,0,0,4.63023,0.318771,2.1799,3.6288,61.308,0.428177,0,0,0.979422,0.145244,0.406001,0.66528,12.849,1,0.378869,2.1799,0,80.041,2.64569,79.1963,0.84672,12.849,0.84672,3695.15,0,36.966,0.258172,2.079,1.69998,4.89142,0.835917,7.57632,0.42336,36.966,0.42336,423.524,0,1.02816,0,0,3.10716,2.079,1.028160,1,0,87.1786,0,0,0,87.1786,0
72.29,2.13209,0,0,7.40769,0.318771,4.95683,3.6288,61.308,0.428177,0,0,1.48504,0.145244,0.911622,0.66528,12.849,1,0.378963,4.95683,0,136.892,2.64569,138.824,0.84672,12.849,0.84672,3695.15,0,36.966,0.258172,3.77231,1.79508,7.44079,0.835917,11.9141,0.42336,36.966,0.42336,423.524,0,1.02816,0,0,4.80047,3.77231,1.028160,1,0,151.65,0,0,0,151.65,0
72.29,2.13262,0,0,6.83615,0.302095,4.40143,3.6288,61.308,0.428177,0,0,1.98371,0.147574,1.40796,0.66528,12.849,1,0.379057,4.40143,0,134.017,2.92502,135.114,0.84672,12.849,0.84672,3695.15,0,36.966,0.258172,5.83563,1.7952,11.8149,0.883605,18.3039,0.42336,36.966,0.42336,423.524,0,1.02816,0,0,6.86379,5.83563,1.028160,1,0,154.826,0,0,0,154.826,0
72.29,2.13315,0,0,8.34753,0.314544,5.89983,3.6288,61.308,0.428177,0,0,1.90198,0.158176,1.31563,0.66528,12.849,1,0.379151,5.89983,0,221.842,3.43885,223.923,0.84672,12.849,0.84672,3695.15,0,36.966,0.258172,4.99187,1.79532,11.9108,0.933214,17.5066,0.42336,36.966,0.42336,423.524,0,1.02816,0,0,6.02003,4.99187,1.028160,1,0,242.746,0,0,0,242.746,0
72.29,2.21664,0,0,5.96659,0.325546,3.42441,3.6288,61.308,0.467152,0,0,2.32341,0.149453,1.7068,0.66528,12.849,1,0.393991,3.42441,0,106.017,3.35611,105.691,0.84672,12.849,0.84672,3695.15,0,36.966,0.281672,4.73259,1.79544,9.63135,0.875613,15.0021,0.42336,36.966,0.42336,423.524,0,1.02816,0,0,5.76075,4.73259,1.028160,1,0,122.4,0,0,0,122.4,0
72.29,2.27023,0,0,5.24223,0.325546,2.64646,3.6288,61.308,0.428183,0,0,1.6292,0.149453,1.05157,0.66528,12.849,1,0.403516,2.64646,0,118.207,3.35611,117.094,0.84672,12.849,0.84672,3695.15,0,36.966,0.258175,3.67391,1.86213,8.51844,0.875613,12.9207,0.42336,36.966,0.42336,423.524,0,1.02816,0,0,4.70207,3.67391,1.028160,1,0,131.066,0,0,0,131.066,0
72.29,2.27078,0,0,4.44744,0.289834,1.88683,3.6288,61.308,0.428183,0,0,1.27893,0.168484,0.68226,0.66528,12.849,1,0.403613,1.88683,0,109.979,3.5888,107.873,0.84672,12.849,0.84672,3695.15,0,36.966,0.258175,2.95008,1.8257,8.2982,0.921414,11.8944,0.42336,36.966,0.42336,423.524,0,1.02816,0,0,3.97824,2.95008,1.028160,1,0,120.45,0,0,0,120.45,0
72.29,2.27133,0,0,4.31692,0.259296,1.7863,3.6288,61.308,0.428183,0,0,1.45005,0.187186,0.834682,0.66528,12.849,1,0.403711,1.7863,0,80.8877,3.85827,78.412,0.84672,12.849,0.84672,3695.15,0,36.966,0.258175,3.434,1.82582,7.86285,0.967937,11.8966,0.42336,36.966,0.42336,423.524,0,1.02816,0,0,4.46216,3.434,1.028160,1,0,91.1432,0,0,0,91.1432,0
72.29,2.23942,0,0,4.62863,0.236767,2.15244,3.6288,61.308,0.413037,0,0,1.13685,0.213757,0.510057,0.66528,12.849,1,0.39804,2.15244,0,92.181,4.42806,89.5074,0.84672,12.849,0.84672,3695.15,0,36.966,0.249043,2.5999,1.82594,7.00834,1.04097,10.1442,0.42336,36.966,0.42336,423.524,0,1.02816,0,0,3.62806,2.5999,1.028160,1,0,100.162,0,0,0,100.162,0
72.29,2.21935,0,0,4.0532,0.236767,1.59708,3.6288,61.308,0.428181,0,0,1.07882,0.213757,0.436878,0.66528,12.849,1,0.394473,1.59708,0,81.1529,4.42806,77.9275,0.84672,12.849,0.84672,3695.15,0,36.966,0.258174,2.16923,1.80014,6.53472,1.04097,9.20494,0.42336,36.966,0.42336,423.524,0,1.02816,0,0,3.19739,2.16923,1.028160,1,0,87.5693,0,0,0,87.5693,0
72.29,2.21989,0,0,3.64344,0.236767,1.18678,3.6288,61.308,0.428181,0,0,0.955904,0.213757,0.313965,0.66528,12.849,1,0.394569,1.18678,0,70.1257,4.42806,66.4898,0.84672,12.849,0.84672,3695.15,0,36.966,0.258174,1.80943,1.81447,5.71804,1.04097,8.04279,0.42336,36.966,0.42336,423.524,0,1.02816,0,0,2.83759,1.80943,1.028160,1,0,74.8466,0,0,0,74.8466,0
72.29,2.22044,0,0,3.36307,0.210842,0.931789,3.6288,61.308,0.428181,0,0,0.894923,0.179624,0.287117,0.66528,12.849,1,0.394666,0.931789,0,67.2996,3.7203,64.1164,0.84672,12.849,0.84672,3695.15,0,36.966,0.258174,1.6774,1.81459,5.16371,0.861461,7.53607,0.42336,36.966,0.42336,423.524,0,1.02816,0,0,2.70556,1.6774,1.028160,1,0,71.9396,0,0,0,71.9396,0
72.29,2.33121,0,0,3.61479,0.158234,1.12534,3.6288,61.308,0.481925,0,0,0.917222,0.213937,0.22136,0.66528,12.849,1,0.414356,1.12534,0,65.1525,3.99347,61.87,0.84672,12.849,0.84672,3695.15,0,36.966,0.29058,2.12435,1.8147,5.30453,0.966287,7.98672,0.42336,36.966,0.42336,423.524,0,1.02816,0,0,3.15251,2.12435,1.028160,1,0,70.0781,0,0,0,70.0781,0
72.29,2.40492,0,0,3.44348,0.13892,0.89964,3.6288,61.308,0.428189,0,0,0.915036,0.229938,0.25691,0.66528,12.849,1,0.427456,0.89964,0,63.6682,4.14992,59.9904,0.84672,12.849,0.84672,3695.15,0,36.966,0.258179,1.48846,1.90571,5.272,1.02019,7.3878,0.42336,36.966,0.42336,423.524,0,1.02816,0,0,2.51662,1.48846,1.028160,1,0,67.6351,0,0,0,67.6351,0
72.29,2.40549,0,0,3.10288,0.13892,0.558473,3.6288,61.308,0.428189,0,0,0.815564,0.229938,0.157437,0.66528,12.849,1,0.427558,0.558473,0,57.0738,4.14992,53.0548,0.84672,12.849,0.84672,3695.15,0,36.966,0.258179,1.14295,1.85543,4.95899,1.02019,6.67901,0.42336,36.966,0.42336,423.524,0,1.02816,0,0,2.17111,1.14295,1.028160,1,0,59.8912,0,0,0,59.8912,0
72.171,2.40606,0,0,2.78103,0.131141,0.36288,3.6288,61.308,0.428189,0,0,0.806276,0.23533,0.142757,0.66528,12.849,1,0.427659,0.36288,0,49.5295,4.23653,45.2282,0.84672,12.849,0.84672,3695.15,0,36.966,0.258179,1.32818,1.85556,4.84345,1.04162,6.72739,0.42336,36.966,0.42336,423.524,0,1.02816,0,0,2.35634,1.32818,1.028160,1,0,52.0983,0,0,0,52.0983,0
72.2703,2.40603,0,0,2.95541,0.0871169,0.36288,3.6288,61.308,0.428189,0,0,0.862819,0.248276,0.186354,0.66528,12.849,1,0.428359,0.36288,0,47.3853,4.83255,42.4873,0.84672,12.849,0.84672,3695.15,0,36.966,0.258179,1.31102,1.85568,4.82306,1.17071,6.56088,0.42336,36.966,0.42336,423.524,0,1.02816,0,0,2.33918,1.31102,1.028160,1,0,49.2345,0,0,0,49.2345,0
72.29,2.38529,0,0,3.21684,0.0908216,0.72106,3.6288,61.308,0.45775,0,0,0.948266,0.222402,0.268114,0.66528,12.849,1,0.424082,0.72106,0,48.2172,4.93437,43.5798,0.84672,12.849,0.84672,3695.15,0,36.966,0.276003,1.23722,1.85581,5.00124,1.17136,6.64691,0.42336,36.966,0.42336,423.524,0,1.02816,0,0,2.26538,1.23722,1.028160,1,0,50.4948,0,0,0,50.4948,0
72.29,2.41436,0,0,2.92035,0.0908351,0.415164,3.6288,61.308,0.436884,0,0,0.895812,0.222402,0.236526,0.66528,12.849,1,0.429133,0.415164,0,46.7842,4.93437,41.8359,0.84672,12.849,0.84672,3695.15,0,36.966,0.263422,1.01499,1.88773,4.7011,1.17136,6.16904,0.42336,36.966,0.42336,423.524,0,1.02816,0,0,2.04315,1.01499,1.028160,1,0,48.2414,0,0,0,48.2414,0
72.1051,2.41471,0,0,2.67402,0.0813141,0.36288,3.6288,61.308,0.437044,0,0,0.852604,0.24434,0.17122,0.66528,12.849,1,0.429197,0.36288,0,41.2579,5.21667,35.9749,0.84672,12.849,0.84672,3695.15,0,36.966,0.263518,0.931159,1.86828,4.56548,1.2744,5.827,0.42336,36.966,0.42336,423.524,0,1.02816,0,0,1.95932,0.931159,1.028160,1,0,41.9731,0,0,0,41.9731,0
71.7952,2.41413,0,0,2.5245,0.057431,0.36288,3.6288,61.308,0.437203,0,0,0.795666,0.299185,0.0592779,0.66528,12.849,1,0.430194,0.36288,0,36.6956,5.92242,30.7059,0.84672,12.849,0.84672,3695.15,0,36.966,0.263614,0.896893,1.86856,4.35487,1.53202,5.32469,0.42336,36.966,0.42336,423.524,0,1.02816,0,0,1.92505,0.896893,1.028160,1,0,36.0899,0,0,0,36.0899,0
71.2464,2.46923,0,0,2.3478,0.06445,0.36288,3.6288,61.2813,0.463723,0,0,0.760156,0.323162,0,0.66528,12.849,1,0.441912,0.36288,0,30.3005,6.07429,24.1472,0.84672,12.849,0.84672,3695.15,0,36.966,0.279604,0.586163,1.86883,3.91474,1.52056,4.56958,0.42336,36.966,0.42336,423.524,0,1.02816,0,0,1.61432,0.586163,1.028160,1,0,28.7167,0,0,0,28.7167,0
70.7217,2.46671,0,0,2.36392,0.05903,0.36288,3.6288,61.2122,0.46381,0,0,0.722287,0.327549,0,0.66528,12.849,1,0.444861,0.36288,0,39.6898,6.11226,33.4956,0.84672,12.849,0.84672,3695.15,0,36.966,0.279779,0.779026,1.9142,4.30923,1.54305,5.17963,0.42336,36.966,0.42336,423.524,0,1.02816,0,0,1.80719,0.779026,1.028160,1,0,38.6752,0,0,0,38.6752,0
70.0492,2.46428,0,0,2.21348,0.0587931,0.36288,3.6288,61.0927,0.463776,0,0,0.671708,0.327406,0,0.66528,12.849,1,0.44772,0.36288,0,31.8674,6.11226,25.6703,0.84672,12.849,0.84672,3695.15,0,36.966,0.280074,0.745511,1.91448,3.88444,1.54305,4.72131,0.42336,36.966,0.42336,423.524,0,1.02816,0,0,1.77367,0.745511,1.028160,1,0,30.3916,0,0,0,30.3916,0
69.1822,2.46101,0,0,2.01531,0.0584895,0.36288,3.6288,60.9397,0.463598,0,0,0.637692,0.327158,0,0.66528,12.849,1,0.451419,0.36288,0,29.0428,6.11226,22.842,0.84672,12.849,0.84672,3695.15,0,36.966,0.280514,0.472591,1.91476,3.6233,1.54305,4.1871,0.42336,36.966,0.42336,423.524,0,1.02816,0,0,1.50075,0.472591,1.028160,1,0,27.0291,0,0,0,27.0291,0
68.6674,2.56881,0,0,2.47842,0.0614987,0.36288,3.6288,60.8587,0.534599,0,0,0.782529,0.328876,0,0.66528,12.849,1,0.477098,0.36288,0,30.6133,6.18128,24.3178,0.84672,12.849,0.84672,3695.15,0,36.966,0.324288,1.03277,1.91505,4.3623,1.53703,5.44881,0.42336,36.966,0.42336,423.524,0,1.02816,0,0,2.06093,1.03277,1.028160,1,0,29.7666,0,0,0,29.7666,0
67.5365,2.56618,0,0,1.87024,0.0721337,0.36288,3.6288,60.5624,0.534504,0,0,0.563858,0.325712,0,0.66528,12.849,1,0.480181,0.36288,0,34.8632,6.10218,28.6437,0.84672,12.849,0.84672,3695.15,0,36.966,0.324661,0.359916,2.02874,2.71924,1.50637,3.27686,0.42336,36.966,0.42336,423.524,0,1.02816,0,0,1.38808,0.359916,1.028160,1,0,31.9206,0,0,0,31.9206,0
66.6113,2.5598,0,0,2.06898,0.0714973,0.36288,3.6288,60.4781,0.53369,0,0,0.774559,0.325101,0,0.66528,12.849,1,0.487009,0.36288,0,29.8903,6.10218,23.664,0.84672,12.849,0.84672,3695.15,0,36.966,0.325753,0.788944,2.02904,3.24954,1.50637,4.2354,0.42336,36.966,0.42336,423.524,0,1.02816,0,0,1.8171,0.788944,1.028160,1,0,27.8994,0,0,0,27.8994,0
65.542,2.55451,0,0,1.92156,0.0734043,0.36288,3.6288,60.2559,0.533582,0,0,0.622562,0.31121,0,0.66528,12.849,1,0.492752,0.36288,0,28.6769,5.73249,22.8146,0.84672,12.849,0.84672,3695.15,0,36.966,0.326141,0.645002,2.02933,3.69194,1.36246,4.67768,0.42336,36.966,0.42336,423.524,0,1.02816,0,0,1.67316,0.645002,1.028160,1,0,27.4923,0,0,0,27.4923,0
64.6094,2.54816,0,0,2.05197,0.0735277,0.36288,3.6288,60.1098,0.533009,0,0,0.669584,0.282634,0,0.66528,12.849,1,0.499547,0.36288,0,22.8672,4.87178,17.8588,0.84672,12.849,0.84672,3695.15,0,36.966,0.326992,0.570672,2.02963,3.82524,1.08942,5.00913,0.42336,36.966,0.42336,423.524,0,1.02816,0,0,1.59883,0.570672,1.028160,1,0,22.8679,0,0,0,22.8679,0
63.5827,2.51471,0,0,1.91074,0.0598973,0.36288,3.6288,60.4239,0.498898,0,0,1.11062,0.297626,0,0.66528,12.849,1,0.500104,0.36288,0,25.5169,5.03055,20.3492,0.84672,12.849,0.84672,3695.15,0,36.966,0.306809,1.44297,2.02993,3.24664,1.30626,5.10648,0.42336,36.966,0.42336,423.524,0,1.02816,0,0,2.47113,1.44297,1.028160,1,0,25.4556,0,0,0,25.4556,0
62.3377,2.50836,0,0,1.6856,0.0594018,0.36288,3.6288,60.2509,0.500055,0,0,0.625287,0.298222,0,0.66528,12.849,1,0.506897,0.36288,0,26.4316,5.03055,21.257,0.84672,12.849,0.84672,3695.15,0,36.966,0.305923,0.468124,1.98182,2.43473,1.30626,3.27249,0.42336,36.966,0.42336,423.524,0,1.02816,0,0,1.49628,0.468124,1.028160,1,0,24.5295,0,0,0,24.5295,0
60.846,2.50033,0,0,1.43032,0.0588009,0.36288,3.6288,60.0233,0.499679,0,0,0.569978,0.297894,0,0.66528,12.849,1,0.515367,0.36288,0,24.4234,5.03055,19.2403,0.84672,12.849,0.84672,3695.15,0,36.966,0.30657,0.332165,1.98211,2.31676,1.30626,3.0182,0.42336,36.966,0.42336,423.524,0,1.02816,0,0,1.36032,0.332165,1.028160,1,0,22.2585,0,0,0,22.2585,0
60.8768,2.49027,0,0,3.04965,0.165618,0.36288,3.6288,60.3597,0.499127,0,0,1.0427,0.207233,0,0.66528,12.849,1,0.525877,0.36288,0,53.7629,3.78477,49.8151,0.84672,12.849,0.84672,3695.15,0,36.966,0.307393,0.797973,1.98241,5.13332,0.916873,6.68943,0.42336,36.966,0.42336,423.524,0,1.02816,0,0,1.82613,0.797973,1.028160,1,0,56.5046,0,0,0,56.5046,0
61.208,2.42651,0,0,3.29492,0.174369,0.36288,3.6288,61.308,0.447998,0,0,1.72778,0.22524,0.10623,0.66528,12.849,1,0.512153,0.36288,0,83.6827,4.17456,79.3589,0.84672,12.849,0.84672,3695.15,0,36.966,0.274367,1.80345,1.9827,8.01127,1.0058,10.5173,0.42336,36.966,0.42336,423.524,0,1.02816,0,0,2.83161,1.80345,1.028160,1,0,89.9824,0,0,0,89.9824,0
61.466,2.42916,0,0,3.22332,0.173308,0.36288,3.6288,61.308,0.450807,0,0,1.78699,0.23207,1.10411,0.66528,12.849,1,0.509938,0.36288,0,94.7393,4.27413,90.3181,0.84672,12.849,0.84672,3695.15,0,36.966,0.271816,2.47898,1.90316,8.62773,1.03143,11.7066,0.42336,36.966,0.42336,423.524,0,1.02816,0,0,3.50714,2.47898,1.028160,1,0,103.129,0,0,0,103.129,0
62.0158,2.43129,0,0,3.51764,0.173678,0.36288,3.6288,61.308,0.450968,0,0,1.37681,0.23207,0.693772,0.66528,12.849,1,0.508243,0.36288,0,83.7942,4.27413,79.3747,0.84672,12.849,0.84672,3695.15,0,36.966,0.271914,2.21833,1.90344,7.94163,1.03143,10.7601,0.42336,36.966,0.42336,423.524,0,1.02816,0,0,3.24649,2.21833,1.028160,1,0,90.8285,0,0,0,90.8285,0
62.436,2.43538,0,0,3.43456,0.216044,0.36288,3.6288,61.308,0.451129,0,0,1.20872,0.19822,0.55937,0.66528,12.849,1,0.504585,0.36288,0,97.7046,3.87807,93.6848,0.84672,12.849,0.84672,3695.15,0,36.966,0.272011,1.7111,1.90372,7.67949,0.901483,10.1208,0.42336,36.966,0.42336,423.524,0,1.02816,0,0,2.73926,1.7111,1.028160,1,0,104.365,0,0,0,104.365,0
61.8253,2.25491,0,0,2.23669,0.229572,0.36288,3.6288,61.308,0.341532,0,0,1.18559,0.196821,0.647237,0.66528,12.849,1,0.464048,0.36288,0,56.0393,4.00534,51.9328,0.84672,12.849,0.84672,3695.15,0,36.966,0.205929,1.7032,1.904,7.85851,0.942944,10.3168,0.42336,36.966,0.42336,423.524,0,1.02816,0,0,2.73136,1.7032,1.028160,1,0,62.8969,0,0,0,62.8969,0
62.7368,2.13665,0,0,3.62556,0.21461,0.36288,3.6288,61.308,0.428179,0,0,2.04219,0.214813,1.3992,0.66528,12.849,1,0.444053,0.36288,0,101.182,4.32359,96.7772,0.84672,12.849,0.84672,3695.15,0,36.966,0.258173,2.37095,1.72686,11.0498,1.04714,13.8423,0.42336,36.966,0.42336,423.524,0,1.02816,0,0,3.39911,2.37095,1.028160,1,0,112.019,0,0,0,112.019,0
64.353,2.14253,0,0,4.33788,0.216222,0.36288,3.6288,61.308,0.428179,0,0,2.45856,0.214813,1.81556,0.66528,12.849,1,0.438807,0.36288,0,72.0323,4.32359,67.6328,0.84672,12.849,0.84672,3695.15,0,36.966,0.258173,3.24457,1.80826,12.0656,1.04714,15.8131,0.42336,36.966,0.42336,423.524,0,1.02816,0,0,4.27273,3.24457,1.028160,1,0,85.2614,0,0,0,85.2614,0
64.3445,2.15224,0,0,2.75285,0.246234,0.36288,3.6288,61.308,0.42818,0,0,0.85517,0.217668,0.209322,0.66528,12.849,1,0.429726,0.36288,0,78.9534,4.02546,74.861,0.84672,12.849,0.84672,3695.15,0,36.966,0.258173,1.30196,1.80837,7.53028,0.984585,9.39786,0.42336,36.966,0.42336,423.524,0,1.02816,0,0,2.33012,1.30196,1.028160,1,0,84.4682,0,0,0,84.4682,0
64.443,2.15272,0,0,2.90019,0.286104,0.36288,3.6288,61.308,0.428179,0,0,0.82442,0.222615,0.173626,0.66528,12.849,1,0.429879,0.36288,0,100.648,3.7749,96.8063,0.84672,12.849,0.84672,3695.15,0,36.966,0.258173,1.39507,1.80849,8.00049,0.951487,9.9944,0.42336,36.966,0.42336,423.524,0,1.02816,0,0,2.42323,1.39507,1.028160,1,0,106.974,0,0,0,106.974,0
68.16,2.22486,0,0,6.59778,0.293051,0.36288,3.6288,61.308,0.459983,0,0,1.51627,0.217049,0.839236,0.66528,12.849,1,0.443606,0.36288,0,92.8869,4.22778,88.5784,0.84672,12.849,0.84672,3695.15,0,36.966,0.27735,2.20369,1.80861,8.70618,1.19977,11.2414,0.42336,36.966,0.42336,423.524,0,1.02816,0,0,3.23185,2.20369,1.028160,1,0,100.659,0,0,0,100.659,0
72.29,2.28864,0,0,9.70272,0.289936,2.99412,3.6288,61.308,0.428178,0,0,2.02153,0.207748,1.3856,0.66528,12.849,1,0.431438,2.99412,0,189.63,3.90621,188.286,0.84672,12.849,0.84672,3695.15,0,36.966,0.258172,3.52738,1.86409,11.7747,1.1596,15.7484,0.42336,36.966,0.42336,423.524,0,1.02816,0,0,4.55554,3.52738,1.028160,1,0,205.42,0,0,0,205.42,0
72.29,2.3101,0,0,5.58957,0.299316,2.98015,3.6288,61.308,0.428178,0,0,2.14428,0.207748,1.50836,0.66528,12.849,1,0.410603,2.98015,0,107.708,3.90621,106.371,0.84672,12.849,0.84672,3695.15,0,36.966,0.258172,3.77832,1.83437,10.55,1.1596,14.7449,0.42336,36.966,0.42336,423.524,0,1.02816,0,0,4.80648,3.77832,1.028160,1,0,122.625,0,0,0,122.625,0
72.29,2.31064,0,0,5.09835,0.294455,2.49326,3.6288,61.308,0.428178,0,0,1.94984,0.208987,1.31268,0.66528,12.849,1,0.410698,2.49326,0,110.121,3.98985,108.214,0.84672,12.849,0.84672,3695.15,0,36.966,0.258172,3.37753,1.83449,8.54807,1.13558,12.3663,0.42336,36.966,0.42336,423.524,0,1.02816,0,0,4.40569,3.37753,1.028160,1,0,121.893,0,0,0,121.893,0
72.29,2.5437,0,0,5.92161,0.321028,3.05688,3.6288,61.308,0.547644,0,0,2.01991,0.210199,1.26207,0.66528,12.849,1,0.452124,3.05688,0,92.5914,4.74932,90.4469,0.84672,12.849,0.84672,3695.15,0,36.966,0.330205,3.5462,1.83461,9.86144,1.30148,13.6106,0.42336,36.966,0.42336,423.524,0,1.02816,0,0,4.57436,3.5462,1.028160,1,0,105.32,0,0,0,105.32,0
72.29,2.61695,0,0,5.32068,0.343323,2.36042,3.6288,61.308,0.494263,0,0,2.00506,0.207807,1.30299,0.66528,12.849,1,0.465142,2.36042,0,82.3236,4.85236,79.3666,0.84672,12.849,0.84672,3695.15,0,36.966,0.298018,3.39612,2.034,10.3264,1.42548,14.033,0.42336,36.966,0.42336,423.524,0,1.02816,0,0,4.42428,3.39612,1.028160,1,0,94.7025,0,0,0,94.7025,0
72.29,2.61731,0,0,5.99489,0.343323,3.03425,3.6288,61.308,0.494423,0,0,1.65858,0.207807,0.956347,0.66528,12.849,1,0.465208,3.03425,0,112.325,4.85236,110.042,0.84672,12.849,0.84672,3695.15,0,36.966,0.298115,3.09858,1.98406,13.0599,1.42548,16.4189,0.42336,36.966,0.42336,423.524,0,1.02816,0,0,4.12674,3.09858,1.028160,1,0,127.417,0,0,0,127.417,0
72.29,2.61769,0,0,4.36109,0.32656,1.41685,3.6288,61.308,0.494584,0,0,1.4428,0.183163,0.765055,0.66528,12.849,1,0.465274,1.41685,0,110.443,4.29495,107.099,0.84672,12.849,0.84672,3695.15,0,36.966,0.298212,2.87562,1.98434,7.62255,1.26111,10.9232,0.42336,36.966,0.42336,423.524,0,1.02816,0,0,3.90378,2.87562,1.028160,1,0,118.787,0,0,0,118.787,0
72.29,2.2862,0,0,4.43136,0.309258,1.8359,3.6288,61.308,0.334329,0,0,1.29875,0.198381,0.766037,0.66528,12.849,1,0.406355,1.8359,0,86.3732,4.26672,83.536,0.84672,12.849,0.84672,3695.15,0,36.966,0.201585,1.93331,1.98462,9.07692,1.11694,11.6763,0.42336,36.966,0.42336,423.524,0,1.02816,0,0,2.96147,1.93331,1.028160,1,0,95.9784,0,0,0,95.9784,0
72.29,2.15899,0,0,4.47152,0.310898,2.00164,3.6288,61.308,0.428172,0,0,1.3852,0.173727,0.7833,0.66528,12.849,1,0.383743,2.00164,0,84.4474,4.18404,81.8812,0.84672,12.849,0.84672,3695.15,0,36.966,0.258169,2.12924,1.71299,10.7274,0.969024,13.3425,0.42336,36.966,0.42336,423.524,0,1.02816,0,0,3.1574,2.12924,1.028160,1,0,96.007,0,0,0,96.007,0
72.29,2.1595,0,0,4.5472,0.310898,2.0768,3.6288,61.308,0.428172,0,0,1.16625,0.173727,0.564354,0.66528,12.849,1,0.383834,2.0768,0,86.1728,4.18404,83.6817,0.84672,12.849,0.84672,3695.15,0,36.966,0.258169,1.44074,1.80113,9.47722,0.969024,11.4919,0.42336,36.966,0.42336,423.524,0,1.02816,0,0,2.4689,1.44074,1.028160,1,0,95.7379,0,0,0,95.7379,0
72.29,2.16001,0,0,4.27471,0.310898,1.8038,3.6288,61.308,0.428172,0,0,1.15107,0.173727,0.549174,0.66528,12.849,1,0.383925,1.8038,0,80.4476,4.18404,77.6835,0.84672,12.849,0.84672,3695.15,0,36.966,0.258169,1.31341,1.80124,8.96659,0.969024,10.8541,0.42336,36.966,0.42336,423.524,0,1.02816,0,0,2.34157,1.31341,1.028160,1,0,89.0867,0,0,0,89.0867,0
72.29,2.16052,0,0,3.49191,0.311397,1.01999,3.6288,61.308,0.428172,0,0,1.02494,0.18489,0.411875,0.66528,12.849,1,0.384016,1.01999,0,65.225,3.97689,61.8841,0.84672,12.849,0.84672,3695.15,0,36.966,0.258169,0.994766,1.80136,8.26468,0.966082,9.83655,0.42336,36.966,0.42336,423.524,0,1.02816,0,0,2.02293,0.994766,1.028160,1,0,72.1325,0,0,0,72.1325,0
72.29,2.24462,0,0,4.73566,0.279131,2.21191,3.6288,61.308,0.467444,0,0,1.62087,0.168023,0.985406,0.66528,12.849,1,0.398965,2.21191,0,75.5361,4.75408,72.5949,0.84672,12.849,0.84672,3695.15,0,36.966,0.281848,2.20513,1.80147,13.8607,0.960846,16.6246,0.42336,36.966,0.42336,423.524,0,1.02816,0,0,3.23329,2.20513,1.028160,1,0,90.205,0,0,0,90.205,0
72.29,2.2986,0,0,3.23532,0.279131,0.65759,3.6288,61.308,0.428178,0,0,1.13212,0.168023,0.535916,0.66528,12.849,1,0.408558,0.65759,0,65.613,4.75408,61.108,0.84672,12.849,0.84672,3695.15,0,36.966,0.258172,1.35634,1.86867,7.80373,0.960846,9.80973,0.42336,36.966,0.42336,423.524,0,1.02816,0,0,2.3845,1.35634,1.028160,1,0,71.4536,0,0,0,71.4536,0
71.7425,2.29913,0,0,2.39368,0.279131,0.36288,3.6288,61.308,0.428178,0,0,0.85676,0.168023,0.260559,0.66528,12.849,1,0.408652,0.36288,0,40.0848,4.75408,35.285,0.84672,12.849,0.84672,3695.15,0,36.966,0.258172,0.676702,1.83195,6.81402,0.960846,8.10366,0.42336,36.966,0.42336,423.524,0,1.02816,0,0,1.70486,0.676702,1.028160,1,0,43.6492,0,0,0,43.6492,0
70.918,2.29701,0,0,2.09144,0.256069,0.36288,3.6288,61.308,0.428178,0,0,0.771932,0.161231,0.182523,0.66528,12.849,1,0.411392,0.36288,0,39.5903,4.39277,35.149,0.84672,12.849,0.84672,3695.15,0,36.966,0.258172,0.591624,1.83207,6.57062,0.919268,7.81687,0.42336,36.966,0.42336,423.524,0,1.02816,0,0,1.61978,0.591624,1.028160,1,0,43.1484,0,0,0,43.1484,0
70.4405,2.26089,0,0,2.40268,0.256417,0.36288,3.6288,61.308,0.412917,0,0,0.932342,0.154966,0.36446,0.66528,12.849,1,0.40963,0.36288,0,44.5979,4.21152,40.3396,0.84672,12.849,0.84672,3695.15,0,36.966,0.24897,0.818502,1.83219,5.98193,0.928727,7.45492,0.42336,36.966,0.42336,423.524,0,1.02816,0,0,1.84666,0.818502,1.028160,1,0,48.159,0,0,0,48.159,0
69.7486,2.23837,0,0,2.14389,0.234503,0.36288,3.6288,61.308,0.428176,0,0,0.782006,0.185049,0.168781,0.66528,12.849,1,0.4083,0.36288,0,39.627,4.52765,35.0539,0.84672,12.849,0.84672,3695.15,0,36.966,0.258171,0.681428,1.80619,5.43135,0.953622,6.70717,0.42336,36.966,0.42336,423.524,0,1.02816,0,0,1.70959,0.681428,1.028160,1,0,41.9299,0,0,0,41.9299,0
68.9898,2.23547,0,0,2.01767,0.178159,0.36288,3.6288,61.308,0.428176,0,0,0.777712,0.211208,0.138328,0.66528,12.849,1,0.411816,0.36288,0,36.9547,4.75829,32.1474,0.84672,12.849,0.84672,3695.15,0,36.966,0.258171,0.655379,1.82061,5.40511,0.967394,6.65553,0.42336,36.966,0.42336,423.524,0,1.02816,0,0,1.68354,0.655379,1.028160,1,0,38.9413,0,0,0,38.9413,0
68.1621,2.23217,0,0,1.94443,0.177113,0.36288,3.6288,61.308,0.428176,0,0,0.777298,0.211208,0.137914,0.66528,12.849,1,0.415731,0.36288,0,35.3324,4.75829,30.5213,0.84672,12.849,0.84672,3695.15,0,36.966,0.258171,0.714468,1.82073,5.93927,0.967394,7.24891,0.42336,36.966,0.42336,423.524,0,1.02816,0,0,1.74263,0.714468,1.028160,1,0,37.9081,0,0,0,37.9081,0
67.2281,2.33851,0,0,1.93597,0.168525,0.36288,3.6288,61.308,0.482327,0,0,0.860432,0.219753,0.158352,0.66528,12.849,1,0.440824,0.36288,0,32.7678,4.68227,28.0076,0.84672,12.849,0.84672,3695.15,0,36.966,0.290822,0.617233,1.82085,5.0182,1.02782,6.13764,0.42336,36.966,0.42336,423.524,0,1.02816,0,0,1.64539,0.617233,1.028160,1,0,34.3036,0,0,0,34.3036,0
66.2208,2.40677,0,0,1.92408,0.161748,0.36288,3.6288,61.308,0.428184,0,0,0.755793,0.226162,0.101447,0.66528,12.849,1,0.459995,0.36288,0,29.6686,4.62525,24.9462,0.84672,12.849,0.84672,3695.15,0,36.966,0.258176,0.482786,1.91254,4.39083,1.07314,5.45484,0.42336,36.966,0.42336,423.524,0,1.02816,0,0,1.51095,0.482786,1.028160,1,0,30.5025,0,0,0,30.5025,0
64.9819,2.40146,0,0,1.67901,0.153595,0.36288,3.6288,61.308,0.428184,0,0,0.702475,0.230884,0.0434079,0.66528,12.849,1,0.465961,0.36288,0,26.5175,4.6788,21.7357,0.84672,12.849,0.84672,3695.15,0,36.966,0.258176,0.383011,1.86187,4.24683,1.08682,5.14671,0.42336,36.966,0.42336,423.524,0,1.02816,0,0,1.41117,0.383011,1.028160,1,0,26.9258,0,0,0,26.9258,0
63.6944,2.39458,0,0,1.58122,0.111288,0.36288,3.6288,61.2938,0.428184,0,0,0.67322,0.259214,0,0.66528,12.849,1,0.473485,0.36288,0,23.7788,5.0001,18.6681,0.84672,12.849,0.84672,3695.15,0,36.966,0.258176,0.319015,1.86199,4.01648,1.16891,4.77039,0.42336,36.966,0.42336,423.524,0,1.02816,0,0,1.34717,0.319015,1.028160,1,0,23.4385,0,0,0,23.4385,0
62.2436,2.38715,0,0,1.40571,0.106471,0.36288,3.6288,61.2205,0.454377,0,0,0.645235,0.26417,0,0.66528,12.849,1,0.481558,0.36288,0,23.3583,5.12064,18.119,0.84672,12.849,0.84672,3695.15,0,36.966,0.274033,0.30119,1.86211,4.08746,1.18405,4.79268,0.42336,36.966,0.42336,423.524,0,0.986109,0,0,1.2873,0.30119,1.028160,1,0,22.9117,0,0,0,22.9117,0
60.5822,2.35693,0,0,1.15462,0.0961603,0.36288,3.6288,61.0684,0.48547,0,0,0.609898,0.276489,0,0.66528,12.849,1,0.486543,0.36288,0,21.6057,5.42199,16.06,0.84672,12.849,0.84672,3695.15,0,36.966,0.293135,0.30119,1.86223,3.59705,1.2219,4.24544,0.42336,36.966,0.42336,423.524,0,0.983655,0,0,1.28485,0.30119,1.028160,1,0,20.3055,0,0,0,20.3055,0
58.8165,2.3636,0,0,1.05564,0.0948481,0.36288,3.6288,60.9431,0.444349,0,0,0.595261,0.276223,0,0.66528,12.849,1,0.501301,0.36288,0,21.3007,5.42199,15.7403,0.84672,12.849,0.84672,3695.15,0,36.966,0.268974,0.280264,1.89439,3.55284,1.2219,4.23662,0.42336,36.966,0.42336,423.524,0,1.02816,0,0,1.30842,0.280264,1.028160,1,0,19.9769,0,0,0,19.9769,0
56.9735,2.35158,0,0,0.964777,0.0932855,0.36288,3.6288,60.6731,0.550732,0,0,0.556661,0.276004,0,0.66528,12.849,1,0.513725,0.36288,0,20.0352,5.42199,14.4624,0.84672,12.849,0.84672,3695.15,0,36.966,0.334055,0.261274,1.88235,3.38081,1.2219,3.96848,0.42336,36.966,0.42336,423.524,0,0.856941,0,0,1.11821,0.261274,1.028160,1,0,18.4309,0,0,0,18.4309,0
55.0846,2.33835,0,0,0.887138,0.0748652,0.36288,3.6288,60.3318,0.549505,0,0,0.527511,0.319232,0,0.66528,12.849,1,0.527359,0.36288,0,17.9383,5.98659,11.7872,0.84672,12.849,0.84672,3695.15,0,36.966,0.334794,0.261274,1.88262,3.219,1.42799,3.60012,0.42336,36.966,0.42336,423.524,0,0.857676,0,0,1.11895,0.261274,1.028160,1,0,15.3873,0,0,0,15.3873,0
53.1612,2.37826,0,0,0.888149,0.070383,0.36288,3.6288,60.0498,0.555445,0,0,0.597475,0.324029,0,0.66528,12.849,1,0.554751,0.36288,0,15.4864,5.82486,9.46969,0.84672,12.849,0.84672,3695.15,0,36.966,0.340327,0.261274,1.88288,3.07811,1.41713,3.46481,0.42336,36.966,0.42336,423.524,0,0.889021,0,0,1.1503,0.261274,1.028160,1,0,12.9345,0,0,0,12.9345,0
51.2313,2.36243,0,0,0.865884,0.0705356,0.36288,3.6288,59.8193,0.476918,0,0,0.565279,0.31892,0,0.66528,12.849,1,0.570996,0.36288,0,20.0768,5.72733,14.1413,0.84672,12.849,0.84672,3695.15,0,36.966,0.293585,0.261274,1.92858,3.38389,1.38956,3.89059,0.42336,36.966,0.42336,423.524,0,1.01454,0,0,1.27582,0.261274,1.028160,1,0,18.0319,0,0,0,18.0319,0
49.2645,2.34556,0,0,0.810786,0.0691426,0.36288,3.6288,59.5565,0.470057,0,0,0.52569,0.318452,0,0.66528,12.849,1,0.588276,0.36288,0,16.1196,5.72733,10.1669,0.84672,12.849,0.84672,3695.15,0,36.966,0.290477,0.227405,1.92885,3.0503,1.38956,3.52651,0.42336,36.966,0.42336,423.524,0,1.02476,0,0,1.25217,0.227405,1.028160,1,0,13.6934,0,0,0,13.6934,0
47.2448,2.32726,0,0,0.738193,0.0677214,0.36288,3.6288,59.1493,0.588315,0,0,0.499071,0.317917,0,0.66528,12.849,1,0.606989,0.36288,0,14.6909,5.72733,8.7195,0.84672,12.849,0.84672,3695.15,0,36.966,0.36516,0.227405,1.92912,2.84525,1.38956,3.24705,0.42336,36.966,0.42336,423.524,0,0.832075,0,0,1.05948,0.227405,1.028160,1,0,11.9665,0,0,0,11.9665,0
45.2102,2.41257,0,0,0.794007,0.0531579,0.36288,3.6288,58.9172,0.537252,0,0,0.632474,0.327364,0,0.66528,12.849,1,0.656139,0.36288,0,15.788,5.8956,9.5991,0.84672,12.849,0.84672,3695.15,0,36.966,0.335762,0.493543,1.9294,4.16528,1.45415,4.7983,0.42336,36.966,0.42336,423.524,0,1.02816,0,0,1.5217,0.493543,1.028160,1,0,14.3974,0,0,0,14.3974,0
43.0248,2.38992,0,0,0.620106,0.0526932,0.36288,3.6288,58.6211,0.536605,0,0,0.569164,0.328651,0,0.66528,12.849,1,0.679229,0.36288,0,15.2348,5.77101,9.14747,0.84672,12.849,0.84672,3695.15,0,36.966,0.336678,0.319179,2.04392,3.72787,1.47056,4.28374,0.42336,36.966,0.42336,423.524,0,1.02816,0,0,1.34734,0.319179,1.028160,1,0,13.4312,0,0,0,13.4312,0
40.8799,2.36369,0,0,0.633063,0.0513972,0.36288,3.6288,58.3024,0.535727,0,0,0.545085,0.328026,0,0.66528,12.849,1,0.705895,0.36288,0,14.0556,5.77101,7.94161,0.84672,12.849,0.84672,3695.15,0,36.966,0.337825,0.264341,2.04421,3.82175,1.47056,4.32192,0.42336,36.966,0.42336,423.524,0,1.02816,0,0,1.2925,0.264341,1.028160,1,0,12.2635,0,0,0,12.2635,0
39.0707,2.33584,0,0,0.943419,0.0538916,0.36288,3.6288,58.0867,0.534761,0,0,0.645322,0.326301,0,0.66528,12.849,1,0.734179,0.36288,0,18.0933,5.74133,11.9807,0.84672,12.849,0.84672,3695.15,0,36.966,0.33906,0.528941,2.0445,4.18852,1.46692,4.95598,0.42336,36.966,0.42336,423.524,0,1.02816,0,0,1.5571,0.528941,1.028160,1,0,16.9366,0,0,0,16.9366,0
37.5664,2.31058,0,0,1.23677,0.0676376,0.36288,3.6288,57.9977,0.534156,0,0,0.765406,0.32018,0,0.66528,12.849,1,0.759869,0.36288,0,23.8391,5.74588,17.6962,0.84672,12.849,0.84672,3695.15,0,36.966,0.339934,0.486683,2.04479,4.41657,1.48031,5.1278,0.42336,36.966,0.42336,423.524,0,1.02816,0,0,1.51484,0.486683,1.028160,1,0,22.824,0,0,0,22.824,0
35.3965,2.2632,0,0,0.511536,0.055373,0.36288,3.6288,57.1695,0.817737,0,0,0.319395,0.329866,0,0.66528,12.6336,1,0.774091,0.36288,0,9.6533,6.25203,3.20544,0.84672,12.6336,0.84672,3695.15,0,36.966,0.42336,0.204422,2.04508,2.90301,1.68001,3.04914,0.42336,36.966,0.42336,423.524,0,0.606442,0,0,0.810864,0.204422,1.028160,1,0,6.25458,0,0,0,6.25458,0
33.2865,2.23869,0,0,0.587061,0.0954356,0.36288,3.6288,56.33,0.861743,0,0,0.30996,0.28778,0,0.66528,11.844,1,0.799027,0.36288,0,8.2741,5.92074,3.20544,0.84672,11.844,0.84672,3694.65,0,36.966,0.42336,0.216518,1.9966,2.11596,1.56622,2.33949,0.42336,36.966,0.42336,423.524,0,0.562697,0,0,0.779216,0.216518,1.028160,1,0,5.54493,0,0,0,5.54493,0
31.5035,2.24082,0,0,0.913663,0.0930045,0.36288,3.6288,56.0626,0.495038,0,0,0.513912,0.286212,0,0.66528,12.849,1,0.797328,0.36288,0,13.4502,5.92074,5.59143,0.84672,12.849,0.84672,3695.15,0,36.966,0.324864,0.31422,1.99688,3.77444,1.56622,4.19445,0.42336,36.966,0.42336,423.524,0,1.02816,0,0,1.34238,0.31422,1.028160,1,0,9.78589,0,0,0,9.78589,0
29.6982,2.19186,0,0,0.840421,0.0909502,0.36288,3.6288,55.7401,0.50944,0,0,0.472665,0.285712,0,0.66528,12.849,1,0.84672,0.36288,0,24.3701,5.92074,17.9655,0.84672,12.849,0.84672,3695.15,0,36.966,0.335909,0.216518,1.99716,3.19031,1.56622,3.50186,0.42336,36.966,0.42336,423.524,0,1.00297,0,0,1.21949,0.216518,1.028160,1,0,21.4673,0,0,0,21.4673,0
28.0203,2.11378,0,0,0.946391,0.147699,0.36288,3.6288,55.2154,0.611848,0,0,0.319623,0.232522,0,0.66528,12.849,1,0.84672,0.36288,0,15.6181,4.44111,10.6931,0.84672,12.849,0.84672,3695.15,0,36.966,0.405768,0.216518,1.99744,2.47285,1.19799,3.08305,0.42336,36.966,0.42336,423.524,0,0.745915,0,0,0.962433,0.216518,1.028160,1,0,13.7762,0,0,0,13.7762,0
27.7003,2.1142,0,0,2.30864,0.151527,0.36288,3.6288,55.0445,0.440627,0,0,0.488092,0.218394,0,0.66528,12.849,1,0.84672,0.36288,0,32.35,3.86747,27.9987,0.84672,12.849,0.84672,3695.15,0,36.966,0.294994,0.395579,1.9173,4.01374,1.04252,4.98911,0.42336,36.966,0.42336,423.524,0,1.02816,0,0,1.42374,0.395579,1.028160,1,0,32.9878,0,0,0,32.9878,0
29.663,2.11462,0,0,4.5911,0.15086,0.36288,3.6288,55.2931,0.440228,0,0,0.907037,0.218148,0,0.66528,12.849,1,0.84672,0.36288,0,47.7096,3.86747,43.3583,0.84672,12.849,0.84672,3695.15,0,36.966,0.295642,1.21863,1.91757,8.2086,1.04252,10.0066,0.42336,36.966,0.42336,423.524,0,1.02816,0,0,2.24679,1.21863,1.028160,1,0,53.365,0,0,0,53.365,0
30.4615,2.11504,0,0,3.43132,0.154953,0.36288,3.6288,55.5875,0.441174,0,0,0.954037,0.218505,0,0.66528,12.849,1,0.84672,0.36288,0,33.5073,3.86747,29.156,0.84672,12.849,0.84672,3695.15,0,36.966,0.294945,1.44327,1.91784,6.40197,1.04252,8.42562,0.42336,36.966,0.42336,423.524,0,1.02816,0,0,2.47143,1.44327,1.028160,1,0,37.5816,0,0,0,37.5816,0
31.2777,1.92648,0,0,3.27612,0.170576,0.36288,3.6288,56.0659,0.335812,0,0,1.0445,0.230263,0,0.66528,12.849,1,0.812611,0.36288,0,41.2995,3.99161,36.8581,0.84672,12.849,0.84672,3695.15,0,36.966,0.223317,1.13549,1.91812,9.00397,1.10376,10.7305,0.42336,36.966,0.42336,423.524,0,1.02816,0,0,2.16365,1.13549,1.028160,1,0,47.5886,0,0,0,47.5886,0
32.089,1.85177,0,0,3.2327,0.206748,0.36288,3.6288,56.6196,0.413627,0,0,1.1736,0.206273,0,0.66528,12.849,1,0.760716,0.36288,0,39.7912,3.46583,35.9275,0.84672,12.849,0.84672,3695.15,0,36.966,0.272717,1.70878,1.73964,7.62719,0.905935,9.89696,0.42336,36.966,0.42336,423.524,0,1.02816,0,0,2.73694,1.70878,1.028160,1,0,45.8245,0,0,0,45.8245,0
33.586,1.86594,0,0,3.91688,0.190973,0.36288,3.6288,57.2211,0.415241,0,0,1.22043,0.20373,0,0.66528,12.849,1,0.747157,0.36288,0,49.2507,3.75541,45.111,0.84672,12.849,0.84672,3695.15,0,36.966,0.271104,2.30417,1.81421,9.46227,0.957853,12.3517,0.42336,36.966,0.42336,423.524,0,1.02816,0,0,3.33233,2.30417,1.028160,1,0,57.4627,0,0,0,57.4627,0
35.6293,1.89047,0,0,4.49286,0.196232,0.36288,3.6288,57.6556,0.416972,0,0,1.05081,0.199297,0,0.66528,12.849,1,0.723238,0.36288,0,57.1979,3.75795,53.0796,0.84672,12.849,0.84672,3695.15,0,36.966,0.269373,1.29336,1.81432,7.86784,0.973643,9.73251,0.42336,36.966,0.42336,423.524,0,1.02816,0,0,2.32152,1.29336,1.028160,1,0,62.8121,0,0,0,62.8121,0
38.7588,1.92141,0,0,5.61498,0.201181,0.36288,3.6288,59.3097,0.418209,0,0,2.27216,0.199859,0,0.66528,12.849,1,0.692917,0.36288,0,71.5003,3.75795,67.4123,0.84672,12.849,0.84672,3695.15,0,36.966,0.268136,1.19035,1.81444,8.05819,0.973643,9.8212,0.42336,36.966,0.42336,423.524,0,1.02816,0,0,2.21851,1.19035,1.028160,1,0,77.2335,0,0,0,77.2335,0
41.2261,2.02837,0,0,5.0654,0.206845,0.36288,3.6288,59.9114,0.454453,0,0,1.26014,0.203976,0,0.66528,12.849,1,0.672428,0.36288,0,118.861,3.89508,114.657,0.84672,12.849,0.84672,3695.15,0,36.966,0.283247,2.30362,1.81455,10.7705,0.913053,13.6923,0.42336,36.966,0.42336,423.524,0,1.02816,0,0,3.33178,2.30362,1.028160,1,0,128.349,0,0,0,128.349,0
44.0158,2.09867,0,0,5.4641,0.212921,0.36288,3.6288,61.2132,0.424451,0,0,1.93096,0.204762,0,0.66528,12.849,1,0.654094,0.36288,0,125.232,3.89508,121.045,0.84672,12.849,0.84672,3695.15,0,36.966,0.261891,3.64093,1.87043,14.6261,0.913053,18.9626,0.42336,36.966,0.42336,423.524,0,1.02816,0,0,4.66909,3.64093,1.028160,1,0,140.008,0,0,0,140.008,0
46.2917,2.13122,0,0,4.99,0.21992,0.36288,3.6288,61.308,0.427923,0,0,1.03496,0.206462,0.305727,0.66528,12.849,1,0.622143,0.36288,0,127.073,3.89508,122.918,0.84672,12.849,0.84672,3695.15,0,36.966,0.258418,1.62383,1.84049,11.5859,0.913053,13.8787,0.42336,36.966,0.42336,423.524,0,1.02816,0,0,2.65199,1.62383,1.028160,1,0,137.103,0,0,0,137.103,0
48.1623,2.15564,0,0,4.60419,0.215114,0.36288,3.6288,61.308,0.428173,0,0,0.963109,0.166871,0.368066,0.66528,12.849,1,0.598331,0.36288,0,119.28,3.99543,115.049,0.84672,12.849,0.84672,3695.15,0,36.966,0.258169,1.73,1.8406,10.91,0.841518,13.3809,0.42336,36.966,0.42336,423.524,0,1.02816,0,0,2.75816,1.73,1.028160,1,0,128.798,0,0,0,128.798,0
49.3065,2.39224,0,0,4.14634,0.24699,0.36288,3.6288,61.308,0.548517,0,0,0.798958,0.1565,0.093941,0.66528,12.849,1,0.638214,0.36288,0,117.71,3.60993,113.824,0.84672,12.849,0.84672,3695.15,0,36.966,0.330731,0.968466,1.84072,10.3807,0.731037,12.1281,0.42336,36.966,0.42336,423.524,0,1.02816,0,0,1.99663,0.968466,1.028160,1,0,126.046,0,0,0,126.046,0
49.2064,2.4629,0,0,2.99975,0.274136,0.36288,3.6288,61.2327,0.616332,0,0,0.701698,0.160637,0,0.66528,12.849,1,0.641818,0.36288,0,113.528,3.2907,109.958,0.84672,12.849,0.84672,3695.15,0,36.966,0.371621,0.503194,2.04157,10.5385,0.669636,12.042,0.42336,36.966,0.42336,423.524,0,0.845856,0,0,1.34905,0.503194,1.028160,1,0,122,0,0,0,122,0
52.1163,2.4622,0,0,5.99835,0.263285,0.36288,3.6288,61.308,0.502524,0,0,1.37915,0.188211,0.613146,0.66528,12.849,1,0.642941,0.36288,0,165.107,3.9459,160.881,0.84672,12.849,0.84672,3695.15,0,36.966,0.303372,1.86165,1.99862,14.6153,0.874615,17.2976,0.42336,36.966,0.42336,423.524,0,1.02816,0,0,2.88981,1.86165,1.028160,1,0,178.792,0,0,0,178.792,0
56.6521,2.49133,0,0,7.65709,0.26711,0.36288,3.6288,61.308,0.502911,0,0,1.86089,0.199366,1.15861,0.66528,12.849,1,0.614225,0.36288,0,190.602,4.20798,186.143,0.84672,12.849,0.84672,3695.15,0,36.966,0.303233,3.7639,1.99889,17.6405,0.956607,22.1435,0.42336,36.966,0.42336,423.524,0,1.02816,0,0,4.79206,3.7639,1.028160,1,0,209.445,0,0,0,209.445,0
59.7602,2.21084,0,0,5.98285,0.301057,0.36288,3.6288,61.308,0.341475,0,0,1.03096,0.196798,0.492686,0.66528,12.849,1,0.501431,0.36288,0,145.503,4.11834,141.246,0.84672,12.849,0.84672,3695.15,0,36.966,0.205894,2.19412,1.99916,13.9869,1.01655,16.9577,0.42336,36.966,0.42336,423.524,0,1.02816,0,0,3.22228,2.19412,1.028160,1,0,158.696,0,0,0,158.696,0
61.869,2.11841,0,0,4.92729,0.337148,0.36288,3.6288,61.308,0.428167,0,0,1.78286,0.153708,1.20098,0.66528,12.849,1,0.455479,0.36288,0,200.58,3.37904,197.109,0.84672,12.849,0.84672,3695.15,0,36.966,0.258166,2.80872,1.72553,18.2809,0.864178,21.6929,0.42336,36.966,0.42336,423.524,0,1.02816,0,0,3.83688,2.80872,1.028160,1,0,220.002,0,0,0,220.002,0
63.4405,2.13175,0,0,4.41365,0.347527,0.36288,3.6288,61.308,0.428167,0,0,1.11192,0.137242,0.546516,0.66528,12.849,1,0.442723,0.36288,0,178.121,3.1102,174.931,0.84672,12.849,0.84672,3695.15,0,36.966,0.258166,2.11416,1.80696,13.0175,0.785245,15.8953,0.42336,36.966,0.42336,423.524,0,1.02816,0,0,3.14232,2.11416,1.028160,1,0,191.373,0,0,0,191.373,0
67.197,2.14135,0,0,6.61269,0.352026,0.36288,3.6288,61.308,0.428167,0,0,1.99545,0.137242,1.43004,0.66528,12.849,1,0.433701,0.36288,0,169.417,3.1102,166.236,0.84672,12.849,0.84672,3695.15,0,36.966,0.258166,4.44588,1.80707,18.8544,0.785245,24.0639,0.42336,36.966,0.42336,423.524,0,1.02816,0,0,5.47404,4.44588,1.028160,1,0,191.73,0,0,0,191.73,0
72.29,2.16219,0,0,8.45148,0.357446,0.838798,3.6288,61.308,0.428167,0,0,3.01343,0.133701,2.45157,0.66528,12.849,1,0.413441,0.838798,0,179.219,3.19965,176.444,0.84672,12.849,0.84672,3695.15,0,36.966,0.258166,5.08209,1.80718,24.4808,0.809388,30.3026,0.42336,36.966,0.42336,423.524,0,1.02816,0,0,6.11025,5.08209,1.028160,1,0,209.198,0,0,0,209.198,0
72.29,2.27162,0,0,6.02922,0.336645,3.42096,3.6288,61.308,0.467725,0,0,2.22628,0.191937,1.56662,0.66528,12.849,1,0.403763,3.42096,0,169.697,4.10098,168.613,0.84672,12.849,0.84672,3695.15,0,36.966,0.282017,4.45638,1.80729,20.1473,1.08567,25.0433,0.42336,36.966,0.42336,423.524,0,1.02816,0,0,5.48454,4.45638,1.028160,1,0,195.223,0,0,0,195.223,0
72.29,2.32596,0,0,4.88349,0.336645,2.22089,3.6288,61.308,0.428173,0,0,1.39349,0.191937,0.773384,0.66528,12.849,1,0.413422,2.22089,0,109.013,4.10098,106.719,0.84672,12.849,0.84672,3695.15,0,36.966,0.258169,2.72317,1.87497,11.7113,1.08567,14.9657,0.42336,36.966,0.42336,423.524,0,1.02816,0,0,3.75133,2.72317,1.028160,1,0,122.458,0,0,0,122.458,0
72.29,2.32647,0,0,4.59499,0.294911,1.9736,3.6288,61.308,0.428173,0,0,1.21878,0.219333,0.571279,0.66528,12.849,1,0.413513,1.9736,0,117.99,4.64083,114.909,0.84672,12.849,0.84672,3695.15,0,36.966,0.258169,2.20054,1.83798,10.5363,1.18524,13.1314,0.42336,36.966,0.42336,423.524,0,1.02816,0,0,3.2287,2.20054,1.028160,1,0,128.612,0,0,0,128.612,0
72.29,2.32698,0,0,3.89261,0.278217,1.28741,3.6288,61.308,0.428173,0,0,1.1407,0.230291,0.482232,0.66528,12.849,1,0.413603,1.28741,0,85.8859,4.85678,81.9029,0.84672,12.849,0.84672,3695.15,0,36.966,0.258169,1.79485,1.8381,9.31876,1.22508,11.4685,0.42336,36.966,0.42336,423.524,0,1.02816,0,0,2.82301,1.79485,1.028160,1,0,93.8536,0,0,0,93.8536,0
72.29,2.29455,0,0,3.24264,0.249776,0.698306,3.6288,61.308,0.412801,0,0,0.941397,0.229695,0.298902,0.66528,12.849,1,0.407839,0.698306,0,81.2972,3.9214,77.6663,0.84672,12.849,0.84672,3695.15,0,36.966,0.2489,1.78293,1.83821,7.69176,1.12398,9.94002,0.42336,36.966,0.42336,423.524,0,1.02816,0,0,2.81109,1.78293,1.028160,1,0,87.9052,0,0,0,87.9052,0
72.2514,2.27414,0,0,2.84347,0.245036,0.36288,3.6288,61.308,0.428171,0,0,0.992192,0.229595,0.334426,0.66528,12.849,1,0.404211,0.36288,0,78.8409,3.76551,75.034,0.84672,12.849,0.84672,3695.15,0,36.966,0.258168,2.01655,1.81201,7.71811,1.10713,10.1814,0.42336,36.966,0.42336,423.524,0,1.02816,0,0,3.04471,2.01655,1.028160,1,0,85.5498,0,0,0,85.5498,0
72.2709,2.27446,0,0,2.90174,0.244964,0.36288,3.6288,61.308,0.428171,0,0,0.853934,0.229595,0.196169,0.66528,12.849,1,0.404484,0.36288,0,76.1106,3.76551,72.3035,0.84672,12.849,0.84672,3695.15,0,36.966,0.258168,1.47919,1.82654,7.6337,1.10713,9.57413,0.42336,36.966,0.42336,423.524,0,1.02816,0,0,2.50735,1.47919,1.028160,1,0,82.0738,0,0,0,82.0738,0
72.29,2.27506,0,0,2.96794,0.214594,0.459146,3.6288,61.308,0.428171,0,0,0.835056,0.244431,0.162454,0.66528,12.849,1,0.404481,0.459146,0,78.8754,4.93513,73.995,0.84672,12.849,0.84672,3695.15,0,36.966,0.258168,1.58976,1.82666,9.49346,1.15324,11.4985,0.42336,36.966,0.42336,423.524,0,1.02816,0,0,2.61792,1.58976,1.028160,1,0,85.6559,0,0,0,85.6559,0
71.8438,2.38752,0,0,2.47608,0.171905,0.36288,3.6288,61.308,0.482714,0,0,0.834996,0.255732,0.09655,0.66528,12.849,1,0.424364,0.36288,0,57.6968,5.17758,52.4577,0.84672,12.849,0.84672,3695.15,0,36.966,0.291055,1.61059,1.82677,7.28482,1.20376,9.22736,0.42336,36.966,0.42336,423.524,0,1.02816,0,0,2.63875,1.61059,1.028160,1,0,61.7816,0,0,0,61.7816,0
71.1889,2.45997,0,0,2.32521,0.157269,0.36288,3.6288,61.308,0.428178,0,0,0.809741,0.254699,0.126864,0.66528,12.849,1,0.439957,0.36288,0,57.2794,4.73781,52.4645,0.84672,12.849,0.84672,3695.15,0,36.966,0.258172,1.48872,1.91912,6.63293,1.18736,8.59523,0.42336,36.966,0.42336,423.524,0,1.02816,0,0,2.51688,1.48872,1.028160,1,0,61.1866,0,0,0,61.1866,0
70.4932,2.45707,0,0,2.28078,0.156485,0.36288,3.6288,61.308,0.428178,0,0,0.749555,0.254699,0.0666778,0.66528,12.849,1,0.443481,0.36288,0,53.7846,4.73781,48.9662,0.84672,12.849,0.84672,3695.15,0,36.966,0.258172,1.23284,1.86808,6.12161,1.18736,7.777,0.42336,36.966,0.42336,423.524,0,1.02816,0,0,2.261,1.23284,1.028160,1,0,56.8099,0,0,0,56.8099,0
69.5181,2.4539,0,0,1.99028,0.148552,0.36288,3.6288,61.308,0.428178,0,0,0.696678,0.25942,0.0090793,0.66528,12.849,1,0.447279,0.36288,0,48.0724,4.79136,43.1966,0.84672,12.849,0.84672,3695.15,0,36.966,0.258172,1.08353,1.86819,5.92088,1.20105,7.41338,0.42336,36.966,0.42336,423.524,0,1.02816,0,0,2.11169,1.08353,1.028160,1,0,50.6191,0,0,0,50.6191,0
68.5757,2.44913,0,0,1.97575,0.106164,0.36288,3.6288,61.2852,0.428178,0,0,0.692099,0.286756,0,0.66528,12.849,1,0.452671,0.36288,0,45.0339,5.1627,39.7814,0.84672,12.849,0.84672,3695.15,0,36.966,0.258172,1.004,1.86831,5.72529,1.28433,7.0551,0.42336,36.966,0.42336,423.524,0,1.02816,0,0,2.03216,1.004,1.028160,1,0,46.8365,0,0,0,46.8365,0
68.2434,2.42246,0,0,2.56445,0.111384,0.36288,3.6288,61.308,0.458112,0,0,0.825621,0.280752,0.0639206,0.66528,12.849,1,0.453895,0.36288,0,52.6023,5.46294,47.0484,0.84672,12.849,0.84672,3695.15,0,36.966,0.276324,1.04539,1.86843,5.70936,1.29148,7.05537,0.42336,36.966,0.42336,423.524,0,1.02816,0,0,2.07355,1.04539,1.028160,1,0,54.1676,0,0,0,54.1676,0
67.7182,2.42833,0,0,2.37705,0.111095,0.36288,3.6288,61.308,0.452833,0,0,0.779224,0.280793,0.0455987,0.66528,12.849,1,0.457211,0.36288,0,47.7638,5.46294,42.2065,0.84672,12.849,0.84672,3695.15,0,36.966,0.273038,0.891769,1.90081,5.63819,1.29148,6.86625,0.42336,36.966,0.42336,423.524,0,1.02816,0,0,1.91993,0.891769,1.028160,1,0,49.1184,0,0,0,49.1184,0
67.1295,2.42568,0,0,2.3105,0.110638,0.36288,3.6288,61.308,0.452981,0,0,0.736465,0.280793,0.00269144,0.66528,12.849,1,0.460254,0.36288,0,42.934,5.46294,37.3737,0.84672,12.849,0.84672,3695.15,0,36.966,0.273127,0.717016,1.89592,5.5567,1.29148,6.60503,0.42336,36.966,0.42336,423.524,0,1.02816,0,0,1.74518,0.717016,1.028160,1,0,43.9814,0,0,0,43.9814,0
66.4615,2.42262,0,0,2.2077,0.0901723,0.36288,3.6288,61.2617,0.453129,0,0,0.705387,0.298563,0,0.66528,12.849,1,0.463705,0.36288,0,39.5044,5.6148,33.7888,0.84672,12.849,0.84672,3695.15,0,36.966,0.273216,0.600117,1.89617,5.42747,1.38144,6.2691,0.42336,36.966,0.42336,423.524,0,1.02816,0,0,1.62828,0.600117,1.028160,1,0,40.0579,0,0,0,40.0579,0
66.0989,2.4755,0,0,2.55576,0.0799587,0.36288,3.6288,61.308,0.479889,0,0,0.938641,0.338073,0.0743738,0.66528,12.849,1,0.478588,0.36288,0,44.4215,5.99854,38.3073,0.84672,12.849,0.84672,3695.15,0,36.966,0.289571,1.08175,1.89643,5.78806,1.52828,6.94839,0.42336,36.966,0.42336,423.524,0,1.02816,0,0,2.10991,1.08175,1.028160,1,0,45.33,0,0,0,45.33,0
65.555,2.47363,0,0,2.37432,0.0817821,0.36288,3.6288,61.2832,0.480178,0,0,0.80409,0.348685,0,0.66528,12.849,1,0.480851,0.36288,0,42.237,6.10648,36.0125,0.84672,12.849,0.84672,3695.15,0,36.966,0.289526,1.07004,1.94244,5.56034,1.56003,6.72326,0.42336,36.966,0.42336,423.524,0,1.02816,0,0,2.0982,1.07004,1.028160,1,0,42.7358,0,0,0,42.7358,0
64.7427,2.47063,0,0,2.10264,0.0814279,0.36288,3.6288,61.2094,0.480256,0,0,0.755093,0.348631,0,0.66528,12.849,1,0.484252,0.36288,0,39.795,6.10648,33.5671,0.84672,12.849,0.84672,3695.15,0,36.966,0.28969,0.925145,1.9427,5.50623,1.56003,6.52435,0.42336,36.966,0.42336,423.524,0,1.02816,0,0,1.95331,0.925145,1.028160,1,0,40.0915,0,0,0,40.0915,0
63.743,2.4659,0,0,1.91001,0.080899,0.36288,3.6288,61.1154,0.48019,0,0,0.734633,0.348468,0,0.66528,12.849,1,0.489388,0.36288,0,37.4605,6.10648,31.2275,0.84672,12.849,0.84672,3695.15,0,36.966,0.29,0.798993,1.94296,5.30967,1.56003,6.2016,0.42336,36.966,0.42336,423.524,0,1.02816,0,0,1.82715,0.798993,1.028160,1,0,37.4291,0,0,0,37.4291,0
62.348,2.5722,0,0,1.61344,0.0733216,0.36288,3.6288,60.962,0.552467,0,0,0.748025,0.348943,0,0.66528,12.849,1,0.518491,0.36288,0,34.9273,6.34041,28.4313,0.84672,12.849,0.84672,3695.15,0,36.966,0.334163,0.890611,1.94323,5.23485,1.58584,6.14868,0.42336,36.966,0.42336,423.524,0,1.02816,0,0,1.91877,0.890611,1.028160,1,0,34.5799,0,0,0,34.5799,0
60.7205,2.56293,0,0,1.40391,0.1057,0.36288,3.6288,60.8221,0.552105,0,0,0.737847,0.325632,0,0.66528,12.849,1,0.528181,0.36288,0,30.3395,6.07887,24.0954,0.84672,12.849,0.84672,3695.15,0,36.966,0.334784,1.09647,2.05856,5.11624,1.54522,6.39126,0.42336,36.966,0.42336,423.524,0,1.02816,0,0,2.12463,1.09647,1.028160,1,0,30.4866,0,0,0,30.4866,0
59.0296,2.55159,0,0,1.32786,0.104288,0.36288,3.6288,60.6236,0.551787,0,0,0.67862,0.325343,0,0.66528,12.849,1,0.539939,0.36288,0,27.2663,6.07887,21.0104,0.84672,12.849,0.84672,3695.15,0,36.966,0.335361,0.963783,2.05884,5.05819,1.54522,6.20023,0.42336,36.966,0.42336,423.524,0,1.02816,0,0,1.99194,0.963783,1.028160,1,0,27.2106,0,0,0,27.2106,0
57.8585,2.53923,0,0,1.8337,0.102663,0.36288,3.6288,60.499,0.551266,0,0,0.751559,0.324934,0,0.66528,12.849,1,0.552715,0.36288,0,29.247,6.07887,22.9783,0.84672,12.849,0.84672,3695.15,0,36.966,0.336141,1.23241,2.05912,5.63873,1.54522,7.0489,0.42336,36.966,0.42336,423.524,0,1.02816,0,0,2.26057,1.23241,1.028160,1,0,30.0272,0,0,0,30.0272,0
57.5085,2.53042,0,0,2.66973,0.126434,0.36288,3.6288,60.631,0.550997,0,0,1.0004,0.317344,0,0.66528,12.849,1,0.561945,0.36288,0,48.8046,5.93895,42.6666,0.84672,12.849,0.84672,3695.15,0,36.966,0.336669,1.51507,2.0594,6.27068,1.52286,7.98561,0.42336,36.966,0.42336,423.524,0,1.02816,0,0,2.54323,1.51507,1.028160,1,0,50.6522,0,0,0,50.6522,0
56.4218,2.50031,0,0,1.95851,0.181963,0.36288,3.6288,60.5528,0.517214,0,0,0.659178,0.220165,0,0.66528,12.849,1,0.558638,0.36288,0,41.2627,5.06415,36.0028,0.84672,12.849,0.84672,3695.15,0,36.966,0.315339,1.72136,2.05968,5.45168,1.38959,7.52779,0.42336,36.966,0.42336,423.524,0,1.02816,0,0,2.74952,1.72136,1.028160,1,0,43.5306,0,0,0,43.5306,0
55.2852,2.49188,0,0,1.9336,0.215436,0.36288,3.6288,60.5922,0.517117,0,0,0.754177,0.197704,0,0.66528,12.849,1,0.567478,0.36288,0,40.3104,3.87536,36.2305,0.84672,12.849,0.84672,3695.15,0,36.966,0.315687,1.47577,2.01083,6.79329,1.04627,8.91794,0.42336,36.966,0.42336,423.524,0,1.02816,0,0,2.50393,1.47577,1.028160,1,0,45.1484,0,0,0,45.1484,0
54.3189,2.48275,0,0,2.10547,0.226229,0.36288,3.6288,61.1628,0.517401,0,0,1.28256,0.19455,0,0.66528,12.849,1,0.577023,0.36288,0,43.1762,3.7863,39.1758,0.84672,12.849,0.84672,3695.15,0,36.966,0.315655,3.01587,2.0111,9.50927,1.03535,13.1852,0.42336,36.966,0.42336,423.524,0,1.02816,0,0,4.04403,3.01587,1.028160,1,0,52.361,0,0,0,52.361,0
53.2966,2.47478,0,0,2.03942,0.224039,0.36288,3.6288,61.308,0.519393,0,0,1.28421,0.195255,0.424361,0.66528,12.849,1,0.585404,0.36288,0,41.4147,3.7863,37.4059,0.84672,12.849,0.84672,3695.15,0,36.966,0.313914,3.02718,2.01138,8.7067,1.03535,12.396,0.42336,36.966,0.42336,423.524,0,1.02816,0,0,4.05534,3.02718,1.028160,1,0,50.2263,0,0,0,50.2263,0
53.3591,2.40236,0,0,3.0456,0.2178,0.36288,3.6288,61.308,0.466577,0,0,1.23879,0.218548,0.55367,0.66528,12.849,1,0.579174,0.36288,0,56.6655,3.91428,52.535,0.84672,12.849,0.84672,3695.15,0,36.966,0.281325,2.70404,2.01165,8.45942,1.01861,11.8752,0.42336,36.966,0.42336,423.524,0,1.02816,0,0,3.7322,2.70404,1.028160,1,0,64.9638,0,0,0,64.9638,0
54.7439,2.40324,0,0,4.36591,0.214995,0.36288,3.6288,61.308,0.466727,0,0,1.39985,0.235883,0.697243,0.66528,12.849,1,0.578705,0.36288,0,125.618,4.01026,121.391,0.84672,12.849,0.84672,3695.15,0,36.966,0.281415,3.23295,1.93093,10.6878,1.00606,14.5642,0.42336,36.966,0.42336,423.524,0,1.02816,0,0,4.26111,3.23295,1.028160,1,0,136.653,0,0,0,136.653,0
54.4465,2.41542,0,0,2.69892,0.218035,0.36288,3.6288,61.308,0.466877,0,0,0.834823,0.235883,0.132063,0.66528,12.849,1,0.566925,0.36288,0,45.8084,4.01026,41.5941,0.84672,12.849,0.84672,3695.15,0,36.966,0.281506,1.51235,1.93119,7.31151,1.00606,9.46749,0.42336,36.966,0.42336,423.524,0,1.02816,0,0,2.54051,1.51235,1.028160,1,0,51.1937,0,0,0,51.1937,0
55.3885,2.41324,0,0,4.01867,0.300549,0.36288,3.6288,61.308,0.467027,0,0,1.58966,0.21415,0.908488,0.66528,12.849,1,0.569508,0.36288,0,62.1257,3.9839,57.9352,0.84672,12.849,0.84672,3695.15,0,36.966,0.281596,3.44776,1.93145,8.75111,0.976014,12.8727,0.42336,36.966,0.42336,423.524,0,1.02816,0,0,4.47592,3.44776,1.028160,1,0,71.7164,0,0,0,71.7164,0
57.4454,2.23907,0,0,4.94586,0.286992,0.36288,3.6288,61.308,0.355822,0,0,1.48525,0.201744,0.927685,0.66528,12.849,1,0.519418,0.36288,0,84.4603,3.63498,80.6688,0.84672,12.849,0.84672,3695.15,0,36.966,0.214545,3.00081,1.93171,8.40594,0.921961,12.202,0.42336,36.966,0.42336,423.524,0,1.02816,0,0,4.02897,3.00081,1.028160,1,0,93.7984,0,0,0,93.7984,0
62.6672,2.15998,0,0,7.98371,0.239134,0.36288,3.6288,61.308,0.428169,0,0,2.19285,0.15925,1.60543,0.66528,12.849,1,0.483129,0.36288,0,180.732,2.92656,177.686,0.84672,12.849,0.84672,3695.15,0,36.966,0.258167,3.4874,1.75196,10.7633,0.735197,15.0093,0.42336,36.966,0.42336,423.524,0,1.02816,0,0,4.51556,3.4874,1.028160,1,0,194.3,0,0,0,194.3,0
68.0795,2.19387,0,0,8.2512,0.28212,0.36288,3.6288,61.308,0.428169,0,0,1.87305,0.1979,1.24698,0.66528,12.849,1,0.449822,0.36288,0,180.007,3.75303,176.167,0.84672,12.849,0.84672,3695.15,0,36.966,0.258167,3.09334,1.81994,9.22916,0.968271,12.916,0.42336,36.966,0.42336,423.524,0,1.02816,0,0,4.1215,3.09334,1.028160,1,0,190.33,0,0,0,190.33,0
72.29,2.22445,0,0,7.51136,0.300089,0.776305,3.6288,61.308,0.428169,0,0,2.41505,0.204342,1.78254,0.66528,12.849,1,0.419832,0.776305,0,158.549,3.89078,155.015,0.84672,12.849,0.84672,3695.15,0,36.966,0.258167,3.86675,1.82005,11.3378,1.00712,15.7593,0.42336,36.966,0.42336,423.524,0,1.02816,0,0,4.89491,3.86675,1.028160,1,0,172.557,0,0,0,172.557,0
72.29,2.24571,0,0,6.58524,0.309992,4.02953,3.6288,61.308,0.428169,0,0,1.79609,0.204342,1.16358,0.66528,12.849,1,0.399159,4.02953,0,157.11,3.89078,156.849,0.84672,12.849,0.84672,3695.15,0,36.966,0.258167,2.98763,1.82016,10.9554,1.00844,14.4966,0.42336,36.966,0.42336,423.524,0,1.02816,0,0,4.01579,2.98763,1.028160,1,0,172.51,0,0,0,172.51,0
72.29,2.31963,0,0,5.14006,0.333974,2.48645,3.6288,61.308,0.460433,0,0,2.49713,0.183462,1.85324,0.66528,12.849,1,0.412297,2.48645,0,102.426,3.9914,100.509,0.84672,12.849,0.84672,3695.15,0,36.966,0.277621,2.65426,1.82027,9.09084,0.978728,12.309,0.42336,36.966,0.42336,423.524,0,1.02816,0,0,3.68242,2.65426,1.028160,1,0,114.671,0,0,0,114.671,0
72.29,2.36404,0,0,5.97806,0.337971,3.27605,3.6288,61.308,0.428167,0,0,1.0766,0.179983,0.468446,0.66528,12.849,1,0.42019,3.27605,0,110.465,4.00816,109.313,0.84672,12.849,0.84672,3695.15,0,36.966,0.258166,2.37922,1.87654,10.8567,0.973996,13.8803,0.42336,36.966,0.42336,423.524,0,1.02816,0,0,3.40738,2.37922,1.028160,1,0,123.661,0,0,0,123.661,0
72.29,2.36453,0,0,6.44056,0.337971,3.73805,3.6288,61.308,0.428167,0,0,2.0329,0.179983,1.42475,0.66528,12.849,1,0.420278,3.73805,0,186.603,4.00816,185.913,0.84672,12.849,0.84672,3695.15,0,36.966,0.258166,4.91886,1.84638,15.8633,0.973996,21.3964,0.42336,36.966,0.42336,423.524,0,1.02816,0,0,5.94702,4.91886,1.028160,1,0,208.734,0,0,0,208.734,0
72.29,2.36503,0,0,5.57313,0.337971,2.87013,3.6288,61.308,0.428167,0,0,2.00172,0.179983,1.39357,0.66528,12.849,1,0.420365,2.87013,0,164.281,4.00816,162.723,0.84672,12.849,0.84672,3695.15,0,36.966,0.258166,2.49423,1.84649,10.0332,0.973996,13.1418,0.42336,36.966,0.42336,423.524,0,1.02816,0,0,3.52239,2.49423,1.028160,1,0,177.258,0,0,0,177.258,0
72.29,2.60141,0,0,5.52896,0.352571,2.57498,3.6288,61.308,0.549356,0,0,1.23416,0.169356,0.515451,0.66528,12.849,1,0.46238,2.57498,0,134.62,4.34322,132.389,0.84672,12.849,0.84672,3695.15,0,36.966,0.331237,2.00742,1.8466,8.39808,1.14378,10.7771,0.42336,36.966,0.42336,423.524,0,1.02816,0,0,3.03558,2.00742,1.028160,1,0,143.682,0,0,0,143.682,0
72.29,2.65466,0,0,3.72691,0.373068,0.69918,3.6288,61.308,0.51063,0,0,1.30918,0.179318,0.619237,0.66528,12.849,1,0.471846,0.69918,0,95.3061,5.10153,90.4319,0.84672,12.849,0.84672,3695.15,0,36.966,0.307887,1.9711,2.04886,8.19349,1.43592,10.4696,0.42336,36.966,0.42336,423.524,0,1.02816,0,0,2.99926,1.9711,1.028160,1,0,101.521,0,0,0,101.521,0
72.29,2.655,0,0,4.33153,0.356535,1.31999,3.6288,61.308,0.510778,0,0,1.28847,0.187001,0.590687,0.66528,12.849,1,0.471906,1.31999,0,87.461,4.82289,83.4862,0.84672,12.849,0.84672,3695.15,0,36.966,0.307976,2.02566,2.01265,7.91994,1.28375,10.3665,0.42336,36.966,0.42336,423.524,0,1.02816,0,0,3.05382,2.02566,1.028160,1,0,94.4434,0,0,0,94.4434,0
72.29,2.65534,0,0,5.06173,0.334492,2.07189,3.6288,61.308,0.510927,0,0,1.28055,0.197245,0.57238,0.66528,12.849,1,0.471967,2.07189,0,132.691,4.45137,129.839,0.84672,12.849,0.84672,3695.15,0,36.966,0.308066,1.90058,2.01291,8.23867,1.08086,10.7632,0.42336,36.966,0.42336,423.524,0,1.02816,0,0,2.92874,1.90058,1.028160,1,0,141.175,0,0,0,141.175,0
72.29,2.31906,0,0,4.80338,0.340999,2.14332,3.6288,61.308,0.348354,0,0,1.94932,0.199474,1.40149,0.66528,12.849,1,0.412195,2.14332,0,122.03,4.14249,119.619,0.84672,12.849,0.84672,3695.15,0,36.966,0.210042,2.82227,2.01317,12.9532,1.02135,16.5572,0.42336,36.966,0.42336,423.524,0,1.02816,0,0,3.85043,2.82227,1.028160,1,0,137.578,0,0,0,137.578,0
72.29,2.21091,0,0,5.07214,0.349676,2.51155,3.6288,61.308,0.428162,0,0,1.88865,0.202446,1.25804,0.66528,12.849,1,0.392973,2.51155,0,70.0177,3.73065,68.4056,0.84672,12.849,0.84672,3695.15,0,36.966,0.258163,2.5938,1.73761,12.0048,0.942017,15.1361,0.42336,36.966,0.42336,423.524,0,1.02816,0,0,3.62196,2.5938,1.028160,1,0,84.7997,0,0,0,84.7997,0
72.29,2.21138,0,0,6.33661,0.349676,3.77555,3.6288,61.308,0.428162,0,0,2.84405,0.202446,2.21344,0.66528,12.849,1,0.393057,3.77555,0,156.201,3.73065,155.853,0.84672,12.849,0.84672,3695.15,0,36.966,0.258163,3.25945,1.81258,12.6023,0.942017,16.4742,0.42336,36.966,0.42336,423.524,0,1.02816,0,0,4.28761,3.25945,1.028160,1,0,174.54,0,0,0,174.54,0
72.29,2.21186,0,0,3.35555,0.304363,0.839331,3.6288,61.308,0.428162,0,0,1.20203,0.17838,0.595489,0.66528,12.849,1,0.393141,0.839331,0,102.92,3.38187,99.984,0.84672,12.849,0.84672,3695.15,0,36.966,0.258163,1.13755,1.81268,6.23871,0.891915,8.03887,0.42336,36.966,0.42336,423.524,0,1.02816,0,0,2.16571,1.13755,1.028160,1,0,108.618,0,0,0,108.618,0
72.29,2.21233,0,0,3.14734,0.303832,0.631174,3.6288,61.308,0.428162,0,0,1.08865,0.25683,0.403656,0.66528,12.849,1,0.393225,0.631174,0,85.0859,5.55796,79.7658,0.84672,12.849,0.84672,3695.15,0,36.966,0.258163,0.897903,1.81279,5.1309,1.34153,6.2419,0.42336,36.966,0.42336,423.524,0,1.02816,0,0,1.92606,0.897903,1.028160,1,0,86.4114,0,0,0,86.4114,0
72.29,2.29759,0,0,3.9877,0.281442,1.40866,3.6288,61.308,0.467995,0,0,1.08603,0.198948,0.419087,0.66528,12.849,1,0.408379,1.40866,0,112.956,3.99756,109.959,0.84672,12.849,0.84672,3695.15,0,36.966,0.28218,1.46864,1.81289,7.3127,0.969676,9.34238,0.42336,36.966,0.42336,423.524,0,1.02816,0,0,2.4968,1.46864,1.028160,1,0,119.72,0,0,0,119.72,0
72.29,2.35229,0,0,3.78311,0.281442,1.14938,3.6288,61.308,0.428167,0,0,1.2966,0.198948,0.66949,0.66528,12.849,1,0.418101,1.14938,0,81.5823,3.99756,78.3161,0.84672,12.849,0.84672,3695.15,0,36.966,0.258166,1.65588,1.88104,6.29088,0.969676,8.59996,0.42336,36.966,0.42336,423.524,0,1.02816,0,0,2.68404,1.65588,1.028160,1,0,87.5855,0,0,0,87.5855,0
72.29,2.35278,0,0,3.48481,0.283042,0.848994,3.6288,61.308,0.428167,0,0,1.51683,0.192262,0.8964,0.66528,12.849,1,0.418189,0.848994,0,74.7576,3.78096,71.4074,0.84672,12.849,0.84672,3695.15,0,36.966,0.258166,1.98146,1.84379,8.87886,0.927267,11.5187,0.42336,36.966,0.42336,423.524,0,1.02816,0,0,3.00962,1.98146,1.028160,1,0,83.8225,0,0,0,83.8225,0
72.29,2.35327,0,0,2.97379,0.255027,0.365495,3.6288,61.308,0.428167,0,0,1.22518,0.206425,0.590586,0.66528,12.849,1,0.418276,0.365495,0,67.4689,3.9964,63.4197,0.84672,12.849,0.84672,3695.15,0,36.966,0.258166,1.41025,1.8439,5.79339,0.965166,7.8242,0.42336,36.966,0.42336,423.524,0,1.02816,0,0,2.43841,1.41025,1.028160,1,0,71.8345,0,0,0,71.8345,0
72.29,2.32059,0,0,3.45265,0.199692,0.932363,3.6288,61.308,0.412688,0,0,1.36862,0.19924,0.75669,0.66528,12.849,1,0.412468,0.932363,0,100.908,4.00503,97.4232,0.84672,12.849,0.84672,3695.15,0,36.966,0.248833,2.79285,1.844,9.22291,1.02211,12.5888,0.42336,36.966,0.42336,423.524,0,1.02816,0,0,3.82101,2.79285,1.028160,1,0,110.769,0,0,0,110.769,0
72.29,2.30001,0,0,2.88001,0.177558,0.402445,3.6288,61.308,0.428165,0,0,1.12879,0.196367,0.504258,0.66528,12.849,1,0.40881,0.402445,0,75.3745,4.00848,71.3597,0.84672,12.849,0.84672,3695.15,0,36.966,0.258165,2.26564,1.81762,5.49677,1.04488,8.27698,0.42336,36.966,0.42336,423.524,0,1.02816,0,0,3.2938,2.26564,1.028160,1,0,80.1409,0,0,0,80.1409,0
71.9071,2.3005,0,0,2.45807,0.177558,0.36288,3.6288,61.308,0.428165,0,0,1.06636,0.196367,0.441826,0.66528,12.849,1,0.408896,0.36288,0,66.096,4.00848,62.0415,0.84672,12.849,0.84672,3695.15,0,36.966,0.258165,1.91956,1.83225,4.67538,1.04488,7.12414,0.42336,36.966,0.42336,423.524,0,1.02816,0,0,2.94772,1.91956,1.028160,1,0,69.6075,0,0,0,69.6075,0
71.2548,2.29913,0,0,2.18675,0.177042,0.36288,3.6288,61.308,0.428165,0,0,0.954167,0.196367,0.329635,0.66528,12.849,1,0.410829,0.36288,0,56.6738,4.00848,52.6174,0.84672,12.849,0.84672,3695.15,0,36.966,0.258165,1.55082,1.83235,3.99768,1.04488,6.07781,0.42336,36.966,0.42336,423.524,0,1.02816,0,0,2.57898,1.55082,1.028160,1,0,59.0248,0,0,0,59.0248,0
70.4078,2.40883,0,0,2.08185,0.157222,0.36288,3.6288,61.308,0.483086,0,0,0.89068,0.196165,0.211429,0.66528,12.849,1,0.434371,0.36288,0,51.9845,3.82755,48.0854,0.84672,12.849,0.84672,3695.15,0,36.966,0.291279,1.57382,1.83246,4.03306,0.984837,6.16322,0.42336,36.966,0.42336,423.524,0,1.02816,0,0,2.60198,1.57382,1.028160,1,0,54.4601,0,0,0,54.4601,0
69.5861,2.47761,0,0,2.14294,0.124064,0.36288,3.6288,61.308,0.42946,0,0,0.95142,0.215573,0.306387,0.66528,12.849,1,0.452149,0.36288,0,50.6409,3.78809,46.7636,0.84672,12.849,0.84672,3695.15,0,36.966,0.258945,2.06209,1.92545,4.83983,0.939436,7.62898,0.42336,36.966,0.42336,423.524,0,1.02816,0,0,3.09025,2.06209,1.028160,1,0,54.699,0,0,0,54.699,0
68.7027,2.47342,0,0,2.07618,0.123279,0.36288,3.6288,61.308,0.429598,0,0,0.99697,0.215573,0.351799,0.66528,12.849,1,0.456715,0.36288,0,48.0511,3.78809,44.1692,0.84672,12.849,0.84672,3695.15,0,36.966,0.259028,1.94964,1.87525,5.02401,0.939436,7.65045,0.42336,36.966,0.42336,423.524,0,1.02816,0,0,2.9778,1.94964,1.028160,1,0,52.1714,0,0,0,52.1714,0
67.693,2.46879,0,0,1.94434,0.122436,0.36288,3.6288,61.308,0.429736,0,0,0.919719,0.215573,0.27441,0.66528,12.849,1,0.461721,0.36288,0,45.0378,3.78809,41.1509,0.84672,12.849,0.84672,3695.15,0,36.966,0.259112,1.67949,1.8755,4.5521,0.939436,6.90853,0.42336,36.966,0.42336,423.524,0,1.02816,0,0,2.70765,1.67949,1.028160,1,0,48.3338,0,0,0,48.3338,0
66.6279,2.46332,0,0,1.83467,0.0735237,0.36288,3.6288,61.308,0.429874,0,0,0.875733,0.257667,0.188192,0.66528,12.849,1,0.46757,0.36288,0,42.3541,4.76181,37.4876,0.84672,12.849,0.84672,3695.15,0,36.966,0.259195,1.78253,1.87574,4.39659,1.07767,6.71799,0.42336,36.966,0.42336,423.524,0,1.02816,0,0,2.81069,1.78253,1.028160,1,0,44.3938,0,0,0,44.3938,0
65.7851,2.43536,0,0,2.05684,0.10142,0.36288,3.6288,61.308,0.460216,0,0,1.02895,0.26757,0.301169,0.66528,12.849,1,0.469653,0.36288,0,46.9625,5.10317,41.7526,0.84672,12.849,0.84672,3695.15,0,36.966,0.27749,1.17963,1.87598,3.86585,1.17265,5.47132,0.42336,36.966,0.42336,423.524,0,1.02816,0,0,2.20779,1.17963,1.028160,1,0,47.5251,0,0,0,47.5251,0
64.8543,2.43064,0,0,1.94336,0.0806254,0.36288,3.6288,61.308,0.460358,0,0,0.980899,0.297043,0.223498,0.66528,12.849,1,0.474748,0.36288,0,44.5131,5.13482,39.2664,0.84672,12.849,0.84672,3695.15,0,36.966,0.277576,1.10851,1.90871,3.86709,1.27029,5.33645,0.42336,36.966,0.42336,423.524,0,1.02816,0,0,2.13667,1.10851,1.028160,1,0,44.8264,0,0,0,44.8264,0
63.8316,2.42527,0,0,1.84552,0.0800264,0.36288,3.6288,61.308,0.460501,0,0,0.892365,0.297043,0.134822,0.66528,12.849,1,0.480497,0.36288,0,40.2846,5.13482,35.0322,0.84672,12.849,0.84672,3695.15,0,36.966,0.277661,1.03098,1.90895,3.78443,1.27029,5.17642,0.42336,36.966,0.42336,423.524,0,1.02816,0,0,2.05914,1.03098,1.028160,1,0,40.3434,0,0,0,40.3434,0
62.6802,2.41917,0,0,1.70993,0.0793683,0.36288,3.6288,61.308,0.460643,0,0,0.807978,0.297043,0.0502926,0.66528,12.849,1,0.486968,0.36288,0,38.3474,5.13482,33.0885,0.84672,12.849,0.84672,3695.15,0,36.966,0.277747,0.92435,1.9092,3.49133,1.27029,4.77685,0.42336,36.966,0.42336,423.524,0,1.02816,0,0,1.95251,0.92435,1.028160,1,0,37.9157,0,0,0,37.9157,0
61.4983,2.46835,0,0,1.72657,0.0771684,0.36288,3.6288,61.308,0.487717,0,0,0.831816,0.306626,0.0374729,0.66528,12.849,1,0.505995,0.36288,0,42.1703,5.54744,36.4797,0.84672,12.849,0.84672,3695.15,0,36.966,0.294072,0.821422,1.90945,3.33763,1.36066,4.41377,0.42336,36.966,0.42336,423.524,0,1.02816,0,0,1.84958,0.821422,1.028160,1,0,40.931,0,0,0,40.931,0
60.1495,2.46063,0,0,1.54998,0.0753383,0.36288,3.6288,61.1749,0.487863,0,0,0.668624,0.313813,0,0.66528,12.849,1,0.514105,0.36288,0,34.7922,5.8569,28.784,0.84672,12.849,0.84672,3695.15,0,36.966,0.29416,0.787761,1.95576,3.16771,1.42844,4.18863,0.42336,36.966,0.42336,423.524,0,1.02816,0,0,1.81592,0.787761,1.028160,1,0,32.9727,0,0,0,32.9727,0
58.7096,2.45144,0,0,1.44896,0.0744842,0.36288,3.6288,60.9924,0.48761,0,0,0.618622,0.313549,0,0.66528,12.849,1,0.523672,0.36288,0,33.0822,5.8569,27.0645,0.84672,12.849,0.84672,3695.15,0,36.966,0.294646,0.631506,1.95601,2.77954,1.42844,3.64397,0.42336,36.966,0.42336,423.524,0,1.02816,0,0,1.65967,0.631506,1.028160,1,0,30.7085,0,0,0,30.7085,0
57.2615,2.44122,0,0,1.42949,0.0734601,0.36288,3.6288,60.8613,0.487206,0,0,0.669304,0.313187,0,0.66528,12.849,1,0.534278,0.36288,0,30.6969,5.8569,24.6686,0.84672,12.849,0.84672,3695.15,0,36.966,0.295284,0.743368,1.95626,3.14334,1.42844,4.11925,0.42336,36.966,0.42336,423.524,0,1.02816,0,0,1.77153,0.743368,1.028160,1,0,28.7878,0,0,0,28.7878,0
55.8266,2.54151,0,0,1.53562,0.0661874,0.36288,3.6288,60.6966,0.559739,0,0,0.693967,0.298968,0,0.66528,12.849,1,0.570294,0.36288,0,30.4151,6.01579,24.1919,0.84672,12.849,0.84672,3695.15,0,36.966,0.339975,0.844249,1.95652,3.85744,1.47273,4.8455,0.42336,36.966,0.42336,423.524,0,1.02816,0,0,1.87241,0.844249,1.028160,1,0,29.0374,0,0,0,29.0374,0
54.186,2.52992,0,0,1.34304,0.0908552,0.36288,3.6288,60.3332,0.55932,0,0,0.533416,0.337446,0,0.66528,12.849,1,0.582285,0.36288,0,23.2254,6.03509,16.9709,0.84672,12.849,0.84672,3695.15,0,36.966,0.340642,0.364072,2.07263,2.54595,1.4313,3.21071,0.42336,36.966,0.42336,423.524,0,1.02816,0,0,1.39223,0.364072,1.028160,1,0,20.1816,0,0,0,20.1816,0
52.6916,2.516,0,0,1.47393,0.0893704,0.36288,3.6288,60.0971,0.558202,0,0,0.658687,0.336668,0,0.66528,12.849,1,0.596613,0.36288,0,29.8697,6.03509,23.6009,0.84672,12.849,0.84672,3695.15,0,36.966,0.342009,0.701533,2.0729,2.77732,1.4313,3.77844,0.42336,36.966,0.42336,423.524,0,1.02816,0,0,1.72969,0.701533,1.028160,1,0,27.3793,0,0,0,27.3793,0
50.9221,2.50272,0,0,1.18409,0.0880181,0.36288,3.6288,59.6601,0.577178,0,0,0.476423,0.336162,0,0.66528,12.849,1,0.610294,0.36288,0,29.1875,6.03509,22.905,0.84672,12.849,0.84672,3695.15,0,36.966,0.355025,0.204422,2.07316,2.22956,1.4313,2.72082,0.42336,36.966,0.42336,423.524,0,0.996417,0,0,1.20084,0.204422,1.028160,1,0,25.6258,0,0,0,25.6258,0
49.4614,2.4861,0,0,1.47466,0.0864167,0.36288,3.6288,59.5831,0.556127,0,0,0.814286,0.335227,0,0.66528,12.849,1,0.62731,0.36288,0,26.6571,6.03509,20.3576,0.84672,12.849,0.84672,3695.15,0,36.966,0.344582,1.24339,2.07343,3.44733,1.4313,4.98828,0.42336,36.966,0.42336,423.524,0,1.02816,0,0,2.27155,1.24339,1.028160,1,0,25.3458,0,0,0,25.3458,0
48.5013,2.44468,0,0,1.93847,0.0910401,0.36288,3.6288,60.3845,0.521601,0,0,1.68333,0.360301,0,0.66528,12.849,1,0.635074,0.36288,0,43.7364,6.98553,36.4786,0.84672,12.849,0.84672,3695.15,0,36.966,0.323607,2.91245,2.0737,5.41661,1.57059,8.50856,0.42336,36.966,0.42336,423.524,0,1.02816,0,0,3.94061,2.91245,1.028160,1,0,44.9872,0,0,0,44.9872,0
47.8833,2.43505,0,0,2.29069,0.110744,0.36288,3.6288,61.308,0.524415,0,0,1.93488,0.328664,0.158289,0.66528,12.849,1,0.645096,0.36288,0,33.1282,6.38655,26.4594,0.84672,12.849,0.84672,3695.15,0,36.966,0.321035,3.37171,2.02451,6.54763,1.30403,10.3188,0.42336,36.966,0.42336,423.524,0,1.02816,0,0,4.39987,3.37171,1.028160,1,0,36.9365,0,0,0,36.9365,0
47.7231,2.4288,0,0,2.78144,0.149927,0.36288,3.6288,61.308,0.527583,0,0,1.96157,0.29609,1.13789,0.66528,12.849,1,0.651744,0.36288,0,30.0747,6.11048,23.6754,0.84672,12.849,0.84672,3695.15,0,36.966,0.318109,3.445,2.02477,4.84426,1.20921,8.78671,0.42336,36.966,0.42336,423.524,0,1.02816,0,0,4.47316,3.445,1.028160,1,0,33.6,0,0,0,33.6,0
49.0588,2.42739,0,0,4.27558,0.149665,0.36288,3.6288,61.308,0.527733,0,0,3.31317,0.29609,2.48935,0.66528,12.849,1,0.653552,0.36288,0,55.8057,6.11048,49.4045,0.84672,12.849,0.84672,3695.15,0,36.966,0.3182,6.76885,2.02503,9.36507,1.20921,16.6315,0.42336,36.966,0.42336,423.524,0,1.02816,0,0,7.79701,6.76885,1.028160,1,0,68.5254,0,0,0,68.5254,0
48.8918,2.37873,0,0,2.68552,0.110876,0.36288,3.6288,61.308,0.474085,0,0,2.18501,0.253909,1.45702,0.66528,12.849,1,0.623013,0.36288,0,60.3479,5.03952,55.0482,0.84672,12.849,0.84672,3695.15,0,36.966,0.285852,3.60463,2.02529,6.41236,1.07349,10.6829,0.42336,36.966,0.42336,423.524,0,1.02816,0,0,4.63279,3.60463,1.028160,1,0,67.1882,0,0,0,67.1882,0
48.3135,2.37735,0,0,2.31155,0.149581,0.36288,3.6288,61.308,0.474229,0,0,1.41957,0.18541,0.75993,0.66528,12.849,1,0.624779,0.36288,0,33.1392,3.7284,29.1489,0.84672,12.849,0.84672,3695.15,0,36.966,0.285939,1.35827,1.94401,5.67296,1.04135,7.64795,0.42336,36.966,0.42336,423.524,0,1.02816,0,0,2.38643,1.35827,1.028160,1,0,37.5568,0,0,0,37.5568,0
47.2737,2.37175,0,0,1.85896,0.164122,0.36288,3.6288,61.308,0.474372,0,0,1.07564,0.183368,0.417897,0.66528,12.849,1,0.630767,0.36288,0,25.8212,3.74787,21.8055,0.84672,12.849,0.84672,3695.15,0,36.966,0.286025,1.09415,1.94426,4.87528,1.06616,6.56151,0.42336,36.966,0.42336,423.524,0,1.02816,0,0,2.12231,1.09415,1.028160,1,0,28.7849,0,0,0,28.7849,0
47.8609,2.36114,0,0,3.47348,0.162266,0.36288,3.6288,61.308,0.474516,0,0,2.93475,0.183368,2.27687,0.66528,12.849,1,0.641759,0.36288,0,51.4426,3.74787,47.4159,0.84672,12.849,0.84672,3695.15,0,36.966,0.286112,5.47282,1.94451,10.7556,1.06616,16.8206,0.42336,36.966,0.42336,423.524,0,1.02816,0,0,6.50098,5.47282,1.028160,1,0,66.5134,0,0,0,66.5134,0
51.7192,2.18934,0,0,6.58008,0.169586,0.36288,3.6288,61.308,0.362554,0,0,5.32811,0.187938,4.77762,0.66528,12.849,1,0.587763,0.36288,0,101.963,3.85929,97.8785,0.84672,12.849,0.84672,3695.15,0,36.966,0.218604,5.53426,1.94476,13.884,1.05208,20.0924,0.42336,36.966,0.42336,423.524,0,1.02816,0,0,6.56242,5.53426,1.028160,1,0,122.748,0,0,0,122.748,0
53.7578,2.14068,0,0,4.75807,0.215905,0.36288,3.6288,61.308,0.428164,0,0,2.24546,0.215359,1.60194,0.66528,12.849,1,0.531825,0.36288,0,76.2307,4.52781,71.534,0.84672,12.849,0.84672,3695.15,0,36.966,0.258164,1.97862,1.76379,7.14894,0.967611,9.66558,0.42336,36.966,0.42336,423.524,0,1.02816,0,0,3.00678,1.97862,1.028160,1,0,82.8015,0,0,0,82.8015,0
53.2654,2.15741,0,0,2.24835,0.220476,0.36288,3.6288,61.308,0.428164,0,0,1.46425,0.215359,0.820724,0.66528,12.849,1,0.515657,0.36288,0,42.838,4.52781,38.1574,0.84672,12.849,0.84672,3695.15,0,36.966,0.258164,0.675553,1.82544,5.09215,0.967611,6.36737,0.42336,36.966,0.42336,423.524,0,1.02816,0,0,1.70371,0.675553,1.028160,1,0,45.3455,0,0,0,45.3455,0
54.5303,2.15403,0,0,4.01362,0.231798,0.36288,3.6288,61.308,0.428164,0,0,1.53244,0.22627,0.878009,0.66528,12.849,1,0.519607,0.36288,0,38.9437,4.05651,34.7304,0.84672,12.849,0.84672,3695.15,0,36.966,0.258164,1.4894,1.82555,5.33091,0.969831,7.41786,0.42336,36.966,0.42336,423.524,0,1.02816,0,0,2.51756,1.4894,1.028160,1,0,43.0263,0,0,0,43.0263,0
57.26,2.16424,0,0,5.50932,0.252484,0.36288,3.6288,61.308,0.428164,0,0,2.10937,0.196628,1.48458,0.66528,12.849,1,0.509961,0.36288,0,65.127,3.29054,61.6894,0.84672,12.849,0.84672,3695.15,0,36.966,0.258164,2.72961,1.82565,9.63412,0.859652,13.0716,0.42336,36.966,0.42336,423.524,0,1.02816,0,0,3.75777,2.72961,1.028160,1,0,76.2455,0,0,0,76.2455,0
61.531,2.25565,0,0,7.10113,0.211588,0.36288,3.6288,61.308,0.460645,0,0,3.87469,0.209063,3.20498,0.66528,12.849,1,0.506162,0.36288,0,98.693,3.15659,95.3931,0.84672,12.849,0.84672,3695.15,0,36.966,0.277748,4.21672,1.82576,12.2366,0.702896,17.2984,0.42336,36.966,0.42336,423.524,0,1.02816,0,0,5.24488,4.21672,1.028160,1,0,115.897,0,0,0,115.897,0
64.331,2.32825,0,0,5.72563,0.234491,0.36288,3.6288,61.308,0.428161,0,0,3.51303,0.257419,2.82745,0.66528,12.849,1,0.486189,0.36288,0,97.3987,3.969,93.3064,0.84672,12.849,0.84672,3695.15,0,36.966,0.258162,3.59298,1.8824,10.6962,0.907647,15.0058,0.42336,36.966,0.42336,423.524,0,1.02816,0,0,4.62114,3.59298,1.028160,1,0,111.14,0,0,0,111.14,0
67.5161,2.34635,0,0,6.13425,0.239915,0.36288,3.6288,61.308,0.428161,0,0,4.02743,0.257419,3.34185,0.66528,12.849,1,0.468642,0.36288,0,103.16,3.969,99.0851,0.84672,12.849,0.84672,3695.15,0,36.966,0.258162,4.16925,1.85204,11.5968,0.907647,16.4523,0.42336,36.966,0.42336,423.524,0,1.02816,0,0,5.19741,4.16925,1.028160,1,0,118.879,0,0,0,118.879,0
70.1577,2.36539,0,0,5.61588,0.246086,0.36288,3.6288,61.308,0.428161,0,0,3.96065,0.257419,3.27506,0.66528,12.849,1,0.450157,0.36288,0,94.722,3.969,90.6658,0.84672,12.849,0.84672,3695.15,0,36.966,0.258162,4.1231,1.85214,12.0257,0.907647,16.8351,0.42336,36.966,0.42336,423.524,0,1.02816,0,0,5.15126,4.1231,1.028160,1,0,110.776,0,0,0,110.776,0
72.29,2.61657,0,0,8.814,0.230492,3.83461,3.6288,61.308,0.550162,0,0,4.2948,0.253327,3.49131,0.66528,12.849,1,0.47921,3.83461,0,177.776,3.84408,177.287,0.84672,12.849,0.84672,3695.15,0,36.966,0.331723,4.87884,1.85224,16.5553,0.969711,21.9849,0.42336,36.966,0.42336,423.524,0,1.02816,0,0,5.907,4.87884,1.028160,1,0,202.763,0,0,0,202.763,0
72.29,2.67241,0,0,9.58945,0.247602,6.66944,3.6288,61.308,0.518333,0,0,4.43563,0.202729,3.71457,0.66528,12.849,1,0.475001,6.66944,0,247.222,3.3221,250.095,0.84672,12.849,0.84672,3695.15,0,36.966,0.312532,5.44359,2.05585,19.6366,0.860832,25.9626,0.42336,36.966,0.42336,423.524,0,1.02816,0,0,6.47175,5.44359,1.028160,1,0,279.772,0,0,0,279.772,0
72.29,2.67274,0,0,7.69392,0.247602,4.77358,3.6288,61.308,0.518475,0,0,3.96366,0.202729,3.24246,0.66528,12.849,1,0.475059,4.77358,0,185.263,3.3221,186.24,0.84672,12.849,0.84672,3695.15,0,36.966,0.312617,5.27669,2.02611,16.4163,0.860832,22.5457,0.42336,36.966,0.42336,423.524,0,1.02816,0,0,6.30485,5.27669,1.028160,1,0,212.028,0,0,0,212.028,0
72.29,2.67306,0,0,7.2176,0.2431,4.30143,3.6288,61.308,0.518617,0,0,3.97294,0.178634,3.27569,0.66528,12.849,1,0.475117,4.30143,0,175.532,2.84502,176.513,0.84672,12.849,0.84672,3695.15,0,36.966,0.312703,5.61025,2.02636,16.6876,0.705838,23.3056,0.42336,36.966,0.42336,423.524,0,1.02816,0,0,6.63841,5.61025,1.028160,1,0,203.095,0,0,0,203.095,0
72.29,2.33452,0,0,6.34006,0.243854,3.76168,3.6288,61.308,0.354953,0,0,5.95392,0.174596,5.42437,0.66528,12.849,1,0.414944,3.76168,0,149.604,2.92573,150.025,0.84672,12.849,0.84672,3695.15,0,36.966,0.214021,5.66597,2.0266,15.3706,0.726709,22.1225,0.42336,36.966,0.42336,423.524,0,1.02816,0,0,6.69413,5.66597,1.028160,1,0,177.572,0,0,0,177.572,0
72.29,2.23534,0,0,6.5048,0.306934,3.96252,3.6288,61.308,0.428156,0,0,10.5322,0.123584,9.98051,0.66528,12.849,1,0.397315,3.96252,0,147.014,2.80108,147.778,0.84672,12.849,0.84672,3695.15,0,36.966,0.258159,8.18329,1.7492,17.4833,0.79902,26.3586,0.42336,36.966,0.42336,423.524,0,1.02816,0,0,9.21145,8.18329,1.028160,1,0,184.117,0,0,0,184.117,0
72.29,2.23579,0,0,8.44569,0.306934,5.90296,3.6288,61.308,0.428156,0,0,11.4566,0.123584,10.9049,0.66528,12.849,1,0.397395,5.90296,0,172.105,2.80108,174.81,0.84672,12.849,0.84672,3695.15,0,36.966,0.258159,9.31504,1.81796,22.6586,0.79902,32.7344,0.42336,36.966,0.42336,423.524,0,1.02816,0,0,10.3432,9.31504,1.028160,1,0,218.449,0,0,0,218.449,0
72.29,2.23625,0,0,8.0041,0.305569,5.46228,3.6288,61.308,0.428156,0,0,10.9237,0.11213,10.3834,0.66528,12.849,1,0.397476,5.46228,0,190.138,2.62178,192.581,0.84672,12.849,0.84672,3695.15,0,36.966,0.258159,9.14138,1.81806,20.3147,0.76831,30.2477,0.42336,36.966,0.42336,423.524,0,1.02816,0,0,10.1695,9.14138,1.028160,1,0,233.212,0,0,0,233.212,0
72.29,2.2367,0,0,13.2531,0.308384,10.708,3.6288,61.308,0.428156,0,0,16.1786,0.141055,15.6094,0.66528,12.849,1,0.397556,10.708,0,329.741,3.39717,336.655,0.84672,12.849,0.84672,3695.15,0,36.966,0.258159,11.4917,1.81816,35.7473,0.9584,47.8406,0.42336,36.966,0.42336,423.524,0,1.02816,0,0,12.5199,11.4917,1.028160,1,0,400.105,0,0,0,400.105,0
72.29,2.3225,0,0,9.48024,0.335011,6.82273,3.6288,61.308,0.468254,0,0,13.383,0.148613,12.7661,0.66528,12.849,1,0.412807,6.82273,0,219.209,4.15689,221.462,0.84672,12.849,0.84672,3695.15,0,36.966,0.282336,11.0957,1.81826,22.2441,1.02476,33.851,0.42336,36.966,0.42336,423.524,0,1.02816,0,0,12.1239,11.0957,1.028160,1,0,268.079,0,0,0,268.079,0
72.29,2.37754,0,0,9.13982,0.346355,6.41593,3.6288,61.308,0.428161,0,0,10.8527,0.151424,10.2731,0.66528,12.849,1,0.422589,6.41593,0,214.675,4.21407,216.455,0.84672,12.849,0.84672,3695.15,0,36.966,0.258162,10.3789,1.88686,19.118,1.02233,30.1032,0.42336,36.966,0.42336,423.524,0,1.02816,0,0,11.407,10.3789,1.028160,1,0,256.831,0,0,0,256.831,0
72.29,2.37801,0,0,7.17621,0.346355,4.45185,3.6288,61.308,0.428161,0,0,8.61512,0.151424,8.03553,0.66528,12.849,1,0.422673,4.45185,0,211.601,4.21407,211.416,0.84672,12.849,0.84672,3695.15,0,36.966,0.258162,8.26476,1.84935,16.0717,1.02233,24.9053,0.42336,36.966,0.42336,423.524,0,1.02816,0,0,9.29292,8.26476,1.028160,1,0,244.357,0,0,0,244.357,0
72.29,2.37848,0,0,6.36284,0.270801,3.71356,3.6288,61.308,0.428161,0,0,8.16126,0.153926,7.57917,0.66528,12.849,1,0.422756,3.71356,0,159.09,3.51341,158.867,0.84672,12.849,0.84672,3695.15,0,36.966,0.258162,7.80831,1.84946,13.0947,1.042,21.4523,0.42336,36.966,0.42336,423.524,0,1.02816,0,0,8.83647,7.80831,1.028160,1,0,187.899,0,0,0,187.899,0
72.29,2.34556,0,0,6.17305,0.251232,3.57626,3.6288,61.308,0.41258,0,0,4.64543,0.208669,4.02418,0.66528,12.849,1,0.416905,3.57626,0,140.163,4.22371,139.099,0.84672,12.849,0.84672,3695.15,0,36.966,0.248768,5.5262,1.84956,11.4468,1.10413,17.4696,0.42336,36.966,0.42336,423.524,0,1.02816,0,0,6.55436,5.5262,1.028160,1,0,160.593,0,0,0,160.593,0
72.29,2.32482,0,0,5.73649,0.280054,3.13162,3.6288,61.308,0.42816,0,0,2.68154,0.230152,2.02322,0.66528,12.849,1,0.413219,3.13162,0,119.611,4.49264,117.837,0.84672,12.849,0.84672,3695.15,0,36.966,0.258161,4.10454,1.823,10.829,1.11371,15.3847,0.42336,36.966,0.42336,423.524,0,1.02816,0,0,5.1327,4.10454,1.028160,1,0,135.245,0,0,0,135.245,0
72.29,2.32528,0,0,5.50098,0.280054,2.89565,3.6288,61.308,0.428159,0,0,2.4949,0.230152,1.83659,0.66528,12.849,1,0.413301,2.89565,0,116.088,4.49264,114.078,0.84672,12.849,0.84672,3695.15,0,36.966,0.258161,3.67281,1.83772,10.0552,1.11371,14.1939,0.42336,36.966,0.42336,423.524,0,1.02816,0,0,4.70097,3.67281,1.028160,1,0,130.108,0,0,0,130.108,0
72.29,2.32574,0,0,5.08807,0.253085,2.50924,3.6288,61.308,0.42816,0,0,2.5896,0.222901,1.93854,0.66528,12.849,1,0.413383,2.50924,0,106.033,4.55334,103.575,0.84672,12.849,0.84672,3695.15,0,36.966,0.258161,3.94179,1.83782,9.75465,1.09209,14.184,0.42336,36.966,0.42336,423.524,0,1.02816,0,0,4.96995,3.94179,1.028160,1,0,119.698,0,0,0,119.698,0
72.29,2.43959,0,0,4.6414,0.222298,1.97951,3.6288,61.308,0.483442,0,0,2.18898,0.21391,1.49163,0.66528,12.849,1,0.433619,1.97951,0,98.5522,4.63428,95.4638,0.84672,12.849,0.84672,3695.15,0,36.966,0.291494,3.27341,1.83792,8.76381,1.05714,12.5265,0.42336,36.966,0.42336,423.524,0,1.02816,0,0,4.30157,3.27341,1.028160,1,0,109.482,0,0,0,109.482,0
72.29,2.50397,0,0,4.09921,0.184819,1.41043,3.6288,61.308,0.436503,0,0,1.65492,0.239032,0.979389,0.66528,12.849,1,0.445061,1.41043,0,77.188,4.9923,73.1611,0.84672,12.849,0.84672,3695.15,0,36.966,0.263192,2.54692,1.93151,7.76537,1.17242,10.8082,0.42336,36.966,0.42336,423.524,0,1.02816,0,0,3.57508,2.54692,1.028160,1,0,84.9487,0,0,0,84.9487,0
72.29,2.50427,0,0,3.90999,0.173401,1.23231,3.6288,61.308,0.436635,0,0,1.56169,0.242541,0.882513,0.66528,12.849,1,0.445116,1.23231,0,70.4532,5.05197,66.1884,0.84672,12.849,0.84672,3695.15,0,36.966,0.263271,2.33055,1.88759,7.50695,1.19777,10.264,0.42336,36.966,0.42336,423.524,0,1.02816,0,0,3.35871,2.33055,1.028160,1,0,77.3349,0,0,0,77.3349,0
72.29,2.50458,0,0,3.77777,0.173401,1.09979,3.6288,61.308,0.436767,0,0,1.59301,0.242541,0.913701,0.66528,12.849,1,0.44517,1.09979,0,67.1734,5.05197,62.7761,0.84672,12.849,0.84672,3695.15,0,36.966,0.263351,2.69641,1.88782,7.18053,1.19777,10.3036,0.42336,36.966,0.42336,423.524,0,1.02816,0,0,3.72457,2.69641,1.028160,1,0,73.9934,0,0,0,73.9934,0
72.29,2.50489,0,0,3.46742,0.197987,0.764548,3.6288,61.308,0.436899,0,0,1.49326,0.235956,0.820404,0.66528,12.849,1,0.445225,0.764548,0,63.1599,4.6289,58.8503,0.84672,12.849,0.84672,3695.15,0,36.966,0.263431,2.53009,1.88805,6.54817,1.21409,9.48878,0.42336,36.966,0.42336,423.524,0,1.02816,0,0,3.55825,2.53009,1.028160,1,0,69.1595,0,0,0,69.1595,0
72.29,2.48276,0,0,3.80603,0.129074,1.1942,3.6288,61.308,0.467433,0,0,1.16455,0.249271,0.447846,0.66528,12.849,1,0.441291,1.1942,0,60.7751,4.76746,56.7606,0.84672,12.849,0.84672,3695.15,0,36.966,0.281842,1.74737,1.88828,6.08867,1.22078,8.2217,0.42336,36.966,0.42336,423.524,0,1.02816,0,0,2.77553,1.74737,1.028160,1,0,65.4301,0,0,0,65.4301,0
72.29,2.48306,0,0,3.64231,0.115949,1.0433,3.6288,61.308,0.467569,0,0,1.05808,0.25193,0.338582,0.66528,12.849,1,0.441345,1.0433,0,60.4552,4.81876,56.2384,0.84672,12.849,0.84672,3695.15,0,36.966,0.281923,1.45183,1.92121,6.16867,1.22081,8.03898,0.42336,36.966,0.42336,423.524,0,1.02816,0,0,2.47999,1.45183,1.028160,1,0,64.616,0,0,0,64.616,0
72.29,2.48336,0,0,3.31252,0.115949,0.713201,3.6288,61.308,0.467705,0,0,1.03175,0.25193,0.31212,0.66528,12.849,1,0.441399,0.713201,0,59.2722,4.81876,54.7253,0.84672,12.849,0.84672,3695.15,0,36.966,0.282005,1.41971,1.92145,5.9107,1.22081,7.74904,0.42336,36.966,0.42336,423.524,0,1.02816,0,0,2.44787,1.41971,1.028160,1,0,62.7864,0,0,0,62.7864,0
72.29,2.48367,0,0,3.00659,0.115949,0.406972,3.6288,61.308,0.467841,0,0,0.967956,0.25193,0.248186,0.66528,12.849,1,0.441453,0.406972,0,52.8168,4.81876,47.9635,0.84672,12.849,0.84672,3695.15,0,36.966,0.282087,1.14367,1.92168,5.7178,1.22081,7.28025,0.42336,36.966,0.42336,423.524,0,1.02816,0,0,2.17183,1.14367,1.028160,1,0,55.4919,0,0,0,55.4919,0
72.2874,2.54194,0,0,2.98757,0.0853147,0.36288,3.6288,61.308,0.495085,0,0,0.947074,0.316045,0.135944,0.66528,12.849,1,0.451811,0.36288,0,50.071,5.66871,44.3134,0.84672,12.849,0.84672,3695.15,0,36.966,0.298515,1.26292,1.92192,5.32827,1.55608,6.65851,0.42336,36.966,0.42336,423.524,0,1.02816,0,0,2.29108,1.26292,1.028160,1,0,51.1079,0,0,0,51.1079,0
72.29,2.54224,0,0,3.17949,0.0889002,0.545787,3.6288,61.308,0.495225,0,0,0.970298,0.299153,0.17592,0.66528,12.849,1,0.45188,0.545787,0,49.1899,5.48457,43.7992,0.84672,12.849,0.84672,3695.15,0,36.966,0.298599,1.38692,1.96852,5.16478,1.52224,6.69938,0.42336,36.966,0.42336,423.524,0,1.02816,0,0,2.41508,1.38692,1.028160,1,0,50.6745,0,0,0,50.6745,0
72.1113,2.54257,0,0,2.81565,0.0889019,0.36288,3.6288,61.308,0.495364,0,0,0.911174,0.299153,0.116657,0.66528,12.849,1,0.451922,0.36288,0,46.346,5.48457,40.7724,0.84672,12.849,0.84672,3695.15,0,36.966,0.298682,1.22013,1.96876,5.1145,1.52224,6.48248,0.42336,36.966,0.42336,423.524,0,1.02816,0,0,2.24829,1.22013,1.028160,1,0,47.3715,0,0,0,47.3715,0
71.6754,2.54193,0,0,2.55772,0.0887814,0.36288,3.6288,61.308,0.495503,0,0,0.886481,0.299153,0.0918248,0.66528,12.849,1,0.452928,0.36288,0,43.6272,5.48457,38.0526,0.84672,12.849,0.84672,3695.15,0,36.966,0.298766,1.07492,1.969,4.93192,1.52224,6.15484,0.42336,36.966,0.42336,423.524,0,1.02816,0,0,2.10308,1.07492,1.028160,1,0,44.2993,0,0,0,44.2993,0
70.7516,2.65592,0,0,2.1663,0.0713172,0.36288,3.6288,61.308,0.569101,0,0,0.88166,0.304812,0.00774725,0.66528,12.849,1,0.476117,0.36288,0,41.5773,5.76136,35.7027,0.84672,12.849,0.84672,3695.15,0,36.966,0.343143,1.05684,1.96925,4.8397,1.52274,5.9999,0.42336,36.966,0.42336,423.524,0,1.02816,0,0,2.085,1.05684,1.028160,1,0,41.7104,0,0,0,41.7104,0
69.9457,2.65098,0,0,2.26971,0.0617507,0.36288,3.6288,61.308,0.56925,0,0,1.07929,0.310679,0.199362,0.66528,12.849,1,0.481437,0.36288,0,42.7944,5.71043,36.9655,0.84672,12.849,0.84672,3695.15,0,36.966,0.343232,1.60891,2.0861,4.93107,1.61752,6.66532,0.42336,36.966,0.42336,423.524,0,1.02816,0,0,2.63707,1.60891,1.028160,1,0,43.8301,0,0,0,43.8301,0
68.8875,2.64662,0,0,2.01267,0.0613687,0.36288,3.6288,61.308,0.569398,0,0,0.971663,0.310679,0.0915856,0.66528,12.849,1,0.486183,0.36288,0,38.0319,5.71043,32.1982,0.84672,12.849,0.84672,3695.15,0,36.966,0.343322,1.44798,2.08636,4.78575,1.61752,6.35924,0.42336,36.966,0.42336,423.524,0,1.02816,0,0,2.47614,1.44798,1.028160,1,0,38.649,0,0,0,38.649,0
68.0776,2.64065,0,0,2.25452,0.060867,0.36288,3.6288,61.308,0.569546,0,0,0.996771,0.310679,0.116545,0.66528,12.849,1,0.492538,0.36288,0,37.8037,5.71043,31.9636,0.84672,12.849,0.84672,3695.15,0,36.966,0.343411,1.51698,2.08661,5.12935,1.61752,6.77201,0.42336,36.966,0.42336,423.524,0,1.02816,0,0,2.54514,1.51698,1.028160,1,0,38.8522,0,0,0,38.8522,0
68.6067,2.63604,0,0,3.60817,0.0801929,0.36288,3.6288,61.308,0.569695,0,0,1.22501,0.306388,0.34893,0.66528,12.849,1,0.497528,0.36288,0,62.8034,5.59169,57.0771,0.84672,12.849,0.84672,3695.15,0,36.966,0.343501,2.0639,2.08687,5.59146,1.60296,7.79577,0.42336,36.966,0.42336,423.524,0,1.02816,0,0,3.09206,2.0639,1.028160,1,0,65.2217,0,0,0,65.2217,0
68.687,2.61072,0,0,3.11955,0.0656221,0.36288,3.6288,61.308,0.53484,0,0,1.03395,0.318957,0.180153,0.66528,12.849,1,0.488948,0.36288,0,37.7654,5.394,32.2453,0.84672,12.849,0.84672,3695.15,0,36.966,0.322485,0.97467,2.08712,6.35356,1.54827,7.5446,0.42336,36.966,0.42336,423.524,0,1.02816,0,0,2.00283,0.97467,1.028160,1,0,39.97,0,0,0,39.97,0
67.9935,2.61152,0,0,2.36514,0.0842518,0.36288,3.6288,61.21,0.534984,0,0,0.744224,0.307257,0,0.66528,12.849,1,0.488527,0.36288,0,30.976,5.14248,25.7078,0.84672,12.849,0.84672,3695.15,0,36.966,0.322571,0.601802,2.0376,5.12395,1.47838,5.9624,0.42336,36.966,0.42336,423.524,0,1.02816,0,0,1.62996,0.601802,1.028160,1,0,31.6702,0,0,0,31.6702,0
68.3144,2.60765,0,0,3.37524,0.083796,0.36288,3.6288,61.308,0.534806,0,0,1.22488,0.307067,0.284995,0.66528,12.849,1,0.492778,0.36288,0,57.2957,5.14248,52.0233,0.84672,12.849,0.84672,3695.15,0,36.966,0.32298,1.72388,2.03785,9.60578,1.47838,11.5661,0.42336,36.966,0.42336,423.524,0,1.02816,0,0,2.75204,1.72388,1.028160,1,0,63.8745,0,0,0,63.8745,0
68.0727,2.60992,0,0,2.83247,0.101423,0.36288,3.6288,61.308,0.535272,0,0,0.935289,0.301586,0.098431,0.66528,12.849,1,0.49089,0.36288,0,76.7007,5.12948,71.4432,0.84672,12.849,0.84672,3695.15,0,36.966,0.322745,1.05609,2.0381,6.33267,1.48422,7.6199,0.42336,36.966,0.42336,423.524,0,1.02816,0,0,2.08425,1.05609,1.028160,1,0,79.1615,0,0,0,79.1615,0
67.3546,2.54138,0,0,2.39401,0.207775,0.36288,3.6288,61.2532,0.48127,0,0,0.668719,0.2422,0,0.66528,12.849,1,0.479696,0.36288,0,40.8901,4.80304,35.9702,0.84672,12.849,0.84672,3695.15,0,36.966,0.290185,0.313833,2.03835,5.06162,1.36026,5.76336,0.42336,36.966,0.42336,423.524,0,1.02816,0,0,1.34199,0.313833,1.028160,1,0,41.7336,0,0,0,41.7336,0
66.5012,2.5374,0,0,2.25901,0.212194,0.36288,3.6288,61.308,0.481246,0,0,1.24635,0.178742,0.531615,0.66528,12.849,1,0.48405,0.36288,0,43.7259,4.18204,39.4227,0.84672,12.849,0.84672,3695.15,0,36.966,0.290429,0.686923,1.95653,7.33516,0.962802,8.72539,0.42336,36.966,0.42336,423.524,0,1.02816,0,0,1.71508,0.686923,1.028160,1,0,48.6797,0,0,0,48.6797,0
64.7799,2.5325,0,0,1.38485,0.210766,0.36288,3.6288,61.308,0.481545,0,0,1.03535,0.178804,0.374999,0.66528,12.849,1,0.489316,0.36288,0,26.0953,4.18204,21.7868,0.84672,12.849,0.84672,3695.15,0,36.966,0.29035,0.541434,1.95677,7.36933,0.962802,8.61439,0.42336,36.966,0.42336,423.524,0,1.02816,0,0,1.56959,0.541434,1.028160,1,0,30.7762,0,0,0,30.7762,0
63.987,2.52196,0,0,2.36018,0.268226,0.36288,3.6288,61.308,0.481683,0,0,0.975063,0.1995,0.29388,0.66528,12.849,1,0.500227,0.36288,0,61.9336,4.52999,57.2663,0.84672,12.849,0.84672,3695.15,0,36.966,0.290433,0.427142,1.95701,9.1131,1.04403,10.1628,0.42336,36.966,0.42336,423.524,0,1.02816,0,0,1.4553,0.427142,1.028160,1,0,67.7229,0,0,0,67.7229,0
65.4708,2.32754,0,0,4.45072,0.276507,0.36288,3.6288,61.308,0.368995,0,0,0.908783,0.202949,0.336838,0.66528,12.849,1,0.467385,0.36288,0,93.1199,4.58797,88.4274,0.84672,12.849,0.84672,3695.15,0,36.966,0.222488,0.801714,1.95725,8.08981,1.05757,9.56872,0.42336,36.966,0.42336,423.524,0,1.02816,0,0,1.82987,0.801714,1.028160,1,0,98.3329,0,0,0,98.3329,0
66.3997,2.25757,0,0,3.83203,0.282637,0.36288,3.6288,61.308,0.428158,0,0,1.29478,0.228069,0.638555,0.66528,12.849,1,0.44306,0.36288,0,58.5801,4.56078,53.9391,0.84672,12.849,0.84672,3695.15,0,36.966,0.25816,1.61399,1.7751,10.4072,1.1177,12.4204,0.42336,36.966,0.42336,423.524,0,1.02816,0,0,2.64215,1.61399,1.028160,1,0,66.9981,0,0,0,66.9981,0
66.2146,2.26322,0,0,2.7257,0.284738,0.36288,3.6288,61.308,0.428158,0,0,0.835739,0.228069,0.179512,0.66528,12.849,1,0.437954,0.36288,0,67.2825,4.56078,62.6467,0.84672,12.849,0.84672,3695.15,0,36.966,0.25816,1.03933,1.8307,9.11148,1.1177,10.6057,0.42336,36.966,0.42336,423.524,0,1.02816,0,0,2.06749,1.03933,1.028160,1,0,73.4318,0,0,0,73.4318,0
66.0036,2.26264,0,0,2.69885,0.284319,0.36288,3.6288,61.308,0.428158,0,0,0.789774,0.228069,0.133547,0.66528,12.849,1,0.439068,0.36288,0,69.1629,4.56078,64.526,0.84672,12.849,0.84672,3695.15,0,36.966,0.25816,0.883984,1.83081,7.938,1.1177,9.27693,0.42336,36.966,0.42336,423.524,0,1.02816,0,0,1.91214,0.883984,1.028160,1,0,73.9365,0,0,0,73.9365,0
66.9803,2.26192,0,0,3.87866,0.27716,0.36288,3.6288,61.308,0.428158,0,0,1.46183,0.212632,0.821037,0.66528,12.849,1,0.440331,0.36288,0,105.514,4.01733,101.419,0.84672,12.849,0.84672,3695.15,0,36.966,0.25816,1.03937,1.83091,12.9771,0.995414,14.5938,0.42336,36.966,0.42336,423.524,0,1.02816,0,0,2.06753,1.03937,1.028160,1,0,116.834,0,0,0,116.834,0
71.2213,2.34127,0,0,7.22796,0.28282,0.36288,3.6288,61.308,0.460846,0,0,2.06886,0.246177,1.36183,0.66528,12.849,1,0.449131,0.36288,0,179.717,4.26897,175.362,0.84672,12.849,0.84672,3695.15,0,36.966,0.27787,3.0278,1.83101,18.8981,1.15295,22.3261,0.42336,36.966,0.42336,423.524,0,1.02816,0,0,4.05596,3.0278,1.028160,1,0,199.05,0,0,0,199.05,0
72.29,2.40877,0,0,5.65105,0.306389,1.86721,3.6288,61.308,0.428156,0,0,1.4405,0.236563,0.775785,0.66528,12.849,1,0.434564,1.86721,0,148.418,3.98916,145.861,0.84672,12.849,0.84672,3695.15,0,36.966,0.258159,2.23881,1.88801,12.9866,1.1781,15.6772,0.42336,36.966,0.42336,423.524,0,1.02816,0,0,3.26697,2.23881,1.028160,1,0,162.314,0,0,0,162.314,0
72.29,2.41467,0,0,8.88879,0.308894,6.16523,3.6288,61.308,0.428156,0,0,2.5426,0.236563,1.87788,0.66528,12.849,1,0.429189,6.16523,0,205.234,3.98916,206.981,0.84672,12.849,0.84672,3695.15,0,36.966,0.258159,2.96339,1.85744,21.621,1.1781,25.0056,0.42336,36.966,0.42336,423.524,0,1.02816,0,0,3.99155,2.96339,1.028160,1,0,233.864,0,0,0,233.864,0
72.29,2.41512,0,0,7.56472,0.308894,4.8407,3.6288,61.308,0.428156,0,0,2.50487,0.236563,1.84016,0.66528,12.849,1,0.429269,4.8407,0,189.825,3.98916,190.247,0.84672,12.849,0.84672,3695.15,0,36.966,0.258159,2.46958,1.85754,14.3578,1.1781,17.2486,0.42336,36.966,0.42336,423.524,0,1.02816,0,0,3.49774,2.46958,1.028160,1,0,209.336,0,0,0,209.336,0
72.29,2.65454,0,0,7.82724,0.30475,4.86794,3.6288,61.308,0.550932,0,0,2.40055,0.229938,1.61969,0.66528,12.849,1,0.471825,4.86794,0,213.295,3.89256,213.798,0.84672,12.849,0.84672,3695.15,0,36.966,0.332187,2.58859,1.85764,15.5109,1.16879,18.4561,0.42336,36.966,0.42336,423.524,0,1.02816,0,0,3.61675,2.58859,1.028160,1,0,233.874,0,0,0,233.874,0
72.29,2.68938,0,0,9.2245,0.279887,6.25523,3.6288,61.308,0.525699,0,0,2.60077,0.190186,1.88488,0.66528,12.849,1,0.478018,6.25523,0,290.009,3.31296,292.474,0.84672,12.849,0.84672,3695.15,0,36.966,0.316973,2.81039,2.06254,17.6273,1.11294,21.0703,0.42336,36.966,0.42336,423.524,0,1.02816,0,0,3.83855,2.81039,1.028160,1,0,315.429,0,0,0,315.429,0
72.29,2.6897,0,0,6.33931,0.279887,3.36973,3.6288,61.308,0.525835,0,0,1.82163,0.190186,1.10561,0.66528,12.849,1,0.478073,3.36973,0,171.722,3.31296,171.3,0.84672,12.849,0.84672,3695.15,0,36.966,0.317055,1.60152,2.03898,11.8994,1.11294,14.1099,0.42336,36.966,0.42336,423.524,0,1.02816,0,0,2.62968,1.60152,1.028160,1,0,186.516,0,0,0,186.516,0
72.29,2.69001,0,0,5.3649,0.282154,2.39273,3.6288,61.308,0.52597,0,0,1.82927,0.177054,1.12625,0.66528,12.849,1,0.478129,2.39273,0,139.326,3.08612,138.155,0.84672,12.849,0.84672,3695.15,0,36.966,0.317137,2.03373,2.03921,11.2024,1.0479,13.9103,0.42336,36.966,0.42336,423.524,0,1.02816,0,0,3.06189,2.03373,1.028160,1,0,153.191,0,0,0,153.191,0
72.29,2.34931,0,0,5.00243,0.269933,2.38319,3.6288,61.308,0.361262,0,0,1.81147,0.176762,1.27345,0.66528,12.849,1,0.417571,2.38319,0,134.224,3.08076,133.109,0.84672,12.849,0.84672,3695.15,0,36.966,0.217825,1.78985,2.03945,10.4883,0.965538,13.1342,0.42336,36.966,0.42336,423.524,0,1.02816,0,0,2.81801,1.78985,1.028160,1,0,147.517,0,0,0,147.517,0
72.29,2.2587,0,0,4.12201,0.315555,1.54775,3.6288,61.308,0.428151,0,0,1.93447,0.188418,1.3179,0.66528,12.849,1,0.401467,1.54775,0,98.0657,4.13217,95.0798,0.84672,12.849,0.84672,3695.15,0,36.966,0.258156,1.0848,1.76027,11.9667,1.03684,13.5167,0.42336,36.966,0.42336,423.524,0,1.02816,0,0,2.11296,1.0848,1.028160,1,0,109.914,0,0,0,109.914,0
72.29,2.25913,0,0,4.44665,0.315555,1.87197,3.6288,61.308,0.428151,0,0,2.3003,0.188418,1.68374,0.66528,12.849,1,0.401543,1.87197,0,111.075,4.13217,108.413,0.84672,12.849,0.84672,3695.15,0,36.966,0.258156,1.17056,1.82311,9.73106,1.03684,11.4297,0.42336,36.966,0.42336,423.524,0,1.02816,0,0,2.19872,1.17056,1.028160,1,0,121.527,0,0,0,121.527,0
72.29,2.25956,0,0,6.92783,0.312823,4.35544,3.6288,61.308,0.428151,0,0,3.57151,0.16551,2.97785,0.66528,12.849,1,0.40162,4.35544,0,205.359,3.77355,205.539,0.84672,12.849,0.84672,3695.15,0,36.966,0.258156,3.19217,1.82321,20.5154,0.97542,24.2972,0.42336,36.966,0.42336,423.524,0,1.02816,0,0,4.22033,3.19217,1.028160,1,0,232.814,0,0,0,232.814,0
72.29,2.25999,0,0,6.21247,0.310774,3.6417,3.6288,61.308,0.428151,0,0,2.64279,0.148329,2.06632,0.66528,12.849,1,0.401697,3.6417,0,205.573,3.50459,205.309,0.84672,12.849,0.84672,3695.15,0,36.966,0.258156,2.44903,1.8233,13.485,0.929355,16.5698,0.42336,36.966,0.42336,423.524,0,1.02816,0,0,3.47719,2.44903,1.028160,1,0,223.945,0,0,0,223.945,0
72.29,2.34631,0,0,6.36644,0.298894,3.72123,3.6288,61.308,0.468501,0,0,2.44315,0.155838,1.81881,0.66528,12.849,1,0.417039,3.72123,0,231.468,4.70129,230.071,0.84672,12.849,0.84672,3695.15,0,36.966,0.282485,1.68933,1.8234,16.3151,1.05404,18.4913,0.42336,36.966,0.42336,423.524,0,1.02816,0,0,2.71749,1.68933,1.028160,1,0,250.381,0,0,0,250.381,0
72.29,2.40167,0,0,5.67323,0.289597,2.98196,3.6288,61.308,0.428155,0,0,2.01345,0.163524,1.42177,0.66528,12.849,1,0.426879,2.98196,0,135.912,4.72227,133.744,0.84672,12.849,0.84672,3695.15,0,36.966,0.258159,1.45765,1.89242,14.7239,1.04795,16.7679,0.42336,36.966,0.42336,423.524,0,1.02816,0,0,2.48581,1.45765,1.028160,1,0,151.934,0,0,0,151.934,0
72.29,2.40212,0,0,5.26276,0.289597,2.57104,3.6288,61.308,0.428156,0,0,1.88734,0.163524,1.29566,0.66528,12.849,1,0.426959,2.57104,0,108.835,4.72227,106.256,0.84672,12.849,0.84672,3695.15,0,36.966,0.258159,1.37221,1.85467,14.9287,1.04795,16.8495,0.42336,36.966,0.42336,423.524,0,1.02816,0,0,2.40037,1.37221,1.028160,1,0,124.402,0,0,0,124.402,0
72.29,2.40257,0,0,5.48846,0.289597,2.79629,3.6288,61.308,0.428156,0,0,1.90018,0.163524,1.3085,0.66528,12.849,1,0.427038,2.79629,0,190.261,4.72227,187.908,0.84672,12.849,0.84672,3695.15,0,36.966,0.258159,1.39892,1.85477,16.1078,1.04795,18.0554,0.42336,36.966,0.42336,423.524,0,1.02816,0,0,2.42708,1.39892,1.028160,1,0,207.271,0,0,0,207.271,0
72.29,2.36942,0,0,5.18472,0.259491,2.55581,3.6288,61.308,0.412477,0,0,2.00775,0.177007,1.41827,0.66528,12.849,1,0.421146,2.55581,0,164.938,4.32326,162.75,0.84672,12.849,0.84672,3695.15,0,36.966,0.248705,1.78096,1.85487,14.6384,1.02248,17.0031,0.42336,36.966,0.42336,423.524,0,1.02816,0,0,2.80912,1.78096,1.028160,1,0,181.171,0,0,0,181.171,0
72.29,2.34852,0,0,4.24274,0.219351,1.67487,3.6288,61.308,0.428154,0,0,1.80258,0.194985,1.17944,0.66528,12.849,1,0.417432,1.67487,0,111.607,3.79124,109.073,0.84672,12.849,0.84672,3695.15,0,36.966,0.258158,2.08151,1.82814,11.4734,0.988505,14.1364,0.42336,36.966,0.42336,423.524,0,1.02816,0,0,3.10967,2.08151,1.028160,1,0,124.389,0,0,0,124.389,0
72.29,2.34897,0,0,3.93644,0.219351,1.36813,3.6288,61.308,0.428154,0,0,1.61058,0.194985,0.987444,0.66528,12.849,1,0.417511,1.36813,0,90.5403,3.79124,87.6997,0.84672,12.849,0.84672,3695.15,0,36.966,0.258158,1.53487,1.84294,10.1438,0.988505,12.2749,0.42336,36.966,0.42336,423.524,0,1.02816,0,0,2.56303,1.53487,1.028160,1,0,100.962,0,0,0,100.962,0
72.29,2.34941,0,0,3.39665,0.14218,0.905065,3.6288,61.308,0.428154,0,0,1.4581,0.212467,0.817483,0.66528,12.849,1,0.417589,0.905065,0,85.6328,4.14204,81.9782,0.84672,12.849,0.84672,3695.15,0,36.966,0.258158,1.32691,1.84304,9.79836,1.11297,11.5972,0.42336,36.966,0.42336,423.524,0,1.02816,0,0,2.35507,1.32691,1.028160,1,0,94.3929,0,0,0,94.3929,0
72.29,2.46394,0,0,3.63419,0.14218,1.02807,3.6288,61.308,0.483781,0,0,1.82826,0.212467,1.13201,0.66528,12.849,1,0.437948,1.02807,0,86.4855,4.14204,82.9336,0.84672,12.849,0.84672,3695.15,0,36.966,0.291699,1.46993,1.84314,9.02128,1.11297,10.9297,0.42336,36.966,0.42336,423.524,0,1.02816,0,0,2.49809,1.46993,1.028160,1,0,94.9953,0,0,0,94.9953,0
72.29,2.5196,0,0,3.14378,0.186952,0.437227,3.6288,61.308,0.443232,0,0,1.21725,0.244217,0.529798,0.66528,12.849,1,0.44784,0.437227,0,86.7698,5.24716,81.512,0.84672,12.849,0.84672,3695.15,0,36.966,0.267249,1.27726,1.93731,7.77298,1.03141,9.68889,0.42336,36.966,0.42336,423.524,0,1.02816,0,0,2.30542,1.27726,1.028160,1,0,91.7307,0,0,0,91.7307,0
71.9819,2.51989,0,0,2.69312,0.118448,0.36288,3.6288,61.308,0.443358,0,0,1.14638,0.265271,0.437753,0.66528,12.849,1,0.447891,0.36288,0,56.1428,5.60519,50.4526,0.84672,12.849,0.84672,3695.15,0,36.966,0.267325,1.01288,1.89937,7.01741,1.18353,8.47881,0.42336,36.966,0.42336,423.524,0,1.02816,0,0,2.04104,1.01288,1.028160,1,0,59.3692,0,0,0,59.3692,0
71.5625,2.51856,0,0,2.56878,0.10678,0.36288,3.6288,61.308,0.443484,0,0,1.08179,0.268779,0.369525,0.66528,12.849,1,0.44957,0.36288,0,51.2456,5.66486,45.494,0.84672,12.849,0.84672,3695.15,0,36.966,0.267401,0.889358,1.89959,6.78404,1.20888,8.09671,0.42336,36.966,0.42336,423.524,0,1.02816,0,0,1.91752,0.889358,1.028160,1,0,53.9603,0,0,0,53.9603,0
71.0585,2.51662,0,0,2.48194,0.106439,0.36288,3.6288,61.308,0.44361,0,0,1.10348,0.268779,0.391094,0.66528,12.849,1,0.451857,0.36288,0,48.8591,5.66486,43.1053,0.84672,12.849,0.84672,3695.15,0,36.966,0.267477,1.09823,1.89981,6.48899,1.20888,8.01067,0.42336,36.966,0.42336,423.524,0,1.02816,0,0,2.12639,1.09823,1.028160,1,0,51.507,0,0,0,51.507,0
70.7186,2.49167,0,0,2.6297,0.115021,0.36288,3.6288,61.308,0.474327,0,0,0.978402,0.244475,0.2596,0.66528,12.849,1,0.450552,0.36288,0,53.8453,5.02173,48.7359,0.84672,12.849,0.84672,3695.15,0,36.966,0.285998,0.57691,1.90003,6.05947,1.1558,7.09462,0.42336,36.966,0.42336,423.524,0,1.02816,0,0,1.60507,0.57691,1.028160,1,0,56.0902,0,0,0,56.0902,0
70.4625,2.49013,0,0,2.71523,0.118309,0.36288,3.6288,61.308,0.474457,0,0,0.907615,0.234753,0.198405,0.66528,12.849,1,0.452437,0.36288,0,52.7142,4.76448,47.8602,0.84672,12.849,0.84672,3695.15,0,36.966,0.286076,0.411445,1.93316,6.1901,1.13457,7.11406,0.42336,36.966,0.42336,423.524,0,1.02816,0,0,1.43961,0.411445,1.028160,1,0,55.1726,0,0,0,55.1726,0
70.0952,2.48903,0,0,2.58381,0.0992045,0.36288,3.6288,61.308,0.474586,0,0,0.885946,0.265842,0.145517,0.66528,12.849,1,0.45388,0.36288,0,49.9778,5.19882,44.688,0.84672,12.849,0.84672,3695.15,0,36.966,0.286155,0.358258,1.93338,5.94911,1.28157,6.67302,0.42336,36.966,0.42336,423.524,0,1.02816,0,0,1.38642,0.358258,1.028160,1,0,51.5065,0,0,0,51.5065,0
69.392,2.48731,0,0,2.23233,0.0853162,0.36288,3.6288,61.308,0.474716,0,0,0.834399,0.28246,0.0772231,0.66528,12.849,1,0.455943,0.36288,0,46.1986,5.86358,40.242,0.84672,12.849,0.84672,3695.15,0,36.966,0.286233,0.311161,1.93361,5.99998,1.51756,6.44096,0.42336,36.966,0.42336,423.524,0,1.02816,0,0,1.33932,0.311161,1.028160,1,0,46.7601,0,0,0,46.7601,0
68.6881,2.54166,0,0,2.28563,0.0850191,0.36288,3.6288,61.308,0.502122,0,0,0.907079,0.28446,0.120497,0.66528,12.849,1,0.470628,0.36288,0,41.6531,5.86753,35.6778,0.84672,12.849,0.84672,3695.15,0,36.966,0.302757,0.354551,1.93383,5.56834,1.50761,6.04635,0.42336,36.966,0.42336,423.524,0,1.02816,0,0,1.38271,0.354551,1.028160,1,0,41.8447,0,0,0,41.8447,0
67.7542,2.5379,0,0,2.05139,0.0844662,0.36288,3.6288,61.1337,0.575506,0,0,0.697326,0.296159,0,0.66528,12.849,1,0.474746,0.36288,0,46.9504,5.53844,41.3001,0.84672,12.849,0.84672,3695.15,0,36.966,0.347004,0.261274,1.98071,4.43095,1.35701,4.96892,0.42336,36.966,0.42336,423.524,0,0.910742,0,0,1.17202,0.261274,1.028160,1,0,46.269,0,0,0,46.269,0
66.6957,2.53269,0,0,1.92083,0.0838509,0.36288,3.6288,60.8978,0.588568,0,0,0.648501,0.295833,0,0.66528,12.849,1,0.480302,0.36288,0,37.6964,5.53844,32.0405,0.84672,12.849,0.84672,3695.15,0,36.966,0.355893,0.261274,1.98094,3.99416,1.35701,4.52347,0.42336,36.966,0.42336,423.524,0,0.889004,0,0,1.15028,0.261274,1.028160,1,0,36.564,0,0,0,36.564,0
65.4719,2.52659,0,0,1.74885,0.0831534,0.36288,3.6288,60.5411,0.676909,0,0,0.615659,0.295391,0,0.66528,12.849,1,0.486751,0.36288,0,34.3553,5.53844,28.693,0.84672,12.849,0.84672,3695.15,0,36.966,0.410895,0.227405,1.98117,3.72565,1.35701,4.16632,0.42336,36.966,0.42336,423.524,0,0.745874,0,0,0.973279,0.227405,1.028160,1,0,32.8593,0,0,0,32.8593,0
64.4575,2.63435,0,0,2.05324,0.0704001,0.36288,3.6288,60.4522,0.573831,0,0,0.769116,0.284194,0,0.66528,12.849,1,0.516997,0.36288,0,35.9124,5.71329,30.045,0.84672,12.849,0.84672,3695.15,0,36.966,0.350377,0.38238,1.9814,5.65939,1.40486,6.26793,0.42336,36.966,0.42336,423.524,0,1.02816,0,0,1.41054,0.38238,1.028160,1,0,36.3129,0,0,0,36.3129,0
63.027,2.62787,0,0,1.62566,0.065433,0.36288,3.6288,60.0807,0.643357,0,0,0.557542,0.285739,0,0.66528,12.849,1,0.523841,0.36288,0,32.0901,5.87761,26.0515,0.84672,12.849,0.84672,3695.15,0,36.966,0.393407,0.227405,2.09896,4.47921,1.42334,4.98883,0.42336,36.966,0.42336,423.524,0,0.915831,0,0,1.14324,0.227405,1.028160,1,0,31.0403,0,0,0,31.0403,0
61.3655,2.6183,0,0,1.38451,0.0647846,0.36288,3.6288,59.5541,0.710494,0,0,0.472666,0.28868,0,0.66528,12.849,1,0.53378,0.36288,0,28.8042,5.89523,22.7381,0.84672,12.849,0.84672,3695.15,0,36.966,0.42336,0.227405,2.09921,4.29851,1.4216,4.78017,0.42336,36.966,0.42336,423.524,0,0.818968,0,0,1.04637,0.227405,1.028160,1,0,27.5182,0,0,0,27.5182,0
59.8062,2.60665,0,0,1.47413,0.0639061,0.36288,3.6288,59.0313,0.703904,0,0,0.468802,0.287712,0,0.66528,12.849,1,0.545793,0.36288,0,26.9071,5.89523,20.829,0.84672,12.849,0.84672,3695.15,0,36.966,0.42336,0.204422,2.09945,4.53043,1.4216,4.98934,0.42336,36.966,0.42336,423.524,0,0.825785,0,0,1.03021,0.204422,1.028160,1,0,25.8183,0,0,0,25.8183,0
58.9884,2.59524,0,0,2.21257,0.0722551,0.36288,3.6288,58.736,0.568879,0,0,0.558203,0.284635,0,0.66528,12.849,1,0.557571,0.36288,0,39.7329,5.83586,33.7023,0.84672,12.849,0.84672,3695.15,0,36.966,0.356237,0.205623,2.09969,4.81453,1.41432,5.34929,0.42336,36.966,0.42336,423.524,0,1.02816,0,0,1.23378,0.205623,1.028160,1,0,39.0516,0,0,0,39.0516,0
57.8683,2.56087,0,0,1.86117,0.0575286,0.36288,3.6288,58.4709,0.533271,0,0,0.530906,0.262805,0,0.66528,12.849,1,0.557814,0.36288,0,40.2089,5.55711,34.4569,0.84672,12.849,0.84672,3695.15,0,36.966,0.335618,0.217581,2.09994,4.91,1.44067,5.45123,0.42336,36.966,0.42336,423.524,0,1.02816,0,0,1.24574,0.217581,1.028160,1,0,39.9081,0,0,0,39.9081,0
55.702,2.55233,0,0,0.77836,0.0294502,0.36288,3.6288,57.7039,0.859286,0,0,0.342673,0.250367,0,0.66528,12.849,1,0.566715,0.36288,0,22.2945,5.45937,16.6313,0.84672,12.849,0.84672,3695.15,0,36.966,0.42336,0.204422,2.0501,3.43651,1.47409,3.79358,0.42336,36.966,0.42336,423.524,0,0.614624,0,0,0.819046,0.204422,1.028160,1,0,20.4249,0,0,0,20.4249,0
53.8128,2.53471,0,0,1.07486,0.0664952,0.36288,3.6288,57.1791,0.745562,0,0,0.470161,0.249365,0,0.66528,12.849,1,0.584692,0.36288,0,23.4649,5.18466,18.0585,0.84672,12.849,0.84672,3695.15,0,36.966,0.42336,0.216518,2.05034,4.61264,1.4228,5.03334,0.42336,36.966,0.42336,423.524,0,0.728568,0,0,0.945086,0.216518,1.028160,1,0,23.0918,0,0,0,23.0918,0
53.6385,2.51844,0,0,2.83634,0.129266,0.36288,3.6288,57.1914,0.528122,0,0,0.808065,0.267643,0,0.66528,12.849,1,0.601333,0.36288,0,40.2868,4.79965,35.2487,0.84672,12.849,0.84672,3695.15,0,36.966,0.341428,1.16529,2.05058,9.42763,1.30515,10.9969,0.42336,36.966,0.42336,423.524,0,1.02816,0,0,2.19345,1.16529,1.028160,1,0,46.2457,0,0,0,46.2457,0
53.0088,2.45213,0,0,2.32549,0.140215,0.36288,3.6288,56.9967,0.47526,0,0,0.539393,0.258848,0,0.66528,12.849,1,0.587402,0.36288,0,28.0503,4.60978,23.216,0.84672,12.849,0.84672,3695.15,0,36.966,0.307187,0.249057,2.05082,5.96222,1.23774,6.71717,0.42336,36.966,0.42336,423.524,0,1.02816,0,0,1.27722,0.249057,1.028160,1,0,29.9331,0,0,0,29.9331,0
51.3495,2.44679,0,0,1.35634,0.205954,0.36288,3.6288,56.8334,0.474751,0,0,0.517158,0.205691,0,0.66528,12.849,1,0.593088,0.36288,0,23.8829,3.47056,20.1821,0.84672,12.849,0.84672,3695.15,0,36.966,0.307906,0.483529,1.96848,4.62928,0.833309,5.94007,0.42336,36.966,0.42336,423.524,0,1.02816,0,0,1.51169,0.483529,1.028160,1,0,26.1222,0,0,0,26.1222,0
51.437,2.43175,0,0,3.08457,0.202451,0.36288,3.6288,56.8886,0.474343,0,0,0.735012,0.205473,0,0.66528,12.849,1,0.608487,0.36288,0,46.6503,3.47056,42.9341,0.84672,12.849,0.84672,3695.15,0,36.966,0.308525,0.948188,1.96871,8.03197,0.833309,9.80703,0.42336,36.966,0.42336,423.524,0,1.02816,0,0,1.97635,0.948188,1.028160,1,0,52.7412,0,0,0,52.7412,0
53.3312,2.43286,0,0,4.89253,0.202636,0.36288,3.6288,57.7472,0.474652,0,0,1.53878,0.205547,0,0.66528,12.849,1,0.60773,0.36288,0,63.4713,3.47056,59.7558,0.84672,12.849,0.84672,3695.15,0,36.966,0.308427,2.35835,1.96894,12.9325,0.833309,16.1181,0.42336,36.966,0.42336,423.524,0,1.02816,0,0,3.38651,2.35835,1.028160,1,0,75.8739,0,0,0,75.8739,0
53.6391,2.26598,0,0,3.1434,0.206634,0.36288,3.6288,58.3212,0.366637,0,0,1.14732,0.206694,0,0.66528,12.849,1,0.54594,0.36288,0,43.6546,3.47056,40.001,0.84672,12.849,0.84672,3695.15,0,36.966,0.234697,1.90921,1.96917,12.7596,0.833309,15.57,0.42336,36.966,0.42336,423.524,0,1.02816,0,0,2.93737,1.90921,1.028160,1,0,55.571,0,0,0,55.571,0
53.0129,2.20038,0,0,2.16886,0.231757,0.36288,3.6288,58.4503,0.42006,0,0,0.750933,0.201765,0,0.66528,12.849,1,0.52709,0.36288,0,56.4957,3.85327,52.4782,0.84672,12.849,0.84672,3695.15,0,36.966,0.266249,1.0356,1.7859,8.64891,1.06697,10.1372,0.42336,36.966,0.42336,423.524,0,1.02816,0,0,2.06376,1.0356,1.028160,1,0,62.6154,0,0,0,62.6154,0
54.9836,2.19578,0,0,4.75312,0.223808,0.36288,3.6288,58.2836,0.420421,0,0,0.450752,0.197032,0,0.66528,12.849,1,0.532202,0.36288,0,63.9782,3.84941,59.9595,0.84672,12.849,0.84672,3695.15,0,36.966,0.265889,1.32702,1.83573,11.7109,1.09012,13.5176,0.42336,36.966,0.42336,423.524,0,1.02816,0,0,2.35518,1.32702,1.028160,1,0,73.4772,0,0,0,73.4772,0
57.851,2.21166,0,0,5.67026,0.228328,0.36288,3.6288,58.1655,0.419955,0,0,0.498676,0.19682,0,0.66528,12.849,1,0.516838,0.36288,0,86.2039,3.84941,82.2005,0.84672,12.849,0.84672,3695.15,0,36.966,0.266354,1.052,1.83582,9.23158,1.09012,10.7629,0.42336,36.966,0.42336,423.524,0,1.02816,0,0,2.08016,1.052,1.028160,1,0,92.9634,0,0,0,92.9634,0
60.9948,2.23304,0,0,5.9747,0.234905,0.36288,3.6288,59.2906,0.419625,0,0,1.74142,0.19667,0,0.66528,12.849,1,0.49597,0.36288,0,118.286,3.84941,114.303,0.84672,12.849,0.84672,3695.15,0,36.966,0.266685,4.2791,1.83592,12.7052,1.09012,17.4635,0.42336,36.966,0.42336,423.524,0,1.02816,0,0,5.30726,4.2791,1.028160,1,0,131.767,0,0,0,131.767,0
62.4581,2.25432,0,0,4.33769,0.257242,0.36288,3.6288,59.4795,0.422625,0,0,0.816628,0.20509,0,0.66528,12.849,1,0.474888,0.36288,0,83.1171,4.37697,78.6281,0.84672,12.849,0.84672,3695.15,0,36.966,0.263495,1.4751,1.83602,8.29157,1.25309,10.0861,0.42336,36.966,0.42336,423.524,0,1.02816,0,0,2.50326,1.4751,1.028160,1,0,88.7142,0,0,0,88.7142,0
63.5992,2.33691,0,0,4.09216,0.251286,0.36288,3.6288,59.6985,0.455768,0,0,0.882003,0.207265,0,0.66528,12.849,1,0.480754,0.36288,0,83.535,4.46622,78.9509,0.84672,12.849,0.84672,3695.15,0,36.966,0.283256,0.889626,1.83591,8.2525,1.3072,9.38758,0.42336,36.966,0.42336,423.524,0,1.02816,0,0,1.91779,0.889626,1.028160,1,0,88.3385,0,0,0,88.3385,0
71.1912,2.38836,0,0,10.5816,0.238333,0.36288,3.6288,60.8279,0.423851,0,0,1.74858,0.19528,0,0.66528,12.849,1,0.482523,0.36288,0,167.664,4.03746,163.506,0.84672,12.849,0.84672,3695.15,0,36.966,0.262454,2.17861,1.89336,16.3424,1.25363,18.8983,0.42336,36.966,0.42336,423.524,0,1.02816,0,0,3.20677,2.17861,1.028160,1,0,182.405,0,0,0,182.405,0
72.29,2.43238,0,0,5.23082,0.253032,1.44662,3.6288,61.308,0.426882,0,0,1.43308,0.196689,0.32945,0.66528,12.849,1,0.43901,1.44662,0,102.684,4.03746,99.654,0.84672,12.849,0.84672,3695.15,0,36.966,0.259422,1.8391,1.8626,11.8319,1.25363,14.0205,0.42336,36.966,0.42336,423.524,0,1.02816,0,0,2.86726,1.8391,1.028160,1,0,114.004,0,0,0,114.004,0
72.29,2.43847,0,0,4.78877,0.255159,2.09514,3.6288,61.308,0.42815,0,0,1.62059,0.197288,0.99515,0.66528,12.849,1,0.43342,2.09514,0,102.128,4.03746,99.7525,0.84672,12.849,0.84672,3695.15,0,36.966,0.258155,2.22801,1.86269,10.826,1.25363,13.4049,0.42336,36.966,0.42336,423.524,0,1.02816,0,0,3.25617,2.22801,1.028160,1,0,114.153,0,0,0,114.153,0
72.29,2.67932,0,0,6.69384,0.315186,3.69934,3.6288,61.308,0.551666,0,0,1.94015,0.160899,1.22758,0.66528,12.849,1,0.476229,3.69934,0,152.162,3.64571,151.739,0.84672,12.849,0.84672,3695.15,0,36.966,0.33263,3.28431,1.86279,20.2431,0.877189,24.1804,0.42336,36.966,0.42336,423.524,0,1.02816,0,0,4.31247,3.28431,1.028160,1,0,177.147,0,0,0,177.147,0
72.29,2.70557,0,0,4.22329,0.315186,1.20254,3.6288,61.308,0.532724,0,0,1.73188,0.160899,1.03826,0.66528,12.849,1,0.480895,1.20254,0,93.9324,3.64571,91.0083,0.84672,12.849,0.84672,3695.15,0,36.966,0.321209,2.30964,2.06891,11.4286,0.877189,14.6088,0.42336,36.966,0.42336,423.524,0,1.02816,0,0,3.3378,2.30964,1.028160,1,0,106.655,0,0,0,106.655,0
72.0041,2.70587,0,0,3.09803,0.315186,0.36288,3.6288,61.308,0.535052,0,0,1.13835,0.160899,0.442395,0.66528,12.849,1,0.480948,0.36288,0,62.4197,3.64571,58.6559,0.84672,12.849,0.84672,3695.15,0,36.966,0.322613,0.608429,2.05125,6.81152,0.877189,8.27139,0.42336,36.966,0.42336,423.524,0,1.02463,0,0,1.63306,0.608429,1.028160,1,0,67.3697,0,0,0,67.3697,0
71.2197,2.70454,0,0,2.59757,0.314502,0.36288,3.6288,61.308,0.757734,0,0,0.995181,0.160899,0.0765484,0.66528,12.849,1,0.482621,0.36288,0,44.6639,3.64571,40.8984,0.84672,12.849,0.84672,3695.15,0,36.966,0.42336,0.608429,2.05147,5.64967,0.877189,7.00902,0.42336,36.966,0.42336,423.524,0,0.701412,0,0,1.30984,0.608429,1.028160,1,0,47.984,0,0,0,47.984,0
72.29,2.35805,0,0,5.75761,0.307693,2.0216,3.6288,61.308,0.367278,0,0,0.77523,0.19914,0.208812,0.66528,12.849,1,0.425425,2.0216,0,159.241,3.99765,156.84,0.84672,12.849,0.84672,3695.15,0,36.966,0.221452,1.06281,2.0517,12.0005,0.994114,13.8995,0.42336,36.966,0.42336,423.524,0,1.02816,0,0,2.09097,1.06281,1.028160,1,0,170.948,0,0,0,170.948,0
72.29,2.28097,0,0,5.33856,0.323868,2.73372,3.6288,61.308,0.428145,0,0,1.64911,0.149743,1.07122,0.66528,12.849,1,0.405425,2.73372,0,223.509,3.19116,222.646,0.84672,12.849,0.84672,3695.15,0,36.966,0.258152,1.75569,1.77083,14.4864,0.757314,16.9975,0.42336,36.966,0.42336,423.524,0,1.02816,0,0,2.78385,1.75569,1.028160,1,0,240.715,0,0,0,240.715,0
72.29,2.28138,0,0,5.57144,0.323868,2.9662,3.6288,61.308,0.428145,0,0,0.973685,0.149743,0.395797,0.66528,12.849,1,0.405498,2.9662,0,170.367,3.19116,169.737,0.84672,12.849,0.84672,3695.15,0,36.966,0.258152,1.86819,1.82802,12.7704,0.757314,15.4512,0.42336,36.966,0.42336,423.524,0,1.02816,0,0,2.89635,1.86819,1.028160,1,0,185.583,0,0,0,185.583,0
72.29,2.28179,0,0,9.94722,0.323868,7.34157,3.6288,61.308,0.428145,0,0,2.30825,0.149743,1.73036,0.66528,12.849,1,0.405571,7.34157,0,187.734,3.19116,191.479,0.84672,12.849,0.84672,3695.15,0,36.966,0.258152,3.12018,1.82811,18.6131,0.757314,22.5459,0.42336,36.966,0.42336,423.524,0,1.02816,0,0,4.14834,3.12018,1.028160,1,0,215.755,0,0,0,215.755,0
72.29,2.2822,0,0,7.12119,0.318334,4.52066,3.6288,61.308,0.428145,0,0,1.63602,0.157576,1.0503,0.66528,12.849,1,0.405644,4.52066,0,153.841,3.31695,154.639,0.84672,12.849,0.84672,3695.15,0,36.966,0.258152,1.81848,1.8282,14.7361,0.755525,17.3691,0.42336,36.966,0.42336,423.524,0,1.02816,0,0,2.84664,1.81848,1.028160,1,0,173.059,0,0,0,173.059,0
72.29,2.36901,0,0,4.1203,0.311021,1.44027,3.6288,61.308,0.468736,0,0,1.09947,0.197898,0.432831,0.66528,12.849,1,0.421074,1.44027,0,118.182,3.82641,115.375,0.84672,12.849,0.84672,3695.15,0,36.966,0.282627,1.1058,1.82829,11.7683,0.875341,13.5444,0.42336,36.966,0.42336,423.524,0,1.02816,0,0,2.13396,1.1058,1.028160,1,0,129.352,0,0,0,129.352,0
72.29,2.42468,0,0,3.59238,0.311021,0.856684,3.6288,61.308,0.42815,0,0,1.23054,0.197898,0.604495,0.66528,12.849,1,0.430968,0.856684,0,82.0817,3.82641,78.681,0.84672,12.849,0.84672,3695.15,0,36.966,0.258155,1.31969,1.89772,8.63482,0.875341,10.7187,0.42336,36.966,0.42336,423.524,0,1.02816,0,0,2.34785,1.31969,1.028160,1,0,90.0043,0,0,0,90.0043,0
72.29,2.4251,0,0,3.34439,0.320167,0.599117,3.6288,61.308,0.42815,0,0,1.40136,0.189076,0.78413,0.66528,12.849,1,0.431044,0.599117,0,74.3455,3.61014,70.9034,0.84672,12.849,0.84672,3695.15,0,36.966,0.258155,1.44741,1.85974,11.8395,0.834221,14.0543,0.42336,36.966,0.42336,423.524,0,1.02816,0,0,2.47557,1.44741,1.028160,1,0,85.7418,0,0,0,85.7418,0
72.2545,2.42553,0,0,3.03039,0.277478,0.36288,3.6288,61.308,0.42815,0,0,1.40464,0.216092,0.760398,0.66528,12.849,1,0.43112,0.36288,0,70.3693,3.89099,66.4101,0.84672,12.849,0.84672,3695.15,0,36.966,0.258155,1.52184,1.85984,8.83794,0.931777,11.0297,0.42336,36.966,0.42336,423.524,0,1.02816,0,0,2.55,1.52184,1.028160,1,0,78.2002,0,0,0,78.2002,0
72.0123,2.39198,0,0,2.77225,0.259588,0.36288,3.6288,61.308,0.412378,0,0,1.08298,0.242883,0.42772,0.66528,12.849,1,0.425366,0.36288,0,64.1874,4.05531,60.0696,0.84672,12.849,0.84672,3695.15,0,36.966,0.248645,1.12007,1.85993,6.79959,1.08414,8.44681,0.42336,36.966,0.42336,423.524,0,1.02816,0,0,2.14823,1.12007,1.028160,1,0,68.9442,0,0,0,68.9442,0
71.5217,2.36974,0,0,2.50113,0.259111,0.36288,3.6288,61.308,0.428148,0,0,0.979975,0.242883,0.308943,0.66528,12.849,1,0.422827,0.36288,0,59.2965,4.05531,55.1812,0.84672,12.849,0.84672,3695.15,0,36.966,0.258154,0.794742,1.83303,6.41814,1.08414,7.70361,0.42336,36.966,0.42336,423.524,0,1.02816,0,0,1.8229,0.794742,1.028160,1,0,63.1938,0,0,0,63.1938,0
71.4771,2.3677,0,0,2.93201,0.246051,0.36288,3.6288,61.308,0.428148,0,0,0.916419,0.248818,0.239453,0.66528,12.849,1,0.425361,0.36288,0,64.3308,4.52316,59.7452,0.84672,12.849,0.84672,3695.15,0,36.966,0.258154,0.790862,1.84792,8.52768,1.10259,9.80572,0.42336,36.966,0.42336,423.524,0,1.02816,0,0,1.81902,0.790862,1.028160,1,0,69.7904,0,0,0,69.7904,0
70.8901,2.36789,0,0,2.3482,0.204398,0.36288,3.6288,61.308,0.428148,0,0,0.891164,0.267163,0.195853,0.66528,12.849,1,0.425662,0.36288,0,48.7905,5.75246,42.9753,0.84672,12.849,0.84672,3695.15,0,36.966,0.258154,0.794785,1.84801,6.55266,1.17405,7.76325,0.42336,36.966,0.42336,423.524,0,1.02816,0,0,1.82294,0.794785,1.028160,1,0,50.9344,0,0,0,50.9344,0
70.3236,2.47976,0,0,2.44175,0.165573,0.36288,3.6288,61.308,0.484105,0,0,0.92715,0.262237,0.180808,0.66528,12.849,1,0.449462,0.36288,0,50.3904,4.84444,45.4594,0.84672,12.849,0.84672,3695.15,0,36.966,0.291894,0.730287,1.84811,5.79745,1.17179,6.91215,0.42336,36.966,0.42336,423.524,0,1.02816,0,0,1.75845,0.730287,1.028160,1,0,52.5523,0,0,0,52.5523,0
69.6332,2.52384,0,0,2.36612,0.16981,0.36288,3.6288,61.308,0.449644,0,0,0.862142,0.257907,0.154592,0.66528,12.849,1,0.461137,0.36288,0,47.6766,4.63344,42.9449,0.84672,12.849,0.84672,3695.15,0,36.966,0.271115,0.573325,1.94283,5.41032,1.14606,6.50929,0.42336,36.966,0.42336,423.524,0,1.02816,0,0,1.60148,0.573325,1.028160,1,0,49.6088,0,0,0,49.6088,0
68.7614,2.52026,0,0,2.14495,0.133642,0.36288,3.6288,61.308,0.449763,0,0,0.823038,0.281515,0.0917591,0.66528,12.849,1,0.465048,0.36288,0,42.0382,4.90119,37.0348,0.84672,12.849,0.84672,3695.15,0,36.966,0.271187,0.520992,1.9106,5.26975,1.21448,6.21568,0.42336,36.966,0.42336,423.524,0,1.02816,0,0,1.54915,0.520992,1.028160,1,0,43.3423,0,0,0,43.3423,0
67.7911,2.51557,0,0,2.02691,0.118729,0.36288,3.6288,61.308,0.449883,0,0,0.786214,0.290959,0.0453722,0.66528,12.849,1,0.470068,0.36288,0,40.6867,5.00829,35.5712,0.84672,12.849,0.84672,3695.15,0,36.966,0.27126,0.416094,1.91081,5.25512,1.24184,6.06893,0.42336,36.966,0.42336,423.524,0,1.02816,0,0,1.44425,0.416094,1.028160,1,0,41.6855,0,0,0,41.6855,0
66.6794,2.51019,0,0,1.87739,0.116095,0.36288,3.6288,61.308,0.450003,0,0,0.822398,0.281961,0.0904348,0.66528,12.849,1,0.475776,0.36288,0,41.2317,5.03157,36.0873,0.84672,12.849,0.84672,3695.15,0,36.966,0.271332,0.55493,1.91102,4.92235,1.20073,5.91624,0.42336,36.966,0.42336,423.524,0,1.02816,0,0,1.58309,0.55493,1.028160,1,0,42.0939,0,0,0,42.0939,0
65.4542,2.48139,0,0,1.73287,0.11379,0.36288,3.6288,61.308,0.480895,0,0,0.859231,0.275212,0.103124,0.66528,12.849,1,0.478159,0.36288,0,40.5792,5.04903,35.4149,0.84672,12.849,0.84672,3695.15,0,36.966,0.289958,0.672054,1.91123,4.46553,1.16989,5.58896,0.42336,36.966,0.42336,423.524,0,1.02816,0,0,1.70021,0.672054,1.028160,1,0,41.107,0,0,0,41.107,0
64.1687,2.47418,0,0,1.64347,0.0918688,0.36288,3.6288,61.308,0.481018,0,0,0.815521,0.310287,0.0242163,0.66528,12.849,1,0.485694,0.36288,0,38.6217,5.59561,32.9032,0.84672,12.849,0.84672,3695.15,0,36.966,0.290032,0.656718,1.94454,4.28481,1.34456,5.25147,0.42336,36.966,0.42336,423.524,0,1.02816,0,0,1.68488,0.656718,1.028160,1,0,38.1789,0,0,0,38.1789,0
62.7818,2.46634,0,0,1.53533,0.0930384,0.36288,3.6288,61.308,0.481141,0,0,0.803641,0.303111,0.0193885,0.66528,12.849,1,0.493854,0.36288,0,37.7441,5.83474,31.7784,0.84672,12.849,0.84672,3695.15,0,36.966,0.290107,0.690267,1.94475,4.23396,1.36359,5.21528,0.42336,36.966,0.42336,423.524,0,1.02816,0,0,1.71843,0.690267,1.028160,1,0,37.0131,0,0,0,37.0131,0
61.2935,2.45755,0,0,1.4218,0.0896785,0.36288,3.6288,61.2684,0.481264,0,0,0.751058,0.309415,0,0.66528,12.849,1,0.502966,0.36288,0,34.338,5.85927,28.3387,0.84672,12.849,0.84672,3695.15,0,36.966,0.290181,0.529762,1.94496,3.7755,1.38728,4.57276,0.42336,36.966,0.42336,423.524,0,1.02816,0,0,1.55792,0.529762,1.028160,1,0,32.9114,0,0,0,32.9114,0
59.893,2.50485,0,0,1.54206,0.0748572,0.36288,3.6288,61.2085,0.5087,0,0,0.795969,0.347147,0,0.66528,12.849,1,0.525094,0.36288,0,38.0694,6.00642,31.9008,0.84672,12.849,0.84672,3695.15,0,36.966,0.306922,0.391781,1.94518,3.6437,1.52944,4.1443,0.42336,36.966,0.42336,423.524,0,1.02816,0,0,1.41994,0.391781,1.028160,1,0,36.0451,0,0,0,36.0451,0
58.4226,2.49502,0,0,1.46147,0.0739525,0.36288,3.6288,61.0649,0.508639,0,0,0.712092,0.347016,0,0.66528,12.849,1,0.535262,0.36288,0,33.6374,6.00642,27.4586,0.84672,12.849,0.84672,3695.15,0,36.966,0.307185,0.530185,1.99232,3.80571,1.52944,4.49159,0.42336,36.966,0.42336,423.524,0,1.02816,0,0,1.55834,0.530185,1.028160,1,0,31.9502,0,0,0,31.9502,0
56.8688,2.48425,0,0,1.36622,0.0729115,0.36288,3.6288,60.8688,0.508316,0,0,0.658861,0.3467,0,0.66528,12.849,1,0.546365,0.36288,0,31.9843,6.00642,25.7944,0.84672,12.849,0.84672,3695.15,0,36.966,0.307712,0.396092,1.99254,3.33938,1.52944,3.89086,0.42336,36.966,0.42336,423.524,0,1.02816,0,0,1.42425,0.396092,1.028160,1,0,29.6853,0,0,0,29.6853,0
55.3096,2.47234,0,0,1.34786,0.0718115,0.36288,3.6288,60.7275,0.507825,0,0,0.712826,0.34627,0,0.66528,12.849,1,0.558604,0.36288,0,29.6782,6.00642,23.4761,0.84672,12.849,0.84672,3695.15,0,36.966,0.308405,0.492083,1.99276,3.77643,1.52944,4.42343,0.42336,36.966,0.42336,423.524,0,1.02816,0,0,1.52024,0.492083,1.028160,1,0,27.8995,0,0,0,27.8995,0
53.6012,2.57219,0,0,1.30828,0.0815758,0.36288,3.6288,60.4373,0.581581,0,0,0.63998,0.348607,0,0.66528,12.849,1,0.597546,0.36288,0,28.9267,6.07611,22.6159,0.84672,12.849,0.84672,3695.15,0,36.966,0.35402,0.271668,1.99297,3.84945,1.53814,4.22193,0.42336,36.966,0.42336,423.524,0,1.02816,0,0,1.29983,0.271668,1.028160,1,0,26.8379,0,0,0,26.8379,0
51.9098,2.55711,0,0,1.3216,0.0930736,0.36288,3.6288,60.1677,0.58066,0,0,0.646718,0.335698,0,0.66528,12.849,1,0.612976,0.36288,0,29.8578,5.94132,23.6664,0.84672,12.849,0.84672,3695.15,0,36.966,0.355156,0.30634,2.11121,3.04373,1.51514,3.59097,0.42336,36.966,0.42336,423.524,0,1.02816,0,0,1.3345,0.30634,1.028160,1,0,27.2573,0,0,0,27.2573,0
50.0024,2.54138,0,0,1.08832,0.0914699,0.36288,3.6288,59.7825,0.612888,0,0,0.562891,0.335122,0,0.66528,12.849,1,0.629056,0.36288,0,37.0667,5.94132,30.8592,0.84672,12.849,0.84672,3695.15,0,36.966,0.376548,0.204422,2.11144,2.71549,1.51514,3.13966,0.42336,36.966,0.42336,423.524,0,0.974756,0,0,1.17918,0.204422,1.028160,1,0,33.9989,0,0,0,33.9989,0
48.2312,2.52256,0,0,1.20396,0.0896614,0.36288,3.6288,59.643,0.578524,0,0,0.773232,0.334301,0,0.66528,12.849,1,0.648217,0.36288,0,31.7796,5.94132,25.553,0.84672,12.849,0.84672,3695.15,0,36.966,0.357725,0.515471,2.11167,3.24505,1.51514,3.99932,0.42336,36.966,0.42336,423.524,0,1.02816,0,0,1.54363,0.515471,1.028160,1,0,29.5523,0,0,0,29.5523,0
46.475,2.50404,0,0,1.20634,0.095667,0.36288,3.6288,59.3907,0.57814,0,0,0.630632,0.304697,0,0.66528,12.849,1,0.667087,0.36288,0,27.7298,5.64445,21.7812,0.84672,12.849,0.84672,3695.15,0,36.966,0.358324,0.356746,2.11191,3.03475,1.37081,3.77426,0.42336,36.966,0.42336,423.524,0,1.02816,0,0,1.38491,0.356746,1.028160,1,0,25.5554,0,0,0,25.5554,0
44.7127,2.40876,0,0,1.11322,0.103904,0.36288,3.6288,59.5664,0.519066,0,0,0.959888,0.265194,0,0.66528,12.849,1,0.665953,0.36288,0,21.7919,5.24864,16.2402,0.84672,12.849,0.84672,3695.15,0,36.966,0.323077,1.14642,2.11214,2.41703,1.17837,4.17415,0.42336,36.966,0.42336,423.524,0,1.02816,0,0,2.17458,1.14642,1.028160,1,0,20.4143,0,0,0,20.4143,0
42.783,2.38863,0,0,0.923711,0.101872,0.36288,3.6288,59.224,0.593162,0,0,0.516273,0.265492,0,0.66528,12.849,1,0.686417,0.36288,0,20.88,5.24864,15.3079,0.84672,12.849,0.84672,3695.15,0,36.966,0.368107,0.216518,2.0212,1.80005,1.17837,2.49129,0.42336,36.966,0.42336,423.524,0,0.909239,0,0,1.12576,0.216518,1.028160,1,0,17.7991,0,0,0,17.7991,0
41.2394,2.36508,0,0,1.32856,0.144197,0.36288,3.6288,59.1202,0.518759,0,0,0.635028,0.220026,0,0.66528,12.849,1,0.710304,0.36288,0,24.3689,4.62574,19.3957,0.84672,12.849,0.84672,3695.15,0,36.966,0.323795,0.240417,2.02142,1.98075,0.983676,2.93512,0.42336,36.966,0.42336,423.524,0,1.02816,0,0,1.26858,0.240417,1.028160,1,0,22.3308,0,0,0,22.3308,0
41.5772,2.34507,0,0,3.24575,0.19996,0.36288,3.6288,59.7465,0.518536,0,0,1.30488,0.160074,0,0.66528,12.849,1,0.730656,0.36288,0,73.4911,3.79522,69.3281,0.84672,12.849,0.84672,3695.15,0,36.966,0.324224,0.99239,2.02164,5.27585,0.724085,7.24157,0.42336,36.966,0.42336,423.524,0,1.02816,0,0,2.02055,0.99239,1.028160,1,0,76.5696,0,0,0,76.5696,0
42.0487,2.33537,0,0,3.35433,0.184616,0.36288,3.6288,59.86,0.489839,0,0,0.716316,0.113004,0,0.66528,12.849,1,0.721722,0.36288,0,41.1553,3.39497,37.4015,0.84672,12.849,0.84672,3695.15,0,36.966,0.30307,0.875897,2.02186,3.58125,0.802987,5.37295,0.42336,36.966,0.42336,423.524,0,1.02816,0,0,1.90406,0.875897,1.028160,1,0,42.7745,0,0,0,42.7745,0
43.5888,2.34183,0,0,4.43042,0.185637,0.36288,3.6288,60.1588,0.490318,0,0,0.902267,0.113086,0,0.66528,12.849,1,0.715602,0.36288,0,45.077,3.39497,41.3294,0.84672,12.849,0.84672,3695.15,0,36.966,0.302792,1.28001,1.97986,4.31015,0.802987,6.46424,0.42336,36.966,0.42336,423.524,0,1.02816,0,0,2.30817,1.28001,1.028160,1,0,47.7936,0,0,0,47.7936,0
44.795,2.36161,0,0,4.1197,0.188973,0.36288,3.6288,60.9214,0.491374,0,0,1.36719,0.113302,0,0.66528,12.849,1,0.696151,0.36288,0,80.39,3.39497,76.6618,0.84672,12.849,0.84672,3695.15,0,36.966,0.301936,1.25609,1.98007,5.55657,0.802987,7.68781,0.42336,36.966,0.42336,423.524,0,1.02816,0,0,2.28425,1.25609,1.028160,1,0,84.3496,0,0,0,84.3496,0
45.7128,2.37644,0,0,3.8837,0.226566,0.36288,3.6288,61.308,0.49385,0,0,1.69171,0.116625,0.694601,0.66528,12.849,1,0.681659,0.36288,0,72.5247,4.02334,68.1826,0.84672,12.849,0.84672,3695.15,0,36.966,0.299659,2.04513,1.98029,5.94809,0.946667,8.72718,0.42336,36.966,0.42336,423.524,0,1.02816,0,0,3.07329,2.04513,1.028160,1,0,77.6043,0,0,0,77.6043,0
48.4759,2.20759,0,0,5.56577,0.232211,0.36288,3.6288,61.308,0.380989,0,0,2.43495,0.159754,1.89421,0.66528,12.849,1,0.620511,0.36288,0,169.425,4.21498,164.953,0.84672,12.849,0.84672,3695.15,0,36.966,0.22972,2.32065,1.98051,11.5225,1.09349,14.5004,0.42336,36.966,0.42336,423.524,0,1.02816,0,0,3.34881,2.32065,1.028160,1,0,181.347,0,0,0,181.347,0
51.45,2.17618,0,0,5.74646,0.233256,0.36288,3.6288,61.308,0.428147,0,0,1.49377,0.180968,0.884655,0.66528,12.849,1,0.576818,0.36288,0,211.512,4.0909,207.208,0.84672,12.849,0.84672,3695.15,0,36.966,0.258153,1.62814,1.79618,9.4163,1.04554,11.5369,0.42336,36.966,0.42336,423.524,0,1.02816,0,0,2.6563,1.62814,1.028160,1,0,219.629,0,0,0,219.629,0
55.4045,2.20326,0,0,6.76136,0.240739,0.36288,3.6288,61.308,0.428147,0,0,1.52878,0.180968,0.919664,0.66528,12.849,1,0.550236,0.36288,0,181.164,4.0909,176.885,0.84672,12.849,0.84672,3695.15,0,36.966,0.258153,1.69896,1.8405,8.40845,1.04554,10.6442,0.42336,36.966,0.42336,423.524,0,1.02816,0,0,2.72712,1.69896,1.028160,1,0,188.449,0,0,0,188.449,0
59.5492,2.23553,0,0,6.99101,0.247871,0.36288,3.6288,61.308,0.428147,0,0,3.17835,0.194303,2.5559,0.66528,12.849,1,0.518448,0.36288,0,90.3226,4.20923,85.9578,0.84672,12.849,0.84672,3695.15,0,36.966,0.258153,2.25352,1.8406,10.4528,1.1192,13.1696,0.42336,36.966,0.42336,423.524,0,1.02816,0,0,3.28168,2.25352,1.028160,1,0,101.683,0,0,0,101.683,0
63.2111,2.26562,0,0,6.57824,0.287927,0.36288,3.6288,61.308,0.428147,0,0,2.12764,0.22766,1.47184,0.66528,12.849,1,0.488855,0.36288,0,131.608,4.17135,127.311,0.84672,12.849,0.84672,3695.15,0,36.966,0.258153,2.17393,1.84069,8.69504,1.18727,11.2642,0.42336,36.966,0.42336,423.524,0,1.02816,0,0,3.20209,2.17393,1.028160,1,0,140.047,0,0,0,140.047,0
65.0498,2.36323,0,0,4.8754,0.310566,0.36288,3.6288,61.308,0.461221,0,0,1.45502,0.256204,0.737595,0.66528,12.849,1,0.480376,0.36288,0,104.028,5.03622,98.8745,0.84672,12.849,0.84672,3695.15,0,36.966,0.278096,1.25001,1.84078,5.18063,1.19383,6.79949,0.42336,36.966,0.42336,423.524,0,1.02816,0,0,2.27817,1.25001,1.028160,1,0,106.412,0,0,0,106.412,0
72.29,2.41924,0,0,12.1171,0.315219,2.14243,3.6288,61.308,0.428144,0,0,1.34874,0.256204,0.664391,0.66528,12.849,1,0.477862,2.14243,0,96.5235,5.03622,93.1518,0.84672,12.849,0.84672,3695.15,0,36.966,0.258152,0.973037,1.89844,5.60739,1.19383,7.02689,0.42336,36.966,0.42336,423.524,0,1.02816,0,0,2.0012,0.973037,1.028160,1,0,100.843,0,0,0,100.843,0
72.29,2.46028,0,0,9.48603,0.319163,6.70658,3.6288,61.308,0.428144,0,0,1.62149,0.275833,0.917518,0.66528,12.849,1,0.437297,6.70658,0,133.944,5.42802,134.785,0.84672,12.849,0.84672,3695.15,0,36.966,0.258152,1.44035,1.86751,7.49116,1.38517,9.15569,0.42336,36.966,0.42336,423.524,0,1.02816,0,0,2.46851,1.44035,1.028160,1,0,144.859,0,0,0,144.859,0
72.29,2.46069,0,0,7.04074,0.285274,4.29477,3.6288,61.308,0.428144,0,0,1.63753,0.266825,0.942562,0.66528,12.849,1,0.437369,4.29477,0,111.895,4.58818,111.164,0.84672,12.849,0.84672,3695.15,0,36.966,0.258152,1.84899,1.86759,7.00583,1.25754,9.20672,0.42336,36.966,0.42336,423.524,0,1.02816,0,0,2.87715,1.84899,1.028160,1,0,121.313,0,0,0,121.313,0
72.29,2.70288,0,0,6.04768,0.319627,3.02517,3.6288,61.308,0.552363,0,0,1.10434,0.253846,0.29813,0.66528,12.849,1,0.480416,3.02517,0,92.7832,4.08617,91.2418,0.84672,12.849,0.84672,3695.15,0,36.966,0.33305,0.943557,1.86768,5.03969,1.23533,6.28255,0.42336,36.966,0.42336,423.524,0,1.02816,0,0,1.97172,0.943557,1.028160,1,0,97.8225,0,0,0,97.8225,0
72.29,2.72097,0,0,5.4819,0.325353,2.43558,3.6288,61.308,0.539404,0,0,1.09667,0.251683,0.305579,0.66528,12.849,1,0.483631,2.43558,0,84.5407,4.00249,82.4901,0.84672,12.849,0.84672,3695.15,0,36.966,0.325237,0.736439,2.07498,4.58714,1.23162,5.8417,0.42336,36.966,0.42336,423.524,0,1.02816,0,0,1.7646,0.736439,1.028160,1,0,88.6374,0,0,0,88.6374,0
72.29,2.72125,0,0,7.1985,0.325353,4.1519,3.6288,61.308,0.539527,0,0,1.72644,0.251683,0.935226,0.66528,12.849,1,0.483681,4.1519,0,105.411,4.00249,105.077,0.84672,12.849,0.84672,3695.15,0,36.966,0.325311,2.21549,2.06292,6.59073,1.23162,9.3122,0.42336,36.966,0.42336,423.524,0,1.02816,0,0,3.24365,2.21549,1.028160,1,0,115.325,0,0,0,115.325,0
72.29,2.72153,0,0,7.36525,0.338747,4.30498,3.6288,61.308,0.539649,0,0,1.61316,0.245008,0.8285,0.66528,12.849,1,0.483731,4.30498,0,110.163,4.00033,109.984,0.84672,12.849,0.84672,3695.15,0,36.966,0.325384,1.85755,2.06313,7.11945,1.23891,9.47585,0.42336,36.966,0.42336,423.524,0,1.02816,0,0,2.88571,1.85755,1.028160,1,0,120.288,0,0,0,120.288,0
72.29,2.3768,0,0,6.59136,0.326431,3.88813,3.6288,61.308,0.372998,0,0,1.75737,0.17896,1.20541,0.66528,12.849,1,0.422459,3.88813,0,113.88,3.23029,114.115,0.84672,12.849,0.84672,3695.15,0,36.966,0.224901,2.24049,2.06335,9.14881,0.923871,12.3039,0.42336,36.966,0.42336,423.524,0,1.02816,0,0,3.26865,2.24049,1.028160,1,0,127.624,0,0,0,127.624,0
72.29,2.30214,0,0,6.41582,0.318797,3.79488,3.6288,61.308,0.428139,0,0,1.25571,0.170733,0.65684,0.66528,12.849,1,0.409189,3.79488,0,90.7874,3.10286,91.0702,0.84672,12.849,0.84672,3695.15,0,36.966,0.258149,1.61025,1.78088,7.93333,0.868331,10.198,0.42336,36.966,0.42336,423.524,0,1.02816,0,0,2.63841,1.61025,1.028160,1,0,101.925,0,0,0,101.925,0
72.29,2.30253,0,0,5.10111,0.318797,2.47978,3.6288,61.308,0.428139,0,0,0.952586,0.170733,0.353714,0.66528,12.849,1,0.409258,2.47978,0,103.266,3.10286,102.234,0.84672,12.849,0.84672,3695.15,0,36.966,0.258149,0.786577,1.83269,5.843,0.868331,7.33578,0.42336,36.966,0.42336,423.524,0,1.02816,0,0,1.81474,0.786577,1.028160,1,0,109.923,0,0,0,109.923,0
72.29,2.30292,0,0,3.45625,0.307469,0.84586,3.6288,61.308,0.480881,0,0,0.658277,0.164716,0.0126798,0.66528,12.849,1,0.409327,0.84586,0,83.3043,3.01566,80.7252,0.84672,12.849,0.84672,3695.15,0,36.966,0.28995,0.558835,1.83277,5.27658,0.855806,6.52243,0.42336,36.966,0.42336,423.524,0,0.943618,0,0,1.50245,0.558835,1.028160,1,0,87.2603,0,0,0,87.2603,0
72.29,2.30331,0,0,6.19751,0.263508,3.63069,3.6288,61.308,0.428139,0,0,1.07623,0.13388,0.514215,0.66528,12.849,1,0.409396,3.63069,0,133.142,2.8461,133.517,0.84672,12.849,0.84672,3695.15,0,36.966,0.258149,1.02002,1.83286,7.60298,0.71803,9.47968,0.42336,36.966,0.42336,423.524,0,1.02816,0,0,2.04818,1.02002,1.028160,1,0,143.511,0,0,0,143.511,0
72.29,2.39059,0,0,6.82534,0.29552,4.13923,3.6288,61.308,0.468959,0,0,1.4001,0.140895,0.790249,0.66528,12.849,1,0.424909,4.13923,0,133.851,3.31758,134.248,0.84672,12.849,0.84672,3695.15,0,36.966,0.282762,1.38385,1.83294,8.74092,0.634532,11.0404,0.42336,36.966,0.42336,423.524,0,1.02816,0,0,2.41201,1.38385,1.028160,1,0,146.078,0,0,0,146.078,0
72.29,2.44654,0,0,6.13724,0.29552,3.39518,3.6288,61.308,0.428144,0,0,1.25975,0.140895,0.690708,0.66528,12.849,1,0.434855,3.39518,0,111.611,3.31758,111.253,0.84672,12.849,0.84672,3695.15,0,36.966,0.258152,1.14251,1.90276,7.20377,0.634532,9.35636,0.42336,36.966,0.42336,423.524,0,1.02816,0,0,2.17067,1.14251,1.028160,1,0,121.3,0,0,0,121.3,0
72.29,2.44695,0,0,6.24351,0.269804,3.52675,3.6288,61.308,0.428144,0,0,1.28809,0.144246,0.715705,0.66528,12.849,1,0.434927,3.52675,0,129.856,3.1123,129.835,0.84672,12.849,0.84672,3695.15,0,36.966,0.258152,1.66041,1.86456,7.71872,0.715169,10.2704,0.42336,36.966,0.42336,423.524,0,1.02816,0,0,2.68857,1.66041,1.028160,1,0,140.821,0,0,0,140.821,0
72.29,2.44735,0,0,6.0218,0.258689,3.31576,3.6288,61.308,0.428144,0,0,0.907102,0.153246,0.325713,0.66528,12.849,1,0.434998,3.31576,0,119.294,3.21351,118.961,0.84672,12.849,0.84672,3695.15,0,36.966,0.258152,0.867983,1.86465,7.21564,0.766288,8.92383,0.42336,36.966,0.42336,423.524,0,1.02816,0,0,1.89614,0.867983,1.028160,1,0,128.211,0,0,0,128.211,0
72.29,2.41377,0,0,4.3924,0.253718,1.72491,3.6288,61.308,0.412283,0,0,0.820307,0.1992,0.208825,0.66528,12.849,1,0.429029,1.72491,0,71.9185,4.3134,68.901,0.84672,12.849,0.84672,3695.15,0,36.966,0.248588,0.732223,1.86474,4.24298,0.879471,5.71189,0.42336,36.966,0.42336,423.524,0,1.02816,0,0,1.76038,0.732223,1.028160,1,0,74.8217,0,0,0,74.8217,0
72.29,2.39258,0,0,3.78284,0.253718,1.13654,3.6288,61.308,0.428142,0,0,0.761124,0.1992,0.133782,0.66528,12.849,1,0.425264,1.13654,0,64.5019,4.3134,60.8998,0.84672,12.849,0.84672,3695.15,0,36.966,0.258151,0.538894,1.83769,3.96684,0.879471,5.2058,0.42336,36.966,0.42336,423.524,0,1.02816,0,0,1.56705,0.538894,1.028160,1,0,66.2394,0,0,0,66.2394,0
72.29,2.39298,0,0,3.86553,0.253718,1.21883,3.6288,61.2617,0.554431,0,0,0.70737,0.1992,0,0.66528,12.849,1,0.425335,1.21883,0,65.5586,4.3134,62.0387,0.84672,12.849,0.84672,3695.15,0,36.966,0.334297,0.402797,1.85265,4.15396,0.879471,5.19564,0.42336,36.966,0.42336,423.524,0,0.825725,0,0,1.22852,0.402797,1.028160,1,0,67.2343,0,0,0,67.2343,0
72.29,2.39338,0,0,3.91262,0.201235,1.31801,3.6288,61.3004,0.454112,0,0,0.71617,0.223368,0,0.66528,12.849,1,0.425405,1.31801,0,67.5062,4.62864,63.7702,0.84672,12.849,0.84672,3695.15,0,36.966,0.274016,0.402797,1.85274,4.06732,0.947909,5.10093,0.42336,36.966,0.42336,423.524,0,0.986325,0,0,1.38912,0.402797,1.028160,1,0,68.8711,0,0,0,68.8711,0
72.29,2.50919,0,0,3.73958,0.190557,1.03983,3.6288,61.2992,0.525071,0,0,0.746021,0.222225,0,0.66528,12.849,1,0.44599,1.03983,0,58.1789,4.47162,54.3011,0.84672,12.849,0.84672,3695.15,0,36.966,0.316634,0.402797,1.85283,3.39907,0.981674,4.35639,0.42336,36.966,0.42336,423.524,0,0.962945,0,0,1.36574,0.402797,1.028160,1,0,58.6575,0,0,0,58.6575,0
72.29,2.54864,0,0,3.87238,0.12285,1.20089,3.6288,61.308,0.45571,0,0,0.850003,0.242633,0.142815,0.66528,12.849,1,0.453002,1.20089,0,61.5702,4.69209,57.626,0.84672,12.849,0.84672,3695.15,0,36.966,0.274812,0.549089,1.94807,3.92509,1.05067,5.09678,0.42336,36.966,0.42336,423.524,0,1.02816,0,0,1.57725,0.549089,1.028160,1,0,62.8656,0,0,0,62.8656,0
72.29,2.54891,0,0,3.41909,0.0911779,0.779007,3.6288,61.2946,0.455848,0,0,0.696341,0.253911,0,0.66528,12.849,1,0.453049,0.779007,0,56.1349,4.84323,51.6177,0.84672,12.849,0.84672,3695.15,0,36.966,0.274856,0.3078,1.92127,3.30667,1.08107,4.1798,0.42336,36.966,0.42336,423.524,0,1.02816,0,0,1.33596,0.3078,1.028160,1,0,55.7975,0,0,0,55.7975,0
72.29,2.54917,0,0,3.22491,0.0911779,0.584559,3.6288,61.0499,0.546911,0,0,0.55611,0.25389,0,0.66528,12.849,1,0.453096,0.584559,0,51.8619,4.84323,47.1502,0.84672,12.849,0.84672,3695.15,0,36.966,0.329835,0.30119,1.92146,3.10548,1.08107,3.91723,0.42336,36.966,0.42336,423.524,0,0.8823,0,0,1.18349,0.30119,1.028160,1,0,51.0674,0,0,0,51.0674,0
72.29,2.54943,0,0,3.08354,0.115783,0.418323,3.6288,60.7917,0.555759,0,0,0.570537,0.272931,0,0.66528,12.849,1,0.453142,0.418323,0,44.9261,5.34347,39.5478,0.84672,12.849,0.84672,3695.15,0,36.966,0.336515,0.30119,1.92166,2.99703,1.14947,3.7339,0.42336,36.966,0.42336,423.524,0,0.866955,0,0,1.16815,0.30119,1.028160,1,0,43.2817,0,0,0,43.2817,0
72.1175,2.52686,0,0,2.83107,0.113851,0.36288,3.6288,60.5368,0.58709,0,0,0.630763,0.298609,0,0.66528,12.849,1,0.44913,0.36288,0,38.7864,5.53207,33.1681,0.84672,12.849,0.84672,3695.15,0,36.966,0.356996,0.30119,1.92186,2.93463,1.23743,3.56326,0.42336,36.966,0.42336,423.524,0,0.864925,0,0,1.16611,0.30119,1.028160,1,0,36.7314,0,0,0,36.7314,0
71.8103,2.52621,0,0,2.68713,0.105249,0.36288,3.6288,60.2534,0.586713,0,0,0.613149,0.309858,0,0.66528,12.849,1,0.450089,0.36288,0,35.9451,5.54474,30.3131,0.84672,12.849,0.84672,3695.15,0,36.966,0.358269,0.261274,1.95534,2.90937,1.27648,3.49124,0.42336,36.966,0.42336,423.524,0,0.864216,0,0,1.12549,0.261274,1.028160,1,0,33.8044,0,0,0,33.8044,0
71.3272,2.52484,0,0,2.50967,0.105003,0.36288,3.6288,59.8681,0.612928,0,0,0.536916,0.3093,0,0.66528,12.849,1,0.451769,0.36288,0,33.0991,5.54474,27.4654,0.84672,12.849,0.84672,3695.15,0,36.966,0.376037,0.261274,1.95554,2.75768,1.27648,3.32198,0.42336,36.966,0.42336,423.524,0,0.82042,0,0,1.08169,0.261274,1.028160,1,0,30.7874,0,0,0,30.7874,0
70.704,2.52251,0,0,2.36681,0.104617,0.36288,3.6288,59.4109,0.649367,0,0,0.500758,0.308541,0,0.66528,12.849,1,0.454409,0.36288,0,31.6945,5.54474,26.0582,0.84672,12.849,0.84672,3695.15,0,36.966,0.400957,0.261274,1.95575,2.61334,1.27648,3.15292,0.42336,36.966,0.42336,423.524,0,0.759249,0,0,1.02052,0.261274,1.028160,1,0,29.2111,0,0,0,29.2111,0
69.8075,2.57818,0,0,2.13178,0.0872244,0.36288,3.6288,58.7886,0.81631,0,0,0.503514,0.309515,0,0.66528,12.849,1,0.468531,0.36288,0,26.6427,5.65624,20.8808,0.84672,12.849,0.84672,3695.15,0,36.966,0.42336,0.261274,1.95595,2.15799,1.41269,2.53916,0.42336,36.966,0.42336,423.524,0,0.614313,0,0,0.875586,0.261274,1.028160,1,0,23.42,0,0,0,23.42,0
68.8641,2.57336,0,0,2.07941,0.0866238,0.36288,3.6288,58.2059,0.738387,0,0,0.463921,0.308282,0,0.66528,12.849,1,0.473661,0.36288,0,26.6087,5.65624,20.8417,0.84672,12.849,0.84672,3695.15,0,36.966,0.42336,0.261274,2.00334,2.31243,1.41269,2.74099,0.42336,36.966,0.42336,423.524,0,0.692427,0,0,0.9537,0.261274,1.028160,1,0,23.5827,0,0,0,23.5827,0
67.7929,2.56816,0,0,1.94585,0.0859918,0.36288,3.6288,57.5825,0.745656,0,0,0.429423,0.307128,0,0.66528,12.849,1,0.47918,0.36288,0,24.021,5.65624,18.2485,0.84672,12.849,0.84672,3695.15,0,36.966,0.42336,0.227405,2.00355,2.06381,1.41269,2.45872,0.42336,36.966,0.42336,423.524,0,0.685351,0,0,0.912756,0.227405,1.028160,1,0,20.7072,0,0,0,20.7072,0
66.5691,2.56206,0,0,1.7864,0.0852742,0.36288,3.6288,56.8805,0.820808,0,0,0.424706,0.305894,0,0.66528,12.849,1,0.485595,0.36288,0,21.958,5.65624,16.1791,0.84672,12.849,0.84672,3695.15,0,36.966,0.42336,0.227405,2.00375,2.0185,1.41269,2.41362,0.42336,36.966,0.42336,423.524,0,0.61039,0,0,0.837795,0.227405,1.028160,1,0,18.5927,0,0,0,18.5927,0
65.315,2.67154,0,0,1.8445,0.0641925,0.36288,3.6288,56.2398,0.784174,0,0,0.464601,0.321084,0,0.66528,12.849,1,0.515654,0.36288,0,21.6197,5.80423,15.6627,0.84672,12.849,0.84672,3695.15,0,36.966,0.42336,0.227405,2.00396,2.69475,1.50523,2.99753,0.42336,36.966,0.42336,423.524,0,0.767042,0,0,0.994447,0.227405,1.028160,1,0,18.6602,0,0,0,18.6602,0
63.6584,2.66354,0,0,1.43463,0.0647535,0.36288,3.6288,55.2954,0.99592,0,0,0.37483,0.323355,0,0.66528,12.849,1,0.523981,0.36288,0,17.6602,5.65352,11.8455,0.84672,12.849,0.84672,3695.15,0,36.966,0.42336,0.227405,2.12284,2.17168,1.52234,2.57622,0.42336,36.966,0.42336,423.524,0,0.5555,0,0,0.782905,0.227405,1.028160,1,0,14.4218,0,0,0,14.4218,0
62.2963,2.65247,0,0,1.71711,0.0638941,0.36288,3.6288,54.4709,0.905785,0,0,0.402669,0.321361,0,0.66528,12.849,1,0.535382,0.36288,0,18.2771,5.65352,12.451,0.84672,12.849,0.84672,3695.15,0,36.966,0.42336,0.204422,2.12306,2.38207,1.52234,2.76384,0.42336,36.966,0.42336,423.524,0,0.64584,0,0,0.850262,0.204422,1.028160,1,0,15.2149,0,0,0,15.2149,0
62.1397,2.64304,0,0,2.93607,0.0867112,0.36288,3.6288,53.9078,0.765866,0,0,0.517186,0.314488,0,0.66528,12.849,1,0.545143,0.36288,0,30.3745,5.50509,24.6872,0.84672,12.849,0.84672,3695.15,0,36.966,0.42336,0.204422,2.12328,2.63676,1.50414,3.03696,0.42336,36.966,0.42336,423.524,0,0.785964,0,0,0.990386,0.204422,1.028160,1,0,27.7241,0,0,0,27.7241,0
62.2524,2.64217,0,0,3.17939,0.0616618,0.36288,3.6288,53.4353,0.739779,0,0,0.582059,0.314743,0,0.66528,12.849,1,0.546338,0.36288,0,34.784,5.85033,28.7502,0.84672,12.849,0.84672,3695.15,0,36.966,0.42336,0.204422,2.1235,2.52796,1.54982,2.8827,0.42336,36.966,0.42336,423.524,0,0.812255,0,0,1.01668,0.204422,1.028160,1,0,31.6329,0,0,0,31.6329,0
62.1743,2.56262,0,0,2.91398,0.0666029,0.36288,3.6288,53.1276,0.59543,0,0,0.588448,0.300759,0,0.66528,12.849,1,0.528929,0.36288,0,29.0366,5.23944,23.6311,0.84672,12.849,0.84672,3695.15,0,36.966,0.411912,0.204422,2.12372,2.50969,1.44833,2.97759,0.42336,36.966,0.42336,423.524,0,0.873202,0,0,1.07762,0.204422,1.028160,1,0,26.6087,0,0,0,26.6087,0
62.3186,2.56233,0,0,3.21832,0.148744,0.36288,3.6288,53.1554,0.50276,0,0,0.786154,0.255564,0,0.66528,12.849,1,0.529534,0.36288,0,27.4577,4.04869,23.2423,0.84672,12.849,0.84672,3695.15,0,36.966,0.349819,0.311852,2.03226,3.18471,1.17101,4.008,0.42336,36.966,0.42336,423.524,0,1.02816,0,0,1.34001,0.311852,1.028160,1,0,27.2503,0,0,0,27.2503,0
62.2555,2.56361,0,0,3.01799,0.154621,0.36288,3.6288,53.2403,0.502983,0,0,0.845424,0.257528,0,0.66528,12.849,1,0.528572,0.36288,0,32.6679,4.08125,28.421,0.84672,12.849,0.84672,3695.15,0,36.966,0.349791,0.330342,2.03247,3.35371,1.18965,4.17709,0.42336,36.966,0.42336,423.524,0,1.02816,0,0,1.3585,0.330342,1.028160,1,0,32.5981,0,0,0,32.5981,0
62.5327,2.56344,0,0,3.35801,0.15454,0.36288,3.6288,53.4289,0.503427,0,0,0.949683,0.257702,0,0.66528,12.849,1,0.529071,0.36288,0,49.2535,4.08125,45.0061,0.84672,12.849,0.84672,3695.15,0,36.966,0.349541,0.5116,2.03268,3.86919,1.18965,4.87429,0.42336,36.966,0.42336,423.524,0,1.02816,0,0,1.53976,0.5116,1.028160,1,0,49.8804,0,0,0,49.8804,0
63.4599,2.54982,0,0,4.03786,0.197903,0.36288,3.6288,53.5603,0.474524,0,0,0.814311,0.208379,0,0.66528,12.849,1,0.523929,0.36288,0,52.3657,4.80412,47.4005,0.84672,12.849,0.84672,3695.15,0,36.966,0.328311,0.638643,2.0329,4.90925,1.16973,6.08274,0.42336,36.966,0.42336,423.524,0,1.02816,0,0,1.6668,0.638643,1.028160,1,0,53.4832,0,0,0,53.4832,0
64.0326,2.55646,0,0,3.69866,0.20663,0.36288,3.6288,54.1832,0.475113,0,0,1.29835,0.200303,0,0.66528,12.849,1,0.517617,0.36288,0,58.5744,4.92461,53.495,0.84672,12.849,0.84672,3695.15,0,36.966,0.327911,1.15093,1.99065,4.64535,1.16642,6.2926,0.42336,36.966,0.42336,423.524,0,1.02816,0,0,2.17909,1.15093,1.028160,1,0,59.7876,0,0,0,59.7876,0
64.7665,2.56058,0,0,3.87464,0.217354,0.36288,3.6288,54.4885,0.477467,0,0,0.986895,0.20414,0,0.66528,12.849,1,0.513814,0.36288,0,46.6975,4.68766,41.8589,0.84672,12.849,0.84672,3695.15,0,36.966,0.325747,0.986869,1.99085,6.00684,1.11602,7.5428,0.42336,36.966,0.42336,423.524,0,1.02816,0,0,2.01503,0.986869,1.028160,1,0,49.4017,0,0,0,49.4017,0
67.7369,2.5657,0,0,6.14221,0.243195,0.36288,3.6288,55.5752,0.478667,0,0,1.77733,0.211907,0,0.66528,12.849,1,0.509009,0.36288,0,89.7515,4.09531,85.51,0.84672,12.849,0.84672,3695.15,0,36.966,0.324737,1.82632,1.99106,7.33569,0.990026,9.83831,0.42336,36.966,0.42336,423.524,0,1.02816,0,0,2.85448,1.82632,1.028160,1,0,95.3483,0,0,0,95.3483,0
72.1619,2.39007,0,0,7.42217,0.244238,0.36288,3.6288,57.3432,0.372098,0,0,2.34454,0.204485,0,0.66528,12.849,1,0.453372,0.36288,0,81.6525,3.87181,77.6902,0.84672,12.849,0.84672,3695.15,0,36.966,0.247502,1.63389,1.99127,7.44469,0.981627,9.84072,0.42336,36.966,0.42336,423.524,0,1.02816,0,0,2.66205,1.63389,1.028160,1,0,87.5309,0,0,0,87.5309,0
72.29,2.35745,0,0,6.23331,0.249029,3.49869,3.6288,59.4429,0.417288,0,0,2.71709,0.200071,0,0.66528,12.849,1,0.419764,3.49869,0,92.2424,3.70419,91.6171,0.84672,12.849,0.84672,3695.15,0,36.966,0.269003,2.49103,1.80592,6.97647,0.975327,10.0291,0.42336,36.966,0.42336,423.524,0,1.02816,0,0,3.51919,2.49103,1.028160,1,0,101.646,0,0,0,101.646,0
72.29,2.35848,0,0,3.82618,0.249272,1.21843,3.6288,60.5459,0.423147,0,0,1.72886,0.202795,0,0.66528,12.849,1,0.419202,1.21843,0,52.2304,3.70419,49.3254,0.84672,12.849,0.84672,3695.15,0,36.966,0.263144,1.01078,1.84504,6.01697,0.975327,7.63431,0.42336,36.966,0.42336,423.524,0,1.02816,0,0,2.03894,1.01078,1.028160,1,0,56.9597,0,0,0,56.9597,0
72.29,2.35888,0,0,3.89292,0.265917,1.26813,3.6288,61.2413,0.426123,0,0,1.34173,0.220148,0,0.66528,12.849,1,0.419272,1.26813,0,47.0588,4.04704,43.8606,0.84672,12.849,0.84672,3695.15,0,36.966,0.260168,0.672235,1.84512,7.615,1.08228,8.78991,0.42336,36.966,0.42336,423.524,0,1.02816,0,0,1.7004,0.672235,1.028160,1,0,52.6505,0,0,0,52.6505,0
72.29,2.35927,0,0,4.9028,0.285722,2.25781,3.6288,61.308,0.427966,0,0,2.25622,0.238314,1.52325,0.66528,12.849,1,0.419343,2.25781,0,69.3048,4.36463,66.7787,0.84672,12.849,0.84672,3695.15,0,36.966,0.258325,1.71094,1.84521,7.78352,1.163,9.91834,0.42336,36.966,0.42336,423.524,0,1.02816,0,0,2.7391,1.71094,1.028160,1,0,78.2202,0,0,0,78.2202,0
72.29,2.43533,0,0,3.46804,0.271381,0.76133,3.6288,61.308,0.461393,0,0,1.55052,0.213629,0.875495,0.66528,12.849,1,0.432862,0.76133,0,42.6589,3.52727,39.4601,0.84672,12.849,0.84672,3695.15,0,36.966,0.2782,1.52842,1.8453,7.39235,0.791684,9.69619,0.42336,36.966,0.42336,423.524,0,1.02816,0,0,2.55658,1.52842,1.028160,1,0,50.0318,0,0,0,50.0318,0
72.29,2.48098,0,0,4.66648,0.271381,1.91412,3.6288,61.308,0.428138,0,0,2.16048,0.213629,1.51871,0.66528,12.849,1,0.440975,1.91412,0,60.306,3.52727,58.2519,0.84672,12.849,0.84672,3695.15,0,36.966,0.258148,2.61066,1.90327,9.90567,0.791684,13.3698,0.42336,36.966,0.42336,423.524,0,1.02816,0,0,3.63882,2.61066,1.028160,1,0,73.1404,0,0,0,73.1404,0
72.29,2.48136,0,0,6.09242,0.271381,3.33968,3.6288,61.308,0.428138,0,0,2.75472,0.213629,2.11295,0.66528,12.849,1,0.441043,3.33968,0,102.583,3.52727,101.954,0.84672,12.849,0.84672,3695.15,0,36.966,0.258148,3.81164,1.87215,12.0308,0.791684,16.6647,0.42336,36.966,0.42336,423.524,0,1.02816,0,0,4.8398,3.81164,1.028160,1,0,120.732,0,0,0,120.732,0
72.29,2.48174,0,0,4.20155,0.271381,1.44843,3.6288,61.308,0.428138,0,0,1.69608,0.213629,1.05432,0.66528,12.849,1,0.441111,1.44843,0,80.2682,3.52727,77.7482,0.84672,12.849,0.84672,3695.15,0,36.966,0.258148,1.94441,1.87224,8.56423,0.791684,11.331,0.42336,36.966,0.42336,423.524,0,1.02816,0,0,2.97257,1.94441,1.028160,1,0,90.1336,0,0,0,90.1336,0
72.29,2.72521,0,0,3.99803,0.294812,0.978008,3.6288,61.308,0.553024,0,0,2.12359,0.192353,1.37821,0.66528,12.849,1,0.484386,0.978008,0,81.9621,3.30778,79.1479,0.84672,12.849,0.84672,3695.15,0,36.966,0.333449,2.43765,1.87232,9.40524,0.834764,12.547,0.42336,36.966,0.42336,423.524,0,1.02816,0,0,3.46581,2.43765,1.028160,1,0,93.0731,0,0,0,93.0731,0
72.29,2.73555,0,0,4.60894,0.311926,1.56146,3.6288,61.308,0.545735,0,0,2.70002,0.178761,1.97552,0.66528,12.849,1,0.486224,1.56146,0,79.5122,3.14337,77.4441,0.84672,12.849,0.84672,3695.15,0,36.966,0.329054,3.22931,2.08072,10.9873,0.835688,15.1326,0.42336,36.966,0.42336,423.524,0,1.02816,0,0,4.25747,3.22931,1.028160,1,0,94.5522,0,0,0,94.5522,0
72.29,2.73582,0,0,4.60819,0.322365,1.55,3.6288,61.308,0.545851,0,0,2.2822,0.173807,1.56255,0.66528,12.849,1,0.486271,1.55,0,95.9602,3.21699,93.8069,0.84672,12.849,0.84672,3695.15,0,36.966,0.329124,3.19867,2.07398,10.0649,0.819425,14.189,0.42336,36.966,0.42336,423.524,0,1.02816,0,0,4.22683,3.19867,1.028160,1,0,109.558,0,0,0,109.558,0
72.29,2.73609,0,0,3.99408,0.322365,0.935631,3.6288,61.308,0.545966,0,0,2.13737,0.173807,1.4176,0.66528,12.849,1,0.486318,0.935631,0,82.4455,3.21699,79.6778,0.84672,12.849,0.84672,3695.15,0,36.966,0.329193,2.76674,2.07418,9.36179,0.819425,13.0541,0.42336,36.966,0.42336,423.524,0,1.02816,0,0,3.7949,2.76674,1.028160,1,0,94.1495,0,0,0,94.1495,0
72.29,2.3895,0,0,5.10729,0.305889,2.4119,3.6288,61.308,0.378418,0,0,1.7535,0.129196,1.24588,0.66528,12.849,1,0.424716,2.4119,0,103.867,2.65284,103.202,0.84672,12.849,0.84672,3695.15,0,36.966,0.228169,2.46485,2.07438,9.46849,0.874872,12.9047,0.42336,36.966,0.42336,423.524,0,1.02816,0,0,3.49301,2.46485,1.028160,1,0,117.352,0,0,0,117.352,0
72.29,2.3222,0,0,6.53475,0.299298,3.91325,3.6288,61.308,0.428133,0,0,1.78931,0.111351,1.24982,0.66528,12.849,1,0.412754,3.91325,0,161.724,2.42718,162.797,0.84672,12.849,0.84672,3695.15,0,36.966,0.258145,2.86129,1.79039,10.9482,0.89705,14.4447,0.42336,36.966,0.42336,423.524,0,1.02816,0,0,3.88945,2.86129,1.028160,1,0,178.491,0,0,0,178.491,0
72.29,2.32257,0,0,8.14268,0.301177,5.51893,3.6288,61.308,0.428133,0,0,2.63091,0.134298,2.06848,0.66528,12.849,1,0.412819,5.51893,0,185.878,3.07684,187.907,0.84672,12.849,0.84672,3695.15,0,36.966,0.258145,5.20672,1.83711,18.063,0.997098,23.8516,0.42336,36.966,0.42336,423.524,0,1.02816,0,0,6.23488,5.20672,1.028160,1,0,213.827,0,0,0,213.827,0
72.29,2.32294,0,0,5.43047,0.303683,2.80385,3.6288,61.308,0.428134,0,0,1.41375,0.164895,0.820726,0.66528,12.849,1,0.412885,2.80385,0,149.735,3.94307,148.183,0.84672,12.849,0.84672,3695.15,0,36.966,0.258145,2.39429,1.83719,10.2719,1.1305,13.1148,0.42336,36.966,0.42336,423.524,0,1.02816,0,0,3.42245,2.39429,1.028160,1,0,162.118,0,0,0,162.118,0
72.29,2.32331,0,0,5.54894,0.264692,2.96094,3.6288,61.308,0.428133,0,0,2.70697,0.162402,2.11644,0.66528,12.849,1,0.41295,2.96094,0,153.17,3.99911,151.719,0.84672,12.849,0.84672,3695.15,0,36.966,0.258145,3.64893,1.83727,12.4095,1.16777,16.4698,0.42336,36.966,0.42336,423.524,0,1.02816,0,0,4.67709,3.64893,1.028160,1,0,170.305,0,0,0,170.305,0
72.29,2.41102,0,0,5.00379,0.258156,2.33461,3.6288,61.308,0.46917,0,0,3.08903,0.198589,2.42127,0.66528,12.849,1,0.428541,2.33461,0,153.448,4.78107,150.573,0.84672,12.849,0.84672,3695.15,0,36.966,0.282889,4.80311,1.83735,11.7208,1.35536,16.723,0.42336,36.966,0.42336,423.524,0,1.02816,0,0,5.83127,4.80311,1.028160,1,0,169.717,0,0,0,169.717,0
72.29,2.46725,0,0,4.33518,0.258156,1.60977,3.6288,61.308,0.428138,0,0,1.81169,0.198589,1.18496,0.66528,12.849,1,0.438535,1.60977,0,144.342,4.78107,140.732,0.84672,12.849,0.84672,3695.15,0,36.966,0.258148,3.09246,1.90753,10.5475,1.35536,13.934,0.42336,36.966,0.42336,423.524,0,1.02816,0,0,4.12062,3.09246,1.028160,1,0,155.851,0,0,0,155.851,0
72.29,2.46763,0,0,7.43926,0.258156,4.71348,3.6288,61.308,0.428137,0,0,2.58088,0.198589,1.95415,0.66528,12.849,1,0.438603,4.71348,0,125.831,4.78107,125.325,0.84672,12.849,0.84672,3695.15,0,36.966,0.258148,4.86718,1.86912,13.442,1.35536,18.5648,0.42336,36.966,0.42336,423.524,0,1.02816,0,0,5.89534,4.86718,1.028160,1,0,145.844,0,0,0,145.844,0
72.29,2.46801,0,0,5.61116,0.222444,2.9207,3.6288,61.308,0.428138,0,0,1.96118,0.21762,1.31543,0.66528,12.849,1,0.438671,2.9207,0,100.755,5.01375,98.2236,0.84672,12.849,0.84672,3695.15,0,36.966,0.258148,3.26589,1.86921,16.3789,1.40116,19.8547,0.42336,36.966,0.42336,423.524,0,1.02816,0,0,4.29405,3.26589,1.028160,1,0,119.394,0,0,0,119.394,0
72.29,2.43423,0,0,3.59689,0.203735,0.958929,3.6288,61.308,0.412193,0,0,1.28325,0.233832,0.637223,0.66528,12.849,1,0.432666,0.958929,0,97.1153,4.37902,93.2626,0.84672,12.849,0.84672,3695.15,0,36.966,0.248534,1.96628,1.86929,7.59655,1.27251,9.91107,0.42336,36.966,0.42336,423.524,0,1.02816,0,0,2.99444,1.96628,1.028160,1,0,103.811,0,0,0,103.811,0
72.29,2.41291,0,0,3.02769,0.203735,0.411048,3.6288,61.308,0.428136,0,0,1.19285,0.233832,0.530879,0.66528,12.849,1,0.428876,0.411048,0,80.3753,4.37902,75.9785,0.84672,12.849,0.84672,3695.15,0,36.966,0.258147,1.91735,1.84209,6.30166,1.27251,8.53044,0.42336,36.966,0.42336,423.524,0,1.02816,0,0,2.94551,1.91735,1.028160,1,0,85.0398,0,0,0,85.0398,0
72.29,2.41328,0,0,3.02848,0.203735,0.411458,3.6288,61.308,0.428136,0,0,1.20024,0.233832,0.538275,0.66528,12.849,1,0.428943,0.411458,0,73.5584,4.37902,69.1619,0.84672,12.849,0.84672,3695.15,0,36.966,0.258147,1.87485,1.85713,6.68449,1.27251,8.8858,0.42336,36.966,0.42336,423.524,0,1.02816,0,0,2.90301,1.87485,1.028160,1,0,78.5859,0,0,0,78.5859,0
72.1979,2.41366,0,0,2.83656,0.152171,0.36288,3.6288,61.308,0.428136,0,0,1.20671,0.238165,0.540414,0.66528,12.849,1,0.429009,0.36288,0,62.8329,4.48634,58.2805,0.84672,12.849,0.84672,3695.15,0,36.966,0.258147,1.96734,1.85721,6.44013,1.28735,8.71918,0.42336,36.966,0.42336,423.524,0,1.02816,0,0,2.9955,1.96734,1.028160,1,0,67.5401,0,0,0,67.5401,0
71.9117,2.52957,0,0,2.74251,0.136188,0.36288,3.6288,61.308,0.484701,0,0,1.10105,0.251224,0.365122,0.66528,12.849,1,0.450185,0.36288,0,54.6449,4.63694,49.9206,0.84672,12.849,0.84672,3695.15,0,36.966,0.292253,1.44903,1.85729,5.89671,1.28046,7.63033,0.42336,36.966,0.42336,423.524,0,1.02816,0,0,2.47719,1.44903,1.028160,1,0,57.9161,0,0,0,57.9161,0
71.3665,2.56,0,0,2.50166,0.124011,0.36288,3.6288,61.308,0.461498,0,0,1.04086,0.261019,0.318344,0.66528,12.849,1,0.457414,0.36288,0,50.3007,4.74988,45.4563,0.84672,12.849,0.84672,3695.15,0,36.966,0.278263,1.50381,1.95304,5.54616,1.27529,7.44946,0.42336,36.966,0.42336,423.524,0,1.02816,0,0,2.53197,1.50381,1.028160,1,0,53.2241,0,0,0,53.2241,0
70.5721,2.55728,0,0,2.24929,0.123496,0.36288,3.6288,61.308,0.461605,0,0,0.973797,0.261019,0.251173,0.66528,12.849,1,0.46042,0.36288,0,46.3814,4.74988,41.534,0.84672,12.849,0.84672,3695.15,0,36.966,0.278327,1.31211,1.93136,5.14693,1.27529,6.83678,0.42336,36.966,0.42336,423.524,0,1.02816,0,0,2.34027,1.31211,1.028160,1,0,48.622,0,0,0,48.622,0
69.7171,2.55315,0,0,2.1837,0.122747,0.36288,3.6288,61.308,0.461712,0,0,0.895726,0.261019,0.172995,0.66528,12.849,1,0.464849,0.36288,0,43.3598,4.74988,38.5079,0.84672,12.849,0.84672,3695.15,0,36.966,0.278392,1.06791,1.93155,4.72739,1.27529,6.17317,0.42336,36.966,0.42336,423.524,0,1.02816,0,0,2.09607,1.06791,1.028160,1,0,44.8541,0,0,0,44.8541,0
68.8433,2.54858,0,0,2.14409,0.106414,0.36288,3.6288,61.308,0.46182,0,0,0.900029,0.265407,0.172803,0.66528,12.849,1,0.469709,0.36288,0,41.3858,4.89991,36.379,0.84672,12.849,0.84672,3695.15,0,36.966,0.278457,1.21339,1.93173,4.89256,1.2863,6.47294,0.42336,36.966,0.42336,423.524,0,1.02816,0,0,2.24155,1.21339,1.028160,1,0,43.0248,0,0,0,43.0248,0
68.4314,2.52102,0,0,2.56373,0.0916772,0.36288,3.6288,61.308,0.493031,0,0,1.01105,0.259851,0.258171,0.66528,12.849,1,0.470527,0.36288,0,45.36,5.08757,40.1648,0.84672,12.849,0.84672,3695.15,0,36.966,0.297276,1.73865,1.93192,5.46711,1.26594,7.57447,0.42336,36.966,0.42336,423.524,0,1.02816,0,0,2.76681,1.73865,1.028160,1,0,47.9974,0,0,0,47.9974,0
67.859,2.51888,0,0,2.40072,0.0913831,0.36288,3.6288,61.308,0.493141,0,0,0.961165,0.259851,0.208173,0.66528,12.849,1,0.472957,0.36288,0,45.3007,5.08757,40.1031,0.84672,12.849,0.84672,3695.15,0,36.966,0.297342,1.57166,1.96556,5.61837,1.26594,7.59231,0.42336,36.966,0.42336,423.524,0,1.02816,0,0,2.59982,1.57166,1.028160,1,0,47.9036,0,0,0,47.9036,0
67.0727,2.51577,0,0,2.18333,0.0909742,0.36288,3.6288,61.308,0.493252,0,0,0.937267,0.259851,0.184164,0.66528,12.849,1,0.476358,0.36288,0,44.414,5.08757,39.213,0.84672,12.849,0.84672,3695.15,0,36.966,0.297409,1.53799,1.96575,5.3834,1.26594,7.3238,0.42336,36.966,0.42336,423.524,0,1.02816,0,0,2.56615,1.53799,1.028160,1,0,46.7209,0,0,0,46.7209,0
66.0898,2.51133,0,0,1.98169,0.0904125,0.36288,3.6288,61.308,0.493362,0,0,0.879293,0.259851,0.12608,0.66528,12.849,1,0.481091,0.36288,0,39.5766,5.08757,34.3708,0.84672,12.849,0.84672,3695.15,0,36.966,0.297475,1.2486,1.96595,5.20772,1.26594,6.85885,0.42336,36.966,0.42336,423.524,0,1.02816,0,0,2.27676,1.2486,1.028160,1,0,41.3557,0,0,0,41.3557,0
65.077,2.56406,0,0,1.97402,0.0597969,0.36288,3.6288,61.308,0.521204,0,0,0.878783,0.30847,0.0491095,0.66528,12.849,1,0.498498,0.36288,0,33.1674,5.70211,27.3297,0.84672,12.849,0.84672,3695.15,0,36.966,0.314263,0.973503,1.96614,4.3786,1.50903,5.49494,0.42336,36.966,0.42336,423.524,0,1.02816,0,0,2.00166,0.973503,1.028160,1,0,32.8737,0,0,0,32.8737,0
64.0809,2.55783,0,0,1.98413,0.0596196,0.36288,3.6288,61.3025,0.521317,0,0,0.81959,0.303776,0,0.66528,12.849,1,0.505025,0.36288,0,42.4086,5.63986,36.6266,0.84672,12.849,0.84672,3695.15,0,36.966,0.314331,1.15629,2.01376,4.72338,1.48944,6.08966,0.42336,36.966,0.42336,423.524,0,1.02816,0,0,2.18445,1.15629,1.028160,1,0,42.7162,0,0,0,42.7162,0
62.9652,2.55154,0,0,1.85787,0.0591428,0.36288,3.6288,61.2395,0.521412,0,0,0.762204,0.303765,0,0.66528,12.849,1,0.511615,0.36288,0,34.05,5.63986,28.2614,0.84672,12.849,0.84672,3695.15,0,36.966,0.314417,1.11579,2.01396,4.25775,1.48944,5.58363,0.42336,36.966,0.42336,423.524,0,1.02816,0,0,2.14395,1.11579,1.028160,1,0,33.845,0,0,0,33.845,0
61.6909,2.54426,0,0,1.69153,0.0586089,0.36288,3.6288,61.1381,0.521324,0,0,0.723583,0.303644,0,0.66528,12.849,1,0.519194,0.36288,0,31.032,5.63986,25.2358,0.84672,12.849,0.84672,3695.15,0,36.966,0.314687,0.785886,2.01415,3.97153,1.48944,4.96744,0.42336,36.966,0.42336,423.524,0,1.02816,0,0,1.81405,0.785886,1.028160,1,0,30.2033,0,0,0,30.2033,0
60.4766,2.65145,0,0,1.8463,0.0462716,0.36288,3.6288,61.0653,0.596173,0,0,0.836421,0.313058,0,0.66528,12.849,1,0.552243,0.36288,0,29.003,5.95087,22.8628,0.84672,12.849,0.84672,3695.15,0,36.966,0.360464,1.40229,2.01435,5.13803,1.55202,6.64218,0.42336,36.966,0.42336,423.524,0,1.02816,0,0,2.43045,1.40229,1.028160,1,0,29.505,0,0,0,29.505,0
59.2287,2.64256,0,0,1.80866,0.0511486,0.36288,3.6288,60.9798,0.596025,0,0,0.824187,0.313652,0,0.66528,12.849,1,0.561443,0.36288,0,26.3975,6.01661,20.1824,0.84672,12.849,0.84672,3695.15,0,36.966,0.360805,1.23821,2.13383,3.79231,1.56574,5.2378,0.42336,36.966,0.42336,423.524,0,1.02816,0,0,2.26637,1.23821,1.028160,1,0,25.4202,0,0,0,25.4202,0
57.6333,2.63309,0,0,1.45115,0.050551,0.36288,3.6288,60.7186,0.59583,0,0,0.648078,0.313482,0,0.66528,12.849,1,0.571219,0.36288,0,31.0491,6.01661,24.8242,0.84672,12.849,0.84672,3695.15,0,36.966,0.361193,0.789877,2.13403,3.15026,1.56574,4.14724,0.42336,36.966,0.42336,423.524,0,1.02816,0,0,1.81804,0.789877,1.028160,1,0,28.9714,0,0,0,28.9714,0
56.3189,2.62042,0,0,1.71863,0.049774,0.36288,3.6288,60.7999,0.594984,0,0,0.989282,0.312964,0,0.66528,12.849,1,0.584206,0.36288,0,26.6503,6.01661,20.4124,0.84672,12.849,0.84672,3695.15,0,36.966,0.362232,1.7067,2.13424,4.26011,1.56574,6.17308,0.42336,36.966,0.42336,423.524,0,1.02816,0,0,2.73486,1.7067,1.028160,1,0,26.5855,0,0,0,26.5855,0
54.7599,2.60957,0,0,1.46362,0.0502233,0.36288,3.6288,60.6704,0.595406,0,0,0.757123,0.291293,0,0.66528,12.849,1,0.595366,0.36288,0,29.7685,5.5422,23.9938,0.84672,12.849,0.84672,3695.15,0,36.966,0.362003,1.15248,2.13445,4.62374,1.40499,6.14367,0.42336,36.966,0.42336,423.524,0,1.02816,0,0,2.18064,1.15248,1.028160,1,0,30.1375,0,0,0,30.1375,0
55.4044,2.51688,0,0,3.5649,0.0405923,0.36288,3.6288,61.308,0.535675,0,0,1.58991,0.256307,0.160287,0.66528,12.849,1,0.590568,0.36288,0,54.816,5.2836,49.3048,0.84672,12.849,0.84672,3695.15,0,36.966,0.326383,3.2089,2.13466,10.3954,1.4479,13.9647,0.42336,36.966,0.42336,423.524,0,1.02816,0,0,4.23706,3.2089,1.028160,1,0,63.4298,0,0,0,63.4298,0
54.4323,2.5227,0,0,1.95432,0.0408557,0.36288,3.6288,61.308,0.537908,0,0,1.02845,0.257344,0.233193,0.66528,12.849,1,0.585048,0.36288,0,69.3774,5.2836,63.8716,0.84672,12.849,0.84672,3695.15,0,36.966,0.324334,1.8792,2.04272,6.47281,1.4479,8.6225,0.42336,36.966,0.42336,423.524,0,1.02816,0,0,2.90736,1.8792,1.028160,1,0,72.7273,0,0,0,72.7273,0
53.3276,2.5145,0,0,1.81318,0.0404584,0.36288,3.6288,61.308,0.538022,0,0,1.044,0.257344,0.24863,0.66528,12.849,1,0.593559,0.36288,0,41.2087,5.2836,35.6944,0.84672,12.849,0.84672,3695.15,0,36.966,0.324404,1.20668,2.04292,4.89141,1.4479,6.3687,0.42336,36.966,0.42336,423.524,0,1.02816,0,0,2.23484,1.20668,1.028160,1,0,42.3117,0,0,0,42.3117,0
55.1379,2.50483,0,0,4.79781,0.119849,0.36288,3.6288,61.308,0.538137,0,0,1.8743,0.266102,1.07006,0.66528,12.849,1,0.603525,0.36288,0,61.4237,4.72615,56.4569,0.84672,12.849,0.84672,3695.15,0,36.966,0.324473,4.65514,2.04312,14.2893,1.3242,19.3389,0.42336,36.966,0.42336,423.524,0,1.02816,0,0,5.6833,4.65514,1.028160,1,0,76.8658,0,0,0,76.8658,0
56.5336,2.5056,0,0,4.3638,0.0996395,0.36288,3.6288,61.308,0.506694,0,0,2.21667,0.231022,1.47895,0.66528,12.849,1,0.58389,0.36288,0,89.9251,4.7622,84.9419,0.84672,12.849,0.84672,3695.15,0,36.966,0.305514,3.78761,2.04331,13.8863,1.24199,18.1697,0.42336,36.966,0.42336,423.524,0,1.02816,0,0,4.81577,3.78761,1.028160,1,0,104.591,0,0,0,104.591,0
57.7679,2.51759,0,0,4.27067,0.155813,0.36288,3.6288,61.308,0.506805,0,0,1.99923,0.169201,1.32322,0.66528,12.849,1,0.5722,0.36288,0,87.0575,3.37228,83.4759,0.84672,12.849,0.84672,3695.15,0,36.966,0.305581,2.92763,2.00084,10.9032,0.85029,14.6758,0.42336,36.966,0.42336,423.524,0,1.02816,0,0,3.95579,2.92763,1.028160,1,0,99.475,0,0,0,99.475,0
62.4838,2.52784,0,0,7.76424,0.157716,0.36288,3.6288,61.308,0.506917,0,0,2.86001,0.169201,2.18389,0.66528,12.849,1,0.562253,0.36288,0,165.383,3.37228,161.811,0.84672,12.849,0.84672,3695.15,0,36.966,0.305648,4.32079,2.00103,20.2986,0.85029,25.4644,0.42336,36.966,0.42336,423.524,0,1.02816,0,0,5.34895,4.32079,1.028160,1,0,189.459,0,0,0,189.459,0
68.3534,2.56328,0,0,8.96037,0.164566,0.36288,3.6288,61.308,0.507029,0,0,3.488,0.169201,2.81177,0.66528,12.849,1,0.527107,0.36288,0,149.853,3.37228,146.317,0.84672,12.849,0.84672,3695.15,0,36.966,0.305716,6.74586,2.00123,22.2288,0.85029,29.8199,0.42336,36.966,0.42336,423.524,0,1.02816,0,0,7.77402,6.74586,1.028160,1,0,178.948,0,0,0,178.948,0
70.9716,2.4057,0,0,5.5916,0.204774,0.36288,3.6288,61.308,0.391772,0,0,2.29966,0.169674,1.73821,0.66528,12.849,1,0.452222,0.36288,0,105.282,3.58729,101.605,0.84672,12.849,0.84672,3695.15,0,36.966,0.236221,4.87701,2.00142,15.0077,0.915534,20.7344,0.42336,36.966,0.42336,423.524,0,1.02816,0,0,5.90517,4.87701,1.028160,1,0,124.078,0,0,0,124.078,0
72.29,2.37085,0,0,5.16843,0.252903,1.22632,3.6288,61.308,0.428135,0,0,1.34432,0.170304,0.745884,0.66528,12.849,1,0.429228,1.22632,0,143.23,3.87398,140.153,0.84672,12.849,0.84672,3695.15,0,36.966,0.258146,5.50813,1.81512,13.2165,1.00252,19.2791,0.42336,36.966,0.42336,423.524,0,1.02816,0,0,6.53629,5.50813,1.028160,1,0,160.178,0,0,0,160.178,0
72.29,2.37787,0,0,15.7377,0.251905,13.1079,3.6288,61.308,0.428135,0,0,10.7653,0.184339,10.1528,0.66528,12.849,1,0.422648,13.1079,0,398.934,3.92576,407.693,0.84672,12.849,0.84672,3695.15,0,36.966,0.258146,9.8724,1.84931,39.2286,1.04248,49.6497,0.42336,36.966,0.42336,423.524,0,1.02816,0,0,10.9006,9.8724,1.028160,1,0,467.496,0,0,0,467.496,0
72.29,2.37824,0,0,8.89626,0.23797,6.28005,3.6288,61.308,0.428135,0,0,8.75474,0.191558,8.13505,0.66528,12.849,1,0.422714,6.28005,0,283.465,3.70326,285.619,0.84672,12.849,0.84672,3695.15,0,36.966,0.258146,4.30847,1.84939,29.9585,1.01209,34.8461,0.42336,36.966,0.42336,423.524,0,1.02816,0,0,5.33663,4.30847,1.028160,1,0,328.6,0,0,0,328.6,0
72.29,2.37861,0,0,6.82531,0.241994,4.20471,3.6288,61.308,0.428135,0,0,4.4359,0.154845,3.85292,0.66528,12.849,1,0.422781,4.20471,0,247.253,3.26199,247.773,0.84672,12.849,0.84672,3695.15,0,36.966,0.258146,6.76405,1.84948,23.7097,0.865917,31.1992,0.42336,36.966,0.42336,423.524,0,1.02816,0,0,7.79221,6.76405,1.028160,1,0,282.825,0,0,0,282.825,0
72.29,2.45504,0,0,5.5643,0.287328,2.82193,3.6288,61.308,0.461556,0,0,1.35267,0.170537,0.720577,0.66528,12.849,1,0.436364,2.82193,0,108.059,3.72992,106.714,0.84672,12.849,0.84672,3695.15,0,36.966,0.278298,3.10338,1.84956,12.2894,0.984099,15.98,0.42336,36.966,0.42336,423.524,0,1.02816,0,0,4.13154,3.10338,1.028160,1,0,123.415,0,0,0,123.415,0
72.29,2.50089,0,0,15.2566,0.289975,12.4657,3.6288,61.308,0.428131,0,0,4.71715,0.202676,4.08634,0.66528,12.849,1,0.444514,12.4657,0,298.88,4.21165,306.69,0.84672,12.849,0.84672,3695.15,0,36.966,0.258144,9.62885,1.90782,31.929,1.1741,42.0334,0.42336,36.966,0.42336,423.524,0,1.02816,0,0,10.657,9.62885,1.028160,1,0,352.809,0,0,0,352.809,0
72.29,2.50125,0,0,13.6022,0.289975,10.811,3.6288,61.308,0.428131,0,0,6.72144,0.202676,6.09064,0.66528,12.849,1,0.444578,10.811,0,388.562,4.21165,394.716,0.84672,12.849,0.84672,3695.15,0,36.966,0.258144,10.672,1.87654,33.3781,1.1741,44.4944,0.42336,36.966,0.42336,423.524,0,1.02816,0,0,11.7001,10.672,1.028160,1,0,445.301,0,0,0,445.301,0
72.29,2.50161,0,0,7.91312,0.296439,5.11507,3.6288,61.308,0.428131,0,0,3.40381,0.191773,2.7839,0.66528,12.849,1,0.444642,5.11507,0,196.54,4.11442,197.096,0.84672,12.849,0.84672,3695.15,0,36.966,0.258144,5.85954,1.87662,20.7801,1.14526,27.1129,0.42336,36.966,0.42336,423.524,0,1.02816,0,0,6.8877,5.85954,1.028160,1,0,226.993,0,0,0,226.993,0
72.29,2.69467,0,0,8.71741,0.293448,5.7293,3.6288,61.308,0.527991,0,0,3.27429,0.135578,2.61072,0.66528,12.849,1,0.478956,5.7293,0,186.964,3.29204,188.922,0.84672,12.849,0.84672,3695.15,0,36.966,0.318355,5.77331,1.8767,21.4794,1.0235,27.7875,0.42336,36.966,0.42336,423.524,0,1.02816,0,0,6.80147,5.77331,1.028160,1,0,219.32,0,0,0,219.32,0
72.29,2.69491,0,0,14.2903,0.261345,11.3341,3.6288,61.308,0.528098,0,0,5.33422,0.124398,4.68172,0.66528,12.849,1,0.479,11.3341,0,219.475,2.8791,227.451,0.84672,12.849,0.84672,3695.15,0,36.966,0.318419,9.97186,2.04298,32.3185,1.01269,43.0023,0.42336,36.966,0.42336,423.524,0,1.02816,0,0,11,9.97186,1.028160,1,0,275.135,0,0,0,275.135,0
72.29,2.69516,0,0,6.04892,0.261345,3.09241,3.6288,61.308,0.528204,0,0,2.76506,0.124398,2.11246,0.66528,12.849,1,0.479044,3.09241,0,348.527,2.8791,348.261,0.84672,12.849,0.84672,3695.15,0,36.966,0.318483,5.14998,2.04317,16.4197,1.01269,22.2817,0.42336,36.966,0.42336,423.524,0,1.02816,0,0,6.17814,5.14998,1.028160,1,0,372.656,0,0,0,372.656,0
72.29,2.6954,0,0,4.50549,0.265684,1.54441,3.6288,61.308,0.52831,0,0,2.19063,0.156545,1.50577,0.66528,12.849,1,0.479087,1.54441,0,163.032,3.26421,160.834,0.84672,12.849,0.84672,3695.15,0,36.966,0.318548,4.22989,2.04335,12.2799,1.07925,17.1554,0.42336,36.966,0.42336,423.524,0,1.02816,0,0,5.25805,4.22989,1.028160,1,0,179.495,0,0,0,179.495,0
72.29,2.40148,0,0,5.38073,0.313884,2.66537,3.6288,61.308,0.383528,0,0,2.6102,0.199361,2.02731,0.66528,12.849,1,0.426844,2.66537,0,167.846,3.57431,166.51,0.84672,12.849,0.84672,3695.15,0,36.966,0.23125,5.31308,2.04354,13.8529,1.04545,19.9329,0.42336,36.966,0.42336,423.524,0,1.02816,0,0,6.34124,5.31308,1.028160,1,0,188.47,0,0,0,188.47,0
72.29,2.34112,0,0,5.43655,0.341899,2.75353,3.6288,61.308,0.428127,0,0,2.32876,0.171199,1.72943,0.66528,12.849,1,0.416116,2.75353,0,143.768,3.0848,143.02,0.84672,12.849,0.84672,3695.15,0,36.966,0.258142,4.76552,1.79936,12.1437,0.895284,17.5551,0.42336,36.966,0.42336,423.524,0,1.02816,0,0,5.79368,4.76552,1.028160,1,0,162.305,0,0,0,162.305,0
72.29,2.34146,0,0,4.93929,0.341899,2.25593,3.6288,61.308,0.428128,0,0,2.0645,0.171199,1.46518,0.66528,12.849,1,0.416177,2.25593,0,128.823,3.0848,127.578,0.84672,12.849,0.84672,3695.15,0,36.966,0.258142,5.32526,1.84127,11.3668,0.895284,17.3799,0.42336,36.966,0.42336,423.524,0,1.02816,0,0,6.35342,5.32526,1.028160,1,0,146.423,0,0,0,146.423,0
72.29,2.34181,0,0,7.26488,0.341899,4.58118,3.6288,61.308,0.428128,0,0,2.52221,0.171199,1.92288,0.66528,12.849,1,0.416239,4.58118,0,175.104,3.0848,176.184,0.84672,12.849,0.84672,3695.15,0,36.966,0.258142,6.04342,1.84135,16.0227,0.895284,22.7541,0.42336,36.966,0.42336,423.524,0,1.02816,0,0,7.07158,6.04342,1.028160,1,0,200.861,0,0,0,200.861,0
72.29,2.34215,0,0,5.70097,0.341614,3.01721,3.6288,61.308,0.428128,0,0,2.13919,0.164863,1.5462,0.66528,12.849,1,0.4163,3.01721,0,147.571,3.12297,147.049,0.84672,12.849,0.84672,3695.15,0,36.966,0.258142,5.37712,1.84143,13.5111,0.899414,19.5721,0.42336,36.966,0.42336,423.524,0,1.02816,0,0,6.40528,5.37712,1.028160,1,0,168.167,0,0,0,168.167,0
72.29,2.43028,0,0,5.15524,0.348015,2.37694,3.6288,61.308,0.469369,0,0,1.99453,0.189559,1.3356,0.66528,12.849,1,0.431964,2.37694,0,91.9261,4.01111,89.86,0.84672,12.849,0.84672,3695.15,0,36.966,0.283008,4.21743,1.8415,13.111,0.979783,17.9072,0.42336,36.966,0.42336,423.524,0,1.02816,0,0,5.24559,4.21743,1.028160,1,0,109.103,0,0,0,109.103,0
72.29,2.48677,0,0,4.98601,0.348015,2.15123,3.6288,61.308,0.428131,0,0,2.01747,0.189559,1.39978,0.66528,12.849,1,0.442004,2.15123,0,145.981,4.01111,143.68,0.84672,12.849,0.84672,3695.15,0,36.966,0.258144,4.34632,1.91203,13.0693,0.979783,18.0897,0.42336,36.966,0.42336,423.524,0,1.02816,0,0,5.37448,4.34632,1.028160,1,0,163.169,0,0,0,163.169,0
72.29,2.48713,0,0,4.92158,0.348015,2.08644,3.6288,61.308,0.428131,0,0,2.13192,0.189559,1.51423,0.66528,12.849,1,0.442068,2.08644,0,94.3402,4.01111,91.9734,0.84672,12.849,0.84672,3695.15,0,36.966,0.258144,4.82796,1.87342,12.9978,0.979783,18.4612,0.42336,36.966,0.42336,423.524,0,1.02816,0,0,5.85612,4.82796,1.028160,1,0,111.949,0,0,0,111.949,0
72.29,2.48748,0,0,5.39952,0.305881,2.60615,3.6288,61.308,0.428131,0,0,2.33139,0.209178,1.69408,0.66528,12.849,1,0.442131,2.60615,0,82.8775,4.18408,80.8574,0.84672,12.849,0.84672,3695.15,0,36.966,0.258144,6.21616,1.8735,12.6432,0.990112,19.4846,0.42336,36.966,0.42336,423.524,0,1.02816,0,0,7.24432,6.21616,1.028160,1,0,102.036,0,0,0,102.036,0
72.29,2.45351,0,0,4.23656,0.24153,1.54152,3.6288,61.308,0.412108,0,0,1.68473,0.219149,1.05347,0.66528,12.849,1,0.436092,1.54152,0,67.9959,4.43164,64.6697,0.84672,12.849,0.84672,3695.15,0,36.966,0.248483,2.65108,1.87358,8.94361,1.01068,12.2091,0.42336,36.966,0.42336,423.524,0,1.02816,0,0,3.67924,2.65108,1.028160,1,0,77.9323,0,0,0,77.9323,0
72.29,2.43205,0,0,3.38949,0.240168,0.717268,3.6288,61.308,0.42813,0,0,1.29396,0.216452,0.64938,0.66528,12.849,1,0.432279,0.717268,0,57.3826,4.43447,53.2332,0.84672,12.849,0.84672,3695.15,0,36.966,0.258143,1.84053,1.84624,6.96557,1.01182,9.38237,0.42336,36.966,0.42336,423.524,0,1.02816,0,0,2.86869,1.84053,1.028160,1,0,63.2649,0,0,0,63.2649,0
72.1737,2.43241,0,0,2.91911,0.240168,0.36288,3.6288,61.308,0.42813,0,0,1.20063,0.216452,0.55605,0.66528,12.849,1,0.432342,0.36288,0,51.4654,4.43447,46.9614,0.84672,12.849,0.84672,3695.15,0,36.966,0.258143,1.5255,1.86135,6.5122,1.01182,8.62909,0.42336,36.966,0.42336,423.524,0,1.02816,0,0,2.55366,1.5255,1.028160,1,0,56.1466,0,0,0,56.1466,0
72.1216,2.43217,0,0,2.98293,0.239956,0.36288,3.6288,61.308,0.42813,0,0,1.1158,0.216452,0.471214,0.66528,12.849,1,0.432996,0.36288,0,52.3085,4.43447,47.8039,0.84672,12.849,0.84672,3695.15,0,36.966,0.258143,0.973823,1.86143,6.81946,1.01182,8.38474,0.42336,36.966,0.42336,423.524,0,1.02816,0,0,2.00198,0.973823,1.028160,1,0,56.6598,0,0,0,56.6598,0
72.29,2.54881,0,0,3.32334,0.210347,0.395772,3.6288,61.308,0.484974,0,0,1.24005,0.225928,0.529146,0.66528,12.849,1,0.454089,0.395772,0,58.5931,4.75213,53.7827,0.84672,12.849,0.84672,3695.15,0,36.966,0.292418,1.02297,1.8615,6.69523,1.03082,8.25646,0.42336,36.966,0.42336,423.524,0,1.02816,0,0,2.05113,1.02297,1.028160,1,0,62.5683,0,0,0,62.5683,0
72.29,2.57464,0,0,3.32783,0.201128,0.552058,3.6288,61.308,0.466926,0,0,1.29367,0.213953,0.612788,0.66528,12.849,1,0.457623,0.552058,0,59.1476,4.68274,54.5593,0.84672,12.849,0.84672,3695.15,0,36.966,0.281536,1.15292,1.95771,6.40509,1.03002,8.20417,0.42336,36.966,0.42336,423.524,0,1.02816,0,0,2.18108,1.15292,1.028160,1,0,63.3763,0,0,0,63.3763,0
72.1331,2.57487,0,0,2.9278,0.146916,0.36288,3.6288,61.308,0.467027,0,0,1.10233,0.212483,0.422816,0.66528,12.849,1,0.457664,0.36288,0,51.0812,4.64992,46.3365,0.84672,12.849,0.84672,3695.15,0,36.966,0.281597,1.15339,1.94086,5.89358,0.97818,7.72805,0.42336,36.966,0.42336,423.524,0,1.02816,0,0,2.18155,1.15339,1.028160,1,0,54.4874,0,0,0,54.4874,0
71.8911,2.57426,0,0,2.84187,0.146741,0.36288,3.6288,61.308,0.467128,0,0,1.17064,0.212483,0.491032,0.66528,12.849,1,0.458551,0.36288,0,48.6881,4.64992,43.9425,0.84672,12.849,0.84672,3695.15,0,36.966,0.281657,1.12837,1.94104,6.2695,0.97818,8.07907,0.42336,36.966,0.42336,423.524,0,1.02816,0,0,2.15653,1.12837,1.028160,1,0,52.5126,0,0,0,52.5126,0
71.5326,2.57319,0,0,2.7234,0.145802,0.36288,3.6288,61.308,0.467229,0,0,1.13473,0.20992,0.457578,0.66528,12.849,1,0.459902,0.36288,0,46.0109,4.57495,41.3389,0.84672,12.849,0.84672,3695.15,0,36.966,0.281718,1.03427,1.94122,5.70048,0.979174,7.41508,0.42336,36.966,0.42336,423.524,0,1.02816,0,0,2.06243,1.03427,1.028160,1,0,49.2115,0,0,0,49.2115,0
71.1994,2.54844,0,0,2.71946,0.141398,0.36288,3.6288,61.308,0.498586,0,0,1.11355,0.19454,0.420423,0.66528,12.849,1,0.457761,0.36288,0,46.9629,4.12513,42.7429,0.84672,12.849,0.84672,3695.15,0,36.966,0.300625,1.14616,1.94139,4.8652,0.985136,6.66699,0.42336,36.966,0.42336,423.524,0,1.02816,0,0,2.17432,1.14616,1.028160,1,0,49.8303,0,0,0,49.8303,0
70.6091,2.54685,0,0,2.4605,0.141038,0.36288,3.6288,61.308,0.49869,0,0,1.0334,0.19454,0.340166,0.66528,12.849,1,0.459618,0.36288,0,42.173,4.12513,37.9511,0.84672,12.849,0.84672,3695.15,0,36.966,0.300688,0.876459,1.97519,4.66615,0.985136,6.23198,0.42336,36.966,0.42336,423.524,0,1.02816,0,0,1.90462,0.876459,1.028160,1,0,44.5232,0,0,0,44.5232,0
69.9344,2.54383,0,0,2.34415,0.112204,0.36288,3.6288,61.308,0.498793,0,0,0.97778,0.260355,0.218632,0.66528,12.849,1,0.462911,0.36288,0,38.2056,4.97203,33.1336,0.84672,12.849,0.84672,3695.15,0,36.966,0.30075,0.885764,1.97537,4.42088,1.29427,5.68699,0.42336,36.966,0.42336,423.524,0,1.02816,0,0,1.91392,0.885764,1.028160,1,0,39.0392,0,0,0,39.0392,0
69.0053,2.54029,0,0,2.08109,0.106947,0.36288,3.6288,61.308,0.498897,0,0,0.91425,0.271324,0.14403,0.66528,12.849,1,0.466726,0.36288,0,34.9433,5.11318,29.7262,0.84672,12.849,0.84672,3695.15,0,36.966,0.300813,0.833432,1.97555,4.27516,1.34579,5.43753,0.42336,36.966,0.42336,423.524,0,1.02816,0,0,1.86159,0.833432,1.028160,1,0,35.3078,0,0,0,35.3078,0
68.2587,2.59439,0,0,2.31514,0.104521,0.36288,3.6288,61.308,0.526867,0,0,1.09706,0.303268,0.26692,0.66528,12.849,1,0.483083,0.36288,0,41.1133,5.63593,35.3571,0.84672,12.849,0.84672,3695.15,0,36.966,0.317678,0.903269,1.97573,4.30406,1.43483,5.43054,0.42336,36.966,0.42336,423.524,0,1.02816,0,0,1.93143,0.903269,1.028160,1,0,41.0546,0,0,0,41.0546,0
67.5065,2.59018,0,0,2.30418,0.103254,0.36288,3.6288,61.308,0.526973,0,0,1.01288,0.316046,0.169865,0.66528,12.849,1,0.487575,0.36288,0,41.0638,5.84504,35.0941,0.84672,12.849,0.84672,3695.15,0,36.966,0.317742,1.01559,2.02357,4.54888,1.47045,5.79985,0.42336,36.966,0.42336,423.524,0,1.02816,0,0,2.04375,1.01559,1.028160,1,0,41.0638,0,0,0,41.0638,0
66.6113,2.58585,0,0,2.15617,0.102646,0.36288,3.6288,61.308,0.52708,0,0,0.937561,0.316046,0.0944352,0.66528,12.849,1,0.492183,0.36288,0,37.0703,5.84504,31.0959,0.84672,12.849,0.84672,3695.15,0,36.966,0.317806,0.927875,2.02375,4.05982,1.47045,5.2232,0.42336,36.966,0.42336,423.524,0,1.02816,0,0,1.95604,0.927875,1.028160,1,0,36.4136,0,0,0,36.4136,0
65.5455,2.58054,0,0,1.97948,0.101922,0.36288,3.6288,61.308,0.527186,0,0,0.927279,0.316046,0.0840474,0.66528,12.849,1,0.497774,0.36288,0,33.8866,5.84504,27.9067,0.84672,12.849,0.84672,3695.15,0,36.966,0.31787,0.767223,2.02394,3.97067,1.47045,4.97351,0.42336,36.966,0.42336,423.524,0,1.02816,0,0,1.79538,0.767223,1.028160,1,0,32.9642,0,0,0,32.9642,0
64.7072,2.69158,0,0,2.31236,0.0961609,0.36288,3.6288,61.308,0.602796,0,0,1.09178,0.315833,0.173157,0.66528,12.849,1,0.527635,0.36288,0,32.724,6.09834,26.4609,0.84672,12.849,0.84672,3695.15,0,36.966,0.363459,1.22609,2.02412,5.93072,1.52858,7.28889,0.42336,36.966,0.42336,423.524,0,1.02816,0,0,2.25425,1.22609,1.028160,1,0,33.9229,0,0,0,33.9229,0
63.6595,2.68612,0,0,2.11778,0.11645,0.36288,3.6288,61.308,0.602909,0,0,1.01295,0.336967,0.0730782,0.66528,12.849,1,0.533386,0.36288,0,26.7354,6.23637,20.3285,0.84672,12.849,0.84672,3695.15,0,36.966,0.363527,0.928714,2.14417,4.75754,1.54484,5.92205,0.42336,36.966,0.42336,423.524,0,1.02816,0,0,1.95687,0.928714,1.028160,1,0,26.3236,0,0,0,26.3236,0
62.3606,2.67906,0,0,1.85844,0.115468,0.36288,3.6288,61.308,0.603022,0,0,0.977244,0.336967,0.0372559,0.66528,12.849,1,0.54074,0.36288,0,33.9854,6.23637,27.5712,0.84672,12.849,0.84672,3695.15,0,36.966,0.363595,0.841545,2.14436,4.56856,1.54484,5.64603,0.42336,36.966,0.42336,423.524,0,1.02816,0,0,1.8697,0.841545,1.028160,1,0,33.2545,0,0,0,33.2545,0
61.1115,2.66996,0,0,1.89804,0.11425,0.36288,3.6288,61.308,0.603135,0,0,1.121,0.336967,0.180895,0.66528,12.849,1,0.550129,0.36288,0,29.4398,6.23637,23.0161,0.84672,12.849,0.84672,3695.15,0,36.966,0.363664,0.947523,2.14456,4.7444,1.54484,5.92797,0.42336,36.966,0.42336,423.524,0,1.02816,0,0,1.97568,0.947523,1.028160,1,0,29.125,0,0,0,29.125,0
59.8886,2.66091,0,0,1.91509,0.114241,0.36288,3.6288,61.308,0.603248,0,0,1.1295,0.330072,0.196178,0.66528,12.849,1,0.55947,0.36288,0,29.8714,6.05152,23.6233,0.84672,12.849,0.84672,3695.15,0,36.966,0.363732,1.43021,2.14475,6.06838,1.47289,7.80672,0.42336,36.966,0.42336,423.524,0,1.02816,0,0,2.45837,1.43021,1.028160,1,0,31.6262,0,0,0,31.6262,0
59.665,2.57084,0,0,2.89261,0.182472,0.36288,3.6288,61.308,0.54347,0,0,1.33282,0.28084,0.508506,0.66528,12.849,1,0.55157,0.36288,0,32.9263,4.46324,28.2743,0.84672,12.849,0.84672,3695.15,0,36.966,0.327688,1.34808,2.14495,8.16877,1.27382,10.0603,0.42336,36.966,0.42336,423.524,0,1.02816,0,0,2.37624,1.34808,1.028160,1,0,38.8431,0,0,0,38.8431,0
59.891,2.56937,0,0,3.35425,0.19601,0.36288,3.6288,61.308,0.543577,0,0,1.72956,0.28587,0.900116,0.66528,12.849,1,0.553321,0.36288,0,34.5833,4.54461,29.8483,0.84672,12.849,0.84672,3695.15,0,36.966,0.327753,1.86204,2.05255,11.2651,1.32042,13.5315,0.42336,36.966,0.42336,423.524,0,1.02816,0,0,2.8902,1.86204,1.028160,1,0,44.2799,0,0,0,44.2799,0
60.0129,2.57133,0,0,3.2526,0.196435,0.36288,3.6288,61.308,0.543685,0,0,1.72166,0.28587,0.892103,0.66528,12.849,1,0.551652,0.36288,0,47.7289,4.54461,42.9955,0.84672,12.849,0.84672,3695.15,0,36.966,0.327818,1.84499,2.05274,11.2952,1.32042,13.5447,0.42336,36.966,0.42336,423.524,0,1.02816,0,0,2.87315,1.84499,1.028160,1,0,57.4324,0,0,0,57.4324,0
60.5305,2.57248,0,0,3.64955,0.196664,0.36288,3.6288,61.308,0.543793,0,0,2.45108,0.28587,1.62142,0.66528,12.849,1,0.550779,0.36288,0,111.954,4.54461,107.221,0.84672,12.849,0.84672,3695.15,0,36.966,0.327883,2.50474,2.05293,15.6336,1.32042,18.543,0.42336,36.966,0.42336,423.524,0,1.02816,0,0,3.5329,2.50474,1.028160,1,0,127.386,0,0,0,127.386,0
61.6677,2.56071,0,0,4.28919,0.228314,0.36288,3.6288,61.308,0.512192,0,0,1.62974,0.242772,0.874774,0.66528,12.849,1,0.543571,0.36288,0,99.2676,4.37115,94.7157,0.84672,12.849,0.84672,3695.15,0,36.966,0.308829,1.54438,2.05311,11.1072,1.1571,13.2388,0.42336,36.966,0.42336,423.524,0,1.02816,0,0,2.57254,1.54438,1.028160,1,0,108.829,0,0,0,108.829,0
62.704,2.56924,0,0,4.22209,0.253741,0.36288,3.6288,61.308,0.512297,0,0,1.34027,0.210447,0.617527,0.66528,12.849,1,0.535324,0.36288,0,67.142,4.24105,62.7285,0.84672,12.849,0.84672,3695.15,0,36.966,0.308892,1.40938,2.01042,9.11503,1.03461,11.1913,0.42336,36.966,0.42336,423.524,0,1.02816,0,0,2.43754,1.40938,1.028160,1,0,74.5374,0,0,0,74.5374,0
65.7077,2.57682,0,0,6.19938,0.255911,0.36288,3.6288,61.308,0.512401,0,0,2.19906,0.210447,1.47621,0.66528,12.849,1,0.52803,0.36288,0,102.832,4.24105,98.4262,0.84672,12.849,0.84672,3695.15,0,36.966,0.308955,2.19034,2.0106,11.6141,1.03461,14.4714,0.42336,36.966,0.42336,423.524,0,1.02816,0,0,3.2185,2.19034,1.028160,1,0,114.374,0,0,0,114.374,0
67.9299,2.59725,0,0,5.45149,0.269193,0.36288,3.6288,61.308,0.512506,0,0,1.88819,0.194336,1.18134,0.66528,12.849,1,0.507885,0.36288,0,89.4482,4.24866,85.0545,0.84672,12.849,0.84672,3695.15,0,36.966,0.309019,2.05043,2.01079,12.9368,1.08198,15.6071,0.42336,36.966,0.42336,423.524,0,1.02816,0,0,3.07859,2.05043,1.028160,1,0,101.843,0,0,0,101.843,0
70.6407,2.41478,0,0,5.80117,0.312721,0.36288,3.6288,61.308,0.396693,0,0,1.69894,0.191916,1.11033,0.66528,12.849,1,0.456758,0.36288,0,85.0522,4.24124,80.717,0.84672,12.849,0.84672,3695.15,0,36.966,0.239188,1.9627,2.01097,12.5354,1.08838,15.1815,0.42336,36.966,0.42336,423.524,0,1.02816,0,0,2.99086,1.9627,1.028160,1,0,97.0089,0,0,0,97.0089,0
72.29,2.38733,0,0,6.19205,0.309862,1.84557,3.6288,61.308,0.428129,0,0,1.64881,0.204358,1.01633,0.66528,12.849,1,0.434236,1.84557,0,101.297,4.00281,98.7056,0.84672,12.849,0.84672,3695.15,0,36.966,0.258143,2.0162,1.82376,10.5913,1.09947,13.0736,0.42336,36.966,0.42336,423.524,0,1.02816,0,0,3.04436,2.0162,1.028160,1,0,112.796,0,0,0,112.796,0
72.29,2.39609,0,0,6.09699,0.313789,3.38711,3.6288,61.308,0.428129,0,0,1.59412,0.204358,0.961637,0.66528,12.849,1,0.425886,3.38711,0,117.975,4.00281,116.933,0.84672,12.849,0.84672,3695.15,0,36.966,0.258143,1.65886,1.85333,10.5861,1.09947,12.7407,0.42336,36.966,0.42336,423.524,0,1.02816,0,0,2.68702,1.65886,1.028160,1,0,130.636,0,0,0,130.636,0
72.29,2.39644,0,0,8.52368,0.313789,5.81345,3.6288,61.308,0.428129,0,0,2.11158,0.204358,1.47909,0.66528,12.849,1,0.425949,5.81345,0,134.056,4.00281,135.44,0.84672,12.849,0.84672,3695.15,0,36.966,0.258143,2.37309,1.85341,16.8401,1.09947,19.709,0.42336,36.966,0.42336,423.524,0,1.02816,0,0,3.40125,2.37309,1.028160,1,0,156.628,0,0,0,156.628,0
72.29,2.39679,0,0,5.85538,0.319016,3.13958,3.6288,61.308,0.428129,0,0,1.97672,0.20313,1.34546,0.66528,12.849,1,0.426011,3.13958,0,149.583,4.05367,148.243,0.84672,12.849,0.84672,3695.15,0,36.966,0.258143,1.92612,1.85348,10.0467,1.0915,12.4766,0.42336,36.966,0.42336,423.524,0,1.02816,0,0,2.95428,1.92612,1.028160,1,0,162.065,0,0,0,162.065,0
72.0439,2.47355,0,0,2.92839,0.338027,0.36288,3.6288,61.308,0.461708,0,0,1.11046,0.175411,0.473337,0.66528,12.849,1,0.439655,0.36288,0,88.7069,3.18842,85.4417,0.84672,12.849,0.84672,3695.15,0,36.966,0.278389,1.36133,1.85356,11.2775,0.872814,13.3412,0.42336,36.966,0.42336,423.524,0,1.02816,0,0,2.38949,1.36133,1.028160,1,0,99.2562,0,0,0,99.2562,0
72.1547,2.51461,0,0,3.32357,0.335341,0.36288,3.6288,61.308,0.430835,0,0,1.4748,0.172018,0.871943,0.66528,12.849,1,0.448479,0.36288,0,100.2,2.99334,97.1209,0.84672,12.849,0.84672,3695.15,0,36.966,0.259774,1.64781,1.91209,10.9902,0.84434,13.446,0.42336,36.966,0.42336,423.524,0,1.02816,0,0,2.67597,1.64781,1.028160,1,0,111.439,0,0,0,111.439,0
72.29,2.51541,0,0,7.33629,0.335623,4.34993,3.6288,61.308,0.430926,0,0,1.90234,0.172018,1.29939,0.66528,12.849,1,0.447933,4.34993,0,108.772,2.99334,109.68,0.84672,12.849,0.84672,3695.15,0,36.966,0.259829,2.55671,1.8832,18.5908,0.84434,21.9265,0.42336,36.966,0.42336,423.524,0,1.02816,0,0,3.58487,2.55671,1.028160,1,0,132.906,0,0,0,132.906,0
72.29,2.51633,0,0,10.7492,0.282731,7.95013,3.6288,61.308,0.431017,0,0,2.33124,0.151107,1.74912,0.66528,12.849,1,0.447259,7.95013,0,192.378,2.75556,197.126,0.84672,12.849,0.84672,3695.15,0,36.966,0.259884,3.40025,1.88336,25.2043,0.82359,29.4044,0.42336,36.966,0.42336,423.524,0,1.02816,0,0,4.42841,3.40025,1.028160,1,0,228.279,0,0,0,228.279,0
72.29,2.70735,0,0,6.02086,0.289168,3.02434,3.6288,61.308,0.533496,0,0,1.53544,0.151607,0.850338,0.66528,12.849,1,0.481211,3.02434,0,161.943,2.88567,161.6,0.84672,12.849,0.84672,3695.15,0,36.966,0.321674,2.06328,1.88352,17.6498,0.788168,20.4868,0.42336,36.966,0.42336,423.524,0,1.02816,0,0,3.09144,2.06328,1.028160,1,0,182.938,0,0,0,182.938,0
72.29,2.70758,0,0,4.87285,0.309579,1.85569,3.6288,61.308,0.533595,0,0,1.16761,0.15692,0.477095,0.66528,12.849,1,0.481252,1.85569,0,84.7014,3.11199,82.9638,0.84672,12.849,0.84672,3695.15,0,36.966,0.321734,1.59878,2.0526,9.50685,0.745549,12.0909,0.42336,36.966,0.42336,423.524,0,1.02816,0,0,2.62694,1.59878,1.028160,1,0,95.5319,0,0,0,95.5319,0
72.29,2.70781,0,0,4.45477,0.293982,1.45298,3.6288,61.308,0.533695,0,0,1.25019,0.179131,0.537365,0.66528,12.849,1,0.481293,1.45298,0,80.0202,3.89412,77.0978,0.84672,12.849,0.84672,3695.15,0,36.966,0.321794,1.71755,2.05277,11.005,1.00657,13.447,0.42336,36.966,0.42336,423.524,0,1.02816,0,0,2.74571,1.71755,1.028160,1,0,91.0821,0,0,0,91.0821,0
72.29,2.70804,0,0,5.03566,0.265727,2.06189,3.6288,61.308,0.533794,0,0,1.1791,0.184248,0.461058,0.66528,12.849,1,0.481333,2.06189,0,84.6513,4.19488,82.0369,0.84672,12.849,0.84672,3695.15,0,36.966,0.321854,1.84635,2.05294,12.558,1.07649,15.0589,0.42336,36.966,0.42336,423.524,0,1.02816,0,0,2.87451,1.84635,1.028160,1,0,97.5569,0,0,0,97.5569,0
72.29,2.41272,0,0,5.32716,0.283026,2.63142,3.6288,61.308,0.388327,0,0,2.41056,0.179342,1.84289,0.66528,12.849,1,0.428843,2.63142,0,95.7053,3.90927,93.9986,0.84672,12.849,0.84672,3695.15,0,36.966,0.234144,3.863,2.05312,15.4811,0.9114,20.2516,0.42336,36.966,0.42336,423.524,0,1.02816,0,0,4.89116,3.863,1.028160,1,0,116.093,0,0,0,116.093,0
72.29,2.35888,0,0,8.17321,0.335485,5.47884,3.6288,61.308,0.428122,0,0,4.20624,0.159142,3.61897,0.66528,12.849,1,0.419273,5.47884,0,103.187,4.02381,104.222,0.84672,12.849,0.84672,3695.15,0,36.966,0.258138,5.55769,1.80779,16.8308,0.961797,22.9763,0.42336,36.966,0.42336,423.524,0,1.02816,0,0,6.58585,5.55769,1.028160,1,0,130.818,0,0,0,130.818,0
72.29,2.3592,0,0,6.64666,0.335485,3.95197,3.6288,61.308,0.428122,0,0,2.81208,0.159142,2.22481,0.66528,12.849,1,0.419331,3.95197,0,92.2035,4.02381,91.7123,0.84672,12.849,0.84672,3695.15,0,36.966,0.258138,3.16968,1.84519,11.7828,0.961797,15.5777,0.42336,36.966,0.42336,423.524,0,1.02816,0,0,4.19784,3.16968,1.028160,1,0,109.515,0,0,0,109.515,0
72.29,2.35953,0,0,4.66341,0.335485,1.96839,3.6288,61.308,0.428122,0,0,2.13073,0.159142,1.54346,0.66528,12.849,1,0.419388,1.96839,0,89.78,4.02381,87.3052,0.84672,12.849,0.84672,3695.15,0,36.966,0.258138,2.60458,1.84526,10.6411,0.961797,13.871,0.42336,36.966,0.42336,423.524,0,1.02816,0,0,3.63274,2.60458,1.028160,1,0,102.72,0,0,0,102.72,0
72.29,2.35985,0,0,4.75985,0.278844,2.12115,3.6288,61.308,0.428122,0,0,1.61954,0.129061,1.06236,0.66528,12.849,1,0.419446,2.12115,0,78.1151,3.58784,76.229,0.84672,12.849,0.84672,3695.15,0,36.966,0.258138,1.96414,1.84533,9.69512,0.899169,12.3473,0.42336,36.966,0.42336,423.524,0,1.02816,0,0,2.9923,1.96414,1.028160,1,0,89.6386,0,0,0,89.6386,0
72.29,2.44837,0,0,5.95273,0.313551,3.19081,3.6288,61.308,0.469555,0,0,2.40265,0.156282,1.77681,0.66528,12.849,1,0.435179,3.19081,0,96.6756,4.00459,95.4266,0.84672,12.849,0.84672,3695.15,0,36.966,0.283121,2.42044,1.8454,14.2849,1.10808,17.1595,0.42336,36.966,0.42336,423.524,0,1.02816,0,0,3.4486,2.42044,1.028160,1,0,114.363,0,0,0,114.363,0
72.29,2.50215,0,0,7.98267,0.313551,5.16697,3.6288,61.308,0.430288,0,0,3.35553,0.156282,2.76896,0.66528,12.849,1,0.444738,5.16697,0,132.474,4.00459,133.191,0.84672,12.849,0.84672,3695.15,0,36.966,0.259444,4.46892,1.91625,20.6103,1.10808,25.6279,0.42336,36.966,0.42336,423.524,0,1.02816,0,0,5.49708,4.46892,1.028160,1,0,161.588,0,0,0,161.588,0
72.29,2.50236,0,0,5.81024,0.313551,2.99432,3.6288,61.308,0.430378,0,0,2.66223,0.156282,2.07557,0.66528,12.849,1,0.444775,2.99432,0,93.6913,4.00459,92.2363,0.84672,12.849,0.84672,3695.15,0,36.966,0.259499,2.63912,1.87949,15.9109,1.10808,19.0619,0.42336,36.966,0.42336,423.524,0,1.02816,0,0,3.66728,2.63912,1.028160,1,0,113.374,0,0,0,113.374,0
72.29,2.50257,0,0,4.9263,0.297005,2.12673,3.6288,61.308,0.430469,0,0,2.13201,0.161078,1.54046,0.66528,12.849,1,0.444813,2.12673,0,78.4486,4.00962,76.1209,0.84672,12.849,0.84672,3695.15,0,36.966,0.259554,2.12225,1.87965,12.4772,1.11461,15.1049,0.42336,36.966,0.42336,423.524,0,1.02816,0,0,3.15041,2.12225,1.028160,1,0,92.7663,0,0,0,92.7663,0
72.29,2.46829,0,0,5.88914,0.22749,3.19337,3.6288,61.308,0.414463,0,0,2.07517,0.189707,1.471,0.66528,12.849,1,0.43872,3.19337,0,91.724,4.4561,90.0225,0.84672,12.849,0.84672,3695.15,0,36.966,0.249902,2.47548,1.87981,15.4649,1.16105,18.4092,0.42336,36.966,0.42336,423.524,0,1.02816,0,0,3.50364,2.47548,1.028160,1,0,109.903,0,0,0,109.903,0
72.29,2.45003,0,0,5.446,0.21559,2.78038,3.6288,61.308,0.428124,0,0,1.91585,0.193656,1.29407,0.66528,12.849,1,0.435474,2.78038,0,83.5341,4.55815,81.3209,0.84672,12.849,0.84672,3695.15,0,36.966,0.25814,2.30158,1.85242,13.45,1.17237,16.1735,0.42336,36.966,0.42336,423.524,0,1.02816,0,0,3.32974,2.30158,1.028160,1,0,98.7884,0,0,0,98.7884,0
72.29,2.45036,0,0,4.80636,0.21559,2.14042,3.6288,61.308,0.428124,0,0,1.79272,0.193656,1.17094,0.66528,12.849,1,0.435533,2.14042,0,72.8119,4.55815,69.9586,0.84672,12.849,0.84672,3695.15,0,36.966,0.25814,1.88518,1.86531,11.8852,1.17237,14.2052,0.42336,36.966,0.42336,423.524,0,1.02816,0,0,2.91334,1.88518,1.028160,1,0,85.3347,0,0,0,85.3347,0
72.29,2.45069,0,0,4.33089,0.21559,1.66461,3.6288,61.308,0.428124,0,0,1.58877,0.193656,0.966986,0.66528,12.849,1,0.435591,1.66461,0,63.5584,4.55815,60.2293,0.84672,12.849,0.84672,3695.15,0,36.966,0.25814,1.58992,1.86538,10.733,1.17237,12.7578,0.42336,36.966,0.42336,423.524,0,1.02816,0,0,2.61808,1.58992,1.028160,1,0,73.954,0,0,0,73.954,0
72.29,2.56815,0,0,4.17648,0.186978,1.42135,3.6288,61.308,0.48523,0,0,1.55623,0.169084,0.901915,0.66528,12.849,1,0.456469,1.42135,0,61.6823,3.90032,58.7469,0.84672,12.849,0.84672,3695.15,0,36.966,0.292572,1.52776,1.86545,10.012,1.01916,12.0935,0.42336,36.966,0.42336,423.524,0,1.02816,0,0,2.55592,1.52776,1.028160,1,0,71.7423,0,0,0,71.7423,0
72.29,2.58647,0,0,3.99813,0.174674,1.23698,3.6288,61.308,0.472021,0,0,1.13718,0.193321,0.471838,0.66528,12.849,1,0.459726,1.23698,0,54.3082,3.91327,51.1722,0.84672,12.849,0.84672,3695.15,0,36.966,0.284608,1.52846,1.9621,9.65909,1.16263,11.7024,0.42336,36.966,0.42336,423.524,0,1.02816,0,0,2.55662,1.52846,1.028160,1,0,63.3464,0,0,0,63.3464,0
72.29,2.58669,0,0,3.5876,0.136152,0.86476,3.6288,61.308,0.472115,0,0,1.105,0.195263,0.437617,0.66528,12.849,1,0.459765,0.86476,0,47.506,3.97814,43.9329,0.84672,12.849,0.84672,3695.15,0,36.966,0.284664,1.5398,1.94979,9.02785,1.12167,11.1111,0.42336,36.966,0.42336,423.524,0,1.02816,0,0,2.56796,1.5398,1.028160,1,0,55.4816,0,0,0,55.4816,0
72.29,2.58691,0,0,3.54265,0.136152,0.819586,3.6288,61.308,0.472209,0,0,1.2002,0.195263,0.532727,0.66528,12.849,1,0.459804,0.819586,0,45.9405,3.97814,42.3222,0.84672,12.849,0.84672,3695.15,0,36.966,0.284721,1.48588,1.94995,9.89798,1.12167,11.9274,0.42336,36.966,0.42336,423.524,0,1.02816,0,0,2.51404,1.48588,1.028160,1,0,54.7823,0,0,0,54.7823,0
72.29,2.58713,0,0,3.31328,0.136152,0.590001,3.6288,61.308,0.472304,0,0,1.10748,0.195263,0.439908,0.66528,12.849,1,0.459843,0.590001,0,42.9742,3.97814,39.1262,0.84672,12.849,0.84672,3695.15,0,36.966,0.284778,1.38218,1.95012,8.69089,1.12167,10.6167,0.42336,36.966,0.42336,423.524,0,1.02816,0,0,2.41034,1.38218,1.028160,1,0,50.1828,0,0,0,50.1828,0
71.3907,2.56418,0,0,2.13179,0.10399,0.36288,3.6288,61.308,0.503798,0,0,0.774671,0.239643,0.0312303,0.66528,12.849,1,0.455763,0.36288,0,33.5488,5.00766,28.4482,0.84672,12.849,0.84672,3695.15,0,36.966,0.303768,0.490666,1.95028,5.01949,1.20377,5.9529,0.42336,36.966,0.42336,423.524,0,1.02816,0,0,1.51883,0.490666,1.028160,1,0,34.4324,0,0,0,34.4324,0
70.3241,2.55953,0,0,1.95904,0.10328,0.36288,3.6288,61.308,0.503895,0,0,0.752423,0.239643,0.00888524,0.66528,12.849,1,0.460667,0.36288,0,33.019,5.00766,27.9135,0.84672,12.849,0.84672,3695.15,0,36.966,0.303826,0.491296,1.98422,5.06154,1.20377,6.02945,0.42336,36.966,0.42336,423.524,0,1.02816,0,0,1.51946,0.491296,1.028160,1,0,33.9519,0,0,0,33.9519,0
69.0882,2.55384,0,0,1.78322,0.102439,0.36288,3.6288,61.2681,0.503992,0,0,0.703728,0.239643,0,0.66528,12.849,1,0.466615,0.36288,0,31.6981,5.00766,26.5867,0.84672,12.849,0.84672,3695.15,0,36.966,0.303885,0.288351,1.98439,4.75486,1.20377,5.51994,0.42336,36.966,0.42336,423.524,0,1.02816,0,0,1.31651,0.288351,1.028160,1,0,32.1066,0,0,0,32.1066,0
67.7304,2.54702,0,0,1.63971,0.0875286,0.36288,3.6288,61.1635,0.503966,0,0,0.671881,0.272481,0,0.66528,12.849,1,0.473693,0.36288,0,28.1014,5.43111,22.5595,0.84672,12.849,0.84672,3695.15,0,36.966,0.304067,0.281794,1.98455,4.57519,1.35834,5.17913,0.42336,36.966,0.42336,423.524,0,1.02816,0,0,1.30995,0.281794,1.028160,1,0,27.7386,0,0,0,27.7386,0
66.3169,2.59851,0,0,1.62592,0.0780623,0.36288,3.6288,60.9172,0.556495,0,0,0.600003,0.28987,0,0.66528,12.849,1,0.492958,0.36288,0,25.5859,5.25603,20.1998,0.84672,12.849,0.84672,3695.15,0,36.966,0.336335,0.261274,1.98472,4.30235,1.32326,4.88875,0.42336,36.966,0.42336,423.524,0,0.98839,0,0,1.24966,0.261274,1.028160,1,0,25.0885,0,0,0,25.0885,0
64.8487,2.58993,0,0,1.54871,0.0640862,0.36288,3.6288,60.5001,0.631344,0,0,0.55701,0.34277,0,0.66528,12.849,1,0.501802,0.36288,0,24.8079,6.03214,18.6369,0.84672,12.849,0.84672,3695.15,0,36.966,0.383115,0.261274,2.03277,3.66831,1.54009,4.03915,0.42336,36.966,0.42336,423.524,0,0.86692,0,0,1.12819,0.261274,1.028160,1,0,22.676,0,0,0,22.676,0
63.3635,2.58066,0,0,1.52164,0.0633384,0.36288,3.6288,60.1244,0.529718,0,0,0.495954,0.341864,0,0.66528,12.849,1,0.511328,0.36288,0,23.6547,6.03214,17.4741,0.84672,12.849,0.84672,3695.15,0,36.966,0.323662,0.305813,2.03294,3.34682,1.54009,3.82183,0.42336,36.966,0.42336,423.524,0,1.02816,0,0,1.33397,0.305813,1.028160,1,0,21.2959,0,0,0,21.2959,0
62.0866,2.57092,0,0,1.71951,0.0625819,0.36288,3.6288,59.8219,0.573754,0,0,0.612314,0.341048,0,0.66528,12.849,1,0.521337,0.36288,0,29.4485,6.03214,23.2579,0.84672,12.849,0.84672,3695.15,0,36.966,0.352758,0.227405,2.03312,4.05587,1.54009,4.42354,0.42336,36.966,0.42336,423.524,0,0.955187,0,0,1.18259,0.227405,1.028160,1,0,27.6814,0,0,0,27.6814,0
60.4602,2.67929,0,0,1.47893,0.0631891,0.36288,3.6288,59.3222,0.653965,0,0,0.491926,0.337668,0,0.66528,12.849,1,0.554486,0.36288,0,25.1441,5.93328,19.0192,0.84672,12.849,0.84672,3695.15,0,36.966,0.404107,0.227405,2.03329,3.64912,1.52359,3.98211,0.42336,36.966,0.42336,423.524,0,0.945363,0,0,1.17277,0.227405,1.028160,1,0,23.0014,0,0,0,23.0014,0
58.9785,2.66721,0,0,1.61815,0.0697888,0.36288,3.6288,58.8901,0.619278,0,0,0.507436,0.320308,0,0.66528,12.849,1,0.566836,0.36288,0,25.1213,5.34009,19.5773,0.84672,12.849,0.84672,3695.15,0,36.966,0.385896,0.227405,2.15386,4.72323,1.42464,5.29396,0.42336,36.966,0.42336,423.524,0,0.99843,0,0,1.22583,0.227405,1.028160,1,0,24.8712,0,0,0,24.8712,0
57.3623,2.65574,0,0,1.47127,0.0688165,0.36288,3.6288,58.3629,0.683461,0,0,0.475709,0.319422,0,0.66528,12.849,1,0.578578,0.36288,0,22.6739,5.34009,17.1181,0.84672,12.849,0.84672,3695.15,0,36.966,0.42336,0.227405,2.15405,3.39706,1.42464,3.93051,0.42336,36.966,0.42336,423.524,0,0.896953,0,0,1.12436,0.227405,1.028160,1,0,21.0486,0,0,0,21.0486,0
55.5677,2.64265,0,0,1.27865,0.0677424,0.36288,3.6288,57.6971,0.760804,0,0,0.413376,0.318341,0,0.66528,12.849,1,0.591946,0.36288,0,19.577,5.34009,14.0079,0.84672,12.849,0.84672,3695.15,0,36.966,0.42336,0.204422,2.15423,3.10751,1.42464,3.61816,0.42336,36.966,0.42336,423.524,0,0.81978,0,0,1.0242,0.204422,1.028160,1,0,17.626,0,0,0,17.626,0
53.8474,2.62734,0,0,1.33654,0.0665496,0.36288,3.6288,56.9945,0.786583,0,0,0.400946,0.316975,0,0.66528,12.849,1,0.607525,0.36288,0,22.0984,5.34009,16.5136,0.84672,12.849,0.84672,3695.15,0,36.966,0.42336,0.204422,2.15441,3.08011,1.42464,3.59094,0.42336,36.966,0.42336,423.524,0,0.794172,0,0,0.998594,0.204422,1.028160,1,0,20.1046,0,0,0,20.1046,0
52.4477,2.5322,0,0,1.56954,0.0742267,0.36288,3.6288,56.8085,0.533601,0,0,0.636517,0.288952,0,0.66528,12.849,1,0.604231,0.36288,0,18.929,4.82783,13.8599,0.84672,12.849,0.84672,3695.15,0,36.966,0.346088,0.798345,2.15459,4.75629,1.16371,6.19943,0.42336,36.966,0.42336,423.524,0,1.02816,0,0,1.8265,0.798345,1.028160,1,0,20.0593,0,0,0,20.0593,0
50.7709,2.51947,0,0,1.27523,0.069626,0.36288,3.6288,56.5433,0.533013,0,0,0.553184,0.285394,0,0.66528,12.849,1,0.617236,0.36288,0,16.6338,4.77708,11.6024,0.84672,12.849,0.84672,3695.15,0,36.966,0.346838,0.555241,2.06177,4.2893,1.12446,5.43501,0.42336,36.966,0.42336,423.524,0,1.02816,0,0,1.5834,0.555241,1.028160,1,0,17.0374,0,0,0,17.0374,0
49.8783,2.50341,0,0,2.10693,0.133303,0.36288,3.6288,56.6228,0.532127,0,0,0.837698,0.226083,0,0.66528,12.849,1,0.633558,0.36288,0,23.6814,3.94656,19.4641,0.84672,12.849,0.84672,3695.15,0,36.966,0.347886,0.984459,2.06195,5.6824,0.864873,7.51605,0.42336,36.966,0.42336,423.524,0,1.02816,0,0,2.01262,0.984459,1.028160,1,0,26.9802,0,0,0,26.9802,0
51.5402,2.49461,0,0,4.69968,0.18026,0.36288,3.6288,57.2406,0.53252,0,0,1.33243,0.182063,0,0.66528,12.849,1,0.642628,0.36288,0,60.5125,3.32367,56.9091,0.84672,12.849,0.84672,3695.15,0,36.966,0.347654,1.76762,2.06212,12.1466,0.670179,14.9585,0.42336,36.966,0.42336,423.524,0,1.02816,0,0,2.79578,1.76762,1.028160,1,0,71.8676,0,0,0,71.8676,0
50.3903,2.49592,0,0,1.927,0.218116,0.36288,3.6288,57.2713,0.503877,0,0,0.748622,0.214018,0,0.66528,12.849,1,0.622234,0.36288,0,35.8463,3.673,31.914,0.84672,12.849,0.84672,3695.15,0,36.966,0.325404,0.842927,2.0623,6.16744,0.795438,7.95182,0.42336,36.966,0.42336,423.524,0,1.02816,0,0,1.87109,0.842927,1.028160,1,0,39.8658,0,0,0,39.8658,0
48.3942,2.48481,0,0,1.11282,0.261198,0.36288,3.6288,57.3645,0.504079,0,0,0.852988,0.255699,0,0.66528,12.849,1,0.633602,0.36288,0,26.4972,4.13879,22.0876,0.84672,12.849,0.84672,3695.15,0,36.966,0.32536,0.671613,2.0194,5.9761,0.962449,7.3793,0.42336,36.966,0.42336,423.524,0,1.02816,0,0,1.69977,0.671613,1.028160,1,0,29.4669,0,0,0,29.4669,0
46.6223,2.46437,0,0,1.31097,0.255678,0.36288,3.6288,57.2333,0.527914,0,0,0.652532,0.255854,0,0.66528,12.849,1,0.654308,0.36288,0,30.6822,4.13879,26.252,0.84672,12.849,0.84672,3695.15,0,36.966,0.34019,0.216518,2.01957,6.21119,0.962449,7.14464,0.42336,36.966,0.42336,423.524,0,0.989652,0,0,1.20617,0.216518,1.028160,1,0,33.3966,0,0,0,33.3966,0
47.4469,2.44508,0,0,3.8834,0.250755,0.36288,3.6288,58.6208,0.504139,0,0,2.14722,0.255636,0,0.66528,12.849,1,0.67386,0.36288,0,57.6747,4.13879,53.2249,0.84672,12.849,0.84672,3695.15,0,36.966,0.325615,3.23665,2.01974,10.94,0.962449,14.9083,0.42336,36.966,0.42336,423.524,0,1.02816,0,0,4.26481,3.23665,1.028160,1,0,68.1332,0,0,0,68.1332,0
47.5755,2.26966,0,0,3.01221,0.251075,0.36288,3.6288,59.5824,0.394502,0,0,1.60624,0.250112,0,0.66528,12.849,1,0.61464,0.36288,0,63.9032,4.10798,59.5434,0.84672,12.849,0.84672,3695.15,0,36.966,0.248772,2.79431,2.01991,10.3518,0.964653,13.9526,0.42336,36.966,0.42336,423.524,0,1.02816,0,0,3.82247,2.79431,1.028160,1,0,73.4961,0,0,0,73.4961,0
47.0919,2.23742,0,0,2.35626,0.239587,0.36288,3.6288,60.1087,0.423509,0,0,1.15425,0.204412,0,0.66528,12.849,1,0.604273,0.36288,0,64.477,3.92311,60.3125,0.84672,12.849,0.84672,3695.15,0,36.966,0.262753,1.78239,1.83187,8.28999,0.977881,10.6636,0.42336,36.966,0.42336,423.524,0,1.02816,0,0,2.81055,1.78239,1.028160,1,0,70.9761,0,0,0,70.9761,0
46.5773,2.23285,0,0,2.31945,0.238316,0.36288,3.6288,60.484,0.424934,0,0,1.00534,0.205099,0,0.66528,12.849,1,0.609232,0.36288,0,50.5327,3.92311,46.3632,0.84672,12.849,0.84672,3695.15,0,36.966,0.261328,1.33168,1.8571,6.83398,0.977881,8.78355,0.42336,36.966,0.42336,423.524,0,1.02816,0,0,2.35984,1.33168,1.028160,1,0,55.1468,0,0,0,55.1468,0
45.7998,2.22788,0,0,2.05024,0.236965,0.36288,3.6288,60.8833,0.42594,0,0,1.03084,0.20559,0,0.66528,12.849,1,0.614591,0.36288,0,58.5631,3.92311,54.3883,0.84672,12.849,0.84672,3695.15,0,36.966,0.260322,1.35494,1.85717,7.0651,0.977881,9.03901,0.42336,36.966,0.42336,423.524,0,1.02816,0,0,2.3831,1.35494,1.028160,1,0,63.4273,0,0,0,63.4273,0
46.3775,2.22003,0,0,3.39362,0.233085,0.36288,3.6288,61.2863,0.427002,0,0,1.06294,0.232972,0,0.66528,12.849,1,0.622823,0.36288,0,52.9311,4.74999,47.9211,0.84672,12.849,0.84672,3695.15,0,36.966,0.259259,1.75725,1.85724,7.65798,1.23458,9.77862,0.42336,36.966,0.42336,423.524,0,1.02816,0,0,2.78541,1.75725,1.028160,1,0,57.6998,0,0,0,57.6998,0
50.7267,2.29719,0,0,7.23702,0.227687,0.36288,3.6288,61.308,0.461789,0,0,1.73021,0.185232,1.06148,0.66528,12.849,1,0.636442,0.36288,0,163.079,3.87602,158.93,0.84672,12.849,0.84672,3695.15,0,36.966,0.278537,4.33037,1.85731,12.7239,0.990201,17.6428,0.42336,36.966,0.42336,423.524,0,1.02816,0,0,5.35853,4.33037,1.028160,1,0,177.634,0,0,0,177.634,0
54.0323,2.37465,0,0,6.27922,0.236073,0.36288,3.6288,61.308,0.435559,0,0,1.75165,0.161612,1.15448,0.66528,12.849,1,0.601495,0.36288,0,99.697,3.39413,96.0642,0.84672,12.849,0.84672,3695.15,0,36.966,0.262623,3.55157,1.91609,9.11079,0.851377,13.4645,0.42336,36.966,0.42336,423.524,0,1.02816,0,0,4.57973,3.55157,1.028160,1,0,110.683,0,0,0,110.683,0
56.9782,2.40457,0,0,5.9576,0.244262,0.36288,3.6288,61.308,0.435644,0,0,1.97946,0.161612,1.3822,0.66528,12.849,1,0.571811,0.36288,0,86.5529,3.39413,82.9499,0.84672,12.849,0.84672,3695.15,0,36.966,0.262674,4.40347,1.8915,10.5499,0.851377,15.7308,0.42336,36.966,0.42336,423.524,0,1.02816,0,0,5.43163,4.40347,1.028160,1,0,100.063,0,0,0,100.063,0
62.6647,2.42888,0,0,8.77159,0.293319,0.36288,3.6288,61.308,0.435729,0,0,2.16165,0.141877,1.58404,0.66528,12.849,1,0.54773,0.36288,0,102.649,3.55475,98.9097,0.84672,12.849,0.84672,3695.15,0,36.966,0.262725,4.83956,1.89165,15.7541,0.948802,21.2738,0.42336,36.966,0.42336,423.524,0,1.02816,0,0,5.86772,4.83956,1.028160,1,0,121.767,0,0,0,121.767,0
67.1696,2.65762,0,0,7.86148,0.336117,0.36288,3.6288,61.308,0.538651,0,0,2.03283,0.141954,1.35222,0.66528,12.849,1,0.544928,0.36288,0,122.946,3.89331,118.871,0.84672,12.849,0.84672,3695.15,0,36.966,0.324783,4.36516,1.8918,18.4194,1.0433,23.3083,0.42336,36.966,0.42336,423.524,0,1.02816,0,0,5.39332,4.36516,1.028160,1,0,143.532,0,0,0,143.532,0
68.6547,2.68851,0,0,4.8701,0.333574,0.36288,3.6288,61.308,0.538744,0,0,1.89672,0.179147,1.17883,0.66528,12.849,1,0.514291,0.36288,0,90.2534,4.43856,85.6635,0.84672,12.849,0.84672,3695.15,0,36.966,0.324839,3.11817,2.0616,11.9317,1.09689,15.6897,0.42336,36.966,0.42336,423.524,0,1.02816,0,0,4.14633,3.11817,1.028160,1,0,102.532,0,0,0,102.532,0
70.9681,2.6981,0,0,5.71186,0.337485,0.36288,3.6288,61.308,0.538837,0,0,2.00726,0.179147,1.28928,0.66528,12.849,1,0.504959,0.36288,0,107.876,4.43856,103.296,0.84672,12.849,0.84672,3695.15,0,36.966,0.324895,3.10677,2.06177,12.5708,1.09689,16.3175,0.42336,36.966,0.42336,423.524,0,1.02816,0,0,4.13493,3.10677,1.028160,1,0,120.903,0,0,0,120.903,0
72.29,2.71225,0,0,5.88335,0.338045,1.51119,3.6288,61.308,0.53893,0,0,2.07249,0.170932,1.36263,0.66528,12.849,1,0.491061,1.51119,0,111.478,4.25276,108.246,0.84672,12.849,0.84672,3695.15,0,36.966,0.324951,3.59389,2.06193,13.9456,1.0421,18.2343,0.42336,36.966,0.42336,423.524,0,1.02816,0,0,4.62205,3.59389,1.028160,1,0,127.843,0,0,0,127.843,0
72.29,2.42325,0,0,5.636,0.326701,2.88605,3.6288,61.308,0.392821,0,0,1.74279,0.186592,1.16338,0.66528,12.849,1,0.430714,2.88605,0,105.526,3.97226,104.009,0.84672,12.849,0.84672,3695.15,0,36.966,0.236854,2.96265,2.06209,13.3387,0.907759,17.2188,0.42336,36.966,0.42336,423.524,0,1.02816,0,0,3.99081,2.96265,1.028160,1,0,122.392,0,0,0,122.392,0
72.29,2.37551,0,0,7.96382,0.361926,5.22638,3.6288,61.308,0.428116,0,0,2.72347,0.183726,2.11162,0.66528,12.849,1,0.422229,5.22638,0,73.7078,3.74283,74.7692,0.84672,12.849,0.84672,3695.15,0,36.966,0.258135,4.59018,1.81568,13.7141,0.824017,19.0378,0.42336,36.966,0.42336,423.524,0,1.02816,0,0,5.61834,4.59018,1.028160,1,0,95.9186,0,0,0,95.9186,0
72.29,2.37581,0,0,5.95979,0.361926,3.22205,3.6288,61.308,0.428116,0,0,1.89683,0.183726,1.28499,0.66528,12.849,1,0.422283,3.22205,0,157.922,3.74283,156.979,0.84672,12.849,0.84672,3695.15,0,36.966,0.258135,2.41212,1.84885,10.0235,0.824017,13.2023,0.42336,36.966,0.42336,423.524,0,1.02816,0,0,3.44028,2.41212,1.028160,1,0,171.466,0,0,0,171.466,0
72.29,2.37612,0,0,4.12693,0.310064,1.44075,3.6288,61.308,0.428116,0,0,1.13801,0.16743,0.542463,0.66528,12.849,1,0.422337,1.44075,0,98.5668,3.65509,95.9302,0.84672,12.849,0.84672,3695.15,0,36.966,0.258135,1.42204,1.84892,6.05318,0.830988,8.23502,0.42336,36.966,0.42336,423.524,0,1.02816,0,0,2.4502,1.42204,1.028160,1,0,104.708,0,0,0,104.708,0
72.29,2.37642,0,0,3.98777,0.316082,1.29527,3.6288,61.308,0.428116,0,0,1.07987,0.238111,0.413643,0.66528,12.849,1,0.42239,1.29527,0,81.6247,5.57014,76.9274,0.84672,12.849,0.84672,3695.15,0,36.966,0.258135,1.25506,1.84898,5.32837,1.22353,6.95074,0.42336,36.966,0.42336,423.524,0,1.02816,0,0,2.28322,1.25506,1.028160,1,0,84.2918,0,0,0,84.2918,0
72.29,2.4653,0,0,5.16221,0.318266,2.37865,3.6288,61.308,0.469728,0,0,3.08228,0.215409,2.39714,0.66528,12.849,1,0.438188,2.37865,0,100.735,4.71587,97.9601,0.84672,12.849,0.84672,3695.15,0,36.966,0.283225,4.53174,1.84905,13.1903,0.953331,18.3345,0.42336,36.966,0.42336,423.524,0,1.02816,0,0,5.5599,4.53174,1.028160,1,0,118.692,0,0,0,118.692,0
72.29,2.51298,0,0,5.91976,0.31863,3.08816,3.6288,61.308,0.434926,0,0,2.9234,0.211626,2.27685,0.66528,12.849,1,0.446663,3.08816,0,132.087,4.57349,130.155,0.84672,12.849,0.84672,3695.15,0,36.966,0.262241,6.18686,1.9202,13.3027,0.908299,20.2392,0.42336,36.966,0.42336,423.524,0,1.02816,0,0,7.21502,6.18686,1.028160,1,0,152.671,0,0,0,152.671,0
72.29,2.51317,0,0,4.2283,0.31863,1.3965,3.6288,61.308,0.435011,0,0,2.2176,0.211626,1.57097,0.66528,12.849,1,0.446698,1.3965,0,91.5754,4.57349,87.9517,0.84672,12.849,0.84672,3695.15,0,36.966,0.262292,3.57704,1.88762,10.091,0.908299,14.3851,0.42336,36.966,0.42336,423.524,0,1.02816,0,0,4.6052,3.57704,1.028160,1,0,103.908,0,0,0,103.908,0
72.29,2.51337,0,0,3.62525,0.285537,0.826339,3.6288,61.308,0.435095,0,0,1.79831,0.221218,1.142,0.66528,12.849,1,0.446733,0.826339,0,77.6287,4.58354,73.4247,0.84672,12.849,0.84672,3695.15,0,36.966,0.262343,3.03127,1.88777,8.06484,0.921364,11.8002,0.42336,36.966,0.42336,423.524,0,1.02816,0,0,4.05943,3.03127,1.028160,1,0,86.3669,0,0,0,86.3669,0
72.2545,2.47893,0,0,3.12718,0.320844,0.36288,3.6288,61.308,0.419013,0,0,1.32962,0.187311,0.723294,0.66528,12.849,1,0.440611,0.36288,0,60.3088,4.23291,55.9982,0.84672,12.849,0.84672,3695.15,0,36.966,0.252646,1.86952,1.88792,6.27792,0.920739,8.86198,0.42336,36.966,0.42336,423.524,0,1.02816,0,0,2.89768,1.86952,1.028160,1,0,65.5835,0,0,0,65.5835,0
71.9048,2.46666,0,0,2.71558,0.235766,0.36288,3.6288,61.308,0.428118,0,0,0.959861,0.198166,0.333577,0.66528,12.849,1,0.438646,0.36288,0,47.1897,4.05529,43.0586,0.84672,12.849,0.84672,3695.15,0,36.966,0.258136,1.03573,1.8604,4.9686,0.947975,6.65862,0.42336,36.966,0.42336,423.524,0,1.02816,0,0,2.06389,1.03573,1.028160,1,0,50.0508,0,0,0,50.0508,0
71.5029,2.46516,0,0,2.64732,0.221136,0.36288,3.6288,61.308,0.428118,0,0,1.04843,0.204706,0.415606,0.66528,12.849,1,0.440511,0.36288,0,45.7274,4.11295,41.5368,0.84672,12.849,0.84672,3695.15,0,36.966,0.258136,1.22208,1.86901,5.63135,0.951418,7.51289,0.42336,36.966,0.42336,423.524,0,1.02816,0,0,2.25024,1.22208,1.028160,1,0,49.4653,0,0,0,49.4653,0
70.9315,2.46337,0,0,2.47522,0.22046,0.36288,3.6288,61.308,0.428118,0,0,1.03112,0.204706,0.3983,0.66528,12.849,1,0.442665,0.36288,0,41.6985,4.11295,37.5057,0.84672,12.849,0.84672,3695.15,0,36.966,0.258136,0.979379,1.86908,5.05466,0.951418,6.69356,0.42336,36.966,0.42336,423.524,0,1.02816,0,0,2.00754,0.979379,1.028160,1,0,44.5976,0,0,0,44.5976,0
70.2385,2.57795,0,0,2.46097,0.213073,0.36288,3.6288,61.308,0.485468,0,0,0.883872,0.198048,0.200355,0.66528,12.849,1,0.466987,0.36288,0,41.9558,3.95373,37.8979,0.84672,12.849,0.84672,3695.15,0,36.966,0.292716,0.837864,1.86915,4.60459,0.98311,6.03578,0.42336,36.966,0.42336,423.524,0,1.02816,0,0,1.86602,0.837864,1.028160,1,0,44.134,0,0,0,44.134,0
69.4193,2.58614,0,0,2.30804,0.178189,0.36288,3.6288,61.308,0.476786,0,0,0.876623,0.22793,0.171907,0.66528,12.849,1,0.473093,0.36288,0,38.659,5.05878,33.49,0.84672,12.849,0.84672,3695.15,0,36.966,0.287481,0.515428,1.9662,3.52655,1.08143,4.63928,0.42336,36.966,0.42336,423.524,0,1.02816,0,0,1.54359,0.515428,1.028160,1,0,38.3012,0,0,0,38.3012,0
68.402,2.58164,0,0,2.06566,0.138466,0.36288,3.6288,61.308,0.476874,0,0,0.694656,0.215907,0.00187444,0.66528,12.849,1,0.477842,0.36288,0,34.3256,4.71156,29.4991,0.84672,12.849,0.84672,3695.15,0,36.966,0.287534,0.499349,1.95813,3.23696,1.05883,4.34807,0.42336,36.966,0.42336,423.524,0,1.02816,0,0,1.52751,0.499349,1.028160,1,0,33.849,0,0,0,33.849,0
67.2822,2.57586,0,0,1.94154,0.122601,0.36288,3.6288,61.308,0.476962,0,0,0.723419,0.219478,0.0269787,0.66528,12.849,1,0.483863,0.36288,0,31.6176,4.81992,26.6767,0.84672,12.849,0.84672,3695.15,0,36.966,0.287587,0.503142,1.95828,3.28983,1.03877,4.4249,0.42336,36.966,0.42336,423.524,0,1.02816,0,0,1.5313,0.503142,1.028160,1,0,31.1285,0,0,0,31.1285,0
66.0942,2.5693,0,0,1.8657,0.121527,0.36288,3.6288,61.308,0.47705,0,0,0.736957,0.219478,0.0404294,0.66528,12.849,1,0.490663,0.36288,0,29.8064,4.81992,24.8587,0.84672,12.849,0.84672,3695.15,0,36.966,0.28764,0.426928,1.95844,3.2804,1.03877,4.33936,0.42336,36.966,0.42336,423.524,0,1.02816,0,0,1.45509,0.426928,1.028160,1,0,29.2384,0,0,0,29.2384,0
64.8582,2.53917,0,0,1.79595,0.129885,0.36288,3.6288,61.308,0.508672,0,0,0.7945,0.244112,0.0417161,0.66528,12.849,1,0.493625,0.36288,0,32.2224,4.96824,27.1235,0.84672,12.849,0.84672,3695.15,0,36.966,0.306706,0.683502,1.95859,3.62495,1.1179,4.84243,0.42336,36.966,0.42336,423.524,0,1.02816,0,0,1.71166,0.683502,1.028160,1,0,32.0076,0,0,0,32.0076,0
63.4707,2.53152,0,0,1.63708,0.130174,0.36288,3.6288,61.308,0.508762,0,0,0.802924,0.248218,0.0459438,0.66528,12.849,1,0.501516,0.36288,0,32.1219,4.99296,26.9903,0.84672,12.849,0.84672,3695.15,0,36.966,0.306761,0.778343,1.99266,3.60566,1.13109,4.93881,0.42336,36.966,0.42336,423.524,0,1.02816,0,0,1.8065,0.778343,1.028160,1,0,31.975,0,0,0,31.975,0
61.932,2.5226,0,0,1.47544,0.128722,0.36288,3.6288,61.2986,0.508853,0,0,0.747697,0.248218,0,0.66528,12.849,1,0.510674,0.36288,0,29.7722,4.99296,24.6315,0.84672,12.849,0.84672,3695.15,0,36.966,0.306816,0.54832,1.99282,3.43306,1.13109,4.53629,0.42336,36.966,0.42336,423.524,0,1.02816,0,0,1.57648,0.54832,1.028160,1,0,29.1678,0,0,0,29.1678,0
60.3625,2.51229,0,0,1.41089,0.10518,0.36288,3.6288,61.1935,0.508914,0,0,0.706864,0.303045,0,0.66528,12.849,1,0.521223,0.36288,0,26.8413,5.69871,20.9842,0.84672,12.849,0.84672,3695.15,0,36.966,0.3069,0.528379,1.99298,3.26176,1.38871,4.08751,0.42336,36.966,0.42336,423.524,0,1.02816,0,0,1.55654,0.528379,1.028160,1,0,25.0717,0,0,0,25.0717,0
58.5338,2.55969,0,0,1.19066,0.0968541,0.36288,3.6288,60.9391,0.536768,0,0,0.600886,0.318594,0,0.66528,12.849,1,0.544865,0.36288,0,22.4332,5.98205,16.2692,0.84672,12.849,0.84672,3695.15,0,36.966,0.324253,0.279314,1.99313,2.65612,1.47339,3.13092,0.42336,36.966,0.42336,423.524,0,1.02816,0,0,1.30747,0.279314,1.028160,1,0,19.4001,0,0,0,19.4001,0
56.7705,2.54593,0,0,1.24296,0.0973889,0.36288,3.6288,60.7847,0.54074,0,0,0.696206,0.309864,0,0.66528,12.849,1,0.558868,0.36288,0,26.2869,5.98343,20.1074,0.84672,12.849,0.84672,3695.15,0,36.966,0.328016,0.261274,2.04137,2.31389,1.4489,2.83962,0.42336,36.966,0.42336,423.524,0,1.02057,0,0,1.28185,0.261274,1.028160,1,0,22.9471,0,0,0,22.9471,0
54.9242,2.53197,0,0,1.14423,0.0957233,0.36288,3.6288,60.5297,0.535597,0,0,0.590214,0.309561,0,0.66528,12.849,1,0.573067,0.36288,0,21.5916,5.98343,15.398,0.84672,12.849,0.84672,3695.15,0,36.966,0.325722,0.331422,2.04153,2.23732,1.4489,2.83565,0.42336,36.966,0.42336,423.524,0,1.02816,0,0,1.35958,0.331422,1.028160,1,0,18.2337,0,0,0,18.2337,0
52.9985,2.51656,0,0,1.0477,0.0939793,0.36288,3.6288,60.1745,0.592802,0,0,0.546657,0.30906,0,0.66528,12.849,1,0.588726,0.36288,0,20.5229,5.98343,14.3136,0.84672,12.849,0.84672,3695.15,0,36.966,0.362029,0.227405,2.0417,1.96658,1.4489,2.42475,0.42336,36.966,0.42336,423.524,0,0.934796,0,0,1.1622,0.227405,1.028160,1,0,16.7383,0,0,0,16.7383,0
51.045,2.61371,0,0,1.10697,0.0838703,0.36288,3.6288,59.8792,0.609364,0,0,0.627547,0.313506,0,0.66528,12.849,1,0.63367,0.36288,0,20.1281,6.13297,13.7243,0.84672,12.849,0.84672,3695.15,0,36.966,0.37434,0.366492,2.04186,2.60153,1.47878,3.15675,0.42336,36.966,0.42336,423.524,0,1.02816,0,0,1.39465,0.366492,1.028160,1,0,16.8811,0,0,0,16.8811,0
48.7507,2.59454,0,0,0.754643,0.0914511,0.36288,3.6288,59.5358,0.60832,0,0,0.585521,0.320569,0,0.66528,12.849,1,0.653095,0.36288,0,19.4061,6.29748,12.8184,0.84672,12.849,0.84672,3695.15,0,36.966,0.375542,0.65842,2.16293,2.5081,1.53433,3.41957,0.42336,36.966,0.42336,423.524,0,1.02816,0,0,1.68658,0.65842,1.028160,1,0,16.238,0,0,0,16.238,0
46.3974,2.57042,0,0,0.669194,0.0892496,0.36288,3.6288,59.136,0.607082,0,0,0.527135,0.319867,0,0.66528,12.849,1,0.677473,0.36288,0,17.2464,6.29748,10.6343,0.84672,12.849,0.84672,3695.15,0,36.966,0.376939,0.5555,2.1631,2.43419,1.53433,3.24152,0.42336,36.966,0.42336,423.524,0,1.02816,0,0,1.58366,0.5555,1.028160,1,0,13.8758,0,0,0,13.8758,0
44.1534,2.54371,0,0,0.749598,0.0869764,0.36288,3.6288,58.7521,0.605611,0,0,0.540747,0.319049,0,0.66528,12.849,1,0.704438,0.36288,0,17.143,6.29748,10.5039,0.84672,12.849,0.84672,3695.15,0,36.966,0.378569,0.599616,2.16327,2.60896,1.53433,3.45895,0.42336,36.966,0.42336,423.524,0,1.02816,0,0,1.62778,0.599616,1.028160,1,0,13.9629,0,0,0,13.9629,0
42.3736,2.51618,0,0,1.19968,0.100458,0.36288,3.6288,58.4984,0.60419,0,0,0.664572,0.314042,0,0.66528,12.849,1,0.732227,0.36288,0,28.4797,6.17874,21.9316,0.84672,12.849,0.84672,3695.15,0,36.966,0.380148,0.949424,2.16344,2.84399,1.51976,4.05694,0.42336,36.966,0.42336,423.524,0,1.02816,0,0,1.97758,0.949424,1.028160,1,0,25.9885,0,0,0,25.9885,0
40.7592,2.41671,0,0,1.23698,0.0717881,0.36288,3.6288,58.2789,0.543938,0,0,0.661149,0.336756,0,0.66528,12.849,1,0.732824,0.36288,0,20.246,6.159,13.7171,0.84672,12.849,0.84672,3695.15,0,36.966,0.343722,1.01638,2.16361,3.20899,1.66841,4.37685,0.42336,36.966,0.42336,423.524,0,1.02816,0,0,2.04454,1.01638,1.028160,1,0,18.0939,0,0,0,18.0939,0
38.8446,2.39483,0,0,0.952646,0.109566,0.36288,3.6288,57.9221,0.543238,0,0,0.487177,0.300722,0,0.66528,12.849,1,0.754952,0.36288,0,15.3912,5.74676,9.25238,0.84672,12.849,0.84672,3695.15,0,36.966,0.344573,0.802276,2.07039,2.20196,1.60021,3.12984,0.42336,36.966,0.42336,423.524,0,1.02816,0,0,1.83044,0.802276,1.028160,1,0,12.3822,0,0,0,12.3822,0
37.2677,2.36706,0,0,1.26026,0.107135,0.36288,3.6288,57.7138,0.542034,0,0,0.633786,0.30003,0,0.66528,12.849,1,0.782976,0.36288,0,22.4052,5.74676,16.2383,0.84672,12.849,0.84672,3695.15,0,36.966,0.345927,1.50486,2.07055,3.1611,1.60021,4.79037,0.42336,36.966,0.42336,423.524,0,1.02816,0,0,2.53302,1.50486,1.028160,1,0,21.0287,0,0,0,21.0287,0
36.0972,2.34261,0,0,1.64009,0.105177,0.36288,3.6288,57.7697,0.541365,0,0,0.896841,0.299627,0,0.66528,12.849,1,0.807674,0.36288,0,43.8703,5.74676,37.6787,0.84672,12.849,0.84672,3695.15,0,36.966,0.346747,2.52104,2.07071,3.7539,1.60021,6.39869,0.42336,36.966,0.42336,423.524,0,1.02816,0,0,3.5492,2.52104,1.028160,1,0,44.0774,0,0,0,44.0774,0
34.5163,2.30915,0,0,1.22976,0.138565,0.36288,3.6288,57.5478,0.510399,0,0,0.551983,0.263481,0,0.66528,12.849,1,0.821955,0.36288,0,27.6871,5.20479,22.0232,0.84672,12.849,0.84672,3695.15,0,36.966,0.326597,0.996996,2.07088,2.23226,1.41963,3.55391,0.42336,36.966,0.42336,423.524,0,1.02816,0,0,2.02516,0.996996,1.028160,1,0,25.5771,0,0,0,25.5771,0
32.8845,2.28463,0,0,1.1473,0.131581,0.36288,3.6288,57.267,0.509722,0,0,0.453744,0.224748,0,0.66528,12.849,1,0.84672,0.36288,0,25.9205,4.04484,21.3918,0.84672,12.849,0.84672,3695.15,0,36.966,0.327421,0.24465,2.02779,2.73092,0.981293,3.69465,0.42336,36.966,0.42336,423.524,0,1.02816,0,0,1.27281,0.24465,1.028160,1,0,25.0865,0,0,0,25.0865,0
31.2746,2.28488,0,0,1.21846,0.18068,0.36288,3.6288,56.6745,0.69886,0,0,0.322646,0.216376,0,0.66528,12.849,1,0.84672,0.36288,0,28.1306,4.12272,23.5241,0.84672,12.849,0.84672,3695.15,0,36.966,0.42336,0.216518,2.02795,2.38283,1.0805,3.12343,0.42336,36.966,0.42336,423.524,0,0.74323,0,0,0.959749,0.216518,1.028160,1,0,26.6475,0,0,0,26.6475,0
29.8717,2.28512,0,0,1.42222,0.177058,0.36288,3.6288,56.5848,0.506846,0,0,0.632705,0.215544,0,0.66528,12.849,1,0.84672,0.36288,0,32.7442,4.12272,28.1377,0.84672,12.849,0.84672,3695.15,0,36.966,0.330591,1.1915,2.02811,3.78322,1.0805,5.59174,0.42336,36.966,0.42336,423.524,0,1.02816,0,0,2.21966,1.1915,1.028160,1,0,33.7294,0,0,0,33.7294,0
31.0811,2.04949,0,0,3.79558,0.173802,0.36288,3.6288,57.5256,0.393263,0,0,1.54946,0.215418,0,0.66528,12.849,1,0.84672,0.36288,0,96.2312,4.12272,91.6246,0.84672,12.849,0.84672,3695.15,0,36.966,0.256913,3.12488,2.02827,7.14264,1.0805,10.9584,0.42336,36.966,0.42336,423.524,0,1.02816,0,0,4.15304,3.12488,1.028160,1,0,102.583,0,0,0,102.583,0
30.1327,1.82108,0,0,1.41675,0.181181,0.36288,3.6288,57.8177,0.316685,0,0,0.815763,0.206947,0,0.66528,12.849,1,0.752839,0.36288,0,78.5981,4.8215,73.3866,0.84672,12.849,0.84672,3695.15,0,36.966,0.203502,1.89486,1.83943,2.73044,1.05602,5.2052,0.42336,36.966,0.42336,423.524,0,1.02816,0,0,2.92302,1.89486,1.028160,1,0,78.5918,0,0,0,78.5918,0
28.5046,1.80471,0,0,0.718384,0.178912,0.36288,3.6288,57.8264,0.317304,0,0,0.53334,0.207339,0,0.66528,12.849,1,0.769552,0.36288,0,50.1294,4.8215,44.9012,0.84672,12.849,0.84672,3695.15,0,36.966,0.20287,0.552537,1.67861,2.07069,1.05602,3.04294,0.42336,36.966,0.42336,423.524,0,1.02816,0,0,1.5807,0.552537,1.028160,1,0,47.9441,0,0,0,47.9441,0
26.971,1.77464,0,0,0.783569,0.17967,0.36288,3.6288,57.7382,0.317315,0,0,0.441822,0.212686,0,0.66528,12.849,1,0.799955,0.36288,0,37.0842,4.58584,32.0613,0.84672,12.849,0.84672,3695.15,0,36.966,0.202846,0.629096,1.67866,1.72585,1.05713,2.77362,0.42336,36.966,0.42336,423.524,0,1.02816,0,0,1.65726,0.629096,1.028160,1,0,34.8349,0,0,0,34.8349,0
26.2707,1.74406,0,0,1.59755,0.190874,0.36288,3.6288,57.9318,0.317118,0,0,0.714454,0.203713,0,0.66528,12.849,1,0.830873,0.36288,0,57.9236,3.74922,53.7064,0.84672,12.849,0.84672,3695.15,0,36.966,0.20303,2.16661,1.67871,3.19196,0.992802,5.84145,0.42336,36.966,0.42336,423.524,0,1.02816,0,0,3.19477,2.16661,1.028160,1,0,59.5478,0,0,0,59.5478,0
27.0153,1.72928,0,0,3.02575,0.188999,0.36288,3.6288,58.576,0.317451,0,0,1.15882,0.1972,0,0.66528,12.849,1,0.84579,0.36288,0,92.0065,3.75106,87.7725,0.84672,12.849,0.84672,3695.15,0,36.966,0.202564,2.16039,1.67877,5.85033,0.968803,8.51811,0.42336,36.966,0.42336,423.524,0,1.02816,0,0,3.18855,2.16039,1.028160,1,0,96.2906,0,0,0,96.2906,0
28.8699,1.81034,0,0,4.23331,0.205515,0.36288,3.6288,59.2853,0.348879,0,0,1.30092,0.242741,0,0.66528,12.849,1,0.84672,0.36288,0,112.039,4.59994,106.955,0.84672,12.849,0.84672,3695.15,0,36.966,0.22017,1.71748,1.67869,6.49961,1.20508,8.47053,0.42336,36.966,0.42336,423.524,0,1.02816,0,0,2.74564,1.71748,1.028160,1,0,115.426,0,0,0,115.426,0
30.6699,1.86335,0,0,4.23701,0.210834,0.36288,3.6288,60.1289,0.328759,0,0,1.41617,0.243849,0,0.66528,12.849,1,0.829314,0.36288,0,112.434,4.59994,107.368,0.84672,12.849,0.84672,3695.15,0,36.966,0.20499,1.89236,1.73194,7.17647,1.20508,9.3907,0.42336,36.966,0.42336,423.524,0,1.02816,0,0,2.92052,1.89236,1.028160,1,0,116.758,0,0,0,116.758,0
32.1579,1.89779,0,0,3.9647,0.215996,0.36288,3.6288,61.095,0.33061,0,0,1.54195,0.245166,0,0.66528,12.849,1,0.795071,0.36288,0,101.822,4.59994,96.7894,0.84672,12.849,0.84672,3695.15,0,36.966,0.203252,2.15151,1.71134,7.24326,1.20508,9.69777,0.42336,36.966,0.42336,423.524,0,1.02816,0,0,3.17967,2.15151,1.028160,1,0,106.487,0,0,0,106.487,0
34.6745,1.92422,0,0,4.99333,0.189665,0.36288,3.6288,61.308,0.332684,0,0,1.24222,0.27513,0.421446,0.66528,12.849,1,0.768841,0.36288,0,120.547,4.75049,115.391,0.84672,12.849,0.84672,3695.15,0,36.966,0.201293,1.50519,1.71146,8.57442,1.35705,10.2327,0.42336,36.966,0.42336,423.524,0,1.02816,0,0,2.53335,1.50519,1.028160,1,0,126.045,0,0,0,126.045,0
36.698,2.15674,0,0,4.73621,0.193055,0.36288,3.6288,61.308,0.447784,0,0,1.31438,0.262564,0.604029,0.66528,12.849,1,0.799205,0.36288,0,120.099,4.54768,115.115,0.84672,12.849,0.84672,3695.15,0,36.966,0.269994,0.861685,1.71159,7.93256,1.1096,9.12623,0.42336,36.966,0.42336,423.524,0,1.02816,0,0,1.88984,0.861685,1.028160,1,0,124.845,0,0,0,124.845,0
38.8444,2.18954,0,0,4.90028,0.201448,0.36288,3.6288,61.308,0.447863,0,0,1.24752,0.245743,0.553914,0.66528,12.849,1,0.766621,0.36288,0,124.661,4.34721,119.91,0.84672,12.849,0.84672,3695.15,0,36.966,0.270042,1.08672,1.90286,6.96548,1.03225,8.65277,0.42336,36.966,0.42336,423.524,0,1.02816,0,0,2.11488,1.08672,1.028160,1,0,129.116,0,0,0,129.116,0
40.7125,2.22154,0,0,4.65911,0.206587,0.36288,3.6288,61.308,0.447943,0,0,1.37458,0.245743,0.680895,0.66528,12.849,1,0.734843,0.36288,0,118.174,4.34721,113.455,0.84672,12.849,0.84672,3695.15,0,36.966,0.27009,1.00096,1.903,7.35238,1.03225,8.954,0.42336,36.966,0.42336,423.524,0,1.02816,0,0,2.02912,1.00096,1.028160,1,0,123.09,0,0,0,123.09,0
41.9662,2.24733,0,0,4.07462,0.210691,0.36288,3.6288,61.308,0.448022,0,0,1.79264,0.238889,1.10572,0.66528,12.849,1,0.709265,0.36288,0,101.703,4.19965,97.1571,0.84672,12.849,0.84672,3695.15,0,36.966,0.270137,1.27127,1.90313,7.67163,0.989522,9.58638,0.42336,36.966,0.42336,423.524,0,1.02816,0,0,2.29943,1.27127,1.028160,1,0,107.849,0,0,0,107.849,0
42.5251,1.97678,0,0,3.1095,0.210978,0.36288,3.6288,61.308,0.458328,0,0,1.4806,0.197764,0.82451,0.66528,12.849,1,0.605239,0.36288,0,66.5959,3.31433,63.0392,0.84672,12.849,0.84672,3695.15,0,36.966,0.276352,0.608429,1.90327,8.35194,0.73316,9.85413,0.42336,36.966,0.42336,423.524,0,0.765184,0,0,1.37361,0.608429,1.028160,1,0,73.7179,0,0,0,73.7179,0
43.562,1.94484,0,0,3.55703,0.212355,0.36288,3.6288,61.308,0.427202,0,0,1.58251,0.197764,0.957545,0.66528,12.849,1,0.587636,0.36288,0,79.589,3.31433,76.0499,0.84672,12.849,0.84672,3695.15,0,36.966,0.257584,0.608429,1.64267,9.14293,0.73316,10.4033,0.42336,36.966,0.42336,423.524,0,0.864916,0,0,1.47334,0.608429,1.028160,1,0,87.4108,0,0,0,87.4108,0
45.7931,1.95588,0,0,4.76477,0.21491,0.36288,3.6288,61.308,0.325355,0,0,2.02433,0.197764,1.50122,0.66528,12.849,1,0.576904,0.36288,0,93.433,3.31433,89.9046,0.84672,12.849,0.84672,3695.15,0,36.966,0.196174,0.629899,1.67189,10.205,0.73316,11.5774,0.42336,36.966,0.42336,423.524,0,1.02816,0,0,1.65806,0.629899,1.028160,1,0,102.983,0,0,0,102.983,0
47.3383,1.97807,0,0,4.12783,0.241721,0.36288,3.6288,61.308,0.418476,0,0,1.59737,0.215903,0.962993,0.66528,12.849,1,0.555023,0.36288,0,133.761,3.8294,129.739,0.84672,12.849,0.84672,3695.15,0,36.966,0.252323,0.558835,1.67193,9.26744,0.725824,10.5201,0.42336,36.966,0.42336,423.524,0,0.878878,0,0,1.43771,0.558835,1.028160,1,0,141.223,0,0,0,141.223,0
49.3225,1.99257,0,0,4.59683,0.257175,0.36288,3.6288,61.308,0.32534,0,0,1.66717,0.188447,1.15338,0.66528,12.849,1,0.540841,0.36288,0,100.622,3.47327,96.9711,0.84672,12.849,0.84672,3695.15,0,36.966,0.196165,1.68785,1.67198,9.57113,0.687106,12.0477,0.42336,36.966,0.42336,423.524,0,1.02816,0,0,2.71601,1.68785,1.028160,1,0,110.172,0,0,0,110.172,0
51.1285,2.08494,0,0,4.51976,0.265916,0.36288,3.6288,61.308,0.362978,0,0,2.58699,0.176255,2.04776,0.66528,12.849,1,0.543148,0.36288,0,112.802,3.29648,109.325,0.84672,12.849,0.84672,3695.15,0,36.966,0.21886,2.3965,1.67203,9.71438,0.672108,12.892,0.42336,36.966,0.42336,423.524,0,1.02816,0,0,3.42466,2.3965,1.028160,1,0,124.265,0,0,0,124.265,0
51.6116,2.13978,0,0,3.25674,0.271036,0.36288,3.6288,61.308,0.33233,0,0,1.37239,0.176255,0.86381,0.66528,12.849,1,0.537745,0.36288,0,72.1492,3.29648,68.6778,0.84672,12.849,0.84672,3695.15,0,36.966,0.20038,1.24759,1.73639,7.614,0.672108,9.72549,0.42336,36.966,0.42336,423.524,0,1.02816,0,0,2.27575,1.24759,1.028160,1,0,79.2671,0,0,0,79.2671,0
51.8446,2.14397,0,0,3.01232,0.272404,0.36288,3.6288,61.308,0.332401,0,0,1.55153,0.176255,1.04287,0.66528,12.849,1,0.533754,0.36288,0,82.8101,3.29648,79.3427,0.84672,12.849,0.84672,3695.15,0,36.966,0.200423,1.31911,1.7077,7.89169,0.672108,10.046,0.42336,36.966,0.42336,423.524,0,1.02816,0,0,2.34727,1.31911,1.028160,1,0,90.4316,0,0,0,90.4316,0
51.6333,2.14605,0,0,2.51964,0.222091,0.36288,3.6288,61.308,0.332472,0,0,1.20541,0.204614,0.668324,0.66528,12.849,1,0.53187,0.36288,0,68.2932,3.57717,64.547,0.84672,12.849,0.84672,3695.15,0,36.966,0.200466,0.91063,1.70782,6.24625,0.78901,7.87523,0.42336,36.966,0.42336,423.524,0,1.02816,0,0,1.93879,0.91063,1.028160,1,0,73.0905,0,0,0,73.0905,0
50.7285,2.11491,0,0,1.79634,0.223275,0.36288,3.6288,61.308,0.383681,0,0,0.839246,0.198022,0.257544,0.66528,12.849,1,0.526297,0.36288,0,42.4912,3.40851,38.9192,0.84672,12.849,0.84672,3695.15,0,36.966,0.231343,0.528595,1.70795,3.60296,0.838009,4.77015,0.42336,36.966,0.42336,423.524,0,0.922743,0,0,1.45134,0.528595,1.028160,1,0,43.9469,0,0,0,43.9469,0
49.6965,2.10146,0,0,1.65346,0.221175,0.36288,3.6288,61.308,0.367111,0,0,0.850003,0.198022,0.28487,0.66528,12.849,1,0.532277,0.36288,0,39.6782,3.40851,36.1003,0.84672,12.849,0.84672,3695.15,0,36.966,0.221352,0.528595,1.68304,4.70616,0.838009,5.85844,0.42336,36.966,0.42336,423.524,0,0.957079,0,0,1.48567,0.528595,1.028160,1,0,42.2436,0,0,0,42.2436,0
49.6382,2.09293,0,0,2.6163,0.218779,0.36288,3.6288,61.308,0.32276,0,0,1.05517,0.198022,0.534387,0.66528,12.849,1,0.541125,0.36288,0,51.6154,3.40851,48.0286,0.84672,12.849,0.84672,3695.15,0,36.966,0.19461,0.710329,1.68765,4.09139,0.838009,5.45674,0.42336,36.966,0.42336,423.524,0,1.02816,0,0,1.73849,0.710329,1.028160,1,0,54.0197,0,0,0,54.0197,0
48.6521,2.09267,0,0,1.6446,0.175138,0.36288,3.6288,61.308,0.322752,0,0,0.88941,0.210517,0.356141,0.66528,12.849,1,0.541695,0.36288,0,40.7804,3.78777,36.8138,0.84672,12.849,0.84672,3695.15,0,36.966,0.194605,0.462542,1.6877,3.6232,0.767802,4.81103,0.42336,36.966,0.42336,423.524,0,1.02816,0,0,1.4907,0.462542,1.028160,1,0,41.981,0,0,0,41.981,0
47.7548,2.18338,0,0,1.80636,0.157364,0.36288,3.6288,61.308,0.374626,0,0,0.929854,0.209949,0.345279,0.66528,12.849,1,0.57663,0.36288,0,40.7276,3.84688,36.6669,0.84672,12.849,0.84672,3695.15,0,36.966,0.225883,0.505596,1.68775,4.13967,0.955792,5.15133,0.42336,36.966,0.42336,423.524,0,1.02816,0,0,1.53376,0.505596,1.028160,1,0,42.1636,0,0,0,42.1636,0
46.6158,2.18075,0,0,1.56044,0.155834,0.36288,3.6288,61.308,0.391535,0,0,0.80994,0.209949,0.208456,0.66528,12.849,1,0.586755,0.36288,0,36.7368,3.84688,32.666,0.84672,12.849,0.84672,3695.15,0,36.966,0.236078,0.402797,1.77554,3.77267,0.955792,4.75914,0.42336,36.966,0.42336,423.524,0,0.993885,0,0,1.39668,0.402797,1.028160,1,0,37.6336,0,0,0,37.6336,0
45.3146,2.16967,0,0,1.38523,0.153892,0.36288,3.6288,61.308,0.388746,0,0,0.696626,0.209949,0.0979303,0.66528,12.849,1,0.598038,0.36288,0,34.7642,3.84688,30.6821,0.84672,12.849,0.84672,3695.15,0,36.966,0.234397,0.30119,1.7714,3.73061,0.955792,4.61301,0.42336,36.966,0.42336,423.524,0,0.998473,0,0,1.29966,0.30119,1.028160,1,0,35.3931,0,0,0,35.3931,0
43.9241,2.15644,0,0,1.27305,0.144275,0.36288,3.6288,61.308,0.39628,0,0,0.678062,0.219827,0.0619549,0.66528,12.849,1,0.611462,0.36288,0,31.8528,4.04252,27.5617,0.84672,12.849,0.84672,3695.15,0,36.966,0.238939,0.30119,1.77153,3.62543,1.00918,4.45003,0.42336,36.966,0.42336,423.524,0,0.986515,0,0,1.28771,0.30119,1.028160,1,0,32.0737,0,0,0,32.0737,0
43.1448,2.14162,0,0,1.83869,0.113477,0.36288,3.6288,61.308,0.370374,0,0,0.716068,0.252682,0.0930117,0.66528,12.849,1,0.626484,0.36288,0,35.2549,4.70559,30.2857,0.84672,12.849,0.84672,3695.15,0,36.966,0.223319,0.308431,1.77166,3.51757,1.14938,4.22496,0.42336,36.966,0.42336,423.524,0,1.02816,0,0,1.33659,0.308431,1.028160,1,0,34.6037,0,0,0,34.6037,0
42.4961,2.11396,0,0,1.93657,0.10837,0.36288,3.6288,61.308,0.398973,0,0,0.724594,0.255947,0.0696743,0.66528,12.849,1,0.62956,0.36288,0,36.8068,4.77519,31.765,0.84672,12.849,0.84672,3695.15,0,36.966,0.240563,0.338956,1.77179,3.51713,1.15207,4.23524,0.42336,36.966,0.42336,423.524,0,1.02816,0,0,1.36712,0.338956,1.028160,1,0,36.0699,0,0,0,36.0699,0
41.677,2.10673,0,0,1.75807,0.10756,0.36288,3.6288,61.3023,0.434251,0,0,0.684504,0.255947,0,0.66528,12.849,1,0.636985,0.36288,0,35.7129,4.77519,30.6636,0.84672,12.849,0.84672,3695.15,0,36.966,0.261834,0.261274,1.8026,3.30607,1.15207,3.95604,0.42336,36.966,0.42336,423.524,0,0.971732,0,0,1.23301,0.261274,1.028160,1,0,34.6197,0,0,0,34.6197,0
40.7272,2.09731,0,0,1.6098,0.0994261,0.36288,3.6288,61.21,0.465875,0,0,0.651465,0.277875,0,0.66528,12.849,1,0.646601,0.36288,0,31.4943,5.05749,26.1531,0.84672,12.849,0.84672,3695.15,0,36.966,0.280928,0.261274,1.80273,3.21068,1.25511,3.73864,0.42336,36.966,0.42336,423.524,0,0.921136,0,0,1.18241,0.261274,1.028160,1,0,29.8917,0,0,0,29.8917,0
39.759,2.086,0,0,1.56132,0.0806099,0.36288,3.6288,60.9889,0.512848,0,0,0.620776,0.329077,0,0.66528,12.849,1,0.658112,0.36288,0,27.8773,5.81031,21.7718,0.84672,12.849,0.84672,3695.15,0,36.966,0.309719,0.261274,1.80286,3.0814,1.51722,3.31859,0.42336,36.966,0.42336,423.524,0,0.845493,0,0,1.10677,0.261274,1.028160,1,0,25.0904,0,0,0,25.0904,0
38.9706,2.12245,0,0,1.77629,0.0793662,0.36288,3.6288,61.007,0.503444,0,0,0.841579,0.320011,0,0.66528,12.849,1,0.685915,0.36288,0,34.9511,5.92798,28.7001,0.84672,12.849,0.84672,3695.15,0,36.966,0.305143,0.261274,1.80299,3.52957,1.52846,3.76023,0.42336,36.966,0.42336,423.524,0,0.900357,0,0,1.16163,0.261274,1.028160,1,0,32.4603,0,0,0,32.4603,0
37.839,2.34409,0,0,1.65394,0.0786485,0.36288,3.6288,60.8552,0.561871,0,0,0.730132,0.320047,0,0.66528,12.849,1,0.772868,0.36288,0,29.5939,5.92798,23.2559,0.84672,12.849,0.84672,3695.15,0,36.966,0.340455,0.261274,1.84662,3.56212,1.52846,3.8011,0.42336,36.966,0.42336,423.524,0,0.994404,0,0,1.25568,0.261274,1.028160,1,0,27.057,0,0,0,27.057,0
36.8309,2.09677,0,0,1.52918,0.0776184,0.36288,3.6288,60.6939,0.518673,0,0,0.677091,0.31974,0,0.66528,12.849,1,0.712002,0.36288,0,28.378,5.92798,22.1009,0.84672,12.849,0.84672,3695.15,0,36.966,0.315064,0.227405,2.04953,3.09723,1.52846,3.53065,0.42336,36.966,0.42336,423.524,0,0.875457,0,0,1.10286,0.227405,1.028160,1,0,25.6315,0,0,0,25.6315,0
35.6468,2.31113,0,0,1.56314,0.0732424,0.36288,3.6288,60.5814,0.542394,0,0,0.751922,0.321993,0,0.66528,12.849,1,0.806274,0.36288,0,26.9903,6.00276,20.5442,0.84672,12.849,0.84672,3695.15,0,36.966,0.330348,0.227405,1.84689,3.83101,1.5434,4.03156,0.42336,36.966,0.42336,423.524,0,1.02426,0,0,1.25167,0.227405,1.028160,1,0,24.5757,0,0,0,24.5757,0
34.3971,2.41332,0,0,1.60276,0.0762096,0.36288,3.6288,60.4108,0.615796,0,0,0.771224,0.326041,0,0.66528,12.849,1,0.84672,0.36288,0,27.084,6.1184,20.4817,0.84672,12.849,0.84672,3695.15,0,36.966,0.375751,0.307644,2.04983,4.76817,1.50736,5.24254,0.42336,36.966,0.42336,423.524,0,1.02816,0,0,1.3358,0.307644,1.028160,1,0,25.7243,0,0,0,25.7243,0
33.135,2.41356,0,0,1.59121,0.076846,0.36288,3.6288,60.2569,0.615229,0,0,0.766869,0.305541,0,0.66528,12.849,1,0.84672,0.36288,0,27.5673,6.09242,20.991,0.84672,12.849,0.84672,3695.15,0,36.966,0.376465,0.368392,2.17136,3.89288,1.50737,4.54879,0.42336,36.966,0.42336,423.524,0,1.02816,0,0,1.39655,0.368392,1.028160,1,0,25.5398,0,0,0,25.5398,0
31.6791,2.41379,0,0,1.39636,0.0756608,0.36288,3.6288,60.0768,0.614725,0,0,0.739817,0.305242,0,0.66528,12.849,1,0.84672,0.36288,0,35.0427,6.09242,28.4665,0.84672,12.849,0.84672,3695.15,0,36.966,0.377117,0.306193,2.17152,3.73825,1.50737,4.33147,0.42336,36.966,0.42336,423.524,0,1.02816,0,0,1.33435,0.306193,1.028160,1,0,32.7979,0,0,0,32.7979,0
30.254,2.41403,0,0,1.42611,0.0742935,0.36288,3.6288,60.0064,0.614116,0,0,0.848666,0.304892,0,0.66528,12.849,1,0.84672,0.36288,0,30.3558,6.09242,23.7795,0.84672,12.849,0.84672,3695.15,0,36.966,0.377873,0.381819,2.17167,3.88206,1.50737,4.55031,0.42336,36.966,0.42336,423.524,0,1.02816,0,0,1.40998,0.381819,1.028160,1,0,28.3298,0,0,0,28.3298,0
29.5122,2.41427,0,0,2.13928,0.103908,0.36288,3.6288,60.2707,0.613933,0,0,1.17221,0.293995,0,0.66528,12.849,1,0.84672,0.36288,0,40.5308,5.59448,34.4525,0.84672,12.849,0.84672,3695.15,0,36.966,0.378204,0.915373,2.17183,6.42407,1.40343,7.72965,0.42336,36.966,0.42336,423.524,0,1.02816,0,0,1.94353,0.915373,1.028160,1,0,42.1822,0,0,0,42.1822,0
29.5726,2.315,0,0,2.86413,0.125885,0.36288,3.6288,60.8409,0.554796,0,0,1.41144,0.286406,0,0.66528,12.849,1,0.84672,0.36288,0,42.4451,5.22102,36.7403,0.84672,12.849,0.84672,3695.15,0,36.966,0.340275,0.776641,2.17199,7.29017,1.32547,8.57306,0.42336,36.966,0.42336,423.524,0,1.02816,0,0,1.8048,0.776641,1.028160,1,0,45.3133,0,0,0,45.3133,0
29.1496,2.31523,0,0,2.38113,0.125988,0.36288,3.6288,61.308,0.556868,0,0,1.99351,0.287445,0.682128,0.66528,12.849,1,0.84672,0.36288,0,39.2087,5.22102,33.5038,0.84672,12.849,0.84672,3695.15,0,36.966,0.338344,2.15273,2.0784,8.26554,1.32547,10.8328,0.42336,36.966,0.42336,423.524,0,1.02816,0,0,3.18089,2.15273,1.028160,1,0,45.0188,0,0,0,45.0188,0
28.365,2.31546,0,0,2.01903,0.12527,0.36288,3.6288,61.308,0.558563,0,0,1.0823,0.288297,0.235439,0.66528,12.849,1,0.84672,0.36288,0,39.1538,5.22102,33.4489,0.84672,12.849,0.84672,3695.15,0,36.966,0.336789,0.653028,2.07855,6.11382,1.32547,7.18314,0.42336,36.966,0.42336,423.524,0,1.02816,0,0,1.68119,0.653028,1.028160,1,0,40.8675,0,0,0,40.8675,0
27.6559,2.31569,0,0,2.10883,0.139347,0.36288,3.6288,61.308,0.558651,0,0,1.01699,0.265255,0.193083,0.66528,12.849,1,0.84672,0.36288,0,34.838,4.86904,29.4852,0.84672,12.849,0.84672,3695.15,0,36.966,0.336841,0.642323,2.0787,6.08094,1.23477,7.23035,0.42336,36.966,0.42336,423.524,0,1.02816,0,0,1.67048,0.642323,1.028160,1,0,36.9086,0,0,0,36.9086,0
26.6312,2.29642,0,0,1.77787,0.143304,0.36288,3.6288,61.0582,0.583745,0,0,0.567054,0.233135,0,0.66528,12.849,1,0.84672,0.36288,0,24.8559,4.2106,20.1615,0.84672,12.849,0.84672,3695.15,0,36.966,0.351972,0.216518,2.07885,4.84497,1.14487,5.6435,0.42336,36.966,0.42336,423.524,0,0.936611,0,0,1.15313,0.216518,1.028160,1,0,25.805,0,0,0,25.805,0
25.972,1.98565,0,0,1.83064,0.141273,0.36288,3.6288,61.2419,0.410512,0,0,0.827052,0.232767,0,0.66528,12.849,1,0.84672,0.36288,0,25.2182,4.2106,20.5237,0.84672,12.849,0.84672,3695.15,0,36.966,0.248533,1.25086,2.03559,6.6667,1.14487,8.55974,0.42336,36.966,0.42336,423.524,0,1.02816,0,0,2.27902,1.25086,1.028160,1,0,29.0835,0,0,0,29.0835,0
28.6141,1.98586,0,0,5.13079,0.139967,0.36288,3.6288,61.308,0.411054,0,0,2.47628,0.233038,1.76613,0.66528,12.849,1,0.84672,0.36288,0,78.1115,4.2106,73.417,0.84672,12.849,0.84672,3695.15,0,36.966,0.248115,3.59728,1.83432,13.84,1.14487,17.8786,0.42336,36.966,0.42336,423.524,0,1.02816,0,0,4.62544,3.59728,1.028160,1,0,93.0618,0,0,0,93.0618,0
29.0827,2.29711,0,0,3.30274,0.174149,0.36288,3.6288,61.308,0.526888,0,0,1.49566,0.201811,0.766964,0.66528,12.849,1,0.84672,0.36288,0,48.659,3.7753,44.3999,0.84672,12.849,0.84672,3695.15,0,36.966,0.31769,0.605673,1.83445,8.23098,1.02156,9.33186,0.42336,36.966,0.42336,423.524,0,1.02816,0,0,1.63383,0.605673,1.028160,1,0,54.4987,0,0,0,54.4987,0
31.8181,1.81691,0,0,5.08622,0.171003,0.36288,3.6288,61.308,0.305625,0,0,4.1591,0.245431,3.60804,0.66528,12.849,1,0.802726,0.36288,0,100.999,4.40671,96.1525,0.84672,12.849,0.84672,3695.15,0,36.966,0.184278,2.61898,2.03603,15.819,1.00529,19.2844,0.42336,36.966,0.42336,423.524,0,1.02816,0,0,3.64714,2.61898,1.028160,1,0,119.045,0,0,0,119.045,0
33.5239,1.84517,0,0,4.09466,0.180829,0.36288,3.6288,61.308,0.324116,0,0,3.94869,0.248207,3.37636,0.66528,12.849,1,0.745127,0.36288,0,104.791,4.48634,99.9225,0.84672,12.849,0.84672,3695.15,0,36.966,0.195428,3.83162,1.66378,15.5418,1.03048,19.8113,0.42336,36.966,0.42336,423.524,0,1.02816,0,0,4.85978,3.83162,1.028160,1,0,123.11,0,0,0,123.11,0
35.1858,1.8728,0,0,4.08232,0.184721,0.36288,3.6288,61.308,0.324109,0,0,4.4766,0.248207,3.90428,0.66528,12.849,1,0.717805,0.36288,0,84.3895,4.48634,79.5482,0.84672,12.849,0.84672,3695.15,0,36.966,0.195423,7.7523,1.68118,23.942,1.03048,32.1496,0.42336,36.966,0.42336,423.524,0,1.02816,0,0,8.78046,7.7523,1.028160,1,0,115.602,0,0,0,115.602,0
36.7288,1.89787,0,0,3.9922,0.188513,0.36288,3.6288,61.308,0.324101,0,0,4.03613,0.248207,3.46382,0.66528,12.849,1,0.693054,0.36288,0,89.7713,4.48634,84.9548,0.84672,12.849,0.84672,3695.15,0,36.966,0.195419,6.8504,1.68123,20.3565,1.03048,27.6623,0.42336,36.966,0.42336,423.524,0,1.02816,0,0,7.87856,6.8504,1.028160,1,0,116.081,0,0,0,116.081,0
38.5318,1.91967,0,0,4.27514,0.189555,0.36288,3.6288,61.308,0.324094,0,0,3.30831,0.219016,2.7652,0.66528,12.849,1,0.671567,0.36288,0,96.9944,3.62251,93.0632,0.84672,12.849,0.84672,3695.15,0,36.966,0.195414,3.56013,1.68128,15.6839,0.933055,19.7969,0.42336,36.966,0.42336,423.524,0,1.02816,0,0,4.58829,3.56013,1.028160,1,0,115.625,0,0,0,115.625,0
38.9488,2.00503,0,0,2.97518,0.19024,0.36288,3.6288,61.308,0.354717,0,0,2.08001,0.180095,1.5452,0.66528,12.849,1,0.668608,0.36288,0,97.8642,2.47075,95.0877,0.84672,12.849,0.84672,3695.15,0,36.966,0.213879,2.8068,1.68133,12.0649,0.80315,15.536,0.42336,36.966,0.42336,423.524,0,1.02816,0,0,3.83496,2.8068,1.028160,1,0,112.169,0,0,0,112.169,0
38.915,2.03239,0,0,2.5526,0.191162,0.36288,3.6288,61.308,0.336667,0,0,1.83441,0.180095,1.31765,0.66528,12.849,1,0.670473,0.36288,0,55.7046,2.47075,52.9262,0.84672,12.849,0.84672,3695.15,0,36.966,0.202995,2.32305,1.73469,10.1553,0.80315,13.2069,0.42336,36.966,0.42336,423.524,0,1.02816,0,0,3.35121,2.32305,1.028160,1,0,67.4508,0,0,0,67.4508,0
38.6498,2.03209,0,0,2.32839,0.198636,0.36288,3.6288,61.308,0.336732,0,0,1.67366,0.175142,1.16179,0.66528,12.849,1,0.670956,0.36288,0,50.2748,2.54437,47.4223,0.84672,12.849,0.84672,3695.15,0,36.966,0.203035,2.00239,1.71782,9.09896,0.786887,11.8292,0.42336,36.966,0.42336,423.524,0,1.02816,0,0,3.03055,2.00239,1.028160,1,0,60.4134,0,0,0,60.4134,0
38.3844,2.02877,0,0,2.35653,0.23025,0.36288,3.6288,61.308,0.336798,0,0,1.46574,0.164984,0.963959,0.66528,12.849,1,0.674457,0.36288,0,44.4052,3.12569,40.9679,0.84672,12.849,0.84672,3695.15,0,36.966,0.203074,2.30086,1.71793,9.44879,0.90571,12.3588,0.42336,36.966,0.42336,423.524,0,1.02816,0,0,3.32902,2.30086,1.028160,1,0,54.2907,0,0,0,54.2907,0
37.9845,2.22296,0,0,2.39072,0.204813,0.36288,3.6288,61.308,0.451888,0,0,1.22298,0.191552,0.579543,0.66528,12.849,1,0.744126,0.36288,0,52.6706,3.52141,48.7679,0.84672,12.849,0.84672,3695.15,0,36.966,0.272469,1.00131,1.71805,6.17235,1.01668,7.60255,0.42336,36.966,0.42336,423.524,0,1.02816,0,0,2.02947,1.00131,1.028160,1,0,56.95,0,0,0,56.95,0
37.8844,2.21726,0,0,2.69059,0.210512,0.36288,3.6288,61.308,0.451962,0,0,1.26652,0.192666,0.621893,0.66528,12.849,1,0.75003,0.36288,0,58.2632,3.72004,54.156,0.84672,12.849,0.84672,3695.15,0,36.966,0.272513,1.48436,1.91003,6.80815,1.09642,8.8336,0.42336,36.966,0.42336,423.524,0,1.02816,0,0,2.51252,1.48436,1.028160,1,0,63.6115,0,0,0,63.6115,0
38.7571,2.21593,0,0,3.66169,0.210265,0.36288,3.6288,61.308,0.452035,0,0,1.23568,0.192666,0.590984,0.66528,12.849,1,0.75156,0.36288,0,84.2647,3.72004,80.156,0.84672,12.849,0.84672,3695.15,0,36.966,0.272557,1.83406,1.91016,7.80667,1.09642,10.1819,0.42336,36.966,0.42336,423.524,0,1.02816,0,0,2.86222,1.83406,1.028160,1,0,90.9289,0,0,0,90.9289,0
38.9408,2.22878,0,0,2.98781,0.212416,0.36288,3.6288,61.308,0.452108,0,0,1.3028,0.192666,0.658026,0.66528,12.849,1,0.738901,0.36288,0,65.1929,3.72004,61.0968,0.84672,12.849,0.84672,3695.15,0,36.966,0.272601,1.37879,1.91028,7.10243,1.09642,9.02247,0.42336,36.966,0.42336,423.524,0,1.02816,0,0,2.40695,1.37879,1.028160,1,0,70.7773,0,0,0,70.7773,0
40.2702,1.94869,0,0,3.89373,0.252745,0.36288,3.6288,61.308,0.297776,0,0,1.52808,0.235353,0.994951,0.66528,12.849,1,0.642995,0.36288,0,96.5477,4.04817,92.2194,0.84672,12.849,0.84672,3695.15,0,36.966,0.179545,1.7422,1.91041,8.19046,1.04717,10.6164,0.42336,36.966,0.42336,423.524,0,1.02816,0,0,2.77036,1.7422,1.028160,1,0,103.831,0,0,0,103.831,0
41.311,1.93194,0,0,3.5923,0.256696,0.36288,3.6288,61.308,0.324972,0,0,1.43406,0.235353,0.873734,0.66528,12.849,1,0.616424,0.36288,0,116.7,4.04817,112.398,0.84672,12.849,0.84672,3695.15,0,36.966,0.195944,1.46826,1.64882,7.45356,1.04717,9.32752,0.42336,36.966,0.42336,423.524,0,1.02816,0,0,2.49642,1.46826,1.028160,1,0,122.599,0,0,0,122.599,0
42.645,1.94401,0,0,3.85027,0.209331,0.36288,3.6288,61.308,0.324965,0,0,2.08123,0.199255,1.55701,0.66528,12.849,1,0.604646,0.36288,0,106.485,3.525,102.719,0.84672,12.849,0.84672,3695.15,0,36.966,0.19594,2.23366,1.67438,9.02172,0.972013,11.7618,0.42336,36.966,0.42336,423.524,0,1.02816,0,0,3.26182,2.23366,1.028160,1,0,116.037,0,0,0,116.037,0
46.7976,1.95876,0,0,6.69289,0.218651,0.36288,3.6288,61.308,0.324958,0,0,3.69035,0.232477,3.13292,0.66528,12.849,1,0.590177,0.36288,0,125.949,4.45773,121.264,0.84672,12.849,0.84672,3695.15,0,36.966,0.195935,3.74871,1.67442,15.2625,1.07042,19.4193,0.42336,36.966,0.42336,423.524,0,1.02816,0,0,4.77687,3.74871,1.028160,1,0,143.816,0,0,0,143.816,0
48.5904,2.00007,0,0,4.39138,0.2357,0.36288,3.6288,61.308,0.324951,0,0,2.2187,0.212942,1.68081,0.66528,12.849,1,0.54915,0.36288,0,129.228,4.54419,124.498,0.84672,12.849,0.84672,3695.15,0,36.966,0.195931,2.4107,1.67447,8.12102,1.04458,10.9657,0.42336,36.966,0.42336,423.524,0,1.02816,0,0,3.43886,2.4107,1.028160,1,0,137.145,0,0,0,137.145,0
49.8296,2.09124,0,0,3.93962,0.246247,0.36288,3.6288,61.308,0.362731,0,0,2.34063,0.206377,1.77152,0.66528,12.849,1,0.552997,0.36288,0,107.258,4.62073,102.447,0.84672,12.849,0.84672,3695.15,0,36.966,0.21871,3.32885,1.67451,10.7585,1.05681,14.4863,0.42336,36.966,0.42336,423.524,0,1.02816,0,0,4.35701,3.32885,1.028160,1,0,118.705,0,0,0,118.705,0
49.9336,2.13654,0,0,2.85292,0.249547,0.36288,3.6288,61.308,0.335942,0,0,1.00711,0.206377,0.464794,0.66528,12.849,1,0.550925,0.36288,0,85.1662,4.62073,80.3574,0.84672,12.849,0.84672,3695.15,0,36.966,0.202558,1.69159,1.73911,5.93296,1.05681,8.10429,0.42336,36.966,0.42336,423.524,0,1.02816,0,0,2.71975,1.69159,1.028160,1,0,88.9265,0,0,0,88.9265,0
50.8405,2.13759,0,0,3.65717,0.249821,0.36288,3.6288,61.308,0.336008,0,0,1.77773,0.206377,1.23535,0.66528,12.849,1,0.550049,0.36288,0,117.048,4.62073,112.24,0.84672,12.849,0.84672,3695.15,0,36.966,0.202598,2.76928,1.71403,9.02712,1.05681,12.251,0.42336,36.966,0.42336,423.524,0,1.02816,0,0,3.79744,2.76928,1.028160,1,0,125.726,0,0,0,125.726,0
51.3994,2.14557,0,0,3.29505,0.227681,0.36288,3.6288,61.308,0.336073,0,0,1.0638,0.218076,0.509651,0.66528,12.849,1,0.542253,0.36288,0,93.5194,4.65181,88.6882,0.84672,12.849,0.84672,3695.15,0,36.966,0.202637,1.91501,1.71415,6.77501,1.08038,9.12116,0.42336,36.966,0.42336,423.524,0,1.02816,0,0,2.94317,1.91501,1.028160,1,0,98.319,0,0,0,98.319,0
51.4676,2.12079,0,0,2.7472,0.195349,0.36288,3.6288,61.308,0.321459,0,0,1.13937,0.206447,0.61146,0.66528,12.849,1,0.530163,0.36288,0,72.3712,3.64245,68.5615,0.84672,12.849,0.84672,3695.15,0,36.966,0.193826,1.85476,1.71426,5.80181,1.0601,8.11691,0.42336,36.966,0.42336,423.524,0,1.02816,0,0,2.88292,1.85476,1.028160,1,0,77.2899,0,0,0,77.2899,0
51.3636,2.12041,0,0,2.57477,0.195488,0.36288,3.6288,61.308,0.322373,0,0,0.975015,0.206447,0.446196,0.66528,12.849,1,0.529365,0.36288,0,68.5031,3.64245,64.6942,0.84672,12.849,0.84672,3695.15,0,36.966,0.194377,1.31569,1.68925,5.49226,1.0601,7.24273,0.42336,36.966,0.42336,423.524,0,1.02816,0,0,2.34385,1.31569,1.028160,1,0,72.3831,0,0,0,72.3831,0
51.7539,2.11978,0,0,3.04802,0.175046,0.36288,3.6288,61.308,0.322366,0,0,0.968777,0.218315,0.428096,0.66528,12.849,1,0.530281,0.36288,0,72.4654,4.57815,67.7199,0.84672,12.849,0.84672,3695.15,0,36.966,0.194372,1.43486,1.69016,7.23194,1.09699,9.06561,0.42336,36.966,0.42336,423.524,0,1.02816,0,0,2.46302,1.43486,1.028160,1,0,77.2136,0,0,0,77.2136,0
51.4518,2.12322,0,0,2.31595,0.131925,0.36288,3.6288,61.308,0.322359,0,0,0.914259,0.237744,0.354156,0.66528,12.849,1,0.527135,0.36288,0,49.5708,5.45893,43.9476,0.84672,12.849,0.84672,3695.15,0,36.966,0.194368,1.31402,1.69021,5.38737,1.20072,6.99652,0.42336,36.966,0.42336,423.524,0,1.02816,0,0,2.34218,1.31402,1.028160,1,0,51.2983,0,0,0,51.2983,0
50.902,2.22163,0,0,2.15961,0.124896,0.36288,3.6288,61.308,0.374424,0,0,0.788074,0.255429,0.158221,0.66528,12.849,1,0.554805,0.36288,0,45.6379,4.37354,41.0724,0.84672,12.849,0.84672,3695.15,0,36.966,0.225761,1.19325,1.69026,4.48674,1.10099,6.04351,0.42336,36.966,0.42336,423.524,0,1.02816,0,0,2.22141,1.19325,1.028160,1,0,47.2741,0,0,0,47.2741,0
50.1797,2.21781,0,0,1.98774,0.129383,0.36288,3.6288,61.308,0.373858,0,0,0.735618,0.256038,0.105723,0.66528,12.849,1,0.559833,0.36288,0,44.483,4.15285,40.1331,0.84672,12.849,0.84672,3695.15,0,36.966,0.225419,0.791787,1.77836,4.10911,1.06746,5.38638,0.42336,36.966,0.42336,423.524,0,1.02816,0,0,1.81995,0.791787,1.028160,1,0,45.6253,0,0,0,45.6253,0
49.2832,2.21154,0,0,1.80638,0.128404,0.36288,3.6288,61.308,0.373926,0,0,0.70483,0.256038,0.0748663,0.66528,12.849,1,0.566287,0.36288,0,42.2919,4.15285,37.9356,0.84672,12.849,0.84672,3695.15,0,36.966,0.225461,0.538756,1.77789,4.00371,1.06746,5.02743,0.42336,36.966,0.42336,423.524,0,1.02816,0,0,1.56692,0.538756,1.028160,1,0,43.0379,0,0,0,43.0379,0
48.1777,2.20352,0,0,1.58804,0.127187,0.36288,3.6288,61.308,0.373994,0,0,0.637259,0.256038,0.00722745,0.66528,12.849,1,0.574495,0.36288,0,36.2027,4.15285,31.8383,0.84672,12.849,0.84672,3695.15,0,36.966,0.225502,0.411039,1.77801,3.783,1.06746,4.67908,0.42336,36.966,0.42336,423.524,0,1.02816,0,0,1.4392,0.411039,1.028160,1,0,36.5246,0,0,0,36.5246,0
46.9118,2.19326,0,0,1.39794,0.107692,0.36288,3.6288,61.2825,0.374062,0,0,0.609746,0.26114,0,0.66528,12.849,1,0.584942,0.36288,0,31.0458,4.6229,26.2008,0.84672,12.849,0.84672,3695.15,0,36.966,0.225543,0.36688,1.77813,3.15093,1.12646,3.94393,0.42336,36.966,0.42336,423.524,0,1.02816,0,0,1.39504,0.36688,1.028160,1,0,30.1447,0,0,0,30.1447,0
45.5759,2.16148,0,0,1.28139,0.0929068,0.36288,3.6288,61.2116,0.402696,0,0,0.596627,0.264923,0,0.66528,12.849,1,0.592022,0.36288,0,29.1061,4.97542,23.9015,0.84672,12.849,0.84672,3695.15,0,36.966,0.242909,0.348287,1.77825,2.91989,1.17071,3.6328,0.42336,36.966,0.42336,423.524,0,1.02816,0,0,1.37645,0.348287,1.028160,1,0,27.5343,0,0,0,27.5343,0
44.145,2.14809,0,0,1.17154,0.0915362,0.36288,3.6288,61.1265,0.402591,0,0,0.582305,0.264804,0,0.66528,12.849,1,0.605599,0.36288,0,28.6952,4.97542,23.477,0.84672,12.849,0.84672,3695.15,0,36.966,0.243127,0.373559,1.80916,2.884,1.17071,3.65288,0.42336,36.966,0.42336,423.524,0,1.02816,0,0,1.40172,0.373559,1.028160,1,0,27.1299,0,0,0,27.1299,0
42.3955,2.36723,0,0,1.07069,0.0900681,0.36288,3.6288,60.8323,0.574012,0,0,0.544546,0.264662,0,0.66528,12.849,1,0.689016,0.36288,0,26.9903,4.97542,21.6888,0.84672,12.849,0.84672,3695.15,0,36.966,0.347131,0.261274,1.80928,2.74435,1.17071,3.29706,0.42336,36.966,0.42336,423.524,0,0.936654,0,0,1.19793,0.261274,1.028160,1,0,24.9858,0,0,0,24.9858,0
40.8463,2.1135,0,0,1.00248,0.0752391,0.36288,3.6288,60.5817,0.46946,0,0,0.524436,0.305626,0,0.66528,12.849,1,0.64055,0.36288,0,27.6583,5.55666,21.824,0.84672,12.849,0.84672,3695.15,0,36.966,0.285277,0.261274,2.00808,2.58454,1.3691,3.19951,0.42336,36.966,0.42336,423.524,0,0.919365,0,0,1.18064,0.261274,1.028160,1,0,25.0235,0,0,0,25.0235,0
39.0836,2.3324,0,0,1.00362,0.0710265,0.36288,3.6288,60.1749,0.617352,0,0,0.534775,0.324191,0,0.66528,12.849,1,0.733701,0.36288,0,25.2835,6.07992,18.8327,0.84672,12.849,0.84672,3695.15,0,36.966,0.376699,0.261274,1.80952,2.30037,1.47749,2.51698,0.42336,36.966,0.42336,423.524,0,0.871733,0,0,1.13301,0.261274,1.028160,1,0,21.3497,0,0,0,21.3497,0
37.2361,2.35424,0,0,0.939168,0.0695712,0.36288,3.6288,59.6773,0.669302,0,0,0.495012,0.323354,0,0.66528,12.849,1,0.77397,0.36288,0,22.8247,6.07992,16.3337,0.84672,12.849,0.84672,3695.15,0,36.966,0.411158,0.261274,2.01609,2.05307,1.47749,2.44179,0.42336,36.966,0.42336,423.524,0,0.823115,0,0,1.08439,0.261274,1.028160,1,0,18.7755,0,0,0,18.7755,0
35.5716,2.09573,0,0,0.862212,0.0680855,0.36288,3.6288,59.2595,0.585045,0,0,0.489573,0.322329,0,0.66528,12.849,1,0.723169,0.36288,0,20.8646,6.07992,14.4244,0.84672,12.849,0.84672,3695.15,0,36.966,0.362395,0.227405,2.05693,2.00799,1.47749,2.45244,0.42336,36.966,0.42336,423.524,0,0.767915,0,0,0.995319,0.227405,1.028160,1,0,16.8768,0,0,0,16.8768,0
33.89,2.29841,0,0,1.03587,0.0562064,0.36288,3.6288,59.0097,0.539273,0,0,0.596152,0.306692,0,0.66528,12.849,1,0.830219,0.36288,0,21.85,6.28814,15.0945,0.84672,12.849,0.84672,3695.15,0,36.966,0.336398,0.320674,1.85354,2.99824,1.5363,3.29975,0.42336,36.966,0.42336,423.524,0,1.02816,0,0,1.34883,0.320674,1.028160,1,0,18.3942,0,0,0,18.3942,0
31.9798,2.42503,0,0,0.94843,0.0707506,0.36288,3.6288,58.4731,0.738748,0,0,0.509545,0.307389,0,0.66528,12.849,1,0.84672,0.36288,0,21.3671,6.44919,14.434,0.84672,12.849,0.84672,3695.15,0,36.966,0.42336,0.227405,2.0572,2.66164,1.49817,3.02472,0.42336,36.966,0.42336,423.524,0,0.864855,0,0,1.09226,0.227405,1.028160,1,0,17.4588,0,0,0,17.4588,0
30.4426,2.16104,0,0,1.05818,0.071397,0.36288,3.6288,58.2377,0.511739,0,0,0.592896,0.316557,0,0.66528,12.849,1,0.84672,0.36288,0,24.6348,6.60818,17.5428,0.84672,12.849,0.84672,3695.15,0,36.966,0.323515,0.229366,2.17916,2.73818,1.49664,3.32655,0.42336,36.966,0.42336,423.524,0,1.02816,0,0,1.25753,0.229366,1.028160,1,0,20.8693,0,0,0,20.8693,0
28.4333,2.42547,0,0,0.849001,0.0699939,0.36288,3.6288,57.5883,0.799543,0,0,0.466218,0.316078,0,0.66528,12.849,1,0.84672,0.36288,0,28.9756,6.60818,21.8836,0.84672,12.849,0.84672,3695.15,0,36.966,0.42336,0.204422,2.00333,2.27458,1.49664,2.56233,0.42336,36.966,0.42336,423.524,0,0.804332,0,0,1.00875,0.204422,1.028160,1,0,24.4459,0,0,0,24.4459,0
26.5821,2.42569,0,0,1.00549,0.068121,0.36288,3.6288,57.3766,0.608569,0,0,0.711658,0.314754,0,0.66528,12.849,1,0.84672,0.36288,0,24.8705,6.60818,17.7785,0.84672,12.849,0.84672,3695.15,0,36.966,0.390642,0.4893,2.17945,3.07592,1.49664,3.85739,0.42336,36.966,0.42336,423.524,0,1.02816,0,0,1.51746,0.4893,1.028160,1,0,21.6359,0,0,0,21.6359,0
24.7857,2.16165,0,0,0.795797,0.0676647,0.36288,3.6288,57.0745,0.508207,0,0,0.492261,0.286137,0,0.66528,12.849,1,0.84672,0.36288,0,30.5407,6.30861,23.7482,0.84672,12.849,0.84672,3695.15,0,36.966,0.327422,0.286796,2.1796,2.8079,1.48416,3.46271,0.42336,36.966,0.42336,423.524,0,1.02816,0,0,1.31496,0.286796,1.028160,1,0,27.2109,0,0,0,27.2109,0
22.745,2.07005,0,0,0.459829,0.0676079,0.36288,3.6288,56.5971,0.618504,0,0,0.389175,0.24807,0,0.66528,12.849,1,0.84672,0.36288,0,23.5585,5.90919,17.1655,0.84672,12.849,0.84672,3695.15,0,36.966,0.400592,0.204422,2.00373,1.86813,1.46751,2.20818,0.42336,36.966,0.42336,423.524,0,0.755136,0,0,0.959558,0.204422,1.028160,1,0,19.3737,0,0,0,19.3737,0
20.7666,2.07025,0,0,0.520363,0.0656718,0.36288,3.6288,56.1417,0.664267,0,0,0.456197,0.247301,0,0.66528,12.849,1,0.84672,0.36288,0,18.9117,5.90919,12.5186,0.84672,12.849,0.84672,3695.15,0,36.966,0.42336,0.216518,1.91738,2.08024,1.46751,2.32325,0.42336,36.966,0.42336,423.524,0,0.686724,0,0,0.903243,0.216518,1.028160,1,0,14.8419,0,0,0,14.8419,0
19.6895,2.07045,0,0,1.49317,0.136857,0.36288,3.6288,56.2697,0.450007,0,0,0.838492,0.260532,0,0.66528,12.849,1,0.84672,0.36288,0,31.3821,5.16325,25.735,0.84672,12.849,0.84672,3695.15,0,36.966,0.296303,1.30467,1.9175,4.64366,1.29555,6.27399,0.42336,36.966,0.42336,423.524,0,1.02816,0,0,2.33283,1.30467,1.028160,1,0,32.009,0,0,0,32.009,0
18.0278,2.07064,0,0,0.901264,0.129493,0.36288,3.6288,55.9584,0.542228,0,0,0.496959,0.266016,0,0.66528,12.849,1,0.84672,0.36288,0,34.0987,5.24948,28.3654,0.84672,12.849,0.84672,3695.15,0,36.966,0.356213,0.216518,1.91763,2.32476,1.29857,2.80413,0.42336,36.966,0.42336,423.524,0,0.876148,0,0,1.09267,0.216518,1.028160,1,0,31.1695,0,0,0,31.1695,0
17.1067,1.99547,0,0,1.53366,0.0964265,0.36288,3.6288,55.7489,0.559985,0,0,0.533593,0.183123,0,0.66528,12.849,1,0.84672,0.36288,0,29.7439,3.69609,25.564,0.84672,12.849,0.84672,3695.15,0,36.966,0.369925,0.216518,1.91776,2.77354,0.934809,3.60309,0.42336,36.966,0.42336,423.524,0,0.763145,0,0,0.979664,0.216518,1.028160,1,0,29.1671,0,0,0,29.1671,0
16.4781,1.99566,0,0,1.8772,0.147197,0.36288,3.6288,55.2375,0.724512,0,0,0.386082,0.173017,0,0.66528,12.849,1,0.84672,0.36288,0,38.185,3.79344,33.9077,0.84672,12.849,0.84672,3695.15,0,36.966,0.42336,0.216518,1.84068,2.51531,1.05882,3.09033,0.42336,36.966,0.42336,423.524,0,0.545296,0,0,0.761815,0.216518,1.028160,1,0,36.998,0,0,0,36.998,0
15.9065,1.99585,0,0,1.93291,0.145858,0.36288,3.6288,55.2297,0.398462,0,0,0.563106,0.172437,0,0.66528,12.849,1,0.84672,0.36288,0,38.7412,3.79344,34.464,0.84672,12.849,0.84672,3695.15,0,36.966,0.266659,0.477475,1.8408,3.46107,1.05882,4.45387,0.42336,36.966,0.42336,423.524,0,1.02816,0,0,1.50563,0.477475,1.028160,1,0,38.9178,0,0,0,38.9178,0
18.8207,1.99604,0,0,5.41749,0.14438,0.36288,3.6288,56.3447,0.398508,0,0,1.68599,0.172428,0,0.66528,12.849,1,0.84672,0.36288,0,119.998,3.79344,115.721,0.84672,12.849,0.84672,3695.15,0,36.966,0.266727,2.02765,1.84093,7.18515,1.05882,9.72818,0.42336,36.966,0.42336,423.524,0,1.02816,0,0,3.05581,2.02765,1.028160,1,0,125.449,0,0,0,125.449,0
19.2593,1.78213,0,0,2.73775,0.154086,0.36288,3.6288,56.7213,0.299046,0,0,0.873406,0.197812,0,0.66528,12.849,1,0.84672,0.36288,0,58.3711,3.89563,53.9917,0.84672,12.849,0.84672,3695.15,0,36.966,0.196195,0.500567,1.84105,4.86063,1.01884,5.98721,0.42336,36.966,0.42336,423.524,0,1.02816,0,0,1.52873,0.500567,1.028160,1,0,59.9789,0,0,0,59.9789,0
19.3832,1.7587,0,0,2.41447,0.168966,0.36288,3.6288,56.8513,0.314189,0,0,0.647239,0.203045,0,0.66528,12.849,1,0.84672,0.36288,0,63.0672,3.93036,58.653,0.84672,12.849,0.84672,3695.15,0,36.966,0.204761,0.502943,1.66963,4.28462,0.995841,5.25659,0.42336,36.966,0.42336,423.524,0,1.02816,0,0,1.5311,0.502943,1.028160,1,0,63.9095,0,0,0,63.9095,0
19.3217,1.75899,0,0,2.2296,0.16926,0.36288,3.6288,56.9465,0.316157,0,0,0.614611,0.203217,0,0.66528,12.849,1,0.84672,0.36288,0,47.9994,3.93036,43.5852,0.84672,12.849,0.84672,3695.15,0,36.966,0.205572,0.412474,1.68355,4.10923,0.995841,5.00384,0.42336,36.966,0.42336,423.524,0,1.02537,0,0,1.43784,0.412474,1.028160,1,0,48.5891,0,0,0,48.5891,0
19.8626,1.75928,0,0,2.83191,0.168851,0.36288,3.6288,57.0178,0.314666,0,0,0.594524,0.208581,0,0.66528,12.849,1,0.84672,0.36288,0,54.0405,4.09573,49.4609,0.84672,12.849,0.84672,3695.15,0,36.966,0.204261,0.441184,1.6836,4.05434,1.04718,4.92768,0.42336,36.966,0.42336,423.524,0,1.02816,0,0,1.46934,0.441184,1.028160,1,0,54.3886,0,0,0,54.3886,0
20.8914,1.75956,0,0,3.31374,0.162522,0.36288,3.6288,57.5195,0.314814,0,0,1.06191,0.245357,0,0.66528,12.849,1,0.84672,0.36288,0,61.3189,4.95028,55.8847,0.84672,12.849,0.84672,3695.15,0,36.966,0.204102,1.37999,1.68364,5.97267,1.34844,7.48375,0.42336,36.966,0.42336,423.524,0,1.02816,0,0,2.40815,1.37999,1.028160,1,0,63.3685,0,0,0,63.3685,0
22.1929,1.84223,0,0,3.65616,0.149573,0.36288,3.6288,58.8469,0.345886,0,0,1.93258,0.259289,0,0.66528,12.849,1,0.84672,0.36288,0,81.5124,4.60604,76.4225,0.84672,12.849,0.84672,3695.15,0,36.966,0.22229,2.74576,1.68369,10.1263,1.3315,13.0019,0.42336,36.966,0.42336,423.524,0,1.02816,0,0,3.77392,2.74576,1.028160,1,0,89.4244,0,0,0,89.4244,0
23.8258,1.86555,0,0,4.01357,0.152243,0.36288,3.6288,59.9707,0.334805,0,0,1.72015,0.261519,0,0.66528,12.849,1,0.84672,0.36288,0,103.915,4.60604,98.8251,0.84672,12.849,0.84672,3695.15,0,36.966,0.210315,2.33617,1.73724,10.6932,1.3315,13.2248,0.42336,36.966,0.42336,423.524,0,1.02816,0,0,3.36433,2.33617,1.028160,1,0,112.05,0,0,0,112.05,0
25.4621,1.86572,0,0,4.01829,0.153326,0.36288,3.6288,61.1574,0.337303,0,0,1.78501,0.261018,0,0.66528,12.849,1,0.84672,0.36288,0,88.4952,4.46367,83.5477,0.84672,12.849,0.84672,3695.15,0,36.966,0.207914,2.51315,1.7238,10.3415,1.30234,13.0682,0.42336,36.966,0.42336,423.524,0,1.02816,0,0,3.54131,2.51315,1.028160,1,0,96.6159,0,0,0,96.6159,0
27.1349,1.86588,0,0,4.0562,0.154705,0.36288,3.6288,61.308,0.339878,0,0,2.2397,0.215584,1.53367,0.66528,12.849,1,0.84672,0.36288,0,87.8593,3.36238,84.0131,0.84672,12.849,0.84672,3695.15,0,36.966,0.205436,3.95987,1.7239,11.5548,1.0683,15.9648,0.42336,36.966,0.42336,423.524,0,1.02816,0,0,4.98803,3.95987,1.028160,1,0,101.512,0,0,0,101.512,0
30.6954,2.13065,0,0,6.21225,0.158197,0.36288,3.6288,61.308,0.455676,0,0,3.38458,0.239861,2.68905,0.66528,12.849,1,0.84672,0.36288,0,120.333,3.77758,116.071,0.84672,12.849,0.84672,3695.15,0,36.966,0.274752,5.30305,1.72401,20.2642,1.16919,25.8473,0.42336,36.966,0.42336,423.524,0,1.02816,0,0,6.33121,5.30305,1.028160,1,0,144.608,0,0,0,144.608,0
33.9045,2.13083,0,0,5.86583,0.163049,0.36288,3.6288,61.308,0.455743,0,0,2.95749,0.251206,2.25054,0.66528,12.849,1,0.84672,0.36288,0,130.258,3.9017,125.872,0.84672,12.849,0.84672,3695.15,0,36.966,0.274793,4.61434,1.91664,18.2882,1.19913,23.3453,0.42336,36.966,0.42336,423.524,0,1.02816,0,0,5.6425,4.61434,1.028160,1,0,151.468,0,0,0,151.468,0
38.5246,2.15938,0,0,7.31595,0.173549,0.36288,3.6288,61.308,0.45581,0,0,3.39439,0.215745,2.72283,0.66528,12.849,1,0.818354,0.36288,0,124.893,3.58684,120.851,0.84672,12.849,0.84672,3695.15,0,36.966,0.274833,5.28892,1.91676,19.528,1.05455,25.4043,0.42336,36.966,0.42336,423.524,0,1.02816,0,0,6.31708,5.28892,1.028160,1,0,148.978,0,0,0,148.978,0
41.257,2.23311,0,0,5.53707,0.208693,0.36288,3.6288,61.308,0.455877,0,0,2.71061,0.222402,2.03233,0.66528,12.849,1,0.744803,0.36288,0,135.216,3.54112,131.293,0.84672,12.849,0.84672,3695.15,0,36.966,0.274874,4.19024,1.91688,16.5142,1.07664,21.2698,0.42336,36.966,0.42336,423.524,0,1.02816,0,0,5.2184,4.19024,1.028160,1,0,154.595,0,0,0,154.595,0
42.4809,1.98302,0,0,3.78518,0.215442,0.36288,3.6288,61.308,0.301007,0,0,2.14888,0.158038,1.68983,0.66528,12.849,1,0.617587,0.36288,0,89.2184,3.49469,85.469,0.84672,12.849,0.84672,3695.15,0,36.966,0.181494,2.38163,1.917,12.8342,0.846203,16.1051,0.42336,36.966,0.42336,423.524,0,1.02816,0,0,3.40979,2.38163,1.028160,1,0,103.264,0,0,0,103.264,0
43.8524,1.96782,0,0,3.92081,0.21854,0.36288,3.6288,61.308,0.324612,0,0,1.70112,0.147311,1.2292,0.66528,12.849,1,0.595198,0.36288,0,81.4484,3.48695,77.7292,0.84672,12.849,0.84672,3695.15,0,36.966,0.195727,2.00672,1.65449,12.6735,0.807796,15.3312,0.42336,36.966,0.42336,423.524,0,1.02816,0,0,3.03488,2.00672,1.028160,1,0,94.2895,0,0,0,94.2895,0
44.5025,1.98242,0,0,3.2174,0.22202,0.36288,3.6288,61.308,0.324606,0,0,1.07165,0.147311,0.599737,0.66528,12.849,1,0.58086,0.36288,0,68.5212,3.48695,64.8163,0.84672,12.849,0.84672,3695.15,0,36.966,0.195723,1.15163,1.67668,9.20376,0.807796,11.0285,0.42336,36.966,0.42336,423.524,0,1.02816,0,0,2.17979,1.15163,1.028160,1,0,76.4446,0,0,0,76.4446,0
45.0125,1.98921,0,0,3.08572,0.22367,0.36288,3.6288,61.308,0.324599,0,0,1.25363,0.147311,0.781719,0.66528,12.849,1,0.574335,0.36288,0,67.9259,3.48695,64.2275,0.84672,12.849,0.84672,3695.15,0,36.966,0.195719,1.12633,1.67672,7.12947,0.807796,8.929,0.42336,36.966,0.42336,423.524,0,1.02816,0,0,2.15449,1.12633,1.028160,1,0,73.9382,0,0,0,73.9382,0
47.6793,1.99447,0,0,5.25861,0.234411,0.36288,3.6288,61.308,0.324593,0,0,1.7858,0.150766,1.31044,0.66528,12.849,1,0.569331,0.36288,0,123.433,3.67199,119.554,0.84672,12.849,0.84672,3695.15,0,36.966,0.195715,2.97953,1.67676,13.4244,0.812151,17.0728,0.42336,36.966,0.42336,423.524,0,1.02816,0,0,4.00769,2.97953,1.028160,1,0,137.938,0,0,0,137.938,0
50.0241,2.09464,0,0,5.05679,0.254436,0.36288,3.6288,61.308,0.362502,0,0,1.59909,0.155372,1.08122,0.66528,12.849,1,0.56448,0.36288,0,108.277,3.91871,104.157,0.84672,12.849,0.84672,3695.15,0,36.966,0.218572,2.73038,1.6768,9.54012,0.817958,12.9108,0.42336,36.966,0.42336,423.524,0,1.02816,0,0,3.75854,2.73038,1.028160,1,0,118.149,0,0,0,118.149,0
51.6734,2.14553,0,0,4.41866,0.260955,0.36288,3.6288,61.308,0.339271,0,0,2.03196,0.155372,1.53731,0.66528,12.849,1,0.551091,0.36288,0,69.4155,3.91871,65.3086,0.84672,12.849,0.84672,3695.15,0,36.966,0.204566,2.52598,1.74161,9.25681,0.817958,12.5019,0.42336,36.966,0.42336,423.524,0,1.02816,0,0,3.55414,2.52598,1.028160,1,0,79.3478,0,0,0,79.3478,0
52.7675,2.15974,0,0,3.88222,0.265505,0.36288,3.6288,61.308,0.339332,0,0,1.42485,0.155372,0.930145,0.66528,12.849,1,0.537037,0.36288,0,77.3971,3.91871,73.3043,0.84672,12.849,0.84672,3695.15,0,36.966,0.204602,1.87285,1.71987,8.18718,0.817958,10.7573,0.42336,36.966,0.42336,423.524,0,1.02816,0,0,2.90101,1.87285,1.028160,1,0,84.9917,0,0,0,84.9917,0
53.1945,2.16883,0,0,3.21155,0.252836,0.36288,3.6288,61.308,0.339392,0,0,1.09475,0.170316,0.585041,0.66528,12.849,1,0.528115,0.36288,0,69.4482,4.07235,65.2106,0.84672,12.849,0.84672,3695.15,0,36.966,0.204638,1.36852,1.71998,7.60527,0.858647,9.63049,0.42336,36.966,0.42336,423.524,0,1.02816,0,0,2.39668,1.36852,1.028160,1,0,75.4262,0,0,0,75.4262,0
52.9564,2.14244,0,0,2.51408,0.24688,0.36288,3.6288,61.308,0.324722,0,0,0.824541,0.199307,0.300512,0.66528,12.849,1,0.5175,0.36288,0,44.55,4.11861,40.2768,0.84672,12.849,0.84672,3695.15,0,36.966,0.195793,0.864337,1.72008,4.93074,0.882984,6.43638,0.42336,36.966,0.42336,423.524,0,1.02816,0,0,1.8925,0.864337,1.028160,1,0,47.0137,0,0,0,47.0137,0
52.6693,2.1407,0,0,2.45089,0.234405,0.36288,3.6288,61.308,0.324782,0,0,0.900608,0.205847,0.36998,0.66528,12.849,1,0.519405,0.36288,0,43.1695,4.17627,38.8367,0.84672,12.849,0.84672,3695.15,0,36.966,0.195829,1.03522,1.69498,5.5885,0.886427,7.23644,0.42336,36.966,0.42336,423.524,0,1.02816,0,0,2.06338,1.03522,1.028160,1,0,46.4431,0,0,0,46.4431,0
52.2257,2.13855,0,0,2.29154,0.233715,0.36288,3.6288,61.308,0.324841,0,0,0.885747,0.205847,0.355059,0.66528,12.849,1,0.521713,0.36288,0,39.366,4.17627,35.0309,0.84672,12.849,0.84672,3695.15,0,36.966,0.195865,0.812687,1.69508,5.01614,0.886427,6.44162,0.42336,36.966,0.42336,423.524,0,1.02816,0,0,1.84085,0.812687,1.028160,1,0,41.8276,0,0,0,41.8276,0
51.8089,2.13513,0,0,2.30663,0.22548,0.36288,3.6288,61.308,0.3249,0,0,0.769478,0.193666,0.250912,0.66528,12.849,1,0.525301,0.36288,0,40.1114,3.81837,36.1306,0.84672,12.849,0.84672,3695.15,0,36.966,0.1959,0.731981,1.69519,4.73152,0.894764,6.06803,0.42336,36.966,0.42336,423.524,0,1.02816,0,0,1.76014,0.731981,1.028160,1,0,42.4495,0,0,0,42.4495,0
51.1699,2.233,0,0,2.16169,0.204809,0.36288,3.6288,61.308,0.377207,0,0,0.765167,0.189164,0.198797,0.66528,12.849,1,0.553801,0.36288,0,40.5359,4.11948,36.2255,0.84672,12.849,0.84672,3695.15,0,36.966,0.227439,0.685964,1.69529,5.0532,0.958377,6.24864,0.42336,36.966,0.42336,423.524,0,1.02816,0,0,1.71412,0.685964,1.028160,1,0,42.6729,0,0,0,42.6729,0
50.392,2.22761,0,0,1.97886,0.166259,0.36288,3.6288,61.308,0.377269,0,0,0.749226,0.189988,0.18197,0.66528,12.849,1,0.559363,0.36288,0,37.5277,4.32432,33.0069,0.84672,12.849,0.84672,3695.15,0,36.966,0.227476,0.678214,1.78375,4.96927,0.945033,6.25873,0.42336,36.966,0.42336,423.524,0,1.02816,0,0,1.70637,0.678214,1.028160,1,0,39.4476,0,0,0,39.4476,0
49.5641,2.22087,0,0,1.9208,0.164908,0.36288,3.6288,61.308,0.377331,0,0,0.795658,0.189988,0.228339,0.66528,12.849,1,0.566279,0.36288,0,35.7695,4.32432,31.2418,0.84672,12.849,0.84672,3695.15,0,36.966,0.227514,0.658653,1.78386,5.28628,0.945033,6.55625,0.42336,36.966,0.42336,423.524,0,1.02816,0,0,1.68681,0.658653,1.028160,1,0,38.0264,0,0,0,38.0264,0
48.6465,2.21349,0,0,1.82225,0.163471,0.36288,3.6288,61.308,0.377394,0,0,0.773194,0.189988,0.205812,0.66528,12.849,1,0.573825,0.36288,0,33.5959,4.32432,29.0606,0.84672,12.849,0.84672,3695.15,0,36.966,0.227552,0.586837,1.78397,4.88748,0.945033,6.0857,0.42336,36.966,0.42336,423.524,0,1.02816,0,0,1.615,0.586837,1.028160,1,0,35.3521,0,0,0,35.3521,0
47.5616,2.20506,0,0,1.62766,0.144681,0.36288,3.6288,61.308,0.377456,0,0,0.745356,0.198924,0.168976,0.66528,12.849,1,0.582423,0.36288,0,28.7735,4.43489,24.1191,0.84672,12.849,0.84672,3695.15,0,36.966,0.227589,0.422444,1.78408,4.11852,0.987977,5.10948,0.42336,36.966,0.42336,423.524,0,1.02816,0,0,1.4506,0.422444,1.028160,1,0,29.3976,0,0,0,29.3976,0
46.2847,2.17508,0,0,1.3814,0.12034,0.36288,3.6288,61.308,0.406244,0,0,0.76775,0.210838,0.150668,0.66528,12.849,1,0.587609,0.36288,0,25.0053,4.5823,20.1982,0.84672,12.849,0.84672,3695.15,0,36.966,0.244947,0.39979,1.78419,3.17936,1.04524,4.07315,0.42336,36.966,0.42336,423.524,0,1.02816,0,0,1.42795,0.39979,1.028160,1,0,24.4221,0,0,0,24.4221,0
44.8905,2.16252,0,0,1.24985,0.118655,0.36288,3.6288,61.308,0.430385,0,0,0.712489,0.210838,0.0712655,0.66528,12.849,1,0.600334,0.36288,0,22.455,4.5823,17.6353,0.84672,12.849,0.84672,3695.15,0,36.966,0.259503,0.261274,1.81519,3.0493,1.04524,3.82103,0.42336,36.966,0.42336,423.524,0,0.989565,0,0,1.25084,0.261274,1.028160,1,0,21.5275,0,0,0,21.5275,0
43.2396,2.38403,0,0,1.19076,0.094679,0.36288,3.6288,61.1638,0.541693,0,0,0.674145,0.276653,0,0.66528,12.849,1,0.682382,0.36288,0,20.3425,5.4292,14.5938,0.84672,12.849,0.84672,3695.15,0,36.966,0.326617,0.261274,1.81531,2.88901,1.35437,3.2846,0.42336,36.966,0.42336,423.524,0,0.995665,0,0,1.25694,0.261274,1.028160,1,0,17.8784,0,0,0,17.8784,0
41.7144,2.13019,0,0,1.05712,0.0892929,0.36288,3.6288,61.059,0.447742,0,0,0.630352,0.28736,0,0.66528,12.849,1,0.633004,0.36288,0,18.6055,5.57035,12.765,0.84672,12.849,0.84672,3695.15,0,36.966,0.270605,0.261274,2.01475,2.79379,1.40589,3.39332,0.42336,36.966,0.42336,423.524,0,0.961312,0,0,1.22259,0.261274,1.028160,1,0,16.1583,0,0,0,16.1583,0
40.202,2.16193,0,0,1.09224,0.0798196,0.36288,3.6288,60.8284,0.564052,0,0,0.625787,0.292362,0,0.66528,12.849,1,0.665926,0.36288,0,19.2612,5.36707,13.591,0.84672,12.849,0.84672,3695.15,0,36.966,0.341485,0.261274,1.81553,2.42319,1.42717,2.73134,0.42336,36.966,0.42336,423.524,0,0.81527,0,0,1.07654,0.261274,1.028160,1,0,16.3224,0,0,0,16.3224,0
38.4751,2.33133,0,0,1.04578,0.0784053,0.36288,3.6288,60.5044,0.643835,0,0,0.611722,0.291935,0,0.66528,12.849,1,0.745119,0.36288,0,18.0241,5.36707,12.2748,0.84672,12.849,0.84672,3695.15,0,36.966,0.391264,0.261274,1.85944,2.49048,1.42717,2.79276,0.42336,36.966,0.42336,423.524,0,0.836983,0,0,1.09826,0.261274,1.028160,1,0,15.0675,0,0,0,15.0675,0
36.6409,2.3064,0,0,0.911892,0.0768447,0.36288,3.6288,60.105,0.684894,0,0,0.576855,0.291335,0,0.66528,12.849,1,0.770237,0.36288,0,17.0764,5.36707,11.302,0.84672,12.849,0.84672,3695.15,0,36.966,0.418446,0.227405,2.0229,2.37968,1.42717,2.78437,0.42336,36.966,0.42336,423.524,0,0.768856,0,0,0.996261,0.227405,1.028160,1,0,14.0864,0,0,0,14.0864,0
34.7693,2.27799,0,0,0.840992,0.0717535,0.36288,3.6288,59.6546,0.724133,0,0,0.566943,0.293166,0,0.66528,12.849,1,0.798833,0.36288,0,16.1101,5.44185,10.2323,0.84672,12.849,0.84672,3695.15,0,36.966,0.42336,0.227405,2.02302,2.35805,1.44211,2.74301,0.42336,36.966,0.42336,423.524,0,0.724818,0,0,0.952223,0.227405,1.028160,1,0,12.9753,0,0,0,12.9753,0
32.4648,2.4358,0,0,0.552105,0.0579217,0.36288,3.6288,59.0353,0.814884,0,0,0.496008,0.300472,0,0.66528,12.849,1,0.84672,0.36288,0,13.9172,5.7044,7.72899,0.84672,12.849,0.84672,3695.15,0,36.966,0.42336,0.227405,2.02315,2.17986,1.47913,2.52792,0.42336,36.966,0.42336,423.524,0,0.79539,0,0,1.02279,0.227405,1.028160,1,0,10.2569,0,0,0,10.2569,0
30.4031,2.17092,0,0,0.529477,0.0573906,0.36288,3.6288,58.6377,0.57029,0,0,0.472243,0.299564,0,0.66528,12.849,1,0.84672,0.36288,0,12.732,5.66507,6.58309,0.84672,12.849,0.84672,3695.15,0,36.966,0.357097,0.227405,2.18633,2.28474,1.49167,2.84971,0.42336,36.966,0.42336,423.524,0,0.942149,0,0,1.16955,0.227405,1.028160,1,0,9.4328,0,0,0,9.4328,0
28.4368,2.4362,0,0,0.905334,0.072478,0.36288,3.6288,58.3339,0.616851,0,0,0.606555,0.293527,0,0.66528,12.849,1,0.84672,0.36288,0,21.1588,5.51664,15.1584,0.84672,12.849,0.84672,3695.15,0,36.966,0.388872,0.334161,2.00991,2.52904,1.47347,3.01077,0.42336,36.966,0.42336,423.524,0,1.02816,0,0,1.36232,0.334161,1.028160,1,0,18.1691,0,0,0,18.1691,0
26.4461,2.4364,0,0,0.87464,0.0661059,0.36288,3.6288,58.061,0.615688,0,0,0.627297,0.284432,0,0.66528,12.849,1,0.84672,0.36288,0,24.9905,5.7246,18.7821,0.84672,12.849,0.84672,3695.15,0,36.966,0.39016,0.262077,2.1866,2.19134,1.46257,2.78728,0.42336,36.966,0.42336,423.524,0,1.02816,0,0,1.29024,0.262077,1.028160,1,0,21.5694,0,0,0,21.5694,0
24.9736,2.17148,0,0,1.11952,0.0576481,0.36288,3.6288,58.0205,0.514286,0,0,0.774679,0.300941,0,0.66528,12.849,1,0.84672,0.36288,0,19.3199,5.86545,12.9706,0.84672,12.849,0.84672,3695.15,0,36.966,0.327433,0.898638,2.18673,2.59242,1.52199,3.82837,0.42336,36.966,0.42336,423.524,0,1.02816,0,0,1.9268,0.898638,1.028160,1,0,16.799,0,0,0,16.799,0
23.2498,2.07957,0,0,0.76483,0.04618,0.36288,3.6288,57.5725,0.482331,0,0,0.370978,0.336617,0,0.66528,12.849,1,0.84672,0.36288,0,17.7164,6.16236,11.0702,0.84672,12.849,0.84672,3695.15,0,36.966,0.307303,0.204422,2.01028,1.46165,1.65157,1.71749,0.42336,36.966,0.42336,423.524,0,0.990386,0,0,1.19481,0.204422,1.028160,1,0,12.7877,0,0,0,12.7877,0
21.6047,2.07975,0,0,0.877772,0.0802884,0.36288,3.6288,57.1206,0.5167,0,0,0.360017,0.295216,0,0.66528,12.849,1,0.84672,0.36288,0,15.1854,5.83107,8.87049,0.84672,12.849,0.84672,3695.15,0,36.966,0.331761,0.216518,1.92363,1.06539,1.53778,1.336,0.42336,36.966,0.42336,423.524,0,0.931669,0,0,1.14819,0.216518,1.028160,1,0,10.2065,0,0,0,10.2065,0
20.4494,2.07993,0,0,1.3661,0.0785331,0.36288,3.6288,56.9666,0.456592,0,0,0.596906,0.294352,0,0.66528,12.849,1,0.84672,0.36288,0,24.6849,5.83107,18.37,0.84672,12.849,0.84672,3695.15,0,36.966,0.295486,0.949847,1.92375,1.90039,1.53778,2.94073,0.42336,36.966,0.42336,423.524,0,1.02816,0,0,1.97801,0.949847,1.028160,1,0,21.3107,0,0,0,21.3107,0
19.1857,2.08011,0,0,1.25658,0.0773005,0.36288,3.6288,56.7653,0.456173,0,0,0.548995,0.294058,0,0.66528,12.849,1,0.84672,0.36288,0,44.7257,5.83107,38.4107,0.84672,12.849,0.84672,3695.15,0,36.966,0.296014,0.768761,1.92387,1.60631,1.53778,2.46514,0.42336,36.966,0.42336,423.524,0,1.02816,0,0,1.79692,0.768761,1.028160,1,0,40.8759,0,0,0,40.8759,0
19.2105,2.00467,0,0,2.49381,0.10144,0.36288,3.6288,56.758,0.405993,0,0,0.645372,0.246693,0,0.66528,12.849,1,0.84672,0.36288,0,49.1563,4.10838,44.5641,0.84672,12.849,0.84672,3695.15,0,36.966,0.264385,1.13071,1.92398,3.03391,1.1527,4.67152,0.42336,36.966,0.42336,423.524,0,1.02816,0,0,2.15887,1.13071,1.028160,1,0,49.2356,0,0,0,49.2356,0
22.0226,2.00485,0,0,5.2855,0.105725,0.36288,3.6288,57.8693,0.406035,0,0,1.75618,0.238852,0,0.66528,12.849,1,0.84672,0.36288,0,81.8502,3.82127,77.5451,0.84672,12.849,0.84672,3695.15,0,36.966,0.264447,5.30745,1.84664,5.85758,1.08852,11.6587,0.42336,36.966,0.42336,423.524,0,1.02816,0,0,6.33561,5.30745,1.028160,1,0,89.2038,0,0,0,89.2038,0
23.3761,2.00502,0,0,3.8313,0.1099,0.36288,3.6288,58.4416,0.409197,0,0,1.22205,0.24058,0,0.66528,12.849,1,0.84672,0.36288,0,70.4345,3.82127,66.1294,0.84672,12.849,0.84672,3695.15,0,36.966,0.261389,3.02962,1.84676,4.79668,1.08852,8.32314,0.42336,36.966,0.42336,423.524,0,1.02816,0,0,4.05778,3.02962,1.028160,1,0,74.4525,0,0,0,74.4525,0
26.4902,2.0052,0,0,5.59413,0.111925,0.36288,3.6288,59.0425,0.410829,0,0,1.25321,0.241469,0,0.66528,12.849,1,0.84672,0.36288,0,92.9445,3.82127,88.6394,0.84672,12.849,0.84672,3695.15,0,36.966,0.259861,2.24405,1.84687,4.73786,1.08852,7.4804,0.42336,36.966,0.42336,423.524,0,1.02816,0,0,3.27221,2.24405,1.028160,1,0,96.1198,0,0,0,96.1198,0
32.3289,1.79058,0,0,8.13257,0.140404,0.36288,3.6288,61.0128,0.307572,0,0,2.49354,0.215686,0,0.66528,12.849,1,0.84672,0.36288,0,147.798,4.04503,143.27,0.84672,12.849,0.84672,3695.15,0,36.966,0.192568,5.49634,1.84698,8.12972,1.01424,14.2662,0.42336,36.966,0.42336,423.524,0,1.02816,0,0,6.5245,5.49634,1.028160,1,0,157.536,0,0,0,157.536,0
36.395,1.87434,0,0,6.46089,0.157573,0.36288,3.6288,61.308,0.322817,0,0,1.99458,0.175616,1.20094,0.66528,12.849,1,0.74495,0.36288,0,112.487,3.73075,108.374,0.84672,12.849,0.84672,3695.15,0,36.966,0.195586,4.25511,1.67499,8.02613,0.822577,12.9381,0.42336,36.966,0.42336,423.524,0,1.02816,0,0,5.28327,4.25511,1.028160,1,0,122.513,0,0,0,122.513,0
39.6671,1.93605,0,0,5.73667,0.165605,0.36288,3.6288,61.308,0.323398,0,0,2.25031,0.175944,1.75096,0.66528,12.849,1,0.683508,0.36288,0,129.751,3.73075,125.7,0.84672,12.849,0.84672,3695.15,0,36.966,0.194995,4.9223,1.68573,8.52362,0.822577,14.1141,0.42336,36.966,0.42336,423.524,0,1.02816,0,0,5.95046,4.9223,1.028160,1,0,141.565,0,0,0,141.565,0
44.9526,1.97884,0,0,7.84706,0.219889,0.36288,3.6288,61.308,0.323392,0,0,4.82619,0.240377,4.26242,0.66528,12.849,1,0.640986,0.36288,0,146.271,4.34774,141.645,0.84672,12.849,0.84672,3695.15,0,36.966,0.194991,6.50609,1.68577,9.6101,1.02758,16.5794,0.42336,36.966,0.42336,423.524,0,1.02816,0,0,7.53425,6.50609,1.028160,1,0,162.487,0,0,0,162.487,0
51.0125,2.26292,0,0,8.91713,0.231379,0.36288,3.6288,61.308,0.428099,0,0,3.09148,0.23237,2.43101,0.66528,12.849,1,0.646821,0.36288,0,166.86,4.18338,162.393,0.84672,12.849,0.84672,3695.15,0,36.966,0.258125,4.36854,1.68581,8.02514,1.00476,12.8166,0.42336,36.966,0.42336,423.524,0,1.02816,0,0,5.3967,4.36854,1.028160,1,0,177.64,0,0,0,177.64,0
56.4215,2.39779,0,0,8.4242,0.254543,0.36288,3.6288,61.308,0.462321,0,0,1.21296,0.176644,0.573996,0.66528,12.849,1,0.603953,0.36288,0,113.905,3.96684,109.697,0.84672,12.849,0.84672,3695.15,0,36.966,0.278759,3.4235,1.86982,8.01395,1.06279,11.9657,0.42336,36.966,0.42336,423.524,0,1.02816,0,0,4.45166,3.4235,1.028160,1,0,122.236,0,0,0,122.236,0
59.218,2.45954,0,0,5.88844,0.269535,0.36288,3.6288,61.308,0.451307,0,0,0.897005,0.203228,0.242471,0.66528,12.849,1,0.560117,0.36288,0,114.283,4.5003,109.585,0.84672,12.849,0.84672,3695.15,0,36.966,0.272118,2.59863,1.92944,6.51465,1.24548,9.52512,0.42336,36.966,0.42336,423.524,0,1.02816,0,0,3.62679,2.59863,1.028160,1,0,119.353,0,0,0,119.353,0
66.4726,2.48142,0,0,10.3759,0.276998,0.36288,3.6288,61.308,0.451367,0,0,2.79164,0.203228,2.13704,0.66528,12.849,1,0.538412,0.36288,0,225.895,4.5003,221.219,0.84672,12.849,0.84672,3695.15,0,36.966,0.272155,6.02951,1.91916,11.7556,1.24548,18.1866,0.42336,36.966,0.42336,423.524,0,1.02816,0,0,7.05767,6.02951,1.028160,1,0,241.542,0,0,0,241.542,0
70.0095,2.5308,0,0,6.72493,0.29431,0.36288,3.6288,61.308,0.451428,0,0,1.91781,0.203228,1.26316,0.66528,12.849,1,0.489198,0.36288,0,252.753,4.5003,248.126,0.84672,12.849,0.84672,3695.15,0,36.966,0.272191,4.38982,1.91927,9.46486,1.24548,14.2563,0.42336,36.966,0.42336,423.524,0,1.02816,0,0,5.41798,4.38982,1.028160,1,0,263.646,0,0,0,263.646,0
72.29,2.7453,0,0,7.92703,0.290897,2.61034,3.6288,61.308,0.555823,0,0,2.0819,0.192014,1.33407,0.66528,12.849,1,0.503851,2.61034,0,215.285,3.62603,213.766,0.84672,12.849,0.84672,3695.15,0,36.966,0.335136,4.17708,1.91937,11.6647,1.02026,16.4057,0.42336,36.966,0.42336,423.524,0,1.02816,0,0,5.20524,4.17708,1.028160,1,0,231.506,0,0,0,231.506,0
72.29,2.75895,0,0,8.58902,0.291266,5.53881,3.6288,61.308,0.555889,0,0,2.96282,0.187529,2.2194,0.66528,12.849,1,0.490383,5.53881,0,239.094,3.27632,240.866,0.84672,12.849,0.84672,3695.15,0,36.966,0.335177,5.4295,2.0916,16.4556,0.930171,22.7113,0.42336,36.966,0.42336,423.524,0,1.02816,0,0,6.45766,5.4295,1.028160,1,0,265.797,0,0,0,265.797,0
72.29,2.75911,0,0,7.15098,0.297257,4.09462,3.6288,61.308,0.555956,0,0,2.42399,0.201813,1.66622,0.66528,12.849,1,0.49041,4.09462,0,163.823,3.73522,163.692,0.84672,12.849,0.84672,3695.15,0,36.966,0.335217,4.87325,2.09172,12.5726,1.05359,18.1487,0.42336,36.966,0.42336,423.524,0,1.02816,0,0,5.90141,4.87325,1.028160,1,0,183.507,0,0,0,183.507,0
72.29,2.75926,0,0,9.02508,0.330414,5.93541,3.6288,61.308,0.556023,0,0,2.12262,0.198793,1.36781,0.66528,12.849,1,0.490437,5.93541,0,200.322,3.96522,201.802,0.84672,12.849,0.84672,3695.15,0,36.966,0.335257,3.87071,2.09184,12.6291,1.07518,17.1812,0.42336,36.966,0.42336,423.524,0,1.02816,0,0,4.89887,3.87071,1.028160,1,0,220.351,0,0,0,220.351,0
72.29,2.45828,0,0,9.49873,0.304397,6.73605,3.6288,61.308,0.407773,0,0,2.62679,0.211678,2.00734,0.66528,12.849,1,0.436941,6.73605,0,157.249,3.91144,159.637,0.84672,12.849,0.84672,3695.15,0,36.966,0.245869,4.86811,2.09195,20.7312,0.936707,26.5087,0.42336,36.966,0.42336,423.524,0,1.02816,0,0,5.89627,4.86811,1.028160,1,0,188.153,0,0,0,188.153,0
72.29,2.43084,0,0,6.30501,0.293991,3.58017,3.6288,61.308,0.428093,0,0,0.937613,0.216832,0.292688,0.66528,12.849,1,0.432064,3.58017,0,100.412,3.88994,99.6705,0.84672,12.849,0.84672,3695.15,0,36.966,0.258121,1.40276,1.84193,7.44093,0.881319,9.54618,0.42336,36.966,0.42336,423.524,0,1.02816,0,0,2.43092,1.40276,1.028160,1,0,109.509,0,0,0,109.509,0
72.29,2.43106,0,0,5.52079,0.293991,2.79574,3.6288,61.308,0.428093,0,0,1.04417,0.216832,0.399245,0.66528,12.849,1,0.432103,2.79574,0,92.3478,3.88994,90.8215,0.84672,12.849,0.84672,3695.15,0,36.966,0.258121,1.30035,1.86103,6.59406,0.881319,8.61601,0.42336,36.966,0.42336,423.524,0,1.02816,0,0,2.32851,1.30035,1.028160,1,0,99.8367,0,0,0,99.8367,0
72.29,2.43128,0,0,10.0386,0.292625,7.31474,3.6288,61.308,0.428093,0,0,1.5699,0.205378,0.936426,0.66528,12.849,1,0.432141,7.31474,0,197.027,3.71062,200.199,0.84672,12.849,0.84672,3695.15,0,36.966,0.258121,3.25029,1.86108,12.3847,0.850609,16.3874,0.42336,36.966,0.42336,423.524,0,1.02816,0,0,4.27845,3.25029,1.028160,1,0,217.523,0,0,0,217.523,0
72.29,2.43149,0,0,9.89202,0.302534,7.15799,3.6288,61.308,0.428093,0,0,2.71275,0.179618,2.10504,0.66528,12.849,1,0.432179,7.15799,0,171.15,3.37281,174.503,0.84672,12.849,0.84672,3695.15,0,36.966,0.258121,4.97761,1.86113,12.5912,0.772436,18.3994,0.42336,36.966,0.42336,423.524,0,1.02816,0,0,6.00577,4.97761,1.028160,1,0,195.007,0,0,0,195.007,0
72.29,2.52155,0,0,7.73539,0.335845,4.87799,3.6288,61.308,0.470302,0,0,2.07894,0.186806,1.42183,0.66528,12.849,1,0.448187,4.87799,0,124.089,3.64896,124.87,0.84672,12.849,0.84672,3695.15,0,36.966,0.283571,5.46359,1.86118,10.7677,0.768943,17.0399,0.42336,36.966,0.42336,423.524,0,1.02816,0,0,6.49175,5.46359,1.028160,1,0,143.332,0,0,0,143.332,0
72.29,2.54895,0,0,7.29743,0.335845,4.41263,3.6288,61.308,0.450336,0,0,2.25545,0.186806,1.61831,0.66528,12.849,1,0.453057,4.41263,0,143.199,3.64896,143.51,0.84672,12.849,0.84672,3695.15,0,36.966,0.271532,5.5036,1.93333,10.8307,0.768943,17.2271,0.42336,36.966,0.42336,423.524,0,1.02816,0,0,6.53176,5.5036,1.028160,1,0,162.355,0,0,0,162.355,0
72.29,2.5491,0,0,6.51658,0.282277,3.68521,3.6288,61.308,0.450396,0,0,2.12488,0.215352,1.45913,0.66528,12.849,1,0.453083,3.68521,0,132.188,3.99798,131.422,0.84672,12.849,0.84672,3695.15,0,36.966,0.271569,5.38581,1.91465,11.175,0.837645,17.3662,0.42336,36.966,0.42336,423.524,0,1.02816,0,0,6.41397,5.38581,1.028160,1,0,150.247,0,0,0,150.247,0
72.29,2.54924,0,0,5.60011,0.273349,2.77752,3.6288,61.308,0.450457,0,0,1.60585,0.22011,0.935281,0.66528,12.849,1,0.453108,2.77752,0,86.5529,4.05615,84.8212,0.84672,12.849,0.84672,3695.15,0,36.966,0.271606,4.24221,1.91476,8.18459,0.849095,13.2209,0.42336,36.966,0.42336,423.524,0,1.02816,0,0,5.27037,4.24221,1.028160,1,0,98.9773,0,0,0,98.9773,0
72.29,2.51424,0,0,4.79212,0.223586,2.05429,3.6288,61.308,0.434121,0,0,1.22488,0.220522,0.570233,0.66528,12.849,1,0.446888,2.05429,0,94.6244,4.74411,91.4877,0.84672,12.849,0.84672,3695.15,0,36.966,0.261755,2.74225,1.91486,5.48766,1.01434,8.86867,0.42336,36.966,0.42336,423.524,0,1.02816,0,0,3.77041,2.74225,1.028160,1,0,100.927,0,0,0,100.927,0
72.29,2.51438,0,0,4.54308,0.223586,1.80511,3.6288,61.308,0.434181,0,0,1.17632,0.220522,0.521616,0.66528,12.849,1,0.446913,1.80511,0,88.7518,4.74411,85.3659,0.84672,12.849,0.84672,3695.15,0,36.966,0.261792,2.61063,1.88691,5.14789,1.01434,8.36929,0.42336,36.966,0.42336,423.524,0,1.02816,0,0,3.63879,2.61063,1.028160,1,0,94.2568,0,0,0,94.2568,0
72.29,2.51452,0,0,4.21135,0.223586,1.47324,3.6288,61.308,0.43424,0,0,1.36045,0.220522,0.705683,0.66528,12.849,1,0.446937,1.47324,0,80.9819,4.74411,77.2641,0.84672,12.849,0.84672,3695.15,0,36.966,0.261828,3.11345,1.88701,5.6383,1.01434,9.36259,0.42336,36.966,0.42336,423.524,0,1.02816,0,0,4.14161,3.11345,1.028160,1,0,87.3323,0,0,0,87.3323,0
72.29,2.51466,0,0,3.97082,0.239874,1.21629,3.6288,61.308,0.4343,0,0,1.29618,0.185599,0.676282,0.66528,12.849,1,0.446962,1.21629,0,74.9658,4.4121,71.323,0.84672,12.849,0.84672,3695.15,0,36.966,0.261864,2.90784,1.88712,5.49657,0.89117,9.1385,0.42336,36.966,0.42336,423.524,0,1.02816,0,0,3.936,2.90784,1.028160,1,0,81.1378,0,0,0,81.1378,0
72.29,2.6341,0,0,3.45692,0.201545,0.621273,3.6288,61.308,0.492522,0,0,1.04325,0.206393,0.344339,0.66528,12.849,1,0.468191,0.621273,0,64.0451,4.72335,59.4749,0.84672,12.849,0.84672,3695.15,0,36.966,0.296969,2.07915,1.88722,4.07148,0.864411,6.87647,0.42336,36.966,0.42336,423.524,0,1.02816,0,0,3.10731,2.07915,1.028160,1,0,66.6957,0,0,0,66.6957,0
72.2095,2.63424,0,0,3.06859,0.151995,0.36288,3.6288,61.308,0.492585,0,0,0.882619,0.25562,0.134414,0.66528,12.849,1,0.468217,0.36288,0,50.4072,5.33757,44.9643,0.84672,12.849,0.84672,3695.15,0,36.966,0.297007,1.37833,1.98569,3.3035,1.04741,5.3231,0.42336,36.966,0.42336,423.524,0,1.02816,0,0,2.40649,1.37833,1.028160,1,0,50.4218,0,0,0,50.4218,0
72.0027,2.63395,0,0,2.94196,0.151902,0.36288,3.6288,61.308,0.492649,0,0,0.86108,0.25562,0.112811,0.66528,12.849,1,0.468686,0.36288,0,46.6412,5.33757,41.1978,0.84672,12.849,0.84672,3695.15,0,36.966,0.297045,1.37481,1.9858,3.19194,1.04741,5.20808,0.42336,36.966,0.42336,423.524,0,1.02816,0,0,2.40297,1.37481,1.028160,1,0,46.5187,0,0,0,46.5187,0
71.6659,2.63295,0,0,2.81073,0.151664,0.36288,3.6288,61.308,0.492712,0,0,0.864441,0.25562,0.116109,0.66528,12.849,1,0.469855,0.36288,0,44.5651,5.33757,39.1206,0.84672,12.849,0.84672,3695.15,0,36.966,0.297083,1.58858,1.98591,3.03988,1.04741,5.26988,0.42336,36.966,0.42336,423.524,0,1.02816,0,0,2.61674,1.58858,1.028160,1,0,44.5066,0,0,0,44.5066,0
71.3753,2.63123,0,0,2.87098,0.167539,0.36288,3.6288,61.308,0.492775,0,0,0.864423,0.254159,0.117489,0.66528,12.849,1,0.471753,0.36288,0,44.3517,4.89211,39.3507,0.84672,12.849,0.84672,3695.15,0,36.966,0.297121,1.47078,1.98602,3.57111,1.09408,5.63671,0.42336,36.966,0.42336,423.524,0,1.02816,0,0,2.49894,1.47078,1.028160,1,0,45.1049,0,0,0,45.1049,0
71.6536,2.60619,0,0,3.36969,0.122283,0.36288,3.6288,61.308,0.524814,0,0,1.01333,0.273552,0.21496,0.66528,12.849,1,0.469168,0.36288,0,49.3707,5.25924,44.0052,0.84672,12.849,0.84672,3695.15,0,36.966,0.316439,1.54182,1.98613,5.39646,1.15362,7.45435,0.42336,36.966,0.42336,423.524,0,1.02816,0,0,2.56998,1.54182,1.028160,1,0,51.6745,0,0,0,51.6745,0
71.7522,2.60788,0,0,3.19191,0.122543,0.36288,3.6288,61.308,0.524879,0,0,0.985185,0.273552,0.186754,0.66528,12.849,1,0.467648,0.36288,0,48.1225,5.25924,42.7585,0.84672,12.849,0.84672,3695.15,0,36.966,0.316478,1.35994,2.02063,4.97083,1.15362,6.88131,0.42336,36.966,0.42336,423.524,0,1.02816,0,0,2.3881,1.35994,1.028160,1,0,49.8265,0,0,0,49.8265,0
71.71,2.60857,0,0,3.03757,0.108341,0.36288,3.6288,61.308,0.524944,0,0,0.94792,0.296869,0.126108,0.66528,12.849,1,0.467129,0.36288,0,46.1604,5.58499,40.4712,0.84672,12.849,0.84672,3695.15,0,36.966,0.316518,1.33425,2.02074,4.7764,1.26387,6.55101,0.42336,36.966,0.42336,423.524,0,1.02816,0,0,2.36241,1.33425,1.028160,1,0,47.1483,0,0,0,47.1483,0
71.4904,2.60849,0,0,2.85276,0.101028,0.36288,3.6288,61.308,0.525008,0,0,0.917473,0.305238,0.0872268,0.66528,12.849,1,0.467388,0.36288,0,44.0852,6.0413,37.9394,0.84672,12.849,0.84672,3695.15,0,36.966,0.316557,1.41086,2.02086,4.74625,1.35639,6.50501,0.42336,36.966,0.42336,423.524,0,1.02816,0,0,2.43902,1.41086,1.028160,1,0,44.5316,0,0,0,44.5316,0
70.7853,2.61547,0,0,2.36525,0.0919323,0.36288,3.6288,61.2925,0.529931,0,0,0.824774,0.310339,0,0.66528,12.849,1,0.470079,0.36288,0,34.5512,5.77073,28.6733,0.84672,12.849,0.84672,3695.15,0,36.966,0.319525,0.769712,2.02097,3.76986,1.43022,4.81079,0.42336,36.966,0.42336,423.524,0,1.02816,0,0,1.79787,0.769712,1.028160,1,0,33.4841,0,0,0,33.4841,0
70.0161,2.61165,0,0,2.29494,0.089633,0.36288,3.6288,61.2019,0.529946,0,0,0.751092,0.31179,0,0.66528,12.849,1,0.474068,0.36288,0,42.465,5.72502,36.6288,0.84672,12.849,0.84672,3695.15,0,36.966,0.319615,0.856811,2.02888,4.00196,1.44404,5.124,0.42336,36.966,0.42336,423.524,0,1.02816,0,0,1.88497,0.856811,1.028160,1,0,41.7528,0,0,0,41.7528,0
69.1056,2.60739,0,0,2.14889,0.0891039,0.36288,3.6288,61.059,0.529716,0,0,0.698501,0.311611,0,0.66528,12.849,1,0.478496,0.36288,0,34.0955,5.72502,28.2549,0.84672,12.849,0.84672,3695.15,0,36.966,0.319949,0.821863,2.02899,3.60745,1.44404,4.69431,0.42336,36.966,0.42336,423.524,0,1.02816,0,0,1.85002,0.821863,1.028160,1,0,32.9492,0,0,0,32.9492,0
68.0085,2.60222,0,0,1.95648,0.0884775,0.36288,3.6288,60.8815,0.529315,0,0,0.66312,0.311329,0,0.66528,12.849,1,0.483838,0.36288,0,31.0734,5.72502,25.2274,0.84672,12.849,0.84672,3695.15,0,36.966,0.320455,0.537201,2.0291,3.36494,1.44404,4.16675,0.42336,36.966,0.42336,423.524,0,1.02816,0,0,1.56536,0.537201,1.028160,1,0,29.3942,0,0,0,29.3942,0
66.955,2.76916,0,0,2.15681,0.0783354,0.36288,3.6288,60.7338,0.629404,0,0,0.789601,0.307877,0,0.66528,12.849,1,0.523184,0.36288,0,31.3601,5.55304,25.6467,0.84672,12.849,0.84672,3695.15,0,36.966,0.382161,1.25367,2.02922,4.63669,1.44933,6.08809,0.42336,36.966,0.42336,423.524,0,1.02816,0,0,2.28183,1.25367,1.028160,1,0,31.7348,0,0,0,31.7348,0
65.5376,2.76241,0,0,1.79513,0.0872171,0.36288,3.6288,60.4991,0.628897,0,0,0.685593,0.291413,0,0.66528,12.849,1,0.530121,0.36288,0,29.7131,4.97479,24.5711,0.84672,12.849,0.84672,3695.15,0,36.966,0.382782,0.964656,2.19288,3.77003,1.38666,5.15812,0.42336,36.966,0.42336,423.524,0,1.02816,0,0,1.99282,0.964656,1.028160,1,0,29.7292,0,0,0,29.7292,0
64.2092,2.75298,0,0,1.8737,0.0862396,0.36288,3.6288,60.2668,0.628045,0,0,0.686673,0.290979,0,0.66528,12.849,1,0.539736,0.36288,0,29.6531,4.97479,24.5014,0.84672,12.849,0.84672,3695.15,0,36.966,0.383746,1.13618,2.193,4.2292,1.38666,5.78798,0.42336,36.966,0.42336,423.524,0,1.02816,0,0,2.16434,1.13618,1.028160,1,0,30.2894,0,0,0,30.2894,0
63.1896,2.74383,0,0,2.17242,0.0853234,0.36288,3.6288,60.0669,0.627199,0,0,0.717863,0.290549,0,0.66528,12.849,1,0.549072,0.36288,0,28.2936,4.97479,23.1326,0.84672,12.849,0.84672,3695.15,0,36.966,0.384707,1.06311,2.19312,5.2767,1.38666,6.76157,0.42336,36.966,0.42336,423.524,0,1.02816,0,0,2.09127,1.06311,1.028160,1,0,29.8942,0,0,0,29.8942,0
61.5899,2.73662,0,0,1.58396,0.0841442,0.36288,3.6288,59.7476,0.626477,0,0,0.592584,0.285361,0,0.66528,12.849,1,0.556465,0.36288,0,25.6742,5.01773,20.4629,0.84672,12.849,0.84672,3695.15,0,36.966,0.385542,0.905913,2.19324,3.55096,1.38443,4.88015,0.42336,36.966,0.42336,423.524,0,1.02816,0,0,1.93407,0.905913,1.028160,1,0,25.343,0,0,0,25.343,0
59.8025,2.64167,0,0,1.26506,0.0479488,0.36288,3.6288,59.5229,0.564628,0,0,0.595305,0.255368,0,0.66528,12.849,1,0.551111,0.36288,0,14.3443,5.1199,9.03617,0.84672,12.849,0.84672,3695.15,0,36.966,0.349337,1.85036,2.19337,3.57737,1.40149,5.87026,0.42336,36.966,0.42336,423.524,0,1.02816,0,0,2.87852,1.85036,1.028160,1,0,14.9064,0,0,0,14.9064,0
57.8466,2.62826,0,0,1.08248,0.0472124,0.36288,3.6288,59.0329,0.563882,0,0,0.328804,0.255002,0,0.66528,12.849,1,0.564701,0.36288,0,14.33,5.1199,9.00832,0.84672,12.849,0.84672,3695.15,0,36.966,0.350192,0.576193,2.09881,2.66239,1.40149,3.58571,0.42336,36.966,0.42336,423.524,0,1.02816,0,0,1.60435,0.576193,1.028160,1,0,12.594,0,0,0,12.594,0
55.9365,2.61278,0,0,1.12937,0.063752,0.36288,3.6288,58.548,0.56216,0,0,0.316537,0.23926,0,0.66528,12.849,1,0.580357,0.36288,0,13.7739,4.91228,8.64414,0.84672,12.849,0.84672,3695.15,0,36.966,0.352021,0.527075,2.09893,2.67925,1.33659,3.61664,0.42336,36.966,0.42336,423.524,0,1.02816,0,0,1.55523,0.527075,1.028160,1,0,12.2608,0,0,0,12.2608,0
56.0879,2.59681,0,0,3.27623,0.165159,0.36288,3.6288,58.5843,0.560439,0,0,0.745894,0.149135,0,0.66528,12.849,1,0.596505,0.36288,0,41.5151,3.6665,37.615,0.84672,12.849,0.84672,3695.15,0,36.966,0.35385,1.36854,2.09905,7.03701,0.947206,9.20354,0.42336,36.966,0.42336,423.524,0,1.02816,0,0,2.3967,1.36854,1.028160,1,0,46.8185,0,0,0,46.8185,0
54.2849,2.58224,0,0,1.33987,0.197735,0.36288,3.6288,58.2619,0.528778,0,0,0.403862,0.197469,0,0.66528,12.849,1,0.591558,0.36288,0,24.7997,3.92607,20.6449,0.84672,12.849,0.84672,3695.15,0,36.966,0.333653,0.503859,2.09916,2.89788,1.00793,4.15932,0.42336,36.966,0.42336,423.524,0,1.02816,0,0,1.53202,0.503859,1.028160,1,0,24.8042,0,0,0,24.8042,0
52.4497,2.5665,0,0,1.30105,0.206893,0.36288,3.6288,57.9562,0.527713,0,0,0.438362,0.216339,0,0.66528,12.849,1,0.607479,0.36288,0,34.0178,4.0299,29.7433,0.84672,12.849,0.84672,3695.15,0,36.966,0.334823,0.280266,2.05544,2.84623,1.03222,3.81489,0.42336,36.966,0.42336,423.524,0,1.02816,0,0,1.30843,0.280266,1.028160,1,0,33.5582,0,0,0,33.5582,0
51.9216,2.54957,0,0,2.58736,0.203052,0.36288,3.6288,58.0282,0.526699,0,0,0.814609,0.215912,0,0.66528,12.849,1,0.624587,0.36288,0,50.1701,4.0299,45.8785,0.84672,12.849,0.84672,3695.15,0,36.966,0.335943,1.03667,2.05556,5.82078,1.03222,7.54484,0.42336,36.966,0.42336,423.524,0,1.02816,0,0,2.06483,1.03667,1.028160,1,0,53.4234,0,0,0,53.4234,0
50.7459,2.54462,0,0,1.93376,0.201946,0.36288,3.6288,58.142,0.527018,0,0,0.856812,0.216013,0,0.66528,12.849,1,0.629715,0.36288,0,35.2349,4.0299,30.9381,0.84672,12.849,0.84672,3695.15,0,36.966,0.335729,1.24311,2.05567,4.53978,1.03222,6.47061,0.42336,36.966,0.42336,423.524,0,1.02816,0,0,2.27127,1.24311,1.028160,1,0,37.4087,0,0,0,37.4087,0
49.2796,2.34234,0,0,1.46471,0.225726,0.36288,3.6288,58.0621,0.411365,0,0,0.545769,0.214304,0,0.66528,12.849,1,0.593088,0.36288,0,38.0303,4.28128,33.5188,0.84672,12.849,0.84672,3695.15,0,36.966,0.261541,0.666982,2.05578,5.93888,1.03936,7.36074,0.42336,36.966,0.42336,423.524,0,1.02816,0,0,1.69514,0.666982,1.028160,1,0,40.8795,0,0,0,40.8795,0
47.1516,2.318,0,0,0.802552,0.249695,0.36288,3.6288,57.8248,0.419277,0,0,0.391061,0.209109,0,0.66528,12.849,1,0.604386,0.36288,0,27.4189,4.33786,22.8395,0.84672,12.849,0.84672,3695.15,0,36.966,0.266938,0.607487,1.86434,4.74709,0.967801,5.98418,0.42336,36.966,0.42336,423.524,0,1.02816,0,0,1.63565,0.607487,1.028160,1,0,28.8237,0,0,0,28.8237,0
45.2221,2.29676,0,0,0.974065,0.243977,0.36288,3.6288,57.6514,0.418608,0,0,0.454014,0.208789,0,0.66528,12.849,1,0.625877,0.36288,0,31.7701,4.33786,27.1693,0.84672,12.849,0.84672,3695.15,0,36.966,0.267606,0.843013,1.87218,5.24724,0.967801,6.72703,0.42336,36.966,0.42336,423.524,0,1.02816,0,0,1.87117,0.843013,1.028160,1,0,33.8963,0,0,0,33.8963,0
44.3315,2.27617,0,0,1.9873,0.238792,0.36288,3.6288,57.5761,0.418118,0,0,0.551376,0.208555,0,0.66528,12.849,1,0.64673,0.36288,0,29.4539,4.33786,24.8322,0.84672,12.849,0.84672,3695.15,0,36.966,0.268097,1.05194,1.87223,6.20618,0.967801,7.89445,0.42336,36.966,0.42336,423.524,0,1.02816,0,0,2.0801,1.05194,1.028160,1,0,32.7267,0,0,0,32.7267,0
45.1838,2.2663,0,0,3.7043,0.222837,0.36288,3.6288,57.6744,0.417904,0,0,0.731739,0.215491,0,0.66528,12.849,1,0.656861,0.36288,0,29.5554,4.72523,24.5362,0.84672,12.849,0.84672,3695.15,0,36.966,0.26831,1.48612,1.87228,7.29683,1.29773,9.08918,0.42336,36.966,0.42336,423.524,0,1.02816,0,0,2.51428,1.48612,1.028160,1,0,33.6253,0,0,0,33.6253,0
45.2919,2.34776,0,0,2.99761,0.178872,0.36288,3.6288,57.7424,0.45171,0,0,0.680231,0.160558,0,0.66528,12.849,1,0.667636,0.36288,0,53.2958,4.0846,48.9064,0.84672,12.849,0.84672,3695.15,0,36.966,0.28952,1.71931,1.87233,4.51377,1.03081,6.78507,0.42336,36.966,0.42336,423.524,0,1.02816,0,0,2.74747,1.71931,1.028160,1,0,55.6915,0,0,0,55.6915,0
45.033,2.12571,0,0,2.40875,0.179089,0.36288,3.6288,58.0821,0.338183,0,0,0.838489,0.160628,0,0.66528,12.849,1,0.603049,0.36288,0,58.3915,4.0846,54.0667,0.84672,12.849,0.84672,3695.15,0,36.966,0.216501,1.8012,1.93212,6.15962,1.03081,8.64562,0.42336,36.966,0.42336,423.524,0,1.02816,0,0,2.82936,1.8012,1.028160,1,0,62.7123,0,0,0,62.7123,0
46.4538,2.12312,0,0,4.1016,0.194835,0.36288,3.6288,58.9654,0.339005,0,0,1.40896,0.186665,0,0.66528,12.849,1,0.605777,0.36288,0,113.502,4.2759,108.983,0.84672,12.849,0.84672,3695.15,0,36.966,0.215758,3.67231,1.73427,11.2042,1.09758,15.2974,0.42336,36.966,0.42336,423.524,0,1.02816,0,0,4.70047,3.67231,1.028160,1,0,124.281,0,0,0,124.281,0
46.9269,2.13774,0,0,3.19374,0.219992,0.36288,3.6288,59.2816,0.34104,0,0,0.879396,0.222169,0,0.66528,12.849,1,0.591293,0.36288,0,64.6969,4.53096,59.9375,0.84672,12.849,0.84672,3695.15,0,36.966,0.213802,3.0286,1.73436,5.19059,1.1866,8.55315,0.42336,36.966,0.42336,423.524,0,1.02816,0,0,4.05676,3.0286,1.028160,1,0,68.4907,0,0,0,68.4907,0
46.8472,2.3515,0,0,2.85624,0.221586,0.36288,3.6288,59.6865,0.456438,0,0,1.08092,0.219526,0,0.66528,12.849,1,0.643862,0.36288,0,59.7096,4.38798,55.0406,0.84672,12.849,0.84672,3695.15,0,36.966,0.28462,1.6897,1.73445,5.83657,1.09669,7.8794,0.42336,36.966,0.42336,423.524,0,1.02816,0,0,2.71786,1.6897,1.028160,1,0,62.92,0,0,0,62.92,0
49.418,2.35076,0,0,5.50624,0.221719,0.36288,3.6288,60.7964,0.457685,0,0,1.78531,0.217769,0,0.66528,12.849,1,0.644754,0.36288,0,88.96,4.28074,84.3974,0.84672,12.849,0.84672,3695.15,0,36.966,0.283461,3.67649,1.92823,9.93099,1.02926,14.223,0.42336,36.966,0.42336,423.524,0,1.02816,0,0,4.70465,3.67649,1.028160,1,0,98.6204,0,0,0,98.6204,0
50.4308,2.3775,0,0,3.98114,0.228018,0.36288,3.6288,61.308,0.460959,0,0,1.2086,0.219312,0.0166914,0.66528,12.849,1,0.618165,0.36288,0,67.0918,4.28074,62.5558,0.84672,12.849,0.84672,3695.15,0,36.966,0.280277,2.65673,1.92833,7.13586,1.02926,10.4114,0.42336,36.966,0.42336,423.524,0,1.02816,0,0,3.68489,2.65673,1.028160,1,0,72.9839,0,0,0,72.9839,0
50.3789,2.38751,0,0,2.92212,0.223614,0.36288,3.6288,61.2967,0.462473,0,0,0.673585,0.222414,0,0.66528,12.849,1,0.608302,0.36288,0,50.0906,4.2962,45.549,0.84672,12.849,0.84672,3695.15,0,36.966,0.278851,1.3227,1.92842,5.95293,1.04573,7.87948,0.42336,36.966,0.42336,423.524,0,1.02816,0,0,2.35086,1.3227,1.028160,1,0,53.4284,0,0,0,53.4284,0
51.3262,2.08455,0,0,3.61097,0.216229,0.36288,3.6288,61.308,0.30664,0,0,1.00832,0.233119,0.457257,0.66528,12.849,1,0.531658,0.36288,0,59.1595,3.82778,55.163,0.84672,12.849,0.84672,3695.15,0,36.966,0.184925,2.04539,1.92852,6.258,0.913492,9.13349,0.42336,36.966,0.42336,423.524,0,1.02816,0,0,3.07355,2.04539,1.028160,1,0,64.7537,0,0,0,64.7537,0
52.475,2.07036,0,0,3.82606,0.244058,0.36288,3.6288,61.308,0.323981,0,0,1.00564,0.23042,0.451235,0.66528,12.849,1,0.518293,0.36288,0,69.2971,3.40693,65.7348,0.84672,12.849,0.84672,3695.15,0,36.966,0.195346,1.26745,1.66442,6.06796,0.740224,8.06426,0.42336,36.966,0.42336,423.524,0,1.02816,0,0,2.29561,1.26745,1.028160,1,0,74.2503,0,0,0,74.2503,0
53.793,2.07965,0,0,4.00759,0.246982,0.36288,3.6288,61.308,0.323976,0,0,1.09057,0.23042,0.536171,0.66528,12.849,1,0.509221,0.36288,0,71.7897,3.40693,68.2364,0.84672,12.849,0.84672,3695.15,0,36.966,0.195343,1.25105,1.6807,5.235,0.740224,7.23119,0.42336,36.966,0.42336,423.524,0,1.02816,0,0,2.27921,1.25105,1.028160,1,0,76.0038,0,0,0,76.0038,0
60.2157,2.08989,0,0,9.11419,0.238743,0.36288,3.6288,61.308,0.32397,0,0,1.59151,0.266479,1.00106,0.66528,12.849,1,0.499191,0.36288,0,68.5386,4.40252,63.9998,0.84672,12.849,0.84672,3695.15,0,36.966,0.19534,2.68466,1.68074,12.8867,0.99893,16.0579,0.42336,36.966,0.42336,423.524,0,1.02816,0,0,3.71282,2.68466,1.028160,1,0,81.0587,0,0,0,81.0587,0
62.9226,2.13395,0,0,5.42919,0.225467,0.36288,3.6288,61.308,0.323965,0,0,1.16781,0.24619,0.597653,0.66528,12.849,1,0.455348,0.36288,0,158.828,5.13255,153.603,0.84672,12.849,0.84672,3695.15,0,36.966,0.195337,1.57587,1.68077,7.20995,1.12888,9.14237,0.42336,36.966,0.42336,423.524,0,1.02816,0,0,2.60403,1.57587,1.028160,1,0,163.343,0,0,0,163.343,0
65.6399,2.2298,0,0,5.57755,0.267618,0.36288,3.6288,61.308,0.3621,0,0,2.05335,0.225637,1.46561,0.66528,12.849,1,0.455332,0.36288,0,107.889,4.7712,103.025,0.84672,12.849,0.84672,3695.15,0,36.966,0.218331,2.66352,1.6808,10.2282,1.07222,13.282,0.42336,36.966,0.42336,423.524,0,1.02816,0,0,3.69168,2.66352,1.028160,1,0,117.773,0,0,0,117.773,0
66.7739,2.26854,0,0,4.03904,0.273557,0.36288,3.6288,61.308,0.345089,0,0,0.8835,0.225637,0.312775,0.66528,12.849,1,0.444067,0.36288,0,85.6673,4.7712,80.8149,0.84672,12.849,0.84672,3695.15,0,36.966,0.208073,1.27628,1.74599,5.64055,1.07222,7.38254,0.42336,36.966,0.42336,423.524,0,1.02816,0,0,2.30444,1.27628,1.028160,1,0,88.5103,0,0,0,88.5103,0
68.7879,2.52478,0,0,5.17765,0.276036,0.36288,3.6288,61.308,0.453464,0,0,1.55955,0.225637,0.880445,0.66528,12.849,1,0.485832,0.36288,0,117.736,4.7712,112.842,0.84672,12.849,0.84672,3695.15,0,36.966,0.273419,2.18939,1.73007,8.58228,1.07222,11.1561,0.42336,36.966,0.42336,423.524,0,1.02816,0,0,3.21755,2.18939,1.028160,1,0,124.879,0,0,0,124.879,0
70.2484,2.53689,0,0,4.61156,0.251215,0.36288,3.6288,61.308,0.453519,0,0,0.895277,0.234932,0.206826,0.66528,12.849,1,0.473871,0.36288,0,96.3818,4.93305,91.3377,0.84672,12.849,0.84672,3695.15,0,36.966,0.273452,1.46107,1.92013,6.53403,1.05832,8.58347,0.42336,36.966,0.42336,423.524,0,1.02816,0,0,2.48923,1.46107,1.028160,1,0,100.128,0,0,0,100.128,0
70.1222,2.51027,0,0,3.00761,0.260683,0.36288,3.6288,61.308,0.43713,0,0,0.782395,0.207041,0.138224,0.66528,12.849,1,0.459148,0.36288,0,65.4713,3.56427,61.8108,0.84672,12.849,0.84672,3695.15,0,36.966,0.26357,1.1532,1.92023,4.18785,1.01325,5.98447,0.42336,36.966,0.42336,423.524,0,1.02816,0,0,2.18136,1.1532,1.028160,1,0,67.9335,0,0,0,67.9335,0
69.5734,2.5097,0,0,2.5921,0.268308,0.36288,3.6288,61.308,0.437184,0,0,0.705491,0.205332,0.0629737,0.66528,12.849,1,0.45987,0.36288,0,58.4342,3.44988,54.8873,0.84672,12.849,0.84672,3695.15,0,36.966,0.263603,0.817396,1.89219,3.80235,1.02472,5.22361,0.42336,36.966,0.42336,423.524,0,1.02816,0,0,1.84556,0.817396,1.028160,1,0,60.1739,0,0,0,60.1739,0
69.4872,2.50676,0,0,3.03867,0.255259,0.36288,3.6288,61.308,0.437238,0,0,0.659724,0.211267,0.0112192,0.66528,12.849,1,0.462955,0.36288,0,63.3944,3.91773,59.3766,0.84672,12.849,0.84672,3695.15,0,36.966,0.263635,0.813473,1.89228,5.05208,1.04317,6.45103,0.42336,36.966,0.42336,423.524,0,1.02816,0,0,1.84163,0.813473,1.028160,1,0,65.8388,0,0,0,65.8388,0
68.8374,2.5064,0,0,2.43362,0.21415,0.36288,3.6288,61.2826,0.437292,0,0,0.641537,0.229612,0,0.66528,12.849,1,0.463463,0.36288,0,48.0811,5.14703,42.8335,0.84672,12.849,0.84672,3695.15,0,36.966,0.263668,0.81743,1.89238,3.88206,1.11463,5.21357,0.42336,36.966,0.42336,423.524,0,1.02816,0,0,1.84559,0.81743,1.028160,1,0,48.047,0,0,0,48.047,0
68.0895,2.62157,0,0,2.4194,0.182827,0.36288,3.6288,61.1526,0.495593,0,0,0.605355,0.239844,0,0.66528,12.849,1,0.489334,0.36288,0,49.7355,5.06997,44.539,0.84672,12.849,0.84672,3695.15,0,36.966,0.298944,0.676097,1.89247,4.18986,1.13846,5.32102,0.42336,36.966,0.42336,423.524,0,1.02816,0,0,1.70426,0.676097,1.028160,1,0,49.8601,0,0,0,49.8601,0
67.0366,2.61718,0,0,2.13242,0.205305,0.36288,3.6288,61.0149,0.495253,0,0,0.593351,0.235705,0,0.66528,12.849,1,0.493881,0.36288,0,49.8022,5.09537,44.5758,0.84672,12.849,0.84672,3695.15,0,36.966,0.299375,0.83071,1.9912,4.14549,1.01427,5.65376,0.42336,36.966,0.42336,423.524,0,1.02816,0,0,1.85887,0.83071,1.028160,1,0,50.2296,0,0,0,50.2296,0
65.8613,2.6108,0,0,1.93625,0.137837,0.36288,3.6288,60.8103,0.49489,0,0,0.546713,0.256515,0,0.66528,12.849,1,0.500415,0.36288,0,36.2486,5.45338,30.6577,0.84672,12.849,0.84672,3695.15,0,36.966,0.29983,0.553271,1.9913,3.87882,1.16639,4.95717,0.42336,36.966,0.42336,423.524,0,1.02816,0,0,1.58143,0.553271,1.028160,1,0,35.6148,0,0,0,35.6148,0
64.6148,2.60346,0,0,1.85635,0.136557,0.36288,3.6288,60.5931,0.494319,0,0,0.53337,0.256182,0,0.66528,12.849,1,0.507913,0.36288,0,33.5404,5.45338,27.942,0.84672,12.849,0.84672,3695.15,0,36.966,0.300492,0.550964,1.9914,3.74781,1.16639,4.82329,0.42336,36.966,0.42336,423.524,0,1.02816,0,0,1.57912,0.550964,1.028160,1,0,32.7653,0,0,0,32.7653,0
63.395,2.59541,0,0,1.87373,0.135193,0.36288,3.6288,60.3776,0.493707,0,0,0.536399,0.258189,0,0.66528,12.849,1,0.516112,0.36288,0,33.0794,5.42973,27.4965,0.84672,12.849,0.84672,3695.15,0,36.966,0.301195,0.716239,1.9915,3.55134,1.17094,4.78694,0.42336,36.966,0.42336,423.524,0,1.02816,0,0,1.7444,0.716239,1.028160,1,0,32.2834,0,0,0,32.2834,0
62.6406,2.56411,0,0,2.3064,0.133829,0.36288,3.6288,60.1136,0.524975,0,0,0.532944,0.271975,0,0.66528,12.849,1,0.519698,0.36288,0,39.5991,5.2878,34.1545,0.84672,12.849,0.84672,3695.15,0,36.966,0.321415,0.870454,1.9916,3.3021,1.19826,4.64448,0.42336,36.966,0.42336,423.524,0,1.02816,0,0,1.89861,0.870454,1.028160,1,0,38.799,0,0,0,38.799,0
61.7676,2.55905,0,0,2.18197,0.133008,0.36288,3.6288,59.8383,0.524159,0,0,0.520363,0.271518,0,0.66528,12.849,1,0.524918,0.36288,0,38.4089,5.2878,32.9591,0.84672,12.849,0.84672,3695.15,0,36.966,0.322324,0.744396,2.02618,3.01618,1.19826,4.26618,0.42336,36.966,0.42336,423.524,0,1.02816,0,0,1.77256,0.744396,1.028160,1,0,37.2253,0,0,0,37.2253,0
60.8055,2.55303,0,0,2.07703,0.123253,0.36288,3.6288,59.5309,0.523301,0,0,0.502387,0.286442,0,0.66528,12.849,1,0.531086,0.36288,0,36.8694,5.50497,31.1962,0.84672,12.849,0.84672,3695.15,0,36.966,0.323277,0.725605,2.02628,2.90545,1.27176,4.06231,0.42336,36.966,0.42336,423.524,0,1.02816,0,0,1.75376,0.725605,1.028160,1,0,35.2585,0,0,0,35.2585,0
59.7466,2.54622,0,0,1.95963,0.109435,0.36288,3.6288,59.1877,0.522329,0,0,0.48467,0.305585,0,0.66528,12.849,1,0.53805,0.36288,0,34.924,6.0662,28.6826,0.84672,12.849,0.84672,3695.15,0,36.966,0.324343,0.776114,2.02639,2.88184,1.41011,3.94988,0.42336,36.966,0.42336,423.524,0,1.02816,0,0,1.80427,0.776114,1.028160,1,0,32.6325,0,0,0,32.6325,0
58.4386,2.54634,0,0,1.69964,0.0983756,0.36288,3.6288,58.7088,0.596802,0,0,0.424325,0.306433,0,0.66528,12.849,1,0.547612,0.36288,0,32.1906,5.95524,26.0506,0.84672,12.849,0.84672,3695.15,0,36.966,0.372736,0.261274,2.02649,2.41739,1.44678,2.88563,0.42336,36.966,0.42336,423.524,0,0.913196,0,0,1.17447,0.261274,1.028160,1,0,28.9362,0,0,0,28.9362,0
56.9857,2.53642,0,0,1.53812,0.0917754,0.36288,3.6288,58.0045,0.739514,0,0,0.34431,0.309078,0,0.66528,12.849,1,0.557687,0.36288,0,28.4463,5.90793,22.3436,0.84672,12.849,0.84672,3695.15,0,36.966,0.42336,0.261274,2.03441,2.36422,1.46871,2.76783,0.42336,36.966,0.42336,423.524,0,0.719954,0,0,0.981228,0.261274,1.028160,1,0,25.1114,0,0,0,25.1114,0
55.4467,2.52495,0,0,1.43933,0.0904809,0.36288,3.6288,57.2338,0.781728,0,0,0.318707,0.307679,0,0.66528,12.849,1,0.569319,0.36288,0,25.68,5.90793,19.5656,0.84672,12.849,0.84672,3695.15,0,36.966,0.42336,0.261274,2.03451,2.11004,1.46871,2.51376,0.42336,36.966,0.42336,423.524,0,0.677834,0,0,0.939108,0.261274,1.028160,1,0,22.0794,0,0,0,22.0794,0
53.8038,2.51224,0,0,1.32138,0.0891097,0.36288,3.6288,56.4178,0.825074,0,0,0.315206,0.306148,0,0.66528,12.849,1,0.582177,0.36288,0,23.4744,5.90793,17.3472,0.84672,12.849,0.84672,3695.15,0,36.966,0.42336,0.227405,2.03461,2.06371,1.46871,2.43365,0.42336,36.966,0.42336,423.524,0,0.634582,0,0,0.861987,0.227405,1.028160,1,0,19.7809,0,0,0,19.7809,0
52.1535,2.66485,0,0,1.45164,0.074236,0.36288,3.6288,55.7497,0.737462,0,0,0.360031,0.290615,0,0.66528,12.849,1,0.636398,0.36288,0,23.517,5.98226,17.2612,0.84672,12.849,0.84672,3695.15,0,36.966,0.42336,0.227405,2.03471,2.79038,1.50654,3.1226,0.42336,36.966,0.42336,423.524,0,0.884416,0,0,1.11182,0.227405,1.028160,1,0,20.3838,0,0,0,20.3838,0
50.0267,2.64883,0,0,0.954366,0.0694686,0.36288,3.6288,54.843,0.898821,0,0,0.267707,0.275629,0,0.66528,12.849,1,0.652588,0.36288,0,19.8126,5.67283,13.85,0.84672,12.849,0.84672,3695.15,0,36.966,0.42336,0.227405,2.19881,1.66266,1.47205,2.19346,0.42336,36.966,0.42336,423.524,0,0.723159,0,0,0.950564,0.227405,1.028160,1,0,16.0435,0,0,0,16.0435,0
47.9433,2.62688,0,0,0.97429,0.0679411,0.36288,3.6288,53.8878,0.937614,0,0,0.256383,0.273992,0,0.66528,12.849,1,0.674696,0.36288,0,18.2792,5.67283,12.2946,0.84672,12.849,0.84672,3695.15,0,36.966,0.42336,0.227405,2.19892,1.70453,1.47205,2.23543,0.42336,36.966,0.42336,423.524,0,0.684469,0,0,0.911874,0.227405,1.028160,1,0,14.53,0,0,0,14.53,0
46.358,2.60389,0,0,1.45194,0.0705146,0.36288,3.6288,53.192,0.728058,0,0,0.303532,0.271244,0,0.66528,12.849,1,0.697853,0.36288,0,23.5301,5.64315,17.552,0.84672,12.849,0.84672,3695.15,0,36.966,0.42336,0.204422,2.19903,1.86812,1.46841,2.3798,0.42336,36.966,0.42336,423.524,0,0.894128,0,0,1.09855,0.204422,1.028160,1,0,19.9318,0,0,0,19.9318,0
45.3931,2.58533,0,0,2.07089,0.0875376,0.36288,3.6288,52.6474,0.675854,0,0,0.392259,0.261008,0,0.66528,12.849,1,0.716575,0.36288,0,34.5162,5.57961,28.5829,0.84672,12.849,0.84672,3695.15,0,36.966,0.42336,0.204422,2.19914,2.0454,1.44502,2.58058,0.42336,36.966,0.42336,423.524,0,0.946434,0,0,1.15086,0.204422,1.028160,1,0,31.1635,0,0,0,31.1635,0
44.006,2.49507,0,0,1.5799,0.109006,0.36288,3.6288,52.2627,0.540002,0,0,0.358805,0.203518,0,0.66528,12.849,1,0.706256,0.36288,0,34.0095,4.04932,29.6168,0.84672,12.849,0.84672,3695.15,0,36.966,0.379159,0.427559,2.19925,2.3741,1.18215,3.4396,0.42336,36.966,0.42336,423.524,0,1.02816,0,0,1.45572,0.427559,1.028160,1,0,33.0564,0,0,0,33.0564,0
42.8345,2.47796,0,0,1.77658,0.107308,0.36288,3.6288,52.0444,0.538424,0,0,0.522977,0.20289,0,0.66528,12.849,1,0.723522,0.36288,0,38.2061,4.04932,33.7961,0.84672,12.849,0.84672,3695.15,0,36.966,0.380834,0.958124,2.10443,3.12088,1.18215,4.62045,0.42336,36.966,0.42336,423.524,0,1.02816,0,0,1.98628,0.958124,1.028160,1,0,38.4166,0,0,0,38.4166,0
41.48,2.46286,0,0,1.5771,0.105874,0.36288,3.6288,51.7116,0.537547,0,0,0.4073,0.202533,0,0.66528,12.849,1,0.738782,0.36288,0,33.3247,4.04932,28.8995,0.84672,12.849,0.84672,3695.15,0,36.966,0.381808,0.582077,2.10453,2.39448,1.18215,3.51714,0.42336,36.966,0.42336,423.524,0,1.02816,0,0,1.61024,0.582077,1.028160,1,0,32.4166,0,0,0,32.4166,0
40.6147,2.44457,0,0,2.0607,0.118541,0.36288,3.6288,51.5829,0.536171,0,0,0.607535,0.200076,0,0.66528,12.849,1,0.757239,0.36288,0,45.9161,4.06879,41.4529,0.84672,12.849,0.84672,3695.15,0,36.966,0.383282,1.55784,2.10464,3.78728,1.20695,5.85953,0.42336,36.966,0.42336,423.524,0,1.02816,0,0,2.586,1.55784,1.028160,1,0,47.3124,0,0,0,47.3124,0
39.9169,2.41743,0,0,2.27226,0.189712,0.36288,3.6288,51.3709,0.505318,0,0,0.493731,0.200392,0,0.66528,12.849,1,0.764788,0.36288,0,58.3793,4.21189,53.7655,0.84672,12.849,0.84672,3695.15,0,36.966,0.362128,0.992701,2.10474,3.9294,1.15975,5.50497,0.42336,36.966,0.42336,423.524,0,1.02816,0,0,2.02086,0.992701,1.028160,1,0,59.2704,0,0,0,59.2704,0
38.6738,2.40744,0,0,1.70592,0.178692,0.36288,3.6288,51.1692,0.504505,0,0,0.511868,0.209028,0,0.66528,12.849,1,0.77494,0.36288,0,33.2806,4.23161,28.6369,0.84672,12.849,0.84672,3695.15,0,36.966,0.363037,0.546549,2.06089,3.20097,1.01274,4.43264,0.42336,36.966,0.42336,423.524,0,1.02816,0,0,1.57471,0.546549,1.028160,1,0,33.0696,0,0,0,33.0696,0
38.1854,2.38886,0,0,2.43951,0.176139,0.36288,3.6288,50.9374,0.503729,0,0,0.480578,0.208687,0,0.66528,12.849,1,0.793677,0.36288,0,41.2608,4.23161,36.5984,0.84672,12.849,0.84672,3695.15,0,36.966,0.363907,0.380151,2.061,3.66492,1.01274,4.72942,0.42336,36.966,0.42336,423.524,0,1.02816,0,0,1.40831,0.380151,1.028160,1,0,41.3279,0,0,0,41.3279,0
41.6604,2.38139,0,0,6.39438,0.17514,0.36288,3.6288,51.6637,0.502824,0,0,1.43739,0.208294,0,0.66528,12.849,1,0.801312,0.36288,0,91.6909,4.23161,87.0208,0.84672,12.849,0.84672,3695.15,0,36.966,0.364907,3.81011,2.0611,7.41286,1.01274,11.9064,0.42336,36.966,0.42336,423.524,0,1.02816,0,0,4.83827,3.81011,1.028160,1,0,98.9273,0,0,0,98.9273,0
42.8874,2.24939,0,0,4.02884,0.189622,0.36288,3.6288,52.0329,0.394856,0,0,0.980703,0.216644,0,0.66528,12.849,1,0.693762,0.36288,0,79.2669,4.32623,74.6098,0.84672,12.849,0.84672,3695.15,0,36.966,0.282525,2.43769,2.0612,5.81444,1.06429,8.96651,0.42336,36.966,0.42336,423.524,0,1.02816,0,0,3.46585,2.43769,1.028160,1,0,83.5763,0,0,0,83.5763,0
43.6613,2.25805,0,0,3.60544,0.210612,0.36288,3.6288,52.2679,0.401188,0,0,0.87133,0.235143,0,0.66528,12.849,1,0.676509,0.36288,0,69.6847,4.56277,64.8083,0.84672,12.849,0.84672,3695.15,0,36.966,0.285018,1.59926,1.86925,7.56163,1.19318,9.55194,0.42336,36.966,0.42336,423.524,0,1.02816,0,0,2.62742,1.59926,1.028160,1,0,74.3602,0,0,0,74.3602,0
44.9197,2.2675,0,0,4.1013,0.212495,0.36288,3.6288,52.6612,0.401938,0,0,1.03086,0.235589,0,0.66528,12.849,1,0.667298,0.36288,0,80.1014,4.56277,75.2342,0.84672,12.849,0.84672,3695.15,0,36.966,0.284267,2.47863,1.87446,8.71835,1.19318,11.594,0.42336,36.966,0.42336,423.524,0,1.02816,0,0,3.50679,2.47863,1.028160,1,0,86.8282,0,0,0,86.8282,0
44.6348,2.28221,0,0,2.57367,0.213482,0.36288,3.6288,52.5826,0.403186,0,0,0.552789,0.228234,0,0.66528,12.849,1,0.652813,0.36288,0,53.224,4.40655,48.5275,0.84672,12.849,0.84672,3695.15,0,36.966,0.28302,1.10037,1.8745,5.67804,1.14825,7.22165,0.42336,36.966,0.42336,423.524,0,1.02816,0,0,2.12853,1.10037,1.028160,1,0,55.7491,0,0,0,55.7491,0
44.0812,2.27916,0,0,2.28887,0.200373,0.36288,3.6288,52.4532,0.402937,0,0,0.453073,0.179515,0,0.66528,12.849,1,0.656101,0.36288,0,48.4012,3.4692,44.6388,0.84672,12.849,0.84672,3695.15,0,36.966,0.283268,0.528638,1.87454,4.55603,0.878683,5.79726,0.42336,36.966,0.42336,423.524,0,1.02816,0,0,1.5568,0.528638,1.028160,1,0,50.436,0,0,0,50.436,0
47.365,2.34437,0,0,6.22638,0.235384,0.36288,3.6288,53.3807,0.434883,0,0,1.54742,0.18503,0,0.66528,12.849,1,0.683346,0.36288,0,89.5407,3.59934,85.6209,0.84672,12.849,0.84672,3695.15,0,36.966,0.306481,1.32728,1.87459,10.3888,1.05749,12.2267,0.42336,36.966,0.42336,423.524,0,1.02816,0,0,2.35544,1.32728,1.028160,1,0,97.8476,0,0,0,97.8476,0
52.9365,2.15204,0,0,8.33691,0.250466,0.36288,3.6288,54.9573,0.330159,0,0,2.09412,0.187366,0,0.66528,12.849,1,0.583799,0.36288,0,181.509,3.62103,177.667,0.84672,12.849,0.84672,3695.15,0,36.966,0.228634,3.11874,1.93453,18.1235,1.0873,21.8609,0.42336,36.966,0.42336,423.524,0,1.02816,0,0,4.1469,3.11874,1.028160,1,0,199.528,0,0,0,199.528,0
56.7667,2.44332,0,0,6.90215,0.265707,0.36288,3.6288,56.9818,0.438305,0,0,2.65229,0.189444,0,0.66528,12.849,1,0.593055,0.36288,0,167.723,3.62103,163.872,0.84672,12.849,0.84672,3695.15,0,36.966,0.294818,2.06372,1.73878,12.9122,1.0873,15.3326,0.42336,36.966,0.42336,423.524,0,1.02816,0,0,3.09188,2.06372,1.028160,1,0,179.205,0,0,0,179.205,0
61.4606,2.47606,0,0,7.80857,0.275757,0.36288,3.6288,58.1556,0.444706,0,0,1.80037,0.181912,0,0.66528,12.849,1,0.560451,0.36288,0,171.428,3.4875,167.743,0.84672,12.849,0.84672,3695.15,0,36.966,0.288495,1.41954,1.92978,9.22588,1.05912,11.2276,0.42336,36.966,0.42336,423.524,0,1.02816,0,0,2.4477,1.41954,1.028160,1,0,178.97,0,0,0,178.97,0
64.1848,2.70201,0,0,6.09755,0.308491,0.36288,3.6288,59.106,0.55112,0,0,1.66907,0.167504,0,0.66528,12.849,1,0.564883,0.36288,0,120.865,4.02501,116.638,0.84672,12.849,0.84672,3695.15,0,36.966,0.350314,1.3124,1.92987,12.0976,1.18972,13.7998,0.42336,36.966,0.42336,423.524,0,1.02816,0,0,2.34056,1.3124,1.028160,1,0,130.438,0,0,0,130.438,0
65.2285,2.7221,0,0,4.47327,0.344566,0.36288,3.6288,60.4585,0.554639,0,0,2.08848,0.181333,0,0.66528,12.849,1,0.544931,0.36288,0,109.488,5.18679,104.119,0.84672,12.849,0.84672,3695.15,0,36.966,0.346881,1.66997,2.10302,13.1153,1.45779,15.0836,0.42336,36.966,0.42336,423.524,0,1.02816,0,0,2.69813,1.66997,1.028160,1,0,119.203,0,0,0,119.203,0
66.8745,2.72951,0,0,5.07542,0.337043,0.36288,3.6288,61.308,0.559508,0,0,2.02525,0.187999,0.428265,0.66528,12.849,1,0.537671,0.36288,0,96.5269,5.00103,91.3511,0.84672,12.849,0.84672,3695.15,0,36.966,0.342098,1.64981,2.10311,11.6717,1.35634,13.7262,0.42336,36.966,0.42336,423.524,0,1.02816,0,0,2.67797,1.64981,1.028160,1,0,105.506,0,0,0,105.506,0
69.3305,2.74073,0,0,5.87467,0.315068,0.36288,3.6288,61.308,0.562518,0,0,1.94798,0.201819,1.18365,0.66528,12.849,1,0.526593,0.36288,0,141.333,4.53663,136.633,0.84672,12.849,0.84672,3695.15,0,36.966,0.339174,1.5106,2.10321,12.0119,1.10273,14.1838,0.42336,36.966,0.42336,423.524,0,1.02816,0,0,2.53876,1.5106,1.028160,1,0,152,0,0,0,152,0
70.872,2.45577,0,0,4.69771,0.33756,0.36288,3.6288,61.308,0.413453,0,0,2.45866,0.179143,1.86606,0.66528,12.849,1,0.455127,0.36288,0,116.229,4.32347,111.814,0.84672,12.849,0.84672,3695.15,0,36.966,0.249294,2.00465,2.1033,13.4703,0.981344,16.3476,0.42336,36.966,0.42336,423.524,0,1.02816,0,0,3.03281,2.00465,1.028160,1,0,130.027,0,0,0,130.027,0
70.3745,2.44447,0,0,2.66151,0.351695,0.36288,3.6288,61.308,0.428081,0,0,1.03563,0.174728,0.432824,0.66528,12.849,1,0.44318,0.36288,0,59.9346,4.65076,55.2035,0.84672,12.849,0.84672,3695.15,0,36.966,0.258114,0.882144,1.8519,6.94742,1.01081,8.41254,0.42336,36.966,0.42336,423.524,0,1.02816,0,0,1.9103,0.882144,1.028160,1,0,64.0489,0,0,0,64.0489,0
69.758,2.442,0,0,2.53876,0.350353,0.36288,3.6288,61.308,0.428081,0,0,1.1226,0.174728,0.519786,0.66528,12.849,1,0.445861,0.36288,0,59.1981,4.65076,54.4643,0.84672,12.849,0.84672,3695.15,0,36.966,0.258114,1.06797,1.86566,7.26054,1.01081,8.92524,0.42336,36.966,0.42336,423.524,0,1.02816,0,0,2.09613,1.06797,1.028160,1,0,63.9094,0,0,0,63.9094,0
72.29,2.43884,0,0,8.33268,0.34869,3.01313,3.6288,61.308,0.428081,0,0,3.27881,0.174728,2.676,0.66528,12.849,1,0.44922,3.01313,0,115.418,4.65076,113.332,0.84672,12.849,0.84672,3695.15,0,36.966,0.258114,3.73286,1.8657,19.9579,1.01081,24.2875,0.42336,36.966,0.42336,423.524,0,1.02816,0,0,4.76102,3.73286,1.028160,1,0,140.295,0,0,0,140.295,0
72.29,2.45238,0,0,8.29941,0.357478,5.48956,3.6288,61.308,0.428081,0,0,3.70565,0.213391,3.06418,0.66528,12.849,1,0.435891,5.48956,0,208.694,4.61529,209.132,0.84672,12.849,0.84672,3695.15,0,36.966,0.258114,3.85524,1.86573,21.2511,0.970076,25.7439,0.42336,36.966,0.42336,423.524,0,1.02816,0,0,4.8834,3.85524,1.028160,1,0,237.94,0,0,0,237.94,0
72.29,2.54288,0,0,3.93121,0.266934,1.1214,3.6288,61.308,0.470517,0,0,2.09197,0.216596,1.40486,0.66528,12.849,1,0.451977,1.1214,0,62.2322,4.98362,57.918,0.84672,12.849,0.84672,3695.15,0,36.966,0.283701,2.66456,1.86577,8.00988,1.09191,11.1646,0.42336,36.966,0.42336,423.524,0,1.02816,0,0,3.69272,2.66456,1.028160,1,0,70.4875,0,0,0,70.4875,0
72.1361,2.56258,0,0,3.03852,0.266934,0.36288,3.6288,61.308,0.456172,0,0,1.6925,0.216596,1.01973,0.66528,12.849,1,0.455479,0.36288,0,54.4942,4.98362,49.418,0.84672,12.849,0.84672,3695.15,0,36.966,0.275051,0.980243,1.9383,7.4576,1.09191,9.00918,0.42336,36.966,0.42336,423.524,0,1.02816,0,0,2.0084,0.980243,1.028160,1,0,59.4469,0,0,0,59.4469,0
71.7381,2.56187,0,0,2.79339,0.266623,0.36288,3.6288,61.308,0.456221,0,0,1.45658,0.216596,0.783766,0.66528,12.849,1,0.456324,0.36288,0,45.5249,4.98362,40.4478,0.84672,12.849,0.84672,3695.15,0,36.966,0.275081,0.786283,1.92488,5.02624,1.09191,6.37041,0.42336,36.966,0.42336,423.524,0,1.02816,0,0,1.81444,0.786283,1.028160,1,0,47.602,0,0,0,47.602,0
71.2538,2.55984,0,0,2.65975,0.221364,0.36288,3.6288,61.308,0.45627,0,0,1.41038,0.240384,0.713722,0.66528,12.849,1,0.458492,0.36288,0,42.3781,5.27446,37.008,0.84672,12.849,0.84672,3695.15,0,36.966,0.27511,0.64978,1.92497,4.82491,1.14917,5.97539,0.42336,36.966,0.42336,423.524,0,1.02816,0,0,1.67794,0.64978,1.028160,1,0,43.6971,0,0,0,43.6971,0
70.9929,2.52206,0,0,2.78781,0.163807,0.36288,3.6288,61.308,0.439834,0,0,1.55404,0.210359,0.903849,0.66528,12.849,1,0.454797,0.36288,0,50.0186,4.75028,45.1764,0.84672,12.849,0.84672,3695.15,0,36.966,0.2652,0.823167,1.92506,5.26374,1.11299,6.63377,0.42336,36.966,0.42336,423.524,0,1.02816,0,0,1.85133,0.823167,1.028160,1,0,52.714,0,0,0,52.714,0
70.5087,2.52076,0,0,2.59591,0.196431,0.36288,3.6288,61.308,0.439882,0,0,1.62111,0.203902,0.97733,0.66528,12.849,1,0.456233,0.36288,0,47.03,4.40748,42.5292,0.84672,12.849,0.84672,3695.15,0,36.966,0.26523,0.824757,1.89693,5.1515,1.07708,6.53088,0.42336,36.966,0.42336,423.524,0,1.02816,0,0,1.85292,0.824757,1.028160,1,0,50.0374,0,0,0,50.0374,0
69.8795,2.51822,0,0,2.36443,0.112573,0.36288,3.6288,61.308,0.43993,0,0,1.3552,0.24314,0.67213,0.66528,12.849,1,0.458903,0.36288,0,42.6799,4.75344,37.8304,0.84672,12.849,0.84672,3695.15,0,36.966,0.265259,0.669721,1.89701,4.75624,1.09774,5.95998,0.42336,36.966,0.42336,423.524,0,1.02816,0,0,1.69788,0.669721,1.028160,1,0,44.4625,0,0,0,44.4625,0
69.2085,2.51485,0,0,2.30502,0.0982404,0.36288,3.6288,61.308,0.439979,0,0,1.48026,0.24968,0.790598,0.66528,12.849,1,0.462414,0.36288,0,41.3573,4.8111,36.4466,0.84672,12.849,0.84672,3695.15,0,36.966,0.265288,0.823029,1.8971,5.39076,1.10118,6.74442,0.42336,36.966,0.42336,423.524,0,1.02816,0,0,1.85119,0.823029,1.028160,1,0,43.9817,0,0,0,43.9817,0
68.2259,2.6303,0,0,2.11586,0.105271,0.36288,3.6288,61.308,0.498495,0,0,1.23066,0.246073,0.486096,0.66528,12.849,1,0.488332,0.36288,0,36.7938,4.61355,32.0548,0.84672,12.849,0.84672,3695.15,0,36.966,0.30057,0.585377,1.89718,4.69274,1.12043,5.7543,0.42336,36.966,0.42336,423.524,0,1.02816,0,0,1.61354,0.585377,1.028160,1,0,38.2952,0,0,0,38.2952,0
67.1761,2.6245,0,0,2.01651,0.0789142,0.36288,3.6288,61.308,0.498546,0,0,1.02533,0.247766,0.279014,0.66528,12.849,1,0.494272,0.36288,0,33.4547,4.44476,28.8785,0.84672,12.849,0.84672,3695.15,0,36.966,0.300601,0.44852,1.99615,4.06652,1.10838,5.1022,0.42336,36.966,0.42336,423.524,0,1.02816,0,0,1.47668,0.44852,1.028160,1,0,34.2598,0,0,0,34.2598,0
66.0539,2.61813,0,0,1.92974,0.0709499,0.36288,3.6288,61.308,0.498597,0,0,1.07806,0.249552,0.329908,0.66528,12.849,1,0.500778,0.36288,0,31.4331,4.49894,26.7963,0.84672,12.849,0.84672,3695.15,0,36.966,0.300632,0.440243,1.99623,4.23648,1.09835,5.27397,0.42336,36.966,0.42336,423.524,0,1.02816,0,0,1.4684,0.440243,1.028160,1,0,32.4001,0,0,0,32.4001,0
64.8531,2.61112,0,0,1.84351,0.0703213,0.36288,3.6288,61.308,0.498647,0,0,1.08262,0.249552,0.334419,0.66528,12.849,1,0.507923,0.36288,0,29.5327,4.49894,24.8888,0.84672,12.849,0.84672,3695.15,0,36.966,0.300662,0.375572,1.99632,4.07367,1.09835,5.04655,0.42336,36.966,0.42336,423.524,0,1.02816,0,0,1.40373,0.375572,1.028160,1,0,30.2697,0,0,0,30.2697,0
63.5407,2.60339,0,0,1.72352,0.0696488,0.36288,3.6288,61.308,0.499183,0,0,1.00782,0.249552,0.259087,0.66528,12.849,1,0.515796,0.36288,0,27.5632,4.49894,22.9114,0.84672,12.849,0.84672,3695.15,0,36.966,0.300985,0.30119,1.99641,3.85878,1.09835,4.75704,0.42336,36.966,0.42336,423.524,0,1.02738,0,0,1.32857,0.30119,1.028160,1,0,27.9275,0,0,0,27.9275,0
62.7439,2.5714,0,0,2.18618,0.0487138,0.36288,3.6288,61.308,0.530891,0,0,0.974704,0.293283,0.15053,0.66528,12.849,1,0.519981,0.36288,0,36.5735,5.78896,30.6274,0.84672,12.849,0.84672,3695.15,0,36.966,0.320104,1.05415,1.9965,5.52048,1.37617,6.87485,0.42336,36.966,0.42336,423.524,0,1.02816,0,0,2.08231,1.05415,1.028160,1,0,37.6528,0,0,0,37.6528,0
61.7004,2.56604,0,0,1.93384,0.0483984,0.36288,3.6288,61.308,0.530943,0,0,0.909438,0.293283,0.0852114,0.66528,12.849,1,0.525486,0.36288,0,32.9841,5.78896,27.0325,0.84672,12.849,0.84672,3695.15,0,36.966,0.320135,0.812627,2.03116,4.75469,1.37617,5.90217,0.42336,36.966,0.42336,423.524,0,1.02816,0,0,1.84079,0.812627,1.028160,1,0,33.0199,0,0,0,33.0199,0
60.5233,2.5588,0,0,1.79253,0.0479852,0.36288,3.6288,61.308,0.530995,0,0,0.858341,0.293283,0.0340622,0.66528,12.849,1,0.532865,0.36288,0,29.9502,5.78896,23.9913,0.84672,12.849,0.84672,3695.15,0,36.966,0.320167,0.676261,2.03125,4.69543,1.37617,5.7066,0.42336,36.966,0.42336,423.524,0,1.02816,0,0,1.70442,0.676261,1.028160,1,0,29.7319,0,0,0,29.7319,0
59.3049,2.55036,0,0,1.74234,0.0475192,0.36288,3.6288,61.295,0.531048,0,0,0.811296,0.293283,0,0.66528,12.849,1,0.541438,0.36288,0,26.9215,5.78896,20.954,0.84672,12.849,0.84672,3695.15,0,36.966,0.320198,0.521122,2.03134,4.62757,1.37617,5.48366,0.42336,36.966,0.42336,423.524,0,1.02816,0,0,1.54928,0.521122,1.028160,1,0,26.4377,0,0,0,26.4377,0
57.9738,2.54918,0,0,1.62946,0.0484161,0.36288,3.6288,61.1492,0.53594,0,0,0.699183,0.309001,0,0.66528,12.849,1,0.552306,0.36288,0,27.8439,5.83846,21.816,0.84672,12.849,0.84672,3695.15,0,36.966,0.323216,0.297276,2.03143,4.02151,1.42245,4.60455,0.42336,36.966,0.42336,423.524,0,1.02816,0,0,1.32544,0.297276,1.028160,1,0,26.4205,0,0,0,26.4205,0
56.5669,2.53891,0,0,1.54369,0.0488588,0.36288,3.6288,60.8977,0.535512,0,0,0.604523,0.320512,0,0.66528,12.849,1,0.562711,0.36288,0,25.4748,5.87559,19.3994,0.84672,12.849,0.84672,3695.15,0,36.966,0.323728,0.295358,2.03936,3.38215,1.45716,3.93598,0.42336,36.966,0.42336,423.524,0,1.02816,0,0,1.32352,0.295358,1.028160,1,0,23.3353,0,0,0,23.3353,0
55.0322,2.52762,0,0,1.40397,0.0481884,0.36288,3.6288,60.4988,0.641889,0,0,0.562984,0.320002,0,0.66528,12.849,1,0.574141,0.36288,0,23.7482,5.87559,17.6614,0.84672,12.849,0.84672,3695.15,0,36.966,0.389638,0.261274,2.03945,3.01418,1.45716,3.4681,0.42336,36.966,0.42336,423.524,0,0.855956,0,0,1.11723,0.261274,1.028160,1,0,21.1295,0,0,0,21.1295,0
53.6425,2.51475,0,0,1.52893,0.0410105,0.36288,3.6288,60.3125,0.533456,0,0,0.664523,0.317402,0,0.66528,12.849,1,0.587148,0.36288,0,23.8605,5.98372,17.6525,0.84672,12.849,0.84672,3695.15,0,36.966,0.325952,0.379788,2.03954,4.26184,1.48307,4.87214,0.42336,36.966,0.42336,423.524,0,1.02816,0,0,1.40795,0.379788,1.028160,1,0,22.5246,0,0,0,22.5246,0
52.0358,2.66973,0,0,1.46305,0.0370763,0.36288,3.6288,60.0006,0.633645,0,0,0.610888,0.289077,0,0.66528,12.849,1,0.639481,0.36288,0,22.7434,6.04206,16.4248,0.84672,12.849,0.84672,3695.15,0,36.966,0.388366,0.380272,2.03963,3.65416,1.50124,4.18445,0.42336,36.966,0.42336,423.524,0,1.02816,0,0,1.40843,0.380272,1.028160,1,0,20.6092,0,0,0,20.6092,0
50.072,2.65401,0,0,1.12238,0.0693502,0.36288,3.6288,59.488,0.681017,0,0,0.461698,0.293297,0,0.66528,12.849,1,0.655345,0.36288,0,20.0058,5.63976,14.0736,0.84672,12.849,0.84672,3695.15,0,36.966,0.41957,0.227405,2.20411,2.75918,1.30501,3.46612,0.42336,36.966,0.42336,423.524,0,0.949674,0,0,1.17708,0.227405,1.028160,1,0,17.5397,0,0,0,17.5397,0
48.1403,2.63367,0,0,1.13283,0.0679404,0.36288,3.6288,59.0106,0.641346,0,0,0.456303,0.292339,0,0.66528,12.849,1,0.675829,0.36288,0,19.6709,5.63976,13.7182,0.84672,12.849,0.84672,3695.15,0,36.966,0.398534,0.227405,2.20421,2.96933,1.30501,3.6974,0.42336,36.966,0.42336,423.524,0,1.01047,0,0,1.23788,0.227405,1.028160,1,0,17.4156,0,0,0,17.4156,0
46.4542,2.61239,0,0,1.3557,0.066544,0.36288,3.6288,58.571,0.628545,0,0,0.480313,0.291446,0,0.66528,12.849,1,0.697265,0.36288,0,19.2343,5.63976,13.2601,0.84672,12.849,0.84672,3695.15,0,36.966,0.393739,0.224856,2.2043,3.98916,1.30501,4.71957,0.42336,36.966,0.42336,423.524,0,1.02816,0,0,1.25302,0.224856,1.028160,1,0,17.9797,0,0,0,17.9797,0
44.4411,2.59268,0,0,1.01181,0.0692807,0.36288,3.6288,58.0407,0.657803,0,0,0.418258,0.290704,0,0.66528,12.849,1,0.717122,0.36288,0,18.3285,5.66196,12.3123,0.84672,12.849,0.84672,3695.15,0,36.966,0.41516,0.204422,2.2044,2.67921,1.30066,3.37221,0.42336,36.966,0.42336,423.524,0,0.977573,0,0,1.182,0.204422,1.028160,1,0,15.6845,0,0,0,15.6845,0
42.6365,2.48925,0,0,1.08834,0.0408293,0.36288,3.6288,57.8932,0.564362,0,0,0.673088,0.256258,0,0.66528,12.849,1,0.719703,0.36288,0,32.4715,5.76066,26.354,0.84672,12.849,0.84672,3695.15,0,36.966,0.359441,0.702173,2.2045,3.15014,1.37832,4.31906,0.42336,36.966,0.42336,423.524,0,1.02816,0,0,1.73033,0.702173,1.028160,1,0,30.673,0,0,0,30.673,0
40.7507,2.46595,0,0,0.977011,0.034021,0.36288,3.6288,57.7534,0.563856,0,0,0.674502,0.250411,0,0.66528,12.849,1,0.743143,0.36288,0,21.263,5.76786,15.1149,0.84672,12.849,0.84672,3695.15,0,36.966,0.360034,0.288516,2.10944,2.4018,1.39307,3.04666,0.42336,36.966,0.42336,423.524,0,1.02816,0,0,1.31668,0.288516,1.028160,1,0,18.1616,0,0,0,18.1616,0
40.2613,2.43992,0,0,2.40376,0.0902939,0.36288,3.6288,58.0069,0.563377,0,0,1.07286,0.25597,0,0.66528,12.849,1,0.769324,0.36288,0,28.3095,5.30466,22.5984,0.84672,12.849,0.84672,3695.15,0,36.966,0.360599,1.93191,2.10954,6.24723,1.29351,8.63458,0.42336,36.966,0.42336,423.524,0,1.02816,0,0,2.96007,1.93191,1.028160,1,0,31.233,0,0,0,31.233,0
39.4909,2.43294,0,0,2.14546,0.120066,0.36288,3.6288,58.3784,0.564393,0,0,1.20591,0.270056,0,0.66528,12.849,1,0.776447,0.36288,0,47.6387,5.10814,42.117,0.84672,12.849,0.84672,3695.15,0,36.966,0.35967,1.24473,2.10963,4.68138,1.22412,6.45194,0.42336,36.966,0.42336,423.524,0,1.02816,0,0,2.27289,1.24473,1.028160,1,0,48.5689,0,0,0,48.5689,0
39.4705,2.40668,0,0,2.87924,0.130124,0.36288,3.6288,58.5108,0.533869,0,0,0.91073,0.244417,0,0.66528,12.849,1,0.783052,0.36288,0,42.1319,4.39989,37.3119,0.84672,12.849,0.84672,3695.15,0,36.966,0.338053,0.919365,2.10973,5.42659,1.13177,6.98585,0.42336,36.966,0.42336,423.524,0,1.02816,0,0,1.94753,0.919365,1.028160,1,0,44.2977,0,0,0,44.2977,0
38.4552,2.40648,0,0,1.89905,0.144944,0.36288,3.6288,58.6355,0.53439,0,0,0.868581,0.209546,0,0.66528,12.849,1,0.783393,0.36288,0,42.8531,3.45555,38.977,0.84672,12.849,0.84672,3695.15,0,36.966,0.337617,0.811547,2.06576,4.56025,1.00864,6.0913,0.42336,36.966,0.42336,423.524,0,1.02816,0,0,1.83971,0.811547,1.028160,1,0,45.0683,0,0,0,45.0683,0
37.7952,2.39109,0,0,2.23716,0.143251,0.36288,3.6288,58.5553,0.534882,0,0,0.664468,0.209714,0,0.66528,12.849,1,0.798931,0.36288,0,49.6219,3.45555,45.7303,0.84672,12.849,0.84672,3695.15,0,36.966,0.33721,0.277301,2.06585,4.73964,1.00864,5.73694,0.42336,36.966,0.42336,423.524,0,1.02816,0,0,1.30546,0.277301,1.028160,1,0,51.4673,0,0,0,51.4673,0
41.5363,2.38078,0,0,6.62696,0.14215,0.36288,3.6288,59.9976,0.534651,0,0,2.1865,0.209606,0,0.66528,12.849,1,0.80938,0.36288,0,93.2766,3.45555,89.3745,0.84672,12.849,0.84672,3695.15,0,36.966,0.337525,3.58776,2.06594,8.34797,1.00864,12.6555,0.42336,36.966,0.42336,423.524,0,1.02816,0,0,4.61592,3.58776,1.028160,1,0,102.03,0,0,0,102.03,0
43.9922,2.25306,0,0,5.21591,0.144126,0.36288,3.6288,60.9528,0.421607,0,0,1.59117,0.214401,0,0.66528,12.849,1,0.696971,0.36288,0,103.153,3.51962,99.2993,0.84672,12.849,0.84672,3695.15,0,36.966,0.259763,3.09919,2.06604,8.10023,1.02155,11.9841,0.42336,36.966,0.42336,423.524,0,1.02816,0,0,4.12735,3.09919,1.028160,1,0,111.283,0,0,0,111.283,0
45.0441,2.2796,0,0,3.84038,0.145931,0.36288,3.6288,60.7996,0.427145,0,0,0.499644,0.225683,0,0.66528,12.849,1,0.665814,0.36288,0,46.4402,3.89521,42.242,0.84672,12.849,0.84672,3695.15,0,36.966,0.259051,1.00204,1.87362,4.83784,1.08899,6.36546,0.42336,36.966,0.42336,423.524,0,1.02816,0,0,2.0302,1.00204,1.028160,1,0,48.6075,0,0,0,48.6075,0
47.7123,2.29186,0,0,5.53332,0.210376,0.36288,3.6288,61.0539,0.426739,0,0,0.888477,0.207411,0,0.66528,12.849,1,0.653762,0.36288,0,83.4171,3.87324,79.253,0.84672,12.849,0.84672,3695.15,0,36.966,0.259457,2.18887,1.87648,5.9724,1.06396,8.71434,0.42336,36.966,0.42336,423.524,0,1.02816,0,0,3.21703,2.18887,1.028160,1,0,87.9673,0,0,0,87.9673,0
59.4904,2.32083,0,0,14.6785,0.216705,0.36288,3.6288,61.308,0.427413,0,0,1.13249,0.207746,0.243222,0.66528,12.849,1,0.625003,0.36288,0,86.4648,3.87324,82.3294,0.84672,12.849,0.84672,3695.15,0,36.966,0.258783,2.84579,1.87652,7.60335,1.06396,11.0029,0.42336,36.966,0.42336,423.524,0,1.02816,0,0,3.87395,2.84579,1.028160,1,0,93.5756,0,0,0,93.5756,0
66.7527,2.42276,0,0,10.2924,0.244412,0.36288,3.6288,61.308,0.428082,0,0,0.834866,0.20808,0.198704,0.66528,12.849,1,0.523279,0.36288,0,160.95,3.87324,156.917,0.84672,12.849,0.84672,3695.15,0,36.966,0.258114,2.03889,1.87656,6.67383,1.06396,9.26721,0.42336,36.966,0.42336,423.524,0,1.02816,0,0,3.06705,2.03889,1.028160,1,0,166.383,0,0,0,166.383,0
66.8453,2.47056,0,0,3.2044,0.278335,0.36288,3.6288,61.308,0.428034,0,0,0.87664,0.227944,0.220662,0.66528,12.849,1,0.47555,0.36288,0,49.4426,4.78784,44.5421,0.84672,12.849,0.84672,3695.15,0,36.966,0.258086,1.36059,1.8766,6.36411,1.18764,8.15558,0.42336,36.966,0.42336,423.524,0,1.02816,0,0,2.38875,1.36059,1.028160,1,0,52.9183,0,0,0,52.9183,0
65.2531,2.54876,0,0,1.60051,0.281112,0.36288,3.6288,61.308,0.462572,0,0,1.11833,0.24246,0.413295,0.66528,12.849,1,0.489922,0.36288,0,45.705,5.09029,40.4877,0.84672,12.849,0.84672,3695.15,0,36.966,0.27891,0.802829,1.87655,3.83879,1.29104,4.94822,0.42336,36.966,0.42336,423.524,0,1.02816,0,0,1.83099,0.802829,1.028160,1,0,45.8492,0,0,0,45.8492,0
63.8475,2.54258,0,0,1.77738,0.27757,0.36288,3.6288,61.308,0.459841,0,0,1.29338,0.24246,0.591081,0.66528,12.849,1,0.50066,0.36288,0,35.1894,5.09029,29.9613,0.84672,12.849,0.84672,3695.15,0,36.966,0.277264,0.942356,1.93667,3.59589,1.29104,4.90661,0.42336,36.966,0.42336,423.524,0,1.02816,0,0,1.97052,0.942356,1.028160,1,0,35.459,0,0,0,35.459,0
66.1227,2.53351,0,0,5.4461,0.274442,0.36288,3.6288,61.308,0.459884,0,0,1.72302,0.24246,1.02068,0.66528,12.849,1,0.509856,0.36288,0,72.945,5.09029,67.7077,0.84672,12.849,0.84672,3695.15,0,36.966,0.277289,1.65557,1.93415,9.99928,1.29104,12.0207,0.42336,36.966,0.42336,423.524,0,1.02816,0,0,2.68373,1.65557,1.028160,1,0,80.7491,0,0,0,80.7491,0
71.6847,2.54829,0,0,8.75953,0.286341,0.36288,3.6288,61.308,0.459927,0,0,3.28666,0.229418,2.59731,0.66528,12.849,1,0.495186,0.36288,0,184.6,4.78099,179.686,0.84672,12.849,0.84672,3695.15,0,36.966,0.277315,4.52352,1.93422,9.7483,1.22573,14.703,0.42336,36.966,0.42336,423.524,0,1.02816,0,0,5.55168,4.52352,1.028160,1,0,196.987,0,0,0,196.987,0
72.1476,2.77667,0,0,3.91433,0.311901,0.36288,3.6288,61.308,0.565112,0,0,1.77695,0.202954,1.00889,0.66528,12.849,1,0.497698,0.36288,0,77.1215,4.34343,72.6433,0.84672,12.849,0.84672,3695.15,0,36.966,0.340738,1.92261,1.9343,8.30572,1.1528,10.6691,0.42336,36.966,0.42336,423.524,0,1.02816,0,0,2.95077,1.92261,1.028160,1,0,84.3212,0,0,0,84.3212,0
72.29,2.77948,0,0,4.60407,0.313002,1.3692,3.6288,61.308,0.565159,0,0,1.86921,0.202954,1.1011,0.66528,12.849,1,0.495007,1.3692,0,92.4808,4.34343,89.0116,0.84672,12.849,0.84672,3695.15,0,36.966,0.340766,1.86813,2.10783,8.64294,1.1528,11.1253,0.42336,36.966,0.42336,423.524,0,1.02816,0,0,2.89629,1.86813,1.028160,1,0,101.238,0,0,0,101.238,0
72.29,2.78042,0,0,4.86532,0.302832,1.78207,3.6288,61.308,0.565206,0,0,1.88862,0.195967,1.12744,0.66528,12.849,1,0.494199,1.78207,0,98.3612,4.10412,95.545,0.84672,12.849,0.84672,3695.15,0,36.966,0.340794,2.15519,2.10791,9.45467,1.07578,12.3012,0.42336,36.966,0.42336,423.524,0,1.02816,0,0,3.18335,2.15519,1.028160,1,0,108.974,0,0,0,108.974,0
72.29,2.78053,0,0,5.95915,0.29562,2.883,3.6288,61.308,0.565253,0,0,3.59491,0.216409,2.81325,0.66528,12.849,1,0.494218,2.883,0,131.724,3.93782,130.175,0.84672,12.849,0.84672,3695.15,0,36.966,0.340823,3.64477,2.108,13.5076,0.979318,17.9402,0.42336,36.966,0.42336,423.524,0,1.02816,0,0,4.67293,3.64477,1.028160,1,0,150.928,0,0,0,150.928,0
72.29,2.47719,0,0,8.60587,0.337435,5.79125,3.6288,61.308,0.415844,0,0,6.59384,0.228567,5.94943,0.66528,12.849,1,0.440302,5.79125,0,233.899,3.86011,235.39,0.84672,12.849,0.84672,3695.15,0,36.966,0.250735,6.87303,2.10808,20.3277,0.934681,28.1234,0.42336,36.966,0.42336,423.524,0,1.02816,0,0,7.90119,6.87303,1.028160,1,0,269.463,0,0,0,269.463,0
72.29,2.4607,0,0,7.61141,0.337435,4.81328,3.6288,61.308,0.428075,0,0,5.48783,0.228567,4.83118,0.66528,12.849,1,0.43737,4.81328,0,168.343,3.86011,168.858,0.84672,12.849,0.84672,3695.15,0,36.966,0.25811,4.60054,1.85609,16.2749,0.934681,21.5388,0.42336,36.966,0.42336,423.524,0,1.02816,0,0,5.6287,4.60054,1.028160,1,0,195.228,0,0,0,195.228,0
72.29,2.46085,0,0,7.68338,0.337435,4.88509,3.6288,61.308,0.428076,0,0,4.99905,0.228567,4.34241,0.66528,12.849,1,0.437397,4.88509,0,175.459,3.86011,176.047,0.84672,12.849,0.84672,3695.15,0,36.966,0.258111,4.54243,1.8676,17.2635,0.934681,22.4807,0.42336,36.966,0.42336,423.524,0,1.02816,0,0,5.57059,4.54243,1.028160,1,0,202.87,0,0,0,202.87,0
72.29,2.461,0,0,7.32689,0.280794,4.5851,3.6288,61.308,0.428075,0,0,4.47265,0.198485,3.84609,0.66528,12.849,1,0.437424,4.5851,0,183.988,3.42414,184.711,0.84672,12.849,0.84672,3695.15,0,36.966,0.25811,4.49321,1.86764,17.1916,0.872054,22.4223,0.42336,36.966,0.42336,423.524,0,1.02816,0,0,5.52137,4.49321,1.028160,1,0,210.98,0,0,0,210.98,0
72.29,2.46115,0,0,4.36404,0.319434,1.58345,3.6288,61.308,0.428076,0,0,3.79495,0.184189,3.18268,0.66528,12.849,1,0.437451,1.58345,0,72.8222,3.30969,70.6586,0.84672,12.849,0.84672,3695.15,0,36.966,0.258111,2.21022,1.86767,9.10526,0.754453,12.1706,0.42336,36.966,0.42336,423.524,0,1.02816,0,0,3.23838,2.21022,1.028160,1,0,86.0118,0,0,0,86.0118,0
72.29,2.55184,0,0,4.2106,0.32965,1.32912,3.6288,61.308,0.470606,0,0,3.7527,0.183812,3.09828,0.66528,12.849,1,0.453569,1.32912,0,75.6363,3.31968,73.1922,0.84672,12.849,0.84672,3695.15,0,36.966,0.283754,1.95717,1.8677,8.04946,0.739028,10.8515,0.42336,36.966,0.42336,423.524,0,1.02816,0,0,2.98533,1.95717,1.028160,1,0,87.142,0,0,0,87.142,0
72.29,2.5683,0,0,3.41164,0.32965,0.51369,3.6288,61.308,0.458623,0,0,3.03108,0.183812,2.38864,0.66528,12.849,1,0.456496,0.51369,0,52.5537,3.31968,49.2912,0.84672,12.849,0.84672,3695.15,0,36.966,0.276529,1.90654,1.94039,6.48994,0.739028,9.3213,0.42336,36.966,0.42336,423.524,0,1.02816,0,0,2.9347,1.90654,1.028160,1,0,61.0011,0,0,0,61.0011,0
72.29,2.5684,0,0,3.52201,0.321608,0.631999,3.6288,61.308,0.458666,0,0,2.60255,0.166119,1.97776,0.66528,12.849,1,0.456514,0.631999,0,52.3319,2.96895,49.5384,0.84672,12.849,0.84672,3695.15,0,36.966,0.276555,2.23258,1.92918,5.59723,0.689881,8.79256,0.42336,36.966,0.42336,423.524,0,1.02816,0,0,3.26074,2.23258,1.028160,1,0,60.3087,0,0,0,60.3087,0
72.0876,2.5685,0,0,3.01411,0.285114,0.36288,3.6288,61.308,0.458708,0,0,1.77385,0.165444,1.1497,0.66528,12.849,1,0.456532,0.36288,0,48.8457,3.23093,45.5211,0.84672,12.849,0.84672,3695.15,0,36.966,0.276581,1.02521,1.92926,3.76405,0.740049,5.70189,0.42336,36.966,0.42336,423.524,0,1.02816,0,0,2.05337,1.02521,1.028160,1,0,52.3727,0,0,0,52.3727,0
71.6392,2.53213,0,0,2.71903,0.272403,0.36288,3.6288,61.308,0.455738,0,0,1.24338,0.198113,0.589532,0.66528,12.849,1,0.45133,0.36288,0,44.0572,4.08502,39.8837,0.84672,12.849,0.84672,3695.15,0,36.966,0.27479,0.528595,1.92933,3.70152,0.869826,5.01484,0.42336,36.966,0.42336,423.524,0,1.00651,0,0,1.5351,0.528595,1.028160,1,0,45.4881,0,0,0,45.4881,0
70.6342,2.52983,0,0,2.15914,0.271475,0.36288,3.6288,61.308,0.55404,0,0,1.08337,0.198113,0.331217,0.66528,12.849,1,0.453743,0.36288,0,34.0254,4.08502,29.8495,0.84672,12.849,0.84672,3695.15,0,36.966,0.334062,0.528595,1.90113,3.80574,0.869826,5.03158,0.42336,36.966,0.42336,423.524,0,0.849001,0,0,1.3776,0.528595,1.028160,1,0,35.2123,0,0,0,35.2123,0
69.5009,2.52447,0,0,2.02342,0.269394,0.36288,3.6288,61.308,0.495606,0,0,1.07184,0.198113,0.378125,0.66528,12.849,1,0.459224,0.36288,0,32.2377,4.08502,28.0563,0.84672,12.849,0.84672,3695.15,0,36.966,0.298828,0.402797,1.90121,3.62162,0.869826,4.75697,0.42336,36.966,0.42336,423.524,0,0.942736,0,0,1.34553,0.402797,1.028160,1,0,33.1914,0,0,0,33.1914,0
69.5707,2.51825,0,0,3.21033,0.259401,0.36288,3.6288,61.308,0.442357,0,0,1.37129,0.206019,0.722913,0.66528,12.849,1,0.465562,0.36288,0,41.9819,4.22718,37.6521,0.84672,12.849,0.84672,3695.15,0,36.966,0.266722,0.611142,1.90128,3.59021,0.889423,4.94648,0.42336,36.966,0.42336,423.524,0,1.02816,0,0,1.6393,0.611142,1.028160,1,0,43.3215,0,0,0,43.3215,0
68.4857,2.63822,0,0,2.1291,0.212951,0.36288,3.6288,61.308,0.582655,0,0,0.992866,0.242982,0.167229,0.66528,12.849,1,0.487252,0.36288,0,32.7502,4.77105,27.8548,0.84672,12.849,0.84672,3695.15,0,36.966,0.351315,0.402797,1.90136,3.20814,1.02078,4.1402,0.42336,36.966,0.42336,423.524,0,0.897264,0,0,1.30006,0.402797,1.028160,1,0,32.1622,0,0,0,32.1622,0
67.2057,2.63182,0,0,1.87317,0.158514,0.36288,3.6288,61.308,0.582538,0,0,0.845994,0.241512,0.0219443,0.66528,12.849,1,0.493771,0.36288,0,28.2836,4.73823,23.4145,0.84672,12.849,0.84672,3695.15,0,36.966,0.351244,0.402797,2.00052,2.95193,0.968942,4.03506,0.42336,36.966,0.42336,423.524,0,0.897523,0,0,1.30032,0.402797,1.028160,1,0,27.4715,0,0,0,27.4715,0
65.88,2.62403,0,0,1.8182,0.156929,0.36288,3.6288,61.308,0.528482,0,0,0.898422,0.241512,0.128427,0.66528,12.849,1,0.501686,0.36288,0,26.9587,4.73823,22.0817,0.84672,12.849,0.84672,3695.15,0,36.966,0.318651,0.30119,2.0006,3.14024,0.968942,4.15444,0.42336,36.966,0.42336,423.524,0,0.984243,0,0,1.28543,0.30119,1.028160,1,0,26.3645,0,0,0,26.3645,0
64.4711,2.61568,0,0,1.72491,0.155287,0.36288,3.6288,61.308,0.562657,0,0,0.873063,0.241512,0.0688946,0.66528,12.849,1,0.510153,0.36288,0,25.3206,4.73823,20.4351,0.84672,12.849,0.84672,3695.15,0,36.966,0.339257,0.30119,2.00068,2.90333,0.968942,3.89701,0.42336,36.966,0.42336,423.524,0,0.929534,0,0,1.23072,0.30119,1.028160,1,0,24.401,0,0,0,24.401,0
62.6897,2.60649,0,0,1.31779,0.129792,0.36288,3.6288,61.173,0.622099,0,0,0.715746,0.228626,0,0.66528,12.849,1,0.51947,0.36288,0,23.2798,4.51368,18.6095,0.84672,12.849,0.84672,3695.15,0,36.966,0.375098,0.30119,2.00076,2.34767,1.04691,3.22761,0.42336,36.966,0.42336,423.524,0,0.834322,0,0,1.13551,0.30119,1.028160,1,0,21.8371,0,0,0,21.8371,0
60.785,2.5711,0,0,1.15327,0.124026,0.36288,3.6288,60.9425,0.678975,0,0,0.674767,0.226285,0,0.66528,12.849,1,0.526978,0.36288,0,22.7121,4.47625,18.0717,0.84672,12.849,0.84672,3695.15,0,36.966,0.410295,0.30119,2.00084,2.15714,1.05991,2.98896,0.42336,36.966,0.42336,423.524,0,0.793956,0,0,1.09515,0.30119,1.028160,1,0,21.0607,0,0,0,21.0607,0
58.7892,2.55757,0,0,1.04676,0.122093,0.36288,3.6288,60.6,0.749557,0,0,0.633031,0.225955,0,0.66528,12.849,1,0.540631,0.36288,0,20.2382,4.47625,15.5842,0.84672,12.849,0.84672,3695.15,0,36.966,0.42336,0.261274,2.03556,2.08675,1.05991,2.90032,0.42336,36.966,0.42336,423.524,0,0.710381,0,0,0.971654,0.261274,1.028160,1,0,18.4846,0,0,0,18.4846,0
56.7868,2.54261,0,0,0.993107,0.0899936,0.36288,3.6288,60.1461,0.745846,0,0,0.593798,0.301904,0,0.66528,12.849,1,0.555714,0.36288,0,18.2043,5.4643,12.5472,0.84672,12.849,0.84672,3695.15,0,36.966,0.42336,0.261274,2.03564,1.97764,1.42056,2.43063,0.42336,36.966,0.42336,423.524,0,0.714165,0,0,0.975439,0.261274,1.028160,1,0,14.9778,0,0,0,14.9778,0
54.7331,2.52673,0,0,0.926752,0.0908375,0.36288,3.6288,59.6114,0.77978,0,0,0.543002,0.297905,0,0.66528,12.849,1,0.571716,0.36288,0,17.725,5.55152,11.9646,0.84672,12.849,0.84672,3695.15,0,36.966,0.42336,0.261274,2.03572,1.84611,1.42372,2.29602,0.42336,36.966,0.42336,423.524,0,0.680305,0,0,0.941579,0.261274,1.028160,1,0,14.2606,0,0,0,14.2606,0
52.7031,2.5172,0,0,0.942417,0.0923768,0.36288,3.6288,59.011,0.811569,0,0,0.503873,0.292734,0,0.66528,12.849,1,0.590932,0.36288,0,17.2435,5.66779,11.3476,0.84672,12.849,0.84672,3695.15,0,36.966,0.42336,0.261274,2.0358,1.74027,1.42793,2.18605,0.42336,36.966,0.42336,423.524,0,0.656433,0,0,0.917706,0.261274,1.028160,1,0,13.5337,0,0,0,13.5337,0
50.5849,2.499,0,0,0.834157,0.0904883,0.36288,3.6288,58.3338,0.858515,0,0,0.472934,0.291611,0,0.66528,12.849,1,0.609256,0.36288,0,16.2776,5.66779,10.3634,0.84672,12.849,0.84672,3695.15,0,36.966,0.42336,0.261274,2.04373,1.74125,1.42793,2.19497,0.42336,36.966,0.42336,423.524,0,0.609561,0,0,0.870834,0.261274,1.028160,1,0,12.5584,0,0,0,12.5584,0
48.4174,2.47875,0,0,0.76267,0.0885177,0.36288,3.6288,57.6071,0.893183,0,0,0.456845,0.290344,0,0.66528,12.849,1,0.629625,0.36288,0,15.2865,5.66779,9.35195,0.84672,12.849,0.84672,3695.15,0,36.966,0.42336,0.227405,2.04381,1.65904,1.42793,2.07896,0.42336,36.966,0.42336,423.524,0,0.574966,0,0,0.802371,0.227405,1.028160,1,0,11.4309,0,0,0,11.4309,0
46.1791,2.45657,0,0,0.654452,0.0732724,0.36288,3.6288,56.8658,0.901102,0,0,0.454975,0.295198,0,0.66528,12.849,1,0.651925,0.36288,0,14.5812,5.9271,8.36506,0.84672,12.849,0.84672,3695.15,0,36.966,0.42336,0.227405,2.04389,1.64849,1.4432,2.05322,0.42336,36.966,0.42336,423.524,0,0.567121,0,0,0.794526,0.227405,1.028160,1,0,10.4183,0,0,0,10.4183,0
43.7719,2.59437,0,0,0.642184,0.092161,0.36288,3.6288,55.8721,1.076,0,0,0.394883,0.312567,0,0.66528,12.849,1,0.721863,0.36288,0,12.5086,6.02346,6.12612,0.84672,12.849,0.84672,3695.15,0,36.966,0.42336,0.227405,2.04397,1.4274,1.51184,1.76357,0.42336,36.966,0.42336,423.524,0,0.555163,0,0,0.782568,0.227405,1.028160,1,0,7.88969,0,0,0,7.88969,0
41.4696,2.56378,0,0,0.712116,0.0877285,0.36288,3.6288,55.1443,0.893064,0,0,0.471532,0.306308,0,0.66528,12.849,1,0.752582,0.36288,0,14.9965,6.05682,8.55001,0.84672,12.849,0.84672,3695.15,0,36.966,0.42336,0.227405,2.20878,1.42792,1.52281,1.91794,0.42336,36.966,0.42336,423.524,0,0.738176,0,0,0.96558,0.227405,1.028160,1,0,10.4679,0,0,0,10.4679,0
39.054,2.53198,0,0,0.564627,0.0854179,0.36288,3.6288,54.0828,1.11055,0,0,0.353921,0.304848,0,0.66528,12.849,1,0.784511,0.36288,0,16.4668,6.05682,9.98835,0.84672,12.849,0.84672,3695.15,0,36.966,0.42336,0.204422,2.20887,1.1465,1.52281,1.61363,0.42336,36.966,0.42336,423.524,0,0.520767,0,0,0.72519,0.204422,1.028160,1,0,11.602,0,0,0,11.602,0
36.7988,2.49556,0,0,0.686285,0.0830266,0.36288,3.6288,53.7156,0.633488,0,0,0.569004,0.30272,0,0.66528,12.849,1,0.821055,0.36288,0,14.3541,6.05682,7.83907,0.84672,12.849,0.84672,3695.15,0,36.966,0.42336,0.204422,2.20896,1.65199,1.52281,2.1192,0.42336,36.966,0.42336,423.524,0,0.997911,0,0,1.20233,0.204422,1.028160,1,0,9.95827,0,0,0,9.95827,0
34.8418,2.47003,0,0,0.986769,0.110852,0.36288,3.6288,53.1494,0.820365,0,0,0.542367,0.28822,0,0.66528,12.849,1,0.84672,0.36288,0,19.6884,5.53572,13.6688,0.84672,12.849,0.84672,3695.15,0,36.966,0.42336,0.204422,2.20904,1.68493,1.36122,2.31381,0.42336,36.966,0.42336,423.524,0,0.811115,0,0,1.01554,0.204422,1.028160,1,0,15.9827,0,0,0,15.9827,0
33.0984,2.36895,0,0,1.10839,0.119994,0.36288,3.6288,53.2267,0.547262,0,0,0.906059,0.28146,0,0.66528,12.849,1,0.84672,0.36288,0,19.2202,5.32728,13.4091,0.84672,12.849,0.84672,3695.15,0,36.966,0.380627,0.723401,2.20913,1.97832,1.29659,3.23363,0.42336,36.966,0.42336,423.524,0,1.02816,0,0,1.75156,0.723401,1.028160,1,0,16.6427,0,0,0,16.6427,0
31.2201,2.36908,0,0,0.971188,0.117451,0.36288,3.6288,52.9575,0.547633,0,0,0.560046,0.281634,0,0.66528,12.849,1,0.84672,0.36288,0,19.5147,5.32728,13.7035,0.84672,12.849,0.84672,3695.15,0,36.966,0.380332,0.239345,2.11386,1.55962,1.29659,2.2359,0.42336,36.966,0.42336,423.524,0,1.02816,0,0,1.26751,0.239345,1.028160,1,0,15.9394,0,0,0,15.9394,0
29.1634,2.3692,0,0,0.790033,0.114712,0.36288,3.6288,52.3777,0.759691,0,0,0.460959,0.281028,0,0.66528,12.849,1,0.84672,0.36288,0,17.9201,5.32728,12.1089,0.84672,12.849,0.84672,3695.15,0,36.966,0.42336,0.216518,2.11394,1.40918,1.29659,2.01969,0.42336,36.966,0.42336,423.524,0,0.77315,0,0,0.989669,0.216518,1.028160,1,0,14.1286,0,0,0,14.1286,0
27.7521,2.36933,0,0,1.44963,0.128667,0.36288,3.6288,52.1987,0.549574,0,0,0.605712,0.235185,0,0.66528,12.849,1,0.84672,0.36288,0,21.6092,4.73415,16.3913,0.84672,12.849,0.84672,3695.15,0,36.966,0.387866,0.216518,2.11403,1.94265,1.06588,2.81945,0.42336,36.966,0.42336,423.524,0,1.01884,0,0,1.23536,0.216518,1.028160,1,0,19.2107,0,0,0,19.2107,0
27.4946,2.34962,0,0,2.62124,0.166263,0.36288,3.6288,52.1772,0.512744,0,0,0.701267,0.210013,0,0.66528,12.849,1,0.84672,0.36288,0,29.5261,4.84102,24.2012,0.84672,12.849,0.84672,3695.15,0,36.966,0.363114,0.550446,2.11411,2.61334,1.11702,3.79776,0.42336,36.966,0.42336,423.524,0,1.02816,0,0,1.57861,0.550446,1.028160,1,0,27.999,0,0,0,27.999,0
26.7835,2.34975,0,0,2.16719,0.165671,0.36288,3.6288,52.0587,0.5127,0,0,0.604236,0.209976,0,0.66528,12.849,1,0.84672,0.36288,0,23.6793,4.84102,18.3544,0.84672,12.849,0.84672,3695.15,0,36.966,0.363233,0.685472,2.07004,2.53492,1.11702,3.81018,0.42336,36.966,0.42336,423.524,0,1.02816,0,0,1.71363,0.685472,1.028160,1,0,22.1646,0,0,0,22.1646,0
29.7335,2.0336,0,0,5.51057,0.164038,0.36288,3.6288,53.3814,0.402092,0,0,1.93452,0.209776,0,0.66528,12.849,1,0.84672,0.36288,0,66.0636,4.84102,60.7387,0.84672,12.849,0.84672,3695.15,0,36.966,0.285519,4.18616,2.07012,5.92416,1.11702,10.7779,0.42336,36.966,0.42336,423.524,0,1.02816,0,0,5.21432,4.18616,1.028160,1,0,71.5166,0,0,0,71.5166,0
33.636,2.03372,0,0,6.48456,0.185507,0.36288,3.6288,55.2731,0.406312,0,0,2.49519,0.197144,0,0.66528,12.849,1,0.84672,0.36288,0,78.8221,4.62337,73.7149,0.84672,12.849,0.84672,3695.15,0,36.966,0.281366,2.3734,1.86538,6.00197,1.05537,8.90401,0.42336,36.966,0.42336,423.524,0,1.02816,0,0,3.40156,2.3734,1.028160,1,0,82.6189,0,0,0,82.6189,0
35.7621,1.92736,0,0,4.62472,0.208344,0.36288,3.6288,56.5729,0.308839,0,0,1.82294,0.214314,0,0.66528,12.849,1,0.736253,0.36288,0,81.9681,4.66683,76.9279,0.84672,12.849,0.84672,3695.15,0,36.966,0.206548,1.59799,1.86545,4.90867,1.13286,7.0327,0.42336,36.966,0.42336,423.524,0,1.02816,0,0,2.62615,1.59799,1.028160,1,0,83.9606,0,0,0,83.9606,0
38.0623,1.95872,0,0,4.83557,0.213808,0.36288,3.6288,57.6976,0.3125,0,0,1.65332,0.216145,0,0.66528,12.849,1,0.703749,0.36288,0,109.055,4.66683,104.047,0.84672,12.849,0.84672,3695.15,0,36.966,0.204195,1.40633,1.69171,4.75861,1.13286,6.51959,0.42336,36.966,0.42336,423.524,0,1.02816,0,0,2.43449,1.40633,1.028160,1,0,110.567,0,0,0,110.567,0
51.4792,1.99064,0,0,15.9851,0.214699,0.36288,3.6288,61.308,0.314922,0,0,4.53587,0.241586,0.368951,0.66528,12.849,1,0.671997,0.36288,0,236.784,4.62693,231.848,0.84672,12.849,0.84672,3695.15,0,36.966,0.201766,8.74014,1.6925,16.1274,1.21697,25.1413,0.42336,36.966,0.42336,423.524,0,1.02816,0,0,9.7683,8.74014,1.028160,1,0,257.359,0,0,0,257.359,0
57.7315,2.36501,0,0,9.23599,0.25578,0.36288,3.6288,61.308,0.428076,0,0,2.67592,0.210024,2.03782,0.66528,12.849,1,0.590298,0.36288,0,152.849,4.16472,148.457,0.84672,12.849,0.84672,3695.15,0,36.966,0.258111,5.00299,1.69253,7.63899,1.14756,12.9288,0.42336,36.966,0.42336,423.524,0,1.02816,0,0,6.03115,5.00299,1.028160,1,0,163.424,0,0,0,163.424,0
62.4436,2.41745,0,0,7.75723,0.264795,0.36288,3.6288,61.308,0.428076,0,0,1.95887,0.237133,1.29366,0.66528,12.849,1,0.53804,0.36288,0,124.419,4.38702,119.856,0.84672,12.849,0.84672,3695.15,0,36.966,0.258111,1.83762,1.87833,6.94003,1.08468,9.31319,0.42336,36.966,0.42336,423.524,0,1.02816,0,0,2.86578,1.83762,1.028160,1,0,130.463,0,0,0,130.463,0
66.0498,2.52809,0,0,6.76471,0.267571,0.36288,3.6288,61.308,0.462636,0,0,2.08768,0.265914,1.35913,0.66528,12.849,1,0.520204,0.36288,0,113.665,4.84365,108.664,0.84672,12.849,0.84672,3695.15,0,36.966,0.278949,2.21422,1.87836,6.85863,1.10463,9.56763,0.42336,36.966,0.42336,423.524,0,1.02816,0,0,3.24238,2.21422,1.028160,1,0,119.591,0,0,0,119.591,0
67.6582,2.55277,0,0,4.79954,0.275483,0.36288,3.6288,61.308,0.462061,0,0,0.992667,0.265914,0.264692,0.66528,12.849,1,0.496604,0.36288,0,76.2437,4.84365,71.2663,0.84672,12.849,0.84672,3695.15,0,36.966,0.278602,1.00399,1.93855,3.50245,1.10463,5.06176,0.42336,36.966,0.42336,423.524,0,1.02816,0,0,2.03215,1.00399,1.028160,1,0,76.5928,0,0,0,76.5928,0
72.29,2.56278,0,0,10.5202,0.279012,3.04654,3.6288,61.308,0.462098,0,0,1.14096,0.265914,0.412952,0.66528,12.849,1,0.486699,3.04654,0,88.8486,4.84365,86.5648,0.84672,12.849,0.84672,3695.15,0,36.966,0.278624,1.02328,1.93805,5.12376,1.10463,6.70183,0.42336,36.966,0.42336,423.524,0,1.02816,0,0,2.05144,1.02328,1.028160,1,0,93.6796,0,0,0,93.6796,0
72.29,2.58935,0,0,7.63935,0.262268,4.78774,3.6288,61.308,0.462134,0,0,1.27094,0.284691,0.524119,0.66528,12.849,1,0.460237,4.78774,0,111.278,5.06766,110.538,0.84672,12.849,0.84672,3695.15,0,36.966,0.278647,1.45562,1.93811,5.37289,1.29642,7.19156,0.42336,36.966,0.42336,423.524,0,1.02816,0,0,2.48378,1.45562,1.028160,1,0,118.254,0,0,0,118.254,0
72.29,2.78576,0,0,4.79334,0.249755,1.75782,3.6288,61.308,0.567525,0,0,1.1619,0.249321,0.345053,0.66528,12.849,1,0.495148,1.75782,0,82.7116,4.11716,79.8571,0.84672,12.849,0.84672,3695.15,0,36.966,0.342192,0.84545,1.93818,3.65162,1.0441,5.04896,0.42336,36.966,0.42336,423.524,0,1.02816,0,0,1.87361,0.84545,1.028160,1,0,85.2511,0,0,0,85.2511,0
72.29,2.78586,0,0,3.97075,0.249755,0.935143,3.6288,61.308,0.567565,0,0,1.18496,0.249321,0.368072,0.66528,12.849,1,0.495165,0.935143,0,89.538,4.11716,85.8609,0.84672,12.849,0.84672,3695.15,0,36.966,0.342217,0.897705,2.11205,3.5151,1.0441,5.13854,0.42336,36.966,0.42336,423.524,0,1.02816,0,0,1.92586,0.897705,1.028160,1,0,91.3675,0,0,0,91.3675,0
72.29,2.78595,0,0,5.30819,0.249755,2.27249,3.6288,61.308,0.567606,0,0,1.26892,0.249321,0.451995,0.66528,12.849,1,0.495181,2.27249,0,88.1772,4.11716,85.8374,0.84672,12.849,0.84672,3695.15,0,36.966,0.342241,1.06711,2.11212,4.67064,1.0441,6.46353,0.42336,36.966,0.42336,423.524,0,1.02816,0,0,2.09527,1.06711,1.028160,1,0,92.7529,0,0,0,92.7529,0
72.29,2.78604,0,0,5.96157,0.279308,2.89621,3.6288,61.308,0.567646,0,0,1.47293,0.196226,0.709058,0.66528,12.849,1,0.495198,2.89621,0,105.932,3.20149,105.131,0.84672,12.849,0.84672,3695.15,0,36.966,0.342265,1.48715,2.11219,6.46184,0.872655,8.84626,0.42336,36.966,0.42336,423.524,0,1.02816,0,0,2.51531,1.48715,1.028160,1,0,114.686,0,0,0,114.686,0
72.29,2.48209,0,0,4.77626,0.302303,1.99187,3.6288,61.308,0.417934,0,0,0.851783,0.209264,0.224585,0.66528,12.849,1,0.441173,1.99187,0,72.6615,3.38698,70.8252,0.84672,12.849,0.84672,3695.15,0,36.966,0.251996,1.40504,2.11226,5.97789,1.00815,8.23504,0.42336,36.966,0.42336,423.524,0,1.02816,0,0,2.4332,1.40504,1.028160,1,0,79.2849,0,0,0,79.2849,0
72.29,2.46843,0,0,5.37576,0.302303,2.60503,3.6288,61.308,0.42807,0,0,1.24674,0.209264,0.60941,0.66528,12.849,1,0.438744,2.60503,0,98.5159,3.38698,97.2952,0.84672,12.849,0.84672,3695.15,0,36.966,0.258107,1.86182,1.85976,6.93451,1.00815,9.38983,0.42336,36.966,0.42336,423.524,0,1.02816,0,0,2.88998,1.86182,1.028160,1,0,107.294,0,0,0,107.294,0
72.29,2.46856,0,0,5.17443,0.302303,2.40357,3.6288,61.308,0.42807,0,0,1.16019,0.209264,0.522854,0.66528,12.849,1,0.438768,2.40357,0,100.531,3.38698,99.1085,0.84672,12.849,0.84672,3695.15,0,36.966,0.258107,1.43423,1.8693,5.6438,1.00815,7.68107,0.42336,36.966,0.42336,423.524,0,1.02816,0,0,2.46239,1.43423,1.028160,1,0,107.312,0,0,0,107.312,0
72.29,2.46869,0,0,5.12809,0.303791,2.35561,3.6288,61.308,0.42807,0,0,1.27542,0.208362,0.638988,0.66528,12.849,1,0.438791,2.35561,0,102.151,3.49116,100.576,0.84672,12.849,0.84672,3695.15,0,36.966,0.258107,1.73311,1.86933,6.1692,1.01395,8.49958,0.42336,36.966,0.42336,423.524,0,1.02816,0,0,2.76127,1.73311,1.028160,1,0,109.715,0,0,0,109.715,0
72.29,2.46882,0,0,6.00426,0.335287,3.20015,3.6288,61.308,0.42807,0,0,2.33318,0.141854,1.76326,0.66528,12.849,1,0.438814,3.20015,0,121.408,2.39571,121.773,0.84672,12.849,0.84672,3695.15,0,36.966,0.258107,3.66115,1.86936,8.77884,0.799098,13.2521,0.42336,36.966,0.42336,423.524,0,1.02816,0,0,4.68931,3.66115,1.028160,1,0,136.789,0,0,0,136.789,0
72.29,2.55966,0,0,5.32072,0.347093,2.41397,3.6288,61.308,0.470683,0,0,1.64659,0.115732,1.06017,0.66528,12.849,1,0.45496,2.41397,0,125.028,1.90197,125.085,0.84672,12.849,0.84672,3695.15,0,36.966,0.283801,2.94849,1.86939,7.65729,0.710065,11.4813,0.42336,36.966,0.42336,423.524,0,1.02816,0,0,3.97665,2.94849,1.028160,1,0,137.626,0,0,0,137.626,0
72.29,2.5733,0,0,4.71532,0.329237,1.81279,3.6288,61.308,0.460762,0,0,1.31559,0.125247,0.729578,0.66528,12.849,1,0.457384,1.81279,0,126.815,2.01831,126.152,0.84672,12.849,0.84672,3695.15,0,36.966,0.277819,2.4832,1.94221,7.51188,0.732966,10.9265,0.42336,36.966,0.42336,423.524,0,1.02816,0,0,3.51136,2.4832,1.028160,1,0,137.809,0,0,0,137.809,0
72.29,2.57338,0,0,4.40755,0.284597,1.54957,3.6288,61.308,0.460799,0,0,1.57421,0.149036,0.964374,0.66528,12.849,1,0.457399,1.54957,0,96.1883,2.30916,94.9713,0.84672,12.849,0.84672,3695.15,0,36.966,0.277841,2.84856,1.93293,7.5803,0.790217,11.2937,0.42336,36.966,0.42336,423.524,0,1.02816,0,0,3.87672,2.84856,1.028160,1,0,107.229,0,0,0,107.229,0
72.29,2.57347,0,0,3.60682,0.296177,0.737173,3.6288,61.308,0.460836,0,0,1.17959,0.137882,0.580875,0.66528,12.849,1,0.457415,0.737173,0,71.6342,2.58951,69.3245,0.84672,12.849,0.84672,3695.15,0,36.966,0.277863,1.7458,1.933,4.65628,0.786176,7.27103,0.42336,36.966,0.42336,423.524,0,1.02816,0,0,2.77396,1.7458,1.028160,1,0,77.1764,0,0,0,77.1764,0
72.29,2.53809,0,0,3.7118,0.275048,0.898663,3.6288,61.308,0.44432,0,0,1.32267,0.16248,0.715872,0.66528,12.849,1,0.451125,0.898663,0,67.3487,3.47295,64.3233,0.84672,12.849,0.84672,3695.15,0,36.966,0.267905,1.81494,1.93306,4.49318,0.923362,7.04992,0.42336,36.966,0.42336,423.524,0,1.02816,0,0,2.8431,1.81494,1.028160,1,0,72.0891,0,0,0,72.0891,0
72.29,2.53817,0,0,3.17916,0.24762,0.393367,3.6288,61.308,0.444356,0,0,1.31976,0.192082,0.683322,0.66528,12.849,1,0.451141,0.393367,0,56.3744,3.85518,52.4615,0.84672,12.849,0.84672,3695.15,0,36.966,0.267927,1.61621,1.9048,4.0771,1.03029,6.29988,0.42336,36.966,0.42336,423.524,0,1.02816,0,0,2.64437,1.61621,1.028160,1,0,59.4447,0,0,0,59.4447,0
72.1893,2.53826,0,0,3.04809,0.24762,0.36288,3.6288,61.308,0.444392,0,0,1.27922,0.192082,0.642747,0.66528,12.849,1,0.451156,0.36288,0,60.4134,3.85518,56.4699,0.84672,12.849,0.84672,3695.15,0,36.966,0.267949,1.71127,1.90486,4.041,1.03029,6.35889,0.42336,36.966,0.42336,423.524,0,1.02816,0,0,2.73943,1.71127,1.028160,1,0,63.4716,0,0,0,63.4716,0
71.8853,2.53781,0,0,2.84091,0.244267,0.36288,3.6288,61.308,0.444429,0,0,1.14608,0.196431,0.505219,0.66528,12.849,1,0.451705,0.36288,0,50.6019,3.88158,46.6315,0.84672,12.849,0.84672,3695.15,0,36.966,0.267971,1.25857,1.90493,3.6229,0.980633,5.53779,0.42336,36.966,0.42336,423.524,0,1.02816,0,0,2.28673,1.25857,1.028160,1,0,52.6745,0,0,0,52.6745,0
71.6805,2.65658,0,0,3.01274,0.19802,0.36288,3.6288,61.308,0.503174,0,0,1.23636,0.195499,0.537686,0.66528,12.849,1,0.474846,0.36288,0,51.9228,4.06759,47.7432,0.84672,12.849,0.84672,3695.15,0,36.966,0.303391,1.33928,1.90499,3.59905,0.923351,5.61658,0.42336,36.966,0.42336,423.524,0,1.02816,0,0,2.36744,1.33928,1.028160,1,0,53.8975,0,0,0,53.8975,0
71.0969,2.65552,0,0,2.63249,0.197711,0.36288,3.6288,61.308,0.503212,0,0,1.04436,0.195499,0.345649,0.66528,12.849,1,0.476012,0.36288,0,44.0146,4.06759,39.8339,0.84672,12.849,0.84672,3695.15,0,36.966,0.303414,0.96114,2.00434,3.14239,0.923351,4.8811,0.42336,36.966,0.42336,423.524,0,1.02816,0,0,1.9893,0.96114,1.028160,1,0,45.0606,0,0,0,45.0606,0
70.1686,2.6523,0,0,2.2837,0.196832,0.36288,3.6288,61.308,0.50325,0,0,0.966047,0.195499,0.267298,0.66528,12.849,1,0.479338,0.36288,0,40.8574,4.06759,36.6734,0.84672,12.849,0.84672,3695.15,0,36.966,0.303437,0.965019,2.00441,3.0942,0.923351,4.83684,0.42336,36.966,0.42336,423.524,0,1.02816,0,0,1.99318,0.965019,1.028160,1,0,41.7775,0,0,0,41.7775,0
69.0167,2.64703,0,0,2.05346,0.195433,0.36288,3.6288,61.308,0.503288,0,0,0.803209,0.195499,0.104422,0.66528,12.849,1,0.484714,0.36288,0,37.9837,4.06759,33.7943,0.84672,12.849,0.84672,3695.15,0,36.966,0.303461,0.68923,2.00447,2.92987,0.923351,4.39676,0.42336,36.966,0.42336,423.524,0,1.02816,0,0,1.71739,0.68923,1.028160,1,0,38.2954,0,0,0,38.2954,0
68.5854,2.6403,0,0,2.72906,0.157211,0.36288,3.6288,61.308,0.503327,0,0,0.876191,0.191409,0.181455,0.66528,12.849,1,0.49155,0.36288,0,46.8107,4.19772,42.4844,0.84672,12.849,0.84672,3695.15,0,36.966,0.303484,0.941924,2.00454,3.88771,0.995915,5.53477,0.42336,36.966,0.42336,423.524,0,1.02816,0,0,1.97008,0.941924,1.028160,1,0,48.2006,0,0,0,48.2006,0
68.2623,2.61416,0,0,2.79604,0.142137,0.36288,3.6288,61.308,0.535638,0,0,0.835237,0.189773,0.109827,0.66528,12.849,1,0.489744,0.36288,0,49.9841,4.24977,45.6075,0.84672,12.849,0.84672,3695.15,0,36.966,0.322966,0.731385,2.00461,4.03235,1.02494,5.42043,0.42336,36.966,0.42336,423.524,0,1.02816,0,0,1.75954,0.731385,1.028160,1,0,51.1378,0,0,0,51.1378,0
67.7148,2.61229,0,0,2.56022,0.132549,0.36288,3.6288,61.308,0.535677,0,0,0.794949,0.211711,0.0475607,0.66528,12.849,1,0.491712,0.36288,0,44.0797,4.53207,39.4188,0.84672,12.849,0.84672,3695.15,0,36.966,0.322989,0.659189,2.03938,3.91601,1.12798,5.16361,0.42336,36.966,0.42336,423.524,0,1.02816,0,0,1.68735,0.659189,1.028160,1,0,44.63,0,0,0,44.63,0
67.0509,2.60904,0,0,2.41705,0.109006,0.36288,3.6288,61.2476,0.535716,0,0,0.741856,0.266557,0,0.66528,12.849,1,0.49507,0.36288,0,39.2055,5.23782,33.8355,0.84672,12.849,0.84672,3695.15,0,36.966,0.323013,0.629692,2.03945,3.73538,1.3856,4.69592,0.42336,36.966,0.42336,423.524,0,1.02816,0,0,1.65785,0.629692,1.028160,1,0,38.5314,0,0,0,38.5314,0
66.1404,2.60501,0,0,2.16305,0.105588,0.36288,3.6288,61.124,0.535557,0,0,0.69101,0.279052,0,0.66528,12.849,1,0.4992,0.36288,0,37.6414,5.45532,32.0497,0.84672,12.849,0.84672,3695.15,0,36.966,0.323236,0.578578,2.03952,3.49469,1.42783,4.36173,0.42336,36.966,0.42336,423.524,0,1.02816,0,0,1.60674,0.578578,1.028160,1,0,36.4115,0,0,0,36.4115,0
65.1688,2.60738,0,0,2.09636,0.0977554,0.36288,3.6288,60.9071,0.540086,0,0,0.633476,0.310302,0,0.66528,12.849,1,0.506531,0.36288,0,33.6306,5.99907,27.4879,0.84672,12.849,0.84672,3695.15,0,36.966,0.326628,0.58892,2.03959,3.08124,1.5334,3.84972,0.42336,36.966,0.42336,423.524,0,1.02816,0,0,1.61708,0.58892,1.028160,1,0,31.3376,0,0,0,31.3376,0
64.0273,2.60115,0,0,1.91955,0.0969994,0.36288,3.6288,60.6445,0.539401,0,0,0.586727,0.309876,0,0.66528,12.849,1,0.512856,0.36288,0,31.9658,5.99907,25.8167,0.84672,12.849,0.84672,3695.15,0,36.966,0.327376,0.354154,2.04753,2.70838,1.5334,3.24928,0.42336,36.966,0.42336,423.524,0,1.02816,0,0,1.38231,0.354154,1.028160,1,0,29.066,0,0,0,29.066,0
63.012,2.59363,0,0,2.02811,0.0869234,0.36288,3.6288,60.465,0.53856,0,0,0.673549,0.314519,0,0.66528,12.849,1,0.520489,0.36288,0,31.3508,6.14862,25.0446,0.84672,12.849,0.84672,3695.15,0,36.966,0.328281,0.630625,2.04759,3.58284,1.56328,4.36949,0.42336,36.966,0.42336,423.524,0,1.02816,0,0,1.65878,0.630625,1.028160,1,0,29.4141,0,0,0,29.4141,0
62.0249,2.58675,0,0,2.04572,0.0831788,0.36288,3.6288,60.311,0.537995,0,0,0.659906,0.275863,0,0.66528,12.849,1,0.527473,0.36288,0,30.5823,6.15781,24.2599,0.84672,12.849,0.84672,3695.15,0,36.966,0.32891,0.67144,2.04766,3.50467,1.59525,4.29962,0.42336,36.966,0.42336,423.524,0,1.02816,0,0,1.6996,0.67144,1.028160,1,0,28.5595,0,0,0,28.5595,0
60.4278,2.75218,0,0,1.61037,0.0923815,0.36288,3.6288,59.9541,0.638673,0,0,0.56111,0.279398,0,0.66528,12.849,1,0.570138,0.36288,0,27.0058,6.08274,20.7158,0.84672,12.849,0.84672,3695.15,0,36.966,0.391457,0.605189,2.04773,2.97347,1.53904,3.6959,0.42336,36.966,0.42336,423.524,0,1.02816,0,0,1.63335,0.605189,1.028160,1,0,24.4117,0,0,0,24.4117,0
58.5964,2.73984,0,0,1.3648,0.0935347,0.36288,3.6288,59.5343,0.637274,0,0,0.496454,0.278968,0,0.66528,12.849,1,0.582583,0.36288,0,23.1694,6.05777,16.8919,0.84672,12.849,0.84672,3695.15,0,36.966,0.392925,0.499884,2.21284,2.84027,1.52718,3.63289,0.42336,36.966,0.42336,423.524,0,1.02816,0,0,1.52804,0.499884,1.028160,1,0,20.5248,0,0,0,20.5248,0
56.9454,2.725,0,0,1.52879,0.091916,0.36288,3.6288,59.1297,0.635607,0,0,0.509274,0.278222,0,0.66528,12.849,1,0.597537,0.36288,0,23.0304,6.05777,16.7379,0.84672,12.849,0.84672,3695.15,0,36.966,0.394661,0.542436,2.21291,3.04422,1.52718,3.87772,0.42336,36.966,0.42336,423.524,0,1.02816,0,0,1.5706,0.542436,1.028160,1,0,20.6157,0,0,0,20.6157,0
56.2099,2.71096,0,0,2.4467,0.108362,0.36288,3.6288,58.8484,0.633988,0,0,0.625899,0.27327,0,0.66528,12.849,1,0.611693,0.36288,0,38.2606,5.93902,32.0728,0.84672,12.849,0.84672,3695.15,0,36.966,0.396349,0.879949,2.21298,3.31846,1.51262,4.50243,0.42336,36.966,0.42336,423.524,0,1.02816,0,0,1.90811,0.879949,1.028160,1,0,36.5752,0,0,0,36.5752,0
56.6081,2.70453,0,0,3.57127,0.105637,0.36288,3.6288,58.9442,0.632866,0,0,1.00259,0.273883,0,0.66528,12.849,1,0.618228,0.36288,0,37.1102,5.63145,31.2234,0.84672,12.849,0.84672,3695.15,0,36.966,0.397539,1.15618,2.21306,4.26666,1.37071,5.86764,0.42336,36.966,0.42336,423.524,0,1.02816,0,0,2.18434,1.15618,1.028160,1,0,37.091,0,0,0,37.091,0
56.2267,2.62554,0,0,2.70912,0.102105,0.36288,3.6288,59.6072,0.572432,0,0,1.51589,0.28048,0,0.66528,12.849,1,0.595949,0.36288,0,34.1175,5.33389,28.5506,0.84672,12.849,0.84672,3695.15,0,36.966,0.358992,2.88312,2.21313,5.14938,1.27428,8.61236,0.42336,36.966,0.42336,423.524,0,1.02816,0,0,3.91128,2.88312,1.028160,1,0,37.1629,0,0,0,37.1629,0
55.4578,2.62233,0,0,2.31809,0.10172,0.36288,3.6288,59.5878,0.574937,0,0,0.837259,0.281674,0,0.66528,12.849,1,0.59926,0.36288,0,34.0841,5.33389,28.5138,0.84672,12.849,0.84672,3695.15,0,36.966,0.356553,1.15176,2.11768,3.83238,1.27428,5.47099,0.42336,36.966,0.42336,423.524,0,1.02816,0,0,2.17992,1.15176,1.028160,1,0,33.9848,0,0,0,33.9848,0
54.7798,2.61568,0,0,2.41852,0.117962,0.36288,3.6288,59.5523,0.574906,0,0,0.806034,0.266642,0,0.66528,12.849,1,0.606025,0.36288,0,32.7612,5.12627,27.3918,0.84672,12.849,0.84672,3695.15,0,36.966,0.35665,1.08502,2.11775,3.85664,1.20938,5.49338,0.42336,36.966,0.42336,423.524,0,1.02816,0,0,2.11318,1.08502,1.028160,1,0,32.8852,0,0,0,32.8852,0
56.1121,2.60969,0,0,4.52611,0.221242,0.36288,3.6288,60.4268,0.574815,0,0,1.63452,0.185279,0,0.66528,12.849,1,0.612121,0.36288,0,86.1698,3.96567,81.9549,0.84672,12.849,0.84672,3695.15,0,36.966,0.356806,1.7596,2.11782,9.59282,0.865529,12.2479,0.42336,36.966,0.42336,423.524,0,1.02816,0,0,2.78776,1.7596,1.028160,1,0,94.2028,0,0,0,94.2028,0
54.3956,2.55388,0,0,1.44061,0.240418,0.36288,3.6288,60.4913,0.522113,0,0,0.82523,0.238537,0,0.66528,12.849,1,0.584808,0.36288,0,32.5407,4.47678,27.842,0.84672,12.849,0.84672,3695.15,0,36.966,0.319402,0.740664,2.11789,4.54728,1.13873,5.9477,0.42336,36.966,0.42336,423.524,0,1.02816,0,0,1.76882,0.740664,1.028160,1,0,33.7897,0,0,0,33.7897,0
52.809,2.53904,0,0,1.55162,0.236319,0.36288,3.6288,60.2146,0.649692,0,0,0.611593,0.238635,0,0.66528,12.849,1,0.599756,0.36288,0,34.0358,4.47678,29.3222,0.84672,12.849,0.84672,3695.15,0,36.966,0.397024,0.216518,2.0327,4.15346,1.13873,4.86692,0.42336,36.966,0.42336,423.524,0,0.82302,0,0,1.03954,0.216518,1.028160,1,0,34.1891,0,0,0,34.1891,0
53.5416,2.52463,0,0,3.85264,0.232531,0.36288,3.6288,61.077,0.521493,0,0,1.62214,0.238215,0,0.66528,12.849,1,0.61427,0.36288,0,56.1995,4.47678,51.4713,0.84672,12.849,0.84672,3695.15,0,36.966,0.320147,1.84563,2.03277,6.35369,1.13873,8.77321,0.42336,36.966,0.42336,423.524,0,1.02816,0,0,2.87379,1.84563,1.028160,1,0,60.2445,0,0,0,60.2445,0
55.7753,2.53149,0,0,5.36236,0.23428,0.36288,3.6288,61.308,0.524348,0,0,2.24957,0.239523,1.25474,0.66528,12.849,1,0.607512,0.36288,0,84.8231,4.47678,80.1017,0.84672,12.849,0.84672,3695.15,0,36.966,0.317354,4.11513,2.03284,8.60533,1.13873,13.2972,0.42336,36.966,0.42336,423.524,0,1.02816,0,0,5.14329,4.11513,1.028160,1,0,94.6536,0,0,0,94.6536,0
55.5441,2.40683,0,0,2.78755,0.248997,0.36288,3.6288,61.308,0.429141,0,0,1.67315,0.226343,1.01767,0.66528,12.849,1,0.554464,0.36288,0,36.343,4.26903,31.8824,0.84672,12.849,0.84672,3695.15,0,36.966,0.258753,1.33026,2.0329,6.33539,0.938892,8.50091,0.42336,36.966,0.42336,423.524,0,1.02816,0,0,2.35842,1.33026,1.028160,1,0,41.401,0,0,0,41.401,0
54.3374,2.40504,0,0,1.8041,0.242921,0.36288,3.6288,61.308,0.429177,0,0,1.16805,0.22139,0.517479,0.66528,12.849,1,0.556356,0.36288,0,30.358,4.30605,25.8585,0.84672,12.849,0.84672,3695.15,0,36.966,0.258775,0.828922,1.88077,6.69409,0.930334,8.21467,0.42336,36.966,0.42336,423.524,0,1.02816,0,0,1.85708,0.828922,1.028160,1,0,34.5906,0,0,0,34.5906,0
55.7301,2.39512,0,0,4.39073,0.239992,0.36288,3.6288,61.308,0.429213,0,0,3.68734,0.22139,3.03673,0.66528,12.849,1,0.566368,0.36288,0,78.2914,4.30605,73.7818,0.84672,12.849,0.84672,3695.15,0,36.966,0.258796,4.15987,1.88083,9.62505,0.930334,14.4766,0.42336,36.966,0.42336,423.524,0,1.02816,0,0,5.18803,4.15987,1.028160,1,0,91.2952,0,0,0,91.2952,0
56.5615,2.40671,0,0,3.83789,0.236924,0.36288,3.6288,61.308,0.429248,0,0,1.3506,0.218426,0.702931,0.66528,12.849,1,0.554885,0.36288,0,49.2426,4.15425,44.8964,0.84672,12.849,0.84672,3695.15,0,36.966,0.258818,1.64113,1.8809,7.09362,0.905174,9.45166,0.42336,36.966,0.42336,423.524,0,1.02816,0,0,2.66929,1.64113,1.028160,1,0,55.051,0,0,0,55.051,0
57.7977,2.41343,0,0,4.22769,0.21519,0.36288,3.6288,61.308,0.429284,0,0,1.3651,0.205212,0.730606,0.66528,12.849,1,0.548257,0.36288,0,60.8599,3.63377,57.0408,0.84672,12.849,0.84672,3695.15,0,36.966,0.258839,2.13162,1.88096,8.32904,0.918452,11.1643,0.42336,36.966,0.42336,423.524,0,1.02816,0,0,3.15978,2.13162,1.028160,1,0,68.9357,0,0,0,68.9357,0
59.1832,2.49902,0,0,4.45522,0.207773,0.36288,3.6288,61.308,0.46394,0,0,1.41019,0.197475,0.74878,0.66528,12.849,1,0.555556,0.36288,0,86.1019,3.44578,82.4635,0.84672,12.849,0.84672,3695.15,0,36.966,0.279735,2.62178,1.88102,9.56483,1.02002,12.7679,0.42336,36.966,0.42336,423.524,0,1.02816,0,0,3.64994,2.62178,1.028160,1,0,95.9801,0,0,0,95.9801,0
60.0263,2.50977,0,0,3.95821,0.242443,0.36288,3.6288,61.308,0.463971,0,0,1.32364,0.200999,0.65867,0.66528,12.849,1,0.544885,0.36288,0,69.0181,3.64792,65.1881,0.84672,12.849,0.84672,3695.15,0,36.966,0.279754,2.1615,1.94135,8.5193,1.13312,11.2093,0.42336,36.966,0.42336,423.524,0,1.02816,0,0,3.18966,2.1615,1.028160,1,0,77.0561,0,0,0,77.0561,0
61.5608,2.51615,0,0,4.69133,0.277825,0.36288,3.6288,61.308,0.464002,0,0,1.66684,0.192714,1.01012,0.66528,12.849,1,0.538596,0.36288,0,76.7707,3.42983,73.1652,0.84672,12.849,0.84672,3695.15,0,36.966,0.279772,2.76023,1.9414,9.42831,0.921476,12.9287,0.42336,36.966,0.42336,423.524,0,1.02816,0,0,3.78839,2.76023,1.028160,1,0,87.104,0,0,0,87.104,0
63.3774,2.52732,0,0,4.98832,0.281487,0.36288,3.6288,61.308,0.464033,0,0,1.29641,0.192714,0.639668,0.66528,12.849,1,0.527504,0.36288,0,71.3941,3.42983,67.7996,0.84672,12.849,0.84672,3695.15,0,36.966,0.279791,2.71655,1.94146,6.58311,0.921476,10.0398,0.42336,36.966,0.42336,423.524,0,1.02816,0,0,3.74471,2.71655,1.028160,1,0,78.4791,0,0,0,78.4791,0
65.8647,2.73255,0,0,5.83274,0.250038,0.36288,3.6288,61.308,0.569598,0,0,2.193,0.249503,1.3739,0.66528,12.849,1,0.55399,0.36288,0,117.665,3.92857,113.545,0.84672,12.849,0.84672,3695.15,0,36.966,0.343442,4.02534,1.94151,14.2445,1.25496,18.613,0.42336,36.966,0.42336,423.524,0,1.02816,0,0,5.0535,4.02534,1.028160,1,0,133.532,0,0,0,133.532,0
67.9976,2.75013,0,0,5.50101,0.255099,0.36288,3.6288,61.308,0.569632,0,0,1.88075,0.249503,1.06161,0.66528,12.849,1,0.5365,0.36288,0,123.66,3.92857,119.558,0.84672,12.849,0.84672,3695.15,0,36.966,0.343463,3.63947,2.11567,12.4337,1.25496,16.5905,0.42336,36.966,0.42336,423.524,0,1.02816,0,0,4.66763,3.63947,1.028160,1,0,137.21,0,0,0,137.21,0
70.8011,2.76436,0,0,6.20112,0.270418,0.36288,3.6288,61.308,0.569665,0,0,1.85814,0.209927,1.07854,0.66528,12.849,1,0.52236,0.36288,0,118.803,3.56221,115.082,0.84672,12.849,0.84672,3695.15,0,36.966,0.343483,3.495,2.11573,12.2258,1.09289,16.4001,0.42336,36.966,0.42336,423.524,0,1.02816,0,0,4.52316,3.495,1.028160,1,0,132.56,0,0,0,132.56,0
72.1088,2.78195,0,0,4.75786,0.305352,0.36288,3.6288,61.308,0.569699,0,0,1.63652,0.220699,0.846121,0.66528,12.849,1,0.504868,0.36288,0,123.809,3.56801,120.099,0.84672,12.849,0.84672,3695.15,0,36.966,0.343503,3.05838,2.11579,10.9101,1.13248,14.6083,0.42336,36.966,0.42336,423.524,0,1.02816,0,0,4.08654,3.05838,1.028160,1,0,135.554,0,0,0,135.554,0
72.29,2.48535,0,0,8.38702,0.345738,5.37469,3.6288,61.308,0.419728,0,0,7.87545,0.226028,7.22969,0.66528,12.849,1,0.442862,5.37469,0,166.318,3.60129,167.649,0.84672,12.849,0.84672,3695.15,0,36.966,0.253077,6.42825,2.11585,19.7084,0.93949,27.06,0.42336,36.966,0.42336,423.524,0,1.02816,0,0,7.45641,6.42825,1.028160,1,0,201.938,0,0,0,201.938,0
72.29,2.47506,0,0,7.92616,0.346214,5.10489,3.6288,61.308,0.428064,0,0,6.90508,0.226028,6.25099,0.66528,12.849,1,0.439922,5.10489,0,172.67,3.60129,173.734,0.84672,12.849,0.84672,3695.15,0,36.966,0.258104,5.33311,1.86291,19.1432,0.93949,25.1416,0.42336,36.966,0.42336,423.524,0,1.02816,0,0,6.36127,5.33311,1.028160,1,0,205.127,0,0,0,205.127,0
72.29,2.47517,0,0,8.1642,0.312229,5.3768,3.6288,61.308,0.428064,0,0,6.25469,0.207979,5.61865,0.66528,12.849,1,0.439942,5.3768,0,189.341,3.3397,190.938,0.84672,12.849,0.84672,3695.15,0,36.966,0.258104,5.58719,1.87076,19.9045,0.901914,26.2024,0.42336,36.966,0.42336,423.524,0,1.02816,0,0,6.61535,5.58719,1.028160,1,0,222.76,0,0,0,222.76,0
72.29,2.47528,0,0,7.21604,0.310311,4.43045,3.6288,61.308,0.428064,0,0,5.56063,0.191382,4.94118,0.66528,12.849,1,0.439962,4.43045,0,165.431,3.36167,166.06,0.84672,12.849,0.84672,3695.15,0,36.966,0.258104,4.94605,1.87078,17.5567,0.901665,23.2137,0.42336,36.966,0.42336,423.524,0,1.02816,0,0,5.97421,4.94605,1.028160,1,0,194.215,0,0,0,194.215,0
72.29,2.47539,0,0,7.04782,0.311072,4.26136,3.6288,61.308,0.428064,0,0,6.30395,0.183626,5.69226,0.66528,12.849,1,0.439981,4.26136,0,158.559,4.03014,158.35,0.84672,12.849,0.84672,3695.15,0,36.966,0.258104,5.58804,1.87081,16.6431,0.95233,22.8916,0.42336,36.966,0.42336,423.524,0,1.02816,0,0,6.6162,5.58804,1.028160,1,0,186.934,0,0,0,186.934,0
72.29,2.56635,0,0,7.72718,0.287233,4.8736,3.6288,61.308,0.470748,0,0,7.69478,0.173609,7.05043,0.66528,12.849,1,0.45615,4.8736,0,149.18,4.32296,149.274,0.84672,12.849,0.84672,3695.15,0,36.966,0.28384,6.7176,1.87083,17.4638,0.962286,24.8061,0.42336,36.966,0.42336,423.524,0,1.02816,0,0,7.74576,6.7176,1.028160,1,0,181.131,0,0,0,181.131,0
72.29,2.57757,0,0,8.27254,0.275634,5.41934,3.6288,61.308,0.462592,0,0,7.36638,0.178829,6.72496,0.66528,12.849,1,0.458143,5.41934,0,320.35,4.39331,320.917,0.84672,12.849,0.84672,3695.15,0,36.966,0.278922,7.41182,1.94377,18.6338,0.97216,26.7383,0.42336,36.966,0.42336,423.524,0,1.02816,0,0,8.43998,7.41182,1.028160,1,0,354.381,0,0,0,354.381,0
72.29,2.57764,0,0,7.23462,0.206038,4.45094,3.6288,61.308,0.462623,0,0,7.07962,0.210148,6.40685,0.66528,12.849,1,0.458156,4.45094,0,171.835,4.81541,171.012,0.84672,12.849,0.84672,3695.15,0,36.966,0.278941,6.6706,1.93614,16.6134,1.03141,23.9098,0.42336,36.966,0.42336,423.524,0,1.02816,0,0,7.69876,6.6706,1.028160,1,0,201.329,0,0,0,201.329,0
72.29,2.57771,0,0,5.97618,0.192439,3.20603,3.6288,61.308,0.462654,0,0,5.12677,0.204409,4.45971,0.66528,12.849,1,0.458169,3.20603,0,127.068,4.62963,125.187,0.84672,12.849,0.84672,3695.15,0,36.966,0.27896,5.04337,1.9362,12.1745,1.02072,17.8544,0.42336,36.966,0.42336,423.524,0,1.02816,0,0,6.07153,5.04337,1.028160,1,0,147.501,0,0,0,147.501,0
72.29,2.54226,0,0,4.53323,0.202557,1.78841,3.6288,61.308,0.446104,0,0,1.9653,0.189669,1.32952,0.66528,12.849,1,0.451867,1.78841,0,93.8805,4.45908,90.758,0.84672,12.849,0.84672,3695.15,0,36.966,0.268981,2.18716,1.93625,7.91182,0.98082,10.7854,0.42336,36.966,0.42336,423.524,0,1.02816,0,0,3.21532,2.18716,1.028160,1,0,102.873,0,0,0,102.873,0
72.29,2.54233,0,0,4.03782,0.153656,1.34183,3.6288,61.308,0.446135,0,0,1.65817,0.208648,1.00339,0.66528,12.849,1,0.45188,1.34183,0,83.3579,4.6997,79.5481,0.84672,12.849,0.84672,3695.15,0,36.966,0.269,2.27927,1.90793,7.16541,0.988396,10.0952,0.42336,36.966,0.42336,423.524,0,1.02816,0,0,3.30743,2.27927,1.028160,1,0,90.6467,0,0,0,90.6467,0
72.29,2.5424,0,0,3.82797,0.153656,1.13191,3.6288,61.308,0.446165,0,0,1.59243,0.208648,0.937616,0.66528,12.849,1,0.451892,1.13191,0,78.1851,4.6997,74.1654,0.84672,12.849,0.84672,3695.15,0,36.966,0.269018,2.16379,1.90798,6.72166,0.988396,9.53602,0.42336,36.966,0.42336,423.524,0,1.02816,0,0,3.19195,2.16379,1.028160,1,0,84.6391,0,0,0,84.6391,0
72.29,2.54247,0,0,3.54844,0.153656,0.852312,3.6288,61.308,0.446196,0,0,1.84169,0.208648,1.18684,0.66528,12.849,1,0.451905,0.852312,0,71.3405,4.6997,67.0412,0.84672,12.849,0.84672,3695.15,0,36.966,0.269036,2.60487,1.90804,7.36214,0.988396,10.6176,0.42336,36.966,0.42336,423.524,0,1.02816,0,0,3.63303,2.60487,1.028160,1,0,78.8457,0,0,0,78.8457,0
72.29,2.66315,0,0,3.72238,0.129365,0.929861,3.6288,61.308,0.50503,0,0,1.51835,0.172963,0.840357,0.66528,12.849,1,0.473355,0.929861,0,65.7288,4.08418,62.1011,0.84672,12.849,0.84672,3695.15,0,36.966,0.304511,2.01122,1.90809,6.7993,0.876727,9.53737,0.42336,36.966,0.42336,423.524,0,1.02816,0,0,3.03938,2.01122,1.028160,1,0,72.4788,0,0,0,72.4788,0
72.29,2.66323,0,0,3.42121,0.125317,0.632662,3.6288,61.308,0.505062,0,0,1.20013,0.167016,0.528053,0.66528,12.849,1,0.473369,0.632662,0,61.1372,3.9816,57.3149,0.84672,12.849,0.84672,3695.15,0,36.966,0.30453,1.51381,2.00759,6.27371,0.858115,8.63247,0.42336,36.966,0.42336,423.524,0,1.02816,0,0,2.54197,1.51381,1.028160,1,0,66.4754,0,0,0,66.4754,0
72.29,2.6633,0,0,3.1486,0.106316,0.378979,3.6288,61.308,0.505094,0,0,1.1914,0.186772,0.49953,0.66528,12.849,1,0.473382,0.378979,0,57.1733,4.37286,52.706,0.84672,12.849,0.84672,3695.15,0,36.966,0.304549,1.58369,2.00765,6.18242,0.964886,8.50433,0.42336,36.966,0.42336,423.524,0,1.02816,0,0,2.61185,1.58369,1.028160,1,0,61.7099,0,0,0,61.7099,0
72.1525,2.66338,0,0,2.98083,0.0920654,0.36288,3.6288,61.308,0.505126,0,0,1.0516,0.201589,0.344885,0.66528,12.849,1,0.473395,0.36288,0,56.3036,4.66631,51.5268,0.84672,12.849,0.84672,3695.15,0,36.966,0.304569,1.25443,2.0077,5.7431,1.04496,7.6557,0.42336,36.966,0.42336,423.524,0,1.02816,0,0,2.28259,1.25443,1.028160,1,0,59.5274,0,0,0,59.5274,0
71.9458,2.66269,0,0,2.94805,0.129169,0.36288,3.6288,61.308,0.505159,0,0,0.88293,0.214229,0.163543,0.66528,12.849,1,0.474174,0.36288,0,49.3054,4.94885,44.2452,0.84672,12.849,0.84672,3695.15,0,36.966,0.304588,1.00101,2.00776,5.0174,1.08965,6.63194,0.42336,36.966,0.42336,423.524,0,1.02816,0,0,2.02917,1.00101,1.028160,1,0,51.0407,0,0,0,51.0407,0
71.8015,2.63777,0,0,2.93554,0.0792559,0.36288,3.6288,61.2827,0.537515,0,0,0.764934,0.252765,0,0.66528,12.849,1,0.471086,0.36288,0,44.8984,5.38513,39.405,0.84672,12.849,0.84672,3695.15,0,36.966,0.324097,0.740932,2.00781,4.80216,1.18981,6.037,0.42336,36.966,0.42336,423.524,0,1.02816,0,0,1.76909,0.740932,1.028160,1,0,45.442,0,0,0,45.442,0
71.4321,2.63704,0,0,2.70981,0.0792351,0.36288,3.6288,61.2494,0.537464,0,0,0.756959,0.252725,0,0.66528,12.849,1,0.471902,0.36288,0,41.0531,5.38513,35.559,0.84672,12.849,0.84672,3695.15,0,36.966,0.324201,0.703866,2.04264,4.40588,1.18981,5.63837,0.42336,36.966,0.42336,423.524,0,1.02816,0,0,1.73203,0.703866,1.028160,1,0,41.1973,0,0,0,41.1973,0
70.888,2.63504,0,0,2.53278,0.0789462,0.36288,3.6288,61.2209,0.537387,0,0,0.76153,0.252671,0,0.66528,12.849,1,0.473984,0.36288,0,38.1686,5.38513,32.6723,0.84672,12.849,0.84672,3695.15,0,36.966,0.324331,0.781186,2.04269,4.25887,1.18981,5.56861,0.42336,36.966,0.42336,423.524,0,1.02816,0,0,1.80935,0.781186,1.028160,1,0,38.241,0,0,0,38.241,0
70.315,2.63204,0,0,2.49617,0.0743376,0.36288,3.6288,61.1158,0.537326,0,0,0.71204,0.279781,0,0.66528,12.849,1,0.477077,0.36288,0,36.0285,5.65694,30.2574,0.84672,12.849,0.84672,3695.15,0,36.966,0.324445,0.699823,2.04275,4.09331,1.28444,5.227,0.42336,36.966,0.42336,423.524,0,1.02816,0,0,1.72798,0.699823,1.028160,1,0,35.4844,0,0,0,35.4844,0
69.862,2.63694,0,0,2.6135,0.0666436,0.36288,3.6288,60.9151,0.541916,0,0,0.639749,0.298608,0,0.66528,12.849,1,0.481861,0.36288,0,35.4973,5.47491,29.9034,0.84672,12.849,0.84672,3695.15,0,36.966,0.327779,0.649875,2.04281,3.94757,1.4173,4.89517,0.42336,36.966,0.42336,423.524,0,1.02816,0,0,1.67803,0.649875,1.028160,1,0,34.7986,0,0,0,34.7986,0
69.2452,2.63438,0,0,2.44687,0.0664111,0.36288,3.6288,60.6925,0.541277,0,0,0.616916,0.298229,0,0.66528,12.849,1,0.484514,0.36288,0,33.298,5.47491,27.7015,0.84672,12.849,0.84672,3695.15,0,36.966,0.328471,0.661798,2.05075,4.08313,1.4173,5.04989,0.42336,36.966,0.42336,423.524,0,1.02816,0,0,1.68996,0.661798,1.028160,1,0,32.7514,0,0,0,32.7514,0
68.3489,2.63081,0,0,2.16347,0.0660945,0.36288,3.6288,60.4349,0.540561,0,0,0.580766,0.297808,0,0.66528,12.849,1,0.488168,0.36288,0,31.4545,5.47491,25.8543,0.84672,12.849,0.84672,3695.15,0,36.966,0.32924,0.486717,2.0508,3.83049,1.4173,4.62147,0.42336,36.966,0.42336,423.524,0,1.02816,0,0,1.51488,0.486717,1.028160,1,0,30.4758,0,0,0,30.4758,0
67.2594,2.6255,0,0,1.95505,0.0561248,0.36288,3.6288,60.1677,0.539723,0,0,0.575023,0.302472,0,0.66528,12.849,1,0.49357,0.36288,0,29.8166,5.62446,24.0615,0.84672,12.849,0.84672,3695.15,0,36.966,0.330131,0.441513,2.05086,3.82199,1.44718,4.53705,0.42336,36.966,0.42336,423.524,0,1.02816,0,0,1.46967,0.441513,1.028160,1,0,28.5985,0,0,0,28.5985,0
65.4488,2.79376,0,0,1.41977,0.0737777,0.36288,3.6288,59.7628,0.640073,0,0,0.524786,0.289584,0,0.66528,12.849,1,0.53371,0.36288,0,23.4822,5.50042,17.811,0.84672,12.849,0.84672,3695.15,0,36.966,0.39325,0.632025,2.05092,3.35585,1.43872,4.20682,0.42336,36.966,0.42336,423.524,0,1.02816,0,0,1.66018,0.632025,1.028160,1,0,22.0178,0,0,0,22.0178,0
63.5284,2.78149,0,0,1.30775,0.0837873,0.36288,3.6288,59.3179,0.638463,0,0,0.476887,0.283338,0,0.66528,12.849,1,0.546067,0.36288,0,18.9864,5.38146,13.4218,0.84672,12.849,0.84672,3695.15,0,36.966,0.394918,0.619721,2.21627,3.2032,1.44706,4.19722,0.42336,36.966,0.42336,423.524,0,1.02816,0,0,1.64788,0.619721,1.028160,1,0,17.619,0,0,0,17.619,0
62.1211,2.76784,0,0,1.80595,0.0824995,0.36288,3.6288,58.9268,0.636673,0,0,0.528138,0.282533,0,0.66528,12.849,1,0.559813,0.36288,0,20.3655,5.38146,14.7871,0.84672,12.849,0.84672,3695.15,0,36.966,0.396765,0.841942,2.21633,3.57085,1.44706,4.7853,0.42336,36.966,0.42336,423.524,0,1.02816,0,0,1.8701,0.841942,1.028160,1,0,19.5724,0,0,0,19.5724,0
61.5227,2.75741,0,0,2.62932,0.10747,0.36288,3.6288,58.7202,0.635091,0,0,0.70302,0.274566,0,0.66528,12.849,1,0.570337,0.36288,0,33.984,5.24154,28.535,0.84672,12.849,0.84672,3695.15,0,36.966,0.398405,1.07578,2.21639,3.97101,1.42469,5.44009,0.42336,36.966,0.42336,423.524,0,1.02816,0,0,2.10394,1.07578,1.028160,1,0,33.9751,0,0,0,33.9751,0
60.8246,2.7529,0,0,2.51993,0.102244,0.36288,3.6288,58.547,0.634266,0,0,0.751136,0.290103,0,0.66528,12.849,1,0.574943,0.36288,0,50.7892,5.46755,45.1096,0.84672,12.849,0.84672,3695.15,0,36.966,0.399288,1.18999,2.21646,4.98213,1.46295,6.52634,0.42336,36.966,0.42336,423.524,0,1.02816,0,0,2.21815,1.18999,1.028160,1,0,51.6359,0,0,0,51.6359,0
60.4092,2.6637,0,0,2.74568,0.134508,0.36288,3.6288,58.5675,0.572769,0,0,0.892668,0.299366,0,0.66528,12.849,1,0.562698,0.36288,0,54.4544,5.3373,48.9173,0.84672,12.849,0.84672,3695.15,0,36.966,0.361641,1.58644,2.21652,7.25053,1.46605,9.2258,0.42336,36.966,0.42336,423.524,0,1.02816,0,0,2.6146,1.58644,1.028160,1,0,58.1431,0,0,0,58.1431,0
60.8342,2.66058,0,0,3.61877,0.170314,0.36288,3.6288,58.6608,0.572881,0,0,0.938477,0.272281,0,0.66528,12.849,1,0.565904,0.36288,0,55.0711,5.11644,49.7516,0.84672,12.849,0.84672,3695.15,0,36.966,0.361585,1.77104,2.12091,5.83153,1.39019,7.9717,0.42336,36.966,0.42336,423.524,0,1.02816,0,0,2.7992,1.77104,1.028160,1,0,57.7233,0,0,0,57.7233,0
62.8007,2.66392,0,0,5.16424,0.170918,0.36288,3.6288,59.3597,0.573267,0,0,1.54461,0.272444,0,0.66528,12.849,1,0.562656,0.36288,0,101.862,5.11644,96.5459,0.84672,12.849,0.84672,3695.15,0,36.966,0.361253,3.69795,2.12097,10.9324,1.39019,14.9998,0.42336,36.966,0.42336,423.524,0,1.02816,0,0,4.72611,3.69795,1.028160,1,0,111.546,0,0,0,111.546,0
63.9026,2.67862,0,0,4.33382,0.190376,0.36288,3.6288,59.6951,0.575922,0,0,1.17943,0.268067,0,0.66528,12.849,1,0.548045,0.36288,0,136.361,5.10343,131.072,0.84672,12.849,0.84672,3695.15,0,36.966,0.358653,2.55118,2.12103,7.20729,1.39603,10.1248,0.42336,36.966,0.42336,423.524,0,1.02816,0,0,3.57934,2.55118,1.028160,1,0,141.197,0,0,0,141.197,0
63.9764,2.61716,0,0,3.34069,0.28685,0.36288,3.6288,60.7085,0.52143,0,0,1.8144,0.279658,0,0.66528,12.849,1,0.526237,0.36288,0,145.406,4.61937,140.624,0.84672,12.849,0.84672,3695.15,0,36.966,0.322893,2.7003,2.12109,11.8665,1.25787,15.1071,0.42336,36.966,0.42336,423.524,0,1.02816,0,0,3.72846,2.7003,1.028160,1,0,155.731,0,0,0,155.731,0
64.2639,2.61774,0,0,3.55517,0.287021,0.36288,3.6288,61.308,0.524812,0,0,1.42178,0.281468,0.015961,0.66528,12.849,1,0.525747,0.36288,0,53.6939,4.61937,48.9116,0.84672,12.849,0.84672,3695.15,0,36.966,0.319563,2.53951,2.03575,8.79189,1.25787,11.7897,0.42336,36.966,0.42336,423.524,0,1.02816,0,0,3.56767,2.53951,1.028160,1,0,60.7173,0,0,0,60.7173,0
64.3776,2.61978,0,0,3.38396,0.28769,0.36288,3.6288,61.308,0.526794,0,0,1.9917,0.282539,1.18237,0.66528,12.849,1,0.523801,0.36288,0,61.0549,4.61937,56.2746,0.84672,12.849,0.84672,3695.15,0,36.966,0.317634,4.18424,2.03581,10.6561,1.25787,15.3007,0.42336,36.966,0.42336,423.524,0,1.02816,0,0,5.2124,4.18424,1.028160,1,0,72.7577,0,0,0,72.7577,0
64.553,2.62062,0,0,3.45126,0.292336,0.36288,3.6288,61.308,0.526827,0,0,1.5485,0.270268,0.751401,0.66528,12.849,1,0.523045,0.36288,0,71.7206,4.65147,66.909,0.84672,12.849,0.84672,3695.15,0,36.966,0.317653,2.43607,2.03587,10.1669,1.21806,13.1031,0.42336,36.966,0.42336,423.524,0,1.02816,0,0,3.46423,2.43607,1.028160,1,0,80.7635,0,0,0,80.7635,0
63.2809,2.47336,0,0,1.84497,0.28075,0.36288,3.6288,61.308,0.430726,0,0,1.08117,0.236613,0.413828,0.66528,12.849,1,0.492313,0.36288,0,46.1495,4.57707,41.443,0.84672,12.849,0.84672,3695.15,0,36.966,0.259708,1.24076,2.03592,5.19677,1.09671,7.11704,0.42336,36.966,0.42336,423.524,0,1.02816,0,0,2.26892,1.24076,1.028160,1,0,48.9739,0,0,0,48.9739,0
61.6041,2.46521,0,0,1.42,0.268777,0.36288,3.6288,61.308,0.430756,0,0,1.14701,0.235422,0.480834,0.66528,12.849,1,0.500553,0.36288,0,76.3931,4.51521,71.7402,0.84672,12.849,0.84672,3695.15,0,36.966,0.259727,1.35159,1.88355,5.43211,1.08797,7.31955,0.42336,36.966,0.42336,423.524,0,1.02816,0,0,2.37975,1.35159,1.028160,1,0,79.5406,0,0,0,79.5406,0
60.8592,2.454,0,0,2.33544,0.263475,0.36288,3.6288,61.308,0.430786,0,0,1.43416,0.24244,0.760937,0.66528,12.849,1,0.511841,0.36288,0,132.316,4.5411,127.626,0.84672,12.849,0.84672,3695.15,0,36.966,0.259745,2.2092,1.88361,7.62837,1.10795,10.3535,0.42336,36.966,0.42336,423.524,0,1.02816,0,0,3.23736,2.2092,1.028160,1,0,138.741,0,0,0,138.741,0
62.5851,2.4489,0,0,4.79646,0.258779,0.36288,3.6288,61.308,0.430816,0,0,2.83725,0.249165,2.15727,0.66528,12.849,1,0.517028,0.36288,0,191.509,4.30596,187.049,0.84672,12.849,0.84672,3695.15,0,36.966,0.259763,8.19107,1.88366,16.4026,1.15631,25.0613,0.42336,36.966,0.42336,423.524,0,1.02816,0,0,9.21923,8.19107,1.028160,1,0,214.267,0,0,0,214.267,0
63.1872,2.4608,0,0,3.69282,0.267053,0.36288,3.6288,61.308,0.430846,0,0,1.64633,0.21864,0.99684,0.66528,12.849,1,0.505213,0.36288,0,122.723,4.07769,118.503,0.84672,12.849,0.84672,3695.15,0,36.966,0.259781,3.85894,1.88371,9.49847,1.0646,13.9167,0.42336,36.966,0.42336,423.524,0,1.02816,0,0,4.8871,3.85894,1.028160,1,0,133.417,0,0,0,133.417,0
65.5107,2.54208,0,0,5.53126,0.302775,0.36288,3.6288,61.308,0.465546,0,0,1.46532,0.20634,0.793432,0.66528,12.849,1,0.516928,0.36288,0,130.367,4.86354,125.35,0.84672,12.849,0.84672,3695.15,0,36.966,0.280703,2.9548,1.88376,9.21301,1.04461,12.7263,0.42336,36.966,0.42336,423.524,0,1.02816,0,0,3.98296,2.9548,1.028160,1,0,138.869,0,0,0,138.869,0
68.7367,2.55747,0,0,6.44996,0.303618,0.36288,3.6288,61.308,0.465571,0,0,1.67784,0.189911,1.02236,0.66528,12.849,1,0.501611,0.36288,0,152.274,4.57734,147.558,0.84672,12.849,0.84672,3695.15,0,36.966,0.280718,3.78303,1.94417,10.4273,1.00773,14.866,0.42336,36.966,0.42336,423.524,0,1.02816,0,0,4.81119,3.78303,1.028160,1,0,163.446,0,0,0,163.446,0
72.29,2.57736,0,0,7.3276,0.303481,0.89343,3.6288,61.308,0.465596,0,0,2.44814,0.18371,1.79883,0.66528,12.849,1,0.481788,0.89343,0,107.11,4.36296,103.159,0.84672,12.849,0.84672,3695.15,0,36.966,0.280733,5.15531,1.94421,12.2174,0.980952,18.0552,0.42336,36.966,0.42336,423.524,0,1.02816,0,0,6.18347,5.15531,1.028160,1,0,123.013,0,0,0,123.013,0
72.29,2.59753,0,0,6.26911,0.31189,3.3597,3.6288,61.308,0.465621,0,0,1.7078,0.18371,1.05847,0.66528,12.849,1,0.46169,3.3597,0,119.697,4.36296,118.232,0.84672,12.849,0.84672,3695.15,0,36.966,0.280748,3.65845,1.94425,11.5862,0.980952,15.9272,0.42336,36.966,0.42336,423.524,0,1.02816,0,0,4.68661,3.65845,1.028160,1,0,135.218,0,0,0,135.218,0
72.29,2.79453,0,0,4.96283,0.327444,1.84086,3.6288,61.308,0.57133,0,0,1.26758,0.204052,0.4922,0.66528,12.849,1,0.496707,1.84086,0,94.8905,4.52118,91.7135,0.84672,12.849,0.84672,3695.15,0,36.966,0.344487,2.17422,1.9443,8.53874,1.06446,11.2483,0.42336,36.966,0.42336,423.524,0,1.02816,0,0,3.20238,2.17422,1.028160,1,0,103.454,0,0,0,103.454,0
72.29,2.7946,0,0,6.04799,0.330036,2.92336,3.6288,61.308,0.571358,0,0,1.56432,0.207443,0.785523,0.66528,12.849,1,0.496718,2.92336,0,124.718,4.54755,122.597,0.84672,12.849,0.84672,3695.15,0,36.966,0.344503,1.9718,2.1187,11.0062,1.07838,13.6738,0.42336,36.966,0.42336,423.524,0,1.02816,0,0,2.99996,1.9718,1.028160,1,0,137.057,0,0,0,137.057,0
72.29,2.79466,0,0,4.16461,0.330036,1.03991,3.6288,61.308,0.571385,0,0,1.22079,0.207443,0.441961,0.66528,12.849,1,0.496729,1.03991,0,75.892,4.54755,71.8877,0.84672,12.849,0.84672,3695.15,0,36.966,0.34452,1.70189,2.11874,8.09516,1.07838,10.4929,0.42336,36.966,0.42336,423.524,0,1.02816,0,0,2.73005,1.70189,1.028160,1,0,82.8225,0,0,0,82.8225,0
72.29,2.79472,0,0,4.80028,0.297769,1.70779,3.6288,61.308,0.571412,0,0,1.30232,0.134949,0.595954,0.66528,12.849,1,0.496741,1.70779,0,79.9857,3.91702,77.2797,0.84672,12.849,0.84672,3695.15,0,36.966,0.344536,1.84389,2.11879,8.87717,0.823799,11.6715,0.42336,36.966,0.42336,423.524,0,1.02816,0,0,2.87205,1.84389,1.028160,1,0,89.5472,0,0,0,89.5472,0
72.29,2.48979,0,0,3.49124,0.32938,0.672068,3.6288,61.308,0.421223,0,0,1.09754,0.200452,0.475865,0.66528,12.849,1,0.442542,0.672068,0,94.5492,4.08417,90.6946,0.84672,12.849,0.84672,3695.15,0,36.966,0.253978,1.08841,2.11884,6.02078,0.995856,7.97819,0.42336,36.966,0.42336,423.524,0,1.02816,0,0,2.11657,1.08841,1.028160,1,0,99.1487,0,0,0,99.1487,0
72.29,2.48058,0,0,4.80974,0.337901,1.99126,3.6288,61.308,0.428058,0,0,1.29847,0.203694,0.666719,0.66528,12.849,1,0.440904,1.99126,0,133.758,4.01005,131.299,0.84672,12.849,0.84672,3695.15,0,36.966,0.2581,1.39882,1.86554,6.65101,1.00282,8.65445,0.42336,36.966,0.42336,423.524,0,1.02816,0,0,2.42698,1.39882,1.028160,1,0,140.62,0,0,0,140.62,0
72.29,2.48067,0,0,5.33618,0.337901,2.51761,3.6288,61.308,0.428058,0,0,1.85443,0.203694,1.22268,0.66528,12.849,1,0.44092,2.51761,0,141.373,4.01005,139.439,0.84672,12.849,0.84672,3695.15,0,36.966,0.2581,2.2937,1.87197,14.8967,1.00282,17.8014,0.42336,36.966,0.42336,423.524,0,1.02816,0,0,3.32186,2.2937,1.028160,1,0,158.464,0,0,0,158.464,0
72.29,2.48076,0,0,5.5611,0.337901,2.74244,3.6288,61.308,0.428058,0,0,1.8405,0.203694,1.20875,0.66528,12.849,1,0.440936,2.74244,0,109.425,4.01005,107.716,0.84672,12.849,0.84672,3695.15,0,36.966,0.2581,2.60242,1.87199,11.9829,1.00282,15.1964,0.42336,36.966,0.42336,423.524,0,1.02816,0,0,3.63058,2.60242,1.028160,1,0,124.121,0,0,0,124.121,0
72.29,2.48085,0,0,6.37433,0.318504,3.57498,3.6288,61.308,0.428058,0,0,2.29872,0.157562,1.7131,0.66528,12.849,1,0.440951,3.57498,0,156.743,2.89104,156.986,0.84672,12.849,0.84672,3695.15,0,36.966,0.2581,4.42434,1.87201,18.3502,0.851579,23.5368,0.42336,36.966,0.42336,423.524,0,1.02816,0,0,5.4525,4.42434,1.028160,1,0,182.235,0,0,0,182.235,0
72.29,2.57192,0,0,6.2232,0.350142,3.30114,3.6288,61.308,0.470802,0,0,2.49473,0.168328,1.8556,0.66528,12.849,1,0.457139,3.30114,0,199.738,2.8204,199.761,0.84672,12.849,0.84672,3695.15,0,36.966,0.283872,4.47179,1.87203,18.2563,0.939408,23.3769,0.42336,36.966,0.42336,423.524,0,1.02816,0,0,5.49995,4.47179,1.028160,1,0,224.994,0,0,0,224.994,0
72.29,2.58111,0,0,4.9505,0.308709,2.06067,3.6288,61.308,0.46411,0,0,2.07681,0.159019,1.45368,0.66528,12.849,1,0.458774,2.06067,0,136.416,3.23704,134.781,0.84672,12.849,0.84672,3695.15,0,36.966,0.279838,3.81561,1.94506,12.5966,1.02032,17.0571,0.42336,36.966,0.42336,423.524,0,1.02816,0,0,4.84377,3.81561,1.028160,1,0,153.292,0,0,0,153.292,0
72.29,2.58117,0,0,3.74299,0.308709,0.853104,3.6288,61.308,0.464135,0,0,1.64693,0.159019,1.02378,0.66528,12.849,1,0.458784,0.853104,0,114.82,3.23704,111.978,0.84672,12.849,0.84672,3695.15,0,36.966,0.279853,3.25807,1.93881,10.2034,1.02032,14.1001,0.42336,36.966,0.42336,423.524,0,1.02816,0,0,4.28623,3.25807,1.028160,1,0,127.102,0,0,0,127.102,0
72.29,2.58123,0,0,3.61414,0.301954,0.730952,3.6288,61.308,0.46416,0,0,1.97251,0.163169,1.34518,0.66528,12.849,1,0.458794,0.730952,0,112.146,3.319,109.099,0.84672,12.849,0.84672,3695.15,0,36.966,0.279868,3.39495,1.93885,14.2161,1.03049,18.2395,0.42336,36.966,0.42336,423.524,0,1.02816,0,0,4.42311,3.39495,1.028160,1,0,128.684,0,0,0,128.684,0
72.29,2.54571,0,0,3.5263,0.261425,0.719166,3.6288,61.308,0.447583,0,0,1.05806,0.188065,0.422416,0.66528,12.849,1,0.452481,0.719166,0,90.9662,3.81077,87.4222,0.84672,12.849,0.84672,3695.15,0,36.966,0.269872,1.85102,1.93889,8.92045,1.09148,11.349,0.42336,36.966,0.42336,423.524,0,1.02816,0,0,2.87918,1.85102,1.028160,1,0,99.1936,0,0,0,99.1936,0
72.001,2.54577,0,0,2.88111,0.261425,0.36288,3.6288,61.308,0.447607,0,0,0.90739,0.188065,0.271718,0.66528,12.849,1,0.452491,0.36288,0,68.7053,3.81077,64.8049,0.84672,12.849,0.84672,3695.15,0,36.966,0.269887,1.43518,1.91052,5.99628,1.09148,7.98062,0.42336,36.966,0.42336,423.524,0,1.02816,0,0,2.46334,1.43518,1.028160,1,0,73.0572,0,0,0,73.0572,0
71.3757,2.54429,0,0,2.54271,0.260851,0.36288,3.6288,61.308,0.447632,0,0,0.849061,0.188065,0.213365,0.66528,12.849,1,0.454043,0.36288,0,59.8849,3.81077,55.9829,0.84672,12.849,0.84672,3695.15,0,36.966,0.269902,1.12715,1.91057,5.29866,1.09148,6.97499,0.42336,36.966,0.42336,423.524,0,1.02816,0,0,2.15531,1.12715,1.028160,1,0,63.1713,0,0,0,63.1713,0
70.5034,2.54097,0,0,2.29118,0.259611,0.36288,3.6288,61.308,0.447656,0,0,0.752466,0.188065,0.116745,0.66528,12.849,1,0.457424,0.36288,0,52.2752,3.81077,48.3699,0.84672,12.849,0.84672,3695.15,0,36.966,0.269917,0.908695,1.91061,4.78495,1.09148,6.24286,0.42336,36.966,0.42336,423.524,0,1.02816,0,0,1.93685,0.908695,1.028160,1,0,54.7295,0,0,0,54.7295,0
69.5228,2.65655,0,0,2.26085,0.22205,0.36288,3.6288,61.308,0.506563,0,0,0.744716,0.188502,0.0496516,0.66528,12.849,1,0.484148,0.36288,0,45.7193,4.06021,41.5379,0.84672,12.849,0.84672,3695.15,0,36.966,0.305435,0.763076,1.91065,4.95048,1.03843,6.28034,0.42336,36.966,0.42336,423.524,0,1.02816,0,0,1.79124,0.763076,1.028160,1,0,47.8678,0,0,0,47.8678,0
68.6396,2.65085,0,0,2.30767,0.177155,0.36288,3.6288,61.308,0.506589,0,0,0.86133,0.207216,0.147525,0.66528,12.849,1,0.489922,0.36288,0,44.9658,4.59975,40.239,0.84672,12.849,0.84672,3695.15,0,36.966,0.30545,1.19827,2.01027,5.88376,1.11277,7.67408,0.42336,36.966,0.42336,423.524,0,1.02816,0,0,2.22643,1.19827,1.028160,1,0,48.0606,0,0,0,48.0606,0
67.6147,2.6456,0,0,2.0979,0.114353,0.36288,3.6288,61.3025,0.506615,0,0,0.730866,0.229745,0,0.66528,12.849,1,0.495244,0.36288,0,42.5752,4.90203,37.5408,0.84672,12.849,0.84672,3695.15,0,36.966,0.305466,0.95262,2.01032,5.26374,1.17359,6.74762,0.42336,36.966,0.42336,423.524,0,1.02816,0,0,1.98078,0.95262,1.028160,1,0,44.2885,0,0,0,44.2885,0
66.4274,2.63935,0,0,1.92841,0.113438,0.36288,3.6288,61.1554,0.506623,0,0,0.589207,0.229737,0,0.66528,12.849,1,0.501563,0.36288,0,39.0358,4.90203,33.9951,0.84672,12.849,0.84672,3695.15,0,36.966,0.305499,0.66153,2.01036,4.76957,1.17359,5.96237,0.42336,36.966,0.42336,423.524,0,1.02816,0,0,1.68969,0.66153,1.028160,1,0,39.9574,0,0,0,39.9574,0
65.3885,2.6319,0,0,2.08073,0.124858,0.36288,3.6288,60.9597,0.506191,0,0,0.548013,0.23744,0,0.66528,12.849,1,0.509086,0.36288,0,37.7223,4.7583,32.8178,0.84672,12.849,0.84672,3695.15,0,36.966,0.305972,0.536181,2.01041,4.01225,1.21675,5.03612,0.42336,36.966,0.42336,423.524,0,1.02816,0,0,1.56434,0.536181,1.028160,1,0,37.8539,0,0,0,37.8539,0
64.5574,2.60169,0,0,2.27381,0.14033,0.36288,3.6288,60.7648,0.537902,0,0,0.590634,0.247687,0,0.66528,12.849,1,0.511238,0.36288,0,40.2345,4.56666,35.5195,0.84672,12.849,0.84672,3695.15,0,36.966,0.326184,0.367295,2.01045,3.22784,1.27431,4.0051,0.42336,36.966,0.42336,423.524,0,1.02816,0,0,1.39546,0.367295,1.028160,1,0,39.5246,0,0,0,39.5246,0
63.5609,2.59626,0,0,2.102,0.139396,0.36288,3.6288,60.5511,0.537278,0,0,0.571012,0.247381,0,0.66528,12.849,1,0.516738,0.36288,0,39.9915,4.56666,35.271,0.84672,12.849,0.84672,3695.15,0,36.966,0.326851,0.343691,2.04531,3.27302,1.27431,4.06087,0.42336,36.966,0.42336,423.524,0,1.02816,0,0,1.37185,0.343691,1.028160,1,0,39.3319,0,0,0,39.3319,0
62.3784,2.58957,0,0,1.90826,0.138277,0.36288,3.6288,60.2745,0.568987,0,0,0.539431,0.247046,0,0.66528,12.849,1,0.523489,0.36288,0,38.8028,4.56666,34.0756,0.84672,12.849,0.84672,3695.15,0,36.966,0.347362,0.261274,2.04536,3.07662,1.27431,3.76158,0.42336,36.966,0.42336,423.524,0,0.975983,0,0,1.23726,0.261274,1.028160,1,0,37.8372,0,0,0,37.8372,0
61.0533,2.5814,0,0,1.74732,0.128144,0.36288,3.6288,59.92,0.599489,0,0,0.513403,0.268407,0,0.66528,12.849,1,0.53173,0.36288,0,34.2193,4.84896,29.2015,0.84672,12.849,0.84672,3695.15,0,36.966,0.367663,0.261274,2.0454,2.98784,1.37735,3.5495,0.42336,36.966,0.42336,423.524,0,0.925223,0,0,1.1865,0.261274,1.028160,1,0,32.751,0,0,0,32.751,0
60.051,2.57987,0,0,2.05479,0.114287,0.36288,3.6288,59.6848,0.539381,0,0,0.606601,0.302432,0,0.66528,12.849,1,0.542948,0.36288,0,33.9663,5.7373,28.049,0.84672,12.849,0.84672,3695.15,0,36.966,0.332756,0.289881,2.04545,3.03932,1.43619,3.60571,0.42336,36.966,0.42336,423.524,0,1.02816,0,0,1.31804,0.289881,1.028160,1,0,31.6547,0,0,0,31.6547,0
58.9698,2.57246,0,0,1.96737,0.113302,0.36288,3.6288,59.4372,0.538598,0,0,0.592974,0.301978,0,0.66528,12.849,1,0.550425,0.36288,0,31.7845,5.7373,25.8596,0.84672,12.849,0.84672,3695.15,0,36.966,0.333582,0.316475,2.05339,3.12371,1.43619,3.7238,0.42336,36.966,0.42336,423.524,0,1.02816,0,0,1.34463,0.316475,1.028160,1,0,29.5834,0,0,0,29.5834,0
57.646,2.56424,0,0,1.71551,0.112131,0.36288,3.6288,59.1142,0.580724,0,0,0.559188,0.301501,0,0.66528,12.849,1,0.558725,0.36288,0,30.1133,5.7373,24.1802,0.84672,12.849,0.84672,3695.15,0,36.966,0.361172,0.261274,2.05343,2.98477,1.43619,3.50211,0.42336,36.966,0.42336,423.524,0,0.958487,0,0,1.21976,0.261274,1.028160,1,0,27.6823,0,0,0,27.6823,0
56.2051,2.5538,0,0,1.5821,0.106355,0.36288,3.6288,58.7685,0.591842,0,0,0.549575,0.303432,0,0.66528,12.849,1,0.569229,0.36288,0,28.4093,5.81208,22.3908,0.84672,12.849,0.84672,3695.15,0,36.966,0.370098,0.227405,2.05348,2.95759,1.45113,3.41725,0.42336,36.966,0.42336,423.524,0,0.938485,0,0,1.16589,0.227405,1.028160,1,0,25.8081,0,0,0,25.8081,0
54.2539,2.71175,0,0,1.22627,0.102807,0.36288,3.6288,58.3555,0.642556,0,0,0.527606,0.298011,0,0.66528,12.849,1,0.619931,0.36288,0,23.6815,6.13649,17.2879,0.84672,12.849,0.84672,3695.15,0,36.966,0.404175,0.227405,2.05352,2.90987,1.5165,3.27012,0.42336,36.966,0.42336,423.524,0,1.01736,0,0,1.24476,0.227405,1.028160,1,0,20.558,0,0,0,20.558,0
52.123,2.69378,0,0,1.03791,0.112127,0.36288,3.6288,57.8636,0.65904,0,0,0.455048,0.287888,0,0.66528,12.849,1,0.637971,0.36288,0,18.462,6.14355,12.0434,0.84672,12.849,0.84672,3695.15,0,36.966,0.417477,0.227405,2.21907,2.86399,1.5503,3.34269,0.42336,36.966,0.42336,423.524,0,0.987621,0,0,1.21503,0.227405,1.028160,1,0,15.3861,0,0,0,15.3861,0
50.1049,2.67292,0,0,1.12737,0.109709,0.36288,3.6288,57.3857,0.651388,0,0,0.460445,0.286976,0,0.66528,12.849,1,0.658909,0.36288,0,17.6448,6.14355,11.2052,0.84672,12.849,0.84672,3695.15,0,36.966,0.416137,0.227405,2.21912,3.04201,1.5503,3.5221,0.42336,36.966,0.42336,423.524,0,0.996659,0,0,1.22406,0.227405,1.028160,1,0,14.7273,0,0,0,14.7273,0
48.7115,2.65186,0,0,1.7413,0.119951,0.36288,3.6288,57.0265,0.630149,0,0,0.553836,0.282951,0,0.66528,12.849,1,0.680047,0.36288,0,28.4993,6.05449,22.1276,0.84672,12.849,0.84672,3695.15,0,36.966,0.405921,0.439145,2.21917,3.21483,1.53938,3.92785,0.42336,36.966,0.42336,423.524,0,1.02816,0,0,1.46731,0.439145,1.028160,1,0,26.0555,0,0,0,26.0555,0
48.1396,2.63652,0,0,2.54991,0.122387,0.36288,3.6288,57.1012,0.628626,0,0,0.988444,0.285078,0,0.66528,12.849,1,0.695455,0.36288,0,35.4357,6.2276,28.8756,0.84672,12.849,0.84672,3695.15,0,36.966,0.407491,1.12525,2.21922,5.40638,1.53598,6.80739,0.42336,36.966,0.42336,423.524,0,1.02816,0,0,2.15341,1.12525,1.028160,1,0,35.683,0,0,0,35.683,0
47.8464,2.54982,0,0,2.73947,0.119967,0.36288,3.6288,57.7517,0.568686,0,0,1.52466,0.30546,0,0.66528,12.849,1,0.680574,0.36288,0,36.2089,6.50098,29.3903,0.84672,12.849,0.84672,3695.15,0,36.966,0.368154,2.54015,2.21927,10.4758,1.55033,13.3168,0.42336,36.966,0.42336,423.524,0,1.02816,0,0,3.56831,2.54015,1.028160,1,0,42.707,0,0,0,42.707,0
47.9135,2.54659,0,0,3.14395,0.167476,0.36288,3.6288,58.3938,0.571241,0,0,1.47962,0.266276,0,0.66528,12.849,1,0.683877,0.36288,0,31.0361,6.16969,24.5454,0.84672,12.849,0.84672,3695.15,0,36.966,0.365643,2.4009,2.12353,7.63577,1.43654,10.358,0.42336,36.966,0.42336,423.524,0,1.02816,0,0,3.42906,2.4009,1.028160,1,0,34.9034,0,0,0,34.9034,0
49.7286,2.5474,0,0,4.893,0.167599,0.36288,3.6288,60.0059,0.57373,0,0,2.45322,0.267382,0,0.66528,12.849,1,0.683138,0.36288,0,50.4514,6.16969,43.9614,0.84672,12.849,0.84672,3695.15,0,36.966,0.363198,4.87919,2.12358,13.6203,1.43654,18.8233,0.42336,36.966,0.42336,423.524,0,1.02816,0,0,5.90735,4.87919,1.028160,1,0,62.7847,0,0,0,62.7847,0
51.1283,2.56727,0,0,4.50074,0.170917,0.36288,3.6288,61.308,0.579796,0,0,2.25628,0.270158,0.10425,0.66528,12.849,1,0.663338,0.36288,0,91.4103,6.16969,84.9402,0.84672,12.849,0.84672,3695.15,0,36.966,0.357177,4.33843,2.12363,11.5126,1.43654,16.181,0.42336,36.966,0.42336,423.524,0,1.02816,0,0,5.36659,4.33843,1.028160,1,0,101.225,0,0,0,101.225,0
55.2425,2.51514,0,0,7.18311,0.190848,0.36288,3.6288,61.308,0.528149,0,0,3.18537,0.244543,2.41268,0.66528,12.849,1,0.632079,0.36288,0,151.167,4.2671,146.631,0.84672,12.849,0.84672,3695.15,0,36.966,0.31845,4.97712,2.12368,16.7872,1.03604,22.5335,0.42336,36.966,0.42336,423.524,0,1.02816,0,0,6.00528,4.97712,1.028160,1,0,171.577,0,0,0,171.577,0
57.7847,2.55339,0,0,5.66059,0.202077,0.36288,3.6288,61.308,0.528175,0,0,2.77887,0.2399,2.01079,0.66528,12.849,1,0.593901,0.36288,0,104.265,3.95,100.084,0.84672,12.849,0.84672,3695.15,0,36.966,0.318466,4.39187,2.03823,14.6946,0.969296,19.8369,0.42336,36.966,0.42336,423.524,0,1.02816,0,0,5.42003,4.39187,1.028160,1,0,121.932,0,0,0,121.932,0
61.5139,2.57483,0,0,6.87409,0.207224,0.36288,3.6288,61.308,0.528202,0,0,3.00074,0.2399,2.23264,0.66528,12.849,1,0.572538,0.36288,0,109.904,3.95,105.745,0.84672,12.849,0.84672,3695.15,0,36.966,0.318482,5.01789,2.03827,15.8188,0.969296,21.5872,0.42336,36.966,0.42336,423.524,0,1.02816,0,0,6.04605,5.01789,1.028160,1,0,129.564,0,0,0,129.564,0
66.05,2.6036,0,0,7.71708,0.214471,0.36288,3.6288,61.308,0.528228,0,0,3.64621,0.2399,2.87808,0.66528,12.849,1,0.543839,0.36288,0,173.355,3.95,169.224,0.84672,12.849,0.84672,3695.15,0,36.966,0.318498,6.18016,2.03832,18.7393,0.969296,25.67,0.42336,36.966,0.42336,423.524,0,1.02816,0,0,7.20832,6.18016,1.028160,1,0,197.772,0,0,0,197.772,0
71.4501,2.48567,0,0,8.52747,0.278833,0.36288,3.6288,61.308,0.432005,0,0,4.13795,0.261018,3.44492,0.66528,12.849,1,0.483548,0.36288,0,148.344,4.23869,143.985,0.84672,12.849,0.84672,3695.15,0,36.966,0.26048,4.56665,2.03837,12.6598,1.02974,17.9746,0.42336,36.966,0.42336,423.524,0,1.02816,0,0,5.59481,4.56665,1.028160,1,0,165.405,0,0,0,165.405,0
72.29,2.5167,0,0,7.92867,0.279256,4.29283,3.6288,61.308,0.43203,0,0,4.28472,0.258748,3.59395,0.66528,12.849,1,0.452583,4.29283,0,156.495,4.15076,156.185,0.84672,12.849,0.84672,3695.15,0,36.966,0.260495,4.05772,1.8858,11.0996,1.00399,15.7787,0.42336,36.966,0.42336,423.524,0,1.02816,0,0,5.08588,4.05772,1.028160,1,0,175.558,0,0,0,175.558,0
72.29,2.52122,0,0,11.6276,0.281047,8.82536,3.6288,61.308,0.432054,0,0,10.6592,0.258748,9.96838,0.66528,12.849,1,0.448128,8.82536,0,204.169,4.15076,208.396,0.84672,12.849,0.84672,3695.15,0,36.966,0.260509,8.9733,1.88584,22.5744,1.00399,32.1691,0.42336,36.966,0.42336,423.524,0,1.02816,0,0,10.0015,8.9733,1.028160,1,0,250.533,0,0,0,250.533,0
72.29,2.52128,0,0,14.5323,0.281047,11.73,3.6288,61.308,0.432078,0,0,5.23257,0.258748,4.54175,0.66528,12.849,1,0.448138,11.73,0,251.153,4.15076,258.284,0.84672,12.849,0.84672,3695.15,0,36.966,0.260524,4.84069,1.88589,14.09,1.00399,19.5521,0.42336,36.966,0.42336,423.524,0,1.02816,0,0,5.86885,4.84069,1.028160,1,0,282.378,0,0,0,282.378,0
72.29,2.52134,0,0,10.2135,0.272769,7.41941,3.6288,61.308,0.432102,0,0,3.86365,0.218122,3.21343,0.66528,12.849,1,0.448148,7.41941,0,159.607,4.41102,162.167,0.84672,12.849,0.84672,3695.15,0,36.966,0.260538,3.687,1.88593,10.351,1.0925,14.5709,0.42336,36.966,0.42336,423.524,0,1.02816,0,0,4.71516,3.687,1.028160,1,0,179.951,0,0,0,179.951,0
72.29,2.60038,0,0,6.61418,0.278674,3.73513,3.6288,61.308,0.466837,0,0,1.3899,0.228561,0.694502,0.66528,12.849,1,0.462198,3.73513,0,84.1726,4.2483,83.1972,0.84672,12.849,0.84672,3695.15,0,36.966,0.281482,3.83962,1.88597,9.70523,1.23478,13.9146,0.42336,36.966,0.42336,423.524,0,1.02816,0,0,4.86778,3.83962,1.028160,1,0,97.8063,0,0,0,97.8063,0
72.29,2.60042,0,0,6.66243,0.278674,3.78334,3.6288,61.308,0.466855,0,0,1.66418,0.228561,0.968768,0.66528,12.849,1,0.462205,3.78334,0,140.265,4.2483,139.338,0.84672,12.849,0.84672,3695.15,0,36.966,0.281493,3.62194,1.94643,11.444,1.23478,15.4961,0.42336,36.966,0.42336,423.524,0,1.02816,0,0,4.6501,3.62194,1.028160,1,0,155.803,0,0,0,155.803,0
72.29,2.60047,0,0,5.34397,0.278674,2.46483,3.6288,61.308,0.466874,0,0,1.1527,0.228561,0.457261,0.66528,12.849,1,0.462213,2.46483,0,94.3531,4.2483,92.1074,0.84672,12.849,0.84672,3695.15,0,36.966,0.281504,3.09162,1.94647,7.51723,1.23478,11.039,0.42336,36.966,0.42336,423.524,0,1.02816,0,0,4.11978,3.09162,1.028160,1,0,103.604,0,0,0,103.604,0
72.29,2.60051,0,0,4.72772,0.280945,1.84627,3.6288,61.308,0.466893,0,0,1.02089,0.211938,0.342054,0.66528,12.849,1,0.462221,1.84627,0,82.4437,3.99027,79.8375,0.84672,12.849,0.84672,3695.15,0,36.966,0.281516,2.52547,1.9465,6.79536,1.16583,9.81999,0.42336,36.966,0.42336,423.524,0,1.02816,0,0,3.55363,2.52547,1.028160,1,0,89.9996,0,0,0,89.9996,0
72.29,2.79773,0,0,4.03278,0.288687,0.946365,3.6288,61.2761,0.572718,0,0,0.725308,0.184505,0,0.66528,12.849,1,0.497275,0.946365,0,60.0994,3.32838,57.2201,0.84672,12.849,0.84672,3695.15,0,36.966,0.345323,2.10443,1.94653,4.2892,0.996602,6.99823,0.42336,36.966,0.42336,423.524,0,1.02816,0,0,3.13259,2.10443,1.028160,1,0,64.2184,0,0,0,64.2184,0
72.29,2.79778,0,0,4.51053,0.290572,1.42218,3.6288,61.1391,0.572626,0,0,0.618041,0.182361,0,0.66528,12.849,1,0.497284,1.42218,0,68.7506,3.20124,66.4742,0.84672,12.849,0.84672,3695.15,0,36.966,0.345448,1.70656,2.12112,3.54064,0.965682,6.05718,0.42336,36.966,0.42336,423.524,0,1.02816,0,0,2.73472,1.70656,1.028160,1,0,72.5314,0,0,0,72.5314,0
72.29,2.79782,0,0,4.52752,0.290572,1.43913,3.6288,61.0699,0.572165,0,0,0.685114,0.182203,0,0.66528,12.849,1,0.497292,1.43913,0,63.5988,3.20124,61.3394,0.84672,12.849,0.84672,3695.15,0,36.966,0.345943,1.78892,2.12115,3.7303,0.965682,6.32875,0.42336,36.966,0.42336,423.524,0,1.02816,0,0,2.81708,1.78892,1.028160,1,0,67.6681,0,0,0,67.6681,0
72.29,2.79787,0,0,4.89301,0.280911,1.81423,3.6288,61.1203,0.571941,0,0,0.818494,0.196157,0,0.66528,12.849,1,0.497301,1.81423,0,69.6843,3.62076,67.3805,0.84672,12.849,0.84672,3695.15,0,36.966,0.3462,1.81094,2.12119,5.50931,1.07277,8.02247,0.42336,36.966,0.42336,423.524,0,1.02816,0,0,2.8391,1.81094,1.028160,1,0,75.4029,0,0,0,75.4029,0
72.29,2.49259,0,0,5.52,0.274917,2.7525,3.6288,61.308,0.421927,0,0,1.07374,0.160135,0.303963,0.66528,12.849,1,0.443039,2.7525,0,98.7768,3.69837,97.3879,0.84672,12.849,0.84672,3695.15,0,36.966,0.255185,2.50747,2.12123,6.59474,0.914486,10.0538,0.42336,36.966,0.42336,423.524,0,1.02816,0,0,3.53563,2.50747,1.028160,1,0,107.746,0,0,0,107.746,0
72.29,2.48498,0,0,4.53622,0.281161,1.77008,3.6288,61.308,0.428052,0,0,0.643347,0.143128,0.0721669,0.66528,12.849,1,0.441687,1.77008,0,77.8343,3.45639,75.7063,0.84672,12.849,0.84672,3695.15,0,36.966,0.258097,1.6138,1.86763,3.9238,0.823745,6.32339,0.42336,36.966,0.42336,423.524,0,1.02816,0,0,2.64196,1.6138,1.028160,1,0,82.1019,0,0,0,82.1019,0
72.29,2.48505,0,0,3.73684,0.281161,0.970633,3.6288,61.1949,0.428052,0,0,0.45806,0.143128,0,0.66528,12.849,1,0.441699,0.970633,0,66.6645,3.45639,63.7371,0.84672,12.849,0.84672,3695.15,0,36.966,0.258097,0.960414,1.87293,3.31601,0.823745,5.06751,0.42336,36.966,0.42336,423.524,0,1.02816,0,0,1.98857,0.960414,1.028160,1,0,68.8046,0,0,0,68.8046,0
72.29,2.48512,0,0,4.03116,0.281161,1.26489,3.6288,61.1688,0.427755,0,0,0.544695,0.143026,0,0.66528,12.849,1,0.441711,1.26489,0,75.5089,3.45639,72.8756,0.84672,12.849,0.84672,3695.15,0,36.966,0.258394,1.04114,1.87295,2.69649,0.823745,4.52844,0.42336,36.966,0.42336,423.524,0,1.02816,0,0,2.0693,1.04114,1.028160,1,0,77.4041,0,0,0,77.4041,0
72.29,2.48518,0,0,6.62831,0.284874,3.85825,3.6288,61.308,0.427686,0,0,0.849684,0.132824,0.149967,0.66528,12.849,1,0.441722,3.85825,0,129.951,3.4704,129.897,0.84672,12.849,0.84672,3695.15,0,36.966,0.258463,2.87443,1.87296,5.27489,0.803103,8.96072,0.42336,36.966,0.42336,423.524,0,1.02816,0,0,3.90259,2.87443,1.028160,1,0,139.008,0,0,0,139.008,0
72.29,2.57633,0,0,4.83375,0.311899,1.94552,3.6288,61.308,0.470842,0,0,0.870471,0.151225,0.248404,0.66528,12.849,1,0.457923,1.94552,0,84.922,3.77379,82.6359,0.84672,12.849,0.84672,3695.15,0,36.966,0.283897,2.0397,1.87298,4.39787,0.811841,7.21481,0.42336,36.966,0.42336,423.524,0,1.02816,0,0,3.06786,2.0397,1.028160,1,0,90.0991,0,0,0,90.0991,0
72.29,2.58393,0,0,3.91389,0.307154,1.02281,3.6288,61.308,0.465314,0,0,0.706588,0.150284,0.0909902,0.66528,12.849,1,0.459273,1.02281,0,57.107,3.78336,53.8872,0.84672,12.849,0.84672,3695.15,0,36.966,0.280564,1.54219,1.94609,3.87361,0.817469,6.26386,0.42336,36.966,0.42336,423.524,0,1.02816,0,0,2.57035,1.54219,1.028160,1,0,60.2421,0,0,0,60.2421,0
72.29,2.58397,0,0,3.91387,0.307154,1.02274,3.6288,61.308,0.465333,0,0,0.67278,0.150284,0.0571639,0.66528,12.849,1,0.459281,1.02274,0,69.5234,3.78336,66.3035,0.84672,12.849,0.84672,3695.15,0,36.966,0.280575,1.43121,1.94092,3.63591,0.817469,5.90999,0.42336,36.966,0.42336,423.524,0,1.02816,0,0,2.45937,1.43121,1.028160,1,0,72.2707,0,0,0,72.2707,0
72.29,2.58401,0,0,3.28491,0.307154,0.393743,3.6288,61.2349,0.465352,0,0,0.542554,0.150284,0,0.66528,12.849,1,0.459289,0.393743,0,47.5049,3.78336,43.656,0.84672,12.849,0.84672,3695.15,0,36.966,0.280586,1.69612,1.94095,2.93155,0.817469,5.47057,0.42336,36.966,0.42336,423.524,0,1.02816,0,0,2.72428,1.69612,1.028160,1,0,49.1265,0,0,0,49.1265,0
72.0456,2.54844,0,0,2.97179,0.304869,0.36288,3.6288,61.1982,0.448549,0,0,0.620137,0.208316,0,0.66528,12.849,1,0.452966,0.36288,0,52.363,4.19265,48.0802,0.84672,12.849,0.84672,3695.15,0,36.966,0.270778,0.96876,1.94098,3.19452,0.98481,4.84867,0.42336,36.966,0.42336,423.524,0,1.02816,0,0,1.99692,0.96876,1.028160,1,0,52.9289,0,0,0,52.9289,0
71.4101,2.54718,0,0,2.57892,0.304304,0.36288,3.6288,61.148,0.448466,0,0,0.60653,0.208267,0,0.66528,12.849,1,0.454278,0.36288,0,43.8427,4.19265,39.5587,0.84672,12.849,0.84672,3695.15,0,36.966,0.27089,0.976286,1.91257,3.79758,0.98481,5.43074,0.42336,36.966,0.42336,423.524,0,1.02816,0,0,2.00445,0.976286,1.028160,1,0,44.9894,0,0,0,44.9894,0
71.2067,2.5438,0,0,3.00603,0.302834,0.36288,3.6288,61.1391,0.448346,0,0,0.647628,0.208201,0,0.66528,12.849,1,0.457712,0.36288,0,45.2741,4.19265,40.9866,0.84672,12.849,0.84672,3695.15,0,36.966,0.27104,0.972622,1.9126,3.2562,0.98481,4.88558,0.42336,36.966,0.42336,423.524,0,1.02816,0,0,2.00078,0.972622,1.028160,1,0,45.8722,0,0,0,45.8722,0
71.3882,2.54273,0,0,3.36689,0.279718,0.36288,3.6288,61.1435,0.44834,0,0,0.666319,0.213539,0,0.66528,12.849,1,0.458828,0.36288,0,54.3737,4.35519,49.9225,0.84672,12.849,0.84672,3695.15,0,36.966,0.271076,1.06231,1.91264,3.13907,0.954721,4.88822,0.42336,36.966,0.42336,423.524,0,1.02816,0,0,2.09047,1.06231,1.028160,1,0,54.8108,0,0,0,54.8108,0
70.4823,2.66444,0,0,2.39211,0.270746,0.36288,3.6288,61.156,0.507255,0,0,0.707054,0.187325,0,0.66528,12.849,1,0.479565,0.36288,0,39.1032,4.30299,34.6835,0.84672,12.849,0.84672,3695.15,0,36.966,0.306675,1.02928,1.91267,2.88784,0.904898,4.61822,0.42336,36.966,0.42336,423.524,0,1.02816,0,0,2.05744,1.02928,1.028160,1,0,39.3017,0,0,0,39.3017,0
69.7207,2.65927,0,0,2.45126,0.190707,0.36288,3.6288,61.1704,0.507314,0,0,0.717837,0.196084,0,0.66528,12.849,1,0.484787,0.36288,0,38.4872,4.55472,33.8106,0.84672,12.849,0.84672,3695.15,0,36.966,0.306648,1.03608,2.01238,2.88916,0.988843,4.64213,0.42336,36.966,0.42336,423.524,0,1.02816,0,0,2.06424,1.03608,1.028160,1,0,38.4527,0,0,0,38.4527,0
68.6836,2.65484,0,0,2.15475,0.174062,0.36288,3.6288,61.0526,0.507378,0,0,0.591292,0.201729,0,0.66528,12.849,1,0.489267,0.36288,0,34.5994,4.63029,29.8427,0.84672,12.849,0.84672,3695.15,0,36.966,0.306615,0.74399,2.01242,2.46072,1.00405,3.90647,0.42336,36.966,0.42336,423.524,0,1.02816,0,0,1.77215,0.74399,1.028160,1,0,33.7492,0,0,0,33.7492,0
67.5534,2.64866,0,0,2.05394,0.172665,0.36288,3.6288,60.818,0.507029,0,0,0.474017,0.201579,0,0.66528,12.849,1,0.495499,0.36288,0,32.0174,4.63029,27.2545,0.84672,12.849,0.84672,3695.15,0,36.966,0.306995,0.570871,2.01245,2.34435,1.00405,3.61663,0.42336,36.966,0.42336,423.524,0,1.02816,0,0,1.59903,0.570871,1.028160,1,0,30.8711,0,0,0,30.8711,0
66.3047,2.64174,0,0,1.9186,0.162661,0.36288,3.6288,60.5431,0.506312,0,0,0.489783,0.25836,0,0.66528,12.849,1,0.502473,0.36288,0,28.0023,5.47161,22.3911,0.84672,12.849,0.84672,3695.15,0,36.966,0.307743,0.553556,2.01249,2.34992,1.20877,3.39946,0.42336,36.966,0.42336,423.524,0,1.02816,0,0,1.58172,0.553556,1.028160,1,0,25.7906,0,0,0,25.7906,0
64.9299,2.61027,0,0,1.72885,0.13048,0.36288,3.6288,60.3862,0.53771,0,0,0.639567,0.258818,0,0.66528,12.849,1,0.505837,0.36288,0,25.0768,5.1449,19.789,0.84672,12.849,0.84672,3695.15,0,36.966,0.328311,0.577437,2.01252,2.63419,1.2247,3.67114,0.42336,36.966,0.42336,423.524,0,1.02816,0,0,1.6056,0.577437,1.028160,1,0,23.4601,0,0,0,23.4601,0
63.4348,2.60137,0,0,1.59823,0.129054,0.36288,3.6288,60.2087,0.537201,0,0,0.618327,0.25856,0,0.66528,12.849,1,0.514787,0.36288,0,24.9252,5.1449,19.6284,0.84672,12.849,0.84672,3695.15,0,36.966,0.328853,0.550273,2.0474,2.67106,1.2247,3.71519,0.42336,36.966,0.42336,423.524,0,1.02816,0,0,1.57843,0.550273,1.028160,1,0,23.3436,0,0,0,23.3436,0
61.804,2.59133,0,0,1.45092,0.127504,0.36288,3.6288,59.998,0.53662,0,0,0.584127,0.258269,0,0.66528,12.849,1,0.524885,0.36288,0,24.1846,5.1449,18.8777,0.84672,12.849,0.84672,3695.15,0,36.966,0.329466,0.395427,2.04744,2.51076,1.2247,3.39946,0.42336,36.966,0.42336,423.524,0,1.02816,0,0,1.42359,0.395427,1.028160,1,0,22.2771,0,0,0,22.2771,0
60.0727,2.57991,0,0,1.32854,0.117049,0.36288,3.6288,59.7383,0.535924,0,0,0.555944,0.279679,0,0.66528,12.849,1,0.53636,0.36288,0,21.3278,5.42719,15.7271,0.84672,12.849,0.84672,3695.15,0,36.966,0.330194,0.33702,2.04747,2.43832,1.32774,3.16488,0.42336,36.966,0.42336,423.524,0,1.02816,0,0,1.36518,0.33702,1.028160,1,0,18.892,0,0,0,18.892,0
58.1105,2.57514,0,0,1.06523,0.0894328,0.36288,3.6288,59.1381,0.713586,0,0,0.438055,0.32464,0,0.66528,12.849,1,0.550799,0.36288,0,18.9417,5.73245,13.0214,0.84672,12.849,0.84672,3695.15,0,36.966,0.42336,0.261274,2.04751,2.05426,1.46991,2.46977,0.42336,36.966,0.42336,423.524,0,0.765253,0,0,1.02653,0.261274,1.028160,1,0,15.4911,0,0,0,15.4911,0
56.0755,2.55996,0,0,0.974877,0.0870485,0.36288,3.6288,58.4212,0.786289,0,0,0.391317,0.321922,0,0.66528,12.849,1,0.56604,0.36288,0,16.75,5.6657,10.8812,0.84672,12.849,0.84672,3695.15,0,36.966,0.42336,0.261274,2.05544,1.79476,1.45067,2.23745,0.42336,36.966,0.42336,423.524,0,0.692582,0,0,0.953856,0.261274,1.028160,1,0,13.1186,0,0,0,13.1186,0
53.9716,2.54329,0,0,0.887596,0.0853232,0.36288,3.6288,57.5392,0.933098,0,0,0.371504,0.320443,0,0.66528,12.849,1,0.582763,0.36288,0,15.2654,5.6657,9.37983,0.84672,12.849,0.84672,3695.15,0,36.966,0.42336,0.261274,2.05548,1.6741,1.45067,2.11682,0.42336,36.966,0.42336,423.524,0,0.545806,0,0,0.80708,0.261274,1.028160,1,0,11.4967,0,0,0,11.4967,0
52.053,2.52498,0,0,1.04207,0.0727803,0.36288,3.6288,57.1105,0.584525,0,0,0.4641,0.308294,0,0.66528,12.849,1,0.601121,0.36288,0,15.9572,5.84055,9.87842,0.84672,12.849,0.84672,3695.15,0,36.966,0.375527,0.227405,2.05551,2.543,1.49852,2.95187,0.42336,36.966,0.42336,423.524,0,0.942244,0,0,1.16965,0.227405,1.028160,1,0,12.8303,0,0,0,12.8303,0
49.6543,2.6747,0,0,0.701769,0.0629561,0.36288,3.6288,56.1793,0.97957,0,0,0.338007,0.289615,0,0.66528,12.849,1,0.660236,0.36288,0,12.2799,5.73834,6.24425,0.84672,12.849,0.84672,3695.15,0,36.966,0.42336,0.227405,2.05555,1.80312,1.46979,2.19293,0.42336,36.966,0.42336,423.524,0,0.663181,0,0,0.890585,0.227405,1.028160,1,0,8.43718,0,0,0,8.43718,0
47.0136,2.64941,0,0,0.427942,0.0562995,0.36288,3.6288,54.9935,1.15046,0,0,0.254846,0.290242,0,0.66528,12.1738,1,0.685586,0.36288,0,8.14916,5.52384,3.20544,0.84672,12.1738,0.84672,3694.92,0,36.966,0.42336,0.227405,2.22124,1.67854,1.39291,2.31092,0.42336,36.966,0.42336,423.524,0,0.492325,0,0,0.719729,0.227405,1.028160,1,0,5.51636,0,0,0,5.51636,0
44.6157,2.64909,0,0,0.684882,0.0708646,0.36288,3.6288,54.0269,0.99584,0,0,0.313205,0.283873,0,0.66528,12.849,1,0.68596,0.36288,0,13.5382,5.4051,6.90718,0.84672,12.849,0.84672,3695.15,0,36.966,0.42336,0.227405,2.22128,1.82974,1.37834,2.47673,0.42336,36.966,0.42336,423.524,0,0.64698,0,0,0.874385,0.227405,1.028160,1,0,9.38391,0,0,0,9.38391,0
42.4524,2.58938,0,0,0.858414,0.0693786,0.36288,3.6288,53.1463,0.98892,0,0,0.381945,0.273649,0,0.66528,12.849,1,0.745725,0.36288,0,16.1457,5.54519,10.2176,0.84672,12.849,0.84672,3695.15,0,36.966,0.42336,0.204422,2.22132,1.79455,1.36432,2.43261,0.42336,36.966,0.42336,423.524,0,0.653936,0,0,0.858358,0.204422,1.028160,1,0,12.6502,0,0,0,12.6502,0
40.4524,2.56026,0,0,0.993155,0.0700879,0.36288,3.6288,52.7535,0.614731,0,0,0.491427,0.269518,0,0.66528,12.849,1,0.774908,0.36288,0,14.0028,5.59887,7.99195,0.84672,12.849,0.84672,3695.15,0,36.966,0.42336,0.430609,2.22136,2.13424,1.36817,2.99468,0.42336,36.966,0.42336,423.524,0,1.02816,0,0,1.45877,0.430609,1.028160,1,0,10.9866,0,0,0,10.9866,0
38.3705,2.45399,0,0,0.852353,0.117372,0.36288,3.6288,52.4865,0.551944,0,0,0.52747,0.242523,0,0.66528,12.849,1,0.779469,0.36288,0,23.5749,4.6856,18.4727,0.84672,12.849,0.84672,3695.15,0,36.966,0.386764,0.623765,2.2214,2.31016,1.10163,3.66693,0.42336,36.966,0.42336,423.524,0,1.02816,0,0,1.65192,0.623765,1.028160,1,0,22.1397,0,0,0,22.1397,0
36.3428,2.42235,0,0,0.888805,0.131246,0.36288,3.6288,52.5242,0.550809,0,0,0.824001,0.235514,0,0.66528,12.849,1,0.811165,0.36288,0,24.051,4.41399,19.1887,0.84672,12.849,0.84672,3695.15,0,36.966,0.387932,1.3995,2.12555,3.19215,1.0401,5.28917,0.42336,36.966,0.42336,423.524,0,1.02816,0,0,2.42766,1.3995,1.028160,1,0,24.4779,0,0,0,24.4779,0
34.3436,2.38896,0,0,0.880813,0.128144,0.36288,3.6288,52.6982,0.550992,0,0,0.960612,0.235585,0,0.66528,12.849,1,0.844615,0.36288,0,23.54,4.41399,18.6443,0.84672,12.849,0.84672,3695.15,0,36.966,0.387783,1.79311,2.12559,3.22887,1.0401,5.71969,0.42336,36.966,0.42336,423.524,0,1.02816,0,0,2.82127,1.79311,1.028160,1,0,24.364,0,0,0,24.364,0
32.2449,2.38691,0,0,0.776097,0.125086,0.36288,3.6288,52.7612,0.551765,0,0,0.850651,0.235914,0,0.66528,12.849,1,0.84672,0.36288,0,20.1948,4.41399,15.297,0.84672,12.849,0.84672,3695.15,0,36.966,0.387044,1.5954,2.12563,2.81557,1.0401,5.10945,0.42336,36.966,0.42336,423.524,0,1.02816,0,0,2.62356,1.5954,1.028160,1,0,20.4064,0,0,0,20.4064,0
31.0032,2.30343,0,0,1.5573,0.132685,0.36288,3.6288,52.9526,0.498839,0,0,0.915624,0.225358,0,0.66528,12.849,1,0.84672,0.36288,0,40.0416,4.48592,35.0719,0.84672,12.849,0.84672,3695.15,0,36.966,0.349501,1.75694,2.12566,5.06867,1.11303,7.48874,0.42336,36.966,0.42336,423.524,0,1.02816,0,0,2.7851,1.75694,1.028160,1,0,42.5606,0,0,0,42.5606,0
29.7463,2.30348,0,0,1.5444,0.134869,0.36288,3.6288,53.8106,0.499602,0,0,1.57897,0.221427,0,0.66528,12.849,1,0.84672,0.36288,0,53.8841,4.51469,48.8855,0.84672,12.849,0.84672,3695.15,0,36.966,0.34877,2.30268,2.04012,5.26976,1.14221,8.12159,0.42336,36.966,0.42336,423.524,0,1.02816,0,0,3.33084,2.30268,1.028160,1,0,57.0071,0,0,0,57.0071,0
28.8128,2.04916,0,0,1.61788,0.139355,0.36288,3.6288,54.3718,0.413093,0,0,1.20018,0.225876,0,0.66528,12.849,1,0.84672,0.36288,0,42.9583,4.27774,38.1967,0.84672,12.849,0.84672,3695.15,0,36.966,0.283781,2.05191,2.04016,6.81432,1.09181,9.5308,0.42336,36.966,0.42336,423.524,0,1.02816,0,0,3.08007,2.05191,1.028160,1,0,47.7275,0,0,0,47.7275,0
28.8112,2.0492,0,0,2.56471,0.154211,0.36288,3.6288,55.8843,0.414854,0,0,2.16147,0.234072,0,0.66528,12.849,1,0.84672,0.36288,0,82.5656,3.68539,78.3963,0.84672,12.849,0.84672,3695.15,0,36.966,0.282049,3.33507,1.87545,8.32175,0.965818,12.2844,0.42336,36.966,0.42336,423.524,0,1.02816,0,0,4.36323,3.33507,1.028160,1,0,90.6807,0,0,0,90.6807,0
29.5952,1.85195,0,0,3.14925,0.150439,0.36288,3.6288,56.4164,0.315174,0,0,1.06634,0.219098,0,0.66528,12.849,1,0.825919,0.36288,0,57.1908,3.94491,52.7829,0.84672,12.849,0.84672,3695.15,0,36.966,0.208479,2.50722,1.87548,7.87061,1.03587,11.009,0.42336,36.966,0.42336,423.524,0,1.02816,0,0,3.53538,2.50722,1.028160,1,0,63.7919,0,0,0,63.7919,0
30.4801,1.86724,0,0,3.26194,0.146967,0.36288,3.6288,57.4606,0.316378,0,0,1.55734,0.196694,0,0.66528,12.849,1,0.810678,0.36288,0,74.8893,4.29093,70.1505,0.84672,12.849,0.84672,3695.15,0,36.966,0.207302,2.76803,1.70076,8.32429,1.12927,11.4565,0.42336,36.966,0.42336,423.524,0,1.02816,0,0,3.79619,2.76803,1.028160,1,0,81.6071,0,0,0,81.6071,0
34.0248,1.88383,0,0,5.94015,0.148718,0.36288,3.6288,59.5117,0.318686,0,0,2.56776,0.198034,0,0.66528,12.849,1,0.794136,0.36288,0,84.8628,4.29093,80.1406,0.84672,12.849,0.84672,3695.15,0,36.966,0.20502,4.26581,1.70079,10.9859,1.12927,15.6182,0.42336,36.966,0.42336,423.524,0,1.02816,0,0,5.29397,4.26581,1.028160,1,0,95.7588,0,0,0,95.7588,0
35.3525,1.94392,0,0,3.79661,0.162098,0.36288,3.6288,59.987,0.323061,0,0,0.99995,0.201607,0,0.66528,12.849,1,0.734094,0.36288,0,66.3484,4.19155,61.7856,0.84672,12.849,0.84672,3695.15,0,36.966,0.200671,2.04898,1.70082,6.95684,1.10842,9.39755,0.42336,36.966,0.42336,423.524,0,1.02816,0,0,3.07714,2.04898,1.028160,1,0,71.1832,0,0,0,71.1832,0
36.4135,1.96417,0,0,3.59283,0.204799,0.36288,3.6288,60.2276,0.324061,0,0,0.772537,0.207883,0,0.66528,12.849,1,0.713885,0.36288,0,92.5569,3.5953,88.6106,0.84672,12.849,0.84672,3695.15,0,36.966,0.199697,1.91487,1.70085,6.98634,0.983315,9.41904,0.42336,36.966,0.42336,423.524,0,1.02816,0,0,2.94303,1.91487,1.028160,1,0,98.0296,0,0,0,98.0296,0
39.0471,2.04159,0,0,5.22704,0.188981,0.36288,3.6288,61.308,0.355666,0,0,2.11201,0.174947,0.500962,0.66528,12.849,1,0.720404,0.36288,0,112.984,3.99557,108.63,0.84672,12.849,0.84672,3695.15,0,36.966,0.218298,2.22604,1.70088,11.8276,0.957147,14.5791,0.42336,36.966,0.42336,423.524,0,1.02816,0,0,3.2542,2.22604,1.028160,1,0,123.711,0,0,0,123.711,0
50.7411,2.07817,0,0,14.3319,0.196833,0.36288,3.6288,61.308,0.358077,0,0,7.36508,0.208289,6.79872,0.66528,12.849,1,0.683853,0.36288,0,312.499,4.4773,307.701,0.84672,12.849,0.84672,3695.15,0,36.966,0.215905,7.36576,1.7554,30.729,1.14715,38.4871,0.42336,36.966,0.42336,423.524,0,1.02816,0,0,8.39392,7.36576,1.028160,1,0,352.987,0,0,0,352.987,0
60.4856,2.44596,0,0,12.7779,0.224551,0.36288,3.6288,61.308,0.467837,0,0,10.4944,0.208289,9.81823,0.66528,12.849,1,0.619381,0.36288,0,406.268,4.4773,401.535,0.84672,12.849,0.84672,3695.15,0,36.966,0.282085,8.18735,1.75542,32.124,1.14715,40.6375,0.42336,36.966,0.42336,423.524,0,1.02816,0,0,9.21551,8.18735,1.028160,1,0,451.99,0,0,0,451.99,0
64.7744,2.52829,0,0,7.43334,0.253343,0.36288,3.6288,61.308,0.467849,0,0,5.31454,0.197386,4.64931,0.66528,12.849,1,0.537086,0.36288,0,205.495,4.38007,200.941,0.84672,12.849,0.84672,3695.15,0,36.966,0.282092,4.39684,1.94819,19.9992,1.1183,24.9438,0.42336,36.966,0.42336,423.524,0,1.02816,0,0,5.425,4.39684,1.028160,1,0,230.534,0,0,0,230.534,0
69.7895,2.75194,0,0,8.43463,0.304798,0.36288,3.6288,61.308,0.573759,0,0,5.27624,0.156484,4.546,0.66528,12.849,1,0.545889,0.36288,0,214.37,4.1603,210.026,0.84672,12.849,0.84672,3695.15,0,36.966,0.345951,3.70701,1.94821,21.9,0.981367,26.2279,0.42336,36.966,0.42336,423.524,0,1.02816,0,0,4.73517,3.70701,1.028160,1,0,240.8,0,0,0,240.8,0
72.29,2.7851,0,0,7.53788,0.321645,1.93059,3.6288,61.308,0.573773,0,0,5.33393,0.174873,4.58528,0.66528,12.849,1,0.512767,1.93059,0,182.88,4.433,179.865,0.84672,12.849,0.84672,3695.15,0,36.966,0.345959,3.61034,2.12294,17.8584,1.00847,22.2373,0.42336,36.966,0.42336,423.524,0,1.02816,0,0,4.6385,3.61034,1.028160,1,0,206.688,0,0,0,206.688,0
72.29,2.80019,0,0,8.00064,0.327866,4.87258,3.6288,61.308,0.573787,0,0,6.87308,0.174873,6.12442,0.66528,12.849,1,0.497713,4.87258,0,195.199,4.433,195.141,0.84672,12.849,0.84672,3695.15,0,36.966,0.345968,4.48133,2.12296,22.3481,1.00847,27.598,0.42336,36.966,0.42336,423.524,0,1.02816,0,0,5.50949,4.48133,1.028160,1,0,228.863,0,0,0,228.863,0
72.29,2.80022,0,0,7.60717,0.325269,4.48168,3.6288,61.308,0.573801,0,0,7.24276,0.180406,6.48856,0.66528,12.849,1,0.497719,4.48168,0,175.172,4.56403,174.592,0.84672,12.849,0.84672,3695.15,0,36.966,0.345976,5.19648,2.12299,22.0807,1.04947,28.0048,0.42336,36.966,0.42336,423.524,0,1.02816,0,0,6.22464,5.19648,1.028160,1,0,209.085,0,0,0,209.085,0
72.29,2.49467,0,0,7.69288,0.322961,4.87525,3.6288,61.308,0.423304,0,0,9.26473,0.196117,8.64531,0.66528,12.849,1,0.443409,4.87525,0,284.24,4.75157,283.92,0.84672,12.849,0.84672,3695.15,0,36.966,0.255233,6.12948,2.12301,22.4584,1.05612,29.3995,0.42336,36.966,0.42336,423.524,0,1.02816,0,0,7.15764,6.12948,1.028160,1,0,321.965,0,0,0,321.965,0
72.29,2.48826,0,0,8.29578,0.304254,5.50327,3.6288,61.308,0.428047,0,0,5.22563,0.196736,4.60084,0.66528,12.849,1,0.44227,5.50327,0,282.617,4.41672,283.261,0.84672,12.849,0.84672,3695.15,0,36.966,0.258093,5.84341,1.86919,20.897,0.947614,27.4039,0.42336,36.966,0.42336,423.524,0,1.02816,0,0,6.87157,5.84341,1.028160,1,0,315.266,0,0,0,315.266,0
72.29,2.48831,0,0,12.4257,0.304254,9.63314,3.6288,61.308,0.428047,0,0,14.8929,0.196736,14.2682,0.66528,12.849,1,0.442278,9.63314,0,304.852,4.41672,309.626,0.84672,12.849,0.84672,3695.15,0,36.966,0.258093,12.7958,1.87365,31.4746,0.947614,44.9383,0.42336,36.966,0.42336,423.524,0,1.02816,0,0,13.8239,12.7958,1.028160,1,0,368.833,0,0,0,368.833,0
72.29,2.48835,0,0,14.5175,0.305319,11.7239,3.6288,61.308,0.428047,0,0,12.4615,0.151317,11.8822,0.66528,12.849,1,0.442286,11.7239,0,291.806,4.20834,298.88,0.84672,12.849,0.84672,3695.15,0,36.966,0.258093,9.47673,1.87366,32.8174,0.872515,43.0372,0.42336,36.966,0.42336,423.524,0,1.02816,0,0,10.5049,9.47673,1.028160,1,0,353.799,0,0,0,353.799,0
72.29,2.4884,0,0,8.77928,0.309379,5.9815,3.6288,61.308,0.428047,0,0,6.59575,0.11831,6.04939,0.66528,12.849,1,0.442294,5.9815,0,205.762,3.93632,207.364,0.84672,12.849,0.84672,3695.15,0,36.966,0.258093,5.59189,1.87367,18.5538,0.81002,24.9512,0.42336,36.966,0.42336,423.524,0,1.02816,0,0,6.62005,5.59189,1.028160,1,0,238.365,0,0,0,238.365,0
72.29,2.5796,0,0,9.01567,0.328947,6.10712,3.6288,61.308,0.470871,0,0,21.4808,0.12465,20.8852,0.66528,12.849,1,0.458504,6.10712,0,145.366,3.24188,147.773,0.84672,12.849,0.84672,3695.15,0,36.966,0.283914,12.1182,1.87368,27.3699,0.772991,40.3049,0.42336,36.966,0.42336,423.524,0,1.02816,0,0,13.1464,12.1182,1.028160,1,0,208.963,0,0,0,208.963,0
72.29,2.586,0,0,7.14476,0.311091,4.24767,3.6288,61.308,0.466203,0,0,21.3329,0.134165,20.7325,0.66528,12.849,1,0.459642,4.24767,0,173.271,3.35821,173.701,0.84672,12.849,0.84672,3695.15,0,36.966,0.281099,10.022,1.94684,19.9204,0.795892,30.8122,0.42336,36.966,0.42336,423.524,0,1.02816,0,0,11.0501,10.022,1.028160,1,0,225.245,0,0,0,225.245,0
72.29,2.58603,0,0,5.91953,0.24529,3.08821,3.6288,61.308,0.466215,0,0,13.7697,0.178066,13.1254,0.66528,12.849,1,0.459647,3.08821,0,151.205,3.60829,150.225,0.84672,12.849,0.84672,3695.15,0,36.966,0.281107,7.15176,1.94248,15.3173,0.911446,23.219,0.42336,36.966,0.42336,423.524,0,1.02816,0,0,8.17992,7.15176,1.028160,1,0,186.57,0,0,0,186.57,0
72.29,2.58606,0,0,5.94878,0.217075,3.14564,3.6288,61.308,0.466228,0,0,12.5232,0.204883,11.8521,0.66528,12.849,1,0.459652,3.14564,0,121.943,3.55394,121.075,0.84672,12.849,0.84672,3695.15,0,36.966,0.281115,6.6382,1.9425,15.1719,0.989184,22.4823,0.42336,36.966,0.42336,423.524,0,1.02816,0,0,7.66636,6.6382,1.028160,1,0,155.41,0,0,0,155.41,0
72.29,2.55045,0,0,5.26581,0.213881,2.50148,3.6288,61.308,0.449607,0,0,6.69813,0.204988,6.04353,0.66528,12.849,1,0.453323,2.50148,0,127.628,4.21418,125.462,0.84672,12.849,0.84672,3695.15,0,36.966,0.271093,5.1449,1.94252,12.9063,1.0641,18.6586,0.42336,36.966,0.42336,423.524,0,1.02816,0,0,6.17306,5.1449,1.028160,1,0,150.164,0,0,0,150.164,0
72.29,2.55048,0,0,4.80031,0.213349,2.03649,3.6288,61.308,0.44962,0,0,4.67845,0.205006,4.02382,0.66528,12.849,1,0.453328,2.03649,0,115.067,4.32422,112.326,0.84672,12.849,0.84672,3695.15,0,36.966,0.271101,3.16129,1.91408,10.2205,1.07659,13.9482,0.42336,36.966,0.42336,423.524,0,1.02816,0,0,4.18945,3.16129,1.028160,1,0,130.298,0,0,0,130.298,0
72.29,2.55051,0,0,4.41603,0.213349,1.65217,3.6288,61.308,0.449633,0,0,4.38114,0.205006,3.7265,0.66528,12.849,1,0.453333,1.65217,0,105.637,4.32422,102.512,0.84672,12.849,0.84672,3695.15,0,36.966,0.271109,2.95077,1.9141,8.75431,1.07659,12.2715,0.42336,36.966,0.42336,423.524,0,1.02816,0,0,3.97893,2.95077,1.028160,1,0,118.51,0,0,0,118.51,0
72.29,2.55053,0,0,4.06201,0.179314,1.33216,3.6288,61.308,0.449645,0,0,4.09144,0.232819,3.40897,0.66528,12.849,1,0.453338,1.33216,0,93.3068,4.59598,89.5897,0.84672,12.849,0.84672,3695.15,0,36.966,0.271116,2.83734,1.91412,8.53857,1.07748,11.9414,0.42336,36.966,0.42336,423.524,0,1.02816,0,0,3.8655,2.83734,1.028160,1,0,104.94,0,0,0,104.94,0
72.29,2.67156,0,0,3.79642,0.18417,0.940699,3.6288,61.308,0.508647,0,0,3.59547,0.233037,2.85378,0.66528,12.849,1,0.474849,0.940699,0,74.9814,4.39825,71.049,0.84672,12.849,0.84672,3695.15,0,36.966,0.306692,2.5819,1.91414,7.84339,0.973356,11.0594,0.42336,36.966,0.42336,423.524,0,1.02816,0,0,3.61006,2.5819,1.028160,1,0,84.9621,0,0,0,84.9621,0
72.29,2.67159,0,0,3.71531,0.178059,0.865667,3.6288,61.308,0.50866,0,0,2.9799,0.235412,2.23583,0.66528,12.849,1,0.474854,0.865667,0,62.5856,4.51616,58.4602,0.84672,12.849,0.84672,3695.15,0,36.966,0.3067,1.67636,2.01392,5.87789,0.925226,8.33624,0.42336,36.966,0.42336,423.524,0,1.02816,0,0,2.70452,1.67636,1.028160,1,0,69.0323,0,0,0,69.0323,0
72.2858,2.67162,0,0,3.1933,0.162982,0.36288,3.6288,61.308,0.508674,0,0,2.52666,0.236328,1.78165,0.66528,12.849,1,0.47486,0.36288,0,63.2318,4.66222,58.4576,0.84672,12.849,0.84672,3695.15,0,36.966,0.306708,1.64207,2.01395,5.74257,0.980226,8.11165,0.42336,36.966,0.42336,423.524,0,1.02816,0,0,2.67023,1.64207,1.028160,1,0,68.3509,0,0,0,68.3509,0
72.0361,2.67162,0,0,2.91009,0.125286,0.36288,3.6288,61.308,0.508687,0,0,2.15175,0.23862,1.40444,0.66528,12.849,1,0.474889,0.36288,0,60.1513,5.0274,55.0119,0.84672,12.849,0.84672,3695.15,0,36.966,0.306716,1.18504,2.01397,5.30911,1.11773,7.08367,0.42336,36.966,0.42336,423.524,0,1.02816,0,0,2.2132,1.18504,1.028160,1,0,63.5,0,0,0,63.5,0
71.7338,2.67026,0,0,2.86166,0.130823,0.36288,3.6288,61.308,0.5087,0,0,2.14174,0.237928,1.39511,0.66528,12.849,1,0.476291,0.36288,0,55.7833,5.02589,50.644,0.84672,12.849,0.84672,3695.15,0,36.966,0.306724,1.30222,2.01399,5.58782,1.12509,7.47222,0.42336,36.966,0.42336,423.524,0,1.02816,0,0,2.33038,1.30222,1.028160,1,0,59.5113,0,0,0,59.5113,0
71.7308,2.64469,0,0,3.13645,0.131894,0.36288,3.6288,61.308,0.541137,0,0,1.40499,0.246231,0.617626,0.66528,12.849,1,0.473718,0.36288,0,62.1363,5.11296,56.9125,0.84672,12.849,0.84672,3695.15,0,36.966,0.326281,1.25352,2.01402,5.47928,1.1978,7.22273,0.42336,36.966,0.42336,423.524,0,1.02816,0,0,2.28168,1.25352,1.028160,1,0,64.7528,0,0,0,64.7528,0
71.5648,2.6447,0,0,2.92932,0.0877072,0.36288,3.6288,61.308,0.54115,0,0,1.39245,0.262834,0.588464,0.66528,12.849,1,0.47374,0.36288,0,57.5611,5.24118,52.209,0.84672,12.849,0.84672,3695.15,0,36.966,0.32629,1.1241,2.04891,5.40067,1.23589,7.01151,0.42336,36.966,0.42336,423.524,0,1.02816,0,0,2.15226,1.1241,1.028160,1,0,59.809,0,0,0,59.809,0
71.2011,2.6438,0,0,2.73048,0.0875301,0.36288,3.6288,61.308,0.541164,0,0,1.39457,0.262834,0.590567,0.66528,12.849,1,0.474677,0.36288,0,53.1766,5.24118,47.8236,0.84672,12.849,0.84672,3695.15,0,36.966,0.326298,1.20864,2.04894,4.94775,1.23589,6.64314,0.42336,36.966,0.42336,423.524,0,1.02816,0,0,2.2368,1.20864,1.028160,1,0,55.0573,0,0,0,55.0573,0
70.6492,2.64178,0,0,2.54004,0.0872872,0.36288,3.6288,61.308,0.541178,0,0,1.37347,0.262834,0.569454,0.66528,12.849,1,0.476736,0.36288,0,49.519,5.24118,44.1639,0.84672,12.849,0.84672,3695.15,0,36.966,0.326306,1.19057,2.04896,4.83363,1.23589,6.51097,0.42336,36.966,0.42336,423.524,0,1.02816,0,0,2.21873,1.19057,1.028160,1,0,51.2443,0,0,0,51.2443,0
70.0962,2.6468,0,0,2.53397,0.077277,0.36288,3.6288,61.308,0.546116,0,0,1.23434,0.32311,0.36511,0.66528,12.849,1,0.481375,0.36288,0,45.6312,6.03446,39.4783,0.84672,12.849,0.84672,3695.15,0,36.966,0.329284,0.878299,2.04898,4.12657,1.49198,5.23259,0.42336,36.966,0.42336,423.524,0,1.02816,0,0,1.90646,0.878299,1.028160,1,0,45.076,0,0,0,45.076,0
69.3897,2.64363,0,0,2.37555,0.0755328,0.36288,3.6288,61.308,0.54613,0,0,1.15979,0.328022,0.285639,0.66528,12.849,1,0.48459,0.36288,0,43.2462,6.11006,37.0145,0.84672,12.849,0.84672,3695.15,0,36.966,0.329292,0.77817,2.05691,4.02971,1.53642,4.99908,0.42336,36.966,0.42336,423.524,0,1.02816,0,0,1.80633,0.77817,1.028160,1,0,42.2992,0,0,0,42.2992,0
68.4127,2.63949,0,0,2.10042,0.075121,0.36288,3.6288,61.308,0.546143,0,0,1.09181,0.328022,0.217645,0.66528,12.849,1,0.488759,0.36288,0,40.852,6.11006,34.6161,0.84672,12.849,0.84672,3695.15,0,36.966,0.3293,0.591028,2.05693,3.78039,1.53642,4.56263,0.42336,36.966,0.42336,423.524,0,1.02816,0,0,1.61919,0.591028,1.028160,1,0,39.3963,0,0,0,39.3963,0
67.2491,2.63365,0,0,1.89805,0.0650373,0.36288,3.6288,61.308,0.546157,0,0,1.08103,0.333202,0.201669,0.66528,12.849,1,0.494641,0.36288,0,38.7249,6.2596,32.3335,0.84672,12.849,0.84672,3695.15,0,36.966,0.329309,0.54273,2.05696,3.77201,1.5663,4.47609,0.42336,36.966,0.42336,423.524,0,1.02816,0,0,1.57089,0.54273,1.028160,1,0,37.0113,0,0,0,37.0113,0
65.4882,2.8019,0,0,1.46798,0.0641267,0.36288,3.6288,61.3021,0.648417,0,0,0.975188,0.332644,0,0.66528,12.849,1,0.535348,0.36288,0,33.5967,6.31101,27.1132,0.84672,12.849,0.84672,3695.15,0,36.966,0.390967,0.499997,2.05698,3.44339,1.48783,4.12157,0.42336,36.966,0.42336,423.524,0,1.02816,0,0,1.52816,0.499997,1.028160,1,0,31.2348,0,0,0,31.2348,0
63.4431,2.7899,0,0,1.17441,0.0667443,0.36288,3.6288,61.026,0.648409,0,0,0.717293,0.344977,0,0.66528,12.849,1,0.547388,0.36288,0,23.1593,6.30683,16.6679,0.84672,12.849,0.84672,3695.15,0,36.966,0.390999,0.38867,2.22279,2.94533,1.5209,3.64489,0.42336,36.966,0.42336,423.524,0,1.02816,0,0,1.41683,0.38867,1.028160,1,0,20.3128,0,0,0,20.3128,0
61.5548,2.77526,0,0,1.31553,0.0656522,0.36288,3.6288,60.7701,0.647322,0,0,0.7358,0.344375,0,0.66528,12.849,1,0.562068,0.36288,0,23.0204,6.30683,16.5144,0.84672,12.849,0.84672,3695.15,0,36.966,0.39211,0.428121,2.22281,3.15683,1.5209,3.89475,0.42336,36.966,0.42336,423.524,0,1.02816,0,0,1.45628,0.428121,1.028160,1,0,20.4092,0,0,0,20.4092,0
60.453,2.76103,0,0,2.10539,0.0833479,0.36288,3.6288,60.6886,0.64631,0,0,0.904288,0.33954,0,0.66528,12.849,1,0.576339,0.36288,0,38.2441,6.18808,31.8426,0.84672,12.849,0.84672,3695.15,0,36.966,0.393145,0.741079,2.22284,3.44121,1.50634,4.50564,0.42336,36.966,0.42336,423.524,0,1.02816,0,0,1.76924,0.741079,1.028160,1,0,36.3482,0,0,0,36.3482,0
59.8935,2.7524,0,0,2.63885,0.0830458,0.36288,3.6288,60.8148,0.645997,0,0,1.10275,0.330576,0,0.66528,12.849,1,0.585009,0.36288,0,45.6096,6.32817,39.0593,0.84672,12.849,0.84672,3695.15,0,36.966,0.393483,0.708636,2.22286,3.375,1.49232,4.42069,0.42336,36.966,0.42336,423.524,0,1.02816,0,0,1.7368,0.708636,1.028160,1,0,43.48,0,0,0,43.48,0
57.6936,2.66409,0,0,0.960906,0.133851,0.36288,3.6288,60.3018,0.915144,0,0,0.704238,0.302006,0,0.66528,12.849,1,0.571529,0.36288,0,19.7715,5.78718,13.7757,0.84672,12.849,0.84672,3695.15,0,36.966,0.42336,0.204422,2.22289,3.22644,1.26972,3.96068,0.42336,36.966,0.42336,423.524,0,0.629675,0,0,0.834097,0.204422,1.028160,1,0,17.7364,0,0,0,17.7364,0
55.383,2.64629,0,0,0.829596,0.131032,0.36288,3.6288,60.4376,0.582785,0,0,1.01961,0.301024,0,0.66528,12.849,1,0.589359,0.36288,0,17.1127,5.78718,11.0991,0.84672,12.849,0.84672,3695.15,0,36.966,0.357257,0.408586,2.12697,3.67684,1.26972,4.58542,0.42336,36.966,0.42336,423.524,0,1.02816,0,0,1.43675,0.408586,1.028160,1,0,15.6845,0,0,0,15.6845,0
52.9856,2.62637,0,0,0.719928,0.128071,0.36288,3.6288,59.7761,0.924426,0,0,0.564212,0.301284,0,0.66528,12.849,1,0.609324,0.36288,0,17.5716,5.78718,11.538,0.84672,12.849,0.84672,3695.15,0,36.966,0.42336,0.216518,2.12699,2.72726,1.26972,3.3777,0.42336,36.966,0.42336,423.524,0,0.620438,0,0,0.836957,0.216518,1.028160,1,0,14.9157,0,0,0,14.9157,0
50.5938,2.60421,0,0,0.700307,0.124999,0.36288,3.6288,59.002,0.996057,0,0,0.52196,0.300017,0,0.66528,12.849,1,0.63152,0.36288,0,16.0513,5.78718,9.99549,0.84672,12.849,0.84672,3695.15,0,36.966,0.42336,0.216518,2.12702,2.67979,1.26972,3.33025,0.42336,36.966,0.42336,423.524,0,0.54883,0,0,0.765348,0.216518,1.028160,1,0,13.3257,0,0,0,13.3257,0
48.4408,2.51377,0,0,0.896962,0.173317,0.36288,3.6288,58.5716,0.837851,0,0,0.613826,0.20639,0,0.66528,12.849,1,0.638407,0.36288,0,18.9565,4.34559,14.3354,0.84672,12.849,0.84672,3695.15,0,36.966,0.42336,0.216518,2.12704,2.68336,0.896646,3.70691,0.42336,36.966,0.42336,423.524,0,0.616499,0,0,0.833017,0.216518,1.028160,1,0,18.0423,0,0,0,18.0423,0
46.4285,2.49137,0,0,1.02792,0.185961,0.36288,3.6288,57.9018,0.920851,0,0,0.458165,0.207093,0,0.66528,12.849,1,0.660841,0.36288,0,24.1925,4.43234,19.4622,0.84672,12.849,0.84672,3695.15,0,36.966,0.42336,0.216518,2.04144,2.97126,1.05677,3.74909,0.42336,36.966,0.42336,423.524,0,0.53352,0,0,0.750038,0.216518,1.028160,1,0,23.2113,0,0,0,23.2113,0
44.2852,2.46897,0,0,0.915883,0.227372,0.36288,3.6288,56.8906,1.124,0,0,0.312981,0.200204,0,0.66528,12.849,1,0.683282,0.36288,0,21.2921,4.49075,16.4809,0.84672,12.849,0.84672,3695.15,0,36.966,0.42336,0.216518,2.04146,2.4829,1.13118,3.18635,0.42336,36.966,0.42336,423.524,0,0.330396,0,0,0.546915,0.216518,1.028160,1,0,19.6673,0,0,0,19.6673,0
42.4652,2.44336,0,0,1.20826,0.221962,0.36288,3.6288,56.8889,0.514989,0,0,0.712196,0.198896,0,0.66528,12.849,1,0.708923,0.36288,0,28.4872,4.49075,23.6504,0.84672,12.849,0.84672,3695.15,0,36.966,0.334626,0.366349,2.04148,4.41336,1.13118,5.35539,0.42336,36.966,0.42336,423.524,0,1.02816,0,0,1.39451,0.366349,1.028160,1,0,29.0058,0,0,0,29.0058,0
42.8786,2.28298,0,0,3.25701,0.197732,0.36288,3.6288,57.7474,0.421336,0,0,1.48026,0.200475,0,0.66528,12.849,1,0.690778,0.36288,0,99.7492,4.25764,95.1637,0.84672,12.849,0.84672,3695.15,0,36.966,0.273781,1.71301,2.04151,7.65253,1.06118,10.0721,0.42336,36.966,0.42336,423.524,0,1.02816,0,0,2.74117,1.71301,1.028160,1,0,105.236,0,0,0,105.236,0
41.5645,2.28813,0,0,1.53311,0.196199,0.36288,3.6288,57.7576,0.42383,0,0,0.618315,0.184209,0,0.66528,12.849,1,0.685661,0.36288,0,51.122,3.90673,46.8925,0.84672,12.849,0.84672,3695.15,0,36.966,0.271308,0.671198,1.88869,4.36527,0.90458,5.74927,0.42336,36.966,0.42336,423.524,0,1.02816,0,0,1.69936,0.671198,1.028160,1,0,52.6418,0,0,0,52.6418,0
40.7538,2.04685,0,0,1.82685,0.227817,0.36288,3.6288,58.0025,0.319908,0,0,0.732993,0.168199,0,0.66528,12.849,1,0.632751,0.36288,0,70.4474,4.08062,66.0969,0.84672,12.849,0.84672,3695.15,0,36.966,0.204747,0.607971,1.88871,5.08576,0.918379,6.45932,0.42336,36.966,0.42336,423.524,0,1.02816,0,0,1.63613,0.607971,1.028160,1,0,72.5562,0,0,0,72.5562,0
40.0042,2.03731,0,0,1.87618,0.225649,0.36288,3.6288,58.2309,0.320447,0,0,0.717284,0.168466,0,0.66528,12.849,1,0.642328,0.36288,0,62.8251,4.08062,58.465,0.84672,12.849,0.84672,3695.15,0,36.966,0.204226,0.639006,1.70186,4.81294,0.918379,6.0312,0.42336,36.966,0.42336,423.524,0,1.02816,0,0,1.66717,0.639006,1.028160,1,0,64.4962,0,0,0,64.4962,0
40.0572,2.02822,0,0,2.65667,0.212538,0.36288,3.6288,59.0938,0.320948,0,0,1.37019,0.186336,0,0.66528,12.849,1,0.651446,0.36288,0,136.246,4.39258,131.565,0.84672,12.849,0.84672,3695.15,0,36.966,0.203743,1.49919,1.70188,8.61598,1.04517,10.5681,0.42336,36.966,0.42336,423.524,0,1.02816,0,0,2.52735,1.49919,1.028160,1,0,142.133,0,0,0,142.133,0
39.5928,2.02887,0,0,2.13856,0.211248,0.36288,3.6288,59.0888,0.437994,0,0,0.617039,0.184062,0,0.66528,12.849,1,0.650793,0.36288,0,48.0523,3.85968,43.9047,0.84672,12.849,0.84672,3695.15,0,36.966,0.273986,0.412474,1.7019,4.04446,1.04069,4.84416,0.42336,36.966,0.42336,423.524,0,0.840871,0,0,1.25334,0.412474,1.028160,1,0,48.7489,0,0,0,48.7489,0
41.5408,2.08651,0,0,4.6119,0.214469,0.36288,3.6288,59.6523,0.353665,0,0,1.09329,0.176122,0,0.66528,12.849,1,0.677132,0.36288,0,89.8793,3.64088,85.9242,0.84672,12.849,0.84672,3695.15,0,36.966,0.221253,0.797636,1.7019,7.72994,0.987119,9.02111,0.42336,36.966,0.42336,423.524,0,1.02816,0,0,1.8258,0.797636,1.028160,1,0,94.9453,0,0,0,94.9453,0
44.845,2.11077,0,0,5.99725,0.219464,0.36288,3.6288,61.0995,0.354961,0,0,1.97894,0.176758,0,0.66528,12.849,1,0.652884,0.36288,0,134.194,3.64088,130.263,0.84672,12.849,0.84672,3695.15,0,36.966,0.219966,2.43511,1.75644,11.3956,0.987119,14.38,0.42336,36.966,0.42336,423.524,0,1.02816,0,0,3.46327,2.43511,1.028160,1,0,144.643,0,0,0,144.643,0
50.4433,2.14818,0,0,8.39151,0.28212,0.36288,3.6288,61.308,0.358213,0,0,2.08057,0.212031,1.30184,0.66528,12.849,1,0.615497,0.36288,0,235.905,4.28106,231.371,0.84672,12.849,0.84672,3695.15,0,36.966,0.216724,3.99001,1.75645,14.2609,1.15139,18.6393,0.42336,36.966,0.42336,423.524,0,1.02816,0,0,5.01817,3.99001,1.028160,1,0,251.312,0,0,0,251.312,0
53.2264,2.20263,0,0,5.61197,0.263303,0.36288,3.6288,61.308,0.358679,0,0,2.30386,0.189722,1.75546,0.66528,12.849,1,0.561058,0.36288,0,182.46,3.85545,178.406,0.84672,12.849,0.84672,3695.15,0,36.966,0.216268,2.36548,1.75647,10.9312,1.05557,13.7813,0.42336,36.966,0.42336,423.524,0,1.02816,0,0,3.39364,2.36548,1.028160,1,0,193.943,0,0,0,193.943,0
57.4849,2.44342,0,0,7.28549,0.220737,0.36288,3.6288,61.308,0.476276,0,0,1.64163,0.159603,1.00575,0.66528,12.849,1,0.589849,0.36288,0,169.558,3.28797,166.043,0.84672,12.849,0.84672,3695.15,0,36.966,0.287173,1.68096,1.75648,10.4423,0.927807,12.6648,0.42336,36.966,0.42336,423.524,0,1.02816,0,0,2.70912,1.68096,1.028160,1,0,179.714,0,0,0,179.714,0
60.7646,2.69693,0,0,6.62362,0.284101,0.36288,3.6288,61.308,0.574464,0,0,1.71508,0.146941,0.993679,0.66528,12.849,1,0.602816,0.36288,0,144.485,3.40343,140.842,0.84672,12.849,0.84672,3695.15,0,36.966,0.346376,2.44029,1.95263,9.95993,0.88128,13.1252,0.42336,36.966,0.42336,423.524,0,1.02816,0,0,3.46845,2.44029,1.028160,1,0,154.961,0,0,0,154.961,0
67.8628,2.50386,0,0,10.2812,0.316242,0.36288,3.6288,61.308,0.47629,0,0,1.39589,0.181231,0.738367,0.66528,12.849,1,0.529454,0.36288,0,198.832,3.30907,195.357,0.84672,12.849,0.84672,3695.15,0,36.966,0.287182,1.35202,2.12417,10.5193,0.93267,12.7756,0.42336,36.966,0.42336,423.524,0,1.02816,0,0,2.38018,1.35202,1.028160,1,0,208.871,0,0,0,208.871,0
69.6722,2.77447,0,0,5.27943,0.332632,0.36288,3.6288,61.308,0.574479,0,0,1.70508,0.175058,0.955541,0.66528,12.849,1,0.525312,0.36288,0,136.59,3.1833,133.244,0.84672,12.849,0.84672,3695.15,0,36.966,0.346385,1.00721,1.95266,10.5827,0.930807,12.2654,0.42336,36.966,0.42336,423.524,0,1.02816,0,0,2.03537,1.00721,1.028160,1,0,146.465,0,0,0,146.465,0
72.29,2.48197,0,0,5.91011,0.334282,0.476095,3.6288,61.308,0.423892,0,0,2.18652,0.166828,1.5958,0.66528,12.849,1,0.457727,0.476095,0,137.208,3.0156,134.211,0.84672,12.849,0.84672,3695.15,0,36.966,0.255588,1.91663,2.12419,11.9963,0.928323,14.8532,0.42336,36.966,0.42336,423.524,0,1.02816,0,0,2.94479,1.91663,1.028160,1,0,150.66,0,0,0,150.66,0
72.29,2.49043,0,0,7.67345,0.341056,4.84197,3.6288,61.308,0.428041,0,0,2.37838,0.166828,1.78352,0.66528,12.849,1,0.442654,4.84197,0,160.625,3.0156,162.008,0.84672,12.849,0.84672,3695.15,0,36.966,0.25809,2.27843,1.87022,15.5472,0.928323,18.5095,0.42336,36.966,0.42336,423.524,0,1.02816,0,0,3.30659,2.27843,1.028160,1,0,182.301,0,0,0,182.301,0
72.29,2.49045,0,0,7.27212,0.33969,4.44198,3.6288,61.308,0.428041,0,0,2.26781,0.155374,1.68439,0.66528,12.849,1,0.442659,4.44198,0,177.455,2.83629,178.618,0.84672,12.849,0.84672,3695.15,0,36.966,0.25809,2.22291,1.87412,13.9391,0.897613,16.8804,0.42336,36.966,0.42336,423.524,0,1.02816,0,0,3.25107,2.22291,1.028160,1,0,197.183,0,0,0,197.183,0
72.29,2.49047,0,0,12.0413,0.342506,9.20833,3.6288,61.308,0.428041,0,0,3.35869,0.1843,2.74635,0.66528,12.849,1,0.442663,9.20833,0,307.75,3.61169,312.904,0.84672,12.849,0.84672,3695.15,0,36.966,0.25809,2.97428,1.87413,24.5281,1.0877,28.0307,0.42336,36.966,0.42336,423.524,0,1.02816,0,0,4.00244,2.97428,1.028160,1,0,343.681,0,0,0,343.681,0
72.29,2.4905,0,0,8.22853,0.297172,5.44086,3.6288,61.308,0.428041,0,0,3.07162,0.221363,2.42222,0.66528,12.849,1,0.442667,5.44086,0,132.856,4.23517,133.619,0.84672,12.849,0.84672,3695.15,0,36.966,0.25809,2.15609,1.87413,15.3168,1.04206,18.0469,0.42336,36.966,0.42336,423.524,0,1.02816,0,0,3.18425,2.15609,1.028160,1,0,154.088,0,0,0,154.088,0
72.29,2.58173,0,0,6.5461,0.297172,3.66721,3.6288,61.308,0.470888,0,0,2.58483,0.221363,1.89258,0.66528,12.849,1,0.458882,3.66721,0,116.7,4.23517,115.673,0.84672,12.849,0.84672,3695.15,0,36.966,0.283925,1.84531,1.87414,11.1908,1.04206,13.5842,0.42336,36.966,0.42336,423.524,0,1.02816,0,0,2.87347,1.84531,1.028160,1,0,131.15,0,0,0,131.15,0
72.29,2.58734,0,0,4.76854,0.297172,1.88402,3.6288,61.308,0.466779,0,0,1.07829,0.221363,0.390148,0.66528,12.849,1,0.459881,1.88402,0,124.716,4.23517,121.905,0.84672,12.849,0.84672,3695.15,0,36.966,0.281447,0.677817,1.94733,6.59306,1.04206,7.89471,0.42336,36.966,0.42336,423.524,0,1.02816,0,0,1.70598,0.677817,1.028160,1,0,130.19,0,0,0,130.19,0
72.29,2.58736,0,0,4.24462,0.297172,1.36009,3.6288,61.308,0.529639,0,0,0.880312,0.221363,0.129311,0.66528,12.849,1,0.459884,1.36009,0,123.624,4.23517,120.289,0.84672,12.849,0.84672,3695.15,0,36.966,0.319349,0.528595,1.94349,5.70307,1.04206,6.81374,0.42336,36.966,0.42336,423.524,0,0.927409,0,0,1.456,0.528595,1.028160,1,0,127.232,0,0,0,127.232,0
72.29,2.58738,0,0,4.30886,0.241206,1.48028,3.6288,61.308,0.466792,0,0,1.3441,0.203316,0.673991,0.66528,12.849,1,0.459887,1.48028,0,115.62,4.05128,112.59,0.84672,12.849,0.84672,3695.15,0,36.966,0.281455,1.01338,1.9435,6.91469,1.08436,8.50575,0.42336,36.966,0.42336,423.524,0,1.02816,0,0,2.04154,1.01338,1.028160,1,0,121.769,0,0,0,121.769,0
72.29,2.55173,0,0,4.02725,0.217786,1.25773,3.6288,61.308,0.450157,0,0,1.43179,0.190743,0.790886,0.66528,12.849,1,0.453551,1.25773,0,100.312,3.92501,97.1913,0.84672,12.849,0.84672,3695.15,0,36.966,0.271425,0.919279,1.94351,6.90362,1.06072,8.43426,0.42336,36.966,0.42336,423.524,0,1.02816,0,0,1.94744,0.919279,1.028160,1,0,106.416,0,0,0,106.416,0
72.29,2.55175,0,0,3.69096,0.207796,0.931421,3.6288,61.308,0.450164,0,0,1.33651,0.197149,0.6892,0.66528,12.849,1,0.453554,0.931421,0,91.6609,4.065,88.0738,0.84672,12.849,0.84672,3695.15,0,36.966,0.271429,0.863404,1.91504,5.87525,1.08035,7.30192,0.42336,36.966,0.42336,423.524,0,1.02816,0,0,1.89156,0.863404,1.028160,1,0,96.0649,0,0,0,96.0649,0
72.29,2.55176,0,0,3.45322,0.186714,0.71474,3.6288,61.308,0.450171,0,0,1.2793,0.219649,0.609479,0.66528,12.849,1,0.453557,0.71474,0,80.2354,4.05267,76.4439,0.84672,12.849,0.84672,3695.15,0,36.966,0.271433,0.885997,1.91505,6.06931,1.02281,7.57613,0.42336,36.966,0.42336,423.524,0,1.02816,0,0,1.91416,0.885997,1.028160,1,0,84.6295,0,0,0,84.6295,0
72.29,2.55178,0,0,3.42039,0.133071,0.735536,3.6288,61.308,0.450178,0,0,1.20696,0.256575,0.500203,0.66528,12.849,1,0.453559,0.735536,0,74.3766,4.51877,70.1398,0.84672,12.849,0.84672,3695.15,0,36.966,0.271437,0.674603,1.91506,6.2811,1.13616,7.46317,0.42336,36.966,0.42336,423.524,0,1.02816,0,0,1.70276,0.674603,1.028160,1,0,78.1032,0,0,0,78.1032,0
72.29,2.67284,0,0,3.17072,0.121029,0.376843,3.6288,61.308,0.509202,0,0,0.991777,0.259567,0.223008,0.66528,12.849,1,0.475078,0.376843,0,69.1589,4.55311,64.5075,0.84672,12.849,0.84672,3695.15,0,36.966,0.307026,0.4273,1.91508,5.16196,1.13134,6.06597,0.42336,36.966,0.42336,423.524,0,1.02816,0,0,1.45546,0.4273,1.028160,1,0,70.7965,0,0,0,70.7965,0
72.1782,2.67286,0,0,3.04494,0.121029,0.36288,3.6288,61.308,0.509209,0,0,0.981366,0.259567,0.21259,0.66528,12.849,1,0.475081,0.36288,0,64.1926,4.55311,59.5273,0.84672,12.849,0.84672,3695.15,0,36.966,0.30703,0.432415,2.01489,4.95382,1.13134,5.96276,0.42336,36.966,0.42336,423.524,0,1.02816,0,0,1.46057,0.432415,1.028160,1,0,65.7026,0,0,0,65.7026,0
71.907,2.67225,0,0,2.88975,0.125839,0.36288,3.6288,61.308,0.509216,0,0,0.96584,0.25825,0.198373,0.66528,12.849,1,0.475709,0.36288,0,61.4904,4.4685,56.909,0.84672,12.849,0.84672,3695.15,0,36.966,0.307035,0.551655,2.01491,4.63717,1.1346,5.76209,0.42336,36.966,0.42336,423.524,0,1.02816,0,0,1.57982,0.551655,1.028160,1,0,62.8695,0,0,0,62.8695,0
71.4118,2.67075,0,0,2.6824,0.143919,0.36288,3.6288,61.308,0.509223,0,0,0.928308,0.2545,0.164584,0.66528,12.849,1,0.477234,0.36288,0,56.9152,3.99286,52.808,0.84672,12.849,0.84672,3695.15,0,36.966,0.307039,0.498856,2.01492,4.31336,1.16371,5.35638,0.42336,36.966,0.42336,423.524,0,1.02816,0,0,1.52702,0.498856,1.028160,1,0,58.329,0,0,0,58.329,0
72.2749,2.66796,0,0,3.99957,0.105593,0.36288,3.6288,61.308,0.50923,0,0,1.37537,0.271816,0.59432,0.66528,12.849,1,0.480041,0.36288,0,69.1865,4.98477,64.0846,0.84672,12.849,0.84672,3695.15,0,36.966,0.307043,1.41795,2.01493,8.49865,1.23306,10.3914,0.42336,36.966,0.42336,423.524,0,1.02816,0,0,2.44611,1.41795,1.028160,1,0,75.0703,0,0,0,75.0703,0
72.29,2.6489,0,0,3.78381,0.106289,1.01356,3.6288,61.308,0.541675,0,0,1.3429,0.271816,0.529406,0.66528,12.849,1,0.470921,1.01356,0,67.1069,4.98477,62.6648,0.84672,12.849,0.84672,3695.15,0,36.966,0.326606,1.25555,2.01494,7.76269,1.23306,9.47352,0.42336,36.966,0.42336,423.524,0,1.02816,0,0,2.28371,1.25555,1.028160,1,0,72.6677,0,0,0,72.6677,0
72.29,2.649,0,0,3.60183,0.0967315,0.856091,3.6288,61.308,0.541683,0,0,1.29652,0.287361,0.467475,0.66528,12.849,1,0.47084,0.856091,0,64.4153,5.20194,59.5987,0.84672,12.849,0.84672,3695.15,0,36.966,0.326611,1.23136,2.04985,7.47775,1.30656,9.12578,0.42336,36.966,0.42336,423.524,0,1.02816,0,0,2.25952,1.23136,1.028160,1,0,69.1919,0,0,0,69.1919,0
72.29,2.64902,0,0,3.39822,0.0826629,0.666533,3.6288,61.308,0.54169,0,0,1.2508,0.307289,0.401825,0.66528,12.849,1,0.470843,0.666533,0,61.0176,5.76316,55.4501,0.84672,12.849,0.84672,3695.15,0,36.966,0.326615,1.29641,2.04986,7.41718,1.44492,8.99191,0.42336,36.966,0.42336,423.524,0,1.02816,0,0,2.32457,1.29641,1.028160,1,0,64.8438,0,0,0,64.8438,0
72.29,2.64904,0,0,3.39017,0.0867169,0.654419,3.6288,61.308,0.541697,0,0,1.1429,0.308233,0.292969,0.66528,12.849,1,0.470846,0.654419,0,60.8529,5.71366,55.3228,0.84672,12.849,0.84672,3695.15,0,36.966,0.326619,1.11309,2.04987,6.59621,1.45716,7.97539,0.42336,36.966,0.42336,423.524,0,1.02816,0,0,2.14125,1.11309,1.028160,1,0,63.5912,0,0,0,63.5912,0
72.29,2.65723,0,0,3.52789,0.0868009,0.783858,3.6288,61.308,0.546632,0,0,1.07746,0.314621,0.216207,0.66528,12.849,1,0.472303,0.783858,0,55.972,5.67105,50.6125,0.84672,12.849,0.84672,3695.15,0,36.966,0.329595,1.0971,2.04988,6.37304,1.47996,7.71047,0.42336,36.966,0.42336,423.524,0,1.02816,0,0,2.12526,1.0971,1.028160,1,0,58.5392,0,0,0,58.5392,0
72.251,2.65725,0,0,3.06795,0.0868009,0.36288,3.6288,61.308,0.546639,0,0,1.01257,0.314621,0.151313,0.66528,12.849,1,0.472306,0.36288,0,52.9554,5.67105,47.1749,0.84672,12.849,0.84672,3695.15,0,36.966,0.329599,0.91768,2.0578,6.20201,1.47996,7.36793,0.42336,36.966,0.42336,423.524,0,1.02816,0,0,1.94584,0.91768,1.028160,1,0,54.6942,0,0,0,54.6942,0
71.9694,2.65705,0,0,2.8251,0.0867752,0.36288,3.6288,61.308,0.546646,0,0,0.992105,0.314621,0.130838,0.66528,12.849,1,0.472525,0.36288,0,49.9446,5.67105,44.1639,0.84672,12.849,0.84672,3695.15,0,36.966,0.329603,0.817612,2.05782,6.13924,1.47996,7.2051,0.42336,36.966,0.42336,423.524,0,1.02816,0,0,1.84577,0.817612,1.028160,1,0,51.4998,0,0,0,51.4998,0
71.3949,2.6555,0,0,2.5063,0.0624092,0.36288,3.6288,61.308,0.546654,0,0,1.01676,0.329112,0.14099,0.66528,12.849,1,0.474097,0.36288,0,50.4418,6.0119,44.3187,0.84672,12.849,0.84672,3695.15,0,36.966,0.329608,0.907364,2.05783,5.96691,1.49341,7.10908,0.42336,36.966,0.42336,423.524,0,1.02816,0,0,1.93552,0.907364,1.028160,1,0,51.5687,0,0,0,51.5687,0
72.29,2.82942,0,0,4.1733,0.0376164,0.411194,3.6288,61.308,0.648949,0,0,1.37512,0.376446,0.349722,0.66528,12.849,1,0.509212,0.411194,0,67.4412,6.1194,61.2237,0.84672,12.849,0.84672,3695.15,0,36.966,0.391288,1.81374,2.05784,8.82541,1.57063,10.7351,0.42336,36.966,0.42336,423.524,0,1.02816,0,0,2.8419,1.81374,1.028160,1,0,72.3086,0,0,0,72.3086,0
72.29,2.83479,0,0,3.52578,0.0429643,0.648025,3.6288,61.2943,0.648957,0,0,1.01063,0.375373,0,0.66528,12.849,1,0.503862,0.648025,0,54.3326,6.08972,48.3871,0.84672,12.849,0.84672,3695.15,0,36.966,0.391292,1.28997,2.2237,5.57915,1.56698,7.13454,0.42336,36.966,0.42336,423.524,0,1.02816,0,0,2.31813,1.28997,1.028160,1,0,55.5216,0,0,0,55.5216,0
71.5281,2.8348,0,0,2.54655,0.110753,0.36288,3.6288,61.1608,0.648911,0,0,0.868622,0.353255,0,0.66528,12.849,1,0.503865,0.36288,0,37.8734,5.90088,31.8315,0.84672,12.849,0.84672,3695.15,0,36.966,0.391352,1.12508,2.22372,4.57243,1.50504,6.02483,0.42336,36.966,0.42336,423.524,0,1.02816,0,0,2.15324,1.12508,1.028160,1,0,37.8563,0,0,0,37.8563,0
70.5452,2.83027,0,0,2.3352,0.124924,0.36288,3.6288,61.0566,0.648386,0,0,0.890914,0.346702,0,0.66528,12.849,1,0.508418,0.36288,0,43.145,5.89659,37.1028,0.84672,12.849,0.84672,3695.15,0,36.966,0.391889,1.13596,2.22373,4.20845,1.48901,5.68724,0.42336,36.966,0.42336,423.524,0,1.02816,0,0,2.16412,1.13596,1.028160,1,0,42.7901,0,0,0,42.7901,0
70.4593,2.8243,0,0,3.17387,0.0726329,0.36288,3.6288,61.308,0.647977,0,0,1.44594,0.34569,0.200854,0.66528,12.849,1,0.514413,0.36288,0,58.4734,5.85222,52.4697,0.84672,12.849,0.84672,3695.15,0,36.966,0.39231,1.92883,2.22374,9.7452,1.5099,11.9956,0.42336,36.966,0.42336,423.524,0,1.02816,0,0,2.95699,1.92883,1.028160,1,0,64.6661,0,0,0,64.6661,0
70.6138,2.73763,0,0,3.3682,0.113174,0.36288,3.6288,61.308,0.586902,0,0,1.47538,0.311605,0.576868,0.66528,12.849,1,0.499235,0.36288,0,49.2971,5.56875,43.592,0.84672,12.849,0.84672,3695.15,0,36.966,0.353876,1.80617,2.22376,9.0707,1.41855,11.3282,0.42336,36.966,0.42336,423.524,0,1.02816,0,0,2.83433,1.80617,1.028160,1,0,55.497,0,0,0,55.497,0
72.29,2.73857,0,0,5.05155,0.132989,0.503811,3.6288,61.308,0.58691,0,0,1.69804,0.297804,0.813323,0.66528,12.849,1,0.498314,0.503811,0,60.0363,5.45832,54.5835,0.84672,12.849,0.84672,3695.15,0,36.966,0.35388,2.49856,2.12779,9.64812,1.38062,12.54,0.42336,36.966,0.42336,423.524,0,1.02816,0,0,3.52672,2.49856,1.028160,1,0,67.9368,0,0,0,67.9368,0
72.29,2.7484,0,0,6.82043,0.134702,3.93734,3.6288,61.308,0.586917,0,0,2.74393,0.297804,1.85921,0.66528,12.849,1,0.488507,3.93734,0,119.805,5.45832,117.795,0.84672,12.849,0.84672,3695.15,0,36.966,0.353885,4.70617,2.1278,15.1979,1.38062,20.2974,0.42336,36.966,0.42336,423.524,0,1.02816,0,0,5.73433,4.70617,1.028160,1,0,139.952,0,0,0,139.952,0
72.29,2.74841,0,0,4.58584,0.178173,1.65926,3.6288,61.308,0.586925,0,0,1.88759,0.239624,1.06104,0.66528,12.849,1,0.48851,1.65926,0,99.0301,4.84605,95.3548,0.84672,12.849,0.84672,3695.15,0,36.966,0.35389,2.18882,2.12782,10.0179,1.19391,12.7867,0.42336,36.966,0.42336,423.524,0,1.02816,0,0,3.21698,2.18882,1.028160,1,0,109.203,0,0,0,109.203,0
72.29,2.67743,0,0,3.37499,0.236134,0.461425,3.6288,61.308,0.530416,0,0,1.25495,0.162051,0.562484,0.66528,12.849,1,0.475893,0.461425,0,59.6375,4.02969,55.5934,0.84672,12.849,0.84672,3695.15,0,36.966,0.319817,0.898551,2.12783,9.49899,0.944951,11.2606,0.42336,36.966,0.42336,423.524,0,1.02816,0,0,1.92671,0.898551,1.028160,1,0,67.4164,0,0,0,67.4164,0
72.29,2.67745,0,0,4.5148,0.236134,1.60121,3.6288,61.308,0.530423,0,0,1.6816,0.162051,0.989129,0.66528,12.849,1,0.475896,1.60121,0,83.0331,4.02969,80.1287,0.84672,12.849,0.84672,3695.15,0,36.966,0.319822,1.34901,2.04218,12.4121,0.944951,14.5385,0.42336,36.966,0.42336,423.524,0,1.02816,0,0,2.37717,1.34901,1.028160,1,0,95.6563,0,0,0,95.6563,0
72.29,2.67746,0,0,4.6329,0.236134,1.7193,3.6288,61.308,0.530431,0,0,2.18825,0.162051,1.49577,0.66528,12.849,1,0.475899,1.7193,0,84.3376,4.02969,81.5513,0.84672,12.849,0.84672,3695.15,0,36.966,0.319826,1.70846,2.04219,14.3567,0.944951,16.8425,0.42336,36.966,0.42336,423.524,0,1.02816,0,0,2.73662,1.70846,1.028160,1,0,99.8896,0,0,0,99.8896,0
72.29,2.67748,0,0,3.89561,0.266205,0.951926,3.6288,61.308,0.530438,0,0,1.57365,0.134047,0.909161,0.66528,12.849,1,0.475902,0.951926,0,80.028,4.09431,76.4097,0.84672,12.849,0.84672,3695.15,0,36.966,0.31983,1.31357,2.04221,12.8169,1.03262,14.8203,0.42336,36.966,0.42336,423.524,0,1.02816,0,0,2.34173,1.31357,1.028160,1,0,92.1391,0,0,0,92.1391,0
72.29,2.52583,0,0,3.32701,0.286741,0.514441,3.6288,61.308,0.434016,0,0,1.16009,0.168114,0.557963,0.66528,12.849,1,0.448947,0.514441,0,78.9877,4.24588,74.8074,0.84672,12.849,0.84672,3695.15,0,36.966,0.261692,0.650229,2.04222,7.79795,0.997444,9.23126,0.42336,36.966,0.42336,423.524,0,1.02816,0,0,1.67839,0.650229,1.028160,1,0,84.5966,0,0,0,84.5966,0
71.3217,2.52585,0,0,2.20718,0.286741,0.36288,3.6288,61.308,0.434023,0,0,1.02774,0.168114,0.4256,0.66528,12.849,1,0.44895,0.36288,0,81.9573,4.24588,77.6254,0.84672,12.849,0.84672,3695.15,0,36.966,0.261696,0.95205,1.88933,7.71963,0.997444,9.30188,0.42336,36.966,0.42336,423.524,0,1.02816,0,0,1.98021,0.95205,1.028160,1,0,87.3528,0,0,0,87.3528,0
70.3404,2.5207,0,0,2.18694,0.284634,0.36288,3.6288,61.308,0.434029,0,0,0.882109,0.168114,0.279966,0.66528,12.849,1,0.454118,0.36288,0,65.6286,4.24588,61.2915,0.84672,12.849,0.84672,3695.15,0,36.966,0.2617,0.580833,1.88935,8.89968,0.997444,10.1107,0.42336,36.966,0.42336,423.524,0,1.02816,0,0,1.60899,0.580833,1.028160,1,0,71.6821,0,0,0,71.6821,0
69.5826,2.51536,0,0,2.39095,0.270592,0.36288,3.6288,61.308,0.434036,0,0,1.03099,0.17481,0.422139,0.66528,12.849,1,0.459477,0.36288,0,85.5265,3.79573,81.6342,0.84672,12.849,0.84672,3695.15,0,36.966,0.261704,1.24339,1.88936,8.64726,0.932073,10.5862,0.42336,36.966,0.42336,423.524,0,1.02816,0,0,2.27155,1.24339,1.028160,1,0,92.6425,0,0,0,92.6425,0
71.316,2.51115,0,0,4.87903,0.271539,0.36288,3.6288,61.308,0.434043,0,0,2.09013,0.235387,1.4207,0.66528,12.849,1,0.463704,0.36288,0,75.8681,4.4376,71.3297,0.84672,12.849,0.84672,3695.15,0,36.966,0.261708,1.91976,1.88937,11.552,1.18406,13.9154,0.42336,36.966,0.42336,423.524,0,1.02816,0,0,2.94792,1.91976,1.028160,1,0,86.6658,0,0,0,86.6658,0
72.29,2.59968,0,0,4.93503,0.275664,1.08571,3.6288,61.308,0.468822,0,0,2.9462,0.26458,2.21279,0.66528,12.849,1,0.468384,1.08571,0,132.379,4.78097,128.215,0.84672,12.849,0.84672,3695.15,0,36.966,0.282679,2.76715,1.88938,13.4175,1.34856,16.4428,0.42336,36.966,0.42336,423.524,0,1.02816,0,0,3.79531,2.76715,1.028160,1,0,146.871,0,0,0,146.871,0
72.29,2.60504,0,0,6.94386,0.277716,4.06111,3.6288,61.308,0.468823,0,0,4.23192,0.26458,3.49852,0.66528,12.849,1,0.463026,4.06111,0,97.5508,4.78097,96.3679,0.84672,12.849,0.84672,3695.15,0,36.966,0.282679,3.70315,1.94992,14.8671,1.34856,18.8889,0.42336,36.966,0.42336,423.524,0,1.02816,0,0,4.73131,3.70315,1.028160,1,0,118.755,0,0,0,118.755,0
72.29,2.60504,0,0,11.907,0.277716,9.0242,3.6288,61.308,0.468824,0,0,7.81167,0.26458,7.07827,0.66528,12.849,1,0.463026,9.0242,0,254.693,4.78097,258.473,0.84672,12.849,0.84672,3695.15,0,36.966,0.28268,6.74564,1.94992,25.5953,1.34856,32.6596,0.42336,36.966,0.42336,423.524,0,1.02816,0,0,7.7738,6.74564,1.028160,1,0,298.211,0,0,0,298.211,0
72.29,2.60504,0,0,9.30328,0.277017,6.42122,3.6288,61.308,0.468825,0,0,5.03471,0.246798,4.31909,0.66528,12.849,1,0.463027,6.42122,0,245.872,4.23665,247.593,0.84672,12.849,0.84672,3695.15,0,36.966,0.28268,3.95303,1.94992,16.7775,1.19017,21.2076,0.42336,36.966,0.42336,423.524,0,1.02816,0,0,4.98119,3.95303,1.028160,1,0,273.12,0,0,0,273.12,0
72.29,2.80256,0,0,3.90314,0.260309,0.840269,3.6288,61.308,0.574814,0,0,3.83741,0.220763,3.04184,0.66528,12.849,1,0.498134,0.840269,0,72.6641,3.8829,69.1234,0.84672,12.849,0.84672,3695.15,0,36.966,0.346587,2.25465,1.94993,13.3235,1.06529,16.1162,0.42336,36.966,0.42336,423.524,0,1.02816,0,0,3.28281,2.25465,1.028160,1,0,88.2814,0,0,0,88.2814,0
72.29,2.80256,0,0,4.66672,0.260309,1.60385,3.6288,61.308,0.574815,0,0,4.02628,0.220763,3.23071,0.66528,12.849,1,0.498134,1.60385,0,85.1481,3.8829,82.3709,0.84672,12.849,0.84672,3695.15,0,36.966,0.346588,2.07935,2.12478,13.3815,1.06529,16.1738,0.42336,36.966,0.42336,423.524,0,1.02816,0,0,3.10751,2.07935,1.028160,1,0,101.775,0,0,0,101.775,0
72.29,2.80256,0,0,4.82028,0.260309,1.75741,3.6288,61.308,0.574816,0,0,4.18225,0.220763,3.38667,0.66528,12.849,1,0.498135,1.75741,0,134.035,3.8829,131.411,0.84672,12.849,0.84672,3695.15,0,36.966,0.346589,2.26589,2.12478,13.8564,1.06529,16.8352,0.42336,36.966,0.42336,423.524,0,1.02816,0,0,3.29405,2.26589,1.028160,1,0,151.633,0,0,0,151.633,0
72.29,2.80257,0,0,4.64568,0.283652,1.55947,3.6288,61.308,0.574817,0,0,5.31726,0.196051,4.5464,0.66528,12.849,1,0.498135,1.55947,0,100.562,3.62349,97.9997,0.84672,12.849,0.84672,3695.15,0,36.966,0.346589,2.42804,2.12478,14.8145,0.957523,18.0632,0.42336,36.966,0.42336,423.524,0,1.02816,0,0,3.4562,2.42804,1.028160,1,0,120.609,0,0,0,120.609,0
72.29,2.49673,0,0,7.30227,0.322927,4.48261,3.6288,61.308,0.424183,0,0,13.0033,0.14436,12.4347,0.66528,12.849,1,0.443775,4.48261,0,151.68,3.00752,152.711,0.84672,12.849,0.84672,3695.15,0,36.966,0.255763,4.43637,2.12479,20.843,0.748647,26.3997,0.42336,36.966,0.42336,423.524,0,1.02816,0,0,5.46453,4.43637,1.028160,1,0,191.545,0,0,0,191.545,0
72.29,2.49149,0,0,6.548,0.322927,3.73358,3.6288,61.308,0.428035,0,0,11.5295,0.14436,10.9571,0.66528,12.849,1,0.442843,3.73358,0,133.224,3.00752,133.508,0.84672,12.849,0.84672,3695.15,0,36.966,0.258086,4.67719,1.87073,19.1323,0.748647,24.6735,0.42336,36.966,0.42336,423.524,0,1.02816,0,0,5.70535,4.67719,1.028160,1,0,169.138,0,0,0,169.138,0
72.29,2.49149,0,0,9.08652,0.322927,6.27209,3.6288,61.308,0.428035,0,0,13.3664,0.14436,12.794,0.66528,12.849,1,0.442844,6.27209,0,169.052,3.00752,171.874,0.84672,12.849,0.84672,3695.15,0,36.966,0.258086,5.34334,1.87435,26.0754,0.748647,32.2864,0.42336,36.966,0.42336,423.524,0,1.02816,0,0,6.3715,5.34334,1.028160,1,0,216.954,0,0,0,216.954,0
72.29,2.4915,0,0,7.85791,0.321769,5.04464,3.6288,61.308,0.428035,0,0,11.9083,0.135402,11.3448,0.66528,12.849,1,0.442845,5.04464,0,164.453,2.91336,166.141,0.84672,12.849,0.84672,3695.15,0,36.966,0.258086,5.02108,1.87435,22.4374,0.740705,28.334,0.42336,36.966,0.42336,423.524,0,1.02816,0,0,6.04924,5.02108,1.028160,1,0,205.82,0,0,0,205.82,0
72.29,2.4915,0,0,9.56241,0.321294,6.74961,3.6288,61.308,0.428035,0,0,13.756,0.135247,13.1927,0.66528,12.849,1,0.442845,6.74961,0,229.291,3.39807,232.2,0.84672,12.849,0.84672,3695.15,0,36.966,0.258086,5.89136,1.87435,28.4525,0.775289,35.1848,0.42336,36.966,0.42336,423.524,0,1.02816,0,0,6.91952,5.89136,1.028160,1,0,280.577,0,0,0,280.577,0
72.29,2.58273,0,0,6.70161,0.30697,3.81191,3.6288,61.308,0.470893,0,0,9.4316,0.127714,8.83299,0.66528,12.849,1,0.45906,3.81191,0,195.323,3.50269,195.173,0.84672,12.849,0.84672,3695.15,0,36.966,0.283927,4.89654,1.87435,20.156,0.780137,25.8628,0.42336,36.966,0.42336,423.524,0,1.02816,0,0,5.9247,4.89654,1.028160,1,0,229.869,0,0,0,229.869,0
72.29,2.58797,0,0,5.76238,0.30697,2.86744,3.6288,61.308,0.467046,0,0,9.56232,0.127714,8.96756,0.66528,12.849,1,0.459992,2.86744,0,164.354,3.50269,163.258,0.84672,12.849,0.84672,3695.15,0,36.966,0.281608,4.44207,1.94756,18.8041,0.780137,24.132,0.42336,36.966,0.42336,423.524,0,1.02816,0,0,5.47023,4.44207,1.028160,1,0,196.358,0,0,0,196.358,0
72.29,2.58797,0,0,5.26228,0.30996,2.36435,3.6288,61.308,0.467047,0,0,10.3003,0.130392,9.70282,0.66528,12.849,1,0.459992,2.36435,0,160.194,3.39772,158.701,0.84672,12.849,0.84672,3695.15,0,36.966,0.281608,4.31905,1.94395,23.5455,0.766303,28.7606,0.42336,36.966,0.42336,423.524,0,1.02816,0,0,5.34721,4.31905,1.028160,1,0,197.164,0,0,0,197.164,0
72.29,2.58797,0,0,4.94276,0.222903,2.13189,3.6288,61.308,0.467047,0,0,5.62564,0.188239,4.97036,0.66528,12.849,1,0.459993,2.13189,0,116.189,3.78351,114.077,0.84672,12.849,0.84672,3695.15,0,36.966,0.281609,3.24471,1.94396,14.2512,0.892148,18.2661,0.42336,36.966,0.42336,423.524,0,1.02816,0,0,4.27287,3.24471,1.028160,1,0,137.314,0,0,0,137.314,0
72.29,2.55231,0,0,4.38737,0.212901,1.62216,3.6288,61.308,0.450403,0,0,3.04657,0.1992,2.39696,0.66528,12.849,1,0.453653,1.62216,0,99.1319,3.90033,96.4001,0.84672,12.849,0.84672,3695.15,0,36.966,0.271573,1.99711,1.94396,10.983,0.960628,13.6919,0.42336,36.966,0.42336,423.524,0,1.02816,0,0,3.02527,1.99711,1.028160,1,0,112.489,0,0,0,112.489,0
72.29,2.55231,0,0,3.99021,0.212901,1.225,3.6288,61.308,0.450404,0,0,2.84826,0.1992,2.19866,0.66528,12.849,1,0.453653,1.225,0,92.0099,3.90033,88.881,0.84672,12.849,0.84672,3695.15,0,36.966,0.271573,1.9071,1.91547,10.1924,0.960628,12.7828,0.42336,36.966,0.42336,423.524,0,1.02816,0,0,2.93526,1.9071,1.028160,1,0,103.862,0,0,0,103.862,0
72.29,2.55231,0,0,3.62697,0.212901,0.861758,3.6288,61.308,0.450405,0,0,2.38446,0.1992,1.73485,0.66528,12.849,1,0.453654,0.861758,0,84.888,3.90033,81.3958,0.84672,12.849,0.84672,3695.15,0,36.966,0.271574,1.46474,1.91547,9.19469,0.960628,11.3427,0.42336,36.966,0.42336,423.524,0,1.02816,0,0,2.4929,1.46474,1.028160,1,0,94.4733,0,0,0,94.4733,0
72.29,2.55231,0,0,3.50851,0.178217,0.777976,3.6288,61.308,0.450406,0,0,2.20944,0.211529,1.5475,0.66528,12.849,1,0.453654,0.777976,0,78.1779,4.13289,74.3693,0.84672,12.849,0.84672,3695.15,0,36.966,0.271575,1.35692,1.91547,8.81384,0.913717,10.9009,0.42336,36.966,0.42336,423.524,0,1.02816,0,0,2.38508,1.35692,1.028160,1,0,86.8178,0,0,0,86.8178,0
72.29,2.67339,0,0,3.43738,0.175852,0.58814,3.6288,61.308,0.509436,0,0,1.89054,0.218103,1.163,0.66528,12.849,1,0.475175,0.58814,0,62.3088,4.58889,57.8329,0.84672,12.849,0.84672,3695.15,0,36.966,0.307167,1.0302,1.91548,6.68494,1.00301,8.32044,0.42336,36.966,0.42336,423.524,0,1.02816,0,0,2.05836,1.0302,1.028160,1,0,67.3163,0,0,0,67.3163,0
72.1369,2.67339,0,0,3.01219,0.129018,0.36288,3.6288,61.308,0.509437,0,0,1.5047,0.211356,0.783906,0.66528,12.849,1,0.475175,0.36288,0,53.9368,4.39887,49.4256,0.84672,12.849,0.84672,3695.15,0,36.966,0.307168,0.994913,2.01531,6.10806,0.965795,7.84531,0.42336,36.966,0.42336,423.524,0,1.02816,0,0,2.02307,0.994913,1.028160,1,0,58.0548,0,0,0,58.0548,0
71.8628,2.67254,0,0,2.8826,0.121265,0.36288,3.6288,61.308,0.509438,0,0,1.5821,0.213142,0.859525,0.66528,12.849,1,0.476031,0.36288,0,50.6773,4.45305,46.1111,0.84672,12.849,0.84672,3695.15,0,36.966,0.307169,0.983578,2.01531,6.36334,0.955765,8.09929,0.42336,36.966,0.42336,423.524,0,1.02816,0,0,2.01174,0.983578,1.028160,1,0,55.0699,0,0,0,55.0699,0
71.4617,2.671,0,0,2.7538,0.121013,0.36288,3.6288,61.308,0.509439,0,0,1.58878,0.213142,0.866203,0.66528,12.849,1,0.477572,0.36288,0,47.614,4.45305,43.0463,0.84672,12.849,0.84672,3695.15,0,36.966,0.307169,0.894948,2.01531,6.11874,0.955765,7.76606,0.42336,36.966,0.42336,423.524,0,1.02816,0,0,1.92311,0.894948,1.028160,1,0,51.6785,0,0,0,51.6785,0
70.5193,2.66873,0,0,2.19481,0.105652,0.36288,3.6288,61.308,0.50944,0,0,1.09105,0.226483,0.355128,0.66528,12.849,1,0.479844,0.36288,0,41.9956,4.63566,37.243,0.84672,12.849,0.84672,3695.15,0,36.966,0.30717,0.647162,2.01531,3.62982,1.06389,4.92123,0.42336,36.966,0.42336,423.524,0,1.02816,0,0,1.67532,0.647162,1.028160,1,0,42.5193,0,0,0,42.5193,0
69.3494,2.63945,0,0,1.9349,0.102411,0.36288,3.6288,61.308,0.541885,0,0,1.00879,0.228706,0.238198,0.66528,12.849,1,0.480923,0.36288,0,40.5819,4.6661,35.7978,0.84672,12.849,0.84672,3695.15,0,36.966,0.326732,0.615324,2.01531,3.17156,1.08192,4.39355,0.42336,36.966,0.42336,423.524,0,1.02816,0,0,1.64348,0.615324,1.028160,1,0,40.4295,0,0,0,40.4295,0
67.9963,2.63261,0,0,1.74385,0.101489,0.36288,3.6288,61.308,0.541886,0,0,0.939419,0.228706,0.168827,0.66528,12.849,1,0.487768,0.36288,0,37.6133,4.6661,32.8223,0.84672,12.849,0.84672,3695.15,0,36.966,0.326733,0.406054,2.05021,3.01973,1.08192,4.06735,0.42336,36.966,0.42336,423.524,0,1.02816,0,0,1.43421,0.406054,1.028160,1,0,37.0585,0,0,0,37.0585,0
66.5991,2.62445,0,0,1.66755,0.0773946,0.36288,3.6288,61.308,0.541887,0,0,0.888114,0.283551,0.0626762,0.66528,12.849,1,0.495932,0.36288,0,33.9104,5.37185,28.4055,0.84672,12.849,0.84672,3695.15,0,36.966,0.326734,0.387919,2.05021,2.86908,1.33953,3.64094,0.42336,36.966,0.42336,423.524,0,1.02816,0,0,1.41608,0.387919,1.028160,1,0,32.1092,0,0,0,32.1092,0
65.0529,2.61573,0,0,1.5006,0.0682611,0.36288,3.6288,61.2877,0.541888,0,0,0.836058,0.314423,0,0.66528,12.849,1,0.504654,0.36288,0,31.5983,5.58431,25.8722,0.84672,12.849,0.84672,3695.15,0,36.966,0.326734,0.263961,2.05021,2.56854,1.45685,3.09913,0.42336,36.966,0.42336,423.524,0,1.02816,0,0,1.29212,0.263961,1.028160,1,0,28.9713,0,0,0,28.9713,0
63.4838,2.61376,0,0,1.47607,0.0685108,0.36288,3.6288,61.2057,0.565703,0,0,0.809991,0.326293,0,0.66528,12.849,1,0.516261,0.36288,0,30.2168,5.49119,24.5723,0.84672,12.849,0.84672,3695.15,0,36.966,0.341206,0.261274,2.05021,2.1338,1.47588,2.6282,0.42336,36.966,0.42336,423.524,0,0.997773,0,0,1.25905,0.261274,1.028160,1,0,27.2005,0,0,0,27.2005,0
61.7926,2.60315,0,0,1.34247,0.0676477,0.36288,3.6288,60.9462,0.687766,0,0,0.754332,0.326124,0,0.66528,12.849,1,0.526873,0.36288,0,28.1689,5.49119,22.5137,0.84672,12.849,0.84672,3695.15,0,36.966,0.415385,0.261274,2.05812,1.90162,1.47588,2.32975,0.42336,36.966,0.42336,423.524,0,0.801533,0,0,1.06281,0.261274,1.028160,1,0,24.8435,0,0,0,24.8435,0
60.2405,2.59122,0,0,1.46192,0.0598449,0.36288,3.6288,60.9672,0.5456,0,0,0.890387,0.323792,0,0.66528,12.849,1,0.538812,0.36288,0,28.3022,5.59932,22.527,0.84672,12.849,0.84672,3695.15,0,36.966,0.330925,0.31117,2.05813,2.68876,1.50179,3.22534,0.42336,36.966,0.42336,423.524,0,1.02816,0,0,1.33933,0.31117,1.028160,1,0,25.7523,0,0,0,25.7523,0
58.6951,2.57978,0,0,1.44676,0.0495413,0.36288,3.6288,60.9722,0.545672,0,0,0.845631,0.294965,0,0.66528,12.849,1,0.550254,0.36288,0,28.0417,5.7247,22.1296,0.84672,12.849,0.84672,3695.15,0,36.966,0.330855,0.320086,2.05813,2.38338,1.55267,2.87807,0.42336,36.966,0.42336,423.524,0,1.02816,0,0,1.34825,0.320086,1.028160,1,0,25.0077,0,0,0,25.0077,0
56.5167,2.73939,0,0,0.968337,0.0444422,0.36288,3.6288,60.5818,0.701144,0,0,0.621255,0.310506,0,0.66528,12.849,1,0.599683,0.36288,0,21.0025,5.56447,15.2012,0.84672,12.849,0.84672,3695.15,0,36.966,0.42336,0.227405,2.05813,2.16512,1.42912,2.59817,0.42336,36.966,0.42336,423.524,0,0.944171,0,0,1.17158,0.227405,1.028160,1,0,17.7994,0,0,0,17.7994,0
54.2484,2.72056,0,0,0.858669,0.0435047,0.36288,3.6288,60.0587,0.77265,0,0,0.559317,0.309738,0,0.66528,12.849,1,0.618516,0.36288,0,18.665,5.56447,12.8449,0.84672,12.849,0.84672,3695.15,0,36.966,0.42336,0.227405,2.224,2.10133,1.42912,2.70025,0.42336,36.966,0.42336,423.524,0,0.872666,0,0,1.10007,0.227405,1.028160,1,0,15.5451,0,0,0,15.5451,0
52.1052,2.69966,0,0,0.961857,0.0425284,0.36288,3.6288,59.6048,0.718997,0,0,0.573758,0.308709,0,0.66528,12.849,1,0.639426,0.36288,0,18.5533,5.56447,12.7123,0.84672,12.849,0.84672,3695.15,0,36.966,0.42336,0.204422,2.224,2.2522,1.42912,2.82814,0.42336,36.966,0.42336,423.524,0,0.92632,0,0,1.13074,0.204422,1.028160,1,0,15.5404,0,0,0,15.5404,0
50.5445,2.67856,0,0,1.53935,0.0586686,0.36288,3.6288,59.3641,0.642222,0,0,0.705154,0.303572,0,0.66528,12.849,1,0.660525,0.36288,0,30.8225,5.44574,25.0791,0.84672,12.849,0.84672,3695.15,0,36.966,0.398297,0.345548,2.224,2.4551,1.41456,3.21179,0.42336,36.966,0.42336,423.524,0,1.02816,0,0,1.37371,0.345548,1.028160,1,0,28.2909,0,0,0,28.2909,0
49.2069,2.6623,0,0,1.78584,0.0982227,0.36288,3.6288,59.333,0.646473,0,0,0.90993,0.29459,0,0.66528,12.849,1,0.676788,0.36288,0,28.3676,5.63089,22.4228,0.84672,12.849,0.84672,3695.15,0,36.966,0.402558,0.204422,2.22401,3.59782,1.33256,4.29113,0.42336,36.966,0.42336,423.524,0,1.01965,0,0,1.22407,0.204422,1.028160,1,0,26.714,0,0,0,26.714,0
47.7766,2.56693,0,0,1.61011,0.110647,0.36288,3.6288,59.3717,0.590214,0,0,0.92264,0.293689,0,0.66528,12.849,1,0.670281,0.36288,0,24.7871,5.68712,18.7926,0.84672,12.849,0.84672,3695.15,0,36.966,0.367719,0.204422,2.22401,3.82851,1.30485,4.58437,0.42336,36.966,0.42336,423.524,0,1.01122,0,0,1.21564,0.204422,1.028160,1,0,23.377,0,0,0,23.377,0
46.0776,2.55112,0,0,1.32394,0.108942,0.36288,3.6288,59.7876,0.579921,0,0,1.28958,0.293762,0,0.66528,12.849,1,0.686096,0.36288,0,24.0624,5.68712,18.0521,0.84672,12.849,0.84672,3695.15,0,36.966,0.36107,1.04585,2.12802,4.32263,1.30485,5.83057,0.42336,36.966,0.42336,423.524,0,1.02816,0,0,2.07401,1.04585,1.028160,1,0,23.8826,0,0,0,23.8826,0
44.175,2.53134,0,0,1.09857,0.106918,0.36288,3.6288,59.4981,0.68861,0,0,0.693593,0.294543,0,0.66528,12.849,1,0.705878,0.36288,0,23.0552,5.68712,17.0251,0.84672,12.849,0.84672,3695.15,0,36.966,0.42336,0.216518,2.12802,3.21919,1.30485,3.83552,0.42336,36.966,0.42336,423.524,0,0.857183,0,0,1.0737,0.216518,1.028160,1,0,20.8606,0,0,0,20.8606,0
42.3958,2.50779,0,0,1.2123,0.120843,0.36288,3.6288,59.2102,0.729167,0,0,0.700108,0.258807,0,0.66528,12.849,1,0.72943,0.36288,0,19.9169,5.15758,14.3928,0.84672,12.849,0.84672,3695.15,0,36.966,0.42336,0.216518,2.12802,3.20328,1.15159,3.97287,0.42336,36.966,0.42336,423.524,0,0.816627,0,0,1.03315,0.216518,1.028160,1,0,18.3657,0,0,0,18.3657,0
40.9762,2.42012,0,0,1.49872,0.135276,0.36288,3.6288,59.3672,0.553354,0,0,0.929232,0.21884,0,0.66528,12.849,1,0.733473,0.36288,0,19.7377,4.5994,14.7677,0.84672,12.849,0.84672,3695.15,0,36.966,0.345469,0.216518,2.12802,4.65431,1.0452,5.60818,0.42336,36.966,0.42336,423.524,0,0.979733,0,0,1.19625,0.216518,1.028160,1,0,20.3759,0,0,0,20.3759,0
39.8427,2.40078,0,0,1.83442,0.204248,0.36288,3.6288,59.0891,0.741472,0,0,0.672354,0.208971,0,0.66528,12.849,1,0.752818,0.36288,0,25.339,4.69675,20.2524,0.84672,12.849,0.84672,3695.15,0,36.966,0.42336,0.216518,2.04236,4.22097,1.16921,4.88727,0.42336,36.966,0.42336,423.524,0,0.713724,0,0,0.930243,0.216518,1.028160,1,0,25.1396,0,0,0,25.1396,0
38.7826,2.38459,0,0,1.88889,0.201512,0.36288,3.6288,59.3381,0.52313,0,0,0.980637,0.208599,0,0.66528,12.849,1,0.769013,0.36288,0,25.7085,4.69675,20.6056,0.84672,12.849,0.84672,3695.15,0,36.966,0.327268,0.810346,2.04236,5.80803,1.16921,7.16425,0.42336,36.966,0.42336,423.524,0,1.02816,0,0,1.83851,0.810346,1.028160,1,0,27.7699,0,0,0,27.7699,0
41.1459,2.3688,0,0,5.29404,0.199061,0.36288,3.6288,61.308,0.523977,0,0,2.93611,0.208932,0.233251,0.66528,12.849,1,0.784803,0.36288,0,79.6296,4.69675,74.5109,0.84672,12.849,0.84672,3695.15,0,36.966,0.326423,2.70327,2.04236,12.0575,1.16921,15.3075,0.42336,36.966,0.42336,423.524,0,1.02816,0,0,3.73143,2.70327,1.028160,1,0,90.0516,0,0,0,90.0516,0
40.1732,2.26703,0,0,1.86909,0.211904,0.36288,3.6288,61.308,0.434085,0,0,0.726799,0.243446,0.0492674,0.66528,12.849,1,0.707944,0.36288,0,47.0804,4.27308,42.4623,0.84672,12.849,0.84672,3695.15,0,36.966,0.261734,0.713603,2.04236,4.95918,0.982799,6.47061,0.42336,36.966,0.42336,423.524,0,1.02816,0,0,1.74176,0.713603,1.028160,1,0,48.9821,0,0,0,48.9821,0
41.2934,2.20944,0,0,3.90194,0.209473,0.36288,3.6288,61.308,0.412805,0,0,2.22045,0.243446,1.5642,0.66528,12.849,1,0.706667,0.36288,0,132.062,4.27308,127.446,0.84672,12.849,0.84672,3695.15,0,36.966,0.248903,4.01339,1.88946,8.33515,0.982799,13.0063,0.42336,36.966,0.42336,423.524,0,1.02816,0,0,5.04155,4.01339,1.028160,1,0,142.016,0,0,0,142.016,0
42.581,2.04447,0,0,3.90722,0.212273,0.36288,3.6288,61.308,0.327679,0,0,1.40749,0.243446,0.836366,0.66528,12.849,1,0.636165,0.36288,0,112.601,4.27308,108.054,0.84672,12.849,0.84672,3695.15,0,36.966,0.197576,2.25874,1.85207,6.69929,0.982799,9.62972,0.42336,36.966,0.42336,423.524,0,1.02816,0,0,3.2869,2.25874,1.028160,1,0,118.521,0,0,0,118.521,0
43.9686,2.05925,0,0,4.00563,0.195897,0.36288,3.6288,61.308,0.327679,0,0,0.958098,0.233071,0.397348,0.66528,12.849,1,0.621388,0.36288,0,81.2447,3.74178,77.2444,0.84672,12.849,0.84672,3695.15,0,36.966,0.197576,1.70172,1.70252,5.49391,0.894741,7.80583,0.42336,36.966,0.42336,423.524,0,1.02816,0,0,2.72988,1.70172,1.028160,1,0,85.4476,0,0,0,85.4476,0
47.9953,2.07443,0,0,6.64409,0.179993,0.36288,3.6288,61.308,0.32768,0,0,3.4111,0.216313,2.8671,0.66528,12.849,1,0.606213,0.36288,0,87.8282,4.31754,83.2673,0.84672,12.849,0.84672,3695.15,0,36.966,0.197577,3.29268,1.70252,12.5416,1.05896,16.2803,0.42336,36.966,0.42336,423.524,0,1.02816,0,0,4.32084,3.29268,1.028160,1,0,102.415,0,0,0,102.415,0
50.8008,2.18079,0,0,5.55165,0.202549,0.36288,3.6288,61.308,0.359015,0,0,1.64235,0.230513,1.05282,0.66528,12.849,1,0.583827,0.36288,0,160.618,4.95879,155.439,0.84672,12.849,0.84672,3695.15,0,36.966,0.21647,2.59233,1.70252,10.7941,1.32625,13.5463,0.42336,36.966,0.42336,423.524,0,1.02816,0,0,3.62049,2.59233,1.028160,1,0,170.038,0,0,0,170.038,0
52.4535,2.44879,0,0,4.67769,0.213308,0.36288,3.6288,61.308,0.468859,0,0,1.42415,0.235846,0.719444,0.66528,12.849,1,0.619371,0.36288,0,164.843,5.07307,159.514,0.84672,12.849,0.84672,3695.15,0,36.966,0.282701,1.43961,1.75706,10.0213,1.3619,11.5734,0.42336,36.966,0.42336,423.524,0,1.02816,0,0,2.46777,1.43961,1.028160,1,0,171.807,0,0,0,171.807,0
53.9764,2.41569,0,0,4.51846,0.217005,0.36288,3.6288,61.308,0.446884,0,0,1.19695,0.235846,0.514221,0.66528,12.849,1,0.591748,0.36288,0,137.213,5.07307,131.911,0.84672,12.849,0.84672,3695.15,0,36.966,0.269451,1.40926,1.94999,7.63586,1.3619,9.36375,0.42336,36.966,0.42336,423.524,0,1.02816,0,0,2.43742,1.40926,1.028160,1,0,141.789,0,0,0,141.789,0
56.8372,2.23301,0,0,5.68039,0.223709,0.36288,3.6288,61.308,0.359001,0,0,2.01908,0.230085,1.43,0.66528,12.849,1,0.531566,0.36288,0,159.084,4.87625,154.039,0.84672,12.849,0.84672,3695.15,0,36.966,0.216462,3.48367,1.91139,15.3628,1.33061,19.2108,0.42336,36.966,0.42336,423.524,0,1.02816,0,0,4.51183,3.48367,1.028160,1,0,174.68,0,0,0,174.68,0
63.0258,2.69214,0,0,9.49424,0.250569,0.36288,3.6288,61.308,0.574834,0,0,3.02024,0.19552,2.24989,0.66528,12.849,1,0.608605,0.36288,0,214.206,3.69527,210.265,0.84672,12.849,0.84672,3695.15,0,36.966,0.346599,4.72332,1.75704,20.0726,1.14286,25.0635,0.42336,36.966,0.42336,423.524,0,1.02816,0,0,5.75148,4.72332,1.028160,1,0,237.579,0,0,0,237.579,0
66.0751,2.74177,0,0,6.42103,0.267132,0.36288,3.6288,61.308,0.574829,0,0,2.52275,0.182388,1.76553,0.66528,12.849,1,0.558962,0.36288,0,160.689,3.46842,157.025,0.84672,12.849,0.84672,3695.15,0,36.966,0.346596,1.63958,2.12482,10.2927,1.07781,12.6326,0.42336,36.966,0.42336,423.524,0,1.02816,0,0,2.66774,1.63958,1.028160,1,0,171.423,0,0,0,171.423,0
68.5386,2.76335,0,0,5.83649,0.246702,0.36288,3.6288,61.308,0.574823,0,0,1.74473,0.208045,0.961859,0.66528,12.849,1,0.537364,0.36288,0,105.943,3.89328,101.875,0.84672,12.849,0.84672,3695.15,0,36.966,0.346593,1.0303,2.12481,9.34451,1.08831,11.0647,0.42336,36.966,0.42336,423.524,0,1.02816,0,0,2.05846,1.0303,1.028160,1,0,113.902,0,0,0,113.902,0
70.2685,2.77961,0,0,5.13241,0.259984,0.36288,3.6288,61.308,0.574818,0,0,1.78206,0.219845,0.987398,0.66528,12.849,1,0.521096,0.36288,0,129.641,4.24316,125.239,0.84672,12.849,0.84672,3695.15,0,36.966,0.34659,1.33338,2.1248,8.22563,1.12388,10.2133,0.42336,36.966,0.42336,423.524,0,1.02816,0,0,2.36154,1.33338,1.028160,1,0,136.44,0,0,0,136.44,0
71.1073,2.48593,0,0,4.00321,0.315664,0.36288,3.6288,61.308,0.424178,0,0,1.80314,0.166486,1.21248,0.66528,12.849,1,0.454565,0.36288,0,111.851,3.09214,108.667,0.84672,12.849,0.84672,3695.15,0,36.966,0.25576,1.05089,2.12479,7.62305,0.823365,9.71961,0.42336,36.966,0.42336,423.524,0,1.02816,0,0,2.07905,1.05089,1.028160,1,0,119.599,0,0,0,119.599,0
72.29,2.48522,0,0,5.43227,0.317704,1.44664,3.6288,61.308,0.42803,0,0,1.86199,0.166486,1.26747,0.66528,12.849,1,0.449076,1.44664,0,95.262,3.09214,93.1675,0.84672,12.849,0.84672,3695.15,0,36.966,0.258083,1.49088,1.87072,7.13483,0.823365,9.41499,0.42336,36.966,0.42336,423.524,0,1.02816,0,0,2.51904,1.49088,1.028160,1,0,103.85,0,0,0,103.85,0
72.29,2.49144,0,0,4.84395,0.320581,2.03193,3.6288,61.308,0.444965,0,0,1.56706,0.166486,0.955612,0.66528,12.849,1,0.442835,2.03193,0,93.6783,3.09214,92.1753,0.84672,12.849,0.84672,3695.15,0,36.966,0.268294,0.558835,1.87433,7.42597,0.823365,8.76748,0.42336,36.966,0.42336,423.524,0,1.00101,0,0,1.55985,0.558835,1.028160,1,0,101.898,0,0,0,101.898,0
72.29,2.49142,0,0,4.51103,0.287967,1.73164,3.6288,61.308,0.428029,0,0,1.59146,0.172878,0.990554,0.66528,12.849,1,0.442831,1.73164,0,103.645,3.46154,101.472,0.84672,12.849,0.84672,3695.15,0,36.966,0.258083,1.25404,1.87433,6.20639,0.92462,8.15205,0.42336,36.966,0.42336,423.524,0,1.02816,0,0,2.2822,1.25404,1.028160,1,0,110.614,0,0,0,110.614,0
72.29,2.4914,0,0,5.53087,0.308426,2.73104,3.6288,61.308,0.42803,0,0,2.06421,0.185766,1.45041,0.66528,12.849,1,0.442828,2.73104,0,102.02,3.76929,100.539,0.84672,12.849,0.84672,3695.15,0,36.966,0.258083,1.25473,1.87433,6.51986,0.941978,8.44885,0.42336,36.966,0.42336,423.524,0,1.02816,0,0,2.28289,1.25473,1.028160,1,0,110.438,0,0,0,110.438,0
72.29,2.58261,0,0,5.25359,0.312857,2.35812,3.6288,61.308,0.470886,0,0,1.6588,0.176282,1.01163,0.66528,12.849,1,0.459039,2.35812,0,101.394,3.53262,99.7603,0.84672,12.849,0.84672,3695.15,0,36.966,0.283923,0.916315,1.87432,5.01949,0.871537,6.65466,0.42336,36.966,0.42336,423.524,0,1.02816,0,0,1.94448,0.916315,1.028160,1,0,107.427,0,0,0,107.427,0
72.29,2.58787,0,0,7.8566,0.316339,4.95239,3.6288,61.308,0.467005,0,0,1.87868,0.160817,1.25086,0.66528,12.849,1,0.459975,4.95239,0,139.863,3.09657,141.258,0.84672,12.849,0.84672,3695.15,0,36.966,0.281583,1.55582,1.94753,13.3889,0.783584,15.827,0.42336,36.966,0.42336,423.524,0,1.02816,0,0,2.58398,1.55582,1.028160,1,0,158.336,0,0,0,158.336,0
72.29,2.58786,0,0,5.36373,0.270189,2.50568,3.6288,61.308,0.467,0,0,1.62421,0.181358,0.97585,0.66528,12.849,1,0.459973,2.50568,0,104.723,2.77091,103.998,0.84672,12.849,0.84672,3695.15,0,36.966,0.28158,1.13191,1.94388,6.84107,0.77756,8.85772,0.42336,36.966,0.42336,423.524,0,1.02816,0,0,2.16007,1.13191,1.028160,1,0,113.831,0,0,0,113.831,0
72.29,2.58785,0,0,4.90808,0.22675,2.09348,3.6288,61.308,0.466995,0,0,1.58113,0.213272,0.900861,0.66528,12.849,1,0.459971,2.09348,0,83.8218,3.66259,81.7927,0.84672,12.849,0.84672,3695.15,0,36.966,0.281577,1.1306,1.94387,6.01037,0.954694,7.84857,0.42336,36.966,0.42336,423.524,0,1.02816,0,0,2.15876,1.1306,1.028160,1,0,90.5422,0,0,0,90.5422,0
72.29,2.55217,0,0,4.41129,0.18102,1.6781,3.6288,61.308,0.450345,0,0,1.6345,0.242669,0.941484,0.66528,12.849,1,0.453629,1.6781,0,82.3262,4.68164,78.8691,0.84672,12.849,0.84672,3695.15,0,36.966,0.271538,1.14966,1.94386,6.00024,1.14335,7.67888,0.42336,36.966,0.42336,423.524,0,1.02816,0,0,2.17782,1.14966,1.028160,1,0,87.4894,0,0,0,87.4894,0
72.29,2.55216,0,0,3.95265,0.18102,1.21947,3.6288,61.308,0.45034,0,0,1.44428,0.242669,0.75127,0.66528,12.849,1,0.453627,1.21947,0,70.6605,4.68164,66.7447,0.84672,12.849,0.84672,3695.15,0,36.966,0.271535,0.881747,1.91537,5.22723,1.14335,6.60947,0.42336,36.966,0.42336,423.524,0,1.02816,0,0,1.90991,0.881747,1.028160,1,0,74.1055,0,0,0,74.1055,0
72.29,2.55215,0,0,3.65475,0.159416,0.943191,3.6288,61.308,0.450335,0,0,1.34384,0.214225,0.679279,0.66528,12.849,1,0.453625,0.943191,0,67.1129,4.09184,63.5107,0.84672,12.849,0.84672,3695.15,0,36.966,0.271532,0.78497,1.91536,4.71214,0.993757,6.14719,0.42336,36.966,0.42336,423.524,0,1.02816,0,0,1.81313,0.78497,1.028160,1,0,70.3371,0,0,0,70.3371,0
72.29,2.55214,0,0,3.50914,0.150774,0.806226,3.6288,61.308,0.45033,0,0,1.36739,0.202847,0.714215,0.66528,12.849,1,0.453623,0.806226,0,61.2309,3.85592,57.7276,0.84672,12.849,0.84672,3695.15,0,36.966,0.271529,1.05653,1.91535,4.94096,0.93392,6.70739,0.42336,36.966,0.42336,423.524,0,1.02816,0,0,2.08469,1.05653,1.028160,1,0,65.1492,0,0,0,65.1492,0
71.9176,2.67319,0,0,2.79331,0.129619,0.36288,3.6288,61.308,0.524615,0,0,1.12773,0.245817,0.357295,0.66528,12.849,1,0.475139,0.36288,0,48.6854,5.13066,43.4424,0.84672,12.849,0.84672,3695.15,0,36.966,0.31632,0.402797,1.91534,3.80541,1.03591,4.77132,0.42336,36.966,0.42336,423.524,0,1.00369,0,0,1.40649,0.402797,1.028160,1,0,48.5711,0,0,0,48.5711,0
71.443,2.67109,0,0,2.66585,0.106483,0.36288,3.6288,61.308,0.596163,0,0,1.05286,0.252835,0.203864,0.66528,12.849,1,0.477224,0.36288,0,43.4707,5.25,38.1063,0.84672,12.849,0.84672,3695.15,0,36.966,0.35946,0.402797,2.01516,3.69399,1.08662,4.66586,0.42336,36.966,0.42336,423.524,0,0.888995,0,0,1.29179,0.402797,1.028160,1,0,42.9761,0,0,0,42.9761,0
70.8993,2.66839,0,0,2.59363,0.106098,0.36288,3.6288,61.308,0.50934,0,0,1.06796,0.252835,0.305789,0.66528,12.849,1,0.479909,0.36288,0,41.3071,5.25,35.94,0.84672,12.849,0.84672,3695.15,0,36.966,0.30711,0.368366,2.01515,3.51775,1.08662,4.50754,0.42336,36.966,0.42336,423.524,0,1.02816,0,0,1.39653,0.368366,1.028160,1,0,40.7534,0,0,0,40.7534,0
70.101,2.66526,0,0,2.35499,0.125119,0.36288,3.6288,61.308,0.509335,0,0,1.00531,0.247567,0.248405,0.66528,12.849,1,0.483023,0.36288,0,38.9287,4.91154,33.897,0.84672,12.849,0.84672,3695.15,0,36.966,0.307106,0.325598,2.01514,3.21845,1.09967,4.15241,0.42336,36.966,0.42336,423.524,0,1.02816,0,0,1.35376,0.325598,1.028160,1,0,38.2979,0,0,0,38.2979,0
69.88,2.6606,0,0,2.9255,0.123008,0.36288,3.6288,61.308,0.50933,0,0,1.20111,0.277199,0.414578,0.66528,12.849,1,0.487669,0.36288,0,45.2996,5.26212,39.9127,0.84672,12.849,0.84672,3695.15,0,36.966,0.307103,0.517856,2.01513,4.58965,1.19616,5.61937,0.42336,36.966,0.42336,423.524,0,1.02816,0,0,1.54602,0.517856,1.028160,1,0,45.9466,0,0,0,45.9466,0
69.8164,2.63547,0,0,3.02624,0.0915428,0.36288,3.6288,61.308,0.541765,0,0,1.17756,0.326,0.309798,0.66528,12.849,1,0.48459,0.36288,0,47.0369,5.54187,41.3734,0.84672,12.849,0.84672,3695.15,0,36.966,0.32666,0.531023,2.01512,5.19756,1.348,6.06904,0.42336,36.966,0.42336,423.524,0,1.02816,0,0,1.55918,0.531023,1.028160,1,0,47.7522,0,0,0,47.7522,0
69.6075,2.63509,0,0,2.87645,0.0873454,0.36288,3.6288,61.308,0.54176,0,0,1.14336,0.331894,0.269703,0.66528,12.849,1,0.484961,0.36288,0,43.2346,5.5482,37.5644,0.84672,12.849,0.84672,3695.15,0,36.966,0.326657,0.477576,2.05,5.03601,1.36753,5.86941,0.42336,36.966,0.42336,423.524,0,1.02816,0,0,1.50574,0.477576,1.028160,1,0,43.7035,0,0,0,43.7035,0
69.2022,2.63385,0,0,2.67867,0.0872043,0.36288,3.6288,61.308,0.541755,0,0,0.997764,0.331894,0.124115,0.66528,12.849,1,0.486187,0.36288,0,40.1847,5.5482,34.5132,0.84672,12.849,0.84672,3695.15,0,36.966,0.326654,0.413243,2.04999,4.77048,1.36753,5.53953,0.42336,36.966,0.42336,423.524,0,1.02816,0,0,1.4414,0.413243,1.028160,1,0,40.1769,0,0,0,40.1769,0
68.6525,2.63143,0,0,2.52818,0.0835534,0.36288,3.6288,61.308,0.541749,0,0,0.965822,0.330197,0.0938758,0.66528,12.849,1,0.488587,0.36288,0,38.4634,5.63871,32.699,0.84672,12.849,0.84672,3695.15,0,36.966,0.326651,0.271313,2.04998,4.63196,1.39382,5.23279,0.42336,36.966,0.42336,423.524,0,1.02816,0,0,1.29947,0.271313,1.028160,1,0,38.0256,0,0,0,38.0256,0
67.8656,2.63624,0,0,2.28692,0.0747897,0.36288,3.6288,61.308,0.60656,0,0,0.977633,0.325955,0.0451189,0.66528,12.849,1,0.493399,0.36288,0,34.3502,5.86498,28.3547,0.84672,12.849,0.84672,3695.15,0,36.966,0.365729,0.261274,2.04997,4.33086,1.45955,4.81683,0.42336,36.966,0.42336,423.524,0,0.932161,0,0,1.19343,0.261274,1.028160,1,0,33.2167,0,0,0,33.2167,0
66.9635,2.63142,0,0,2.16657,0.0743304,0.36288,3.6288,61.2991,0.605654,0,0,0.922674,0.325955,0,0.66528,12.849,1,0.498207,0.36288,0,32.1451,5.86498,26.1448,0.84672,12.849,0.84672,3695.15,0,36.966,0.365183,0.261274,2.05787,3.71152,1.45955,4.20593,0.42336,36.966,0.42336,423.524,0,0.933604,0,0,1.19488,0.261274,1.028160,1,0,30.3507,0,0,0,30.3507,0
66.0395,2.62578,0,0,2.13845,0.073804,0.36288,3.6288,61.2324,0.604139,0,0,0.863387,0.325936,0,0.66528,12.849,1,0.503836,0.36288,0,34.3484,5.86498,28.3425,0.84672,12.849,0.84672,3695.15,0,36.966,0.364322,0.227405,2.05786,4.13065,1.45955,4.59205,0.42336,36.966,0.42336,423.524,0,0.935971,0,0,1.16338,0.227405,1.028160,1,0,32.9345,0,0,0,32.9345,0
64.862,2.61986,0,0,1.87848,0.0732647,0.36288,3.6288,61.025,0.660261,0,0,0.778689,0.325799,0,0.66528,12.849,1,0.509735,0.36288,0,29.3787,5.86498,23.3668,0.84672,12.849,0.84672,3695.15,0,36.966,0.3986,0.227405,2.05785,3.76829,1.45955,4.1954,0.42336,36.966,0.42336,423.524,0,0.845562,0,0,1.07297,0.227405,1.028160,1,0,27.5622,0,0,0,27.5622,0
63.4741,2.78658,0,0,1.85578,0.094211,0.36288,3.6288,60.7793,0.675108,0,0,0.712515,0.283148,0,0.66528,12.849,1,0.552015,0.36288,0,23.7599,5.61828,17.9525,0.84672,12.849,0.84672,3695.15,0,36.966,0.408948,0.227405,2.05784,4.17779,1.49047,4.56363,0.42336,36.966,0.42336,423.524,0,0.984321,0,0,1.21173,0.227405,1.028160,1,0,22.5161,0,0,0,22.5161,0
62.3038,2.77653,0,0,2.07121,0.10206,0.36288,3.6288,60.7214,0.646814,0,0,0.86165,0.272669,0,0.66528,12.849,1,0.562051,0.36288,0,29.5565,5.48992,23.8674,0.84672,12.849,0.84672,3695.15,0,36.966,0.393393,0.480004,2.22368,4.68129,1.47819,5.51339,0.42336,36.966,0.42336,423.524,0,1.02816,0,0,1.50816,0.480004,1.028160,1,0,29.3808,0,0,0,29.3808,0
60.736,2.76777,0,0,1.66391,0.101089,0.36288,3.6288,60.2697,0.802374,0,0,0.62323,0.272569,0,0.66528,12.849,1,0.5708,0.36288,0,28.8815,5.48992,23.1837,0.84672,12.849,0.84672,3695.15,0,36.966,0.42336,0.204422,2.22367,3.75799,1.47819,4.28453,0.42336,36.966,0.42336,423.524,0,0.842625,0,0,1.04705,0.204422,1.028160,1,0,27.4682,0,0,0,27.4682,0
59.59,2.75559,0,0,2.07223,0.0997878,0.36288,3.6288,60.4184,0.644741,0,0,1.06522,0.271788,0,0.66528,12.849,1,0.582959,0.36288,0,26.3778,5.48992,20.6678,0.84672,12.849,0.84672,3695.15,0,36.966,0.395447,0.952456,2.22366,5.81058,1.47819,7.11306,0.42336,36.966,0.42336,423.524,0,1.02816,0,0,1.98062,0.952456,1.028160,1,0,27.7809,0,0,0,27.7809,0
58.3961,2.74636,0,0,2.05489,0.139478,0.36288,3.6288,60.2796,0.645339,0,0,0.71908,0.212543,0,0.66528,12.849,1,0.592179,0.36288,0,30.2702,4.73076,25.3102,0.84672,12.849,0.84672,3695.15,0,36.966,0.39484,0.395142,2.22365,5.06228,1.20556,6.08067,0.42336,36.966,0.42336,423.524,0,1.02816,0,0,1.4233,0.395142,1.028160,1,0,31.3909,0,0,0,31.3909,0
57.172,2.65293,0,0,1.99204,0.200392,0.36288,3.6288,60.2863,0.583083,0,0,0.769592,0.17977,0,0.66528,12.849,1,0.583729,0.36288,0,27.9526,4.33303,23.3988,0.84672,12.849,0.84672,3695.15,0,36.966,0.357571,0.585153,2.22364,5.13218,1.14525,6.43815,0.42336,36.966,0.42336,423.524,0,1.02816,0,0,1.61331,0.585153,1.028160,1,0,29.8369,0,0,0,29.8369,0
56.3501,2.64271,0,0,2.38174,0.198009,0.36288,3.6288,60.7248,0.583102,0,0,1.2013,0.179778,0,0.66528,12.849,1,0.593931,0.36288,0,33.6836,4.33303,29.1196,0.84672,12.849,0.84672,3695.15,0,36.966,0.357543,1.18819,2.12766,7.03115,1.14525,8.8442,0.42336,36.966,0.42336,423.524,0,1.02816,0,0,2.21635,1.18819,1.028160,1,0,37.9638,0,0,0,37.9638,0
55.3666,2.63565,0,0,2.21143,0.19641,0.36288,3.6288,60.9768,0.584701,0,0,1.01707,0.18028,0,0.66528,12.849,1,0.600983,0.36288,0,31.088,4.33303,26.5169,0.84672,12.849,0.84672,3695.15,0,36.966,0.355935,1.13561,2.12765,5.64286,1.14525,7.40493,0.42336,36.966,0.42336,423.524,0,1.02816,0,0,2.16377,1.13561,1.028160,1,0,33.9218,0,0,0,33.9218,0
54.6329,2.62697,0,0,2.46081,0.204656,0.36288,3.6288,61.308,0.585612,0,0,1.40693,0.186626,0.303535,0.66528,12.849,1,0.609645,0.36288,0,36.4529,4.37848,31.8277,0.84672,12.849,0.84672,3695.15,0,36.966,0.355015,2.06876,2.12764,7.5621,1.14791,10.2556,0.42336,36.966,0.42336,423.524,0,1.02816,0,0,3.09692,2.06876,1.028160,1,0,42.3868,0,0,0,42.3868,0
54.4633,2.55264,0,0,3.0096,0.263665,0.36288,3.6288,61.308,0.530292,0,0,1.4145,0.223441,0.660764,0.66528,12.849,1,0.60035,0.36288,0,62.286,4.65118,57.3974,0.84672,12.849,0.84672,3695.15,0,36.966,0.319743,2.59767,2.12763,9.57836,1.16386,12.82,0.42336,36.966,0.42336,423.524,0,1.02816,0,0,3.62583,2.59767,1.028160,1,0,70.8782,0,0,0,70.8782,0
54.4549,2.55112,0,0,3.1688,0.263214,0.36288,3.6288,61.308,0.530287,0,0,2.16165,0.223441,1.40792,0.66528,12.849,1,0.60186,0.36288,0,73.258,4.65118,68.3678,0.84672,12.849,0.84672,3695.15,0,36.966,0.31974,3.1453,2.04196,11.3119,1.16386,15.0156,0.42336,36.966,0.42336,423.524,0,1.02816,0,0,4.17346,3.1453,1.028160,1,0,84.7913,0,0,0,84.7913,0
54.4071,2.55103,0,0,3.12935,0.263192,0.36288,3.6288,61.308,0.530282,0,0,2.24333,0.223441,1.48961,0.66528,12.849,1,0.601933,0.36288,0,57.7289,4.65118,52.8386,0.84672,12.849,0.84672,3695.15,0,36.966,0.319736,3.98162,2.04195,13.4533,1.16386,17.9933,0.42336,36.966,0.42336,423.524,0,1.02816,0,0,5.00978,3.98162,1.028160,1,0,72.3215,0,0,0,72.3215,0
54.7979,2.55059,0,0,3.5986,0.294337,0.36288,3.6288,61.308,0.530276,0,0,3.33242,0.234201,2.56794,0.66528,12.849,1,0.602358,0.36288,0,96.8884,3.8219,92.827,0.84672,12.849,0.84672,3695.15,0,36.966,0.319733,4.30261,2.04195,13.2433,0.987472,18.2807,0.42336,36.966,0.42336,423.524,0,1.02816,0,0,5.33077,4.30261,1.028160,1,0,113.676,0,0,0,113.676,0
57.9719,2.40939,0,0,6.20809,0.261848,0.36288,3.6288,61.308,0.433856,0,0,6.97855,0.21834,6.32636,0.66528,12.849,1,0.564952,0.36288,0,89.4612,4.04941,85.2097,0.84672,12.849,0.84672,3695.15,0,36.966,0.261596,5.55034,2.04194,19.6314,1.08181,25.8802,0.42336,36.966,0.42336,423.524,0,1.02816,0,0,6.5785,5.55034,1.028160,1,0,117.416,0,0,0,117.416,0
62.8235,2.43469,0,0,7.91355,0.264425,0.36288,3.6288,61.308,0.433852,0,0,9.98032,0.215696,9.33078,0.66528,12.849,1,0.53963,0.36288,0,107.673,4.08734,103.408,0.84672,12.849,0.84672,3695.15,0,36.966,0.261593,6.66951,1.88905,25.0354,1.09754,32.2349,0.42336,36.966,0.42336,423.524,0,1.02816,0,0,7.69767,6.66951,1.028160,1,0,144.974,0,0,0,144.974,0
66.341,2.46928,0,0,6.62586,0.276128,0.36288,3.6288,61.308,0.433847,0,0,5.81603,0.215696,5.16649,0.66528,12.849,1,0.505031,0.36288,0,134.832,4.08734,130.603,0.84672,12.849,0.84672,3695.15,0,36.966,0.26159,4.43794,1.88905,20.2822,1.09754,25.2501,0.42336,36.966,0.42336,423.524,0,1.02816,0,0,5.4661,4.43794,1.028160,1,0,161.019,0,0,0,161.019,0
69.6671,2.4917,0,0,6.49397,0.313335,0.36288,3.6288,61.308,0.433842,0,0,2.93216,0.213842,2.28447,0.66528,12.849,1,0.482595,0.36288,0,107.247,4.58683,102.541,0.84672,12.849,0.84672,3695.15,0,36.966,0.261587,2.61343,1.88904,13.6484,1.1577,16.7316,0.42336,36.966,0.42336,423.524,0,1.02816,0,0,3.64159,2.61343,1.028160,1,0,121.557,0,0,0,121.557,0
72.29,2.51114,0,0,9.6031,0.323869,4.14517,3.6288,61.308,0.433837,0,0,4.98144,0.217283,4.33032,0.66528,12.849,1,0.463141,4.14517,0,195.531,4.40954,194.803,0.84672,12.849,0.84672,3695.15,0,36.966,0.261584,5.40972,1.88903,19.8142,1.14559,25.7058,0.42336,36.966,0.42336,423.524,0,1.02816,0,0,6.43788,5.40972,1.028160,1,0,224.84,0,0,0,224.84,0
72.29,2.60451,0,0,5.94628,0.302517,3.03925,3.6288,61.308,0.468598,0,0,3.80922,0.213543,3.12708,0.66528,12.849,1,0.462932,3.03925,0,117.926,3.74005,116.762,0.84672,12.849,0.84672,3695.15,0,36.966,0.282544,4.7329,1.88902,14.8256,0.968143,20.1969,0.42336,36.966,0.42336,423.524,0,1.02816,0,0,5.76106,4.7329,1.028160,1,0,140.086,0,0,0,140.086,0
72.29,2.60449,0,0,5.21078,0.289316,2.31698,3.6288,61.308,0.468587,0,0,1.59678,0.19032,0.937878,0.66528,12.849,1,0.462928,2.31698,0,103.749,3.49514,102.108,0.84672,12.849,0.84672,3695.15,0,36.966,0.282537,3.41107,1.94953,10.8114,0.79163,15.0978,0.42336,36.966,0.42336,423.524,0,1.02816,0,0,4.43923,3.41107,1.028160,1,0,118.144,0,0,0,118.144,0
72.29,2.60446,0,0,4.44408,0.289316,1.5503,3.6288,61.308,0.468576,0,0,1.36216,0.19032,0.703261,0.66528,12.849,1,0.462923,1.5503,0,88.058,3.49514,85.6503,0.84672,12.849,0.84672,3695.15,0,36.966,0.28253,2.78771,1.94951,9.79379,0.79163,13.4568,0.42336,36.966,0.42336,423.524,0,1.02816,0,0,3.81587,2.78771,1.028160,1,0,99.8104,0,0,0,99.8104,0
72.29,2.60443,0,0,4.1467,0.289316,1.25295,3.6288,61.308,0.468565,0,0,1.33585,0.19032,0.676963,0.66528,12.849,1,0.462918,1.25295,0,81.6316,3.49514,78.9265,0.84672,12.849,0.84672,3695.15,0,36.966,0.282524,2.7212,1.94949,9.69555,0.79163,13.2921,0.42336,36.966,0.42336,423.524,0,1.02816,0,0,3.74936,2.7212,1.028160,1,0,92.8955,0,0,0,92.8955,0
71.5817,2.80187,0,0,2.75093,0.29443,0.36288,3.6288,61.308,0.574517,0,0,1.54121,0.236162,0.730533,0.66528,12.849,1,0.498012,0.36288,0,49.9079,4.25565,45.5171,0.84672,12.849,0.84672,3695.15,0,36.966,0.346408,2.19247,1.94947,5.26595,1.10686,7.95462,0.42336,36.966,0.42336,423.524,0,1.02816,0,0,3.22063,2.19247,1.028160,1,0,54.2023,0,0,0,54.2023,0
70.8355,2.79767,0,0,2.70715,0.292848,0.36288,3.6288,61.308,0.574505,0,0,1.39126,0.236162,0.580598,0.66528,12.849,1,0.502185,0.36288,0,48.0363,4.25565,43.6414,0.84672,12.849,0.84672,3695.15,0,36.966,0.346401,1.31481,2.12426,4.52291,1.10686,6.50872,0.42336,36.966,0.42336,423.524,0,1.02816,0,0,2.34297,1.31481,1.028160,1,0,50.7307,0,0,0,50.7307,0
71.7237,2.79316,0,0,4.33544,0.291181,0.36288,3.6288,61.308,0.574493,0,0,2.19694,0.236162,1.38629,0.66528,12.849,1,0.506658,0.36288,0,123.967,4.25565,119.567,0.84672,12.849,0.84672,3695.15,0,36.966,0.346394,2.22962,2.12424,13.4989,1.10686,16.3995,0.42336,36.966,0.42336,423.524,0,1.02816,0,0,3.25778,2.22962,1.028160,1,0,137.353,0,0,0,137.353,0
72.29,2.79846,0,0,4.06838,0.292692,0.410938,3.6288,61.308,0.574481,0,0,1.94558,0.181306,1.18979,0.66528,12.849,1,0.501332,0.410938,0,122.184,3.7948,118.299,0.84672,12.849,0.84672,3695.15,0,36.966,0.346387,2.26276,2.12422,7.2331,0.88447,10.3892,0.42336,36.966,0.42336,423.524,0,1.02816,0,0,3.29092,2.26276,1.028160,1,0,129.878,0,0,0,129.878,0
72.29,2.49601,0,0,4.21289,0.323103,1.39377,3.6288,61.308,0.423877,0,0,0.751965,0.224641,0.103447,0.66528,12.849,1,0.443648,1.39377,0,98.0568,4.11421,94.8927,0.84672,12.849,0.84672,3695.15,0,36.966,0.255579,0.835367,2.1242,6.16533,1.02516,7.84416,0.42336,36.966,0.42336,423.524,0,1.02816,0,0,1.86353,0.835367,1.028160,1,0,102.84,0,0,0,102.84,0
72.29,2.49033,0,0,9.16111,0.323103,6.34768,3.6288,61.308,0.428024,0,0,2.18824,0.224641,1.53558,0.66528,12.849,1,0.442637,6.34768,0,185.045,4.11421,186.835,0.84672,12.849,0.84672,3695.15,0,36.966,0.258079,3.9092,1.8702,16.4915,1.02516,20.9876,0.42336,36.966,0.42336,423.524,0,1.02816,0,0,4.93736,3.9092,1.028160,1,0,209.359,0,0,0,209.359,0
72.29,2.49029,0,0,7.33305,0.323103,4.51966,3.6288,61.308,0.428024,0,0,1.7499,0.224641,1.09724,0.66528,12.849,1,0.442631,4.51966,0,232.496,4.11421,232.459,0.84672,12.849,0.84672,3695.15,0,36.966,0.258079,3.38655,1.87408,12.8599,1.02516,16.8373,0.42336,36.966,0.42336,423.524,0,1.02816,0,0,4.41471,3.38655,1.028160,1,0,250.394,0,0,0,250.394,0
72.29,2.49025,0,0,7.30811,0.323103,4.49475,3.6288,61.308,0.428024,0,0,1.35677,0.224641,0.704101,0.66528,12.849,1,0.442624,4.49475,0,251.539,4.11421,251.477,0.84672,12.849,0.84672,3695.15,0,36.966,0.258079,2.46852,1.87407,11.1185,1.02516,14.1778,0.42336,36.966,0.42336,423.524,0,1.02816,0,0,3.49668,2.46852,1.028160,1,0,266.359,0,0,0,266.359,0
72.29,2.49021,0,0,4.47895,0.323625,1.66511,3.6288,61.308,0.428024,0,0,0.959576,0.224886,0.306666,0.66528,12.849,1,0.442617,1.66511,0,140.748,4.10798,137.863,0.84672,12.849,0.84672,3695.15,0,36.966,0.258079,1.47691,1.87406,9.79076,1.0505,11.8332,0.42336,36.966,0.42336,423.524,0,1.02816,0,0,2.50507,1.47691,1.028160,1,0,150.003,0,0,0,150.003,0
72.29,2.58137,0,0,4.79105,0.324017,1.88567,3.6288,61.308,0.470867,0,0,1.1718,0.225069,0.475864,0.66528,12.849,1,0.458819,1.88567,0,123.079,4.1033,120.403,0.84672,12.849,0.84672,3695.15,0,36.966,0.283912,2.15449,1.87405,11.1402,1.0695,13.8153,0.42336,36.966,0.42336,423.524,0,1.02816,0,0,3.18265,2.15449,1.028160,1,0,134.694,0,0,0,134.694,0
72.29,2.58706,0,0,5.98293,0.324017,3.07185,3.6288,61.308,0.466657,0,0,1.42024,0.225069,0.728517,0.66528,12.849,1,0.45983,3.07185,0,105.339,4.1033,103.848,0.84672,12.849,0.84672,3695.15,0,36.966,0.281373,3.02046,1.94723,14.6917,1.0695,18.3085,0.42336,36.966,0.42336,423.524,0,1.02816,0,0,4.04862,3.02046,1.028160,1,0,122.885,0,0,0,122.885,0
72.29,2.58704,0,0,6.18914,0.314296,3.28781,3.6288,61.308,0.466646,0,0,1.6898,0.173829,1.04933,0.66528,12.849,1,0.459826,3.28781,0,210.216,3.6971,209.347,0.84672,12.849,0.84672,3695.15,0,36.966,0.281367,2.62871,1.94327,17.5044,1.04776,20.7472,0.42336,36.966,0.42336,423.524,0,1.02816,0,0,3.65687,2.62871,1.028160,1,0,231.144,0,0,0,231.144,0
72.29,2.58701,0,0,4.79237,0.25122,1.95414,3.6288,61.308,0.466635,0,0,1.44634,0.199527,0.780174,0.66528,12.849,1,0.459821,1.95414,0,145.528,4.11245,142.91,0.84672,12.849,0.84672,3695.15,0,36.966,0.28136,2.1548,1.94325,14.0632,1.19711,16.6828,0.42336,36.966,0.42336,423.524,0,1.02816,0,0,3.18296,2.1548,1.028160,1,0,160.373,0,0,0,160.373,0
72.29,2.55133,0,0,3.98288,0.239755,1.1918,3.6288,61.308,0.449985,0,0,1.10736,0.221706,0.435672,0.66528,12.849,1,0.453479,1.1918,0,96.0863,4.12871,92.6959,0.84672,12.849,0.84672,3695.15,0,36.966,0.271321,1.33406,1.94323,9.50988,1.11221,11.4036,0.42336,36.966,0.42336,423.524,0,1.02816,0,0,2.36222,1.33406,1.028160,1,0,104.535,0,0,0,104.535,0
72.29,2.5513,0,0,3.25414,0.239755,0.463085,3.6288,61.308,0.449974,0,0,0.949648,0.221706,0.277968,0.66528,12.849,1,0.453475,0.463085,0,72.57,4.12871,68.4509,0.84672,12.849,0.84672,3695.15,0,36.966,0.271315,0.992891,1.91474,6.39265,1.11221,7.91675,0.42336,36.966,0.42336,423.524,0,1.02816,0,0,2.02105,0.992891,1.028160,1,0,76.6456,0,0,0,76.6456,0
72.008,2.55128,0,0,2.87194,0.239755,0.36288,3.6288,61.308,0.449964,0,0,0.888615,0.221706,0.216946,0.66528,12.849,1,0.453471,0.36288,0,63.2559,4.12871,59.0366,0.84672,12.849,0.84672,3695.15,0,36.966,0.271308,0.740163,1.91472,5.64892,1.11221,6.92028,0.42336,36.966,0.42336,423.524,0,1.02816,0,0,1.76832,0.740163,1.028160,1,0,66.1738,0,0,0,66.1738,0
71.444,2.54975,0,0,2.58784,0.239242,0.36288,3.6288,61.308,0.449953,0,0,0.787519,0.221706,0.11586,0.66528,12.849,1,0.454973,0.36288,0,55.2173,4.12871,50.9965,0.84672,12.849,0.84672,3695.15,0,36.966,0.271302,0.560935,1.9147,5.10125,1.11221,6.19337,0.42336,36.966,0.42336,423.524,0,1.02816,0,0,1.58909,0.560935,1.028160,1,0,57.3057,0,0,0,57.3057,0
70.8443,2.66748,0,0,2.57472,0.144066,0.36288,3.6288,61.308,0.508947,0,0,0.856691,0.214047,0.133696,0.66528,12.849,1,0.47974,0.36288,0,55.2688,4.54093,50.611,0.84672,12.849,0.84672,3695.15,0,36.966,0.306872,0.636129,1.91468,5.40943,1.14717,6.5062,0.42336,36.966,0.42336,423.524,0,1.02816,0,0,1.66429,0.636129,1.028160,1,0,57.2509,0,0,0,57.2509,0
70.2423,2.66402,0,0,2.55771,0.132772,0.36288,3.6288,61.308,0.508936,0,0,0.881582,0.219408,0.153239,0.66528,12.849,1,0.483172,0.36288,0,52.8138,4.74726,47.9463,0.84672,12.849,0.84672,3695.15,0,36.966,0.306865,0.727021,2.01445,5.2759,1.18791,6.52259,0.42336,36.966,0.42336,423.524,0,1.02816,0,0,1.75518,0.727021,1.028160,1,0,54.6221,0,0,0,54.6221,0
69.3666,2.66049,0,0,2.29429,0.146681,0.36288,3.6288,61.308,0.508924,0,0,0.840629,0.215458,0.116247,0.66528,12.849,1,0.486668,0.36288,0,49.8769,4.49342,45.2597,0.84672,12.849,0.84672,3695.15,0,36.966,0.306859,0.736828,2.01443,4.85922,1.1977,6.10592,0.42336,36.966,0.42336,423.524,0,1.02816,0,0,1.76499,0.736828,1.028160,1,0,51.4819,0,0,0,51.4819,0
68.4061,2.65528,0,0,2.19001,0.132334,0.36288,3.6288,61.308,0.508913,0,0,0.831695,0.222643,0.100139,0.66528,12.849,1,0.491847,0.36288,0,46.3208,4.25112,41.9407,0.84672,12.849,0.84672,3695.15,0,36.966,0.306852,0.767362,2.01441,4.65227,1.23932,5.88787,0.42336,36.966,0.42336,423.524,0,1.02816,0,0,1.79552,0.767362,1.028160,1,0,47.9287,0,0,0,47.9287,0
67.2883,2.64944,0,0,1.98195,0.0873602,0.36288,3.6288,61.308,0.508902,0,0,0.796496,0.237569,0.0500246,0.66528,12.849,1,0.497656,0.36288,0,44.8106,4.60416,40.0716,0.84672,12.849,0.84672,3695.15,0,36.966,0.306845,0.691174,2.01439,4.51482,1.18818,5.72536,0.42336,36.966,0.42336,423.524,0,1.02816,0,0,1.71933,0.691174,1.028160,1,0,45.847,0,0,0,45.847,0
66.1348,2.61881,0,0,1.91414,0.0859592,0.36288,3.6288,61.2697,0.541319,0,0,0.739351,0.236311,0,0.66528,12.849,1,0.500073,0.36288,0,43.4356,4.77277,38.5256,0.84672,12.849,0.84672,3695.15,0,36.966,0.326391,0.70613,2.01437,4.62567,1.12126,5.89852,0.42336,36.966,0.42336,423.524,0,1.02816,0,0,1.73429,0.70613,1.028160,1,0,44.4242,0,0,0,44.4242,0
64.9103,2.61148,0,0,1.82594,0.0760568,0.36288,3.6288,61.1985,0.54118,0,0,0.721786,0.251795,0,0.66528,12.849,1,0.507372,0.36288,0,40.8449,4.98995,35.7105,0.84672,12.849,0.84672,3695.15,0,36.966,0.326511,0.716947,2.04923,4.6331,1.19476,5.87801,0.42336,36.966,0.42336,423.524,0,1.02816,0,0,1.74511,0.716947,1.028160,1,0,41.5885,0,0,0,41.5885,0
63.4889,2.60347,0,0,1.59792,0.0530283,0.36288,3.6288,61.053,0.540931,0,0,0.681947,0.2865,0,0.66528,12.849,1,0.515356,0.36288,0,38.3806,5.73627,32.4919,0.84672,12.849,0.84672,3695.15,0,36.966,0.326741,0.547171,2.04921,4.50859,1.45395,5.32427,0.42336,36.966,0.42336,423.524,0,1.02816,0,0,1.57533,0.547171,1.028160,1,0,37.8161,0,0,0,37.8161,0
61.9829,2.59384,0,0,1.50415,0.053393,0.36288,3.6288,60.8886,0.540435,0,0,0.658653,0.282662,0,0.66528,12.849,1,0.524947,0.36288,0,34.7359,5.98528,28.5886,0.84672,12.849,0.84672,3695.15,0,36.966,0.327219,0.607591,2.04919,4.29441,1.53842,5.08555,0.42336,36.966,0.42336,423.524,0,1.02816,0,0,1.63575,0.607591,1.028160,1,0,33.6741,0,0,0,33.6741,0
60.3039,2.59123,0,0,1.33129,0.0562142,0.36288,3.6288,60.6447,0.544786,0,0,0.593862,0.293013,0,0.66528,12.849,1,0.53716,0.36288,0,29.2098,5.85217,23.1833,0.84672,12.849,0.84672,3695.15,0,36.966,0.330744,0.411584,2.04917,3.10814,1.44168,3.79647,0.42336,36.966,0.42336,423.524,0,1.02816,0,0,1.43974,0.411584,1.028160,1,0,26.9798,0,0,0,26.9798,0
58.5813,2.57888,0,0,1.27464,0.0554369,0.36288,3.6288,60.3887,0.543948,0,0,0.58052,0.29256,0,0.66528,12.849,1,0.549484,0.36288,0,27.3337,5.85217,21.2949,0.84672,12.849,0.84672,3695.15,0,36.966,0.331564,0.44064,2.05705,3.19448,1.44168,3.91893,0.42336,36.966,0.42336,423.524,0,1.02816,0,0,1.4688,0.44064,1.028160,1,0,25.2138,0,0,0,25.2138,0
56.7098,2.5656,0,0,1.11147,0.0545263,0.36288,3.6288,60.101,0.543064,0,0,0.547438,0.292085,0,0.66528,12.849,1,0.562729,0.36288,0,25.8964,5.85217,19.8444,0.84672,12.849,0.84672,3695.15,0,36.966,0.332428,0.304232,2.05703,3.05237,1.44168,3.63952,0.42336,36.966,0.42336,423.524,0,1.02816,0,0,1.33239,0.304232,1.028160,1,0,23.4839,0,0,0,23.4839,0
54.7723,2.55044,0,0,1.02502,0.0492341,0.36288,3.6288,59.8028,0.542067,0,0,0.538032,0.29412,0,0.66528,12.849,1,0.577864,0.36288,0,24.431,5.92695,18.289,0.84672,12.849,0.84672,3695.15,0,36.966,0.333407,0.245359,2.05701,3.02459,1.45662,3.53694,0.42336,36.966,0.42336,423.524,0,1.02816,0,0,1.27352,0.245359,1.028160,1,0,21.826,0,0,0,21.826,0
52.5904,2.70308,0,0,0.927729,0.0436371,0.36288,3.6288,59.2776,0.711953,0,0,0.467546,0.280773,0,0.66528,12.849,1,0.634114,0.36288,0,19.7154,6.06487,13.3793,0.84672,12.849,0.84672,3695.15,0,36.966,0.42336,0.227405,2.05699,2.4619,1.49626,2.82667,0.42336,36.966,0.42336,423.524,0,0.932196,0,0,1.1596,0.227405,1.028160,1,0,16.206,0,0,0,16.206,0
50.5778,2.68191,0,0,1.08301,0.0507644,0.36288,3.6288,58.9063,0.640135,0,0,0.537405,0.268597,0,0.66528,12.849,1,0.65525,0.36288,0,22.6329,5.94058,16.4,0.84672,12.849,0.84672,3695.15,0,36.966,0.399193,0.330325,2.22275,2.54009,1.47626,3.21771,0.42336,36.966,0.42336,423.524,0,1.02816,0,0,1.35848,0.330325,1.028160,1,0,19.6177,0,0,0,19.6177,0
48.3598,2.66109,0,0,0.855602,0.0497128,0.36288,3.6288,58.1323,0.898286,0,0,0.39228,0.267958,0,0.66528,12.849,1,0.676035,0.36288,0,23.3566,5.94058,17.1029,0.84672,12.849,0.84672,3695.15,0,36.966,0.42336,0.227405,2.22273,2.01268,1.47626,2.56319,0.42336,36.966,0.42336,423.524,0,0.745822,0,0,0.973227,0.227405,1.028160,1,0,19.666,0,0,0,19.666,0
46.3714,2.63657,0,0,1.05968,0.048548,0.36288,3.6288,57.883,0.635303,0,0,0.652628,0.266627,0,0.66528,12.849,1,0.700526,0.36288,0,20.6993,5.94058,14.421,0.84672,12.849,0.84672,3695.15,0,36.966,0.403985,0.707702,2.2227,3.02447,1.47626,4.07462,0.42336,36.966,0.42336,423.524,0,1.02816,0,0,1.73586,0.707702,1.028160,1,0,18.4957,0,0,0,18.4957,0
44.3077,2.61302,0,0,0.949268,0.0371526,0.36288,3.6288,57.5702,0.634228,0,0,0.566657,0.245279,0,0.66528,12.849,1,0.724039,0.36288,0,17.7792,5.30557,12.1125,0.84672,12.849,0.84672,3695.15,0,36.966,0.405039,0.599149,2.22268,3.15995,1.21097,4.36577,0.42336,36.966,0.42336,423.524,0,1.02816,0,0,1.62731,0.599149,1.028160,1,0,16.4783,0,0,0,16.4783,0
42.4013,2.50793,0,0,0.982696,0.0182642,0.36288,3.6288,57.3643,0.5723,0,0,0.614798,0.248361,0,0.66528,12.849,1,0.727287,0.36288,0,16.1653,5.3215,10.4794,0.84672,12.849,0.84672,3695.15,0,36.966,0.367475,0.831531,2.22266,3.26482,1.19304,4.7585,0.42336,36.966,0.42336,423.524,0,1.02816,0,0,1.85969,0.831531,1.028160,1,0,15.2379,0,0,0,15.2379,0
40.5482,2.48281,0,0,1.02527,0.0326521,0.36288,3.6288,57.1515,0.571486,0,0,0.591856,0.233247,0,0.66528,12.849,1,0.752374,0.36288,0,15.5379,5.11388,10.0345,0.84672,12.849,0.84672,3695.15,0,36.966,0.36827,0.774585,2.12671,3.28548,1.12814,4.69036,0.42336,36.966,0.42336,423.524,0,1.02816,0,0,1.80274,0.774585,1.028160,1,0,14.7249,0,0,0,14.7249,0
40.5842,2.45667,0,0,2.97428,0.118741,0.36288,3.6288,57.8311,0.570641,0,0,1.39467,0.144348,0,0.66528,12.849,1,0.778476,0.36288,0,46.8313,3.8681,42.5476,0.84672,12.849,0.84672,3695.15,0,36.966,0.369095,1.75001,2.12668,8.62917,0.738757,11.398,0.42336,36.966,0.42336,423.524,0,1.02816,0,0,2.77817,1.75001,1.028160,1,0,53.9456,0,0,0,53.9456,0
39.8297,2.45717,0,0,2.1844,0.118792,0.36288,3.6288,58.1034,0.573276,0,0,0.990516,0.144985,0,0.66528,12.849,1,0.777944,0.36288,0,40.6502,3.8681,36.367,0.84672,12.849,0.84672,3695.15,0,36.966,0.366441,1.74789,2.12666,4.8648,0.738757,7.63416,0.42336,36.966,0.42336,423.524,0,1.02816,0,0,2.77605,1.74789,1.028160,1,0,44.0012,0,0,0,44.0012,0
38.5673,2.38282,0,0,1.61959,0.136313,0.36288,3.6288,57.8275,0.530526,0,0,0.490855,0.236223,0,0.66528,12.849,1,0.768694,0.36288,0,26.7396,4.16919,22.1646,0.84672,12.849,0.84672,3695.15,0,36.966,0.337526,0.216518,2.12664,3.58106,0.957562,4.62913,0.42336,36.966,0.42336,423.524,0,1.00926,0,0,1.22578,0.216518,1.028160,1,0,26.7937,0,0,0,26.7937,0
36.9948,2.36393,0,0,1.30248,0.148184,0.36288,3.6288,57.3533,0.612293,0,0,0.371935,0.233804,0,0.66528,12.849,1,0.78756,0.36288,0,20.8347,4.18866,16.2213,0.84672,12.849,0.84672,3695.15,0,36.966,0.391406,0.216518,2.04101,3.0775,0.982364,3.96126,0.42336,36.966,0.42336,423.524,0,0.873599,0,0,1.09012,0.216518,1.028160,1,0,20.1826,0,0,0,20.1826,0
36.5811,2.33906,0,0,2.43366,0.145475,0.36288,3.6288,57.6187,0.51633,0,0,1.01477,0.233088,0,0.66528,12.849,1,0.812399,0.36288,0,41.5089,4.18866,36.8707,0.84672,12.849,0.84672,3695.15,0,36.966,0.33279,2.31104,2.04099,6.78936,0.982364,9.82623,0.42336,36.966,0.42336,423.524,0,1.02816,0,0,3.3392,2.31104,1.028160,1,0,46.6969,0,0,0,46.6969,0
